01/01/2000,MYF,CA,AWP,WE,Towers with Display (VFR),0,3,26,0,29,0,0,83,3,86,0,3,109,3,115,88,0,88,203
01/02/2000,MYF,CA,AWP,WE,Towers with Display (VFR),0,8,42,0,50,0,0,309,0,309,0,8,351,0,359,201,0,201,560
01/03/2000,MYF,CA,AWP,WE,Towers with Display (VFR),0,12,60,0,72,0,20,379,0,399,0,32,439,0,471,206,0,206,677
01/04/2000,MYF,CA,AWP,WE,Towers with Display (VFR),0,13,65,0,78,0,23,382,0,405,0,36,447,0,483,331,0,331,814
01/05/2000,MYF,CA,AWP,WE,Towers with Display (VFR),0,14,71,0,85,0,16,305,0,321,0,30,376,0,406,407,2,409,815
01/06/2000,MYF,CA,AWP,WE,Towers with Display (VFR),0,14,70,0,84,0,18,296,0,314,0,32,366,0,398,334,0,334,732
01/07/2000,MYF,CA,AWP,WE,Towers with Display (VFR),0,13,62,0,75,0,19,270,0,289,0,32,332,0,364,210,0,210,574
01/08/2000,MYF,CA,AWP,WE,Towers with Display (VFR),0,3,46,0,49,0,0,504,0,504,0,3,550,0,553,215,0,215,768
01/09/2000,MYF,CA,AWP,WE,Towers with Display (VFR),0,11,57,0,68,0,2,411,0,413,0,13,468,0,481,223,0,223,704
01/10/2000,MYF,CA,AWP,WE,Towers with Display (VFR),0,10,50,0,60,0,15,316,0,331,0,25,366,0,391,290,0,290,681
01/11/2000,MYF,CA,AWP,WE,Towers with Display (VFR),0,14,69,0,83,0,22,343,0,365,0,36,412,0,448,275,0,275,723
01/12/2000,MYF,CA,AWP,WE,Towers with Display (VFR),0,13,66,0,79,0,19,256,4,279,0,32,322,4,358,275,0,275,633
01/13/2000,MYF,CA,AWP,WE,Towers with Display (VFR),0,16,80,0,96,0,29,328,0,357,0,45,408,0,453,365,0,365,818
01/14/2000,MYF,CA,AWP,WE,Towers with Display (VFR),0,13,73,1,87,0,26,345,1,372,0,39,418,2,459,230,0,230,689
01/15/2000,MYF,CA,AWP,WE,Towers with Display (VFR),0,5,63,0,68,0,0,449,0,449,0,5,512,0,517,249,0,249,766
01/16/2000,MYF,CA,AWP,WE,Towers with Display (VFR),0,8,69,0,77,0,0,200,0,200,0,8,269,0,277,353,0,353,630
01/17/2000,MYF,CA,AWP,WE,Towers with Display (VFR),0,9,49,0,58,0,3,334,1,338,0,12,383,1,396,398,0,398,794
01/18/2000,MYF,CA,AWP,WE,Towers with Display (VFR),0,15,81,0,96,0,12,315,0,327,0,27,396,0,423,285,0,285,708
01/19/2000,MYF,CA,AWP,WE,Towers with Display (VFR),0,15,81,0,96,0,17,434,0,451,0,32,515,0,547,383,0,383,930
01/20/2000,MYF,CA,AWP,WE,Towers with Display (VFR),0,16,87,0,103,0,17,326,4,347,0,33,413,4,450,448,0,448,898
01/21/2000,MYF,CA,AWP,WE,Towers with Display (VFR),0,22,121,0,143,0,14,232,0,246,0,36,353,0,389,288,0,288,677
01/22/2000,MYF,CA,AWP,WE,Towers with Display (VFR),0,1,68,0,69,0,0,452,0,452,0,1,520,0,521,395,0,395,916
01/23/2000,MYF,CA,AWP,WE,Towers with Display (VFR),0,2,56,0,58,0,0,385,0,385,0,2,441,0,443,204,0,204,647
01/24/2000,MYF,CA,AWP,WE,Towers with Display (VFR),0,10,58,0,68,0,16,321,0,337,0,26,379,0,405,232,0,232,637
01/25/2000,MYF,CA,AWP,WE,Towers with Display (VFR),0,19,104,0,123,0,13,153,0,166,0,32,257,0,289,316,0,316,605
01/26/2000,MYF,CA,AWP,WE,Towers with Display (VFR),0,21,111,0,132,0,31,376,0,407,0,52,487,0,539,381,0,381,920
01/27/2000,MYF,CA,AWP,WE,Towers with Display (VFR),0,14,74,0,88,0,15,414,3,432,0,29,488,3,520,441,0,441,961
01/28/2000,MYF,CA,AWP,WE,Towers with Display (VFR),0,18,100,0,118,0,15,407,0,422,0,33,507,0,540,359,0,359,899
01/29/2000,MYF,CA,AWP,WE,Towers with Display (VFR),0,5,116,0,121,0,0,480,0,480,0,5,596,0,601,314,0,314,915
01/30/2000,MYF,CA,AWP,WE,Towers with Display (VFR),0,2,69,0,71,0,0,341,0,341,0,2,410,0,412,413,0,413,825
01/31/2000,MYF,CA,AWP,WE,Towers with Display (VFR),0,19,100,0,119,0,6,172,8,186,0,25,272,8,305,332,0,332,637
02/01/2000,MYF,CA,AWP,WE,Towers with Display (VFR),0,14,71,0,85,0,25,424,0,449,0,39,495,0,534,495,0,495,1029
02/02/2000,MYF,CA,AWP,WE,Towers with Display (VFR),0,12,66,0,78,0,27,460,0,487,0,39,526,0,565,403,0,403,968
02/03/2000,MYF,CA,AWP,WE,Towers with Display (VFR),0,15,78,0,93,0,14,436,0,450,0,29,514,0,543,275,0,275,818
02/04/2000,MYF,CA,AWP,WE,Towers with Display (VFR),0,17,90,0,107,0,5,343,0,348,0,22,433,0,455,309,0,309,764
02/05/2000,MYF,CA,AWP,WE,Towers with Display (VFR),0,13,93,0,106,0,0,266,0,266,0,13,359,0,372,294,0,294,666
02/06/2000,MYF,CA,AWP,WE,Towers with Display (VFR),0,1,85,0,86,0,0,369,0,369,0,1,454,0,455,224,0,224,679
02/07/2000,MYF,CA,AWP,WE,Towers with Display (VFR),0,11,57,0,68,0,17,320,0,337,0,28,377,0,405,315,0,315,720
02/08/2000,MYF,CA,AWP,WE,Towers with Display (VFR),0,15,79,0,94,0,16,262,0,278,0,31,341,0,372,398,0,398,770
02/09/2000,MYF,CA,AWP,WE,Towers with Display (VFR),0,21,115,0,136,0,10,308,0,318,0,31,423,0,454,395,0,395,849
02/10/2000,MYF,CA,AWP,WE,Towers with Display (VFR),0,21,115,0,136,0,24,167,0,191,0,45,282,0,327,389,0,389,716
02/11/2000,MYF,CA,AWP,WE,Towers with Display (VFR),0,20,109,0,129,0,12,318,0,330,0,32,427,0,459,283,0,283,742
02/12/2000,MYF,CA,AWP,WE,Towers with Display (VFR),0,5,71,0,76,0,0,210,0,210,0,5,281,0,286,456,0,456,742
02/13/2000,MYF,CA,AWP,WE,Towers with Display (VFR),0,0,82,0,82,0,0,194,0,194,0,0,276,0,276,462,0,462,738
02/14/2000,MYF,CA,AWP,WE,Towers with Display (VFR),0,15,84,0,99,0,13,40,0,53,0,28,124,0,152,26,0,26,178
02/15/2000,MYF,CA,AWP,WE,Towers with Display (VFR),0,16,88,0,104,0,8,267,0,275,0,24,355,0,379,346,0,346,725
02/16/2000,MYF,CA,AWP,WE,Towers with Display (VFR),0,18,99,0,117,0,14,83,0,97,0,32,182,0,214,261,0,261,475
02/17/2000,MYF,CA,AWP,WE,Towers with Display (VFR),0,15,86,0,101,0,16,305,2,323,0,31,391,2,424,390,0,390,814
02/18/2000,MYF,CA,AWP,WE,Towers with Display (VFR),0,13,76,0,89,0,28,436,0,464,0,41,512,0,553,335,0,335,888
02/19/2000,MYF,CA,AWP,WE,Towers with Display (VFR),0,2,54,0,56,0,0,532,0,532,0,2,586,0,588,302,0,302,890
02/20/2000,MYF,CA,AWP,WE,Towers with Display (VFR),0,4,47,0,51,0,0,38,0,38,0,4,85,0,89,67,0,67,156
02/21/2000,MYF,CA,AWP,WE,Towers with Display (VFR),0,7,40,0,47,0,1,42,0,43,0,8,82,0,90,106,0,106,196
02/22/2000,MYF,CA,AWP,WE,Towers with Display (VFR),0,17,100,0,117,0,16,260,1,277,0,33,360,1,394,467,0,467,861
02/23/2000,MYF,CA,AWP,WE,Towers with Display (VFR),0,8,50,0,58,0,29,71,0,100,0,37,121,0,158,121,0,121,279
02/24/2000,MYF,CA,AWP,WE,Towers with Display (VFR),0,21,118,0,139,0,18,295,1,314,0,39,413,1,453,471,0,471,924
02/25/2000,MYF,CA,AWP,WE,Towers with Display (VFR),0,6,39,0,45,0,18,373,0,391,0,24,412,0,436,410,0,410,846
02/26/2000,MYF,CA,AWP,WE,Towers with Display (VFR),0,6,72,0,78,0,0,637,1,638,0,6,709,1,716,352,0,352,1068
02/27/2000,MYF,CA,AWP,WE,Towers with Display (VFR),0,0,80,0,80,0,0,152,0,152,0,0,232,0,232,343,0,343,575
02/28/2000,MYF,CA,AWP,WE,Towers with Display (VFR),0,13,75,0,88,0,14,249,0,263,0,27,324,0,351,309,0,309,660
02/29/2000,MYF,CA,AWP,WE,Towers with Display (VFR),0,16,93,0,109,0,15,368,0,383,0,31,461,0,492,394,0,394,886
03/01/2000,MYF,CA,AWP,WE,Towers with Display (VFR),0,16,82,0,98,0,22,432,0,454,0,38,514,0,552,460,0,460,1012
03/02/2000,MYF,CA,AWP,WE,Towers with Display (VFR),0,15,77,0,92,0,15,357,0,372,0,30,434,0,464,429,0,429,893
03/03/2000,MYF,CA,AWP,WE,Towers with Display (VFR),0,20,102,0,122,0,3,202,0,205,0,23,304,0,327,326,0,326,653
03/04/2000,MYF,CA,AWP,WE,Towers with Display (VFR),0,3,84,0,87,0,0,386,0,386,0,3,470,0,473,354,0,354,827
03/05/2000,MYF,CA,AWP,WE,Towers with Display (VFR),0,0,16,0,16,0,0,42,0,42,0,0,58,0,58,19,0,19,77
03/06/2000,MYF,CA,AWP,WE,Towers with Display (VFR),0,19,95,0,114,0,6,295,0,301,0,25,390,0,415,387,0,387,802
03/07/2000,MYF,CA,AWP,WE,Towers with Display (VFR),0,18,91,0,109,0,13,141,0,154,0,31,232,0,263,315,0,315,578
03/08/2000,MYF,CA,AWP,WE,Towers with Display (VFR),0,16,82,0,98,0,20,122,0,142,0,36,204,0,240,220,0,220,460
03/09/2000,MYF,CA,AWP,WE,Towers with Display (VFR),0,17,87,0,104,0,40,388,2,430,0,57,475,2,534,304,0,304,838
03/10/2000,MYF,CA,AWP,WE,Towers with Display (VFR),0,15,77,0,92,0,19,516,0,535,0,34,593,0,627,298,0,298,925
03/11/2000,MYF,CA,AWP,WE,Towers with Display (VFR),0,11,55,0,66,0,0,636,0,636,0,11,691,0,702,299,0,299,1001
03/12/2000,MYF,CA,AWP,WE,Towers with Display (VFR),0,12,63,0,75,0,2,463,0,465,0,14,526,0,540,375,0,375,915
03/13/2000,MYF,CA,AWP,WE,Towers with Display (VFR),0,20,100,0,120,0,7,426,0,433,0,27,526,0,553,411,0,411,964
03/14/2000,MYF,CA,AWP,WE,Towers with Display (VFR),0,18,90,0,108,0,11,400,0,411,0,29,490,0,519,336,0,336,855
03/15/2000,MYF,CA,AWP,WE,Towers with Display (VFR),0,21,110,0,131,0,11,264,2,277,0,32,374,2,408,254,0,254,662
03/16/2000,MYF,CA,AWP,WE,Towers with Display (VFR),0,29,153,0,182,0,6,232,0,238,0,35,385,0,420,424,0,424,844
03/17/2000,MYF,CA,AWP,WE,Towers with Display (VFR),0,17,95,0,112,0,8,403,0,411,0,25,498,0,523,302,0,302,825
03/18/2000,MYF,CA,AWP,WE,Towers with Display (VFR),0,11,76,0,87,0,0,438,0,438,0,11,514,0,525,317,0,317,842
03/19/2000,MYF,CA,AWP,WE,Towers with Display (VFR),0,1,69,0,70,0,0,531,0,531,0,1,600,0,601,224,0,224,825
03/20/2000,MYF,CA,AWP,WE,Towers with Display (VFR),0,17,90,0,107,0,9,107,1,117,0,26,197,1,224,171,0,171,395
03/21/2000,MYF,CA,AWP,WE,Towers with Display (VFR),0,12,64,0,76,0,12,347,0,359,0,24,411,0,435,444,0,444,879
03/22/2000,MYF,CA,AWP,WE,Towers with Display (VFR),0,16,89,0,105,0,19,417,0,436,0,35,506,0,541,388,0,388,929
03/23/2000,MYF,CA,AWP,WE,Towers with Display (VFR),0,18,97,0,115,0,21,447,6,474,0,39,544,6,589,364,0,364,953
03/24/2000,MYF,CA,AWP,WE,Towers with Display (VFR),0,16,88,0,104,0,8,401,0,409,0,24,489,0,513,458,0,458,971
03/25/2000,MYF,CA,AWP,WE,Towers with Display (VFR),0,0,91,0,91,0,0,437,0,437,0,0,528,0,528,498,0,498,1026
03/26/2000,MYF,CA,AWP,WE,Towers with Display (VFR),0,4,48,0,52,0,0,371,0,371,0,4,419,0,423,350,0,350,773
03/27/2000,MYF,CA,AWP,WE,Towers with Display (VFR),0,16,87,0,103,0,5,149,0,154,0,21,236,0,257,371,0,371,628
03/28/2000,MYF,CA,AWP,WE,Towers with Display (VFR),0,20,107,0,127,0,10,275,0,285,0,30,382,0,412,285,0,285,697
03/29/2000,MYF,CA,AWP,WE,Towers with Display (VFR),0,21,113,0,134,0,5,234,0,239,0,26,347,0,373,378,0,378,751
03/30/2000,MYF,CA,AWP,WE,Towers with Display (VFR),0,22,120,0,142,0,8,218,2,228,0,30,338,2,370,463,0,463,833
03/31/2000,MYF,CA,AWP,WE,Towers with Display (VFR),0,12,67,0,79,0,17,391,0,408,0,29,458,0,487,475,0,475,962
04/01/2000,MYF,CA,AWP,WE,Towers with Display (VFR),0,2,40,0,42,0,0,370,0,370,0,2,410,0,412,386,0,386,798
04/02/2000,MYF,CA,AWP,WE,Towers with Display (VFR),0,3,64,0,67,0,0,466,0,466,0,3,530,0,533,347,0,347,880
04/03/2000,MYF,CA,AWP,WE,Towers with Display (VFR),0,13,72,0,85,0,14,379,0,393,0,27,451,0,478,258,0,258,736
04/04/2000,MYF,CA,AWP,WE,Towers with Display (VFR),0,19,101,0,120,0,1,299,0,300,0,20,400,0,420,247,0,247,667
04/05/2000,MYF,CA,AWP,WE,Towers with Display (VFR),0,22,123,0,145,0,6,225,0,231,0,28,348,0,376,336,0,336,712
04/06/2000,MYF,CA,AWP,WE,Towers with Display (VFR),0,22,121,0,143,0,13,291,0,304,0,35,412,0,447,487,0,487,934
04/07/2000,MYF,CA,AWP,WE,Towers with Display (VFR),0,27,146,0,173,0,7,326,0,333,0,34,472,0,506,399,0,399,905
04/08/2000,MYF,CA,AWP,WE,Towers with Display (VFR),0,5,73,0,78,0,0,307,0,307,0,5,380,0,385,270,0,270,655
04/09/2000,MYF,CA,AWP,WE,Towers with Display (VFR),0,3,79,0,82,0,0,350,0,350,0,3,429,0,432,207,0,207,639
04/10/2000,MYF,CA,AWP,WE,Towers with Display (VFR),0,11,60,0,71,0,15,304,0,319,0,26,364,0,390,283,0,283,673
04/11/2000,MYF,CA,AWP,WE,Towers with Display (VFR),0,16,84,0,100,0,18,320,0,338,0,34,404,0,438,313,0,313,751
04/12/2000,MYF,CA,AWP,WE,Towers with Display (VFR),0,13,70,0,83,0,19,343,0,362,0,32,413,0,445,264,0,264,709
04/13/2000,MYF,CA,AWP,WE,Towers with Display (VFR),0,20,107,0,127,0,4,340,5,349,0,24,447,5,476,314,0,314,790
04/14/2000,MYF,CA,AWP,WE,Towers with Display (VFR),0,18,103,0,121,0,11,190,2,203,0,29,293,2,324,311,0,311,635
04/15/2000,MYF,CA,AWP,WE,Towers with Display (VFR),0,6,86,0,92,0,0,246,0,246,0,6,332,0,338,280,0,280,618
04/16/2000,MYF,CA,AWP,WE,Towers with Display (VFR),0,8,46,0,54,0,6,382,0,388,0,14,428,0,442,282,0,282,724
04/17/2000,MYF,CA,AWP,WE,Towers with Display (VFR),0,9,51,0,60,0,20,88,0,108,0,29,139,0,168,94,0,94,262
04/18/2000,MYF,CA,AWP,WE,Towers with Display (VFR),0,12,74,0,86,0,11,132,9,152,0,23,206,9,238,406,0,406,644
04/19/2000,MYF,CA,AWP,WE,Towers with Display (VFR),0,17,99,0,116,0,8,443,0,451,0,25,542,0,567,372,0,372,939
04/20/2000,MYF,CA,AWP,WE,Towers with Display (VFR),0,19,108,0,127,0,11,414,0,425,0,30,522,0,552,302,0,302,854
04/21/2000,MYF,CA,AWP,WE,Towers with Display (VFR),0,23,132,0,155,0,5,126,0,131,0,28,258,0,286,108,0,108,394
04/22/2000,MYF,CA,AWP,WE,Towers with Display (VFR),0,6,128,0,134,0,0,240,0,240,0,6,368,0,374,385,0,385,759
04/23/2000,MYF,CA,AWP,WE,Towers with Display (VFR),0,2,85,0,87,0,0,217,0,217,0,2,302,0,304,290,0,290,594
04/24/2000,MYF,CA,AWP,WE,Towers with Display (VFR),0,16,97,0,113,0,5,415,0,420,0,21,512,0,533,361,0,361,894
04/25/2000,MYF,CA,AWP,WE,Towers with Display (VFR),0,15,91,0,106,0,14,325,0,339,0,29,416,0,445,310,0,310,755
04/26/2000,MYF,CA,AWP,WE,Towers with Display (VFR),0,13,75,0,88,0,20,461,0,481,0,33,536,0,569,374,0,374,943
04/27/2000,MYF,CA,AWP,WE,Towers with Display (VFR),0,22,131,0,153,0,9,296,1,306,0,31,427,1,459,217,0,217,676
04/28/2000,MYF,CA,AWP,WE,Towers with Display (VFR),0,20,116,0,136,0,4,243,0,247,0,24,359,0,383,329,0,329,712
04/29/2000,MYF,CA,AWP,WE,Towers with Display (VFR),0,7,69,0,76,0,0,407,2,409,0,7,476,2,485,302,0,302,787
04/30/2000,MYF,CA,AWP,WE,Towers with Display (VFR),0,3,66,0,69,0,0,475,0,475,0,3,541,0,544,221,0,221,765
05/01/2000,MYF,CA,AWP,WE,Towers with Display (VFR),0,22,499,0,521,0,0,0,0,0,0,22,499,0,521,355,0,355,876
05/02/2000,MYF,CA,AWP,WE,Towers with Display (VFR),0,25,582,0,607,0,7,0,0,7,0,32,582,0,614,275,0,275,889
05/03/2000,MYF,CA,AWP,WE,Towers with Display (VFR),0,22,440,0,462,0,2,0,0,2,0,24,440,0,464,309,0,309,773
05/04/2000,MYF,CA,AWP,WE,Towers with Display (VFR),0,19,303,0,322,0,9,0,0,9,0,28,303,0,331,356,0,356,687
05/05/2000,MYF,CA,AWP,WE,Towers with Display (VFR),0,18,342,0,360,0,11,0,0,11,0,29,342,0,371,278,0,278,649
05/06/2000,MYF,CA,AWP,WE,Towers with Display (VFR),0,11,439,0,450,0,0,0,0,0,0,11,439,0,450,232,0,232,682
05/07/2000,MYF,CA,AWP,WE,Towers with Display (VFR),0,1,527,0,528,0,0,0,0,0,0,1,527,0,528,334,0,334,862
05/08/2000,MYF,CA,AWP,WE,Towers with Display (VFR),0,18,327,0,345,0,4,0,0,4,0,22,327,0,349,283,0,283,632
05/09/2000,MYF,CA,AWP,WE,Towers with Display (VFR),0,24,446,0,470,0,0,0,0,0,0,24,446,0,470,430,0,430,900
05/10/2000,MYF,CA,AWP,WE,Towers with Display (VFR),0,21,370,0,391,0,3,0,0,3,0,24,370,0,394,354,0,354,748
05/11/2000,MYF,CA,AWP,WE,Towers with Display (VFR),0,23,406,0,429,0,4,0,1,5,0,27,406,1,434,362,0,362,796
05/12/2000,MYF,CA,AWP,WE,Towers with Display (VFR),0,27,560,0,587,0,16,0,0,16,0,43,560,0,603,369,0,369,972
05/13/2000,MYF,CA,AWP,WE,Towers with Display (VFR),0,8,503,0,511,0,0,0,0,0,0,8,503,0,511,334,0,334,845
05/14/2000,MYF,CA,AWP,WE,Towers with Display (VFR),0,2,444,0,446,0,0,0,0,0,0,2,444,0,446,363,0,363,809
05/15/2000,MYF,CA,AWP,WE,Towers with Display (VFR),0,14,445,0,459,0,0,0,0,0,0,14,445,0,459,393,0,393,852
05/16/2000,MYF,CA,AWP,WE,Towers with Display (VFR),0,19,310,0,329,0,6,0,0,6,0,25,310,0,335,344,0,344,679
05/17/2000,MYF,CA,AWP,WE,Towers with Display (VFR),0,26,479,0,505,0,2,0,0,2,0,28,479,0,507,423,0,423,930
05/18/2000,MYF,CA,AWP,WE,Towers with Display (VFR),0,25,563,0,588,0,4,0,0,4,0,29,563,0,592,336,0,336,928
05/19/2000,MYF,CA,AWP,WE,Towers with Display (VFR),0,24,478,0,502,0,3,0,0,3,0,27,478,0,505,374,0,374,879
05/20/2000,MYF,CA,AWP,WE,Towers with Display (VFR),0,2,455,0,457,0,0,0,0,0,0,2,455,0,457,266,0,266,723
05/21/2000,MYF,CA,AWP,WE,Towers with Display (VFR),0,0,398,0,398,0,0,0,0,0,0,0,398,0,398,302,0,302,700
05/22/2000,MYF,CA,AWP,WE,Towers with Display (VFR),0,10,265,1,276,0,17,0,1,18,0,27,265,2,294,85,0,85,379
05/23/2000,MYF,CA,AWP,WE,Towers with Display (VFR),0,11,216,0,227,0,17,0,0,17,0,28,216,0,244,186,0,186,430
05/24/2000,MYF,CA,AWP,WE,Towers with Display (VFR),0,20,248,0,268,0,20,0,0,20,0,40,248,0,288,446,0,446,734
05/25/2000,MYF,CA,AWP,WE,Towers with Display (VFR),0,21,308,0,329,0,9,0,0,9,0,30,308,0,338,450,0,450,788
05/26/2000,MYF,CA,AWP,WE,Towers with Display (VFR),0,20,509,1,530,0,9,0,2,11,0,29,509,3,541,207,0,207,748
05/27/2000,MYF,CA,AWP,WE,Towers with Display (VFR),0,3,467,0,470,0,0,0,0,0,0,3,467,0,470,280,0,280,750
05/28/2000,MYF,CA,AWP,WE,Towers with Display (VFR),0,3,360,0,363,0,0,0,0,0,0,3,360,0,363,175,0,175,538
05/29/2000,MYF,CA,AWP,WE,Towers with Display (VFR),0,4,337,0,341,0,0,0,3,3,0,4,337,3,344,121,0,121,465
05/30/2000,MYF,CA,AWP,WE,Towers with Display (VFR),0,19,359,0,378,0,7,0,0,7,0,26,359,0,385,331,0,331,716
05/31/2000,MYF,CA,AWP,WE,Towers with Display (VFR),0,21,437,0,458,0,5,0,0,5,0,26,437,0,463,327,0,327,790
06/01/2000,MYF,CA,AWP,WE,Towers with Display (VFR),0,18,118,0,136,0,8,375,2,385,0,26,493,2,521,288,0,288,809
06/02/2000,MYF,CA,AWP,WE,Towers with Display (VFR),0,16,105,0,121,0,33,366,0,399,0,49,471,0,520,262,0,262,782
06/03/2000,MYF,CA,AWP,WE,Towers with Display (VFR),0,4,63,0,67,0,0,332,2,334,0,4,395,2,401,205,0,205,606
06/04/2000,MYF,CA,AWP,WE,Towers with Display (VFR),0,10,68,0,78,0,3,327,0,330,0,13,395,0,408,312,1,313,721
06/05/2000,MYF,CA,AWP,WE,Towers with Display (VFR),0,12,78,0,90,0,12,387,0,399,0,24,465,0,489,268,0,268,757
06/06/2000,MYF,CA,AWP,WE,Towers with Display (VFR),0,12,75,0,87,0,2,393,0,395,0,14,468,0,482,284,0,284,766
06/07/2000,MYF,CA,AWP,WE,Towers with Display (VFR),0,15,99,0,114,0,10,385,1,396,0,25,484,1,510,339,0,339,849
06/08/2000,MYF,CA,AWP,WE,Towers with Display (VFR),0,16,103,0,119,0,15,287,0,302,0,31,390,0,421,301,0,301,722
06/09/2000,MYF,CA,AWP,WE,Towers with Display (VFR),0,14,92,0,106,0,15,364,4,383,0,29,456,4,489,253,2,255,744
06/10/2000,MYF,CA,AWP,WE,Towers with Display (VFR),0,9,86,0,95,0,0,301,0,301,0,9,387,0,396,223,0,223,619
06/11/2000,MYF,CA,AWP,WE,Towers with Display (VFR),0,2,68,0,70,0,0,348,0,348,0,2,416,0,418,246,0,246,664
06/12/2000,MYF,CA,AWP,WE,Towers with Display (VFR),0,12,84,0,96,0,5,337,0,342,0,17,421,0,438,200,0,200,638
06/13/2000,MYF,CA,AWP,WE,Towers with Display (VFR),0,12,87,0,99,0,17,440,0,457,0,29,527,0,556,264,0,264,820
06/14/2000,MYF,CA,AWP,WE,Towers with Display (VFR),0,17,118,1,136,0,13,307,5,325,0,30,425,6,461,238,0,238,699
06/15/2000,MYF,CA,AWP,WE,Towers with Display (VFR),0,14,96,0,110,0,17,312,6,335,0,31,408,6,445,260,0,260,705
06/16/2000,MYF,CA,AWP,WE,Towers with Display (VFR),0,19,131,0,150,0,9,352,0,361,0,28,483,0,511,256,0,256,767
06/17/2000,MYF,CA,AWP,WE,Towers with Display (VFR),0,3,94,0,97,0,0,271,0,271,0,3,365,0,368,290,1,291,659
06/18/2000,MYF,CA,AWP,WE,Towers with Display (VFR),0,3,76,0,79,0,0,249,0,249,0,3,325,0,328,202,0,202,530
06/19/2000,MYF,CA,AWP,WE,Towers with Display (VFR),0,11,81,0,92,0,9,334,0,343,0,20,415,0,435,219,0,219,654
06/20/2000,MYF,CA,AWP,WE,Towers with Display (VFR),0,12,85,0,97,0,12,354,0,366,0,24,439,0,463,298,0,298,761
06/21/2000,MYF,CA,AWP,WE,Towers with Display (VFR),0,15,104,0,119,0,10,306,0,316,0,25,410,0,435,386,2,388,823
06/22/2000,MYF,CA,AWP,WE,Towers with Display (VFR),0,12,89,0,101,0,20,377,0,397,0,32,466,0,498,388,0,388,886
06/23/2000,MYF,CA,AWP,WE,Towers with Display (VFR),0,18,129,0,147,0,22,300,1,323,0,40,429,1,470,291,0,291,761
06/24/2000,MYF,CA,AWP,WE,Towers with Display (VFR),0,10,76,0,86,0,3,374,2,379,0,13,450,2,465,264,0,264,729
06/25/2000,MYF,CA,AWP,WE,Towers with Display (VFR),0,2,75,0,77,0,0,225,0,225,0,2,300,0,302,259,0,259,561
06/26/2000,MYF,CA,AWP,WE,Towers with Display (VFR),0,9,65,0,74,0,8,317,0,325,0,17,382,0,399,274,0,274,673
06/27/2000,MYF,CA,AWP,WE,Towers with Display (VFR),0,13,91,0,104,0,18,317,0,335,0,31,408,0,439,257,0,257,696
06/28/2000,MYF,CA,AWP,WE,Towers with Display (VFR),0,13,92,0,105,0,15,325,0,340,0,28,417,0,445,262,0,262,707
06/29/2000,MYF,CA,AWP,WE,Towers with Display (VFR),0,16,114,0,130,0,13,332,0,345,0,29,446,0,475,378,0,378,853
06/30/2000,MYF,CA,AWP,WE,Towers with Display (VFR),0,15,106,0,121,0,24,376,1,401,0,39,482,1,522,247,0,247,769
07/01/2000,MYF,CA,AWP,WE,Towers with Display (VFR),0,4,515,0,519,0,0,18,0,18,0,4,533,0,537,303,0,303,840
07/02/2000,MYF,CA,AWP,WE,Towers with Display (VFR),0,0,316,0,316,0,0,14,0,14,0,0,330,0,330,258,0,258,588
07/03/2000,MYF,CA,AWP,WE,Towers with Display (VFR),0,18,419,0,437,0,7,0,0,7,0,25,419,0,444,330,0,330,774
07/04/2000,MYF,CA,AWP,WE,Towers with Display (VFR),0,0,281,0,281,0,0,12,0,12,0,0,293,0,293,210,0,210,503
07/05/2000,MYF,CA,AWP,WE,Towers with Display (VFR),0,18,413,0,431,0,7,0,0,7,0,25,413,0,438,259,0,259,697
07/06/2000,MYF,CA,AWP,WE,Towers with Display (VFR),0,20,460,0,480,0,5,0,0,5,0,25,460,0,485,370,0,370,855
07/07/2000,MYF,CA,AWP,WE,Towers with Display (VFR),0,17,388,0,405,0,8,0,0,8,0,25,388,0,413,246,0,246,659
07/08/2000,MYF,CA,AWP,WE,Towers with Display (VFR),0,4,479,0,483,0,0,17,0,17,0,4,496,0,500,242,0,242,742
07/09/2000,MYF,CA,AWP,WE,Towers with Display (VFR),0,0,406,0,406,0,0,17,0,17,0,0,423,0,423,270,0,270,693
07/10/2000,MYF,CA,AWP,WE,Towers with Display (VFR),0,16,371,0,387,0,9,0,0,9,0,25,371,0,396,247,0,247,643
07/11/2000,MYF,CA,AWP,WE,Towers with Display (VFR),0,25,652,0,677,0,0,3,0,3,0,25,655,0,680,302,0,302,982
07/12/2000,MYF,CA,AWP,WE,Towers with Display (VFR),0,21,491,0,512,0,4,0,0,4,0,25,491,0,516,323,0,323,839
07/13/2000,MYF,CA,AWP,WE,Towers with Display (VFR),0,20,484,0,504,0,5,0,0,5,0,25,484,0,509,317,0,317,826
07/14/2000,MYF,CA,AWP,WE,Towers with Display (VFR),0,20,491,0,511,0,5,0,0,5,0,25,491,0,516,254,0,254,770
07/15/2000,MYF,CA,AWP,WE,Towers with Display (VFR),0,4,402,0,406,0,0,13,0,13,0,4,415,0,419,262,0,262,681
07/16/2000,MYF,CA,AWP,WE,Towers with Display (VFR),0,0,428,0,428,0,0,17,0,17,0,0,445,0,445,248,0,248,693
07/17/2000,MYF,CA,AWP,WE,Towers with Display (VFR),0,18,429,0,447,0,7,0,0,7,0,25,429,0,454,183,0,183,637
07/18/2000,MYF,CA,AWP,WE,Towers with Display (VFR),0,16,382,0,398,0,9,0,0,9,0,25,382,0,407,261,0,261,668
07/19/2000,MYF,CA,AWP,WE,Towers with Display (VFR),0,18,429,0,447,0,14,0,0,14,0,32,429,0,461,361,0,361,822
07/20/2000,MYF,CA,AWP,WE,Towers with Display (VFR),0,18,429,0,447,0,16,0,0,16,0,34,429,0,463,253,0,253,716
07/21/2000,MYF,CA,AWP,WE,Towers with Display (VFR),0,18,432,0,450,0,1,0,0,1,0,19,432,0,451,226,0,226,677
07/22/2000,MYF,CA,AWP,WE,Towers with Display (VFR),0,4,368,0,372,0,0,8,3,11,0,4,376,3,383,244,0,244,627
07/23/2000,MYF,CA,AWP,WE,Towers with Display (VFR),0,0,437,0,437,0,0,18,0,18,0,0,455,0,455,188,0,188,643
07/24/2000,MYF,CA,AWP,WE,Towers with Display (VFR),0,14,336,0,350,0,3,0,0,3,0,17,336,0,353,261,1,262,615
07/25/2000,MYF,CA,AWP,WE,Towers with Display (VFR),0,16,381,0,397,0,7,0,0,7,0,23,381,0,404,194,0,194,598
07/26/2000,MYF,CA,AWP,WE,Towers with Display (VFR),0,17,399,0,416,0,9,0,0,9,0,26,399,0,425,309,0,309,734
07/27/2000,MYF,CA,AWP,WE,Towers with Display (VFR),0,16,375,0,391,0,12,0,0,12,0,28,375,0,403,334,0,334,737
07/28/2000,MYF,CA,AWP,WE,Towers with Display (VFR),0,14,343,0,357,0,17,0,0,17,0,31,343,0,374,271,0,271,645
07/29/2000,MYF,CA,AWP,WE,Towers with Display (VFR),0,4,351,0,355,0,0,10,0,10,0,4,361,0,365,236,0,236,601
07/30/2000,MYF,CA,AWP,WE,Towers with Display (VFR),0,8,339,0,347,0,0,6,0,6,0,8,345,0,353,247,0,247,600
07/31/2000,MYF,CA,AWP,WE,Towers with Display (VFR),0,14,334,0,348,0,10,0,0,10,0,24,334,0,358,286,0,286,644
08/01/2000,MYF,CA,AWP,WE,Towers with Display (VFR),0,14,94,0,108,0,12,280,0,292,0,26,374,0,400,222,0,222,622
08/02/2000,MYF,CA,AWP,WE,Towers with Display (VFR),0,15,94,0,109,0,8,291,0,299,0,23,385,0,408,251,0,251,659
08/03/2000,MYF,CA,AWP,WE,Towers with Display (VFR),0,13,85,0,98,0,10,375,3,388,0,23,460,3,486,231,0,231,717
08/04/2000,MYF,CA,AWP,WE,Towers with Display (VFR),0,13,87,0,100,0,12,369,0,381,0,25,456,0,481,211,2,213,694
08/05/2000,MYF,CA,AWP,WE,Towers with Display (VFR),0,2,67,0,69,0,0,349,2,351,0,2,416,2,420,176,0,176,596
08/06/2000,MYF,CA,AWP,WE,Towers with Display (VFR),0,1,69,0,70,0,0,101,0,101,0,1,170,0,171,206,0,206,377
08/07/2000,MYF,CA,AWP,WE,Towers with Display (VFR),0,17,112,0,129,0,9,257,0,266,0,26,369,0,395,275,0,275,670
08/08/2000,MYF,CA,AWP,WE,Towers with Display (VFR),0,15,101,0,116,0,11,302,1,314,0,26,403,1,430,156,0,156,586
08/09/2000,MYF,CA,AWP,WE,Towers with Display (VFR),0,13,84,0,97,0,12,301,0,313,0,25,385,0,410,262,0,262,672
08/10/2000,MYF,CA,AWP,WE,Towers with Display (VFR),0,15,96,0,111,0,20,336,1,357,0,35,432,1,468,223,0,223,691
08/11/2000,MYF,CA,AWP,WE,Towers with Display (VFR),0,11,74,0,85,0,21,377,3,401,0,32,451,3,486,290,0,290,776
08/12/2000,MYF,CA,AWP,WE,Towers with Display (VFR),0,4,69,0,73,0,0,320,1,321,0,4,389,1,394,137,0,137,531
08/13/2000,MYF,CA,AWP,WE,Towers with Display (VFR),0,3,61,0,64,0,0,281,0,281,0,3,342,0,345,205,0,205,550
08/14/2000,MYF,CA,AWP,WE,Towers with Display (VFR),0,10,69,1,80,0,7,332,1,340,0,17,401,2,420,260,0,260,680
08/15/2000,MYF,CA,AWP,WE,Towers with Display (VFR),0,12,88,0,100,0,17,265,0,282,0,29,353,0,382,292,0,292,674
08/16/2000,MYF,CA,AWP,WE,Towers with Display (VFR),0,11,76,0,87,0,8,378,0,386,0,19,454,0,473,175,0,175,648
08/17/2000,MYF,CA,AWP,WE,Towers with Display (VFR),0,16,110,0,126,0,9,343,2,354,0,25,453,2,480,189,1,190,670
08/18/2000,MYF,CA,AWP,WE,Towers with Display (VFR),0,11,76,0,87,0,8,391,2,401,0,19,467,2,488,254,0,254,742
08/19/2000,MYF,CA,AWP,WE,Towers with Display (VFR),0,7,59,0,66,0,0,315,0,315,0,7,374,0,381,199,0,199,580
08/20/2000,MYF,CA,AWP,WE,Towers with Display (VFR),0,9,73,0,82,0,0,319,0,319,0,9,392,0,401,312,0,312,713
08/21/2000,MYF,CA,AWP,WE,Towers with Display (VFR),0,12,85,0,97,0,14,304,0,318,0,26,389,0,415,236,0,236,651
08/22/2000,MYF,CA,AWP,WE,Towers with Display (VFR),0,14,95,0,109,0,14,377,0,391,0,28,472,0,500,300,0,300,800
08/23/2000,MYF,CA,AWP,WE,Towers with Display (VFR),0,13,94,0,107,0,8,273,0,281,0,21,367,0,388,250,0,250,638
08/24/2000,MYF,CA,AWP,WE,Towers with Display (VFR),0,13,95,0,108,0,14,303,0,317,0,27,398,0,425,391,0,391,816
08/25/2000,MYF,CA,AWP,WE,Towers with Display (VFR),0,15,102,0,117,0,10,355,4,369,0,25,457,4,486,389,0,389,875
08/26/2000,MYF,CA,AWP,WE,Towers with Display (VFR),0,2,88,0,90,0,0,315,0,315,0,2,403,0,405,251,0,251,656
08/27/2000,MYF,CA,AWP,WE,Towers with Display (VFR),0,0,95,0,95,0,0,206,0,206,0,0,301,0,301,218,0,218,519
08/28/2000,MYF,CA,AWP,WE,Towers with Display (VFR),0,23,160,0,183,0,0,89,0,89,0,23,249,0,272,303,0,303,575
08/29/2000,MYF,CA,AWP,WE,Towers with Display (VFR),0,19,124,0,143,0,16,0,0,16,0,35,124,0,159,13,0,13,172
08/30/2000,MYF,CA,AWP,WE,Towers with Display (VFR),0,15,102,0,117,0,17,189,0,206,0,32,291,0,323,416,0,416,739
08/31/2000,MYF,CA,AWP,WE,Towers with Display (VFR),0,15,104,0,119,0,12,298,2,312,0,27,402,2,431,346,0,346,777
09/01/2000,MYF,CA,AWP,WE,Towers with Display (VFR),0,17,107,0,124,0,5,373,0,378,0,22,480,0,502,242,1,243,745
09/02/2000,MYF,CA,AWP,WE,Towers with Display (VFR),0,7,63,0,70,0,0,372,0,372,0,7,435,0,442,235,0,235,677
09/03/2000,MYF,CA,AWP,WE,Towers with Display (VFR),0,7,45,0,52,0,5,304,0,309,0,12,349,0,361,125,0,125,486
09/04/2000,MYF,CA,AWP,WE,Towers with Display (VFR),0,0,76,0,76,0,0,359,0,359,0,0,435,0,435,228,0,228,663
09/05/2000,MYF,CA,AWP,WE,Towers with Display (VFR),0,14,83,0,97,0,16,344,0,360,0,30,427,0,457,274,0,274,731
09/06/2000,MYF,CA,AWP,WE,Towers with Display (VFR),0,10,64,0,74,0,21,363,0,384,0,31,427,0,458,423,0,423,881
09/07/2000,MYF,CA,AWP,WE,Towers with Display (VFR),0,11,66,0,77,0,20,260,2,282,0,31,326,2,359,342,0,342,701
09/08/2000,MYF,CA,AWP,WE,Towers with Display (VFR),0,15,93,0,108,0,17,356,0,373,0,32,449,0,481,425,0,425,906
09/09/2000,MYF,CA,AWP,WE,Towers with Display (VFR),0,3,58,0,61,0,0,334,0,334,0,3,392,0,395,245,0,245,640
09/10/2000,MYF,CA,AWP,WE,Towers with Display (VFR),0,1,63,0,64,0,0,283,0,283,0,1,346,0,347,165,0,165,512
09/11/2000,MYF,CA,AWP,WE,Towers with Display (VFR),0,11,66,0,77,0,13,330,0,343,0,24,396,0,420,201,0,201,621
09/12/2000,MYF,CA,AWP,WE,Towers with Display (VFR),0,11,69,0,80,0,10,343,0,353,0,21,412,0,433,307,0,307,740
09/13/2000,MYF,CA,AWP,WE,Towers with Display (VFR),0,11,69,0,80,0,15,295,0,310,0,26,364,0,390,256,0,256,646
09/14/2000,MYF,CA,AWP,WE,Towers with Display (VFR),0,19,118,0,137,0,6,231,0,237,0,25,349,0,374,262,0,262,636
09/15/2000,MYF,CA,AWP,WE,Towers with Display (VFR),0,17,104,0,121,0,11,329,0,340,0,28,433,0,461,169,0,169,630
09/16/2000,MYF,CA,AWP,WE,Towers with Display (VFR),0,4,36,0,40,0,0,341,0,341,0,4,377,0,381,212,0,212,593
09/17/2000,MYF,CA,AWP,WE,Towers with Display (VFR),0,1,69,0,70,0,0,301,0,301,0,1,370,0,371,168,0,168,539
09/18/2000,MYF,CA,AWP,WE,Towers with Display (VFR),0,10,64,0,74,0,8,297,0,305,0,18,361,0,379,220,0,220,599
09/19/2000,MYF,CA,AWP,WE,Towers with Display (VFR),0,15,97,0,112,0,12,274,0,286,0,27,371,0,398,282,0,282,680
09/20/2000,MYF,CA,AWP,WE,Towers with Display (VFR),0,21,142,0,163,0,13,245,0,258,0,34,387,0,421,299,0,299,720
09/21/2000,MYF,CA,AWP,WE,Towers with Display (VFR),0,21,139,0,160,0,9,95,0,104,0,30,234,0,264,311,0,311,575
09/22/2000,MYF,CA,AWP,WE,Towers with Display (VFR),0,23,155,0,178,0,5,240,0,245,0,28,395,0,423,235,0,235,658
09/23/2000,MYF,CA,AWP,WE,Towers with Display (VFR),0,3,84,0,87,0,0,300,0,300,0,3,384,0,387,270,0,270,657
09/24/2000,MYF,CA,AWP,WE,Towers with Display (VFR),0,4,45,0,49,0,0,384,2,386,0,4,429,2,435,222,0,222,657
09/25/2000,MYF,CA,AWP,WE,Towers with Display (VFR),0,10,69,0,79,0,19,285,0,304,0,29,354,0,383,221,0,221,604
09/26/2000,MYF,CA,AWP,WE,Towers with Display (VFR),0,12,82,0,94,0,10,293,2,305,0,22,375,2,399,259,0,259,658
09/27/2000,MYF,CA,AWP,WE,Towers with Display (VFR),0,25,168,0,193,0,6,44,2,52,0,31,212,2,245,218,0,218,463
09/28/2000,MYF,CA,AWP,WE,Towers with Display (VFR),0,20,133,0,153,0,6,138,0,144,0,26,271,0,297,325,0,325,622
09/29/2000,MYF,CA,AWP,WE,Towers with Display (VFR),0,20,133,0,153,0,9,231,0,240,0,29,364,0,393,422,0,422,815
09/30/2000,MYF,CA,AWP,WE,Towers with Display (VFR),0,4,69,0,73,0,0,207,0,207,0,4,276,0,280,356,0,356,636
10/01/2000,MYF,CA,AWP,WE,Towers with Display (VFR),0,1,81,0,82,0,0,236,0,236,0,1,317,0,318,210,0,210,528
10/02/2000,MYF,CA,AWP,WE,Towers with Display (VFR),0,14,84,0,98,0,6,153,0,159,0,20,237,0,257,193,0,193,450
10/03/2000,MYF,CA,AWP,WE,Towers with Display (VFR),0,22,132,0,154,0,1,133,0,134,0,23,265,0,288,311,0,311,599
10/04/2000,MYF,CA,AWP,WE,Towers with Display (VFR),0,23,147,0,170,0,0,83,0,83,0,23,230,0,253,348,0,348,601
10/05/2000,MYF,CA,AWP,WE,Towers with Display (VFR),0,24,140,0,164,0,8,84,1,93,0,32,224,1,257,242,0,242,499
10/06/2000,MYF,CA,AWP,WE,Towers with Display (VFR),0,27,171,0,198,0,0,54,0,54,0,27,225,0,252,130,0,130,382
10/07/2000,MYF,CA,AWP,WE,Towers with Display (VFR),0,6,96,0,102,0,0,186,0,186,0,6,282,0,288,174,0,174,462
10/08/2000,MYF,CA,AWP,WE,Towers with Display (VFR),0,1,64,0,65,0,0,260,0,260,0,1,324,0,325,209,0,209,534
10/09/2000,MYF,CA,AWP,WE,Towers with Display (VFR),0,8,90,1,99,0,0,273,1,274,0,8,363,2,373,289,0,289,662
10/10/2000,MYF,CA,AWP,WE,Towers with Display (VFR),0,17,103,0,120,0,17,148,0,165,0,34,251,0,285,232,0,232,517
10/11/2000,MYF,CA,AWP,WE,Towers with Display (VFR),0,15,93,0,108,0,27,146,0,173,0,42,239,0,281,336,0,336,617
10/12/2000,MYF,CA,AWP,WE,Towers with Display (VFR),0,10,65,1,76,0,22,248,2,272,0,32,313,3,348,143,0,143,491
10/13/2000,MYF,CA,AWP,WE,Towers with Display (VFR),0,10,65,0,75,0,29,317,0,346,0,39,382,0,421,142,0,142,563
10/14/2000,MYF,CA,AWP,WE,Towers with Display (VFR),0,1,46,0,47,0,0,289,0,289,0,1,335,0,336,108,0,108,444
10/15/2000,MYF,CA,AWP,WE,Towers with Display (VFR),0,3,50,0,53,0,0,245,0,245,0,3,295,0,298,143,0,143,441
10/16/2000,MYF,CA,AWP,WE,Towers with Display (VFR),0,15,94,1,110,0,10,284,7,301,0,25,378,8,411,218,2,220,631
10/17/2000,MYF,CA,AWP,WE,Towers with Display (VFR),0,13,78,0,91,0,15,306,0,321,0,28,384,0,412,240,0,240,652
10/18/2000,MYF,CA,AWP,WE,Towers with Display (VFR),0,19,116,0,135,0,17,236,0,253,0,36,352,0,388,306,0,306,694
10/19/2000,MYF,CA,AWP,WE,Towers with Display (VFR),0,17,104,0,121,0,7,190,0,197,0,24,294,0,318,345,0,345,663
10/20/2000,MYF,CA,AWP,WE,Towers with Display (VFR),0,25,157,0,182,0,15,157,0,172,0,40,314,0,354,59,0,59,413
10/21/2000,MYF,CA,AWP,WE,Towers with Display (VFR),0,12,79,0,91,0,0,89,0,89,0,12,168,0,180,148,0,148,328
10/22/2000,MYF,CA,AWP,WE,Towers with Display (VFR),0,2,35,0,37,0,0,331,0,331,0,2,366,0,368,326,2,328,696
10/23/2000,MYF,CA,AWP,WE,Towers with Display (VFR),0,14,89,0,103,0,7,203,0,210,0,21,292,0,313,200,0,200,513
10/24/2000,MYF,CA,AWP,WE,Towers with Display (VFR),0,15,92,0,107,0,14,348,0,362,0,29,440,0,469,313,0,313,782
10/25/2000,MYF,CA,AWP,WE,Towers with Display (VFR),0,14,85,0,99,0,14,371,0,385,0,28,456,0,484,211,0,211,695
10/26/2000,MYF,CA,AWP,WE,Towers with Display (VFR),0,18,110,0,128,0,18,167,0,185,0,36,277,0,313,348,0,348,661
10/27/2000,MYF,CA,AWP,WE,Towers with Display (VFR),0,14,89,0,103,0,25,97,0,122,0,39,186,0,225,170,0,170,395
10/28/2000,MYF,CA,AWP,WE,Towers with Display (VFR),0,8,86,0,94,0,0,189,0,189,0,8,275,0,283,147,0,147,430
10/29/2000,MYF,CA,AWP,WE,Towers with Display (VFR),0,2,67,0,69,0,0,225,0,225,0,2,292,0,294,181,0,181,475
10/30/2000,MYF,CA,AWP,WE,Towers with Display (VFR),0,13,81,0,94,0,17,210,0,227,0,30,291,0,321,195,0,195,516
10/31/2000,MYF,CA,AWP,WE,Towers with Display (VFR),0,13,84,0,97,0,10,329,0,339,0,23,413,0,436,247,0,247,683
11/01/2000,MYF,CA,AWP,WE,Towers with Display (VFR),0,14,73,0,87,0,20,406,0,426,0,34,479,0,513,188,0,188,701
11/02/2000,MYF,CA,AWP,WE,Towers with Display (VFR),0,15,79,0,94,0,12,430,0,442,0,27,509,0,536,299,0,299,835
11/03/2000,MYF,CA,AWP,WE,Towers with Display (VFR),0,16,89,0,105,0,9,389,0,398,0,25,478,0,503,272,0,272,775
11/04/2000,MYF,CA,AWP,WE,Towers with Display (VFR),0,9,49,0,58,0,0,305,0,305,0,9,354,0,363,214,0,214,577
11/05/2000,MYF,CA,AWP,WE,Towers with Display (VFR),0,7,96,0,103,0,0,203,0,203,0,7,299,0,306,189,0,189,495
11/06/2000,MYF,CA,AWP,WE,Towers with Display (VFR),0,15,85,0,100,0,8,157,0,165,0,23,242,0,265,203,0,203,468
11/07/2000,MYF,CA,AWP,WE,Towers with Display (VFR),0,12,68,0,80,0,13,275,4,292,0,25,343,4,372,211,0,211,583
11/08/2000,MYF,CA,AWP,WE,Towers with Display (VFR),0,16,88,0,104,0,16,376,0,392,0,32,464,0,496,206,0,206,702
11/09/2000,MYF,CA,AWP,WE,Towers with Display (VFR),0,23,129,0,152,0,13,99,0,112,0,36,228,0,264,197,0,197,461
11/10/2000,MYF,CA,AWP,WE,Towers with Display (VFR),0,16,90,0,106,0,12,138,2,152,0,28,228,2,258,210,0,210,468
11/11/2000,MYF,CA,AWP,WE,Towers with Display (VFR),0,4,60,0,64,0,0,290,0,290,0,4,350,0,354,321,0,321,675
11/12/2000,MYF,CA,AWP,WE,Towers with Display (VFR),0,4,58,0,62,0,0,359,0,359,0,4,417,0,421,192,0,192,613
11/13/2000,MYF,CA,AWP,WE,Towers with Display (VFR),0,9,48,0,57,0,10,392,0,402,0,19,440,0,459,221,0,221,680
11/14/2000,MYF,CA,AWP,WE,Towers with Display (VFR),0,10,62,0,72,0,7,272,0,279,0,17,334,0,351,272,0,272,623
11/15/2000,MYF,CA,AWP,WE,Towers with Display (VFR),0,16,91,1,108,0,10,451,1,462,0,26,542,2,570,223,0,223,793
11/16/2000,MYF,CA,AWP,WE,Towers with Display (VFR),0,14,80,0,94,0,12,408,0,420,0,26,488,0,514,275,0,275,789
11/17/2000,MYF,CA,AWP,WE,Towers with Display (VFR),0,14,81,1,96,0,15,434,1,450,0,29,515,2,546,262,3,265,811
11/18/2000,MYF,CA,AWP,WE,Towers with Display (VFR),0,2,56,0,58,0,0,404,0,404,0,2,460,0,462,221,0,221,683
11/19/2000,MYF,CA,AWP,WE,Towers with Display (VFR),0,6,63,0,69,0,0,354,0,354,0,6,417,0,423,159,0,159,582
11/20/2000,MYF,CA,AWP,WE,Towers with Display (VFR),0,9,56,0,65,0,20,296,0,316,0,29,352,0,381,148,0,148,529
11/21/2000,MYF,CA,AWP,WE,Towers with Display (VFR),0,14,84,0,98,0,27,398,0,425,0,41,482,0,523,355,0,355,878
11/22/2000,MYF,CA,AWP,WE,Towers with Display (VFR),0,25,142,0,167,0,2,284,0,286,0,27,426,0,453,256,0,256,709
11/23/2000,MYF,CA,AWP,WE,Towers with Display (VFR),0,4,28,0,32,0,3,166,0,169,0,7,194,0,201,133,0,133,334
11/24/2000,MYF,CA,AWP,WE,Towers with Display (VFR),0,11,64,0,75,0,20,444,0,464,0,31,508,0,539,123,0,123,662
11/25/2000,MYF,CA,AWP,WE,Towers with Display (VFR),0,8,76,0,84,0,0,349,0,349,0,8,425,0,433,157,0,157,590
11/26/2000,MYF,CA,AWP,WE,Towers with Display (VFR),0,7,61,0,68,0,0,329,0,329,0,7,390,0,397,180,0,180,577
11/27/2000,MYF,CA,AWP,WE,Towers with Display (VFR),0,12,72,0,84,0,12,291,0,303,0,24,363,0,387,92,0,92,479
11/28/2000,MYF,CA,AWP,WE,Towers with Display (VFR),0,14,84,0,98,0,16,297,0,313,0,30,381,0,411,206,0,206,617
11/29/2000,MYF,CA,AWP,WE,Towers with Display (VFR),0,15,90,0,105,0,10,267,0,277,0,25,357,0,382,286,0,286,668
11/30/2000,MYF,CA,AWP,WE,Towers with Display (VFR),0,15,88,0,103,0,18,209,0,227,0,33,297,0,330,275,0,275,605
12/01/2000,MYF,CA,AWP,WE,Towers with Display (VFR),0,16,97,0,113,0,9,177,0,186,0,25,274,0,299,135,0,135,434
12/02/2000,MYF,CA,AWP,WE,Towers with Display (VFR),0,7,149,0,156,0,0,26,0,26,0,7,175,0,182,16,0,16,198
12/03/2000,MYF,CA,AWP,WE,Towers with Display (VFR),0,2,48,0,50,0,0,277,0,277,0,2,325,0,327,245,0,245,572
12/04/2000,MYF,CA,AWP,WE,Towers with Display (VFR),0,11,60,0,71,0,6,275,0,281,0,17,335,0,352,426,0,426,778
12/05/2000,MYF,CA,AWP,WE,Towers with Display (VFR),0,11,63,0,74,0,18,340,0,358,0,29,403,0,432,315,0,315,747
12/06/2000,MYF,CA,AWP,WE,Towers with Display (VFR),0,15,90,0,105,0,12,307,2,321,0,27,397,2,426,394,0,394,820
12/07/2000,MYF,CA,AWP,WE,Towers with Display (VFR),0,14,84,0,98,0,16,356,0,372,0,30,440,0,470,359,0,359,829
12/08/2000,MYF,CA,AWP,WE,Towers with Display (VFR),0,22,128,0,150,0,3,109,0,112,0,25,237,0,262,428,0,428,690
12/09/2000,MYF,CA,AWP,WE,Towers with Display (VFR),0,5,106,0,111,0,0,234,2,236,0,5,340,2,347,288,0,288,635
12/10/2000,MYF,CA,AWP,WE,Towers with Display (VFR),0,6,103,0,109,0,0,206,0,206,0,6,309,0,315,350,0,350,665
12/11/2000,MYF,CA,AWP,WE,Towers with Display (VFR),0,12,68,0,80,0,8,276,0,284,0,20,344,0,364,250,0,250,614
12/12/2000,MYF,CA,AWP,WE,Towers with Display (VFR),0,17,101,0,118,0,13,97,0,110,0,30,198,0,228,253,0,253,481
12/13/2000,MYF,CA,AWP,WE,Towers with Display (VFR),0,13,85,0,98,0,16,330,0,346,0,29,415,0,444,196,0,196,640
12/14/2000,MYF,CA,AWP,WE,Towers with Display (VFR),0,14,89,0,103,0,14,340,0,354,0,28,429,0,457,300,0,300,757
12/15/2000,MYF,CA,AWP,WE,Towers with Display (VFR),0,13,81,1,95,0,20,347,0,367,0,33,428,1,462,343,0,343,805
12/16/2000,MYF,CA,AWP,WE,Towers with Display (VFR),0,8,53,0,61,0,2,405,0,407,0,10,458,0,468,248,0,248,716
12/17/2000,MYF,CA,AWP,WE,Towers with Display (VFR),0,5,49,0,54,0,0,361,0,361,0,5,410,0,415,215,0,215,630
12/18/2000,MYF,CA,AWP,WE,Towers with Display (VFR),0,8,49,0,57,0,14,262,0,276,0,22,311,0,333,303,0,303,636
12/19/2000,MYF,CA,AWP,WE,Towers with Display (VFR),0,10,63,0,73,0,16,384,0,400,0,26,447,0,473,376,0,376,849
12/20/2000,MYF,CA,AWP,WE,Towers with Display (VFR),0,14,87,0,101,0,12,359,0,371,0,26,446,0,472,256,0,256,728
12/21/2000,MYF,CA,AWP,WE,Towers with Display (VFR),0,15,96,0,111,0,24,333,0,357,0,39,429,0,468,180,0,180,648
12/22/2000,MYF,CA,AWP,WE,Towers with Display (VFR),0,15,94,0,109,0,11,325,0,336,0,26,419,0,445,252,0,252,697
12/23/2000,MYF,CA,AWP,WE,Towers with Display (VFR),0,6,70,0,76,0,0,265,0,265,0,6,335,0,341,186,0,186,527
12/24/2000,MYF,CA,AWP,WE,Towers with Display (VFR),0,3,29,0,32,0,0,158,0,158,0,3,187,0,190,77,0,77,267
12/25/2000,MYF,CA,AWP,WE,Towers with Display (VFR),0,1,12,0,13,0,0,99,0,99,0,1,111,0,112,151,0,151,263
12/26/2000,MYF,CA,AWP,WE,Towers with Display (VFR),0,11,68,0,79,0,12,316,0,328,0,23,384,0,407,220,0,220,627
12/27/2000,MYF,CA,AWP,WE,Towers with Display (VFR),0,14,90,0,104,0,14,329,0,343,0,28,419,0,447,341,0,341,788
12/28/2000,MYF,CA,AWP,WE,Towers with Display (VFR),0,10,67,0,77,0,19,343,2,364,0,29,410,2,441,176,0,176,617
12/29/2000,MYF,CA,AWP,WE,Towers with Display (VFR),0,11,71,0,82,0,16,455,0,471,0,27,526,0,553,290,0,290,843
12/30/2000,MYF,CA,AWP,WE,Towers with Display (VFR),0,4,66,0,70,0,0,401,0,401,0,4,467,0,471,148,0,148,619
12/31/2000,MYF,CA,AWP,WE,Towers with Display (VFR),0,5,32,0,37,0,2,237,0,239,0,7,269,0,276,108,0,108,384
01/01/2001,MYF,CA,AWP,WE,Towers with Display (VFR),0,0,38,0,38,0,0,209,0,209,0,0,247,0,247,109,0,109,356
01/02/2001,MYF,CA,AWP,WE,Towers with Display (VFR),0,12,57,0,69,0,21,233,0,254,0,33,290,0,323,187,0,187,510
01/03/2001,MYF,CA,AWP,WE,Towers with Display (VFR),0,15,67,0,82,0,25,191,0,216,0,40,258,0,298,224,0,224,522
01/04/2001,MYF,CA,AWP,WE,Towers with Display (VFR),0,18,82,0,100,0,15,257,4,276,0,33,339,4,376,228,0,228,604
01/05/2001,MYF,CA,AWP,WE,Towers with Display (VFR),0,15,72,0,87,0,21,261,1,283,0,36,333,1,370,282,0,282,652
01/06/2001,MYF,CA,AWP,WE,Towers with Display (VFR),0,5,67,0,72,0,0,344,0,344,0,5,411,0,416,320,0,320,736
01/07/2001,MYF,CA,AWP,WE,Towers with Display (VFR),0,2,58,0,60,0,0,396,2,398,0,2,454,2,458,210,0,210,668
01/08/2001,MYF,CA,AWP,WE,Towers with Display (VFR),0,19,89,0,108,0,2,40,0,42,0,21,129,0,150,36,0,36,186
01/09/2001,MYF,CA,AWP,WE,Towers with Display (VFR),0,23,107,0,130,0,8,196,0,204,0,31,303,0,334,322,0,322,656
01/10/2001,MYF,CA,AWP,WE,Towers with Display (VFR),0,19,90,0,109,0,13,157,0,170,0,32,247,0,279,371,0,371,650
01/11/2001,MYF,CA,AWP,WE,Towers with Display (VFR),0,15,72,0,87,0,20,99,0,119,0,35,171,0,206,72,0,72,278
01/12/2001,MYF,CA,AWP,WE,Towers with Display (VFR),0,9,43,0,52,0,32,38,0,70,0,41,81,0,122,91,0,91,213
01/13/2001,MYF,CA,AWP,WE,Towers with Display (VFR),0,3,56,0,59,0,0,434,0,434,0,3,490,0,493,257,0,257,750
01/14/2001,MYF,CA,AWP,WE,Towers with Display (VFR),0,5,54,0,59,0,0,383,0,383,0,5,437,0,442,229,0,229,671
01/15/2001,MYF,CA,AWP,WE,Towers with Display (VFR),0,8,76,0,84,0,0,179,1,180,0,8,255,1,264,342,0,342,606
01/16/2001,MYF,CA,AWP,WE,Towers with Display (VFR),0,16,80,0,96,0,11,305,0,316,0,27,385,0,412,204,0,204,616
01/17/2001,MYF,CA,AWP,WE,Towers with Display (VFR),0,15,77,0,92,0,15,425,0,440,0,30,502,0,532,287,0,287,819
01/18/2001,MYF,CA,AWP,WE,Towers with Display (VFR),0,16,80,0,96,0,61,351,0,412,0,77,431,0,508,270,1,271,779
01/19/2001,MYF,CA,AWP,WE,Towers with Display (VFR),0,15,73,0,88,0,17,392,0,409,0,32,465,0,497,222,0,222,719
01/20/2001,MYF,CA,AWP,WE,Towers with Display (VFR),0,5,61,0,66,0,0,491,0,491,0,5,552,0,557,242,0,242,799
01/21/2001,MYF,CA,AWP,WE,Towers with Display (VFR),0,3,54,0,57,0,0,365,0,365,0,3,419,0,422,222,0,222,644
01/22/2001,MYF,CA,AWP,WE,Towers with Display (VFR),0,16,78,0,94,0,6,234,0,240,0,22,312,0,334,161,0,161,495
01/23/2001,MYF,CA,AWP,WE,Towers with Display (VFR),0,18,91,0,109,0,9,250,0,259,0,27,341,0,368,291,0,291,659
01/24/2001,MYF,CA,AWP,WE,Towers with Display (VFR),0,24,121,0,145,0,9,102,0,111,0,33,223,0,256,208,0,208,464
01/25/2001,MYF,CA,AWP,WE,Towers with Display (VFR),0,17,87,0,104,0,11,349,0,360,0,28,436,0,464,228,0,228,692
01/26/2001,MYF,CA,AWP,WE,Towers with Display (VFR),0,14,71,0,85,0,10,53,0,63,0,24,124,0,148,99,0,99,247
01/27/2001,MYF,CA,AWP,WE,Towers with Display (VFR),0,6,91,0,97,0,0,187,0,187,0,6,278,0,284,488,0,488,772
01/28/2001,MYF,CA,AWP,WE,Towers with Display (VFR),0,2,52,0,54,0,0,275,0,275,0,2,327,0,329,353,0,353,682
01/29/2001,MYF,CA,AWP,WE,Towers with Display (VFR),0,18,92,0,110,0,7,142,0,149,0,25,234,0,259,261,0,261,520
01/30/2001,MYF,CA,AWP,WE,Towers with Display (VFR),0,14,71,0,85,0,25,344,0,369,0,39,415,0,454,301,0,301,755
01/31/2001,MYF,CA,AWP,WE,Towers with Display (VFR),0,13,65,0,78,0,27,289,0,316,0,40,354,0,394,242,0,242,636
02/01/2001,MYF,CA,AWP,WE,Towers with Display (VFR),0,15,71,0,86,0,14,429,0,443,0,29,500,0,529,308,0,308,837
02/02/2001,MYF,CA,AWP,WE,Towers with Display (VFR),0,15,73,0,88,0,7,422,0,429,0,22,495,0,517,281,0,281,798
02/03/2001,MYF,CA,AWP,WE,Towers with Display (VFR),0,6,56,0,62,0,0,387,0,387,0,6,443,0,449,200,0,200,649
02/04/2001,MYF,CA,AWP,WE,Towers with Display (VFR),0,3,50,0,53,0,0,431,0,431,0,3,481,0,484,137,0,137,621
02/05/2001,MYF,CA,AWP,WE,Towers with Display (VFR),0,11,54,0,65,0,18,267,0,285,0,29,321,0,350,211,0,211,561
02/06/2001,MYF,CA,AWP,WE,Towers with Display (VFR),0,27,143,0,170,0,0,86,0,86,0,27,229,0,256,10,0,10,266
02/07/2001,MYF,CA,AWP,WE,Towers with Display (VFR),0,14,67,0,81,0,9,186,0,195,0,23,253,0,276,193,0,193,469
02/08/2001,MYF,CA,AWP,WE,Towers with Display (VFR),0,17,85,0,102,1,53,373,0,427,1,70,458,0,529,160,0,160,689
02/09/2001,MYF,CA,AWP,WE,Towers with Display (VFR),0,22,110,0,132,0,48,389,0,437,0,70,499,0,569,246,0,246,815
02/10/2001,MYF,CA,AWP,WE,Towers with Display (VFR),0,4,49,0,53,0,0,177,0,177,0,4,226,0,230,230,0,230,460
02/11/2001,MYF,CA,AWP,WE,Towers with Display (VFR),0,4,50,0,54,0,0,164,0,164,0,4,214,0,218,87,0,87,305
02/12/2001,MYF,CA,AWP,WE,Towers with Display (VFR),0,12,62,0,74,0,10,97,0,107,0,22,159,0,181,162,0,162,343
02/13/2001,MYF,CA,AWP,WE,Towers with Display (VFR),0,9,49,0,58,0,26,31,0,57,0,35,80,0,115,40,0,40,155
02/14/2001,MYF,CA,AWP,WE,Towers with Display (VFR),0,12,66,0,78,0,22,279,0,301,0,34,345,0,379,203,0,203,582
02/15/2001,MYF,CA,AWP,WE,Towers with Display (VFR),0,13,71,0,84,0,21,434,0,455,0,34,505,0,539,192,4,196,735
02/16/2001,MYF,CA,AWP,WE,Towers with Display (VFR),0,14,73,0,87,0,21,474,1,496,0,35,547,1,583,200,0,200,783
02/17/2001,MYF,CA,AWP,WE,Towers with Display (VFR),0,3,67,0,70,0,0,355,2,357,0,3,422,2,427,240,0,240,667
02/18/2001,MYF,CA,AWP,WE,Towers with Display (VFR),0,3,74,0,77,0,0,287,1,288,0,3,361,1,365,218,0,218,583
02/19/2001,MYF,CA,AWP,WE,Towers with Display (VFR),0,8,77,0,85,0,0,263,0,263,0,8,340,0,348,150,0,150,498
02/20/2001,MYF,CA,AWP,WE,Towers with Display (VFR),0,13,69,0,82,0,18,359,0,377,0,31,428,0,459,360,0,360,819
02/21/2001,MYF,CA,AWP,WE,Towers with Display (VFR),0,17,88,0,105,0,31,372,0,403,0,48,460,0,508,343,0,343,851
02/22/2001,MYF,CA,AWP,WE,Towers with Display (VFR),0,35,183,0,218,0,2,163,0,165,0,37,346,0,383,203,0,203,586
02/23/2001,MYF,CA,AWP,WE,Towers with Display (VFR),0,11,60,0,71,0,25,55,0,80,0,36,115,0,151,80,0,80,231
02/24/2001,MYF,CA,AWP,WE,Towers with Display (VFR),0,1,76,0,77,0,0,194,0,194,0,1,270,0,271,363,0,363,634
02/25/2001,MYF,CA,AWP,WE,Towers with Display (VFR),0,1,53,0,54,0,0,30,0,30,0,1,83,0,84,144,0,144,228
02/26/2001,MYF,CA,AWP,WE,Towers with Display (VFR),0,12,62,0,74,0,14,126,0,140,0,26,188,0,214,178,0,178,392
02/27/2001,MYF,CA,AWP,WE,Towers with Display (VFR),0,12,64,0,76,0,13,65,0,78,0,25,129,0,154,162,0,162,316
02/28/2001,MYF,CA,AWP,WE,Towers with Display (VFR),0,14,73,0,87,0,27,61,0,88,0,41,134,0,175,184,0,184,359
03/01/2001,MYF,CA,AWP,WE,Towers with Display (VFR),0,0,0,0,0,0,0,0,0,0,0,0,0,0,0,0,0,0,0
03/02/2001,MYF,CA,AWP,WE,Towers with Display (VFR),0,17,107,0,124,0,15,264,0,279,0,32,371,0,403,286,0,286,689
03/03/2001,MYF,CA,AWP,WE,Towers with Display (VFR),0,6,115,0,121,0,0,277,0,277,0,6,392,0,398,230,0,230,628
03/04/2001,MYF,CA,AWP,WE,Towers with Display (VFR),0,4,41,0,45,0,0,167,0,167,0,4,208,0,212,157,0,157,369
03/05/2001,MYF,CA,AWP,WE,Towers with Display (VFR),0,10,60,0,70,0,6,259,0,265,0,16,319,0,335,111,0,111,446
03/06/2001,MYF,CA,AWP,WE,Towers with Display (VFR),0,11,70,0,81,0,20,63,0,83,0,31,133,0,164,160,0,160,324
03/07/2001,MYF,CA,AWP,WE,Towers with Display (VFR),0,16,102,1,119,0,9,204,0,213,0,25,306,1,332,245,0,245,577
03/08/2001,MYF,CA,AWP,WE,Towers with Display (VFR),0,14,90,0,104,0,19,436,0,455,0,33,526,0,559,307,0,307,866
03/09/2001,MYF,CA,AWP,WE,Towers with Display (VFR),0,23,139,0,162,0,9,96,0,105,0,32,235,0,267,343,0,343,610
03/10/2001,MYF,CA,AWP,WE,Towers with Display (VFR),0,6,77,0,83,0,0,73,0,73,0,6,150,0,156,202,0,202,358
03/11/2001,MYF,CA,AWP,WE,Towers with Display (VFR),0,2,73,0,75,0,0,243,0,243,0,2,316,0,318,196,0,196,514
03/12/2001,MYF,CA,AWP,WE,Towers with Display (VFR),0,12,77,0,89,0,14,308,0,322,0,26,385,0,411,290,0,290,701
03/13/2001,MYF,CA,AWP,WE,Towers with Display (VFR),0,12,80,0,92,0,21,412,0,433,0,33,492,0,525,344,0,344,869
03/14/2001,MYF,CA,AWP,WE,Towers with Display (VFR),0,18,114,0,132,0,14,343,0,357,0,32,457,0,489,315,0,315,804
03/15/2001,MYF,CA,AWP,WE,Towers with Display (VFR),0,26,166,0,192,0,4,100,0,104,0,30,266,0,296,140,0,140,436
03/16/2001,MYF,CA,AWP,WE,Towers with Display (VFR),0,25,149,0,174,0,11,235,0,246,0,36,384,0,420,291,0,291,711
03/17/2001,MYF,CA,AWP,WE,Towers with Display (VFR),0,0,0,0,0,0,0,0,0,0,0,0,0,0,0,0,0,0,0
03/18/2001,MYF,CA,AWP,WE,Towers with Display (VFR),0,2,65,0,67,0,0,384,0,384,0,2,449,0,451,225,0,225,676
03/19/2001,MYF,CA,AWP,WE,Towers with Display (VFR),0,13,77,0,90,0,11,366,0,377,0,24,443,0,467,224,0,224,691
03/20/2001,MYF,CA,AWP,WE,Towers with Display (VFR),0,12,74,0,86,0,17,275,1,293,0,29,349,1,379,264,0,264,643
03/21/2001,MYF,CA,AWP,WE,Towers with Display (VFR),0,19,117,0,136,0,8,205,0,213,0,27,322,0,349,302,0,302,651
03/22/2001,MYF,CA,AWP,WE,Towers with Display (VFR),0,22,138,0,160,0,16,215,0,231,0,38,353,0,391,325,0,325,716
03/23/2001,MYF,CA,AWP,WE,Towers with Display (VFR),0,22,138,0,160,0,15,213,0,228,0,37,351,0,388,345,0,345,733
03/24/2001,MYF,CA,AWP,WE,Towers with Display (VFR),0,5,147,0,152,0,0,56,0,56,0,5,203,0,208,192,0,192,400
03/25/2001,MYF,CA,AWP,WE,Towers with Display (VFR),0,4,98,0,102,0,0,290,0,290,0,4,388,0,392,269,0,269,661
03/26/2001,MYF,CA,AWP,WE,Towers with Display (VFR),0,13,85,0,98,0,16,158,0,174,0,29,243,0,272,342,0,342,614
03/27/2001,MYF,CA,AWP,WE,Towers with Display (VFR),0,18,112,0,130,0,12,199,0,211,0,30,311,0,341,237,0,237,578
03/28/2001,MYF,CA,AWP,WE,Towers with Display (VFR),0,21,129,0,150,0,12,55,0,67,0,33,184,0,217,176,0,176,393
03/29/2001,MYF,CA,AWP,WE,Towers with Display (VFR),0,0,0,0,0,0,0,0,0,0,0,0,0,0,0,0,0,0,0
03/30/2001,MYF,CA,AWP,WE,Towers with Display (VFR),0,17,105,0,122,0,18,335,0,353,0,35,440,0,475,326,0,326,801
03/31/2001,MYF,CA,AWP,WE,Towers with Display (VFR),0,12,96,0,108,0,0,301,0,301,0,12,397,0,409,307,0,307,716
04/01/2001,MYF,CA,AWP,WE,Towers with Display (VFR),0,1,145,0,146,0,0,86,0,86,0,1,231,0,232,318,0,318,550
04/02/2001,MYF,CA,AWP,WE,Towers with Display (VFR),0,13,91,0,104,0,11,131,0,142,0,24,222,0,246,447,0,447,693
04/03/2001,MYF,CA,AWP,WE,Towers with Display (VFR),0,14,95,0,109,0,22,195,0,217,0,36,290,0,326,191,0,191,517
04/04/2001,MYF,CA,AWP,WE,Towers with Display (VFR),0,13,91,0,104,0,8,242,0,250,0,21,333,0,354,348,0,348,702
04/05/2001,MYF,CA,AWP,WE,Towers with Display (VFR),0,14,95,0,109,0,13,241,0,254,0,27,336,0,363,247,0,247,610
04/06/2001,MYF,CA,AWP,WE,Towers with Display (VFR),0,16,105,0,121,0,11,249,0,260,0,27,354,0,381,295,10,305,686
04/07/2001,MYF,CA,AWP,WE,Towers with Display (VFR),0,1,47,0,48,0,0,15,0,15,0,1,62,0,63,11,0,11,74
04/08/2001,MYF,CA,AWP,WE,Towers with Display (VFR),0,13,85,0,98,0,0,364,0,364,0,13,449,0,462,285,0,285,747
04/09/2001,MYF,CA,AWP,WE,Towers with Display (VFR),0,8,55,0,63,0,22,116,0,138,0,30,171,0,201,249,0,249,450
04/10/2001,MYF,CA,AWP,WE,Towers with Display (VFR),0,10,70,0,80,0,15,237,0,252,0,25,307,0,332,304,0,304,636
04/11/2001,MYF,CA,AWP,WE,Towers with Display (VFR),0,13,89,0,102,0,13,186,2,201,0,26,275,2,303,543,0,543,846
04/12/2001,MYF,CA,AWP,WE,Towers with Display (VFR),0,13,85,0,98,0,10,363,2,375,0,23,448,2,473,354,0,354,827
04/13/2001,MYF,CA,AWP,WE,Towers with Display (VFR),0,14,91,0,105,0,15,526,0,541,0,29,617,0,646,278,0,278,924
04/14/2001,MYF,CA,AWP,WE,Towers with Display (VFR),0,3,77,0,80,0,0,384,0,384,0,3,461,0,464,260,0,260,724
04/15/2001,MYF,CA,AWP,WE,Towers with Display (VFR),0,1,42,0,43,0,0,326,0,326,0,1,368,0,369,236,0,236,605
04/16/2001,MYF,CA,AWP,WE,Towers with Display (VFR),0,8,54,0,62,0,10,335,0,345,0,18,389,0,407,247,0,247,654
04/17/2001,MYF,CA,AWP,WE,Towers with Display (VFR),0,9,66,0,75,0,15,345,0,360,0,24,411,0,435,316,0,316,751
04/18/2001,MYF,CA,AWP,WE,Towers with Display (VFR),0,13,96,0,109,0,15,330,0,345,0,28,426,0,454,296,0,296,750
04/19/2001,MYF,CA,AWP,WE,Towers with Display (VFR),0,15,112,0,127,0,20,243,0,263,0,35,355,0,390,306,0,306,696
04/20/2001,MYF,CA,AWP,WE,Towers with Display (VFR),0,13,92,0,105,0,15,302,0,317,0,28,394,0,422,373,0,373,795
04/21/2001,MYF,CA,AWP,WE,Towers with Display (VFR),0,7,50,0,57,0,0,109,0,109,0,7,159,0,166,217,4,221,387
04/22/2001,MYF,CA,AWP,WE,Towers with Display (VFR),0,2,60,0,62,0,0,530,0,530,0,2,590,0,592,132,0,132,724
04/23/2001,MYF,CA,AWP,WE,Towers with Display (VFR),0,10,75,0,85,0,1,329,0,330,0,11,404,0,415,193,0,193,608
04/24/2001,MYF,CA,AWP,WE,Towers with Display (VFR),0,10,71,0,81,0,10,393,0,403,0,20,464,0,484,303,0,303,787
04/25/2001,MYF,CA,AWP,WE,Towers with Display (VFR),0,9,66,0,75,0,16,350,0,366,0,25,416,0,441,325,0,325,766
04/26/2001,MYF,CA,AWP,WE,Towers with Display (VFR),0,18,131,0,149,0,9,293,0,302,0,27,424,0,451,221,0,221,672
04/27/2001,MYF,CA,AWP,WE,Towers with Display (VFR),0,18,132,0,150,0,12,264,0,276,0,30,396,0,426,301,0,301,727
04/28/2001,MYF,CA,AWP,WE,Towers with Display (VFR),0,14,106,0,120,0,0,284,0,284,0,14,390,0,404,215,0,215,619
04/29/2001,MYF,CA,AWP,WE,Towers with Display (VFR),0,3,63,0,66,0,0,352,0,352,0,3,415,0,418,261,0,261,679
04/30/2001,MYF,CA,AWP,WE,Towers with Display (VFR),0,14,100,0,114,0,3,193,0,196,0,17,293,0,310,221,0,221,531
05/01/2001,MYF,CA,AWP,WE,Towers with Display (VFR),0,12,95,0,107,0,8,201,0,209,0,20,296,0,316,228,0,228,544
05/02/2001,MYF,CA,AWP,WE,Towers with Display (VFR),0,20,164,0,184,0,4,113,0,117,0,24,277,0,301,473,0,473,774
05/03/2001,MYF,CA,AWP,WE,Towers with Display (VFR),0,13,103,0,116,0,10,405,0,415,0,23,508,0,531,391,0,391,922
05/04/2001,MYF,CA,AWP,WE,Towers with Display (VFR),0,9,77,0,86,0,12,478,14,504,0,21,555,14,590,463,0,463,1053
05/05/2001,MYF,CA,AWP,WE,Towers with Display (VFR),0,3,53,0,56,0,0,369,0,369,0,3,422,0,425,319,0,319,744
05/06/2001,MYF,CA,AWP,WE,Towers with Display (VFR),0,1,58,0,59,0,0,368,0,368,0,1,426,0,427,194,0,194,621
05/07/2001,MYF,CA,AWP,WE,Towers with Display (VFR),0,9,76,0,85,0,10,316,0,326,0,19,392,0,411,388,0,388,799
05/08/2001,MYF,CA,AWP,WE,Towers with Display (VFR),0,10,83,0,93,0,23,363,0,386,0,33,446,0,479,534,0,534,1013
05/09/2001,MYF,CA,AWP,WE,Towers with Display (VFR),0,16,129,0,145,4,8,314,0,326,4,24,443,0,471,318,0,318,789
05/10/2001,MYF,CA,AWP,WE,Towers with Display (VFR),0,15,122,0,137,0,20,286,0,306,0,35,408,0,443,220,0,220,663
05/11/2001,MYF,CA,AWP,WE,Towers with Display (VFR),0,20,164,0,184,0,5,177,0,182,0,25,341,0,366,128,0,128,494
05/12/2001,MYF,CA,AWP,WE,Towers with Display (VFR),0,8,130,0,138,0,0,26,0,26,0,8,156,0,164,110,0,110,274
05/13/2001,MYF,CA,AWP,WE,Towers with Display (VFR),0,4,89,0,93,0,0,141,0,141,0,4,230,0,234,249,0,249,483
05/14/2001,MYF,CA,AWP,WE,Towers with Display (VFR),0,19,165,0,184,0,11,100,0,111,0,30,265,0,295,294,0,294,589
05/15/2001,MYF,CA,AWP,WE,Towers with Display (VFR),0,15,133,0,148,0,11,182,0,193,0,26,315,0,341,249,0,249,590
05/16/2001,MYF,CA,AWP,WE,Towers with Display (VFR),0,14,123,0,137,0,23,249,0,272,0,37,372,0,409,285,0,285,694
05/17/2001,MYF,CA,AWP,WE,Towers with Display (VFR),0,13,118,0,131,0,14,260,0,274,0,27,378,0,405,289,0,289,694
05/18/2001,MYF,CA,AWP,WE,Towers with Display (VFR),0,19,172,0,191,0,6,205,0,211,0,25,377,0,402,157,0,157,559
05/19/2001,MYF,CA,AWP,WE,Towers with Display (VFR),0,5,112,0,117,0,0,152,0,152,0,5,264,0,269,347,0,347,616
05/20/2001,MYF,CA,AWP,WE,Towers with Display (VFR),0,0,113,0,113,0,0,204,0,204,0,0,317,0,317,213,0,213,530
05/21/2001,MYF,CA,AWP,WE,Towers with Display (VFR),0,15,138,0,153,0,4,98,0,102,0,19,236,0,255,165,0,165,420
05/22/2001,MYF,CA,AWP,WE,Towers with Display (VFR),0,16,141,0,157,0,8,222,0,230,0,24,363,0,387,168,0,168,555
05/23/2001,MYF,CA,AWP,WE,Towers with Display (VFR),0,11,99,0,110,0,7,285,0,292,0,18,384,0,402,347,0,347,749
05/24/2001,MYF,CA,AWP,WE,Towers with Display (VFR),0,18,162,0,180,0,11,109,0,120,0,29,271,0,300,118,0,118,418
05/25/2001,MYF,CA,AWP,WE,Towers with Display (VFR),0,28,250,0,278,0,0,29,0,29,0,28,279,0,307,96,0,96,403
05/26/2001,MYF,CA,AWP,WE,Towers with Display (VFR),0,10,137,0,147,0,0,19,0,19,0,10,156,0,166,64,0,64,230
05/27/2001,MYF,CA,AWP,WE,Towers with Display (VFR),0,8,129,0,137,0,0,72,0,72,0,8,201,0,209,330,0,330,539
05/28/2001,MYF,CA,AWP,WE,Towers with Display (VFR),0,8,137,0,145,0,0,127,0,127,0,8,264,0,272,426,0,426,698
05/29/2001,MYF,CA,AWP,WE,Towers with Display (VFR),0,10,90,0,100,0,11,342,2,355,0,21,432,2,455,280,0,280,735
05/30/2001,MYF,CA,AWP,WE,Towers with Display (VFR),0,15,130,0,145,0,12,311,3,326,0,27,441,3,471,309,0,309,780
05/31/2001,MYF,CA,AWP,WE,Towers with Display (VFR),0,19,169,0,188,0,9,177,2,188,0,28,346,2,376,194,0,194,570
06/01/2001,MYF,CA,AWP,WE,Towers with Display (VFR),0,21,166,0,187,0,2,91,0,93,0,23,257,0,280,157,0,157,437
06/02/2001,MYF,CA,AWP,WE,Towers with Display (VFR),0,8,142,0,150,0,0,87,0,87,0,8,229,0,237,443,0,443,680
06/03/2001,MYF,CA,AWP,WE,Towers with Display (VFR),0,2,100,0,102,0,0,219,0,219,0,2,319,0,321,263,0,263,584
06/04/2001,MYF,CA,AWP,WE,Towers with Display (VFR),0,11,88,0,99,0,11,292,0,303,0,22,380,0,402,331,0,331,733
06/05/2001,MYF,CA,AWP,WE,Towers with Display (VFR),0,13,102,0,115,0,14,331,0,345,0,27,433,0,460,508,0,508,968
06/06/2001,MYF,CA,AWP,WE,Towers with Display (VFR),0,13,104,0,117,0,28,379,0,407,0,41,483,0,524,465,0,465,989
06/07/2001,MYF,CA,AWP,WE,Towers with Display (VFR),0,14,112,0,126,0,12,302,0,314,0,26,414,0,440,250,0,250,690
06/08/2001,MYF,CA,AWP,WE,Towers with Display (VFR),0,16,133,0,149,0,11,287,0,298,0,27,420,0,447,360,1,361,808
06/09/2001,MYF,CA,AWP,WE,Towers with Display (VFR),0,3,75,0,78,0,0,311,0,311,0,3,386,0,389,279,0,279,668
06/10/2001,MYF,CA,AWP,WE,Towers with Display (VFR),0,0,88,0,88,0,0,315,0,315,0,0,403,0,403,178,0,178,581
06/11/2001,MYF,CA,AWP,WE,Towers with Display (VFR),0,9,69,0,78,0,17,381,0,398,0,26,450,0,476,315,0,315,791
06/12/2001,MYF,CA,AWP,WE,Towers with Display (VFR),0,15,119,0,134,0,10,195,0,205,0,25,314,0,339,260,0,260,599
06/13/2001,MYF,CA,AWP,WE,Towers with Display (VFR),0,19,150,0,169,0,6,227,0,233,0,25,377,0,402,317,0,317,719
06/14/2001,MYF,CA,AWP,WE,Towers with Display (VFR),0,11,85,0,96,0,13,377,0,390,0,24,462,0,486,354,0,354,840
06/15/2001,MYF,CA,AWP,WE,Towers with Display (VFR),0,13,114,0,127,0,14,415,0,429,0,27,529,0,556,226,0,226,782
06/16/2001,MYF,CA,AWP,WE,Towers with Display (VFR),0,7,92,0,99,0,0,358,0,358,0,7,450,0,457,281,0,281,738
06/17/2001,MYF,CA,AWP,WE,Towers with Display (VFR),0,4,88,0,92,0,0,259,0,259,0,4,347,0,351,272,0,272,623
06/18/2001,MYF,CA,AWP,WE,Towers with Display (VFR),0,10,92,0,102,0,7,317,0,324,0,17,409,0,426,323,0,323,749
06/19/2001,MYF,CA,AWP,WE,Towers with Display (VFR),0,8,76,0,84,0,8,389,0,397,0,16,465,0,481,349,0,349,830
06/20/2001,MYF,CA,AWP,WE,Towers with Display (VFR),0,12,105,0,117,0,17,401,1,419,0,29,506,1,536,257,0,257,793
06/21/2001,MYF,CA,AWP,WE,Towers with Display (VFR),0,13,113,0,126,0,21,353,2,376,0,34,466,2,502,176,0,176,678
06/22/2001,MYF,CA,AWP,WE,Towers with Display (VFR),0,9,76,0,85,0,19,406,0,425,0,28,482,0,510,234,0,234,744
06/23/2001,MYF,CA,AWP,WE,Towers with Display (VFR),0,1,71,0,72,0,0,305,0,305,0,1,376,0,377,178,0,178,555
06/24/2001,MYF,CA,AWP,WE,Towers with Display (VFR),0,0,67,0,67,0,0,302,0,302,0,0,369,0,369,281,0,281,650
06/25/2001,MYF,CA,AWP,WE,Towers with Display (VFR),0,12,109,0,121,0,0,256,0,256,0,12,365,0,377,255,0,255,632
06/26/2001,MYF,CA,AWP,WE,Towers with Display (VFR),0,9,82,0,91,0,13,357,0,370,0,22,439,0,461,368,0,368,829
06/27/2001,MYF,CA,AWP,WE,Towers with Display (VFR),0,10,87,0,97,0,15,379,0,394,0,25,466,0,491,281,0,281,772
06/28/2001,MYF,CA,AWP,WE,Towers with Display (VFR),0,9,83,0,92,0,22,400,0,422,0,31,483,0,514,246,0,246,760
06/29/2001,MYF,CA,AWP,WE,Towers with Display (VFR),0,15,126,0,141,0,7,357,0,364,0,22,483,0,505,295,0,295,800
06/30/2001,MYF,CA,AWP,WE,Towers with Display (VFR),0,2,73,0,75,0,0,360,0,360,0,2,433,0,435,160,0,160,595
07/01/2001,MYF,CA,AWP,WE,Towers with Display (VFR),0,0,75,0,75,0,0,312,0,312,0,0,387,0,387,316,0,316,703
07/02/2001,MYF,CA,AWP,WE,Towers with Display (VFR),0,10,92,0,102,0,12,250,0,262,0,22,342,0,364,320,0,320,684
07/03/2001,MYF,CA,AWP,WE,Towers with Display (VFR),0,10,91,0,101,0,8,280,0,288,0,18,371,0,389,328,0,328,717
07/04/2001,MYF,CA,AWP,WE,Towers with Display (VFR),0,3,67,0,70,0,0,218,0,218,0,3,285,0,288,222,0,222,510
07/05/2001,MYF,CA,AWP,WE,Towers with Display (VFR),0,10,85,0,95,0,10,239,0,249,0,20,324,0,344,303,0,303,647
07/06/2001,MYF,CA,AWP,WE,Towers with Display (VFR),0,13,118,0,131,0,10,249,1,260,0,23,367,1,391,211,1,212,603
07/07/2001,MYF,CA,AWP,WE,Towers with Display (VFR),0,5,63,0,68,0,0,311,0,311,0,5,374,0,379,229,0,229,608
07/08/2001,MYF,CA,AWP,WE,Towers with Display (VFR),0,0,72,0,72,0,0,364,1,365,0,0,436,1,437,103,0,103,540
07/09/2001,MYF,CA,AWP,WE,Towers with Display (VFR),0,14,132,0,146,0,5,194,0,199,0,19,326,0,345,197,0,197,542
07/10/2001,MYF,CA,AWP,WE,Towers with Display (VFR),0,13,116,0,129,0,8,353,2,363,0,21,469,2,492,373,0,373,865
07/11/2001,MYF,CA,AWP,WE,Towers with Display (VFR),0,12,108,0,120,0,15,318,0,333,0,27,426,0,453,327,0,327,780
07/12/2001,MYF,CA,AWP,WE,Towers with Display (VFR),0,13,123,1,137,0,11,361,40,412,0,24,484,41,549,304,0,304,853
07/13/2001,MYF,CA,AWP,WE,Towers with Display (VFR),0,11,110,1,122,0,11,352,3,366,0,22,462,4,488,252,0,252,740
07/14/2001,MYF,CA,AWP,WE,Towers with Display (VFR),0,4,108,0,112,0,0,289,0,289,0,4,397,0,401,243,0,243,644
07/15/2001,MYF,CA,AWP,WE,Towers with Display (VFR),0,1,82,0,83,0,0,419,0,419,0,1,501,0,502,221,0,221,723
07/16/2001,MYF,CA,AWP,WE,Towers with Display (VFR),0,10,95,0,105,0,2,298,0,300,0,12,393,0,405,214,0,214,619
07/17/2001,MYF,CA,AWP,WE,Towers with Display (VFR),0,9,90,0,99,0,16,385,0,401,0,25,475,0,500,256,2,258,758
07/18/2001,MYF,CA,AWP,WE,Towers with Display (VFR),0,7,71,0,78,0,5,344,0,349,0,12,415,0,427,286,0,286,713
07/19/2001,MYF,CA,AWP,WE,Towers with Display (VFR),0,11,114,0,125,0,34,377,0,411,0,45,491,0,536,246,0,246,782
07/20/2001,MYF,CA,AWP,WE,Towers with Display (VFR),0,12,117,0,129,0,7,319,2,328,0,19,436,2,457,219,0,219,676
07/21/2001,MYF,CA,AWP,WE,Towers with Display (VFR),0,8,77,0,85,0,0,337,0,337,0,8,414,0,422,190,0,190,612
07/22/2001,MYF,CA,AWP,WE,Towers with Display (VFR),0,3,70,0,73,0,0,326,2,328,0,3,396,2,401,224,0,224,625
07/23/2001,MYF,CA,AWP,WE,Towers with Display (VFR),0,9,88,0,97,0,7,279,2,288,0,16,367,2,385,247,0,247,632
07/24/2001,MYF,CA,AWP,WE,Towers with Display (VFR),0,10,103,0,113,0,6,304,0,310,0,16,407,0,423,342,0,342,765
07/25/2001,MYF,CA,AWP,WE,Towers with Display (VFR),0,9,95,0,104,0,8,264,0,272,0,17,359,0,376,232,0,232,608
07/26/2001,MYF,CA,AWP,WE,Towers with Display (VFR),0,11,111,0,122,0,14,278,0,292,0,25,389,0,414,283,0,283,697
07/27/2001,MYF,CA,AWP,WE,Towers with Display (VFR),0,10,99,0,109,0,13,338,0,351,0,23,437,0,460,268,10,278,738
07/28/2001,MYF,CA,AWP,WE,Towers with Display (VFR),0,2,83,0,85,0,0,312,0,312,0,2,395,0,397,237,0,237,634
07/29/2001,MYF,CA,AWP,WE,Towers with Display (VFR),0,0,66,0,66,0,0,270,1,271,0,0,336,1,337,316,0,316,653
07/30/2001,MYF,CA,AWP,WE,Towers with Display (VFR),0,11,108,0,119,0,5,223,0,228,0,16,331,0,347,308,0,308,655
07/31/2001,MYF,CA,AWP,WE,Towers with Display (VFR),0,11,112,0,123,0,6,271,2,279,0,17,383,2,402,382,10,392,794
08/01/2001,MYF,CA,AWP,WE,Towers with Display (VFR),0,11,124,0,135,0,9,286,4,299,0,20,410,4,434,321,0,321,755
08/02/2001,MYF,CA,AWP,WE,Towers with Display (VFR),0,13,145,0,158,0,9,247,0,256,0,22,392,0,414,183,0,183,597
08/03/2001,MYF,CA,AWP,WE,Towers with Display (VFR),0,10,109,0,119,0,11,328,2,341,0,21,437,2,460,291,0,291,751
08/04/2001,MYF,CA,AWP,WE,Towers with Display (VFR),0,10,126,0,136,0,0,305,0,305,0,10,431,0,441,213,0,213,654
08/05/2001,MYF,CA,AWP,WE,Towers with Display (VFR),0,0,63,0,63,0,0,305,0,305,0,0,368,0,368,196,0,196,564
08/06/2001,MYF,CA,AWP,WE,Towers with Display (VFR),0,8,88,0,96,0,7,274,0,281,0,15,362,0,377,178,0,178,555
08/07/2001,MYF,CA,AWP,WE,Towers with Display (VFR),0,7,77,0,84,0,11,283,1,295,0,18,360,1,379,194,0,194,573
08/08/2001,MYF,CA,AWP,WE,Towers with Display (VFR),0,12,134,0,146,0,16,295,0,311,0,28,429,0,457,210,0,210,667
08/09/2001,MYF,CA,AWP,WE,Towers with Display (VFR),0,9,99,0,108,0,14,315,4,333,0,23,414,4,441,369,0,369,810
08/10/2001,MYF,CA,AWP,WE,Towers with Display (VFR),0,11,123,0,134,0,23,318,0,341,0,34,441,0,475,212,0,212,687
08/11/2001,MYF,CA,AWP,WE,Towers with Display (VFR),0,3,162,0,165,0,0,246,0,246,0,3,408,0,411,227,0,227,638
08/12/2001,MYF,CA,AWP,WE,Towers with Display (VFR),0,5,84,0,89,0,0,275,0,275,0,5,359,0,364,130,0,130,494
08/13/2001,MYF,CA,AWP,WE,Towers with Display (VFR),0,10,105,0,115,0,22,253,0,275,0,32,358,0,390,248,0,248,638
08/14/2001,MYF,CA,AWP,WE,Towers with Display (VFR),0,9,107,0,116,0,14,297,0,311,0,23,404,0,427,183,0,183,610
08/15/2001,MYF,CA,AWP,WE,Towers with Display (VFR),0,9,113,0,122,0,7,338,0,345,0,16,451,0,467,360,0,360,827
08/16/2001,MYF,CA,AWP,WE,Towers with Display (VFR),0,8,93,0,101,0,13,323,0,336,0,21,416,0,437,338,0,338,775
08/17/2001,MYF,CA,AWP,WE,Towers with Display (VFR),0,7,86,0,93,0,5,317,0,322,0,12,403,0,415,191,0,191,606
08/18/2001,MYF,CA,AWP,WE,Towers with Display (VFR),0,7,83,0,90,0,13,314,0,327,0,20,397,0,417,260,0,260,677
08/19/2001,MYF,CA,AWP,WE,Towers with Display (VFR),0,1,56,0,57,11,0,286,0,297,11,1,342,0,354,146,0,146,500
08/20/2001,MYF,CA,AWP,WE,Towers with Display (VFR),0,8,93,0,101,0,10,240,2,252,0,18,333,2,353,192,0,192,545
08/21/2001,MYF,CA,AWP,WE,Towers with Display (VFR),0,9,104,0,113,0,9,246,0,255,0,18,350,0,368,297,0,297,665
08/22/2001,MYF,CA,AWP,WE,Towers with Display (VFR),0,7,83,0,90,0,14,347,0,361,0,21,430,0,451,166,0,166,617
08/23/2001,MYF,CA,AWP,WE,Towers with Display (VFR),0,8,93,0,101,0,16,378,1,395,0,24,471,1,496,200,0,200,696
08/24/2001,MYF,CA,AWP,WE,Towers with Display (VFR),0,7,93,0,100,0,7,370,0,377,0,14,463,0,477,157,0,157,634
08/25/2001,MYF,CA,AWP,WE,Towers with Display (VFR),0,4,67,0,71,0,0,288,0,288,0,4,355,0,359,179,0,179,538
08/26/2001,MYF,CA,AWP,WE,Towers with Display (VFR),0,0,64,0,64,0,0,212,0,212,0,0,276,0,276,181,0,181,457
08/27/2001,MYF,CA,AWP,WE,Towers with Display (VFR),0,8,102,0,110,0,15,276,0,291,0,23,378,0,401,231,0,231,632
08/28/2001,MYF,CA,AWP,WE,Towers with Display (VFR),0,10,118,0,128,0,14,274,0,288,0,24,392,0,416,228,0,228,644
08/29/2001,MYF,CA,AWP,WE,Towers with Display (VFR),0,10,126,0,136,0,11,261,0,272,0,21,387,0,408,179,0,179,587
08/30/2001,MYF,CA,AWP,WE,Towers with Display (VFR),0,9,111,0,120,0,9,375,0,384,0,18,486,0,504,332,0,332,836
08/31/2001,MYF,CA,AWP,WE,Towers with Display (VFR),0,7,86,0,93,0,11,333,1,345,0,18,419,1,438,205,0,205,643
09/01/2001,MYF,CA,AWP,WE,Towers with Display (VFR),0,4,58,0,62,0,3,318,0,321,0,7,376,0,383,260,0,260,643
09/02/2001,MYF,CA,AWP,WE,Towers with Display (VFR),0,1,70,0,71,0,0,203,0,203,0,1,273,0,274,167,0,167,441
09/03/2001,MYF,CA,AWP,WE,Towers with Display (VFR),0,8,145,0,153,0,0,156,0,156,0,8,301,0,309,112,0,112,421
09/04/2001,MYF,CA,AWP,WE,Towers with Display (VFR),0,9,95,0,104,0,9,220,0,229,0,18,315,0,333,194,0,194,527
09/05/2001,MYF,CA,AWP,WE,Towers with Display (VFR),0,9,93,0,102,0,10,229,0,239,0,19,322,0,341,81,0,81,422
09/06/2001,MYF,CA,AWP,WE,Towers with Display (VFR),0,12,143,0,155,0,8,237,0,245,0,20,380,0,400,185,0,185,585
09/07/2001,MYF,CA,AWP,WE,Towers with Display (VFR),0,12,133,0,145,0,36,269,0,305,0,48,402,0,450,219,0,219,669
09/08/2001,MYF,CA,AWP,WE,Towers with Display (VFR),0,0,131,0,131,0,0,163,0,163,0,0,294,0,294,269,0,269,563
09/09/2001,MYF,CA,AWP,WE,Towers with Display (VFR),0,1,139,0,140,0,0,114,0,114,0,1,253,0,254,89,0,89,343
09/10/2001,MYF,CA,AWP,WE,Towers with Display (VFR),0,12,134,0,146,0,5,51,0,56,0,17,185,0,202,130,0,130,332
09/11/2001,MYF,CA,AWP,WE,Towers with Display (VFR),0,0,4,0,4,0,2,15,0,17,0,2,19,0,21,0,0,0,21
09/12/2001,MYF,CA,AWP,WE,Towers with Display (VFR),0,0,5,0,5,0,6,4,0,10,0,6,9,0,15,0,0,0,15
09/13/2001,MYF,CA,AWP,WE,Towers with Display (VFR),0,1,8,0,9,0,14,0,0,14,0,15,8,0,23,4,6,10,33
09/14/2001,MYF,CA,AWP,WE,Towers with Display (VFR),0,6,70,1,77,0,24,36,0,60,0,30,106,1,137,0,0,0,137
09/15/2001,MYF,CA,AWP,WE,Towers with Display (VFR),0,8,114,1,123,0,0,39,0,39,0,8,153,1,162,5,8,13,175
09/16/2001,MYF,CA,AWP,WE,Towers with Display (VFR),0,2,85,0,87,0,0,40,0,40,0,2,125,0,127,0,0,0,127
09/17/2001,MYF,CA,AWP,WE,Towers with Display (VFR),0,13,139,0,152,0,13,5,0,18,0,26,144,0,170,0,0,0,170
09/18/2001,MYF,CA,AWP,WE,Towers with Display (VFR),0,13,154,0,167,0,12,12,0,24,0,25,166,0,191,6,0,6,197
09/19/2001,MYF,CA,AWP,WE,Towers with Display (VFR),0,15,169,1,185,0,12,11,1,24,0,27,180,2,209,1,14,15,224
09/20/2001,MYF,CA,AWP,WE,Towers with Display (VFR),0,14,159,0,173,0,14,26,0,40,0,28,185,0,213,0,0,0,213
09/21/2001,MYF,CA,AWP,WE,Towers with Display (VFR),0,15,176,1,192,0,7,22,2,31,0,22,198,3,223,0,11,11,234
09/22/2001,MYF,CA,AWP,WE,Towers with Display (VFR),0,5,160,1,166,0,0,39,0,39,0,5,199,1,205,21,0,21,226
09/23/2001,MYF,CA,AWP,WE,Towers with Display (VFR),0,3,160,1,164,0,0,48,0,48,0,3,208,1,212,91,0,91,303
09/24/2001,MYF,CA,AWP,WE,Towers with Display (VFR),0,13,147,1,161,0,15,94,1,110,0,28,241,2,271,233,0,233,504
09/25/2001,MYF,CA,AWP,WE,Towers with Display (VFR),0,12,134,0,146,0,17,125,0,142,0,29,259,0,288,170,0,170,458
09/26/2001,MYF,CA,AWP,WE,Towers with Display (VFR),0,13,136,0,149,0,26,165,0,191,0,39,301,0,340,252,0,252,592
09/27/2001,MYF,CA,AWP,WE,Towers with Display (VFR),0,12,130,0,142,0,19,149,2,170,0,31,279,2,312,311,30,341,653
09/28/2001,MYF,CA,AWP,WE,Towers with Display (VFR),0,13,148,0,161,0,7,139,0,146,0,20,287,0,307,149,0,149,456
09/29/2001,MYF,CA,AWP,WE,Towers with Display (VFR),0,8,123,0,131,0,0,156,10,166,0,8,279,10,297,248,0,248,545
09/30/2001,MYF,CA,AWP,WE,Towers with Display (VFR),0,10,137,0,147,0,0,124,0,124,0,10,261,0,271,128,0,128,399
10/01/2001,MYF,CA,AWP,WE,Towers with Display (VFR),0,16,105,0,121,0,5,170,2,177,0,21,275,2,298,152,0,152,450
10/02/2001,MYF,CA,AWP,WE,Towers with Display (VFR),0,18,123,0,141,0,3,111,2,116,0,21,234,2,257,144,0,144,401
10/03/2001,MYF,CA,AWP,WE,Towers with Display (VFR),0,17,122,0,139,0,25,142,0,167,0,42,264,0,306,336,0,336,642
10/04/2001,MYF,CA,AWP,WE,Towers with Display (VFR),0,20,184,0,204,0,9,154,0,163,0,29,338,0,367,138,0,138,505
10/05/2001,MYF,CA,AWP,WE,Towers with Display (VFR),0,8,182,0,190,0,15,39,0,54,0,23,221,0,244,242,0,242,486
10/06/2001,MYF,CA,AWP,WE,Towers with Display (VFR),0,1,129,0,130,0,1,130,0,131,0,2,259,0,261,217,0,217,478
10/07/2001,MYF,CA,AWP,WE,Towers with Display (VFR),0,2,105,0,107,0,3,64,0,67,0,5,169,0,174,128,0,128,302
10/08/2001,MYF,CA,AWP,WE,Towers with Display (VFR),0,5,189,0,194,0,0,36,0,36,0,5,225,0,230,273,0,273,503
10/09/2001,MYF,CA,AWP,WE,Towers with Display (VFR),0,21,139,0,160,0,5,84,0,89,0,26,223,0,249,372,0,372,621
10/10/2001,MYF,CA,AWP,WE,Towers with Display (VFR),0,21,123,0,144,0,3,254,2,259,0,24,377,2,403,196,0,196,599
10/11/2001,MYF,CA,AWP,WE,Towers with Display (VFR),0,21,131,0,152,0,2,186,1,189,0,23,317,1,341,235,0,235,576
10/12/2001,MYF,CA,AWP,WE,Towers with Display (VFR),0,16,133,0,149,0,0,185,3,188,0,16,318,3,337,342,0,342,679
10/13/2001,MYF,CA,AWP,WE,Towers with Display (VFR),0,1,123,0,124,0,3,150,0,153,0,4,273,0,277,184,0,184,461
10/14/2001,MYF,CA,AWP,WE,Towers with Display (VFR),0,3,158,0,161,0,0,161,0,161,0,3,319,0,322,126,0,126,448
10/15/2001,MYF,CA,AWP,WE,Towers with Display (VFR),0,0,0,0,0,0,19,271,0,290,0,19,271,0,290,156,0,156,446
10/16/2001,MYF,CA,AWP,WE,Towers with Display (VFR),0,16,140,2,158,0,4,161,0,165,0,20,301,2,323,193,0,193,516
10/17/2001,MYF,CA,AWP,WE,Towers with Display (VFR),0,13,105,0,118,0,7,193,0,200,0,20,298,0,318,325,0,325,643
10/18/2001,MYF,CA,AWP,WE,Towers with Display (VFR),0,16,141,0,157,0,26,177,0,203,0,42,318,0,360,210,0,210,570
10/19/2001,MYF,CA,AWP,WE,Towers with Display (VFR),0,18,135,0,153,0,5,167,1,173,0,23,302,1,326,144,0,144,470
10/20/2001,MYF,CA,AWP,WE,Towers with Display (VFR),0,0,177,0,177,0,5,159,0,164,0,5,336,0,341,231,0,231,572
10/21/2001,MYF,CA,AWP,WE,Towers with Display (VFR),0,1,145,0,146,0,0,99,0,99,0,1,244,0,245,143,0,143,388
10/22/2001,MYF,CA,AWP,WE,Towers with Display (VFR),0,18,116,0,134,0,1,174,0,175,0,19,290,0,309,92,0,92,401
10/23/2001,MYF,CA,AWP,WE,Towers with Display (VFR),0,20,137,0,157,0,2,313,0,315,0,22,450,0,472,416,0,416,888
10/24/2001,MYF,CA,AWP,WE,Towers with Display (VFR),0,13,126,0,139,0,3,204,0,207,0,16,330,0,346,251,0,251,597
10/25/2001,MYF,CA,AWP,WE,Towers with Display (VFR),0,17,98,0,115,0,5,330,0,335,0,22,428,0,450,440,0,440,890
10/26/2001,MYF,CA,AWP,WE,Towers with Display (VFR),0,15,132,0,147,0,2,298,0,300,0,17,430,0,447,213,0,213,660
10/27/2001,MYF,CA,AWP,WE,Towers with Display (VFR),0,1,120,0,121,0,6,182,0,188,0,7,302,0,309,201,0,201,510
10/28/2001,MYF,CA,AWP,WE,Towers with Display (VFR),0,0,170,0,170,0,3,54,0,57,0,3,224,0,227,293,0,293,520
10/29/2001,MYF,CA,AWP,WE,Towers with Display (VFR),0,18,101,0,119,0,9,222,0,231,0,27,323,0,350,292,0,292,642
10/30/2001,MYF,CA,AWP,WE,Towers with Display (VFR),0,17,108,0,125,0,8,282,0,290,0,25,390,0,415,338,0,338,753
10/31/2001,MYF,CA,AWP,WE,Towers with Display (VFR),0,20,105,0,125,0,7,288,0,295,0,27,393,0,420,192,0,192,612
11/01/2001,MYF,CA,AWP,WE,Towers with Display (VFR),0,18,144,0,162,0,3,230,0,233,0,21,374,0,395,175,0,175,570
11/02/2001,MYF,CA,AWP,WE,Towers with Display (VFR),0,16,167,0,183,0,6,193,0,199,0,22,360,0,382,223,0,223,605
11/03/2001,MYF,CA,AWP,WE,Towers with Display (VFR),0,0,97,0,97,0,0,281,0,281,0,0,378,0,378,279,0,279,657
11/04/2001,MYF,CA,AWP,WE,Towers with Display (VFR),0,2,122,0,124,0,1,153,0,154,0,3,275,0,278,292,0,292,570
11/05/2001,MYF,CA,AWP,WE,Towers with Display (VFR),0,19,131,0,150,0,1,87,0,88,0,20,218,0,238,127,0,127,365
11/06/2001,MYF,CA,AWP,WE,Towers with Display (VFR),0,14,177,0,191,0,0,0,0,0,0,14,177,0,191,9,0,9,200
11/07/2001,MYF,CA,AWP,WE,Towers with Display (VFR),0,20,229,0,249,0,0,16,0,16,0,20,245,0,265,11,0,11,276
11/08/2001,MYF,CA,AWP,WE,Towers with Display (VFR),0,9,144,0,153,0,10,262,0,272,0,19,406,0,425,193,0,193,618
11/09/2001,MYF,CA,AWP,WE,Towers with Display (VFR),0,13,199,0,212,0,4,126,0,130,0,17,325,0,342,232,0,232,574
11/10/2001,MYF,CA,AWP,WE,Towers with Display (VFR),0,1,167,0,168,0,2,153,0,155,0,3,320,0,323,348,0,348,671
11/11/2001,MYF,CA,AWP,WE,Towers with Display (VFR),0,0,96,0,96,0,1,194,0,195,0,1,290,0,291,195,0,195,486
11/12/2001,MYF,CA,AWP,WE,Towers with Display (VFR),0,6,102,0,108,0,1,145,0,146,0,7,247,0,254,285,0,285,539
11/13/2001,MYF,CA,AWP,WE,Towers with Display (VFR),0,12,111,0,123,0,5,138,2,145,0,17,249,2,268,142,0,142,410
11/14/2001,MYF,CA,AWP,WE,Towers with Display (VFR),0,14,109,0,123,0,4,418,2,424,0,18,527,2,547,282,0,282,829
11/15/2001,MYF,CA,AWP,WE,Towers with Display (VFR),0,14,88,0,102,0,1,418,0,419,0,15,506,0,521,206,0,206,727
11/16/2001,MYF,CA,AWP,WE,Towers with Display (VFR),0,13,127,0,140,0,7,360,0,367,0,20,487,0,507,211,0,211,718
11/17/2001,MYF,CA,AWP,WE,Towers with Display (VFR),0,0,111,0,111,0,0,261,0,261,0,0,372,0,372,192,0,192,564
11/18/2001,MYF,CA,AWP,WE,Towers with Display (VFR),0,0,93,0,93,0,0,238,0,238,0,0,331,0,331,192,0,192,523
11/19/2001,MYF,CA,AWP,WE,Towers with Display (VFR),0,14,86,0,100,0,5,317,0,322,0,19,403,0,422,227,0,227,649
11/20/2001,MYF,CA,AWP,WE,Towers with Display (VFR),0,14,115,0,129,0,2,248,0,250,0,16,363,0,379,274,0,274,653
11/21/2001,MYF,CA,AWP,WE,Towers with Display (VFR),0,11,116,0,127,0,7,247,0,254,0,18,363,0,381,301,0,301,682
11/22/2001,MYF,CA,AWP,WE,Towers with Display (VFR),0,1,90,0,91,0,2,59,0,61,0,3,149,0,152,100,0,100,252
11/23/2001,MYF,CA,AWP,WE,Towers with Display (VFR),0,13,100,0,113,0,5,213,0,218,0,18,313,0,331,299,0,299,630
11/24/2001,MYF,CA,AWP,WE,Towers with Display (VFR),0,6,84,1,91,0,0,128,0,128,0,6,212,1,219,143,2,145,364
11/25/2001,MYF,CA,AWP,WE,Towers with Display (VFR),0,0,108,0,108,0,0,134,0,134,0,0,242,0,242,164,0,164,406
11/26/2001,MYF,CA,AWP,WE,Towers with Display (VFR),0,15,96,0,111,0,0,238,0,238,0,15,334,0,349,208,0,208,557
11/27/2001,MYF,CA,AWP,WE,Towers with Display (VFR),0,15,110,0,125,0,7,239,0,246,0,22,349,0,371,219,0,219,590
11/28/2001,MYF,CA,AWP,WE,Towers with Display (VFR),0,18,103,0,121,0,3,388,0,391,0,21,491,0,512,410,0,410,922
11/29/2001,MYF,CA,AWP,WE,Towers with Display (VFR),0,25,90,0,115,0,4,84,0,88,0,29,174,0,203,174,0,174,377
11/30/2001,MYF,CA,AWP,WE,Towers with Display (VFR),0,15,120,0,135,0,2,377,0,379,0,17,497,0,514,292,0,292,806
12/01/2001,MYF,CA,AWP,WE,Towers with Display (VFR),0,1,77,0,78,0,0,384,0,384,0,1,461,0,462,312,0,312,774
12/02/2001,MYF,CA,AWP,WE,Towers with Display (VFR),0,1,99,0,100,0,0,212,0,212,0,1,311,0,312,199,0,199,511
12/03/2001,MYF,CA,AWP,WE,Towers with Display (VFR),0,13,103,0,116,0,12,104,0,116,0,25,207,0,232,409,0,409,641
12/04/2001,MYF,CA,AWP,WE,Towers with Display (VFR),0,18,109,0,127,0,3,254,0,257,0,21,363,0,384,270,0,270,654
12/05/2001,MYF,CA,AWP,WE,Towers with Display (VFR),0,16,125,0,141,0,1,349,2,352,0,17,474,2,493,298,0,298,791
12/06/2001,MYF,CA,AWP,WE,Towers with Display (VFR),0,19,152,0,171,0,9,315,0,324,0,28,467,0,495,197,0,197,692
12/07/2001,MYF,CA,AWP,WE,Towers with Display (VFR),0,13,96,1,110,0,7,350,15,372,0,20,446,16,482,149,0,149,631
12/08/2001,MYF,CA,AWP,WE,Towers with Display (VFR),0,3,80,0,83,0,2,308,0,310,0,5,388,0,393,304,0,304,697
12/09/2001,MYF,CA,AWP,WE,Towers with Display (VFR),0,1,85,0,86,0,0,244,0,244,0,1,329,0,330,182,0,182,512
12/10/2001,MYF,CA,AWP,WE,Towers with Display (VFR),0,22,119,0,141,0,4,184,0,188,0,26,303,0,329,285,0,285,614
12/11/2001,MYF,CA,AWP,WE,Towers with Display (VFR),0,17,97,0,114,0,5,283,0,288,0,22,380,0,402,196,0,196,598
12/12/2001,MYF,CA,AWP,WE,Towers with Display (VFR),0,19,125,0,144,0,2,302,0,304,0,21,427,0,448,207,0,207,655
12/13/2001,MYF,CA,AWP,WE,Towers with Display (VFR),0,18,126,0,144,0,6,250,0,256,0,24,376,0,400,313,0,313,713
12/14/2001,MYF,CA,AWP,WE,Towers with Display (VFR),0,18,128,0,146,0,5,74,1,80,0,23,202,1,226,124,0,124,350
12/15/2001,MYF,CA,AWP,WE,Towers with Display (VFR),0,1,101,0,102,0,3,353,0,356,0,4,454,0,458,301,0,301,759
12/16/2001,MYF,CA,AWP,WE,Towers with Display (VFR),0,3,106,0,109,0,2,257,0,259,0,5,363,0,368,174,0,174,542
12/17/2001,MYF,CA,AWP,WE,Towers with Display (VFR),0,13,87,0,100,0,38,277,0,315,0,51,364,0,415,177,0,177,592
12/18/2001,MYF,CA,AWP,WE,Towers with Display (VFR),0,21,118,0,139,0,10,264,0,274,0,31,382,0,413,182,0,182,595
12/19/2001,MYF,CA,AWP,WE,Towers with Display (VFR),0,12,110,0,122,0,5,280,0,285,0,17,390,0,407,156,0,156,563
12/20/2001,MYF,CA,AWP,WE,Towers with Display (VFR),0,20,102,0,122,0,3,159,0,162,0,23,261,0,284,262,0,262,546
12/21/2001,MYF,CA,AWP,WE,Towers with Display (VFR),0,12,98,0,110,0,8,117,0,125,0,20,215,0,235,276,0,276,511
12/22/2001,MYF,CA,AWP,WE,Towers with Display (VFR),0,1,73,0,74,0,1,319,0,320,0,2,392,0,394,198,0,198,592
12/23/2001,MYF,CA,AWP,WE,Towers with Display (VFR),0,0,80,0,80,0,1,120,0,121,0,1,200,0,201,204,0,204,405
12/24/2001,MYF,CA,AWP,WE,Towers with Display (VFR),0,15,43,0,58,0,7,167,0,174,0,22,210,0,232,177,0,177,409
12/25/2001,MYF,CA,AWP,WE,Towers with Display (VFR),0,4,18,0,22,0,7,81,0,88,0,11,99,0,110,62,0,62,172
12/26/2001,MYF,CA,AWP,WE,Towers with Display (VFR),0,16,75,0,91,0,3,352,17,372,0,19,427,17,463,238,0,238,701
12/27/2001,MYF,CA,AWP,WE,Towers with Display (VFR),0,14,76,0,90,0,3,338,0,341,0,17,414,0,431,221,0,221,652
12/28/2001,MYF,CA,AWP,WE,Towers with Display (VFR),0,9,73,0,82,3,12,229,0,244,3,21,302,0,326,231,0,231,557
12/29/2001,MYF,CA,AWP,WE,Towers with Display (VFR),0,0,74,0,74,0,0,187,0,187,0,0,261,0,261,298,0,298,559
12/30/2001,MYF,CA,AWP,WE,Towers with Display (VFR),0,5,82,0,87,0,0,86,0,86,0,5,168,0,173,234,0,234,407
12/31/2001,MYF,CA,AWP,WE,Towers with Display (VFR),0,27,127,0,154,0,3,65,0,68,0,30,192,0,222,274,0,274,496
01/01/2002,MYF,CA,AWP,WE,Towers with Display (VFR),0,5,52,0,57,0,6,116,0,122,0,11,168,0,179,163,0,163,342
01/02/2002,MYF,CA,AWP,WE,Towers with Display (VFR),0,20,76,0,96,0,5,114,0,119,0,25,190,0,215,230,0,230,445
01/03/2002,MYF,CA,AWP,WE,Towers with Display (VFR),0,15,129,0,144,0,9,107,0,116,0,24,236,0,260,212,0,212,472
01/04/2002,MYF,CA,AWP,WE,Towers with Display (VFR),0,10,102,0,112,0,9,273,0,282,0,19,375,0,394,192,0,192,586
01/05/2002,MYF,CA,AWP,WE,Towers with Display (VFR),0,0,67,0,67,0,0,338,1,339,0,0,405,1,406,198,0,198,604
01/06/2002,MYF,CA,AWP,WE,Towers with Display (VFR),0,5,75,0,80,0,0,303,0,303,0,5,378,0,383,198,0,198,581
01/07/2002,MYF,CA,AWP,WE,Towers with Display (VFR),0,12,61,0,73,0,17,194,0,211,0,29,255,0,284,320,0,320,604
01/08/2002,MYF,CA,AWP,WE,Towers with Display (VFR),0,22,69,0,91,0,4,277,0,281,0,26,346,0,372,240,0,240,612
01/09/2002,MYF,CA,AWP,WE,Towers with Display (VFR),0,18,134,0,152,0,2,112,0,114,0,20,246,0,266,316,0,316,582
01/10/2002,MYF,CA,AWP,WE,Towers with Display (VFR),0,20,73,0,93,0,7,368,0,375,0,27,441,0,468,306,0,306,774
01/11/2002,MYF,CA,AWP,WE,Towers with Display (VFR),0,8,89,0,97,0,5,328,0,333,0,13,417,0,430,192,0,192,622
01/12/2002,MYF,CA,AWP,WE,Towers with Display (VFR),0,4,72,0,76,0,0,363,0,363,0,4,435,0,439,177,0,177,616
01/13/2002,MYF,CA,AWP,WE,Towers with Display (VFR),0,2,60,0,62,0,7,322,1,330,0,9,382,1,392,202,0,202,594
01/14/2002,MYF,CA,AWP,WE,Towers with Display (VFR),0,22,106,0,128,0,8,190,0,198,0,30,296,0,326,228,0,228,554
01/15/2002,MYF,CA,AWP,WE,Towers with Display (VFR),0,17,95,0,112,0,1,143,0,144,0,18,238,0,256,298,0,298,554
01/16/2002,MYF,CA,AWP,WE,Towers with Display (VFR),0,9,96,0,105,0,6,231,0,237,0,15,327,0,342,293,0,293,635
01/17/2002,MYF,CA,AWP,WE,Towers with Display (VFR),0,13,73,0,86,0,7,362,0,369,0,20,435,0,455,248,0,248,703
01/18/2002,MYF,CA,AWP,WE,Towers with Display (VFR),0,10,82,2,94,0,15,386,0,401,0,25,468,2,495,284,0,284,779
01/19/2002,MYF,CA,AWP,WE,Towers with Display (VFR),0,0,92,0,92,0,6,396,0,402,0,6,488,0,494,367,0,367,861
01/20/2002,MYF,CA,AWP,WE,Towers with Display (VFR),0,1,74,0,75,0,4,355,0,359,0,5,429,0,434,279,3,282,716
01/21/2002,MYF,CA,AWP,WE,Towers with Display (VFR),0,3,86,0,89,0,2,289,0,291,0,5,375,0,380,221,0,221,601
01/22/2002,MYF,CA,AWP,WE,Towers with Display (VFR),0,19,119,0,138,0,0,96,0,96,0,19,215,0,234,190,0,190,424
01/23/2002,MYF,CA,AWP,WE,Towers with Display (VFR),0,12,70,2,84,0,9,289,0,298,0,21,359,2,382,204,0,204,586
01/24/2002,MYF,CA,AWP,WE,Towers with Display (VFR),0,16,79,0,95,0,10,377,0,387,0,26,456,0,482,323,0,323,805
01/25/2002,MYF,CA,AWP,WE,Towers with Display (VFR),0,9,78,0,87,0,6,389,0,395,0,15,467,0,482,371,0,371,853
01/26/2002,MYF,CA,AWP,WE,Towers with Display (VFR),0,0,94,0,94,0,0,404,0,404,0,0,498,0,498,285,0,285,783
01/27/2002,MYF,CA,AWP,WE,Towers with Display (VFR),0,0,95,0,95,0,0,130,0,130,0,0,225,0,225,261,0,261,486
01/28/2002,MYF,CA,AWP,WE,Towers with Display (VFR),0,15,72,0,87,0,2,104,0,106,0,17,176,0,193,332,0,332,525
01/29/2002,MYF,CA,AWP,WE,Towers with Display (VFR),0,18,45,0,63,0,1,80,0,81,0,19,125,0,144,170,0,170,314
01/30/2002,MYF,CA,AWP,WE,Towers with Display (VFR),0,17,89,0,106,0,10,374,0,384,0,27,463,0,490,252,0,252,742
01/31/2002,MYF,CA,AWP,WE,Towers with Display (VFR),0,14,86,0,100,0,10,381,0,391,0,24,467,0,491,314,0,314,805
02/01/2002,MYF,CA,AWP,WE,Towers with Display (VFR),0,10,76,0,86,0,29,368,0,397,0,39,444,0,483,274,0,274,757
02/02/2002,MYF,CA,AWP,WE,Towers with Display (VFR),0,0,73,0,73,0,1,424,0,425,0,1,497,0,498,311,0,311,809
02/03/2002,MYF,CA,AWP,WE,Towers with Display (VFR),0,0,52,0,52,0,1,318,0,319,0,1,370,0,371,196,0,196,567
02/04/2002,MYF,CA,AWP,WE,Towers with Display (VFR),0,11,48,0,59,0,9,285,0,294,0,20,333,0,353,271,0,271,624
02/05/2002,MYF,CA,AWP,WE,Towers with Display (VFR),0,10,77,0,87,0,8,367,0,375,0,18,444,0,462,256,0,256,718
02/06/2002,MYF,CA,AWP,WE,Towers with Display (VFR),0,11,94,0,105,0,4,381,0,385,0,15,475,0,490,229,0,229,719
02/07/2002,MYF,CA,AWP,WE,Towers with Display (VFR),0,20,86,0,106,0,10,326,0,336,0,30,412,0,442,234,0,234,676
02/08/2002,MYF,CA,AWP,WE,Towers with Display (VFR),0,8,115,0,123,0,9,260,0,269,0,17,375,0,392,172,0,172,564
02/09/2002,MYF,CA,AWP,WE,Towers with Display (VFR),0,0,52,0,52,0,2,298,0,300,0,2,350,0,352,165,0,165,517
02/10/2002,MYF,CA,AWP,WE,Towers with Display (VFR),0,0,60,0,60,0,1,266,0,267,0,1,326,0,327,314,0,314,641
02/11/2002,MYF,CA,AWP,WE,Towers with Display (VFR),0,17,70,0,87,0,10,264,0,274,0,27,334,0,361,286,0,286,647
02/12/2002,MYF,CA,AWP,WE,Towers with Display (VFR),0,18,98,0,116,0,4,368,0,372,0,22,466,0,488,272,0,272,760
02/13/2002,MYF,CA,AWP,WE,Towers with Display (VFR),0,11,72,0,83,0,10,413,0,423,0,21,485,0,506,292,0,292,798
02/14/2002,MYF,CA,AWP,WE,Towers with Display (VFR),0,18,57,0,75,0,9,235,0,244,0,27,292,0,319,238,0,238,557
02/15/2002,MYF,CA,AWP,WE,Towers with Display (VFR),0,16,115,0,131,0,5,262,0,267,0,21,377,0,398,214,0,214,612
02/16/2002,MYF,CA,AWP,WE,Towers with Display (VFR),0,3,130,0,133,0,1,138,0,139,0,4,268,0,272,303,0,303,575
02/17/2002,MYF,CA,AWP,WE,Towers with Display (VFR),0,2,94,0,96,0,4,36,0,40,0,6,130,0,136,142,0,142,278
02/18/2002,MYF,CA,AWP,WE,Towers with Display (VFR),0,11,160,2,173,0,0,118,0,118,0,11,278,2,291,204,0,204,495
02/19/2002,MYF,CA,AWP,WE,Towers with Display (VFR),0,14,67,0,81,0,9,302,0,311,0,23,369,0,392,255,0,255,647
02/20/2002,MYF,CA,AWP,WE,Towers with Display (VFR),0,12,108,0,120,0,5,405,0,410,0,17,513,0,530,288,0,288,818
02/21/2002,MYF,CA,AWP,WE,Towers with Display (VFR),0,16,85,0,101,0,5,431,0,436,0,21,516,0,537,346,0,346,883
02/22/2002,MYF,CA,AWP,WE,Towers with Display (VFR),0,8,63,0,71,0,15,364,0,379,0,23,427,0,450,214,0,214,664
02/23/2002,MYF,CA,AWP,WE,Towers with Display (VFR),0,0,76,0,76,0,2,322,0,324,0,2,398,0,400,140,0,140,540
02/24/2002,MYF,CA,AWP,WE,Towers with Display (VFR),0,3,67,0,70,0,2,352,0,354,0,5,419,0,424,234,0,234,658
02/25/2002,MYF,CA,AWP,WE,Towers with Display (VFR),0,15,65,0,80,0,7,415,0,422,0,22,480,0,502,372,0,372,874
02/26/2002,MYF,CA,AWP,WE,Towers with Display (VFR),0,19,103,0,122,0,3,325,0,328,0,22,428,0,450,254,0,254,704
02/27/2002,MYF,CA,AWP,WE,Towers with Display (VFR),0,12,62,0,74,0,5,321,0,326,0,17,383,0,400,228,0,228,628
02/28/2002,MYF,CA,AWP,WE,Towers with Display (VFR),0,30,146,2,178,0,0,178,23,201,0,30,324,25,379,178,0,178,557
03/01/2002,MYF,CA,AWP,WE,Towers with Display (VFR),0,15,86,0,101,0,11,295,0,306,0,26,381,0,407,271,0,271,678
03/02/2002,MYF,CA,AWP,WE,Towers with Display (VFR),0,1,75,0,76,0,0,362,0,362,0,1,437,0,438,224,0,224,662
03/03/2002,MYF,CA,AWP,WE,Towers with Display (VFR),0,2,63,0,65,0,1,333,0,334,0,3,396,0,399,171,0,171,570
03/04/2002,MYF,CA,AWP,WE,Towers with Display (VFR),0,17,59,0,76,0,1,262,0,263,0,18,321,0,339,398,0,398,737
03/05/2002,MYF,CA,AWP,WE,Towers with Display (VFR),0,19,112,0,131,0,0,283,0,283,0,19,395,0,414,366,0,366,780
03/06/2002,MYF,CA,AWP,WE,Towers with Display (VFR),0,17,104,0,121,0,5,268,0,273,0,22,372,0,394,303,0,303,697
03/07/2002,MYF,CA,AWP,WE,Towers with Display (VFR),0,30,121,0,151,0,0,17,0,17,0,30,138,0,168,24,0,24,192
03/08/2002,MYF,CA,AWP,WE,Towers with Display (VFR),0,13,100,0,113,0,13,281,0,294,0,26,381,0,407,273,0,273,680
03/09/2002,MYF,CA,AWP,WE,Towers with Display (VFR),0,0,72,0,72,0,8,400,0,408,0,8,472,0,480,375,0,375,855
03/10/2002,MYF,CA,AWP,WE,Towers with Display (VFR),0,1,66,0,67,0,0,323,0,323,0,1,389,0,390,178,0,178,568
03/11/2002,MYF,CA,AWP,WE,Towers with Display (VFR),0,14,80,0,94,0,6,286,0,292,0,20,366,0,386,222,0,222,608
03/12/2002,MYF,CA,AWP,WE,Towers with Display (VFR),0,16,89,0,105,0,2,269,0,271,0,18,358,0,376,232,0,232,608
03/13/2002,MYF,CA,AWP,WE,Towers with Display (VFR),0,19,123,0,142,0,23,164,2,189,0,42,287,2,331,282,0,282,613
03/14/2002,MYF,CA,AWP,WE,Towers with Display (VFR),0,18,77,0,95,0,7,247,0,254,0,25,324,0,349,357,0,357,706
03/15/2002,MYF,CA,AWP,WE,Towers with Display (VFR),0,16,85,0,101,0,11,370,0,381,0,27,455,0,482,246,0,246,728
03/16/2002,MYF,CA,AWP,WE,Towers with Display (VFR),0,2,80,0,82,0,0,194,4,198,0,2,274,4,280,444,0,444,724
03/17/2002,MYF,CA,AWP,WE,Towers with Display (VFR),0,1,94,0,95,0,2,192,0,194,0,3,286,0,289,248,0,248,537
03/18/2002,MYF,CA,AWP,WE,Towers with Display (VFR),0,8,71,0,79,0,11,257,0,268,0,19,328,0,347,352,0,352,699
03/19/2002,MYF,CA,AWP,WE,Towers with Display (VFR),0,20,90,0,110,0,2,404,0,406,0,22,494,0,516,260,0,260,776
03/20/2002,MYF,CA,AWP,WE,Towers with Display (VFR),0,8,72,0,80,0,11,504,0,515,0,19,576,0,595,457,0,457,1052
03/21/2002,MYF,CA,AWP,WE,Towers with Display (VFR),0,0,0,0,0,0,19,487,0,506,0,19,487,0,506,378,0,378,884
03/22/2002,MYF,CA,AWP,WE,Towers with Display (VFR),0,12,104,0,116,0,10,353,3,366,0,22,457,3,482,222,0,222,704
03/23/2002,MYF,CA,AWP,WE,Towers with Display (VFR),0,2,135,0,137,0,1,142,0,143,0,3,277,0,280,300,0,300,580
03/24/2002,MYF,CA,AWP,WE,Towers with Display (VFR),0,0,122,0,122,0,1,125,0,126,0,1,247,0,248,272,0,272,520
03/25/2002,MYF,CA,AWP,WE,Towers with Display (VFR),0,15,91,0,106,0,3,338,0,341,0,18,429,0,447,204,0,204,651
03/26/2002,MYF,CA,AWP,WE,Towers with Display (VFR),0,12,75,0,87,0,6,398,0,404,0,18,473,0,491,376,0,376,867
03/27/2002,MYF,CA,AWP,WE,Towers with Display (VFR),0,18,180,0,198,0,2,132,0,134,0,20,312,0,332,348,0,348,680
03/28/2002,MYF,CA,AWP,WE,Towers with Display (VFR),0,18,117,0,135,0,0,209,0,209,0,18,326,0,344,325,0,325,669
03/29/2002,MYF,CA,AWP,WE,Towers with Display (VFR),0,14,135,0,149,0,3,249,0,252,0,17,384,0,401,477,0,477,878
03/30/2002,MYF,CA,AWP,WE,Towers with Display (VFR),0,5,163,0,168,0,1,202,0,203,0,6,365,0,371,126,0,126,497
03/31/2002,MYF,CA,AWP,WE,Towers with Display (VFR),0,2,93,0,95,0,0,142,0,142,0,2,235,0,237,161,0,161,398
04/01/2002,MYF,CA,AWP,WE,Towers with Display (VFR),0,20,121,0,141,0,0,173,1,174,0,20,294,1,315,234,0,234,549
04/02/2002,MYF,CA,AWP,WE,Towers with Display (VFR),0,19,155,0,174,0,2,178,0,180,0,21,333,0,354,222,0,222,576
04/03/2002,MYF,CA,AWP,WE,Towers with Display (VFR),0,18,155,0,173,0,0,146,18,164,0,18,301,18,337,366,0,366,703
04/04/2002,MYF,CA,AWP,WE,Towers with Display (VFR),0,12,93,0,105,0,22,324,0,346,0,34,417,0,451,204,0,204,655
04/05/2002,MYF,CA,AWP,WE,Towers with Display (VFR),0,16,142,0,158,0,6,224,0,230,0,22,366,0,388,320,0,320,708
04/06/2002,MYF,CA,AWP,WE,Towers with Display (VFR),0,3,110,0,113,0,0,127,0,127,0,3,237,0,240,306,0,306,546
04/07/2002,MYF,CA,AWP,WE,Towers with Display (VFR),0,2,114,0,116,0,0,205,0,205,0,2,319,0,321,234,0,234,555
04/08/2002,MYF,CA,AWP,WE,Towers with Display (VFR),0,23,85,0,108,0,0,281,8,289,0,23,366,8,397,385,0,385,782
04/09/2002,MYF,CA,AWP,WE,Towers with Display (VFR),0,13,126,0,139,0,1,207,0,208,0,14,333,0,347,164,0,164,511
04/10/2002,MYF,CA,AWP,WE,Towers with Display (VFR),0,16,120,0,136,0,0,230,0,230,0,16,350,0,366,310,0,310,676
04/11/2002,MYF,CA,AWP,WE,Towers with Display (VFR),0,22,102,0,124,0,10,270,0,280,0,32,372,0,404,258,0,258,662
04/12/2002,MYF,CA,AWP,WE,Towers with Display (VFR),0,22,150,0,172,0,33,150,0,183,0,55,300,0,355,312,0,312,667
04/13/2002,MYF,CA,AWP,WE,Towers with Display (VFR),0,1,111,0,112,0,0,299,0,299,0,1,410,0,411,320,0,320,731
04/14/2002,MYF,CA,AWP,WE,Towers with Display (VFR),0,3,129,0,132,0,0,200,0,200,0,3,329,0,332,182,0,182,514
04/15/2002,MYF,CA,AWP,WE,Towers with Display (VFR),0,19,100,0,119,0,5,7,0,12,0,24,107,0,131,18,0,18,149
04/16/2002,MYF,CA,AWP,WE,Towers with Display (VFR),0,13,93,0,106,0,4,268,0,272,0,17,361,0,378,293,0,293,671
04/17/2002,MYF,CA,AWP,WE,Towers with Display (VFR),0,12,104,0,116,0,8,255,4,267,0,20,359,4,383,289,0,289,672
04/18/2002,MYF,CA,AWP,WE,Towers with Display (VFR),0,15,113,0,128,0,9,366,0,375,0,24,479,0,503,228,0,228,731
04/19/2002,MYF,CA,AWP,WE,Towers with Display (VFR),0,14,81,0,95,0,8,356,0,364,0,22,437,0,459,304,0,304,763
04/20/2002,MYF,CA,AWP,WE,Towers with Display (VFR),0,0,98,0,98,0,14,331,0,345,0,14,429,0,443,228,0,228,671
04/21/2002,MYF,CA,AWP,WE,Towers with Display (VFR),0,3,78,0,81,0,1,397,0,398,0,4,475,0,479,195,0,195,674
04/22/2002,MYF,CA,AWP,WE,Towers with Display (VFR),0,13,99,0,112,0,5,282,2,289,0,18,381,2,401,280,0,280,681
04/23/2002,MYF,CA,AWP,WE,Towers with Display (VFR),0,14,92,0,106,0,0,373,0,373,0,14,465,0,479,372,0,372,851
04/24/2002,MYF,CA,AWP,WE,Towers with Display (VFR),0,19,142,0,161,0,3,156,0,159,0,22,298,0,320,321,0,321,641
04/25/2002,MYF,CA,AWP,WE,Towers with Display (VFR),0,14,93,0,107,0,9,370,0,379,0,23,463,0,486,426,0,426,912
04/26/2002,MYF,CA,AWP,WE,Towers with Display (VFR),0,18,109,0,127,0,4,86,0,90,0,22,195,0,217,147,0,147,364
04/27/2002,MYF,CA,AWP,WE,Towers with Display (VFR),0,0,0,0,0,0,6,323,1,330,0,6,323,1,330,442,0,442,772
04/28/2002,MYF,CA,AWP,WE,Towers with Display (VFR),0,0,70,0,70,0,4,387,1,392,0,4,457,1,462,228,0,228,690
04/29/2002,MYF,CA,AWP,WE,Towers with Display (VFR),0,11,78,0,89,0,3,339,0,342,0,14,417,0,431,362,0,362,793
04/30/2002,MYF,CA,AWP,WE,Towers with Display (VFR),0,16,106,0,122,0,12,382,0,394,0,28,488,0,516,512,0,512,1028
05/01/2002,MYF,CA,AWP,WE,Towers with Display (VFR),0,13,120,0,133,0,5,356,0,361,0,18,476,0,494,416,0,416,910
05/02/2002,MYF,CA,AWP,WE,Towers with Display (VFR),0,12,103,0,115,0,12,482,0,494,0,24,585,0,609,445,0,445,1054
05/03/2002,MYF,CA,AWP,WE,Towers with Display (VFR),0,10,110,1,121,0,3,254,0,257,0,13,364,1,378,382,0,382,760
05/04/2002,MYF,CA,AWP,WE,Towers with Display (VFR),0,4,109,0,113,0,0,283,0,283,0,4,392,0,396,215,0,215,611
05/05/2002,MYF,CA,AWP,WE,Towers with Display (VFR),0,0,89,0,89,0,2,266,1,269,0,2,355,1,358,340,0,340,698
05/06/2002,MYF,CA,AWP,WE,Towers with Display (VFR),0,19,81,0,100,0,0,248,0,248,0,19,329,0,348,266,0,266,614
05/07/2002,MYF,CA,AWP,WE,Towers with Display (VFR),0,21,134,1,156,0,4,102,0,106,0,25,236,1,262,312,0,312,574
05/08/2002,MYF,CA,AWP,WE,Towers with Display (VFR),0,10,133,0,143,0,3,351,0,354,0,13,484,0,497,401,0,401,898
05/09/2002,MYF,CA,AWP,WE,Towers with Display (VFR),0,13,114,0,127,0,3,382,0,385,0,16,496,0,512,364,0,364,876
05/10/2002,MYF,CA,AWP,WE,Towers with Display (VFR),0,15,137,0,152,0,0,312,0,312,0,15,449,0,464,277,0,277,741
05/11/2002,MYF,CA,AWP,WE,Towers with Display (VFR),0,1,97,0,98,0,3,388,0,391,0,4,485,0,489,297,0,297,786
05/12/2002,MYF,CA,AWP,WE,Towers with Display (VFR),0,0,77,0,77,0,1,364,0,365,0,1,441,0,442,234,0,234,676
05/13/2002,MYF,CA,AWP,WE,Towers with Display (VFR),0,15,73,0,88,0,8,353,0,361,0,23,426,0,449,362,0,362,811
05/14/2002,MYF,CA,AWP,WE,Towers with Display (VFR),0,11,73,0,84,2,15,408,0,425,2,26,481,0,509,242,0,242,751
05/15/2002,MYF,CA,AWP,WE,Towers with Display (VFR),0,24,169,0,193,0,0,251,0,251,0,24,420,0,444,436,0,436,880
05/16/2002,MYF,CA,AWP,WE,Towers with Display (VFR),0,16,110,0,126,0,1,303,0,304,0,17,413,0,430,394,0,394,824
05/17/2002,MYF,CA,AWP,WE,Towers with Display (VFR),0,19,158,0,177,0,4,251,0,255,0,23,409,0,432,243,0,243,675
05/18/2002,MYF,CA,AWP,WE,Towers with Display (VFR),0,0,166,0,166,0,0,71,0,71,0,0,237,0,237,289,0,289,526
05/19/2002,MYF,CA,AWP,WE,Towers with Display (VFR),0,1,133,0,134,0,0,160,32,192,0,1,293,32,326,246,0,246,572
05/20/2002,MYF,CA,AWP,WE,Towers with Display (VFR),0,19,146,0,165,0,9,152,0,161,0,28,298,0,326,352,0,352,678
05/21/2002,MYF,CA,AWP,WE,Towers with Display (VFR),0,8,107,0,115,0,13,291,0,304,0,21,398,0,419,256,0,256,675
05/22/2002,MYF,CA,AWP,WE,Towers with Display (VFR),0,12,106,0,118,0,4,494,0,498,0,16,600,0,616,364,0,364,980
05/23/2002,MYF,CA,AWP,WE,Towers with Display (VFR),0,18,93,0,111,0,1,506,0,507,0,19,599,0,618,344,0,344,962
05/24/2002,MYF,CA,AWP,WE,Towers with Display (VFR),0,16,119,0,135,0,7,345,0,352,0,23,464,0,487,226,0,226,713
05/25/2002,MYF,CA,AWP,WE,Towers with Display (VFR),0,1,131,0,132,0,3,288,0,291,0,4,419,0,423,322,0,322,745
05/26/2002,MYF,CA,AWP,WE,Towers with Display (VFR),0,1,98,0,99,0,0,232,0,232,0,1,330,0,331,316,0,316,647
05/27/2002,MYF,CA,AWP,WE,Towers with Display (VFR),0,1,119,0,120,0,1,356,0,357,0,2,475,0,477,294,0,294,771
05/28/2002,MYF,CA,AWP,WE,Towers with Display (VFR),0,19,121,0,140,0,0,360,0,360,0,19,481,0,500,297,0,297,797
05/29/2002,MYF,CA,AWP,WE,Towers with Display (VFR),0,16,111,0,127,0,0,429,0,429,0,16,540,0,556,360,0,360,916
05/30/2002,MYF,CA,AWP,WE,Towers with Display (VFR),0,21,141,0,162,0,6,194,2,202,0,27,335,2,364,166,0,166,530
05/31/2002,MYF,CA,AWP,WE,Towers with Display (VFR),0,15,113,0,128,0,6,348,0,354,0,21,461,0,482,319,0,319,801
06/01/2002,MYF,CA,AWP,WE,Towers with Display (VFR),0,1,87,0,88,0,2,344,0,346,0,3,431,0,434,346,0,346,780
06/02/2002,MYF,CA,AWP,WE,Towers with Display (VFR),0,0,90,0,90,0,0,392,0,392,0,0,482,0,482,196,0,196,678
06/03/2002,MYF,CA,AWP,WE,Towers with Display (VFR),0,7,122,0,129,0,0,259,0,259,0,7,381,0,388,290,0,290,678
06/04/2002,MYF,CA,AWP,WE,Towers with Display (VFR),0,12,104,0,116,0,4,475,0,479,0,16,579,0,595,322,0,322,917
06/05/2002,MYF,CA,AWP,WE,Towers with Display (VFR),0,16,106,0,122,0,10,365,0,375,0,26,471,0,497,244,0,244,741
06/06/2002,MYF,CA,AWP,WE,Towers with Display (VFR),0,17,118,0,135,0,4,287,0,291,0,21,405,0,426,213,0,213,639
06/07/2002,MYF,CA,AWP,WE,Towers with Display (VFR),0,22,142,0,164,0,0,170,0,170,0,22,312,0,334,200,0,200,534
06/08/2002,MYF,CA,AWP,WE,Towers with Display (VFR),0,2,171,0,173,0,0,135,0,135,0,2,306,0,308,234,0,234,542
06/09/2002,MYF,CA,AWP,WE,Towers with Display (VFR),0,0,124,0,124,0,1,164,0,165,0,1,288,0,289,280,0,280,569
06/10/2002,MYF,CA,AWP,WE,Towers with Display (VFR),0,21,114,0,135,0,0,244,0,244,0,21,358,0,379,231,0,231,610
06/11/2002,MYF,CA,AWP,WE,Towers with Display (VFR),0,15,82,0,97,0,7,416,0,423,0,22,498,0,520,310,1,311,831
06/12/2002,MYF,CA,AWP,WE,Towers with Display (VFR),0,15,110,0,125,0,4,391,0,395,0,19,501,0,520,402,0,402,922
06/13/2002,MYF,CA,AWP,WE,Towers with Display (VFR),0,15,101,0,116,0,4,403,1,408,0,19,504,1,524,296,3,299,823
06/14/2002,MYF,CA,AWP,WE,Towers with Display (VFR),0,19,114,0,133,0,2,349,6,357,0,21,463,6,490,261,0,261,751
06/15/2002,MYF,CA,AWP,WE,Towers with Display (VFR),0,3,98,0,101,0,0,339,2,341,0,3,437,2,442,312,0,312,754
06/16/2002,MYF,CA,AWP,WE,Towers with Display (VFR),0,0,70,0,70,0,0,425,0,425,0,0,495,0,495,184,0,184,679
06/17/2002,MYF,CA,AWP,WE,Towers with Display (VFR),0,8,122,0,130,0,9,279,0,288,0,17,401,0,418,286,0,286,704
06/18/2002,MYF,CA,AWP,WE,Towers with Display (VFR),0,10,111,0,121,0,13,467,0,480,0,23,578,0,601,336,0,336,937
06/19/2002,MYF,CA,AWP,WE,Towers with Display (VFR),0,17,151,0,168,0,4,209,0,213,0,21,360,0,381,50,0,50,431
06/20/2002,MYF,CA,AWP,WE,Towers with Display (VFR),0,18,209,0,227,0,2,35,18,55,0,20,244,18,282,72,0,72,354
06/21/2002,MYF,CA,AWP,WE,Towers with Display (VFR),0,20,129,0,149,0,0,227,49,276,0,20,356,49,425,242,0,242,667
06/22/2002,MYF,CA,AWP,WE,Towers with Display (VFR),0,0,100,0,100,0,11,316,0,327,0,11,416,0,427,350,0,350,777
06/23/2002,MYF,CA,AWP,WE,Towers with Display (VFR),0,0,100,0,100,0,0,270,0,270,0,0,370,0,370,160,0,160,530
06/24/2002,MYF,CA,AWP,WE,Towers with Display (VFR),0,17,99,0,116,0,0,298,0,298,0,17,397,0,414,140,0,140,554
06/25/2002,MYF,CA,AWP,WE,Towers with Display (VFR),0,16,106,0,122,0,2,362,0,364,0,18,468,0,486,222,0,222,708
06/26/2002,MYF,CA,AWP,WE,Towers with Display (VFR),0,14,114,0,128,0,4,363,0,367,0,18,477,0,495,312,0,312,807
06/27/2002,MYF,CA,AWP,WE,Towers with Display (VFR),0,14,107,0,121,0,7,373,0,380,0,21,480,0,501,192,0,192,693
06/28/2002,MYF,CA,AWP,WE,Towers with Display (VFR),0,12,125,0,137,0,3,506,0,509,0,15,631,0,646,302,0,302,948
06/29/2002,MYF,CA,AWP,WE,Towers with Display (VFR),0,1,89,0,90,0,0,373,0,373,0,1,462,0,463,254,0,254,717
06/30/2002,MYF,CA,AWP,WE,Towers with Display (VFR),0,2,84,0,86,0,0,309,0,309,0,2,393,0,395,250,0,250,645
07/01/2002,MYF,CA,AWP,WE,Towers with Display (VFR),0,13,102,0,115,0,0,252,0,252,0,13,354,0,367,374,0,374,741
07/02/2002,MYF,CA,AWP,WE,Towers with Display (VFR),0,9,93,0,102,0,11,408,0,419,0,20,501,0,521,364,0,364,885
07/03/2002,MYF,CA,AWP,WE,Towers with Display (VFR),0,17,132,0,149,0,0,463,0,463,0,17,595,0,612,290,0,290,902
07/04/2002,MYF,CA,AWP,WE,Towers with Display (VFR),0,0,98,0,98,0,0,269,0,269,0,0,367,0,367,256,0,256,623
07/05/2002,MYF,CA,AWP,WE,Towers with Display (VFR),0,16,132,0,148,0,2,298,1,301,0,18,430,1,449,186,0,186,635
07/06/2002,MYF,CA,AWP,WE,Towers with Display (VFR),0,0,97,0,97,0,0,274,0,274,0,0,371,0,371,200,0,200,571
07/07/2002,MYF,CA,AWP,WE,Towers with Display (VFR),0,1,132,0,133,0,0,311,0,311,0,1,443,0,444,108,0,108,552
07/08/2002,MYF,CA,AWP,WE,Towers with Display (VFR),0,11,106,0,117,0,4,316,0,320,0,15,422,0,437,296,0,296,733
07/09/2002,MYF,CA,AWP,WE,Towers with Display (VFR),0,11,105,0,116,0,10,316,0,326,0,21,421,0,442,174,0,174,616
07/10/2002,MYF,CA,AWP,WE,Towers with Display (VFR),0,18,100,0,118,0,7,309,0,316,0,25,409,0,434,179,0,179,613
07/11/2002,MYF,CA,AWP,WE,Towers with Display (VFR),0,18,135,0,153,0,5,339,0,344,0,23,474,0,497,418,0,418,915
07/12/2002,MYF,CA,AWP,WE,Towers with Display (VFR),0,11,118,0,129,0,0,323,0,323,0,11,441,0,452,219,0,219,671
07/13/2002,MYF,CA,AWP,WE,Towers with Display (VFR),0,2,97,0,99,0,0,398,0,398,0,2,495,0,497,244,0,244,741
07/14/2002,MYF,CA,AWP,WE,Towers with Display (VFR),0,0,99,0,99,0,0,360,0,360,0,0,459,0,459,185,0,185,644
07/15/2002,MYF,CA,AWP,WE,Towers with Display (VFR),0,13,83,0,96,0,3,278,0,281,0,16,361,0,377,214,0,214,591
07/16/2002,MYF,CA,AWP,WE,Towers with Display (VFR),0,17,106,0,123,0,7,382,0,389,0,24,488,0,512,404,0,404,916
07/17/2002,MYF,CA,AWP,WE,Towers with Display (VFR),0,21,137,0,158,0,4,425,0,429,0,25,562,0,587,381,0,381,968
07/18/2002,MYF,CA,AWP,WE,Towers with Display (VFR),0,17,132,0,149,0,2,339,0,341,0,19,471,0,490,374,0,374,864
07/19/2002,MYF,CA,AWP,WE,Towers with Display (VFR),0,17,129,0,146,0,3,211,0,214,0,20,340,0,360,184,0,184,544
07/20/2002,MYF,CA,AWP,WE,Towers with Display (VFR),0,1,118,0,119,0,0,185,0,185,0,1,303,0,304,230,0,230,534
07/21/2002,MYF,CA,AWP,WE,Towers with Display (VFR),0,2,98,0,100,0,1,254,2,257,0,3,352,2,357,306,0,306,663
07/22/2002,MYF,CA,AWP,WE,Towers with Display (VFR),0,15,113,0,128,0,8,259,0,267,0,23,372,0,395,214,0,214,609
07/23/2002,MYF,CA,AWP,WE,Towers with Display (VFR),0,11,113,0,124,0,9,479,0,488,0,20,592,0,612,308,0,308,920
07/24/2002,MYF,CA,AWP,WE,Towers with Display (VFR),0,8,98,0,106,0,5,584,0,589,0,13,682,0,695,395,0,395,1090
07/25/2002,MYF,CA,AWP,WE,Towers with Display (VFR),0,14,74,0,88,0,6,403,1,410,0,20,477,1,498,301,0,301,799
07/26/2002,MYF,CA,AWP,WE,Towers with Display (VFR),0,12,108,0,120,0,2,340,0,342,0,14,448,0,462,199,0,199,661
07/27/2002,MYF,CA,AWP,WE,Towers with Display (VFR),0,0,105,0,105,0,0,297,0,297,0,0,402,0,402,202,0,202,604
07/28/2002,MYF,CA,AWP,WE,Towers with Display (VFR),0,1,87,0,88,0,2,339,0,341,0,3,426,0,429,208,0,208,637
07/29/2002,MYF,CA,AWP,WE,Towers with Display (VFR),0,16,89,0,105,0,3,292,0,295,0,19,381,0,400,314,0,314,714
07/30/2002,MYF,CA,AWP,WE,Towers with Display (VFR),0,0,0,0,0,0,20,429,0,449,0,20,429,0,449,448,0,448,897
07/31/2002,MYF,CA,AWP,WE,Towers with Display (VFR),0,0,0,0,0,0,21,457,0,478,0,21,457,0,478,277,0,277,755
08/01/2002,MYF,CA,AWP,WE,Towers with Display (VFR),0,13,114,0,127,0,11,324,2,337,0,24,438,2,464,257,0,257,721
08/02/2002,MYF,CA,AWP,WE,Towers with Display (VFR),0,15,137,0,152,0,4,230,0,234,0,19,367,0,386,179,0,179,565
08/03/2002,MYF,CA,AWP,WE,Towers with Display (VFR),0,4,95,0,99,0,0,267,0,267,0,4,362,0,366,290,0,290,656
08/04/2002,MYF,CA,AWP,WE,Towers with Display (VFR),0,0,113,0,113,0,0,421,0,421,0,0,534,0,534,310,0,310,844
08/05/2002,MYF,CA,AWP,WE,Towers with Display (VFR),0,19,108,0,127,0,2,280,0,282,0,21,388,0,409,270,0,270,679
08/06/2002,MYF,CA,AWP,WE,Towers with Display (VFR),0,16,110,0,126,0,5,344,0,349,0,21,454,0,475,334,0,334,809
08/07/2002,MYF,CA,AWP,WE,Towers with Display (VFR),0,10,96,0,106,0,14,396,0,410,0,24,492,0,516,448,0,448,964
08/08/2002,MYF,CA,AWP,WE,Towers with Display (VFR),0,15,116,0,131,0,0,297,0,297,0,15,413,0,428,414,0,414,842
08/09/2002,MYF,CA,AWP,WE,Towers with Display (VFR),0,14,98,0,112,0,5,332,0,337,0,19,430,0,449,270,0,270,719
08/10/2002,MYF,CA,AWP,WE,Towers with Display (VFR),0,1,65,0,66,0,0,349,0,349,0,1,414,0,415,308,0,308,723
08/11/2002,MYF,CA,AWP,WE,Towers with Display (VFR),0,0,100,0,100,0,0,259,0,259,0,0,359,0,359,310,0,310,669
08/12/2002,MYF,CA,AWP,WE,Towers with Display (VFR),0,17,109,0,126,0,2,285,0,287,0,19,394,0,413,322,0,322,735
08/13/2002,MYF,CA,AWP,WE,Towers with Display (VFR),0,14,134,0,148,0,10,289,0,299,0,24,423,0,447,298,0,298,745
08/14/2002,MYF,CA,AWP,WE,Towers with Display (VFR),0,17,104,0,121,0,46,288,0,334,0,63,392,0,455,380,0,380,835
08/15/2002,MYF,CA,AWP,WE,Towers with Display (VFR),0,16,120,0,136,0,1,323,0,324,0,17,443,0,460,415,0,415,875
08/16/2002,MYF,CA,AWP,WE,Towers with Display (VFR),0,21,145,0,166,0,2,261,1,264,0,23,406,1,430,292,0,292,722
08/17/2002,MYF,CA,AWP,WE,Towers with Display (VFR),0,5,149,0,154,0,2,181,0,183,0,7,330,0,337,216,0,216,553
08/18/2002,MYF,CA,AWP,WE,Towers with Display (VFR),0,2,165,0,167,0,0,79,27,106,0,2,244,27,273,162,0,162,435
08/19/2002,MYF,CA,AWP,WE,Towers with Display (VFR),0,13,172,0,185,0,0,110,0,110,0,13,282,0,295,208,0,208,503
08/20/2002,MYF,CA,AWP,WE,Towers with Display (VFR),0,15,143,0,158,0,0,327,0,327,0,15,470,0,485,486,0,486,971
08/21/2002,MYF,CA,AWP,WE,Towers with Display (VFR),0,14,121,0,135,0,4,312,0,316,0,18,433,0,451,290,2,292,743
08/22/2002,MYF,CA,AWP,WE,Towers with Display (VFR),0,14,105,0,119,0,4,406,0,410,0,18,511,0,529,326,0,326,855
08/23/2002,MYF,CA,AWP,WE,Towers with Display (VFR),0,14,117,0,131,0,6,275,0,281,0,20,392,0,412,340,0,340,752
08/24/2002,MYF,CA,AWP,WE,Towers with Display (VFR),0,0,77,0,77,0,0,396,0,396,0,0,473,0,473,368,0,368,841
08/25/2002,MYF,CA,AWP,WE,Towers with Display (VFR),0,0,80,0,80,0,2,282,0,284,0,2,362,0,364,302,0,302,666
08/26/2002,MYF,CA,AWP,WE,Towers with Display (VFR),0,11,112,0,123,0,3,231,0,234,0,14,343,0,357,196,0,196,553
08/27/2002,MYF,CA,AWP,WE,Towers with Display (VFR),0,18,128,0,146,0,3,282,0,285,0,21,410,0,431,300,0,300,731
08/28/2002,MYF,CA,AWP,WE,Towers with Display (VFR),0,19,116,2,137,0,4,332,0,336,0,23,448,2,473,368,0,368,841
08/29/2002,MYF,CA,AWP,WE,Towers with Display (VFR),0,20,96,0,116,0,4,397,0,401,0,24,493,0,517,360,0,360,877
08/30/2002,MYF,CA,AWP,WE,Towers with Display (VFR),0,17,110,1,128,0,3,311,0,314,0,20,421,1,442,244,0,244,686
08/31/2002,MYF,CA,AWP,WE,Towers with Display (VFR),0,1,71,0,72,0,0,353,0,353,0,1,424,0,425,265,0,265,690
09/01/2002,MYF,CA,AWP,WE,Towers with Display (VFR),0,1,50,0,51,0,0,292,0,292,0,1,342,0,343,208,0,208,551
09/02/2002,MYF,CA,AWP,WE,Towers with Display (VFR),0,4,79,0,83,0,0,334,1,335,0,4,413,1,418,231,0,231,649
09/03/2002,MYF,CA,AWP,WE,Towers with Display (VFR),0,19,97,0,116,0,7,357,0,364,0,26,454,0,480,322,0,322,802
09/04/2002,MYF,CA,AWP,WE,Towers with Display (VFR),0,18,79,0,97,0,0,345,0,345,0,18,424,0,442,324,0,324,766
09/05/2002,MYF,CA,AWP,WE,Towers with Display (VFR),0,16,74,0,90,0,5,179,0,184,0,21,253,0,274,363,0,363,637
09/06/2002,MYF,CA,AWP,WE,Towers with Display (VFR),0,11,81,0,92,0,5,237,0,242,0,16,318,0,334,236,0,236,570
09/07/2002,MYF,CA,AWP,WE,Towers with Display (VFR),0,1,84,0,85,0,0,312,0,312,0,1,396,0,397,304,0,304,701
09/08/2002,MYF,CA,AWP,WE,Towers with Display (VFR),0,1,61,0,62,0,1,356,0,357,0,2,417,0,419,310,0,310,729
09/09/2002,MYF,CA,AWP,WE,Towers with Display (VFR),0,8,77,0,85,0,0,275,0,275,0,8,352,0,360,348,0,348,708
09/10/2002,MYF,CA,AWP,WE,Towers with Display (VFR),0,11,53,0,64,0,4,372,0,376,0,15,425,0,440,402,0,402,842
09/11/2002,MYF,CA,AWP,WE,Towers with Display (VFR),0,15,83,0,98,0,7,461,0,468,0,22,544,0,566,308,0,308,874
09/12/2002,MYF,CA,AWP,WE,Towers with Display (VFR),0,8,68,0,76,0,15,377,0,392,0,23,445,0,468,242,0,242,710
09/13/2002,MYF,CA,AWP,WE,Towers with Display (VFR),0,14,80,0,94,0,5,352,0,357,0,19,432,0,451,296,0,296,747
09/14/2002,MYF,CA,AWP,WE,Towers with Display (VFR),0,1,77,0,78,0,0,281,0,281,0,1,358,0,359,214,0,214,573
09/15/2002,MYF,CA,AWP,WE,Towers with Display (VFR),0,0,92,0,92,0,1,399,0,400,0,1,491,0,492,412,0,412,904
09/16/2002,MYF,CA,AWP,WE,Towers with Display (VFR),0,12,102,0,114,0,6,270,0,276,0,18,372,0,390,232,0,232,622
09/17/2002,MYF,CA,AWP,WE,Towers with Display (VFR),0,10,96,0,106,0,0,345,40,385,0,10,441,40,491,288,0,288,779
09/18/2002,MYF,CA,AWP,WE,Towers with Display (VFR),0,13,102,0,115,0,9,409,0,418,0,22,511,0,533,376,0,376,909
09/19/2002,MYF,CA,AWP,WE,Towers with Display (VFR),0,16,58,0,74,0,4,408,0,412,0,20,466,0,486,256,0,256,742
09/20/2002,MYF,CA,AWP,WE,Towers with Display (VFR),0,10,88,0,98,0,11,365,0,376,0,21,453,0,474,316,0,316,790
09/21/2002,MYF,CA,AWP,WE,Towers with Display (VFR),0,0,59,0,59,0,2,356,0,358,0,2,415,0,417,267,0,267,684
09/22/2002,MYF,CA,AWP,WE,Towers with Display (VFR),0,0,56,1,57,0,0,446,0,446,0,0,502,1,503,417,0,417,920
09/23/2002,MYF,CA,AWP,WE,Towers with Display (VFR),0,0,0,0,0,0,0,0,0,0,0,0,0,0,0,0,0,0,0
09/24/2002,MYF,CA,AWP,WE,Towers with Display (VFR),0,18,55,0,73,0,5,360,0,365,0,23,415,0,438,362,0,362,800
09/25/2002,MYF,CA,AWP,WE,Towers with Display (VFR),0,18,104,0,122,0,7,308,0,315,0,25,412,0,437,166,0,166,603
09/26/2002,MYF,CA,AWP,WE,Towers with Display (VFR),0,19,100,0,119,0,4,337,0,341,0,23,437,0,460,327,0,327,787
09/27/2002,MYF,CA,AWP,WE,Towers with Display (VFR),0,10,115,0,125,0,0,248,0,248,0,10,363,0,373,485,0,485,858
09/28/2002,MYF,CA,AWP,WE,Towers with Display (VFR),0,1,120,0,121,0,2,153,0,155,0,3,273,0,276,394,0,394,670
09/29/2002,MYF,CA,AWP,WE,Towers with Display (VFR),0,2,117,0,119,0,1,215,0,216,0,3,332,0,335,276,0,276,611
09/30/2002,MYF,CA,AWP,WE,Towers with Display (VFR),0,10,89,0,99,0,12,217,0,229,0,22,306,0,328,292,0,292,620
10/01/2002,MYF,CA,AWP,WE,Towers with Display (VFR),0,18,129,0,147,0,2,160,0,162,0,20,289,0,309,408,0,408,717
10/02/2002,MYF,CA,AWP,WE,Towers with Display (VFR),0,16,88,0,104,0,4,427,0,431,0,20,515,0,535,366,0,366,901
10/03/2002,MYF,CA,AWP,WE,Towers with Display (VFR),0,11,83,0,94,0,7,399,0,406,0,18,482,0,500,273,0,273,773
10/04/2002,MYF,CA,AWP,WE,Towers with Display (VFR),0,10,81,0,91,0,7,394,2,403,0,17,475,2,494,231,0,231,725
10/05/2002,MYF,CA,AWP,WE,Towers with Display (VFR),0,1,46,0,47,0,1,335,0,336,0,2,381,0,383,199,0,199,582
10/06/2002,MYF,CA,AWP,WE,Towers with Display (VFR),0,2,86,0,88,0,0,459,1,460,0,2,545,1,548,241,0,241,789
10/07/2002,MYF,CA,AWP,WE,Towers with Display (VFR),0,10,74,0,84,0,8,380,0,388,0,18,454,0,472,218,0,218,690
10/08/2002,MYF,CA,AWP,WE,Towers with Display (VFR),0,19,87,0,106,0,4,446,0,450,0,23,533,0,556,284,0,284,840
10/09/2002,MYF,CA,AWP,WE,Towers with Display (VFR),0,18,99,0,117,0,2,423,0,425,0,20,522,0,542,132,0,132,674
10/10/2002,MYF,CA,AWP,WE,Towers with Display (VFR),0,17,140,0,157,0,6,282,0,288,0,23,422,0,445,190,0,190,635
10/11/2002,MYF,CA,AWP,WE,Towers with Display (VFR),0,11,104,1,116,0,5,350,1,356,0,16,454,2,472,135,0,135,607
10/12/2002,MYF,CA,AWP,WE,Towers with Display (VFR),0,2,130,0,132,0,0,336,0,336,0,2,466,0,468,302,0,302,770
10/13/2002,MYF,CA,AWP,WE,Towers with Display (VFR),0,2,165,0,167,0,0,118,0,118,0,2,283,0,285,116,0,116,401
10/14/2002,MYF,CA,AWP,WE,Towers with Display (VFR),0,2,109,1,112,0,0,267,0,267,0,2,376,1,379,300,0,300,679
10/15/2002,MYF,CA,AWP,WE,Towers with Display (VFR),0,16,138,0,154,0,2,181,0,183,0,18,319,0,337,280,0,280,617
10/16/2002,MYF,CA,AWP,WE,Towers with Display (VFR),0,17,148,0,165,0,0,225,0,225,0,17,373,0,390,521,0,521,911
10/17/2002,MYF,CA,AWP,WE,Towers with Display (VFR),0,15,86,0,101,0,4,177,0,181,0,19,263,0,282,334,0,334,616
10/18/2002,MYF,CA,AWP,WE,Towers with Display (VFR),0,12,107,0,119,0,8,168,3,179,0,20,275,3,298,146,0,146,444
10/19/2002,MYF,CA,AWP,WE,Towers with Display (VFR),0,3,57,0,60,0,0,155,0,155,0,3,212,0,215,106,0,106,321
10/20/2002,MYF,CA,AWP,WE,Towers with Display (VFR),0,2,76,0,78,0,0,128,0,128,0,2,204,0,206,125,0,125,331
10/21/2002,MYF,CA,AWP,WE,Towers with Display (VFR),0,15,139,0,154,0,0,180,0,180,0,15,319,0,334,266,0,266,600
10/22/2002,MYF,CA,AWP,WE,Towers with Display (VFR),0,18,132,0,150,0,6,256,0,262,0,24,388,0,412,334,0,334,746
10/23/2002,MYF,CA,AWP,WE,Towers with Display (VFR),0,21,106,0,127,0,2,292,0,294,0,23,398,0,421,246,0,246,667
10/24/2002,MYF,CA,AWP,WE,Towers with Display (VFR),0,20,122,0,142,0,0,301,0,301,0,20,423,0,443,324,0,324,767
10/25/2002,MYF,CA,AWP,WE,Towers with Display (VFR),0,14,121,0,135,0,20,242,0,262,0,34,363,0,397,332,0,332,729
10/26/2002,MYF,CA,AWP,WE,Towers with Display (VFR),0,7,98,0,105,0,2,96,0,98,0,9,194,0,203,192,0,192,395
10/27/2002,MYF,CA,AWP,WE,Towers with Display (VFR),0,0,93,0,93,0,1,266,0,267,0,1,359,0,360,254,0,254,614
10/28/2002,MYF,CA,AWP,WE,Towers with Display (VFR),0,14,87,0,101,0,4,275,0,279,0,18,362,0,380,258,0,258,638
10/29/2002,MYF,CA,AWP,WE,Towers with Display (VFR),0,21,131,0,152,0,1,334,0,335,0,22,465,0,487,347,0,347,834
10/30/2002,MYF,CA,AWP,WE,Towers with Display (VFR),0,15,98,0,113,0,5,340,0,345,0,20,438,0,458,434,0,434,892
10/31/2002,MYF,CA,AWP,WE,Towers with Display (VFR),0,18,104,0,122,0,0,297,0,297,0,18,401,0,419,292,0,292,711
11/01/2002,MYF,CA,AWP,WE,Towers with Display (VFR),0,19,152,0,171,0,0,231,0,231,0,19,383,0,402,230,0,230,632
11/02/2002,MYF,CA,AWP,WE,Towers with Display (VFR),0,1,91,0,92,0,0,280,0,280,0,1,371,0,372,188,0,188,560
11/03/2002,MYF,CA,AWP,WE,Towers with Display (VFR),0,0,73,0,73,0,0,323,0,323,0,0,396,0,396,254,0,254,650
11/04/2002,MYF,CA,AWP,WE,Towers with Display (VFR),0,13,105,0,118,0,3,371,0,374,0,16,476,0,492,375,0,375,867
11/05/2002,MYF,CA,AWP,WE,Towers with Display (VFR),0,17,90,0,107,0,2,439,0,441,0,19,529,0,548,244,0,244,792
11/06/2002,MYF,CA,AWP,WE,Towers with Display (VFR),0,15,109,0,124,0,6,486,0,492,0,21,595,0,616,236,0,236,852
11/07/2002,MYF,CA,AWP,WE,Towers with Display (VFR),0,11,101,0,112,0,14,297,0,311,0,25,398,0,423,252,0,252,675
11/08/2002,MYF,CA,AWP,WE,Towers with Display (VFR),0,16,83,0,99,0,1,0,0,1,0,17,83,0,100,0,0,0,100
11/09/2002,MYF,CA,AWP,WE,Towers with Display (VFR),0,1,69,0,70,0,0,20,0,20,0,1,89,0,90,0,0,0,90
11/10/2002,MYF,CA,AWP,WE,Towers with Display (VFR),0,0,82,0,82,0,0,343,0,343,0,0,425,0,425,270,0,270,695
11/11/2002,MYF,CA,AWP,WE,Towers with Display (VFR),0,0,85,0,85,0,2,384,0,386,0,2,469,0,471,236,0,236,707
11/12/2002,MYF,CA,AWP,WE,Towers with Display (VFR),0,14,83,0,97,0,3,487,0,490,0,17,570,0,587,264,0,264,851
11/13/2002,MYF,CA,AWP,WE,Towers with Display (VFR),0,18,123,2,143,0,2,468,0,470,0,20,591,2,613,200,0,200,813
11/14/2002,MYF,CA,AWP,WE,Towers with Display (VFR),0,20,112,0,132,0,5,337,0,342,0,25,449,0,474,284,0,284,758
11/15/2002,MYF,CA,AWP,WE,Towers with Display (VFR),0,9,88,0,97,0,17,407,0,424,0,26,495,0,521,264,0,264,785
11/16/2002,MYF,CA,AWP,WE,Towers with Display (VFR),0,1,76,0,77,0,0,402,0,402,0,1,478,0,479,252,0,252,731
11/17/2002,MYF,CA,AWP,WE,Towers with Display (VFR),0,0,75,0,75,0,0,417,3,420,0,0,492,3,495,216,0,216,711
11/18/2002,MYF,CA,AWP,WE,Towers with Display (VFR),0,15,92,0,107,0,3,283,0,286,0,18,375,0,393,118,0,118,511
11/19/2002,MYF,CA,AWP,WE,Towers with Display (VFR),0,6,62,0,68,0,11,395,0,406,0,17,457,0,474,90,0,90,564
11/20/2002,MYF,CA,AWP,WE,Towers with Display (VFR),0,9,71,0,80,0,3,417,0,420,0,12,488,0,500,122,0,122,622
11/21/2002,MYF,CA,AWP,WE,Towers with Display (VFR),0,18,86,0,104,0,4,394,0,398,0,22,480,0,502,115,0,115,617
11/22/2002,MYF,CA,AWP,WE,Towers with Display (VFR),0,7,69,0,76,0,11,410,0,421,0,18,479,0,497,190,0,190,687
11/23/2002,MYF,CA,AWP,WE,Towers with Display (VFR),0,1,116,0,117,0,0,208,0,208,0,1,324,0,325,270,0,270,595
11/24/2002,MYF,CA,AWP,WE,Towers with Display (VFR),0,1,77,0,78,0,2,260,0,262,0,3,337,0,340,190,0,190,530
11/25/2002,MYF,CA,AWP,WE,Towers with Display (VFR),0,11,100,0,111,0,5,232,0,237,0,16,332,0,348,228,0,228,576
11/26/2002,MYF,CA,AWP,WE,Towers with Display (VFR),0,14,71,2,87,0,2,266,0,268,0,16,337,2,355,354,0,354,709
11/27/2002,MYF,CA,AWP,WE,Towers with Display (VFR),0,11,100,0,111,0,6,195,1,202,0,17,295,1,313,200,0,200,513
11/28/2002,MYF,CA,AWP,WE,Towers with Display (VFR),0,2,52,0,54,0,1,181,0,182,0,3,233,0,236,116,0,116,352
11/29/2002,MYF,CA,AWP,WE,Towers with Display (VFR),0,10,96,0,106,0,7,161,1,169,0,17,257,1,275,104,0,104,379
11/30/2002,MYF,CA,AWP,WE,Towers with Display (VFR),0,0,69,0,69,0,2,253,0,255,0,2,322,0,324,420,0,420,744
12/01/2002,MYF,CA,AWP,WE,Towers with Display (VFR),0,1,78,0,79,0,0,323,0,323,0,1,401,0,402,142,0,142,544
12/02/2002,MYF,CA,AWP,WE,Towers with Display (VFR),0,13,63,2,78,0,3,347,0,350,0,16,410,2,428,253,0,253,681
12/03/2002,MYF,CA,AWP,WE,Towers with Display (VFR),0,15,97,0,112,0,3,366,0,369,0,18,463,0,481,146,0,146,627
12/04/2002,MYF,CA,AWP,WE,Towers with Display (VFR),0,25,159,0,184,0,5,321,0,326,0,30,480,0,510,202,0,202,712
12/05/2002,MYF,CA,AWP,WE,Towers with Display (VFR),0,12,98,0,110,0,11,344,0,355,0,23,442,0,465,146,0,146,611
12/06/2002,MYF,CA,AWP,WE,Towers with Display (VFR),0,13,103,0,116,0,5,299,0,304,0,18,402,0,420,172,0,172,592
12/07/2002,MYF,CA,AWP,WE,Towers with Display (VFR),0,0,83,0,83,0,0,260,2,262,0,0,343,2,345,370,0,370,715
12/08/2002,MYF,CA,AWP,WE,Towers with Display (VFR),0,0,87,0,87,0,0,292,0,292,0,0,379,0,379,216,0,216,595
12/09/2002,MYF,CA,AWP,WE,Towers with Display (VFR),0,16,97,0,113,0,1,257,0,258,0,17,354,0,371,156,0,156,527
12/10/2002,MYF,CA,AWP,WE,Towers with Display (VFR),0,14,107,0,121,0,8,262,0,270,0,22,369,0,391,332,0,332,723
12/11/2002,MYF,CA,AWP,WE,Towers with Display (VFR),0,16,76,0,92,0,6,358,0,364,0,22,434,0,456,190,0,190,646
12/12/2002,MYF,CA,AWP,WE,Towers with Display (VFR),0,16,71,0,87,0,5,402,0,407,0,21,473,0,494,168,0,168,662
12/13/2002,MYF,CA,AWP,WE,Towers with Display (VFR),0,12,83,0,95,0,11,402,0,413,0,23,485,0,508,306,0,306,814
12/14/2002,MYF,CA,AWP,WE,Towers with Display (VFR),0,0,71,0,71,0,0,327,0,327,0,0,398,0,398,226,0,226,624
12/15/2002,MYF,CA,AWP,WE,Towers with Display (VFR),0,2,60,0,62,0,0,237,0,237,0,2,297,0,299,354,0,354,653
12/16/2002,MYF,CA,AWP,WE,Towers with Display (VFR),0,14,68,0,82,0,1,128,0,129,0,15,196,0,211,108,0,108,319
12/17/2002,MYF,CA,AWP,WE,Towers with Display (VFR),0,18,75,0,93,0,4,119,0,123,0,22,194,0,216,150,0,150,366
12/18/2002,MYF,CA,AWP,WE,Towers with Display (VFR),0,14,88,0,102,0,3,403,0,406,0,17,491,0,508,306,0,306,814
12/19/2002,MYF,CA,AWP,WE,Towers with Display (VFR),0,15,70,0,85,0,6,303,0,309,0,21,373,0,394,184,0,184,578
12/20/2002,MYF,CA,AWP,WE,Towers with Display (VFR),0,12,84,0,96,0,12,62,0,74,0,24,146,0,170,186,0,186,356
12/21/2002,MYF,CA,AWP,WE,Towers with Display (VFR),0,2,71,0,73,0,0,110,0,110,0,2,181,0,183,202,0,202,385
12/22/2002,MYF,CA,AWP,WE,Towers with Display (VFR),0,0,68,0,68,0,0,142,0,142,0,0,210,0,210,154,0,154,364
12/23/2002,MYF,CA,AWP,WE,Towers with Display (VFR),0,9,65,0,74,0,6,337,0,343,0,15,402,0,417,60,0,60,477
12/24/2002,MYF,CA,AWP,WE,Towers with Display (VFR),0,15,37,0,52,0,7,226,0,233,0,22,263,0,285,148,0,148,433
12/25/2002,MYF,CA,AWP,WE,Towers with Display (VFR),0,0,9,0,9,0,0,120,0,120,0,0,129,0,129,98,0,98,227
12/26/2002,MYF,CA,AWP,WE,Towers with Display (VFR),0,14,57,0,71,0,4,334,0,338,0,18,391,0,409,228,0,228,637
12/27/2002,MYF,CA,AWP,WE,Towers with Display (VFR),0,11,70,0,81,0,5,365,0,370,0,16,435,0,451,130,0,130,581
12/28/2002,MYF,CA,AWP,WE,Towers with Display (VFR),0,1,75,0,76,0,0,271,0,271,0,1,346,0,347,202,0,202,549
12/29/2002,MYF,CA,AWP,WE,Towers with Display (VFR),0,2,55,0,57,0,0,112,0,112,0,2,167,0,169,186,0,186,355
12/30/2002,MYF,CA,AWP,WE,Towers with Display (VFR),0,9,54,0,63,0,3,304,0,307,0,12,358,0,370,206,0,206,576
12/31/2002,MYF,CA,AWP,WE,Towers with Display (VFR),0,21,60,0,81,0,0,304,0,304,0,21,364,0,385,150,0,150,535
01/01/2003,MYF,CA,AWP,WE,Towers with Display (VFR),0,3,32,0,35,0,0,221,0,221,0,3,253,0,256,258,0,258,514
01/02/2003,MYF,CA,AWP,WE,Towers with Display (VFR),0,14,60,0,74,0,3,374,5,382,0,17,434,5,456,174,0,174,630
01/03/2003,MYF,CA,AWP,WE,Towers with Display (VFR),0,15,82,0,97,0,4,330,0,334,0,19,412,0,431,236,0,236,667
01/04/2003,MYF,CA,AWP,WE,Towers with Display (VFR),0,1,73,0,74,0,0,450,0,450,0,1,523,0,524,210,0,210,734
01/05/2003,MYF,CA,AWP,WE,Towers with Display (VFR),0,1,65,0,66,0,2,304,0,306,0,3,369,0,372,112,0,112,484
01/06/2003,MYF,CA,AWP,WE,Towers with Display (VFR),0,4,27,0,31,0,11,75,0,86,0,15,102,0,117,42,0,42,159
01/07/2003,MYF,CA,AWP,WE,Towers with Display (VFR),0,14,31,0,45,0,4,116,0,120,0,18,147,0,165,104,0,104,269
01/08/2003,MYF,CA,AWP,WE,Towers with Display (VFR),0,18,63,0,81,0,0,245,0,245,0,18,308,0,326,294,0,294,620
01/09/2003,MYF,CA,AWP,WE,Towers with Display (VFR),0,14,110,0,124,0,0,345,0,345,0,14,455,0,469,172,0,172,641
01/10/2003,MYF,CA,AWP,WE,Towers with Display (VFR),0,11,86,0,97,0,3,331,0,334,0,14,417,0,431,226,0,226,657
01/11/2003,MYF,CA,AWP,WE,Towers with Display (VFR),0,0,65,0,65,0,0,283,0,283,0,0,348,0,348,414,0,414,762
01/12/2003,MYF,CA,AWP,WE,Towers with Display (VFR),0,0,90,0,90,0,0,199,0,199,0,0,289,0,289,136,0,136,425
01/13/2003,MYF,CA,AWP,WE,Towers with Display (VFR),0,16,125,0,141,0,2,182,0,184,0,18,307,0,325,164,0,164,489
01/14/2003,MYF,CA,AWP,WE,Towers with Display (VFR),0,9,102,0,111,0,2,261,0,263,0,11,363,0,374,108,0,108,482
01/15/2003,MYF,CA,AWP,WE,Towers with Display (VFR),0,17,64,0,81,0,0,329,0,329,0,17,393,0,410,214,0,214,624
01/16/2003,MYF,CA,AWP,WE,Towers with Display (VFR),0,15,70,0,85,0,0,395,0,395,0,15,465,0,480,268,0,268,748
01/17/2003,MYF,CA,AWP,WE,Towers with Display (VFR),0,12,86,0,98,0,13,378,0,391,0,25,464,0,489,188,0,188,677
01/18/2003,MYF,CA,AWP,WE,Towers with Display (VFR),0,0,70,0,70,0,0,401,0,401,0,0,471,0,471,224,0,224,695
01/19/2003,MYF,CA,AWP,WE,Towers with Display (VFR),0,1,53,0,54,0,0,290,0,290,0,1,343,0,344,208,24,232,576
01/20/2003,MYF,CA,AWP,WE,Towers with Display (VFR),0,0,145,0,145,0,1,256,0,257,0,1,401,0,402,370,0,370,772
01/21/2003,MYF,CA,AWP,WE,Towers with Display (VFR),0,16,75,0,91,0,0,297,0,297,0,16,372,0,388,334,0,334,722
01/22/2003,MYF,CA,AWP,WE,Towers with Display (VFR),0,26,76,2,104,0,0,314,2,316,0,26,390,4,420,236,0,236,656
01/23/2003,MYF,CA,AWP,WE,Towers with Display (VFR),0,15,59,0,74,0,7,281,0,288,0,22,340,0,362,291,0,291,653
01/24/2003,MYF,CA,AWP,WE,Towers with Display (VFR),0,10,69,0,79,0,4,360,5,369,0,14,429,5,448,320,0,320,768
01/25/2003,MYF,CA,AWP,WE,Towers with Display (VFR),0,6,37,0,43,0,0,379,0,379,0,6,416,0,422,432,0,432,854
01/26/2003,MYF,CA,AWP,WE,Towers with Display (VFR),0,2,47,0,49,0,0,122,0,122,0,2,169,0,171,120,0,120,291
01/27/2003,MYF,CA,AWP,WE,Towers with Display (VFR),0,17,80,0,97,0,3,291,0,294,0,20,371,0,391,292,0,292,683
01/28/2003,MYF,CA,AWP,WE,Towers with Display (VFR),0,17,100,0,117,0,2,260,0,262,0,19,360,0,379,274,0,274,653
01/29/2003,MYF,CA,AWP,WE,Towers with Display (VFR),0,19,137,0,156,0,0,254,0,254,0,19,391,0,410,144,0,144,554
01/30/2003,MYF,CA,AWP,WE,Towers with Display (VFR),0,15,83,0,98,0,0,359,0,359,0,15,442,0,457,302,0,302,759
01/31/2003,MYF,CA,AWP,WE,Towers with Display (VFR),0,15,88,0,103,0,2,397,0,399,0,17,485,0,502,154,0,154,656
02/01/2003,MYF,CA,AWP,WE,Towers with Display (VFR),0,7,0,0,7,0,0,386,0,386,0,7,386,0,393,266,0,266,659
02/02/2003,MYF,CA,AWP,WE,Towers with Display (VFR),0,1,0,0,1,0,0,324,0,324,0,1,324,0,325,266,0,266,591
02/03/2003,MYF,CA,AWP,WE,Towers with Display (VFR),0,16,0,0,16,0,0,361,0,361,0,16,361,0,377,162,0,162,539
02/04/2003,MYF,CA,AWP,WE,Towers with Display (VFR),0,19,0,0,19,0,0,469,0,469,0,19,469,0,488,380,0,380,868
02/05/2003,MYF,CA,AWP,WE,Towers with Display (VFR),0,13,0,0,13,0,0,534,0,534,0,13,534,0,547,321,0,321,868
02/06/2003,MYF,CA,AWP,WE,Towers with Display (VFR),0,16,0,0,16,0,0,399,0,399,0,16,399,0,415,236,0,236,651
02/07/2003,MYF,CA,AWP,WE,Towers with Display (VFR),0,23,0,0,23,0,0,419,0,419,0,23,419,0,442,242,0,242,684
02/08/2003,MYF,CA,AWP,WE,Towers with Display (VFR),0,2,0,0,2,0,0,405,2,407,0,2,405,2,409,300,2,302,711
02/09/2003,MYF,CA,AWP,WE,Towers with Display (VFR),0,0,2,0,2,0,0,399,0,399,0,0,401,0,401,228,0,228,629
02/10/2003,MYF,CA,AWP,WE,Towers with Display (VFR),0,17,0,0,17,0,0,334,0,334,0,17,334,0,351,228,0,228,579
02/11/2003,MYF,CA,AWP,WE,Towers with Display (VFR),0,21,0,0,21,0,0,132,0,132,0,21,132,0,153,48,0,48,201
02/12/2003,MYF,CA,AWP,WE,Towers with Display (VFR),0,14,0,0,14,0,0,89,0,89,0,14,89,0,103,58,0,58,161
02/13/2003,MYF,CA,AWP,WE,Towers with Display (VFR),0,16,0,0,16,0,0,141,0,141,0,16,141,0,157,60,0,60,217
02/14/2003,MYF,CA,AWP,WE,Towers with Display (VFR),0,16,0,0,16,0,0,292,0,292,0,16,292,0,308,467,0,467,775
02/15/2003,MYF,CA,AWP,WE,Towers with Display (VFR),0,2,0,0,2,0,0,266,0,266,0,2,266,0,268,381,0,381,649
02/16/2003,MYF,CA,AWP,WE,Towers with Display (VFR),0,3,0,0,3,0,0,259,0,259,0,3,259,0,262,402,0,402,664
02/17/2003,MYF,CA,AWP,WE,Towers with Display (VFR),0,2,0,0,2,0,0,332,0,332,0,2,332,0,334,402,0,402,736
02/18/2003,MYF,CA,AWP,WE,Towers with Display (VFR),0,26,0,0,26,0,0,486,0,486,0,26,486,0,512,319,0,319,831
02/19/2003,MYF,CA,AWP,WE,Towers with Display (VFR),0,17,0,0,17,0,0,371,0,371,0,17,371,0,388,326,0,326,714
02/20/2003,MYF,CA,AWP,WE,Towers with Display (VFR),0,26,0,0,26,0,0,390,0,390,0,26,390,0,416,274,0,274,690
02/21/2003,MYF,CA,AWP,WE,Towers with Display (VFR),0,18,0,0,18,0,0,467,0,467,0,18,467,0,485,288,0,288,773
02/22/2003,MYF,CA,AWP,WE,Towers with Display (VFR),0,3,0,0,3,0,0,413,0,413,0,3,413,0,416,244,0,244,660
02/23/2003,MYF,CA,AWP,WE,Towers with Display (VFR),0,3,0,0,3,0,0,325,0,325,0,3,325,0,328,192,0,192,520
02/24/2003,MYF,CA,AWP,WE,Towers with Display (VFR),0,13,0,0,13,0,0,185,0,185,0,13,185,0,198,192,0,192,390
02/25/2003,MYF,CA,AWP,WE,Towers with Display (VFR),0,16,0,0,16,0,0,98,0,98,0,16,98,0,114,36,0,36,150
02/26/2003,MYF,CA,AWP,WE,Towers with Display (VFR),0,22,0,0,22,0,0,224,1,225,0,22,224,1,247,142,0,142,389
02/27/2003,MYF,CA,AWP,WE,Towers with Display (VFR),0,23,0,0,23,0,0,152,0,152,0,23,152,0,175,190,0,190,365
02/28/2003,MYF,CA,AWP,WE,Towers with Display (VFR),0,20,0,0,20,0,0,331,0,331,0,20,331,0,351,226,0,226,577
03/01/2003,MYF,CA,AWP,WE,Towers with Display (VFR),0,5,103,0,108,0,0,228,0,228,0,5,331,0,336,266,0,266,602
03/02/2003,MYF,CA,AWP,WE,Towers with Display (VFR),0,0,61,0,61,0,3,482,0,485,0,3,543,0,546,306,0,306,852
03/03/2003,MYF,CA,AWP,WE,Towers with Display (VFR),0,15,88,0,103,0,2,227,0,229,0,17,315,0,332,268,0,268,600
03/04/2003,MYF,CA,AWP,WE,Towers with Display (VFR),0,12,80,0,92,0,6,132,0,138,0,18,212,0,230,233,0,233,463
03/05/2003,MYF,CA,AWP,WE,Towers with Display (VFR),0,16,96,2,114,0,1,394,0,395,0,17,490,2,509,290,0,290,799
03/06/2003,MYF,CA,AWP,WE,Towers with Display (VFR),0,16,73,2,91,0,10,400,2,412,0,26,473,4,503,203,0,203,706
03/07/2003,MYF,CA,AWP,WE,Towers with Display (VFR),0,11,95,0,106,0,7,321,0,328,0,18,416,0,434,239,0,239,673
03/08/2003,MYF,CA,AWP,WE,Towers with Display (VFR),0,2,60,0,62,0,0,351,0,351,0,2,411,0,413,394,0,394,807
03/09/2003,MYF,CA,AWP,WE,Towers with Display (VFR),0,1,93,0,94,0,1,294,0,295,0,2,387,0,389,116,0,116,505
03/10/2003,MYF,CA,AWP,WE,Towers with Display (VFR),0,14,65,0,79,0,1,440,0,441,0,15,505,0,520,198,0,198,718
03/11/2003,MYF,CA,AWP,WE,Towers with Display (VFR),0,14,123,0,137,0,6,390,0,396,0,20,513,0,533,158,0,158,691
03/12/2003,MYF,CA,AWP,WE,Towers with Display (VFR),0,13,102,0,115,0,2,347,0,349,0,15,449,0,464,236,0,236,700
03/13/2003,MYF,CA,AWP,WE,Towers with Display (VFR),0,16,106,0,122,0,2,327,1,330,0,18,433,1,452,248,0,248,700
03/14/2003,MYF,CA,AWP,WE,Towers with Display (VFR),0,14,152,0,166,0,0,212,0,212,0,14,364,0,378,94,0,94,472
03/15/2003,MYF,CA,AWP,WE,Towers with Display (VFR),0,5,47,0,52,0,0,58,0,58,0,5,105,0,110,60,0,60,170
03/16/2003,MYF,CA,AWP,WE,Towers with Display (VFR),0,1,100,0,101,0,0,63,0,63,0,1,163,0,164,72,0,72,236
03/17/2003,MYF,CA,AWP,WE,Towers with Display (VFR),0,8,74,0,82,0,9,138,3,150,0,17,212,3,232,182,4,186,418
03/18/2003,MYF,CA,AWP,WE,Towers with Display (VFR),0,9,83,0,92,0,9,406,0,415,0,18,489,0,507,286,0,286,793
03/19/2003,MYF,CA,AWP,WE,Towers with Display (VFR),0,11,55,0,66,0,2,391,0,393,0,13,446,0,459,241,0,241,700
03/20/2003,MYF,CA,AWP,WE,Towers with Display (VFR),0,20,97,0,117,0,4,191,0,195,0,24,288,0,312,310,0,310,622
03/21/2003,MYF,CA,AWP,WE,Towers with Display (VFR),0,10,95,0,105,0,12,375,0,387,0,22,470,0,492,286,0,286,778
03/22/2003,MYF,CA,AWP,WE,Towers with Display (VFR),0,0,91,0,91,0,2,367,0,369,0,2,458,0,460,340,0,340,800
03/23/2003,MYF,CA,AWP,WE,Towers with Display (VFR),0,1,92,0,93,0,0,301,0,301,0,1,393,0,394,192,0,192,586
03/24/2003,MYF,CA,AWP,WE,Towers with Display (VFR),0,19,98,0,117,0,2,64,0,66,0,21,162,0,183,278,0,278,461
03/25/2003,MYF,CA,AWP,WE,Towers with Display (VFR),0,11,96,0,107,0,6,340,0,346,0,17,436,0,453,148,0,148,601
03/26/2003,MYF,CA,AWP,WE,Towers with Display (VFR),0,17,93,0,110,0,1,340,0,341,0,18,433,0,451,333,0,333,784
03/27/2003,MYF,CA,AWP,WE,Towers with Display (VFR),0,14,86,0,100,0,5,255,0,260,0,19,341,0,360,200,0,200,560
03/28/2003,MYF,CA,AWP,WE,Towers with Display (VFR),0,5,52,0,57,0,12,242,0,254,0,17,294,0,311,116,0,116,427
03/29/2003,MYF,CA,AWP,WE,Towers with Display (VFR),0,0,43,0,43,0,0,203,0,203,0,0,246,0,246,263,0,263,509
03/30/2003,MYF,CA,AWP,WE,Towers with Display (VFR),0,0,62,0,62,0,2,361,0,363,0,2,423,0,425,266,3,269,694
03/31/2003,MYF,CA,AWP,WE,Towers with Display (VFR),0,9,104,0,113,0,3,379,0,382,0,12,483,0,495,302,0,302,797
04/01/2003,MYF,CA,AWP,WE,Towers with Display (VFR),0,17,75,0,92,0,2,257,0,259,0,19,332,0,351,132,0,132,483
04/02/2003,MYF,CA,AWP,WE,Towers with Display (VFR),0,17,91,0,108,0,1,282,0,283,0,18,373,0,391,238,0,238,629
04/03/2003,MYF,CA,AWP,WE,Towers with Display (VFR),0,18,112,1,131,0,5,263,3,271,0,23,375,4,402,262,0,262,664
04/04/2003,MYF,CA,AWP,WE,Towers with Display (VFR),0,14,109,0,123,0,2,251,0,253,0,16,360,0,376,254,0,254,630
04/05/2003,MYF,CA,AWP,WE,Towers with Display (VFR),0,1,70,0,71,0,0,256,4,260,0,1,326,4,331,252,0,252,583
04/06/2003,MYF,CA,AWP,WE,Towers with Display (VFR),0,0,77,0,77,0,3,401,0,404,0,3,478,0,481,249,0,249,730
04/07/2003,MYF,CA,AWP,WE,Towers with Display (VFR),0,11,68,0,79,0,0,318,0,318,0,11,386,0,397,212,0,212,609
04/08/2003,MYF,CA,AWP,WE,Towers with Display (VFR),0,9,75,0,84,0,6,340,0,346,0,15,415,0,430,220,0,220,650
04/09/2003,MYF,CA,AWP,WE,Towers with Display (VFR),0,14,95,0,109,0,7,372,0,379,0,21,467,0,488,340,0,340,828
04/10/2003,MYF,CA,AWP,WE,Towers with Display (VFR),0,10,85,0,95,0,8,271,0,279,0,18,356,0,374,214,10,224,598
04/11/2003,MYF,CA,AWP,WE,Towers with Display (VFR),0,15,102,0,117,0,1,202,0,203,0,16,304,0,320,292,0,292,612
04/12/2003,MYF,CA,AWP,WE,Towers with Display (VFR),0,2,69,0,71,0,4,243,0,247,0,6,312,0,318,269,0,269,587
04/13/2003,MYF,CA,AWP,WE,Towers with Display (VFR),0,4,80,0,84,0,0,130,0,130,0,4,210,0,214,248,0,248,462
04/14/2003,MYF,CA,AWP,WE,Towers with Display (VFR),0,15,61,0,76,0,0,25,0,25,0,15,86,0,101,0,0,0,101
04/15/2003,MYF,CA,AWP,WE,Towers with Display (VFR),0,12,100,0,112,0,10,233,0,243,0,22,333,0,355,330,0,330,685
04/16/2003,MYF,CA,AWP,WE,Towers with Display (VFR),0,16,80,0,96,0,5,338,0,343,0,21,418,0,439,258,0,258,697
04/17/2003,MYF,CA,AWP,WE,Towers with Display (VFR),0,21,92,0,113,0,0,62,1,63,0,21,154,1,176,156,0,156,332
04/18/2003,MYF,CA,AWP,WE,Towers with Display (VFR),0,18,138,0,156,0,5,153,2,160,0,23,291,2,316,272,0,272,588
04/19/2003,MYF,CA,AWP,WE,Towers with Display (VFR),0,0,69,0,69,0,4,382,0,386,0,4,451,0,455,390,0,390,845
04/20/2003,MYF,CA,AWP,WE,Towers with Display (VFR),0,0,62,0,62,0,0,305,0,305,0,0,367,0,367,140,0,140,507
04/21/2003,MYF,CA,AWP,WE,Towers with Display (VFR),0,19,103,0,122,0,3,182,0,185,0,22,285,0,307,328,0,328,635
04/22/2003,MYF,CA,AWP,WE,Towers with Display (VFR),0,15,88,0,103,0,1,175,0,176,0,16,263,0,279,254,0,254,533
04/23/2003,MYF,CA,AWP,WE,Towers with Display (VFR),0,22,97,0,119,0,0,267,0,267,0,22,364,0,386,308,0,308,694
04/24/2003,MYF,CA,AWP,WE,Towers with Display (VFR),0,15,144,0,159,0,4,318,0,322,0,19,462,0,481,228,0,228,709
04/25/2003,MYF,CA,AWP,WE,Towers with Display (VFR),0,15,123,0,138,0,3,361,0,364,0,18,484,0,502,308,0,308,810
04/26/2003,MYF,CA,AWP,WE,Towers with Display (VFR),0,0,90,0,90,0,2,307,0,309,0,2,397,0,399,292,0,292,691
04/27/2003,MYF,CA,AWP,WE,Towers with Display (VFR),0,0,92,0,92,0,0,294,0,294,0,0,386,0,386,188,0,188,574
04/28/2003,MYF,CA,AWP,WE,Towers with Display (VFR),0,9,69,0,78,0,11,209,0,220,0,20,278,0,298,262,0,262,560
04/29/2003,MYF,CA,AWP,WE,Towers with Display (VFR),0,12,93,0,105,0,2,288,2,292,0,14,381,2,397,366,0,366,763
04/30/2003,MYF,CA,AWP,WE,Towers with Display (VFR),0,17,88,0,105,0,2,325,3,330,0,19,413,3,435,126,0,126,561
05/01/2003,MYF,CA,AWP,WE,Towers with Display (VFR),0,18,71,0,89,0,0,290,0,290,0,18,361,0,379,334,0,334,713
05/02/2003,MYF,CA,AWP,WE,Towers with Display (VFR),0,11,101,0,112,0,10,250,0,260,0,21,351,0,372,338,0,338,710
05/03/2003,MYF,CA,AWP,WE,Towers with Display (VFR),0,4,65,0,69,0,1,20,0,21,0,5,85,0,90,22,0,22,112
05/04/2003,MYF,CA,AWP,WE,Towers with Display (VFR),0,2,94,0,96,0,0,211,0,211,0,2,305,0,307,288,0,288,595
05/05/2003,MYF,CA,AWP,WE,Towers with Display (VFR),0,17,97,0,114,0,0,318,0,318,0,17,415,0,432,390,0,390,822
05/06/2003,MYF,CA,AWP,WE,Towers with Display (VFR),0,17,128,0,145,0,0,140,2,142,0,17,268,2,287,244,0,244,531
05/07/2003,MYF,CA,AWP,WE,Towers with Display (VFR),0,15,166,0,181,0,0,146,0,146,0,15,312,0,327,306,0,306,633
05/08/2003,MYF,CA,AWP,WE,Towers with Display (VFR),0,13,132,0,145,0,0,235,0,235,0,13,367,0,380,266,0,266,646
05/09/2003,MYF,CA,AWP,WE,Towers with Display (VFR),0,11,106,0,117,0,5,302,0,307,0,16,408,0,424,229,0,229,653
05/10/2003,MYF,CA,AWP,WE,Towers with Display (VFR),0,1,91,0,92,0,0,393,0,393,0,1,484,0,485,348,0,348,833
05/11/2003,MYF,CA,AWP,WE,Towers with Display (VFR),0,3,66,0,69,0,1,350,0,351,0,4,416,0,420,168,0,168,588
05/12/2003,MYF,CA,AWP,WE,Towers with Display (VFR),0,14,74,0,88,0,1,419,0,420,0,15,493,0,508,442,0,442,950
05/13/2003,MYF,CA,AWP,WE,Towers with Display (VFR),0,21,101,0,122,0,0,279,0,279,0,21,380,0,401,308,0,308,709
05/14/2003,MYF,CA,AWP,WE,Towers with Display (VFR),0,19,119,0,138,0,0,214,0,214,0,19,333,0,352,318,0,318,670
05/15/2003,MYF,CA,AWP,WE,Towers with Display (VFR),0,10,95,0,105,0,6,327,0,333,0,16,422,0,438,276,0,276,714
05/16/2003,MYF,CA,AWP,WE,Towers with Display (VFR),0,0,111,0,111,0,0,320,0,320,0,0,431,0,431,172,0,172,603
05/17/2003,MYF,CA,AWP,WE,Towers with Display (VFR),0,2,90,0,92,0,3,130,0,133,0,5,220,0,225,244,0,244,469
05/18/2003,MYF,CA,AWP,WE,Towers with Display (VFR),0,2,97,0,99,0,0,250,0,250,0,2,347,0,349,220,0,220,569
05/19/2003,MYF,CA,AWP,WE,Towers with Display (VFR),0,7,69,0,76,0,8,281,0,289,0,15,350,0,365,218,0,218,583
05/20/2003,MYF,CA,AWP,WE,Towers with Display (VFR),0,13,64,0,77,0,1,353,0,354,0,14,417,0,431,308,0,308,739
05/21/2003,MYF,CA,AWP,WE,Towers with Display (VFR),0,17,93,0,110,0,2,341,2,345,0,19,434,2,455,318,0,318,773
05/22/2003,MYF,CA,AWP,WE,Towers with Display (VFR),0,17,95,1,113,0,3,285,0,288,0,20,380,1,401,244,0,244,645
05/23/2003,MYF,CA,AWP,WE,Towers with Display (VFR),0,15,158,0,173,0,7,125,0,132,0,22,283,0,305,154,0,154,459
05/24/2003,MYF,CA,AWP,WE,Towers with Display (VFR),0,5,151,0,156,0,2,94,0,96,0,7,245,0,252,268,0,268,520
05/25/2003,MYF,CA,AWP,WE,Towers with Display (VFR),0,1,109,0,110,0,0,135,3,138,0,1,244,3,248,210,0,210,458
05/26/2003,MYF,CA,AWP,WE,Towers with Display (VFR),0,1,117,0,118,0,0,312,0,312,0,1,429,0,430,246,0,246,676
05/27/2003,MYF,CA,AWP,WE,Towers with Display (VFR),0,12,126,0,138,0,10,307,2,319,0,22,433,2,457,402,0,402,859
05/28/2003,MYF,CA,AWP,WE,Towers with Display (VFR),0,8,86,0,94,0,5,370,1,376,0,13,456,1,470,330,0,330,800
05/29/2003,MYF,CA,AWP,WE,Towers with Display (VFR),0,13,138,0,151,0,12,77,0,89,0,25,215,0,240,50,0,50,290
05/30/2003,MYF,CA,AWP,WE,Towers with Display (VFR),0,14,152,0,166,0,3,223,0,226,0,17,375,0,392,132,0,132,524
05/31/2003,MYF,CA,AWP,WE,Towers with Display (VFR),0,0,130,0,130,0,0,161,0,161,0,0,291,0,291,244,0,244,535
06/01/2003,MYF,CA,AWP,WE,Towers with Display (VFR),0,2,115,0,117,0,0,234,0,234,0,2,349,0,351,116,0,116,467
06/02/2003,MYF,CA,AWP,WE,Towers with Display (VFR),0,15,115,2,132,0,12,114,0,126,0,27,229,2,258,198,0,198,456
06/03/2003,MYF,CA,AWP,WE,Towers with Display (VFR),0,18,127,0,145,0,0,110,0,110,0,18,237,0,255,128,0,128,383
06/04/2003,MYF,CA,AWP,WE,Towers with Display (VFR),0,17,122,0,139,0,9,239,0,248,0,26,361,0,387,224,0,224,611
06/05/2003,MYF,CA,AWP,WE,Towers with Display (VFR),0,19,138,0,157,0,3,171,0,174,0,22,309,0,331,284,0,284,615
06/06/2003,MYF,CA,AWP,WE,Towers with Display (VFR),0,19,186,0,205,0,1,56,0,57,0,20,242,0,262,70,0,70,332
06/07/2003,MYF,CA,AWP,WE,Towers with Display (VFR),0,0,161,0,161,0,0,7,0,7,0,0,168,0,168,0,0,0,168
06/08/2003,MYF,CA,AWP,WE,Towers with Display (VFR),0,4,140,0,144,0,0,35,0,35,0,4,175,0,179,142,0,142,321
06/09/2003,MYF,CA,AWP,WE,Towers with Display (VFR),0,13,123,0,136,0,7,74,0,81,0,20,197,0,217,166,0,166,383
06/10/2003,MYF,CA,AWP,WE,Towers with Display (VFR),0,14,135,0,149,0,7,236,2,245,0,21,371,2,394,318,0,318,712
06/11/2003,MYF,CA,AWP,WE,Towers with Display (VFR),0,21,127,0,148,0,1,363,0,364,0,22,490,0,512,270,0,270,782
06/12/2003,MYF,CA,AWP,WE,Towers with Display (VFR),0,14,141,0,155,0,16,344,0,360,0,30,485,0,515,353,0,353,868
06/13/2003,MYF,CA,AWP,WE,Towers with Display (VFR),0,17,93,1,111,0,7,297,0,304,0,24,390,1,415,160,0,160,575
06/14/2003,MYF,CA,AWP,WE,Towers with Display (VFR),0,2,117,0,119,0,0,278,0,278,0,2,395,0,397,204,0,204,601
06/15/2003,MYF,CA,AWP,WE,Towers with Display (VFR),0,1,91,1,93,0,0,251,0,251,0,1,342,1,344,90,0,90,434
06/16/2003,MYF,CA,AWP,WE,Towers with Display (VFR),0,14,143,0,157,0,0,134,11,145,0,14,277,11,302,202,0,202,504
06/17/2003,MYF,CA,AWP,WE,Towers with Display (VFR),0,16,119,0,135,0,1,304,0,305,0,17,423,0,440,288,0,288,728
06/18/2003,MYF,CA,AWP,WE,Towers with Display (VFR),0,15,186,0,201,0,3,81,0,84,0,18,267,0,285,110,0,110,395
06/19/2003,MYF,CA,AWP,WE,Towers with Display (VFR),0,21,160,0,181,0,0,107,0,107,0,21,267,0,288,334,0,334,622
06/20/2003,MYF,CA,AWP,WE,Towers with Display (VFR),0,17,156,0,173,0,0,72,0,72,0,17,228,0,245,227,0,227,472
06/21/2003,MYF,CA,AWP,WE,Towers with Display (VFR),0,0,140,0,140,0,0,45,0,45,0,0,185,0,185,174,0,174,359
06/22/2003,MYF,CA,AWP,WE,Towers with Display (VFR),0,1,131,0,132,0,0,132,0,132,0,1,263,0,264,162,0,162,426
06/23/2003,MYF,CA,AWP,WE,Towers with Display (VFR),0,13,127,0,140,0,1,197,0,198,0,14,324,0,338,364,0,364,702
06/24/2003,MYF,CA,AWP,WE,Towers with Display (VFR),0,14,110,0,124,0,0,354,0,354,0,14,464,0,478,366,0,366,844
06/25/2003,MYF,CA,AWP,WE,Towers with Display (VFR),0,16,97,0,113,0,0,482,3,485,0,16,579,3,598,258,0,258,856
06/26/2003,MYF,CA,AWP,WE,Towers with Display (VFR),0,17,125,0,142,0,10,310,0,320,0,27,435,0,462,234,0,234,696
06/27/2003,MYF,CA,AWP,WE,Towers with Display (VFR),0,12,121,0,133,0,4,330,0,334,0,16,451,0,467,197,0,197,664
06/28/2003,MYF,CA,AWP,WE,Towers with Display (VFR),0,1,80,0,81,0,0,236,0,236,0,1,316,0,317,188,0,188,505
06/29/2003,MYF,CA,AWP,WE,Towers with Display (VFR),0,1,103,0,104,0,0,359,0,359,0,1,462,0,463,92,0,92,555
06/30/2003,MYF,CA,AWP,WE,Towers with Display (VFR),0,18,84,0,102,0,0,428,0,428,0,18,512,0,530,378,0,378,908
07/01/2003,MYF,CA,AWP,WE,Towers with Display (VFR),0,15,85,0,100,0,6,443,0,449,0,21,528,0,549,438,0,438,987
07/02/2003,MYF,CA,AWP,WE,Towers with Display (VFR),0,15,82,0,97,0,0,373,1,374,0,15,455,1,471,370,0,370,841
07/03/2003,MYF,CA,AWP,WE,Towers with Display (VFR),0,14,88,0,102,0,4,433,0,437,0,18,521,0,539,308,0,308,847
07/04/2003,MYF,CA,AWP,WE,Towers with Display (VFR),0,2,28,0,30,0,0,249,8,257,0,2,277,8,287,262,0,262,549
07/05/2003,MYF,CA,AWP,WE,Towers with Display (VFR),0,0,55,0,55,0,1,268,0,269,0,1,323,0,324,281,0,281,605
07/06/2003,MYF,CA,AWP,WE,Towers with Display (VFR),0,2,85,0,87,0,0,254,0,254,0,2,339,0,341,170,0,170,511
07/07/2003,MYF,CA,AWP,WE,Towers with Display (VFR),0,10,93,0,103,0,6,255,0,261,0,16,348,0,364,137,0,137,501
07/08/2003,MYF,CA,AWP,WE,Towers with Display (VFR),0,17,118,0,135,0,0,257,0,257,0,17,375,0,392,172,0,172,564
07/09/2003,MYF,CA,AWP,WE,Towers with Display (VFR),0,15,91,0,106,0,2,318,0,320,0,17,409,0,426,280,0,280,706
07/10/2003,MYF,CA,AWP,WE,Towers with Display (VFR),0,15,106,0,121,0,4,198,0,202,0,19,304,0,323,226,0,226,549
07/11/2003,MYF,CA,AWP,WE,Towers with Display (VFR),0,17,93,1,111,0,6,420,0,426,0,23,513,1,537,170,12,182,719
07/12/2003,MYF,CA,AWP,WE,Towers with Display (VFR),0,0,71,0,71,0,1,406,0,407,0,1,477,0,478,222,0,222,700
07/13/2003,MYF,CA,AWP,WE,Towers with Display (VFR),0,1,51,0,52,0,0,355,0,355,0,1,406,0,407,187,0,187,594
07/14/2003,MYF,CA,AWP,WE,Towers with Display (VFR),0,11,111,0,122,0,1,379,0,380,0,12,490,0,502,294,0,294,796
07/15/2003,MYF,CA,AWP,WE,Towers with Display (VFR),0,16,117,0,133,0,6,279,0,285,0,22,396,0,418,255,0,255,673
07/16/2003,MYF,CA,AWP,WE,Towers with Display (VFR),0,14,116,0,130,0,10,201,0,211,0,24,317,0,341,309,0,309,650
07/17/2003,MYF,CA,AWP,WE,Towers with Display (VFR),0,19,104,0,123,0,1,237,0,238,0,20,341,0,361,309,0,309,670
07/18/2003,MYF,CA,AWP,WE,Towers with Display (VFR),0,0,0,0,0,0,0,0,0,0,0,0,0,0,0,0,0,0,0
07/19/2003,MYF,CA,AWP,WE,Towers with Display (VFR),0,0,0,0,0,0,0,0,0,0,0,0,0,0,0,0,0,0,0
07/20/2003,MYF,CA,AWP,WE,Towers with Display (VFR),0,0,72,0,72,0,3,292,0,295,0,3,364,0,367,224,0,224,591
07/21/2003,MYF,CA,AWP,WE,Towers with Display (VFR),0,13,95,0,108,0,5,334,0,339,0,18,429,0,447,238,0,238,685
07/22/2003,MYF,CA,AWP,WE,Towers with Display (VFR),0,14,144,0,158,0,0,151,3,154,0,14,295,3,312,140,0,140,452
07/23/2003,MYF,CA,AWP,WE,Towers with Display (VFR),0,13,109,0,122,0,4,257,0,261,0,17,366,0,383,258,0,258,641
07/24/2003,MYF,CA,AWP,WE,Towers with Display (VFR),0,17,120,0,137,0,6,303,0,309,0,23,423,0,446,372,0,372,818
07/25/2003,MYF,CA,AWP,WE,Towers with Display (VFR),0,16,120,0,136,0,0,292,0,292,0,16,412,0,428,252,0,252,680
07/26/2003,MYF,CA,AWP,WE,Towers with Display (VFR),0,0,80,0,80,0,0,278,0,278,0,0,358,0,358,244,0,244,602
07/27/2003,MYF,CA,AWP,WE,Towers with Display (VFR),0,1,62,0,63,0,1,329,0,330,0,2,391,0,393,292,0,292,685
07/28/2003,MYF,CA,AWP,WE,Towers with Display (VFR),0,16,88,0,104,0,2,354,0,356,0,18,442,0,460,202,0,202,662
07/29/2003,MYF,CA,AWP,WE,Towers with Display (VFR),0,14,113,0,127,0,1,388,0,389,0,15,501,0,516,295,1,296,812
07/30/2003,MYF,CA,AWP,WE,Towers with Display (VFR),0,20,96,0,116,0,0,288,0,288,0,20,384,0,404,366,0,366,770
07/31/2003,MYF,CA,AWP,WE,Towers with Display (VFR),0,23,142,0,165,0,3,218,2,223,0,26,360,2,388,235,0,235,623
08/01/2003,MYF,CA,AWP,WE,Towers with Display (VFR),0,15,59,0,74,0,2,324,0,326,0,17,383,0,400,294,0,294,694
08/02/2003,MYF,CA,AWP,WE,Towers with Display (VFR),0,1,66,0,67,0,4,312,0,316,0,5,378,0,383,244,0,244,627
08/03/2003,MYF,CA,AWP,WE,Towers with Display (VFR),0,0,68,0,68,0,0,383,0,383,0,0,451,0,451,300,0,300,751
08/04/2003,MYF,CA,AWP,WE,Towers with Display (VFR),0,12,77,0,89,0,0,313,0,313,0,12,390,0,402,306,0,306,708
08/05/2003,MYF,CA,AWP,WE,Towers with Display (VFR),0,16,64,0,80,0,0,349,0,349,0,16,413,0,429,252,0,252,681
08/06/2003,MYF,CA,AWP,WE,Towers with Display (VFR),0,15,70,0,85,0,1,287,0,288,0,16,357,0,373,264,0,264,637
08/07/2003,MYF,CA,AWP,WE,Towers with Display (VFR),0,14,111,0,125,0,6,303,2,311,0,20,414,2,436,255,0,255,691
08/08/2003,MYF,CA,AWP,WE,Towers with Display (VFR),0,9,83,0,92,0,5,346,0,351,0,14,429,0,443,206,1,207,650
08/09/2003,MYF,CA,AWP,WE,Towers with Display (VFR),0,2,76,0,78,0,0,276,0,276,0,2,352,0,354,297,0,297,651
08/10/2003,MYF,CA,AWP,WE,Towers with Display (VFR),0,2,72,1,75,0,0,304,0,304,0,2,376,1,379,184,0,184,563
08/11/2003,MYF,CA,AWP,WE,Towers with Display (VFR),0,12,80,0,92,0,1,314,0,315,0,13,394,0,407,264,0,264,671
08/12/2003,MYF,CA,AWP,WE,Towers with Display (VFR),0,10,89,0,99,0,1,463,0,464,0,11,552,0,563,338,0,338,901
08/13/2003,MYF,CA,AWP,WE,Towers with Display (VFR),0,0,0,0,0,0,12,398,0,410,0,12,398,0,410,244,0,244,654
08/14/2003,MYF,CA,AWP,WE,Towers with Display (VFR),0,13,22,0,35,0,1,101,0,102,0,14,123,0,137,135,0,135,272
08/15/2003,MYF,CA,AWP,WE,Towers with Display (VFR),0,9,82,0,91,0,10,273,0,283,0,19,355,0,374,199,0,199,573
08/16/2003,MYF,CA,AWP,WE,Towers with Display (VFR),0,2,87,0,89,0,2,334,0,336,0,4,421,0,425,278,0,278,703
08/17/2003,MYF,CA,AWP,WE,Towers with Display (VFR),0,0,83,0,83,0,0,327,0,327,0,0,410,0,410,262,0,262,672
08/18/2003,MYF,CA,AWP,WE,Towers with Display (VFR),0,11,71,2,84,0,1,259,2,262,0,12,330,4,346,352,0,352,698
08/19/2003,MYF,CA,AWP,WE,Towers with Display (VFR),0,13,76,0,89,0,1,368,0,369,0,14,444,0,458,352,0,352,810
08/20/2003,MYF,CA,AWP,WE,Towers with Display (VFR),0,14,72,0,86,0,3,319,0,322,0,17,391,0,408,390,0,390,798
08/21/2003,MYF,CA,AWP,WE,Towers with Display (VFR),0,14,130,0,144,0,5,187,2,194,0,19,317,2,338,254,0,254,592
08/22/2003,MYF,CA,AWP,WE,Towers with Display (VFR),0,17,132,0,149,0,2,120,0,122,0,19,252,0,271,174,0,174,445
08/23/2003,MYF,CA,AWP,WE,Towers with Display (VFR),0,0,73,0,73,0,0,280,0,280,0,0,353,0,353,203,0,203,556
08/24/2003,MYF,CA,AWP,WE,Towers with Display (VFR),0,0,59,0,59,0,2,299,0,301,0,2,358,0,360,394,0,394,754
08/25/2003,MYF,CA,AWP,WE,Towers with Display (VFR),0,17,76,0,93,0,4,284,0,288,0,21,360,0,381,204,0,204,585
08/26/2003,MYF,CA,AWP,WE,Towers with Display (VFR),0,10,91,0,101,0,10,289,2,301,0,20,380,2,402,370,0,370,772
08/27/2003,MYF,CA,AWP,WE,Towers with Display (VFR),0,0,0,0,0,0,19,403,0,422,0,19,403,0,422,287,0,287,709
08/28/2003,MYF,CA,AWP,WE,Towers with Display (VFR),0,17,89,0,106,0,3,297,1,301,0,20,386,1,407,326,0,326,733
08/29/2003,MYF,CA,AWP,WE,Towers with Display (VFR),0,15,115,0,130,0,9,271,0,280,0,24,386,0,410,214,0,214,624
08/30/2003,MYF,CA,AWP,WE,Towers with Display (VFR),0,0,95,0,95,0,9,211,0,220,0,9,306,0,315,267,0,267,582
08/31/2003,MYF,CA,AWP,WE,Towers with Display (VFR),0,0,59,0,59,0,3,247,0,250,0,3,306,0,309,102,0,102,411
09/01/2003,MYF,CA,AWP,WE,Towers with Display (VFR),0,1,106,0,107,0,0,222,0,222,0,1,328,0,329,246,0,246,575
09/02/2003,MYF,CA,AWP,WE,Towers with Display (VFR),0,15,65,0,80,0,2,240,0,242,0,17,305,0,322,198,0,198,520
09/03/2003,MYF,CA,AWP,WE,Towers with Display (VFR),0,17,85,0,102,0,2,299,0,301,0,19,384,0,403,304,0,304,707
09/04/2003,MYF,CA,AWP,WE,Towers with Display (VFR),0,10,83,0,93,0,10,296,0,306,0,20,379,0,399,246,0,246,645
09/05/2003,MYF,CA,AWP,WE,Towers with Display (VFR),0,14,86,0,100,0,3,283,0,286,0,17,369,0,386,108,0,108,494
09/06/2003,MYF,CA,AWP,WE,Towers with Display (VFR),0,0,49,0,49,0,0,275,0,275,0,0,324,0,324,150,0,150,474
09/07/2003,MYF,CA,AWP,WE,Towers with Display (VFR),0,1,50,0,51,0,3,302,0,305,0,4,352,0,356,268,0,268,624
09/08/2003,MYF,CA,AWP,WE,Towers with Display (VFR),0,8,65,0,73,0,7,301,0,308,0,15,366,0,381,210,0,210,591
09/09/2003,MYF,CA,AWP,WE,Towers with Display (VFR),0,19,81,0,100,0,6,325,1,332,0,25,406,1,432,236,0,236,668
09/10/2003,MYF,CA,AWP,WE,Towers with Display (VFR),0,14,103,0,117,0,1,308,0,309,0,15,411,0,426,314,0,314,740
09/11/2003,MYF,CA,AWP,WE,Towers with Display (VFR),0,17,92,1,110,0,0,255,0,255,0,17,347,1,365,214,0,214,579
09/12/2003,MYF,CA,AWP,WE,Towers with Display (VFR),0,16,109,0,125,0,6,186,0,192,0,22,295,0,317,136,0,136,453
09/13/2003,MYF,CA,AWP,WE,Towers with Display (VFR),0,0,73,0,73,0,0,224,0,224,0,0,297,0,297,282,0,282,579
09/14/2003,MYF,CA,AWP,WE,Towers with Display (VFR),0,1,96,0,97,0,1,137,0,138,0,2,233,0,235,97,0,97,332
09/15/2003,MYF,CA,AWP,WE,Towers with Display (VFR),0,16,85,0,101,0,0,256,0,256,0,16,341,0,357,150,0,150,507
09/16/2003,MYF,CA,AWP,WE,Towers with Display (VFR),0,11,93,0,104,0,3,390,0,393,0,14,483,0,497,290,0,290,787
09/17/2003,MYF,CA,AWP,WE,Towers with Display (VFR),0,14,102,0,116,0,2,354,0,356,0,16,456,0,472,178,0,178,650
09/18/2003,MYF,CA,AWP,WE,Towers with Display (VFR),0,16,84,0,100,0,1,253,0,254,0,17,337,0,354,304,0,304,658
09/19/2003,MYF,CA,AWP,WE,Towers with Display (VFR),0,17,99,0,116,0,7,275,0,282,0,24,374,0,398,195,0,195,593
09/20/2003,MYF,CA,AWP,WE,Towers with Display (VFR),0,0,78,0,78,0,0,443,0,443,0,0,521,0,521,90,0,90,611
09/21/2003,MYF,CA,AWP,WE,Towers with Display (VFR),0,0,74,0,74,0,0,369,0,369,0,0,443,0,443,410,0,410,853
09/22/2003,MYF,CA,AWP,WE,Towers with Display (VFR),0,13,70,0,83,0,1,250,0,251,0,14,320,0,334,254,0,254,588
09/23/2003,MYF,CA,AWP,WE,Towers with Display (VFR),0,17,139,0,156,0,0,82,0,82,0,17,221,0,238,72,0,72,310
09/24/2003,MYF,CA,AWP,WE,Towers with Display (VFR),0,17,163,0,180,0,1,123,0,124,0,18,286,0,304,210,0,210,514
09/25/2003,MYF,CA,AWP,WE,Towers with Display (VFR),0,11,141,0,152,0,2,258,0,260,0,13,399,0,412,164,0,164,576
09/26/2003,MYF,CA,AWP,WE,Towers with Display (VFR),0,20,174,0,194,0,2,70,0,72,0,22,244,0,266,56,0,56,322
09/27/2003,MYF,CA,AWP,WE,Towers with Display (VFR),0,0,101,0,101,0,1,150,0,151,0,1,251,0,252,198,0,198,450
09/28/2003,MYF,CA,AWP,WE,Towers with Display (VFR),0,0,122,0,122,0,0,139,0,139,0,0,261,0,261,186,0,186,447
09/29/2003,MYF,CA,AWP,WE,Towers with Display (VFR),0,12,119,0,131,0,0,230,0,230,0,12,349,0,361,120,0,120,481
09/30/2003,MYF,CA,AWP,WE,Towers with Display (VFR),0,12,139,2,153,0,3,294,1,298,0,15,433,3,451,118,0,118,569
10/01/2003,MYF,CA,AWP,WE,Towers with Display (VFR),0,13,92,0,105,0,3,376,0,379,0,16,468,0,484,258,0,258,742
10/02/2003,MYF,CA,AWP,WE,Towers with Display (VFR),0,21,156,0,177,0,1,162,0,163,0,22,318,0,340,189,0,189,529
10/03/2003,MYF,CA,AWP,WE,Towers with Display (VFR),0,14,125,0,139,0,0,150,0,150,0,14,275,0,289,226,0,226,515
10/04/2003,MYF,CA,AWP,WE,Towers with Display (VFR),0,4,101,0,105,0,0,168,0,168,0,4,269,0,273,284,0,284,557
10/05/2003,MYF,CA,AWP,WE,Towers with Display (VFR),0,1,155,0,156,0,0,53,0,53,0,1,208,0,209,128,0,128,337
10/06/2003,MYF,CA,AWP,WE,Towers with Display (VFR),0,17,125,0,142,0,0,58,0,58,0,17,183,0,200,88,0,88,288
10/07/2003,MYF,CA,AWP,WE,Towers with Display (VFR),0,13,98,0,111,0,5,265,0,270,0,18,363,0,381,252,0,252,633
10/08/2003,MYF,CA,AWP,WE,Towers with Display (VFR),0,16,114,0,130,0,3,357,0,360,0,19,471,0,490,286,0,286,776
10/09/2003,MYF,CA,AWP,WE,Towers with Display (VFR),0,20,145,0,165,0,3,96,4,103,0,23,241,4,268,70,0,70,338
10/10/2003,MYF,CA,AWP,WE,Towers with Display (VFR),0,17,164,0,181,0,0,12,0,12,0,17,176,0,193,12,0,12,205
10/11/2003,MYF,CA,AWP,WE,Towers with Display (VFR),0,5,129,0,134,0,0,86,0,86,0,5,215,0,220,136,0,136,356
10/12/2003,MYF,CA,AWP,WE,Towers with Display (VFR),0,3,48,0,51,0,0,346,0,346,0,3,394,0,397,148,0,148,545
10/13/2003,MYF,CA,AWP,WE,Towers with Display (VFR),0,3,69,0,72,0,0,289,0,289,0,3,358,0,361,314,0,314,675
10/14/2003,MYF,CA,AWP,WE,Towers with Display (VFR),0,11,88,0,99,0,5,442,0,447,0,16,530,0,546,326,0,326,872
10/15/2003,MYF,CA,AWP,WE,Towers with Display (VFR),0,13,104,0,117,0,2,288,0,290,0,15,392,0,407,250,0,250,657
10/16/2003,MYF,CA,AWP,WE,Towers with Display (VFR),0,11,86,0,97,0,3,182,0,185,0,14,268,0,282,151,0,151,433
10/17/2003,MYF,CA,AWP,WE,Towers with Display (VFR),0,9,77,0,86,0,5,271,0,276,0,14,348,0,362,198,0,198,560
10/18/2003,MYF,CA,AWP,WE,Towers with Display (VFR),0,2,54,0,56,0,0,240,1,241,0,2,294,1,297,68,0,68,365
10/19/2003,MYF,CA,AWP,WE,Towers with Display (VFR),0,2,65,0,67,0,0,200,0,200,0,2,265,0,267,100,0,100,367
10/20/2003,MYF,CA,AWP,WE,Towers with Display (VFR),0,8,65,0,73,0,11,307,0,318,0,19,372,0,391,234,0,234,625
10/21/2003,MYF,CA,AWP,WE,Towers with Display (VFR),0,11,90,0,101,0,8,304,0,312,0,19,394,0,413,201,0,201,614
10/22/2003,MYF,CA,AWP,WE,Towers with Display (VFR),0,10,80,0,90,0,8,404,0,412,0,18,484,0,502,338,0,338,840
10/23/2003,MYF,CA,AWP,WE,Towers with Display (VFR),0,12,96,0,108,0,9,422,2,433,0,21,518,2,541,238,0,238,779
10/24/2003,MYF,CA,AWP,WE,Towers with Display (VFR),0,12,99,0,111,0,5,306,0,311,0,17,405,0,422,130,0,130,552
10/25/2003,MYF,CA,AWP,WE,Towers with Display (VFR),0,1,61,0,62,0,0,317,0,317,0,1,378,0,379,254,0,254,633
10/26/2003,MYF,CA,AWP,WE,Towers with Display (VFR),0,0,8,0,8,0,0,13,0,13,0,0,21,0,21,0,0,0,21
10/27/2003,MYF,CA,AWP,WE,Towers with Display (VFR),0,4,38,0,42,0,2,19,0,21,0,6,57,0,63,0,0,0,63
10/28/2003,MYF,CA,AWP,WE,Towers with Display (VFR),0,7,62,0,69,0,10,0,3,13,0,17,62,3,82,0,3,3,85
10/29/2003,MYF,CA,AWP,WE,Towers with Display (VFR),0,8,65,0,73,0,9,148,0,157,0,17,213,0,230,154,0,154,384
10/30/2003,MYF,CA,AWP,WE,Towers with Display (VFR),0,9,74,0,83,0,11,95,17,123,0,20,169,17,206,94,0,94,300
10/31/2003,MYF,CA,AWP,WE,Towers with Display (VFR),0,9,75,0,84,0,11,170,0,181,0,20,245,0,265,166,0,166,431
11/01/2003,MYF,CA,AWP,WE,Towers with Display (VFR),0,1,64,0,65,0,0,149,0,149,0,1,213,0,214,326,2,328,542
11/02/2003,MYF,CA,AWP,WE,Towers with Display (VFR),0,3,63,0,66,0,0,201,0,201,0,3,264,0,267,384,0,384,651
11/03/2003,MYF,CA,AWP,WE,Towers with Display (VFR),0,9,84,0,93,0,3,155,0,158,0,12,239,0,251,352,0,352,603
11/04/2003,MYF,CA,AWP,WE,Towers with Display (VFR),0,10,81,0,91,0,9,214,0,223,0,19,295,0,314,210,0,210,524
11/05/2003,MYF,CA,AWP,WE,Towers with Display (VFR),0,15,130,0,145,0,1,348,0,349,0,16,478,0,494,276,0,276,770
11/06/2003,MYF,CA,AWP,WE,Towers with Display (VFR),0,11,98,0,109,0,9,353,0,362,0,20,451,0,471,204,2,206,677
11/07/2003,MYF,CA,AWP,WE,Towers with Display (VFR),0,10,87,0,97,0,19,248,0,267,0,29,335,0,364,243,0,243,607
11/08/2003,MYF,CA,AWP,WE,Towers with Display (VFR),0,5,47,0,52,0,1,353,0,354,0,6,400,0,406,177,0,177,583
11/09/2003,MYF,CA,AWP,WE,Towers with Display (VFR),0,2,51,0,53,0,0,280,0,280,0,2,331,0,333,193,0,193,526
11/10/2003,MYF,CA,AWP,WE,Towers with Display (VFR),0,13,111,0,124,0,4,215,0,219,0,17,326,0,343,292,0,292,635
11/11/2003,MYF,CA,AWP,WE,Towers with Display (VFR),0,1,96,0,97,0,0,308,0,308,0,1,404,0,405,308,0,308,713
11/12/2003,MYF,CA,AWP,WE,Towers with Display (VFR),0,14,118,0,132,0,2,150,0,152,0,16,268,0,284,216,0,216,500
11/13/2003,MYF,CA,AWP,WE,Towers with Display (VFR),0,11,96,0,107,0,13,367,0,380,0,24,463,0,487,294,0,294,781
11/14/2003,MYF,CA,AWP,WE,Towers with Display (VFR),0,13,111,0,124,0,8,343,0,351,0,21,454,0,475,253,0,253,728
11/15/2003,MYF,CA,AWP,WE,Towers with Display (VFR),0,2,83,0,85,0,0,214,0,214,0,2,297,0,299,281,0,281,580
11/16/2003,MYF,CA,AWP,WE,Towers with Display (VFR),0,0,70,0,70,0,0,191,0,191,0,0,261,0,261,236,0,236,497
11/17/2003,MYF,CA,AWP,WE,Towers with Display (VFR),0,9,84,0,93,0,7,302,0,309,0,16,386,0,402,238,0,238,640
11/18/2003,MYF,CA,AWP,WE,Towers with Display (VFR),0,9,75,0,84,0,10,423,0,433,0,19,498,0,517,288,0,288,805
11/19/2003,MYF,CA,AWP,WE,Towers with Display (VFR),0,9,85,2,96,0,7,449,2,458,0,16,534,4,554,286,0,286,840
11/20/2003,MYF,CA,AWP,WE,Towers with Display (VFR),0,14,117,0,131,0,22,244,0,266,0,36,361,0,397,126,0,126,523
11/21/2003,MYF,CA,AWP,WE,Towers with Display (VFR),0,14,123,0,137,0,1,184,0,185,0,15,307,0,322,304,0,304,626
11/22/2003,MYF,CA,AWP,WE,Towers with Display (VFR),0,2,55,1,58,0,0,296,3,299,0,2,351,4,357,297,0,297,654
11/23/2003,MYF,CA,AWP,WE,Towers with Display (VFR),0,0,65,0,65,0,0,369,0,369,0,0,434,0,434,312,0,312,746
11/24/2003,MYF,CA,AWP,WE,Towers with Display (VFR),0,8,66,0,74,0,5,300,0,305,0,13,366,0,379,257,0,257,636
11/25/2003,MYF,CA,AWP,WE,Towers with Display (VFR),0,13,113,0,126,0,6,386,0,392,0,19,499,0,518,199,0,199,717
11/26/2003,MYF,CA,AWP,WE,Towers with Display (VFR),0,13,109,0,122,0,4,507,0,511,0,17,616,0,633,276,0,276,909
11/27/2003,MYF,CA,AWP,WE,Towers with Display (VFR),0,3,67,0,70,0,0,73,0,73,0,3,140,0,143,76,0,76,219
11/28/2003,MYF,CA,AWP,WE,Towers with Display (VFR),0,8,71,1,80,0,9,284,0,293,0,17,355,1,373,195,0,195,568
11/29/2003,MYF,CA,AWP,WE,Towers with Display (VFR),0,0,70,0,70,0,0,335,0,335,0,0,405,0,405,178,2,180,585
11/30/2003,MYF,CA,AWP,WE,Towers with Display (VFR),0,2,87,0,89,0,0,358,0,358,0,2,445,0,447,218,0,218,665
12/01/2003,MYF,CA,AWP,WE,Towers with Display (VFR),0,13,79,0,92,0,4,236,0,240,0,17,315,0,332,220,0,220,552
12/02/2003,MYF,CA,AWP,WE,Towers with Display (VFR),0,12,70,0,82,0,9,330,0,339,0,21,400,0,421,298,0,298,719
12/03/2003,MYF,CA,AWP,WE,Towers with Display (VFR),0,16,99,0,115,0,3,228,0,231,0,19,327,0,346,183,0,183,529
12/04/2003,MYF,CA,AWP,WE,Towers with Display (VFR),0,13,96,0,109,0,0,261,0,261,0,13,357,0,370,160,0,160,530
12/05/2003,MYF,CA,AWP,WE,Towers with Display (VFR),0,15,94,0,109,0,1,246,1,248,0,16,340,1,357,224,0,224,581
12/06/2003,MYF,CA,AWP,WE,Towers with Display (VFR),0,0,82,0,82,0,0,301,0,301,0,0,383,0,383,214,0,214,597
12/07/2003,MYF,CA,AWP,WE,Towers with Display (VFR),0,5,87,0,92,0,0,16,0,16,0,5,103,0,108,30,0,30,138
12/08/2003,MYF,CA,AWP,WE,Towers with Display (VFR),0,15,89,0,104,0,6,209,0,215,0,21,298,0,319,278,0,278,597
12/09/2003,MYF,CA,AWP,WE,Towers with Display (VFR),0,11,70,1,82,0,5,425,1,431,0,16,495,2,513,288,0,288,801
12/10/2003,MYF,CA,AWP,WE,Towers with Display (VFR),0,14,93,0,107,0,0,255,0,255,0,14,348,0,362,416,0,416,778
12/11/2003,MYF,CA,AWP,WE,Towers with Display (VFR),0,13,82,0,95,0,4,92,0,96,0,17,174,0,191,230,0,230,421
12/12/2003,MYF,CA,AWP,WE,Towers with Display (VFR),0,11,75,0,86,0,5,362,0,367,0,16,437,0,453,221,0,221,674
12/13/2003,MYF,CA,AWP,WE,Towers with Display (VFR),0,6,77,0,83,0,0,345,0,345,0,6,422,0,428,249,0,249,677
12/14/2003,MYF,CA,AWP,WE,Towers with Display (VFR),0,1,50,0,51,0,0,156,0,156,0,1,206,0,207,258,0,258,465
12/15/2003,MYF,CA,AWP,WE,Towers with Display (VFR),0,7,50,0,57,0,9,312,0,321,0,16,362,0,378,252,0,252,630
12/16/2003,MYF,CA,AWP,WE,Towers with Display (VFR),0,12,82,1,95,0,4,283,1,288,0,16,365,2,383,274,0,274,657
12/17/2003,MYF,CA,AWP,WE,Towers with Display (VFR),0,13,86,0,99,0,8,384,2,394,0,21,470,2,493,310,0,310,803
12/18/2003,MYF,CA,AWP,WE,Towers with Display (VFR),0,12,81,0,93,0,4,305,0,309,0,16,386,0,402,313,0,313,715
12/19/2003,MYF,CA,AWP,WE,Towers with Display (VFR),0,11,76,0,87,0,6,307,0,313,0,17,383,0,400,166,3,169,569
12/20/2003,MYF,CA,AWP,WE,Towers with Display (VFR),0,2,54,0,56,0,0,222,0,222,0,2,276,0,278,196,0,196,474
12/21/2003,MYF,CA,AWP,WE,Towers with Display (VFR),0,2,67,0,69,0,0,178,0,178,0,2,245,0,247,268,0,268,515
12/22/2003,MYF,CA,AWP,WE,Towers with Display (VFR),0,10,64,0,74,0,6,262,2,270,0,16,326,2,344,212,0,212,556
12/23/2003,MYF,CA,AWP,WE,Towers with Display (VFR),0,11,74,0,85,0,8,191,0,199,0,19,265,0,284,135,0,135,419
12/24/2003,MYF,CA,AWP,WE,Towers with Display (VFR),0,8,53,0,61,0,7,180,0,187,0,15,233,0,248,180,0,180,428
12/25/2003,MYF,CA,AWP,WE,Towers with Display (VFR),0,1,12,0,13,0,1,2,0,3,0,2,14,0,16,0,0,0,16
12/26/2003,MYF,CA,AWP,WE,Towers with Display (VFR),0,8,52,0,60,0,14,105,0,119,0,22,157,0,179,132,0,132,311
12/27/2003,MYF,CA,AWP,WE,Towers with Display (VFR),0,3,51,0,54,0,0,283,0,283,0,3,334,0,337,54,0,54,391
12/28/2003,MYF,CA,AWP,WE,Towers with Display (VFR),0,5,50,0,55,0,0,284,0,284,0,5,334,0,339,209,0,209,548
12/29/2003,MYF,CA,AWP,WE,Towers with Display (VFR),0,8,58,0,66,0,7,255,0,262,0,15,313,0,328,184,0,184,512
12/30/2003,MYF,CA,AWP,WE,Towers with Display (VFR),0,9,63,0,72,0,7,203,0,210,0,16,266,0,282,309,0,309,591
12/31/2003,MYF,CA,AWP,WE,Towers with Display (VFR),0,8,58,0,66,0,8,348,0,356,0,16,406,0,422,266,0,266,688
01/01/2004,MYF,CA,AWP,WE,Towers with Display (VFR),0,1,22,0,23,0,0,194,0,194,0,1,216,0,217,172,0,172,389
01/02/2004,MYF,CA,AWP,WE,Towers with Display (VFR),0,12,90,0,102,0,7,183,0,190,0,19,273,0,292,280,0,280,572
01/03/2004,MYF,CA,AWP,WE,Towers with Display (VFR),0,1,46,0,47,0,0,240,0,240,0,1,286,0,287,288,0,288,575
01/04/2004,MYF,CA,AWP,WE,Towers with Display (VFR),0,2,77,0,79,0,0,258,0,258,0,2,335,0,337,240,0,240,577
01/05/2004,MYF,CA,AWP,WE,Towers with Display (VFR),0,8,53,0,61,0,9,206,0,215,0,17,259,0,276,266,2,268,544
01/06/2004,MYF,CA,AWP,WE,Towers with Display (VFR),0,10,67,0,77,0,3,298,14,315,0,13,365,14,392,325,0,325,717
01/07/2004,MYF,CA,AWP,WE,Towers with Display (VFR),0,10,74,0,84,0,7,272,0,279,0,17,346,0,363,200,0,200,563
01/08/2004,MYF,CA,AWP,WE,Towers with Display (VFR),0,10,71,0,81,0,10,283,4,297,0,20,354,4,378,295,8,303,681
01/09/2004,MYF,CA,AWP,WE,Towers with Display (VFR),0,11,79,0,90,0,8,277,0,285,0,19,356,0,375,207,0,207,582
01/10/2004,MYF,CA,AWP,WE,Towers with Display (VFR),0,1,50,0,51,0,0,279,0,279,0,1,329,0,330,191,0,191,521
01/11/2004,MYF,CA,AWP,WE,Towers with Display (VFR),0,1,65,0,66,0,0,340,0,340,0,1,405,0,406,138,0,138,544
01/12/2004,MYF,CA,AWP,WE,Towers with Display (VFR),0,10,87,0,97,0,0,242,0,242,0,10,329,0,339,150,0,150,489
01/13/2004,MYF,CA,AWP,WE,Towers with Display (VFR),0,8,63,0,71,0,3,389,0,392,0,11,452,0,463,242,0,242,705
01/14/2004,MYF,CA,AWP,WE,Towers with Display (VFR),0,10,79,0,89,0,10,363,0,373,0,20,442,0,462,332,0,332,794
01/15/2004,MYF,CA,AWP,WE,Towers with Display (VFR),0,17,130,0,147,0,0,213,4,217,0,17,343,4,364,242,0,242,606
01/16/2004,MYF,CA,AWP,WE,Towers with Display (VFR),0,14,109,0,123,0,4,132,0,136,0,18,241,0,259,159,1,160,419
01/17/2004,MYF,CA,AWP,WE,Towers with Display (VFR),0,7,74,0,81,0,0,271,0,271,0,7,345,0,352,269,0,269,621
01/18/2004,MYF,CA,AWP,WE,Towers with Display (VFR),0,3,72,0,75,0,0,235,0,235,0,3,307,0,310,199,0,199,509
01/19/2004,MYF,CA,AWP,WE,Towers with Display (VFR),0,4,104,0,108,0,0,204,2,206,0,4,308,2,314,218,0,218,532
01/20/2004,MYF,CA,AWP,WE,Towers with Display (VFR),0,14,110,0,124,0,7,112,0,119,0,21,222,0,243,330,0,330,573
01/21/2004,MYF,CA,AWP,WE,Towers with Display (VFR),0,10,79,0,89,0,0,288,0,288,0,10,367,0,377,262,0,262,639
01/22/2004,MYF,CA,AWP,WE,Towers with Display (VFR),0,10,79,0,89,0,8,273,0,281,0,18,352,0,370,240,0,240,610
01/23/2004,MYF,CA,AWP,WE,Towers with Display (VFR),0,11,85,0,96,0,9,287,0,296,0,20,372,0,392,287,0,287,679
01/24/2004,MYF,CA,AWP,WE,Towers with Display (VFR),0,5,102,0,107,0,0,101,0,101,0,5,203,0,208,235,0,235,443
01/25/2004,MYF,CA,AWP,WE,Towers with Display (VFR),0,7,81,0,88,0,0,193,1,194,0,7,274,1,282,226,0,226,508
01/26/2004,MYF,CA,AWP,WE,Towers with Display (VFR),0,9,75,0,84,0,7,322,0,329,0,16,397,0,413,276,0,276,689
01/27/2004,MYF,CA,AWP,WE,Towers with Display (VFR),0,12,93,0,105,0,10,348,1,359,0,22,441,1,464,380,0,380,844
01/28/2004,MYF,CA,AWP,WE,Towers with Display (VFR),0,13,102,0,115,0,3,201,0,204,0,16,303,0,319,351,0,351,670
01/29/2004,MYF,CA,AWP,WE,Towers with Display (VFR),0,12,93,0,105,0,6,329,0,335,0,18,422,0,440,262,0,262,702
01/30/2004,MYF,CA,AWP,WE,Towers with Display (VFR),0,13,101,0,114,0,7,260,0,267,0,20,361,0,381,284,0,284,665
01/31/2004,MYF,CA,AWP,WE,Towers with Display (VFR),0,6,81,0,87,0,0,213,0,213,0,6,294,0,300,394,0,394,694
02/01/2004,MYF,CA,AWP,WE,Towers with Display (VFR),0,3,46,0,49,0,0,334,0,334,0,3,380,0,383,164,0,164,547
02/02/2004,MYF,CA,AWP,WE,Towers with Display (VFR),0,11,73,0,84,0,6,208,2,216,0,17,281,2,300,242,2,244,544
02/03/2004,MYF,CA,AWP,WE,Towers with Display (VFR),0,10,64,0,74,0,5,145,0,150,0,15,209,0,224,94,0,94,318
02/04/2004,MYF,CA,AWP,WE,Towers with Display (VFR),0,14,97,0,111,0,4,269,0,273,0,18,366,0,384,384,0,384,768
02/05/2004,MYF,CA,AWP,WE,Towers with Display (VFR),0,10,71,1,82,0,8,323,3,334,0,18,394,4,416,379,0,379,795
02/06/2004,MYF,CA,AWP,WE,Towers with Display (VFR),0,12,86,1,99,0,12,426,1,439,0,24,512,2,538,305,2,307,845
02/07/2004,MYF,CA,AWP,WE,Towers with Display (VFR),0,3,57,0,60,0,0,391,0,391,0,3,448,0,451,248,0,248,699
02/08/2004,MYF,CA,AWP,WE,Towers with Display (VFR),0,0,53,0,53,0,0,392,0,392,0,0,445,0,445,314,0,314,759
02/09/2004,MYF,CA,AWP,WE,Towers with Display (VFR),0,10,67,0,77,0,5,276,0,281,0,15,343,0,358,274,0,274,632
02/10/2004,MYF,CA,AWP,WE,Towers with Display (VFR),0,9,66,1,76,0,4,280,3,287,0,13,346,4,363,307,0,307,670
02/11/2004,MYF,CA,AWP,WE,Towers with Display (VFR),0,9,64,0,73,0,5,382,0,387,0,14,446,0,460,364,0,364,824
02/12/2004,MYF,CA,AWP,WE,Towers with Display (VFR),0,11,80,0,91,0,7,323,0,330,0,18,403,0,421,318,0,318,739
02/13/2004,MYF,CA,AWP,WE,Towers with Display (VFR),0,10,66,0,76,0,6,404,0,410,0,16,470,0,486,264,0,264,750
02/14/2004,MYF,CA,AWP,WE,Towers with Display (VFR),0,2,54,0,56,0,0,318,0,318,0,2,372,0,374,194,0,194,568
02/15/2004,MYF,CA,AWP,WE,Towers with Display (VFR),0,5,51,0,56,0,0,319,0,319,0,5,370,0,375,220,0,220,595
02/16/2004,MYF,CA,AWP,WE,Towers with Display (VFR),0,6,77,0,83,0,0,458,0,458,0,6,535,0,541,346,0,346,887
02/17/2004,MYF,CA,AWP,WE,Towers with Display (VFR),0,12,85,1,98,0,6,272,5,283,0,18,357,6,381,334,0,334,715
02/18/2004,MYF,CA,AWP,WE,Towers with Display (VFR),0,10,69,0,79,0,2,134,0,136,0,12,203,0,215,166,0,166,381
02/19/2004,MYF,CA,AWP,WE,Towers with Display (VFR),0,14,98,0,112,0,1,248,1,250,0,15,346,1,362,355,0,355,717
02/20/2004,MYF,CA,AWP,WE,Towers with Display (VFR),0,16,109,0,125,0,0,127,0,127,0,16,236,0,252,372,0,372,624
02/21/2004,MYF,CA,AWP,WE,Towers with Display (VFR),0,3,56,0,59,0,0,94,0,94,0,3,150,0,153,172,0,172,325
02/22/2004,MYF,CA,AWP,WE,Towers with Display (VFR),0,2,42,0,44,0,0,28,0,28,0,2,70,0,72,32,0,32,104
02/23/2004,MYF,CA,AWP,WE,Towers with Display (VFR),0,12,84,0,96,0,5,169,0,174,0,17,253,0,270,309,0,309,579
02/24/2004,MYF,CA,AWP,WE,Towers with Display (VFR),0,13,94,0,107,0,5,314,0,319,0,18,408,0,426,358,0,358,784
02/25/2004,MYF,CA,AWP,WE,Towers with Display (VFR),0,12,87,0,99,0,6,248,0,254,0,18,335,0,353,198,2,200,553
02/26/2004,MYF,CA,AWP,WE,Towers with Display (VFR),0,11,75,0,86,0,2,84,0,86,0,13,159,0,172,102,0,102,274
02/27/2004,MYF,CA,AWP,WE,Towers with Display (VFR),0,12,85,0,97,0,5,167,1,173,0,17,252,1,270,286,0,286,556
02/28/2004,MYF,CA,AWP,WE,Towers with Display (VFR),0,2,61,0,63,0,0,312,0,312,0,2,373,0,375,390,0,390,765
02/29/2004,MYF,CA,AWP,WE,Towers with Display (VFR),0,3,60,0,63,0,0,332,0,332,0,3,392,0,395,245,0,245,640
03/01/2004,MYF,CA,AWP,WE,Towers with Display (VFR),0,8,84,0,92,0,9,104,0,113,0,17,188,0,205,272,0,272,477
03/02/2004,MYF,CA,AWP,WE,Towers with Display (VFR),0,7,75,0,82,0,5,125,0,130,0,12,200,0,212,224,0,224,436
03/03/2004,MYF,CA,AWP,WE,Towers with Display (VFR),0,8,82,0,90,0,8,337,0,345,0,16,419,0,435,306,0,306,741
03/04/2004,MYF,CA,AWP,WE,Towers with Display (VFR),0,11,121,0,132,0,6,195,0,201,0,17,316,0,333,268,0,268,601
03/05/2004,MYF,CA,AWP,WE,Towers with Display (VFR),0,9,100,0,109,0,5,315,0,320,0,14,415,0,429,218,0,218,647
03/06/2004,MYF,CA,AWP,WE,Towers with Display (VFR),0,6,58,0,64,0,1,359,0,360,0,7,417,0,424,264,0,264,688
03/07/2004,MYF,CA,AWP,WE,Towers with Display (VFR),0,3,56,0,59,0,0,409,0,409,0,3,465,0,468,346,2,348,816
03/08/2004,MYF,CA,AWP,WE,Towers with Display (VFR),0,6,60,0,66,0,6,314,0,320,0,12,374,0,386,252,0,252,638
03/09/2004,MYF,CA,AWP,WE,Towers with Display (VFR),0,7,71,0,78,0,6,413,0,419,0,13,484,0,497,376,0,376,873
03/10/2004,MYF,CA,AWP,WE,Towers with Display (VFR),0,9,99,0,108,0,5,183,0,188,0,14,282,0,296,142,0,142,438
03/11/2004,MYF,CA,AWP,WE,Towers with Display (VFR),0,10,102,0,112,0,5,211,2,218,0,15,313,2,330,220,0,220,550
03/12/2004,MYF,CA,AWP,WE,Towers with Display (VFR),0,17,182,0,199,0,3,46,0,49,0,20,228,0,248,141,0,141,389
03/13/2004,MYF,CA,AWP,WE,Towers with Display (VFR),0,0,93,0,93,0,0,258,0,258,0,0,351,0,351,288,0,288,639
03/14/2004,MYF,CA,AWP,WE,Towers with Display (VFR),0,2,89,0,91,0,0,223,0,223,0,2,312,0,314,218,0,218,532
03/15/2004,MYF,CA,AWP,WE,Towers with Display (VFR),0,9,112,0,121,0,3,313,0,316,0,12,425,0,437,194,0,194,631
03/16/2004,MYF,CA,AWP,WE,Towers with Display (VFR),0,7,85,1,93,0,5,239,7,251,0,12,324,8,344,272,0,272,616
03/17/2004,MYF,CA,AWP,WE,Towers with Display (VFR),0,9,107,0,116,0,14,325,0,339,0,23,432,0,455,234,0,234,689
03/18/2004,MYF,CA,AWP,WE,Towers with Display (VFR),0,9,113,0,122,0,3,184,0,187,0,12,297,0,309,198,0,198,507
03/19/2004,MYF,CA,AWP,WE,Towers with Display (VFR),0,13,150,0,163,0,9,157,2,168,0,22,307,2,331,234,0,234,565
03/20/2004,MYF,CA,AWP,WE,Towers with Display (VFR),0,6,127,0,133,0,0,152,0,152,0,6,279,0,285,112,0,112,397
03/21/2004,MYF,CA,AWP,WE,Towers with Display (VFR),0,2,133,0,135,0,0,79,0,79,0,2,212,0,214,44,0,44,258
03/22/2004,MYF,CA,AWP,WE,Towers with Display (VFR),0,12,135,0,147,0,4,141,0,145,0,16,276,0,292,44,0,44,336
03/23/2004,MYF,CA,AWP,WE,Towers with Display (VFR),0,14,175,0,189,0,0,97,0,97,0,14,272,0,286,116,0,116,402
03/24/2004,MYF,CA,AWP,WE,Towers with Display (VFR),0,11,132,0,143,0,3,256,0,259,0,14,388,0,402,378,0,378,780
03/25/2004,MYF,CA,AWP,WE,Towers with Display (VFR),0,12,137,0,149,0,0,275,0,275,0,12,412,0,424,218,0,218,642
03/26/2004,MYF,CA,AWP,WE,Towers with Display (VFR),0,10,116,0,126,0,2,149,0,151,0,12,265,0,277,278,0,278,555
03/27/2004,MYF,CA,AWP,WE,Towers with Display (VFR),0,5,61,0,66,0,1,393,0,394,0,6,454,0,460,302,0,302,762
03/28/2004,MYF,CA,AWP,WE,Towers with Display (VFR),0,5,60,0,65,0,3,437,0,440,0,8,497,0,505,388,0,388,893
03/29/2004,MYF,CA,AWP,WE,Towers with Display (VFR),0,4,57,0,61,0,15,313,1,329,0,19,370,1,390,258,0,258,648
03/30/2004,MYF,CA,AWP,WE,Towers with Display (VFR),0,6,75,0,81,0,7,368,0,375,0,13,443,0,456,369,0,369,825
03/31/2004,MYF,CA,AWP,WE,Towers with Display (VFR),0,9,125,0,134,0,0,234,0,234,0,9,359,0,368,158,0,158,526
04/01/2004,MYF,CA,AWP,WE,Towers with Display (VFR),0,11,125,0,136,0,0,142,0,142,0,11,267,0,278,176,0,176,454
04/02/2004,MYF,CA,AWP,WE,Towers with Display (VFR),0,10,81,0,91,0,8,161,0,169,0,18,242,0,260,144,0,144,404
04/03/2004,MYF,CA,AWP,WE,Towers with Display (VFR),0,2,69,0,71,0,0,180,0,180,0,2,249,0,251,318,0,318,569
04/04/2004,MYF,CA,AWP,WE,Towers with Display (VFR),0,1,76,0,77,0,0,309,0,309,0,1,385,0,386,318,0,318,704
04/05/2004,MYF,CA,AWP,WE,Towers with Display (VFR),0,12,109,0,121,0,0,254,0,254,0,12,363,0,375,208,0,208,583
04/06/2004,MYF,CA,AWP,WE,Towers with Display (VFR),0,14,117,0,131,0,2,311,0,313,0,16,428,0,444,306,0,306,750
04/07/2004,MYF,CA,AWP,WE,Towers with Display (VFR),0,12,102,0,114,0,4,220,0,224,0,16,322,0,338,264,2,266,604
04/08/2004,MYF,CA,AWP,WE,Towers with Display (VFR),0,18,151,0,169,0,1,177,0,178,0,19,328,0,347,352,0,352,699
04/09/2004,MYF,CA,AWP,WE,Towers with Display (VFR),0,11,91,0,102,0,8,254,0,262,0,19,345,0,364,246,0,246,610
04/10/2004,MYF,CA,AWP,WE,Towers with Display (VFR),0,1,102,0,103,0,0,201,0,201,0,1,303,0,304,299,0,299,603
04/11/2004,MYF,CA,AWP,WE,Towers with Display (VFR),0,4,56,0,60,0,0,282,0,282,0,4,338,0,342,266,0,266,608
04/12/2004,MYF,CA,AWP,WE,Towers with Display (VFR),0,11,85,0,96,0,5,286,2,293,0,16,371,2,389,152,0,152,541
04/13/2004,MYF,CA,AWP,WE,Towers with Display (VFR),0,12,95,0,107,0,1,346,0,347,0,13,441,0,454,380,0,380,834
04/14/2004,MYF,CA,AWP,WE,Towers with Display (VFR),0,10,84,0,94,0,5,389,2,396,0,15,473,2,490,290,0,290,780
04/15/2004,MYF,CA,AWP,WE,Towers with Display (VFR),0,12,110,0,122,0,5,258,0,263,0,17,368,0,385,332,0,332,717
04/16/2004,MYF,CA,AWP,WE,Towers with Display (VFR),0,10,91,0,101,0,4,271,0,275,0,14,362,0,376,200,0,200,576
04/17/2004,MYF,CA,AWP,WE,Towers with Display (VFR),0,5,78,0,83,0,0,114,0,114,0,5,192,0,197,130,0,130,327
04/18/2004,MYF,CA,AWP,WE,Towers with Display (VFR),0,0,91,0,91,0,0,423,0,423,0,0,514,0,514,270,0,270,784
04/19/2004,MYF,CA,AWP,WE,Towers with Display (VFR),0,8,70,0,78,0,4,367,1,372,0,12,437,1,450,516,0,516,966
04/20/2004,MYF,CA,AWP,WE,Towers with Display (VFR),0,9,78,0,87,0,5,321,0,326,0,14,399,0,413,313,0,313,726
04/21/2004,MYF,CA,AWP,WE,Towers with Display (VFR),0,12,103,0,115,0,5,262,0,267,0,17,365,0,382,262,0,262,644
04/22/2004,MYF,CA,AWP,WE,Towers with Display (VFR),0,11,100,0,111,0,8,298,2,308,0,19,398,2,419,504,0,504,923
04/23/2004,MYF,CA,AWP,WE,Towers with Display (VFR),0,10,86,0,96,0,12,389,2,403,0,22,475,2,499,226,0,226,725
04/24/2004,MYF,CA,AWP,WE,Towers with Display (VFR),0,5,46,0,51,0,4,364,0,368,0,9,410,0,419,336,0,336,755
04/25/2004,MYF,CA,AWP,WE,Towers with Display (VFR),0,2,65,0,67,0,0,319,0,319,0,2,384,0,386,206,0,206,592
04/26/2004,MYF,CA,AWP,WE,Towers with Display (VFR),0,9,79,0,88,0,11,250,0,261,0,20,329,0,349,232,0,232,581
04/27/2004,MYF,CA,AWP,WE,Towers with Display (VFR),0,9,83,0,92,0,11,321,0,332,0,20,404,0,424,294,0,294,718
04/28/2004,MYF,CA,AWP,WE,Towers with Display (VFR),0,11,99,0,110,0,11,180,0,191,0,22,279,0,301,160,0,160,461
04/29/2004,MYF,CA,AWP,WE,Towers with Display (VFR),0,14,120,0,134,0,7,244,0,251,0,21,364,0,385,218,0,218,603
04/30/2004,MYF,CA,AWP,WE,Towers with Display (VFR),0,11,101,0,112,0,6,405,0,411,0,17,506,0,523,348,8,356,879
05/01/2004,MYF,CA,AWP,WE,Towers with Display (VFR),0,1,56,0,57,0,0,340,10,350,0,1,396,10,407,180,0,180,587
05/02/2004,MYF,CA,AWP,WE,Towers with Display (VFR),0,1,59,0,60,0,0,311,1,312,0,1,370,1,372,242,0,242,614
05/03/2004,MYF,CA,AWP,WE,Towers with Display (VFR),0,8,69,0,77,0,9,305,0,314,0,17,374,0,391,223,0,223,614
05/04/2004,MYF,CA,AWP,WE,Towers with Display (VFR),0,11,100,0,111,0,5,332,0,337,0,16,432,0,448,410,0,410,858
05/05/2004,MYF,CA,AWP,WE,Towers with Display (VFR),0,10,91,0,101,0,5,270,0,275,0,15,361,0,376,264,0,264,640
05/06/2004,MYF,CA,AWP,WE,Towers with Display (VFR),0,9,84,0,93,0,7,295,0,302,0,16,379,0,395,162,0,162,557
05/07/2004,MYF,CA,AWP,WE,Towers with Display (VFR),0,10,91,0,101,0,10,409,4,423,0,20,500,4,524,340,0,340,864
05/08/2004,MYF,CA,AWP,WE,Towers with Display (VFR),0,4,55,0,59,0,0,359,0,359,0,4,414,0,418,266,0,266,684
05/09/2004,MYF,CA,AWP,WE,Towers with Display (VFR),0,2,51,0,53,0,0,344,0,344,0,2,395,0,397,250,0,250,647
05/10/2004,MYF,CA,AWP,WE,Towers with Display (VFR),0,10,89,0,99,0,8,161,1,170,0,18,250,1,269,184,0,184,453
05/11/2004,MYF,CA,AWP,WE,Towers with Display (VFR),0,10,93,0,103,0,6,248,2,256,0,16,341,2,359,295,0,295,654
05/12/2004,MYF,CA,AWP,WE,Towers with Display (VFR),0,8,88,0,96,0,9,352,0,361,0,17,440,0,457,282,0,282,739
05/13/2004,MYF,CA,AWP,WE,Towers with Display (VFR),0,9,90,0,99,0,5,329,0,334,0,14,419,0,433,188,0,188,621
05/14/2004,MYF,CA,AWP,WE,Towers with Display (VFR),0,9,93,0,102,0,11,298,0,309,0,20,391,0,411,261,0,261,672
05/15/2004,MYF,CA,AWP,WE,Towers with Display (VFR),0,4,59,0,63,0,0,313,0,313,0,4,372,0,376,218,0,218,594
05/16/2004,MYF,CA,AWP,WE,Towers with Display (VFR),0,1,79,0,80,0,0,247,0,247,0,1,326,0,327,230,0,230,557
05/17/2004,MYF,CA,AWP,WE,Towers with Display (VFR),0,9,95,0,104,0,5,205,0,210,0,14,300,0,314,346,0,346,660
05/18/2004,MYF,CA,AWP,WE,Towers with Display (VFR),0,8,86,0,94,0,6,302,0,308,0,14,388,0,402,392,0,392,794
05/19/2004,MYF,CA,AWP,WE,Towers with Display (VFR),0,9,90,0,99,0,6,309,0,315,0,15,399,0,414,266,0,266,680
05/20/2004,MYF,CA,AWP,WE,Towers with Display (VFR),0,10,109,0,119,0,2,239,0,241,0,12,348,0,360,378,0,378,738
05/21/2004,MYF,CA,AWP,WE,Towers with Display (VFR),0,11,120,0,131,0,3,225,0,228,0,14,345,0,359,262,0,262,621
05/22/2004,MYF,CA,AWP,WE,Towers with Display (VFR),0,1,100,0,101,0,0,285,0,285,0,1,385,0,386,214,0,214,600
05/23/2004,MYF,CA,AWP,WE,Towers with Display (VFR),0,2,109,0,111,0,0,148,0,148,0,2,257,0,259,222,0,222,481
05/24/2004,MYF,CA,AWP,WE,Towers with Display (VFR),0,10,107,0,117,0,8,197,0,205,0,18,304,0,322,260,0,260,582
05/25/2004,MYF,CA,AWP,WE,Towers with Display (VFR),0,14,141,0,155,0,3,214,0,217,0,17,355,0,372,364,0,364,736
05/26/2004,MYF,CA,AWP,WE,Towers with Display (VFR),0,12,128,0,140,0,2,201,0,203,0,14,329,0,343,290,0,290,633
05/27/2004,MYF,CA,AWP,WE,Towers with Display (VFR),0,12,120,0,132,0,8,227,0,235,0,20,347,0,367,304,0,304,671
05/28/2004,MYF,CA,AWP,WE,Towers with Display (VFR),0,14,180,0,194,0,0,119,0,119,0,14,299,0,313,220,0,220,533
05/29/2004,MYF,CA,AWP,WE,Towers with Display (VFR),0,2,107,0,109,0,0,248,0,248,0,2,355,0,357,348,0,348,705
05/30/2004,MYF,CA,AWP,WE,Towers with Display (VFR),0,1,31,0,32,0,0,274,0,274,0,1,305,0,306,196,0,196,502
05/31/2004,MYF,CA,AWP,WE,Towers with Display (VFR),0,0,66,0,66,0,0,402,0,402,0,0,468,0,468,242,0,242,710
06/01/2004,MYF,CA,AWP,WE,Towers with Display (VFR),0,7,82,0,89,0,6,325,0,331,0,13,407,0,420,342,0,342,762
06/02/2004,MYF,CA,AWP,WE,Towers with Display (VFR),0,7,91,0,98,0,7,208,0,215,0,14,299,0,313,234,0,234,547
06/03/2004,MYF,CA,AWP,WE,Towers with Display (VFR),0,8,110,0,118,0,10,271,0,281,0,18,381,0,399,202,0,202,601
06/04/2004,MYF,CA,AWP,WE,Towers with Display (VFR),0,8,93,0,101,0,7,249,0,256,0,15,342,0,357,196,0,196,553
06/05/2004,MYF,CA,AWP,WE,Towers with Display (VFR),0,2,87,0,89,0,0,290,0,290,0,2,377,0,379,210,0,210,589
06/06/2004,MYF,CA,AWP,WE,Towers with Display (VFR),0,2,124,0,126,0,0,130,0,130,0,2,254,0,256,78,0,78,334
06/07/2004,MYF,CA,AWP,WE,Towers with Display (VFR),0,10,125,0,135,0,2,108,0,110,0,12,233,0,245,198,0,198,443
06/08/2004,MYF,CA,AWP,WE,Towers with Display (VFR),0,12,152,0,164,0,2,213,0,215,0,14,365,0,379,450,0,450,829
06/09/2004,MYF,CA,AWP,WE,Towers with Display (VFR),0,8,113,2,123,0,8,172,2,182,0,16,285,4,305,296,1,297,602
06/10/2004,MYF,CA,AWP,WE,Towers with Display (VFR),0,11,141,1,153,0,8,272,0,280,0,19,413,1,433,300,0,300,733
06/11/2004,MYF,CA,AWP,WE,Towers with Display (VFR),0,8,107,2,117,0,10,313,0,323,0,18,420,2,440,285,0,285,725
06/12/2004,MYF,CA,AWP,WE,Towers with Display (VFR),0,5,71,1,77,0,0,287,0,287,0,5,358,1,364,138,0,138,502
06/13/2004,MYF,CA,AWP,WE,Towers with Display (VFR),0,4,82,0,86,0,0,279,0,279,0,4,361,0,365,224,0,224,589
06/14/2004,MYF,CA,AWP,WE,Towers with Display (VFR),0,8,92,0,100,0,2,315,0,317,0,10,407,0,417,362,0,362,779
06/15/2004,MYF,CA,AWP,WE,Towers with Display (VFR),0,8,112,0,120,0,9,264,0,273,0,17,376,0,393,266,0,266,659
06/16/2004,MYF,CA,AWP,WE,Towers with Display (VFR),0,12,153,0,165,0,4,151,0,155,0,16,304,0,320,238,0,238,558
06/17/2004,MYF,CA,AWP,WE,Towers with Display (VFR),0,12,151,0,163,0,4,184,0,188,0,16,335,0,351,325,0,325,676
06/18/2004,MYF,CA,AWP,WE,Towers with Display (VFR),0,13,166,0,179,0,1,92,0,93,0,14,258,0,272,144,0,144,416
06/19/2004,MYF,CA,AWP,WE,Towers with Display (VFR),0,4,112,0,116,0,0,108,0,108,0,4,220,0,224,273,0,273,497
06/20/2004,MYF,CA,AWP,WE,Towers with Display (VFR),0,3,140,1,144,0,0,136,1,137,0,3,276,2,281,254,0,254,535
06/21/2004,MYF,CA,AWP,WE,Towers with Display (VFR),0,9,115,0,124,0,4,180,0,184,0,13,295,0,308,218,0,218,526
06/22/2004,MYF,CA,AWP,WE,Towers with Display (VFR),0,12,160,0,172,0,2,157,0,159,0,14,317,0,331,380,0,380,711
06/23/2004,MYF,CA,AWP,WE,Towers with Display (VFR),0,11,140,1,152,0,1,267,1,269,0,12,407,2,421,280,0,280,701
06/24/2004,MYF,CA,AWP,WE,Towers with Display (VFR),0,8,109,0,117,0,8,240,0,248,0,16,349,0,365,202,0,202,567
06/25/2004,MYF,CA,AWP,WE,Towers with Display (VFR),0,9,118,0,127,0,2,267,0,269,0,11,385,0,396,208,0,208,604
06/26/2004,MYF,CA,AWP,WE,Towers with Display (VFR),0,5,59,0,64,0,0,237,0,237,0,5,296,0,301,190,0,190,491
06/27/2004,MYF,CA,AWP,WE,Towers with Display (VFR),0,0,99,0,99,0,0,236,0,236,0,0,335,0,335,146,0,146,481
06/28/2004,MYF,CA,AWP,WE,Towers with Display (VFR),0,7,113,0,120,0,0,206,0,206,0,7,319,0,326,408,0,408,734
06/29/2004,MYF,CA,AWP,WE,Towers with Display (VFR),0,9,129,0,138,0,0,231,0,231,0,9,360,0,369,348,0,348,717
06/30/2004,MYF,CA,AWP,WE,Towers with Display (VFR),0,8,111,0,119,0,4,321,0,325,0,12,432,0,444,412,0,412,856
07/01/2004,MYF,CA,AWP,WE,Towers with Display (VFR),0,9,122,0,131,0,3,336,0,339,0,12,458,0,470,243,0,243,713
07/02/2004,MYF,CA,AWP,WE,Towers with Display (VFR),0,9,115,0,124,0,4,293,0,297,0,13,408,0,421,178,0,178,599
07/03/2004,MYF,CA,AWP,WE,Towers with Display (VFR),0,2,93,0,95,0,0,288,0,288,0,2,381,0,383,324,0,324,707
07/04/2004,MYF,CA,AWP,WE,Towers with Display (VFR),0,1,41,0,42,0,0,164,0,164,0,1,205,0,206,184,0,184,390
07/05/2004,MYF,CA,AWP,WE,Towers with Display (VFR),0,4,99,0,103,0,0,326,0,326,0,4,425,0,429,216,0,216,645
07/06/2004,MYF,CA,AWP,WE,Towers with Display (VFR),0,10,128,0,138,0,1,249,0,250,0,11,377,0,388,254,0,254,642
07/07/2004,MYF,CA,AWP,WE,Towers with Display (VFR),0,9,122,0,131,0,1,290,0,291,0,10,412,0,422,116,0,116,538
07/08/2004,MYF,CA,AWP,WE,Towers with Display (VFR),0,8,98,0,106,0,2,288,0,290,0,10,386,0,396,346,0,346,742
07/09/2004,MYF,CA,AWP,WE,Towers with Display (VFR),0,9,113,0,122,0,2,330,0,332,0,11,443,0,454,230,0,230,684
07/10/2004,MYF,CA,AWP,WE,Towers with Display (VFR),0,7,99,0,106,0,0,284,5,289,0,7,383,5,395,212,0,212,607
07/11/2004,MYF,CA,AWP,WE,Towers with Display (VFR),0,0,66,0,66,0,0,358,0,358,0,0,424,0,424,178,0,178,602
07/12/2004,MYF,CA,AWP,WE,Towers with Display (VFR),0,7,94,0,101,0,5,244,0,249,0,12,338,0,350,290,0,290,640
07/13/2004,MYF,CA,AWP,WE,Towers with Display (VFR),0,8,101,0,109,0,1,291,2,294,0,9,392,2,403,204,0,204,607
07/14/2004,MYF,CA,AWP,WE,Towers with Display (VFR),0,6,72,0,78,0,3,237,1,241,0,9,309,1,319,272,0,272,591
07/15/2004,MYF,CA,AWP,WE,Towers with Display (VFR),0,8,110,0,118,0,4,352,0,356,0,12,462,0,474,270,0,270,744
07/16/2004,MYF,CA,AWP,WE,Towers with Display (VFR),0,6,90,0,96,0,3,259,0,262,0,9,349,0,358,270,0,270,628
07/17/2004,MYF,CA,AWP,WE,Towers with Display (VFR),0,1,68,0,69,0,0,360,0,360,0,1,428,0,429,122,0,122,551
07/18/2004,MYF,CA,AWP,WE,Towers with Display (VFR),0,3,59,0,62,0,0,242,0,242,0,3,301,0,304,172,0,172,476
07/19/2004,MYF,CA,AWP,WE,Towers with Display (VFR),0,7,109,0,116,0,6,356,1,363,0,13,465,1,479,226,0,226,705
07/20/2004,MYF,CA,AWP,WE,Towers with Display (VFR),0,7,108,0,115,0,5,349,0,354,0,12,457,0,469,196,0,196,665
07/21/2004,MYF,CA,AWP,WE,Towers with Display (VFR),0,7,99,0,106,0,3,315,0,318,0,10,414,0,424,272,0,272,696
07/22/2004,MYF,CA,AWP,WE,Towers with Display (VFR),0,8,120,0,128,0,7,226,0,233,0,15,346,0,361,240,0,240,601
07/23/2004,MYF,CA,AWP,WE,Towers with Display (VFR),0,8,122,0,130,0,4,249,0,253,0,12,371,0,383,230,0,230,613
07/24/2004,MYF,CA,AWP,WE,Towers with Display (VFR),0,3,81,0,84,0,0,188,0,188,0,3,269,0,272,234,0,234,506
07/25/2004,MYF,CA,AWP,WE,Towers with Display (VFR),0,3,69,0,72,0,0,333,0,333,0,3,402,0,405,262,0,262,667
07/26/2004,MYF,CA,AWP,WE,Towers with Display (VFR),0,6,92,0,98,0,3,245,0,248,0,9,337,0,346,230,0,230,576
07/27/2004,MYF,CA,AWP,WE,Towers with Display (VFR),0,7,106,0,113,0,4,293,0,297,0,11,399,0,410,297,0,297,707
07/28/2004,MYF,CA,AWP,WE,Towers with Display (VFR),0,6,96,0,102,0,4,301,0,305,0,10,397,0,407,268,0,268,675
07/29/2004,MYF,CA,AWP,WE,Towers with Display (VFR),0,8,113,0,121,0,8,227,0,235,0,16,340,0,356,360,0,360,716
07/30/2004,MYF,CA,AWP,WE,Towers with Display (VFR),0,8,123,0,131,0,7,238,0,245,0,15,361,0,376,200,0,200,576
07/31/2004,MYF,CA,AWP,WE,Towers with Display (VFR),0,1,71,0,72,0,0,279,0,279,0,1,350,0,351,186,0,186,537
08/01/2004,MYF,CA,AWP,WE,Towers with Display (VFR),0,0,93,0,93,0,0,272,0,272,0,0,365,0,365,328,0,328,693
08/02/2004,MYF,CA,AWP,WE,Towers with Display (VFR),0,9,117,0,126,0,2,325,0,327,0,11,442,0,453,196,0,196,649
08/03/2004,MYF,CA,AWP,WE,Towers with Display (VFR),0,8,94,0,102,0,0,421,0,421,0,8,515,0,523,380,0,380,903
08/04/2004,MYF,CA,AWP,WE,Towers with Display (VFR),0,10,127,0,137,0,2,227,0,229,0,12,354,0,366,334,0,334,700
08/05/2004,MYF,CA,AWP,WE,Towers with Display (VFR),0,8,99,0,107,0,1,240,61,302,0,9,339,61,409,246,0,246,655
08/06/2004,MYF,CA,AWP,WE,Towers with Display (VFR),0,8,101,0,109,0,2,268,6,276,0,10,369,6,385,164,0,164,549
08/07/2004,MYF,CA,AWP,WE,Towers with Display (VFR),0,5,65,0,70,0,3,292,2,297,0,8,357,2,367,148,0,148,515
08/08/2004,MYF,CA,AWP,WE,Towers with Display (VFR),0,1,68,0,69,0,0,290,2,292,0,1,358,2,361,184,0,184,545
08/09/2004,MYF,CA,AWP,WE,Towers with Display (VFR),0,7,92,0,99,0,8,253,0,261,0,15,345,0,360,192,0,192,552
08/10/2004,MYF,CA,AWP,WE,Towers with Display (VFR),0,8,104,0,112,0,11,326,0,337,0,19,430,0,449,218,0,218,667
08/11/2004,MYF,CA,AWP,WE,Towers with Display (VFR),0,6,90,1,97,0,10,264,1,275,0,16,354,2,372,250,0,250,622
08/12/2004,MYF,CA,AWP,WE,Towers with Display (VFR),0,8,115,0,123,0,2,181,0,183,0,10,296,0,306,136,0,136,442
08/13/2004,MYF,CA,AWP,WE,Towers with Display (VFR),0,5,73,1,79,0,10,265,1,276,0,15,338,2,355,234,0,234,589
08/14/2004,MYF,CA,AWP,WE,Towers with Display (VFR),0,2,82,0,84,0,0,286,0,286,0,2,368,0,370,176,0,176,546
08/15/2004,MYF,CA,AWP,WE,Towers with Display (VFR),0,1,99,0,100,0,0,257,0,257,0,1,356,0,357,192,0,192,549
08/16/2004,MYF,CA,AWP,WE,Towers with Display (VFR),0,5,83,0,88,0,0,295,0,295,0,5,378,0,383,235,0,235,618
08/17/2004,MYF,CA,AWP,WE,Towers with Display (VFR),0,8,115,1,124,0,6,321,5,332,0,14,436,6,456,304,0,304,760
08/18/2004,MYF,CA,AWP,WE,Towers with Display (VFR),0,8,116,1,125,0,3,275,5,283,0,11,391,6,408,242,0,242,650
08/19/2004,MYF,CA,AWP,WE,Towers with Display (VFR),0,7,104,0,111,0,5,303,1,309,0,12,407,1,420,274,2,276,696
08/20/2004,MYF,CA,AWP,WE,Towers with Display (VFR),0,9,129,0,138,0,2,270,0,272,0,11,399,0,410,297,0,297,707
08/21/2004,MYF,CA,AWP,WE,Towers with Display (VFR),0,6,79,0,85,0,8,217,0,225,0,14,296,0,310,126,0,126,436
08/22/2004,MYF,CA,AWP,WE,Towers with Display (VFR),0,0,81,0,81,0,0,347,0,347,0,0,428,0,428,210,0,210,638
08/23/2004,MYF,CA,AWP,WE,Towers with Display (VFR),0,5,73,0,78,0,4,378,0,382,0,9,451,0,460,240,0,240,700
08/24/2004,MYF,CA,AWP,WE,Towers with Display (VFR),0,6,90,0,96,0,3,445,0,448,0,9,535,0,544,459,0,459,1003
08/25/2004,MYF,CA,AWP,WE,Towers with Display (VFR),0,7,99,0,106,0,6,412,0,418,0,13,511,0,524,354,0,354,878
08/26/2004,MYF,CA,AWP,WE,Towers with Display (VFR),0,7,106,0,113,0,12,333,0,345,0,19,439,0,458,348,0,348,806
08/27/2004,MYF,CA,AWP,WE,Towers with Display (VFR),0,6,80,0,86,0,4,282,0,286,0,10,362,0,372,276,0,276,648
08/28/2004,MYF,CA,AWP,WE,Towers with Display (VFR),0,1,79,0,80,0,0,286,0,286,0,1,365,0,366,306,0,306,672
08/29/2004,MYF,CA,AWP,WE,Towers with Display (VFR),0,3,91,0,94,0,0,417,0,417,0,3,508,0,511,294,0,294,805
08/30/2004,MYF,CA,AWP,WE,Towers with Display (VFR),0,6,85,0,91,0,18,300,0,318,0,24,385,0,409,246,0,246,655
08/31/2004,MYF,CA,AWP,WE,Towers with Display (VFR),0,8,106,0,114,0,2,341,0,343,0,10,447,0,457,242,0,242,699
09/01/2004,MYF,CA,AWP,WE,Towers with Display (VFR),0,6,89,0,95,0,3,340,0,343,0,9,429,0,438,214,0,214,652
09/02/2004,MYF,CA,AWP,WE,Towers with Display (VFR),0,7,114,0,121,0,8,302,0,310,0,15,416,0,431,270,0,270,701
09/03/2004,MYF,CA,AWP,WE,Towers with Display (VFR),0,8,122,0,130,0,6,263,0,269,0,14,385,0,399,120,0,120,519
09/04/2004,MYF,CA,AWP,WE,Towers with Display (VFR),0,1,50,0,51,0,0,311,0,311,0,1,361,0,362,220,0,220,582
09/05/2004,MYF,CA,AWP,WE,Towers with Display (VFR),0,0,44,0,44,0,0,194,0,194,0,0,238,0,238,214,0,214,452
09/06/2004,MYF,CA,AWP,WE,Towers with Display (VFR),0,1,93,0,94,0,0,365,0,365,0,1,458,0,459,322,0,322,781
09/07/2004,MYF,CA,AWP,WE,Towers with Display (VFR),0,5,78,0,83,0,4,310,0,314,0,9,388,0,397,291,0,291,688
09/08/2004,MYF,CA,AWP,WE,Towers with Display (VFR),0,9,112,1,122,0,5,288,6,299,0,14,400,7,421,264,3,267,688
09/09/2004,MYF,CA,AWP,WE,Towers with Display (VFR),0,8,91,0,99,0,5,310,0,315,0,13,401,0,414,234,0,234,648
09/10/2004,MYF,CA,AWP,WE,Towers with Display (VFR),0,7,80,0,87,0,8,293,0,301,0,15,373,0,388,258,0,258,646
09/11/2004,MYF,CA,AWP,WE,Towers with Display (VFR),0,2,46,0,48,0,0,302,0,302,0,2,348,0,350,252,0,252,602
09/12/2004,MYF,CA,AWP,WE,Towers with Display (VFR),0,3,42,0,45,0,2,323,0,325,0,5,365,0,370,196,0,196,566
09/13/2004,MYF,CA,AWP,WE,Towers with Display (VFR),0,8,99,0,107,0,4,256,0,260,0,12,355,0,367,246,0,246,613
09/14/2004,MYF,CA,AWP,WE,Towers with Display (VFR),0,10,119,1,130,0,2,240,3,245,0,12,359,4,375,408,0,408,783
09/15/2004,MYF,CA,AWP,WE,Towers with Display (VFR),0,10,116,0,126,0,9,298,0,307,0,19,414,0,433,284,0,284,717
09/16/2004,MYF,CA,AWP,WE,Towers with Display (VFR),0,10,114,0,124,0,2,224,0,226,0,12,338,0,350,274,0,274,624
09/17/2004,MYF,CA,AWP,WE,Towers with Display (VFR),0,10,121,0,131,0,4,272,0,276,0,14,393,0,407,302,0,302,709
09/18/2004,MYF,CA,AWP,WE,Towers with Display (VFR),0,4,61,0,65,0,0,288,0,288,0,4,349,0,353,274,0,274,627
09/19/2004,MYF,CA,AWP,WE,Towers with Display (VFR),0,1,74,0,75,0,0,243,0,243,0,1,317,0,318,259,0,259,577
09/20/2004,MYF,CA,AWP,WE,Towers with Display (VFR),0,9,102,0,111,0,2,245,0,247,0,11,347,0,358,180,0,180,538
09/21/2004,MYF,CA,AWP,WE,Towers with Display (VFR),0,9,102,0,111,0,4,299,0,303,0,13,401,0,414,330,0,330,744
09/22/2004,MYF,CA,AWP,WE,Towers with Display (VFR),0,7,80,0,87,0,7,369,0,376,0,14,449,0,463,325,0,325,788
09/23/2004,MYF,CA,AWP,WE,Towers with Display (VFR),0,7,83,0,90,0,6,334,0,340,0,13,417,0,430,294,0,294,724
09/24/2004,MYF,CA,AWP,WE,Towers with Display (VFR),0,7,88,0,95,0,2,395,0,397,0,9,483,0,492,292,0,292,784
09/25/2004,MYF,CA,AWP,WE,Towers with Display (VFR),0,1,64,0,65,0,0,264,0,264,0,1,328,0,329,232,0,232,561
09/26/2004,MYF,CA,AWP,WE,Towers with Display (VFR),0,5,86,0,91,0,0,323,0,323,0,5,409,0,414,298,0,298,712
09/27/2004,MYF,CA,AWP,WE,Towers with Display (VFR),0,7,87,0,94,0,0,245,0,245,0,7,332,0,339,280,0,280,619
09/28/2004,MYF,CA,AWP,WE,Towers with Display (VFR),0,9,107,0,116,0,0,318,0,318,0,9,425,0,434,253,0,253,687
09/29/2004,MYF,CA,AWP,WE,Towers with Display (VFR),0,10,122,0,132,0,2,253,0,255,0,12,375,0,387,420,0,420,807
09/30/2004,MYF,CA,AWP,WE,Towers with Display (VFR),0,10,120,0,130,0,2,177,0,179,0,12,297,0,309,282,0,282,591
10/01/2004,MYF,CA,AWP,WE,Towers with Display (VFR),0,7,98,0,105,0,6,321,0,327,0,13,419,0,432,318,0,318,750
10/02/2004,MYF,CA,AWP,WE,Towers with Display (VFR),0,7,98,0,105,0,6,321,0,327,0,13,419,0,432,318,0,318,750
10/03/2004,MYF,CA,AWP,WE,Towers with Display (VFR),0,0,131,0,131,0,1,194,0,195,0,1,325,0,326,96,0,96,422
10/04/2004,MYF,CA,AWP,WE,Towers with Display (VFR),0,11,119,0,130,0,0,257,0,257,0,11,376,0,387,256,0,256,643
10/05/2004,MYF,CA,AWP,WE,Towers with Display (VFR),0,13,122,0,135,0,0,293,0,293,0,13,415,0,428,311,0,311,739
10/06/2004,MYF,CA,AWP,WE,Towers with Display (VFR),0,15,108,0,123,0,1,297,0,298,0,16,405,0,421,328,0,328,749
10/07/2004,MYF,CA,AWP,WE,Towers with Display (VFR),0,14,132,0,146,0,2,308,0,310,0,16,440,0,456,336,0,336,792
10/08/2004,MYF,CA,AWP,WE,Towers with Display (VFR),0,10,74,0,84,0,2,327,0,329,0,12,401,0,413,268,0,268,681
10/09/2004,MYF,CA,AWP,WE,Towers with Display (VFR),0,1,80,0,81,0,4,232,0,236,0,5,312,0,317,255,0,255,572
10/10/2004,MYF,CA,AWP,WE,Towers with Display (VFR),0,0,82,0,82,0,2,299,0,301,0,2,381,0,383,230,0,230,613
10/11/2004,MYF,CA,AWP,WE,Towers with Display (VFR),0,0,86,0,86,0,1,339,0,340,0,1,425,0,426,380,0,380,806
10/12/2004,MYF,CA,AWP,WE,Towers with Display (VFR),0,11,107,0,118,0,2,261,0,263,0,13,368,0,381,272,0,272,653
10/13/2004,MYF,CA,AWP,WE,Towers with Display (VFR),0,8,94,0,102,0,0,335,0,335,0,8,429,0,437,478,0,478,915
10/14/2004,MYF,CA,AWP,WE,Towers with Display (VFR),0,8,54,0,62,0,1,256,0,257,0,9,310,0,319,180,0,180,499
10/15/2004,MYF,CA,AWP,WE,Towers with Display (VFR),0,8,80,0,88,0,3,169,0,172,0,11,249,0,260,98,0,98,358
10/16/2004,MYF,CA,AWP,WE,Towers with Display (VFR),0,1,86,0,87,0,2,86,0,88,0,3,172,0,175,156,0,156,331
10/17/2004,MYF,CA,AWP,WE,Towers with Display (VFR),0,3,76,0,79,0,1,34,0,35,0,4,110,0,114,34,0,34,148
10/18/2004,MYF,CA,AWP,WE,Towers with Display (VFR),0,14,114,0,128,0,0,61,0,61,0,14,175,0,189,98,0,98,287
10/19/2004,MYF,CA,AWP,WE,Towers with Display (VFR),0,10,97,0,107,0,0,8,0,8,0,10,105,0,115,10,0,10,125
10/20/2004,MYF,CA,AWP,WE,Towers with Display (VFR),0,15,66,0,81,0,0,16,0,16,0,15,82,0,97,18,0,18,115
10/21/2004,MYF,CA,AWP,WE,Towers with Display (VFR),0,9,118,0,127,0,5,215,0,220,0,14,333,0,347,400,0,400,747
10/22/2004,MYF,CA,AWP,WE,Towers with Display (VFR),0,8,94,0,102,0,1,432,0,433,0,9,526,0,535,403,0,403,938
10/23/2004,MYF,CA,AWP,WE,Towers with Display (VFR),0,2,50,0,52,0,4,362,0,366,0,6,412,0,418,310,0,310,728
10/24/2004,MYF,CA,AWP,WE,Towers with Display (VFR),0,1,108,0,109,0,1,278,0,279,0,2,386,0,388,309,0,309,697
10/25/2004,MYF,CA,AWP,WE,Towers with Display (VFR),0,9,104,0,113,0,0,176,0,176,0,9,280,0,289,268,0,268,557
10/26/2004,MYF,CA,AWP,WE,Towers with Display (VFR),0,14,108,0,122,0,2,158,0,160,0,16,266,0,282,367,0,367,649
10/27/2004,MYF,CA,AWP,WE,Towers with Display (VFR),0,17,54,0,71,0,0,55,0,55,0,17,109,0,126,10,0,10,136
10/28/2004,MYF,CA,AWP,WE,Towers with Display (VFR),0,13,78,2,93,0,7,212,2,221,0,20,290,4,314,312,0,312,626
10/29/2004,MYF,CA,AWP,WE,Towers with Display (VFR),0,7,110,0,117,0,4,386,0,390,0,11,496,0,507,272,0,272,779
10/30/2004,MYF,CA,AWP,WE,Towers with Display (VFR),0,0,74,0,74,0,4,389,0,393,0,4,463,0,467,394,0,394,861
10/31/2004,MYF,CA,AWP,WE,Towers with Display (VFR),0,2,65,0,67,0,1,293,10,304,0,3,358,10,371,190,0,190,561
11/01/2004,MYF,CA,AWP,WE,Towers with Radar,0,9,66,2,77,0,1,235,0,236,0,10,301,2,313,162,0,162,475
11/02/2004,MYF,CA,AWP,WE,Towers with Radar,0,9,71,0,80,0,1,317,0,318,0,10,388,0,398,414,0,414,812
11/03/2004,MYF,CA,AWP,WE,Towers with Radar,0,10,88,0,98,0,5,393,0,398,0,15,481,0,496,432,0,432,928
11/04/2004,MYF,CA,AWP,WE,Towers with Radar,0,11,76,0,87,0,0,291,0,291,0,11,367,0,378,265,0,265,643
11/05/2004,MYF,CA,AWP,WE,Towers with Radar,0,11,81,0,92,0,4,395,0,399,0,15,476,0,491,415,0,415,906
11/06/2004,MYF,CA,AWP,WE,Towers with Radar,0,2,73,0,75,0,2,357,0,359,0,4,430,0,434,288,0,288,722
11/07/2004,MYF,CA,AWP,WE,Towers with Radar,0,2,60,0,62,0,0,99,0,99,0,2,159,0,161,144,0,144,305
11/08/2004,MYF,CA,AWP,WE,Towers with Radar,0,15,92,0,107,0,2,155,0,157,0,17,247,0,264,222,0,222,486
11/09/2004,MYF,CA,AWP,WE,Towers with Radar,0,11,96,0,107,0,2,221,0,223,0,13,317,0,330,426,0,426,756
11/10/2004,MYF,CA,AWP,WE,Towers with Radar,0,13,117,0,130,0,1,273,0,274,0,14,390,0,404,456,0,456,860
11/11/2004,MYF,CA,AWP,WE,Towers with Radar,0,3,161,0,164,0,2,345,0,347,0,5,506,0,511,419,0,419,930
11/12/2004,MYF,CA,AWP,WE,Towers with Radar,0,13,93,0,106,0,4,386,0,390,0,17,479,0,496,390,0,390,886
11/13/2004,MYF,CA,AWP,WE,Towers with Radar,0,1,78,0,79,0,1,151,0,152,0,2,229,0,231,266,0,266,497
11/14/2004,MYF,CA,AWP,WE,Towers with Radar,0,1,69,0,70,0,1,456,0,457,0,2,525,0,527,391,0,391,918
11/15/2004,MYF,CA,AWP,WE,Towers with Radar,0,10,73,0,83,0,3,321,0,324,0,13,394,0,407,369,1,370,777
11/16/2004,MYF,CA,AWP,WE,Towers with Radar,0,10,64,0,74,0,2,369,0,371,0,12,433,0,445,314,0,314,759
11/17/2004,MYF,CA,AWP,WE,Towers with Radar,0,8,91,1,100,0,7,388,1,396,0,15,479,2,496,475,0,475,971
11/18/2004,MYF,CA,AWP,WE,Towers with Radar,0,9,80,0,89,0,6,381,0,387,0,15,461,0,476,280,0,280,756
11/19/2004,MYF,CA,AWP,WE,Towers with Radar,0,14,133,0,147,0,11,286,0,297,0,25,419,0,444,182,0,182,626
11/20/2004,MYF,CA,AWP,WE,Towers with Radar,0,0,98,1,99,0,0,194,0,194,0,0,292,1,293,294,0,294,587
11/21/2004,MYF,CA,AWP,WE,Towers with Radar,0,0,38,0,38,0,0,147,0,147,0,0,185,0,185,270,0,270,455
11/22/2004,MYF,CA,AWP,WE,Towers with Radar,0,12,89,0,101,0,4,293,0,297,0,16,382,0,398,350,0,350,748
11/23/2004,MYF,CA,AWP,WE,Towers with Radar,0,10,120,0,130,0,0,410,0,410,0,10,530,0,540,366,0,366,906
11/24/2004,MYF,CA,AWP,WE,Towers with Radar,0,14,78,0,92,0,2,514,0,516,0,16,592,0,608,444,0,444,1052
11/25/2004,MYF,CA,AWP,WE,Towers with Radar,0,2,42,0,44,0,0,170,0,170,0,2,212,0,214,94,0,94,308
11/26/2004,MYF,CA,AWP,WE,Towers with Radar,0,8,75,0,83,0,5,329,0,334,0,13,404,0,417,327,0,327,744
11/27/2004,MYF,CA,AWP,WE,Towers with Radar,0,3,136,0,139,0,1,92,0,93,0,4,228,0,232,222,0,222,454
11/28/2004,MYF,CA,AWP,WE,Towers with Radar,0,2,84,0,86,0,4,289,0,293,0,6,373,0,379,208,0,208,587
11/29/2004,MYF,CA,AWP,WE,Towers with Radar,0,9,70,0,79,0,3,283,0,286,0,12,353,0,365,282,0,282,647
11/30/2004,MYF,CA,AWP,WE,Towers with Radar,0,11,15,0,26,0,0,418,0,418,0,11,433,0,444,400,0,400,844
12/01/2004,MYF,CA,AWP,WE,Towers with Radar,0,9,72,0,81,0,2,343,0,345,0,11,415,0,426,308,0,308,734
12/02/2004,MYF,CA,AWP,WE,Towers with Radar,0,13,76,1,90,0,9,347,1,357,0,22,423,2,447,288,0,288,735
12/03/2004,MYF,CA,AWP,WE,Towers with Radar,0,5,79,0,84,0,6,440,0,446,0,11,519,0,530,362,0,362,892
12/04/2004,MYF,CA,AWP,WE,Towers with Radar,0,2,82,0,84,0,1,150,3,154,0,3,232,3,238,320,0,320,558
12/05/2004,MYF,CA,AWP,WE,Towers with Radar,0,3,47,0,50,0,0,27,0,27,0,3,74,0,77,54,0,54,131
12/06/2004,MYF,CA,AWP,WE,Towers with Radar,0,8,67,0,75,0,0,230,12,242,0,8,297,12,317,326,0,326,643
12/07/2004,MYF,CA,AWP,WE,Towers with Radar,0,11,71,2,84,0,0,137,0,137,0,11,208,2,221,124,0,124,345
12/08/2004,MYF,CA,AWP,WE,Towers with Radar,0,14,109,0,123,0,1,114,0,115,0,15,223,0,238,210,0,210,448
12/09/2004,MYF,CA,AWP,WE,Towers with Radar,0,14,87,0,101,0,5,393,0,398,0,19,480,0,499,480,0,480,979
12/10/2004,MYF,CA,AWP,WE,Towers with Radar,0,9,102,0,111,0,3,472,0,475,0,12,574,0,586,490,0,490,1076
12/11/2004,MYF,CA,AWP,WE,Towers with Radar,0,1,63,0,64,0,2,438,0,440,0,3,501,0,504,330,0,330,834
12/12/2004,MYF,CA,AWP,WE,Towers with Radar,0,2,109,0,111,0,1,189,0,190,0,3,298,0,301,190,0,190,491
12/13/2004,MYF,CA,AWP,WE,Towers with Radar,0,14,115,0,129,0,0,99,0,99,0,14,214,0,228,72,0,72,300
12/14/2004,MYF,CA,AWP,WE,Towers with Radar,0,14,113,0,127,0,1,292,0,293,0,15,405,0,420,356,0,356,776
12/15/2004,MYF,CA,AWP,WE,Towers with Radar,0,10,67,1,78,0,0,352,0,352,0,10,419,1,430,350,0,350,780
12/16/2004,MYF,CA,AWP,WE,Towers with Radar,0,11,72,0,83,0,1,300,1,302,0,12,372,1,385,254,0,254,639
12/17/2004,MYF,CA,AWP,WE,Towers with Radar,0,8,55,2,65,0,4,235,2,241,0,12,290,4,306,270,0,270,576
12/18/2004,MYF,CA,AWP,WE,Towers with Radar,0,1,53,0,54,0,1,315,0,316,0,2,368,0,370,206,0,206,576
12/19/2004,MYF,CA,AWP,WE,Towers with Radar,0,0,54,0,54,0,1,339,0,340,0,1,393,0,394,230,0,230,624
12/20/2004,MYF,CA,AWP,WE,Towers with Radar,0,9,95,0,104,0,3,266,0,269,0,12,361,0,373,334,0,334,707
12/21/2004,MYF,CA,AWP,WE,Towers with Radar,0,16,88,2,106,0,0,235,0,235,0,16,323,2,341,370,0,370,711
12/22/2004,MYF,CA,AWP,WE,Towers with Radar,0,12,77,0,89,0,0,262,30,292,0,12,339,30,381,294,0,294,675
12/23/2004,MYF,CA,AWP,WE,Towers with Radar,0,8,53,0,61,0,1,323,0,324,0,9,376,0,385,233,0,233,618
12/24/2004,MYF,CA,AWP,WE,Towers with Radar,0,9,28,0,37,0,5,152,0,157,0,14,180,0,194,118,0,118,312
12/25/2004,MYF,CA,AWP,WE,Towers with Radar,0,0,16,0,16,0,1,124,0,125,0,1,140,0,141,102,0,102,243
12/26/2004,MYF,CA,AWP,WE,Towers with Radar,0,1,66,0,67,0,2,199,0,201,0,3,265,0,268,150,0,150,418
12/27/2004,MYF,CA,AWP,WE,Towers with Radar,0,9,60,0,69,0,2,146,0,148,0,11,206,0,217,188,0,188,405
12/28/2004,MYF,CA,AWP,WE,Towers with Radar,0,12,25,0,37,0,0,40,0,40,0,12,65,0,77,42,0,42,119
12/29/2004,MYF,CA,AWP,WE,Towers with Radar,0,9,64,0,73,0,34,71,0,105,0,43,135,0,178,86,4,90,268
12/30/2004,MYF,CA,AWP,WE,Towers with Radar,0,12,74,0,86,0,1,265,0,266,0,13,339,0,352,316,0,316,668
12/31/2004,MYF,CA,AWP,WE,Towers with Radar,0,10,59,0,69,0,0,32,0,32,0,10,91,0,101,90,0,90,191
01/01/2005,MYF,CA,AWP,WE,Towers with Radar,0,2,46,0,48,0,3,128,0,131,0,5,174,0,179,66,0,66,245
01/02/2005,MYF,CA,AWP,WE,Towers with Radar,0,5,59,0,64,0,4,111,0,115,0,9,170,0,179,180,0,180,359
01/03/2005,MYF,CA,AWP,WE,Towers with Radar,0,9,44,0,53,0,0,23,0,23,0,9,67,0,76,46,0,46,122
01/04/2005,MYF,CA,AWP,WE,Towers with Radar,0,22,41,0,63,0,1,43,0,44,0,23,84,0,107,46,0,46,153
01/05/2005,MYF,CA,AWP,WE,Towers with Radar,0,14,104,0,118,0,2,290,0,292,0,16,394,0,410,264,0,264,674
01/06/2005,MYF,CA,AWP,WE,Towers with Radar,0,15,74,0,89,0,10,285,14,309,0,25,359,14,398,316,1,317,715
01/07/2005,MYF,CA,AWP,WE,Towers with Radar,0,11,43,0,54,0,0,22,0,22,0,11,65,0,76,16,0,16,92
01/08/2005,MYF,CA,AWP,WE,Towers with Radar,0,2,39,0,41,0,0,17,0,17,0,2,56,0,58,42,0,42,100
01/09/2005,MYF,CA,AWP,WE,Towers with Radar,0,3,23,0,26,0,1,10,0,11,0,4,33,0,37,66,0,66,103
01/10/2005,MYF,CA,AWP,WE,Towers with Radar,0,15,65,0,80,0,2,0,0,2,0,17,65,0,82,6,0,6,88
01/11/2005,MYF,CA,AWP,WE,Towers with Radar,0,14,76,0,90,0,28,57,0,85,0,42,133,0,175,210,0,210,385
01/12/2005,MYF,CA,AWP,WE,Towers with Radar,0,14,88,0,102,0,3,440,3,446,0,17,528,3,548,458,0,458,1006
01/13/2005,MYF,CA,AWP,WE,Towers with Radar,0,15,103,0,118,0,2,369,2,373,0,17,472,2,491,370,0,370,861
01/14/2005,MYF,CA,AWP,WE,Towers with Radar,0,12,98,1,111,0,8,405,0,413,0,20,503,1,524,326,0,326,850
01/15/2005,MYF,CA,AWP,WE,Towers with Radar,0,0,65,0,65,0,1,387,0,388,0,1,452,0,453,330,0,330,783
01/16/2005,MYF,CA,AWP,WE,Towers with Radar,0,0,45,0,45,0,12,334,0,346,0,12,379,0,391,308,0,308,699
01/17/2005,MYF,CA,AWP,WE,Towers with Radar,0,0,89,0,89,0,1,370,0,371,0,1,459,0,460,456,0,456,916
01/18/2005,MYF,CA,AWP,WE,Towers with Radar,0,8,86,0,94,0,0,398,0,398,0,8,484,0,492,333,0,333,825
01/19/2005,MYF,CA,AWP,WE,Towers with Radar,0,10,81,0,91,0,0,391,0,391,0,10,472,0,482,391,0,391,873
01/20/2005,MYF,CA,AWP,WE,Towers with Radar,0,12,92,0,104,0,5,379,0,384,0,17,471,0,488,362,0,362,850
01/21/2005,MYF,CA,AWP,WE,Towers with Radar,0,8,103,0,111,0,4,337,0,341,0,12,440,0,452,398,0,398,850
01/22/2005,MYF,CA,AWP,WE,Towers with Radar,0,1,65,0,66,0,4,295,0,299,0,5,360,0,365,188,0,188,553
01/23/2005,MYF,CA,AWP,WE,Towers with Radar,0,0,68,0,68,0,8,311,0,319,0,8,379,0,387,256,0,256,643
01/24/2005,MYF,CA,AWP,WE,Towers with Radar,0,6,86,0,92,0,0,203,0,203,0,6,289,0,295,176,0,176,471
01/25/2005,MYF,CA,AWP,WE,Towers with Radar,0,10,101,0,111,0,1,274,0,275,0,11,375,0,386,488,0,488,874
01/26/2005,MYF,CA,AWP,WE,Towers with Radar,0,11,114,0,125,0,2,102,0,104,0,13,216,0,229,166,0,166,395
01/27/2005,MYF,CA,AWP,WE,Towers with Radar,0,8,121,0,129,0,1,222,0,223,0,9,343,0,352,400,0,400,752
01/28/2005,MYF,CA,AWP,WE,Towers with Radar,0,10,95,0,105,0,5,179,0,184,0,15,274,0,289,138,0,138,427
01/29/2005,MYF,CA,AWP,WE,Towers with Radar,0,2,91,0,93,0,9,270,0,279,0,11,361,0,372,347,0,347,719
01/30/2005,MYF,CA,AWP,WE,Towers with Radar,0,2,73,0,75,0,4,417,0,421,0,6,490,0,496,160,0,160,656
01/31/2005,MYF,CA,AWP,WE,Towers with Radar,0,11,51,0,62,0,2,358,0,360,0,13,409,0,422,328,0,328,750
02/01/2005,MYF,CA,AWP,WE,Towers with Radar,0,13,60,0,73,0,3,379,0,382,0,16,439,0,455,332,0,332,787
02/02/2005,MYF,CA,AWP,WE,Towers with Radar,0,10,63,0,73,0,1,260,0,261,0,11,323,0,334,116,0,116,450
02/03/2005,MYF,CA,AWP,WE,Towers with Radar,0,11,51,0,62,0,1,213,5,219,0,12,264,5,281,154,0,154,435
02/04/2005,MYF,CA,AWP,WE,Towers with Radar,0,12,85,1,98,0,7,362,1,370,0,19,447,2,468,288,0,288,756
02/05/2005,MYF,CA,AWP,WE,Towers with Radar,0,0,78,0,78,0,6,327,4,337,0,6,405,4,415,318,0,318,733
02/06/2005,MYF,CA,AWP,WE,Towers with Radar,0,1,73,0,74,0,0,83,0,83,0,1,156,0,157,110,0,110,267
02/07/2005,MYF,CA,AWP,WE,Towers with Radar,0,13,86,0,99,0,2,136,0,138,0,15,222,0,237,290,0,290,527
02/08/2005,MYF,CA,AWP,WE,Towers with Radar,0,9,71,0,80,0,1,378,0,379,0,10,449,0,459,374,0,374,833
02/09/2005,MYF,CA,AWP,WE,Towers with Radar,0,8,89,0,97,0,2,431,0,433,0,10,520,0,530,400,0,400,930
02/10/2005,MYF,CA,AWP,WE,Towers with Radar,0,10,111,0,121,0,2,238,0,240,0,12,349,0,361,328,0,328,689
02/11/2005,MYF,CA,AWP,WE,Towers with Radar,0,16,65,0,81,0,0,29,0,29,0,16,94,0,110,56,0,56,166
02/12/2005,MYF,CA,AWP,WE,Towers with Radar,0,3,58,0,61,0,0,2,0,2,0,3,60,0,63,0,0,0,63
02/13/2005,MYF,CA,AWP,WE,Towers with Radar,0,3,114,0,117,0,1,242,0,243,0,4,356,0,360,327,0,327,687
02/14/2005,MYF,CA,AWP,WE,Towers with Radar,0,12,102,0,114,0,0,182,0,182,0,12,284,0,296,294,0,294,590
02/15/2005,MYF,CA,AWP,WE,Towers with Radar,0,10,76,0,86,0,1,237,0,238,0,11,313,0,324,418,0,418,742
02/16/2005,MYF,CA,AWP,WE,Towers with Radar,0,10,89,0,99,0,0,464,0,464,0,10,553,0,563,439,0,439,1002
02/17/2005,MYF,CA,AWP,WE,Towers with Radar,0,10,101,0,111,0,2,170,0,172,0,12,271,0,283,248,0,248,531
02/18/2005,MYF,CA,AWP,WE,Towers with Radar,0,14,57,0,71,0,3,147,0,150,0,17,204,0,221,120,0,120,341
02/19/2005,MYF,CA,AWP,WE,Towers with Radar,0,2,32,0,34,0,1,35,0,36,0,3,67,0,70,24,0,24,94
02/20/2005,MYF,CA,AWP,WE,Towers with Radar,0,3,44,0,47,0,0,68,0,68,0,3,112,0,115,210,0,210,325
02/21/2005,MYF,CA,AWP,WE,Towers with Radar,0,0,43,0,43,0,0,20,0,20,0,0,63,0,63,6,0,6,69
02/22/2005,MYF,CA,AWP,WE,Towers with Radar,0,8,40,0,48,0,2,57,0,59,0,10,97,0,107,66,0,66,173
02/23/2005,MYF,CA,AWP,WE,Towers with Radar,0,13,64,0,77,0,2,196,0,198,0,15,260,0,275,361,0,361,636
02/24/2005,MYF,CA,AWP,WE,Towers with Radar,0,14,95,4,113,0,1,371,0,372,0,15,466,4,485,598,0,598,1083
02/25/2005,MYF,CA,AWP,WE,Towers with Radar,0,12,160,0,172,0,1,295,2,298,0,13,455,2,470,620,0,620,1090
02/26/2005,MYF,CA,AWP,WE,Towers with Radar,0,4,120,0,124,0,1,227,0,228,0,5,347,0,352,418,0,418,770
02/27/2005,MYF,CA,AWP,WE,Towers with Radar,0,0,103,0,103,0,1,268,0,269,0,1,371,0,372,340,0,340,712
02/28/2005,MYF,CA,AWP,WE,Towers with Radar,0,13,69,0,82,0,6,277,0,283,0,19,346,0,365,316,0,316,681
03/01/2005,MYF,CA,AWP,WE,Towers with Radar,0,8,77,0,85,0,3,243,0,246,0,11,320,0,331,528,0,528,859
03/02/2005,MYF,CA,AWP,WE,Towers with Radar,0,13,124,0,137,0,0,312,0,312,0,13,436,0,449,398,0,398,847
03/03/2005,MYF,CA,AWP,WE,Towers with Radar,0,11,126,0,137,0,3,295,0,298,0,14,421,0,435,582,4,586,1021
03/04/2005,MYF,CA,AWP,WE,Towers with Radar,0,10,116,0,126,0,0,97,0,97,0,10,213,0,223,228,0,228,451
03/05/2005,MYF,CA,AWP,WE,Towers with Radar,0,0,82,0,82,0,0,263,0,263,0,0,345,0,345,394,0,394,739
03/06/2005,MYF,CA,AWP,WE,Towers with Radar,0,1,129,0,130,0,3,213,0,216,0,4,342,0,346,444,0,444,790
03/07/2005,MYF,CA,AWP,WE,Towers with Radar,0,9,83,0,92,0,9,233,0,242,0,18,316,0,334,424,0,424,758
03/08/2005,MYF,CA,AWP,WE,Towers with Radar,0,12,114,0,126,0,0,260,1,261,0,12,374,1,387,398,0,398,785
03/09/2005,MYF,CA,AWP,WE,Towers with Radar,0,12,166,0,178,0,0,116,0,116,0,12,282,0,294,90,0,90,384
03/10/2005,MYF,CA,AWP,WE,Towers with Radar,0,11,120,0,131,0,1,259,0,260,0,12,379,0,391,307,0,307,698
03/11/2005,MYF,CA,AWP,WE,Towers with Radar,0,10,146,4,160,0,4,230,0,234,0,14,376,4,394,238,0,238,632
03/12/2005,MYF,CA,AWP,WE,Towers with Radar,0,0,173,0,173,0,0,56,0,56,0,0,229,0,229,199,0,199,428
03/13/2005,MYF,CA,AWP,WE,Towers with Radar,0,1,138,2,141,0,0,143,0,143,0,1,281,2,284,478,0,478,762
03/14/2005,MYF,CA,AWP,WE,Towers with Radar,0,9,98,0,107,0,9,172,0,181,0,18,270,0,288,312,0,312,600
03/15/2005,MYF,CA,AWP,WE,Towers with Radar,0,10,90,0,100,0,2,347,0,349,0,12,437,0,449,338,0,338,787
03/16/2005,MYF,CA,AWP,WE,Towers with Radar,0,9,97,0,106,0,3,450,0,453,0,12,547,0,559,296,0,296,855
03/17/2005,MYF,CA,AWP,WE,Towers with Radar,0,19,96,0,115,0,4,326,0,330,0,23,422,0,445,416,0,416,861
03/18/2005,MYF,CA,AWP,WE,Towers with Radar,0,9,113,0,122,0,3,131,0,134,0,12,244,0,256,428,0,428,684
03/19/2005,MYF,CA,AWP,WE,Towers with Radar,0,1,106,0,107,0,0,37,0,37,0,1,143,0,144,128,6,134,278
03/20/2005,MYF,CA,AWP,WE,Towers with Radar,0,1,93,0,94,0,4,255,0,259,0,5,348,0,353,298,0,298,651
03/21/2005,MYF,CA,AWP,WE,Towers with Radar,0,8,93,0,101,0,3,310,0,313,0,11,403,0,414,358,0,358,772
03/22/2005,MYF,CA,AWP,WE,Towers with Radar,0,12,90,0,102,0,13,298,0,311,0,25,388,0,413,340,0,340,753
03/23/2005,MYF,CA,AWP,WE,Towers with Radar,0,13,108,0,121,0,0,145,0,145,0,13,253,0,266,250,0,250,516
03/24/2005,MYF,CA,AWP,WE,Towers with Radar,0,11,124,0,135,0,0,139,0,139,0,11,263,0,274,256,0,256,530
03/25/2005,MYF,CA,AWP,WE,Towers with Radar,0,9,107,0,116,0,6,421,0,427,0,15,528,0,543,468,0,468,1011
03/26/2005,MYF,CA,AWP,WE,Towers with Radar,0,0,99,0,99,0,4,444,0,448,0,4,543,0,547,218,0,218,765
03/27/2005,MYF,CA,AWP,WE,Towers with Radar,0,1,48,0,49,0,4,254,5,263,0,5,302,5,312,180,0,180,492
03/28/2005,MYF,CA,AWP,WE,Towers with Radar,0,10,108,0,118,0,4,141,0,145,0,14,249,0,263,138,0,138,401
03/29/2005,MYF,CA,AWP,WE,Towers with Radar,0,10,107,0,117,0,1,275,0,276,0,11,382,0,393,450,0,450,843
03/30/2005,MYF,CA,AWP,WE,Towers with Radar,0,8,109,0,117,0,1,376,0,377,0,9,485,0,494,268,0,268,762
03/31/2005,MYF,CA,AWP,WE,Towers with Radar,0,8,75,0,83,0,19,300,0,319,0,27,375,0,402,238,0,238,640
04/01/2005,MYF,CA,AWP,WE,Towers with Radar,0,11,79,0,90,0,1,419,0,420,0,12,498,0,510,360,0,360,870
04/02/2005,MYF,CA,AWP,WE,Towers with Radar,0,1,55,0,56,0,2,358,0,360,0,3,413,0,416,446,0,446,862
04/03/2005,MYF,CA,AWP,WE,Towers with Radar,0,3,98,0,101,0,2,310,0,312,0,5,408,0,413,286,0,286,699
04/04/2005,MYF,CA,AWP,WE,Towers with Radar,0,9,77,0,86,0,1,209,0,210,0,10,286,0,296,482,0,482,778
04/05/2005,MYF,CA,AWP,WE,Towers with Radar,0,11,75,0,86,0,0,340,0,340,0,11,415,0,426,322,0,322,748
04/06/2005,MYF,CA,AWP,WE,Towers with Radar,0,10,91,0,101,0,12,382,0,394,0,22,473,0,495,438,0,438,933
04/07/2005,MYF,CA,AWP,WE,Towers with Radar,0,14,120,0,134,0,0,218,0,218,0,14,338,0,352,270,0,270,622
04/08/2005,MYF,CA,AWP,WE,Towers with Radar,0,11,93,2,106,0,0,336,2,338,0,11,429,4,444,358,0,358,802
04/09/2005,MYF,CA,AWP,WE,Towers with Radar,0,0,67,0,67,0,1,249,0,250,0,1,316,0,317,352,0,352,669
04/10/2005,MYF,CA,AWP,WE,Towers with Radar,0,0,77,0,77,0,2,371,0,373,0,2,448,0,450,264,0,264,714
04/11/2005,MYF,CA,AWP,WE,Towers with Radar,0,7,73,0,80,0,2,302,0,304,0,9,375,0,384,352,0,352,736
04/12/2005,MYF,CA,AWP,WE,Towers with Radar,0,12,71,0,83,0,1,398,0,399,0,13,469,0,482,376,0,376,858
04/13/2005,MYF,CA,AWP,WE,Towers with Radar,0,17,104,0,121,0,1,301,0,302,0,18,405,0,423,365,0,365,788
04/14/2005,MYF,CA,AWP,WE,Towers with Radar,0,14,71,0,85,0,6,337,0,343,0,20,408,0,428,390,0,390,818
04/15/2005,MYF,CA,AWP,WE,Towers with Radar,0,10,81,0,91,0,6,373,0,379,0,16,454,0,470,394,0,394,864
04/16/2005,MYF,CA,AWP,WE,Towers with Radar,0,2,79,0,81,0,3,341,0,344,0,5,420,0,425,278,0,278,703
04/17/2005,MYF,CA,AWP,WE,Towers with Radar,0,1,98,0,99,0,0,217,0,217,0,1,315,0,316,206,0,206,522
04/18/2005,MYF,CA,AWP,WE,Towers with Radar,0,8,118,0,126,0,3,97,0,100,0,11,215,0,226,246,0,246,472
04/19/2005,MYF,CA,AWP,WE,Towers with Radar,0,11,99,0,110,0,0,195,0,195,0,11,294,0,305,330,0,330,635
04/20/2005,MYF,CA,AWP,WE,Towers with Radar,0,12,104,0,116,0,0,419,0,419,0,12,523,0,535,438,0,438,973
04/21/2005,MYF,CA,AWP,WE,Towers with Radar,0,10,87,0,97,0,0,426,3,429,0,10,513,3,526,290,0,290,816
04/22/2005,MYF,CA,AWP,WE,Towers with Radar,0,11,151,0,162,0,0,146,0,146,0,11,297,0,308,296,0,296,604
04/23/2005,MYF,CA,AWP,WE,Towers with Radar,0,0,68,0,68,0,2,244,0,246,0,2,312,0,314,332,0,332,646
04/24/2005,MYF,CA,AWP,WE,Towers with Radar,0,3,90,0,93,0,0,137,0,137,0,3,227,0,230,244,0,244,474
04/25/2005,MYF,CA,AWP,WE,Towers with Radar,0,11,78,0,89,0,0,255,0,255,0,11,333,0,344,408,0,408,752
04/26/2005,MYF,CA,AWP,WE,Towers with Radar,0,9,100,0,109,0,0,265,0,265,0,9,365,0,374,392,0,392,766
04/27/2005,MYF,CA,AWP,WE,Towers with Radar,0,10,117,2,129,0,0,256,0,256,0,10,373,2,385,432,0,432,817
04/28/2005,MYF,CA,AWP,WE,Towers with Radar,0,11,104,0,115,0,3,108,0,111,0,14,212,0,226,164,0,164,390
04/29/2005,MYF,CA,AWP,WE,Towers with Radar,0,14,118,0,132,0,5,313,0,318,0,19,431,0,450,360,0,360,810
04/30/2005,MYF,CA,AWP,WE,Towers with Radar,0,5,73,0,78,0,2,384,0,386,0,7,457,0,464,310,0,310,774
05/01/2005,MYF,CA,AWP,WE,Towers with Radar,0,1,96,0,97,0,1,229,1,231,0,2,325,1,328,224,0,224,552
05/02/2005,MYF,CA,AWP,WE,Towers with Radar,0,8,95,0,103,0,3,197,0,200,0,11,292,0,303,294,0,294,597
05/03/2005,MYF,CA,AWP,WE,Towers with Radar,0,10,90,0,100,0,0,346,0,346,0,10,436,0,446,403,0,403,849
05/04/2005,MYF,CA,AWP,WE,Towers with Radar,0,20,127,0,147,0,1,173,0,174,0,21,300,0,321,318,0,318,639
05/05/2005,MYF,CA,AWP,WE,Towers with Radar,0,8,94,2,104,0,3,98,0,101,0,11,192,2,205,242,0,242,447
05/06/2005,MYF,CA,AWP,WE,Towers with Radar,0,19,129,2,150,0,0,218,0,218,0,19,347,2,368,306,0,306,674
05/07/2005,MYF,CA,AWP,WE,Towers with Radar,0,0,77,0,77,0,1,280,0,281,0,1,357,0,358,235,0,235,593
05/08/2005,MYF,CA,AWP,WE,Towers with Radar,0,1,77,0,78,0,2,290,0,292,0,3,367,0,370,216,0,216,586
05/09/2005,MYF,CA,AWP,WE,Towers with Radar,0,9,56,0,65,0,4,221,0,225,0,13,277,0,290,320,0,320,610
05/10/2005,MYF,CA,AWP,WE,Towers with Radar,0,11,72,0,83,0,1,287,0,288,0,12,359,0,371,472,0,472,843
05/11/2005,MYF,CA,AWP,WE,Towers with Radar,0,13,79,0,92,0,1,427,0,428,0,14,506,0,520,480,3,483,1003
05/12/2005,MYF,CA,AWP,WE,Towers with Radar,0,9,81,2,92,0,0,418,0,418,0,9,499,2,510,286,0,286,796
05/13/2005,MYF,CA,AWP,WE,Towers with Radar,0,9,80,1,90,0,4,363,2,369,0,13,443,3,459,374,0,374,833
05/14/2005,MYF,CA,AWP,WE,Towers with Radar,0,0,75,0,75,0,1,291,0,292,0,1,366,0,367,218,0,218,585
05/15/2005,MYF,CA,AWP,WE,Towers with Radar,0,1,62,0,63,0,1,331,0,332,0,2,393,0,395,186,0,186,581
05/16/2005,MYF,CA,AWP,WE,Towers with Radar,0,11,131,0,142,0,1,31,0,32,0,12,162,0,174,64,0,64,238
05/17/2005,MYF,CA,AWP,WE,Towers with Radar,0,10,98,0,108,0,2,327,0,329,0,12,425,0,437,510,0,510,947
05/18/2005,MYF,CA,AWP,WE,Towers with Radar,0,11,108,0,119,0,1,391,0,392,0,12,499,0,511,520,0,520,1031
05/19/2005,MYF,CA,AWP,WE,Towers with Radar,0,11,106,0,117,0,0,380,0,380,0,11,486,0,497,458,0,458,955
05/20/2005,MYF,CA,AWP,WE,Towers with Radar,0,9,98,0,107,0,4,261,0,265,0,13,359,0,372,280,0,280,652
05/21/2005,MYF,CA,AWP,WE,Towers with Radar,0,0,75,0,75,0,2,348,0,350,0,2,423,0,425,382,0,382,807
05/22/2005,MYF,CA,AWP,WE,Towers with Radar,0,0,60,0,60,0,3,277,0,280,0,3,337,0,340,270,0,270,610
05/23/2005,MYF,CA,AWP,WE,Towers with Radar,0,9,84,0,93,0,0,271,0,271,0,9,355,0,364,236,0,236,600
05/24/2005,MYF,CA,AWP,WE,Towers with Radar,0,10,105,0,115,0,1,254,0,255,0,11,359,0,370,274,0,274,644
05/25/2005,MYF,CA,AWP,WE,Towers with Radar,0,11,128,0,139,0,0,325,0,325,0,11,453,0,464,362,0,362,826
05/26/2005,MYF,CA,AWP,WE,Towers with Radar,0,6,122,0,128,0,5,275,0,280,0,11,397,0,408,184,0,184,592
05/27/2005,MYF,CA,AWP,WE,Towers with Radar,0,8,113,0,121,0,10,195,0,205,0,18,308,0,326,158,0,158,484
05/28/2005,MYF,CA,AWP,WE,Towers with Radar,0,3,100,0,103,0,1,166,0,167,0,4,266,0,270,284,0,284,554
05/29/2005,MYF,CA,AWP,WE,Towers with Radar,0,0,68,0,68,0,5,170,0,175,0,5,238,0,243,436,0,436,679
05/30/2005,MYF,CA,AWP,WE,Towers with Radar,0,1,93,0,94,0,0,307,0,307,0,1,400,0,401,238,0,238,639
05/31/2005,MYF,CA,AWP,WE,Towers with Radar,0,9,82,1,92,0,0,317,0,317,0,9,399,1,409,345,0,345,754
06/01/2005,MYF,CA,AWP,WE,Towers with Radar,0,15,112,0,127,0,2,237,0,239,0,17,349,0,366,306,0,306,672
06/02/2005,MYF,CA,AWP,WE,Towers with Radar,0,18,160,6,184,0,1,179,0,180,0,19,339,6,364,468,0,468,832
06/03/2005,MYF,CA,AWP,WE,Towers with Radar,0,10,123,0,133,0,1,189,0,190,0,11,312,0,323,322,0,322,645
06/04/2005,MYF,CA,AWP,WE,Towers with Radar,0,1,142,0,143,0,0,107,0,107,0,1,249,0,250,320,0,320,570
06/05/2005,MYF,CA,AWP,WE,Towers with Radar,0,0,150,0,150,0,0,142,0,142,0,0,292,0,292,393,0,393,685
06/06/2005,MYF,CA,AWP,WE,Towers with Radar,0,9,101,0,110,0,2,242,0,244,0,11,343,0,354,352,0,352,706
06/07/2005,MYF,CA,AWP,WE,Towers with Radar,0,8,58,0,66,0,1,365,0,366,0,9,423,0,432,256,0,256,688
06/08/2005,MYF,CA,AWP,WE,Towers with Radar,0,7,74,0,81,0,1,380,0,381,0,8,454,0,462,328,0,328,790
06/09/2005,MYF,CA,AWP,WE,Towers with Radar,0,11,173,0,184,0,0,93,0,93,0,11,266,0,277,222,0,222,499
06/10/2005,MYF,CA,AWP,WE,Towers with Radar,0,10,179,0,189,0,1,136,0,137,0,11,315,0,326,308,0,308,634
06/11/2005,MYF,CA,AWP,WE,Towers with Radar,0,3,144,0,147,0,2,62,0,64,0,5,206,0,211,350,0,350,561
06/12/2005,MYF,CA,AWP,WE,Towers with Radar,0,2,170,0,172,0,0,161,0,161,0,2,331,0,333,296,0,296,629
06/13/2005,MYF,CA,AWP,WE,Towers with Radar,0,12,110,0,122,0,1,217,0,218,0,13,327,0,340,214,0,214,554
06/14/2005,MYF,CA,AWP,WE,Towers with Radar,0,13,160,0,173,0,2,0,0,2,0,15,160,0,175,0,0,0,175
06/15/2005,MYF,CA,AWP,WE,Towers with Radar,0,12,142,0,154,0,3,203,0,206,0,15,345,0,360,430,0,430,790
06/16/2005,MYF,CA,AWP,WE,Towers with Radar,0,11,147,0,158,0,0,191,2,193,0,11,338,2,351,480,6,486,837
06/17/2005,MYF,CA,AWP,WE,Towers with Radar,0,12,105,0,117,0,7,310,3,320,0,19,415,3,437,314,0,314,751
06/18/2005,MYF,CA,AWP,WE,Towers with Radar,0,1,75,0,76,0,2,317,0,319,0,3,392,0,395,208,0,208,603
06/19/2005,MYF,CA,AWP,WE,Towers with Radar,0,1,66,0,67,0,3,333,0,336,0,4,399,0,403,364,0,364,767
06/20/2005,MYF,CA,AWP,WE,Towers with Radar,0,8,74,0,82,0,2,329,0,331,0,10,403,0,413,266,0,266,679
06/21/2005,MYF,CA,AWP,WE,Towers with Radar,0,8,88,0,96,0,0,469,0,469,0,8,557,0,565,324,0,324,889
06/22/2005,MYF,CA,AWP,WE,Towers with Radar,0,11,86,0,97,0,6,396,2,404,0,17,482,2,501,302,0,302,803
06/23/2005,MYF,CA,AWP,WE,Towers with Radar,0,11,106,0,117,0,4,315,0,319,0,15,421,0,436,354,0,354,790
06/24/2005,MYF,CA,AWP,WE,Towers with Radar,0,12,75,0,87,0,2,338,0,340,0,14,413,0,427,376,0,376,803
06/25/2005,MYF,CA,AWP,WE,Towers with Radar,0,1,74,0,75,0,1,335,0,336,0,2,409,0,411,310,0,310,721
06/26/2005,MYF,CA,AWP,WE,Towers with Radar,0,0,76,0,76,0,3,329,0,332,0,3,405,0,408,332,0,332,740
06/27/2005,MYF,CA,AWP,WE,Towers with Radar,0,13,57,0,70,0,1,248,0,249,0,14,305,0,319,318,0,318,637
06/28/2005,MYF,CA,AWP,WE,Towers with Radar,0,9,79,0,88,0,2,335,0,337,0,11,414,0,425,360,0,360,785
06/29/2005,MYF,CA,AWP,WE,Towers with Radar,0,6,96,0,102,0,1,400,0,401,0,7,496,0,503,522,0,522,1025
06/30/2005,MYF,CA,AWP,WE,Towers with Radar,0,10,81,0,91,0,3,379,2,384,0,13,460,2,475,392,0,392,867
07/01/2005,MYF,CA,AWP,WE,Towers with Radar,0,11,136,6,153,0,2,315,0,317,0,13,451,6,470,176,0,176,646
07/02/2005,MYF,CA,AWP,WE,Towers with Radar,0,2,75,0,77,0,1,312,0,313,0,3,387,0,390,314,0,314,704
07/03/2005,MYF,CA,AWP,WE,Towers with Radar,0,1,53,0,54,0,0,237,0,237,0,1,290,0,291,140,0,140,431
07/04/2005,MYF,CA,AWP,WE,Towers with Radar,0,0,44,0,44,0,1,232,0,233,0,1,276,0,277,224,0,224,501
07/05/2005,MYF,CA,AWP,WE,Towers with Radar,0,6,90,1,97,0,4,331,1,336,0,10,421,2,433,468,0,468,901
07/06/2005,MYF,CA,AWP,WE,Towers with Radar,0,10,73,0,83,0,2,394,2,398,0,12,467,2,481,486,0,486,967
07/07/2005,MYF,CA,AWP,WE,Towers with Radar,0,10,82,0,92,0,7,420,2,429,0,17,502,2,521,386,0,386,907
07/08/2005,MYF,CA,AWP,WE,Towers with Radar,0,8,95,0,103,0,7,283,1,291,0,15,378,1,394,170,0,170,564
07/09/2005,MYF,CA,AWP,WE,Towers with Radar,0,1,82,0,83,0,7,272,1,280,0,8,354,1,363,232,0,232,595
07/10/2005,MYF,CA,AWP,WE,Towers with Radar,0,0,78,0,78,0,2,290,0,292,0,2,368,0,370,226,0,226,596
07/11/2005,MYF,CA,AWP,WE,Towers with Radar,0,10,76,0,86,0,4,302,0,306,0,14,378,0,392,192,0,192,584
07/12/2005,MYF,CA,AWP,WE,Towers with Radar,0,6,103,0,109,0,0,270,0,270,0,6,373,0,379,338,0,338,717
07/13/2005,MYF,CA,AWP,WE,Towers with Radar,0,8,111,0,119,0,1,350,0,351,0,9,461,0,470,586,0,586,1056
07/14/2005,MYF,CA,AWP,WE,Towers with Radar,0,12,108,0,120,0,0,316,3,319,0,12,424,3,439,316,0,316,755
07/15/2005,MYF,CA,AWP,WE,Towers with Radar,0,10,105,0,115,0,2,319,0,321,0,12,424,0,436,342,0,342,778
07/16/2005,MYF,CA,AWP,WE,Towers with Radar,0,1,84,0,85,0,1,255,0,256,0,2,339,0,341,344,0,344,685
07/17/2005,MYF,CA,AWP,WE,Towers with Radar,0,2,61,0,63,0,0,250,0,250,0,2,311,0,313,254,0,254,567
07/18/2005,MYF,CA,AWP,WE,Towers with Radar,0,10,83,0,93,0,3,248,0,251,0,13,331,0,344,328,0,328,672
07/19/2005,MYF,CA,AWP,WE,Towers with Radar,0,8,93,0,101,0,2,266,0,268,0,10,359,0,369,248,0,248,617
07/20/2005,MYF,CA,AWP,WE,Towers with Radar,0,9,100,0,109,0,2,363,0,365,0,11,463,0,474,366,0,366,840
07/21/2005,MYF,CA,AWP,WE,Towers with Radar,0,9,73,0,82,0,1,366,0,367,0,10,439,0,449,460,0,460,909
07/22/2005,MYF,CA,AWP,WE,Towers with Radar,0,13,92,0,105,0,5,359,0,364,0,18,451,0,469,428,0,428,897
07/23/2005,MYF,CA,AWP,WE,Towers with Radar,0,2,108,2,112,0,2,229,0,231,0,4,337,2,343,121,0,121,464
07/24/2005,MYF,CA,AWP,WE,Towers with Radar,0,2,65,0,67,0,0,243,0,243,0,2,308,0,310,310,0,310,620
07/25/2005,MYF,CA,AWP,WE,Towers with Radar,0,7,90,0,97,0,6,307,0,313,0,13,397,0,410,344,0,344,754
07/26/2005,MYF,CA,AWP,WE,Towers with Radar,0,12,81,2,95,0,2,359,0,361,0,14,440,2,456,230,0,230,686
07/27/2005,MYF,CA,AWP,WE,Towers with Radar,0,11,69,0,80,0,2,348,0,350,0,13,417,0,430,326,0,326,756
07/28/2005,MYF,CA,AWP,WE,Towers with Radar,0,13,417,0,430,0,0,0,0,0,0,13,417,0,430,326,0,326,756
07/29/2005,MYF,CA,AWP,WE,Towers with Radar,0,10,80,0,90,0,13,334,1,348,0,23,414,1,438,286,0,286,724
07/30/2005,MYF,CA,AWP,WE,Towers with Radar,0,0,51,0,51,0,0,274,0,274,0,0,325,0,325,258,0,258,583
07/31/2005,MYF,CA,AWP,WE,Towers with Radar,0,1,60,0,61,0,0,275,0,275,0,1,335,0,336,546,0,546,882
08/01/2005,MYF,CA,AWP,WE,Towers with Radar,0,10,58,0,68,0,2,213,0,215,0,12,271,0,283,268,0,268,551
08/02/2005,MYF,CA,AWP,WE,Towers with Radar,0,10,108,0,118,0,1,303,0,304,0,11,411,0,422,377,0,377,799
08/03/2005,MYF,CA,AWP,WE,Towers with Radar,0,12,99,0,111,0,3,329,0,332,0,15,428,0,443,422,0,422,865
08/04/2005,MYF,CA,AWP,WE,Towers with Radar,0,10,100,0,110,0,0,341,0,341,0,10,441,0,451,249,0,249,700
08/05/2005,MYF,CA,AWP,WE,Towers with Radar,0,11,93,0,104,0,6,347,0,353,0,17,440,0,457,449,0,449,906
08/06/2005,MYF,CA,AWP,WE,Towers with Radar,0,0,81,0,81,0,3,448,0,451,0,3,529,0,532,366,0,366,898
08/07/2005,MYF,CA,AWP,WE,Towers with Radar,0,2,65,0,67,0,2,255,0,257,0,4,320,0,324,364,0,364,688
08/08/2005,MYF,CA,AWP,WE,Towers with Radar,0,9,86,0,95,0,3,218,2,223,0,12,304,2,318,387,2,389,707
08/09/2005,MYF,CA,AWP,WE,Towers with Radar,0,10,84,0,94,0,1,340,0,341,0,11,424,0,435,358,0,358,793
08/10/2005,MYF,CA,AWP,WE,Towers with Radar,0,10,101,0,111,0,0,344,0,344,0,10,445,0,455,434,0,434,889
08/11/2005,MYF,CA,AWP,WE,Towers with Radar,0,9,102,0,111,0,2,328,0,330,0,11,430,0,441,430,0,430,871
08/12/2005,MYF,CA,AWP,WE,Towers with Radar,0,11,145,0,156,0,4,274,0,278,0,15,419,0,434,314,0,314,748
08/13/2005,MYF,CA,AWP,WE,Towers with Radar,0,2,128,0,130,0,1,168,0,169,0,3,296,0,299,369,0,369,668
08/14/2005,MYF,CA,AWP,WE,Towers with Radar,0,0,119,0,119,0,0,173,0,173,0,0,292,0,292,444,0,444,736
08/15/2005,MYF,CA,AWP,WE,Towers with Radar,0,7,83,0,90,0,2,178,0,180,0,9,261,0,270,292,0,292,562
08/16/2005,MYF,CA,AWP,WE,Towers with Radar,0,8,83,0,91,0,0,319,0,319,0,8,402,0,410,428,0,428,838
08/17/2005,MYF,CA,AWP,WE,Towers with Radar,0,13,100,1,114,0,0,398,0,398,0,13,498,1,512,480,0,480,992
08/18/2005,MYF,CA,AWP,WE,Towers with Radar,0,12,96,0,108,0,2,353,0,355,0,14,449,0,463,295,0,295,758
08/19/2005,MYF,CA,AWP,WE,Towers with Radar,0,10,95,0,105,0,5,365,4,374,0,15,460,4,479,330,0,330,809
08/20/2005,MYF,CA,AWP,WE,Towers with Radar,0,2,94,0,96,0,5,319,0,324,0,7,413,0,420,230,0,230,650
08/21/2005,MYF,CA,AWP,WE,Towers with Radar,0,0,93,0,93,0,7,214,0,221,0,7,307,0,314,201,0,201,515
08/22/2005,MYF,CA,AWP,WE,Towers with Radar,0,8,105,2,115,0,1,248,0,249,0,9,353,2,364,253,0,253,617
08/23/2005,MYF,CA,AWP,WE,Towers with Radar,0,12,78,0,90,0,51,310,0,361,0,63,388,0,451,362,0,362,813
08/24/2005,MYF,CA,AWP,WE,Towers with Radar,0,7,82,0,89,0,10,334,0,344,0,17,416,0,433,360,0,360,793
08/25/2005,MYF,CA,AWP,WE,Towers with Radar,0,9,82,0,91,0,4,386,0,390,0,13,468,0,481,494,0,494,975
08/26/2005,MYF,CA,AWP,WE,Towers with Radar,0,12,76,0,88,0,1,391,1,393,0,13,467,1,481,374,0,374,855
08/27/2005,MYF,CA,AWP,WE,Towers with Radar,0,0,58,0,58,0,1,350,0,351,0,1,408,0,409,278,0,278,687
08/28/2005,MYF,CA,AWP,WE,Towers with Radar,0,2,47,0,49,0,2,296,0,298,0,4,343,0,347,176,0,176,523
08/29/2005,MYF,CA,AWP,WE,Towers with Radar,0,4,43,0,47,0,0,134,0,134,0,4,177,0,181,172,0,172,353
08/30/2005,MYF,CA,AWP,WE,Towers with Radar,0,8,35,0,43,0,0,225,0,225,0,8,260,0,268,366,0,366,634
08/31/2005,MYF,CA,AWP,WE,Towers with Radar,0,10,81,0,91,0,0,287,0,287,0,10,368,0,378,408,0,408,786
09/01/2005,MYF,CA,AWP,WE,Towers with Radar,0,9,85,0,94,0,5,284,0,289,0,14,369,0,383,284,0,284,667
09/02/2005,MYF,CA,AWP,WE,Towers with Radar,0,7,77,0,84,0,2,316,0,318,0,9,393,0,402,296,0,296,698
09/03/2005,MYF,CA,AWP,WE,Towers with Radar,0,0,57,0,57,0,7,254,0,261,0,7,311,0,318,266,0,266,584
09/04/2005,MYF,CA,AWP,WE,Towers with Radar,0,0,43,0,43,0,2,200,0,202,0,2,243,0,245,269,0,269,514
09/05/2005,MYF,CA,AWP,WE,Towers with Radar,0,2,69,0,71,0,1,335,0,336,0,3,404,0,407,395,0,395,802
09/06/2005,MYF,CA,AWP,WE,Towers with Radar,0,10,60,0,70,0,2,240,0,242,0,12,300,0,312,375,0,375,687
09/07/2005,MYF,CA,AWP,WE,Towers with Radar,0,10,96,0,106,0,1,300,0,301,0,11,396,0,407,356,0,356,763
09/08/2005,MYF,CA,AWP,WE,Towers with Radar,0,11,113,0,124,0,0,277,0,277,0,11,390,0,401,370,0,370,771
09/09/2005,MYF,CA,AWP,WE,Towers with Radar,0,10,121,0,131,0,3,147,0,150,0,13,268,0,281,414,0,414,695
09/10/2005,MYF,CA,AWP,WE,Towers with Radar,0,1,134,0,135,0,1,136,0,137,0,2,270,0,272,368,0,368,640
09/11/2005,MYF,CA,AWP,WE,Towers with Radar,0,1,78,0,79,0,2,254,0,256,0,3,332,0,335,288,0,288,623
09/12/2005,MYF,CA,AWP,WE,Towers with Radar,0,9,70,0,79,0,1,266,0,267,0,10,336,0,346,278,0,278,624
09/13/2005,MYF,CA,AWP,WE,Towers with Radar,0,11,94,0,105,0,3,227,0,230,0,14,321,0,335,483,0,483,818
09/14/2005,MYF,CA,AWP,WE,Towers with Radar,0,11,88,0,99,0,0,259,0,259,0,11,347,0,358,421,0,421,779
09/15/2005,MYF,CA,AWP,WE,Towers with Radar,0,15,125,0,140,0,0,134,4,138,0,15,259,4,278,485,0,485,763
09/16/2005,MYF,CA,AWP,WE,Towers with Radar,0,10,104,0,114,0,4,249,0,253,0,14,353,0,367,308,0,308,675
09/17/2005,MYF,CA,AWP,WE,Towers with Radar,0,1,66,0,67,0,0,230,0,230,0,1,296,0,297,242,0,242,539
09/18/2005,MYF,CA,AWP,WE,Towers with Radar,0,4,74,0,78,0,3,282,0,285,0,7,356,0,363,165,0,165,528
09/19/2005,MYF,CA,AWP,WE,Towers with Radar,0,8,57,0,65,0,2,212,0,214,0,10,269,0,279,221,0,221,500
09/20/2005,MYF,CA,AWP,WE,Towers with Radar,0,9,54,0,63,0,1,212,0,213,0,10,266,0,276,354,0,354,630
09/21/2005,MYF,CA,AWP,WE,Towers with Radar,0,2,79,0,81,0,7,303,0,310,0,9,382,0,391,374,0,374,765
09/22/2005,MYF,CA,AWP,WE,Towers with Radar,0,9,62,0,71,0,1,321,0,322,0,10,383,0,393,358,0,358,751
09/23/2005,MYF,CA,AWP,WE,Towers with Radar,0,7,93,0,100,0,0,287,2,289,0,7,380,2,389,240,0,240,629
09/24/2005,MYF,CA,AWP,WE,Towers with Radar,0,0,81,1,82,0,0,334,0,334,0,0,415,1,416,325,0,325,741
09/25/2005,MYF,CA,AWP,WE,Towers with Radar,0,1,60,0,61,0,3,273,0,276,0,4,333,0,337,213,0,213,550
09/26/2005,MYF,CA,AWP,WE,Towers with Radar,0,10,57,0,67,0,2,238,0,240,0,12,295,0,307,336,0,336,643
09/27/2005,MYF,CA,AWP,WE,Towers with Radar,0,11,57,0,68,0,2,323,0,325,0,13,380,0,393,380,0,380,773
09/28/2005,MYF,CA,AWP,WE,Towers with Radar,0,9,58,0,67,0,0,400,0,400,0,9,458,0,467,364,0,364,831
09/29/2005,MYF,CA,AWP,WE,Towers with Radar,0,10,63,0,73,0,5,333,0,338,0,15,396,0,411,400,0,400,811
09/30/2005,MYF,CA,AWP,WE,Towers with Radar,0,10,78,0,88,0,3,280,2,285,0,13,358,2,373,363,0,363,736
10/01/2005,MYF,CA,AWP,WE,Towers with Radar,0,0,65,0,65,0,4,317,2,323,0,4,382,2,388,366,0,366,754
10/02/2005,MYF,CA,AWP,WE,Towers with Radar,0,1,68,0,69,0,1,252,0,253,0,2,320,0,322,373,0,373,695
10/03/2005,MYF,CA,AWP,WE,Towers with Radar,0,9,45,0,54,0,1,264,0,265,0,10,309,0,319,366,0,366,685
10/04/2005,MYF,CA,AWP,WE,Towers with Radar,0,11,56,0,67,0,0,302,0,302,0,11,358,0,369,390,0,390,759
10/05/2005,MYF,CA,AWP,WE,Towers with Radar,0,12,54,0,66,0,0,340,0,340,0,12,394,0,406,552,0,552,958
10/06/2005,MYF,CA,AWP,WE,Towers with Radar,0,17,72,0,89,0,5,328,0,333,0,22,400,0,422,489,0,489,911
10/07/2005,MYF,CA,AWP,WE,Towers with Radar,0,7,64,0,71,0,4,293,0,297,0,11,357,0,368,384,0,384,752
10/08/2005,MYF,CA,AWP,WE,Towers with Radar,0,3,96,0,99,0,1,134,0,135,0,4,230,0,234,320,0,320,554
10/09/2005,MYF,CA,AWP,WE,Towers with Radar,0,0,53,0,53,0,2,260,0,262,0,2,313,0,315,246,0,246,561
10/10/2005,MYF,CA,AWP,WE,Towers with Radar,0,2,73,0,75,0,2,298,0,300,0,4,371,0,375,303,0,303,678
10/11/2005,MYF,CA,AWP,WE,Towers with Radar,0,7,81,0,88,0,1,238,0,239,0,8,319,0,327,302,0,302,629
10/12/2005,MYF,CA,AWP,WE,Towers with Radar,0,10,92,2,104,0,0,302,2,304,0,10,394,4,408,202,0,202,610
10/13/2005,MYF,CA,AWP,WE,Towers with Radar,0,13,45,0,58,0,1,212,2,215,0,14,257,2,273,166,0,166,439
10/14/2005,MYF,CA,AWP,WE,Towers with Radar,0,10,67,0,77,0,4,243,1,248,0,14,310,1,325,194,0,194,519
10/15/2005,MYF,CA,AWP,WE,Towers with Radar,0,1,70,0,71,0,2,107,0,109,0,3,177,0,180,102,0,102,282
10/16/2005,MYF,CA,AWP,WE,Towers with Radar,0,1,40,0,41,0,0,113,0,113,0,1,153,0,154,155,0,155,309
10/17/2005,MYF,CA,AWP,WE,Towers with Radar,0,9,64,0,73,0,0,85,10,95,0,9,149,10,168,240,0,240,408
10/18/2005,MYF,CA,AWP,WE,Towers with Radar,0,12,69,0,81,0,2,160,0,162,0,14,229,0,243,386,0,386,629
10/19/2005,MYF,CA,AWP,WE,Towers with Radar,0,9,85,0,94,0,2,427,0,429,0,11,512,0,523,380,0,380,903
10/20/2005,MYF,CA,AWP,WE,Towers with Radar,0,9,136,0,145,0,0,263,0,263,0,9,399,0,408,355,0,355,763
10/21/2005,MYF,CA,AWP,WE,Towers with Radar,0,13,199,0,212,0,0,13,0,13,0,13,212,0,225,4,0,4,229
10/22/2005,MYF,CA,AWP,WE,Towers with Radar,0,1,158,0,159,0,0,16,0,16,0,1,174,0,175,58,0,58,233
10/23/2005,MYF,CA,AWP,WE,Towers with Radar,0,3,164,0,167,0,1,34,0,35,0,4,198,0,202,244,0,244,446
10/24/2005,MYF,CA,AWP,WE,Towers with Radar,0,11,150,2,163,0,2,30,0,32,0,13,180,2,195,20,0,20,215
10/25/2005,MYF,CA,AWP,WE,Towers with Radar,0,11,116,1,128,0,0,241,0,241,0,11,357,1,369,502,0,502,871
10/26/2005,MYF,CA,AWP,WE,Towers with Radar,0,8,107,0,115,0,4,317,0,321,0,12,424,0,436,680,0,680,1116
10/27/2005,MYF,CA,AWP,WE,Towers with Radar,0,8,116,0,124,0,3,212,0,215,0,11,328,0,339,577,0,577,916
10/28/2005,MYF,CA,AWP,WE,Towers with Radar,0,9,86,0,95,0,6,289,0,295,0,15,375,0,390,554,0,554,944
10/29/2005,MYF,CA,AWP,WE,Towers with Radar,0,1,73,0,74,0,5,321,0,326,0,6,394,0,400,356,0,356,756
10/30/2005,MYF,CA,AWP,WE,Towers with Radar,0,3,75,0,78,0,2,296,0,298,0,5,371,0,376,136,0,136,512
10/31/2005,MYF,CA,AWP,WE,Towers with Radar,0,15,54,0,69,0,4,269,0,273,0,19,323,0,342,274,0,274,616
11/01/2005,MYF,CA,AWP,WE,Towers with Radar,0,15,85,0,100,0,0,361,0,361,0,15,446,0,461,384,0,384,845
11/02/2005,MYF,CA,AWP,WE,Towers with Radar,0,9,94,0,103,0,1,310,0,311,0,10,404,0,414,440,0,440,854
11/03/2005,MYF,CA,AWP,WE,Towers with Radar,0,12,90,0,102,0,5,205,0,210,0,17,295,0,312,301,2,303,615
11/04/2005,MYF,CA,AWP,WE,Towers with Radar,0,15,91,0,106,0,1,285,1,287,0,16,376,1,393,223,0,223,616
11/05/2005,MYF,CA,AWP,WE,Towers with Radar,0,2,55,0,57,0,4,291,3,298,0,6,346,3,355,527,0,527,882
11/06/2005,MYF,CA,AWP,WE,Towers with Radar,0,1,87,0,88,0,1,188,0,189,0,2,275,0,277,417,0,417,694
11/07/2005,MYF,CA,AWP,WE,Towers with Radar,0,9,92,0,101,0,2,202,0,204,0,11,294,0,305,294,0,294,599
11/08/2005,MYF,CA,AWP,WE,Towers with Radar,0,11,109,0,120,0,0,177,0,177,0,11,286,0,297,541,0,541,838
11/09/2005,MYF,CA,AWP,WE,Towers with Radar,0,16,99,0,115,0,2,180,0,182,0,18,279,0,297,430,0,430,727
11/10/2005,MYF,CA,AWP,WE,Towers with Radar,0,11,82,0,93,0,3,108,0,111,0,14,190,0,204,280,0,280,484
11/11/2005,MYF,CA,AWP,WE,Towers with Radar,0,3,102,0,105,0,0,289,0,289,0,3,391,0,394,449,0,449,843
11/12/2005,MYF,CA,AWP,WE,Towers with Radar,0,0,38,0,38,0,7,344,0,351,0,7,382,0,389,262,0,262,651
11/13/2005,MYF,CA,AWP,WE,Towers with Radar,0,0,80,0,80,0,0,323,0,323,0,0,403,0,403,448,0,448,851
11/14/2005,MYF,CA,AWP,WE,Towers with Radar,0,11,89,0,100,0,2,249,0,251,0,13,338,0,351,323,0,323,674
11/15/2005,MYF,CA,AWP,WE,Towers with Radar,0,10,62,0,72,0,0,326,0,326,0,10,388,0,398,518,0,518,916
11/16/2005,MYF,CA,AWP,WE,Towers with Radar,0,10,88,0,98,0,1,353,0,354,0,11,441,0,452,303,2,305,757
11/17/2005,MYF,CA,AWP,WE,Towers with Radar,0,10,63,2,75,0,6,365,0,371,0,16,428,2,446,326,2,328,774
11/18/2005,MYF,CA,AWP,WE,Towers with Radar,0,10,69,0,79,0,4,324,0,328,0,14,393,0,407,278,0,278,685
11/19/2005,MYF,CA,AWP,WE,Towers with Radar,0,0,58,0,58,0,3,310,0,313,0,3,368,0,371,304,0,304,675
11/20/2005,MYF,CA,AWP,WE,Towers with Radar,0,0,58,0,58,0,9,306,0,315,0,9,364,0,373,311,0,311,684
11/21/2005,MYF,CA,AWP,WE,Towers with Radar,0,8,72,0,80,0,8,239,0,247,0,16,311,0,327,290,0,290,617
11/22/2005,MYF,CA,AWP,WE,Towers with Radar,0,8,109,0,117,0,1,344,0,345,0,9,453,0,462,448,0,448,910
11/23/2005,MYF,CA,AWP,WE,Towers with Radar,0,13,111,0,124,0,4,409,0,413,0,17,520,0,537,407,0,407,944
11/24/2005,MYF,CA,AWP,WE,Towers with Radar,0,1,41,0,42,0,2,138,0,140,0,3,179,0,182,177,0,177,359
11/25/2005,MYF,CA,AWP,WE,Towers with Radar,0,10,110,0,120,0,2,144,0,146,0,12,254,0,266,202,0,202,468
11/26/2005,MYF,CA,AWP,WE,Towers with Radar,0,7,75,0,82,0,3,66,0,69,0,10,141,0,151,268,0,268,419
11/27/2005,MYF,CA,AWP,WE,Towers with Radar,0,0,73,0,73,0,4,396,0,400,0,4,469,0,473,256,0,256,729
11/28/2005,MYF,CA,AWP,WE,Towers with Radar,0,9,68,0,77,0,1,258,2,261,0,10,326,2,338,252,0,252,590
11/29/2005,MYF,CA,AWP,WE,Towers with Radar,0,10,80,0,90,0,2,314,0,316,0,12,394,0,406,466,0,466,872
11/30/2005,MYF,CA,AWP,WE,Towers with Radar,0,10,79,0,89,0,1,325,0,326,0,11,404,0,415,310,0,310,725
12/01/2005,MYF,CA,AWP,WE,Towers with Radar,0,10,102,0,112,0,0,270,0,270,0,10,372,0,382,292,0,292,674
12/02/2005,MYF,CA,AWP,WE,Towers with Radar,0,10,85,0,95,0,1,122,0,123,0,11,207,0,218,269,0,269,487
12/03/2005,MYF,CA,AWP,WE,Towers with Radar,0,2,96,0,98,0,5,233,0,238,0,7,329,0,336,313,0,313,649
12/04/2005,MYF,CA,AWP,WE,Towers with Radar,0,1,60,0,61,0,5,364,0,369,0,6,424,0,430,218,0,218,648
12/05/2005,MYF,CA,AWP,WE,Towers with Radar,0,10,84,0,94,0,2,310,0,312,0,12,394,0,406,276,0,276,682
12/06/2005,MYF,CA,AWP,WE,Towers with Radar,0,10,60,0,70,0,2,390,0,392,0,12,450,0,462,536,0,536,998
12/07/2005,MYF,CA,AWP,WE,Towers with Radar,0,13,61,0,74,0,31,289,0,320,0,44,350,0,394,293,0,293,687
12/08/2005,MYF,CA,AWP,WE,Towers with Radar,0,10,84,0,94,0,3,253,0,256,0,13,337,0,350,327,0,327,677
12/09/2005,MYF,CA,AWP,WE,Towers with Radar,0,9,60,0,69,0,5,313,0,318,0,14,373,0,387,301,0,301,688
12/10/2005,MYF,CA,AWP,WE,Towers with Radar,0,0,65,0,65,0,7,318,0,325,0,7,383,0,390,269,0,269,659
12/11/2005,MYF,CA,AWP,WE,Towers with Radar,0,1,59,0,60,0,6,272,0,278,0,7,331,0,338,281,0,281,619
12/12/2005,MYF,CA,AWP,WE,Towers with Radar,0,6,87,0,93,0,0,256,0,256,0,6,343,0,349,241,10,251,600
12/13/2005,MYF,CA,AWP,WE,Towers with Radar,0,10,80,0,90,0,2,413,0,415,0,12,493,0,505,399,0,399,904
12/14/2005,MYF,CA,AWP,WE,Towers with Radar,0,10,104,0,114,0,1,245,0,246,0,11,349,0,360,376,0,376,736
12/15/2005,MYF,CA,AWP,WE,Towers with Radar,0,13,89,0,102,0,2,149,0,151,0,15,238,0,253,312,0,312,565
12/16/2005,MYF,CA,AWP,WE,Towers with Radar,0,12,92,2,106,0,6,209,0,215,0,18,301,2,321,538,0,538,859
12/17/2005,MYF,CA,AWP,WE,Towers with Radar,0,1,71,0,72,0,2,160,0,162,0,3,231,0,234,338,0,338,572
12/18/2005,MYF,CA,AWP,WE,Towers with Radar,0,0,42,0,42,0,2,200,1,203,0,2,242,1,245,268,0,268,513
12/19/2005,MYF,CA,AWP,WE,Towers with Radar,0,9,55,0,64,0,3,259,0,262,0,12,314,0,326,275,0,275,601
12/20/2005,MYF,CA,AWP,WE,Towers with Radar,0,11,69,0,80,0,1,349,0,350,0,12,418,0,430,324,0,324,754
12/21/2005,MYF,CA,AWP,WE,Towers with Radar,0,13,69,1,83,0,2,354,0,356,0,15,423,1,439,326,0,326,765
12/22/2005,MYF,CA,AWP,WE,Towers with Radar,0,11,94,4,109,0,0,186,0,186,0,11,280,4,295,326,0,326,621
12/23/2005,MYF,CA,AWP,WE,Towers with Radar,0,12,66,0,78,0,8,179,0,187,0,20,245,0,265,232,0,232,497
12/24/2005,MYF,CA,AWP,WE,Towers with Radar,0,0,26,0,26,0,0,123,0,123,0,0,149,0,149,124,0,124,273
12/25/2005,MYF,CA,AWP,WE,Towers with Radar,0,0,21,0,21,0,0,45,0,45,0,0,66,0,66,106,0,106,172
12/26/2005,MYF,CA,AWP,WE,Towers with Radar,0,3,80,0,83,0,4,116,2,122,0,7,196,2,205,210,0,210,415
12/27/2005,MYF,CA,AWP,WE,Towers with Radar,0,8,59,0,67,0,1,282,0,283,0,9,341,0,350,242,0,242,592
12/28/2005,MYF,CA,AWP,WE,Towers with Radar,0,9,87,0,96,0,4,164,1,169,0,13,251,1,265,284,0,284,549
12/29/2005,MYF,CA,AWP,WE,Towers with Radar,0,9,106,0,115,0,8,206,0,214,0,17,312,0,329,308,0,308,637
12/30/2005,MYF,CA,AWP,WE,Towers with Radar,0,10,95,0,105,0,9,289,0,298,0,19,384,0,403,309,0,309,712
12/31/2005,MYF,CA,AWP,WE,Towers with Radar,0,1,67,0,68,0,1,84,0,85,0,2,151,0,153,156,0,156,309
01/01/2006,MYF,CA,AWP,WE,Towers with Radar,0,2,35,0,37,0,3,74,0,77,0,5,109,0,114,112,0,112,226
01/02/2006,MYF,CA,AWP,WE,Towers with Radar,0,3,41,0,44,0,0,31,0,31,0,3,72,0,75,4,0,4,79
01/03/2006,MYF,CA,AWP,WE,Towers with Radar,0,11,83,0,94,0,4,238,6,248,0,15,321,6,342,332,0,332,674
01/04/2006,MYF,CA,AWP,WE,Towers with Radar,0,13,72,0,85,0,3,265,0,268,0,16,337,0,353,318,0,318,671
01/05/2006,MYF,CA,AWP,WE,Towers with Radar,0,14,47,0,61,0,6,311,0,317,0,20,358,0,378,318,0,318,696
01/06/2006,MYF,CA,AWP,WE,Towers with Radar,0,10,66,0,76,0,9,335,0,344,0,19,401,0,420,334,0,334,754
01/07/2006,MYF,CA,AWP,WE,Towers with Radar,0,0,57,0,57,0,1,331,0,332,0,1,388,0,389,279,0,279,668
01/08/2006,MYF,CA,AWP,WE,Towers with Radar,0,0,54,0,54,0,2,253,0,255,0,2,307,0,309,365,0,365,674
01/09/2006,MYF,CA,AWP,WE,Towers with Radar,0,8,55,0,63,0,0,237,0,237,0,8,292,0,300,294,0,294,594
01/10/2006,MYF,CA,AWP,WE,Towers with Radar,0,10,78,0,88,0,2,322,0,324,0,12,400,0,412,334,0,334,746
01/11/2006,MYF,CA,AWP,WE,Towers with Radar,0,8,90,1,99,0,0,376,1,377,0,8,466,2,476,310,0,310,786
01/12/2006,MYF,CA,AWP,WE,Towers with Radar,0,9,88,0,97,0,2,302,0,304,0,11,390,0,401,304,0,304,705
01/13/2006,MYF,CA,AWP,WE,Towers with Radar,0,8,101,0,109,0,1,318,0,319,0,9,419,0,428,252,0,252,680
01/14/2006,MYF,CA,AWP,WE,Towers with Radar,0,2,67,0,69,0,2,100,0,102,0,4,167,0,171,208,0,208,379
01/15/2006,MYF,CA,AWP,WE,Towers with Radar,0,2,78,0,80,0,1,158,4,163,0,3,236,4,243,196,0,196,439
01/16/2006,MYF,CA,AWP,WE,Towers with Radar,0,1,69,0,70,0,4,319,0,323,0,5,388,0,393,355,0,355,748
01/17/2006,MYF,CA,AWP,WE,Towers with Radar,0,9,79,0,88,0,1,303,0,304,0,10,382,0,392,326,0,326,718
01/18/2006,MYF,CA,AWP,WE,Towers with Radar,0,10,99,0,109,0,3,296,0,299,0,13,395,0,408,300,0,300,708
01/19/2006,MYF,CA,AWP,WE,Towers with Radar,0,15,88,0,103,0,3,251,0,254,0,18,339,0,357,268,0,268,625
01/20/2006,MYF,CA,AWP,WE,Towers with Radar,0,9,82,0,91,0,4,336,0,340,0,13,418,0,431,464,0,464,895
01/21/2006,MYF,CA,AWP,WE,Towers with Radar,0,2,72,2,76,0,4,337,0,341,0,6,409,2,417,248,0,248,665
01/22/2006,MYF,CA,AWP,WE,Towers with Radar,0,0,44,0,44,0,0,337,0,337,0,0,381,0,381,323,0,323,704
01/23/2006,MYF,CA,AWP,WE,Towers with Radar,0,9,59,2,70,0,4,201,0,205,0,13,260,2,275,256,0,256,531
01/24/2006,MYF,CA,AWP,WE,Towers with Radar,0,11,78,0,89,0,1,241,0,242,0,12,319,0,331,148,0,148,479
01/25/2006,MYF,CA,AWP,WE,Towers with Radar,0,10,99,0,109,0,3,284,0,287,0,13,383,0,396,388,0,388,784
01/26/2006,MYF,CA,AWP,WE,Towers with Radar,0,12,85,0,97,0,3,312,0,315,0,15,397,0,412,360,0,360,772
01/27/2006,MYF,CA,AWP,WE,Towers with Radar,0,10,90,2,102,0,5,267,0,272,0,15,357,2,374,380,0,380,754
01/28/2006,MYF,CA,AWP,WE,Towers with Radar,0,2,82,0,84,0,0,294,0,294,0,2,376,0,378,338,0,338,716
01/29/2006,MYF,CA,AWP,WE,Towers with Radar,0,1,64,0,65,0,1,326,0,327,0,2,390,0,392,368,0,368,760
01/30/2006,MYF,CA,AWP,WE,Towers with Radar,0,11,55,0,66,0,4,228,0,232,0,15,283,0,298,364,0,364,662
01/31/2006,MYF,CA,AWP,WE,Towers with Radar,0,13,81,0,94,0,3,259,0,262,0,16,340,0,356,412,0,412,768
02/01/2006,MYF,CA,AWP,WE,Towers with Radar,0,10,104,0,114,0,2,306,0,308,0,12,410,0,422,402,0,402,824
02/02/2006,MYF,CA,AWP,WE,Towers with Radar,0,12,91,2,105,0,6,371,2,379,0,18,462,4,484,394,0,394,878
02/03/2006,MYF,CA,AWP,WE,Towers with Radar,0,14,88,0,102,0,1,348,0,349,0,15,436,0,451,272,0,272,723
02/04/2006,MYF,CA,AWP,WE,Towers with Radar,0,2,92,0,94,0,2,251,0,253,0,4,343,0,347,234,0,234,581
02/05/2006,MYF,CA,AWP,WE,Towers with Radar,0,0,68,0,68,0,0,212,0,212,0,0,280,0,280,192,0,192,472
02/06/2006,MYF,CA,AWP,WE,Towers with Radar,0,8,80,0,88,0,1,327,0,328,0,9,407,0,416,424,0,424,840
02/07/2006,MYF,CA,AWP,WE,Towers with Radar,0,11,91,0,102,0,0,311,0,311,0,11,402,0,413,366,0,366,779
02/08/2006,MYF,CA,AWP,WE,Towers with Radar,0,12,88,0,100,0,1,238,0,239,0,13,326,0,339,390,0,390,729
02/09/2006,MYF,CA,AWP,WE,Towers with Radar,0,12,75,0,87,0,2,324,1,327,0,14,399,1,414,348,0,348,762
02/10/2006,MYF,CA,AWP,WE,Towers with Radar,0,5,84,0,89,0,3,310,0,313,0,8,394,0,402,429,0,429,831
02/11/2006,MYF,CA,AWP,WE,Towers with Radar,0,1,78,0,79,0,2,241,0,243,0,3,319,0,322,258,0,258,580
02/12/2006,MYF,CA,AWP,WE,Towers with Radar,0,0,67,0,67,0,1,347,0,348,0,1,414,0,415,344,0,344,759
02/13/2006,MYF,CA,AWP,WE,Towers with Radar,0,9,78,0,87,0,4,320,0,324,0,13,398,0,411,437,0,437,848
02/14/2006,MYF,CA,AWP,WE,Towers with Radar,0,15,89,2,106,0,5,186,0,191,0,20,275,2,297,223,0,223,520
02/15/2006,MYF,CA,AWP,WE,Towers with Radar,0,10,122,1,133,0,1,153,0,154,0,11,275,1,287,312,1,313,600
02/16/2006,MYF,CA,AWP,WE,Towers with Radar,0,14,112,0,126,0,2,266,0,268,0,16,378,0,394,294,0,294,688
02/17/2006,MYF,CA,AWP,WE,Towers with Radar,0,12,77,0,89,0,10,256,0,266,0,22,333,0,355,361,0,361,716
02/18/2006,MYF,CA,AWP,WE,Towers with Radar,0,3,63,0,66,0,4,196,0,200,0,7,259,0,266,307,0,307,573
02/19/2006,MYF,CA,AWP,WE,Towers with Radar,0,2,43,0,45,0,0,165,0,165,0,2,208,0,210,237,0,237,447
02/20/2006,MYF,CA,AWP,WE,Towers with Radar,0,1,97,0,98,0,2,343,0,345,0,3,440,0,443,378,0,378,821
02/21/2006,MYF,CA,AWP,WE,Towers with Radar,0,12,85,0,97,0,0,240,0,240,0,12,325,0,337,329,0,329,666
02/22/2006,MYF,CA,AWP,WE,Towers with Radar,0,11,73,0,84,0,1,406,4,411,0,12,479,4,495,405,0,405,900
02/23/2006,MYF,CA,AWP,WE,Towers with Radar,0,10,92,0,102,0,4,381,0,385,0,14,473,0,487,264,0,264,751
02/24/2006,MYF,CA,AWP,WE,Towers with Radar,0,10,92,0,102,0,7,315,2,324,0,17,407,2,426,285,0,285,711
02/25/2006,MYF,CA,AWP,WE,Towers with Radar,0,4,80,0,84,0,6,372,0,378,0,10,452,0,462,173,0,173,635
02/26/2006,MYF,CA,AWP,WE,Towers with Radar,0,0,78,0,78,0,1,328,0,329,0,1,406,0,407,314,0,314,721
02/27/2006,MYF,CA,AWP,WE,Towers with Radar,0,11,70,0,81,0,0,191,0,191,0,11,261,0,272,206,0,206,478
02/28/2006,MYF,CA,AWP,WE,Towers with Radar,0,14,74,0,88,0,1,74,0,75,0,15,148,0,163,198,0,198,361
03/01/2006,MYF,CA,AWP,WE,Towers with Radar,0,10,98,0,108,0,4,303,0,307,0,14,401,0,415,418,0,418,833
03/02/2006,MYF,CA,AWP,WE,Towers with Radar,0,8,95,0,103,0,2,274,0,276,0,10,369,0,379,355,0,355,734
03/03/2006,MYF,CA,AWP,WE,Towers with Radar,0,8,107,0,115,0,1,122,0,123,0,9,229,0,238,216,0,216,454
03/04/2006,MYF,CA,AWP,WE,Towers with Radar,0,2,103,0,105,0,5,363,0,368,0,7,466,0,473,250,0,250,723
03/05/2006,MYF,CA,AWP,WE,Towers with Radar,0,0,60,0,60,0,2,367,0,369,0,2,427,0,429,205,0,205,634
03/06/2006,MYF,CA,AWP,WE,Towers with Radar,0,11,101,0,112,0,3,182,0,185,0,14,283,0,297,370,0,370,667
03/07/2006,MYF,CA,AWP,WE,Towers with Radar,0,11,108,0,119,0,0,173,0,173,0,11,281,0,292,520,0,520,812
03/08/2006,MYF,CA,AWP,WE,Towers with Radar,0,15,91,1,107,0,1,215,0,216,0,16,306,1,323,383,0,383,706
03/09/2006,MYF,CA,AWP,WE,Towers with Radar,0,12,142,0,154,0,0,171,0,171,0,12,313,0,325,294,0,294,619
03/10/2006,MYF,CA,AWP,WE,Towers with Radar,0,12,40,0,52,0,2,53,0,55,0,14,93,0,107,114,0,114,221
03/11/2006,MYF,CA,AWP,WE,Towers with Radar,0,4,13,0,17,0,1,10,0,11,0,5,23,0,28,64,0,64,92
03/12/2006,MYF,CA,AWP,WE,Towers with Radar,0,2,47,0,49,0,1,220,0,221,0,3,267,0,270,362,0,362,632
03/13/2006,MYF,CA,AWP,WE,Towers with Radar,0,11,69,0,80,0,1,329,0,330,0,12,398,0,410,244,0,244,654
03/14/2006,MYF,CA,AWP,WE,Towers with Radar,0,11,97,0,108,0,2,281,0,283,0,13,378,0,391,360,0,360,751
03/15/2006,MYF,CA,AWP,WE,Towers with Radar,0,19,97,0,116,0,6,291,0,297,0,25,388,0,413,333,4,337,750
03/16/2006,MYF,CA,AWP,WE,Towers with Radar,0,13,121,1,135,0,4,267,1,272,0,17,388,2,407,364,0,364,771
03/17/2006,MYF,CA,AWP,WE,Towers with Radar,0,26,80,2,108,0,0,172,1,173,0,26,252,3,281,388,0,388,669
03/18/2006,MYF,CA,AWP,WE,Towers with Radar,0,3,55,0,58,0,0,73,0,73,0,3,128,0,131,168,0,168,299
03/19/2006,MYF,CA,AWP,WE,Towers with Radar,0,3,76,0,79,0,0,249,0,249,0,3,325,0,328,374,0,374,702
03/20/2006,MYF,CA,AWP,WE,Towers with Radar,0,10,71,0,81,0,1,165,0,166,0,11,236,0,247,339,0,339,586
03/21/2006,MYF,CA,AWP,WE,Towers with Radar,0,15,96,2,113,0,2,205,0,207,0,17,301,2,320,378,4,382,702
03/22/2006,MYF,CA,AWP,WE,Towers with Radar,0,0,85,0,85,0,11,351,3,365,0,11,436,3,450,340,0,340,790
03/23/2006,MYF,CA,AWP,WE,Towers with Radar,0,9,98,0,107,0,2,280,0,282,0,11,378,0,389,212,0,212,601
03/24/2006,MYF,CA,AWP,WE,Towers with Radar,0,9,107,0,116,0,8,413,2,423,0,17,520,2,539,260,0,260,799
03/25/2006,MYF,CA,AWP,WE,Towers with Radar,0,4,117,0,121,0,1,291,0,292,0,5,408,0,413,363,0,363,776
03/26/2006,MYF,CA,AWP,WE,Towers with Radar,0,0,100,0,100,0,0,285,0,285,0,0,385,0,385,356,0,356,741
03/27/2006,MYF,CA,AWP,WE,Towers with Radar,0,10,100,2,112,0,0,325,0,325,0,10,425,2,437,346,2,348,785
03/28/2006,MYF,CA,AWP,WE,Towers with Radar,0,15,103,0,118,0,1,112,2,115,0,16,215,2,233,187,0,187,420
03/29/2006,MYF,CA,AWP,WE,Towers with Radar,0,11,84,2,97,0,0,243,2,245,0,11,327,4,342,224,0,224,566
03/30/2006,MYF,CA,AWP,WE,Towers with Radar,0,12,121,0,133,0,2,297,2,301,0,14,418,2,434,258,0,258,692
03/31/2006,MYF,CA,AWP,WE,Towers with Radar,0,14,93,0,107,0,4,207,4,215,0,18,300,4,322,364,0,364,686
04/01/2006,MYF,CA,AWP,WE,Towers with Radar,0,2,85,0,87,0,3,176,0,179,0,5,261,0,266,236,0,236,502
04/02/2006,MYF,CA,AWP,WE,Towers with Radar,0,1,89,0,90,0,2,401,0,403,0,3,490,0,493,339,0,339,832
04/03/2006,MYF,CA,AWP,WE,Towers with Radar,0,11,88,0,99,0,2,188,4,194,0,13,276,4,293,182,0,182,475
04/04/2006,MYF,CA,AWP,WE,Towers with Radar,0,16,60,0,76,0,0,126,0,126,0,16,186,0,202,110,0,110,312
04/05/2006,MYF,CA,AWP,WE,Towers with Radar,0,13,60,0,73,0,0,65,0,65,0,13,125,0,138,80,0,80,218
04/06/2006,MYF,CA,AWP,WE,Towers with Radar,0,9,111,3,123,0,0,279,1,280,0,9,390,4,403,230,4,234,637
04/07/2006,MYF,CA,AWP,WE,Towers with Radar,0,13,126,0,139,0,2,241,0,243,0,15,367,0,382,320,2,322,704
04/08/2006,MYF,CA,AWP,WE,Towers with Radar,0,4,72,0,76,0,1,332,0,333,0,5,404,0,409,256,0,256,665
04/09/2006,MYF,CA,AWP,WE,Towers with Radar,0,2,73,0,75,0,0,287,0,287,0,2,360,0,362,356,0,356,718
04/10/2006,MYF,CA,AWP,WE,Towers with Radar,0,8,65,0,73,0,1,213,0,214,0,9,278,0,287,394,0,394,681
04/11/2006,MYF,CA,AWP,WE,Towers with Radar,0,14,86,2,102,0,2,260,2,264,0,16,346,4,366,138,0,138,504
04/12/2006,MYF,CA,AWP,WE,Towers with Radar,0,13,74,0,87,0,4,326,0,330,0,17,400,0,417,359,0,359,776
04/13/2006,MYF,CA,AWP,WE,Towers with Radar,0,10,135,0,145,0,3,274,2,279,0,13,409,2,424,240,0,240,664
04/14/2006,MYF,CA,AWP,WE,Towers with Radar,0,12,70,0,82,0,4,49,0,53,0,16,119,0,135,76,0,76,211
04/15/2006,MYF,CA,AWP,WE,Towers with Radar,0,3,108,0,111,0,0,90,0,90,0,3,198,0,201,180,0,180,381
04/16/2006,MYF,CA,AWP,WE,Towers with Radar,0,1,72,0,73,0,1,203,0,204,0,2,275,0,277,244,0,244,521
04/17/2006,MYF,CA,AWP,WE,Towers with Radar,0,19,106,0,125,0,4,281,1,286,0,23,387,1,411,266,1,267,678
04/18/2006,MYF,CA,AWP,WE,Towers with Radar,0,12,98,0,110,0,2,266,0,268,0,14,364,0,378,234,0,234,612
04/19/2006,MYF,CA,AWP,WE,Towers with Radar,0,11,80,0,91,0,2,321,0,323,0,13,401,0,414,406,0,406,820
04/20/2006,MYF,CA,AWP,WE,Towers with Radar,0,10,87,0,97,0,5,319,0,324,0,15,406,0,421,296,0,296,717
04/21/2006,MYF,CA,AWP,WE,Towers with Radar,0,15,116,0,131,0,2,178,0,180,0,17,294,0,311,140,0,140,451
04/22/2006,MYF,CA,AWP,WE,Towers with Radar,0,1,87,0,88,0,1,148,0,149,0,2,235,0,237,426,0,426,663
04/23/2006,MYF,CA,AWP,WE,Towers with Radar,0,1,94,0,95,0,1,262,0,263,0,2,356,0,358,456,0,456,814
04/24/2006,MYF,CA,AWP,WE,Towers with Radar,0,9,78,2,89,0,2,303,0,305,0,11,381,2,394,224,0,224,618
04/25/2006,MYF,CA,AWP,WE,Towers with Radar,0,13,141,1,155,0,1,114,2,117,0,14,255,3,272,336,0,336,608
04/26/2006,MYF,CA,AWP,WE,Towers with Radar,0,14,92,0,106,0,0,172,4,176,0,14,264,4,282,334,0,334,616
04/27/2006,MYF,CA,AWP,WE,Towers with Radar,0,10,118,0,128,0,0,104,0,104,0,10,222,0,232,256,0,256,488
04/28/2006,MYF,CA,AWP,WE,Towers with Radar,0,5,112,0,117,0,1,185,0,186,0,6,297,0,303,394,0,394,697
04/29/2006,MYF,CA,AWP,WE,Towers with Radar,0,3,100,0,103,0,0,135,0,135,0,3,235,0,238,214,0,214,452
04/30/2006,MYF,CA,AWP,WE,Towers with Radar,0,1,95,0,96,0,2,305,0,307,0,3,400,0,403,300,0,300,703
05/01/2006,MYF,CA,AWP,WE,Towers with Radar,0,13,92,0,105,0,3,228,0,231,0,16,320,0,336,268,0,268,604
05/02/2006,MYF,CA,AWP,WE,Towers with Radar,0,15,111,1,127,0,1,178,0,179,0,16,289,1,306,401,0,401,707
05/03/2006,MYF,CA,AWP,WE,Towers with Radar,0,11,146,0,157,0,0,156,0,156,0,11,302,0,313,270,0,270,583
05/04/2006,MYF,CA,AWP,WE,Towers with Radar,0,12,108,0,120,0,2,179,0,181,0,14,287,0,301,490,0,490,791
05/05/2006,MYF,CA,AWP,WE,Towers with Radar,0,12,125,0,137,0,1,167,0,168,0,13,292,0,305,244,0,244,549
05/06/2006,MYF,CA,AWP,WE,Towers with Radar,0,1,128,0,129,0,0,132,0,132,0,1,260,0,261,291,0,291,552
05/07/2006,MYF,CA,AWP,WE,Towers with Radar,0,0,108,0,108,0,1,255,0,256,0,1,363,0,364,550,0,550,914
05/08/2006,MYF,CA,AWP,WE,Towers with Radar,0,11,143,0,154,0,0,119,0,119,0,11,262,0,273,122,0,122,395
05/09/2006,MYF,CA,AWP,WE,Towers with Radar,0,7,126,0,133,0,2,123,0,125,0,9,249,0,258,274,0,274,532
05/10/2006,MYF,CA,AWP,WE,Towers with Radar,0,11,145,0,156,0,1,141,0,142,0,12,286,0,298,198,0,198,496
05/11/2006,MYF,CA,AWP,WE,Towers with Radar,0,13,151,0,164,0,2,66,0,68,0,15,217,0,232,142,0,142,374
05/12/2006,MYF,CA,AWP,WE,Towers with Radar,0,21,135,0,156,0,3,117,0,120,0,24,252,0,276,132,0,132,408
05/13/2006,MYF,CA,AWP,WE,Towers with Radar,0,0,78,0,78,0,2,211,0,213,0,2,289,0,291,296,0,296,587
05/14/2006,MYF,CA,AWP,WE,Towers with Radar,0,1,74,0,75,0,0,179,0,179,0,1,253,0,254,230,0,230,484
05/15/2006,MYF,CA,AWP,WE,Towers with Radar,0,19,111,0,130,0,2,119,0,121,0,21,230,0,251,108,0,108,359
05/16/2006,MYF,CA,AWP,WE,Towers with Radar,0,18,109,0,127,0,2,193,0,195,0,20,302,0,322,292,0,292,614
05/17/2006,MYF,CA,AWP,WE,Towers with Radar,0,17,172,0,189,0,0,56,0,56,0,17,228,0,245,84,0,84,329
05/18/2006,MYF,CA,AWP,WE,Towers with Radar,0,19,150,0,169,0,2,146,0,148,0,21,296,0,317,205,0,205,522
05/19/2006,MYF,CA,AWP,WE,Towers with Radar,0,14,120,0,134,0,1,257,2,260,0,15,377,2,394,307,0,307,701
05/20/2006,MYF,CA,AWP,WE,Towers with Radar,0,0,57,0,57,0,3,328,0,331,0,3,385,0,388,196,0,196,584
05/21/2006,MYF,CA,AWP,WE,Towers with Radar,0,0,99,0,99,0,0,114,0,114,0,0,213,0,213,128,0,128,341
05/22/2006,MYF,CA,AWP,WE,Towers with Radar,0,15,73,0,88,0,1,124,0,125,0,16,197,0,213,227,0,227,440
05/23/2006,MYF,CA,AWP,WE,Towers with Radar,0,11,87,0,98,0,2,340,0,342,0,13,427,0,440,320,0,320,760
05/24/2006,MYF,CA,AWP,WE,Towers with Radar,0,13,75,0,88,0,3,446,0,449,0,16,521,0,537,352,0,352,889
05/25/2006,MYF,CA,AWP,WE,Towers with Radar,0,18,114,0,132,0,0,293,0,293,0,18,407,0,425,340,0,340,765
05/26/2006,MYF,CA,AWP,WE,Towers with Radar,0,14,152,0,166,0,2,233,0,235,0,16,385,0,401,330,0,330,731
05/27/2006,MYF,CA,AWP,WE,Towers with Radar,0,1,84,0,85,0,1,70,0,71,0,2,154,0,156,252,0,252,408
05/28/2006,MYF,CA,AWP,WE,Towers with Radar,0,0,0,0,0,0,4,322,0,326,0,4,322,0,326,160,0,160,486
05/29/2006,MYF,CA,AWP,WE,Towers with Radar,0,1,68,0,69,0,3,348,0,351,0,4,416,0,420,386,0,386,806
05/30/2006,MYF,CA,AWP,WE,Towers with Radar,0,8,84,0,92,0,1,335,0,336,0,9,419,0,428,244,0,244,672
05/31/2006,MYF,CA,AWP,WE,Towers with Radar,0,12,89,0,101,0,0,308,0,308,0,12,397,0,409,342,0,342,751
06/01/2006,MYF,CA,AWP,WE,Towers with Radar,0,11,102,0,113,0,2,294,0,296,0,13,396,0,409,332,0,332,741
06/02/2006,MYF,CA,AWP,WE,Towers with Radar,0,7,84,0,91,0,2,374,2,378,0,9,458,2,469,328,0,328,797
06/03/2006,MYF,CA,AWP,WE,Towers with Radar,0,5,80,0,85,0,2,264,0,266,0,7,344,0,351,234,0,234,585
06/04/2006,MYF,CA,AWP,WE,Towers with Radar,0,4,78,0,82,0,4,218,0,222,0,8,296,0,304,194,0,194,498
06/05/2006,MYF,CA,AWP,WE,Towers with Radar,0,14,8,0,22,0,1,196,0,197,0,15,204,0,219,186,0,186,405
06/06/2006,MYF,CA,AWP,WE,Towers with Radar,0,24,118,0,142,0,0,42,0,42,0,24,160,0,184,100,0,100,284
06/07/2006,MYF,CA,AWP,WE,Towers with Radar,0,14,114,0,128,0,0,60,0,60,0,14,174,0,188,206,0,206,394
06/08/2006,MYF,CA,AWP,WE,Towers with Radar,0,16,157,2,175,0,0,110,0,110,0,16,267,2,285,218,0,218,503
06/09/2006,MYF,CA,AWP,WE,Towers with Radar,0,14,179,0,193,0,1,93,0,94,0,15,272,0,287,236,0,236,523
06/10/2006,MYF,CA,AWP,WE,Towers with Radar,0,1,110,0,111,0,3,216,0,219,0,4,326,0,330,372,0,372,702
06/11/2006,MYF,CA,AWP,WE,Towers with Radar,0,0,60,0,60,0,2,204,0,206,0,2,264,0,266,256,0,256,522
06/12/2006,MYF,CA,AWP,WE,Towers with Radar,0,11,87,0,98,0,0,284,0,284,0,11,371,0,382,308,0,308,690
06/13/2006,MYF,CA,AWP,WE,Towers with Radar,0,15,74,0,89,0,0,334,0,334,0,15,408,0,423,306,0,306,729
06/14/2006,MYF,CA,AWP,WE,Towers with Radar,0,15,79,0,94,0,0,312,2,314,0,15,391,2,408,268,0,268,676
06/15/2006,MYF,CA,AWP,WE,Towers with Radar,0,10,106,0,116,0,0,323,1,324,0,10,429,1,440,380,0,380,820
06/16/2006,MYF,CA,AWP,WE,Towers with Radar,0,16,88,0,104,0,5,297,0,302,0,21,385,0,406,400,2,402,808
06/17/2006,MYF,CA,AWP,WE,Towers with Radar,0,0,88,0,88,0,2,317,0,319,0,2,405,0,407,220,0,220,627
06/18/2006,MYF,CA,AWP,WE,Towers with Radar,0,2,69,0,71,0,5,246,0,251,0,7,315,0,322,264,0,264,586
06/19/2006,MYF,CA,AWP,WE,Towers with Radar,0,9,92,0,101,0,0,245,0,245,0,9,337,0,346,148,0,148,494
06/20/2006,MYF,CA,AWP,WE,Towers with Radar,0,11,87,0,98,0,0,236,8,244,0,11,323,8,342,386,0,386,728
06/21/2006,MYF,CA,AWP,WE,Towers with Radar,0,14,76,0,90,0,0,287,2,289,0,14,363,2,379,430,0,430,809
06/22/2006,MYF,CA,AWP,WE,Towers with Radar,0,12,99,0,111,0,1,253,0,254,0,13,352,0,365,370,0,370,735
06/23/2006,MYF,CA,AWP,WE,Towers with Radar,0,10,108,0,118,0,3,262,0,265,0,13,370,0,383,296,0,296,679
06/24/2006,MYF,CA,AWP,WE,Towers with Radar,0,3,69,0,72,0,4,188,0,192,0,7,257,0,264,318,0,318,582
06/25/2006,MYF,CA,AWP,WE,Towers with Radar,0,0,72,0,72,0,1,186,0,187,0,1,258,0,259,226,0,226,485
06/26/2006,MYF,CA,AWP,WE,Towers with Radar,0,10,54,0,64,0,0,181,15,196,0,10,235,15,260,282,0,282,542
06/27/2006,MYF,CA,AWP,WE,Towers with Radar,0,14,70,0,84,0,2,245,0,247,0,16,315,0,331,416,0,416,747
06/28/2006,MYF,CA,AWP,WE,Towers with Radar,0,16,86,0,102,0,3,322,1,326,0,19,408,1,428,346,0,346,774
06/29/2006,MYF,CA,AWP,WE,Towers with Radar,0,13,75,0,88,0,0,272,0,272,0,13,347,0,360,420,0,420,780
06/30/2006,MYF,CA,AWP,WE,Towers with Radar,0,12,79,0,91,0,6,313,0,319,0,18,392,0,410,316,0,316,726
07/01/2006,MYF,CA,AWP,WE,Towers with Radar,0,0,73,0,73,0,4,272,0,276,0,4,345,0,349,282,0,282,631
07/02/2006,MYF,CA,AWP,WE,Towers with Radar,0,0,59,0,59,0,1,204,0,205,0,1,263,0,264,184,0,184,448
07/03/2006,MYF,CA,AWP,WE,Towers with Radar,0,9,58,1,68,0,2,250,0,252,0,11,308,1,320,152,0,152,472
07/04/2006,MYF,CA,AWP,WE,Towers with Radar,0,3,62,0,65,0,1,240,0,241,0,4,302,0,306,228,0,228,534
07/05/2006,MYF,CA,AWP,WE,Towers with Radar,0,12,90,4,106,0,1,231,0,232,0,13,321,4,338,270,0,270,608
07/06/2006,MYF,CA,AWP,WE,Towers with Radar,0,10,75,0,85,0,3,278,0,281,0,13,353,0,366,441,0,441,807
07/07/2006,MYF,CA,AWP,WE,Towers with Radar,0,10,84,0,94,0,4,310,0,314,0,14,394,0,408,384,0,384,792
07/08/2006,MYF,CA,AWP,WE,Towers with Radar,0,0,74,0,74,0,2,273,0,275,0,2,347,0,349,298,0,298,647
07/09/2006,MYF,CA,AWP,WE,Towers with Radar,0,0,59,0,59,0,0,292,0,292,0,0,351,0,351,186,0,186,537
07/10/2006,MYF,CA,AWP,WE,Towers with Radar,0,9,120,0,129,0,3,167,0,170,0,12,287,0,299,367,0,367,666
07/11/2006,MYF,CA,AWP,WE,Towers with Radar,0,10,71,0,81,0,0,312,0,312,0,10,383,0,393,327,0,327,720
07/12/2006,MYF,CA,AWP,WE,Towers with Radar,0,10,66,0,76,0,3,295,0,298,0,13,361,0,374,400,0,400,774
07/13/2006,MYF,CA,AWP,WE,Towers with Radar,0,10,80,0,90,0,3,367,0,370,0,13,447,0,460,331,0,331,791
07/14/2006,MYF,CA,AWP,WE,Towers with Radar,0,10,108,0,118,0,4,326,0,330,0,14,434,0,448,262,0,262,710
07/15/2006,MYF,CA,AWP,WE,Towers with Radar,0,2,74,0,76,0,0,335,0,335,0,2,409,0,411,263,0,263,674
07/16/2006,MYF,CA,AWP,WE,Towers with Radar,0,1,79,0,80,0,1,240,0,241,0,2,319,0,321,190,0,190,511
07/17/2006,MYF,CA,AWP,WE,Towers with Radar,0,10,84,0,94,0,1,263,1,265,0,11,347,1,359,274,0,274,633
07/18/2006,MYF,CA,AWP,WE,Towers with Radar,0,16,99,0,115,0,0,365,0,365,0,16,464,0,480,392,0,392,872
07/19/2006,MYF,CA,AWP,WE,Towers with Radar,0,21,104,0,125,0,1,289,0,290,0,22,393,0,415,466,0,466,881
07/20/2006,MYF,CA,AWP,WE,Towers with Radar,0,15,117,0,132,0,13,243,0,256,0,28,360,0,388,267,0,267,655
07/21/2006,MYF,CA,AWP,WE,Towers with Radar,0,17,113,0,130,0,5,303,2,310,0,22,416,2,440,446,0,446,886
07/22/2006,MYF,CA,AWP,WE,Towers with Radar,0,3,40,0,43,0,0,312,0,312,0,3,352,0,355,280,0,280,635
07/23/2006,MYF,CA,AWP,WE,Towers with Radar,0,0,69,0,69,0,1,221,0,222,0,1,290,0,291,212,0,212,503
07/24/2006,MYF,CA,AWP,WE,Towers with Radar,0,10,68,0,78,0,1,206,0,207,0,11,274,0,285,461,0,461,746
07/25/2006,MYF,CA,AWP,WE,Towers with Radar,0,12,149,0,161,0,9,64,0,73,0,21,213,0,234,48,0,48,282
07/26/2006,MYF,CA,AWP,WE,Towers with Radar,0,11,78,0,89,0,1,252,0,253,0,12,330,0,342,458,0,458,800
07/27/2006,MYF,CA,AWP,WE,Towers with Radar,0,10,106,0,116,0,1,229,0,230,0,11,335,0,346,396,0,396,742
07/28/2006,MYF,CA,AWP,WE,Towers with Radar,0,13,156,0,169,0,0,178,0,178,0,13,334,0,347,370,0,370,717
07/29/2006,MYF,CA,AWP,WE,Towers with Radar,0,5,109,0,114,0,0,60,0,60,0,5,169,0,174,0,0,0,174
07/30/2006,MYF,CA,AWP,WE,Towers with Radar,0,2,117,0,119,0,0,48,0,48,0,2,165,0,167,276,0,276,443
07/31/2006,MYF,CA,AWP,WE,Towers with Radar,0,10,116,0,126,0,2,124,0,126,0,12,240,0,252,292,0,292,544
08/01/2006,MYF,CA,AWP,WE,Towers with Radar,0,10,105,1,116,0,2,219,0,221,0,12,324,1,337,435,0,435,772
08/02/2006,MYF,CA,AWP,WE,Towers with Radar,0,11,90,0,101,0,4,317,0,321,0,15,407,0,422,502,0,502,924
08/03/2006,MYF,CA,AWP,WE,Towers with Radar,0,13,161,0,174,0,0,88,0,88,0,13,249,0,262,296,0,296,558
08/04/2006,MYF,CA,AWP,WE,Towers with Radar,0,14,92,0,106,0,2,322,0,324,0,16,414,0,430,350,0,350,780
08/05/2006,MYF,CA,AWP,WE,Towers with Radar,0,0,75,0,75,0,2,367,0,369,0,2,442,0,444,217,0,217,661
08/06/2006,MYF,CA,AWP,WE,Towers with Radar,0,0,121,0,121,0,1,215,0,216,0,1,336,0,337,234,0,234,571
08/07/2006,MYF,CA,AWP,WE,Towers with Radar,0,10,63,0,73,0,1,256,0,257,0,11,319,0,330,258,0,258,588
08/08/2006,MYF,CA,AWP,WE,Towers with Radar,0,11,71,0,82,0,10,349,0,359,0,21,420,0,441,422,0,422,863
08/09/2006,MYF,CA,AWP,WE,Towers with Radar,0,10,78,0,88,0,0,370,0,370,0,10,448,0,458,318,0,318,776
08/10/2006,MYF,CA,AWP,WE,Towers with Radar,0,12,82,0,94,0,2,338,0,340,0,14,420,0,434,426,0,426,860
08/11/2006,MYF,CA,AWP,WE,Towers with Radar,0,10,107,0,117,0,3,277,0,280,0,13,384,0,397,250,0,250,647
08/12/2006,MYF,CA,AWP,WE,Towers with Radar,0,0,78,0,78,0,0,296,0,296,0,0,374,0,374,315,0,315,689
08/13/2006,MYF,CA,AWP,WE,Towers with Radar,0,0,99,0,99,0,0,242,0,242,0,0,341,0,341,201,0,201,542
08/14/2006,MYF,CA,AWP,WE,Towers with Radar,0,10,79,0,89,0,2,213,0,215,0,12,292,0,304,218,2,220,524
08/15/2006,MYF,CA,AWP,WE,Towers with Radar,0,13,122,0,135,0,0,342,0,342,0,13,464,0,477,349,0,349,826
08/16/2006,MYF,CA,AWP,WE,Towers with Radar,0,10,97,0,107,0,1,279,0,280,0,11,376,0,387,406,0,406,793
08/17/2006,MYF,CA,AWP,WE,Towers with Radar,0,11,97,0,108,0,2,310,3,315,0,13,407,3,423,520,0,520,943
08/18/2006,MYF,CA,AWP,WE,Towers with Radar,0,10,90,0,100,0,2,323,0,325,0,12,413,0,425,484,0,484,909
08/19/2006,MYF,CA,AWP,WE,Towers with Radar,0,1,80,0,81,0,3,244,0,247,0,4,324,0,328,222,0,222,550
08/20/2006,MYF,CA,AWP,WE,Towers with Radar,0,3,86,0,89,0,0,275,0,275,0,3,361,0,364,178,0,178,542
08/21/2006,MYF,CA,AWP,WE,Towers with Radar,0,8,96,0,104,0,3,198,2,203,0,11,294,2,307,175,0,175,482
08/22/2006,MYF,CA,AWP,WE,Towers with Radar,0,10,96,0,106,0,12,319,0,331,0,22,415,0,437,386,0,386,823
08/23/2006,MYF,CA,AWP,WE,Towers with Radar,0,9,58,0,67,0,1,327,0,328,0,10,385,0,395,306,0,306,701
08/24/2006,MYF,CA,AWP,WE,Towers with Radar,0,14,112,0,126,0,1,343,0,344,0,15,455,0,470,344,0,344,814
08/25/2006,MYF,CA,AWP,WE,Towers with Radar,0,12,87,1,100,0,1,334,0,335,0,13,421,1,435,192,0,192,627
08/26/2006,MYF,CA,AWP,WE,Towers with Radar,0,0,67,0,67,0,0,314,0,314,0,0,381,0,381,237,0,237,618
08/27/2006,MYF,CA,AWP,WE,Towers with Radar,0,2,71,0,73,0,1,291,0,292,0,3,362,0,365,198,0,198,563
08/28/2006,MYF,CA,AWP,WE,Towers with Radar,0,14,79,0,93,0,1,206,0,207,0,15,285,0,300,187,0,187,487
08/29/2006,MYF,CA,AWP,WE,Towers with Radar,0,15,102,0,117,0,0,280,0,280,0,15,382,0,397,438,0,438,835
08/30/2006,MYF,CA,AWP,WE,Towers with Radar,0,11,97,2,110,0,7,302,0,309,0,18,399,2,419,435,0,435,854
08/31/2006,MYF,CA,AWP,WE,Towers with Radar,0,9,100,0,109,0,3,250,0,253,0,12,350,0,362,310,0,310,672
09/01/2006,MYF,CA,AWP,WE,Towers with Radar,0,9,84,0,93,0,3,309,0,312,0,12,393,0,405,323,0,323,728
09/02/2006,MYF,CA,AWP,WE,Towers with Radar,0,0,68,0,68,0,1,278,0,279,0,1,346,0,347,234,0,234,581
09/03/2006,MYF,CA,AWP,WE,Towers with Radar,0,0,58,0,58,0,1,186,0,187,0,1,244,0,245,264,0,264,509
09/04/2006,MYF,CA,AWP,WE,Towers with Radar,0,0,62,0,62,0,2,308,0,310,0,2,370,0,372,196,0,196,568
09/05/2006,MYF,CA,AWP,WE,Towers with Radar,0,12,65,0,77,0,0,263,0,263,0,12,328,0,340,402,0,402,742
09/06/2006,MYF,CA,AWP,WE,Towers with Radar,0,13,86,0,99,0,1,257,0,258,0,14,343,0,357,382,0,382,739
09/07/2006,MYF,CA,AWP,WE,Towers with Radar,0,11,123,2,136,0,2,231,0,233,0,13,354,2,369,401,0,401,770
09/08/2006,MYF,CA,AWP,WE,Towers with Radar,0,11,88,0,99,0,4,282,1,287,0,15,370,1,386,320,0,320,706
09/09/2006,MYF,CA,AWP,WE,Towers with Radar,0,0,74,0,74,0,0,241,0,241,0,0,315,0,315,268,0,268,583
09/10/2006,MYF,CA,AWP,WE,Towers with Radar,0,1,94,0,95,0,0,278,0,278,0,1,372,0,373,314,0,314,687
09/11/2006,MYF,CA,AWP,WE,Towers with Radar,0,10,96,3,109,0,3,220,1,224,0,13,316,4,333,308,0,308,641
09/12/2006,MYF,CA,AWP,WE,Towers with Radar,0,12,71,0,83,0,1,243,14,258,0,13,314,14,341,247,1,248,589
09/13/2006,MYF,CA,AWP,WE,Towers with Radar,0,11,0,0,11,0,2,0,397,399,0,13,0,397,410,308,0,308,718
09/14/2006,MYF,CA,AWP,WE,Towers with Radar,0,10,95,0,105,0,2,255,0,257,0,12,350,0,362,274,0,274,636
09/15/2006,MYF,CA,AWP,WE,Towers with Radar,0,13,95,0,108,0,2,194,0,196,0,15,289,0,304,274,0,274,578
09/16/2006,MYF,CA,AWP,WE,Towers with Radar,0,0,55,0,55,0,1,319,0,320,0,1,374,0,375,255,0,255,630
09/17/2006,MYF,CA,AWP,WE,Towers with Radar,0,2,64,0,66,0,0,258,0,258,0,2,322,0,324,354,0,354,678
09/18/2006,MYF,CA,AWP,WE,Towers with Radar,0,9,86,0,95,0,1,256,0,257,0,10,342,0,352,319,0,319,671
09/19/2006,MYF,CA,AWP,WE,Towers with Radar,0,13,76,0,89,0,4,277,0,281,0,17,353,0,370,256,0,256,626
09/20/2006,MYF,CA,AWP,WE,Towers with Radar,0,12,66,0,78,0,2,362,0,364,0,14,428,0,442,325,0,325,767
09/21/2006,MYF,CA,AWP,WE,Towers with Radar,0,11,103,0,114,0,2,277,0,279,0,13,380,0,393,328,0,328,721
09/22/2006,MYF,CA,AWP,WE,Towers with Radar,0,13,119,0,132,0,2,154,0,156,0,15,273,0,288,246,0,246,534
09/23/2006,MYF,CA,AWP,WE,Towers with Radar,0,1,51,0,52,0,4,255,0,259,0,5,306,0,311,144,0,144,455
09/24/2006,MYF,CA,AWP,WE,Towers with Radar,0,0,66,0,66,0,0,278,0,278,0,0,344,0,344,222,0,222,566
09/25/2006,MYF,CA,AWP,WE,Towers with Radar,0,11,84,0,95,0,2,192,0,194,0,13,276,0,289,168,0,168,457
09/26/2006,MYF,CA,AWP,WE,Towers with Radar,0,10,105,0,115,0,0,210,0,210,0,10,315,0,325,170,0,170,495
09/27/2006,MYF,CA,AWP,WE,Towers with Radar,0,12,114,0,126,0,0,261,0,261,0,12,375,0,387,246,0,246,633
09/28/2006,MYF,CA,AWP,WE,Towers with Radar,0,11,97,0,108,0,1,268,0,269,0,12,365,0,377,329,0,329,706
09/29/2006,MYF,CA,AWP,WE,Towers with Radar,0,10,73,0,83,0,7,313,0,320,0,17,386,0,403,458,0,458,861
09/30/2006,MYF,CA,AWP,WE,Towers with Radar,0,0,102,0,102,0,2,176,0,178,0,2,278,0,280,187,0,187,467
10/01/2006,MYF,CA,AWP,WE,Towers with Radar,0,0,84,0,84,0,0,228,0,228,0,0,312,0,312,290,0,290,602
10/02/2006,MYF,CA,AWP,WE,Towers with Radar,0,13,70,0,83,0,0,231,0,231,0,13,301,0,314,372,0,372,686
10/03/2006,MYF,CA,AWP,WE,Towers with Radar,0,12,74,0,86,0,0,252,0,252,0,12,326,0,338,316,0,316,654
10/04/2006,MYF,CA,AWP,WE,Towers with Radar,0,12,67,0,79,0,1,365,0,366,0,13,432,0,445,259,0,259,704
10/05/2006,MYF,CA,AWP,WE,Towers with Radar,0,12,110,0,122,0,0,238,0,238,0,12,348,0,360,0,478,478,838
10/06/2006,MYF,CA,AWP,WE,Towers with Radar,0,11,94,0,105,0,0,251,0,251,0,11,345,0,356,272,0,272,628
10/07/2006,MYF,CA,AWP,WE,Towers with Radar,0,2,57,0,59,0,4,342,0,346,0,6,399,0,405,184,0,184,589
10/08/2006,MYF,CA,AWP,WE,Towers with Radar,0,1,91,0,92,0,1,179,0,180,0,2,270,0,272,178,0,178,450
10/09/2006,MYF,CA,AWP,WE,Towers with Radar,0,1,100,0,101,0,3,155,0,158,0,4,255,0,259,402,0,402,661
10/10/2006,MYF,CA,AWP,WE,Towers with Radar,0,10,103,0,113,0,0,286,0,286,0,10,389,0,399,192,0,192,591
10/11/2006,MYF,CA,AWP,WE,Towers with Radar,0,13,102,0,115,0,2,314,2,318,0,15,416,2,433,289,0,289,722
10/12/2006,MYF,CA,AWP,WE,Towers with Radar,0,10,81,0,91,0,1,183,0,184,0,11,264,0,275,254,0,254,529
10/13/2006,MYF,CA,AWP,WE,Towers with Radar,0,10,75,0,85,0,1,114,2,117,0,11,189,2,202,236,0,236,438
10/14/2006,MYF,CA,AWP,WE,Towers with Radar,0,0,46,0,46,0,0,52,0,52,0,0,98,0,98,72,0,72,170
10/15/2006,MYF,CA,AWP,WE,Towers with Radar,0,1,81,0,82,0,0,97,0,97,0,1,178,0,179,280,0,280,459
10/16/2006,MYF,CA,AWP,WE,Towers with Radar,0,11,130,0,141,0,0,132,0,132,0,11,262,0,273,338,0,338,611
10/17/2006,MYF,CA,AWP,WE,Towers with Radar,0,14,80,0,94,0,0,258,0,258,0,14,338,0,352,334,0,334,686
10/18/2006,MYF,CA,AWP,WE,Towers with Radar,0,10,83,2,95,0,0,417,0,417,0,10,500,2,512,336,0,336,848
10/19/2006,MYF,CA,AWP,WE,Towers with Radar,0,10,73,0,83,0,1,378,0,379,0,11,451,0,462,316,0,316,778
10/20/2006,MYF,CA,AWP,WE,Towers with Radar,0,9,84,0,93,0,1,407,0,408,0,10,491,0,501,266,0,266,767
10/21/2006,MYF,CA,AWP,WE,Towers with Radar,0,1,88,0,89,0,2,318,1,321,0,3,406,1,410,290,0,290,700
10/22/2006,MYF,CA,AWP,WE,Towers with Radar,0,1,85,0,86,0,6,284,0,290,0,7,369,0,376,201,0,201,577
10/23/2006,MYF,CA,AWP,WE,Towers with Radar,0,10,74,0,84,0,0,220,0,220,0,10,294,0,304,154,0,154,458
10/24/2006,MYF,CA,AWP,WE,Towers with Radar,0,10,77,0,87,0,0,297,0,297,0,10,374,0,384,426,0,426,810
10/25/2006,MYF,CA,AWP,WE,Towers with Radar,0,10,77,0,87,0,0,297,0,297,0,10,374,0,384,426,0,426,810
10/26/2006,MYF,CA,AWP,WE,Towers with Radar,0,10,70,0,80,0,5,333,0,338,0,15,403,0,418,488,0,488,906
10/27/2006,MYF,CA,AWP,WE,Towers with Radar,0,12,70,0,82,0,2,401,0,403,0,14,471,0,485,354,0,354,839
10/28/2006,MYF,CA,AWP,WE,Towers with Radar,0,1,49,0,50,0,3,323,0,326,0,4,372,0,376,260,0,260,636
10/29/2006,MYF,CA,AWP,WE,Towers with Radar,0,1,84,0,85,0,1,252,0,253,0,2,336,0,338,247,0,247,585
10/30/2006,MYF,CA,AWP,WE,Towers with Radar,0,12,92,0,104,0,0,199,0,199,0,12,291,0,303,300,0,300,603
10/31/2006,MYF,CA,AWP,WE,Towers with Radar,0,12,89,0,101,0,2,186,0,188,0,14,275,0,289,205,0,205,494
11/01/2006,MYF,CA,AWP,WE,Towers with Radar,0,12,70,0,82,0,3,320,0,323,0,15,390,0,405,366,0,366,771
11/02/2006,MYF,CA,AWP,WE,Towers with Radar,0,10,73,0,83,0,0,269,0,269,0,10,342,0,352,352,0,352,704
11/03/2006,MYF,CA,AWP,WE,Towers with Radar,0,14,128,0,142,0,2,222,0,224,0,16,350,0,366,200,0,200,566
11/04/2006,MYF,CA,AWP,WE,Towers with Radar,0,1,87,0,88,0,2,311,0,313,0,3,398,0,401,306,0,306,707
11/05/2006,MYF,CA,AWP,WE,Towers with Radar,0,0,69,0,69,0,1,323,0,324,0,1,392,0,393,375,0,375,768
11/06/2006,MYF,CA,AWP,WE,Towers with Radar,0,9,82,2,93,0,6,204,0,210,0,15,286,2,303,247,0,247,550
11/07/2006,MYF,CA,AWP,WE,Towers with Radar,0,10,74,0,84,0,1,365,0,366,0,11,439,0,450,384,0,384,834
11/08/2006,MYF,CA,AWP,WE,Towers with Radar,0,10,80,0,90,0,0,383,0,383,0,10,463,0,473,404,0,404,877
11/09/2006,MYF,CA,AWP,WE,Towers with Radar,0,10,161,0,171,0,2,204,0,206,0,12,365,0,377,404,0,404,781
11/10/2006,MYF,CA,AWP,WE,Towers with Radar,0,11,87,0,98,0,1,365,0,366,0,12,452,0,464,392,0,392,856
11/11/2006,MYF,CA,AWP,WE,Towers with Radar,0,2,86,0,88,0,3,173,0,176,0,5,259,0,264,257,0,257,521
11/12/2006,MYF,CA,AWP,WE,Towers with Radar,0,1,55,0,56,0,2,295,0,297,0,3,350,0,353,207,0,207,560
11/13/2006,MYF,CA,AWP,WE,Towers with Radar,0,7,87,2,96,0,6,354,0,360,0,13,441,2,456,309,0,309,765
11/14/2006,MYF,CA,AWP,WE,Towers with Radar,0,14,99,0,113,0,0,18,0,18,0,14,117,0,131,3,0,3,134
11/15/2006,MYF,CA,AWP,WE,Towers with Radar,0,13,83,1,97,0,9,378,0,387,0,22,461,1,484,306,1,307,791
11/16/2006,MYF,CA,AWP,WE,Towers with Radar,0,4,106,0,110,0,7,513,168,688,0,11,619,168,798,0,0,0,798
11/17/2006,MYF,CA,AWP,WE,Towers with Radar,0,12,68,0,80,0,5,425,0,430,0,17,493,0,510,359,0,359,869
11/18/2006,MYF,CA,AWP,WE,Towers with Radar,0,0,55,0,55,0,0,440,0,440,0,0,495,0,495,54,0,54,549
11/19/2006,MYF,CA,AWP,WE,Towers with Radar,0,0,27,0,27,0,1,356,0,357,0,1,383,0,384,190,0,190,574
11/20/2006,MYF,CA,AWP,WE,Towers with Radar,0,10,54,0,64,0,5,354,1,360,0,15,408,1,424,211,0,211,635
11/21/2006,MYF,CA,AWP,WE,Towers with Radar,0,15,79,0,94,0,2,263,0,265,0,17,342,0,359,251,0,251,610
11/22/2006,MYF,CA,AWP,WE,Towers with Radar,0,13,99,0,112,0,1,442,0,443,0,14,541,0,555,215,0,215,770
11/23/2006,MYF,CA,AWP,WE,Towers with Radar,0,0,28,0,28,0,0,149,2,151,0,0,177,2,179,226,0,226,405
11/24/2006,MYF,CA,AWP,WE,Towers with Radar,0,5,101,0,106,0,3,159,0,162,0,8,260,0,268,268,0,268,536
11/25/2006,MYF,CA,AWP,WE,Towers with Radar,0,0,76,0,76,0,1,188,0,189,0,1,264,0,265,180,0,180,445
11/26/2006,MYF,CA,AWP,WE,Towers with Radar,0,0,78,0,78,0,0,297,0,297,0,0,375,0,375,339,0,339,714
11/27/2006,MYF,CA,AWP,WE,Towers with Radar,0,10,75,0,85,0,1,57,0,58,0,11,132,0,143,67,0,67,210
11/28/2006,MYF,CA,AWP,WE,Towers with Radar,0,11,69,0,80,0,0,226,0,226,0,11,295,0,306,262,0,262,568
11/29/2006,MYF,CA,AWP,WE,Towers with Radar,0,19,82,0,101,0,1,394,0,395,0,20,476,0,496,469,0,469,965
11/30/2006,MYF,CA,AWP,WE,Towers with Radar,0,14,65,0,79,0,2,381,0,383,0,16,446,0,462,446,0,446,908
12/01/2006,MYF,CA,AWP,WE,Towers with Radar,0,4,82,0,86,0,5,344,0,349,0,9,426,0,435,420,0,420,855
12/02/2006,MYF,CA,AWP,WE,Towers with Radar,0,1,61,0,62,0,6,286,0,292,0,7,347,0,354,273,0,273,627
12/03/2006,MYF,CA,AWP,WE,Towers with Radar,0,0,75,0,75,0,3,254,0,257,0,3,329,0,332,337,0,337,669
12/04/2006,MYF,CA,AWP,WE,Towers with Radar,0,9,67,0,76,0,3,258,0,261,0,12,325,0,337,326,0,326,663
12/05/2006,MYF,CA,AWP,WE,Towers with Radar,0,10,75,0,85,0,2,299,0,301,0,12,374,0,386,325,0,325,711
12/06/2006,MYF,CA,AWP,WE,Towers with Radar,0,11,79,0,90,0,0,346,0,346,0,11,425,0,436,335,0,335,771
12/07/2006,MYF,CA,AWP,WE,Towers with Radar,0,13,70,0,83,0,1,324,0,325,0,14,394,0,408,346,0,346,754
12/08/2006,MYF,CA,AWP,WE,Towers with Radar,0,8,90,0,98,0,3,234,0,237,0,11,324,0,335,184,0,184,519
12/09/2006,MYF,CA,AWP,WE,Towers with Radar,0,1,51,0,52,0,0,291,0,291,0,1,342,0,343,388,0,388,731
12/10/2006,MYF,CA,AWP,WE,Towers with Radar,0,6,78,0,84,0,0,131,0,131,0,6,209,0,215,336,0,336,551
12/11/2006,MYF,CA,AWP,WE,Towers with Radar,0,9,80,0,89,0,0,234,0,234,0,9,314,0,323,326,0,326,649
12/12/2006,MYF,CA,AWP,WE,Towers with Radar,0,11,78,0,89,0,0,359,0,359,0,11,437,0,448,370,0,370,818
12/13/2006,MYF,CA,AWP,WE,Towers with Radar,0,11,101,0,112,0,3,326,0,329,0,14,427,0,441,494,0,494,935
12/14/2006,MYF,CA,AWP,WE,Towers with Radar,0,9,76,0,85,0,1,312,2,315,0,10,388,2,400,269,0,269,669
12/15/2006,MYF,CA,AWP,WE,Towers with Radar,0,8,110,0,118,0,2,147,0,149,0,10,257,0,267,224,0,224,491
12/16/2006,MYF,CA,AWP,WE,Towers with Radar,0,3,54,0,57,0,0,107,0,107,0,3,161,0,164,293,0,293,457
12/17/2006,MYF,CA,AWP,WE,Towers with Radar,0,1,46,0,47,0,4,114,0,118,0,5,160,0,165,338,0,338,503
12/18/2006,MYF,CA,AWP,WE,Towers with Radar,0,8,60,0,68,0,2,218,0,220,0,10,278,0,288,254,1,255,543
12/19/2006,MYF,CA,AWP,WE,Towers with Radar,0,15,92,0,107,0,3,311,0,314,0,18,403,0,421,330,0,330,751
12/20/2006,MYF,CA,AWP,WE,Towers with Radar,0,14,81,0,95,0,2,311,0,313,0,16,392,0,408,242,0,242,650
12/21/2006,MYF,CA,AWP,WE,Towers with Radar,0,12,86,0,98,0,2,315,0,317,0,14,401,0,415,286,0,286,701
12/22/2006,MYF,CA,AWP,WE,Towers with Radar,0,10,79,0,89,0,1,153,0,154,0,11,232,0,243,230,0,230,473
12/23/2006,MYF,CA,AWP,WE,Towers with Radar,0,0,49,0,49,0,2,277,0,279,0,2,326,0,328,179,0,179,507
12/24/2006,MYF,CA,AWP,WE,Towers with Radar,0,0,43,0,43,0,5,190,0,195,0,5,233,0,238,130,0,130,368
12/25/2006,MYF,CA,AWP,WE,Towers with Radar,0,0,9,0,9,0,0,137,0,137,0,0,146,0,146,92,0,92,238
12/26/2006,MYF,CA,AWP,WE,Towers with Radar,0,8,50,0,58,0,1,298,0,299,0,9,348,0,357,252,0,252,609
12/27/2006,MYF,CA,AWP,WE,Towers with Radar,0,12,40,0,52,0,0,24,0,24,0,12,64,0,76,40,0,40,116
12/28/2006,MYF,CA,AWP,WE,Towers with Radar,0,9,55,0,64,0,6,284,3,293,0,15,339,3,357,243,0,243,600
12/29/2006,MYF,CA,AWP,WE,Towers with Radar,0,8,58,0,66,0,4,352,0,356,0,12,410,0,422,191,0,191,613
12/30/2006,MYF,CA,AWP,WE,Towers with Radar,0,2,56,0,58,0,3,283,0,286,0,5,339,0,344,220,0,220,564
12/31/2006,MYF,CA,AWP,WE,Towers with Radar,0,3,44,0,47,0,2,174,0,176,0,5,218,0,223,164,0,164,387
01/01/2007,MYF,CA,AWP,WE,Towers with Radar,0,0,32,0,32,0,0,164,0,164,0,0,196,0,196,78,0,78,274
01/02/2007,MYF,CA,AWP,WE,Towers with Radar,0,9,45,0,54,0,3,249,0,252,0,12,294,0,306,419,0,419,725
01/03/2007,MYF,CA,AWP,WE,Towers with Radar,0,13,58,0,71,0,2,290,0,292,0,15,348,0,363,212,0,212,575
01/04/2007,MYF,CA,AWP,WE,Towers with Radar,0,9,117,0,126,0,5,125,0,130,0,14,242,0,256,394,0,394,650
01/05/2007,MYF,CA,AWP,WE,Towers with Radar,0,11,35,0,46,0,6,146,0,152,0,17,181,0,198,128,0,128,326
01/06/2007,MYF,CA,AWP,WE,Towers with Radar,0,3,68,0,71,0,2,295,0,297,0,5,363,0,368,227,0,227,595
01/07/2007,MYF,CA,AWP,WE,Towers with Radar,0,0,49,0,49,0,0,168,0,168,0,0,217,0,217,132,0,132,349
01/08/2007,MYF,CA,AWP,WE,Towers with Radar,0,8,59,0,67,0,0,248,0,248,0,8,307,0,315,358,0,358,673
01/09/2007,MYF,CA,AWP,WE,Towers with Radar,0,10,66,0,76,0,1,294,0,295,0,11,360,0,371,329,0,329,700
01/10/2007,MYF,CA,AWP,WE,Towers with Radar,0,15,79,0,94,0,10,210,0,220,0,25,289,0,314,144,0,144,458
01/11/2007,MYF,CA,AWP,WE,Towers with Radar,0,13,106,0,119,0,1,114,0,115,0,14,220,0,234,166,0,166,400
01/12/2007,MYF,CA,AWP,WE,Towers with Radar,0,11,62,0,73,0,3,176,0,179,0,14,238,0,252,150,0,150,402
01/13/2007,MYF,CA,AWP,WE,Towers with Radar,0,2,59,0,61,0,2,232,0,234,0,4,291,0,295,0,187,187,482
01/14/2007,MYF,CA,AWP,WE,Towers with Radar,0,4,57,0,61,0,3,270,0,273,0,7,327,0,334,98,0,98,432
01/15/2007,MYF,CA,AWP,WE,Towers with Radar,0,1,77,0,78,0,2,228,0,230,0,3,305,0,308,176,0,176,484
01/16/2007,MYF,CA,AWP,WE,Towers with Radar,0,13,66,0,79,0,1,226,0,227,0,14,292,0,306,303,0,303,609
01/17/2007,MYF,CA,AWP,WE,Towers with Radar,0,11,62,0,73,0,1,274,0,275,0,12,336,0,348,251,0,251,599
01/18/2007,MYF,CA,AWP,WE,Towers with Radar,0,12,60,1,73,0,6,270,1,277,0,18,330,2,350,291,0,291,641
01/19/2007,MYF,CA,AWP,WE,Towers with Radar,0,10,71,0,81,0,3,194,0,197,0,13,265,0,278,243,0,243,521
01/20/2007,MYF,CA,AWP,WE,Towers with Radar,0,2,72,0,74,0,2,251,0,253,0,4,323,0,327,174,0,174,501
01/21/2007,MYF,CA,AWP,WE,Towers with Radar,0,0,46,0,46,0,7,259,0,266,0,7,305,0,312,150,0,150,462
01/22/2007,MYF,CA,AWP,WE,Towers with Radar,0,8,57,0,65,0,9,284,0,293,0,17,341,0,358,200,0,200,558
01/23/2007,MYF,CA,AWP,WE,Towers with Radar,0,10,80,0,90,0,11,226,0,237,0,21,306,0,327,288,0,288,615
01/24/2007,MYF,CA,AWP,WE,Towers with Radar,0,11,72,1,84,0,0,314,0,314,0,11,386,1,398,338,0,338,736
01/25/2007,MYF,CA,AWP,WE,Towers with Radar,0,9,86,0,95,0,3,308,0,311,0,12,394,0,406,210,0,210,616
01/26/2007,MYF,CA,AWP,WE,Towers with Radar,0,16,117,0,133,0,6,203,0,209,0,22,320,0,342,114,0,114,456
01/27/2007,MYF,CA,AWP,WE,Towers with Radar,0,0,78,0,78,0,2,222,0,224,0,2,300,0,302,167,0,167,469
01/28/2007,MYF,CA,AWP,WE,Towers with Radar,0,0,51,0,51,0,0,254,0,254,0,0,305,0,305,275,0,275,580
01/29/2007,MYF,CA,AWP,WE,Towers with Radar,0,10,66,0,76,0,4,235,0,239,0,14,301,0,315,224,0,224,539
01/30/2007,MYF,CA,AWP,WE,Towers with Radar,0,18,77,0,95,0,3,38,0,41,0,21,115,0,136,55,0,55,191
01/31/2007,MYF,CA,AWP,WE,Towers with Radar,0,16,79,0,95,0,0,126,2,128,0,16,205,2,223,326,0,326,549
02/01/2007,MYF,CA,AWP,WE,Towers with Radar,0,17,113,1,131,0,4,222,5,231,0,21,335,6,362,312,4,316,678
02/02/2007,MYF,CA,AWP,WE,Towers with Radar,0,15,80,0,95,0,1,371,0,372,0,16,451,0,467,353,0,353,820
02/03/2007,MYF,CA,AWP,WE,Towers with Radar,0,0,69,2,71,0,7,349,2,358,0,7,418,4,429,280,0,280,709
02/04/2007,MYF,CA,AWP,WE,Towers with Radar,0,0,54,0,54,0,6,300,0,306,0,6,354,0,360,204,0,204,564
02/05/2007,MYF,CA,AWP,WE,Towers with Radar,0,12,63,2,77,0,0,271,1,272,0,12,334,3,349,303,0,303,652
02/06/2007,MYF,CA,AWP,WE,Towers with Radar,0,10,95,0,105,0,1,341,0,342,0,11,436,0,447,382,0,382,829
02/07/2007,MYF,CA,AWP,WE,Towers with Radar,0,11,90,0,101,0,0,253,0,253,0,11,343,0,354,322,0,322,676
02/08/2007,MYF,CA,AWP,WE,Towers with Radar,0,9,93,0,102,0,5,307,0,312,0,14,400,0,414,262,0,262,676
02/09/2007,MYF,CA,AWP,WE,Towers with Radar,0,7,89,0,96,0,7,284,0,291,0,14,373,0,387,256,0,256,643
02/10/2007,MYF,CA,AWP,WE,Towers with Radar,0,1,95,0,96,0,2,205,0,207,0,3,300,0,303,287,0,287,590
02/11/2007,MYF,CA,AWP,WE,Towers with Radar,0,0,103,0,103,0,0,0,0,0,0,0,103,0,103,44,0,44,147
02/12/2007,MYF,CA,AWP,WE,Towers with Radar,0,13,107,0,120,0,2,173,0,175,0,15,280,0,295,331,0,331,626
02/13/2007,MYF,CA,AWP,WE,Towers with Radar,0,12,98,0,110,0,0,91,0,91,0,12,189,0,201,159,0,159,360
02/14/2007,MYF,CA,AWP,WE,Towers with Radar,0,9,108,0,117,0,0,346,2,348,0,9,454,2,465,247,0,247,712
02/15/2007,MYF,CA,AWP,WE,Towers with Radar,0,21,91,4,116,0,0,388,0,388,0,21,479,4,504,0,340,340,844
02/16/2007,MYF,CA,AWP,WE,Towers with Radar,0,7,96,0,103,0,9,420,0,429,0,16,516,0,532,462,0,462,994
02/17/2007,MYF,CA,AWP,WE,Towers with Radar,0,0,94,0,94,0,9,318,0,327,0,9,412,0,421,308,0,308,729
02/18/2007,MYF,CA,AWP,WE,Towers with Radar,0,1,79,0,80,0,1,236,0,237,0,2,315,0,317,263,0,263,580
02/19/2007,MYF,CA,AWP,WE,Towers with Radar,0,5,65,0,70,0,0,24,0,24,0,5,89,0,94,72,0,72,166
02/20/2007,MYF,CA,AWP,WE,Towers with Radar,0,10,103,0,113,0,0,260,0,260,0,10,363,0,373,568,2,570,943
02/21/2007,MYF,CA,AWP,WE,Towers with Radar,0,10,79,0,89,0,1,356,0,357,0,11,435,0,446,352,0,352,798
02/22/2007,MYF,CA,AWP,WE,Towers with Radar,0,12,89,0,101,0,0,183,0,183,0,12,272,0,284,446,0,446,730
02/23/2007,MYF,CA,AWP,WE,Towers with Radar,0,10,67,0,77,0,3,125,0,128,0,13,192,0,205,170,0,170,375
02/24/2007,MYF,CA,AWP,WE,Towers with Radar,0,0,75,0,75,0,0,417,0,417,0,0,492,0,492,286,0,286,778
02/25/2007,MYF,CA,AWP,WE,Towers with Radar,0,0,102,0,102,0,3,181,0,184,0,3,283,0,286,331,0,331,617
02/26/2007,MYF,CA,AWP,WE,Towers with Radar,0,11,106,1,118,0,2,190,0,192,0,13,296,1,310,384,0,384,694
02/27/2007,MYF,CA,AWP,WE,Towers with Radar,0,9,69,0,78,0,3,104,0,107,0,12,173,0,185,192,0,192,377
02/28/2007,MYF,CA,AWP,WE,Towers with Radar,0,13,62,0,75,0,1,191,2,194,0,14,253,2,269,317,0,317,586
03/01/2007,MYF,CA,AWP,WE,Towers with Radar,0,12,83,1,96,0,0,404,0,404,0,12,487,1,500,468,0,468,968
03/02/2007,MYF,CA,AWP,WE,Towers with Radar,0,10,60,0,70,0,1,339,0,340,0,11,399,0,410,367,0,367,777
03/03/2007,MYF,CA,AWP,WE,Towers with Radar,0,1,48,0,49,0,1,281,0,282,0,2,329,0,331,254,0,254,585
03/04/2007,MYF,CA,AWP,WE,Towers with Radar,0,0,71,0,71,0,6,288,0,294,0,6,359,0,365,440,0,440,805
03/05/2007,MYF,CA,AWP,WE,Towers with Radar,0,8,79,0,87,0,2,342,0,344,0,10,421,0,431,256,0,256,687
03/06/2007,MYF,CA,AWP,WE,Towers with Radar,0,10,84,1,95,0,2,302,0,304,0,12,386,1,399,330,0,330,729
03/07/2007,MYF,CA,AWP,WE,Towers with Radar,0,10,58,0,68,0,3,375,0,378,0,13,433,0,446,348,0,348,794
03/08/2007,MYF,CA,AWP,WE,Towers with Radar,0,10,88,2,100,0,1,350,2,353,0,11,438,4,453,272,0,272,725
03/09/2007,MYF,CA,AWP,WE,Towers with Radar,0,10,86,2,98,0,5,305,0,310,0,15,391,2,408,327,0,327,735
03/10/2007,MYF,CA,AWP,WE,Towers with Radar,0,0,71,0,71,0,2,297,0,299,0,2,368,0,370,305,0,305,675
03/11/2007,MYF,CA,AWP,WE,Towers with Radar,0,0,55,0,55,0,0,310,0,310,0,0,365,0,365,342,0,342,707
03/12/2007,MYF,CA,AWP,WE,Towers with Radar,0,9,70,0,79,0,3,334,0,337,0,12,404,0,416,385,0,385,801
03/13/2007,MYF,CA,AWP,WE,Towers with Radar,0,11,93,0,104,0,0,247,0,247,0,11,340,0,351,400,0,400,751
03/14/2007,MYF,CA,AWP,WE,Towers with Radar,0,13,88,0,101,0,1,228,0,229,0,14,316,0,330,309,0,309,639
03/15/2007,MYF,CA,AWP,WE,Towers with Radar,0,11,89,0,100,0,4,277,0,281,0,15,366,0,381,382,0,382,763
03/16/2007,MYF,CA,AWP,WE,Towers with Radar,0,11,95,0,106,0,7,213,0,220,0,18,308,0,326,167,0,167,493
03/17/2007,MYF,CA,AWP,WE,Towers with Radar,0,4,67,0,71,0,2,207,0,209,0,6,274,0,280,118,0,118,398
03/18/2007,MYF,CA,AWP,WE,Towers with Radar,0,1,141,0,142,0,0,94,0,94,0,1,235,0,236,224,0,224,460
03/19/2007,MYF,CA,AWP,WE,Towers with Radar,0,19,108,0,127,0,0,217,2,219,0,19,325,2,346,278,0,278,624
03/20/2007,MYF,CA,AWP,WE,Towers with Radar,0,11,117,2,130,0,1,71,0,72,0,12,188,2,202,308,0,308,510
03/21/2007,MYF,CA,AWP,WE,Towers with Radar,0,12,99,0,111,0,5,141,0,146,0,17,240,0,257,288,0,288,545
03/22/2007,MYF,CA,AWP,WE,Towers with Radar,0,17,89,0,106,0,6,320,0,326,0,23,409,0,432,355,0,355,787
03/23/2007,MYF,CA,AWP,WE,Towers with Radar,0,14,104,0,118,0,3,303,0,306,0,17,407,0,424,384,0,384,808
03/24/2007,MYF,CA,AWP,WE,Towers with Radar,0,2,54,0,56,0,1,251,0,252,0,3,305,0,308,168,0,168,476
03/25/2007,MYF,CA,AWP,WE,Towers with Radar,0,1,105,0,106,0,0,148,0,148,0,1,253,0,254,148,0,148,402
03/26/2007,MYF,CA,AWP,WE,Towers with Radar,0,13,104,0,117,0,0,81,0,81,0,13,185,0,198,316,0,316,514
03/27/2007,MYF,CA,AWP,WE,Towers with Radar,0,13,37,2,52,0,1,49,0,50,0,14,86,2,102,32,0,32,134
03/28/2007,MYF,CA,AWP,WE,Towers with Radar,0,12,74,0,86,0,1,350,0,351,0,13,424,0,437,350,4,354,791
03/29/2007,MYF,CA,AWP,WE,Towers with Radar,0,14,73,0,87,0,0,370,4,374,0,14,443,4,461,329,1,330,791
03/30/2007,MYF,CA,AWP,WE,Towers with Radar,0,9,74,0,83,0,6,443,0,449,0,15,517,0,532,212,0,212,744
03/31/2007,MYF,CA,AWP,WE,Towers with Radar,0,2,75,0,77,0,1,324,0,325,0,3,399,0,402,263,3,266,668
04/01/2007,MYF,CA,AWP,WE,Towers with Radar,0,0,78,0,78,0,1,295,0,296,0,1,373,0,374,282,0,282,656
04/02/2007,MYF,CA,AWP,WE,Towers with Radar,0,9,74,0,83,0,4,188,0,192,0,13,262,0,275,388,0,388,663
04/03/2007,MYF,CA,AWP,WE,Towers with Radar,0,9,78,0,87,0,4,275,1,280,0,13,353,1,367,494,0,494,861
04/04/2007,MYF,CA,AWP,WE,Towers with Radar,0,12,96,0,108,0,7,246,0,253,0,19,342,0,361,514,0,514,875
04/05/2007,MYF,CA,AWP,WE,Towers with Radar,0,24,89,2,115,0,22,247,0,269,0,46,336,2,384,356,0,356,740
04/06/2007,MYF,CA,AWP,WE,Towers with Radar,0,11,133,0,144,0,1,136,0,137,0,12,269,0,281,312,0,312,593
04/07/2007,MYF,CA,AWP,WE,Towers with Radar,0,0,127,0,127,0,2,85,0,87,0,2,212,0,214,480,0,480,694
04/08/2007,MYF,CA,AWP,WE,Towers with Radar,0,2,79,0,81,0,1,20,0,21,0,3,99,0,102,34,0,34,136
04/09/2007,MYF,CA,AWP,WE,Towers with Radar,0,12,107,0,119,0,0,192,0,192,0,12,299,0,311,358,0,358,669
04/10/2007,MYF,CA,AWP,WE,Towers with Radar,0,10,80,0,90,0,0,302,0,302,0,10,382,0,392,373,0,373,765
04/11/2007,MYF,CA,AWP,WE,Towers with Radar,0,11,86,0,97,0,1,195,2,198,0,12,281,2,295,154,2,156,451
04/12/2007,MYF,CA,AWP,WE,Towers with Radar,0,14,108,0,122,0,0,83,0,83,0,14,191,0,205,204,0,204,409
04/13/2007,MYF,CA,AWP,WE,Towers with Radar,0,11,76,0,87,0,4,362,0,366,0,15,438,0,453,239,0,239,692
04/14/2007,MYF,CA,AWP,WE,Towers with Radar,0,0,67,0,67,0,0,305,0,305,0,0,372,0,372,240,0,240,612
04/15/2007,MYF,CA,AWP,WE,Towers with Radar,0,1,50,0,51,0,4,144,0,148,0,5,194,0,199,370,0,370,569
04/16/2007,MYF,CA,AWP,WE,Towers with Radar,0,9,59,0,68,0,3,192,0,195,0,12,251,0,263,392,0,392,655
04/17/2007,MYF,CA,AWP,WE,Towers with Radar,0,11,103,0,114,0,0,266,0,266,0,11,369,0,380,392,0,392,772
04/18/2007,MYF,CA,AWP,WE,Towers with Radar,0,6,94,0,100,0,11,201,0,212,0,17,295,0,312,284,0,284,596
04/19/2007,MYF,CA,AWP,WE,Towers with Radar,0,0,0,0,0,0,11,380,0,391,0,11,380,0,391,326,0,326,717
04/20/2007,MYF,CA,AWP,WE,Towers with Radar,0,9,59,0,68,0,2,66,0,68,0,11,125,0,136,107,1,108,244
04/21/2007,MYF,CA,AWP,WE,Towers with Radar,0,0,69,0,69,0,4,240,0,244,0,4,309,0,313,310,0,310,623
04/22/2007,MYF,CA,AWP,WE,Towers with Radar,0,1,84,0,85,0,1,152,0,153,0,2,236,0,238,363,0,363,601
04/23/2007,MYF,CA,AWP,WE,Towers with Radar,0,12,96,0,108,0,1,202,0,203,0,13,298,0,311,216,0,216,527
04/24/2007,MYF,CA,AWP,WE,Towers with Radar,0,8,78,0,86,0,4,382,0,386,0,12,460,0,472,254,0,254,726
04/25/2007,MYF,CA,AWP,WE,Towers with Radar,0,5,80,0,85,0,22,279,0,301,0,27,359,0,386,25,2,27,413
04/26/2007,MYF,CA,AWP,WE,Towers with Radar,0,9,105,0,114,0,2,264,0,266,0,11,369,0,380,324,0,324,704
04/27/2007,MYF,CA,AWP,WE,Towers with Radar,0,9,61,0,70,0,4,291,0,295,0,13,352,0,365,120,0,120,485
04/28/2007,MYF,CA,AWP,WE,Towers with Radar,0,0,78,0,78,0,3,252,0,255,0,3,330,0,333,133,0,133,466
04/29/2007,MYF,CA,AWP,WE,Towers with Radar,0,1,118,0,119,0,1,115,0,116,0,2,233,0,235,106,0,106,341
04/30/2007,MYF,CA,AWP,WE,Towers with Radar,0,5,103,0,108,0,4,250,1,255,0,9,353,1,363,260,0,260,623
05/01/2007,MYF,CA,AWP,WE,Towers with Radar,0,11,89,0,100,0,4,76,0,80,0,15,165,0,180,154,0,154,334
05/02/2007,MYF,CA,AWP,WE,Towers with Radar,0,11,114,0,125,0,1,212,0,213,0,12,326,0,338,238,0,238,576
05/03/2007,MYF,CA,AWP,WE,Towers with Radar,0,10,79,1,90,0,0,293,0,293,0,10,372,1,383,280,0,280,663
05/04/2007,MYF,CA,AWP,WE,Towers with Radar,0,15,95,0,110,0,2,212,0,214,0,17,307,0,324,224,0,224,548
05/05/2007,MYF,CA,AWP,WE,Towers with Radar,0,0,61,0,61,0,1,227,0,228,0,1,288,0,289,225,0,225,514
05/06/2007,MYF,CA,AWP,WE,Towers with Radar,0,2,66,0,68,0,0,278,0,278,0,2,344,0,346,128,0,128,474
05/07/2007,MYF,CA,AWP,WE,Towers with Radar,0,7,71,0,78,0,5,291,0,296,0,12,362,0,374,296,0,296,670
05/08/2007,MYF,CA,AWP,WE,Towers with Radar,0,9,71,0,80,0,3,348,0,351,0,12,419,0,431,284,0,284,715
05/09/2007,MYF,CA,AWP,WE,Towers with Radar,0,8,84,0,92,0,3,308,0,311,0,11,392,0,403,237,0,237,640
05/10/2007,MYF,CA,AWP,WE,Towers with Radar,0,9,80,0,89,0,3,282,0,285,0,12,362,0,374,228,0,228,602
05/11/2007,MYF,CA,AWP,WE,Towers with Radar,0,7,103,1,111,0,7,324,1,332,0,14,427,2,443,128,0,128,571
05/12/2007,MYF,CA,AWP,WE,Towers with Radar,0,1,64,0,65,0,2,315,0,317,0,3,379,0,382,211,0,211,593
05/13/2007,MYF,CA,AWP,WE,Towers with Radar,0,0,57,0,57,0,4,285,0,289,0,4,342,0,346,170,0,170,516
05/14/2007,MYF,CA,AWP,WE,Towers with Radar,0,7,80,0,87,0,5,245,0,250,0,12,325,0,337,255,0,255,592
05/15/2007,MYF,CA,AWP,WE,Towers with Radar,0,7,125,0,132,0,2,154,0,156,0,9,279,0,288,320,0,320,608
05/16/2007,MYF,CA,AWP,WE,Towers with Radar,0,9,174,0,183,0,3,107,2,112,0,12,281,2,295,280,0,280,575
05/17/2007,MYF,CA,AWP,WE,Towers with Radar,0,12,128,0,140,0,0,176,0,176,0,12,304,0,316,210,0,210,526
05/18/2007,MYF,CA,AWP,WE,Towers with Radar,0,9,96,0,105,0,0,221,0,221,0,9,317,0,326,300,0,300,626
05/19/2007,MYF,CA,AWP,WE,Towers with Radar,0,1,74,0,75,0,1,110,0,111,0,2,184,0,186,170,0,170,356
05/20/2007,MYF,CA,AWP,WE,Towers with Radar,0,1,121,0,122,0,5,120,0,125,0,6,241,0,247,308,0,308,555
05/21/2007,MYF,CA,AWP,WE,Towers with Radar,0,9,122,0,131,0,1,96,0,97,0,10,218,0,228,272,0,272,500
05/22/2007,MYF,CA,AWP,WE,Towers with Radar,0,8,105,0,113,0,0,166,0,166,0,8,271,0,279,266,0,266,545
05/23/2007,MYF,CA,AWP,WE,Towers with Radar,0,9,109,0,118,0,1,245,0,246,0,10,354,0,364,230,0,230,594
05/24/2007,MYF,CA,AWP,WE,Towers with Radar,0,8,122,0,130,0,0,241,0,241,0,8,363,0,371,149,0,149,520
05/25/2007,MYF,CA,AWP,WE,Towers with Radar,0,11,141,1,153,0,2,190,0,192,0,13,331,1,345,240,0,240,585
05/26/2007,MYF,CA,AWP,WE,Towers with Radar,0,2,92,0,94,0,1,218,0,219,0,3,310,0,313,184,0,184,497
05/27/2007,MYF,CA,AWP,WE,Towers with Radar,0,4,63,0,67,0,0,225,0,225,0,4,288,0,292,302,0,302,594
05/28/2007,MYF,CA,AWP,WE,Towers with Radar,0,2,107,0,109,0,1,321,0,322,0,3,428,0,431,324,0,324,755
05/29/2007,MYF,CA,AWP,WE,Towers with Radar,0,7,100,0,107,0,2,195,0,197,0,9,295,0,304,336,0,336,640
05/30/2007,MYF,CA,AWP,WE,Towers with Radar,0,7,115,0,122,0,6,290,0,296,0,13,405,0,418,399,0,399,817
05/31/2007,MYF,CA,AWP,WE,Towers with Radar,0,6,108,0,114,0,3,269,0,272,0,9,377,0,386,278,0,278,664
06/01/2007,MYF,CA,AWP,WE,Towers with Radar,0,9,114,0,123,0,0,224,0,224,0,9,338,0,347,396,0,396,743
06/02/2007,MYF,CA,AWP,WE,Towers with Radar,0,0,126,0,126,0,0,65,0,65,0,0,191,0,191,188,0,188,379
06/03/2007,MYF,CA,AWP,WE,Towers with Radar,0,1,101,0,102,0,0,177,0,177,0,1,278,0,279,132,0,132,411
06/04/2007,MYF,CA,AWP,WE,Towers with Radar,0,9,84,0,93,0,2,202,0,204,0,11,286,0,297,266,0,266,563
06/05/2007,MYF,CA,AWP,WE,Towers with Radar,0,6,123,0,129,0,20,118,1,139,0,26,241,1,268,278,0,278,546
06/06/2007,MYF,CA,AWP,WE,Towers with Radar,0,9,105,0,114,0,4,227,0,231,0,13,332,0,345,246,0,246,591
06/07/2007,MYF,CA,AWP,WE,Towers with Radar,0,13,87,0,100,0,4,310,0,314,0,17,397,0,414,372,0,372,786
06/08/2007,MYF,CA,AWP,WE,Towers with Radar,0,10,79,0,89,0,2,200,0,202,0,12,279,0,291,264,0,264,555
06/09/2007,MYF,CA,AWP,WE,Towers with Radar,0,1,80,0,81,0,2,226,0,228,0,3,306,0,309,130,0,130,439
06/10/2007,MYF,CA,AWP,WE,Towers with Radar,0,0,77,0,77,0,1,200,0,201,0,1,277,0,278,377,0,377,655
06/11/2007,MYF,CA,AWP,WE,Towers with Radar,0,11,93,0,104,0,0,205,0,205,0,11,298,0,309,196,0,196,505
06/12/2007,MYF,CA,AWP,WE,Towers with Radar,0,11,92,0,103,0,5,376,3,384,0,16,468,3,487,400,0,400,887
06/13/2007,MYF,CA,AWP,WE,Towers with Radar,0,10,89,0,99,0,3,350,0,353,0,13,439,0,452,354,0,354,806
06/14/2007,MYF,CA,AWP,WE,Towers with Radar,0,9,79,0,88,0,1,299,0,300,0,10,378,0,388,302,0,302,690
06/15/2007,MYF,CA,AWP,WE,Towers with Radar,0,10,70,0,80,0,2,254,0,256,0,12,324,0,336,134,0,134,470
06/17/2007,MYF,CA,AWP,WE,Towers with Radar,0,3,63,1,67,0,0,245,0,245,0,3,308,1,312,220,1,221,533
06/18/2007,MYF,CA,AWP,WE,Towers with Radar,0,10,67,0,77,0,2,312,0,314,0,12,379,0,391,346,0,346,737
06/19/2007,MYF,CA,AWP,WE,Towers with Radar,0,12,73,0,85,0,2,279,0,281,0,14,352,0,366,329,0,329,695
06/20/2007,MYF,CA,AWP,WE,Towers with Radar,0,12,72,0,84,0,1,379,0,380,0,13,451,0,464,278,0,278,742
06/21/2007,MYF,CA,AWP,WE,Towers with Radar,0,12,9,0,21,0,0,317,0,317,0,12,326,0,338,220,0,220,558
06/22/2007,MYF,CA,AWP,WE,Towers with Radar,0,9,97,0,106,0,1,298,1,300,0,10,395,1,406,322,0,322,728
06/23/2007,MYF,CA,AWP,WE,Towers with Radar,0,0,81,0,81,0,0,197,0,197,0,0,278,0,278,203,0,203,481
06/24/2007,MYF,CA,AWP,WE,Towers with Radar,0,1,64,0,65,0,0,227,0,227,0,1,291,0,292,124,0,124,416
06/25/2007,MYF,CA,AWP,WE,Towers with Radar,0,4,75,0,79,0,7,299,2,308,0,11,374,2,387,108,0,108,495
06/26/2007,MYF,CA,AWP,WE,Towers with Radar,0,11,79,0,90,0,3,296,0,299,0,14,375,0,389,275,0,275,664
06/27/2007,MYF,CA,AWP,WE,Towers with Radar,0,11,78,0,89,0,3,229,0,232,0,14,307,0,321,285,0,285,606
06/28/2007,MYF,CA,AWP,WE,Towers with Radar,0,11,95,0,106,0,1,235,0,236,0,12,330,0,342,262,0,262,604
06/29/2007,MYF,CA,AWP,WE,Towers with Radar,0,7,86,0,93,0,0,295,0,295,0,7,381,0,388,217,0,217,605
06/30/2007,MYF,CA,AWP,WE,Towers with Radar,0,2,80,0,82,0,1,212,0,213,0,3,292,0,295,188,0,188,483
07/01/2007,MYF,CA,AWP,WE,Towers with Radar,0,1,54,0,55,0,0,282,0,282,0,1,336,0,337,273,0,273,610
07/02/2007,MYF,CA,AWP,WE,Towers with Radar,0,7,70,0,77,0,2,300,0,302,0,9,370,0,379,343,0,343,722
07/03/2007,MYF,CA,AWP,WE,Towers with Radar,0,7,87,0,94,0,6,309,0,315,0,13,396,0,409,342,0,342,751
07/04/2007,MYF,CA,AWP,WE,Towers with Radar,0,0,34,0,34,0,3,208,2,213,0,3,242,2,247,157,0,157,404
07/05/2007,MYF,CA,AWP,WE,Towers with Radar,0,8,130,0,138,0,0,187,0,187,0,8,317,0,325,140,2,142,467
07/06/2007,MYF,CA,AWP,WE,Towers with Radar,0,6,73,1,80,0,7,287,2,296,0,13,360,3,376,298,0,298,674
07/07/2007,MYF,CA,AWP,WE,Towers with Radar,0,4,75,0,79,0,3,209,0,212,0,7,284,0,291,244,0,244,535
07/08/2007,MYF,CA,AWP,WE,Towers with Radar,0,0,88,0,88,0,0,191,0,191,0,0,279,0,279,167,0,167,446
07/09/2007,MYF,CA,AWP,WE,Towers with Radar,0,3,106,0,109,0,7,185,0,192,0,10,291,0,301,286,0,286,587
07/10/2007,MYF,CA,AWP,WE,Towers with Radar,0,9,99,0,108,0,6,191,1,198,0,15,290,1,306,256,0,256,562
07/11/2007,MYF,CA,AWP,WE,Towers with Radar,0,8,91,2,101,0,2,312,0,314,0,10,403,2,415,227,0,227,642
07/12/2007,MYF,CA,AWP,WE,Towers with Radar,0,11,93,0,104,0,9,360,0,369,0,20,453,0,473,305,0,305,778
07/13/2007,MYF,CA,AWP,WE,Towers with Radar,0,9,106,0,115,0,5,317,0,322,0,14,423,0,437,238,0,238,675
07/14/2007,MYF,CA,AWP,WE,Towers with Radar,0,3,71,0,74,0,0,307,0,307,0,3,378,0,381,206,0,206,587
07/15/2007,MYF,CA,AWP,WE,Towers with Radar,0,4,70,0,74,0,0,249,0,249,0,4,319,0,323,128,0,128,451
07/16/2007,MYF,CA,AWP,WE,Towers with Radar,0,11,95,0,106,0,2,249,0,251,0,13,344,0,357,240,0,240,597
07/17/2007,MYF,CA,AWP,WE,Towers with Radar,0,15,94,0,109,0,0,220,0,220,0,15,314,0,329,244,0,244,573
07/18/2007,MYF,CA,AWP,WE,Towers with Radar,0,5,86,0,91,0,6,320,2,328,0,11,406,2,419,251,0,251,670
07/19/2007,MYF,CA,AWP,WE,Towers with Radar,0,11,90,0,101,0,1,358,0,359,0,12,448,0,460,218,0,218,678
07/20/2007,MYF,CA,AWP,WE,Towers with Radar,0,9,121,0,130,0,1,206,0,207,0,10,327,0,337,240,0,240,577
07/21/2007,MYF,CA,AWP,WE,Towers with Radar,0,0,88,0,88,0,0,226,0,226,0,0,314,0,314,170,0,170,484
07/22/2007,MYF,CA,AWP,WE,Towers with Radar,0,0,82,0,82,0,2,217,0,219,0,2,299,0,301,200,0,200,501
07/23/2007,MYF,CA,AWP,WE,Towers with Radar,0,6,94,0,100,0,3,239,0,242,0,9,333,0,342,322,0,322,664
07/24/2007,MYF,CA,AWP,WE,Towers with Radar,0,12,62,0,74,0,1,275,0,276,0,13,337,0,350,244,0,244,594
07/25/2007,MYF,CA,AWP,WE,Towers with Radar,0,9,87,0,96,0,0,325,0,325,0,9,412,0,421,269,0,269,690
07/26/2007,MYF,CA,AWP,WE,Towers with Radar,0,12,82,0,94,0,4,291,0,295,0,16,373,0,389,457,0,457,846
07/27/2007,MYF,CA,AWP,WE,Towers with Radar,0,13,78,0,91,0,2,252,2,256,0,15,330,2,347,198,0,198,545
07/28/2007,MYF,CA,AWP,WE,Towers with Radar,0,0,77,0,77,0,2,272,0,274,0,2,349,0,351,244,0,244,595
07/29/2007,MYF,CA,AWP,WE,Towers with Radar,0,0,61,0,61,0,0,275,0,275,0,0,336,0,336,190,0,190,526
07/30/2007,MYF,CA,AWP,WE,Towers with Radar,0,6,26,0,32,0,1,0,0,1,0,7,26,0,33,276,0,276,309
07/31/2007,MYF,CA,AWP,WE,Towers with Radar,0,12,17,0,29,0,0,304,0,304,0,12,321,0,333,354,0,354,687
08/01/2007,MYF,CA,AWP,WE,Towers with Radar,0,5,81,0,86,0,11,297,0,308,0,16,378,0,394,276,0,276,670
08/02/2007,MYF,CA,AWP,WE,Towers with Radar,0,12,77,0,89,0,1,372,0,373,0,13,449,0,462,294,0,294,756
08/03/2007,MYF,CA,AWP,WE,Towers with Radar,0,13,91,0,104,0,0,244,0,244,0,13,335,0,348,166,0,166,514
08/04/2007,MYF,CA,AWP,WE,Towers with Radar,0,0,69,0,69,0,0,281,0,281,0,0,350,0,350,176,0,176,526
08/05/2007,MYF,CA,AWP,WE,Towers with Radar,0,0,85,0,85,0,0,291,0,291,0,0,376,0,376,280,0,280,656
08/06/2007,MYF,CA,AWP,WE,Towers with Radar,0,10,77,0,87,0,0,362,0,362,0,10,439,0,449,230,0,230,679
08/07/2007,MYF,CA,AWP,WE,Towers with Radar,0,8,93,0,101,0,5,275,0,280,0,13,368,0,381,380,0,380,761
08/08/2007,MYF,CA,AWP,WE,Towers with Radar,0,7,92,0,99,0,4,286,0,290,0,11,378,0,389,480,0,480,869
08/09/2007,MYF,CA,AWP,WE,Towers with Radar,0,10,91,0,101,0,0,268,2,270,0,10,359,2,371,231,0,231,602
08/10/2007,MYF,CA,AWP,WE,Towers with Radar,0,12,82,0,94,0,4,207,0,211,0,16,289,0,305,176,0,176,481
08/11/2007,MYF,CA,AWP,WE,Towers with Radar,0,1,70,0,71,0,1,180,0,181,0,2,250,0,252,184,0,184,436
08/12/2007,MYF,CA,AWP,WE,Towers with Radar,0,0,76,0,76,0,1,368,0,369,0,1,444,0,445,255,0,255,700
08/13/2007,MYF,CA,AWP,WE,Towers with Radar,0,7,79,0,86,0,0,312,0,312,0,7,391,0,398,279,0,279,677
08/14/2007,MYF,CA,AWP,WE,Towers with Radar,0,10,89,0,99,0,0,269,0,269,0,10,358,0,368,324,0,324,692
08/15/2007,MYF,CA,AWP,WE,Towers with Radar,0,18,82,0,100,0,0,379,0,379,0,18,461,0,479,273,0,273,752
08/16/2007,MYF,CA,AWP,WE,Towers with Radar,0,8,62,0,70,0,2,371,0,373,0,10,433,0,443,376,0,376,819
08/17/2007,MYF,CA,AWP,WE,Towers with Radar,0,12,80,0,92,0,4,339,3,346,0,16,419,3,438,285,0,285,723
08/18/2007,MYF,CA,AWP,WE,Towers with Radar,0,1,59,0,60,0,7,267,0,274,0,8,326,0,334,228,0,228,562
08/19/2007,MYF,CA,AWP,WE,Towers with Radar,0,3,70,0,73,0,0,293,0,293,0,3,363,0,366,217,0,217,583
08/20/2007,MYF,CA,AWP,WE,Towers with Radar,0,9,67,0,76,0,7,310,0,317,0,16,377,0,393,274,0,274,667
08/21/2007,MYF,CA,AWP,WE,Towers with Radar,0,10,44,0,54,0,0,330,0,330,0,10,374,0,384,341,0,341,725
08/22/2007,MYF,CA,AWP,WE,Towers with Radar,0,11,65,0,76,0,1,326,0,327,0,12,391,0,403,386,0,386,789
08/23/2007,MYF,CA,AWP,WE,Towers with Radar,0,12,63,0,75,0,2,278,0,280,0,14,341,0,355,291,0,291,646
08/24/2007,MYF,CA,AWP,WE,Towers with Radar,0,13,93,0,106,0,3,231,4,238,0,16,324,4,344,241,0,241,585
08/25/2007,MYF,CA,AWP,WE,Towers with Radar,0,1,59,0,60,0,1,177,0,178,0,2,236,0,238,220,0,220,458
08/26/2007,MYF,CA,AWP,WE,Towers with Radar,0,1,47,0,48,0,0,217,0,217,0,1,264,0,265,291,0,291,556
08/27/2007,MYF,CA,AWP,WE,Towers with Radar,0,5,51,0,56,0,2,324,3,329,0,7,375,3,385,296,0,296,681
08/28/2007,MYF,CA,AWP,WE,Towers with Radar,0,9,56,0,65,0,0,318,0,318,0,9,374,0,383,377,0,377,760
08/29/2007,MYF,CA,AWP,WE,Towers with Radar,0,6,68,0,74,0,7,366,0,373,0,13,434,0,447,374,0,374,821
08/30/2007,MYF,CA,AWP,WE,Towers with Radar,0,11,77,0,88,0,2,309,3,314,0,13,386,3,402,254,0,254,656
08/31/2007,MYF,CA,AWP,WE,Towers with Radar,0,11,61,0,72,0,0,312,0,312,0,11,373,0,384,223,0,223,607
09/01/2007,MYF,CA,AWP,WE,Towers with Radar,0,1,37,0,38,0,4,288,0,292,0,5,325,0,330,313,0,313,643
09/02/2007,MYF,CA,AWP,WE,Towers with Radar,0,0,49,0,49,0,8,179,0,187,0,8,228,0,236,214,0,214,450
09/03/2007,MYF,CA,AWP,WE,Towers with Radar,0,1,65,0,66,0,0,345,0,345,0,1,410,0,411,233,0,233,644
09/04/2007,MYF,CA,AWP,WE,Towers with Radar,0,3,54,0,57,0,3,321,0,324,0,6,375,0,381,394,0,394,775
09/05/2007,MYF,CA,AWP,WE,Towers with Radar,0,8,68,0,76,0,5,259,0,264,0,13,327,0,340,168,2,170,510
09/06/2007,MYF,CA,AWP,WE,Towers with Radar,0,11,64,0,75,0,3,273,0,276,0,14,337,0,351,388,2,390,741
09/07/2007,MYF,CA,AWP,WE,Towers with Radar,0,9,62,0,71,0,2,306,0,308,0,11,368,0,379,312,0,312,691
09/08/2007,MYF,CA,AWP,WE,Towers with Radar,0,0,46,0,46,0,0,314,0,314,0,0,360,0,360,269,0,269,629
09/09/2007,MYF,CA,AWP,WE,Towers with Radar,0,2,61,0,63,0,2,184,0,186,0,4,245,0,249,228,2,230,479
09/10/2007,MYF,CA,AWP,WE,Towers with Radar,0,3,48,0,51,0,6,328,0,334,0,9,376,0,385,301,0,301,686
09/11/2007,MYF,CA,AWP,WE,Towers with Radar,0,7,77,0,84,0,2,342,0,344,0,9,419,0,428,238,0,238,666
09/12/2007,MYF,CA,AWP,WE,Towers with Radar,0,5,54,0,59,0,3,367,0,370,0,8,421,0,429,375,0,375,804
09/13/2007,MYF,CA,AWP,WE,Towers with Radar,0,7,62,0,69,0,10,311,0,321,0,17,373,0,390,286,0,286,676
09/14/2007,MYF,CA,AWP,WE,Towers with Radar,0,9,56,0,65,0,2,352,0,354,0,11,408,0,419,261,0,261,680
09/15/2007,MYF,CA,AWP,WE,Towers with Radar,0,1,45,0,46,0,0,288,1,289,0,1,333,1,335,228,0,228,563
09/16/2007,MYF,CA,AWP,WE,Towers with Radar,0,3,43,0,46,0,0,334,2,336,0,3,377,2,382,244,0,244,626
09/17/2007,MYF,CA,AWP,WE,Towers with Radar,0,10,63,0,73,0,0,250,0,250,0,10,313,0,323,298,0,298,621
09/18/2007,MYF,CA,AWP,WE,Towers with Radar,0,4,91,0,95,0,7,373,0,380,0,11,464,0,475,456,2,458,933
09/19/2007,MYF,CA,AWP,WE,Towers with Radar,0,10,89,0,99,0,0,156,0,156,0,10,245,0,255,320,0,320,575
09/20/2007,MYF,CA,AWP,WE,Towers with Radar,0,12,73,0,85,0,0,249,0,249,0,12,322,0,334,313,0,313,647
09/21/2007,MYF,CA,AWP,WE,Towers with Radar,0,6,54,0,60,0,4,238,0,242,0,10,292,0,302,168,0,168,470
09/22/2007,MYF,CA,AWP,WE,Towers with Radar,0,1,46,0,47,0,0,62,0,62,0,1,108,0,109,48,0,48,157
09/23/2007,MYF,CA,AWP,WE,Towers with Radar,0,1,97,0,98,0,1,227,2,230,0,2,324,2,328,197,0,197,525
09/24/2007,MYF,CA,AWP,WE,Towers with Radar,0,9,34,0,43,0,5,337,0,342,0,14,371,0,385,356,0,356,741
09/25/2007,MYF,CA,AWP,WE,Towers with Radar,0,11,59,0,70,0,2,327,0,329,0,13,386,0,399,271,0,271,670
09/26/2007,MYF,CA,AWP,WE,Towers with Radar,0,8,67,0,75,0,1,391,2,394,0,9,458,2,469,416,2,418,887
09/27/2007,MYF,CA,AWP,WE,Towers with Radar,0,6,87,0,93,0,0,320,0,320,0,6,407,0,413,429,0,429,842
09/28/2007,MYF,CA,AWP,WE,Towers with Radar,0,11,107,0,118,0,1,144,0,145,0,12,251,0,263,288,0,288,551
09/29/2007,MYF,CA,AWP,WE,Towers with Radar,0,3,73,0,76,0,1,219,0,220,0,4,292,0,296,228,0,228,524
09/30/2007,MYF,CA,AWP,WE,Towers with Radar,0,0,66,0,66,0,1,347,1,349,0,1,413,1,415,128,0,128,543
10/01/2007,MYF,CA,AWP,WE,Towers with Radar,0,7,65,0,72,0,3,279,0,282,0,10,344,0,354,347,0,347,701
10/02/2007,MYF,CA,AWP,WE,Towers with Radar,0,12,82,0,94,0,4,365,0,369,0,16,447,0,463,465,0,465,928
10/03/2007,MYF,CA,AWP,WE,Towers with Radar,0,8,53,2,63,0,3,394,0,397,0,11,447,2,460,507,0,507,967
10/04/2007,MYF,CA,AWP,WE,Towers with Radar,0,11,113,0,124,0,4,204,1,209,0,15,317,1,333,106,0,106,439
10/05/2007,MYF,CA,AWP,WE,Towers with Radar,0,13,88,0,101,0,0,214,0,214,0,13,302,0,315,232,0,232,547
10/06/2007,MYF,CA,AWP,WE,Towers with Radar,0,0,55,0,55,0,0,241,1,242,0,0,296,1,297,297,0,297,594
10/07/2007,MYF,CA,AWP,WE,Towers with Radar,0,1,42,0,43,0,0,243,0,243,0,1,285,0,286,182,0,182,468
10/08/2007,MYF,CA,AWP,WE,Towers with Radar,0,1,65,0,66,0,2,343,0,345,0,3,408,0,411,372,0,372,783
10/09/2007,MYF,CA,AWP,WE,Towers with Radar,0,11,81,0,92,0,0,420,0,420,0,11,501,0,512,321,0,321,833
10/10/2007,MYF,CA,AWP,WE,Towers with Radar,0,8,82,0,90,0,0,357,0,357,0,8,439,0,447,435,0,435,882
10/11/2007,MYF,CA,AWP,WE,Towers with Radar,0,8,61,0,69,0,1,306,0,307,0,9,367,0,376,286,0,286,662
10/12/2007,MYF,CA,AWP,WE,Towers with Radar,0,10,74,0,84,0,1,211,0,212,0,11,285,0,296,281,0,281,577
10/13/2007,MYF,CA,AWP,WE,Towers with Radar,0,1,49,0,50,0,1,24,0,25,0,2,73,0,75,25,0,25,100
10/14/2007,MYF,CA,AWP,WE,Towers with Radar,0,0,17,0,17,0,0,198,0,198,0,0,215,0,215,57,0,57,272
10/15/2007,MYF,CA,AWP,WE,Towers with Radar,0,7,143,0,150,0,2,142,1,145,0,9,285,1,295,240,0,240,535
10/16/2007,MYF,CA,AWP,WE,Towers with Radar,0,15,115,0,130,0,2,237,0,239,0,17,352,0,369,354,0,354,723
10/17/2007,MYF,CA,AWP,WE,Towers with Radar,0,10,86,0,96,0,2,131,0,133,0,12,217,0,229,286,0,286,515
10/18/2007,MYF,CA,AWP,WE,Towers with Radar,0,11,84,0,95,0,2,409,0,411,0,13,493,0,506,315,0,315,821
10/19/2007,MYF,CA,AWP,WE,Towers with Radar,0,0,0,0,0,0,11,468,0,479,0,11,468,0,479,387,0,387,866
10/20/2007,MYF,CA,AWP,WE,Towers with Radar,0,0,0,0,0,0,0,458,0,458,0,0,458,0,458,209,0,209,667
10/21/2007,MYF,CA,AWP,WE,Towers with Radar,0,0,0,0,0,0,3,197,0,200,0,3,197,0,200,94,0,94,294
10/22/2007,MYF,CA,AWP,WE,Towers with Radar,0,0,0,0,0,0,8,145,0,153,0,8,145,0,153,0,0,0,153
10/23/2007,MYF,CA,AWP,WE,Towers with Radar,0,10,31,0,41,0,0,61,0,61,0,10,92,0,102,9,0,9,111
10/24/2007,MYF,CA,AWP,WE,Towers with Radar,0,9,29,0,38,0,0,150,0,150,0,9,179,0,188,0,0,0,188
10/25/2007,MYF,CA,AWP,WE,Towers with Radar,0,9,47,0,56,0,5,98,2,105,0,14,145,2,161,0,0,0,161
10/26/2007,MYF,CA,AWP,WE,Towers with Radar,0,10,57,0,67,0,5,190,2,197,0,15,247,2,264,102,0,102,366
10/27/2007,MYF,CA,AWP,WE,Towers with Radar,0,1,57,0,58,0,4,230,0,234,0,5,287,0,292,356,0,356,648
10/28/2007,MYF,CA,AWP,WE,Towers with Radar,0,2,56,0,58,0,0,245,0,245,0,2,301,0,303,230,0,230,533
10/29/2007,MYF,CA,AWP,WE,Towers with Radar,0,8,61,0,69,0,2,341,0,343,0,10,402,0,412,328,0,328,740
10/30/2007,MYF,CA,AWP,WE,Towers with Radar,0,13,105,0,118,0,3,313,1,317,0,16,418,1,435,329,0,329,764
10/31/2007,MYF,CA,AWP,WE,Towers with Radar,0,6,48,0,54,0,5,346,2,353,0,11,394,2,407,917,0,917,1324
11/01/2007,MYF,CA,AWP,WE,Towers with Radar,0,8,134,0,142,0,0,43,2,45,0,8,177,2,187,60,0,60,247
11/02/2007,MYF,CA,AWP,WE,Towers with Radar,0,12,132,0,144,0,8,195,2,205,0,20,327,2,349,103,0,103,452
11/03/2007,MYF,CA,AWP,WE,Towers with Radar,0,1,65,0,66,0,0,286,0,286,0,1,351,0,352,384,0,384,736
11/04/2007,MYF,CA,AWP,WE,Towers with Radar,0,2,66,0,68,0,0,228,1,229,0,2,294,1,297,306,5,311,608
11/05/2007,MYF,CA,AWP,WE,Towers with Radar,0,9,105,0,114,0,0,178,0,178,0,9,283,0,292,284,0,284,576
11/06/2007,MYF,CA,AWP,WE,Towers with Radar,0,10,156,0,166,0,2,116,0,118,0,12,272,0,284,163,0,163,447
11/07/2007,MYF,CA,AWP,WE,Towers with Radar,0,11,153,0,164,0,1,111,0,112,0,12,264,0,276,193,0,193,469
11/08/2007,MYF,CA,AWP,WE,Towers with Radar,0,9,173,0,182,0,1,157,0,158,0,10,330,0,340,341,0,341,681
11/09/2007,MYF,CA,AWP,WE,Towers with Radar,0,14,129,0,143,0,2,217,0,219,0,16,346,0,362,291,0,291,653
11/10/2007,MYF,CA,AWP,WE,Towers with Radar,0,1,82,0,83,0,2,271,0,273,0,3,353,0,356,322,0,322,678
11/11/2007,MYF,CA,AWP,WE,Towers with Radar,0,0,99,0,99,0,0,193,0,193,0,0,292,0,292,293,0,293,585
11/12/2007,MYF,CA,AWP,WE,Towers with Radar,0,0,82,0,82,0,1,442,0,443,0,1,524,0,525,400,0,400,925
11/13/2007,MYF,CA,AWP,WE,Towers with Radar,0,6,73,0,79,0,4,447,0,451,0,10,520,0,530,446,0,446,976
11/14/2007,MYF,CA,AWP,WE,Towers with Radar,0,10,50,0,60,0,5,474,2,481,0,15,524,2,541,389,0,389,930
11/15/2007,MYF,CA,AWP,WE,Towers with Radar,0,0,0,0,0,0,13,505,3,521,0,13,505,3,521,342,0,342,863
11/16/2007,MYF,CA,AWP,WE,Towers with Radar,0,11,94,0,105,0,0,229,0,229,0,11,323,0,334,0,180,180,514
11/17/2007,MYF,CA,AWP,WE,Towers with Radar,0,2,106,0,108,0,0,343,13,356,0,2,449,13,464,341,1,342,806
11/18/2007,MYF,CA,AWP,WE,Towers with Radar,0,0,92,0,92,0,0,319,1,320,0,0,411,1,412,219,0,219,631
11/19/2007,MYF,CA,AWP,WE,Towers with Radar,0,8,92,0,100,0,0,334,0,334,0,8,426,0,434,286,0,286,720
11/20/2007,MYF,CA,AWP,WE,Towers with Radar,0,11,150,0,161,0,0,137,0,137,0,11,287,0,298,166,0,166,464
11/21/2007,MYF,CA,AWP,WE,Towers with Radar,0,10,102,0,112,0,1,340,0,341,0,11,442,0,453,313,0,313,766
11/22/2007,MYF,CA,AWP,WE,Towers with Radar,0,0,46,0,46,0,2,138,0,140,0,2,184,0,186,171,0,171,357
11/23/2007,MYF,CA,AWP,WE,Towers with Radar,0,4,77,0,81,0,4,180,0,184,0,8,257,0,265,268,0,268,533
11/24/2007,MYF,CA,AWP,WE,Towers with Radar,0,0,47,0,47,0,1,293,0,294,0,1,340,0,341,254,0,254,595
11/25/2007,MYF,CA,AWP,WE,Towers with Radar,0,1,96,0,97,0,0,342,0,342,0,1,438,0,439,251,0,251,690
11/26/2007,MYF,CA,AWP,WE,Towers with Radar,0,0,56,1,57,0,0,373,0,373,0,0,429,1,430,450,0,450,880
11/27/2007,MYF,CA,AWP,WE,Towers with Radar,0,8,81,0,89,0,1,339,0,340,0,9,420,0,429,278,0,278,707
11/28/2007,MYF,CA,AWP,WE,Towers with Radar,0,12,67,2,81,0,2,319,0,321,0,14,386,2,402,447,0,447,849
11/29/2007,MYF,CA,AWP,WE,Towers with Radar,0,11,66,0,77,0,0,351,0,351,0,11,417,0,428,427,0,427,855
11/30/2007,MYF,CA,AWP,WE,Towers with Radar,0,10,45,0,55,0,2,8,0,10,0,12,53,0,65,0,0,0,65
12/01/2007,MYF,CA,AWP,WE,Towers with Radar,0,3,60,0,63,0,1,175,0,176,0,4,235,0,239,174,0,174,413
12/02/2007,MYF,CA,AWP,WE,Towers with Radar,0,0,49,0,49,0,0,333,0,333,0,0,382,0,382,378,0,378,760
12/03/2007,MYF,CA,AWP,WE,Towers with Radar,0,12,59,0,71,0,0,391,0,391,0,12,450,0,462,245,0,245,707
12/04/2007,MYF,CA,AWP,WE,Towers with Radar,0,6,66,0,72,0,2,348,0,350,0,8,414,0,422,339,2,341,763
12/05/2007,MYF,CA,AWP,WE,Towers with Radar,0,12,72,0,84,0,0,404,0,404,0,12,476,0,488,292,0,292,780
12/06/2007,MYF,CA,AWP,WE,Towers with Radar,0,11,93,0,104,0,2,162,0,164,0,13,255,0,268,350,0,350,618
12/07/2007,MYF,CA,AWP,WE,Towers with Radar,0,10,35,2,47,0,0,23,0,23,0,10,58,2,70,50,0,50,120
12/08/2007,MYF,CA,AWP,WE,Towers with Radar,0,0,18,0,18,0,0,156,0,156,0,0,174,0,174,208,0,208,382
12/09/2007,MYF,CA,AWP,WE,Towers with Radar,0,0,59,0,59,0,0,246,0,246,0,0,305,0,305,308,0,308,613
12/10/2007,MYF,CA,AWP,WE,Towers with Radar,0,11,79,0,90,0,0,365,0,365,0,11,444,0,455,184,0,184,639
12/11/2007,MYF,CA,AWP,WE,Towers with Radar,0,11,64,0,75,0,0,295,0,295,0,11,359,0,370,249,0,249,619
12/12/2007,MYF,CA,AWP,WE,Towers with Radar,0,10,65,0,75,0,0,282,0,282,0,10,347,0,357,266,0,266,623
12/13/2007,MYF,CA,AWP,WE,Towers with Radar,0,10,85,0,95,0,2,400,2,404,0,12,485,2,499,322,0,322,821
12/14/2007,MYF,CA,AWP,WE,Towers with Radar,0,8,71,0,79,0,3,377,0,380,0,11,448,0,459,354,0,354,813
12/15/2007,MYF,CA,AWP,WE,Towers with Radar,0,2,58,0,60,0,0,499,0,499,0,2,557,0,559,388,0,388,947
12/16/2007,MYF,CA,AWP,WE,Towers with Radar,0,1,51,0,52,0,0,403,4,407,0,1,454,4,459,187,0,187,646
12/17/2007,MYF,CA,AWP,WE,Towers with Radar,0,13,50,0,63,0,2,344,0,346,0,15,394,0,409,388,2,390,799
12/18/2007,MYF,CA,AWP,WE,Towers with Radar,0,11,70,0,81,0,0,218,0,218,0,11,288,0,299,254,0,254,553
12/19/2007,MYF,CA,AWP,WE,Towers with Radar,0,9,91,0,100,0,3,77,0,80,0,12,168,0,180,180,0,180,360
12/20/2007,MYF,CA,AWP,WE,Towers with Radar,0,15,78,0,93,0,1,176,4,181,0,16,254,4,274,560,0,560,834
12/21/2007,MYF,CA,AWP,WE,Towers with Radar,0,9,60,0,69,0,0,321,0,321,0,9,381,0,390,248,0,248,638
12/22/2007,MYF,CA,AWP,WE,Towers with Radar,0,1,55,0,56,0,1,277,0,278,0,2,332,0,334,306,0,306,640
12/23/2007,MYF,CA,AWP,WE,Towers with Radar,0,1,40,0,41,0,0,313,0,313,0,1,353,0,354,304,0,304,658
12/24/2007,MYF,CA,AWP,WE,Towers with Radar,0,3,42,0,45,0,0,331,0,331,0,3,373,0,376,291,0,291,667
12/25/2007,MYF,CA,AWP,WE,Towers with Radar,0,0,22,0,22,0,2,84,0,86,0,2,106,0,108,59,0,59,167
12/26/2007,MYF,CA,AWP,WE,Towers with Radar,0,9,61,0,70,0,0,253,2,255,0,9,314,2,325,218,0,218,543
12/27/2007,MYF,CA,AWP,WE,Towers with Radar,0,7,58,0,65,0,5,284,2,291,0,12,342,2,356,281,0,281,637
12/28/2007,MYF,CA,AWP,WE,Towers with Radar,0,17,81,0,98,0,1,368,1,370,0,18,449,1,468,402,2,404,872
12/29/2007,MYF,CA,AWP,WE,Towers with Radar,0,1,73,0,74,0,1,216,0,217,0,2,289,0,291,560,0,560,851
12/30/2007,MYF,CA,AWP,WE,Towers with Radar,0,0,58,0,58,0,0,266,0,266,0,0,324,0,324,318,0,318,642
12/31/2007,MYF,CA,AWP,WE,Towers with Radar,0,6,39,0,45,0,0,265,0,265,0,6,304,0,310,290,0,290,600
01/01/2008,MYF,CA,AWP,WE,Towers with Radar,0,3,27,0,30,0,1,231,0,232,0,4,258,0,262,274,0,274,536
01/02/2008,MYF,CA,AWP,WE,Towers with Radar,0,7,70,0,77,0,0,291,0,291,0,7,361,0,368,283,0,283,651
01/03/2008,MYF,CA,AWP,WE,Towers with Radar,0,10,63,0,73,0,0,238,2,240,0,10,301,2,313,375,0,375,688
01/04/2008,MYF,CA,AWP,WE,Towers with Radar,0,8,58,0,66,0,2,158,2,162,0,10,216,2,228,346,1,347,575
01/05/2008,MYF,CA,AWP,WE,Towers with Radar,0,0,21,0,21,0,0,0,0,0,0,0,21,0,21,0,0,0,21
01/06/2008,MYF,CA,AWP,WE,Towers with Radar,0,10,41,0,51,0,0,27,0,27,0,10,68,0,78,83,0,83,161
01/07/2008,MYF,CA,AWP,WE,Towers with Radar,0,7,49,0,56,0,0,93,4,97,0,7,142,4,153,212,0,212,365
01/08/2008,MYF,CA,AWP,WE,Towers with Radar,0,9,71,0,80,0,2,231,0,233,0,11,302,0,313,240,0,240,553
01/09/2008,MYF,CA,AWP,WE,Towers with Radar,0,10,56,0,66,0,6,224,0,230,0,16,280,0,296,383,0,383,679
01/10/2008,MYF,CA,AWP,WE,Towers with Radar,0,7,59,1,67,0,0,325,0,325,0,7,384,1,392,330,0,330,722
01/11/2008,MYF,CA,AWP,WE,Towers with Radar,0,10,60,0,70,0,2,314,0,316,0,12,374,0,386,254,0,254,640
01/12/2008,MYF,CA,AWP,WE,Towers with Radar,0,2,87,0,89,0,1,381,1,383,0,3,468,1,472,182,0,182,654
01/13/2008,MYF,CA,AWP,WE,Towers with Radar,0,2,37,0,39,0,0,389,0,389,0,2,426,0,428,274,0,274,702
01/14/2008,MYF,CA,AWP,WE,Towers with Radar,0,10,53,0,63,0,0,320,0,320,0,10,373,0,383,290,0,290,673
01/15/2008,MYF,CA,AWP,WE,Towers with Radar,0,13,69,0,82,0,0,340,0,340,0,13,409,0,422,322,0,322,744
01/16/2008,MYF,CA,AWP,WE,Towers with Radar,0,11,69,0,80,0,7,305,2,314,0,18,374,2,394,262,0,262,656
01/17/2008,MYF,CA,AWP,WE,Towers with Radar,0,9,64,0,73,0,4,282,0,286,0,13,346,0,359,315,0,315,674
01/18/2008,MYF,CA,AWP,WE,Towers with Radar,0,8,64,0,72,0,5,368,0,373,0,13,432,0,445,309,0,309,754
01/19/2008,MYF,CA,AWP,WE,Towers with Radar,0,2,62,0,64,0,0,407,0,407,0,2,469,0,471,360,0,360,831
01/20/2008,MYF,CA,AWP,WE,Towers with Radar,0,1,37,0,38,0,0,291,0,291,0,1,328,0,329,352,0,352,681
01/21/2008,MYF,CA,AWP,WE,Towers with Radar,0,3,67,4,74,0,0,100,0,100,0,3,167,4,174,147,0,147,321
01/22/2008,MYF,CA,AWP,WE,Towers with Radar,0,11,71,0,82,0,0,247,0,247,0,11,318,0,329,354,0,354,683
01/23/2008,MYF,CA,AWP,WE,Towers with Radar,0,11,59,0,70,0,2,214,0,216,0,13,273,0,286,305,0,305,591
01/24/2008,MYF,CA,AWP,WE,Towers with Radar,0,7,49,1,57,0,4,100,1,105,0,11,149,2,162,197,0,197,359
01/25/2008,MYF,CA,AWP,WE,Towers with Radar,0,9,63,0,72,0,0,254,2,256,0,9,317,2,328,234,0,234,562
01/26/2008,MYF,CA,AWP,WE,Towers with Radar,0,3,51,0,54,0,2,258,0,260,0,5,309,0,314,362,0,362,676
01/27/2008,MYF,CA,AWP,WE,Towers with Radar,0,1,28,1,30,0,0,40,0,40,0,1,68,1,70,84,0,84,154
01/28/2008,MYF,CA,AWP,WE,Towers with Radar,0,9,54,0,63,0,11,62,0,73,0,20,116,0,136,158,0,158,294
01/29/2008,MYF,CA,AWP,WE,Towers with Radar,0,11,63,0,74,0,1,246,0,247,0,12,309,0,321,463,0,463,784
01/30/2008,MYF,CA,AWP,WE,Towers with Radar,0,12,79,0,91,0,1,258,0,259,0,13,337,0,350,398,0,398,748
01/31/2008,MYF,CA,AWP,WE,Towers with Radar,0,12,45,0,57,0,3,0,2,5,0,15,45,2,62,411,0,411,473
02/01/2008,MYF,CA,AWP,WE,Towers with Radar,0,12,95,0,107,0,0,206,0,206,0,12,301,0,313,320,0,320,633
02/02/2008,MYF,CA,AWP,WE,Towers with Radar,0,2,71,2,75,0,0,255,0,255,0,2,326,2,330,432,2,434,764
02/03/2008,MYF,CA,AWP,WE,Towers with Radar,0,1,24,0,25,0,0,7,0,7,0,1,31,0,32,2,0,2,34
02/04/2008,MYF,CA,AWP,WE,Towers with Radar,0,8,65,0,73,0,0,290,0,290,0,8,355,0,363,334,0,334,697
02/05/2008,MYF,CA,AWP,WE,Towers with Radar,0,12,66,0,78,0,1,382,0,383,0,13,448,0,461,366,0,366,827
02/06/2008,MYF,CA,AWP,WE,Towers with Radar,0,11,72,0,83,0,1,364,0,365,0,12,436,0,448,332,0,332,780
02/07/2008,MYF,CA,AWP,WE,Towers with Radar,0,8,73,0,81,0,4,324,0,328,0,12,397,0,409,346,0,346,755
02/08/2008,MYF,CA,AWP,WE,Towers with Radar,0,5,65,0,70,0,5,329,1,335,0,10,394,1,405,0,1,1,406
02/09/2008,MYF,CA,AWP,WE,Towers with Radar,0,2,66,0,68,0,1,400,0,401,0,3,466,0,469,343,0,343,812
02/10/2008,MYF,CA,AWP,WE,Towers with Radar,0,0,49,0,49,0,1,335,0,336,0,1,384,0,385,422,0,422,807
02/11/2008,MYF,CA,AWP,WE,Towers with Radar,0,8,62,0,70,0,0,323,0,323,0,8,385,0,393,372,0,372,765
02/12/2008,MYF,CA,AWP,WE,Towers with Radar,0,11,68,0,79,0,0,294,0,294,0,11,362,0,373,426,0,426,799
02/13/2008,MYF,CA,AWP,WE,Towers with Radar,0,14,106,0,120,0,0,176,0,176,0,14,282,0,296,268,0,268,564
02/14/2008,MYF,CA,AWP,WE,Towers with Radar,0,11,79,0,90,0,0,22,0,22,0,11,101,0,112,116,1,117,229
02/15/2008,MYF,CA,AWP,WE,Towers with Radar,0,10,72,0,82,0,4,332,0,336,0,14,404,0,418,300,0,300,718
02/16/2008,MYF,CA,AWP,WE,Towers with Radar,0,2,65,0,67,0,0,359,0,359,0,2,424,0,426,388,0,388,814
02/17/2008,MYF,CA,AWP,WE,Towers with Radar,0,4,56,0,60,0,0,322,0,322,0,4,378,0,382,268,0,268,650
02/18/2008,MYF,CA,AWP,WE,Towers with Radar,0,2,141,0,143,0,0,211,0,211,0,2,352,0,354,434,0,434,788
02/19/2008,MYF,CA,AWP,WE,Towers with Radar,0,8,90,0,98,0,2,158,0,160,0,10,248,0,258,456,0,456,714
02/20/2008,MYF,CA,AWP,WE,Towers with Radar,0,10,62,2,74,0,3,16,0,19,0,13,78,2,93,20,0,20,113
02/21/2008,MYF,CA,AWP,WE,Towers with Radar,0,6,103,0,109,0,1,204,0,205,0,7,307,0,314,399,0,399,713
02/22/2008,MYF,CA,AWP,WE,Towers with Radar,0,9,40,0,49,0,3,10,1,14,0,12,50,1,63,0,0,0,63
02/23/2008,MYF,CA,AWP,WE,Towers with Radar,0,0,67,0,67,0,0,367,1,368,0,0,434,1,435,332,0,332,767
02/24/2008,MYF,CA,AWP,WE,Towers with Radar,0,0,0,0,0,0,1,78,0,79,0,1,78,0,79,82,0,82,161
02/25/2008,MYF,CA,AWP,WE,Towers with Radar,0,9,86,0,95,0,0,391,0,391,0,9,477,0,486,400,0,400,886
02/26/2008,MYF,CA,AWP,WE,Towers with Radar,0,9,77,0,86,0,1,409,0,410,0,10,486,0,496,438,0,438,934
02/27/2008,MYF,CA,AWP,WE,Towers with Radar,0,12,66,0,78,0,2,475,0,477,0,14,541,0,555,498,0,498,1053
02/28/2008,MYF,CA,AWP,WE,Towers with Radar,7,0,65,0,72,0,0,403,0,403,7,0,468,0,475,439,0,439,914
02/29/2008,MYF,CA,AWP,WE,Towers with Radar,0,8,117,0,125,0,1,145,0,146,0,9,262,0,271,264,0,264,535
03/01/2008,MYF,CA,AWP,WE,Towers with Radar,0,2,95,0,97,0,3,141,1,145,0,5,236,1,242,428,0,428,670
03/02/2008,MYF,CA,AWP,WE,Towers with Radar,0,1,32,0,33,0,0,244,2,246,0,1,276,2,279,366,0,366,645
03/03/2008,MYF,CA,AWP,WE,Towers with Radar,0,6,85,2,93,0,0,270,4,274,0,6,355,6,367,354,0,354,721
03/04/2008,MYF,CA,AWP,WE,Towers with Radar,0,17,86,0,103,0,3,304,0,307,0,20,390,0,410,359,0,359,769
03/05/2008,MYF,CA,AWP,WE,Towers with Radar,0,8,97,1,106,0,1,347,2,350,0,9,444,3,456,426,0,426,882
03/06/2008,MYF,CA,AWP,WE,Towers with Radar,0,10,70,0,80,0,0,448,0,448,0,10,518,0,528,354,0,354,882
03/07/2008,MYF,CA,AWP,WE,Towers with Radar,0,5,69,0,74,0,4,402,0,406,0,9,471,0,480,294,0,294,774
03/08/2008,MYF,CA,AWP,WE,Towers with Radar,0,5,64,0,69,0,0,422,1,423,0,5,486,1,492,422,0,422,914
03/09/2008,MYF,CA,AWP,WE,Towers with Radar,0,3,58,0,61,0,0,348,0,348,0,3,406,0,409,392,0,392,801
03/10/2008,MYF,CA,AWP,WE,Towers with Radar,0,12,62,2,76,0,0,346,13,359,0,12,408,15,435,324,0,324,759
03/11/2008,MYF,CA,AWP,WE,Towers with Radar,0,9,85,0,94,0,1,360,3,364,0,10,445,3,458,441,0,441,899
03/12/2008,MYF,CA,AWP,WE,Towers with Radar,0,11,101,0,112,0,4,393,0,397,0,15,494,0,509,471,1,472,981
03/13/2008,MYF,CA,AWP,WE,Towers with Radar,0,12,85,1,98,0,2,247,5,254,0,14,332,6,352,316,0,316,668
03/14/2008,MYF,CA,AWP,WE,Towers with Radar,0,9,127,0,136,0,0,94,0,94,0,9,221,0,230,306,0,306,536
03/15/2008,MYF,CA,AWP,WE,Towers with Radar,0,0,74,0,74,0,0,162,0,162,0,0,236,0,236,213,0,213,449
03/16/2008,MYF,CA,AWP,WE,Towers with Radar,0,1,47,0,48,0,0,178,0,178,0,1,225,0,226,242,0,242,468
03/17/2008,MYF,CA,AWP,WE,Towers with Radar,0,10,82,0,92,0,1,313,0,314,0,11,395,0,406,402,0,402,808
03/18/2008,MYF,CA,AWP,WE,Towers with Radar,0,11,93,0,104,0,0,363,0,363,0,11,456,0,467,263,0,263,730
03/19/2008,MYF,CA,AWP,WE,Towers with Radar,0,13,93,0,106,0,1,301,0,302,0,14,394,0,408,252,0,252,660
03/20/2008,MYF,CA,AWP,WE,Towers with Radar,0,14,99,0,113,0,3,301,0,304,0,17,400,0,417,320,0,320,737
03/21/2008,MYF,CA,AWP,WE,Towers with Radar,0,11,69,0,80,0,0,353,0,353,0,11,422,0,433,298,0,298,731
03/22/2008,MYF,CA,AWP,WE,Towers with Radar,0,0,60,0,60,0,2,375,0,377,0,2,435,0,437,244,0,244,681
03/23/2008,MYF,CA,AWP,WE,Towers with Radar,0,2,51,0,53,0,1,367,0,368,0,3,418,0,421,224,0,224,645
03/24/2008,MYF,CA,AWP,WE,Towers with Radar,0,8,74,0,82,0,0,450,0,450,0,8,524,0,532,492,0,492,1024
03/25/2008,MYF,CA,AWP,WE,Towers with Radar,0,7,94,0,101,0,3,292,0,295,0,10,386,0,396,347,0,347,743
03/26/2008,MYF,CA,AWP,WE,Towers with Radar,0,10,74,0,84,0,1,355,0,356,0,11,429,0,440,434,0,434,874
03/27/2008,MYF,CA,AWP,WE,Towers with Radar,0,12,85,0,97,0,0,358,0,358,0,12,443,0,455,0,0,0,455
03/28/2008,MYF,CA,AWP,WE,Towers with Radar,0,5,101,0,106,0,2,259,0,261,0,7,360,0,367,258,2,260,627
03/29/2008,MYF,CA,AWP,WE,Towers with Radar,0,0,88,0,88,0,3,202,0,205,0,3,290,0,293,304,0,304,597
03/30/2008,MYF,CA,AWP,WE,Towers with Radar,0,1,108,0,109,0,2,136,0,138,0,3,244,0,247,196,0,196,443
03/31/2008,MYF,CA,AWP,WE,Towers with Radar,0,5,80,0,85,0,3,287,0,290,0,8,367,0,375,297,0,297,672
04/01/2008,MYF,CA,AWP,WE,Towers with Radar,0,10,84,0,94,0,0,186,1,187,0,10,270,1,281,536,0,536,817
04/02/2008,MYF,CA,AWP,WE,Towers with Radar,0,10,82,0,92,0,1,249,0,250,0,11,331,0,342,396,0,396,738
04/03/2008,MYF,CA,AWP,WE,Towers with Radar,0,7,94,0,101,0,2,235,0,237,0,9,329,0,338,372,0,372,710
04/04/2008,MYF,CA,AWP,WE,Towers with Radar,0,8,96,0,104,0,0,224,0,224,0,8,320,0,328,304,0,304,632
04/05/2008,MYF,CA,AWP,WE,Towers with Radar,0,0,81,0,81,0,3,243,0,246,0,3,324,0,327,396,0,396,723
04/06/2008,MYF,CA,AWP,WE,Towers with Radar,0,0,102,0,102,0,2,200,0,202,0,2,302,0,304,398,0,398,702
04/07/2008,MYF,CA,AWP,WE,Towers with Radar,0,7,97,0,104,0,0,303,0,303,0,7,400,0,407,351,0,351,758
04/08/2008,MYF,CA,AWP,WE,Towers with Radar,0,13,109,0,122,0,0,169,0,169,0,13,278,0,291,323,0,323,614
04/09/2008,MYF,CA,AWP,WE,Towers with Radar,0,14,91,0,105,0,0,237,0,237,0,14,328,0,342,358,0,358,700
04/10/2008,MYF,CA,AWP,WE,Towers with Radar,0,10,93,0,103,0,2,403,0,405,0,12,496,0,508,321,0,321,829
04/11/2008,MYF,CA,AWP,WE,Towers with Radar,0,7,70,0,77,0,1,336,0,337,0,8,406,0,414,353,0,353,767
04/12/2008,MYF,CA,AWP,WE,Towers with Radar,0,0,43,0,43,0,0,350,0,350,0,0,393,0,393,394,0,394,787
04/13/2008,MYF,CA,AWP,WE,Towers with Radar,0,1,52,0,53,0,0,350,4,354,0,1,402,4,407,400,0,400,807
04/14/2008,MYF,CA,AWP,WE,Towers with Radar,0,6,62,0,68,0,0,407,0,407,0,6,469,0,475,510,0,510,985
04/15/2008,MYF,CA,AWP,WE,Towers with Radar,0,9,94,1,104,0,0,186,0,186,0,9,280,1,290,320,0,320,610
04/16/2008,MYF,CA,AWP,WE,Towers with Radar,0,7,80,0,87,0,1,395,0,396,0,8,475,0,483,554,0,554,1037
04/17/2008,MYF,CA,AWP,WE,Towers with Radar,0,7,46,0,53,0,3,347,2,352,0,10,393,2,405,151,0,151,556
04/18/2008,MYF,CA,AWP,WE,Towers with Radar,0,0,12,0,12,0,12,422,0,434,0,12,434,0,446,312,0,312,758
04/19/2008,MYF,CA,AWP,WE,Towers with Radar,0,0,102,0,102,0,1,110,0,111,0,1,212,0,213,262,0,262,475
04/20/2008,MYF,CA,AWP,WE,Towers with Radar,0,0,79,0,79,0,4,306,0,310,0,4,385,0,389,318,0,318,707
04/21/2008,MYF,CA,AWP,WE,Towers with Radar,0,7,83,0,90,0,2,295,0,297,0,9,378,0,387,268,0,268,655
04/22/2008,MYF,CA,AWP,WE,Towers with Radar,0,12,60,0,72,0,0,331,0,331,0,12,391,0,403,406,0,406,809
04/23/2008,MYF,CA,AWP,WE,Towers with Radar,0,12,116,2,130,0,0,211,0,211,0,12,327,2,341,324,0,324,665
04/24/2008,MYF,CA,AWP,WE,Towers with Radar,0,8,78,0,86,0,2,337,0,339,0,10,415,0,425,334,0,334,759
04/25/2008,MYF,CA,AWP,WE,Towers with Radar,0,8,59,0,67,0,3,338,0,341,0,11,397,0,408,215,0,215,623
04/26/2008,MYF,CA,AWP,WE,Towers with Radar,0,0,65,0,65,0,3,440,0,443,0,3,505,0,508,292,0,292,800
04/27/2008,MYF,CA,AWP,WE,Towers with Radar,0,3,45,0,48,0,4,300,0,304,0,7,345,0,352,266,0,266,618
04/28/2008,MYF,CA,AWP,WE,Towers with Radar,0,6,47,0,53,0,2,350,0,352,0,8,397,0,405,376,0,376,781
04/29/2008,MYF,CA,AWP,WE,Towers with Radar,0,9,78,0,87,0,3,311,0,314,0,12,389,0,401,285,0,285,686
04/30/2008,MYF,CA,AWP,WE,Towers with Radar,0,11,107,2,120,0,0,97,0,97,0,11,204,2,217,346,0,346,563
05/01/2008,MYF,CA,AWP,WE,Towers with Radar,0,8,94,0,102,0,0,309,0,309,0,8,403,0,411,355,0,355,766
05/02/2008,MYF,CA,AWP,WE,Towers with Radar,0,9,75,0,84,0,1,331,0,332,0,10,406,0,416,386,0,386,802
05/03/2008,MYF,CA,AWP,WE,Towers with Radar,0,0,52,0,52,0,0,322,0,322,0,0,374,0,374,208,0,208,582
05/04/2008,MYF,CA,AWP,WE,Towers with Radar,0,2,100,0,102,0,0,219,1,220,0,2,319,1,322,266,0,266,588
05/05/2008,MYF,CA,AWP,WE,Towers with Radar,0,9,112,0,121,0,0,229,5,234,0,9,341,5,355,480,2,482,837
05/06/2008,MYF,CA,AWP,WE,Towers with Radar,0,11,116,3,130,0,1,54,0,55,0,12,170,3,185,129,0,129,314
05/07/2008,MYF,CA,AWP,WE,Towers with Radar,0,12,120,0,132,0,0,121,0,121,0,12,241,0,253,398,0,398,651
05/08/2008,MYF,CA,AWP,WE,Towers with Radar,0,6,117,0,123,0,0,275,0,275,0,6,392,0,398,316,0,316,714
05/09/2008,MYF,CA,AWP,WE,Towers with Radar,0,7,128,0,135,0,2,103,0,105,0,9,231,0,240,372,0,372,612
05/10/2008,MYF,CA,AWP,WE,Towers with Radar,0,1,68,0,69,0,0,302,0,302,0,1,370,0,371,334,0,334,705
05/11/2008,MYF,CA,AWP,WE,Towers with Radar,0,0,93,0,93,0,0,205,0,205,0,0,298,0,298,244,0,244,542
05/12/2008,MYF,CA,AWP,WE,Towers with Radar,0,6,116,11,133,0,4,177,0,181,0,10,293,11,314,232,11,243,557
05/13/2008,MYF,CA,AWP,WE,Towers with Radar,0,7,72,0,79,0,0,304,0,304,0,7,376,0,383,487,0,487,870
05/14/2008,MYF,CA,AWP,WE,Towers with Radar,0,10,66,0,76,0,0,350,0,350,0,10,416,0,426,494,0,494,920
05/15/2008,MYF,CA,AWP,WE,Towers with Radar,0,9,85,2,96,0,3,330,2,335,0,12,415,4,431,328,0,328,759
05/16/2008,MYF,CA,AWP,WE,Towers with Radar,0,8,72,0,80,0,0,300,0,300,0,8,372,0,380,320,0,320,700
05/17/2008,MYF,CA,AWP,WE,Towers with Radar,0,0,52,0,52,0,0,361,0,361,0,0,413,0,413,298,0,298,711
05/18/2008,MYF,CA,AWP,WE,Towers with Radar,0,0,52,0,52,0,0,326,0,326,0,0,378,0,378,294,0,294,672
05/19/2008,MYF,CA,AWP,WE,Towers with Radar,0,8,51,0,59,0,2,318,0,320,0,10,369,0,379,286,0,286,665
05/20/2008,MYF,CA,AWP,WE,Towers with Radar,0,9,107,0,116,0,1,183,0,184,0,10,290,0,300,252,0,252,552
05/21/2008,MYF,CA,AWP,WE,Towers with Radar,0,8,124,0,132,0,0,182,0,182,0,8,306,0,314,312,0,312,626
05/22/2008,MYF,CA,AWP,WE,Towers with Radar,0,8,80,0,88,0,0,96,0,96,0,8,176,0,184,160,0,160,344
05/23/2008,MYF,CA,AWP,WE,Towers with Radar,0,9,71,0,80,0,0,31,0,31,0,9,102,0,111,2,0,2,113
05/24/2008,MYF,CA,AWP,WE,Towers with Radar,0,2,64,0,66,0,0,168,0,168,0,2,232,0,234,176,0,176,410
05/25/2008,MYF,CA,AWP,WE,Towers with Radar,0,0,53,0,53,0,2,255,0,257,0,2,308,0,310,296,0,296,606
05/26/2008,MYF,CA,AWP,WE,Towers with Radar,0,0,100,0,100,0,0,335,0,335,0,0,435,0,435,264,0,264,699
05/27/2008,MYF,CA,AWP,WE,Towers with Radar,0,10,90,0,100,0,0,266,0,266,0,10,356,0,366,436,0,436,802
05/28/2008,MYF,CA,AWP,WE,Towers with Radar,0,12,86,0,98,0,2,349,0,351,0,14,435,0,449,492,0,492,941
05/29/2008,MYF,CA,AWP,WE,Towers with Radar,0,9,80,1,90,0,2,379,2,383,0,11,459,3,473,526,0,526,999
05/30/2008,MYF,CA,AWP,WE,Towers with Radar,0,11,74,0,85,0,1,355,0,356,0,12,429,0,441,372,0,372,813
05/31/2008,MYF,CA,AWP,WE,Towers with Radar,0,0,88,0,88,0,3,311,0,314,0,3,399,0,402,298,0,298,700
06/01/2008,MYF,CA,AWP,WE,Towers with Radar,0,2,74,0,76,0,2,359,0,361,0,4,433,0,437,340,0,340,777
06/02/2008,MYF,CA,AWP,WE,Towers with Radar,0,8,90,0,98,0,0,264,0,264,0,8,354,0,362,328,0,328,690
06/03/2008,MYF,CA,AWP,WE,Towers with Radar,0,10,77,0,87,0,0,228,0,228,0,10,305,0,315,336,0,336,651
06/04/2008,MYF,CA,AWP,WE,Towers with Radar,0,13,118,0,131,0,0,58,2,60,0,13,176,2,191,74,0,74,265
06/05/2008,MYF,CA,AWP,WE,Towers with Radar,0,8,72,0,80,0,2,313,2,317,0,10,385,2,397,528,0,528,925
06/06/2008,MYF,CA,AWP,WE,Towers with Radar,0,4,61,0,65,0,6,373,0,379,0,10,434,0,444,356,1,357,801
06/07/2008,MYF,CA,AWP,WE,Towers with Radar,0,2,82,0,84,0,0,269,1,270,0,2,351,1,354,118,0,118,472
06/08/2008,MYF,CA,AWP,WE,Towers with Radar,0,0,53,0,53,0,0,310,0,310,0,0,363,0,363,348,0,348,711
06/09/2008,MYF,CA,AWP,WE,Towers with Radar,0,11,82,0,93,0,0,270,0,270,0,11,352,0,363,266,0,266,629
06/10/2008,MYF,CA,AWP,WE,Towers with Radar,0,14,95,0,109,0,1,186,0,187,0,15,281,0,296,216,0,216,512
06/11/2008,MYF,CA,AWP,WE,Towers with Radar,0,9,97,0,106,0,4,325,0,329,0,13,422,0,435,148,0,148,583
06/12/2008,MYF,CA,AWP,WE,Towers with Radar,0,11,101,0,112,0,0,328,0,328,0,11,429,0,440,178,0,178,618
06/13/2008,MYF,CA,AWP,WE,Towers with Radar,0,12,80,0,92,0,0,389,2,391,0,12,469,2,483,320,0,320,803
06/14/2008,MYF,CA,AWP,WE,Towers with Radar,0,1,105,0,106,0,1,246,0,247,0,2,351,0,353,238,0,238,591
06/15/2008,MYF,CA,AWP,WE,Towers with Radar,0,2,58,0,60,0,0,275,0,275,0,2,333,0,335,310,0,310,645
06/16/2008,MYF,CA,AWP,WE,Towers with Radar,0,9,98,0,107,0,0,287,0,287,0,9,385,0,394,306,0,306,700
06/17/2008,MYF,CA,AWP,WE,Towers with Radar,0,8,76,1,85,0,3,290,0,293,0,11,366,1,378,322,0,322,700
06/18/2008,MYF,CA,AWP,WE,Towers with Radar,0,12,65,0,77,0,0,279,2,281,0,12,344,2,358,278,0,278,636
06/19/2008,MYF,CA,AWP,WE,Towers with Radar,0,7,57,0,64,0,0,347,0,347,0,7,404,0,411,322,0,322,733
06/20/2008,MYF,CA,AWP,WE,Towers with Radar,0,10,74,0,84,0,0,324,0,324,0,10,398,0,408,241,0,241,649
06/21/2008,MYF,CA,AWP,WE,Towers with Radar,0,2,31,0,33,0,0,354,0,354,0,2,385,0,387,150,0,150,537
06/22/2008,MYF,CA,AWP,WE,Towers with Radar,0,3,49,0,52,0,0,261,2,263,0,3,310,2,315,162,0,162,477
06/23/2008,MYF,CA,AWP,WE,Towers with Radar,0,11,84,0,95,0,0,285,0,285,0,11,369,0,380,310,0,310,690
06/24/2008,MYF,CA,AWP,WE,Towers with Radar,0,11,74,0,85,0,0,274,0,274,0,11,348,0,359,330,0,330,689
06/25/2008,MYF,CA,AWP,WE,Towers with Radar,0,14,91,0,105,0,2,207,0,209,0,16,298,0,314,232,0,232,546
06/26/2008,MYF,CA,AWP,WE,Towers with Radar,0,10,75,0,85,0,3,190,0,193,0,13,265,0,278,268,0,268,546
06/27/2008,MYF,CA,AWP,WE,Towers with Radar,0,10,78,0,88,0,0,241,0,241,0,10,319,0,329,232,0,232,561
06/28/2008,MYF,CA,AWP,WE,Towers with Radar,0,4,91,0,95,0,4,304,0,308,0,8,395,0,403,310,0,310,713
06/29/2008,MYF,CA,AWP,WE,Towers with Radar,0,0,80,1,81,0,0,315,0,315,0,0,395,1,396,274,0,274,670
06/30/2008,MYF,CA,AWP,WE,Towers with Radar,0,8,73,0,81,0,1,362,0,363,0,9,435,0,444,393,0,393,837
07/01/2008,MYF,CA,AWP,WE,Towers with Radar,0,13,85,0,98,0,0,316,0,316,0,13,401,0,414,444,0,444,858
07/02/2008,MYF,CA,AWP,WE,Towers with Radar,0,11,106,0,117,0,1,238,0,239,0,12,344,0,356,146,0,146,502
07/03/2008,MYF,CA,AWP,WE,Towers with Radar,0,16,55,0,71,0,0,309,0,309,0,16,364,0,380,346,0,346,726
07/04/2008,MYF,CA,AWP,WE,Towers with Radar,0,0,45,0,45,0,0,206,0,206,0,0,251,0,251,152,0,152,403
07/05/2008,MYF,CA,AWP,WE,Towers with Radar,0,1,59,0,60,0,1,328,0,329,0,2,387,0,389,198,0,198,587
07/06/2008,MYF,CA,AWP,WE,Towers with Radar,0,3,78,0,81,0,1,235,0,236,0,4,313,0,317,264,0,264,581
07/07/2008,MYF,CA,AWP,WE,Towers with Radar,0,8,83,0,91,0,0,255,0,255,0,8,338,0,346,204,0,204,550
07/08/2008,MYF,CA,AWP,WE,Towers with Radar,0,13,84,0,97,0,1,172,0,173,0,14,256,0,270,352,0,352,622
07/09/2008,MYF,CA,AWP,WE,Towers with Radar,0,15,110,0,125,0,16,317,6,339,0,31,427,6,464,266,0,266,730
07/10/2008,MYF,CA,AWP,WE,Towers with Radar,0,5,79,1,85,0,8,316,2,326,0,13,395,3,411,240,0,240,651
07/11/2008,MYF,CA,AWP,WE,Towers with Radar,0,12,72,0,84,0,0,243,0,243,0,12,315,0,327,330,0,330,657
07/12/2008,MYF,CA,AWP,WE,Towers with Radar,0,2,70,0,72,0,2,392,0,394,0,4,462,0,466,330,0,330,796
07/13/2008,MYF,CA,AWP,WE,Towers with Radar,0,3,52,0,55,0,5,334,0,339,0,8,386,0,394,332,0,332,726
07/14/2008,MYF,CA,AWP,WE,Towers with Radar,0,5,80,0,85,0,8,324,0,332,0,13,404,0,417,238,0,238,655
07/15/2008,MYF,CA,AWP,WE,Towers with Radar,0,10,80,0,90,0,1,264,0,265,0,11,344,0,355,364,0,364,719
07/16/2008,MYF,CA,AWP,WE,Towers with Radar,0,6,93,0,99,0,7,316,0,323,0,13,409,0,422,285,0,285,707
07/17/2008,MYF,CA,AWP,WE,Towers with Radar,0,6,105,0,111,0,11,386,4,401,0,17,491,4,512,254,2,256,768
07/18/2008,MYF,CA,AWP,WE,Towers with Radar,0,5,90,0,95,0,0,284,0,284,0,5,374,0,379,266,0,266,645
07/19/2008,MYF,CA,AWP,WE,Towers with Radar,0,0,98,0,98,0,0,284,0,284,0,0,382,0,382,284,0,284,666
07/20/2008,MYF,CA,AWP,WE,Towers with Radar,0,0,82,1,83,0,0,307,1,308,0,0,389,2,391,306,0,306,697
07/21/2008,MYF,CA,AWP,WE,Towers with Radar,0,4,64,1,69,0,0,464,2,466,0,4,528,3,535,310,2,312,847
07/22/2008,MYF,CA,AWP,WE,Towers with Radar,0,7,92,0,99,0,2,241,0,243,0,9,333,0,342,295,1,296,638
07/23/2008,MYF,CA,AWP,WE,Towers with Radar,0,7,63,0,70,0,2,203,0,205,0,9,266,0,275,298,0,298,573
07/24/2008,MYF,CA,AWP,WE,Towers with Radar,0,12,81,0,93,0,0,229,0,229,0,12,310,0,322,566,0,566,888
07/25/2008,MYF,CA,AWP,WE,Towers with Radar,0,10,87,0,97,0,0,210,0,210,0,10,297,0,307,595,0,595,902
07/26/2008,MYF,CA,AWP,WE,Towers with Radar,0,1,79,0,80,0,2,419,0,421,0,3,498,0,501,306,0,306,807
07/27/2008,MYF,CA,AWP,WE,Towers with Radar,0,2,104,0,106,0,2,242,0,244,0,4,346,0,350,170,0,170,520
07/28/2008,MYF,CA,AWP,WE,Towers with Radar,0,0,92,0,92,0,1,241,0,242,0,1,333,0,334,286,2,288,622
07/29/2008,MYF,CA,AWP,WE,Towers with Radar,0,9,108,0,117,0,1,171,0,172,0,10,279,0,289,256,0,256,545
07/30/2008,MYF,CA,AWP,WE,Towers with Radar,0,8,71,0,79,0,10,368,0,378,0,18,439,0,457,384,0,384,841
07/31/2008,MYF,CA,AWP,WE,Towers with Radar,0,8,84,0,92,0,0,242,0,242,0,8,326,0,334,690,0,690,1024
08/01/2008,MYF,CA,AWP,WE,Towers with Radar,0,9,64,0,73,0,8,204,0,212,0,17,268,0,285,306,0,306,591
08/02/2008,MYF,CA,AWP,WE,Towers with Radar,0,0,61,0,61,0,0,354,0,354,0,0,415,0,415,254,0,254,669
08/03/2008,MYF,CA,AWP,WE,Towers with Radar,0,5,47,0,52,0,6,392,0,398,0,11,439,0,450,392,0,392,842
08/04/2008,MYF,CA,AWP,WE,Towers with Radar,0,8,55,0,63,8,0,320,1,329,8,8,375,1,392,386,0,386,778
08/05/2008,MYF,CA,AWP,WE,Towers with Radar,0,9,311,0,320,0,0,194,0,194,0,9,505,0,514,194,0,194,708
08/06/2008,MYF,CA,AWP,WE,Towers with Radar,0,8,66,0,74,0,17,359,0,376,0,25,425,0,450,294,0,294,744
08/07/2008,MYF,CA,AWP,WE,Towers with Radar,0,9,78,2,89,0,1,283,0,284,0,10,361,2,373,272,4,276,649
08/08/2008,MYF,CA,AWP,WE,Towers with Radar,0,6,71,0,77,0,2,285,0,287,0,8,356,0,364,249,0,249,613
08/09/2008,MYF,CA,AWP,WE,Towers with Radar,0,0,69,0,69,0,0,379,1,380,0,0,448,1,449,242,0,242,691
08/10/2008,MYF,CA,AWP,WE,Towers with Radar,0,0,56,0,56,0,3,272,1,276,0,3,328,1,332,166,0,166,498
08/11/2008,MYF,CA,AWP,WE,Towers with Radar,0,10,67,2,79,0,10,269,2,281,0,20,336,4,360,222,0,222,582
08/12/2008,MYF,CA,AWP,WE,Towers with Radar,0,9,68,0,77,0,2,292,0,294,0,11,360,0,371,302,2,304,675
08/13/2008,MYF,CA,AWP,WE,Towers with Radar,0,7,86,0,93,0,7,292,0,299,0,14,378,0,392,348,0,348,740
08/14/2008,MYF,CA,AWP,WE,Towers with Radar,0,10,82,0,92,0,5,300,0,305,0,15,382,0,397,290,0,290,687
08/15/2008,MYF,CA,AWP,WE,Towers with Radar,0,8,71,1,80,0,11,265,3,279,0,19,336,4,359,348,0,348,707
08/16/2008,MYF,CA,AWP,WE,Towers with Radar,0,2,62,0,64,0,2,362,0,364,0,4,424,0,428,318,0,318,746
08/17/2008,MYF,CA,AWP,WE,Towers with Radar,0,4,79,0,83,0,4,455,0,459,0,8,534,0,542,318,0,318,860
08/18/2008,MYF,CA,AWP,WE,Towers with Radar,0,4,59,0,63,0,4,321,0,325,0,8,380,0,388,411,0,411,799
08/19/2008,MYF,CA,AWP,WE,Towers with Radar,0,10,82,0,92,0,1,274,0,275,0,11,356,0,367,274,0,274,641
08/20/2008,MYF,CA,AWP,WE,Towers with Radar,0,8,65,0,73,0,2,310,0,312,0,10,375,0,385,310,0,310,695
08/21/2008,MYF,CA,AWP,WE,Towers with Radar,0,6,78,0,84,0,0,242,0,242,0,6,320,0,326,282,0,282,608
08/22/2008,MYF,CA,AWP,WE,Towers with Radar,0,9,77,0,86,0,0,290,0,290,0,9,367,0,376,404,0,404,780
08/23/2008,MYF,CA,AWP,WE,Towers with Radar,0,2,58,0,60,0,0,358,0,358,0,2,416,0,418,160,0,160,578
08/24/2008,MYF,CA,AWP,WE,Towers with Radar,0,3,49,0,52,0,3,289,0,292,0,6,338,0,344,268,0,268,612
08/25/2008,MYF,CA,AWP,WE,Towers with Radar,0,7,63,0,70,0,0,255,0,255,0,7,318,0,325,348,0,348,673
08/26/2008,MYF,CA,AWP,WE,Towers with Radar,0,6,84,0,90,0,2,245,0,247,0,8,329,0,337,256,0,256,593
08/27/2008,MYF,CA,AWP,WE,Towers with Radar,0,5,52,2,59,0,2,242,0,244,0,7,294,2,303,442,0,442,745
08/28/2008,MYF,CA,AWP,WE,Towers with Radar,0,15,94,0,109,0,22,323,0,345,0,37,417,0,454,236,0,236,690
08/29/2008,MYF,CA,AWP,WE,Towers with Radar,0,8,81,0,89,0,2,275,0,277,0,10,356,0,366,396,0,396,762
08/30/2008,MYF,CA,AWP,WE,Towers with Radar,0,0,46,0,46,0,5,275,0,280,0,5,321,0,326,326,0,326,652
08/31/2008,MYF,CA,AWP,WE,Towers with Radar,0,0,65,1,66,0,0,265,3,268,0,0,330,4,334,276,0,276,610
09/01/2008,MYF,CA,AWP,WE,Towers with Radar,0,1,80,0,81,0,1,311,0,312,0,2,391,0,393,322,0,322,715
09/02/2008,MYF,CA,AWP,WE,Towers with Radar,0,8,77,0,85,0,1,392,1,394,0,9,469,1,479,392,1,393,872
09/03/2008,MYF,CA,AWP,WE,Towers with Radar,0,9,95,1,105,0,1,218,0,219,0,10,313,1,324,223,1,224,548
09/04/2008,MYF,CA,AWP,WE,Towers with Radar,0,12,81,0,93,0,3,275,1,279,0,15,356,1,372,332,0,332,704
09/05/2008,MYF,CA,AWP,WE,Towers with Radar,0,10,74,0,84,0,10,277,0,287,0,20,351,0,371,366,0,366,737
09/06/2008,MYF,CA,AWP,WE,Towers with Radar,0,0,62,0,62,0,0,308,0,308,0,0,370,0,370,184,0,184,554
09/07/2008,MYF,CA,AWP,WE,Towers with Radar,0,0,64,0,64,0,0,310,0,310,0,0,374,0,374,176,0,176,550
09/08/2008,MYF,CA,AWP,WE,Towers with Radar,0,6,69,1,76,0,6,328,2,336,0,12,397,3,412,250,0,250,662
09/09/2008,MYF,CA,AWP,WE,Towers with Radar,0,8,73,0,81,0,1,283,0,284,0,9,356,0,365,328,0,328,693
09/10/2008,MYF,CA,AWP,WE,Towers with Radar,0,10,86,0,96,0,1,306,0,307,0,11,392,0,403,356,0,356,759
09/11/2008,MYF,CA,AWP,WE,Towers with Radar,0,11,105,0,116,0,0,218,0,218,0,11,323,0,334,354,0,354,688
09/12/2008,MYF,CA,AWP,WE,Towers with Radar,0,8,135,2,145,0,0,104,1,105,0,8,239,3,250,312,0,312,562
09/13/2008,MYF,CA,AWP,WE,Towers with Radar,0,0,74,0,74,0,0,146,0,146,0,0,220,0,220,334,0,334,554
09/14/2008,MYF,CA,AWP,WE,Towers with Radar,0,0,78,0,78,0,1,143,0,144,0,1,221,0,222,188,0,188,410
09/15/2008,MYF,CA,AWP,WE,Towers with Radar,0,3,56,0,59,0,6,237,0,243,0,9,293,0,302,216,0,216,518
09/16/2008,MYF,CA,AWP,WE,Towers with Radar,0,8,79,0,87,0,3,121,0,124,0,11,200,0,211,68,0,68,279
09/17/2008,MYF,CA,AWP,WE,Towers with Radar,0,4,63,3,70,0,9,384,3,396,0,13,447,6,466,236,0,236,702
09/18/2008,MYF,CA,AWP,WE,Towers with Radar,0,9,74,0,83,0,1,224,0,225,0,10,298,0,308,244,4,248,556
09/19/2008,MYF,CA,AWP,WE,Towers with Radar,0,8,58,0,66,0,0,262,0,262,0,8,320,0,328,196,0,196,524
09/20/2008,MYF,CA,AWP,WE,Towers with Radar,0,3,37,0,40,0,0,289,0,289,0,3,326,0,329,292,0,292,621
09/21/2008,MYF,CA,AWP,WE,Towers with Radar,0,1,53,0,54,0,1,331,0,332,0,2,384,0,386,232,0,232,618
09/22/2008,MYF,CA,AWP,WE,Towers with Radar,0,5,59,0,64,0,5,383,0,388,0,10,442,0,452,272,0,272,724
09/23/2008,MYF,CA,AWP,WE,Towers with Radar,0,11,76,0,87,0,0,263,0,263,0,11,339,0,350,294,2,296,646
09/24/2008,MYF,CA,AWP,WE,Towers with Radar,0,12,49,0,61,0,0,315,0,315,0,12,364,0,376,250,0,250,626
09/25/2008,MYF,CA,AWP,WE,Towers with Radar,0,9,60,0,69,0,3,277,3,283,0,12,337,3,352,152,0,152,504
09/26/2008,MYF,CA,AWP,WE,Towers with Radar,0,11,71,0,82,0,0,255,0,255,0,11,326,0,337,188,0,188,525
09/27/2008,MYF,CA,AWP,WE,Towers with Radar,0,0,51,0,51,0,0,293,0,293,0,0,344,0,344,144,0,144,488
09/28/2008,MYF,CA,AWP,WE,Towers with Radar,0,1,66,0,67,0,0,303,0,303,0,1,369,0,370,290,0,290,660
09/29/2008,MYF,CA,AWP,WE,Towers with Radar,0,5,44,0,49,0,0,280,0,280,0,5,324,0,329,172,0,172,501
09/30/2008,MYF,CA,AWP,WE,Towers with Radar,0,9,56,0,65,0,1,228,0,229,0,10,284,0,294,154,0,154,448
10/01/2008,MYF,CA,AWP,WE,Towers with Radar,0,8,55,0,63,0,2,347,0,349,0,10,402,0,412,228,0,228,640
10/02/2008,MYF,CA,AWP,WE,Towers with Radar,0,5,46,0,51,0,5,170,0,175,0,10,216,0,226,74,0,74,300
10/03/2008,MYF,CA,AWP,WE,Towers with Radar,0,6,59,0,65,0,5,155,0,160,0,11,214,0,225,146,0,146,371
10/04/2008,MYF,CA,AWP,WE,Towers with Radar,0,0,51,0,51,0,0,151,0,151,0,0,202,0,202,23,0,23,225
10/05/2008,MYF,CA,AWP,WE,Towers with Radar,0,0,47,0,47,0,0,194,2,196,0,0,241,2,243,116,0,116,359
10/06/2008,MYF,CA,AWP,WE,Towers with Radar,0,6,75,0,81,0,6,481,4,491,0,12,556,4,572,342,0,342,914
10/07/2008,MYF,CA,AWP,WE,Towers with Radar,0,9,67,0,76,0,6,275,0,281,0,15,342,0,357,237,0,237,594
10/08/2008,MYF,CA,AWP,WE,Towers with Radar,0,8,63,0,71,0,8,395,0,403,0,16,458,0,474,210,4,214,688
10/09/2008,MYF,CA,AWP,WE,Towers with Radar,0,7,76,0,83,0,1,195,0,196,0,8,271,0,279,166,0,166,445
10/10/2008,MYF,CA,AWP,WE,Towers with Radar,0,8,99,0,107,0,2,117,0,119,0,10,216,0,226,242,0,242,468
10/11/2008,MYF,CA,AWP,WE,Towers with Radar,0,0,43,0,43,0,0,251,0,251,0,0,294,0,294,116,0,116,410
10/12/2008,MYF,CA,AWP,WE,Towers with Radar,0,0,45,0,45,0,0,336,0,336,0,0,381,0,381,244,8,252,633
10/13/2008,MYF,CA,AWP,WE,Towers with Radar,0,3,43,0,46,0,4,214,2,220,0,7,257,2,266,108,0,108,374
10/14/2008,MYF,CA,AWP,WE,Towers with Radar,0,7,39,0,46,0,5,179,5,189,0,12,218,5,235,172,0,172,407
10/15/2008,MYF,CA,AWP,WE,Towers with Radar,0,9,71,1,81,0,1,308,2,311,0,10,379,3,392,290,2,292,684
10/16/2008,MYF,CA,AWP,WE,Towers with Radar,0,8,86,0,94,0,1,300,0,301,0,9,386,0,395,254,0,254,649
10/17/2008,MYF,CA,AWP,WE,Towers with Radar,0,9,70,0,79,0,4,301,0,305,0,13,371,0,384,255,0,255,639
10/18/2008,MYF,CA,AWP,WE,Towers with Radar,0,0,35,0,35,0,0,438,0,438,0,0,473,0,473,262,0,262,735
10/19/2008,MYF,CA,AWP,WE,Towers with Radar,0,0,70,0,70,0,0,292,0,292,0,0,362,0,362,220,0,220,582
10/20/2008,MYF,CA,AWP,WE,Towers with Radar,0,6,61,0,67,0,6,313,0,319,0,12,374,0,386,286,0,286,672
10/21/2008,MYF,CA,AWP,WE,Towers with Radar,0,6,74,0,80,0,1,252,0,253,0,7,326,0,333,262,0,262,595
10/22/2008,MYF,CA,AWP,WE,Towers with Radar,0,9,46,0,55,0,8,291,0,299,0,17,337,0,354,352,0,352,706
10/23/2008,MYF,CA,AWP,WE,Towers with Radar,0,8,73,2,83,0,0,243,0,243,0,8,316,2,326,296,0,296,622
10/24/2008,MYF,CA,AWP,WE,Towers with Radar,0,10,68,0,78,0,4,313,0,317,0,14,381,0,395,207,0,207,602
10/25/2008,MYF,CA,AWP,WE,Towers with Radar,0,0,39,0,39,0,1,336,0,337,0,1,375,0,376,222,0,222,598
10/26/2008,MYF,CA,AWP,WE,Towers with Radar,0,0,55,0,55,0,0,286,0,286,0,0,341,0,341,203,0,203,544
10/27/2008,MYF,CA,AWP,WE,Towers with Radar,0,11,65,0,76,0,12,348,0,360,0,23,413,0,436,318,0,318,754
10/28/2008,MYF,CA,AWP,WE,Towers with Radar,0,7,71,0,78,0,2,239,0,241,0,9,310,0,319,228,0,228,547
10/29/2008,MYF,CA,AWP,WE,Towers with Radar,0,10,65,0,75,0,14,290,0,304,0,24,355,0,379,304,0,304,683
10/30/2008,MYF,CA,AWP,WE,Towers with Radar,0,11,74,0,85,0,2,227,1,230,0,13,301,1,315,234,0,234,549
10/31/2008,MYF,CA,AWP,WE,Towers with Radar,0,11,73,2,86,0,1,250,1,252,0,12,323,3,338,244,0,244,582
11/01/2008,MYF,CA,AWP,WE,Towers with Radar,0,1,54,0,55,0,1,352,0,353,0,2,406,0,408,318,0,318,726
11/02/2008,MYF,CA,AWP,WE,Towers with Radar,0,1,94,0,95,0,2,175,0,177,0,3,269,0,272,192,0,192,464
11/03/2008,MYF,CA,AWP,WE,Towers with Radar,0,5,87,0,92,0,7,225,0,232,0,12,312,0,324,358,0,358,682
11/04/2008,MYF,CA,AWP,WE,Towers with Radar,0,14,73,0,87,0,2,64,0,66,0,16,137,0,153,120,0,120,273
11/05/2008,MYF,CA,AWP,WE,Towers with Radar,0,7,74,0,81,0,2,254,1,257,0,9,328,1,338,326,0,326,664
11/06/2008,MYF,CA,AWP,WE,Towers with Radar,0,13,62,6,81,0,0,339,2,341,0,13,401,8,422,448,0,448,870
11/07/2008,MYF,CA,AWP,WE,Towers with Radar,0,9,82,0,91,0,3,282,0,285,0,12,364,0,376,246,0,246,622
11/08/2008,MYF,CA,AWP,WE,Towers with Radar,0,1,58,0,59,0,2,337,0,339,0,3,395,0,398,302,0,302,700
11/09/2008,MYF,CA,AWP,WE,Towers with Radar,0,0,61,0,61,0,3,111,0,114,0,3,172,0,175,132,0,132,307
11/10/2008,MYF,CA,AWP,WE,Towers with Radar,0,7,59,0,66,0,7,305,0,312,0,14,364,0,378,394,0,394,772
11/11/2008,MYF,CA,AWP,WE,Towers with Radar,0,5,80,0,85,0,2,260,0,262,0,7,340,0,347,190,2,192,539
11/12/2008,MYF,CA,AWP,WE,Towers with Radar,0,7,91,0,98,0,2,301,0,303,0,9,392,0,401,334,0,334,735
11/13/2008,MYF,CA,AWP,WE,Towers with Radar,0,7,52,5,64,0,1,245,7,253,0,8,297,12,317,314,0,314,631
11/14/2008,MYF,CA,AWP,WE,Towers with Radar,0,9,59,0,68,0,2,304,0,306,0,11,363,0,374,342,2,344,718
11/15/2008,MYF,CA,AWP,WE,Towers with Radar,0,2,43,0,45,0,2,331,0,333,0,4,374,0,378,268,0,268,646
11/16/2008,MYF,CA,AWP,WE,Towers with Radar,0,2,42,2,46,0,4,313,4,321,0,6,355,6,367,230,0,230,597
11/17/2008,MYF,CA,AWP,WE,Towers with Radar,0,9,89,0,98,0,10,368,2,380,0,19,457,2,478,320,2,322,800
11/18/2008,MYF,CA,AWP,WE,Towers with Radar,0,15,68,0,83,0,2,289,0,291,0,17,357,0,374,184,0,184,558
11/19/2008,MYF,CA,AWP,WE,Towers with Radar,0,6,63,0,69,0,0,294,0,294,0,6,357,0,363,192,0,192,555
11/20/2008,MYF,CA,AWP,WE,Towers with Radar,0,7,80,0,87,0,0,239,0,239,0,7,319,0,326,194,0,194,520
11/21/2008,MYF,CA,AWP,WE,Towers with Radar,0,10,86,0,96,0,2,265,0,267,0,12,351,0,363,233,0,233,596
11/22/2008,MYF,CA,AWP,WE,Towers with Radar,0,0,0,0,0,0,3,397,0,400,0,3,397,0,400,188,0,188,588
11/23/2008,MYF,CA,AWP,WE,Towers with Radar,0,1,92,0,93,0,1,314,0,315,0,2,406,0,408,200,0,200,608
11/24/2008,MYF,CA,AWP,WE,Towers with Radar,0,6,98,0,104,0,6,368,0,374,0,12,466,0,478,346,0,346,824
11/25/2008,MYF,CA,AWP,WE,Towers with Radar,0,13,70,0,83,0,0,192,1,193,0,13,262,1,276,192,0,192,468
11/26/2008,MYF,CA,AWP,WE,Towers with Radar,0,9,99,0,108,0,0,136,0,136,0,9,235,0,244,254,0,254,498
11/27/2008,MYF,CA,AWP,WE,Towers with Radar,0,6,38,0,44,0,0,40,0,40,0,6,78,0,84,90,0,90,174
11/28/2008,MYF,CA,AWP,WE,Towers with Radar,0,8,80,0,88,0,0,126,0,126,0,8,206,0,214,139,0,139,353
11/29/2008,MYF,CA,AWP,WE,Towers with Radar,0,0,54,0,54,0,0,320,0,320,0,0,374,0,374,266,0,266,640
11/30/2008,MYF,CA,AWP,WE,Towers with Radar,0,3,85,0,88,0,3,321,0,324,0,6,406,0,412,172,0,172,584
12/01/2008,MYF,CA,AWP,WE,Towers with Radar,0,9,79,0,88,0,9,296,0,305,0,18,375,0,393,210,0,210,603
12/02/2008,MYF,CA,AWP,WE,Towers with Radar,0,11,97,2,110,0,0,111,0,111,0,11,208,2,221,282,0,282,503
12/03/2008,MYF,CA,AWP,WE,Towers with Radar,0,9,103,0,112,0,0,467,0,467,0,9,570,0,579,467,0,467,1046
12/04/2008,MYF,CA,AWP,WE,Towers with Radar,0,7,69,0,76,0,0,228,0,228,0,7,297,0,304,221,0,221,525
12/05/2008,MYF,CA,AWP,WE,Towers with Radar,0,12,92,0,104,0,0,357,0,357,0,12,449,0,461,240,0,240,701
12/06/2008,MYF,CA,AWP,WE,Towers with Radar,0,0,58,0,58,0,1,374,0,375,0,1,432,0,433,298,0,298,731
12/07/2008,MYF,CA,AWP,WE,Towers with Radar,0,3,85,0,88,0,3,195,0,198,0,6,280,0,286,335,0,335,621
12/08/2008,MYF,CA,AWP,WE,Towers with Radar,0,7,103,0,110,0,7,235,0,242,0,14,338,0,352,330,0,330,682
12/09/2008,MYF,CA,AWP,WE,Towers with Radar,0,9,41,0,50,0,1,203,0,204,0,10,244,0,254,88,0,88,342
12/10/2008,MYF,CA,AWP,WE,Towers with Radar,0,9,65,0,74,0,0,254,0,254,0,9,319,0,328,238,0,238,566
12/11/2008,MYF,CA,AWP,WE,Towers with Radar,0,8,79,0,87,0,2,275,1,278,0,10,354,1,365,228,0,228,593
12/12/2008,MYF,CA,AWP,WE,Towers with Radar,0,8,62,0,70,0,9,211,1,221,0,17,273,1,291,188,0,188,479
12/13/2008,MYF,CA,AWP,WE,Towers with Radar,0,0,41,0,41,0,0,71,0,71,0,0,112,0,112,152,0,152,264
12/14/2008,MYF,CA,AWP,WE,Towers with Radar,0,2,46,0,48,0,2,167,0,169,0,4,213,0,217,256,0,256,473
12/15/2008,MYF,CA,AWP,WE,Towers with Radar,0,2,24,0,26,0,2,29,0,31,0,4,53,0,57,0,0,0,57
12/16/2008,MYF,CA,AWP,WE,Towers with Radar,0,8,43,0,51,0,1,137,1,139,0,9,180,1,190,216,0,216,406
12/17/2008,MYF,CA,AWP,WE,Towers with Radar,0,6,12,0,18,0,0,6,0,6,0,6,18,0,24,0,0,0,24
12/18/2008,MYF,CA,AWP,WE,Towers with Radar,0,11,58,0,69,0,1,213,0,214,0,12,271,0,283,180,0,180,463
12/19/2008,MYF,CA,AWP,WE,Towers with Radar,0,9,68,0,77,0,1,397,0,398,0,10,465,0,475,249,0,249,724
12/20/2008,MYF,CA,AWP,WE,Towers with Radar,0,2,50,2,54,0,2,334,4,340,0,4,384,6,394,188,0,188,582
12/21/2008,MYF,CA,AWP,WE,Towers with Radar,0,0,47,0,47,0,0,328,0,328,0,0,375,0,375,226,0,226,601
12/22/2008,MYF,CA,AWP,WE,Towers with Radar,0,7,45,0,52,0,6,57,0,63,0,13,102,0,115,38,0,38,153
12/23/2008,MYF,CA,AWP,WE,Towers with Radar,0,8,58,0,66,0,1,176,0,177,0,9,234,0,243,240,0,240,483
12/24/2008,MYF,CA,AWP,WE,Towers with Radar,0,5,44,0,49,0,0,71,0,71,0,5,115,0,120,122,0,122,242
12/25/2008,MYF,CA,AWP,WE,Towers with Radar,0,2,17,0,19,0,0,4,0,4,0,2,21,0,23,12,0,12,35
12/26/2008,MYF,CA,AWP,WE,Towers with Radar,0,7,54,0,61,0,0,200,0,200,0,7,254,0,261,96,0,96,357
12/27/2008,MYF,CA,AWP,WE,Towers with Radar,0,0,54,0,54,0,0,393,0,393,0,0,447,0,447,216,0,216,663
12/28/2008,MYF,CA,AWP,WE,Towers with Radar,0,2,42,0,44,0,4,282,0,286,0,6,324,0,330,182,0,182,512
12/29/2008,MYF,CA,AWP,WE,Towers with Radar,0,8,63,0,71,0,8,366,0,374,0,16,429,0,445,148,0,148,593
12/30/2008,MYF,CA,AWP,WE,Towers with Radar,0,9,59,0,68,0,5,433,0,438,0,14,492,0,506,332,0,332,838
12/31/2008,MYF,CA,AWP,WE,Towers with Radar,0,12,61,0,73,0,14,340,0,354,0,26,401,0,427,304,0,304,731
01/01/2009,MYF,CA,AWP,WE,Towers with Radar,0,0,50,0,50,0,0,153,0,153,0,0,203,0,203,160,0,160,363
01/02/2009,MYF,CA,AWP,WE,Towers with Radar,0,6,95,0,101,0,0,81,0,81,0,6,176,0,182,14,0,14,196
01/03/2009,MYF,CA,AWP,WE,Towers with Radar,0,9,64,0,73,0,7,97,0,104,0,16,161,0,177,48,0,48,225
01/04/2009,MYF,CA,AWP,WE,Towers with Radar,0,0,292,0,292,0,1,0,0,1,0,1,292,0,293,226,0,226,519
01/05/2009,MYF,CA,AWP,WE,Towers with Radar,0,9,60,0,69,0,2,228,0,230,0,11,288,0,299,240,0,240,539
01/06/2009,MYF,CA,AWP,WE,Towers with Radar,0,12,55,0,67,0,15,303,0,318,0,27,358,0,385,188,2,190,575
01/07/2009,MYF,CA,AWP,WE,Towers with Radar,0,9,64,0,73,0,11,329,0,340,0,20,393,0,413,264,0,264,677
01/08/2009,MYF,CA,AWP,WE,Towers with Radar,0,11,80,0,91,0,13,261,0,274,0,24,341,0,365,242,0,242,607
01/09/2009,MYF,CA,AWP,WE,Towers with Radar,0,9,84,0,93,0,0,247,0,247,0,9,331,0,340,256,0,256,596
01/10/2009,MYF,CA,AWP,WE,Towers with Radar,0,1,221,0,222,0,0,0,0,0,0,1,221,0,222,124,0,124,346
01/11/2009,MYF,CA,AWP,WE,Towers with Radar,0,2,27,0,29,0,0,190,0,190,0,2,217,0,219,236,0,236,455
01/12/2009,MYF,CA,AWP,WE,Towers with Radar,0,6,42,0,48,0,6,281,2,289,0,12,323,2,337,318,0,318,655
01/13/2009,MYF,CA,AWP,WE,Towers with Radar,0,9,77,0,86,0,9,372,0,381,0,18,449,0,467,366,0,366,833
01/14/2009,MYF,CA,AWP,WE,Towers with Radar,0,9,69,0,78,0,11,366,5,382,0,20,435,5,460,366,0,366,826
01/15/2009,MYF,CA,AWP,WE,Towers with Radar,0,9,42,0,51,0,2,326,2,330,0,11,368,2,381,354,2,356,737
01/16/2009,MYF,CA,AWP,WE,Towers with Radar,0,12,55,0,67,0,4,274,2,280,0,16,329,2,347,284,0,284,631
01/17/2009,MYF,CA,AWP,WE,Towers with Radar,0,3,397,0,400,0,0,0,0,0,0,3,397,0,400,317,0,317,717
01/18/2009,MYF,CA,AWP,WE,Towers with Radar,0,4,35,0,39,0,1,278,0,279,0,5,313,0,318,234,0,234,552
01/19/2009,MYF,CA,AWP,WE,Towers with Radar,0,4,73,0,77,0,4,394,0,398,0,8,467,0,475,264,0,264,739
01/20/2009,MYF,CA,AWP,WE,Towers with Radar,0,10,70,0,80,0,12,326,0,338,0,22,396,0,418,254,0,254,672
01/21/2009,MYF,CA,AWP,WE,Towers with Radar,0,8,80,0,88,0,11,303,0,314,0,19,383,0,402,326,0,326,728
01/22/2009,MYF,CA,AWP,WE,Towers with Radar,0,5,66,0,71,0,9,193,0,202,0,14,259,0,273,238,0,238,511
01/23/2009,MYF,CA,AWP,WE,Towers with Radar,0,11,69,12,92,0,0,95,0,95,0,11,164,12,187,148,0,148,335
01/24/2009,MYF,CA,AWP,WE,Towers with Radar,0,2,35,0,37,0,0,170,0,170,0,2,205,0,207,270,0,270,477
01/25/2009,MYF,CA,AWP,WE,Towers with Radar,0,2,65,0,67,0,3,219,0,222,0,5,284,0,289,278,0,278,567
01/26/2009,MYF,CA,AWP,WE,Towers with Radar,0,8,61,2,71,0,9,174,2,185,0,17,235,4,256,296,0,296,552
01/27/2009,MYF,CA,AWP,WE,Towers with Radar,0,9,59,0,68,0,11,311,0,322,0,20,370,0,390,230,0,230,620
01/28/2009,MYF,CA,AWP,WE,Towers with Radar,0,6,78,0,84,0,9,334,0,343,0,15,412,0,427,200,0,200,627
01/29/2009,MYF,CA,AWP,WE,Towers with Radar,0,8,68,0,76,0,5,302,0,307,0,13,370,0,383,200,0,200,583
01/30/2009,MYF,CA,AWP,WE,Towers with Radar,0,13,53,1,67,0,0,310,0,310,0,13,363,1,377,256,0,256,633
01/31/2009,MYF,CA,AWP,WE,Towers with Radar,0,4,377,0,381,0,0,0,0,0,0,4,377,0,381,277,0,277,658
02/01/2009,MYF,CA,AWP,WE,Towers with Radar,0,0,28,0,28,0,0,263,0,263,0,0,291,0,291,234,0,234,525
02/02/2009,MYF,CA,AWP,WE,Towers with Radar,0,11,66,0,77,0,11,336,0,347,0,22,402,0,424,202,0,202,626
02/03/2009,MYF,CA,AWP,WE,Towers with Radar,0,9,61,0,70,0,9,302,0,311,0,18,363,0,381,314,0,314,695
02/04/2009,MYF,CA,AWP,WE,Towers with Radar,0,4,59,0,63,0,9,385,0,394,0,13,444,0,457,29,0,29,486
02/05/2009,MYF,CA,AWP,WE,Towers with Radar,0,12,54,0,66,0,12,167,0,179,0,24,221,0,245,84,0,84,329
02/06/2009,MYF,CA,AWP,WE,Towers with Radar,0,8,34,0,42,0,2,85,0,87,0,10,119,0,129,70,0,70,199
02/07/2009,MYF,CA,AWP,WE,Towers with Radar,0,2,21,0,23,0,0,21,0,21,0,2,42,0,44,76,0,76,120
02/08/2009,MYF,CA,AWP,WE,Towers with Radar,0,1,47,0,48,0,1,171,0,172,0,2,218,0,220,198,0,198,418
02/09/2009,MYF,CA,AWP,WE,Towers with Radar,0,10,21,0,31,0,10,31,0,41,0,20,52,0,72,0,0,0,72
02/10/2009,MYF,CA,AWP,WE,Towers with Radar,0,9,72,2,83,0,9,390,0,399,0,18,462,2,482,282,0,282,764
02/11/2009,MYF,CA,AWP,WE,Towers with Radar,0,10,80,0,90,0,12,366,0,378,0,22,446,0,468,340,0,340,808
02/12/2009,MYF,CA,AWP,WE,Towers with Radar,0,10,70,0,80,0,1,265,0,266,0,11,335,0,346,426,2,428,774
02/13/2009,MYF,CA,AWP,WE,Towers with Radar,0,13,55,0,68,0,1,149,0,150,0,14,204,0,218,286,0,286,504
02/14/2009,MYF,CA,AWP,WE,Towers with Radar,0,2,52,0,54,0,2,0,0,2,0,4,52,0,56,270,0,270,326
02/15/2009,MYF,CA,AWP,WE,Towers with Radar,0,2,41,0,43,0,3,252,0,255,0,5,293,0,298,222,0,222,520
02/16/2009,MYF,CA,AWP,WE,Towers with Radar,0,1,25,0,26,0,1,39,0,40,0,2,64,0,66,0,0,0,66
02/17/2009,MYF,CA,AWP,WE,Towers with Radar,0,7,56,0,63,0,7,178,2,187,0,14,234,2,250,156,2,158,408
02/18/2009,MYF,CA,AWP,WE,Towers with Radar,0,5,57,0,62,0,4,370,0,374,0,9,427,0,436,238,0,238,674
02/19/2009,MYF,CA,AWP,WE,Towers with Radar,0,12,50,0,62,0,0,363,0,363,0,12,413,0,425,304,0,304,729
02/20/2009,MYF,CA,AWP,WE,Towers with Radar,0,4,54,0,58,0,3,273,0,276,0,7,327,0,334,156,0,156,490
02/21/2009,MYF,CA,AWP,WE,Towers with Radar,0,0,36,0,36,0,0,347,0,347,0,0,383,0,383,180,0,180,563
02/22/2009,MYF,CA,AWP,WE,Towers with Radar,0,2,56,0,58,0,0,233,0,233,0,2,289,0,291,202,0,202,493
02/23/2009,MYF,CA,AWP,WE,Towers with Radar,0,11,43,0,54,0,8,199,0,207,0,19,242,0,261,166,0,166,427
02/24/2009,MYF,CA,AWP,WE,Towers with Radar,0,6,54,3,63,0,6,290,8,304,0,12,344,11,367,142,0,142,509
02/25/2009,MYF,CA,AWP,WE,Towers with Radar,0,10,93,0,103,0,11,284,0,295,0,21,377,0,398,204,0,204,602
02/26/2009,MYF,CA,AWP,WE,Towers with Radar,0,10,69,0,79,0,1,267,0,268,0,11,336,0,347,262,0,262,609
02/27/2009,MYF,CA,AWP,WE,Towers with Radar,0,7,68,0,75,0,6,240,1,247,0,13,308,1,322,248,0,248,570
02/28/2009,MYF,CA,AWP,WE,Towers with Radar,0,2,42,1,45,0,0,157,1,158,0,2,199,2,203,252,0,252,455
03/01/2009,MYF,CA,AWP,WE,Towers with Radar,0,3,40,0,43,0,3,322,0,325,0,6,362,0,368,202,0,202,570
03/02/2009,MYF,CA,AWP,WE,Towers with Radar,0,12,54,0,66,0,12,286,0,298,0,24,340,0,364,184,0,184,548
03/03/2009,MYF,CA,AWP,WE,Towers with Radar,0,11,65,1,77,0,11,262,1,274,0,22,327,2,351,230,0,230,581
03/04/2009,MYF,CA,AWP,WE,Towers with Radar,0,15,63,0,78,0,0,351,0,351,0,15,414,0,429,344,0,344,773
03/05/2009,MYF,CA,AWP,WE,Towers with Radar,0,7,63,0,70,0,9,303,0,312,0,16,366,0,382,190,0,190,572
03/06/2009,MYF,CA,AWP,WE,Towers with Radar,0,9,67,0,76,0,3,274,0,277,0,12,341,0,353,284,0,284,637
03/07/2009,MYF,CA,AWP,WE,Towers with Radar,0,1,68,2,71,0,0,269,2,271,0,1,337,4,342,206,0,206,548
03/08/2009,MYF,CA,AWP,WE,Towers with Radar,0,7,48,0,55,0,5,206,0,211,0,12,254,0,266,238,0,238,504
03/09/2009,MYF,CA,AWP,WE,Towers with Radar,0,10,49,0,59,0,10,223,0,233,0,20,272,0,292,419,0,419,711
03/10/2009,MYF,CA,AWP,WE,Towers with Radar,0,12,54,0,66,0,12,54,0,66,0,24,108,0,132,238,0,238,370
03/11/2009,MYF,CA,AWP,WE,Towers with Radar,0,9,64,0,73,0,9,320,0,329,0,18,384,0,402,201,0,201,603
03/12/2009,MYF,CA,AWP,WE,Towers with Radar,0,6,82,0,88,0,7,270,0,277,0,13,352,0,365,312,0,312,677
03/13/2009,MYF,CA,AWP,WE,Towers with Radar,0,8,67,0,75,0,2,261,0,263,0,10,328,0,338,190,0,190,528
03/14/2009,MYF,CA,AWP,WE,Towers with Radar,0,5,93,0,98,0,2,136,0,138,0,7,229,0,236,352,0,352,588
03/15/2009,MYF,CA,AWP,WE,Towers with Radar,0,0,49,0,49,0,0,293,0,293,0,0,342,0,342,288,0,288,630
03/16/2009,MYF,CA,AWP,WE,Towers with Radar,0,6,45,0,51,0,6,289,0,295,0,12,334,0,346,192,0,192,538
03/17/2009,MYF,CA,AWP,WE,Towers with Radar,0,4,56,0,60,0,4,358,0,362,0,8,414,0,422,238,0,238,660
03/18/2009,MYF,CA,AWP,WE,Towers with Radar,0,5,76,0,81,0,0,261,0,261,0,5,337,0,342,208,0,208,550
03/19/2009,MYF,CA,AWP,WE,Towers with Radar,0,3,67,0,70,0,2,230,0,232,0,5,297,0,302,154,0,154,456
03/20/2009,MYF,CA,AWP,WE,Towers with Radar,0,8,79,0,87,0,3,138,0,141,0,11,217,0,228,83,0,83,311
03/21/2009,MYF,CA,AWP,WE,Towers with Radar,0,0,63,0,63,0,0,308,0,308,0,0,371,0,371,280,0,280,651
03/22/2009,MYF,CA,AWP,WE,Towers with Radar,0,0,34,0,34,0,0,43,0,43,0,0,77,0,77,70,0,70,147
03/23/2009,MYF,CA,AWP,WE,Towers with Radar,0,4,40,0,44,0,4,259,0,263,0,8,299,0,307,232,2,234,541
03/24/2009,MYF,CA,AWP,WE,Towers with Radar,0,8,64,0,72,0,8,325,1,334,0,16,389,1,406,176,0,176,582
03/25/2009,MYF,CA,AWP,WE,Towers with Radar,0,6,66,0,72,0,0,383,1,384,0,6,449,1,456,358,0,358,814
03/26/2009,MYF,CA,AWP,WE,Towers with Radar,0,4,74,0,78,0,5,294,0,299,0,9,368,0,377,194,0,194,571
03/27/2009,MYF,CA,AWP,WE,Towers with Radar,0,9,84,0,93,0,0,310,0,310,0,9,394,0,403,242,0,242,645
03/28/2009,MYF,CA,AWP,WE,Towers with Radar,0,2,54,0,56,0,0,307,0,307,0,2,361,0,363,180,0,180,543
03/29/2009,MYF,CA,AWP,WE,Towers with Radar,0,6,79,0,85,0,0,160,0,160,0,6,239,0,245,68,0,68,313
03/30/2009,MYF,CA,AWP,WE,Towers with Radar,0,6,69,0,75,0,12,284,0,296,0,18,353,0,371,220,0,220,591
03/31/2009,MYF,CA,AWP,WE,Towers with Radar,0,7,55,0,62,0,7,436,0,443,0,14,491,0,505,180,0,180,685
04/01/2009,MYF,CA,AWP,WE,Towers with Radar,0,9,87,0,96,0,10,254,0,264,0,19,341,0,360,208,0,208,568
04/02/2009,MYF,CA,AWP,WE,Towers with Radar,0,13,104,0,117,0,12,210,0,222,0,25,314,0,339,404,0,404,743
04/03/2009,MYF,CA,AWP,WE,Towers with Radar,0,11,68,0,79,0,7,128,0,135,0,18,196,0,214,74,0,74,288
04/04/2009,MYF,CA,AWP,WE,Towers with Radar,0,2,26,0,28,0,1,381,0,382,0,3,407,0,410,210,6,216,626
04/05/2009,MYF,CA,AWP,WE,Towers with Radar,0,2,50,0,52,0,3,297,0,300,0,5,347,0,352,174,0,174,526
04/06/2009,MYF,CA,AWP,WE,Towers with Radar,0,5,62,0,67,0,5,282,0,287,0,10,344,0,354,184,0,184,538
04/07/2009,MYF,CA,AWP,WE,Towers with Radar,0,12,50,0,62,0,12,286,0,298,0,24,336,0,360,194,0,194,554
04/08/2009,MYF,CA,AWP,WE,Towers with Radar,0,9,79,0,88,0,3,199,0,202,0,12,278,0,290,318,0,318,608
04/09/2009,MYF,CA,AWP,WE,Towers with Radar,0,6,81,0,87,0,9,267,0,276,0,15,348,0,363,242,0,242,605
04/10/2009,MYF,CA,AWP,WE,Towers with Radar,0,2,26,0,28,0,1,197,0,198,0,3,223,0,226,210,6,216,442
04/11/2009,MYF,CA,AWP,WE,Towers with Radar,0,11,101,0,112,0,2,27,0,29,0,13,128,0,141,204,0,204,345
04/12/2009,MYF,CA,AWP,WE,Towers with Radar,0,0,51,0,51,0,1,288,0,289,0,1,339,0,340,262,0,262,602
04/13/2009,MYF,CA,AWP,WE,Towers with Radar,0,7,60,0,67,0,0,228,0,228,0,7,288,0,295,220,0,220,515
04/14/2009,MYF,CA,AWP,WE,Towers with Radar,0,8,100,0,108,0,8,136,0,144,0,16,236,0,252,64,0,64,316
04/15/2009,MYF,CA,AWP,WE,Towers with Radar,0,7,38,0,45,0,7,184,0,191,0,14,222,0,236,192,0,192,428
04/16/2009,MYF,CA,AWP,WE,Towers with Radar,0,4,84,0,88,0,5,427,0,432,0,9,511,0,520,298,0,298,818
04/17/2009,MYF,CA,AWP,WE,Towers with Radar,0,4,67,0,71,0,6,383,0,389,0,10,450,0,460,250,0,250,710
04/18/2009,MYF,CA,AWP,WE,Towers with Radar,0,2,335,1,338,0,0,294,0,294,0,2,629,1,632,54,0,54,686
04/19/2009,MYF,CA,AWP,WE,Towers with Radar,0,0,56,0,56,0,0,309,0,309,0,0,365,0,365,286,0,286,651
04/20/2009,MYF,CA,AWP,WE,Towers with Radar,0,8,41,0,49,0,8,262,0,270,0,16,303,0,319,310,0,310,629
04/21/2009,MYF,CA,AWP,WE,Towers with Radar,0,8,74,0,82,0,8,406,0,414,0,16,480,0,496,410,4,414,910
04/22/2009,MYF,CA,AWP,WE,Towers with Radar,0,3,55,0,58,0,4,242,2,248,0,7,297,2,306,212,0,212,518
04/23/2009,MYF,CA,AWP,WE,Towers with Radar,0,6,118,2,126,0,6,316,6,328,0,12,434,8,454,574,0,574,1028
04/24/2009,MYF,CA,AWP,WE,Towers with Radar,0,7,101,0,108,0,6,169,0,175,0,13,270,0,283,452,0,452,735
04/25/2009,MYF,CA,AWP,WE,Towers with Radar,0,1,175,0,176,0,0,56,0,56,0,1,231,0,232,120,0,120,352
04/26/2009,MYF,CA,AWP,WE,Towers with Radar,0,2,44,0,46,0,5,207,0,212,0,7,251,0,258,124,0,124,382
04/27/2009,MYF,CA,AWP,WE,Towers with Radar,0,7,92,0,99,0,7,251,0,258,0,14,343,0,357,330,0,330,687
04/28/2009,MYF,CA,AWP,WE,Towers with Radar,0,5,90,0,95,0,5,297,2,304,0,10,387,2,399,254,0,254,653
04/29/2009,MYF,CA,AWP,WE,Towers with Radar,0,5,106,0,111,0,6,356,0,362,0,11,462,0,473,192,0,192,665
04/30/2009,MYF,CA,AWP,WE,Towers with Radar,0,5,60,1,66,0,0,260,0,260,0,5,320,1,326,258,0,258,584
05/01/2009,MYF,CA,AWP,WE,Towers with Radar,0,7,60,0,67,0,2,254,0,256,0,9,314,0,323,234,0,234,557
05/02/2009,MYF,CA,AWP,WE,Towers with Radar,0,2,83,1,86,0,0,118,1,119,0,2,201,2,205,199,0,199,404
05/03/2009,MYF,CA,AWP,WE,Towers with Radar,0,3,70,0,73,0,3,318,0,321,0,6,388,0,394,262,0,262,656
05/04/2009,MYF,CA,AWP,WE,Towers with Radar,0,5,67,0,72,0,5,252,0,257,0,10,319,0,329,224,0,224,553
05/05/2009,MYF,CA,AWP,WE,Towers with Radar,0,7,81,0,88,0,7,387,0,394,0,14,468,0,482,273,0,273,755
05/06/2009,MYF,CA,AWP,WE,Towers with Radar,0,6,71,0,77,0,6,373,0,379,0,12,444,0,456,456,0,456,912
05/07/2009,MYF,CA,AWP,WE,Towers with Radar,0,4,77,0,81,0,5,446,0,451,0,9,523,0,532,378,0,378,910
05/08/2009,MYF,CA,AWP,WE,Towers with Radar,0,5,78,2,85,0,2,240,0,242,0,7,318,2,327,144,0,144,471
05/09/2009,MYF,CA,AWP,WE,Towers with Radar,0,1,85,0,86,0,0,221,0,221,0,1,306,0,307,0,170,170,477
05/10/2009,MYF,CA,AWP,WE,Towers with Radar,0,0,93,0,93,0,0,156,0,156,0,0,249,0,249,118,0,118,367
05/11/2009,MYF,CA,AWP,WE,Towers with Radar,0,4,56,0,60,0,2,179,0,181,0,6,235,0,241,108,0,108,349
05/12/2009,MYF,CA,AWP,WE,Towers with Radar,0,6,56,0,62,0,7,327,0,334,0,13,383,0,396,236,0,236,632
05/13/2009,MYF,CA,AWP,WE,Towers with Radar,0,4,36,0,40,0,4,303,0,307,0,8,339,0,347,244,0,244,591
05/14/2009,MYF,CA,AWP,WE,Towers with Radar,0,5,49,0,54,0,5,339,0,344,0,10,388,0,398,176,0,176,574
05/15/2009,MYF,CA,AWP,WE,Towers with Radar,0,4,81,0,85,0,1,273,0,274,0,5,354,0,359,188,0,188,547
05/16/2009,MYF,CA,AWP,WE,Towers with Radar,0,1,70,0,71,0,5,208,0,213,0,6,278,0,284,164,0,164,448
05/17/2009,MYF,CA,AWP,WE,Towers with Radar,0,0,72,0,72,0,0,330,0,330,0,0,402,0,402,216,0,216,618
05/18/2009,MYF,CA,AWP,WE,Towers with Radar,0,5,85,0,90,0,5,299,0,304,0,10,384,0,394,246,0,246,640
05/19/2009,MYF,CA,AWP,WE,Towers with Radar,0,5,77,0,82,0,0,227,0,227,0,5,304,0,309,254,0,254,563
05/20/2009,MYF,CA,AWP,WE,Towers with Radar,0,7,78,0,85,0,7,371,0,378,0,14,449,0,463,264,0,264,727
05/21/2009,MYF,CA,AWP,WE,Towers with Radar,0,4,86,0,90,0,5,350,0,355,0,9,436,0,445,246,0,246,691
05/22/2009,MYF,CA,AWP,WE,Towers with Radar,0,6,105,0,111,0,6,253,1,260,0,12,358,1,371,182,0,182,553
05/23/2009,MYF,CA,AWP,WE,Towers with Radar,0,2,84,0,86,0,0,236,0,236,0,2,320,0,322,98,0,98,420
05/24/2009,MYF,CA,AWP,WE,Towers with Radar,0,1,56,0,57,0,1,196,1,198,0,2,252,1,255,72,0,72,327
05/25/2009,MYF,CA,AWP,WE,Towers with Radar,0,0,91,0,91,0,0,260,0,260,0,0,351,0,351,284,0,284,635
05/26/2009,MYF,CA,AWP,WE,Towers with Radar,0,9,78,0,87,0,9,273,0,282,0,18,351,0,369,215,0,215,584
05/27/2009,MYF,CA,AWP,WE,Towers with Radar,0,8,86,0,94,0,0,190,0,190,0,8,276,0,284,288,0,288,572
05/28/2009,MYF,CA,AWP,WE,Towers with Radar,0,12,104,0,116,0,16,176,0,192,0,28,280,0,308,232,0,232,540
05/29/2009,MYF,CA,AWP,WE,Towers with Radar,0,6,137,0,143,0,5,29,0,34,0,11,166,0,177,112,0,112,289
05/30/2009,MYF,CA,AWP,WE,Towers with Radar,0,2,94,0,96,0,0,0,0,0,0,2,94,0,96,0,0,0,96
05/31/2009,MYF,CA,AWP,WE,Towers with Radar,0,4,100,0,104,0,4,125,0,129,0,8,225,0,233,82,0,82,315
06/01/2009,MYF,CA,AWP,WE,Towers with Radar,0,4,94,0,98,0,1,124,0,125,0,5,218,0,223,264,0,264,487
06/02/2009,MYF,CA,AWP,WE,Towers with Radar,0,7,88,0,95,0,1,377,0,378,0,8,465,0,473,374,0,374,847
06/03/2009,MYF,CA,AWP,WE,Towers with Radar,0,4,90,0,94,0,4,259,0,263,0,8,349,0,357,322,0,322,679
06/04/2009,MYF,CA,AWP,WE,Towers with Radar,0,4,78,0,82,0,0,222,0,222,0,4,300,0,304,214,0,214,518
06/05/2009,MYF,CA,AWP,WE,Towers with Radar,0,5,79,0,84,0,1,157,0,158,0,6,236,0,242,138,0,138,380
06/06/2009,MYF,CA,AWP,WE,Towers with Radar,0,1,74,0,75,0,1,179,0,180,0,2,253,0,255,280,0,280,535
06/07/2009,MYF,CA,AWP,WE,Towers with Radar,0,1,55,0,56,0,1,292,1,294,0,2,347,1,350,352,0,352,702
06/08/2009,MYF,CA,AWP,WE,Towers with Radar,0,6,63,0,69,0,1,198,0,199,0,7,261,0,268,252,0,252,520
06/09/2009,MYF,CA,AWP,WE,Towers with Radar,0,8,93,0,101,0,8,316,2,326,0,16,409,2,427,396,0,396,823
06/10/2009,MYF,CA,AWP,WE,Towers with Radar,0,13,89,0,102,0,13,235,11,259,0,26,324,11,361,414,0,414,775
06/11/2009,MYF,CA,AWP,WE,Towers with Radar,0,6,85,0,91,0,6,313,0,319,0,12,398,0,410,348,0,348,758
06/12/2009,MYF,CA,AWP,WE,Towers with Radar,0,10,113,0,123,0,3,126,0,129,0,13,239,0,252,280,0,280,532
06/13/2009,MYF,CA,AWP,WE,Towers with Radar,0,2,80,0,82,0,0,134,0,134,0,2,214,0,216,215,0,215,431
06/14/2009,MYF,CA,AWP,WE,Towers with Radar,0,7,60,0,67,0,1,209,0,210,0,8,269,0,277,204,0,204,481
06/15/2009,MYF,CA,AWP,WE,Towers with Radar,0,7,81,0,88,0,7,277,0,284,0,14,358,0,372,261,0,261,633
06/16/2009,MYF,CA,AWP,WE,Towers with Radar,0,8,74,0,82,0,8,325,0,333,0,16,399,0,415,226,0,226,641
06/17/2009,MYF,CA,AWP,WE,Towers with Radar,0,8,86,0,94,0,9,318,0,327,0,17,404,0,421,318,0,318,739
06/18/2009,MYF,CA,AWP,WE,Towers with Radar,0,6,87,0,93,0,9,408,0,417,0,15,495,0,510,310,0,310,820
06/19/2009,MYF,CA,AWP,WE,Towers with Radar,0,8,135,0,143,0,6,120,3,129,0,14,255,3,272,116,0,116,388
06/20/2009,MYF,CA,AWP,WE,Towers with Radar,0,4,95,0,99,0,0,22,0,22,0,4,117,0,121,22,0,22,143
06/21/2009,MYF,CA,AWP,WE,Towers with Radar,0,6,65,0,71,0,7,326,0,333,0,13,391,0,404,304,0,304,708
06/22/2009,MYF,CA,AWP,WE,Towers with Radar,0,4,77,0,81,0,5,302,0,307,0,9,379,0,388,220,0,220,608
06/23/2009,MYF,CA,AWP,WE,Towers with Radar,0,6,80,4,90,0,6,319,4,329,0,12,399,8,419,260,0,260,679
06/24/2009,MYF,CA,AWP,WE,Towers with Radar,0,4,81,0,85,0,1,213,0,214,0,5,294,0,299,216,0,216,515
06/25/2009,MYF,CA,AWP,WE,Towers with Radar,0,9,109,0,118,0,9,417,0,426,0,18,526,0,544,354,0,354,898
06/26/2009,MYF,CA,AWP,WE,Towers with Radar,0,5,91,0,96,0,5,205,0,210,0,10,296,0,306,260,0,260,566
06/27/2009,MYF,CA,AWP,WE,Towers with Radar,0,2,54,0,56,0,3,227,0,230,0,5,281,0,286,166,0,166,452
06/28/2009,MYF,CA,AWP,WE,Towers with Radar,0,1,72,0,73,0,1,280,0,281,0,2,352,0,354,262,0,262,616
06/29/2009,MYF,CA,AWP,WE,Towers with Radar,0,7,78,0,85,0,7,256,0,263,0,14,334,0,348,144,0,144,492
06/30/2009,MYF,CA,AWP,WE,Towers with Radar,0,9,101,0,110,0,9,418,2,429,0,18,519,2,539,184,0,184,723
07/01/2009,MYF,CA,AWP,WE,Towers with Radar,0,6,68,1,75,0,4,341,1,346,0,10,409,2,421,310,0,310,731
07/02/2009,MYF,CA,AWP,WE,Towers with Radar,0,4,83,0,87,0,6,360,1,367,0,10,443,1,454,128,0,128,582
07/03/2009,MYF,CA,AWP,WE,Towers with Radar,0,4,78,0,82,0,0,285,0,285,0,4,363,0,367,192,0,192,559
07/04/2009,MYF,CA,AWP,WE,Towers with Radar,0,3,34,0,37,0,1,135,0,136,0,4,169,0,173,166,0,166,339
07/05/2009,MYF,CA,AWP,WE,Towers with Radar,0,0,60,0,60,0,0,241,0,241,0,0,301,0,301,154,0,154,455
07/06/2009,MYF,CA,AWP,WE,Towers with Radar,0,6,84,0,90,0,9,271,0,280,0,15,355,0,370,200,0,200,570
07/07/2009,MYF,CA,AWP,WE,Towers with Radar,0,10,71,1,82,0,10,388,0,398,0,20,459,1,480,260,0,260,740
07/08/2009,MYF,CA,AWP,WE,Towers with Radar,0,5,68,0,73,0,6,408,0,414,0,11,476,0,487,286,0,286,773
07/09/2009,MYF,CA,AWP,WE,Towers with Radar,0,8,70,0,78,0,3,274,0,277,0,11,344,0,355,146,0,146,501
07/10/2009,MYF,CA,AWP,WE,Towers with Radar,0,9,60,0,69,0,4,258,0,262,0,13,318,0,331,283,0,283,614
07/11/2009,MYF,CA,AWP,WE,Towers with Radar,0,3,54,0,57,0,1,314,0,315,0,4,368,0,372,204,0,204,576
07/12/2009,MYF,CA,AWP,WE,Towers with Radar,0,3,66,0,69,0,1,226,0,227,0,4,292,0,296,160,0,160,456
07/13/2009,MYF,CA,AWP,WE,Towers with Radar,0,7,58,0,65,0,7,300,0,307,0,14,358,0,372,181,0,181,553
07/14/2009,MYF,CA,AWP,WE,Towers with Radar,0,5,62,0,67,0,5,362,0,367,0,10,424,0,434,230,0,230,664
07/15/2009,MYF,CA,AWP,WE,Towers with Radar,0,5,91,0,96,0,2,295,0,297,0,7,386,0,393,128,0,128,521
07/16/2009,MYF,CA,AWP,WE,Towers with Radar,0,4,73,0,77,0,17,204,0,221,0,21,277,0,298,223,0,223,521
07/17/2009,MYF,CA,AWP,WE,Towers with Radar,0,8,74,0,82,0,6,256,0,262,0,14,330,0,344,313,0,313,657
07/18/2009,MYF,CA,AWP,WE,Towers with Radar,0,1,77,0,78,0,1,238,0,239,0,2,315,0,317,208,0,208,525
07/19/2009,MYF,CA,AWP,WE,Towers with Radar,0,3,57,0,60,0,0,247,0,247,0,3,304,0,307,300,0,300,607
07/20/2009,MYF,CA,AWP,WE,Towers with Radar,0,5,65,0,70,0,4,248,0,252,0,9,313,0,322,194,0,194,516
07/21/2009,MYF,CA,AWP,WE,Towers with Radar,0,4,83,0,87,0,7,356,0,363,0,11,439,0,450,234,0,234,684
07/22/2009,MYF,CA,AWP,WE,Towers with Radar,0,3,63,0,66,0,3,309,0,312,0,6,372,0,378,246,0,246,624
07/23/2009,MYF,CA,AWP,WE,Towers with Radar,0,4,94,0,98,0,4,315,0,319,0,8,409,0,417,23,0,23,440
07/24/2009,MYF,CA,AWP,WE,Towers with Radar,0,4,109,0,113,0,4,228,0,232,0,8,337,0,345,268,0,268,613
07/25/2009,MYF,CA,AWP,WE,Towers with Radar,0,1,98,0,99,0,2,203,0,205,0,3,301,0,304,242,0,242,546
07/26/2009,MYF,CA,AWP,WE,Towers with Radar,0,4,58,0,62,0,0,193,0,193,0,4,251,0,255,144,0,144,399
07/27/2009,MYF,CA,AWP,WE,Towers with Radar,0,8,80,0,88,0,8,247,0,255,0,16,327,0,343,220,0,220,563
07/28/2009,MYF,CA,AWP,WE,Towers with Radar,0,9,80,0,89,0,9,408,0,417,0,18,488,0,506,382,0,382,888
07/29/2009,MYF,CA,AWP,WE,Towers with Radar,0,3,82,0,85,0,1,243,0,244,0,4,325,0,329,214,0,214,543
07/30/2009,MYF,CA,AWP,WE,Towers with Radar,0,2,83,0,85,0,1,200,0,201,0,3,283,0,286,263,0,263,549
07/31/2009,MYF,CA,AWP,WE,Towers with Radar,0,5,74,0,79,0,6,302,0,308,0,11,376,0,387,278,2,280,667
08/01/2009,MYF,CA,AWP,WE,Towers with Radar,0,2,68,0,70,0,1,206,3,210,0,3,274,3,280,236,0,236,516
08/02/2009,MYF,CA,AWP,WE,Towers with Radar,0,1,48,0,49,0,2,196,0,198,0,3,244,0,247,314,0,314,561
08/03/2009,MYF,CA,AWP,WE,Towers with Radar,0,6,44,0,50,0,7,293,0,300,0,13,337,0,350,257,0,257,607
08/04/2009,MYF,CA,AWP,WE,Towers with Radar,0,3,65,2,70,0,3,349,2,354,0,6,414,4,424,283,2,285,709
08/05/2009,MYF,CA,AWP,WE,Towers with Radar,0,3,63,0,66,0,1,264,0,265,0,4,327,0,331,206,0,206,537
08/06/2009,MYF,CA,AWP,WE,Towers with Radar,0,3,55,2,60,0,1,237,0,238,0,4,292,2,298,274,0,274,572
08/07/2009,MYF,CA,AWP,WE,Towers with Radar,0,4,63,0,67,0,2,262,0,264,0,6,325,0,331,338,0,338,669
08/08/2009,MYF,CA,AWP,WE,Towers with Radar,0,0,62,0,62,0,1,272,0,273,0,1,334,0,335,164,0,164,499
08/09/2009,MYF,CA,AWP,WE,Towers with Radar,0,0,52,0,52,0,3,282,0,285,0,3,334,0,337,234,0,234,571
08/10/2009,MYF,CA,AWP,WE,Towers with Radar,0,7,66,0,73,0,4,187,0,191,0,11,253,0,264,323,0,323,587
08/11/2009,MYF,CA,AWP,WE,Towers with Radar,0,6,62,3,71,0,6,283,5,294,0,12,345,8,365,350,0,350,715
08/12/2009,MYF,CA,AWP,WE,Towers with Radar,0,7,54,0,61,0,1,248,0,249,0,8,302,0,310,232,0,232,542
08/13/2009,MYF,CA,AWP,WE,Towers with Radar,0,2,71,0,73,0,2,287,0,289,0,4,358,0,362,284,0,284,646
08/14/2009,MYF,CA,AWP,WE,Towers with Radar,0,6,88,0,94,0,2,228,0,230,0,8,316,0,324,392,0,392,716
08/15/2009,MYF,CA,AWP,WE,Towers with Radar,0,0,51,0,51,0,1,229,0,230,0,1,280,0,281,214,0,214,495
08/16/2009,MYF,CA,AWP,WE,Towers with Radar,0,4,50,0,54,0,4,325,0,329,0,8,375,0,383,278,0,278,661
08/17/2009,MYF,CA,AWP,WE,Towers with Radar,0,6,75,0,81,0,6,228,0,234,0,12,303,0,315,168,0,168,483
08/18/2009,MYF,CA,AWP,WE,Towers with Radar,0,10,70,3,83,0,10,344,0,354,0,20,414,3,437,304,0,304,741
08/19/2009,MYF,CA,AWP,WE,Towers with Radar,0,7,75,0,82,0,0,200,1,201,0,7,275,1,283,272,0,272,555
08/20/2009,MYF,CA,AWP,WE,Towers with Radar,0,6,81,0,87,0,4,208,0,212,0,10,289,0,299,206,0,206,505
08/21/2009,MYF,CA,AWP,WE,Towers with Radar,0,5,81,0,86,0,5,170,0,175,0,10,251,0,261,322,0,322,583
08/22/2009,MYF,CA,AWP,WE,Towers with Radar,0,8,63,0,71,0,1,152,0,153,0,9,215,0,224,131,0,131,355
08/23/2009,MYF,CA,AWP,WE,Towers with Radar,0,2,39,0,41,0,2,199,0,201,0,4,238,0,242,236,0,236,478
08/24/2009,MYF,CA,AWP,WE,Towers with Radar,0,5,63,0,68,0,5,236,0,241,0,10,299,0,309,250,0,250,559
08/25/2009,MYF,CA,AWP,WE,Towers with Radar,0,2,57,0,59,0,2,302,0,304,0,4,359,0,363,186,0,186,549
08/26/2009,MYF,CA,AWP,WE,Towers with Radar,0,5,55,0,60,0,0,244,0,244,0,5,299,0,304,232,0,232,536
08/27/2009,MYF,CA,AWP,WE,Towers with Radar,0,3,54,0,57,0,0,236,0,236,0,3,290,0,293,241,0,241,534
08/28/2009,MYF,CA,AWP,WE,Towers with Radar,0,5,46,0,51,0,3,258,0,261,0,8,304,0,312,248,0,248,560
08/29/2009,MYF,CA,AWP,WE,Towers with Radar,0,2,54,0,56,0,0,190,0,190,0,2,244,0,246,192,0,192,438
08/30/2009,MYF,CA,AWP,WE,Towers with Radar,0,3,50,0,53,0,2,249,0,251,0,5,299,0,304,148,0,148,452
08/31/2009,MYF,CA,AWP,WE,Towers with Radar,0,6,60,0,66,0,7,286,0,293,0,13,346,0,359,246,0,246,605
09/01/2009,MYF,CA,AWP,WE,Towers with Radar,0,5,43,0,48,0,5,260,0,265,0,10,303,0,313,222,0,222,535
09/02/2009,MYF,CA,AWP,WE,Towers with Radar,0,7,70,0,77,0,0,0,0,0,0,7,70,0,77,34,0,34,111
09/03/2009,MYF,CA,AWP,WE,Towers with Radar,0,4,74,0,78,0,0,197,1,198,0,4,271,1,276,336,0,336,612
09/04/2009,MYF,CA,AWP,WE,Towers with Radar,0,8,79,0,87,0,5,239,0,244,0,13,318,0,331,271,0,271,602
09/05/2009,MYF,CA,AWP,WE,Towers with Radar,0,4,50,1,55,0,3,170,1,174,0,7,220,2,229,172,0,172,401
09/06/2009,MYF,CA,AWP,WE,Towers with Radar,0,2,58,0,60,0,1,169,0,170,0,3,227,0,230,158,0,158,388
09/07/2009,MYF,CA,AWP,WE,Towers with Radar,0,0,84,3,87,0,0,402,3,405,0,0,486,6,492,266,3,269,761
09/08/2009,MYF,CA,AWP,WE,Towers with Radar,0,8,72,0,80,0,8,283,0,291,0,16,355,0,371,300,0,300,671
09/09/2009,MYF,CA,AWP,WE,Towers with Radar,0,3,68,0,71,0,0,220,0,220,0,3,288,0,291,260,0,260,551
09/10/2009,MYF,CA,AWP,WE,Towers with Radar,0,6,79,0,85,0,3,199,0,202,0,9,278,0,287,222,0,222,509
09/11/2009,MYF,CA,AWP,WE,Towers with Radar,0,4,63,0,67,0,1,230,0,231,0,5,293,0,298,162,0,162,460
09/12/2009,MYF,CA,AWP,WE,Towers with Radar,0,1,68,0,69,0,3,225,0,228,0,4,293,0,297,164,0,164,461
09/13/2009,MYF,CA,AWP,WE,Towers with Radar,0,1,77,0,78,0,0,184,0,184,0,1,261,0,262,260,0,260,522
09/14/2009,MYF,CA,AWP,WE,Towers with Radar,0,2,99,0,101,0,7,322,0,329,0,9,421,0,430,364,0,364,794
09/15/2009,MYF,CA,AWP,WE,Towers with Radar,0,8,81,0,89,0,2,204,0,206,0,10,285,0,295,326,0,326,621
09/16/2009,MYF,CA,AWP,WE,Towers with Radar,0,6,65,0,71,0,6,428,0,434,0,12,493,0,505,260,0,260,765
09/17/2009,MYF,CA,AWP,WE,Towers with Radar,0,5,53,0,58,0,2,285,0,287,0,7,338,0,345,284,0,284,629
09/18/2009,MYF,CA,AWP,WE,Towers with Radar,0,8,60,0,68,0,2,230,0,232,0,10,290,0,300,267,0,267,567
09/19/2009,MYF,CA,AWP,WE,Towers with Radar,0,2,54,0,56,0,0,269,0,269,0,2,323,0,325,19,0,19,344
09/20/2009,MYF,CA,AWP,WE,Towers with Radar,0,1,63,0,64,0,1,297,0,298,0,2,360,0,362,274,0,274,636
09/21/2009,MYF,CA,AWP,WE,Towers with Radar,0,6,56,0,62,0,6,247,0,253,0,12,303,0,315,306,0,306,621
09/22/2009,MYF,CA,AWP,WE,Towers with Radar,0,4,62,0,66,0,4,308,0,312,0,8,370,0,378,0,220,220,598
09/23/2009,MYF,CA,AWP,WE,Towers with Radar,0,3,61,0,64,0,4,273,0,277,0,7,334,0,341,342,0,342,683
09/24/2009,MYF,CA,AWP,WE,Towers with Radar,0,2,60,0,62,0,0,284,0,284,0,2,344,0,346,304,0,304,650
09/25/2009,MYF,CA,AWP,WE,Towers with Radar,0,6,64,1,71,0,0,307,1,308,0,6,371,2,379,230,0,230,609
09/26/2009,MYF,CA,AWP,WE,Towers with Radar,0,1,66,1,68,0,3,207,1,211,0,4,273,2,279,232,0,232,511
09/27/2009,MYF,CA,AWP,WE,Towers with Radar,0,1,48,0,49,0,1,193,4,198,0,2,241,4,247,96,0,96,343
09/28/2009,MYF,CA,AWP,WE,Towers with Radar,0,7,60,1,68,0,7,310,7,324,0,14,370,8,392,356,0,356,748
09/29/2009,MYF,CA,AWP,WE,Towers with Radar,0,6,70,0,76,0,9,297,0,306,0,15,367,0,382,18,0,18,400
09/30/2009,MYF,CA,AWP,WE,Towers with Radar,0,3,66,0,69,0,1,348,0,349,0,4,414,0,418,336,0,336,754
10/01/2009,MYF,CA,AWP,WE,Towers with Radar,0,5,46,0,51,0,2,221,2,225,0,7,267,2,276,310,0,310,586
10/02/2009,MYF,CA,AWP,WE,Towers with Radar,0,6,32,0,38,0,0,0,0,0,0,6,32,0,38,160,0,160,198
10/03/2009,MYF,CA,AWP,WE,Towers with Radar,0,4,40,0,44,0,1,75,0,76,0,5,115,0,120,100,2,102,222
10/04/2009,MYF,CA,AWP,WE,Towers with Radar,0,4,50,0,54,0,1,79,0,80,0,5,129,0,134,100,0,100,234
10/05/2009,MYF,CA,AWP,WE,Towers with Radar,0,9,59,0,68,0,9,291,0,300,0,18,350,0,368,276,0,276,644
10/06/2009,MYF,CA,AWP,WE,Towers with Radar,0,5,70,2,77,0,5,277,2,284,0,10,347,4,361,254,0,254,615
10/07/2009,MYF,CA,AWP,WE,Towers with Radar,0,4,67,0,71,0,0,277,0,277,0,4,344,0,348,278,0,278,626
10/08/2009,MYF,CA,AWP,WE,Towers with Radar,0,5,65,0,70,0,0,259,0,259,0,5,324,0,329,242,0,242,571
10/09/2009,MYF,CA,AWP,WE,Towers with Radar,0,3,81,2,86,0,5,234,1,240,0,8,315,3,326,330,0,330,656
10/10/2009,MYF,CA,AWP,WE,Towers with Radar,0,4,66,0,70,0,0,251,0,251,0,4,317,0,321,178,0,178,499
10/11/2009,MYF,CA,AWP,WE,Towers with Radar,0,6,84,0,90,0,9,311,0,320,0,15,395,0,410,212,0,212,622
10/12/2009,MYF,CA,AWP,WE,Towers with Radar,0,12,76,0,88,0,12,299,0,311,0,24,375,0,399,340,0,340,739
10/13/2009,MYF,CA,AWP,WE,Towers with Radar,0,5,54,0,59,0,0,225,2,227,0,5,279,2,286,192,2,194,480
10/14/2009,MYF,CA,AWP,WE,Towers with Radar,0,8,76,0,84,0,0,205,0,205,0,8,281,0,289,314,0,314,603
10/15/2009,MYF,CA,AWP,WE,Towers with Radar,0,3,81,0,84,0,2,196,0,198,0,5,277,0,282,224,0,224,506
10/16/2009,MYF,CA,AWP,WE,Towers with Radar,0,6,70,0,76,0,6,314,1,321,0,12,384,1,397,316,0,316,713
10/17/2009,MYF,CA,AWP,WE,Towers with Radar,0,0,43,0,43,0,1,289,0,290,0,1,332,0,333,275,0,275,608
10/18/2009,MYF,CA,AWP,WE,Towers with Radar,0,0,0,0,0,0,5,188,0,193,0,5,188,0,193,194,0,194,387
10/19/2009,MYF,CA,AWP,WE,Towers with Radar,0,9,75,0,84,0,9,231,0,240,0,18,306,0,324,296,0,296,620
10/20/2009,MYF,CA,AWP,WE,Towers with Radar,0,6,71,0,77,0,10,319,0,329,0,16,390,0,406,271,0,271,677
10/21/2009,MYF,CA,AWP,WE,Towers with Radar,0,4,61,0,65,0,0,263,0,263,0,4,324,0,328,240,0,240,568
10/22/2009,MYF,CA,AWP,WE,Towers with Radar,0,8,78,1,87,0,1,278,1,280,0,9,356,2,367,290,0,290,657
10/23/2009,MYF,CA,AWP,WE,Towers with Radar,0,6,78,1,85,0,5,273,0,278,0,11,351,1,363,312,0,312,675
10/24/2009,MYF,CA,AWP,WE,Towers with Radar,0,0,60,0,60,0,1,195,0,196,0,1,255,0,256,208,0,208,464
10/25/2009,MYF,CA,AWP,WE,Towers with Radar,0,0,61,0,61,0,0,297,0,297,0,0,358,0,358,224,0,224,582
10/26/2009,MYF,CA,AWP,WE,Towers with Radar,0,6,52,0,58,0,6,302,0,308,0,12,354,0,366,303,0,303,669
10/27/2009,MYF,CA,AWP,WE,Towers with Radar,0,3,61,0,64,0,3,145,0,148,0,6,206,0,212,223,0,223,435
10/28/2009,MYF,CA,AWP,WE,Towers with Radar,0,3,49,0,52,0,1,212,0,213,0,4,261,0,265,254,0,254,519
10/29/2009,MYF,CA,AWP,WE,Towers with Radar,0,6,84,0,90,0,1,297,0,298,0,7,381,0,388,226,0,226,614
10/30/2009,MYF,CA,AWP,WE,Towers with Radar,0,5,60,0,65,0,4,280,0,284,0,9,340,0,349,354,2,356,705
10/31/2009,MYF,CA,AWP,WE,Towers with Radar,0,0,46,0,46,0,2,226,0,228,0,2,272,0,274,270,0,270,544
11/01/2009,MYF,CA,AWP,WE,Towers with Radar,0,0,56,0,56,0,0,264,0,264,0,0,320,0,320,178,0,178,498
11/02/2009,MYF,CA,AWP,WE,Towers with Radar,0,5,38,0,43,0,6,261,2,269,0,11,299,2,312,254,0,254,566
11/03/2009,MYF,CA,AWP,WE,Towers with Radar,0,5,66,0,71,0,5,328,0,333,0,10,394,0,404,324,0,324,728
11/04/2009,MYF,CA,AWP,WE,Towers with Radar,0,3,63,0,66,0,7,249,0,256,0,10,312,0,322,332,0,332,654
11/05/2009,MYF,CA,AWP,WE,Towers with Radar,0,1,85,0,86,0,0,223,0,223,0,1,308,0,309,284,0,284,593
11/06/2009,MYF,CA,AWP,WE,Towers with Radar,0,8,72,0,80,0,0,177,0,177,0,8,249,0,257,246,0,246,503
11/07/2009,MYF,CA,AWP,WE,Towers with Radar,0,1,67,0,68,0,5,164,0,169,0,6,231,0,237,184,0,184,421
11/08/2009,MYF,CA,AWP,WE,Towers with Radar,0,3,54,0,57,0,4,288,2,294,0,7,342,2,351,174,0,174,525
11/09/2009,MYF,CA,AWP,WE,Towers with Radar,0,7,49,0,56,0,7,282,0,289,0,14,331,0,345,321,0,321,666
11/10/2009,MYF,CA,AWP,WE,Towers with Radar,0,4,61,0,65,0,4,281,0,285,0,8,342,0,350,274,0,274,624
11/11/2009,MYF,CA,AWP,WE,Towers with Radar,0,1,0,0,1,0,8,282,0,290,0,9,282,0,291,298,0,298,589
11/12/2009,MYF,CA,AWP,WE,Towers with Radar,0,3,76,0,79,0,0,185,1,186,0,3,261,1,265,241,0,241,506
11/13/2009,MYF,CA,AWP,WE,Towers with Radar,0,9,85,0,94,0,4,207,6,217,0,13,292,6,311,242,0,242,553
11/14/2009,MYF,CA,AWP,WE,Towers with Radar,0,4,48,0,52,0,0,270,0,270,0,4,318,0,322,236,0,236,558
11/15/2009,MYF,CA,AWP,WE,Towers with Radar,0,5,58,0,63,0,5,349,0,354,0,10,407,0,417,212,0,212,629
11/16/2009,MYF,CA,AWP,WE,Towers with Radar,0,6,47,0,53,0,6,271,0,277,0,12,318,0,330,116,2,118,448
11/17/2009,MYF,CA,AWP,WE,Towers with Radar,0,5,80,2,87,0,5,335,0,340,0,10,415,2,427,292,2,294,721
11/18/2009,MYF,CA,AWP,WE,Towers with Radar,0,5,53,0,58,0,0,313,0,313,0,5,366,0,371,282,0,282,653
11/19/2009,MYF,CA,AWP,WE,Towers with Radar,0,4,68,0,72,0,9,270,0,279,0,13,338,0,351,174,0,174,525
11/20/2009,MYF,CA,AWP,WE,Towers with Radar,0,5,75,0,80,0,2,226,0,228,0,7,301,0,308,232,0,232,540
11/21/2009,MYF,CA,AWP,WE,Towers with Radar,0,2,78,0,80,0,4,247,0,251,0,6,325,0,331,216,0,216,547
11/22/2009,MYF,CA,AWP,WE,Towers with Radar,0,2,44,0,46,0,5,309,0,314,0,7,353,0,360,174,0,174,534
11/23/2009,MYF,CA,AWP,WE,Towers with Radar,0,6,63,0,69,0,6,346,5,357,0,12,409,5,426,276,0,276,702
11/24/2009,MYF,CA,AWP,WE,Towers with Radar,0,7,61,0,68,0,7,338,0,345,0,14,399,0,413,332,0,332,745
11/25/2009,MYF,CA,AWP,WE,Towers with Radar,0,9,64,0,73,0,4,317,0,321,0,13,381,0,394,186,0,186,580
11/26/2009,MYF,CA,AWP,WE,Towers with Radar,0,2,29,0,31,0,0,131,0,131,0,2,160,0,162,224,0,224,386
11/27/2009,MYF,CA,AWP,WE,Towers with Radar,0,6,50,0,56,0,0,249,0,249,0,6,299,0,305,158,0,158,463
11/28/2009,MYF,CA,AWP,WE,Towers with Radar,0,3,32,1,36,0,1,34,0,35,0,4,66,1,71,92,4,96,167
11/29/2009,MYF,CA,AWP,WE,Towers with Radar,0,6,67,0,73,0,6,318,0,324,0,12,385,0,397,208,0,208,605
11/30/2009,MYF,CA,AWP,WE,Towers with Radar,0,5,62,0,67,0,5,311,0,316,0,10,373,0,383,330,0,330,713
12/01/2009,MYF,CA,AWP,WE,Towers with Radar,0,5,67,0,72,0,5,233,0,238,0,10,300,0,310,248,0,248,558
12/02/2009,MYF,CA,AWP,WE,Towers with Radar,0,4,81,0,85,0,1,207,0,208,0,5,288,0,293,312,0,312,605
12/03/2009,MYF,CA,AWP,WE,Towers with Radar,0,2,73,0,75,0,1,201,0,202,0,3,274,0,277,306,0,306,583
12/04/2009,MYF,CA,AWP,WE,Towers with Radar,0,6,75,0,81,0,2,237,0,239,0,8,312,0,320,212,0,212,532
12/05/2009,MYF,CA,AWP,WE,Towers with Radar,0,0,68,1,69,0,1,187,0,188,0,1,255,1,257,396,0,396,653
12/06/2009,MYF,CA,AWP,WE,Towers with Radar,0,1,37,0,38,0,3,158,0,161,0,4,195,0,199,204,0,204,403
12/07/2009,MYF,CA,AWP,WE,Towers with Radar,0,1,24,0,25,0,1,20,0,21,0,2,44,0,46,0,0,0,46
12/08/2009,MYF,CA,AWP,WE,Towers with Radar,0,5,50,0,55,0,5,243,0,248,0,10,293,0,303,264,0,264,567
12/09/2009,MYF,CA,AWP,WE,Towers with Radar,0,5,77,0,82,0,0,266,0,266,0,5,343,0,348,218,0,218,566
12/10/2009,MYF,CA,AWP,WE,Towers with Radar,0,3,66,0,69,0,0,191,1,192,0,3,257,1,261,200,0,200,461
12/11/2009,MYF,CA,AWP,WE,Towers with Radar,0,8,69,1,78,0,0,21,0,21,0,8,90,1,99,52,0,52,151
12/12/2009,MYF,CA,AWP,WE,Towers with Radar,0,1,50,0,51,0,0,0,0,0,0,1,50,0,51,14,0,14,65
12/13/2009,MYF,CA,AWP,WE,Towers with Radar,0,1,53,0,54,0,1,130,0,131,0,2,183,0,185,204,0,204,389
12/14/2009,MYF,CA,AWP,WE,Towers with Radar,0,4,48,0,52,0,3,233,0,236,0,7,281,0,288,184,0,184,472
12/15/2009,MYF,CA,AWP,WE,Towers with Radar,0,2,62,0,64,0,2,325,3,330,0,4,387,3,394,23,3,26,420
12/16/2009,MYF,CA,AWP,WE,Towers with Radar,0,4,80,1,85,0,0,260,4,264,0,4,340,5,349,232,0,232,581
12/17/2009,MYF,CA,AWP,WE,Towers with Radar,0,2,67,1,70,0,1,207,0,208,0,3,274,1,278,170,0,170,448
12/18/2009,MYF,CA,AWP,WE,Towers with Radar,0,6,68,0,74,0,4,304,1,309,0,10,372,1,383,254,0,254,637
12/19/2009,MYF,CA,AWP,WE,Towers with Radar,0,0,60,0,60,0,1,249,0,250,0,1,309,0,310,242,0,242,552
12/20/2009,MYF,CA,AWP,WE,Towers with Radar,0,3,53,0,56,0,2,285,0,287,0,5,338,0,343,184,0,184,527
12/21/2009,MYF,CA,AWP,WE,Towers with Radar,0,5,75,0,80,0,5,347,0,352,0,10,422,0,432,344,0,344,776
12/22/2009,MYF,CA,AWP,WE,Towers with Radar,0,4,44,0,48,0,4,143,0,147,0,8,187,0,195,116,0,116,311
12/23/2009,MYF,CA,AWP,WE,Towers with Radar,0,5,57,0,62,0,2,243,0,245,0,7,300,0,307,258,0,258,565
12/24/2009,MYF,CA,AWP,WE,Towers with Radar,0,3,23,0,26,0,0,176,0,176,0,3,199,0,202,220,0,220,422
12/25/2009,MYF,CA,AWP,WE,Towers with Radar,0,4,12,0,16,0,0,80,0,80,0,4,92,0,96,84,0,84,180
12/26/2009,MYF,CA,AWP,WE,Towers with Radar,0,4,39,0,43,0,0,179,0,179,0,4,218,0,222,284,0,284,506
12/27/2009,MYF,CA,AWP,WE,Towers with Radar,0,0,52,2,54,0,0,177,0,177,0,0,229,2,231,227,0,227,458
12/28/2009,MYF,CA,AWP,WE,Towers with Radar,0,6,56,0,62,0,6,229,0,235,0,12,285,0,297,232,0,232,529
12/29/2009,MYF,CA,AWP,WE,Towers with Radar,0,3,52,0,55,0,3,306,3,312,0,6,358,3,367,142,0,142,509
12/30/2009,MYF,CA,AWP,WE,Towers with Radar,0,8,77,0,85,0,0,115,0,115,0,8,192,0,200,272,0,272,472
12/31/2009,MYF,CA,AWP,WE,Towers with Radar,0,2,61,0,63,0,3,289,0,292,0,5,350,0,355,256,0,256,611
01/01/2010,MYF,CA,AWP,WE,Towers with Radar,0,0,27,0,27,0,1,152,1,154,0,1,179,1,181,111,0,111,292
01/02/2010,MYF,CA,AWP,WE,Towers with Radar,0,0,49,0,49,0,0,287,0,287,0,0,336,0,336,188,0,188,524
01/03/2010,MYF,CA,AWP,WE,Towers with Radar,0,4,33,0,37,0,0,260,0,260,0,4,293,0,297,168,0,168,465
01/04/2010,MYF,CA,AWP,WE,Towers with Radar,0,4,40,0,44,0,4,248,0,252,0,8,288,0,296,174,0,174,470
01/05/2010,MYF,CA,AWP,WE,Towers with Radar,0,6,42,0,48,0,6,236,0,242,0,12,278,0,290,186,0,186,476
01/06/2010,MYF,CA,AWP,WE,Towers with Radar,0,5,56,0,61,0,2,245,0,247,0,7,301,0,308,256,0,256,564
01/07/2010,MYF,CA,AWP,WE,Towers with Radar,0,5,40,0,45,0,0,181,0,181,0,5,221,0,226,238,0,238,464
01/08/2010,MYF,CA,AWP,WE,Towers with Radar,0,7,56,0,63,0,1,224,0,225,0,8,280,0,288,197,0,197,485
01/09/2010,MYF,CA,AWP,WE,Towers with Radar,0,0,40,0,40,0,2,296,2,300,0,2,336,2,340,320,0,320,660
01/10/2010,MYF,CA,AWP,WE,Towers with Radar,0,6,46,0,52,0,1,270,1,272,0,7,316,1,324,170,0,170,494
01/11/2010,MYF,CA,AWP,WE,Towers with Radar,0,8,61,0,69,0,8,250,0,258,0,16,311,0,327,168,0,168,495
01/12/2010,MYF,CA,AWP,WE,Towers with Radar,0,6,55,4,65,0,6,351,0,357,0,12,406,4,422,436,4,440,862
01/13/2010,MYF,CA,AWP,WE,Towers with Radar,0,3,89,0,92,0,1,74,0,75,0,4,163,0,167,160,0,160,327
01/14/2010,MYF,CA,AWP,WE,Towers with Radar,0,5,71,0,76,0,1,294,0,295,0,6,365,0,371,344,0,344,715
01/15/2010,MYF,CA,AWP,WE,Towers with Radar,0,7,93,0,100,0,2,246,0,248,0,9,339,0,348,261,0,261,609
01/16/2010,MYF,CA,AWP,WE,Towers with Radar,0,2,52,0,54,0,1,269,0,270,0,3,321,0,324,122,0,122,446
01/17/2010,MYF,CA,AWP,WE,Towers with Radar,0,1,75,0,76,0,2,153,0,155,0,3,228,0,231,182,0,182,413
01/18/2010,MYF,CA,AWP,WE,Towers with Radar,0,1,33,0,34,0,1,49,0,50,0,2,82,0,84,30,0,30,114
01/19/2010,MYF,CA,AWP,WE,Towers with Radar,0,2,37,0,39,0,2,75,0,77,0,4,112,0,116,16,0,16,132
01/20/2010,MYF,CA,AWP,WE,Towers with Radar,0,4,31,0,35,0,1,65,0,66,0,5,96,0,101,136,0,136,237
01/21/2010,MYF,CA,AWP,WE,Towers with Radar,0,3,18,0,21,0,0,12,0,12,0,3,30,0,33,6,0,6,39
01/22/2010,MYF,CA,AWP,WE,Towers with Radar,0,7,17,0,24,0,2,37,1,40,0,9,54,1,64,48,2,50,114
01/23/2010,MYF,CA,AWP,WE,Towers with Radar,0,1,267,0,268,0,0,0,0,0,0,1,267,0,268,194,0,194,462
01/24/2010,MYF,CA,AWP,WE,Towers with Radar,0,0,37,4,41,0,0,308,1,309,0,0,345,5,350,254,0,254,604
01/25/2010,MYF,CA,AWP,WE,Towers with Radar,0,60,76,0,136,0,6,331,0,337,0,66,407,0,473,302,0,302,775
01/26/2010,MYF,CA,AWP,WE,Towers with Radar,0,2,68,0,70,0,2,266,0,268,0,4,334,0,338,250,0,250,588
01/27/2010,MYF,CA,AWP,WE,Towers with Radar,0,3,68,4,75,0,0,194,4,198,0,3,262,8,273,238,0,238,511
01/28/2010,MYF,CA,AWP,WE,Towers with Radar,0,5,69,0,74,0,2,305,0,307,0,7,374,0,381,208,0,208,589
01/29/2010,MYF,CA,AWP,WE,Towers with Radar,0,5,70,0,75,0,1,341,2,344,0,6,411,2,419,230,0,230,649
01/30/2010,MYF,CA,AWP,WE,Towers with Radar,0,4,65,0,69,0,0,300,0,300,0,4,365,0,369,128,0,128,497
01/31/2010,MYF,CA,AWP,WE,Towers with Radar,0,4,77,0,81,0,0,246,0,246,0,4,323,0,327,338,0,338,665
02/01/2010,MYF,CA,AWP,WE,Towers with Radar,0,10,45,0,55,0,10,231,0,241,0,20,276,0,296,218,0,218,514
02/02/2010,MYF,CA,AWP,WE,Towers with Radar,0,8,63,2,73,0,8,302,0,310,0,16,365,2,383,296,2,298,681
02/03/2010,MYF,CA,AWP,WE,Towers with Radar,0,7,88,1,96,0,4,199,1,204,0,11,287,2,300,178,0,178,478
02/04/2010,MYF,CA,AWP,WE,Towers with Radar,0,8,84,0,92,0,1,193,0,194,0,9,277,0,286,298,0,298,584
02/05/2010,MYF,CA,AWP,WE,Towers with Radar,0,10,83,0,93,0,1,108,0,109,0,11,191,0,202,160,0,160,362
02/06/2010,MYF,CA,AWP,WE,Towers with Radar,0,2,26,0,28,0,0,7,0,7,0,2,33,0,35,22,0,22,57
02/07/2010,MYF,CA,AWP,WE,Towers with Radar,0,8,45,0,53,0,0,106,0,106,0,8,151,0,159,180,0,180,339
02/08/2010,MYF,CA,AWP,WE,Towers with Radar,0,10,77,0,87,0,10,364,2,376,0,20,441,2,463,246,0,246,709
02/09/2010,MYF,CA,AWP,WE,Towers with Radar,0,5,53,0,58,0,12,174,0,186,0,17,227,0,244,188,0,188,432
02/10/2010,MYF,CA,AWP,WE,Towers with Radar,0,5,65,0,70,0,0,259,0,259,0,5,324,0,329,322,0,322,651
02/11/2010,MYF,CA,AWP,WE,Towers with Radar,0,4,77,0,81,0,3,294,2,299,0,7,371,2,380,272,0,272,652
02/12/2010,MYF,CA,AWP,WE,Towers with Radar,0,5,77,2,84,0,3,362,0,365,0,8,439,2,449,338,0,338,787
02/13/2010,MYF,CA,AWP,WE,Towers with Radar,0,0,60,0,60,0,0,441,0,441,0,0,501,0,501,224,0,224,725
02/14/2010,MYF,CA,AWP,WE,Towers with Radar,0,0,27,0,27,0,0,321,0,321,0,0,348,0,348,246,0,246,594
02/15/2010,MYF,CA,AWP,WE,Towers with Radar,0,4,70,0,74,0,4,405,0,409,0,8,475,0,483,268,0,268,751
02/16/2010,MYF,CA,AWP,WE,Towers with Radar,0,4,48,0,52,0,5,356,0,361,0,9,404,0,413,344,0,344,757
02/17/2010,MYF,CA,AWP,WE,Towers with Radar,0,9,57,0,66,0,0,261,0,261,0,9,318,0,327,230,0,230,557
02/18/2010,MYF,CA,AWP,WE,Towers with Radar,0,4,67,0,71,0,1,319,1,321,0,5,386,1,392,338,0,338,730
02/19/2010,MYF,CA,AWP,WE,Towers with Radar,0,9,79,2,90,0,2,158,0,160,0,11,237,2,250,248,2,250,500
02/20/2010,MYF,CA,AWP,WE,Towers with Radar,0,2,66,0,68,0,0,138,0,138,0,2,204,0,206,196,0,196,402
02/21/2010,MYF,CA,AWP,WE,Towers with Radar,0,5,74,0,79,0,0,84,0,84,0,5,158,0,163,150,0,150,313
02/22/2010,MYF,CA,AWP,WE,Towers with Radar,0,8,53,0,61,0,8,202,0,210,0,16,255,0,271,260,0,260,531
02/23/2010,MYF,CA,AWP,WE,Towers with Radar,0,3,81,0,84,0,5,300,0,305,0,8,381,0,389,230,0,230,619
02/24/2010,MYF,CA,AWP,WE,Towers with Radar,0,5,42,0,47,0,0,254,0,254,0,5,296,0,301,402,0,402,703
02/25/2010,MYF,CA,AWP,WE,Towers with Radar,0,10,81,0,91,0,5,226,0,231,0,15,307,0,322,322,0,322,644
02/26/2010,MYF,CA,AWP,WE,Towers with Radar,0,3,79,0,82,0,3,279,0,282,0,6,358,0,364,316,0,316,680
02/27/2010,MYF,CA,AWP,WE,Towers with Radar,0,2,18,0,20,0,0,5,0,5,0,2,23,0,25,8,0,8,33
02/28/2010,MYF,CA,AWP,WE,Towers with Radar,0,5,45,0,50,0,0,279,0,279,0,5,324,0,329,278,0,278,607
03/01/2010,MYF,CA,AWP,WE,Towers with Radar,0,4,0,0,4,0,211,0,0,211,0,215,0,0,215,192,0,192,407
03/02/2010,MYF,CA,AWP,WE,Towers with Radar,0,6,88,1,95,0,6,284,0,290,0,12,372,1,385,462,2,464,849
03/03/2010,MYF,CA,AWP,WE,Towers with Radar,0,8,81,0,89,0,0,260,0,260,0,8,341,0,349,420,0,420,769
03/04/2010,MYF,CA,AWP,WE,Towers with Radar,0,10,79,0,89,0,3,224,0,227,0,13,303,0,316,250,0,250,566
03/05/2010,MYF,CA,AWP,WE,Towers with Radar,0,5,75,0,80,0,4,285,0,289,0,9,360,0,369,282,0,282,651
03/06/2010,MYF,CA,AWP,WE,Towers with Radar,0,0,106,0,106,0,0,0,0,0,0,0,106,0,106,122,0,122,228
03/07/2010,MYF,CA,AWP,WE,Towers with Radar,0,3,48,0,51,0,0,0,0,0,0,3,48,0,51,14,0,14,65
03/08/2010,MYF,CA,AWP,WE,Towers with Radar,0,6,75,0,81,0,6,175,0,181,0,12,250,0,262,200,0,200,462
03/09/2010,MYF,CA,AWP,WE,Towers with Radar,0,9,50,0,59,0,9,168,0,177,0,18,218,0,236,120,0,120,356
03/10/2010,MYF,CA,AWP,WE,Towers with Radar,0,4,74,0,78,0,1,181,1,183,0,5,255,1,261,194,0,194,455
03/11/2010,MYF,CA,AWP,WE,Towers with Radar,0,10,80,0,90,0,1,378,2,381,0,11,458,2,471,362,0,362,833
03/12/2010,MYF,CA,AWP,WE,Towers with Radar,0,7,56,3,66,0,4,349,0,353,0,11,405,3,419,360,0,360,779
03/13/2010,MYF,CA,AWP,WE,Towers with Radar,0,1,94,2,97,0,3,194,0,197,0,4,288,2,294,236,0,236,530
03/14/2010,MYF,CA,AWP,WE,Towers with Radar,0,2,56,0,58,0,1,337,1,339,0,3,393,1,397,346,0,346,743
03/15/2010,MYF,CA,AWP,WE,Towers with Radar,0,6,43,1,50,0,6,338,0,344,0,12,381,1,394,294,0,294,688
03/16/2010,MYF,CA,AWP,WE,Towers with Radar,0,3,55,0,58,0,3,372,0,375,0,6,427,0,433,330,2,332,765
03/17/2010,MYF,CA,AWP,WE,Towers with Radar,0,4,53,0,57,0,2,312,0,314,0,6,365,0,371,244,0,244,615
03/18/2010,MYF,CA,AWP,WE,Towers with Radar,0,5,45,0,50,0,0,261,0,261,0,5,306,0,311,155,0,155,466
03/19/2010,MYF,CA,AWP,WE,Towers with Radar,0,5,71,0,76,0,2,257,0,259,0,7,328,0,335,236,0,236,571
03/20/2010,MYF,CA,AWP,WE,Towers with Radar,0,2,55,2,59,0,0,329,0,329,0,2,384,2,388,256,0,256,644
03/21/2010,MYF,CA,AWP,WE,Towers with Radar,0,2,361,0,363,0,0,0,0,0,0,2,361,0,363,290,0,290,653
03/22/2010,MYF,CA,AWP,WE,Towers with Radar,0,11,67,0,78,0,10,304,0,314,0,21,371,0,392,226,0,226,618
03/23/2010,MYF,CA,AWP,WE,Towers with Radar,0,2,69,0,71,0,2,352,0,354,0,4,421,0,425,320,0,320,745
03/24/2010,MYF,CA,AWP,WE,Towers with Radar,0,8,67,0,75,0,2,297,4,303,0,10,364,4,378,364,0,364,742
03/25/2010,MYF,CA,AWP,WE,Towers with Radar,0,5,72,4,81,0,1,291,0,292,0,6,363,4,373,326,0,326,699
03/26/2010,MYF,CA,AWP,WE,Towers with Radar,0,6,71,0,77,0,3,223,2,228,0,9,294,2,305,223,0,223,528
03/27/2010,MYF,CA,AWP,WE,Towers with Radar,0,0,40,0,40,0,1,340,0,341,0,1,380,0,381,238,0,238,619
03/28/2010,MYF,CA,AWP,WE,Towers with Radar,0,5,379,0,384,0,0,0,0,0,0,5,379,0,384,302,0,302,686
03/29/2010,MYF,CA,AWP,WE,Towers with Radar,0,6,40,0,46,0,6,276,0,282,0,12,316,0,328,188,0,188,516
03/30/2010,MYF,CA,AWP,WE,Towers with Radar,0,6,75,0,81,0,7,242,0,249,0,13,317,0,330,298,0,298,628
03/31/2010,MYF,CA,AWP,WE,Towers with Radar,0,3,49,2,54,0,3,162,16,181,0,6,211,18,235,194,0,194,429
04/01/2010,MYF,CA,AWP,WE,Towers with Radar,0,5,59,0,64,0,1,147,4,152,0,6,206,4,216,214,0,214,430
04/02/2010,MYF,CA,AWP,WE,Towers with Radar,0,8,73,0,81,0,0,335,0,335,0,8,408,0,416,252,0,252,668
04/03/2010,MYF,CA,AWP,WE,Towers with Radar,0,6,58,0,64,0,5,283,0,288,0,11,341,0,352,270,0,270,622
04/04/2010,MYF,CA,AWP,WE,Towers with Radar,0,3,177,0,180,0,0,186,0,186,0,3,363,0,366,22,0,22,388
04/05/2010,MYF,CA,AWP,WE,Towers with Radar,0,7,59,0,66,0,7,123,0,130,0,14,182,0,196,168,0,168,364
04/06/2010,MYF,CA,AWP,WE,Towers with Radar,0,6,48,0,54,0,6,354,2,362,0,12,402,2,416,236,0,236,652
04/07/2010,MYF,CA,AWP,WE,Towers with Radar,0,10,56,0,66,0,1,312,0,313,0,11,368,0,379,316,0,316,695
04/08/2010,MYF,CA,AWP,WE,Towers with Radar,0,4,45,0,49,0,3,327,2,332,0,7,372,2,381,169,0,169,550
04/09/2010,MYF,CA,AWP,WE,Towers with Radar,0,7,74,0,81,0,1,272,1,274,0,8,346,1,355,136,0,136,491
04/10/2010,MYF,CA,AWP,WE,Towers with Radar,0,1,53,0,54,0,0,212,1,213,0,1,265,1,267,218,0,218,485
04/11/2010,MYF,CA,AWP,WE,Towers with Radar,0,3,56,0,59,0,1,113,0,114,0,4,169,0,173,162,0,162,335
04/12/2010,MYF,CA,AWP,WE,Towers with Radar,0,10,40,0,50,0,10,148,0,158,0,20,188,0,208,146,0,146,354
04/13/2010,MYF,CA,AWP,WE,Towers with Radar,0,3,266,0,269,0,0,0,0,0,0,3,266,0,269,376,0,376,645
04/14/2010,MYF,CA,AWP,WE,Towers with Radar,0,5,54,1,60,0,5,307,0,312,0,10,361,1,372,372,0,372,744
04/15/2010,MYF,CA,AWP,WE,Towers with Radar,0,4,71,0,75,0,2,189,0,191,0,6,260,0,266,238,0,238,504
04/16/2010,MYF,CA,AWP,WE,Towers with Radar,0,4,88,0,92,0,4,153,3,160,0,8,241,3,252,278,0,278,530
04/17/2010,MYF,CA,AWP,WE,Towers with Radar,0,0,58,0,58,0,4,373,1,378,0,4,431,1,436,410,0,410,846
04/18/2010,MYF,CA,AWP,WE,Towers with Radar,0,3,188,0,191,0,0,130,0,130,0,3,318,0,321,24,0,24,345
04/19/2010,MYF,CA,AWP,WE,Towers with Radar,0,7,57,2,66,0,7,301,2,310,0,14,358,4,376,270,2,272,648
04/20/2010,MYF,CA,AWP,WE,Towers with Radar,0,2,69,2,73,0,11,270,4,285,0,13,339,6,358,262,4,266,624
04/21/2010,MYF,CA,AWP,WE,Towers with Radar,0,5,32,0,37,0,5,77,6,88,0,10,109,6,125,50,0,50,175
04/22/2010,MYF,CA,AWP,WE,Towers with Radar,0,5,58,0,63,0,2,113,2,117,0,7,171,2,180,224,0,224,404
04/23/2010,MYF,CA,AWP,WE,Towers with Radar,0,3,75,0,78,0,2,363,4,369,0,5,438,4,447,175,0,175,622
04/24/2010,MYF,CA,AWP,WE,Towers with Radar,0,3,41,0,44,0,0,363,0,363,0,3,404,0,407,298,0,298,705
04/25/2010,MYF,CA,AWP,WE,Towers with Radar,0,3,60,0,63,0,0,258,0,258,0,3,318,0,321,190,0,190,511
04/26/2010,MYF,CA,AWP,WE,Towers with Radar,0,6,94,2,102,0,6,306,2,314,0,12,400,4,416,142,0,142,558
04/27/2010,MYF,CA,AWP,WE,Towers with Radar,0,12,72,2,86,0,12,370,4,386,0,24,442,6,472,362,2,364,836
04/28/2010,MYF,CA,AWP,WE,Towers with Radar,0,6,64,0,70,0,2,115,2,119,0,8,179,2,189,160,0,160,349
04/29/2010,MYF,CA,AWP,WE,Towers with Radar,0,8,57,0,65,0,6,110,0,116,0,14,167,0,181,210,0,210,391
04/30/2010,MYF,CA,AWP,WE,Towers with Radar,0,8,56,0,64,0,2,264,1,267,0,10,320,1,331,270,0,270,601
05/01/2010,MYF,CA,AWP,WE,Towers with Radar,0,1,53,0,54,0,0,327,0,327,0,1,380,0,381,326,0,326,707
05/02/2010,MYF,CA,AWP,WE,Towers with Radar,0,5,56,0,61,0,2,275,0,277,0,7,331,0,338,254,0,254,592
05/03/2010,MYF,CA,AWP,WE,Towers with Radar,0,8,36,0,44,0,12,356,0,368,0,20,392,0,412,364,0,364,776
05/04/2010,MYF,CA,AWP,WE,Towers with Radar,0,2,67,0,69,0,5,427,0,432,0,7,494,0,501,326,0,326,827
05/05/2010,MYF,CA,AWP,WE,Towers with Radar,0,5,92,0,97,0,0,313,0,313,0,5,405,0,410,274,0,274,684
05/06/2010,MYF,CA,AWP,WE,Towers with Radar,0,6,62,1,69,0,3,341,2,346,0,9,403,3,415,402,0,402,817
05/07/2010,MYF,CA,AWP,WE,Towers with Radar,0,9,69,0,78,0,0,297,1,298,0,9,366,1,376,269,0,269,645
05/08/2010,MYF,CA,AWP,WE,Towers with Radar,0,1,52,0,53,0,3,327,0,330,0,4,379,0,383,326,0,326,709
05/09/2010,MYF,CA,AWP,WE,Towers with Radar,0,0,92,0,92,0,0,103,0,103,0,0,195,0,195,160,0,160,355
05/10/2010,MYF,CA,AWP,WE,Towers with Radar,0,10,101,1,112,0,2,173,1,176,0,12,274,2,288,270,0,270,558
05/11/2010,MYF,CA,AWP,WE,Towers with Radar,0,4,81,1,86,0,4,263,2,269,0,8,344,3,355,368,0,368,723
05/12/2010,MYF,CA,AWP,WE,Towers with Radar,0,4,86,0,90,0,7,374,0,381,0,11,460,0,471,366,2,368,839
05/13/2010,MYF,CA,AWP,WE,Towers with Radar,0,6,97,0,103,0,3,220,0,223,0,9,317,0,326,232,0,232,558
05/14/2010,MYF,CA,AWP,WE,Towers with Radar,0,8,96,0,104,0,1,268,0,269,0,9,364,0,373,304,0,304,677
05/15/2010,MYF,CA,AWP,WE,Towers with Radar,0,0,72,0,72,0,1,174,0,175,0,1,246,0,247,146,0,146,393
05/16/2010,MYF,CA,AWP,WE,Towers with Radar,0,6,133,0,139,0,6,210,0,216,0,12,343,0,355,120,0,120,475
05/17/2010,MYF,CA,AWP,WE,Towers with Radar,0,6,86,0,92,0,1,100,0,101,0,7,186,0,193,348,0,348,541
05/18/2010,MYF,CA,AWP,WE,Towers with Radar,0,5,83,0,88,0,7,228,0,235,0,12,311,0,323,218,0,218,541
05/19/2010,MYF,CA,AWP,WE,Towers with Radar,0,2,77,0,79,0,1,259,2,262,0,3,336,2,341,368,0,368,709
05/20/2010,MYF,CA,AWP,WE,Towers with Radar,0,2,61,0,63,0,6,293,0,299,0,8,354,0,362,316,0,316,678
05/21/2010,MYF,CA,AWP,WE,Towers with Radar,0,4,90,0,94,0,7,208,0,215,0,11,298,0,309,228,0,228,537
05/22/2010,MYF,CA,AWP,WE,Towers with Radar,0,3,88,0,91,0,2,181,1,184,0,5,269,1,275,138,0,138,413
05/23/2010,MYF,CA,AWP,WE,Towers with Radar,0,5,75,0,80,0,2,101,0,103,0,7,176,0,183,120,0,120,303
05/24/2010,MYF,CA,AWP,WE,Towers with Radar,0,5,94,0,99,0,6,421,0,427,0,11,515,0,526,303,0,303,829
05/25/2010,MYF,CA,AWP,WE,Towers with Radar,0,4,74,0,78,0,12,431,0,443,0,16,505,0,521,236,0,236,757
05/26/2010,MYF,CA,AWP,WE,Towers with Radar,0,4,108,0,112,0,4,314,1,319,0,8,422,1,431,340,0,340,771
05/27/2010,MYF,CA,AWP,WE,Towers with Radar,0,9,93,0,102,0,0,343,1,344,0,9,436,1,446,367,0,367,813
05/28/2010,MYF,CA,AWP,WE,Towers with Radar,0,10,70,0,80,0,1,286,0,287,0,11,356,0,367,234,0,234,601
05/29/2010,MYF,CA,AWP,WE,Towers with Radar,0,3,34,0,37,0,6,401,0,407,0,9,435,0,444,256,0,256,700
05/30/2010,MYF,CA,AWP,WE,Towers with Radar,0,3,52,0,55,0,3,265,0,268,0,6,317,0,323,156,2,158,481
05/31/2010,MYF,CA,AWP,WE,Towers with Radar,0,3,62,0,65,0,6,423,0,429,0,9,485,0,494,160,0,160,654
06/01/2010,MYF,CA,AWP,WE,Towers with Radar,0,7,71,0,78,0,6,298,0,304,0,13,369,0,382,324,0,324,706
06/02/2010,MYF,CA,AWP,WE,Towers with Radar,0,3,57,2,62,0,1,222,1,224,0,4,279,3,286,240,0,240,526
06/03/2010,MYF,CA,AWP,WE,Towers with Radar,0,7,83,0,90,0,0,257,0,257,0,7,340,0,347,324,0,324,671
06/04/2010,MYF,CA,AWP,WE,Towers with Radar,0,7,106,0,113,0,4,351,1,356,0,11,457,1,469,341,0,341,810
06/05/2010,MYF,CA,AWP,WE,Towers with Radar,0,1,69,1,71,0,0,0,0,0,0,1,69,1,71,234,0,234,305
06/06/2010,MYF,CA,AWP,WE,Towers with Radar,0,0,85,0,85,0,2,185,0,187,0,2,270,0,272,196,0,196,468
06/07/2010,MYF,CA,AWP,WE,Towers with Radar,0,4,86,0,90,0,0,199,0,199,0,4,285,0,289,298,0,298,587
06/08/2010,MYF,CA,AWP,WE,Towers with Radar,0,3,122,4,129,0,4,183,4,191,0,7,305,8,320,108,0,108,428
06/09/2010,MYF,CA,AWP,WE,Towers with Radar,0,5,123,0,128,0,1,241,0,242,0,6,364,0,370,384,0,384,754
06/10/2010,MYF,CA,AWP,WE,Towers with Radar,0,6,143,8,157,0,0,88,0,88,0,6,231,8,245,118,0,118,363
06/11/2010,MYF,CA,AWP,WE,Towers with Radar,0,3,134,0,137,0,2,123,0,125,0,5,257,0,262,222,0,222,484
06/12/2010,MYF,CA,AWP,WE,Towers with Radar,0,1,88,0,89,0,0,215,0,215,0,1,303,0,304,252,0,252,556
06/13/2010,MYF,CA,AWP,WE,Towers with Radar,1,0,63,0,64,3,0,247,0,250,4,0,310,0,314,214,0,214,528
06/14/2010,MYF,CA,AWP,WE,Towers with Radar,0,8,74,0,82,0,11,343,0,354,0,19,417,0,436,346,0,346,782
06/15/2010,MYF,CA,AWP,WE,Towers with Radar,0,2,75,1,78,0,3,265,1,269,0,5,340,2,347,224,2,226,573
06/16/2010,MYF,CA,AWP,WE,Towers with Radar,0,4,70,0,74,0,2,290,0,292,0,6,360,0,366,312,0,312,678
06/17/2010,MYF,CA,AWP,WE,Towers with Radar,0,5,72,0,77,0,0,266,0,266,0,5,338,0,343,274,0,274,617
06/18/2010,MYF,CA,AWP,WE,Towers with Radar,0,7,74,0,81,0,1,252,0,253,0,8,326,0,334,337,0,337,671
06/19/2010,MYF,CA,AWP,WE,Towers with Radar,0,0,64,1,65,0,3,303,0,306,0,3,367,1,371,202,0,202,573
06/20/2010,MYF,CA,AWP,WE,Towers with Radar,0,4,64,2,70,0,1,293,0,294,0,5,357,2,364,234,0,234,598
06/21/2010,MYF,CA,AWP,WE,Towers with Radar,0,17,87,0,104,0,0,187,1,188,0,17,274,1,292,140,0,140,432
06/22/2010,MYF,CA,AWP,WE,Towers with Radar,0,3,92,3,98,0,5,402,3,410,0,8,494,6,508,276,0,276,784
06/23/2010,MYF,CA,AWP,WE,Towers with Radar,0,6,98,1,105,0,4,328,1,333,0,10,426,2,438,316,0,316,754
06/24/2010,MYF,CA,AWP,WE,Towers with Radar,0,5,107,0,112,0,3,249,1,253,0,8,356,1,365,175,0,175,540
06/25/2010,MYF,CA,AWP,WE,Towers with Radar,0,5,97,0,102,0,6,270,0,276,0,11,367,0,378,148,0,148,526
06/26/2010,MYF,CA,AWP,WE,Towers with Radar,0,1,71,0,72,0,0,220,0,220,0,1,291,0,292,172,0,172,464
06/27/2010,MYF,CA,AWP,WE,Towers with Radar,0,1,44,0,45,0,0,216,0,216,0,1,260,0,261,86,0,86,347
06/28/2010,MYF,CA,AWP,WE,Towers with Radar,0,4,90,4,98,0,5,121,4,130,0,9,211,8,228,80,0,80,308
06/29/2010,MYF,CA,AWP,WE,Towers with Radar,0,3,109,0,112,0,3,195,0,198,0,6,304,0,310,0,126,126,436
06/30/2010,MYF,CA,AWP,WE,Towers with Radar,0,2,81,0,83,0,0,184,0,184,0,2,265,0,267,194,0,194,461
07/01/2010,MYF,CA,AWP,WE,Towers with Radar,0,6,100,0,106,0,0,242,2,244,0,6,342,2,350,213,0,213,563
07/02/2010,MYF,CA,AWP,WE,Towers with Radar,0,4,67,0,71,0,10,265,0,275,0,14,332,0,346,156,0,156,502
07/03/2010,MYF,CA,AWP,WE,Towers with Radar,0,3,67,0,70,0,0,136,0,136,0,3,203,0,206,72,0,72,278
07/04/2010,MYF,CA,AWP,WE,Towers with Radar,0,4,46,0,50,0,4,73,1,78,0,8,119,1,128,70,0,70,198
07/05/2010,MYF,CA,AWP,WE,Towers with Radar,0,4,116,0,120,0,2,172,1,175,0,6,288,1,295,114,0,114,409
07/06/2010,MYF,CA,AWP,WE,Towers with Radar,0,8,136,2,146,0,8,254,2,264,0,16,390,4,410,130,2,132,542
07/07/2010,MYF,CA,AWP,WE,Towers with Radar,0,7,153,4,164,0,2,43,4,49,0,9,196,8,213,44,0,44,257
07/08/2010,MYF,CA,AWP,WE,Towers with Radar,0,2,160,0,162,0,5,12,0,17,0,7,172,0,179,4,0,4,183
07/09/2010,MYF,CA,AWP,WE,Towers with Radar,0,5,150,0,155,0,1,81,0,82,0,6,231,0,237,116,0,116,353
07/10/2010,MYF,CA,AWP,WE,Towers with Radar,0,4,96,0,100,0,0,171,0,171,0,4,267,0,271,84,0,84,355
07/11/2010,MYF,CA,AWP,WE,Towers with Radar,0,2,78,0,80,0,4,157,0,161,0,6,235,0,241,45,0,45,286
07/12/2010,MYF,CA,AWP,WE,Towers with Radar,0,6,79,0,85,0,7,316,0,323,0,13,395,0,408,284,0,284,692
07/13/2010,MYF,CA,AWP,WE,Towers with Radar,0,3,76,1,80,0,2,321,0,323,0,5,397,1,403,278,4,282,685
07/14/2010,MYF,CA,AWP,WE,Towers with Radar,0,3,56,0,59,0,2,341,6,349,0,5,397,6,408,272,0,272,680
07/15/2010,MYF,CA,AWP,WE,Towers with Radar,0,2,62,0,64,0,7,298,0,305,0,9,360,0,369,290,0,290,659
07/16/2010,MYF,CA,AWP,WE,Towers with Radar,0,5,67,0,72,0,9,303,0,312,0,14,370,0,384,276,0,276,660
07/17/2010,MYF,CA,AWP,WE,Towers with Radar,0,2,44,0,46,0,1,341,0,342,0,3,385,0,388,224,0,224,612
07/18/2010,MYF,CA,AWP,WE,Towers with Radar,0,3,95,0,98,0,0,240,0,240,0,3,335,0,338,124,0,124,462
07/19/2010,MYF,CA,AWP,WE,Towers with Radar,0,3,73,0,76,0,3,161,0,164,0,6,234,0,240,200,0,200,440
07/20/2010,MYF,CA,AWP,WE,Towers with Radar,0,2,81,0,83,0,2,233,0,235,0,4,314,0,318,248,0,248,566
07/21/2010,MYF,CA,AWP,WE,Towers with Radar,0,1,125,0,126,0,1,79,0,80,0,2,204,0,206,110,0,110,316
07/22/2010,MYF,CA,AWP,WE,Towers with Radar,0,3,97,1,101,0,2,149,1,152,0,5,246,2,253,94,0,94,347
07/23/2010,MYF,CA,AWP,WE,Towers with Radar,0,9,99,2,110,0,2,236,0,238,0,11,335,2,348,252,0,252,600
07/24/2010,MYF,CA,AWP,WE,Towers with Radar,0,2,74,0,76,0,0,302,0,302,0,2,376,0,378,256,0,256,634
07/25/2010,MYF,CA,AWP,WE,Towers with Radar,0,0,73,0,73,0,1,111,0,112,0,1,184,0,185,142,0,142,327
07/26/2010,MYF,CA,AWP,WE,Towers with Radar,0,4,104,1,109,0,0,151,0,151,0,4,255,1,260,190,0,190,450
07/27/2010,MYF,CA,AWP,WE,Towers with Radar,0,2,92,0,94,0,2,104,0,106,0,4,196,0,200,270,0,270,470
07/28/2010,MYF,CA,AWP,WE,Towers with Radar,0,6,84,0,90,0,0,285,0,285,0,6,369,0,375,296,0,296,671
07/29/2010,MYF,CA,AWP,WE,Towers with Radar,0,2,93,0,95,0,3,176,0,179,0,5,269,0,274,240,0,240,514
07/30/2010,MYF,CA,AWP,WE,Towers with Radar,0,5,99,1,105,0,1,173,0,174,0,6,272,1,279,164,0,164,443
07/31/2010,MYF,CA,AWP,WE,Towers with Radar,0,1,67,0,68,0,1,265,0,266,0,2,332,0,334,252,0,252,586
08/01/2010,MYF,CA,AWP,WE,Towers with Radar,0,0,60,0,60,0,1,240,0,241,0,1,300,0,301,204,0,204,505
08/02/2010,MYF,CA,AWP,WE,Towers with Radar,0,10,57,1,68,0,2,277,0,279,0,12,334,1,347,366,0,366,713
08/03/2010,MYF,CA,AWP,WE,Towers with Radar,0,6,44,2,52,0,3,235,0,238,0,9,279,2,290,352,0,352,642
08/04/2010,MYF,CA,AWP,WE,Towers with Radar,0,2,96,0,98,0,1,257,0,258,0,3,353,0,356,242,0,242,598
08/05/2010,MYF,CA,AWP,WE,Towers with Radar,0,4,70,0,74,0,4,252,2,258,0,8,322,2,332,222,0,222,554
08/06/2010,MYF,CA,AWP,WE,Towers with Radar,0,5,81,0,86,0,8,269,1,278,0,13,350,1,364,238,0,238,602
08/07/2010,MYF,CA,AWP,WE,Towers with Radar,0,2,50,0,52,0,3,261,0,264,0,5,311,0,316,130,0,130,446
08/08/2010,MYF,CA,AWP,WE,Towers with Radar,0,1,54,0,55,0,1,214,0,215,0,2,268,0,270,192,0,192,462
08/09/2010,MYF,CA,AWP,WE,Towers with Radar,0,2,56,0,58,0,7,299,0,306,0,9,355,0,364,254,0,254,618
08/10/2010,MYF,CA,AWP,WE,Towers with Radar,0,4,72,0,76,0,4,420,1,425,0,8,492,1,501,238,0,238,739
08/11/2010,MYF,CA,AWP,WE,Towers with Radar,0,3,80,0,83,0,4,255,0,259,0,7,335,0,342,274,0,274,616
08/12/2010,MYF,CA,AWP,WE,Towers with Radar,0,1,76,0,77,0,7,278,0,285,0,8,354,0,362,321,0,321,683
08/13/2010,MYF,CA,AWP,WE,Towers with Radar,0,9,349,0,358,0,2,276,0,278,0,11,625,0,636,278,0,278,914
08/14/2010,MYF,CA,AWP,WE,Towers with Radar,0,0,0,0,0,0,1,239,1,241,0,1,239,1,241,142,0,142,383
08/15/2010,MYF,CA,AWP,WE,Towers with Radar,0,2,2,0,4,0,1,15,0,16,0,3,17,0,20,248,1,249,269
08/16/2010,MYF,CA,AWP,WE,Towers with Radar,0,9,67,0,76,0,10,308,0,318,0,19,375,0,394,320,0,320,714
08/17/2010,MYF,CA,AWP,WE,Towers with Radar,0,2,80,0,82,0,2,387,0,389,0,4,467,0,471,320,0,320,791
08/18/2010,MYF,CA,AWP,WE,Towers with Radar,0,2,45,0,47,0,0,334,1,335,0,2,379,1,382,294,0,294,676
08/19/2010,MYF,CA,AWP,WE,Towers with Radar,0,3,60,0,63,0,7,263,0,270,0,10,323,0,333,194,0,194,527
08/20/2010,MYF,CA,AWP,WE,Towers with Radar,0,7,56,0,63,0,3,345,0,348,0,10,401,0,411,300,0,300,711
08/21/2010,MYF,CA,AWP,WE,Towers with Radar,0,3,49,0,52,0,0,276,0,276,0,3,325,0,328,208,0,208,536
08/22/2010,MYF,CA,AWP,WE,Towers with Radar,0,1,46,0,47,0,0,291,0,291,0,1,337,0,338,236,0,236,574
08/23/2010,MYF,CA,AWP,WE,Towers with Radar,0,2,61,1,64,0,2,287,2,291,0,4,348,3,355,158,0,158,513
08/24/2010,MYF,CA,AWP,WE,Towers with Radar,0,8,59,2,69,0,9,374,2,385,0,17,433,4,454,288,0,288,742
08/25/2010,MYF,CA,AWP,WE,Towers with Radar,0,2,87,0,89,0,4,258,0,262,0,6,345,0,351,384,4,388,739
08/26/2010,MYF,CA,AWP,WE,Towers with Radar,0,4,57,0,61,0,5,292,2,299,0,9,349,2,360,291,0,291,651
08/27/2010,MYF,CA,AWP,WE,Towers with Radar,0,3,104,0,107,0,3,198,0,201,0,6,302,0,308,190,0,190,498
08/28/2010,MYF,CA,AWP,WE,Towers with Radar,0,6,78,0,84,0,0,198,0,198,0,6,276,0,282,180,0,180,462
08/29/2010,MYF,CA,AWP,WE,Towers with Radar,0,0,65,0,65,0,0,194,0,194,0,0,259,0,259,188,0,188,447
08/30/2010,MYF,CA,AWP,WE,Towers with Radar,0,3,83,2,88,0,6,284,2,292,0,9,367,4,380,162,0,162,542
08/31/2010,MYF,CA,AWP,WE,Towers with Radar,0,3,50,0,53,0,4,331,1,336,0,7,381,1,389,278,0,278,667
09/01/2010,MYF,CA,AWP,WE,Towers with Radar,0,3,63,2,68,0,3,268,0,271,0,6,331,2,339,184,0,184,523
09/02/2010,MYF,CA,AWP,WE,Towers with Radar,0,8,247,0,255,0,2,196,0,198,0,10,443,0,453,202,0,202,655
09/03/2010,MYF,CA,AWP,WE,Towers with Radar,0,5,60,0,65,0,8,237,0,245,0,13,297,0,310,139,0,139,449
09/04/2010,MYF,CA,AWP,WE,Towers with Radar,0,2,51,0,53,0,0,254,0,254,0,2,305,0,307,180,0,180,487
09/05/2010,MYF,CA,AWP,WE,Towers with Radar,0,1,67,0,68,0,0,177,0,177,0,1,244,0,245,100,0,100,345
09/06/2010,MYF,CA,AWP,WE,Towers with Radar,0,2,93,1,96,0,0,238,0,238,0,2,331,1,334,160,0,160,494
09/07/2010,MYF,CA,AWP,WE,Towers with Radar,0,5,85,2,92,0,4,309,2,315,0,9,394,4,407,190,0,190,597
09/08/2010,MYF,CA,AWP,WE,Towers with Radar,0,3,71,0,74,0,1,184,0,185,0,4,255,0,259,228,0,228,487
09/09/2010,MYF,CA,AWP,WE,Towers with Radar,0,3,95,0,98,0,1,144,0,145,0,4,239,0,243,272,0,272,515
09/10/2010,MYF,CA,AWP,WE,Towers with Radar,0,5,74,0,79,0,1,238,0,239,0,6,312,0,318,158,0,158,476
09/11/2010,MYF,CA,AWP,WE,Towers with Radar,0,0,49,0,49,0,0,206,0,206,0,0,255,0,255,130,0,130,385
09/12/2010,MYF,CA,AWP,WE,Towers with Radar,0,0,0,0,0,0,1,204,2,207,0,1,204,2,207,148,0,148,355
09/13/2010,MYF,CA,AWP,WE,Towers with Radar,0,6,61,1,68,0,3,214,2,219,0,9,275,3,287,242,0,242,529
09/14/2010,MYF,CA,AWP,WE,Towers with Radar,0,2,58,0,60,0,1,257,2,260,0,3,315,2,320,204,0,204,524
09/15/2010,MYF,CA,AWP,WE,Towers with Radar,0,2,53,0,55,0,2,235,0,237,0,4,288,0,292,284,0,284,576
09/16/2010,MYF,CA,AWP,WE,Towers with Radar,0,6,70,3,79,0,7,188,2,197,0,13,258,5,276,278,0,278,554
09/17/2010,MYF,CA,AWP,WE,Towers with Radar,0,3,65,0,68,0,4,246,0,250,0,7,311,0,318,240,0,240,558
09/18/2010,MYF,CA,AWP,WE,Towers with Radar,0,0,51,0,51,0,2,227,0,229,0,2,278,0,280,198,0,198,478
09/19/2010,MYF,CA,AWP,WE,Towers with Radar,0,2,71,0,73,0,0,213,0,213,0,2,284,0,286,95,0,95,381
09/20/2010,MYF,CA,AWP,WE,Towers with Radar,0,4,98,4,106,0,6,269,4,279,0,10,367,8,385,210,0,210,595
09/21/2010,MYF,CA,AWP,WE,Towers with Radar,0,7,76,0,83,0,7,156,0,163,0,14,232,0,246,246,0,246,492
09/22/2010,MYF,CA,AWP,WE,Towers with Radar,0,2,99,2,103,0,0,166,0,166,0,2,265,2,269,286,0,286,555
09/23/2010,MYF,CA,AWP,WE,Towers with Radar,0,8,57,0,65,0,6,238,0,244,0,14,295,0,309,347,0,347,656
09/24/2010,MYF,CA,AWP,WE,Towers with Radar,0,7,67,0,74,0,1,296,0,297,0,8,363,0,371,232,0,232,603
09/25/2010,MYF,CA,AWP,WE,Towers with Radar,0,2,36,0,38,0,1,295,0,296,0,3,331,0,334,218,0,218,552
09/26/2010,MYF,CA,AWP,WE,Towers with Radar,0,2,70,0,72,0,0,255,0,255,0,2,325,0,327,198,0,198,525
09/27/2010,MYF,CA,AWP,WE,Towers with Radar,0,5,40,2,47,0,3,162,0,165,0,8,202,2,212,119,0,119,331
09/28/2010,MYF,CA,AWP,WE,Towers with Radar,0,1,53,0,54,0,1,329,0,330,0,2,382,0,384,295,0,295,679
09/29/2010,MYF,CA,AWP,WE,Towers with Radar,0,3,58,0,61,0,7,255,0,262,0,10,313,0,323,312,0,312,635
09/30/2010,MYF,CA,AWP,WE,Towers with Radar,0,5,37,0,42,0,1,78,0,79,0,6,115,0,121,101,0,101,222
10/01/2010,MYF,CA,AWP,WE,Towers with Radar,0,5,48,0,53,0,0,71,6,77,0,5,119,6,130,84,0,84,214
10/02/2010,MYF,CA,AWP,WE,Towers with Radar,0,3,45,0,48,0,3,75,0,78,0,6,120,0,126,77,0,77,203
10/03/2010,MYF,CA,AWP,WE,Towers with Radar,0,0,91,0,91,0,2,36,0,38,0,2,127,0,129,42,0,42,171
10/04/2010,MYF,CA,AWP,WE,Towers with Radar,0,9,85,1,95,0,0,13,0,13,0,9,98,1,108,4,0,4,112
10/05/2010,MYF,CA,AWP,WE,Towers with Radar,0,3,75,0,78,0,3,214,0,217,0,6,289,0,295,232,0,232,527
10/06/2010,MYF,CA,AWP,WE,Towers with Radar,0,6,81,0,87,0,0,91,0,91,0,6,172,0,178,266,0,266,444
10/07/2010,MYF,CA,AWP,WE,Towers with Radar,0,4,91,0,95,0,4,199,0,203,0,8,290,0,298,368,0,368,666
10/08/2010,MYF,CA,AWP,WE,Towers with Radar,0,6,67,0,73,0,2,318,0,320,0,8,385,0,393,262,0,262,655
10/09/2010,MYF,CA,AWP,WE,Towers with Radar,0,4,38,0,42,0,5,323,0,328,0,9,361,0,370,130,0,130,500
10/10/2010,MYF,CA,AWP,WE,Towers with Radar,0,1,55,0,56,0,0,281,0,281,0,1,336,0,337,264,0,264,601
10/11/2010,MYF,CA,AWP,WE,Towers with Radar,0,2,65,2,69,0,0,216,0,216,0,2,281,2,285,134,0,134,419
10/12/2010,MYF,CA,AWP,WE,Towers with Radar,0,4,68,0,72,0,4,234,0,238,0,8,302,0,310,250,0,250,560
10/13/2010,MYF,CA,AWP,WE,Towers with Radar,0,3,91,0,94,0,4,192,0,196,0,7,283,0,290,246,0,246,536
10/14/2010,MYF,CA,AWP,WE,Towers with Radar,0,6,118,0,124,0,3,97,0,100,0,9,215,0,224,140,0,140,364
10/15/2010,MYF,CA,AWP,WE,Towers with Radar,0,4,141,0,145,0,2,16,0,18,0,6,157,0,163,84,0,84,247
10/16/2010,MYF,CA,AWP,WE,Towers with Radar,0,2,92,2,96,0,0,90,0,90,0,2,182,2,186,292,0,292,478
10/17/2010,MYF,CA,AWP,WE,Towers with Radar,0,0,83,0,83,0,0,28,0,28,0,0,111,0,111,30,0,30,141
10/18/2010,MYF,CA,AWP,WE,Towers with Radar,0,4,71,0,75,0,7,112,0,119,0,11,183,0,194,124,0,124,318
10/19/2010,MYF,CA,AWP,WE,Towers with Radar,0,3,68,0,71,0,2,94,0,96,0,5,162,0,167,74,0,74,241
10/20/2010,MYF,CA,AWP,WE,Towers with Radar,0,5,66,0,71,0,2,123,0,125,0,7,189,0,196,252,0,252,448
10/21/2010,MYF,CA,AWP,WE,Towers with Radar,0,3,87,0,90,0,0,112,1,113,0,3,199,1,203,276,0,276,479
10/22/2010,MYF,CA,AWP,WE,Towers with Radar,0,4,96,0,100,0,3,117,0,120,0,7,213,0,220,200,0,200,420
10/23/2010,MYF,CA,AWP,WE,Towers with Radar,0,6,103,0,109,0,0,82,0,82,0,6,185,0,191,224,0,224,415
10/24/2010,MYF,CA,AWP,WE,Towers with Radar,0,0,72,0,72,0,0,229,0,229,0,0,301,0,301,206,0,206,507
10/25/2010,MYF,CA,AWP,WE,Towers with Radar,0,8,75,0,83,0,0,25,0,25,0,8,100,0,108,54,0,54,162
10/26/2010,MYF,CA,AWP,WE,Towers with Radar,0,5,91,0,96,0,5,337,0,342,0,10,428,0,438,306,0,306,744
10/27/2010,MYF,CA,AWP,WE,Towers with Radar,0,4,78,0,82,0,5,427,0,432,0,9,505,0,514,318,0,318,832
10/28/2010,MYF,CA,AWP,WE,Towers with Radar,0,2,77,0,79,0,4,316,0,320,0,6,393,0,399,291,0,291,690
10/29/2010,MYF,CA,AWP,WE,Towers with Radar,0,7,64,1,72,0,1,301,0,302,0,8,365,1,374,342,0,342,716
10/30/2010,MYF,CA,AWP,WE,Towers with Radar,0,0,54,0,54,0,1,119,0,120,0,1,173,0,174,212,0,212,386
10/31/2010,MYF,CA,AWP,WE,Towers with Radar,0,1,51,1,53,0,0,223,0,223,0,1,274,1,276,205,0,205,481
11/01/2010,MYF,CA,AWP,WE,Towers with Radar,0,5,48,2,55,0,7,305,2,314,0,12,353,4,369,300,0,300,669
11/02/2010,MYF,CA,AWP,WE,Towers with Radar,0,3,63,0,66,0,3,334,0,337,0,6,397,0,403,224,0,224,627
11/03/2010,MYF,CA,AWP,WE,Towers with Radar,0,3,60,0,63,0,0,283,1,284,0,3,343,1,347,294,0,294,641
11/04/2010,MYF,CA,AWP,WE,Towers with Radar,0,5,51,0,56,0,2,232,2,236,0,7,283,2,292,144,0,144,436
11/05/2010,MYF,CA,AWP,WE,Towers with Radar,0,5,63,0,68,0,2,301,0,303,0,7,364,0,371,311,0,311,682
11/06/2010,MYF,CA,AWP,WE,Towers with Radar,0,2,66,0,68,0,0,251,0,251,0,2,317,0,319,148,0,148,467
11/07/2010,MYF,CA,AWP,WE,Towers with Radar,0,1,59,0,60,0,4,211,0,215,0,5,270,0,275,216,0,216,491
11/08/2010,MYF,CA,AWP,WE,Towers with Radar,0,7,75,0,82,0,1,145,0,146,0,8,220,0,228,308,0,308,536
11/09/2010,MYF,CA,AWP,WE,Towers with Radar,0,4,71,0,75,0,298,8,0,306,0,302,79,0,381,314,0,314,695
11/10/2010,MYF,CA,AWP,WE,Towers with Radar,0,3,82,0,85,0,0,214,9,223,0,3,296,9,308,302,0,302,610
11/11/2010,MYF,CA,AWP,WE,Towers with Radar,0,1,58,0,59,0,1,283,0,284,0,2,341,0,343,248,0,248,591
11/12/2010,MYF,CA,AWP,WE,Towers with Radar,0,3,63,0,66,0,4,280,0,284,0,7,343,0,350,370,0,370,720
11/13/2010,MYF,CA,AWP,WE,Towers with Radar,0,1,54,0,55,0,6,339,0,345,0,7,393,0,400,220,0,220,620
11/14/2010,MYF,CA,AWP,WE,Towers with Radar,0,4,49,0,53,0,0,274,0,274,0,4,323,0,327,194,1,195,522
11/15/2010,MYF,CA,AWP,WE,Towers with Radar,0,3,58,0,61,0,6,266,0,272,0,9,324,0,333,154,0,154,487
11/16/2010,MYF,CA,AWP,WE,Towers with Radar,0,2,53,0,55,0,1,282,1,284,0,3,335,1,339,310,0,310,649
11/17/2010,MYF,CA,AWP,WE,Towers with Radar,0,3,31,0,34,0,7,311,0,318,0,10,342,0,352,304,0,304,656
11/18/2010,MYF,CA,AWP,WE,Towers with Radar,0,1,88,3,92,0,0,109,1,110,0,1,197,4,202,97,0,97,299
11/19/2010,MYF,CA,AWP,WE,Towers with Radar,0,7,90,0,97,0,2,155,0,157,0,9,245,0,254,336,0,336,590
11/20/2010,MYF,CA,AWP,WE,Towers with Radar,0,0,43,0,43,0,0,2,0,2,0,0,45,0,45,0,0,0,45
11/21/2010,MYF,CA,AWP,WE,Towers with Radar,0,2,53,0,55,0,0,50,0,50,0,2,103,0,105,114,0,114,219
11/22/2010,MYF,CA,AWP,WE,Towers with Radar,0,4,56,0,60,0,2,191,0,193,0,6,247,0,253,329,0,329,582
11/23/2010,MYF,CA,AWP,WE,Towers with Radar,0,2,91,0,93,0,2,231,0,233,0,4,322,0,326,390,0,390,716
11/24/2010,MYF,CA,AWP,WE,Towers with Radar,0,2,88,0,90,0,2,258,0,260,0,4,346,0,350,278,0,278,628
11/25/2010,MYF,CA,AWP,WE,Towers with Radar,0,2,22,0,24,0,0,134,0,134,0,2,156,0,158,169,0,169,327
11/26/2010,MYF,CA,AWP,WE,Towers with Radar,0,4,44,0,48,0,4,262,0,266,0,8,306,0,314,209,0,209,523
11/27/2010,MYF,CA,AWP,WE,Towers with Radar,0,0,44,0,44,0,5,221,0,226,0,5,265,0,270,210,2,212,482
11/28/2010,MYF,CA,AWP,WE,Towers with Radar,0,5,41,0,46,0,0,148,0,148,0,5,189,0,194,162,16,178,372
11/29/2010,MYF,CA,AWP,WE,Towers with Radar,0,5,39,4,48,0,0,188,0,188,0,5,227,4,236,232,0,232,468
11/30/2010,MYF,CA,AWP,WE,Towers with Radar,0,5,61,0,66,0,0,212,0,212,0,5,273,0,278,168,0,168,446
12/01/2010,MYF,CA,AWP,WE,Towers with Radar,0,4,72,0,76,0,0,289,0,289,0,4,361,0,365,249,0,249,614
12/02/2010,MYF,CA,AWP,WE,Towers with Radar,0,6,44,0,50,0,6,211,0,217,0,12,255,0,267,165,0,165,432
12/03/2010,MYF,CA,AWP,WE,Towers with Radar,0,4,47,0,51,0,3,269,0,272,0,7,316,0,323,208,0,208,531
12/04/2010,MYF,CA,AWP,WE,Towers with Radar,0,0,38,0,38,0,0,300,2,302,0,0,338,2,340,214,0,214,554
12/05/2010,MYF,CA,AWP,WE,Towers with Radar,0,2,53,0,55,0,3,178,0,181,0,5,231,0,236,160,0,160,396
12/06/2010,MYF,CA,AWP,WE,Towers with Radar,0,7,61,0,68,0,7,245,1,253,0,14,306,1,321,262,0,262,583
12/07/2010,MYF,CA,AWP,WE,Towers with Radar,0,3,52,0,55,0,3,322,0,325,0,6,374,0,380,228,0,228,608
12/08/2010,MYF,CA,AWP,WE,Towers with Radar,0,6,74,1,81,0,7,340,2,349,0,13,414,3,430,308,2,310,740
12/09/2010,MYF,CA,AWP,WE,Towers with Radar,0,2,76,0,78,0,1,257,0,258,0,3,333,0,336,333,2,335,671
12/10/2010,MYF,CA,AWP,WE,Towers with Radar,0,6,73,0,79,0,3,215,0,218,0,9,288,0,297,185,0,185,482
12/11/2010,MYF,CA,AWP,WE,Towers with Radar,0,1,57,0,58,0,0,251,0,251,0,1,308,0,309,276,0,276,585
12/12/2010,MYF,CA,AWP,WE,Towers with Radar,0,13,56,0,69,0,0,278,0,278,0,13,334,0,347,265,0,265,612
12/13/2010,MYF,CA,AWP,WE,Towers with Radar,0,10,54,0,64,0,0,253,0,253,0,10,307,0,317,221,0,221,538
12/14/2010,MYF,CA,AWP,WE,Towers with Radar,0,3,86,0,89,0,2,215,0,217,0,5,301,0,306,86,0,86,392
12/15/2010,MYF,CA,AWP,WE,Towers with Radar,0,6,104,0,110,0,6,160,0,166,0,12,264,0,276,82,0,82,358
12/16/2010,MYF,CA,AWP,WE,Towers with Radar,0,2,79,0,81,0,2,134,0,136,0,4,213,0,217,271,0,271,488
12/17/2010,MYF,CA,AWP,WE,Towers with Radar,0,8,105,0,113,0,0,64,0,64,0,8,169,0,177,108,0,108,285
12/18/2010,MYF,CA,AWP,WE,Towers with Radar,0,2,53,0,55,0,0,16,0,16,0,2,69,0,71,72,0,72,143
12/19/2010,MYF,CA,AWP,WE,Towers with Radar,0,3,49,0,52,0,0,3,0,3,0,3,52,0,55,20,0,20,75
12/20/2010,MYF,CA,AWP,WE,Towers with Radar,0,0,15,0,15,0,0,0,0,0,0,0,15,0,15,0,0,0,15
12/21/2010,MYF,CA,AWP,WE,Towers with Radar,0,4,36,0,40,0,4,38,0,42,0,8,74,0,82,0,0,0,82
12/22/2010,MYF,CA,AWP,WE,Towers with Radar,0,6,26,0,32,0,6,46,0,52,0,12,72,0,84,52,0,52,136
12/23/2010,MYF,CA,AWP,WE,Towers with Radar,0,2,79,0,81,0,2,195,1,198,0,4,274,1,279,292,0,292,571
12/24/2010,MYF,CA,AWP,WE,Towers with Radar,0,2,37,0,39,0,2,232,0,234,0,4,269,0,273,184,0,184,457
12/25/2010,MYF,CA,AWP,WE,Towers with Radar,0,0,22,0,22,0,2,55,0,57,0,2,77,0,79,112,0,112,191
12/26/2010,MYF,CA,AWP,WE,Towers with Radar,0,0,43,0,43,0,0,107,0,107,0,0,150,0,150,124,0,124,274
12/27/2010,MYF,CA,AWP,WE,Towers with Radar,0,5,79,0,84,0,1,267,0,268,0,6,346,0,352,150,0,150,502
12/28/2010,MYF,CA,AWP,WE,Towers with Radar,0,2,49,2,53,0,4,338,2,344,0,6,387,4,397,256,0,256,653
12/29/2010,MYF,CA,AWP,WE,Towers with Radar,0,1,25,0,26,0,1,28,0,29,0,2,53,0,55,0,0,0,55
12/30/2010,MYF,CA,AWP,WE,Towers with Radar,0,5,52,0,57,0,1,201,0,202,0,6,253,0,259,141,0,141,400
12/31/2010,MYF,CA,AWP,WE,Towers with Radar,0,1,44,0,45,0,2,281,0,283,0,3,325,0,328,258,0,258,586
01/01/2011,MYF,CA,AWP,WE,Towers with Radar,0,5,29,0,34,0,4,209,2,215,0,9,238,2,249,76,0,76,325
01/02/2011,MYF,CA,AWP,WE,Towers with Radar,0,0,47,4,51,0,0,200,4,204,0,0,247,8,255,170,0,170,425
01/03/2011,MYF,CA,AWP,WE,Towers with Radar,0,5,18,4,27,0,6,53,4,63,0,11,71,8,90,94,0,94,184
01/04/2011,MYF,CA,AWP,WE,Towers with Radar,0,2,37,0,39,0,4,281,2,287,0,6,318,2,326,192,0,192,518
01/05/2011,MYF,CA,AWP,WE,Towers with Radar,0,5,48,0,53,0,0,247,0,247,0,5,295,0,300,188,0,188,488
01/06/2011,MYF,CA,AWP,WE,Towers with Radar,0,8,60,0,68,0,1,168,0,169,0,9,228,0,237,200,0,200,437
01/07/2011,MYF,CA,AWP,WE,Towers with Radar,0,10,40,0,50,0,5,198,0,203,0,15,238,0,253,296,0,296,549
01/08/2011,MYF,CA,AWP,WE,Towers with Radar,0,2,77,0,79,0,0,128,0,128,0,2,205,0,207,219,0,219,426
01/09/2011,MYF,CA,AWP,WE,Towers with Radar,0,2,56,0,58,0,1,251,0,252,0,3,307,0,310,258,0,258,568
01/10/2011,MYF,CA,AWP,WE,Towers with Radar,0,8,43,0,51,0,12,251,0,263,0,20,294,0,314,108,0,108,422
01/11/2011,MYF,CA,AWP,WE,Towers with Radar,0,2,48,0,50,0,2,288,0,290,0,4,336,0,340,238,0,238,578
01/12/2011,MYF,CA,AWP,WE,Towers with Radar,0,2,67,0,69,0,3,295,0,298,0,5,362,0,367,266,0,266,633
01/13/2011,MYF,CA,AWP,WE,Towers with Radar,0,2,40,0,42,0,0,244,0,244,0,2,284,0,286,170,0,170,456
01/14/2011,MYF,CA,AWP,WE,Towers with Radar,0,8,56,0,64,0,1,254,0,255,0,9,310,0,319,292,0,292,611
01/15/2011,MYF,CA,AWP,WE,Towers with Radar,0,3,40,0,43,0,2,392,0,394,0,5,432,0,437,361,0,361,798
01/16/2011,MYF,CA,AWP,WE,Towers with Radar,0,3,43,0,46,0,5,311,28,344,0,8,354,28,390,226,0,226,616
01/17/2011,MYF,CA,AWP,WE,Towers with Radar,0,0,48,0,48,0,0,408,0,408,0,0,456,0,456,252,6,258,714
01/18/2011,MYF,CA,AWP,WE,Towers with Radar,0,9,47,0,56,0,9,349,0,358,0,18,396,0,414,230,0,230,644
01/19/2011,MYF,CA,AWP,WE,Towers with Radar,0,4,103,0,107,0,1,39,0,40,0,5,142,0,147,34,0,34,181
01/20/2011,MYF,CA,AWP,WE,Towers with Radar,0,5,48,0,53,0,2,290,0,292,0,7,338,0,345,312,0,312,657
01/21/2011,MYF,CA,AWP,WE,Towers with Radar,0,10,58,0,68,0,1,392,0,393,0,11,450,0,461,304,0,304,765
01/22/2011,MYF,CA,AWP,WE,Towers with Radar,0,2,48,0,50,0,1,338,0,339,0,3,386,0,389,220,0,220,609
01/23/2011,MYF,CA,AWP,WE,Towers with Radar,0,1,43,0,44,0,1,225,0,226,0,2,268,0,270,158,0,158,428
01/24/2011,MYF,CA,AWP,WE,Towers with Radar,0,5,54,0,59,0,5,284,0,289,0,10,338,0,348,218,0,218,566
01/25/2011,MYF,CA,AWP,WE,Towers with Radar,0,5,61,0,66,0,0,266,0,266,0,5,327,0,332,204,0,204,536
01/26/2011,MYF,CA,AWP,WE,Towers with Radar,0,7,46,2,55,0,1,276,4,281,0,8,322,6,336,284,0,284,620
01/27/2011,MYF,CA,AWP,WE,Towers with Radar,0,4,62,0,66,0,0,285,0,285,0,4,347,0,351,152,0,152,503
01/28/2011,MYF,CA,AWP,WE,Towers with Radar,0,5,87,0,92,0,1,322,0,323,0,6,409,0,415,240,0,240,655
01/29/2011,MYF,CA,AWP,WE,Towers with Radar,0,1,65,0,66,0,1,262,0,263,0,2,327,0,329,186,0,186,515
01/30/2011,MYF,CA,AWP,WE,Towers with Radar,0,0,56,0,56,0,0,194,0,194,0,0,250,0,250,182,0,182,432
01/31/2011,MYF,CA,AWP,WE,Towers with Radar,0,5,73,1,79,0,1,153,0,154,0,6,226,1,233,175,2,177,410
02/01/2011,MYF,CA,AWP,WE,Towers with Radar,0,3,53,1,57,0,4,250,2,256,0,7,303,3,313,237,0,237,550
02/02/2011,MYF,CA,AWP,WE,Towers with Radar,0,1,35,0,36,0,3,128,0,131,0,4,163,0,167,98,0,98,265
02/03/2011,MYF,CA,AWP,WE,Towers with Radar,0,2,50,0,52,0,0,295,0,295,0,2,345,0,347,128,0,128,475
02/04/2011,MYF,CA,AWP,WE,Towers with Radar,0,7,63,0,70,0,1,337,0,338,0,8,400,0,408,248,0,248,656
02/05/2011,MYF,CA,AWP,WE,Towers with Radar,0,0,64,0,64,0,1,347,2,350,0,1,411,2,414,183,0,183,597
02/06/2011,MYF,CA,AWP,WE,Towers with Radar,0,2,29,0,31,0,2,262,0,264,0,4,291,0,295,244,0,244,539
02/07/2011,MYF,CA,AWP,WE,Towers with Radar,0,7,70,1,78,0,2,256,0,258,0,9,326,1,336,278,0,278,614
02/08/2011,MYF,CA,AWP,WE,Towers with Radar,0,9,100,0,109,0,10,183,0,193,0,19,283,0,302,122,0,122,424
02/09/2011,MYF,CA,AWP,WE,Towers with Radar,0,3,62,0,65,0,5,299,0,304,0,8,361,0,369,341,0,341,710
02/10/2011,MYF,CA,AWP,WE,Towers with Radar,0,4,65,0,69,0,3,334,0,337,0,7,399,0,406,295,0,295,701
02/11/2011,MYF,CA,AWP,WE,Towers with Radar,0,3,69,0,72,0,1,357,0,358,0,4,426,0,430,230,0,230,660
02/12/2011,MYF,CA,AWP,WE,Towers with Radar,0,4,0,0,4,0,4,296,0,300,0,8,296,0,304,236,0,236,540
02/13/2011,MYF,CA,AWP,WE,Towers with Radar,0,2,61,0,63,0,3,396,0,399,0,5,457,0,462,278,0,278,740
02/14/2011,MYF,CA,AWP,WE,Towers with Radar,0,6,45,0,51,0,0,253,0,253,0,6,298,0,304,223,0,223,527
02/15/2011,MYF,CA,AWP,WE,Towers with Radar,0,6,98,0,104,0,8,307,0,315,0,14,405,0,419,221,0,221,640
02/16/2011,MYF,CA,AWP,WE,Towers with Radar,0,2,74,0,76,0,0,3,0,3,0,2,77,0,79,40,0,40,119
02/17/2011,MYF,CA,AWP,WE,Towers with Radar,0,6,65,0,71,0,1,204,0,205,0,7,269,0,276,206,0,206,482
02/18/2011,MYF,CA,AWP,WE,Towers with Radar,0,2,54,0,56,0,0,121,0,121,0,2,175,0,177,74,0,74,251
02/19/2011,MYF,CA,AWP,WE,Towers with Radar,0,1,29,0,30,0,0,54,0,54,0,1,83,0,84,116,0,116,200
02/20/2011,MYF,CA,AWP,WE,Towers with Radar,0,7,54,0,61,0,0,132,0,132,0,7,186,0,193,348,0,348,541
02/21/2011,MYF,CA,AWP,WE,Towers with Radar,0,7,93,0,100,0,7,344,1,352,0,14,437,1,452,346,0,346,798
02/22/2011,MYF,CA,AWP,WE,Towers with Radar,0,3,295,2,300,0,3,75,1,79,0,6,370,3,379,236,0,236,615
02/23/2011,MYF,CA,AWP,WE,Towers with Radar,0,3,86,0,89,0,0,166,0,166,0,3,252,0,255,222,0,222,477
02/24/2011,MYF,CA,AWP,WE,Towers with Radar,0,9,65,0,74,0,1,192,0,193,0,10,257,0,267,164,0,164,431
02/25/2011,MYF,CA,AWP,WE,Towers with Radar,0,8,59,0,67,0,2,129,0,131,0,10,188,0,198,172,0,172,370
02/26/2011,MYF,CA,AWP,WE,Towers with Radar,0,2,10,0,12,0,2,19,0,21,0,4,29,0,33,32,0,32,65
02/27/2011,MYF,CA,AWP,WE,Towers with Radar,0,4,66,0,70,0,1,294,0,295,0,5,360,0,365,210,0,210,575
02/28/2011,MYF,CA,AWP,WE,Towers with Radar,0,3,53,2,58,0,5,204,0,209,0,8,257,2,267,196,0,196,463
03/01/2011,MYF,CA,AWP,WE,Towers with Radar,0,7,57,1,65,0,7,328,2,337,0,14,385,3,402,174,0,174,576
03/02/2011,MYF,CA,AWP,WE,Towers with Radar,0,4,61,0,65,0,3,243,0,246,0,7,304,0,311,248,2,250,561
03/03/2011,MYF,CA,AWP,WE,Towers with Radar,0,6,93,0,99,0,0,162,0,162,0,6,255,0,261,168,0,168,429
03/04/2011,MYF,CA,AWP,WE,Towers with Radar,0,4,65,0,69,0,0,255,0,255,0,4,320,0,324,308,0,308,632
03/05/2011,MYF,CA,AWP,WE,Towers with Radar,0,3,55,2,60,0,1,333,0,334,0,4,388,2,394,252,0,252,646
03/06/2011,MYF,CA,AWP,WE,Towers with Radar,0,3,101,0,104,0,1,116,0,117,0,4,217,0,221,186,0,186,407
03/07/2011,MYF,CA,AWP,WE,Towers with Radar,0,5,71,0,76,0,6,111,0,117,0,11,182,0,193,112,0,112,305
03/08/2011,MYF,CA,AWP,WE,Towers with Radar,0,5,70,0,75,0,5,325,0,330,0,10,395,0,405,314,0,314,719
03/09/2011,MYF,CA,AWP,WE,Towers with Radar,0,1,0,0,1,0,3,250,0,253,0,4,250,0,254,196,0,196,450
03/10/2011,MYF,CA,AWP,WE,Towers with Radar,0,7,55,1,63,0,3,223,1,227,0,10,278,2,290,206,0,206,496
03/11/2011,MYF,CA,AWP,WE,Towers with Radar,0,8,69,0,77,0,1,254,0,255,0,9,323,0,332,266,0,266,598
03/12/2011,MYF,CA,AWP,WE,Towers with Radar,0,0,61,0,61,0,5,223,0,228,0,5,284,0,289,250,0,250,539
03/13/2011,MYF,CA,AWP,WE,Towers with Radar,0,1,58,2,61,0,1,250,2,253,0,2,308,4,314,154,0,154,468
03/14/2011,MYF,CA,AWP,WE,Towers with Radar,0,9,52,0,61,0,0,198,0,198,0,9,250,0,259,248,0,248,507
03/15/2011,MYF,CA,AWP,WE,Towers with Radar,0,2,70,0,72,0,7,216,0,223,0,9,286,0,295,157,0,157,452
03/16/2011,MYF,CA,AWP,WE,Towers with Radar,0,5,70,0,75,0,0,224,0,224,0,5,294,0,299,224,0,224,523
03/17/2011,MYF,CA,AWP,WE,Towers with Radar,0,5,85,0,90,0,2,149,0,151,0,7,234,0,241,203,0,203,444
03/18/2011,MYF,CA,AWP,WE,Towers with Radar,0,6,64,0,70,0,0,244,0,244,0,6,308,0,314,224,0,224,538
03/19/2011,MYF,CA,AWP,WE,Towers with Radar,0,4,56,4,64,0,1,161,0,162,0,5,217,4,226,370,0,370,596
03/20/2011,MYF,CA,AWP,WE,Towers with Radar,0,1,29,0,30,0,1,64,0,65,0,2,93,0,95,100,0,100,195
03/21/2011,MYF,CA,AWP,WE,Towers with Radar,0,17,36,0,53,0,0,39,0,39,0,17,75,0,92,155,0,155,247
03/22/2011,MYF,CA,AWP,WE,Towers with Radar,0,3,95,1,99,0,3,335,2,340,0,6,430,3,439,344,2,346,785
03/23/2011,MYF,CA,AWP,WE,Towers with Radar,0,3,74,0,77,0,0,231,0,231,0,3,305,0,308,186,0,186,494
03/24/2011,MYF,CA,AWP,WE,Towers with Radar,0,7,84,1,92,0,1,197,0,198,0,8,281,1,290,172,2,174,464
03/25/2011,MYF,CA,AWP,WE,Towers with Radar,0,4,58,0,62,0,1,66,0,67,0,5,124,0,129,86,0,86,215
03/26/2011,MYF,CA,AWP,WE,Towers with Radar,0,2,81,0,83,0,0,177,0,177,0,2,258,0,260,282,0,282,542
03/27/2011,MYF,CA,AWP,WE,Towers with Radar,0,7,74,0,81,0,7,204,0,211,0,14,278,0,292,346,0,346,638
03/28/2011,MYF,CA,AWP,WE,Towers with Radar,0,4,86,0,90,0,0,180,0,180,0,4,266,0,270,440,0,440,710
03/29/2011,MYF,CA,AWP,WE,Towers with Radar,0,4,77,0,81,0,4,300,0,304,0,8,377,0,385,370,0,370,755
03/30/2011,MYF,CA,AWP,WE,Towers with Radar,0,3,80,0,83,0,3,242,0,245,0,6,322,0,328,352,0,352,680
03/31/2011,MYF,CA,AWP,WE,Towers with Radar,0,4,65,0,69,0,0,317,0,317,0,4,382,0,386,398,0,398,784
04/01/2011,MYF,CA,AWP,WE,Towers with Radar,0,2,51,0,53,0,3,297,0,300,0,5,348,0,353,304,0,304,657
04/02/2011,MYF,CA,AWP,WE,Towers with Radar,0,3,105,0,108,0,1,81,0,82,0,4,186,0,190,276,0,276,466
04/03/2011,MYF,CA,AWP,WE,Towers with Radar,0,1,75,0,76,0,1,234,0,235,0,2,309,0,311,210,0,210,521
04/04/2011,MYF,CA,AWP,WE,Towers with Radar,0,8,79,0,87,0,8,316,0,324,0,16,395,0,411,258,6,264,675
04/05/2011,MYF,CA,AWP,WE,Towers with Radar,0,4,70,0,74,0,4,247,0,251,0,8,317,0,325,298,0,298,623
04/06/2011,MYF,CA,AWP,WE,Towers with Radar,0,5,77,0,82,0,0,78,0,78,0,5,155,0,160,280,0,280,440
04/07/2011,MYF,CA,AWP,WE,Towers with Radar,0,6,72,0,78,0,2,28,0,30,0,8,100,0,108,196,0,196,304
04/08/2011,MYF,CA,AWP,WE,Towers with Radar,0,5,36,0,41,0,2,96,0,98,0,7,132,0,139,228,0,228,367
04/09/2011,MYF,CA,AWP,WE,Towers with Radar,0,0,59,0,59,0,1,259,0,260,0,1,318,0,319,324,0,324,643
04/10/2011,MYF,CA,AWP,WE,Towers with Radar,0,1,55,0,56,0,0,318,0,318,0,1,373,0,374,366,0,366,740
04/11/2011,MYF,CA,AWP,WE,Towers with Radar,0,4,63,0,67,0,0,237,0,237,0,4,300,0,304,235,0,235,539
04/12/2011,MYF,CA,AWP,WE,Towers with Radar,0,3,79,4,86,0,3,271,4,278,0,6,350,8,364,204,0,204,568
04/13/2011,MYF,CA,AWP,WE,Towers with Radar,0,2,88,0,90,0,0,204,0,204,0,2,292,0,294,428,2,430,724
04/14/2011,MYF,CA,AWP,WE,Towers with Radar,0,4,91,0,95,0,1,321,0,322,0,5,412,0,417,322,0,322,739
04/15/2011,MYF,CA,AWP,WE,Towers with Radar,0,4,59,2,65,0,2,367,0,369,0,6,426,2,434,272,0,272,706
04/16/2011,MYF,CA,AWP,WE,Towers with Radar,0,0,26,2,28,0,2,366,0,368,0,2,392,2,396,404,0,404,800
04/17/2011,MYF,CA,AWP,WE,Towers with Radar,0,2,65,0,67,0,2,154,0,156,0,4,219,0,223,160,0,160,383
04/18/2011,MYF,CA,AWP,WE,Towers with Radar,0,5,89,0,94,0,0,32,0,32,0,5,121,0,126,196,0,196,322
04/19/2011,MYF,CA,AWP,WE,Towers with Radar,0,5,110,1,116,0,7,243,2,252,0,12,353,3,368,426,0,426,794
04/20/2011,MYF,CA,AWP,WE,Towers with Radar,0,4,105,0,109,0,1,113,0,114,0,5,218,0,223,372,0,372,595
04/21/2011,MYF,CA,AWP,WE,Towers with Radar,0,5,125,0,130,0,0,110,16,126,0,5,235,16,256,318,0,318,574
04/22/2011,MYF,CA,AWP,WE,Towers with Radar,0,6,100,0,106,0,1,222,0,223,0,7,322,0,329,350,0,350,679
04/23/2011,MYF,CA,AWP,WE,Towers with Radar,0,0,74,0,74,0,0,239,1,240,0,0,313,1,314,290,0,290,604
04/24/2011,MYF,CA,AWP,WE,Towers with Radar,0,3,67,1,71,0,0,96,0,96,0,3,163,1,167,346,0,346,513
04/25/2011,MYF,CA,AWP,WE,Towers with Radar,0,6,75,0,81,0,0,223,0,223,0,6,298,0,304,248,0,248,552
04/26/2011,MYF,CA,AWP,WE,Towers with Radar,0,2,78,0,80,0,3,269,0,272,0,5,347,0,352,330,0,330,682
04/27/2011,MYF,CA,AWP,WE,Towers with Radar,0,2,82,2,86,0,1,321,1,323,0,3,403,3,409,366,0,366,775
04/28/2011,MYF,CA,AWP,WE,Towers with Radar,0,8,54,0,62,0,0,279,0,279,0,8,333,0,341,302,0,302,643
04/29/2011,MYF,CA,AWP,WE,Towers with Radar,0,4,98,0,102,0,1,237,0,238,0,5,335,0,340,298,0,298,638
04/30/2011,MYF,CA,AWP,WE,Towers with Radar,0,5,48,0,53,0,4,278,0,282,0,9,326,0,335,190,0,190,525
05/01/2011,MYF,CA,AWP,WE,Towers with Radar,0,1,53,0,54,0,0,281,0,281,0,1,334,0,335,369,0,369,704
05/02/2011,MYF,CA,AWP,WE,Towers with Radar,0,2,49,0,51,0,2,252,0,254,0,4,301,0,305,282,0,282,587
05/03/2011,MYF,CA,AWP,WE,Towers with Radar,0,4,44,0,48,0,6,356,0,362,0,10,400,0,410,329,0,329,739
05/04/2011,MYF,CA,AWP,WE,Towers with Radar,0,5,63,0,68,0,4,241,0,245,0,9,304,0,313,282,0,282,595
05/05/2011,MYF,CA,AWP,WE,Towers with Radar,0,3,64,0,67,0,0,244,0,244,0,3,308,0,311,340,0,340,651
05/06/2011,MYF,CA,AWP,WE,Towers with Radar,0,5,88,0,93,0,0,237,0,237,0,5,325,0,330,234,0,234,564
05/07/2011,MYF,CA,AWP,WE,Towers with Radar,0,0,76,0,76,0,0,187,0,187,0,0,263,0,263,202,0,202,465
05/08/2011,MYF,CA,AWP,WE,Towers with Radar,0,4,99,0,103,0,0,75,0,75,0,4,174,0,178,183,0,183,361
05/09/2011,MYF,CA,AWP,WE,Towers with Radar,0,10,61,2,73,0,1,89,0,90,0,11,150,2,163,191,0,191,354
05/10/2011,MYF,CA,AWP,WE,Towers with Radar,0,4,63,0,67,0,8,326,0,334,0,12,389,0,401,292,0,292,693
05/11/2011,MYF,CA,AWP,WE,Towers with Radar,0,3,59,0,62,0,0,286,0,286,0,3,345,0,348,387,0,387,735
05/12/2011,MYF,CA,AWP,WE,Towers with Radar,0,3,90,0,93,0,2,319,0,321,0,5,409,0,414,245,0,245,659
05/13/2011,MYF,CA,AWP,WE,Towers with Radar,0,7,113,0,120,0,1,117,0,118,0,8,230,0,238,146,0,146,384
05/14/2011,MYF,CA,AWP,WE,Towers with Radar,0,1,78,0,79,0,0,152,0,152,0,1,230,0,231,282,0,282,513
05/15/2011,MYF,CA,AWP,WE,Towers with Radar,0,3,67,0,70,0,0,170,0,170,0,3,237,0,240,318,0,318,558
05/16/2011,MYF,CA,AWP,WE,Towers with Radar,0,4,59,1,64,0,5,251,1,257,0,9,310,2,321,292,0,292,613
05/17/2011,MYF,CA,AWP,WE,Towers with Radar,0,2,53,0,55,0,2,85,0,87,0,4,138,0,142,6,0,6,148
05/18/2011,MYF,CA,AWP,WE,Towers with Radar,0,3,55,0,58,0,0,63,0,63,0,3,118,0,121,138,0,138,259
05/19/2011,MYF,CA,AWP,WE,Towers with Radar,0,3,85,0,88,0,0,285,0,285,0,3,370,0,373,334,0,334,707
05/20/2011,MYF,CA,AWP,WE,Towers with Radar,0,7,82,0,89,0,1,296,0,297,0,8,378,0,386,460,0,460,846
05/21/2011,MYF,CA,AWP,WE,Towers with Radar,0,1,82,0,83,0,1,218,0,219,0,2,300,0,302,167,0,167,469
05/22/2011,MYF,CA,AWP,WE,Towers with Radar,0,1,106,0,107,0,0,127,0,127,0,1,233,0,234,146,0,146,380
05/23/2011,MYF,CA,AWP,WE,Towers with Radar,0,10,94,0,104,0,0,74,0,74,0,10,168,0,178,144,0,144,322
05/24/2011,MYF,CA,AWP,WE,Towers with Radar,0,1,59,0,60,0,1,318,0,319,0,2,377,0,379,202,0,202,581
05/25/2011,MYF,CA,AWP,WE,Towers with Radar,0,4,70,0,74,0,2,335,0,337,0,6,405,0,411,412,0,412,823
05/26/2011,MYF,CA,AWP,WE,Towers with Radar,0,5,89,0,94,0,2,245,0,247,0,7,334,0,341,282,0,282,623
05/27/2011,MYF,CA,AWP,WE,Towers with Radar,0,6,80,0,86,0,0,292,0,292,0,6,372,0,378,282,0,282,660
05/28/2011,MYF,CA,AWP,WE,Towers with Radar,0,0,74,0,74,0,0,162,0,162,0,0,236,0,236,219,0,219,455
05/29/2011,MYF,CA,AWP,WE,Towers with Radar,0,3,26,0,29,0,4,92,0,96,0,7,118,0,125,156,0,156,281
05/30/2011,MYF,CA,AWP,WE,Towers with Radar,0,1,64,0,65,0,3,380,0,383,0,4,444,0,448,346,0,346,794
05/31/2011,MYF,CA,AWP,WE,Towers with Radar,0,7,58,0,65,0,9,316,2,327,0,16,374,2,392,314,0,314,706
06/01/2011,MYF,CA,AWP,WE,Towers with Radar,0,5,77,0,82,0,0,253,0,253,0,5,330,0,335,330,0,330,665
06/02/2011,MYF,CA,AWP,WE,Towers with Radar,0,4,68,0,72,0,2,287,0,289,0,6,355,0,361,352,0,352,713
06/03/2011,MYF,CA,AWP,WE,Towers with Radar,0,5,68,0,73,0,1,296,0,297,0,6,364,0,370,377,0,377,747
06/04/2011,MYF,CA,AWP,WE,Towers with Radar,0,0,49,0,49,0,0,232,0,232,0,0,281,0,281,390,0,390,671
06/05/2011,MYF,CA,AWP,WE,Towers with Radar,0,2,55,0,57,0,2,341,0,343,0,4,396,0,400,296,0,296,696
06/06/2011,MYF,CA,AWP,WE,Towers with Radar,0,6,77,0,83,0,1,201,0,202,0,7,278,0,285,250,0,250,535
06/07/2011,MYF,CA,AWP,WE,Towers with Radar,0,6,74,0,80,0,8,352,0,360,0,14,426,0,440,200,0,200,640
06/08/2011,MYF,CA,AWP,WE,Towers with Radar,0,7,98,0,105,0,1,163,0,164,0,8,261,0,269,316,0,316,585
06/09/2011,MYF,CA,AWP,WE,Towers with Radar,0,2,145,0,147,0,0,164,0,164,0,2,309,0,311,237,0,237,548
06/10/2011,MYF,CA,AWP,WE,Towers with Radar,0,8,99,0,107,0,0,94,0,94,0,8,193,0,201,241,0,241,442
06/11/2011,MYF,CA,AWP,WE,Towers with Radar,0,0,83,0,83,0,0,180,0,180,0,0,263,0,263,285,0,285,548
06/12/2011,MYF,CA,AWP,WE,Towers with Radar,0,8,87,0,95,0,0,185,1,186,0,8,272,1,281,288,0,288,569
06/13/2011,MYF,CA,AWP,WE,Towers with Radar,0,5,95,0,100,0,5,320,0,325,0,10,415,0,425,332,0,332,757
06/14/2011,MYF,CA,AWP,WE,Towers with Radar,0,2,72,0,74,0,0,314,0,314,0,2,386,0,388,270,0,270,658
06/15/2011,MYF,CA,AWP,WE,Towers with Radar,0,9,73,0,82,0,0,169,0,169,0,9,242,0,251,274,0,274,525
06/16/2011,MYF,CA,AWP,WE,Towers with Radar,0,5,113,2,120,0,0,169,0,169,0,5,282,2,289,278,0,278,567
06/17/2011,MYF,CA,AWP,WE,Towers with Radar,0,9,79,0,88,0,1,196,0,197,0,10,275,0,285,267,0,267,552
06/18/2011,MYF,CA,AWP,WE,Towers with Radar,0,3,76,0,79,0,1,260,0,261,0,4,336,0,340,293,0,293,633
06/19/2011,MYF,CA,AWP,WE,Towers with Radar,0,2,47,1,50,0,1,201,1,203,0,3,248,2,253,243,0,243,496
06/20/2011,MYF,CA,AWP,WE,Towers with Radar,0,2,82,0,84,0,9,326,0,335,0,11,408,0,419,366,0,366,785
06/21/2011,MYF,CA,AWP,WE,Towers with Radar,0,1,103,0,104,0,4,304,0,308,0,5,407,0,412,212,0,212,624
06/22/2011,MYF,CA,AWP,WE,Towers with Radar,0,3,83,2,88,0,1,240,1,242,0,4,323,3,330,300,0,300,630
06/23/2011,MYF,CA,AWP,WE,Towers with Radar,0,4,100,0,104,0,1,206,0,207,0,5,306,0,311,420,0,420,731
06/24/2011,MYF,CA,AWP,WE,Towers with Radar,0,6,80,0,86,0,2,205,0,207,0,8,285,0,293,224,0,224,517
06/25/2011,MYF,CA,AWP,WE,Towers with Radar,0,1,61,0,62,0,2,220,0,222,0,3,281,0,284,302,0,302,586
06/26/2011,MYF,CA,AWP,WE,Towers with Radar,0,6,72,0,78,0,0,241,0,241,0,6,313,0,319,289,0,289,608
06/27/2011,MYF,CA,AWP,WE,Towers with Radar,0,3,62,0,65,0,5,309,0,314,0,8,371,0,379,358,0,358,737
06/28/2011,MYF,CA,AWP,WE,Towers with Radar,0,2,64,0,66,0,5,286,0,291,0,7,350,0,357,323,0,323,680
06/29/2011,MYF,CA,AWP,WE,Towers with Radar,0,2,82,0,84,0,2,224,0,226,0,4,306,0,310,373,0,373,683
06/30/2011,MYF,CA,AWP,WE,Towers with Radar,0,2,71,0,73,0,5,306,0,311,0,7,377,0,384,267,0,267,651
07/01/2011,MYF,CA,AWP,WE,Towers with Radar,0,5,63,0,68,0,0,296,0,296,0,5,359,0,364,267,0,267,631
07/02/2011,MYF,CA,AWP,WE,Towers with Radar,0,3,60,0,63,0,0,258,0,258,0,3,318,0,321,200,0,200,521
07/03/2011,MYF,CA,AWP,WE,Towers with Radar,0,2,42,0,44,0,2,247,0,249,0,4,289,0,293,184,0,184,477
07/04/2011,MYF,CA,AWP,WE,Towers with Radar,0,0,27,0,27,0,0,185,0,185,0,0,212,0,212,171,0,171,383
07/05/2011,MYF,CA,AWP,WE,Towers with Radar,0,3,60,3,66,0,3,281,0,284,0,6,341,3,350,275,0,275,625
07/06/2011,MYF,CA,AWP,WE,Towers with Radar,0,9,70,1,80,0,0,228,1,229,0,9,298,2,309,274,0,274,583
07/07/2011,MYF,CA,AWP,WE,Towers with Radar,0,4,63,1,68,0,1,288,0,289,0,5,351,1,357,317,0,317,674
07/08/2011,MYF,CA,AWP,WE,Towers with Radar,0,4,65,1,70,0,1,287,1,289,0,5,352,2,359,441,0,441,800
07/09/2011,MYF,CA,AWP,WE,Towers with Radar,0,4,54,0,58,0,3,299,0,302,0,7,353,0,360,276,0,276,636
07/10/2011,MYF,CA,AWP,WE,Towers with Radar,0,2,52,0,54,0,0,325,0,325,0,2,377,0,379,238,0,238,617
07/11/2011,MYF,CA,AWP,WE,Towers with Radar,0,6,64,0,70,0,6,236,0,242,0,12,300,0,312,306,0,306,618
07/12/2011,MYF,CA,AWP,WE,Towers with Radar,0,1,65,0,66,0,3,302,2,307,0,4,367,2,373,212,0,212,585
07/13/2011,MYF,CA,AWP,WE,Towers with Radar,0,2,75,0,77,0,3,230,0,233,0,5,305,0,310,391,0,391,701
07/14/2011,MYF,CA,AWP,WE,Towers with Radar,0,3,93,0,96,0,5,216,0,221,0,8,309,0,317,248,0,248,565
07/15/2011,MYF,CA,AWP,WE,Towers with Radar,0,3,94,0,97,0,3,224,1,228,0,6,318,1,325,400,0,400,725
07/16/2011,MYF,CA,AWP,WE,Towers with Radar,0,3,85,0,88,0,3,316,0,319,0,6,401,0,407,184,0,184,591
07/17/2011,MYF,CA,AWP,WE,Towers with Radar,0,0,83,0,83,0,0,259,0,259,0,0,342,0,342,252,0,252,594
07/18/2011,MYF,CA,AWP,WE,Towers with Radar,0,8,77,0,85,0,4,285,0,289,0,12,362,0,374,303,0,303,677
07/19/2011,MYF,CA,AWP,WE,Towers with Radar,0,5,80,0,85,0,5,376,0,381,0,10,456,0,466,301,0,301,767
07/20/2011,MYF,CA,AWP,WE,Towers with Radar,0,4,89,0,93,0,0,234,3,237,0,4,323,3,330,188,0,188,518
07/21/2011,MYF,CA,AWP,WE,Towers with Radar,0,12,79,0,91,0,1,248,2,251,0,13,327,2,342,199,0,199,541
07/22/2011,MYF,CA,AWP,WE,Towers with Radar,0,5,93,0,98,0,0,259,1,260,0,5,352,1,358,272,0,272,630
07/23/2011,MYF,CA,AWP,WE,Towers with Radar,0,8,68,0,76,0,1,274,0,275,0,9,342,0,351,255,0,255,606
07/24/2011,MYF,CA,AWP,WE,Towers with Radar,0,4,0,1,5,0,2,202,1,205,0,6,202,2,210,181,0,181,391
07/25/2011,MYF,CA,AWP,WE,Towers with Radar,0,10,66,0,76,0,10,267,0,277,0,20,333,0,353,241,0,241,594
07/26/2011,MYF,CA,AWP,WE,Towers with Radar,0,5,80,0,85,0,3,284,2,289,0,8,364,2,374,216,0,216,590
07/27/2011,MYF,CA,AWP,WE,Towers with Radar,0,8,109,0,117,0,0,189,0,189,0,8,298,0,306,248,0,248,554
07/28/2011,MYF,CA,AWP,WE,Towers with Radar,0,2,88,0,90,0,0,264,0,264,0,2,352,0,354,322,0,322,676
07/29/2011,MYF,CA,AWP,WE,Towers with Radar,0,10,95,0,105,0,2,203,0,205,0,12,298,0,310,223,0,223,533
07/30/2011,MYF,CA,AWP,WE,Towers with Radar,0,2,96,0,98,0,0,185,0,185,0,2,281,0,283,342,0,342,625
07/31/2011,MYF,CA,AWP,WE,Towers with Radar,0,2,73,0,75,0,3,285,0,288,0,5,358,0,363,316,2,318,681
08/01/2011,MYF,CA,AWP,WE,Towers with Radar,0,1,62,0,63,0,5,326,0,331,0,6,388,0,394,412,0,412,806
08/02/2011,MYF,CA,AWP,WE,Towers with Radar,0,4,61,0,65,0,4,305,0,309,0,8,366,0,374,308,0,308,682
08/03/2011,MYF,CA,AWP,WE,Towers with Radar,0,4,53,0,57,0,0,277,0,277,0,4,330,0,334,393,0,393,727
08/04/2011,MYF,CA,AWP,WE,Towers with Radar,0,2,78,0,80,0,1,315,0,316,0,3,393,0,396,406,0,406,802
08/05/2011,MYF,CA,AWP,WE,Towers with Radar,0,8,86,0,94,0,0,275,2,277,0,8,361,2,371,265,0,265,636
08/06/2011,MYF,CA,AWP,WE,Towers with Radar,0,3,68,0,71,0,0,320,0,320,0,3,388,0,391,297,0,297,688
08/07/2011,MYF,CA,AWP,WE,Towers with Radar,0,3,63,0,66,0,5,365,0,370,0,8,428,0,436,284,0,284,720
08/08/2011,MYF,CA,AWP,WE,Towers with Radar,0,9,62,0,71,0,5,271,0,276,0,14,333,0,347,344,0,344,691
08/09/2011,MYF,CA,AWP,WE,Towers with Radar,0,2,80,0,82,0,3,300,0,303,0,5,380,0,385,236,0,236,621
08/10/2011,MYF,CA,AWP,WE,Towers with Radar,0,1,98,0,99,0,1,333,0,334,0,2,431,0,433,297,0,297,730
08/11/2011,MYF,CA,AWP,WE,Towers with Radar,0,4,102,0,106,0,0,208,0,208,0,4,310,0,314,377,0,377,691
08/12/2011,MYF,CA,AWP,WE,Towers with Radar,0,4,107,0,111,0,1,204,0,205,0,5,311,0,316,255,0,255,571
08/13/2011,MYF,CA,AWP,WE,Towers with Radar,0,2,70,0,72,0,0,173,6,179,0,2,243,6,251,277,0,277,528
08/14/2011,MYF,CA,AWP,WE,Towers with Radar,0,5,71,0,76,0,5,278,0,283,0,10,349,0,359,238,0,238,597
08/15/2011,MYF,CA,AWP,WE,Towers with Radar,0,3,90,0,93,0,6,260,0,266,0,9,350,0,359,256,0,256,615
08/16/2011,MYF,CA,AWP,WE,Towers with Radar,0,0,96,0,96,0,1,304,4,309,0,1,400,4,405,216,0,216,621
08/17/2011,MYF,CA,AWP,WE,Towers with Radar,0,3,86,0,89,0,0,284,0,284,0,3,370,0,373,274,0,274,647
08/18/2011,MYF,CA,AWP,WE,Towers with Radar,0,6,77,0,83,0,3,232,0,235,0,9,309,0,318,242,0,242,560
08/19/2011,MYF,CA,AWP,WE,Towers with Radar,0,9,88,0,97,0,0,219,0,219,0,9,307,0,316,203,0,203,519
08/20/2011,MYF,CA,AWP,WE,Towers with Radar,0,1,83,0,84,0,6,247,0,253,0,7,330,0,337,258,0,258,595
08/21/2011,MYF,CA,AWP,WE,Towers with Radar,0,0,80,0,80,0,0,240,0,240,0,0,320,0,320,217,0,217,537
08/22/2011,MYF,CA,AWP,WE,Towers with Radar,0,5,72,0,77,0,9,296,0,305,0,14,368,0,382,265,0,265,647
08/23/2011,MYF,CA,AWP,WE,Towers with Radar,0,3,70,2,75,0,4,278,2,284,0,7,348,4,359,283,0,283,642
08/24/2011,MYF,CA,AWP,WE,Towers with Radar,0,3,74,0,77,0,4,297,0,301,0,7,371,0,378,366,0,366,744
08/25/2011,MYF,CA,AWP,WE,Towers with Radar,0,6,69,0,75,0,0,300,2,302,0,6,369,2,377,281,0,281,658
08/26/2011,MYF,CA,AWP,WE,Towers with Radar,0,6,81,0,87,0,3,321,1,325,0,9,402,1,412,317,0,317,729
08/27/2011,MYF,CA,AWP,WE,Towers with Radar,0,0,55,0,55,0,2,308,0,310,0,2,363,0,365,162,0,162,527
08/28/2011,MYF,CA,AWP,WE,Towers with Radar,0,2,67,0,69,0,7,334,1,342,0,9,401,1,411,298,0,298,709
08/29/2011,MYF,CA,AWP,WE,Towers with Radar,0,2,59,0,61,0,1,260,0,261,0,3,319,0,322,236,0,236,558
08/30/2011,MYF,CA,AWP,WE,Towers with Radar,0,3,94,0,97,0,3,307,0,310,0,6,401,0,407,235,0,235,642
08/31/2011,MYF,CA,AWP,WE,Towers with Radar,0,6,80,0,86,0,7,352,0,359,0,13,432,0,445,426,0,426,871
09/01/2011,MYF,CA,AWP,WE,Towers with Radar,0,11,65,0,76,0,0,236,0,236,0,11,301,0,312,304,0,304,616
09/02/2011,MYF,CA,AWP,WE,Towers with Radar,0,9,95,1,105,0,0,0,0,0,0,9,95,1,105,0,0,0,105
09/03/2011,MYF,CA,AWP,WE,Towers with Radar,0,2,65,2,69,0,2,241,0,243,0,4,306,2,312,201,0,201,513
09/04/2011,MYF,CA,AWP,WE,Towers with Radar,0,1,47,0,48,0,1,213,0,214,0,2,260,0,262,248,0,248,510
09/05/2011,MYF,CA,AWP,WE,Towers with Radar,0,2,89,0,91,0,0,142,0,142,0,2,231,0,233,182,0,182,415
09/06/2011,MYF,CA,AWP,WE,Towers with Radar,0,8,51,0,59,0,2,153,0,155,0,10,204,0,214,175,0,175,389
09/07/2011,MYF,CA,AWP,WE,Towers with Radar,0,7,83,2,92,0,1,250,0,251,0,8,333,2,343,324,0,324,667
09/08/2011,MYF,CA,AWP,WE,Towers with Radar,0,2,70,0,72,0,1,293,0,294,0,3,363,0,366,214,0,214,580
09/09/2011,MYF,CA,AWP,WE,Towers with Radar,0,14,74,2,90,0,2,251,0,253,0,16,325,2,343,134,0,134,477
09/10/2011,MYF,CA,AWP,WE,Towers with Radar,0,0,66,0,66,0,1,184,0,185,0,1,250,0,251,252,0,252,503
09/11/2011,MYF,CA,AWP,WE,Towers with Radar,0,7,78,5,90,0,0,216,0,216,0,7,294,5,306,232,0,232,538
09/12/2011,MYF,CA,AWP,WE,Towers with Radar,0,7,64,0,71,0,1,190,0,191,0,8,254,0,262,264,0,264,526
09/13/2011,MYF,CA,AWP,WE,Towers with Radar,0,7,82,0,89,0,0,216,0,216,0,7,298,0,305,220,0,220,525
09/14/2011,MYF,CA,AWP,WE,Towers with Radar,0,6,98,2,106,0,1,205,0,206,0,7,303,2,312,219,0,219,531
09/15/2011,MYF,CA,AWP,WE,Towers with Radar,0,7,93,1,101,0,1,203,0,204,0,8,296,1,305,195,0,195,500
09/16/2011,MYF,CA,AWP,WE,Towers with Radar,0,5,130,0,135,0,0,124,0,124,0,5,254,0,259,253,0,253,512
09/17/2011,MYF,CA,AWP,WE,Towers with Radar,0,4,98,1,103,0,0,199,0,199,0,4,297,1,302,288,0,288,590
09/18/2011,MYF,CA,AWP,WE,Towers with Radar,0,0,71,0,71,0,0,244,0,244,0,0,315,0,315,236,0,236,551
09/19/2011,MYF,CA,AWP,WE,Towers with Radar,0,8,75,0,83,0,2,153,0,155,0,10,228,0,238,134,0,134,372
09/20/2011,MYF,CA,AWP,WE,Towers with Radar,0,4,66,5,75,0,0,181,0,181,0,4,247,5,256,220,0,220,476
09/21/2011,MYF,CA,AWP,WE,Towers with Radar,0,5,95,0,100,0,0,169,0,169,0,5,264,0,269,124,0,124,393
09/22/2011,MYF,CA,AWP,WE,Towers with Radar,0,5,67,1,73,0,2,197,0,199,0,7,264,1,272,275,0,275,547
09/23/2011,MYF,CA,AWP,WE,Towers with Radar,0,9,92,0,101,0,1,150,0,151,0,10,242,0,252,239,0,239,491
09/24/2011,MYF,CA,AWP,WE,Towers with Radar,0,1,50,4,55,0,0,202,0,202,0,1,252,4,257,101,0,101,358
09/25/2011,MYF,CA,AWP,WE,Towers with Radar,0,4,107,1,112,0,0,142,0,142,0,4,249,1,254,231,0,231,485
09/26/2011,MYF,CA,AWP,WE,Towers with Radar,0,7,43,0,50,0,1,105,0,106,0,8,148,0,156,156,0,156,312
09/27/2011,MYF,CA,AWP,WE,Towers with Radar,0,7,104,0,111,0,4,279,0,283,0,11,383,0,394,323,0,323,717
09/28/2011,MYF,CA,AWP,WE,Towers with Radar,0,6,82,1,89,0,2,220,0,222,0,8,302,1,311,237,0,237,548
09/29/2011,MYF,CA,AWP,WE,Towers with Radar,0,4,49,6,59,0,0,127,0,127,0,4,176,6,186,139,0,139,325
09/30/2011,MYF,CA,AWP,WE,Towers with Radar,0,8,52,0,60,0,1,146,0,147,0,9,198,0,207,143,0,143,350
10/01/2011,MYF,CA,AWP,WE,Towers with Radar,0,0,28,0,28,0,1,116,0,117,0,1,144,0,145,148,0,148,293
10/02/2011,MYF,CA,AWP,WE,Towers with Radar,0,0,38,0,38,0,0,137,0,137,0,0,175,0,175,178,0,178,353
10/03/2011,MYF,CA,AWP,WE,Towers with Radar,0,9,62,0,71,0,0,204,0,204,0,9,266,0,275,285,0,285,560
10/04/2011,MYF,CA,AWP,WE,Towers with Radar,0,6,77,0,83,0,1,68,0,69,0,7,145,0,152,92,0,92,244
10/05/2011,MYF,CA,AWP,WE,Towers with Radar,0,4,61,0,65,0,0,21,0,21,0,4,82,0,86,64,0,64,150
10/06/2011,MYF,CA,AWP,WE,Towers with Radar,1,10,71,1,83,0,2,148,0,150,1,12,219,1,233,245,0,245,478
10/07/2011,MYF,CA,AWP,WE,Towers with Radar,0,13,76,0,89,0,4,312,0,316,0,17,388,0,405,319,0,319,724
10/08/2011,MYF,CA,AWP,WE,Towers with Radar,0,4,42,0,46,0,0,348,0,348,0,4,390,0,394,253,0,253,647
10/09/2011,MYF,CA,AWP,WE,Towers with Radar,0,5,48,0,53,0,2,269,0,271,0,7,317,0,324,243,0,243,567
10/10/2011,MYF,CA,AWP,WE,Towers with Radar,0,10,61,0,71,0,0,218,0,218,0,10,279,0,289,278,0,278,567
10/11/2011,MYF,CA,AWP,WE,Towers with Radar,0,4,67,0,71,0,0,223,0,223,0,4,290,0,294,303,0,303,597
10/12/2011,MYF,CA,AWP,WE,Towers with Radar,0,8,66,0,74,0,0,241,0,241,0,8,307,0,315,385,0,385,700
10/13/2011,MYF,CA,AWP,WE,Towers with Radar,0,4,61,3,68,0,0,259,0,259,0,4,320,3,327,325,0,325,652
10/14/2011,MYF,CA,AWP,WE,Towers with Radar,0,10,70,0,80,0,0,235,0,235,0,10,305,0,315,279,0,279,594
10/15/2011,MYF,CA,AWP,WE,Towers with Radar,0,1,65,0,66,0,0,226,0,226,0,1,291,0,292,169,0,169,461
10/16/2011,MYF,CA,AWP,WE,Towers with Radar,0,2,75,1,78,0,0,197,0,197,0,2,272,1,275,187,0,187,462
10/17/2011,MYF,CA,AWP,WE,Towers with Radar,0,6,71,2,79,0,1,203,2,206,0,7,274,4,285,299,0,299,584
10/18/2011,MYF,CA,AWP,WE,Towers with Radar,0,12,108,0,120,0,0,91,0,91,0,12,199,0,211,92,0,92,303
10/19/2011,MYF,CA,AWP,WE,Towers with Radar,0,4,106,2,112,0,0,69,0,69,0,4,175,2,181,85,0,85,266
10/20/2011,MYF,CA,AWP,WE,Towers with Radar,0,4,114,3,121,0,0,136,0,136,0,4,250,3,257,231,0,231,488
10/21/2011,MYF,CA,AWP,WE,Towers with Radar,0,8,78,0,86,0,1,225,0,226,0,9,303,0,312,250,0,250,562
10/22/2011,MYF,CA,AWP,WE,Towers with Radar,0,0,65,1,66,0,0,185,0,185,0,0,250,1,251,155,0,155,406
10/23/2011,MYF,CA,AWP,WE,Towers with Radar,0,6,76,0,82,0,0,100,0,100,0,6,176,0,182,107,0,107,289
10/24/2011,MYF,CA,AWP,WE,Towers with Radar,0,6,70,4,80,0,0,93,0,93,0,6,163,4,173,112,0,112,285
10/25/2011,MYF,CA,AWP,WE,Towers with Radar,0,7,56,1,64,0,0,168,0,168,0,7,224,1,232,324,0,324,556
10/26/2011,MYF,CA,AWP,WE,Towers with Radar,0,5,94,3,102,0,0,187,0,187,0,5,281,3,289,260,0,260,549
10/27/2011,MYF,CA,AWP,WE,Towers with Radar,0,4,39,0,43,0,2,322,0,324,0,6,361,0,367,342,0,342,709
10/28/2011,MYF,CA,AWP,WE,Towers with Radar,1,6,38,0,45,0,1,276,0,277,1,7,314,0,322,226,0,226,548
10/29/2011,MYF,CA,AWP,WE,Towers with Radar,0,2,34,1,37,0,0,311,0,311,0,2,345,1,348,200,0,200,548
10/30/2011,MYF,CA,AWP,WE,Towers with Radar,0,1,44,0,45,0,0,310,0,310,0,1,354,0,355,245,0,245,600
10/31/2011,MYF,CA,AWP,WE,Towers with Radar,0,6,33,1,40,0,3,161,0,164,0,9,194,1,204,189,0,189,393
11/01/2011,MYF,CA,AWP,WE,Towers with Radar,0,4,48,2,54,0,0,164,0,164,0,4,212,2,218,216,0,216,434
11/02/2011,MYF,CA,AWP,WE,Towers with Radar,0,4,45,0,49,0,0,223,0,223,0,4,268,0,272,257,0,257,529
11/03/2011,MYF,CA,AWP,WE,Towers with Radar,0,8,63,2,73,0,2,208,0,210,0,10,271,2,283,303,0,303,586
11/04/2011,MYF,CA,AWP,WE,Towers with Radar,0,10,42,1,53,0,1,20,0,21,0,11,62,1,74,18,0,18,92
11/05/2011,MYF,CA,AWP,WE,Towers with Radar,0,1,56,0,57,0,0,289,0,289,0,1,345,0,346,246,0,246,592
11/06/2011,MYF,CA,AWP,WE,Towers with Radar,0,4,68,0,72,0,0,50,0,50,0,4,118,0,122,138,0,138,260
11/07/2011,MYF,CA,AWP,WE,Towers with Radar,0,5,63,1,69,0,0,266,1,267,0,5,329,2,336,270,0,270,606
11/08/2011,MYF,CA,AWP,WE,Towers with Radar,0,4,52,0,56,0,0,242,0,242,0,4,294,0,298,210,0,210,508
11/09/2011,MYF,CA,AWP,WE,Towers with Radar,0,4,50,0,54,0,0,323,0,323,0,4,373,0,377,262,0,262,639
11/10/2011,MYF,CA,AWP,WE,Towers with Radar,0,5,65,1,71,0,0,283,0,283,0,5,348,1,354,238,0,238,592
11/11/2011,MYF,CA,AWP,WE,Towers with Radar,0,4,30,0,34,0,0,118,0,118,0,4,148,0,152,132,0,132,284
11/12/2011,MYF,CA,AWP,WE,Towers with Radar,0,0,31,0,31,0,0,11,0,11,0,0,42,0,42,24,0,24,66
11/13/2011,MYF,CA,AWP,WE,Towers with Radar,0,2,38,0,40,0,1,272,0,273,0,3,310,0,313,286,0,286,599
11/14/2011,MYF,CA,AWP,WE,Towers with Radar,0,10,76,0,86,0,0,148,0,148,0,10,224,0,234,190,0,190,424
11/15/2011,MYF,CA,AWP,WE,Towers with Radar,0,4,72,0,76,0,1,212,0,213,0,5,284,0,289,276,0,276,565
11/16/2011,MYF,CA,AWP,WE,Towers with Radar,0,4,81,0,85,0,1,333,0,334,0,5,414,0,419,176,0,176,595
11/17/2011,MYF,CA,AWP,WE,Towers with Radar,0,4,80,0,84,0,2,224,0,226,0,6,304,0,310,210,0,210,520
11/18/2011,MYF,CA,AWP,WE,Towers with Radar,0,11,121,0,132,0,0,42,0,42,0,11,163,0,174,282,0,282,456
11/19/2011,MYF,CA,AWP,WE,Towers with Radar,0,2,57,0,59,0,0,154,0,154,0,2,211,0,213,166,0,166,379
11/20/2011,MYF,CA,AWP,WE,Towers with Radar,0,5,57,0,62,0,0,94,0,94,0,5,151,0,156,282,0,282,438
11/21/2011,MYF,CA,AWP,WE,Towers with Radar,0,9,81,0,90,0,1,201,0,202,0,10,282,0,292,246,0,246,538
11/22/2011,MYF,CA,AWP,WE,Towers with Radar,0,5,48,1,54,0,1,411,0,412,0,6,459,1,466,260,0,260,726
11/23/2011,MYF,CA,AWP,WE,Towers with Radar,0,8,61,1,70,0,6,332,1,339,0,14,393,2,409,332,0,332,741
11/24/2011,MYF,CA,AWP,WE,Towers with Radar,0,2,20,1,23,0,0,71,2,73,0,2,91,3,96,80,0,80,176
11/25/2011,MYF,CA,AWP,WE,Towers with Radar,0,8,51,0,59,0,0,238,0,238,0,8,289,0,297,191,0,191,488
11/26/2011,MYF,CA,AWP,WE,Towers with Radar,0,0,59,0,59,0,0,278,0,278,0,0,337,0,337,223,0,223,560
11/27/2011,MYF,CA,AWP,WE,Towers with Radar,0,2,69,1,72,0,3,288,0,291,0,5,357,1,363,312,0,312,675
11/28/2011,MYF,CA,AWP,WE,Towers with Radar,0,7,40,1,48,0,5,242,0,247,0,12,282,1,295,296,0,296,591
11/29/2011,MYF,CA,AWP,WE,Towers with Radar,0,6,80,0,86,0,0,199,0,199,0,6,279,0,285,242,0,242,527
11/30/2011,MYF,CA,AWP,WE,Towers with Radar,0,8,89,1,98,0,2,185,0,187,0,10,274,1,285,120,0,120,405
12/01/2011,MYF,CA,AWP,WE,Towers with Radar,0,7,42,0,49,0,1,126,0,127,0,8,168,0,176,212,0,212,388
12/02/2011,MYF,CA,AWP,WE,Towers with Radar,0,8,40,1,49,0,2,190,0,192,0,10,230,1,241,260,0,260,501
12/03/2011,MYF,CA,AWP,WE,Towers with Radar,0,2,47,4,53,0,4,217,0,221,0,6,264,4,274,413,0,413,687
12/04/2011,MYF,CA,AWP,WE,Towers with Radar,0,0,43,1,44,0,0,246,2,248,0,0,289,3,292,312,0,312,604
12/05/2011,MYF,CA,AWP,WE,Towers with Radar,0,7,48,2,57,0,2,261,1,264,0,9,309,3,321,154,0,154,475
12/06/2011,MYF,CA,AWP,WE,Towers with Radar,0,6,70,1,77,0,0,214,1,215,0,6,284,2,292,290,0,290,582
12/07/2011,MYF,CA,AWP,WE,Towers with Radar,0,4,77,0,81,0,0,200,1,201,0,4,277,1,282,236,0,236,518
12/08/2011,MYF,CA,AWP,WE,Towers with Radar,0,6,65,0,71,0,2,200,0,202,0,8,265,0,273,276,0,276,549
12/09/2011,MYF,CA,AWP,WE,Towers with Radar,0,7,70,0,77,0,0,208,0,208,0,7,278,0,285,362,0,362,647
12/10/2011,MYF,CA,AWP,WE,Towers with Radar,0,2,69,0,71,0,4,291,0,295,0,6,360,0,366,257,0,257,623
12/11/2011,MYF,CA,AWP,WE,Towers with Radar,0,4,59,0,63,0,1,131,0,132,0,5,190,0,195,332,0,332,527
12/12/2011,MYF,CA,AWP,WE,Towers with Radar,0,11,41,0,52,0,0,27,3,30,0,11,68,3,82,107,0,107,189
12/13/2011,MYF,CA,AWP,WE,Towers with Radar,0,8,50,0,58,0,1,36,0,37,0,9,86,0,95,105,0,105,200
12/14/2011,MYF,CA,AWP,WE,Towers with Radar,0,8,96,1,105,0,2,273,3,278,0,10,369,4,383,450,0,450,833
12/15/2011,MYF,CA,AWP,WE,Towers with Radar,0,6,80,0,86,0,2,202,0,204,0,8,282,0,290,355,0,355,645
12/16/2011,MYF,CA,AWP,WE,Towers with Radar,0,5,62,0,67,0,0,120,0,120,0,5,182,0,187,188,0,188,375
12/17/2011,MYF,CA,AWP,WE,Towers with Radar,0,3,43,0,46,0,0,223,0,223,0,3,266,0,269,304,0,304,573
12/18/2011,MYF,CA,AWP,WE,Towers with Radar,0,4,62,0,66,0,0,156,0,156,0,4,218,0,222,328,0,328,550
12/19/2011,MYF,CA,AWP,WE,Towers with Radar,0,8,64,3,75,0,1,123,0,124,0,9,187,3,199,198,0,198,397
12/20/2011,MYF,CA,AWP,WE,Towers with Radar,0,7,82,1,90,0,0,228,0,228,0,7,310,1,318,325,0,325,643
12/21/2011,MYF,CA,AWP,WE,Towers with Radar,0,8,62,2,72,0,2,315,0,317,0,10,377,2,389,336,0,336,725
12/22/2011,MYF,CA,AWP,WE,Towers with Radar,0,7,55,1,63,0,2,198,1,201,0,9,253,2,264,177,0,177,441
12/23/2011,MYF,CA,AWP,WE,Towers with Radar,0,7,42,0,49,0,2,187,7,196,0,9,229,7,245,198,0,198,443
12/24/2011,MYF,CA,AWP,WE,Towers with Radar,0,0,25,0,25,0,0,136,0,136,0,0,161,0,161,128,0,128,289
12/25/2011,MYF,CA,AWP,WE,Towers with Radar,0,0,5,0,5,0,2,89,0,91,0,2,94,0,96,52,0,52,148
12/26/2011,MYF,CA,AWP,WE,Towers with Radar,0,0,40,0,40,0,0,248,1,249,0,0,288,1,289,178,0,178,467
12/27/2011,MYF,CA,AWP,WE,Towers with Radar,0,6,57,0,63,0,0,239,3,242,0,6,296,3,305,138,0,138,443
12/28/2011,MYF,CA,AWP,WE,Towers with Radar,0,6,38,0,44,0,1,279,0,280,0,7,317,0,324,266,0,266,590
12/29/2011,MYF,CA,AWP,WE,Towers with Radar,0,3,59,2,64,0,4,279,2,285,0,7,338,4,349,173,0,173,522
12/30/2011,MYF,CA,AWP,WE,Towers with Radar,0,9,51,1,61,0,4,180,0,184,0,13,231,1,245,173,0,173,418
12/31/2011,MYF,CA,AWP,WE,Towers with Radar,0,0,42,0,42,0,0,223,0,223,0,0,265,0,265,228,0,228,493
01/01/2012,MYF,CA,AWP,WE,Towers with Radar,0,0,23,0,23,0,3,146,0,149,0,3,169,0,172,89,0,89,261
01/02/2012,MYF,CA,AWP,WE,Towers with Radar,0,3,58,0,61,0,1,241,0,242,0,4,299,0,303,266,0,266,569
01/03/2012,MYF,CA,AWP,WE,Towers with Radar,0,6,60,0,66,0,0,233,0,233,0,6,293,0,299,204,0,204,503
01/04/2012,MYF,CA,AWP,WE,Towers with Radar,0,5,50,0,55,0,5,196,1,202,0,10,246,1,257,306,0,306,563
01/05/2012,MYF,CA,AWP,WE,Towers with Radar,0,5,51,0,56,0,8,244,0,252,0,13,295,0,308,202,0,202,510
01/06/2012,MYF,CA,AWP,WE,Towers with Radar,0,7,49,0,56,0,1,223,0,224,0,8,272,0,280,262,0,262,542
01/07/2012,MYF,CA,AWP,WE,Towers with Radar,0,2,69,0,71,0,3,215,0,218,0,5,284,0,289,256,0,256,545
01/08/2012,MYF,CA,AWP,WE,Towers with Radar,0,1,37,0,38,0,0,175,1,176,0,1,212,1,214,264,0,264,478
01/09/2012,MYF,CA,AWP,WE,Towers with Radar,0,7,43,1,51,0,1,215,1,217,0,8,258,2,268,192,0,192,460
01/10/2012,MYF,CA,AWP,WE,Towers with Radar,0,4,64,2,70,0,7,246,0,253,0,11,310,2,323,212,0,212,535
01/11/2012,MYF,CA,AWP,WE,Towers with Radar,0,7,46,0,53,0,3,193,0,196,0,10,239,0,249,222,0,222,471
01/12/2012,MYF,CA,AWP,WE,Towers with Radar,0,6,45,0,51,0,4,148,0,152,0,10,193,0,203,225,0,225,428
01/13/2012,MYF,CA,AWP,WE,Towers with Radar,0,10,66,0,76,0,1,210,0,211,0,11,276,0,287,265,0,265,552
01/14/2012,MYF,CA,AWP,WE,Towers with Radar,0,0,41,0,41,0,4,258,0,262,0,4,299,0,303,281,0,281,584
01/15/2012,MYF,CA,AWP,WE,Towers with Radar,0,2,60,0,62,0,0,151,0,151,0,2,211,0,213,205,0,205,418
01/16/2012,MYF,CA,AWP,WE,Towers with Radar,0,6,93,0,99,0,0,65,0,65,0,6,158,0,164,234,0,234,398
01/17/2012,MYF,CA,AWP,WE,Towers with Radar,0,8,62,2,72,0,6,249,0,255,0,14,311,2,327,250,0,250,577
01/18/2012,MYF,CA,AWP,WE,Towers with Radar,0,7,59,0,66,0,7,274,0,281,0,14,333,0,347,250,0,250,597
01/19/2012,MYF,CA,AWP,WE,Towers with Radar,0,3,62,0,65,0,0,4,0,4,0,3,66,0,69,0,0,0,69
01/20/2012,MYF,CA,AWP,WE,Towers with Radar,0,8,59,0,67,0,1,243,1,245,0,9,302,1,312,287,0,287,599
01/21/2012,MYF,CA,AWP,WE,Towers with Radar,0,2,38,0,40,0,0,12,0,12,0,2,50,0,52,49,0,49,101
01/22/2012,MYF,CA,AWP,WE,Towers with Radar,0,4,66,3,73,0,2,209,1,212,0,6,275,4,285,318,0,318,603
01/23/2012,MYF,CA,AWP,WE,Towers with Radar,0,9,57,0,66,0,0,20,0,20,0,9,77,0,86,18,0,18,104
01/24/2012,MYF,CA,AWP,WE,Towers with Radar,0,11,86,0,97,0,6,240,0,246,0,17,326,0,343,190,0,190,533
01/25/2012,MYF,CA,AWP,WE,Towers with Radar,0,14,49,0,63,0,10,266,0,276,0,24,315,0,339,337,0,337,676
01/26/2012,MYF,CA,AWP,WE,Towers with Radar,0,7,63,1,71,0,9,283,0,292,0,16,346,1,363,260,0,260,623
01/27/2012,MYF,CA,AWP,WE,Towers with Radar,0,15,69,4,88,0,7,268,4,279,0,22,337,8,367,276,0,276,643
01/28/2012,MYF,CA,AWP,WE,Towers with Radar,0,8,55,1,64,0,10,256,0,266,0,18,311,1,330,199,0,199,529
01/29/2012,MYF,CA,AWP,WE,Towers with Radar,0,3,47,0,50,0,3,233,1,237,0,6,280,1,287,234,0,234,521
01/30/2012,MYF,CA,AWP,WE,Towers with Radar,0,8,53,0,61,0,5,223,1,229,0,13,276,1,290,258,0,258,548
01/31/2012,MYF,CA,AWP,WE,Towers with Radar,0,5,83,1,89,0,7,188,0,195,0,12,271,1,284,274,0,274,558
02/01/2012,MYF,CA,AWP,WE,Towers with Radar,0,7,70,0,77,0,7,197,0,204,0,14,267,0,281,247,0,247,528
02/02/2012,MYF,CA,AWP,WE,Towers with Radar,0,4,77,0,81,0,5,173,0,178,0,9,250,0,259,173,0,173,432
02/03/2012,MYF,CA,AWP,WE,Towers with Radar,0,6,58,0,64,0,0,237,0,237,0,6,295,0,301,242,4,246,547
02/04/2012,MYF,CA,AWP,WE,Towers with Radar,0,0,57,0,57,0,1,311,0,312,0,1,368,0,369,397,1,398,767
02/05/2012,MYF,CA,AWP,WE,Towers with Radar,0,0,43,0,43,0,2,244,0,246,0,2,287,0,289,306,0,306,595
02/06/2012,MYF,CA,AWP,WE,Towers with Radar,0,6,68,0,74,0,0,190,1,191,0,6,258,1,265,349,1,350,615
02/07/2012,MYF,CA,AWP,WE,Towers with Radar,0,9,62,0,71,0,3,78,0,81,0,12,140,0,152,186,0,186,338
02/08/2012,MYF,CA,AWP,WE,Towers with Radar,0,3,73,0,76,0,2,194,0,196,0,5,267,0,272,222,1,223,495
02/09/2012,MYF,CA,AWP,WE,Towers with Radar,0,5,76,1,82,0,4,252,2,258,0,9,328,3,340,214,4,218,558
02/10/2012,MYF,CA,AWP,WE,Towers with Radar,0,10,69,0,79,0,2,278,0,280,0,12,347,0,359,279,0,279,638
02/11/2012,MYF,CA,AWP,WE,Towers with Radar,0,4,91,0,95,0,4,121,0,125,0,8,212,0,220,327,0,327,547
02/12/2012,MYF,CA,AWP,WE,Towers with Radar,0,1,88,0,89,0,2,98,0,100,0,3,186,0,189,402,0,402,591
02/13/2012,MYF,CA,AWP,WE,Towers with Radar,0,10,73,0,83,0,6,66,0,72,0,16,139,0,155,284,0,284,439
02/14/2012,MYF,CA,AWP,WE,Towers with Radar,0,11,62,2,75,0,3,196,0,199,0,14,258,2,274,395,1,396,670
02/15/2012,MYF,CA,AWP,WE,Towers with Radar,0,5,58,0,63,0,0,75,0,75,0,5,133,0,138,201,0,201,339
02/16/2012,MYF,CA,AWP,WE,Towers with Radar,0,6,67,0,73,0,2,157,0,159,0,8,224,0,232,367,0,367,599
02/17/2012,MYF,CA,AWP,WE,Towers with Radar,1,18,74,0,93,0,6,215,0,221,1,24,289,0,314,388,0,388,702
02/18/2012,MYF,CA,AWP,WE,Towers with Radar,0,4,71,1,76,0,1,247,0,248,0,5,318,1,324,243,0,243,567
02/19/2012,MYF,CA,AWP,WE,Towers with Radar,0,4,73,1,78,0,1,111,0,112,0,5,184,1,190,380,0,380,570
02/20/2012,MYF,CA,AWP,WE,Towers with Radar,0,7,99,0,106,0,0,266,0,266,0,7,365,0,372,332,0,332,704
02/21/2012,MYF,CA,AWP,WE,Towers with Radar,0,11,85,0,96,0,4,224,0,228,0,15,309,0,324,207,0,207,531
02/22/2012,MYF,CA,AWP,WE,Towers with Radar,0,6,77,0,83,0,2,239,2,243,0,8,316,2,326,301,0,301,627
02/23/2012,MYF,CA,AWP,WE,Towers with Radar,0,8,69,0,77,0,4,199,1,204,0,12,268,1,281,361,0,361,642
02/24/2012,MYF,CA,AWP,WE,Towers with Radar,0,7,68,0,75,0,3,110,0,113,0,10,178,0,188,297,0,297,485
02/25/2012,MYF,CA,AWP,WE,Towers with Radar,0,0,60,0,60,0,0,237,0,237,0,0,297,0,297,349,0,349,646
02/26/2012,MYF,CA,AWP,WE,Towers with Radar,0,3,88,0,91,0,0,182,0,182,0,3,270,0,273,306,0,306,579
02/27/2012,MYF,CA,AWP,WE,Towers with Radar,0,8,37,0,45,0,0,26,0,26,0,8,63,0,71,57,0,57,128
02/28/2012,MYF,CA,AWP,WE,Towers with Radar,0,7,68,3,78,0,1,5,1,7,0,8,73,4,85,0,0,0,85
02/29/2012,MYF,CA,AWP,WE,Towers with Radar,0,5,62,0,67,0,2,214,8,224,0,7,276,8,291,250,0,250,541
03/01/2012,MYF,CA,AWP,WE,Towers with Radar,0,5,78,1,84,0,0,133,0,133,0,5,211,1,217,240,0,240,457
03/02/2012,MYF,CA,AWP,WE,Towers with Radar,0,7,81,1,89,0,1,259,2,262,0,8,340,3,351,391,0,391,742
03/03/2012,MYF,CA,AWP,WE,Towers with Radar,1,0,64,0,65,0,3,326,0,329,1,3,390,0,394,330,0,330,724
03/04/2012,MYF,CA,AWP,WE,Towers with Radar,0,2,49,1,52,0,0,315,1,316,0,2,364,2,368,354,0,354,722
03/05/2012,MYF,CA,AWP,WE,Towers with Radar,0,11,52,0,63,0,0,239,0,239,0,11,291,0,302,290,0,290,592
03/06/2012,MYF,CA,AWP,WE,Towers with Radar,0,6,76,0,82,0,4,47,0,51,0,10,123,0,133,172,0,172,305
03/07/2012,MYF,CA,AWP,WE,Towers with Radar,0,5,62,0,67,0,1,171,2,174,0,6,233,2,241,277,0,277,518
03/08/2012,MYF,CA,AWP,WE,Towers with Radar,0,12,49,0,61,0,5,240,0,245,0,17,289,0,306,291,0,291,597
03/09/2012,MYF,CA,AWP,WE,Towers with Radar,0,10,66,1,77,0,3,256,1,260,0,13,322,2,337,219,0,219,556
03/10/2012,MYF,CA,AWP,WE,Towers with Radar,0,2,56,2,60,0,2,286,0,288,0,4,342,2,348,254,0,254,602
03/11/2012,MYF,CA,AWP,WE,Towers with Radar,0,0,65,1,66,0,1,232,0,233,0,1,297,1,299,342,0,342,641
03/12/2012,MYF,CA,AWP,WE,Towers with Radar,0,6,65,0,71,0,6,200,0,206,0,12,265,0,277,267,0,267,544
03/13/2012,MYF,CA,AWP,WE,Towers with Radar,0,7,73,0,80,0,7,161,6,174,0,14,234,6,254,296,0,296,550
03/14/2012,MYF,CA,AWP,WE,Towers with Radar,0,6,67,2,75,0,13,235,0,248,0,19,302,2,323,362,0,362,685
03/15/2012,MYF,CA,AWP,WE,Towers with Radar,0,7,88,0,95,0,1,107,0,108,0,8,195,0,203,233,0,233,436
03/16/2012,MYF,CA,AWP,WE,Towers with Radar,0,7,108,1,116,0,1,98,0,99,0,8,206,1,215,322,0,322,537
03/17/2012,MYF,CA,AWP,WE,Towers with Radar,0,6,21,0,27,0,0,0,0,0,0,6,21,0,27,0,0,0,27
03/18/2012,MYF,CA,AWP,WE,Towers with Radar,0,2,22,1,25,0,1,22,0,23,0,3,44,1,48,142,0,142,190
03/19/2012,MYF,CA,AWP,WE,Towers with Radar,0,10,68,1,79,0,1,72,0,73,0,11,140,1,152,184,2,186,338
03/20/2012,MYF,CA,AWP,WE,Towers with Radar,0,4,65,0,69,0,8,274,0,282,0,12,339,0,351,259,4,263,614
03/21/2012,MYF,CA,AWP,WE,Towers with Radar,0,4,78,0,82,0,7,204,4,215,0,11,282,4,297,368,2,370,667
03/22/2012,MYF,CA,AWP,WE,Towers with Radar,0,5,67,0,72,0,1,227,10,238,0,6,294,10,310,290,4,294,604
03/23/2012,MYF,CA,AWP,WE,Towers with Radar,0,8,105,1,114,0,0,4,0,4,0,8,109,1,118,0,0,0,118
03/24/2012,MYF,CA,AWP,WE,Towers with Radar,0,0,59,0,59,0,0,1,0,1,0,0,60,0,60,0,0,0,60
03/25/2012,MYF,CA,AWP,WE,Towers with Radar,0,0,37,0,37,0,1,66,0,67,0,1,103,0,104,231,0,231,335
03/26/2012,MYF,CA,AWP,WE,Towers with Radar,0,13,74,1,88,0,2,118,1,121,0,15,192,2,209,264,0,264,473
03/27/2012,MYF,CA,AWP,WE,Towers with Radar,0,5,73,0,78,0,1,208,0,209,0,6,281,0,287,234,0,234,521
03/28/2012,MYF,CA,AWP,WE,Towers with Radar,0,6,57,0,63,0,3,217,0,220,0,9,274,0,283,256,0,256,539
03/29/2012,MYF,CA,AWP,WE,Towers with Radar,0,9,101,1,111,0,7,120,0,127,0,16,221,1,238,178,0,178,416
03/30/2012,MYF,CA,AWP,WE,Towers with Radar,0,7,71,2,80,0,0,194,2,196,0,7,265,4,276,403,0,403,679
03/31/2012,MYF,CA,AWP,WE,Towers with Radar,0,4,90,2,96,0,1,91,0,92,0,5,181,2,188,303,0,303,491
04/01/2012,MYF,CA,AWP,WE,Towers with Radar,0,9,57,0,66,0,3,142,0,145,0,12,199,0,211,275,0,275,486
04/02/2012,MYF,CA,AWP,WE,Towers with Radar,0,12,54,0,66,0,1,230,0,231,0,13,284,0,297,159,0,159,456
04/03/2012,MYF,CA,AWP,WE,Towers with Radar,0,12,57,0,69,0,11,232,1,244,0,23,289,1,313,221,0,221,534
04/04/2012,MYF,CA,AWP,WE,Towers with Radar,0,7,78,1,86,0,3,242,0,245,0,10,320,1,331,226,0,226,557
04/05/2012,MYF,CA,AWP,WE,Towers with Radar,0,8,81,0,89,0,0,128,0,128,0,8,209,0,217,310,14,324,541
04/06/2012,MYF,CA,AWP,WE,Towers with Radar,0,11,68,0,79,0,1,312,0,313,0,12,380,0,392,314,0,314,706
04/07/2012,MYF,CA,AWP,WE,Towers with Radar,0,1,53,0,54,0,2,333,0,335,0,3,386,0,389,312,0,312,701
04/08/2012,MYF,CA,AWP,WE,Towers with Radar,0,4,53,0,57,0,2,183,0,185,0,6,236,0,242,398,0,398,640
04/09/2012,MYF,CA,AWP,WE,Towers with Radar,0,9,67,0,76,0,6,206,6,218,0,15,273,6,294,312,0,312,606
04/10/2012,MYF,CA,AWP,WE,Towers with Radar,0,4,76,0,80,0,1,265,1,267,0,5,341,1,347,182,6,188,535
04/11/2012,MYF,CA,AWP,WE,Towers with Radar,0,5,73,0,78,0,9,86,0,95,0,14,159,0,173,194,4,198,371
04/12/2012,MYF,CA,AWP,WE,Towers with Radar,0,4,75,0,79,0,5,219,0,224,0,9,294,0,303,384,0,384,687
04/13/2012,MYF,CA,AWP,WE,Towers with Radar,0,8,40,0,48,0,2,53,0,55,0,10,93,0,103,60,0,60,163
04/14/2012,MYF,CA,AWP,WE,Towers with Radar,0,0,34,0,34,0,0,97,0,97,0,0,131,0,131,96,0,96,227
04/15/2012,MYF,CA,AWP,WE,Towers with Radar,0,0,86,1,87,0,1,331,0,332,0,1,417,1,419,367,0,367,786
04/16/2012,MYF,CA,AWP,WE,Towers with Radar,0,9,59,0,68,0,5,208,24,237,0,14,267,24,305,266,12,278,583
04/17/2012,MYF,CA,AWP,WE,Towers with Radar,0,4,65,0,69,0,8,237,3,248,0,12,302,3,317,284,2,286,603
04/18/2012,MYF,CA,AWP,WE,Towers with Radar,0,12,64,0,76,0,7,251,0,258,0,19,315,0,334,328,2,330,664
04/19/2012,MYF,CA,AWP,WE,Towers with Radar,0,5,70,0,75,0,6,189,0,195,0,11,259,0,270,274,0,274,544
04/20/2012,MYF,CA,AWP,WE,Towers with Radar,0,11,84,0,95,0,4,230,2,236,0,15,314,2,331,358,0,358,689
04/21/2012,MYF,CA,AWP,WE,Towers with Radar,0,4,78,0,82,0,0,150,0,150,0,4,228,0,232,178,0,178,410
04/22/2012,MYF,CA,AWP,WE,Towers with Radar,0,4,109,0,113,0,0,27,0,27,0,4,136,0,140,128,0,128,268
04/23/2012,MYF,CA,AWP,WE,Towers with Radar,0,7,80,0,87,0,1,92,0,93,0,8,172,0,180,421,0,421,601
04/24/2012,MYF,CA,AWP,WE,Towers with Radar,0,11,75,0,86,0,12,245,0,257,0,23,320,0,343,523,0,523,866
04/25/2012,MYF,CA,AWP,WE,Towers with Radar,0,6,55,0,61,0,4,66,0,70,0,10,121,0,131,152,0,152,283
04/26/2012,MYF,CA,AWP,WE,Towers with Radar,0,7,70,1,78,0,8,98,0,106,0,15,168,1,184,170,0,170,354
04/27/2012,MYF,CA,AWP,WE,Towers with Radar,0,6,74,1,81,0,7,217,4,228,0,13,291,5,309,300,0,300,609
04/28/2012,MYF,CA,AWP,WE,Towers with Radar,0,4,53,0,57,0,4,347,2,353,0,8,400,2,410,372,0,372,782
04/29/2012,MYF,CA,AWP,WE,Towers with Radar,0,3,94,0,97,0,0,80,0,80,0,3,174,0,177,202,0,202,379
04/30/2012,MYF,CA,AWP,WE,Towers with Radar,0,7,87,0,94,0,3,63,0,66,0,10,150,0,160,188,0,188,348
05/01/2012,MYF,CA,AWP,WE,Towers with Radar,0,6,86,2,94,0,6,97,0,103,0,12,183,2,197,318,0,318,515
05/02/2012,MYF,CA,AWP,WE,Towers with Radar,0,7,85,0,92,0,4,158,0,162,0,11,243,0,254,488,0,488,742
05/03/2012,MYF,CA,AWP,WE,Towers with Radar,0,7,89,2,98,0,0,159,2,161,0,7,248,4,259,280,0,280,539
05/04/2012,MYF,CA,AWP,WE,Towers with Radar,0,8,79,1,88,0,3,192,0,195,0,11,271,1,283,324,0,324,607
05/05/2012,MYF,CA,AWP,WE,Towers with Radar,0,1,60,2,63,0,1,292,2,295,0,2,352,4,358,250,0,250,608
05/06/2012,MYF,CA,AWP,WE,Towers with Radar,0,3,81,0,84,0,3,196,1,200,0,6,277,1,284,207,0,207,491
05/07/2012,MYF,CA,AWP,WE,Towers with Radar,0,7,57,0,64,0,1,174,0,175,0,8,231,0,239,172,0,172,411
05/08/2012,MYF,CA,AWP,WE,Towers with Radar,0,6,59,1,66,0,0,181,0,181,0,6,240,1,247,400,6,406,653
05/09/2012,MYF,CA,AWP,WE,Towers with Radar,0,5,75,0,80,0,0,241,0,241,0,5,316,0,321,298,0,298,619
05/10/2012,MYF,CA,AWP,WE,Towers with Radar,0,5,71,0,76,0,4,214,0,218,0,9,285,0,294,333,0,333,627
05/11/2012,MYF,CA,AWP,WE,Towers with Radar,0,9,89,0,98,0,2,254,0,256,0,11,343,0,354,325,0,325,679
05/12/2012,MYF,CA,AWP,WE,Towers with Radar,0,0,52,0,52,0,0,319,0,319,0,0,371,0,371,358,0,358,729
05/13/2012,MYF,CA,AWP,WE,Towers with Radar,0,0,73,0,73,0,0,171,0,171,0,0,244,0,244,116,0,116,360
05/14/2012,MYF,CA,AWP,WE,Towers with Radar,0,7,77,0,84,0,0,175,0,175,0,7,252,0,259,185,0,185,444
05/15/2012,MYF,CA,AWP,WE,Towers with Radar,0,4,76,0,80,0,1,259,0,260,0,5,335,0,340,197,0,197,537
05/16/2012,MYF,CA,AWP,WE,Towers with Radar,0,6,69,0,75,0,5,248,0,253,0,11,317,0,328,206,0,206,534
05/17/2012,MYF,CA,AWP,WE,Towers with Radar,0,7,80,2,89,0,1,144,0,145,0,8,224,2,234,292,0,292,526
05/18/2012,MYF,CA,AWP,WE,Towers with Radar,0,8,104,0,112,0,3,137,0,140,0,11,241,0,252,246,0,246,498
05/19/2012,MYF,CA,AWP,WE,Towers with Radar,0,0,52,0,52,0,0,263,0,263,0,0,315,0,315,311,0,311,626
05/20/2012,MYF,CA,AWP,WE,Towers with Radar,0,0,51,0,51,0,1,235,0,236,0,1,286,0,287,189,0,189,476
05/21/2012,MYF,CA,AWP,WE,Towers with Radar,0,6,53,1,60,0,5,181,0,186,0,11,234,1,246,274,0,274,520
05/22/2012,MYF,CA,AWP,WE,Towers with Radar,0,11,59,1,71,0,2,240,0,242,0,13,299,1,313,242,0,242,555
05/23/2012,MYF,CA,AWP,WE,Towers with Radar,0,9,100,2,111,0,0,105,1,106,0,9,205,3,217,414,0,414,631
05/24/2012,MYF,CA,AWP,WE,Towers with Radar,0,9,126,0,135,0,2,102,0,104,0,11,228,0,239,212,0,212,451
05/25/2012,MYF,CA,AWP,WE,Towers with Radar,0,11,105,1,117,0,2,40,0,42,0,13,145,1,159,110,0,110,269
05/26/2012,MYF,CA,AWP,WE,Towers with Radar,0,2,69,0,71,0,4,234,1,239,0,6,303,1,310,169,0,169,479
05/27/2012,MYF,CA,AWP,WE,Towers with Radar,0,0,37,0,37,0,4,257,0,261,0,4,294,0,298,160,0,160,458
05/28/2012,MYF,CA,AWP,WE,Towers with Radar,0,2,54,0,56,0,0,242,0,242,0,2,296,0,298,236,0,236,534
05/29/2012,MYF,CA,AWP,WE,Towers with Radar,0,9,61,0,70,0,4,275,0,279,0,13,336,0,349,355,0,355,704
05/30/2012,MYF,CA,AWP,WE,Towers with Radar,0,6,60,0,66,0,5,259,0,264,0,11,319,0,330,263,0,263,593
05/31/2012,MYF,CA,AWP,WE,Towers with Radar,0,5,59,1,65,0,1,241,0,242,0,6,300,1,307,360,0,360,667
06/01/2012,MYF,CA,AWP,WE,Towers with Radar,0,9,95,0,104,0,2,235,0,237,0,11,330,0,341,339,0,339,680
06/02/2012,MYF,CA,AWP,WE,Towers with Radar,0,3,76,1,80,0,2,110,0,112,0,5,186,1,192,253,0,253,445
06/03/2012,MYF,CA,AWP,WE,Towers with Radar,0,4,74,0,78,0,1,152,0,153,0,5,226,0,231,193,0,193,424
06/04/2012,MYF,CA,AWP,WE,Towers with Radar,0,7,78,0,85,0,8,54,0,62,0,15,132,0,147,182,0,182,329
06/05/2012,MYF,CA,AWP,WE,Towers with Radar,0,8,67,0,75,0,5,198,0,203,0,13,265,0,278,330,3,333,611
06/06/2012,MYF,CA,AWP,WE,Towers with Radar,0,7,60,0,67,0,5,220,2,227,0,12,280,2,294,336,0,336,630
06/07/2012,MYF,CA,AWP,WE,Towers with Radar,0,6,45,0,51,0,0,231,0,231,0,6,276,0,282,268,0,268,550
06/08/2012,MYF,CA,AWP,WE,Towers with Radar,0,11,71,0,82,0,3,243,0,246,0,14,314,0,328,268,0,268,596
06/09/2012,MYF,CA,AWP,WE,Towers with Radar,0,3,65,0,68,0,0,156,0,156,0,3,221,0,224,296,0,296,520
06/10/2012,MYF,CA,AWP,WE,Towers with Radar,0,2,56,0,58,0,0,180,0,180,0,2,236,0,238,215,0,215,453
06/11/2012,MYF,CA,AWP,WE,Towers with Radar,0,12,79,4,95,0,1,134,0,135,0,13,213,4,230,228,0,228,458
06/12/2012,MYF,CA,AWP,WE,Towers with Radar,0,7,88,0,95,0,0,145,0,145,0,7,233,0,240,312,0,312,552
06/13/2012,MYF,CA,AWP,WE,Towers with Radar,0,10,94,2,106,0,0,161,0,161,0,10,255,2,267,183,0,183,450
06/14/2012,MYF,CA,AWP,WE,Towers with Radar,0,12,85,0,97,0,0,165,0,165,0,12,250,0,262,159,0,159,421
06/15/2012,MYF,CA,AWP,WE,Towers with Radar,0,9,97,0,106,0,0,127,0,127,0,9,224,0,233,291,0,291,524
06/16/2012,MYF,CA,AWP,WE,Towers with Radar,0,1,77,0,78,0,0,231,0,231,0,1,308,0,309,239,0,239,548
06/17/2012,MYF,CA,AWP,WE,Towers with Radar,0,1,63,0,64,0,0,181,0,181,0,1,244,0,245,187,0,187,432
06/18/2012,MYF,CA,AWP,WE,Towers with Radar,0,8,68,1,77,0,0,178,0,178,0,8,246,1,255,259,0,259,514
06/19/2012,MYF,CA,AWP,WE,Towers with Radar,0,9,63,1,73,0,0,236,0,236,0,9,299,1,309,273,0,273,582
06/20/2012,MYF,CA,AWP,WE,Towers with Radar,0,13,74,0,87,0,0,295,0,295,0,13,369,0,382,250,0,250,632
06/21/2012,MYF,CA,AWP,WE,Towers with Radar,0,7,63,3,73,0,0,244,1,245,0,7,307,4,318,235,0,235,553
06/22/2012,MYF,CA,AWP,WE,Towers with Radar,0,13,68,1,82,0,2,218,0,220,0,15,286,1,302,381,0,381,683
06/23/2012,MYF,CA,AWP,WE,Towers with Radar,0,6,44,4,54,0,3,262,3,268,0,9,306,7,322,287,0,287,609
06/24/2012,MYF,CA,AWP,WE,Towers with Radar,0,2,56,2,60,0,2,271,0,273,0,4,327,2,333,276,0,276,609
06/25/2012,MYF,CA,AWP,WE,Towers with Radar,0,10,67,0,77,0,0,190,0,190,0,10,257,0,267,253,0,253,520
06/26/2012,MYF,CA,AWP,WE,Towers with Radar,0,4,54,0,58,0,5,257,0,262,0,9,311,0,320,275,0,275,595
06/27/2012,MYF,CA,AWP,WE,Towers with Radar,0,8,53,0,61,0,1,270,0,271,0,9,323,0,332,262,0,262,594
06/28/2012,MYF,CA,AWP,WE,Towers with Radar,0,13,58,0,71,0,3,267,0,270,0,16,325,0,341,252,7,259,600
06/29/2012,MYF,CA,AWP,WE,Towers with Radar,0,16,64,0,80,0,1,252,0,253,0,17,316,0,333,339,0,339,672
06/30/2012,MYF,CA,AWP,WE,Towers with Radar,0,4,61,0,65,0,2,233,0,235,0,6,294,0,300,318,0,318,618
07/01/2012,MYF,CA,AWP,WE,Towers with Radar,0,0,53,1,54,0,2,233,0,235,0,2,286,1,289,313,0,313,602
07/02/2012,MYF,CA,AWP,WE,Towers with Radar,0,8,65,1,74,0,3,165,0,168,0,11,230,1,242,256,0,256,498
07/03/2012,MYF,CA,AWP,WE,Towers with Radar,0,9,90,2,101,0,3,167,0,170,0,12,257,2,271,287,0,287,558
07/04/2012,MYF,CA,AWP,WE,Towers with Radar,0,3,47,5,55,0,2,65,0,67,0,5,112,5,122,105,0,105,227
07/05/2012,MYF,CA,AWP,WE,Towers with Radar,0,3,85,4,92,0,1,183,0,184,0,4,268,4,276,293,0,293,569
07/06/2012,MYF,CA,AWP,WE,Towers with Radar,0,4,58,3,65,0,0,211,1,212,0,4,269,4,277,163,0,163,440
07/07/2012,MYF,CA,AWP,WE,Towers with Radar,0,3,71,4,78,0,3,225,0,228,0,6,296,4,306,245,0,245,551
07/08/2012,MYF,CA,AWP,WE,Towers with Radar,0,2,45,4,51,0,2,179,1,182,0,4,224,5,233,314,0,314,547
07/09/2012,MYF,CA,AWP,WE,Towers with Radar,0,10,55,1,66,0,2,148,1,151,0,12,203,2,217,372,0,372,589
07/10/2012,MYF,CA,AWP,WE,Towers with Radar,0,5,65,0,70,0,6,203,0,209,0,11,268,0,279,240,0,240,519
07/11/2012,MYF,CA,AWP,WE,Towers with Radar,0,7,65,1,73,0,1,229,2,232,0,8,294,3,305,313,0,313,618
07/12/2012,MYF,CA,AWP,WE,Towers with Radar,0,3,86,1,90,0,4,203,0,207,0,7,289,1,297,385,0,385,682
07/13/2012,MYF,CA,AWP,WE,Towers with Radar,0,6,60,0,66,0,0,214,1,215,0,6,274,1,281,313,0,313,594
07/14/2012,MYF,CA,AWP,WE,Towers with Radar,0,1,70,0,71,0,0,198,0,198,0,1,268,0,269,312,0,312,581
07/15/2012,MYF,CA,AWP,WE,Towers with Radar,0,1,57,0,58,0,0,246,0,246,0,1,303,0,304,180,0,180,484
07/16/2012,MYF,CA,AWP,WE,Towers with Radar,0,8,67,0,75,0,4,237,1,242,0,12,304,1,317,290,0,290,607
07/17/2012,MYF,CA,AWP,WE,Towers with Radar,0,6,73,2,81,0,1,225,0,226,0,7,298,2,307,251,0,251,558
07/18/2012,MYF,CA,AWP,WE,Towers with Radar,0,3,77,2,82,0,7,195,0,202,0,10,272,2,284,253,0,253,537
07/19/2012,MYF,CA,AWP,WE,Towers with Radar,0,7,67,0,74,0,2,238,1,241,0,9,305,1,315,239,0,239,554
07/20/2012,MYF,CA,AWP,WE,Towers with Radar,0,9,47,0,56,0,3,262,1,266,0,12,309,1,322,222,0,222,544
07/21/2012,MYF,CA,AWP,WE,Towers with Radar,0,1,58,0,59,0,0,367,0,367,0,1,425,0,426,305,0,305,731
07/22/2012,MYF,CA,AWP,WE,Towers with Radar,0,2,58,0,60,0,4,224,0,228,0,6,282,0,288,246,0,246,534
07/23/2012,MYF,CA,AWP,WE,Towers with Radar,0,5,78,1,84,0,1,212,0,213,0,6,290,1,297,389,0,389,686
07/24/2012,MYF,CA,AWP,WE,Towers with Radar,0,2,80,0,82,0,4,255,0,259,0,6,335,0,341,415,0,415,756
07/25/2012,MYF,CA,AWP,WE,Towers with Radar,0,5,72,0,77,0,3,266,0,269,0,8,338,0,346,344,0,344,690
07/26/2012,MYF,CA,AWP,WE,Towers with Radar,0,2,72,0,74,0,4,259,0,263,0,6,331,0,337,343,0,343,680
07/27/2012,MYF,CA,AWP,WE,Towers with Radar,0,8,63,1,72,0,0,247,3,250,0,8,310,4,322,245,0,245,567
07/28/2012,MYF,CA,AWP,WE,Towers with Radar,0,0,58,0,58,0,2,262,0,264,0,2,320,0,322,217,0,217,539
07/29/2012,MYF,CA,AWP,WE,Towers with Radar,0,8,50,1,59,0,2,274,0,276,0,10,324,1,335,206,0,206,541
07/30/2012,MYF,CA,AWP,WE,Towers with Radar,0,6,65,0,71,0,4,185,0,189,0,10,250,0,260,240,0,240,500
07/31/2012,MYF,CA,AWP,WE,Towers with Radar,0,5,47,0,52,0,2,216,0,218,0,7,263,0,270,363,0,363,633
08/01/2012,MYF,CA,AWP,WE,Towers with Radar,0,6,61,0,67,0,4,210,0,214,0,10,271,0,281,323,0,323,604
08/02/2012,MYF,CA,AWP,WE,Towers with Radar,0,5,59,2,66,0,2,235,0,237,0,7,294,2,303,341,0,341,644
08/03/2012,MYF,CA,AWP,WE,Towers with Radar,0,4,75,0,79,0,1,234,0,235,0,5,309,0,314,324,0,324,638
08/04/2012,MYF,CA,AWP,WE,Towers with Radar,0,1,80,0,81,0,6,169,0,175,0,7,249,0,256,228,0,228,484
08/05/2012,MYF,CA,AWP,WE,Towers with Radar,0,8,73,0,81,0,1,244,2,247,0,9,317,2,328,254,0,254,582
08/06/2012,MYF,CA,AWP,WE,Towers with Radar,0,5,51,0,56,0,1,185,0,186,0,6,236,0,242,273,0,273,515
08/07/2012,MYF,CA,AWP,WE,Towers with Radar,0,3,37,0,40,0,1,259,2,262,0,4,296,2,302,329,0,329,631
08/08/2012,MYF,CA,AWP,WE,Towers with Radar,0,4,68,0,72,0,4,212,0,216,0,8,280,0,288,310,0,310,598
08/09/2012,MYF,CA,AWP,WE,Towers with Radar,0,9,53,0,62,0,2,312,0,314,0,11,365,0,376,248,0,248,624
08/10/2012,MYF,CA,AWP,WE,Towers with Radar,0,9,55,0,64,0,3,260,1,264,0,12,315,1,328,174,0,174,502
08/11/2012,MYF,CA,AWP,WE,Towers with Radar,0,1,54,0,55,0,1,286,0,287,0,2,340,0,342,320,0,320,662
08/12/2012,MYF,CA,AWP,WE,Towers with Radar,0,5,35,0,40,0,4,226,0,230,0,9,261,0,270,260,0,260,530
08/13/2012,MYF,CA,AWP,WE,Towers with Radar,0,7,52,0,59,0,2,181,0,183,0,9,233,0,242,289,0,289,531
08/14/2012,MYF,CA,AWP,WE,Towers with Radar,0,5,61,0,66,0,3,250,0,253,0,8,311,0,319,290,0,290,609
08/15/2012,MYF,CA,AWP,WE,Towers with Radar,0,6,71,0,77,0,0,145,0,145,0,6,216,0,222,188,0,188,410
08/16/2012,MYF,CA,AWP,WE,Towers with Radar,0,2,49,1,52,0,4,219,2,225,0,6,268,3,277,304,0,304,581
08/17/2012,MYF,CA,AWP,WE,Towers with Radar,0,8,58,0,66,0,6,294,0,300,0,14,352,0,366,269,0,269,635
08/18/2012,MYF,CA,AWP,WE,Towers with Radar,0,0,45,2,47,0,1,307,0,308,0,1,352,2,355,371,0,371,726
08/19/2012,MYF,CA,AWP,WE,Towers with Radar,0,2,58,0,60,0,1,250,0,251,0,3,308,0,311,184,0,184,495
08/20/2012,MYF,CA,AWP,WE,Towers with Radar,0,5,73,2,80,0,3,230,1,234,0,8,303,3,314,306,0,306,620
08/21/2012,MYF,CA,AWP,WE,Towers with Radar,0,7,83,0,90,0,3,182,0,185,0,10,265,0,275,273,0,273,548
08/22/2012,MYF,CA,AWP,WE,Towers with Radar,0,6,98,2,106,0,4,158,0,162,0,10,256,2,268,467,2,469,737
08/23/2012,MYF,CA,AWP,WE,Towers with Radar,0,6,123,1,130,0,2,82,0,84,0,8,205,1,214,211,0,211,425
08/24/2012,MYF,CA,AWP,WE,Towers with Radar,0,8,141,4,153,0,3,62,0,65,0,11,203,4,218,158,0,158,376
08/25/2012,MYF,CA,AWP,WE,Towers with Radar,0,1,69,0,70,0,1,114,0,115,0,2,183,0,185,237,0,237,422
08/26/2012,MYF,CA,AWP,WE,Towers with Radar,0,3,55,0,58,0,2,211,1,214,0,5,266,1,272,168,0,168,440
08/27/2012,MYF,CA,AWP,WE,Towers with Radar,0,3,62,0,65,0,4,160,0,164,0,7,222,0,229,185,0,185,414
08/28/2012,MYF,CA,AWP,WE,Towers with Radar,0,4,48,1,53,0,2,238,0,240,0,6,286,1,293,344,0,344,637
08/29/2012,MYF,CA,AWP,WE,Towers with Radar,0,4,79,0,83,0,3,195,0,198,0,7,274,0,281,322,0,322,603
08/30/2012,MYF,CA,AWP,WE,Towers with Radar,0,2,64,0,66,0,1,239,0,240,0,3,303,0,306,319,0,319,625
08/31/2012,MYF,CA,AWP,WE,Towers with Radar,0,4,71,3,78,0,7,238,0,245,0,11,309,3,323,187,1,188,511
09/01/2012,MYF,CA,AWP,WE,Towers with Radar,0,1,37,2,40,0,0,284,1,285,0,1,321,3,325,161,0,161,486
09/02/2012,MYF,CA,AWP,WE,Towers with Radar,0,2,32,0,34,0,1,226,0,227,0,3,258,0,261,176,0,176,437
09/03/2012,MYF,CA,AWP,WE,Towers with Radar,0,3,51,0,54,0,0,202,0,202,0,3,253,0,256,286,0,286,542
09/04/2012,MYF,CA,AWP,WE,Towers with Radar,0,3,50,0,53,0,6,172,0,178,0,9,222,0,231,222,0,222,453
09/05/2012,MYF,CA,AWP,WE,Towers with Radar,0,5,67,0,72,0,3,170,1,174,0,8,237,1,246,190,0,190,436
09/06/2012,MYF,CA,AWP,WE,Towers with Radar,0,4,47,0,51,0,5,204,0,209,0,9,251,0,260,170,2,172,432
09/07/2012,MYF,CA,AWP,WE,Towers with Radar,0,3,58,2,63,0,19,233,1,253,0,22,291,3,316,282,0,282,598
09/08/2012,MYF,CA,AWP,WE,Towers with Radar,0,5,42,0,47,0,2,293,0,295,0,7,335,0,342,315,0,315,657
09/09/2012,MYF,CA,AWP,WE,Towers with Radar,0,0,51,0,51,0,3,195,1,199,0,3,246,1,250,201,0,201,451
09/10/2012,MYF,CA,AWP,WE,Towers with Radar,0,5,46,0,51,0,1,140,0,141,0,6,186,0,192,250,0,250,442
09/11/2012,MYF,CA,AWP,WE,Towers with Radar,0,7,114,3,124,0,2,36,0,38,0,9,150,3,162,160,0,160,322
09/12/2012,MYF,CA,AWP,WE,Towers with Radar,0,6,102,1,109,0,5,189,0,194,0,11,291,1,303,274,0,274,577
09/13/2012,MYF,CA,AWP,WE,Towers with Radar,0,6,66,1,73,0,1,198,0,199,0,7,264,1,272,146,0,146,418
09/14/2012,MYF,CA,AWP,WE,Towers with Radar,0,7,40,0,47,0,3,195,0,198,0,10,235,0,245,144,0,144,389
09/15/2012,MYF,CA,AWP,WE,Towers with Radar,0,2,29,0,31,0,2,171,0,173,0,4,200,0,204,174,0,174,378
09/16/2012,MYF,CA,AWP,WE,Towers with Radar,0,8,47,1,56,0,3,204,0,207,0,11,251,1,263,192,0,192,455
09/17/2012,MYF,CA,AWP,WE,Towers with Radar,0,3,64,0,67,0,0,204,0,204,0,3,268,0,271,282,0,282,553
09/18/2012,MYF,CA,AWP,WE,Towers with Radar,0,7,73,0,80,0,1,179,0,180,0,8,252,0,260,263,0,263,523
09/19/2012,MYF,CA,AWP,WE,Towers with Radar,0,3,67,0,70,0,1,217,0,218,0,4,284,0,288,264,0,264,552
09/20/2012,MYF,CA,AWP,WE,Towers with Radar,0,2,85,0,87,0,1,219,0,220,0,3,304,0,307,301,34,335,642
09/21/2012,MYF,CA,AWP,WE,Towers with Radar,0,4,55,0,59,0,3,259,0,262,0,7,314,0,321,269,0,269,590
09/22/2012,MYF,CA,AWP,WE,Towers with Radar,0,1,50,0,51,0,0,234,0,234,0,1,284,0,285,376,0,376,661
09/23/2012,MYF,CA,AWP,WE,Towers with Radar,0,2,50,0,52,0,3,231,0,234,0,5,281,0,286,150,0,150,436
09/24/2012,MYF,CA,AWP,WE,Towers with Radar,0,6,57,0,63,0,4,191,0,195,0,10,248,0,258,412,0,412,670
09/25/2012,MYF,CA,AWP,WE,Towers with Radar,0,5,56,0,61,0,2,209,0,211,0,7,265,0,272,244,0,244,516
09/26/2012,MYF,CA,AWP,WE,Towers with Radar,0,4,61,0,65,0,0,166,0,166,0,4,227,0,231,224,0,224,455
09/27/2012,MYF,CA,AWP,WE,Towers with Radar,0,5,64,0,69,0,1,208,0,209,0,6,272,0,278,280,1,281,559
09/28/2012,MYF,CA,AWP,WE,Towers with Radar,0,6,66,2,74,0,1,177,0,178,0,7,243,2,252,192,0,192,444
09/29/2012,MYF,CA,AWP,WE,Towers with Radar,0,5,48,0,53,0,2,207,0,209,0,7,255,0,262,235,0,235,497
09/30/2012,MYF,CA,AWP,WE,Towers with Radar,0,3,40,0,43,0,0,230,0,230,0,3,270,0,273,207,14,221,494
10/01/2012,MYF,CA,AWP,WE,Towers with Radar,0,3,23,0,26,0,2,185,0,187,0,5,208,0,213,90,0,90,303
10/02/2012,MYF,CA,AWP,WE,Towers with Radar,0,2,35,0,37,0,4,170,0,174,0,6,205,0,211,116,0,116,327
10/03/2012,MYF,CA,AWP,WE,Towers with Radar,0,2,37,0,39,0,6,195,0,201,0,8,232,0,240,94,0,94,334
10/04/2012,MYF,CA,AWP,WE,Towers with Radar,0,1,41,0,42,0,3,220,0,223,0,4,261,0,265,144,0,144,409
10/05/2012,MYF,CA,AWP,WE,Towers with Radar,0,2,33,0,35,0,2,198,0,200,0,4,231,0,235,136,1,137,372
10/06/2012,MYF,CA,AWP,WE,Towers with Radar,0,0,32,0,32,0,1,188,0,189,0,1,220,0,221,204,0,204,425
10/07/2012,MYF,CA,AWP,WE,Towers with Radar,0,0,35,1,36,0,0,169,1,170,0,0,204,2,206,212,1,213,419
10/08/2012,MYF,CA,AWP,WE,Towers with Radar,0,5,44,0,49,0,1,122,0,123,0,6,166,0,172,135,0,135,307
10/09/2012,MYF,CA,AWP,WE,Towers with Radar,0,4,36,0,40,0,2,193,0,195,0,6,229,0,235,94,0,94,329
10/10/2012,MYF,CA,AWP,WE,Towers with Radar,0,2,58,0,60,0,1,160,0,161,0,3,218,0,221,135,2,137,358
10/11/2012,MYF,CA,AWP,WE,Towers with Radar,0,4,30,0,34,0,1,40,0,41,0,5,70,0,75,34,0,34,109
10/12/2012,MYF,CA,AWP,WE,Towers with Radar,0,2,54,0,56,0,0,98,0,98,0,2,152,0,154,179,0,179,333
10/13/2012,MYF,CA,AWP,WE,Towers with Radar,0,0,30,0,30,0,1,140,1,142,0,1,170,1,172,162,0,162,334
10/14/2012,MYF,CA,AWP,WE,Towers with Radar,0,0,35,0,35,0,1,128,0,129,0,1,163,0,164,165,0,165,329
10/15/2012,MYF,CA,AWP,WE,Towers with Radar,0,3,27,0,30,0,5,248,0,253,0,8,275,0,283,82,1,83,366
10/16/2012,MYF,CA,AWP,WE,Towers with Radar,0,5,35,0,40,0,8,232,0,240,0,13,267,0,280,169,0,169,449
10/17/2012,MYF,CA,AWP,WE,Towers with Radar,0,3,34,1,38,0,2,203,0,205,0,5,237,1,243,144,0,144,387
10/18/2012,MYF,CA,AWP,WE,Towers with Radar,0,4,59,0,63,0,0,142,0,142,0,4,201,0,205,76,0,76,281
10/19/2012,MYF,CA,AWP,WE,Towers with Radar,0,4,54,0,58,0,2,163,1,166,0,6,217,1,224,128,0,128,352
10/20/2012,MYF,CA,AWP,WE,Towers with Radar,0,3,58,1,62,0,0,18,0,18,0,3,76,1,80,147,0,147,227
10/21/2012,MYF,CA,AWP,WE,Towers with Radar,0,0,60,0,60,0,1,35,0,36,0,1,95,0,96,48,0,48,144
10/22/2012,MYF,CA,AWP,WE,Towers with Radar,0,11,58,0,69,0,2,175,0,177,0,13,233,0,246,258,0,258,504
10/23/2012,MYF,CA,AWP,WE,Towers with Radar,0,2,49,0,51,0,1,158,0,159,0,3,207,0,210,186,0,186,396
10/24/2012,MYF,CA,AWP,WE,Towers with Radar,0,2,50,1,53,0,3,168,0,171,0,5,218,1,224,181,0,181,405
10/25/2012,MYF,CA,AWP,WE,Towers with Radar,0,2,34,0,36,0,1,231,0,232,0,3,265,0,268,100,0,100,368
10/26/2012,MYF,CA,AWP,WE,Towers with Radar,0,4,37,0,41,0,4,215,0,219,0,8,252,0,260,99,0,99,359
10/27/2012,MYF,CA,AWP,WE,Towers with Radar,0,0,33,0,33,0,0,251,1,252,0,0,284,1,285,166,0,166,451
10/28/2012,MYF,CA,AWP,WE,Towers with Radar,0,1,31,0,32,0,0,261,0,261,0,1,292,0,293,70,0,70,363
10/29/2012,MYF,CA,AWP,WE,Towers with Radar,0,6,28,2,36,0,1,207,2,210,0,7,235,4,246,90,0,90,336
10/30/2012,MYF,CA,AWP,WE,Towers with Radar,0,3,41,0,44,0,1,174,0,175,0,4,215,0,219,96,0,96,315
10/31/2012,MYF,CA,AWP,WE,Towers with Radar,0,2,52,1,55,0,3,143,0,146,0,5,195,1,201,105,0,105,306
11/01/2012,MYF,CA,AWP,WE,Towers with Radar,0,2,47,1,50,0,1,165,1,167,0,3,212,2,217,208,0,208,425
11/02/2012,MYF,CA,AWP,WE,Towers with Radar,0,4,35,3,42,0,0,203,0,203,0,4,238,3,245,196,0,196,441
11/03/2012,MYF,CA,AWP,WE,Towers with Radar,0,0,39,0,39,0,2,213,0,215,0,2,252,0,254,201,0,201,455
11/04/2012,MYF,CA,AWP,WE,Towers with Radar,0,0,42,2,44,0,4,259,2,265,0,4,301,4,309,179,0,179,488
11/05/2012,MYF,CA,AWP,WE,Towers with Radar,1,6,26,0,33,0,2,240,0,242,1,8,266,0,275,262,0,262,537
11/06/2012,MYF,CA,AWP,WE,Towers with Radar,0,1,33,0,34,0,4,195,0,199,0,5,228,0,233,174,0,174,407
11/07/2012,MYF,CA,AWP,WE,Towers with Radar,0,3,46,2,51,0,3,211,0,214,0,6,257,2,265,61,4,65,330
11/08/2012,MYF,CA,AWP,WE,Towers with Radar,0,6,62,5,73,0,0,127,2,129,0,6,189,7,202,280,0,280,482
11/09/2012,MYF,CA,AWP,WE,Towers with Radar,0,5,37,0,42,0,4,87,1,92,0,9,124,1,134,170,0,170,304
11/10/2012,MYF,CA,AWP,WE,Towers with Radar,0,2,51,0,53,0,0,125,2,127,0,2,176,2,180,124,0,124,304
11/11/2012,MYF,CA,AWP,WE,Towers with Radar,0,2,26,0,28,0,2,281,1,284,0,4,307,1,312,179,1,180,492
11/12/2012,MYF,CA,AWP,WE,Towers with Radar,0,0,37,0,37,0,0,251,2,253,0,0,288,2,290,133,0,133,423
11/13/2012,MYF,CA,AWP,WE,Towers with Radar,0,5,42,0,47,0,2,229,0,231,0,7,271,0,278,135,0,135,413
11/14/2012,MYF,CA,AWP,WE,Towers with Radar,0,3,43,0,46,0,2,233,0,235,0,5,276,0,281,253,1,254,535
11/15/2012,MYF,CA,AWP,WE,Towers with Radar,0,2,45,0,47,0,1,223,0,224,0,3,268,0,271,240,0,240,511
11/16/2012,MYF,CA,AWP,WE,Towers with Radar,0,10,46,0,56,0,3,212,0,215,0,13,258,0,271,275,0,275,546
11/17/2012,MYF,CA,AWP,WE,Towers with Radar,0,4,57,0,61,0,0,147,0,147,0,4,204,0,208,243,0,243,451
11/18/2012,MYF,CA,AWP,WE,Towers with Radar,0,4,73,3,80,0,2,126,0,128,0,6,199,3,208,232,0,232,440
11/19/2012,MYF,CA,AWP,WE,Towers with Radar,0,6,49,0,55,0,5,187,0,192,0,11,236,0,247,351,0,351,598
11/20/2012,MYF,CA,AWP,WE,Towers with Radar,0,7,81,0,88,0,4,277,5,286,0,11,358,5,374,193,0,193,567
11/21/2012,MYF,CA,AWP,WE,Towers with Radar,3,5,84,4,96,0,3,223,0,226,3,8,307,4,322,229,0,229,551
11/22/2012,MYF,CA,AWP,WE,Towers with Radar,0,0,18,0,18,0,4,116,0,120,0,4,134,0,138,151,0,151,289
11/23/2012,MYF,CA,AWP,WE,Towers with Radar,0,7,37,0,44,0,1,214,0,215,0,8,251,0,259,182,0,182,441
11/24/2012,MYF,CA,AWP,WE,Towers with Radar,0,4,48,0,52,0,3,221,0,224,0,7,269,0,276,272,0,272,548
11/25/2012,MYF,CA,AWP,WE,Towers with Radar,0,1,94,0,95,0,1,160,0,161,0,2,254,0,256,114,1,115,371
11/26/2012,MYF,CA,AWP,WE,Towers with Radar,0,7,56,0,63,0,0,165,2,167,0,7,221,2,230,305,0,305,535
11/27/2012,MYF,CA,AWP,WE,Towers with Radar,0,9,93,5,107,0,3,141,0,144,0,12,234,5,251,263,0,263,514
11/28/2012,MYF,CA,AWP,WE,Towers with Radar,0,5,86,2,93,0,0,154,3,157,0,5,240,5,250,313,0,313,563
11/29/2012,MYF,CA,AWP,WE,Towers with Radar,0,11,86,0,97,0,0,79,0,79,0,11,165,0,176,264,0,264,440
11/30/2012,MYF,CA,AWP,WE,Towers with Radar,0,2,77,2,81,0,2,40,2,44,0,4,117,4,125,264,0,264,389
12/01/2012,MYF,CA,AWP,WE,Towers with Radar,0,1,67,0,68,0,1,120,0,121,0,2,187,0,189,289,0,289,478
12/02/2012,MYF,CA,AWP,WE,Towers with Radar,0,1,79,0,80,0,0,112,1,113,0,1,191,1,193,241,0,241,434
12/03/2012,MYF,CA,AWP,WE,Towers with Radar,0,5,70,4,79,0,0,69,0,69,0,5,139,4,148,236,0,236,384
12/04/2012,MYF,CA,AWP,WE,Towers with Radar,0,5,70,2,77,0,1,165,0,166,0,6,235,2,243,188,2,190,433
12/05/2012,MYF,CA,AWP,WE,Towers with Radar,0,4,87,2,93,0,2,162,1,165,0,6,249,3,258,228,0,228,486
12/06/2012,MYF,CA,AWP,WE,Towers with Radar,0,4,97,2,103,0,3,138,0,141,0,7,235,2,244,220,3,223,467
12/07/2012,MYF,CA,AWP,WE,Towers with Radar,0,4,71,0,75,0,4,101,1,106,0,8,172,1,181,159,0,159,340
12/08/2012,MYF,CA,AWP,WE,Towers with Radar,0,0,62,0,62,0,1,168,0,169,0,1,230,0,231,324,0,324,555
12/09/2012,MYF,CA,AWP,WE,Towers with Radar,0,1,43,0,44,0,2,267,0,269,0,3,310,0,313,321,0,321,634
12/10/2012,MYF,CA,AWP,WE,Towers with Radar,0,5,50,0,55,0,1,190,0,191,0,6,240,0,246,213,5,218,464
12/11/2012,MYF,CA,AWP,WE,Towers with Radar,0,2,45,1,48,0,2,275,0,277,0,4,320,1,325,272,3,275,600
12/12/2012,MYF,CA,AWP,WE,Towers with Radar,0,7,68,0,75,0,0,184,0,184,0,7,252,0,259,363,0,363,622
12/13/2012,MYF,CA,AWP,WE,Towers with Radar,0,4,35,2,41,0,1,24,0,25,0,5,59,2,66,28,0,28,94
12/14/2012,MYF,CA,AWP,WE,Towers with Radar,0,10,58,7,75,0,2,122,0,124,0,12,180,7,199,229,1,230,429
12/15/2012,MYF,CA,AWP,WE,Towers with Radar,0,0,50,0,50,0,0,169,1,170,0,0,219,1,220,346,0,346,566
12/16/2012,MYF,CA,AWP,WE,Towers with Radar,0,4,78,0,82,0,2,121,0,123,0,6,199,0,205,287,0,287,492
12/17/2012,MYF,CA,AWP,WE,Towers with Radar,0,6,67,4,77,0,3,75,0,78,0,9,142,4,155,182,0,182,337
12/18/2012,MYF,CA,AWP,WE,Towers with Radar,0,6,59,4,69,0,0,25,0,25,0,6,84,4,94,54,0,54,148
12/19/2012,MYF,CA,AWP,WE,Towers with Radar,0,6,69,1,76,0,0,244,0,244,0,6,313,1,320,344,0,344,664
12/20/2012,MYF,CA,AWP,WE,Towers with Radar,0,7,78,0,85,0,2,288,0,290,0,9,366,0,375,403,0,403,778
12/21/2012,MYF,CA,AWP,WE,Towers with Radar,0,9,64,0,73,0,4,216,0,220,0,13,280,0,293,327,0,327,620
12/22/2012,MYF,CA,AWP,WE,Towers with Radar,0,0,63,0,63,0,2,209,0,211,0,2,272,0,274,306,0,306,580
12/23/2012,MYF,CA,AWP,WE,Towers with Radar,0,7,41,0,48,0,3,108,0,111,0,10,149,0,159,151,0,151,310
12/24/2012,MYF,CA,AWP,WE,Towers with Radar,0,5,31,0,36,0,0,14,0,14,0,5,45,0,50,22,0,22,72
12/25/2012,MYF,CA,AWP,WE,Towers with Radar,0,1,18,0,19,0,1,101,0,102,0,2,119,0,121,70,0,70,191
12/26/2012,MYF,CA,AWP,WE,Towers with Radar,0,4,54,0,58,0,1,70,0,71,0,5,124,0,129,122,0,122,251
12/27/2012,MYF,CA,AWP,WE,Towers with Radar,0,3,67,0,70,0,3,274,0,277,0,6,341,0,347,292,1,293,640
12/28/2012,MYF,CA,AWP,WE,Towers with Radar,0,6,57,0,63,0,4,290,0,294,0,10,347,0,357,199,0,199,556
12/29/2012,MYF,CA,AWP,WE,Towers with Radar,0,2,40,0,42,0,0,113,3,116,0,2,153,3,158,168,0,168,326
12/30/2012,MYF,CA,AWP,WE,Towers with Radar,0,0,30,0,30,0,3,86,0,89,0,3,116,0,119,171,0,171,290
12/31/2012,MYF,CA,AWP,WE,Towers with Radar,0,4,48,0,52,0,4,233,0,237,0,8,281,0,289,279,0,279,568
01/01/2013,MYF,CA,AWP,WE,Towers with Radar,0,0,34,0,34,0,1,169,1,171,0,1,203,1,205,142,0,142,347
01/02/2013,MYF,CA,AWP,WE,Towers with Radar,0,7,54,0,61,0,2,187,0,189,0,9,241,0,250,162,1,163,413
01/03/2013,MYF,CA,AWP,WE,Towers with Radar,0,3,56,0,59,0,2,215,0,217,0,5,271,0,276,172,0,172,448
01/04/2013,MYF,CA,AWP,WE,Towers with Radar,0,4,59,1,64,0,5,227,3,235,0,9,286,4,299,364,0,364,663
01/05/2013,MYF,CA,AWP,WE,Towers with Radar,0,3,62,0,65,0,5,269,2,276,0,8,331,2,341,357,0,357,698
01/06/2013,MYF,CA,AWP,WE,Towers with Radar,0,1,38,0,39,0,1,86,1,88,0,2,124,1,127,226,0,226,353
01/07/2013,MYF,CA,AWP,WE,Towers with Radar,0,3,37,0,40,0,9,152,0,161,0,12,189,0,201,213,0,213,414
01/08/2013,MYF,CA,AWP,WE,Towers with Radar,0,4,60,0,64,0,6,192,0,198,0,10,252,0,262,176,0,176,438
01/09/2013,MYF,CA,AWP,WE,Towers with Radar,0,8,64,0,72,0,6,191,0,197,0,14,255,0,269,190,0,190,459
01/10/2013,MYF,CA,AWP,WE,Towers with Radar,0,6,38,4,48,0,2,70,0,72,0,8,108,4,120,107,0,107,227
01/11/2013,MYF,CA,AWP,WE,Towers with Radar,0,7,47,0,54,0,5,150,2,157,0,12,197,2,211,186,0,186,397
01/12/2013,MYF,CA,AWP,WE,Towers with Radar,0,0,51,0,51,0,3,252,2,257,0,3,303,2,308,364,0,364,672
01/13/2013,MYF,CA,AWP,WE,Towers with Radar,0,1,44,0,45,0,1,214,1,216,0,2,258,1,261,192,0,192,453
01/14/2013,MYF,CA,AWP,WE,Towers with Radar,0,3,49,0,52,0,0,159,1,160,0,3,208,1,212,144,0,144,356
01/15/2013,MYF,CA,AWP,WE,Towers with Radar,0,4,55,2,61,0,4,180,2,186,0,8,235,4,247,167,0,167,414
01/16/2013,MYF,CA,AWP,WE,Towers with Radar,0,3,56,1,60,0,0,201,1,202,0,3,257,2,262,264,0,264,526
01/17/2013,MYF,CA,AWP,WE,Towers with Radar,0,4,71,0,75,0,2,221,1,224,0,6,292,1,299,244,0,244,543
01/18/2013,MYF,CA,AWP,WE,Towers with Radar,0,7,53,2,62,0,4,272,1,277,0,11,325,3,339,178,0,178,517
01/19/2013,MYF,CA,AWP,WE,Towers with Radar,0,3,51,0,54,0,2,277,0,279,0,5,328,0,333,257,0,257,590
01/20/2013,MYF,CA,AWP,WE,Towers with Radar,0,0,42,0,42,0,2,218,0,220,0,2,260,0,262,227,0,227,489
01/21/2013,MYF,CA,AWP,WE,Towers with Radar,0,1,54,0,55,0,2,255,0,257,0,3,309,0,312,189,0,189,501
01/22/2013,MYF,CA,AWP,WE,Towers with Radar,0,4,57,0,61,0,5,195,0,200,0,9,252,0,261,208,0,208,469
01/23/2013,MYF,CA,AWP,WE,Towers with Radar,0,6,72,0,78,0,6,219,0,225,0,12,291,0,303,175,0,175,478
01/24/2013,MYF,CA,AWP,WE,Towers with Radar,0,6,59,3,68,0,2,128,2,132,0,8,187,5,200,332,0,332,532
01/25/2013,MYF,CA,AWP,WE,Towers with Radar,0,13,62,0,75,0,6,32,0,38,0,19,94,0,113,25,0,25,138
01/26/2013,MYF,CA,AWP,WE,Towers with Radar,0,6,35,1,42,0,0,7,0,7,0,6,42,1,49,8,0,8,57
01/27/2013,MYF,CA,AWP,WE,Towers with Radar,0,6,70,0,76,0,1,67,0,68,0,7,137,0,144,236,0,236,380
01/28/2013,MYF,CA,AWP,WE,Towers with Radar,0,8,44,0,52,0,3,157,0,160,0,11,201,0,212,139,0,139,351
01/29/2013,MYF,CA,AWP,WE,Towers with Radar,0,3,63,0,66,0,7,194,0,201,0,10,257,0,267,170,0,170,437
01/30/2013,MYF,CA,AWP,WE,Towers with Radar,0,3,62,0,65,0,3,207,0,210,0,6,269,0,275,180,0,180,455
01/31/2013,MYF,CA,AWP,WE,Towers with Radar,0,2,61,0,63,0,0,216,0,216,0,2,277,0,279,178,0,178,457
02/01/2013,MYF,CA,AWP,WE,Towers with Radar,0,4,53,0,57,0,5,268,0,273,0,9,321,0,330,332,0,332,662
02/02/2013,MYF,CA,AWP,WE,Towers with Radar,0,2,43,1,46,0,1,255,0,256,0,3,298,1,302,353,0,353,655
02/03/2013,MYF,CA,AWP,WE,Towers with Radar,0,0,47,0,47,0,1,199,0,200,0,1,246,0,247,132,0,132,379
02/04/2013,MYF,CA,AWP,WE,Towers with Radar,0,5,41,2,48,0,3,116,1,120,0,8,157,3,168,140,0,140,308
02/05/2013,MYF,CA,AWP,WE,Towers with Radar,0,7,72,4,83,0,6,44,0,50,0,13,116,4,133,150,0,150,283
02/06/2013,MYF,CA,AWP,WE,Towers with Radar,0,2,92,4,98,0,3,145,2,150,0,5,237,6,248,253,0,253,501
02/07/2013,MYF,CA,AWP,WE,Towers with Radar,0,2,83,3,88,0,0,138,0,138,0,2,221,3,226,186,0,186,412
02/08/2013,MYF,CA,AWP,WE,Towers with Radar,0,8,37,2,47,0,3,33,1,37,0,11,70,3,84,109,4,113,197
02/09/2013,MYF,CA,AWP,WE,Towers with Radar,0,5,55,0,60,0,2,223,1,226,0,7,278,1,286,236,0,236,522
02/10/2013,MYF,CA,AWP,WE,Towers with Radar,0,5,90,0,95,0,2,128,0,130,0,7,218,0,225,275,0,275,500
02/11/2013,MYF,CA,AWP,WE,Towers with Radar,0,11,54,1,66,0,5,183,0,188,0,16,237,1,254,168,1,169,423
02/12/2013,MYF,CA,AWP,WE,Towers with Radar,0,6,50,0,56,0,0,221,1,222,0,6,271,1,278,84,0,84,362
02/13/2013,MYF,CA,AWP,WE,Towers with Radar,0,8,70,0,78,0,3,275,0,278,0,11,345,0,356,277,2,279,635
02/14/2013,MYF,CA,AWP,WE,Towers with Radar,0,6,53,0,59,0,2,256,0,258,0,8,309,0,317,129,0,129,446
02/15/2013,MYF,CA,AWP,WE,Towers with Radar,0,4,51,0,55,0,6,234,0,240,0,10,285,0,295,251,0,251,546
02/16/2013,MYF,CA,AWP,WE,Towers with Radar,0,4,42,0,46,0,4,350,0,354,0,8,392,0,400,278,0,278,678
02/17/2013,MYF,CA,AWP,WE,Towers with Radar,0,0,58,0,58,0,0,250,0,250,0,0,308,0,308,218,0,218,526
02/18/2013,MYF,CA,AWP,WE,Towers with Radar,0,6,84,0,90,0,3,172,0,175,0,9,256,0,265,230,0,230,495
02/19/2013,MYF,CA,AWP,WE,Towers with Radar,0,8,37,8,53,0,9,71,0,80,0,17,108,8,133,99,0,99,232
02/20/2013,MYF,CA,AWP,WE,Towers with Radar,0,5,34,3,42,0,10,84,2,96,0,15,118,5,138,156,0,156,294
02/21/2013,MYF,CA,AWP,WE,Towers with Radar,0,3,54,5,62,0,2,84,1,87,0,5,138,6,149,261,0,261,410
02/22/2013,MYF,CA,AWP,WE,Towers with Radar,0,4,66,1,71,0,7,236,0,243,0,11,302,1,314,261,0,261,575
02/23/2013,MYF,CA,AWP,WE,Towers with Radar,0,2,52,2,56,0,0,283,0,283,0,2,335,2,339,244,0,244,583
02/24/2013,MYF,CA,AWP,WE,Towers with Radar,0,0,31,3,34,0,2,182,3,187,0,2,213,6,221,192,0,192,413
02/25/2013,MYF,CA,AWP,WE,Towers with Radar,0,4,51,0,55,0,0,213,0,213,0,4,264,0,268,181,0,181,449
02/26/2013,MYF,CA,AWP,WE,Towers with Radar,0,3,66,0,69,0,5,205,0,210,0,8,271,0,279,192,0,192,471
02/27/2013,MYF,CA,AWP,WE,Towers with Radar,0,7,49,4,60,0,3,215,4,222,0,10,264,8,282,285,0,285,567
02/28/2013,MYF,CA,AWP,WE,Towers with Radar,0,9,54,0,63,0,2,214,0,216,0,11,268,0,279,277,0,277,556
03/01/2013,MYF,CA,AWP,WE,Towers with Radar,0,5,56,0,61,0,4,218,0,222,0,9,274,0,283,252,0,252,535
03/02/2013,MYF,CA,AWP,WE,Towers with Radar,0,1,54,0,55,0,1,292,0,293,0,2,346,0,348,241,0,241,589
03/03/2013,MYF,CA,AWP,WE,Towers with Radar,0,0,67,0,67,0,2,218,0,220,0,2,285,0,287,265,0,265,552
03/04/2013,MYF,CA,AWP,WE,Towers with Radar,0,7,65,1,73,0,1,132,0,133,0,8,197,1,206,249,0,249,455
03/05/2013,MYF,CA,AWP,WE,Towers with Radar,0,4,92,4,100,0,1,115,0,116,0,5,207,4,216,234,0,234,450
03/06/2013,MYF,CA,AWP,WE,Towers with Radar,0,5,58,0,63,0,2,190,0,192,0,7,248,0,255,297,0,297,552
03/07/2013,MYF,CA,AWP,WE,Towers with Radar,0,12,56,6,74,0,4,61,0,65,0,16,117,6,139,139,0,139,278
03/08/2013,MYF,CA,AWP,WE,Towers with Radar,0,7,37,2,46,0,0,55,0,55,0,7,92,2,101,104,0,104,205
03/09/2013,MYF,CA,AWP,WE,Towers with Radar,0,5,33,0,38,0,2,152,0,154,0,7,185,0,192,272,0,272,464
03/10/2013,MYF,CA,AWP,WE,Towers with Radar,0,1,57,0,58,0,1,285,0,286,0,2,342,0,344,232,0,232,576
03/11/2013,MYF,CA,AWP,WE,Towers with Radar,0,5,52,0,57,0,2,236,0,238,0,7,288,0,295,296,0,296,591
03/12/2013,MYF,CA,AWP,WE,Towers with Radar,0,4,68,1,73,0,4,212,0,216,0,8,280,1,289,173,0,173,462
03/13/2013,MYF,CA,AWP,WE,Towers with Radar,0,3,56,0,59,0,4,267,0,271,0,7,323,0,330,269,0,269,599
03/14/2013,MYF,CA,AWP,WE,Towers with Radar,0,3,49,1,53,0,0,238,0,238,0,3,287,1,291,411,0,411,702
03/15/2013,MYF,CA,AWP,WE,Towers with Radar,0,4,50,0,54,0,1,201,1,203,0,5,251,1,257,211,0,211,468
03/16/2013,MYF,CA,AWP,WE,Towers with Radar,0,1,62,0,63,0,0,207,0,207,0,1,269,0,270,382,0,382,652
03/17/2013,MYF,CA,AWP,WE,Towers with Radar,0,1,72,0,73,0,0,270,1,271,0,1,342,1,344,253,0,253,597
03/18/2013,MYF,CA,AWP,WE,Towers with Radar,0,4,53,2,59,0,5,161,0,166,0,9,214,2,225,248,0,248,473
03/19/2013,MYF,CA,AWP,WE,Towers with Radar,0,2,74,0,76,0,3,210,0,213,0,5,284,0,289,262,0,262,551
03/20/2013,MYF,CA,AWP,WE,Towers with Radar,0,5,69,0,74,0,4,205,0,209,0,9,274,0,283,313,0,313,596
03/21/2013,MYF,CA,AWP,WE,Towers with Radar,0,4,87,1,92,0,3,154,0,157,0,7,241,1,249,333,0,333,582
03/22/2013,MYF,CA,AWP,WE,Towers with Radar,0,7,112,4,123,0,3,211,0,214,0,10,323,4,337,353,0,353,690
03/23/2013,MYF,CA,AWP,WE,Towers with Radar,0,4,63,0,67,0,1,221,0,222,0,5,284,0,289,277,0,277,566
03/24/2013,MYF,CA,AWP,WE,Towers with Radar,0,1,67,0,68,0,2,262,0,264,0,3,329,0,332,283,0,283,615
03/25/2013,MYF,CA,AWP,WE,Towers with Radar,0,5,55,0,60,0,5,180,0,185,0,10,235,0,245,290,0,290,535
03/26/2013,MYF,CA,AWP,WE,Towers with Radar,0,9,72,0,81,0,9,222,0,231,0,18,294,0,312,248,0,248,560
03/27/2013,MYF,CA,AWP,WE,Towers with Radar,0,3,82,1,86,0,4,284,0,288,0,7,366,1,374,298,0,298,672
03/28/2013,MYF,CA,AWP,WE,Towers with Radar,0,5,86,0,91,0,4,222,0,226,0,9,308,0,317,366,0,366,683
03/29/2013,MYF,CA,AWP,WE,Towers with Radar,0,7,112,0,119,0,2,206,0,208,0,9,318,0,327,265,0,265,592
03/30/2013,MYF,CA,AWP,WE,Towers with Radar,0,3,62,0,65,0,0,213,0,213,0,3,275,0,278,142,0,142,420
03/31/2013,MYF,CA,AWP,WE,Towers with Radar,0,1,51,0,52,0,0,141,0,141,0,1,192,0,193,132,0,132,325
04/01/2013,MYF,CA,AWP,WE,Towers with Radar,0,4,73,0,77,0,0,167,0,167,0,4,240,0,244,256,0,256,500
04/02/2013,MYF,CA,AWP,WE,Towers with Radar,0,7,72,2,81,0,1,202,0,203,0,8,274,2,284,227,0,227,511
04/03/2013,MYF,CA,AWP,WE,Towers with Radar,0,7,90,3,100,0,2,240,0,242,0,9,330,3,342,200,0,200,542
04/04/2013,MYF,CA,AWP,WE,Towers with Radar,0,5,67,1,73,0,0,161,0,161,0,5,228,1,234,178,0,178,412
04/05/2013,MYF,CA,AWP,WE,Towers with Radar,0,4,104,3,111,0,4,101,0,105,0,8,205,3,216,271,0,271,487
04/06/2013,MYF,CA,AWP,WE,Towers with Radar,0,2,81,2,85,0,1,180,0,181,0,3,261,2,266,229,0,229,495
04/07/2013,MYF,CA,AWP,WE,Towers with Radar,0,1,85,0,86,0,1,164,0,165,0,2,249,0,251,331,0,331,582
04/08/2013,MYF,CA,AWP,WE,Towers with Radar,0,5,26,3,34,0,1,54,0,55,0,6,80,3,89,92,0,92,181
04/09/2013,MYF,CA,AWP,WE,Towers with Radar,0,2,56,0,58,0,1,208,2,211,0,3,264,2,269,235,0,235,504
04/10/2013,MYF,CA,AWP,WE,Towers with Radar,0,9,66,1,76,0,4,238,3,245,0,13,304,4,321,274,0,274,595
04/11/2013,MYF,CA,AWP,WE,Towers with Radar,0,4,79,2,85,0,1,210,1,212,0,5,289,3,297,208,0,208,505
04/12/2013,MYF,CA,AWP,WE,Towers with Radar,0,5,77,0,82,0,2,246,0,248,0,7,323,0,330,209,0,209,539
04/13/2013,MYF,CA,AWP,WE,Towers with Radar,0,1,100,0,101,0,2,31,0,33,0,3,131,0,134,130,0,130,264
04/14/2013,MYF,CA,AWP,WE,Towers with Radar,0,1,94,0,95,0,0,46,1,47,0,1,140,1,142,157,0,157,299
04/15/2013,MYF,CA,AWP,WE,Towers with Radar,0,7,41,4,52,0,1,71,0,72,0,8,112,4,124,228,0,228,352
04/16/2013,MYF,CA,AWP,WE,Towers with Radar,0,3,58,2,63,0,0,156,0,156,0,3,214,2,219,212,0,212,431
04/17/2013,MYF,CA,AWP,WE,Towers with Radar,0,3,68,0,71,0,6,224,11,241,0,9,292,11,312,238,0,238,550
04/18/2013,MYF,CA,AWP,WE,Towers with Radar,0,5,62,0,67,0,1,244,1,246,0,6,306,1,313,250,30,280,593
04/19/2013,MYF,CA,AWP,WE,Towers with Radar,0,4,59,0,63,0,2,255,0,257,0,6,314,0,320,254,0,254,574
04/20/2013,MYF,CA,AWP,WE,Towers with Radar,0,1,46,6,53,0,2,291,1,294,0,3,337,7,347,361,0,361,708
04/21/2013,MYF,CA,AWP,WE,Towers with Radar,0,2,55,0,57,0,7,311,0,318,0,9,366,0,375,446,0,446,821
04/22/2013,MYF,CA,AWP,WE,Towers with Radar,0,5,67,3,75,0,1,196,1,198,0,6,263,4,273,356,0,356,629
04/23/2013,MYF,CA,AWP,WE,Towers with Radar,0,3,79,2,84,0,2,189,4,195,0,5,268,6,279,340,2,342,621
04/24/2013,MYF,CA,AWP,WE,Towers with Radar,0,5,95,4,104,0,1,104,0,105,0,6,199,4,209,469,0,469,678
04/25/2013,MYF,CA,AWP,WE,Towers with Radar,0,4,95,1,100,0,7,184,0,191,0,11,279,1,291,407,0,407,698
04/26/2013,MYF,CA,AWP,WE,Towers with Radar,0,7,40,1,48,0,1,198,0,199,0,8,238,1,247,254,4,258,505
04/27/2013,MYF,CA,AWP,WE,Towers with Radar,0,2,49,0,51,0,2,212,0,214,0,4,261,0,265,380,0,380,645
04/28/2013,MYF,CA,AWP,WE,Towers with Radar,0,3,55,1,59,0,3,223,0,226,0,6,278,1,285,259,0,259,544
04/29/2013,MYF,CA,AWP,WE,Towers with Radar,0,4,57,2,63,0,2,156,0,158,0,6,213,2,221,208,0,208,429
04/30/2013,MYF,CA,AWP,WE,Towers with Radar,0,10,90,2,102,0,0,93,1,94,0,10,183,3,196,188,0,188,384
05/01/2013,MYF,CA,AWP,WE,Towers with Radar,0,5,65,1,71,0,3,192,0,195,0,8,257,1,266,269,0,269,535
05/02/2013,MYF,CA,AWP,WE,Towers with Radar,0,4,52,4,60,0,2,255,8,265,0,6,307,12,325,310,0,310,635
05/03/2013,MYF,CA,AWP,WE,Towers with Radar,0,6,52,5,63,0,2,270,0,272,0,8,322,5,335,400,0,400,735
05/04/2013,MYF,CA,AWP,WE,Towers with Radar,0,1,61,0,62,0,0,189,0,189,0,1,250,0,251,160,0,160,411
05/05/2013,MYF,CA,AWP,WE,Towers with Radar,0,2,49,0,51,0,0,65,0,65,0,2,114,0,116,238,0,238,354
05/06/2013,MYF,CA,AWP,WE,Towers with Radar,1,6,57,2,66,0,0,1,0,1,1,6,58,2,67,0,0,0,67
05/07/2013,MYF,CA,AWP,WE,Towers with Radar,0,7,56,3,66,0,4,116,0,120,0,11,172,3,186,222,1,223,409
05/08/2013,MYF,CA,AWP,WE,Towers with Radar,0,4,74,3,81,0,2,171,4,177,0,6,245,7,258,269,0,269,527
05/09/2013,MYF,CA,AWP,WE,Towers with Radar,0,5,83,2,90,0,1,168,2,171,0,6,251,4,261,590,9,599,860
05/10/2013,MYF,CA,AWP,WE,Towers with Radar,0,8,68,0,76,0,0,249,0,249,0,8,317,0,325,326,0,326,651
05/11/2013,MYF,CA,AWP,WE,Towers with Radar,0,2,57,0,59,0,4,289,0,293,0,6,346,0,352,335,0,335,687
05/12/2013,MYF,CA,AWP,WE,Towers with Radar,0,0,33,0,33,0,2,258,0,260,0,2,291,0,293,274,0,274,567
05/13/2013,MYF,CA,AWP,WE,Towers with Radar,1,8,44,2,55,0,0,181,1,182,1,8,225,3,237,240,0,240,477
05/14/2013,MYF,CA,AWP,WE,Towers with Radar,0,8,79,0,87,0,4,187,0,191,0,12,266,0,278,310,0,310,588
05/15/2013,MYF,CA,AWP,WE,Towers with Radar,0,2,92,1,95,0,2,238,0,240,0,4,330,1,335,315,0,315,650
05/16/2013,MYF,CA,AWP,WE,Towers with Radar,0,7,79,1,87,0,1,193,1,195,0,8,272,2,282,209,0,209,491
05/17/2013,MYF,CA,AWP,WE,Towers with Radar,0,6,91,4,101,0,1,144,0,145,0,7,235,4,246,234,0,234,480
05/18/2013,MYF,CA,AWP,WE,Towers with Radar,0,2,59,0,61,0,3,226,0,229,0,5,285,0,290,371,0,371,661
05/19/2013,MYF,CA,AWP,WE,Towers with Radar,0,0,53,0,53,0,0,191,0,191,0,0,244,0,244,331,0,331,575
05/20/2013,MYF,CA,AWP,WE,Towers with Radar,0,8,68,3,79,0,8,218,0,226,0,16,286,3,305,158,0,158,463
05/21/2013,MYF,CA,AWP,WE,Towers with Radar,0,5,83,1,89,0,0,195,1,196,0,5,278,2,285,357,0,357,642
05/22/2013,MYF,CA,AWP,WE,Towers with Radar,0,6,75,0,81,0,4,174,1,179,0,10,249,1,260,310,0,310,570
05/23/2013,MYF,CA,AWP,WE,Towers with Radar,0,7,65,0,72,0,6,199,0,205,0,13,264,0,277,220,0,220,497
05/24/2013,MYF,CA,AWP,WE,Towers with Radar,0,6,74,0,80,0,5,199,0,204,0,11,273,0,284,167,0,167,451
05/25/2013,MYF,CA,AWP,WE,Towers with Radar,0,2,51,0,53,0,3,204,0,207,0,5,255,0,260,241,0,241,501
05/26/2013,MYF,CA,AWP,WE,Towers with Radar,0,3,49,1,53,0,5,173,0,178,0,8,222,1,231,311,0,311,542
05/27/2013,MYF,CA,AWP,WE,Towers with Radar,0,3,60,0,63,0,0,256,5,261,0,3,316,5,324,386,0,386,710
05/28/2013,MYF,CA,AWP,WE,Towers with Radar,0,6,68,4,78,0,4,179,0,183,0,10,247,4,261,279,0,279,540
05/29/2013,MYF,CA,AWP,WE,Towers with Radar,0,2,52,1,55,0,3,222,2,227,0,5,274,3,282,212,0,212,494
05/30/2013,MYF,CA,AWP,WE,Towers with Radar,0,3,52,0,55,0,0,3,0,3,0,3,55,0,58,0,0,0,58
05/31/2013,MYF,CA,AWP,WE,Towers with Radar,0,6,61,2,69,0,1,193,1,195,0,7,254,3,264,365,0,365,629
06/01/2013,MYF,CA,AWP,WE,Towers with Radar,0,0,53,0,53,0,1,160,0,161,0,1,213,0,214,325,0,325,539
06/02/2013,MYF,CA,AWP,WE,Towers with Radar,0,1,62,0,63,0,1,70,0,71,0,2,132,0,134,90,0,90,224
06/03/2013,MYF,CA,AWP,WE,Towers with Radar,0,4,59,1,64,0,3,171,0,174,0,7,230,1,238,190,1,191,429
06/04/2013,MYF,CA,AWP,WE,Towers with Radar,0,5,60,2,67,0,0,191,0,191,0,5,251,2,258,278,0,278,536
06/05/2013,MYF,CA,AWP,WE,Towers with Radar,0,5,74,1,80,0,1,172,1,174,0,6,246,2,254,250,0,250,504
06/06/2013,MYF,CA,AWP,WE,Towers with Radar,0,5,99,4,108,0,1,96,0,97,0,6,195,4,205,372,0,372,577
06/07/2013,MYF,CA,AWP,WE,Towers with Radar,0,5,72,1,78,0,1,128,0,129,0,6,200,1,207,257,0,257,464
06/08/2013,MYF,CA,AWP,WE,Towers with Radar,0,0,55,1,56,0,3,124,1,128,0,3,179,2,184,275,0,275,459
06/09/2013,MYF,CA,AWP,WE,Towers with Radar,0,1,52,0,53,0,2,175,2,179,0,3,227,2,232,267,0,267,499
06/10/2013,MYF,CA,AWP,WE,Towers with Radar,0,4,47,0,51,0,2,197,0,199,0,6,244,0,250,282,0,282,532
06/11/2013,MYF,CA,AWP,WE,Towers with Radar,0,7,82,2,91,0,1,180,0,181,0,8,262,2,272,221,0,221,493
06/12/2013,MYF,CA,AWP,WE,Towers with Radar,0,2,99,1,102,0,0,7,0,7,0,2,106,1,109,0,0,0,109
06/13/2013,MYF,CA,AWP,WE,Towers with Radar,0,4,81,1,86,0,3,192,0,195,0,7,273,1,281,331,0,331,612
06/14/2013,MYF,CA,AWP,WE,Towers with Radar,0,4,90,2,96,0,2,205,0,207,0,6,295,2,303,229,0,229,532
06/15/2013,MYF,CA,AWP,WE,Towers with Radar,0,1,51,0,52,0,1,253,0,254,0,2,304,0,306,240,0,240,546
06/16/2013,MYF,CA,AWP,WE,Towers with Radar,0,0,55,0,55,0,1,235,0,236,0,1,290,0,291,184,0,184,475
06/17/2013,MYF,CA,AWP,WE,Towers with Radar,0,5,68,0,73,0,1,194,0,195,0,6,262,0,268,266,0,266,534
06/18/2013,MYF,CA,AWP,WE,Towers with Radar,0,5,54,5,64,0,0,194,0,194,0,5,248,5,258,240,0,240,498
06/19/2013,MYF,CA,AWP,WE,Towers with Radar,0,5,61,1,67,0,2,249,0,251,0,7,310,1,318,209,0,209,527
06/20/2013,MYF,CA,AWP,WE,Towers with Radar,0,6,70,2,78,0,1,204,2,207,0,7,274,4,285,114,0,114,399
06/21/2013,MYF,CA,AWP,WE,Towers with Radar,0,6,55,4,65,0,2,225,2,229,0,8,280,6,294,176,3,179,473
06/22/2013,MYF,CA,AWP,WE,Towers with Radar,0,0,52,2,54,0,3,202,0,205,0,3,254,2,259,198,0,198,457
06/23/2013,MYF,CA,AWP,WE,Towers with Radar,0,1,73,1,75,0,2,183,0,185,0,3,256,1,260,233,0,233,493
06/24/2013,MYF,CA,AWP,WE,Towers with Radar,0,4,84,0,88,0,1,163,0,164,0,5,247,0,252,289,0,289,541
06/25/2013,MYF,CA,AWP,WE,Towers with Radar,0,2,74,4,80,0,4,199,0,203,0,6,273,4,283,233,0,233,516
06/26/2013,MYF,CA,AWP,WE,Towers with Radar,0,5,63,3,71,0,2,207,1,210,0,7,270,4,281,215,0,215,496
06/27/2013,MYF,CA,AWP,WE,Towers with Radar,0,4,72,4,80,0,0,0,2,2,0,4,72,6,82,0,0,0,82
06/28/2013,MYF,CA,AWP,WE,Towers with Radar,0,5,69,1,75,0,2,239,0,241,0,7,308,1,316,280,0,280,596
06/29/2013,MYF,CA,AWP,WE,Towers with Radar,0,0,60,1,61,0,1,222,0,223,0,1,282,1,284,250,0,250,534
06/30/2013,MYF,CA,AWP,WE,Towers with Radar,0,0,54,0,54,0,0,181,0,181,0,0,235,0,235,119,0,119,354
07/01/2013,MYF,CA,AWP,WE,Towers with Radar,0,6,54,2,62,0,1,209,2,212,0,7,263,4,274,239,0,239,513
07/02/2013,MYF,CA,AWP,WE,Towers with Radar,0,5,82,4,91,0,2,102,0,104,0,7,184,4,195,302,0,302,497
07/03/2013,MYF,CA,AWP,WE,Towers with Radar,0,2,78,0,80,0,1,265,0,266,0,3,343,0,346,351,0,351,697
07/04/2013,MYF,CA,AWP,WE,Towers with Radar,0,3,36,0,39,0,0,121,0,121,0,3,157,0,160,162,0,162,322
07/05/2013,MYF,CA,AWP,WE,Towers with Radar,0,5,59,0,64,0,0,165,0,165,0,5,224,0,229,290,0,290,519
07/06/2013,MYF,CA,AWP,WE,Towers with Radar,0,4,61,0,65,0,3,176,0,179,0,7,237,0,244,273,0,273,517
07/07/2013,MYF,CA,AWP,WE,Towers with Radar,0,0,56,0,56,0,0,121,0,121,0,0,177,0,177,82,1,83,260
07/08/2013,MYF,CA,AWP,WE,Towers with Radar,0,6,72,7,85,0,5,137,1,143,0,11,209,8,228,378,4,382,610
07/09/2013,MYF,CA,AWP,WE,Towers with Radar,0,10,70,2,82,0,1,193,0,194,0,11,263,2,276,292,0,292,568
07/10/2013,MYF,CA,AWP,WE,Towers with Radar,0,2,73,2,77,0,5,174,1,180,0,7,247,3,257,288,0,288,545
07/11/2013,MYF,CA,AWP,WE,Towers with Radar,0,6,67,2,75,0,2,152,0,154,0,8,219,2,229,148,0,148,377
07/12/2013,MYF,CA,AWP,WE,Towers with Radar,0,6,66,0,72,0,3,250,0,253,0,9,316,0,325,344,0,344,669
07/13/2013,MYF,CA,AWP,WE,Towers with Radar,0,1,53,2,56,0,1,217,0,218,0,2,270,2,274,366,0,366,640
07/14/2013,MYF,CA,AWP,WE,Towers with Radar,0,8,61,0,69,0,5,217,0,222,0,13,278,0,291,216,0,216,507
07/15/2013,MYF,CA,AWP,WE,Towers with Radar,0,9,58,0,67,0,2,171,0,173,0,11,229,0,240,234,0,234,474
07/16/2013,MYF,CA,AWP,WE,Towers with Radar,0,5,73,0,78,0,2,218,0,220,0,7,291,0,298,300,0,300,598
07/17/2013,MYF,CA,AWP,WE,Towers with Radar,0,5,72,0,77,0,3,243,0,246,0,8,315,0,323,322,0,322,645
07/18/2013,MYF,CA,AWP,WE,Towers with Radar,0,7,56,0,63,0,3,241,0,244,0,10,297,0,307,345,0,345,652
07/19/2013,MYF,CA,AWP,WE,Towers with Radar,0,5,65,3,73,0,0,195,0,195,0,5,260,3,268,351,0,351,619
07/20/2013,MYF,CA,AWP,WE,Towers with Radar,0,1,82,0,83,0,1,166,0,167,0,2,248,0,250,338,0,338,588
07/21/2013,MYF,CA,AWP,WE,Towers with Radar,0,3,62,0,65,0,0,136,0,136,0,3,198,0,201,217,0,217,418
07/22/2013,MYF,CA,AWP,WE,Towers with Radar,0,4,64,2,70,0,0,213,0,213,0,4,277,2,283,298,0,298,581
07/23/2013,MYF,CA,AWP,WE,Towers with Radar,0,5,73,3,81,0,4,201,1,206,0,9,274,4,287,278,0,278,565
07/24/2013,MYF,CA,AWP,WE,Towers with Radar,0,6,89,4,99,0,3,220,1,224,0,9,309,5,323,179,0,179,502
07/25/2013,MYF,CA,AWP,WE,Towers with Radar,0,7,69,3,79,0,3,237,0,240,0,10,306,3,319,243,0,243,562
07/26/2013,MYF,CA,AWP,WE,Towers with Radar,0,6,74,4,84,0,2,205,1,208,0,8,279,5,292,294,0,294,586
07/27/2013,MYF,CA,AWP,WE,Towers with Radar,0,2,79,0,81,0,1,171,0,172,0,3,250,0,253,290,0,290,543
07/28/2013,MYF,CA,AWP,WE,Towers with Radar,0,3,46,0,49,0,3,210,0,213,0,6,256,0,262,227,0,227,489
07/29/2013,MYF,CA,AWP,WE,Towers with Radar,0,4,57,3,64,0,0,171,0,171,0,4,228,3,235,302,0,302,537
07/30/2013,MYF,CA,AWP,WE,Towers with Radar,0,7,58,1,66,0,5,196,0,201,0,12,254,1,267,277,0,277,544
07/31/2013,MYF,CA,AWP,WE,Towers with Radar,0,7,100,2,109,0,4,161,0,165,0,11,261,2,274,273,0,273,547
08/01/2013,MYF,CA,AWP,WE,Towers with Radar,0,7,75,5,87,0,2,152,0,154,0,9,227,5,241,203,0,203,444
08/02/2013,MYF,CA,AWP,WE,Towers with Radar,0,5,53,2,60,0,1,255,0,256,0,6,308,2,316,228,0,228,544
08/03/2013,MYF,CA,AWP,WE,Towers with Radar,0,5,46,0,51,0,5,208,2,215,0,10,254,2,266,224,0,224,490
08/04/2013,MYF,CA,AWP,WE,Towers with Radar,0,2,69,0,71,0,1,158,0,159,0,3,227,0,230,134,0,134,364
08/05/2013,MYF,CA,AWP,WE,Towers with Radar,0,5,65,0,70,0,2,136,0,138,0,7,201,0,208,230,0,230,438
08/06/2013,MYF,CA,AWP,WE,Towers with Radar,0,2,62,3,67,0,5,185,0,190,0,7,247,3,257,318,0,318,575
08/07/2013,MYF,CA,AWP,WE,Towers with Radar,0,6,56,4,66,0,7,195,1,203,0,13,251,5,269,301,0,301,570
08/08/2013,MYF,CA,AWP,WE,Towers with Radar,0,2,77,3,82,0,6,234,5,245,0,8,311,8,327,272,0,272,599
08/09/2013,MYF,CA,AWP,WE,Towers with Radar,2,8,65,1,76,0,7,216,0,223,2,15,281,1,299,409,0,409,708
08/10/2013,MYF,CA,AWP,WE,Towers with Radar,0,0,69,2,71,0,0,264,0,264,0,0,333,2,335,310,0,310,645
08/11/2013,MYF,CA,AWP,WE,Towers with Radar,0,2,53,0,55,0,1,218,0,219,0,3,271,0,274,206,0,206,480
08/12/2013,MYF,CA,AWP,WE,Towers with Radar,0,8,47,2,57,0,0,158,2,160,0,8,205,4,217,303,0,303,520
08/13/2013,MYF,CA,AWP,WE,Towers with Radar,0,4,73,0,77,0,0,202,0,202,0,4,275,0,279,168,1,169,448
08/14/2013,MYF,CA,AWP,WE,Towers with Radar,0,3,72,0,75,0,6,185,1,192,0,9,257,1,267,311,0,311,578
08/15/2013,MYF,CA,AWP,WE,Towers with Radar,0,5,66,1,72,0,2,189,0,191,0,7,255,1,263,378,0,378,641
08/16/2013,MYF,CA,AWP,WE,Towers with Radar,0,7,68,2,77,0,1,254,0,255,0,8,322,2,332,363,0,363,695
08/17/2013,MYF,CA,AWP,WE,Towers with Radar,0,2,68,0,70,0,3,246,0,249,0,5,314,0,319,264,0,264,583
08/18/2013,MYF,CA,AWP,WE,Towers with Radar,0,0,51,0,51,0,1,245,1,247,0,1,296,1,298,183,0,183,481
08/19/2013,MYF,CA,AWP,WE,Towers with Radar,0,5,67,1,73,0,1,168,1,170,0,6,235,2,243,334,0,334,577
08/20/2013,MYF,CA,AWP,WE,Towers with Radar,0,2,66,4,72,0,3,176,2,181,0,5,242,6,253,359,1,360,613
08/21/2013,MYF,CA,AWP,WE,Towers with Radar,0,3,64,0,67,0,2,229,0,231,0,5,293,0,298,451,0,451,749
08/22/2013,MYF,CA,AWP,WE,Towers with Radar,0,2,72,1,75,0,3,213,1,217,0,5,285,2,292,394,0,394,686
08/23/2013,MYF,CA,AWP,WE,Towers with Radar,0,7,65,1,73,0,5,274,0,279,0,12,339,1,352,560,0,560,912
08/24/2013,MYF,CA,AWP,WE,Towers with Radar,0,5,47,0,52,0,2,227,2,231,0,7,274,2,283,230,0,230,513
08/25/2013,MYF,CA,AWP,WE,Towers with Radar,0,6,56,0,62,0,2,208,1,211,0,8,264,1,273,215,0,215,488
08/26/2013,MYF,CA,AWP,WE,Towers with Radar,0,8,45,0,53,0,2,163,1,166,0,10,208,1,219,377,0,377,596
08/27/2013,MYF,CA,AWP,WE,Towers with Radar,0,2,53,1,56,0,3,307,0,310,0,5,360,1,366,414,1,415,781
08/28/2013,MYF,CA,AWP,WE,Towers with Radar,0,7,57,0,64,0,3,285,0,288,0,10,342,0,352,406,1,407,759
08/29/2013,MYF,CA,AWP,WE,Towers with Radar,0,5,59,0,64,0,6,234,0,240,0,11,293,0,304,359,0,359,663
08/30/2013,MYF,CA,AWP,WE,Towers with Radar,0,10,55,0,65,0,3,213,0,216,0,13,268,0,281,306,0,306,587
08/31/2013,MYF,CA,AWP,WE,Towers with Radar,0,3,37,0,40,0,1,194,1,196,0,4,231,1,236,158,0,158,394
09/01/2013,MYF,CA,AWP,WE,Towers with Radar,0,0,36,0,36,0,2,176,0,178,0,2,212,0,214,122,0,122,336
09/02/2013,MYF,CA,AWP,WE,Towers with Radar,0,5,50,1,56,0,0,178,0,178,0,5,228,1,234,302,0,302,536
09/03/2013,MYF,CA,AWP,WE,Towers with Radar,0,5,48,1,54,0,4,256,1,261,0,9,304,2,315,354,0,354,669
09/04/2013,MYF,CA,AWP,WE,Towers with Radar,0,6,57,0,63,0,4,209,1,214,0,10,266,1,277,281,0,281,558
09/05/2013,MYF,CA,AWP,WE,Towers with Radar,0,8,51,0,59,0,3,194,0,197,0,11,245,0,256,310,0,310,566
09/06/2013,MYF,CA,AWP,WE,Towers with Radar,0,4,55,0,59,0,3,220,0,223,0,7,275,0,282,267,0,267,549
09/07/2013,MYF,CA,AWP,WE,Towers with Radar,0,2,39,0,41,0,2,196,2,200,0,4,235,2,241,318,0,318,559
09/08/2013,MYF,CA,AWP,WE,Towers with Radar,0,0,39,0,39,0,3,226,1,230,0,3,265,1,269,286,0,286,555
09/09/2013,MYF,CA,AWP,WE,Towers with Radar,0,6,53,0,59,0,7,150,0,157,0,13,203,0,216,128,0,128,344
09/10/2013,MYF,CA,AWP,WE,Towers with Radar,0,3,60,1,64,0,3,198,0,201,0,6,258,1,265,246,0,246,511
09/11/2013,MYF,CA,AWP,WE,Towers with Radar,0,2,67,2,71,0,4,195,1,200,0,6,262,3,271,193,0,193,464
09/12/2013,MYF,CA,AWP,WE,Towers with Radar,0,3,74,1,78,0,2,223,1,226,0,5,297,2,304,292,0,292,596
09/13/2013,MYF,CA,AWP,WE,Towers with Radar,1,6,60,0,67,1,3,235,0,239,2,9,295,0,306,273,0,273,579
09/14/2013,MYF,CA,AWP,WE,Towers with Radar,0,2,60,3,65,0,0,243,3,246,0,2,303,6,311,244,4,248,559
09/15/2013,MYF,CA,AWP,WE,Towers with Radar,0,0,38,0,38,0,1,204,0,205,0,1,242,0,243,179,0,179,422
09/16/2013,MYF,CA,AWP,WE,Towers with Radar,0,9,45,0,54,0,3,166,0,169,0,12,211,0,223,182,0,182,405
09/17/2013,MYF,CA,AWP,WE,Towers with Radar,0,6,73,3,82,0,3,202,0,205,0,9,275,3,287,314,0,314,601
09/18/2013,MYF,CA,AWP,WE,Towers with Radar,0,6,70,1,77,0,3,219,0,222,0,9,289,1,299,242,0,242,541
09/19/2013,MYF,CA,AWP,WE,Towers with Radar,0,5,59,2,66,0,0,4,0,4,0,5,63,2,70,0,0,0,70
09/20/2013,MYF,CA,AWP,WE,Towers with Radar,0,7,111,3,121,0,2,84,1,87,0,9,195,4,208,241,0,241,449
09/21/2013,MYF,CA,AWP,WE,Towers with Radar,0,0,57,0,57,0,0,184,0,184,0,0,241,0,241,195,0,195,436
09/22/2013,MYF,CA,AWP,WE,Towers with Radar,0,0,59,0,59,0,0,206,0,206,0,0,265,0,265,168,6,174,439
09/23/2013,MYF,CA,AWP,WE,Towers with Radar,0,4,54,1,59,0,5,206,0,211,0,9,260,1,270,266,0,266,536
09/24/2013,MYF,CA,AWP,WE,Towers with Radar,0,4,50,0,54,0,1,234,4,239,0,5,284,4,293,208,0,208,501
09/25/2013,MYF,CA,AWP,WE,Towers with Radar,0,2,61,0,63,0,4,167,1,172,0,6,228,1,235,197,0,197,432
09/26/2013,MYF,CA,AWP,WE,Towers with Radar,0,4,83,14,101,0,1,132,0,133,0,5,215,14,234,235,0,235,469
09/27/2013,MYF,CA,AWP,WE,Towers with Radar,0,6,63,0,69,0,5,227,0,232,0,11,290,0,301,279,0,279,580
09/28/2013,MYF,CA,AWP,WE,Towers with Radar,0,0,64,0,64,0,2,294,0,296,0,2,358,0,360,141,0,141,501
09/29/2013,MYF,CA,AWP,WE,Towers with Radar,0,2,66,0,68,0,1,298,0,299,0,3,364,0,367,194,0,194,561
09/30/2013,MYF,CA,AWP,WE,Towers with Radar,0,6,39,1,46,0,2,179,1,182,0,8,218,2,228,214,0,214,442
10/01/2013,MYF,CA,AWP,WE,Towers with Radar,0,3,37,0,40,0,2,198,0,200,0,5,235,0,240,166,1,167,407
10/02/2013,MYF,CA,AWP,WE,Towers with Radar,0,6,75,4,85,0,4,208,0,212,0,10,283,4,297,364,0,364,661
10/03/2013,MYF,CA,AWP,WE,Towers with Radar,0,6,80,4,90,0,2,124,1,127,0,8,204,5,217,206,0,206,423
10/04/2013,MYF,CA,AWP,WE,Towers with Radar,1,7,42,0,50,0,2,179,0,181,1,9,221,0,231,277,0,277,508
10/05/2013,MYF,CA,AWP,WE,Towers with Radar,0,0,14,0,14,0,1,211,0,212,0,1,225,0,226,298,0,298,524
10/06/2013,MYF,CA,AWP,WE,Towers with Radar,0,1,30,0,31,0,3,254,0,257,0,4,284,0,288,223,0,223,511
10/07/2013,MYF,CA,AWP,WE,Towers with Radar,0,8,59,0,67,0,4,230,0,234,0,12,289,0,301,324,0,324,625
10/08/2013,MYF,CA,AWP,WE,Towers with Radar,0,7,83,0,90,0,5,134,0,139,0,12,217,0,229,236,0,236,465
10/09/2013,MYF,CA,AWP,WE,Towers with Radar,0,3,50,3,56,0,0,55,1,56,0,3,105,4,112,97,0,97,209
10/10/2013,MYF,CA,AWP,WE,Towers with Radar,0,9,56,7,72,0,5,143,1,149,0,14,199,8,221,331,1,332,553
10/11/2013,MYF,CA,AWP,WE,Towers with Radar,0,10,52,1,63,0,2,276,2,280,0,12,328,3,343,280,0,280,623
10/12/2013,MYF,CA,AWP,WE,Towers with Radar,0,5,67,0,72,0,1,258,0,259,0,6,325,0,331,264,0,264,595
10/13/2013,MYF,CA,AWP,WE,Towers with Radar,0,4,55,0,59,0,2,239,0,241,0,6,294,0,300,240,0,240,540
10/14/2013,MYF,CA,AWP,WE,Towers with Radar,0,5,54,0,59,0,3,268,0,271,0,8,322,0,330,254,0,254,584
10/15/2013,MYF,CA,AWP,WE,Towers with Radar,0,6,46,2,54,0,6,229,0,235,0,12,275,2,289,359,0,359,648
10/16/2013,MYF,CA,AWP,WE,Towers with Radar,0,5,55,0,60,0,3,236,0,239,0,8,291,0,299,362,0,362,661
10/17/2013,MYF,CA,AWP,WE,Towers with Radar,0,4,55,0,59,0,4,202,0,206,0,8,257,0,265,254,0,254,519
10/18/2013,MYF,CA,AWP,WE,Towers with Radar,0,5,46,0,51,0,0,239,0,239,0,5,285,0,290,263,0,263,553
10/19/2013,MYF,CA,AWP,WE,Towers with Radar,0,0,44,2,46,0,3,282,2,287,0,3,326,4,333,206,0,206,539
10/20/2013,MYF,CA,AWP,WE,Towers with Radar,0,3,47,0,50,0,1,222,0,223,0,4,269,0,273,282,0,282,555
10/21/2013,MYF,CA,AWP,WE,Towers with Radar,0,8,48,0,56,0,7,185,0,192,0,15,233,0,248,162,0,162,410
10/22/2013,MYF,CA,AWP,WE,Towers with Radar,0,3,84,2,89,0,2,152,0,154,0,5,236,2,243,192,0,192,435
10/23/2013,MYF,CA,AWP,WE,Towers with Radar,0,4,104,10,118,0,3,106,0,109,0,7,210,10,227,466,0,466,693
10/24/2013,MYF,CA,AWP,WE,Towers with Radar,0,4,102,5,111,0,2,76,0,78,0,6,178,5,189,349,0,349,538
10/25/2013,MYF,CA,AWP,WE,Towers with Radar,0,4,71,4,79,0,5,205,0,210,0,9,276,4,289,262,0,262,551
10/26/2013,MYF,CA,AWP,WE,Towers with Radar,0,1,72,0,73,0,0,148,0,148,0,1,220,0,221,189,0,189,410
10/27/2013,MYF,CA,AWP,WE,Towers with Radar,0,1,63,0,64,0,0,137,0,137,0,1,200,0,201,232,0,232,433
10/28/2013,MYF,CA,AWP,WE,Towers with Radar,0,6,58,11,75,0,2,54,0,56,0,8,112,11,131,128,0,128,259
10/29/2013,MYF,CA,AWP,WE,Towers with Radar,0,2,79,5,86,0,2,156,2,160,0,4,235,7,246,379,0,379,625
10/30/2013,MYF,CA,AWP,WE,Towers with Radar,0,2,76,3,81,0,3,244,0,247,0,5,320,3,328,383,0,383,711
10/31/2013,MYF,CA,AWP,WE,Towers with Radar,0,2,43,0,45,0,2,182,3,187,0,4,225,3,232,287,14,301,533
11/01/2013,MYF,CA,AWP,WE,Towers with Radar,0,3,52,1,56,0,6,225,2,233,0,9,277,3,289,239,0,239,528
11/02/2013,MYF,CA,AWP,WE,Towers with Radar,0,1,43,1,45,0,1,262,0,263,0,2,305,1,308,269,0,269,577
11/03/2013,MYF,CA,AWP,WE,Towers with Radar,0,0,82,0,82,0,1,161,0,162,0,1,243,0,244,280,0,280,524
11/04/2013,MYF,CA,AWP,WE,Towers with Radar,0,5,50,5,60,0,6,129,0,135,0,11,179,5,195,230,0,230,425
11/05/2013,MYF,CA,AWP,WE,Towers with Radar,0,13,50,1,64,0,6,215,0,221,0,19,265,1,285,282,0,282,567
11/06/2013,MYF,CA,AWP,WE,Towers with Radar,0,3,54,3,60,0,2,274,3,279,0,5,328,6,339,268,0,268,607
11/07/2013,MYF,CA,AWP,WE,Towers with Radar,0,13,61,2,76,0,8,245,0,253,0,21,306,2,329,236,0,236,565
11/08/2013,MYF,CA,AWP,WE,Towers with Radar,0,7,64,1,72,0,3,251,1,255,0,10,315,2,327,398,0,398,725
11/09/2013,MYF,CA,AWP,WE,Towers with Radar,0,3,63,0,66,0,0,292,0,292,0,3,355,0,358,272,0,272,630
11/10/2013,MYF,CA,AWP,WE,Towers with Radar,0,1,63,0,64,0,4,244,0,248,0,5,307,0,312,260,1,261,573
11/11/2013,MYF,CA,AWP,WE,Towers with Radar,1,2,64,0,67,0,7,200,0,207,1,9,264,0,274,343,0,343,617
11/12/2013,MYF,CA,AWP,WE,Towers with Radar,0,11,66,0,77,0,2,182,0,184,0,13,248,0,261,280,0,280,541
11/13/2013,MYF,CA,AWP,WE,Towers with Radar,0,4,63,1,68,0,1,246,0,247,0,5,309,1,315,339,2,341,656
11/14/2013,MYF,CA,AWP,WE,Towers with Radar,0,3,64,0,67,0,1,222,2,225,0,4,286,2,292,258,0,258,550
11/15/2013,MYF,CA,AWP,WE,Towers with Radar,0,4,65,5,74,0,4,45,0,49,0,8,110,5,123,136,0,136,259
11/16/2013,MYF,CA,AWP,WE,Towers with Radar,0,2,67,1,70,0,0,129,0,129,0,2,196,1,199,145,0,145,344
11/17/2013,MYF,CA,AWP,WE,Towers with Radar,0,0,66,0,66,0,0,209,0,209,0,0,275,0,275,288,0,288,563
11/18/2013,MYF,CA,AWP,WE,Towers with Radar,0,7,72,2,81,0,2,141,0,143,0,9,213,2,224,387,0,387,611
11/19/2013,MYF,CA,AWP,WE,Towers with Radar,0,7,75,4,86,0,1,146,0,147,0,8,221,4,233,392,0,392,625
11/20/2013,MYF,CA,AWP,WE,Towers with Radar,0,2,89,2,93,0,3,182,1,186,0,5,271,3,279,464,0,464,743
11/21/2013,MYF,CA,AWP,WE,Towers with Radar,0,7,59,5,71,0,1,29,0,30,0,8,88,5,101,72,0,72,173
11/22/2013,MYF,CA,AWP,WE,Towers with Radar,0,4,33,0,37,0,2,70,0,72,0,6,103,0,109,129,0,129,238
11/23/2013,MYF,CA,AWP,WE,Towers with Radar,0,2,52,2,56,0,1,217,0,218,0,3,269,2,274,270,0,270,544
11/24/2013,MYF,CA,AWP,WE,Towers with Radar,0,0,62,0,62,0,1,203,1,205,0,1,265,1,267,272,0,272,539
11/25/2013,MYF,CA,AWP,WE,Towers with Radar,0,4,53,1,58,0,4,251,1,256,0,8,304,2,314,310,0,310,624
11/26/2013,MYF,CA,AWP,WE,Towers with Radar,0,3,56,0,59,0,4,279,4,287,0,7,335,4,346,252,0,252,598
11/27/2013,MYF,CA,AWP,WE,Towers with Radar,0,9,71,1,81,0,8,231,0,239,0,17,302,1,320,314,0,314,634
11/28/2013,MYF,CA,AWP,WE,Towers with Radar,0,6,12,0,18,0,6,95,0,101,0,12,107,0,119,62,0,62,181
11/29/2013,MYF,CA,AWP,WE,Towers with Radar,0,4,33,0,37,0,1,85,0,86,0,5,118,0,123,206,0,206,329
11/30/2013,MYF,CA,AWP,WE,Towers with Radar,0,0,53,0,53,0,4,236,1,241,0,4,289,1,294,187,0,187,481
12/01/2013,MYF,CA,AWP,WE,Towers with Radar,0,4,51,0,55,0,1,207,0,208,0,5,258,0,263,276,0,276,539
12/02/2013,MYF,CA,AWP,WE,Towers with Radar,0,6,48,0,54,0,3,183,0,186,0,9,231,0,240,246,2,248,488
12/03/2013,MYF,CA,AWP,WE,Towers with Radar,0,3,54,3,60,0,3,72,0,75,0,6,126,3,135,177,0,177,312
12/04/2013,MYF,CA,AWP,WE,Towers with Radar,0,4,55,1,60,0,1,138,0,139,0,5,193,1,199,229,0,229,428
12/05/2013,MYF,CA,AWP,WE,Towers with Radar,0,4,50,3,57,0,4,172,0,176,0,8,222,3,233,332,0,332,565
12/06/2013,MYF,CA,AWP,WE,Towers with Radar,0,14,41,1,56,0,2,142,0,144,0,16,183,1,200,267,1,268,468
12/07/2013,MYF,CA,AWP,WE,Towers with Radar,0,1,22,0,23,0,0,30,0,30,0,1,52,0,53,61,0,61,114
12/08/2013,MYF,CA,AWP,WE,Towers with Radar,0,5,44,0,49,0,2,211,0,213,0,7,255,0,262,346,0,346,608
12/09/2013,MYF,CA,AWP,WE,Towers with Radar,0,5,55,1,61,0,2,172,0,174,0,7,227,1,235,285,0,285,520
12/10/2013,MYF,CA,AWP,WE,Towers with Radar,0,3,58,0,61,0,1,210,0,211,0,4,268,0,272,459,0,459,731
12/11/2013,MYF,CA,AWP,WE,Towers with Radar,0,4,57,0,61,0,2,194,0,196,0,6,251,0,257,474,0,474,731
12/12/2013,MYF,CA,AWP,WE,Towers with Radar,0,2,58,0,60,0,0,202,1,203,0,2,260,1,263,280,0,280,543
12/13/2013,MYF,CA,AWP,WE,Towers with Radar,0,5,81,0,86,0,0,251,0,251,0,5,332,0,337,361,0,361,698
12/14/2013,MYF,CA,AWP,WE,Towers with Radar,0,2,41,0,43,0,4,259,0,263,0,6,300,0,306,305,0,305,611
12/15/2013,MYF,CA,AWP,WE,Towers with Radar,0,0,44,0,44,0,3,223,3,229,0,3,267,3,273,245,0,245,518
12/16/2013,MYF,CA,AWP,WE,Towers with Radar,0,7,63,0,70,0,4,194,0,198,0,11,257,0,268,243,0,243,511
12/17/2013,MYF,CA,AWP,WE,Towers with Radar,0,3,65,1,69,0,5,200,0,205,0,8,265,1,274,241,0,241,515
12/18/2013,MYF,CA,AWP,WE,Towers with Radar,0,7,68,2,77,0,7,225,1,233,0,14,293,3,310,263,0,263,573
12/19/2013,MYF,CA,AWP,WE,Towers with Radar,0,10,44,0,54,0,0,21,0,21,0,10,65,0,75,44,0,44,119
12/20/2013,MYF,CA,AWP,WE,Towers with Radar,0,6,55,0,61,0,1,186,0,187,0,7,241,0,248,275,0,275,523
12/21/2013,MYF,CA,AWP,WE,Towers with Radar,0,1,43,1,45,0,1,191,0,192,0,2,234,1,237,288,0,288,525
12/22/2013,MYF,CA,AWP,WE,Towers with Radar,0,0,49,0,49,0,4,245,2,251,0,4,294,2,300,259,0,259,559
12/23/2013,MYF,CA,AWP,WE,Towers with Radar,0,6,43,0,49,0,1,219,0,220,0,7,262,0,269,309,0,309,578
12/24/2013,MYF,CA,AWP,WE,Towers with Radar,0,4,25,0,29,0,1,148,0,149,0,5,173,0,178,80,0,80,258
12/25/2013,MYF,CA,AWP,WE,Towers with Radar,0,2,14,0,16,0,1,49,0,50,0,3,63,0,66,63,0,63,129
12/26/2013,MYF,CA,AWP,WE,Towers with Radar,0,7,38,0,45,0,1,219,0,220,0,8,257,0,265,194,0,194,459
12/27/2013,MYF,CA,AWP,WE,Towers with Radar,0,4,47,0,51,0,1,245,0,246,0,5,292,0,297,247,0,247,544
12/28/2013,MYF,CA,AWP,WE,Towers with Radar,0,1,49,1,51,0,2,185,0,187,0,3,234,1,238,259,0,259,497
12/29/2013,MYF,CA,AWP,WE,Towers with Radar,0,0,34,0,34,0,1,229,1,231,0,1,263,1,265,263,1,264,529
12/30/2013,MYF,CA,AWP,WE,Towers with Radar,0,8,54,0,62,0,1,225,0,226,0,9,279,0,288,250,0,250,538
12/31/2013,MYF,CA,AWP,WE,Towers with Radar,0,5,38,0,43,0,1,242,0,243,0,6,280,0,286,321,0,321,607
01/01/2014,MYF,CA,AWP,WE,Towers with Radar,0,0,18,0,18,0,5,128,0,133,0,5,146,0,151,97,0,97,248
01/02/2014,MYF,CA,AWP,WE,Towers with Radar,0,3,41,0,44,0,1,213,0,214,0,4,254,0,258,359,0,359,617
01/03/2014,MYF,CA,AWP,WE,Towers with Radar,0,9,49,0,58,0,1,231,0,232,0,10,280,0,290,392,0,392,682
01/04/2014,MYF,CA,AWP,WE,Towers with Radar,0,1,41,0,42,0,2,204,0,206,0,3,245,0,248,278,0,278,526
01/05/2014,MYF,CA,AWP,WE,Towers with Radar,0,2,44,0,46,0,4,178,0,182,0,6,222,0,228,223,0,223,451
01/06/2014,MYF,CA,AWP,WE,Towers with Radar,0,7,23,0,30,0,4,203,2,209,0,11,226,2,239,222,0,222,461
01/07/2014,MYF,CA,AWP,WE,Towers with Radar,0,2,45,1,48,0,4,200,0,204,0,6,245,1,252,191,0,191,443
01/08/2014,MYF,CA,AWP,WE,Towers with Radar,0,6,75,1,82,0,4,145,3,152,0,10,220,4,234,284,0,284,518
01/09/2014,MYF,CA,AWP,WE,Towers with Radar,0,3,86,1,90,0,3,152,1,156,0,6,238,2,246,268,0,268,514
01/10/2014,MYF,CA,AWP,WE,Towers with Radar,0,10,59,0,69,0,3,230,0,233,0,13,289,0,302,283,0,283,585
01/11/2014,MYF,CA,AWP,WE,Towers with Radar,0,1,52,0,53,0,2,265,0,267,0,3,317,0,320,288,0,288,608
01/12/2014,MYF,CA,AWP,WE,Towers with Radar,0,3,27,0,30,0,2,121,0,123,0,5,148,0,153,326,0,326,479
01/13/2014,MYF,CA,AWP,WE,Towers with Radar,0,5,67,1,73,0,3,160,10,173,0,8,227,11,246,338,0,338,584
01/14/2014,MYF,CA,AWP,WE,Towers with Radar,0,2,42,0,44,0,3,145,0,148,0,5,187,0,192,200,0,200,392
01/15/2014,MYF,CA,AWP,WE,Towers with Radar,0,3,65,2,70,0,2,179,0,181,0,5,244,2,251,312,0,312,563
01/16/2014,MYF,CA,AWP,WE,Towers with Radar,1,2,95,0,98,0,2,183,1,186,1,4,278,1,284,361,0,361,645
01/17/2014,MYF,CA,AWP,WE,Towers with Radar,0,4,68,0,72,0,2,246,0,248,0,6,314,0,320,328,0,328,648
01/18/2014,MYF,CA,AWP,WE,Towers with Radar,0,1,55,0,56,0,1,255,0,256,0,2,310,0,312,232,0,232,544
01/19/2014,MYF,CA,AWP,WE,Towers with Radar,0,1,35,0,36,0,1,239,0,240,0,2,274,0,276,269,0,269,545
01/20/2014,MYF,CA,AWP,WE,Towers with Radar,0,0,66,0,66,0,1,270,0,271,0,1,336,0,337,234,0,234,571
01/21/2014,MYF,CA,AWP,WE,Towers with Radar,0,4,47,2,53,0,5,215,0,220,0,9,262,2,273,295,0,295,568
01/22/2014,MYF,CA,AWP,WE,Towers with Radar,0,6,63,2,71,0,1,224,2,227,0,7,287,4,298,287,0,287,585
01/23/2014,MYF,CA,AWP,WE,Towers with Radar,0,3,67,3,73,0,6,197,1,204,0,9,264,4,277,306,0,306,583
01/24/2014,MYF,CA,AWP,WE,Towers with Radar,0,4,57,2,63,0,2,161,1,164,0,6,218,3,227,289,0,289,516
01/25/2014,MYF,CA,AWP,WE,Towers with Radar,0,0,43,0,43,0,4,279,0,283,0,4,322,0,326,354,0,354,680
01/26/2014,MYF,CA,AWP,WE,Towers with Radar,0,6,61,2,69,0,1,199,2,202,0,7,260,4,271,317,0,317,588
01/27/2014,MYF,CA,AWP,WE,Towers with Radar,0,10,62,0,72,0,1,150,0,151,0,11,212,0,223,197,0,197,420
01/28/2014,MYF,CA,AWP,WE,Towers with Radar,0,3,75,0,78,0,4,144,0,148,0,7,219,0,226,276,0,276,502
01/29/2014,MYF,CA,AWP,WE,Towers with Radar,0,7,69,0,76,0,9,188,1,198,0,16,257,1,274,278,0,278,552
01/30/2014,MYF,CA,AWP,WE,Towers with Radar,0,10,50,4,64,0,0,14,0,14,0,10,64,4,78,6,0,6,84
01/31/2014,MYF,CA,AWP,WE,Towers with Radar,0,5,65,0,70,0,2,72,0,74,0,7,137,0,144,200,0,200,344
02/01/2014,MYF,CA,AWP,WE,Towers with Radar,0,1,44,0,45,0,1,276,0,277,0,2,320,0,322,249,0,249,571
02/02/2014,MYF,CA,AWP,WE,Towers with Radar,0,0,34,0,34,0,0,188,0,188,0,0,222,0,222,269,0,269,491
02/03/2014,MYF,CA,AWP,WE,Towers with Radar,0,8,51,0,59,0,3,137,0,140,0,11,188,0,199,197,0,197,396
02/04/2014,MYF,CA,AWP,WE,Towers with Radar,0,8,70,0,78,0,2,169,0,171,0,10,239,0,249,296,0,296,545
02/05/2014,MYF,CA,AWP,WE,Towers with Radar,0,3,85,0,88,0,4,260,0,264,0,7,345,0,352,416,0,416,768
02/06/2014,MYF,CA,AWP,WE,Towers with Radar,0,13,54,3,70,0,3,117,0,120,0,16,171,3,190,210,0,210,400
02/07/2014,MYF,CA,AWP,WE,Towers with Radar,0,5,61,2,68,0,2,144,2,148,0,7,205,4,216,342,0,342,558
02/08/2014,MYF,CA,AWP,WE,Towers with Radar,0,1,48,0,49,0,1,313,0,314,0,2,361,0,363,204,0,204,567
02/09/2014,MYF,CA,AWP,WE,Towers with Radar,0,2,73,0,75,0,0,124,0,124,0,2,197,0,199,276,0,276,475
02/10/2014,MYF,CA,AWP,WE,Towers with Radar,0,12,58,0,70,0,3,105,0,108,0,15,163,0,178,225,0,225,403
02/11/2014,MYF,CA,AWP,WE,Towers with Radar,0,3,64,0,67,0,5,248,0,253,0,8,312,0,320,332,0,332,652
02/12/2014,MYF,CA,AWP,WE,Towers with Radar,0,9,64,0,73,0,1,253,0,254,0,10,317,0,327,302,0,302,629
02/13/2014,MYF,CA,AWP,WE,Towers with Radar,0,5,70,0,75,0,2,287,0,289,0,7,357,0,364,284,0,284,648
02/14/2014,MYF,CA,AWP,WE,Towers with Radar,0,3,65,0,68,0,5,344,0,349,0,8,409,0,417,332,0,332,749
02/15/2014,MYF,CA,AWP,WE,Towers with Radar,0,6,55,0,61,0,5,313,0,318,0,11,368,0,379,233,0,233,612
02/16/2014,MYF,CA,AWP,WE,Towers with Radar,0,2,36,1,39,0,1,245,0,246,0,3,281,1,285,278,0,278,563
02/17/2014,MYF,CA,AWP,WE,Towers with Radar,0,5,75,0,80,0,1,196,0,197,0,6,271,0,277,226,0,226,503
02/18/2014,MYF,CA,AWP,WE,Towers with Radar,0,5,67,1,73,0,0,179,4,183,0,5,246,5,256,214,0,214,470
02/19/2014,MYF,CA,AWP,WE,Towers with Radar,0,5,99,5,109,0,1,206,2,209,0,6,305,7,318,244,2,246,564
02/20/2014,MYF,CA,AWP,WE,Towers with Radar,0,3,60,1,64,0,0,229,0,229,0,3,289,1,293,368,0,368,661
02/21/2014,MYF,CA,AWP,WE,Towers with Radar,0,8,58,0,66,0,0,208,0,208,0,8,266,0,274,128,0,128,402
02/22/2014,MYF,CA,AWP,WE,Towers with Radar,0,3,51,1,55,0,4,220,2,226,0,7,271,3,281,260,0,260,541
02/23/2014,MYF,CA,AWP,WE,Towers with Radar,0,1,41,0,42,0,3,230,1,234,0,4,271,1,276,417,0,417,693
02/24/2014,MYF,CA,AWP,WE,Towers with Radar,0,6,51,1,58,0,1,210,0,211,0,7,261,1,269,206,0,206,475
02/25/2014,MYF,CA,AWP,WE,Towers with Radar,0,5,62,0,67,0,1,1,0,2,0,6,63,0,69,0,0,0,69
02/26/2014,MYF,CA,AWP,WE,Towers with Radar,0,8,65,0,73,0,4,206,0,210,0,12,271,0,283,256,0,256,539
02/27/2014,MYF,CA,AWP,WE,Towers with Radar,0,12,58,0,70,0,1,26,0,27,0,13,84,0,97,27,0,27,124
02/28/2014,MYF,CA,AWP,WE,Towers with Radar,0,8,12,0,20,0,0,6,0,6,0,8,18,0,26,0,0,0,26
03/01/2014,MYF,CA,AWP,WE,Towers with Radar,0,5,12,0,17,0,0,15,0,15,0,5,27,0,32,74,0,74,106
03/02/2014,MYF,CA,AWP,WE,Towers with Radar,0,2,42,0,44,0,3,27,0,30,0,5,69,0,74,129,0,129,203
03/03/2014,MYF,CA,AWP,WE,Towers with Radar,0,5,49,1,55,0,2,165,0,167,0,7,214,1,222,261,0,261,483
03/04/2014,MYF,CA,AWP,WE,Towers with Radar,0,8,81,1,90,0,1,167,0,168,0,9,248,1,258,369,0,369,627
03/05/2014,MYF,CA,AWP,WE,Towers with Radar,0,4,69,1,74,0,2,231,0,233,0,6,300,1,307,304,1,305,612
03/06/2014,MYF,CA,AWP,WE,Towers with Radar,0,4,83,0,87,0,0,189,0,189,0,4,272,0,276,284,0,284,560
03/07/2014,MYF,CA,AWP,WE,Towers with Radar,0,6,79,1,86,0,3,147,1,151,0,9,226,2,237,328,1,329,566
03/08/2014,MYF,CA,AWP,WE,Towers with Radar,0,3,46,0,49,0,1,334,0,335,0,4,380,0,384,307,3,310,694
03/09/2014,MYF,CA,AWP,WE,Towers with Radar,0,0,41,0,41,0,0,287,0,287,0,0,328,0,328,352,1,353,681
03/10/2014,MYF,CA,AWP,WE,Towers with Radar,0,4,55,1,60,0,1,234,6,241,0,5,289,7,301,322,10,332,633
03/11/2014,MYF,CA,AWP,WE,Towers with Radar,0,3,53,1,57,0,3,237,0,240,0,6,290,1,297,345,0,345,642
03/12/2014,MYF,CA,AWP,WE,Towers with Radar,0,4,56,0,60,0,0,241,0,241,0,4,297,0,301,336,0,336,637
03/13/2014,MYF,CA,AWP,WE,Towers with Radar,0,8,74,0,82,0,0,219,0,219,0,8,293,0,301,359,0,359,660
03/14/2014,MYF,CA,AWP,WE,Towers with Radar,0,5,62,0,67,0,1,329,0,330,0,6,391,0,397,445,0,445,842
03/15/2014,MYF,CA,AWP,WE,Towers with Radar,0,6,47,0,53,0,3,300,0,303,0,9,347,0,356,392,0,392,748
03/16/2014,MYF,CA,AWP,WE,Towers with Radar,0,3,46,0,49,0,0,271,0,271,0,3,317,0,320,396,0,396,716
03/17/2014,MYF,CA,AWP,WE,Towers with Radar,0,4,59,0,63,0,0,197,0,197,0,4,256,0,260,301,0,301,561
03/18/2014,MYF,CA,AWP,WE,Towers with Radar,0,4,62,0,66,0,4,237,0,241,0,8,299,0,307,370,0,370,677
03/19/2014,MYF,CA,AWP,WE,Towers with Radar,0,7,58,0,65,0,6,302,2,310,0,13,360,2,375,392,0,392,767
03/20/2014,MYF,CA,AWP,WE,Towers with Radar,0,4,69,0,73,0,0,206,0,206,0,4,275,0,279,302,0,302,581
03/21/2014,MYF,CA,AWP,WE,Towers with Radar,0,5,95,0,100,0,3,204,0,207,0,8,299,0,307,307,0,307,614
03/22/2014,MYF,CA,AWP,WE,Towers with Radar,0,7,61,0,68,0,0,163,0,163,0,7,224,0,231,348,0,348,579
03/23/2014,MYF,CA,AWP,WE,Towers with Radar,0,7,83,1,91,0,3,167,0,170,0,10,250,1,261,449,0,449,710
03/24/2014,MYF,CA,AWP,WE,Towers with Radar,0,13,78,2,93,0,2,97,0,99,0,15,175,2,192,415,0,415,607
03/25/2014,MYF,CA,AWP,WE,Towers with Radar,0,11,111,10,132,0,5,57,0,62,0,16,168,10,194,234,0,234,428
03/26/2014,MYF,CA,AWP,WE,Towers with Radar,0,17,55,2,74,0,1,90,0,91,0,18,145,2,165,214,0,214,379
03/27/2014,MYF,CA,AWP,WE,Towers with Radar,0,8,73,1,82,0,0,4,0,4,0,8,77,1,86,0,0,0,86
03/28/2014,MYF,CA,AWP,WE,Towers with Radar,0,7,65,1,73,0,5,279,0,284,0,12,344,1,357,358,0,358,715
03/29/2014,MYF,CA,AWP,WE,Towers with Radar,0,6,55,0,61,0,1,293,0,294,0,7,348,0,355,433,0,433,788
03/30/2014,MYF,CA,AWP,WE,Towers with Radar,0,3,62,2,67,0,0,203,2,205,0,3,265,4,272,368,0,368,640
03/31/2014,MYF,CA,AWP,WE,Towers with Radar,0,5,63,0,68,0,1,188,0,189,0,6,251,0,257,423,0,423,680
04/01/2014,MYF,CA,AWP,WE,Towers with Radar,0,16,51,2,69,0,3,96,0,99,0,19,147,2,168,170,2,172,340
04/02/2014,MYF,CA,AWP,WE,Towers with Radar,0,9,52,0,61,0,4,150,0,154,0,13,202,0,215,267,0,267,482
04/03/2014,MYF,CA,AWP,WE,Towers with Radar,0,4,73,0,77,0,4,275,1,280,0,8,348,1,357,402,0,402,759
04/04/2014,MYF,CA,AWP,WE,Towers with Radar,0,10,70,0,80,0,2,246,0,248,0,12,316,0,328,379,0,379,707
04/05/2014,MYF,CA,AWP,WE,Towers with Radar,0,5,64,0,69,0,0,221,0,221,0,5,285,0,290,434,0,434,724
04/06/2014,MYF,CA,AWP,WE,Towers with Radar,0,3,52,0,55,0,4,261,0,265,0,7,313,0,320,360,0,360,680
04/07/2014,MYF,CA,AWP,WE,Towers with Radar,0,4,50,0,54,0,4,224,0,228,0,8,274,0,282,267,0,267,549
04/08/2014,MYF,CA,AWP,WE,Towers with Radar,0,4,56,1,61,0,2,256,4,262,0,6,312,5,323,339,0,339,662
04/09/2014,MYF,CA,AWP,WE,Towers with Radar,0,5,77,0,82,0,4,283,0,287,0,9,360,0,369,339,0,339,708
04/10/2014,MYF,CA,AWP,WE,Towers with Radar,0,3,61,0,64,0,1,232,0,233,0,4,293,0,297,476,0,476,773
04/11/2014,MYF,CA,AWP,WE,Towers with Radar,0,5,84,0,89,0,3,280,0,283,0,8,364,0,372,294,0,294,666
04/12/2014,MYF,CA,AWP,WE,Towers with Radar,0,4,60,0,64,0,0,187,0,187,0,4,247,0,251,393,0,393,644
04/13/2014,MYF,CA,AWP,WE,Towers with Radar,0,4,60,0,64,0,2,139,0,141,0,6,199,0,205,472,0,472,677
04/14/2014,MYF,CA,AWP,WE,Towers with Radar,0,5,65,0,70,0,2,296,0,298,0,7,361,0,368,336,0,336,704
04/15/2014,MYF,CA,AWP,WE,Towers with Radar,0,4,74,0,78,0,4,253,0,257,0,8,327,0,335,420,0,420,755
04/16/2014,MYF,CA,AWP,WE,Towers with Radar,0,8,79,0,87,0,1,233,0,234,0,9,312,0,321,468,0,468,789
04/17/2014,MYF,CA,AWP,WE,Towers with Radar,0,3,108,0,111,0,0,129,0,129,0,3,237,0,240,486,0,486,726
04/18/2014,MYF,CA,AWP,WE,Towers with Radar,0,7,110,1,118,0,7,173,2,182,0,14,283,3,300,362,1,363,663
04/19/2014,MYF,CA,AWP,WE,Towers with Radar,0,5,66,0,71,0,5,258,0,263,0,10,324,0,334,462,0,462,796
04/20/2014,MYF,CA,AWP,WE,Towers with Radar,0,5,44,0,49,0,2,227,2,231,0,7,271,2,280,391,0,391,671
04/21/2014,MYF,CA,AWP,WE,Towers with Radar,0,9,71,0,80,0,0,190,0,190,0,9,261,0,270,328,0,328,598
04/22/2014,MYF,CA,AWP,WE,Towers with Radar,0,9,97,1,107,0,2,156,0,158,0,11,253,1,265,426,0,426,691
04/23/2014,MYF,CA,AWP,WE,Towers with Radar,0,12,76,1,89,0,6,279,3,288,0,18,355,4,377,473,0,473,850
04/24/2014,MYF,CA,AWP,WE,Towers with Radar,0,4,68,2,74,0,2,273,0,275,0,6,341,2,349,351,0,351,700
04/25/2014,MYF,CA,AWP,WE,Towers with Radar,0,12,62,1,75,0,1,119,0,120,0,13,181,1,195,276,0,276,471
04/26/2014,MYF,CA,AWP,WE,Towers with Radar,0,4,41,0,45,0,1,87,0,88,0,5,128,0,133,254,0,254,387
04/27/2014,MYF,CA,AWP,WE,Towers with Radar,0,7,45,0,52,0,1,200,0,201,0,8,245,0,253,359,0,359,612
04/28/2014,MYF,CA,AWP,WE,Towers with Radar,0,6,48,0,54,0,3,235,0,238,0,9,283,0,292,445,0,445,737
04/29/2014,MYF,CA,AWP,WE,Towers with Radar,0,3,30,3,36,0,3,135,1,139,0,6,165,4,175,204,0,204,379
04/30/2014,MYF,CA,AWP,WE,Towers with Radar,0,5,20,0,25,0,0,58,0,58,0,5,78,0,83,28,0,28,111
05/01/2014,MYF,CA,AWP,WE,Towers with Radar,0,2,36,0,38,0,4,100,0,104,0,6,136,0,142,112,0,112,254
05/02/2014,MYF,CA,AWP,WE,Towers with Radar,0,9,83,0,92,0,6,314,0,320,0,15,397,0,412,375,0,375,787
05/03/2014,MYF,CA,AWP,WE,Towers with Radar,0,8,40,0,48,0,1,307,0,308,0,9,347,0,356,350,0,350,706
05/04/2014,MYF,CA,AWP,WE,Towers with Radar,0,2,59,0,61,0,1,256,0,257,0,3,315,0,318,251,0,251,569
05/05/2014,MYF,CA,AWP,WE,Towers with Radar,0,8,58,0,66,0,5,141,1,147,0,13,199,1,213,203,0,203,416
05/06/2014,MYF,CA,AWP,WE,Towers with Radar,0,7,52,0,59,0,1,70,0,71,0,8,122,0,130,166,0,166,296
05/07/2014,MYF,CA,AWP,WE,Towers with Radar,0,6,70,0,76,0,1,181,0,182,0,7,251,0,258,392,0,392,650
05/08/2014,MYF,CA,AWP,WE,Towers with Radar,0,4,44,0,48,0,0,149,0,149,0,4,193,0,197,222,0,222,419
05/09/2014,MYF,CA,AWP,WE,Towers with Radar,0,5,62,0,67,0,2,306,1,309,0,7,368,1,376,374,0,374,750
05/10/2014,MYF,CA,AWP,WE,Towers with Radar,0,2,74,0,76,0,1,249,2,252,0,3,323,2,328,325,0,325,653
05/11/2014,MYF,CA,AWP,WE,Towers with Radar,0,2,31,2,35,0,4,190,2,196,0,6,221,4,231,256,0,256,487
05/12/2014,MYF,CA,AWP,WE,Towers with Radar,0,9,42,0,51,0,5,168,1,174,0,14,210,1,225,212,7,219,444
05/13/2014,MYF,CA,AWP,WE,Towers with Radar,0,3,35,1,39,0,6,150,0,156,0,9,185,1,195,329,0,329,524
05/14/2014,MYF,CA,AWP,WE,Towers with Radar,0,3,42,0,45,0,0,166,1,167,0,3,208,1,212,332,0,332,544
05/15/2014,MYF,CA,AWP,WE,Towers with Radar,0,4,49,0,53,0,0,194,0,194,0,4,243,0,247,324,0,324,571
05/16/2014,MYF,CA,AWP,WE,Towers with Radar,0,10,76,0,86,0,0,253,3,256,0,10,329,3,342,335,0,335,677
05/17/2014,MYF,CA,AWP,WE,Towers with Radar,0,2,46,0,48,0,3,235,1,239,0,5,281,1,287,272,0,272,559
05/18/2014,MYF,CA,AWP,WE,Towers with Radar,0,2,57,2,61,0,2,204,0,206,0,4,261,2,267,334,0,334,601
05/19/2014,MYF,CA,AWP,WE,Towers with Radar,0,9,71,4,84,0,1,150,0,151,0,10,221,4,235,247,0,247,482
05/20/2014,MYF,CA,AWP,WE,Towers with Radar,0,2,57,3,62,0,1,196,1,198,0,3,253,4,260,388,0,388,648
05/21/2014,MYF,CA,AWP,WE,Towers with Radar,0,6,61,2,69,0,0,251,1,252,0,6,312,3,321,388,0,388,709
05/22/2014,MYF,CA,AWP,WE,Towers with Radar,0,7,82,0,89,0,1,141,0,142,0,8,223,0,231,596,0,596,827
05/23/2014,MYF,CA,AWP,WE,Towers with Radar,0,6,80,0,86,0,2,215,0,217,0,8,295,0,303,526,0,526,829
05/24/2014,MYF,CA,AWP,WE,Towers with Radar,0,4,92,1,97,0,3,65,0,68,0,7,157,1,165,371,0,371,536
05/25/2014,MYF,CA,AWP,WE,Towers with Radar,0,2,37,0,39,0,1,188,0,189,0,3,225,0,228,285,0,285,513
05/26/2014,MYF,CA,AWP,WE,Towers with Radar,0,3,71,1,75,0,5,249,2,256,0,8,320,3,331,303,0,303,634
05/27/2014,MYF,CA,AWP,WE,Towers with Radar,0,8,46,4,58,0,9,292,3,304,0,17,338,7,362,378,0,378,740
05/28/2014,MYF,CA,AWP,WE,Towers with Radar,0,6,71,3,80,0,5,287,4,296,0,11,358,7,376,283,0,283,659
05/29/2014,MYF,CA,AWP,WE,Towers with Radar,0,2,80,0,82,0,4,290,0,294,0,6,370,0,376,306,0,306,682
05/30/2014,MYF,CA,AWP,WE,Towers with Radar,0,7,68,2,77,0,6,331,2,339,0,13,399,4,416,277,0,277,693
05/31/2014,MYF,CA,AWP,WE,Towers with Radar,0,3,43,0,46,0,2,267,0,269,0,5,310,0,315,260,0,260,575
06/01/2014,MYF,CA,AWP,WE,Towers with Radar,0,1,53,0,54,0,3,649,0,652,0,4,702,0,706,310,0,310,1016
06/02/2014,MYF,CA,AWP,WE,Towers with Radar,0,5,53,0,58,0,5,239,1,245,0,10,292,1,303,246,0,246,549
06/03/2014,MYF,CA,AWP,WE,Towers with Radar,0,3,52,0,55,0,4,272,4,280,0,7,324,4,335,306,0,306,641
06/04/2014,MYF,CA,AWP,WE,Towers with Radar,0,3,49,0,52,0,12,290,1,303,0,15,339,1,355,341,0,341,696
06/05/2014,MYF,CA,AWP,WE,Towers with Radar,0,4,71,0,75,0,3,301,0,304,0,7,372,0,379,306,0,306,685
06/06/2014,MYF,CA,AWP,WE,Towers with Radar,0,4,48,1,53,0,4,260,0,264,0,8,308,1,317,197,0,197,514
06/07/2014,MYF,CA,AWP,WE,Towers with Radar,0,5,42,0,47,0,5,244,0,249,0,10,286,0,296,283,0,283,579
06/08/2014,MYF,CA,AWP,WE,Towers with Radar,0,0,50,0,50,0,1,267,1,269,0,1,317,1,319,284,0,284,603
06/09/2014,MYF,CA,AWP,WE,Towers with Radar,0,7,71,1,79,0,1,68,1,70,0,8,139,2,149,206,0,206,355
06/10/2014,MYF,CA,AWP,WE,Towers with Radar,0,4,77,0,81,0,1,137,0,138,0,5,214,0,219,212,0,212,431
06/11/2014,MYF,CA,AWP,WE,Towers with Radar,0,3,76,2,81,0,3,264,0,267,0,6,340,2,348,316,0,316,664
06/12/2014,MYF,CA,AWP,WE,Towers with Radar,0,3,71,0,74,0,1,187,0,188,0,4,258,0,262,340,0,340,602
06/13/2014,MYF,CA,AWP,WE,Towers with Radar,0,4,67,0,71,0,0,230,0,230,0,4,297,0,301,452,0,452,753
06/14/2014,MYF,CA,AWP,WE,Towers with Radar,0,3,77,1,81,0,0,234,0,234,0,3,311,1,315,360,0,360,675
06/15/2014,MYF,CA,AWP,WE,Towers with Radar,0,0,54,3,57,0,0,228,0,228,0,0,282,3,285,166,0,166,451
06/16/2014,MYF,CA,AWP,WE,Towers with Radar,0,5,68,1,74,0,2,203,0,205,0,7,271,1,279,408,0,408,687
06/17/2014,MYF,CA,AWP,WE,Towers with Radar,0,3,83,0,86,0,3,197,0,200,0,6,280,0,286,252,0,252,538
06/18/2014,MYF,CA,AWP,WE,Towers with Radar,0,9,55,5,69,0,7,243,1,251,0,16,298,6,320,300,1,301,621
06/19/2014,MYF,CA,AWP,WE,Towers with Radar,0,4,60,1,65,0,3,203,0,206,0,7,263,1,271,296,0,296,567
06/20/2014,MYF,CA,AWP,WE,Towers with Radar,0,3,51,1,55,0,1,227,0,228,0,4,278,1,283,151,0,151,434
06/21/2014,MYF,CA,AWP,WE,Towers with Radar,0,3,56,1,60,0,2,264,0,266,0,5,320,1,326,336,0,336,662
06/22/2014,MYF,CA,AWP,WE,Towers with Radar,0,1,47,0,48,0,1,201,0,202,0,2,248,0,250,242,0,242,492
06/23/2014,MYF,CA,AWP,WE,Towers with Radar,0,4,72,1,77,0,1,148,0,149,0,5,220,1,226,256,0,256,482
06/24/2014,MYF,CA,AWP,WE,Towers with Radar,0,4,45,0,49,0,2,193,0,195,0,6,238,0,244,244,0,244,488
06/25/2014,MYF,CA,AWP,WE,Towers with Radar,0,6,55,3,64,0,8,175,2,185,0,14,230,5,249,362,0,362,611
06/26/2014,MYF,CA,AWP,WE,Towers with Radar,0,2,63,2,67,0,3,171,0,174,0,5,234,2,241,292,0,292,533
06/27/2014,MYF,CA,AWP,WE,Towers with Radar,0,7,108,3,118,0,4,184,1,189,0,11,292,4,307,336,0,336,643
06/28/2014,MYF,CA,AWP,WE,Towers with Radar,0,3,85,0,88,0,2,204,0,206,0,5,289,0,294,236,0,236,530
06/29/2014,MYF,CA,AWP,WE,Towers with Radar,0,4,64,1,69,0,4,155,0,159,0,8,219,1,228,290,0,290,518
06/30/2014,MYF,CA,AWP,WE,Towers with Radar,0,7,55,3,65,0,1,141,0,142,0,8,196,3,207,267,0,267,474
07/01/2014,MYF,CA,AWP,WE,Towers with Radar,0,4,60,1,65,0,1,157,0,158,0,5,217,1,223,250,0,250,473
07/02/2014,MYF,CA,AWP,WE,Towers with Radar,0,4,70,4,78,0,9,222,0,231,0,13,292,4,309,264,0,264,573
07/03/2014,MYF,CA,AWP,WE,Towers with Radar,1,4,64,1,70,0,0,232,0,232,1,4,296,1,302,356,0,356,658
07/04/2014,MYF,CA,AWP,WE,Towers with Radar,0,0,20,0,20,0,1,147,0,148,0,1,167,0,168,195,0,195,363
07/05/2014,MYF,CA,AWP,WE,Towers with Radar,0,1,48,0,49,0,1,243,0,244,0,2,291,0,293,342,0,342,635
07/06/2014,MYF,CA,AWP,WE,Towers with Radar,0,2,58,0,60,0,1,246,2,249,0,3,304,2,309,226,0,226,535
07/07/2014,MYF,CA,AWP,WE,Towers with Radar,0,8,53,1,62,0,1,166,0,167,0,9,219,1,229,222,0,222,451
07/08/2014,MYF,CA,AWP,WE,Towers with Radar,0,3,45,0,48,0,2,178,0,180,0,5,223,0,228,364,0,364,592
07/09/2014,MYF,CA,AWP,WE,Towers with Radar,0,4,52,1,57,0,1,213,0,214,0,5,265,1,271,308,0,308,579
07/10/2014,MYF,CA,AWP,WE,Towers with Radar,0,3,59,0,62,0,1,208,0,209,0,4,267,0,271,276,0,276,547
07/11/2014,MYF,CA,AWP,WE,Towers with Radar,0,4,66,1,71,0,0,231,0,231,0,4,297,1,302,506,0,506,808
07/12/2014,MYF,CA,AWP,WE,Towers with Radar,0,10,54,1,65,0,6,258,1,265,0,16,312,2,330,186,0,186,516
07/13/2014,MYF,CA,AWP,WE,Towers with Radar,0,7,48,0,55,0,0,206,1,207,0,7,254,1,262,226,0,226,488
07/14/2014,MYF,CA,AWP,WE,Towers with Radar,0,11,60,2,73,0,3,78,0,81,0,14,138,2,154,316,0,316,470
07/15/2014,MYF,CA,AWP,WE,Towers with Radar,0,9,95,1,105,0,0,79,0,79,0,9,174,1,184,324,0,324,508
07/16/2014,MYF,CA,AWP,WE,Towers with Radar,0,7,46,0,53,0,8,328,0,336,0,15,374,0,389,400,0,400,789
07/17/2014,MYF,CA,AWP,WE,Towers with Radar,0,5,60,0,65,0,3,217,1,221,0,8,277,1,286,304,0,304,590
07/18/2014,MYF,CA,AWP,WE,Towers with Radar,0,8,66,3,77,0,4,232,0,236,0,12,298,3,313,344,2,346,659
07/19/2014,MYF,CA,AWP,WE,Towers with Radar,0,2,52,0,54,0,0,147,0,147,0,2,199,0,201,238,0,238,439
07/20/2014,MYF,CA,AWP,WE,Towers with Radar,0,4,84,0,88,0,2,187,0,189,0,6,271,0,277,308,0,308,585
07/21/2014,MYF,CA,AWP,WE,Towers with Radar,0,5,51,3,59,0,2,190,0,192,0,7,241,3,251,388,0,388,639
07/22/2014,MYF,CA,AWP,WE,Towers with Radar,0,4,41,2,47,0,2,224,4,230,0,6,265,6,277,272,0,272,549
07/23/2014,MYF,CA,AWP,WE,Towers with Radar,0,5,69,0,74,0,5,276,0,281,0,10,345,0,355,522,0,522,877
07/24/2014,MYF,CA,AWP,WE,Towers with Radar,0,4,70,0,74,0,1,233,0,234,0,5,303,0,308,430,0,430,738
07/25/2014,MYF,CA,AWP,WE,Towers with Radar,0,6,49,0,55,0,4,220,0,224,0,10,269,0,279,534,0,534,813
07/26/2014,MYF,CA,AWP,WE,Towers with Radar,0,2,42,2,46,0,0,259,0,259,0,2,301,2,305,256,0,256,561
07/27/2014,MYF,CA,AWP,WE,Towers with Radar,0,2,61,2,65,0,1,142,2,145,0,3,203,4,210,240,4,244,454
07/28/2014,MYF,CA,AWP,WE,Towers with Radar,0,8,64,1,73,0,4,182,0,186,0,12,246,1,259,502,0,502,761
07/29/2014,MYF,CA,AWP,WE,Towers with Radar,0,4,37,0,41,0,9,220,1,230,0,13,257,1,271,394,0,394,665
07/30/2014,MYF,CA,AWP,WE,Towers with Radar,0,5,46,2,53,0,1,223,0,224,0,6,269,2,277,404,0,404,681
07/31/2014,MYF,CA,AWP,WE,Towers with Radar,0,4,60,2,66,0,14,250,0,264,0,18,310,2,330,298,0,298,628
08/01/2014,MYF,CA,AWP,WE,Towers with Radar,0,9,52,0,61,0,3,280,0,283,0,12,332,0,344,336,0,336,680
08/02/2014,MYF,CA,AWP,WE,Towers with Radar,0,4,51,0,55,0,3,59,0,62,0,7,110,0,117,167,0,167,284
08/03/2014,MYF,CA,AWP,WE,Towers with Radar,0,2,55,1,58,0,3,91,1,95,0,5,146,2,153,231,0,231,384
08/04/2014,MYF,CA,AWP,WE,Towers with Radar,0,5,40,2,47,0,4,230,3,237,0,9,270,5,284,360,0,360,644
08/05/2014,MYF,CA,AWP,WE,Towers with Radar,0,5,60,3,68,0,5,223,2,230,0,10,283,5,298,406,4,410,708
08/06/2014,MYF,CA,AWP,WE,Towers with Radar,0,2,57,1,60,0,3,262,0,265,0,5,319,1,325,432,0,432,757
08/07/2014,MYF,CA,AWP,WE,Towers with Radar,0,4,82,0,86,0,3,226,0,229,0,7,308,0,315,268,0,268,583
08/08/2014,MYF,CA,AWP,WE,Towers with Radar,0,5,94,2,101,0,3,283,0,286,0,8,377,2,387,502,0,502,889
08/09/2014,MYF,CA,AWP,WE,Towers with Radar,0,6,55,0,61,0,3,231,0,234,0,9,286,0,295,381,1,382,677
08/10/2014,MYF,CA,AWP,WE,Towers with Radar,0,2,39,0,41,0,1,253,0,254,0,3,292,0,295,299,0,299,594
08/11/2014,MYF,CA,AWP,WE,Towers with Radar,0,7,54,0,61,0,9,206,0,215,0,16,260,0,276,402,0,402,678
08/12/2014,MYF,CA,AWP,WE,Towers with Radar,0,2,57,1,60,0,18,209,0,227,0,20,266,1,287,398,0,398,685
08/13/2014,MYF,CA,AWP,WE,Towers with Radar,0,8,72,1,81,0,4,234,1,239,0,12,306,2,320,442,1,443,763
08/14/2014,MYF,CA,AWP,WE,Towers with Radar,0,4,74,3,81,0,6,253,5,264,0,10,327,8,345,378,2,380,725
08/15/2014,MYF,CA,AWP,WE,Towers with Radar,0,4,54,0,58,0,2,280,1,283,0,6,334,1,341,484,0,484,825
08/16/2014,MYF,CA,AWP,WE,Towers with Radar,0,4,43,0,47,0,6,281,0,287,0,10,324,0,334,322,0,322,656
08/17/2014,MYF,CA,AWP,WE,Towers with Radar,0,4,35,0,39,0,13,278,0,291,0,17,313,0,330,236,0,236,566
08/18/2014,MYF,CA,AWP,WE,Towers with Radar,0,9,45,0,54,0,6,168,0,174,0,15,213,0,228,407,0,407,635
08/19/2014,MYF,CA,AWP,WE,Towers with Radar,0,5,67,2,74,0,5,186,1,192,0,10,253,3,266,401,0,401,667
08/20/2014,MYF,CA,AWP,WE,Towers with Radar,0,3,47,1,51,0,1,194,0,195,0,4,241,1,246,380,0,380,626
08/21/2014,MYF,CA,AWP,WE,Towers with Radar,0,4,61,0,65,0,4,210,0,214,0,8,271,0,279,466,0,466,745
08/22/2014,MYF,CA,AWP,WE,Towers with Radar,0,8,52,0,60,0,1,252,0,253,0,9,304,0,313,368,0,368,681
08/23/2014,MYF,CA,AWP,WE,Towers with Radar,0,2,49,0,51,0,2,299,0,301,0,4,348,0,352,371,0,371,723
08/24/2014,MYF,CA,AWP,WE,Towers with Radar,0,3,63,0,66,0,3,265,0,268,0,6,328,0,334,286,0,286,620
08/25/2014,MYF,CA,AWP,WE,Towers with Radar,0,6,61,1,68,0,2,213,0,215,0,8,274,1,283,353,3,356,639
08/26/2014,MYF,CA,AWP,WE,Towers with Radar,0,3,56,4,63,0,10,319,1,330,0,13,375,5,393,410,6,416,809
08/27/2014,MYF,CA,AWP,WE,Towers with Radar,0,6,50,0,56,0,3,259,0,262,0,9,309,0,318,373,0,373,691
08/28/2014,MYF,CA,AWP,WE,Towers with Radar,0,2,64,2,68,0,6,243,0,249,0,8,307,2,317,377,0,377,694
08/29/2014,MYF,CA,AWP,WE,Towers with Radar,0,6,64,0,70,0,4,289,1,294,0,10,353,1,364,390,0,390,754
08/30/2014,MYF,CA,AWP,WE,Towers with Radar,0,6,47,0,53,0,0,208,0,208,0,6,255,0,261,258,0,258,519
08/31/2014,MYF,CA,AWP,WE,Towers with Radar,0,0,27,0,27,0,5,185,0,190,0,5,212,0,217,177,0,177,394
09/01/2014,MYF,CA,AWP,WE,Towers with Radar,0,0,44,0,44,0,3,194,0,197,0,3,238,0,241,249,0,249,490
09/02/2014,MYF,CA,AWP,WE,Towers with Radar,0,9,47,0,56,0,5,172,0,177,0,14,219,0,233,330,0,330,563
09/03/2014,MYF,CA,AWP,WE,Towers with Radar,0,7,52,0,59,0,4,224,0,228,0,11,276,0,287,478,0,478,765
09/04/2014,MYF,CA,AWP,WE,Towers with Radar,0,5,58,3,66,0,4,292,1,297,0,9,350,4,363,383,0,383,746
09/05/2014,MYF,CA,AWP,WE,Towers with Radar,0,6,76,0,82,0,3,284,0,287,0,9,360,0,369,372,0,372,741
09/06/2014,MYF,CA,AWP,WE,Towers with Radar,0,4,36,0,40,0,1,253,0,254,0,5,289,0,294,462,0,462,756
09/07/2014,MYF,CA,AWP,WE,Towers with Radar,0,4,34,0,38,0,1,183,0,184,0,5,217,0,222,294,0,294,516
09/08/2014,MYF,CA,AWP,WE,Towers with Radar,0,4,45,0,49,0,6,174,0,180,0,10,219,0,229,196,0,196,425
09/09/2014,MYF,CA,AWP,WE,Towers with Radar,0,5,57,1,63,0,8,231,0,239,0,13,288,1,302,357,0,357,659
09/10/2014,MYF,CA,AWP,WE,Towers with Radar,0,8,71,0,79,0,10,272,1,283,0,18,343,1,362,415,0,415,777
09/11/2014,MYF,CA,AWP,WE,Towers with Radar,0,9,48,1,58,0,1,265,0,266,0,10,313,1,324,293,0,293,617
09/12/2014,MYF,CA,AWP,WE,Towers with Radar,0,4,72,2,78,0,3,278,10,291,0,7,350,12,369,434,0,434,803
09/13/2014,MYF,CA,AWP,WE,Towers with Radar,0,2,32,0,34,0,1,236,2,239,0,3,268,2,273,334,1,335,608
09/14/2014,MYF,CA,AWP,WE,Towers with Radar,0,0,46,0,46,0,7,220,0,227,0,7,266,0,273,136,0,136,409
09/15/2014,MYF,CA,AWP,WE,Towers with Radar,0,4,44,0,48,0,1,204,0,205,0,5,248,0,253,300,0,300,553
09/16/2014,MYF,CA,AWP,WE,Towers with Radar,0,3,38,0,41,0,3,167,0,170,0,6,205,0,211,247,0,247,458
09/17/2014,MYF,CA,AWP,WE,Towers with Radar,0,2,56,1,59,0,1,217,0,218,0,3,273,1,277,336,0,336,613
09/18/2014,MYF,CA,AWP,WE,Towers with Radar,0,3,78,1,82,0,5,193,0,198,0,8,271,1,280,360,1,361,641
09/19/2014,MYF,CA,AWP,WE,Towers with Radar,0,8,79,0,87,0,7,235,1,243,0,15,314,1,330,573,0,573,903
09/20/2014,MYF,CA,AWP,WE,Towers with Radar,0,5,64,0,69,0,2,230,1,233,0,7,294,1,302,379,0,379,681
09/21/2014,MYF,CA,AWP,WE,Towers with Radar,0,1,41,0,42,0,5,239,0,244,0,6,280,0,286,212,0,212,498
09/22/2014,MYF,CA,AWP,WE,Towers with Radar,0,6,45,0,51,0,3,215,0,218,0,9,260,0,269,287,0,287,556
09/23/2014,MYF,CA,AWP,WE,Towers with Radar,0,3,50,2,55,0,8,185,1,194,0,11,235,3,249,312,0,312,561
09/24/2014,MYF,CA,AWP,WE,Towers with Radar,0,2,60,1,63,0,5,248,4,257,0,7,308,5,320,336,0,336,656
09/25/2014,MYF,CA,AWP,WE,Towers with Radar,0,2,44,0,46,0,5,298,1,304,0,7,342,1,350,365,2,367,717
09/26/2014,MYF,CA,AWP,WE,Towers with Radar,0,12,74,5,91,0,1,222,0,223,0,13,296,5,314,390,0,390,704
09/27/2014,MYF,CA,AWP,WE,Towers with Radar,0,2,60,0,62,0,6,264,1,271,0,8,324,1,333,346,0,346,679
09/28/2014,MYF,CA,AWP,WE,Towers with Radar,0,2,63,0,65,0,6,190,0,196,0,8,253,0,261,314,0,314,575
09/29/2014,MYF,CA,AWP,WE,Towers with Radar,0,5,52,2,59,0,5,209,0,214,0,10,261,2,273,233,0,233,506
09/30/2014,MYF,CA,AWP,WE,Towers with Radar,0,5,52,0,57,0,10,309,0,319,0,15,361,0,376,427,0,427,803
10/01/2014,MYF,CA,AWP,WE,Towers with Radar,0,3,70,7,80,0,6,298,1,305,0,9,368,8,385,458,8,466,851
10/02/2014,MYF,CA,AWP,WE,Towers with Radar,0,3,28,1,32,0,10,191,2,203,0,13,219,3,235,189,1,190,425
10/03/2014,MYF,CA,AWP,WE,Towers with Radar,0,4,36,1,41,0,13,204,1,218,0,17,240,2,259,169,0,169,428
10/04/2014,MYF,CA,AWP,WE,Towers with Radar,0,3,25,0,28,0,5,187,0,192,0,8,212,0,220,110,0,110,330
10/05/2014,MYF,CA,AWP,WE,Towers with Radar,0,1,32,0,33,0,8,162,1,171,0,9,194,1,204,164,0,164,368
10/06/2014,MYF,CA,AWP,WE,Towers with Radar,0,7,46,2,55,0,9,263,2,274,0,16,309,4,329,196,2,198,527
10/07/2014,MYF,CA,AWP,WE,Towers with Radar,0,2,54,0,56,0,6,270,0,276,0,8,324,0,332,372,2,374,706
10/08/2014,MYF,CA,AWP,WE,Towers with Radar,0,7,57,4,68,0,8,319,2,329,0,15,376,6,397,385,0,385,782
10/09/2014,MYF,CA,AWP,WE,Towers with Radar,0,4,66,2,72,0,8,332,2,342,0,12,398,4,414,326,0,326,740
10/10/2014,MYF,CA,AWP,WE,Towers with Radar,0,4,71,4,79,0,11,359,3,373,0,15,430,7,452,350,0,350,802
10/11/2014,MYF,CA,AWP,WE,Towers with Radar,0,4,54,0,58,0,4,280,0,284,0,8,334,0,342,215,0,215,557
10/12/2014,MYF,CA,AWP,WE,Towers with Radar,0,2,76,0,78,0,9,254,0,263,0,11,330,0,341,194,0,194,535
10/13/2014,MYF,CA,AWP,WE,Towers with Radar,0,9,63,1,73,0,8,268,0,276,0,17,331,1,349,228,0,228,577
10/14/2014,MYF,CA,AWP,WE,Towers with Radar,0,4,48,6,58,0,15,274,5,294,0,19,322,11,352,307,0,307,659
10/15/2014,MYF,CA,AWP,WE,Towers with Radar,0,6,74,4,84,0,8,284,0,292,0,14,358,4,376,389,0,389,765
10/16/2014,MYF,CA,AWP,WE,Towers with Radar,0,7,78,2,87,0,13,356,0,369,0,20,434,2,456,280,6,286,742
10/17/2014,MYF,CA,AWP,WE,Towers with Radar,0,6,110,3,119,0,6,322,1,329,0,12,432,4,448,280,0,280,728
10/18/2014,MYF,CA,AWP,WE,Towers with Radar,0,2,60,1,63,0,2,225,0,227,0,4,285,1,290,171,0,171,461
10/19/2014,MYF,CA,AWP,WE,Towers with Radar,0,0,60,0,60,0,0,227,0,227,0,0,287,0,287,210,0,210,497
10/20/2014,MYF,CA,AWP,WE,Towers with Radar,0,8,66,3,77,0,7,208,0,215,0,15,274,3,292,269,0,269,561
10/21/2014,MYF,CA,AWP,WE,Towers with Radar,0,3,55,2,60,0,8,327,1,336,0,11,382,3,396,207,0,207,603
10/22/2014,MYF,CA,AWP,WE,Towers with Radar,0,7,57,1,65,0,11,389,1,401,0,18,446,2,466,309,0,309,775
10/23/2014,MYF,CA,AWP,WE,Towers with Radar,0,9,56,0,65,0,15,339,2,356,0,24,395,2,421,322,1,323,744
10/24/2014,MYF,CA,AWP,WE,Towers with Radar,0,6,61,1,68,0,7,327,0,334,0,13,388,1,402,187,0,187,589
10/25/2014,MYF,CA,AWP,WE,Towers with Radar,0,2,53,0,55,0,0,298,2,300,0,2,351,2,355,173,0,173,528
10/26/2014,MYF,CA,AWP,WE,Towers with Radar,0,0,71,0,71,0,2,230,0,232,0,2,301,0,303,368,0,368,671
10/27/2014,MYF,CA,AWP,WE,Towers with Radar,0,7,54,1,62,0,4,189,0,193,0,11,243,1,255,250,0,250,505
10/28/2014,MYF,CA,AWP,WE,Towers with Radar,0,5,54,1,60,0,6,256,0,262,0,11,310,1,322,356,1,357,679
10/29/2014,MYF,CA,AWP,WE,Towers with Radar,0,6,76,1,83,0,9,275,0,284,0,15,351,1,367,278,1,279,646
10/30/2014,MYF,CA,AWP,WE,Towers with Radar,0,4,75,0,79,0,4,241,2,247,0,8,316,2,326,271,0,271,597
10/31/2014,MYF,CA,AWP,WE,Towers with Radar,0,7,78,6,91,0,3,148,0,151,0,10,226,6,242,446,0,446,688
11/01/2014,MYF,CA,AWP,WE,Towers with Radar,0,6,43,0,49,0,4,169,0,173,0,10,212,0,222,135,0,135,357
11/02/2014,MYF,CA,AWP,WE,Towers with Radar,0,5,49,0,54,0,16,229,0,245,0,21,278,0,299,252,0,252,551
11/03/2014,MYF,CA,AWP,WE,Towers with Radar,0,5,52,2,59,0,10,273,1,284,0,15,325,3,343,214,0,214,557
11/04/2014,MYF,CA,AWP,WE,Towers with Radar,0,4,45,0,49,0,14,265,0,279,0,18,310,0,328,280,0,280,608
11/05/2014,MYF,CA,AWP,WE,Towers with Radar,0,2,49,0,51,0,6,240,0,246,0,8,289,0,297,368,0,368,665
11/06/2014,MYF,CA,AWP,WE,Towers with Radar,0,3,32,0,35,0,6,299,5,310,0,9,331,5,345,437,0,437,782
11/07/2014,MYF,CA,AWP,WE,Towers with Radar,0,8,41,2,51,0,11,394,0,405,0,19,435,2,456,365,0,365,821
11/08/2014,MYF,CA,AWP,WE,Towers with Radar,0,2,39,0,41,0,4,286,0,290,0,6,325,0,331,315,0,315,646
11/09/2014,MYF,CA,AWP,WE,Towers with Radar,0,2,41,0,43,0,1,245,0,246,0,3,286,0,289,237,0,237,526
11/10/2014,MYF,CA,AWP,WE,Towers with Radar,0,7,79,2,88,0,7,231,2,240,0,14,310,4,328,323,0,323,651
11/11/2014,MYF,CA,AWP,WE,Towers with Radar,0,7,97,6,110,0,12,266,0,278,0,19,363,6,388,470,0,470,858
11/12/2014,MYF,CA,AWP,WE,Towers with Radar,0,12,71,7,90,0,6,275,1,282,0,18,346,8,372,335,0,335,707
11/13/2014,MYF,CA,AWP,WE,Towers with Radar,0,3,93,1,97,0,3,273,0,276,0,6,366,1,373,382,0,382,755
11/14/2014,MYF,CA,AWP,WE,Towers with Radar,0,8,80,0,88,0,9,242,0,251,0,17,322,0,339,374,0,374,713
11/15/2014,MYF,CA,AWP,WE,Towers with Radar,0,3,72,1,76,0,2,339,1,342,0,5,411,2,418,377,0,377,795
11/16/2014,MYF,CA,AWP,WE,Towers with Radar,0,4,45,0,49,0,7,244,0,251,0,11,289,0,300,223,0,223,523
11/17/2014,MYF,CA,AWP,WE,Towers with Radar,0,3,49,1,53,0,12,271,2,285,0,15,320,3,338,204,0,204,542
11/18/2014,MYF,CA,AWP,WE,Towers with Radar,0,3,44,0,47,0,15,297,1,313,0,18,341,1,360,240,0,240,600
11/19/2014,MYF,CA,AWP,WE,Towers with Radar,0,3,50,1,54,0,11,318,0,329,0,14,368,1,383,295,0,295,678
11/20/2014,MYF,CA,AWP,WE,Towers with Radar,0,3,68,0,71,0,5,286,0,291,0,8,354,0,362,268,0,268,630
11/21/2014,MYF,CA,AWP,WE,Towers with Radar,0,6,49,0,55,0,5,265,0,270,0,11,314,0,325,329,0,329,654
11/22/2014,MYF,CA,AWP,WE,Towers with Radar,0,2,57,0,59,0,1,335,0,336,0,3,392,0,395,347,0,347,742
11/23/2014,MYF,CA,AWP,WE,Towers with Radar,0,1,40,0,41,0,5,243,0,248,0,6,283,0,289,235,0,235,524
11/24/2014,MYF,CA,AWP,WE,Towers with Radar,0,5,45,0,50,0,2,190,0,192,0,7,235,0,242,418,0,418,660
11/25/2014,MYF,CA,AWP,WE,Towers with Radar,0,8,61,0,69,0,7,219,0,226,0,15,280,0,295,231,0,231,526
11/26/2014,MYF,CA,AWP,WE,Towers with Radar,0,2,70,0,72,0,3,262,0,265,0,5,332,0,337,230,0,230,567
11/27/2014,MYF,CA,AWP,WE,Towers with Radar,0,2,14,0,16,0,3,143,0,146,0,5,157,0,162,270,0,270,432
11/28/2014,MYF,CA,AWP,WE,Towers with Radar,0,3,52,0,55,0,5,241,0,246,0,8,293,0,301,293,0,293,594
11/29/2014,MYF,CA,AWP,WE,Towers with Radar,0,6,48,0,54,0,1,229,1,231,0,7,277,1,285,265,0,265,550
11/30/2014,MYF,CA,AWP,WE,Towers with Radar,0,2,78,0,80,0,2,122,1,125,0,4,200,1,205,191,0,191,396
12/01/2014,MYF,CA,AWP,WE,Towers with Radar,0,5,56,1,62,0,6,219,0,225,0,11,275,1,287,265,0,265,552
12/02/2014,MYF,CA,AWP,WE,Towers with Radar,0,4,33,4,41,0,3,90,0,93,0,7,123,4,134,241,0,241,375
12/03/2014,MYF,CA,AWP,WE,Towers with Radar,0,7,62,8,77,0,8,84,0,92,0,15,146,8,169,0,0,0,169
12/04/2014,MYF,CA,AWP,WE,Towers with Radar,0,4,67,2,73,0,2,245,2,249,0,6,312,4,322,294,0,294,616
12/05/2014,MYF,CA,AWP,WE,Towers with Radar,0,5,71,1,77,0,6,333,2,341,0,11,404,3,418,394,0,394,812
12/06/2014,MYF,CA,AWP,WE,Towers with Radar,0,6,66,1,73,0,7,338,1,346,0,13,404,2,419,518,0,518,937
12/07/2014,MYF,CA,AWP,WE,Towers with Radar,0,1,53,0,54,0,4,311,0,315,0,5,364,0,369,290,0,290,659
12/08/2014,MYF,CA,AWP,WE,Towers with Radar,0,4,63,2,69,0,6,263,0,269,0,10,326,2,338,411,0,411,749
12/09/2014,MYF,CA,AWP,WE,Towers with Radar,0,3,54,4,61,0,10,312,2,324,0,13,366,6,385,403,0,403,788
12/10/2014,MYF,CA,AWP,WE,Towers with Radar,0,3,77,1,81,0,7,266,1,274,0,10,343,2,355,385,0,385,740
12/11/2014,MYF,CA,AWP,WE,Towers with Radar,0,8,70,4,82,0,6,258,1,265,0,14,328,5,347,354,0,354,701
12/12/2014,MYF,CA,AWP,WE,Towers with Radar,0,7,37,0,44,0,5,42,0,47,0,12,79,0,91,30,0,30,121
12/13/2014,MYF,CA,AWP,WE,Towers with Radar,0,9,44,0,53,0,5,224,0,229,0,14,268,0,282,329,0,329,611
12/14/2014,MYF,CA,AWP,WE,Towers with Radar,0,4,58,0,62,0,3,296,1,300,0,7,354,1,362,208,0,208,570
12/15/2014,MYF,CA,AWP,WE,Towers with Radar,0,8,62,1,71,0,11,244,0,255,0,19,306,1,326,264,0,264,590
12/16/2014,MYF,CA,AWP,WE,Towers with Radar,0,2,25,3,30,0,11,71,0,82,0,13,96,3,112,157,0,157,269
12/17/2014,MYF,CA,AWP,WE,Towers with Radar,0,14,46,1,61,0,11,127,0,138,0,25,173,1,199,204,0,204,403
12/18/2014,MYF,CA,AWP,WE,Towers with Radar,0,9,53,3,65,0,14,261,2,277,0,23,314,5,342,352,0,352,694
12/19/2014,MYF,CA,AWP,WE,Towers with Radar,0,6,45,0,51,0,9,339,1,349,0,15,384,1,400,315,1,316,716
12/20/2014,MYF,CA,AWP,WE,Towers with Radar,0,6,61,0,67,0,2,240,0,242,0,8,301,0,309,285,0,285,594
12/21/2014,MYF,CA,AWP,WE,Towers with Radar,0,2,40,0,42,0,9,235,0,244,0,11,275,0,286,235,0,235,521
12/22/2014,MYF,CA,AWP,WE,Towers with Radar,0,4,53,2,59,0,6,264,0,270,0,10,317,2,329,244,0,244,573
12/23/2014,MYF,CA,AWP,WE,Towers with Radar,0,3,36,0,39,0,8,261,0,269,0,11,297,0,308,185,0,185,493
12/24/2014,MYF,CA,AWP,WE,Towers with Radar,0,2,30,0,32,0,4,181,1,186,0,6,211,1,218,135,0,135,353
12/25/2014,MYF,CA,AWP,WE,Towers with Radar,0,1,12,0,13,0,1,68,0,69,0,2,80,0,82,116,0,116,198
12/26/2014,MYF,CA,AWP,WE,Towers with Radar,0,6,45,0,51,0,3,249,1,253,0,9,294,1,304,141,0,141,445
12/27/2014,MYF,CA,AWP,WE,Towers with Radar,0,4,43,0,47,0,6,256,0,262,0,10,299,0,309,179,0,179,488
12/28/2014,MYF,CA,AWP,WE,Towers with Radar,0,3,46,0,49,0,4,215,0,219,0,7,261,0,268,83,0,83,351
12/29/2014,MYF,CA,AWP,WE,Towers with Radar,0,6,41,1,48,0,8,230,0,238,0,14,271,1,286,292,0,292,578
12/30/2014,MYF,CA,AWP,WE,Towers with Radar,0,3,39,3,45,0,3,99,0,102,0,6,138,3,147,152,0,152,299
12/31/2014,MYF,CA,AWP,WE,Towers with Radar,0,5,16,0,21,0,4,110,0,114,0,9,126,0,135,145,0,145,280
01/01/2015,MYF,CA,AWP,WE,Towers with Radar,0,2,26,0,28,0,5,173,0,178,0,7,199,0,206,65,0,65,271
01/02/2015,MYF,CA,AWP,WE,Towers with Radar,0,5,51,0,56,0,6,327,0,333,0,11,378,0,389,264,0,264,653
01/03/2015,MYF,CA,AWP,WE,Towers with Radar,0,2,49,0,51,0,5,316,0,321,0,7,365,0,372,271,0,271,643
01/04/2015,MYF,CA,AWP,WE,Towers with Radar,1,2,42,0,45,0,6,241,0,247,1,8,283,0,292,244,0,244,536
01/05/2015,MYF,CA,AWP,WE,Towers with Radar,0,5,35,1,41,0,10,225,0,235,0,15,260,1,276,368,0,368,644
01/06/2015,MYF,CA,AWP,WE,Towers with Radar,0,2,44,0,46,0,2,272,0,274,0,4,316,0,320,330,0,330,650
01/07/2015,MYF,CA,AWP,WE,Towers with Radar,0,4,46,0,50,0,5,269,0,274,0,9,315,0,324,358,0,358,682
01/08/2015,MYF,CA,AWP,WE,Towers with Radar,0,2,32,1,35,0,8,304,0,312,0,10,336,1,347,338,0,338,685
01/09/2015,MYF,CA,AWP,WE,Towers with Radar,0,8,53,1,62,0,12,333,0,345,0,20,386,1,407,340,6,346,753
01/10/2015,MYF,CA,AWP,WE,Towers with Radar,0,8,42,0,50,0,2,278,0,280,0,10,320,0,330,337,0,337,667
01/11/2015,MYF,CA,AWP,WE,Towers with Radar,0,5,36,0,41,0,5,45,0,50,0,10,81,0,91,6,0,6,97
01/12/2015,MYF,CA,AWP,WE,Towers with Radar,0,5,62,5,72,0,7,183,0,190,0,12,245,5,262,321,0,321,583
01/13/2015,MYF,CA,AWP,WE,Towers with Radar,0,2,42,3,47,0,11,271,0,282,0,13,313,3,329,348,5,353,682
01/14/2015,MYF,CA,AWP,WE,Towers with Radar,0,5,81,4,90,0,5,347,6,358,0,10,428,10,448,273,0,273,721
01/15/2015,MYF,CA,AWP,WE,Towers with Radar,0,3,52,0,55,0,7,357,4,368,0,10,409,4,423,448,0,448,871
01/16/2015,MYF,CA,AWP,WE,Towers with Radar,0,6,70,1,77,0,6,377,1,384,0,12,447,2,461,307,2,309,770
01/17/2015,MYF,CA,AWP,WE,Towers with Radar,0,4,40,0,44,0,6,340,1,347,0,10,380,1,391,287,0,287,678
01/18/2015,MYF,CA,AWP,WE,Towers with Radar,0,3,53,0,56,0,6,265,0,271,0,9,318,0,327,193,0,193,520
01/19/2015,MYF,CA,AWP,WE,Towers with Radar,0,4,68,2,74,0,2,356,0,358,0,6,424,2,432,294,0,294,726
01/20/2015,MYF,CA,AWP,WE,Towers with Radar,0,3,90,5,98,0,1,127,0,128,0,4,217,5,226,67,0,67,293
01/21/2015,MYF,CA,AWP,WE,Towers with Radar,0,6,74,0,80,0,5,272,0,277,0,11,346,0,357,414,0,414,771
01/22/2015,MYF,CA,AWP,WE,Towers with Radar,0,8,54,1,63,0,9,330,0,339,0,17,384,1,402,422,0,422,824
01/23/2015,MYF,CA,AWP,WE,Towers with Radar,0,5,51,1,57,0,8,355,1,364,0,13,406,2,421,313,0,313,734
01/24/2015,MYF,CA,AWP,WE,Towers with Radar,0,7,33,0,40,0,8,285,0,293,0,15,318,0,333,355,0,355,688
01/25/2015,MYF,CA,AWP,WE,Towers with Radar,0,2,42,0,44,0,2,275,0,277,0,4,317,0,321,375,0,375,696
01/26/2015,MYF,CA,AWP,WE,Towers with Radar,0,7,55,3,65,0,11,182,0,193,0,18,237,3,258,274,0,274,532
01/27/2015,MYF,CA,AWP,WE,Towers with Radar,0,4,72,2,78,0,9,374,1,384,0,13,446,3,462,304,4,308,770
01/28/2015,MYF,CA,AWP,WE,Towers with Radar,0,6,66,1,73,0,11,312,0,323,0,17,378,1,396,341,0,341,737
01/29/2015,MYF,CA,AWP,WE,Towers with Radar,0,3,82,0,85,0,2,252,1,255,0,5,334,1,340,266,0,266,606
01/30/2015,MYF,CA,AWP,WE,Towers with Radar,0,8,61,2,71,0,5,194,3,202,0,13,255,5,273,290,0,290,563
01/31/2015,MYF,CA,AWP,WE,Towers with Radar,0,7,61,0,68,0,3,258,0,261,0,10,319,0,329,327,0,327,656
02/01/2015,MYF,CA,AWP,WE,Towers with Radar,0,3,42,0,45,0,3,252,2,257,0,6,294,2,302,235,0,235,537
02/02/2015,MYF,CA,AWP,WE,Towers with Radar,0,5,48,0,53,0,8,307,1,316,0,13,355,1,369,345,0,345,714
02/03/2015,MYF,CA,AWP,WE,Towers with Radar,0,7,47,0,54,0,9,261,1,271,0,16,308,1,325,281,0,281,606
02/04/2015,MYF,CA,AWP,WE,Towers with Radar,0,7,65,0,72,0,18,288,0,306,0,25,353,0,378,357,0,357,735
02/05/2015,MYF,CA,AWP,WE,Towers with Radar,0,4,67,1,72,0,9,300,0,309,0,13,367,1,381,293,0,293,674
02/06/2015,MYF,CA,AWP,WE,Towers with Radar,0,5,75,0,80,0,6,331,0,337,0,11,406,0,417,258,0,258,675
02/07/2015,MYF,CA,AWP,WE,Towers with Radar,0,3,53,0,56,0,4,305,0,309,0,7,358,0,365,261,0,261,626
02/08/2015,MYF,CA,AWP,WE,Towers with Radar,0,2,51,1,54,0,1,311,0,312,0,3,362,1,366,379,0,379,745
02/09/2015,MYF,CA,AWP,WE,Towers with Radar,0,4,63,1,68,0,5,172,0,177,0,9,235,1,245,257,0,257,502
02/10/2015,MYF,CA,AWP,WE,Towers with Radar,0,4,51,0,55,0,11,272,0,283,0,15,323,0,338,203,0,203,541
02/11/2015,MYF,CA,AWP,WE,Towers with Radar,0,2,67,0,69,0,4,297,0,301,0,6,364,0,370,312,0,312,682
02/12/2015,MYF,CA,AWP,WE,Towers with Radar,0,2,52,1,55,0,4,236,0,240,0,6,288,1,295,319,0,319,614
02/13/2015,MYF,CA,AWP,WE,Towers with Radar,0,6,58,0,64,0,7,315,0,322,0,13,373,0,386,141,0,141,527
02/14/2015,MYF,CA,AWP,WE,Towers with Radar,0,5,40,0,45,0,6,384,0,390,0,11,424,0,435,187,0,187,622
02/15/2015,MYF,CA,AWP,WE,Towers with Radar,0,4,60,0,64,0,2,324,0,326,0,6,384,0,390,121,0,121,511
02/16/2015,MYF,CA,AWP,WE,Towers with Radar,0,4,73,0,77,0,6,362,0,368,0,10,435,0,445,248,0,248,693
02/17/2015,MYF,CA,AWP,WE,Towers with Radar,0,5,92,4,101,0,4,262,4,270,0,9,354,8,371,210,0,210,581
02/18/2015,MYF,CA,AWP,WE,Towers with Radar,0,2,86,0,88,0,7,339,1,347,0,9,425,1,435,422,0,422,857
02/19/2015,MYF,CA,AWP,WE,Towers with Radar,0,3,82,3,88,0,5,307,4,316,0,8,389,7,404,297,0,297,701
02/20/2015,MYF,CA,AWP,WE,Towers with Radar,0,5,88,3,96,0,9,257,0,266,0,14,345,3,362,372,0,372,734
02/21/2015,MYF,CA,AWP,WE,Towers with Radar,0,4,79,3,86,0,5,348,4,357,0,9,427,7,443,230,0,230,673
02/22/2015,MYF,CA,AWP,WE,Towers with Radar,0,3,49,0,52,0,2,100,0,102,0,5,149,0,154,175,0,175,329
02/23/2015,MYF,CA,AWP,WE,Towers with Radar,0,17,43,3,63,0,12,146,1,159,0,29,189,4,222,282,0,282,504
02/24/2015,MYF,CA,AWP,WE,Towers with Radar,0,5,66,0,71,0,8,282,0,290,0,13,348,0,361,313,0,313,674
02/25/2015,MYF,CA,AWP,WE,Towers with Radar,1,6,81,0,88,0,10,360,2,372,1,16,441,2,460,275,0,275,735
02/26/2015,MYF,CA,AWP,WE,Towers with Radar,0,5,59,1,65,0,10,368,1,379,0,15,427,2,444,241,0,241,685
02/27/2015,MYF,CA,AWP,WE,Towers with Radar,0,8,76,1,85,0,1,131,0,132,0,9,207,1,217,321,0,321,538
02/28/2015,MYF,CA,AWP,WE,Towers with Radar,0,6,45,0,51,0,1,94,0,95,0,7,139,0,146,245,0,245,391
03/01/2015,MYF,CA,AWP,WE,Towers with Radar,0,2,26,1,29,0,1,47,1,49,0,3,73,2,78,60,0,60,138
03/02/2015,MYF,CA,AWP,WE,Towers with Radar,0,7,33,4,44,0,13,123,0,136,0,20,156,4,180,127,0,127,307
03/03/2015,MYF,CA,AWP,WE,Towers with Radar,0,5,55,0,60,0,8,340,0,348,0,13,395,0,408,376,0,376,784
03/04/2015,MYF,CA,AWP,WE,Towers with Radar,0,3,64,3,70,0,5,352,0,357,0,8,416,3,427,325,1,326,753
03/05/2015,MYF,CA,AWP,WE,Towers with Radar,0,2,49,1,52,0,4,325,2,331,0,6,374,3,383,464,0,464,847
03/06/2015,MYF,CA,AWP,WE,Towers with Radar,0,3,49,4,56,0,5,314,0,319,0,8,363,4,375,256,0,256,631
03/07/2015,MYF,CA,AWP,WE,Towers with Radar,0,3,42,0,45,0,13,452,0,465,0,16,494,0,510,337,1,338,848
03/08/2015,MYF,CA,AWP,WE,Towers with Radar,0,5,47,0,52,0,3,357,0,360,0,8,404,0,412,246,0,246,658
03/09/2015,MYF,CA,AWP,WE,Towers with Radar,0,4,58,1,63,0,12,272,0,284,0,16,330,1,347,331,0,331,678
03/10/2015,MYF,CA,AWP,WE,Towers with Radar,0,6,78,0,84,0,12,329,0,341,0,18,407,0,425,423,0,423,848
03/11/2015,MYF,CA,AWP,WE,Towers with Radar,0,5,79,0,84,0,5,347,0,352,0,10,426,0,436,430,0,430,866
03/12/2015,MYF,CA,AWP,WE,Towers with Radar,0,7,63,0,70,0,8,358,0,366,0,15,421,0,436,409,1,410,846
03/13/2015,MYF,CA,AWP,WE,Towers with Radar,0,3,45,0,48,0,4,300,0,304,0,7,345,0,352,190,0,190,542
03/14/2015,MYF,CA,AWP,WE,Towers with Radar,0,2,52,1,55,0,4,361,1,366,0,6,413,2,421,241,0,241,662
03/15/2015,MYF,CA,AWP,WE,Towers with Radar,0,0,33,1,34,0,4,236,0,240,0,4,269,1,274,191,1,192,466
03/16/2015,MYF,CA,AWP,WE,Towers with Radar,0,2,57,1,60,0,12,275,0,287,0,14,332,1,347,203,0,203,550
03/17/2015,MYF,CA,AWP,WE,Towers with Radar,0,3,56,1,60,0,15,322,0,337,0,18,378,1,397,277,0,277,674
03/18/2015,MYF,CA,AWP,WE,Towers with Radar,0,6,83,3,92,0,4,218,0,222,0,10,301,3,314,268,1,269,583
03/19/2015,MYF,CA,AWP,WE,Towers with Radar,0,5,69,0,74,0,2,274,0,276,0,7,343,0,350,356,0,356,706
03/20/2015,MYF,CA,AWP,WE,Towers with Radar,0,6,76,1,83,0,7,327,1,335,0,13,403,2,418,306,0,306,724
03/21/2015,MYF,CA,AWP,WE,Towers with Radar,0,8,74,0,82,0,9,359,0,368,0,17,433,0,450,374,0,374,824
03/22/2015,MYF,CA,AWP,WE,Towers with Radar,0,5,54,0,59,0,6,295,0,301,0,11,349,0,360,322,0,322,682
03/23/2015,MYF,CA,AWP,WE,Towers with Radar,0,3,61,0,64,0,11,318,0,329,0,14,379,0,393,258,0,258,651
03/24/2015,MYF,CA,AWP,WE,Towers with Radar,0,4,64,0,68,0,14,370,0,384,0,18,434,0,452,437,0,437,889
03/25/2015,MYF,CA,AWP,WE,Towers with Radar,1,4,69,0,74,0,0,270,0,270,1,4,339,0,344,317,0,317,661
03/26/2015,MYF,CA,AWP,WE,Towers with Radar,0,6,68,1,75,0,5,293,2,300,0,11,361,3,375,427,0,427,802
03/27/2015,MYF,CA,AWP,WE,Towers with Radar,0,3,53,1,57,0,1,343,2,346,0,4,396,3,403,372,3,375,778
03/28/2015,MYF,CA,AWP,WE,Towers with Radar,0,2,57,3,62,0,0,330,0,330,0,2,387,3,392,415,1,416,808
03/29/2015,MYF,CA,AWP,WE,Towers with Radar,0,3,53,0,56,0,2,259,1,262,0,5,312,1,318,266,0,266,584
03/30/2015,MYF,CA,AWP,WE,Towers with Radar,0,5,79,0,84,0,1,168,3,172,0,6,247,3,256,237,4,241,497
03/31/2015,MYF,CA,AWP,WE,Towers with Radar,0,4,71,2,77,0,4,316,2,322,0,8,387,4,399,314,0,314,713
04/01/2015,MYF,CA,AWP,WE,Towers with Radar,0,6,70,2,78,0,5,372,0,377,0,11,442,2,455,309,1,310,765
04/02/2015,MYF,CA,AWP,WE,Towers with Radar,0,6,86,3,95,0,8,347,0,355,0,14,433,3,450,394,1,395,845
04/03/2015,MYF,CA,AWP,WE,Towers with Radar,0,4,74,1,79,0,6,366,0,372,0,10,440,1,451,326,0,326,777
04/04/2015,MYF,CA,AWP,WE,Towers with Radar,0,2,43,0,45,0,2,368,1,371,0,4,411,1,416,451,0,451,867
04/05/2015,MYF,CA,AWP,WE,Towers with Radar,0,0,37,0,37,0,0,180,2,182,0,0,217,2,219,175,0,175,394
04/06/2015,MYF,CA,AWP,WE,Towers with Radar,0,3,66,1,70,0,2,258,0,260,0,5,324,1,330,479,0,479,809
04/07/2015,MYF,CA,AWP,WE,Towers with Radar,0,5,64,0,69,0,4,296,0,300,0,9,360,0,369,630,0,630,999
04/08/2015,MYF,CA,AWP,WE,Towers with Radar,0,7,88,0,95,0,1,326,0,327,0,8,414,0,422,325,1,326,748
04/09/2015,MYF,CA,AWP,WE,Towers with Radar,0,5,58,0,63,0,3,353,2,358,0,8,411,2,421,320,0,320,741
04/10/2015,MYF,CA,AWP,WE,Towers with Radar,0,4,83,0,87,0,6,376,2,384,0,10,459,2,471,370,0,370,841
04/11/2015,MYF,CA,AWP,WE,Towers with Radar,0,6,56,0,62,0,6,368,0,374,0,12,424,0,436,280,0,280,716
04/12/2015,MYF,CA,AWP,WE,Towers with Radar,0,1,47,0,48,0,1,328,0,329,0,2,375,0,377,310,0,310,687
04/13/2015,MYF,CA,AWP,WE,Towers with Radar,0,3,65,3,71,0,10,287,1,298,0,13,352,4,369,433,0,433,802
04/14/2015,MYF,CA,AWP,WE,Towers with Radar,0,2,65,1,68,0,6,329,0,335,0,8,394,1,403,568,1,569,972
04/15/2015,MYF,CA,AWP,WE,Towers with Radar,0,7,60,1,68,0,9,334,2,345,0,16,394,3,413,371,0,371,784
04/16/2015,MYF,CA,AWP,WE,Towers with Radar,0,9,66,2,77,0,4,410,0,414,0,13,476,2,491,345,2,347,838
04/17/2015,MYF,CA,AWP,WE,Towers with Radar,0,7,77,0,84,0,6,354,0,360,0,13,431,0,444,292,0,292,736
04/18/2015,MYF,CA,AWP,WE,Towers with Radar,0,1,57,2,60,0,3,356,1,360,0,4,413,3,420,383,0,383,803
04/19/2015,MYF,CA,AWP,WE,Towers with Radar,1,2,68,0,71,0,3,290,0,293,1,5,358,0,364,400,0,400,764
04/20/2015,MYF,CA,AWP,WE,Towers with Radar,0,5,84,0,89,0,8,289,0,297,0,13,373,0,386,391,1,392,778
04/21/2015,MYF,CA,AWP,WE,Towers with Radar,0,4,94,0,98,0,12,301,0,313,0,16,395,0,411,511,1,512,923
04/22/2015,MYF,CA,AWP,WE,Towers with Radar,0,6,86,2,94,0,5,220,0,225,0,11,306,2,319,465,0,465,784
04/23/2015,MYF,CA,AWP,WE,Towers with Radar,0,6,86,10,102,0,9,230,3,242,0,15,316,13,344,393,0,393,737
04/24/2015,MYF,CA,AWP,WE,Towers with Radar,0,4,102,2,108,0,1,51,0,52,0,5,153,2,160,376,2,378,538
04/25/2015,MYF,CA,AWP,WE,Towers with Radar,0,8,51,0,59,0,1,130,0,131,0,9,181,0,190,196,0,196,386
04/26/2015,MYF,CA,AWP,WE,Towers with Radar,0,2,60,0,62,0,3,222,1,226,0,5,282,1,288,385,0,385,673
04/27/2015,MYF,CA,AWP,WE,Towers with Radar,0,4,47,0,51,0,3,270,0,273,0,7,317,0,324,474,0,474,798
04/28/2015,MYF,CA,AWP,WE,Towers with Radar,0,7,72,0,79,0,10,266,0,276,0,17,338,0,355,451,0,451,806
04/29/2015,MYF,CA,AWP,WE,Towers with Radar,0,5,64,0,69,0,4,283,0,287,0,9,347,0,356,404,0,404,760
04/30/2015,MYF,CA,AWP,WE,Towers with Radar,0,6,70,2,78,0,5,295,1,301,0,11,365,3,379,369,0,369,748
05/01/2015,MYF,CA,AWP,WE,Towers with Radar,0,7,51,1,59,0,4,342,1,347,0,11,393,2,406,352,0,352,758
05/02/2015,MYF,CA,AWP,WE,Towers with Radar,0,2,56,0,58,0,1,359,0,360,0,3,415,0,418,344,0,344,762
05/03/2015,MYF,CA,AWP,WE,Towers with Radar,0,1,84,0,85,0,3,256,0,259,0,4,340,0,344,380,0,380,724
05/04/2015,MYF,CA,AWP,WE,Towers with Radar,0,3,85,3,91,0,2,213,0,215,0,5,298,3,306,401,0,401,707
05/05/2015,MYF,CA,AWP,WE,Towers with Radar,0,3,84,6,93,0,5,244,0,249,0,8,328,6,342,280,0,280,622
05/06/2015,MYF,CA,AWP,WE,Towers with Radar,0,4,94,5,103,0,1,221,0,222,0,5,315,5,325,253,0,253,578
05/07/2015,MYF,CA,AWP,WE,Towers with Radar,0,3,71,6,80,0,6,189,4,199,0,9,260,10,279,189,0,189,468
05/08/2015,MYF,CA,AWP,WE,Towers with Radar,0,1,33,0,34,0,1,76,1,78,0,2,109,1,112,251,0,251,363
05/09/2015,MYF,CA,AWP,WE,Towers with Radar,0,1,88,5,94,0,2,291,1,294,0,3,379,6,388,412,0,412,800
05/10/2015,MYF,CA,AWP,WE,Towers with Radar,0,3,41,0,44,0,4,303,0,307,0,7,344,0,351,381,0,381,732
05/11/2015,MYF,CA,AWP,WE,Towers with Radar,0,9,91,0,100,0,4,294,0,298,0,13,385,0,398,327,0,327,725
05/12/2015,MYF,CA,AWP,WE,Towers with Radar,0,1,92,0,93,0,9,321,0,330,0,10,413,0,423,222,0,222,645
05/13/2015,MYF,CA,AWP,WE,Towers with Radar,0,7,65,2,74,0,3,283,0,286,0,10,348,2,360,254,0,254,614
05/14/2015,MYF,CA,AWP,WE,Towers with Radar,0,0,56,0,56,0,0,154,0,154,0,0,210,0,210,185,0,185,395
05/15/2015,MYF,CA,AWP,WE,Towers with Radar,0,0,48,1,49,0,2,78,2,82,0,2,126,3,131,176,0,176,307
05/16/2015,MYF,CA,AWP,WE,Towers with Radar,0,3,73,0,76,0,1,182,0,183,0,4,255,0,259,283,0,283,542
05/17/2015,MYF,CA,AWP,WE,Towers with Radar,0,3,69,0,72,0,4,210,0,214,0,7,279,0,286,357,0,357,643
05/18/2015,MYF,CA,AWP,WE,Towers with Radar,0,3,78,0,81,0,9,218,0,227,0,12,296,0,308,483,0,483,791
05/19/2015,MYF,CA,AWP,WE,Towers with Radar,0,4,68,0,72,0,6,238,0,244,0,10,306,0,316,412,0,412,728
05/20/2015,MYF,CA,AWP,WE,Towers with Radar,0,1,109,0,110,0,2,206,0,208,0,3,315,0,318,395,0,395,713
05/21/2015,MYF,CA,AWP,WE,Towers with Radar,0,1,93,1,95,0,0,165,0,165,0,1,258,1,260,413,0,413,673
05/22/2015,MYF,CA,AWP,WE,Towers with Radar,0,5,85,1,91,0,1,153,5,159,0,6,238,6,250,435,0,435,685
05/23/2015,MYF,CA,AWP,WE,Towers with Radar,0,3,94,0,97,0,2,200,0,202,0,5,294,0,299,478,0,478,777
05/24/2015,MYF,CA,AWP,WE,Towers with Radar,0,3,85,0,88,3,1,116,0,120,3,4,201,0,208,551,0,551,759
05/25/2015,MYF,CA,AWP,WE,Towers with Radar,0,5,101,2,108,0,5,41,0,46,0,10,142,2,154,202,0,202,356
05/26/2015,MYF,CA,AWP,WE,Towers with Radar,0,3,97,3,103,0,3,130,0,133,0,6,227,3,236,529,0,529,765
05/27/2015,MYF,CA,AWP,WE,Towers with Radar,0,2,90,3,95,0,1,117,0,118,0,3,207,3,213,361,0,361,574
05/28/2015,MYF,CA,AWP,WE,Towers with Radar,0,4,104,1,109,0,0,180,1,181,0,4,284,2,290,315,1,316,606
05/29/2015,MYF,CA,AWP,WE,Towers with Radar,0,0,91,0,91,0,0,276,1,277,0,0,367,1,368,390,0,390,758
05/30/2015,MYF,CA,AWP,WE,Towers with Radar,0,6,95,0,101,0,1,212,1,214,0,7,307,1,315,317,0,317,632
05/31/2015,MYF,CA,AWP,WE,Towers with Radar,0,4,83,0,87,0,3,169,0,172,0,7,252,0,259,295,0,295,554
06/01/2015,MYF,CA,AWP,WE,Towers with Radar,0,1,84,1,86,0,3,321,1,325,0,4,405,2,411,262,0,262,673
06/02/2015,MYF,CA,AWP,WE,Towers with Radar,0,2,73,1,76,0,5,332,0,337,0,7,405,1,413,242,0,242,655
06/03/2015,MYF,CA,AWP,WE,Towers with Radar,0,3,109,3,115,0,2,357,0,359,0,5,466,3,474,346,0,346,820
06/04/2015,MYF,CA,AWP,WE,Towers with Radar,0,4,113,5,122,0,1,297,0,298,0,5,410,5,420,232,0,232,652
06/05/2015,MYF,CA,AWP,WE,Towers with Radar,0,1,77,0,78,0,2,333,0,335,0,3,410,0,413,305,0,305,718
06/06/2015,MYF,CA,AWP,WE,Towers with Radar,0,3,69,0,72,0,5,385,0,390,0,8,454,0,462,372,0,372,834
06/07/2015,MYF,CA,AWP,WE,Towers with Radar,0,6,59,0,65,0,2,297,0,299,0,8,356,0,364,383,0,383,747
06/08/2015,MYF,CA,AWP,WE,Towers with Radar,0,0,59,0,59,0,6,307,0,313,0,6,366,0,372,413,0,413,785
06/09/2015,MYF,CA,AWP,WE,Towers with Radar,0,0,70,3,73,0,0,292,3,295,0,0,362,6,368,358,0,358,726
06/10/2015,MYF,CA,AWP,WE,Towers with Radar,0,5,119,5,129,0,5,197,0,202,0,10,316,5,331,196,2,198,529
06/11/2015,MYF,CA,AWP,WE,Towers with Radar,0,8,154,6,168,0,7,265,0,272,0,15,419,6,440,427,1,428,868
06/12/2015,MYF,CA,AWP,WE,Towers with Radar,0,4,128,2,134,0,5,183,0,188,0,9,311,2,322,165,0,165,487
06/13/2015,MYF,CA,AWP,WE,Towers with Radar,0,10,111,1,122,0,8,224,0,232,0,18,335,1,354,486,0,486,840
06/14/2015,MYF,CA,AWP,WE,Towers with Radar,0,0,79,0,79,0,1,198,0,199,0,1,277,0,278,357,0,357,635
06/15/2015,MYF,CA,AWP,WE,Towers with Radar,0,4,80,1,85,0,7,259,0,266,0,11,339,1,351,297,0,297,648
06/16/2015,MYF,CA,AWP,WE,Towers with Radar,0,1,95,0,96,0,3,331,0,334,0,4,426,0,430,323,1,324,754
06/17/2015,MYF,CA,AWP,WE,Towers with Radar,0,3,74,2,79,0,6,409,0,415,0,9,483,2,494,418,0,418,912
06/18/2015,MYF,CA,AWP,WE,Towers with Radar,0,2,63,0,65,0,5,401,0,406,0,7,464,0,471,282,0,282,753
06/19/2015,MYF,CA,AWP,WE,Towers with Radar,1,1,63,1,66,0,1,404,3,408,1,2,467,4,474,513,0,513,987
06/20/2015,MYF,CA,AWP,WE,Towers with Radar,0,4,63,1,68,0,4,323,1,328,0,8,386,2,396,473,0,473,869
06/21/2015,MYF,CA,AWP,WE,Towers with Radar,0,0,47,1,48,0,10,240,1,251,0,10,287,2,299,353,0,353,652
06/22/2015,MYF,CA,AWP,WE,Towers with Radar,0,2,60,1,63,0,2,306,0,308,0,4,366,1,371,154,0,154,525
06/23/2015,MYF,CA,AWP,WE,Towers with Radar,0,2,45,0,47,0,3,374,0,377,0,5,419,0,424,122,0,122,546
06/24/2015,MYF,CA,AWP,WE,Towers with Radar,0,2,89,0,91,0,11,407,1,419,0,13,496,1,510,133,0,133,643
06/25/2015,MYF,CA,AWP,WE,Towers with Radar,0,2,77,0,79,0,0,2,0,2,0,2,79,0,81,0,0,0,81
06/26/2015,MYF,CA,AWP,WE,Towers with Radar,0,1,64,0,65,0,1,345,0,346,0,2,409,0,411,197,0,197,608
06/27/2015,MYF,CA,AWP,WE,Towers with Radar,0,6,77,0,83,0,11,251,0,262,0,17,328,0,345,214,0,214,559
06/28/2015,MYF,CA,AWP,WE,Towers with Radar,0,2,55,0,57,0,3,248,0,251,0,5,303,0,308,284,0,284,592
06/29/2015,MYF,CA,AWP,WE,Towers with Radar,0,3,64,0,67,0,8,278,0,286,0,11,342,0,353,175,0,175,528
06/30/2015,MYF,CA,AWP,WE,Towers with Radar,0,6,44,1,51,0,14,262,1,277,0,20,306,2,328,133,0,133,461
07/01/2015,MYF,CA,AWP,WE,Towers with Radar,0,7,69,1,77,0,14,309,0,323,0,21,378,1,400,211,0,211,611
07/02/2015,MYF,CA,AWP,WE,Towers with Radar,0,4,82,3,89,0,5,312,0,317,0,9,394,3,406,112,2,114,520
07/03/2015,MYF,CA,AWP,WE,Towers with Radar,0,2,92,0,94,0,2,348,0,350,0,4,440,0,444,146,0,146,590
07/04/2015,MYF,CA,AWP,WE,Towers with Radar,0,3,48,0,51,0,2,193,0,195,0,5,241,0,246,150,0,150,396
07/05/2015,MYF,CA,AWP,WE,Towers with Radar,0,4,83,0,87,0,9,189,1,199,0,13,272,1,286,228,0,228,514
07/06/2015,MYF,CA,AWP,WE,Towers with Radar,0,5,133,2,140,0,12,226,0,238,0,17,359,2,378,299,0,299,677
07/07/2015,MYF,CA,AWP,WE,Towers with Radar,0,0,93,4,97,0,7,276,0,283,0,7,369,4,380,133,0,133,513
07/08/2015,MYF,CA,AWP,WE,Towers with Radar,0,4,123,6,133,0,5,363,0,368,0,9,486,6,501,166,6,172,673
07/09/2015,MYF,CA,AWP,WE,Towers with Radar,0,0,85,2,87,0,4,320,0,324,0,4,405,2,411,295,1,296,707
07/10/2015,MYF,CA,AWP,WE,Towers with Radar,0,3,72,4,79,0,4,382,0,386,0,7,454,4,465,221,0,221,686
07/11/2015,MYF,CA,AWP,WE,Towers with Radar,0,7,55,1,63,0,6,344,1,351,0,13,399,2,414,151,0,151,565
07/12/2015,MYF,CA,AWP,WE,Towers with Radar,0,1,54,0,55,0,0,297,0,297,0,1,351,0,352,207,0,207,559
07/13/2015,MYF,CA,AWP,WE,Towers with Radar,0,4,57,3,64,0,6,295,2,303,0,10,352,5,367,246,0,246,613
07/14/2015,MYF,CA,AWP,WE,Towers with Radar,0,4,69,3,76,0,8,312,3,323,0,12,381,6,399,243,0,243,642
07/15/2015,MYF,CA,AWP,WE,Towers with Radar,0,2,86,4,92,0,6,379,1,386,0,8,465,5,478,200,1,201,679
07/16/2015,MYF,CA,AWP,WE,Towers with Radar,0,4,70,2,76,0,2,374,0,376,0,6,444,2,452,201,1,202,654
07/17/2015,MYF,CA,AWP,WE,Towers with Radar,1,2,79,0,82,0,0,376,0,376,1,2,455,0,458,163,0,163,621
07/18/2015,MYF,CA,AWP,WE,Towers with Radar,0,8,27,0,35,0,10,72,0,82,0,18,99,0,117,127,0,127,244
07/19/2015,MYF,CA,AWP,WE,Towers with Radar,0,2,50,0,52,0,4,164,0,168,0,6,214,0,220,102,0,102,322
07/20/2015,MYF,CA,AWP,WE,Towers with Radar,0,3,84,4,91,0,9,233,0,242,0,12,317,4,333,186,0,186,519
07/21/2015,MYF,CA,AWP,WE,Towers with Radar,0,8,90,11,109,0,23,238,6,267,0,31,328,17,376,190,0,190,566
07/22/2015,MYF,CA,AWP,WE,Towers with Radar,0,1,73,3,77,0,7,280,0,287,0,8,353,3,364,234,1,235,599
07/23/2015,MYF,CA,AWP,WE,Towers with Radar,0,0,81,2,83,0,2,334,0,336,0,2,415,2,419,128,0,128,547
07/24/2015,MYF,CA,AWP,WE,Towers with Radar,0,0,69,3,72,0,2,339,2,343,0,2,408,5,415,181,0,181,596
07/25/2015,MYF,CA,AWP,WE,Towers with Radar,0,1,54,2,57,0,1,336,0,337,0,2,390,2,394,197,0,197,591
07/26/2015,MYF,CA,AWP,WE,Towers with Radar,0,0,52,0,52,0,1,232,0,233,0,1,284,0,285,181,0,181,466
07/27/2015,MYF,CA,AWP,WE,Towers with Radar,0,0,59,3,62,0,8,250,1,259,0,8,309,4,321,207,0,207,528
07/28/2015,MYF,CA,AWP,WE,Towers with Radar,0,0,72,0,72,0,2,227,0,229,0,2,299,0,301,225,0,225,526
07/29/2015,MYF,CA,AWP,WE,Towers with Radar,0,0,67,4,71,0,6,277,1,284,0,6,344,5,355,213,0,213,568
07/30/2015,MYF,CA,AWP,WE,Towers with Radar,0,0,69,0,69,0,9,258,2,269,0,9,327,2,338,285,0,285,623
07/31/2015,MYF,CA,AWP,WE,Towers with Radar,0,2,63,2,67,0,1,268,0,269,0,3,331,2,336,203,0,203,539
08/01/2015,MYF,CA,AWP,WE,Towers with Radar,0,7,76,0,83,0,9,266,0,275,0,16,342,0,358,162,0,162,520
08/02/2015,MYF,CA,AWP,WE,Towers with Radar,0,3,82,0,85,0,6,267,0,273,0,9,349,0,358,173,0,173,531
08/03/2015,MYF,CA,AWP,WE,Towers with Radar,0,4,55,0,59,0,9,318,0,327,0,13,373,0,386,246,0,246,632
08/04/2015,MYF,CA,AWP,WE,Towers with Radar,0,0,68,2,70,0,5,339,0,344,0,5,407,2,414,158,0,158,572
08/05/2015,MYF,CA,AWP,WE,Towers with Radar,0,3,69,0,72,0,4,334,0,338,0,7,403,0,410,132,1,133,543
08/06/2015,MYF,CA,AWP,WE,Towers with Radar,0,5,70,2,77,0,11,373,0,384,0,16,443,2,461,199,0,199,660
08/07/2015,MYF,CA,AWP,WE,Towers with Radar,0,3,56,3,62,0,5,335,0,340,0,8,391,3,402,181,0,181,583
08/08/2015,MYF,CA,AWP,WE,Towers with Radar,0,7,49,0,56,0,4,325,0,329,0,11,374,0,385,237,0,237,622
08/09/2015,MYF,CA,AWP,WE,Towers with Radar,0,4,54,0,58,0,1,179,0,180,0,5,233,0,238,193,0,193,431
08/10/2015,MYF,CA,AWP,WE,Towers with Radar,0,1,56,2,59,0,7,229,4,240,0,8,285,6,299,203,0,203,502
08/11/2015,MYF,CA,AWP,WE,Towers with Radar,0,1,68,1,70,0,2,239,2,243,0,3,307,3,313,255,0,255,568
08/12/2015,MYF,CA,AWP,WE,Towers with Radar,0,4,62,0,66,0,2,254,0,256,0,6,316,0,322,119,0,119,441
08/13/2015,MYF,CA,AWP,WE,Towers with Radar,0,2,69,1,72,0,2,314,2,318,0,4,383,3,390,213,1,214,604
08/14/2015,MYF,CA,AWP,WE,Towers with Radar,0,0,48,2,50,0,3,294,0,297,0,3,342,2,347,174,0,174,521
08/15/2015,MYF,CA,AWP,WE,Towers with Radar,0,4,50,0,54,0,1,354,0,355,0,5,404,0,409,150,0,150,559
08/16/2015,MYF,CA,AWP,WE,Towers with Radar,0,2,42,0,44,0,4,251,0,255,0,6,293,0,299,167,0,167,466
08/17/2015,MYF,CA,AWP,WE,Towers with Radar,0,0,73,2,75,0,5,147,0,152,0,5,220,2,227,159,0,159,386
08/18/2015,MYF,CA,AWP,WE,Towers with Radar,0,0,64,5,69,0,10,219,1,230,0,10,283,6,299,182,2,184,483
08/19/2015,MYF,CA,AWP,WE,Towers with Radar,0,4,88,1,93,0,4,245,2,251,0,8,333,3,344,255,0,255,599
08/20/2015,MYF,CA,AWP,WE,Towers with Radar,0,3,90,1,94,0,1,234,1,236,0,4,324,2,330,124,0,124,454
08/21/2015,MYF,CA,AWP,WE,Towers with Radar,0,3,86,0,89,0,5,239,0,244,0,8,325,0,333,187,1,188,521
08/22/2015,MYF,CA,AWP,WE,Towers with Radar,0,2,48,2,52,0,1,289,0,290,0,3,337,2,342,230,0,230,572
08/23/2015,MYF,CA,AWP,WE,Towers with Radar,0,7,70,0,77,0,2,217,0,219,0,9,287,0,296,168,0,168,464
08/24/2015,MYF,CA,AWP,WE,Towers with Radar,0,3,62,0,65,0,5,228,0,233,0,8,290,0,298,353,0,353,651
08/25/2015,MYF,CA,AWP,WE,Towers with Radar,0,0,88,2,90,0,1,76,0,77,0,1,164,2,167,170,0,170,337
08/26/2015,MYF,CA,AWP,WE,Towers with Radar,0,5,71,0,76,0,2,290,0,292,0,7,361,0,368,165,0,165,533
08/27/2015,MYF,CA,AWP,WE,Towers with Radar,0,0,68,1,69,0,2,271,0,273,0,2,339,1,342,283,0,283,625
08/28/2015,MYF,CA,AWP,WE,Towers with Radar,0,0,29,0,29,0,0,293,1,294,0,0,322,1,323,248,0,248,571
08/29/2015,MYF,CA,AWP,WE,Towers with Radar,0,4,48,0,52,0,6,282,0,288,0,10,330,0,340,176,0,176,516
08/30/2015,MYF,CA,AWP,WE,Towers with Radar,0,1,44,0,45,0,8,191,0,199,0,9,235,0,244,238,0,238,482
08/31/2015,MYF,CA,AWP,WE,Towers with Radar,0,1,61,1,63,0,1,193,1,195,0,2,254,2,258,130,0,130,388
09/01/2015,MYF,CA,AWP,WE,Towers with Radar,0,10,71,4,85,0,6,236,0,242,0,16,307,4,327,176,0,176,503
09/02/2015,MYF,CA,AWP,WE,Towers with Radar,0,5,71,1,77,0,2,253,0,255,0,7,324,1,332,205,0,205,537
09/03/2015,MYF,CA,AWP,WE,Towers with Radar,0,3,55,0,58,0,8,238,0,246,0,11,293,0,304,225,0,225,529
09/04/2015,MYF,CA,AWP,WE,Towers with Radar,0,2,75,2,79,0,2,322,0,324,0,4,397,2,403,148,0,148,551
09/05/2015,MYF,CA,AWP,WE,Towers with Radar,0,2,49,0,51,0,1,238,6,245,0,3,287,6,296,123,0,123,419
09/06/2015,MYF,CA,AWP,WE,Towers with Radar,0,0,36,0,36,0,3,196,3,202,0,3,232,3,238,209,0,209,447
09/07/2015,MYF,CA,AWP,WE,Towers with Radar,0,4,41,0,45,0,1,228,1,230,0,5,269,1,275,116,0,116,391
09/08/2015,MYF,CA,AWP,WE,Towers with Radar,0,2,51,0,53,0,3,263,0,266,0,5,314,0,319,132,0,132,451
09/09/2015,MYF,CA,AWP,WE,Towers with Radar,0,2,39,2,43,0,11,204,4,219,0,13,243,6,262,174,0,174,436
09/10/2015,MYF,CA,AWP,WE,Towers with Radar,0,2,36,0,38,0,5,308,0,313,0,7,344,0,351,201,0,201,552
09/11/2015,MYF,CA,AWP,WE,Towers with Radar,0,2,47,1,50,0,1,265,2,268,0,3,312,3,318,213,0,213,531
09/12/2015,MYF,CA,AWP,WE,Towers with Radar,0,4,22,0,26,0,1,264,0,265,0,5,286,0,291,216,0,216,507
09/13/2015,MYF,CA,AWP,WE,Towers with Radar,0,0,35,0,35,0,1,210,0,211,0,1,245,0,246,105,0,105,351
09/14/2015,MYF,CA,AWP,WE,Towers with Radar,0,1,65,3,69,0,1,207,0,208,0,2,272,3,277,190,0,190,467
09/15/2015,MYF,CA,AWP,WE,Towers with Radar,0,4,39,2,45,0,3,52,0,55,0,7,91,2,100,10,0,10,110
09/16/2015,MYF,CA,AWP,WE,Towers with Radar,0,4,68,0,72,0,3,188,0,191,0,7,256,0,263,236,0,236,499
09/17/2015,MYF,CA,AWP,WE,Towers with Radar,0,3,66,1,70,0,3,356,1,360,0,6,422,2,430,214,0,214,644
09/18/2015,MYF,CA,AWP,WE,Towers with Radar,0,1,67,2,70,0,6,375,1,382,0,7,442,3,452,154,0,154,606
09/19/2015,MYF,CA,AWP,WE,Towers with Radar,0,6,37,0,43,0,7,289,0,296,0,13,326,0,339,212,0,212,551
09/20/2015,MYF,CA,AWP,WE,Towers with Radar,0,3,40,0,43,0,2,224,0,226,0,5,264,0,269,82,0,82,351
09/21/2015,MYF,CA,AWP,WE,Towers with Radar,0,4,67,0,71,0,5,64,0,69,0,9,131,0,140,202,0,202,342
09/22/2015,MYF,CA,AWP,WE,Towers with Radar,0,1,51,0,52,0,9,237,2,248,0,10,288,2,300,190,0,190,490
09/23/2015,MYF,CA,AWP,WE,Towers with Radar,0,1,49,0,50,0,11,278,2,291,0,12,327,2,341,196,0,196,537
09/24/2015,MYF,CA,AWP,WE,Towers with Radar,0,1,50,4,55,0,5,280,1,286,0,6,330,5,341,190,8,198,539
09/25/2015,MYF,CA,AWP,WE,Towers with Radar,0,8,54,0,62,0,8,399,0,407,0,16,453,0,469,143,0,143,612
09/26/2015,MYF,CA,AWP,WE,Towers with Radar,0,2,26,0,28,0,4,333,0,337,0,6,359,0,365,220,0,220,585
09/27/2015,MYF,CA,AWP,WE,Towers with Radar,0,7,47,0,54,0,11,247,0,258,0,18,294,0,312,174,0,174,486
09/28/2015,MYF,CA,AWP,WE,Towers with Radar,0,1,51,1,53,0,8,272,0,280,0,9,323,1,333,222,5,227,560
09/29/2015,MYF,CA,AWP,WE,Towers with Radar,0,1,52,1,54,0,4,359,1,364,0,5,411,2,418,216,1,217,635
09/30/2015,MYF,CA,AWP,WE,Towers with Radar,0,5,31,0,36,0,8,311,0,319,0,13,342,0,355,238,2,240,595
10/01/2015,MYF,CA,AWP,WE,Towers with Radar,0,1,31,2,34,0,12,166,0,178,0,13,197,2,212,150,2,152,364
10/02/2015,MYF,CA,AWP,WE,Towers with Radar,0,2,38,1,41,0,0,194,0,194,0,2,232,1,235,146,0,146,381
10/03/2015,MYF,CA,AWP,WE,Towers with Radar,0,2,29,1,32,0,4,167,0,171,0,6,196,1,203,262,0,262,465
10/04/2015,MYF,CA,AWP,WE,Towers with Radar,0,5,50,0,55,0,6,71,0,77,0,11,121,0,132,122,0,122,254
10/05/2015,MYF,CA,AWP,WE,Towers with Radar,0,0,52,4,56,0,0,91,0,91,0,0,143,4,147,54,0,54,201
10/06/2015,MYF,CA,AWP,WE,Towers with Radar,0,2,47,1,50,0,6,363,1,370,0,8,410,2,420,92,0,92,512
10/07/2015,MYF,CA,AWP,WE,Towers with Radar,0,2,48,0,50,0,6,331,4,341,0,8,379,4,391,182,0,182,573
10/08/2015,MYF,CA,AWP,WE,Towers with Radar,0,0,54,2,56,0,10,324,3,337,0,10,378,5,393,217,0,217,610
10/09/2015,MYF,CA,AWP,WE,Towers with Radar,0,2,28,0,30,0,10,306,1,317,0,12,334,1,347,214,0,214,561
10/10/2015,MYF,CA,AWP,WE,Towers with Radar,0,2,26,0,28,0,5,268,0,273,0,7,294,0,301,194,0,194,495
10/11/2015,MYF,CA,AWP,WE,Towers with Radar,0,0,16,0,16,0,0,31,1,32,0,0,47,1,48,0,0,0,48
10/12/2015,MYF,CA,AWP,WE,Towers with Radar,0,0,34,2,36,0,2,142,0,144,0,2,176,2,180,57,0,57,237
10/13/2015,MYF,CA,AWP,WE,Towers with Radar,0,5,54,1,60,0,11,327,1,339,0,16,381,2,399,205,0,205,604
10/14/2015,MYF,CA,AWP,WE,Towers with Radar,0,4,44,1,49,0,7,319,2,328,0,11,363,3,377,168,0,168,545
10/15/2015,MYF,CA,AWP,WE,Towers with Radar,0,0,100,4,104,0,2,168,0,170,0,2,268,4,274,176,0,176,450
10/16/2015,MYF,CA,AWP,WE,Towers with Radar,0,4,103,6,113,0,4,113,0,117,0,8,216,6,230,12,0,12,242
10/17/2015,MYF,CA,AWP,WE,Towers with Radar,0,5,107,0,112,0,3,199,0,202,0,8,306,0,314,307,0,307,621
10/18/2015,MYF,CA,AWP,WE,Towers with Radar,0,2,66,0,68,0,2,132,0,134,0,4,198,0,202,437,1,438,640
10/19/2015,MYF,CA,AWP,WE,Towers with Radar,0,2,60,0,62,0,6,272,0,278,0,8,332,0,340,318,0,318,658
10/20/2015,MYF,CA,AWP,WE,Towers with Radar,0,3,48,1,52,0,8,328,0,336,0,11,376,1,388,217,2,219,607
10/21/2015,MYF,CA,AWP,WE,Towers with Radar,0,0,60,1,61,0,5,323,1,329,0,5,383,2,390,253,0,253,643
10/22/2015,MYF,CA,AWP,WE,Towers with Radar,0,0,72,1,73,0,5,296,0,301,0,5,368,1,374,222,0,222,596
10/23/2015,MYF,CA,AWP,WE,Towers with Radar,0,0,51,1,52,0,4,355,0,359,0,4,406,1,411,194,0,194,605
10/24/2015,MYF,CA,AWP,WE,Towers with Radar,0,5,60,0,65,0,11,348,0,359,0,16,408,0,424,269,0,269,693
10/25/2015,MYF,CA,AWP,WE,Towers with Radar,0,0,62,0,62,0,2,303,0,305,0,2,365,0,367,93,0,93,460
10/26/2015,MYF,CA,AWP,WE,Towers with Radar,0,4,53,1,58,0,5,331,1,337,0,9,384,2,395,269,0,269,664
10/27/2015,MYF,CA,AWP,WE,Towers with Radar,0,2,53,0,55,0,3,309,0,312,0,5,362,0,367,260,0,260,627
10/28/2015,MYF,CA,AWP,WE,Towers with Radar,0,0,56,0,56,0,9,269,0,278,0,9,325,0,334,250,0,250,584
10/29/2015,MYF,CA,AWP,WE,Towers with Radar,0,0,40,1,41,0,8,187,0,195,0,8,227,1,236,274,0,274,510
10/30/2015,MYF,CA,AWP,WE,Towers with Radar,0,3,47,0,50,0,1,224,0,225,0,4,271,0,275,170,0,170,445
10/31/2015,MYF,CA,AWP,WE,Towers with Radar,0,4,35,0,39,0,2,245,0,247,0,6,280,0,286,244,0,244,530
11/01/2015,MYF,CA,AWP,WE,Towers with Radar,0,6,30,0,36,0,3,287,0,290,0,9,317,0,326,297,0,297,623
11/02/2015,MYF,CA,AWP,WE,Towers with Radar,0,1,50,0,51,0,2,164,0,166,0,3,214,0,217,199,0,199,416
11/03/2015,MYF,CA,AWP,WE,Towers with Radar,0,3,54,4,61,0,1,155,0,156,0,4,209,4,217,236,0,236,453
11/04/2015,MYF,CA,AWP,WE,Towers with Radar,0,5,85,1,91,0,14,249,0,263,0,19,334,1,354,187,0,187,541
11/05/2015,MYF,CA,AWP,WE,Towers with Radar,0,0,65,1,66,0,2,310,0,312,0,2,375,1,378,197,0,197,575
11/06/2015,MYF,CA,AWP,WE,Towers with Radar,0,4,65,2,71,0,7,344,0,351,0,11,409,2,422,272,0,272,694
11/07/2015,MYF,CA,AWP,WE,Towers with Radar,0,2,44,0,46,0,6,322,0,328,0,8,366,0,374,202,0,202,576
11/08/2015,MYF,CA,AWP,WE,Towers with Radar,0,3,45,0,48,0,3,323,0,326,0,6,368,0,374,169,0,169,543
11/09/2015,MYF,CA,AWP,WE,Towers with Radar,0,6,69,4,79,0,4,181,0,185,0,10,250,4,264,146,0,146,410
11/10/2015,MYF,CA,AWP,WE,Towers with Radar,0,7,44,3,54,0,18,214,0,232,0,25,258,3,286,176,1,177,463
11/11/2015,MYF,CA,AWP,WE,Towers with Radar,0,0,49,0,49,0,6,346,0,352,0,6,395,0,401,203,0,203,604
11/12/2015,MYF,CA,AWP,WE,Towers with Radar,0,0,53,0,53,0,7,286,1,294,0,7,339,1,347,205,0,205,552
11/13/2015,MYF,CA,AWP,WE,Towers with Radar,0,1,64,0,65,0,5,351,0,356,0,6,415,0,421,178,1,179,600
11/14/2015,MYF,CA,AWP,WE,Towers with Radar,0,2,52,0,54,0,3,382,0,385,0,5,434,0,439,115,0,115,554
11/15/2015,MYF,CA,AWP,WE,Towers with Radar,0,12,51,0,63,0,13,104,0,117,0,25,155,0,180,175,0,175,355
11/16/2015,MYF,CA,AWP,WE,Towers with Radar,0,3,24,0,27,0,5,103,0,108,0,8,127,0,135,111,0,111,246
11/17/2015,MYF,CA,AWP,WE,Towers with Radar,0,4,62,0,66,0,17,380,1,398,0,21,442,1,464,225,0,225,689
11/18/2015,MYF,CA,AWP,WE,Towers with Radar,0,4,69,0,73,0,8,264,0,272,0,12,333,0,345,330,0,330,675
11/19/2015,MYF,CA,AWP,WE,Towers with Radar,0,13,74,2,89,0,2,267,0,269,0,15,341,2,358,245,0,245,603
11/20/2015,MYF,CA,AWP,WE,Towers with Radar,0,2,59,1,62,0,3,302,0,305,0,5,361,1,367,247,0,247,614
11/21/2015,MYF,CA,AWP,WE,Towers with Radar,0,5,43,0,48,0,0,336,0,336,0,5,379,0,384,143,0,143,527
11/22/2015,MYF,CA,AWP,WE,Towers with Radar,0,2,35,0,37,0,0,275,0,275,0,2,310,0,312,65,0,65,377
11/23/2015,MYF,CA,AWP,WE,Towers with Radar,0,2,48,0,50,0,0,292,3,295,0,2,340,3,345,270,0,270,615
11/24/2015,MYF,CA,AWP,WE,Towers with Radar,0,3,74,1,78,0,9,209,0,218,0,12,283,1,296,204,0,204,500
11/25/2015,MYF,CA,AWP,WE,Towers with Radar,0,0,75,0,75,0,4,143,0,147,0,4,218,0,222,180,0,180,402
11/26/2015,MYF,CA,AWP,WE,Towers with Radar,0,4,17,0,21,0,1,79,0,80,0,5,96,0,101,59,0,59,160
11/27/2015,MYF,CA,AWP,WE,Towers with Radar,0,3,48,0,51,0,4,123,0,127,0,7,171,0,178,216,0,216,394
11/28/2015,MYF,CA,AWP,WE,Towers with Radar,0,3,41,0,44,0,0,229,0,229,0,3,270,0,273,184,2,186,459
11/29/2015,MYF,CA,AWP,WE,Towers with Radar,0,3,70,1,74,0,0,234,0,234,0,3,304,1,308,133,1,134,442
11/30/2015,MYF,CA,AWP,WE,Towers with Radar,0,2,59,0,61,0,1,195,2,198,0,3,254,2,259,208,0,208,467
12/01/2015,MYF,CA,AWP,WE,Towers with Radar,0,5,60,0,65,0,8,344,1,353,0,13,404,1,418,225,0,225,643
12/02/2015,MYF,CA,AWP,WE,Towers with Radar,0,0,58,1,59,0,0,281,0,281,0,0,339,1,340,155,0,155,495
12/03/2015,MYF,CA,AWP,WE,Towers with Radar,0,6,56,2,64,0,13,264,0,277,0,19,320,2,341,182,0,182,523
12/04/2015,MYF,CA,AWP,WE,Towers with Radar,0,0,55,2,57,0,0,242,0,242,0,0,297,2,299,177,0,177,476
12/05/2015,MYF,CA,AWP,WE,Towers with Radar,0,12,47,0,59,0,5,319,2,326,0,17,366,2,385,108,0,108,493
12/06/2015,MYF,CA,AWP,WE,Towers with Radar,0,0,45,0,45,0,4,247,0,251,0,4,292,0,296,41,0,41,337
12/07/2015,MYF,CA,AWP,WE,Towers with Radar,0,6,55,1,62,0,4,262,2,268,0,10,317,3,330,238,0,238,568
12/08/2015,MYF,CA,AWP,WE,Towers with Radar,0,2,61,0,63,0,6,320,0,326,0,8,381,0,389,280,0,280,669
12/09/2015,MYF,CA,AWP,WE,Towers with Radar,0,0,56,0,56,0,21,321,1,343,0,21,377,1,399,290,0,290,689
12/10/2015,MYF,CA,AWP,WE,Towers with Radar,0,3,63,7,73,0,3,200,0,203,0,6,263,7,276,235,0,235,511
12/11/2015,MYF,CA,AWP,WE,Towers with Radar,0,6,43,2,51,0,6,97,0,103,0,12,140,2,154,89,1,90,244
12/12/2015,MYF,CA,AWP,WE,Towers with Radar,0,2,50,0,52,0,2,332,0,334,0,4,382,0,386,118,1,119,505
12/13/2015,MYF,CA,AWP,WE,Towers with Radar,0,2,44,0,46,0,11,209,0,220,0,13,253,0,266,169,0,169,435
12/14/2015,MYF,CA,AWP,WE,Towers with Radar,0,4,51,3,58,0,5,183,1,189,0,9,234,4,247,254,0,254,501
12/15/2015,MYF,CA,AWP,WE,Towers with Radar,0,4,36,2,42,0,8,266,4,278,0,12,302,6,320,201,0,201,521
12/16/2015,MYF,CA,AWP,WE,Towers with Radar,0,6,43,0,49,0,7,311,1,319,0,13,354,1,368,187,0,187,555
12/17/2015,MYF,CA,AWP,WE,Towers with Radar,0,5,45,0,50,0,9,318,0,327,0,14,363,0,377,152,0,152,529
12/18/2015,MYF,CA,AWP,WE,Towers with Radar,0,2,47,2,51,0,8,330,0,338,0,10,377,2,389,214,0,214,603
12/19/2015,MYF,CA,AWP,WE,Towers with Radar,0,13,52,0,65,0,13,241,1,255,0,26,293,1,320,230,0,230,550
12/20/2015,MYF,CA,AWP,WE,Towers with Radar,0,5,47,0,52,0,3,204,0,207,0,8,251,0,259,94,0,94,353
12/21/2015,MYF,CA,AWP,WE,Towers with Radar,0,0,29,0,29,0,0,260,0,260,0,0,289,0,289,200,0,200,489
12/22/2015,MYF,CA,AWP,WE,Towers with Radar,0,1,25,3,29,0,1,36,0,37,0,2,61,3,66,16,0,16,82
12/23/2015,MYF,CA,AWP,WE,Towers with Radar,0,2,66,1,69,0,19,118,0,137,0,21,184,1,206,31,0,31,237
12/24/2015,MYF,CA,AWP,WE,Towers with Radar,0,0,31,0,31,0,3,125,0,128,0,3,156,0,159,158,0,158,317
12/25/2015,MYF,CA,AWP,WE,Towers with Radar,0,4,7,0,11,0,4,45,1,50,0,8,52,1,61,78,0,78,139
12/26/2015,MYF,CA,AWP,WE,Towers with Radar,0,6,18,0,24,0,5,123,0,128,0,11,141,0,152,108,0,108,260
12/27/2015,MYF,CA,AWP,WE,Towers with Radar,0,2,34,1,37,0,3,217,1,221,0,5,251,2,258,151,0,151,409
12/28/2015,MYF,CA,AWP,WE,Towers with Radar,0,6,46,0,52,0,0,122,0,122,0,6,168,0,174,166,0,166,340
12/29/2015,MYF,CA,AWP,WE,Towers with Radar,0,6,53,1,60,0,2,255,2,259,0,8,308,3,319,192,0,192,511
12/30/2015,MYF,CA,AWP,WE,Towers with Radar,0,3,58,0,61,0,20,319,0,339,0,23,377,0,400,98,0,98,498
12/31/2015,MYF,CA,AWP,WE,Towers with Radar,0,0,33,0,33,0,2,280,1,283,0,2,313,1,316,121,0,121,437
01/01/2016,MYF,CA,AWP,WE,Towers with Radar,0,6,19,0,25,0,3,153,0,156,0,9,172,0,181,56,0,56,237
01/02/2016,MYF,CA,AWP,WE,Towers with Radar,0,2,47,0,49,0,3,249,0,252,0,5,296,0,301,94,0,94,395
01/03/2016,MYF,CA,AWP,WE,Towers with Radar,0,2,45,0,47,0,3,117,0,120,0,5,162,0,167,221,0,221,388
01/04/2016,MYF,CA,AWP,WE,Towers with Radar,0,7,49,4,60,0,0,45,0,45,0,7,94,4,105,156,0,156,261
01/05/2016,MYF,CA,AWP,WE,Towers with Radar,0,3,17,3,23,0,3,10,0,13,0,6,27,3,36,0,0,0,36
01/06/2016,MYF,CA,AWP,WE,Towers with Radar,0,1,33,5,39,0,2,30,0,32,0,3,63,5,71,120,0,120,191
01/07/2016,MYF,CA,AWP,WE,Towers with Radar,0,2,20,4,26,0,2,26,0,28,0,4,46,4,54,95,1,96,150
01/08/2016,MYF,CA,AWP,WE,Towers with Radar,0,2,53,1,56,0,8,184,0,192,0,10,237,1,248,178,1,179,427
01/09/2016,MYF,CA,AWP,WE,Towers with Radar,0,2,55,0,57,0,7,225,0,232,0,9,280,0,289,184,0,184,473
01/10/2016,MYF,CA,AWP,WE,Towers with Radar,0,2,55,0,57,0,0,15,0,15,0,2,70,0,72,144,0,144,216
01/11/2016,MYF,CA,AWP,WE,Towers with Radar,0,5,77,0,82,0,7,222,0,229,0,12,299,0,311,156,0,156,467
01/12/2016,MYF,CA,AWP,WE,Towers with Radar,0,1,65,0,66,0,17,283,0,300,0,18,348,0,366,119,0,119,485
01/13/2016,MYF,CA,AWP,WE,Towers with Radar,0,4,45,0,49,0,9,218,0,227,0,13,263,0,276,228,0,228,504
01/14/2016,MYF,CA,AWP,WE,Towers with Radar,0,1,93,1,95,0,5,219,1,225,0,6,312,2,320,162,0,162,482
01/15/2016,MYF,CA,AWP,WE,Towers with Radar,0,8,73,2,83,0,4,91,0,95,0,12,164,2,178,185,0,185,363
01/16/2016,MYF,CA,AWP,WE,Towers with Radar,0,7,53,0,60,0,1,253,0,254,0,8,306,0,314,204,0,204,518
01/17/2016,MYF,CA,AWP,WE,Towers with Radar,0,3,47,0,50,0,3,173,0,176,0,6,220,0,226,189,0,189,415
01/18/2016,MYF,CA,AWP,WE,Towers with Radar,0,5,80,4,89,0,2,122,0,124,0,7,202,4,213,288,0,288,501
01/19/2016,MYF,CA,AWP,WE,Towers with Radar,0,1,67,2,70,0,12,131,3,146,0,13,198,5,216,172,2,174,390
01/20/2016,MYF,CA,AWP,WE,Towers with Radar,0,4,81,1,86,0,4,164,0,168,0,8,245,1,254,181,0,181,435
01/21/2016,MYF,CA,AWP,WE,Towers with Radar,0,3,59,3,65,0,3,233,0,236,0,6,292,3,301,254,0,254,555
01/22/2016,MYF,CA,AWP,WE,Towers with Radar,0,3,61,0,64,0,3,262,0,265,0,6,323,0,329,204,0,204,533
01/23/2016,MYF,CA,AWP,WE,Towers with Radar,0,4,54,0,58,0,8,101,1,110,0,12,155,1,168,247,0,247,415
01/24/2016,MYF,CA,AWP,WE,Towers with Radar,0,2,35,1,38,0,4,207,1,212,0,6,242,2,250,195,0,195,445
01/25/2016,MYF,CA,AWP,WE,Towers with Radar,0,3,50,0,53,0,1,248,0,249,0,4,298,0,302,269,0,269,571
01/26/2016,MYF,CA,AWP,WE,Towers with Radar,0,1,69,0,70,0,4,263,2,269,0,5,332,2,339,63,0,63,402
01/27/2016,MYF,CA,AWP,WE,Towers with Radar,0,1,76,1,78,0,3,262,2,267,0,4,338,3,345,143,0,143,488
01/28/2016,MYF,CA,AWP,WE,Towers with Radar,0,4,71,4,79,0,2,272,0,274,0,6,343,4,353,158,0,158,511
01/29/2016,MYF,CA,AWP,WE,Towers with Radar,0,1,53,0,54,0,1,254,0,255,0,2,307,0,309,175,0,175,484
01/30/2016,MYF,CA,AWP,WE,Towers with Radar,0,2,108,1,111,0,7,62,0,69,0,9,170,1,180,228,0,228,408
01/31/2016,MYF,CA,AWP,WE,Towers with Radar,0,0,14,0,14,0,0,3,0,3,0,0,17,0,17,17,0,17,34
02/01/2016,MYF,CA,AWP,WE,Towers with Radar,0,2,25,0,27,0,6,87,0,93,0,8,112,0,120,139,0,139,259
02/02/2016,MYF,CA,AWP,WE,Towers with Radar,0,0,50,0,50,0,10,269,0,279,0,10,319,0,329,244,0,244,573
02/03/2016,MYF,CA,AWP,WE,Towers with Radar,0,1,63,1,65,0,0,290,0,290,0,1,353,1,355,240,0,240,595
02/04/2016,MYF,CA,AWP,WE,Towers with Radar,0,3,78,0,81,0,5,244,1,250,0,8,322,1,331,117,0,117,448
02/05/2016,MYF,CA,AWP,WE,Towers with Radar,0,2,70,0,72,0,4,298,0,302,0,6,368,0,374,223,0,223,597
02/06/2016,MYF,CA,AWP,WE,Towers with Radar,0,6,52,0,58,0,10,345,0,355,0,16,397,0,413,232,0,232,645
02/07/2016,MYF,CA,AWP,WE,Towers with Radar,0,5,34,0,39,0,8,185,0,193,0,13,219,0,232,348,0,348,580
02/08/2016,MYF,CA,AWP,WE,Towers with Radar,0,0,51,1,52,0,0,217,1,218,0,0,268,2,270,207,0,207,477
02/09/2016,MYF,CA,AWP,WE,Towers with Radar,0,5,75,1,81,0,1,259,0,260,0,6,334,1,341,194,0,194,535
02/10/2016,MYF,CA,AWP,WE,Towers with Radar,0,0,97,3,100,0,13,279,2,294,0,13,376,5,394,181,0,181,575
02/11/2016,MYF,CA,AWP,WE,Towers with Radar,0,3,91,1,95,0,6,235,1,242,0,9,326,2,337,160,0,160,497
02/12/2016,MYF,CA,AWP,WE,Towers with Radar,0,4,84,1,89,0,17,300,0,317,0,21,384,1,406,147,0,147,553
02/13/2016,MYF,CA,AWP,WE,Towers with Radar,0,4,48,0,52,0,11,377,0,388,0,15,425,0,440,143,0,143,583
02/14/2016,MYF,CA,AWP,WE,Towers with Radar,0,1,29,1,31,0,6,356,0,362,0,7,385,1,393,167,0,167,560
02/15/2016,MYF,CA,AWP,WE,Towers with Radar,0,2,76,0,78,0,2,316,1,319,0,4,392,1,397,91,0,91,488
02/16/2016,MYF,CA,AWP,WE,Towers with Radar,0,4,53,0,57,0,11,243,0,254,0,15,296,0,311,164,0,164,475
02/17/2016,MYF,CA,AWP,WE,Towers with Radar,0,3,61,0,64,0,4,211,1,216,0,7,272,1,280,213,0,213,493
02/18/2016,MYF,CA,AWP,WE,Towers with Radar,0,2,101,1,104,0,6,73,1,80,0,8,174,2,184,267,0,267,451
02/19/2016,MYF,CA,AWP,WE,Towers with Radar,0,5,78,0,83,0,4,250,0,254,0,9,328,0,337,162,1,163,500
02/20/2016,MYF,CA,AWP,WE,Towers with Radar,0,3,67,0,70,0,3,321,0,324,0,6,388,0,394,133,0,133,527
02/21/2016,MYF,CA,AWP,WE,Towers with Radar,0,2,52,0,54,0,4,276,0,280,0,6,328,0,334,195,0,195,529
02/22/2016,MYF,CA,AWP,WE,Towers with Radar,0,6,57,2,65,0,3,234,1,238,0,9,291,3,303,214,0,214,517
02/23/2016,MYF,CA,AWP,WE,Towers with Radar,0,3,86,2,91,0,16,246,0,262,0,19,332,2,353,306,0,306,659
02/24/2016,MYF,CA,AWP,WE,Towers with Radar,0,7,83,0,90,0,8,232,0,240,0,15,315,0,330,179,1,180,510
02/25/2016,MYF,CA,AWP,WE,Towers with Radar,0,5,66,0,71,0,8,340,0,348,0,13,406,0,419,235,0,235,654
02/26/2016,MYF,CA,AWP,WE,Towers with Radar,0,8,54,0,62,0,3,264,0,267,0,11,318,0,329,194,0,194,523
02/27/2016,MYF,CA,AWP,WE,Towers with Radar,0,4,62,0,66,0,4,258,0,262,0,8,320,0,328,209,0,209,537
02/28/2016,MYF,CA,AWP,WE,Towers with Radar,0,2,53,0,55,0,4,190,0,194,0,6,243,0,249,187,0,187,436
02/29/2016,MYF,CA,AWP,WE,Towers with Radar,0,2,80,0,82,0,1,207,0,208,0,3,287,0,290,221,0,221,511
03/01/2016,MYF,CA,AWP,WE,Towers with Radar,0,3,62,0,65,0,1,139,0,140,0,4,201,0,205,268,0,268,473
03/02/2016,MYF,CA,AWP,WE,Towers with Radar,0,0,74,0,74,0,7,214,0,221,0,7,288,0,295,238,0,238,533
03/03/2016,MYF,CA,AWP,WE,Towers with Radar,0,2,63,1,66,0,4,203,0,207,0,6,266,1,273,334,0,334,607
03/04/2016,MYF,CA,AWP,WE,Towers with Radar,0,2,101,1,104,0,4,202,0,206,0,6,303,1,310,302,0,302,612
03/05/2016,MYF,CA,AWP,WE,Towers with Radar,0,5,57,2,64,0,6,220,0,226,0,11,277,2,290,271,0,271,561
03/06/2016,MYF,CA,AWP,WE,Towers with Radar,0,1,28,0,29,0,1,46,1,48,0,2,74,1,77,204,0,204,281
03/07/2016,MYF,CA,AWP,WE,Towers with Radar,0,2,19,0,21,0,1,24,0,25,0,3,43,0,46,51,1,52,98
03/08/2016,MYF,CA,AWP,WE,Towers with Radar,0,1,73,1,75,0,12,281,6,299,0,13,354,7,374,280,1,281,655
03/09/2016,MYF,CA,AWP,WE,Towers with Radar,0,0,68,7,75,0,9,277,3,289,0,9,345,10,364,136,2,138,502
03/10/2016,MYF,CA,AWP,WE,Towers with Radar,0,2,59,1,62,0,4,274,4,282,0,6,333,5,344,258,19,277,621
03/11/2016,MYF,CA,AWP,WE,Towers with Radar,0,4,63,0,67,0,1,59,0,60,0,5,122,0,127,144,0,144,271
03/12/2016,MYF,CA,AWP,WE,Towers with Radar,0,5,68,0,73,0,5,159,0,164,0,10,227,0,237,317,0,317,554
03/13/2016,MYF,CA,AWP,WE,Towers with Radar,0,4,63,0,67,0,0,219,0,219,0,4,282,0,286,309,0,309,595
03/14/2016,MYF,CA,AWP,WE,Towers with Radar,0,0,113,2,115,0,2,64,0,66,0,2,177,2,181,374,33,407,588
03/15/2016,MYF,CA,AWP,WE,Towers with Radar,0,1,82,4,87,0,9,306,2,317,0,10,388,6,404,256,0,256,660
03/16/2016,MYF,CA,AWP,WE,Towers with Radar,0,3,50,5,58,0,9,321,1,331,0,12,371,6,389,214,0,214,603
03/17/2016,MYF,CA,AWP,WE,Towers with Radar,0,2,76,1,79,0,1,219,2,222,0,3,295,3,301,213,5,218,519
03/18/2016,MYF,CA,AWP,WE,Towers with Radar,0,6,85,2,93,0,8,225,0,233,0,14,310,2,326,164,0,164,490
03/19/2016,MYF,CA,AWP,WE,Towers with Radar,0,4,60,1,65,0,2,230,1,233,0,6,290,2,298,199,0,199,497
03/20/2016,MYF,CA,AWP,WE,Towers with Radar,0,3,60,0,63,0,7,219,1,227,0,10,279,1,290,231,0,231,521
03/21/2016,MYF,CA,AWP,WE,Towers with Radar,0,0,79,2,81,0,2,156,0,158,0,2,235,2,239,203,0,203,442
03/22/2016,MYF,CA,AWP,WE,Towers with Radar,0,0,59,6,65,0,13,218,0,231,0,13,277,6,296,267,0,267,563
03/23/2016,MYF,CA,AWP,WE,Towers with Radar,0,2,82,1,85,0,15,304,4,323,0,17,386,5,408,165,0,165,573
03/24/2016,MYF,CA,AWP,WE,Towers with Radar,0,4,64,2,70,0,14,299,0,313,0,18,363,2,383,196,2,198,581
03/25/2016,MYF,CA,AWP,WE,Towers with Radar,0,1,66,0,67,0,5,350,0,355,0,6,416,0,422,237,0,237,659
03/26/2016,MYF,CA,AWP,WE,Towers with Radar,0,3,60,0,63,0,4,274,0,278,0,7,334,0,341,325,0,325,666
03/27/2016,MYF,CA,AWP,WE,Towers with Radar,0,2,44,0,46,0,0,207,0,207,0,2,251,0,253,264,0,264,517
03/28/2016,MYF,CA,AWP,WE,Towers with Radar,0,1,86,2,89,0,2,30,0,32,0,3,116,2,121,225,0,225,346
03/29/2016,MYF,CA,AWP,WE,Towers with Radar,0,5,65,0,70,0,7,133,1,141,0,12,198,1,211,196,0,196,407
03/30/2016,MYF,CA,AWP,WE,Towers with Radar,0,3,78,1,82,0,4,184,1,189,0,7,262,2,271,211,1,212,483
03/31/2016,MYF,CA,AWP,WE,Towers with Radar,0,3,65,3,71,0,9,330,0,339,0,12,395,3,410,262,0,262,672
04/01/2016,MYF,CA,AWP,WE,Towers with Radar,0,0,86,0,86,0,4,253,0,257,0,4,339,0,343,291,0,291,634
04/02/2016,MYF,CA,AWP,WE,Towers with Radar,0,2,49,0,51,0,14,287,0,301,0,16,336,0,352,321,0,321,673
04/03/2016,MYF,CA,AWP,WE,Towers with Radar,0,2,67,0,69,0,4,246,0,250,0,6,313,0,319,226,0,226,545
04/04/2016,MYF,CA,AWP,WE,Towers with Radar,0,0,52,0,52,0,5,224,0,229,0,5,276,0,281,248,0,248,529
04/05/2016,MYF,CA,AWP,WE,Towers with Radar,0,0,73,0,73,0,6,229,1,236,0,6,302,1,309,249,0,249,558
04/06/2016,MYF,CA,AWP,WE,Towers with Radar,0,3,78,0,81,0,2,233,1,236,0,5,311,1,317,255,0,255,572
04/07/2016,MYF,CA,AWP,WE,Towers with Radar,0,1,76,2,79,0,2,54,0,56,0,3,130,2,135,195,0,195,330
04/08/2016,MYF,CA,AWP,WE,Towers with Radar,0,4,81,2,87,0,3,40,0,43,0,7,121,2,130,380,0,380,510
04/09/2016,MYF,CA,AWP,WE,Towers with Radar,0,6,57,1,64,0,1,113,0,114,0,7,170,1,178,315,0,315,493
04/10/2016,MYF,CA,AWP,WE,Towers with Radar,0,5,48,0,53,0,11,45,0,56,0,16,93,0,109,214,0,214,323
04/11/2016,MYF,CA,AWP,WE,Towers with Radar,0,5,58,5,68,0,4,127,0,131,0,9,185,5,199,473,0,473,672
04/12/2016,MYF,CA,AWP,WE,Towers with Radar,0,0,79,1,80,0,5,211,0,216,0,5,290,1,296,284,0,284,580
04/13/2016,MYF,CA,AWP,WE,Towers with Radar,0,4,77,1,82,0,2,210,0,212,0,6,287,1,294,284,0,284,578
04/14/2016,MYF,CA,AWP,WE,Towers with Radar,0,0,60,2,62,0,1,216,0,217,0,1,276,2,279,273,0,273,552
04/15/2016,MYF,CA,AWP,WE,Towers with Radar,0,1,71,3,75,0,4,205,3,212,0,5,276,6,287,295,2,297,584
04/16/2016,MYF,CA,AWP,WE,Towers with Radar,0,2,40,0,42,0,3,270,0,273,0,5,310,0,315,212,0,212,527
04/17/2016,MYF,CA,AWP,WE,Towers with Radar,0,1,47,0,48,0,6,205,0,211,0,7,252,0,259,258,1,259,518
04/18/2016,MYF,CA,AWP,WE,Towers with Radar,0,3,58,2,63,0,0,271,1,272,0,3,329,3,335,208,0,208,543
04/19/2016,MYF,CA,AWP,WE,Towers with Radar,0,2,52,3,57,0,6,298,0,304,0,8,350,3,361,214,0,214,575
04/20/2016,MYF,CA,AWP,WE,Towers with Radar,0,3,72,3,78,0,3,251,0,254,0,6,323,3,332,140,0,140,472
04/21/2016,MYF,CA,AWP,WE,Towers with Radar,0,2,77,5,84,0,4,201,0,205,0,6,278,5,289,220,0,220,509
04/22/2016,MYF,CA,AWP,WE,Towers with Radar,0,0,77,1,78,0,11,243,0,254,0,11,320,1,332,272,0,272,604
04/23/2016,MYF,CA,AWP,WE,Towers with Radar,0,2,42,0,44,0,0,233,0,233,0,2,275,0,277,174,0,174,451
04/24/2016,MYF,CA,AWP,WE,Towers with Radar,0,1,49,0,50,0,4,190,0,194,0,5,239,0,244,105,0,105,349
04/25/2016,MYF,CA,AWP,WE,Towers with Radar,0,5,51,4,60,0,1,50,0,51,0,6,101,4,111,145,0,145,256
04/26/2016,MYF,CA,AWP,WE,Towers with Radar,0,4,54,1,59,0,6,212,0,218,0,10,266,1,277,351,0,351,628
04/27/2016,MYF,CA,AWP,WE,Towers with Radar,0,1,78,2,81,0,3,193,0,196,0,4,271,2,277,210,0,210,487
04/28/2016,MYF,CA,AWP,WE,Towers with Radar,0,5,86,2,93,0,11,82,0,93,0,16,168,2,186,251,0,251,437
04/29/2016,MYF,CA,AWP,WE,Towers with Radar,0,3,75,2,80,0,5,256,0,261,0,8,331,2,341,191,0,191,532
04/30/2016,MYF,CA,AWP,WE,Towers with Radar,0,4,48,0,52,0,12,116,0,128,0,16,164,0,180,190,0,190,370
05/01/2016,MYF,CA,AWP,WE,Towers with Radar,0,2,73,0,75,0,1,244,0,245,0,3,317,0,320,332,0,332,652
05/02/2016,MYF,CA,AWP,WE,Towers with Radar,0,0,71,1,72,0,3,218,0,221,0,3,289,1,293,221,0,221,514
05/03/2016,MYF,CA,AWP,WE,Towers with Radar,0,7,52,3,62,0,2,240,0,242,0,9,292,3,304,262,0,262,566
05/04/2016,MYF,CA,AWP,WE,Towers with Radar,0,0,105,1,106,0,1,141,1,143,0,1,246,2,249,321,0,321,570
05/05/2016,MYF,CA,AWP,WE,Towers with Radar,0,4,60,6,70,0,4,120,0,124,0,8,180,6,194,458,0,458,652
05/06/2016,MYF,CA,AWP,WE,Towers with Radar,0,8,53,1,62,0,2,47,0,49,0,10,100,1,111,309,0,309,420
05/07/2016,MYF,CA,AWP,WE,Towers with Radar,0,4,70,0,74,0,2,116,0,118,0,6,186,0,192,433,0,433,625
05/08/2016,MYF,CA,AWP,WE,Towers with Radar,0,3,46,0,49,0,5,183,0,188,0,8,229,0,237,343,0,343,580
05/09/2016,MYF,CA,AWP,WE,Towers with Radar,0,3,92,3,98,0,6,177,0,183,0,9,269,3,281,567,0,567,848
05/10/2016,MYF,CA,AWP,WE,Towers with Radar,0,4,93,1,98,0,15,196,0,211,0,19,289,1,309,481,0,481,790
05/11/2016,MYF,CA,AWP,WE,Towers with Radar,0,3,96,1,100,0,9,198,3,210,0,12,294,4,310,387,0,387,697
05/12/2016,MYF,CA,AWP,WE,Towers with Radar,0,0,84,0,84,0,17,216,2,235,0,17,300,2,319,362,0,362,681
05/13/2016,MYF,CA,AWP,WE,Towers with Radar,0,2,98,1,101,0,5,261,0,266,0,7,359,1,367,387,0,387,754
05/14/2016,MYF,CA,AWP,WE,Towers with Radar,0,6,129,3,138,0,14,83,0,97,0,20,212,3,235,451,0,451,686
05/15/2016,MYF,CA,AWP,WE,Towers with Radar,0,0,86,0,86,0,1,129,0,130,0,1,215,0,216,408,0,408,624
05/16/2016,MYF,CA,AWP,WE,Towers with Radar,0,4,85,4,93,0,1,100,0,101,0,5,185,4,194,415,0,415,609
05/17/2016,MYF,CA,AWP,WE,Towers with Radar,0,2,92,4,98,0,8,71,0,79,0,10,163,4,177,384,1,385,562
05/18/2016,MYF,CA,AWP,WE,Towers with Radar,0,2,80,2,84,0,13,185,0,198,0,15,265,2,282,230,0,230,512
05/19/2016,MYF,CA,AWP,WE,Towers with Radar,0,4,84,1,89,0,12,212,0,224,0,16,296,1,313,412,0,412,725
05/20/2016,MYF,CA,AWP,WE,Towers with Radar,0,5,93,0,98,0,5,194,1,200,0,10,287,1,298,314,0,314,612
05/21/2016,MYF,CA,AWP,WE,Towers with Radar,0,2,55,0,57,0,6,215,0,221,0,8,270,0,278,271,0,271,549
05/22/2016,MYF,CA,AWP,WE,Towers with Radar,0,3,57,2,62,0,7,243,0,250,0,10,300,2,312,229,0,229,541
05/23/2016,MYF,CA,AWP,WE,Towers with Radar,0,0,66,4,70,0,1,197,0,198,0,1,263,4,268,282,0,282,550
05/24/2016,MYF,CA,AWP,WE,Towers with Radar,0,1,107,3,111,0,9,146,4,159,0,10,253,7,270,365,0,365,635
05/25/2016,MYF,CA,AWP,WE,Towers with Radar,0,1,84,0,85,0,8,164,0,172,0,9,248,0,257,267,0,267,524
05/26/2016,MYF,CA,AWP,WE,Towers with Radar,0,6,71,5,82,0,5,185,0,190,0,11,256,5,272,634,0,634,906
05/27/2016,MYF,CA,AWP,WE,Towers with Radar,0,1,116,6,123,0,9,153,0,162,0,10,269,6,285,403,0,403,688
05/28/2016,MYF,CA,AWP,WE,Towers with Radar,0,3,65,4,72,0,16,96,1,113,0,19,161,5,185,314,10,324,509
05/29/2016,MYF,CA,AWP,WE,Towers with Radar,0,8,58,0,66,0,5,49,1,55,0,13,107,1,121,233,0,233,354
05/30/2016,MYF,CA,AWP,WE,Towers with Radar,0,2,79,0,81,0,1,136,0,137,0,3,215,0,218,292,0,292,510
05/31/2016,MYF,CA,AWP,WE,Towers with Radar,0,1,98,6,105,0,4,67,0,71,0,5,165,6,176,264,0,264,440
06/01/2016,MYF,CA,AWP,WE,Towers with Radar,0,7,85,5,97,0,7,114,0,121,0,14,199,5,218,166,0,166,384
06/02/2016,MYF,CA,AWP,WE,Towers with Radar,0,3,63,3,69,0,8,258,2,268,0,11,321,5,337,269,0,269,606
06/03/2016,MYF,CA,AWP,WE,Towers with Radar,0,0,74,0,74,0,8,242,0,250,0,8,316,0,324,331,0,331,655
06/04/2016,MYF,CA,AWP,WE,Towers with Radar,0,2,37,0,39,0,4,208,0,212,0,6,245,0,251,236,0,236,487
06/05/2016,MYF,CA,AWP,WE,Towers with Radar,0,0,45,0,45,0,0,162,0,162,0,0,207,0,207,130,0,130,337
06/06/2016,MYF,CA,AWP,WE,Towers with Radar,0,2,68,8,78,0,5,208,2,215,0,7,276,10,293,370,0,370,663
06/07/2016,MYF,CA,AWP,WE,Towers with Radar,0,4,63,3,70,0,12,151,1,164,0,16,214,4,234,226,0,226,460
06/08/2016,MYF,CA,AWP,WE,Towers with Radar,0,1,86,2,89,0,1,185,0,186,0,2,271,2,275,184,0,184,459
06/09/2016,MYF,CA,AWP,WE,Towers with Radar,0,4,100,3,107,0,1,153,2,156,0,5,253,5,263,140,0,140,403
06/10/2016,MYF,CA,AWP,WE,Towers with Radar,0,9,91,4,104,0,4,167,0,171,0,13,258,4,275,272,0,272,547
06/11/2016,MYF,CA,AWP,WE,Towers with Radar,0,3,85,4,92,0,21,71,2,94,0,24,156,6,186,442,0,442,628
06/12/2016,MYF,CA,AWP,WE,Towers with Radar,0,2,66,1,69,0,8,122,0,130,0,10,188,1,199,294,0,294,493
06/13/2016,MYF,CA,AWP,WE,Towers with Radar,0,0,77,2,79,0,12,186,0,198,0,12,263,2,277,291,0,291,568
06/14/2016,MYF,CA,AWP,WE,Towers with Radar,0,2,98,2,102,0,1,165,0,166,0,3,263,2,268,303,0,303,571
06/15/2016,MYF,CA,AWP,WE,Towers with Radar,0,1,78,1,80,0,4,273,0,277,0,5,351,1,357,231,0,231,588
06/16/2016,MYF,CA,AWP,WE,Towers with Radar,0,0,49,2,51,0,8,270,0,278,0,8,319,2,329,392,0,392,721
06/17/2016,MYF,CA,AWP,WE,Towers with Radar,0,1,67,2,70,0,14,314,2,330,0,15,381,4,400,363,0,363,763
06/18/2016,MYF,CA,AWP,WE,Towers with Radar,0,3,39,1,43,0,9,295,0,304,0,12,334,1,347,236,0,236,583
06/19/2016,MYF,CA,AWP,WE,Towers with Radar,0,0,34,0,34,0,15,230,0,245,0,15,264,0,279,202,0,202,481
06/20/2016,MYF,CA,AWP,WE,Towers with Radar,0,0,46,1,47,0,0,207,0,207,0,0,253,1,254,282,0,282,536
06/21/2016,MYF,CA,AWP,WE,Towers with Radar,0,2,70,5,77,0,12,189,1,202,0,14,259,6,279,240,0,240,519
06/22/2016,MYF,CA,AWP,WE,Towers with Radar,0,2,61,3,66,0,5,228,0,233,0,7,289,3,299,479,0,479,778
06/23/2016,MYF,CA,AWP,WE,Towers with Radar,0,2,63,4,69,0,10,251,0,261,0,12,314,4,330,421,0,421,751
06/24/2016,MYF,CA,AWP,WE,Towers with Radar,0,1,86,0,87,0,1,211,0,212,0,2,297,0,299,423,0,423,722
06/25/2016,MYF,CA,AWP,WE,Towers with Radar,0,6,78,2,86,0,7,270,1,278,0,13,348,3,364,320,0,320,684
06/26/2016,MYF,CA,AWP,WE,Towers with Radar,0,0,44,2,46,0,4,233,0,237,0,4,277,2,283,206,0,206,489
06/27/2016,MYF,CA,AWP,WE,Towers with Radar,0,2,57,3,62,0,2,219,0,221,0,4,276,3,283,283,0,283,566
06/28/2016,MYF,CA,AWP,WE,Towers with Radar,0,0,77,2,79,0,7,227,0,234,0,7,304,2,313,475,0,475,788
06/29/2016,MYF,CA,AWP,WE,Towers with Radar,0,2,79,5,86,0,7,217,6,230,0,9,296,11,316,364,0,364,680
06/30/2016,MYF,CA,AWP,WE,Towers with Radar,0,4,84,3,91,0,9,215,3,227,0,13,299,6,318,220,1,221,539
07/01/2016,MYF,CA,AWP,WE,Towers with Radar,0,9,108,0,117,0,9,187,0,196,0,18,295,0,313,301,0,301,614
07/02/2016,MYF,CA,AWP,WE,Towers with Radar,0,2,47,0,49,0,7,225,0,232,0,9,272,0,281,185,0,185,466
07/03/2016,MYF,CA,AWP,WE,Towers with Radar,0,7,40,0,47,0,4,178,0,182,0,11,218,0,229,153,0,153,382
07/04/2016,MYF,CA,AWP,WE,Towers with Radar,0,1,36,0,37,0,1,118,0,119,0,2,154,0,156,128,2,130,286
07/05/2016,MYF,CA,AWP,WE,Towers with Radar,0,4,73,3,80,0,7,204,0,211,0,11,277,3,291,188,0,188,479
07/06/2016,MYF,CA,AWP,WE,Towers with Radar,0,0,87,2,89,0,4,172,0,176,0,4,259,2,265,303,0,303,568
07/07/2016,MYF,CA,AWP,WE,Towers with Radar,0,2,71,3,76,0,7,250,0,257,0,9,321,3,333,320,0,320,653
07/08/2016,MYF,CA,AWP,WE,Towers with Radar,0,5,65,2,72,0,1,228,0,229,0,6,293,2,301,237,3,240,541
07/09/2016,MYF,CA,AWP,WE,Towers with Radar,0,5,63,0,68,0,3,237,0,240,0,8,300,0,308,232,0,232,540
07/10/2016,MYF,CA,AWP,WE,Towers with Radar,0,0,52,0,52,0,4,225,0,229,0,4,277,0,281,238,1,239,520
07/11/2016,MYF,CA,AWP,WE,Towers with Radar,0,3,77,2,82,0,0,224,0,224,0,3,301,2,306,308,1,309,615
07/12/2016,MYF,CA,AWP,WE,Towers with Radar,0,4,79,5,88,0,12,258,1,271,0,16,337,6,359,354,0,354,713
07/13/2016,MYF,CA,AWP,WE,Towers with Radar,0,2,95,1,98,0,15,247,1,263,0,17,342,2,361,313,0,313,674
07/14/2016,MYF,CA,AWP,WE,Towers with Radar,0,5,69,6,80,0,25,240,0,265,0,30,309,6,345,334,0,334,679
07/15/2016,MYF,CA,AWP,WE,Towers with Radar,0,3,77,0,80,0,3,226,0,229,0,6,303,0,309,422,0,422,731
07/16/2016,MYF,CA,AWP,WE,Towers with Radar,0,9,72,0,81,0,2,196,0,198,0,11,268,0,279,246,3,249,528
07/17/2016,MYF,CA,AWP,WE,Towers with Radar,0,0,56,0,56,0,1,199,0,200,0,1,255,0,256,259,0,259,515
07/18/2016,MYF,CA,AWP,WE,Towers with Radar,0,4,57,3,64,0,12,184,0,196,0,16,241,3,260,301,1,302,562
07/19/2016,MYF,CA,AWP,WE,Towers with Radar,0,0,78,2,80,0,12,232,0,244,0,12,310,2,324,365,0,365,689
07/20/2016,MYF,CA,AWP,WE,Towers with Radar,0,4,83,1,88,0,7,262,0,269,0,11,345,1,357,407,0,407,764
07/21/2016,MYF,CA,AWP,WE,Towers with Radar,0,5,55,1,61,0,6,263,0,269,0,11,318,1,330,308,0,308,638
07/22/2016,MYF,CA,AWP,WE,Towers with Radar,0,0,67,1,68,0,6,240,0,246,0,6,307,1,314,283,1,284,598
07/23/2016,MYF,CA,AWP,WE,Towers with Radar,0,2,47,0,49,0,17,204,0,221,0,19,251,0,270,202,0,202,472
07/24/2016,MYF,CA,AWP,WE,Towers with Radar,0,3,54,1,58,0,10,190,1,201,0,13,244,2,259,205,0,205,464
07/25/2016,MYF,CA,AWP,WE,Towers with Radar,0,2,71,2,75,0,16,165,1,182,0,18,236,3,257,293,2,295,552
07/26/2016,MYF,CA,AWP,WE,Towers with Radar,0,2,61,3,66,0,2,229,0,231,0,4,290,3,297,271,0,271,568
07/27/2016,MYF,CA,AWP,WE,Towers with Radar,0,2,64,3,69,0,19,239,0,258,0,21,303,3,327,358,1,359,686
07/28/2016,MYF,CA,AWP,WE,Towers with Radar,0,2,65,7,74,0,13,263,0,276,0,15,328,7,350,307,0,307,657
07/29/2016,MYF,CA,AWP,WE,Towers with Radar,0,7,61,0,68,0,11,235,0,246,0,18,296,0,314,359,0,359,673
07/30/2016,MYF,CA,AWP,WE,Towers with Radar,0,3,57,0,60,0,10,234,1,245,0,13,291,1,305,358,0,358,663
07/31/2016,MYF,CA,AWP,WE,Towers with Radar,0,5,38,0,43,0,5,201,0,206,0,10,239,0,249,213,0,213,462
08/01/2016,MYF,CA,AWP,WE,Towers with Radar,0,2,72,1,75,0,1,193,0,194,0,3,265,1,269,194,0,194,463
08/02/2016,MYF,CA,AWP,WE,Towers with Radar,0,0,66,5,71,0,13,254,5,272,0,13,320,10,343,358,0,358,701
08/03/2016,MYF,CA,AWP,WE,Towers with Radar,0,2,67,8,77,0,22,221,0,243,0,24,288,8,320,492,0,492,812
08/04/2016,MYF,CA,AWP,WE,Towers with Radar,0,0,88,1,89,0,6,228,0,234,0,6,316,1,323,315,0,315,638
08/05/2016,MYF,CA,AWP,WE,Towers with Radar,0,0,80,3,83,0,10,145,0,155,0,10,225,3,238,408,0,408,646
08/06/2016,MYF,CA,AWP,WE,Towers with Radar,0,4,72,0,76,0,3,171,1,175,0,7,243,1,251,281,0,281,532
08/07/2016,MYF,CA,AWP,WE,Towers with Radar,0,2,77,1,80,0,5,141,0,146,0,7,218,1,226,304,0,304,530
08/08/2016,MYF,CA,AWP,WE,Towers with Radar,0,3,91,5,99,0,3,92,0,95,0,6,183,5,194,206,0,206,400
08/09/2016,MYF,CA,AWP,WE,Towers with Radar,0,2,74,1,77,0,12,228,0,240,0,14,302,1,317,109,0,109,426
08/10/2016,MYF,CA,AWP,WE,Towers with Radar,0,0,101,2,103,0,1,211,0,212,0,1,312,2,315,208,0,208,523
08/11/2016,MYF,CA,AWP,WE,Towers with Radar,0,3,75,4,82,0,11,189,0,200,0,14,264,4,282,220,0,220,502
08/12/2016,MYF,CA,AWP,WE,Towers with Radar,0,5,77,0,82,0,14,317,1,332,0,19,394,1,414,387,0,387,801
08/13/2016,MYF,CA,AWP,WE,Towers with Radar,0,5,61,0,66,0,13,301,0,314,0,18,362,0,380,311,0,311,691
08/14/2016,MYF,CA,AWP,WE,Towers with Radar,0,3,43,0,46,0,4,259,0,263,0,7,302,0,309,261,0,261,570
08/15/2016,MYF,CA,AWP,WE,Towers with Radar,0,4,81,7,92,0,13,321,9,343,0,17,402,16,435,298,8,306,741
08/16/2016,MYF,CA,AWP,WE,Towers with Radar,0,3,57,4,64,0,13,316,3,332,0,16,373,7,396,289,0,289,685
08/17/2016,MYF,CA,AWP,WE,Towers with Radar,0,9,79,2,90,0,28,334,0,362,0,37,413,2,452,318,1,319,771
08/18/2016,MYF,CA,AWP,WE,Towers with Radar,0,3,83,4,90,0,15,257,1,273,0,18,340,5,363,270,0,270,633
08/19/2016,MYF,CA,AWP,WE,Towers with Radar,0,5,75,2,82,0,10,245,0,255,0,15,320,2,337,448,1,449,786
08/20/2016,MYF,CA,AWP,WE,Towers with Radar,0,5,52,0,57,0,4,214,0,218,0,9,266,0,275,198,0,198,473
08/21/2016,MYF,CA,AWP,WE,Towers with Radar,0,2,55,2,59,0,6,198,0,204,0,8,253,2,263,369,0,369,632
08/22/2016,MYF,CA,AWP,WE,Towers with Radar,0,3,52,1,56,0,13,182,0,195,0,16,234,1,251,234,0,234,485
08/23/2016,MYF,CA,AWP,WE,Towers with Radar,0,2,71,1,74,0,5,207,1,213,0,7,278,2,287,208,0,208,495
08/24/2016,MYF,CA,AWP,WE,Towers with Radar,0,4,81,1,86,0,7,200,0,207,0,11,281,1,293,330,0,330,623
08/25/2016,MYF,CA,AWP,WE,Towers with Radar,0,3,68,3,74,0,4,167,0,171,0,7,235,3,245,348,0,348,593
08/26/2016,MYF,CA,AWP,WE,Towers with Radar,0,5,83,0,88,0,12,192,0,204,0,17,275,0,292,362,0,362,654
08/27/2016,MYF,CA,AWP,WE,Towers with Radar,0,7,62,0,69,0,2,174,0,176,0,9,236,0,245,355,0,355,600
08/28/2016,MYF,CA,AWP,WE,Towers with Radar,0,3,49,0,52,0,14,213,0,227,0,17,262,0,279,169,0,169,448
08/29/2016,MYF,CA,AWP,WE,Towers with Radar,0,2,71,1,74,0,0,156,0,156,0,2,227,1,230,235,0,235,465
08/30/2016,MYF,CA,AWP,WE,Towers with Radar,0,0,60,3,63,0,17,227,0,244,0,17,287,3,307,278,0,278,585
08/31/2016,MYF,CA,AWP,WE,Towers with Radar,0,5,96,1,102,0,16,240,1,257,0,21,336,2,359,345,0,345,704
09/01/2016,MYF,CA,AWP,WE,Towers with Radar,0,5,73,2,80,0,0,6,0,6,0,5,79,2,86,0,0,0,86
09/02/2016,MYF,CA,AWP,WE,Towers with Radar,0,1,90,2,93,0,8,223,0,231,0,9,313,2,324,310,1,311,635
09/03/2016,MYF,CA,AWP,WE,Towers with Radar,0,4,50,0,54,0,4,199,0,203,0,8,249,0,257,153,0,153,410
09/04/2016,MYF,CA,AWP,WE,Towers with Radar,0,4,49,0,53,0,8,180,2,190,0,12,229,2,243,286,0,286,529
09/05/2016,MYF,CA,AWP,WE,Towers with Radar,0,1,66,0,67,0,10,184,0,194,0,11,250,0,261,129,0,129,390
09/06/2016,MYF,CA,AWP,WE,Towers with Radar,0,2,45,0,47,0,11,164,1,176,0,13,209,1,223,190,0,190,413
09/07/2016,MYF,CA,AWP,WE,Towers with Radar,0,2,85,1,88,0,8,141,0,149,0,10,226,1,237,355,1,356,593
09/08/2016,MYF,CA,AWP,WE,Towers with Radar,0,5,80,3,88,0,15,216,0,231,0,20,296,3,319,301,0,301,620
09/09/2016,MYF,CA,AWP,WE,Towers with Radar,0,3,84,0,87,0,7,230,0,237,0,10,314,0,324,437,5,442,766
09/10/2016,MYF,CA,AWP,WE,Towers with Radar,0,5,63,0,68,0,7,225,0,232,0,12,288,0,300,271,0,271,571
09/11/2016,MYF,CA,AWP,WE,Towers with Radar,0,5,64,0,69,0,8,144,0,152,0,13,208,0,221,214,0,214,435
09/12/2016,MYF,CA,AWP,WE,Towers with Radar,0,2,87,0,89,0,3,87,0,90,0,5,174,0,179,448,0,448,627
09/13/2016,MYF,CA,AWP,WE,Towers with Radar,0,3,67,0,70,0,11,159,0,170,0,14,226,0,240,394,0,394,634
09/14/2016,MYF,CA,AWP,WE,Towers with Radar,0,0,62,0,62,0,9,248,1,258,0,9,310,1,320,272,0,272,592
09/15/2016,MYF,CA,AWP,WE,Towers with Radar,0,5,76,0,81,0,14,252,0,266,0,19,328,0,347,224,0,224,571
09/16/2016,MYF,CA,AWP,WE,Towers with Radar,0,0,77,2,79,0,6,274,4,284,0,6,351,6,363,313,0,313,676
09/17/2016,MYF,CA,AWP,WE,Towers with Radar,0,3,50,0,53,0,12,217,0,229,0,15,267,0,282,166,0,166,448
09/18/2016,MYF,CA,AWP,WE,Towers with Radar,0,2,49,0,51,0,4,218,0,222,0,6,267,0,273,120,0,120,393
09/19/2016,MYF,CA,AWP,WE,Towers with Radar,0,2,64,2,68,0,6,171,0,177,0,8,235,2,245,288,1,289,534
09/20/2016,MYF,CA,AWP,WE,Towers with Radar,0,4,83,8,95,0,4,64,1,69,0,8,147,9,164,180,0,180,344
09/21/2016,MYF,CA,AWP,WE,Towers with Radar,0,10,78,6,94,0,15,89,1,105,0,25,167,7,199,209,0,209,408
09/22/2016,MYF,CA,AWP,WE,Towers with Radar,0,3,59,4,66,0,11,59,0,70,0,14,118,4,136,118,0,118,254
09/23/2016,MYF,CA,AWP,WE,Towers with Radar,0,1,29,1,31,0,2,126,0,128,0,3,155,1,159,238,0,238,397
09/24/2016,MYF,CA,AWP,WE,Towers with Radar,0,0,23,0,23,0,2,117,0,119,0,2,140,0,142,208,0,208,350
09/25/2016,MYF,CA,AWP,WE,Towers with Radar,0,1,39,0,40,0,8,127,0,135,0,9,166,0,175,200,2,202,377
09/26/2016,MYF,CA,AWP,WE,Towers with Radar,0,0,38,0,38,0,2,212,0,214,0,2,250,0,252,188,0,188,440
09/27/2016,MYF,CA,AWP,WE,Towers with Radar,0,0,68,2,70,0,10,243,2,255,0,10,311,4,325,256,3,259,584
09/28/2016,MYF,CA,AWP,WE,Towers with Radar,0,2,76,1,79,0,13,252,1,266,0,15,328,2,345,218,7,225,570
09/29/2016,MYF,CA,AWP,WE,Towers with Radar,0,4,71,3,78,0,15,224,0,239,0,19,295,3,317,265,0,265,582
09/30/2016,MYF,CA,AWP,WE,Towers with Radar,0,1,73,1,75,0,11,275,0,286,0,12,348,1,361,513,0,513,874
10/01/2016,MYF,CA,AWP,WE,Towers with Radar,0,3,70,0,73,0,15,225,0,240,0,18,295,0,313,352,0,352,665
10/02/2016,MYF,CA,AWP,WE,Towers with Radar,0,2,54,1,57,0,9,169,0,178,0,11,223,1,235,79,0,79,314
10/03/2016,MYF,CA,AWP,WE,Towers with Radar,0,2,55,1,58,0,4,194,0,198,0,6,249,1,256,297,0,297,553
10/04/2016,MYF,CA,AWP,WE,Towers with Radar,0,0,73,0,73,0,6,206,0,212,0,6,279,0,285,381,0,381,666
10/05/2016,MYF,CA,AWP,WE,Towers with Radar,0,1,79,2,82,0,8,231,2,241,0,9,310,4,323,378,0,378,701
10/06/2016,MYF,CA,AWP,WE,Towers with Radar,0,0,63,2,65,0,11,283,1,295,0,11,346,3,360,429,0,429,789
10/07/2016,MYF,CA,AWP,WE,Towers with Radar,0,2,62,0,64,0,6,271,0,277,0,8,333,0,341,468,2,470,811
10/08/2016,MYF,CA,AWP,WE,Towers with Radar,0,2,35,3,40,0,7,252,0,259,0,9,287,3,299,278,0,278,577
10/09/2016,MYF,CA,AWP,WE,Towers with Radar,0,0,38,0,38,0,11,185,0,196,0,11,223,0,234,325,0,325,559
10/10/2016,MYF,CA,AWP,WE,Towers with Radar,0,1,58,0,59,0,6,245,0,251,0,7,303,0,310,457,0,457,767
10/11/2016,MYF,CA,AWP,WE,Towers with Radar,0,0,84,3,87,0,8,142,0,150,0,8,226,3,237,425,0,425,662
10/12/2016,MYF,CA,AWP,WE,Towers with Radar,0,3,95,4,102,0,13,132,5,150,0,16,227,9,252,396,0,396,648
10/13/2016,MYF,CA,AWP,WE,Towers with Radar,0,2,76,2,80,0,11,235,0,246,0,13,311,2,326,201,0,201,527
10/14/2016,MYF,CA,AWP,WE,Towers with Radar,0,2,90,2,94,0,12,194,0,206,0,14,284,2,300,314,0,314,614
10/15/2016,MYF,CA,AWP,WE,Towers with Radar,0,5,68,0,73,0,21,211,0,232,0,26,279,0,305,325,0,325,630
10/16/2016,MYF,CA,AWP,WE,Towers with Radar,0,2,63,0,65,0,6,131,0,137,0,8,194,0,202,300,0,300,502
10/17/2016,MYF,CA,AWP,WE,Towers with Radar,0,5,100,6,111,0,5,34,0,39,0,10,134,6,150,138,0,138,288
10/18/2016,MYF,CA,AWP,WE,Towers with Radar,0,6,63,2,71,0,13,265,0,278,0,19,328,2,349,338,0,338,687
10/19/2016,MYF,CA,AWP,WE,Towers with Radar,0,2,63,1,66,0,21,266,1,288,0,23,329,2,354,347,0,347,701
10/20/2016,MYF,CA,AWP,WE,Towers with Radar,0,0,59,2,61,0,12,260,2,274,0,12,319,4,335,429,0,429,764
10/21/2016,MYF,CA,AWP,WE,Towers with Radar,0,2,59,0,61,0,10,241,0,251,0,12,300,0,312,543,0,543,855
10/22/2016,MYF,CA,AWP,WE,Towers with Radar,0,2,63,0,65,0,11,294,0,305,0,13,357,0,370,239,0,239,609
10/23/2016,MYF,CA,AWP,WE,Towers with Radar,0,0,41,0,41,0,4,132,0,136,0,4,173,0,177,319,0,319,496
10/24/2016,MYF,CA,AWP,WE,Towers with Radar,0,0,28,0,28,0,1,85,0,86,0,1,113,0,114,203,0,203,317
10/25/2016,MYF,CA,AWP,WE,Towers with Radar,0,2,83,0,85,0,19,287,1,307,0,21,370,1,392,410,0,410,802
10/26/2016,MYF,CA,AWP,WE,Towers with Radar,0,0,66,1,67,0,21,277,0,298,0,21,343,1,365,433,0,433,798
10/27/2016,MYF,CA,AWP,WE,Towers with Radar,0,4,80,4,88,0,7,258,3,268,0,11,338,7,356,465,0,465,821
10/28/2016,MYF,CA,AWP,WE,Towers with Radar,0,7,77,2,86,0,15,224,2,241,0,22,301,4,327,591,0,591,918
10/29/2016,MYF,CA,AWP,WE,Towers with Radar,0,3,47,0,50,0,6,216,0,222,0,9,263,0,272,333,0,333,605
10/30/2016,MYF,CA,AWP,WE,Towers with Radar,0,0,63,0,63,0,1,81,0,82,0,1,144,0,145,174,0,174,319
10/31/2016,MYF,CA,AWP,WE,Towers with Radar,0,1,54,3,58,0,12,102,0,114,0,13,156,3,172,331,0,331,503
11/01/2016,MYF,CA,AWP,WE,Towers with Radar,0,5,74,5,84,0,6,209,0,215,0,11,283,5,299,244,0,244,543
11/02/2016,MYF,CA,AWP,WE,Towers with Radar,0,8,68,5,81,0,7,278,3,288,0,15,346,8,369,285,0,285,654
11/03/2016,MYF,CA,AWP,WE,Towers with Radar,0,4,78,1,83,0,8,265,0,273,0,12,343,1,356,305,1,306,662
11/04/2016,MYF,CA,AWP,WE,Towers with Radar,0,0,72,0,72,0,11,295,0,306,0,11,367,0,378,362,0,362,740
11/05/2016,MYF,CA,AWP,WE,Towers with Radar,0,3,42,0,45,0,8,274,0,282,0,11,316,0,327,171,0,171,498
11/06/2016,MYF,CA,AWP,WE,Towers with Radar,0,5,55,0,60,0,10,269,0,279,0,15,324,0,339,131,0,131,470
11/07/2016,MYF,CA,AWP,WE,Towers with Radar,0,0,71,1,72,0,5,195,0,200,0,5,266,1,272,234,0,234,506
11/08/2016,MYF,CA,AWP,WE,Towers with Radar,0,3,70,2,75,0,12,249,0,261,0,15,319,2,336,383,1,384,720
11/09/2016,MYF,CA,AWP,WE,Towers with Radar,0,2,37,1,40,0,20,235,0,255,0,22,272,1,295,196,0,196,491
11/10/2016,MYF,CA,AWP,WE,Towers with Radar,0,0,59,4,63,0,11,297,2,310,0,11,356,6,373,286,0,286,659
11/11/2016,MYF,CA,AWP,WE,Towers with Radar,0,1,75,0,76,0,10,297,0,307,0,11,372,0,383,405,0,405,788
11/12/2016,MYF,CA,AWP,WE,Towers with Radar,0,1,41,0,42,0,8,262,0,270,0,9,303,0,312,316,0,316,628
11/13/2016,MYF,CA,AWP,WE,Towers with Radar,0,0,44,0,44,0,15,267,0,282,0,15,311,0,326,86,0,86,412
11/14/2016,MYF,CA,AWP,WE,Towers with Radar,0,1,73,2,76,0,5,193,0,198,0,6,266,2,274,319,1,320,594
11/15/2016,MYF,CA,AWP,WE,Towers with Radar,0,4,72,2,78,0,10,223,1,234,0,14,295,3,312,345,0,345,657
11/16/2016,MYF,CA,AWP,WE,Towers with Radar,0,5,106,3,114,0,7,138,0,145,0,12,244,3,259,417,0,417,676
11/17/2016,MYF,CA,AWP,WE,Towers with Radar,0,3,82,2,87,0,3,277,0,280,0,6,359,2,367,416,0,416,783
11/18/2016,MYF,CA,AWP,WE,Towers with Radar,0,5,56,0,61,0,10,325,2,337,0,15,381,2,398,497,1,498,896
11/19/2016,MYF,CA,AWP,WE,Towers with Radar,0,4,58,4,66,0,5,308,2,315,0,9,366,6,381,308,0,308,689
11/20/2016,MYF,CA,AWP,WE,Towers with Radar,0,1,52,0,53,0,2,112,0,114,0,3,164,0,167,346,0,346,513
11/21/2016,MYF,CA,AWP,WE,Towers with Radar,0,5,88,6,99,0,2,61,1,64,0,7,149,7,163,207,0,207,370
11/22/2016,MYF,CA,AWP,WE,Towers with Radar,0,1,63,6,70,0,16,298,4,318,0,17,361,10,388,390,2,392,780
11/23/2016,MYF,CA,AWP,WE,Towers with Radar,0,1,83,4,88,0,3,281,1,285,0,4,364,5,373,327,0,327,700
11/24/2016,MYF,CA,AWP,WE,Towers with Radar,0,0,23,1,24,0,2,120,0,122,0,2,143,1,146,186,0,186,332
11/25/2016,MYF,CA,AWP,WE,Towers with Radar,0,4,51,0,55,0,6,238,0,244,0,10,289,0,299,322,0,322,621
11/26/2016,MYF,CA,AWP,WE,Towers with Radar,0,2,52,0,54,0,3,71,0,74,0,5,123,0,128,265,0,265,393
11/27/2016,MYF,CA,AWP,WE,Towers with Radar,0,7,45,0,52,0,0,22,0,22,0,7,67,0,74,108,0,108,182
11/28/2016,MYF,CA,AWP,WE,Towers with Radar,0,10,66,3,79,0,5,88,0,93,0,15,154,3,172,376,0,376,548
11/29/2016,MYF,CA,AWP,WE,Towers with Radar,0,1,67,0,68,0,7,292,0,299,0,8,359,0,367,409,46,455,822
11/30/2016,MYF,CA,AWP,WE,Towers with Radar,0,1,82,2,85,0,14,267,0,281,0,15,349,2,366,328,0,328,694
12/01/2016,MYF,CA,AWP,WE,Towers with Radar,0,2,79,2,83,0,11,225,0,236,0,13,304,2,319,332,0,332,651
12/02/2016,MYF,CA,AWP,WE,Towers with Radar,0,0,59,0,59,0,10,203,0,213,0,10,262,0,272,324,0,324,596
12/03/2016,MYF,CA,AWP,WE,Towers with Radar,0,3,44,0,47,0,7,218,2,227,0,10,262,2,274,286,0,286,560
12/04/2016,MYF,CA,AWP,WE,Towers with Radar,0,0,55,1,56,0,3,223,1,227,0,3,278,2,283,89,0,89,372
12/05/2016,MYF,CA,AWP,WE,Towers with Radar,0,0,77,2,79,0,11,167,0,178,0,11,244,2,257,331,0,331,588
12/06/2016,MYF,CA,AWP,WE,Towers with Radar,0,7,105,2,114,0,22,149,0,171,0,29,254,2,285,384,0,384,669
12/07/2016,MYF,CA,AWP,WE,Towers with Radar,0,5,68,3,76,0,11,195,0,206,0,16,263,3,282,482,0,482,764
12/08/2016,MYF,CA,AWP,WE,Towers with Radar,0,3,90,2,95,0,24,265,0,289,0,27,355,2,384,282,0,282,666
12/09/2016,MYF,CA,AWP,WE,Towers with Radar,0,4,87,2,93,0,6,190,0,196,0,10,277,2,289,400,0,400,689
12/10/2016,MYF,CA,AWP,WE,Towers with Radar,0,7,80,0,87,0,4,127,0,131,0,11,207,0,218,295,0,295,513
12/11/2016,MYF,CA,AWP,WE,Towers with Radar,0,0,68,0,68,0,15,144,0,159,0,15,212,0,227,348,0,348,575
12/12/2016,MYF,CA,AWP,WE,Towers with Radar,0,0,90,3,93,0,11,172,1,184,0,11,262,4,277,171,1,172,449
12/13/2016,MYF,CA,AWP,WE,Towers with Radar,0,3,72,2,77,0,7,253,0,260,0,10,325,2,337,246,0,246,583
12/14/2016,MYF,CA,AWP,WE,Towers with Radar,0,9,70,1,80,0,4,245,0,249,0,13,315,1,329,298,1,299,628
12/15/2016,MYF,CA,AWP,WE,Towers with Radar,0,5,81,2,88,0,4,140,0,144,0,9,221,2,232,292,1,293,525
12/16/2016,MYF,CA,AWP,WE,Towers with Radar,0,0,26,0,26,0,0,10,0,10,0,0,36,0,36,30,0,30,66
12/17/2016,MYF,CA,AWP,WE,Towers with Radar,0,3,63,0,66,0,12,265,0,277,0,15,328,0,343,293,0,293,636
12/18/2016,MYF,CA,AWP,WE,Towers with Radar,0,0,53,0,53,0,8,228,0,236,0,8,281,0,289,97,0,97,386
12/19/2016,MYF,CA,AWP,WE,Towers with Radar,0,8,70,0,78,0,11,238,0,249,0,19,308,0,327,277,0,277,604
12/20/2016,MYF,CA,AWP,WE,Towers with Radar,0,6,79,4,89,0,22,244,3,269,0,28,323,7,358,417,0,417,775
12/21/2016,MYF,CA,AWP,WE,Towers with Radar,0,9,70,3,82,0,7,179,0,186,0,16,249,3,268,328,0,328,596
12/22/2016,MYF,CA,AWP,WE,Towers with Radar,0,9,58,2,69,0,1,15,0,16,0,10,73,2,85,12,0,12,97
12/23/2016,MYF,CA,AWP,WE,Towers with Radar,0,9,60,2,71,0,6,39,0,45,0,15,99,2,116,171,0,171,287
12/24/2016,MYF,CA,AWP,WE,Towers with Radar,0,2,11,0,13,0,1,25,0,26,0,3,36,0,39,29,0,29,68
12/25/2016,MYF,CA,AWP,WE,Towers with Radar,0,0,8,0,8,0,5,67,0,72,0,5,75,0,80,97,0,97,177
12/26/2016,MYF,CA,AWP,WE,Towers with Radar,0,1,47,0,48,0,0,219,0,219,0,1,266,0,267,246,0,246,513
12/27/2016,MYF,CA,AWP,WE,Towers with Radar,0,3,63,0,66,0,23,306,0,329,0,26,369,0,395,241,0,241,636
12/28/2016,MYF,CA,AWP,WE,Towers with Radar,0,5,82,0,87,0,7,262,0,269,0,12,344,0,356,413,0,413,769
12/29/2016,MYF,CA,AWP,WE,Towers with Radar,0,4,77,0,81,0,13,364,0,377,0,17,441,0,458,482,0,482,940
12/30/2016,MYF,CA,AWP,WE,Towers with Radar,0,0,36,0,36,0,3,86,0,89,0,3,122,0,125,378,0,378,503
12/31/2016,MYF,CA,AWP,WE,Towers with Radar,0,6,35,0,41,0,2,9,0,11,0,8,44,0,52,241,0,241,293
01/01/2017,MYF,CA,AWP,WE,Towers with Radar,0,1,26,0,27,0,21,107,0,128,0,22,133,0,155,101,0,101,256
01/02/2017,MYF,CA,AWP,WE,Towers with Radar,0,2,58,0,60,0,0,107,0,107,0,2,165,0,167,575,0,575,742
01/03/2017,MYF,CA,AWP,WE,Towers with Radar,0,2,65,4,71,0,11,220,5,236,0,13,285,9,307,308,0,308,615
01/04/2017,MYF,CA,AWP,WE,Towers with Radar,0,1,65,1,67,0,10,241,2,253,0,11,306,3,320,392,0,392,712
01/05/2017,MYF,CA,AWP,WE,Towers with Radar,0,0,61,1,62,0,0,11,0,11,0,0,72,1,73,0,0,0,73
01/06/2017,MYF,CA,AWP,WE,Towers with Radar,0,5,90,2,97,0,9,242,2,253,0,14,332,4,350,339,0,339,689
01/07/2017,MYF,CA,AWP,WE,Towers with Radar,0,2,47,0,49,0,14,220,0,234,0,16,267,0,283,314,0,314,597
01/08/2017,MYF,CA,AWP,WE,Towers with Radar,0,2,54,0,56,0,6,262,0,268,0,8,316,0,324,264,0,264,588
01/09/2017,MYF,CA,AWP,WE,Towers with Radar,0,0,50,2,52,0,3,19,0,22,0,3,69,2,74,115,0,115,189
01/10/2017,MYF,CA,AWP,WE,Towers with Radar,0,3,66,3,72,0,14,127,2,143,0,17,193,5,215,275,1,276,491
01/11/2017,MYF,CA,AWP,WE,Towers with Radar,0,2,56,3,61,0,0,6,1,7,0,2,62,4,68,51,0,51,119
01/12/2017,MYF,CA,AWP,WE,Towers with Radar,0,2,43,1,46,0,9,45,0,54,0,11,88,1,100,202,0,202,302
01/13/2017,MYF,CA,AWP,WE,Towers with Radar,0,2,99,0,101,0,1,81,0,82,0,3,180,0,183,240,0,240,423
01/14/2017,MYF,CA,AWP,WE,Towers with Radar,0,8,54,0,62,0,9,309,0,318,0,17,363,0,380,317,0,317,697
01/15/2017,MYF,CA,AWP,WE,Towers with Radar,0,3,49,0,52,0,6,88,0,94,0,9,137,0,146,357,0,357,503
01/16/2017,MYF,CA,AWP,WE,Towers with Radar,0,5,86,3,94,0,8,225,0,233,0,13,311,3,327,290,0,290,617
01/17/2017,MYF,CA,AWP,WE,Towers with Radar,0,1,66,2,69,0,17,299,0,316,0,18,365,2,385,295,0,295,680
01/18/2017,MYF,CA,AWP,WE,Towers with Radar,0,1,97,2,100,0,9,222,0,231,0,10,319,2,331,471,0,471,802
01/19/2017,MYF,CA,AWP,WE,Towers with Radar,0,1,34,1,36,0,1,22,0,23,0,2,56,1,59,138,0,138,197
01/20/2017,MYF,CA,AWP,WE,Towers with Radar,0,0,15,0,15,0,0,7,0,7,0,0,22,0,22,1,0,1,23
01/21/2017,MYF,CA,AWP,WE,Towers with Radar,0,4,56,0,60,0,8,109,0,117,0,12,165,0,177,297,0,297,474
01/22/2017,MYF,CA,AWP,WE,Towers with Radar,0,1,26,0,27,0,1,20,1,22,0,2,46,1,49,126,0,126,175
01/23/2017,MYF,CA,AWP,WE,Towers with Radar,0,0,18,1,19,0,0,13,1,14,0,0,31,2,33,52,0,52,85
01/24/2017,MYF,CA,AWP,WE,Towers with Radar,0,7,44,6,57,0,0,95,0,95,0,7,139,6,152,375,0,375,527
01/25/2017,MYF,CA,AWP,WE,Towers with Radar,0,4,68,2,74,0,11,331,0,342,0,15,399,2,416,283,2,285,701
01/26/2017,MYF,CA,AWP,WE,Towers with Radar,0,1,82,7,90,0,6,335,0,341,0,7,417,7,431,213,0,213,644
01/27/2017,MYF,CA,AWP,WE,Towers with Radar,0,3,38,0,41,0,10,130,0,140,0,13,168,0,181,216,0,216,397
01/28/2017,MYF,CA,AWP,WE,Towers with Radar,0,3,59,2,64,0,3,296,0,299,0,6,355,2,363,412,0,412,775
01/29/2017,MYF,CA,AWP,WE,Towers with Radar,0,0,41,3,44,0,9,300,3,312,0,9,341,6,356,269,0,269,625
01/30/2017,MYF,CA,AWP,WE,Towers with Radar,0,4,55,1,60,0,4,281,0,285,0,8,336,1,345,435,0,435,780
01/31/2017,MYF,CA,AWP,WE,Towers with Radar,0,2,77,2,81,0,3,285,0,288,0,5,362,2,369,261,0,261,630
02/01/2017,MYF,CA,AWP,WE,Towers with Radar,0,3,85,1,89,0,14,266,0,280,0,17,351,1,369,399,0,399,768
02/02/2017,MYF,CA,AWP,WE,Towers with Radar,0,1,53,0,54,0,8,277,0,285,0,9,330,0,339,314,0,314,653
02/03/2017,MYF,CA,AWP,WE,Towers with Radar,0,1,92,3,96,0,12,148,1,161,0,13,240,4,257,473,0,473,730
02/04/2017,MYF,CA,AWP,WE,Towers with Radar,0,8,75,0,83,0,18,240,1,259,0,26,315,1,342,477,0,477,819
02/05/2017,MYF,CA,AWP,WE,Towers with Radar,0,7,57,0,64,0,7,48,1,56,0,14,105,1,120,160,0,160,280
02/06/2017,MYF,CA,AWP,WE,Towers with Radar,0,1,55,4,60,0,0,16,0,16,0,1,71,4,76,120,0,120,196
02/07/2017,MYF,CA,AWP,WE,Towers with Radar,0,1,51,6,58,0,6,44,0,50,0,7,95,6,108,63,8,71,179
02/08/2017,MYF,CA,AWP,WE,Towers with Radar,0,2,105,3,110,0,17,256,0,273,0,19,361,3,383,401,5,406,789
02/09/2017,MYF,CA,AWP,WE,Towers with Radar,0,6,71,7,84,0,10,292,3,305,0,16,363,10,389,320,0,320,709
02/10/2017,MYF,CA,AWP,WE,Towers with Radar,0,5,72,0,77,0,14,36,0,50,0,19,108,0,127,70,0,70,197
02/11/2017,MYF,CA,AWP,WE,Towers with Radar,0,4,66,0,70,0,4,47,0,51,0,8,113,0,121,226,0,226,347
02/12/2017,MYF,CA,AWP,WE,Towers with Radar,0,3,57,0,60,0,10,291,0,301,0,13,348,0,361,268,0,268,629
02/13/2017,MYF,CA,AWP,WE,Towers with Radar,0,1,65,2,68,0,4,280,1,285,0,5,345,3,353,248,0,248,601
02/14/2017,MYF,CA,AWP,WE,Towers with Radar,0,0,70,2,72,0,67,284,0,351,0,67,354,2,423,313,0,313,736
02/15/2017,MYF,CA,AWP,WE,Towers with Radar,0,4,65,3,72,0,17,248,0,265,0,21,313,3,337,303,0,303,640
02/16/2017,MYF,CA,AWP,WE,Towers with Radar,0,4,82,1,87,0,15,308,0,323,0,19,390,1,410,534,0,534,944
02/17/2017,MYF,CA,AWP,WE,Towers with Radar,0,2,12,4,18,0,1,10,0,11,0,3,22,4,29,16,0,16,45
02/18/2017,MYF,CA,AWP,WE,Towers with Radar,0,7,21,0,28,0,5,45,2,52,0,12,66,2,80,253,0,253,333
02/19/2017,MYF,CA,AWP,WE,Towers with Radar,0,1,42,0,43,0,0,46,0,46,0,1,88,0,89,245,0,245,334
02/20/2017,MYF,CA,AWP,WE,Towers with Radar,0,4,100,0,104,0,5,210,0,215,0,9,310,0,319,283,0,283,602
02/21/2017,MYF,CA,AWP,WE,Towers with Radar,0,4,67,2,73,0,6,255,0,261,0,10,322,2,334,265,0,265,599
02/22/2017,MYF,CA,AWP,WE,Towers with Radar,0,3,91,1,95,0,13,175,0,188,0,16,266,1,283,447,0,447,730
02/23/2017,MYF,CA,AWP,WE,Towers with Radar,0,5,62,3,70,0,14,274,0,288,0,19,336,3,358,289,0,289,647
02/24/2017,MYF,CA,AWP,WE,Towers with Radar,0,2,78,0,80,0,11,312,0,323,0,13,390,0,403,303,0,303,706
02/25/2017,MYF,CA,AWP,WE,Towers with Radar,0,3,80,2,85,0,16,327,0,343,0,19,407,2,428,317,0,317,745
02/26/2017,MYF,CA,AWP,WE,Towers with Radar,0,0,45,0,45,0,0,31,0,31,0,0,76,0,76,151,0,151,227
02/27/2017,MYF,CA,AWP,WE,Towers with Radar,0,2,20,3,25,0,1,4,0,5,0,3,24,3,30,0,0,0,30
02/28/2017,MYF,CA,AWP,WE,Towers with Radar,0,3,84,7,94,0,1,171,4,176,0,4,255,11,270,366,0,366,636
03/01/2017,MYF,CA,AWP,WE,Towers with Radar,0,1,77,5,83,0,21,258,2,281,0,22,335,7,364,338,0,338,702
03/02/2017,MYF,CA,AWP,WE,Towers with Radar,0,0,52,1,53,0,17,245,3,265,0,17,297,4,318,350,0,350,668
03/03/2017,MYF,CA,AWP,WE,Towers with Radar,0,2,67,1,70,0,13,342,0,355,0,15,409,1,425,344,0,344,769
03/04/2017,MYF,CA,AWP,WE,Towers with Radar,0,10,62,2,74,0,15,249,1,265,0,25,311,3,339,371,0,371,710
03/05/2017,MYF,CA,AWP,WE,Towers with Radar,0,5,55,1,61,0,4,53,1,58,0,9,108,2,119,159,0,159,278
03/06/2017,MYF,CA,AWP,WE,Towers with Radar,0,5,52,1,58,0,3,201,2,206,0,8,253,3,264,256,0,256,520
03/07/2017,MYF,CA,AWP,WE,Towers with Radar,0,3,54,5,62,0,18,232,1,251,0,21,286,6,313,400,0,400,713
03/08/2017,MYF,CA,AWP,WE,Towers with Radar,0,3,54,4,61,0,8,246,0,254,0,11,300,4,315,284,0,284,599
03/09/2017,MYF,CA,AWP,WE,Towers with Radar,0,0,58,2,60,0,9,253,0,262,0,9,311,2,322,263,0,263,585
03/10/2017,MYF,CA,AWP,WE,Towers with Radar,0,0,49,0,49,0,13,247,0,260,0,13,296,0,309,297,0,297,606
03/11/2017,MYF,CA,AWP,WE,Towers with Radar,0,5,46,0,51,0,29,296,0,325,0,34,342,0,376,368,0,368,744
03/12/2017,MYF,CA,AWP,WE,Towers with Radar,0,2,54,0,56,0,7,186,0,193,0,9,240,0,249,196,0,196,445
03/13/2017,MYF,CA,AWP,WE,Towers with Radar,0,5,55,1,61,0,9,189,0,198,0,14,244,1,259,235,0,235,494
03/14/2017,MYF,CA,AWP,WE,Towers with Radar,0,6,64,2,72,0,10,226,1,237,0,16,290,3,309,296,0,296,605
03/15/2017,MYF,CA,AWP,WE,Towers with Radar,0,8,57,6,71,0,20,209,0,229,0,28,266,6,300,196,0,196,496
03/16/2017,MYF,CA,AWP,WE,Towers with Radar,0,1,65,4,70,0,13,226,0,239,0,14,291,4,309,391,0,391,700
03/17/2017,MYF,CA,AWP,WE,Towers with Radar,0,1,87,2,90,0,14,276,0,290,0,15,363,2,380,319,0,319,699
03/18/2017,MYF,CA,AWP,WE,Towers with Radar,0,2,67,0,69,0,5,209,0,214,0,7,276,0,283,194,0,194,477
03/19/2017,MYF,CA,AWP,WE,Towers with Radar,0,2,46,0,48,0,7,185,0,192,0,9,231,0,240,249,0,249,489
03/20/2017,MYF,CA,AWP,WE,Towers with Radar,0,0,89,4,93,0,7,126,0,133,0,7,215,4,226,531,0,531,757
03/21/2017,MYF,CA,AWP,WE,Towers with Radar,0,3,80,5,88,0,5,216,1,222,0,8,296,6,310,388,0,388,698
03/22/2017,MYF,CA,AWP,WE,Towers with Radar,0,2,43,4,49,0,0,20,0,20,0,2,63,4,69,100,0,100,169
03/23/2017,MYF,CA,AWP,WE,Towers with Radar,0,3,68,2,73,0,18,221,0,239,0,21,289,2,312,311,0,311,623
03/24/2017,MYF,CA,AWP,WE,Towers with Radar,0,2,69,0,71,0,15,318,0,333,0,17,387,0,404,273,0,273,677
03/25/2017,MYF,CA,AWP,WE,Towers with Radar,0,5,91,2,98,0,13,153,0,166,0,18,244,2,264,499,0,499,763
03/26/2017,MYF,CA,AWP,WE,Towers with Radar,0,0,89,0,89,0,4,127,0,131,0,4,216,0,220,443,0,443,663
03/27/2017,MYF,CA,AWP,WE,Towers with Radar,0,2,76,4,82,0,12,147,0,159,0,14,223,4,241,515,0,515,756
03/28/2017,MYF,CA,AWP,WE,Towers with Radar,0,2,66,1,69,0,15,246,1,262,0,17,312,2,331,280,0,280,611
03/29/2017,MYF,CA,AWP,WE,Towers with Radar,0,4,76,1,81,0,11,283,5,299,0,15,359,6,380,336,0,336,716
03/30/2017,MYF,CA,AWP,WE,Towers with Radar,0,2,92,1,95,0,22,132,1,155,0,24,224,2,250,237,0,237,487
03/31/2017,MYF,CA,AWP,WE,Towers with Radar,0,3,87,1,91,0,11,250,0,261,0,14,337,1,352,333,0,333,685
04/01/2017,MYF,CA,AWP,WE,Towers with Radar,0,2,61,0,63,0,12,277,0,289,0,14,338,0,352,266,0,266,618
04/02/2017,MYF,CA,AWP,WE,Towers with Radar,0,3,54,0,57,0,4,233,0,237,0,7,287,0,294,174,0,174,468
04/03/2017,MYF,CA,AWP,WE,Towers with Radar,0,0,70,2,72,0,4,100,0,104,0,4,170,2,176,169,0,169,345
04/04/2017,MYF,CA,AWP,WE,Towers with Radar,0,9,72,1,82,0,9,228,0,237,0,18,300,1,319,269,1,270,589
04/05/2017,MYF,CA,AWP,WE,Towers with Radar,0,1,74,2,77,0,8,230,0,238,0,9,304,2,315,218,0,218,533
04/06/2017,MYF,CA,AWP,WE,Towers with Radar,0,4,86,4,94,0,14,219,0,233,0,18,305,4,327,198,0,198,525
04/07/2017,MYF,CA,AWP,WE,Towers with Radar,0,3,83,0,86,0,6,207,0,213,0,9,290,0,299,265,0,265,564
04/08/2017,MYF,CA,AWP,WE,Towers with Radar,0,5,77,0,82,0,3,147,0,150,0,8,224,0,232,274,0,274,506
04/09/2017,MYF,CA,AWP,WE,Towers with Radar,0,0,44,0,44,0,5,252,0,257,0,5,296,0,301,148,0,148,449
04/10/2017,MYF,CA,AWP,WE,Towers with Radar,0,3,69,4,76,0,10,209,1,220,0,13,278,5,296,251,0,251,547
04/11/2017,MYF,CA,AWP,WE,Towers with Radar,0,3,70,4,77,0,15,204,0,219,0,18,274,4,296,211,0,211,507
04/12/2017,MYF,CA,AWP,WE,Towers with Radar,0,2,77,6,85,0,16,274,0,290,0,18,351,6,375,215,0,215,590
04/13/2017,MYF,CA,AWP,WE,Towers with Radar,0,2,87,3,92,0,19,191,1,211,0,21,278,4,303,157,1,158,461
04/14/2017,MYF,CA,AWP,WE,Towers with Radar,0,6,116,4,126,0,21,265,0,286,0,27,381,4,412,348,0,348,760
04/15/2017,MYF,CA,AWP,WE,Towers with Radar,0,2,56,0,58,0,2,295,0,297,0,4,351,0,355,245,0,245,600
04/16/2017,MYF,CA,AWP,WE,Towers with Radar,0,2,45,0,47,0,3,160,0,163,0,5,205,0,210,220,1,221,431
04/17/2017,MYF,CA,AWP,WE,Towers with Radar,0,1,75,2,78,0,16,193,1,210,0,17,268,3,288,324,0,324,612
04/18/2017,MYF,CA,AWP,WE,Towers with Radar,0,2,80,4,86,0,22,149,1,172,0,24,229,5,258,271,8,279,537
04/19/2017,MYF,CA,AWP,WE,Towers with Radar,0,3,76,2,81,0,11,204,2,217,0,14,280,4,298,303,10,313,611
04/20/2017,MYF,CA,AWP,WE,Towers with Radar,0,3,77,0,80,0,1,280,6,287,0,4,357,6,367,341,0,341,708
04/21/2017,MYF,CA,AWP,WE,Towers with Radar,0,1,72,1,74,0,15,269,0,284,0,16,341,1,358,272,0,272,630
04/22/2017,MYF,CA,AWP,WE,Towers with Radar,0,3,36,0,39,0,16,261,0,277,0,19,297,0,316,267,0,267,583
04/23/2017,MYF,CA,AWP,WE,Towers with Radar,0,1,49,2,52,0,11,182,2,195,0,12,231,4,247,174,0,174,421
04/24/2017,MYF,CA,AWP,WE,Towers with Radar,0,2,94,2,98,0,0,126,0,126,0,2,220,2,224,190,0,190,414
04/25/2017,MYF,CA,AWP,WE,Towers with Radar,0,2,89,6,97,0,9,181,0,190,0,11,270,6,287,284,0,284,571
04/26/2017,MYF,CA,AWP,WE,Towers with Radar,1,3,69,0,73,0,11,294,1,306,1,14,363,1,379,378,0,378,757
04/27/2017,MYF,CA,AWP,WE,Towers with Radar,0,1,113,1,115,0,9,126,0,135,0,10,239,1,250,292,0,292,542
04/28/2017,MYF,CA,AWP,WE,Towers with Radar,0,0,71,0,71,0,15,262,0,277,0,15,333,0,348,203,0,203,551
04/29/2017,MYF,CA,AWP,WE,Towers with Radar,0,1,45,0,46,0,13,279,2,294,0,14,324,2,340,286,0,286,626
04/30/2017,MYF,CA,AWP,WE,Towers with Radar,0,0,71,0,71,0,17,266,1,284,0,17,337,1,355,198,1,199,554
05/01/2017,MYF,CA,AWP,WE,Towers with Radar,0,2,61,2,65,0,0,215,0,215,0,2,276,2,280,334,2,336,616
05/02/2017,MYF,CA,AWP,WE,Towers with Radar,0,3,72,1,76,0,7,246,2,255,0,10,318,3,331,346,1,347,678
05/03/2017,MYF,CA,AWP,WE,Towers with Radar,0,0,70,1,71,0,18,234,0,252,0,18,304,1,323,178,0,178,501
05/04/2017,MYF,CA,AWP,WE,Towers with Radar,0,3,89,2,94,0,12,209,0,221,0,15,298,2,315,338,0,338,653
05/05/2017,MYF,CA,AWP,WE,Towers with Radar,0,10,130,1,141,0,16,32,1,49,0,26,162,2,190,95,0,95,285
05/06/2017,MYF,CA,AWP,WE,Towers with Radar,0,6,62,1,69,0,1,32,0,33,0,7,94,1,102,114,0,114,216
05/07/2017,MYF,CA,AWP,WE,Towers with Radar,0,1,28,0,29,0,0,17,0,17,0,1,45,0,46,34,2,36,82
05/08/2017,MYF,CA,AWP,WE,Towers with Radar,0,0,60,2,62,0,2,201,0,203,0,2,261,2,265,332,0,332,597
05/09/2017,MYF,CA,AWP,WE,Towers with Radar,0,2,89,3,94,0,7,65,0,72,0,9,154,3,166,82,0,82,248
05/10/2017,MYF,CA,AWP,WE,Towers with Radar,0,0,88,2,90,0,10,98,0,108,0,10,186,2,198,224,0,224,422
05/11/2017,MYF,CA,AWP,WE,Towers with Radar,0,2,104,3,109,0,14,252,0,266,0,16,356,3,375,413,0,413,788
05/12/2017,MYF,CA,AWP,WE,Towers with Radar,0,7,128,2,137,0,6,77,0,83,0,13,205,2,220,72,0,72,292
05/13/2017,MYF,CA,AWP,WE,Towers with Radar,0,5,77,1,83,0,15,252,0,267,0,20,329,1,350,248,0,248,598
05/14/2017,MYF,CA,AWP,WE,Towers with Radar,0,2,57,0,59,0,18,145,0,163,0,20,202,0,222,244,0,244,466
05/15/2017,MYF,CA,AWP,WE,Towers with Radar,0,6,78,4,88,0,3,117,2,122,0,9,195,6,210,179,0,179,389
05/16/2017,MYF,CA,AWP,WE,Towers with Radar,0,1,84,3,88,0,4,134,1,139,0,5,218,4,227,353,0,353,580
05/17/2017,MYF,CA,AWP,WE,Towers with Radar,0,0,88,2,90,0,19,152,4,175,0,19,240,6,265,358,0,358,623
05/18/2017,MYF,CA,AWP,WE,Towers with Radar,0,3,73,3,79,0,9,251,3,263,0,12,324,6,342,370,0,370,712
05/19/2017,MYF,CA,AWP,WE,Towers with Radar,0,3,65,0,68,0,13,278,0,291,0,16,343,0,359,371,1,372,731
05/20/2017,MYF,CA,AWP,WE,Towers with Radar,0,1,56,2,59,0,5,299,1,305,0,6,355,3,364,350,0,350,714
05/21/2017,MYF,CA,AWP,WE,Towers with Radar,0,2,35,0,37,0,3,233,0,236,0,5,268,0,273,92,0,92,365
05/22/2017,MYF,CA,AWP,WE,Towers with Radar,0,6,49,1,56,0,2,222,0,224,0,8,271,1,280,216,0,216,496
05/23/2017,MYF,CA,AWP,WE,Towers with Radar,0,4,68,0,72,0,11,204,0,215,0,15,272,0,287,271,0,271,558
05/24/2017,MYF,CA,AWP,WE,Towers with Radar,0,1,95,2,98,0,10,198,0,208,0,11,293,2,306,339,0,339,645
05/25/2017,MYF,CA,AWP,WE,Towers with Radar,0,11,105,3,119,0,5,135,0,140,0,16,240,3,259,442,0,442,701
05/26/2017,MYF,CA,AWP,WE,Towers with Radar,0,4,85,4,93,0,11,229,0,240,0,15,314,4,333,398,0,398,731
05/27/2017,MYF,CA,AWP,WE,Towers with Radar,0,3,50,0,53,0,25,222,0,247,0,28,272,0,300,319,0,319,619
05/28/2017,MYF,CA,AWP,WE,Towers with Radar,0,1,41,0,42,0,11,178,0,189,0,12,219,0,231,240,0,240,471
05/29/2017,MYF,CA,AWP,WE,Towers with Radar,0,6,85,1,92,0,0,82,1,83,0,6,167,2,175,237,0,237,412
05/30/2017,MYF,CA,AWP,WE,Towers with Radar,0,5,94,0,99,0,14,98,0,112,0,19,192,0,211,279,0,279,490
05/31/2017,MYF,CA,AWP,WE,Towers with Radar,0,2,115,2,119,0,6,44,0,50,0,8,159,2,169,289,0,289,458
06/01/2017,MYF,CA,AWP,WE,Towers with Radar,0,6,101,1,108,0,12,129,2,143,0,18,230,3,251,465,0,465,716
06/02/2017,MYF,CA,AWP,WE,Towers with Radar,0,4,81,0,85,0,11,196,0,207,0,15,277,0,292,336,0,336,628
06/03/2017,MYF,CA,AWP,WE,Towers with Radar,0,5,81,1,87,0,17,121,0,138,0,22,202,1,225,149,0,149,374
06/04/2017,MYF,CA,AWP,WE,Towers with Radar,0,5,81,0,86,0,2,139,0,141,0,7,220,0,227,116,0,116,343
06/05/2017,MYF,CA,AWP,WE,Towers with Radar,0,4,101,3,108,0,2,60,1,63,0,6,161,4,171,143,0,143,314
06/06/2017,MYF,CA,AWP,WE,Towers with Radar,0,3,111,3,117,0,5,16,1,22,0,8,127,4,139,55,0,55,194
06/07/2017,MYF,CA,AWP,WE,Towers with Radar,0,10,122,2,134,0,8,93,0,101,0,18,215,2,235,220,0,220,455
06/08/2017,MYF,CA,AWP,WE,Towers with Radar,0,1,95,3,99,0,4,199,0,203,0,5,294,3,302,313,0,313,615
06/09/2017,MYF,CA,AWP,WE,Towers with Radar,0,3,67,1,71,0,13,251,0,264,0,16,318,1,335,266,0,266,601
06/10/2017,MYF,CA,AWP,WE,Towers with Radar,0,5,50,0,55,0,16,78,0,94,0,21,128,0,149,241,0,241,390
06/11/2017,MYF,CA,AWP,WE,Towers with Radar,0,4,49,1,54,0,7,86,0,93,0,11,135,1,147,176,0,176,323
06/12/2017,MYF,CA,AWP,WE,Towers with Radar,0,2,60,1,63,0,3,239,0,242,0,5,299,1,305,356,1,357,662
06/13/2017,MYF,CA,AWP,WE,Towers with Radar,0,2,65,1,68,0,8,260,0,268,0,10,325,1,336,242,0,242,578
06/14/2017,MYF,CA,AWP,WE,Towers with Radar,0,2,58,2,62,0,11,300,0,311,0,13,358,2,373,280,1,281,654
06/15/2017,MYF,CA,AWP,WE,Towers with Radar,0,3,62,4,69,0,14,251,0,265,0,17,313,4,334,272,0,272,606
06/16/2017,MYF,CA,AWP,WE,Towers with Radar,0,4,58,2,64,0,24,273,0,297,0,28,331,2,361,303,0,303,664
06/17/2017,MYF,CA,AWP,WE,Towers with Radar,0,6,51,0,57,0,9,275,0,284,0,15,326,0,341,317,0,317,658
06/18/2017,MYF,CA,AWP,WE,Towers with Radar,0,4,42,0,46,0,5,240,0,245,0,9,282,0,291,263,0,263,554
06/19/2017,MYF,CA,AWP,WE,Towers with Radar,0,2,73,0,75,0,7,234,0,241,0,9,307,0,316,261,0,261,577
06/20/2017,MYF,CA,AWP,WE,Towers with Radar,0,2,73,0,75,0,14,235,0,249,0,16,308,0,324,321,1,322,646
06/21/2017,MYF,CA,AWP,WE,Towers with Radar,0,4,63,0,67,0,12,232,0,244,0,16,295,0,311,198,2,200,511
06/22/2017,MYF,CA,AWP,WE,Towers with Radar,0,9,78,7,94,0,5,156,3,164,0,14,234,10,258,185,2,187,445
06/23/2017,MYF,CA,AWP,WE,Towers with Radar,0,4,71,2,77,0,16,190,1,207,0,20,261,3,284,237,0,237,521
06/24/2017,MYF,CA,AWP,WE,Towers with Radar,0,3,62,2,67,0,15,221,0,236,0,18,283,2,303,227,0,227,530
06/25/2017,MYF,CA,AWP,WE,Towers with Radar,0,3,52,1,56,0,4,187,0,191,0,7,239,1,247,280,0,280,527
06/26/2017,MYF,CA,AWP,WE,Towers with Radar,0,2,55,1,58,0,5,200,1,206,0,7,255,2,264,329,0,329,593
06/27/2017,MYF,CA,AWP,WE,Towers with Radar,0,5,47,2,54,0,11,230,0,241,0,16,277,2,295,323,0,323,618
06/28/2017,MYF,CA,AWP,WE,Towers with Radar,0,6,76,3,85,0,10,295,1,306,0,16,371,4,391,340,0,340,731
06/29/2017,MYF,CA,AWP,WE,Towers with Radar,0,6,92,1,99,0,10,222,1,233,0,16,314,2,332,303,0,303,635
06/30/2017,MYF,CA,AWP,WE,Towers with Radar,0,5,80,0,85,0,6,228,0,234,0,11,308,0,319,215,0,215,534
07/01/2017,MYF,CA,AWP,WE,Towers with Radar,0,2,77,2,81,0,8,176,1,185,0,10,253,3,266,176,0,176,442
07/02/2017,MYF,CA,AWP,WE,Towers with Radar,0,0,40,2,42,0,14,216,0,230,0,14,256,2,272,247,0,247,519
07/03/2017,MYF,CA,AWP,WE,Towers with Radar,0,2,46,4,52,0,4,225,1,230,0,6,271,5,282,305,0,305,587
07/04/2017,MYF,CA,AWP,WE,Towers with Radar,0,3,30,2,35,0,16,155,2,173,0,19,185,4,208,170,0,170,378
07/05/2017,MYF,CA,AWP,WE,Towers with Radar,0,4,63,1,68,0,9,210,0,219,0,13,273,1,287,177,0,177,464
07/06/2017,MYF,CA,AWP,WE,Towers with Radar,0,2,62,0,64,0,13,254,1,268,0,15,316,1,332,276,0,276,608
07/07/2017,MYF,CA,AWP,WE,Towers with Radar,0,5,57,0,62,0,17,274,1,292,0,22,331,1,354,285,0,285,639
07/08/2017,MYF,CA,AWP,WE,Towers with Radar,0,3,59,0,62,0,10,228,0,238,0,13,287,0,300,268,0,268,568
07/09/2017,MYF,CA,AWP,WE,Towers with Radar,0,5,59,0,64,0,7,166,0,173,0,12,225,0,237,332,0,332,569
07/10/2017,MYF,CA,AWP,WE,Towers with Radar,0,0,62,3,65,0,2,223,0,225,0,2,285,3,290,403,0,403,693
07/11/2017,MYF,CA,AWP,WE,Towers with Radar,0,4,63,0,67,0,10,247,0,257,0,14,310,0,324,338,0,338,662
07/12/2017,MYF,CA,AWP,WE,Towers with Radar,0,4,76,1,81,0,9,237,1,247,0,13,313,2,328,266,1,267,595
07/13/2017,MYF,CA,AWP,WE,Towers with Radar,0,4,74,0,78,0,7,229,0,236,0,11,303,0,314,366,0,366,680
07/14/2017,MYF,CA,AWP,WE,Towers with Radar,0,4,87,1,92,0,20,249,0,269,0,24,336,1,361,372,0,372,733
07/15/2017,MYF,CA,AWP,WE,Towers with Radar,0,2,58,0,60,0,5,205,0,210,0,7,263,0,270,175,0,175,445
07/16/2017,MYF,CA,AWP,WE,Towers with Radar,0,3,62,0,65,0,19,213,0,232,0,22,275,0,297,219,0,219,516
07/17/2017,MYF,CA,AWP,WE,Towers with Radar,0,1,59,1,61,0,10,188,0,198,0,11,247,1,259,145,0,145,404
07/18/2017,MYF,CA,AWP,WE,Towers with Radar,0,5,64,0,69,0,15,229,0,244,0,20,293,0,313,270,0,270,583
07/19/2017,MYF,CA,AWP,WE,Towers with Radar,0,4,66,2,72,0,8,222,0,230,0,12,288,2,302,419,0,419,721
07/20/2017,MYF,CA,AWP,WE,Towers with Radar,1,6,80,2,89,0,13,220,0,233,1,19,300,2,322,469,1,470,792
07/21/2017,MYF,CA,AWP,WE,Towers with Radar,0,7,66,1,74,0,17,250,1,268,0,24,316,2,342,368,0,368,710
07/22/2017,MYF,CA,AWP,WE,Towers with Radar,0,3,44,0,47,0,11,259,6,276,0,14,303,6,323,175,0,175,498
07/23/2017,MYF,CA,AWP,WE,Towers with Radar,0,0,57,0,57,0,6,190,0,196,0,6,247,0,253,260,0,260,513
07/24/2017,MYF,CA,AWP,WE,Towers with Radar,0,1,60,0,61,0,3,127,0,130,0,4,187,0,191,299,0,299,490
07/25/2017,MYF,CA,AWP,WE,Towers with Radar,0,4,89,2,95,0,9,121,0,130,0,13,210,2,225,299,0,299,524
07/26/2017,MYF,CA,AWP,WE,Towers with Radar,0,2,71,1,74,0,9,163,0,172,0,11,234,1,246,361,0,361,607
07/27/2017,MYF,CA,AWP,WE,Towers with Radar,0,5,66,4,75,0,14,216,0,230,0,19,282,4,305,290,0,290,595
07/28/2017,MYF,CA,AWP,WE,Towers with Radar,0,4,76,0,80,0,16,232,0,248,0,20,308,0,328,300,0,300,628
07/29/2017,MYF,CA,AWP,WE,Towers with Radar,0,3,55,0,58,0,22,227,0,249,0,25,282,0,307,148,0,148,455
07/30/2017,MYF,CA,AWP,WE,Towers with Radar,0,0,52,0,52,0,1,230,0,231,0,1,282,0,283,241,0,241,524
07/31/2017,MYF,CA,AWP,WE,Towers with Radar,0,1,81,0,82,0,3,157,0,160,0,4,238,0,242,248,0,248,490
08/01/2017,MYF,CA,AWP,WE,Towers with Radar,0,2,46,3,51,0,18,180,0,198,0,20,226,3,249,356,0,356,605
08/02/2017,MYF,CA,AWP,WE,Towers with Radar,0,5,45,1,51,0,15,161,0,176,0,20,206,1,227,338,0,338,565
08/03/2017,MYF,CA,AWP,WE,Towers with Radar,0,6,58,3,67,0,18,200,1,219,0,24,258,4,286,337,0,337,623
08/04/2017,MYF,CA,AWP,WE,Towers with Radar,0,4,80,0,84,0,18,215,0,233,0,22,295,0,317,280,0,280,597
08/05/2017,MYF,CA,AWP,WE,Towers with Radar,0,3,58,0,61,0,13,236,0,249,0,16,294,0,310,238,0,238,548
08/06/2017,MYF,CA,AWP,WE,Towers with Radar,0,2,48,0,50,0,10,219,0,229,0,12,267,0,279,296,1,297,576
08/07/2017,MYF,CA,AWP,WE,Towers with Radar,0,2,72,2,76,0,1,193,0,194,0,3,265,2,270,250,0,250,520
08/08/2017,MYF,CA,AWP,WE,Towers with Radar,0,4,68,3,75,0,7,236,0,243,0,11,304,3,318,305,0,305,623
08/09/2017,MYF,CA,AWP,WE,Towers with Radar,0,6,65,3,74,0,15,225,1,241,0,21,290,4,315,320,0,320,635
08/10/2017,MYF,CA,AWP,WE,Towers with Radar,0,4,80,4,88,0,11,244,0,255,0,15,324,4,343,429,0,429,772
08/11/2017,MYF,CA,AWP,WE,Towers with Radar,0,6,72,0,78,0,0,214,2,216,0,6,286,2,294,333,0,333,627
08/12/2017,MYF,CA,AWP,WE,Towers with Radar,0,2,42,0,44,0,9,219,0,228,0,11,261,0,272,159,0,159,431
08/13/2017,MYF,CA,AWP,WE,Towers with Radar,0,2,47,0,49,0,11,203,0,214,0,13,250,0,263,262,0,262,525
08/14/2017,MYF,CA,AWP,WE,Towers with Radar,0,8,52,5,65,0,5,187,0,192,0,13,239,5,257,329,0,329,586
08/15/2017,MYF,CA,AWP,WE,Towers with Radar,0,8,135,8,151,0,10,66,4,80,0,18,201,12,231,223,0,223,454
08/16/2017,MYF,CA,AWP,WE,Towers with Radar,0,4,63,4,71,0,10,252,0,262,0,14,315,4,333,268,0,268,601
08/17/2017,MYF,CA,AWP,WE,Towers with Radar,0,6,70,1,77,0,9,264,2,275,0,15,334,3,352,441,0,441,793
08/18/2017,MYF,CA,AWP,WE,Towers with Radar,0,4,85,4,93,0,10,244,0,254,0,14,329,4,347,404,0,404,751
08/19/2017,MYF,CA,AWP,WE,Towers with Radar,0,5,58,2,65,0,13,169,0,182,0,18,227,2,247,376,0,376,623
08/20/2017,MYF,CA,AWP,WE,Towers with Radar,0,4,54,0,58,0,8,178,0,186,0,12,232,0,244,283,0,283,527
08/21/2017,MYF,CA,AWP,WE,Towers with Radar,0,4,51,2,57,0,15,162,0,177,0,19,213,2,234,284,0,284,518
08/22/2017,MYF,CA,AWP,WE,Towers with Radar,0,8,80,1,89,0,17,193,2,212,0,25,273,3,301,332,0,332,633
08/23/2017,MYF,CA,AWP,WE,Towers with Radar,0,14,108,6,128,0,8,42,2,52,0,22,150,8,180,136,0,136,316
08/24/2017,MYF,CA,AWP,WE,Towers with Radar,0,9,142,3,154,0,7,27,0,34,0,16,169,3,188,144,0,144,332
08/25/2017,MYF,CA,AWP,WE,Towers with Radar,0,9,110,5,124,0,6,165,1,172,0,15,275,6,296,224,0,224,520
08/26/2017,MYF,CA,AWP,WE,Towers with Radar,0,4,59,0,63,0,28,228,0,256,0,32,287,0,319,252,0,252,571
08/27/2017,MYF,CA,AWP,WE,Towers with Radar,0,2,67,0,69,0,9,170,0,179,0,11,237,0,248,262,0,262,510
08/28/2017,MYF,CA,AWP,WE,Towers with Radar,0,8,64,3,75,0,10,185,2,197,0,18,249,5,272,383,3,386,658
08/29/2017,MYF,CA,AWP,WE,Towers with Radar,0,6,57,4,67,0,8,261,2,271,0,14,318,6,338,377,3,380,718
08/30/2017,MYF,CA,AWP,WE,Towers with Radar,0,6,70,0,76,0,15,227,1,243,0,21,297,1,319,390,1,391,710
08/31/2017,MYF,CA,AWP,WE,Towers with Radar,0,9,60,2,71,0,7,225,1,233,0,16,285,3,304,444,0,444,748
09/01/2017,MYF,CA,AWP,WE,Towers with Radar,0,7,65,2,74,0,15,220,0,235,0,22,285,2,309,250,0,250,559
09/02/2017,MYF,CA,AWP,WE,Towers with Radar,0,1,41,0,42,0,22,206,0,228,0,23,247,0,270,220,0,220,490
09/03/2017,MYF,CA,AWP,WE,Towers with Radar,0,2,25,0,27,0,1,104,0,105,0,3,129,0,132,210,0,210,342
09/04/2017,MYF,CA,AWP,WE,Towers with Radar,0,1,92,1,94,0,2,58,0,60,0,3,150,1,154,112,0,112,266
09/05/2017,MYF,CA,AWP,WE,Towers with Radar,0,5,81,2,88,0,16,209,1,226,0,21,290,3,314,312,0,312,626
09/06/2017,MYF,CA,AWP,WE,Towers with Radar,0,6,68,3,77,0,24,260,1,285,0,30,328,4,362,354,0,354,716
09/07/2017,MYF,CA,AWP,WE,Towers with Radar,0,7,87,2,96,0,15,250,1,266,0,22,337,3,362,346,0,346,708
09/08/2017,MYF,CA,AWP,WE,Towers with Radar,0,5,72,0,77,0,11,232,0,243,0,16,304,0,320,336,0,336,656
09/09/2017,MYF,CA,AWP,WE,Towers with Radar,0,6,61,0,67,0,24,231,0,255,0,30,292,0,322,368,0,368,690
09/10/2017,MYF,CA,AWP,WE,Towers with Radar,0,1,48,0,49,0,4,179,0,183,0,5,227,0,232,278,0,278,510
09/11/2017,MYF,CA,AWP,WE,Towers with Radar,0,4,56,3,63,0,14,211,1,226,0,18,267,4,289,240,0,240,529
09/12/2017,MYF,CA,AWP,WE,Towers with Radar,0,9,55,1,65,0,7,174,1,182,0,16,229,2,247,387,0,387,634
09/13/2017,MYF,CA,AWP,WE,Towers with Radar,0,7,86,3,96,0,17,119,1,137,0,24,205,4,233,312,2,314,547
09/14/2017,MYF,CA,AWP,WE,Towers with Radar,0,13,89,2,104,0,13,180,0,193,0,26,269,2,297,242,0,242,539
09/15/2017,MYF,CA,AWP,WE,Towers with Radar,0,8,75,4,87,0,21,156,0,177,0,29,231,4,264,544,0,544,808
09/16/2017,MYF,CA,AWP,WE,Towers with Radar,0,12,84,0,96,0,6,139,2,147,0,18,223,2,243,363,0,363,606
09/17/2017,MYF,CA,AWP,WE,Towers with Radar,0,4,78,0,82,0,7,132,0,139,0,11,210,0,221,222,0,222,443
09/18/2017,MYF,CA,AWP,WE,Towers with Radar,0,7,86,1,94,0,13,142,0,155,0,20,228,1,249,209,0,209,458
09/19/2017,MYF,CA,AWP,WE,Towers with Radar,0,5,74,1,80,0,7,196,0,203,0,12,270,1,283,369,0,369,652
09/20/2017,MYF,CA,AWP,WE,Towers with Radar,0,6,76,3,85,0,8,186,1,195,0,14,262,4,280,197,1,198,478
09/21/2017,MYF,CA,AWP,WE,Towers with Radar,0,7,38,3,48,0,11,62,0,73,0,18,100,3,121,125,0,125,246
09/22/2017,MYF,CA,AWP,WE,Towers with Radar,0,7,53,2,62,0,5,132,0,137,0,12,185,2,199,206,0,206,405
09/23/2017,MYF,CA,AWP,WE,Towers with Radar,0,3,49,0,52,0,3,139,0,142,0,6,188,0,194,179,0,179,373
09/24/2017,MYF,CA,AWP,WE,Towers with Radar,0,2,26,3,31,0,12,161,0,173,0,14,187,3,204,115,0,115,319
09/25/2017,MYF,CA,AWP,WE,Towers with Radar,0,2,65,2,69,0,4,219,1,224,0,6,284,3,293,307,0,307,600
09/26/2017,MYF,CA,AWP,WE,Towers with Radar,0,4,74,3,81,0,9,299,0,308,0,13,373,3,389,335,0,335,724
09/27/2017,MYF,CA,AWP,WE,Towers with Radar,0,5,71,2,78,0,6,275,1,282,0,11,346,3,360,379,0,379,739
09/28/2017,MYF,CA,AWP,WE,Towers with Radar,0,6,58,2,66,0,14,244,0,258,0,20,302,2,324,319,1,320,644
09/29/2017,MYF,CA,AWP,WE,Towers with Radar,0,6,88,0,94,0,2,252,0,254,0,8,340,0,348,372,0,372,720
09/30/2017,MYF,CA,AWP,WE,Towers with Radar,0,3,51,0,54,0,3,249,0,252,0,6,300,0,306,223,0,223,529
10/01/2017,MYF,CA,AWP,WE,Towers with Radar,0,6,39,0,45,0,10,151,0,161,0,16,190,0,206,165,0,165,371
10/02/2017,MYF,CA,AWP,WE,Towers with Radar,0,10,65,3,78,0,13,144,2,159,0,23,209,5,237,197,0,197,434
10/03/2017,MYF,CA,AWP,WE,Towers with Radar,0,14,69,3,86,0,9,188,0,197,0,23,257,3,283,257,0,257,540
10/04/2017,MYF,CA,AWP,WE,Towers with Radar,0,12,46,0,58,0,20,251,0,271,0,32,297,0,329,322,0,322,651
10/05/2017,MYF,CA,AWP,WE,Towers with Radar,0,17,65,4,86,0,25,266,0,291,0,42,331,4,377,322,0,322,699
10/06/2017,MYF,CA,AWP,WE,Towers with Radar,0,11,52,0,63,0,11,283,0,294,0,22,335,0,357,262,0,262,619
10/07/2017,MYF,CA,AWP,WE,Towers with Radar,0,5,45,0,50,0,20,230,0,250,0,25,275,0,300,322,0,322,622
10/08/2017,MYF,CA,AWP,WE,Towers with Radar,0,4,39,0,43,0,3,147,0,150,0,7,186,0,193,248,0,248,441
10/09/2017,MYF,CA,AWP,WE,Towers with Radar,0,17,58,3,78,0,8,199,1,208,0,25,257,4,286,474,0,474,760
10/10/2017,MYF,CA,AWP,WE,Towers with Radar,0,14,58,2,74,0,12,220,2,234,0,26,278,4,308,361,0,361,669
10/11/2017,MYF,CA,AWP,WE,Towers with Radar,0,17,69,3,89,0,4,268,1,273,0,21,337,4,362,348,5,353,715
10/12/2017,MYF,CA,AWP,WE,Towers with Radar,0,9,78,2,89,0,8,245,0,253,0,17,323,2,342,322,0,322,664
10/13/2017,MYF,CA,AWP,WE,Towers with Radar,0,12,61,2,75,0,8,225,0,233,0,20,286,2,308,382,1,383,691
10/14/2017,MYF,CA,AWP,WE,Towers with Radar,0,4,46,0,50,0,19,259,0,278,0,23,305,0,328,216,0,216,544
10/15/2017,MYF,CA,AWP,WE,Towers with Radar,0,6,42,1,49,0,3,201,1,205,0,9,243,2,254,273,0,273,527
10/16/2017,MYF,CA,AWP,WE,Towers with Radar,0,12,40,0,52,0,24,175,0,199,0,36,215,0,251,326,13,339,590
10/17/2017,MYF,CA,AWP,WE,Towers with Radar,0,12,44,4,60,0,9,233,12,254,0,21,277,16,314,335,1,336,650
10/18/2017,MYF,CA,AWP,WE,Towers with Radar,0,14,65,2,81,0,10,213,1,224,0,24,278,3,305,231,0,231,536
10/19/2017,MYF,CA,AWP,WE,Towers with Radar,0,14,67,0,81,0,12,210,1,223,0,26,277,1,304,429,0,429,733
10/20/2017,MYF,CA,AWP,WE,Towers with Radar,0,11,69,0,80,0,12,92,0,104,0,23,161,0,184,609,0,609,793
10/21/2017,MYF,CA,AWP,WE,Towers with Radar,0,6,66,0,72,0,6,297,0,303,0,12,363,0,375,318,0,318,693
10/22/2017,MYF,CA,AWP,WE,Towers with Radar,0,2,46,0,48,0,8,251,0,259,0,10,297,0,307,238,0,238,545
10/23/2017,MYF,CA,AWP,WE,Towers with Radar,0,12,54,2,68,0,4,204,2,210,0,16,258,4,278,255,2,257,535
10/24/2017,MYF,CA,AWP,WE,Towers with Radar,0,15,45,2,62,0,9,183,6,198,0,24,228,8,260,351,2,353,613
10/25/2017,MYF,CA,AWP,WE,Towers with Radar,0,13,53,2,68,0,12,259,0,271,0,25,312,2,339,330,0,330,669
10/26/2017,MYF,CA,AWP,WE,Towers with Radar,0,13,53,0,66,0,6,234,0,240,0,19,287,0,306,387,0,387,693
10/27/2017,MYF,CA,AWP,WE,Towers with Radar,0,10,76,1,87,0,13,264,0,277,0,23,340,1,364,445,0,445,809
10/28/2017,MYF,CA,AWP,WE,Towers with Radar,0,5,70,1,76,0,9,236,1,246,0,14,306,2,322,208,0,208,530
10/29/2017,MYF,CA,AWP,WE,Towers with Radar,0,4,54,1,59,0,16,151,0,167,0,20,205,1,226,256,0,256,482
10/30/2017,MYF,CA,AWP,WE,Towers with Radar,0,9,68,6,83,0,5,89,1,95,0,14,157,7,178,299,0,299,477
10/31/2017,MYF,CA,AWP,WE,Towers with Radar,0,17,82,5,104,0,4,86,0,90,0,21,168,5,194,462,0,462,656
11/01/2017,MYF,CA,AWP,WE,Towers with Radar,0,13,72,1,86,0,19,176,2,197,0,32,248,3,283,425,0,425,708
11/02/2017,MYF,CA,AWP,WE,Towers with Radar,0,12,80,1,93,0,4,203,0,207,0,16,283,1,300,324,0,324,624
11/03/2017,MYF,CA,AWP,WE,Towers with Radar,0,8,60,0,68,0,10,256,0,266,0,18,316,0,334,250,0,250,584
11/04/2017,MYF,CA,AWP,WE,Towers with Radar,0,2,40,0,42,0,15,270,0,285,0,17,310,0,327,207,0,207,534
11/05/2017,MYF,CA,AWP,WE,Towers with Radar,0,5,65,0,70,0,3,115,0,118,0,8,180,0,188,320,1,321,509
11/06/2017,MYF,CA,AWP,WE,Towers with Radar,0,10,64,1,75,0,6,211,0,217,0,16,275,1,292,241,0,241,533
11/07/2017,MYF,CA,AWP,WE,Towers with Radar,0,8,57,3,68,0,21,230,2,253,0,29,287,5,321,381,2,383,704
11/08/2017,MYF,CA,AWP,WE,Towers with Radar,0,16,67,2,85,0,12,281,0,293,0,28,348,2,378,377,0,377,755
11/09/2017,MYF,CA,AWP,WE,Towers with Radar,0,12,65,3,80,0,9,221,1,231,0,21,286,4,311,361,0,361,672
11/10/2017,MYF,CA,AWP,WE,Towers with Radar,0,5,67,2,74,0,8,325,0,333,0,13,392,2,407,411,0,411,818
11/11/2017,MYF,CA,AWP,WE,Towers with Radar,0,5,45,2,52,0,12,219,0,231,0,17,264,2,283,275,0,275,558
11/12/2017,MYF,CA,AWP,WE,Towers with Radar,0,4,61,0,65,0,12,191,2,205,0,16,252,2,270,482,0,482,752
11/13/2017,MYF,CA,AWP,WE,Towers with Radar,0,9,59,1,69,0,26,223,0,249,0,35,282,1,318,244,0,244,562
11/14/2017,MYF,CA,AWP,WE,Towers with Radar,0,5,60,3,68,0,6,192,1,199,0,11,252,4,267,261,0,261,528
11/15/2017,MYF,CA,AWP,WE,Towers with Radar,0,13,66,1,80,0,10,243,0,253,0,23,309,1,333,365,0,365,698
11/16/2017,MYF,CA,AWP,WE,Towers with Radar,0,14,63,2,79,0,18,237,0,255,0,32,300,2,334,401,2,403,737
11/17/2017,MYF,CA,AWP,WE,Towers with Radar,0,7,63,0,70,0,23,176,0,199,0,30,239,0,269,418,0,418,687
11/18/2017,MYF,CA,AWP,WE,Towers with Radar,0,3,51,0,54,0,3,257,0,260,0,6,308,0,314,295,0,295,609
11/19/2017,MYF,CA,AWP,WE,Towers with Radar,0,6,30,0,36,0,9,180,0,189,0,15,210,0,225,294,0,294,519
11/20/2017,MYF,CA,AWP,WE,Towers with Radar,0,11,55,3,69,0,8,175,4,187,0,19,230,7,256,329,0,329,585
11/21/2017,MYF,CA,AWP,WE,Towers with Radar,0,5,67,4,76,0,8,242,3,253,0,13,309,7,329,303,0,303,632
11/22/2017,MYF,CA,AWP,WE,Towers with Radar,0,10,55,2,67,0,7,265,1,273,0,17,320,3,340,313,0,313,653
11/23/2017,MYF,CA,AWP,WE,Towers with Radar,0,0,19,0,19,0,0,119,0,119,0,0,138,0,138,126,0,126,264
11/24/2017,MYF,CA,AWP,WE,Towers with Radar,0,4,43,0,47,0,5,207,0,212,0,9,250,0,259,41,4,45,304
11/25/2017,MYF,CA,AWP,WE,Towers with Radar,0,2,52,1,55,0,11,185,0,196,0,13,237,1,251,219,0,219,470
11/26/2017,MYF,CA,AWP,WE,Towers with Radar,0,6,59,0,65,0,10,171,0,181,0,16,230,0,246,216,0,216,462
11/27/2017,MYF,CA,AWP,WE,Towers with Radar,0,8,47,0,55,0,15,47,0,62,0,23,94,0,117,157,0,157,274
11/28/2017,MYF,CA,AWP,WE,Towers with Radar,0,27,324,10,361,0,0,370,1,371,0,27,694,11,732,0,0,0,732
11/29/2017,MYF,CA,AWP,WE,Towers with Radar,0,22,315,8,345,0,10,365,2,377,0,32,680,10,722,0,0,0,722
11/30/2017,MYF,CA,AWP,WE,Towers with Radar,0,27,335,2,364,0,0,455,0,455,0,27,790,2,819,0,0,0,819
12/01/2017,MYF,CA,AWP,WE,Towers with Radar,0,17,398,0,415,0,6,314,1,321,0,23,712,1,736,0,0,0,736
12/02/2017,MYF,CA,AWP,WE,Towers with Radar,0,12,307,0,319,0,0,363,0,363,0,12,670,0,682,0,0,0,682
12/03/2017,MYF,CA,AWP,WE,Towers with Radar,0,13,284,0,297,0,0,355,0,355,0,13,639,0,652,0,0,0,652
12/04/2017,MYF,CA,AWP,WE,Towers with Radar,0,26,283,4,313,0,18,199,3,220,0,44,482,7,533,0,0,0,533
12/05/2017,MYF,CA,AWP,WE,Towers with Radar,0,29,283,10,322,0,8,417,0,425,0,37,700,10,747,0,0,0,747
12/06/2017,MYF,CA,AWP,WE,Towers with Radar,0,32,351,2,385,0,0,356,0,356,0,32,707,2,741,0,0,0,741
12/07/2017,MYF,CA,AWP,WE,Towers with Radar,0,31,153,2,186,0,0,76,0,76,0,31,229,2,262,0,0,0,262
12/08/2017,MYF,CA,AWP,WE,Towers with Radar,0,4,42,1,47,0,8,205,0,213,0,12,247,1,260,301,0,301,561
12/09/2017,MYF,CA,AWP,WE,Towers with Radar,0,3,49,0,52,0,11,223,0,234,0,14,272,0,286,342,0,342,628
12/10/2017,MYF,CA,AWP,WE,Towers with Radar,0,5,35,0,40,0,18,166,1,185,0,23,201,1,225,468,0,468,693
12/11/2017,MYF,CA,AWP,WE,Towers with Radar,0,8,62,1,71,0,7,202,2,211,0,15,264,3,282,358,1,359,641
12/12/2017,MYF,CA,AWP,WE,Towers with Radar,0,22,375,3,400,0,0,42,1,43,0,22,417,4,443,390,0,390,833
12/13/2017,MYF,CA,AWP,WE,Towers with Radar,0,8,62,5,75,0,16,279,2,297,0,24,341,7,372,345,0,345,717
12/14/2017,MYF,CA,AWP,WE,Towers with Radar,0,8,45,2,55,0,5,202,0,207,0,13,247,2,262,395,3,398,660
12/15/2017,MYF,CA,AWP,WE,Towers with Radar,0,5,46,2,53,0,14,255,0,269,0,19,301,2,322,330,0,330,652
12/16/2017,MYF,CA,AWP,WE,Towers with Radar,0,3,45,1,49,0,23,127,0,150,0,26,172,1,199,320,0,320,519
12/17/2017,MYF,CA,AWP,WE,Towers with Radar,0,5,27,0,32,0,8,228,0,236,0,13,255,0,268,329,1,330,598
12/18/2017,MYF,CA,AWP,WE,Towers with Radar,0,9,61,1,71,0,6,197,1,204,0,15,258,2,275,300,0,300,575
12/19/2017,MYF,CA,AWP,WE,Towers with Radar,0,23,125,9,157,0,18,348,0,366,0,41,473,9,523,335,24,359,882
12/20/2017,MYF,CA,AWP,WE,Towers with Radar,0,65,116,7,188,0,4,285,2,291,0,69,401,9,479,395,2,397,876
12/21/2017,MYF,CA,AWP,WE,Towers with Radar,0,10,61,3,74,0,17,237,6,260,0,27,298,9,334,352,2,354,688
12/22/2017,MYF,CA,AWP,WE,Towers with Radar,0,25,94,2,121,0,3,338,2,343,0,28,432,4,464,306,0,306,770
12/23/2017,MYF,CA,AWP,WE,Towers with Radar,0,22,102,1,125,0,0,263,0,263,0,22,365,1,388,268,0,268,656
12/24/2017,MYF,CA,AWP,WE,Towers with Radar,0,15,42,0,57,0,2,148,0,150,0,17,190,0,207,161,0,161,368
12/25/2017,MYF,CA,AWP,WE,Towers with Radar,0,8,18,0,26,0,44,49,0,93,0,52,67,0,119,127,0,127,246
12/26/2017,MYF,CA,AWP,WE,Towers with Radar,0,19,104,2,125,0,0,254,0,254,0,19,358,2,379,329,0,329,708
12/27/2017,MYF,CA,AWP,WE,Towers with Radar,0,27,102,4,133,0,2,346,0,348,0,29,448,4,481,282,0,282,763
12/28/2017,MYF,CA,AWP,WE,Towers with Radar,0,25,120,0,145,0,8,274,0,282,0,33,394,0,427,246,0,246,673
12/29/2017,MYF,CA,AWP,WE,Towers with Radar,0,26,104,0,130,0,0,263,0,263,0,26,367,0,393,394,0,394,787
12/30/2017,MYF,CA,AWP,WE,Towers with Radar,0,16,98,0,114,0,0,277,0,277,0,16,375,0,391,211,1,212,603
12/31/2017,MYF,CA,AWP,WE,Towers with Radar,0,14,58,0,72,0,4,186,0,190,0,18,244,0,262,200,1,201,463
01/01/2018,MYF,CA,AWP,WE,Towers with Radar,0,8,25,0,33,0,3,108,0,111,0,11,133,0,144,156,0,156,300
01/02/2018,MYF,CA,AWP,WE,Towers with Radar,0,9,45,3,57,1,7,158,2,168,1,16,203,5,225,221,0,221,446
01/03/2018,MYF,CA,AWP,WE,Towers with Radar,0,11,71,2,84,0,12,162,2,176,0,23,233,4,260,337,0,337,597
01/04/2018,MYF,CA,AWP,WE,Towers with Radar,0,5,72,3,80,0,23,223,2,248,0,28,295,5,328,257,0,257,585
01/05/2018,MYF,CA,AWP,WE,Towers with Radar,0,2,59,2,63,0,9,174,1,184,0,11,233,3,247,285,0,285,532
01/06/2018,MYF,CA,AWP,WE,Towers with Radar,0,1,57,0,58,0,5,190,0,195,0,6,247,0,253,203,0,203,456
01/07/2018,MYF,CA,AWP,WE,Towers with Radar,0,1,45,0,46,0,5,193,0,198,0,6,238,0,244,326,2,328,572
01/08/2018,MYF,CA,AWP,WE,Towers with Radar,0,2,56,0,58,0,2,92,0,94,0,4,148,0,152,301,0,301,453
01/09/2018,MYF,CA,AWP,WE,Towers with Radar,0,2,15,0,17,0,1,7,0,8,0,3,22,0,25,58,0,58,83
01/10/2018,MYF,CA,AWP,WE,Towers with Radar,0,1,102,2,105,0,2,57,0,59,0,3,159,2,164,192,1,193,357
01/11/2018,MYF,CA,AWP,WE,Towers with Radar,0,11,56,1,68,0,5,229,0,234,0,16,285,1,302,199,1,200,502
01/12/2018,MYF,CA,AWP,WE,Towers with Radar,0,2,77,0,79,0,6,242,0,248,0,8,319,0,327,468,0,468,795
01/13/2018,MYF,CA,AWP,WE,Towers with Radar,0,6,62,0,68,0,3,224,0,227,0,9,286,0,295,280,0,280,575
01/14/2018,MYF,CA,AWP,WE,Towers with Radar,0,3,48,0,51,0,5,227,0,232,0,8,275,0,283,226,0,226,509
01/15/2018,MYF,CA,AWP,WE,Towers with Radar,0,3,67,0,70,0,4,202,1,207,0,7,269,1,277,300,0,300,577
01/16/2018,MYF,CA,AWP,WE,Towers with Radar,0,2,69,4,75,0,9,212,1,222,0,11,281,5,297,394,0,394,691
01/17/2018,MYF,CA,AWP,WE,Towers with Radar,0,7,77,1,85,0,12,276,0,288,0,19,353,1,373,414,1,415,788
01/18/2018,MYF,CA,AWP,WE,Towers with Radar,0,10,66,3,79,0,6,196,0,202,0,16,262,3,281,315,0,315,596
01/19/2018,MYF,CA,AWP,WE,Towers with Radar,0,6,107,3,116,0,6,61,0,67,0,12,168,3,183,265,0,265,448
01/20/2018,MYF,CA,AWP,WE,Towers with Radar,0,5,44,0,49,0,10,186,0,196,0,15,230,0,245,438,0,438,683
01/21/2018,MYF,CA,AWP,WE,Towers with Radar,0,4,50,0,54,0,10,234,1,245,0,14,284,1,299,241,0,241,540
01/22/2018,MYF,CA,AWP,WE,Towers with Radar,0,4,49,3,56,0,3,215,0,218,0,7,264,3,274,313,0,313,587
01/23/2018,MYF,CA,AWP,WE,Towers with Radar,0,0,61,2,63,0,9,189,0,198,0,9,250,2,261,292,0,292,553
01/24/2018,MYF,CA,AWP,WE,Towers with Radar,0,6,64,1,71,0,8,255,5,268,0,14,319,6,339,293,0,293,632
01/25/2018,MYF,CA,AWP,WE,Towers with Radar,0,4,59,0,63,0,1,145,1,147,0,5,204,1,210,460,0,460,670
01/26/2018,MYF,CA,AWP,WE,Towers with Radar,0,2,51,0,53,0,7,251,0,258,0,9,302,0,311,285,0,285,596
01/27/2018,MYF,CA,AWP,WE,Towers with Radar,0,4,53,0,57,0,11,310,0,321,0,15,363,0,378,248,0,248,626
01/28/2018,MYF,CA,AWP,WE,Towers with Radar,0,0,30,0,30,0,7,180,0,187,0,7,210,0,217,229,0,229,446
01/29/2018,MYF,CA,AWP,WE,Towers with Radar,0,12,59,1,72,0,2,201,0,203,0,14,260,1,275,330,0,330,605
01/30/2018,MYF,CA,AWP,WE,Towers with Radar,0,1,69,2,72,0,10,176,1,187,0,11,245,3,259,230,0,230,489
01/31/2018,MYF,CA,AWP,WE,Towers with Radar,0,6,53,1,60,0,20,265,2,287,0,26,318,3,347,224,0,224,571
02/01/2018,MYF,CA,AWP,WE,Towers with Radar,0,9,61,0,70,0,25,261,2,288,0,34,322,2,358,262,0,262,620
02/02/2018,MYF,CA,AWP,WE,Towers with Radar,0,6,57,14,77,0,11,289,6,306,0,17,346,20,383,217,0,217,600
02/03/2018,MYF,CA,AWP,WE,Towers with Radar,0,3,58,0,61,0,7,274,0,281,0,10,332,0,342,331,0,331,673
02/04/2018,MYF,CA,AWP,WE,Towers with Radar,0,4,33,0,37,0,4,214,0,218,0,8,247,0,255,211,0,211,466
02/05/2018,MYF,CA,AWP,WE,Towers with Radar,0,8,54,0,62,0,0,205,2,207,0,8,259,2,269,233,0,233,502
02/06/2018,MYF,CA,AWP,WE,Towers with Radar,0,4,58,2,64,0,9,150,0,159,0,13,208,2,223,219,0,219,442
02/07/2018,MYF,CA,AWP,WE,Towers with Radar,0,7,52,1,60,0,23,222,6,251,0,30,274,7,311,295,0,295,606
02/08/2018,MYF,CA,AWP,WE,Towers with Radar,0,9,71,3,83,0,21,200,2,223,0,30,271,5,306,343,0,343,649
02/09/2018,MYF,CA,AWP,WE,Towers with Radar,0,3,70,0,73,0,14,176,0,190,0,17,246,0,263,185,0,185,448
02/10/2018,MYF,CA,AWP,WE,Towers with Radar,0,2,91,0,93,0,5,96,0,101,0,7,187,0,194,194,0,194,388
02/11/2018,MYF,CA,AWP,WE,Towers with Radar,0,4,66,0,70,0,9,216,0,225,0,13,282,0,295,162,0,162,457
02/12/2018,MYF,CA,AWP,WE,Towers with Radar,0,10,57,3,70,0,1,59,0,60,0,11,116,3,130,227,0,227,357
02/13/2018,MYF,CA,AWP,WE,Towers with Radar,0,2,55,3,60,0,9,175,1,185,0,11,230,4,245,323,0,323,568
02/14/2018,MYF,CA,AWP,WE,Towers with Radar,0,6,52,1,59,0,34,136,1,171,0,40,188,2,230,337,0,337,567
02/15/2018,MYF,CA,AWP,WE,Towers with Radar,0,6,57,2,65,0,23,232,0,255,0,29,289,2,320,323,0,323,643
02/16/2018,MYF,CA,AWP,WE,Towers with Radar,0,1,62,1,64,0,7,271,0,278,0,8,333,1,342,262,0,262,604
02/17/2018,MYF,CA,AWP,WE,Towers with Radar,0,5,57,0,62,0,22,309,0,331,0,27,366,0,393,291,0,291,684
02/18/2018,MYF,CA,AWP,WE,Towers with Radar,0,5,51,1,57,0,17,197,1,215,0,22,248,2,272,256,0,256,528
02/19/2018,MYF,CA,AWP,WE,Towers with Radar,0,1,32,0,33,0,1,54,0,55,0,2,86,0,88,83,0,83,171
02/20/2018,MYF,CA,AWP,WE,Towers with Radar,0,4,68,2,74,0,18,249,1,268,0,22,317,3,342,332,0,332,674
02/21/2018,MYF,CA,AWP,WE,Towers with Radar,0,10,52,2,64,0,5,136,1,142,0,15,188,3,206,240,0,240,446
02/22/2018,MYF,CA,AWP,WE,Towers with Radar,0,6,59,2,67,0,7,82,0,89,0,13,141,2,156,252,0,252,408
02/23/2018,MYF,CA,AWP,WE,Towers with Radar,0,3,62,0,65,0,4,126,0,130,0,7,188,0,195,231,0,231,426
02/24/2018,MYF,CA,AWP,WE,Towers with Radar,0,2,45,0,47,0,7,238,0,245,0,9,283,0,292,303,0,303,595
02/25/2018,MYF,CA,AWP,WE,Towers with Radar,0,4,58,0,62,0,4,228,0,232,0,8,286,0,294,300,0,300,594
02/26/2018,MYF,CA,AWP,WE,Towers with Radar,0,6,71,1,78,0,1,214,1,216,0,7,285,2,294,273,0,273,567
02/27/2018,MYF,CA,AWP,WE,Towers with Radar,0,4,27,2,33,0,1,76,2,79,0,5,103,4,112,272,0,272,384
02/28/2018,MYF,CA,AWP,WE,Towers with Radar,0,6,67,3,76,0,6,255,0,261,0,12,322,3,337,375,0,375,712
03/01/2018,MYF,CA,AWP,WE,Towers with Radar,0,6,77,2,85,0,15,214,2,231,0,21,291,4,316,350,1,351,667
03/02/2018,MYF,CA,AWP,WE,Towers with Radar,0,3,55,2,60,0,0,169,0,169,0,3,224,2,229,238,0,238,467
03/03/2018,MYF,CA,AWP,WE,Towers with Radar,0,6,34,0,40,0,4,69,0,73,0,10,103,0,113,217,0,217,330
03/04/2018,MYF,CA,AWP,WE,Towers with Radar,0,2,62,2,66,0,7,205,3,215,0,9,267,5,281,279,0,279,560
03/05/2018,MYF,CA,AWP,WE,Towers with Radar,0,5,67,5,77,0,5,207,2,214,0,10,274,7,291,258,0,258,549
03/06/2018,MYF,CA,AWP,WE,Towers with Radar,0,1,78,3,82,1,15,259,1,276,1,16,337,4,358,352,0,352,710
03/07/2018,MYF,CA,AWP,WE,Towers with Radar,0,7,57,4,68,0,11,239,1,251,0,18,296,5,319,347,0,347,666
03/08/2018,MYF,CA,AWP,WE,Towers with Radar,0,5,53,2,60,0,8,267,2,277,0,13,320,4,337,351,0,351,688
03/09/2018,MYF,CA,AWP,WE,Towers with Radar,0,6,64,0,70,0,8,220,0,228,0,14,284,0,298,355,0,355,653
03/10/2018,MYF,CA,AWP,WE,Towers with Radar,0,6,59,0,65,0,1,9,0,10,0,7,68,0,75,22,0,22,97
03/11/2018,MYF,CA,AWP,WE,Towers with Radar,0,2,62,0,64,0,4,68,0,72,0,6,130,0,136,294,0,294,430
03/12/2018,MYF,CA,AWP,WE,Towers with Radar,0,6,74,1,81,1,5,122,1,129,1,11,196,2,210,219,0,219,429
03/13/2018,MYF,CA,AWP,WE,Towers with Radar,0,9,42,3,54,0,6,29,0,35,0,15,71,3,89,47,0,47,136
03/14/2018,MYF,CA,AWP,WE,Towers with Radar,0,10,74,7,91,0,13,103,0,116,0,23,177,7,207,254,0,254,461
03/15/2018,MYF,CA,AWP,WE,Towers with Radar,0,9,62,7,78,0,11,119,1,131,0,20,181,8,209,281,0,281,490
03/16/2018,MYF,CA,AWP,WE,Towers with Radar,0,6,79,3,88,0,10,167,0,177,0,16,246,3,265,301,0,301,566
03/17/2018,MYF,CA,AWP,WE,Towers with Radar,0,4,43,1,48,0,5,97,0,102,0,9,140,1,150,197,0,197,347
03/18/2018,MYF,CA,AWP,WE,Towers with Radar,0,3,55,0,58,0,6,212,2,220,0,9,267,2,278,220,0,220,498
03/19/2018,MYF,CA,AWP,WE,Towers with Radar,0,4,64,0,68,0,9,201,0,210,0,13,265,0,278,267,0,267,545
03/20/2018,MYF,CA,AWP,WE,Towers with Radar,0,3,68,2,73,0,16,232,4,252,0,19,300,6,325,242,0,242,567
03/21/2018,MYF,CA,AWP,WE,Towers with Radar,0,8,63,2,73,0,20,209,2,231,0,28,272,4,304,317,1,318,622
03/22/2018,MYF,CA,AWP,WE,Towers with Radar,0,5,42,1,48,0,5,93,1,99,0,10,135,2,147,197,0,197,344
03/23/2018,MYF,CA,AWP,WE,Towers with Radar,0,8,99,0,107,0,13,74,0,87,0,21,173,0,194,265,0,265,459
03/24/2018,MYF,CA,AWP,WE,Towers with Radar,0,5,56,1,62,0,11,209,0,220,0,16,265,1,282,354,0,354,636
03/25/2018,MYF,CA,AWP,WE,Towers with Radar,0,3,42,0,45,0,5,177,0,182,0,8,219,0,227,252,0,252,479
03/26/2018,MYF,CA,AWP,WE,Towers with Radar,0,8,58,2,68,0,5,229,0,234,0,13,287,2,302,292,0,292,594
03/27/2018,MYF,CA,AWP,WE,Towers with Radar,0,2,65,2,69,0,8,248,0,256,0,10,313,2,325,229,0,229,554
03/28/2018,MYF,CA,AWP,WE,Towers with Radar,0,3,71,1,75,0,12,286,0,298,0,15,357,1,373,247,0,247,620
03/29/2018,MYF,CA,AWP,WE,Towers with Radar,0,22,375,7,404,0,4,14,0,18,0,26,389,7,422,266,3,269,691
03/30/2018,MYF,CA,AWP,WE,Towers with Radar,0,11,409,3,423,0,0,32,2,34,0,11,441,5,457,344,0,344,801
03/31/2018,MYF,CA,AWP,WE,Towers with Radar,0,9,361,2,372,0,0,28,0,28,0,9,389,2,400,224,0,224,624
04/01/2018,MYF,CA,AWP,WE,Towers with Radar,0,23,189,4,216,0,2,2,0,4,0,25,191,4,220,192,0,192,412
04/02/2018,MYF,CA,AWP,WE,Towers with Radar,0,31,222,16,269,0,0,4,0,4,0,31,226,16,273,293,0,293,566
04/03/2018,MYF,CA,AWP,WE,Towers with Radar,0,0,50,3,53,0,6,173,4,183,0,6,223,7,236,378,0,378,614
04/04/2018,MYF,CA,AWP,WE,Towers with Radar,0,8,107,6,121,0,10,45,2,57,0,18,152,8,178,42,0,42,220
04/05/2018,MYF,CA,AWP,WE,Towers with Radar,0,13,71,2,86,0,12,222,3,237,0,25,293,5,323,307,0,307,630
04/06/2018,MYF,CA,AWP,WE,Towers with Radar,0,1,76,0,77,0,10,252,2,264,0,11,328,2,341,268,2,270,611
04/07/2018,MYF,CA,AWP,WE,Towers with Radar,0,6,80,0,86,0,21,179,2,202,0,27,259,2,288,258,0,258,546
04/08/2018,MYF,CA,AWP,WE,Towers with Radar,0,1,70,0,71,0,5,209,1,215,0,6,279,1,286,120,0,120,406
04/09/2018,MYF,CA,AWP,WE,Towers with Radar,0,5,54,1,60,0,8,213,1,222,0,13,267,2,282,236,0,236,518
04/10/2018,MYF,CA,AWP,WE,Towers with Radar,0,1,65,2,68,0,14,235,4,253,0,15,300,6,321,283,0,283,604
04/11/2018,MYF,CA,AWP,WE,Towers with Radar,0,6,72,2,80,0,18,198,4,220,0,24,270,6,300,295,0,295,595
04/12/2018,MYF,CA,AWP,WE,Towers with Radar,0,11,57,3,71,0,8,132,2,142,0,19,189,5,213,219,0,219,432
04/13/2018,MYF,CA,AWP,WE,Towers with Radar,0,2,75,1,78,0,12,283,3,298,0,14,358,4,376,373,0,373,749
04/14/2018,MYF,CA,AWP,WE,Towers with Radar,0,2,49,0,51,0,5,285,0,290,0,7,334,0,341,300,0,300,641
04/15/2018,MYF,CA,AWP,WE,Towers with Radar,0,3,47,0,50,0,5,174,1,180,0,8,221,1,230,341,0,341,571
04/16/2018,MYF,CA,AWP,WE,Towers with Radar,0,5,60,1,66,0,3,98,0,101,0,8,158,1,167,236,1,237,404
04/17/2018,MYF,CA,AWP,WE,Towers with Radar,0,0,53,2,55,0,14,202,2,218,0,14,255,4,273,289,0,289,562
04/18/2018,MYF,CA,AWP,WE,Towers with Radar,0,7,64,0,71,1,11,237,6,255,1,18,301,6,326,279,1,280,606
04/19/2018,MYF,CA,AWP,WE,Towers with Radar,0,8,42,8,58,0,8,96,2,106,0,16,138,10,164,462,0,462,626
04/20/2018,MYF,CA,AWP,WE,Towers with Radar,0,3,51,0,54,0,1,255,1,257,0,4,306,1,311,378,0,378,689
04/21/2018,MYF,CA,AWP,WE,Towers with Radar,0,4,54,0,58,0,2,282,0,284,0,6,336,0,342,328,0,328,670
04/22/2018,MYF,CA,AWP,WE,Towers with Radar,0,7,47,0,54,0,0,211,0,211,0,7,258,0,265,250,1,251,516
04/23/2018,MYF,CA,AWP,WE,Towers with Radar,0,3,50,2,55,0,9,154,5,168,0,12,204,7,223,491,1,492,715
04/24/2018,MYF,CA,AWP,WE,Towers with Radar,0,3,72,7,82,0,17,205,6,228,0,20,277,13,310,280,0,280,590
04/25/2018,MYF,CA,AWP,WE,Towers with Radar,0,6,68,3,77,0,10,195,3,208,0,16,263,6,285,242,0,242,527
04/26/2018,MYF,CA,AWP,WE,Towers with Radar,0,6,68,0,74,0,15,240,4,259,0,21,308,4,333,432,0,432,765
04/27/2018,MYF,CA,AWP,WE,Towers with Radar,0,4,88,1,93,0,12,231,4,247,0,16,319,5,340,304,0,304,644
04/28/2018,MYF,CA,AWP,WE,Towers with Radar,0,6,53,1,60,0,5,250,0,255,0,11,303,1,315,334,0,334,649
04/29/2018,MYF,CA,AWP,WE,Towers with Radar,0,1,61,0,62,0,3,120,0,123,0,4,181,0,185,276,0,276,461
04/30/2018,MYF,CA,AWP,WE,Towers with Radar,0,9,77,0,86,0,3,58,0,61,0,12,135,0,147,155,0,155,302
05/01/2018,MYF,CA,AWP,WE,Towers with Radar,0,2,61,2,65,0,8,47,2,57,0,10,108,4,122,313,0,313,435
05/02/2018,MYF,CA,AWP,WE,Towers with Radar,0,6,60,4,70,0,4,48,1,53,0,10,108,5,123,254,0,254,377
05/03/2018,MYF,CA,AWP,WE,Towers with Radar,0,14,55,1,70,0,30,301,2,333,0,44,356,3,403,371,1,372,775
05/04/2018,MYF,CA,AWP,WE,Towers with Radar,0,0,69,0,69,0,2,330,2,334,0,2,399,2,403,362,0,362,765
05/05/2018,MYF,CA,AWP,WE,Towers with Radar,0,4,44,0,48,0,9,303,0,312,0,13,347,0,360,500,0,500,860
05/06/2018,MYF,CA,AWP,WE,Towers with Radar,0,1,67,0,68,0,6,231,0,237,0,7,298,0,305,241,0,241,546
05/07/2018,MYF,CA,AWP,WE,Towers with Radar,0,3,63,2,68,0,18,206,3,227,0,21,269,5,295,425,0,425,720
05/08/2018,MYF,CA,AWP,WE,Towers with Radar,0,3,84,1,88,0,6,207,1,214,0,9,291,2,302,290,0,290,592
05/09/2018,MYF,CA,AWP,WE,Towers with Radar,0,7,73,3,83,0,18,202,0,220,0,25,275,3,303,322,2,324,627
05/10/2018,MYF,CA,AWP,WE,Towers with Radar,0,6,76,2,84,0,7,169,4,180,0,13,245,6,264,410,0,410,674
05/11/2018,MYF,CA,AWP,WE,Towers with Radar,0,6,88,3,97,0,9,39,2,50,0,15,127,5,147,121,0,121,268
05/12/2018,MYF,CA,AWP,WE,Towers with Radar,0,10,72,0,82,0,11,133,0,144,0,21,205,0,226,660,0,660,886
05/13/2018,MYF,CA,AWP,WE,Towers with Radar,0,0,66,0,66,0,1,181,0,182,0,1,247,0,248,258,0,258,506
05/14/2018,MYF,CA,AWP,WE,Towers with Radar,0,6,65,3,74,0,6,154,0,160,0,12,219,3,234,330,0,330,564
05/15/2018,MYF,CA,AWP,WE,Towers with Radar,0,4,73,2,79,0,3,189,10,202,0,7,262,12,281,421,0,421,702
05/16/2018,MYF,CA,AWP,WE,Towers with Radar,0,4,97,4,105,0,10,226,5,241,0,14,323,9,346,494,1,495,841
05/17/2018,MYF,CA,AWP,WE,Towers with Radar,0,9,81,0,90,0,13,210,11,234,0,22,291,11,324,314,0,314,638
05/18/2018,MYF,CA,AWP,WE,Towers with Radar,0,2,100,6,108,0,7,87,2,96,0,9,187,8,204,377,0,377,581
05/19/2018,MYF,CA,AWP,WE,Towers with Radar,0,5,96,1,102,0,8,105,1,114,0,13,201,2,216,379,0,379,595
05/20/2018,MYF,CA,AWP,WE,Towers with Radar,0,4,95,1,100,0,3,64,1,68,0,7,159,2,168,270,0,270,438
05/21/2018,MYF,CA,AWP,WE,Towers with Radar,0,13,100,3,116,0,8,44,2,54,0,21,144,5,170,165,0,165,335
05/22/2018,MYF,CA,AWP,WE,Towers with Radar,0,0,73,1,74,0,14,167,3,184,0,14,240,4,258,467,11,478,736
05/23/2018,MYF,CA,AWP,WE,Towers with Radar,0,9,109,5,123,0,7,120,1,128,0,16,229,6,251,614,1,615,866
05/24/2018,MYF,CA,AWP,WE,Towers with Radar,0,5,90,4,99,0,13,85,0,98,0,18,175,4,197,420,0,420,617
05/25/2018,MYF,CA,AWP,WE,Towers with Radar,0,6,80,3,89,0,7,204,0,211,0,13,284,3,300,447,0,447,747
05/26/2018,MYF,CA,AWP,WE,Towers with Radar,0,4,65,0,69,0,3,156,0,159,0,7,221,0,228,460,0,460,688
05/27/2018,MYF,CA,AWP,WE,Towers with Radar,0,1,48,0,49,0,0,184,0,184,0,1,232,0,233,376,0,376,609
05/28/2018,MYF,CA,AWP,WE,Towers with Radar,0,7,95,1,103,0,4,164,0,168,0,11,259,1,271,182,0,182,453
05/29/2018,MYF,CA,AWP,WE,Towers with Radar,0,5,103,1,109,0,4,63,1,68,0,9,166,2,177,225,0,225,402
05/30/2018,MYF,CA,AWP,WE,Towers with Radar,0,2,105,3,110,0,4,123,0,127,0,6,228,3,237,414,0,414,651
05/31/2018,MYF,CA,AWP,WE,Towers with Radar,0,5,101,3,109,0,1,132,0,133,0,6,233,3,242,465,0,465,707
06/01/2018,MYF,CA,AWP,WE,Towers with Radar,0,1,64,3,68,0,5,326,3,334,0,6,390,6,402,384,0,384,786
06/02/2018,MYF,CA,AWP,WE,Towers with Radar,0,4,47,0,51,0,1,265,0,266,0,5,312,0,317,420,0,420,737
06/03/2018,MYF,CA,AWP,WE,Towers with Radar,0,4,48,0,52,0,11,251,0,262,0,15,299,0,314,350,0,350,664
06/04/2018,MYF,CA,AWP,WE,Towers with Radar,0,9,81,2,92,0,15,198,2,215,0,24,279,4,307,181,0,181,488
06/05/2018,MYF,CA,AWP,WE,Towers with Radar,0,0,83,4,87,0,14,156,4,174,0,14,239,8,261,197,0,197,458
06/06/2018,MYF,CA,AWP,WE,Towers with Radar,0,9,79,1,89,0,3,257,1,261,0,12,336,2,350,452,1,453,803
06/07/2018,MYF,CA,AWP,WE,Towers with Radar,0,3,57,3,63,0,10,314,3,327,0,13,371,6,390,327,0,327,717
06/08/2018,MYF,CA,AWP,WE,Towers with Radar,0,8,72,2,82,0,5,250,1,256,0,13,322,3,338,406,0,406,744
06/09/2018,MYF,CA,AWP,WE,Towers with Radar,0,7,51,2,60,0,12,241,0,253,0,19,292,2,313,326,0,326,639
06/10/2018,MYF,CA,AWP,WE,Towers with Radar,0,4,44,0,48,0,9,209,2,220,0,13,253,2,268,296,5,301,569
06/11/2018,MYF,CA,AWP,WE,Towers with Radar,0,6,66,3,75,0,11,232,1,244,0,17,298,4,319,315,0,315,634
06/12/2018,MYF,CA,AWP,WE,Towers with Radar,0,8,77,2,87,0,22,258,7,287,0,30,335,9,374,267,0,267,641
06/13/2018,MYF,CA,AWP,WE,Towers with Radar,0,7,69,3,79,0,8,286,6,300,0,15,355,9,379,512,0,512,891
06/14/2018,MYF,CA,AWP,WE,Towers with Radar,0,4,55,4,63,0,8,226,3,237,0,12,281,7,300,435,4,439,739
06/15/2018,MYF,CA,AWP,WE,Towers with Radar,0,1,65,0,66,0,3,232,0,235,0,4,297,0,301,332,0,332,633
06/16/2018,MYF,CA,AWP,WE,Towers with Radar,0,5,70,0,75,0,5,83,0,88,0,10,153,0,163,281,0,281,444
06/17/2018,MYF,CA,AWP,WE,Towers with Radar,0,5,64,0,69,0,10,131,0,141,0,15,195,0,210,307,0,307,517
06/18/2018,MYF,CA,AWP,WE,Towers with Radar,0,6,56,1,63,0,0,205,1,206,0,6,261,2,269,376,0,376,645
06/19/2018,MYF,CA,AWP,WE,Towers with Radar,0,8,100,4,112,0,15,152,2,169,0,23,252,6,281,538,0,538,819
06/20/2018,MYF,CA,AWP,WE,Towers with Radar,0,4,83,2,89,0,25,166,0,191,0,29,249,2,280,365,2,367,647
06/21/2018,MYF,CA,AWP,WE,Towers with Radar,0,4,84,2,90,0,12,210,1,223,0,16,294,3,313,300,0,300,613
06/22/2018,MYF,CA,AWP,WE,Towers with Radar,0,2,84,2,88,0,4,263,0,267,0,6,347,2,355,303,0,303,658
06/23/2018,MYF,CA,AWP,WE,Towers with Radar,0,6,89,0,95,0,0,53,0,53,0,6,142,0,148,167,0,167,315
06/24/2018,MYF,CA,AWP,WE,Towers with Radar,0,11,60,1,72,0,7,183,1,191,0,18,243,2,263,229,0,229,492
06/25/2018,MYF,CA,AWP,WE,Towers with Radar,0,6,59,1,66,0,3,232,0,235,0,9,291,1,301,353,1,354,655
06/26/2018,MYF,CA,AWP,WE,Towers with Radar,0,4,65,1,70,0,9,265,4,278,0,13,330,5,348,282,0,282,630
06/27/2018,MYF,CA,AWP,WE,Towers with Radar,0,6,60,4,70,0,23,292,6,321,0,29,352,10,391,359,1,360,751
06/28/2018,MYF,CA,AWP,WE,Towers with Radar,0,12,61,2,75,0,22,242,6,270,0,34,303,8,345,404,3,407,752
06/29/2018,MYF,CA,AWP,WE,Towers with Radar,0,4,97,0,101,0,1,184,1,186,0,5,281,1,287,312,0,312,599
06/30/2018,MYF,CA,AWP,WE,Towers with Radar,0,6,50,0,56,0,5,210,0,215,0,11,260,0,271,277,1,278,549
07/01/2018,MYF,CA,AWP,WE,Towers with Radar,0,3,55,0,58,0,9,300,1,310,0,12,355,1,368,325,3,328,696
07/02/2018,MYF,CA,AWP,WE,Towers with Radar,0,7,63,0,70,0,18,294,0,312,0,25,357,0,382,306,0,306,688
07/03/2018,MYF,CA,AWP,WE,Towers with Radar,0,0,59,2,61,0,11,307,2,320,0,11,366,4,381,331,0,331,712
07/04/2018,MYF,CA,AWP,WE,Towers with Radar,0,2,29,0,31,0,8,157,0,165,0,10,186,0,196,209,0,209,405
07/05/2018,MYF,CA,AWP,WE,Towers with Radar,0,11,47,3,61,0,19,274,2,295,0,30,321,5,356,326,0,326,682
07/06/2018,MYF,CA,AWP,WE,Towers with Radar,0,2,54,1,57,0,7,281,0,288,0,9,335,1,345,455,0,455,800
07/07/2018,MYF,CA,AWP,WE,Towers with Radar,0,11,38,1,50,0,12,275,1,288,0,23,313,2,338,355,0,355,693
07/08/2018,MYF,CA,AWP,WE,Towers with Radar,0,2,54,0,56,0,7,274,0,281,0,9,328,0,337,292,0,292,629
07/09/2018,MYF,CA,AWP,WE,Towers with Radar,0,9,67,1,77,0,14,325,1,340,0,23,392,2,417,336,0,336,753
07/10/2018,MYF,CA,AWP,WE,Towers with Radar,0,8,57,3,68,0,21,252,4,277,0,29,309,7,345,333,4,337,682
07/11/2018,MYF,CA,AWP,WE,Towers with Radar,0,7,50,1,58,0,29,280,5,314,0,36,330,6,372,305,0,305,677
07/12/2018,MYF,CA,AWP,WE,Towers with Radar,0,10,55,1,66,0,20,281,1,302,0,30,336,2,368,445,0,445,813
07/13/2018,MYF,CA,AWP,WE,Towers with Radar,0,3,91,5,99,0,10,345,4,359,0,13,436,9,458,390,0,390,848
07/14/2018,MYF,CA,AWP,WE,Towers with Radar,0,5,58,0,63,0,10,325,1,336,0,15,383,1,399,238,0,238,637
07/15/2018,MYF,CA,AWP,WE,Towers with Radar,0,0,47,0,47,0,4,271,0,275,0,4,318,0,322,236,0,236,558
07/16/2018,MYF,CA,AWP,WE,Towers with Radar,0,11,85,1,97,0,18,268,0,286,0,29,353,1,383,288,0,288,671
07/17/2018,MYF,CA,AWP,WE,Towers with Radar,0,2,71,2,75,0,2,297,2,301,0,4,368,4,376,442,0,442,818
07/18/2018,MYF,CA,AWP,WE,Towers with Radar,0,3,70,0,73,0,25,313,2,340,0,28,383,2,413,502,0,502,915
07/19/2018,MYF,CA,AWP,WE,Towers with Radar,0,6,63,2,71,0,19,358,4,381,0,25,421,6,452,537,0,537,989
07/20/2018,MYF,CA,AWP,WE,Towers with Radar,0,3,92,1,96,0,18,314,5,337,0,21,406,6,433,361,0,361,794
07/21/2018,MYF,CA,AWP,WE,Towers with Radar,0,7,64,0,71,0,9,319,0,328,0,16,383,0,399,292,0,292,691
07/22/2018,MYF,CA,AWP,WE,Towers with Radar,0,0,42,0,42,0,13,243,0,256,0,13,285,0,298,316,0,316,614
07/23/2018,MYF,CA,AWP,WE,Towers with Radar,0,9,56,0,65,0,11,278,0,289,0,20,334,0,354,418,2,420,774
07/24/2018,MYF,CA,AWP,WE,Towers with Radar,0,6,44,0,50,0,11,276,6,293,0,17,320,6,343,338,0,338,681
07/25/2018,MYF,CA,AWP,WE,Towers with Radar,0,7,64,5,76,0,19,283,9,311,0,26,347,14,387,375,0,375,762
07/26/2018,MYF,CA,AWP,WE,Towers with Radar,0,5,86,4,95,0,18,273,6,297,0,23,359,10,392,372,0,372,764
07/27/2018,MYF,CA,AWP,WE,Towers with Radar,0,6,48,9,63,0,11,244,10,265,0,17,292,19,328,266,0,266,594
07/28/2018,MYF,CA,AWP,WE,Towers with Radar,0,1,81,0,82,0,4,283,0,287,0,5,364,0,369,305,0,305,674
07/29/2018,MYF,CA,AWP,WE,Towers with Radar,0,3,59,0,62,0,8,248,0,256,0,11,307,0,318,343,0,343,661
07/30/2018,MYF,CA,AWP,WE,Towers with Radar,0,5,59,3,67,0,12,288,3,303,0,17,347,6,370,270,0,270,640
07/31/2018,MYF,CA,AWP,WE,Towers with Radar,0,1,51,2,54,0,24,271,8,303,0,25,322,10,357,339,2,341,698
08/01/2018,MYF,CA,AWP,WE,Towers with Radar,0,5,54,2,61,0,26,290,10,326,0,31,344,12,387,339,2,341,728
08/02/2018,MYF,CA,AWP,WE,Towers with Radar,0,5,56,2,63,0,14,299,5,318,0,19,355,7,381,418,0,418,799
08/03/2018,MYF,CA,AWP,WE,Towers with Radar,0,1,63,0,64,0,3,364,1,368,0,4,427,1,432,310,0,310,742
08/04/2018,MYF,CA,AWP,WE,Towers with Radar,0,5,41,0,46,0,7,295,0,302,0,12,336,0,348,317,0,317,665
08/05/2018,MYF,CA,AWP,WE,Towers with Radar,0,3,49,0,52,0,15,325,0,340,0,18,374,0,392,274,0,274,666
08/06/2018,MYF,CA,AWP,WE,Towers with Radar,0,8,62,1,71,0,14,258,0,272,0,22,320,1,343,307,0,307,650
08/07/2018,MYF,CA,AWP,WE,Towers with Radar,0,7,59,0,66,0,20,302,3,325,0,27,361,3,391,283,0,283,674
08/08/2018,MYF,CA,AWP,WE,Towers with Radar,0,7,51,2,60,0,31,342,7,380,0,38,393,9,440,193,0,193,633
08/09/2018,MYF,CA,AWP,WE,Towers with Radar,0,4,42,9,55,0,24,318,12,354,0,28,360,21,409,474,0,474,883
08/10/2018,MYF,CA,AWP,WE,Towers with Radar,0,1,67,2,70,0,18,395,2,415,0,19,462,4,485,386,0,386,871
08/11/2018,MYF,CA,AWP,WE,Towers with Radar,0,7,37,0,44,0,23,323,0,346,0,30,360,0,390,371,0,371,761
08/12/2018,MYF,CA,AWP,WE,Towers with Radar,0,8,49,0,57,0,13,245,0,258,0,21,294,0,315,299,0,299,614
08/13/2018,MYF,CA,AWP,WE,Towers with Radar,0,9,56,2,67,0,8,271,0,279,0,17,327,2,346,314,0,314,660
08/14/2018,MYF,CA,AWP,WE,Towers with Radar,0,4,66,2,72,0,11,333,0,344,0,15,399,2,416,441,0,441,857
08/15/2018,MYF,CA,AWP,WE,Towers with Radar,0,7,74,3,84,0,10,241,2,253,0,17,315,5,337,502,1,503,840
08/16/2018,MYF,CA,AWP,WE,Towers with Radar,0,3,68,4,75,0,10,256,0,266,0,13,324,4,341,514,0,514,855
08/17/2018,MYF,CA,AWP,WE,Towers with Radar,0,2,53,1,56,0,14,273,1,288,0,16,326,2,344,332,0,332,676
08/18/2018,MYF,CA,AWP,WE,Towers with Radar,0,6,71,0,77,0,8,288,0,296,0,14,359,0,373,376,0,376,749
08/19/2018,MYF,CA,AWP,WE,Towers with Radar,0,1,32,0,33,0,13,264,0,277,0,14,296,0,310,204,0,204,514
08/20/2018,MYF,CA,AWP,WE,Towers with Radar,0,7,49,0,56,0,18,255,5,278,0,25,304,5,334,325,0,325,659
08/21/2018,MYF,CA,AWP,WE,Towers with Radar,0,1,68,2,71,0,12,303,5,320,0,13,371,7,391,395,1,396,787
08/22/2018,MYF,CA,AWP,WE,Towers with Radar,0,4,61,1,66,0,24,334,2,360,0,28,395,3,426,478,0,478,904
08/23/2018,MYF,CA,AWP,WE,Towers with Radar,0,4,60,1,65,0,16,347,0,363,0,20,407,1,428,461,0,461,889
08/24/2018,MYF,CA,AWP,WE,Towers with Radar,0,3,68,0,71,0,25,266,3,294,0,28,334,3,365,440,0,440,805
08/25/2018,MYF,CA,AWP,WE,Towers with Radar,0,6,73,0,79,0,22,259,0,281,0,28,332,0,360,403,0,403,763
08/26/2018,MYF,CA,AWP,WE,Towers with Radar,0,5,50,0,55,0,16,272,0,288,0,21,322,0,343,362,0,362,705
08/27/2018,MYF,CA,AWP,WE,Towers with Radar,0,5,56,1,62,0,3,215,1,219,0,8,271,2,281,356,0,356,637
08/28/2018,MYF,CA,AWP,WE,Towers with Radar,0,4,51,1,56,0,2,209,2,213,0,6,260,3,269,314,0,314,583
08/29/2018,MYF,CA,AWP,WE,Towers with Radar,0,2,46,1,49,0,19,222,2,243,0,21,268,3,292,388,0,388,680
08/30/2018,MYF,CA,AWP,WE,Towers with Radar,0,4,53,2,59,0,8,272,2,282,0,12,325,4,341,464,6,470,811
08/31/2018,MYF,CA,AWP,WE,Towers with Radar,0,1,65,0,66,0,6,255,1,262,0,7,320,1,328,414,0,414,742
09/01/2018,MYF,CA,AWP,WE,Towers with Radar,0,5,41,1,47,0,11,270,1,282,0,16,311,2,329,238,0,238,567
09/02/2018,MYF,CA,AWP,WE,Towers with Radar,0,1,46,0,47,0,6,209,0,215,0,7,255,0,262,256,0,256,518
09/03/2018,MYF,CA,AWP,WE,Towers with Radar,0,2,94,0,96,0,14,191,1,206,0,16,285,1,302,396,1,397,699
09/04/2018,MYF,CA,AWP,WE,Towers with Radar,0,0,107,0,107,0,5,137,1,143,0,5,244,1,250,187,0,187,437
09/05/2018,MYF,CA,AWP,WE,Towers with Radar,0,2,67,4,73,0,5,264,6,275,0,7,331,10,348,341,0,341,689
09/06/2018,MYF,CA,AWP,WE,Towers with Radar,0,1,92,1,94,0,4,278,3,285,0,5,370,4,379,470,0,470,849
09/07/2018,MYF,CA,AWP,WE,Towers with Radar,0,5,92,5,102,0,5,319,1,325,0,10,411,6,427,399,0,399,826
09/08/2018,MYF,CA,AWP,WE,Towers with Radar,0,7,40,0,47,0,7,262,0,269,0,14,302,0,316,267,0,267,583
09/09/2018,MYF,CA,AWP,WE,Towers with Radar,0,3,39,0,42,0,7,248,0,255,0,10,287,0,297,383,0,383,680
09/10/2018,MYF,CA,AWP,WE,Towers with Radar,0,1,50,1,52,0,6,227,2,235,0,7,277,3,287,320,0,320,607
09/11/2018,MYF,CA,AWP,WE,Towers with Radar,0,11,57,0,68,0,13,269,1,283,0,24,326,1,351,391,0,391,742
09/12/2018,MYF,CA,AWP,WE,Towers with Radar,0,5,54,3,62,0,10,239,5,254,0,15,293,8,316,370,0,370,686
09/13/2018,MYF,CA,AWP,WE,Towers with Radar,0,3,59,0,62,0,15,295,1,311,0,18,354,1,373,557,1,558,931
09/14/2018,MYF,CA,AWP,WE,Towers with Radar,0,3,52,1,56,0,11,347,2,360,0,14,399,3,416,334,0,334,750
09/15/2018,MYF,CA,AWP,WE,Towers with Radar,0,6,48,0,54,0,7,307,0,314,0,13,355,0,368,348,0,348,716
09/16/2018,MYF,CA,AWP,WE,Towers with Radar,0,6,29,2,37,0,19,275,2,296,0,25,304,4,333,295,0,295,628
09/17/2018,MYF,CA,AWP,WE,Towers with Radar,0,4,48,1,53,0,5,239,1,245,0,9,287,2,298,227,1,228,526
09/18/2018,MYF,CA,AWP,WE,Towers with Radar,0,4,49,6,59,0,7,247,6,260,0,11,296,12,319,309,3,312,631
09/19/2018,MYF,CA,AWP,WE,Towers with Radar,0,3,52,3,58,0,17,370,4,391,0,20,422,7,449,412,1,413,862
09/20/2018,MYF,CA,AWP,WE,Towers with Radar,0,6,65,2,73,0,28,298,3,329,0,34,363,5,402,463,0,463,865
09/21/2018,MYF,CA,AWP,WE,Towers with Radar,0,6,75,0,81,0,7,314,1,322,0,13,389,1,403,422,0,422,825
09/22/2018,MYF,CA,AWP,WE,Towers with Radar,0,4,43,0,47,0,7,302,0,309,0,11,345,0,356,348,0,348,704
09/23/2018,MYF,CA,AWP,WE,Towers with Radar,0,4,62,0,66,0,12,242,0,254,0,16,304,0,320,292,0,292,612
09/24/2018,MYF,CA,AWP,WE,Towers with Radar,0,4,104,4,112,0,13,125,5,143,0,17,229,9,255,31,0,31,286
09/25/2018,MYF,CA,AWP,WE,Towers with Radar,0,3,90,2,95,0,18,296,4,318,0,21,386,6,413,454,3,457,870
09/26/2018,MYF,CA,AWP,WE,Towers with Radar,0,1,92,3,96,0,0,254,7,261,0,1,346,10,357,289,4,293,650
09/27/2018,MYF,CA,AWP,WE,Towers with Radar,0,9,53,1,63,0,9,146,4,159,0,18,199,5,222,132,0,132,354
09/28/2018,MYF,CA,AWP,WE,Towers with Radar,0,8,56,4,68,0,6,158,2,166,0,14,214,6,234,178,0,178,412
09/29/2018,MYF,CA,AWP,WE,Towers with Radar,0,5,33,0,38,0,9,157,0,166,0,14,190,0,204,239,0,239,443
09/30/2018,MYF,CA,AWP,WE,Towers with Radar,0,3,37,0,40,0,18,193,0,211,0,21,230,0,251,161,0,161,412
10/01/2018,MYF,CA,AWP,WE,Towers with Radar,0,3,60,1,64,0,6,188,1,195,0,9,248,2,259,245,0,245,504
10/02/2018,MYF,CA,AWP,WE,Towers with Radar,0,2,56,2,60,0,7,212,2,221,0,9,268,4,281,451,0,451,732
10/03/2018,MYF,CA,AWP,WE,Towers with Radar,0,2,61,3,66,0,3,180,2,185,0,5,241,5,251,458,1,459,710
10/04/2018,MYF,CA,AWP,WE,Towers with Radar,0,7,92,6,105,0,7,157,0,164,0,14,249,6,269,280,0,280,549
10/05/2018,MYF,CA,AWP,WE,Towers with Radar,0,2,86,2,90,0,9,224,2,235,0,11,310,4,325,574,0,574,899
10/06/2018,MYF,CA,AWP,WE,Towers with Radar,0,2,76,1,79,0,6,79,0,85,0,8,155,1,164,275,0,275,439
10/07/2018,MYF,CA,AWP,WE,Towers with Radar,0,1,64,0,65,0,6,151,0,157,0,7,215,0,222,333,0,333,555
10/08/2018,MYF,CA,AWP,WE,Towers with Radar,0,6,73,1,80,0,12,167,2,181,0,18,240,3,261,321,1,322,583
10/09/2018,MYF,CA,AWP,WE,Towers with Radar,0,1,85,3,89,0,9,219,2,230,0,10,304,5,319,341,1,342,661
10/10/2018,MYF,CA,AWP,WE,Towers with Radar,0,9,77,2,88,0,9,251,6,266,0,18,328,8,354,407,0,407,761
10/11/2018,MYF,CA,AWP,WE,Towers with Radar,0,5,76,3,84,0,4,215,2,221,0,9,291,5,305,512,2,514,819
10/12/2018,MYF,CA,AWP,WE,Towers with Radar,0,5,69,2,76,0,5,335,3,343,0,10,404,5,419,476,2,478,897
10/13/2018,MYF,CA,AWP,WE,Towers with Radar,0,9,58,0,67,0,8,74,0,82,0,17,132,0,149,436,0,436,585
10/14/2018,MYF,CA,AWP,WE,Towers with Radar,0,2,60,1,63,0,12,211,0,223,0,14,271,1,286,471,0,471,757
10/15/2018,MYF,CA,AWP,WE,Towers with Radar,0,6,29,0,35,0,1,153,0,154,0,7,182,0,189,184,1,185,374
10/16/2018,MYF,CA,AWP,WE,Towers with Radar,0,19,53,2,74,0,0,308,0,308,0,19,361,2,382,473,1,474,856
10/17/2018,MYF,CA,AWP,WE,Towers with Radar,0,10,59,2,71,0,0,319,4,323,0,10,378,6,394,362,3,365,759
10/18/2018,MYF,CA,AWP,WE,Towers with Radar,0,36,49,7,92,0,0,331,0,331,0,36,380,7,423,501,2,503,926
10/19/2018,MYF,CA,AWP,WE,Towers with Radar,0,24,73,0,97,0,0,329,0,329,0,24,402,0,426,422,0,422,848
10/20/2018,MYF,CA,AWP,WE,Towers with Radar,0,14,48,0,62,0,0,333,0,333,0,14,381,0,395,292,0,292,687
10/21/2018,MYF,CA,AWP,WE,Towers with Radar,0,15,51,0,66,0,0,282,0,282,0,15,333,0,348,250,1,251,599
10/22/2018,MYF,CA,AWP,WE,Towers with Radar,0,18,58,4,80,0,0,263,0,263,0,18,321,4,343,442,1,443,786
10/23/2018,MYF,CA,AWP,WE,Towers with Radar,0,13,75,2,90,0,0,244,0,244,0,13,319,2,334,147,5,152,486
10/24/2018,MYF,CA,AWP,WE,Towers with Radar,0,7,53,7,67,0,0,264,0,264,0,7,317,7,331,313,7,320,651
10/25/2018,MYF,CA,AWP,WE,Towers with Radar,0,9,80,8,97,0,0,314,0,314,0,9,394,8,411,426,21,447,858
10/26/2018,MYF,CA,AWP,WE,Towers with Radar,0,7,63,0,70,0,0,375,0,375,0,7,438,0,445,473,9,482,927
10/27/2018,MYF,CA,AWP,WE,Towers with Radar,0,2,47,0,49,0,4,250,0,254,0,6,297,0,303,292,0,292,595
10/28/2018,MYF,CA,AWP,WE,Towers with Radar,0,5,52,0,57,0,5,173,0,178,0,10,225,0,235,340,0,340,575
10/29/2018,MYF,CA,AWP,WE,Towers with Radar,0,7,56,3,66,0,17,206,3,226,0,24,262,6,292,330,0,330,622
10/30/2018,MYF,CA,AWP,WE,Towers with Radar,0,3,93,1,97,0,13,284,2,299,0,16,377,3,396,560,0,560,956
10/31/2018,MYF,CA,AWP,WE,Towers with Radar,0,3,53,3,59,0,23,271,4,298,0,26,324,7,357,409,5,414,771
11/01/2018,MYF,CA,AWP,WE,Towers with Radar,0,4,64,2,70,0,9,397,5,411,0,13,461,7,481,461,0,461,942
11/02/2018,MYF,CA,AWP,WE,Towers with Radar,0,5,63,1,69,0,7,341,2,350,0,12,404,3,419,512,0,512,931
11/03/2018,MYF,CA,AWP,WE,Towers with Radar,0,4,55,0,59,0,6,260,0,266,0,10,315,0,325,398,0,398,723
11/04/2018,MYF,CA,AWP,WE,Towers with Radar,0,2,42,0,44,0,2,215,0,217,0,4,257,0,261,250,2,252,513
11/05/2018,MYF,CA,AWP,WE,Towers with Radar,0,2,54,1,57,0,11,201,4,216,0,13,255,5,273,289,5,294,567
11/06/2018,MYF,CA,AWP,WE,Towers with Radar,0,3,63,2,68,0,5,170,4,179,0,8,233,6,247,487,2,489,736
11/07/2018,MYF,CA,AWP,WE,Towers with Radar,0,5,73,5,83,0,6,160,1,167,0,11,233,6,250,352,1,353,603
11/08/2018,MYF,CA,AWP,WE,Towers with Radar,0,6,46,0,52,0,8,275,1,284,0,14,321,1,336,283,3,286,622
11/09/2018,MYF,CA,AWP,WE,Towers with Radar,0,0,51,0,51,0,0,234,0,234,0,0,285,0,285,532,0,532,817
11/10/2018,MYF,CA,AWP,WE,Towers with Radar,0,2,34,0,36,0,6,259,2,267,0,8,293,2,303,244,0,244,547
11/11/2018,MYF,CA,AWP,WE,Towers with Radar,0,2,35,2,39,0,6,211,1,218,0,8,246,3,257,318,0,318,575
11/12/2018,MYF,CA,AWP,WE,Towers with Radar,0,3,23,1,27,0,13,154,1,168,0,16,177,2,195,280,0,280,475
11/13/2018,MYF,CA,AWP,WE,Towers with Radar,0,3,38,1,42,0,5,161,1,167,0,8,199,2,209,500,0,500,709
11/14/2018,MYF,CA,AWP,WE,Towers with Radar,0,4,56,2,62,0,6,216,4,226,0,10,272,6,288,506,0,506,794
11/15/2018,MYF,CA,AWP,WE,Towers with Radar,0,5,60,2,67,0,27,245,2,274,0,32,305,4,341,469,5,474,815
11/16/2018,MYF,CA,AWP,WE,Towers with Radar,0,2,70,0,72,0,5,309,0,314,0,7,379,0,386,303,0,303,689
11/17/2018,MYF,CA,AWP,WE,Towers with Radar,0,7,58,0,65,0,5,277,1,283,0,12,335,1,348,298,0,298,646
11/18/2018,MYF,CA,AWP,WE,Towers with Radar,0,2,40,0,42,0,10,251,0,261,0,12,291,0,303,397,0,397,700
11/19/2018,MYF,CA,AWP,WE,Towers with Radar,0,3,67,1,71,0,16,245,1,262,0,19,312,2,333,345,4,349,682
11/20/2018,MYF,CA,AWP,WE,Towers with Radar,0,2,79,2,83,0,17,268,3,288,0,19,347,5,371,397,0,397,768
11/21/2018,MYF,CA,AWP,WE,Towers with Radar,0,4,80,2,86,0,8,263,1,272,0,12,343,3,358,502,0,502,860
11/22/2018,MYF,CA,AWP,WE,Towers with Radar,0,1,29,0,30,0,6,29,0,35,0,7,58,0,65,58,0,58,123
11/23/2018,MYF,CA,AWP,WE,Towers with Radar,0,3,57,0,60,0,3,196,0,199,0,6,253,0,259,252,0,252,511
11/24/2018,MYF,CA,AWP,WE,Towers with Radar,0,5,47,0,52,0,15,149,1,165,0,20,196,1,217,388,0,388,605
11/25/2018,MYF,CA,AWP,WE,Towers with Radar,0,10,48,0,58,0,14,261,0,275,0,24,309,0,333,320,0,320,653
11/26/2018,MYF,CA,AWP,WE,Towers with Radar,0,7,50,1,58,0,9,231,2,242,0,16,281,3,300,322,2,324,624
11/27/2018,MYF,CA,AWP,WE,Towers with Radar,0,3,74,2,79,0,7,268,13,288,0,10,342,15,367,393,1,394,761
11/28/2018,MYF,CA,AWP,WE,Towers with Radar,0,2,87,5,94,0,11,103,1,115,0,13,190,6,209,609,0,609,818
11/29/2018,MYF,CA,AWP,WE,Towers with Radar,0,5,26,2,33,0,0,10,0,10,0,5,36,2,43,14,0,14,57
11/30/2018,MYF,CA,AWP,WE,Towers with Radar,0,3,65,0,68,0,2,87,0,89,0,5,152,0,157,359,1,360,517
12/01/2018,MYF,CA,AWP,WE,Towers with Radar,0,7,50,1,58,0,4,167,1,172,0,11,217,2,230,368,0,368,598
12/02/2018,MYF,CA,AWP,WE,Towers with Radar,0,2,40,0,42,0,7,248,0,255,0,9,288,0,297,382,2,384,681
12/03/2018,MYF,CA,AWP,WE,Towers with Radar,0,0,56,3,59,0,5,210,3,218,0,5,266,6,277,351,0,351,628
12/04/2018,MYF,CA,AWP,WE,Towers with Radar,0,1,71,2,74,0,8,264,4,276,0,9,335,6,350,465,0,465,815
12/05/2018,MYF,CA,AWP,WE,Towers with Radar,0,10,40,4,54,0,3,65,5,73,0,13,105,9,127,136,4,140,267
12/06/2018,MYF,CA,AWP,WE,Towers with Radar,0,3,25,0,28,0,3,26,0,29,0,6,51,0,57,48,3,51,108
12/07/2018,MYF,CA,AWP,WE,Towers with Radar,0,0,70,3,73,0,10,268,2,280,0,10,338,5,353,434,0,434,787
12/08/2018,MYF,CA,AWP,WE,Towers with Radar,0,3,42,0,45,0,7,283,1,291,0,10,325,1,336,384,0,384,720
12/09/2018,MYF,CA,AWP,WE,Towers with Radar,0,0,54,0,54,0,5,220,0,225,0,5,274,0,279,253,1,254,533
12/10/2018,MYF,CA,AWP,WE,Towers with Radar,0,4,50,2,56,0,8,168,2,178,0,12,218,4,234,231,5,236,470
12/11/2018,MYF,CA,AWP,WE,Towers with Radar,0,2,56,4,62,0,8,171,4,183,0,10,227,8,245,348,2,350,595
12/12/2018,MYF,CA,AWP,WE,Towers with Radar,0,4,55,3,62,0,5,265,2,272,0,9,320,5,334,330,0,330,664
12/13/2018,MYF,CA,AWP,WE,Towers with Radar,0,6,47,2,55,0,3,289,2,294,0,9,336,4,349,454,0,454,803
12/14/2018,MYF,CA,AWP,WE,Towers with Radar,0,3,74,0,77,0,1,212,0,213,0,4,286,0,290,458,0,458,748
12/15/2018,MYF,CA,AWP,WE,Towers with Radar,0,3,53,0,56,0,16,327,0,343,0,19,380,0,399,359,0,359,758
12/16/2018,MYF,CA,AWP,WE,Towers with Radar,0,7,40,0,47,0,5,231,1,237,0,12,271,1,284,405,3,408,692
12/17/2018,MYF,CA,AWP,WE,Towers with Radar,0,3,62,1,66,0,2,122,2,126,0,5,184,3,192,396,0,396,588
12/18/2018,MYF,CA,AWP,WE,Towers with Radar,0,10,84,4,98,0,1,310,0,311,0,11,394,4,409,358,0,358,767
12/19/2018,MYF,CA,AWP,WE,Towers with Radar,0,20,61,8,89,0,1,311,0,312,0,21,372,8,401,303,0,303,704
12/20/2018,MYF,CA,AWP,WE,Towers with Radar,0,0,86,1,87,0,3,317,2,322,0,3,403,3,409,330,0,330,739
12/21/2018,MYF,CA,AWP,WE,Towers with Radar,0,2,64,0,66,0,17,218,3,238,0,19,282,3,304,337,0,337,641
12/22/2018,MYF,CA,AWP,WE,Towers with Radar,0,5,48,0,53,0,5,286,0,291,0,10,334,0,344,242,0,242,586
12/23/2018,MYF,CA,AWP,WE,Towers with Radar,0,2,48,0,50,0,9,193,0,202,0,11,241,0,252,283,0,283,535
12/24/2018,MYF,CA,AWP,WE,Towers with Radar,0,0,26,0,26,0,9,129,0,138,0,9,155,0,164,187,0,187,351
12/25/2018,MYF,CA,AWP,WE,Towers with Radar,0,1,10,0,11,0,3,26,0,29,0,4,36,0,40,54,0,54,94
12/26/2018,MYF,CA,AWP,WE,Towers with Radar,0,0,38,0,38,0,5,280,2,287,0,5,318,2,325,235,0,235,560
12/27/2018,MYF,CA,AWP,WE,Towers with Radar,0,2,48,0,50,0,4,234,0,238,0,6,282,0,288,433,0,433,721
12/28/2018,MYF,CA,AWP,WE,Towers with Radar,0,2,39,0,41,0,12,287,0,299,0,14,326,0,340,271,5,276,616
12/29/2018,MYF,CA,AWP,WE,Towers with Radar,0,4,46,0,50,0,10,251,0,261,0,14,297,0,311,276,0,276,587
12/30/2018,MYF,CA,AWP,WE,Towers with Radar,0,2,46,0,48,0,15,288,0,303,0,17,334,0,351,271,0,271,622
12/31/2018,MYF,CA,AWP,WE,Towers with Radar,0,2,22,0,24,0,2,49,0,51,0,4,71,0,75,71,0,71,146
01/01/2019,MYF,CA,AWP,WE,Towers with Radar,0,2,25,0,27,0,13,145,1,159,0,15,170,1,186,195,0,195,381
01/02/2019,MYF,CA,AWP,WE,Towers with Radar,0,2,36,1,39,0,10,181,3,194,0,12,217,4,233,254,0,254,487
01/03/2019,MYF,CA,AWP,WE,Towers with Radar,0,0,68,2,70,0,6,206,6,218,0,6,274,8,288,481,2,483,771
01/04/2019,MYF,CA,AWP,WE,Towers with Radar,0,9,55,3,67,0,11,293,5,309,0,20,348,8,376,446,0,446,822
01/05/2019,MYF,CA,AWP,WE,Towers with Radar,0,3,31,0,34,0,1,150,0,151,0,4,181,0,185,263,0,263,448
01/06/2019,MYF,CA,AWP,WE,Towers with Radar,0,0,32,0,32,0,3,91,0,94,0,3,123,0,126,295,0,295,421
01/07/2019,MYF,CA,AWP,WE,Towers with Radar,0,2,51,2,55,0,2,185,4,191,0,4,236,6,246,306,2,308,554
01/08/2019,MYF,CA,AWP,WE,Towers with Radar,0,3,66,3,72,0,3,208,1,212,0,6,274,4,284,342,1,343,627
01/09/2019,MYF,CA,AWP,WE,Towers with Radar,0,0,62,2,64,0,2,230,4,236,0,2,292,6,300,411,0,411,711
01/10/2019,MYF,CA,AWP,WE,Towers with Radar,0,1,62,2,65,0,4,212,0,216,0,5,274,2,281,400,0,400,681
01/11/2019,MYF,CA,AWP,WE,Towers with Radar,0,1,64,0,65,0,0,151,0,151,0,1,215,0,216,479,0,479,695
01/12/2019,MYF,CA,AWP,WE,Towers with Radar,0,4,39,0,43,0,3,35,0,38,0,7,74,0,81,193,0,193,274
01/13/2019,MYF,CA,AWP,WE,Towers with Radar,0,2,51,0,53,0,6,208,0,214,0,8,259,0,267,329,0,329,596
01/14/2019,MYF,CA,AWP,WE,Towers with Radar,0,4,24,0,28,0,0,26,1,27,0,4,50,1,55,74,0,74,129
01/15/2019,MYF,CA,AWP,WE,Towers with Radar,0,1,37,4,42,0,2,93,3,98,0,3,130,7,140,316,0,316,456
01/16/2019,MYF,CA,AWP,WE,Towers with Radar,0,4,81,4,89,0,3,129,2,134,0,7,210,6,223,366,4,370,593
01/17/2019,MYF,CA,AWP,WE,Towers with Radar,0,0,33,4,37,0,0,14,1,15,0,0,47,5,52,78,0,78,130
01/18/2019,MYF,CA,AWP,WE,Towers with Radar,0,3,98,3,104,0,6,128,2,136,0,9,226,5,240,625,3,628,868
01/19/2019,MYF,CA,AWP,WE,Towers with Radar,0,3,84,2,89,0,8,369,2,379,0,11,453,4,468,340,0,340,808
01/20/2019,MYF,CA,AWP,WE,Towers with Radar,0,1,46,0,47,0,7,233,0,240,0,8,279,0,287,305,0,305,592
01/21/2019,MYF,CA,AWP,WE,Towers with Radar,0,1,44,0,45,0,6,172,0,178,0,7,216,0,223,404,0,404,627
01/22/2019,MYF,CA,AWP,WE,Towers with Radar,0,6,57,5,68,0,8,237,3,248,0,14,294,8,316,507,1,508,824
01/23/2019,MYF,CA,AWP,WE,Towers with Radar,0,2,87,1,90,0,1,248,1,250,0,3,335,2,340,321,0,321,661
01/24/2019,MYF,CA,AWP,WE,Towers with Radar,0,10,67,3,80,0,6,280,1,287,0,16,347,4,367,464,5,469,836
01/25/2019,MYF,CA,AWP,WE,Towers with Radar,0,1,75,0,76,0,1,310,0,311,0,2,385,0,387,423,0,423,810
01/26/2019,MYF,CA,AWP,WE,Towers with Radar,0,5,41,0,46,0,2,235,0,237,0,7,276,0,283,345,0,345,628
01/27/2019,MYF,CA,AWP,WE,Towers with Radar,0,7,67,0,74,0,5,307,0,312,0,12,374,0,386,341,2,343,729
01/28/2019,MYF,CA,AWP,WE,Towers with Radar,0,2,73,2,77,0,4,216,1,221,0,6,289,3,298,315,1,316,614
01/29/2019,MYF,CA,AWP,WE,Towers with Radar,0,1,83,0,84,0,6,271,2,279,0,7,354,2,363,391,0,391,754
01/30/2019,MYF,CA,AWP,WE,Towers with Radar,0,5,78,2,85,0,11,256,3,270,0,16,334,5,355,624,0,624,979
01/31/2019,MYF,CA,AWP,WE,Towers with Radar,0,3,36,2,41,0,0,43,0,43,0,3,79,2,84,119,0,119,203
02/01/2019,MYF,CA,AWP,WE,Towers with Radar,0,2,63,1,66,0,10,188,0,198,0,12,251,1,264,296,0,296,560
02/02/2019,MYF,CA,AWP,WE,Towers with Radar,0,5,16,0,21,0,0,27,0,27,0,5,43,0,48,101,0,101,149
02/03/2019,MYF,CA,AWP,WE,Towers with Radar,0,0,51,0,51,0,0,73,0,73,0,0,124,0,124,337,0,337,461
02/04/2019,MYF,CA,AWP,WE,Towers with Radar,0,4,33,0,37,0,0,23,0,23,0,4,56,0,60,42,0,42,102
02/05/2019,MYF,CA,AWP,WE,Towers with Radar,0,1,16,4,21,0,1,36,0,37,0,2,52,4,58,144,1,145,203
02/06/2019,MYF,CA,AWP,WE,Towers with Radar,0,1,78,2,81,0,11,303,3,317,0,12,381,5,398,443,1,444,842
02/07/2019,MYF,CA,AWP,WE,Towers with Radar,0,2,81,2,85,0,24,334,2,360,0,26,415,4,445,466,0,466,911
02/08/2019,MYF,CA,AWP,WE,Towers with Radar,0,2,67,2,71,0,7,407,3,417,0,9,474,5,488,613,0,613,1101
02/09/2019,MYF,CA,AWP,WE,Towers with Radar,0,6,43,2,51,0,7,138,1,146,0,13,181,3,197,505,0,505,702
02/10/2019,MYF,CA,AWP,WE,Towers with Radar,0,2,40,0,42,0,1,105,0,106,0,3,145,0,148,288,0,288,436
02/11/2019,MYF,CA,AWP,WE,Towers with Radar,0,3,71,1,75,0,12,289,1,302,0,15,360,2,377,332,0,332,709
02/12/2019,MYF,CA,AWP,WE,Towers with Radar,0,1,77,4,82,0,1,246,4,251,0,2,323,8,333,337,2,339,672
02/13/2019,MYF,CA,AWP,WE,Towers with Radar,0,1,40,2,43,0,4,106,1,111,0,5,146,3,154,337,0,337,491
02/14/2019,MYF,CA,AWP,WE,Towers with Radar,0,0,19,0,19,0,6,14,0,20,0,6,33,0,39,0,0,0,39
02/15/2019,MYF,CA,AWP,WE,Towers with Radar,0,5,72,7,84,0,13,184,5,202,0,18,256,12,286,517,0,517,803
02/16/2019,MYF,CA,AWP,WE,Towers with Radar,0,4,81,0,85,0,6,230,0,236,0,10,311,0,321,451,0,451,772
02/17/2019,MYF,CA,AWP,WE,Towers with Radar,0,0,16,0,16,0,5,57,0,62,0,5,73,0,78,179,0,179,257
02/18/2019,MYF,CA,AWP,WE,Towers with Radar,0,8,76,0,84,0,2,278,0,280,0,10,354,0,364,444,0,444,808
02/19/2019,MYF,CA,AWP,WE,Towers with Radar,0,4,81,1,86,0,11,269,0,280,0,15,350,1,366,338,0,338,704
02/20/2019,MYF,CA,AWP,WE,Towers with Radar,0,1,35,1,37,0,2,99,2,103,0,3,134,3,140,311,1,312,452
02/21/2019,MYF,CA,AWP,WE,Towers with Radar,0,3,18,0,21,0,0,18,1,19,0,3,36,1,40,113,6,119,159
02/22/2019,MYF,CA,AWP,WE,Towers with Radar,0,6,80,0,86,0,14,347,3,364,0,20,427,3,450,545,0,545,995
02/23/2019,MYF,CA,AWP,WE,Towers with Radar,0,5,70,0,75,0,13,374,0,387,0,18,444,0,462,329,0,329,791
02/24/2019,MYF,CA,AWP,WE,Towers with Radar,0,3,70,0,73,0,4,264,0,268,0,7,334,0,341,329,0,329,670
02/25/2019,MYF,CA,AWP,WE,Towers with Radar,0,5,49,2,56,0,4,222,3,229,0,9,271,5,285,384,0,384,669
02/26/2019,MYF,CA,AWP,WE,Towers with Radar,0,1,54,3,58,0,9,245,9,263,0,10,299,12,321,393,0,393,714
02/27/2019,MYF,CA,AWP,WE,Towers with Radar,0,4,76,3,83,0,2,262,2,266,0,6,338,5,349,636,0,636,985
02/28/2019,MYF,CA,AWP,WE,Towers with Radar,0,7,71,4,82,0,9,179,7,195,0,16,250,11,277,389,0,389,666
03/01/2019,MYF,CA,AWP,WE,Towers with Radar,0,2,71,3,76,0,3,165,2,170,0,5,236,5,246,348,0,348,594
03/02/2019,MYF,CA,AWP,WE,Towers with Radar,0,2,25,0,27,0,0,4,0,4,0,2,29,0,31,16,0,16,47
03/03/2019,MYF,CA,AWP,WE,Towers with Radar,0,1,48,0,49,0,2,35,0,37,0,3,83,0,86,475,0,475,561
03/04/2019,MYF,CA,AWP,WE,Towers with Radar,0,2,78,7,87,0,10,103,2,115,0,12,181,9,202,399,5,404,606
03/05/2019,MYF,CA,AWP,WE,Towers with Radar,0,2,63,3,68,0,4,205,4,213,0,6,268,7,281,411,0,411,692
03/06/2019,MYF,CA,AWP,WE,Towers with Radar,0,5,40,6,51,0,2,58,1,61,0,7,98,7,112,318,2,320,432
03/07/2019,MYF,CA,AWP,WE,Towers with Radar,0,8,71,6,85,0,5,96,3,104,0,13,167,9,189,544,0,544,733
03/08/2019,MYF,CA,AWP,WE,Towers with Radar,0,5,45,0,50,0,4,152,0,156,0,9,197,0,206,370,0,370,576
03/09/2019,MYF,CA,AWP,WE,Towers with Radar,0,2,77,0,79,0,6,242,0,248,0,8,319,0,327,558,0,558,885
03/10/2019,MYF,CA,AWP,WE,Towers with Radar,0,3,54,0,57,0,1,169,0,170,0,4,223,0,227,436,1,437,664
03/11/2019,MYF,CA,AWP,WE,Towers with Radar,0,3,39,0,42,0,3,109,0,112,0,6,148,0,154,306,0,306,460
03/12/2019,MYF,CA,AWP,WE,Towers with Radar,0,0,61,6,67,0,1,177,3,181,0,1,238,9,248,325,0,325,573
03/13/2019,MYF,CA,AWP,WE,Towers with Radar,0,4,85,4,93,0,5,206,1,212,0,9,291,5,305,517,0,517,822
03/14/2019,MYF,CA,AWP,WE,Towers with Radar,0,1,73,0,74,0,7,316,3,326,0,8,389,3,400,446,10,456,856
03/15/2019,MYF,CA,AWP,WE,Towers with Radar,0,2,63,1,66,0,0,334,2,336,0,2,397,3,402,427,1,428,830
03/16/2019,MYF,CA,AWP,WE,Towers with Radar,0,2,68,0,70,0,3,348,1,352,0,5,416,1,422,343,0,343,765
03/17/2019,MYF,CA,AWP,WE,Towers with Radar,0,2,58,0,60,0,29,362,2,393,0,31,420,2,453,393,0,393,846
03/18/2019,MYF,CA,AWP,WE,Towers with Radar,0,2,66,0,68,0,4,249,5,258,0,6,315,5,326,374,0,374,700
03/19/2019,MYF,CA,AWP,WE,Towers with Radar,0,6,83,6,95,0,5,212,5,222,0,11,295,11,317,193,0,193,510
03/20/2019,MYF,CA,AWP,WE,Towers with Radar,0,1,50,0,51,0,4,43,0,47,0,5,93,0,98,231,1,232,330
03/21/2019,MYF,CA,AWP,WE,Towers with Radar,0,2,57,4,63,0,6,80,3,89,0,8,137,7,152,269,0,269,421
03/22/2019,MYF,CA,AWP,WE,Towers with Radar,0,4,76,0,80,0,6,298,2,306,0,10,374,2,386,688,0,688,1074
03/23/2019,MYF,CA,AWP,WE,Towers with Radar,0,3,75,0,78,0,14,210,0,224,0,17,285,0,302,583,1,584,886
03/24/2019,MYF,CA,AWP,WE,Towers with Radar,0,3,49,1,53,0,11,258,0,269,0,14,307,1,322,426,0,426,748
03/25/2019,MYF,CA,AWP,WE,Towers with Radar,0,3,55,1,59,0,5,299,1,305,0,8,354,2,364,367,0,367,731
03/26/2019,MYF,CA,AWP,WE,Towers with Radar,0,4,67,0,71,0,0,164,2,166,0,4,231,2,237,369,8,377,614
03/27/2019,MYF,CA,AWP,WE,Towers with Radar,0,1,85,3,89,0,4,194,1,199,0,5,279,4,288,545,0,545,833
03/28/2019,MYF,CA,AWP,WE,Towers with Radar,0,1,59,0,60,0,4,250,4,258,0,5,309,4,318,370,1,371,689
03/29/2019,MYF,CA,AWP,WE,Towers with Radar,0,6,73,4,83,0,5,321,1,327,0,11,394,5,410,518,0,518,928
03/30/2019,MYF,CA,AWP,WE,Towers with Radar,0,4,47,0,51,0,7,367,0,374,0,11,414,0,425,470,0,470,895
03/31/2019,MYF,CA,AWP,WE,Towers with Radar,0,2,70,0,72,0,5,294,0,299,0,7,364,0,371,281,0,281,652
04/01/2019,MYF,CA,AWP,WE,Towers with Radar,0,3,56,2,61,0,2,248,3,253,0,5,304,5,314,440,0,440,754
04/02/2019,MYF,CA,AWP,WE,Towers with Radar,0,2,79,2,83,0,5,190,3,198,0,7,269,5,281,220,0,220,501
04/03/2019,MYF,CA,AWP,WE,Towers with Radar,0,3,79,3,85,0,5,136,1,142,0,8,215,4,227,343,0,343,570
04/04/2019,MYF,CA,AWP,WE,Towers with Radar,0,7,87,3,97,0,7,148,1,156,0,14,235,4,253,585,1,586,839
04/05/2019,MYF,CA,AWP,WE,Towers with Radar,0,7,82,0,89,0,0,79,0,79,0,7,161,0,168,285,0,285,453
04/06/2019,MYF,CA,AWP,WE,Towers with Radar,0,9,94,0,103,0,7,230,1,238,0,16,324,1,341,397,0,397,738
04/07/2019,MYF,CA,AWP,WE,Towers with Radar,0,1,82,0,83,0,12,289,0,301,0,13,371,0,384,350,0,350,734
04/08/2019,MYF,CA,AWP,WE,Towers with Radar,0,1,52,2,55,0,7,224,4,235,0,8,276,6,290,371,0,371,661
04/09/2019,MYF,CA,AWP,WE,Towers with Radar,0,0,78,3,81,0,41,153,1,195,0,41,231,4,276,324,0,324,600
04/10/2019,MYF,CA,AWP,WE,Towers with Radar,0,1,58,2,61,0,3,320,6,329,0,4,378,8,390,447,1,448,838
04/11/2019,MYF,CA,AWP,WE,Towers with Radar,0,2,84,2,88,0,2,302,2,306,0,4,386,4,394,458,0,458,852
04/12/2019,MYF,CA,AWP,WE,Towers with Radar,0,3,88,1,92,0,1,238,0,239,0,4,326,1,331,460,0,460,791
04/13/2019,MYF,CA,AWP,WE,Towers with Radar,0,4,73,1,78,0,1,297,1,299,0,5,370,2,377,415,0,415,792
04/14/2019,MYF,CA,AWP,WE,Towers with Radar,0,3,64,2,69,0,18,262,0,280,0,21,326,2,349,343,0,343,692
04/15/2019,MYF,CA,AWP,WE,Towers with Radar,0,1,77,6,84,0,3,201,13,217,0,4,278,19,301,261,0,261,562
04/16/2019,MYF,CA,AWP,WE,Towers with Radar,0,4,45,3,52,0,4,53,1,58,0,8,98,4,110,330,0,330,440
04/17/2019,MYF,CA,AWP,WE,Towers with Radar,0,0,75,2,77,0,6,306,1,313,0,6,381,3,390,577,2,579,969
04/18/2019,MYF,CA,AWP,WE,Towers with Radar,0,4,72,1,77,0,9,326,2,337,0,13,398,3,414,421,0,421,835
04/19/2019,MYF,CA,AWP,WE,Towers with Radar,0,5,83,0,88,0,4,285,1,290,0,9,368,1,378,496,0,496,874
04/20/2019,MYF,CA,AWP,WE,Towers with Radar,0,2,71,0,73,0,14,181,0,195,0,16,252,0,268,780,0,780,1048
04/21/2019,MYF,CA,AWP,WE,Towers with Radar,0,3,59,1,63,0,5,139,4,148,0,8,198,5,211,321,0,321,532
04/22/2019,MYF,CA,AWP,WE,Towers with Radar,0,1,64,1,66,0,2,284,2,288,0,3,348,3,354,417,0,417,771
04/23/2019,MYF,CA,AWP,WE,Towers with Radar,0,1,62,1,64,0,0,251,2,253,0,1,313,3,317,283,0,283,600
04/24/2019,MYF,CA,AWP,WE,Towers with Radar,0,6,63,1,70,0,5,267,5,277,0,11,330,6,347,541,0,541,888
04/25/2019,MYF,CA,AWP,WE,Towers with Radar,0,5,65,1,71,0,2,304,7,313,0,7,369,8,384,572,0,572,956
04/26/2019,MYF,CA,AWP,WE,Towers with Radar,0,0,77,2,79,0,1,228,0,229,0,1,305,2,308,638,0,638,946
04/27/2019,MYF,CA,AWP,WE,Towers with Radar,0,6,71,0,77,0,3,210,0,213,0,9,281,0,290,461,0,461,751
04/28/2019,MYF,CA,AWP,WE,Towers with Radar,0,1,61,0,62,0,8,124,0,132,0,9,185,0,194,274,0,274,468
04/29/2019,MYF,CA,AWP,WE,Towers with Radar,0,2,54,4,60,0,1,22,0,23,0,3,76,4,83,104,0,104,187
04/30/2019,MYF,CA,AWP,WE,Towers with Radar,0,1,62,4,67,0,0,23,7,30,0,1,85,11,97,39,0,39,136
05/01/2019,MYF,CA,AWP,WE,Towers with Radar,0,2,85,1,88,0,5,241,1,247,0,7,326,2,335,694,0,694,1029
05/02/2019,MYF,CA,AWP,WE,Towers with Radar,0,2,94,2,98,0,7,169,4,180,0,9,263,6,278,528,0,528,806
05/03/2019,MYF,CA,AWP,WE,Towers with Radar,1,5,91,3,100,0,9,231,0,240,1,14,322,3,340,429,0,429,769
05/04/2019,MYF,CA,AWP,WE,Towers with Radar,0,4,66,1,71,0,7,241,0,248,0,11,307,1,319,390,0,390,709
05/05/2019,MYF,CA,AWP,WE,Towers with Radar,0,1,78,0,79,0,6,195,0,201,0,7,273,0,280,332,0,332,612
05/06/2019,MYF,CA,AWP,WE,Towers with Radar,0,7,68,4,79,0,3,75,2,80,0,10,143,6,159,373,0,373,532
05/07/2019,MYF,CA,AWP,WE,Towers with Radar,0,2,66,4,72,0,1,79,5,85,0,3,145,9,157,933,0,933,1090
05/08/2019,MYF,CA,AWP,WE,Towers with Radar,0,7,108,4,119,0,1,60,0,61,0,8,168,4,180,515,0,515,695
05/09/2019,MYF,CA,AWP,WE,Towers with Radar,0,4,96,8,108,1,1,47,2,51,1,5,143,10,159,446,0,446,605
05/10/2019,MYF,CA,AWP,WE,Towers with Radar,0,3,89,5,97,4,11,84,1,100,4,14,173,6,197,544,0,544,741
05/11/2019,MYF,CA,AWP,WE,Towers with Radar,0,4,42,0,46,0,0,96,0,96,0,4,138,0,142,347,0,347,489
05/12/2019,MYF,CA,AWP,WE,Towers with Radar,0,4,83,0,87,0,4,189,0,193,0,8,272,0,280,567,0,567,847
05/13/2019,MYF,CA,AWP,WE,Towers with Radar,0,8,91,2,101,0,8,111,2,121,0,16,202,4,222,453,0,453,675
05/14/2019,MYF,CA,AWP,WE,Towers with Radar,0,4,90,4,98,7,4,262,5,278,7,8,352,9,376,402,0,402,778
05/15/2019,MYF,CA,AWP,WE,Towers with Radar,0,4,101,5,110,1,10,117,0,128,1,14,218,5,238,725,0,725,963
05/16/2019,MYF,CA,AWP,WE,Towers with Radar,0,2,38,0,40,0,1,53,0,54,0,3,91,0,94,160,0,160,254
05/17/2019,MYF,CA,AWP,WE,Towers with Radar,0,11,88,0,99,0,3,212,1,216,0,14,300,1,315,546,0,546,861
05/18/2019,MYF,CA,AWP,WE,Towers with Radar,0,10,78,0,88,0,5,337,0,342,0,15,415,0,430,533,0,533,963
05/19/2019,MYF,CA,AWP,WE,Towers with Radar,0,54,34,0,88,0,2,25,0,27,0,56,59,0,115,49,0,49,164
05/20/2019,MYF,CA,AWP,WE,Towers with Radar,0,5,64,5,74,0,1,99,2,102,0,6,163,7,176,485,0,485,661
05/21/2019,MYF,CA,AWP,WE,Towers with Radar,0,0,56,4,60,0,5,42,5,52,0,5,98,9,112,295,0,295,407
05/22/2019,MYF,CA,AWP,WE,Towers with Radar,0,2,58,1,61,0,0,61,3,64,0,2,119,4,125,280,1,281,406
05/23/2019,MYF,CA,AWP,WE,Towers with Radar,0,12,75,2,89,0,7,146,6,159,0,19,221,8,248,439,0,439,687
05/24/2019,MYF,CA,AWP,WE,Towers with Radar,0,4,82,1,87,0,10,453,3,466,0,14,535,4,553,475,0,475,1028
05/25/2019,MYF,CA,AWP,WE,Towers with Radar,0,13,93,0,106,0,2,180,0,182,0,15,273,0,288,573,0,573,861
05/26/2019,MYF,CA,AWP,WE,Towers with Radar,0,6,50,0,56,0,3,43,0,46,0,9,93,0,102,263,0,263,365
05/27/2019,MYF,CA,AWP,WE,Towers with Radar,0,6,63,0,69,0,3,147,0,150,0,9,210,0,219,254,0,254,473
05/28/2019,MYF,CA,AWP,WE,Towers with Radar,0,5,62,0,67,0,1,343,1,345,0,6,405,1,412,493,0,493,905
05/29/2019,MYF,CA,AWP,WE,Towers with Radar,0,3,80,2,85,0,9,302,1,312,0,12,382,3,397,442,0,442,839
05/30/2019,MYF,CA,AWP,WE,Towers with Radar,0,2,92,3,97,0,8,243,4,255,0,10,335,7,352,416,0,416,768
05/31/2019,MYF,CA,AWP,WE,Towers with Radar,0,3,111,7,121,0,9,134,0,143,0,12,245,7,264,588,0,588,852
06/01/2019,MYF,CA,AWP,WE,Towers with Radar,0,6,82,0,88,0,2,144,0,146,0,8,226,0,234,628,0,628,862
06/02/2019,MYF,CA,AWP,WE,Towers with Radar,0,4,88,0,92,0,9,103,0,112,0,13,191,0,204,281,0,281,485
06/03/2019,MYF,CA,AWP,WE,Towers with Radar,0,2,107,2,111,0,7,55,2,64,0,9,162,4,175,204,6,210,385
06/04/2019,MYF,CA,AWP,WE,Towers with Radar,0,0,116,1,117,0,2,74,0,76,0,2,190,1,193,232,0,232,425
06/05/2019,MYF,CA,AWP,WE,Towers with Radar,0,5,89,1,95,0,6,185,2,193,0,11,274,3,288,355,0,355,643
06/06/2019,MYF,CA,AWP,WE,Towers with Radar,0,6,118,0,124,0,0,114,0,114,0,6,232,0,238,177,0,177,415
06/07/2019,MYF,CA,AWP,WE,Towers with Radar,0,3,99,6,108,0,7,123,3,133,0,10,222,9,241,394,0,394,635
06/08/2019,MYF,CA,AWP,WE,Towers with Radar,0,8,77,2,87,0,4,286,0,290,0,12,363,2,377,479,0,479,856
06/09/2019,MYF,CA,AWP,WE,Towers with Radar,0,4,58,3,65,0,20,242,3,265,0,24,300,6,330,352,0,352,682
06/10/2019,MYF,CA,AWP,WE,Towers with Radar,0,0,59,4,63,0,5,228,2,235,0,5,287,6,298,428,0,428,726
06/11/2019,MYF,CA,AWP,WE,Towers with Radar,0,3,78,2,83,0,2,197,2,201,0,5,275,4,284,369,3,372,656
06/12/2019,MYF,CA,AWP,WE,Towers with Radar,0,2,88,2,92,0,9,245,2,256,0,11,333,4,348,531,0,531,879
06/13/2019,MYF,CA,AWP,WE,Towers with Radar,0,15,78,1,94,0,10,174,4,188,0,25,252,5,282,508,0,508,790
06/14/2019,MYF,CA,AWP,WE,Towers with Radar,0,5,101,2,108,0,6,217,1,224,0,11,318,3,332,454,0,454,786
06/15/2019,MYF,CA,AWP,WE,Towers with Radar,0,8,75,4,87,0,13,211,0,224,0,21,286,4,311,402,0,402,713
06/16/2019,MYF,CA,AWP,WE,Towers with Radar,0,3,116,2,121,0,11,82,1,94,0,14,198,3,215,264,0,264,479
06/17/2019,MYF,CA,AWP,WE,Towers with Radar,0,4,81,2,87,0,7,38,3,48,0,11,119,5,135,409,16,425,560
06/18/2019,MYF,CA,AWP,WE,Towers with Radar,0,12,75,3,90,0,1,180,1,182,0,13,255,4,272,702,0,702,974
06/19/2019,MYF,CA,AWP,WE,Towers with Radar,0,5,107,3,115,0,1,227,8,236,0,6,334,11,351,445,0,445,796
06/20/2019,MYF,CA,AWP,WE,Towers with Radar,0,2,104,4,110,0,9,150,0,159,0,11,254,4,269,561,0,561,830
06/21/2019,MYF,CA,AWP,WE,Towers with Radar,0,2,96,6,104,0,9,59,5,73,0,11,155,11,177,357,0,357,534
06/22/2019,MYF,CA,AWP,WE,Towers with Radar,0,7,86,3,96,0,5,243,1,249,0,12,329,4,345,437,0,437,782
06/23/2019,MYF,CA,AWP,WE,Towers with Radar,0,3,78,3,84,0,10,167,2,179,0,13,245,5,263,206,0,206,469
06/24/2019,MYF,CA,AWP,WE,Towers with Radar,0,7,94,5,106,0,10,123,0,133,0,17,217,5,239,255,0,255,494
06/25/2019,MYF,CA,AWP,WE,Towers with Radar,0,5,123,6,134,0,0,89,3,92,0,5,212,9,226,487,0,487,713
06/26/2019,MYF,CA,AWP,WE,Towers with Radar,0,8,95,3,106,0,4,214,2,220,0,12,309,5,326,550,0,550,876
06/27/2019,MYF,CA,AWP,WE,Towers with Radar,0,6,87,0,93,0,4,275,2,281,0,10,362,2,374,345,0,345,719
06/28/2019,MYF,CA,AWP,WE,Towers with Radar,0,4,74,0,78,0,5,334,0,339,0,9,408,0,417,473,0,473,890
06/29/2019,MYF,CA,AWP,WE,Towers with Radar,0,5,59,0,64,0,6,321,1,328,0,11,380,1,392,339,0,339,731
06/30/2019,MYF,CA,AWP,WE,Towers with Radar,0,2,77,0,79,0,7,305,0,312,0,9,382,0,391,426,0,426,817
07/01/2019,MYF,CA,AWP,WE,Towers with Radar,0,1,68,1,70,0,4,275,1,280,0,5,343,2,350,420,0,420,770
07/02/2019,MYF,CA,AWP,WE,Towers with Radar,0,1,53,2,56,0,1,273,3,277,0,2,326,5,333,512,0,512,845
07/03/2019,MYF,CA,AWP,WE,Towers with Radar,0,1,90,2,93,0,1,250,1,252,0,2,340,3,345,200,0,200,545
07/04/2019,MYF,CA,AWP,WE,Towers with Radar,0,6,29,0,35,0,7,142,0,149,0,13,171,0,184,79,0,79,263
07/05/2019,MYF,CA,AWP,WE,Towers with Radar,0,5,58,0,63,0,3,242,0,245,0,8,300,0,308,506,0,506,814
07/06/2019,MYF,CA,AWP,WE,Towers with Radar,0,13,61,1,75,0,12,178,0,190,0,25,239,1,265,314,0,314,579
07/07/2019,MYF,CA,AWP,WE,Towers with Radar,0,20,68,1,89,0,8,128,0,136,0,28,196,1,225,317,0,317,542
07/08/2019,MYF,CA,AWP,WE,Towers with Radar,0,0,70,2,72,0,5,208,1,214,0,5,278,3,286,331,0,331,617
07/09/2019,MYF,CA,AWP,WE,Towers with Radar,0,3,65,1,69,0,6,242,3,251,0,9,307,4,320,424,0,424,744
07/10/2019,MYF,CA,AWP,WE,Towers with Radar,0,5,84,1,90,0,2,267,5,274,0,7,351,6,364,543,0,543,907
07/11/2019,MYF,CA,AWP,WE,Towers with Radar,0,4,66,2,72,0,2,215,3,220,0,6,281,5,292,452,0,452,744
07/12/2019,MYF,CA,AWP,WE,Towers with Radar,0,5,58,0,63,0,4,271,0,275,0,9,329,0,338,666,0,666,1004
07/13/2019,MYF,CA,AWP,WE,Towers with Radar,0,7,71,0,78,0,13,245,0,258,0,20,316,0,336,472,0,472,808
07/14/2019,MYF,CA,AWP,WE,Towers with Radar,0,7,57,0,64,0,3,189,0,192,0,10,246,0,256,348,0,348,604
07/15/2019,MYF,CA,AWP,WE,Towers with Radar,0,4,62,1,67,0,9,243,3,255,0,13,305,4,322,396,0,396,718
07/16/2019,MYF,CA,AWP,WE,Towers with Radar,0,5,62,0,67,0,3,191,1,195,0,8,253,1,262,272,0,272,534
07/17/2019,MYF,CA,AWP,WE,Towers with Radar,0,6,75,2,83,0,4,178,4,186,0,10,253,6,269,221,0,221,490
07/18/2019,MYF,CA,AWP,WE,Towers with Radar,0,2,72,2,76,0,3,277,2,282,0,5,349,4,358,427,0,427,785
07/19/2019,MYF,CA,AWP,WE,Towers with Radar,0,1,80,6,87,0,3,311,3,317,0,4,391,9,404,338,0,338,742
07/20/2019,MYF,CA,AWP,WE,Towers with Radar,0,8,58,0,66,0,10,299,1,310,0,18,357,1,376,544,0,544,920
07/21/2019,MYF,CA,AWP,WE,Towers with Radar,0,7,50,1,58,0,5,283,0,288,0,12,333,1,346,347,0,347,693
07/22/2019,MYF,CA,AWP,WE,Towers with Radar,0,0,67,3,70,0,5,229,4,238,0,5,296,7,308,463,0,463,771
07/23/2019,MYF,CA,AWP,WE,Towers with Radar,0,1,42,0,43,0,5,235,3,243,0,6,277,3,286,406,1,407,693
07/24/2019,MYF,CA,AWP,WE,Towers with Radar,0,3,60,2,65,0,3,237,3,243,0,6,297,5,308,470,0,470,778
07/25/2019,MYF,CA,AWP,WE,Towers with Radar,0,3,64,2,69,0,6,326,6,338,0,9,390,8,407,559,0,559,966
07/26/2019,MYF,CA,AWP,WE,Towers with Radar,0,1,57,2,60,0,7,292,1,300,0,8,349,3,360,510,0,510,870
07/27/2019,MYF,CA,AWP,WE,Towers with Radar,0,6,52,3,61,0,12,298,5,315,0,18,350,8,376,565,0,565,941
07/28/2019,MYF,CA,AWP,WE,Towers with Radar,0,2,55,0,57,0,11,212,0,223,0,13,267,0,280,300,0,300,580
07/29/2019,MYF,CA,AWP,WE,Towers with Radar,0,3,59,3,65,0,4,220,2,226,0,7,279,5,291,444,0,444,735
07/30/2019,MYF,CA,AWP,WE,Towers with Radar,0,6,64,4,74,0,5,226,2,233,0,11,290,6,307,408,0,408,715
07/31/2019,MYF,CA,AWP,WE,Towers with Radar,0,5,72,2,79,0,7,244,1,252,0,12,316,3,331,465,0,465,796
08/01/2019,MYF,CA,AWP,WE,Towers with Radar,0,4,94,6,104,0,19,281,2,302,0,23,375,8,406,573,0,573,979
08/02/2019,MYF,CA,AWP,WE,Towers with Radar,0,3,61,1,65,0,4,226,1,231,0,7,287,2,296,503,0,503,799
08/03/2019,MYF,CA,AWP,WE,Towers with Radar,0,5,63,0,68,0,3,277,1,281,0,8,340,1,349,373,0,373,722
08/04/2019,MYF,CA,AWP,WE,Towers with Radar,0,0,45,0,45,0,5,216,0,221,0,5,261,0,266,414,0,414,680
08/05/2019,MYF,CA,AWP,WE,Towers with Radar,0,3,62,1,66,1,8,216,4,229,1,11,278,5,295,408,0,408,703
08/06/2019,MYF,CA,AWP,WE,Towers with Radar,0,2,82,4,88,0,0,275,3,278,0,2,357,7,366,524,0,524,890
08/07/2019,MYF,CA,AWP,WE,Towers with Radar,0,0,101,4,105,0,14,265,3,282,0,14,366,7,387,624,0,624,1011
08/08/2019,MYF,CA,AWP,WE,Towers with Radar,0,5,78,5,88,0,4,249,4,257,0,9,327,9,345,534,0,534,879
08/09/2019,MYF,CA,AWP,WE,Towers with Radar,0,6,76,0,82,0,5,281,1,287,0,11,357,1,369,488,0,488,857
08/10/2019,MYF,CA,AWP,WE,Towers with Radar,0,9,57,0,66,0,5,215,0,220,0,14,272,0,286,465,0,465,751
08/11/2019,MYF,CA,AWP,WE,Towers with Radar,0,5,64,0,69,0,4,226,0,230,0,9,290,0,299,575,0,575,874
08/12/2019,MYF,CA,AWP,WE,Towers with Radar,0,1,60,3,64,0,2,225,2,229,0,3,285,5,293,404,0,404,697
08/13/2019,MYF,CA,AWP,WE,Towers with Radar,0,7,71,1,79,0,4,252,3,259,0,11,323,4,338,491,0,491,829
08/14/2019,MYF,CA,AWP,WE,Towers with Radar,0,1,83,6,90,0,4,222,4,230,0,5,305,10,320,654,0,654,974
08/15/2019,MYF,CA,AWP,WE,Towers with Radar,0,4,62,4,70,0,5,274,5,284,0,9,336,9,354,603,3,606,960
08/16/2019,MYF,CA,AWP,WE,Towers with Radar,0,1,67,6,74,0,6,275,4,285,0,7,342,10,359,531,0,531,890
08/17/2019,MYF,CA,AWP,WE,Towers with Radar,0,6,64,0,70,0,6,222,0,228,0,12,286,0,298,393,0,393,691
08/18/2019,MYF,CA,AWP,WE,Towers with Radar,0,2,67,0,69,0,3,212,0,215,0,5,279,0,284,339,0,339,623
08/19/2019,MYF,CA,AWP,WE,Towers with Radar,0,4,71,1,76,0,1,199,3,203,0,5,270,4,279,568,0,568,847
08/20/2019,MYF,CA,AWP,WE,Towers with Radar,0,3,68,3,74,0,0,249,3,252,0,3,317,6,326,582,0,582,908
08/21/2019,MYF,CA,AWP,WE,Towers with Radar,0,3,80,5,88,0,7,277,6,290,0,10,357,11,378,486,0,486,864
08/22/2019,MYF,CA,AWP,WE,Towers with Radar,0,4,78,2,84,0,6,199,6,211,0,10,277,8,295,395,10,405,700
08/23/2019,MYF,CA,AWP,WE,Towers with Radar,0,0,75,0,75,0,3,269,0,272,0,3,344,0,347,611,0,611,958
08/24/2019,MYF,CA,AWP,WE,Towers with Radar,0,5,54,0,59,0,4,301,0,305,0,9,355,0,364,407,0,407,771
08/25/2019,MYF,CA,AWP,WE,Towers with Radar,0,3,55,0,58,0,1,312,0,313,0,4,367,0,371,329,0,329,700
08/26/2019,MYF,CA,AWP,WE,Towers with Radar,0,1,51,2,54,0,6,269,1,276,0,7,320,3,330,488,0,488,818
08/27/2019,MYF,CA,AWP,WE,Towers with Radar,0,3,62,2,67,0,6,263,4,273,0,9,325,6,340,464,0,464,804
08/28/2019,MYF,CA,AWP,WE,Towers with Radar,0,3,88,5,96,0,6,223,2,231,0,9,311,7,327,489,6,495,822
08/29/2019,MYF,CA,AWP,WE,Towers with Radar,0,1,102,2,105,0,11,297,4,312,0,12,399,6,417,548,11,559,976
08/30/2019,MYF,CA,AWP,WE,Towers with Radar,0,5,74,1,80,0,7,285,4,296,0,12,359,5,376,527,0,527,903
08/31/2019,MYF,CA,AWP,WE,Towers with Radar,0,2,78,0,80,0,3,212,0,215,0,5,290,0,295,162,0,162,457
09/01/2019,MYF,CA,AWP,WE,Towers with Radar,0,1,40,1,42,0,4,160,3,167,0,5,200,4,209,270,0,270,479
09/02/2019,MYF,CA,AWP,WE,Towers with Radar,0,5,51,0,56,0,13,218,3,234,0,18,269,3,290,269,0,269,559
09/03/2019,MYF,CA,AWP,WE,Towers with Radar,0,2,60,4,66,0,7,260,6,273,0,9,320,10,339,547,0,547,886
09/04/2019,MYF,CA,AWP,WE,Towers with Radar,0,3,48,1,52,0,14,206,6,226,0,17,254,7,278,366,2,368,646
09/05/2019,MYF,CA,AWP,WE,Towers with Radar,0,3,71,2,76,0,8,262,1,271,0,11,333,3,347,530,0,530,877
09/06/2019,MYF,CA,AWP,WE,Towers with Radar,0,3,94,1,98,0,7,306,1,314,0,10,400,2,412,477,0,477,889
09/07/2019,MYF,CA,AWP,WE,Towers with Radar,0,1,75,0,76,0,3,272,1,276,0,4,347,1,352,435,0,435,787
09/08/2019,MYF,CA,AWP,WE,Towers with Radar,0,2,58,0,60,0,3,229,0,232,0,5,287,0,292,395,0,395,687
09/09/2019,MYF,CA,AWP,WE,Towers with Radar,0,3,82,1,86,0,6,184,2,192,0,9,266,3,278,434,0,434,712
09/10/2019,MYF,CA,AWP,WE,Towers with Radar,0,5,96,3,104,0,4,228,2,234,0,9,324,5,338,433,0,433,771
09/11/2019,MYF,CA,AWP,WE,Towers with Radar,0,5,87,2,94,0,8,213,2,223,0,13,300,4,317,515,0,515,832
09/12/2019,MYF,CA,AWP,WE,Towers with Radar,0,3,78,1,82,0,9,260,3,272,0,12,338,4,354,413,0,413,767
09/13/2019,MYF,CA,AWP,WE,Towers with Radar,0,8,60,1,69,0,7,236,1,244,0,15,296,2,313,311,0,311,624
09/14/2019,MYF,CA,AWP,WE,Towers with Radar,0,7,55,0,62,0,6,291,1,298,0,13,346,1,360,405,0,405,765
09/15/2019,MYF,CA,AWP,WE,Towers with Radar,0,2,61,0,63,0,4,219,0,223,0,6,280,0,286,464,4,468,754
09/16/2019,MYF,CA,AWP,WE,Towers with Radar,0,4,75,2,81,0,7,213,0,220,0,11,288,2,301,384,10,394,695
09/17/2019,MYF,CA,AWP,WE,Towers with Radar,0,0,63,1,64,0,4,256,4,264,0,4,319,5,328,425,0,425,753
09/18/2019,MYF,CA,AWP,WE,Towers with Radar,0,4,36,0,40,0,7,27,1,35,0,11,63,1,75,43,0,43,118
09/19/2019,MYF,CA,AWP,WE,Towers with Radar,0,1,82,4,87,0,10,253,3,266,0,11,335,7,353,547,0,547,900
09/20/2019,MYF,CA,AWP,WE,Towers with Radar,0,3,81,0,84,0,2,306,0,308,0,5,387,0,392,362,0,362,754
09/21/2019,MYF,CA,AWP,WE,Towers with Radar,0,10,53,0,63,0,6,248,0,254,0,16,301,0,317,332,0,332,649
09/22/2019,MYF,CA,AWP,WE,Towers with Radar,0,0,65,1,66,0,1,202,1,204,0,1,267,2,270,431,0,431,701
09/23/2019,MYF,CA,AWP,WE,Towers with Radar,0,5,53,3,61,0,6,217,6,229,0,11,270,9,290,423,1,424,714
09/24/2019,MYF,CA,AWP,WE,Towers with Radar,0,2,66,3,71,0,12,200,3,215,0,14,266,6,286,532,0,532,818
09/25/2019,MYF,CA,AWP,WE,Towers with Radar,0,1,87,5,93,0,1,215,3,219,0,2,302,8,312,406,2,408,720
09/26/2019,MYF,CA,AWP,WE,Towers with Radar,0,2,73,3,78,0,1,38,3,42,0,3,111,6,120,223,0,223,343
09/27/2019,MYF,CA,AWP,WE,Towers with Radar,0,2,83,2,87,0,4,64,0,68,0,6,147,2,155,271,0,271,426
09/28/2019,MYF,CA,AWP,WE,Towers with Radar,0,10,37,0,47,0,11,31,1,43,0,21,68,1,90,256,0,256,346
09/29/2019,MYF,CA,AWP,WE,Towers with Radar,0,0,36,1,37,0,7,124,1,132,0,7,160,2,169,229,4,233,402
09/30/2019,MYF,CA,AWP,WE,Towers with Radar,0,0,79,1,80,0,7,243,3,253,0,7,322,4,333,361,0,361,694
10/01/2019,MYF,CA,AWP,WE,Towers with Radar,0,1,70,1,72,0,8,281,3,292,0,9,351,4,364,668,0,668,1032
10/02/2019,MYF,CA,AWP,WE,Towers with Radar,0,2,79,3,84,0,7,313,4,324,0,9,392,7,408,621,0,621,1029
10/03/2019,MYF,CA,AWP,WE,Towers with Radar,0,0,78,3,81,0,10,268,2,280,0,10,346,5,361,593,3,596,957
10/04/2019,MYF,CA,AWP,WE,Towers with Radar,0,3,73,0,76,0,7,280,1,288,0,10,353,1,364,556,0,556,920
10/05/2019,MYF,CA,AWP,WE,Towers with Radar,0,7,41,0,48,0,8,321,1,330,0,15,362,1,378,397,0,397,775
10/06/2019,MYF,CA,AWP,WE,Towers with Radar,0,4,51,0,55,0,7,227,0,234,0,11,278,0,289,362,0,362,651
10/07/2019,MYF,CA,AWP,WE,Towers with Radar,0,0,73,2,75,0,8,222,4,234,0,8,295,6,309,552,0,552,861
10/08/2019,MYF,CA,AWP,WE,Towers with Radar,0,1,68,1,70,0,8,249,5,262,0,9,317,6,332,409,0,409,741
10/09/2019,MYF,CA,AWP,WE,Towers with Radar,0,1,104,2,107,0,8,253,2,263,0,9,357,4,370,436,0,436,806
10/10/2019,MYF,CA,AWP,WE,Towers with Radar,0,2,78,4,84,0,6,239,3,248,0,8,317,7,332,422,0,422,754
10/11/2019,MYF,CA,AWP,WE,Towers with Radar,0,2,65,2,69,0,4,275,3,282,0,6,340,5,351,628,0,628,979
10/12/2019,MYF,CA,AWP,WE,Towers with Radar,0,2,65,0,67,0,3,247,1,251,0,5,312,1,318,373,0,373,691
10/13/2019,MYF,CA,AWP,WE,Towers with Radar,0,3,80,2,85,0,11,193,0,204,0,14,273,2,289,301,0,301,590
10/14/2019,MYF,CA,AWP,WE,Towers with Radar,0,0,56,0,56,0,18,222,0,240,0,18,278,0,296,514,1,515,811
10/15/2019,MYF,CA,AWP,WE,Towers with Radar,0,1,63,1,65,0,4,291,7,302,0,5,354,8,367,589,0,589,956
10/16/2019,MYF,CA,AWP,WE,Towers with Radar,0,0,79,1,80,0,5,290,7,302,0,5,369,8,382,667,0,667,1049
10/17/2019,MYF,CA,AWP,WE,Towers with Radar,0,2,97,0,99,0,5,227,2,234,0,7,324,2,333,487,1,488,821
10/18/2019,MYF,CA,AWP,WE,Towers with Radar,0,0,59,1,60,0,3,268,2,273,0,3,327,3,333,605,0,605,938
10/19/2019,MYF,CA,AWP,WE,Towers with Radar,0,4,42,0,46,0,3,279,0,282,0,7,321,0,328,395,0,395,723
10/20/2019,MYF,CA,AWP,WE,Towers with Radar,0,2,51,0,53,0,5,227,0,232,0,7,278,0,285,512,1,513,798
10/21/2019,MYF,CA,AWP,WE,Towers with Radar,0,0,61,1,62,0,2,236,2,240,0,2,297,3,302,443,0,443,745
10/22/2019,MYF,CA,AWP,WE,Towers with Radar,0,0,67,3,70,0,0,251,4,255,0,0,318,7,325,448,0,448,773
10/23/2019,MYF,CA,AWP,WE,Towers with Radar,0,3,76,3,82,0,4,301,4,309,0,7,377,7,391,414,0,414,805
10/24/2019,MYF,CA,AWP,WE,Towers with Radar,0,2,61,2,65,0,7,261,3,271,0,9,322,5,336,545,0,545,881
10/25/2019,MYF,CA,AWP,WE,Towers with Radar,0,2,70,2,74,0,11,262,6,279,0,13,332,8,353,594,0,594,947
10/26/2019,MYF,CA,AWP,WE,Towers with Radar,0,1,66,0,67,0,8,264,1,273,0,9,330,1,340,323,0,323,663
10/27/2019,MYF,CA,AWP,WE,Towers with Radar,0,5,69,0,74,0,0,41,0,41,0,5,110,0,115,279,0,279,394
10/28/2019,MYF,CA,AWP,WE,Towers with Radar,0,2,65,2,69,0,3,226,2,231,0,5,291,4,300,583,0,583,883
10/29/2019,MYF,CA,AWP,WE,Towers with Radar,0,3,77,3,83,0,13,269,3,285,0,16,346,6,368,400,0,400,768
10/30/2019,MYF,CA,AWP,WE,Towers with Radar,0,4,36,1,41,0,7,119,3,129,0,11,155,4,170,348,0,348,518
10/31/2019,MYF,CA,AWP,WE,Towers with Radar,0,2,57,4,63,0,3,247,2,252,0,5,304,6,315,459,0,459,774
11/01/2019,MYF,CA,AWP,WE,Towers with Radar,0,4,68,0,72,0,2,268,0,270,0,6,336,0,342,505,0,505,847
11/02/2019,MYF,CA,AWP,WE,Towers with Radar,0,3,57,0,60,0,7,243,0,250,0,10,300,0,310,257,0,257,567
11/03/2019,MYF,CA,AWP,WE,Towers with Radar,0,0,49,1,50,0,8,287,1,296,0,8,336,2,346,388,0,388,734
11/04/2019,MYF,CA,AWP,WE,Towers with Radar,0,7,67,1,75,0,2,241,1,244,0,9,308,2,319,442,1,443,762
11/05/2019,MYF,CA,AWP,WE,Towers with Radar,0,4,65,3,72,0,3,201,5,209,0,7,266,8,281,425,0,425,706
11/06/2019,MYF,CA,AWP,WE,Towers with Radar,0,3,83,3,89,0,9,236,3,248,0,12,319,6,337,471,0,471,808
11/07/2019,MYF,CA,AWP,WE,Towers with Radar,0,2,85,6,93,0,13,259,4,276,0,15,344,10,369,413,1,414,783
11/08/2019,MYF,CA,AWP,WE,Towers with Radar,0,4,78,1,83,0,3,287,7,297,0,7,365,8,380,535,0,535,915
11/09/2019,MYF,CA,AWP,WE,Towers with Radar,0,2,64,0,66,0,14,292,1,307,0,16,356,1,373,478,0,478,851
11/10/2019,MYF,CA,AWP,WE,Towers with Radar,0,0,57,0,57,0,3,144,0,147,0,3,201,0,204,271,0,271,475
11/11/2019,MYF,CA,AWP,WE,Towers with Radar,0,4,77,0,81,0,2,208,2,212,0,6,285,2,293,455,0,455,748
11/12/2019,MYF,CA,AWP,WE,Towers with Radar,0,0,63,1,64,0,4,221,7,232,0,4,284,8,296,379,0,379,675
11/13/2019,MYF,CA,AWP,WE,Towers with Radar,0,2,81,3,86,0,7,220,5,232,0,9,301,8,318,440,16,456,774
11/14/2019,MYF,CA,AWP,WE,Towers with Radar,0,8,100,2,110,0,12,260,4,276,0,20,360,6,386,532,0,532,918
11/15/2019,MYF,CA,AWP,WE,Towers with Radar,0,3,108,1,112,0,3,242,1,246,0,6,350,2,358,446,0,446,804
11/16/2019,MYF,CA,AWP,WE,Towers with Radar,0,4,60,0,64,0,3,334,2,339,0,7,394,2,403,327,0,327,730
11/17/2019,MYF,CA,AWP,WE,Towers with Radar,0,1,48,0,49,0,5,234,0,239,0,6,282,0,288,384,0,384,672
11/18/2019,MYF,CA,AWP,WE,Towers with Radar,0,4,60,2,66,0,2,233,6,241,0,6,293,8,307,529,0,529,836
11/19/2019,MYF,CA,AWP,WE,Towers with Radar,0,1,57,1,59,0,2,89,2,93,0,3,146,3,152,280,3,283,435
11/20/2019,MYF,CA,AWP,WE,Towers with Radar,0,3,21,0,24,0,1,11,0,12,0,4,32,0,36,120,0,120,156
11/21/2019,MYF,CA,AWP,WE,Towers with Radar,0,2,59,4,65,0,0,149,0,149,0,2,208,4,214,409,0,409,623
11/22/2019,MYF,CA,AWP,WE,Towers with Radar,0,2,95,5,102,0,0,312,0,312,0,2,407,5,414,561,4,565,979
11/23/2019,MYF,CA,AWP,WE,Towers with Radar,0,4,79,1,84,0,14,310,0,324,0,18,389,1,408,464,0,464,872
11/24/2019,MYF,CA,AWP,WE,Towers with Radar,0,3,48,0,51,0,10,303,0,313,0,13,351,0,364,503,0,503,867
11/25/2019,MYF,CA,AWP,WE,Towers with Radar,0,3,86,1,90,0,7,199,2,208,0,10,285,3,298,332,9,341,639
11/26/2019,MYF,CA,AWP,WE,Towers with Radar,0,1,95,2,98,0,8,344,6,358,0,9,439,8,456,445,0,445,901
11/27/2019,MYF,CA,AWP,WE,Towers with Radar,0,0,38,0,38,0,0,45,0,45,0,0,83,0,83,175,0,175,258
11/28/2019,MYF,CA,AWP,WE,Towers with Radar,0,2,3,0,5,0,0,8,0,8,0,2,11,0,13,0,0,0,13
11/29/2019,MYF,CA,AWP,WE,Towers with Radar,0,5,27,0,32,0,4,32,1,37,0,9,59,1,69,119,0,119,188
11/30/2019,MYF,CA,AWP,WE,Towers with Radar,0,4,47,0,51,0,6,223,1,230,0,10,270,1,281,266,0,266,547
12/01/2019,MYF,CA,AWP,WE,Towers with Radar,0,1,64,0,65,0,4,265,0,269,0,5,329,0,334,399,0,399,733
12/02/2019,MYF,CA,AWP,WE,Towers with Radar,0,2,81,2,85,0,17,264,2,283,0,19,345,4,368,481,3,484,852
12/03/2019,MYF,CA,AWP,WE,Towers with Radar,0,3,70,3,76,0,13,225,6,244,0,16,295,9,320,547,2,549,869
12/04/2019,MYF,CA,AWP,WE,Towers with Radar,0,4,59,0,63,0,1,6,0,7,0,5,65,0,70,24,0,24,94
12/05/2019,MYF,CA,AWP,WE,Towers with Radar,0,2,83,3,88,0,12,291,6,309,0,14,374,9,397,605,0,605,1002
12/06/2019,MYF,CA,AWP,WE,Towers with Radar,0,5,66,6,77,0,11,227,5,243,0,16,293,11,320,634,0,634,954
12/07/2019,MYF,CA,AWP,WE,Towers with Radar,0,15,75,0,90,0,6,32,0,38,0,21,107,0,128,224,0,224,352
12/08/2019,MYF,CA,AWP,WE,Towers with Radar,0,0,82,1,83,0,0,9,0,9,0,0,91,1,92,27,0,27,119
12/09/2019,MYF,CA,AWP,WE,Towers with Radar,0,1,90,0,91,0,1,188,0,189,0,2,278,0,280,603,0,603,883
12/10/2019,MYF,CA,AWP,WE,Towers with Radar,0,2,77,2,81,0,3,253,4,260,0,5,330,6,341,486,3,489,830
12/11/2019,MYF,CA,AWP,WE,Towers with Radar,0,7,82,3,92,0,6,286,3,295,0,13,368,6,387,514,1,515,902
12/12/2019,MYF,CA,AWP,WE,Towers with Radar,0,2,66,0,68,0,11,294,3,308,0,13,360,3,376,560,0,560,936
12/13/2019,MYF,CA,AWP,WE,Towers with Radar,0,3,79,2,84,0,7,241,9,257,0,10,320,11,341,507,0,507,848
12/14/2019,MYF,CA,AWP,WE,Towers with Radar,0,4,92,2,98,0,4,111,1,116,0,8,203,3,214,544,1,545,759
12/15/2019,MYF,CA,AWP,WE,Towers with Radar,0,6,57,0,63,0,6,214,1,221,0,12,271,1,284,422,0,422,706
12/16/2019,MYF,CA,AWP,WE,Towers with Radar,0,3,57,0,60,0,2,220,4,226,0,5,277,4,286,446,1,447,733
12/17/2019,MYF,CA,AWP,WE,Towers with Radar,0,1,57,5,63,0,9,230,8,247,0,10,287,13,310,626,0,626,936
12/18/2019,MYF,CA,AWP,WE,Towers with Radar,0,6,74,2,82,0,6,285,5,296,0,12,359,7,378,570,0,570,948
12/19/2019,MYF,CA,AWP,WE,Towers with Radar,0,6,71,6,83,0,8,330,10,348,0,14,401,16,431,538,0,538,969
12/20/2019,MYF,CA,AWP,WE,Towers with Radar,0,7,75,0,82,0,25,275,6,306,0,32,350,6,388,445,4,449,837
12/21/2019,MYF,CA,AWP,WE,Towers with Radar,0,7,68,0,75,0,11,288,0,299,0,18,356,0,374,357,0,357,731
12/22/2019,MYF,CA,AWP,WE,Towers with Radar,0,0,51,0,51,0,7,298,0,305,0,7,349,0,356,394,0,394,750
12/23/2019,MYF,CA,AWP,WE,Towers with Radar,0,6,23,0,29,0,0,17,0,17,0,6,40,0,46,63,0,63,109
12/24/2019,MYF,CA,AWP,WE,Towers with Radar,0,3,27,0,30,0,3,54,0,57,0,6,81,0,87,213,0,213,300
12/25/2019,MYF,CA,AWP,WE,Towers with Radar,0,3,8,0,11,0,1,25,0,26,0,4,33,0,37,206,0,206,243
12/26/2019,MYF,CA,AWP,WE,Towers with Radar,0,4,7,0,11,0,1,38,0,39,0,5,45,0,50,128,0,128,178
12/27/2019,MYF,CA,AWP,WE,Towers with Radar,0,2,65,0,67,0,7,213,1,221,0,9,278,1,288,222,0,222,510
12/28/2019,MYF,CA,AWP,WE,Towers with Radar,0,8,64,0,72,0,6,233,1,240,0,14,297,1,312,202,0,202,514
12/29/2019,MYF,CA,AWP,WE,Towers with Radar,0,2,50,0,52,0,3,246,4,253,0,5,296,4,305,433,0,433,738
12/30/2019,MYF,CA,AWP,WE,Towers with Radar,0,1,53,0,54,0,11,167,0,178,0,12,220,0,232,332,0,332,564
12/31/2019,MYF,CA,AWP,WE,Towers with Radar,0,2,34,0,36,0,6,162,1,169,0,8,196,1,205,362,0,362,567
01/01/2020,MYF,CA,AWP,WE,Towers with Radar,0,0,29,0,29,0,11,147,1,159,0,11,176,1,188,161,0,161,349
01/02/2020,MYF,CA,AWP,WE,Towers with Radar,0,4,64,0,68,0,6,232,0,238,0,10,296,0,306,370,0,370,676
01/03/2020,MYF,CA,AWP,WE,Towers with Radar,0,2,65,0,67,0,9,201,0,210,0,11,266,0,277,507,2,509,786
01/04/2020,MYF,CA,AWP,WE,Towers with Radar,0,7,74,0,81,0,3,279,0,282,0,10,353,0,363,358,0,358,721
01/05/2020,MYF,CA,AWP,WE,Towers with Radar,0,3,70,0,73,0,5,221,0,226,0,8,291,0,299,464,0,464,763
01/06/2020,MYF,CA,AWP,WE,Towers with Radar,0,2,54,0,56,0,1,222,0,223,0,3,276,0,279,612,0,612,891
01/07/2020,MYF,CA,AWP,WE,Towers with Radar,0,7,88,0,95,0,2,326,0,328,0,9,414,0,423,500,0,500,923
01/08/2020,MYF,CA,AWP,WE,Towers with Radar,0,4,119,0,123,0,4,247,2,253,0,8,366,2,376,638,0,638,1014
01/09/2020,MYF,CA,AWP,WE,Towers with Radar,0,3,86,4,93,0,6,133,10,149,0,9,219,14,242,335,0,335,577
01/10/2020,MYF,CA,AWP,WE,Towers with Radar,0,3,81,0,84,0,22,332,1,355,0,25,413,1,439,474,0,474,913
01/11/2020,MYF,CA,AWP,WE,Towers with Radar,0,2,67,0,69,0,11,306,0,317,0,13,373,0,386,396,0,396,782
01/12/2020,MYF,CA,AWP,WE,Towers with Radar,0,2,65,0,67,0,5,306,2,313,0,7,371,2,380,414,0,414,794
01/13/2020,MYF,CA,AWP,WE,Towers with Radar,0,0,82,1,83,0,3,309,3,315,0,3,391,4,398,518,0,518,916
01/14/2020,MYF,CA,AWP,WE,Towers with Radar,0,2,78,2,82,0,7,313,3,323,0,9,391,5,405,500,1,501,906
01/15/2020,MYF,CA,AWP,WE,Towers with Radar,0,6,70,2,78,0,30,358,4,392,0,36,428,6,470,398,13,411,881
01/16/2020,MYF,CA,AWP,WE,Towers with Radar,0,4,96,6,106,0,7,179,9,195,0,11,275,15,301,537,1,538,839
01/17/2020,MYF,CA,AWP,WE,Towers with Radar,0,4,71,5,80,0,12,227,7,246,0,16,298,12,326,461,0,461,787
01/18/2020,MYF,CA,AWP,WE,Towers with Radar,0,2,48,0,50,0,19,260,1,280,0,21,308,1,330,524,0,524,854
01/19/2020,MYF,CA,AWP,WE,Towers with Radar,0,0,48,0,48,0,5,236,0,241,0,5,284,0,289,423,0,423,712
01/20/2020,MYF,CA,AWP,WE,Towers with Radar,0,1,95,1,97,0,3,142,7,152,0,4,237,8,249,453,5,458,707
01/21/2020,MYF,CA,AWP,WE,Towers with Radar,0,6,112,5,123,0,7,26,1,34,0,13,138,6,157,351,2,353,510
01/22/2020,MYF,CA,AWP,WE,Towers with Radar,0,5,87,3,95,0,11,330,6,347,0,16,417,9,442,709,6,715,1157
01/23/2020,MYF,CA,AWP,WE,Towers with Radar,0,1,67,5,73,0,2,346,5,353,0,3,413,10,426,512,1,513,939
01/24/2020,MYF,CA,AWP,WE,Towers with Radar,0,6,70,0,76,0,8,369,0,377,0,14,439,0,453,415,0,415,868
01/25/2020,MYF,CA,AWP,WE,Towers with Radar,0,3,59,7,69,0,6,242,4,252,0,9,301,11,321,362,0,362,683
01/26/2020,MYF,CA,AWP,WE,Towers with Radar,0,7,89,0,96,0,11,64,0,75,0,18,153,0,171,388,0,388,559
01/27/2020,MYF,CA,AWP,WE,Towers with Radar,0,0,73,4,77,0,14,257,3,274,0,14,330,7,351,697,0,697,1048
01/28/2020,MYF,CA,AWP,WE,Towers with Radar,0,4,75,2,81,0,13,357,5,375,0,17,432,7,456,633,0,633,1089
01/29/2020,MYF,CA,AWP,WE,Towers with Radar,0,3,80,1,84,0,7,268,4,279,0,10,348,5,363,570,8,578,941
01/30/2020,MYF,CA,AWP,WE,Towers with Radar,0,1,73,1,75,0,11,303,1,315,0,12,376,2,390,708,0,708,1098
01/31/2020,MYF,CA,AWP,WE,Towers with Radar,0,0,77,1,78,0,6,300,1,307,0,6,377,2,385,706,0,706,1091
02/01/2020,MYF,CA,AWP,WE,Towers with Radar,0,10,53,0,63,0,5,348,0,353,0,15,401,0,416,433,0,433,849
02/02/2020,MYF,CA,AWP,WE,Towers with Radar,0,0,61,0,61,0,5,142,0,147,0,5,203,0,208,236,0,236,444
02/03/2020,MYF,CA,AWP,WE,Towers with Radar,0,2,86,2,90,0,1,213,3,217,0,3,299,5,307,543,0,543,850
02/04/2020,MYF,CA,AWP,WE,Towers with Radar,0,2,60,3,65,0,4,219,6,229,0,6,279,9,294,440,0,440,734
02/05/2020,MYF,CA,AWP,WE,Towers with Radar,0,0,83,0,83,0,9,304,5,318,0,9,387,5,401,484,0,484,885
02/06/2020,MYF,CA,AWP,WE,Towers with Radar,0,6,92,1,99,0,22,407,5,434,0,28,499,6,533,500,0,500,1033
02/07/2020,MYF,CA,AWP,WE,Towers with Radar,0,4,91,0,95,0,19,291,3,313,0,23,382,3,408,459,0,459,867
02/08/2020,MYF,CA,AWP,WE,Towers with Radar,0,3,77,0,80,0,11,279,1,291,0,14,356,1,371,513,0,513,884
02/09/2020,MYF,CA,AWP,WE,Towers with Radar,0,3,49,0,52,0,1,13,0,14,0,4,62,0,66,40,0,40,106
02/10/2020,MYF,CA,AWP,WE,Towers with Radar,0,2,71,1,74,0,4,56,1,61,0,6,127,2,135,193,0,193,328
02/11/2020,MYF,CA,AWP,WE,Towers with Radar,0,5,55,1,61,0,5,226,6,237,0,10,281,7,298,478,0,478,776
02/12/2020,MYF,CA,AWP,WE,Towers with Radar,0,3,99,2,104,0,12,300,2,314,0,15,399,4,418,520,6,526,944
02/13/2020,MYF,CA,AWP,WE,Towers with Radar,0,2,85,2,89,0,13,346,11,370,0,15,431,13,459,545,0,545,1004
02/14/2020,MYF,CA,AWP,WE,Towers with Radar,0,8,90,1,99,0,15,338,3,356,0,23,428,4,455,422,0,422,877
02/15/2020,MYF,CA,AWP,WE,Towers with Radar,0,6,56,0,62,0,15,296,0,311,0,21,352,0,373,408,0,408,781
02/16/2020,MYF,CA,AWP,WE,Towers with Radar,0,0,51,0,51,0,3,299,0,302,0,3,350,0,353,360,0,360,713
02/17/2020,MYF,CA,AWP,WE,Towers with Radar,0,3,75,0,78,0,5,250,1,256,0,8,325,1,334,454,0,454,788
02/18/2020,MYF,CA,AWP,WE,Towers with Radar,0,8,89,2,99,0,18,205,2,225,0,26,294,4,324,589,0,589,913
02/19/2020,MYF,CA,AWP,WE,Towers with Radar,0,4,89,4,97,0,4,239,3,246,0,8,328,7,343,411,0,411,754
02/20/2020,MYF,CA,AWP,WE,Towers with Radar,0,5,86,4,95,0,13,324,9,346,0,18,410,13,441,542,17,559,1000
02/21/2020,MYF,CA,AWP,WE,Towers with Radar,0,4,85,0,89,0,8,318,6,332,0,12,403,6,421,553,2,555,976
02/22/2020,MYF,CA,AWP,WE,Towers with Radar,0,3,25,0,28,0,0,16,0,16,0,3,41,0,44,128,24,152,196
02/23/2020,MYF,CA,AWP,WE,Towers with Radar,0,2,100,6,108,0,5,216,5,226,0,7,316,11,334,458,0,458,792
02/24/2020,MYF,CA,AWP,WE,Towers with Radar,0,0,90,2,92,0,4,219,5,228,0,4,309,7,320,463,0,463,783
02/25/2020,MYF,CA,AWP,WE,Towers with Radar,0,0,64,0,64,0,6,253,5,264,0,6,317,5,328,473,0,473,801
02/26/2020,MYF,CA,AWP,WE,Towers with Radar,0,3,68,2,73,0,9,295,2,306,0,12,363,4,379,820,0,820,1199
02/27/2020,MYF,CA,AWP,WE,Towers with Radar,0,0,92,2,94,0,5,275,3,283,0,5,367,5,377,730,2,732,1109
02/28/2020,MYF,CA,AWP,WE,Towers with Radar,0,9,82,2,93,0,15,292,4,311,0,24,374,6,404,485,3,488,892
02/29/2020,MYF,CA,AWP,WE,Towers with Radar,0,6,63,0,69,0,10,295,0,305,0,16,358,0,374,241,0,241,615
03/01/2020,MYF,CA,AWP,WE,Towers with Radar,0,6,36,0,42,0,0,24,0,24,0,6,60,0,66,79,0,79,145
03/02/2020,MYF,CA,AWP,WE,Towers with Radar,0,2,51,0,53,0,9,132,2,143,0,11,183,2,196,538,0,538,734
03/03/2020,MYF,CA,AWP,WE,Towers with Radar,0,7,85,0,92,0,4,261,3,268,0,11,346,3,360,396,0,396,756
03/04/2020,MYF,CA,AWP,WE,Towers with Radar,0,4,81,1,86,0,17,337,2,356,0,21,418,3,442,537,0,537,979
03/05/2020,MYF,CA,AWP,WE,Towers with Radar,0,7,81,1,89,0,10,288,2,300,0,17,369,3,389,500,0,500,889
03/06/2020,MYF,CA,AWP,WE,Towers with Radar,0,2,61,0,63,0,11,229,0,240,0,13,290,0,303,488,0,488,791
03/07/2020,MYF,CA,AWP,WE,Towers with Radar,0,8,84,3,95,0,6,161,2,169,0,14,245,5,264,605,0,605,869
03/08/2020,MYF,CA,AWP,WE,Towers with Radar,0,6,79,0,85,0,8,181,0,189,0,14,260,0,274,396,1,397,671
03/09/2020,MYF,CA,AWP,WE,Towers with Radar,0,3,68,0,71,0,2,236,0,238,0,5,304,0,309,495,0,495,804
03/10/2020,MYF,CA,AWP,WE,Towers with Radar,0,4,29,3,36,0,0,6,2,8,0,4,35,5,44,92,0,92,136
03/11/2020,MYF,CA,AWP,WE,Towers with Radar,0,5,96,3,104,0,3,136,3,142,0,8,232,6,246,550,0,550,796
03/12/2020,MYF,CA,AWP,WE,Towers with Radar,0,6,28,0,34,0,0,8,3,11,0,6,36,3,45,77,20,97,142
03/13/2020,MYF,CA,AWP,WE,Towers with Radar,0,6,48,3,57,0,2,14,1,17,0,8,62,4,74,69,5,74,148
03/14/2020,MYF,CA,AWP,WE,Towers with Radar,0,5,67,0,72,0,3,93,2,98,0,8,160,2,170,681,0,681,851
03/15/2020,MYF,CA,AWP,WE,Towers with Radar,0,1,80,0,81,0,2,144,0,146,0,3,224,0,227,508,0,508,735
03/16/2020,MYF,CA,AWP,WE,Towers with Radar,0,2,51,3,56,0,1,143,1,145,0,3,194,4,201,280,0,280,481
03/17/2020,MYF,CA,AWP,WE,Towers with Radar,0,2,38,2,42,0,0,210,3,213,0,2,248,5,255,631,0,631,886
03/18/2020,MYF,CA,AWP,WE,Towers with Radar,0,2,8,0,10,0,4,12,0,16,0,6,20,0,26,126,0,126,152
03/19/2020,MYF,CA,AWP,WE,Towers with Radar,0,2,37,2,41,0,7,106,0,113,0,9,143,2,154,446,0,446,600
03/20/2020,MYF,CA,AWP,WE,Towers with Radar,0,2,25,0,27,0,4,93,2,99,0,6,118,2,126,295,14,309,435
03/21/2020,MYF,CA,AWP,WE,Towers with Radar,0,2,27,4,33,0,11,168,0,179,0,13,195,4,212,279,0,279,491
03/22/2020,MYF,CA,AWP,WE,Towers with Radar,0,0,18,0,18,0,4,113,5,122,0,4,131,5,140,272,19,291,431
03/23/2020,MYF,CA,AWP,WE,Towers with Radar,0,2,11,2,15,0,1,40,0,41,0,3,51,2,56,174,0,174,230
03/24/2020,MYF,CA,AWP,WE,Towers with Radar,0,2,28,1,31,0,2,123,3,128,0,4,151,4,159,443,0,443,602
03/25/2020,MYF,CA,AWP,WE,Towers with Radar,0,1,30,4,35,0,3,78,1,82,0,4,108,5,117,269,0,269,386
03/26/2020,MYF,CA,AWP,WE,Towers with Radar,0,0,13,4,17,0,1,100,5,106,0,1,113,9,123,345,0,345,468
03/27/2020,MYF,CA,AWP,WE,Towers with Radar,0,0,23,1,24,0,6,133,3,142,0,6,156,4,166,191,0,191,357
03/28/2020,MYF,CA,AWP,WE,Towers with Radar,0,2,25,0,27,0,0,181,2,183,0,2,206,2,210,213,8,221,431
03/29/2020,MYF,CA,AWP,WE,Towers with Radar,0,2,27,0,29,0,3,134,0,137,0,5,161,0,166,270,0,270,436
03/30/2020,MYF,CA,AWP,WE,Towers with Radar,0,1,20,1,22,0,4,106,1,111,0,5,126,2,133,242,3,245,378
03/31/2020,MYF,CA,AWP,WE,Towers with Radar,0,4,18,1,23,0,14,111,3,128,0,18,129,4,151,241,0,241,392
04/01/2020,MYF,CA,AWP,WE,Towers with Radar,0,6,27,1,34,0,0,132,2,134,0,6,159,3,168,138,0,138,306
04/02/2020,MYF,CA,AWP,WE,Towers with Radar,0,0,20,2,22,0,0,58,2,60,0,0,78,4,82,228,10,238,320
04/03/2020,MYF,CA,AWP,WE,Towers with Radar,0,2,19,0,21,0,4,122,0,126,0,6,141,0,147,328,0,328,475
04/04/2020,MYF,CA,AWP,WE,Towers with Radar,0,2,27,1,30,0,6,60,1,67,0,8,87,2,97,221,0,221,318
04/05/2020,MYF,CA,AWP,WE,Towers with Radar,0,3,14,1,18,0,1,49,1,51,0,4,63,2,69,268,0,268,337
04/06/2020,MYF,CA,AWP,WE,Towers with Radar,0,0,6,1,7,0,0,14,1,15,0,0,20,2,22,68,0,68,90
04/07/2020,MYF,CA,AWP,WE,Towers with Radar,0,0,9,2,11,0,0,8,0,8,0,0,17,2,19,22,0,22,41
04/08/2020,MYF,CA,AWP,WE,Towers with Radar,0,2,9,0,11,0,0,29,2,31,0,2,38,2,42,149,2,151,193
04/09/2020,MYF,CA,AWP,WE,Towers with Radar,0,1,15,0,16,0,0,23,0,23,0,1,38,0,39,68,26,94,133
04/10/2020,MYF,CA,AWP,WE,Towers with Radar,0,3,10,0,13,0,2,7,0,9,0,5,17,0,22,0,6,6,28
04/11/2020,MYF,CA,AWP,WE,Towers with Radar,0,5,30,2,37,0,0,141,4,145,0,5,171,6,182,349,2,351,533
04/12/2020,MYF,CA,AWP,WE,Towers with Radar,0,3,29,0,32,0,0,16,0,16,0,3,45,0,48,298,0,298,346
04/13/2020,MYF,CA,AWP,WE,Towers with Radar,0,4,23,4,31,0,0,35,0,35,0,4,58,4,66,201,0,201,267
04/14/2020,MYF,CA,AWP,WE,Towers with Radar,0,0,28,3,31,0,1,107,5,113,0,1,135,8,144,207,5,212,356
04/15/2020,MYF,CA,AWP,WE,Towers with Radar,0,0,26,2,28,0,2,201,4,207,0,2,227,6,235,276,4,280,515
04/16/2020,MYF,CA,AWP,WE,Towers with Radar,0,0,23,2,25,0,3,141,1,145,0,3,164,3,170,260,0,260,430
04/17/2020,MYF,CA,AWP,WE,Towers with Radar,0,3,14,0,17,0,8,72,4,84,0,11,86,4,101,289,0,289,390
04/18/2020,MYF,CA,AWP,WE,Towers with Radar,0,5,39,0,44,0,0,73,0,73,0,5,112,0,117,265,0,265,382
04/19/2020,MYF,CA,AWP,WE,Towers with Radar,0,4,32,0,36,0,5,56,1,62,0,9,88,1,98,323,0,323,421
04/20/2020,MYF,CA,AWP,WE,Towers with Radar,0,3,18,1,22,0,0,73,7,80,0,3,91,8,102,268,0,268,370
04/21/2020,MYF,CA,AWP,WE,Towers with Radar,0,0,27,5,32,0,1,153,2,156,0,1,180,7,188,322,0,322,510
04/22/2020,MYF,CA,AWP,WE,Towers with Radar,0,5,35,1,41,0,3,199,6,208,0,8,234,7,249,434,0,434,683
04/23/2020,MYF,CA,AWP,WE,Towers with Radar,0,0,28,1,29,0,0,161,8,169,0,0,189,9,198,434,0,434,632
04/24/2020,MYF,CA,AWP,WE,Towers with Radar,0,2,11,1,14,0,2,188,4,194,0,4,199,5,208,292,0,292,500
04/25/2020,MYF,CA,AWP,WE,Towers with Radar,0,0,25,1,26,0,2,210,4,216,0,2,235,5,242,443,0,443,685
04/26/2020,MYF,CA,AWP,WE,Towers with Radar,1,3,24,2,30,0,9,148,4,161,1,12,172,6,191,202,0,202,393
04/27/2020,MYF,CA,AWP,WE,Towers with Radar,0,0,22,2,24,0,5,135,4,144,0,5,157,6,168,210,0,210,378
04/28/2020,MYF,CA,AWP,WE,Towers with Radar,0,1,27,3,31,0,5,134,1,140,0,6,161,4,171,326,0,326,497
04/29/2020,MYF,CA,AWP,WE,Towers with Radar,0,5,35,4,44,0,2,49,1,52,0,7,84,5,96,102,0,102,198
04/30/2020,MYF,CA,AWP,WE,Towers with Radar,0,1,42,6,49,0,3,77,0,80,0,4,119,6,129,233,0,233,362
05/01/2020,MYF,CA,AWP,WE,Towers with Radar,0,0,38,0,38,0,1,147,0,148,0,1,185,0,186,330,0,330,516
05/02/2020,MYF,CA,AWP,WE,Towers with Radar,0,2,30,0,32,0,0,214,1,215,0,2,244,1,247,308,0,308,555
05/03/2020,MYF,CA,AWP,WE,Towers with Radar,0,0,28,0,28,0,3,154,0,157,0,3,182,0,185,279,0,279,464
05/04/2020,MYF,CA,AWP,WE,Towers with Radar,0,4,25,1,30,0,6,113,3,122,0,10,138,4,152,310,0,310,462
05/05/2020,MYF,CA,AWP,WE,Towers with Radar,0,1,16,3,20,0,11,153,5,169,0,12,169,8,189,370,0,370,559
05/06/2020,MYF,CA,AWP,WE,Towers with Radar,0,0,20,1,21,0,3,153,4,160,0,3,173,5,181,407,0,407,588
05/07/2020,MYF,CA,AWP,WE,Towers with Radar,0,0,36,1,37,0,2,157,4,163,0,2,193,5,200,340,0,340,540
05/08/2020,MYF,CA,AWP,WE,Towers with Radar,0,4,25,3,32,0,3,150,1,154,0,7,175,4,186,313,26,339,525
05/09/2020,MYF,CA,AWP,WE,Towers with Radar,0,4,33,5,42,0,3,89,0,92,0,7,122,5,134,391,0,391,525
05/10/2020,MYF,CA,AWP,WE,Towers with Radar,0,2,45,0,47,0,3,51,0,54,0,5,96,0,101,103,0,103,204
05/11/2020,MYF,CA,AWP,WE,Towers with Radar,0,0,38,0,38,0,3,138,4,145,0,3,176,4,183,255,0,255,438
05/12/2020,MYF,CA,AWP,WE,Towers with Radar,0,3,27,1,31,0,3,148,3,154,0,6,175,4,185,358,0,358,543
05/13/2020,MYF,CA,AWP,WE,Towers with Radar,0,4,31,4,39,0,5,113,2,120,0,9,144,6,159,252,0,252,411
05/14/2020,MYF,CA,AWP,WE,Towers with Radar,0,6,44,1,51,0,9,185,3,197,0,15,229,4,248,385,0,385,633
05/15/2020,MYF,CA,AWP,WE,Towers with Radar,0,3,43,4,50,0,5,217,6,228,0,8,260,10,278,361,0,361,639
05/16/2020,MYF,CA,AWP,WE,Towers with Radar,0,7,54,0,61,0,3,182,1,186,0,10,236,1,247,416,0,416,663
05/17/2020,MYF,CA,AWP,WE,Towers with Radar,0,1,64,5,70,0,0,94,0,94,0,1,158,5,164,308,0,308,472
05/18/2020,MYF,CA,AWP,WE,Towers with Radar,0,2,44,2,48,0,4,95,2,101,0,6,139,4,149,477,0,477,626
05/19/2020,MYF,CA,AWP,WE,Towers with Radar,0,1,47,1,49,0,2,153,9,164,0,3,200,10,213,328,0,328,541
05/20/2020,MYF,CA,AWP,WE,Towers with Radar,0,2,51,7,60,0,9,215,3,227,0,11,266,10,287,450,0,450,737
05/21/2020,MYF,CA,AWP,WE,Towers with Radar,0,1,60,7,68,0,5,219,5,229,0,6,279,12,297,380,0,380,677
05/22/2020,MYF,CA,AWP,WE,Towers with Radar,0,9,59,1,69,0,3,243,4,250,0,12,302,5,319,275,0,275,594
05/23/2020,MYF,CA,AWP,WE,Towers with Radar,0,8,50,0,58,0,8,189,3,200,0,16,239,3,258,375,0,375,633
05/24/2020,MYF,CA,AWP,WE,Towers with Radar,0,1,28,0,29,0,4,195,0,199,0,5,223,0,228,306,0,306,534
05/25/2020,MYF,CA,AWP,WE,Towers with Radar,0,6,45,2,53,0,3,188,1,192,0,9,233,3,245,301,0,301,546
05/26/2020,MYF,CA,AWP,WE,Towers with Radar,0,1,47,3,51,0,0,181,8,189,0,1,228,11,240,415,0,415,655
05/27/2020,MYF,CA,AWP,WE,Towers with Radar,0,0,50,2,52,0,9,196,3,208,0,9,246,5,260,393,0,393,653
05/28/2020,MYF,CA,AWP,WE,Towers with Radar,0,4,72,2,78,0,4,186,1,191,0,8,258,3,269,379,0,379,648
05/29/2020,MYF,CA,AWP,WE,Towers with Radar,0,2,84,1,87,0,12,53,1,66,0,14,137,2,153,373,0,373,526
05/30/2020,MYF,CA,AWP,WE,Towers with Radar,0,3,66,0,69,0,1,206,0,207,0,4,272,0,276,400,0,400,676
05/31/2020,MYF,CA,AWP,WE,Towers with Radar,0,4,48,0,52,0,6,200,1,207,0,10,248,1,259,302,0,302,561
06/01/2020,MYF,CA,AWP,WE,Towers with Radar,0,0,40,1,41,0,4,226,2,232,0,4,266,3,273,459,0,459,732
06/02/2020,MYF,CA,AWP,WE,Towers with Radar,0,2,60,3,65,0,6,225,2,233,0,8,285,5,298,451,0,451,749
06/03/2020,MYF,CA,AWP,WE,Towers with Radar,0,1,59,0,60,0,1,249,4,254,0,2,308,4,314,570,0,570,884
06/04/2020,MYF,CA,AWP,WE,Towers with Radar,0,5,98,4,107,0,5,98,6,109,0,10,196,10,216,378,7,385,601
06/05/2020,MYF,CA,AWP,WE,Towers with Radar,0,3,70,1,74,0,1,125,3,129,0,4,195,4,203,516,0,516,719
06/06/2020,MYF,CA,AWP,WE,Towers with Radar,0,5,55,1,61,0,5,60,0,65,0,10,115,1,126,337,0,337,463
06/07/2020,MYF,CA,AWP,WE,Towers with Radar,0,2,61,0,63,0,7,198,0,205,0,9,259,0,268,348,0,348,616
06/08/2020,MYF,CA,AWP,WE,Towers with Radar,0,2,43,2,47,0,2,230,3,235,0,4,273,5,282,426,0,426,708
06/09/2020,MYF,CA,AWP,WE,Towers with Radar,0,2,33,3,38,0,3,246,4,253,0,5,279,7,291,522,0,522,813
06/10/2020,MYF,CA,AWP,WE,Towers with Radar,0,0,51,1,52,0,2,281,3,286,0,2,332,4,338,478,0,478,816
06/11/2020,MYF,CA,AWP,WE,Towers with Radar,0,2,38,0,40,0,9,250,4,263,0,11,288,4,303,547,0,547,850
06/12/2020,MYF,CA,AWP,WE,Towers with Radar,0,0,62,0,62,0,5,266,4,275,0,5,328,4,337,442,0,442,779
06/13/2020,MYF,CA,AWP,WE,Towers with Radar,0,3,50,0,53,0,2,219,6,227,0,5,269,6,280,551,8,559,839
06/14/2020,MYF,CA,AWP,WE,Towers with Radar,0,0,58,12,70,0,4,229,16,249,0,4,287,28,319,454,0,454,773
06/15/2020,MYF,CA,AWP,WE,Towers with Radar,0,1,87,0,88,0,9,184,2,195,0,10,271,2,283,749,0,749,1032
06/16/2020,MYF,CA,AWP,WE,Towers with Radar,0,1,101,3,105,0,7,209,5,221,0,8,310,8,326,636,0,636,962
06/17/2020,MYF,CA,AWP,WE,Towers with Radar,0,6,84,3,93,0,5,281,4,290,0,11,365,7,383,692,0,692,1075
06/18/2020,MYF,CA,AWP,WE,Towers with Radar,0,7,79,4,90,0,5,262,8,275,0,12,341,12,365,525,0,525,890
06/19/2020,MYF,CA,AWP,WE,Towers with Radar,0,2,99,3,104,0,4,261,0,265,0,6,360,3,369,660,0,660,1029
06/20/2020,MYF,CA,AWP,WE,Towers with Radar,0,8,107,2,117,0,14,160,1,175,0,22,267,3,292,577,0,577,869
06/21/2020,MYF,CA,AWP,WE,Towers with Radar,0,4,69,22,95,0,3,164,15,182,0,7,233,37,277,378,0,378,655
06/22/2020,MYF,CA,AWP,WE,Towers with Radar,0,4,75,5,84,0,8,207,3,218,0,12,282,8,302,509,0,509,811
06/23/2020,MYF,CA,AWP,WE,Towers with Radar,0,3,89,4,96,0,8,188,6,202,0,11,277,10,298,437,0,437,735
06/24/2020,MYF,CA,AWP,WE,Towers with Radar,0,11,116,4,131,0,3,100,2,105,0,14,216,6,236,267,0,267,503
06/25/2020,MYF,CA,AWP,WE,Towers with Radar,0,5,103,3,111,0,0,211,4,215,0,5,314,7,326,554,0,554,880
06/26/2020,MYF,CA,AWP,WE,Towers with Radar,0,3,75,3,81,0,8,241,0,249,0,11,316,3,330,739,0,739,1069
06/27/2020,MYF,CA,AWP,WE,Towers with Radar,0,5,79,3,87,0,13,275,1,289,0,18,354,4,376,471,0,471,847
06/28/2020,MYF,CA,AWP,WE,Towers with Radar,0,4,85,5,94,0,4,125,1,130,0,8,210,6,224,454,0,454,678
06/29/2020,MYF,CA,AWP,WE,Towers with Radar,0,4,74,3,81,0,8,90,1,99,0,12,164,4,180,414,0,414,594
06/30/2020,MYF,CA,AWP,WE,Towers with Radar,0,3,74,4,81,0,5,284,2,291,0,8,358,6,372,800,0,800,1172
07/01/2020,MYF,CA,AWP,WE,Towers with Radar,0,6,111,5,122,0,4,208,5,217,0,10,319,10,339,730,0,730,1069
07/02/2020,MYF,CA,AWP,WE,Towers with Radar,0,7,58,2,67,0,4,189,7,200,0,11,247,9,267,408,0,408,675
07/03/2020,MYF,CA,AWP,WE,Towers with Radar,0,3,50,0,53,0,4,323,0,327,0,7,373,0,380,690,0,690,1070
07/04/2020,MYF,CA,AWP,WE,Towers with Radar,0,2,22,0,24,0,1,171,0,172,0,3,193,0,196,320,0,320,516
07/05/2020,MYF,CA,AWP,WE,Towers with Radar,0,4,37,0,41,0,4,235,2,241,0,8,272,2,282,393,0,393,675
07/06/2020,MYF,CA,AWP,WE,Towers with Radar,0,0,49,1,50,0,1,209,4,214,0,1,258,5,264,533,0,533,797
07/07/2020,MYF,CA,AWP,WE,Towers with Radar,0,3,81,1,85,0,6,277,3,286,0,9,358,4,371,561,0,561,932
07/08/2020,MYF,CA,AWP,WE,Towers with Radar,0,3,77,3,83,0,6,223,3,232,0,9,300,6,315,749,0,749,1064
07/09/2020,MYF,CA,AWP,WE,Towers with Radar,0,1,73,7,81,0,2,292,10,304,0,3,365,17,385,487,0,487,872
07/10/2020,MYF,CA,AWP,WE,Towers with Radar,0,1,68,1,70,0,8,336,8,352,0,9,404,9,422,799,0,799,1221
07/11/2020,MYF,CA,AWP,WE,Towers with Radar,0,7,42,0,49,0,2,298,0,300,0,9,340,0,349,510,0,510,859
07/12/2020,MYF,CA,AWP,WE,Towers with Radar,0,3,44,0,47,0,7,221,0,228,0,10,265,0,275,521,0,521,796
07/13/2020,MYF,CA,AWP,WE,Towers with Radar,0,1,43,1,45,0,8,206,3,217,0,9,249,4,262,703,0,703,965
07/14/2020,MYF,CA,AWP,WE,Towers with Radar,0,2,79,3,84,0,0,274,1,275,0,2,353,4,359,799,0,799,1158
07/15/2020,MYF,CA,AWP,WE,Towers with Radar,0,1,72,1,74,0,3,296,3,302,0,4,368,4,376,479,0,479,855
07/16/2020,MYF,CA,AWP,WE,Towers with Radar,0,2,81,4,87,0,1,297,4,302,0,3,378,8,389,531,4,535,924
07/17/2020,MYF,CA,AWP,WE,Towers with Radar,0,9,74,5,88,0,7,341,4,352,0,16,415,9,440,693,0,693,1133
07/18/2020,MYF,CA,AWP,WE,Towers with Radar,0,3,57,0,60,0,4,202,6,212,0,7,259,6,272,310,0,310,582
07/19/2020,MYF,CA,AWP,WE,Towers with Radar,0,1,56,0,57,0,5,210,2,217,0,6,266,2,274,319,0,319,593
07/20/2020,MYF,CA,AWP,WE,Towers with Radar,0,0,70,1,71,0,6,257,3,266,0,6,327,4,337,583,0,583,920
07/21/2020,MYF,CA,AWP,WE,Towers with Radar,0,6,87,3,96,0,2,292,0,294,0,8,379,3,390,464,0,464,854
07/22/2020,MYF,CA,AWP,WE,Towers with Radar,0,2,87,9,98,0,5,195,4,204,0,7,282,13,302,737,0,737,1039
07/23/2020,MYF,CA,AWP,WE,Towers with Radar,0,0,92,2,94,0,3,277,0,280,0,3,369,2,374,687,0,687,1061
07/24/2020,MYF,CA,AWP,WE,Towers with Radar,0,2,68,1,71,0,4,263,1,268,0,6,331,2,339,776,0,776,1115
07/25/2020,MYF,CA,AWP,WE,Towers with Radar,0,0,52,0,52,0,10,274,1,285,0,10,326,1,337,408,0,408,745
07/26/2020,MYF,CA,AWP,WE,Towers with Radar,0,1,67,0,68,0,7,213,0,220,0,8,280,0,288,481,0,481,769
07/27/2020,MYF,CA,AWP,WE,Towers with Radar,0,6,61,0,67,0,3,222,5,230,0,9,283,5,297,470,4,474,771
07/28/2020,MYF,CA,AWP,WE,Towers with Radar,0,6,83,4,93,0,1,245,3,249,0,7,328,7,342,643,0,643,985
07/29/2020,MYF,CA,AWP,WE,Towers with Radar,0,5,76,2,83,0,9,233,1,243,0,14,309,3,326,489,0,489,815
07/30/2020,MYF,CA,AWP,WE,Towers with Radar,0,0,76,5,81,0,3,237,3,243,0,3,313,8,324,635,2,637,961
07/31/2020,MYF,CA,AWP,WE,Towers with Radar,0,1,61,0,62,0,0,304,1,305,0,1,365,1,367,695,0,695,1062
08/01/2020,MYF,CA,AWP,WE,Towers with Radar,0,5,48,0,53,0,7,234,2,243,0,12,282,2,296,387,0,387,683
08/02/2020,MYF,CA,AWP,WE,Towers with Radar,0,9,60,0,69,0,8,214,2,224,0,17,274,2,293,506,0,506,799
08/03/2020,MYF,CA,AWP,WE,Towers with Radar,0,1,50,4,55,0,3,231,2,236,0,4,281,6,291,738,0,738,1029
08/04/2020,MYF,CA,AWP,WE,Towers with Radar,0,3,74,3,80,0,9,280,3,292,0,12,354,6,372,504,0,504,876
08/05/2020,MYF,CA,AWP,WE,Towers with Radar,0,5,83,3,91,0,10,313,4,327,0,15,396,7,418,689,0,689,1107
08/06/2020,MYF,CA,AWP,WE,Towers with Radar,0,8,65,1,74,0,7,308,4,319,0,15,373,5,393,558,0,558,951
08/07/2020,MYF,CA,AWP,WE,Towers with Radar,0,1,59,0,60,0,3,307,1,311,0,4,366,1,371,690,0,690,1061
08/08/2020,MYF,CA,AWP,WE,Towers with Radar,0,6,62,1,69,0,2,299,2,303,0,8,361,3,372,515,0,515,887
08/09/2020,MYF,CA,AWP,WE,Towers with Radar,0,1,70,2,73,0,4,231,2,237,0,5,301,4,310,451,0,451,761
08/10/2020,MYF,CA,AWP,WE,Towers with Radar,0,0,86,3,89,0,3,208,4,215,0,3,294,7,304,541,1,542,846
08/11/2020,MYF,CA,AWP,WE,Towers with Radar,0,3,59,1,63,0,8,297,2,307,0,11,356,3,370,536,0,536,906
08/12/2020,MYF,CA,AWP,WE,Towers with Radar,0,0,70,1,71,0,7,323,8,338,0,7,393,9,409,587,0,587,996
08/13/2020,MYF,CA,AWP,WE,Towers with Radar,0,1,69,1,71,0,2,318,6,326,0,3,387,7,397,585,0,585,982
08/14/2020,MYF,CA,AWP,WE,Towers with Radar,0,8,54,1,63,0,10,270,2,282,0,18,324,3,345,632,0,632,977
08/15/2020,MYF,CA,AWP,WE,Towers with Radar,0,1,57,0,58,0,10,237,0,247,0,11,294,0,305,469,0,469,774
08/16/2020,MYF,CA,AWP,WE,Towers with Radar,0,2,67,0,69,0,3,229,0,232,0,5,296,0,301,316,0,316,617
08/17/2020,MYF,CA,AWP,WE,Towers with Radar,0,4,57,0,61,0,3,232,9,244,0,7,289,9,305,674,0,674,979
08/18/2020,MYF,CA,AWP,WE,Towers with Radar,0,2,43,1,46,0,2,222,8,232,0,4,265,9,278,679,0,679,957
08/19/2020,MYF,CA,AWP,WE,Towers with Radar,0,1,53,2,56,0,3,269,6,278,0,4,322,8,334,544,0,544,878
08/20/2020,MYF,CA,AWP,WE,Towers with Radar,0,4,64,2,70,0,0,262,8,270,0,4,326,10,340,537,0,537,877
08/21/2020,MYF,CA,AWP,WE,Towers with Radar,0,7,65,0,72,0,9,281,1,291,0,16,346,1,363,527,0,527,890
08/22/2020,MYF,CA,AWP,WE,Towers with Radar,0,5,42,0,47,0,11,241,1,253,0,16,283,1,300,257,0,257,557
08/23/2020,MYF,CA,AWP,WE,Towers with Radar,0,5,69,0,74,0,8,222,0,230,0,13,291,0,304,513,0,513,817
08/24/2020,MYF,CA,AWP,WE,Towers with Radar,0,3,73,3,79,0,11,196,1,208,0,14,269,4,287,321,0,321,608
08/25/2020,MYF,CA,AWP,WE,Towers with Radar,0,3,70,0,73,0,7,219,0,226,0,10,289,0,299,442,0,442,741
08/26/2020,MYF,CA,AWP,WE,Towers with Radar,0,2,82,3,87,0,3,245,4,252,0,5,327,7,339,486,0,486,825
08/27/2020,MYF,CA,AWP,WE,Towers with Radar,0,0,74,2,76,0,9,260,6,275,0,9,334,8,351,647,0,647,998
08/28/2020,MYF,CA,AWP,WE,Towers with Radar,0,3,61,0,64,0,5,278,2,285,0,8,339,2,349,581,0,581,930
08/29/2020,MYF,CA,AWP,WE,Towers with Radar,0,2,54,0,56,0,6,275,0,281,0,8,329,0,337,381,0,381,718
08/30/2020,MYF,CA,AWP,WE,Towers with Radar,0,0,52,0,52,0,4,245,1,250,0,4,297,1,302,409,0,409,711
08/31/2020,MYF,CA,AWP,WE,Towers with Radar,0,2,87,0,89,0,0,217,3,220,0,2,304,3,309,570,0,570,879
09/01/2020,MYF,CA,AWP,WE,Towers with Radar,0,2,65,1,68,0,1,237,2,240,0,3,302,3,308,693,0,693,1001
09/02/2020,MYF,CA,AWP,WE,Towers with Radar,0,12,62,0,74,0,9,287,8,304,0,21,349,8,378,570,0,570,948
09/03/2020,MYF,CA,AWP,WE,Towers with Radar,0,5,80,3,88,0,6,263,1,270,0,11,343,4,358,623,0,623,981
09/04/2020,MYF,CA,AWP,WE,Towers with Radar,0,4,66,1,71,0,4,318,3,325,0,8,384,4,396,557,0,557,953
09/05/2020,MYF,CA,AWP,WE,Towers with Radar,0,3,35,0,38,0,3,226,0,229,0,6,261,0,267,298,0,298,565
09/06/2020,MYF,CA,AWP,WE,Towers with Radar,0,0,27,0,27,0,6,150,0,156,0,6,177,0,183,383,0,383,566
09/07/2020,MYF,CA,AWP,WE,Towers with Radar,0,2,50,0,52,0,1,104,1,106,0,3,154,1,158,365,0,365,523
09/08/2020,MYF,CA,AWP,WE,Towers with Radar,0,7,95,3,105,0,1,60,2,63,0,8,155,5,168,462,0,462,630
09/09/2020,MYF,CA,AWP,WE,Towers with Radar,0,3,75,1,79,0,3,203,6,212,0,6,278,7,291,823,0,823,1114
09/10/2020,MYF,CA,AWP,WE,Towers with Radar,0,0,55,0,55,0,2,285,4,291,0,2,340,4,346,753,0,753,1099
09/11/2020,MYF,CA,AWP,WE,Towers with Radar,0,0,41,2,43,0,0,301,3,304,0,0,342,5,347,661,0,661,1008
09/12/2020,MYF,CA,AWP,WE,Towers with Radar,0,5,38,0,43,0,1,211,0,212,0,6,249,0,255,400,0,400,655
09/13/2020,MYF,CA,AWP,WE,Towers with Radar,0,3,67,0,70,0,6,151,0,157,0,9,218,0,227,462,0,462,689
09/14/2020,MYF,CA,AWP,WE,Towers with Radar,0,2,61,2,65,0,0,213,3,216,0,2,274,5,281,676,0,676,957
09/15/2020,MYF,CA,AWP,WE,Towers with Radar,0,7,71,3,81,0,2,211,2,215,0,9,282,5,296,737,0,737,1033
09/16/2020,MYF,CA,AWP,WE,Towers with Radar,0,2,88,1,91,0,2,303,2,307,0,4,391,3,398,654,0,654,1052
09/17/2020,MYF,CA,AWP,WE,Towers with Radar,0,4,64,2,70,0,11,329,6,346,0,15,393,8,416,694,0,694,1110
09/18/2020,MYF,CA,AWP,WE,Towers with Radar,0,4,63,0,67,0,14,395,1,410,0,18,458,1,477,651,0,651,1128
09/19/2020,MYF,CA,AWP,WE,Towers with Radar,0,2,50,0,52,0,9,294,1,304,0,11,344,1,356,482,0,482,838
09/20/2020,MYF,CA,AWP,WE,Towers with Radar,0,3,67,0,70,0,2,263,0,265,0,5,330,0,335,502,0,502,837
09/21/2020,MYF,CA,AWP,WE,Towers with Radar,0,10,76,0,86,0,3,265,2,270,0,13,341,2,356,554,0,554,910
09/22/2020,MYF,CA,AWP,WE,Towers with Radar,0,2,87,2,91,0,5,287,6,298,0,7,374,8,389,576,6,582,971
09/23/2020,MYF,CA,AWP,WE,Towers with Radar,0,1,66,1,68,0,3,263,8,274,0,4,329,9,342,770,0,770,1112
09/24/2020,MYF,CA,AWP,WE,Towers with Radar,0,2,57,1,60,0,13,313,5,331,0,15,370,6,391,469,0,469,860
09/25/2020,MYF,CA,AWP,WE,Towers with Radar,0,4,66,1,71,0,10,281,4,295,0,14,347,5,366,549,0,549,915
09/26/2020,MYF,CA,AWP,WE,Towers with Radar,0,2,66,1,69,0,11,291,1,303,0,13,357,2,372,379,0,379,751
09/27/2020,MYF,CA,AWP,WE,Towers with Radar,0,5,76,0,81,0,2,238,0,240,0,7,314,0,321,385,0,385,706
09/28/2020,MYF,CA,AWP,WE,Towers with Radar,0,3,63,3,69,0,2,245,1,248,0,5,308,4,317,515,0,515,832
09/29/2020,MYF,CA,AWP,WE,Towers with Radar,0,2,67,1,70,0,7,250,1,258,0,9,317,2,328,613,0,613,941
09/30/2020,MYF,CA,AWP,WE,Towers with Radar,0,0,61,7,68,0,9,272,6,287,0,9,333,13,355,590,0,590,945
10/01/2020,MYF,CA,AWP,WE,Towers with Radar,0,4,82,1,87,0,2,245,6,253,0,6,327,7,340,460,0,460,800
10/02/2020,MYF,CA,AWP,WE,Towers with Radar,0,1,62,5,68,0,14,314,9,337,0,15,376,14,405,500,0,500,905
10/03/2020,MYF,CA,AWP,WE,Towers with Radar,0,1,48,0,49,0,5,277,0,282,0,6,325,0,331,493,0,493,824
10/04/2020,MYF,CA,AWP,WE,Towers with Radar,0,4,50,0,54,0,7,248,0,255,0,11,298,0,309,570,0,570,879
10/05/2020,MYF,CA,AWP,WE,Towers with Radar,0,0,92,3,95,0,3,188,3,194,0,3,280,6,289,576,0,576,865
10/06/2020,MYF,CA,AWP,WE,Towers with Radar,0,0,58,3,61,0,3,207,3,213,0,3,265,6,274,600,2,602,876
10/07/2020,MYF,CA,AWP,WE,Towers with Radar,0,0,83,2,85,0,2,231,3,236,0,2,314,5,321,454,2,456,777
10/08/2020,MYF,CA,AWP,WE,Towers with Radar,0,1,107,5,113,0,1,230,1,232,0,2,337,6,345,733,0,733,1078
10/09/2020,MYF,CA,AWP,WE,Towers with Radar,0,3,106,7,116,0,9,246,2,257,0,12,352,9,373,840,0,840,1213
10/10/2020,MYF,CA,AWP,WE,Towers with Radar,0,5,66,0,71,0,6,232,3,241,0,11,298,3,312,576,2,578,890
10/11/2020,MYF,CA,AWP,WE,Towers with Radar,0,0,57,0,57,0,7,256,0,263,0,7,313,0,320,416,0,416,736
10/12/2020,MYF,CA,AWP,WE,Towers with Radar,0,3,58,0,61,0,4,302,3,309,0,7,360,3,370,371,0,371,741
10/13/2020,MYF,CA,AWP,WE,Towers with Radar,0,0,70,4,74,0,4,302,10,316,0,4,372,14,390,650,2,652,1042
10/14/2020,MYF,CA,AWP,WE,Towers with Radar,0,0,73,3,76,0,3,342,3,348,0,3,415,6,424,511,0,511,935
10/15/2020,MYF,CA,AWP,WE,Towers with Radar,0,2,84,3,89,0,4,321,4,329,0,6,405,7,418,561,0,561,979
10/16/2020,MYF,CA,AWP,WE,Towers with Radar,0,2,62,3,67,0,5,351,5,361,0,7,413,8,428,579,0,579,1007
10/17/2020,MYF,CA,AWP,WE,Towers with Radar,0,3,54,0,57,0,6,286,0,292,0,9,340,0,349,525,0,525,874
10/18/2020,MYF,CA,AWP,WE,Towers with Radar,0,2,68,0,70,0,1,225,0,226,0,3,293,0,296,497,0,497,793
10/19/2020,MYF,CA,AWP,WE,Towers with Radar,0,2,66,2,70,0,8,277,5,290,0,10,343,7,360,568,0,568,928
10/20/2020,MYF,CA,AWP,WE,Towers with Radar,0,0,86,0,86,0,9,308,3,320,0,9,394,3,406,466,0,466,872
10/21/2020,MYF,CA,AWP,WE,Towers with Radar,0,2,102,5,109,0,6,237,2,245,0,8,339,7,354,664,0,664,1018
10/22/2020,MYF,CA,AWP,WE,Towers with Radar,0,1,100,3,104,0,5,251,4,260,0,6,351,7,364,669,0,669,1033
10/23/2020,MYF,CA,AWP,WE,Towers with Radar,0,3,101,1,105,0,3,219,2,224,0,6,320,3,329,873,0,873,1202
10/24/2020,MYF,CA,AWP,WE,Towers with Radar,0,9,83,2,94,0,10,153,0,163,0,19,236,2,257,864,0,864,1121
10/25/2020,MYF,CA,AWP,WE,Towers with Radar,0,9,72,0,81,0,7,78,0,85,0,16,150,0,166,368,0,368,534
10/26/2020,MYF,CA,AWP,WE,Towers with Radar,0,4,44,2,50,0,2,178,4,184,0,6,222,6,234,551,0,551,785
10/27/2020,MYF,CA,AWP,WE,Towers with Radar,0,5,74,3,82,0,4,326,7,337,0,9,400,10,419,614,1,615,1034
10/28/2020,MYF,CA,AWP,WE,Towers with Radar,0,4,79,5,88,0,11,404,4,419,0,15,483,9,507,666,3,669,1176
10/29/2020,MYF,CA,AWP,WE,Towers with Radar,0,0,80,3,83,0,6,303,2,311,0,6,383,5,394,525,0,525,919
10/30/2020,MYF,CA,AWP,WE,Towers with Radar,0,3,73,1,77,0,8,336,1,345,0,11,409,2,422,482,0,482,904
10/31/2020,MYF,CA,AWP,WE,Towers with Radar,0,5,51,0,56,0,9,296,1,306,0,14,347,1,362,467,0,467,829
11/01/2020,MYF,CA,AWP,WE,Towers with Radar,0,1,63,0,64,0,8,249,1,258,0,9,312,1,322,453,0,453,775
11/02/2020,MYF,CA,AWP,WE,Towers with Radar,0,2,82,1,85,0,0,274,4,278,0,2,356,5,363,622,6,628,991
11/03/2020,MYF,CA,AWP,WE,Towers with Radar,0,0,82,1,83,0,2,241,2,245,0,2,323,3,328,540,0,540,868
11/04/2020,MYF,CA,AWP,WE,Towers with Radar,0,4,81,3,88,0,3,301,3,307,0,7,382,6,395,550,1,551,946
11/05/2020,MYF,CA,AWP,WE,Towers with Radar,0,1,80,2,83,0,9,283,2,294,0,10,363,4,377,662,1,663,1040
11/06/2020,MYF,CA,AWP,WE,Towers with Radar,0,3,82,3,88,0,9,153,2,164,0,12,235,5,252,372,0,372,624
11/07/2020,MYF,CA,AWP,WE,Towers with Radar,0,6,13,0,19,0,1,18,0,19,0,7,31,0,38,54,0,54,92
11/08/2020,MYF,CA,AWP,WE,Towers with Radar,0,0,27,0,27,0,1,14,0,15,0,1,41,0,42,129,0,129,171
11/09/2020,MYF,CA,AWP,WE,Towers with Radar,0,5,76,1,82,0,10,297,5,312,0,15,373,6,394,631,0,631,1025
11/10/2020,MYF,CA,AWP,WE,Towers with Radar,0,4,74,0,78,0,3,332,5,340,0,7,406,5,418,623,0,623,1041
11/11/2020,MYF,CA,AWP,WE,Towers with Radar,0,7,101,2,110,0,11,374,5,390,0,18,475,7,500,706,0,706,1206
11/12/2020,MYF,CA,AWP,WE,Towers with Radar,0,0,83,4,87,0,6,341,3,350,0,6,424,7,437,730,0,730,1167
11/13/2020,MYF,CA,AWP,WE,Towers with Radar,0,1,67,0,68,0,11,352,4,367,0,12,419,4,435,679,0,679,1114
11/14/2020,MYF,CA,AWP,WE,Towers with Radar,0,3,49,0,52,0,15,248,2,265,0,18,297,2,317,370,0,370,687
11/15/2020,MYF,CA,AWP,WE,Towers with Radar,0,0,55,0,55,0,7,293,0,300,0,7,348,0,355,484,0,484,839
11/16/2020,MYF,CA,AWP,WE,Towers with Radar,0,2,74,2,78,0,5,302,2,309,0,7,376,4,387,672,0,672,1059
11/17/2020,MYF,CA,AWP,WE,Towers with Radar,0,3,59,2,64,0,6,273,1,280,0,9,332,3,344,784,0,784,1128
11/18/2020,MYF,CA,AWP,WE,Towers with Radar,0,4,83,1,88,0,3,262,0,265,0,7,345,1,353,450,0,450,803
11/19/2020,MYF,CA,AWP,WE,Towers with Radar,0,9,61,0,70,0,13,290,1,304,0,22,351,1,374,470,0,470,844
11/20/2020,MYF,CA,AWP,WE,Towers with Radar,0,2,77,1,80,0,9,270,10,289,0,11,347,11,369,701,0,701,1070
11/21/2020,MYF,CA,AWP,WE,Towers with Radar,0,3,39,0,42,0,7,282,2,291,0,10,321,2,333,515,0,515,848
11/22/2020,MYF,CA,AWP,WE,Towers with Radar,0,2,60,0,62,0,13,219,1,233,0,15,279,1,295,490,0,490,785
11/23/2020,MYF,CA,AWP,WE,Towers with Radar,0,4,102,3,109,0,6,141,1,148,0,10,243,4,257,705,0,705,962
11/24/2020,MYF,CA,AWP,WE,Towers with Radar,0,0,72,0,72,0,11,355,0,366,0,11,427,0,438,710,0,710,1148
11/25/2020,MYF,CA,AWP,WE,Towers with Radar,0,0,88,1,89,0,9,252,1,262,0,9,340,2,351,535,0,535,886
11/26/2020,MYF,CA,AWP,WE,Towers with Radar,0,0,20,0,20,0,9,77,0,86,0,9,97,0,106,288,0,288,394
11/27/2020,MYF,CA,AWP,WE,Towers with Radar,0,2,41,0,43,0,16,208,2,226,0,18,249,2,269,313,0,313,582
11/28/2020,MYF,CA,AWP,WE,Towers with Radar,0,2,52,0,54,0,6,285,1,292,0,8,337,1,346,441,0,441,787
11/29/2020,MYF,CA,AWP,WE,Towers with Radar,0,2,56,0,58,0,6,262,1,269,0,8,318,1,327,541,0,541,868
11/30/2020,MYF,CA,AWP,WE,Towers with Radar,0,0,71,0,71,0,7,234,1,242,0,7,305,1,313,445,0,445,758
12/01/2020,MYF,CA,AWP,WE,Towers with Radar,0,0,57,1,58,0,7,264,3,274,0,7,321,4,332,778,0,778,1110
12/02/2020,MYF,CA,AWP,WE,Towers with Radar,0,2,59,2,63,0,2,265,3,270,0,4,324,5,333,588,0,588,921
12/03/2020,MYF,CA,AWP,WE,Towers with Radar,0,5,39,0,44,0,14,148,2,164,0,19,187,2,208,601,0,601,809
12/04/2020,MYF,CA,AWP,WE,Towers with Radar,0,1,82,1,84,0,5,340,2,347,0,6,422,3,431,597,0,597,1028
12/05/2020,MYF,CA,AWP,WE,Towers with Radar,0,2,34,0,36,0,4,311,1,316,0,6,345,1,352,482,0,482,834
12/06/2020,MYF,CA,AWP,WE,Towers with Radar,0,3,53,0,56,0,4,297,0,301,0,7,350,0,357,532,0,532,889
12/07/2020,MYF,CA,AWP,WE,Towers with Radar,0,0,61,1,62,0,9,236,2,247,0,9,297,3,309,597,0,597,906
12/08/2020,MYF,CA,AWP,WE,Towers with Radar,0,0,34,0,34,0,4,177,2,183,0,4,211,2,217,524,0,524,741
12/09/2020,MYF,CA,AWP,WE,Towers with Radar,0,13,66,3,82,0,26,292,5,323,0,39,358,8,405,596,0,596,1001
12/10/2020,MYF,CA,AWP,WE,Towers with Radar,0,3,83,3,89,0,3,178,1,182,0,6,261,4,271,603,0,603,874
12/11/2020,MYF,CA,AWP,WE,Towers with Radar,0,6,78,0,84,0,8,263,3,274,0,14,341,3,358,724,0,724,1082
12/12/2020,MYF,CA,AWP,WE,Towers with Radar,0,5,56,0,61,0,2,66,0,68,0,7,122,0,129,637,0,637,766
12/13/2020,MYF,CA,AWP,WE,Towers with Radar,0,0,43,0,43,0,14,253,2,269,0,14,296,2,312,296,0,296,608
12/14/2020,MYF,CA,AWP,WE,Towers with Radar,0,6,60,2,68,0,6,118,2,126,0,12,178,4,194,511,0,511,705
12/15/2020,MYF,CA,AWP,WE,Towers with Radar,0,1,54,2,57,0,9,281,5,295,0,10,335,7,352,616,0,616,968
12/16/2020,MYF,CA,AWP,WE,Towers with Radar,0,3,66,1,70,0,9,317,1,327,0,12,383,2,397,610,0,610,1007
12/17/2020,MYF,CA,AWP,WE,Towers with Radar,0,1,85,6,92,0,5,182,0,187,0,6,267,6,279,307,0,307,586
12/18/2020,MYF,CA,AWP,WE,Towers with Radar,0,0,60,1,61,0,10,318,1,329,0,10,378,2,390,490,0,490,880
12/19/2020,MYF,CA,AWP,WE,Towers with Radar,0,5,52,0,57,0,2,251,0,253,0,7,303,0,310,442,0,442,752
12/20/2020,MYF,CA,AWP,WE,Towers with Radar,0,1,45,3,49,0,16,200,1,217,0,17,245,4,266,280,0,280,546
12/21/2020,MYF,CA,AWP,WE,Towers with Radar,0,1,57,1,59,0,4,262,3,269,0,5,319,4,328,494,0,494,822
12/22/2020,MYF,CA,AWP,WE,Towers with Radar,0,1,54,3,58,0,6,249,6,261,0,7,303,9,319,600,0,600,919
12/23/2020,MYF,CA,AWP,WE,Towers with Radar,0,0,62,0,62,0,2,229,8,239,0,2,291,8,301,557,0,557,858
12/24/2020,MYF,CA,AWP,WE,Towers with Radar,0,6,29,0,35,0,2,90,0,92,0,8,119,0,127,171,0,171,298
12/25/2020,MYF,CA,AWP,WE,Towers with Radar,0,0,12,0,12,0,0,99,0,99,0,0,111,0,111,220,0,220,331
12/26/2020,MYF,CA,AWP,WE,Towers with Radar,0,2,37,0,39,0,6,213,4,223,0,8,250,4,262,300,0,300,562
12/27/2020,MYF,CA,AWP,WE,Towers with Radar,0,2,57,1,60,0,4,96,3,103,0,6,153,4,163,339,0,339,502
12/28/2020,MYF,CA,AWP,WE,Towers with Radar,0,2,13,0,15,0,0,21,0,21,0,2,34,0,36,225,0,225,261
12/29/2020,MYF,CA,AWP,WE,Towers with Radar,0,1,58,2,61,0,0,233,2,235,0,1,291,4,296,497,0,497,793
12/30/2020,MYF,CA,AWP,WE,Towers with Radar,0,2,66,0,68,0,4,311,2,317,0,6,377,2,385,503,0,503,888
12/31/2020,MYF,CA,AWP,WE,Towers with Radar,0,0,44,0,44,0,3,174,2,179,0,3,218,2,223,417,0,417,640
01/01/2021,MYF,CA,AWP,WE,Towers with Radar,0,3,25,0,28,0,7,146,0,153,0,10,171,0,181,158,0,158,339
01/02/2021,MYF,CA,AWP,WE,Towers with Radar,0,2,48,0,50,0,3,270,0,273,0,5,318,0,323,356,0,356,679
01/03/2021,MYF,CA,AWP,WE,Towers with Radar,0,0,46,1,47,0,3,209,0,212,0,3,255,1,259,477,0,477,736
01/04/2021,MYF,CA,AWP,WE,Towers with Radar,0,2,73,1,76,0,1,154,0,155,0,3,227,1,231,316,0,316,547
01/05/2021,MYF,CA,AWP,WE,Towers with Radar,0,4,63,0,67,0,1,155,0,156,0,5,218,0,223,345,0,345,568
01/06/2021,MYF,CA,AWP,WE,Towers with Radar,0,5,82,1,88,0,9,231,3,243,0,14,313,4,331,445,0,445,776
01/07/2021,MYF,CA,AWP,WE,Towers with Radar,0,2,74,1,77,0,8,279,3,290,0,10,353,4,367,546,0,546,913
01/08/2021,MYF,CA,AWP,WE,Towers with Radar,0,3,82,0,85,0,8,236,3,247,0,11,318,3,332,554,0,554,886
01/09/2021,MYF,CA,AWP,WE,Towers with Radar,0,2,37,0,39,0,3,262,0,265,0,5,299,0,304,468,0,468,772
01/10/2021,MYF,CA,AWP,WE,Towers with Radar,0,0,56,0,56,0,4,224,3,231,0,4,280,3,287,282,0,282,569
01/11/2021,MYF,CA,AWP,WE,Towers with Radar,0,0,78,4,82,0,6,276,11,293,0,6,354,15,375,531,0,531,906
01/12/2021,MYF,CA,AWP,WE,Towers with Radar,0,0,54,2,56,0,4,270,6,280,0,4,324,8,336,519,0,519,855
01/13/2021,MYF,CA,AWP,WE,Towers with Radar,0,0,56,2,58,0,12,293,2,307,0,12,349,4,365,596,0,596,961
01/14/2021,MYF,CA,AWP,WE,Towers with Radar,0,0,70,2,72,0,5,317,9,331,0,5,387,11,403,528,6,534,937
01/15/2021,MYF,CA,AWP,WE,Towers with Radar,0,0,45,0,45,0,9,238,2,249,0,9,283,2,294,506,0,506,800
01/16/2021,MYF,CA,AWP,WE,Towers with Radar,0,1,55,0,56,0,7,283,0,290,0,8,338,0,346,311,0,311,657
01/17/2021,MYF,CA,AWP,WE,Towers with Radar,0,2,38,0,40,0,4,267,1,272,0,6,305,1,312,406,0,406,718
01/18/2021,MYF,CA,AWP,WE,Towers with Radar,0,0,58,3,61,0,4,311,4,319,0,4,369,7,380,603,0,603,983
01/19/2021,MYF,CA,AWP,WE,Towers with Radar,0,0,29,0,29,0,3,80,9,92,0,3,109,9,121,381,0,381,502
01/20/2021,MYF,CA,AWP,WE,Towers with Radar,0,2,22,2,26,0,6,60,1,67,0,8,82,3,93,262,0,262,355
01/21/2021,MYF,CA,AWP,WE,Towers with Radar,0,1,86,3,90,0,6,356,6,368,0,7,442,9,458,711,0,711,1169
01/22/2021,MYF,CA,AWP,WE,Towers with Radar,0,9,79,2,90,0,5,64,4,73,0,14,143,6,163,806,0,806,969
01/23/2021,MYF,CA,AWP,WE,Towers with Radar,0,2,25,0,27,0,1,26,0,27,0,3,51,0,54,372,0,372,426
01/24/2021,MYF,CA,AWP,WE,Towers with Radar,0,0,34,3,37,0,0,186,0,186,0,0,220,3,223,511,0,511,734
01/25/2021,MYF,CA,AWP,WE,Towers with Radar,0,5,11,0,16,0,2,27,6,35,0,7,38,6,51,0,54,54,105
01/26/2021,MYF,CA,AWP,WE,Towers with Radar,0,4,49,2,55,0,7,313,6,326,0,11,362,8,381,747,0,747,1128
01/27/2021,MYF,CA,AWP,WE,Towers with Radar,0,1,61,2,64,0,5,303,6,314,0,6,364,8,378,733,0,733,1111
01/28/2021,MYF,CA,AWP,WE,Towers with Radar,0,2,56,1,59,0,10,255,2,267,0,12,311,3,326,682,0,682,1008
01/29/2021,MYF,CA,AWP,WE,Towers with Radar,0,0,15,0,15,0,0,18,0,18,0,0,33,0,33,77,0,77,110
01/30/2021,MYF,CA,AWP,WE,Towers with Radar,0,4,61,5,70,0,9,405,1,415,0,13,466,6,485,498,0,498,983
01/31/2021,MYF,CA,AWP,WE,Towers with Radar,0,0,58,0,58,0,19,303,1,323,0,19,361,1,381,556,0,556,937
02/01/2021,MYF,CA,AWP,WE,Towers with Radar,0,1,57,2,60,0,7,234,2,243,0,8,291,4,303,695,0,695,998
02/02/2021,MYF,CA,AWP,WE,Towers with Radar,0,3,64,2,69,0,8,335,3,346,0,11,399,5,415,609,0,609,1024
02/03/2021,MYF,CA,AWP,WE,Towers with Radar,0,1,78,5,84,0,4,181,3,188,0,5,259,8,272,471,0,471,743
02/04/2021,MYF,CA,AWP,WE,Towers with Radar,0,3,90,1,94,0,2,225,5,232,0,5,315,6,326,731,0,731,1057
02/05/2021,MYF,CA,AWP,WE,Towers with Radar,0,1,61,0,62,0,10,373,1,384,0,11,434,1,446,550,0,550,996
02/06/2021,MYF,CA,AWP,WE,Towers with Radar,0,2,52,0,54,0,5,343,0,348,0,7,395,0,402,498,0,498,900
02/07/2021,MYF,CA,AWP,WE,Towers with Radar,0,0,37,0,37,0,4,310,0,314,0,4,347,0,351,504,0,504,855
02/08/2021,MYF,CA,AWP,WE,Towers with Radar,0,5,68,2,75,0,4,173,3,180,0,9,241,5,255,559,0,559,814
02/09/2021,MYF,CA,AWP,WE,Towers with Radar,0,1,90,4,95,0,4,102,2,108,0,5,192,6,203,931,0,931,1134
02/10/2021,MYF,CA,AWP,WE,Towers with Radar,0,1,83,5,89,0,9,208,5,222,0,10,291,10,311,825,0,825,1136
02/11/2021,MYF,CA,AWP,WE,Towers with Radar,0,3,85,0,88,0,6,349,0,355,0,9,434,0,443,577,0,577,1020
02/12/2021,MYF,CA,AWP,WE,Towers with Radar,0,2,52,0,54,0,4,76,0,80,0,6,128,0,134,324,0,324,458
02/13/2021,MYF,CA,AWP,WE,Towers with Radar,0,1,29,0,30,0,1,47,0,48,0,2,76,0,78,231,0,231,309
02/14/2021,MYF,CA,AWP,WE,Towers with Radar,0,0,15,0,15,0,5,257,0,262,0,5,272,0,277,275,0,275,552
02/15/2021,MYF,CA,AWP,WE,Towers with Radar,0,2,90,0,92,0,2,237,0,239,0,4,327,0,331,172,0,172,503
02/16/2021,MYF,CA,AWP,WE,Towers with Radar,0,0,69,3,72,0,6,122,1,129,0,6,191,4,201,707,0,707,908
02/17/2021,MYF,CA,AWP,WE,Towers with Radar,0,0,70,1,71,0,5,336,4,345,0,5,406,5,416,651,0,651,1067
02/18/2021,MYF,CA,AWP,WE,Towers with Radar,0,0,56,4,60,0,19,291,2,312,0,19,347,6,372,451,0,451,823
02/19/2021,MYF,CA,AWP,WE,Towers with Radar,0,3,72,0,75,0,9,364,3,376,0,12,436,3,451,730,0,730,1181
02/20/2021,MYF,CA,AWP,WE,Towers with Radar,0,9,62,0,71,0,3,284,0,287,0,12,346,0,358,590,0,590,948
02/21/2021,MYF,CA,AWP,WE,Towers with Radar,0,0,40,1,41,0,5,277,1,283,0,5,317,2,324,319,0,319,643
02/22/2021,MYF,CA,AWP,WE,Towers with Radar,0,2,58,4,64,0,3,254,4,261,0,5,312,8,325,539,0,539,864
02/23/2021,MYF,CA,AWP,WE,Towers with Radar,0,0,59,2,61,0,4,320,2,326,0,4,379,4,387,738,0,738,1125
02/24/2021,MYF,CA,AWP,WE,Towers with Radar,0,5,61,2,68,0,7,318,6,331,0,12,379,8,399,473,2,475,874
02/25/2021,MYF,CA,AWP,WE,Towers with Radar,0,1,70,1,72,0,4,262,3,269,0,5,332,4,341,639,2,641,982
02/26/2021,MYF,CA,AWP,WE,Towers with Radar,0,2,73,1,76,0,4,319,2,325,0,6,392,3,401,599,0,599,1000
02/27/2021,MYF,CA,AWP,WE,Towers with Radar,0,2,60,1,63,0,20,291,0,311,0,22,351,1,374,561,0,561,935
02/28/2021,MYF,CA,AWP,WE,Towers with Radar,0,0,44,0,44,0,10,218,1,229,0,10,262,1,273,434,0,434,707
03/01/2021,MYF,CA,AWP,WE,Towers with Radar,0,2,37,1,40,0,26,299,6,331,0,28,336,7,371,614,4,618,989
03/02/2021,MYF,CA,AWP,WE,Towers with Radar,0,1,56,2,59,0,12,291,6,309,0,13,347,8,368,510,0,510,878
03/03/2021,MYF,CA,AWP,WE,Towers with Radar,0,0,29,2,31,0,1,6,1,8,0,1,35,3,39,47,0,47,86
03/04/2021,MYF,CA,AWP,WE,Towers with Radar,0,2,49,1,52,0,4,324,8,336,0,6,373,9,388,599,2,601,989
03/05/2021,MYF,CA,AWP,WE,Towers with Radar,0,2,68,0,70,0,12,350,3,365,0,14,418,3,435,646,0,646,1081
03/06/2021,MYF,CA,AWP,WE,Towers with Radar,0,2,72,0,74,1,11,299,1,312,1,13,371,1,386,428,0,428,814
03/07/2021,MYF,CA,AWP,WE,Towers with Radar,0,2,72,0,74,0,7,110,2,119,0,9,182,2,193,595,0,595,788
03/08/2021,MYF,CA,AWP,WE,Towers with Radar,0,2,79,4,85,0,3,117,2,122,0,5,196,6,207,740,2,742,949
03/09/2021,MYF,CA,AWP,WE,Towers with Radar,0,5,76,3,84,0,5,120,2,127,0,10,196,5,211,823,0,823,1034
03/10/2021,MYF,CA,AWP,WE,Towers with Radar,0,4,29,1,34,0,2,45,1,48,0,6,74,2,82,285,0,285,367
03/11/2021,MYF,CA,AWP,WE,Towers with Radar,0,4,30,2,36,0,0,135,5,140,0,4,165,7,176,650,0,650,826
03/12/2021,MYF,CA,AWP,WE,Towers with Radar,0,2,50,2,54,0,2,249,1,252,0,4,299,3,306,700,0,700,1006
03/13/2021,MYF,CA,AWP,WE,Towers with Radar,0,8,83,1,92,0,4,162,2,168,0,12,245,3,260,524,0,524,784
03/14/2021,MYF,CA,AWP,WE,Towers with Radar,0,2,82,0,84,0,2,193,0,195,0,4,275,0,279,766,0,766,1045
03/15/2021,MYF,CA,AWP,WE,Towers with Radar,0,2,47,0,49,0,2,27,1,30,0,4,74,1,79,167,0,167,246
03/16/2021,MYF,CA,AWP,WE,Towers with Radar,0,1,71,0,72,0,3,304,3,310,0,4,375,3,382,750,0,750,1132
03/17/2021,MYF,CA,AWP,WE,Towers with Radar,0,0,71,0,71,0,8,363,0,371,0,8,434,0,442,628,0,628,1070
03/18/2021,MYF,CA,AWP,WE,Towers with Radar,0,4,93,0,97,0,9,298,3,310,0,13,391,3,407,633,0,633,1040
03/19/2021,MYF,CA,AWP,WE,Towers with Radar,0,5,70,1,76,0,6,335,0,341,0,11,405,1,417,574,0,574,991
03/20/2021,MYF,CA,AWP,WE,Towers with Radar,0,4,81,3,88,0,9,168,2,179,0,13,249,5,267,405,0,405,672
03/21/2021,MYF,CA,AWP,WE,Towers with Radar,0,4,66,0,70,0,7,290,0,297,0,11,356,0,367,424,0,424,791
03/22/2021,MYF,CA,AWP,WE,Towers with Radar,0,4,63,4,71,0,7,289,4,300,0,11,352,8,371,546,0,546,917
03/23/2021,MYF,CA,AWP,WE,Towers with Radar,0,3,72,8,83,0,10,106,2,118,0,13,178,10,201,596,0,596,797
03/24/2021,MYF,CA,AWP,WE,Towers with Radar,0,6,62,2,70,0,15,326,4,345,0,21,388,6,415,425,2,427,842
03/25/2021,MYF,CA,AWP,WE,Towers with Radar,0,2,70,5,77,0,2,44,1,47,0,4,114,6,124,290,0,290,414
03/26/2021,MYF,CA,AWP,WE,Towers with Radar,0,6,61,4,71,0,23,232,6,261,0,29,293,10,332,881,0,881,1213
03/27/2021,MYF,CA,AWP,WE,Towers with Radar,0,2,57,0,59,0,3,324,0,327,0,5,381,0,386,410,1,411,797
03/28/2021,MYF,CA,AWP,WE,Towers with Radar,0,0,39,0,39,0,6,305,0,311,0,6,344,0,350,392,0,392,742
03/29/2021,MYF,CA,AWP,WE,Towers with Radar,0,0,58,1,59,0,7,266,6,279,0,7,324,7,338,579,2,581,919
03/30/2021,MYF,CA,AWP,WE,Towers with Radar,0,0,66,5,71,0,14,302,4,320,0,14,368,9,391,560,0,560,951
03/31/2021,MYF,CA,AWP,WE,Towers with Radar,0,0,55,2,57,0,13,295,6,314,0,13,350,8,371,829,0,829,1200
04/01/2021,MYF,CA,AWP,WE,Towers with Radar,0,2,60,3,65,0,0,340,3,343,0,2,400,6,408,699,1,700,1108
04/02/2021,MYF,CA,AWP,WE,Towers with Radar,0,4,75,5,84,0,5,283,3,291,0,9,358,8,375,511,0,511,886
04/03/2021,MYF,CA,AWP,WE,Towers with Radar,0,3,47,0,50,0,3,260,0,263,0,6,307,0,313,334,0,334,647
04/04/2021,MYF,CA,AWP,WE,Towers with Radar,0,2,29,0,31,0,9,184,0,193,0,11,213,0,224,441,1,442,666
04/05/2021,MYF,CA,AWP,WE,Towers with Radar,0,0,67,3,70,0,8,252,1,261,0,8,319,4,331,498,0,498,829
04/06/2021,MYF,CA,AWP,WE,Towers with Radar,0,0,65,1,66,0,1,327,5,333,0,1,392,6,399,554,5,559,958
04/07/2021,MYF,CA,AWP,WE,Towers with Radar,0,2,63,4,69,0,5,352,6,363,0,7,415,10,432,758,0,758,1190
04/08/2021,MYF,CA,AWP,WE,Towers with Radar,0,3,59,2,64,0,5,357,3,365,0,8,416,5,429,506,0,506,935
04/09/2021,MYF,CA,AWP,WE,Towers with Radar,0,3,81,1,85,0,12,318,3,333,0,15,399,4,418,473,0,473,891
04/10/2021,MYF,CA,AWP,WE,Towers with Radar,0,3,51,0,54,0,18,293,2,313,0,21,344,2,367,415,0,415,782
04/11/2021,MYF,CA,AWP,WE,Towers with Radar,0,1,50,1,52,0,1,220,2,223,0,2,270,3,275,706,0,706,981
04/12/2021,MYF,CA,AWP,WE,Towers with Radar,0,1,73,3,77,0,9,265,2,276,0,10,338,5,353,778,0,778,1131
04/13/2021,MYF,CA,AWP,WE,Towers with Radar,0,3,87,5,95,0,7,54,1,62,0,10,141,6,157,639,0,639,796
04/14/2021,MYF,CA,AWP,WE,Towers with Radar,0,4,86,2,92,0,6,194,0,200,0,10,280,2,292,811,0,811,1103
04/15/2021,MYF,CA,AWP,WE,Towers with Radar,0,14,86,0,100,0,5,294,4,303,0,19,380,4,403,510,0,510,913
04/16/2021,MYF,CA,AWP,WE,Towers with Radar,0,1,66,0,67,0,3,280,0,283,0,4,346,0,350,595,0,595,945
04/17/2021,MYF,CA,AWP,WE,Towers with Radar,0,4,43,0,47,0,7,322,0,329,0,11,365,0,376,458,0,458,834
04/18/2021,MYF,CA,AWP,WE,Towers with Radar,0,0,45,0,45,0,5,238,0,243,0,5,283,0,288,357,0,357,645
04/19/2021,MYF,CA,AWP,WE,Towers with Radar,0,5,52,1,58,0,7,323,5,335,0,12,375,6,393,671,0,671,1064
04/20/2021,MYF,CA,AWP,WE,Towers with Radar,0,0,55,2,57,0,0,298,0,298,0,0,353,2,355,420,2,422,777
04/21/2021,MYF,CA,AWP,WE,Towers with Radar,0,3,87,2,92,0,9,78,1,88,0,12,165,3,180,387,0,387,567
04/22/2021,MYF,CA,AWP,WE,Towers with Radar,0,4,72,2,78,0,2,59,4,65,0,6,131,6,143,636,0,636,779
04/23/2021,MYF,CA,AWP,WE,Towers with Radar,0,4,96,4,104,0,2,159,0,161,0,6,255,4,265,942,0,942,1207
04/24/2021,MYF,CA,AWP,WE,Towers with Radar,0,2,68,0,70,0,6,236,0,242,0,8,304,0,312,672,0,672,984
04/25/2021,MYF,CA,AWP,WE,Towers with Radar,0,3,53,0,56,0,13,239,1,253,0,16,292,1,309,623,0,623,932
04/26/2021,MYF,CA,AWP,WE,Towers with Radar,0,1,40,1,42,0,0,29,2,31,0,1,69,3,73,197,0,197,270
04/27/2021,MYF,CA,AWP,WE,Towers with Radar,0,2,71,2,75,0,5,299,7,311,0,7,370,9,386,736,0,736,1122
04/28/2021,MYF,CA,AWP,WE,Towers with Radar,0,2,55,1,58,0,11,360,10,381,0,13,415,11,439,625,2,627,1066
04/29/2021,MYF,CA,AWP,WE,Towers with Radar,0,2,72,2,76,0,13,355,4,372,0,15,427,6,448,623,0,623,1071
04/30/2021,MYF,CA,AWP,WE,Towers with Radar,0,2,63,1,66,0,7,371,3,381,0,9,434,4,447,694,0,694,1141
05/01/2021,MYF,CA,AWP,WE,Towers with Radar,0,2,52,0,54,0,9,226,0,235,0,11,278,0,289,414,0,414,703
05/02/2021,MYF,CA,AWP,WE,Towers with Radar,0,12,54,1,67,0,12,31,1,44,0,24,85,2,111,98,0,98,209
05/03/2021,MYF,CA,AWP,WE,Towers with Radar,0,2,53,3,58,0,3,261,2,266,0,5,314,5,324,765,0,765,1089
05/04/2021,MYF,CA,AWP,WE,Towers with Radar,0,2,63,1,66,0,6,296,7,309,0,8,359,8,375,665,1,666,1041
05/05/2021,MYF,CA,AWP,WE,Towers with Radar,0,1,70,1,72,0,20,220,4,244,0,21,290,5,316,607,0,607,923
05/06/2021,MYF,CA,AWP,WE,Towers with Radar,0,2,83,2,87,0,14,202,6,222,0,16,285,8,309,824,0,824,1133
05/07/2021,MYF,CA,AWP,WE,Towers with Radar,0,7,72,1,80,0,9,333,2,344,0,16,405,3,424,690,0,690,1114
05/08/2021,MYF,CA,AWP,WE,Towers with Radar,0,2,61,1,64,0,10,269,2,281,0,12,330,3,345,687,0,687,1032
05/09/2021,MYF,CA,AWP,WE,Towers with Radar,0,0,48,0,48,0,5,156,2,163,0,5,204,2,211,325,0,325,536
05/10/2021,MYF,CA,AWP,WE,Towers with Radar,0,0,78,6,84,0,3,183,4,190,0,3,261,10,274,729,0,729,1003
05/11/2021,MYF,CA,AWP,WE,Towers with Radar,0,6,61,2,69,0,11,213,7,231,0,17,274,9,300,722,1,723,1023
05/12/2021,MYF,CA,AWP,WE,Towers with Radar,0,5,92,3,100,0,6,185,1,192,0,11,277,4,292,600,0,600,892
05/13/2021,MYF,CA,AWP,WE,Towers with Radar,0,5,82,1,88,0,20,178,2,200,0,25,260,3,288,586,0,586,874
05/14/2021,MYF,CA,AWP,WE,Towers with Radar,0,3,73,2,78,0,14,191,3,208,0,17,264,5,286,551,0,551,837
05/15/2021,MYF,CA,AWP,WE,Towers with Radar,0,3,76,1,80,0,6,157,1,164,0,9,233,2,244,605,0,605,849
05/16/2021,MYF,CA,AWP,WE,Towers with Radar,0,4,64,0,68,0,10,40,1,51,0,14,104,1,119,327,0,327,446
05/17/2021,MYF,CA,AWP,WE,Towers with Radar,0,4,90,2,96,0,4,67,0,71,0,8,157,2,167,551,0,551,718
05/18/2021,MYF,CA,AWP,WE,Towers with Radar,0,2,81,3,86,0,16,183,3,202,0,18,264,6,288,737,0,737,1025
05/19/2021,MYF,CA,AWP,WE,Towers with Radar,0,4,95,3,102,0,8,257,5,270,0,12,352,8,372,469,0,469,841
05/20/2021,MYF,CA,AWP,WE,Towers with Radar,0,5,105,2,112,0,7,68,0,75,0,12,173,2,187,418,0,418,605
05/21/2021,MYF,CA,AWP,WE,Towers with Radar,0,3,59,4,66,0,7,130,3,140,0,10,189,7,206,488,0,488,694
05/22/2021,MYF,CA,AWP,WE,Towers with Radar,0,3,52,0,55,0,5,237,0,242,0,8,289,0,297,509,0,509,806
05/23/2021,MYF,CA,AWP,WE,Towers with Radar,0,1,43,0,44,0,8,288,0,296,0,9,331,0,340,610,0,610,950
05/24/2021,MYF,CA,AWP,WE,Towers with Radar,0,3,53,1,57,0,3,325,5,333,0,6,378,6,390,479,3,482,872
05/25/2021,MYF,CA,AWP,WE,Towers with Radar,0,7,45,0,52,0,12,298,6,316,0,19,343,6,368,498,0,498,866
05/26/2021,MYF,CA,AWP,WE,Towers with Radar,0,3,72,1,76,0,7,269,1,277,0,10,341,2,353,618,0,618,971
05/27/2021,MYF,CA,AWP,WE,Towers with Radar,0,3,87,1,91,0,14,296,2,312,0,17,383,3,403,531,0,531,934
05/28/2021,MYF,CA,AWP,WE,Towers with Radar,0,3,73,4,80,0,5,349,3,357,0,8,422,7,437,822,0,822,1259
05/29/2021,MYF,CA,AWP,WE,Towers with Radar,0,3,44,0,47,0,0,174,1,175,0,3,218,1,222,408,0,408,630
05/30/2021,MYF,CA,AWP,WE,Towers with Radar,0,1,53,0,54,0,4,112,0,116,0,5,165,0,170,161,0,161,331
05/31/2021,MYF,CA,AWP,WE,Towers with Radar,0,7,61,0,68,0,11,180,3,194,0,18,241,3,262,331,0,331,593
06/01/2021,MYF,CA,AWP,WE,Towers with Radar,0,1,62,5,68,0,6,254,2,262,0,7,316,7,330,477,0,477,807
06/02/2021,MYF,CA,AWP,WE,Towers with Radar,0,5,67,4,76,0,12,201,2,215,0,17,268,6,291,406,0,406,697
06/03/2021,MYF,CA,AWP,WE,Towers with Radar,0,3,90,3,96,0,3,290,4,297,0,6,380,7,393,651,0,651,1044
06/04/2021,MYF,CA,AWP,WE,Towers with Radar,0,1,67,1,69,0,10,291,3,304,0,11,358,4,373,590,0,590,963
06/05/2021,MYF,CA,AWP,WE,Towers with Radar,0,1,58,0,59,0,1,271,1,273,0,2,329,1,332,425,0,425,757
06/06/2021,MYF,CA,AWP,WE,Towers with Radar,0,1,64,0,65,0,8,176,0,184,0,9,240,0,249,472,0,472,721
06/07/2021,MYF,CA,AWP,WE,Towers with Radar,0,1,80,3,84,0,2,55,7,64,0,3,135,10,148,335,0,335,483
06/08/2021,MYF,CA,AWP,WE,Towers with Radar,0,1,69,6,76,0,21,238,4,263,0,22,307,10,339,569,0,569,908
06/09/2021,MYF,CA,AWP,WE,Towers with Radar,0,11,57,0,68,0,8,279,7,294,0,19,336,7,362,682,0,682,1044
06/10/2021,MYF,CA,AWP,WE,Towers with Radar,0,1,58,1,60,0,9,307,6,322,0,10,365,7,382,466,0,466,848
06/11/2021,MYF,CA,AWP,WE,Towers with Radar,0,5,58,1,64,0,10,326,1,337,0,15,384,2,401,607,0,607,1008
06/12/2021,MYF,CA,AWP,WE,Towers with Radar,0,5,56,0,61,0,4,294,0,298,0,9,350,0,359,480,0,480,839
06/13/2021,MYF,CA,AWP,WE,Towers with Radar,0,4,63,0,67,0,7,234,0,241,0,11,297,0,308,477,0,477,785
06/14/2021,MYF,CA,AWP,WE,Towers with Radar,0,0,67,2,69,0,4,221,8,233,0,4,288,10,302,430,3,433,735
06/15/2021,MYF,CA,AWP,WE,Towers with Radar,0,5,45,1,51,0,1,279,6,286,0,6,324,7,337,492,0,492,829
06/16/2021,MYF,CA,AWP,WE,Towers with Radar,0,4,49,5,58,0,10,238,10,258,0,14,287,15,316,574,0,574,890
06/17/2021,MYF,CA,AWP,WE,Towers with Radar,0,1,70,1,72,0,1,228,1,230,0,2,298,2,302,361,0,361,663
06/18/2021,MYF,CA,AWP,WE,Towers with Radar,0,1,81,5,87,0,7,195,4,206,0,8,276,9,293,491,0,491,784
06/19/2021,MYF,CA,AWP,WE,Towers with Radar,0,5,61,0,66,0,6,258,2,266,0,11,319,2,332,612,0,612,944
06/20/2021,MYF,CA,AWP,WE,Towers with Radar,0,5,65,0,70,0,2,140,2,144,0,7,205,2,214,194,0,194,408
06/21/2021,MYF,CA,AWP,WE,Towers with Radar,0,5,53,1,59,0,14,242,5,261,0,19,295,6,320,387,0,387,707
06/22/2021,MYF,CA,AWP,WE,Towers with Radar,0,2,82,3,87,0,12,231,4,247,0,14,313,7,334,499,0,499,833
06/23/2021,MYF,CA,AWP,WE,Towers with Radar,0,1,50,2,53,0,10,130,3,143,0,11,180,5,196,508,0,508,704
06/24/2021,MYF,CA,AWP,WE,Towers with Radar,0,5,90,5,100,0,19,244,5,268,0,24,334,10,368,569,0,569,937
06/25/2021,MYF,CA,AWP,WE,Towers with Radar,0,12,93,2,107,0,9,196,3,208,0,21,289,5,315,588,0,588,903
06/26/2021,MYF,CA,AWP,WE,Towers with Radar,0,8,63,0,71,0,6,245,2,253,0,14,308,2,324,448,0,448,772
06/27/2021,MYF,CA,AWP,WE,Towers with Radar,0,1,70,0,71,0,9,194,0,203,0,10,264,0,274,337,0,337,611
06/28/2021,MYF,CA,AWP,WE,Towers with Radar,0,6,92,4,102,0,7,145,3,155,0,13,237,7,257,404,0,404,661
06/29/2021,MYF,CA,AWP,WE,Towers with Radar,0,4,105,4,113,0,5,106,2,113,0,9,211,6,226,341,0,341,567
06/30/2021,MYF,CA,AWP,WE,Towers with Radar,0,2,81,3,86,0,15,219,5,239,0,17,300,8,325,505,0,505,830
07/01/2021,MYF,CA,AWP,WE,Towers with Radar,0,9,66,2,77,0,9,264,1,274,0,18,330,3,351,624,0,624,975
07/02/2021,MYF,CA,AWP,WE,Towers with Radar,0,2,73,2,77,0,6,261,0,267,0,8,334,2,344,612,0,612,956
07/03/2021,MYF,CA,AWP,WE,Towers with Radar,0,1,41,0,42,0,4,198,0,202,0,5,239,0,244,332,0,332,576
07/04/2021,MYF,CA,AWP,WE,Towers with Radar,0,1,31,1,33,0,1,87,0,88,0,2,118,1,121,176,0,176,297
07/05/2021,MYF,CA,AWP,WE,Towers with Radar,0,4,62,0,66,0,4,199,0,203,0,8,261,0,269,342,0,342,611
07/06/2021,MYF,CA,AWP,WE,Towers with Radar,0,4,67,2,73,0,6,261,4,271,0,10,328,6,344,426,0,426,770
07/07/2021,MYF,CA,AWP,WE,Towers with Radar,0,7,61,1,69,0,3,249,1,253,0,10,310,2,322,616,0,616,938
07/08/2021,MYF,CA,AWP,WE,Towers with Radar,0,1,70,1,72,0,7,274,1,282,0,8,344,2,354,642,0,642,996
07/09/2021,MYF,CA,AWP,WE,Towers with Radar,0,3,56,0,59,0,3,282,0,285,0,6,338,0,344,520,0,520,864
07/10/2021,MYF,CA,AWP,WE,Towers with Radar,0,2,41,0,43,0,8,263,0,271,0,10,304,0,314,482,0,482,796
07/11/2021,MYF,CA,AWP,WE,Towers with Radar,0,2,49,0,51,0,8,240,0,248,0,10,289,0,299,310,0,310,609
07/12/2021,MYF,CA,AWP,WE,Towers with Radar,0,3,74,2,79,0,2,155,0,157,0,5,229,2,236,419,0,419,655
07/13/2021,MYF,CA,AWP,WE,Towers with Radar,0,0,52,1,53,0,11,207,3,221,0,11,259,4,274,627,1,628,902
07/14/2021,MYF,CA,AWP,WE,Towers with Radar,0,4,67,1,72,0,3,240,1,244,0,7,307,2,316,524,6,530,846
07/15/2021,MYF,CA,AWP,WE,Towers with Radar,0,2,74,2,78,0,18,278,2,298,0,20,352,4,376,567,0,567,943
07/16/2021,MYF,CA,AWP,WE,Towers with Radar,0,3,63,1,67,0,2,256,1,259,0,5,319,2,326,384,0,384,710
07/17/2021,MYF,CA,AWP,WE,Towers with Radar,0,3,60,0,63,0,21,230,0,251,0,24,290,0,314,306,0,306,620
07/18/2021,MYF,CA,AWP,WE,Towers with Radar,0,2,45,0,47,0,5,208,0,213,0,7,253,0,260,384,0,384,644
07/19/2021,MYF,CA,AWP,WE,Towers with Radar,0,2,53,2,57,0,6,214,5,225,0,8,267,7,282,409,0,409,691
07/20/2021,MYF,CA,AWP,WE,Towers with Radar,0,0,57,1,58,0,6,265,1,272,0,6,322,2,330,541,0,541,871
07/21/2021,MYF,CA,AWP,WE,Towers with Radar,0,2,54,2,58,0,6,265,2,273,0,8,319,4,331,572,0,572,903
07/22/2021,MYF,CA,AWP,WE,Towers with Radar,0,1,82,3,86,0,0,169,2,171,0,1,251,5,257,341,0,341,598
07/23/2021,MYF,CA,AWP,WE,Towers with Radar,0,3,58,0,61,0,7,200,0,207,0,10,258,0,268,346,0,346,614
07/24/2021,MYF,CA,AWP,WE,Towers with Radar,0,4,62,0,66,0,7,193,1,201,0,11,255,1,267,339,0,339,606
07/25/2021,MYF,CA,AWP,WE,Towers with Radar,0,3,50,0,53,0,2,133,0,135,0,5,183,0,188,534,0,534,722
07/26/2021,MYF,CA,AWP,WE,Towers with Radar,0,3,82,2,87,0,0,18,1,19,0,3,100,3,106,49,0,49,155
07/27/2021,MYF,CA,AWP,WE,Towers with Radar,0,1,68,2,71,0,3,186,1,190,0,4,254,3,261,531,0,531,792
07/28/2021,MYF,CA,AWP,WE,Towers with Radar,0,5,53,1,59,0,8,298,3,309,0,13,351,4,368,618,1,619,987
07/29/2021,MYF,CA,AWP,WE,Towers with Radar,0,0,51,1,52,0,9,239,3,251,0,9,290,4,303,703,0,703,1006
07/30/2021,MYF,CA,AWP,WE,Towers with Radar,0,4,57,2,63,0,8,214,4,226,0,12,271,6,289,542,0,542,831
07/31/2021,MYF,CA,AWP,WE,Towers with Radar,0,3,42,1,46,0,4,255,1,260,0,7,297,2,306,310,0,310,616
08/01/2021,MYF,CA,AWP,WE,Towers with Radar,0,2,62,1,65,0,8,250,0,258,0,10,312,1,323,369,0,369,692
08/02/2021,MYF,CA,AWP,WE,Towers with Radar,0,1,51,1,53,0,4,225,1,230,0,5,276,2,283,464,0,464,747
08/03/2021,MYF,CA,AWP,WE,Towers with Radar,0,0,48,1,49,0,11,281,5,297,0,11,329,6,346,545,0,545,891
08/04/2021,MYF,CA,AWP,WE,Towers with Radar,0,3,55,1,59,0,15,255,1,271,0,18,310,2,330,397,0,397,727
08/05/2021,MYF,CA,AWP,WE,Towers with Radar,0,1,73,0,74,0,13,242,0,255,0,14,315,0,329,371,0,371,700
08/06/2021,MYF,CA,AWP,WE,Towers with Radar,0,10,76,2,88,0,6,173,0,179,0,16,249,2,267,219,0,219,486
08/07/2021,MYF,CA,AWP,WE,Towers with Radar,0,3,53,0,56,0,12,229,0,241,0,15,282,0,297,311,0,311,608
08/08/2021,MYF,CA,AWP,WE,Towers with Radar,0,5,71,0,76,0,3,151,0,154,0,8,222,0,230,264,0,264,494
08/09/2021,MYF,CA,AWP,WE,Towers with Radar,0,2,62,1,65,0,12,238,3,253,0,14,300,4,318,601,0,601,919
08/10/2021,MYF,CA,AWP,WE,Towers with Radar,0,3,54,1,58,0,8,212,2,222,0,11,266,3,280,494,2,496,776
08/11/2021,MYF,CA,AWP,WE,Towers with Radar,0,1,58,2,61,0,3,298,2,303,0,4,356,4,364,608,0,608,972
08/12/2021,MYF,CA,AWP,WE,Towers with Radar,0,0,53,1,54,0,0,263,2,265,0,0,316,3,319,650,0,650,969
08/13/2021,MYF,CA,AWP,WE,Towers with Radar,0,3,56,1,60,0,7,264,3,274,0,10,320,4,334,488,0,488,822
08/14/2021,MYF,CA,AWP,WE,Towers with Radar,0,2,57,0,59,0,2,280,0,282,0,4,337,0,341,470,0,470,811
08/15/2021,MYF,CA,AWP,WE,Towers with Radar,0,1,46,0,47,0,8,235,0,243,0,9,281,0,290,384,0,384,674
08/16/2021,MYF,CA,AWP,WE,Towers with Radar,0,2,68,2,72,0,13,215,3,231,0,15,283,5,303,322,0,322,625
08/17/2021,MYF,CA,AWP,WE,Towers with Radar,0,0,95,3,98,0,7,198,7,212,0,7,293,10,310,440,0,440,750
08/18/2021,MYF,CA,AWP,WE,Towers with Radar,0,6,98,2,106,0,9,62,4,75,0,15,160,6,181,618,0,618,799
08/19/2021,MYF,CA,AWP,WE,Towers with Radar,0,1,106,1,108,0,5,183,5,193,0,6,289,6,301,713,0,713,1014
08/20/2021,MYF,CA,AWP,WE,Towers with Radar,0,4,103,1,108,0,7,124,0,131,0,11,227,1,239,808,0,808,1047
08/21/2021,MYF,CA,AWP,WE,Towers with Radar,0,2,77,0,79,0,2,69,0,71,0,4,146,0,150,421,0,421,571
08/22/2021,MYF,CA,AWP,WE,Towers with Radar,0,4,96,0,100,0,10,82,0,92,0,14,178,0,192,405,0,405,597
08/23/2021,MYF,CA,AWP,WE,Towers with Radar,0,5,71,2,78,0,2,175,0,177,0,7,246,2,255,614,0,614,869
08/24/2021,MYF,CA,AWP,WE,Towers with Radar,0,0,59,0,59,0,5,252,6,263,0,5,311,6,322,630,0,630,952
08/25/2021,MYF,CA,AWP,WE,Towers with Radar,0,1,78,2,81,0,10,313,2,325,0,11,391,4,406,742,2,744,1150
08/26/2021,MYF,CA,AWP,WE,Towers with Radar,0,0,74,4,78,0,17,289,2,308,0,17,363,6,386,680,0,680,1066
08/27/2021,MYF,CA,AWP,WE,Towers with Radar,0,3,66,2,71,0,4,284,2,290,0,7,350,4,361,482,0,482,843
08/28/2021,MYF,CA,AWP,WE,Towers with Radar,0,0,48,0,48,0,1,212,0,213,0,1,260,0,261,275,0,275,536
08/29/2021,MYF,CA,AWP,WE,Towers with Radar,0,2,65,0,67,0,3,196,0,199,0,5,261,0,266,327,0,327,593
08/30/2021,MYF,CA,AWP,WE,Towers with Radar,0,0,71,3,74,0,20,141,2,163,0,20,212,5,237,476,0,476,713
08/31/2021,MYF,CA,AWP,WE,Towers with Radar,0,0,90,4,94,0,7,53,2,62,0,7,143,6,156,368,0,368,524
09/01/2021,MYF,CA,AWP,WE,Towers with Radar,0,0,99,3,102,0,9,173,1,183,0,9,272,4,285,855,0,855,1140
09/02/2021,MYF,CA,AWP,WE,Towers with Radar,0,4,83,4,91,0,13,269,2,284,0,17,352,6,375,614,0,614,989
09/03/2021,MYF,CA,AWP,WE,Towers with Radar,0,6,75,0,81,0,15,254,0,269,0,21,329,0,350,369,0,369,719
09/04/2021,MYF,CA,AWP,WE,Towers with Radar,0,3,57,0,60,0,3,246,0,249,0,6,303,0,309,342,0,342,651
09/05/2021,MYF,CA,AWP,WE,Towers with Radar,0,2,42,0,44,0,20,276,0,296,0,22,318,0,340,438,0,438,778
09/06/2021,MYF,CA,AWP,WE,Towers with Radar,0,2,62,2,66,0,7,205,2,214,0,9,267,4,280,236,0,236,516
09/07/2021,MYF,CA,AWP,WE,Towers with Radar,0,0,77,3,80,0,2,203,6,211,0,2,280,9,291,388,0,388,679
09/08/2021,MYF,CA,AWP,WE,Towers with Radar,0,2,75,2,79,0,20,241,5,266,0,22,316,7,345,434,0,434,779
09/09/2021,MYF,CA,AWP,WE,Towers with Radar,0,2,55,3,60,0,7,280,4,291,0,9,335,7,351,524,0,524,875
09/10/2021,MYF,CA,AWP,WE,Towers with Radar,0,2,60,1,63,0,12,262,4,278,0,14,322,5,341,572,0,572,913
09/11/2021,MYF,CA,AWP,WE,Towers with Radar,0,4,36,0,40,0,11,268,0,279,0,15,304,0,319,392,0,392,711
09/12/2021,MYF,CA,AWP,WE,Towers with Radar,0,2,64,0,66,0,6,223,0,229,0,8,287,0,295,342,0,342,637
09/13/2021,MYF,CA,AWP,WE,Towers with Radar,0,0,63,2,65,0,7,215,4,226,0,7,278,6,291,420,0,420,711
09/14/2021,MYF,CA,AWP,WE,Towers with Radar,0,3,62,1,66,0,10,232,3,245,0,13,294,4,311,479,0,479,790
09/15/2021,MYF,CA,AWP,WE,Towers with Radar,0,4,65,2,71,0,9,306,4,319,0,13,371,6,390,496,4,500,890
09/16/2021,MYF,CA,AWP,WE,Towers with Radar,0,8,72,1,81,0,9,318,1,328,0,17,390,2,409,490,0,490,899
09/17/2021,MYF,CA,AWP,WE,Towers with Radar,0,5,95,0,100,0,4,306,0,310,0,9,401,0,410,594,0,594,1004
09/18/2021,MYF,CA,AWP,WE,Towers with Radar,0,1,66,0,67,0,13,257,0,270,0,14,323,0,337,274,0,274,611
09/19/2021,MYF,CA,AWP,WE,Towers with Radar,1,3,64,0,68,0,6,186,0,192,1,9,250,0,260,336,0,336,596
09/20/2021,MYF,CA,AWP,WE,Towers with Radar,0,0,62,2,64,0,21,236,2,259,0,21,298,4,323,622,0,622,945
09/21/2021,MYF,CA,AWP,WE,Towers with Radar,0,0,61,3,64,0,8,274,2,284,0,8,335,5,348,534,0,534,882
09/22/2021,MYF,CA,AWP,WE,Towers with Radar,0,1,76,6,83,0,12,324,2,338,0,13,400,8,421,411,0,411,832
09/23/2021,MYF,CA,AWP,WE,Towers with Radar,0,1,75,0,76,0,9,261,1,271,0,10,336,1,347,479,0,479,826
09/24/2021,MYF,CA,AWP,WE,Towers with Radar,0,1,65,0,66,0,8,131,2,141,0,9,196,2,207,246,0,246,453
09/25/2021,MYF,CA,AWP,WE,Towers with Radar,0,5,84,1,90,0,12,191,3,206,0,17,275,4,296,321,0,321,617
09/26/2021,MYF,CA,AWP,WE,Towers with Radar,0,8,89,1,98,0,8,39,0,47,0,16,128,1,145,303,0,303,448
09/27/2021,MYF,CA,AWP,WE,Towers with Radar,0,16,117,3,136,0,3,14,0,17,0,19,131,3,153,39,0,39,192
09/28/2021,MYF,CA,AWP,WE,Towers with Radar,0,2,93,2,97,0,11,148,0,159,0,13,241,2,256,798,0,798,1054
09/29/2021,MYF,CA,AWP,WE,Towers with Radar,0,0,63,1,64,0,27,382,7,416,0,27,445,8,480,709,24,733,1213
09/30/2021,MYF,CA,AWP,WE,Towers with Radar,0,1,64,0,65,0,3,318,0,321,0,4,382,0,386,443,0,443,829
10/01/2021,MYF,CA,AWP,WE,Towers with Radar,0,3,65,0,68,0,18,346,0,364,0,21,411,0,432,668,0,668,1100
10/02/2021,MYF,CA,AWP,WE,Towers with Radar,0,1,45,0,46,0,4,267,0,271,0,5,312,0,317,441,0,441,758
10/03/2021,MYF,CA,AWP,WE,Towers with Radar,0,1,48,0,49,0,5,216,0,221,0,6,264,0,270,419,0,419,689
10/04/2021,MYF,CA,AWP,WE,Towers with Radar,0,2,38,1,41,0,7,187,2,196,0,9,225,3,237,389,0,389,626
10/05/2021,MYF,CA,AWP,WE,Towers with Radar,0,1,65,2,68,0,1,192,5,198,0,2,257,7,266,672,0,672,938
10/06/2021,MYF,CA,AWP,WE,Towers with Radar,0,6,102,2,110,0,6,98,3,107,0,12,200,5,217,768,0,768,985
10/07/2021,MYF,CA,AWP,WE,Towers with Radar,0,2,112,4,118,0,8,104,3,115,0,10,216,7,233,779,0,779,1012
10/08/2021,MYF,CA,AWP,WE,Towers with Radar,0,2,86,3,91,0,5,71,1,77,0,7,157,4,168,410,0,410,578
10/09/2021,MYF,CA,AWP,WE,Towers with Radar,0,2,51,0,53,0,13,327,2,342,0,15,378,2,395,544,0,544,939
10/10/2021,MYF,CA,AWP,WE,Towers with Radar,0,2,41,0,43,0,17,267,0,284,0,19,308,0,327,501,0,501,828
10/11/2021,MYF,CA,AWP,WE,Towers with Radar,0,0,61,2,63,0,1,38,0,39,0,1,99,2,102,313,0,313,415
10/12/2021,MYF,CA,AWP,WE,Towers with Radar,0,9,69,3,81,0,10,300,4,314,0,19,369,7,395,492,0,492,887
10/13/2021,MYF,CA,AWP,WE,Towers with Radar,0,6,55,4,65,0,8,310,3,321,0,14,365,7,386,550,0,550,936
10/14/2021,MYF,CA,AWP,WE,Towers with Radar,0,3,85,2,90,0,9,337,7,353,0,12,422,9,443,711,0,711,1154
10/15/2021,MYF,CA,AWP,WE,Towers with Radar,0,2,66,2,70,0,7,288,2,297,0,9,354,4,367,541,0,541,908
10/16/2021,MYF,CA,AWP,WE,Towers with Radar,0,2,35,1,38,0,7,259,0,266,0,9,294,1,304,529,0,529,833
10/17/2021,MYF,CA,AWP,WE,Towers with Radar,0,2,56,0,58,0,5,223,1,229,0,7,279,1,287,360,0,360,647
10/18/2021,MYF,CA,AWP,WE,Towers with Radar,0,4,73,2,79,0,4,56,0,60,0,8,129,2,139,321,0,321,460
10/19/2021,MYF,CA,AWP,WE,Towers with Radar,0,0,54,3,57,0,9,326,3,338,0,9,380,6,395,666,0,666,1061
10/20/2021,MYF,CA,AWP,WE,Towers with Radar,0,2,63,1,66,0,9,336,1,346,0,11,399,2,412,604,0,604,1016
10/21/2021,MYF,CA,AWP,WE,Towers with Radar,0,1,49,0,50,0,11,335,4,350,0,12,384,4,400,542,0,542,942
10/22/2021,MYF,CA,AWP,WE,Towers with Radar,0,6,100,3,109,0,17,191,2,210,0,23,291,5,319,382,0,382,701
10/23/2021,MYF,CA,AWP,WE,Towers with Radar,0,6,62,0,68,0,3,108,1,112,0,9,170,1,180,287,0,287,467
10/24/2021,MYF,CA,AWP,WE,Towers with Radar,0,2,55,0,57,0,11,252,3,266,0,13,307,3,323,419,0,419,742
10/25/2021,MYF,CA,AWP,WE,Towers with Radar,0,1,53,2,56,0,1,20,0,21,0,2,73,2,77,331,0,331,408
10/26/2021,MYF,CA,AWP,WE,Towers with Radar,0,0,81,1,82,0,12,254,4,270,0,12,335,5,352,562,0,562,914
10/27/2021,MYF,CA,AWP,WE,Towers with Radar,0,5,56,1,62,0,13,326,4,343,0,18,382,5,405,632,0,632,1037
10/28/2021,MYF,CA,AWP,WE,Towers with Radar,0,3,53,1,57,0,14,354,4,372,0,17,407,5,429,614,0,614,1043
10/29/2021,MYF,CA,AWP,WE,Towers with Radar,0,1,79,1,81,0,16,332,5,353,0,17,411,6,434,563,0,563,997
10/30/2021,MYF,CA,AWP,WE,Towers with Radar,0,10,65,0,75,0,12,202,1,215,0,22,267,1,290,287,0,287,577
10/31/2021,MYF,CA,AWP,WE,Towers with Radar,0,1,60,0,61,0,4,147,0,151,0,5,207,0,212,342,0,342,554
11/01/2021,MYF,CA,AWP,WE,Towers with Radar,0,0,94,2,96,0,13,163,0,176,0,13,257,2,272,393,0,393,665
11/02/2021,MYF,CA,AWP,WE,Towers with Radar,0,3,89,2,94,0,18,197,1,216,0,21,286,3,310,462,0,462,772
11/03/2021,MYF,CA,AWP,WE,Towers with Radar,0,3,59,3,65,0,17,256,5,278,0,20,315,8,343,511,0,511,854
11/04/2021,MYF,CA,AWP,WE,Towers with Radar,0,2,73,3,78,0,22,254,3,279,0,24,327,6,357,714,0,714,1071
11/05/2021,MYF,CA,AWP,WE,Towers with Radar,0,4,68,2,74,0,15,203,0,218,0,19,271,2,292,378,0,378,670
11/06/2021,MYF,CA,AWP,WE,Towers with Radar,0,5,64,2,71,0,11,247,0,258,0,16,311,2,329,478,0,478,807
11/07/2021,MYF,CA,AWP,WE,Towers with Radar,0,4,76,0,80,0,5,250,0,255,0,9,326,0,335,432,0,432,767
11/08/2021,MYF,CA,AWP,WE,Towers with Radar,0,3,73,1,77,0,14,232,2,248,0,17,305,3,325,497,0,497,822
11/09/2021,MYF,CA,AWP,WE,Towers with Radar,0,2,63,3,68,0,13,293,1,307,0,15,356,4,375,628,0,628,1003
11/10/2021,MYF,CA,AWP,WE,Towers with Radar,0,6,75,1,82,0,12,310,1,323,0,18,385,2,405,692,0,692,1097
11/11/2021,MYF,CA,AWP,WE,Towers with Radar,0,1,73,1,75,0,19,318,4,341,0,20,391,5,416,617,0,617,1033
11/12/2021,MYF,CA,AWP,WE,Towers with Radar,0,4,64,0,68,0,25,368,2,395,0,29,432,2,463,693,0,693,1156
11/13/2021,MYF,CA,AWP,WE,Towers with Radar,0,3,46,0,49,0,11,358,1,370,0,14,404,1,419,477,0,477,896
11/14/2021,MYF,CA,AWP,WE,Towers with Radar,0,1,54,0,55,0,7,324,0,331,0,8,378,0,386,517,0,517,903
11/15/2021,MYF,CA,AWP,WE,Towers with Radar,0,0,58,1,59,0,12,282,3,297,0,12,340,4,356,572,2,574,930
11/16/2021,MYF,CA,AWP,WE,Towers with Radar,0,0,74,0,74,0,1,232,6,239,0,1,306,6,313,537,0,537,850
11/17/2021,MYF,CA,AWP,WE,Towers with Radar,0,5,75,3,83,0,15,330,8,353,0,20,405,11,436,584,0,584,1020
11/18/2021,MYF,CA,AWP,WE,Towers with Radar,0,1,94,5,100,0,14,195,4,213,0,15,289,9,313,475,0,475,788
11/19/2021,MYF,CA,AWP,WE,Towers with Radar,0,3,76,2,81,0,9,236,1,246,0,12,312,3,327,631,0,631,958
11/20/2021,MYF,CA,AWP,WE,Towers with Radar,0,3,64,0,67,0,17,276,2,295,0,20,340,2,362,440,0,440,802
11/21/2021,MYF,CA,AWP,WE,Towers with Radar,0,0,55,0,55,0,7,278,2,287,0,7,333,2,342,469,0,469,811
11/22/2021,MYF,CA,AWP,WE,Towers with Radar,0,6,55,1,62,0,9,283,4,296,0,15,338,5,358,633,0,633,991
11/23/2021,MYF,CA,AWP,WE,Towers with Radar,0,6,83,4,93,0,12,277,10,299,0,18,360,14,392,633,2,635,1027
11/24/2021,MYF,CA,AWP,WE,Towers with Radar,0,5,64,0,69,0,8,303,1,312,0,13,367,1,381,614,0,614,995
11/25/2021,MYF,CA,AWP,WE,Towers with Radar,0,3,11,0,14,0,4,64,0,68,0,7,75,0,82,287,0,287,369
11/26/2021,MYF,CA,AWP,WE,Towers with Radar,0,5,33,0,38,0,17,208,4,229,0,22,241,4,267,641,0,641,908
11/27/2021,MYF,CA,AWP,WE,Towers with Radar,0,1,33,0,34,0,15,302,2,319,0,16,335,2,353,526,0,526,879
11/28/2021,MYF,CA,AWP,WE,Towers with Radar,0,7,48,0,55,0,7,279,0,286,0,14,327,0,341,446,0,446,787
11/29/2021,MYF,CA,AWP,WE,Towers with Radar,0,1,58,1,60,0,5,271,7,283,0,6,329,8,343,727,0,727,1070
11/30/2021,MYF,CA,AWP,WE,Towers with Radar,0,4,55,1,60,0,8,235,3,246,0,12,290,4,306,562,0,562,868
12/01/2021,MYF,CA,AWP,WE,Towers with Radar,0,4,72,2,78,0,9,254,4,267,0,13,326,6,345,581,0,581,926
12/02/2021,MYF,CA,AWP,WE,Towers with Radar,0,1,80,1,82,0,10,189,3,202,0,11,269,4,284,539,0,539,823
12/03/2021,MYF,CA,AWP,WE,Towers with Radar,0,3,83,6,92,0,24,192,7,223,0,27,275,13,315,456,0,456,771
12/04/2021,MYF,CA,AWP,WE,Towers with Radar,0,4,105,0,109,0,8,171,1,180,0,12,276,1,289,301,0,301,590
12/05/2021,MYF,CA,AWP,WE,Towers with Radar,0,2,73,0,75,0,4,236,0,240,0,6,309,0,315,405,0,405,720
12/06/2021,MYF,CA,AWP,WE,Towers with Radar,0,1,63,2,66,0,4,156,4,164,0,5,219,6,230,460,0,460,690
12/07/2021,MYF,CA,AWP,WE,Towers with Radar,0,4,77,0,81,0,13,48,0,61,0,17,125,0,142,496,0,496,638
12/08/2021,MYF,CA,AWP,WE,Towers with Radar,0,1,85,1,87,0,5,308,6,319,0,6,393,7,406,884,0,884,1290
12/09/2021,MYF,CA,AWP,WE,Towers with Radar,0,1,67,0,68,0,5,18,2,25,0,6,85,2,93,158,0,158,251
12/10/2021,MYF,CA,AWP,WE,Towers with Radar,0,4,67,0,71,0,5,255,1,261,0,9,322,1,332,812,0,812,1144
12/11/2021,MYF,CA,AWP,WE,Towers with Radar,0,0,51,0,51,0,18,383,0,401,0,18,434,0,452,283,0,283,735
12/12/2021,MYF,CA,AWP,WE,Towers with Radar,0,4,58,1,63,0,5,306,1,312,0,9,364,2,375,403,0,403,778
12/13/2021,MYF,CA,AWP,WE,Towers with Radar,0,0,75,3,78,0,2,86,2,90,0,2,161,5,168,501,0,501,669
12/14/2021,MYF,CA,AWP,WE,Towers with Radar,0,1,18,0,19,0,0,5,0,5,0,1,23,0,24,3,0,3,27
12/15/2021,MYF,CA,AWP,WE,Towers with Radar,0,6,85,3,94,0,25,329,2,356,0,31,414,5,450,456,0,456,906
12/16/2021,MYF,CA,AWP,WE,Towers with Radar,0,3,76,2,81,0,5,268,3,276,0,8,344,5,357,552,0,552,909
12/17/2021,MYF,CA,AWP,WE,Towers with Radar,0,1,56,1,58,0,8,350,1,359,0,9,406,2,417,523,0,523,940
12/18/2021,MYF,CA,AWP,WE,Towers with Radar,0,4,49,0,53,0,14,286,0,300,0,18,335,0,353,508,0,508,861
12/19/2021,MYF,CA,AWP,WE,Towers with Radar,0,0,40,0,40,0,11,265,0,276,0,11,305,0,316,368,0,368,684
12/20/2021,MYF,CA,AWP,WE,Towers with Radar,0,2,65,2,69,0,11,233,2,246,0,13,298,4,315,400,0,400,715
12/21/2021,MYF,CA,AWP,WE,Towers with Radar,0,4,47,1,52,0,5,203,3,211,0,9,250,4,263,497,0,497,760
12/22/2021,MYF,CA,AWP,WE,Towers with Radar,0,0,50,1,51,0,7,245,4,256,0,7,295,5,307,485,0,485,792
12/23/2021,MYF,CA,AWP,WE,Towers with Radar,0,4,40,0,44,0,1,74,0,75,0,5,114,0,119,686,0,686,805
12/24/2021,MYF,CA,AWP,WE,Towers with Radar,0,4,20,0,24,0,0,17,0,17,0,4,37,0,41,90,0,90,131
12/25/2021,MYF,CA,AWP,WE,Towers with Radar,0,5,14,0,19,0,0,22,0,22,0,5,36,0,41,88,0,88,129
12/26/2021,MYF,CA,AWP,WE,Towers with Radar,0,4,50,0,54,0,9,151,0,160,0,13,201,0,214,251,0,251,465
12/27/2021,MYF,CA,AWP,WE,Towers with Radar,0,2,33,0,35,0,7,55,1,63,0,9,88,1,98,328,0,328,426
12/28/2021,MYF,CA,AWP,WE,Towers with Radar,0,0,26,0,26,0,0,49,0,49,0,0,75,0,75,341,0,341,416
12/29/2021,MYF,CA,AWP,WE,Towers with Radar,0,8,25,0,33,0,0,25,0,25,0,8,50,0,58,126,0,126,184
12/30/2021,MYF,CA,AWP,WE,Towers with Radar,0,4,32,0,36,0,3,76,0,79,0,7,108,0,115,410,0,410,525
12/31/2021,MYF,CA,AWP,WE,Towers with Radar,0,3,56,0,59,0,0,84,0,84,0,3,140,0,143,427,0,427,570
01/01/2022,MYF,CA,AWP,WE,Towers with Radar,0,1,21,0,22,0,7,174,1,182,0,8,195,1,204,157,0,157,361
01/02/2022,MYF,CA,AWP,WE,Towers with Radar,0,3,57,0,60,0,8,256,0,264,0,11,313,0,324,374,0,374,698
01/03/2022,MYF,CA,AWP,WE,Towers with Radar,0,3,49,0,52,0,4,246,0,250,0,7,295,0,302,411,2,413,715
01/04/2022,MYF,CA,AWP,WE,Towers with Radar,0,5,67,2,74,0,5,265,6,276,0,10,332,8,350,472,0,472,822
01/05/2022,MYF,CA,AWP,WE,Towers with Radar,0,0,54,3,57,0,7,261,3,271,0,7,315,6,328,623,0,623,951
01/06/2022,MYF,CA,AWP,WE,Towers with Radar,0,1,75,1,77,0,10,278,3,291,0,11,353,4,368,487,0,487,855
01/07/2022,MYF,CA,AWP,WE,Towers with Radar,0,3,90,0,93,0,6,58,0,64,0,9,148,0,157,252,0,252,409
01/08/2022,MYF,CA,AWP,WE,Towers with Radar,0,4,60,0,64,0,18,182,0,200,0,22,242,0,264,491,0,491,755
01/09/2022,MYF,CA,AWP,WE,Towers with Radar,0,3,48,0,51,0,9,312,0,321,0,12,360,0,372,501,0,501,873
01/10/2022,MYF,CA,AWP,WE,Towers with Radar,0,5,30,2,37,0,2,270,2,274,0,7,300,4,311,524,0,524,835
01/11/2022,MYF,CA,AWP,WE,Towers with Radar,0,2,56,2,60,0,2,287,4,293,0,4,343,6,353,487,0,487,840
01/12/2022,MYF,CA,AWP,WE,Towers with Radar,0,4,63,2,69,0,3,280,3,286,0,7,343,5,355,498,0,498,853
01/13/2022,MYF,CA,AWP,WE,Towers with Radar,0,0,70,3,73,0,2,257,7,266,0,2,327,10,339,593,0,593,932
01/14/2022,MYF,CA,AWP,WE,Towers with Radar,0,1,63,1,65,0,9,292,2,303,0,10,355,3,368,611,0,611,979
01/15/2022,MYF,CA,AWP,WE,Towers with Radar,0,4,44,0,48,0,3,169,1,173,0,7,213,1,221,355,0,355,576
01/16/2022,MYF,CA,AWP,WE,Towers with Radar,0,3,49,0,52,0,4,279,0,283,0,7,328,0,335,438,0,438,773
01/17/2022,MYF,CA,AWP,WE,Towers with Radar,0,2,68,2,72,0,2,185,4,191,0,4,253,6,263,722,0,722,985
01/18/2022,MYF,CA,AWP,WE,Towers with Radar,0,2,104,2,108,0,0,64,1,65,0,2,168,3,173,424,0,424,597
01/19/2022,MYF,CA,AWP,WE,Towers with Radar,0,0,84,3,87,0,5,228,4,237,0,5,312,7,324,644,3,647,971
01/20/2022,MYF,CA,AWP,WE,Towers with Radar,0,0,57,1,58,0,3,313,4,320,0,3,370,5,378,482,0,482,860
01/21/2022,MYF,CA,AWP,WE,Towers with Radar,0,1,70,2,73,0,12,337,0,349,0,13,407,2,422,495,10,505,927
01/22/2022,MYF,CA,AWP,WE,Towers with Radar,0,1,37,0,38,0,11,254,0,265,0,12,291,0,303,661,0,661,964
01/23/2022,MYF,CA,AWP,WE,Towers with Radar,0,3,69,0,72,0,2,278,0,280,0,5,347,0,352,438,0,438,790
01/24/2022,MYF,CA,AWP,WE,Towers with Radar,0,0,72,3,75,0,6,268,2,276,0,6,340,5,351,733,10,743,1094
01/25/2022,MYF,CA,AWP,WE,Towers with Radar,0,1,63,2,66,0,4,236,3,243,0,5,299,5,309,442,0,442,751
01/26/2022,MYF,CA,AWP,WE,Towers with Radar,0,0,72,2,74,0,3,318,4,325,0,3,390,6,399,824,0,824,1223
01/27/2022,MYF,CA,AWP,WE,Towers with Radar,0,3,92,0,95,0,8,304,7,319,0,11,396,7,414,645,0,645,1059
01/28/2022,MYF,CA,AWP,WE,Towers with Radar,0,2,83,2,87,0,2,314,5,321,0,4,397,7,408,920,0,920,1328
01/29/2022,MYF,CA,AWP,WE,Towers with Radar,0,0,59,0,59,0,6,319,0,325,0,6,378,0,384,568,0,568,952
01/30/2022,MYF,CA,AWP,WE,Towers with Radar,0,0,54,0,54,0,11,293,0,304,0,11,347,0,358,433,0,433,791
01/31/2022,MYF,CA,AWP,WE,Towers with Radar,0,3,76,0,79,0,8,236,6,250,0,11,312,6,329,431,0,431,760
02/01/2022,MYF,CA,AWP,WE,Towers with Radar,0,6,96,2,104,0,4,123,0,127,0,10,219,2,231,514,0,514,745
02/02/2022,MYF,CA,AWP,WE,Towers with Radar,0,6,39,2,47,0,3,267,4,274,0,9,306,6,321,706,0,706,1027
02/03/2022,MYF,CA,AWP,WE,Towers with Radar,0,1,66,1,68,0,2,327,3,332,0,3,393,4,400,536,0,536,936
02/04/2022,MYF,CA,AWP,WE,Towers with Radar,0,7,59,0,66,0,5,292,0,297,0,12,351,0,363,817,0,817,1180
02/05/2022,MYF,CA,AWP,WE,Towers with Radar,0,6,61,4,71,0,15,396,0,411,0,21,457,4,482,417,0,417,899
02/06/2022,MYF,CA,AWP,WE,Towers with Radar,0,3,55,1,59,0,8,271,0,279,0,11,326,1,338,476,0,476,814
02/07/2022,MYF,CA,AWP,WE,Towers with Radar,0,4,58,1,63,0,3,292,3,298,0,7,350,4,361,120,0,120,481
02/08/2022,MYF,CA,AWP,WE,Towers with Radar,0,0,51,1,52,0,4,345,4,353,0,4,396,5,405,42,0,42,447
02/09/2022,MYF,CA,AWP,WE,Towers with Radar,0,4,71,1,76,0,1,217,4,222,0,5,288,5,298,362,2,364,662
02/10/2022,MYF,CA,AWP,WE,Towers with Radar,0,6,42,1,49,0,6,147,5,158,0,12,189,6,207,298,3,301,508
02/11/2022,MYF,CA,AWP,WE,Towers with Radar,0,3,73,2,78,0,10,332,3,345,0,13,405,5,423,745,0,745,1168
02/12/2022,MYF,CA,AWP,WE,Towers with Radar,0,3,59,0,62,0,6,321,0,327,0,9,380,0,389,576,0,576,965
02/13/2022,MYF,CA,AWP,WE,Towers with Radar,0,4,37,0,41,0,5,222,0,227,0,9,259,0,268,501,0,501,769
02/14/2022,MYF,CA,AWP,WE,Towers with Radar,0,1,54,1,56,0,15,259,4,278,0,16,313,5,334,501,0,501,835
02/15/2022,MYF,CA,AWP,WE,Towers with Radar,0,1,50,1,52,0,1,23,1,25,0,2,73,2,77,45,0,45,122
02/16/2022,MYF,CA,AWP,WE,Towers with Radar,0,2,67,1,70,0,9,290,5,304,0,11,357,6,374,554,0,554,928
02/17/2022,MYF,CA,AWP,WE,Towers with Radar,0,3,61,1,65,0,18,279,1,298,0,21,340,2,363,526,0,526,889
02/18/2022,MYF,CA,AWP,WE,Towers with Radar,0,0,79,0,79,0,9,396,3,408,0,9,475,3,487,629,0,629,1116
02/19/2022,MYF,CA,AWP,WE,Towers with Radar,0,3,47,0,50,0,3,357,0,360,0,6,404,0,410,424,0,424,834
02/20/2022,MYF,CA,AWP,WE,Towers with Radar,0,0,86,0,86,0,8,201,3,212,0,8,287,3,298,377,0,377,675
02/21/2022,MYF,CA,AWP,WE,Towers with Radar,0,5,81,0,86,0,2,70,0,72,0,7,151,0,158,488,0,488,646
02/22/2022,MYF,CA,AWP,WE,Towers with Radar,0,4,41,1,46,0,6,50,3,59,0,10,91,4,105,379,0,379,484
02/23/2022,MYF,CA,AWP,WE,Towers with Radar,0,7,39,1,47,0,3,50,4,57,0,10,89,5,104,71,0,71,175
02/24/2022,MYF,CA,AWP,WE,Towers with Radar,0,5,89,1,95,0,9,361,6,376,0,14,450,7,471,758,0,758,1229
02/25/2022,MYF,CA,AWP,WE,Towers with Radar,0,4,73,2,79,0,15,405,6,426,0,19,478,8,505,589,0,589,1094
02/26/2022,MYF,CA,AWP,WE,Towers with Radar,0,3,58,0,61,0,13,348,1,362,0,16,406,1,423,589,0,589,1012
02/27/2022,MYF,CA,AWP,WE,Towers with Radar,0,0,65,1,66,0,2,301,0,303,0,2,366,1,369,513,0,513,882
02/28/2022,MYF,CA,AWP,WE,Towers with Radar,0,1,68,2,71,0,4,259,2,265,0,5,327,4,336,565,0,565,901
03/01/2022,MYF,CA,AWP,WE,Towers with Radar,0,2,72,1,75,0,12,304,1,317,0,14,376,2,392,587,0,587,979
03/02/2022,MYF,CA,AWP,WE,Towers with Radar,0,2,71,0,73,0,8,319,3,330,0,10,390,3,403,886,0,886,1289
03/03/2022,MYF,CA,AWP,WE,Towers with Radar,0,2,88,1,91,0,6,134,3,143,0,8,222,4,234,275,0,275,509
03/04/2022,MYF,CA,AWP,WE,Towers with Radar,0,3,35,0,38,0,0,60,0,60,0,3,95,0,98,475,0,475,573
03/05/2022,MYF,CA,AWP,WE,Towers with Radar,0,3,44,0,47,0,4,99,0,103,0,7,143,0,150,385,0,385,535
03/06/2022,MYF,CA,AWP,WE,Towers with Radar,0,2,84,0,86,0,2,260,0,262,0,4,344,0,348,769,0,769,1117
03/07/2022,MYF,CA,AWP,WE,Towers with Radar,0,1,54,1,56,0,7,295,2,304,0,8,349,3,360,569,0,569,929
03/08/2022,MYF,CA,AWP,WE,Towers with Radar,0,1,70,0,71,0,2,335,1,338,0,3,405,1,409,637,0,637,1046
03/09/2022,MYF,CA,AWP,WE,Towers with Radar,0,2,65,3,70,0,19,318,1,338,0,21,383,4,408,640,0,640,1048
03/10/2022,MYF,CA,AWP,WE,Towers with Radar,0,9,82,4,95,0,5,181,2,188,0,14,263,6,283,771,0,771,1054
03/11/2022,MYF,CA,AWP,WE,Towers with Radar,0,3,68,1,72,0,12,370,5,387,0,15,438,6,459,728,0,728,1187
03/12/2022,MYF,CA,AWP,WE,Towers with Radar,0,2,43,0,45,0,21,358,0,379,0,23,401,0,424,676,0,676,1100
03/13/2022,MYF,CA,AWP,WE,Towers with Radar,0,2,51,0,53,0,13,230,1,244,0,15,281,1,297,322,2,324,621
03/14/2022,MYF,CA,AWP,WE,Towers with Radar,0,5,59,1,65,0,12,271,4,287,0,17,330,5,352,653,0,653,1005
03/15/2022,MYF,CA,AWP,WE,Towers with Radar,0,3,71,1,75,0,12,299,7,318,0,15,370,8,393,654,0,654,1047
03/16/2022,MYF,CA,AWP,WE,Towers with Radar,0,6,87,4,97,0,17,223,5,245,0,23,310,9,342,651,0,651,993
03/17/2022,MYF,CA,AWP,WE,Towers with Radar,0,4,78,5,87,0,14,346,5,365,0,18,424,10,452,639,0,639,1091
03/18/2022,MYF,CA,AWP,WE,Towers with Radar,0,7,87,1,95,0,17,366,4,387,0,24,453,5,482,766,0,766,1248
03/19/2022,MYF,CA,AWP,WE,Towers with Radar,0,4,71,0,75,0,2,178,1,181,0,6,249,1,256,421,0,421,677
03/20/2022,MYF,CA,AWP,WE,Towers with Radar,0,5,71,0,76,0,1,123,0,124,0,6,194,0,200,256,0,256,456
03/21/2022,MYF,CA,AWP,WE,Towers with Radar,0,1,63,1,65,0,9,261,1,271,0,10,324,2,336,704,2,706,1042
03/22/2022,MYF,CA,AWP,WE,Towers with Radar,0,0,74,1,75,0,3,283,4,290,0,3,357,5,365,689,0,689,1054
03/23/2022,MYF,CA,AWP,WE,Towers with Radar,0,5,75,1,81,0,6,297,1,304,0,11,372,2,385,953,0,953,1338
03/24/2022,MYF,CA,AWP,WE,Towers with Radar,0,0,66,4,70,0,3,342,2,347,0,3,408,6,417,701,0,701,1118
03/25/2022,MYF,CA,AWP,WE,Towers with Radar,0,1,69,1,71,0,0,317,1,318,0,1,386,2,389,738,0,738,1127
03/26/2022,MYF,CA,AWP,WE,Towers with Radar,0,4,62,0,66,0,8,200,1,209,0,12,262,1,275,430,0,430,705
03/27/2022,MYF,CA,AWP,WE,Towers with Radar,0,1,83,0,84,0,6,190,0,196,0,7,273,0,280,548,0,548,828
03/28/2022,MYF,CA,AWP,WE,Towers with Radar,0,1,29,0,30,0,3,16,2,21,0,4,45,2,51,46,0,46,97
03/29/2022,MYF,CA,AWP,WE,Towers with Radar,0,3,82,4,89,0,12,121,2,135,0,15,203,6,224,606,0,606,830
03/30/2022,MYF,CA,AWP,WE,Towers with Radar,0,3,107,4,114,0,6,262,5,273,0,9,369,9,387,621,0,621,1008
03/31/2022,MYF,CA,AWP,WE,Towers with Radar,0,2,111,3,116,0,5,54,2,61,0,7,165,5,177,596,0,596,773
04/01/2022,MYF,CA,AWP,WE,Towers with Radar,0,6,98,2,106,0,13,235,0,248,0,19,333,2,354,840,0,840,1194
04/02/2022,MYF,CA,AWP,WE,Towers with Radar,0,5,92,2,99,0,8,15,0,23,0,13,107,2,122,51,0,51,173
04/03/2022,MYF,CA,AWP,WE,Towers with Radar,0,8,121,0,129,0,5,31,0,36,0,13,152,0,165,121,0,121,286
04/04/2022,MYF,CA,AWP,WE,Towers with Radar,0,3,65,3,71,0,15,253,6,274,0,18,318,9,345,826,0,826,1171
04/05/2022,MYF,CA,AWP,WE,Towers with Radar,0,5,77,2,84,0,11,295,1,307,0,16,372,3,391,527,0,527,918
04/06/2022,MYF,CA,AWP,WE,Towers with Radar,0,3,78,5,86,0,19,335,2,356,0,22,413,7,442,671,0,671,1113
04/07/2022,MYF,CA,AWP,WE,Towers with Radar,0,4,40,2,46,0,12,251,2,265,0,16,291,4,311,795,4,799,1110
04/08/2022,MYF,CA,AWP,WE,Towers with Radar,0,2,58,1,61,0,3,283,2,288,0,5,341,3,349,584,0,584,933
04/09/2022,MYF,CA,AWP,WE,Towers with Radar,0,2,56,0,58,0,2,252,0,254,0,4,308,0,312,243,0,243,555
04/10/2022,MYF,CA,AWP,WE,Towers with Radar,0,4,111,0,115,0,3,61,0,64,0,7,172,0,179,576,0,576,755
04/11/2022,MYF,CA,AWP,WE,Towers with Radar,0,5,62,2,69,0,3,120,3,126,0,8,182,5,195,534,0,534,729
04/12/2022,MYF,CA,AWP,WE,Towers with Radar,0,1,57,1,59,0,10,267,2,279,0,11,324,3,338,640,0,640,978
04/13/2022,MYF,CA,AWP,WE,Towers with Radar,0,6,50,2,58,0,8,355,2,365,0,14,405,4,423,653,0,653,1076
04/14/2022,MYF,CA,AWP,WE,Towers with Radar,0,0,76,6,82,0,18,382,9,409,0,18,458,15,491,689,0,689,1180
04/15/2022,MYF,CA,AWP,WE,Towers with Radar,0,2,64,2,68,0,6,312,4,322,0,8,376,6,390,671,0,671,1061
04/16/2022,MYF,CA,AWP,WE,Towers with Radar,0,6,71,2,79,0,7,183,1,191,0,13,254,3,270,484,0,484,754
04/17/2022,MYF,CA,AWP,WE,Towers with Radar,0,6,57,0,63,0,5,178,0,183,0,11,235,0,246,432,0,432,678
04/18/2022,MYF,CA,AWP,WE,Towers with Radar,0,2,59,2,63,0,13,239,7,259,0,15,298,9,322,674,2,676,998
04/19/2022,MYF,CA,AWP,WE,Towers with Radar,0,4,80,1,85,0,1,303,4,308,0,5,383,5,393,714,0,714,1107
04/20/2022,MYF,CA,AWP,WE,Towers with Radar,0,4,79,2,85,0,11,339,1,351,0,15,418,3,436,874,0,874,1310
04/21/2022,MYF,CA,AWP,WE,Towers with Radar,0,2,77,0,79,0,9,319,2,330,0,11,396,2,409,605,0,605,1014
04/22/2022,MYF,CA,AWP,WE,Towers with Radar,0,1,45,1,47,0,6,93,5,104,0,7,138,6,151,547,0,547,698
04/23/2022,MYF,CA,AWP,WE,Towers with Radar,0,3,58,0,61,0,15,321,0,336,0,18,379,0,397,494,0,494,891
04/24/2022,MYF,CA,AWP,WE,Towers with Radar,0,2,50,0,52,0,7,273,0,280,0,9,323,0,332,627,0,627,959
04/25/2022,MYF,CA,AWP,WE,Towers with Radar,0,4,60,2,66,0,14,302,6,322,0,18,362,8,388,440,0,440,828
04/26/2022,MYF,CA,AWP,WE,Towers with Radar,0,1,69,1,71,0,10,324,5,339,0,11,393,6,410,656,0,656,1066
04/27/2022,MYF,CA,AWP,WE,Towers with Radar,0,3,75,6,84,0,5,222,5,232,0,8,297,11,316,645,0,645,961
04/28/2022,MYF,CA,AWP,WE,Towers with Radar,0,2,83,2,87,0,11,151,3,165,0,13,234,5,252,688,0,688,940
04/29/2022,MYF,CA,AWP,WE,Towers with Radar,0,4,68,0,72,0,7,374,1,382,0,11,442,1,454,668,0,668,1122
04/30/2022,MYF,CA,AWP,WE,Towers with Radar,0,3,48,0,51,0,5,359,1,365,0,8,407,1,416,581,0,581,997
05/01/2022,MYF,CA,AWP,WE,Towers with Radar,0,2,76,0,78,0,3,80,0,83,0,5,156,0,161,158,0,158,319
05/02/2022,MYF,CA,AWP,WE,Towers with Radar,0,0,59,1,60,0,16,200,3,219,0,16,259,4,279,590,0,590,869
05/03/2022,MYF,CA,AWP,WE,Towers with Radar,0,0,88,1,89,0,9,154,1,164,0,9,242,2,253,592,0,592,845
05/04/2022,MYF,CA,AWP,WE,Towers with Radar,0,0,65,3,68,0,5,337,5,347,0,5,402,8,415,653,0,653,1068
05/05/2022,MYF,CA,AWP,WE,Towers with Radar,0,2,68,3,73,0,8,300,1,309,0,10,368,4,382,595,0,595,977
05/06/2022,MYF,CA,AWP,WE,Towers with Radar,0,3,61,0,64,0,10,310,3,323,0,13,371,3,387,708,0,708,1095
05/07/2022,MYF,CA,AWP,WE,Towers with Radar,0,3,53,0,56,0,2,210,0,212,0,5,263,0,268,598,0,598,866
05/08/2022,MYF,CA,AWP,WE,Towers with Radar,0,7,68,0,75,0,10,64,0,74,0,17,132,0,149,566,0,566,715
05/09/2022,MYF,CA,AWP,WE,Towers with Radar,0,3,68,2,73,0,6,233,4,243,0,9,301,6,316,597,0,597,913
05/10/2022,MYF,CA,AWP,WE,Towers with Radar,0,0,63,1,64,0,12,261,9,282,0,12,324,10,346,794,0,794,1140
05/11/2022,MYF,CA,AWP,WE,Towers with Radar,0,0,57,2,59,0,9,293,5,307,0,9,350,7,366,755,1,756,1122
05/12/2022,MYF,CA,AWP,WE,Towers with Radar,0,2,60,2,64,0,21,336,4,361,0,23,396,6,425,901,0,901,1326
05/13/2022,MYF,CA,AWP,WE,Towers with Radar,0,1,46,0,47,0,6,363,3,372,0,7,409,3,419,878,0,878,1297
05/14/2022,MYF,CA,AWP,WE,Towers with Radar,0,3,59,0,62,0,8,316,1,325,0,11,375,1,387,489,0,489,876
05/15/2022,MYF,CA,AWP,WE,Towers with Radar,0,2,47,0,49,0,9,260,1,270,0,11,307,1,319,377,0,377,696
05/16/2022,MYF,CA,AWP,WE,Towers with Radar,0,0,77,2,79,0,7,257,5,269,0,7,334,7,348,677,0,677,1025
05/17/2022,MYF,CA,AWP,WE,Towers with Radar,0,1,79,3,83,0,2,171,2,175,0,3,250,5,258,215,1,216,474
05/18/2022,MYF,CA,AWP,WE,Towers with Radar,0,0,75,2,77,0,6,279,4,289,0,6,354,6,366,780,0,780,1146
05/19/2022,MYF,CA,AWP,WE,Towers with Radar,0,6,99,3,108,0,6,129,10,145,0,12,228,13,253,307,0,307,560
05/20/2022,MYF,CA,AWP,WE,Towers with Radar,0,2,86,3,91,0,3,42,3,48,0,5,128,6,139,532,0,532,671
05/21/2022,MYF,CA,AWP,WE,Towers with Radar,0,7,72,2,81,0,9,89,0,98,0,16,161,2,179,334,0,334,513
05/22/2022,MYF,CA,AWP,WE,Towers with Radar,0,2,93,0,95,0,9,139,0,148,0,11,232,0,243,459,0,459,702
05/23/2022,MYF,CA,AWP,WE,Towers with Radar,0,4,72,4,80,0,12,149,5,166,0,16,221,9,246,556,0,556,802
05/24/2022,MYF,CA,AWP,WE,Towers with Radar,0,2,87,3,92,0,17,216,10,243,0,19,303,13,335,800,0,800,1135
05/25/2022,MYF,CA,AWP,WE,Towers with Radar,0,4,69,1,74,0,14,250,5,269,0,18,319,6,343,848,4,852,1195
05/26/2022,MYF,CA,AWP,WE,Towers with Radar,0,4,85,5,94,0,18,246,5,269,0,22,331,10,363,709,0,709,1072
05/27/2022,MYF,CA,AWP,WE,Towers with Radar,0,6,132,1,139,0,5,231,1,237,0,11,363,2,376,637,0,637,1013
05/28/2022,MYF,CA,AWP,WE,Towers with Radar,0,3,85,0,88,0,1,15,1,17,0,4,100,1,105,0,0,0,105
05/29/2022,MYF,CA,AWP,WE,Towers with Radar,0,1,70,0,71,0,8,124,2,134,0,9,194,2,205,432,0,432,637
05/30/2022,MYF,CA,AWP,WE,Towers with Radar,0,7,69,0,76,0,7,241,2,250,0,14,310,2,326,298,0,298,624
05/31/2022,MYF,CA,AWP,WE,Towers with Radar,0,4,64,3,71,0,7,257,6,270,0,11,321,9,341,471,0,471,812
06/01/2022,MYF,CA,AWP,WE,Towers with Radar,0,1,55,1,57,0,6,316,6,328,0,7,371,7,385,710,0,710,1095
06/02/2022,MYF,CA,AWP,WE,Towers with Radar,0,4,98,1,103,0,4,262,3,269,0,8,360,4,372,855,0,855,1227
06/03/2022,MYF,CA,AWP,WE,Towers with Radar,0,5,60,5,70,0,13,268,7,288,0,18,328,12,358,494,0,494,852
06/04/2022,MYF,CA,AWP,WE,Towers with Radar,0,6,77,3,86,0,12,120,2,134,0,18,197,5,220,288,0,288,508
06/05/2022,MYF,CA,AWP,WE,Towers with Radar,0,4,56,0,60,0,5,226,0,231,0,9,282,0,291,607,0,607,898
06/06/2022,MYF,CA,AWP,WE,Towers with Radar,0,2,90,2,94,0,2,234,3,239,0,4,324,5,333,533,0,533,866
06/07/2022,MYF,CA,AWP,WE,Towers with Radar,0,3,91,2,96,0,12,197,3,212,0,15,288,5,308,369,0,369,677
06/08/2022,MYF,CA,AWP,WE,Towers with Radar,0,2,107,4,113,0,7,249,2,258,0,9,356,6,371,544,0,544,915
06/09/2022,MYF,CA,AWP,WE,Towers with Radar,0,6,77,0,83,0,9,296,0,305,0,15,373,0,388,404,0,404,792
06/10/2022,MYF,CA,AWP,WE,Towers with Radar,0,5,74,2,81,0,5,282,2,289,0,10,356,4,370,616,0,616,986
06/11/2022,MYF,CA,AWP,WE,Towers with Radar,0,7,55,0,62,0,6,256,0,262,0,13,311,0,324,520,0,520,844
06/12/2022,MYF,CA,AWP,WE,Towers with Radar,0,2,78,0,80,0,1,206,0,207,0,3,284,0,287,464,0,464,751
06/13/2022,MYF,CA,AWP,WE,Towers with Radar,0,2,92,1,95,0,3,95,1,99,0,5,187,2,194,135,0,135,329
06/14/2022,MYF,CA,AWP,WE,Towers with Radar,0,4,86,1,91,0,4,296,3,303,0,8,382,4,394,610,0,610,1004
06/15/2022,MYF,CA,AWP,WE,Towers with Radar,0,3,89,1,93,0,8,293,1,302,0,11,382,2,395,616,0,616,1011
06/16/2022,MYF,CA,AWP,WE,Towers with Radar,0,2,98,2,102,0,9,253,8,270,0,11,351,10,372,565,0,565,937
06/17/2022,MYF,CA,AWP,WE,Towers with Radar,0,3,84,1,88,0,6,277,1,284,0,9,361,2,372,447,8,455,827
06/18/2022,MYF,CA,AWP,WE,Towers with Radar,0,5,61,0,66,0,3,267,1,271,0,8,328,1,337,522,0,522,859
06/19/2022,MYF,CA,AWP,WE,Towers with Radar,0,2,61,0,63,0,2,245,0,247,0,4,306,0,310,641,0,641,951
06/20/2022,MYF,CA,AWP,WE,Towers with Radar,0,3,52,3,58,0,8,322,2,332,0,11,374,5,390,697,0,697,1087
06/21/2022,MYF,CA,AWP,WE,Towers with Radar,0,0,74,4,78,0,7,288,3,298,0,7,362,7,376,627,0,627,1003
06/22/2022,MYF,CA,AWP,WE,Towers with Radar,0,0,68,2,70,0,7,271,5,283,0,7,339,7,353,892,0,892,1245
06/23/2022,MYF,CA,AWP,WE,Towers with Radar,0,0,62,1,63,0,8,334,4,346,0,8,396,5,409,587,2,589,998
06/24/2022,MYF,CA,AWP,WE,Towers with Radar,0,0,61,1,62,0,3,388,0,391,0,3,449,1,453,575,0,575,1028
06/25/2022,MYF,CA,AWP,WE,Towers with Radar,0,7,62,0,69,0,13,259,0,272,0,20,321,0,341,430,0,430,771
06/26/2022,MYF,CA,AWP,WE,Towers with Radar,0,0,60,0,60,0,7,235,2,244,0,7,295,2,304,406,0,406,710
06/27/2022,MYF,CA,AWP,WE,Towers with Radar,0,0,49,1,50,0,14,242,2,258,0,14,291,3,308,690,0,690,998
06/28/2022,MYF,CA,AWP,WE,Towers with Radar,0,7,63,0,70,0,9,299,5,313,0,16,362,5,383,691,0,691,1074
06/29/2022,MYF,CA,AWP,WE,Towers with Radar,0,0,66,1,67,0,6,292,2,300,0,6,358,3,367,738,0,738,1105
06/30/2022,MYF,CA,AWP,WE,Towers with Radar,0,7,70,5,82,0,3,307,8,318,0,10,377,13,400,605,0,605,1005
07/01/2022,MYF,CA,AWP,WE,Towers with Radar,0,6,87,3,96,0,4,283,6,293,0,10,370,9,389,551,0,551,940
07/02/2022,MYF,CA,AWP,WE,Towers with Radar,0,2,66,0,68,0,10,256,1,267,0,12,322,1,335,365,0,365,700
07/03/2022,MYF,CA,AWP,WE,Towers with Radar,0,4,58,0,62,0,4,217,0,221,0,8,275,0,283,340,0,340,623
07/04/2022,MYF,CA,AWP,WE,Towers with Radar,0,1,34,0,35,0,11,133,1,145,0,12,167,1,180,123,0,123,303
07/05/2022,MYF,CA,AWP,WE,Towers with Radar,0,9,76,1,86,0,7,258,1,266,0,16,334,2,352,483,0,483,835
07/06/2022,MYF,CA,AWP,WE,Towers with Radar,0,0,93,3,96,0,5,169,4,178,0,5,262,7,274,483,0,483,757
07/07/2022,MYF,CA,AWP,WE,Towers with Radar,0,3,70,3,76,0,10,284,6,300,0,13,354,9,376,428,0,428,804
07/08/2022,MYF,CA,AWP,WE,Towers with Radar,0,4,77,0,81,0,7,321,2,330,0,11,398,2,411,628,0,628,1039
07/09/2022,MYF,CA,AWP,WE,Towers with Radar,0,4,69,2,75,0,4,284,9,297,0,8,353,11,372,391,0,391,763
07/10/2022,MYF,CA,AWP,WE,Towers with Radar,0,6,39,0,45,0,4,263,0,267,0,10,302,0,312,433,0,433,745
07/11/2022,MYF,CA,AWP,WE,Towers with Radar,0,6,64,2,72,0,15,281,4,300,0,21,345,6,372,80,0,80,452
07/12/2022,MYF,CA,AWP,WE,Towers with Radar,0,2,62,1,65,0,7,294,2,303,0,9,356,3,368,19,0,19,387
07/13/2022,MYF,CA,AWP,WE,Towers with Radar,0,0,67,2,69,0,9,299,5,313,0,9,366,7,382,160,0,160,542
07/14/2022,MYF,CA,AWP,WE,Towers with Radar,0,0,84,1,85,0,0,259,6,265,0,0,343,7,350,513,0,513,863
07/15/2022,MYF,CA,AWP,WE,Towers with Radar,0,3,67,2,72,0,10,309,4,323,0,13,376,6,395,390,0,390,785
07/16/2022,MYF,CA,AWP,WE,Towers with Radar,0,4,56,2,62,0,2,218,0,220,0,6,274,2,282,56,0,56,338
07/17/2022,MYF,CA,AWP,WE,Towers with Radar,0,3,72,1,76,0,5,169,2,176,0,8,241,3,252,296,0,296,548
07/18/2022,MYF,CA,AWP,WE,Towers with Radar,0,5,67,1,73,0,6,316,3,325,0,11,383,4,398,161,0,161,559
07/19/2022,MYF,CA,AWP,WE,Towers with Radar,0,3,51,0,54,0,12,309,4,325,0,15,360,4,379,683,0,683,1062
07/20/2022,MYF,CA,AWP,WE,Towers with Radar,0,4,93,3,100,0,12,278,5,295,0,16,371,8,395,465,0,465,860
07/21/2022,MYF,CA,AWP,WE,Towers with Radar,0,6,90,1,97,0,5,315,4,324,0,11,405,5,421,305,0,305,726
07/22/2022,MYF,CA,AWP,WE,Towers with Radar,0,4,71,1,76,0,4,304,0,308,0,8,375,1,384,119,0,119,503
07/23/2022,MYF,CA,AWP,WE,Towers with Radar,0,3,91,2,96,0,8,247,4,259,0,11,338,6,355,224,0,224,579
07/24/2022,MYF,CA,AWP,WE,Towers with Radar,0,7,70,1,78,0,15,172,2,189,0,22,242,3,267,336,0,336,603
07/25/2022,MYF,CA,AWP,WE,Towers with Radar,0,3,71,1,75,0,14,185,3,202,0,17,256,4,277,348,0,348,625
07/26/2022,MYF,CA,AWP,WE,Towers with Radar,0,0,82,3,85,0,16,319,9,344,0,16,401,12,429,636,0,636,1065
07/27/2022,MYF,CA,AWP,WE,Towers with Radar,0,6,72,1,79,0,9,329,4,342,0,15,401,5,421,533,0,533,954
07/28/2022,MYF,CA,AWP,WE,Towers with Radar,0,0,79,2,81,0,1,246,5,252,0,1,325,7,333,380,0,380,713
07/29/2022,MYF,CA,AWP,WE,Towers with Radar,0,2,81,3,86,0,3,288,7,298,0,5,369,10,384,426,0,426,810
07/30/2022,MYF,CA,AWP,WE,Towers with Radar,0,1,49,2,52,0,7,287,0,294,0,8,336,2,346,639,0,639,985
07/31/2022,MYF,CA,AWP,WE,Towers with Radar,0,3,48,1,52,0,10,199,1,210,0,13,247,2,262,648,0,648,910
08/01/2022,MYF,CA,AWP,WE,Towers with Radar,0,2,65,3,70,0,12,221,7,240,0,14,286,10,310,596,0,596,906
08/02/2022,MYF,CA,AWP,WE,Towers with Radar,0,5,49,2,56,0,19,238,2,259,0,24,287,4,315,820,0,820,1135
08/03/2022,MYF,CA,AWP,WE,Towers with Radar,0,3,68,3,74,0,15,302,3,320,0,18,370,6,394,704,0,704,1098
08/04/2022,MYF,CA,AWP,WE,Towers with Radar,0,3,50,1,54,0,3,205,9,217,0,6,255,10,271,554,0,554,825
08/05/2022,MYF,CA,AWP,WE,Towers with Radar,0,3,55,2,60,0,12,295,7,314,0,15,350,9,374,613,0,613,987
08/06/2022,MYF,CA,AWP,WE,Towers with Radar,0,5,59,2,66,0,13,265,2,280,0,18,324,4,346,354,0,354,700
08/07/2022,MYF,CA,AWP,WE,Towers with Radar,0,7,69,1,77,0,4,258,1,263,0,11,327,2,340,485,0,485,825
08/08/2022,MYF,CA,AWP,WE,Towers with Radar,0,2,74,0,76,0,7,229,2,238,0,9,303,2,314,630,0,630,944
08/09/2022,MYF,CA,AWP,WE,Towers with Radar,0,4,50,7,61,0,21,301,3,325,0,25,351,10,386,777,0,777,1163
08/10/2022,MYF,CA,AWP,WE,Towers with Radar,0,6,63,2,71,0,4,323,3,330,0,10,386,5,401,745,0,745,1146
08/11/2022,MYF,CA,AWP,WE,Towers with Radar,0,6,63,1,70,0,6,314,2,322,0,12,377,3,392,547,0,547,939
08/12/2022,MYF,CA,AWP,WE,Towers with Radar,0,0,69,0,69,0,12,346,1,359,0,12,415,1,428,626,0,626,1054
08/13/2022,MYF,CA,AWP,WE,Towers with Radar,0,2,53,0,55,0,7,324,0,331,0,9,377,0,386,266,0,266,652
08/14/2022,MYF,CA,AWP,WE,Towers with Radar,0,3,77,0,80,0,6,259,0,265,0,9,336,0,345,450,0,450,795
08/15/2022,MYF,CA,AWP,WE,Towers with Radar,0,2,76,1,79,0,1,267,2,270,0,3,343,3,349,653,0,653,1002
08/16/2022,MYF,CA,AWP,WE,Towers with Radar,0,7,76,0,83,0,6,285,6,297,0,13,361,6,380,536,0,536,916
08/17/2022,MYF,CA,AWP,WE,Towers with Radar,0,2,80,1,83,0,11,345,1,357,0,13,425,2,440,729,0,729,1169
08/18/2022,MYF,CA,AWP,WE,Towers with Radar,0,12,84,3,99,0,7,316,6,329,0,19,400,9,428,641,0,641,1069
08/19/2022,MYF,CA,AWP,WE,Towers with Radar,0,5,56,2,63,0,7,329,9,345,0,12,385,11,408,506,0,506,914
08/20/2022,MYF,CA,AWP,WE,Towers with Radar,0,9,89,0,98,0,9,245,0,254,0,18,334,0,352,338,0,338,690
08/21/2022,MYF,CA,AWP,WE,Towers with Radar,0,2,86,1,89,0,11,160,0,171,0,13,246,1,260,394,0,394,654
08/22/2022,MYF,CA,AWP,WE,Towers with Radar,0,7,69,2,78,0,1,200,1,202,0,8,269,3,280,619,0,619,899
08/23/2022,MYF,CA,AWP,WE,Towers with Radar,0,8,74,2,84,0,2,258,5,265,0,10,332,7,349,653,1,654,1003
08/24/2022,MYF,CA,AWP,WE,Towers with Radar,0,6,67,1,74,0,15,310,1,326,0,21,377,2,400,745,0,745,1145
08/25/2022,MYF,CA,AWP,WE,Towers with Radar,0,5,73,1,79,0,12,338,5,355,0,17,411,6,434,767,0,767,1201
08/26/2022,MYF,CA,AWP,WE,Towers with Radar,0,1,92,1,94,0,7,316,2,325,0,8,408,3,419,628,0,628,1047
08/27/2022,MYF,CA,AWP,WE,Towers with Radar,0,13,62,0,75,0,19,263,0,282,0,32,325,0,357,457,0,457,814
08/28/2022,MYF,CA,AWP,WE,Towers with Radar,0,6,65,0,71,0,6,252,1,259,0,12,317,1,330,722,0,722,1052
08/29/2022,MYF,CA,AWP,WE,Towers with Radar,0,5,82,1,88,0,4,275,2,281,0,9,357,3,369,602,0,602,971
08/30/2022,MYF,CA,AWP,WE,Towers with Radar,0,5,54,1,60,0,10,306,2,318,0,15,360,3,378,536,0,536,914
08/31/2022,MYF,CA,AWP,WE,Towers with Radar,0,0,66,4,70,0,11,350,6,367,0,11,416,10,437,550,0,550,987
09/01/2022,MYF,CA,AWP,WE,Towers with Radar,0,4,97,2,103,0,11,275,8,294,0,15,372,10,397,426,0,426,823
09/02/2022,MYF,CA,AWP,WE,Towers with Radar,0,11,53,0,64,0,21,315,8,344,0,32,368,8,408,681,0,681,1089
09/03/2022,MYF,CA,AWP,WE,Towers with Radar,0,3,46,0,49,0,5,213,1,219,0,8,259,1,268,225,0,225,493
09/04/2022,MYF,CA,AWP,WE,Towers with Radar,0,2,42,0,44,0,9,200,1,210,0,11,242,1,254,255,0,255,509
09/05/2022,MYF,CA,AWP,WE,Towers with Radar,0,3,39,0,42,0,16,187,3,206,0,19,226,3,248,324,0,324,572
09/06/2022,MYF,CA,AWP,WE,Towers with Radar,0,0,74,2,76,0,15,292,4,311,0,15,366,6,387,545,0,545,932
09/07/2022,MYF,CA,AWP,WE,Towers with Radar,0,3,69,2,74,0,4,290,4,298,0,7,359,6,372,416,0,416,788
09/08/2022,MYF,CA,AWP,WE,Towers with Radar,0,5,63,1,69,0,10,205,1,216,0,15,268,2,285,708,0,708,993
09/09/2022,MYF,CA,AWP,WE,Towers with Radar,0,0,21,0,21,0,0,18,1,19,0,0,39,1,40,68,0,68,108
09/10/2022,MYF,CA,AWP,WE,Towers with Radar,0,1,22,0,23,0,7,85,5,97,0,8,107,5,120,469,0,469,589
09/11/2022,MYF,CA,AWP,WE,Towers with Radar,0,2,58,0,60,0,0,205,1,206,0,2,263,1,266,609,0,609,875
09/12/2022,MYF,CA,AWP,WE,Towers with Radar,0,7,88,2,97,0,13,195,5,213,0,20,283,7,310,673,2,675,985
09/13/2022,MYF,CA,AWP,WE,Towers with Radar,0,3,64,3,70,0,10,250,1,261,0,13,314,4,331,518,0,518,849
09/14/2022,MYF,CA,AWP,WE,Towers with Radar,0,7,117,3,127,0,9,175,4,188,0,16,292,7,315,714,0,714,1029
09/15/2022,MYF,CA,AWP,WE,Towers with Radar,0,5,92,0,97,0,16,269,6,291,0,21,361,6,388,750,8,758,1146
09/16/2022,MYF,CA,AWP,WE,Towers with Radar,0,3,90,1,94,0,8,328,3,339,0,11,418,4,433,571,0,571,1004
09/17/2022,MYF,CA,AWP,WE,Towers with Radar,0,11,83,0,94,0,11,207,2,220,0,22,290,2,314,433,0,433,747
09/18/2022,MYF,CA,AWP,WE,Towers with Radar,0,5,77,1,83,0,13,206,4,223,0,18,283,5,306,438,0,438,744
09/19/2022,MYF,CA,AWP,WE,Towers with Radar,0,1,82,0,83,0,6,261,0,267,0,7,343,0,350,429,0,429,779
09/20/2022,MYF,CA,AWP,WE,Towers with Radar,0,3,86,0,89,0,23,377,7,407,0,26,463,7,496,460,0,460,956
09/21/2022,MYF,CA,AWP,WE,Towers with Radar,0,2,68,1,71,0,5,230,6,241,0,7,298,7,312,880,0,880,1192
09/22/2022,MYF,CA,AWP,WE,Towers with Radar,0,1,50,0,51,0,6,183,0,189,0,7,233,0,240,227,0,227,467
09/23/2022,MYF,CA,AWP,WE,Towers with Radar,0,3,37,0,40,0,5,198,0,203,0,8,235,0,243,269,1,270,513
09/24/2022,MYF,CA,AWP,WE,Towers with Radar,0,3,34,0,37,0,4,171,1,176,0,7,205,1,213,123,0,123,336
09/25/2022,MYF,CA,AWP,WE,Towers with Radar,0,1,46,0,47,0,7,164,0,171,0,8,210,0,218,277,0,277,495
09/26/2022,MYF,CA,AWP,WE,Towers with Radar,0,3,63,4,70,0,11,289,3,303,0,14,352,7,373,773,0,773,1146
09/27/2022,MYF,CA,AWP,WE,Towers with Radar,0,4,67,3,74,0,11,300,6,317,0,15,367,9,391,684,0,684,1075
09/28/2022,MYF,CA,AWP,WE,Towers with Radar,0,8,90,3,101,0,8,269,6,283,0,16,359,9,384,441,0,441,825
09/29/2022,MYF,CA,AWP,WE,Towers with Radar,0,4,71,5,80,0,5,226,5,236,0,9,297,10,316,451,8,459,775
09/30/2022,MYF,CA,AWP,WE,Towers with Radar,0,8,122,0,130,0,9,258,4,271,0,17,380,4,401,233,0,233,634
10/01/2022,MYF,CA,AWP,WE,Towers with Radar,0,7,77,0,84,0,6,221,1,228,0,13,298,1,312,315,0,315,627
10/02/2022,MYF,CA,AWP,WE,Towers with Radar,0,3,83,0,86,0,9,217,1,227,0,12,300,1,313,522,0,522,835
10/03/2022,MYF,CA,AWP,WE,Towers with Radar,0,3,92,4,99,0,6,176,3,185,0,9,268,7,284,551,0,551,835
10/04/2022,MYF,CA,AWP,WE,Towers with Radar,0,3,92,8,103,0,8,232,3,243,0,11,324,11,346,373,0,373,719
10/05/2022,MYF,CA,AWP,WE,Towers with Radar,0,6,114,5,125,0,2,153,5,160,0,8,267,10,285,200,0,200,485
10/06/2022,MYF,CA,AWP,WE,Towers with Radar,0,11,134,5,150,0,9,97,3,109,0,20,231,8,259,244,2,246,505
10/07/2022,MYF,CA,AWP,WE,Towers with Radar,0,0,82,3,85,0,16,349,6,371,0,16,431,9,456,492,0,492,948
10/08/2022,MYF,CA,AWP,WE,Towers with Radar,0,4,61,0,65,0,3,240,1,244,0,7,301,1,309,496,0,496,805
10/09/2022,MYF,CA,AWP,WE,Towers with Radar,0,4,82,0,86,0,1,187,0,188,0,5,269,0,274,404,0,404,678
10/10/2022,MYF,CA,AWP,WE,Towers with Radar,0,7,96,7,110,0,16,187,6,209,0,23,283,13,319,619,0,619,938
10/11/2022,MYF,CA,AWP,WE,Towers with Radar,0,7,80,6,93,0,8,173,4,185,0,15,253,10,278,609,0,609,887
10/12/2022,MYF,CA,AWP,WE,Towers with Radar,0,8,109,3,120,0,10,81,0,91,0,18,190,3,211,548,0,548,759
10/13/2022,MYF,CA,AWP,WE,Towers with Radar,0,7,132,3,142,0,2,38,0,40,0,9,170,3,182,95,0,95,277
10/14/2022,MYF,CA,AWP,WE,Towers with Radar,0,12,133,1,146,0,12,55,2,69,0,24,188,3,215,653,0,653,868
10/15/2022,MYF,CA,AWP,WE,Towers with Radar,0,2,54,0,56,0,0,65,0,65,0,2,119,0,121,740,0,740,861
10/16/2022,MYF,CA,AWP,WE,Towers with Radar,0,7,88,0,95,0,12,119,1,132,0,19,207,1,227,681,0,681,908
10/17/2022,MYF,CA,AWP,WE,Towers with Radar,0,7,70,1,78,0,9,271,4,284,0,16,341,5,362,713,0,713,1075
10/18/2022,MYF,CA,AWP,WE,Towers with Radar,0,0,60,1,61,0,5,330,9,344,0,5,390,10,405,649,0,649,1054
10/19/2022,MYF,CA,AWP,WE,Towers with Radar,0,6,44,2,52,0,15,316,3,334,0,21,360,5,386,668,4,672,1058
10/20/2022,MYF,CA,AWP,WE,Towers with Radar,0,0,68,2,70,0,14,338,2,354,0,14,406,4,424,582,0,582,1006
10/21/2022,MYF,CA,AWP,WE,Towers with Radar,0,4,80,1,85,0,2,256,1,259,0,6,336,2,344,535,0,535,879
10/22/2022,MYF,CA,AWP,WE,Towers with Radar,0,4,69,0,73,0,5,76,6,87,0,9,145,6,160,564,0,564,724
10/23/2022,MYF,CA,AWP,WE,Towers with Radar,0,7,74,0,81,0,0,239,1,240,0,7,313,1,321,558,0,558,879
10/24/2022,MYF,CA,AWP,WE,Towers with Radar,0,4,79,1,84,0,15,330,3,348,0,19,409,4,432,765,0,765,1197
10/25/2022,MYF,CA,AWP,WE,Towers with Radar,0,2,70,3,75,1,17,332,4,354,1,19,402,7,429,731,0,731,1160
10/26/2022,MYF,CA,AWP,WE,Towers with Radar,0,4,77,1,82,0,5,291,1,297,0,9,368,2,379,747,0,747,1126
10/27/2022,MYF,CA,AWP,WE,Towers with Radar,0,0,86,2,88,0,11,330,8,349,0,11,416,10,437,606,0,606,1043
10/28/2022,MYF,CA,AWP,WE,Towers with Radar,0,1,64,1,66,0,8,326,4,338,0,9,390,5,404,783,3,786,1190
10/29/2022,MYF,CA,AWP,WE,Towers with Radar,0,0,55,0,55,0,8,267,0,275,0,8,322,0,330,451,0,451,781
10/30/2022,MYF,CA,AWP,WE,Towers with Radar,0,1,55,0,56,0,4,295,0,299,0,5,350,0,355,394,0,394,749
10/31/2022,MYF,CA,AWP,WE,Towers with Radar,0,2,67,1,70,0,10,227,1,238,0,12,294,2,308,661,0,661,969
11/01/2022,MYF,CA,AWP,WE,Towers with Radar,0,3,72,2,77,2,11,123,2,138,2,14,195,4,215,730,0,730,945
11/02/2022,MYF,CA,AWP,WE,Towers with Radar,0,4,76,3,83,0,6,90,2,98,0,10,166,5,181,644,0,644,825
11/03/2022,MYF,CA,AWP,WE,Towers with Radar,0,5,41,2,48,0,2,75,0,77,0,7,116,2,125,240,0,240,365
11/04/2022,MYF,CA,AWP,WE,Towers with Radar,0,0,45,0,45,0,5,164,0,169,0,5,209,0,214,241,0,241,455
11/05/2022,MYF,CA,AWP,WE,Towers with Radar,0,3,28,0,31,0,6,246,2,254,0,9,274,2,285,301,0,301,586
11/06/2022,MYF,CA,AWP,WE,Towers with Radar,0,6,59,0,65,0,12,295,2,309,0,18,354,2,374,463,0,463,837
11/07/2022,MYF,CA,AWP,WE,Towers with Radar,0,12,65,3,80,0,3,44,0,47,0,15,109,3,127,409,0,409,536
11/08/2022,MYF,CA,AWP,WE,Towers with Radar,0,0,13,2,15,0,0,10,2,12,0,0,23,4,27,78,0,78,105
11/09/2022,MYF,CA,AWP,WE,Towers with Radar,0,8,62,2,72,0,12,253,6,271,0,20,315,8,343,855,0,855,1198
11/10/2022,MYF,CA,AWP,WE,Towers with Radar,0,4,83,3,90,0,17,468,19,504,0,21,551,22,594,550,0,550,1144
11/11/2022,MYF,CA,AWP,WE,Towers with Radar,0,2,63,0,65,0,11,362,1,374,0,13,425,1,439,546,0,546,985
11/12/2022,MYF,CA,AWP,WE,Towers with Radar,0,4,56,0,60,0,16,353,0,369,0,20,409,0,429,370,0,370,799
11/13/2022,MYF,CA,AWP,WE,Towers with Radar,0,2,66,2,70,0,5,210,2,217,0,7,276,4,287,567,0,567,854
11/14/2022,MYF,CA,AWP,WE,Towers with Radar,0,9,66,2,77,0,18,291,5,314,0,27,357,7,391,620,0,620,1011
11/15/2022,MYF,CA,AWP,WE,Towers with Radar,0,7,60,2,69,0,23,309,6,338,0,30,369,8,407,571,0,571,978
11/16/2022,MYF,CA,AWP,WE,Towers with Radar,0,1,29,2,32,0,9,137,11,157,0,10,166,13,189,375,0,375,564
11/17/2022,MYF,CA,AWP,WE,Towers with Radar,0,1,77,3,81,0,17,328,6,351,0,18,405,9,432,755,0,755,1187
11/18/2022,MYF,CA,AWP,WE,Towers with Radar,0,2,57,3,62,0,24,350,2,376,0,26,407,5,438,765,0,765,1203
11/19/2022,MYF,CA,AWP,WE,Towers with Radar,0,13,44,0,57,0,23,314,0,337,0,36,358,0,394,599,0,599,993
11/20/2022,MYF,CA,AWP,WE,Towers with Radar,0,6,53,0,59,0,18,252,2,272,0,24,305,2,331,377,0,377,708
11/21/2022,MYF,CA,AWP,WE,Towers with Radar,0,8,59,1,68,0,23,314,2,339,0,31,373,3,407,627,0,627,1034
11/22/2022,MYF,CA,AWP,WE,Towers with Radar,0,9,62,1,72,0,14,324,1,339,0,23,386,2,411,497,0,497,908
11/23/2022,MYF,CA,AWP,WE,Towers with Radar,0,1,55,2,58,0,10,288,1,299,0,11,343,3,357,391,0,391,748
11/24/2022,MYF,CA,AWP,WE,Towers with Radar,0,1,13,0,14,0,9,43,0,52,0,10,56,0,66,54,0,54,120
11/25/2022,MYF,CA,AWP,WE,Towers with Radar,0,4,25,0,29,0,21,193,2,216,0,25,218,2,245,172,0,172,417
11/26/2022,MYF,CA,AWP,WE,Towers with Radar,0,4,44,0,48,0,9,245,2,256,0,13,289,2,304,238,0,238,542
11/27/2022,MYF,CA,AWP,WE,Towers with Radar,0,2,59,0,61,0,3,234,1,238,0,5,293,1,299,418,0,418,717
11/28/2022,MYF,CA,AWP,WE,Towers with Radar,0,6,95,4,105,0,20,68,2,90,0,26,163,6,195,423,0,423,618
11/29/2022,MYF,CA,AWP,WE,Towers with Radar,0,3,79,2,84,0,5,170,4,179,0,8,249,6,263,704,0,704,967
11/30/2022,MYF,CA,AWP,WE,Towers with Radar,0,1,121,5,127,0,4,130,2,136,0,5,251,7,263,731,0,731,994
12/01/2022,MYF,CA,AWP,WE,Towers with Radar,0,2,75,4,81,0,23,157,2,182,0,25,232,6,263,711,0,711,974
12/02/2022,MYF,CA,AWP,WE,Towers with Radar,0,2,82,0,84,0,14,241,2,257,0,16,323,2,341,458,0,458,799
12/03/2022,MYF,CA,AWP,WE,Towers with Radar,0,3,58,0,61,0,2,246,0,248,0,5,304,0,309,531,0,531,840
12/04/2022,MYF,CA,AWP,WE,Towers with Radar,0,2,49,1,52,0,12,231,1,244,0,14,280,2,296,561,0,561,857
12/05/2022,MYF,CA,AWP,WE,Towers with Radar,0,3,67,1,71,0,8,143,6,157,0,11,210,7,228,740,0,740,968
12/06/2022,MYF,CA,AWP,WE,Towers with Radar,0,7,58,7,72,0,8,130,0,138,0,15,188,7,210,841,1,842,1052
12/07/2022,MYF,CA,AWP,WE,Towers with Radar,0,6,53,3,62,0,8,237,6,251,0,14,290,9,313,639,0,639,952
12/08/2022,MYF,CA,AWP,WE,Towers with Radar,0,6,76,2,84,0,12,320,9,341,0,18,396,11,425,476,0,476,901
12/09/2022,MYF,CA,AWP,WE,Towers with Radar,0,3,80,1,84,0,5,299,2,306,0,8,379,3,390,545,0,545,935
12/10/2022,MYF,CA,AWP,WE,Towers with Radar,0,4,55,0,59,0,11,341,0,352,0,15,396,0,411,123,0,123,534
12/11/2022,MYF,CA,AWP,WE,Towers with Radar,0,3,21,1,25,0,0,12,0,12,0,3,33,1,37,46,0,46,83
12/12/2022,MYF,CA,AWP,WE,Towers with Radar,0,3,28,0,31,0,8,29,1,38,0,11,57,1,69,274,0,274,343
12/13/2022,MYF,CA,AWP,WE,Towers with Radar,0,0,65,1,66,0,12,276,4,292,0,12,341,5,358,766,0,766,1124
12/14/2022,MYF,CA,AWP,WE,Towers with Radar,0,4,61,3,68,0,4,315,2,321,0,8,376,5,389,661,0,661,1050
12/15/2022,MYF,CA,AWP,WE,Towers with Radar,0,9,86,1,96,0,16,243,3,262,0,25,329,4,358,577,0,577,935
12/16/2022,MYF,CA,AWP,WE,Towers with Radar,0,3,71,1,75,0,9,298,3,310,0,12,369,4,385,574,0,574,959
12/17/2022,MYF,CA,AWP,WE,Towers with Radar,0,3,43,0,46,0,4,250,3,257,0,7,293,3,303,481,0,481,784
12/18/2022,MYF,CA,AWP,WE,Towers with Radar,0,0,34,0,34,0,23,224,0,247,0,23,258,0,281,477,0,477,758
12/19/2022,MYF,CA,AWP,WE,Towers with Radar,0,4,66,1,71,0,18,251,3,272,0,22,317,4,343,508,0,508,851
12/20/2022,MYF,CA,AWP,WE,Towers with Radar,0,2,43,2,47,0,6,249,3,258,0,8,292,5,305,659,0,659,964
12/21/2022,MYF,CA,AWP,WE,Towers with Radar,0,1,57,2,60,0,12,251,8,271,0,13,308,10,331,561,0,561,892
12/22/2022,MYF,CA,AWP,WE,Towers with Radar,0,5,51,0,56,0,16,270,3,289,0,21,321,3,345,481,0,481,826
12/23/2022,MYF,CA,AWP,WE,Towers with Radar,0,8,34,0,42,0,7,268,0,275,0,15,302,0,317,593,0,593,910
12/24/2022,MYF,CA,AWP,WE,Towers with Radar,0,1,24,0,25,0,2,141,0,143,0,3,165,0,168,281,0,281,449
12/25/2022,MYF,CA,AWP,WE,Towers with Radar,0,1,13,0,14,0,3,89,2,94,0,4,102,2,108,231,0,231,339
12/26/2022,MYF,CA,AWP,WE,Towers with Radar,0,5,46,0,51,0,2,214,0,216,0,7,260,0,267,296,0,296,563
12/27/2022,MYF,CA,AWP,WE,Towers with Radar,0,1,48,1,50,0,8,174,1,183,0,9,222,2,233,402,0,402,635
12/28/2022,MYF,CA,AWP,WE,Towers with Radar,0,2,51,0,53,0,4,62,1,67,0,6,113,1,120,362,0,362,482
12/29/2022,MYF,CA,AWP,WE,Towers with Radar,0,1,48,1,50,0,0,64,1,65,0,1,112,2,115,615,0,615,730
12/30/2022,MYF,CA,AWP,WE,Towers with Radar,0,2,98,0,100,0,6,18,0,24,0,8,116,0,124,168,0,168,292
12/31/2022,MYF,CA,AWP,WE,Towers with Radar,0,6,48,0,54,0,2,22,0,24,0,8,70,0,78,77,0,77,155
01/01/2023,MYF,CA,AWP,WE,Towers with Radar,0,1,16,0,17,0,0,10,1,11,0,1,26,1,28,56,0,56,84
01/02/2023,MYF,CA,AWP,WE,Towers with Radar,0,1,41,0,42,0,0,60,0,60,0,1,101,0,102,533,0,533,635
01/03/2023,MYF,CA,AWP,WE,Towers with Radar,0,4,35,0,39,0,0,3,0,3,0,4,38,0,42,18,0,18,60
01/04/2023,MYF,CA,AWP,WE,Towers with Radar,0,4,48,2,54,0,1,33,1,35,0,5,81,3,89,402,0,402,491
01/05/2023,MYF,CA,AWP,WE,Towers with Radar,0,3,30,0,33,0,0,9,0,9,0,3,39,0,42,18,0,18,60
01/06/2023,MYF,CA,AWP,WE,Towers with Radar,0,2,78,0,80,0,7,333,0,340,0,9,411,0,420,522,11,533,953
01/07/2023,MYF,CA,AWP,WE,Towers with Radar,0,2,63,0,65,0,14,345,0,359,0,16,408,0,424,417,0,417,841
01/08/2023,MYF,CA,AWP,WE,Towers with Radar,0,4,68,0,72,0,1,301,0,302,0,5,369,0,374,468,0,468,842
01/09/2023,MYF,CA,AWP,WE,Towers with Radar,0,7,45,1,53,0,16,216,2,234,0,23,261,3,287,724,0,724,1011
01/10/2023,MYF,CA,AWP,WE,Towers with Radar,0,0,13,0,13,0,0,8,0,8,0,0,21,0,21,13,0,13,34
01/11/2023,MYF,CA,AWP,WE,Towers with Radar,0,1,77,2,80,0,16,313,5,334,0,17,390,7,414,748,2,750,1164
01/12/2023,MYF,CA,AWP,WE,Towers with Radar,0,3,95,2,100,0,2,356,6,364,0,5,451,8,464,660,0,660,1124
01/13/2023,MYF,CA,AWP,WE,Towers with Radar,0,2,79,2,83,0,0,345,2,347,0,2,424,4,430,468,0,468,898
01/14/2023,MYF,CA,AWP,WE,Towers with Radar,0,5,24,1,30,0,1,49,0,50,0,6,73,1,80,214,0,214,294
01/15/2023,MYF,CA,AWP,WE,Towers with Radar,0,4,16,0,20,0,2,28,0,30,0,6,44,0,50,164,0,164,214
01/16/2023,MYF,CA,AWP,WE,Towers with Radar,0,0,21,1,22,0,1,21,1,23,0,1,42,2,45,114,0,114,159
01/17/2023,MYF,CA,AWP,WE,Towers with Radar,0,1,39,2,42,0,14,56,1,71,0,15,95,3,113,554,0,554,667
01/18/2023,MYF,CA,AWP,WE,Towers with Radar,0,6,89,0,95,0,6,356,1,363,0,12,445,1,458,636,0,636,1094
01/19/2023,MYF,CA,AWP,WE,Towers with Radar,0,2,72,1,75,0,12,240,4,256,0,14,312,5,331,657,0,657,988
01/20/2023,MYF,CA,AWP,WE,Towers with Radar,0,4,81,0,85,0,12,416,4,432,0,16,497,4,517,781,0,781,1298
01/21/2023,MYF,CA,AWP,WE,Towers with Radar,0,4,59,0,63,0,5,401,1,407,0,9,460,1,470,410,0,410,880
01/22/2023,MYF,CA,AWP,WE,Towers with Radar,0,0,56,1,57,0,11,249,1,261,0,11,305,2,318,385,0,385,703
01/23/2023,MYF,CA,AWP,WE,Towers with Radar,0,2,40,0,42,0,15,209,2,226,0,17,249,2,268,691,0,691,959
01/24/2023,MYF,CA,AWP,WE,Towers with Radar,0,2,66,1,69,0,2,363,5,370,0,4,429,6,439,558,0,558,997
01/25/2023,MYF,CA,AWP,WE,Towers with Radar,0,10,73,2,85,0,13,338,6,357,0,23,411,8,442,689,0,689,1131
01/26/2023,MYF,CA,AWP,WE,Towers with Radar,0,0,19,0,19,0,3,61,8,72,0,3,80,8,91,130,0,130,221
01/27/2023,MYF,CA,AWP,WE,Towers with Radar,0,7,56,2,65,0,11,444,2,457,0,18,500,4,522,675,0,675,1197
01/28/2023,MYF,CA,AWP,WE,Towers with Radar,0,7,83,0,90,0,5,265,0,270,0,12,348,0,360,699,0,699,1059
01/29/2023,MYF,CA,AWP,WE,Towers with Radar,0,3,32,0,35,0,2,16,0,18,0,5,48,0,53,199,0,199,252
01/30/2023,MYF,CA,AWP,WE,Towers with Radar,0,1,32,1,34,0,0,16,1,17,0,1,48,2,51,90,0,90,141
01/31/2023,MYF,CA,AWP,WE,Towers with Radar,0,2,56,2,60,0,6,335,3,344,0,8,391,5,404,635,0,635,1039
02/01/2023,MYF,CA,AWP,WE,Towers with Radar,0,11,72,1,84,0,5,371,1,377,0,16,443,2,461,736,0,736,1197
02/02/2023,MYF,CA,AWP,WE,Towers with Radar,0,7,77,1,85,0,10,369,2,381,0,17,446,3,466,516,0,516,982
02/03/2023,MYF,CA,AWP,WE,Towers with Radar,0,11,85,0,96,0,11,394,0,405,0,22,479,0,501,710,0,710,1211
02/04/2023,MYF,CA,AWP,WE,Towers with Radar,0,9,60,0,69,0,4,424,0,428,0,13,484,0,497,530,0,530,1027
02/05/2023,MYF,CA,AWP,WE,Towers with Radar,0,11,75,0,86,0,3,87,0,90,0,14,162,0,176,188,0,188,364
02/06/2023,MYF,CA,AWP,WE,Towers with Radar,0,3,57,1,61,0,10,250,3,263,0,13,307,4,324,612,0,612,936
02/07/2023,MYF,CA,AWP,WE,Towers with Radar,0,4,63,2,69,0,15,339,4,358,0,19,402,6,427,583,0,583,1010
02/08/2023,MYF,CA,AWP,WE,Towers with Radar,0,1,78,1,80,0,18,338,4,360,0,19,416,5,440,779,0,779,1219
02/09/2023,MYF,CA,AWP,WE,Towers with Radar,0,4,72,1,77,0,4,318,5,327,0,8,390,6,404,511,0,511,915
02/10/2023,MYF,CA,AWP,WE,Towers with Radar,0,0,86,3,89,0,18,345,7,370,0,18,431,10,459,595,0,595,1054
02/11/2023,MYF,CA,AWP,WE,Towers with Radar,0,4,68,0,72,0,6,119,0,125,0,10,187,0,197,386,0,386,583
02/12/2023,MYF,CA,AWP,WE,Towers with Radar,0,5,29,0,34,0,3,159,0,162,0,8,188,0,196,564,0,564,760
02/13/2023,MYF,CA,AWP,WE,Towers with Radar,0,0,63,2,65,0,1,165,0,166,0,1,228,2,231,784,0,784,1015
02/14/2023,MYF,CA,AWP,WE,Towers with Radar,0,0,26,4,30,0,0,14,2,16,0,0,40,6,46,91,4,95,141
02/15/2023,MYF,CA,AWP,WE,Towers with Radar,0,3,85,2,90,0,6,318,7,331,0,9,403,9,421,684,12,696,1117
02/16/2023,MYF,CA,AWP,WE,Towers with Radar,0,6,51,0,57,0,7,170,3,180,0,13,221,3,237,244,0,244,481
02/17/2023,MYF,CA,AWP,WE,Towers with Radar,0,4,83,0,87,0,2,312,2,316,0,6,395,2,403,680,0,680,1083
02/18/2023,MYF,CA,AWP,WE,Towers with Radar,0,6,60,0,66,0,18,311,1,330,0,24,371,1,396,380,0,380,776
02/19/2023,MYF,CA,AWP,WE,Towers with Radar,0,1,46,0,47,0,13,277,0,290,0,14,323,0,337,592,0,592,929
02/20/2023,MYF,CA,AWP,WE,Towers with Radar,0,4,69,0,73,0,6,366,3,375,0,10,435,3,448,621,0,621,1069
02/21/2023,MYF,CA,AWP,WE,Towers with Radar,0,2,52,1,55,0,7,123,2,132,0,9,175,3,187,221,0,221,408
02/22/2023,MYF,CA,AWP,WE,Towers with Radar,0,0,16,4,20,0,0,14,3,17,0,0,30,7,37,30,0,30,67
02/23/2023,MYF,CA,AWP,WE,Towers with Radar,0,0,20,2,22,0,3,13,2,18,0,3,33,4,40,144,0,144,184
02/24/2023,MYF,CA,AWP,WE,Towers with Radar,0,6,11,0,17,0,6,25,0,31,0,12,36,0,48,94,0,94,142
02/25/2023,MYF,CA,AWP,WE,Towers with Radar,0,4,7,0,11,0,2,15,0,17,0,6,22,0,28,39,0,39,67
02/26/2023,MYF,CA,AWP,WE,Towers with Radar,0,1,32,0,33,0,5,137,0,142,0,6,169,0,175,742,0,742,917
02/27/2023,MYF,CA,AWP,WE,Towers with Radar,0,4,55,3,62,0,0,202,1,203,0,4,257,4,265,801,1,802,1067
02/28/2023,MYF,CA,AWP,WE,Towers with Radar,0,0,40,3,43,0,3,59,2,64,0,3,99,5,107,746,0,746,853
03/01/2023,MYF,CA,AWP,WE,Towers with Radar,0,0,18,0,18,0,5,15,1,21,0,5,33,1,39,10,0,10,49
03/02/2023,MYF,CA,AWP,WE,Towers with Radar,0,6,70,1,77,0,17,434,5,456,0,23,504,6,533,686,6,692,1225
03/03/2023,MYF,CA,AWP,WE,Towers with Radar,0,5,78,0,83,0,11,428,3,442,0,16,506,3,525,540,2,542,1067
03/04/2023,MYF,CA,AWP,WE,Towers with Radar,0,13,84,0,97,0,3,93,0,96,0,16,177,0,193,704,0,704,897
03/05/2023,MYF,CA,AWP,WE,Towers with Radar,0,3,46,0,49,0,4,185,0,189,0,7,231,0,238,793,1,794,1032
03/06/2023,MYF,CA,AWP,WE,Towers with Radar,0,7,74,2,83,0,6,220,3,229,0,13,294,5,312,833,0,833,1145
03/07/2023,MYF,CA,AWP,WE,Towers with Radar,0,11,75,1,87,0,7,359,3,369,0,18,434,4,456,858,0,858,1314
03/08/2023,MYF,CA,AWP,WE,Towers with Radar,0,8,83,2,93,0,7,291,7,305,0,15,374,9,398,565,0,565,963
03/09/2023,MYF,CA,AWP,WE,Towers with Radar,0,9,91,1,101,0,12,374,5,391,0,21,465,6,492,742,0,742,1234
03/10/2023,MYF,CA,AWP,WE,Towers with Radar,0,0,63,2,65,0,0,50,2,52,0,0,113,4,117,511,0,511,628
03/11/2023,MYF,CA,AWP,WE,Towers with Radar,0,0,34,0,34,0,0,9,0,9,0,0,43,0,43,67,0,67,110
03/12/2023,MYF,CA,AWP,WE,Towers with Radar,0,1,77,0,78,0,3,46,1,50,0,4,123,1,128,207,0,207,335
03/13/2023,MYF,CA,AWP,WE,Towers with Radar,0,1,16,1,18,0,5,17,1,23,0,6,33,2,41,0,0,0,41
03/14/2023,MYF,CA,AWP,WE,Towers with Radar,0,1,31,0,32,0,2,44,0,46,0,3,75,0,78,215,0,215,293
03/15/2023,MYF,CA,AWP,WE,Towers with Radar,0,0,21,3,24,0,0,1,0,1,0,0,22,3,25,0,0,0,25
03/16/2023,MYF,CA,AWP,WE,Towers with Radar,0,11,121,2,134,0,2,192,1,195,0,13,313,3,329,878,0,878,1207
03/17/2023,MYF,CA,AWP,WE,Towers with Radar,0,12,74,0,86,0,11,340,4,355,0,23,414,4,441,415,0,415,856
03/18/2023,MYF,CA,AWP,WE,Towers with Radar,0,14,52,0,66,0,9,332,0,341,0,23,384,0,407,665,0,665,1072
03/19/2023,MYF,CA,AWP,WE,Towers with Radar,0,6,55,0,61,0,2,164,1,167,0,8,219,1,228,529,0,529,757
03/20/2023,MYF,CA,AWP,WE,Towers with Radar,0,4,55,1,60,0,1,18,1,20,0,5,73,2,80,206,0,206,286
03/21/2023,MYF,CA,AWP,WE,Towers with Radar,0,1,13,0,14,0,0,5,0,5,0,1,18,0,19,30,0,30,49
03/22/2023,MYF,CA,AWP,WE,Towers with Radar,0,1,47,2,50,0,4,104,5,113,0,5,151,7,163,286,0,286,449
03/23/2023,MYF,CA,AWP,WE,Towers with Radar,0,3,51,4,58,0,8,54,1,63,0,11,105,5,121,326,0,326,447
03/24/2023,MYF,CA,AWP,WE,Towers with Radar,0,10,105,2,117,0,15,373,0,388,0,25,478,2,505,786,0,786,1291
03/25/2023,MYF,CA,AWP,WE,Towers with Radar,0,20,75,0,95,0,6,294,0,300,0,26,369,0,395,584,0,584,979
03/26/2023,MYF,CA,AWP,WE,Towers with Radar,0,5,50,1,56,0,13,355,0,368,0,18,405,1,424,460,0,460,884
03/27/2023,MYF,CA,AWP,WE,Towers with Radar,0,7,72,0,79,0,15,356,5,376,0,22,428,5,455,775,0,775,1230
03/28/2023,MYF,CA,AWP,WE,Towers with Radar,0,12,61,1,74,0,13,398,6,417,0,25,459,7,491,751,0,751,1242
03/29/2023,MYF,CA,AWP,WE,Towers with Radar,0,0,35,2,37,0,3,14,3,20,0,3,49,5,57,71,0,71,128
03/30/2023,MYF,CA,AWP,WE,Towers with Radar,0,0,29,0,29,0,2,45,2,49,0,2,74,2,78,142,0,142,220
03/31/2023,MYF,CA,AWP,WE,Towers with Radar,0,9,95,1,105,0,21,355,0,376,0,30,450,1,481,779,0,779,1260
04/01/2023,MYF,CA,AWP,WE,Towers with Radar,0,23,61,0,84,0,10,385,2,397,0,33,446,2,481,433,0,433,914
04/02/2023,MYF,CA,AWP,WE,Towers with Radar,0,5,69,1,75,0,0,231,0,231,0,5,300,1,306,335,0,335,641
04/03/2023,MYF,CA,AWP,WE,Towers with Radar,0,6,30,2,38,0,9,63,1,73,0,15,93,3,111,193,0,193,304
04/04/2023,MYF,CA,AWP,WE,Towers with Radar,0,4,60,1,65,0,17,298,6,321,0,21,358,7,386,419,0,419,805
04/05/2023,MYF,CA,AWP,WE,Towers with Radar,0,12,66,0,78,0,8,363,0,371,0,20,429,0,449,608,2,610,1059
04/06/2023,MYF,CA,AWP,WE,Towers with Radar,0,10,61,1,72,0,17,365,2,384,0,27,426,3,456,591,0,591,1047
04/07/2023,MYF,CA,AWP,WE,Towers with Radar,0,10,58,1,69,0,15,352,5,372,0,25,410,6,441,701,0,701,1142
04/08/2023,MYF,CA,AWP,WE,Towers with Radar,0,12,51,0,63,0,14,293,2,309,0,26,344,2,372,476,0,476,848
04/09/2023,MYF,CA,AWP,WE,Towers with Radar,0,8,47,0,55,0,12,165,0,177,0,20,212,0,232,334,0,334,566
04/10/2023,MYF,CA,AWP,WE,Towers with Radar,0,9,64,2,75,0,5,202,4,211,0,14,266,6,286,480,0,480,766
04/11/2023,MYF,CA,AWP,WE,Towers with Radar,0,7,52,3,62,0,6,196,3,205,0,13,248,6,267,597,0,597,864
04/12/2023,MYF,CA,AWP,WE,Towers with Radar,0,8,118,5,131,0,5,11,2,18,0,13,129,7,149,22,0,22,171
04/13/2023,MYF,CA,AWP,WE,Towers with Radar,0,14,107,3,124,0,0,66,1,67,0,14,173,4,191,358,0,358,549
04/14/2023,MYF,CA,AWP,WE,Towers with Radar,0,16,94,2,112,0,8,220,6,234,0,24,314,8,346,955,0,955,1301
04/15/2023,MYF,CA,AWP,WE,Towers with Radar,0,8,70,1,79,0,6,330,2,338,0,14,400,3,417,663,0,663,1080
04/16/2023,MYF,CA,AWP,WE,Towers with Radar,0,5,114,0,119,0,7,23,0,30,0,12,137,0,149,14,0,14,163
04/17/2023,MYF,CA,AWP,WE,Towers with Radar,0,4,95,6,105,0,2,23,0,25,0,6,118,6,130,307,0,307,437
04/18/2023,MYF,CA,AWP,WE,Towers with Radar,0,8,105,5,118,0,15,133,9,157,0,23,238,14,275,698,0,698,973
04/19/2023,MYF,CA,AWP,WE,Towers with Radar,0,13,76,1,90,0,24,322,4,350,0,37,398,5,440,797,0,797,1237
04/20/2023,MYF,CA,AWP,WE,Towers with Radar,0,9,79,2,90,0,27,388,7,422,0,36,467,9,512,630,0,630,1142
04/21/2023,MYF,CA,AWP,WE,Towers with Radar,0,8,58,1,67,0,29,462,3,494,0,37,520,4,561,507,0,507,1068
04/22/2023,MYF,CA,AWP,WE,Towers with Radar,0,8,47,0,55,0,12,339,1,352,0,20,386,1,407,697,0,697,1104
04/23/2023,MYF,CA,AWP,WE,Towers with Radar,0,13,48,0,61,0,10,205,1,216,0,23,253,1,277,404,0,404,681
04/24/2023,MYF,CA,AWP,WE,Towers with Radar,0,2,101,1,104,0,13,227,1,241,0,15,328,2,345,640,0,640,985
04/25/2023,MYF,CA,AWP,WE,Towers with Radar,0,13,110,3,126,0,5,91,4,100,0,18,201,7,226,776,0,776,1002
04/26/2023,MYF,CA,AWP,WE,Towers with Radar,0,2,102,2,106,0,13,213,8,234,0,15,315,10,340,452,0,452,792
04/27/2023,MYF,CA,AWP,WE,Towers with Radar,0,3,67,4,74,0,12,263,3,278,0,15,330,7,352,476,0,476,828
04/28/2023,MYF,CA,AWP,WE,Towers with Radar,0,18,60,1,79,0,16,258,0,274,0,34,318,1,353,479,0,479,832
04/29/2023,MYF,CA,AWP,WE,Towers with Radar,0,12,73,0,85,0,3,237,2,242,0,15,310,2,327,381,0,381,708
04/30/2023,MYF,CA,AWP,WE,Towers with Radar,0,15,89,1,105,0,3,49,0,52,0,18,138,1,157,83,0,83,240
05/01/2023,MYF,CA,AWP,WE,Towers with Radar,0,11,87,2,100,0,7,74,0,81,0,18,161,2,181,953,0,953,1134
05/02/2023,MYF,CA,AWP,WE,Towers with Radar,0,12,93,3,108,0,9,224,2,235,0,21,317,5,343,981,0,981,1324
05/03/2023,MYF,CA,AWP,WE,Towers with Radar,0,6,73,1,80,0,15,268,1,284,0,21,341,2,364,1049,0,1049,1413
05/04/2023,MYF,CA,AWP,WE,Towers with Radar,0,6,55,1,62,0,2,77,1,80,0,8,132,2,142,414,0,414,556
05/05/2023,MYF,CA,AWP,WE,Towers with Radar,0,7,82,0,89,0,5,198,0,203,0,12,280,0,292,938,0,938,1230
05/06/2023,MYF,CA,AWP,WE,Towers with Radar,0,5,45,1,51,0,28,369,0,397,0,33,414,1,448,541,0,541,989
05/07/2023,MYF,CA,AWP,WE,Towers with Radar,0,7,71,0,78,0,6,310,1,317,0,13,381,1,395,669,0,669,1064
05/08/2023,MYF,CA,AWP,WE,Towers with Radar,0,6,72,2,80,0,11,269,3,283,0,17,341,5,363,655,0,655,1018
05/09/2023,MYF,CA,AWP,WE,Towers with Radar,0,5,88,3,96,0,15,263,4,282,0,20,351,7,378,739,0,739,1117
05/10/2023,MYF,CA,AWP,WE,Towers with Radar,0,6,88,3,97,0,9,200,6,215,0,15,288,9,312,1088,0,1088,1400
05/11/2023,MYF,CA,AWP,WE,Towers with Radar,0,11,89,2,102,0,20,286,7,313,0,31,375,9,415,850,0,850,1265
05/12/2023,MYF,CA,AWP,WE,Towers with Radar,0,9,103,0,112,0,6,164,1,171,0,15,267,1,283,676,0,676,959
05/13/2023,MYF,CA,AWP,WE,Towers with Radar,0,8,91,3,102,0,8,128,3,139,0,16,219,6,241,203,0,203,444
05/14/2023,MYF,CA,AWP,WE,Towers with Radar,0,10,73,2,85,0,7,83,0,90,0,17,156,2,175,170,0,170,345
05/15/2023,MYF,CA,AWP,WE,Towers with Radar,0,9,113,4,126,0,4,130,1,135,0,13,243,5,261,513,4,517,778
05/16/2023,MYF,CA,AWP,WE,Towers with Radar,0,8,77,2,87,0,12,247,1,260,0,20,324,3,347,551,0,551,898
05/17/2023,MYF,CA,AWP,WE,Towers with Radar,0,5,102,1,108,0,3,62,0,65,0,8,164,1,173,129,0,129,302
05/18/2023,MYF,CA,AWP,WE,Towers with Radar,0,2,71,2,75,0,8,90,3,101,0,10,161,5,176,538,0,538,714
05/19/2023,MYF,CA,AWP,WE,Towers with Radar,0,7,117,0,124,0,6,141,0,147,0,13,258,0,271,608,0,608,879
05/20/2023,MYF,CA,AWP,WE,Towers with Radar,0,14,93,2,109,0,16,114,2,132,0,30,207,4,241,442,0,442,683
05/21/2023,MYF,CA,AWP,WE,Towers with Radar,0,9,70,0,79,0,4,146,0,150,0,13,216,0,229,402,0,402,631
05/22/2023,MYF,CA,AWP,WE,Towers with Radar,0,11,137,2,150,0,4,26,1,31,0,15,163,3,181,62,0,62,243
05/23/2023,MYF,CA,AWP,WE,Towers with Radar,0,8,119,3,130,0,5,12,0,17,0,13,131,3,147,245,0,245,392
05/24/2023,MYF,CA,AWP,WE,Towers with Radar,0,11,113,3,127,0,7,74,2,83,0,18,187,5,210,982,0,982,1192
05/25/2023,MYF,CA,AWP,WE,Towers with Radar,0,20,105,3,128,0,6,287,1,294,0,26,392,4,422,890,0,890,1312
05/26/2023,MYF,CA,AWP,WE,Towers with Radar,0,9,107,0,116,0,10,308,3,321,0,19,415,3,437,907,0,907,1344
05/27/2023,MYF,CA,AWP,WE,Towers with Radar,0,4,99,0,103,0,11,110,0,121,0,15,209,0,224,801,0,801,1025
05/28/2023,MYF,CA,AWP,WE,Towers with Radar,0,4,78,1,83,0,6,67,0,73,0,10,145,1,156,776,0,776,932
05/29/2023,MYF,CA,AWP,WE,Towers with Radar,0,11,90,0,101,0,2,31,0,33,0,13,121,0,134,345,0,345,479
05/30/2023,MYF,CA,AWP,WE,Towers with Radar,0,8,116,2,126,0,2,81,0,83,0,10,197,2,209,1076,0,1076,1285
05/31/2023,MYF,CA,AWP,WE,Towers with Radar,0,12,86,1,99,0,10,148,1,159,0,22,234,2,258,1174,0,1174,1432
06/01/2023,MYF,CA,AWP,WE,Towers with Radar,0,11,124,4,139,0,3,58,0,61,0,14,182,4,200,458,0,458,658
06/02/2023,MYF,CA,AWP,WE,Towers with Radar,0,9,91,2,102,0,23,190,1,214,0,32,281,3,316,759,0,759,1075
06/03/2023,MYF,CA,AWP,WE,Towers with Radar,0,7,103,0,110,0,10,107,2,119,0,17,210,2,229,418,0,418,647
06/04/2023,MYF,CA,AWP,WE,Towers with Radar,0,10,98,3,111,0,14,212,1,227,0,24,310,4,338,508,0,508,846
06/05/2023,MYF,CA,AWP,WE,Towers with Radar,0,17,110,1,128,0,10,98,1,109,0,27,208,2,237,783,0,783,1020
06/06/2023,MYF,CA,AWP,WE,Towers with Radar,0,11,96,5,112,0,15,180,2,197,0,26,276,7,309,792,0,792,1101
06/07/2023,MYF,CA,AWP,WE,Towers with Radar,0,15,93,6,114,0,10,205,6,221,0,25,298,12,335,768,0,768,1103
06/08/2023,MYF,CA,AWP,WE,Towers with Radar,0,7,103,3,113,0,4,242,1,247,0,11,345,4,360,760,0,760,1120
06/09/2023,MYF,CA,AWP,WE,Towers with Radar,0,11,120,3,134,0,4,100,0,104,0,15,220,3,238,783,0,783,1021
06/10/2023,MYF,CA,AWP,WE,Towers with Radar,0,8,99,2,109,0,2,29,0,31,0,10,128,2,140,248,0,248,388
06/11/2023,MYF,CA,AWP,WE,Towers with Radar,0,4,89,3,96,0,0,18,1,19,0,4,107,4,115,114,0,114,229
06/12/2023,MYF,CA,AWP,WE,Towers with Radar,0,8,98,4,110,0,1,41,2,44,0,9,139,6,154,739,0,739,893
06/13/2023,MYF,CA,AWP,WE,Towers with Radar,0,4,94,4,102,0,9,80,4,93,0,13,174,8,195,636,0,636,831
06/14/2023,MYF,CA,AWP,WE,Towers with Radar,0,4,106,3,113,0,12,136,1,149,0,16,242,4,262,656,0,656,918
06/15/2023,MYF,CA,AWP,WE,Towers with Radar,0,9,104,6,119,0,12,201,3,216,0,21,305,9,335,754,0,754,1089
06/16/2023,MYF,CA,AWP,WE,Towers with Radar,0,12,78,4,94,0,26,353,4,383,0,38,431,8,477,588,0,588,1065
06/17/2023,MYF,CA,AWP,WE,Towers with Radar,0,17,69,2,88,0,12,302,1,315,0,29,371,3,403,443,0,443,846
06/18/2023,MYF,CA,AWP,WE,Towers with Radar,0,10,61,3,74,0,10,159,1,170,0,20,220,4,244,271,0,271,515
06/19/2023,MYF,CA,AWP,WE,Towers with Radar,0,16,85,2,103,0,14,244,3,261,0,30,329,5,364,799,0,799,1163
06/20/2023,MYF,CA,AWP,WE,Towers with Radar,0,8,219,3,230,0,6,234,2,242,0,14,453,5,472,612,2,614,1086
06/21/2023,MYF,CA,AWP,WE,Towers with Radar,0,7,76,2,85,0,14,341,5,360,0,21,417,7,445,634,0,634,1079
06/22/2023,MYF,CA,AWP,WE,Towers with Radar,0,8,95,1,104,0,20,274,1,295,0,28,369,2,399,690,0,690,1089
06/23/2023,MYF,CA,AWP,WE,Towers with Radar,0,15,65,4,84,0,16,361,2,379,0,31,426,6,463,730,0,730,1193
06/24/2023,MYF,CA,AWP,WE,Towers with Radar,0,21,63,6,90,0,11,309,2,322,0,32,372,8,412,751,0,751,1163
06/25/2023,MYF,CA,AWP,WE,Towers with Radar,0,8,77,1,86,0,9,242,0,251,0,17,319,1,337,643,0,643,980
06/26/2023,MYF,CA,AWP,WE,Towers with Radar,0,7,56,2,65,0,9,296,3,308,0,16,352,5,373,598,2,600,973
06/27/2023,MYF,CA,AWP,WE,Towers with Radar,0,7,54,2,63,0,12,320,4,336,0,19,374,6,399,661,2,663,1062
06/28/2023,MYF,CA,AWP,WE,Towers with Radar,0,14,78,2,94,0,10,301,2,313,0,24,379,4,407,668,3,671,1078
06/29/2023,MYF,CA,AWP,WE,Towers with Radar,0,9,83,2,94,0,22,290,10,322,0,31,373,12,416,721,5,726,1142
06/30/2023,MYF,CA,AWP,WE,Towers with Radar,0,13,96,2,111,0,5,327,2,334,0,18,423,4,445,594,0,594,1039
07/01/2023,MYF,CA,AWP,WE,Towers with Radar,0,22,56,1,79,0,9,262,0,271,0,31,318,1,350,436,1,437,787
07/02/2023,MYF,CA,AWP,WE,Towers with Radar,0,9,54,0,63,0,9,184,0,193,0,18,238,0,256,499,0,499,755
07/03/2023,MYF,CA,AWP,WE,Towers with Radar,0,4,84,0,88,0,11,219,0,230,0,15,303,0,318,528,0,528,846
07/04/2023,MYF,CA,AWP,WE,Towers with Radar,0,9,18,0,27,0,7,141,0,148,0,16,159,0,175,389,0,389,564
07/05/2023,MYF,CA,AWP,WE,Towers with Radar,0,7,73,0,80,0,14,254,4,272,0,21,327,4,352,596,0,596,948
07/06/2023,MYF,CA,AWP,WE,Towers with Radar,0,2,74,3,79,0,14,302,4,320,0,16,376,7,399,616,0,616,1015
07/07/2023,MYF,CA,AWP,WE,Towers with Radar,0,10,64,0,74,0,9,303,1,313,0,19,367,1,387,711,0,711,1098
07/08/2023,MYF,CA,AWP,WE,Towers with Radar,0,12,60,0,72,0,15,270,1,286,0,27,330,1,358,612,0,612,970
07/09/2023,MYF,CA,AWP,WE,Towers with Radar,0,9,67,0,76,0,7,224,0,231,0,16,291,0,307,430,0,430,737
07/10/2023,MYF,CA,AWP,WE,Towers with Radar,0,8,65,0,73,0,19,295,2,316,0,27,360,2,389,631,0,631,1020
07/11/2023,MYF,CA,AWP,WE,Towers with Radar,0,6,46,1,53,0,26,338,3,367,0,32,384,4,420,747,5,752,1172
07/12/2023,MYF,CA,AWP,WE,Towers with Radar,0,14,69,2,85,0,20,317,4,341,0,34,386,6,426,836,0,836,1262
07/13/2023,MYF,CA,AWP,WE,Towers with Radar,0,11,70,1,82,0,20,343,4,367,0,31,413,5,449,606,0,606,1055
07/14/2023,MYF,CA,AWP,WE,Towers with Radar,0,16,70,2,88,0,22,321,3,346,0,38,391,5,434,741,0,741,1175
07/15/2023,MYF,CA,AWP,WE,Towers with Radar,0,7,60,0,67,0,13,316,1,330,0,20,376,1,397,608,0,608,1005
07/16/2023,MYF,CA,AWP,WE,Towers with Radar,0,4,57,0,61,0,14,232,2,248,0,18,289,2,309,523,0,523,832
07/17/2023,MYF,CA,AWP,WE,Towers with Radar,0,7,52,1,60,0,13,232,10,255,0,20,284,11,315,676,14,690,1005
07/18/2023,MYF,CA,AWP,WE,Towers with Radar,0,10,44,1,55,0,16,284,3,303,0,26,328,4,358,634,0,634,992
07/19/2023,MYF,CA,AWP,WE,Towers with Radar,0,8,62,1,71,0,15,330,4,349,0,23,392,5,420,914,0,914,1334
07/20/2023,MYF,CA,AWP,WE,Towers with Radar,0,11,49,0,60,0,10,313,5,328,0,21,362,5,388,782,0,782,1170
07/21/2023,MYF,CA,AWP,WE,Towers with Radar,0,14,91,1,106,0,7,264,2,273,0,21,355,3,379,523,0,523,902
07/22/2023,MYF,CA,AWP,WE,Towers with Radar,0,10,60,0,70,0,10,261,1,272,0,20,321,1,342,590,0,590,932
07/23/2023,MYF,CA,AWP,WE,Towers with Radar,0,6,47,0,53,0,7,111,0,118,0,13,158,0,171,434,0,434,605
07/24/2023,MYF,CA,AWP,WE,Towers with Radar,0,4,58,1,63,0,9,275,4,288,0,13,333,5,351,718,0,718,1069
07/25/2023,MYF,CA,AWP,WE,Towers with Radar,0,9,59,2,70,0,13,290,3,306,0,22,349,5,376,692,0,692,1068
07/26/2023,MYF,CA,AWP,WE,Towers with Radar,0,12,76,1,89,0,18,344,5,367,0,30,420,6,456,804,0,804,1260
07/27/2023,MYF,CA,AWP,WE,Towers with Radar,0,12,74,1,87,0,17,245,9,271,0,29,319,10,358,673,0,673,1031
07/28/2023,MYF,CA,AWP,WE,Towers with Radar,0,10,110,3,123,0,9,159,1,169,0,19,269,4,292,404,0,404,696
07/29/2023,MYF,CA,AWP,WE,Towers with Radar,0,8,56,1,65,0,12,267,0,279,0,20,323,1,344,525,0,525,869
07/30/2023,MYF,CA,AWP,WE,Towers with Radar,0,9,80,0,89,0,7,162,0,169,0,16,242,0,258,476,0,476,734
07/31/2023,MYF,CA,AWP,WE,Towers with Radar,0,4,38,2,44,0,7,156,2,165,0,11,194,4,209,854,0,854,1063
08/01/2023,MYF,CA,AWP,WE,Towers with Radar,0,10,58,2,70,0,3,297,3,303,0,13,355,5,373,796,0,796,1169
08/02/2023,MYF,CA,AWP,WE,Towers with Radar,0,13,75,2,90,0,11,305,2,318,0,24,380,4,408,670,0,670,1078
08/03/2023,MYF,CA,AWP,WE,Towers with Radar,0,6,61,4,71,0,12,291,6,309,0,18,352,10,380,699,0,699,1079
08/04/2023,MYF,CA,AWP,WE,Towers with Radar,0,19,45,1,65,0,19,352,1,372,0,38,397,2,437,693,0,693,1130
08/05/2023,MYF,CA,AWP,WE,Towers with Radar,0,9,57,0,66,0,18,295,0,313,0,27,352,0,379,461,0,461,840
08/06/2023,MYF,CA,AWP,WE,Towers with Radar,0,10,61,0,71,0,11,224,0,235,0,21,285,0,306,335,0,335,641
08/07/2023,MYF,CA,AWP,WE,Towers with Radar,0,14,58,1,73,0,9,291,4,304,0,23,349,5,377,625,0,625,1002
08/08/2023,MYF,CA,AWP,WE,Towers with Radar,0,6,58,1,65,0,13,309,4,326,0,19,367,5,391,748,0,748,1139
08/09/2023,MYF,CA,AWP,WE,Towers with Radar,0,10,76,2,88,0,10,287,3,300,0,20,363,5,388,798,0,798,1186
08/10/2023,MYF,CA,AWP,WE,Towers with Radar,0,13,93,3,109,0,12,204,2,218,0,25,297,5,327,873,0,873,1200
08/11/2023,MYF,CA,AWP,WE,Towers with Radar,0,14,126,4,144,0,10,99,3,112,0,24,225,7,256,631,2,633,889
08/12/2023,MYF,CA,AWP,WE,Towers with Radar,0,12,74,1,87,0,22,191,1,214,0,34,265,2,301,494,0,494,795
08/13/2023,MYF,CA,AWP,WE,Towers with Radar,0,9,69,2,80,0,16,183,1,200,0,25,252,3,280,503,0,503,783
08/14/2023,MYF,CA,AWP,WE,Towers with Radar,0,21,89,4,114,0,18,236,7,261,0,39,325,11,375,528,0,528,903
08/15/2023,MYF,CA,AWP,WE,Towers with Radar,0,10,53,3,66,0,20,190,1,211,0,30,243,4,277,553,0,553,830
08/16/2023,MYF,CA,AWP,WE,Towers with Radar,0,9,57,1,67,0,28,326,12,366,0,37,383,13,433,761,0,761,1194
08/17/2023,MYF,CA,AWP,WE,Towers with Radar,0,13,62,1,76,0,17,354,4,375,0,30,416,5,451,586,0,586,1037
08/18/2023,MYF,CA,AWP,WE,Towers with Radar,0,9,59,0,68,0,4,346,3,353,0,13,405,3,421,657,0,657,1078
08/19/2023,MYF,CA,AWP,WE,Towers with Radar,0,4,42,0,46,0,4,95,0,99,0,8,137,0,145,419,0,419,564
08/20/2023,MYF,CA,AWP,WE,Towers with Radar,0,0,6,0,6,0,0,1,0,1,0,0,7,0,7,27,0,27,34
08/21/2023,MYF,CA,AWP,WE,Towers with Radar,0,6,32,0,38,0,5,44,1,50,0,11,76,1,88,358,0,358,446
08/22/2023,MYF,CA,AWP,WE,Towers with Radar,0,5,63,1,69,0,11,317,6,334,0,16,380,7,403,534,2,536,939
08/23/2023,MYF,CA,AWP,WE,Towers with Radar,0,12,61,1,74,0,11,376,6,393,0,23,437,7,467,640,16,656,1123
08/24/2023,MYF,CA,AWP,WE,Towers with Radar,0,9,107,4,120,0,27,293,10,330,0,36,400,14,450,582,6,588,1038
08/25/2023,MYF,CA,AWP,WE,Towers with Radar,0,12,75,1,88,0,20,298,12,330,0,32,373,13,418,707,0,707,1125
08/26/2023,MYF,CA,AWP,WE,Towers with Radar,0,19,50,0,69,0,8,287,1,296,0,27,337,1,365,579,0,579,944
08/27/2023,MYF,CA,AWP,WE,Towers with Radar,0,4,65,0,69,0,15,318,1,334,0,19,383,1,403,548,0,548,951
08/28/2023,MYF,CA,AWP,WE,Towers with Radar,0,6,61,1,68,0,23,300,5,328,0,29,361,6,396,710,10,720,1116
08/29/2023,MYF,CA,AWP,WE,Towers with Radar,0,8,61,4,73,0,7,339,3,349,0,15,400,7,422,693,0,693,1115
08/30/2023,MYF,CA,AWP,WE,Towers with Radar,0,21,70,2,93,0,17,268,6,291,0,38,338,8,384,474,0,474,858
08/31/2023,MYF,CA,AWP,WE,Towers with Radar,0,8,75,2,85,0,11,210,2,223,0,19,285,4,308,574,0,574,882
