01/01/2000,MYR,SC,ASO,ES,Towers with Radar,22,27,25,0,74,1,0,18,0,19,23,27,43,0,93,36,0,36,129
01/02/2000,MYR,SC,ASO,ES,Towers with Radar,27,37,26,0,90,1,2,42,0,45,28,39,68,0,135,84,0,84,219
01/03/2000,MYR,SC,ASO,ES,Towers with Radar,24,36,30,12,102,1,0,33,0,34,25,36,63,12,136,86,20,106,242
01/04/2000,MYR,SC,ASO,ES,Towers with Radar,24,30,23,3,80,4,5,0,8,17,28,35,23,11,97,18,42,60,157
01/05/2000,MYR,SC,ASO,ES,Towers with Radar,31,39,32,4,106,0,1,42,2,45,31,40,74,6,151,52,4,56,207
01/06/2000,MYR,SC,ASO,ES,Towers with Radar,38,35,36,5,114,1,0,32,0,33,39,35,68,5,147,38,10,48,195
01/07/2000,MYR,SC,ASO,ES,Towers with Radar,33,53,46,9,141,1,2,15,0,18,34,55,61,9,159,46,18,64,223
01/08/2000,MYR,SC,ASO,ES,Towers with Radar,31,31,31,0,93,2,0,49,0,51,33,31,80,0,144,64,0,64,208
01/09/2000,MYR,SC,ASO,ES,Towers with Radar,41,40,38,2,121,1,0,6,0,7,42,40,44,2,128,95,0,95,223
01/10/2000,MYR,SC,ASO,ES,Towers with Radar,20,28,24,0,72,0,11,9,0,20,20,39,33,0,92,42,0,42,134
01/11/2000,MYR,SC,ASO,ES,Towers with Radar,30,37,31,4,102,0,4,40,0,44,30,41,71,4,146,38,4,42,188
01/12/2000,MYR,SC,ASO,ES,Towers with Radar,26,41,35,5,107,0,4,63,0,67,26,45,98,5,174,124,10,134,308
01/13/2000,MYR,SC,ASO,ES,Towers with Radar,29,37,32,3,101,0,5,14,1,20,29,42,46,4,121,70,0,70,191
01/14/2000,MYR,SC,ASO,ES,Towers with Radar,31,36,31,3,101,0,1,27,1,29,31,37,58,4,130,42,14,56,186
01/15/2000,MYR,SC,ASO,ES,Towers with Radar,28,33,28,3,92,2,2,46,4,54,30,35,74,7,146,133,8,141,287
01/16/2000,MYR,SC,ASO,ES,Towers with Radar,29,31,30,3,93,0,0,22,2,24,29,31,52,5,117,60,6,66,183
01/17/2000,MYR,SC,ASO,ES,Towers with Radar,30,35,38,4,107,0,0,58,0,58,30,35,96,4,165,108,0,108,273
01/18/2000,MYR,SC,ASO,ES,Towers with Radar,11,13,6,0,30,20,7,0,0,27,31,20,6,0,57,0,0,0,57
01/19/2000,MYR,SC,ASO,ES,Towers with Radar,39,36,41,4,120,0,0,39,0,39,39,36,80,4,159,54,4,58,217
01/20/2000,MYR,SC,ASO,ES,Towers with Radar,27,36,22,3,88,0,17,0,0,17,27,53,22,3,105,30,0,30,135
01/21/2000,MYR,SC,ASO,ES,Towers with Radar,29,37,43,5,114,0,0,53,11,64,29,37,96,16,178,23,8,31,209
01/22/2000,MYR,SC,ASO,ES,Towers with Radar,26,35,28,3,92,0,1,34,2,37,26,36,62,5,129,58,2,60,189
01/23/2000,MYR,SC,ASO,ES,Towers with Radar,13,15,8,0,36,4,13,0,0,17,17,28,8,0,53,0,0,0,53
01/24/2000,MYR,SC,ASO,ES,Towers with Radar,15,18,12,1,46,6,14,0,0,20,21,32,12,1,66,0,0,0,66
01/25/2000,MYR,SC,ASO,ES,Towers with Radar,5,6,4,0,15,3,3,14,0,20,8,9,18,0,35,0,0,0,35
01/26/2000,MYR,SC,ASO,ES,Towers with Radar,28,32,31,3,94,0,0,36,0,36,28,32,67,3,130,48,2,50,180
01/27/2000,MYR,SC,ASO,ES,Towers with Radar,27,37,36,4,104,0,0,50,7,57,27,37,86,11,161,64,16,80,241
01/28/2000,MYR,SC,ASO,ES,Towers with Radar,29,24,32,1,86,0,0,42,0,42,29,24,74,1,128,96,0,96,224
01/29/2000,MYR,SC,ASO,ES,Towers with Radar,9,10,8,0,27,16,4,2,2,24,25,14,10,2,51,8,0,8,59
01/30/2000,MYR,SC,ASO,ES,Towers with Radar,8,9,4,0,21,17,6,0,0,23,25,15,4,0,44,0,0,0,44
01/31/2000,MYR,SC,ASO,ES,Towers with Radar,27,36,40,4,107,0,0,11,8,19,27,36,51,12,126,26,16,42,168
02/01/2000,MYR,SC,ASO,ES,Towers with Radar,35,35,49,5,124,0,0,56,1,57,35,35,105,6,181,127,18,145,326
02/02/2000,MYR,SC,ASO,ES,Towers with Radar,25,45,52,5,127,0,6,50,2,58,25,51,102,7,185,125,8,133,318
02/03/2000,MYR,SC,ASO,ES,Towers with Radar,26,43,50,1,120,0,1,65,0,66,26,44,115,1,186,124,0,124,310
02/04/2000,MYR,SC,ASO,ES,Towers with Radar,24,41,48,5,118,0,7,41,8,56,24,48,89,13,174,52,12,64,238
02/05/2000,MYR,SC,ASO,ES,Towers with Radar,26,28,35,2,91,10,0,52,0,62,36,28,87,2,153,79,0,79,232
02/06/2000,MYR,SC,ASO,ES,Towers with Radar,25,32,37,1,95,0,8,63,0,71,25,40,100,1,166,141,0,141,307
02/07/2000,MYR,SC,ASO,ES,Towers with Radar,26,35,41,4,106,0,6,39,0,45,26,41,80,4,151,32,0,32,183
02/08/2000,MYR,SC,ASO,ES,Towers with Radar,28,34,40,4,106,0,6,42,0,48,28,40,82,4,154,72,6,78,232
02/09/2000,MYR,SC,ASO,ES,Towers with Radar,22,36,43,4,105,0,12,20,1,33,22,48,63,5,138,40,20,60,198
02/10/2000,MYR,SC,ASO,ES,Towers with Radar,33,37,44,4,118,1,8,43,2,54,34,45,87,6,172,60,16,76,248
02/11/2000,MYR,SC,ASO,ES,Towers with Radar,24,42,49,0,115,0,2,63,0,65,24,44,112,0,180,86,2,88,268
02/12/2000,MYR,SC,ASO,ES,Towers with Radar,23,24,32,0,79,18,0,3,0,21,41,24,35,0,100,36,0,36,136
02/13/2000,MYR,SC,ASO,ES,Towers with Radar,28,32,32,2,94,0,0,0,0,0,28,32,32,2,94,0,0,0,94
02/14/2000,MYR,SC,ASO,ES,Towers with Radar,21,22,27,1,71,12,10,2,0,24,33,32,29,1,95,10,0,10,105
02/15/2000,MYR,SC,ASO,ES,Towers with Radar,33,37,48,4,122,0,0,48,6,54,33,37,96,10,176,75,2,77,253
02/16/2000,MYR,SC,ASO,ES,Towers with Radar,35,37,50,0,122,0,0,62,0,62,35,37,112,0,184,92,0,92,276
02/17/2000,MYR,SC,ASO,ES,Towers with Radar,33,51,61,4,149,0,0,39,0,39,33,51,100,4,188,54,12,66,254
02/18/2000,MYR,SC,ASO,ES,Towers with Radar,33,35,43,3,114,10,9,5,0,24,43,44,48,3,138,4,0,4,142
02/19/2000,MYR,SC,ASO,ES,Towers with Radar,29,25,38,0,92,20,0,11,0,31,49,25,49,0,123,0,0,0,123
02/20/2000,MYR,SC,ASO,ES,Towers with Radar,35,32,46,2,115,4,0,58,0,62,39,32,104,2,177,56,0,56,233
02/21/2000,MYR,SC,ASO,ES,Towers with Radar,32,29,41,0,102,6,0,27,0,33,38,29,68,0,135,68,0,68,203
02/22/2000,MYR,SC,ASO,ES,Towers with Radar,31,36,44,3,114,0,5,44,11,60,31,41,88,14,174,42,0,42,216
02/23/2000,MYR,SC,ASO,ES,Towers with Radar,39,34,51,4,128,1,0,66,8,75,40,34,117,12,203,38,14,52,255
02/24/2000,MYR,SC,ASO,ES,Towers with Radar,38,41,50,4,133,1,3,53,1,58,39,44,103,5,191,122,10,132,323
02/25/2000,MYR,SC,ASO,ES,Towers with Radar,39,39,52,5,135,0,0,39,13,52,39,39,91,18,187,98,24,122,309
02/26/2000,MYR,SC,ASO,ES,Towers with Radar,33,28,44,2,107,23,0,52,0,75,56,28,96,2,182,76,6,82,264
02/27/2000,MYR,SC,ASO,ES,Towers with Radar,34,40,52,3,129,0,0,42,0,42,34,40,94,3,171,30,0,30,201
02/28/2000,MYR,SC,ASO,ES,Towers with Radar,33,37,43,1,114,0,6,39,0,45,33,43,82,1,159,66,6,72,231
02/29/2000,MYR,SC,ASO,ES,Towers with Radar,40,33,51,4,128,1,0,65,14,80,41,33,116,18,208,52,10,62,270
03/01/2000,MYR,SC,ASO,ES,Towers with Radar,43,39,44,4,130,0,4,90,0,94,43,43,134,4,224,76,0,76,300
03/02/2000,MYR,SC,ASO,ES,Towers with Radar,47,40,44,6,137,0,3,80,1,84,47,43,124,7,221,74,6,80,301
03/03/2000,MYR,SC,ASO,ES,Towers with Radar,50,41,49,6,146,0,0,53,3,56,50,41,102,9,202,164,28,192,394
03/04/2000,MYR,SC,ASO,ES,Towers with Radar,35,29,23,1,88,22,11,0,0,33,57,40,23,1,121,0,0,0,121
03/05/2000,MYR,SC,ASO,ES,Towers with Radar,44,37,39,1,121,3,0,65,0,68,47,37,104,1,189,52,0,52,241
03/06/2000,MYR,SC,ASO,ES,Towers with Radar,43,35,38,5,121,4,0,39,2,45,47,35,77,7,166,76,0,76,242
03/07/2000,MYR,SC,ASO,ES,Towers with Radar,41,41,46,6,134,0,0,55,2,57,41,41,101,8,191,46,4,50,241
03/08/2000,MYR,SC,ASO,ES,Towers with Radar,42,41,45,6,134,0,0,52,1,53,42,41,97,7,187,42,0,42,229
03/09/2000,MYR,SC,ASO,ES,Towers with Radar,49,43,47,2,141,0,0,62,0,62,49,43,109,2,203,50,6,56,259
03/10/2000,MYR,SC,ASO,ES,Towers with Radar,47,26,42,0,115,16,0,41,0,57,63,26,83,0,172,22,0,22,194
03/11/2000,MYR,SC,ASO,ES,Towers with Radar,31,24,28,0,83,41,0,4,0,45,72,24,32,0,128,26,0,26,154
03/12/2000,MYR,SC,ASO,ES,Towers with Radar,42,36,38,0,116,0,8,23,0,31,42,44,61,0,147,0,0,0,147
03/13/2000,MYR,SC,ASO,ES,Towers with Radar,50,23,45,5,123,10,0,80,0,90,60,23,125,5,213,46,10,56,269
03/14/2000,MYR,SC,ASO,ES,Towers with Radar,42,40,43,3,128,0,2,64,0,66,42,42,107,3,194,56,0,56,250
03/15/2000,MYR,SC,ASO,ES,Towers with Radar,45,39,45,1,130,0,0,88,0,88,45,39,133,1,218,108,14,122,340
03/16/2000,MYR,SC,ASO,ES,Towers with Radar,46,41,43,2,132,0,7,8,0,15,46,48,51,2,147,12,0,12,159
03/17/2000,MYR,SC,ASO,ES,Towers with Radar,50,41,54,4,149,0,0,21,0,21,50,41,75,4,170,53,0,53,223
03/18/2000,MYR,SC,ASO,ES,Towers with Radar,40,34,35,0,109,7,12,37,0,56,47,46,72,0,165,67,0,67,232
03/19/2000,MYR,SC,ASO,ES,Towers with Radar,43,40,44,5,132,0,0,7,7,14,43,40,51,12,146,18,18,36,182
03/20/2000,MYR,SC,ASO,ES,Towers with Radar,33,26,20,0,79,8,15,0,0,23,41,41,20,0,102,8,0,8,110
03/21/2000,MYR,SC,ASO,ES,Towers with Radar,41,46,54,6,147,0,0,11,7,18,41,46,65,13,165,12,10,22,187
03/22/2000,MYR,SC,ASO,ES,Towers with Radar,39,43,48,5,135,0,1,29,5,35,39,44,77,10,170,44,0,44,214
03/23/2000,MYR,SC,ASO,ES,Towers with Radar,51,35,45,4,135,5,0,17,0,22,56,35,62,4,157,88,0,88,245
03/24/2000,MYR,SC,ASO,ES,Towers with Radar,49,36,45,5,135,0,0,87,6,93,49,36,132,11,228,101,20,121,349
03/25/2000,MYR,SC,ASO,ES,Towers with Radar,39,32,35,0,106,13,10,35,0,58,52,42,70,0,164,90,0,90,254
03/26/2000,MYR,SC,ASO,ES,Towers with Radar,47,33,42,0,122,3,0,42,0,45,50,33,84,0,167,62,0,62,229
03/27/2000,MYR,SC,ASO,ES,Towers with Radar,44,27,39,3,113,12,0,4,0,16,56,27,43,3,129,0,4,4,133
03/28/2000,MYR,SC,ASO,ES,Towers with Radar,40,33,37,4,114,0,12,34,5,51,40,45,71,9,165,14,4,18,183
03/29/2000,MYR,SC,ASO,ES,Towers with Radar,49,39,44,2,134,0,0,54,0,54,49,39,98,2,188,92,0,92,280
03/30/2000,MYR,SC,ASO,ES,Towers with Radar,36,45,50,5,136,0,10,30,13,53,36,55,80,18,189,38,12,50,239
03/31/2000,MYR,SC,ASO,ES,Towers with Radar,39,47,52,5,143,0,3,55,19,77,39,50,107,24,220,22,14,36,256
04/01/2000,MYR,SC,ASO,ES,Towers with Radar,47,45,44,0,136,5,12,61,0,78,52,57,105,0,214,60,0,60,274
04/02/2000,MYR,SC,ASO,ES,Towers with Radar,46,45,43,1,135,0,9,39,0,48,46,54,82,1,183,46,0,46,229
04/03/2000,MYR,SC,ASO,ES,Towers with Radar,40,33,37,4,114,9,0,17,5,31,49,33,54,9,145,2,0,2,147
04/04/2000,MYR,SC,ASO,ES,Towers with Radar,37,34,33,4,108,0,0,17,4,21,37,34,50,8,129,0,4,4,133
04/05/2000,MYR,SC,ASO,ES,Towers with Radar,47,39,44,3,133,6,0,44,0,50,53,39,88,3,183,16,2,18,201
04/06/2000,MYR,SC,ASO,ES,Towers with Radar,47,45,43,3,138,1,6,40,0,47,48,51,83,3,185,14,10,24,209
04/07/2000,MYR,SC,ASO,ES,Towers with Radar,45,38,50,6,139,0,0,75,14,89,45,38,125,20,228,0,38,38,266
04/08/2000,MYR,SC,ASO,ES,Towers with Radar,46,28,43,5,122,38,0,19,1,58,84,28,62,6,180,2,0,2,182
04/09/2000,MYR,SC,ASO,ES,Towers with Radar,41,37,37,4,119,18,0,46,0,64,59,37,83,4,183,70,10,80,263
04/10/2000,MYR,SC,ASO,ES,Towers with Radar,46,41,51,5,143,0,0,75,0,75,46,41,126,5,218,68,4,72,290
04/11/2000,MYR,SC,ASO,ES,Towers with Radar,35,47,45,5,132,0,2,56,0,58,35,49,101,5,190,96,0,96,286
04/12/2000,MYR,SC,ASO,ES,Towers with Radar,42,48,55,6,151,0,0,35,5,40,42,48,90,11,191,46,10,56,247
04/13/2000,MYR,SC,ASO,ES,Towers with Radar,50,48,60,7,165,0,0,6,1,7,50,48,66,8,172,0,6,6,178
04/14/2000,MYR,SC,ASO,ES,Towers with Radar,47,45,34,0,126,3,0,0,0,3,50,45,34,0,129,0,0,0,129
04/15/2000,MYR,SC,ASO,ES,Towers with Radar,48,39,31,1,119,27,0,0,0,27,75,39,31,1,146,14,0,14,160
04/16/2000,MYR,SC,ASO,ES,Towers with Radar,47,55,55,2,159,0,0,41,0,41,47,55,96,2,200,32,4,36,236
04/17/2000,MYR,SC,ASO,ES,Towers with Radar,43,39,39,2,123,5,3,23,0,31,48,42,62,2,154,26,0,26,180
04/18/2000,MYR,SC,ASO,ES,Towers with Radar,42,42,42,4,130,0,0,10,2,12,42,42,52,6,142,0,0,0,142
04/19/2000,MYR,SC,ASO,ES,Towers with Radar,49,45,52,5,151,0,0,47,7,54,49,45,99,12,205,40,2,42,247
04/20/2000,MYR,SC,ASO,ES,Towers with Radar,46,49,58,6,159,0,0,61,5,66,46,49,119,11,225,26,8,34,259
04/21/2000,MYR,SC,ASO,ES,Towers with Radar,44,42,42,1,129,0,8,43,0,51,44,50,85,1,180,30,0,30,210
04/22/2000,MYR,SC,ASO,ES,Towers with Radar,44,41,41,3,129,16,7,34,0,57,60,48,75,3,186,28,0,28,214
04/23/2000,MYR,SC,ASO,ES,Towers with Radar,45,44,45,2,136,0,7,46,0,53,45,51,91,2,189,62,0,62,251
04/24/2000,MYR,SC,ASO,ES,Towers with Radar,46,47,47,4,144,0,0,25,0,25,46,47,72,4,169,24,0,24,193
04/25/2000,MYR,SC,ASO,ES,Towers with Radar,38,35,34,3,110,2,19,0,1,22,40,54,34,4,132,8,0,8,140
04/26/2000,MYR,SC,ASO,ES,Towers with Radar,41,47,48,4,140,0,5,55,11,71,41,52,103,15,211,68,30,98,309
04/27/2000,MYR,SC,ASO,ES,Towers with Radar,47,54,54,5,160,0,0,64,3,67,47,54,118,8,227,32,0,32,259
04/28/2000,MYR,SC,ASO,ES,Towers with Radar,44,42,42,4,132,0,8,16,0,24,44,50,58,4,156,20,8,28,184
04/29/2000,MYR,SC,ASO,ES,Towers with Radar,41,38,37,0,116,19,21,44,0,84,60,59,81,0,200,30,0,30,230
04/30/2000,MYR,SC,ASO,ES,Towers with Radar,46,52,51,0,149,0,3,87,0,90,46,55,138,0,239,30,0,30,269
05/01/2000,MYR,SC,ASO,ES,Towers with Radar,41,44,41,1,127,2,0,66,0,68,43,44,107,1,195,72,0,72,267
05/02/2000,MYR,SC,ASO,ES,Towers with Radar,39,45,38,4,126,4,4,32,4,44,43,49,70,8,170,28,18,46,216
05/03/2000,MYR,SC,ASO,ES,Towers with Radar,42,49,41,5,137,0,10,58,5,73,42,59,99,10,210,76,16,92,302
05/04/2000,MYR,SC,ASO,ES,Towers with Radar,43,61,51,6,161,0,0,81,1,82,43,61,132,7,243,55,0,55,298
05/05/2000,MYR,SC,ASO,ES,Towers with Radar,42,51,43,5,141,0,7,59,7,73,42,58,102,12,214,50,0,50,264
05/06/2000,MYR,SC,ASO,ES,Towers with Radar,40,47,39,4,130,18,7,86,8,119,58,54,125,12,249,49,0,49,298
05/07/2000,MYR,SC,ASO,ES,Towers with Radar,47,50,45,4,146,1,0,61,0,62,48,50,106,4,208,51,2,53,261
05/08/2000,MYR,SC,ASO,ES,Towers with Radar,39,46,38,2,125,7,1,62,0,70,46,47,100,2,195,41,4,45,240
05/09/2000,MYR,SC,ASO,ES,Towers with Radar,38,50,44,5,137,0,0,53,18,71,38,50,97,23,208,38,34,72,280
05/10/2000,MYR,SC,ASO,ES,Towers with Radar,39,46,38,4,127,1,4,43,11,59,40,50,81,15,186,24,0,24,210
05/11/2000,MYR,SC,ASO,ES,Towers with Radar,41,51,44,5,141,0,0,77,3,80,41,51,121,8,221,41,0,41,262
05/12/2000,MYR,SC,ASO,ES,Towers with Radar,46,49,45,5,145,2,0,58,4,64,48,49,103,9,209,46,2,48,257
05/13/2000,MYR,SC,ASO,ES,Towers with Radar,36,42,35,0,113,18,8,18,0,44,54,50,53,0,157,32,0,32,189
05/14/2000,MYR,SC,ASO,ES,Towers with Radar,40,46,39,2,127,5,9,41,0,55,45,55,80,2,182,44,0,44,226
05/15/2000,MYR,SC,ASO,ES,Towers with Radar,37,43,36,0,116,7,3,48,0,58,44,46,84,0,174,72,0,72,246
05/16/2000,MYR,SC,ASO,ES,Towers with Radar,41,47,41,0,129,0,0,75,0,75,41,47,116,0,204,92,4,96,300
05/17/2000,MYR,SC,ASO,ES,Towers with Radar,44,49,49,2,144,0,0,75,0,75,44,49,124,2,219,54,2,56,275
05/18/2000,MYR,SC,ASO,ES,Towers with Radar,44,51,46,4,145,0,0,72,2,74,44,51,118,6,219,53,4,57,276
05/19/2000,MYR,SC,ASO,ES,Towers with Radar,43,48,41,4,136,4,5,84,10,103,47,53,125,14,239,74,0,74,313
05/20/2000,MYR,SC,ASO,ES,Towers with Radar,45,50,44,3,142,14,6,53,0,73,59,56,97,3,215,42,0,42,257
05/21/2000,MYR,SC,ASO,ES,Towers with Radar,45,52,45,4,146,0,2,45,6,53,45,54,90,10,199,18,0,18,217
05/22/2000,MYR,SC,ASO,ES,Towers with Radar,43,48,46,2,139,0,0,32,0,32,43,48,78,2,171,42,0,42,213
05/23/2000,MYR,SC,ASO,ES,Towers with Radar,39,47,48,4,138,0,0,23,14,37,39,47,71,18,175,48,2,50,225
05/24/2000,MYR,SC,ASO,ES,Towers with Radar,42,53,46,2,143,0,1,38,0,39,42,54,84,2,182,20,0,20,202
05/25/2000,MYR,SC,ASO,ES,Towers with Radar,41,51,44,2,138,0,26,22,0,48,41,77,66,2,186,42,4,46,232
05/26/2000,MYR,SC,ASO,ES,Towers with Radar,42,52,58,2,154,0,0,79,0,79,42,52,137,2,233,24,4,28,261
05/27/2000,MYR,SC,ASO,ES,Towers with Radar,42,47,41,3,133,19,5,26,2,52,61,52,67,5,185,10,0,10,195
05/28/2000,MYR,SC,ASO,ES,Towers with Radar,30,33,29,2,94,16,25,2,8,51,46,58,31,10,145,14,4,18,163
05/29/2000,MYR,SC,ASO,ES,Towers with Radar,44,36,49,4,133,0,0,39,0,39,44,36,88,4,172,10,4,14,186
05/30/2000,MYR,SC,ASO,ES,Towers with Radar,41,48,60,5,154,0,0,22,9,31,41,48,82,14,185,30,6,36,221
05/31/2000,MYR,SC,ASO,ES,Towers with Radar,41,53,53,5,152,0,0,59,19,78,41,53,112,24,230,51,10,61,291
06/01/2000,MYR,SC,ASO,ES,Towers with Radar,37,48,41,7,133,0,9,27,11,47,37,57,68,18,180,2,42,44,224
06/02/2000,MYR,SC,ASO,ES,Towers with Radar,39,47,40,7,133,0,4,38,18,60,39,51,78,25,193,22,0,22,215
06/03/2000,MYR,SC,ASO,ES,Towers with Radar,33,36,30,5,104,20,20,34,0,74,53,56,64,5,178,10,14,24,202
06/04/2000,MYR,SC,ASO,ES,Towers with Radar,42,46,39,5,132,0,9,2,0,11,42,55,41,5,143,2,0,2,145
06/05/2000,MYR,SC,ASO,ES,Towers with Radar,45,46,42,7,140,0,0,21,9,30,45,46,63,16,170,0,0,0,170
06/06/2000,MYR,SC,ASO,ES,Towers with Radar,40,53,45,2,140,0,1,41,0,42,40,54,86,2,182,64,0,64,246
06/07/2000,MYR,SC,ASO,ES,Towers with Radar,47,43,44,7,141,0,0,77,12,89,47,43,121,19,230,76,0,76,306
06/08/2000,MYR,SC,ASO,ES,Towers with Radar,43,53,45,7,148,0,3,71,10,84,43,56,116,17,232,74,0,74,306
06/09/2000,MYR,SC,ASO,ES,Towers with Radar,44,49,44,7,144,0,0,68,4,72,44,49,112,11,216,42,0,42,258
06/10/2000,MYR,SC,ASO,ES,Towers with Radar,42,46,39,6,133,13,6,55,3,77,55,52,94,9,210,48,6,54,264
06/11/2000,MYR,SC,ASO,ES,Towers with Radar,41,45,38,0,124,1,12,44,0,57,42,57,82,0,181,26,0,26,207
06/12/2000,MYR,SC,ASO,ES,Towers with Radar,42,46,39,6,133,1,1,44,7,53,43,47,83,13,186,36,0,36,222
06/13/2000,MYR,SC,ASO,ES,Towers with Radar,41,46,42,4,133,0,0,57,0,57,41,46,99,4,190,24,0,24,214
06/14/2000,MYR,SC,ASO,ES,Towers with Radar,49,41,45,6,141,4,0,34,0,38,53,41,79,6,179,2,4,6,185
06/15/2000,MYR,SC,ASO,ES,Towers with Radar,48,45,45,5,143,0,0,30,0,30,48,45,75,5,173,22,12,34,207
06/16/2000,MYR,SC,ASO,ES,Towers with Radar,40,53,49,0,142,0,0,33,0,33,40,53,82,0,175,10,0,10,185
06/17/2000,MYR,SC,ASO,ES,Towers with Radar,54,39,49,0,142,22,0,56,0,78,76,39,105,0,220,24,0,24,244
06/18/2000,MYR,SC,ASO,ES,Towers with Radar,45,46,41,4,136,10,0,30,0,40,55,46,71,4,176,16,6,22,198
06/19/2000,MYR,SC,ASO,ES,Towers with Radar,34,39,34,5,112,0,6,6,1,13,34,45,40,6,125,6,2,8,133
06/20/2000,MYR,SC,ASO,ES,Towers with Radar,36,55,49,7,147,0,6,18,9,33,36,61,67,16,180,4,18,22,202
06/21/2000,MYR,SC,ASO,ES,Towers with Radar,48,46,45,2,141,3,0,12,0,15,51,46,57,2,156,4,4,8,164
06/22/2000,MYR,SC,ASO,ES,Towers with Radar,43,49,43,4,139,0,0,32,0,32,43,49,75,4,171,4,0,4,175
06/23/2000,MYR,SC,ASO,ES,Towers with Radar,44,46,45,1,136,0,0,57,0,57,44,46,102,1,193,32,0,32,225
06/24/2000,MYR,SC,ASO,ES,Towers with Radar,45,47,42,4,138,13,5,17,0,35,58,52,59,4,173,70,12,82,255
06/25/2000,MYR,SC,ASO,ES,Towers with Radar,46,48,42,4,140,8,6,26,0,40,54,54,68,4,180,4,0,4,184
06/26/2000,MYR,SC,ASO,ES,Towers with Radar,45,47,40,6,138,2,3,23,22,50,47,50,63,28,188,30,14,44,232
06/27/2000,MYR,SC,ASO,ES,Towers with Radar,42,45,38,5,130,3,1,27,0,31,45,46,65,5,161,48,0,48,209
06/28/2000,MYR,SC,ASO,ES,Towers with Radar,46,48,44,6,144,0,0,30,9,39,46,48,74,15,183,45,30,75,258
06/29/2000,MYR,SC,ASO,ES,Towers with Radar,43,50,44,4,141,0,0,7,0,7,43,50,51,4,148,6,18,24,172
06/30/2000,MYR,SC,ASO,ES,Towers with Radar,45,51,52,7,155,0,0,35,7,42,45,51,87,14,197,27,26,53,250
07/01/2000,MYR,SC,ASO,ES,Towers with Radar,47,55,38,0,140,14,0,57,0,71,61,55,95,0,211,18,0,18,229
07/02/2000,MYR,SC,ASO,ES,Towers with Radar,38,45,31,0,114,7,11,42,0,60,45,56,73,0,174,32,0,32,206
07/03/2000,MYR,SC,ASO,ES,Towers with Radar,35,42,29,0,106,4,1,59,0,64,39,43,88,0,170,58,0,58,228
07/04/2000,MYR,SC,ASO,ES,Towers with Radar,31,36,25,1,93,2,0,33,0,35,33,36,58,1,128,15,0,15,143
07/05/2000,MYR,SC,ASO,ES,Towers with Radar,41,44,35,1,121,0,0,16,0,16,41,44,51,1,137,22,0,22,159
07/06/2000,MYR,SC,ASO,ES,Towers with Radar,47,55,47,6,155,0,0,27,0,27,47,55,74,6,182,0,0,0,182
07/07/2000,MYR,SC,ASO,ES,Towers with Radar,39,52,37,4,132,0,0,48,9,57,39,52,85,13,189,30,10,40,229
07/08/2000,MYR,SC,ASO,ES,Towers with Radar,42,50,34,2,128,14,5,59,0,78,56,55,93,2,206,58,0,58,264
07/09/2000,MYR,SC,ASO,ES,Towers with Radar,46,55,38,5,144,0,0,49,0,49,46,55,87,5,193,44,0,44,237
07/10/2000,MYR,SC,ASO,ES,Towers with Radar,36,42,30,3,111,5,0,31,0,36,41,42,61,3,147,42,2,44,191
07/11/2000,MYR,SC,ASO,ES,Towers with Radar,36,43,30,4,113,0,4,29,14,47,36,47,59,18,160,20,20,40,200
07/12/2000,MYR,SC,ASO,ES,Towers with Radar,38,52,36,1,127,0,1,25,0,26,38,53,61,1,153,20,8,28,181
07/13/2000,MYR,SC,ASO,ES,Towers with Radar,42,51,29,4,126,0,13,0,8,21,42,64,29,12,147,0,0,0,147
07/14/2000,MYR,SC,ASO,ES,Towers with Radar,44,50,44,5,143,0,0,46,5,51,44,50,90,10,194,32,22,54,248
07/15/2000,MYR,SC,ASO,ES,Towers with Radar,41,47,33,3,124,19,7,37,2,65,60,54,70,5,189,80,8,88,277
07/16/2000,MYR,SC,ASO,ES,Towers with Radar,43,50,36,1,130,0,13,46,0,59,43,63,82,1,189,48,10,58,247
07/17/2000,MYR,SC,ASO,ES,Towers with Radar,41,53,39,4,137,0,0,39,0,39,41,53,78,4,176,12,4,16,192
07/18/2000,MYR,SC,ASO,ES,Towers with Radar,37,50,35,0,122,0,4,58,0,62,37,54,93,0,184,60,0,60,244
07/19/2000,MYR,SC,ASO,ES,Towers with Radar,36,54,39,3,132,0,3,48,0,51,36,57,87,3,183,20,0,20,203
07/20/2000,MYR,SC,ASO,ES,Towers with Radar,42,57,42,3,144,0,0,42,0,42,42,57,84,3,186,42,0,42,228
07/21/2000,MYR,SC,ASO,ES,Towers with Radar,49,47,44,4,144,0,0,23,2,25,49,47,67,6,169,8,2,10,179
07/22/2000,MYR,SC,ASO,ES,Towers with Radar,46,52,37,3,138,14,7,57,2,80,60,59,94,5,218,20,0,20,238
07/23/2000,MYR,SC,ASO,ES,Towers with Radar,47,53,40,2,142,0,0,8,0,8,47,53,48,2,150,4,0,4,154
07/24/2000,MYR,SC,ASO,ES,Towers with Radar,42,47,38,0,127,0,0,11,0,11,42,47,49,0,138,8,0,8,146
07/25/2000,MYR,SC,ASO,ES,Towers with Radar,35,40,24,0,99,10,5,0,0,15,45,45,24,0,114,4,0,4,118
07/26/2000,MYR,SC,ASO,ES,Towers with Radar,37,44,29,0,110,0,7,0,0,7,37,51,29,0,117,0,0,0,117
07/27/2000,MYR,SC,ASO,ES,Towers with Radar,41,48,44,4,137,0,0,36,17,53,41,48,80,21,190,54,4,58,248
07/28/2000,MYR,SC,ASO,ES,Towers with Radar,37,48,38,4,127,0,0,62,1,63,37,48,100,5,190,40,4,44,234
07/29/2000,MYR,SC,ASO,ES,Towers with Radar,46,54,37,0,137,6,2,22,0,30,52,56,59,0,167,6,0,6,173
07/30/2000,MYR,SC,ASO,ES,Towers with Radar,32,37,23,0,92,13,17,0,0,30,45,54,23,0,122,14,0,14,136
07/31/2000,MYR,SC,ASO,ES,Towers with Radar,37,43,29,3,112,5,7,20,1,33,42,50,49,4,145,20,0,20,165
08/01/2000,MYR,SC,ASO,ES,Towers with Radar,34,60,42,1,137,0,0,43,7,50,34,60,85,8,187,18,0,18,205
08/02/2000,MYR,SC,ASO,ES,Towers with Radar,40,58,58,0,156,0,1,26,1,28,40,59,84,1,184,26,8,34,218
08/03/2000,MYR,SC,ASO,ES,Towers with Radar,45,47,33,0,125,0,0,9,0,9,45,47,42,0,134,6,0,6,140
08/04/2000,MYR,SC,ASO,ES,Towers with Radar,39,46,35,0,120,0,0,8,0,8,39,46,43,0,128,4,0,4,132
08/05/2000,MYR,SC,ASO,ES,Towers with Radar,56,58,53,0,167,0,0,15,2,17,56,58,68,2,184,2,0,2,186
08/06/2000,MYR,SC,ASO,ES,Towers with Radar,46,54,47,0,147,0,0,27,0,27,46,54,74,0,174,28,0,28,202
08/07/2000,MYR,SC,ASO,ES,Towers with Radar,42,47,54,12,155,0,2,21,0,23,42,49,75,12,178,8,2,10,188
08/08/2000,MYR,SC,ASO,ES,Towers with Radar,36,52,45,5,138,0,0,35,0,35,36,52,80,5,173,24,4,28,201
08/09/2000,MYR,SC,ASO,ES,Towers with Radar,37,49,52,5,143,0,0,33,1,34,37,49,85,6,177,39,0,39,216
08/10/2000,MYR,SC,ASO,ES,Towers with Radar,43,53,61,0,157,0,0,43,0,43,43,53,104,0,200,38,0,38,238
08/11/2000,MYR,SC,ASO,ES,Towers with Radar,39,49,31,0,119,0,0,18,0,18,39,49,49,0,137,6,0,6,143
08/12/2000,MYR,SC,ASO,ES,Towers with Radar,41,51,36,0,128,13,5,55,0,73,54,56,91,0,201,88,0,88,289
08/13/2000,MYR,SC,ASO,ES,Towers with Radar,56,49,34,0,139,0,1,30,0,31,56,50,64,0,170,30,0,30,200
08/14/2000,MYR,SC,ASO,ES,Towers with Radar,41,44,29,2,116,0,0,54,0,54,41,44,83,2,170,68,0,68,238
08/15/2000,MYR,SC,ASO,ES,Towers with Radar,34,49,35,3,121,0,0,42,1,43,34,49,77,4,164,36,0,36,200
08/16/2000,MYR,SC,ASO,ES,Towers with Radar,40,50,43,10,143,0,0,49,0,49,40,50,92,10,192,26,6,32,224
08/17/2000,MYR,SC,ASO,ES,Towers with Radar,42,54,38,6,140,0,0,41,0,41,42,54,79,6,181,38,6,44,225
08/18/2000,MYR,SC,ASO,ES,Towers with Radar,44,48,27,0,119,0,2,36,6,44,44,50,63,6,163,8,0,8,171
08/19/2000,MYR,SC,ASO,ES,Towers with Radar,56,59,38,4,157,0,0,19,0,19,56,59,57,4,176,0,0,0,176
08/20/2000,MYR,SC,ASO,ES,Towers with Radar,46,59,41,4,150,0,0,35,0,35,46,59,76,4,185,12,0,12,197
08/21/2000,MYR,SC,ASO,ES,Towers with Radar,43,45,33,9,130,0,1,32,4,37,43,46,65,13,167,46,6,52,219
08/22/2000,MYR,SC,ASO,ES,Towers with Radar,36,55,30,19,140,0,2,40,7,49,36,57,70,26,189,16,32,48,237
08/23/2000,MYR,SC,ASO,ES,Towers with Radar,38,55,38,4,135,0,3,35,4,42,38,58,73,8,177,14,2,16,193
08/24/2000,MYR,SC,ASO,ES,Towers with Radar,42,47,38,1,128,0,0,46,5,51,42,47,84,6,179,65,2,67,246
08/25/2000,MYR,SC,ASO,ES,Towers with Radar,45,47,29,0,121,0,0,14,0,14,45,47,43,0,135,0,0,0,135
08/26/2000,MYR,SC,ASO,ES,Towers with Radar,55,61,29,9,154,0,0,30,0,30,55,61,59,9,184,0,0,0,184
08/27/2000,MYR,SC,ASO,ES,Towers with Radar,42,56,34,3,135,0,0,6,0,6,42,56,40,3,141,6,0,6,147
08/28/2000,MYR,SC,ASO,ES,Towers with Radar,41,44,28,2,115,0,0,35,0,35,41,44,63,2,150,97,0,97,247
08/29/2000,MYR,SC,ASO,ES,Towers with Radar,35,60,14,4,113,0,0,2,0,2,35,60,16,4,115,6,0,6,121
08/30/2000,MYR,SC,ASO,ES,Towers with Radar,40,50,23,5,118,0,0,2,0,2,40,50,25,5,120,2,0,2,122
08/31/2000,MYR,SC,ASO,ES,Towers with Radar,46,53,29,2,130,0,0,12,3,15,46,53,41,5,145,14,18,32,177
09/01/2000,MYR,SC,ASO,ES,Towers with Radar,40,55,28,0,123,0,3,32,2,37,40,58,60,2,160,82,0,82,242
09/02/2000,MYR,SC,ASO,ES,Towers with Radar,38,48,27,0,113,15,2,6,0,23,53,50,33,0,136,20,0,20,156
09/03/2000,MYR,SC,ASO,ES,Towers with Radar,54,41,12,0,107,0,1,10,0,11,54,42,22,0,118,12,0,12,130
09/04/2000,MYR,SC,ASO,ES,Towers with Radar,43,34,34,1,112,0,1,11,1,13,43,35,45,2,125,8,0,8,133
09/05/2000,MYR,SC,ASO,ES,Towers with Radar,36,46,24,0,106,0,1,0,1,2,36,47,24,1,108,0,0,0,108
09/06/2000,MYR,SC,ASO,ES,Towers with Radar,33,51,34,14,132,0,1,3,1,5,33,52,37,15,137,2,0,2,139
09/07/2000,MYR,SC,ASO,ES,Towers with Radar,40,48,43,11,142,0,2,22,5,29,40,50,65,16,171,54,18,72,243
09/08/2000,MYR,SC,ASO,ES,Towers with Radar,35,52,36,8,131,0,2,39,2,43,35,54,75,10,174,16,0,16,190
09/09/2000,MYR,SC,ASO,ES,Towers with Radar,40,46,29,3,118,17,0,18,0,35,57,46,47,3,153,31,3,34,187
09/10/2000,MYR,SC,ASO,ES,Towers with Radar,36,58,20,0,114,0,1,52,2,55,36,59,72,2,169,63,0,63,232
09/11/2000,MYR,SC,ASO,ES,Towers with Radar,38,43,32,6,119,0,3,35,0,38,38,46,67,6,157,34,2,36,193
09/12/2000,MYR,SC,ASO,ES,Towers with Radar,34,47,43,5,129,0,0,35,1,36,34,47,78,6,165,80,0,80,245
09/13/2000,MYR,SC,ASO,ES,Towers with Radar,33,57,31,9,130,0,1,47,2,50,33,58,78,11,180,30,6,36,216
09/14/2000,MYR,SC,ASO,ES,Towers with Radar,32,52,38,12,134,0,0,39,0,39,32,52,77,12,173,38,10,48,221
09/15/2000,MYR,SC,ASO,ES,Towers with Radar,32,54,31,2,119,0,1,23,1,25,32,55,54,3,144,30,0,30,174
09/16/2000,MYR,SC,ASO,ES,Towers with Radar,45,57,15,1,118,0,0,34,3,37,45,57,49,4,155,0,0,0,155
09/17/2000,MYR,SC,ASO,ES,Towers with Radar,33,59,24,0,116,0,0,39,2,41,33,59,63,2,157,34,0,34,191
09/18/2000,MYR,SC,ASO,ES,Towers with Radar,38,38,3,0,79,0,0,2,0,2,38,38,5,0,81,0,0,0,81
09/19/2000,MYR,SC,ASO,ES,Towers with Radar,36,49,30,3,118,0,0,26,1,27,36,49,56,4,145,43,0,43,188
09/20/2000,MYR,SC,ASO,ES,Towers with Radar,36,49,41,7,133,0,0,39,0,39,36,49,80,7,172,2,12,14,186
09/21/2000,MYR,SC,ASO,ES,Towers with Radar,38,52,32,2,124,0,0,6,0,6,38,52,38,2,130,8,0,8,138
09/22/2000,MYR,SC,ASO,ES,Towers with Radar,37,50,28,2,117,0,1,3,0,4,37,51,31,2,121,4,0,4,125
09/23/2000,MYR,SC,ASO,ES,Towers with Radar,43,54,13,0,110,0,0,3,0,3,43,54,16,0,113,8,0,8,121
09/24/2000,MYR,SC,ASO,ES,Towers with Radar,36,56,25,0,117,0,0,34,0,34,36,56,59,0,151,83,0,83,234
09/25/2000,MYR,SC,ASO,ES,Towers with Radar,34,44,15,4,97,0,0,9,0,9,34,44,24,4,106,0,0,0,106
09/26/2000,MYR,SC,ASO,ES,Towers with Radar,33,53,27,3,116,0,0,21,0,21,33,53,48,3,137,28,42,70,207
09/27/2000,MYR,SC,ASO,ES,Towers with Radar,32,49,33,9,123,0,0,26,0,26,32,49,59,9,149,36,26,62,211
09/28/2000,MYR,SC,ASO,ES,Towers with Radar,33,51,44,3,131,0,0,46,0,46,33,51,90,3,177,49,0,49,226
09/29/2000,MYR,SC,ASO,ES,Towers with Radar,40,51,38,2,131,0,0,31,0,31,40,51,69,2,162,27,1,28,190
09/30/2000,MYR,SC,ASO,ES,Towers with Radar,46,58,21,0,125,0,0,32,0,32,46,58,53,0,157,45,0,45,202
10/01/2000,MYR,SC,ASO,ES,Towers with Radar,28,56,36,2,122,1,0,29,0,30,29,56,65,2,152,48,0,48,200
10/02/2000,MYR,SC,ASO,ES,Towers with Radar,32,41,34,1,108,1,0,37,0,38,33,41,71,1,146,32,0,32,178
10/03/2000,MYR,SC,ASO,ES,Towers with Radar,32,49,28,8,117,1,0,46,2,49,33,49,74,10,166,28,1,29,195
10/04/2000,MYR,SC,ASO,ES,Towers with Radar,30,50,42,1,123,1,2,39,0,42,31,52,81,1,165,58,0,58,223
10/05/2000,MYR,SC,ASO,ES,Towers with Radar,38,48,39,2,127,1,0,30,0,31,39,48,69,2,158,60,2,62,220
10/06/2000,MYR,SC,ASO,ES,Towers with Radar,34,48,25,3,110,1,0,25,0,26,35,48,50,3,136,50,14,64,200
10/07/2000,MYR,SC,ASO,ES,Towers with Radar,43,53,26,0,122,1,0,46,0,47,44,53,72,0,169,22,0,22,191
10/08/2000,MYR,SC,ASO,ES,Towers with Radar,36,52,25,0,113,1,2,15,0,18,37,54,40,0,131,0,0,0,131
10/09/2000,MYR,SC,ASO,ES,Towers with Radar,30,41,33,3,107,1,0,30,0,31,31,41,63,3,138,4,0,4,142
10/10/2000,MYR,SC,ASO,ES,Towers with Radar,35,47,21,4,107,0,0,39,1,40,35,47,60,5,147,72,8,80,227
10/11/2000,MYR,SC,ASO,ES,Towers with Radar,32,52,32,6,122,0,1,43,2,46,32,53,75,8,168,38,0,38,206
10/12/2000,MYR,SC,ASO,ES,Towers with Radar,33,52,29,7,121,0,0,64,0,64,33,52,93,7,185,58,8,66,251
10/13/2000,MYR,SC,ASO,ES,Towers with Radar,35,48,42,2,127,0,1,39,2,42,35,49,81,4,169,34,20,54,223
10/14/2000,MYR,SC,ASO,ES,Towers with Radar,43,53,21,2,119,0,0,65,0,65,43,53,86,2,184,68,0,68,252
10/15/2000,MYR,SC,ASO,ES,Towers with Radar,31,60,27,3,121,0,1,59,1,61,31,61,86,4,182,34,0,34,216
10/16/2000,MYR,SC,ASO,ES,Towers with Radar,32,47,35,17,131,0,0,31,2,33,32,47,66,19,164,32,14,46,210
10/17/2000,MYR,SC,ASO,ES,Towers with Radar,32,52,29,1,114,0,0,33,0,33,32,52,62,1,147,14,0,14,161
10/18/2000,MYR,SC,ASO,ES,Towers with Radar,32,55,36,5,128,0,0,29,1,30,32,55,65,6,158,46,8,54,212
10/19/2000,MYR,SC,ASO,ES,Towers with Radar,34,51,39,1,125,0,1,49,0,50,34,52,88,1,175,28,2,30,205
10/20/2000,MYR,SC,ASO,ES,Towers with Radar,36,47,50,1,134,0,0,49,0,49,36,47,99,1,183,77,0,77,260
10/21/2000,MYR,SC,ASO,ES,Towers with Radar,42,57,16,7,122,0,2,44,4,50,42,59,60,11,172,38,4,42,214
10/22/2000,MYR,SC,ASO,ES,Towers with Radar,31,51,31,1,114,0,2,56,0,58,31,53,87,1,172,4,0,4,176
10/23/2000,MYR,SC,ASO,ES,Towers with Radar,28,39,23,3,93,5,6,22,4,37,33,45,45,7,130,40,4,44,174
10/24/2000,MYR,SC,ASO,ES,Towers with Radar,35,47,30,4,116,1,0,32,0,33,36,47,62,4,149,56,18,74,223
10/25/2000,MYR,SC,ASO,ES,Towers with Radar,35,46,35,15,131,0,0,46,2,48,35,46,81,17,179,42,30,72,251
10/26/2000,MYR,SC,ASO,ES,Towers with Radar,49,35,24,5,113,0,0,55,1,56,49,35,79,6,169,62,0,62,231
10/27/2000,MYR,SC,ASO,ES,Towers with Radar,36,45,24,16,121,0,0,37,2,39,36,45,61,18,160,36,36,72,232
10/28/2000,MYR,SC,ASO,ES,Towers with Radar,44,57,12,5,118,0,1,36,5,42,44,58,48,10,160,0,0,0,160
10/29/2000,MYR,SC,ASO,ES,Towers with Radar,32,58,28,1,119,0,0,22,0,22,32,58,50,1,141,0,0,0,141
10/30/2000,MYR,SC,ASO,ES,Towers with Radar,32,48,42,6,128,0,1,26,0,27,32,49,68,6,155,40,4,44,199
10/31/2000,MYR,SC,ASO,ES,Towers with Radar,38,56,40,0,134,0,0,43,0,43,38,56,83,0,177,44,0,44,221
11/01/2000,MYR,SC,ASO,ES,Towers with Radar,25,61,43,6,135,1,0,38,3,42,26,61,81,9,177,52,10,62,239
11/02/2000,MYR,SC,ASO,ES,Towers with Radar,41,41,42,17,141,0,2,31,4,37,41,43,73,21,178,12,58,70,248
11/03/2000,MYR,SC,ASO,ES,Towers with Radar,28,55,54,1,138,0,1,47,5,53,28,56,101,6,191,34,0,34,225
11/04/2000,MYR,SC,ASO,ES,Towers with Radar,45,42,31,0,118,0,1,23,0,24,45,43,54,0,142,24,0,24,166
11/05/2000,MYR,SC,ASO,ES,Towers with Radar,33,48,45,0,126,0,1,35,0,36,33,49,80,0,162,72,0,72,234
11/06/2000,MYR,SC,ASO,ES,Towers with Radar,35,41,34,6,116,0,1,32,3,36,35,42,66,9,152,36,16,52,204
11/07/2000,MYR,SC,ASO,ES,Towers with Radar,29,57,44,5,135,0,0,14,1,15,29,57,58,6,150,18,10,28,178
11/08/2000,MYR,SC,ASO,ES,Towers with Radar,32,42,42,9,125,0,0,15,1,16,32,42,57,10,141,6,0,6,147
11/09/2000,MYR,SC,ASO,ES,Towers with Radar,30,50,49,6,135,0,1,11,1,13,30,51,60,7,148,2,8,10,158
11/10/2000,MYR,SC,ASO,ES,Towers with Radar,29,44,34,0,107,0,2,28,0,30,29,46,62,0,137,12,0,12,149
11/11/2000,MYR,SC,ASO,ES,Towers with Radar,40,40,23,3,106,0,0,46,1,47,40,40,69,4,153,65,0,65,218
11/12/2000,MYR,SC,ASO,ES,Towers with Radar,27,43,25,0,95,0,0,56,0,56,27,43,81,0,151,32,0,32,183
11/13/2000,MYR,SC,ASO,ES,Towers with Radar,28,42,29,5,104,0,1,48,2,51,28,43,77,7,155,50,2,52,207
11/14/2000,MYR,SC,ASO,ES,Towers with Radar,29,44,41,7,121,0,0,20,1,21,29,44,61,8,142,24,0,24,166
11/15/2000,MYR,SC,ASO,ES,Towers with Radar,28,50,32,2,112,0,0,37,2,39,28,50,69,4,151,18,0,18,169
11/16/2000,MYR,SC,ASO,ES,Towers with Radar,30,47,36,0,113,0,0,28,0,28,30,47,64,0,141,16,0,16,157
11/17/2000,MYR,SC,ASO,ES,Towers with Radar,26,56,45,2,129,0,1,2,2,5,26,57,47,4,134,2,0,2,136
11/18/2000,MYR,SC,ASO,ES,Towers with Radar,40,39,31,0,110,0,0,27,0,27,40,39,58,0,137,10,0,10,147
11/19/2000,MYR,SC,ASO,ES,Towers with Radar,25,39,21,0,85,0,0,0,0,0,25,39,21,0,85,0,0,0,85
11/20/2000,MYR,SC,ASO,ES,Towers with Radar,30,38,19,23,110,0,0,19,2,21,30,38,38,25,131,32,22,54,185
11/21/2000,MYR,SC,ASO,ES,Towers with Radar,26,48,34,16,124,0,2,56,3,61,26,50,90,19,185,40,30,70,255
11/22/2000,MYR,SC,ASO,ES,Towers with Radar,32,45,47,2,126,0,0,38,0,38,32,45,85,2,164,16,0,16,180
11/23/2000,MYR,SC,ASO,ES,Towers with Radar,21,31,25,0,77,5,1,30,0,36,26,32,55,0,113,10,0,10,123
11/24/2000,MYR,SC,ASO,ES,Towers with Radar,30,41,37,0,108,0,0,48,0,48,30,41,85,0,156,36,0,36,192
11/25/2000,MYR,SC,ASO,ES,Towers with Radar,42,44,14,0,100,0,0,0,0,0,42,44,14,0,100,0,0,0,100
11/26/2000,MYR,SC,ASO,ES,Towers with Radar,29,44,43,6,122,0,2,19,0,21,29,46,62,6,143,24,20,44,187
11/27/2000,MYR,SC,ASO,ES,Towers with Radar,33,37,46,7,123,0,0,41,0,41,33,37,87,7,164,42,34,76,240
11/28/2000,MYR,SC,ASO,ES,Towers with Radar,36,39,51,8,134,0,0,57,2,59,36,39,108,10,193,68,6,74,267
11/29/2000,MYR,SC,ASO,ES,Towers with Radar,28,51,52,8,139,0,4,44,0,48,28,55,96,8,187,102,0,102,289
11/30/2000,MYR,SC,ASO,ES,Towers with Radar,26,49,31,1,107,0,0,39,0,39,26,49,70,1,146,30,0,30,176
12/01/2000,MYR,SC,ASO,ES,Towers with Radar,27,33,41,8,109,1,2,38,1,42,28,35,79,9,151,44,0,44,195
12/02/2000,MYR,SC,ASO,ES,Towers with Radar,35,34,28,1,98,1,1,15,0,17,36,35,43,1,115,8,0,8,123
12/03/2000,MYR,SC,ASO,ES,Towers with Radar,25,34,14,0,73,1,1,0,0,2,26,35,14,0,75,0,0,0,75
12/04/2000,MYR,SC,ASO,ES,Towers with Radar,27,32,48,0,107,1,2,56,0,59,28,34,104,0,166,74,0,74,240
12/05/2000,MYR,SC,ASO,ES,Towers with Radar,26,37,44,2,109,1,1,41,0,43,27,38,85,2,152,34,0,34,186
12/06/2000,MYR,SC,ASO,ES,Towers with Radar,30,39,63,1,133,1,1,32,0,34,31,40,95,1,167,34,0,34,201
12/07/2000,MYR,SC,ASO,ES,Towers with Radar,30,39,41,11,121,1,2,46,0,49,31,41,87,11,170,50,34,84,254
12/08/2000,MYR,SC,ASO,ES,Towers with Radar,28,40,38,3,109,1,0,36,1,38,29,40,74,4,147,6,0,6,153
12/09/2000,MYR,SC,ASO,ES,Towers with Radar,33,29,32,0,94,8,0,41,0,49,41,29,73,0,143,10,0,10,153
12/10/2000,MYR,SC,ASO,ES,Towers with Radar,29,29,17,6,81,1,0,0,0,1,30,29,17,6,82,0,0,0,82
12/11/2000,MYR,SC,ASO,ES,Towers with Radar,29,32,23,3,87,0,0,0,7,7,29,32,23,10,94,6,0,6,100
12/12/2000,MYR,SC,ASO,ES,Towers with Radar,31,39,36,3,109,0,0,36,8,44,31,39,72,11,153,46,0,46,199
12/13/2000,MYR,SC,ASO,ES,Towers with Radar,32,34,48,4,118,0,1,8,1,10,32,35,56,5,128,26,0,26,154
12/14/2000,MYR,SC,ASO,ES,Towers with Radar,28,39,20,17,104,0,1,0,0,1,28,40,20,17,105,0,0,0,105
12/15/2000,MYR,SC,ASO,ES,Towers with Radar,26,41,19,10,96,0,1,2,0,3,26,42,21,10,99,0,0,0,99
12/16/2000,MYR,SC,ASO,ES,Towers with Radar,36,26,8,0,70,0,1,0,0,1,36,27,8,0,71,0,0,0,71
12/17/2000,MYR,SC,ASO,ES,Towers with Radar,25,30,3,0,58,0,1,1,0,2,25,31,4,0,60,0,0,0,60
12/18/2000,MYR,SC,ASO,ES,Towers with Radar,27,34,39,0,100,0,1,34,1,36,27,35,73,1,136,71,0,71,207
12/19/2000,MYR,SC,ASO,ES,Towers with Radar,25,32,28,0,85,0,1,22,0,23,25,33,50,0,108,18,0,18,126
12/20/2000,MYR,SC,ASO,ES,Towers with Radar,25,38,35,3,101,0,0,45,1,46,25,38,80,4,147,34,4,38,185
12/21/2000,MYR,SC,ASO,ES,Towers with Radar,28,39,22,0,89,0,1,22,1,24,28,40,44,1,113,10,0,10,123
12/22/2000,MYR,SC,ASO,ES,Towers with Radar,26,39,31,7,103,0,1,22,5,28,26,40,53,12,131,28,0,28,159
12/23/2000,MYR,SC,ASO,ES,Towers with Radar,35,36,27,0,98,0,1,23,0,24,35,37,50,0,122,10,0,10,132
12/24/2000,MYR,SC,ASO,ES,Towers with Radar,33,18,7,0,58,0,1,6,0,7,33,19,13,0,65,18,0,18,83
12/25/2000,MYR,SC,ASO,ES,Towers with Radar,30,22,2,0,54,0,1,11,0,12,30,23,13,0,66,2,0,2,68
12/26/2000,MYR,SC,ASO,ES,Towers with Radar,26,32,23,2,83,0,1,24,0,25,26,33,47,2,108,0,0,0,108
12/27/2000,MYR,SC,ASO,ES,Towers with Radar,28,46,25,0,99,0,2,13,0,15,28,48,38,0,114,0,0,0,114
12/28/2000,MYR,SC,ASO,ES,Towers with Radar,27,38,24,2,91,0,1,9,0,10,27,39,33,2,101,12,0,12,113
12/29/2000,MYR,SC,ASO,ES,Towers with Radar,24,40,21,0,85,0,1,29,0,30,24,41,50,0,115,12,0,12,127
12/30/2000,MYR,SC,ASO,ES,Towers with Radar,30,27,19,0,76,0,1,17,0,18,30,28,36,0,94,50,0,50,144
12/31/2000,MYR,SC,ASO,ES,Towers with Radar,33,25,11,0,69,0,1,20,0,21,33,26,31,0,90,0,0,0,90
01/01/2001,MYR,SC,ASO,ES,Towers with Radar,25,24,17,0,66,0,2,18,1,21,25,26,35,1,87,8,0,8,95
01/02/2001,MYR,SC,ASO,ES,Towers with Radar,26,35,29,3,93,0,2,14,2,18,26,37,43,5,111,14,20,34,145
01/03/2001,MYR,SC,ASO,ES,Towers with Radar,31,43,13,0,87,0,1,23,1,25,31,44,36,1,112,12,0,12,124
01/04/2001,MYR,SC,ASO,ES,Towers with Radar,24,43,23,8,98,0,2,25,1,28,24,45,48,9,126,8,0,8,134
01/05/2001,MYR,SC,ASO,ES,Towers with Radar,28,41,19,0,88,0,3,30,3,36,28,44,49,3,124,28,0,28,152
01/06/2001,MYR,SC,ASO,ES,Towers with Radar,40,30,23,2,95,0,1,50,0,51,40,31,73,2,146,40,2,42,188
01/07/2001,MYR,SC,ASO,ES,Towers with Radar,32,25,13,4,74,0,1,40,0,41,32,26,53,4,115,23,0,23,138
01/08/2001,MYR,SC,ASO,ES,Towers with Radar,27,36,31,4,98,0,0,4,9,13,27,36,35,13,111,0,0,0,111
01/09/2001,MYR,SC,ASO,ES,Towers with Radar,31,40,33,4,108,12,2,28,3,45,43,42,61,7,153,24,0,24,177
01/10/2001,MYR,SC,ASO,ES,Towers with Radar,25,36,30,1,92,0,1,40,0,41,25,37,70,1,133,36,0,36,169
01/11/2001,MYR,SC,ASO,ES,Towers with Radar,28,39,47,8,122,0,0,42,2,44,28,39,89,10,166,20,10,30,196
01/12/2001,MYR,SC,ASO,ES,Towers with Radar,25,47,20,7,99,0,3,3,0,6,25,50,23,7,105,0,0,0,105
01/13/2001,MYR,SC,ASO,ES,Towers with Radar,30,38,34,0,102,0,1,46,0,47,30,39,80,0,149,20,0,20,169
01/14/2001,MYR,SC,ASO,ES,Towers with Radar,30,32,36,2,100,0,0,2,0,2,30,32,38,2,102,0,0,0,102
01/15/2001,MYR,SC,ASO,ES,Towers with Radar,22,31,27,3,83,0,0,16,1,17,22,31,43,4,100,24,0,24,124
01/16/2001,MYR,SC,ASO,ES,Towers with Radar,41,43,51,1,136,0,0,46,0,46,41,43,97,1,182,42,10,52,234
01/17/2001,MYR,SC,ASO,ES,Towers with Radar,29,41,39,1,110,0,0,18,0,18,29,41,57,1,128,14,6,20,148
01/18/2001,MYR,SC,ASO,ES,Towers with Radar,24,40,47,6,117,0,0,10,0,10,24,40,57,6,127,6,0,6,133
01/19/2001,MYR,SC,ASO,ES,Towers with Radar,24,46,37,3,110,0,1,20,0,21,24,47,57,3,131,20,2,22,153
01/20/2001,MYR,SC,ASO,ES,Towers with Radar,29,31,21,2,83,0,0,7,0,7,29,31,28,2,90,12,0,12,102
01/21/2001,MYR,SC,ASO,ES,Towers with Radar,26,31,30,0,87,0,0,46,2,48,26,31,76,2,135,32,0,32,167
01/22/2001,MYR,SC,ASO,ES,Towers with Radar,25,37,33,4,99,0,0,21,0,21,25,37,54,4,120,44,8,52,172
01/23/2001,MYR,SC,ASO,ES,Towers with Radar,25,41,23,22,111,0,1,41,3,45,25,42,64,25,156,33,39,72,228
01/24/2001,MYR,SC,ASO,ES,Towers with Radar,26,43,52,9,130,0,0,58,1,59,26,43,110,10,189,14,2,16,205
01/25/2001,MYR,SC,ASO,ES,Towers with Radar,28,42,21,0,91,0,1,32,1,34,28,43,53,1,125,17,0,17,142
01/26/2001,MYR,SC,ASO,ES,Towers with Radar,29,34,28,10,101,0,0,45,0,45,29,34,73,10,146,0,6,6,152
01/27/2001,MYR,SC,ASO,ES,Towers with Radar,29,37,14,1,81,0,0,39,1,40,29,37,53,2,121,12,0,12,133
01/28/2001,MYR,SC,ASO,ES,Towers with Radar,25,33,28,2,88,5,0,65,0,70,30,33,93,2,158,26,0,26,184
01/29/2001,MYR,SC,ASO,ES,Towers with Radar,27,36,50,5,118,0,1,23,1,25,27,37,73,6,143,28,2,30,173
01/30/2001,MYR,SC,ASO,ES,Towers with Radar,28,52,25,13,118,0,1,9,1,11,28,53,34,14,129,0,34,34,163
01/31/2001,MYR,SC,ASO,ES,Towers with Radar,25,44,60,2,131,0,1,33,1,35,25,45,93,3,166,21,0,21,187
02/01/2001,MYR,SC,ASO,ES,Towers with Radar,25,41,45,9,120,1,0,38,5,44,26,41,83,14,164,21,0,21,185
02/02/2001,MYR,SC,ASO,ES,Towers with Radar,26,39,49,3,117,0,1,28,0,29,26,40,77,3,146,39,0,39,185
02/03/2001,MYR,SC,ASO,ES,Towers with Radar,30,33,24,0,87,0,3,59,0,62,30,36,83,0,149,20,0,20,169
02/04/2001,MYR,SC,ASO,ES,Towers with Radar,28,34,14,2,78,0,1,0,0,1,28,35,14,2,79,2,0,2,81
02/05/2001,MYR,SC,ASO,ES,Towers with Radar,24,40,35,7,106,0,1,20,0,21,24,41,55,7,127,32,0,32,159
02/06/2001,MYR,SC,ASO,ES,Towers with Radar,28,46,33,0,107,0,1,40,1,42,28,47,73,1,149,24,2,26,175
02/07/2001,MYR,SC,ASO,ES,Towers with Radar,23,41,34,1,99,0,1,36,0,37,23,42,70,1,136,30,8,38,174
02/08/2001,MYR,SC,ASO,ES,Towers with Radar,31,44,41,5,121,0,1,47,5,53,31,45,88,10,174,46,2,48,222
02/09/2001,MYR,SC,ASO,ES,Towers with Radar,27,38,35,6,106,0,1,28,2,31,27,39,63,8,137,14,0,14,151
02/10/2001,MYR,SC,ASO,ES,Towers with Radar,39,31,27,0,97,0,0,22,2,24,39,31,49,2,121,16,0,16,137
02/11/2001,MYR,SC,ASO,ES,Towers with Radar,29,36,20,0,85,0,0,51,0,51,29,36,71,0,136,18,0,18,154
02/12/2001,MYR,SC,ASO,ES,Towers with Radar,27,36,11,3,77,0,0,0,1,1,27,36,11,4,78,0,0,0,78
02/13/2001,MYR,SC,ASO,ES,Towers with Radar,24,44,35,0,103,0,0,20,0,20,24,44,55,0,123,72,0,72,195
02/14/2001,MYR,SC,ASO,ES,Towers with Radar,29,43,25,12,109,0,0,7,1,8,29,43,32,13,117,0,2,2,119
02/15/2001,MYR,SC,ASO,ES,Towers with Radar,27,44,45,7,123,0,0,24,3,27,27,44,69,10,150,72,2,74,224
02/16/2001,MYR,SC,ASO,ES,Towers with Radar,24,42,50,5,121,0,0,33,0,33,24,42,83,5,154,18,4,22,176
02/17/2001,MYR,SC,ASO,ES,Towers with Radar,38,29,17,0,84,0,0,17,4,21,38,29,34,4,105,0,0,0,105
02/18/2001,MYR,SC,ASO,ES,Towers with Radar,26,36,38,0,100,0,0,57,2,59,26,36,95,2,159,14,0,14,173
02/19/2001,MYR,SC,ASO,ES,Towers with Radar,24,36,53,1,114,0,0,40,0,40,24,36,93,1,154,34,0,34,188
02/20/2001,MYR,SC,ASO,ES,Towers with Radar,30,34,38,0,102,5,0,55,0,60,35,34,93,0,162,32,0,32,194
02/21/2001,MYR,SC,ASO,ES,Towers with Radar,27,42,53,4,126,0,0,38,0,38,27,42,91,4,164,32,0,32,196
02/22/2001,MYR,SC,ASO,ES,Towers with Radar,31,30,23,0,84,0,0,0,0,0,31,30,23,0,84,0,0,0,84
02/23/2001,MYR,SC,ASO,ES,Towers with Radar,26,39,46,1,112,0,0,36,2,38,26,39,82,3,150,38,0,38,188
02/24/2001,MYR,SC,ASO,ES,Towers with Radar,35,36,26,0,97,0,0,35,0,35,35,36,61,0,132,42,0,42,174
02/25/2001,MYR,SC,ASO,ES,Towers with Radar,25,33,28,0,86,0,0,2,0,2,25,33,30,0,88,0,0,0,88
02/26/2001,MYR,SC,ASO,ES,Towers with Radar,24,39,45,5,113,0,0,41,1,42,24,39,86,6,155,46,0,46,201
02/27/2001,MYR,SC,ASO,ES,Towers with Radar,28,48,43,3,122,0,0,50,1,51,28,48,93,4,173,80,14,94,267
02/28/2001,MYR,SC,ASO,ES,Towers with Radar,26,44,38,0,108,0,0,17,0,17,26,44,55,0,125,19,0,19,144
03/01/2001,MYR,SC,ASO,ES,Towers with Radar,28,47,41,12,128,1,1,51,0,53,29,48,92,12,181,48,0,48,229
03/02/2001,MYR,SC,ASO,ES,Towers with Radar,26,48,40,5,119,0,0,39,1,40,26,48,79,6,159,32,0,32,191
03/03/2001,MYR,SC,ASO,ES,Towers with Radar,43,42,13,0,98,1,1,1,0,3,44,43,14,0,101,0,0,0,101
03/04/2001,MYR,SC,ASO,ES,Towers with Radar,31,44,10,10,95,1,1,4,0,6,32,45,14,10,101,0,0,0,101
03/05/2001,MYR,SC,ASO,ES,Towers with Radar,22,29,23,3,77,3,13,12,4,32,25,42,35,7,109,32,2,34,143
03/06/2001,MYR,SC,ASO,ES,Towers with Radar,28,42,15,6,91,1,1,7,0,9,29,43,22,6,100,0,0,0,100
03/07/2001,MYR,SC,ASO,ES,Towers with Radar,29,58,33,3,123,1,3,34,1,39,30,61,67,4,162,16,0,16,178
03/08/2001,MYR,SC,ASO,ES,Towers with Radar,28,54,33,9,124,1,1,47,2,51,29,55,80,11,175,88,0,88,263
03/09/2001,MYR,SC,ASO,ES,Towers with Radar,28,46,53,9,136,1,1,25,1,28,29,47,78,10,164,38,4,42,206
03/10/2001,MYR,SC,ASO,ES,Towers with Radar,37,47,54,1,139,1,2,62,0,65,38,49,116,1,204,18,0,18,222
03/11/2001,MYR,SC,ASO,ES,Towers with Radar,26,44,44,1,115,1,1,85,0,87,27,45,129,1,202,64,0,64,266
03/12/2001,MYR,SC,ASO,ES,Towers with Radar,26,45,49,2,122,1,1,14,0,16,27,46,63,2,138,44,0,44,182
03/13/2001,MYR,SC,ASO,ES,Towers with Radar,31,46,54,0,131,1,1,26,1,29,32,47,80,1,160,44,0,44,204
03/14/2001,MYR,SC,ASO,ES,Towers with Radar,29,55,36,0,120,1,1,54,2,58,30,56,90,2,178,53,0,53,231
03/15/2001,MYR,SC,ASO,ES,Towers with Radar,36,42,19,2,99,1,1,3,0,5,37,43,22,2,104,0,0,0,104
03/16/2001,MYR,SC,ASO,ES,Towers with Radar,37,45,62,9,153,1,1,12,0,14,38,46,74,9,167,4,8,12,179
03/17/2001,MYR,SC,ASO,ES,Towers with Radar,42,40,27,19,128,1,1,55,2,59,43,41,82,21,187,66,20,86,273
03/18/2001,MYR,SC,ASO,ES,Towers with Radar,34,41,35,8,118,1,1,52,0,54,35,42,87,8,172,34,0,34,206
03/19/2001,MYR,SC,ASO,ES,Towers with Radar,31,37,30,0,98,1,1,19,4,25,32,38,49,4,123,0,0,0,123
03/20/2001,MYR,SC,ASO,ES,Towers with Radar,30,36,24,2,92,0,1,1,3,5,30,37,25,5,97,0,0,0,97
03/21/2001,MYR,SC,ASO,ES,Towers with Radar,30,51,40,1,122,0,0,13,0,13,30,51,53,1,135,0,0,0,135
03/22/2001,MYR,SC,ASO,ES,Towers with Radar,43,51,34,0,128,0,3,49,3,55,43,54,83,3,183,66,1,67,250
03/23/2001,MYR,SC,ASO,ES,Towers with Radar,37,48,44,5,134,0,0,46,5,51,37,48,90,10,185,30,10,40,225
03/24/2001,MYR,SC,ASO,ES,Towers with Radar,43,44,27,3,117,0,1,32,0,33,43,45,59,3,150,44,2,46,196
03/25/2001,MYR,SC,ASO,ES,Towers with Radar,34,42,43,0,119,0,1,11,2,14,34,43,54,2,133,0,0,0,133
03/26/2001,MYR,SC,ASO,ES,Towers with Radar,33,33,39,13,118,0,1,46,2,49,33,34,85,15,167,8,6,14,181
03/27/2001,MYR,SC,ASO,ES,Towers with Radar,31,44,35,1,111,0,1,18,1,20,31,45,53,2,131,49,4,53,184
03/28/2001,MYR,SC,ASO,ES,Towers with Radar,29,44,35,3,111,0,1,27,0,28,29,45,62,3,139,42,0,42,181
03/29/2001,MYR,SC,ASO,ES,Towers with Radar,27,36,23,0,86,10,0,0,0,10,37,36,23,0,96,10,0,10,106
03/30/2001,MYR,SC,ASO,ES,Towers with Radar,28,43,37,4,112,0,0,46,6,52,28,43,83,10,164,133,0,133,297
03/31/2001,MYR,SC,ASO,ES,Towers with Radar,36,26,37,4,103,10,0,41,4,55,46,26,78,8,158,50,2,52,210
04/01/2001,MYR,SC,ASO,ES,Towers with Radar,47,25,18,0,90,1,0,13,2,16,48,25,31,2,106,33,2,35,141
04/02/2001,MYR,SC,ASO,ES,Towers with Radar,39,36,17,9,101,0,0,44,1,45,39,36,61,10,146,62,22,84,230
04/03/2001,MYR,SC,ASO,ES,Towers with Radar,33,36,45,0,114,0,0,28,0,28,33,36,73,0,142,24,0,24,166
04/04/2001,MYR,SC,ASO,ES,Towers with Radar,37,37,48,2,124,0,0,30,0,30,37,37,78,2,154,27,0,27,181
04/05/2001,MYR,SC,ASO,ES,Towers with Radar,45,37,37,0,119,0,0,74,0,74,45,37,111,0,193,130,0,130,323
04/06/2001,MYR,SC,ASO,ES,Towers with Radar,39,37,69,40,185,0,0,50,7,57,39,37,119,47,242,54,50,104,346
04/07/2001,MYR,SC,ASO,ES,Towers with Radar,47,30,39,3,119,0,0,40,0,40,47,30,79,3,159,46,48,94,253
04/08/2001,MYR,SC,ASO,ES,Towers with Radar,41,29,50,3,123,0,0,54,2,56,41,29,104,5,179,14,14,28,207
04/09/2001,MYR,SC,ASO,ES,Towers with Radar,37,35,42,6,120,0,0,54,4,58,37,35,96,10,178,50,10,60,238
04/10/2001,MYR,SC,ASO,ES,Towers with Radar,38,36,52,6,132,0,0,48,0,48,38,36,100,6,180,22,8,30,210
04/11/2001,MYR,SC,ASO,ES,Towers with Radar,35,38,50,12,135,0,0,54,0,54,35,38,104,12,189,76,20,96,285
04/12/2001,MYR,SC,ASO,ES,Towers with Radar,44,43,49,26,162,0,2,52,0,54,44,45,101,26,216,54,10,64,280
04/13/2001,MYR,SC,ASO,ES,Towers with Radar,37,41,52,6,136,0,0,32,0,32,37,41,84,6,168,5,0,5,173
04/14/2001,MYR,SC,ASO,ES,Towers with Radar,51,25,33,0,109,0,1,67,0,68,51,26,100,0,177,42,0,42,219
04/15/2001,MYR,SC,ASO,ES,Towers with Radar,41,26,44,2,113,0,2,31,0,33,41,28,75,2,146,30,0,30,176
04/16/2001,MYR,SC,ASO,ES,Towers with Radar,40,36,48,20,144,0,0,38,2,40,40,36,86,22,184,4,14,18,202
04/17/2001,MYR,SC,ASO,ES,Towers with Radar,33,28,34,6,101,4,10,5,9,28,37,38,39,15,129,2,36,38,167
04/18/2001,MYR,SC,ASO,ES,Towers with Radar,31,40,57,5,133,0,0,55,0,55,31,40,112,5,188,26,0,26,214
04/19/2001,MYR,SC,ASO,ES,Towers with Radar,40,40,51,2,133,0,0,50,5,55,40,40,101,7,188,34,4,38,226
04/20/2001,MYR,SC,ASO,ES,Towers with Radar,40,37,33,6,116,0,0,44,1,45,40,37,77,7,161,4,0,4,165
04/21/2001,MYR,SC,ASO,ES,Towers with Radar,48,28,36,5,117,0,0,38,0,38,48,28,74,5,155,8,20,28,183
04/22/2001,MYR,SC,ASO,ES,Towers with Radar,41,25,38,2,106,0,0,42,0,42,41,25,80,2,148,24,0,24,172
04/23/2001,MYR,SC,ASO,ES,Towers with Radar,41,34,39,14,128,0,1,33,2,36,41,35,72,16,164,24,16,40,204
04/24/2001,MYR,SC,ASO,ES,Towers with Radar,39,32,35,6,112,0,0,14,0,14,39,32,49,6,126,30,24,54,180
04/25/2001,MYR,SC,ASO,ES,Towers with Radar,41,32,48,0,121,0,0,2,0,2,41,32,50,0,123,0,0,0,123
04/26/2001,MYR,SC,ASO,ES,Towers with Radar,44,34,57,1,136,0,0,40,1,41,44,34,97,2,177,26,0,26,203
04/27/2001,MYR,SC,ASO,ES,Towers with Radar,39,36,38,2,115,0,0,66,1,67,39,36,104,3,182,24,0,24,206
04/28/2001,MYR,SC,ASO,ES,Towers with Radar,44,32,22,2,100,0,0,74,2,76,44,32,96,4,176,26,8,34,210
04/29/2001,MYR,SC,ASO,ES,Towers with Radar,44,24,42,9,119,0,0,70,0,70,44,24,112,9,189,78,6,84,273
04/30/2001,MYR,SC,ASO,ES,Towers with Radar,42,29,36,4,111,0,1,29,0,30,42,30,65,4,141,52,0,52,193
05/01/2001,MYR,SC,ASO,ES,Towers with Radar,38,36,41,15,130,1,0,40,0,41,39,36,81,15,171,88,8,96,267
05/02/2001,MYR,SC,ASO,ES,Towers with Radar,37,47,34,1,119,0,0,41,1,42,37,47,75,2,161,38,0,38,199
05/03/2001,MYR,SC,ASO,ES,Towers with Radar,44,38,57,5,144,0,1,35,1,37,44,39,92,6,181,40,6,46,227
05/04/2001,MYR,SC,ASO,ES,Towers with Radar,42,41,28,4,115,0,0,61,0,61,42,41,89,4,176,36,0,36,212
05/05/2001,MYR,SC,ASO,ES,Towers with Radar,48,28,33,1,110,1,0,60,0,61,49,28,93,1,171,44,0,44,215
05/06/2001,MYR,SC,ASO,ES,Towers with Radar,37,22,45,6,110,1,0,41,2,44,38,22,86,8,154,2,0,2,156
05/07/2001,MYR,SC,ASO,ES,Towers with Radar,42,27,24,23,116,1,0,26,0,27,43,27,50,23,143,28,42,70,213
05/08/2001,MYR,SC,ASO,ES,Towers with Radar,36,35,38,2,111,1,0,44,0,45,37,35,82,2,156,54,0,54,210
05/09/2001,MYR,SC,ASO,ES,Towers with Radar,34,41,55,10,140,1,0,54,0,55,35,41,109,10,195,106,16,122,317
05/10/2001,MYR,SC,ASO,ES,Towers with Radar,42,36,48,8,134,0,0,38,7,45,42,36,86,15,179,52,18,70,249
05/11/2001,MYR,SC,ASO,ES,Towers with Radar,40,32,45,6,123,1,0,37,0,38,41,32,82,6,161,26,0,26,187
05/12/2001,MYR,SC,ASO,ES,Towers with Radar,50,23,21,6,100,1,0,30,0,31,51,23,51,6,131,34,10,44,175
05/13/2001,MYR,SC,ASO,ES,Towers with Radar,43,25,55,0,123,1,0,57,0,58,44,25,112,0,181,30,0,30,211
05/14/2001,MYR,SC,ASO,ES,Towers with Radar,37,34,46,13,130,1,1,50,0,52,38,35,96,13,182,14,0,14,196
05/15/2001,MYR,SC,ASO,ES,Towers with Radar,40,34,44,8,126,0,3,53,6,62,40,37,97,14,188,86,16,102,290
05/16/2001,MYR,SC,ASO,ES,Towers with Radar,38,35,47,10,130,1,0,50,3,54,39,35,97,13,184,44,12,56,240
05/17/2001,MYR,SC,ASO,ES,Towers with Radar,36,42,62,12,152,1,2,10,0,13,37,44,72,12,165,14,26,40,205
05/18/2001,MYR,SC,ASO,ES,Towers with Radar,32,39,57,11,139,1,0,30,0,31,33,39,87,11,170,12,0,12,182
05/19/2001,MYR,SC,ASO,ES,Towers with Radar,44,29,31,13,117,1,0,69,0,70,45,29,100,13,187,50,12,62,249
05/20/2001,MYR,SC,ASO,ES,Towers with Radar,37,28,44,3,112,1,0,36,0,37,38,28,80,3,149,16,0,16,165
05/21/2001,MYR,SC,ASO,ES,Towers with Radar,33,32,44,15,124,1,0,30,0,31,34,32,74,15,155,24,14,38,193
05/22/2001,MYR,SC,ASO,ES,Towers with Radar,38,33,49,4,124,1,0,28,0,29,39,33,77,4,153,30,0,30,183
05/23/2001,MYR,SC,ASO,ES,Towers with Radar,39,39,49,9,136,0,8,22,9,39,39,47,71,18,175,48,2,50,225
05/24/2001,MYR,SC,ASO,ES,Towers with Radar,39,37,40,6,122,0,0,70,1,71,39,37,110,7,193,57,8,65,258
05/25/2001,MYR,SC,ASO,ES,Towers with Radar,42,43,56,1,142,0,1,58,0,59,42,44,114,1,201,92,0,92,293
05/26/2001,MYR,SC,ASO,ES,Towers with Radar,49,28,28,0,105,0,1,36,0,37,49,29,64,0,142,50,0,50,192
05/27/2001,MYR,SC,ASO,ES,Towers with Radar,41,21,19,1,82,0,0,31,1,32,41,21,50,2,114,2,0,2,116
05/28/2001,MYR,SC,ASO,ES,Towers with Radar,39,21,51,1,112,0,0,33,0,33,39,21,84,1,145,2,0,2,147
05/29/2001,MYR,SC,ASO,ES,Towers with Radar,38,29,28,3,98,0,0,21,4,25,38,29,49,7,123,28,0,28,151
05/30/2001,MYR,SC,ASO,ES,Towers with Radar,36,35,43,8,122,0,3,91,5,99,36,38,134,13,221,60,20,80,301
05/31/2001,MYR,SC,ASO,ES,Towers with Radar,42,36,65,13,156,0,0,27,1,28,42,36,92,14,184,16,4,20,204
06/01/2001,MYR,SC,ASO,ES,Towers with Radar,36,29,42,6,113,8,2,1,3,14,44,31,43,9,127,0,8,8,135
06/02/2001,MYR,SC,ASO,ES,Towers with Radar,48,28,34,0,110,0,0,46,1,47,48,28,80,1,157,10,0,10,167
06/03/2001,MYR,SC,ASO,ES,Towers with Radar,38,21,42,2,103,0,0,69,0,69,38,21,111,2,172,40,0,40,212
06/04/2001,MYR,SC,ASO,ES,Towers with Radar,43,30,60,22,155,0,0,57,0,57,43,30,117,22,212,50,18,68,280
06/05/2001,MYR,SC,ASO,ES,Towers with Radar,42,33,42,8,125,0,1,51,0,52,42,34,93,8,177,32,0,32,209
06/06/2001,MYR,SC,ASO,ES,Towers with Radar,35,38,51,24,148,0,0,60,5,65,35,38,111,29,213,56,20,76,289
06/07/2001,MYR,SC,ASO,ES,Towers with Radar,39,39,60,3,141,0,0,50,0,50,39,39,110,3,191,34,4,38,229
06/08/2001,MYR,SC,ASO,ES,Towers with Radar,36,42,56,4,138,0,0,19,1,20,36,42,75,5,158,10,0,10,168
06/09/2001,MYR,SC,ASO,ES,Towers with Radar,39,30,45,6,120,5,1,26,0,32,44,31,71,6,152,8,0,8,160
06/10/2001,MYR,SC,ASO,ES,Towers with Radar,41,32,51,7,131,0,0,46,12,58,41,32,97,19,189,52,10,62,251
06/11/2001,MYR,SC,ASO,ES,Towers with Radar,39,30,52,7,128,0,0,23,9,32,39,30,75,16,160,18,26,44,204
06/12/2001,MYR,SC,ASO,ES,Towers with Radar,39,30,46,1,116,1,12,53,0,66,40,42,99,1,182,46,0,46,228
06/13/2001,MYR,SC,ASO,ES,Towers with Radar,30,23,34,2,89,4,15,1,0,20,34,38,35,2,109,8,0,8,117
06/14/2001,MYR,SC,ASO,ES,Towers with Radar,35,42,43,0,120,0,0,28,0,28,35,42,71,0,148,20,0,20,168
06/15/2001,MYR,SC,ASO,ES,Towers with Radar,39,37,37,7,120,0,0,28,7,35,39,37,65,14,155,2,4,6,161
06/16/2001,MYR,SC,ASO,ES,Towers with Radar,45,25,46,2,118,0,0,32,0,32,45,25,78,2,150,36,0,36,186
06/17/2001,MYR,SC,ASO,ES,Towers with Radar,41,24,45,3,113,0,0,62,0,62,41,24,107,3,175,38,2,40,215
06/18/2001,MYR,SC,ASO,ES,Towers with Radar,38,31,55,1,125,0,0,63,1,64,38,31,118,2,189,76,0,76,265
06/19/2001,MYR,SC,ASO,ES,Towers with Radar,40,37,65,4,146,0,0,49,0,49,40,37,114,4,195,42,0,42,237
06/20/2001,MYR,SC,ASO,ES,Towers with Radar,39,39,69,10,157,0,0,39,3,42,39,39,108,13,199,65,11,76,275
06/21/2001,MYR,SC,ASO,ES,Towers with Radar,44,32,69,15,160,0,0,46,1,47,44,32,115,16,207,36,6,42,249
06/22/2001,MYR,SC,ASO,ES,Towers with Radar,42,31,39,10,122,0,0,16,2,18,42,31,55,12,140,8,8,16,156
06/23/2001,MYR,SC,ASO,ES,Towers with Radar,45,25,42,1,113,0,0,18,0,18,45,25,60,1,131,63,0,63,194
06/24/2001,MYR,SC,ASO,ES,Towers with Radar,39,25,48,0,112,0,0,38,0,38,39,25,86,0,150,92,0,92,242
06/25/2001,MYR,SC,ASO,ES,Towers with Radar,39,33,49,15,136,0,0,3,0,3,39,33,52,15,139,12,0,12,151
06/26/2001,MYR,SC,ASO,ES,Towers with Radar,41,34,50,7,132,2,3,28,1,34,43,37,78,8,166,46,10,56,222
06/27/2001,MYR,SC,ASO,ES,Towers with Radar,39,37,75,7,158,0,0,43,0,43,39,37,118,7,201,64,12,76,277
06/28/2001,MYR,SC,ASO,ES,Towers with Radar,39,40,64,7,150,0,0,37,0,37,39,40,101,7,187,30,8,38,225
06/29/2001,MYR,SC,ASO,ES,Towers with Radar,40,36,51,14,141,0,0,51,1,52,40,36,102,15,193,41,12,53,246
06/30/2001,MYR,SC,ASO,ES,Towers with Radar,55,19,36,7,117,0,0,57,4,61,55,19,93,11,178,44,10,54,232
07/01/2001,MYR,SC,ASO,ES,Towers with Radar,42,30,29,0,101,2,0,43,0,45,44,30,72,0,146,0,0,0,146
07/02/2001,MYR,SC,ASO,ES,Towers with Radar,42,26,54,2,124,1,0,35,0,36,43,26,89,2,160,8,0,8,168
07/03/2001,MYR,SC,ASO,ES,Towers with Radar,43,37,19,0,99,1,1,13,0,15,44,38,32,0,114,4,0,4,118
07/04/2001,MYR,SC,ASO,ES,Towers with Radar,35,23,32,0,90,2,0,51,0,53,37,23,83,0,143,42,0,42,185
07/05/2001,MYR,SC,ASO,ES,Towers with Radar,41,38,53,4,136,2,0,34,0,36,43,38,87,4,172,42,0,42,214
07/06/2001,MYR,SC,ASO,ES,Towers with Radar,42,37,39,6,124,2,0,51,0,53,44,37,90,6,177,43,8,51,228
07/07/2001,MYR,SC,ASO,ES,Towers with Radar,42,36,42,0,120,8,0,80,0,88,50,36,122,0,208,24,0,24,232
07/08/2001,MYR,SC,ASO,ES,Towers with Radar,44,31,59,0,134,2,0,34,0,36,46,31,93,0,170,20,0,20,190
07/09/2001,MYR,SC,ASO,ES,Towers with Radar,37,35,50,2,124,2,0,33,0,35,39,35,83,2,159,30,12,42,201
07/10/2001,MYR,SC,ASO,ES,Towers with Radar,42,36,24,14,116,2,0,40,3,45,44,36,64,17,161,11,14,25,186
07/11/2001,MYR,SC,ASO,ES,Towers with Radar,39,35,31,3,108,1,1,27,0,29,40,36,58,3,137,34,0,34,171
07/12/2001,MYR,SC,ASO,ES,Towers with Radar,42,37,46,4,129,0,0,48,0,48,42,37,94,4,177,12,0,12,189
07/13/2001,MYR,SC,ASO,ES,Towers with Radar,41,38,42,7,128,0,0,26,1,27,41,38,68,8,155,12,0,12,167
07/14/2001,MYR,SC,ASO,ES,Towers with Radar,43,38,41,7,129,1,5,50,2,58,44,43,91,9,187,12,12,24,211
07/15/2001,MYR,SC,ASO,ES,Towers with Radar,40,36,38,6,120,4,0,49,8,61,44,36,87,14,181,32,0,32,213
07/16/2001,MYR,SC,ASO,ES,Towers with Radar,44,33,43,7,127,0,0,41,12,53,44,33,84,19,180,47,10,57,237
07/17/2001,MYR,SC,ASO,ES,Towers with Radar,39,35,37,6,117,1,0,58,2,61,40,35,95,8,178,46,0,46,224
07/18/2001,MYR,SC,ASO,ES,Towers with Radar,41,41,45,7,134,0,0,57,1,58,41,41,102,8,192,12,8,20,212
07/19/2001,MYR,SC,ASO,ES,Towers with Radar,41,43,49,2,135,0,0,33,0,33,41,43,82,2,168,14,0,14,182
07/20/2001,MYR,SC,ASO,ES,Towers with Radar,39,46,50,8,143,0,1,20,9,30,39,47,70,17,173,16,2,18,191
07/21/2001,MYR,SC,ASO,ES,Towers with Radar,43,38,41,0,122,8,5,61,0,74,51,43,102,0,196,32,0,32,228
07/22/2001,MYR,SC,ASO,ES,Towers with Radar,43,41,45,7,136,0,0,38,11,49,43,41,83,18,185,10,0,10,195
07/23/2001,MYR,SC,ASO,ES,Towers with Radar,38,33,35,0,106,8,0,0,0,8,46,33,35,0,114,0,0,0,114
07/24/2001,MYR,SC,ASO,ES,Towers with Radar,40,39,42,2,123,0,0,22,0,22,40,39,64,2,145,16,2,18,163
07/25/2001,MYR,SC,ASO,ES,Towers with Radar,39,41,45,7,132,0,0,28,2,30,39,41,73,9,162,22,0,22,184
07/26/2001,MYR,SC,ASO,ES,Towers with Radar,39,35,37,0,111,2,1,2,0,5,41,36,39,0,116,4,0,4,120
07/27/2001,MYR,SC,ASO,ES,Towers with Radar,36,34,28,5,103,0,4,0,0,4,36,38,28,5,107,0,0,0,107
07/28/2001,MYR,SC,ASO,ES,Towers with Radar,42,37,39,2,120,7,5,0,0,12,49,42,39,2,132,6,0,6,138
07/29/2001,MYR,SC,ASO,ES,Towers with Radar,40,35,38,6,119,1,5,13,0,19,41,40,51,6,138,12,0,12,150
07/30/2001,MYR,SC,ASO,ES,Towers with Radar,43,34,45,7,129,0,0,14,19,33,43,34,59,26,162,66,14,80,242
07/31/2001,MYR,SC,ASO,ES,Towers with Radar,39,35,37,6,117,4,0,71,16,91,43,35,108,22,208,64,18,82,290
08/01/2001,MYR,SC,ASO,ES,Towers with Radar,40,40,39,10,129,0,1,26,6,33,40,41,65,16,162,46,2,48,210
08/02/2001,MYR,SC,ASO,ES,Towers with Radar,43,42,44,11,140,0,0,34,20,54,43,42,78,31,194,12,22,34,228
08/03/2001,MYR,SC,ASO,ES,Towers with Radar,39,37,45,11,132,0,0,75,7,82,39,37,120,18,214,32,8,40,254
08/04/2001,MYR,SC,ASO,ES,Towers with Radar,42,38,36,1,117,5,5,36,0,46,47,43,72,1,163,57,0,57,220
08/05/2001,MYR,SC,ASO,ES,Towers with Radar,39,34,34,0,107,7,0,41,0,48,46,34,75,0,155,60,0,60,215
08/06/2001,MYR,SC,ASO,ES,Towers with Radar,37,31,32,8,108,5,0,1,6,12,42,31,33,14,120,2,10,12,132
08/07/2001,MYR,SC,ASO,ES,Towers with Radar,39,38,37,9,123,0,2,34,10,46,39,40,71,19,169,16,0,16,185
08/08/2001,MYR,SC,ASO,ES,Towers with Radar,40,37,36,9,122,0,0,38,7,45,40,37,74,16,167,32,8,40,207
08/09/2001,MYR,SC,ASO,ES,Towers with Radar,43,39,37,1,120,2,0,34,0,36,45,39,71,1,156,0,0,0,156
08/10/2001,MYR,SC,ASO,ES,Towers with Radar,43,36,37,9,125,0,0,22,13,35,43,36,59,22,160,26,18,44,204
08/11/2001,MYR,SC,ASO,ES,Towers with Radar,35,31,30,6,102,16,5,24,0,45,51,36,54,6,147,20,0,20,167
08/12/2001,MYR,SC,ASO,ES,Towers with Radar,39,36,34,5,114,0,3,39,0,42,39,39,73,5,156,74,0,74,230
08/13/2001,MYR,SC,ASO,ES,Towers with Radar,38,31,34,5,108,7,0,12,0,19,45,31,46,5,127,18,6,24,151
08/14/2001,MYR,SC,ASO,ES,Towers with Radar,35,32,32,3,102,11,5,9,0,25,46,37,41,3,127,0,0,0,127
08/15/2001,MYR,SC,ASO,ES,Towers with Radar,40,42,44,8,134,0,0,42,0,42,40,42,86,8,176,93,4,97,273
08/16/2001,MYR,SC,ASO,ES,Towers with Radar,43,36,40,4,123,0,0,56,0,56,43,36,96,4,179,65,0,65,244
08/17/2001,MYR,SC,ASO,ES,Towers with Radar,40,29,43,10,122,0,0,34,11,45,40,29,77,21,167,16,24,40,207
08/18/2001,MYR,SC,ASO,ES,Towers with Radar,38,33,34,6,111,12,6,16,0,34,50,39,50,6,145,2,0,2,147
08/19/2001,MYR,SC,ASO,ES,Towers with Radar,44,38,38,9,129,2,1,42,12,57,46,39,80,21,186,28,16,44,230
08/20/2001,MYR,SC,ASO,ES,Towers with Radar,40,36,39,9,124,0,0,14,12,26,40,36,53,21,150,24,14,38,188
08/21/2001,MYR,SC,ASO,ES,Towers with Radar,44,37,45,5,131,0,0,35,0,35,44,37,80,5,166,57,0,57,223
08/22/2001,MYR,SC,ASO,ES,Towers with Radar,42,36,37,8,123,0,2,48,4,54,42,38,85,12,177,14,17,31,208
08/23/2001,MYR,SC,ASO,ES,Towers with Radar,41,35,36,8,120,0,6,42,0,48,41,41,78,8,168,77,8,85,253
08/24/2001,MYR,SC,ASO,ES,Towers with Radar,43,42,43,5,133,0,0,43,0,43,43,42,86,5,176,36,0,36,212
08/25/2001,MYR,SC,ASO,ES,Towers with Radar,38,33,34,7,112,13,3,18,5,39,51,36,52,12,151,10,0,10,161
08/26/2001,MYR,SC,ASO,ES,Towers with Radar,38,32,33,1,104,5,7,45,0,57,43,39,78,1,161,4,0,4,165
08/27/2001,MYR,SC,ASO,ES,Towers with Radar,43,33,40,9,125,0,0,43,2,45,43,33,83,11,170,22,0,22,192
08/28/2001,MYR,SC,ASO,ES,Towers with Radar,41,35,36,2,114,0,9,27,0,36,41,44,63,2,150,97,0,97,247
08/29/2001,MYR,SC,ASO,ES,Towers with Radar,38,35,34,2,109,0,5,23,0,28,38,40,57,2,137,20,0,20,157
08/30/2001,MYR,SC,ASO,ES,Towers with Radar,42,37,36,5,120,1,7,23,0,31,43,44,59,5,151,30,0,30,181
08/31/2001,MYR,SC,ASO,ES,Towers with Radar,39,37,44,5,125,0,0,22,0,22,39,37,66,5,147,38,0,38,185
09/01/2001,MYR,SC,ASO,ES,Towers with Radar,49,41,39,4,133,0,1,25,1,27,49,42,64,5,160,40,0,40,200
09/02/2001,MYR,SC,ASO,ES,Towers with Radar,43,38,44,0,125,0,1,13,2,16,43,39,57,2,141,0,0,0,141
09/03/2001,MYR,SC,ASO,ES,Towers with Radar,42,27,60,3,132,0,0,16,1,17,42,27,76,4,149,14,0,14,163
09/04/2001,MYR,SC,ASO,ES,Towers with Radar,42,33,74,12,161,0,1,7,1,9,42,34,81,13,170,6,10,16,186
09/05/2001,MYR,SC,ASO,ES,Towers with Radar,41,32,69,5,147,0,1,25,1,27,41,33,94,6,174,12,0,12,186
09/06/2001,MYR,SC,ASO,ES,Towers with Radar,38,47,66,10,161,0,1,53,0,54,38,48,119,10,215,42,2,44,259
09/07/2001,MYR,SC,ASO,ES,Towers with Radar,39,40,69,10,158,0,0,45,1,46,39,40,114,11,204,24,2,26,230
09/08/2001,MYR,SC,ASO,ES,Towers with Radar,44,43,42,3,132,0,0,23,0,23,44,43,65,3,155,0,0,0,155
09/09/2001,MYR,SC,ASO,ES,Towers with Radar,42,45,70,0,157,0,0,32,0,32,42,45,102,0,189,32,0,32,221
09/10/2001,MYR,SC,ASO,ES,Towers with Radar,42,28,57,4,131,0,0,28,0,28,42,28,85,4,159,44,14,58,217
09/11/2001,MYR,SC,ASO,ES,Towers with Radar,8,8,10,0,26,0,0,1,2,3,8,8,11,2,29,0,0,0,29
09/12/2001,MYR,SC,ASO,ES,Towers with Radar,0,0,0,0,0,0,0,0,0,0,0,0,0,0,0,0,0,0,0
09/13/2001,MYR,SC,ASO,ES,Towers with Radar,4,17,2,6,29,0,0,3,0,3,4,17,5,6,32,0,0,0,32
09/14/2001,MYR,SC,ASO,ES,Towers with Radar,12,12,3,1,28,2,18,0,1,21,14,30,3,2,49,0,0,0,49
09/15/2001,MYR,SC,ASO,ES,Towers with Radar,34,25,26,0,85,0,0,1,0,1,34,25,27,0,86,0,0,0,86
09/16/2001,MYR,SC,ASO,ES,Towers with Radar,33,22,36,0,91,6,0,0,0,6,39,22,36,0,97,0,0,0,97
09/17/2001,MYR,SC,ASO,ES,Towers with Radar,40,27,52,7,126,0,0,2,2,4,40,27,54,9,130,0,4,4,134
09/18/2001,MYR,SC,ASO,ES,Towers with Radar,31,39,65,6,141,0,0,1,0,1,31,39,66,6,142,10,2,12,154
09/19/2001,MYR,SC,ASO,ES,Towers with Radar,31,34,71,7,143,0,0,1,0,1,31,34,72,7,144,0,8,8,152
09/20/2001,MYR,SC,ASO,ES,Towers with Radar,30,39,60,19,148,0,0,6,0,6,30,39,66,19,154,0,0,0,154
09/21/2001,MYR,SC,ASO,ES,Towers with Radar,28,34,49,0,111,0,0,3,0,3,28,34,52,0,114,0,0,0,114
09/22/2001,MYR,SC,ASO,ES,Towers with Radar,37,36,46,0,119,0,0,11,0,11,37,36,57,0,130,8,0,8,138
09/23/2001,MYR,SC,ASO,ES,Towers with Radar,34,29,33,0,96,0,0,15,0,15,34,29,48,0,111,4,0,4,115
09/24/2001,MYR,SC,ASO,ES,Towers with Radar,33,23,55,2,113,0,0,4,0,4,33,23,59,2,117,0,0,0,117
09/25/2001,MYR,SC,ASO,ES,Towers with Radar,34,34,65,2,135,0,0,20,0,20,34,34,85,2,155,24,12,36,191
09/26/2001,MYR,SC,ASO,ES,Towers with Radar,30,40,51,11,132,0,1,44,0,45,30,41,95,11,177,110,14,124,301
09/27/2001,MYR,SC,ASO,ES,Towers with Radar,31,44,59,1,135,0,1,53,0,54,31,45,112,1,189,90,0,90,279
09/28/2001,MYR,SC,ASO,ES,Towers with Radar,32,33,30,15,110,0,0,37,1,38,32,33,67,16,148,44,36,80,228
09/29/2001,MYR,SC,ASO,ES,Towers with Radar,37,32,22,2,93,0,0,19,2,21,37,32,41,4,114,8,0,8,122
09/30/2001,MYR,SC,ASO,ES,Towers with Radar,40,26,38,0,104,0,0,19,0,19,40,26,57,0,123,12,0,12,135
10/01/2001,MYR,SC,ASO,ES,Towers with Radar,31,26,21,12,90,1,0,19,1,21,32,26,40,13,111,36,14,50,161
10/02/2001,MYR,SC,ASO,ES,Towers with Radar,34,36,44,2,116,0,0,49,0,49,34,36,93,2,165,64,0,64,229
10/03/2001,MYR,SC,ASO,ES,Towers with Radar,30,35,34,0,99,0,0,52,3,55,30,35,86,3,154,32,2,34,188
10/04/2001,MYR,SC,ASO,ES,Towers with Radar,29,37,43,9,118,0,0,46,0,46,29,37,89,9,164,34,0,34,198
10/05/2001,MYR,SC,ASO,ES,Towers with Radar,30,34,44,5,113,0,0,36,12,48,30,34,80,17,161,32,12,44,205
10/06/2001,MYR,SC,ASO,ES,Towers with Radar,36,32,19,0,87,0,0,11,0,11,36,32,30,0,98,18,0,18,116
10/07/2001,MYR,SC,ASO,ES,Towers with Radar,30,28,28,0,86,1,1,45,0,47,31,29,73,0,133,32,0,32,165
10/08/2001,MYR,SC,ASO,ES,Towers with Radar,32,20,53,0,105,0,0,22,0,22,32,20,75,0,127,36,0,36,163
10/09/2001,MYR,SC,ASO,ES,Towers with Radar,31,28,53,1,113,0,0,29,1,30,31,28,82,2,143,54,0,54,197
10/10/2001,MYR,SC,ASO,ES,Towers with Radar,30,33,46,2,111,0,0,34,0,34,30,33,80,2,145,24,14,38,183
10/11/2001,MYR,SC,ASO,ES,Towers with Radar,31,36,52,7,126,0,1,45,0,46,31,37,97,7,172,44,20,64,236
10/12/2001,MYR,SC,ASO,ES,Towers with Radar,30,32,30,9,101,0,0,29,0,29,30,32,59,9,130,2,0,2,132
10/13/2001,MYR,SC,ASO,ES,Towers with Radar,38,32,37,0,107,0,2,27,0,29,38,34,64,0,136,6,0,6,142
10/14/2001,MYR,SC,ASO,ES,Towers with Radar,34,30,27,0,91,0,0,8,0,8,34,30,35,0,99,4,0,4,103
10/15/2001,MYR,SC,ASO,ES,Towers with Radar,32,26,31,0,89,0,0,49,0,49,32,26,80,0,138,32,0,32,170
10/16/2001,MYR,SC,ASO,ES,Towers with Radar,30,31,40,0,101,0,1,15,0,16,30,32,55,0,117,0,0,0,117
10/17/2001,MYR,SC,ASO,ES,Towers with Radar,32,30,46,2,110,0,0,31,0,31,32,30,77,2,141,9,0,9,150
10/18/2001,MYR,SC,ASO,ES,Towers with Radar,32,38,32,2,104,0,2,46,0,48,32,40,78,2,152,36,0,36,188
10/19/2001,MYR,SC,ASO,ES,Towers with Radar,30,28,66,19,143,0,0,23,0,23,30,28,89,19,166,6,8,14,180
10/20/2001,MYR,SC,ASO,ES,Towers with Radar,37,36,33,0,106,0,0,28,0,28,37,36,61,0,134,14,0,14,148
10/21/2001,MYR,SC,ASO,ES,Towers with Radar,36,31,50,0,117,0,4,45,0,49,36,35,95,0,166,0,0,0,166
10/22/2001,MYR,SC,ASO,ES,Towers with Radar,31,23,40,16,110,0,0,20,0,20,31,23,60,16,130,0,22,22,152
10/23/2001,MYR,SC,ASO,ES,Towers with Radar,27,34,41,1,103,0,0,23,0,23,27,34,64,1,126,18,0,18,144
10/24/2001,MYR,SC,ASO,ES,Towers with Radar,30,29,41,8,108,0,0,36,0,36,30,29,77,8,144,44,2,46,190
10/25/2001,MYR,SC,ASO,ES,Towers with Radar,33,29,36,17,115,0,2,20,3,25,33,31,56,20,140,0,10,10,150
10/26/2001,MYR,SC,ASO,ES,Towers with Radar,30,26,35,0,91,0,0,37,0,37,30,26,72,0,128,34,0,34,162
10/27/2001,MYR,SC,ASO,ES,Towers with Radar,35,32,25,0,92,0,0,35,0,35,35,32,60,0,127,56,0,56,183
10/28/2001,MYR,SC,ASO,ES,Towers with Radar,35,27,33,0,95,0,0,31,0,31,35,27,64,0,126,29,0,29,155
10/29/2001,MYR,SC,ASO,ES,Towers with Radar,32,22,22,10,86,0,2,36,0,38,32,24,58,10,124,102,14,116,240
10/30/2001,MYR,SC,ASO,ES,Towers with Radar,29,34,30,3,96,0,0,45,1,46,29,34,75,4,142,16,0,16,158
10/31/2001,MYR,SC,ASO,ES,Towers with Radar,30,30,34,10,104,0,0,27,0,27,30,30,61,10,131,56,2,58,189
11/01/2001,MYR,SC,ASO,ES,Towers with Radar,26,36,43,1,106,1,0,33,1,35,27,36,76,2,141,18,0,18,159
11/02/2001,MYR,SC,ASO,ES,Towers with Radar,29,31,52,0,112,0,0,43,0,43,29,31,95,0,155,60,0,60,215
11/03/2001,MYR,SC,ASO,ES,Towers with Radar,34,34,45,1,114,0,0,37,0,37,34,34,82,1,151,67,6,73,224
11/04/2001,MYR,SC,ASO,ES,Towers with Radar,30,32,44,1,107,0,0,33,0,33,30,32,77,1,140,26,8,34,174
11/05/2001,MYR,SC,ASO,ES,Towers with Radar,31,22,38,0,91,0,0,13,0,13,31,22,51,0,104,34,0,34,138
11/06/2001,MYR,SC,ASO,ES,Towers with Radar,34,28,35,3,100,0,0,33,1,34,34,28,68,4,134,22,6,28,162
11/07/2001,MYR,SC,ASO,ES,Towers with Radar,29,30,46,5,110,0,0,38,0,38,29,30,84,5,148,24,0,24,172
11/08/2001,MYR,SC,ASO,ES,Towers with Radar,29,31,39,10,109,0,2,33,0,35,29,33,72,10,144,28,6,34,178
11/09/2001,MYR,SC,ASO,ES,Towers with Radar,31,28,63,0,122,0,0,40,0,40,31,28,103,0,162,48,0,48,210
11/10/2001,MYR,SC,ASO,ES,Towers with Radar,31,32,38,1,102,0,2,34,1,37,31,34,72,2,139,48,0,48,187
11/11/2001,MYR,SC,ASO,ES,Towers with Radar,27,32,37,0,96,0,0,39,0,39,27,32,76,0,135,20,0,20,155
11/12/2001,MYR,SC,ASO,ES,Towers with Radar,32,22,24,0,78,0,0,27,0,27,32,22,51,0,105,56,0,56,161
11/13/2001,MYR,SC,ASO,ES,Towers with Radar,27,32,43,3,105,0,0,41,0,41,27,32,84,3,146,28,0,28,174
11/14/2001,MYR,SC,ASO,ES,Towers with Radar,24,23,31,3,81,4,8,47,0,59,28,31,78,3,140,28,2,30,170
11/15/2001,MYR,SC,ASO,ES,Towers with Radar,31,34,42,6,113,0,1,26,1,28,31,35,68,7,141,44,4,48,189
11/16/2001,MYR,SC,ASO,ES,Towers with Radar,29,23,35,10,97,0,4,27,0,31,29,27,62,10,128,24,5,29,157
11/17/2001,MYR,SC,ASO,ES,Towers with Radar,31,29,28,0,88,0,1,29,0,30,31,30,57,0,118,20,0,20,138
11/18/2001,MYR,SC,ASO,ES,Towers with Radar,30,31,34,0,95,0,0,30,0,30,30,31,64,0,125,16,0,16,141
11/19/2001,MYR,SC,ASO,ES,Towers with Radar,30,22,42,11,105,1,0,42,0,43,31,22,84,11,148,20,16,36,184
11/20/2001,MYR,SC,ASO,ES,Towers with Radar,28,30,33,7,98,1,0,35,3,39,29,30,68,10,137,12,2,14,151
11/21/2001,MYR,SC,ASO,ES,Towers with Radar,33,23,37,2,95,1,0,40,0,41,34,23,77,2,136,25,4,29,165
11/22/2001,MYR,SC,ASO,ES,Towers with Radar,30,18,17,0,65,1,0,14,0,15,31,18,31,0,80,0,0,0,80
11/23/2001,MYR,SC,ASO,ES,Towers with Radar,28,30,28,0,86,1,0,26,0,27,29,30,54,0,113,10,0,10,123
11/24/2001,MYR,SC,ASO,ES,Towers with Radar,35,31,22,2,90,1,0,2,0,3,36,31,24,2,93,10,0,10,103
11/25/2001,MYR,SC,ASO,ES,Towers with Radar,27,30,53,7,117,1,0,9,0,10,28,30,62,7,127,4,0,4,131
11/26/2001,MYR,SC,ASO,ES,Towers with Radar,33,19,39,2,93,1,0,29,0,30,34,19,68,2,123,8,0,8,131
11/27/2001,MYR,SC,ASO,ES,Towers with Radar,28,27,37,4,96,0,5,27,11,43,28,32,64,15,139,20,26,46,185
11/28/2001,MYR,SC,ASO,ES,Towers with Radar,29,29,42,4,104,0,0,62,6,68,29,29,104,10,172,30,20,50,222
11/29/2001,MYR,SC,ASO,ES,Towers with Radar,28,25,36,4,93,0,5,16,6,27,28,30,52,10,120,20,12,32,152
11/30/2001,MYR,SC,ASO,ES,Towers with Radar,26,25,33,2,86,4,2,23,1,30,30,27,56,3,116,40,0,40,156
12/01/2001,MYR,SC,ASO,ES,Towers with Radar,29,19,52,0,100,1,0,42,4,47,30,19,94,4,147,28,0,28,175
12/02/2001,MYR,SC,ASO,ES,Towers with Radar,29,20,35,2,86,0,0,29,0,29,29,20,64,2,115,16,8,24,139
12/03/2001,MYR,SC,ASO,ES,Towers with Radar,26,23,31,2,82,0,6,41,8,55,26,29,72,10,137,22,26,48,185
12/04/2001,MYR,SC,ASO,ES,Towers with Radar,29,20,31,3,83,0,0,19,5,24,29,20,50,8,107,26,22,48,155
12/05/2001,MYR,SC,ASO,ES,Towers with Radar,28,23,31,2,84,0,0,41,0,41,28,23,72,2,125,21,0,21,146
12/06/2001,MYR,SC,ASO,ES,Towers with Radar,25,24,32,0,81,0,5,52,0,57,25,29,84,0,138,62,0,62,200
12/07/2001,MYR,SC,ASO,ES,Towers with Radar,30,20,32,3,85,1,0,62,0,63,31,20,94,3,148,6,0,6,154
12/08/2001,MYR,SC,ASO,ES,Towers with Radar,29,20,19,1,69,1,0,48,0,49,30,20,67,1,118,10,0,10,128
12/09/2001,MYR,SC,ASO,ES,Towers with Radar,25,21,29,1,76,1,0,21,0,22,26,21,50,1,98,14,0,14,112
12/10/2001,MYR,SC,ASO,ES,Towers with Radar,30,18,26,7,81,1,0,10,0,11,31,18,36,7,92,22,0,22,114
12/11/2001,MYR,SC,ASO,ES,Towers with Radar,30,24,33,0,87,1,0,12,0,13,31,24,45,0,100,0,0,0,100
12/12/2001,MYR,SC,ASO,ES,Towers with Radar,28,36,26,5,95,1,0,0,0,1,29,36,26,5,96,0,0,0,96
12/13/2001,MYR,SC,ASO,ES,Towers with Radar,23,27,45,14,109,1,0,9,0,10,24,27,54,14,119,18,0,18,137
12/14/2001,MYR,SC,ASO,ES,Towers with Radar,27,33,40,1,101,1,0,9,0,10,28,33,49,1,111,6,0,6,117
12/15/2001,MYR,SC,ASO,ES,Towers with Radar,23,21,35,1,80,1,1,51,0,53,24,22,86,1,133,28,0,28,161
12/16/2001,MYR,SC,ASO,ES,Towers with Radar,28,15,17,0,60,1,0,35,0,36,29,15,52,0,96,72,0,72,168
12/17/2001,MYR,SC,ASO,ES,Towers with Radar,29,18,33,5,85,1,0,28,0,29,30,18,61,5,114,68,18,86,200
12/18/2001,MYR,SC,ASO,ES,Towers with Radar,22,24,31,3,80,0,0,31,4,35,22,24,62,7,115,72,10,82,197
12/19/2001,MYR,SC,ASO,ES,Towers with Radar,25,27,41,11,104,1,0,41,2,44,26,27,82,13,148,34,8,42,190
12/20/2001,MYR,SC,ASO,ES,Towers with Radar,27,20,36,0,83,1,0,41,3,45,28,20,77,3,128,59,2,61,189
12/21/2001,MYR,SC,ASO,ES,Towers with Radar,28,26,29,5,88,1,0,45,0,46,29,26,74,5,134,58,14,72,206
12/22/2001,MYR,SC,ASO,ES,Towers with Radar,24,23,23,0,70,1,0,52,0,53,25,23,75,0,123,40,0,40,163
12/23/2001,MYR,SC,ASO,ES,Towers with Radar,29,11,17,0,57,1,0,21,0,22,30,11,38,0,79,10,0,10,89
12/24/2001,MYR,SC,ASO,ES,Towers with Radar,26,18,10,0,54,1,1,24,0,26,27,19,34,0,80,0,0,0,80
12/25/2001,MYR,SC,ASO,ES,Towers with Radar,25,5,9,0,39,1,0,14,0,15,26,5,23,0,54,14,0,14,68
12/26/2001,MYR,SC,ASO,ES,Towers with Radar,31,21,24,0,76,1,0,33,0,34,32,21,57,0,110,14,0,14,124
12/27/2001,MYR,SC,ASO,ES,Towers with Radar,26,24,32,3,85,0,2,25,3,30,26,26,57,6,115,20,0,20,135
12/28/2001,MYR,SC,ASO,ES,Towers with Radar,29,20,18,0,67,1,0,20,0,21,30,20,38,0,88,0,0,0,88
12/29/2001,MYR,SC,ASO,ES,Towers with Radar,23,21,41,0,85,1,0,32,0,33,24,21,73,0,118,22,0,22,140
12/30/2001,MYR,SC,ASO,ES,Towers with Radar,27,22,17,0,66,1,0,57,0,58,28,22,74,0,124,36,0,36,160
12/31/2001,MYR,SC,ASO,ES,Towers with Radar,24,19,15,0,58,0,0,27,0,27,24,19,42,0,85,51,0,51,136
01/01/2002,MYR,SC,ASO,ES,Towers with Radar,26,9,15,0,50,0,0,21,0,21,26,9,36,0,71,16,0,16,87
01/02/2002,MYR,SC,ASO,ES,Towers with Radar,26,12,15,0,53,0,0,10,0,10,26,12,25,0,63,4,0,4,67
01/03/2002,MYR,SC,ASO,ES,Towers with Radar,13,2,2,0,17,0,0,0,0,0,13,2,2,0,17,0,0,0,17
01/04/2002,MYR,SC,ASO,ES,Towers with Radar,24,21,24,0,69,0,1,36,0,37,24,22,60,0,106,28,0,28,134
01/05/2002,MYR,SC,ASO,ES,Towers with Radar,24,20,29,14,87,0,0,31,0,31,24,20,60,14,118,30,0,30,148
01/06/2002,MYR,SC,ASO,ES,Towers with Radar,33,13,1,0,47,0,0,1,0,1,33,13,2,0,48,0,0,0,48
01/07/2002,MYR,SC,ASO,ES,Towers with Radar,28,18,32,0,78,0,1,47,0,48,28,19,79,0,126,32,0,32,158
01/08/2002,MYR,SC,ASO,ES,Towers with Radar,28,24,51,0,103,0,0,50,0,50,28,24,101,0,153,50,0,50,203
01/09/2002,MYR,SC,ASO,ES,Towers with Radar,23,29,37,22,111,0,0,46,0,46,23,29,83,22,157,18,22,40,197
01/10/2002,MYR,SC,ASO,ES,Towers with Radar,26,23,38,0,87,0,2,33,3,38,26,25,71,3,125,88,2,90,215
01/11/2002,MYR,SC,ASO,ES,Towers with Radar,29,21,30,11,91,0,0,26,4,30,29,21,56,15,121,34,6,40,161
01/12/2002,MYR,SC,ASO,ES,Towers with Radar,25,20,26,10,81,0,0,32,0,32,25,20,58,10,113,30,8,38,151
01/13/2002,MYR,SC,ASO,ES,Towers with Radar,30,13,21,1,65,0,0,36,1,37,30,13,57,2,102,22,0,22,124
01/14/2002,MYR,SC,ASO,ES,Towers with Radar,25,24,19,4,72,0,0,9,0,9,25,24,28,4,81,2,12,14,95
01/15/2002,MYR,SC,ASO,ES,Towers with Radar,26,22,40,7,95,0,0,32,1,33,26,22,72,8,128,64,0,64,192
01/16/2002,MYR,SC,ASO,ES,Towers with Radar,27,27,30,11,95,0,1,41,1,43,27,28,71,12,138,52,16,68,206
01/17/2002,MYR,SC,ASO,ES,Towers with Radar,27,23,66,6,122,0,0,33,2,35,27,23,99,8,157,44,0,44,201
01/18/2002,MYR,SC,ASO,ES,Towers with Radar,27,26,52,2,107,0,2,41,2,45,27,28,93,4,152,34,0,34,186
01/19/2002,MYR,SC,ASO,ES,Towers with Radar,25,19,10,5,59,0,0,14,4,18,25,19,24,9,77,14,6,20,97
01/20/2002,MYR,SC,ASO,ES,Towers with Radar,27,18,54,0,99,0,0,16,0,16,27,18,70,0,115,0,0,0,115
01/21/2002,MYR,SC,ASO,ES,Towers with Radar,26,14,31,0,71,0,0,11,0,11,26,14,42,0,82,52,0,52,134
01/22/2002,MYR,SC,ASO,ES,Towers with Radar,26,18,58,5,107,0,0,39,2,41,26,18,97,7,148,22,0,22,170
01/23/2002,MYR,SC,ASO,ES,Towers with Radar,27,28,51,4,110,0,0,4,0,4,27,28,55,4,114,6,4,10,124
01/24/2002,MYR,SC,ASO,ES,Towers with Radar,27,24,38,16,105,0,1,8,1,10,27,25,46,17,115,0,26,26,141
01/25/2002,MYR,SC,ASO,ES,Towers with Radar,28,20,44,7,99,0,0,12,0,12,28,20,56,7,111,13,1,14,125
01/26/2002,MYR,SC,ASO,ES,Towers with Radar,25,21,27,19,92,0,0,52,0,52,25,21,79,19,144,24,38,62,206
01/27/2002,MYR,SC,ASO,ES,Towers with Radar,27,17,25,0,69,0,0,25,0,25,27,17,50,0,94,76,0,76,170
01/28/2002,MYR,SC,ASO,ES,Towers with Radar,29,19,41,0,89,0,1,26,0,27,29,20,67,0,116,62,0,62,178
01/29/2002,MYR,SC,ASO,ES,Towers with Radar,26,20,45,3,94,0,0,34,0,34,26,20,79,3,128,28,0,28,156
01/30/2002,MYR,SC,ASO,ES,Towers with Radar,21,26,42,6,95,0,0,14,0,14,21,26,56,6,109,0,0,0,109
01/31/2002,MYR,SC,ASO,ES,Towers with Radar,24,22,46,8,100,0,0,10,0,10,24,22,56,8,110,4,0,4,114
02/01/2002,MYR,SC,ASO,ES,Towers with Radar,0,2,40,2,44,0,0,2,0,2,0,2,42,2,46,0,0,0,46
02/02/2002,MYR,SC,ASO,ES,Towers with Radar,0,1,18,0,19,0,0,105,0,105,0,1,123,0,124,32,0,32,156
02/03/2002,MYR,SC,ASO,ES,Towers with Radar,0,0,33,1,34,0,0,49,5,54,0,0,82,6,88,4,0,4,92
02/04/2002,MYR,SC,ASO,ES,Towers with Radar,0,4,24,4,32,0,0,19,0,19,0,4,43,4,51,0,0,0,51
02/05/2002,MYR,SC,ASO,ES,Towers with Radar,0,5,56,2,63,0,0,15,0,15,0,5,71,2,78,10,0,10,88
02/06/2002,MYR,SC,ASO,ES,Towers with Radar,0,8,23,0,31,0,0,27,0,27,0,8,50,0,58,0,0,0,58
02/07/2002,MYR,SC,ASO,ES,Towers with Radar,0,5,8,0,13,0,0,12,0,12,0,5,20,0,25,0,0,0,25
02/08/2002,MYR,SC,ASO,ES,Towers with Radar,0,10,53,0,63,0,0,83,0,83,0,10,136,0,146,32,0,32,178
02/09/2002,MYR,SC,ASO,ES,Towers with Radar,0,2,53,0,55,0,0,105,0,105,0,2,158,0,160,38,0,38,198
02/10/2002,MYR,SC,ASO,ES,Towers with Radar,0,0,56,0,56,0,0,11,0,11,0,0,67,0,67,0,0,0,67
02/11/2002,MYR,SC,ASO,ES,Towers with Radar,0,2,47,0,49,0,0,36,0,36,0,2,83,0,85,8,0,8,93
02/12/2002,MYR,SC,ASO,ES,Towers with Radar,0,5,30,0,35,0,0,96,0,96,0,5,126,0,131,50,0,50,181
02/13/2002,MYR,SC,ASO,ES,Towers with Radar,0,2,54,0,56,0,0,67,0,67,0,2,121,0,123,0,0,0,123
02/14/2002,MYR,SC,ASO,ES,Towers with Radar,0,2,43,2,47,0,0,87,0,87,0,2,130,2,134,0,0,0,134
02/15/2002,MYR,SC,ASO,ES,Towers with Radar,0,2,71,0,73,0,0,65,0,65,0,2,136,0,138,10,0,10,148
02/16/2002,MYR,SC,ASO,ES,Towers with Radar,0,1,41,2,44,0,0,115,0,115,0,1,156,2,159,36,0,36,195
02/17/2002,MYR,SC,ASO,ES,Towers with Radar,0,0,38,0,38,0,0,78,0,78,0,0,116,0,116,12,0,12,128
02/18/2002,MYR,SC,ASO,ES,Towers with Radar,0,2,67,0,69,0,0,76,0,76,0,2,143,0,145,2,0,2,147
02/19/2002,MYR,SC,ASO,ES,Towers with Radar,0,3,35,4,42,0,0,92,0,92,0,3,127,4,134,8,0,8,142
02/20/2002,MYR,SC,ASO,ES,Towers with Radar,0,10,48,0,58,0,0,0,0,0,0,10,48,0,58,6,0,6,64
02/21/2002,MYR,SC,ASO,ES,Towers with Radar,0,3,44,0,47,0,0,24,0,24,0,3,68,0,71,8,0,8,79
02/22/2002,MYR,SC,ASO,ES,Towers with Radar,0,2,33,0,35,0,0,75,0,75,0,2,108,0,110,22,0,22,132
02/23/2002,MYR,SC,ASO,ES,Towers with Radar,0,0,34,0,34,0,0,33,0,33,0,0,67,0,67,54,0,54,121
02/24/2002,MYR,SC,ASO,ES,Towers with Radar,0,0,9,0,9,0,0,152,0,152,0,0,161,0,161,16,0,16,177
02/25/2002,MYR,SC,ASO,ES,Towers with Radar,0,2,12,0,14,0,0,48,0,48,0,2,60,0,62,10,0,10,72
02/26/2002,MYR,SC,ASO,ES,Towers with Radar,0,13,15,0,28,0,0,12,0,12,0,13,27,0,40,2,0,2,42
02/27/2002,MYR,SC,ASO,ES,Towers with Radar,0,3,13,0,16,0,0,21,0,21,0,3,34,0,37,0,0,0,37
02/28/2002,MYR,SC,ASO,ES,Towers with Radar,0,4,24,2,30,0,0,61,0,61,0,4,85,2,91,34,0,34,125
03/01/2002,MYR,SC,ASO,ES,Towers with Radar,27,22,27,4,80,1,3,22,0,26,28,25,49,4,106,18,0,18,124
03/02/2002,MYR,SC,ASO,ES,Towers with Radar,26,30,9,0,65,1,0,0,0,1,27,30,9,0,66,0,0,0,66
03/03/2002,MYR,SC,ASO,ES,Towers with Radar,26,28,19,2,75,1,0,3,0,4,27,28,22,2,79,0,0,0,79
03/04/2002,MYR,SC,ASO,ES,Towers with Radar,24,24,15,1,64,1,1,13,0,15,25,25,28,1,79,12,0,12,91
03/05/2002,MYR,SC,ASO,ES,Towers with Radar,24,30,22,2,78,1,0,41,0,42,25,30,63,2,120,20,0,20,140
03/06/2002,MYR,SC,ASO,ES,Towers with Radar,26,32,66,0,124,1,2,40,0,43,27,34,106,0,167,42,0,42,209
03/07/2002,MYR,SC,ASO,ES,Towers with Radar,29,27,65,5,126,1,3,54,0,58,30,30,119,5,184,54,0,54,238
03/08/2002,MYR,SC,ASO,ES,Towers with Radar,25,36,60,6,127,1,1,42,0,44,26,37,102,6,171,32,14,46,217
03/09/2002,MYR,SC,ASO,ES,Towers with Radar,24,29,43,4,100,1,0,28,0,29,25,29,71,4,129,52,16,68,197
03/10/2002,MYR,SC,ASO,ES,Towers with Radar,28,32,48,0,108,1,0,38,0,39,29,32,86,0,147,16,0,16,163
03/11/2002,MYR,SC,ASO,ES,Towers with Radar,25,25,45,1,96,1,1,39,0,41,26,26,84,1,137,0,0,0,137
03/12/2002,MYR,SC,ASO,ES,Towers with Radar,26,32,78,8,144,1,0,10,0,11,27,32,88,8,155,26,0,26,181
03/13/2002,MYR,SC,ASO,ES,Towers with Radar,26,37,74,0,137,0,2,21,0,23,26,39,95,0,160,12,0,12,172
03/14/2002,MYR,SC,ASO,ES,Towers with Radar,27,26,77,1,131,0,1,7,1,9,27,27,84,2,140,0,0,0,140
03/15/2002,MYR,SC,ASO,ES,Towers with Radar,26,21,67,7,121,0,4,34,3,41,26,25,101,10,162,12,12,24,186
03/16/2002,MYR,SC,ASO,ES,Towers with Radar,33,26,47,6,112,0,1,38,2,41,33,27,85,8,153,44,0,44,197
03/17/2002,MYR,SC,ASO,ES,Towers with Radar,28,28,50,4,110,0,1,0,0,1,28,29,50,4,111,0,0,0,111
03/18/2002,MYR,SC,ASO,ES,Towers with Radar,25,22,36,2,85,0,1,15,0,16,25,23,51,2,101,36,0,36,137
03/19/2002,MYR,SC,ASO,ES,Towers with Radar,26,29,71,5,131,0,1,12,1,14,26,30,83,6,145,38,0,38,183
03/20/2002,MYR,SC,ASO,ES,Towers with Radar,28,29,64,19,140,0,1,13,0,14,28,30,77,19,154,14,12,26,180
03/21/2002,MYR,SC,ASO,ES,Towers with Radar,29,27,46,11,113,0,1,2,0,3,29,28,48,11,116,0,0,0,116
03/22/2002,MYR,SC,ASO,ES,Towers with Radar,29,21,54,12,116,0,4,48,3,55,29,25,102,15,171,28,0,28,199
03/23/2002,MYR,SC,ASO,ES,Towers with Radar,27,32,55,10,124,0,1,62,0,63,27,33,117,10,187,36,6,42,229
03/24/2002,MYR,SC,ASO,ES,Towers with Radar,28,27,62,2,119,0,1,46,0,47,28,28,108,2,166,22,0,22,188
03/25/2002,MYR,SC,ASO,ES,Towers with Radar,28,20,58,5,111,0,0,51,0,51,28,20,109,5,162,54,0,54,216
03/26/2002,MYR,SC,ASO,ES,Towers with Radar,27,26,48,16,117,0,1,16,0,17,27,27,64,16,134,22,28,50,184
03/27/2002,MYR,SC,ASO,ES,Towers with Radar,27,36,64,4,131,0,1,20,1,22,27,37,84,5,153,32,10,42,195
03/28/2002,MYR,SC,ASO,ES,Towers with Radar,31,30,61,0,122,0,0,50,0,50,31,30,111,0,172,30,0,30,202
03/29/2002,MYR,SC,ASO,ES,Towers with Radar,27,26,63,1,117,0,0,58,2,60,27,26,121,3,177,12,14,26,203
03/30/2002,MYR,SC,ASO,ES,Towers with Radar,25,36,39,2,102,0,0,20,2,22,25,36,59,4,124,34,0,34,158
03/31/2002,MYR,SC,ASO,ES,Towers with Radar,25,28,37,1,91,0,0,15,0,15,25,28,52,1,106,6,0,6,112
04/01/2002,MYR,SC,ASO,ES,Towers with Radar,25,23,48,5,101,1,0,36,0,37,26,23,84,5,138,28,0,28,166
04/02/2002,MYR,SC,ASO,ES,Towers with Radar,26,31,60,7,124,0,0,39,0,39,26,31,99,7,163,16,2,18,181
04/03/2002,MYR,SC,ASO,ES,Towers with Radar,27,26,68,10,131,0,0,20,1,21,27,26,88,11,152,18,0,18,170
04/04/2002,MYR,SC,ASO,ES,Towers with Radar,28,27,72,2,129,1,0,23,0,24,29,27,95,2,153,6,0,6,159
04/05/2002,MYR,SC,ASO,ES,Towers with Radar,28,25,50,4,107,1,2,47,0,50,29,27,97,4,157,36,0,36,193
04/06/2002,MYR,SC,ASO,ES,Towers with Radar,27,31,27,0,85,1,0,36,0,37,28,31,63,0,122,4,0,4,126
04/07/2002,MYR,SC,ASO,ES,Towers with Radar,31,27,27,3,88,1,0,39,0,40,32,27,66,3,128,8,0,8,136
04/08/2002,MYR,SC,ASO,ES,Towers with Radar,26,22,53,11,112,1,0,35,1,37,27,22,88,12,149,50,10,60,209
04/09/2002,MYR,SC,ASO,ES,Towers with Radar,30,30,87,11,158,1,0,21,0,22,31,30,108,11,180,12,8,20,200
04/10/2002,MYR,SC,ASO,ES,Towers with Radar,31,32,56,7,126,1,0,1,2,4,32,32,57,9,130,0,0,0,130
04/11/2002,MYR,SC,ASO,ES,Towers with Radar,34,30,70,16,150,0,0,21,0,21,34,30,91,16,171,14,14,28,199
04/12/2002,MYR,SC,ASO,ES,Towers with Radar,31,28,88,0,147,0,0,17,4,21,31,28,105,4,168,34,0,34,202
04/13/2002,MYR,SC,ASO,ES,Towers with Radar,31,36,62,0,129,1,0,28,0,29,32,36,90,0,158,26,0,26,184
04/14/2002,MYR,SC,ASO,ES,Towers with Radar,33,29,59,8,129,0,1,10,1,12,33,30,69,9,141,0,0,0,141
04/15/2002,MYR,SC,ASO,ES,Towers with Radar,34,20,65,17,136,0,1,29,0,30,34,21,94,17,166,16,0,16,182
04/16/2002,MYR,SC,ASO,ES,Towers with Radar,33,27,74,4,138,0,2,54,3,59,33,29,128,7,197,40,0,40,237
04/17/2002,MYR,SC,ASO,ES,Towers with Radar,31,26,109,15,181,0,2,45,2,49,31,28,154,17,230,64,0,64,294
04/18/2002,MYR,SC,ASO,ES,Towers with Radar,36,28,70,6,140,2,0,53,1,56,38,28,123,7,196,66,8,74,270
04/19/2002,MYR,SC,ASO,ES,Towers with Radar,36,19,69,0,124,0,3,33,0,36,36,22,102,0,160,8,0,8,168
04/20/2002,MYR,SC,ASO,ES,Towers with Radar,35,30,31,10,106,0,1,53,0,54,35,31,84,10,160,38,0,38,198
04/21/2002,MYR,SC,ASO,ES,Towers with Radar,33,28,81,0,142,0,0,40,0,40,33,28,121,0,182,8,0,8,190
04/22/2002,MYR,SC,ASO,ES,Towers with Radar,31,21,63,0,115,0,2,16,0,18,31,23,79,0,133,14,0,14,147
04/23/2002,MYR,SC,ASO,ES,Towers with Radar,37,22,54,5,118,0,2,39,3,44,37,24,93,8,162,16,0,16,178
04/24/2002,MYR,SC,ASO,ES,Towers with Radar,32,22,68,7,129,0,5,49,3,57,32,27,117,10,186,34,0,34,220
04/25/2002,MYR,SC,ASO,ES,Towers with Radar,35,25,77,2,139,0,0,16,0,16,35,25,93,2,155,24,0,24,179
04/26/2002,MYR,SC,ASO,ES,Towers with Radar,32,23,70,7,132,0,3,38,7,48,32,26,108,14,180,42,0,42,222
04/27/2002,MYR,SC,ASO,ES,Towers with Radar,39,29,36,5,109,0,0,7,0,7,39,29,43,5,116,0,14,14,130
04/28/2002,MYR,SC,ASO,ES,Towers with Radar,35,28,55,1,119,0,1,21,1,23,35,29,76,2,142,16,0,16,158
04/29/2002,MYR,SC,ASO,ES,Towers with Radar,33,22,68,10,133,0,1,35,4,40,33,23,103,14,173,22,18,40,213
04/30/2002,MYR,SC,ASO,ES,Towers with Radar,32,26,55,6,119,0,3,33,2,38,32,29,88,8,157,14,0,14,171
05/01/2002,MYR,SC,ASO,ES,Towers with Radar,29,33,68,7,137,0,0,14,0,14,29,33,82,7,151,12,0,12,163
05/02/2002,MYR,SC,ASO,ES,Towers with Radar,33,32,97,4,166,0,2,29,1,32,33,34,126,5,198,16,24,40,238
05/03/2002,MYR,SC,ASO,ES,Towers with Radar,32,26,85,2,145,0,0,32,0,32,32,26,117,2,177,14,0,14,191
05/04/2002,MYR,SC,ASO,ES,Towers with Radar,42,27,48,0,117,0,0,6,0,6,42,27,54,0,123,0,0,0,123
05/05/2002,MYR,SC,ASO,ES,Towers with Radar,36,29,71,1,137,0,0,21,1,22,36,29,92,2,159,0,6,6,165
05/06/2002,MYR,SC,ASO,ES,Towers with Radar,31,27,60,10,128,0,0,26,3,29,31,27,86,13,157,20,12,32,189
05/07/2002,MYR,SC,ASO,ES,Towers with Radar,32,29,94,0,155,0,0,26,0,26,32,29,120,0,181,8,0,8,189
05/08/2002,MYR,SC,ASO,ES,Towers with Radar,32,27,85,2,146,0,1,29,1,31,32,28,114,3,177,16,0,16,193
05/09/2002,MYR,SC,ASO,ES,Towers with Radar,41,25,81,1,148,0,0,34,0,34,41,25,115,1,182,70,0,70,252
05/10/2002,MYR,SC,ASO,ES,Towers with Radar,39,25,76,20,160,0,2,25,1,28,39,27,101,21,188,20,0,20,208
05/11/2002,MYR,SC,ASO,ES,Towers with Radar,43,34,27,0,104,0,0,11,0,11,43,34,38,0,115,8,0,8,123
05/12/2002,MYR,SC,ASO,ES,Towers with Radar,54,25,65,1,145,0,0,38,0,38,54,25,103,1,183,41,0,41,224
05/13/2002,MYR,SC,ASO,ES,Towers with Radar,36,17,74,5,132,0,0,17,1,18,36,17,91,6,150,0,0,0,150
05/14/2002,MYR,SC,ASO,ES,Towers with Radar,39,24,24,5,92,0,1,32,1,34,39,25,56,6,126,36,0,36,162
05/15/2002,MYR,SC,ASO,ES,Towers with Radar,39,30,48,17,134,0,0,53,2,55,39,30,101,19,189,18,6,24,213
05/16/2002,MYR,SC,ASO,ES,Towers with Radar,41,28,38,3,110,0,4,47,2,53,41,32,85,5,163,20,0,20,183
05/17/2002,MYR,SC,ASO,ES,Towers with Radar,40,28,83,35,186,0,2,43,4,49,40,30,126,39,235,18,52,70,305
05/18/2002,MYR,SC,ASO,ES,Towers with Radar,48,28,31,3,110,0,1,9,0,10,48,29,40,3,120,0,0,0,120
05/19/2002,MYR,SC,ASO,ES,Towers with Radar,44,30,65,2,141,0,0,32,0,32,44,30,97,2,173,34,0,34,207
05/20/2002,MYR,SC,ASO,ES,Towers with Radar,38,16,47,17,118,0,1,37,1,39,38,17,84,18,157,14,8,22,179
05/21/2002,MYR,SC,ASO,ES,Towers with Radar,40,26,54,6,126,2,1,46,30,79,42,27,100,36,205,108,38,146,351
05/22/2002,MYR,SC,ASO,ES,Towers with Radar,40,24,43,3,110,0,2,38,0,40,40,26,81,3,150,30,0,30,180
05/23/2002,MYR,SC,ASO,ES,Towers with Radar,42,26,40,3,111,0,1,69,0,70,42,27,109,3,181,54,34,88,269
05/24/2002,MYR,SC,ASO,ES,Towers with Radar,42,21,44,1,108,0,2,68,0,70,42,23,112,1,178,26,0,26,204
05/25/2002,MYR,SC,ASO,ES,Towers with Radar,49,24,24,0,97,0,6,42,0,48,49,30,66,0,145,8,0,8,153
05/26/2002,MYR,SC,ASO,ES,Towers with Radar,43,24,22,2,91,0,3,43,0,46,43,27,65,2,137,0,0,0,137
05/27/2002,MYR,SC,ASO,ES,Towers with Radar,45,13,55,2,115,0,2,45,0,47,45,15,100,2,162,4,0,4,166
05/28/2002,MYR,SC,ASO,ES,Towers with Radar,40,18,49,0,107,0,4,37,0,41,40,22,86,0,148,8,0,8,156
05/29/2002,MYR,SC,ASO,ES,Towers with Radar,40,26,34,8,108,0,0,14,0,14,40,26,48,8,122,0,0,0,122
05/30/2002,MYR,SC,ASO,ES,Towers with Radar,32,21,44,5,102,10,9,13,6,38,42,30,57,11,140,12,14,26,166
05/31/2002,MYR,SC,ASO,ES,Towers with Radar,41,25,40,7,113,0,1,44,5,50,41,26,84,12,163,10,4,14,177
06/01/2002,MYR,SC,ASO,ES,Towers with Radar,35,36,37,4,112,1,1,52,10,64,36,37,89,14,176,8,4,12,188
06/02/2002,MYR,SC,ASO,ES,Towers with Radar,42,24,32,7,105,1,1,42,1,45,43,25,74,8,150,12,4,16,166
06/03/2002,MYR,SC,ASO,ES,Towers with Radar,38,17,27,1,83,1,2,23,0,26,39,19,50,1,109,14,0,14,123
06/04/2002,MYR,SC,ASO,ES,Towers with Radar,39,28,33,12,112,0,3,47,0,50,39,31,80,12,162,58,0,58,220
06/05/2002,MYR,SC,ASO,ES,Towers with Radar,38,22,40,10,110,1,2,40,0,43,39,24,80,10,153,0,12,12,165
06/06/2002,MYR,SC,ASO,ES,Towers with Radar,38,20,46,1,105,1,2,28,1,32,39,22,74,2,137,4,4,8,145
06/07/2002,MYR,SC,ASO,ES,Towers with Radar,38,29,48,3,118,1,1,14,2,18,39,30,62,5,136,18,0,18,154
06/08/2002,MYR,SC,ASO,ES,Towers with Radar,50,22,42,17,131,1,1,24,5,31,51,23,66,22,162,20,22,42,204
06/09/2002,MYR,SC,ASO,ES,Towers with Radar,40,27,40,3,110,1,3,51,0,55,41,30,91,3,165,40,0,40,205
06/10/2002,MYR,SC,ASO,ES,Towers with Radar,40,17,33,7,97,1,2,42,0,45,41,19,75,7,142,6,10,16,158
06/11/2002,MYR,SC,ASO,ES,Towers with Radar,37,22,40,4,103,1,3,44,3,51,38,25,84,7,154,10,0,10,164
06/12/2002,MYR,SC,ASO,ES,Towers with Radar,37,29,31,0,97,1,1,30,0,32,38,30,61,0,129,12,0,12,141
06/13/2002,MYR,SC,ASO,ES,Towers with Radar,42,22,53,7,124,1,4,39,0,44,43,26,92,7,168,18,0,18,186
06/14/2002,MYR,SC,ASO,ES,Towers with Radar,38,22,34,1,95,1,2,27,0,30,39,24,61,1,125,20,0,20,145
06/15/2002,MYR,SC,ASO,ES,Towers with Radar,36,37,47,0,120,1,0,42,0,43,37,37,89,0,163,18,0,18,181
06/16/2002,MYR,SC,ASO,ES,Towers with Radar,39,30,25,0,94,1,0,42,10,53,40,30,67,10,147,48,0,48,195
06/17/2002,MYR,SC,ASO,ES,Towers with Radar,38,20,47,0,105,1,2,32,5,40,39,22,79,5,145,20,0,20,165
06/18/2002,MYR,SC,ASO,ES,Towers with Radar,36,25,45,9,115,1,2,5,0,8,37,27,50,9,123,10,0,10,133
06/19/2002,MYR,SC,ASO,ES,Towers with Radar,38,33,54,1,126,1,2,16,2,21,39,35,70,3,147,28,0,28,175
06/20/2002,MYR,SC,ASO,ES,Towers with Radar,42,38,53,2,135,1,0,13,1,15,43,38,66,3,150,58,0,58,208
06/21/2002,MYR,SC,ASO,ES,Towers with Radar,36,27,74,0,137,1,1,12,0,14,37,28,86,0,151,2,0,2,153
06/22/2002,MYR,SC,ASO,ES,Towers with Radar,40,34,45,0,119,1,0,0,0,1,41,34,45,0,120,0,0,0,120
06/23/2002,MYR,SC,ASO,ES,Towers with Radar,39,32,73,0,144,1,0,12,0,13,40,32,85,0,157,68,0,68,225
06/24/2002,MYR,SC,ASO,ES,Towers with Radar,38,23,57,5,123,0,0,43,9,52,38,23,100,14,175,55,42,97,272
06/25/2002,MYR,SC,ASO,ES,Towers with Radar,38,26,39,8,111,1,1,24,0,26,39,27,63,8,137,36,30,66,203
06/26/2002,MYR,SC,ASO,ES,Towers with Radar,43,26,51,4,124,1,0,14,0,15,44,26,65,4,139,6,0,6,145
06/27/2002,MYR,SC,ASO,ES,Towers with Radar,40,30,59,3,132,0,0,24,0,24,40,30,83,3,156,20,0,20,176
06/28/2002,MYR,SC,ASO,ES,Towers with Radar,37,28,44,6,115,0,2,32,0,34,37,30,76,6,149,18,0,18,167
06/29/2002,MYR,SC,ASO,ES,Towers with Radar,46,28,41,2,117,0,2,33,0,35,46,30,74,2,152,38,0,38,190
06/30/2002,MYR,SC,ASO,ES,Towers with Radar,46,28,58,1,133,0,1,22,0,23,46,29,80,1,156,46,0,46,202
07/01/2002,MYR,SC,ASO,ES,Towers with Radar,47,20,50,12,129,0,2,35,0,37,47,22,85,12,166,36,2,38,204
07/02/2002,MYR,SC,ASO,ES,Towers with Radar,39,24,41,0,104,0,2,27,0,29,39,26,68,0,133,54,0,54,187
07/03/2002,MYR,SC,ASO,ES,Towers with Radar,38,27,51,3,119,0,3,50,0,53,38,30,101,3,172,44,6,50,222
07/04/2002,MYR,SC,ASO,ES,Towers with Radar,29,8,29,0,66,13,0,27,0,40,42,8,56,0,106,44,0,44,150
07/05/2002,MYR,SC,ASO,ES,Towers with Radar,38,20,29,2,89,0,1,55,4,60,38,21,84,6,149,0,10,10,159
07/06/2002,MYR,SC,ASO,ES,Towers with Radar,47,27,39,0,113,0,2,31,3,36,47,29,70,3,149,6,0,6,155
07/07/2002,MYR,SC,ASO,ES,Towers with Radar,40,26,39,0,105,0,1,51,3,55,40,27,90,3,160,12,0,12,172
07/08/2002,MYR,SC,ASO,ES,Towers with Radar,37,19,48,3,107,0,1,28,0,29,37,20,76,3,136,16,0,16,152
07/09/2002,MYR,SC,ASO,ES,Towers with Radar,39,28,41,1,109,0,1,22,1,24,39,29,63,2,133,38,0,38,171
07/10/2002,MYR,SC,ASO,ES,Towers with Radar,39,29,73,7,148,0,1,20,0,21,39,30,93,7,169,0,4,4,173
07/11/2002,MYR,SC,ASO,ES,Towers with Radar,37,34,45,0,116,0,1,10,2,13,37,35,55,2,129,10,0,10,139
07/12/2002,MYR,SC,ASO,ES,Towers with Radar,42,21,51,6,120,0,2,17,0,19,42,23,68,6,139,8,0,8,147
07/13/2002,MYR,SC,ASO,ES,Towers with Radar,44,37,34,2,117,0,1,21,0,22,44,38,55,2,139,16,1,17,156
07/14/2002,MYR,SC,ASO,ES,Towers with Radar,41,26,21,5,93,0,1,7,1,9,41,27,28,6,102,0,0,0,102
07/15/2002,MYR,SC,ASO,ES,Towers with Radar,39,18,45,3,105,0,0,13,3,16,39,18,58,6,121,22,0,22,143
07/16/2002,MYR,SC,ASO,ES,Towers with Radar,40,22,48,7,117,0,1,29,0,30,40,23,77,7,147,18,32,50,197
07/17/2002,MYR,SC,ASO,ES,Towers with Radar,40,33,45,8,126,0,1,24,0,25,40,34,69,8,151,10,10,20,171
07/18/2002,MYR,SC,ASO,ES,Towers with Radar,42,29,55,9,135,0,1,30,1,32,42,30,85,10,167,34,16,50,217
07/19/2002,MYR,SC,ASO,ES,Towers with Radar,39,28,29,4,100,0,1,37,0,38,39,29,66,4,138,0,0,0,138
07/20/2002,MYR,SC,ASO,ES,Towers with Radar,40,30,24,0,94,0,0,40,0,40,40,30,64,0,134,36,0,36,170
07/21/2002,MYR,SC,ASO,ES,Towers with Radar,44,26,28,2,100,0,0,26,4,30,44,26,54,6,130,36,10,46,176
07/22/2002,MYR,SC,ASO,ES,Towers with Radar,39,20,50,3,112,0,0,23,3,26,39,20,73,6,138,37,16,53,191
07/23/2002,MYR,SC,ASO,ES,Towers with Radar,49,27,48,7,131,0,2,13,2,17,49,29,61,9,148,8,0,8,156
07/24/2002,MYR,SC,ASO,ES,Towers with Radar,38,29,39,0,106,0,0,5,0,5,38,29,44,0,111,4,0,4,115
07/25/2002,MYR,SC,ASO,ES,Towers with Radar,43,23,48,0,114,0,0,10,0,10,43,23,58,0,124,2,0,2,126
07/26/2002,MYR,SC,ASO,ES,Towers with Radar,38,25,24,6,93,0,0,8,0,8,38,25,32,6,101,4,8,12,113
07/27/2002,MYR,SC,ASO,ES,Towers with Radar,43,37,51,0,131,0,0,27,0,27,43,37,78,0,158,32,0,32,190
07/28/2002,MYR,SC,ASO,ES,Towers with Radar,41,28,36,8,113,0,0,31,2,33,41,28,67,10,146,56,0,56,202
07/29/2002,MYR,SC,ASO,ES,Towers with Radar,39,23,60,2,124,0,0,31,1,32,39,23,91,3,156,2,0,2,158
07/30/2002,MYR,SC,ASO,ES,Towers with Radar,39,24,50,11,124,0,0,35,1,36,39,24,85,12,160,56,0,56,216
07/31/2002,MYR,SC,ASO,ES,Towers with Radar,39,28,39,7,113,0,0,23,8,31,39,28,62,15,144,12,6,18,162
08/01/2002,MYR,SC,ASO,ES,Towers with Radar,40,24,47,2,113,1,1,23,0,25,41,25,70,2,138,42,0,42,180
08/02/2002,MYR,SC,ASO,ES,Towers with Radar,37,27,35,9,108,1,1,34,4,40,38,28,69,13,148,16,10,26,174
08/03/2002,MYR,SC,ASO,ES,Towers with Radar,36,33,28,7,104,1,1,60,0,62,37,34,88,7,166,50,6,56,222
08/04/2002,MYR,SC,ASO,ES,Towers with Radar,39,29,32,0,100,1,1,21,0,23,40,30,53,0,123,10,0,10,133
08/05/2002,MYR,SC,ASO,ES,Towers with Radar,37,22,47,5,111,1,0,21,0,22,38,22,68,5,133,38,8,46,179
08/06/2002,MYR,SC,ASO,ES,Towers with Radar,39,23,59,9,130,1,0,26,0,27,40,23,85,9,157,12,0,12,169
08/07/2002,MYR,SC,ASO,ES,Towers with Radar,40,27,43,7,117,0,0,28,1,29,40,27,71,8,146,24,0,24,170
08/08/2002,MYR,SC,ASO,ES,Towers with Radar,33,23,49,2,107,1,0,41,1,43,34,23,90,3,150,6,0,6,156
08/09/2002,MYR,SC,ASO,ES,Towers with Radar,36,29,57,9,131,1,0,42,2,45,37,29,99,11,176,34,4,38,214
08/10/2002,MYR,SC,ASO,ES,Towers with Radar,37,38,38,1,114,1,0,52,0,53,38,38,90,1,167,52,0,52,219
08/11/2002,MYR,SC,ASO,ES,Towers with Radar,42,32,46,2,122,0,2,49,0,51,42,34,95,2,173,54,4,58,231
08/12/2002,MYR,SC,ASO,ES,Towers with Radar,41,18,71,0,130,0,1,2,0,3,41,19,73,0,133,47,0,47,180
08/13/2002,MYR,SC,ASO,ES,Towers with Radar,45,23,23,12,103,0,1,39,0,40,45,24,62,12,143,27,18,45,188
08/14/2002,MYR,SC,ASO,ES,Towers with Radar,42,24,46,7,119,0,0,6,5,11,42,24,52,12,130,2,28,30,160
08/15/2002,MYR,SC,ASO,ES,Towers with Radar,42,22,45,5,114,0,0,35,0,35,42,22,80,5,149,10,0,10,159
08/16/2002,MYR,SC,ASO,ES,Towers with Radar,37,34,47,7,125,0,1,32,1,34,37,35,79,8,159,12,12,24,183
08/17/2002,MYR,SC,ASO,ES,Towers with Radar,37,32,53,0,122,0,1,24,0,25,37,33,77,0,147,12,0,12,159
08/18/2002,MYR,SC,ASO,ES,Towers with Radar,37,20,66,7,130,0,1,25,0,26,37,21,91,7,156,14,0,14,170
08/19/2002,MYR,SC,ASO,ES,Towers with Radar,39,17,29,7,92,0,1,32,0,33,39,18,61,7,125,6,0,6,131
08/20/2002,MYR,SC,ASO,ES,Towers with Radar,39,28,48,4,119,0,1,31,0,32,39,29,79,4,151,24,4,28,179
08/21/2002,MYR,SC,ASO,ES,Towers with Radar,37,28,40,5,110,0,1,21,11,33,37,29,61,16,143,8,4,12,155
08/22/2002,MYR,SC,ASO,ES,Towers with Radar,39,30,60,8,137,0,1,31,3,35,39,31,91,11,172,14,0,14,186
08/23/2002,MYR,SC,ASO,ES,Towers with Radar,38,30,41,35,144,0,5,35,8,48,38,35,76,43,192,34,60,94,286
08/24/2002,MYR,SC,ASO,ES,Towers with Radar,35,36,22,7,100,0,1,29,4,34,35,37,51,11,134,6,0,6,140
08/25/2002,MYR,SC,ASO,ES,Towers with Radar,37,26,22,2,87,0,1,28,1,30,37,27,50,3,117,0,0,0,117
08/26/2002,MYR,SC,ASO,ES,Towers with Radar,35,21,20,1,77,0,1,6,0,7,35,22,26,1,84,4,0,4,88
08/27/2002,MYR,SC,ASO,ES,Towers with Radar,37,29,32,0,98,0,1,11,0,12,37,30,43,0,110,10,0,10,120
08/28/2002,MYR,SC,ASO,ES,Towers with Radar,33,31,31,14,109,0,1,3,0,4,33,32,34,14,113,0,0,0,113
08/29/2002,MYR,SC,ASO,ES,Towers with Radar,38,33,21,2,94,0,1,1,0,2,38,34,22,2,96,0,0,0,96
08/30/2002,MYR,SC,ASO,ES,Towers with Radar,36,30,28,1,95,0,1,1,0,2,36,31,29,1,97,0,0,0,97
08/31/2002,MYR,SC,ASO,ES,Towers with Radar,38,32,17,0,87,0,2,34,0,36,38,34,51,0,123,0,0,0,123
09/01/2002,MYR,SC,ASO,ES,Towers with Radar,38,27,24,0,89,0,1,4,2,7,38,28,28,2,96,0,0,0,96
09/02/2002,MYR,SC,ASO,ES,Towers with Radar,38,14,42,0,94,0,1,2,1,4,38,15,44,1,98,0,0,0,98
09/03/2002,MYR,SC,ASO,ES,Towers with Radar,35,19,37,5,96,5,0,30,2,37,40,19,67,7,133,6,4,10,143
09/04/2002,MYR,SC,ASO,ES,Towers with Radar,37,24,35,4,100,0,1,27,1,29,37,25,62,5,129,8,0,8,137
09/05/2002,MYR,SC,ASO,ES,Towers with Radar,33,37,35,1,106,0,1,19,0,20,33,38,54,1,126,10,0,10,136
09/06/2002,MYR,SC,ASO,ES,Towers with Radar,33,26,28,8,95,0,1,38,1,40,33,27,66,9,135,42,0,42,177
09/07/2002,MYR,SC,ASO,ES,Towers with Radar,38,28,29,1,96,0,1,46,1,48,38,29,75,2,144,16,0,16,160
09/08/2002,MYR,SC,ASO,ES,Towers with Radar,33,29,39,5,106,0,1,23,0,24,33,30,62,5,130,12,0,12,142
09/09/2002,MYR,SC,ASO,ES,Towers with Radar,34,20,33,0,87,0,1,8,0,9,34,21,41,0,96,8,0,8,104
09/10/2002,MYR,SC,ASO,ES,Towers with Radar,34,27,28,0,89,0,0,14,0,14,34,27,42,0,103,0,0,0,103
09/11/2002,MYR,SC,ASO,ES,Towers with Radar,30,33,34,6,103,0,0,34,0,34,30,33,68,6,137,0,0,0,137
09/12/2002,MYR,SC,ASO,ES,Towers with Radar,30,32,40,11,113,0,0,24,1,25,30,32,64,12,138,10,12,22,160
09/13/2002,MYR,SC,ASO,ES,Towers with Radar,31,25,34,34,124,0,0,22,5,27,31,25,56,39,151,17,30,47,198
09/14/2002,MYR,SC,ASO,ES,Towers with Radar,33,33,14,0,80,0,0,9,0,9,33,33,23,0,89,16,0,16,105
09/15/2002,MYR,SC,ASO,ES,Towers with Radar,34,25,24,0,83,0,0,11,0,11,34,25,35,0,94,6,0,6,100
09/16/2002,MYR,SC,ASO,ES,Towers with Radar,30,21,49,0,100,0,1,15,0,16,30,22,64,0,116,18,0,18,134
09/17/2002,MYR,SC,ASO,ES,Towers with Radar,28,31,41,11,111,0,0,34,2,36,28,31,75,13,147,12,16,28,175
09/18/2002,MYR,SC,ASO,ES,Towers with Radar,31,28,45,16,120,0,0,10,0,10,31,28,55,16,130,12,4,16,146
09/19/2002,MYR,SC,ASO,ES,Towers with Radar,32,29,59,3,123,0,0,21,0,21,32,29,80,3,144,26,0,26,170
09/20/2002,MYR,SC,ASO,ES,Towers with Radar,32,28,38,8,106,0,0,44,4,48,32,28,82,12,154,26,14,40,194
09/21/2002,MYR,SC,ASO,ES,Towers with Radar,31,34,25,6,96,0,0,50,2,52,31,34,75,8,148,24,6,30,178
09/22/2002,MYR,SC,ASO,ES,Towers with Radar,34,24,38,0,96,0,0,40,0,40,34,24,78,0,136,38,0,38,174
09/23/2002,MYR,SC,ASO,ES,Towers with Radar,33,21,45,11,110,0,0,19,1,20,33,21,64,12,130,14,4,18,148
09/24/2002,MYR,SC,ASO,ES,Towers with Radar,32,29,31,8,100,0,0,9,2,11,32,29,40,10,111,6,0,6,117
09/25/2002,MYR,SC,ASO,ES,Towers with Radar,33,33,56,3,125,0,0,1,0,1,33,33,57,3,126,0,0,0,126
09/26/2002,MYR,SC,ASO,ES,Towers with Radar,28,33,44,9,114,0,0,10,0,10,28,33,54,9,124,6,6,12,136
09/27/2002,MYR,SC,ASO,ES,Towers with Radar,33,30,31,4,98,0,0,6,0,6,33,30,37,4,104,10,0,10,114
09/28/2002,MYR,SC,ASO,ES,Towers with Radar,30,31,32,0,93,0,0,34,0,34,30,31,66,0,127,10,0,10,137
09/29/2002,MYR,SC,ASO,ES,Towers with Radar,32,27,47,3,109,0,0,20,0,20,32,27,67,3,129,4,0,4,133
09/30/2002,MYR,SC,ASO,ES,Towers with Radar,29,24,26,5,84,0,0,16,0,16,29,24,42,5,100,20,0,20,120
10/01/2002,MYR,SC,ASO,ES,Towers with Radar,26,31,38,9,104,1,1,23,0,25,27,32,61,9,129,0,0,0,129
10/02/2002,MYR,SC,ASO,ES,Towers with Radar,28,35,42,5,110,0,1,37,2,40,28,36,79,7,150,28,0,28,178
10/03/2002,MYR,SC,ASO,ES,Towers with Radar,28,33,40,26,127,0,1,37,2,40,28,34,77,28,167,14,0,14,181
10/04/2002,MYR,SC,ASO,ES,Towers with Radar,28,27,55,31,141,0,1,24,5,30,28,28,79,36,171,34,30,64,235
10/05/2002,MYR,SC,ASO,ES,Towers with Radar,26,37,43,13,119,0,1,43,3,47,26,38,86,16,166,32,22,54,220
10/06/2002,MYR,SC,ASO,ES,Towers with Radar,29,34,63,3,129,0,1,26,1,28,29,35,89,4,157,26,0,26,183
10/07/2002,MYR,SC,ASO,ES,Towers with Radar,26,27,19,1,73,0,1,5,1,7,26,28,24,2,80,0,0,0,80
10/08/2002,MYR,SC,ASO,ES,Towers with Radar,28,32,37,0,97,0,1,5,1,7,28,33,42,1,104,2,0,2,106
10/09/2002,MYR,SC,ASO,ES,Towers with Radar,27,34,38,6,105,0,0,25,3,28,27,34,63,9,133,40,14,54,187
10/10/2002,MYR,SC,ASO,ES,Towers with Radar,30,31,41,0,102,0,0,21,0,21,30,31,62,0,123,6,0,6,129
10/11/2002,MYR,SC,ASO,ES,Towers with Radar,30,23,23,2,78,0,1,0,1,2,30,24,23,3,80,0,0,0,80
10/12/2002,MYR,SC,ASO,ES,Towers with Radar,29,31,26,0,86,1,1,24,1,27,30,32,50,1,113,2,1,3,116
10/13/2002,MYR,SC,ASO,ES,Towers with Radar,28,30,28,0,86,1,1,15,0,17,29,31,43,0,103,0,0,0,103
10/14/2002,MYR,SC,ASO,ES,Towers with Radar,26,23,35,0,84,1,1,13,0,15,27,24,48,0,99,25,0,25,124
10/15/2002,MYR,SC,ASO,ES,Towers with Radar,31,27,16,1,75,0,1,0,1,2,31,28,16,2,77,0,0,0,77
10/16/2002,MYR,SC,ASO,ES,Towers with Radar,26,36,46,12,120,0,1,21,1,23,26,37,67,13,143,24,10,34,177
10/17/2002,MYR,SC,ASO,ES,Towers with Radar,26,38,43,4,111,1,1,38,0,40,27,39,81,4,151,22,0,22,173
10/18/2002,MYR,SC,ASO,ES,Towers with Radar,27,32,37,18,114,1,1,44,0,46,28,33,81,18,160,84,10,94,254
10/19/2002,MYR,SC,ASO,ES,Towers with Radar,29,29,19,3,80,1,2,27,0,30,30,31,46,3,110,14,4,18,128
10/20/2002,MYR,SC,ASO,ES,Towers with Radar,27,36,29,2,94,1,1,45,2,49,28,37,74,4,143,6,12,18,161
10/21/2002,MYR,SC,ASO,ES,Towers with Radar,29,26,19,0,74,1,0,15,5,21,30,26,34,5,95,1,1,2,97
10/22/2002,MYR,SC,ASO,ES,Towers with Radar,33,24,29,10,96,1,0,1,2,4,34,24,30,12,100,0,0,0,100
10/23/2002,MYR,SC,ASO,ES,Towers with Radar,27,31,33,4,95,1,0,11,0,12,28,31,44,4,107,12,9,21,128
10/24/2002,MYR,SC,ASO,ES,Towers with Radar,31,32,40,2,105,0,0,4,0,4,31,32,44,2,109,0,0,0,109
10/25/2002,MYR,SC,ASO,ES,Towers with Radar,25,29,29,9,92,1,0,28,3,32,26,29,57,12,124,26,16,42,166
10/26/2002,MYR,SC,ASO,ES,Towers with Radar,25,35,16,5,81,1,0,18,3,22,26,35,34,8,103,6,12,18,121
10/27/2002,MYR,SC,ASO,ES,Towers with Radar,27,31,37,3,98,1,0,36,1,38,28,31,73,4,136,15,1,16,152
10/28/2002,MYR,SC,ASO,ES,Towers with Radar,22,25,14,0,61,0,1,12,1,14,22,26,26,1,75,0,0,0,75
10/29/2002,MYR,SC,ASO,ES,Towers with Radar,29,24,35,8,96,0,1,0,1,2,29,25,35,9,98,0,0,0,98
10/30/2002,MYR,SC,ASO,ES,Towers with Radar,25,34,32,2,93,0,0,0,0,0,25,34,32,2,93,0,0,0,93
10/31/2002,MYR,SC,ASO,ES,Towers with Radar,28,27,34,0,89,1,0,33,0,34,29,27,67,0,123,14,0,14,137
11/01/2002,MYR,SC,ASO,ES,Towers with Radar,20,32,27,4,83,1,1,32,0,34,21,33,59,4,117,0,4,4,121
11/02/2002,MYR,SC,ASO,ES,Towers with Radar,31,30,24,9,94,1,1,25,1,28,32,31,49,10,122,6,16,22,144
11/03/2002,MYR,SC,ASO,ES,Towers with Radar,27,26,30,0,83,1,1,26,0,28,28,27,56,0,111,4,0,4,115
11/04/2002,MYR,SC,ASO,ES,Towers with Radar,28,20,31,7,86,1,0,0,0,1,29,20,31,7,87,0,0,0,87
11/05/2002,MYR,SC,ASO,ES,Towers with Radar,19,31,37,0,87,1,0,8,0,9,20,31,45,0,96,0,0,0,96
11/06/2002,MYR,SC,ASO,ES,Towers with Radar,24,28,43,8,103,1,0,7,4,12,25,28,50,12,115,0,0,0,115
11/07/2002,MYR,SC,ASO,ES,Towers with Radar,25,27,48,1,101,1,0,42,7,50,26,27,90,8,151,36,0,36,187
11/08/2002,MYR,SC,ASO,ES,Towers with Radar,23,28,36,0,87,1,0,47,0,48,24,28,83,0,135,24,0,24,159
11/09/2002,MYR,SC,ASO,ES,Towers with Radar,25,32,25,2,84,1,0,48,0,49,26,32,73,2,133,108,0,108,241
11/10/2002,MYR,SC,ASO,ES,Towers with Radar,26,32,30,0,88,1,0,17,0,18,27,32,47,0,106,30,0,30,136
11/11/2002,MYR,SC,ASO,ES,Towers with Radar,21,18,13,0,52,1,0,4,0,5,22,18,17,0,57,0,0,0,57
11/12/2002,MYR,SC,ASO,ES,Towers with Radar,19,33,14,0,66,1,0,0,0,1,20,33,14,0,67,0,0,0,67
11/13/2002,MYR,SC,ASO,ES,Towers with Radar,18,34,28,5,85,1,0,11,5,17,19,34,39,10,102,0,0,0,102
11/14/2002,MYR,SC,ASO,ES,Towers with Radar,23,30,42,3,98,0,0,31,0,31,23,30,73,3,129,38,0,38,167
11/15/2002,MYR,SC,ASO,ES,Towers with Radar,23,29,47,4,103,1,0,45,0,46,24,29,92,4,149,24,0,24,173
11/16/2002,MYR,SC,ASO,ES,Towers with Radar,24,31,15,0,70,1,0,0,0,1,25,31,15,0,71,6,0,6,77
11/17/2002,MYR,SC,ASO,ES,Towers with Radar,24,29,16,0,69,0,1,0,0,1,24,30,16,0,70,0,0,0,70
11/18/2002,MYR,SC,ASO,ES,Towers with Radar,26,24,35,0,85,0,0,51,0,51,26,24,86,0,136,24,0,24,160
11/19/2002,MYR,SC,ASO,ES,Towers with Radar,28,32,37,2,99,1,4,41,0,46,29,36,78,2,145,14,0,14,159
11/20/2002,MYR,SC,ASO,ES,Towers with Radar,20,30,42,4,96,0,0,38,11,49,20,30,80,15,145,0,10,10,155
11/21/2002,MYR,SC,ASO,ES,Towers with Radar,24,28,69,15,136,0,1,16,0,17,24,29,85,15,153,10,0,10,163
11/22/2002,MYR,SC,ASO,ES,Towers with Radar,25,28,37,2,92,0,1,20,1,22,25,29,57,3,114,1,2,3,117
11/23/2002,MYR,SC,ASO,ES,Towers with Radar,26,34,27,0,87,0,1,54,0,55,26,35,81,0,142,92,0,92,234
11/24/2002,MYR,SC,ASO,ES,Towers with Radar,22,29,25,0,76,0,1,50,0,51,22,30,75,0,127,26,0,26,153
11/25/2002,MYR,SC,ASO,ES,Towers with Radar,21,25,41,14,101,0,1,26,0,27,21,26,67,14,128,38,8,46,174
11/26/2002,MYR,SC,ASO,ES,Towers with Radar,24,26,47,20,117,0,1,29,3,33,24,27,76,23,150,20,46,66,216
11/27/2002,MYR,SC,ASO,ES,Towers with Radar,20,34,35,0,89,0,1,30,0,31,20,35,65,0,120,20,0,20,140
11/28/2002,MYR,SC,ASO,ES,Towers with Radar,19,11,11,0,41,0,1,25,0,26,19,12,36,0,67,4,0,4,71
11/29/2002,MYR,SC,ASO,ES,Towers with Radar,18,23,31,0,72,0,1,52,0,53,18,24,83,0,125,46,0,46,171
11/30/2002,MYR,SC,ASO,ES,Towers with Radar,32,24,35,0,91,0,1,30,0,31,32,25,65,0,122,10,0,10,132
12/01/2002,MYR,SC,ASO,ES,Towers with Radar,25,19,59,8,111,1,0,40,2,43,26,19,99,10,154,48,2,50,204
12/02/2002,MYR,SC,ASO,ES,Towers with Radar,25,20,30,0,75,0,0,44,0,44,25,20,74,0,119,56,0,56,175
12/03/2002,MYR,SC,ASO,ES,Towers with Radar,30,23,38,5,96,0,0,16,1,17,30,23,54,6,113,16,0,16,129
12/04/2002,MYR,SC,ASO,ES,Towers with Radar,14,17,17,1,49,3,8,5,1,17,17,25,22,2,66,0,0,0,66
12/05/2002,MYR,SC,ASO,ES,Towers with Radar,14,22,10,0,46,0,0,0,0,0,14,22,10,0,46,0,0,0,46
12/06/2002,MYR,SC,ASO,ES,Towers with Radar,23,30,35,0,88,0,0,20,0,20,23,30,55,0,108,36,0,36,144
12/07/2002,MYR,SC,ASO,ES,Towers with Radar,24,18,26,2,70,1,0,30,4,35,25,18,56,6,105,32,14,46,151
12/08/2002,MYR,SC,ASO,ES,Towers with Radar,27,20,31,0,78,1,0,51,0,52,28,20,82,0,130,28,0,28,158
12/09/2002,MYR,SC,ASO,ES,Towers with Radar,24,17,52,5,98,0,0,18,0,18,24,17,70,5,116,20,0,20,136
12/10/2002,MYR,SC,ASO,ES,Towers with Radar,13,27,13,0,53,0,0,2,0,2,13,27,15,0,55,8,0,8,63
12/11/2002,MYR,SC,ASO,ES,Towers with Radar,19,24,25,2,70,0,1,13,2,16,19,25,38,4,86,10,16,26,112
12/12/2002,MYR,SC,ASO,ES,Towers with Radar,21,24,43,4,92,0,0,25,3,28,21,24,68,7,120,4,0,4,124
12/13/2002,MYR,SC,ASO,ES,Towers with Radar,22,22,22,0,66,0,0,0,0,0,22,22,22,0,66,0,0,0,66
12/14/2002,MYR,SC,ASO,ES,Towers with Radar,20,23,21,0,64,0,0,16,1,17,20,23,37,1,81,0,0,0,81
12/15/2002,MYR,SC,ASO,ES,Towers with Radar,21,22,18,0,61,1,0,37,0,38,22,22,55,0,99,48,0,48,147
12/16/2002,MYR,SC,ASO,ES,Towers with Radar,19,26,27,6,78,0,1,33,0,34,19,27,60,6,112,10,0,10,122
12/17/2002,MYR,SC,ASO,ES,Towers with Radar,20,25,24,8,77,0,0,29,2,31,20,25,53,10,108,22,2,24,132
12/18/2002,MYR,SC,ASO,ES,Towers with Radar,17,27,29,0,73,0,0,7,4,11,17,27,36,4,84,0,0,0,84
12/19/2002,MYR,SC,ASO,ES,Towers with Radar,19,24,30,5,78,0,0,0,0,0,19,24,30,5,78,4,0,4,82
12/20/2002,MYR,SC,ASO,ES,Towers with Radar,23,24,16,2,65,0,1,2,3,6,23,25,18,5,71,0,0,0,71
12/21/2002,MYR,SC,ASO,ES,Towers with Radar,20,26,13,0,59,0,0,36,0,36,20,26,49,0,95,10,0,10,105
12/22/2002,MYR,SC,ASO,ES,Towers with Radar,20,21,16,0,57,0,0,11,0,11,20,21,27,0,68,0,0,0,68
12/23/2002,MYR,SC,ASO,ES,Towers with Radar,19,22,24,2,67,0,0,28,0,28,19,22,52,2,95,20,0,20,115
12/24/2002,MYR,SC,ASO,ES,Towers with Radar,18,23,17,0,58,0,0,3,0,3,18,23,20,0,61,0,0,0,61
12/25/2002,MYR,SC,ASO,ES,Towers with Radar,21,8,3,0,32,0,0,0,0,0,21,8,3,0,32,0,0,0,32
12/26/2002,MYR,SC,ASO,ES,Towers with Radar,22,23,20,0,65,0,2,16,0,18,22,25,36,0,83,0,0,0,83
12/27/2002,MYR,SC,ASO,ES,Towers with Radar,24,19,14,4,61,0,0,25,0,25,24,19,39,4,86,34,0,34,120
12/28/2002,MYR,SC,ASO,ES,Towers with Radar,22,20,15,0,57,0,0,34,0,34,22,20,49,0,91,30,0,30,121
12/29/2002,MYR,SC,ASO,ES,Towers with Radar,19,22,23,4,68,0,0,38,1,39,19,22,61,5,107,36,16,52,159
12/30/2002,MYR,SC,ASO,ES,Towers with Radar,15,22,19,7,63,0,0,41,0,41,15,22,60,7,104,30,12,42,146
12/31/2002,MYR,SC,ASO,ES,Towers with Radar,19,23,12,8,62,0,0,17,0,17,19,23,29,8,79,8,14,22,101
01/01/2003,MYR,SC,ASO,ES,Towers with Radar,18,13,8,0,39,1,0,5,0,6,19,13,13,0,45,0,0,0,45
01/02/2003,MYR,SC,ASO,ES,Towers with Radar,24,22,33,0,79,0,0,0,0,0,24,22,33,0,79,0,0,0,79
01/03/2003,MYR,SC,ASO,ES,Towers with Radar,21,21,38,0,80,0,1,18,0,19,21,22,56,0,99,14,0,14,113
01/04/2003,MYR,SC,ASO,ES,Towers with Radar,21,22,31,5,79,0,0,46,1,47,21,22,77,6,126,8,0,8,134
01/05/2003,MYR,SC,ASO,ES,Towers with Radar,20,19,32,0,71,0,0,26,0,26,20,19,58,0,97,26,0,26,123
01/06/2003,MYR,SC,ASO,ES,Towers with Radar,17,23,30,3,73,0,0,10,4,14,17,23,40,7,87,14,0,14,101
01/07/2003,MYR,SC,ASO,ES,Towers with Radar,21,19,38,12,90,0,0,15,1,16,21,19,53,13,106,12,0,12,118
01/08/2003,MYR,SC,ASO,ES,Towers with Radar,19,25,27,0,71,0,3,14,4,21,19,28,41,4,92,0,6,6,98
01/09/2003,MYR,SC,ASO,ES,Towers with Radar,19,26,29,0,74,0,0,29,0,29,19,26,58,0,103,0,0,0,103
01/10/2003,MYR,SC,ASO,ES,Towers with Radar,21,21,29,16,87,0,0,21,1,22,21,21,50,17,109,12,22,34,143
01/11/2003,MYR,SC,ASO,ES,Towers with Radar,24,23,23,4,74,0,0,42,0,42,24,23,65,4,116,70,0,70,186
01/12/2003,MYR,SC,ASO,ES,Towers with Radar,22,17,36,7,82,0,0,25,0,25,22,17,61,7,107,0,22,22,129
01/13/2003,MYR,SC,ASO,ES,Towers with Radar,23,13,36,12,84,0,0,26,0,26,23,13,62,12,110,20,14,34,144
01/14/2003,MYR,SC,ASO,ES,Towers with Radar,18,23,37,4,82,0,0,41,0,41,18,23,78,4,123,7,8,15,138
01/15/2003,MYR,SC,ASO,ES,Towers with Radar,16,23,32,20,91,0,0,37,0,37,16,23,69,20,128,0,0,0,128
01/16/2003,MYR,SC,ASO,ES,Towers with Radar,20,22,37,2,81,0,0,18,0,18,20,22,55,2,99,12,0,12,111
01/17/2003,MYR,SC,ASO,ES,Towers with Radar,20,25,37,0,82,0,0,7,0,7,20,25,44,0,89,0,0,0,89
01/18/2003,MYR,SC,ASO,ES,Towers with Radar,20,23,32,17,92,0,0,33,3,36,20,23,65,20,128,10,48,58,186
01/19/2003,MYR,SC,ASO,ES,Towers with Radar,20,19,26,4,69,0,0,21,0,21,20,19,47,4,90,0,0,0,90
01/20/2003,MYR,SC,ASO,ES,Towers with Radar,20,13,19,3,55,0,1,7,3,11,20,14,26,6,66,0,0,0,66
01/21/2003,MYR,SC,ASO,ES,Towers with Radar,19,21,22,21,83,0,1,18,0,19,19,22,40,21,102,4,24,28,130
01/22/2003,MYR,SC,ASO,ES,Towers with Radar,16,23,21,5,65,0,1,28,0,29,16,24,49,5,94,0,0,0,94
01/23/2003,MYR,SC,ASO,ES,Towers with Radar,18,25,11,0,54,0,1,0,0,1,18,26,11,0,55,0,0,0,55
01/24/2003,MYR,SC,ASO,ES,Towers with Radar,16,24,25,3,68,0,1,16,0,17,16,25,41,3,85,20,0,20,105
01/25/2003,MYR,SC,ASO,ES,Towers with Radar,19,22,20,1,62,0,1,33,2,36,19,23,53,3,98,16,12,28,126
01/26/2003,MYR,SC,ASO,ES,Towers with Radar,23,15,10,0,48,0,1,18,1,20,23,16,28,1,68,30,0,30,98
01/27/2003,MYR,SC,ASO,ES,Towers with Radar,25,16,22,12,75,0,1,15,0,16,25,17,37,12,91,8,4,12,103
01/28/2003,MYR,SC,ASO,ES,Towers with Radar,20,21,25,0,66,0,0,25,0,25,20,21,50,0,91,16,0,16,107
01/29/2003,MYR,SC,ASO,ES,Towers with Radar,21,21,34,1,77,0,0,24,1,25,21,21,58,2,102,26,0,26,128
01/30/2003,MYR,SC,ASO,ES,Towers with Radar,20,24,26,7,77,0,0,2,0,2,20,24,28,7,79,0,0,0,79
01/31/2003,MYR,SC,ASO,ES,Towers with Radar,20,24,12,1,57,0,0,3,0,3,20,24,15,1,60,0,0,0,60
02/01/2003,MYR,SC,ASO,ES,Towers with Radar,19,23,22,10,74,1,2,25,0,28,20,25,47,10,102,20,24,44,146
02/02/2003,MYR,SC,ASO,ES,Towers with Radar,21,17,31,9,78,0,1,42,1,44,21,18,73,10,122,24,0,24,146
02/03/2003,MYR,SC,ASO,ES,Towers with Radar,20,16,18,2,56,0,2,22,3,27,20,18,40,5,83,22,0,22,105
02/04/2003,MYR,SC,ASO,ES,Towers with Radar,23,14,18,0,55,0,1,10,1,12,23,15,28,1,67,44,0,44,111
02/05/2003,MYR,SC,ASO,ES,Towers with Radar,21,20,31,4,76,0,1,41,2,44,21,21,72,6,120,50,26,76,196
02/06/2003,MYR,SC,ASO,ES,Towers with Radar,20,22,18,2,62,1,0,9,2,12,21,22,27,4,74,34,0,34,108
02/07/2003,MYR,SC,ASO,ES,Towers with Radar,19,26,30,2,77,1,2,3,0,6,20,28,33,2,83,14,0,14,97
02/08/2003,MYR,SC,ASO,ES,Towers with Radar,22,21,28,3,74,1,0,49,1,51,23,21,77,4,125,86,2,88,213
02/09/2003,MYR,SC,ASO,ES,Towers with Radar,24,17,29,2,72,1,1,31,0,33,25,18,60,2,105,24,0,24,129
02/10/2003,MYR,SC,ASO,ES,Towers with Radar,24,14,20,0,58,1,0,4,1,6,25,14,24,1,64,0,0,0,64
02/11/2003,MYR,SC,ASO,ES,Towers with Radar,20,22,27,5,74,1,0,31,5,37,21,22,58,10,111,48,14,62,173
02/12/2003,MYR,SC,ASO,ES,Towers with Radar,22,21,36,4,83,1,0,24,0,25,23,21,60,4,108,6,0,6,114
02/13/2003,MYR,SC,ASO,ES,Towers with Radar,20,25,38,16,99,1,2,30,1,34,21,27,68,17,133,45,12,57,190
02/14/2003,MYR,SC,ASO,ES,Towers with Radar,22,20,46,8,96,1,0,31,0,32,23,20,77,8,128,42,0,42,170
02/15/2003,MYR,SC,ASO,ES,Towers with Radar,21,22,21,0,64,1,0,31,0,32,22,22,52,0,96,52,0,52,148
02/16/2003,MYR,SC,ASO,ES,Towers with Radar,17,17,8,0,42,1,0,0,0,1,18,17,8,0,43,0,0,0,43
02/17/2003,MYR,SC,ASO,ES,Towers with Radar,21,12,19,0,52,1,0,1,0,2,22,12,20,0,54,0,0,0,54
02/18/2003,MYR,SC,ASO,ES,Towers with Radar,21,25,32,1,79,1,0,7,3,11,22,25,39,4,90,8,0,8,98
02/19/2003,MYR,SC,ASO,ES,Towers with Radar,23,23,65,7,118,1,0,37,0,38,24,23,102,7,156,18,0,18,174
02/20/2003,MYR,SC,ASO,ES,Towers with Radar,21,24,32,10,87,1,0,29,1,31,22,24,61,11,118,10,6,16,134
02/21/2003,MYR,SC,ASO,ES,Towers with Radar,19,25,42,0,86,0,0,4,0,4,19,25,46,0,90,0,0,0,90
02/22/2003,MYR,SC,ASO,ES,Towers with Radar,23,21,1,0,45,0,0,1,0,1,23,21,2,0,46,0,0,0,46
02/23/2003,MYR,SC,ASO,ES,Towers with Radar,22,20,15,0,57,0,0,4,0,4,22,20,19,0,61,16,0,16,77
02/24/2003,MYR,SC,ASO,ES,Towers with Radar,23,14,34,2,73,0,1,28,0,29,23,15,62,2,102,22,0,22,124
02/25/2003,MYR,SC,ASO,ES,Towers with Radar,23,21,37,7,88,0,1,23,0,24,23,22,60,7,112,22,0,22,134
02/26/2003,MYR,SC,ASO,ES,Towers with Radar,22,26,42,1,91,0,1,4,0,5,22,27,46,1,96,8,0,8,104
02/27/2003,MYR,SC,ASO,ES,Towers with Radar,23,27,29,0,79,0,1,1,0,2,23,28,30,0,81,0,0,0,81
02/28/2003,MYR,SC,ASO,ES,Towers with Radar,22,23,44,13,102,0,1,11,1,13,22,24,55,14,115,16,0,16,131
03/01/2003,MYR,SC,ASO,ES,Towers with Radar,22,33,16,2,73,2,1,0,0,3,24,34,16,2,76,0,0,0,76
03/02/2003,MYR,SC,ASO,ES,Towers with Radar,33,30,42,0,105,0,0,13,0,13,33,30,55,0,118,20,0,20,138
03/03/2003,MYR,SC,ASO,ES,Towers with Radar,25,26,18,3,72,0,0,27,1,28,25,26,45,4,100,78,0,78,178
03/04/2003,MYR,SC,ASO,ES,Towers with Radar,24,38,36,0,98,0,0,18,1,19,24,38,54,1,117,24,0,24,141
03/05/2003,MYR,SC,ASO,ES,Towers with Radar,28,43,27,5,103,0,0,13,1,14,28,43,40,6,117,14,0,14,131
03/06/2003,MYR,SC,ASO,ES,Towers with Radar,29,35,33,1,98,0,2,2,1,5,29,37,35,2,103,4,0,4,107
03/07/2003,MYR,SC,ASO,ES,Towers with Radar,28,38,22,1,89,0,0,0,0,0,28,38,22,1,89,0,0,0,89
03/08/2003,MYR,SC,ASO,ES,Towers with Radar,26,39,18,0,83,0,0,33,0,33,26,39,51,0,116,2,0,2,118
03/09/2003,MYR,SC,ASO,ES,Towers with Radar,29,47,26,0,102,0,0,29,0,29,29,47,55,0,131,142,0,142,273
03/10/2003,MYR,SC,ASO,ES,Towers with Radar,27,36,29,5,97,0,0,18,5,23,27,36,47,10,120,52,16,68,188
03/11/2003,MYR,SC,ASO,ES,Towers with Radar,24,42,34,4,104,0,0,33,0,33,24,42,67,4,137,68,1,69,206
03/12/2003,MYR,SC,ASO,ES,Towers with Radar,30,44,39,1,114,0,0,43,2,45,30,44,82,3,159,30,6,36,195
03/13/2003,MYR,SC,ASO,ES,Towers with Radar,25,42,36,12,115,0,0,8,0,8,25,42,44,12,123,14,0,14,137
03/14/2003,MYR,SC,ASO,ES,Towers with Radar,28,43,44,4,119,0,0,11,1,12,28,43,55,5,131,0,0,0,131
03/15/2003,MYR,SC,ASO,ES,Towers with Radar,21,57,8,0,86,1,1,0,0,2,22,58,8,0,88,0,0,0,88
03/16/2003,MYR,SC,ASO,ES,Towers with Radar,32,40,32,0,104,1,0,6,0,7,33,40,38,0,111,16,0,16,127
03/17/2003,MYR,SC,ASO,ES,Towers with Radar,26,35,9,0,70,1,0,0,0,1,27,35,9,0,71,0,0,0,71
03/18/2003,MYR,SC,ASO,ES,Towers with Radar,31,35,32,0,98,1,0,21,0,22,32,35,53,0,120,42,0,42,162
03/19/2003,MYR,SC,ASO,ES,Towers with Radar,23,44,25,1,93,1,0,0,1,2,24,44,25,2,95,0,0,0,95
03/20/2003,MYR,SC,ASO,ES,Towers with Radar,20,46,17,0,83,1,0,0,0,1,21,46,17,0,84,0,0,0,84
03/21/2003,MYR,SC,ASO,ES,Towers with Radar,30,40,30,0,100,1,0,16,0,17,31,40,46,0,117,28,0,28,145
03/22/2003,MYR,SC,ASO,ES,Towers with Radar,29,49,34,10,122,1,0,58,3,62,30,49,92,13,184,40,12,52,236
03/23/2003,MYR,SC,ASO,ES,Towers with Radar,26,43,54,2,125,1,0,38,3,42,27,43,92,5,167,26,0,26,193
03/24/2003,MYR,SC,ASO,ES,Towers with Radar,26,35,20,10,91,0,0,41,0,41,26,35,61,10,132,26,4,30,162
03/25/2003,MYR,SC,ASO,ES,Towers with Radar,24,41,40,19,124,0,3,32,1,36,24,44,72,20,160,30,32,62,222
03/26/2003,MYR,SC,ASO,ES,Towers with Radar,21,42,32,0,95,0,4,44,0,48,21,46,76,0,143,31,0,31,174
03/27/2003,MYR,SC,ASO,ES,Towers with Radar,26,42,31,0,99,0,4,8,0,12,26,46,39,0,111,0,0,0,111
03/28/2003,MYR,SC,ASO,ES,Towers with Radar,34,36,38,0,108,0,2,7,0,9,34,38,45,0,117,4,0,4,121
03/29/2003,MYR,SC,ASO,ES,Towers with Radar,31,48,29,6,114,0,1,20,1,22,31,49,49,7,136,24,0,24,160
03/30/2003,MYR,SC,ASO,ES,Towers with Radar,29,47,44,0,120,0,0,0,0,0,29,47,44,0,120,0,0,0,120
03/31/2003,MYR,SC,ASO,ES,Towers with Radar,29,32,25,4,90,0,0,22,0,22,29,32,47,4,112,4,0,4,116
04/01/2003,MYR,SC,ASO,ES,Towers with Radar,23,42,46,0,111,1,2,42,0,45,24,44,88,0,156,14,0,14,170
04/02/2003,MYR,SC,ASO,ES,Towers with Radar,22,47,40,3,112,0,0,53,1,54,22,47,93,4,166,22,0,22,188
04/03/2003,MYR,SC,ASO,ES,Towers with Radar,33,47,54,13,147,0,0,38,1,39,33,47,92,14,186,26,26,52,238
04/04/2003,MYR,SC,ASO,ES,Towers with Radar,26,46,62,8,142,0,0,43,0,43,26,46,105,8,185,30,16,46,231
04/05/2003,MYR,SC,ASO,ES,Towers with Radar,25,53,17,1,96,0,0,28,0,28,25,53,45,1,124,30,0,30,154
04/06/2003,MYR,SC,ASO,ES,Towers with Radar,32,42,53,1,128,0,0,5,0,5,32,42,58,1,133,4,6,10,143
04/07/2003,MYR,SC,ASO,ES,Towers with Radar,27,35,25,1,88,0,0,2,0,2,27,35,27,1,90,0,0,0,90
04/08/2003,MYR,SC,ASO,ES,Towers with Radar,26,43,21,2,92,0,0,0,0,0,26,43,21,2,92,0,0,0,92
04/09/2003,MYR,SC,ASO,ES,Towers with Radar,24,45,25,1,95,0,0,1,0,1,24,45,26,1,96,2,0,2,98
04/10/2003,MYR,SC,ASO,ES,Towers with Radar,28,41,23,0,92,0,0,1,0,1,28,41,24,0,93,0,0,0,93
04/11/2003,MYR,SC,ASO,ES,Towers with Radar,27,45,36,5,113,0,0,7,2,9,27,45,43,7,122,0,0,0,122
04/12/2003,MYR,SC,ASO,ES,Towers with Radar,32,53,50,1,136,0,0,135,2,137,32,53,185,3,273,52,0,52,325
04/13/2003,MYR,SC,ASO,ES,Towers with Radar,41,29,58,0,128,0,0,95,0,95,41,29,153,0,223,10,0,10,233
04/14/2003,MYR,SC,ASO,ES,Towers with Radar,31,34,31,0,96,0,0,65,1,66,31,34,96,1,162,4,0,4,166
04/15/2003,MYR,SC,ASO,ES,Towers with Radar,29,48,44,10,131,0,10,75,1,86,29,58,119,11,217,60,12,72,289
04/16/2003,MYR,SC,ASO,ES,Towers with Radar,31,39,39,4,113,0,34,80,1,115,31,73,119,5,228,38,0,38,266
04/17/2003,MYR,SC,ASO,ES,Towers with Radar,32,41,36,5,114,0,9,96,0,105,32,50,132,5,219,20,0,20,239
04/18/2003,MYR,SC,ASO,ES,Towers with Radar,28,45,48,0,121,0,0,1,0,1,28,45,49,0,122,0,0,0,122
04/19/2003,MYR,SC,ASO,ES,Towers with Radar,26,51,61,0,138,0,0,91,0,91,26,51,152,0,229,42,0,42,271
04/20/2003,MYR,SC,ASO,ES,Towers with Radar,35,39,39,0,113,0,0,77,0,77,35,39,116,0,190,16,0,16,206
04/21/2003,MYR,SC,ASO,ES,Towers with Radar,33,35,39,0,107,0,0,31,0,31,33,35,70,0,138,0,0,0,138
04/22/2003,MYR,SC,ASO,ES,Towers with Radar,30,43,24,6,103,0,5,33,2,40,30,48,57,8,143,16,16,32,175
04/23/2003,MYR,SC,ASO,ES,Towers with Radar,28,40,36,2,106,4,10,60,0,74,32,50,96,2,180,15,0,15,195
04/24/2003,MYR,SC,ASO,ES,Towers with Radar,33,40,36,6,115,0,33,78,19,130,33,73,114,25,245,16,0,16,261
04/25/2003,MYR,SC,ASO,ES,Towers with Radar,32,41,31,3,107,0,0,2,0,2,32,41,33,3,109,2,0,2,111
04/26/2003,MYR,SC,ASO,ES,Towers with Radar,24,32,30,0,86,11,13,56,0,80,35,45,86,0,166,8,0,8,174
04/27/2003,MYR,SC,ASO,ES,Towers with Radar,36,39,49,0,124,0,1,84,0,85,36,40,133,0,209,28,0,28,237
04/28/2003,MYR,SC,ASO,ES,Towers with Radar,32,34,21,4,91,0,0,43,0,43,32,34,64,4,134,26,0,26,160
04/29/2003,MYR,SC,ASO,ES,Towers with Radar,29,39,49,3,120,0,0,60,3,63,29,39,109,6,183,18,0,18,201
04/30/2003,MYR,SC,ASO,ES,Towers with Radar,34,38,41,5,118,0,0,62,2,64,34,38,103,7,182,18,0,18,200
05/01/2003,MYR,SC,ASO,ES,Towers with Radar,33,46,65,12,156,0,7,32,5,44,33,53,97,17,200,14,18,32,232
05/02/2003,MYR,SC,ASO,ES,Towers with Radar,33,38,36,2,109,0,0,91,4,95,33,38,127,6,204,14,0,14,218
05/03/2003,MYR,SC,ASO,ES,Towers with Radar,31,46,28,3,108,0,0,89,0,89,31,46,117,3,197,46,0,46,243
05/04/2003,MYR,SC,ASO,ES,Towers with Radar,36,48,54,4,142,0,0,44,1,45,36,48,98,5,187,0,0,0,187
05/05/2003,MYR,SC,ASO,ES,Towers with Radar,37,38,35,6,116,0,0,14,0,14,37,38,49,6,130,0,8,8,138
05/06/2003,MYR,SC,ASO,ES,Towers with Radar,31,45,33,4,113,0,0,34,0,34,31,45,67,4,147,20,0,20,167
05/07/2003,MYR,SC,ASO,ES,Towers with Radar,34,39,38,12,123,0,0,15,1,16,34,39,53,13,139,0,10,10,149
05/08/2003,MYR,SC,ASO,ES,Towers with Radar,35,50,41,8,134,0,0,31,3,34,35,50,72,11,168,16,2,18,186
05/09/2003,MYR,SC,ASO,ES,Towers with Radar,32,41,58,7,138,0,0,30,3,33,32,41,88,10,171,38,24,62,233
05/10/2003,MYR,SC,ASO,ES,Towers with Radar,38,41,20,11,110,0,0,56,4,60,38,41,76,15,170,86,8,94,264
05/11/2003,MYR,SC,ASO,ES,Towers with Radar,38,39,34,0,111,0,0,34,0,34,38,39,68,0,145,0,0,0,145
05/12/2003,MYR,SC,ASO,ES,Towers with Radar,37,34,21,0,92,0,0,38,0,38,37,34,59,0,130,18,0,18,148
05/13/2003,MYR,SC,ASO,ES,Towers with Radar,34,35,17,1,87,0,0,73,3,76,34,35,90,4,163,26,0,26,189
05/14/2003,MYR,SC,ASO,ES,Towers with Radar,34,34,40,4,112,0,5,63,1,69,34,39,103,5,181,72,3,75,256
05/15/2003,MYR,SC,ASO,ES,Towers with Radar,35,42,43,2,122,0,0,12,3,15,35,42,55,5,137,6,0,6,143
05/16/2003,MYR,SC,ASO,ES,Towers with Radar,32,46,52,5,135,0,2,41,0,43,32,48,93,5,178,0,18,18,196
05/17/2003,MYR,SC,ASO,ES,Towers with Radar,34,44,20,4,102,0,0,14,0,14,34,44,34,4,116,0,0,0,116
05/18/2003,MYR,SC,ASO,ES,Towers with Radar,36,51,37,3,127,0,0,3,0,3,36,51,40,3,130,0,0,0,130
05/19/2003,MYR,SC,ASO,ES,Towers with Radar,34,34,32,0,100,0,0,1,2,3,34,34,33,2,103,0,0,0,103
05/20/2003,MYR,SC,ASO,ES,Towers with Radar,33,43,47,5,128,0,0,57,4,61,33,43,104,9,189,30,0,30,219
05/21/2003,MYR,SC,ASO,ES,Towers with Radar,31,40,49,16,136,0,1,45,2,48,31,41,94,18,184,14,2,16,200
05/22/2003,MYR,SC,ASO,ES,Towers with Radar,33,40,21,0,94,0,0,9,0,9,33,40,30,0,103,0,0,0,103
05/23/2003,MYR,SC,ASO,ES,Towers with Radar,38,38,22,5,103,0,0,4,1,5,38,38,26,6,108,6,0,6,114
05/24/2003,MYR,SC,ASO,ES,Towers with Radar,29,34,29,4,96,8,4,19,2,33,37,38,48,6,129,12,0,12,141
05/25/2003,MYR,SC,ASO,ES,Towers with Radar,34,39,12,0,85,0,0,12,0,12,34,39,24,0,97,2,0,2,99
05/26/2003,MYR,SC,ASO,ES,Towers with Radar,38,24,28,1,91,0,0,21,0,21,38,24,49,1,112,6,0,6,118
05/27/2003,MYR,SC,ASO,ES,Towers with Radar,28,39,33,12,112,0,0,9,1,10,28,39,42,13,122,0,0,0,122
05/28/2003,MYR,SC,ASO,ES,Towers with Radar,32,40,27,12,111,0,2,48,7,57,32,42,75,19,168,54,6,60,228
05/29/2003,MYR,SC,ASO,ES,Towers with Radar,39,34,42,11,126,0,0,43,3,46,39,34,85,14,172,46,14,60,232
05/30/2003,MYR,SC,ASO,ES,Towers with Radar,34,34,31,27,126,0,0,79,5,84,34,34,110,32,210,26,34,60,270
05/31/2003,MYR,SC,ASO,ES,Towers with Radar,34,43,9,5,91,0,0,33,11,44,34,43,42,16,135,4,0,4,139
06/01/2003,MYR,SC,ASO,ES,Towers with Radar,34,38,31,13,116,2,0,75,2,79,36,38,106,15,195,25,0,25,220
06/02/2003,MYR,SC,ASO,ES,Towers with Radar,37,31,26,0,94,0,9,40,0,49,37,40,66,0,143,12,0,12,155
06/03/2003,MYR,SC,ASO,ES,Towers with Radar,33,39,16,9,97,0,1,32,0,33,33,40,48,9,130,12,0,12,142
06/04/2003,MYR,SC,ASO,ES,Towers with Radar,32,35,23,4,94,0,1,8,0,9,32,36,31,4,103,0,0,0,103
06/05/2003,MYR,SC,ASO,ES,Towers with Radar,36,37,35,15,123,0,1,57,0,58,36,38,92,15,181,12,16,28,209
06/06/2003,MYR,SC,ASO,ES,Towers with Radar,41,38,47,1,127,0,1,27,6,34,41,39,74,7,161,14,0,14,175
06/07/2003,MYR,SC,ASO,ES,Towers with Radar,36,47,25,0,108,0,1,9,0,10,36,48,34,0,118,0,0,0,118
06/08/2003,MYR,SC,ASO,ES,Towers with Radar,40,32,23,0,95,0,0,18,0,18,40,32,41,0,113,0,0,0,113
06/09/2003,MYR,SC,ASO,ES,Towers with Radar,35,28,40,3,106,0,3,72,3,78,35,31,112,6,184,42,0,42,226
06/10/2003,MYR,SC,ASO,ES,Towers with Radar,30,41,17,3,91,0,0,72,1,73,30,41,89,4,164,26,0,26,190
06/11/2003,MYR,SC,ASO,ES,Towers with Radar,30,28,35,0,93,0,0,84,2,86,30,28,119,2,179,14,0,14,193
06/12/2003,MYR,SC,ASO,ES,Towers with Radar,39,40,44,17,140,0,0,50,1,51,39,40,94,18,191,10,8,18,209
06/13/2003,MYR,SC,ASO,ES,Towers with Radar,39,37,27,11,114,0,12,57,2,71,39,49,84,13,185,28,11,39,224
06/14/2003,MYR,SC,ASO,ES,Towers with Radar,42,47,37,1,127,0,0,82,2,84,42,47,119,3,211,34,2,36,247
06/15/2003,MYR,SC,ASO,ES,Towers with Radar,43,36,37,1,117,10,0,101,0,111,53,36,138,1,228,12,0,12,240
06/16/2003,MYR,SC,ASO,ES,Towers with Radar,39,26,27,5,97,0,0,22,1,23,39,26,49,6,120,0,0,0,120
06/17/2003,MYR,SC,ASO,ES,Towers with Radar,34,32,18,12,96,0,0,43,0,43,34,32,61,12,139,18,4,22,161
06/18/2003,MYR,SC,ASO,ES,Towers with Radar,33,33,40,2,108,0,0,19,0,19,33,33,59,2,127,49,0,49,176
06/19/2003,MYR,SC,ASO,ES,Towers with Radar,37,32,49,2,120,0,0,62,2,64,37,32,111,4,184,0,12,12,196
06/20/2003,MYR,SC,ASO,ES,Towers with Radar,41,35,38,3,117,0,0,74,1,75,41,35,112,4,192,10,6,16,208
06/21/2003,MYR,SC,ASO,ES,Towers with Radar,42,54,38,15,149,0,0,93,0,93,42,54,131,15,242,22,22,44,286
06/22/2003,MYR,SC,ASO,ES,Towers with Radar,41,36,30,2,109,0,0,100,0,100,41,36,130,2,209,24,2,26,235
06/23/2003,MYR,SC,ASO,ES,Towers with Radar,39,28,47,5,119,0,35,40,1,76,39,63,87,6,195,6,10,16,211
06/24/2003,MYR,SC,ASO,ES,Towers with Radar,32,40,30,7,109,0,22,82,0,104,32,62,112,7,213,14,6,20,233
06/25/2003,MYR,SC,ASO,ES,Towers with Radar,34,33,29,11,107,0,20,80,0,100,34,53,109,11,207,14,1,15,222
06/26/2003,MYR,SC,ASO,ES,Towers with Radar,40,35,41,3,119,0,4,101,3,108,40,39,142,6,227,12,0,12,239
06/27/2003,MYR,SC,ASO,ES,Towers with Radar,45,37,38,8,128,0,0,65,1,66,45,37,103,9,194,18,20,38,232
06/28/2003,MYR,SC,ASO,ES,Towers with Radar,45,49,23,21,138,0,4,25,4,33,45,53,48,25,171,8,0,8,179
06/29/2003,MYR,SC,ASO,ES,Towers with Radar,41,40,40,11,132,1,2,25,1,29,42,42,65,12,161,26,26,52,213
06/30/2003,MYR,SC,ASO,ES,Towers with Radar,39,24,18,4,85,1,2,30,0,33,40,26,48,4,118,34,0,34,152
07/01/2003,MYR,SC,ASO,ES,Towers with Radar,33,34,29,6,102,0,6,6,2,14,33,40,35,8,116,10,4,14,130
07/02/2003,MYR,SC,ASO,ES,Towers with Radar,33,34,18,2,87,0,0,4,1,5,33,34,22,3,92,0,0,0,92
07/03/2003,MYR,SC,ASO,ES,Towers with Radar,40,36,52,3,131,0,20,45,2,67,40,56,97,5,198,6,8,14,212
07/04/2003,MYR,SC,ASO,ES,Towers with Radar,40,23,14,0,77,0,0,100,0,100,40,23,114,0,177,14,0,14,191
07/05/2003,MYR,SC,ASO,ES,Towers with Radar,43,50,11,0,104,0,0,91,0,91,43,50,102,0,195,0,0,0,195
07/06/2003,MYR,SC,ASO,ES,Towers with Radar,41,32,28,0,101,0,0,29,0,29,41,32,57,0,130,12,0,12,142
07/07/2003,MYR,SC,ASO,ES,Towers with Radar,39,32,20,0,91,0,0,42,0,42,39,32,62,0,133,20,0,20,153
07/08/2003,MYR,SC,ASO,ES,Towers with Radar,32,35,25,6,98,0,0,77,1,78,32,35,102,7,176,32,0,32,208
07/09/2003,MYR,SC,ASO,ES,Towers with Radar,29,34,29,4,96,0,0,119,1,120,29,34,148,5,216,12,1,13,229
07/10/2003,MYR,SC,ASO,ES,Towers with Radar,39,31,45,11,126,0,0,74,0,74,39,31,119,11,200,14,10,24,224
07/11/2003,MYR,SC,ASO,ES,Towers with Radar,40,32,14,13,99,0,0,68,10,78,40,32,82,23,177,2,22,24,201
07/12/2003,MYR,SC,ASO,ES,Towers with Radar,44,61,29,3,137,0,8,43,0,51,44,69,72,3,188,14,0,14,202
07/13/2003,MYR,SC,ASO,ES,Towers with Radar,44,36,28,2,110,0,2,59,1,62,44,38,87,3,172,0,0,0,172
07/14/2003,MYR,SC,ASO,ES,Towers with Radar,41,28,23,0,92,0,0,21,0,21,41,28,44,0,113,14,0,14,127
07/15/2003,MYR,SC,ASO,ES,Towers with Radar,30,36,25,10,101,0,0,54,0,54,30,36,79,10,155,0,0,0,155
07/16/2003,MYR,SC,ASO,ES,Towers with Radar,34,36,32,9,111,0,0,103,8,111,34,36,135,17,222,4,8,12,234
07/17/2003,MYR,SC,ASO,ES,Towers with Radar,39,39,26,6,110,0,0,64,0,64,39,39,90,6,174,0,0,0,174
07/18/2003,MYR,SC,ASO,ES,Towers with Radar,42,36,47,24,149,0,0,92,2,94,42,36,139,26,243,0,8,8,251
07/19/2003,MYR,SC,ASO,ES,Towers with Radar,43,57,25,22,147,0,0,37,0,37,43,57,62,22,184,0,10,10,194
07/20/2003,MYR,SC,ASO,ES,Towers with Radar,41,36,31,5,113,0,0,60,0,60,41,36,91,5,173,34,0,34,207
07/21/2003,MYR,SC,ASO,ES,Towers with Radar,38,24,18,24,104,0,0,56,0,56,38,24,74,24,160,0,32,32,192
07/22/2003,MYR,SC,ASO,ES,Towers with Radar,32,29,18,8,87,0,0,44,0,44,32,29,62,8,131,6,24,30,161
07/23/2003,MYR,SC,ASO,ES,Towers with Radar,31,37,15,14,97,0,0,31,2,33,31,37,46,16,130,8,4,12,142
07/24/2003,MYR,SC,ASO,ES,Towers with Radar,41,35,31,4,111,0,10,38,0,48,41,45,69,4,159,18,0,18,177
07/25/2003,MYR,SC,ASO,ES,Towers with Radar,45,34,27,3,109,0,0,66,1,67,45,34,93,4,176,4,0,4,180
07/26/2003,MYR,SC,ASO,ES,Towers with Radar,50,54,21,0,125,0,0,61,0,61,50,54,82,0,186,34,0,34,220
07/27/2003,MYR,SC,ASO,ES,Towers with Radar,45,38,42,3,128,0,6,72,0,78,45,44,114,3,206,8,0,8,214
07/28/2003,MYR,SC,ASO,ES,Towers with Radar,37,33,31,8,109,0,5,27,5,37,37,38,58,13,146,0,24,24,170
07/29/2003,MYR,SC,ASO,ES,Towers with Radar,36,30,46,2,114,0,1,93,1,95,36,31,139,3,209,16,8,24,233
07/30/2003,MYR,SC,ASO,ES,Towers with Radar,32,32,42,8,114,0,6,125,0,131,32,38,167,8,245,8,0,8,253
07/31/2003,MYR,SC,ASO,ES,Towers with Radar,40,40,38,2,120,0,0,85,1,86,40,40,123,3,206,32,0,32,238
08/01/2003,MYR,SC,ASO,ES,Towers with Radar,60,37,26,4,127,1,2,119,1,123,61,39,145,5,250,8,0,8,258
08/02/2003,MYR,SC,ASO,ES,Towers with Radar,43,57,35,0,135,1,0,122,0,123,44,57,157,0,258,42,0,42,300
08/03/2003,MYR,SC,ASO,ES,Towers with Radar,43,39,33,0,115,1,0,44,0,45,44,39,77,0,160,28,0,28,188
08/04/2003,MYR,SC,ASO,ES,Towers with Radar,37,30,30,1,98,1,0,49,1,51,38,30,79,2,149,16,0,16,165
08/05/2003,MYR,SC,ASO,ES,Towers with Radar,33,31,18,6,88,0,1,66,0,67,33,32,84,6,155,0,2,2,157
08/06/2003,MYR,SC,ASO,ES,Towers with Radar,37,32,36,2,107,0,5,54,0,59,37,37,90,2,166,9,0,9,175
08/07/2003,MYR,SC,ASO,ES,Towers with Radar,40,31,39,3,113,0,1,96,0,97,40,32,135,3,210,37,2,39,249
08/08/2003,MYR,SC,ASO,ES,Towers with Radar,42,32,43,3,120,0,1,78,9,88,42,33,121,12,208,16,0,16,224
08/09/2003,MYR,SC,ASO,ES,Towers with Radar,44,58,38,2,142,0,6,49,0,55,44,64,87,2,197,10,0,10,207
08/10/2003,MYR,SC,ASO,ES,Towers with Radar,44,33,43,21,141,0,1,31,1,33,44,34,74,22,174,10,26,36,210
08/11/2003,MYR,SC,ASO,ES,Towers with Radar,40,28,23,14,105,0,1,54,0,55,40,29,77,14,160,8,14,22,182
08/12/2003,MYR,SC,ASO,ES,Towers with Radar,29,31,45,2,107,0,1,64,0,65,29,32,109,2,172,32,0,32,204
08/13/2003,MYR,SC,ASO,ES,Towers with Radar,34,33,47,6,120,0,0,77,2,79,34,33,124,8,199,16,2,18,217
08/14/2003,MYR,SC,ASO,ES,Towers with Radar,32,34,38,3,107,0,0,101,1,102,32,34,139,4,209,6,0,6,215
08/15/2003,MYR,SC,ASO,ES,Towers with Radar,40,33,42,7,122,0,0,99,2,101,40,33,141,9,223,44,16,60,283
08/16/2003,MYR,SC,ASO,ES,Towers with Radar,37,60,32,0,129,0,18,26,1,45,37,78,58,1,174,4,0,4,178
08/17/2003,MYR,SC,ASO,ES,Towers with Radar,43,36,31,0,110,0,0,66,0,66,43,36,97,0,176,6,1,7,183
08/18/2003,MYR,SC,ASO,ES,Towers with Radar,41,27,27,0,95,0,0,23,0,23,41,27,50,0,118,12,0,12,130
08/19/2003,MYR,SC,ASO,ES,Towers with Radar,36,35,45,8,124,0,0,76,1,77,36,35,121,9,201,14,3,17,218
08/20/2003,MYR,SC,ASO,ES,Towers with Radar,35,32,22,1,90,0,0,106,0,106,35,32,128,1,196,0,0,0,196
08/21/2003,MYR,SC,ASO,ES,Towers with Radar,39,35,32,3,109,0,0,100,0,100,39,35,132,3,209,14,0,14,223
08/22/2003,MYR,SC,ASO,ES,Towers with Radar,44,48,38,36,166,0,0,48,1,49,44,48,86,37,215,28,53,81,296
08/23/2003,MYR,SC,ASO,ES,Towers with Radar,38,63,29,0,130,0,28,40,1,69,38,91,69,1,199,36,0,36,235
08/24/2003,MYR,SC,ASO,ES,Towers with Radar,44,35,34,1,114,0,0,55,0,55,44,35,89,1,169,2,0,2,171
08/25/2003,MYR,SC,ASO,ES,Towers with Radar,36,35,35,5,111,0,0,42,7,49,36,35,77,12,160,0,10,10,170
08/26/2003,MYR,SC,ASO,ES,Towers with Radar,28,38,40,9,115,0,2,42,2,46,28,40,82,11,161,16,8,24,185
08/27/2003,MYR,SC,ASO,ES,Towers with Radar,30,33,21,24,108,0,0,74,0,74,30,33,95,24,182,19,8,27,209
08/28/2003,MYR,SC,ASO,ES,Towers with Radar,37,34,30,4,105,0,0,43,0,43,37,34,73,4,148,0,0,0,148
08/29/2003,MYR,SC,ASO,ES,Towers with Radar,40,36,42,12,130,0,0,91,3,94,40,36,133,15,224,42,0,42,266
08/30/2003,MYR,SC,ASO,ES,Towers with Radar,39,57,22,0,118,0,0,94,0,94,39,57,116,0,212,4,0,4,216
08/31/2003,MYR,SC,ASO,ES,Towers with Radar,39,33,20,0,92,0,0,112,0,112,39,33,132,0,204,40,0,40,244
09/01/2003,MYR,SC,ASO,ES,Towers with Radar,40,17,39,2,98,2,0,82,0,84,42,17,121,2,182,28,0,28,210
09/02/2003,MYR,SC,ASO,ES,Towers with Radar,30,28,31,18,107,0,7,53,0,60,30,35,84,18,167,60,16,76,243
09/03/2003,MYR,SC,ASO,ES,Towers with Radar,29,35,28,18,110,0,1,23,1,25,29,36,51,19,135,0,6,6,141
09/04/2003,MYR,SC,ASO,ES,Towers with Radar,38,36,45,4,123,0,1,42,4,47,38,37,87,8,170,14,0,14,184
09/05/2003,MYR,SC,ASO,ES,Towers with Radar,42,38,29,3,112,0,1,30,1,32,42,39,59,4,144,4,4,8,152
09/06/2003,MYR,SC,ASO,ES,Towers with Radar,35,66,26,2,129,0,1,4,0,5,35,67,30,2,134,0,0,0,134
09/07/2003,MYR,SC,ASO,ES,Towers with Radar,40,40,27,4,111,0,1,1,0,2,40,41,28,4,113,0,0,0,113
09/08/2003,MYR,SC,ASO,ES,Towers with Radar,33,35,19,2,89,0,1,3,2,6,33,36,22,4,95,0,0,0,95
09/09/2003,MYR,SC,ASO,ES,Towers with Radar,25,31,28,5,89,0,1,29,3,33,25,32,57,8,122,26,4,30,152
09/10/2003,MYR,SC,ASO,ES,Towers with Radar,26,30,30,9,95,0,1,26,0,27,26,31,56,9,122,0,0,0,122
09/11/2003,MYR,SC,ASO,ES,Towers with Radar,34,36,28,3,101,0,1,49,0,50,34,37,77,3,151,6,18,24,175
09/12/2003,MYR,SC,ASO,ES,Towers with Radar,38,37,38,30,143,0,1,27,2,30,38,38,65,32,173,0,0,0,173
09/13/2003,MYR,SC,ASO,ES,Towers with Radar,29,61,36,9,135,0,15,31,3,49,29,76,67,12,184,0,0,0,184
09/14/2003,MYR,SC,ASO,ES,Towers with Radar,36,39,36,1,112,0,2,77,0,79,36,41,113,1,191,0,0,0,191
09/15/2003,MYR,SC,ASO,ES,Towers with Radar,36,26,44,7,113,0,1,12,2,15,36,27,56,9,128,2,14,16,144
09/16/2003,MYR,SC,ASO,ES,Towers with Radar,23,40,27,0,90,0,1,26,0,27,23,41,53,0,117,22,0,22,139
09/17/2003,MYR,SC,ASO,ES,Towers with Radar,31,37,11,1,80,0,1,17,1,19,31,38,28,2,99,0,0,0,99
09/18/2003,MYR,SC,ASO,ES,Towers with Radar,21,30,0,0,51,0,0,2,1,3,21,30,2,1,54,0,0,0,54
09/19/2003,MYR,SC,ASO,ES,Towers with Radar,38,38,22,1,99,0,0,31,1,32,38,38,53,2,131,16,0,16,147
09/20/2003,MYR,SC,ASO,ES,Towers with Radar,30,63,23,0,116,0,0,40,0,40,30,63,63,0,156,8,0,8,164
09/21/2003,MYR,SC,ASO,ES,Towers with Radar,35,40,31,3,109,0,0,53,1,54,35,40,84,4,163,0,0,0,163
09/22/2003,MYR,SC,ASO,ES,Towers with Radar,32,31,24,17,104,0,0,7,0,7,32,31,31,17,111,4,0,4,115
09/23/2003,MYR,SC,ASO,ES,Towers with Radar,27,40,15,2,84,0,0,4,1,5,27,40,19,3,89,0,0,0,89
09/24/2003,MYR,SC,ASO,ES,Towers with Radar,30,34,30,8,102,0,0,35,3,38,30,34,65,11,140,10,0,10,150
09/25/2003,MYR,SC,ASO,ES,Towers with Radar,34,35,45,0,114,1,0,39,0,40,35,35,84,0,154,34,0,34,188
09/26/2003,MYR,SC,ASO,ES,Towers with Radar,38,35,37,7,117,0,0,66,0,66,38,35,103,7,183,18,0,18,201
09/27/2003,MYR,SC,ASO,ES,Towers with Radar,30,60,28,7,125,0,0,32,0,32,30,60,60,7,157,8,8,16,173
09/28/2003,MYR,SC,ASO,ES,Towers with Radar,40,38,27,6,111,0,8,24,4,36,40,46,51,10,147,4,4,8,155
09/29/2003,MYR,SC,ASO,ES,Towers with Radar,31,34,25,0,90,0,6,22,0,28,31,40,47,0,118,0,0,0,118
09/30/2003,MYR,SC,ASO,ES,Towers with Radar,27,34,25,5,91,1,0,44,3,48,28,34,69,8,139,43,0,43,182
10/01/2003,MYR,SC,ASO,ES,Towers with Radar,21,28,31,4,84,0,5,28,0,33,21,33,59,4,117,0,4,4,121
10/02/2003,MYR,SC,ASO,ES,Towers with Radar,21,26,29,4,80,11,5,20,6,42,32,31,49,10,122,6,16,22,144
10/03/2003,MYR,SC,ASO,ES,Towers with Radar,24,27,33,0,84,4,0,23,0,27,28,27,56,0,111,4,0,4,115
10/04/2003,MYR,SC,ASO,ES,Towers with Radar,21,20,29,4,74,8,0,2,3,13,29,20,31,7,87,0,0,0,87
10/05/2003,MYR,SC,ASO,ES,Towers with Radar,20,29,33,0,82,0,2,12,0,14,20,31,45,0,96,0,0,0,96
10/06/2003,MYR,SC,ASO,ES,Towers with Radar,25,28,34,4,91,0,0,16,8,24,25,28,50,12,115,0,0,0,115
10/07/2003,MYR,SC,ASO,ES,Towers with Radar,26,27,39,5,97,0,0,51,3,54,26,27,90,8,151,36,0,36,187
10/08/2003,MYR,SC,ASO,ES,Towers with Radar,24,28,35,0,87,0,0,48,0,48,24,28,83,0,135,24,0,24,159
10/09/2003,MYR,SC,ASO,ES,Towers with Radar,23,28,31,2,84,3,4,42,0,49,26,32,73,2,133,108,0,108,241
10/10/2003,MYR,SC,ASO,ES,Towers with Radar,24,29,32,0,85,3,3,15,0,21,27,32,47,0,106,30,0,30,136
10/11/2003,MYR,SC,ASO,ES,Towers with Radar,12,15,16,0,43,10,3,1,0,14,22,18,17,0,57,0,0,0,57
10/12/2003,MYR,SC,ASO,ES,Towers with Radar,13,16,14,0,43,7,17,0,0,24,20,33,14,0,67,0,0,0,67
10/13/2003,MYR,SC,ASO,ES,Towers with Radar,19,30,34,4,87,0,4,5,6,15,19,34,39,10,102,0,0,0,102
10/14/2003,MYR,SC,ASO,ES,Towers with Radar,23,30,41,3,97,0,0,32,0,32,23,30,73,3,129,38,0,38,167
10/15/2003,MYR,SC,ASO,ES,Towers with Radar,24,29,38,4,95,0,0,54,0,54,24,29,92,4,149,24,0,24,173
10/16/2003,MYR,SC,ASO,ES,Towers with Radar,16,18,15,0,49,9,13,0,0,22,25,31,15,0,71,6,0,6,77
10/17/2003,MYR,SC,ASO,ES,Towers with Radar,19,22,16,0,57,5,8,0,0,13,24,30,16,0,70,0,0,0,70
10/18/2003,MYR,SC,ASO,ES,Towers with Radar,26,24,35,0,85,0,0,51,0,51,26,24,86,0,136,24,0,24,160
10/19/2003,MYR,SC,ASO,ES,Towers with Radar,28,32,37,2,99,1,4,41,0,46,29,36,78,2,145,14,0,14,159
10/20/2003,MYR,SC,ASO,ES,Towers with Radar,20,30,42,4,96,0,0,38,11,49,20,30,80,15,145,0,10,10,155
10/21/2003,MYR,SC,ASO,ES,Towers with Radar,24,29,53,5,111,0,0,32,10,42,24,29,85,15,153,10,0,10,163
10/22/2003,MYR,SC,ASO,ES,Towers with Radar,25,29,41,3,98,0,0,16,0,16,25,29,57,3,114,1,2,3,117
10/23/2003,MYR,SC,ASO,ES,Towers with Radar,22,24,29,0,75,4,11,52,0,67,26,35,81,0,142,92,0,92,234
10/24/2003,MYR,SC,ASO,ES,Towers with Radar,22,25,29,0,76,0,5,46,0,51,22,30,75,0,127,26,0,26,153
10/25/2003,MYR,SC,ASO,ES,Towers with Radar,21,26,34,3,84,0,0,33,11,44,21,26,67,14,128,38,8,46,174
10/26/2003,MYR,SC,ASO,ES,Towers with Radar,24,27,46,4,101,0,0,30,19,49,24,27,76,23,150,20,46,66,216
10/27/2003,MYR,SC,ASO,ES,Towers with Radar,20,33,39,0,92,0,2,26,0,28,20,35,65,0,120,20,0,20,140
10/28/2003,MYR,SC,ASO,ES,Towers with Radar,13,12,18,0,43,6,0,18,0,24,19,12,36,0,67,4,0,4,71
10/29/2003,MYR,SC,ASO,ES,Towers with Radar,18,24,27,0,69,0,0,56,0,56,18,24,83,0,125,46,0,46,171
10/30/2003,MYR,SC,ASO,ES,Towers with Radar,22,25,29,0,76,10,0,36,0,46,32,25,65,0,122,10,0,10,132
10/31/2003,MYR,SC,ASO,ES,Towers with Radar,0,0,0,0,0,0,0,0,0,0,0,0,0,0,0,0,0,0,0
11/01/2003,MYR,SC,ASO,ES,Towers with Radar,25,31,24,4,84,1,32,31,0,64,26,63,55,4,148,40,4,44,192
11/02/2003,MYR,SC,ASO,ES,Towers with Radar,32,33,31,7,103,3,0,24,1,28,35,33,55,8,131,24,0,24,155
11/03/2003,MYR,SC,ASO,ES,Towers with Radar,26,29,25,3,83,7,0,21,0,28,33,29,46,3,111,6,0,6,117
11/04/2003,MYR,SC,ASO,ES,Towers with Radar,26,36,26,3,91,0,0,14,0,14,26,36,40,3,105,32,86,118,223
11/05/2003,MYR,SC,ASO,ES,Towers with Radar,25,35,26,6,92,0,0,19,4,23,25,35,45,10,115,38,12,50,165
11/06/2003,MYR,SC,ASO,ES,Towers with Radar,30,35,28,2,95,4,0,17,0,21,34,35,45,2,116,0,0,0,116
11/07/2003,MYR,SC,ASO,ES,Towers with Radar,34,46,43,10,133,0,0,17,13,30,34,46,60,23,163,0,0,0,163
11/08/2003,MYR,SC,ASO,ES,Towers with Radar,29,38,27,0,94,4,25,3,0,32,33,63,30,0,126,30,0,30,156
11/09/2003,MYR,SC,ASO,ES,Towers with Radar,32,34,29,7,102,8,0,13,1,22,40,34,42,8,124,0,0,0,124
11/10/2003,MYR,SC,ASO,ES,Towers with Radar,26,30,24,5,85,6,0,25,0,31,32,30,49,5,116,8,0,8,124
11/11/2003,MYR,SC,ASO,ES,Towers with Radar,26,30,28,4,88,0,0,37,0,37,26,30,65,4,125,46,0,46,171
11/12/2003,MYR,SC,ASO,ES,Towers with Radar,27,32,29,4,92,0,0,43,0,43,27,32,72,4,135,40,0,40,175
11/13/2003,MYR,SC,ASO,ES,Towers with Radar,23,30,21,1,75,7,9,3,0,19,30,39,24,1,94,0,0,0,94
11/14/2003,MYR,SC,ASO,ES,Towers with Radar,29,39,28,1,97,0,1,38,0,39,29,40,66,1,136,8,0,8,144
11/15/2003,MYR,SC,ASO,ES,Towers with Radar,26,39,28,7,100,0,19,35,11,65,26,58,63,18,165,4,18,22,187
11/16/2003,MYR,SC,ASO,ES,Towers with Radar,29,34,26,1,90,5,0,35,0,40,34,34,61,1,130,24,0,24,154
11/17/2003,MYR,SC,ASO,ES,Towers with Radar,31,31,32,7,101,0,0,12,13,25,31,31,44,20,126,8,4,12,138
11/18/2003,MYR,SC,ASO,ES,Towers with Radar,22,38,31,6,97,0,0,20,16,36,22,38,51,22,133,8,32,40,173
11/19/2003,MYR,SC,ASO,ES,Towers with Radar,19,22,13,3,57,4,11,0,0,15,23,33,13,3,72,0,0,0,72
11/20/2003,MYR,SC,ASO,ES,Towers with Radar,31,30,31,7,99,0,0,33,14,47,31,30,64,21,146,0,20,20,166
11/21/2003,MYR,SC,ASO,ES,Towers with Radar,34,36,35,8,113,0,0,55,2,57,34,36,90,10,170,42,28,70,240
11/22/2003,MYR,SC,ASO,ES,Towers with Radar,32,39,30,0,101,6,20,41,0,67,38,59,71,0,168,48,0,48,216
11/23/2003,MYR,SC,ASO,ES,Towers with Radar,29,35,27,5,96,4,0,55,0,59,33,35,82,5,155,14,0,14,169
11/24/2003,MYR,SC,ASO,ES,Towers with Radar,33,26,31,6,96,0,0,19,14,33,33,26,50,20,129,14,18,32,161
11/25/2003,MYR,SC,ASO,ES,Towers with Radar,25,38,33,2,98,0,0,17,0,17,25,38,50,2,115,10,0,10,125
11/26/2003,MYR,SC,ASO,ES,Towers with Radar,33,36,40,3,112,0,0,33,0,33,33,36,73,3,145,4,0,4,149
11/27/2003,MYR,SC,ASO,ES,Towers with Radar,19,22,17,0,58,6,6,1,0,13,25,28,18,0,71,0,0,0,71
11/28/2003,MYR,SC,ASO,ES,Towers with Radar,20,24,18,0,62,8,24,1,0,33,28,48,19,0,95,0,0,0,95
11/29/2003,MYR,SC,ASO,ES,Towers with Radar,26,32,25,2,85,3,24,10,0,37,29,56,35,2,122,6,0,6,128
11/30/2003,MYR,SC,ASO,ES,Towers with Radar,40,32,41,2,115,0,0,37,0,37,40,32,78,2,152,36,0,36,188
12/01/2003,MYR,SC,ASO,ES,Towers with Radar,27,19,18,4,68,6,0,25,0,31,33,19,43,4,99,4,0,4,103
12/02/2003,MYR,SC,ASO,ES,Towers with Radar,23,30,18,0,71,0,3,16,0,19,23,33,34,0,90,18,0,18,108
12/03/2003,MYR,SC,ASO,ES,Towers with Radar,31,22,22,5,80,0,0,29,4,33,31,22,51,9,113,18,0,18,131
12/04/2003,MYR,SC,ASO,ES,Towers with Radar,20,22,13,0,55,10,9,0,0,19,30,31,13,0,74,0,0,0,74
12/05/2003,MYR,SC,ASO,ES,Towers with Radar,26,28,19,2,75,2,0,1,0,3,28,28,20,2,78,0,0,0,78
12/06/2003,MYR,SC,ASO,ES,Towers with Radar,23,25,16,4,68,3,13,21,3,40,26,38,37,7,108,26,2,28,136
12/07/2003,MYR,SC,ASO,ES,Towers with Radar,23,26,17,0,66,9,2,22,0,33,32,28,39,0,99,16,0,16,115
12/08/2003,MYR,SC,ASO,ES,Towers with Radar,29,29,20,3,81,1,0,20,0,21,30,29,40,3,102,8,0,8,110
12/09/2003,MYR,SC,ASO,ES,Towers with Radar,24,28,22,4,78,0,0,50,0,50,24,28,72,4,128,2,7,9,137
12/10/2003,MYR,SC,ASO,ES,Towers with Radar,25,33,21,1,80,0,1,8,0,9,25,34,29,1,89,0,0,0,89
12/11/2003,MYR,SC,ASO,ES,Towers with Radar,24,34,22,3,83,0,1,28,0,29,24,35,50,3,112,14,0,14,126
12/12/2003,MYR,SC,ASO,ES,Towers with Radar,29,28,27,6,90,0,0,41,10,51,29,28,68,16,141,18,16,34,175
12/13/2003,MYR,SC,ASO,ES,Towers with Radar,25,26,17,0,68,2,14,18,0,34,27,40,35,0,102,10,0,10,112
12/14/2003,MYR,SC,ASO,ES,Towers with Radar,17,17,11,1,46,15,9,2,0,26,32,26,13,1,72,0,0,0,72
12/15/2003,MYR,SC,ASO,ES,Towers with Radar,27,18,19,4,68,5,0,18,0,23,32,18,37,4,91,34,2,36,127
12/16/2003,MYR,SC,ASO,ES,Towers with Radar,24,29,24,6,83,0,0,13,9,22,24,29,37,15,105,44,11,55,160
12/17/2003,MYR,SC,ASO,ES,Towers with Radar,19,32,19,4,74,0,2,0,9,11,19,34,19,13,85,0,0,0,85
12/18/2003,MYR,SC,ASO,ES,Towers with Radar,41,29,29,6,105,0,0,18,11,29,41,29,47,17,134,50,18,68,202
12/19/2003,MYR,SC,ASO,ES,Towers with Radar,32,34,22,4,92,5,1,6,6,18,37,35,28,10,110,0,20,20,130
12/20/2003,MYR,SC,ASO,ES,Towers with Radar,24,32,20,4,80,0,17,41,6,64,24,49,61,10,144,0,0,0,144
12/21/2003,MYR,SC,ASO,ES,Towers with Radar,25,26,17,2,70,9,6,33,0,48,34,32,50,2,118,16,0,16,134
12/22/2003,MYR,SC,ASO,ES,Towers with Radar,27,26,19,0,72,4,0,21,0,25,31,26,40,0,97,0,0,0,97
12/23/2003,MYR,SC,ASO,ES,Towers with Radar,22,34,22,4,82,0,5,30,1,36,22,39,52,5,118,0,12,12,130
12/24/2003,MYR,SC,ASO,ES,Towers with Radar,22,22,15,0,59,0,9,5,0,14,22,31,20,0,73,0,0,0,73
12/25/2003,MYR,SC,ASO,ES,Towers with Radar,14,13,10,0,37,19,0,3,0,22,33,13,13,0,59,0,0,0,59
12/26/2003,MYR,SC,ASO,ES,Towers with Radar,32,28,22,0,82,5,0,29,0,34,37,28,51,0,116,0,0,0,116
12/27/2003,MYR,SC,ASO,ES,Towers with Radar,24,34,21,0,79,0,25,42,0,67,24,59,63,0,146,4,0,4,150
12/28/2003,MYR,SC,ASO,ES,Towers with Radar,29,32,19,4,84,5,0,26,2,33,34,32,45,6,117,0,0,0,117
12/29/2003,MYR,SC,ASO,ES,Towers with Radar,32,24,21,4,81,4,0,6,6,16,36,24,27,10,97,0,0,0,97
12/30/2003,MYR,SC,ASO,ES,Towers with Radar,20,31,19,4,74,0,4,5,6,15,20,35,24,10,89,0,4,4,93
12/31/2003,MYR,SC,ASO,ES,Towers with Radar,20,27,20,2,69,0,0,32,0,32,20,27,52,2,101,0,0,0,101
01/01/2004,MYR,SC,ASO,ES,Towers with Radar,22,16,18,1,57,3,0,21,0,24,25,16,39,1,81,6,0,6,87
01/02/2004,MYR,SC,ASO,ES,Towers with Radar,35,29,29,0,93,0,0,17,0,17,35,29,46,0,110,0,0,0,110
01/03/2004,MYR,SC,ASO,ES,Towers with Radar,26,36,31,2,95,0,0,25,0,25,26,36,56,2,120,30,0,30,150
01/04/2004,MYR,SC,ASO,ES,Towers with Radar,31,32,28,0,91,0,0,13,0,13,31,32,41,0,104,5,0,5,109
01/05/2004,MYR,SC,ASO,ES,Towers with Radar,26,24,21,5,76,5,0,3,18,26,31,24,24,23,102,40,66,106,208
01/06/2004,MYR,SC,ASO,ES,Towers with Radar,23,27,21,5,76,0,2,21,0,23,23,29,42,5,99,8,0,8,107
01/07/2004,MYR,SC,ASO,ES,Towers with Radar,24,27,21,5,77,0,1,35,2,38,24,28,56,7,115,80,5,85,200
01/08/2004,MYR,SC,ASO,ES,Towers with Radar,32,33,27,7,99,0,0,21,5,26,32,33,48,12,125,0,18,18,143
01/09/2004,MYR,SC,ASO,ES,Towers with Radar,20,22,15,4,61,16,14,0,0,30,36,36,15,4,91,0,0,0,91
01/10/2004,MYR,SC,ASO,ES,Towers with Radar,23,25,20,0,68,0,13,18,0,31,23,38,38,0,99,0,0,0,99
01/11/2004,MYR,SC,ASO,ES,Towers with Radar,27,28,22,2,79,12,3,42,0,57,39,31,64,2,136,16,0,16,152
01/12/2004,MYR,SC,ASO,ES,Towers with Radar,31,25,27,6,89,2,0,5,4,11,33,25,32,10,100,0,0,0,100
01/13/2004,MYR,SC,ASO,ES,Towers with Radar,19,25,21,5,70,0,11,27,4,42,19,36,48,9,112,16,24,40,152
01/14/2004,MYR,SC,ASO,ES,Towers with Radar,22,29,28,6,85,0,0,43,6,49,22,29,71,12,134,26,0,26,160
01/15/2004,MYR,SC,ASO,ES,Towers with Radar,30,32,26,6,94,0,3,30,1,34,30,35,56,7,128,6,0,6,134
01/16/2004,MYR,SC,ASO,ES,Towers with Radar,33,32,28,7,100,2,0,28,6,36,35,32,56,13,136,12,2,14,150
01/17/2004,MYR,SC,ASO,ES,Towers with Radar,28,31,26,0,85,0,5,46,0,51,28,36,72,0,136,0,0,0,136
01/18/2004,MYR,SC,ASO,ES,Towers with Radar,25,24,21,1,71,12,5,0,0,17,37,29,21,1,88,0,0,0,88
01/19/2004,MYR,SC,ASO,ES,Towers with Radar,32,21,27,5,85,4,0,33,7,44,36,21,60,12,129,34,0,34,163
01/20/2004,MYR,SC,ASO,ES,Towers with Radar,23,28,23,4,78,0,0,31,0,31,23,28,54,4,109,0,20,20,129
01/21/2004,MYR,SC,ASO,ES,Towers with Radar,21,32,27,5,85,0,1,48,0,49,21,33,75,5,134,24,20,44,178
01/22/2004,MYR,SC,ASO,ES,Towers with Radar,32,31,26,3,92,0,7,36,0,43,32,38,62,3,135,0,10,10,145
01/23/2004,MYR,SC,ASO,ES,Towers with Radar,30,37,31,6,104,0,3,26,8,37,30,40,57,14,141,26,8,34,175
01/24/2004,MYR,SC,ASO,ES,Towers with Radar,30,31,26,5,92,0,5,46,3,54,30,36,72,8,146,0,0,0,146
01/25/2004,MYR,SC,ASO,ES,Towers with Radar,15,14,8,0,37,13,4,0,0,17,28,18,8,0,54,0,0,0,54
01/26/2004,MYR,SC,ASO,ES,Towers with Radar,15,14,9,0,38,16,1,0,0,17,31,15,9,0,55,0,0,0,55
01/27/2004,MYR,SC,ASO,ES,Towers with Radar,13,13,9,0,35,10,6,0,0,16,23,19,9,0,51,0,0,0,51
01/28/2004,MYR,SC,ASO,ES,Towers with Radar,20,26,25,4,75,0,0,17,0,17,20,26,42,4,92,28,0,28,120
01/29/2004,MYR,SC,ASO,ES,Towers with Radar,36,30,34,7,107,0,0,61,5,66,36,30,95,12,173,34,0,34,207
01/30/2004,MYR,SC,ASO,ES,Towers with Radar,34,27,27,5,93,0,0,39,0,39,34,27,66,5,132,22,0,22,154
01/31/2004,MYR,SC,ASO,ES,Towers with Radar,25,37,29,6,97,0,4,22,8,34,25,41,51,14,131,92,0,92,223
02/01/2004,MYR,SC,ASO,ES,Towers with Radar,23,27,18,1,69,11,9,15,0,35,34,36,33,1,104,0,0,0,104
02/02/2004,MYR,SC,ASO,ES,Towers with Radar,27,23,21,0,71,7,0,13,0,20,34,23,34,0,91,16,0,16,107
02/03/2004,MYR,SC,ASO,ES,Towers with Radar,21,25,17,3,66,1,1,8,7,17,22,26,25,10,83,22,0,22,105
02/04/2004,MYR,SC,ASO,ES,Towers with Radar,21,32,32,5,90,0,0,38,3,41,21,32,70,8,131,0,0,0,131
02/05/2004,MYR,SC,ASO,ES,Towers with Radar,33,27,32,5,97,0,0,13,25,38,33,27,45,30,135,0,50,50,185
02/06/2004,MYR,SC,ASO,ES,Towers with Radar,25,30,20,4,79,7,4,0,4,15,32,34,20,8,94,6,10,16,110
02/07/2004,MYR,SC,ASO,ES,Towers with Radar,23,29,20,2,74,0,18,19,0,37,23,47,39,2,111,0,0,0,111
02/08/2004,MYR,SC,ASO,ES,Towers with Radar,37,44,31,4,116,0,15,33,0,48,37,59,64,4,164,67,4,71,235
02/09/2004,MYR,SC,ASO,ES,Towers with Radar,35,27,28,1,91,1,0,4,0,5,36,27,32,1,96,0,0,0,96
02/10/2004,MYR,SC,ASO,ES,Towers with Radar,21,32,24,0,77,0,0,13,0,13,21,32,37,0,90,18,0,18,108
02/11/2004,MYR,SC,ASO,ES,Towers with Radar,20,34,35,6,95,0,0,25,14,39,20,34,60,20,134,28,28,56,190
02/12/2004,MYR,SC,ASO,ES,Towers with Radar,25,29,21,2,77,12,1,2,0,15,37,30,23,2,92,0,0,0,92
02/13/2004,MYR,SC,ASO,ES,Towers with Radar,40,33,39,0,112,0,0,23,0,23,40,33,62,0,135,20,0,20,155
02/14/2004,MYR,SC,ASO,ES,Towers with Radar,30,35,20,0,85,0,22,0,0,22,30,57,20,0,107,0,0,0,107
02/15/2004,MYR,SC,ASO,ES,Towers with Radar,28,30,23,0,81,11,7,2,0,20,39,37,25,0,101,0,0,0,101
02/16/2004,MYR,SC,ASO,ES,Towers with Radar,35,27,27,2,91,5,0,21,0,26,40,27,48,2,117,24,0,24,141
02/17/2004,MYR,SC,ASO,ES,Towers with Radar,18,19,15,2,54,3,13,6,2,24,21,32,21,4,78,0,0,0,78
02/18/2004,MYR,SC,ASO,ES,Towers with Radar,20,33,26,2,81,0,0,32,0,32,20,33,58,2,113,26,0,26,139
02/19/2004,MYR,SC,ASO,ES,Towers with Radar,36,32,29,1,98,1,0,46,0,47,37,32,75,1,145,8,0,8,153
02/20/2004,MYR,SC,ASO,ES,Towers with Radar,39,28,33,3,103,0,0,25,0,25,39,28,58,3,128,42,0,42,170
02/21/2004,MYR,SC,ASO,ES,Towers with Radar,29,34,22,3,88,0,20,0,14,34,29,54,22,17,122,0,0,0,122
02/22/2004,MYR,SC,ASO,ES,Towers with Radar,37,41,31,3,112,0,0,62,0,62,37,41,93,3,174,6,0,6,180
02/23/2004,MYR,SC,ASO,ES,Towers with Radar,37,26,31,0,94,0,0,13,0,13,37,26,44,0,107,34,1,35,142
02/24/2004,MYR,SC,ASO,ES,Towers with Radar,23,26,18,2,69,0,4,0,0,4,23,30,18,2,73,0,0,0,73
02/25/2004,MYR,SC,ASO,ES,Towers with Radar,21,31,24,0,76,0,0,7,0,7,21,31,31,0,83,0,0,0,83
02/26/2004,MYR,SC,ASO,ES,Towers with Radar,18,19,14,0,51,17,19,0,0,36,35,38,14,0,87,0,0,0,87
02/27/2004,MYR,SC,ASO,ES,Towers with Radar,24,26,18,0,68,15,4,6,0,25,39,30,24,0,93,0,0,0,93
02/28/2004,MYR,SC,ASO,ES,Towers with Radar,37,45,32,2,116,0,9,37,0,46,37,54,69,2,162,20,0,20,182
02/29/2004,MYR,SC,ASO,ES,Towers with Radar,34,38,27,2,101,12,5,44,0,61,46,43,71,2,162,34,0,34,196
03/01/2004,MYR,SC,ASO,ES,Towers with Radar,35,30,31,0,96,6,0,14,0,20,41,30,45,0,116,12,0,12,128
03/02/2004,MYR,SC,ASO,ES,Towers with Radar,25,37,31,2,95,0,0,36,0,36,25,37,67,2,131,0,0,0,131
03/03/2004,MYR,SC,ASO,ES,Towers with Radar,26,36,32,0,94,0,0,40,0,40,26,36,72,0,134,16,0,16,150
03/04/2004,MYR,SC,ASO,ES,Towers with Radar,40,36,35,7,118,3,0,36,6,45,43,36,71,13,163,20,6,26,189
03/05/2004,MYR,SC,ASO,ES,Towers with Radar,41,35,42,0,118,0,0,19,0,19,41,35,61,0,137,8,0,8,145
03/06/2004,MYR,SC,ASO,ES,Towers with Radar,23,25,11,0,59,37,13,0,0,50,60,38,11,0,109,16,0,16,125
03/07/2004,MYR,SC,ASO,ES,Towers with Radar,37,40,33,4,114,8,3,12,0,23,45,43,45,4,137,10,0,10,147
03/08/2004,MYR,SC,ASO,ES,Towers with Radar,33,31,29,2,95,8,0,28,0,36,41,31,57,2,131,2,0,2,133
03/09/2004,MYR,SC,ASO,ES,Towers with Radar,28,35,30,6,99,0,0,22,0,22,28,35,52,6,121,16,14,30,151
03/10/2004,MYR,SC,ASO,ES,Towers with Radar,29,37,32,6,104,0,0,3,2,5,29,37,35,8,109,6,6,12,121
03/11/2004,MYR,SC,ASO,ES,Towers with Radar,41,37,36,6,120,3,0,36,0,39,44,37,72,6,159,8,16,24,183
03/12/2004,MYR,SC,ASO,ES,Towers with Radar,44,39,39,8,130,0,0,20,1,21,44,39,59,9,151,22,0,22,173
03/13/2004,MYR,SC,ASO,ES,Towers with Radar,36,49,41,8,134,0,17,45,15,77,36,66,86,23,211,2,0,2,213
03/14/2004,MYR,SC,ASO,ES,Towers with Radar,45,41,40,1,127,1,0,34,0,35,46,41,74,1,162,20,0,20,182
03/15/2004,MYR,SC,ASO,ES,Towers with Radar,35,30,30,0,95,7,0,0,0,7,42,30,30,0,102,48,0,48,150
03/16/2004,MYR,SC,ASO,ES,Towers with Radar,29,31,26,4,90,2,5,6,6,19,31,36,32,10,109,4,0,4,113
03/17/2004,MYR,SC,ASO,ES,Towers with Radar,31,37,35,0,103,0,0,41,0,41,31,37,76,0,144,0,0,0,144
03/18/2004,MYR,SC,ASO,ES,Towers with Radar,44,37,40,5,126,2,0,38,0,40,46,37,78,5,166,26,0,26,192
03/19/2004,MYR,SC,ASO,ES,Towers with Radar,45,38,41,8,132,0,0,35,23,58,45,38,76,31,190,8,14,22,212
03/20/2004,MYR,SC,ASO,ES,Towers with Radar,32,45,40,2,119,0,32,35,0,67,32,77,75,2,186,28,0,28,214
03/21/2004,MYR,SC,ASO,ES,Towers with Radar,45,46,40,7,138,1,18,14,3,36,46,64,54,10,174,2,0,2,176
03/22/2004,MYR,SC,ASO,ES,Towers with Radar,41,27,27,6,101,7,0,0,21,28,48,27,27,27,129,14,24,38,167
03/23/2004,MYR,SC,ASO,ES,Towers with Radar,29,42,37,0,108,0,0,40,0,40,29,42,77,0,148,0,0,0,148
03/24/2004,MYR,SC,ASO,ES,Towers with Radar,31,39,35,4,109,0,1,40,0,41,31,40,75,4,150,44,0,44,194
03/25/2004,MYR,SC,ASO,ES,Towers with Radar,42,39,38,6,125,3,0,31,3,37,45,39,69,9,162,18,0,18,180
03/26/2004,MYR,SC,ASO,ES,Towers with Radar,46,44,40,7,137,2,0,28,20,50,48,44,68,27,187,34,34,68,255
03/27/2004,MYR,SC,ASO,ES,Towers with Radar,38,42,37,0,117,0,29,34,0,63,38,71,71,0,180,8,0,8,188
03/28/2004,MYR,SC,ASO,ES,Towers with Radar,40,41,36,0,117,7,10,21,0,38,47,51,57,0,155,8,0,8,163
03/29/2004,MYR,SC,ASO,ES,Towers with Radar,39,36,34,6,115,8,0,11,3,22,47,36,45,9,137,28,0,28,165
03/30/2004,MYR,SC,ASO,ES,Towers with Radar,32,37,33,5,107,0,1,6,4,11,32,38,39,9,118,0,0,0,118
03/31/2004,MYR,SC,ASO,ES,Towers with Radar,34,40,33,2,109,0,0,17,0,17,34,40,50,2,126,6,0,6,132
04/01/2004,MYR,SC,ASO,ES,Towers with Radar,33,34,30,1,98,15,0,10,0,25,48,34,40,1,123,0,0,0,123
04/02/2004,MYR,SC,ASO,ES,Towers with Radar,41,40,35,7,123,5,0,21,15,41,46,40,56,22,164,14,20,34,198
04/03/2004,MYR,SC,ASO,ES,Towers with Radar,39,48,39,7,133,0,21,13,11,45,39,69,52,18,178,30,4,34,212
04/04/2004,MYR,SC,ASO,ES,Towers with Radar,36,38,30,0,104,7,7,22,0,36,43,45,52,0,140,16,0,16,156
04/05/2004,MYR,SC,ASO,ES,Towers with Radar,37,30,32,6,105,11,0,29,1,41,48,30,61,7,146,12,4,16,162
04/06/2004,MYR,SC,ASO,ES,Towers with Radar,30,33,28,3,94,0,0,44,0,44,30,33,72,3,138,8,0,8,146
04/07/2004,MYR,SC,ASO,ES,Towers with Radar,37,38,36,7,118,0,0,50,15,65,37,38,86,22,183,24,58,82,265
04/08/2004,MYR,SC,ASO,ES,Towers with Radar,38,38,33,1,110,8,0,25,0,33,46,38,58,1,143,12,0,12,155
04/09/2004,MYR,SC,ASO,ES,Towers with Radar,41,41,43,7,132,0,0,68,0,68,41,41,111,7,200,18,0,18,218
04/10/2004,MYR,SC,ASO,ES,Towers with Radar,36,58,47,9,150,0,17,47,1,65,36,75,94,10,215,42,0,42,257
04/11/2004,MYR,SC,ASO,ES,Towers with Radar,42,48,38,0,128,0,2,50,0,52,42,50,88,0,180,0,0,0,180
04/12/2004,MYR,SC,ASO,ES,Towers with Radar,35,32,30,0,97,13,0,1,0,14,48,32,31,0,111,0,0,0,111
04/13/2004,MYR,SC,ASO,ES,Towers with Radar,28,31,24,0,83,0,11,2,0,13,28,42,26,0,96,12,0,12,108
04/14/2004,MYR,SC,ASO,ES,Towers with Radar,32,43,39,0,114,0,0,10,0,10,32,43,49,0,124,0,0,0,124
04/15/2004,MYR,SC,ASO,ES,Towers with Radar,46,52,48,4,150,0,0,50,0,50,46,52,98,4,200,32,2,34,234
04/16/2004,MYR,SC,ASO,ES,Towers with Radar,46,39,46,8,139,0,0,83,7,90,46,39,129,15,229,34,22,56,285
04/17/2004,MYR,SC,ASO,ES,Towers with Radar,42,45,37,2,126,0,30,55,0,85,42,75,92,2,211,20,16,36,247
04/18/2004,MYR,SC,ASO,ES,Towers with Radar,43,49,50,8,150,0,0,48,6,54,43,49,98,14,204,24,0,24,228
04/19/2004,MYR,SC,ASO,ES,Towers with Radar,42,35,36,6,119,6,0,0,1,7,48,35,36,7,126,0,6,6,132
04/20/2004,MYR,SC,ASO,ES,Towers with Radar,32,35,32,0,99,0,0,33,0,33,32,35,65,0,132,20,10,30,162
04/21/2004,MYR,SC,ASO,ES,Towers with Radar,32,41,35,5,113,0,4,28,2,34,32,45,63,7,147,26,0,26,173
04/22/2004,MYR,SC,ASO,ES,Towers with Radar,40,35,34,5,114,8,0,39,15,62,48,35,73,20,176,22,14,36,212
04/23/2004,MYR,SC,ASO,ES,Towers with Radar,39,36,33,5,113,10,0,35,2,47,49,36,68,7,160,38,4,42,202
04/24/2004,MYR,SC,ASO,ES,Towers with Radar,39,40,34,2,115,2,31,59,0,92,41,71,93,2,207,41,3,44,251
04/25/2004,MYR,SC,ASO,ES,Towers with Radar,43,44,36,0,123,4,2,65,0,71,47,46,101,0,194,10,0,10,204
04/26/2004,MYR,SC,ASO,ES,Towers with Radar,34,29,29,4,96,14,0,3,20,37,48,29,32,24,133,16,8,24,157
04/27/2004,MYR,SC,ASO,ES,Towers with Radar,30,33,29,4,96,0,0,11,7,18,30,33,40,11,114,26,26,52,166
04/28/2004,MYR,SC,ASO,ES,Towers with Radar,34,38,32,5,109,0,3,47,0,50,34,41,79,5,159,20,2,22,181
04/29/2004,MYR,SC,ASO,ES,Towers with Radar,39,39,34,4,116,10,0,51,0,61,49,39,85,4,177,14,20,34,211
04/30/2004,MYR,SC,ASO,ES,Towers with Radar,45,44,39,1,129,3,0,32,0,35,48,44,71,1,164,70,6,76,240
05/01/2004,MYR,SC,ASO,ES,Towers with Radar,36,32,21,0,89,3,31,7,0,41,39,63,28,0,130,0,0,0,130
05/02/2004,MYR,SC,ASO,ES,Towers with Radar,45,40,27,1,113,15,10,8,0,33,60,50,35,1,146,0,0,0,146
05/03/2004,MYR,SC,ASO,ES,Towers with Radar,42,30,25,4,101,3,0,18,2,23,45,30,43,6,124,22,0,22,146
05/04/2004,MYR,SC,ASO,ES,Towers with Radar,38,35,27,1,101,0,0,48,0,48,38,35,75,1,149,6,0,6,155
05/05/2004,MYR,SC,ASO,ES,Towers with Radar,38,33,21,4,96,0,25,21,5,51,38,58,42,9,147,26,22,48,195
05/06/2004,MYR,SC,ASO,ES,Towers with Radar,43,32,29,5,109,0,0,29,5,34,43,32,58,10,143,16,10,26,169
05/07/2004,MYR,SC,ASO,ES,Towers with Radar,47,34,32,5,118,0,0,96,14,110,47,34,128,19,228,20,10,30,258
05/08/2004,MYR,SC,ASO,ES,Towers with Radar,42,38,26,4,110,3,23,121,0,147,45,61,147,4,257,38,6,44,301
05/09/2004,MYR,SC,ASO,ES,Towers with Radar,48,42,29,0,119,5,17,34,0,56,53,59,63,0,175,6,0,6,181
05/10/2004,MYR,SC,ASO,ES,Towers with Radar,44,33,27,1,105,3,0,41,0,44,47,33,68,1,149,20,0,20,169
05/11/2004,MYR,SC,ASO,ES,Towers with Radar,39,31,23,4,97,1,0,19,0,20,40,31,42,4,117,2,0,2,119
05/12/2004,MYR,SC,ASO,ES,Towers with Radar,40,36,31,5,112,0,0,28,4,32,40,36,59,9,144,20,26,46,190
05/13/2004,MYR,SC,ASO,ES,Towers with Radar,43,37,30,3,113,0,0,77,0,77,43,37,107,3,190,12,0,12,202
05/14/2004,MYR,SC,ASO,ES,Towers with Radar,47,35,33,5,120,0,0,66,3,69,47,35,99,8,189,26,24,50,239
05/15/2004,MYR,SC,ASO,ES,Towers with Radar,47,40,28,4,119,0,65,90,10,165,47,105,118,14,284,26,0,26,310
05/16/2004,MYR,SC,ASO,ES,Towers with Radar,48,40,29,0,117,6,12,52,0,70,54,52,81,0,187,0,0,0,187
05/17/2004,MYR,SC,ASO,ES,Towers with Radar,41,27,25,1,94,2,0,16,0,18,43,27,41,1,112,0,0,0,112
05/18/2004,MYR,SC,ASO,ES,Towers with Radar,34,30,24,3,91,0,0,36,3,39,34,30,60,6,130,26,2,28,158
05/19/2004,MYR,SC,ASO,ES,Towers with Radar,35,33,25,3,96,0,0,28,11,39,35,33,53,14,135,13,34,47,182
05/20/2004,MYR,SC,ASO,ES,Towers with Radar,45,33,29,1,108,0,0,19,0,19,45,33,48,1,127,0,12,12,139
05/21/2004,MYR,SC,ASO,ES,Towers with Radar,47,42,29,4,122,0,9,44,9,62,47,51,73,13,184,0,10,10,194
05/22/2004,MYR,SC,ASO,ES,Towers with Radar,48,41,29,0,118,14,26,27,0,67,62,67,56,0,185,16,0,16,201
05/23/2004,MYR,SC,ASO,ES,Towers with Radar,44,37,27,2,110,4,17,27,0,48,48,54,54,2,158,0,0,0,158
05/24/2004,MYR,SC,ASO,ES,Towers with Radar,43,30,26,2,101,4,0,15,0,19,47,30,41,2,120,0,0,0,120
05/25/2004,MYR,SC,ASO,ES,Towers with Radar,35,33,23,0,91,0,0,24,0,24,35,33,47,0,115,22,0,22,137
05/26/2004,MYR,SC,ASO,ES,Towers with Radar,36,34,23,3,96,0,5,33,9,47,36,39,56,12,143,8,6,14,157
05/27/2004,MYR,SC,ASO,ES,Towers with Radar,46,32,29,4,111,0,0,26,0,26,46,32,55,4,137,0,6,6,143
05/28/2004,MYR,SC,ASO,ES,Towers with Radar,49,32,36,4,121,0,0,26,1,27,49,32,62,5,148,0,0,0,148
05/29/2004,MYR,SC,ASO,ES,Towers with Radar,42,35,25,0,102,6,20,24,0,50,48,55,49,0,152,0,0,0,152
05/30/2004,MYR,SC,ASO,ES,Towers with Radar,39,34,22,0,95,10,14,6,0,30,49,48,28,0,125,0,0,0,125
05/31/2004,MYR,SC,ASO,ES,Towers with Radar,48,24,28,1,101,0,0,19,0,19,48,24,47,1,120,62,0,62,182
06/01/2004,MYR,SC,ASO,ES,Towers with Radar,35,31,30,2,98,0,0,37,0,37,35,31,67,2,135,6,0,6,141
06/02/2004,MYR,SC,ASO,ES,Towers with Radar,39,41,30,9,119,0,22,19,27,68,39,63,49,36,187,56,66,122,309
06/03/2004,MYR,SC,ASO,ES,Towers with Radar,41,43,30,9,123,0,21,26,15,62,41,64,56,24,185,10,41,51,236
06/04/2004,MYR,SC,ASO,ES,Towers with Radar,38,35,26,4,103,10,28,29,0,67,48,63,55,4,170,0,0,0,170
06/05/2004,MYR,SC,ASO,ES,Towers with Radar,47,50,37,10,144,0,49,26,8,83,47,99,63,18,227,0,52,52,279
06/06/2004,MYR,SC,ASO,ES,Towers with Radar,48,48,36,10,142,0,33,33,13,79,48,81,69,23,221,0,0,0,221
06/07/2004,MYR,SC,ASO,ES,Towers with Radar,31,29,21,6,87,17,12,25,2,56,48,41,46,8,143,22,0,22,165
06/08/2004,MYR,SC,ASO,ES,Towers with Radar,38,35,26,1,100,0,13,12,0,25,38,48,38,1,125,16,0,16,141
06/09/2004,MYR,SC,ASO,ES,Towers with Radar,38,36,26,1,101,0,26,5,0,31,38,62,31,1,132,8,0,8,140
06/10/2004,MYR,SC,ASO,ES,Towers with Radar,46,43,32,8,129,0,16,30,0,46,46,59,62,8,175,46,2,48,223
06/11/2004,MYR,SC,ASO,ES,Towers with Radar,47,44,32,9,132,0,33,62,0,95,47,77,94,9,227,72,6,78,305
06/12/2004,MYR,SC,ASO,ES,Towers with Radar,45,41,30,9,125,10,40,38,11,99,55,81,68,20,224,28,2,30,254
06/13/2004,MYR,SC,ASO,ES,Towers with Radar,48,44,32,8,132,1,11,29,0,41,49,55,61,8,173,30,0,30,203
06/14/2004,MYR,SC,ASO,ES,Towers with Radar,37,30,26,7,100,14,0,25,9,48,51,30,51,16,148,45,0,45,193
06/15/2004,MYR,SC,ASO,ES,Towers with Radar,34,29,23,6,92,4,62,10,1,77,38,91,33,7,169,12,20,32,201
06/16/2004,MYR,SC,ASO,ES,Towers with Radar,33,41,32,5,111,0,51,21,0,72,33,92,53,5,183,8,0,8,191
06/17/2004,MYR,SC,ASO,ES,Towers with Radar,43,37,29,2,111,3,41,29,0,73,46,78,58,2,184,14,0,14,198
06/18/2004,MYR,SC,ASO,ES,Towers with Radar,50,45,35,6,136,0,40,34,0,74,50,85,69,6,210,22,12,34,244
06/19/2004,MYR,SC,ASO,ES,Towers with Radar,48,42,33,8,131,5,36,54,2,97,53,78,87,10,228,2,4,6,234
06/20/2004,MYR,SC,ASO,ES,Towers with Radar,52,45,35,2,134,3,37,21,0,61,55,82,56,2,195,0,0,0,195
06/21/2004,MYR,SC,ASO,ES,Towers with Radar,36,28,24,3,91,11,0,18,0,29,47,28,42,3,120,2,4,6,126
06/22/2004,MYR,SC,ASO,ES,Towers with Radar,33,34,27,6,100,0,79,15,0,94,33,113,42,6,194,4,0,4,198
06/23/2004,MYR,SC,ASO,ES,Towers with Radar,29,39,30,5,103,0,59,26,0,85,29,98,56,5,188,0,4,4,192
06/24/2004,MYR,SC,ASO,ES,Towers with Radar,48,44,34,8,134,0,41,23,0,64,48,85,57,8,198,24,20,44,242
06/25/2004,MYR,SC,ASO,ES,Towers with Radar,47,41,32,8,128,0,72,23,9,104,47,113,55,17,232,6,8,14,246
06/26/2004,MYR,SC,ASO,ES,Towers with Radar,50,44,34,8,136,6,42,24,9,81,56,86,58,17,217,0,6,6,223
06/27/2004,MYR,SC,ASO,ES,Towers with Radar,49,43,33,5,130,0,50,26,0,76,49,93,59,5,206,6,0,6,212
06/28/2004,MYR,SC,ASO,ES,Towers with Radar,40,29,27,6,102,10,0,5,1,16,50,29,32,7,118,12,0,12,130
06/29/2004,MYR,SC,ASO,ES,Towers with Radar,36,34,27,3,100,0,63,26,0,89,36,97,53,3,189,50,2,52,241
06/30/2004,MYR,SC,ASO,ES,Towers with Radar,35,41,30,1,107,0,35,22,0,57,35,76,52,1,164,24,0,24,188
07/01/2004,MYR,SC,ASO,ES,Towers with Radar,44,56,38,3,141,0,26,21,0,47,44,82,59,3,188,34,0,34,222
07/02/2004,MYR,SC,ASO,ES,Towers with Radar,46,46,32,0,124,0,15,8,0,23,46,61,40,0,147,0,0,0,147
07/03/2004,MYR,SC,ASO,ES,Towers with Radar,47,44,28,0,119,5,78,0,0,83,52,122,28,0,202,2,0,2,204
07/04/2004,MYR,SC,ASO,ES,Towers with Radar,34,32,22,0,88,14,70,16,0,100,48,102,38,0,188,62,0,62,250
07/05/2004,MYR,SC,ASO,ES,Towers with Radar,45,28,29,1,103,0,0,33,0,33,45,28,62,1,136,0,0,0,136
07/06/2004,MYR,SC,ASO,ES,Towers with Radar,37,38,26,2,103,0,40,18,0,58,37,78,44,2,161,22,0,22,183
07/07/2004,MYR,SC,ASO,ES,Towers with Radar,35,38,26,4,103,0,87,10,0,97,35,125,36,4,200,2,12,14,214
07/08/2004,MYR,SC,ASO,ES,Towers with Radar,41,39,26,2,108,11,43,41,0,95,52,82,67,2,203,8,0,8,211
07/09/2004,MYR,SC,ASO,ES,Towers with Radar,47,46,31,2,126,0,3,15,0,18,47,49,46,2,144,16,0,16,160
07/10/2004,MYR,SC,ASO,ES,Towers with Radar,45,43,29,0,117,5,63,56,0,124,50,106,85,0,241,25,0,25,266
07/11/2004,MYR,SC,ASO,ES,Towers with Radar,50,47,34,3,134,2,6,26,0,34,52,53,60,3,168,0,2,2,170
07/12/2004,MYR,SC,ASO,ES,Towers with Radar,36,27,24,2,89,8,0,8,0,16,44,27,32,2,105,0,0,0,105
07/13/2004,MYR,SC,ASO,ES,Towers with Radar,35,41,30,4,110,0,75,16,2,93,35,116,46,6,203,20,0,20,223
07/14/2004,MYR,SC,ASO,ES,Towers with Radar,35,36,26,3,100,0,54,35,0,89,35,90,61,3,189,22,0,22,211
07/15/2004,MYR,SC,ASO,ES,Towers with Radar,43,39,28,0,110,11,52,36,0,99,54,91,64,0,209,28,0,28,237
07/16/2004,MYR,SC,ASO,ES,Towers with Radar,47,44,32,2,125,0,81,44,0,125,47,125,76,2,250,14,0,14,264
07/17/2004,MYR,SC,ASO,ES,Towers with Radar,51,46,33,3,133,5,54,37,0,96,56,100,70,3,229,4,0,4,233
07/18/2004,MYR,SC,ASO,ES,Towers with Radar,41,37,27,0,105,10,32,4,0,46,51,69,31,0,151,6,0,6,157
07/19/2004,MYR,SC,ASO,ES,Towers with Radar,40,30,26,3,99,7,0,16,6,29,47,30,42,9,128,0,22,22,150
07/20/2004,MYR,SC,ASO,ES,Towers with Radar,36,36,26,3,101,0,80,25,4,109,36,116,51,7,210,10,4,14,224
07/21/2004,MYR,SC,ASO,ES,Towers with Radar,35,45,33,4,117,0,64,29,3,96,35,109,62,7,213,8,2,10,223
07/22/2004,MYR,SC,ASO,ES,Towers with Radar,45,41,30,3,119,1,63,23,8,95,46,104,53,11,214,0,0,0,214
07/23/2004,MYR,SC,ASO,ES,Towers with Radar,43,46,33,4,126,0,40,26,0,66,43,86,59,4,192,42,0,42,234
07/24/2004,MYR,SC,ASO,ES,Towers with Radar,51,46,34,4,135,4,46,25,1,76,55,92,59,5,211,42,0,42,253
07/25/2004,MYR,SC,ASO,ES,Towers with Radar,56,53,38,4,151,0,28,5,18,51,56,81,43,22,202,0,0,0,202
07/26/2004,MYR,SC,ASO,ES,Towers with Radar,42,28,27,3,100,7,0,26,9,42,49,28,53,12,142,24,0,24,166
07/27/2004,MYR,SC,ASO,ES,Towers with Radar,38,42,29,3,112,0,29,15,7,51,38,71,44,10,163,0,0,0,163
07/28/2004,MYR,SC,ASO,ES,Towers with Radar,34,38,26,3,101,0,83,16,3,102,34,121,42,6,203,14,14,28,231
07/29/2004,MYR,SC,ASO,ES,Towers with Radar,45,44,30,0,119,0,65,12,0,77,45,109,42,0,196,8,0,8,204
07/30/2004,MYR,SC,ASO,ES,Towers with Radar,46,48,32,4,130,0,55,44,9,108,46,103,76,13,238,6,0,6,244
07/31/2004,MYR,SC,ASO,ES,Towers with Radar,46,42,29,0,117,6,25,19,0,50,52,67,48,0,167,42,0,42,209
08/01/2004,MYR,SC,ASO,ES,Towers with Radar,43,36,22,2,103,11,37,22,0,70,54,73,44,2,173,0,0,0,173
08/02/2004,MYR,SC,ASO,ES,Towers with Radar,32,25,16,0,73,18,0,0,0,18,50,25,16,0,91,0,0,0,91
08/03/2004,MYR,SC,ASO,ES,Towers with Radar,41,37,21,3,102,0,31,24,3,58,41,68,45,6,160,2,0,2,162
08/04/2004,MYR,SC,ASO,ES,Towers with Radar,33,49,28,4,114,0,49,28,9,86,33,98,56,13,200,0,24,24,224
08/05/2004,MYR,SC,ASO,ES,Towers with Radar,49,47,26,1,123,0,49,22,0,71,49,96,48,1,194,8,8,16,210
08/06/2004,MYR,SC,ASO,ES,Towers with Radar,47,47,26,4,124,0,25,46,18,89,47,72,72,22,213,0,0,0,213
08/07/2004,MYR,SC,ASO,ES,Towers with Radar,55,51,29,5,140,0,63,29,11,103,55,114,58,16,243,16,0,16,259
08/08/2004,MYR,SC,ASO,ES,Towers with Radar,56,47,26,0,129,0,17,61,0,78,56,64,87,0,207,0,0,0,207
08/09/2004,MYR,SC,ASO,ES,Towers with Radar,46,28,21,4,99,0,0,23,0,23,46,28,44,4,122,0,0,0,122
08/10/2004,MYR,SC,ASO,ES,Towers with Radar,41,40,22,2,105,0,74,25,0,99,41,114,47,2,204,8,0,8,212
08/11/2004,MYR,SC,ASO,ES,Towers with Radar,32,37,21,3,93,0,41,15,5,61,32,78,36,8,154,0,0,0,154
08/12/2004,MYR,SC,ASO,ES,Towers with Radar,34,29,16,0,79,18,23,4,0,45,52,52,20,0,124,2,0,2,126
08/13/2004,MYR,SC,ASO,ES,Towers with Radar,36,31,17,0,84,9,4,6,0,19,45,35,23,0,103,0,0,0,103
08/14/2004,MYR,SC,ASO,ES,Towers with Radar,11,8,4,0,23,9,0,12,0,21,20,8,16,0,44,0,0,0,44
08/15/2004,MYR,SC,ASO,ES,Towers with Radar,37,32,19,0,88,18,22,4,0,44,55,54,23,0,132,0,0,0,132
08/16/2004,MYR,SC,ASO,ES,Towers with Radar,45,37,23,0,105,0,0,14,0,14,45,37,37,0,119,34,0,34,153
08/17/2004,MYR,SC,ASO,ES,Towers with Radar,36,38,23,0,97,0,30,30,0,60,36,68,53,0,157,46,0,46,203
08/18/2004,MYR,SC,ASO,ES,Towers with Radar,37,38,23,3,101,0,60,16,3,79,37,98,39,6,180,0,0,0,180
08/19/2004,MYR,SC,ASO,ES,Towers with Radar,49,40,24,3,116,0,55,13,3,71,49,95,37,6,187,33,10,43,230
08/20/2004,MYR,SC,ASO,ES,Towers with Radar,44,41,25,3,113,0,20,19,5,44,44,61,44,8,157,14,0,14,171
08/21/2004,MYR,SC,ASO,ES,Towers with Radar,44,35,21,0,100,10,61,16,0,87,54,96,37,0,187,20,0,20,207
08/22/2004,MYR,SC,ASO,ES,Towers with Radar,56,51,30,4,141,0,2,10,0,12,56,53,40,4,153,0,0,0,153
08/23/2004,MYR,SC,ASO,ES,Towers with Radar,45,21,22,2,90,7,0,4,2,13,52,21,26,4,103,48,16,64,167
08/24/2004,MYR,SC,ASO,ES,Towers with Radar,35,38,23,3,99,0,19,32,0,51,35,57,55,3,150,12,0,12,162
08/25/2004,MYR,SC,ASO,ES,Towers with Radar,41,37,23,2,103,0,24,23,0,47,41,61,46,2,150,0,4,4,154
08/26/2004,MYR,SC,ASO,ES,Towers with Radar,46,37,23,3,109,0,4,28,2,34,46,41,51,5,143,6,0,6,149
08/27/2004,MYR,SC,ASO,ES,Towers with Radar,46,40,24,0,110,0,2,2,0,4,46,42,26,0,114,18,0,18,132
08/28/2004,MYR,SC,ASO,ES,Towers with Radar,46,37,22,0,105,3,52,15,0,70,49,89,37,0,175,4,0,4,179
08/29/2004,MYR,SC,ASO,ES,Towers with Radar,12,9,3,0,24,15,3,0,0,18,27,12,3,0,42,0,0,0,42
08/30/2004,MYR,SC,ASO,ES,Towers with Radar,43,28,21,2,94,5,0,27,8,40,48,28,48,10,134,12,0,12,146
08/31/2004,MYR,SC,ASO,ES,Towers with Radar,40,32,19,0,91,2,19,0,0,21,42,51,19,0,112,4,0,4,116
09/01/2004,MYR,SC,ASO,ES,Towers with Radar,38,40,22,0,100,0,2,12,0,14,38,42,34,0,114,0,0,0,114
09/02/2004,MYR,SC,ASO,ES,Towers with Radar,42,44,22,1,109,0,0,13,0,13,42,44,35,1,122,0,0,0,122
09/03/2004,MYR,SC,ASO,ES,Towers with Radar,41,42,21,2,106,0,5,24,0,29,41,47,45,2,135,14,24,38,173
09/04/2004,MYR,SC,ASO,ES,Towers with Radar,32,33,15,2,82,9,47,0,4,60,41,80,15,6,142,0,0,0,142
09/05/2004,MYR,SC,ASO,ES,Towers with Radar,32,32,14,1,79,12,59,0,0,71,44,91,14,1,150,0,0,0,150
09/06/2004,MYR,SC,ASO,ES,Towers with Radar,26,26,11,0,63,20,0,0,0,20,46,26,11,0,83,0,0,0,83
09/07/2004,MYR,SC,ASO,ES,Towers with Radar,21,21,8,0,50,3,4,0,0,7,24,25,8,0,57,0,0,0,57
09/08/2004,MYR,SC,ASO,ES,Towers with Radar,25,27,12,2,66,0,9,2,0,11,25,36,14,2,77,0,0,0,77
09/09/2004,MYR,SC,ASO,ES,Towers with Radar,38,31,21,1,91,0,0,17,0,17,38,31,38,1,108,4,0,4,112
09/10/2004,MYR,SC,ASO,ES,Towers with Radar,38,44,25,3,110,0,0,19,6,25,38,44,44,9,135,32,6,38,173
09/11/2004,MYR,SC,ASO,ES,Towers with Radar,39,39,19,0,97,1,2,7,0,10,40,41,26,0,107,20,0,20,127
09/12/2004,MYR,SC,ASO,ES,Towers with Radar,39,39,20,0,98,1,22,41,0,64,40,61,61,0,162,8,0,8,170
09/13/2004,MYR,SC,ASO,ES,Towers with Radar,33,27,17,2,79,1,0,18,5,24,34,27,35,7,103,9,0,9,112
09/14/2004,MYR,SC,ASO,ES,Towers with Radar,29,39,16,1,85,0,1,0,0,1,29,40,16,1,86,0,0,0,86
09/15/2004,MYR,SC,ASO,ES,Towers with Radar,23,34,18,2,77,0,17,7,2,26,23,51,25,4,103,0,10,10,113
09/16/2004,MYR,SC,ASO,ES,Towers with Radar,29,27,15,0,71,9,8,1,0,18,38,35,16,0,89,0,0,0,89
09/17/2004,MYR,SC,ASO,ES,Towers with Radar,24,23,12,1,60,9,11,1,3,24,33,34,13,4,84,0,0,0,84
09/18/2004,MYR,SC,ASO,ES,Towers with Radar,29,27,15,1,72,8,22,0,0,30,37,49,15,1,102,0,4,4,106
09/19/2004,MYR,SC,ASO,ES,Towers with Radar,32,30,17,0,79,6,7,3,0,16,38,37,20,0,95,6,0,6,101
09/20/2004,MYR,SC,ASO,ES,Towers with Radar,33,22,17,1,73,3,0,7,2,12,36,22,24,3,85,18,0,18,103
09/21/2004,MYR,SC,ASO,ES,Towers with Radar,27,35,19,1,82,0,2,22,0,24,27,37,41,1,106,0,0,0,106
09/22/2004,MYR,SC,ASO,ES,Towers with Radar,24,38,21,1,84,0,9,46,7,62,24,47,67,8,146,10,12,22,168
09/23/2004,MYR,SC,ASO,ES,Towers with Radar,40,39,21,2,102,0,3,28,2,33,40,42,49,4,135,2,0,2,137
09/24/2004,MYR,SC,ASO,ES,Towers with Radar,37,41,25,2,105,0,0,24,4,28,37,41,49,6,133,2,4,6,139
09/25/2004,MYR,SC,ASO,ES,Towers with Radar,36,35,19,0,90,0,7,26,0,33,36,42,45,0,123,0,0,0,123
09/26/2004,MYR,SC,ASO,ES,Towers with Radar,39,39,21,0,99,0,5,12,0,17,39,44,33,0,116,2,0,2,118
09/27/2004,MYR,SC,ASO,ES,Towers with Radar,18,16,4,0,38,18,3,0,1,22,36,19,4,1,60,0,0,0,60
09/28/2004,MYR,SC,ASO,ES,Towers with Radar,21,19,10,0,50,2,14,2,0,18,23,33,12,0,68,2,0,2,70
09/29/2004,MYR,SC,ASO,ES,Towers with Radar,25,37,20,1,83,0,11,14,1,26,25,48,34,2,109,66,0,66,175
09/30/2004,MYR,SC,ASO,ES,Towers with Radar,39,37,22,0,98,0,0,15,0,15,39,37,37,0,113,8,0,8,121
10/01/2004,MYR,SC,ASO,ES,Towers with Radar,35,38,23,7,103,0,14,9,3,26,35,52,32,10,129,28,0,28,157
10/02/2004,MYR,SC,ASO,ES,Towers with Radar,34,43,16,2,95,0,38,27,0,65,34,81,43,2,160,22,0,22,182
10/03/2004,MYR,SC,ASO,ES,Towers with Radar,41,33,16,0,90,0,8,10,2,20,41,41,26,2,110,0,0,0,110
10/04/2004,MYR,SC,ASO,ES,Towers with Radar,40,28,30,1,99,0,0,6,1,7,40,28,36,2,106,20,0,20,126
10/05/2004,MYR,SC,ASO,ES,Towers with Radar,27,38,28,5,98,0,2,38,1,41,27,40,66,6,139,62,0,62,201
10/06/2004,MYR,SC,ASO,ES,Towers with Radar,28,42,29,6,105,0,0,22,2,24,28,42,51,8,129,10,12,22,151
10/07/2004,MYR,SC,ASO,ES,Towers with Radar,41,37,20,0,98,0,8,19,1,28,41,45,39,1,126,22,0,22,148
10/08/2004,MYR,SC,ASO,ES,Towers with Radar,41,37,41,0,119,0,26,41,1,68,41,63,82,1,187,10,0,10,197
10/09/2004,MYR,SC,ASO,ES,Towers with Radar,36,46,27,10,119,0,115,21,2,138,36,161,48,12,257,80,14,94,351
10/10/2004,MYR,SC,ASO,ES,Towers with Radar,41,36,34,2,113,0,4,27,0,31,41,40,61,2,144,0,0,0,144
10/11/2004,MYR,SC,ASO,ES,Towers with Radar,43,14,29,1,87,0,0,16,4,20,43,14,45,5,107,8,0,8,115
10/12/2004,MYR,SC,ASO,ES,Towers with Radar,30,29,29,0,88,0,0,21,0,21,30,29,50,0,109,23,0,23,132
10/13/2004,MYR,SC,ASO,ES,Towers with Radar,27,33,24,0,84,0,2,8,0,10,27,35,32,0,94,6,0,6,100
10/14/2004,MYR,SC,ASO,ES,Towers with Radar,39,36,36,2,113,0,2,32,0,34,39,38,68,2,147,30,0,30,177
10/15/2004,MYR,SC,ASO,ES,Towers with Radar,42,36,22,8,108,0,77,4,0,81,42,113,26,8,189,0,0,0,189
10/16/2004,MYR,SC,ASO,ES,Towers with Radar,58,27,21,12,118,0,169,47,5,221,58,196,68,17,339,32,2,34,373
10/17/2004,MYR,SC,ASO,ES,Towers with Radar,42,38,22,0,102,0,18,41,2,61,42,56,63,2,163,8,6,14,177
10/18/2004,MYR,SC,ASO,ES,Towers with Radar,39,26,18,0,83,0,1,19,0,20,39,27,37,0,103,16,0,16,119
10/19/2004,MYR,SC,ASO,ES,Towers with Radar,26,40,26,0,92,0,2,7,0,9,26,42,33,0,101,28,18,46,147
10/20/2004,MYR,SC,ASO,ES,Towers with Radar,27,35,44,3,109,0,3,12,0,15,27,38,56,3,124,34,6,40,164
10/21/2004,MYR,SC,ASO,ES,Towers with Radar,43,37,37,0,117,0,0,3,0,3,43,37,40,0,120,0,0,0,120
10/22/2004,MYR,SC,ASO,ES,Towers with Radar,41,36,51,10,138,0,68,18,2,88,41,104,69,12,226,4,42,46,272
10/23/2004,MYR,SC,ASO,ES,Towers with Radar,37,47,30,4,118,0,152,29,2,183,37,199,59,6,301,11,0,11,312
10/24/2004,MYR,SC,ASO,ES,Towers with Radar,46,38,32,8,124,0,2,1,0,3,46,40,33,8,127,0,0,0,127
10/25/2004,MYR,SC,ASO,ES,Towers with Radar,40,24,48,0,112,0,8,6,0,14,40,32,54,0,126,0,0,0,126
10/26/2004,MYR,SC,ASO,ES,Towers with Radar,26,37,42,1,106,0,0,25,0,25,26,37,67,1,131,14,0,14,145
10/27/2004,MYR,SC,ASO,ES,Towers with Radar,31,33,44,1,109,0,2,12,0,14,31,35,56,1,123,0,0,0,123
10/28/2004,MYR,SC,ASO,ES,Towers with Radar,43,35,23,2,103,0,0,10,1,11,43,35,33,3,114,0,0,0,114
10/29/2004,MYR,SC,ASO,ES,Towers with Radar,42,35,20,4,101,0,0,0,0,0,42,35,20,4,101,0,0,0,101
10/30/2004,MYR,SC,ASO,ES,Towers with Radar,43,44,29,2,118,0,10,13,0,23,43,54,42,2,141,6,0,6,147
10/31/2004,MYR,SC,ASO,ES,Towers with Radar,35,35,24,11,105,0,0,0,0,0,35,35,24,11,105,16,0,16,121
11/01/2004,MYR,SC,ASO,ES,Combined TRACON& Tower with Radar,41,40,18,0,99,0,4,29,0,33,41,44,47,0,132,0,0,0,132
11/02/2004,MYR,SC,ASO,ES,Combined TRACON& Tower with Radar,29,36,31,5,101,0,3,7,1,11,29,39,38,6,112,12,0,12,124
11/03/2004,MYR,SC,ASO,ES,Combined TRACON& Tower with Radar,32,40,29,1,102,0,2,8,0,10,32,42,37,1,112,0,0,0,112
11/04/2004,MYR,SC,ASO,ES,Combined TRACON& Tower with Radar,36,47,24,16,123,0,0,6,0,6,36,47,30,16,129,0,8,8,137
11/05/2004,MYR,SC,ASO,ES,Combined TRACON& Tower with Radar,38,45,27,19,129,0,1,33,3,37,38,46,60,22,166,0,0,0,166
11/06/2004,MYR,SC,ASO,ES,Combined TRACON& Tower with Radar,40,46,23,6,115,0,2,44,0,46,40,48,67,6,161,15,2,17,178
11/07/2004,MYR,SC,ASO,ES,Combined TRACON& Tower with Radar,38,39,23,8,108,0,8,29,1,38,38,47,52,9,146,30,0,30,176
11/08/2004,MYR,SC,ASO,ES,Combined TRACON& Tower with Radar,37,45,22,16,120,0,1,23,0,24,37,46,45,16,144,8,4,12,156
11/09/2004,MYR,SC,ASO,ES,Combined TRACON& Tower with Radar,27,37,28,35,127,0,3,15,8,26,27,40,43,43,153,0,0,0,153
11/10/2004,MYR,SC,ASO,ES,Combined TRACON& Tower with Radar,23,60,58,37,178,0,19,31,4,54,23,79,89,41,232,20,0,20,252
11/11/2004,MYR,SC,ASO,ES,Combined TRACON& Tower with Radar,37,28,35,8,108,333,0,2,0,335,370,28,37,8,443,0,0,0,443
11/12/2004,MYR,SC,ASO,ES,Combined TRACON& Tower with Radar,34,33,15,12,94,0,0,0,0,0,34,33,15,12,94,0,0,0,94
11/13/2004,MYR,SC,ASO,ES,Combined TRACON& Tower with Radar,30,42,25,25,122,0,0,13,0,13,30,42,38,25,135,0,0,0,135
11/14/2004,MYR,SC,ASO,ES,Combined TRACON& Tower with Radar,37,34,36,20,127,0,28,20,4,52,37,62,56,24,179,0,0,0,179
11/15/2004,MYR,SC,ASO,ES,Combined TRACON& Tower with Radar,43,32,18,15,108,0,2,17,0,19,43,34,35,15,127,6,0,6,133
11/16/2004,MYR,SC,ASO,ES,Combined TRACON& Tower with Radar,26,38,24,6,94,0,0,15,0,15,26,38,39,6,109,0,0,0,109
11/17/2004,MYR,SC,ASO,ES,Combined TRACON& Tower with Radar,23,36,29,5,93,0,2,25,0,27,23,38,54,5,120,13,0,13,133
11/18/2004,MYR,SC,ASO,ES,Combined TRACON& Tower with Radar,34,41,45,6,126,0,0,16,3,19,34,41,61,9,145,6,4,10,155
11/19/2004,MYR,SC,ASO,ES,Combined TRACON& Tower with Radar,35,39,37,12,123,0,0,40,7,47,35,39,77,19,170,0,20,20,190
11/20/2004,MYR,SC,ASO,ES,Combined TRACON& Tower with Radar,27,41,24,0,92,0,24,11,0,35,27,65,35,0,127,4,0,4,131
11/21/2004,MYR,SC,ASO,ES,Combined TRACON& Tower with Radar,40,34,15,4,93,0,2,11,2,15,40,36,26,6,108,0,0,0,108
11/22/2004,MYR,SC,ASO,ES,Combined TRACON& Tower with Radar,41,23,30,11,105,0,0,1,0,1,41,23,31,11,106,0,0,0,106
11/23/2004,MYR,SC,ASO,ES,Combined TRACON& Tower with Radar,26,38,49,11,124,0,0,5,0,5,26,38,54,11,129,0,0,0,129
11/24/2004,MYR,SC,ASO,ES,Combined TRACON& Tower with Radar,34,44,17,0,95,0,0,1,0,1,34,44,18,0,96,0,0,0,96
11/25/2004,MYR,SC,ASO,ES,Combined TRACON& Tower with Radar,33,16,14,0,63,0,0,5,0,5,33,16,19,0,68,0,0,0,68
11/26/2004,MYR,SC,ASO,ES,Combined TRACON& Tower with Radar,44,28,16,0,88,0,2,31,0,33,44,30,47,0,121,2,0,2,123
11/27/2004,MYR,SC,ASO,ES,Combined TRACON& Tower with Radar,26,44,29,9,108,0,10,16,0,26,26,54,45,9,134,0,4,4,138
11/28/2004,MYR,SC,ASO,ES,Combined TRACON& Tower with Radar,41,35,42,8,126,0,0,17,0,17,41,35,59,8,143,20,0,20,163
11/29/2004,MYR,SC,ASO,ES,Combined TRACON& Tower with Radar,37,26,18,23,104,0,0,12,0,12,37,26,30,23,116,0,24,24,140
11/30/2004,MYR,SC,ASO,ES,Combined TRACON& Tower with Radar,24,34,24,1,83,0,0,15,0,15,24,34,39,1,98,4,0,4,102
12/01/2004,MYR,SC,ASO,ES,Combined TRACON& Tower with Radar,20,33,20,3,76,0,0,9,0,9,20,33,29,3,85,0,0,0,85
12/02/2004,MYR,SC,ASO,ES,Combined TRACON& Tower with Radar,37,30,16,7,90,0,1,22,0,23,37,31,38,7,113,0,14,14,127
12/03/2004,MYR,SC,ASO,ES,Combined TRACON& Tower with Radar,36,27,39,4,106,0,0,25,4,29,36,27,64,8,135,8,0,8,143
12/04/2004,MYR,SC,ASO,ES,Combined TRACON& Tower with Radar,25,42,18,2,87,0,3,31,4,38,25,45,49,6,125,0,0,0,125
12/05/2004,MYR,SC,ASO,ES,Combined TRACON& Tower with Radar,30,33,19,12,94,0,0,34,0,34,30,33,53,12,128,22,0,22,150
12/06/2004,MYR,SC,ASO,ES,Combined TRACON& Tower with Radar,40,18,19,11,88,0,0,7,0,7,40,18,26,11,95,10,14,24,119
12/07/2004,MYR,SC,ASO,ES,Combined TRACON& Tower with Radar,24,33,16,19,92,0,0,5,0,5,24,33,21,19,97,4,8,12,109
12/08/2004,MYR,SC,ASO,ES,Combined TRACON& Tower with Radar,23,41,33,26,123,0,1,16,1,18,23,42,49,27,141,28,0,28,169
12/09/2004,MYR,SC,ASO,ES,Combined TRACON& Tower with Radar,35,31,13,2,81,0,0,0,0,0,35,31,13,2,81,0,0,0,81
12/10/2004,MYR,SC,ASO,ES,Combined TRACON& Tower with Radar,28,31,17,16,92,0,0,3,11,14,28,31,20,27,106,0,16,16,122
12/11/2004,MYR,SC,ASO,ES,Combined TRACON& Tower with Radar,27,34,24,0,85,0,2,17,0,19,27,36,41,0,104,43,0,43,147
12/12/2004,MYR,SC,ASO,ES,Combined TRACON& Tower with Radar,29,33,20,1,83,0,0,34,3,37,29,33,54,4,120,47,0,47,167
12/13/2004,MYR,SC,ASO,ES,Combined TRACON& Tower with Radar,31,24,10,4,69,0,0,14,0,14,31,24,24,4,83,0,0,0,83
12/14/2004,MYR,SC,ASO,ES,Combined TRACON& Tower with Radar,21,35,17,4,77,0,2,18,0,20,21,37,35,4,97,18,0,18,115
12/15/2004,MYR,SC,ASO,ES,Combined TRACON& Tower with Radar,28,36,18,2,84,0,0,25,1,26,28,36,43,3,110,0,0,0,110
12/16/2004,MYR,SC,ASO,ES,Combined TRACON& Tower with Radar,36,32,26,6,100,0,0,23,0,23,36,32,49,6,123,6,0,6,129
12/17/2004,MYR,SC,ASO,ES,Combined TRACON& Tower with Radar,29,32,12,14,87,0,2,27,2,31,29,34,39,16,118,19,16,35,153
12/18/2004,MYR,SC,ASO,ES,Combined TRACON& Tower with Radar,28,41,3,34,106,0,10,22,4,36,28,51,25,38,142,40,54,94,236
12/19/2004,MYR,SC,ASO,ES,Combined TRACON& Tower with Radar,32,30,9,1,72,0,0,16,0,16,32,30,25,1,88,6,0,6,94
12/20/2004,MYR,SC,ASO,ES,Combined TRACON& Tower with Radar,37,18,7,2,64,0,0,2,0,2,37,18,9,2,66,0,0,0,66
12/21/2004,MYR,SC,ASO,ES,Combined TRACON& Tower with Radar,24,29,10,3,66,0,0,22,1,23,24,29,32,4,89,0,0,0,89
12/22/2004,MYR,SC,ASO,ES,Combined TRACON& Tower with Radar,24,27,28,0,79,0,8,60,0,68,24,35,88,0,147,4,0,4,151
12/23/2004,MYR,SC,ASO,ES,Combined TRACON& Tower with Radar,33,31,10,1,75,0,0,0,0,0,33,31,10,1,75,0,0,0,75
12/24/2004,MYR,SC,ASO,ES,Combined TRACON& Tower with Radar,33,31,10,1,75,0,0,0,0,0,33,31,10,1,75,0,0,0,75
12/25/2004,MYR,SC,ASO,ES,Combined TRACON& Tower with Radar,27,16,2,0,45,0,0,1,0,1,27,16,3,0,46,0,0,0,46
12/26/2004,MYR,SC,ASO,ES,Combined TRACON& Tower with Radar,37,14,9,0,60,0,0,2,0,2,37,14,11,0,62,0,0,0,62
12/27/2004,MYR,SC,ASO,ES,Combined TRACON& Tower with Radar,35,28,21,0,84,0,1,16,0,17,35,29,37,0,101,10,0,10,111
12/28/2004,MYR,SC,ASO,ES,Combined TRACON& Tower with Radar,25,30,23,17,95,0,0,29,0,29,25,30,52,17,124,20,0,20,144
12/29/2004,MYR,SC,ASO,ES,Combined TRACON& Tower with Radar,23,28,29,5,85,0,10,12,2,24,23,38,41,7,109,6,6,12,121
12/30/2004,MYR,SC,ASO,ES,Combined TRACON& Tower with Radar,33,33,20,1,87,0,0,35,0,35,33,33,55,1,122,24,0,24,146
12/31/2004,MYR,SC,ASO,ES,Combined TRACON& Tower with Radar,36,30,9,0,75,0,20,14,0,34,36,50,23,0,109,0,0,0,109
01/01/2005,MYR,SC,ASO,ES,Combined TRACON& Tower with Radar,26,35,8,0,69,0,0,22,0,22,26,35,30,0,91,6,0,6,97
01/02/2005,MYR,SC,ASO,ES,Combined TRACON& Tower with Radar,35,30,25,0,90,0,0,31,0,31,35,30,56,0,121,2,0,2,123
01/03/2005,MYR,SC,ASO,ES,Combined TRACON& Tower with Radar,32,27,17,7,83,0,2,25,5,32,32,29,42,12,115,14,0,14,129
01/04/2005,MYR,SC,ASO,ES,Combined TRACON& Tower with Radar,22,43,18,32,115,0,0,11,0,11,22,43,29,32,126,18,18,36,162
01/05/2005,MYR,SC,ASO,ES,Combined TRACON& Tower with Radar,22,37,18,13,90,0,1,12,5,18,22,38,30,18,108,10,6,16,124
01/06/2005,MYR,SC,ASO,ES,Combined TRACON& Tower with Radar,34,29,18,2,83,0,0,13,1,14,34,29,31,3,97,20,8,28,125
01/07/2005,MYR,SC,ASO,ES,Combined TRACON& Tower with Radar,23,34,19,33,109,0,0,18,8,26,23,34,37,41,135,6,10,16,151
01/08/2005,MYR,SC,ASO,ES,Combined TRACON& Tower with Radar,29,32,13,2,76,0,8,10,0,18,29,40,23,2,94,10,6,16,110
01/09/2005,MYR,SC,ASO,ES,Combined TRACON& Tower with Radar,36,34,25,0,95,0,0,7,0,7,36,34,32,0,102,4,0,4,106
01/10/2005,MYR,SC,ASO,ES,Combined TRACON& Tower with Radar,25,26,12,12,75,0,0,11,1,12,25,26,23,13,87,15,0,15,102
01/11/2005,MYR,SC,ASO,ES,Combined TRACON& Tower with Radar,23,40,24,12,99,0,0,18,0,18,23,40,42,12,117,2,10,12,129
01/12/2005,MYR,SC,ASO,ES,Combined TRACON& Tower with Radar,23,40,37,0,100,0,0,12,2,14,23,40,49,2,114,0,0,0,114
01/13/2005,MYR,SC,ASO,ES,Combined TRACON& Tower with Radar,32,29,26,10,97,0,0,6,0,6,32,29,32,10,103,0,0,0,103
01/14/2005,MYR,SC,ASO,ES,Combined TRACON& Tower with Radar,24,30,15,1,70,0,0,2,0,2,24,30,17,1,72,0,0,0,72
01/15/2005,MYR,SC,ASO,ES,Combined TRACON& Tower with Radar,27,35,15,0,77,0,10,17,0,27,27,45,32,0,104,0,0,0,104
01/16/2005,MYR,SC,ASO,ES,Combined TRACON& Tower with Radar,32,29,23,0,84,0,0,5,0,5,32,29,28,0,89,0,0,0,89
01/17/2005,MYR,SC,ASO,ES,Combined TRACON& Tower with Radar,25,23,34,2,84,0,0,17,0,17,25,23,51,2,101,22,0,22,123
01/18/2005,MYR,SC,ASO,ES,Combined TRACON& Tower with Radar,25,29,12,5,71,0,0,17,0,17,25,29,29,5,88,12,6,18,106
01/19/2005,MYR,SC,ASO,ES,Combined TRACON& Tower with Radar,23,34,25,7,89,0,0,12,0,12,23,34,37,7,101,4,0,4,105
01/20/2005,MYR,SC,ASO,ES,Combined TRACON& Tower with Radar,32,33,17,10,92,0,0,18,0,18,32,33,35,10,110,32,0,32,142
01/21/2005,MYR,SC,ASO,ES,Combined TRACON& Tower with Radar,29,28,17,5,79,0,0,8,1,9,29,28,25,6,88,2,0,2,90
01/22/2005,MYR,SC,ASO,ES,Combined TRACON& Tower with Radar,23,35,14,3,75,0,0,9,0,9,23,35,23,3,84,6,12,18,102
01/23/2005,MYR,SC,ASO,ES,Combined TRACON& Tower with Radar,30,26,6,8,70,0,0,2,0,2,30,26,8,8,72,0,0,0,72
01/24/2005,MYR,SC,ASO,ES,Combined TRACON& Tower with Radar,26,20,14,9,69,0,0,10,0,10,26,20,24,9,79,18,0,18,97
01/25/2005,MYR,SC,ASO,ES,Combined TRACON& Tower with Radar,26,26,14,10,76,0,0,26,0,26,26,26,40,10,102,24,0,24,126
01/26/2005,MYR,SC,ASO,ES,Combined TRACON& Tower with Radar,23,27,28,7,85,0,0,20,0,20,23,27,48,7,105,12,26,38,143
01/27/2005,MYR,SC,ASO,ES,Combined TRACON& Tower with Radar,36,36,17,3,92,0,0,19,1,20,36,36,36,4,112,4,0,4,116
01/28/2005,MYR,SC,ASO,ES,Combined TRACON& Tower with Radar,24,30,12,0,66,0,0,16,1,17,24,30,28,1,83,34,0,34,117
01/29/2005,MYR,SC,ASO,ES,Combined TRACON& Tower with Radar,19,25,2,0,46,0,0,1,0,1,19,25,3,0,47,18,0,18,65
01/30/2005,MYR,SC,ASO,ES,Combined TRACON& Tower with Radar,29,26,6,0,61,0,2,6,0,8,29,28,12,0,69,0,0,0,69
01/31/2005,MYR,SC,ASO,ES,Combined TRACON& Tower with Radar,31,19,16,10,76,0,0,10,0,10,31,19,26,10,86,18,0,18,104
02/01/2005,MYR,SC,ASO,ES,Combined TRACON& Tower with Radar,28,22,32,27,109,0,0,14,4,18,28,22,46,31,127,14,8,22,149
02/02/2005,MYR,SC,ASO,ES,Combined TRACON& Tower with Radar,28,29,30,19,106,0,0,14,3,17,28,29,44,22,123,14,8,22,145
02/03/2005,MYR,SC,ASO,ES,Combined TRACON& Tower with Radar,31,32,13,3,79,0,0,0,0,0,31,32,13,3,79,0,0,0,79
02/04/2005,MYR,SC,ASO,ES,Combined TRACON& Tower with Radar,39,25,26,0,90,0,0,7,2,9,39,25,33,2,99,1,16,17,116
02/05/2005,MYR,SC,ASO,ES,Combined TRACON& Tower with Radar,27,29,31,0,87,0,0,30,0,30,27,29,61,0,117,30,0,30,147
02/06/2005,MYR,SC,ASO,ES,Combined TRACON& Tower with Radar,26,31,19,6,82,0,9,42,1,52,26,40,61,7,134,12,0,12,146
02/07/2005,MYR,SC,ASO,ES,Combined TRACON& Tower with Radar,31,27,25,2,85,0,2,16,0,18,31,29,41,2,103,0,0,0,103
02/08/2005,MYR,SC,ASO,ES,Combined TRACON& Tower with Radar,29,31,31,17,108,0,1,31,1,33,29,32,62,18,141,26,14,40,181
02/09/2005,MYR,SC,ASO,ES,Combined TRACON& Tower with Radar,25,34,16,7,82,0,0,4,0,4,25,34,20,7,86,12,0,12,98
02/10/2005,MYR,SC,ASO,ES,Combined TRACON& Tower with Radar,34,34,21,17,106,0,0,15,0,15,34,34,36,17,121,24,0,24,145
02/11/2005,MYR,SC,ASO,ES,Combined TRACON& Tower with Radar,34,30,27,10,101,0,12,26,2,40,34,42,53,12,141,16,18,34,175
02/12/2005,MYR,SC,ASO,ES,Combined TRACON& Tower with Radar,32,31,19,6,88,0,17,29,1,47,32,48,48,7,135,38,6,44,179
02/13/2005,MYR,SC,ASO,ES,Combined TRACON& Tower with Radar,37,34,26,5,102,0,0,17,0,17,37,34,43,5,119,8,0,8,127
02/14/2005,MYR,SC,ASO,ES,Combined TRACON& Tower with Radar,31,29,14,5,79,0,0,0,0,0,31,29,14,5,79,0,0,0,79
02/15/2005,MYR,SC,ASO,ES,Combined TRACON& Tower with Radar,23,48,14,3,88,0,0,5,1,6,23,48,19,4,94,20,0,20,114
02/16/2005,MYR,SC,ASO,ES,Combined TRACON& Tower with Radar,27,44,23,10,104,0,0,8,0,8,27,44,31,10,112,6,0,6,118
02/17/2005,MYR,SC,ASO,ES,Combined TRACON& Tower with Radar,38,42,28,0,108,0,0,8,0,8,38,42,36,0,116,20,1,21,137
02/18/2005,MYR,SC,ASO,ES,Combined TRACON& Tower with Radar,40,47,30,3,120,0,0,31,2,33,40,47,61,5,153,14,0,14,167
02/19/2005,MYR,SC,ASO,ES,Combined TRACON& Tower with Radar,30,54,25,0,109,0,8,34,0,42,30,62,59,0,151,32,0,32,183
02/20/2005,MYR,SC,ASO,ES,Combined TRACON& Tower with Radar,42,37,19,0,98,0,0,7,0,7,42,37,26,0,105,0,0,0,105
02/21/2005,MYR,SC,ASO,ES,Combined TRACON& Tower with Radar,39,33,12,2,86,0,0,3,0,3,39,33,15,2,89,0,0,0,89
02/22/2005,MYR,SC,ASO,ES,Combined TRACON& Tower with Radar,26,50,20,7,103,0,0,14,0,14,26,50,34,7,117,16,4,20,137
02/23/2005,MYR,SC,ASO,ES,Combined TRACON& Tower with Radar,27,46,31,1,105,0,5,17,3,25,27,51,48,4,130,0,2,2,132
02/24/2005,MYR,SC,ASO,ES,Combined TRACON& Tower with Radar,41,43,31,0,115,0,0,0,0,0,41,43,31,0,115,0,0,0,115
02/25/2005,MYR,SC,ASO,ES,Combined TRACON& Tower with Radar,38,42,25,4,109,0,3,13,0,16,38,45,38,4,125,10,0,10,135
02/26/2005,MYR,SC,ASO,ES,Combined TRACON& Tower with Radar,33,48,28,18,127,0,8,28,3,39,33,56,56,21,166,22,24,46,212
02/27/2005,MYR,SC,ASO,ES,Combined TRACON& Tower with Radar,41,41,20,0,102,0,0,11,0,11,41,41,31,0,113,0,0,0,113
02/28/2005,MYR,SC,ASO,ES,Combined TRACON& Tower with Radar,37,33,14,8,92,0,0,3,1,4,37,33,17,9,96,12,0,12,108
03/01/2005,MYR,SC,ASO,ES,Combined TRACON& Tower with Radar,27,43,30,4,104,0,0,10,0,10,27,43,40,4,114,8,10,18,132
03/02/2005,MYR,SC,ASO,ES,Combined TRACON& Tower with Radar,30,49,22,2,103,0,0,14,0,14,30,49,36,2,117,20,0,20,137
03/03/2005,MYR,SC,ASO,ES,Combined TRACON& Tower with Radar,33,54,23,2,112,0,0,18,0,18,33,54,41,2,130,28,0,28,158
03/04/2005,MYR,SC,ASO,ES,Combined TRACON& Tower with Radar,47,40,26,3,116,0,0,20,0,20,47,40,46,3,136,8,10,18,154
03/05/2005,MYR,SC,ASO,ES,Combined TRACON& Tower with Radar,51,38,15,2,106,0,0,10,1,11,51,38,25,3,117,0,0,0,117
03/06/2005,MYR,SC,ASO,ES,Combined TRACON& Tower with Radar,47,54,38,1,140,0,6,41,0,47,47,60,79,1,187,14,0,14,201
03/07/2005,MYR,SC,ASO,ES,Combined TRACON& Tower with Radar,46,38,19,17,120,0,0,18,2,20,46,38,37,19,140,0,6,6,146
03/08/2005,MYR,SC,ASO,ES,Combined TRACON& Tower with Radar,32,44,13,2,91,0,0,5,0,5,32,44,18,2,96,0,0,0,96
03/09/2005,MYR,SC,ASO,ES,Combined TRACON& Tower with Radar,30,55,20,23,128,0,1,36,5,42,30,56,56,28,170,42,24,66,236
03/10/2005,MYR,SC,ASO,ES,Combined TRACON& Tower with Radar,44,53,23,2,122,0,0,26,1,27,44,53,49,3,149,44,4,48,197
03/11/2005,MYR,SC,ASO,ES,Combined TRACON& Tower with Radar,51,46,16,9,122,0,40,9,2,51,51,86,25,11,173,2,0,2,175
03/12/2005,MYR,SC,ASO,ES,Combined TRACON& Tower with Radar,35,66,8,1,110,16,24,4,0,44,51,90,12,1,154,2,0,2,156
03/13/2005,MYR,SC,ASO,ES,Combined TRACON& Tower with Radar,59,42,18,0,119,0,8,29,0,37,59,50,47,0,156,0,0,0,156
03/14/2005,MYR,SC,ASO,ES,Combined TRACON& Tower with Radar,45,39,10,6,100,0,0,1,2,3,45,39,11,8,103,22,0,22,125
03/15/2005,MYR,SC,ASO,ES,Combined TRACON& Tower with Radar,30,48,25,7,110,0,0,12,2,14,30,48,37,9,124,18,0,18,142
03/16/2005,MYR,SC,ASO,ES,Combined TRACON& Tower with Radar,33,44,20,0,97,0,0,0,0,0,33,44,20,0,97,0,0,0,97
03/17/2005,MYR,SC,ASO,ES,Combined TRACON& Tower with Radar,46,46,10,0,102,0,0,0,0,0,46,46,10,0,102,0,0,0,102
03/18/2005,MYR,SC,ASO,ES,Combined TRACON& Tower with Radar,58,45,33,1,137,0,64,11,0,75,58,109,44,1,212,0,2,2,214
03/19/2005,MYR,SC,ASO,ES,Combined TRACON& Tower with Radar,34,65,33,2,134,0,94,11,0,105,34,159,44,2,239,4,0,4,243
03/20/2005,MYR,SC,ASO,ES,Combined TRACON& Tower with Radar,53,51,26,2,132,0,0,19,0,19,53,51,45,2,151,12,0,12,163
03/21/2005,MYR,SC,ASO,ES,Combined TRACON& Tower with Radar,49,38,22,3,112,0,0,9,0,9,49,38,31,3,121,0,0,0,121
03/22/2005,MYR,SC,ASO,ES,Combined TRACON& Tower with Radar,29,50,19,3,101,0,0,4,0,4,29,50,23,3,105,0,8,8,113
03/23/2005,MYR,SC,ASO,ES,Combined TRACON& Tower with Radar,31,46,28,2,107,0,0,7,0,7,31,46,35,2,114,0,0,0,114
03/24/2005,MYR,SC,ASO,ES,Combined TRACON& Tower with Radar,46,50,32,0,128,0,0,31,0,31,46,50,63,0,159,0,0,0,159
03/25/2005,MYR,SC,ASO,ES,Combined TRACON& Tower with Radar,47,52,36,0,135,0,0,17,0,17,47,52,53,0,152,0,0,0,152
03/26/2005,MYR,SC,ASO,ES,Combined TRACON& Tower with Radar,29,72,23,12,136,0,0,3,0,3,29,72,26,12,139,0,1,1,140
03/27/2005,MYR,SC,ASO,ES,Combined TRACON& Tower with Radar,44,49,10,0,103,0,0,0,0,0,44,49,10,0,103,0,0,0,103
03/28/2005,MYR,SC,ASO,ES,Combined TRACON& Tower with Radar,42,39,11,1,93,0,2,2,0,4,42,41,13,1,97,0,0,0,97
03/29/2005,MYR,SC,ASO,ES,Combined TRACON& Tower with Radar,32,48,29,12,121,0,0,19,0,19,32,48,48,12,140,0,36,36,176
03/30/2005,MYR,SC,ASO,ES,Combined TRACON& Tower with Radar,36,42,33,17,128,0,2,25,0,27,36,44,58,17,155,4,32,36,191
03/31/2005,MYR,SC,ASO,ES,Combined TRACON& Tower with Radar,44,42,30,2,118,0,0,15,7,22,44,42,45,9,140,22,0,22,162
04/01/2005,MYR,SC,ASO,ES,Combined TRACON& Tower with Radar,48,42,19,12,121,0,0,4,0,4,48,42,23,12,125,0,0,0,125
04/02/2005,MYR,SC,ASO,ES,Combined TRACON& Tower with Radar,36,69,22,0,127,0,1,5,1,7,36,70,27,1,134,0,0,0,134
04/03/2005,MYR,SC,ASO,ES,Combined TRACON& Tower with Radar,57,47,27,0,131,0,0,9,0,9,57,47,36,0,140,0,0,0,140
04/04/2005,MYR,SC,ASO,ES,Combined TRACON& Tower with Radar,49,39,19,5,112,0,0,17,0,17,49,39,36,5,129,14,0,14,143
04/05/2005,MYR,SC,ASO,ES,Combined TRACON& Tower with Radar,37,51,32,1,121,0,0,19,0,19,37,51,51,1,140,2,0,2,142
04/06/2005,MYR,SC,ASO,ES,Combined TRACON& Tower with Radar,38,52,25,21,136,0,1,23,3,27,38,53,48,24,163,18,0,18,181
04/07/2005,MYR,SC,ASO,ES,Combined TRACON& Tower with Radar,54,45,24,7,130,0,0,5,1,6,54,45,29,8,136,4,4,8,144
04/08/2005,MYR,SC,ASO,ES,Combined TRACON& Tower with Radar,52,48,25,20,145,0,0,4,0,4,52,48,29,20,149,0,20,20,169
04/09/2005,MYR,SC,ASO,ES,Combined TRACON& Tower with Radar,44,69,22,0,135,0,1,8,0,9,44,70,30,0,144,10,0,10,154
04/10/2005,MYR,SC,ASO,ES,Combined TRACON& Tower with Radar,60,48,33,0,141,0,1,37,0,38,60,49,70,0,179,16,0,16,195
04/11/2005,MYR,SC,ASO,ES,Combined TRACON& Tower with Radar,56,36,31,13,136,0,0,21,3,24,56,36,52,16,160,14,6,20,180
04/12/2005,MYR,SC,ASO,ES,Combined TRACON& Tower with Radar,39,48,28,16,131,0,0,6,2,8,39,48,34,18,139,22,10,32,171
04/13/2005,MYR,SC,ASO,ES,Combined TRACON& Tower with Radar,38,53,12,3,106,0,0,0,0,0,38,53,12,3,106,0,0,0,106
04/14/2005,MYR,SC,ASO,ES,Combined TRACON& Tower with Radar,52,54,36,0,142,0,0,10,3,13,52,54,46,3,155,40,0,40,195
04/15/2005,MYR,SC,ASO,ES,Combined TRACON& Tower with Radar,69,34,35,10,148,0,0,21,1,22,69,34,56,11,170,12,16,28,198
04/16/2005,MYR,SC,ASO,ES,Combined TRACON& Tower with Radar,37,77,26,5,145,0,16,20,3,39,37,93,46,8,184,0,6,6,190
04/17/2005,MYR,SC,ASO,ES,Combined TRACON& Tower with Radar,63,45,20,1,129,0,0,37,3,40,63,45,57,4,169,0,0,0,169
04/18/2005,MYR,SC,ASO,ES,Combined TRACON& Tower with Radar,53,38,22,1,114,0,4,35,2,41,53,42,57,3,155,6,0,6,161
04/19/2005,MYR,SC,ASO,ES,Combined TRACON& Tower with Radar,36,49,21,4,110,0,6,35,0,41,36,55,56,4,151,12,24,36,187
04/20/2005,MYR,SC,ASO,ES,Combined TRACON& Tower with Radar,46,38,23,6,113,0,4,43,0,47,46,42,66,6,160,24,2,26,186
04/21/2005,MYR,SC,ASO,ES,Combined TRACON& Tower with Radar,53,48,39,0,140,0,22,16,2,40,53,70,55,2,180,2,0,2,182
04/22/2005,MYR,SC,ASO,ES,Combined TRACON& Tower with Radar,52,45,42,23,162,0,28,9,3,40,52,73,51,26,202,10,66,76,278
04/23/2005,MYR,SC,ASO,ES,Combined TRACON& Tower with Radar,37,75,24,0,136,0,4,2,1,7,37,79,26,1,143,8,0,8,151
04/24/2005,MYR,SC,ASO,ES,Combined TRACON& Tower with Radar,61,54,28,5,148,0,0,8,0,8,61,54,36,5,156,0,0,0,156
04/25/2005,MYR,SC,ASO,ES,Combined TRACON& Tower with Radar,52,39,15,13,119,0,2,17,1,20,52,41,32,14,139,22,0,22,161
04/26/2005,MYR,SC,ASO,ES,Combined TRACON& Tower with Radar,37,53,20,1,111,0,0,12,1,13,37,53,32,2,124,0,0,0,124
04/27/2005,MYR,SC,ASO,ES,Combined TRACON& Tower with Radar,39,49,34,7,129,0,0,16,0,16,39,49,50,7,145,6,4,10,155
04/28/2005,MYR,SC,ASO,ES,Combined TRACON& Tower with Radar,63,45,31,5,144,0,6,23,1,30,63,51,54,6,174,27,15,42,216
04/29/2005,MYR,SC,ASO,ES,Combined TRACON& Tower with Radar,47,52,33,19,151,0,0,16,2,18,47,52,49,21,169,25,10,35,204
04/30/2005,MYR,SC,ASO,ES,Combined TRACON& Tower with Radar,39,75,12,0,126,0,2,9,0,11,39,77,21,0,137,2,0,2,139
05/01/2005,MYR,SC,ASO,ES,Combined TRACON& Tower with Radar,55,53,39,10,157,0,1,17,0,18,55,54,56,10,175,2,22,24,199
05/02/2005,MYR,SC,ASO,ES,Combined TRACON& Tower with Radar,54,30,32,21,137,0,0,21,2,23,54,30,53,23,160,16,52,68,228
05/03/2005,MYR,SC,ASO,ES,Combined TRACON& Tower with Radar,39,52,24,0,115,0,10,20,1,31,39,62,44,1,146,0,0,0,146
05/04/2005,MYR,SC,ASO,ES,Combined TRACON& Tower with Radar,44,48,34,4,130,0,0,14,0,14,44,48,48,4,144,24,0,24,168
05/05/2005,MYR,SC,ASO,ES,Combined TRACON& Tower with Radar,59,42,34,2,137,0,0,2,0,2,59,42,36,2,139,0,0,0,139
05/06/2005,MYR,SC,ASO,ES,Combined TRACON& Tower with Radar,45,43,27,4,119,0,0,4,0,4,45,43,31,4,123,10,0,10,133
05/07/2005,MYR,SC,ASO,ES,Combined TRACON& Tower with Radar,47,70,14,6,137,0,26,26,2,54,47,96,40,8,191,0,6,6,197
05/08/2005,MYR,SC,ASO,ES,Combined TRACON& Tower with Radar,56,51,23,0,130,0,0,29,2,31,56,51,52,2,161,6,0,6,167
05/09/2005,MYR,SC,ASO,ES,Combined TRACON& Tower with Radar,48,36,22,1,107,0,0,33,0,33,48,36,55,1,140,0,0,0,140
05/10/2005,MYR,SC,ASO,ES,Combined TRACON& Tower with Radar,39,49,23,13,124,0,3,10,1,14,39,52,33,14,138,18,34,52,190
05/11/2005,MYR,SC,ASO,ES,Combined TRACON& Tower with Radar,40,47,22,5,114,0,2,10,1,13,40,49,32,6,127,19,10,29,156
05/12/2005,MYR,SC,ASO,ES,Combined TRACON& Tower with Radar,60,42,26,19,147,0,0,27,0,27,60,42,53,19,174,0,16,16,190
05/13/2005,MYR,SC,ASO,ES,Combined TRACON& Tower with Radar,52,37,39,14,142,0,0,9,0,9,52,37,48,14,151,0,0,0,151
05/14/2005,MYR,SC,ASO,ES,Combined TRACON& Tower with Radar,34,80,31,2,147,1,0,16,0,17,35,80,47,2,164,44,0,44,208
05/15/2005,MYR,SC,ASO,ES,Combined TRACON& Tower with Radar,58,52,31,2,143,0,0,6,2,8,58,52,37,4,151,4,0,4,155
05/16/2005,MYR,SC,ASO,ES,Combined TRACON& Tower with Radar,46,43,22,14,125,0,17,5,0,22,46,60,27,14,147,52,22,74,221
05/17/2005,MYR,SC,ASO,ES,Combined TRACON& Tower with Radar,43,46,32,0,121,0,0,4,0,4,43,46,36,0,125,0,0,0,125
05/18/2005,MYR,SC,ASO,ES,Combined TRACON& Tower with Radar,40,48,30,8,126,0,7,39,2,48,40,55,69,10,174,12,0,12,186
05/19/2005,MYR,SC,ASO,ES,Combined TRACON& Tower with Radar,49,52,18,6,125,0,6,46,1,53,49,58,64,7,178,10,8,18,196
05/20/2005,MYR,SC,ASO,ES,Combined TRACON& Tower with Radar,43,42,25,3,113,0,0,15,0,15,43,42,40,3,128,0,0,0,128
05/21/2005,MYR,SC,ASO,ES,Combined TRACON& Tower with Radar,41,71,31,6,149,0,18,16,8,42,41,89,47,14,191,0,10,10,201
05/22/2005,MYR,SC,ASO,ES,Combined TRACON& Tower with Radar,52,59,23,1,135,0,0,39,1,40,52,59,62,2,175,12,4,16,191
05/23/2005,MYR,SC,ASO,ES,Combined TRACON& Tower with Radar,46,45,13,6,110,0,0,10,1,11,46,45,23,7,121,12,0,12,133
05/24/2005,MYR,SC,ASO,ES,Combined TRACON& Tower with Radar,51,40,21,18,130,0,0,28,0,28,51,40,49,18,158,50,18,68,226
05/25/2005,MYR,SC,ASO,ES,Combined TRACON& Tower with Radar,41,55,25,11,132,0,2,18,0,20,41,57,43,11,152,10,10,20,172
05/26/2005,MYR,SC,ASO,ES,Combined TRACON& Tower with Radar,55,41,38,20,154,495,0,24,0,519,550,41,62,20,673,27,28,55,728
05/27/2005,MYR,SC,ASO,ES,Combined TRACON& Tower with Radar,49,49,32,0,130,0,2,19,1,22,49,51,51,1,152,0,0,0,152
05/28/2005,MYR,SC,ASO,ES,Combined TRACON& Tower with Radar,87,19,20,0,126,0,0,16,2,18,87,19,36,2,144,28,2,30,174
05/29/2005,MYR,SC,ASO,ES,Combined TRACON& Tower with Radar,47,53,12,0,112,0,0,36,2,38,47,53,48,2,150,0,0,0,150
05/30/2005,MYR,SC,ASO,ES,Combined TRACON& Tower with Radar,53,36,26,0,115,0,0,1,0,1,53,36,27,0,116,0,0,0,116
05/31/2005,MYR,SC,ASO,ES,Combined TRACON& Tower with Radar,42,40,18,0,100,0,0,8,0,8,42,40,26,0,108,6,0,6,114
06/01/2005,MYR,SC,ASO,ES,Combined TRACON& Tower with Radar,38,49,17,9,113,0,0,0,0,0,38,49,17,9,113,0,0,0,113
06/02/2005,MYR,SC,ASO,ES,Combined TRACON& Tower with Radar,49,48,25,7,129,0,0,1,0,1,49,48,26,7,130,0,0,0,130
06/03/2005,MYR,SC,ASO,ES,Combined TRACON& Tower with Radar,43,49,25,13,130,0,0,23,0,23,43,49,48,13,153,0,0,0,153
06/04/2005,MYR,SC,ASO,ES,Combined TRACON& Tower with Radar,40,73,13,1,127,0,0,17,4,21,40,73,30,5,148,0,0,0,148
06/05/2005,MYR,SC,ASO,ES,Combined TRACON& Tower with Radar,64,42,29,0,135,0,0,17,3,20,64,42,46,3,155,8,0,8,163
06/06/2005,MYR,SC,ASO,ES,Combined TRACON& Tower with Radar,43,41,16,31,131,0,0,13,0,13,43,41,29,31,144,0,36,36,180
06/07/2005,MYR,SC,ASO,ES,Combined TRACON& Tower with Radar,37,41,24,4,106,0,20,65,0,85,37,61,89,4,191,30,8,38,229
06/08/2005,MYR,SC,ASO,ES,Combined TRACON& Tower with Radar,45,47,34,13,139,0,4,15,0,19,45,51,49,13,158,0,0,0,158
06/09/2005,MYR,SC,ASO,ES,Combined TRACON& Tower with Radar,48,49,23,5,125,0,41,21,0,62,48,90,44,5,187,8,6,14,201
06/10/2005,MYR,SC,ASO,ES,Combined TRACON& Tower with Radar,48,49,40,21,158,0,17,19,1,37,48,66,59,22,195,30,48,78,273
06/11/2005,MYR,SC,ASO,ES,Combined TRACON& Tower with Radar,54,73,36,1,164,0,36,15,0,51,54,109,51,1,215,24,16,40,255
06/12/2005,MYR,SC,ASO,ES,Combined TRACON& Tower with Radar,60,54,26,10,150,0,0,3,2,5,60,54,29,12,155,2,0,2,157
06/13/2005,MYR,SC,ASO,ES,Combined TRACON& Tower with Radar,46,40,20,0,106,0,12,11,0,23,46,52,31,0,129,16,0,16,145
06/14/2005,MYR,SC,ASO,ES,Combined TRACON& Tower with Radar,51,32,24,7,114,0,34,18,0,52,51,66,42,7,166,44,10,54,220
06/15/2005,MYR,SC,ASO,ES,Combined TRACON& Tower with Radar,41,45,44,10,140,0,79,33,0,112,41,124,77,10,252,10,30,40,292
06/16/2005,MYR,SC,ASO,ES,Combined TRACON& Tower with Radar,56,43,38,18,155,0,97,31,1,129,56,140,69,19,284,34,6,40,324
06/17/2005,MYR,SC,ASO,ES,Combined TRACON& Tower with Radar,47,48,42,11,148,0,143,32,0,175,47,191,74,11,323,22,11,33,356
06/18/2005,MYR,SC,ASO,ES,Combined TRACON& Tower with Radar,51,74,42,0,167,0,138,35,0,173,51,212,77,0,340,72,0,72,412
06/19/2005,MYR,SC,ASO,ES,Combined TRACON& Tower with Radar,81,42,37,4,164,0,0,20,0,20,81,42,57,4,184,0,4,4,188
06/20/2005,MYR,SC,ASO,ES,Combined TRACON& Tower with Radar,46,37,12,11,106,0,26,31,2,59,46,63,43,13,165,46,42,88,253
06/21/2005,MYR,SC,ASO,ES,Combined TRACON& Tower with Radar,38,51,27,1,117,0,53,33,0,86,38,104,60,1,203,22,4,26,229
06/22/2005,MYR,SC,ASO,ES,Combined TRACON& Tower with Radar,38,47,38,23,146,0,23,30,5,58,38,70,68,28,204,6,32,38,242
06/23/2005,MYR,SC,ASO,ES,Combined TRACON& Tower with Radar,58,48,30,7,143,0,30,33,2,65,58,78,63,9,208,12,0,12,220
06/24/2005,MYR,SC,ASO,ES,Combined TRACON& Tower with Radar,50,48,34,7,139,0,102,22,10,134,50,150,56,17,273,0,10,10,283
06/25/2005,MYR,SC,ASO,ES,Combined TRACON& Tower with Radar,75,65,21,2,163,0,86,1,0,87,75,151,22,2,250,0,0,0,250
06/26/2005,MYR,SC,ASO,ES,Combined TRACON& Tower with Radar,51,55,36,0,142,0,0,14,0,14,51,55,50,0,156,0,0,0,156
06/27/2005,MYR,SC,ASO,ES,Combined TRACON& Tower with Radar,50,40,16,5,111,0,25,13,0,38,50,65,29,5,149,22,0,22,171
06/28/2005,MYR,SC,ASO,ES,Combined TRACON& Tower with Radar,40,51,21,0,112,0,6,2,0,8,40,57,23,0,120,18,0,18,138
06/29/2005,MYR,SC,ASO,ES,Combined TRACON& Tower with Radar,41,49,33,2,125,0,16,0,0,16,41,65,33,2,141,0,0,0,141
06/30/2005,MYR,SC,ASO,ES,Combined TRACON& Tower with Radar,52,53,33,2,140,0,22,20,0,42,52,75,53,2,182,14,0,14,196
07/01/2005,MYR,SC,ASO,ES,Combined TRACON& Tower with Radar,53,43,31,4,131,0,27,17,0,44,53,70,48,4,175,6,0,6,181
07/02/2005,MYR,SC,ASO,ES,Combined TRACON& Tower with Radar,63,61,29,0,153,0,29,35,0,64,63,90,64,0,217,16,0,16,233
07/03/2005,MYR,SC,ASO,ES,Combined TRACON& Tower with Radar,46,59,18,0,123,0,0,1,0,1,46,59,19,0,124,0,0,0,124
07/04/2005,MYR,SC,ASO,ES,Combined TRACON& Tower with Radar,51,33,18,0,102,0,40,6,0,46,51,73,24,0,148,0,0,0,148
07/05/2005,MYR,SC,ASO,ES,Combined TRACON& Tower with Radar,50,36,47,10,143,0,43,13,0,56,50,79,60,10,199,8,0,8,207
07/06/2005,MYR,SC,ASO,ES,Combined TRACON& Tower with Radar,49,38,23,9,119,0,49,14,1,64,49,87,37,10,183,0,0,0,183
07/07/2005,MYR,SC,ASO,ES,Combined TRACON& Tower with Radar,56,45,19,10,130,10,49,21,0,80,66,94,40,10,210,4,0,4,214
07/08/2005,MYR,SC,ASO,ES,Combined TRACON& Tower with Radar,48,43,34,11,136,0,48,20,0,68,48,91,54,11,204,8,10,18,222
07/09/2005,MYR,SC,ASO,ES,Combined TRACON& Tower with Radar,64,65,38,5,172,0,33,20,0,53,64,98,58,5,225,10,6,16,241
07/10/2005,MYR,SC,ASO,ES,Combined TRACON& Tower with Radar,51,57,28,0,136,0,0,7,0,7,51,57,35,0,143,22,0,22,165
07/11/2005,MYR,SC,ASO,ES,Combined TRACON& Tower with Radar,50,30,21,4,105,0,24,10,1,35,50,54,31,5,140,0,0,0,140
07/12/2005,MYR,SC,ASO,ES,Combined TRACON& Tower with Radar,39,46,31,6,122,0,39,8,1,48,39,85,39,7,170,2,10,12,182
07/13/2005,MYR,SC,ASO,ES,Combined TRACON& Tower with Radar,43,45,25,2,115,0,24,5,1,30,43,69,30,3,145,6,0,6,151
07/14/2005,MYR,SC,ASO,ES,Combined TRACON& Tower with Radar,51,45,33,2,131,0,20,8,0,28,51,65,41,2,159,0,10,10,169
07/15/2005,MYR,SC,ASO,ES,Combined TRACON& Tower with Radar,50,38,34,16,138,0,44,13,4,61,50,82,47,20,199,12,18,30,229
07/16/2005,MYR,SC,ASO,ES,Combined TRACON& Tower with Radar,59,68,32,10,169,0,54,30,1,85,59,122,62,11,254,4,2,6,260
07/17/2005,MYR,SC,ASO,ES,Combined TRACON& Tower with Radar,61,51,21,4,137,0,0,19,0,19,61,51,40,4,156,0,0,0,156
07/18/2005,MYR,SC,ASO,ES,Combined TRACON& Tower with Radar,48,38,27,41,154,0,54,13,0,67,48,92,40,41,221,0,56,56,277
07/19/2005,MYR,SC,ASO,ES,Combined TRACON& Tower with Radar,38,48,22,17,125,0,32,4,0,36,38,80,26,17,161,2,32,34,195
07/20/2005,MYR,SC,ASO,ES,Combined TRACON& Tower with Radar,38,46,37,4,125,0,31,9,4,44,38,77,46,8,169,0,0,0,169
07/21/2005,MYR,SC,ASO,ES,Combined TRACON& Tower with Radar,51,49,28,5,133,0,40,18,0,58,51,89,46,5,191,2,28,30,221
07/22/2005,MYR,SC,ASO,ES,Combined TRACON& Tower with Radar,51,43,24,21,139,0,51,19,0,70,51,94,43,21,209,4,32,36,245
07/23/2005,MYR,SC,ASO,ES,Combined TRACON& Tower with Radar,61,69,25,17,172,0,48,31,0,79,61,117,56,17,251,2,4,6,257
07/24/2005,MYR,SC,ASO,ES,Combined TRACON& Tower with Radar,54,57,32,25,168,0,0,28,1,29,54,57,60,26,197,28,8,36,233
07/25/2005,MYR,SC,ASO,ES,Combined TRACON& Tower with Radar,47,36,25,14,122,0,26,20,0,46,47,62,45,14,168,18,0,18,186
07/26/2005,MYR,SC,ASO,ES,Combined TRACON& Tower with Radar,45,43,27,8,123,0,32,17,1,50,45,75,44,9,173,2,12,14,187
07/27/2005,MYR,SC,ASO,ES,Combined TRACON& Tower with Radar,47,40,25,11,123,0,44,23,0,67,47,84,48,11,190,8,10,18,208
07/28/2005,MYR,SC,ASO,ES,Combined TRACON& Tower with Radar,54,48,24,4,130,0,34,7,1,42,54,82,31,5,172,0,0,0,172
07/29/2005,MYR,SC,ASO,ES,Combined TRACON& Tower with Radar,51,43,16,1,111,0,40,7,0,47,51,83,23,1,158,8,0,8,166
07/30/2005,MYR,SC,ASO,ES,Combined TRACON& Tower with Radar,58,72,23,7,160,0,23,4,0,27,58,95,27,7,187,0,4,4,191
07/31/2005,MYR,SC,ASO,ES,Combined TRACON& Tower with Radar,58,48,15,0,121,0,4,2,0,6,58,52,17,0,127,0,0,0,127
08/01/2005,MYR,SC,ASO,ES,Combined TRACON& Tower with Radar,56,34,36,4,130,0,23,7,0,30,56,57,43,4,160,10,0,10,170
08/02/2005,MYR,SC,ASO,ES,Combined TRACON& Tower with Radar,40,46,29,7,122,0,28,17,0,45,40,74,46,7,167,2,0,2,169
08/03/2005,MYR,SC,ASO,ES,Combined TRACON& Tower with Radar,43,44,24,4,115,0,23,28,0,51,43,67,52,4,166,14,0,14,180
08/04/2005,MYR,SC,ASO,ES,Combined TRACON& Tower with Radar,58,40,23,2,123,0,42,27,0,69,58,82,50,2,192,13,14,27,219
08/05/2005,MYR,SC,ASO,ES,Combined TRACON& Tower with Radar,61,29,33,2,125,0,52,21,1,74,61,81,54,3,199,18,0,18,217
08/06/2005,MYR,SC,ASO,ES,Combined TRACON& Tower with Radar,60,70,22,0,152,0,30,10,0,40,60,100,32,0,192,0,0,0,192
08/07/2005,MYR,SC,ASO,ES,Combined TRACON& Tower with Radar,51,65,23,0,139,0,0,20,0,20,51,65,43,0,159,10,0,10,169
08/08/2005,MYR,SC,ASO,ES,Combined TRACON& Tower with Radar,48,38,23,0,109,0,0,2,0,2,48,38,25,0,111,0,0,0,111
08/09/2005,MYR,SC,ASO,ES,Combined TRACON& Tower with Radar,40,45,29,8,122,0,25,8,0,33,40,70,37,8,155,14,0,14,169
08/10/2005,MYR,SC,ASO,ES,Combined TRACON& Tower with Radar,41,47,24,1,113,0,19,9,0,28,41,66,33,1,141,14,0,14,155
08/11/2005,MYR,SC,ASO,ES,Combined TRACON& Tower with Radar,61,33,27,8,129,0,44,15,0,59,61,77,42,8,188,30,4,34,222
08/12/2005,MYR,SC,ASO,ES,Combined TRACON& Tower with Radar,52,39,29,7,127,0,50,26,1,77,52,89,55,8,204,16,0,16,220
08/13/2005,MYR,SC,ASO,ES,Combined TRACON& Tower with Radar,52,39,29,7,127,0,50,26,1,77,52,89,55,8,204,16,0,16,220
08/14/2005,MYR,SC,ASO,ES,Combined TRACON& Tower with Radar,55,51,26,0,132,0,0,9,0,9,55,51,35,0,141,4,0,4,145
08/15/2005,MYR,SC,ASO,ES,Combined TRACON& Tower with Radar,48,38,21,0,107,0,21,12,0,33,48,59,33,0,140,0,0,0,140
08/16/2005,MYR,SC,ASO,ES,Combined TRACON& Tower with Radar,42,42,23,4,111,0,26,16,2,44,42,68,39,6,155,10,0,10,165
08/17/2005,MYR,SC,ASO,ES,Combined TRACON& Tower with Radar,39,42,25,17,123,0,12,11,0,23,39,54,36,17,146,0,0,0,146
08/18/2005,MYR,SC,ASO,ES,Combined TRACON& Tower with Radar,58,42,41,4,145,0,28,4,0,32,58,70,45,4,177,10,0,10,187
08/19/2005,MYR,SC,ASO,ES,Combined TRACON& Tower with Radar,49,38,37,3,127,0,23,18,0,41,49,61,55,3,168,14,0,14,182
08/20/2005,MYR,SC,ASO,ES,Combined TRACON& Tower with Radar,61,66,22,2,151,0,40,16,1,57,61,106,38,3,208,4,14,18,226
08/21/2005,MYR,SC,ASO,ES,Combined TRACON& Tower with Radar,46,56,22,7,131,0,3,17,1,21,46,59,39,8,152,12,0,12,164
08/22/2005,MYR,SC,ASO,ES,Combined TRACON& Tower with Radar,46,36,20,1,103,0,32,15,0,47,46,68,35,1,150,2,0,2,152
08/23/2005,MYR,SC,ASO,ES,Combined TRACON& Tower with Radar,34,43,24,0,101,0,14,4,0,18,34,57,28,0,119,5,0,5,124
08/24/2005,MYR,SC,ASO,ES,Combined TRACON& Tower with Radar,35,45,35,14,129,0,19,4,0,23,35,64,39,14,152,0,0,0,152
08/25/2005,MYR,SC,ASO,ES,Combined TRACON& Tower with Radar,52,44,28,1,125,0,10,22,0,32,52,54,50,1,157,14,0,14,171
08/26/2005,MYR,SC,ASO,ES,Combined TRACON& Tower with Radar,56,39,21,3,119,1,40,11,0,52,57,79,32,3,171,4,0,4,175
08/27/2005,MYR,SC,ASO,ES,Combined TRACON& Tower with Radar,54,72,16,3,145,0,18,8,0,26,54,90,24,3,171,0,0,0,171
08/28/2005,MYR,SC,ASO,ES,Combined TRACON& Tower with Radar,57,42,22,14,135,0,0,16,3,19,57,42,38,17,154,0,0,0,154
08/29/2005,MYR,SC,ASO,ES,Combined TRACON& Tower with Radar,42,38,16,6,102,0,0,15,4,19,42,38,31,10,121,18,6,24,145
08/30/2005,MYR,SC,ASO,ES,Combined TRACON& Tower with Radar,32,46,21,23,122,0,1,8,5,14,32,47,29,28,136,0,13,13,149
08/31/2005,MYR,SC,ASO,ES,Combined TRACON& Tower with Radar,33,52,37,8,130,0,2,15,3,20,33,54,52,11,150,26,0,26,176
09/01/2005,MYR,SC,ASO,ES,Combined TRACON& Tower with Radar,53,36,23,0,112,0,10,24,0,34,53,46,47,0,146,6,0,6,152
09/02/2005,MYR,SC,ASO,ES,Combined TRACON& Tower with Radar,47,39,27,0,113,0,3,26,1,30,47,42,53,1,143,2,0,2,145
09/03/2005,MYR,SC,ASO,ES,Combined TRACON& Tower with Radar,50,70,17,0,137,0,1,32,0,33,50,71,49,0,170,4,0,4,174
09/04/2005,MYR,SC,ASO,ES,Combined TRACON& Tower with Radar,45,43,11,4,103,0,0,18,0,18,45,43,29,4,121,18,18,36,157
09/05/2005,MYR,SC,ASO,ES,Combined TRACON& Tower with Radar,52,30,42,2,126,0,0,22,0,22,52,30,64,2,148,0,0,0,148
09/06/2005,MYR,SC,ASO,ES,Combined TRACON& Tower with Radar,25,38,16,0,79,0,1,14,0,15,25,39,30,0,94,6,2,8,102
09/07/2005,MYR,SC,ASO,ES,Combined TRACON& Tower with Radar,32,43,26,7,108,0,0,3,2,5,32,43,29,9,113,0,3,3,116
09/08/2005,MYR,SC,ASO,ES,Combined TRACON& Tower with Radar,45,47,28,9,129,0,1,14,0,15,45,48,42,9,144,2,0,2,146
09/09/2005,MYR,SC,ASO,ES,Combined TRACON& Tower with Radar,40,46,15,4,105,0,0,19,0,19,40,46,34,4,124,0,16,16,140
09/10/2005,MYR,SC,ASO,ES,Combined TRACON& Tower with Radar,33,65,11,0,109,0,0,8,2,10,33,65,19,2,119,0,0,0,119
09/11/2005,MYR,SC,ASO,ES,Combined TRACON& Tower with Radar,42,50,10,0,102,0,0,1,0,1,42,50,11,0,103,2,0,2,105
09/12/2005,MYR,SC,ASO,ES,Combined TRACON& Tower with Radar,45,29,20,0,94,0,0,7,0,7,45,29,27,0,101,4,0,4,105
09/13/2005,MYR,SC,ASO,ES,Combined TRACON& Tower with Radar,33,20,0,0,53,0,0,0,0,0,33,20,0,0,53,0,0,0,53
09/14/2005,MYR,SC,ASO,ES,Combined TRACON& Tower with Radar,22,12,0,0,34,0,0,0,0,0,22,12,0,0,34,0,0,0,34
09/15/2005,MYR,SC,ASO,ES,Combined TRACON& Tower with Radar,43,43,24,1,111,0,1,11,0,12,43,44,35,1,123,2,0,2,125
09/16/2005,MYR,SC,ASO,ES,Combined TRACON& Tower with Radar,42,39,25,6,112,0,0,16,1,17,42,39,41,7,129,12,0,12,141
09/17/2005,MYR,SC,ASO,ES,Combined TRACON& Tower with Radar,39,54,20,1,114,0,2,16,3,21,39,56,36,4,135,0,0,0,135
09/18/2005,MYR,SC,ASO,ES,Combined TRACON& Tower with Radar,47,44,36,3,130,0,8,13,3,24,47,52,49,6,154,14,0,14,168
09/19/2005,MYR,SC,ASO,ES,Combined TRACON& Tower with Radar,38,41,20,2,101,0,0,3,0,3,38,41,23,2,104,0,0,0,104
09/20/2005,MYR,SC,ASO,ES,Combined TRACON& Tower with Radar,29,40,22,5,96,0,45,14,2,61,29,85,36,7,157,30,0,30,187
09/21/2005,MYR,SC,ASO,ES,Combined TRACON& Tower with Radar,33,46,28,12,119,0,0,11,0,11,33,46,39,12,130,32,38,70,200
09/22/2005,MYR,SC,ASO,ES,Combined TRACON& Tower with Radar,52,38,33,2,125,0,0,13,0,13,52,38,46,2,138,66,16,82,220
09/23/2005,MYR,SC,ASO,ES,Combined TRACON& Tower with Radar,38,44,29,13,124,0,40,16,0,56,38,84,45,13,180,10,20,30,210
09/24/2005,MYR,SC,ASO,ES,Combined TRACON& Tower with Radar,41,53,21,6,121,0,95,20,0,115,41,148,41,6,236,6,2,8,244
09/25/2005,MYR,SC,ASO,ES,Combined TRACON& Tower with Radar,45,40,37,9,131,0,0,11,0,11,45,40,48,9,142,34,0,34,176
09/26/2005,MYR,SC,ASO,ES,Combined TRACON& Tower with Radar,38,38,28,14,118,0,0,5,1,6,38,38,33,15,124,2,13,15,139
09/27/2005,MYR,SC,ASO,ES,Combined TRACON& Tower with Radar,29,40,13,11,93,0,0,24,0,24,29,40,37,11,117,32,6,38,155
09/28/2005,MYR,SC,ASO,ES,Combined TRACON& Tower with Radar,32,40,22,19,113,0,3,21,0,24,32,43,43,19,137,6,8,14,151
09/29/2005,MYR,SC,ASO,ES,Combined TRACON& Tower with Radar,47,49,23,1,120,0,6,13,1,20,47,55,36,2,140,10,6,16,156
09/30/2005,MYR,SC,ASO,ES,Combined TRACON& Tower with Radar,44,34,31,0,109,0,2,8,2,12,44,36,39,2,121,7,0,7,128
10/01/2005,MYR,SC,ASO,ES,Combined TRACON& Tower with Radar,34,54,15,1,104,0,0,13,2,15,34,54,28,3,119,0,0,0,119
10/02/2005,MYR,SC,ASO,ES,Combined TRACON& Tower with Radar,43,41,11,0,95,0,0,15,0,15,43,41,26,0,110,12,0,12,122
10/03/2005,MYR,SC,ASO,ES,Combined TRACON& Tower with Radar,33,37,14,3,87,0,0,6,0,6,33,37,20,3,93,9,0,9,102
10/04/2005,MYR,SC,ASO,ES,Combined TRACON& Tower with Radar,38,31,23,10,102,0,0,2,0,2,38,31,25,10,104,12,6,18,122
10/05/2005,MYR,SC,ASO,ES,Combined TRACON& Tower with Radar,32,51,28,4,115,0,0,1,0,1,32,51,29,4,116,0,0,0,116
10/06/2005,MYR,SC,ASO,ES,Combined TRACON& Tower with Radar,35,49,30,0,114,0,0,0,1,1,35,49,30,1,115,0,0,0,115
10/07/2005,MYR,SC,ASO,ES,Combined TRACON& Tower with Radar,34,46,17,4,101,0,0,0,0,0,34,46,17,4,101,0,0,0,101
10/08/2005,MYR,SC,ASO,ES,Combined TRACON& Tower with Radar,34,58,30,3,125,0,0,12,0,12,34,58,42,3,137,6,0,6,143
10/09/2005,MYR,SC,ASO,ES,Combined TRACON& Tower with Radar,38,45,21,4,108,0,5,1,1,7,38,50,22,5,115,2,0,2,117
10/10/2005,MYR,SC,ASO,ES,Combined TRACON& Tower with Radar,40,33,9,1,83,0,0,0,0,0,40,33,9,1,83,0,0,0,83
10/11/2005,MYR,SC,ASO,ES,Combined TRACON& Tower with Radar,29,41,32,3,105,0,0,0,0,0,29,41,32,3,105,0,0,0,105
10/12/2005,MYR,SC,ASO,ES,Combined TRACON& Tower with Radar,28,49,31,4,112,5,0,2,0,7,33,49,33,4,119,0,0,0,119
10/13/2005,MYR,SC,ASO,ES,Combined TRACON& Tower with Radar,40,44,27,31,142,0,1,21,0,22,40,45,48,31,164,18,50,68,232
10/14/2005,MYR,SC,ASO,ES,Combined TRACON& Tower with Radar,41,39,23,17,120,0,0,20,6,26,41,39,43,23,146,16,20,36,182
10/15/2005,MYR,SC,ASO,ES,Combined TRACON& Tower with Radar,33,54,18,0,105,0,0,31,0,31,33,54,49,0,136,0,0,0,136
10/16/2005,MYR,SC,ASO,ES,Combined TRACON& Tower with Radar,48,39,33,3,123,0,0,31,0,31,48,39,64,3,154,18,8,26,180
10/17/2005,MYR,SC,ASO,ES,Combined TRACON& Tower with Radar,38,35,24,5,102,0,0,23,1,24,38,35,47,6,126,1,1,2,128
10/18/2005,MYR,SC,ASO,ES,Combined TRACON& Tower with Radar,36,39,23,7,105,0,3,17,3,23,36,42,40,10,128,0,0,0,128
10/19/2005,MYR,SC,ASO,ES,Combined TRACON& Tower with Radar,31,46,36,12,125,0,0,29,4,33,31,46,65,16,158,19,24,43,201
10/20/2005,MYR,SC,ASO,ES,Combined TRACON& Tower with Radar,42,51,31,11,135,0,0,21,1,22,42,51,52,12,157,38,18,56,213
10/21/2005,MYR,SC,ASO,ES,Combined TRACON& Tower with Radar,38,41,34,10,123,0,0,19,0,19,38,41,53,10,142,4,4,8,150
10/22/2005,MYR,SC,ASO,ES,Combined TRACON& Tower with Radar,37,51,15,5,108,0,2,13,0,15,37,53,28,5,123,16,4,20,143
10/23/2005,MYR,SC,ASO,ES,Combined TRACON& Tower with Radar,48,35,20,0,103,0,0,19,0,19,48,35,39,0,122,0,0,0,122
10/24/2005,MYR,SC,ASO,ES,Combined TRACON& Tower with Radar,43,32,22,0,97,0,0,0,0,0,43,32,22,0,97,0,0,0,97
10/25/2005,MYR,SC,ASO,ES,Combined TRACON& Tower with Radar,37,48,55,9,149,0,0,21,0,21,37,48,76,9,170,2,2,4,174
10/26/2005,MYR,SC,ASO,ES,Combined TRACON& Tower with Radar,37,42,24,15,118,0,0,26,8,34,37,42,50,23,152,0,0,0,152
10/27/2005,MYR,SC,ASO,ES,Combined TRACON& Tower with Radar,37,48,55,9,149,0,0,21,0,21,37,48,76,9,170,2,2,4,174
10/28/2005,MYR,SC,ASO,ES,Combined TRACON& Tower with Radar,34,44,26,23,127,0,12,8,0,20,34,56,34,23,147,6,28,34,181
10/29/2005,MYR,SC,ASO,ES,Combined TRACON& Tower with Radar,31,58,8,2,99,0,2,23,3,28,31,60,31,5,127,0,0,0,127
10/30/2005,MYR,SC,ASO,ES,Combined TRACON& Tower with Radar,37,40,19,1,97,0,1,27,0,28,37,41,46,1,125,6,0,6,131
10/31/2005,MYR,SC,ASO,ES,Combined TRACON& Tower with Radar,33,32,20,1,86,0,0,23,0,23,33,32,43,1,109,18,0,18,127
11/01/2005,MYR,SC,ASO,ES,Combined TRACON& Tower with Radar,24,36,28,11,99,0,0,15,3,18,24,36,43,14,117,0,16,16,133
11/02/2005,MYR,SC,ASO,ES,Combined TRACON& Tower with Radar,34,33,34,9,110,0,1,14,1,16,34,34,48,10,126,0,20,20,146
11/03/2005,MYR,SC,ASO,ES,Combined TRACON& Tower with Radar,46,32,29,8,115,0,0,19,1,20,46,32,48,9,135,34,56,90,225
11/04/2005,MYR,SC,ASO,ES,Combined TRACON& Tower with Radar,45,26,24,13,108,0,1,18,8,27,45,27,42,21,135,2,0,2,137
11/05/2005,MYR,SC,ASO,ES,Combined TRACON& Tower with Radar,36,42,17,4,99,0,1,33,3,37,36,43,50,7,136,4,0,4,140
11/06/2005,MYR,SC,ASO,ES,Combined TRACON& Tower with Radar,41,33,33,6,113,0,0,22,2,24,41,33,55,8,137,10,0,10,147
11/07/2005,MYR,SC,ASO,ES,Combined TRACON& Tower with Radar,33,28,27,15,103,0,0,25,0,25,33,28,52,15,128,2,4,6,134
11/08/2005,MYR,SC,ASO,ES,Combined TRACON& Tower with Radar,31,30,26,0,87,0,1,6,0,7,31,31,32,0,94,0,0,0,94
11/09/2005,MYR,SC,ASO,ES,Combined TRACON& Tower with Radar,21,41,47,3,112,0,13,14,0,27,21,54,61,3,139,10,0,10,149
11/10/2005,MYR,SC,ASO,ES,Combined TRACON& Tower with Radar,32,43,47,4,126,0,6,18,0,24,32,49,65,4,150,6,0,6,156
11/11/2005,MYR,SC,ASO,ES,Combined TRACON& Tower with Radar,33,35,29,10,107,0,1,32,3,36,33,36,61,13,143,4,10,14,157
11/12/2005,MYR,SC,ASO,ES,Combined TRACON& Tower with Radar,29,41,24,4,98,0,0,32,1,33,29,41,56,5,131,24,0,24,155
11/13/2005,MYR,SC,ASO,ES,Combined TRACON& Tower with Radar,37,34,25,3,99,0,2,20,0,22,37,36,45,3,121,46,0,46,167
11/14/2005,MYR,SC,ASO,ES,Combined TRACON& Tower with Radar,31,34,17,6,88,0,0,19,0,19,31,34,36,6,107,8,0,8,115
11/15/2005,MYR,SC,ASO,ES,Combined TRACON& Tower with Radar,18,37,26,4,85,0,2,22,4,28,18,39,48,8,113,71,6,77,190
11/16/2005,MYR,SC,ASO,ES,Combined TRACON& Tower with Radar,20,37,39,6,102,0,0,6,0,6,20,37,45,6,108,18,0,18,126
11/17/2005,MYR,SC,ASO,ES,Combined TRACON& Tower with Radar,33,38,45,2,118,0,0,14,1,15,33,38,59,3,133,4,4,8,141
11/18/2005,MYR,SC,ASO,ES,Combined TRACON& Tower with Radar,31,38,30,4,103,0,0,16,2,18,31,38,46,6,121,4,0,4,125
11/19/2005,MYR,SC,ASO,ES,Combined TRACON& Tower with Radar,32,38,18,16,104,2,1,12,9,24,34,39,30,25,128,4,2,6,134
11/20/2005,MYR,SC,ASO,ES,Combined TRACON& Tower with Radar,32,35,18,8,93,0,0,0,0,0,32,35,18,8,93,0,0,0,93
11/21/2005,MYR,SC,ASO,ES,Combined TRACON& Tower with Radar,28,33,15,0,76,2,0,1,0,3,30,33,16,0,79,0,0,0,79
11/22/2005,MYR,SC,ASO,ES,Combined TRACON& Tower with Radar,22,32,26,16,96,0,0,2,0,2,22,32,28,16,98,0,58,58,156
11/23/2005,MYR,SC,ASO,ES,Combined TRACON& Tower with Radar,28,41,28,0,97,0,0,29,0,29,28,41,57,0,126,8,0,8,134
11/24/2005,MYR,SC,ASO,ES,Combined TRACON& Tower with Radar,33,14,6,0,53,0,0,7,0,7,33,14,13,0,60,0,0,0,60
11/25/2005,MYR,SC,ASO,ES,Combined TRACON& Tower with Radar,28,30,24,2,84,0,0,16,0,16,28,30,40,2,100,0,0,0,100
11/26/2005,MYR,SC,ASO,ES,Combined TRACON& Tower with Radar,27,39,14,0,80,0,0,21,0,21,27,39,35,0,101,0,0,0,101
11/27/2005,MYR,SC,ASO,ES,Combined TRACON& Tower with Radar,38,30,34,0,102,0,0,0,0,0,38,30,34,0,102,0,0,0,102
11/28/2005,MYR,SC,ASO,ES,Combined TRACON& Tower with Radar,29,29,21,8,87,0,0,1,0,1,29,29,22,8,88,20,0,20,108
11/29/2005,MYR,SC,ASO,ES,Combined TRACON& Tower with Radar,18,37,12,0,67,0,0,3,0,3,18,37,15,0,70,0,0,0,70
11/30/2005,MYR,SC,ASO,ES,Combined TRACON& Tower with Radar,27,32,27,2,88,0,0,18,0,18,27,32,45,2,106,6,6,12,118
12/01/2005,MYR,SC,ASO,ES,Combined TRACON& Tower with Radar,25,41,28,0,94,0,1,14,0,15,25,42,42,0,109,0,0,0,109
12/02/2005,MYR,SC,ASO,ES,Combined TRACON& Tower with Radar,22,33,23,15,93,0,0,12,2,14,22,33,35,17,107,4,26,30,137
12/03/2005,MYR,SC,ASO,ES,Combined TRACON& Tower with Radar,27,25,18,19,89,0,0,23,0,23,27,25,41,19,112,18,8,26,138
12/04/2005,MYR,SC,ASO,ES,Combined TRACON& Tower with Radar,25,23,24,0,72,0,0,4,0,4,25,23,28,0,76,10,0,10,86
12/05/2005,MYR,SC,ASO,ES,Combined TRACON& Tower with Radar,21,31,18,0,70,0,0,2,0,2,21,31,20,0,72,0,0,0,72
12/06/2005,MYR,SC,ASO,ES,Combined TRACON& Tower with Radar,23,27,19,0,69,207,0,15,0,222,230,27,34,0,291,8,0,8,299
12/07/2005,MYR,SC,ASO,ES,Combined TRACON& Tower with Radar,14,39,23,4,80,0,0,7,1,8,14,39,30,5,88,16,22,38,126
12/08/2005,MYR,SC,ASO,ES,Combined TRACON& Tower with Radar,22,42,18,1,83,0,0,7,0,7,22,42,25,1,90,0,0,0,90
12/09/2005,MYR,SC,ASO,ES,Combined TRACON& Tower with Radar,20,36,19,42,117,0,3,6,4,13,20,39,25,46,130,6,38,44,174
12/10/2005,MYR,SC,ASO,ES,Combined TRACON& Tower with Radar,27,32,22,0,81,0,6,15,1,22,27,38,37,1,103,0,0,0,103
12/11/2005,MYR,SC,ASO,ES,Combined TRACON& Tower with Radar,28,24,32,0,84,0,6,19,0,25,28,30,51,0,109,12,0,12,121
12/12/2005,MYR,SC,ASO,ES,Combined TRACON& Tower with Radar,29,24,26,13,92,0,0,16,4,20,29,24,42,17,112,4,6,10,122
12/13/2005,MYR,SC,ASO,ES,Combined TRACON& Tower with Radar,16,37,25,3,81,0,0,21,1,22,16,37,46,4,103,10,0,10,113
12/14/2005,MYR,SC,ASO,ES,Combined TRACON& Tower with Radar,20,36,33,2,91,2,0,8,0,10,22,36,41,2,101,24,0,24,125
12/15/2005,MYR,SC,ASO,ES,Combined TRACON& Tower with Radar,33,19,8,2,62,0,0,1,0,1,33,19,9,2,63,0,0,0,63
12/16/2005,MYR,SC,ASO,ES,Combined TRACON& Tower with Radar,26,36,22,10,94,0,0,22,2,24,26,36,44,12,118,12,0,12,130
12/17/2005,MYR,SC,ASO,ES,Combined TRACON& Tower with Radar,20,33,18,4,75,0,0,9,0,9,20,33,27,4,84,2,0,2,86
12/18/2005,MYR,SC,ASO,ES,Combined TRACON& Tower with Radar,23,24,8,0,55,0,0,0,0,0,23,24,8,0,55,0,0,0,55
12/19/2005,MYR,SC,ASO,ES,Combined TRACON& Tower with Radar,21,29,24,20,94,0,0,23,1,24,21,29,47,21,118,8,3,11,129
12/20/2005,MYR,SC,ASO,ES,Combined TRACON& Tower with Radar,11,36,17,8,72,0,0,27,2,29,11,36,44,10,101,2,32,34,135
12/21/2005,MYR,SC,ASO,ES,Combined TRACON& Tower with Radar,18,36,13,8,75,0,0,15,0,15,18,36,28,8,90,8,0,8,98
12/22/2005,MYR,SC,ASO,ES,Combined TRACON& Tower with Radar,23,39,18,20,100,0,0,18,0,18,23,39,36,20,118,0,0,0,118
12/23/2005,MYR,SC,ASO,ES,Combined TRACON& Tower with Radar,31,28,14,1,74,0,1,16,0,17,31,29,30,1,91,0,4,4,95
12/24/2005,MYR,SC,ASO,ES,Combined TRACON& Tower with Radar,19,29,3,0,51,0,0,10,0,10,19,29,13,0,61,0,0,0,61
12/25/2005,MYR,SC,ASO,ES,Combined TRACON& Tower with Radar,32,9,0,0,41,0,0,0,0,0,32,9,0,0,41,0,0,0,41
12/26/2005,MYR,SC,ASO,ES,Combined TRACON& Tower with Radar,27,19,10,0,56,0,0,2,0,2,27,19,12,0,58,0,0,0,58
12/27/2005,MYR,SC,ASO,ES,Combined TRACON& Tower with Radar,20,31,21,9,81,0,0,17,2,19,20,31,38,11,100,6,0,6,106
12/28/2005,MYR,SC,ASO,ES,Combined TRACON& Tower with Radar,14,34,28,11,87,0,3,17,0,20,14,37,45,11,107,6,0,6,113
12/29/2005,MYR,SC,ASO,ES,Combined TRACON& Tower with Radar,31,33,20,1,85,0,0,10,0,10,31,33,30,1,95,0,0,0,95
12/30/2005,MYR,SC,ASO,ES,Combined TRACON& Tower with Radar,25,37,19,2,83,3,0,26,0,29,28,37,45,2,112,6,0,6,118
12/31/2005,MYR,SC,ASO,ES,Combined TRACON& Tower with Radar,28,25,10,0,63,1,0,4,0,5,29,25,14,0,68,14,0,14,82
01/01/2006,MYR,SC,ASO,ES,Combined TRACON& Tower with Radar,28,18,10,0,56,0,0,22,0,22,28,18,32,0,78,2,0,2,80
01/02/2006,MYR,SC,ASO,ES,Combined TRACON& Tower with Radar,25,19,7,0,51,0,0,1,0,1,25,19,8,0,52,0,0,0,52
01/03/2006,MYR,SC,ASO,ES,Combined TRACON& Tower with Radar,14,34,22,2,72,0,2,16,3,21,14,36,38,5,93,0,28,28,121
01/04/2006,MYR,SC,ASO,ES,Combined TRACON& Tower with Radar,16,34,27,1,78,0,0,13,0,13,16,34,40,1,91,22,0,22,113
01/05/2006,MYR,SC,ASO,ES,Combined TRACON& Tower with Radar,18,44,29,7,98,0,0,25,2,27,18,44,54,9,125,30,4,34,159
01/06/2006,MYR,SC,ASO,ES,Combined TRACON& Tower with Radar,23,33,25,16,97,0,0,5,2,7,23,33,30,18,104,2,34,36,140
01/07/2006,MYR,SC,ASO,ES,Combined TRACON& Tower with Radar,21,28,22,2,73,0,0,23,0,23,21,28,45,2,96,0,0,0,96
01/08/2006,MYR,SC,ASO,ES,Combined TRACON& Tower with Radar,23,18,21,2,64,0,0,31,0,31,23,18,52,2,95,53,0,53,148
01/09/2006,MYR,SC,ASO,ES,Combined TRACON& Tower with Radar,32,22,20,2,76,0,0,11,0,11,32,22,31,2,87,44,0,44,131
01/10/2006,MYR,SC,ASO,ES,Combined TRACON& Tower with Radar,20,26,22,10,78,0,0,19,0,19,20,26,41,10,97,69,24,93,190
01/11/2006,MYR,SC,ASO,ES,Combined TRACON& Tower with Radar,17,28,41,20,106,0,0,8,2,10,17,28,49,22,116,16,30,46,162
01/12/2006,MYR,SC,ASO,ES,Combined TRACON& Tower with Radar,21,32,27,0,80,7,0,15,0,22,28,32,42,0,102,44,0,44,146
01/13/2006,MYR,SC,ASO,ES,Combined TRACON& Tower with Radar,19,37,12,0,68,0,0,1,0,1,19,37,13,0,69,0,0,0,69
01/14/2006,MYR,SC,ASO,ES,Combined TRACON& Tower with Radar,20,23,4,1,48,0,0,2,1,3,20,23,6,2,51,20,0,20,71
01/15/2006,MYR,SC,ASO,ES,Combined TRACON& Tower with Radar,25,15,9,1,50,0,0,11,0,11,25,15,20,1,61,10,0,10,71
01/16/2006,MYR,SC,ASO,ES,Combined TRACON& Tower with Radar,20,26,22,0,68,0,0,18,0,18,20,26,40,0,86,56,0,56,142
01/17/2006,MYR,SC,ASO,ES,Combined TRACON& Tower with Radar,18,37,24,20,99,0,0,7,0,7,18,37,31,20,106,32,20,52,158
01/18/2006,MYR,SC,ASO,ES,Combined TRACON& Tower with Radar,22,29,18,3,72,0,0,4,1,5,22,29,22,4,77,0,6,6,83
01/19/2006,MYR,SC,ASO,ES,Combined TRACON& Tower with Radar,19,36,19,20,94,0,2,20,0,22,19,38,39,20,116,78,6,84,200
01/20/2006,MYR,SC,ASO,ES,Combined TRACON& Tower with Radar,22,27,22,10,81,0,3,16,2,21,22,30,38,12,102,30,14,44,146
01/21/2006,MYR,SC,ASO,ES,Combined TRACON& Tower with Radar,23,19,14,0,56,0,0,10,0,10,23,19,24,0,66,6,0,6,72
01/22/2006,MYR,SC,ASO,ES,Combined TRACON& Tower with Radar,22,17,18,0,57,0,0,0,0,0,22,17,18,0,57,0,0,0,57
01/23/2006,MYR,SC,ASO,ES,Combined TRACON& Tower with Radar,20,32,16,1,69,0,0,0,0,0,20,32,16,1,69,0,0,0,69
01/24/2006,MYR,SC,ASO,ES,Combined TRACON& Tower with Radar,21,28,22,0,71,0,0,1,0,1,21,28,23,0,72,0,0,0,72
01/25/2006,MYR,SC,ASO,ES,Combined TRACON& Tower with Radar,17,34,31,16,98,0,0,28,2,30,17,34,59,18,128,18,10,28,156
01/26/2006,MYR,SC,ASO,ES,Combined TRACON& Tower with Radar,22,33,22,35,112,0,0,28,2,30,22,33,50,37,142,26,14,40,182
01/27/2006,MYR,SC,ASO,ES,Combined TRACON& Tower with Radar,23,33,20,29,105,0,0,31,0,31,23,33,51,29,136,14,28,42,178
01/28/2006,MYR,SC,ASO,ES,Combined TRACON& Tower with Radar,17,26,22,8,73,0,0,25,6,31,17,26,47,14,104,84,58,142,246
01/29/2006,MYR,SC,ASO,ES,Combined TRACON& Tower with Radar,22,18,10,0,50,0,0,2,0,2,22,18,12,0,52,0,0,0,52
01/30/2006,MYR,SC,ASO,ES,Combined TRACON& Tower with Radar,19,26,16,4,65,1,0,2,1,4,20,26,18,5,69,0,0,0,69
01/31/2006,MYR,SC,ASO,ES,Combined TRACON& Tower with Radar,20,30,31,10,91,0,0,25,1,26,20,30,56,11,117,34,0,34,151
02/01/2006,MYR,SC,ASO,ES,Combined TRACON& Tower with Radar,19,35,21,27,102,0,1,15,2,18,19,36,36,29,120,20,54,74,194
02/02/2006,MYR,SC,ASO,ES,Combined TRACON& Tower with Radar,20,38,21,6,85,0,3,11,0,14,20,41,32,6,99,16,1,17,116
02/03/2006,MYR,SC,ASO,ES,Combined TRACON& Tower with Radar,20,32,31,0,83,0,0,5,0,5,20,32,36,0,88,0,0,0,88
02/04/2006,MYR,SC,ASO,ES,Combined TRACON& Tower with Radar,24,22,7,0,53,0,0,1,0,1,24,22,8,0,54,0,0,0,54
02/05/2006,MYR,SC,ASO,ES,Combined TRACON& Tower with Radar,19,21,9,1,50,0,0,7,0,7,19,21,16,1,57,4,0,4,61
02/06/2006,MYR,SC,ASO,ES,Combined TRACON& Tower with Radar,22,29,26,13,90,0,1,14,3,18,22,30,40,16,108,16,30,46,154
02/07/2006,MYR,SC,ASO,ES,Combined TRACON& Tower with Radar,24,30,23,7,84,0,0,5,0,5,24,30,28,7,89,16,0,16,105
02/08/2006,MYR,SC,ASO,ES,Combined TRACON& Tower with Radar,18,42,31,12,103,0,0,39,0,39,18,42,70,12,142,67,34,101,243
02/09/2006,MYR,SC,ASO,ES,Combined TRACON& Tower with Radar,20,48,46,5,119,0,0,13,1,14,20,48,59,6,133,0,0,0,133
02/10/2006,MYR,SC,ASO,ES,Combined TRACON& Tower with Radar,33,27,39,22,121,0,2,29,2,33,33,29,68,24,154,6,28,34,188
02/11/2006,MYR,SC,ASO,ES,Combined TRACON& Tower with Radar,22,31,8,0,61,0,0,0,0,0,22,31,8,0,61,0,0,0,61
02/12/2006,MYR,SC,ASO,ES,Combined TRACON& Tower with Radar,21,20,14,1,56,0,0,8,0,8,21,20,22,1,64,0,0,0,64
02/13/2006,MYR,SC,ASO,ES,Combined TRACON& Tower with Radar,24,32,10,24,90,0,0,18,1,19,24,32,28,25,109,0,32,32,141
02/14/2006,MYR,SC,ASO,ES,Combined TRACON& Tower with Radar,23,36,35,15,109,0,0,17,1,18,23,36,52,16,127,22,24,46,173
02/15/2006,MYR,SC,ASO,ES,Combined TRACON& Tower with Radar,18,37,22,12,89,0,0,16,0,16,18,37,38,12,105,18,50,68,173
02/16/2006,MYR,SC,ASO,ES,Combined TRACON& Tower with Radar,26,39,55,14,134,0,0,17,0,17,26,39,72,14,151,8,6,14,165
02/17/2006,MYR,SC,ASO,ES,Combined TRACON& Tower with Radar,28,36,30,3,97,0,0,18,2,20,28,36,48,5,117,16,2,18,135
02/18/2006,MYR,SC,ASO,ES,Combined TRACON& Tower with Radar,27,26,15,0,68,0,0,5,0,5,27,26,20,0,73,0,0,0,73
02/19/2006,MYR,SC,ASO,ES,Combined TRACON& Tower with Radar,25,23,25,0,73,0,0,14,0,14,25,23,39,0,87,18,0,18,105
02/20/2006,MYR,SC,ASO,ES,Combined TRACON& Tower with Radar,25,29,11,0,65,0,0,0,0,0,25,29,11,0,65,5,0,5,70
02/21/2006,MYR,SC,ASO,ES,Combined TRACON& Tower with Radar,29,33,19,11,92,0,0,2,0,2,29,33,21,11,94,0,0,0,94
02/22/2006,MYR,SC,ASO,ES,Combined TRACON& Tower with Radar,21,33,22,20,96,0,0,6,0,6,21,33,28,20,102,0,24,24,126
02/23/2006,MYR,SC,ASO,ES,Combined TRACON& Tower with Radar,28,42,33,2,105,0,0,6,0,6,28,42,39,2,111,0,0,0,111
02/24/2006,MYR,SC,ASO,ES,Combined TRACON& Tower with Radar,27,37,21,0,85,0,0,33,2,35,27,37,54,2,120,30,6,36,156
02/25/2006,MYR,SC,ASO,ES,Combined TRACON& Tower with Radar,27,27,21,0,75,0,0,6,0,6,27,27,27,0,81,20,0,20,101
02/26/2006,MYR,SC,ASO,ES,Combined TRACON& Tower with Radar,25,28,19,2,74,0,0,13,0,13,25,28,32,2,87,0,6,6,93
02/27/2006,MYR,SC,ASO,ES,Combined TRACON& Tower with Radar,25,28,19,2,74,0,0,13,0,13,25,28,32,2,87,0,6,6,93
02/28/2006,MYR,SC,ASO,ES,Combined TRACON& Tower with Radar,25,28,35,10,98,0,0,25,0,25,25,28,60,10,123,16,0,16,139
03/01/2006,MYR,SC,ASO,ES,Combined TRACON& Tower with Radar,27,33,38,1,99,0,0,23,0,23,27,33,61,1,122,14,0,14,136
03/02/2006,MYR,SC,ASO,ES,Combined TRACON& Tower with Radar,33,35,20,11,99,0,0,14,1,15,33,35,34,12,114,2,0,2,116
03/03/2006,MYR,SC,ASO,ES,Combined TRACON& Tower with Radar,29,34,27,10,100,0,0,17,0,17,29,34,44,10,117,26,8,34,151
03/04/2006,MYR,SC,ASO,ES,Combined TRACON& Tower with Radar,31,25,10,13,79,0,6,30,2,38,31,31,40,15,117,40,32,72,189
03/05/2006,MYR,SC,ASO,ES,Combined TRACON& Tower with Radar,26,26,11,1,64,0,0,29,1,30,26,26,40,2,94,10,0,10,104
03/06/2006,MYR,SC,ASO,ES,Combined TRACON& Tower with Radar,31,28,16,4,79,0,0,4,1,5,31,28,20,5,84,0,2,2,86
03/07/2006,MYR,SC,ASO,ES,Combined TRACON& Tower with Radar,33,27,26,8,94,0,0,16,5,21,33,27,42,13,115,50,14,64,179
03/08/2006,MYR,SC,ASO,ES,Combined TRACON& Tower with Radar,30,40,35,8,113,0,1,25,0,26,30,41,60,8,139,16,12,28,167
03/09/2006,MYR,SC,ASO,ES,Combined TRACON& Tower with Radar,38,26,28,26,118,2,0,16,0,18,40,26,44,26,136,6,20,26,162
03/10/2006,MYR,SC,ASO,ES,Combined TRACON& Tower with Radar,39,34,26,5,104,0,0,17,1,18,39,34,43,6,122,16,0,16,138
03/11/2006,MYR,SC,ASO,ES,Combined TRACON& Tower with Radar,46,21,22,1,90,0,0,19,0,19,46,21,41,1,109,24,0,24,133
03/12/2006,MYR,SC,ASO,ES,Combined TRACON& Tower with Radar,26,29,37,2,94,234,0,29,0,263,260,29,66,2,357,22,0,22,379
03/13/2006,MYR,SC,ASO,ES,Combined TRACON& Tower with Radar,29,29,35,20,113,0,0,18,0,18,29,29,53,20,131,24,12,36,167
03/14/2006,MYR,SC,ASO,ES,Combined TRACON& Tower with Radar,25,35,22,13,95,0,0,5,0,5,25,35,27,13,100,0,2,2,102
03/15/2006,MYR,SC,ASO,ES,Combined TRACON& Tower with Radar,28,42,28,0,98,0,0,22,0,22,28,42,50,0,120,22,0,22,142
03/16/2006,MYR,SC,ASO,ES,Combined TRACON& Tower with Radar,30,38,33,6,107,0,0,27,1,28,30,38,60,7,135,2,6,8,143
03/17/2006,MYR,SC,ASO,ES,Combined TRACON& Tower with Radar,30,33,26,12,101,0,4,21,1,26,30,37,47,13,127,20,34,54,181
03/18/2006,MYR,SC,ASO,ES,Combined TRACON& Tower with Radar,34,33,33,6,106,0,5,41,0,46,34,38,74,6,152,40,4,44,196
03/19/2006,MYR,SC,ASO,ES,Combined TRACON& Tower with Radar,31,28,25,7,91,0,0,38,1,39,31,28,63,8,130,8,2,10,140
03/20/2006,MYR,SC,ASO,ES,Combined TRACON& Tower with Radar,31,27,11,9,78,0,0,3,0,3,31,27,14,9,81,0,12,12,93
03/21/2006,MYR,SC,ASO,ES,Combined TRACON& Tower with Radar,30,30,18,0,78,0,0,0,0,0,30,30,18,0,78,0,0,0,78
03/22/2006,MYR,SC,ASO,ES,Combined TRACON& Tower with Radar,31,32,43,10,116,0,0,38,1,39,31,32,81,11,155,8,0,8,163
03/23/2006,MYR,SC,ASO,ES,Combined TRACON& Tower with Radar,26,43,37,7,113,0,0,21,4,25,26,43,58,11,138,20,0,20,158
03/24/2006,MYR,SC,ASO,ES,Combined TRACON& Tower with Radar,29,38,29,0,96,1,0,6,4,11,30,38,35,4,107,84,0,84,191
03/25/2006,MYR,SC,ASO,ES,Combined TRACON& Tower with Radar,24,43,28,0,95,0,2,20,0,22,24,45,48,0,117,25,0,25,142
03/26/2006,MYR,SC,ASO,ES,Combined TRACON& Tower with Radar,37,16,26,2,81,0,0,27,0,27,37,16,53,2,108,20,0,20,128
03/27/2006,MYR,SC,ASO,ES,Combined TRACON& Tower with Radar,32,30,35,9,106,0,0,20,0,20,32,30,55,9,126,18,4,22,148
03/28/2006,MYR,SC,ASO,ES,Combined TRACON& Tower with Radar,26,32,46,3,107,0,0,15,0,15,26,32,61,3,122,42,6,48,170
03/29/2006,MYR,SC,ASO,ES,Combined TRACON& Tower with Radar,32,33,29,2,96,0,1,24,0,25,32,34,53,2,121,4,0,4,125
03/30/2006,MYR,SC,ASO,ES,Combined TRACON& Tower with Radar,27,41,32,4,104,0,0,30,0,30,27,41,62,4,134,24,0,24,158
03/31/2006,MYR,SC,ASO,ES,Combined TRACON& Tower with Radar,30,41,30,16,117,0,57,41,5,103,30,98,71,21,220,20,76,96,316
04/01/2006,MYR,SC,ASO,ES,Combined TRACON& Tower with Radar,35,32,37,2,106,0,100,28,0,128,35,132,65,2,234,26,18,44,278
04/02/2006,MYR,SC,ASO,ES,Combined TRACON& Tower with Radar,33,24,33,0,90,0,0,39,0,39,33,24,72,0,129,0,0,0,129
04/03/2006,MYR,SC,ASO,ES,Combined TRACON& Tower with Radar,28,28,23,10,89,0,2,9,5,16,28,30,32,15,105,20,60,80,185
04/04/2006,MYR,SC,ASO,ES,Combined TRACON& Tower with Radar,37,33,46,8,124,0,0,39,0,39,37,33,85,8,163,4,0,4,167
04/05/2006,MYR,SC,ASO,ES,Combined TRACON& Tower with Radar,35,33,37,20,125,0,0,39,1,40,35,33,76,21,165,6,24,30,195
04/06/2006,MYR,SC,ASO,ES,Combined TRACON& Tower with Radar,33,41,36,19,129,0,0,22,1,23,33,41,58,20,152,0,0,0,152
04/07/2006,MYR,SC,ASO,ES,Combined TRACON& Tower with Radar,34,42,52,5,133,0,0,30,6,36,34,42,82,11,169,124,28,152,321
04/08/2006,MYR,SC,ASO,ES,Combined TRACON& Tower with Radar,35,50,8,4,97,0,0,5,2,7,35,50,13,6,104,8,4,12,116
04/09/2006,MYR,SC,ASO,ES,Combined TRACON& Tower with Radar,43,19,31,15,108,0,0,25,0,25,43,19,56,15,133,2,18,20,153
04/10/2006,MYR,SC,ASO,ES,Combined TRACON& Tower with Radar,33,39,38,14,124,0,0,29,5,34,33,39,67,19,158,40,52,92,250
04/11/2006,MYR,SC,ASO,ES,Combined TRACON& Tower with Radar,35,38,41,12,126,0,0,27,1,28,35,38,68,13,154,0,0,0,154
04/12/2006,MYR,SC,ASO,ES,Combined TRACON& Tower with Radar,34,36,41,22,133,0,1,34,0,35,34,37,75,22,168,20,12,32,200
04/13/2006,MYR,SC,ASO,ES,Combined TRACON& Tower with Radar,31,43,55,19,148,0,13,31,2,46,31,56,86,21,194,26,17,43,237
04/14/2006,MYR,SC,ASO,ES,Combined TRACON& Tower with Radar,37,34,41,14,126,0,22,33,4,59,37,56,74,18,185,44,68,112,297
04/15/2006,MYR,SC,ASO,ES,Combined TRACON& Tower with Radar,32,0,0,0,32,3910,0,0,0,3910,3942,0,0,0,3942,10,0,10,3952
04/16/2006,MYR,SC,ASO,ES,Combined TRACON& Tower with Radar,36,28,25,0,89,0,0,20,2,22,36,28,45,2,111,0,0,0,111
04/17/2006,MYR,SC,ASO,ES,Combined TRACON& Tower with Radar,43,38,33,9,123,0,2,17,2,21,43,40,50,11,144,24,10,34,178
04/18/2006,MYR,SC,ASO,ES,Combined TRACON& Tower with Radar,38,28,36,15,117,0,0,21,2,23,38,28,57,17,140,2,6,8,148
04/19/2006,MYR,SC,ASO,ES,Combined TRACON& Tower with Radar,34,37,38,11,120,0,0,19,0,19,34,37,57,11,139,24,24,48,187
04/20/2006,MYR,SC,ASO,ES,Combined TRACON& Tower with Radar,35,31,42,4,112,0,10,34,4,48,35,41,76,8,160,12,8,20,180
04/21/2006,MYR,SC,ASO,ES,Combined TRACON& Tower with Radar,33,37,29,19,118,0,9,18,10,37,33,46,47,29,155,16,26,42,197
04/22/2006,MYR,SC,ASO,ES,Combined TRACON& Tower with Radar,44,36,22,2,104,0,0,6,1,7,44,36,28,3,111,0,0,0,111
04/23/2006,MYR,SC,ASO,ES,Combined TRACON& Tower with Radar,32,28,50,2,112,0,0,41,1,42,32,28,91,3,154,18,0,18,172
04/24/2006,MYR,SC,ASO,ES,Combined TRACON& Tower with Radar,34,31,25,9,99,0,0,33,1,34,34,31,58,10,133,6,8,14,147
04/25/2006,MYR,SC,ASO,ES,Combined TRACON& Tower with Radar,36,29,33,19,117,0,2,22,0,24,36,31,55,19,141,14,6,20,161
04/26/2006,MYR,SC,ASO,ES,Combined TRACON& Tower with Radar,32,38,18,7,95,0,0,6,0,6,32,38,24,7,101,0,0,0,101
04/27/2006,MYR,SC,ASO,ES,Combined TRACON& Tower with Radar,38,42,32,1,113,0,0,1,0,1,38,42,33,1,114,0,0,0,114
04/28/2006,MYR,SC,ASO,ES,Combined TRACON& Tower with Radar,31,41,22,1,95,0,8,37,4,49,31,49,59,5,144,18,2,20,164
04/29/2006,MYR,SC,ASO,ES,Combined TRACON& Tower with Radar,37,44,19,1,101,0,12,15,1,28,37,56,34,2,129,0,0,0,129
04/30/2006,MYR,SC,ASO,ES,Combined TRACON& Tower with Radar,37,23,26,8,94,0,0,9,0,9,37,23,35,8,103,0,0,0,103
05/01/2006,MYR,SC,ASO,ES,Combined TRACON& Tower with Radar,43,32,19,7,101,0,0,17,0,17,43,32,36,7,118,28,18,46,164
05/02/2006,MYR,SC,ASO,ES,Combined TRACON& Tower with Radar,37,30,38,25,130,0,2,34,4,40,37,32,72,29,170,6,30,36,206
05/03/2006,MYR,SC,ASO,ES,Combined TRACON& Tower with Radar,36,47,34,1,118,0,1,28,0,29,36,48,62,1,147,0,8,8,155
05/04/2006,MYR,SC,ASO,ES,Combined TRACON& Tower with Radar,34,37,52,18,141,0,1,30,2,33,34,38,82,20,174,16,2,18,192
05/05/2006,MYR,SC,ASO,ES,Combined TRACON& Tower with Radar,36,41,32,6,115,0,1,9,15,25,36,42,41,21,140,0,44,44,184
05/06/2006,MYR,SC,ASO,ES,Combined TRACON& Tower with Radar,39,44,35,2,120,0,0,23,2,25,39,44,58,4,145,26,0,26,171
05/07/2006,MYR,SC,ASO,ES,Combined TRACON& Tower with Radar,39,24,40,4,107,0,0,3,0,3,39,24,43,4,110,0,0,0,110
05/08/2006,MYR,SC,ASO,ES,Combined TRACON& Tower with Radar,35,32,23,5,95,0,0,0,5,5,35,32,23,10,100,0,2,2,102
05/09/2006,MYR,SC,ASO,ES,Combined TRACON& Tower with Radar,39,42,30,2,113,0,4,14,3,21,39,46,44,5,134,0,2,2,136
05/10/2006,MYR,SC,ASO,ES,Combined TRACON& Tower with Radar,38,38,48,8,132,0,0,13,1,14,38,38,61,9,146,2,8,10,156
05/11/2006,MYR,SC,ASO,ES,Combined TRACON& Tower with Radar,37,45,30,11,123,0,18,14,2,34,37,63,44,13,157,12,0,12,169
05/12/2006,MYR,SC,ASO,ES,Combined TRACON& Tower with Radar,39,41,26,20,126,0,18,27,1,46,39,59,53,21,172,10,24,34,206
05/13/2006,MYR,SC,ASO,ES,Combined TRACON& Tower with Radar,54,38,25,7,124,0,0,23,0,23,54,38,48,7,147,2,0,2,149
05/14/2006,MYR,SC,ASO,ES,Combined TRACON& Tower with Radar,40,29,9,4,82,0,0,3,0,3,40,29,12,4,85,0,0,0,85
05/15/2006,MYR,SC,ASO,ES,Combined TRACON& Tower with Radar,41,28,25,1,95,0,4,12,2,18,41,32,37,3,113,4,0,4,117
05/16/2006,MYR,SC,ASO,ES,Combined TRACON& Tower with Radar,47,40,27,13,127,0,0,19,2,21,47,40,46,15,148,8,0,8,156
05/17/2006,MYR,SC,ASO,ES,Combined TRACON& Tower with Radar,41,41,42,1,125,0,4,20,1,25,41,45,62,2,150,4,8,12,162
05/18/2006,MYR,SC,ASO,ES,Combined TRACON& Tower with Radar,44,33,20,8,105,0,0,22,7,29,44,33,42,15,134,0,14,14,148
05/19/2006,MYR,SC,ASO,ES,Combined TRACON& Tower with Radar,50,28,35,11,124,0,0,41,2,43,50,28,76,13,167,10,76,86,253
05/20/2006,MYR,SC,ASO,ES,Combined TRACON& Tower with Radar,57,37,9,1,104,1,25,14,0,40,58,62,23,1,144,2,0,2,146
05/21/2006,MYR,SC,ASO,ES,Combined TRACON& Tower with Radar,44,27,35,0,106,0,0,17,0,17,44,27,52,0,123,6,0,6,129
05/22/2006,MYR,SC,ASO,ES,Combined TRACON& Tower with Radar,42,37,30,4,113,0,0,15,2,17,42,37,45,6,130,30,2,32,162
05/23/2006,MYR,SC,ASO,ES,Combined TRACON& Tower with Radar,40,30,33,2,105,0,0,22,0,22,40,30,55,2,127,4,4,8,135
05/24/2006,MYR,SC,ASO,ES,Combined TRACON& Tower with Radar,39,42,31,22,134,0,1,22,0,23,39,43,53,22,157,10,0,10,167
05/25/2006,MYR,SC,ASO,ES,Combined TRACON& Tower with Radar,41,41,48,5,135,0,0,8,0,8,41,41,56,5,143,20,8,28,171
05/26/2006,MYR,SC,ASO,ES,Combined TRACON& Tower with Radar,45,27,30,6,108,0,3,18,0,21,45,30,48,6,129,2,14,16,145
05/27/2006,MYR,SC,ASO,ES,Combined TRACON& Tower with Radar,43,52,15,1,111,0,1,22,0,23,43,53,37,1,134,6,1,7,141
05/28/2006,MYR,SC,ASO,ES,Combined TRACON& Tower with Radar,41,25,6,0,72,0,0,23,0,23,41,25,29,0,95,16,0,16,111
05/29/2006,MYR,SC,ASO,ES,Combined TRACON& Tower with Radar,41,21,30,0,92,0,0,27,0,27,41,21,57,0,119,42,0,42,161
05/30/2006,MYR,SC,ASO,ES,Combined TRACON& Tower with Radar,41,25,23,8,97,0,24,24,0,48,41,49,47,8,145,38,0,38,183
05/31/2006,MYR,SC,ASO,ES,Combined TRACON& Tower with Radar,46,37,35,3,121,0,7,12,1,20,46,44,47,4,141,26,0,26,167
06/01/2006,MYR,SC,ASO,ES,Combined TRACON& Tower with Radar,46,35,36,5,122,0,8,16,1,25,46,43,52,6,147,32,16,48,195
06/02/2006,MYR,SC,ASO,ES,Combined TRACON& Tower with Radar,36,46,30,13,125,0,5,30,5,40,36,51,60,18,165,44,4,48,213
06/03/2006,MYR,SC,ASO,ES,Combined TRACON& Tower with Radar,55,39,27,2,123,0,6,8,0,14,55,45,35,2,137,6,0,6,143
06/04/2006,MYR,SC,ASO,ES,Combined TRACON& Tower with Radar,42,25,28,0,95,0,0,24,1,25,42,25,52,1,120,30,0,30,150
06/05/2006,MYR,SC,ASO,ES,Combined TRACON& Tower with Radar,42,35,19,23,119,0,20,13,3,36,42,55,32,26,155,16,28,44,199
06/06/2006,MYR,SC,ASO,ES,Combined TRACON& Tower with Radar,39,33,27,6,105,0,24,16,1,41,39,57,43,7,146,0,14,14,160
06/07/2006,MYR,SC,ASO,ES,Combined TRACON& Tower with Radar,39,41,37,3,120,0,34,28,4,66,39,75,65,7,186,4,6,10,196
06/08/2006,MYR,SC,ASO,ES,Combined TRACON& Tower with Radar,44,32,45,2,123,0,21,14,2,37,44,53,59,4,160,2,4,6,166
06/09/2006,MYR,SC,ASO,ES,Combined TRACON& Tower with Radar,45,33,51,0,129,0,21,23,3,47,45,54,74,3,176,50,0,50,226
06/10/2006,MYR,SC,ASO,ES,Combined TRACON& Tower with Radar,48,44,37,5,134,0,11,27,2,40,48,55,64,7,174,0,0,0,174
06/11/2006,MYR,SC,ASO,ES,Combined TRACON& Tower with Radar,49,21,30,5,105,0,0,34,1,35,49,21,64,6,140,34,0,34,174
06/12/2006,MYR,SC,ASO,ES,Combined TRACON& Tower with Radar,45,22,27,7,101,0,22,8,0,30,45,44,35,7,131,6,10,16,147
06/13/2006,MYR,SC,ASO,ES,Combined TRACON& Tower with Radar,46,32,20,14,112,0,0,3,0,3,46,32,23,14,115,4,4,8,123
06/14/2006,MYR,SC,ASO,ES,Combined TRACON& Tower with Radar,44,42,16,6,108,0,1,8,2,11,44,43,24,8,119,20,16,36,155
06/15/2006,MYR,SC,ASO,ES,Combined TRACON& Tower with Radar,43,33,35,2,113,0,10,21,1,32,43,43,56,3,145,64,2,66,211
06/16/2006,MYR,SC,ASO,ES,Combined TRACON& Tower with Radar,46,42,35,28,151,0,17,30,4,51,46,59,65,32,202,54,22,76,278
06/17/2006,MYR,SC,ASO,ES,Combined TRACON& Tower with Radar,54,50,38,0,142,0,30,41,1,72,54,80,79,1,214,36,0,36,250
06/18/2006,MYR,SC,ASO,ES,Combined TRACON& Tower with Radar,50,17,35,4,106,0,24,30,6,60,50,41,65,10,166,2,8,10,176
06/19/2006,MYR,SC,ASO,ES,Combined TRACON& Tower with Radar,42,27,32,0,101,0,28,25,2,55,42,55,57,2,156,4,0,4,160
06/20/2006,MYR,SC,ASO,ES,Combined TRACON& Tower with Radar,41,36,36,2,115,0,46,16,1,63,41,82,52,3,178,0,0,0,178
06/21/2006,MYR,SC,ASO,ES,Combined TRACON& Tower with Radar,38,47,30,17,132,0,43,15,0,58,38,90,45,17,190,18,28,46,236
06/22/2006,MYR,SC,ASO,ES,Combined TRACON& Tower with Radar,39,42,29,25,135,0,48,38,0,86,39,90,67,25,221,50,40,90,311
06/23/2006,MYR,SC,ASO,ES,Combined TRACON& Tower with Radar,43,36,32,11,122,0,34,23,5,62,43,70,55,16,184,12,6,18,202
06/24/2006,MYR,SC,ASO,ES,Combined TRACON& Tower with Radar,41,67,43,28,179,0,47,17,0,64,41,114,60,28,243,44,4,48,291
06/25/2006,MYR,SC,ASO,ES,Combined TRACON& Tower with Radar,47,23,20,0,90,0,9,4,0,13,47,32,24,0,103,0,0,0,103
06/26/2006,MYR,SC,ASO,ES,Combined TRACON& Tower with Radar,48,17,16,14,95,0,8,3,2,13,48,25,19,16,108,0,4,4,112
06/27/2006,MYR,SC,ASO,ES,Combined TRACON& Tower with Radar,44,34,13,4,95,0,14,6,2,22,44,48,19,6,117,3,4,7,124
06/28/2006,MYR,SC,ASO,ES,Combined TRACON& Tower with Radar,45,36,42,12,135,0,21,25,1,47,45,57,67,13,182,78,12,90,272
06/29/2006,MYR,SC,ASO,ES,Combined TRACON& Tower with Radar,41,42,44,2,129,0,32,16,0,48,41,74,60,2,177,2,0,2,179
06/30/2006,MYR,SC,ASO,ES,Combined TRACON& Tower with Radar,49,39,53,2,143,0,42,32,0,74,49,81,85,2,217,4,0,4,221
07/01/2006,MYR,SC,ASO,ES,Combined TRACON& Tower with Radar,48,51,39,3,141,0,28,23,0,51,48,79,62,3,192,4,4,8,200
07/02/2006,MYR,SC,ASO,ES,Combined TRACON& Tower with Radar,51,20,15,0,86,0,0,25,0,25,51,20,40,0,111,44,0,44,155
07/03/2006,MYR,SC,ASO,ES,Combined TRACON& Tower with Radar,44,31,27,1,103,0,90,36,0,126,44,121,63,1,229,49,0,49,278
07/04/2006,MYR,SC,ASO,ES,Combined TRACON& Tower with Radar,45,25,24,0,94,0,98,20,0,118,45,123,44,0,212,12,0,12,224
07/05/2006,MYR,SC,ASO,ES,Combined TRACON& Tower with Radar,51,31,30,27,139,0,56,17,2,75,51,87,47,29,214,2,26,28,242
07/06/2006,MYR,SC,ASO,ES,Combined TRACON& Tower with Radar,48,41,33,4,126,0,32,15,5,52,48,73,48,9,178,14,8,22,200
07/07/2006,MYR,SC,ASO,ES,Combined TRACON& Tower with Radar,43,34,45,4,126,0,54,39,1,94,43,88,84,5,220,82,2,84,304
07/08/2006,MYR,SC,ASO,ES,Combined TRACON& Tower with Radar,45,53,27,0,125,0,55,33,0,88,45,108,60,0,213,12,0,12,225
07/09/2006,MYR,SC,ASO,ES,Combined TRACON& Tower with Radar,53,22,38,0,113,0,3,22,0,25,53,25,60,0,138,20,0,20,158
07/10/2006,MYR,SC,ASO,ES,Combined TRACON& Tower with Radar,41,35,34,36,146,0,39,23,4,66,41,74,57,40,212,44,32,76,288
07/11/2006,MYR,SC,ASO,ES,Combined TRACON& Tower with Radar,47,31,25,29,132,0,37,25,0,62,47,68,50,29,194,43,16,59,253
07/12/2006,MYR,SC,ASO,ES,Combined TRACON& Tower with Radar,45,31,34,0,110,0,44,14,0,58,45,75,48,0,168,0,0,0,168
07/13/2006,MYR,SC,ASO,ES,Combined TRACON& Tower with Radar,40,51,25,21,137,0,43,18,0,61,40,94,43,21,198,16,14,30,228
07/14/2006,MYR,SC,ASO,ES,Combined TRACON& Tower with Radar,48,37,43,11,139,0,28,19,0,47,48,65,62,11,186,0,12,12,198
07/15/2006,MYR,SC,ASO,ES,Combined TRACON& Tower with Radar,74,22,41,4,141,0,39,19,0,58,74,61,60,4,199,34,0,34,233
07/16/2006,MYR,SC,ASO,ES,Combined TRACON& Tower with Radar,51,18,29,1,99,0,0,23,2,25,51,18,52,3,124,4,0,4,128
07/17/2006,MYR,SC,ASO,ES,Combined TRACON& Tower with Radar,46,31,13,0,90,0,50,21,0,71,46,81,34,0,161,24,0,24,185
07/18/2006,MYR,SC,ASO,ES,Combined TRACON& Tower with Radar,44,36,29,11,120,0,54,24,5,83,44,90,53,16,203,18,10,28,231
07/19/2006,MYR,SC,ASO,ES,Combined TRACON& Tower with Radar,42,48,40,5,135,0,44,25,0,69,42,92,65,5,204,22,8,30,234
07/20/2006,MYR,SC,ASO,ES,Combined TRACON& Tower with Radar,45,40,19,11,115,0,33,39,0,72,45,73,58,11,187,18,6,24,211
07/21/2006,MYR,SC,ASO,ES,Combined TRACON& Tower with Radar,39,46,47,12,144,0,74,29,6,109,39,120,76,18,253,36,58,94,347
07/22/2006,MYR,SC,ASO,ES,Combined TRACON& Tower with Radar,53,43,24,6,126,0,29,23,2,54,53,72,47,8,180,40,22,62,242
07/23/2006,MYR,SC,ASO,ES,Combined TRACON& Tower with Radar,51,29,19,5,104,0,0,11,1,12,51,29,30,6,116,20,0,20,136
07/24/2006,MYR,SC,ASO,ES,Combined TRACON& Tower with Radar,47,23,21,7,98,0,0,4,2,6,47,23,25,9,104,0,22,22,126
07/25/2006,MYR,SC,ASO,ES,Combined TRACON& Tower with Radar,50,30,22,4,106,0,25,14,3,42,50,55,36,7,148,34,22,56,204
07/26/2006,MYR,SC,ASO,ES,Combined TRACON& Tower with Radar,47,32,30,14,123,0,32,25,1,58,47,64,55,15,181,65,10,75,256
07/27/2006,MYR,SC,ASO,ES,Combined TRACON& Tower with Radar,42,37,19,19,117,0,17,16,2,35,42,54,35,21,152,58,22,80,232
07/28/2006,MYR,SC,ASO,ES,Combined TRACON& Tower with Radar,46,38,17,2,103,0,49,21,2,72,46,87,38,4,175,34,10,44,219
07/29/2006,MYR,SC,ASO,ES,Combined TRACON& Tower with Radar,55,46,42,0,143,0,41,18,2,61,55,87,60,2,204,34,0,34,238
07/30/2006,MYR,SC,ASO,ES,Combined TRACON& Tower with Radar,49,20,16,0,85,0,0,27,0,27,49,20,43,0,112,20,0,20,132
07/31/2006,MYR,SC,ASO,ES,Combined TRACON& Tower with Radar,39,29,35,34,137,0,30,16,2,48,39,59,51,36,185,6,0,6,191
08/01/2006,MYR,SC,ASO,ES,Combined TRACON& Tower with Radar,45,29,15,31,120,0,43,11,3,57,45,72,26,34,177,14,38,52,229
08/02/2006,MYR,SC,ASO,ES,Combined TRACON& Tower with Radar,41,39,26,26,132,0,26,16,1,43,41,65,42,27,175,52,30,82,257
08/03/2006,MYR,SC,ASO,ES,Combined TRACON& Tower with Radar,45,36,27,6,114,0,28,21,0,49,45,64,48,6,163,95,14,109,272
08/04/2006,MYR,SC,ASO,ES,Combined TRACON& Tower with Radar,45,39,38,3,125,0,24,14,1,39,45,63,52,4,164,46,2,48,212
08/05/2006,MYR,SC,ASO,ES,Combined TRACON& Tower with Radar,55,42,30,0,127,0,38,14,0,52,55,80,44,0,179,0,0,0,179
08/06/2006,MYR,SC,ASO,ES,Combined TRACON& Tower with Radar,49,25,29,3,106,0,0,10,0,10,49,25,39,3,116,0,0,0,116
08/07/2006,MYR,SC,ASO,ES,Combined TRACON& Tower with Radar,50,18,28,14,110,0,18,15,0,33,50,36,43,14,143,0,16,16,159
08/08/2006,MYR,SC,ASO,ES,Combined TRACON& Tower with Radar,49,26,27,22,124,0,35,6,1,42,49,61,33,23,166,0,28,28,194
08/09/2006,MYR,SC,ASO,ES,Combined TRACON& Tower with Radar,48,35,38,11,132,0,22,7,1,30,48,57,45,12,162,10,6,16,178
08/10/2006,MYR,SC,ASO,ES,Combined TRACON& Tower with Radar,41,31,43,7,122,0,32,7,2,41,41,63,50,9,163,8,54,62,225
08/11/2006,MYR,SC,ASO,ES,Combined TRACON& Tower with Radar,47,41,20,25,133,0,21,9,0,30,47,62,29,25,163,3,32,35,198
08/12/2006,MYR,SC,ASO,ES,Combined TRACON& Tower with Radar,57,42,10,6,115,0,8,13,0,21,57,50,23,6,136,0,0,0,136
08/13/2006,MYR,SC,ASO,ES,Combined TRACON& Tower with Radar,54,21,23,0,98,0,0,19,0,19,54,21,42,0,117,2,10,12,129
08/14/2006,MYR,SC,ASO,ES,Combined TRACON& Tower with Radar,42,27,27,12,108,0,23,22,0,45,42,50,49,12,153,20,4,24,177
08/15/2006,MYR,SC,ASO,ES,Combined TRACON& Tower with Radar,47,37,26,2,112,0,28,29,1,58,47,65,55,3,170,20,0,20,190
08/16/2006,MYR,SC,ASO,ES,Combined TRACON& Tower with Radar,51,32,40,10,133,0,38,18,1,57,51,70,58,11,190,22,8,30,220
08/17/2006,MYR,SC,ASO,ES,Combined TRACON& Tower with Radar,55,31,21,13,120,0,13,5,0,18,55,44,26,13,138,36,0,36,174
08/18/2006,MYR,SC,ASO,ES,Combined TRACON& Tower with Radar,62,31,40,12,145,0,28,14,1,43,62,59,54,13,188,20,6,26,214
08/19/2006,MYR,SC,ASO,ES,Combined TRACON& Tower with Radar,65,38,17,62,182,0,28,22,1,51,65,66,39,63,233,34,104,138,371
08/20/2006,MYR,SC,ASO,ES,Combined TRACON& Tower with Radar,66,16,23,13,118,0,0,17,0,17,66,16,40,13,135,16,50,66,201
08/21/2006,MYR,SC,ASO,ES,Combined TRACON& Tower with Radar,53,20,25,12,110,0,15,11,1,27,53,35,36,13,137,0,10,10,147
08/22/2006,MYR,SC,ASO,ES,Combined TRACON& Tower with Radar,54,32,27,1,114,0,35,8,0,43,54,67,35,1,157,0,0,0,157
08/23/2006,MYR,SC,ASO,ES,Combined TRACON& Tower with Radar,53,32,37,9,131,0,17,3,0,20,53,49,40,9,151,22,10,32,183
08/24/2006,MYR,SC,ASO,ES,Combined TRACON& Tower with Radar,57,22,26,16,121,0,11,4,1,16,57,33,30,17,137,8,12,20,157
08/25/2006,MYR,SC,ASO,ES,Combined TRACON& Tower with Radar,56,29,36,12,133,0,16,23,1,40,56,45,59,13,173,18,14,32,205
08/26/2006,MYR,SC,ASO,ES,Combined TRACON& Tower with Radar,82,16,17,0,115,0,8,17,0,25,82,24,34,0,140,24,0,24,164
08/27/2006,MYR,SC,ASO,ES,Combined TRACON& Tower with Radar,49,29,37,0,115,0,0,20,0,20,49,29,57,0,135,16,0,16,151
08/28/2006,MYR,SC,ASO,ES,Combined TRACON& Tower with Radar,50,20,30,4,104,0,0,23,0,23,50,20,53,4,127,50,0,50,177
08/29/2006,MYR,SC,ASO,ES,Combined TRACON& Tower with Radar,44,35,23,3,105,0,0,15,1,16,44,35,38,4,121,28,0,28,149
08/30/2006,MYR,SC,ASO,ES,Combined TRACON& Tower with Radar,51,35,15,0,101,0,0,10,0,10,51,35,25,0,111,36,0,36,147
08/31/2006,MYR,SC,ASO,ES,Combined TRACON& Tower with Radar,44,15,3,0,62,0,0,0,0,0,44,15,3,0,62,0,0,0,62
09/01/2006,MYR,SC,ASO,ES,Combined TRACON& Tower with Radar,44,27,23,1,95,0,2,2,1,5,44,29,25,2,100,0,0,0,100
09/02/2006,MYR,SC,ASO,ES,Combined TRACON& Tower with Radar,58,36,18,0,112,0,0,17,2,19,58,36,35,2,131,10,0,10,141
09/03/2006,MYR,SC,ASO,ES,Combined TRACON& Tower with Radar,51,25,14,0,90,0,0,17,0,17,51,25,31,0,107,14,0,14,121
09/04/2006,MYR,SC,ASO,ES,Combined TRACON& Tower with Radar,53,12,22,0,87,0,0,10,0,10,53,12,32,0,97,16,0,16,113
09/05/2006,MYR,SC,ASO,ES,Combined TRACON& Tower with Radar,56,28,20,0,104,0,2,3,0,5,56,30,23,0,109,0,0,0,109
09/06/2006,MYR,SC,ASO,ES,Combined TRACON& Tower with Radar,50,31,29,3,113,0,1,6,3,10,50,32,35,6,123,4,2,6,129
09/07/2006,MYR,SC,ASO,ES,Combined TRACON& Tower with Radar,54,29,48,6,137,0,3,19,0,22,54,32,67,6,159,13,34,47,206
09/08/2006,MYR,SC,ASO,ES,Combined TRACON& Tower with Radar,48,35,27,36,146,0,0,14,4,18,48,35,41,40,164,34,70,104,268
09/09/2006,MYR,SC,ASO,ES,Combined TRACON& Tower with Radar,47,44,12,14,117,0,0,18,0,18,47,44,30,14,135,48,24,72,207
09/10/2006,MYR,SC,ASO,ES,Combined TRACON& Tower with Radar,55,22,29,6,112,0,0,14,1,15,55,22,43,7,127,0,0,0,127
09/11/2006,MYR,SC,ASO,ES,Combined TRACON& Tower with Radar,49,27,17,26,119,0,1,17,4,22,49,28,34,30,141,36,44,80,221
09/12/2006,MYR,SC,ASO,ES,Combined TRACON& Tower with Radar,44,37,30,11,122,0,0,16,0,16,44,37,46,11,138,18,0,18,156
09/13/2006,MYR,SC,ASO,ES,Combined TRACON& Tower with Radar,40,35,24,12,111,0,3,6,2,11,40,38,30,14,122,28,8,36,158
09/14/2006,MYR,SC,ASO,ES,Combined TRACON& Tower with Radar,44,42,38,6,130,0,1,3,0,4,44,43,41,6,134,6,10,16,150
09/15/2006,MYR,SC,ASO,ES,Combined TRACON& Tower with Radar,48,28,30,26,132,0,0,19,3,22,48,28,49,29,154,20,24,44,198
09/16/2006,MYR,SC,ASO,ES,Combined TRACON& Tower with Radar,50,42,20,3,115,0,0,11,1,12,50,42,31,4,127,26,2,28,155
09/17/2006,MYR,SC,ASO,ES,Combined TRACON& Tower with Radar,50,27,36,4,117,0,0,23,0,23,50,27,59,4,140,6,0,6,146
09/18/2006,MYR,SC,ASO,ES,Combined TRACON& Tower with Radar,50,23,24,7,104,0,2,16,0,18,50,25,40,7,122,16,0,16,138
09/19/2006,MYR,SC,ASO,ES,Combined TRACON& Tower with Radar,44,35,24,12,115,0,0,4,1,5,44,35,28,13,120,14,48,62,182
09/20/2006,MYR,SC,ASO,ES,Combined TRACON& Tower with Radar,47,39,34,1,121,0,16,16,0,32,47,55,50,1,153,16,0,16,169
09/21/2006,MYR,SC,ASO,ES,Combined TRACON& Tower with Radar,45,38,34,15,132,0,0,20,0,20,45,38,54,15,152,30,22,52,204
09/22/2006,MYR,SC,ASO,ES,Combined TRACON& Tower with Radar,47,34,39,2,122,0,0,19,0,19,47,34,58,2,141,30,0,30,171
09/23/2006,MYR,SC,ASO,ES,Combined TRACON& Tower with Radar,57,34,12,0,103,0,1,13,0,14,57,35,25,0,117,0,0,0,117
09/24/2006,MYR,SC,ASO,ES,Combined TRACON& Tower with Radar,56,22,28,0,106,0,2,17,0,19,56,24,45,0,125,10,0,10,135
09/25/2006,MYR,SC,ASO,ES,Combined TRACON& Tower with Radar,50,25,31,5,111,0,0,13,0,13,50,25,44,5,124,8,0,8,132
09/26/2006,MYR,SC,ASO,ES,Combined TRACON& Tower with Radar,50,27,39,2,118,0,1,42,0,43,50,28,81,2,161,187,20,207,368
09/27/2006,MYR,SC,ASO,ES,Combined TRACON& Tower with Radar,41,43,30,5,119,0,0,26,0,26,41,43,56,5,145,33,0,33,178
09/28/2006,MYR,SC,ASO,ES,Combined TRACON& Tower with Radar,50,35,37,12,134,0,19,20,0,39,50,54,57,12,173,30,26,56,229
09/29/2006,MYR,SC,ASO,ES,Combined TRACON& Tower with Radar,54,30,31,11,126,0,15,16,0,31,54,45,47,11,157,26,30,56,213
09/30/2006,MYR,SC,ASO,ES,Combined TRACON& Tower with Radar,55,35,17,0,107,0,42,31,0,73,55,77,48,0,180,4,0,4,184
10/01/2006,MYR,SC,ASO,ES,Combined TRACON& Tower with Radar,52,29,26,0,107,0,0,18,2,20,52,29,44,2,127,20,0,20,147
10/02/2006,MYR,SC,ASO,ES,Combined TRACON& Tower with Radar,52,24,32,20,128,0,1,21,4,26,52,25,53,24,154,16,6,22,176
10/03/2006,MYR,SC,ASO,ES,Combined TRACON& Tower with Radar,47,29,28,10,114,0,0,23,1,24,47,29,51,11,138,6,10,16,154
10/04/2006,MYR,SC,ASO,ES,Combined TRACON& Tower with Radar,47,33,33,0,113,0,0,21,1,22,47,33,54,1,135,4,0,4,139
10/05/2006,MYR,SC,ASO,ES,Combined TRACON& Tower with Radar,48,41,31,5,125,0,2,19,0,21,48,43,50,5,146,6,14,20,166
10/06/2006,MYR,SC,ASO,ES,Combined TRACON& Tower with Radar,49,35,32,6,122,0,0,13,0,13,49,35,45,6,135,0,30,30,165
10/07/2006,MYR,SC,ASO,ES,Combined TRACON& Tower with Radar,57,44,18,0,119,0,0,7,0,7,57,44,25,0,126,6,0,6,132
10/08/2006,MYR,SC,ASO,ES,Combined TRACON& Tower with Radar,59,21,14,0,94,0,0,1,0,1,59,21,15,0,95,0,0,0,95
10/09/2006,MYR,SC,ASO,ES,Combined TRACON& Tower with Radar,58,23,38,0,119,0,0,6,0,6,58,23,44,0,125,26,0,26,151
10/10/2006,MYR,SC,ASO,ES,Combined TRACON& Tower with Radar,49,32,53,7,141,0,0,18,0,18,49,32,71,7,159,2,14,16,175
10/11/2006,MYR,SC,ASO,ES,Combined TRACON& Tower with Radar,45,31,35,20,131,0,0,17,3,20,45,31,52,23,151,0,20,20,171
10/12/2006,MYR,SC,ASO,ES,Combined TRACON& Tower with Radar,48,39,38,4,129,0,0,14,2,16,48,39,52,6,145,14,0,14,159
10/13/2006,MYR,SC,ASO,ES,Combined TRACON& Tower with Radar,55,26,36,12,129,0,0,21,0,21,55,26,57,12,150,0,4,4,154
10/14/2006,MYR,SC,ASO,ES,Combined TRACON& Tower with Radar,54,42,23,1,120,0,0,15,0,15,54,42,38,1,135,3,0,3,138
10/15/2006,MYR,SC,ASO,ES,Combined TRACON& Tower with Radar,50,29,43,13,135,0,0,17,3,20,50,29,60,16,155,42,24,66,221
10/16/2006,MYR,SC,ASO,ES,Combined TRACON& Tower with Radar,57,19,25,12,113,0,0,17,0,17,57,19,42,12,130,21,0,21,151
10/17/2006,MYR,SC,ASO,ES,Combined TRACON& Tower with Radar,47,34,18,1,100,0,2,1,0,3,47,36,19,1,103,0,0,0,103
10/18/2006,MYR,SC,ASO,ES,Combined TRACON& Tower with Radar,53,29,55,10,147,0,0,3,0,3,53,29,58,10,150,12,0,12,162
10/19/2006,MYR,SC,ASO,ES,Combined TRACON& Tower with Radar,49,36,18,10,113,0,0,9,0,9,49,36,27,10,122,0,0,0,122
10/20/2006,MYR,SC,ASO,ES,Combined TRACON& Tower with Radar,48,33,30,9,120,0,0,25,1,26,48,33,55,10,146,30,0,30,176
10/21/2006,MYR,SC,ASO,ES,Combined TRACON& Tower with Radar,62,35,23,8,128,0,0,32,0,32,62,35,55,8,160,22,0,22,182
10/22/2006,MYR,SC,ASO,ES,Combined TRACON& Tower with Radar,55,32,38,6,131,0,0,1,0,1,55,32,39,6,132,0,0,0,132
10/23/2006,MYR,SC,ASO,ES,Combined TRACON& Tower with Radar,57,20,16,5,98,0,0,21,2,23,57,20,37,7,121,31,42,73,194
10/24/2006,MYR,SC,ASO,ES,Combined TRACON& Tower with Radar,38,36,25,13,112,0,0,11,0,11,38,36,36,13,123,8,18,26,149
10/25/2006,MYR,SC,ASO,ES,Combined TRACON& Tower with Radar,47,28,30,13,118,0,0,16,1,17,47,28,46,14,135,4,10,14,149
10/26/2006,MYR,SC,ASO,ES,Combined TRACON& Tower with Radar,54,31,26,24,135,0,0,14,1,15,54,31,40,25,150,22,40,62,212
10/27/2006,MYR,SC,ASO,ES,Combined TRACON& Tower with Radar,44,34,24,7,109,0,0,2,1,3,44,34,26,8,112,0,0,0,112
10/28/2006,MYR,SC,ASO,ES,Combined TRACON& Tower with Radar,57,30,23,1,111,0,88,9,0,97,57,118,32,1,208,56,0,56,264
10/29/2006,MYR,SC,ASO,ES,Combined TRACON& Tower with Radar,52,26,19,0,97,0,2,31,0,33,52,28,50,0,130,22,0,22,152
10/30/2006,MYR,SC,ASO,ES,Combined TRACON& Tower with Radar,50,23,30,6,109,0,1,23,1,25,50,24,53,7,134,28,0,28,162
10/31/2006,MYR,SC,ASO,ES,Combined TRACON& Tower with Radar,43,31,16,0,90,0,0,9,0,9,43,31,25,0,99,8,0,8,107
11/01/2006,MYR,SC,ASO,ES,Combined TRACON& Tower with Radar,43,33,31,13,120,0,0,16,1,17,43,33,47,14,137,4,0,4,141
11/02/2006,MYR,SC,ASO,ES,Combined TRACON& Tower with Radar,42,51,36,5,134,0,1,33,1,35,42,52,69,6,169,32,0,32,201
11/03/2006,MYR,SC,ASO,ES,Combined TRACON& Tower with Radar,47,34,32,9,122,0,52,17,3,72,47,86,49,12,194,22,0,22,216
11/04/2006,MYR,SC,ASO,ES,Combined TRACON& Tower with Radar,56,39,18,4,117,0,36,23,0,59,56,75,41,4,176,40,0,40,216
11/05/2006,MYR,SC,ASO,ES,Combined TRACON& Tower with Radar,51,22,23,2,98,0,0,25,0,25,51,22,48,2,123,8,0,8,131
11/06/2006,MYR,SC,ASO,ES,Combined TRACON& Tower with Radar,51,24,30,29,134,0,1,10,1,12,51,25,40,30,146,2,34,36,182
11/07/2006,MYR,SC,ASO,ES,Combined TRACON& Tower with Radar,36,32,11,5,84,0,0,2,0,2,36,32,13,5,86,0,0,0,86
11/08/2006,MYR,SC,ASO,ES,Combined TRACON& Tower with Radar,34,35,28,36,133,0,0,3,0,3,34,35,31,36,136,0,0,0,136
11/09/2006,MYR,SC,ASO,ES,Combined TRACON& Tower with Radar,34,35,46,42,157,0,0,18,5,23,34,35,64,47,180,12,20,32,212
11/10/2006,MYR,SC,ASO,ES,Combined TRACON& Tower with Radar,36,33,52,34,155,0,11,26,5,42,36,44,78,39,197,60,12,72,269
11/11/2006,MYR,SC,ASO,ES,Combined TRACON& Tower with Radar,37,44,22,27,130,0,44,26,4,74,37,88,48,31,204,20,4,24,228
11/12/2006,MYR,SC,ASO,ES,Combined TRACON& Tower with Radar,34,32,19,20,105,0,18,14,3,35,34,50,33,23,140,14,2,16,156
11/13/2006,MYR,SC,ASO,ES,Combined TRACON& Tower with Radar,37,27,20,48,132,0,1,16,2,19,37,28,36,50,151,8,0,8,159
11/14/2006,MYR,SC,ASO,ES,Combined TRACON& Tower with Radar,34,30,28,54,146,0,0,17,4,21,34,30,45,58,167,20,58,78,245
11/15/2006,MYR,SC,ASO,ES,Combined TRACON& Tower with Radar,31,38,39,39,147,0,0,17,1,18,31,38,56,40,165,8,0,8,173
11/16/2006,MYR,SC,ASO,ES,Combined TRACON& Tower with Radar,32,34,27,24,117,0,0,0,0,0,32,34,27,24,117,1,12,13,130
11/17/2006,MYR,SC,ASO,ES,Combined TRACON& Tower with Radar,47,18,42,32,139,0,1,16,3,20,47,19,58,35,159,78,18,96,255
11/18/2006,MYR,SC,ASO,ES,Combined TRACON& Tower with Radar,30,42,35,4,111,0,0,39,5,44,30,42,74,9,155,60,0,60,215
11/19/2006,MYR,SC,ASO,ES,Combined TRACON& Tower with Radar,36,26,19,11,92,0,0,46,0,46,36,26,65,11,138,34,0,34,172
11/20/2006,MYR,SC,ASO,ES,Combined TRACON& Tower with Radar,33,24,18,12,87,0,0,6,4,10,33,24,24,16,97,0,0,0,97
11/21/2006,MYR,SC,ASO,ES,Combined TRACON& Tower with Radar,34,35,11,0,80,0,0,0,0,0,34,35,11,0,80,0,0,0,80
11/22/2006,MYR,SC,ASO,ES,Combined TRACON& Tower with Radar,37,37,22,1,97,0,0,1,0,1,37,37,23,1,98,0,0,0,98
11/23/2006,MYR,SC,ASO,ES,Combined TRACON& Tower with Radar,33,15,13,1,62,0,0,5,0,5,33,15,18,1,67,0,0,0,67
11/24/2006,MYR,SC,ASO,ES,Combined TRACON& Tower with Radar,26,32,22,0,80,0,0,29,0,29,26,32,51,0,109,12,0,12,121
11/25/2006,MYR,SC,ASO,ES,Combined TRACON& Tower with Radar,48,31,25,0,104,0,0,42,0,42,48,31,67,0,146,28,0,28,174
11/26/2006,MYR,SC,ASO,ES,Combined TRACON& Tower with Radar,37,27,28,4,96,0,1,31,0,32,37,28,59,4,128,34,0,34,162
11/27/2006,MYR,SC,ASO,ES,Combined TRACON& Tower with Radar,39,24,23,7,93,0,0,20,3,23,39,24,43,10,116,12,4,16,132
11/28/2006,MYR,SC,ASO,ES,Combined TRACON& Tower with Radar,44,39,29,13,125,0,1,4,0,5,44,40,33,13,130,0,20,20,150
11/29/2006,MYR,SC,ASO,ES,Combined TRACON& Tower with Radar,35,33,25,3,96,0,1,19,1,21,35,34,44,4,117,8,0,8,125
11/30/2006,MYR,SC,ASO,ES,Combined TRACON& Tower with Radar,34,30,48,15,127,0,0,10,2,12,34,30,58,17,139,16,32,48,187
12/01/2006,MYR,SC,ASO,ES,Combined TRACON& Tower with Radar,34,32,15,1,82,0,0,0,0,0,34,32,15,1,82,0,0,0,82
12/02/2006,MYR,SC,ASO,ES,Combined TRACON& Tower with Radar,34,32,15,0,81,0,0,28,1,29,34,32,43,1,110,96,0,96,206
12/03/2006,MYR,SC,ASO,ES,Combined TRACON& Tower with Radar,35,21,25,0,81,0,0,0,0,0,35,21,25,0,81,0,0,0,81
12/04/2006,MYR,SC,ASO,ES,Combined TRACON& Tower with Radar,34,32,19,4,89,0,0,24,0,24,34,32,43,4,113,50,0,50,163
12/05/2006,MYR,SC,ASO,ES,Combined TRACON& Tower with Radar,41,23,40,21,125,1,0,19,2,22,42,23,59,23,147,16,16,32,179
12/06/2006,MYR,SC,ASO,ES,Combined TRACON& Tower with Radar,34,33,31,4,102,0,0,18,0,18,34,33,49,4,120,20,0,20,140
12/07/2006,MYR,SC,ASO,ES,Combined TRACON& Tower with Radar,32,41,25,9,107,0,0,16,0,16,32,41,41,9,123,0,0,0,123
12/08/2006,MYR,SC,ASO,ES,Combined TRACON& Tower with Radar,36,32,28,12,108,0,0,11,0,11,36,32,39,12,119,0,0,0,119
12/09/2006,MYR,SC,ASO,ES,Combined TRACON& Tower with Radar,31,33,18,3,85,0,0,16,0,16,31,33,34,3,101,26,6,32,133
12/10/2006,MYR,SC,ASO,ES,Combined TRACON& Tower with Radar,33,24,24,8,89,0,0,14,3,17,33,24,38,11,106,26,0,26,132
12/11/2006,MYR,SC,ASO,ES,Combined TRACON& Tower with Radar,33,22,17,0,72,0,0,20,2,22,33,22,37,2,94,12,0,12,106
12/12/2006,MYR,SC,ASO,ES,Combined TRACON& Tower with Radar,29,38,17,11,95,0,0,15,2,17,29,38,32,13,112,24,10,34,146
12/13/2006,MYR,SC,ASO,ES,Combined TRACON& Tower with Radar,27,43,29,7,106,0,0,4,0,4,27,43,33,7,110,32,4,36,146
12/14/2006,MYR,SC,ASO,ES,Combined TRACON& Tower with Radar,36,31,50,6,123,0,0,13,1,14,36,31,63,7,137,6,0,6,143
12/15/2006,MYR,SC,ASO,ES,Combined TRACON& Tower with Radar,29,37,20,4,90,0,1,11,2,14,29,38,31,6,104,8,0,8,112
12/16/2006,MYR,SC,ASO,ES,Combined TRACON& Tower with Radar,25,34,15,7,81,0,3,30,30,63,25,37,45,37,144,3,0,3,147
12/17/2006,MYR,SC,ASO,ES,Combined TRACON& Tower with Radar,27,23,19,0,69,0,0,18,0,18,27,23,37,0,87,6,0,6,93
12/18/2006,MYR,SC,ASO,ES,Combined TRACON& Tower with Radar,39,25,21,7,92,0,0,8,4,12,39,25,29,11,104,8,8,16,120
12/19/2006,MYR,SC,ASO,ES,Combined TRACON& Tower with Radar,27,37,15,20,99,0,0,23,0,23,27,37,38,20,122,32,6,38,160
12/20/2006,MYR,SC,ASO,ES,Combined TRACON& Tower with Radar,28,35,20,16,99,0,0,16,1,17,28,35,36,17,116,8,8,16,132
12/21/2006,MYR,SC,ASO,ES,Combined TRACON& Tower with Radar,33,32,15,13,93,0,0,16,2,18,33,32,31,15,111,8,18,26,137
12/22/2006,MYR,SC,ASO,ES,Combined TRACON& Tower with Radar,31,40,14,5,90,0,0,0,0,0,31,40,14,5,90,0,0,0,90
12/23/2006,MYR,SC,ASO,ES,Combined TRACON& Tower with Radar,32,38,14,0,84,0,0,6,0,6,32,38,20,0,90,2,0,2,92
12/24/2006,MYR,SC,ASO,ES,Combined TRACON& Tower with Radar,31,17,8,0,56,0,0,6,0,6,31,17,14,0,62,0,0,0,62
12/25/2006,MYR,SC,ASO,ES,Combined TRACON& Tower with Radar,31,14,1,0,46,0,0,0,0,0,31,14,1,0,46,0,0,0,46
12/26/2006,MYR,SC,ASO,ES,Combined TRACON& Tower with Radar,28,32,15,6,81,0,0,6,0,6,28,32,21,6,87,14,8,22,109
12/27/2006,MYR,SC,ASO,ES,Combined TRACON& Tower with Radar,43,33,21,8,105,0,1,29,0,30,43,34,50,8,135,12,0,12,147
12/28/2006,MYR,SC,ASO,ES,Combined TRACON& Tower with Radar,36,32,16,13,97,0,0,22,0,22,36,32,38,13,119,14,14,28,147
12/29/2006,MYR,SC,ASO,ES,Combined TRACON& Tower with Radar,30,30,21,12,93,0,0,23,0,23,30,30,44,12,116,6,12,18,134
12/30/2006,MYR,SC,ASO,ES,Combined TRACON& Tower with Radar,33,33,18,0,84,0,0,19,0,19,33,33,37,0,103,12,0,12,115
12/31/2006,MYR,SC,ASO,ES,Combined TRACON& Tower with Radar,34,19,13,6,72,0,0,0,0,0,34,19,13,6,72,0,0,0,72
01/01/2007,MYR,SC,ASO,ES,Combined TRACON& Tower with Radar,33,13,7,0,53,0,0,5,0,5,33,13,12,0,58,7,0,7,65
01/02/2007,MYR,SC,ASO,ES,Combined TRACON& Tower with Radar,27,34,25,0,86,0,0,19,0,19,27,34,44,0,105,4,0,4,109
01/03/2007,MYR,SC,ASO,ES,Combined TRACON& Tower with Radar,29,31,33,3,96,0,2,24,1,27,29,33,57,4,123,12,0,12,135
01/04/2007,MYR,SC,ASO,ES,Combined TRACON& Tower with Radar,29,32,30,35,126,0,0,2,0,2,29,32,32,35,128,4,12,16,144
01/05/2007,MYR,SC,ASO,ES,Combined TRACON& Tower with Radar,25,36,20,48,129,0,0,0,0,0,25,36,20,48,129,0,4,4,133
01/06/2007,MYR,SC,ASO,ES,Combined TRACON& Tower with Radar,32,24,20,1,77,0,0,13,0,13,32,24,33,1,90,0,0,0,90
01/07/2007,MYR,SC,ASO,ES,Combined TRACON& Tower with Radar,25,22,13,4,64,0,1,3,0,4,25,23,16,4,68,28,0,28,96
01/08/2007,MYR,SC,ASO,ES,Combined TRACON& Tower with Radar,29,24,15,5,73,0,0,1,0,1,29,24,16,5,74,0,0,0,74
01/09/2007,MYR,SC,ASO,ES,Combined TRACON& Tower with Radar,25,32,27,13,97,1,0,18,0,19,26,32,45,13,116,8,0,8,124
01/10/2007,MYR,SC,ASO,ES,Combined TRACON& Tower with Radar,28,32,32,5,97,0,0,18,0,18,28,32,50,5,115,22,0,22,137
01/11/2007,MYR,SC,ASO,ES,Combined TRACON& Tower with Radar,28,32,20,7,87,0,0,27,1,28,28,32,47,8,115,0,14,14,129
01/12/2007,MYR,SC,ASO,ES,Combined TRACON& Tower with Radar,29,36,17,2,84,0,2,27,0,29,29,38,44,2,113,22,0,22,135
01/13/2007,MYR,SC,ASO,ES,Combined TRACON& Tower with Radar,26,26,30,7,89,0,3,18,0,21,26,29,48,7,110,8,0,8,118
01/14/2007,MYR,SC,ASO,ES,Combined TRACON& Tower with Radar,21,32,27,2,82,0,0,21,0,21,21,32,48,2,103,6,0,6,109
01/15/2007,MYR,SC,ASO,ES,Combined TRACON& Tower with Radar,25,26,37,3,91,0,1,13,0,14,25,27,50,3,105,6,0,6,111
01/16/2007,MYR,SC,ASO,ES,Combined TRACON& Tower with Radar,25,25,20,6,76,0,1,5,0,6,25,26,25,6,82,0,4,4,86
01/17/2007,MYR,SC,ASO,ES,Combined TRACON& Tower with Radar,24,29,32,12,97,0,1,13,0,14,24,30,45,12,111,0,8,8,119
01/18/2007,MYR,SC,ASO,ES,Combined TRACON& Tower with Radar,25,24,11,1,61,0,0,0,0,0,25,24,11,1,61,0,0,0,61
01/19/2007,MYR,SC,ASO,ES,Combined TRACON& Tower with Radar,27,34,28,5,94,0,0,12,1,13,27,34,40,6,107,54,0,54,161
01/20/2007,MYR,SC,ASO,ES,Combined TRACON& Tower with Radar,24,23,13,16,76,0,0,36,0,36,24,23,49,16,112,10,14,24,136
01/21/2007,MYR,SC,ASO,ES,Combined TRACON& Tower with Radar,22,23,18,8,71,0,0,16,0,16,22,23,34,8,87,14,8,22,109
01/22/2007,MYR,SC,ASO,ES,Combined TRACON& Tower with Radar,27,24,16,0,67,0,0,0,0,0,27,24,16,0,67,0,0,0,67
01/23/2007,MYR,SC,ASO,ES,Combined TRACON& Tower with Radar,23,26,31,8,88,0,0,6,0,6,23,26,37,8,94,0,0,0,94
01/24/2007,MYR,SC,ASO,ES,Combined TRACON& Tower with Radar,23,31,22,3,79,0,0,11,0,11,23,31,33,3,90,28,0,28,118
01/25/2007,MYR,SC,ASO,ES,Combined TRACON& Tower with Radar,29,26,25,12,92,0,2,13,2,17,29,28,38,14,109,0,6,6,115
01/26/2007,MYR,SC,ASO,ES,Combined TRACON& Tower with Radar,33,27,28,26,114,0,2,19,1,22,33,29,47,27,136,22,122,144,280
01/27/2007,MYR,SC,ASO,ES,Combined TRACON& Tower with Radar,26,23,17,13,79,0,2,23,0,25,26,25,40,13,104,15,38,53,157
01/28/2007,MYR,SC,ASO,ES,Combined TRACON& Tower with Radar,24,27,16,8,75,0,1,10,0,11,24,28,26,8,86,0,6,6,92
01/29/2007,MYR,SC,ASO,ES,Combined TRACON& Tower with Radar,26,24,23,8,81,0,1,15,0,16,26,25,38,8,97,4,0,4,101
01/30/2007,MYR,SC,ASO,ES,Combined TRACON& Tower with Radar,23,31,27,3,84,0,1,11,0,12,23,32,38,3,96,8,8,16,112
01/31/2007,MYR,SC,ASO,ES,Combined TRACON& Tower with Radar,24,33,32,22,111,0,0,31,1,32,24,33,63,23,143,64,24,88,231
02/01/2007,MYR,SC,ASO,ES,Combined TRACON& Tower with Radar,29,22,11,0,62,0,0,2,0,2,29,22,13,0,64,0,0,0,64
02/02/2007,MYR,SC,ASO,ES,Combined TRACON& Tower with Radar,26,32,23,21,102,0,0,0,1,1,26,32,23,22,103,0,0,0,103
02/03/2007,MYR,SC,ASO,ES,Combined TRACON& Tower with Radar,21,26,14,14,75,0,0,17,1,18,21,26,31,15,93,8,28,36,129
02/04/2007,MYR,SC,ASO,ES,Combined TRACON& Tower with Radar,24,21,15,1,61,0,3,21,1,25,24,24,36,2,86,0,0,0,86
02/05/2007,MYR,SC,ASO,ES,Combined TRACON& Tower with Radar,26,27,11,18,82,0,2,15,0,17,26,29,26,18,99,16,0,16,115
02/06/2007,MYR,SC,ASO,ES,Combined TRACON& Tower with Radar,26,27,23,10,86,0,0,15,0,15,26,27,38,10,101,12,4,16,117
02/07/2007,MYR,SC,ASO,ES,Combined TRACON& Tower with Radar,24,25,23,5,77,0,0,18,0,18,24,25,41,5,95,18,0,18,113
02/08/2007,MYR,SC,ASO,ES,Combined TRACON& Tower with Radar,35,28,48,8,119,0,2,18,0,20,35,30,66,8,139,0,0,0,139
02/09/2007,MYR,SC,ASO,ES,Combined TRACON& Tower with Radar,32,31,32,6,101,0,0,13,1,14,32,31,45,7,115,0,22,22,137
02/10/2007,MYR,SC,ASO,ES,Combined TRACON& Tower with Radar,28,25,12,33,98,0,0,36,4,40,28,25,48,37,138,30,102,132,270
02/11/2007,MYR,SC,ASO,ES,Combined TRACON& Tower with Radar,31,22,21,0,74,0,1,21,1,23,31,23,42,1,97,0,0,0,97
02/12/2007,MYR,SC,ASO,ES,Combined TRACON& Tower with Radar,26,30,25,10,91,0,1,17,0,18,26,31,42,10,109,12,16,28,137
02/13/2007,MYR,SC,ASO,ES,Combined TRACON& Tower with Radar,27,17,9,18,71,0,0,5,1,6,27,17,14,19,77,0,0,0,77
02/14/2007,MYR,SC,ASO,ES,Combined TRACON& Tower with Radar,24,24,15,8,71,0,0,2,0,2,24,24,17,8,73,0,0,0,73
02/15/2007,MYR,SC,ASO,ES,Combined TRACON& Tower with Radar,35,34,41,6,116,0,2,16,0,18,35,36,57,6,134,6,16,22,156
02/16/2007,MYR,SC,ASO,ES,Combined TRACON& Tower with Radar,41,30,42,16,129,0,1,20,1,22,41,31,62,17,151,8,22,30,181
02/17/2007,MYR,SC,ASO,ES,Combined TRACON& Tower with Radar,37,31,18,0,86,0,2,15,0,17,37,33,33,0,103,0,0,0,103
02/18/2007,MYR,SC,ASO,ES,Combined TRACON& Tower with Radar,36,25,21,0,82,0,0,12,4,16,36,25,33,4,98,4,0,4,102
02/19/2007,MYR,SC,ASO,ES,Combined TRACON& Tower with Radar,40,20,37,2,99,0,1,22,0,23,40,21,59,2,122,22,8,30,152
02/20/2007,MYR,SC,ASO,ES,Combined TRACON& Tower with Radar,35,35,36,5,111,0,1,18,0,19,35,36,54,5,130,0,8,8,138
02/21/2007,MYR,SC,ASO,ES,Combined TRACON& Tower with Radar,36,31,30,41,138,0,0,0,0,0,36,31,30,41,138,6,0,6,144
02/22/2007,MYR,SC,ASO,ES,Combined TRACON& Tower with Radar,42,30,19,2,93,0,0,20,0,20,42,30,39,2,113,6,0,6,119
02/23/2007,MYR,SC,ASO,ES,Combined TRACON& Tower with Radar,41,33,16,13,103,0,4,45,4,53,41,37,61,17,156,4,14,18,174
02/24/2007,MYR,SC,ASO,ES,Combined TRACON& Tower with Radar,41,26,32,11,110,0,1,28,4,33,41,27,60,15,143,26,28,54,197
02/25/2007,MYR,SC,ASO,ES,Combined TRACON& Tower with Radar,38,26,7,0,71,0,0,6,0,6,38,26,13,0,77,0,0,0,77
02/26/2007,MYR,SC,ASO,ES,Combined TRACON& Tower with Radar,41,23,20,8,92,0,5,21,1,27,41,28,41,9,119,12,8,20,139
02/27/2007,MYR,SC,ASO,ES,Combined TRACON& Tower with Radar,39,34,27,14,114,0,1,35,1,37,39,35,62,15,151,15,0,15,166
02/28/2007,MYR,SC,ASO,ES,Combined TRACON& Tower with Radar,37,29,39,10,115,0,0,29,0,29,37,29,68,10,144,8,0,8,152
03/01/2007,MYR,SC,ASO,ES,Combined TRACON& Tower with Radar,37,30,21,6,94,0,0,2,0,2,37,30,23,6,96,0,0,0,96
03/02/2007,MYR,SC,ASO,ES,Combined TRACON& Tower with Radar,43,26,30,6,105,0,0,13,3,16,43,26,43,9,121,2,6,8,129
03/03/2007,MYR,SC,ASO,ES,Combined TRACON& Tower with Radar,43,25,24,5,97,0,0,26,2,28,43,25,50,7,125,21,0,21,146
03/04/2007,MYR,SC,ASO,ES,Combined TRACON& Tower with Radar,44,19,20,7,90,0,2,18,1,21,44,21,38,8,111,0,4,4,115
03/05/2007,MYR,SC,ASO,ES,Combined TRACON& Tower with Radar,46,25,26,6,103,0,0,20,0,20,46,25,46,6,123,32,0,32,155
03/06/2007,MYR,SC,ASO,ES,Combined TRACON& Tower with Radar,38,32,31,9,110,0,0,17,0,17,38,32,48,9,127,18,0,18,145
03/07/2007,MYR,SC,ASO,ES,Combined TRACON& Tower with Radar,39,36,44,1,120,0,0,26,0,26,39,36,70,1,146,0,0,0,146
03/08/2007,MYR,SC,ASO,ES,Combined TRACON& Tower with Radar,47,40,39,3,129,0,1,20,1,22,47,41,59,4,151,20,4,24,175
03/09/2007,MYR,SC,ASO,ES,Combined TRACON& Tower with Radar,48,33,27,5,113,0,0,15,1,16,48,33,42,6,129,14,0,14,143
03/10/2007,MYR,SC,ASO,ES,Combined TRACON& Tower with Radar,55,21,19,0,95,0,0,18,4,22,55,21,37,4,117,13,8,21,138
03/11/2007,MYR,SC,ASO,ES,Combined TRACON& Tower with Radar,56,16,24,0,96,0,3,27,0,30,56,19,51,0,126,4,0,4,130
03/12/2007,MYR,SC,ASO,ES,Combined TRACON& Tower with Radar,53,21,27,22,123,0,2,31,1,34,53,23,58,23,157,26,14,40,197
03/13/2007,MYR,SC,ASO,ES,Combined TRACON& Tower with Radar,40,30,27,6,103,0,2,37,3,42,40,32,64,9,145,30,4,34,179
03/14/2007,MYR,SC,ASO,ES,Combined TRACON& Tower with Radar,42,34,43,2,121,0,0,27,0,27,42,34,70,2,148,40,2,42,190
03/15/2007,MYR,SC,ASO,ES,Combined TRACON& Tower with Radar,55,28,31,34,148,0,0,17,0,17,55,28,48,34,165,0,46,46,211
03/16/2007,MYR,SC,ASO,ES,Combined TRACON& Tower with Radar,44,29,19,3,95,0,0,1,0,1,44,29,20,3,96,0,0,0,96
03/17/2007,MYR,SC,ASO,ES,Combined TRACON& Tower with Radar,50,30,17,21,118,0,1,17,1,19,50,31,34,22,137,0,14,14,151
03/18/2007,MYR,SC,ASO,ES,Combined TRACON& Tower with Radar,44,31,36,6,117,0,1,42,0,43,44,32,78,6,160,4,0,4,164
03/19/2007,MYR,SC,ASO,ES,Combined TRACON& Tower with Radar,47,34,29,7,117,0,3,26,2,31,47,37,55,9,148,4,12,16,164
03/20/2007,MYR,SC,ASO,ES,Combined TRACON& Tower with Radar,43,37,40,22,142,0,0,32,0,32,43,37,72,22,174,26,28,54,228
03/21/2007,MYR,SC,ASO,ES,Combined TRACON& Tower with Radar,40,34,43,9,126,0,1,13,0,14,40,35,56,9,140,10,10,20,160
03/22/2007,MYR,SC,ASO,ES,Combined TRACON& Tower with Radar,57,23,47,1,128,0,2,45,4,51,57,25,92,5,179,0,0,0,179
03/23/2007,MYR,SC,ASO,ES,Combined TRACON& Tower with Radar,48,30,44,9,131,0,0,40,5,45,48,30,84,14,176,10,20,30,206
03/24/2007,MYR,SC,ASO,ES,Combined TRACON& Tower with Radar,52,33,22,47,154,0,1,26,4,31,52,34,48,51,185,8,46,54,239
03/25/2007,MYR,SC,ASO,ES,Combined TRACON& Tower with Radar,52,19,31,3,105,0,2,41,2,45,52,21,72,5,150,4,0,4,154
03/26/2007,MYR,SC,ASO,ES,Combined TRACON& Tower with Radar,52,24,28,17,121,0,2,13,0,15,52,26,41,17,136,18,18,36,172
03/27/2007,MYR,SC,ASO,ES,Combined TRACON& Tower with Radar,46,30,44,12,132,0,0,18,0,18,46,30,62,12,150,0,10,10,160
03/28/2007,MYR,SC,ASO,ES,Combined TRACON& Tower with Radar,42,32,43,30,147,0,0,28,0,28,42,32,71,30,175,10,0,10,185
03/29/2007,MYR,SC,ASO,ES,Combined TRACON& Tower with Radar,53,32,26,4,115,0,0,3,1,4,53,32,29,5,119,0,0,0,119
03/30/2007,MYR,SC,ASO,ES,Combined TRACON& Tower with Radar,52,35,46,17,150,0,1,24,0,25,52,36,70,17,175,38,22,60,235
03/31/2007,MYR,SC,ASO,ES,Combined TRACON& Tower with Radar,50,38,35,1,124,0,2,24,0,26,50,40,59,1,150,18,0,18,168
04/01/2007,MYR,SC,ASO,ES,Combined TRACON& Tower with Radar,59,20,40,0,119,0,4,21,0,25,59,24,61,0,144,0,0,0,144
04/02/2007,MYR,SC,ASO,ES,Combined TRACON& Tower with Radar,51,26,22,9,108,0,2,12,1,15,51,28,34,10,123,22,12,34,157
04/03/2007,MYR,SC,ASO,ES,Combined TRACON& Tower with Radar,43,28,38,6,115,0,1,29,0,30,43,29,67,6,145,8,0,8,153
04/04/2007,MYR,SC,ASO,ES,Combined TRACON& Tower with Radar,47,28,30,11,116,0,0,12,1,13,47,28,42,12,129,10,24,34,163
04/05/2007,MYR,SC,ASO,ES,Combined TRACON& Tower with Radar,48,33,40,20,141,0,2,29,0,31,48,35,69,20,172,0,14,14,186
04/06/2007,MYR,SC,ASO,ES,Combined TRACON& Tower with Radar,50,26,31,21,128,0,0,20,3,23,50,26,51,24,151,20,24,44,195
04/07/2007,MYR,SC,ASO,ES,Combined TRACON& Tower with Radar,52,33,23,1,109,0,1,20,0,21,52,34,43,1,130,0,0,0,130
04/08/2007,MYR,SC,ASO,ES,Combined TRACON& Tower with Radar,54,23,28,0,105,0,1,23,0,24,54,24,51,0,129,0,0,0,129
04/09/2007,MYR,SC,ASO,ES,Combined TRACON& Tower with Radar,55,25,16,19,115,0,1,17,0,18,55,26,33,19,133,0,10,10,143
04/10/2007,MYR,SC,ASO,ES,Combined TRACON& Tower with Radar,44,36,29,9,118,0,0,34,0,34,44,36,63,9,152,2,12,14,166
04/11/2007,MYR,SC,ASO,ES,Combined TRACON& Tower with Radar,45,36,28,20,129,0,0,0,0,0,45,36,28,20,129,0,0,0,129
04/12/2007,MYR,SC,ASO,ES,Combined TRACON& Tower with Radar,46,35,22,14,117,0,1,8,4,13,46,36,30,18,130,6,0,6,136
04/13/2007,MYR,SC,ASO,ES,Combined TRACON& Tower with Radar,55,37,43,3,138,0,0,40,2,42,55,37,83,5,180,36,0,36,216
04/14/2007,MYR,SC,ASO,ES,Combined TRACON& Tower with Radar,50,35,34,23,142,0,0,32,1,33,50,35,66,24,175,10,22,32,207
04/15/2007,MYR,SC,ASO,ES,Combined TRACON& Tower with Radar,48,32,13,0,93,0,0,0,0,0,48,32,13,0,93,0,0,0,93
04/16/2007,MYR,SC,ASO,ES,Combined TRACON& Tower with Radar,53,19,27,2,101,0,2,4,2,8,53,21,31,4,109,0,0,0,109
04/17/2007,MYR,SC,ASO,ES,Combined TRACON& Tower with Radar,46,27,25,30,128,0,1,17,0,18,46,28,42,30,146,6,27,33,179
04/18/2007,MYR,SC,ASO,ES,Combined TRACON& Tower with Radar,40,34,46,18,138,0,0,25,0,25,40,34,71,18,163,3,6,9,172
04/19/2007,MYR,SC,ASO,ES,Combined TRACON& Tower with Radar,49,40,38,2,129,0,0,32,0,32,49,40,70,2,161,12,0,12,173
04/20/2007,MYR,SC,ASO,ES,Combined TRACON& Tower with Radar,43,35,58,11,147,0,4,28,0,32,43,39,86,11,179,25,32,57,236
04/21/2007,MYR,SC,ASO,ES,Combined TRACON& Tower with Radar,49,39,23,2,113,0,4,33,2,39,49,43,56,4,152,4,0,4,156
04/22/2007,MYR,SC,ASO,ES,Combined TRACON& Tower with Radar,45,32,51,0,128,0,2,57,1,60,45,34,108,1,188,2,0,2,190
04/23/2007,MYR,SC,ASO,ES,Combined TRACON& Tower with Radar,50,33,27,19,129,0,0,45,0,45,50,33,72,19,174,22,20,42,216
04/24/2007,MYR,SC,ASO,ES,Combined TRACON& Tower with Radar,42,31,16,16,105,0,1,44,1,46,42,32,60,17,151,2,12,14,165
04/25/2007,MYR,SC,ASO,ES,Combined TRACON& Tower with Radar,41,36,22,39,138,0,2,20,0,22,41,38,42,39,160,0,62,62,222
04/26/2007,MYR,SC,ASO,ES,Combined TRACON& Tower with Radar,46,33,2,5,86,0,0,0,0,0,46,33,2,5,86,20,0,20,106
04/27/2007,MYR,SC,ASO,ES,Combined TRACON& Tower with Radar,47,33,35,2,117,0,6,16,0,22,47,39,51,2,139,22,0,22,161
04/28/2007,MYR,SC,ASO,ES,Combined TRACON& Tower with Radar,46,43,24,6,119,0,44,78,4,126,46,87,102,10,245,22,0,22,267
04/29/2007,MYR,SC,ASO,ES,Combined TRACON& Tower with Radar,49,33,33,0,115,0,1,38,0,39,49,34,71,0,154,0,2,2,156
04/30/2007,MYR,SC,ASO,ES,Combined TRACON& Tower with Radar,49,32,35,3,119,0,0,30,0,30,49,32,65,3,149,46,4,50,199
05/01/2007,MYR,SC,ASO,ES,Combined TRACON& Tower with Radar,43,37,34,21,135,0,4,21,0,25,43,41,55,21,160,10,8,18,178
05/02/2007,MYR,SC,ASO,ES,Combined TRACON& Tower with Radar,47,44,42,2,135,0,1,25,0,26,47,45,67,2,161,32,0,32,193
05/03/2007,MYR,SC,ASO,ES,Combined TRACON& Tower with Radar,48,37,40,6,131,0,0,20,0,20,48,37,60,6,151,0,12,12,163
05/04/2007,MYR,SC,ASO,ES,Combined TRACON& Tower with Radar,57,28,60,0,145,0,3,12,0,15,57,31,72,0,160,4,0,4,164
05/05/2007,MYR,SC,ASO,ES,Combined TRACON& Tower with Radar,48,43,22,0,113,0,1,46,0,47,48,44,68,0,160,20,0,20,180
05/06/2007,MYR,SC,ASO,ES,Combined TRACON& Tower with Radar,62,24,35,7,128,0,1,16,0,17,62,25,51,7,145,4,6,10,155
05/07/2007,MYR,SC,ASO,ES,Combined TRACON& Tower with Radar,53,20,16,2,91,0,1,4,4,9,53,21,20,6,100,0,0,0,100
05/08/2007,MYR,SC,ASO,ES,Combined TRACON& Tower with Radar,43,31,14,10,98,0,0,0,0,0,43,31,14,10,98,2,0,2,100
05/09/2007,MYR,SC,ASO,ES,Combined TRACON& Tower with Radar,45,24,23,0,92,0,0,1,0,1,45,24,24,0,93,0,0,0,93
05/10/2007,MYR,SC,ASO,ES,Combined TRACON& Tower with Radar,46,32,28,3,109,0,1,18,0,19,46,33,46,3,128,4,0,4,132
05/11/2007,MYR,SC,ASO,ES,Combined TRACON& Tower with Radar,49,34,31,15,129,0,5,25,0,30,49,39,56,15,159,30,32,62,221
05/12/2007,MYR,SC,ASO,ES,Combined TRACON& Tower with Radar,53,35,20,3,111,0,1,16,0,17,53,36,36,3,128,36,0,36,164
05/13/2007,MYR,SC,ASO,ES,Combined TRACON& Tower with Radar,61,17,30,1,109,0,1,19,0,20,61,18,49,1,129,0,0,0,129
05/14/2007,MYR,SC,ASO,ES,Combined TRACON& Tower with Radar,52,28,27,8,115,0,3,23,0,26,52,31,50,8,141,10,16,26,167
05/15/2007,MYR,SC,ASO,ES,Combined TRACON& Tower with Radar,47,28,31,26,132,0,3,44,0,47,47,31,75,26,179,12,0,12,191
05/16/2007,MYR,SC,ASO,ES,Combined TRACON& Tower with Radar,41,27,42,7,117,0,1,23,0,24,41,28,65,7,141,12,8,20,161
05/17/2007,MYR,SC,ASO,ES,Combined TRACON& Tower with Radar,53,46,33,10,142,0,0,9,0,9,53,46,42,10,151,0,12,12,163
05/18/2007,MYR,SC,ASO,ES,Combined TRACON& Tower with Radar,51,28,25,36,140,0,9,26,0,35,51,37,51,36,175,22,22,44,219
05/19/2007,MYR,SC,ASO,ES,Combined TRACON& Tower with Radar,53,34,24,5,116,0,9,43,0,52,53,43,67,5,168,28,0,28,196
05/20/2007,MYR,SC,ASO,ES,Combined TRACON& Tower with Radar,57,30,35,2,124,0,2,26,2,30,57,32,61,4,154,0,0,0,154
05/21/2007,MYR,SC,ASO,ES,Combined TRACON& Tower with Radar,54,26,16,40,136,0,0,23,2,25,54,26,39,42,161,0,22,22,183
05/22/2007,MYR,SC,ASO,ES,Combined TRACON& Tower with Radar,46,30,36,15,127,0,2,36,0,38,46,32,72,15,165,8,0,8,173
05/23/2007,MYR,SC,ASO,ES,Combined TRACON& Tower with Radar,43,31,30,12,116,0,0,21,2,23,43,31,51,14,139,4,6,10,149
05/24/2007,MYR,SC,ASO,ES,Combined TRACON& Tower with Radar,54,34,29,1,118,0,2,31,0,33,54,36,60,1,151,10,0,10,161
05/25/2007,MYR,SC,ASO,ES,Combined TRACON& Tower with Radar,49,31,35,6,121,0,3,45,2,50,49,34,80,8,171,12,2,14,185
05/26/2007,MYR,SC,ASO,ES,Combined TRACON& Tower with Radar,60,27,26,2,115,0,2,26,0,28,60,29,52,2,143,2,2,4,147
05/27/2007,MYR,SC,ASO,ES,Combined TRACON& Tower with Radar,53,25,18,0,96,0,1,29,0,30,53,26,47,0,126,0,0,0,126
05/28/2007,MYR,SC,ASO,ES,Combined TRACON& Tower with Radar,51,21,33,4,109,0,1,38,3,42,51,22,71,7,151,24,0,24,175
05/29/2007,MYR,SC,ASO,ES,Combined TRACON& Tower with Radar,50,23,35,0,108,0,0,23,0,23,50,23,58,0,131,22,0,22,153
05/30/2007,MYR,SC,ASO,ES,Combined TRACON& Tower with Radar,49,27,35,2,113,0,1,46,0,47,49,28,81,2,160,8,8,16,176
05/31/2007,MYR,SC,ASO,ES,Combined TRACON& Tower with Radar,58,31,35,1,125,0,0,51,2,53,58,31,86,3,178,14,0,14,192
06/01/2007,MYR,SC,ASO,ES,Combined TRACON& Tower with Radar,48,40,26,10,124,0,2,39,5,46,48,42,65,15,170,18,22,40,210
06/02/2007,MYR,SC,ASO,ES,Combined TRACON& Tower with Radar,55,32,26,1,114,0,0,9,0,9,55,32,35,1,123,0,0,0,123
06/03/2007,MYR,SC,ASO,ES,Combined TRACON& Tower with Radar,67,16,12,0,95,0,3,8,0,11,67,19,20,0,106,0,0,0,106
06/04/2007,MYR,SC,ASO,ES,Combined TRACON& Tower with Radar,50,22,40,6,118,0,1,15,0,16,50,23,55,6,134,0,8,8,142
06/05/2007,MYR,SC,ASO,ES,Combined TRACON& Tower with Radar,43,27,24,14,108,0,0,6,0,6,43,27,30,14,114,8,0,8,122
06/06/2007,MYR,SC,ASO,ES,Combined TRACON& Tower with Radar,44,26,30,10,110,0,0,42,0,42,44,26,72,10,152,44,2,46,198
06/07/2007,MYR,SC,ASO,ES,Combined TRACON& Tower with Radar,61,23,44,1,129,0,0,22,0,22,61,23,66,1,151,0,0,0,151
06/08/2007,MYR,SC,ASO,ES,Combined TRACON& Tower with Radar,67,41,31,0,139,0,0,50,1,51,67,41,81,1,190,24,0,24,214
06/09/2007,MYR,SC,ASO,ES,Combined TRACON& Tower with Radar,67,41,31,0,139,0,0,50,1,51,67,41,81,1,190,24,0,24,214
06/10/2007,MYR,SC,ASO,ES,Combined TRACON& Tower with Radar,64,25,34,0,123,0,2,27,1,30,64,27,61,1,153,24,0,24,177
06/11/2007,MYR,SC,ASO,ES,Combined TRACON& Tower with Radar,54,18,33,3,108,0,6,10,1,17,54,24,43,4,125,16,0,16,141
06/12/2007,MYR,SC,ASO,ES,Combined TRACON& Tower with Radar,45,24,33,4,106,0,0,20,0,20,45,24,53,4,126,42,2,44,170
06/13/2007,MYR,SC,ASO,ES,Combined TRACON& Tower with Radar,50,32,25,0,107,0,0,18,0,18,50,32,43,0,125,2,0,2,127
06/14/2007,MYR,SC,ASO,ES,Combined TRACON& Tower with Radar,58,28,42,11,139,0,0,27,1,28,58,28,69,12,167,10,10,20,187
06/15/2007,MYR,SC,ASO,ES,Combined TRACON& Tower with Radar,55,27,32,1,115,0,0,13,0,13,55,27,45,1,128,32,0,32,160
06/16/2007,MYR,SC,ASO,ES,Combined TRACON& Tower with Radar,73,31,32,10,146,0,2,19,0,21,73,33,51,10,167,2,38,40,207
06/17/2007,MYR,SC,ASO,ES,Combined TRACON& Tower with Radar,63,24,24,0,111,0,3,18,0,21,63,27,42,0,132,16,0,16,148
06/18/2007,MYR,SC,ASO,ES,Combined TRACON& Tower with Radar,54,28,26,3,111,0,1,22,2,25,54,29,48,5,136,24,0,24,160
06/19/2007,MYR,SC,ASO,ES,Combined TRACON& Tower with Radar,46,29,23,0,98,0,2,26,0,28,46,31,49,0,126,6,0,6,132
06/20/2007,MYR,SC,ASO,ES,Combined TRACON& Tower with Radar,51,31,25,1,108,0,0,8,0,8,51,31,33,1,116,0,0,0,116
06/21/2007,MYR,SC,ASO,ES,Combined TRACON& Tower with Radar,54,22,39,4,119,0,1,20,0,21,54,23,59,4,140,8,2,10,150
06/22/2007,MYR,SC,ASO,ES,Combined TRACON& Tower with Radar,58,27,40,10,135,0,2,27,0,29,58,29,67,10,164,28,0,28,192
06/23/2007,MYR,SC,ASO,ES,Combined TRACON& Tower with Radar,67,33,34,0,134,0,2,32,0,34,67,35,66,0,168,6,0,6,174
06/24/2007,MYR,SC,ASO,ES,Combined TRACON& Tower with Radar,61,26,47,10,144,0,0,20,0,20,61,26,67,10,164,0,8,8,172
06/25/2007,MYR,SC,ASO,ES,Combined TRACON& Tower with Radar,52,21,25,10,108,0,1,13,1,15,52,22,38,11,123,6,6,12,135
06/26/2007,MYR,SC,ASO,ES,Combined TRACON& Tower with Radar,46,29,14,22,111,0,4,32,1,37,46,33,46,23,148,18,8,26,174
06/27/2007,MYR,SC,ASO,ES,Combined TRACON& Tower with Radar,41,25,30,6,102,0,1,26,0,27,41,26,56,6,129,38,8,46,175
06/28/2007,MYR,SC,ASO,ES,Combined TRACON& Tower with Radar,41,34,38,7,120,0,2,27,2,31,41,36,65,9,151,0,2,2,153
06/29/2007,MYR,SC,ASO,ES,Combined TRACON& Tower with Radar,52,29,28,14,123,0,0,28,1,29,52,29,56,15,152,0,14,14,166
06/30/2007,MYR,SC,ASO,ES,Combined TRACON& Tower with Radar,63,33,38,2,136,0,0,23,2,25,63,33,61,4,161,4,0,4,165
07/01/2007,MYR,SC,ASO,ES,Combined TRACON& Tower with Radar,57,29,22,0,108,0,0,31,3,34,57,29,53,3,142,8,0,8,150
07/02/2007,MYR,SC,ASO,ES,Combined TRACON& Tower with Radar,15,8,8,0,31,0,0,14,0,14,15,8,22,0,45,8,0,8,53
07/03/2007,MYR,SC,ASO,ES,Combined TRACON& Tower with Radar,50,29,28,0,107,0,0,41,0,41,50,29,69,0,148,24,0,24,172
07/04/2007,MYR,SC,ASO,ES,Combined TRACON& Tower with Radar,51,16,22,0,89,0,0,28,0,28,51,16,50,0,117,20,0,20,137
07/05/2007,MYR,SC,ASO,ES,Combined TRACON& Tower with Radar,47,35,24,6,112,0,1,25,0,26,47,36,49,6,138,16,0,16,154
07/06/2007,MYR,SC,ASO,ES,Combined TRACON& Tower with Radar,57,28,45,24,154,0,0,36,3,39,57,28,81,27,193,4,2,6,199
07/07/2007,MYR,SC,ASO,ES,Combined TRACON& Tower with Radar,65,37,29,5,136,0,1,19,8,28,65,38,48,13,164,0,2,2,166
07/08/2007,MYR,SC,ASO,ES,Combined TRACON& Tower with Radar,65,21,28,0,114,0,0,16,0,16,65,21,44,0,130,0,0,0,130
07/09/2007,MYR,SC,ASO,ES,Combined TRACON& Tower with Radar,59,17,25,6,107,0,1,8,0,9,59,18,33,6,116,0,0,0,116
07/10/2007,MYR,SC,ASO,ES,Combined TRACON& Tower with Radar,44,34,36,8,122,0,0,14,1,15,44,34,50,9,137,4,6,10,147
07/11/2007,MYR,SC,ASO,ES,Combined TRACON& Tower with Radar,41,36,30,16,123,0,4,11,1,16,41,40,41,17,139,6,18,24,163
07/12/2007,MYR,SC,ASO,ES,Combined TRACON& Tower with Radar,49,30,46,0,125,0,0,23,2,25,49,30,69,2,150,22,0,22,172
07/13/2007,MYR,SC,ASO,ES,Combined TRACON& Tower with Radar,51,29,44,10,134,0,0,20,0,20,51,29,64,10,154,8,0,8,162
07/14/2007,MYR,SC,ASO,ES,Combined TRACON& Tower with Radar,68,31,24,0,123,0,0,20,0,20,68,31,44,0,143,22,0,22,165
07/15/2007,MYR,SC,ASO,ES,Combined TRACON& Tower with Radar,64,27,34,5,130,0,2,10,0,12,64,29,44,5,142,0,0,0,142
07/16/2007,MYR,SC,ASO,ES,Combined TRACON& Tower with Radar,56,22,35,2,115,0,0,27,0,27,56,22,62,2,142,28,6,34,176
07/17/2007,MYR,SC,ASO,ES,Combined TRACON& Tower with Radar,48,25,40,1,114,0,0,15,2,17,48,25,55,3,131,26,4,30,161
07/18/2007,MYR,SC,ASO,ES,Combined TRACON& Tower with Radar,44,26,56,17,143,0,0,22,0,22,44,26,78,17,165,8,26,34,199
07/19/2007,MYR,SC,ASO,ES,Combined TRACON& Tower with Radar,50,30,43,4,127,0,0,21,0,21,50,30,64,4,148,0,4,4,152
07/20/2007,MYR,SC,ASO,ES,Combined TRACON& Tower with Radar,53,31,30,3,117,0,6,24,3,33,53,37,54,6,150,20,20,40,190
07/21/2007,MYR,SC,ASO,ES,Combined TRACON& Tower with Radar,66,34,39,0,139,0,1,53,1,55,66,35,92,1,194,0,0,0,194
07/22/2007,MYR,SC,ASO,ES,Combined TRACON& Tower with Radar,65,32,21,1,119,0,0,22,0,22,65,32,43,1,141,2,0,2,143
07/23/2007,MYR,SC,ASO,ES,Combined TRACON& Tower with Radar,57,27,38,1,123,0,0,23,1,24,57,27,61,2,147,0,0,0,147
07/24/2007,MYR,SC,ASO,ES,Combined TRACON& Tower with Radar,49,33,31,6,119,0,0,23,0,23,49,33,54,6,142,12,0,12,154
07/25/2007,MYR,SC,ASO,ES,Combined TRACON& Tower with Radar,47,33,44,2,126,0,0,20,5,25,47,33,64,7,151,10,0,10,161
07/26/2007,MYR,SC,ASO,ES,Combined TRACON& Tower with Radar,51,33,19,25,128,0,1,26,2,29,51,34,45,27,157,2,12,14,171
07/27/2007,MYR,SC,ASO,ES,Combined TRACON& Tower with Radar,53,23,33,33,142,0,1,6,1,8,53,24,39,34,150,0,24,24,174
07/28/2007,MYR,SC,ASO,ES,Combined TRACON& Tower with Radar,69,27,34,1,131,0,0,24,0,24,69,27,58,1,155,4,2,6,161
07/29/2007,MYR,SC,ASO,ES,Combined TRACON& Tower with Radar,59,27,30,2,118,0,0,9,0,9,59,27,39,2,127,4,12,16,143
07/30/2007,MYR,SC,ASO,ES,Combined TRACON& Tower with Radar,54,21,41,9,125,0,2,3,0,5,54,23,44,9,130,0,0,0,130
07/31/2007,MYR,SC,ASO,ES,Combined TRACON& Tower with Radar,44,31,34,7,116,0,1,14,4,19,44,32,48,11,135,12,0,12,147
08/01/2007,MYR,SC,ASO,ES,Combined TRACON& Tower with Radar,48,34,19,11,112,0,0,33,1,34,48,34,52,12,146,28,20,48,194
08/02/2007,MYR,SC,ASO,ES,Combined TRACON& Tower with Radar,55,32,42,19,148,0,1,41,0,42,55,33,83,19,190,8,20,28,218
08/03/2007,MYR,SC,ASO,ES,Combined TRACON& Tower with Radar,46,31,36,4,117,0,1,16,0,17,46,32,52,4,134,0,10,10,144
08/04/2007,MYR,SC,ASO,ES,Combined TRACON& Tower with Radar,69,30,31,0,130,0,1,26,0,27,69,31,57,0,157,20,0,20,177
08/05/2007,MYR,SC,ASO,ES,Combined TRACON& Tower with Radar,58,27,28,1,114,0,2,26,0,28,58,29,54,1,142,0,0,0,142
08/06/2007,MYR,SC,ASO,ES,Combined TRACON& Tower with Radar,50,29,24,1,104,0,0,14,0,14,50,29,38,1,118,2,0,2,120
08/07/2007,MYR,SC,ASO,ES,Combined TRACON& Tower with Radar,47,27,31,19,124,0,1,11,0,12,47,28,42,19,136,0,0,0,136
08/08/2007,MYR,SC,ASO,ES,Combined TRACON& Tower with Radar,45,34,42,1,122,0,0,31,0,31,45,34,73,1,153,0,0,0,153
08/09/2007,MYR,SC,ASO,ES,Combined TRACON& Tower with Radar,51,30,34,32,147,0,0,15,1,16,51,30,49,33,163,6,12,18,181
08/10/2007,MYR,SC,ASO,ES,Combined TRACON& Tower with Radar,52,37,19,8,116,0,0,26,3,29,52,37,45,11,145,22,4,26,171
08/11/2007,MYR,SC,ASO,ES,Combined TRACON& Tower with Radar,70,37,36,1,144,0,1,16,2,19,70,38,52,3,163,0,0,0,163
08/12/2007,MYR,SC,ASO,ES,Combined TRACON& Tower with Radar,62,26,31,1,120,0,4,39,0,43,62,30,70,1,163,28,0,28,191
08/13/2007,MYR,SC,ASO,ES,Combined TRACON& Tower with Radar,52,29,12,3,96,0,1,37,0,38,52,30,49,3,134,36,0,36,170
08/14/2007,MYR,SC,ASO,ES,Combined TRACON& Tower with Radar,43,26,33,21,123,0,4,22,0,26,43,30,55,21,149,20,0,20,169
08/15/2007,MYR,SC,ASO,ES,Combined TRACON& Tower with Radar,48,26,31,5,110,0,1,24,0,25,48,27,55,5,135,18,4,22,157
08/16/2007,MYR,SC,ASO,ES,Combined TRACON& Tower with Radar,51,32,32,15,130,0,1,33,2,36,51,33,65,17,166,26,22,48,214
08/17/2007,MYR,SC,ASO,ES,Combined TRACON& Tower with Radar,44,31,24,7,106,0,3,32,1,36,44,34,56,8,142,8,18,26,168
08/18/2007,MYR,SC,ASO,ES,Combined TRACON& Tower with Radar,67,33,38,1,139,0,0,18,1,19,67,33,56,2,158,14,0,14,172
08/19/2007,MYR,SC,ASO,ES,Combined TRACON& Tower with Radar,66,21,41,3,131,0,1,16,1,18,66,22,57,4,149,0,0,0,149
08/20/2007,MYR,SC,ASO,ES,Combined TRACON& Tower with Radar,51,27,19,9,106,0,1,18,0,19,51,28,37,9,125,0,0,0,125
08/21/2007,MYR,SC,ASO,ES,Combined TRACON& Tower with Radar,48,24,29,4,105,0,1,20,0,21,48,25,49,4,126,10,0,10,136
08/22/2007,MYR,SC,ASO,ES,Combined TRACON& Tower with Radar,40,35,17,12,104,0,1,19,0,20,40,36,36,12,124,0,2,2,126
08/23/2007,MYR,SC,ASO,ES,Combined TRACON& Tower with Radar,52,32,34,0,118,0,0,13,1,14,52,32,47,1,132,4,0,4,136
08/24/2007,MYR,SC,ASO,ES,Combined TRACON& Tower with Radar,49,32,47,20,148,0,1,19,2,22,49,33,66,22,170,36,4,40,210
08/25/2007,MYR,SC,ASO,ES,Combined TRACON& Tower with Radar,60,27,18,13,118,0,0,32,4,36,60,27,50,17,154,14,4,18,172
08/26/2007,MYR,SC,ASO,ES,Combined TRACON& Tower with Radar,56,24,25,0,105,0,5,13,0,18,56,29,38,0,123,0,0,0,123
08/27/2007,MYR,SC,ASO,ES,Combined TRACON& Tower with Radar,51,22,34,7,114,0,0,3,0,3,51,22,37,7,117,4,8,12,129
08/28/2007,MYR,SC,ASO,ES,Combined TRACON& Tower with Radar,42,28,19,8,97,0,0,24,2,26,42,28,43,10,123,2,4,6,129
08/29/2007,MYR,SC,ASO,ES,Combined TRACON& Tower with Radar,41,35,20,9,105,0,1,28,1,30,41,36,48,10,135,18,12,30,165
08/30/2007,MYR,SC,ASO,ES,Combined TRACON& Tower with Radar,48,27,43,7,125,0,3,25,2,30,48,30,68,9,155,10,0,10,165
08/31/2007,MYR,SC,ASO,ES,Combined TRACON& Tower with Radar,53,37,36,1,127,0,1,23,0,24,53,38,59,1,151,4,0,4,155
09/01/2007,MYR,SC,ASO,ES,Combined TRACON& Tower with Radar,61,26,32,6,125,0,17,39,0,56,61,43,71,6,181,10,4,14,195
09/02/2007,MYR,SC,ASO,ES,Combined TRACON& Tower with Radar,57,22,16,0,95,0,0,25,0,25,57,22,41,0,120,0,0,0,120
09/03/2007,MYR,SC,ASO,ES,Combined TRACON& Tower with Radar,53,23,35,1,112,0,4,18,1,23,53,27,53,2,135,16,0,16,151
09/04/2007,MYR,SC,ASO,ES,Combined TRACON& Tower with Radar,49,22,21,7,99,0,0,29,0,29,49,22,50,7,128,22,4,26,154
09/05/2007,MYR,SC,ASO,ES,Combined TRACON& Tower with Radar,46,32,18,3,99,0,3,27,0,30,46,35,45,3,129,32,0,32,161
09/06/2007,MYR,SC,ASO,ES,Combined TRACON& Tower with Radar,53,28,23,7,111,0,6,22,6,34,53,34,45,13,145,6,0,6,151
09/07/2007,MYR,SC,ASO,ES,Combined TRACON& Tower with Radar,53,24,23,12,112,0,0,33,0,33,53,24,56,12,145,8,18,26,171
09/08/2007,MYR,SC,ASO,ES,Combined TRACON& Tower with Radar,54,26,12,9,101,0,4,27,0,31,54,30,39,9,132,0,0,0,132
09/09/2007,MYR,SC,ASO,ES,Combined TRACON& Tower with Radar,56,32,13,2,103,0,16,32,0,48,56,48,45,2,151,0,0,0,151
09/10/2007,MYR,SC,ASO,ES,Combined TRACON& Tower with Radar,57,19,12,2,90,0,0,10,0,10,57,19,22,2,100,0,8,8,108
09/11/2007,MYR,SC,ASO,ES,Combined TRACON& Tower with Radar,34,31,30,10,105,0,4,14,0,18,34,35,44,10,123,34,2,36,159
09/12/2007,MYR,SC,ASO,ES,Combined TRACON& Tower with Radar,42,26,27,6,101,0,5,7,0,12,42,31,34,6,113,12,0,12,125
09/13/2007,MYR,SC,ASO,ES,Combined TRACON& Tower with Radar,53,36,42,28,159,0,1,10,2,13,53,37,52,30,172,14,48,62,234
09/14/2007,MYR,SC,ASO,ES,Combined TRACON& Tower with Radar,48,23,43,46,160,0,3,9,0,12,48,26,52,46,172,0,8,8,180
09/15/2007,MYR,SC,ASO,ES,Combined TRACON& Tower with Radar,52,32,26,0,110,0,0,11,1,12,52,32,37,1,122,36,0,36,158
09/16/2007,MYR,SC,ASO,ES,Combined TRACON& Tower with Radar,52,23,16,0,91,0,1,20,0,21,52,24,36,0,112,50,0,50,162
09/17/2007,MYR,SC,ASO,ES,Combined TRACON& Tower with Radar,52,19,33,5,109,0,0,25,0,25,52,19,58,5,134,56,0,56,190
09/18/2007,MYR,SC,ASO,ES,Combined TRACON& Tower with Radar,41,30,24,7,102,0,0,24,0,24,41,30,48,7,126,42,4,46,172
09/19/2007,MYR,SC,ASO,ES,Combined TRACON& Tower with Radar,41,27,27,0,95,0,0,10,0,10,41,27,37,0,105,2,0,2,107
09/20/2007,MYR,SC,ASO,ES,Combined TRACON& Tower with Radar,54,22,31,7,114,0,0,1,0,1,54,22,32,7,115,0,0,0,115
09/21/2007,MYR,SC,ASO,ES,Combined TRACON& Tower with Radar,58,17,32,11,118,0,0,8,0,8,58,17,40,11,126,12,12,24,150
09/22/2007,MYR,SC,ASO,ES,Combined TRACON& Tower with Radar,55,32,13,0,100,0,0,10,0,10,55,32,23,0,110,16,0,16,126
09/23/2007,MYR,SC,ASO,ES,Combined TRACON& Tower with Radar,48,35,26,0,109,0,4,36,0,40,48,39,62,0,149,4,0,4,153
09/24/2007,MYR,SC,ASO,ES,Combined TRACON& Tower with Radar,53,22,15,7,97,0,1,24,3,28,53,23,39,10,125,44,12,56,181
09/25/2007,MYR,SC,ASO,ES,Combined TRACON& Tower with Radar,38,26,31,9,104,0,0,18,1,19,38,26,49,10,123,0,0,0,123
09/26/2007,MYR,SC,ASO,ES,Combined TRACON& Tower with Radar,41,27,28,4,100,0,2,6,0,8,41,29,34,4,108,20,0,20,128
09/27/2007,MYR,SC,ASO,ES,Combined TRACON& Tower with Radar,56,19,28,1,104,0,3,15,0,18,56,22,43,1,122,8,0,8,130
09/28/2007,MYR,SC,ASO,ES,Combined TRACON& Tower with Radar,53,28,34,4,119,0,4,34,0,38,53,32,68,4,157,20,8,28,185
09/29/2007,MYR,SC,ASO,ES,Combined TRACON& Tower with Radar,56,30,38,0,124,0,2,28,0,30,56,32,66,0,154,2,0,2,156
09/30/2007,MYR,SC,ASO,ES,Combined TRACON& Tower with Radar,58,26,37,0,121,0,0,19,0,19,58,26,56,0,140,4,0,4,144
10/01/2007,MYR,SC,ASO,ES,Combined TRACON& Tower with Radar,55,19,22,10,106,0,1,13,0,14,55,20,35,10,120,6,0,6,126
10/02/2007,MYR,SC,ASO,ES,Combined TRACON& Tower with Radar,38,29,41,7,115,0,2,12,0,14,38,31,53,7,129,8,0,8,137
10/03/2007,MYR,SC,ASO,ES,Combined TRACON& Tower with Radar,44,29,30,1,104,0,0,5,0,5,44,29,35,1,109,0,10,10,119
10/04/2007,MYR,SC,ASO,ES,Combined TRACON& Tower with Radar,52,28,34,0,114,0,0,3,0,3,52,28,37,0,117,8,0,8,125
10/05/2007,MYR,SC,ASO,ES,Combined TRACON& Tower with Radar,49,25,36,20,130,0,0,4,0,4,49,25,40,20,134,0,0,0,134
10/06/2007,MYR,SC,ASO,ES,Combined TRACON& Tower with Radar,54,25,17,0,96,0,2,3,1,6,54,27,20,1,102,6,0,6,108
10/07/2007,MYR,SC,ASO,ES,Combined TRACON& Tower with Radar,52,33,30,0,115,0,2,22,0,24,52,35,52,0,139,26,0,26,165
10/08/2007,MYR,SC,ASO,ES,Combined TRACON& Tower with Radar,52,23,38,1,114,0,0,29,0,29,52,23,67,1,143,14,0,14,157
10/09/2007,MYR,SC,ASO,ES,Combined TRACON& Tower with Radar,41,24,47,2,114,0,2,20,0,22,41,26,67,2,136,22,0,22,158
10/10/2007,MYR,SC,ASO,ES,Combined TRACON& Tower with Radar,48,20,37,9,114,0,1,21,0,22,48,21,58,9,136,12,6,18,154
10/11/2007,MYR,SC,ASO,ES,Combined TRACON& Tower with Radar,53,33,33,8,127,0,1,34,0,35,53,34,67,8,162,8,8,16,178
10/12/2007,MYR,SC,ASO,ES,Combined TRACON& Tower with Radar,51,28,52,0,131,0,0,32,0,32,51,28,84,0,163,24,0,24,187
10/13/2007,MYR,SC,ASO,ES,Combined TRACON& Tower with Radar,57,27,29,0,113,0,2,22,2,26,57,29,51,2,139,0,0,0,139
10/14/2007,MYR,SC,ASO,ES,Combined TRACON& Tower with Radar,62,24,23,4,113,0,0,24,4,28,62,24,47,8,141,0,4,4,145
10/15/2007,MYR,SC,ASO,ES,Combined TRACON& Tower with Radar,54,19,32,22,127,0,3,29,3,35,54,22,61,25,162,12,4,16,178
10/16/2007,MYR,SC,ASO,ES,Combined TRACON& Tower with Radar,43,25,41,33,142,0,1,42,2,45,43,26,83,35,187,26,42,68,255
10/17/2007,MYR,SC,ASO,ES,Combined TRACON& Tower with Radar,45,23,46,12,126,0,0,19,0,19,45,23,65,12,145,6,0,6,151
10/18/2007,MYR,SC,ASO,ES,Combined TRACON& Tower with Radar,52,31,39,40,162,0,0,7,0,7,52,31,46,40,169,8,28,36,205
10/19/2007,MYR,SC,ASO,ES,Combined TRACON& Tower with Radar,50,31,28,5,114,0,0,8,0,8,50,31,36,5,122,2,0,2,124
10/20/2007,MYR,SC,ASO,ES,Combined TRACON& Tower with Radar,48,27,20,19,114,0,1,29,2,32,48,28,49,21,146,40,12,52,198
10/21/2007,MYR,SC,ASO,ES,Combined TRACON& Tower with Radar,57,32,29,0,118,0,2,32,0,34,57,34,61,0,152,12,0,12,164
10/22/2007,MYR,SC,ASO,ES,Combined TRACON& Tower with Radar,59,15,24,5,103,0,1,19,0,20,59,16,43,5,123,4,0,4,127
10/23/2007,MYR,SC,ASO,ES,Combined TRACON& Tower with Radar,39,26,43,13,121,0,1,16,0,17,39,27,59,13,138,20,26,46,184
10/24/2007,MYR,SC,ASO,ES,Combined TRACON& Tower with Radar,42,27,20,7,96,0,0,7,0,7,42,27,27,7,103,0,0,0,103
10/25/2007,MYR,SC,ASO,ES,Combined TRACON& Tower with Radar,50,34,22,0,106,0,0,4,0,4,50,34,26,0,110,0,0,0,110
10/26/2007,MYR,SC,ASO,ES,Combined TRACON& Tower with Radar,53,27,26,0,106,0,0,3,0,3,53,27,29,0,109,8,0,8,117
10/27/2007,MYR,SC,ASO,ES,Combined TRACON& Tower with Radar,55,27,12,0,94,0,2,15,1,18,55,29,27,1,112,14,0,14,126
10/28/2007,MYR,SC,ASO,ES,Combined TRACON& Tower with Radar,65,20,36,0,121,6,5,23,0,34,71,25,59,0,155,0,0,0,155
10/29/2007,MYR,SC,ASO,ES,Combined TRACON& Tower with Radar,57,20,26,6,109,0,0,22,0,22,57,20,48,6,131,16,0,16,147
10/30/2007,MYR,SC,ASO,ES,Combined TRACON& Tower with Radar,43,23,44,9,119,0,0,28,0,28,43,23,72,9,147,46,0,46,193
10/31/2007,MYR,SC,ASO,ES,Combined TRACON& Tower with Radar,41,23,18,1,83,0,3,25,0,28,41,26,43,1,111,4,0,4,115
11/01/2007,MYR,SC,ASO,ES,Combined TRACON& Tower with Radar,47,24,35,5,111,0,2,20,2,24,47,26,55,7,135,12,0,12,147
11/02/2007,MYR,SC,ASO,ES,Combined TRACON& Tower with Radar,49,24,27,34,134,0,3,15,4,22,49,27,42,38,156,0,0,0,156
11/03/2007,MYR,SC,ASO,ES,Combined TRACON& Tower with Radar,48,20,34,16,118,0,8,35,1,44,48,28,69,17,162,14,6,20,182
11/04/2007,MYR,SC,ASO,ES,Combined TRACON& Tower with Radar,44,25,34,0,103,0,1,17,3,21,44,26,51,3,124,0,0,0,124
11/05/2007,MYR,SC,ASO,ES,Combined TRACON& Tower with Radar,45,17,25,14,101,0,2,26,0,28,45,19,51,14,129,32,0,32,161
11/06/2007,MYR,SC,ASO,ES,Combined TRACON& Tower with Radar,45,17,25,14,101,0,2,26,0,28,45,19,51,14,129,32,0,32,161
11/07/2007,MYR,SC,ASO,ES,Combined TRACON& Tower with Radar,41,18,33,0,92,0,0,20,2,22,41,18,53,2,114,26,0,26,140
11/08/2007,MYR,SC,ASO,ES,Combined TRACON& Tower with Radar,48,19,35,11,113,0,0,13,2,15,48,19,48,13,128,32,34,66,194
11/09/2007,MYR,SC,ASO,ES,Combined TRACON& Tower with Radar,46,21,39,13,119,0,5,27,4,36,46,26,66,17,155,30,10,40,195
11/10/2007,MYR,SC,ASO,ES,Combined TRACON& Tower with Radar,54,15,20,0,89,0,4,21,2,27,54,19,41,2,116,4,0,4,120
11/11/2007,MYR,SC,ASO,ES,Combined TRACON& Tower with Radar,57,12,31,3,103,0,1,23,4,28,57,13,54,7,131,26,8,34,165
11/12/2007,MYR,SC,ASO,ES,Combined TRACON& Tower with Radar,48,17,16,3,84,0,31,28,2,61,48,48,44,5,145,28,16,44,189
11/13/2007,MYR,SC,ASO,ES,Combined TRACON& Tower with Radar,39,25,24,17,105,0,3,24,3,30,39,28,48,20,135,0,0,0,135
11/14/2007,MYR,SC,ASO,ES,Combined TRACON& Tower with Radar,39,24,40,12,115,0,5,21,3,29,39,29,61,15,144,36,6,42,186
11/15/2007,MYR,SC,ASO,ES,Combined TRACON& Tower with Radar,44,21,39,11,115,0,1,3,2,6,44,22,42,13,121,4,18,22,143
11/16/2007,MYR,SC,ASO,ES,Combined TRACON& Tower with Radar,44,24,44,22,134,0,4,35,4,43,44,28,79,26,177,0,48,48,225
11/17/2007,MYR,SC,ASO,ES,Combined TRACON& Tower with Radar,43,16,46,0,105,0,1,25,2,28,43,17,71,2,133,26,0,26,159
11/18/2007,MYR,SC,ASO,ES,Combined TRACON& Tower with Radar,54,14,42,0,110,0,0,27,0,27,54,14,69,0,137,2,0,2,139
11/19/2007,MYR,SC,ASO,ES,Combined TRACON& Tower with Radar,42,21,49,6,118,0,0,28,0,28,42,21,77,6,146,24,8,32,178
11/20/2007,MYR,SC,ASO,ES,Combined TRACON& Tower with Radar,40,25,60,5,130,0,0,39,0,39,40,25,99,5,169,18,10,28,197
11/21/2007,MYR,SC,ASO,ES,Combined TRACON& Tower with Radar,50,25,38,0,113,0,1,29,0,30,50,26,67,0,143,46,0,46,189
11/22/2007,MYR,SC,ASO,ES,Combined TRACON& Tower with Radar,39,11,7,0,57,0,0,4,0,4,39,11,11,0,61,0,0,0,61
11/23/2007,MYR,SC,ASO,ES,Combined TRACON& Tower with Radar,41,20,22,0,83,0,0,20,0,20,41,20,42,0,103,22,0,22,125
11/24/2007,MYR,SC,ASO,ES,Combined TRACON& Tower with Radar,41,15,28,0,84,0,0,27,0,27,41,15,55,0,111,12,0,12,123
11/25/2007,MYR,SC,ASO,ES,Combined TRACON& Tower with Radar,50,24,27,0,101,0,0,5,0,5,50,24,32,0,106,24,0,24,130
11/26/2007,MYR,SC,ASO,ES,Combined TRACON& Tower with Radar,46,18,20,23,107,0,0,3,0,3,46,18,23,23,110,0,0,0,110
11/27/2007,MYR,SC,ASO,ES,Combined TRACON& Tower with Radar,37,24,36,2,99,0,0,17,0,17,37,24,53,2,116,24,0,24,140
11/28/2007,MYR,SC,ASO,ES,Combined TRACON& Tower with Radar,45,20,30,20,115,0,2,33,1,36,45,22,63,21,151,12,8,20,171
11/29/2007,MYR,SC,ASO,ES,Combined TRACON& Tower with Radar,43,17,35,7,102,0,1,13,0,14,43,18,48,7,116,28,0,28,144
11/30/2007,MYR,SC,ASO,ES,Combined TRACON& Tower with Radar,41,20,24,7,92,0,3,26,2,31,41,23,50,9,123,42,0,42,165
12/01/2007,MYR,SC,ASO,ES,Combined TRACON& Tower with Radar,43,19,19,27,108,0,1,19,3,23,43,20,38,30,131,16,30,46,177
12/02/2007,MYR,SC,ASO,ES,Combined TRACON& Tower with Radar,42,22,24,0,88,0,0,9,0,9,42,22,33,0,97,10,0,10,107
12/03/2007,MYR,SC,ASO,ES,Combined TRACON& Tower with Radar,32,20,19,6,77,0,1,1,0,2,32,21,20,6,79,0,0,0,79
12/04/2007,MYR,SC,ASO,ES,Combined TRACON& Tower with Radar,33,17,24,15,89,0,1,17,0,18,33,18,41,15,107,32,6,38,145
12/05/2007,MYR,SC,ASO,ES,Combined TRACON& Tower with Radar,37,15,34,14,100,0,0,17,0,17,37,15,51,14,117,0,12,12,129
12/06/2007,MYR,SC,ASO,ES,Combined TRACON& Tower with Radar,39,19,37,7,102,0,0,22,0,22,39,19,59,7,124,16,0,16,140
12/07/2007,MYR,SC,ASO,ES,Combined TRACON& Tower with Radar,36,19,27,3,85,0,4,20,1,25,36,23,47,4,110,6,0,6,116
12/08/2007,MYR,SC,ASO,ES,Combined TRACON& Tower with Radar,43,19,22,2,86,0,1,32,0,33,43,20,54,2,119,18,0,18,137
12/09/2007,MYR,SC,ASO,ES,Combined TRACON& Tower with Radar,40,10,18,0,68,0,1,22,0,23,40,11,40,0,91,28,0,28,119
12/10/2007,MYR,SC,ASO,ES,Combined TRACON& Tower with Radar,38,15,20,10,83,0,0,21,2,23,38,15,41,12,106,42,14,56,162
12/11/2007,MYR,SC,ASO,ES,Combined TRACON& Tower with Radar,34,24,31,22,111,0,2,13,0,15,34,26,44,22,126,18,18,36,162
12/12/2007,MYR,SC,ASO,ES,Combined TRACON& Tower with Radar,38,27,31,58,154,0,5,31,2,38,38,32,62,60,192,50,14,64,256
12/13/2007,MYR,SC,ASO,ES,Combined TRACON& Tower with Radar,31,22,19,19,91,0,0,31,1,32,31,22,50,20,123,6,20,26,149
12/14/2007,MYR,SC,ASO,ES,Combined TRACON& Tower with Radar,38,29,33,7,107,0,1,32,2,35,38,30,65,9,142,36,0,36,178
12/15/2007,MYR,SC,ASO,ES,Combined TRACON& Tower with Radar,43,21,16,6,86,0,1,2,0,3,43,22,18,6,89,0,26,26,115
12/16/2007,MYR,SC,ASO,ES,Combined TRACON& Tower with Radar,36,20,11,0,67,0,1,2,3,6,36,21,13,3,73,6,0,6,79
12/17/2007,MYR,SC,ASO,ES,Combined TRACON& Tower with Radar,31,18,20,12,81,0,1,25,0,26,31,19,45,12,107,58,4,62,169
12/18/2007,MYR,SC,ASO,ES,Combined TRACON& Tower with Radar,31,22,24,25,102,0,3,29,1,33,31,25,53,26,135,26,12,38,173
12/19/2007,MYR,SC,ASO,ES,Combined TRACON& Tower with Radar,39,27,18,6,90,0,4,20,3,27,39,31,38,9,117,36,0,36,153
12/20/2007,MYR,SC,ASO,ES,Combined TRACON& Tower with Radar,37,26,15,6,84,0,0,23,4,27,37,26,38,10,111,18,0,18,129
12/21/2007,MYR,SC,ASO,ES,Combined TRACON& Tower with Radar,32,29,19,1,81,0,0,1,0,1,32,29,20,1,82,0,0,0,82
12/22/2007,MYR,SC,ASO,ES,Combined TRACON& Tower with Radar,43,13,15,0,71,0,1,9,0,10,43,14,24,0,81,0,0,0,81
12/23/2007,MYR,SC,ASO,ES,Combined TRACON& Tower with Radar,39,13,15,5,72,0,3,5,0,8,39,16,20,5,80,4,0,4,84
12/24/2007,MYR,SC,ASO,ES,Combined TRACON& Tower with Radar,28,13,7,0,48,0,0,17,0,17,28,13,24,0,65,0,0,0,65
12/25/2007,MYR,SC,ASO,ES,Combined TRACON& Tower with Radar,31,10,6,0,47,0,2,8,0,10,31,12,14,0,57,0,0,0,57
12/26/2007,MYR,SC,ASO,ES,Combined TRACON& Tower with Radar,43,14,10,0,67,0,0,0,0,0,43,14,10,0,67,0,0,0,67
12/27/2007,MYR,SC,ASO,ES,Combined TRACON& Tower with Radar,40,20,19,9,88,0,1,10,0,11,40,21,29,9,99,0,0,0,99
12/28/2007,MYR,SC,ASO,ES,Combined TRACON& Tower with Radar,40,21,18,2,81,0,1,7,0,8,40,22,25,2,89,0,24,24,113
12/29/2007,MYR,SC,ASO,ES,Combined TRACON& Tower with Radar,40,17,9,0,66,0,1,10,0,11,40,18,19,0,77,12,0,12,89
12/30/2007,MYR,SC,ASO,ES,Combined TRACON& Tower with Radar,40,19,11,0,70,0,0,0,0,0,40,19,11,0,70,0,0,0,70
12/31/2007,MYR,SC,ASO,ES,Combined TRACON& Tower with Radar,34,19,14,0,67,0,1,33,0,34,34,20,47,0,101,22,0,22,123
01/01/2008,MYR,SC,ASO,ES,Combined TRACON& Tower with Radar,30,11,13,0,54,0,1,14,0,15,30,12,27,0,69,2,0,2,71
01/02/2008,MYR,SC,ASO,ES,Combined TRACON& Tower with Radar,34,24,17,2,77,0,1,13,0,14,34,25,30,2,91,0,0,0,91
01/03/2008,MYR,SC,ASO,ES,Combined TRACON& Tower with Radar,32,23,16,18,89,0,0,26,0,26,32,23,42,18,115,44,8,52,167
01/04/2008,MYR,SC,ASO,ES,Combined TRACON& Tower with Radar,32,19,20,2,73,0,0,32,1,33,32,19,52,3,106,44,0,44,150
01/05/2008,MYR,SC,ASO,ES,Combined TRACON& Tower with Radar,38,20,13,3,74,0,0,26,1,27,38,20,39,4,101,4,0,4,105
01/06/2008,MYR,SC,ASO,ES,Combined TRACON& Tower with Radar,38,16,15,0,69,0,1,40,1,42,38,17,55,1,111,24,0,24,135
01/07/2008,MYR,SC,ASO,ES,Combined TRACON& Tower with Radar,29,17,22,24,92,0,1,28,1,30,29,18,50,25,122,31,58,89,211
01/08/2008,MYR,SC,ASO,ES,Combined TRACON& Tower with Radar,40,14,21,0,75,0,0,28,0,28,40,14,49,0,103,16,0,16,119
01/09/2008,MYR,SC,ASO,ES,Combined TRACON& Tower with Radar,33,23,23,2,81,0,0,30,10,40,33,23,53,12,121,0,0,0,121
01/10/2008,MYR,SC,ASO,ES,Combined TRACON& Tower with Radar,29,25,40,21,115,0,0,25,0,25,29,25,65,21,140,0,0,0,140
01/11/2008,MYR,SC,ASO,ES,Combined TRACON& Tower with Radar,34,29,19,1,83,0,1,12,1,14,34,30,31,2,97,34,0,34,131
01/12/2008,MYR,SC,ASO,ES,Combined TRACON& Tower with Radar,35,12,23,1,71,0,0,26,0,26,35,12,49,1,97,4,0,4,101
01/13/2008,MYR,SC,ASO,ES,Combined TRACON& Tower with Radar,29,19,21,2,71,0,0,1,0,1,29,19,22,2,72,0,0,0,72
01/14/2008,MYR,SC,ASO,ES,Combined TRACON& Tower with Radar,32,21,23,22,98,0,1,25,1,27,32,22,48,23,125,12,82,94,219
01/15/2008,MYR,SC,ASO,ES,Combined TRACON& Tower with Radar,32,21,34,31,118,0,3,16,3,22,32,24,50,34,140,24,22,46,186
01/16/2008,MYR,SC,ASO,ES,Combined TRACON& Tower with Radar,28,25,40,15,108,0,2,20,2,24,28,27,60,17,132,12,6,18,150
01/17/2008,MYR,SC,ASO,ES,Combined TRACON& Tower with Radar,33,25,20,0,78,0,0,0,0,0,33,25,20,0,78,0,0,0,78
01/18/2008,MYR,SC,ASO,ES,Combined TRACON& Tower with Radar,32,21,20,7,80,0,0,8,0,8,32,21,28,7,88,0,0,0,88
01/19/2008,MYR,SC,ASO,ES,Combined TRACON& Tower with Radar,27,14,5,0,46,0,0,0,0,0,27,14,5,0,46,0,0,0,46
01/20/2008,MYR,SC,ASO,ES,Combined TRACON& Tower with Radar,34,19,14,4,71,0,0,28,0,28,34,19,42,4,99,18,0,18,117
01/21/2008,MYR,SC,ASO,ES,Combined TRACON& Tower with Radar,35,21,27,0,83,0,2,20,0,22,35,23,47,0,105,10,0,10,115
01/22/2008,MYR,SC,ASO,ES,Combined TRACON& Tower with Radar,32,21,43,10,106,0,1,7,0,8,32,22,50,10,114,2,12,14,128
01/23/2008,MYR,SC,ASO,ES,Combined TRACON& Tower with Radar,30,21,19,20,90,0,1,5,1,7,30,22,24,21,97,0,0,0,97
01/24/2008,MYR,SC,ASO,ES,Combined TRACON& Tower with Radar,29,28,20,6,83,0,3,13,0,16,29,31,33,6,99,10,0,10,109
01/25/2008,MYR,SC,ASO,ES,Combined TRACON& Tower with Radar,30,23,19,7,79,0,0,21,4,25,30,23,40,11,104,8,14,22,126
01/26/2008,MYR,SC,ASO,ES,Combined TRACON& Tower with Radar,34,12,12,8,66,0,0,6,3,9,34,12,18,11,75,0,0,0,75
01/27/2008,MYR,SC,ASO,ES,Combined TRACON& Tower with Radar,26,15,18,1,60,0,0,27,5,32,26,15,45,6,92,12,0,12,104
01/28/2008,MYR,SC,ASO,ES,Combined TRACON& Tower with Radar,32,18,25,1,76,0,2,21,1,24,32,20,46,2,100,28,0,28,128
01/29/2008,MYR,SC,ASO,ES,Combined TRACON& Tower with Radar,31,22,24,24,101,0,2,27,4,33,31,24,51,28,134,14,32,46,180
01/30/2008,MYR,SC,ASO,ES,Combined TRACON& Tower with Radar,32,21,18,3,74,0,0,32,0,32,32,21,50,3,106,25,0,25,131
01/31/2008,MYR,SC,ASO,ES,Combined TRACON& Tower with Radar,36,18,17,10,81,0,0,15,0,15,36,18,32,10,96,6,0,6,102
02/01/2008,MYR,SC,ASO,ES,Combined TRACON& Tower with Radar,33,14,8,6,61,0,0,12,0,12,33,14,20,6,73,0,6,6,79
02/02/2008,MYR,SC,ASO,ES,Combined TRACON& Tower with Radar,35,13,29,1,78,0,0,28,1,29,35,13,57,2,107,9,0,9,116
02/03/2008,MYR,SC,ASO,ES,Combined TRACON& Tower with Radar,34,16,28,0,78,0,3,27,0,30,34,19,55,0,108,12,0,12,120
02/04/2008,MYR,SC,ASO,ES,Combined TRACON& Tower with Radar,24,17,31,0,72,0,1,4,0,5,24,18,35,0,77,0,2,2,79
02/05/2008,MYR,SC,ASO,ES,Combined TRACON& Tower with Radar,30,18,25,14,87,0,2,17,0,19,30,20,42,14,106,20,10,30,136
02/06/2008,MYR,SC,ASO,ES,Combined TRACON& Tower with Radar,29,17,18,5,69,0,1,9,2,12,29,18,27,7,81,0,0,0,81
02/07/2008,MYR,SC,ASO,ES,Combined TRACON& Tower with Radar,30,20,25,10,85,0,2,38,0,40,30,22,63,10,125,36,20,56,181
02/08/2008,MYR,SC,ASO,ES,Combined TRACON& Tower with Radar,37,18,17,5,77,0,0,41,3,44,37,18,58,8,121,22,12,34,155
02/09/2008,MYR,SC,ASO,ES,Combined TRACON& Tower with Radar,36,9,31,3,79,0,0,40,0,40,36,9,71,3,119,16,0,16,135
02/10/2008,MYR,SC,ASO,ES,Combined TRACON& Tower with Radar,36,15,16,1,68,0,1,24,0,25,36,16,40,1,93,2,0,2,95
02/11/2008,MYR,SC,ASO,ES,Combined TRACON& Tower with Radar,32,16,20,2,70,0,1,31,0,32,32,17,51,2,102,35,0,35,137
02/12/2008,MYR,SC,ASO,ES,Combined TRACON& Tower with Radar,35,22,40,4,101,0,4,10,0,14,35,26,50,4,115,36,14,50,165
02/13/2008,MYR,SC,ASO,ES,Combined TRACON& Tower with Radar,29,18,39,0,86,0,1,4,0,5,29,19,43,0,91,8,0,8,99
02/14/2008,MYR,SC,ASO,ES,Combined TRACON& Tower with Radar,33,21,43,4,101,0,3,24,0,27,33,24,67,4,128,32,0,32,160
02/15/2008,MYR,SC,ASO,ES,Combined TRACON& Tower with Radar,39,29,46,4,118,0,1,21,2,24,39,30,67,6,142,21,0,21,163
02/16/2008,MYR,SC,ASO,ES,Combined TRACON& Tower with Radar,45,18,30,23,116,0,2,23,0,25,45,20,53,23,141,2,34,36,177
02/17/2008,MYR,SC,ASO,ES,Combined TRACON& Tower with Radar,43,15,16,0,74,0,2,9,0,11,43,17,25,0,85,0,0,0,85
02/18/2008,MYR,SC,ASO,ES,Combined TRACON& Tower with Radar,36,15,25,8,84,0,0,5,0,5,36,15,30,8,89,0,0,0,89
02/19/2008,MYR,SC,ASO,ES,Combined TRACON& Tower with Radar,40,27,24,8,99,0,0,22,0,22,40,27,46,8,121,14,0,14,135
02/20/2008,MYR,SC,ASO,ES,Combined TRACON& Tower with Radar,40,22,25,4,91,0,1,12,2,15,40,23,37,6,106,0,8,8,114
02/21/2008,MYR,SC,ASO,ES,Combined TRACON& Tower with Radar,35,26,10,13,84,0,1,10,0,11,35,27,20,13,95,0,0,0,95
02/22/2008,MYR,SC,ASO,ES,Combined TRACON& Tower with Radar,37,22,7,13,79,0,0,0,0,0,37,22,7,13,79,0,0,0,79
02/23/2008,MYR,SC,ASO,ES,Combined TRACON& Tower with Radar,48,11,16,0,75,0,0,3,0,3,48,11,19,0,78,0,0,0,78
02/24/2008,MYR,SC,ASO,ES,Combined TRACON& Tower with Radar,40,22,30,1,93,0,0,11,0,11,40,22,41,1,104,36,0,36,140
02/25/2008,MYR,SC,ASO,ES,Combined TRACON& Tower with Radar,41,14,44,8,107,0,0,21,3,24,41,14,65,11,131,39,14,53,184
02/26/2008,MYR,SC,ASO,ES,Combined TRACON& Tower with Radar,36,25,10,7,78,0,0,6,0,6,36,25,16,7,84,13,0,13,97
02/27/2008,MYR,SC,ASO,ES,Combined TRACON& Tower with Radar,37,22,39,10,108,0,0,13,0,13,37,22,52,10,121,0,7,7,128
02/28/2008,MYR,SC,ASO,ES,Combined TRACON& Tower with Radar,37,22,39,10,108,0,0,13,0,13,37,22,52,10,121,0,7,7,128
02/29/2008,MYR,SC,ASO,ES,Combined TRACON& Tower with Radar,44,12,33,13,102,0,0,40,1,41,44,12,73,14,143,19,40,59,202
03/01/2008,MYR,SC,ASO,ES,Combined TRACON& Tower with Radar,46,19,32,2,99,0,1,21,0,22,46,20,53,2,121,6,0,6,127
03/02/2008,MYR,SC,ASO,ES,Combined TRACON& Tower with Radar,45,20,24,4,93,0,4,29,0,33,45,24,53,4,126,2,0,2,128
03/03/2008,MYR,SC,ASO,ES,Combined TRACON& Tower with Radar,46,19,38,10,113,0,6,45,0,51,46,25,83,10,164,16,10,26,190
03/04/2008,MYR,SC,ASO,ES,Combined TRACON& Tower with Radar,42,22,9,3,76,0,0,3,0,3,42,22,12,3,79,0,0,0,79
03/05/2008,MYR,SC,ASO,ES,Combined TRACON& Tower with Radar,41,32,34,10,117,0,15,37,0,52,41,47,71,10,169,18,4,22,191
03/06/2008,MYR,SC,ASO,ES,Combined TRACON& Tower with Radar,42,28,39,13,122,0,4,50,1,55,42,32,89,14,177,62,4,66,243
03/07/2008,MYR,SC,ASO,ES,Combined TRACON& Tower with Radar,43,30,11,0,84,0,0,1,0,1,43,30,12,0,85,0,0,0,85
03/08/2008,MYR,SC,ASO,ES,Combined TRACON& Tower with Radar,43,27,9,0,79,0,1,2,2,5,43,28,11,2,84,0,6,6,90
03/09/2008,MYR,SC,ASO,ES,Combined TRACON& Tower with Radar,43,20,31,7,101,0,4,25,0,29,43,24,56,7,130,17,0,17,147
03/10/2008,MYR,SC,ASO,ES,Combined TRACON& Tower with Radar,44,29,25,19,117,0,3,38,2,43,44,32,63,21,160,90,28,118,278
03/11/2008,MYR,SC,ASO,ES,Combined TRACON& Tower with Radar,40,30,27,8,105,0,7,17,0,24,40,37,44,8,129,90,14,104,233
03/12/2008,MYR,SC,ASO,ES,Combined TRACON& Tower with Radar,47,26,23,13,109,0,2,34,2,38,47,28,57,15,147,12,20,32,179
03/13/2008,MYR,SC,ASO,ES,Combined TRACON& Tower with Radar,47,39,26,10,122,0,3,50,0,53,47,42,76,10,175,36,0,36,211
03/14/2008,MYR,SC,ASO,ES,Combined TRACON& Tower with Radar,44,35,42,10,131,0,7,24,4,35,44,42,66,14,166,20,8,28,194
03/15/2008,MYR,SC,ASO,ES,Combined TRACON& Tower with Radar,66,21,37,8,132,0,27,5,2,34,66,48,42,10,166,2,6,8,174
03/16/2008,MYR,SC,ASO,ES,Combined TRACON& Tower with Radar,57,15,23,0,95,0,16,23,1,40,57,31,46,1,135,10,0,10,145
03/17/2008,MYR,SC,ASO,ES,Combined TRACON& Tower with Radar,46,28,22,4,100,0,4,34,0,38,46,32,56,4,138,39,10,49,187
03/18/2008,MYR,SC,ASO,ES,Combined TRACON& Tower with Radar,38,28,23,9,98,0,22,20,0,42,38,50,43,9,140,6,6,12,152
03/19/2008,MYR,SC,ASO,ES,Combined TRACON& Tower with Radar,41,41,36,2,120,0,16,8,0,24,41,57,44,2,144,38,16,54,198
03/20/2008,MYR,SC,ASO,ES,Combined TRACON& Tower with Radar,53,29,33,22,137,0,4,35,1,40,53,33,68,23,177,27,20,47,224
03/21/2008,MYR,SC,ASO,ES,Combined TRACON& Tower with Radar,45,27,43,9,124,0,29,47,1,77,45,56,90,10,201,41,0,41,242
03/22/2008,MYR,SC,ASO,ES,Combined TRACON& Tower with Radar,56,34,23,0,113,0,60,35,0,95,56,94,58,0,208,6,1,7,215
03/23/2008,MYR,SC,ASO,ES,Combined TRACON& Tower with Radar,54,20,47,0,121,0,79,18,0,97,54,99,65,0,218,12,0,12,230
03/24/2008,MYR,SC,ASO,ES,Combined TRACON& Tower with Radar,46,25,36,8,115,0,49,17,0,66,46,74,53,8,181,10,4,14,195
03/25/2008,MYR,SC,ASO,ES,Combined TRACON& Tower with Radar,40,33,21,1,95,0,67,32,1,100,40,100,53,2,195,18,0,18,213
03/26/2008,MYR,SC,ASO,ES,Combined TRACON& Tower with Radar,46,32,42,18,138,0,36,40,0,76,46,68,82,18,214,8,14,22,236
03/27/2008,MYR,SC,ASO,ES,Combined TRACON& Tower with Radar,53,18,41,21,133,0,3,32,0,35,53,21,73,21,168,20,8,28,196
03/28/2008,MYR,SC,ASO,ES,Combined TRACON& Tower with Radar,50,32,44,15,141,0,62,18,3,83,50,94,62,18,224,24,20,44,268
03/29/2008,MYR,SC,ASO,ES,Combined TRACON& Tower with Radar,60,25,40,7,132,0,0,4,0,4,60,25,44,7,136,0,2,2,138
03/30/2008,MYR,SC,ASO,ES,Combined TRACON& Tower with Radar,57,19,30,0,106,0,0,0,0,0,57,19,30,0,106,0,0,0,106
03/31/2008,MYR,SC,ASO,ES,Combined TRACON& Tower with Radar,50,21,11,2,84,0,6,1,0,7,50,27,12,2,91,0,0,0,91
04/01/2008,MYR,SC,ASO,ES,Combined TRACON& Tower with Radar,44,28,17,3,92,0,2,7,0,9,44,30,24,3,101,0,10,10,111
04/02/2008,MYR,SC,ASO,ES,Combined TRACON& Tower with Radar,47,35,27,13,122,0,17,18,2,37,47,52,45,15,159,20,2,22,181
04/03/2008,MYR,SC,ASO,ES,Combined TRACON& Tower with Radar,44,42,19,5,110,0,1,0,0,1,44,43,19,5,111,0,0,0,111
04/04/2008,MYR,SC,ASO,ES,Combined TRACON& Tower with Radar,43,27,31,10,111,0,10,12,0,22,43,37,43,10,133,8,4,12,145
04/05/2008,MYR,SC,ASO,ES,Combined TRACON& Tower with Radar,63,19,16,2,100,0,29,1,0,30,63,48,17,2,130,0,0,0,130
04/06/2008,MYR,SC,ASO,ES,Combined TRACON& Tower with Radar,55,23,40,0,118,0,57,11,0,68,55,80,51,0,186,0,0,0,186
04/07/2008,MYR,SC,ASO,ES,Combined TRACON& Tower with Radar,46,22,42,3,113,0,1,11,3,15,46,23,53,6,128,34,0,34,162
04/08/2008,MYR,SC,ASO,ES,Combined TRACON& Tower with Radar,44,21,37,7,109,0,26,22,1,49,44,47,59,8,158,18,27,45,203
04/09/2008,MYR,SC,ASO,ES,Combined TRACON& Tower with Radar,43,30,45,7,125,0,27,14,1,42,43,57,59,8,167,32,0,32,199
04/10/2008,MYR,SC,ASO,ES,Combined TRACON& Tower with Radar,46,31,23,3,103,0,17,17,3,37,46,48,40,6,140,18,30,48,188
04/11/2008,MYR,SC,ASO,ES,Combined TRACON& Tower with Radar,45,28,29,1,103,0,50,29,0,79,45,78,58,1,182,8,0,8,190
04/12/2008,MYR,SC,ASO,ES,Combined TRACON& Tower with Radar,66,27,23,0,116,0,61,14,0,75,66,88,37,0,191,0,0,0,191
04/13/2008,MYR,SC,ASO,ES,Combined TRACON& Tower with Radar,58,24,30,4,116,0,26,11,0,37,58,50,41,4,153,8,0,8,161
04/14/2008,MYR,SC,ASO,ES,Combined TRACON& Tower with Radar,52,22,37,7,118,0,4,15,1,20,52,26,52,8,138,12,0,12,150
04/15/2008,MYR,SC,ASO,ES,Combined TRACON& Tower with Radar,41,31,15,15,102,0,48,15,0,63,41,79,30,15,165,6,7,13,178
04/16/2008,MYR,SC,ASO,ES,Combined TRACON& Tower with Radar,41,34,51,9,135,0,7,32,0,39,41,41,83,9,174,20,26,46,220
04/17/2008,MYR,SC,ASO,ES,Combined TRACON& Tower with Radar,54,30,31,8,123,0,19,36,0,55,54,49,67,8,178,28,0,28,206
04/18/2008,MYR,SC,ASO,ES,Combined TRACON& Tower with Radar,52,32,33,15,132,0,64,43,5,112,52,96,76,20,244,10,0,10,254
04/19/2008,MYR,SC,ASO,ES,Combined TRACON& Tower with Radar,59,34,32,2,127,0,41,18,9,68,59,75,50,11,195,14,8,22,217
04/20/2008,MYR,SC,ASO,ES,Combined TRACON& Tower with Radar,55,25,26,0,106,0,48,28,2,78,55,73,54,2,184,14,0,14,198
04/21/2008,MYR,SC,ASO,ES,Combined TRACON& Tower with Radar,48,25,25,1,99,0,16,40,2,58,48,41,65,3,157,16,0,16,173
04/22/2008,MYR,SC,ASO,ES,Combined TRACON& Tower with Radar,41,31,41,14,127,0,41,5,2,48,41,72,46,16,175,9,0,9,184
04/23/2008,MYR,SC,ASO,ES,Combined TRACON& Tower with Radar,43,36,35,21,135,0,0,14,3,17,43,36,49,24,152,3,43,46,198
04/24/2008,MYR,SC,ASO,ES,Combined TRACON& Tower with Radar,53,31,39,16,139,0,26,32,4,62,53,57,71,20,201,50,10,60,261
04/25/2008,MYR,SC,ASO,ES,Combined TRACON& Tower with Radar,49,38,37,10,134,0,35,49,2,86,49,73,86,12,220,34,26,60,280
04/26/2008,MYR,SC,ASO,ES,Combined TRACON& Tower with Radar,66,26,39,1,132,0,40,29,0,69,66,66,68,1,201,4,2,6,207
04/27/2008,MYR,SC,ASO,ES,Combined TRACON& Tower with Radar,56,29,25,12,122,0,26,14,0,40,56,55,39,12,162,16,6,22,184
04/28/2008,MYR,SC,ASO,ES,Combined TRACON& Tower with Radar,49,26,23,11,109,0,0,1,3,4,49,26,24,14,113,0,8,8,121
04/29/2008,MYR,SC,ASO,ES,Combined TRACON& Tower with Radar,47,25,25,19,116,0,11,30,5,46,47,36,55,24,162,0,18,18,180
04/30/2008,MYR,SC,ASO,ES,Combined TRACON& Tower with Radar,53,31,32,10,126,0,18,22,0,40,53,49,54,10,166,25,2,27,193
05/01/2008,MYR,SC,ASO,ES,Combined TRACON& Tower with Radar,46,36,58,1,141,0,17,26,1,44,46,53,84,2,185,22,0,22,207
05/02/2008,MYR,SC,ASO,ES,Combined TRACON& Tower with Radar,53,28,39,4,124,0,20,20,0,40,53,48,59,4,164,2,12,14,178
05/03/2008,MYR,SC,ASO,ES,Combined TRACON& Tower with Radar,61,31,25,24,141,0,36,22,0,58,61,67,47,24,199,2,0,2,201
05/04/2008,MYR,SC,ASO,ES,Combined TRACON& Tower with Radar,56,26,41,3,126,0,51,19,0,70,56,77,60,3,196,0,0,0,196
05/05/2008,MYR,SC,ASO,ES,Combined TRACON& Tower with Radar,48,25,22,0,95,0,8,24,0,32,48,33,46,0,127,0,0,0,127
05/06/2008,MYR,SC,ASO,ES,Combined TRACON& Tower with Radar,43,29,41,4,117,0,21,52,0,73,43,50,93,4,190,40,0,40,230
05/07/2008,MYR,SC,ASO,ES,Combined TRACON& Tower with Radar,48,30,41,11,130,0,8,34,2,44,48,38,75,13,174,41,6,47,221
05/08/2008,MYR,SC,ASO,ES,Combined TRACON& Tower with Radar,51,32,33,21,137,0,25,12,2,39,51,57,45,23,176,4,14,18,194
05/09/2008,MYR,SC,ASO,ES,Combined TRACON& Tower with Radar,47,32,28,0,107,0,33,10,0,43,47,65,38,0,150,12,0,12,162
05/10/2008,MYR,SC,ASO,ES,Combined TRACON& Tower with Radar,74,36,32,0,142,0,57,30,0,87,74,93,62,0,229,0,0,0,229
05/11/2008,MYR,SC,ASO,ES,Combined TRACON& Tower with Radar,53,25,5,0,83,0,14,5,0,19,53,39,10,0,102,0,0,0,102
05/12/2008,MYR,SC,ASO,ES,Combined TRACON& Tower with Radar,48,25,13,2,88,1,36,7,0,44,49,61,20,2,132,0,2,2,134
05/13/2008,MYR,SC,ASO,ES,Combined TRACON& Tower with Radar,39,28,32,16,115,0,27,29,0,56,39,55,61,16,171,11,12,23,194
05/14/2008,MYR,SC,ASO,ES,Combined TRACON& Tower with Radar,45,32,40,8,125,0,35,32,0,67,45,67,72,8,192,4,26,30,222
05/15/2008,MYR,SC,ASO,ES,Combined TRACON& Tower with Radar,50,36,36,7,129,0,42,14,1,57,50,78,50,8,186,0,0,0,186
05/16/2008,MYR,SC,ASO,ES,Combined TRACON& Tower with Radar,49,23,24,14,110,0,88,10,1,99,49,111,34,15,209,0,0,0,209
05/17/2008,MYR,SC,ASO,ES,Combined TRACON& Tower with Radar,57,26,32,8,123,0,95,40,9,144,57,121,72,17,267,16,4,20,287
05/18/2008,MYR,SC,ASO,ES,Combined TRACON& Tower with Radar,51,39,34,5,129,0,43,18,3,64,51,82,52,8,193,0,0,0,193
05/19/2008,MYR,SC,ASO,ES,Combined TRACON& Tower with Radar,50,25,17,12,104,0,11,24,0,35,50,36,41,12,139,58,0,58,197
05/20/2008,MYR,SC,ASO,ES,Combined TRACON& Tower with Radar,53,26,23,20,122,0,28,24,2,54,53,54,47,22,176,0,0,0,176
05/21/2008,MYR,SC,ASO,ES,Combined TRACON& Tower with Radar,46,28,47,22,143,0,25,22,1,48,46,53,69,23,191,8,8,16,207
05/22/2008,MYR,SC,ASO,ES,Combined TRACON& Tower with Radar,50,28,31,14,123,0,47,47,0,94,50,75,78,14,217,28,20,48,265
05/23/2008,MYR,SC,ASO,ES,Combined TRACON& Tower with Radar,49,32,35,1,117,0,44,19,6,69,49,76,54,7,186,16,0,16,202
05/24/2008,MYR,SC,ASO,ES,Combined TRACON& Tower with Radar,58,31,20,17,126,0,38,15,1,54,58,69,35,18,180,0,6,6,186
05/25/2008,MYR,SC,ASO,ES,Combined TRACON& Tower with Radar,55,15,25,0,95,0,88,29,2,119,55,103,54,2,214,20,0,20,234
05/26/2008,MYR,SC,ASO,ES,Combined TRACON& Tower with Radar,57,11,42,0,110,0,59,49,0,108,57,70,91,0,218,6,0,6,224
05/27/2008,MYR,SC,ASO,ES,Combined TRACON& Tower with Radar,42,22,42,14,120,0,35,62,0,97,42,57,104,14,217,30,2,32,249
05/28/2008,MYR,SC,ASO,ES,Combined TRACON& Tower with Radar,46,29,41,8,124,0,23,6,0,29,46,52,47,8,153,20,2,22,175
05/29/2008,MYR,SC,ASO,ES,Combined TRACON& Tower with Radar,27,15,23,6,71,0,19,17,0,36,27,34,40,6,107,0,0,0,107
05/30/2008,MYR,SC,ASO,ES,Combined TRACON& Tower with Radar,49,27,43,6,125,0,34,32,2,68,49,61,75,8,193,6,0,6,199
05/31/2008,MYR,SC,ASO,ES,Combined TRACON& Tower with Radar,61,22,30,9,122,0,95,9,2,106,61,117,39,11,228,2,10,12,240
06/01/2008,MYR,SC,ASO,ES,Combined TRACON& Tower with Radar,60,23,25,0,108,0,29,17,2,48,60,52,42,2,156,4,0,4,160
06/02/2008,MYR,SC,ASO,ES,Combined TRACON& Tower with Radar,47,31,31,3,112,0,44,24,0,68,47,75,55,3,180,4,0,4,184
06/03/2008,MYR,SC,ASO,ES,Combined TRACON& Tower with Radar,47,22,46,10,125,0,33,31,2,66,47,55,77,12,191,53,0,53,244
06/04/2008,MYR,SC,ASO,ES,Combined TRACON& Tower with Radar,46,29,46,36,157,0,38,16,3,57,46,67,62,39,214,7,16,23,237
06/05/2008,MYR,SC,ASO,ES,Combined TRACON& Tower with Radar,49,30,40,14,133,0,42,24,3,69,49,72,64,17,202,0,8,8,210
06/06/2008,MYR,SC,ASO,ES,Combined TRACON& Tower with Radar,54,27,41,2,124,4,25,53,0,82,58,52,94,2,206,8,0,8,214
06/07/2008,MYR,SC,ASO,ES,Combined TRACON& Tower with Radar,73,18,33,0,124,0,59,33,0,92,73,77,66,0,216,0,0,0,216
06/08/2008,MYR,SC,ASO,ES,Combined TRACON& Tower with Radar,49,21,27,0,97,0,58,45,1,104,49,79,72,1,201,1,1,2,203
06/09/2008,MYR,SC,ASO,ES,Combined TRACON& Tower with Radar,52,18,27,0,97,0,55,36,2,93,52,73,63,2,190,40,0,40,230
06/10/2008,MYR,SC,ASO,ES,Combined TRACON& Tower with Radar,50,24,41,8,123,0,75,36,0,111,50,99,77,8,234,28,0,28,262
06/11/2008,MYR,SC,ASO,ES,Combined TRACON& Tower with Radar,44,28,29,6,107,0,77,17,0,94,44,105,46,6,201,4,22,26,227
06/12/2008,MYR,SC,ASO,ES,Combined TRACON& Tower with Radar,59,26,30,13,128,0,106,27,2,135,59,132,57,15,263,12,18,30,293
06/13/2008,MYR,SC,ASO,ES,Combined TRACON& Tower with Radar,58,23,51,7,139,14,62,24,2,102,72,85,75,9,241,24,2,26,267
06/14/2008,MYR,SC,ASO,ES,Combined TRACON& Tower with Radar,69,24,25,25,143,0,86,33,1,120,69,110,58,26,263,0,14,14,277
06/15/2008,MYR,SC,ASO,ES,Combined TRACON& Tower with Radar,58,21,22,0,101,0,38,18,0,56,58,59,40,0,157,16,0,16,173
06/16/2008,MYR,SC,ASO,ES,Combined TRACON& Tower with Radar,53,17,29,11,110,0,52,26,1,79,53,69,55,12,189,4,8,12,201
06/17/2008,MYR,SC,ASO,ES,Combined TRACON& Tower with Radar,43,32,24,12,111,0,110,15,1,126,43,142,39,13,237,0,0,0,237
06/18/2008,MYR,SC,ASO,ES,Combined TRACON& Tower with Radar,46,35,32,16,129,0,113,23,0,136,46,148,55,16,265,14,28,42,307
06/19/2008,MYR,SC,ASO,ES,Combined TRACON& Tower with Radar,54,23,51,0,128,0,102,25,0,127,54,125,76,0,255,28,0,28,283
06/20/2008,MYR,SC,ASO,ES,Combined TRACON& Tower with Radar,55,22,29,8,114,0,73,23,1,97,55,95,52,9,211,12,42,54,265
06/21/2008,MYR,SC,ASO,ES,Combined TRACON& Tower with Radar,72,20,25,1,118,0,85,8,0,93,72,105,33,1,211,0,0,0,211
06/22/2008,MYR,SC,ASO,ES,Combined TRACON& Tower with Radar,51,22,34,4,111,0,53,8,0,61,51,75,42,4,172,0,0,0,172
06/23/2008,MYR,SC,ASO,ES,Combined TRACON& Tower with Radar,55,20,41,3,119,0,73,9,2,84,55,93,50,5,203,0,0,0,203
06/24/2008,MYR,SC,ASO,ES,Combined TRACON& Tower with Radar,48,24,45,18,135,0,70,30,0,100,48,94,75,18,235,16,4,20,255
06/25/2008,MYR,SC,ASO,ES,Combined TRACON& Tower with Radar,46,28,33,13,120,0,60,19,1,80,46,88,52,14,200,34,12,46,246
06/26/2008,MYR,SC,ASO,ES,Combined TRACON& Tower with Radar,40,19,20,16,95,0,88,23,0,111,40,107,43,16,206,0,36,36,242
06/27/2008,MYR,SC,ASO,ES,Combined TRACON& Tower with Radar,54,25,26,24,129,0,106,34,1,141,54,131,60,25,270,22,40,62,332
06/28/2008,MYR,SC,ASO,ES,Combined TRACON& Tower with Radar,72,28,19,32,151,0,144,34,2,180,72,172,53,34,331,2,4,6,337
06/29/2008,MYR,SC,ASO,ES,Combined TRACON& Tower with Radar,55,18,25,4,102,0,81,19,1,101,55,99,44,5,203,10,0,10,213
06/30/2008,MYR,SC,ASO,ES,Combined TRACON& Tower with Radar,59,22,24,8,113,0,82,18,0,100,59,104,42,8,213,16,24,40,253
07/01/2008,MYR,SC,ASO,ES,Combined TRACON& Tower with Radar,52,24,25,2,103,0,129,33,2,164,52,153,58,4,267,40,0,40,307
07/02/2008,MYR,SC,ASO,ES,Combined TRACON& Tower with Radar,51,22,33,8,114,0,157,47,3,207,51,179,80,11,321,84,4,88,409
07/03/2008,MYR,SC,ASO,ES,Combined TRACON& Tower with Radar,52,24,33,0,109,0,145,46,3,194,52,169,79,3,303,68,0,68,371
07/04/2008,MYR,SC,ASO,ES,Combined TRACON& Tower with Radar,49,12,21,1,83,0,167,21,4,192,49,179,42,5,275,8,0,8,283
07/05/2008,MYR,SC,ASO,ES,Combined TRACON& Tower with Radar,75,23,23,0,121,0,171,18,0,189,75,194,41,0,310,4,0,4,314
07/06/2008,MYR,SC,ASO,ES,Combined TRACON& Tower with Radar,49,25,36,0,110,0,143,28,0,171,49,168,64,0,281,4,0,4,285
07/07/2008,MYR,SC,ASO,ES,Combined TRACON& Tower with Radar,51,19,24,0,94,0,42,10,1,53,51,61,34,1,147,14,0,14,161
07/08/2008,MYR,SC,ASO,ES,Combined TRACON& Tower with Radar,46,23,32,4,105,0,99,15,0,114,46,122,47,4,219,14,0,14,233
07/09/2008,MYR,SC,ASO,ES,Combined TRACON& Tower with Radar,50,24,38,4,116,0,83,22,0,105,50,107,60,4,221,14,8,22,243
07/10/2008,MYR,SC,ASO,ES,Combined TRACON& Tower with Radar,56,29,35,7,127,0,68,12,0,80,56,97,47,7,207,0,0,0,207
07/11/2008,MYR,SC,ASO,ES,Combined TRACON& Tower with Radar,54,23,28,10,115,0,106,11,0,117,54,129,39,10,232,0,2,2,234
07/12/2008,MYR,SC,ASO,ES,Combined TRACON& Tower with Radar,71,21,26,7,125,0,121,37,1,159,71,142,63,8,284,6,12,18,302
07/13/2008,MYR,SC,ASO,ES,Combined TRACON& Tower with Radar,49,15,33,0,97,0,83,44,0,127,49,98,77,0,224,8,0,8,232
07/14/2008,MYR,SC,ASO,ES,Combined TRACON& Tower with Radar,52,24,43,8,127,0,36,21,2,59,52,60,64,10,186,4,0,4,190
07/15/2008,MYR,SC,ASO,ES,Combined TRACON& Tower with Radar,44,24,44,5,117,0,70,4,0,74,44,94,48,5,191,0,0,0,191
07/16/2008,MYR,SC,ASO,ES,Combined TRACON& Tower with Radar,46,22,41,8,117,0,127,32,0,159,46,149,73,8,276,22,0,22,298
07/17/2008,MYR,SC,ASO,ES,Combined TRACON& Tower with Radar,52,25,41,5,123,0,148,21,1,170,52,173,62,6,293,14,0,14,307
07/18/2008,MYR,SC,ASO,ES,Combined TRACON& Tower with Radar,53,28,44,12,137,0,118,5,0,123,53,146,49,12,260,6,0,6,266
07/19/2008,MYR,SC,ASO,ES,Combined TRACON& Tower with Radar,74,21,23,2,120,0,48,2,0,50,74,69,25,2,170,0,0,0,170
07/20/2008,MYR,SC,ASO,ES,Combined TRACON& Tower with Radar,53,15,27,3,98,0,126,29,0,155,53,141,56,3,253,28,0,28,281
07/21/2008,MYR,SC,ASO,ES,Combined TRACON& Tower with Radar,50,21,59,4,134,0,96,21,0,117,50,117,80,4,251,38,0,38,289
07/22/2008,MYR,SC,ASO,ES,Combined TRACON& Tower with Radar,45,33,39,0,117,0,106,18,0,124,45,139,57,0,241,10,0,10,251
07/23/2008,MYR,SC,ASO,ES,Combined TRACON& Tower with Radar,45,19,46,0,110,0,93,13,0,106,45,112,59,0,216,0,0,0,216
07/24/2008,MYR,SC,ASO,ES,Combined TRACON& Tower with Radar,59,24,38,0,121,0,96,27,0,123,59,120,65,0,244,46,0,46,290
07/25/2008,MYR,SC,ASO,ES,Combined TRACON& Tower with Radar,55,24,44,7,130,0,146,21,0,167,55,170,65,7,297,22,0,22,319
07/26/2008,MYR,SC,ASO,ES,Combined TRACON& Tower with Radar,70,23,52,3,148,0,136,19,2,157,70,159,71,5,305,28,0,28,333
07/27/2008,MYR,SC,ASO,ES,Combined TRACON& Tower with Radar,55,18,40,0,113,0,76,13,0,89,55,94,53,0,202,10,0,10,212
07/28/2008,MYR,SC,ASO,ES,Combined TRACON& Tower with Radar,57,19,37,1,114,0,116,22,2,140,57,135,59,3,254,54,0,54,308
07/29/2008,MYR,SC,ASO,ES,Combined TRACON& Tower with Radar,49,24,36,6,115,0,74,15,4,93,49,98,51,10,208,2,8,10,218
07/30/2008,MYR,SC,ASO,ES,Combined TRACON& Tower with Radar,47,26,30,2,105,0,102,22,0,124,47,128,52,2,229,44,0,44,273
07/31/2008,MYR,SC,ASO,ES,Combined TRACON& Tower with Radar,57,24,14,2,97,0,152,17,2,171,57,176,31,4,268,6,0,6,274
08/01/2008,MYR,SC,ASO,ES,Combined TRACON& Tower with Radar,60,26,20,3,109,0,164,14,2,180,60,190,34,5,289,0,4,4,293
08/02/2008,MYR,SC,ASO,ES,Combined TRACON& Tower with Radar,63,30,28,1,122,0,160,24,0,184,63,190,52,1,306,36,0,36,342
08/03/2008,MYR,SC,ASO,ES,Combined TRACON& Tower with Radar,52,22,42,9,125,0,162,27,0,189,52,184,69,9,314,8,0,8,322
08/04/2008,MYR,SC,ASO,ES,Combined TRACON& Tower with Radar,51,24,27,2,104,0,92,15,0,107,51,116,42,2,211,16,0,16,227
08/05/2008,MYR,SC,ASO,ES,Combined TRACON& Tower with Radar,43,27,37,8,115,0,138,28,0,166,43,165,65,8,281,22,0,22,303
08/06/2008,MYR,SC,ASO,ES,Combined TRACON& Tower with Radar,46,34,33,6,119,0,138,17,2,157,46,172,50,8,276,30,4,34,310
08/07/2008,MYR,SC,ASO,ES,Combined TRACON& Tower with Radar,50,21,17,1,89,0,148,11,2,161,50,169,28,3,250,4,2,6,256
08/08/2008,MYR,SC,ASO,ES,Combined TRACON& Tower with Radar,56,22,34,5,117,0,152,29,1,182,56,174,63,6,299,14,8,22,321
08/09/2008,MYR,SC,ASO,ES,Combined TRACON& Tower with Radar,56,22,34,5,117,0,152,29,1,182,56,174,63,6,299,14,8,22,321
08/10/2008,MYR,SC,ASO,ES,Combined TRACON& Tower with Radar,44,23,32,10,109,0,129,14,0,143,44,152,46,10,252,18,12,30,282
08/11/2008,MYR,SC,ASO,ES,Combined TRACON& Tower with Radar,51,16,62,2,131,0,72,23,0,95,51,88,85,2,226,60,0,60,286
08/12/2008,MYR,SC,ASO,ES,Combined TRACON& Tower with Radar,41,27,26,4,98,0,95,13,0,108,41,122,39,4,206,0,0,0,206
08/13/2008,MYR,SC,ASO,ES,Combined TRACON& Tower with Radar,47,21,10,3,81,0,0,0,0,0,47,21,10,3,81,0,0,0,81
08/14/2008,MYR,SC,ASO,ES,Combined TRACON& Tower with Radar,54,23,51,12,140,0,80,20,1,101,54,103,71,13,241,26,16,42,283
08/15/2008,MYR,SC,ASO,ES,Combined TRACON& Tower with Radar,55,22,40,26,143,0,175,19,3,197,55,197,59,29,340,0,20,20,360
08/16/2008,MYR,SC,ASO,ES,Combined TRACON& Tower with Radar,73,21,28,7,129,0,147,11,0,158,73,168,39,7,287,8,0,8,295
08/17/2008,MYR,SC,ASO,ES,Combined TRACON& Tower with Radar,55,15,24,0,94,0,2,15,0,17,55,17,39,0,111,14,0,14,125
08/18/2008,MYR,SC,ASO,ES,Combined TRACON& Tower with Radar,51,21,38,19,129,0,104,24,0,128,51,125,62,19,257,12,6,18,275
08/19/2008,MYR,SC,ASO,ES,Combined TRACON& Tower with Radar,42,31,39,7,119,0,134,23,0,157,42,165,62,7,276,7,6,13,289
08/20/2008,MYR,SC,ASO,ES,Combined TRACON& Tower with Radar,43,27,23,15,108,0,122,9,0,131,43,149,32,15,239,6,0,6,245
08/21/2008,MYR,SC,ASO,ES,Combined TRACON& Tower with Radar,55,25,20,6,106,0,80,2,0,82,55,105,22,6,188,0,6,6,194
08/22/2008,MYR,SC,ASO,ES,Combined TRACON& Tower with Radar,52,30,21,0,103,0,41,3,0,44,52,71,24,0,147,0,0,0,147
08/23/2008,MYR,SC,ASO,ES,Combined TRACON& Tower with Radar,72,24,29,4,129,0,148,15,0,163,72,172,44,4,292,12,4,16,308
08/24/2008,MYR,SC,ASO,ES,Combined TRACON& Tower with Radar,48,22,34,0,104,0,110,27,0,137,48,132,61,0,241,4,0,4,245
08/25/2008,MYR,SC,ASO,ES,Combined TRACON& Tower with Radar,47,21,23,0,91,0,2,2,0,4,47,23,25,0,95,0,0,0,95
08/26/2008,MYR,SC,ASO,ES,Combined TRACON& Tower with Radar,39,23,34,0,96,0,38,0,0,38,39,61,34,0,134,0,0,0,134
08/27/2008,MYR,SC,ASO,ES,Combined TRACON& Tower with Radar,45,20,38,15,118,0,149,6,0,155,45,169,44,15,273,24,18,42,315
08/28/2008,MYR,SC,ASO,ES,Combined TRACON& Tower with Radar,53,15,41,1,110,0,104,12,0,116,53,119,53,1,226,0,0,0,226
08/29/2008,MYR,SC,ASO,ES,Combined TRACON& Tower with Radar,55,19,55,1,130,0,139,27,8,174,55,158,82,9,304,32,0,32,336
08/30/2008,MYR,SC,ASO,ES,Combined TRACON& Tower with Radar,60,27,32,0,119,0,201,24,5,230,60,228,56,5,349,4,0,4,353
08/31/2008,MYR,SC,ASO,ES,Combined TRACON& Tower with Radar,55,11,29,1,96,0,246,24,1,271,55,257,53,2,367,26,0,26,393
09/01/2008,MYR,SC,ASO,ES,Combined TRACON& Tower with Radar,52,5,46,0,103,0,17,27,0,44,52,22,73,0,147,0,0,0,147
09/02/2008,MYR,SC,ASO,ES,Combined TRACON& Tower with Radar,46,12,44,3,105,0,117,35,0,152,46,129,79,3,257,30,14,44,301
09/03/2008,MYR,SC,ASO,ES,Combined TRACON& Tower with Radar,42,19,30,6,97,0,22,49,0,71,42,41,79,6,168,0,0,0,168
09/04/2008,MYR,SC,ASO,ES,Combined TRACON& Tower with Radar,48,21,21,7,97,0,118,16,2,136,48,139,37,9,233,4,0,4,237
09/05/2008,MYR,SC,ASO,ES,Combined TRACON& Tower with Radar,34,16,8,0,58,0,4,1,0,5,34,20,9,0,63,0,0,0,63
09/06/2008,MYR,SC,ASO,ES,Combined TRACON& Tower with Radar,49,6,3,0,58,0,17,10,4,31,49,23,13,4,89,0,0,0,89
09/07/2008,MYR,SC,ASO,ES,Combined TRACON& Tower with Radar,51,5,16,0,72,0,4,5,0,9,51,9,21,0,81,0,0,0,81
09/08/2008,MYR,SC,ASO,ES,Combined TRACON& Tower with Radar,45,18,18,5,86,0,85,18,4,107,45,103,36,9,193,10,0,10,203
09/09/2008,MYR,SC,ASO,ES,Combined TRACON& Tower with Radar,34,18,23,8,83,0,95,13,0,108,34,113,36,8,191,16,0,16,207
09/10/2008,MYR,SC,ASO,ES,Combined TRACON& Tower with Radar,36,24,22,2,84,0,81,8,0,89,36,105,30,2,173,8,0,8,181
09/11/2008,MYR,SC,ASO,ES,Combined TRACON& Tower with Radar,54,14,9,11,88,0,60,3,0,63,54,74,12,11,151,9,0,9,160
09/12/2008,MYR,SC,ASO,ES,Combined TRACON& Tower with Radar,46,20,18,7,91,0,110,17,1,128,46,130,35,8,219,20,0,20,239
09/13/2008,MYR,SC,ASO,ES,Combined TRACON& Tower with Radar,56,18,34,5,113,0,125,29,3,157,56,143,63,8,270,14,0,14,284
09/14/2008,MYR,SC,ASO,ES,Combined TRACON& Tower with Radar,50,10,22,4,86,0,107,15,0,122,50,117,37,4,208,0,2,2,210
09/15/2008,MYR,SC,ASO,ES,Combined TRACON& Tower with Radar,45,19,16,0,80,0,70,8,0,78,45,89,24,0,158,0,0,0,158
09/16/2008,MYR,SC,ASO,ES,Combined TRACON& Tower with Radar,36,24,19,4,83,0,52,6,0,58,36,76,25,4,141,12,0,12,153
09/17/2008,MYR,SC,ASO,ES,Combined TRACON& Tower with Radar,38,17,20,1,76,0,58,8,0,66,38,75,28,1,142,0,0,0,142
09/18/2008,MYR,SC,ASO,ES,Combined TRACON& Tower with Radar,51,17,19,7,94,0,82,31,0,113,51,99,50,7,207,4,2,6,213
09/19/2008,MYR,SC,ASO,ES,Combined TRACON& Tower with Radar,48,15,14,16,93,0,95,18,0,113,48,110,32,16,206,26,8,34,240
09/20/2008,MYR,SC,ASO,ES,Combined TRACON& Tower with Radar,59,9,21,4,93,0,122,11,0,133,59,131,32,4,226,2,0,2,228
09/21/2008,MYR,SC,ASO,ES,Combined TRACON& Tower with Radar,47,15,15,6,83,0,74,23,0,97,47,89,38,6,180,0,0,0,180
09/22/2008,MYR,SC,ASO,ES,Combined TRACON& Tower with Radar,40,21,11,14,86,0,48,17,2,67,40,69,28,16,153,8,0,8,161
09/23/2008,MYR,SC,ASO,ES,Combined TRACON& Tower with Radar,38,22,11,4,75,0,68,1,0,69,38,90,12,4,144,2,12,14,158
09/24/2008,MYR,SC,ASO,ES,Combined TRACON& Tower with Radar,39,31,19,0,89,0,40,12,0,52,39,71,31,0,141,0,0,0,141
09/25/2008,MYR,SC,ASO,ES,Combined TRACON& Tower with Radar,45,19,3,0,67,0,0,0,0,0,45,19,3,0,67,0,0,0,67
09/26/2008,MYR,SC,ASO,ES,Combined TRACON& Tower with Radar,38,24,13,0,75,0,26,6,2,34,38,50,19,2,109,0,0,0,109
09/27/2008,MYR,SC,ASO,ES,Combined TRACON& Tower with Radar,55,17,20,0,92,0,73,16,0,89,55,90,36,0,181,4,0,4,185
09/28/2008,MYR,SC,ASO,ES,Combined TRACON& Tower with Radar,49,12,10,0,71,0,65,20,0,85,49,77,30,0,156,0,0,0,156
09/29/2008,MYR,SC,ASO,ES,Combined TRACON& Tower with Radar,45,20,13,34,112,0,1,23,1,25,45,21,36,35,137,8,0,8,145
09/30/2008,MYR,SC,ASO,ES,Combined TRACON& Tower with Radar,29,31,26,0,86,0,44,12,0,56,29,75,38,0,142,20,0,20,162
10/01/2008,MYR,SC,ASO,ES,Combined TRACON& Tower with Radar,41,19,14,19,93,0,40,16,0,56,41,59,30,19,149,10,16,26,175
10/02/2008,MYR,SC,ASO,ES,Combined TRACON& Tower with Radar,48,27,20,3,98,0,60,22,3,85,48,87,42,6,183,0,0,0,183
10/03/2008,MYR,SC,ASO,ES,Combined TRACON& Tower with Radar,51,13,21,0,85,0,91,35,0,126,51,104,56,0,211,0,0,0,211
10/04/2008,MYR,SC,ASO,ES,Combined TRACON& Tower with Radar,57,17,15,23,112,0,131,20,0,151,57,148,35,23,263,1,6,7,270
10/05/2008,MYR,SC,ASO,ES,Combined TRACON& Tower with Radar,53,8,18,0,79,0,97,25,0,122,53,105,43,0,201,4,0,4,205
10/06/2008,MYR,SC,ASO,ES,Combined TRACON& Tower with Radar,44,20,18,10,92,0,9,18,5,32,44,29,36,15,124,0,0,0,124
10/07/2008,MYR,SC,ASO,ES,Combined TRACON& Tower with Radar,26,22,17,12,77,0,124,13,1,138,26,146,30,13,215,2,3,5,220
10/08/2008,MYR,SC,ASO,ES,Combined TRACON& Tower with Radar,37,27,15,16,95,0,103,15,5,123,37,130,30,21,218,0,12,12,230
10/09/2008,MYR,SC,ASO,ES,Combined TRACON& Tower with Radar,45,24,16,0,85,0,60,3,2,65,45,84,19,2,150,10,0,10,160
10/10/2008,MYR,SC,ASO,ES,Combined TRACON& Tower with Radar,43,24,23,2,92,0,10,0,0,10,43,34,23,2,102,0,0,0,102
10/11/2008,MYR,SC,ASO,ES,Combined TRACON& Tower with Radar,55,17,13,0,85,0,34,2,0,36,55,51,15,0,121,0,0,0,121
10/12/2008,MYR,SC,ASO,ES,Combined TRACON& Tower with Radar,46,13,10,4,73,0,98,3,0,101,46,111,13,4,174,5,0,5,179
10/13/2008,MYR,SC,ASO,ES,Combined TRACON& Tower with Radar,46,19,25,0,90,0,30,27,0,57,46,49,52,0,147,24,10,34,181
10/14/2008,MYR,SC,ASO,ES,Combined TRACON& Tower with Radar,38,16,14,36,104,0,58,19,2,79,38,74,33,38,183,35,54,89,272
10/15/2008,MYR,SC,ASO,ES,Combined TRACON& Tower with Radar,46,18,24,3,91,0,52,27,3,82,46,70,51,6,173,2,6,8,181
10/16/2008,MYR,SC,ASO,ES,Combined TRACON& Tower with Radar,48,21,17,16,102,0,82,22,5,109,48,103,39,21,211,28,32,60,271
10/17/2008,MYR,SC,ASO,ES,Combined TRACON& Tower with Radar,45,19,26,13,103,0,123,26,7,156,45,142,52,20,259,16,28,44,303
10/18/2008,MYR,SC,ASO,ES,Combined TRACON& Tower with Radar,52,17,16,13,98,0,0,6,0,6,52,17,22,13,104,4,4,8,112
10/19/2008,MYR,SC,ASO,ES,Combined TRACON& Tower with Radar,50,12,16,5,83,0,72,20,0,92,50,84,36,5,175,8,0,8,183
10/20/2008,MYR,SC,ASO,ES,Combined TRACON& Tower with Radar,41,21,10,14,86,0,23,21,1,45,41,44,31,15,131,26,4,30,161
10/21/2008,MYR,SC,ASO,ES,Combined TRACON& Tower with Radar,41,20,18,4,83,0,52,26,0,78,41,72,44,4,161,0,0,0,161
10/22/2008,MYR,SC,ASO,ES,Combined TRACON& Tower with Radar,43,18,12,12,85,0,28,23,0,51,43,46,35,12,136,20,26,46,182
10/23/2008,MYR,SC,ASO,ES,Combined TRACON& Tower with Radar,49,27,25,6,107,0,24,19,5,48,49,51,44,11,155,0,8,8,163
10/24/2008,MYR,SC,ASO,ES,Combined TRACON& Tower with Radar,44,19,9,8,80,0,8,1,0,9,44,27,10,8,89,0,0,0,89
10/25/2008,MYR,SC,ASO,ES,Combined TRACON& Tower with Radar,53,18,2,1,74,0,56,1,2,59,53,74,3,3,133,0,0,0,133
10/26/2008,MYR,SC,ASO,ES,Combined TRACON& Tower with Radar,51,19,12,2,84,0,58,23,0,81,51,77,35,2,165,0,0,0,165
10/27/2008,MYR,SC,ASO,ES,Combined TRACON& Tower with Radar,49,15,11,0,75,0,36,14,1,51,49,51,25,1,126,6,0,6,132
10/28/2008,MYR,SC,ASO,ES,Combined TRACON& Tower with Radar,35,20,16,34,105,0,23,13,5,41,35,43,29,39,146,4,40,44,190
10/29/2008,MYR,SC,ASO,ES,Combined TRACON& Tower with Radar,44,22,16,3,85,0,28,19,0,47,44,50,35,3,132,0,6,6,138
10/30/2008,MYR,SC,ASO,ES,Combined TRACON& Tower with Radar,49,18,30,0,97,0,25,19,0,44,49,43,49,0,141,30,0,30,171
10/31/2008,MYR,SC,ASO,ES,Combined TRACON& Tower with Radar,44,18,14,0,76,0,24,19,0,43,44,42,33,0,119,12,0,12,131
11/01/2008,MYR,SC,ASO,ES,Combined TRACON& Tower with Radar,49,16,12,0,77,0,29,16,0,45,49,45,28,0,122,10,0,10,132
11/02/2008,MYR,SC,ASO,ES,Combined TRACON& Tower with Radar,42,16,30,2,90,0,18,21,0,39,42,34,51,2,129,12,0,12,141
11/03/2008,MYR,SC,ASO,ES,Combined TRACON& Tower with Radar,42,20,8,3,73,0,0,0,0,0,42,20,8,3,73,0,0,0,73
11/04/2008,MYR,SC,ASO,ES,Combined TRACON& Tower with Radar,35,29,6,10,80,0,0,0,0,0,35,29,6,10,80,0,0,0,80
11/05/2008,MYR,SC,ASO,ES,Combined TRACON& Tower with Radar,40,28,9,1,78,0,9,5,0,14,40,37,14,1,92,0,0,0,92
11/06/2008,MYR,SC,ASO,ES,Combined TRACON& Tower with Radar,43,22,16,13,94,0,31,21,1,53,43,53,37,14,147,3,0,3,150
11/07/2008,MYR,SC,ASO,ES,Combined TRACON& Tower with Radar,41,23,17,12,93,0,42,28,3,73,41,65,45,15,166,24,10,34,200
11/08/2008,MYR,SC,ASO,ES,Combined TRACON& Tower with Radar,46,17,12,15,90,0,50,20,2,72,46,67,32,17,162,4,6,10,172
11/09/2008,MYR,SC,ASO,ES,Combined TRACON& Tower with Radar,44,17,14,42,117,0,38,20,0,58,44,55,34,42,175,6,28,34,209
11/10/2008,MYR,SC,ASO,ES,Combined TRACON& Tower with Radar,42,18,12,41,113,0,24,17,8,49,42,42,29,49,162,14,2,16,178
11/11/2008,MYR,SC,ASO,ES,Combined TRACON& Tower with Radar,34,18,8,43,103,0,32,18,4,54,34,50,26,47,157,9,4,13,170
11/12/2008,MYR,SC,ASO,ES,Combined TRACON& Tower with Radar,40,18,19,51,128,0,32,14,5,51,40,50,33,56,179,6,20,26,205
11/13/2008,MYR,SC,ASO,ES,Combined TRACON& Tower with Radar,35,25,13,24,97,0,4,1,0,5,35,29,14,24,102,4,18,22,124
11/14/2008,MYR,SC,ASO,ES,Combined TRACON& Tower with Radar,35,26,19,18,98,0,0,1,0,1,35,26,20,18,99,0,0,0,99
11/15/2008,MYR,SC,ASO,ES,Combined TRACON& Tower with Radar,33,17,6,0,56,0,44,3,0,47,33,61,9,0,103,0,0,0,103
11/16/2008,MYR,SC,ASO,ES,Combined TRACON& Tower with Radar,34,15,12,29,90,0,38,35,1,74,34,53,47,30,164,4,12,16,180
11/17/2008,MYR,SC,ASO,ES,Combined TRACON& Tower with Radar,33,19,8,44,104,0,8,15,7,30,33,27,23,51,134,1,18,19,153
11/18/2008,MYR,SC,ASO,ES,Combined TRACON& Tower with Radar,29,19,10,54,112,0,6,15,1,22,29,25,25,55,134,0,25,25,159
11/19/2008,MYR,SC,ASO,ES,Combined TRACON& Tower with Radar,32,20,29,55,136,0,7,32,2,41,32,27,61,57,177,0,14,14,191
11/20/2008,MYR,SC,ASO,ES,Combined TRACON& Tower with Radar,33,35,29,54,151,0,12,31,9,52,33,47,60,63,203,2,0,2,205
11/21/2008,MYR,SC,ASO,ES,Combined TRACON& Tower with Radar,37,21,13,23,94,0,2,13,2,17,37,23,26,25,111,2,0,2,113
11/22/2008,MYR,SC,ASO,ES,Combined TRACON& Tower with Radar,37,23,3,3,66,0,16,27,8,51,37,39,30,11,117,2,0,2,119
11/23/2008,MYR,SC,ASO,ES,Combined TRACON& Tower with Radar,40,15,18,1,74,0,28,18,3,49,40,43,36,4,123,5,0,5,128
11/24/2008,MYR,SC,ASO,ES,Combined TRACON& Tower with Radar,36,19,20,8,83,0,14,18,0,32,36,33,38,8,115,12,0,12,127
11/25/2008,MYR,SC,ASO,ES,Combined TRACON& Tower with Radar,31,27,14,6,78,0,6,22,0,28,31,33,36,6,106,3,0,3,109
11/26/2008,MYR,SC,ASO,ES,Combined TRACON& Tower with Radar,37,25,12,4,78,0,66,39,11,116,37,91,51,15,194,8,22,30,224
11/27/2008,MYR,SC,ASO,ES,Combined TRACON& Tower with Radar,23,10,5,0,38,0,72,10,0,82,23,82,15,0,120,0,0,0,120
11/28/2008,MYR,SC,ASO,ES,Combined TRACON& Tower with Radar,28,16,5,0,49,0,88,22,0,110,28,104,27,0,159,4,0,4,163
11/29/2008,MYR,SC,ASO,ES,Combined TRACON& Tower with Radar,37,15,13,1,66,0,0,0,0,0,37,15,13,1,66,0,0,0,66
11/30/2008,MYR,SC,ASO,ES,Combined TRACON& Tower with Radar,36,22,17,0,75,0,12,4,0,16,36,34,21,0,91,3,0,3,94
12/01/2008,MYR,SC,ASO,ES,Combined TRACON& Tower with Radar,31,31,11,3,76,0,13,6,5,24,31,44,17,8,100,0,0,0,100
12/02/2008,MYR,SC,ASO,ES,Combined TRACON& Tower with Radar,27,20,23,10,80,0,12,13,0,25,27,32,36,10,105,0,44,44,149
12/03/2008,MYR,SC,ASO,ES,Combined TRACON& Tower with Radar,25,21,32,0,78,0,14,10,0,24,25,35,42,0,102,0,0,0,102
12/04/2008,MYR,SC,ASO,ES,Combined TRACON& Tower with Radar,30,23,19,4,76,0,9,14,3,26,30,32,33,7,102,0,0,0,102
12/05/2008,MYR,SC,ASO,ES,Combined TRACON& Tower with Radar,32,23,16,15,86,0,6,10,2,18,32,29,26,17,104,0,0,0,104
12/06/2008,MYR,SC,ASO,ES,Combined TRACON& Tower with Radar,36,21,13,6,76,0,31,7,2,40,36,52,20,8,116,0,0,0,116
12/07/2008,MYR,SC,ASO,ES,Combined TRACON& Tower with Radar,29,15,7,0,51,0,32,14,0,46,29,47,21,0,97,10,0,10,107
12/08/2008,MYR,SC,ASO,ES,Combined TRACON& Tower with Radar,32,18,19,2,71,0,12,18,8,38,32,30,37,10,109,10,0,10,119
12/09/2008,MYR,SC,ASO,ES,Combined TRACON& Tower with Radar,23,13,23,4,63,0,2,14,3,19,23,15,37,7,82,0,0,0,82
12/10/2008,MYR,SC,ASO,ES,Combined TRACON& Tower with Radar,21,17,18,0,56,0,0,0,0,0,21,17,18,0,56,0,0,0,56
12/11/2008,MYR,SC,ASO,ES,Combined TRACON& Tower with Radar,27,18,10,12,67,0,0,0,0,0,27,18,10,12,67,0,0,0,67
12/12/2008,MYR,SC,ASO,ES,Combined TRACON& Tower with Radar,24,27,18,7,76,0,6,14,6,26,24,33,32,13,102,0,12,12,114
12/13/2008,MYR,SC,ASO,ES,Combined TRACON& Tower with Radar,33,17,13,13,76,0,84,22,8,114,33,101,35,21,190,0,34,34,224
12/14/2008,MYR,SC,ASO,ES,Combined TRACON& Tower with Radar,25,15,20,0,60,0,30,12,0,42,25,45,32,0,102,4,0,4,106
12/15/2008,MYR,SC,ASO,ES,Combined TRACON& Tower with Radar,29,23,23,6,81,0,15,16,2,33,29,38,39,8,114,0,0,0,114
12/16/2008,MYR,SC,ASO,ES,Combined TRACON& Tower with Radar,25,16,17,0,58,0,8,1,0,9,25,24,18,0,67,6,0,6,73
12/17/2008,MYR,SC,ASO,ES,Combined TRACON& Tower with Radar,23,22,26,2,73,0,0,1,0,1,23,22,27,2,74,0,0,0,74
12/18/2008,MYR,SC,ASO,ES,Combined TRACON& Tower with Radar,26,21,28,16,91,0,28,10,1,39,26,49,38,17,130,6,0,6,136
12/19/2008,MYR,SC,ASO,ES,Combined TRACON& Tower with Radar,25,23,15,30,93,0,31,14,3,48,25,54,29,33,141,2,6,8,149
12/20/2008,MYR,SC,ASO,ES,Combined TRACON& Tower with Radar,27,28,7,18,80,0,52,13,2,67,27,80,20,20,147,16,4,20,167
12/21/2008,MYR,SC,ASO,ES,Combined TRACON& Tower with Radar,31,10,6,0,47,0,15,4,0,19,31,25,10,0,66,0,0,0,66
12/22/2008,MYR,SC,ASO,ES,Combined TRACON& Tower with Radar,27,16,8,4,55,0,12,27,4,43,27,28,35,8,98,8,0,8,106
12/23/2008,MYR,SC,ASO,ES,Combined TRACON& Tower with Radar,26,24,14,2,66,0,19,15,0,34,26,43,29,2,100,14,0,14,114
12/24/2008,MYR,SC,ASO,ES,Combined TRACON& Tower with Radar,23,22,7,0,52,0,38,3,0,41,23,60,10,0,93,0,0,0,93
12/25/2008,MYR,SC,ASO,ES,Combined TRACON& Tower with Radar,25,4,6,0,35,0,72,5,0,77,25,76,11,0,112,0,0,0,112
12/26/2008,MYR,SC,ASO,ES,Combined TRACON& Tower with Radar,31,18,16,0,65,0,70,1,4,75,31,88,17,4,140,0,0,0,140
12/27/2008,MYR,SC,ASO,ES,Combined TRACON& Tower with Radar,30,19,14,0,63,0,0,0,0,0,30,19,14,0,63,0,0,0,63
12/28/2008,MYR,SC,ASO,ES,Combined TRACON& Tower with Radar,32,15,6,0,53,0,130,22,0,152,32,145,28,0,205,8,0,8,213
12/29/2008,MYR,SC,ASO,ES,Combined TRACON& Tower with Radar,30,16,18,0,64,0,3,4,0,7,30,19,22,0,71,0,0,0,71
12/30/2008,MYR,SC,ASO,ES,Combined TRACON& Tower with Radar,29,19,15,2,65,0,57,28,4,89,29,76,43,6,154,8,0,8,162
12/31/2008,MYR,SC,ASO,ES,Combined TRACON& Tower with Radar,26,16,12,0,54,0,89,22,0,111,26,105,34,0,165,0,0,0,165
01/01/2009,MYR,SC,ASO,ES,Combined TRACON& Tower with Radar,27,4,4,0,35,0,16,8,0,24,27,20,12,0,59,0,0,0,59
01/02/2009,MYR,SC,ASO,ES,Combined TRACON& Tower with Radar,28,21,10,5,64,0,117,8,0,125,28,138,18,5,189,0,20,20,209
01/03/2009,MYR,SC,ASO,ES,Combined TRACON& Tower with Radar,30,14,22,4,70,0,95,9,0,104,30,109,31,4,174,2,0,2,176
01/04/2009,MYR,SC,ASO,ES,Combined TRACON& Tower with Radar,33,11,7,0,51,0,0,0,0,0,33,11,7,0,51,0,0,0,51
01/05/2009,MYR,SC,ASO,ES,Combined TRACON& Tower with Radar,27,20,25,4,76,0,7,5,2,14,27,27,30,6,90,0,0,0,90
01/06/2009,MYR,SC,ASO,ES,Combined TRACON& Tower with Radar,23,23,10,8,64,0,17,7,4,28,23,40,17,12,92,0,6,6,98
01/07/2009,MYR,SC,ASO,ES,Combined TRACON& Tower with Radar,17,29,21,0,67,0,0,4,4,8,17,29,25,4,75,0,0,0,75
01/08/2009,MYR,SC,ASO,ES,Combined TRACON& Tower with Radar,17,23,11,3,54,0,19,10,9,38,17,42,21,12,92,0,0,0,92
01/09/2009,MYR,SC,ASO,ES,Combined TRACON& Tower with Radar,27,25,13,11,76,0,20,16,0,36,27,45,29,11,112,18,18,36,148
01/10/2009,MYR,SC,ASO,ES,Combined TRACON& Tower with Radar,23,16,12,35,86,0,74,17,7,98,23,90,29,42,184,0,70,70,254
01/11/2009,MYR,SC,ASO,ES,Combined TRACON& Tower with Radar,17,20,10,1,48,0,20,1,0,21,17,40,11,1,69,0,0,0,69
01/12/2009,MYR,SC,ASO,ES,Combined TRACON& Tower with Radar,23,18,7,10,58,0,20,17,2,39,23,38,24,12,97,0,6,6,103
01/13/2009,MYR,SC,ASO,ES,Combined TRACON& Tower with Radar,20,24,10,0,54,0,0,1,0,1,20,24,11,0,55,0,0,0,55
01/14/2009,MYR,SC,ASO,ES,Combined TRACON& Tower with Radar,21,25,25,4,75,0,22,8,2,32,21,47,33,6,107,0,0,0,107
01/15/2009,MYR,SC,ASO,ES,Combined TRACON& Tower with Radar,19,21,12,23,75,0,4,11,0,15,19,25,23,23,90,6,20,26,116
01/16/2009,MYR,SC,ASO,ES,Combined TRACON& Tower with Radar,25,23,13,8,69,0,28,16,2,46,25,51,29,10,115,12,0,12,127
01/17/2009,MYR,SC,ASO,ES,Combined TRACON& Tower with Radar,21,14,9,0,44,0,82,27,0,109,21,96,36,0,153,14,0,14,167
01/18/2009,MYR,SC,ASO,ES,Combined TRACON& Tower with Radar,19,12,10,2,43,0,13,4,0,17,19,25,14,2,60,0,0,0,60
01/19/2009,MYR,SC,ASO,ES,Combined TRACON& Tower with Radar,23,19,12,0,54,0,35,5,0,40,23,54,17,0,94,0,0,0,94
01/20/2009,MYR,SC,ASO,ES,Combined TRACON& Tower with Radar,22,23,7,0,52,0,0,1,0,1,22,23,8,0,53,0,0,0,53
01/21/2009,MYR,SC,ASO,ES,Combined TRACON& Tower with Radar,19,23,26,6,74,0,2,15,0,17,19,25,41,6,91,0,0,0,91
01/22/2009,MYR,SC,ASO,ES,Combined TRACON& Tower with Radar,18,21,13,6,58,0,1,35,2,38,18,22,48,8,96,0,2,2,98
01/23/2009,MYR,SC,ASO,ES,Combined TRACON& Tower with Radar,25,27,17,2,71,0,6,11,0,17,25,33,28,2,88,12,0,12,100
01/24/2009,MYR,SC,ASO,ES,Combined TRACON& Tower with Radar,25,14,29,0,68,0,0,6,2,8,25,14,35,2,76,0,0,0,76
01/25/2009,MYR,SC,ASO,ES,Combined TRACON& Tower with Radar,21,14,13,0,48,0,35,6,2,43,21,49,19,2,91,0,0,0,91
01/26/2009,MYR,SC,ASO,ES,Combined TRACON& Tower with Radar,25,24,13,21,83,0,4,6,0,10,25,28,19,21,93,16,4,20,113
01/27/2009,MYR,SC,ASO,ES,Combined TRACON& Tower with Radar,20,23,19,0,62,0,0,1,0,1,20,23,20,0,63,0,0,0,63
01/28/2009,MYR,SC,ASO,ES,Combined TRACON& Tower with Radar,20,24,11,8,63,0,14,1,0,15,20,38,12,8,78,0,0,0,78
01/29/2009,MYR,SC,ASO,ES,Combined TRACON& Tower with Radar,21,22,10,0,53,0,0,2,2,4,21,22,12,2,57,0,0,0,57
01/30/2009,MYR,SC,ASO,ES,Combined TRACON& Tower with Radar,24,23,15,6,68,0,13,19,6,38,24,36,34,12,106,0,22,22,128
01/31/2009,MYR,SC,ASO,ES,Combined TRACON& Tower with Radar,23,14,14,7,58,0,76,17,8,101,23,90,31,15,159,0,16,16,175
02/01/2009,MYR,SC,ASO,ES,Combined TRACON& Tower with Radar,20,14,3,1,38,0,37,17,0,54,20,51,20,1,92,2,0,2,94
02/02/2009,MYR,SC,ASO,ES,Combined TRACON& Tower with Radar,23,17,12,3,55,0,23,14,5,42,23,40,26,8,97,0,0,0,97
02/03/2009,MYR,SC,ASO,ES,Combined TRACON& Tower with Radar,18,24,8,4,54,0,12,6,0,18,18,36,14,4,72,0,4,4,76
02/04/2009,MYR,SC,ASO,ES,Combined TRACON& Tower with Radar,21,26,14,2,63,0,0,3,2,5,21,26,17,4,68,0,20,20,88
02/05/2009,MYR,SC,ASO,ES,Combined TRACON& Tower with Radar,20,24,18,10,72,0,10,14,0,24,20,34,32,10,96,0,12,12,108
02/06/2009,MYR,SC,ASO,ES,Combined TRACON& Tower with Radar,23,23,14,0,60,0,26,21,2,49,23,49,35,2,109,0,0,0,109
02/07/2009,MYR,SC,ASO,ES,Combined TRACON& Tower with Radar,23,19,14,17,73,0,107,29,5,141,23,126,43,22,214,0,12,12,226
02/08/2009,MYR,SC,ASO,ES,Combined TRACON& Tower with Radar,19,16,9,4,48,0,62,30,0,92,19,78,39,4,140,8,0,8,148
02/09/2009,MYR,SC,ASO,ES,Combined TRACON& Tower with Radar,25,21,12,0,58,0,28,7,0,35,25,49,19,0,93,0,0,0,93
02/10/2009,MYR,SC,ASO,ES,Combined TRACON& Tower with Radar,21,23,16,6,66,0,2,13,2,17,21,25,29,8,83,0,0,0,83
02/11/2009,MYR,SC,ASO,ES,Combined TRACON& Tower with Radar,23,24,14,7,68,0,10,2,0,12,23,34,16,7,80,0,0,0,80
02/12/2009,MYR,SC,ASO,ES,Combined TRACON& Tower with Radar,22,28,14,10,74,0,13,8,4,25,22,41,22,14,99,0,8,8,107
02/13/2009,MYR,SC,ASO,ES,Combined TRACON& Tower with Radar,29,27,28,21,105,0,45,22,3,70,29,72,50,24,175,0,0,0,175
02/14/2009,MYR,SC,ASO,ES,Combined TRACON& Tower with Radar,32,26,21,30,109,0,110,8,0,118,32,136,29,30,227,0,20,20,247
02/15/2009,MYR,SC,ASO,ES,Combined TRACON& Tower with Radar,25,16,11,0,52,0,182,14,2,198,25,198,25,2,250,0,0,0,250
02/16/2009,MYR,SC,ASO,ES,Combined TRACON& Tower with Radar,31,16,6,8,61,0,94,17,2,113,31,110,23,10,174,0,0,0,174
02/17/2009,MYR,SC,ASO,ES,Combined TRACON& Tower with Radar,27,19,25,10,81,0,70,17,1,88,27,89,42,11,169,0,6,6,175
02/18/2009,MYR,SC,ASO,ES,Combined TRACON& Tower with Radar,31,24,18,4,77,0,0,1,0,1,31,24,19,4,78,0,0,0,78
02/19/2009,MYR,SC,ASO,ES,Combined TRACON& Tower with Radar,28,25,15,6,74,0,38,13,1,52,28,63,28,7,126,0,0,0,126
02/20/2009,MYR,SC,ASO,ES,Combined TRACON& Tower with Radar,31,24,14,24,93,0,67,30,0,97,31,91,44,24,190,0,0,0,190
02/21/2009,MYR,SC,ASO,ES,Combined TRACON& Tower with Radar,33,19,8,2,62,0,141,27,2,170,33,160,35,4,232,0,0,0,232
02/22/2009,MYR,SC,ASO,ES,Combined TRACON& Tower with Radar,25,18,9,0,52,0,46,8,0,54,25,64,17,0,106,0,0,0,106
02/23/2009,MYR,SC,ASO,ES,Combined TRACON& Tower with Radar,32,18,9,0,59,0,32,17,6,55,32,50,26,6,114,26,0,26,140
02/24/2009,MYR,SC,ASO,ES,Combined TRACON& Tower with Radar,27,21,5,4,57,0,18,9,5,32,27,39,14,9,89,0,8,8,97
02/25/2009,MYR,SC,ASO,ES,Combined TRACON& Tower with Radar,31,21,20,4,76,0,23,22,8,53,31,44,42,12,129,0,0,0,129
02/26/2009,MYR,SC,ASO,ES,Combined TRACON& Tower with Radar,27,25,24,9,85,0,33,15,4,52,27,58,39,13,137,0,18,18,155
02/27/2009,MYR,SC,ASO,ES,Combined TRACON& Tower with Radar,30,20,24,5,79,0,35,7,2,44,30,55,31,7,123,22,32,54,177
02/28/2009,MYR,SC,ASO,ES,Combined TRACON& Tower with Radar,33,17,8,0,58,0,11,2,0,13,33,28,10,0,71,0,0,0,71
03/01/2009,MYR,SC,ASO,ES,Combined TRACON& Tower with Radar,29,9,3,1,42,0,0,1,0,1,29,9,4,1,43,0,0,0,43
03/02/2009,MYR,SC,ASO,ES,Combined TRACON& Tower with Radar,42,17,7,0,66,0,11,4,0,15,42,28,11,0,81,0,0,0,81
03/03/2009,MYR,SC,ASO,ES,Combined TRACON& Tower with Radar,39,18,12,21,90,0,46,13,1,60,39,64,25,22,150,0,4,4,154
03/04/2009,MYR,SC,ASO,ES,Combined TRACON& Tower with Radar,44,23,12,13,92,0,46,20,0,66,44,69,32,13,158,2,0,2,160
03/05/2009,MYR,SC,ASO,ES,Combined TRACON& Tower with Radar,35,43,24,12,114,0,44,22,0,66,35,87,46,12,180,14,0,14,194
03/06/2009,MYR,SC,ASO,ES,Combined TRACON& Tower with Radar,43,21,19,37,120,0,38,16,4,58,43,59,35,41,178,0,8,8,186
03/07/2009,MYR,SC,ASO,ES,Combined TRACON& Tower with Radar,42,20,16,23,101,0,139,29,10,178,42,159,45,33,279,4,4,8,287
03/08/2009,MYR,SC,ASO,ES,Combined TRACON& Tower with Radar,43,13,23,20,99,0,114,34,6,154,43,127,57,26,253,12,0,12,265
03/09/2009,MYR,SC,ASO,ES,Combined TRACON& Tower with Radar,47,22,12,13,94,0,40,27,0,67,47,62,39,13,161,2,8,10,171
03/10/2009,MYR,SC,ASO,ES,Combined TRACON& Tower with Radar,41,21,11,23,96,0,64,21,2,87,41,85,32,25,183,2,0,2,185
03/11/2009,MYR,SC,ASO,ES,Combined TRACON& Tower with Radar,36,25,26,4,91,0,50,19,0,69,36,75,45,4,160,0,0,0,160
03/12/2009,MYR,SC,ASO,ES,Combined TRACON& Tower with Radar,51,19,14,14,98,0,64,12,2,78,51,83,26,16,176,2,0,2,178
03/13/2009,MYR,SC,ASO,ES,Combined TRACON& Tower with Radar,48,19,4,7,78,0,28,6,4,38,48,47,10,11,116,0,8,8,124
03/14/2009,MYR,SC,ASO,ES,Combined TRACON& Tower with Radar,53,16,8,0,77,0,3,0,0,3,53,19,8,0,80,0,0,0,80
03/15/2009,MYR,SC,ASO,ES,Combined TRACON& Tower with Radar,53,14,10,2,79,0,0,0,0,0,53,14,10,2,79,0,0,0,79
03/16/2009,MYR,SC,ASO,ES,Combined TRACON& Tower with Radar,45,18,13,0,76,0,0,0,0,0,45,18,13,0,76,0,0,0,76
03/17/2009,MYR,SC,ASO,ES,Combined TRACON& Tower with Radar,39,16,20,2,77,0,28,3,0,31,39,44,23,2,108,0,0,0,108
03/18/2009,MYR,SC,ASO,ES,Combined TRACON& Tower with Radar,46,25,16,5,92,0,85,26,5,116,46,110,42,10,208,11,0,11,219
03/19/2009,MYR,SC,ASO,ES,Combined TRACON& Tower with Radar,50,19,22,10,101,0,134,24,3,161,50,153,46,13,262,4,0,4,266
03/20/2009,MYR,SC,ASO,ES,Combined TRACON& Tower with Radar,48,21,17,35,121,0,154,19,5,178,48,175,36,40,299,6,18,24,323
03/21/2009,MYR,SC,ASO,ES,Combined TRACON& Tower with Radar,56,18,8,25,107,0,277,17,9,303,56,295,25,34,410,0,32,32,442
03/22/2009,MYR,SC,ASO,ES,Combined TRACON& Tower with Radar,50,17,20,4,91,0,233,29,0,262,50,250,49,4,353,2,0,2,355
03/23/2009,MYR,SC,ASO,ES,Combined TRACON& Tower with Radar,51,18,17,1,87,0,74,19,3,96,51,92,36,4,183,0,2,2,185
03/24/2009,MYR,SC,ASO,ES,Combined TRACON& Tower with Radar,41,21,18,3,83,0,79,20,3,102,41,100,38,6,185,2,0,2,187
03/25/2009,MYR,SC,ASO,ES,Combined TRACON& Tower with Radar,41,22,16,4,83,0,24,1,2,27,41,46,17,6,110,6,0,6,116
03/26/2009,MYR,SC,ASO,ES,Combined TRACON& Tower with Radar,46,25,28,8,107,0,30,0,0,30,46,55,28,8,137,0,0,0,137
03/27/2009,MYR,SC,ASO,ES,Combined TRACON& Tower with Radar,48,21,17,35,121,0,102,19,5,126,48,123,36,40,247,0,0,0,247
03/28/2009,MYR,SC,ASO,ES,Combined TRACON& Tower with Radar,56,18,8,25,107,0,101,17,9,127,56,119,25,34,234,0,0,0,234
03/29/2009,MYR,SC,ASO,ES,Combined TRACON& Tower with Radar,51,13,21,6,91,0,103,29,0,132,51,116,50,6,223,0,0,0,223
03/30/2009,MYR,SC,ASO,ES,Combined TRACON& Tower with Radar,61,17,14,0,92,0,101,16,0,117,61,118,30,0,209,0,8,8,217
03/31/2009,MYR,SC,ASO,ES,Combined TRACON& Tower with Radar,39,22,24,15,100,0,49,19,0,68,39,71,43,15,168,2,0,2,170
04/01/2009,MYR,SC,ASO,ES,Combined TRACON& Tower with Radar,42,19,19,10,90,0,1,1,0,2,42,20,20,10,92,0,0,0,92
04/02/2009,MYR,SC,ASO,ES,Combined TRACON& Tower with Radar,50,22,10,0,82,0,0,0,0,0,50,22,10,0,82,0,0,0,82
04/03/2009,MYR,SC,ASO,ES,Combined TRACON& Tower with Radar,50,21,5,10,86,0,13,12,2,27,50,34,17,12,113,0,0,0,113
04/04/2009,MYR,SC,ASO,ES,Combined TRACON& Tower with Radar,57,23,27,12,119,0,165,28,3,196,57,188,55,15,315,4,12,16,331
04/05/2009,MYR,SC,ASO,ES,Combined TRACON& Tower with Radar,63,16,15,0,94,0,149,13,0,162,63,165,28,0,256,0,0,0,256
04/06/2009,MYR,SC,ASO,ES,Combined TRACON& Tower with Radar,54,17,14,6,91,0,53,1,2,56,54,70,15,8,147,0,0,0,147
04/07/2009,MYR,SC,ASO,ES,Combined TRACON& Tower with Radar,43,19,18,22,102,0,106,14,4,124,43,125,32,26,226,0,54,54,280
04/08/2009,MYR,SC,ASO,ES,Combined TRACON& Tower with Radar,47,16,28,11,102,0,183,21,6,210,47,199,49,17,312,24,0,24,336
04/09/2009,MYR,SC,ASO,ES,Combined TRACON& Tower with Radar,55,24,35,11,125,0,179,22,8,209,55,203,57,19,334,28,14,42,376
04/10/2009,MYR,SC,ASO,ES,Combined TRACON& Tower with Radar,55,21,16,6,98,0,197,20,2,219,55,218,36,8,317,0,0,0,317
04/11/2009,MYR,SC,ASO,ES,Combined TRACON& Tower with Radar,65,21,25,4,115,0,352,7,0,359,65,373,32,4,474,0,0,0,474
04/12/2009,MYR,SC,ASO,ES,Combined TRACON& Tower with Radar,63,17,20,0,100,0,333,26,0,359,63,350,46,0,459,8,0,8,467
04/13/2009,MYR,SC,ASO,ES,Combined TRACON& Tower with Radar,52,18,24,8,102,0,61,5,0,66,52,79,29,8,168,6,0,6,174
04/14/2009,MYR,SC,ASO,ES,Combined TRACON& Tower with Radar,41,18,9,4,72,0,140,7,0,147,41,158,16,4,219,0,0,0,219
04/15/2009,MYR,SC,ASO,ES,Combined TRACON& Tower with Radar,46,16,35,15,112,0,166,7,7,180,46,182,42,22,292,0,0,0,292
04/16/2009,MYR,SC,ASO,ES,Combined TRACON& Tower with Radar,56,24,21,6,107,0,385,31,59,475,56,409,52,65,582,0,0,0,582
04/17/2009,MYR,SC,ASO,ES,Combined TRACON& Tower with Radar,59,23,30,8,120,0,335,42,58,435,59,358,72,66,555,14,0,14,569
04/18/2009,MYR,SC,ASO,ES,Combined TRACON& Tower with Radar,66,21,27,16,130,0,253,63,6,322,66,274,90,22,452,14,16,30,482
04/19/2009,MYR,SC,ASO,ES,Combined TRACON& Tower with Radar,63,18,22,4,107,0,205,24,1,230,63,223,46,5,337,0,0,0,337
04/20/2009,MYR,SC,ASO,ES,Combined TRACON& Tower with Radar,51,19,10,17,97,0,48,6,0,54,51,67,16,17,151,0,8,8,159
04/21/2009,MYR,SC,ASO,ES,Combined TRACON& Tower with Radar,43,19,10,18,90,0,110,11,21,142,43,129,21,39,232,0,18,18,250
04/22/2009,MYR,SC,ASO,ES,Combined TRACON& Tower with Radar,46,18,22,17,103,0,130,10,6,146,46,148,32,23,249,6,0,6,255
04/23/2009,MYR,SC,ASO,ES,Combined TRACON& Tower with Radar,55,25,29,2,111,0,114,38,37,189,55,139,67,39,300,0,18,18,318
04/24/2009,MYR,SC,ASO,ES,Combined TRACON& Tower with Radar,59,19,20,13,111,0,197,36,35,268,59,216,56,48,379,17,0,17,396
04/25/2009,MYR,SC,ASO,ES,Combined TRACON& Tower with Radar,60,19,18,7,104,0,220,28,13,261,60,239,46,20,365,40,8,48,413
04/26/2009,MYR,SC,ASO,ES,Combined TRACON& Tower with Radar,67,20,23,0,110,0,179,25,10,214,67,199,48,10,324,0,0,0,324
04/27/2009,MYR,SC,ASO,ES,Combined TRACON& Tower with Radar,52,23,21,9,105,0,74,18,4,96,52,97,39,13,201,2,22,24,225
04/28/2009,MYR,SC,ASO,ES,Combined TRACON& Tower with Radar,43,19,10,11,83,0,105,29,4,138,43,124,39,15,221,14,16,30,251
04/29/2009,MYR,SC,ASO,ES,Combined TRACON& Tower with Radar,47,19,24,6,96,0,104,34,4,142,47,123,58,10,238,30,20,50,288
04/30/2009,MYR,SC,ASO,ES,Combined TRACON& Tower with Radar,63,26,34,1,124,0,51,17,7,75,63,77,51,8,199,0,0,0,199
05/01/2009,MYR,SC,ASO,ES,Combined TRACON& Tower with Radar,44,22,19,3,88,0,69,23,16,108,44,91,42,19,196,48,4,52,248
05/02/2009,MYR,SC,ASO,ES,Combined TRACON& Tower with Radar,57,20,15,12,104,0,143,20,3,166,57,163,35,15,270,2,18,20,290
05/03/2009,MYR,SC,ASO,ES,Combined TRACON& Tower with Radar,62,18,12,7,99,0,162,20,5,187,62,180,32,12,286,6,0,6,292
05/04/2009,MYR,SC,ASO,ES,Combined TRACON& Tower with Radar,42,19,9,20,90,0,104,9,0,113,42,123,18,20,203,0,12,12,215
05/05/2009,MYR,SC,ASO,ES,Combined TRACON& Tower with Radar,37,19,11,0,67,0,120,7,0,127,37,139,18,0,194,0,0,0,194
05/06/2009,MYR,SC,ASO,ES,Combined TRACON& Tower with Radar,42,19,17,34,112,0,162,20,2,184,42,181,37,36,296,12,10,22,318
05/07/2009,MYR,SC,ASO,ES,Combined TRACON& Tower with Radar,53,24,20,0,97,0,112,10,2,124,53,136,30,2,221,18,0,18,239
05/08/2009,MYR,SC,ASO,ES,Combined TRACON& Tower with Radar,41,23,22,16,102,0,170,16,13,199,41,193,38,29,301,0,10,10,311
05/09/2009,MYR,SC,ASO,ES,Combined TRACON& Tower with Radar,55,21,9,18,103,0,251,24,3,278,55,272,33,21,381,8,0,8,389
05/10/2009,MYR,SC,ASO,ES,Combined TRACON& Tower with Radar,65,17,13,7,102,0,257,23,3,283,65,274,36,10,385,0,0,0,385
05/11/2009,MYR,SC,ASO,ES,Combined TRACON& Tower with Radar,39,21,9,4,73,0,71,6,0,77,39,92,15,4,150,16,2,18,168
05/12/2009,MYR,SC,ASO,ES,Combined TRACON& Tower with Radar,39,26,20,21,106,0,187,38,0,225,39,213,58,21,331,12,26,38,369
05/13/2009,MYR,SC,ASO,ES,Combined TRACON& Tower with Radar,40,26,23,6,95,0,165,26,6,197,40,191,49,12,292,6,0,6,298
05/14/2009,MYR,SC,ASO,ES,Combined TRACON& Tower with Radar,54,21,11,3,89,0,79,13,21,113,54,100,24,24,202,0,0,0,202
05/15/2009,MYR,SC,ASO,ES,Combined TRACON& Tower with Radar,41,22,20,20,103,0,174,6,7,187,41,196,26,27,290,20,8,28,318
05/16/2009,MYR,SC,ASO,ES,Combined TRACON& Tower with Radar,49,31,11,5,96,0,413,18,12,443,49,444,29,17,539,0,0,0,539
05/17/2009,MYR,SC,ASO,ES,Combined TRACON& Tower with Radar,65,16,11,9,101,0,200,12,0,212,65,216,23,9,313,0,0,0,313
05/18/2009,MYR,SC,ASO,ES,Combined TRACON& Tower with Radar,41,22,15,6,84,0,23,3,4,30,41,45,18,10,114,0,0,0,114
05/19/2009,MYR,SC,ASO,ES,Combined TRACON& Tower with Radar,39,21,15,11,86,0,94,4,5,103,39,115,19,16,189,0,0,0,189
05/20/2009,MYR,SC,ASO,ES,Combined TRACON& Tower with Radar,41,19,25,10,95,0,132,19,2,153,41,151,44,12,248,6,8,14,262
05/21/2009,MYR,SC,ASO,ES,Combined TRACON& Tower with Radar,55,30,24,17,126,0,108,22,2,132,55,138,46,19,258,2,10,12,270
05/22/2009,MYR,SC,ASO,ES,Combined TRACON& Tower with Radar,48,33,29,2,112,0,188,25,2,215,48,221,54,4,327,0,0,0,327
05/23/2009,MYR,SC,ASO,ES,Combined TRACON& Tower with Radar,52,97,13,9,171,0,286,30,5,321,52,383,43,14,492,0,0,0,492
05/24/2009,MYR,SC,ASO,ES,Combined TRACON& Tower with Radar,65,82,3,1,151,0,398,18,28,444,65,480,21,29,595,4,0,4,599
05/25/2009,MYR,SC,ASO,ES,Combined TRACON& Tower with Radar,52,54,25,0,131,0,285,17,0,302,52,339,42,0,433,18,4,22,455
05/26/2009,MYR,SC,ASO,ES,Combined TRACON& Tower with Radar,39,20,23,0,82,0,127,6,0,133,39,147,29,0,215,10,0,10,225
05/27/2009,MYR,SC,ASO,ES,Combined TRACON& Tower with Radar,43,17,21,9,90,0,186,13,0,199,43,203,34,9,289,51,24,75,364
05/28/2009,MYR,SC,ASO,ES,Combined TRACON& Tower with Radar,55,24,15,3,97,0,140,10,2,152,55,164,25,5,249,10,0,10,259
05/29/2009,MYR,SC,ASO,ES,Combined TRACON& Tower with Radar,42,26,20,28,116,0,132,11,2,145,42,158,31,30,261,4,6,10,271
05/30/2009,MYR,SC,ASO,ES,Combined TRACON& Tower with Radar,53,83,30,17,183,0,254,33,7,294,53,337,63,24,477,50,16,66,543
05/31/2009,MYR,SC,ASO,ES,Combined TRACON& Tower with Radar,63,86,23,24,196,0,187,31,1,219,63,273,54,25,415,8,24,32,447
06/01/2009,MYR,SC,ASO,ES,Combined TRACON& Tower with Radar,47,54,7,3,111,0,76,22,4,102,47,130,29,7,213,0,0,0,213
06/02/2009,MYR,SC,ASO,ES,Combined TRACON& Tower with Radar,38,37,13,7,95,0,206,37,0,243,38,243,50,7,338,30,8,38,376
06/03/2009,MYR,SC,ASO,ES,Combined TRACON& Tower with Radar,45,94,16,9,164,0,252,25,6,283,45,346,41,15,447,0,0,0,447
06/04/2009,MYR,SC,ASO,ES,Combined TRACON& Tower with Radar,55,48,16,0,119,0,125,7,0,132,55,173,23,0,251,0,0,0,251
06/05/2009,MYR,SC,ASO,ES,Combined TRACON& Tower with Radar,45,67,28,4,144,0,96,4,4,104,45,163,32,8,248,0,0,0,248
06/06/2009,MYR,SC,ASO,ES,Combined TRACON& Tower with Radar,61,48,27,0,136,0,98,2,1,101,61,146,29,1,237,0,0,0,237
06/07/2009,MYR,SC,ASO,ES,Combined TRACON& Tower with Radar,67,91,33,2,193,0,196,9,0,205,67,287,42,2,398,0,0,0,398
06/08/2009,MYR,SC,ASO,ES,Combined TRACON& Tower with Radar,46,96,18,12,172,0,152,11,5,168,46,248,29,17,340,12,0,12,352
06/09/2009,MYR,SC,ASO,ES,Combined TRACON& Tower with Radar,38,102,15,4,159,0,274,22,2,298,38,376,37,6,457,26,0,26,483
06/10/2009,MYR,SC,ASO,ES,Combined TRACON& Tower with Radar,48,107,37,2,194,0,302,19,2,323,48,409,56,4,517,30,16,46,563
06/11/2009,MYR,SC,ASO,ES,Combined TRACON& Tower with Radar,54,73,16,7,150,0,280,25,5,310,54,353,41,12,460,26,24,50,510
06/12/2009,MYR,SC,ASO,ES,Combined TRACON& Tower with Radar,49,127,20,7,203,0,224,11,2,237,49,351,31,9,440,0,0,0,440
06/13/2009,MYR,SC,ASO,ES,Combined TRACON& Tower with Radar,66,85,25,2,178,0,218,25,0,243,66,303,50,2,421,2,0,2,423
06/14/2009,MYR,SC,ASO,ES,Combined TRACON& Tower with Radar,67,78,17,1,163,0,193,21,2,216,67,271,38,3,379,18,0,18,397
06/15/2009,MYR,SC,ASO,ES,Combined TRACON& Tower with Radar,46,104,15,20,185,0,224,10,0,234,46,328,25,20,419,0,18,18,437
06/16/2009,MYR,SC,ASO,ES,Combined TRACON& Tower with Radar,42,94,25,5,166,0,242,8,1,251,42,336,33,6,417,20,0,20,437
06/17/2009,MYR,SC,ASO,ES,Combined TRACON& Tower with Radar,51,97,34,2,184,0,256,35,0,291,51,353,69,2,475,44,4,48,523
06/18/2009,MYR,SC,ASO,ES,Combined TRACON& Tower with Radar,56,110,13,38,217,0,371,22,16,409,56,481,35,54,626,10,22,32,658
06/19/2009,MYR,SC,ASO,ES,Combined TRACON& Tower with Radar,48,124,22,30,224,0,380,38,1,419,48,504,60,31,643,0,0,0,643
06/20/2009,MYR,SC,ASO,ES,Combined TRACON& Tower with Radar,68,106,35,18,227,0,375,30,0,405,68,481,65,18,632,0,24,24,656
06/21/2009,MYR,SC,ASO,ES,Combined TRACON& Tower with Radar,63,32,28,1,124,0,360,25,0,385,63,392,53,1,509,16,0,16,525
06/22/2009,MYR,SC,ASO,ES,Combined TRACON& Tower with Radar,46,23,9,9,87,0,379,21,1,401,46,402,30,10,488,8,34,42,530
06/23/2009,MYR,SC,ASO,ES,Combined TRACON& Tower with Radar,41,20,17,16,94,0,546,27,2,575,41,566,44,18,669,14,0,14,683
06/24/2009,MYR,SC,ASO,ES,Combined TRACON& Tower with Radar,49,28,25,4,106,0,516,20,0,536,49,544,45,4,642,0,0,0,642
06/25/2009,MYR,SC,ASO,ES,Combined TRACON& Tower with Radar,56,28,22,14,120,0,508,14,1,523,56,536,36,15,643,0,22,22,665
06/26/2009,MYR,SC,ASO,ES,Combined TRACON& Tower with Radar,45,27,21,5,98,0,388,9,0,397,45,415,30,5,495,0,6,6,501
06/27/2009,MYR,SC,ASO,ES,Combined TRACON& Tower with Radar,64,107,28,14,213,0,341,25,4,370,64,448,53,18,583,0,12,12,595
06/28/2009,MYR,SC,ASO,ES,Combined TRACON& Tower with Radar,68,100,13,1,182,0,274,25,0,299,68,374,38,1,481,0,0,0,481
06/29/2009,MYR,SC,ASO,ES,Combined TRACON& Tower with Radar,48,107,10,21,186,0,241,18,2,261,48,348,28,23,447,0,26,26,473
06/30/2009,MYR,SC,ASO,ES,Combined TRACON& Tower with Radar,38,25,24,0,87,0,307,18,4,329,38,332,42,4,416,0,0,0,416
07/01/2009,MYR,SC,ASO,ES,Combined TRACON& Tower with Radar,46,30,19,7,102,0,370,17,2,389,46,400,36,9,491,0,4,4,495
07/02/2009,MYR,SC,ASO,ES,Combined TRACON& Tower with Radar,54,25,22,0,101,0,312,22,4,338,54,337,44,4,439,16,0,16,455
07/03/2009,MYR,SC,ASO,ES,Combined TRACON& Tower with Radar,47,23,13,0,83,0,420,18,0,438,47,443,31,0,521,18,0,18,539
07/04/2009,MYR,SC,ASO,ES,Combined TRACON& Tower with Radar,65,17,16,0,98,0,468,36,0,504,65,485,52,0,602,0,0,0,602
07/05/2009,MYR,SC,ASO,ES,Combined TRACON& Tower with Radar,64,21,16,0,101,0,418,8,0,426,64,439,24,0,527,0,0,0,527
07/06/2009,MYR,SC,ASO,ES,Combined TRACON& Tower with Radar,45,25,12,0,82,0,310,8,0,318,45,335,20,0,400,8,0,8,408
07/07/2009,MYR,SC,ASO,ES,Combined TRACON& Tower with Radar,41,20,8,15,84,0,292,3,2,297,41,312,11,17,381,2,0,2,383
07/08/2009,MYR,SC,ASO,ES,Combined TRACON& Tower with Radar,46,22,17,4,89,0,382,3,5,390,46,404,20,9,479,20,4,24,503
07/09/2009,MYR,SC,ASO,ES,Combined TRACON& Tower with Radar,54,28,11,4,97,0,288,5,1,294,54,316,16,5,391,30,0,30,421
07/10/2009,MYR,SC,ASO,ES,Combined TRACON& Tower with Radar,48,24,17,0,89,0,316,18,0,334,48,340,35,0,423,12,0,12,435
07/11/2009,MYR,SC,ASO,ES,Combined TRACON& Tower with Radar,63,23,21,6,113,0,410,35,0,445,63,433,56,6,558,4,0,4,562
07/12/2009,MYR,SC,ASO,ES,Combined TRACON& Tower with Radar,64,17,27,7,115,0,268,16,0,284,64,285,43,7,399,0,0,0,399
07/13/2009,MYR,SC,ASO,ES,Combined TRACON& Tower with Radar,46,27,12,0,85,0,216,9,0,225,46,243,21,0,310,40,0,40,350
07/14/2009,MYR,SC,ASO,ES,Combined TRACON& Tower with Radar,40,19,24,2,85,0,318,22,4,344,40,337,46,6,429,22,10,32,461
07/15/2009,MYR,SC,ASO,ES,Combined TRACON& Tower with Radar,45,18,16,0,79,0,324,28,0,352,45,342,44,0,431,4,0,4,435
07/16/2009,MYR,SC,ASO,ES,Combined TRACON& Tower with Radar,52,24,23,10,109,0,295,12,0,307,52,319,35,10,416,0,12,12,428
07/17/2009,MYR,SC,ASO,ES,Combined TRACON& Tower with Radar,43,26,23,6,98,0,372,14,3,389,43,398,37,9,487,2,0,2,489
07/18/2009,MYR,SC,ASO,ES,Combined TRACON& Tower with Radar,61,24,21,1,107,0,320,20,0,340,61,344,41,1,447,2,0,2,449
07/19/2009,MYR,SC,ASO,ES,Combined TRACON& Tower with Radar,60,20,17,3,100,0,368,34,0,402,60,388,51,3,502,6,0,6,508
07/20/2009,MYR,SC,ASO,ES,Combined TRACON& Tower with Radar,46,22,16,6,90,0,335,2,1,338,46,357,18,7,428,0,28,28,456
07/21/2009,MYR,SC,ASO,ES,Combined TRACON& Tower with Radar,42,19,8,2,71,0,340,22,0,362,42,359,30,2,433,2,0,2,435
07/22/2009,MYR,SC,ASO,ES,Combined TRACON& Tower with Radar,44,21,21,15,101,0,368,13,0,381,44,389,34,15,482,6,10,16,498
07/23/2009,MYR,SC,ASO,ES,Combined TRACON& Tower with Radar,59,31,36,8,134,0,360,15,13,388,59,391,51,21,522,2,22,24,546
07/24/2009,MYR,SC,ASO,ES,Combined TRACON& Tower with Radar,45,28,21,4,98,0,346,23,1,370,45,374,44,5,468,6,0,6,474
07/25/2009,MYR,SC,ASO,ES,Combined TRACON& Tower with Radar,62,26,15,4,107,0,313,27,2,342,62,339,42,6,449,0,0,0,449
07/26/2009,MYR,SC,ASO,ES,Combined TRACON& Tower with Radar,59,18,16,0,93,0,282,31,0,313,59,300,47,0,406,0,0,0,406
07/27/2009,MYR,SC,ASO,ES,Combined TRACON& Tower with Radar,46,27,13,2,88,0,274,9,0,283,46,301,22,2,371,0,2,2,373
07/28/2009,MYR,SC,ASO,ES,Combined TRACON& Tower with Radar,37,18,18,16,89,0,372,8,0,380,37,390,26,16,469,0,8,8,477
07/29/2009,MYR,SC,ASO,ES,Combined TRACON& Tower with Radar,39,28,20,5,92,0,262,14,0,276,39,290,34,5,368,2,0,2,370
07/30/2009,MYR,SC,ASO,ES,Combined TRACON& Tower with Radar,47,31,22,10,110,0,359,15,2,376,47,390,37,12,486,0,18,18,504
07/31/2009,MYR,SC,ASO,ES,Combined TRACON& Tower with Radar,44,31,26,4,105,0,383,17,5,405,44,414,43,9,510,2,0,2,512
08/01/2009,MYR,SC,ASO,ES,Combined TRACON& Tower with Radar,59,27,27,9,122,0,392,11,0,403,59,419,38,9,525,0,0,0,525
08/02/2009,MYR,SC,ASO,ES,Combined TRACON& Tower with Radar,57,18,9,0,84,0,170,4,0,174,57,188,13,0,258,4,0,4,262
08/03/2009,MYR,SC,ASO,ES,Combined TRACON& Tower with Radar,47,22,9,4,82,0,252,14,4,270,47,274,23,8,352,0,0,0,352
08/04/2009,MYR,SC,ASO,ES,Combined TRACON& Tower with Radar,45,18,12,2,77,0,307,15,2,324,45,325,27,4,401,8,0,8,409
08/05/2009,MYR,SC,ASO,ES,Combined TRACON& Tower with Radar,43,24,29,2,98,0,372,25,1,398,43,396,54,3,496,28,8,36,532
08/06/2009,MYR,SC,ASO,ES,Combined TRACON& Tower with Radar,55,26,25,3,109,0,464,25,5,494,55,490,50,8,603,8,0,8,611
08/07/2009,MYR,SC,ASO,ES,Combined TRACON& Tower with Radar,47,26,21,17,111,0,451,23,8,482,47,477,44,25,593,4,4,8,601
08/08/2009,MYR,SC,ASO,ES,Combined TRACON& Tower with Radar,61,21,21,11,114,0,442,27,2,471,61,463,48,13,585,10,20,30,615
08/09/2009,MYR,SC,ASO,ES,Combined TRACON& Tower with Radar,62,20,14,1,97,0,344,27,1,372,62,364,41,2,469,0,0,0,469
08/10/2009,MYR,SC,ASO,ES,Combined TRACON& Tower with Radar,44,25,15,9,93,0,310,27,0,337,44,335,42,9,430,0,0,0,430
08/11/2009,MYR,SC,ASO,ES,Combined TRACON& Tower with Radar,38,18,12,1,69,0,270,11,0,281,38,288,23,1,350,2,0,2,352
08/12/2009,MYR,SC,ASO,ES,Combined TRACON& Tower with Radar,37,25,18,0,80,0,202,10,0,212,37,227,28,0,292,22,0,22,314
08/13/2009,MYR,SC,ASO,ES,Combined TRACON& Tower with Radar,52,27,19,0,98,0,414,4,0,418,52,441,23,0,516,0,0,0,516
08/14/2009,MYR,SC,ASO,ES,Combined TRACON& Tower with Radar,46,28,21,6,101,0,362,13,0,375,46,390,34,6,476,4,0,4,480
08/15/2009,MYR,SC,ASO,ES,Combined TRACON& Tower with Radar,56,71,21,7,155,0,298,14,0,312,56,369,35,7,467,40,0,40,507
08/16/2009,MYR,SC,ASO,ES,Combined TRACON& Tower with Radar,58,20,15,0,93,0,324,16,0,340,58,344,31,0,433,53,0,53,486
08/17/2009,MYR,SC,ASO,ES,Combined TRACON& Tower with Radar,45,22,3,5,75,0,238,15,0,253,45,260,18,5,328,44,0,44,372
08/18/2009,MYR,SC,ASO,ES,Combined TRACON& Tower with Radar,39,18,10,4,71,0,302,19,0,321,39,320,29,4,392,2,0,2,394
08/19/2009,MYR,SC,ASO,ES,Combined TRACON& Tower with Radar,43,26,18,11,98,0,364,22,2,388,43,390,40,13,486,0,0,0,486
08/20/2009,MYR,SC,ASO,ES,Combined TRACON& Tower with Radar,52,22,15,2,91,0,372,7,4,383,52,394,22,6,474,0,0,0,474
08/21/2009,MYR,SC,ASO,ES,Combined TRACON& Tower with Radar,47,22,19,4,92,0,342,11,2,355,47,364,30,6,447,0,0,0,447
08/22/2009,MYR,SC,ASO,ES,Combined TRACON& Tower with Radar,62,16,14,0,92,0,282,5,0,287,62,298,19,0,379,0,0,0,379
08/23/2009,MYR,SC,ASO,ES,Combined TRACON& Tower with Radar,59,17,20,0,96,0,224,16,0,240,59,241,36,0,336,0,0,0,336
08/24/2009,MYR,SC,ASO,ES,Combined TRACON& Tower with Radar,50,23,4,13,90,0,156,17,0,173,50,179,21,13,263,36,26,62,325
08/25/2009,MYR,SC,ASO,ES,Combined TRACON& Tower with Radar,42,19,11,13,85,0,179,11,3,193,42,198,22,16,278,41,4,45,323
08/26/2009,MYR,SC,ASO,ES,Combined TRACON& Tower with Radar,44,21,17,8,90,0,167,19,0,186,44,188,36,8,276,8,0,8,284
08/27/2009,MYR,SC,ASO,ES,Combined TRACON& Tower with Radar,56,26,15,2,99,0,189,14,2,205,56,215,29,4,304,0,4,4,308
08/28/2009,MYR,SC,ASO,ES,Combined TRACON& Tower with Radar,47,24,16,7,94,0,160,3,2,165,47,184,19,9,259,8,0,8,267
08/29/2009,MYR,SC,ASO,ES,Combined TRACON& Tower with Radar,62,16,17,1,96,0,186,8,0,194,62,202,25,1,290,0,0,0,290
08/30/2009,MYR,SC,ASO,ES,Combined TRACON& Tower with Radar,58,19,20,0,97,0,134,10,0,144,58,153,30,0,241,8,0,8,249
08/31/2009,MYR,SC,ASO,ES,Combined TRACON& Tower with Radar,44,27,5,4,80,0,2,0,0,2,44,29,5,4,82,0,0,0,82
09/01/2009,MYR,SC,ASO,ES,Combined TRACON& Tower with Radar,33,20,2,5,60,0,80,7,0,87,33,100,9,5,147,0,14,14,161
09/02/2009,MYR,SC,ASO,ES,Combined TRACON& Tower with Radar,32,23,10,13,78,0,118,7,3,128,32,141,17,16,206,14,0,14,220
09/03/2009,MYR,SC,ASO,ES,Combined TRACON& Tower with Radar,43,26,12,0,81,0,148,12,0,160,43,174,24,0,241,2,0,2,243
09/04/2009,MYR,SC,ASO,ES,Combined TRACON& Tower with Radar,40,26,37,4,107,0,128,23,0,151,40,154,60,4,258,0,0,0,258
09/05/2009,MYR,SC,ASO,ES,Combined TRACON& Tower with Radar,55,11,10,0,76,0,219,30,0,249,55,230,40,0,325,0,0,0,325
09/06/2009,MYR,SC,ASO,ES,Combined TRACON& Tower with Radar,50,16,4,4,74,0,331,22,0,353,50,347,26,4,427,0,0,0,427
09/07/2009,MYR,SC,ASO,ES,Combined TRACON& Tower with Radar,46,15,26,0,87,0,142,11,0,153,46,157,37,0,240,0,0,0,240
09/08/2009,MYR,SC,ASO,ES,Combined TRACON& Tower with Radar,32,19,12,13,76,0,120,6,3,129,32,139,18,16,205,0,10,10,215
09/09/2009,MYR,SC,ASO,ES,Combined TRACON& Tower with Radar,34,24,13,11,82,0,120,16,3,139,34,144,29,14,221,0,26,26,247
09/10/2009,MYR,SC,ASO,ES,Combined TRACON& Tower with Radar,45,21,20,17,103,0,152,10,1,163,45,173,30,18,266,8,11,19,285
09/11/2009,MYR,SC,ASO,ES,Combined TRACON& Tower with Radar,41,21,20,13,95,0,155,19,2,176,41,176,39,15,271,2,2,4,275
09/12/2009,MYR,SC,ASO,ES,Combined TRACON& Tower with Radar,48,11,16,21,96,0,241,14,11,266,48,252,30,32,362,22,8,30,392
09/13/2009,MYR,SC,ASO,ES,Combined TRACON& Tower with Radar,47,16,14,9,86,0,116,23,4,143,47,132,37,13,229,16,2,18,247
09/14/2009,MYR,SC,ASO,ES,Combined TRACON& Tower with Radar,36,18,11,3,68,0,153,22,0,175,36,171,33,3,243,2,0,2,245
09/15/2009,MYR,SC,ASO,ES,Combined TRACON& Tower with Radar,34,21,8,18,81,0,214,21,0,235,34,235,29,18,316,6,0,6,322
09/16/2009,MYR,SC,ASO,ES,Combined TRACON& Tower with Radar,33,19,12,2,66,0,240,8,2,250,33,259,20,4,316,0,4,4,320
09/17/2009,MYR,SC,ASO,ES,Combined TRACON& Tower with Radar,41,22,20,18,101,0,148,21,4,173,41,170,41,22,274,10,22,32,306
09/18/2009,MYR,SC,ASO,ES,Combined TRACON& Tower with Radar,41,23,15,4,83,0,150,4,5,159,41,173,19,9,242,19,0,19,261
09/19/2009,MYR,SC,ASO,ES,Combined TRACON& Tower with Radar,48,16,17,0,81,0,248,14,0,262,48,264,31,0,343,2,0,2,345
09/20/2009,MYR,SC,ASO,ES,Combined TRACON& Tower with Radar,49,20,15,1,85,0,42,4,5,51,49,62,19,6,136,0,0,0,136
09/21/2009,MYR,SC,ASO,ES,Combined TRACON& Tower with Radar,36,18,11,2,67,0,125,6,7,138,36,143,17,9,205,0,0,0,205
09/22/2009,MYR,SC,ASO,ES,Combined TRACON& Tower with Radar,33,26,10,2,71,0,106,0,1,107,33,132,10,3,178,0,0,0,178
09/23/2009,MYR,SC,ASO,ES,Combined TRACON& Tower with Radar,36,26,11,2,75,0,169,15,0,184,36,195,26,2,259,4,4,8,267
09/24/2009,MYR,SC,ASO,ES,Combined TRACON& Tower with Radar,42,25,19,33,119,0,185,11,2,198,42,210,30,35,317,14,32,46,363
09/25/2009,MYR,SC,ASO,ES,Combined TRACON& Tower with Radar,34,22,18,10,84,0,181,26,2,209,34,203,44,12,293,4,2,6,299
09/26/2009,MYR,SC,ASO,ES,Combined TRACON& Tower with Radar,45,15,13,0,73,0,154,2,0,156,45,169,15,0,229,0,0,0,229
09/27/2009,MYR,SC,ASO,ES,Combined TRACON& Tower with Radar,45,17,23,6,91,0,154,8,2,164,45,171,31,8,255,16,2,18,273
09/28/2009,MYR,SC,ASO,ES,Combined TRACON& Tower with Radar,37,22,15,4,78,0,79,13,0,92,37,101,28,4,170,0,0,0,170
09/29/2009,MYR,SC,ASO,ES,Combined TRACON& Tower with Radar,32,23,6,6,67,0,87,19,0,106,32,110,25,6,173,8,4,12,185
09/30/2009,MYR,SC,ASO,ES,Combined TRACON& Tower with Radar,31,18,10,3,62,0,100,16,1,117,31,118,26,4,179,12,10,22,201
10/01/2009,MYR,SC,ASO,ES,Combined TRACON& Tower with Radar,44,20,21,33,118,0,66,23,0,89,44,86,44,33,207,2,20,22,229
10/02/2009,MYR,SC,ASO,ES,Combined TRACON& Tower with Radar,37,21,17,6,81,0,64,20,0,84,37,85,37,6,165,0,0,0,165
10/03/2009,MYR,SC,ASO,ES,Combined TRACON& Tower with Radar,49,13,9,9,80,0,134,12,7,153,49,147,21,16,233,22,6,28,261
10/04/2009,MYR,SC,ASO,ES,Combined TRACON& Tower with Radar,46,13,16,0,75,0,81,18,3,102,46,94,34,3,177,0,0,0,177
10/05/2009,MYR,SC,ASO,ES,Combined TRACON& Tower with Radar,37,17,4,0,58,0,6,3,0,9,37,23,7,0,67,0,0,0,67
10/06/2009,MYR,SC,ASO,ES,Combined TRACON& Tower with Radar,34,17,7,6,64,0,0,0,0,0,34,17,7,6,64,0,0,0,64
10/07/2009,MYR,SC,ASO,ES,Combined TRACON& Tower with Radar,36,18,16,4,74,0,64,5,1,70,36,82,21,5,144,2,0,2,146
10/08/2009,MYR,SC,ASO,ES,Combined TRACON& Tower with Radar,45,21,17,13,96,0,87,32,5,124,45,108,49,18,220,0,4,4,224
10/09/2009,MYR,SC,ASO,ES,Combined TRACON& Tower with Radar,42,24,24,13,103,0,92,17,4,113,42,116,41,17,216,0,34,34,250
10/10/2009,MYR,SC,ASO,ES,Combined TRACON& Tower with Radar,48,20,17,4,89,0,93,19,1,113,48,113,36,5,202,0,0,0,202
10/11/2009,MYR,SC,ASO,ES,Combined TRACON& Tower with Radar,46,14,25,1,86,0,74,4,1,79,46,88,29,2,165,0,0,0,165
10/12/2009,MYR,SC,ASO,ES,Combined TRACON& Tower with Radar,38,21,24,0,83,0,20,6,0,26,38,41,30,0,109,0,0,0,109
10/13/2009,MYR,SC,ASO,ES,Combined TRACON& Tower with Radar,36,20,16,10,82,0,76,24,0,100,36,96,40,10,182,0,0,0,182
10/14/2009,MYR,SC,ASO,ES,Combined TRACON& Tower with Radar,35,20,20,0,75,0,0,0,0,0,35,20,20,0,75,0,0,0,75
10/15/2009,MYR,SC,ASO,ES,Combined TRACON& Tower with Radar,42,21,41,21,125,0,46,1,0,47,42,67,42,21,172,4,0,4,176
10/16/2009,MYR,SC,ASO,ES,Combined TRACON& Tower with Radar,42,19,22,6,89,0,0,4,0,4,42,19,26,6,93,0,0,0,93
10/17/2009,MYR,SC,ASO,ES,Combined TRACON& Tower with Radar,48,14,11,17,90,0,79,11,0,90,48,93,22,17,180,17,0,17,197
10/18/2009,MYR,SC,ASO,ES,Combined TRACON& Tower with Radar,46,16,8,0,70,0,47,9,0,56,46,63,17,0,126,0,0,0,126
10/19/2009,MYR,SC,ASO,ES,Combined TRACON& Tower with Radar,36,20,14,11,81,0,33,9,0,42,36,53,23,11,123,26,34,60,183
10/20/2009,MYR,SC,ASO,ES,Combined TRACON& Tower with Radar,35,19,21,4,79,0,56,20,0,76,35,75,41,4,155,2,2,4,159
10/21/2009,MYR,SC,ASO,ES,Combined TRACON& Tower with Radar,35,17,19,3,74,0,46,27,1,74,35,63,46,4,148,4,0,4,152
10/22/2009,MYR,SC,ASO,ES,Combined TRACON& Tower with Radar,47,22,15,10,94,0,45,19,0,64,47,67,34,10,158,0,36,36,194
10/23/2009,MYR,SC,ASO,ES,Combined TRACON& Tower with Radar,43,19,18,11,91,0,46,13,3,62,43,65,31,14,153,18,2,20,173
10/24/2009,MYR,SC,ASO,ES,Combined TRACON& Tower with Radar,50,13,8,12,83,0,66,8,0,74,50,79,16,12,157,34,6,40,197
10/25/2009,MYR,SC,ASO,ES,Combined TRACON& Tower with Radar,46,13,12,1,72,0,50,24,0,74,46,63,36,1,146,20,0,20,166
10/26/2009,MYR,SC,ASO,ES,Combined TRACON& Tower with Radar,36,16,12,6,70,0,0,0,0,0,36,16,12,6,70,0,0,0,70
10/27/2009,MYR,SC,ASO,ES,Combined TRACON& Tower with Radar,34,19,9,4,66,0,8,0,0,8,34,27,9,4,74,0,0,0,74
10/28/2009,MYR,SC,ASO,ES,Combined TRACON& Tower with Radar,35,19,17,17,88,0,22,9,6,37,35,41,26,23,125,0,28,28,153
10/29/2009,MYR,SC,ASO,ES,Combined TRACON& Tower with Radar,42,23,27,29,121,0,36,42,1,79,42,59,69,30,200,10,6,16,216
10/30/2009,MYR,SC,ASO,ES,Combined TRACON& Tower with Radar,41,22,12,9,84,0,31,6,0,37,41,53,18,9,121,0,0,0,121
10/31/2009,MYR,SC,ASO,ES,Combined TRACON& Tower with Radar,46,19,7,0,72,0,32,3,0,35,46,51,10,0,107,10,0,10,117
11/01/2009,MYR,SC,ASO,ES,Combined TRACON& Tower with Radar,40,12,23,0,75,0,24,10,2,36,40,36,33,2,111,0,0,0,111
11/02/2009,MYR,SC,ASO,ES,Combined TRACON& Tower with Radar,36,20,16,8,80,0,14,3,0,17,36,34,19,8,97,4,0,4,101
11/03/2009,MYR,SC,ASO,ES,Combined TRACON& Tower with Radar,31,17,17,0,65,0,20,24,0,44,31,37,41,0,109,0,0,0,109
11/04/2009,MYR,SC,ASO,ES,Combined TRACON& Tower with Radar,34,15,18,23,90,0,20,22,4,46,34,35,40,27,136,0,0,0,136
11/05/2009,MYR,SC,ASO,ES,Combined TRACON& Tower with Radar,37,20,13,10,80,0,16,18,0,34,37,36,31,10,114,14,0,14,128
11/06/2009,MYR,SC,ASO,ES,Combined TRACON& Tower with Radar,38,25,18,5,86,0,34,25,6,65,38,59,43,11,151,2,4,6,157
11/07/2009,MYR,SC,ASO,ES,Combined TRACON& Tower with Radar,40,15,21,0,76,0,84,18,5,107,40,99,39,5,183,0,0,0,183
11/08/2009,MYR,SC,ASO,ES,Combined TRACON& Tower with Radar,40,12,17,0,69,0,66,43,0,109,40,78,60,0,178,4,2,6,184
11/09/2009,MYR,SC,ASO,ES,Combined TRACON& Tower with Radar,35,16,18,4,73,0,32,19,2,53,35,48,37,6,126,0,0,0,126
11/10/2009,MYR,SC,ASO,ES,Combined TRACON& Tower with Radar,33,15,6,7,61,0,2,1,0,3,33,17,7,7,64,0,0,0,64
11/11/2009,MYR,SC,ASO,ES,Combined TRACON& Tower with Radar,34,11,6,0,51,0,0,0,0,0,34,11,6,0,51,0,0,0,51
11/12/2009,MYR,SC,ASO,ES,Combined TRACON& Tower with Radar,30,24,15,0,69,0,0,0,0,0,30,24,15,0,69,0,0,0,69
11/13/2009,MYR,SC,ASO,ES,Combined TRACON& Tower with Radar,32,20,16,0,68,0,0,1,2,3,32,20,17,2,71,0,0,0,71
11/14/2009,MYR,SC,ASO,ES,Combined TRACON& Tower with Radar,37,16,17,10,80,0,71,5,0,76,37,87,22,10,156,0,0,0,156
11/15/2009,MYR,SC,ASO,ES,Combined TRACON& Tower with Radar,38,14,13,0,65,0,45,18,0,63,38,59,31,0,128,16,0,16,144
11/16/2009,MYR,SC,ASO,ES,Combined TRACON& Tower with Radar,29,16,11,13,69,0,44,21,0,65,29,60,32,13,134,0,18,18,152
11/17/2009,MYR,SC,ASO,ES,Combined TRACON& Tower with Radar,31,15,23,11,80,0,16,20,2,38,31,31,43,13,118,0,6,6,124
11/18/2009,MYR,SC,ASO,ES,Combined TRACON& Tower with Radar,30,18,20,6,74,0,10,0,0,10,30,28,20,6,84,0,6,6,90
11/19/2009,MYR,SC,ASO,ES,Combined TRACON& Tower with Radar,30,21,25,0,76,0,4,14,0,18,30,25,39,0,94,38,0,38,132
11/20/2009,MYR,SC,ASO,ES,Combined TRACON& Tower with Radar,34,19,23,10,86,0,24,15,0,39,34,43,38,10,125,22,0,22,147
11/21/2009,MYR,SC,ASO,ES,Combined TRACON& Tower with Radar,36,17,12,5,70,0,43,16,3,62,36,60,28,8,132,16,8,24,156
11/22/2009,MYR,SC,ASO,ES,Combined TRACON& Tower with Radar,38,9,5,0,52,0,10,3,0,13,38,19,8,0,65,0,0,0,65
11/23/2009,MYR,SC,ASO,ES,Combined TRACON& Tower with Radar,27,16,8,0,51,0,0,0,0,0,27,16,8,0,51,0,0,0,51
11/24/2009,MYR,SC,ASO,ES,Combined TRACON& Tower with Radar,30,18,9,10,67,0,0,0,0,0,30,18,9,10,67,0,0,0,67
11/25/2009,MYR,SC,ASO,ES,Combined TRACON& Tower with Radar,32,21,14,11,78,0,8,3,0,11,32,29,17,11,89,0,4,4,93
11/26/2009,MYR,SC,ASO,ES,Combined TRACON& Tower with Radar,27,8,8,0,43,0,57,6,0,63,27,65,14,0,106,0,0,0,106
11/27/2009,MYR,SC,ASO,ES,Combined TRACON& Tower with Radar,30,16,6,0,52,0,123,9,0,132,30,139,15,0,184,24,0,24,208
11/28/2009,MYR,SC,ASO,ES,Combined TRACON& Tower with Radar,34,17,9,0,60,0,163,23,0,186,34,180,32,0,246,2,0,2,248
11/29/2009,MYR,SC,ASO,ES,Combined TRACON& Tower with Radar,40,14,16,0,70,0,49,30,0,79,40,63,46,0,149,0,0,0,149
11/30/2009,MYR,SC,ASO,ES,Combined TRACON& Tower with Radar,36,16,9,0,61,0,12,20,0,32,36,28,29,0,93,6,0,6,99
12/01/2009,MYR,SC,ASO,ES,Combined TRACON& Tower with Radar,29,20,11,6,66,0,18,24,0,42,29,38,35,6,108,8,0,8,116
12/02/2009,MYR,SC,ASO,ES,Combined TRACON& Tower with Radar,28,13,5,0,46,0,0,0,0,0,28,13,5,0,46,0,0,0,46
12/03/2009,MYR,SC,ASO,ES,Combined TRACON& Tower with Radar,29,21,12,12,74,0,17,14,6,37,29,38,26,18,111,0,0,0,111
12/04/2009,MYR,SC,ASO,ES,Combined TRACON& Tower with Radar,30,20,9,4,63,0,14,17,7,38,30,34,26,11,101,0,0,0,101
12/05/2009,MYR,SC,ASO,ES,Combined TRACON& Tower with Radar,38,18,9,1,66,0,0,0,0,0,38,18,9,1,66,0,0,0,66
12/06/2009,MYR,SC,ASO,ES,Combined TRACON& Tower with Radar,32,14,11,0,57,0,24,11,2,37,32,38,22,2,94,0,0,0,94
12/07/2009,MYR,SC,ASO,ES,Combined TRACON& Tower with Radar,31,18,19,10,78,0,4,15,0,19,31,22,34,10,97,0,0,0,97
12/08/2009,MYR,SC,ASO,ES,Combined TRACON& Tower with Radar,31,20,19,2,72,0,2,10,2,14,31,22,29,4,86,12,8,20,106
12/09/2009,MYR,SC,ASO,ES,Combined TRACON& Tower with Radar,29,19,4,0,52,0,0,1,0,1,29,19,5,0,53,0,0,0,53
12/10/2009,MYR,SC,ASO,ES,Combined TRACON& Tower with Radar,27,23,11,13,74,0,10,13,0,23,27,33,24,13,97,6,0,6,103
12/11/2009,MYR,SC,ASO,ES,Combined TRACON& Tower with Radar,25,22,21,18,86,0,29,23,4,56,25,51,44,22,142,0,0,0,142
12/12/2009,MYR,SC,ASO,ES,Combined TRACON& Tower with Radar,36,15,9,4,64,0,16,5,2,23,36,31,14,6,87,0,10,10,97
12/13/2009,MYR,SC,ASO,ES,Combined TRACON& Tower with Radar,36,13,8,0,57,0,0,0,2,2,36,13,8,2,59,0,0,0,59
12/14/2009,MYR,SC,ASO,ES,Combined TRACON& Tower with Radar,22,17,7,20,66,0,0,0,0,0,22,17,7,20,66,0,0,0,66
12/15/2009,MYR,SC,ASO,ES,Combined TRACON& Tower with Radar,27,19,13,14,73,0,6,2,0,8,27,25,15,14,81,0,0,0,81
12/16/2009,MYR,SC,ASO,ES,Combined TRACON& Tower with Radar,29,17,26,3,75,0,9,18,7,34,29,26,44,10,109,0,18,18,127
12/17/2009,MYR,SC,ASO,ES,Combined TRACON& Tower with Radar,28,20,15,21,84,0,10,23,6,39,28,30,38,27,123,2,0,2,125
12/18/2009,MYR,SC,ASO,ES,Combined TRACON& Tower with Radar,27,15,10,2,54,0,2,2,2,6,27,17,12,4,60,0,0,0,60
12/19/2009,MYR,SC,ASO,ES,Combined TRACON& Tower with Radar,24,12,7,1,44,0,6,3,0,9,24,18,10,1,53,0,0,0,53
12/20/2009,MYR,SC,ASO,ES,Combined TRACON& Tower with Radar,25,16,9,6,56,0,20,15,2,37,25,36,24,8,93,0,0,0,93
12/21/2009,MYR,SC,ASO,ES,Combined TRACON& Tower with Radar,34,19,11,10,74,0,15,14,0,29,34,34,25,10,103,0,2,2,105
12/22/2009,MYR,SC,ASO,ES,Combined TRACON& Tower with Radar,26,22,6,14,68,0,28,27,2,57,26,50,33,16,125,30,8,38,163
12/23/2009,MYR,SC,ASO,ES,Combined TRACON& Tower with Radar,28,19,7,2,56,0,32,19,5,56,28,51,26,7,112,0,0,0,112
12/24/2009,MYR,SC,ASO,ES,Combined TRACON& Tower with Radar,31,14,8,0,53,0,12,8,2,22,31,26,16,2,75,0,0,0,75
12/25/2009,MYR,SC,ASO,ES,Combined TRACON& Tower with Radar,25,8,5,0,38,0,0,0,0,0,25,8,5,0,38,0,0,0,38
12/26/2009,MYR,SC,ASO,ES,Combined TRACON& Tower with Radar,31,16,17,0,64,0,47,12,2,61,31,63,29,2,125,6,0,6,131
12/27/2009,MYR,SC,ASO,ES,Combined TRACON& Tower with Radar,32,22,19,0,73,0,49,24,0,73,32,71,43,0,146,0,0,0,146
12/28/2009,MYR,SC,ASO,ES,Combined TRACON& Tower with Radar,32,20,17,2,71,0,48,22,0,70,32,68,39,2,141,0,0,0,141
12/29/2009,MYR,SC,ASO,ES,Combined TRACON& Tower with Radar,28,23,12,18,81,0,67,14,0,81,28,90,26,18,162,0,8,8,170
12/30/2009,MYR,SC,ASO,ES,Combined TRACON& Tower with Radar,28,26,17,0,71,0,81,9,4,94,28,107,26,4,165,0,0,0,165
12/31/2009,MYR,SC,ASO,ES,Combined TRACON& Tower with Radar,34,17,10,0,61,0,8,0,0,8,34,25,10,0,69,0,0,0,69
01/01/2010,MYR,SC,ASO,ES,Combined TRACON& Tower with Radar,29,11,8,0,48,0,51,9,0,60,29,62,17,0,108,0,0,0,108
01/02/2010,MYR,SC,ASO,ES,Combined TRACON& Tower with Radar,26,22,17,0,65,0,104,21,2,127,26,126,38,2,192,0,0,0,192
01/03/2010,MYR,SC,ASO,ES,Combined TRACON& Tower with Radar,28,17,15,0,60,0,25,13,0,38,28,42,28,0,98,0,0,0,98
01/04/2010,MYR,SC,ASO,ES,Combined TRACON& Tower with Radar,31,17,14,17,79,0,15,7,0,22,31,32,21,17,101,12,12,24,125
01/05/2010,MYR,SC,ASO,ES,Combined TRACON& Tower with Radar,24,17,8,10,59,0,7,8,0,15,24,24,16,10,74,0,2,2,76
01/06/2010,MYR,SC,ASO,ES,Combined TRACON& Tower with Radar,24,18,13,14,69,0,8,18,0,26,24,26,31,14,95,12,0,12,107
01/07/2010,MYR,SC,ASO,ES,Combined TRACON& Tower with Radar,26,18,5,5,54,0,14,18,3,35,26,32,23,8,89,0,0,0,89
01/08/2010,MYR,SC,ASO,ES,Combined TRACON& Tower with Radar,26,22,12,2,62,0,8,9,0,17,26,30,21,2,79,0,0,0,79
01/09/2010,MYR,SC,ASO,ES,Combined TRACON& Tower with Radar,26,16,2,0,44,0,12,15,2,29,26,28,17,2,73,0,0,0,73
01/10/2010,MYR,SC,ASO,ES,Combined TRACON& Tower with Radar,24,13,12,0,49,0,22,10,0,32,24,35,22,0,81,0,0,0,81
01/11/2010,MYR,SC,ASO,ES,Combined TRACON& Tower with Radar,27,16,5,8,56,0,4,13,0,17,27,20,18,8,73,0,0,0,73
01/12/2010,MYR,SC,ASO,ES,Combined TRACON& Tower with Radar,23,16,9,2,50,0,10,18,0,28,23,26,27,2,78,12,2,14,92
01/13/2010,MYR,SC,ASO,ES,Combined TRACON& Tower with Radar,27,19,15,16,77,0,4,26,2,32,27,23,41,18,109,24,0,24,133
01/14/2010,MYR,SC,ASO,ES,Combined TRACON& Tower with Radar,27,21,20,6,74,0,8,21,2,31,27,29,41,8,105,12,10,22,127
01/15/2010,MYR,SC,ASO,ES,Combined TRACON& Tower with Radar,27,22,28,26,103,0,24,27,5,56,27,46,55,31,159,10,8,18,177
01/16/2010,MYR,SC,ASO,ES,Combined TRACON& Tower with Radar,24,17,10,4,55,0,16,9,3,28,24,33,19,7,83,0,0,0,83
01/17/2010,MYR,SC,ASO,ES,Combined TRACON& Tower with Radar,26,15,7,0,48,0,14,1,0,15,26,29,8,0,63,0,0,0,63
01/18/2010,MYR,SC,ASO,ES,Combined TRACON& Tower with Radar,25,17,10,0,52,0,33,22,0,55,25,50,32,0,107,34,0,34,141
01/19/2010,MYR,SC,ASO,ES,Combined TRACON& Tower with Radar,25,18,8,12,63,0,16,15,2,33,25,34,23,14,96,2,6,8,104
01/20/2010,MYR,SC,ASO,ES,Combined TRACON& Tower with Radar,24,20,17,4,65,0,8,18,0,26,24,28,35,4,91,14,6,20,111
01/21/2010,MYR,SC,ASO,ES,Combined TRACON& Tower with Radar,26,19,6,9,60,0,0,0,0,0,26,19,6,9,60,0,0,0,60
01/22/2010,MYR,SC,ASO,ES,Combined TRACON& Tower with Radar,24,19,20,15,78,0,0,0,0,0,24,19,20,15,78,0,0,0,78
01/23/2010,MYR,SC,ASO,ES,Combined TRACON& Tower with Radar,26,16,13,6,61,0,88,21,0,109,26,104,34,6,170,0,0,0,170
01/24/2010,MYR,SC,ASO,ES,Combined TRACON& Tower with Radar,26,7,5,1,39,0,12,2,0,14,26,19,7,1,53,0,0,0,53
01/25/2010,MYR,SC,ASO,ES,Combined TRACON& Tower with Radar,22,19,8,0,49,0,12,3,0,15,22,31,11,0,64,0,0,0,64
01/26/2010,MYR,SC,ASO,ES,Combined TRACON& Tower with Radar,27,20,6,16,69,0,2,12,0,14,27,22,18,16,83,16,8,24,107
01/27/2010,MYR,SC,ASO,ES,Combined TRACON& Tower with Radar,26,18,17,17,78,0,16,26,5,47,26,34,43,22,125,36,24,60,185
01/28/2010,MYR,SC,ASO,ES,Combined TRACON& Tower with Radar,27,20,12,21,80,0,16,29,1,46,27,36,41,22,126,14,14,28,154
01/29/2010,MYR,SC,ASO,ES,Combined TRACON& Tower with Radar,23,23,18,4,68,0,23,13,0,36,23,46,31,4,104,0,0,0,104
01/30/2010,MYR,SC,ASO,ES,Combined TRACON& Tower with Radar,20,15,1,0,36,0,0,0,0,0,20,15,1,0,36,0,0,0,36
01/31/2010,MYR,SC,ASO,ES,Combined TRACON& Tower with Radar,27,12,13,4,56,0,12,15,0,27,27,24,28,4,83,0,0,0,83
02/01/2010,MYR,SC,ASO,ES,Combined TRACON& Tower with Radar,25,19,15,9,68,0,21,29,2,52,25,40,44,11,120,16,12,28,148
02/02/2010,MYR,SC,ASO,ES,Combined TRACON& Tower with Radar,25,18,1,6,50,0,0,0,0,0,25,18,1,6,50,0,0,0,50
02/03/2010,MYR,SC,ASO,ES,Combined TRACON& Tower with Radar,23,16,20,4,63,0,15,14,2,31,23,31,34,6,94,20,0,20,114
02/04/2010,MYR,SC,ASO,ES,Combined TRACON& Tower with Radar,26,20,18,19,83,0,2,8,3,13,26,22,26,22,96,0,2,2,98
02/05/2010,MYR,SC,ASO,ES,Combined TRACON& Tower with Radar,27,20,1,8,56,0,2,0,0,2,27,22,1,8,58,0,0,0,58
02/06/2010,MYR,SC,ASO,ES,Combined TRACON& Tower with Radar,25,13,6,0,44,0,43,1,2,46,25,56,7,2,90,4,0,4,94
02/07/2010,MYR,SC,ASO,ES,Combined TRACON& Tower with Radar,26,11,13,2,52,0,31,16,0,47,26,42,29,2,99,2,0,2,101
02/08/2010,MYR,SC,ASO,ES,Combined TRACON& Tower with Radar,25,18,10,10,63,0,20,20,0,40,25,38,30,10,103,20,0,20,123
02/09/2010,MYR,SC,ASO,ES,Combined TRACON& Tower with Radar,25,18,4,20,67,0,4,6,0,10,25,22,10,20,77,0,0,0,77
02/10/2010,MYR,SC,ASO,ES,Combined TRACON& Tower with Radar,24,14,13,7,58,0,4,7,2,13,24,18,20,9,71,0,0,0,71
02/11/2010,MYR,SC,ASO,ES,Combined TRACON& Tower with Radar,24,23,21,12,80,0,14,29,5,48,24,37,50,17,128,0,34,34,162
02/12/2010,MYR,SC,ASO,ES,Combined TRACON& Tower with Radar,20,16,19,14,69,0,20,10,3,33,20,36,29,17,102,12,0,12,114
02/13/2010,MYR,SC,ASO,ES,Combined TRACON& Tower with Radar,31,14,11,0,56,0,169,8,0,177,31,183,19,0,233,0,0,0,233
02/14/2010,MYR,SC,ASO,ES,Combined TRACON& Tower with Radar,22,25,8,0,55,0,197,8,1,206,22,222,16,1,261,2,0,2,263
02/15/2010,MYR,SC,ASO,ES,Combined TRACON& Tower with Radar,22,18,12,0,52,0,39,3,0,42,22,57,15,0,94,0,0,0,94
02/16/2010,MYR,SC,ASO,ES,Combined TRACON& Tower with Radar,19,32,5,19,75,0,40,25,8,73,19,72,30,27,148,8,10,18,166
02/17/2010,MYR,SC,ASO,ES,Combined TRACON& Tower with Radar,23,28,10,2,63,0,49,9,1,59,23,77,19,3,122,8,0,8,130
02/18/2010,MYR,SC,ASO,ES,Combined TRACON& Tower with Radar,22,32,11,11,76,0,60,8,3,71,22,92,19,14,147,6,12,18,165
02/19/2010,MYR,SC,ASO,ES,Combined TRACON& Tower with Radar,22,25,13,15,75,0,93,14,5,112,22,118,27,20,187,32,0,32,219
02/20/2010,MYR,SC,ASO,ES,Combined TRACON& Tower with Radar,30,21,6,30,87,0,169,15,0,184,30,190,21,30,271,20,14,34,305
02/21/2010,MYR,SC,ASO,ES,Combined TRACON& Tower with Radar,27,25,16,4,72,0,100,33,0,133,27,125,49,4,205,8,0,8,213
02/22/2010,MYR,SC,ASO,ES,Combined TRACON& Tower with Radar,22,24,11,6,63,0,0,1,1,2,22,24,12,7,65,0,6,6,71
02/23/2010,MYR,SC,ASO,ES,Combined TRACON& Tower with Radar,21,24,17,16,78,0,45,5,4,54,21,69,22,20,132,0,12,12,144
02/24/2010,MYR,SC,ASO,ES,Combined TRACON& Tower with Radar,18,25,9,22,74,0,17,14,0,31,18,42,23,22,105,4,0,4,109
02/25/2010,MYR,SC,ASO,ES,Combined TRACON& Tower with Radar,24,27,8,2,61,0,0,3,2,5,24,27,11,4,66,0,0,0,66
02/26/2010,MYR,SC,ASO,ES,Combined TRACON& Tower with Radar,24,27,17,2,70,0,45,11,1,57,24,72,28,3,127,0,0,0,127
02/27/2010,MYR,SC,ASO,ES,Combined TRACON& Tower with Radar,34,23,7,11,75,0,94,16,1,111,34,117,23,12,186,8,0,8,194
02/28/2010,MYR,SC,ASO,ES,Combined TRACON& Tower with Radar,25,24,8,4,61,0,81,27,0,108,25,105,35,4,169,16,0,16,185
03/01/2010,MYR,SC,ASO,ES,Combined TRACON& Tower with Radar,25,24,16,3,68,0,35,28,1,64,25,59,44,4,132,8,0,8,140
03/02/2010,MYR,SC,ASO,ES,Combined TRACON& Tower with Radar,21,22,4,8,55,0,0,0,0,0,21,22,4,8,55,0,0,0,55
03/03/2010,MYR,SC,ASO,ES,Combined TRACON& Tower with Radar,22,25,14,7,68,0,6,1,8,15,22,31,15,15,83,0,0,0,83
03/04/2010,MYR,SC,ASO,ES,Combined TRACON& Tower with Radar,25,26,23,8,82,0,24,13,2,39,25,50,36,10,121,2,0,2,123
03/05/2010,MYR,SC,ASO,ES,Combined TRACON& Tower with Radar,26,29,18,9,82,0,35,23,1,59,26,64,41,10,141,8,0,8,149
03/06/2010,MYR,SC,ASO,ES,Combined TRACON& Tower with Radar,33,27,8,16,84,0,138,23,1,162,33,165,31,17,246,14,14,28,274
03/07/2010,MYR,SC,ASO,ES,Combined TRACON& Tower with Radar,31,31,13,3,78,0,88,33,0,121,31,119,46,3,199,6,0,6,205
03/08/2010,MYR,SC,ASO,ES,Combined TRACON& Tower with Radar,29,21,8,16,74,0,75,25,0,100,29,96,33,16,174,72,0,72,246
03/09/2010,MYR,SC,ASO,ES,Combined TRACON& Tower with Radar,25,22,17,16,80,0,54,34,2,90,25,76,51,18,170,10,0,10,180
03/10/2010,MYR,SC,ASO,ES,Combined TRACON& Tower with Radar,25,24,6,2,57,0,44,21,3,68,25,68,27,5,125,30,0,30,155
03/11/2010,MYR,SC,ASO,ES,Combined TRACON& Tower with Radar,27,26,12,6,71,0,4,0,0,4,27,30,12,6,75,0,0,0,75
03/12/2010,MYR,SC,ASO,ES,Combined TRACON& Tower with Radar,26,24,22,9,81,0,46,0,1,47,26,70,22,10,128,0,0,0,128
03/13/2010,MYR,SC,ASO,ES,Combined TRACON& Tower with Radar,35,26,5,11,77,0,196,13,2,211,35,222,18,13,288,0,4,4,292
03/14/2010,MYR,SC,ASO,ES,Combined TRACON& Tower with Radar,35,24,4,1,64,0,136,14,0,150,35,160,18,1,214,2,0,2,216
03/15/2010,MYR,SC,ASO,ES,Combined TRACON& Tower with Radar,35,20,12,21,88,0,124,26,0,150,35,144,38,21,238,22,6,28,266
03/16/2010,MYR,SC,ASO,ES,Combined TRACON& Tower with Radar,29,23,19,8,79,0,143,14,0,157,29,166,33,8,236,6,0,6,242
03/17/2010,MYR,SC,ASO,ES,Combined TRACON& Tower with Radar,33,27,18,0,78,0,109,24,0,133,33,136,42,0,211,0,0,0,211
03/18/2010,MYR,SC,ASO,ES,Combined TRACON& Tower with Radar,40,23,17,1,81,0,99,21,4,124,40,122,38,5,205,6,0,6,211
03/19/2010,MYR,SC,ASO,ES,Combined TRACON& Tower with Radar,38,26,20,11,95,0,101,37,2,140,38,127,57,13,235,14,6,20,255
03/20/2010,MYR,SC,ASO,ES,Combined TRACON& Tower with Radar,43,27,20,6,96,0,213,42,9,264,43,240,62,15,360,12,8,20,380
03/21/2010,MYR,SC,ASO,ES,Combined TRACON& Tower with Radar,42,18,18,1,79,0,96,14,1,111,42,114,32,2,190,8,0,8,198
03/22/2010,MYR,SC,ASO,ES,Combined TRACON& Tower with Radar,34,32,17,15,98,0,58,4,5,67,34,90,21,20,165,0,0,0,165
03/23/2010,MYR,SC,ASO,ES,Combined TRACON& Tower with Radar,31,22,14,6,73,0,68,13,2,83,31,90,27,8,156,1,2,3,159
03/24/2010,MYR,SC,ASO,ES,Combined TRACON& Tower with Radar,36,24,11,8,79,0,78,23,0,101,36,102,34,8,180,5,6,11,191
03/25/2010,MYR,SC,ASO,ES,Combined TRACON& Tower with Radar,41,27,20,4,92,0,74,12,2,88,41,101,32,6,180,32,0,32,212
03/26/2010,MYR,SC,ASO,ES,Combined TRACON& Tower with Radar,40,24,15,28,107,0,69,9,1,79,40,93,24,29,186,0,2,2,188
03/27/2010,MYR,SC,ASO,ES,Combined TRACON& Tower with Radar,41,26,20,16,103,0,174,26,14,214,41,200,46,30,317,2,14,16,333
03/28/2010,MYR,SC,ASO,ES,Combined TRACON& Tower with Radar,45,21,24,1,91,0,116,7,1,124,45,137,31,2,215,0,0,0,215
03/29/2010,MYR,SC,ASO,ES,Combined TRACON& Tower with Radar,38,21,12,5,76,0,76,7,0,83,38,97,19,5,159,12,0,12,171
03/30/2010,MYR,SC,ASO,ES,Combined TRACON& Tower with Radar,31,22,7,4,64,0,178,17,0,195,31,200,24,4,259,6,0,6,265
03/31/2010,MYR,SC,ASO,ES,Combined TRACON& Tower with Radar,32,24,18,27,101,0,122,42,8,172,32,146,60,35,273,2,12,14,287
04/01/2010,MYR,SC,ASO,ES,Combined TRACON& Tower with Radar,45,26,33,2,106,0,182,28,4,214,45,208,61,6,320,48,0,48,368
04/02/2010,MYR,SC,ASO,ES,Combined TRACON& Tower with Radar,38,27,23,1,89,0,192,26,2,220,38,219,49,3,309,16,0,16,325
04/03/2010,MYR,SC,ASO,ES,Combined TRACON& Tower with Radar,40,24,14,8,86,0,300,19,0,319,40,324,33,8,405,0,0,0,405
04/04/2010,MYR,SC,ASO,ES,Combined TRACON& Tower with Radar,45,21,22,2,90,0,261,25,1,287,45,282,47,3,377,4,0,4,381
04/05/2010,MYR,SC,ASO,ES,Combined TRACON& Tower with Radar,35,32,21,7,95,0,242,44,0,286,35,274,65,7,381,20,0,20,401
04/06/2010,MYR,SC,ASO,ES,Combined TRACON& Tower with Radar,36,21,12,12,81,0,275,28,6,309,36,296,40,18,390,4,8,12,402
04/07/2010,MYR,SC,ASO,ES,Combined TRACON& Tower with Radar,36,23,21,5,85,0,272,22,1,295,36,295,43,6,380,18,0,18,398
04/08/2010,MYR,SC,ASO,ES,Combined TRACON& Tower with Radar,48,21,13,7,89,0,304,8,5,317,48,325,21,12,406,0,12,12,418
04/09/2010,MYR,SC,ASO,ES,Combined TRACON& Tower with Radar,48,23,19,0,90,0,242,20,0,262,48,265,39,0,352,0,0,0,352
04/10/2010,MYR,SC,ASO,ES,Combined TRACON& Tower with Radar,52,25,13,5,95,0,283,19,3,305,52,308,32,8,400,14,6,20,420
04/11/2010,MYR,SC,ASO,ES,Combined TRACON& Tower with Radar,55,15,16,8,94,0,189,34,1,224,55,204,50,9,318,2,0,2,320
04/12/2010,MYR,SC,ASO,ES,Combined TRACON& Tower with Radar,41,14,10,4,69,0,79,21,4,104,41,93,31,8,173,10,0,10,183
04/13/2010,MYR,SC,ASO,ES,Combined TRACON& Tower with Radar,37,18,11,25,91,0,82,26,4,112,37,100,37,29,203,18,10,28,231
04/14/2010,MYR,SC,ASO,ES,Combined TRACON& Tower with Radar,38,17,36,8,99,0,32,5,2,39,38,49,41,10,138,0,0,0,138
04/15/2010,MYR,SC,ASO,ES,Combined TRACON& Tower with Radar,50,23,20,22,115,0,139,28,4,171,50,162,48,26,286,44,2,46,332
04/16/2010,MYR,SC,ASO,ES,Combined TRACON& Tower with Radar,43,18,20,5,86,0,83,30,2,115,43,101,50,7,201,4,0,4,205
04/17/2010,MYR,SC,ASO,ES,Combined TRACON& Tower with Radar,57,20,20,8,105,0,186,23,2,211,57,206,43,10,316,0,0,0,316
04/18/2010,MYR,SC,ASO,ES,Combined TRACON& Tower with Radar,58,14,20,5,97,0,197,23,0,220,58,211,43,5,317,6,0,6,323
04/19/2010,MYR,SC,ASO,ES,Combined TRACON& Tower with Radar,42,14,15,10,81,0,135,17,2,154,42,149,32,12,235,28,4,32,267
04/20/2010,MYR,SC,ASO,ES,Combined TRACON& Tower with Radar,37,17,24,25,103,0,120,24,0,144,37,137,48,25,247,55,2,57,304
04/21/2010,MYR,SC,ASO,ES,Combined TRACON& Tower with Radar,40,19,19,19,97,0,128,7,0,135,40,147,26,19,232,2,0,2,234
04/22/2010,MYR,SC,ASO,ES,Combined TRACON& Tower with Radar,56,19,25,18,118,0,189,27,3,219,56,208,52,21,337,0,6,6,343
04/23/2010,MYR,SC,ASO,ES,Combined TRACON& Tower with Radar,42,15,19,18,94,0,199,21,2,222,42,214,40,20,316,0,16,16,332
04/24/2010,MYR,SC,ASO,ES,Combined TRACON& Tower with Radar,52,25,8,14,99,0,195,11,6,212,52,220,19,20,311,16,2,18,329
04/25/2010,MYR,SC,ASO,ES,Combined TRACON& Tower with Radar,62,12,15,3,92,0,0,3,4,7,62,12,18,7,99,0,0,0,99
04/26/2010,MYR,SC,ASO,ES,Combined TRACON& Tower with Radar,40,16,10,9,75,0,80,8,0,88,40,96,18,9,163,10,0,10,173
04/27/2010,MYR,SC,ASO,ES,Combined TRACON& Tower with Radar,40,15,8,6,69,0,73,9,4,86,40,88,17,10,155,0,6,6,161
04/28/2010,MYR,SC,ASO,ES,Combined TRACON& Tower with Radar,37,25,47,11,120,0,58,52,2,112,37,83,99,13,232,20,14,34,266
04/29/2010,MYR,SC,ASO,ES,Combined TRACON& Tower with Radar,56,20,23,22,121,0,64,16,5,85,56,84,39,27,206,20,0,20,226
04/30/2010,MYR,SC,ASO,ES,Combined TRACON& Tower with Radar,51,23,29,12,115,0,72,29,8,109,51,95,58,20,224,0,16,16,240
05/01/2010,MYR,SC,ASO,ES,Combined TRACON& Tower with Radar,64,20,18,2,104,0,179,26,0,205,64,199,44,2,309,10,0,10,319
05/02/2010,MYR,SC,ASO,ES,Combined TRACON& Tower with Radar,71,16,30,5,122,0,128,13,0,141,71,144,43,5,263,0,0,0,263
05/03/2010,MYR,SC,ASO,ES,Combined TRACON& Tower with Radar,54,15,14,8,91,0,56,3,4,63,54,71,17,12,154,0,0,0,154
05/04/2010,MYR,SC,ASO,ES,Combined TRACON& Tower with Radar,43,21,10,0,74,0,0,2,0,2,43,21,12,0,76,0,0,0,76
05/05/2010,MYR,SC,ASO,ES,Combined TRACON& Tower with Radar,46,16,26,32,120,0,86,18,2,106,46,102,44,34,226,32,18,50,276
05/06/2010,MYR,SC,ASO,ES,Combined TRACON& Tower with Radar,63,19,21,18,121,0,109,23,1,133,63,128,44,19,254,0,4,4,258
05/07/2010,MYR,SC,ASO,ES,Combined TRACON& Tower with Radar,58,19,24,10,111,0,108,28,0,136,58,127,52,10,247,24,16,40,287
05/08/2010,MYR,SC,ASO,ES,Combined TRACON& Tower with Radar,64,20,11,4,99,0,168,23,2,193,64,188,34,6,292,0,10,10,302
05/09/2010,MYR,SC,ASO,ES,Combined TRACON& Tower with Radar,73,11,14,2,100,0,225,30,1,256,73,236,44,3,356,0,2,2,358
05/10/2010,MYR,SC,ASO,ES,Combined TRACON& Tower with Radar,55,16,14,1,86,0,117,19,3,139,55,133,33,4,225,4,0,4,229
05/11/2010,MYR,SC,ASO,ES,Combined TRACON& Tower with Radar,42,23,10,2,77,0,64,11,1,76,42,87,21,3,153,0,0,0,153
05/12/2010,MYR,SC,ASO,ES,Combined TRACON& Tower with Radar,45,21,16,13,95,0,108,20,18,146,45,129,36,31,241,24,6,30,271
05/13/2010,MYR,SC,ASO,ES,Combined TRACON& Tower with Radar,61,23,18,32,134,0,117,15,17,149,61,140,33,49,283,0,0,0,283
05/14/2010,MYR,SC,ASO,ES,Combined TRACON& Tower with Radar,57,22,14,6,99,0,160,40,31,231,57,182,54,37,330,20,4,24,354
05/15/2010,MYR,SC,ASO,ES,Combined TRACON& Tower with Radar,66,19,22,0,107,0,293,40,13,346,66,312,62,13,453,2,0,2,455
05/16/2010,MYR,SC,ASO,ES,Combined TRACON& Tower with Radar,71,18,14,4,107,0,181,11,2,194,71,199,25,6,301,0,0,0,301
05/17/2010,MYR,SC,ASO,ES,Combined TRACON& Tower with Radar,55,19,11,8,93,0,45,2,0,47,55,64,13,8,140,0,0,0,140
05/18/2010,MYR,SC,ASO,ES,Combined TRACON& Tower with Radar,43,20,10,8,81,0,46,2,0,48,43,66,12,8,129,22,0,22,151
05/19/2010,MYR,SC,ASO,ES,Combined TRACON& Tower with Radar,44,23,20,14,101,0,115,7,1,123,44,138,27,15,224,32,20,52,276
05/20/2010,MYR,SC,ASO,ES,Combined TRACON& Tower with Radar,63,23,17,3,106,0,173,18,5,196,63,196,35,8,302,4,0,4,306
05/21/2010,MYR,SC,ASO,ES,Combined TRACON& Tower with Radar,52,19,28,12,111,0,197,14,8,219,52,216,42,20,330,18,0,18,348
05/22/2010,MYR,SC,ASO,ES,Combined TRACON& Tower with Radar,66,18,20,0,104,0,183,20,0,203,66,201,40,0,307,34,0,34,341
05/23/2010,MYR,SC,ASO,ES,Combined TRACON& Tower with Radar,69,16,9,1,95,0,85,16,2,103,69,101,25,3,198,4,0,4,202
05/24/2010,MYR,SC,ASO,ES,Combined TRACON& Tower with Radar,57,17,13,3,90,0,87,3,3,93,57,104,16,6,183,14,0,14,197
05/25/2010,MYR,SC,ASO,ES,Combined TRACON& Tower with Radar,44,18,12,2,76,0,138,8,5,151,44,156,20,7,227,8,0,8,235
05/26/2010,MYR,SC,ASO,ES,Combined TRACON& Tower with Radar,44,20,16,0,80,0,160,22,2,184,44,180,38,2,264,18,0,18,282
05/27/2010,MYR,SC,ASO,ES,Combined TRACON& Tower with Radar,61,21,20,10,112,0,160,32,18,210,61,181,52,28,322,114,2,116,438
05/28/2010,MYR,SC,ASO,ES,Combined TRACON& Tower with Radar,53,27,17,2,99,0,137,17,0,154,53,164,34,2,253,0,0,0,253
05/29/2010,MYR,SC,ASO,ES,Combined TRACON& Tower with Radar,63,23,16,10,112,0,352,8,8,368,63,375,24,18,480,0,0,0,480
05/30/2010,MYR,SC,ASO,ES,Combined TRACON& Tower with Radar,74,16,18,0,108,0,417,20,0,437,74,433,38,0,545,4,0,4,549
05/31/2010,MYR,SC,ASO,ES,Combined TRACON& Tower with Radar,51,19,18,0,88,0,249,22,2,273,51,268,40,2,361,0,0,0,361
06/01/2010,MYR,SC,ASO,ES,Combined TRACON& Tower with Radar,41,17,4,12,74,0,83,2,0,85,41,100,6,12,159,0,0,0,159
06/02/2010,MYR,SC,ASO,ES,Combined TRACON& Tower with Radar,50,23,22,0,95,0,138,4,0,142,50,161,26,0,237,0,0,0,237
06/03/2010,MYR,SC,ASO,ES,Combined TRACON& Tower with Radar,64,20,27,4,115,0,235,9,0,244,64,255,36,4,359,17,4,21,380
06/04/2010,MYR,SC,ASO,ES,Combined TRACON& Tower with Radar,54,19,28,5,106,0,159,27,2,188,54,178,55,7,294,6,20,26,320
06/05/2010,MYR,SC,ASO,ES,Combined TRACON& Tower with Radar,71,14,17,3,105,0,330,12,3,345,71,344,29,6,450,6,26,32,482
06/06/2010,MYR,SC,ASO,ES,Combined TRACON& Tower with Radar,71,14,7,9,101,0,308,12,2,322,71,322,19,11,423,0,0,0,423
06/07/2010,MYR,SC,ASO,ES,Combined TRACON& Tower with Radar,54,14,23,31,122,0,283,11,4,298,54,297,34,35,420,57,0,57,477
06/08/2010,MYR,SC,ASO,ES,Combined TRACON& Tower with Radar,46,17,27,7,97,0,328,38,5,371,46,345,65,12,468,30,2,32,500
06/09/2010,MYR,SC,ASO,ES,Combined TRACON& Tower with Radar,46,20,29,16,111,0,361,20,0,381,46,381,49,16,492,4,14,18,510
06/10/2010,MYR,SC,ASO,ES,Combined TRACON& Tower with Radar,59,27,22,8,116,0,368,20,8,396,59,395,42,16,512,0,22,22,534
06/11/2010,MYR,SC,ASO,ES,Combined TRACON& Tower with Radar,54,22,32,31,139,0,364,27,0,391,54,386,59,31,530,31,10,41,571
06/12/2010,MYR,SC,ASO,ES,Combined TRACON& Tower with Radar,47,30,30,20,127,0,361,22,4,387,47,391,52,24,514,2,6,8,522
06/13/2010,MYR,SC,ASO,ES,Combined TRACON& Tower with Radar,48,14,29,0,91,0,344,22,6,372,48,358,51,6,463,6,0,6,469
06/14/2010,MYR,SC,ASO,ES,Combined TRACON& Tower with Radar,34,19,17,6,76,0,328,23,2,353,34,347,40,8,429,14,0,14,443
06/15/2010,MYR,SC,ASO,ES,Combined TRACON& Tower with Radar,28,23,27,14,92,0,396,24,1,421,28,419,51,15,513,20,6,26,539
06/16/2010,MYR,SC,ASO,ES,Combined TRACON& Tower with Radar,33,21,15,8,77,0,423,13,0,436,33,444,28,8,513,8,20,28,541
06/17/2010,MYR,SC,ASO,ES,Combined TRACON& Tower with Radar,36,22,28,6,92,0,240,23,2,265,36,262,51,8,357,26,0,26,383
06/18/2010,MYR,SC,ASO,ES,Combined TRACON& Tower with Radar,57,24,25,0,106,0,349,19,2,370,57,373,44,2,476,14,0,14,490
06/19/2010,MYR,SC,ASO,ES,Combined TRACON& Tower with Radar,74,15,19,13,121,0,408,20,3,431,74,423,39,16,552,12,4,16,568
06/20/2010,MYR,SC,ASO,ES,Combined TRACON& Tower with Radar,67,14,24,1,106,0,288,16,4,308,67,302,40,5,414,0,0,0,414
06/21/2010,MYR,SC,ASO,ES,Combined TRACON& Tower with Radar,57,22,17,9,105,0,250,23,0,273,57,272,40,9,378,22,4,26,404
06/22/2010,MYR,SC,ASO,ES,Combined TRACON& Tower with Radar,45,31,10,24,110,0,448,48,14,510,45,479,58,38,620,6,24,30,650
06/23/2010,MYR,SC,ASO,ES,Combined TRACON& Tower with Radar,54,22,15,22,113,0,443,20,4,467,54,465,35,26,580,0,24,24,604
06/24/2010,MYR,SC,ASO,ES,Combined TRACON& Tower with Radar,63,30,17,10,120,0,487,36,2,525,63,517,53,12,645,2,24,26,671
06/25/2010,MYR,SC,ASO,ES,Combined TRACON& Tower with Radar,66,22,40,4,132,0,462,23,1,486,66,484,63,5,618,0,0,0,618
06/26/2010,MYR,SC,ASO,ES,Combined TRACON& Tower with Radar,75,19,11,2,107,0,443,35,4,482,75,462,46,6,589,22,0,22,611
06/27/2010,MYR,SC,ASO,ES,Combined TRACON& Tower with Radar,69,15,24,0,108,0,133,26,0,159,69,148,50,0,267,6,0,6,273
06/28/2010,MYR,SC,ASO,ES,Combined TRACON& Tower with Radar,63,20,12,3,98,0,273,18,1,292,63,293,30,4,390,6,0,6,396
06/29/2010,MYR,SC,ASO,ES,Combined TRACON& Tower with Radar,47,19,10,13,89,0,429,25,4,458,47,448,35,17,547,10,16,26,573
06/30/2010,MYR,SC,ASO,ES,Combined TRACON& Tower with Radar,56,22,18,2,98,0,402,13,6,421,56,424,31,8,519,50,0,50,569
07/01/2010,MYR,SC,ASO,ES,Combined TRACON& Tower with Radar,59,18,34,4,115,0,338,11,4,353,59,356,45,8,468,0,24,24,492
07/02/2010,MYR,SC,ASO,ES,Combined TRACON& Tower with Radar,71,19,28,4,122,0,459,24,12,495,71,478,52,16,617,0,4,4,621
07/03/2010,MYR,SC,ASO,ES,Combined TRACON& Tower with Radar,77,18,10,0,105,0,504,38,5,547,77,522,48,5,652,22,0,22,674
07/04/2010,MYR,SC,ASO,ES,Combined TRACON& Tower with Radar,71,17,10,18,116,0,634,17,0,651,71,651,27,18,767,0,18,18,785
07/05/2010,MYR,SC,ASO,ES,Combined TRACON& Tower with Radar,61,18,23,0,102,0,584,37,0,621,61,602,60,0,723,20,0,20,743
07/06/2010,MYR,SC,ASO,ES,Combined TRACON& Tower with Radar,48,21,11,18,98,0,503,21,3,527,48,524,32,21,625,4,6,10,635
07/07/2010,MYR,SC,ASO,ES,Combined TRACON& Tower with Radar,57,19,12,18,106,0,546,23,3,572,57,565,35,21,678,26,8,34,712
07/08/2010,MYR,SC,ASO,ES,Combined TRACON& Tower with Radar,60,25,22,20,127,0,429,32,5,466,60,454,54,25,593,22,0,22,615
07/09/2010,MYR,SC,ASO,ES,Combined TRACON& Tower with Radar,68,21,30,6,125,0,423,10,2,435,68,444,40,8,560,0,6,6,566
07/10/2010,MYR,SC,ASO,ES,Combined TRACON& Tower with Radar,73,20,18,9,120,0,421,16,9,446,73,441,34,18,566,22,20,42,608
07/11/2010,MYR,SC,ASO,ES,Combined TRACON& Tower with Radar,70,15,31,9,125,0,421,15,9,445,70,436,46,18,570,10,0,10,580
07/12/2010,MYR,SC,ASO,ES,Combined TRACON& Tower with Radar,62,16,11,13,102,0,278,3,0,281,62,294,14,13,383,0,2,2,385
07/13/2010,MYR,SC,ASO,ES,Combined TRACON& Tower with Radar,42,21,28,5,96,0,361,8,0,369,42,382,36,5,465,0,0,0,465
07/14/2010,MYR,SC,ASO,ES,Combined TRACON& Tower with Radar,47,20,32,21,120,0,380,5,1,386,47,400,37,22,506,0,0,0,506
07/15/2010,MYR,SC,ASO,ES,Combined TRACON& Tower with Radar,62,20,26,0,108,0,387,8,1,396,62,407,34,1,504,36,0,36,540
07/16/2010,MYR,SC,ASO,ES,Combined TRACON& Tower with Radar,68,18,18,16,120,0,499,19,0,518,68,517,37,16,638,3,11,14,652
07/17/2010,MYR,SC,ASO,ES,Combined TRACON& Tower with Radar,80,18,21,4,123,0,459,12,4,475,80,477,33,8,598,12,0,12,610
07/18/2010,MYR,SC,ASO,ES,Combined TRACON& Tower with Radar,74,14,18,12,118,0,296,7,2,305,74,310,25,14,423,18,10,28,451
07/19/2010,MYR,SC,ASO,ES,Combined TRACON& Tower with Radar,62,16,14,6,98,0,375,10,0,385,62,391,24,6,483,10,32,42,525
07/20/2010,MYR,SC,ASO,ES,Combined TRACON& Tower with Radar,44,24,19,4,91,0,423,11,3,437,44,447,30,7,528,0,0,0,528
07/21/2010,MYR,SC,ASO,ES,Combined TRACON& Tower with Radar,52,22,20,0,94,0,402,15,0,417,52,424,35,0,511,0,0,0,511
07/22/2010,MYR,SC,ASO,ES,Combined TRACON& Tower with Radar,63,26,27,5,121,0,489,20,4,513,63,515,47,9,634,40,0,40,674
07/23/2010,MYR,SC,ASO,ES,Combined TRACON& Tower with Radar,67,19,19,3,108,0,529,24,1,554,67,548,43,4,662,6,14,20,682
07/24/2010,MYR,SC,ASO,ES,Combined TRACON& Tower with Radar,83,19,21,4,127,0,486,28,2,516,83,505,49,6,643,2,10,12,655
07/25/2010,MYR,SC,ASO,ES,Combined TRACON& Tower with Radar,74,19,16,17,126,0,403,16,3,422,74,422,32,20,548,6,0,6,554
07/26/2010,MYR,SC,ASO,ES,Combined TRACON& Tower with Radar,62,15,11,20,108,0,334,20,10,364,62,349,31,30,472,4,0,4,476
07/27/2010,MYR,SC,ASO,ES,Combined TRACON& Tower with Radar,46,20,16,1,83,0,281,9,2,292,46,301,25,3,375,0,0,0,375
07/28/2010,MYR,SC,ASO,ES,Combined TRACON& Tower with Radar,50,20,13,10,93,0,478,6,6,490,50,498,19,16,583,14,6,20,603
07/29/2010,MYR,SC,ASO,ES,Combined TRACON& Tower with Radar,61,23,22,2,108,0,389,20,2,411,61,412,42,4,519,12,0,12,531
07/30/2010,MYR,SC,ASO,ES,Combined TRACON& Tower with Radar,69,18,27,4,118,0,552,22,5,579,69,570,49,9,697,0,0,0,697
07/31/2010,MYR,SC,ASO,ES,Combined TRACON& Tower with Radar,75,15,17,0,107,0,551,18,0,569,75,566,35,0,676,10,0,10,686
08/01/2010,MYR,SC,ASO,ES,Combined TRACON& Tower with Radar,75,14,28,0,117,0,243,6,0,249,75,257,34,0,366,0,0,0,366
08/02/2010,MYR,SC,ASO,ES,Combined TRACON& Tower with Radar,63,20,10,4,97,0,341,11,0,352,63,361,21,4,449,10,0,10,459
08/03/2010,MYR,SC,ASO,ES,Combined TRACON& Tower with Radar,49,21,20,3,93,0,415,30,1,446,49,436,50,4,539,36,20,56,595
08/04/2010,MYR,SC,ASO,ES,Combined TRACON& Tower with Radar,55,18,35,23,131,0,498,26,0,524,55,516,61,23,655,0,0,0,655
08/05/2010,MYR,SC,ASO,ES,Combined TRACON& Tower with Radar,61,23,24,23,131,0,584,26,2,612,61,607,50,25,743,24,0,24,767
08/06/2010,MYR,SC,ASO,ES,Combined TRACON& Tower with Radar,66,18,28,6,118,0,216,5,1,222,66,234,33,7,340,0,0,0,340
08/07/2010,MYR,SC,ASO,ES,Combined TRACON& Tower with Radar,83,19,25,0,127,0,412,18,0,430,83,431,43,0,557,10,0,10,567
08/08/2010,MYR,SC,ASO,ES,Combined TRACON& Tower with Radar,68,20,36,4,128,0,408,26,0,434,68,428,62,4,562,0,0,0,562
08/09/2010,MYR,SC,ASO,ES,Combined TRACON& Tower with Radar,64,16,30,8,118,0,436,27,2,465,64,452,57,10,583,0,0,0,583
08/10/2010,MYR,SC,ASO,ES,Combined TRACON& Tower with Radar,50,20,10,28,108,0,456,26,8,490,50,476,36,36,598,6,10,16,614
08/11/2010,MYR,SC,ASO,ES,Combined TRACON& Tower with Radar,55,21,27,13,116,0,504,24,3,531,55,525,51,16,647,36,0,36,683
08/12/2010,MYR,SC,ASO,ES,Combined TRACON& Tower with Radar,62,19,32,17,130,0,520,19,3,542,62,539,51,20,672,8,0,8,680
08/13/2010,MYR,SC,ASO,ES,Combined TRACON& Tower with Radar,69,20,17,10,116,0,391,25,1,417,69,411,42,11,533,2,2,4,537
08/14/2010,MYR,SC,ASO,ES,Combined TRACON& Tower with Radar,80,20,27,0,127,0,329,7,2,338,80,349,34,2,465,14,0,14,479
08/15/2010,MYR,SC,ASO,ES,Combined TRACON& Tower with Radar,73,17,20,1,111,0,477,34,0,511,73,494,54,1,622,28,0,28,650
08/16/2010,MYR,SC,ASO,ES,Combined TRACON& Tower with Radar,64,20,17,7,108,0,384,20,0,404,64,404,37,7,512,31,0,31,543
08/17/2010,MYR,SC,ASO,ES,Combined TRACON& Tower with Radar,51,13,24,10,98,0,457,9,0,466,51,470,33,10,564,42,0,42,606
08/18/2010,MYR,SC,ASO,ES,Combined TRACON& Tower with Radar,51,15,19,7,92,0,507,26,0,533,51,522,45,7,625,30,0,30,655
08/19/2010,MYR,SC,ASO,ES,Combined TRACON& Tower with Radar,69,16,24,9,118,0,350,14,2,366,69,366,38,11,484,0,3,3,487
08/20/2010,MYR,SC,ASO,ES,Combined TRACON& Tower with Radar,72,16,25,23,136,0,484,22,6,512,72,500,47,29,648,0,0,0,648
08/21/2010,MYR,SC,ASO,ES,Combined TRACON& Tower with Radar,78,16,18,2,114,0,551,22,0,573,78,567,40,2,687,16,0,16,703
08/22/2010,MYR,SC,ASO,ES,Combined TRACON& Tower with Radar,75,12,13,31,131,0,289,7,5,301,75,301,20,36,432,0,2,2,434
08/23/2010,MYR,SC,ASO,ES,Combined TRACON& Tower with Radar,68,14,18,2,102,0,239,9,2,250,68,253,27,4,352,0,0,0,352
08/24/2010,MYR,SC,ASO,ES,Combined TRACON& Tower with Radar,51,14,21,0,86,0,288,10,0,298,51,302,31,0,384,4,0,4,388
08/25/2010,MYR,SC,ASO,ES,Combined TRACON& Tower with Radar,59,14,28,1,102,0,314,23,1,338,59,328,51,2,440,34,0,34,474
08/26/2010,MYR,SC,ASO,ES,Combined TRACON& Tower with Radar,64,16,19,20,119,0,325,12,2,339,64,341,31,22,458,10,0,10,468
08/27/2010,MYR,SC,ASO,ES,Combined TRACON& Tower with Radar,70,14,20,20,124,0,335,20,0,355,70,349,40,20,479,18,0,18,497
08/28/2010,MYR,SC,ASO,ES,Combined TRACON& Tower with Radar,75,18,32,0,125,0,374,47,0,421,75,392,79,0,546,16,0,16,562
08/29/2010,MYR,SC,ASO,ES,Combined TRACON& Tower with Radar,70,16,13,3,102,0,286,28,0,314,70,302,41,3,416,18,0,18,434
08/30/2010,MYR,SC,ASO,ES,Combined TRACON& Tower with Radar,63,12,10,18,103,0,136,20,0,156,63,148,30,18,259,10,4,14,273
08/31/2010,MYR,SC,ASO,ES,Combined TRACON& Tower with Radar,50,14,9,4,77,0,162,23,1,186,50,176,32,5,263,51,0,51,314
09/01/2010,MYR,SC,ASO,ES,Combined TRACON& Tower with Radar,52,15,19,0,86,0,171,28,2,201,52,186,47,2,287,16,0,16,303
09/02/2010,MYR,SC,ASO,ES,Combined TRACON& Tower with Radar,68,14,11,1,94,0,159,6,1,166,68,173,17,2,260,12,0,12,272
09/03/2010,MYR,SC,ASO,ES,Combined TRACON& Tower with Radar,63,18,11,2,94,0,150,30,0,180,63,168,41,2,274,12,18,30,304
09/04/2010,MYR,SC,ASO,ES,Combined TRACON& Tower with Radar,74,11,14,0,99,0,321,24,0,345,74,332,38,0,444,42,0,42,486
09/05/2010,MYR,SC,ASO,ES,Combined TRACON& Tower with Radar,70,11,8,0,89,0,458,26,0,484,70,469,34,0,573,0,0,0,573
09/06/2010,MYR,SC,ASO,ES,Combined TRACON& Tower with Radar,65,8,30,0,103,0,315,18,0,333,65,323,48,0,436,6,0,6,442
09/07/2010,MYR,SC,ASO,ES,Combined TRACON& Tower with Radar,31,8,14,6,59,0,93,17,0,110,31,101,31,6,169,18,0,18,187
09/08/2010,MYR,SC,ASO,ES,Combined TRACON& Tower with Radar,39,16,11,0,66,0,128,16,0,144,39,144,27,0,210,4,0,4,214
09/09/2010,MYR,SC,ASO,ES,Combined TRACON& Tower with Radar,58,21,24,23,126,0,160,17,2,179,58,181,41,25,305,0,8,8,313
09/10/2010,MYR,SC,ASO,ES,Combined TRACON& Tower with Radar,52,18,24,42,136,0,173,27,0,200,52,191,51,42,336,16,24,40,376
09/11/2010,MYR,SC,ASO,ES,Combined TRACON& Tower with Radar,67,21,13,68,169,0,252,20,9,281,67,273,33,77,450,8,28,36,486
09/12/2010,MYR,SC,ASO,ES,Combined TRACON& Tower with Radar,63,17,10,10,100,0,189,8,0,197,63,206,18,10,297,2,0,2,299
09/13/2010,MYR,SC,ASO,ES,Combined TRACON& Tower with Radar,50,14,9,0,73,0,154,16,0,170,50,168,25,0,243,0,0,0,243
09/14/2010,MYR,SC,ASO,ES,Combined TRACON& Tower with Radar,44,19,11,23,97,0,168,30,1,199,44,187,41,24,296,20,18,38,334
09/15/2010,MYR,SC,ASO,ES,Combined TRACON& Tower with Radar,45,17,14,6,82,0,167,35,0,202,45,184,49,6,284,19,44,63,347
09/16/2010,MYR,SC,ASO,ES,Combined TRACON& Tower with Radar,57,26,11,14,108,0,164,16,0,180,57,190,27,14,288,19,0,19,307
09/17/2010,MYR,SC,ASO,ES,Combined TRACON& Tower with Radar,47,21,25,4,97,0,157,23,0,180,47,178,48,4,277,0,2,2,279
09/18/2010,MYR,SC,ASO,ES,Combined TRACON& Tower with Radar,64,18,10,16,108,0,247,26,0,273,64,265,36,16,381,14,0,14,395
09/19/2010,MYR,SC,ASO,ES,Combined TRACON& Tower with Radar,61,21,20,0,102,0,225,26,0,251,61,246,46,0,353,8,0,8,361
09/20/2010,MYR,SC,ASO,ES,Combined TRACON& Tower with Radar,50,14,15,10,89,0,118,20,0,138,50,132,35,10,227,0,0,0,227
09/21/2010,MYR,SC,ASO,ES,Combined TRACON& Tower with Radar,45,16,16,8,85,0,133,21,3,157,45,149,37,11,242,6,0,6,248
09/22/2010,MYR,SC,ASO,ES,Combined TRACON& Tower with Radar,44,16,18,18,96,0,116,16,0,132,44,132,34,18,228,0,0,0,228
09/23/2010,MYR,SC,ASO,ES,Combined TRACON& Tower with Radar,51,25,16,6,98,0,167,30,0,197,51,192,46,6,295,36,8,44,339
09/24/2010,MYR,SC,ASO,ES,Combined TRACON& Tower with Radar,50,15,15,0,80,0,129,19,4,152,50,144,34,4,232,28,0,28,260
09/25/2010,MYR,SC,ASO,ES,Combined TRACON& Tower with Radar,66,20,14,2,102,0,263,22,2,287,66,283,36,4,389,0,0,0,389
09/26/2010,MYR,SC,ASO,ES,Combined TRACON& Tower with Radar,54,13,14,1,82,0,99,4,1,104,54,112,18,2,186,0,0,0,186
09/27/2010,MYR,SC,ASO,ES,Combined TRACON& Tower with Radar,46,15,17,2,80,0,0,0,0,0,46,15,17,2,80,0,0,0,80
09/28/2010,MYR,SC,ASO,ES,Combined TRACON& Tower with Radar,43,16,7,6,72,0,70,3,0,73,43,86,10,6,145,35,0,35,180
09/29/2010,MYR,SC,ASO,ES,Combined TRACON& Tower with Radar,46,14,3,0,63,0,0,0,0,0,46,14,3,0,63,0,0,0,63
09/30/2010,MYR,SC,ASO,ES,Combined TRACON& Tower with Radar,45,17,14,0,76,0,10,2,0,12,45,27,16,0,88,0,0,0,88
10/01/2010,MYR,SC,ASO,ES,Combined TRACON& Tower with Radar,48,16,35,2,101,0,61,27,0,88,48,77,62,2,189,0,18,18,207
10/02/2010,MYR,SC,ASO,ES,Combined TRACON& Tower with Radar,62,18,7,4,91,0,172,17,0,189,62,190,24,4,280,20,0,20,300
10/03/2010,MYR,SC,ASO,ES,Combined TRACON& Tower with Radar,53,19,21,0,93,0,99,13,0,112,53,118,34,0,205,10,0,10,215
10/04/2010,MYR,SC,ASO,ES,Combined TRACON& Tower with Radar,44,17,7,15,83,0,106,17,0,123,44,123,24,15,206,45,0,45,251
10/05/2010,MYR,SC,ASO,ES,Combined TRACON& Tower with Radar,43,18,9,0,70,0,73,22,2,97,43,91,31,2,167,12,0,12,179
10/06/2010,MYR,SC,ASO,ES,Combined TRACON& Tower with Radar,45,14,17,14,90,0,88,28,2,118,45,102,45,16,208,10,0,10,218
10/07/2010,MYR,SC,ASO,ES,Combined TRACON& Tower with Radar,50,19,26,3,98,0,73,32,6,111,50,92,58,9,209,46,0,46,255
10/08/2010,MYR,SC,ASO,ES,Combined TRACON& Tower with Radar,47,17,29,1,94,0,103,30,1,134,47,120,59,2,228,30,0,30,258
10/09/2010,MYR,SC,ASO,ES,Combined TRACON& Tower with Radar,61,17,19,10,107,0,150,14,0,164,61,167,33,10,271,0,0,0,271
10/10/2010,MYR,SC,ASO,ES,Combined TRACON& Tower with Radar,54,19,28,1,102,0,164,29,1,194,54,183,57,2,296,44,0,44,340
10/11/2010,MYR,SC,ASO,ES,Combined TRACON& Tower with Radar,49,15,14,7,85,0,86,13,0,99,49,101,27,7,184,0,2,2,186
10/12/2010,MYR,SC,ASO,ES,Combined TRACON& Tower with Radar,46,13,19,0,78,0,94,18,18,130,46,107,37,18,208,16,0,16,224
10/13/2010,MYR,SC,ASO,ES,Combined TRACON& Tower with Radar,48,16,18,22,104,0,55,11,0,66,48,71,29,22,170,42,8,50,220
10/14/2010,MYR,SC,ASO,ES,Combined TRACON& Tower with Radar,49,17,28,4,98,0,40,11,0,51,49,57,39,4,149,18,0,18,167
10/15/2010,MYR,SC,ASO,ES,Combined TRACON& Tower with Radar,52,16,18,11,97,0,116,31,2,149,52,132,49,13,246,10,4,14,260
10/16/2010,MYR,SC,ASO,ES,Combined TRACON& Tower with Radar,62,17,17,0,96,0,136,34,0,170,62,153,51,0,266,16,0,16,282
10/17/2010,MYR,SC,ASO,ES,Combined TRACON& Tower with Radar,51,21,20,2,94,0,96,27,2,125,51,117,47,4,219,0,0,0,219
10/18/2010,MYR,SC,ASO,ES,Combined TRACON& Tower with Radar,46,17,20,12,95,0,42,25,2,69,46,59,45,14,164,2,0,2,166
10/19/2010,MYR,SC,ASO,ES,Combined TRACON& Tower with Radar,46,16,22,8,92,0,35,36,4,75,46,51,58,12,167,16,4,20,187
10/20/2010,MYR,SC,ASO,ES,Combined TRACON& Tower with Radar,47,19,22,14,102,0,38,27,2,67,47,57,49,16,169,20,0,20,189
10/21/2010,MYR,SC,ASO,ES,Combined TRACON& Tower with Radar,48,19,21,12,100,0,60,23,0,83,48,79,44,12,183,14,0,14,197
10/22/2010,MYR,SC,ASO,ES,Combined TRACON& Tower with Radar,48,14,16,20,98,0,78,32,0,110,48,92,48,20,208,10,0,10,218
10/23/2010,MYR,SC,ASO,ES,Combined TRACON& Tower with Radar,62,23,15,19,119,0,117,29,5,151,62,140,44,24,270,12,14,26,296
10/24/2010,MYR,SC,ASO,ES,Combined TRACON& Tower with Radar,55,19,15,8,97,0,96,25,0,121,55,115,40,8,218,14,0,14,232
10/25/2010,MYR,SC,ASO,ES,Combined TRACON& Tower with Radar,49,11,10,10,80,0,4,2,2,8,49,15,12,12,88,18,16,34,122
10/26/2010,MYR,SC,ASO,ES,Combined TRACON& Tower with Radar,45,14,12,18,89,0,18,6,0,24,45,32,18,18,113,14,8,22,135
10/27/2010,MYR,SC,ASO,ES,Combined TRACON& Tower with Radar,48,12,19,12,91,0,38,16,4,58,48,50,35,16,149,0,0,0,149
10/28/2010,MYR,SC,ASO,ES,Combined TRACON& Tower with Radar,50,14,15,12,91,0,20,7,4,31,50,34,22,16,122,26,0,26,148
10/29/2010,MYR,SC,ASO,ES,Combined TRACON& Tower with Radar,44,14,12,13,83,0,62,24,1,87,44,76,36,14,170,24,8,32,202
10/30/2010,MYR,SC,ASO,ES,Combined TRACON& Tower with Radar,64,18,11,12,105,0,72,24,0,96,64,90,35,12,201,31,0,31,232
10/31/2010,MYR,SC,ASO,ES,Combined TRACON& Tower with Radar,47,24,9,0,80,0,92,17,0,109,47,116,26,0,189,28,0,28,217
11/01/2010,MYR,SC,ASO,ES,Combined TRACON& Tower with Radar,40,16,23,2,81,0,49,19,0,68,40,65,42,2,149,26,0,26,175
11/02/2010,MYR,SC,ASO,ES,Combined TRACON& Tower with Radar,41,26,24,39,130,0,21,19,0,40,41,47,43,39,170,30,20,50,220
11/03/2010,MYR,SC,ASO,ES,Combined TRACON& Tower with Radar,42,45,17,13,117,0,25,4,0,29,42,70,21,13,146,0,4,4,150
11/04/2010,MYR,SC,ASO,ES,Combined TRACON& Tower with Radar,44,18,12,19,93,0,0,1,0,1,44,18,13,19,94,0,0,0,94
11/05/2010,MYR,SC,ASO,ES,Combined TRACON& Tower with Radar,42,19,15,7,83,0,32,28,5,65,42,51,43,12,148,2,0,2,150
11/06/2010,MYR,SC,ASO,ES,Combined TRACON& Tower with Radar,51,24,16,1,92,0,77,20,1,98,51,101,36,2,190,0,0,0,190
11/07/2010,MYR,SC,ASO,ES,Combined TRACON& Tower with Radar,47,18,17,4,86,0,49,14,6,69,47,67,31,10,155,0,0,0,155
11/08/2010,MYR,SC,ASO,ES,Combined TRACON& Tower with Radar,42,14,18,3,77,0,21,21,4,46,42,35,39,7,123,8,8,16,139
11/09/2010,MYR,SC,ASO,ES,Combined TRACON& Tower with Radar,39,16,7,23,85,0,14,15,1,30,39,30,22,24,115,8,0,8,123
11/10/2010,MYR,SC,ASO,ES,Combined TRACON& Tower with Radar,42,18,15,3,78,1,22,27,3,53,43,40,42,6,131,2,0,2,133
11/11/2010,MYR,SC,ASO,ES,Combined TRACON& Tower with Radar,29,18,16,0,63,0,34,28,0,62,29,52,44,0,125,2,0,2,127
11/12/2010,MYR,SC,ASO,ES,Combined TRACON& Tower with Radar,29,17,21,27,94,0,64,27,7,98,29,81,48,34,192,6,0,6,198
11/13/2010,MYR,SC,ASO,ES,Combined TRACON& Tower with Radar,42,19,17,9,87,0,109,40,1,150,42,128,57,10,237,2,14,16,253
11/14/2010,MYR,SC,ASO,ES,Combined TRACON& Tower with Radar,35,23,14,10,82,0,42,39,0,81,35,65,53,10,163,0,0,0,163
11/15/2010,MYR,SC,ASO,ES,Combined TRACON& Tower with Radar,28,16,10,10,64,0,18,15,1,34,28,34,25,11,98,24,0,24,122
11/16/2010,MYR,SC,ASO,ES,Combined TRACON& Tower with Radar,24,20,24,8,76,0,9,11,0,20,24,29,35,8,96,16,2,18,114
11/17/2010,MYR,SC,ASO,ES,Combined TRACON& Tower with Radar,30,20,18,6,74,0,19,29,0,48,30,39,47,6,122,30,0,30,152
11/18/2010,MYR,SC,ASO,ES,Combined TRACON& Tower with Radar,31,22,55,6,114,0,0,0,0,0,31,22,55,6,114,8,0,8,122
11/19/2010,MYR,SC,ASO,ES,Combined TRACON& Tower with Radar,30,17,8,8,63,0,30,28,0,58,30,47,36,8,121,4,0,4,125
11/20/2010,MYR,SC,ASO,ES,Combined TRACON& Tower with Radar,39,19,10,0,68,0,46,20,0,66,39,65,30,0,134,0,0,0,134
11/21/2010,MYR,SC,ASO,ES,Combined TRACON& Tower with Radar,30,19,9,0,58,0,44,9,0,53,30,63,18,0,111,16,0,16,127
11/22/2010,MYR,SC,ASO,ES,Combined TRACON& Tower with Radar,31,21,17,14,83,0,22,16,1,39,31,43,33,15,122,20,0,20,142
11/23/2010,MYR,SC,ASO,ES,Combined TRACON& Tower with Radar,27,20,19,22,88,0,34,27,2,63,27,54,46,24,151,4,10,14,165
11/24/2010,MYR,SC,ASO,ES,Combined TRACON& Tower with Radar,27,19,14,18,78,0,71,20,0,91,27,90,34,18,169,4,0,4,173
11/25/2010,MYR,SC,ASO,ES,Combined TRACON& Tower with Radar,25,9,1,0,35,0,66,11,0,77,25,75,12,0,112,1,0,1,113
11/26/2010,MYR,SC,ASO,ES,Combined TRACON& Tower with Radar,32,14,11,0,57,0,65,3,0,68,32,79,14,0,125,0,0,0,125
11/27/2010,MYR,SC,ASO,ES,Combined TRACON& Tower with Radar,42,22,18,4,86,0,187,28,0,215,42,209,46,4,301,0,0,0,301
11/28/2010,MYR,SC,ASO,ES,Combined TRACON& Tower with Radar,32,22,19,0,73,0,32,38,0,70,32,54,57,0,143,0,0,0,143
11/29/2010,MYR,SC,ASO,ES,Combined TRACON& Tower with Radar,28,16,12,4,60,0,9,15,3,27,28,25,27,7,87,4,0,4,91
11/30/2010,MYR,SC,ASO,ES,Combined TRACON& Tower with Radar,26,13,6,24,69,0,4,6,0,10,26,17,12,24,79,18,0,18,97
12/01/2010,MYR,SC,ASO,ES,Combined TRACON& Tower with Radar,19,19,8,9,55,0,3,7,0,10,19,22,15,9,65,0,14,14,79
12/02/2010,MYR,SC,ASO,ES,Combined TRACON& Tower with Radar,24,16,15,3,58,0,16,22,0,38,24,32,37,3,96,4,0,4,100
12/03/2010,MYR,SC,ASO,ES,Combined TRACON& Tower with Radar,25,15,14,18,72,0,20,22,0,42,25,35,36,18,114,14,0,14,128
12/04/2010,MYR,SC,ASO,ES,Combined TRACON& Tower with Radar,26,18,11,0,55,0,22,15,2,39,26,40,26,2,94,18,0,18,112
12/05/2010,MYR,SC,ASO,ES,Combined TRACON& Tower with Radar,25,17,10,1,53,0,14,20,1,35,25,31,30,2,88,30,0,30,118
12/06/2010,MYR,SC,ASO,ES,Combined TRACON& Tower with Radar,23,18,6,16,63,0,45,8,2,55,23,63,14,18,118,26,14,40,158
12/07/2010,MYR,SC,ASO,ES,Combined TRACON& Tower with Radar,19,16,9,16,60,0,2,12,2,16,19,18,21,18,76,0,0,0,76
12/08/2010,MYR,SC,ASO,ES,Combined TRACON& Tower with Radar,23,18,26,4,71,0,64,19,2,85,23,82,45,6,156,0,0,0,156
12/09/2010,MYR,SC,ASO,ES,Combined TRACON& Tower with Radar,24,17,12,0,53,0,12,8,0,20,24,29,20,0,73,0,0,0,73
12/10/2010,MYR,SC,ASO,ES,Combined TRACON& Tower with Radar,23,21,12,3,59,0,24,12,2,38,23,45,24,5,97,18,0,18,115
12/11/2010,MYR,SC,ASO,ES,Combined TRACON& Tower with Radar,26,20,2,0,48,0,0,0,0,0,26,20,2,0,48,0,0,0,48
12/12/2010,MYR,SC,ASO,ES,Combined TRACON& Tower with Radar,22,12,13,0,47,0,10,3,0,13,22,22,16,0,60,0,0,0,60
12/13/2010,MYR,SC,ASO,ES,Combined TRACON& Tower with Radar,22,11,6,29,68,0,3,2,0,5,22,14,8,29,73,6,0,6,79
12/14/2010,MYR,SC,ASO,ES,Combined TRACON& Tower with Radar,19,19,3,7,48,0,2,11,4,17,19,21,14,11,65,0,0,0,65
12/15/2010,MYR,SC,ASO,ES,Combined TRACON& Tower with Radar,23,16,12,2,53,0,12,28,2,42,23,28,40,4,95,54,16,70,165
12/16/2010,MYR,SC,ASO,ES,Combined TRACON& Tower with Radar,28,14,9,1,52,0,10,4,0,14,28,24,13,1,66,0,0,0,66
12/17/2010,MYR,SC,ASO,ES,Combined TRACON& Tower with Radar,26,15,24,3,68,0,12,13,3,28,26,27,37,6,96,0,0,0,96
12/18/2010,MYR,SC,ASO,ES,Combined TRACON& Tower with Radar,29,21,2,0,52,0,0,0,0,0,29,21,2,0,52,0,0,0,52
12/19/2010,MYR,SC,ASO,ES,Combined TRACON& Tower with Radar,26,19,3,5,53,0,3,6,2,11,26,22,9,7,64,0,0,0,64
12/20/2010,MYR,SC,ASO,ES,Combined TRACON& Tower with Radar,24,11,13,2,50,0,34,14,1,49,24,45,27,3,99,24,0,24,123
12/21/2010,MYR,SC,ASO,ES,Combined TRACON& Tower with Radar,24,20,19,0,63,0,26,17,1,44,24,46,36,1,107,2,0,2,109
12/22/2010,MYR,SC,ASO,ES,Combined TRACON& Tower with Radar,25,16,12,19,72,0,6,7,1,14,25,22,19,20,86,0,0,0,86
12/23/2010,MYR,SC,ASO,ES,Combined TRACON& Tower with Radar,28,14,2,2,46,0,29,11,1,41,28,43,13,3,87,40,8,48,135
12/24/2010,MYR,SC,ASO,ES,Combined TRACON& Tower with Radar,26,19,4,0,49,0,20,14,0,34,26,39,18,0,83,6,0,6,89
12/25/2010,MYR,SC,ASO,ES,Combined TRACON& Tower with Radar,31,14,3,0,48,0,18,2,0,20,31,32,5,0,68,0,0,0,68
12/26/2010,MYR,SC,ASO,ES,Combined TRACON& Tower with Radar,19,15,10,0,44,0,0,1,0,1,19,15,11,0,45,0,0,0,45
12/27/2010,MYR,SC,ASO,ES,Combined TRACON& Tower with Radar,21,14,11,0,46,0,13,4,0,17,21,27,15,0,63,0,0,0,63
12/28/2010,MYR,SC,ASO,ES,Combined TRACON& Tower with Radar,19,20,16,12,67,0,75,16,0,91,19,95,32,12,158,4,0,4,162
12/29/2010,MYR,SC,ASO,ES,Combined TRACON& Tower with Radar,25,18,11,0,54,0,79,9,0,88,25,97,20,0,142,54,0,54,196
12/30/2010,MYR,SC,ASO,ES,Combined TRACON& Tower with Radar,27,23,24,4,78,0,116,22,0,138,27,139,46,4,216,6,0,6,222
12/31/2010,MYR,SC,ASO,ES,Combined TRACON& Tower with Radar,26,20,12,0,58,0,112,34,0,146,26,132,46,0,204,36,0,36,240
01/01/2011,MYR,SC,ASO,ES,Combined TRACON& Tower with Radar,29,17,5,0,51,0,94,0,0,94,29,111,5,0,145,0,0,0,145
01/02/2011,MYR,SC,ASO,ES,Combined TRACON& Tower with Radar,27,21,20,0,68,0,24,3,0,27,27,45,23,0,95,0,0,0,95
01/03/2011,MYR,SC,ASO,ES,Combined TRACON& Tower with Radar,26,14,3,0,43,0,16,2,0,18,26,30,5,0,61,16,0,16,77
01/04/2011,MYR,SC,ASO,ES,Combined TRACON& Tower with Radar,22,12,11,12,57,0,10,16,0,26,22,22,27,12,83,16,0,16,99
01/05/2011,MYR,SC,ASO,ES,Combined TRACON& Tower with Radar,21,12,13,6,52,0,6,6,2,14,21,18,19,8,66,22,4,26,92
01/06/2011,MYR,SC,ASO,ES,Combined TRACON& Tower with Radar,20,16,15,14,65,0,10,3,0,13,20,26,18,14,78,0,0,0,78
01/07/2011,MYR,SC,ASO,ES,Combined TRACON& Tower with Radar,20,14,17,6,57,0,4,10,0,14,20,18,27,6,71,16,2,18,89
01/08/2011,MYR,SC,ASO,ES,Combined TRACON& Tower with Radar,24,10,8,4,46,0,12,7,2,21,24,22,15,6,67,10,0,10,77
01/09/2011,MYR,SC,ASO,ES,Combined TRACON& Tower with Radar,24,13,10,2,49,0,20,11,0,31,24,33,21,2,80,0,0,0,80
01/10/2011,MYR,SC,ASO,ES,Combined TRACON& Tower with Radar,10,2,2,0,14,0,0,0,0,0,10,2,2,0,14,0,0,0,14
01/11/2011,MYR,SC,ASO,ES,Combined TRACON& Tower with Radar,10,4,3,0,17,0,0,0,0,0,10,4,3,0,17,0,0,0,17
01/12/2011,MYR,SC,ASO,ES,Combined TRACON& Tower with Radar,15,21,4,16,56,0,10,15,0,25,15,31,19,16,81,24,2,26,107
01/13/2011,MYR,SC,ASO,ES,Combined TRACON& Tower with Radar,20,30,36,17,103,0,12,19,6,37,20,42,55,23,140,66,24,90,230
01/14/2011,MYR,SC,ASO,ES,Combined TRACON& Tower with Radar,20,16,25,14,75,0,20,29,0,49,20,36,54,14,124,32,6,38,162
01/15/2011,MYR,SC,ASO,ES,Combined TRACON& Tower with Radar,23,9,2,2,36,0,30,16,0,46,23,39,18,2,82,20,0,20,102
01/16/2011,MYR,SC,ASO,ES,Combined TRACON& Tower with Radar,23,12,7,4,46,0,56,13,0,69,23,68,20,4,115,0,30,30,145
01/17/2011,MYR,SC,ASO,ES,Combined TRACON& Tower with Radar,21,13,14,2,50,0,6,6,0,12,21,19,20,2,62,0,0,0,62
01/18/2011,MYR,SC,ASO,ES,Combined TRACON& Tower with Radar,20,11,10,1,42,0,0,0,1,1,20,11,10,2,43,0,0,0,43
01/19/2011,MYR,SC,ASO,ES,Combined TRACON& Tower with Radar,18,13,36,9,76,0,4,5,2,11,18,17,41,11,87,12,0,12,99
01/20/2011,MYR,SC,ASO,ES,Combined TRACON& Tower with Radar,19,28,17,3,67,0,10,12,2,24,19,38,29,5,91,8,0,8,99
01/21/2011,MYR,SC,ASO,ES,Combined TRACON& Tower with Radar,20,15,10,9,54,0,4,17,1,22,20,19,27,10,76,0,0,0,76
01/22/2011,MYR,SC,ASO,ES,Combined TRACON& Tower with Radar,25,9,5,8,47,0,0,2,8,10,25,9,7,16,57,0,0,0,57
01/23/2011,MYR,SC,ASO,ES,Combined TRACON& Tower with Radar,22,15,11,1,49,0,36,14,0,50,22,51,25,1,99,4,0,4,103
01/24/2011,MYR,SC,ASO,ES,Combined TRACON& Tower with Radar,20,16,11,0,47,0,6,10,10,26,20,22,21,10,73,6,0,6,79
01/25/2011,MYR,SC,ASO,ES,Combined TRACON& Tower with Radar,22,11,12,0,45,0,0,0,0,0,22,11,12,0,45,0,0,0,45
01/26/2011,MYR,SC,ASO,ES,Combined TRACON& Tower with Radar,17,14,2,1,34,0,0,5,1,6,17,14,7,2,40,0,0,0,40
01/27/2011,MYR,SC,ASO,ES,Combined TRACON& Tower with Radar,20,14,14,8,56,0,2,37,1,40,20,16,51,9,96,12,0,12,108
01/28/2011,MYR,SC,ASO,ES,Combined TRACON& Tower with Radar,22,15,15,8,60,0,12,25,0,37,22,27,40,8,97,10,14,24,121
01/29/2011,MYR,SC,ASO,ES,Combined TRACON& Tower with Radar,24,9,15,0,48,0,68,34,0,102,24,77,49,0,150,12,0,12,162
01/30/2011,MYR,SC,ASO,ES,Combined TRACON& Tower with Radar,24,13,13,0,50,0,64,28,0,92,24,77,41,0,142,18,0,18,160
01/31/2011,MYR,SC,ASO,ES,Combined TRACON& Tower with Radar,20,14,9,0,43,0,10,2,0,12,20,24,11,0,55,0,0,0,55
02/01/2011,MYR,SC,ASO,ES,Combined TRACON& Tower with Radar,19,11,8,0,38,0,2,0,0,2,19,13,8,0,40,0,0,0,40
02/02/2011,MYR,SC,ASO,ES,Combined TRACON& Tower with Radar,19,18,3,0,40,0,7,5,4,16,19,25,8,4,56,4,0,4,60
02/03/2011,MYR,SC,ASO,ES,Combined TRACON& Tower with Radar,18,18,22,4,62,0,7,9,0,16,18,25,31,4,78,14,0,14,92
02/04/2011,MYR,SC,ASO,ES,Combined TRACON& Tower with Radar,20,16,5,4,45,0,0,0,0,0,20,16,5,4,45,0,0,0,45
02/05/2011,MYR,SC,ASO,ES,Combined TRACON& Tower with Radar,19,15,2,0,36,0,0,1,0,1,19,15,3,0,37,0,0,0,37
02/06/2011,MYR,SC,ASO,ES,Combined TRACON& Tower with Radar,22,13,9,0,44,0,47,30,2,79,22,60,39,2,123,0,0,0,123
02/07/2011,MYR,SC,ASO,ES,Combined TRACON& Tower with Radar,20,21,2,4,47,0,8,7,0,15,20,29,9,4,62,0,0,0,62
02/08/2011,MYR,SC,ASO,ES,Combined TRACON& Tower with Radar,19,13,6,8,46,0,16,12,2,30,19,29,18,10,76,0,0,0,76
02/09/2011,MYR,SC,ASO,ES,Combined TRACON& Tower with Radar,18,18,9,15,60,0,24,18,2,44,18,42,27,17,104,0,0,0,104
02/10/2011,MYR,SC,ASO,ES,Combined TRACON& Tower with Radar,20,16,4,0,40,0,8,6,0,14,20,24,10,0,54,12,0,12,66
02/11/2011,MYR,SC,ASO,ES,Combined TRACON& Tower with Radar,20,15,16,9,60,0,0,12,2,14,20,15,28,11,74,0,8,8,82
02/12/2011,MYR,SC,ASO,ES,Combined TRACON& Tower with Radar,28,9,2,16,55,0,167,23,2,192,28,176,25,18,247,16,4,20,267
02/13/2011,MYR,SC,ASO,ES,Combined TRACON& Tower with Radar,22,14,10,1,47,0,160,29,1,190,22,174,39,2,237,14,0,14,251
02/14/2011,MYR,SC,ASO,ES,Combined TRACON& Tower with Radar,22,21,7,14,64,0,66,12,0,78,22,87,19,14,142,20,12,32,174
02/15/2011,MYR,SC,ASO,ES,Combined TRACON& Tower with Radar,20,14,15,13,62,0,28,10,4,42,20,42,25,17,104,0,18,18,122
02/16/2011,MYR,SC,ASO,ES,Combined TRACON& Tower with Radar,18,16,20,0,54,0,17,24,4,45,18,33,44,4,99,24,8,32,131
02/17/2011,MYR,SC,ASO,ES,Combined TRACON& Tower with Radar,22,18,28,7,75,0,18,23,2,43,22,36,51,9,118,16,14,30,148
02/18/2011,MYR,SC,ASO,ES,Combined TRACON& Tower with Radar,27,19,39,1,86,0,42,19,3,64,27,61,58,4,150,0,0,0,150
02/19/2011,MYR,SC,ASO,ES,Combined TRACON& Tower with Radar,24,22,13,0,59,0,199,27,4,230,24,221,40,4,289,4,0,4,293
02/20/2011,MYR,SC,ASO,ES,Combined TRACON& Tower with Radar,20,19,15,1,55,0,201,18,1,220,20,220,33,2,275,0,0,0,275
02/21/2011,MYR,SC,ASO,ES,Combined TRACON& Tower with Radar,26,13,15,2,56,0,129,19,0,148,26,142,34,2,204,0,0,0,204
02/22/2011,MYR,SC,ASO,ES,Combined TRACON& Tower with Radar,19,16,18,4,57,0,52,13,0,65,19,68,31,4,122,0,4,4,126
02/23/2011,MYR,SC,ASO,ES,Combined TRACON& Tower with Radar,20,22,27,3,72,0,69,22,1,92,20,91,49,4,164,10,0,10,174
02/24/2011,MYR,SC,ASO,ES,Combined TRACON& Tower with Radar,25,18,16,0,59,0,63,13,0,76,25,81,29,0,135,8,0,8,143
02/25/2011,MYR,SC,ASO,ES,Combined TRACON& Tower with Radar,25,14,9,2,50,0,0,5,11,16,25,14,14,13,66,0,0,0,66
02/26/2011,MYR,SC,ASO,ES,Combined TRACON& Tower with Radar,20,15,24,0,59,0,196,7,9,212,20,211,31,9,271,6,0,6,277
02/27/2011,MYR,SC,ASO,ES,Combined TRACON& Tower with Radar,22,17,18,1,58,0,114,18,0,132,22,131,36,1,190,2,0,2,192
02/28/2011,MYR,SC,ASO,ES,Combined TRACON& Tower with Radar,28,12,4,2,46,0,37,3,3,43,28,49,7,5,89,0,14,14,103
03/01/2011,MYR,SC,ASO,ES,Combined TRACON& Tower with Radar,18,17,27,5,67,0,24,7,2,33,18,41,34,7,100,2,0,2,102
03/02/2011,MYR,SC,ASO,ES,Combined TRACON& Tower with Radar,22,21,13,21,77,0,48,28,1,77,22,69,41,22,154,14,18,32,186
03/03/2011,MYR,SC,ASO,ES,Combined TRACON& Tower with Radar,34,22,15,21,92,0,30,14,9,53,34,52,29,30,145,0,0,0,145
03/04/2011,MYR,SC,ASO,ES,Combined TRACON& Tower with Radar,36,36,21,6,99,0,28,16,0,44,36,64,37,6,143,0,2,2,145
03/05/2011,MYR,SC,ASO,ES,Combined TRACON& Tower with Radar,38,29,13,17,97,0,163,15,0,178,38,192,28,17,275,0,0,0,275
03/06/2011,MYR,SC,ASO,ES,Combined TRACON& Tower with Radar,35,22,8,0,65,0,0,3,0,3,35,22,11,0,68,0,0,0,68
03/07/2011,MYR,SC,ASO,ES,Combined TRACON& Tower with Radar,39,19,10,10,78,0,96,15,2,113,39,115,25,12,191,6,0,6,197
03/08/2011,MYR,SC,ASO,ES,Combined TRACON& Tower with Radar,29,19,19,38,105,0,76,17,3,96,29,95,36,41,201,39,16,55,256
03/09/2011,MYR,SC,ASO,ES,Combined TRACON& Tower with Radar,29,22,21,8,80,0,74,11,0,85,29,96,32,8,165,0,0,0,165
03/10/2011,MYR,SC,ASO,ES,Combined TRACON& Tower with Radar,36,21,14,15,86,0,26,0,0,26,36,47,14,15,112,0,8,8,120
03/11/2011,MYR,SC,ASO,ES,Combined TRACON& Tower with Radar,39,20,14,25,98,0,84,32,6,122,39,104,46,31,220,0,4,4,224
03/12/2011,MYR,SC,ASO,ES,Combined TRACON& Tower with Radar,42,23,14,12,91,0,211,43,6,260,42,234,57,18,351,8,22,30,381
03/13/2011,MYR,SC,ASO,ES,Combined TRACON& Tower with Radar,38,19,17,13,87,0,183,28,4,215,38,202,45,17,302,2,0,2,304
03/14/2011,MYR,SC,ASO,ES,Combined TRACON& Tower with Radar,41,16,12,0,69,0,117,20,1,138,41,133,32,1,207,36,0,36,243
03/15/2011,MYR,SC,ASO,ES,Combined TRACON& Tower with Radar,28,17,20,5,70,0,132,7,1,140,28,149,27,6,210,0,0,0,210
03/16/2011,MYR,SC,ASO,ES,Combined TRACON& Tower with Radar,30,18,18,4,70,0,209,8,0,217,30,227,26,4,287,6,2,8,295
03/17/2011,MYR,SC,ASO,ES,Combined TRACON& Tower with Radar,39,20,19,0,78,0,230,25,5,260,39,250,44,5,338,36,0,36,374
03/18/2011,MYR,SC,ASO,ES,Combined TRACON& Tower with Radar,42,23,25,6,96,0,187,15,3,205,42,210,40,9,301,2,2,4,305
03/19/2011,MYR,SC,ASO,ES,Combined TRACON& Tower with Radar,42,25,31,0,98,0,277,36,0,313,42,302,67,0,411,18,0,18,429
03/20/2011,MYR,SC,ASO,ES,Combined TRACON& Tower with Radar,39,18,11,2,70,0,186,14,4,204,39,204,25,6,274,2,0,2,276
03/21/2011,MYR,SC,ASO,ES,Combined TRACON& Tower with Radar,39,17,16,22,94,0,118,14,2,134,39,135,30,24,228,0,28,28,256
03/22/2011,MYR,SC,ASO,ES,Combined TRACON& Tower with Radar,27,20,19,3,69,0,90,19,4,113,27,110,38,7,182,4,0,4,186
03/23/2011,MYR,SC,ASO,ES,Combined TRACON& Tower with Radar,25,17,21,2,65,0,80,8,1,89,25,97,29,3,154,0,0,0,154
03/24/2011,MYR,SC,ASO,ES,Combined TRACON& Tower with Radar,41,22,14,8,85,0,94,8,0,102,41,116,22,8,187,0,0,0,187
03/25/2011,MYR,SC,ASO,ES,Combined TRACON& Tower with Radar,42,20,33,9,104,0,139,41,1,181,42,159,74,10,285,12,2,14,299
03/26/2011,MYR,SC,ASO,ES,Combined TRACON& Tower with Radar,45,22,18,8,93,0,226,7,0,233,45,248,25,8,326,32,0,32,358
03/27/2011,MYR,SC,ASO,ES,Combined TRACON& Tower with Radar,43,14,14,0,71,0,2,0,0,2,43,16,14,0,73,0,0,0,73
03/28/2011,MYR,SC,ASO,ES,Combined TRACON& Tower with Radar,39,15,11,2,67,0,0,1,0,1,39,15,12,2,68,0,0,0,68
03/29/2011,MYR,SC,ASO,ES,Combined TRACON& Tower with Radar,26,19,16,8,69,0,222,28,4,254,26,241,44,12,323,36,4,40,363
03/30/2011,MYR,SC,ASO,ES,Combined TRACON& Tower with Radar,31,23,3,0,57,0,30,2,0,32,31,53,5,0,89,0,0,0,89
03/31/2011,MYR,SC,ASO,ES,Combined TRACON& Tower with Radar,40,17,15,2,74,0,0,0,0,0,40,17,15,2,74,0,0,0,74
04/01/2011,MYR,SC,ASO,ES,Combined TRACON& Tower with Radar,41,25,24,15,105,0,80,15,0,95,41,105,39,15,200,0,0,0,200
04/02/2011,MYR,SC,ASO,ES,Combined TRACON& Tower with Radar,47,19,14,9,89,0,232,20,1,253,47,251,34,10,342,12,2,14,356
04/03/2011,MYR,SC,ASO,ES,Combined TRACON& Tower with Radar,45,22,25,1,93,0,158,32,0,190,45,180,57,1,283,22,0,22,305
04/04/2011,MYR,SC,ASO,ES,Combined TRACON& Tower with Radar,41,19,8,22,90,0,152,12,3,167,41,171,20,25,257,22,4,26,283
04/05/2011,MYR,SC,ASO,ES,Combined TRACON& Tower with Radar,26,28,4,0,58,0,16,3,2,21,26,44,7,2,79,6,0,6,85
04/06/2011,MYR,SC,ASO,ES,Combined TRACON& Tower with Radar,31,21,15,0,67,0,237,8,0,245,31,258,23,0,312,10,0,10,322
04/07/2011,MYR,SC,ASO,ES,Combined TRACON& Tower with Radar,46,25,24,10,105,0,218,28,5,251,46,243,52,15,356,22,30,52,408
04/08/2011,MYR,SC,ASO,ES,Combined TRACON& Tower with Radar,44,20,24,8,96,0,168,19,1,188,44,188,43,9,284,16,0,16,300
04/09/2011,MYR,SC,ASO,ES,Combined TRACON& Tower with Radar,57,18,15,10,100,0,134,6,0,140,57,152,21,10,240,0,0,0,240
04/10/2011,MYR,SC,ASO,ES,Combined TRACON& Tower with Radar,46,21,32,0,99,0,102,9,0,111,46,123,41,0,210,0,0,0,210
04/11/2011,MYR,SC,ASO,ES,Combined TRACON& Tower with Radar,40,20,16,6,82,0,56,12,15,83,40,76,28,21,165,0,4,4,169
04/12/2011,MYR,SC,ASO,ES,Combined TRACON& Tower with Radar,31,17,15,1,64,0,38,5,0,43,31,55,20,1,107,6,0,6,113
04/13/2011,MYR,SC,ASO,ES,Combined TRACON& Tower with Radar,33,27,17,13,90,0,118,19,9,146,33,145,36,22,236,6,20,26,262
04/14/2011,MYR,SC,ASO,ES,Combined TRACON& Tower with Radar,42,21,18,21,102,0,118,29,37,184,42,139,47,58,286,0,0,0,286
04/15/2011,MYR,SC,ASO,ES,Combined TRACON& Tower with Radar,44,16,19,4,83,0,111,11,2,124,44,127,30,6,207,20,24,44,251
04/16/2011,MYR,SC,ASO,ES,Combined TRACON& Tower with Radar,52,20,8,1,81,0,50,1,1,52,52,70,9,2,133,0,0,0,133
04/17/2011,MYR,SC,ASO,ES,Combined TRACON& Tower with Radar,43,22,17,15,97,0,206,22,0,228,43,228,39,15,325,0,8,8,333
04/18/2011,MYR,SC,ASO,ES,Combined TRACON& Tower with Radar,44,19,25,4,92,0,237,22,2,261,44,256,47,6,353,14,16,30,383
04/19/2011,MYR,SC,ASO,ES,Combined TRACON& Tower with Radar,34,20,20,9,83,0,368,12,0,380,34,388,32,9,463,0,18,18,481
04/20/2011,MYR,SC,ASO,ES,Combined TRACON& Tower with Radar,36,22,13,25,96,0,414,11,3,428,36,436,24,28,524,14,0,14,538
04/21/2011,MYR,SC,ASO,ES,Combined TRACON& Tower with Radar,44,19,20,6,89,0,459,14,0,473,44,478,34,6,562,6,0,6,568
04/22/2011,MYR,SC,ASO,ES,Combined TRACON& Tower with Radar,42,21,28,14,105,0,106,8,0,114,42,127,36,14,219,0,0,0,219
04/23/2011,MYR,SC,ASO,ES,Combined TRACON& Tower with Radar,49,19,12,0,80,0,379,4,2,385,49,398,16,2,465,0,0,0,465
04/24/2011,MYR,SC,ASO,ES,Combined TRACON& Tower with Radar,46,20,28,0,94,0,227,15,0,242,46,247,43,0,336,12,0,12,348
04/25/2011,MYR,SC,ASO,ES,Combined TRACON& Tower with Radar,45,34,29,12,120,0,155,26,0,181,45,189,55,12,301,16,4,20,321
04/26/2011,MYR,SC,ASO,ES,Combined TRACON& Tower with Radar,35,21,12,6,74,0,58,5,0,63,35,79,17,6,137,16,0,16,153
04/27/2011,MYR,SC,ASO,ES,Combined TRACON& Tower with Radar,39,17,16,4,76,0,182,5,24,211,39,199,21,28,287,0,0,0,287
04/28/2011,MYR,SC,ASO,ES,Combined TRACON& Tower with Radar,40,18,11,0,69,0,33,2,0,35,40,51,13,0,104,0,0,0,104
04/29/2011,MYR,SC,ASO,ES,Combined TRACON& Tower with Radar,41,35,38,30,144,0,239,36,1,276,41,274,74,31,420,14,0,14,434
04/30/2011,MYR,SC,ASO,ES,Combined TRACON& Tower with Radar,52,23,27,29,131,0,221,58,11,290,52,244,85,40,421,0,6,6,427
05/01/2011,MYR,SC,ASO,ES,Combined TRACON& Tower with Radar,48,15,28,3,94,0,132,28,2,162,48,147,56,5,256,6,0,6,262
05/02/2011,MYR,SC,ASO,ES,Combined TRACON& Tower with Radar,46,18,20,12,96,0,67,18,4,89,46,85,38,16,185,26,0,26,211
05/03/2011,MYR,SC,ASO,ES,Combined TRACON& Tower with Radar,41,15,12,5,73,0,95,11,5,111,41,110,23,10,184,14,0,14,198
05/04/2011,MYR,SC,ASO,ES,Combined TRACON& Tower with Radar,38,17,11,7,73,0,80,11,5,96,38,97,22,12,169,0,0,0,169
05/05/2011,MYR,SC,ASO,ES,Combined TRACON& Tower with Radar,64,17,12,5,98,0,125,27,0,152,64,142,39,5,250,8,0,8,258
05/06/2011,MYR,SC,ASO,ES,Combined TRACON& Tower with Radar,55,19,17,6,97,0,56,12,0,68,55,75,29,6,165,0,0,0,165
05/07/2011,MYR,SC,ASO,ES,Combined TRACON& Tower with Radar,66,16,12,11,105,0,175,17,1,193,66,191,29,12,298,0,6,6,304
05/08/2011,MYR,SC,ASO,ES,Combined TRACON& Tower with Radar,63,11,7,1,82,0,167,11,2,180,63,178,18,3,262,0,6,6,268
05/09/2011,MYR,SC,ASO,ES,Combined TRACON& Tower with Radar,52,13,13,27,105,0,125,15,2,142,52,138,28,29,247,8,24,32,279
05/10/2011,MYR,SC,ASO,ES,Combined TRACON& Tower with Radar,48,28,3,9,88,0,78,4,1,83,48,106,7,10,171,2,0,2,173
05/11/2011,MYR,SC,ASO,ES,Combined TRACON& Tower with Radar,49,16,16,1,82,0,145,9,0,154,49,161,25,1,236,0,0,0,236
05/12/2011,MYR,SC,ASO,ES,Combined TRACON& Tower with Radar,61,26,18,12,117,0,131,27,2,160,61,157,45,14,277,0,0,0,277
05/13/2011,MYR,SC,ASO,ES,Combined TRACON& Tower with Radar,56,13,23,0,92,0,118,17,2,137,56,131,40,2,229,0,0,0,229
05/14/2011,MYR,SC,ASO,ES,Combined TRACON& Tower with Radar,64,18,10,0,92,0,200,12,0,212,64,218,22,0,304,0,0,0,304
05/15/2011,MYR,SC,ASO,ES,Combined TRACON& Tower with Radar,56,16,28,0,100,0,163,13,2,178,56,179,41,2,278,14,0,14,292
05/16/2011,MYR,SC,ASO,ES,Combined TRACON& Tower with Radar,54,23,13,31,121,0,107,19,1,127,54,130,32,32,248,12,14,26,274
05/17/2011,MYR,SC,ASO,ES,Combined TRACON& Tower with Radar,44,13,11,10,78,0,74,6,2,82,44,87,17,12,160,0,0,0,160
05/18/2011,MYR,SC,ASO,ES,Combined TRACON& Tower with Radar,45,12,19,3,79,0,109,33,1,143,45,121,52,4,222,10,0,10,232
05/19/2011,MYR,SC,ASO,ES,Combined TRACON& Tower with Radar,61,15,24,0,100,0,161,44,2,207,61,176,68,2,307,0,0,0,307
05/20/2011,MYR,SC,ASO,ES,Combined TRACON& Tower with Radar,59,18,23,8,108,0,224,20,0,244,59,242,43,8,352,8,0,8,360
05/21/2011,MYR,SC,ASO,ES,Combined TRACON& Tower with Radar,66,15,19,14,114,0,263,30,3,296,66,278,49,17,410,4,0,4,414
05/22/2011,MYR,SC,ASO,ES,Combined TRACON& Tower with Radar,68,16,18,1,103,0,139,21,0,160,68,155,39,1,263,0,0,0,263
05/23/2011,MYR,SC,ASO,ES,Combined TRACON& Tower with Radar,54,16,21,17,108,0,100,8,0,108,54,116,29,17,216,0,0,0,216
05/24/2011,MYR,SC,ASO,ES,Combined TRACON& Tower with Radar,48,15,23,14,100,0,174,17,6,197,48,189,40,20,297,6,26,32,329
05/25/2011,MYR,SC,ASO,ES,Combined TRACON& Tower with Radar,45,19,12,5,81,0,134,24,1,159,45,153,36,6,240,26,0,26,266
05/26/2011,MYR,SC,ASO,ES,Combined TRACON& Tower with Radar,62,17,15,1,95,0,169,13,1,183,62,186,28,2,278,0,0,0,278
05/27/2011,MYR,SC,ASO,ES,Combined TRACON& Tower with Radar,57,22,26,3,108,0,187,11,2,200,57,209,37,5,308,10,0,10,318
05/28/2011,MYR,SC,ASO,ES,Combined TRACON& Tower with Radar,63,20,10,2,95,0,219,29,0,248,63,239,39,2,343,0,0,0,343
05/29/2011,MYR,SC,ASO,ES,Combined TRACON& Tower with Radar,64,35,12,0,111,0,502,18,0,520,64,537,30,0,631,24,0,24,655
05/30/2011,MYR,SC,ASO,ES,Combined TRACON& Tower with Radar,55,14,12,0,81,0,214,32,0,246,55,228,44,0,327,18,0,18,345
05/31/2011,MYR,SC,ASO,ES,Combined TRACON& Tower with Radar,46,12,18,1,77,0,110,19,1,130,46,122,37,2,207,6,0,6,213
06/01/2011,MYR,SC,ASO,ES,Combined TRACON& Tower with Radar,47,14,19,30,110,0,138,21,3,162,47,152,40,33,272,0,18,18,290
06/02/2011,MYR,SC,ASO,ES,Combined TRACON& Tower with Radar,68,17,8,15,108,0,140,21,3,164,68,157,29,18,272,0,8,8,280
06/03/2011,MYR,SC,ASO,ES,Combined TRACON& Tower with Radar,55,13,20,1,89,0,191,18,1,210,55,204,38,2,299,0,0,0,299
06/04/2011,MYR,SC,ASO,ES,Combined TRACON& Tower with Radar,68,22,8,0,98,0,298,34,0,332,68,320,42,0,430,4,0,4,434
06/05/2011,MYR,SC,ASO,ES,Combined TRACON& Tower with Radar,68,12,15,0,95,0,156,18,0,174,68,168,33,0,269,0,0,0,269
06/06/2011,MYR,SC,ASO,ES,Combined TRACON& Tower with Radar,59,6,12,4,81,0,191,12,2,205,59,197,24,6,286,0,0,0,286
06/07/2011,MYR,SC,ASO,ES,Combined TRACON& Tower with Radar,50,10,13,4,77,0,122,8,0,130,50,132,21,4,207,6,0,6,213
06/08/2011,MYR,SC,ASO,ES,Combined TRACON& Tower with Radar,54,14,9,14,91,0,259,10,2,271,54,273,19,16,362,6,0,6,368
06/09/2011,MYR,SC,ASO,ES,Combined TRACON& Tower with Radar,63,14,6,6,89,0,264,15,0,279,63,278,21,6,368,0,30,30,398
06/10/2011,MYR,SC,ASO,ES,Combined TRACON& Tower with Radar,56,10,17,16,99,0,263,34,8,305,56,273,51,24,404,12,0,12,416
06/11/2011,MYR,SC,ASO,ES,Combined TRACON& Tower with Radar,70,18,12,10,110,0,311,17,6,334,70,329,29,16,444,0,8,8,452
06/12/2011,MYR,SC,ASO,ES,Combined TRACON& Tower with Radar,66,10,15,0,91,0,283,21,4,308,66,293,36,4,399,4,0,4,403
06/13/2011,MYR,SC,ASO,ES,Combined TRACON& Tower with Radar,55,29,11,8,103,0,254,18,1,273,55,283,29,9,376,4,6,10,386
06/14/2011,MYR,SC,ASO,ES,Combined TRACON& Tower with Radar,51,13,28,0,92,0,276,17,4,297,51,289,45,4,389,8,0,8,397
06/15/2011,MYR,SC,ASO,ES,Combined TRACON& Tower with Radar,51,15,16,6,88,0,300,21,2,323,51,315,37,8,411,24,2,26,437
06/16/2011,MYR,SC,ASO,ES,Combined TRACON& Tower with Radar,69,12,14,15,110,0,303,21,5,329,69,315,35,20,439,10,20,30,469
06/17/2011,MYR,SC,ASO,ES,Combined TRACON& Tower with Radar,52,13,17,0,82,0,292,16,0,308,52,305,33,0,390,2,0,2,392
06/18/2011,MYR,SC,ASO,ES,Combined TRACON& Tower with Radar,76,14,20,11,121,0,344,25,15,384,76,358,45,26,505,8,2,10,515
06/19/2011,MYR,SC,ASO,ES,Combined TRACON& Tower with Radar,67,9,21,0,97,0,264,5,2,271,67,273,26,2,368,12,0,12,380
06/20/2011,MYR,SC,ASO,ES,Combined TRACON& Tower with Radar,55,10,12,19,96,0,224,21,1,246,55,234,33,20,342,0,0,0,342
06/21/2011,MYR,SC,ASO,ES,Combined TRACON& Tower with Radar,48,12,20,2,82,0,75,3,3,81,48,87,23,5,163,8,0,8,171
06/22/2011,MYR,SC,ASO,ES,Combined TRACON& Tower with Radar,53,13,12,18,96,0,292,7,4,303,53,305,19,22,399,36,14,50,449
06/23/2011,MYR,SC,ASO,ES,Combined TRACON& Tower with Radar,71,14,18,7,110,0,227,17,2,246,71,241,35,9,356,2,8,10,366
06/24/2011,MYR,SC,ASO,ES,Combined TRACON& Tower with Radar,61,19,14,11,105,0,353,8,3,364,61,372,22,14,469,0,0,0,469
06/25/2011,MYR,SC,ASO,ES,Combined TRACON& Tower with Radar,78,17,26,0,121,0,344,22,0,366,78,361,48,0,487,10,0,10,497
06/26/2011,MYR,SC,ASO,ES,Combined TRACON& Tower with Radar,73,12,20,4,109,0,269,18,2,289,73,281,38,6,398,6,4,10,408
06/27/2011,MYR,SC,ASO,ES,Combined TRACON& Tower with Radar,63,11,14,6,94,0,292,11,1,304,63,303,25,7,398,0,6,6,404
06/28/2011,MYR,SC,ASO,ES,Combined TRACON& Tower with Radar,47,12,14,4,77,0,304,13,3,320,47,316,27,7,397,12,0,12,409
06/29/2011,MYR,SC,ASO,ES,Combined TRACON& Tower with Radar,58,13,21,4,96,0,347,16,5,368,58,360,37,9,464,26,0,26,490
06/30/2011,MYR,SC,ASO,ES,Combined TRACON& Tower with Radar,71,19,18,13,121,0,133,12,1,146,71,152,30,14,267,20,10,30,297
07/01/2011,MYR,SC,ASO,ES,Combined TRACON& Tower with Radar,67,22,28,8,125,0,341,15,2,358,67,363,43,10,483,0,0,0,483
07/02/2011,MYR,SC,ASO,ES,Combined TRACON& Tower with Radar,80,19,16,0,115,0,394,19,0,413,80,413,35,0,528,18,0,18,546
07/03/2011,MYR,SC,ASO,ES,Combined TRACON& Tower with Radar,78,10,14,6,108,0,497,13,0,510,78,507,27,6,618,4,0,4,622
07/04/2011,MYR,SC,ASO,ES,Combined TRACON& Tower with Radar,63,14,10,0,87,0,448,18,4,470,63,462,28,4,557,0,0,0,557
07/05/2011,MYR,SC,ASO,ES,Combined TRACON& Tower with Radar,54,6,32,2,94,0,434,22,2,458,54,440,54,4,552,22,0,22,574
07/06/2011,MYR,SC,ASO,ES,Combined TRACON& Tower with Radar,55,13,24,9,101,0,449,8,1,458,55,462,32,10,559,13,10,23,582
07/07/2011,MYR,SC,ASO,ES,Combined TRACON& Tower with Radar,73,18,21,13,125,0,409,24,2,435,73,427,45,15,560,2,0,2,562
07/08/2011,MYR,SC,ASO,ES,Combined TRACON& Tower with Radar,59,12,18,1,90,0,237,3,2,242,59,249,21,3,332,8,0,8,340
07/09/2011,MYR,SC,ASO,ES,Combined TRACON& Tower with Radar,78,18,30,3,129,0,211,11,4,226,78,229,41,7,355,2,0,2,357
07/10/2011,MYR,SC,ASO,ES,Combined TRACON& Tower with Radar,76,8,18,0,102,0,307,18,1,326,76,315,36,1,428,0,0,0,428
07/11/2011,MYR,SC,ASO,ES,Combined TRACON& Tower with Radar,65,8,17,11,101,0,334,16,2,352,65,342,33,13,453,0,0,0,453
07/12/2011,MYR,SC,ASO,ES,Combined TRACON& Tower with Radar,49,6,10,13,78,0,314,12,2,328,49,320,22,15,406,0,20,20,426
07/13/2011,MYR,SC,ASO,ES,Combined TRACON& Tower with Radar,61,8,23,2,94,0,380,20,2,402,61,388,43,4,496,0,16,16,512
07/14/2011,MYR,SC,ASO,ES,Combined TRACON& Tower with Radar,74,13,28,0,115,0,394,11,8,413,74,407,39,8,528,0,0,0,528
07/15/2011,MYR,SC,ASO,ES,Combined TRACON& Tower with Radar,66,8,19,0,93,0,460,26,2,488,66,468,45,2,581,22,0,22,603
07/16/2011,MYR,SC,ASO,ES,Combined TRACON& Tower with Radar,80,21,19,5,125,0,370,13,2,385,80,391,32,7,510,8,0,8,518
07/17/2011,MYR,SC,ASO,ES,Combined TRACON& Tower with Radar,74,10,14,2,100,0,349,29,0,378,74,359,43,2,478,6,0,6,484
07/18/2011,MYR,SC,ASO,ES,Combined TRACON& Tower with Radar,62,8,16,17,103,0,325,21,0,346,62,333,37,17,449,2,8,10,459
07/19/2011,MYR,SC,ASO,ES,Combined TRACON& Tower with Radar,49,13,7,3,72,0,439,19,0,458,49,452,26,3,530,6,0,6,536
07/20/2011,MYR,SC,ASO,ES,Combined TRACON& Tower with Radar,60,12,28,6,106,0,412,26,4,442,60,424,54,10,548,33,0,33,581
07/21/2011,MYR,SC,ASO,ES,Combined TRACON& Tower with Radar,72,24,21,25,142,0,427,15,2,444,72,451,36,27,586,16,4,20,606
07/22/2011,MYR,SC,ASO,ES,Combined TRACON& Tower with Radar,66,17,19,2,104,0,381,16,2,399,66,398,35,4,503,18,0,18,521
07/23/2011,MYR,SC,ASO,ES,Combined TRACON& Tower with Radar,80,21,8,0,109,0,338,11,10,359,80,359,19,10,468,26,0,26,494
07/24/2011,MYR,SC,ASO,ES,Combined TRACON& Tower with Radar,76,12,16,1,105,0,227,18,9,254,76,239,34,10,359,12,0,12,371
07/25/2011,MYR,SC,ASO,ES,Combined TRACON& Tower with Radar,56,8,26,6,96,0,251,1,4,256,56,259,27,10,352,0,0,0,352
07/26/2011,MYR,SC,ASO,ES,Combined TRACON& Tower with Radar,48,7,8,0,63,0,64,1,4,69,48,71,9,4,132,0,0,0,132
07/27/2011,MYR,SC,ASO,ES,Combined TRACON& Tower with Radar,58,12,15,0,85,0,303,6,2,311,58,315,21,2,396,6,0,6,402
07/28/2011,MYR,SC,ASO,ES,Combined TRACON& Tower with Radar,75,16,21,11,123,0,423,22,1,446,75,439,43,12,569,16,2,18,587
07/29/2011,MYR,SC,ASO,ES,Combined TRACON& Tower with Radar,63,18,17,29,127,0,513,22,4,539,63,531,39,33,666,26,14,40,706
07/30/2011,MYR,SC,ASO,ES,Combined TRACON& Tower with Radar,77,20,17,17,131,0,470,22,0,492,77,490,39,17,623,26,4,30,653
07/31/2011,MYR,SC,ASO,ES,Combined TRACON& Tower with Radar,70,10,19,5,104,0,185,14,8,207,70,195,33,13,311,10,0,10,321
08/01/2011,MYR,SC,ASO,ES,Combined TRACON& Tower with Radar,65,8,7,12,92,0,332,2,0,334,65,340,9,12,426,22,10,32,458
08/02/2011,MYR,SC,ASO,ES,Combined TRACON& Tower with Radar,51,6,13,0,70,0,418,30,0,448,51,424,43,0,518,40,0,40,558
08/03/2011,MYR,SC,ASO,ES,Combined TRACON& Tower with Radar,57,10,21,1,89,0,462,19,0,481,57,472,40,1,570,52,0,52,622
08/04/2011,MYR,SC,ASO,ES,Combined TRACON& Tower with Radar,75,10,10,2,97,0,369,15,1,385,75,379,25,3,482,12,0,12,494
08/05/2011,MYR,SC,ASO,ES,Combined TRACON& Tower with Radar,66,10,17,0,93,0,206,7,4,217,66,216,24,4,310,15,0,15,325
08/06/2011,MYR,SC,ASO,ES,Combined TRACON& Tower with Radar,79,21,15,0,115,0,271,11,2,284,79,292,26,2,399,18,0,18,417
08/07/2011,MYR,SC,ASO,ES,Combined TRACON& Tower with Radar,73,10,15,1,99,0,300,13,1,314,73,310,28,2,413,4,4,8,421
08/08/2011,MYR,SC,ASO,ES,Combined TRACON& Tower with Radar,63,10,16,22,111,0,256,20,2,278,63,266,36,24,389,2,6,8,397
08/09/2011,MYR,SC,ASO,ES,Combined TRACON& Tower with Radar,46,13,6,0,65,0,381,16,0,397,46,394,22,0,462,16,0,16,478
08/10/2011,MYR,SC,ASO,ES,Combined TRACON& Tower with Radar,55,10,18,4,87,0,424,14,1,439,55,434,32,5,526,16,18,34,560
08/11/2011,MYR,SC,ASO,ES,Combined TRACON& Tower with Radar,75,12,19,6,112,0,466,13,2,481,75,478,32,8,593,0,0,0,593
08/12/2011,MYR,SC,ASO,ES,Combined TRACON& Tower with Radar,67,16,20,11,114,0,290,15,0,305,67,306,35,11,419,0,4,4,423
08/13/2011,MYR,SC,ASO,ES,Combined TRACON& Tower with Radar,74,20,13,9,116,0,417,3,0,420,74,437,16,9,536,0,6,6,542
08/14/2011,MYR,SC,ASO,ES,Combined TRACON& Tower with Radar,68,8,11,14,101,0,296,9,2,307,68,304,20,16,408,0,8,8,416
08/15/2011,MYR,SC,ASO,ES,Combined TRACON& Tower with Radar,57,13,17,17,104,0,314,20,2,336,57,327,37,19,440,18,4,22,462
08/16/2011,MYR,SC,ASO,ES,Combined TRACON& Tower with Radar,47,11,21,16,95,0,340,20,2,362,47,351,41,18,457,2,6,8,465
08/17/2011,MYR,SC,ASO,ES,Combined TRACON& Tower with Radar,53,12,27,26,118,0,384,20,2,406,53,396,47,28,524,6,0,6,530
08/18/2011,MYR,SC,ASO,ES,Combined TRACON& Tower with Radar,62,12,15,6,95,0,299,18,0,317,62,311,33,6,412,0,4,4,416
08/19/2011,MYR,SC,ASO,ES,Combined TRACON& Tower with Radar,61,12,14,14,101,0,480,15,5,500,61,492,29,19,601,4,12,16,617
08/20/2011,MYR,SC,ASO,ES,Combined TRACON& Tower with Radar,76,16,11,0,103,0,331,16,0,347,76,347,27,0,450,28,0,28,478
08/21/2011,MYR,SC,ASO,ES,Combined TRACON& Tower with Radar,59,11,14,1,85,0,252,14,3,269,59,263,28,4,354,14,0,14,368
08/22/2011,MYR,SC,ASO,ES,Combined TRACON& Tower with Radar,57,11,3,0,71,0,188,6,0,194,57,199,9,0,265,8,0,8,273
08/23/2011,MYR,SC,ASO,ES,Combined TRACON& Tower with Radar,45,10,11,0,66,0,308,16,0,324,45,318,27,0,390,2,0,2,392
08/24/2011,MYR,SC,ASO,ES,Combined TRACON& Tower with Radar,50,10,15,2,77,0,290,31,0,321,50,300,46,2,398,8,0,8,406
08/25/2011,MYR,SC,ASO,ES,Combined TRACON& Tower with Radar,52,12,11,2,77,0,318,9,1,328,52,330,20,3,405,16,2,18,423
08/26/2011,MYR,SC,ASO,ES,Combined TRACON& Tower with Radar,51,7,3,1,62,0,0,0,3,3,51,7,3,4,65,0,0,0,65
08/27/2011,MYR,SC,ASO,ES,Combined TRACON& Tower with Radar,27,6,0,0,33,0,0,2,10,12,27,6,2,10,45,0,0,0,45
08/28/2011,MYR,SC,ASO,ES,Combined TRACON& Tower with Radar,42,7,6,0,55,0,83,23,0,106,42,90,29,0,161,8,0,8,169
08/29/2011,MYR,SC,ASO,ES,Combined TRACON& Tower with Radar,56,13,10,0,79,0,65,11,0,76,56,78,21,0,155,6,8,14,169
08/30/2011,MYR,SC,ASO,ES,Combined TRACON& Tower with Radar,47,14,17,3,81,0,108,3,4,115,47,122,20,7,196,26,0,26,222
08/31/2011,MYR,SC,ASO,ES,Combined TRACON& Tower with Radar,49,10,9,8,76,0,86,20,0,106,49,96,29,8,182,8,6,14,196
09/01/2011,MYR,SC,ASO,ES,Combined TRACON& Tower with Radar,58,10,20,13,101,0,177,20,3,200,58,187,40,16,301,0,0,0,301
09/02/2011,MYR,SC,ASO,ES,Combined TRACON& Tower with Radar,55,12,22,0,89,0,199,26,3,228,55,211,48,3,317,12,0,12,329
09/03/2011,MYR,SC,ASO,ES,Combined TRACON& Tower with Radar,62,18,13,0,93,0,299,18,4,321,62,317,31,4,414,2,0,2,416
09/04/2011,MYR,SC,ASO,ES,Combined TRACON& Tower with Radar,59,9,18,0,86,0,488,22,0,510,59,497,40,0,596,2,0,2,598
09/05/2011,MYR,SC,ASO,ES,Combined TRACON& Tower with Radar,56,13,18,0,87,0,253,6,0,259,56,266,24,0,346,8,0,8,354
09/06/2011,MYR,SC,ASO,ES,Combined TRACON& Tower with Radar,42,12,8,0,62,0,63,4,0,67,42,75,12,0,129,0,0,0,129
09/07/2011,MYR,SC,ASO,ES,Combined TRACON& Tower with Radar,34,13,9,16,72,0,161,20,2,183,34,174,29,18,255,18,6,24,279
09/08/2011,MYR,SC,ASO,ES,Combined TRACON& Tower with Radar,43,12,14,9,78,0,192,27,0,219,43,204,41,9,297,24,14,38,335
09/09/2011,MYR,SC,ASO,ES,Combined TRACON& Tower with Radar,48,13,16,22,99,0,225,18,2,245,48,238,34,24,344,0,58,58,402
09/10/2011,MYR,SC,ASO,ES,Combined TRACON& Tower with Radar,53,18,15,1,87,0,322,22,0,344,53,340,37,1,431,0,0,0,431
09/11/2011,MYR,SC,ASO,ES,Combined TRACON& Tower with Radar,46,8,19,3,76,0,204,17,8,229,46,212,36,11,305,12,0,12,317
09/12/2011,MYR,SC,ASO,ES,Combined TRACON& Tower with Radar,46,12,4,1,63,0,114,14,1,129,46,126,18,2,192,14,0,14,206
09/13/2011,MYR,SC,ASO,ES,Combined TRACON& Tower with Radar,28,15,10,10,63,0,111,16,0,127,28,126,26,10,190,24,22,46,236
09/14/2011,MYR,SC,ASO,ES,Combined TRACON& Tower with Radar,33,15,15,12,75,0,200,19,0,219,33,215,34,12,294,10,0,10,304
09/15/2011,MYR,SC,ASO,ES,Combined TRACON& Tower with Radar,44,12,14,15,85,0,153,16,6,175,44,165,30,21,260,8,4,12,272
09/16/2011,MYR,SC,ASO,ES,Combined TRACON& Tower with Radar,52,12,17,4,85,0,105,6,2,113,52,117,23,6,198,0,0,0,198
09/17/2011,MYR,SC,ASO,ES,Combined TRACON& Tower with Radar,55,18,8,4,85,0,81,3,0,84,55,99,11,4,169,0,0,0,169
09/18/2011,MYR,SC,ASO,ES,Combined TRACON& Tower with Radar,49,11,18,3,81,0,180,19,0,199,49,191,37,3,280,0,0,0,280
09/19/2011,MYR,SC,ASO,ES,Combined TRACON& Tower with Radar,43,10,8,12,73,0,79,8,0,87,43,89,16,12,160,4,4,8,168
09/20/2011,MYR,SC,ASO,ES,Combined TRACON& Tower with Radar,30,18,10,0,58,0,77,3,0,80,30,95,13,0,138,0,0,0,138
09/21/2011,MYR,SC,ASO,ES,Combined TRACON& Tower with Radar,31,18,19,0,68,0,48,1,0,49,31,66,20,0,117,0,0,0,117
09/22/2011,MYR,SC,ASO,ES,Combined TRACON& Tower with Radar,44,12,15,0,71,0,70,5,0,75,44,82,20,0,146,0,0,0,146
09/23/2011,MYR,SC,ASO,ES,Combined TRACON& Tower with Radar,40,18,18,0,76,0,60,3,0,63,40,78,21,0,139,34,0,34,173
09/24/2011,MYR,SC,ASO,ES,Combined TRACON& Tower with Radar,53,18,12,0,83,0,144,7,2,153,53,162,19,2,236,24,0,24,260
09/25/2011,MYR,SC,ASO,ES,Combined TRACON& Tower with Radar,49,16,10,0,75,0,131,1,2,134,49,147,11,2,209,14,0,14,223
09/26/2011,MYR,SC,ASO,ES,Combined TRACON& Tower with Radar,43,11,5,1,60,0,18,4,0,22,43,29,9,1,82,2,0,2,84
09/27/2011,MYR,SC,ASO,ES,Combined TRACON& Tower with Radar,29,14,13,4,60,0,93,11,0,104,29,107,24,4,164,0,0,0,164
09/28/2011,MYR,SC,ASO,ES,Combined TRACON& Tower with Radar,31,17,9,0,57,0,76,11,0,87,31,93,20,0,144,10,0,10,154
09/29/2011,MYR,SC,ASO,ES,Combined TRACON& Tower with Radar,44,12,14,13,83,0,103,24,3,130,44,115,38,16,213,30,0,30,243
09/30/2011,MYR,SC,ASO,ES,Combined TRACON& Tower with Radar,44,14,7,1,66,0,144,18,1,163,44,158,25,2,229,0,6,6,235
10/01/2011,MYR,SC,ASO,ES,Combined TRACON& Tower with Radar,53,22,8,0,83,0,184,26,1,211,53,206,34,1,294,0,0,0,294
10/02/2011,MYR,SC,ASO,ES,Combined TRACON& Tower with Radar,49,15,21,0,85,0,117,27,0,144,49,132,48,0,229,0,0,0,229
10/03/2011,MYR,SC,ASO,ES,Combined TRACON& Tower with Radar,45,12,2,15,74,0,83,17,3,103,45,95,19,18,177,4,14,18,195
10/04/2011,MYR,SC,ASO,ES,Combined TRACON& Tower with Radar,32,14,13,16,75,0,84,20,2,106,32,98,33,18,181,10,0,10,191
10/05/2011,MYR,SC,ASO,ES,Combined TRACON& Tower with Radar,36,14,12,1,63,0,54,21,0,75,36,68,33,1,138,31,0,31,169
10/06/2011,MYR,SC,ASO,ES,Combined TRACON& Tower with Radar,44,15,14,47,120,0,89,30,0,119,44,104,44,47,239,6,38,44,283
10/07/2011,MYR,SC,ASO,ES,Combined TRACON& Tower with Radar,46,14,15,14,89,0,108,24,4,136,46,122,39,18,225,0,0,0,225
10/08/2011,MYR,SC,ASO,ES,Combined TRACON& Tower with Radar,53,17,17,0,87,0,119,27,0,146,53,136,44,0,233,0,0,0,233
10/09/2011,MYR,SC,ASO,ES,Combined TRACON& Tower with Radar,50,10,16,0,76,0,82,7,3,92,50,92,23,3,168,6,0,6,174
10/10/2011,MYR,SC,ASO,ES,Combined TRACON& Tower with Radar,47,10,12,0,69,0,12,1,3,16,47,22,13,3,85,0,0,0,85
10/11/2011,MYR,SC,ASO,ES,Combined TRACON& Tower with Radar,31,14,8,0,53,0,0,0,0,0,31,14,8,0,53,0,0,0,53
10/12/2011,MYR,SC,ASO,ES,Combined TRACON& Tower with Radar,37,12,18,17,84,0,71,1,0,72,37,83,19,17,156,6,0,6,162
10/13/2011,MYR,SC,ASO,ES,Combined TRACON& Tower with Radar,41,14,21,13,89,0,48,7,0,55,41,62,28,13,144,32,0,32,176
10/14/2011,MYR,SC,ASO,ES,Combined TRACON& Tower with Radar,42,12,13,8,75,0,78,26,1,105,42,90,39,9,180,2,0,2,182
10/15/2011,MYR,SC,ASO,ES,Combined TRACON& Tower with Radar,51,16,16,0,83,0,94,17,0,111,51,110,33,0,194,0,0,0,194
10/16/2011,MYR,SC,ASO,ES,Combined TRACON& Tower with Radar,54,10,30,0,94,0,113,28,4,145,54,123,58,4,239,0,0,0,239
10/17/2011,MYR,SC,ASO,ES,Combined TRACON& Tower with Radar,43,12,14,6,75,0,67,23,0,90,43,79,37,6,165,0,0,0,165
10/18/2011,MYR,SC,ASO,ES,Combined TRACON& Tower with Radar,31,20,10,0,61,0,48,6,0,54,31,68,16,0,115,0,0,0,115
10/19/2011,MYR,SC,ASO,ES,Combined TRACON& Tower with Radar,33,14,16,23,86,0,24,3,0,27,33,38,19,23,113,0,0,0,113
10/20/2011,MYR,SC,ASO,ES,Combined TRACON& Tower with Radar,44,14,6,2,66,0,32,10,3,45,44,46,16,5,111,0,0,0,111
10/21/2011,MYR,SC,ASO,ES,Combined TRACON& Tower with Radar,46,14,26,21,107,0,32,17,0,49,46,46,43,21,156,6,10,16,172
10/22/2011,MYR,SC,ASO,ES,Combined TRACON& Tower with Radar,51,17,11,7,86,0,106,19,0,125,51,123,30,7,211,0,0,0,211
10/23/2011,MYR,SC,ASO,ES,Combined TRACON& Tower with Radar,49,12,15,0,76,0,76,16,0,92,49,88,31,0,168,0,0,0,168
10/24/2011,MYR,SC,ASO,ES,Combined TRACON& Tower with Radar,43,12,18,10,83,0,26,10,0,36,43,38,28,10,119,0,2,2,121
10/25/2011,MYR,SC,ASO,ES,Combined TRACON& Tower with Radar,33,12,16,2,63,0,24,9,0,33,33,36,25,2,96,16,0,16,112
10/26/2011,MYR,SC,ASO,ES,Combined TRACON& Tower with Radar,36,12,15,15,78,0,34,14,5,53,36,46,29,20,131,15,0,15,146
10/27/2011,MYR,SC,ASO,ES,Combined TRACON& Tower with Radar,42,14,17,5,78,0,26,16,2,44,42,40,33,7,122,30,0,30,152
10/28/2011,MYR,SC,ASO,ES,Combined TRACON& Tower with Radar,50,14,13,5,82,0,10,9,0,19,50,24,22,5,101,14,0,14,115
10/29/2011,MYR,SC,ASO,ES,Combined TRACON& Tower with Radar,45,19,3,0,67,0,33,2,0,35,45,52,5,0,102,0,0,0,102
10/30/2011,MYR,SC,ASO,ES,Combined TRACON& Tower with Radar,47,19,12,1,79,0,52,18,1,71,47,71,30,2,150,4,0,4,154
10/31/2011,MYR,SC,ASO,ES,Combined TRACON& Tower with Radar,40,16,8,9,73,0,8,3,0,11,40,24,11,9,84,0,8,8,92
11/01/2011,MYR,SC,ASO,ES,Combined TRACON& Tower with Radar,30,14,15,8,67,0,16,13,0,29,30,30,28,8,96,0,0,0,96
11/02/2011,MYR,SC,ASO,ES,Combined TRACON& Tower with Radar,34,12,14,12,72,0,30,16,3,49,34,42,30,15,121,6,0,6,127
11/03/2011,MYR,SC,ASO,ES,Combined TRACON& Tower with Radar,42,15,22,2,81,0,32,28,2,62,42,47,50,4,143,14,0,14,157
11/04/2011,MYR,SC,ASO,ES,Combined TRACON& Tower with Radar,41,21,21,4,87,0,0,2,0,2,41,21,23,4,89,0,0,0,89
11/05/2011,MYR,SC,ASO,ES,Combined TRACON& Tower with Radar,51,20,11,3,85,0,52,18,1,71,51,72,29,4,156,2,0,2,158
11/06/2011,MYR,SC,ASO,ES,Combined TRACON& Tower with Radar,49,18,17,0,84,0,36,15,0,51,49,54,32,0,135,24,0,24,159
11/07/2011,MYR,SC,ASO,ES,Combined TRACON& Tower with Radar,37,20,12,11,80,0,19,16,0,35,37,39,28,11,115,2,4,6,121
11/08/2011,MYR,SC,ASO,ES,Combined TRACON& Tower with Radar,28,14,11,4,57,0,32,10,0,42,28,46,21,4,99,24,0,24,123
11/09/2011,MYR,SC,ASO,ES,Combined TRACON& Tower with Radar,31,14,15,8,68,0,25,13,4,42,31,39,28,12,110,2,10,12,122
11/10/2011,MYR,SC,ASO,ES,Combined TRACON& Tower with Radar,33,12,14,6,65,0,21,7,0,28,33,33,21,6,93,0,6,6,99
11/11/2011,MYR,SC,ASO,ES,Combined TRACON& Tower with Radar,34,15,13,0,62,0,35,17,0,52,34,50,30,0,114,28,0,28,142
11/12/2011,MYR,SC,ASO,ES,Combined TRACON& Tower with Radar,39,20,7,0,66,0,80,24,0,104,39,100,31,0,170,16,0,16,186
11/13/2011,MYR,SC,ASO,ES,Combined TRACON& Tower with Radar,35,11,14,0,60,0,40,22,4,66,35,51,36,4,126,8,0,8,134
11/14/2011,MYR,SC,ASO,ES,Combined TRACON& Tower with Radar,27,22,17,13,79,0,16,15,0,31,27,38,32,13,110,4,28,32,142
11/15/2011,MYR,SC,ASO,ES,Combined TRACON& Tower with Radar,26,15,18,23,82,0,12,3,0,15,26,27,21,23,97,0,0,0,97
11/16/2011,MYR,SC,ASO,ES,Combined TRACON& Tower with Radar,26,18,12,35,91,0,16,0,0,16,26,34,12,35,107,0,20,20,127
11/17/2011,MYR,SC,ASO,ES,Combined TRACON& Tower with Radar,34,13,21,0,68,0,0,1,5,6,34,13,22,5,74,0,0,0,74
11/18/2011,MYR,SC,ASO,ES,Combined TRACON& Tower with Radar,32,17,27,6,82,0,18,15,1,34,32,35,42,7,116,34,6,40,156
11/19/2011,MYR,SC,ASO,ES,Combined TRACON& Tower with Radar,38,20,16,12,86,0,47,18,4,69,38,67,34,16,155,2,34,36,191
11/20/2011,MYR,SC,ASO,ES,Combined TRACON& Tower with Radar,35,13,20,0,68,0,26,16,0,42,35,39,36,0,110,0,0,0,110
11/21/2011,MYR,SC,ASO,ES,Combined TRACON& Tower with Radar,29,12,9,14,64,0,54,21,6,81,29,66,30,20,145,2,4,6,151
11/22/2011,MYR,SC,ASO,ES,Combined TRACON& Tower with Radar,28,14,15,4,61,0,33,10,0,43,28,47,25,4,104,9,24,33,137
11/23/2011,MYR,SC,ASO,ES,Combined TRACON& Tower with Radar,28,14,10,0,52,0,23,6,0,29,28,37,16,0,81,0,0,0,81
11/24/2011,MYR,SC,ASO,ES,Combined TRACON& Tower with Radar,24,5,4,0,33,0,54,12,0,66,24,59,16,0,99,2,0,2,101
11/25/2011,MYR,SC,ASO,ES,Combined TRACON& Tower with Radar,30,9,22,0,61,0,164,21,0,185,30,173,43,0,246,4,0,4,250
11/26/2011,MYR,SC,ASO,ES,Combined TRACON& Tower with Radar,38,16,21,0,75,0,178,30,0,208,38,194,51,0,283,4,14,18,301
11/27/2011,MYR,SC,ASO,ES,Combined TRACON& Tower with Radar,33,16,14,0,63,0,37,10,0,47,33,53,24,0,110,24,0,24,134
11/28/2011,MYR,SC,ASO,ES,Combined TRACON& Tower with Radar,32,12,9,20,73,0,14,4,2,20,32,26,13,22,93,0,8,8,101
11/29/2011,MYR,SC,ASO,ES,Combined TRACON& Tower with Radar,24,15,2,15,56,0,10,2,1,13,24,25,4,16,69,0,18,18,87
11/30/2011,MYR,SC,ASO,ES,Combined TRACON& Tower with Radar,25,15,15,8,63,0,2,18,2,22,25,17,33,10,85,22,0,22,107
12/01/2011,MYR,SC,ASO,ES,Combined TRACON& Tower with Radar,26,14,12,12,64,0,7,16,0,23,26,21,28,12,87,0,16,16,103
12/02/2011,MYR,SC,ASO,ES,Combined TRACON& Tower with Radar,27,20,11,4,62,0,10,17,2,29,27,30,28,6,91,0,2,2,93
12/03/2011,MYR,SC,ASO,ES,Combined TRACON& Tower with Radar,29,8,5,26,68,0,22,23,3,48,29,30,28,29,116,0,8,8,124
12/04/2011,MYR,SC,ASO,ES,Combined TRACON& Tower with Radar,29,12,14,0,55,0,12,26,0,38,29,24,40,0,93,4,0,4,97
12/05/2011,MYR,SC,ASO,ES,Combined TRACON& Tower with Radar,25,12,7,12,56,0,12,6,0,18,25,24,13,12,74,0,0,0,74
12/06/2011,MYR,SC,ASO,ES,Combined TRACON& Tower with Radar,24,13,12,17,66,0,6,4,0,10,24,19,16,17,76,8,12,20,96
12/07/2011,MYR,SC,ASO,ES,Combined TRACON& Tower with Radar,23,19,5,10,57,0,12,4,2,18,23,31,9,12,75,8,27,35,110
12/08/2011,MYR,SC,ASO,ES,Combined TRACON& Tower with Radar,28,14,7,7,56,0,10,12,4,26,28,24,19,11,82,16,0,16,98
12/09/2011,MYR,SC,ASO,ES,Combined TRACON& Tower with Radar,29,12,22,4,67,0,27,18,2,47,29,39,40,6,114,8,0,8,122
12/10/2011,MYR,SC,ASO,ES,Combined TRACON& Tower with Radar,27,10,14,10,61,0,26,9,0,35,27,36,23,10,96,14,0,14,110
12/11/2011,MYR,SC,ASO,ES,Combined TRACON& Tower with Radar,29,6,14,0,49,0,18,15,0,33,29,24,29,0,82,10,0,10,92
12/12/2011,MYR,SC,ASO,ES,Combined TRACON& Tower with Radar,27,10,14,9,60,0,9,6,0,15,27,19,20,9,75,8,0,8,83
12/13/2011,MYR,SC,ASO,ES,Combined TRACON& Tower with Radar,25,13,12,5,55,0,12,26,0,38,25,25,38,5,93,4,0,4,97
12/14/2011,MYR,SC,ASO,ES,Combined TRACON& Tower with Radar,25,14,6,8,53,0,5,11,8,24,25,19,17,16,77,4,0,4,81
12/15/2011,MYR,SC,ASO,ES,Combined TRACON& Tower with Radar,28,11,10,19,68,0,10,13,0,23,28,21,23,19,91,10,4,14,105
12/16/2011,MYR,SC,ASO,ES,Combined TRACON& Tower with Radar,28,10,17,10,65,0,14,32,0,46,28,24,49,10,111,0,20,20,131
12/17/2011,MYR,SC,ASO,ES,Combined TRACON& Tower with Radar,28,22,20,0,70,0,34,15,0,49,28,56,35,0,119,10,0,10,129
12/18/2011,MYR,SC,ASO,ES,Combined TRACON& Tower with Radar,25,14,18,0,57,0,16,25,0,41,25,30,43,0,98,26,0,26,124
12/19/2011,MYR,SC,ASO,ES,Combined TRACON& Tower with Radar,26,10,14,0,50,0,18,19,0,37,26,28,33,0,87,2,0,2,89
12/20/2011,MYR,SC,ASO,ES,Combined TRACON& Tower with Radar,24,13,22,12,71,0,40,7,4,51,24,53,29,16,122,19,2,21,143
12/21/2011,MYR,SC,ASO,ES,Combined TRACON& Tower with Radar,25,14,16,14,69,0,2,6,2,10,25,16,22,16,79,0,0,0,79
12/22/2011,MYR,SC,ASO,ES,Combined TRACON& Tower with Radar,30,20,24,10,84,0,18,17,0,35,30,38,41,10,119,10,12,22,141
12/23/2011,MYR,SC,ASO,ES,Combined TRACON& Tower with Radar,28,16,5,0,49,0,20,12,2,34,28,36,17,2,83,8,0,8,91
12/24/2011,MYR,SC,ASO,ES,Combined TRACON& Tower with Radar,31,15,10,0,56,0,40,14,0,54,31,55,24,0,110,16,8,24,134
12/25/2011,MYR,SC,ASO,ES,Combined TRACON& Tower with Radar,25,8,5,0,38,0,12,5,0,17,25,20,10,0,55,0,0,0,55
12/26/2011,MYR,SC,ASO,ES,Combined TRACON& Tower with Radar,31,15,21,0,67,0,109,18,0,127,31,124,39,0,194,0,0,0,194
12/27/2011,MYR,SC,ASO,ES,Combined TRACON& Tower with Radar,25,19,12,0,56,0,6,0,0,6,25,25,12,0,62,0,0,0,62
12/28/2011,MYR,SC,ASO,ES,Combined TRACON& Tower with Radar,28,18,17,8,71,0,86,13,0,99,28,104,30,8,170,2,0,2,172
12/29/2011,MYR,SC,ASO,ES,Combined TRACON& Tower with Radar,32,19,12,11,74,0,97,28,2,127,32,116,40,13,201,0,8,8,209
12/30/2011,MYR,SC,ASO,ES,Combined TRACON& Tower with Radar,31,24,15,3,73,0,90,26,1,117,31,114,41,4,190,10,0,10,200
12/31/2011,MYR,SC,ASO,ES,Combined TRACON& Tower with Radar,33,18,13,4,68,0,108,20,0,128,33,126,33,4,196,12,0,12,208
01/01/2012,MYR,SC,ASO,ES,Combined TRACON& Tower with Radar,29,12,9,0,50,0,134,20,0,154,29,146,29,0,204,0,0,0,204
01/02/2012,MYR,SC,ASO,ES,Combined TRACON& Tower with Radar,27,15,14,0,56,0,60,6,0,66,27,75,20,0,122,0,0,0,122
01/03/2012,MYR,SC,ASO,ES,Combined TRACON& Tower with Radar,22,21,16,4,63,0,6,1,0,7,22,27,17,4,70,0,4,4,74
01/04/2012,MYR,SC,ASO,ES,Combined TRACON& Tower with Radar,23,12,4,5,44,0,16,13,0,29,23,28,17,5,73,6,0,6,79
01/05/2012,MYR,SC,ASO,ES,Combined TRACON& Tower with Radar,26,16,11,18,71,0,38,9,2,49,26,54,20,20,120,0,18,18,138
01/06/2012,MYR,SC,ASO,ES,Combined TRACON& Tower with Radar,26,21,13,12,72,0,10,19,4,33,26,31,32,16,105,16,18,34,139
01/07/2012,MYR,SC,ASO,ES,Combined TRACON& Tower with Radar,28,12,13,8,61,0,30,18,0,48,28,42,31,8,109,2,10,12,121
01/08/2012,MYR,SC,ASO,ES,Combined TRACON& Tower with Radar,29,12,13,10,64,0,30,15,0,45,29,42,28,10,109,14,0,14,123
01/09/2012,MYR,SC,ASO,ES,Combined TRACON& Tower with Radar,27,14,8,6,55,0,4,8,0,12,27,18,16,6,67,0,0,0,67
01/10/2012,MYR,SC,ASO,ES,Combined TRACON& Tower with Radar,21,12,14,12,59,0,0,1,0,1,21,12,15,12,60,8,0,8,68
01/11/2012,MYR,SC,ASO,ES,Combined TRACON& Tower with Radar,23,14,4,14,55,0,0,2,1,3,23,14,6,15,58,0,0,0,58
01/12/2012,MYR,SC,ASO,ES,Combined TRACON& Tower with Radar,26,19,26,10,81,0,12,15,3,30,26,31,41,13,111,32,27,59,170
01/13/2012,MYR,SC,ASO,ES,Combined TRACON& Tower with Radar,22,17,14,2,55,0,13,4,0,17,22,30,18,2,72,0,0,0,72
01/14/2012,MYR,SC,ASO,ES,Combined TRACON& Tower with Radar,24,18,17,5,64,0,54,14,3,71,24,72,31,8,135,0,0,0,135
01/15/2012,MYR,SC,ASO,ES,Combined TRACON& Tower with Radar,24,13,13,0,50,0,49,21,0,70,24,62,34,0,120,0,0,0,120
01/16/2012,MYR,SC,ASO,ES,Combined TRACON& Tower with Radar,23,20,13,2,58,0,22,22,0,44,23,42,35,2,102,0,0,0,102
01/17/2012,MYR,SC,ASO,ES,Combined TRACON& Tower with Radar,22,20,9,14,65,0,17,9,4,30,22,37,18,18,95,0,0,0,95
01/18/2012,MYR,SC,ASO,ES,Combined TRACON& Tower with Radar,22,14,15,3,54,0,0,8,2,10,22,14,23,5,64,0,0,0,64
01/19/2012,MYR,SC,ASO,ES,Combined TRACON& Tower with Radar,22,15,2,9,48,0,22,23,0,45,22,37,25,9,93,0,0,0,93
01/20/2012,MYR,SC,ASO,ES,Combined TRACON& Tower with Radar,21,15,17,21,74,0,49,8,9,66,21,64,25,30,140,0,0,0,140
01/21/2012,MYR,SC,ASO,ES,Combined TRACON& Tower with Radar,24,11,1,9,45,0,30,2,2,34,24,41,3,11,79,0,0,0,79
01/22/2012,MYR,SC,ASO,ES,Combined TRACON& Tower with Radar,22,13,4,3,42,0,2,0,0,2,22,15,4,3,44,0,0,0,44
01/23/2012,MYR,SC,ASO,ES,Combined TRACON& Tower with Radar,22,14,9,2,47,0,0,0,0,0,22,14,9,2,47,0,0,0,47
01/24/2012,MYR,SC,ASO,ES,Combined TRACON& Tower with Radar,23,13,13,29,78,0,8,12,3,23,23,21,25,32,101,0,0,0,101
01/25/2012,MYR,SC,ASO,ES,Combined TRACON& Tower with Radar,22,13,20,2,57,0,12,21,2,35,22,25,41,4,92,0,0,0,92
01/26/2012,MYR,SC,ASO,ES,Combined TRACON& Tower with Radar,22,17,18,2,59,0,4,10,4,18,22,21,28,6,77,0,20,20,97
01/27/2012,MYR,SC,ASO,ES,Combined TRACON& Tower with Radar,22,15,3,1,41,0,12,3,2,17,22,27,6,3,58,0,8,8,66
01/28/2012,MYR,SC,ASO,ES,Combined TRACON& Tower with Radar,28,12,12,18,70,0,62,23,0,85,28,74,35,18,155,22,20,42,197
01/29/2012,MYR,SC,ASO,ES,Combined TRACON& Tower with Radar,25,15,8,5,53,0,54,20,4,78,25,69,28,9,131,8,12,20,151
01/30/2012,MYR,SC,ASO,ES,Combined TRACON& Tower with Radar,23,11,21,6,61,0,12,24,0,36,23,23,45,6,97,16,0,16,113
01/31/2012,MYR,SC,ASO,ES,Combined TRACON& Tower with Radar,23,13,15,28,79,0,8,16,2,26,23,21,31,30,105,24,6,30,135
02/01/2012,MYR,SC,ASO,ES,Combined TRACON& Tower with Radar,22,14,14,0,50,0,23,14,0,37,22,37,28,0,87,16,0,16,103
02/02/2012,MYR,SC,ASO,ES,Combined TRACON& Tower with Radar,23,16,13,11,63,0,12,7,0,19,23,28,20,11,82,0,0,0,82
02/03/2012,MYR,SC,ASO,ES,Combined TRACON& Tower with Radar,21,16,16,9,62,0,20,12,0,32,21,36,28,9,94,24,20,44,138
02/04/2012,MYR,SC,ASO,ES,Combined TRACON& Tower with Radar,30,12,13,4,59,0,65,20,0,85,30,77,33,4,144,16,0,16,160
02/05/2012,MYR,SC,ASO,ES,Combined TRACON& Tower with Radar,21,13,7,2,43,0,40,0,1,41,21,53,7,3,84,4,0,4,88
02/06/2012,MYR,SC,ASO,ES,Combined TRACON& Tower with Radar,24,13,11,6,54,0,2,3,1,6,24,15,14,7,60,20,0,20,80
02/07/2012,MYR,SC,ASO,ES,Combined TRACON& Tower with Radar,31,16,22,13,82,4,28,26,0,58,35,44,48,13,140,40,2,42,182
02/08/2012,MYR,SC,ASO,ES,Combined TRACON& Tower with Radar,29,12,11,6,58,0,16,20,0,36,29,28,31,6,94,26,10,36,130
02/09/2012,MYR,SC,ASO,ES,Combined TRACON& Tower with Radar,21,16,16,1,54,0,2,10,17,29,21,18,26,18,83,0,0,0,83
02/10/2012,MYR,SC,ASO,ES,Combined TRACON& Tower with Radar,22,18,18,31,89,0,6,7,0,13,22,24,25,31,102,0,2,2,104
02/11/2012,MYR,SC,ASO,ES,Combined TRACON& Tower with Radar,22,15,4,0,41,0,124,7,4,135,22,139,11,4,176,0,0,0,176
02/12/2012,MYR,SC,ASO,ES,Combined TRACON& Tower with Radar,22,12,11,0,45,0,75,11,0,86,22,87,22,0,131,0,0,0,131
02/13/2012,MYR,SC,ASO,ES,Combined TRACON& Tower with Radar,22,18,6,10,56,0,28,17,0,45,22,46,23,10,101,12,6,18,119
02/14/2012,MYR,SC,ASO,ES,Combined TRACON& Tower with Radar,23,15,8,10,56,0,24,9,0,33,23,39,17,10,89,18,14,32,121
02/15/2012,MYR,SC,ASO,ES,Combined TRACON& Tower with Radar,23,16,17,9,65,0,23,16,9,48,23,39,33,18,113,4,8,12,125
02/16/2012,MYR,SC,ASO,ES,Combined TRACON& Tower with Radar,27,23,19,14,83,0,17,0,0,17,27,40,19,14,100,12,0,12,112
02/17/2012,MYR,SC,ASO,ES,Combined TRACON& Tower with Radar,25,15,33,4,77,0,64,24,0,88,25,79,57,4,165,16,0,16,181
02/18/2012,MYR,SC,ASO,ES,Combined TRACON& Tower with Radar,28,20,17,0,65,0,159,21,0,180,28,179,38,0,245,0,0,0,245
02/19/2012,MYR,SC,ASO,ES,Combined TRACON& Tower with Radar,26,10,5,1,42,0,0,0,1,1,26,10,5,2,43,0,0,0,43
02/20/2012,MYR,SC,ASO,ES,Combined TRACON& Tower with Radar,30,13,20,0,63,0,63,7,0,70,30,76,27,0,133,0,0,0,133
02/21/2012,MYR,SC,ASO,ES,Combined TRACON& Tower with Radar,24,10,22,6,62,0,24,14,0,38,24,34,36,6,100,0,6,6,106
02/22/2012,MYR,SC,ASO,ES,Combined TRACON& Tower with Radar,26,10,14,3,53,0,66,15,0,81,26,76,29,3,134,0,6,6,140
02/23/2012,MYR,SC,ASO,ES,Combined TRACON& Tower with Radar,28,15,20,26,89,0,69,13,0,82,28,84,33,26,171,4,12,16,187
02/24/2012,MYR,SC,ASO,ES,Combined TRACON& Tower with Radar,24,12,13,1,50,0,0,1,0,1,24,12,14,1,51,6,0,6,57
02/25/2012,MYR,SC,ASO,ES,Combined TRACON& Tower with Radar,28,20,12,0,60,0,97,19,0,116,28,117,31,0,176,20,0,20,196
02/26/2012,MYR,SC,ASO,ES,Combined TRACON& Tower with Radar,30,10,26,0,66,0,93,31,0,124,30,103,57,0,190,0,0,0,190
02/27/2012,MYR,SC,ASO,ES,Combined TRACON& Tower with Radar,27,12,14,11,64,0,10,0,2,12,27,22,14,13,76,0,0,0,76
02/28/2012,MYR,SC,ASO,ES,Combined TRACON& Tower with Radar,24,12,15,6,57,0,48,20,0,68,24,60,35,6,125,4,8,12,137
02/29/2012,MYR,SC,ASO,ES,Combined TRACON& Tower with Radar,26,12,12,21,71,0,18,5,0,23,26,30,17,21,94,0,14,14,108
03/01/2012,MYR,SC,ASO,ES,Combined TRACON& Tower with Radar,33,14,10,12,69,0,23,7,0,30,33,37,17,12,99,0,0,0,99
03/02/2012,MYR,SC,ASO,ES,Combined TRACON& Tower with Radar,35,18,20,2,75,0,22,4,0,26,35,40,24,2,101,0,0,0,101
03/03/2012,MYR,SC,ASO,ES,Combined TRACON& Tower with Radar,38,20,3,0,61,0,6,2,0,8,38,26,5,0,69,0,0,0,69
03/04/2012,MYR,SC,ASO,ES,Combined TRACON& Tower with Radar,38,22,12,0,72,0,38,8,0,46,38,60,20,0,118,0,0,0,118
03/05/2012,MYR,SC,ASO,ES,Combined TRACON& Tower with Radar,41,13,15,4,73,0,1,11,0,12,41,14,26,4,85,0,0,0,85
03/06/2012,MYR,SC,ASO,ES,Combined TRACON& Tower with Radar,34,16,19,11,80,0,37,10,3,50,34,53,29,14,130,0,6,6,136
03/07/2012,MYR,SC,ASO,ES,Combined TRACON& Tower with Radar,36,18,24,21,99,0,54,9,3,66,36,72,33,24,165,12,0,12,177
03/08/2012,MYR,SC,ASO,ES,Combined TRACON& Tower with Radar,42,22,20,8,92,0,36,9,2,47,42,58,29,10,139,18,0,18,157
03/09/2012,MYR,SC,ASO,ES,Combined TRACON& Tower with Radar,43,22,13,3,81,0,51,3,0,54,43,73,16,3,135,20,0,20,155
03/10/2012,MYR,SC,ASO,ES,Combined TRACON& Tower with Radar,46,18,14,2,80,0,111,15,2,128,46,129,29,4,208,0,0,0,208
03/11/2012,MYR,SC,ASO,ES,Combined TRACON& Tower with Radar,45,22,20,1,88,0,93,18,0,111,45,115,38,1,199,0,0,0,199
03/12/2012,MYR,SC,ASO,ES,Combined TRACON& Tower with Radar,41,15,20,14,90,0,77,32,2,111,41,92,52,16,201,20,24,44,245
03/13/2012,MYR,SC,ASO,ES,Combined TRACON& Tower with Radar,34,17,10,4,65,0,87,19,0,106,34,104,29,4,171,0,8,8,179
03/14/2012,MYR,SC,ASO,ES,Combined TRACON& Tower with Radar,34,21,18,0,73,0,81,18,0,99,34,102,36,0,172,8,0,8,180
03/15/2012,MYR,SC,ASO,ES,Combined TRACON& Tower with Radar,36,14,19,10,79,0,125,15,2,142,36,139,34,12,221,0,6,6,227
03/16/2012,MYR,SC,ASO,ES,Combined TRACON& Tower with Radar,35,14,15,10,74,0,135,14,2,151,35,149,29,12,225,14,0,14,239
03/17/2012,MYR,SC,ASO,ES,Combined TRACON& Tower with Radar,38,20,7,0,65,0,231,22,0,253,38,251,29,0,318,6,0,6,324
03/18/2012,MYR,SC,ASO,ES,Combined TRACON& Tower with Radar,36,16,16,5,73,0,27,8,2,37,36,43,24,7,110,0,2,2,112
03/19/2012,MYR,SC,ASO,ES,Combined TRACON& Tower with Radar,36,15,17,5,73,0,36,13,1,50,36,51,30,6,123,16,4,20,143
03/20/2012,MYR,SC,ASO,ES,Combined TRACON& Tower with Radar,32,28,4,0,64,0,97,21,2,120,32,125,25,2,184,20,0,20,204
03/21/2012,MYR,SC,ASO,ES,Combined TRACON& Tower with Radar,34,17,17,2,70,0,68,13,0,81,34,85,30,2,151,4,4,8,159
03/22/2012,MYR,SC,ASO,ES,Combined TRACON& Tower with Radar,35,20,25,16,96,0,82,13,4,99,35,102,38,20,195,30,0,30,225
03/23/2012,MYR,SC,ASO,ES,Combined TRACON& Tower with Radar,39,25,27,5,96,0,66,17,3,86,39,91,44,8,182,36,0,36,218
03/24/2012,MYR,SC,ASO,ES,Combined TRACON& Tower with Radar,37,18,8,1,64,0,46,6,0,52,37,64,14,1,116,6,0,6,122
03/25/2012,MYR,SC,ASO,ES,Combined TRACON& Tower with Radar,35,16,28,5,84,0,91,16,0,107,35,107,44,5,191,6,0,6,197
03/26/2012,MYR,SC,ASO,ES,Combined TRACON& Tower with Radar,32,12,12,8,64,0,47,14,3,64,32,59,26,11,128,22,6,28,156
03/27/2012,MYR,SC,ASO,ES,Combined TRACON& Tower with Radar,36,14,14,2,66,0,68,27,0,95,36,82,41,2,161,26,0,26,187
03/28/2012,MYR,SC,ASO,ES,Combined TRACON& Tower with Radar,34,16,12,6,68,0,66,12,1,79,34,82,24,7,147,0,10,10,157
03/29/2012,MYR,SC,ASO,ES,Combined TRACON& Tower with Radar,36,28,17,20,101,0,48,8,5,61,36,76,25,25,162,0,32,32,194
03/30/2012,MYR,SC,ASO,ES,Combined TRACON& Tower with Radar,34,19,28,16,97,0,82,21,8,111,34,101,49,24,208,8,14,22,230
03/31/2012,MYR,SC,ASO,ES,Combined TRACON& Tower with Radar,37,18,9,0,64,0,107,1,0,108,37,125,10,0,172,14,0,14,186
04/01/2012,MYR,SC,ASO,ES,Combined TRACON& Tower with Radar,33,18,41,0,92,0,194,23,3,220,33,212,64,3,312,2,0,2,314
04/02/2012,MYR,SC,ASO,ES,Combined TRACON& Tower with Radar,32,22,17,12,83,0,143,13,0,156,32,165,30,12,239,2,8,10,249
04/03/2012,MYR,SC,ASO,ES,Combined TRACON& Tower with Radar,31,16,13,16,76,0,248,7,2,257,31,264,20,18,333,0,12,12,345
04/04/2012,MYR,SC,ASO,ES,Combined TRACON& Tower with Radar,32,19,21,8,80,0,246,14,0,260,32,265,35,8,340,10,2,12,352
04/05/2012,MYR,SC,ASO,ES,Combined TRACON& Tower with Radar,33,23,31,0,87,0,107,15,0,122,33,130,46,0,209,20,0,20,229
04/06/2012,MYR,SC,ASO,ES,Combined TRACON& Tower with Radar,33,18,25,2,78,0,94,9,2,105,33,112,34,4,183,0,0,0,183
04/07/2012,MYR,SC,ASO,ES,Combined TRACON& Tower with Radar,41,21,14,0,76,0,384,42,0,426,41,405,56,0,502,0,0,0,502
04/08/2012,MYR,SC,ASO,ES,Combined TRACON& Tower with Radar,31,24,21,0,76,0,237,21,0,258,31,261,42,0,334,12,0,12,346
04/09/2012,MYR,SC,ASO,ES,Combined TRACON& Tower with Radar,34,20,13,2,69,0,227,13,0,240,34,247,26,2,309,0,0,0,309
04/10/2012,MYR,SC,ASO,ES,Combined TRACON& Tower with Radar,31,16,18,0,65,0,232,12,0,244,31,248,30,0,309,16,0,16,325
04/11/2012,MYR,SC,ASO,ES,Combined TRACON& Tower with Radar,33,15,22,13,83,0,298,12,0,310,33,313,34,13,393,12,0,12,405
04/12/2012,MYR,SC,ASO,ES,Combined TRACON& Tower with Radar,36,14,22,4,76,0,302,30,2,334,36,316,52,6,410,16,0,16,426
04/13/2012,MYR,SC,ASO,ES,Combined TRACON& Tower with Radar,35,18,24,33,110,0,305,24,2,331,35,323,48,35,441,22,12,34,475
04/14/2012,MYR,SC,ASO,ES,Combined TRACON& Tower with Radar,40,35,21,11,107,2,226,17,1,246,42,261,38,12,353,12,0,12,365
04/15/2012,MYR,SC,ASO,ES,Combined TRACON& Tower with Radar,36,16,23,8,83,0,152,24,4,180,36,168,47,12,263,2,0,2,265
04/16/2012,MYR,SC,ASO,ES,Combined TRACON& Tower with Radar,38,15,5,13,71,0,92,23,2,117,38,107,28,15,188,0,26,26,214
04/17/2012,MYR,SC,ASO,ES,Combined TRACON& Tower with Radar,34,12,11,0,57,0,151,45,2,198,34,163,56,2,255,14,0,14,269
04/18/2012,MYR,SC,ASO,ES,Combined TRACON& Tower with Radar,34,18,15,4,71,0,110,8,2,120,34,128,23,6,191,12,0,12,203
04/19/2012,MYR,SC,ASO,ES,Combined TRACON& Tower with Radar,36,19,22,12,89,0,31,0,0,31,36,50,22,12,120,0,0,0,120
04/20/2012,MYR,SC,ASO,ES,Combined TRACON& Tower with Radar,34,15,28,2,79,0,98,12,0,110,34,113,40,2,189,2,0,2,191
04/21/2012,MYR,SC,ASO,ES,Combined TRACON& Tower with Radar,39,26,12,2,79,0,80,1,0,81,39,106,13,2,160,0,0,0,160
04/22/2012,MYR,SC,ASO,ES,Combined TRACON& Tower with Radar,36,16,16,0,68,0,59,0,0,59,36,75,16,0,127,0,0,0,127
04/23/2012,MYR,SC,ASO,ES,Combined TRACON& Tower with Radar,36,19,21,12,88,0,68,5,0,73,36,87,26,12,161,6,14,20,181
04/24/2012,MYR,SC,ASO,ES,Combined TRACON& Tower with Radar,35,15,15,24,89,0,53,25,0,78,35,68,40,24,167,28,12,40,207
04/25/2012,MYR,SC,ASO,ES,Combined TRACON& Tower with Radar,33,21,29,11,94,1,73,15,0,89,34,94,44,11,183,8,0,8,191
04/26/2012,MYR,SC,ASO,ES,Combined TRACON& Tower with Radar,36,18,9,3,66,0,20,12,0,32,36,38,21,3,98,4,0,4,102
04/27/2012,MYR,SC,ASO,ES,Combined TRACON& Tower with Radar,38,22,29,29,118,0,98,14,4,116,38,120,43,33,234,2,20,22,256
04/28/2012,MYR,SC,ASO,ES,Combined TRACON& Tower with Radar,40,24,28,0,92,0,162,20,0,182,40,186,48,0,274,16,0,16,290
04/29/2012,MYR,SC,ASO,ES,Combined TRACON& Tower with Radar,36,16,26,0,78,0,140,28,0,168,36,156,54,0,246,0,0,0,246
04/30/2012,MYR,SC,ASO,ES,Combined TRACON& Tower with Radar,34,15,17,0,66,0,75,11,2,88,34,90,28,2,154,0,0,0,154
05/01/2012,MYR,SC,ASO,ES,Combined TRACON& Tower with Radar,36,9,16,18,79,0,129,16,2,147,36,138,32,20,226,4,24,28,254
05/02/2012,MYR,SC,ASO,ES,Combined TRACON& Tower with Radar,36,10,23,2,71,0,92,27,3,122,36,102,50,5,193,6,0,6,199
05/03/2012,MYR,SC,ASO,ES,Combined TRACON& Tower with Radar,44,11,31,12,98,0,105,30,1,136,44,116,61,13,234,40,20,60,294
05/04/2012,MYR,SC,ASO,ES,Combined TRACON& Tower with Radar,41,13,24,0,78,0,123,11,6,140,41,136,35,6,218,0,0,0,218
05/05/2012,MYR,SC,ASO,ES,Combined TRACON& Tower with Radar,44,24,13,0,81,0,198,11,2,211,44,222,24,2,292,0,0,0,292
05/06/2012,MYR,SC,ASO,ES,Combined TRACON& Tower with Radar,43,13,32,0,88,0,186,10,4,200,43,199,42,4,288,4,0,4,292
05/07/2012,MYR,SC,ASO,ES,Combined TRACON& Tower with Radar,41,11,26,4,82,0,102,19,4,125,41,113,45,8,207,0,0,0,207
05/08/2012,MYR,SC,ASO,ES,Combined TRACON& Tower with Radar,40,12,24,8,84,0,111,7,2,120,40,123,31,10,204,2,0,2,206
05/09/2012,MYR,SC,ASO,ES,Combined TRACON& Tower with Radar,38,12,13,4,67,0,60,4,8,72,38,72,17,12,139,6,0,6,145
05/10/2012,MYR,SC,ASO,ES,Combined TRACON& Tower with Radar,42,20,20,20,102,0,143,13,3,159,42,163,33,23,261,4,26,30,291
05/11/2012,MYR,SC,ASO,ES,Combined TRACON& Tower with Radar,42,16,15,5,78,0,143,18,4,165,42,159,33,9,243,4,0,4,247
05/12/2012,MYR,SC,ASO,ES,Combined TRACON& Tower with Radar,44,27,11,10,92,0,214,15,25,254,44,241,26,35,346,8,0,8,354
05/13/2012,MYR,SC,ASO,ES,Combined TRACON& Tower with Radar,40,16,19,2,77,0,33,1,3,37,40,49,20,5,114,0,0,0,114
05/14/2012,MYR,SC,ASO,ES,Combined TRACON& Tower with Radar,44,10,8,7,69,0,133,9,29,171,44,143,17,36,240,8,20,28,268
05/15/2012,MYR,SC,ASO,ES,Combined TRACON& Tower with Radar,38,12,12,11,73,0,89,2,0,91,38,101,14,11,164,0,0,0,164
05/16/2012,MYR,SC,ASO,ES,Combined TRACON& Tower with Radar,36,11,17,0,64,0,28,1,31,60,36,39,18,31,124,0,0,0,124
05/17/2012,MYR,SC,ASO,ES,Combined TRACON& Tower with Radar,49,16,17,6,88,0,206,6,52,264,49,222,23,58,352,6,0,6,358
05/18/2012,MYR,SC,ASO,ES,Combined TRACON& Tower with Radar,46,14,16,5,81,0,188,8,14,210,46,202,24,19,291,4,0,4,295
05/19/2012,MYR,SC,ASO,ES,Combined TRACON& Tower with Radar,42,24,9,0,75,0,333,12,44,389,42,357,21,44,464,0,0,0,464
05/20/2012,MYR,SC,ASO,ES,Combined TRACON& Tower with Radar,47,20,22,1,90,0,176,11,0,187,47,196,33,1,277,0,0,0,277
05/21/2012,MYR,SC,ASO,ES,Combined TRACON& Tower with Radar,39,21,17,6,83,0,213,10,46,269,39,234,27,52,352,0,0,0,352
05/22/2012,MYR,SC,ASO,ES,Combined TRACON& Tower with Radar,36,12,12,4,64,0,160,16,39,215,36,172,28,43,279,0,0,0,279
05/23/2012,MYR,SC,ASO,ES,Combined TRACON& Tower with Radar,41,14,10,4,69,0,113,9,8,130,41,127,19,12,199,2,0,2,201
05/24/2012,MYR,SC,ASO,ES,Combined TRACON& Tower with Radar,44,19,24,5,92,0,157,24,31,212,44,176,48,36,304,32,6,38,342
05/25/2012,MYR,SC,ASO,ES,Combined TRACON& Tower with Radar,42,14,22,0,78,0,167,12,32,211,42,181,34,32,289,34,0,34,323
05/26/2012,MYR,SC,ASO,ES,Combined TRACON& Tower with Radar,46,20,13,0,79,0,352,11,56,419,46,372,24,56,498,0,0,0,498
05/27/2012,MYR,SC,ASO,ES,Combined TRACON& Tower with Radar,48,20,10,0,78,0,569,4,109,682,48,589,14,109,760,0,0,0,760
05/28/2012,MYR,SC,ASO,ES,Combined TRACON& Tower with Radar,44,18,6,1,69,0,351,16,63,430,44,369,22,64,499,0,0,0,499
05/29/2012,MYR,SC,ASO,ES,Combined TRACON& Tower with Radar,37,15,11,0,63,0,163,2,30,195,37,178,13,30,258,0,0,0,258
05/30/2012,MYR,SC,ASO,ES,Combined TRACON& Tower with Radar,37,13,11,4,65,0,45,2,0,47,37,58,13,4,112,0,0,0,112
05/31/2012,MYR,SC,ASO,ES,Combined TRACON& Tower with Radar,50,14,23,1,88,0,225,20,26,271,50,239,43,27,359,54,0,54,413
06/01/2012,MYR,SC,ASO,ES,Combined TRACON& Tower with Radar,50,15,26,17,108,0,122,6,23,151,50,137,32,40,259,22,0,22,281
06/02/2012,MYR,SC,ASO,ES,Combined TRACON& Tower with Radar,49,24,14,1,88,0,294,13,77,384,49,318,27,78,472,20,0,20,492
06/03/2012,MYR,SC,ASO,ES,Combined TRACON& Tower with Radar,49,18,11,3,81,0,368,33,82,483,49,386,44,85,564,0,0,0,564
06/04/2012,MYR,SC,ASO,ES,Combined TRACON& Tower with Radar,49,13,10,15,87,0,193,7,37,237,49,206,17,52,324,0,8,8,332
06/05/2012,MYR,SC,ASO,ES,Combined TRACON& Tower with Radar,45,15,20,5,85,0,180,6,36,222,45,195,26,41,307,8,0,8,315
06/06/2012,MYR,SC,ASO,ES,Combined TRACON& Tower with Radar,45,17,20,0,82,0,178,7,43,228,45,195,27,43,310,0,0,0,310
06/07/2012,MYR,SC,ASO,ES,Combined TRACON& Tower with Radar,49,20,16,14,99,0,327,24,58,409,49,347,40,72,508,12,10,22,530
06/08/2012,MYR,SC,ASO,ES,Combined TRACON& Tower with Radar,45,14,16,2,77,0,438,27,87,552,45,452,43,89,629,2,0,2,631
06/09/2012,MYR,SC,ASO,ES,Combined TRACON& Tower with Radar,59,26,20,0,105,0,403,27,93,523,59,429,47,93,628,34,0,34,662
06/10/2012,MYR,SC,ASO,ES,Combined TRACON& Tower with Radar,47,14,19,0,80,0,339,14,70,423,47,353,33,70,503,0,0,0,503
06/11/2012,MYR,SC,ASO,ES,Combined TRACON& Tower with Radar,49,12,11,9,81,0,171,7,31,209,49,183,18,40,290,6,10,16,306
06/12/2012,MYR,SC,ASO,ES,Combined TRACON& Tower with Radar,42,16,11,6,75,0,57,12,34,103,42,73,23,40,178,0,0,0,178
06/13/2012,MYR,SC,ASO,ES,Combined TRACON& Tower with Radar,42,16,17,8,83,0,366,16,52,434,42,382,33,60,517,8,6,14,531
06/14/2012,MYR,SC,ASO,ES,Combined TRACON& Tower with Radar,51,14,21,12,98,0,496,28,94,618,51,510,49,106,716,12,12,24,740
06/15/2012,MYR,SC,ASO,ES,Combined TRACON& Tower with Radar,52,16,14,6,88,0,465,26,77,568,52,481,40,83,656,0,0,0,656
06/16/2012,MYR,SC,ASO,ES,Combined TRACON& Tower with Radar,63,20,18,10,111,0,377,23,96,496,63,397,41,106,607,6,0,6,613
06/17/2012,MYR,SC,ASO,ES,Combined TRACON& Tower with Radar,55,13,12,0,80,0,390,20,94,504,55,403,32,94,584,0,0,0,584
06/18/2012,MYR,SC,ASO,ES,Combined TRACON& Tower with Radar,54,12,10,20,96,0,355,26,90,471,54,367,36,110,567,6,0,6,573
06/19/2012,MYR,SC,ASO,ES,Combined TRACON& Tower with Radar,42,18,28,11,99,0,394,19,93,506,42,412,47,104,605,18,0,18,623
06/20/2012,MYR,SC,ASO,ES,Combined TRACON& Tower with Radar,50,15,32,9,106,0,429,13,133,575,50,444,45,142,681,2,0,2,683
06/21/2012,MYR,SC,ASO,ES,Combined TRACON& Tower with Radar,58,44,13,10,125,0,378,25,126,529,58,422,38,136,654,8,14,22,676
06/22/2012,MYR,SC,ASO,ES,Combined TRACON& Tower with Radar,50,14,13,3,80,0,511,34,114,659,50,525,47,117,739,16,0,16,755
06/23/2012,MYR,SC,ASO,ES,Combined TRACON& Tower with Radar,59,25,19,0,103,0,509,29,126,664,59,534,48,126,767,0,0,0,767
06/24/2012,MYR,SC,ASO,ES,Combined TRACON& Tower with Radar,56,15,15,1,87,0,346,24,112,482,56,361,39,113,569,0,0,0,569
06/25/2012,MYR,SC,ASO,ES,Combined TRACON& Tower with Radar,53,16,25,5,99,0,332,8,122,462,53,348,33,127,561,0,0,0,561
06/26/2012,MYR,SC,ASO,ES,Combined TRACON& Tower with Radar,41,16,21,2,80,0,400,11,172,583,41,416,32,174,663,8,0,8,671
06/27/2012,MYR,SC,ASO,ES,Combined TRACON& Tower with Radar,47,18,22,16,103,0,455,15,171,641,47,473,37,187,744,10,20,30,774
06/28/2012,MYR,SC,ASO,ES,Combined TRACON& Tower with Radar,55,21,22,22,120,0,493,14,162,669,55,514,36,184,789,8,26,34,823
06/29/2012,MYR,SC,ASO,ES,Combined TRACON& Tower with Radar,52,20,20,4,96,0,473,22,158,653,52,493,42,162,749,6,0,6,755
06/30/2012,MYR,SC,ASO,ES,Combined TRACON& Tower with Radar,56,26,24,0,106,0,435,21,123,579,56,461,45,123,685,30,0,30,715
07/01/2012,MYR,SC,ASO,ES,Combined TRACON& Tower with Radar,47,16,32,0,95,0,353,21,83,457,47,369,53,83,552,2,0,2,554
07/02/2012,MYR,SC,ASO,ES,Combined TRACON& Tower with Radar,45,17,13,17,92,0,492,17,138,647,45,509,30,155,739,0,10,10,749
07/03/2012,MYR,SC,ASO,ES,Combined TRACON& Tower with Radar,41,15,6,0,62,0,557,8,163,728,41,572,14,163,790,0,0,0,790
07/04/2012,MYR,SC,ASO,ES,Combined TRACON& Tower with Radar,46,8,14,0,68,0,612,30,175,817,46,620,44,175,885,14,0,14,899
07/05/2012,MYR,SC,ASO,ES,Combined TRACON& Tower with Radar,56,23,17,14,110,0,600,26,159,785,56,623,43,173,895,14,0,14,909
07/06/2012,MYR,SC,ASO,ES,Combined TRACON& Tower with Radar,49,17,20,1,87,0,751,17,159,927,49,768,37,160,1014,0,0,0,1014
07/07/2012,MYR,SC,ASO,ES,Combined TRACON& Tower with Radar,63,16,13,0,92,0,647,17,141,805,63,663,30,141,897,2,0,2,899
07/08/2012,MYR,SC,ASO,ES,Combined TRACON& Tower with Radar,54,17,22,0,93,0,472,19,74,565,54,489,41,74,658,0,0,0,658
07/09/2012,MYR,SC,ASO,ES,Combined TRACON& Tower with Radar,49,12,18,4,83,0,377,6,95,478,49,389,24,99,561,2,14,16,577
07/10/2012,MYR,SC,ASO,ES,Combined TRACON& Tower with Radar,42,16,14,9,81,0,124,4,12,140,42,140,18,21,221,0,10,10,231
07/11/2012,MYR,SC,ASO,ES,Combined TRACON& Tower with Radar,49,14,12,7,82,0,361,4,122,487,49,375,16,129,569,16,4,20,589
07/12/2012,MYR,SC,ASO,ES,Combined TRACON& Tower with Radar,61,20,13,2,96,0,603,7,145,755,61,623,20,147,851,0,0,0,851
07/13/2012,MYR,SC,ASO,ES,Combined TRACON& Tower with Radar,52,15,16,2,85,0,555,10,156,721,52,570,26,158,806,20,10,30,836
07/14/2012,MYR,SC,ASO,ES,Combined TRACON& Tower with Radar,60,21,20,0,101,0,598,15,160,773,60,619,35,160,874,2,0,2,876
07/15/2012,MYR,SC,ASO,ES,Combined TRACON& Tower with Radar,58,21,29,0,108,0,554,23,172,749,58,575,52,172,857,0,0,0,857
07/16/2012,MYR,SC,ASO,ES,Combined TRACON& Tower with Radar,52,12,10,11,85,0,527,8,112,647,52,539,18,123,732,0,0,0,732
07/17/2012,MYR,SC,ASO,ES,Combined TRACON& Tower with Radar,46,10,12,12,80,0,543,21,193,757,46,553,33,205,837,6,0,6,843
07/18/2012,MYR,SC,ASO,ES,Combined TRACON& Tower with Radar,46,18,14,12,90,0,656,23,132,811,46,674,37,144,901,16,2,18,919
07/19/2012,MYR,SC,ASO,ES,Combined TRACON& Tower with Radar,61,19,16,7,103,0,694,12,191,897,61,713,28,198,1000,6,4,10,1010
07/20/2012,MYR,SC,ASO,ES,Combined TRACON& Tower with Radar,50,15,13,28,106,0,650,8,212,870,50,665,21,240,976,2,10,12,988
07/21/2012,MYR,SC,ASO,ES,Combined TRACON& Tower with Radar,56,20,10,5,91,0,621,24,182,827,56,641,34,187,918,0,0,0,918
07/22/2012,MYR,SC,ASO,ES,Combined TRACON& Tower with Radar,57,14,19,0,90,0,459,16,143,618,57,473,35,143,708,0,0,0,708
07/23/2012,MYR,SC,ASO,ES,Combined TRACON& Tower with Radar,53,10,17,21,101,0,591,12,2,605,53,601,29,23,706,0,0,0,706
07/24/2012,MYR,SC,ASO,ES,Combined TRACON& Tower with Radar,47,14,16,11,88,0,622,26,0,648,47,636,42,11,736,0,2,2,738
07/25/2012,MYR,SC,ASO,ES,Combined TRACON& Tower with Radar,50,15,11,5,81,0,793,12,1,806,50,808,23,6,887,10,0,10,897
07/26/2012,MYR,SC,ASO,ES,Combined TRACON& Tower with Radar,56,12,20,5,93,0,749,24,8,781,56,761,44,13,874,8,0,8,882
07/27/2012,MYR,SC,ASO,ES,Combined TRACON& Tower with Radar,52,19,15,3,89,0,744,17,7,768,52,763,32,10,857,18,0,18,875
07/28/2012,MYR,SC,ASO,ES,Combined TRACON& Tower with Radar,56,22,18,11,107,0,418,18,1,437,56,440,36,12,544,0,0,0,544
07/29/2012,MYR,SC,ASO,ES,Combined TRACON& Tower with Radar,58,15,30,0,103,0,409,15,0,424,58,424,45,0,527,0,0,0,527
07/30/2012,MYR,SC,ASO,ES,Combined TRACON& Tower with Radar,55,10,19,0,84,0,386,1,0,387,55,396,20,0,471,0,0,0,471
07/31/2012,MYR,SC,ASO,ES,Combined TRACON& Tower with Radar,45,13,6,4,68,0,495,5,2,502,45,508,11,6,570,20,12,32,602
08/01/2012,MYR,SC,ASO,ES,Combined TRACON& Tower with Radar,47,13,8,0,68,0,566,11,0,577,47,579,19,0,645,0,0,0,645
08/02/2012,MYR,SC,ASO,ES,Combined TRACON& Tower with Radar,62,16,27,8,113,0,686,25,3,714,62,702,52,11,827,24,0,24,851
08/03/2012,MYR,SC,ASO,ES,Combined TRACON& Tower with Radar,53,12,24,4,93,0,784,21,0,805,53,796,45,4,898,6,0,6,904
08/04/2012,MYR,SC,ASO,ES,Combined TRACON& Tower with Radar,61,28,20,14,123,0,751,7,2,760,61,779,27,16,883,0,0,0,883
08/05/2012,MYR,SC,ASO,ES,Combined TRACON& Tower with Radar,57,12,20,13,102,0,550,9,2,561,57,562,29,15,663,10,28,38,701
08/06/2012,MYR,SC,ASO,ES,Combined TRACON& Tower with Radar,55,12,13,6,86,0,628,9,0,637,55,640,22,6,723,4,0,4,727
08/07/2012,MYR,SC,ASO,ES,Combined TRACON& Tower with Radar,46,17,8,1,72,0,331,4,0,335,46,348,12,1,407,36,0,36,443
08/08/2012,MYR,SC,ASO,ES,Combined TRACON& Tower with Radar,49,20,14,10,93,0,668,3,0,671,49,688,17,10,764,50,10,60,824
08/09/2012,MYR,SC,ASO,ES,Combined TRACON& Tower with Radar,58,12,20,6,96,0,764,12,5,781,58,776,32,11,877,8,0,8,885
08/10/2012,MYR,SC,ASO,ES,Combined TRACON& Tower with Radar,49,10,12,4,75,0,606,5,0,611,49,616,17,4,686,8,2,10,696
08/11/2012,MYR,SC,ASO,ES,Combined TRACON& Tower with Radar,58,20,15,0,93,0,445,8,2,455,58,465,23,2,548,0,0,0,548
08/12/2012,MYR,SC,ASO,ES,Combined TRACON& Tower with Radar,60,14,29,9,112,0,511,14,0,525,60,525,43,9,637,0,0,0,637
08/13/2012,MYR,SC,ASO,ES,Combined TRACON& Tower with Radar,56,17,30,4,107,0,499,13,2,514,56,516,43,6,621,14,0,14,635
08/14/2012,MYR,SC,ASO,ES,Combined TRACON& Tower with Radar,45,16,18,34,113,0,597,25,0,622,45,613,43,34,735,0,14,14,749
08/15/2012,MYR,SC,ASO,ES,Combined TRACON& Tower with Radar,49,16,18,16,99,0,639,16,7,662,49,655,34,23,761,2,8,10,771
08/16/2012,MYR,SC,ASO,ES,Combined TRACON& Tower with Radar,55,14,24,22,115,0,759,22,0,781,55,773,46,22,896,0,0,0,896
08/17/2012,MYR,SC,ASO,ES,Combined TRACON& Tower with Radar,48,25,8,23,104,0,582,27,2,611,48,607,35,25,715,3,0,3,718
08/18/2012,MYR,SC,ASO,ES,Combined TRACON& Tower with Radar,49,19,19,19,106,0,676,14,4,694,49,695,33,23,800,6,12,18,818
08/19/2012,MYR,SC,ASO,ES,Combined TRACON& Tower with Radar,58,19,18,1,96,0,367,9,1,377,58,386,27,2,473,0,0,0,473
08/20/2012,MYR,SC,ASO,ES,Combined TRACON& Tower with Radar,51,12,15,6,84,0,400,5,2,407,51,412,20,8,491,4,0,4,495
08/21/2012,MYR,SC,ASO,ES,Combined TRACON& Tower with Radar,43,16,17,1,77,0,537,1,0,538,43,553,18,1,615,0,0,0,615
08/22/2012,MYR,SC,ASO,ES,Combined TRACON& Tower with Radar,44,20,18,11,93,0,315,5,0,320,44,335,23,11,413,2,0,2,415
08/23/2012,MYR,SC,ASO,ES,Combined TRACON& Tower with Radar,58,15,11,4,88,0,311,1,0,312,58,326,12,4,400,0,0,0,400
08/24/2012,MYR,SC,ASO,ES,Combined TRACON& Tower with Radar,52,14,12,0,78,0,230,4,0,234,52,244,16,0,312,0,0,0,312
08/25/2012,MYR,SC,ASO,ES,Combined TRACON& Tower with Radar,49,25,27,0,101,0,579,15,4,598,49,604,42,4,699,0,0,0,699
08/26/2012,MYR,SC,ASO,ES,Combined TRACON& Tower with Radar,55,18,10,4,87,0,461,27,0,488,55,479,37,4,575,24,0,24,599
08/27/2012,MYR,SC,ASO,ES,Combined TRACON& Tower with Radar,48,13,12,5,78,0,295,2,0,297,48,308,14,5,375,0,0,0,375
08/28/2012,MYR,SC,ASO,ES,Combined TRACON& Tower with Radar,46,15,9,0,70,0,78,0,0,78,46,93,9,0,148,4,0,4,152
08/29/2012,MYR,SC,ASO,ES,Combined TRACON& Tower with Radar,45,19,10,0,74,0,220,3,2,225,45,239,13,2,299,62,0,62,361
08/30/2012,MYR,SC,ASO,ES,Combined TRACON& Tower with Radar,54,16,25,2,97,0,368,4,0,372,54,384,29,2,469,0,0,0,469
08/31/2012,MYR,SC,ASO,ES,Combined TRACON& Tower with Radar,51,18,20,2,91,0,348,23,0,371,51,366,43,2,462,34,0,34,496
09/01/2012,MYR,SC,ASO,ES,Combined TRACON& Tower with Radar,49,22,17,0,88,0,548,27,0,575,49,570,44,0,663,2,0,2,665
09/02/2012,MYR,SC,ASO,ES,Combined TRACON& Tower with Radar,51,14,8,0,73,0,700,18,0,718,51,714,26,0,791,4,0,4,795
09/03/2012,MYR,SC,ASO,ES,Combined TRACON& Tower with Radar,48,12,24,0,84,0,477,22,0,499,48,489,46,0,583,12,0,12,595
09/04/2012,MYR,SC,ASO,ES,Combined TRACON& Tower with Radar,40,19,11,0,70,0,334,5,0,339,40,353,16,0,409,18,0,18,427
09/05/2012,MYR,SC,ASO,ES,Combined TRACON& Tower with Radar,40,15,11,24,90,0,222,5,10,237,40,237,16,34,327,24,16,40,367
09/06/2012,MYR,SC,ASO,ES,Combined TRACON& Tower with Radar,40,19,11,11,81,0,240,12,3,255,40,259,23,14,336,4,6,10,346
09/07/2012,MYR,SC,ASO,ES,Combined TRACON& Tower with Radar,44,18,25,9,96,0,278,9,0,287,44,296,34,9,383,6,0,6,389
09/08/2012,MYR,SC,ASO,ES,Combined TRACON& Tower with Radar,40,21,6,0,67,0,282,6,0,288,40,303,12,0,355,0,0,0,355
09/09/2012,MYR,SC,ASO,ES,Combined TRACON& Tower with Radar,43,17,27,0,87,0,243,10,0,253,43,260,37,0,340,0,0,0,340
09/10/2012,MYR,SC,ASO,ES,Combined TRACON& Tower with Radar,39,12,8,6,65,0,178,23,0,201,39,190,31,6,266,6,2,8,274
09/11/2012,MYR,SC,ASO,ES,Combined TRACON& Tower with Radar,40,17,18,1,76,0,230,22,0,252,40,247,40,1,328,6,0,6,334
09/12/2012,MYR,SC,ASO,ES,Combined TRACON& Tower with Radar,39,12,25,14,90,0,245,14,2,261,39,257,39,16,351,0,0,0,351
09/13/2012,MYR,SC,ASO,ES,Combined TRACON& Tower with Radar,45,15,11,17,88,0,247,22,0,269,45,262,33,17,357,10,20,30,387
09/14/2012,MYR,SC,ASO,ES,Combined TRACON& Tower with Radar,43,15,16,0,74,0,236,26,4,266,43,251,42,4,340,48,0,48,388
09/15/2012,MYR,SC,ASO,ES,Combined TRACON& Tower with Radar,39,37,12,0,88,0,376,22,0,398,39,413,34,0,486,6,0,6,492
09/16/2012,MYR,SC,ASO,ES,Combined TRACON& Tower with Radar,42,17,19,1,79,0,249,11,2,262,42,266,30,3,341,0,0,0,341
09/17/2012,MYR,SC,ASO,ES,Combined TRACON& Tower with Radar,40,14,13,10,77,0,184,10,2,196,40,198,23,12,273,4,12,16,289
09/18/2012,MYR,SC,ASO,ES,Combined TRACON& Tower with Radar,37,12,2,0,51,0,37,0,4,41,37,49,2,4,92,0,0,0,92
09/19/2012,MYR,SC,ASO,ES,Combined TRACON& Tower with Radar,39,12,17,4,72,0,187,6,0,193,39,199,23,4,265,24,0,24,289
09/20/2012,MYR,SC,ASO,ES,Combined TRACON& Tower with Radar,42,14,17,9,82,0,215,18,0,233,42,229,35,9,315,0,14,14,329
09/21/2012,MYR,SC,ASO,ES,Combined TRACON& Tower with Radar,41,13,26,12,92,0,233,20,0,253,41,246,46,12,345,16,4,20,365
09/22/2012,MYR,SC,ASO,ES,Combined TRACON& Tower with Radar,39,20,16,0,75,0,319,32,0,351,39,339,48,0,426,0,0,0,426
09/23/2012,MYR,SC,ASO,ES,Combined TRACON& Tower with Radar,42,19,13,0,74,0,247,13,0,260,42,266,26,0,334,0,0,0,334
09/24/2012,MYR,SC,ASO,ES,Combined TRACON& Tower with Radar,38,10,12,9,69,0,145,14,2,161,38,155,26,11,230,0,0,0,230
09/25/2012,MYR,SC,ASO,ES,Combined TRACON& Tower with Radar,38,12,11,1,62,0,138,20,0,158,38,150,31,1,220,8,0,8,228
09/26/2012,MYR,SC,ASO,ES,Combined TRACON& Tower with Radar,37,20,9,4,70,0,180,19,0,199,37,200,28,4,269,10,14,24,293
09/27/2012,MYR,SC,ASO,ES,Combined TRACON& Tower with Radar,45,18,22,20,105,0,185,22,2,209,45,203,44,22,314,16,0,16,330
09/28/2012,MYR,SC,ASO,ES,Combined TRACON& Tower with Radar,38,14,15,7,74,0,216,24,3,243,38,230,39,10,317,10,20,30,347
09/29/2012,MYR,SC,ASO,ES,Combined TRACON& Tower with Radar,39,23,10,3,75,0,286,16,4,306,39,309,26,7,381,14,16,30,411
09/30/2012,MYR,SC,ASO,ES,Combined TRACON& Tower with Radar,42,18,23,6,89,0,123,2,0,125,42,141,25,6,214,0,0,0,214
10/01/2012,MYR,SC,ASO,ES,Combined TRACON& Tower with Radar,37,11,14,4,66,0,38,1,0,39,37,49,15,4,105,0,0,0,105
10/02/2012,MYR,SC,ASO,ES,Combined TRACON& Tower with Radar,39,11,5,3,58,0,87,5,1,93,39,98,10,4,151,0,0,0,151
10/03/2012,MYR,SC,ASO,ES,Combined TRACON& Tower with Radar,40,20,9,4,73,0,184,20,0,204,40,204,29,4,277,18,8,26,303
10/04/2012,MYR,SC,ASO,ES,Combined TRACON& Tower with Radar,37,12,14,7,70,0,173,25,3,201,37,185,39,10,271,22,30,52,323
10/05/2012,MYR,SC,ASO,ES,Combined TRACON& Tower with Radar,40,19,22,20,101,0,199,20,2,221,40,218,42,22,322,12,0,12,334
10/06/2012,MYR,SC,ASO,ES,Combined TRACON& Tower with Radar,44,15,22,3,84,0,209,21,1,231,44,224,43,4,315,0,0,0,315
10/07/2012,MYR,SC,ASO,ES,Combined TRACON& Tower with Radar,41,18,24,20,103,0,202,20,2,224,41,220,44,22,327,16,0,16,343
10/08/2012,MYR,SC,ASO,ES,Combined TRACON& Tower with Radar,35,9,5,3,52,0,58,5,1,64,35,67,10,4,116,22,0,22,138
10/09/2012,MYR,SC,ASO,ES,Combined TRACON& Tower with Radar,40,10,20,6,76,0,55,3,0,58,40,65,23,6,134,14,0,14,148
10/10/2012,MYR,SC,ASO,ES,Combined TRACON& Tower with Radar,37,14,8,6,65,0,160,8,0,168,37,174,16,6,233,38,8,46,279
10/11/2012,MYR,SC,ASO,ES,Combined TRACON& Tower with Radar,43,15,22,4,84,0,167,20,4,191,43,182,42,8,275,2,10,12,287
10/12/2012,MYR,SC,ASO,ES,Combined TRACON& Tower with Radar,40,20,16,8,84,0,159,27,0,186,40,179,43,8,270,8,4,12,282
10/13/2012,MYR,SC,ASO,ES,Combined TRACON& Tower with Radar,40,30,18,0,88,0,296,18,0,314,40,326,36,0,402,6,0,6,408
10/14/2012,MYR,SC,ASO,ES,Combined TRACON& Tower with Radar,42,17,18,0,77,0,150,22,0,172,42,167,40,0,249,0,0,0,249
10/15/2012,MYR,SC,ASO,ES,Combined TRACON& Tower with Radar,39,14,16,2,71,0,110,21,0,131,39,124,37,2,202,6,0,6,208
10/16/2012,MYR,SC,ASO,ES,Combined TRACON& Tower with Radar,40,18,8,4,70,0,195,24,4,223,40,213,32,8,293,70,0,70,363
10/17/2012,MYR,SC,ASO,ES,Combined TRACON& Tower with Radar,39,16,21,24,100,0,138,33,0,171,39,154,54,24,271,34,38,72,343
10/18/2012,MYR,SC,ASO,ES,Combined TRACON& Tower with Radar,43,18,22,21,104,0,89,12,3,104,43,107,34,24,208,0,26,26,234
10/19/2012,MYR,SC,ASO,ES,Combined TRACON& Tower with Radar,35,24,17,13,89,0,129,20,1,150,35,153,37,14,239,23,12,35,274
10/20/2012,MYR,SC,ASO,ES,Combined TRACON& Tower with Radar,35,32,17,33,117,0,310,10,7,327,35,342,27,40,444,12,25,37,481
10/21/2012,MYR,SC,ASO,ES,Combined TRACON& Tower with Radar,44,15,19,2,80,0,197,16,6,219,44,212,35,8,299,12,24,36,335
10/22/2012,MYR,SC,ASO,ES,Combined TRACON& Tower with Radar,46,9,17,15,87,0,141,13,1,155,46,150,30,16,242,8,6,14,256
10/23/2012,MYR,SC,ASO,ES,Combined TRACON& Tower with Radar,42,11,14,21,88,0,116,25,3,144,42,127,39,24,232,10,14,24,256
10/24/2012,MYR,SC,ASO,ES,Combined TRACON& Tower with Radar,47,13,6,16,82,0,115,17,1,133,47,128,23,17,215,2,0,2,217
10/25/2012,MYR,SC,ASO,ES,Combined TRACON& Tower with Radar,43,14,22,29,108,0,85,20,0,105,43,99,42,29,213,8,2,10,223
10/26/2012,MYR,SC,ASO,ES,Combined TRACON& Tower with Radar,37,19,14,0,70,0,44,7,2,53,37,63,21,2,123,2,0,2,125
10/27/2012,MYR,SC,ASO,ES,Combined TRACON& Tower with Radar,39,23,4,0,66,0,0,0,0,0,39,23,4,0,66,0,0,0,66
10/28/2012,MYR,SC,ASO,ES,Combined TRACON& Tower with Radar,41,17,4,0,62,0,10,0,0,10,41,27,4,0,72,0,0,0,72
10/29/2012,MYR,SC,ASO,ES,Combined TRACON& Tower with Radar,34,11,8,8,61,0,8,0,0,8,34,19,8,8,69,0,0,0,69
10/30/2012,MYR,SC,ASO,ES,Combined TRACON& Tower with Radar,34,12,8,26,80,0,10,2,6,18,34,22,10,32,98,0,0,0,98
10/31/2012,MYR,SC,ASO,ES,Combined TRACON& Tower with Radar,33,13,14,28,88,0,213,13,8,234,33,226,27,36,322,12,0,12,334
11/01/2012,MYR,SC,ASO,ES,Combined TRACON& Tower with Radar,44,12,8,30,94,0,259,16,6,281,44,271,24,36,375,18,0,18,393
11/02/2012,MYR,SC,ASO,ES,Combined TRACON& Tower with Radar,40,14,17,22,93,0,29,12,9,50,40,43,29,31,143,0,4,4,147
11/03/2012,MYR,SC,ASO,ES,Combined TRACON& Tower with Radar,36,21,8,7,72,0,136,25,0,161,36,157,33,7,233,2,4,6,239
11/04/2012,MYR,SC,ASO,ES,Combined TRACON& Tower with Radar,37,23,13,28,101,0,78,13,2,93,37,101,26,30,194,10,4,14,208
11/05/2012,MYR,SC,ASO,ES,Combined TRACON& Tower with Radar,33,13,15,37,98,0,54,7,3,64,33,67,22,40,162,4,0,4,166
11/06/2012,MYR,SC,ASO,ES,Combined TRACON& Tower with Radar,36,14,13,24,87,0,28,2,5,35,36,42,15,29,122,18,0,18,140
11/07/2012,MYR,SC,ASO,ES,Combined TRACON& Tower with Radar,32,15,14,39,100,0,46,6,5,57,32,61,20,44,157,0,20,20,177
11/08/2012,MYR,SC,ASO,ES,Combined TRACON& Tower with Radar,30,18,15,36,99,0,37,13,4,54,30,55,28,40,153,10,48,58,211
11/09/2012,MYR,SC,ASO,ES,Combined TRACON& Tower with Radar,28,20,14,6,68,0,48,22,1,71,28,68,36,7,139,0,2,2,141
11/10/2012,MYR,SC,ASO,ES,Combined TRACON& Tower with Radar,27,21,9,0,57,0,85,31,0,116,27,106,40,0,173,30,0,30,203
11/11/2012,MYR,SC,ASO,ES,Combined TRACON& Tower with Radar,29,21,12,10,72,0,105,19,3,127,29,126,31,13,199,22,2,24,223
11/12/2012,MYR,SC,ASO,ES,Combined TRACON& Tower with Radar,24,16,14,0,54,0,60,10,0,70,24,76,24,0,124,26,0,26,150
11/13/2012,MYR,SC,ASO,ES,Combined TRACON& Tower with Radar,25,19,5,12,61,0,26,5,0,31,25,45,10,12,92,14,26,40,132
11/14/2012,MYR,SC,ASO,ES,Combined TRACON& Tower with Radar,26,18,36,8,88,0,16,6,0,22,26,34,42,8,110,0,0,0,110
11/15/2012,MYR,SC,ASO,ES,Combined TRACON& Tower with Radar,30,22,19,3,74,0,0,0,0,0,30,22,19,3,74,0,0,0,74
11/16/2012,MYR,SC,ASO,ES,Combined TRACON& Tower with Radar,28,20,24,20,92,0,62,23,0,85,28,82,47,20,177,24,0,24,201
11/17/2012,MYR,SC,ASO,ES,Combined TRACON& Tower with Radar,26,22,3,5,56,0,58,5,0,63,26,80,8,5,119,0,8,8,127
11/18/2012,MYR,SC,ASO,ES,Combined TRACON& Tower with Radar,30,20,18,4,72,0,0,5,0,5,30,20,23,4,77,0,0,0,77
11/19/2012,MYR,SC,ASO,ES,Combined TRACON& Tower with Radar,27,18,7,4,56,0,14,2,0,16,27,32,9,4,72,0,0,0,72
11/20/2012,MYR,SC,ASO,ES,Combined TRACON& Tower with Radar,36,19,19,6,80,0,42,3,0,45,36,61,22,6,125,20,0,20,145
11/21/2012,MYR,SC,ASO,ES,Combined TRACON& Tower with Radar,32,20,14,2,68,0,96,8,0,104,32,116,22,2,172,0,0,0,172
11/22/2012,MYR,SC,ASO,ES,Combined TRACON& Tower with Radar,23,10,10,0,43,0,30,8,0,38,23,40,18,0,81,0,0,0,81
11/23/2012,MYR,SC,ASO,ES,Combined TRACON& Tower with Radar,29,14,10,0,53,0,152,32,0,184,29,166,42,0,237,6,0,6,243
11/24/2012,MYR,SC,ASO,ES,Combined TRACON& Tower with Radar,35,24,12,0,71,0,175,17,0,192,35,199,29,0,263,0,0,0,263
11/25/2012,MYR,SC,ASO,ES,Combined TRACON& Tower with Radar,30,26,15,2,73,0,69,28,0,97,30,95,43,2,170,2,0,2,172
11/26/2012,MYR,SC,ASO,ES,Combined TRACON& Tower with Radar,28,18,20,11,77,0,21,16,2,39,28,39,36,13,116,62,12,74,190
11/27/2012,MYR,SC,ASO,ES,Combined TRACON& Tower with Radar,27,10,5,2,44,0,20,8,2,30,27,30,13,4,74,16,2,18,92
11/28/2012,MYR,SC,ASO,ES,Combined TRACON& Tower with Radar,28,17,9,22,76,0,20,7,0,27,28,37,16,22,103,14,4,18,121
11/29/2012,MYR,SC,ASO,ES,Combined TRACON& Tower with Radar,31,14,13,4,62,0,24,29,0,53,31,38,42,4,115,0,0,0,115
11/30/2012,MYR,SC,ASO,ES,Combined TRACON& Tower with Radar,32,14,17,6,69,0,19,21,0,40,32,33,38,6,109,22,0,22,131
12/01/2012,MYR,SC,ASO,ES,Combined TRACON& Tower with Radar,29,17,14,5,65,0,90,6,2,98,29,107,20,7,163,6,0,6,169
12/02/2012,MYR,SC,ASO,ES,Combined TRACON& Tower with Radar,29,10,16,0,55,0,29,30,0,59,29,39,46,0,114,2,0,2,116
12/03/2012,MYR,SC,ASO,ES,Combined TRACON& Tower with Radar,29,9,8,13,59,0,17,5,0,22,29,26,13,13,81,0,0,0,81
12/04/2012,MYR,SC,ASO,ES,Combined TRACON& Tower with Radar,33,10,6,21,70,0,28,8,1,37,33,38,14,22,107,18,0,18,125
12/05/2012,MYR,SC,ASO,ES,Combined TRACON& Tower with Radar,29,13,19,6,67,0,18,9,0,27,29,31,28,6,94,40,0,40,134
12/06/2012,MYR,SC,ASO,ES,Combined TRACON& Tower with Radar,30,13,30,23,96,0,18,11,2,31,30,31,41,25,127,12,20,32,159
12/07/2012,MYR,SC,ASO,ES,Combined TRACON& Tower with Radar,27,14,20,18,79,0,9,2,0,11,27,23,22,18,90,22,0,22,112
12/08/2012,MYR,SC,ASO,ES,Combined TRACON& Tower with Radar,31,17,10,4,62,0,30,4,0,34,31,47,14,4,96,0,6,6,102
12/09/2012,MYR,SC,ASO,ES,Combined TRACON& Tower with Radar,28,12,17,8,65,0,63,8,4,75,28,75,25,12,140,0,0,0,140
12/10/2012,MYR,SC,ASO,ES,Combined TRACON& Tower with Radar,29,10,7,2,48,0,8,3,0,11,29,18,10,2,59,0,0,0,59
12/11/2012,MYR,SC,ASO,ES,Combined TRACON& Tower with Radar,35,10,8,14,67,0,14,10,1,25,35,24,18,15,92,24,0,24,116
12/12/2012,MYR,SC,ASO,ES,Combined TRACON& Tower with Radar,26,12,8,12,58,0,0,0,1,1,26,12,8,13,59,0,0,0,59
12/13/2012,MYR,SC,ASO,ES,Combined TRACON& Tower with Radar,30,10,8,15,63,0,2,2,2,6,30,12,10,17,69,0,0,0,69
12/14/2012,MYR,SC,ASO,ES,Combined TRACON& Tower with Radar,28,10,8,8,54,0,24,30,2,56,28,34,38,10,110,20,0,20,130
12/15/2012,MYR,SC,ASO,ES,Combined TRACON& Tower with Radar,28,14,8,0,50,0,22,9,4,35,28,36,17,4,85,16,0,16,101
12/16/2012,MYR,SC,ASO,ES,Combined TRACON& Tower with Radar,27,17,9,0,53,0,0,3,0,3,27,17,12,0,56,0,0,0,56
12/17/2012,MYR,SC,ASO,ES,Combined TRACON& Tower with Radar,23,12,12,1,48,0,0,0,0,0,23,12,12,1,48,0,0,0,48
12/18/2012,MYR,SC,ASO,ES,Combined TRACON& Tower with Radar,24,13,16,21,74,0,8,6,0,14,24,21,22,21,88,0,4,4,92
12/19/2012,MYR,SC,ASO,ES,Combined TRACON& Tower with Radar,32,21,7,21,81,0,33,33,0,66,32,54,40,21,147,28,4,32,179
12/20/2012,MYR,SC,ASO,ES,Combined TRACON& Tower with Radar,27,14,6,2,49,0,26,7,0,33,27,40,13,2,82,32,0,32,114
12/21/2012,MYR,SC,ASO,ES,Combined TRACON& Tower with Radar,26,12,11,8,57,0,0,1,2,3,26,12,12,10,60,0,0,0,60
12/22/2012,MYR,SC,ASO,ES,Combined TRACON& Tower with Radar,22,25,10,0,57,0,16,20,0,36,22,41,30,0,93,8,0,8,101
12/23/2012,MYR,SC,ASO,ES,Combined TRACON& Tower with Radar,25,19,8,0,52,0,78,17,0,95,25,97,25,0,147,0,0,0,147
12/24/2012,MYR,SC,ASO,ES,Combined TRACON& Tower with Radar,20,18,8,0,46,0,114,7,0,121,20,132,15,0,167,0,0,0,167
12/25/2012,MYR,SC,ASO,ES,Combined TRACON& Tower with Radar,23,16,3,0,42,0,0,2,0,2,23,16,5,0,44,0,0,0,44
12/26/2012,MYR,SC,ASO,ES,Combined TRACON& Tower with Radar,18,23,10,0,51,0,4,1,0,5,18,27,11,0,56,0,0,0,56
12/27/2012,MYR,SC,ASO,ES,Combined TRACON& Tower with Radar,21,27,14,11,73,0,135,19,0,154,21,162,33,11,227,16,0,16,243
12/28/2012,MYR,SC,ASO,ES,Combined TRACON& Tower with Radar,21,26,23,8,78,0,136,16,0,152,21,162,39,8,230,2,0,2,232
12/29/2012,MYR,SC,ASO,ES,Combined TRACON& Tower with Radar,23,27,9,0,59,0,83,1,0,84,23,110,10,0,143,0,0,0,143
12/30/2012,MYR,SC,ASO,ES,Combined TRACON& Tower with Radar,25,21,11,2,59,0,116,18,0,134,25,137,29,2,193,6,0,6,199
12/31/2012,MYR,SC,ASO,ES,Combined TRACON& Tower with Radar,22,16,9,0,47,0,154,26,2,182,22,170,35,2,229,0,0,0,229
01/01/2013,MYR,SC,ASO,ES,Combined TRACON& Tower with Radar,21,13,6,0,40,0,101,1,0,102,21,114,7,0,142,0,0,0,142
01/02/2013,MYR,SC,ASO,ES,Combined TRACON& Tower with Radar,24,25,8,6,63,0,10,0,0,10,24,35,8,6,73,0,0,0,73
01/03/2013,MYR,SC,ASO,ES,Combined TRACON& Tower with Radar,24,27,1,9,61,0,0,0,2,2,24,27,1,11,63,0,0,0,63
01/04/2013,MYR,SC,ASO,ES,Combined TRACON& Tower with Radar,21,26,9,10,66,0,72,34,2,108,21,98,43,12,174,44,0,44,218
01/05/2013,MYR,SC,ASO,ES,Combined TRACON& Tower with Radar,26,19,16,0,61,0,38,18,0,56,26,57,34,0,117,0,0,0,117
01/06/2013,MYR,SC,ASO,ES,Combined TRACON& Tower with Radar,25,16,10,0,51,0,22,5,0,27,25,38,15,0,78,8,0,8,86
01/07/2013,MYR,SC,ASO,ES,Combined TRACON& Tower with Radar,24,13,17,0,54,0,45,8,0,53,24,58,25,0,107,6,0,6,113
01/08/2013,MYR,SC,ASO,ES,Combined TRACON& Tower with Radar,25,17,16,6,64,0,36,16,0,52,25,53,32,6,116,8,0,8,124
01/09/2013,MYR,SC,ASO,ES,Combined TRACON& Tower with Radar,26,14,21,10,71,0,10,18,0,28,26,24,39,10,99,10,6,16,115
01/10/2013,MYR,SC,ASO,ES,Combined TRACON& Tower with Radar,28,15,15,18,76,0,16,7,0,23,28,31,22,18,99,22,0,22,121
01/11/2013,MYR,SC,ASO,ES,Combined TRACON& Tower with Radar,25,21,16,11,73,0,21,11,1,33,25,42,27,12,106,22,0,22,128
01/12/2013,MYR,SC,ASO,ES,Combined TRACON& Tower with Radar,25,11,6,10,52,0,90,17,0,107,25,101,23,10,159,6,16,22,181
01/13/2013,MYR,SC,ASO,ES,Combined TRACON& Tower with Radar,21,12,7,0,40,0,65,20,0,85,21,77,27,0,125,0,0,0,125
01/14/2013,MYR,SC,ASO,ES,Combined TRACON& Tower with Radar,23,13,19,13,68,0,26,7,0,33,23,39,26,13,101,18,0,18,119
01/15/2013,MYR,SC,ASO,ES,Combined TRACON& Tower with Radar,26,14,18,30,88,0,28,3,2,33,26,42,21,32,121,0,54,54,175
01/16/2013,MYR,SC,ASO,ES,Combined TRACON& Tower with Radar,26,12,13,23,74,0,29,11,3,43,26,41,24,26,117,6,30,36,153
01/17/2013,MYR,SC,ASO,ES,Combined TRACON& Tower with Radar,28,14,13,15,70,0,19,3,0,22,28,33,16,15,92,6,28,34,126
01/18/2013,MYR,SC,ASO,ES,Combined TRACON& Tower with Radar,25,13,22,7,67,0,16,12,1,29,25,29,34,8,96,6,2,8,104
01/19/2013,MYR,SC,ASO,ES,Combined TRACON& Tower with Radar,26,11,10,0,47,0,106,35,0,141,26,117,45,0,188,4,0,4,192
01/20/2013,MYR,SC,ASO,ES,Combined TRACON& Tower with Radar,22,12,10,3,47,0,164,12,0,176,22,176,22,3,223,0,4,4,227
01/21/2013,MYR,SC,ASO,ES,Combined TRACON& Tower with Radar,24,13,10,0,47,0,54,28,0,82,24,67,38,0,129,2,0,2,131
01/22/2013,MYR,SC,ASO,ES,Combined TRACON& Tower with Radar,23,18,4,14,59,0,58,10,2,70,23,76,14,16,129,6,2,8,137
01/23/2013,MYR,SC,ASO,ES,Combined TRACON& Tower with Radar,26,16,9,0,51,0,25,11,2,38,26,41,20,2,89,26,0,26,115
01/24/2013,MYR,SC,ASO,ES,Combined TRACON& Tower with Radar,27,18,9,8,62,0,18,12,0,30,27,36,21,8,92,12,8,20,112
01/25/2013,MYR,SC,ASO,ES,Combined TRACON& Tower with Radar,20,16,11,18,65,0,18,10,0,28,20,34,21,18,93,16,14,30,123
01/26/2013,MYR,SC,ASO,ES,Combined TRACON& Tower with Radar,25,12,12,0,49,0,73,12,0,85,25,85,24,0,134,10,0,10,144
01/27/2013,MYR,SC,ASO,ES,Combined TRACON& Tower with Radar,27,14,10,0,51,0,42,21,0,63,27,56,31,0,114,6,0,6,120
01/28/2013,MYR,SC,ASO,ES,Combined TRACON& Tower with Radar,25,16,5,4,50,0,17,5,0,22,25,33,10,4,72,0,0,0,72
01/29/2013,MYR,SC,ASO,ES,Combined TRACON& Tower with Radar,30,17,9,8,64,0,36,6,0,42,30,53,15,8,106,24,6,30,136
01/30/2013,MYR,SC,ASO,ES,Combined TRACON& Tower with Radar,22,24,8,5,59,0,2,2,0,4,22,26,10,5,63,0,0,0,63
01/31/2013,MYR,SC,ASO,ES,Combined TRACON& Tower with Radar,21,23,16,11,71,0,0,8,1,9,21,23,24,12,80,0,10,10,90
02/01/2013,MYR,SC,ASO,ES,Combined TRACON& Tower with Radar,26,21,6,6,59,0,4,11,2,17,26,25,17,8,76,6,22,28,104
02/02/2013,MYR,SC,ASO,ES,Combined TRACON& Tower with Radar,29,12,14,6,61,0,91,31,0,122,29,103,45,6,183,20,0,20,203
02/03/2013,MYR,SC,ASO,ES,Combined TRACON& Tower with Radar,27,13,13,1,54,0,16,7,2,25,27,29,20,3,79,0,0,0,79
02/04/2013,MYR,SC,ASO,ES,Combined TRACON& Tower with Radar,25,14,17,25,81,0,18,16,1,35,25,32,33,26,116,10,18,28,144
02/05/2013,MYR,SC,ASO,ES,Combined TRACON& Tower with Radar,27,16,8,10,61,0,26,13,0,39,27,42,21,10,100,20,16,36,136
02/06/2013,MYR,SC,ASO,ES,Combined TRACON& Tower with Radar,26,16,8,4,54,0,45,27,0,72,26,61,35,4,126,0,0,0,126
02/07/2013,MYR,SC,ASO,ES,Combined TRACON& Tower with Radar,28,17,11,6,62,0,2,4,0,6,28,19,15,6,68,6,0,6,74
02/08/2013,MYR,SC,ASO,ES,Combined TRACON& Tower with Radar,23,24,20,2,69,0,14,7,2,23,23,38,27,4,92,6,0,6,98
02/09/2013,MYR,SC,ASO,ES,Combined TRACON& Tower with Radar,28,9,8,9,54,0,171,18,1,190,28,180,26,10,244,26,0,26,270
02/10/2013,MYR,SC,ASO,ES,Combined TRACON& Tower with Radar,28,15,10,0,53,0,62,19,2,83,28,77,29,2,136,14,0,14,150
02/11/2013,MYR,SC,ASO,ES,Combined TRACON& Tower with Radar,25,12,1,0,38,0,0,0,0,0,25,12,1,0,38,0,0,0,38
02/12/2013,MYR,SC,ASO,ES,Combined TRACON& Tower with Radar,27,18,14,6,65,0,6,1,2,9,27,24,15,8,74,0,0,0,74
02/13/2013,MYR,SC,ASO,ES,Combined TRACON& Tower with Radar,25,17,16,6,64,0,0,0,1,1,25,17,16,7,65,0,0,0,65
02/14/2013,MYR,SC,ASO,ES,Combined TRACON& Tower with Radar,36,15,21,11,83,0,45,12,2,59,36,60,33,13,142,16,0,16,158
02/15/2013,MYR,SC,ASO,ES,Combined TRACON& Tower with Radar,32,16,24,4,76,0,93,38,2,133,32,109,62,6,209,14,10,24,233
02/16/2013,MYR,SC,ASO,ES,Combined TRACON& Tower with Radar,23,19,8,2,52,0,182,6,0,188,23,201,14,2,240,20,6,26,266
02/17/2013,MYR,SC,ASO,ES,Combined TRACON& Tower with Radar,36,12,10,12,70,0,14,4,0,18,36,26,14,12,88,0,4,4,92
02/18/2013,MYR,SC,ASO,ES,Combined TRACON& Tower with Radar,38,16,15,0,69,0,135,22,4,161,38,151,37,4,230,10,0,10,240
02/19/2013,MYR,SC,ASO,ES,Combined TRACON& Tower with Radar,32,23,13,2,70,0,22,6,0,28,32,45,19,2,98,28,0,28,126
02/20/2013,MYR,SC,ASO,ES,Combined TRACON& Tower with Radar,31,24,16,2,73,0,85,33,0,118,31,109,49,2,191,0,0,0,191
02/21/2013,MYR,SC,ASO,ES,Combined TRACON& Tower with Radar,35,20,12,17,84,0,86,19,2,107,35,106,31,19,191,17,22,39,230
02/22/2013,MYR,SC,ASO,ES,Combined TRACON& Tower with Radar,32,17,9,6,64,0,6,0,0,6,32,23,9,6,70,0,0,0,70
02/23/2013,MYR,SC,ASO,ES,Combined TRACON& Tower with Radar,27,15,2,4,48,0,0,0,0,0,27,15,2,4,48,0,0,0,48
02/24/2013,MYR,SC,ASO,ES,Combined TRACON& Tower with Radar,36,18,10,3,67,0,167,9,0,176,36,185,19,3,243,16,0,16,259
02/25/2013,MYR,SC,ASO,ES,Combined TRACON& Tower with Radar,32,27,16,6,81,0,19,4,0,23,32,46,20,6,104,0,0,0,104
02/26/2013,MYR,SC,ASO,ES,Combined TRACON& Tower with Radar,36,21,9,0,66,0,0,1,0,1,36,21,10,0,67,0,0,0,67
02/27/2013,MYR,SC,ASO,ES,Combined TRACON& Tower with Radar,31,18,16,28,93,0,42,12,2,56,31,60,28,30,149,16,16,32,181
02/28/2013,MYR,SC,ASO,ES,Combined TRACON& Tower with Radar,34,21,20,18,93,0,42,13,2,57,34,63,33,20,150,8,4,12,162
03/01/2013,MYR,SC,ASO,ES,Combined TRACON& Tower with Radar,34,23,15,0,72,0,40,22,0,62,34,63,37,0,134,14,0,14,148
03/02/2013,MYR,SC,ASO,ES,Combined TRACON& Tower with Radar,33,27,9,0,69,0,214,15,2,231,33,241,24,2,300,2,0,2,302
03/03/2013,MYR,SC,ASO,ES,Combined TRACON& Tower with Radar,40,17,11,4,72,0,125,27,0,152,40,142,38,4,224,10,4,14,238
03/04/2013,MYR,SC,ASO,ES,Combined TRACON& Tower with Radar,42,16,17,0,75,0,104,24,0,128,42,120,41,0,203,12,0,12,215
03/05/2013,MYR,SC,ASO,ES,Combined TRACON& Tower with Radar,43,14,20,3,80,0,40,10,1,51,43,54,30,4,131,10,0,10,141
03/06/2013,MYR,SC,ASO,ES,Combined TRACON& Tower with Radar,39,19,18,0,76,0,0,5,0,5,39,19,23,0,81,4,0,4,85
03/07/2013,MYR,SC,ASO,ES,Combined TRACON& Tower with Radar,42,16,15,13,86,0,101,22,2,125,42,117,37,15,211,10,10,20,231
03/08/2013,MYR,SC,ASO,ES,Combined TRACON& Tower with Radar,36,16,33,21,106,0,102,23,0,125,36,118,56,21,231,2,0,2,233
03/09/2013,MYR,SC,ASO,ES,Combined TRACON& Tower with Radar,34,31,14,17,96,0,228,29,3,260,34,259,43,20,356,0,16,16,372
03/10/2013,MYR,SC,ASO,ES,Combined TRACON& Tower with Radar,39,18,16,2,75,0,261,30,0,291,39,279,46,2,366,14,0,14,380
03/11/2013,MYR,SC,ASO,ES,Combined TRACON& Tower with Radar,42,12,10,3,67,0,198,11,1,210,42,210,21,4,277,0,0,0,277
03/12/2013,MYR,SC,ASO,ES,Combined TRACON& Tower with Radar,39,16,17,17,89,0,56,5,0,61,39,72,22,17,150,0,0,0,150
03/13/2013,MYR,SC,ASO,ES,Combined TRACON& Tower with Radar,42,17,16,4,79,0,187,7,2,196,42,204,23,6,275,14,0,14,289
03/14/2013,MYR,SC,ASO,ES,Combined TRACON& Tower with Radar,43,14,27,14,98,0,273,20,4,297,43,287,47,18,395,12,0,12,407
03/15/2013,MYR,SC,ASO,ES,Combined TRACON& Tower with Radar,40,21,16,0,77,0,199,19,0,218,40,220,35,0,295,2,0,2,297
03/16/2013,MYR,SC,ASO,ES,Combined TRACON& Tower with Radar,34,41,8,5,88,0,72,15,0,87,34,113,23,5,175,0,0,0,175
03/17/2013,MYR,SC,ASO,ES,Combined TRACON& Tower with Radar,40,24,24,0,88,0,222,17,0,239,40,246,41,0,327,10,0,10,337
03/18/2013,MYR,SC,ASO,ES,Combined TRACON& Tower with Radar,39,14,13,16,82,0,56,1,3,60,39,70,14,19,142,0,8,8,150
03/19/2013,MYR,SC,ASO,ES,Combined TRACON& Tower with Radar,40,20,15,14,89,0,128,20,0,148,40,148,35,14,237,0,4,4,241
03/20/2013,MYR,SC,ASO,ES,Combined TRACON& Tower with Radar,40,19,16,4,79,0,134,9,1,144,40,153,25,5,223,20,0,20,243
03/21/2013,MYR,SC,ASO,ES,Combined TRACON& Tower with Radar,42,19,15,8,84,0,110,17,0,127,42,129,32,8,211,0,2,2,213
03/22/2013,MYR,SC,ASO,ES,Combined TRACON& Tower with Radar,41,21,24,10,96,0,170,18,2,190,41,191,42,12,286,22,0,22,308
03/23/2013,MYR,SC,ASO,ES,Combined TRACON& Tower with Radar,36,36,17,0,89,0,96,1,7,104,36,132,18,7,193,0,0,0,193
03/24/2013,MYR,SC,ASO,ES,Combined TRACON& Tower with Radar,40,18,10,1,69,0,0,0,2,2,40,18,10,3,71,0,0,0,71
03/25/2013,MYR,SC,ASO,ES,Combined TRACON& Tower with Radar,43,14,13,2,72,0,70,0,3,73,43,84,13,5,145,2,0,2,147
03/26/2013,MYR,SC,ASO,ES,Combined TRACON& Tower with Radar,40,17,17,0,74,0,315,9,1,325,40,332,26,1,399,6,0,6,405
03/27/2013,MYR,SC,ASO,ES,Combined TRACON& Tower with Radar,39,22,13,10,84,0,326,18,2,346,39,348,31,12,430,6,0,6,436
03/28/2013,MYR,SC,ASO,ES,Combined TRACON& Tower with Radar,40,24,16,20,100,0,412,21,0,433,40,436,37,20,533,8,8,16,549
03/29/2013,MYR,SC,ASO,ES,Combined TRACON& Tower with Radar,43,15,12,2,72,0,454,35,0,489,43,469,47,2,561,48,0,48,609
03/30/2013,MYR,SC,ASO,ES,Combined TRACON& Tower with Radar,35,33,26,0,94,0,520,25,0,545,35,553,51,0,639,16,0,16,655
03/31/2013,MYR,SC,ASO,ES,Combined TRACON& Tower with Radar,40,20,15,0,75,0,462,5,0,467,40,482,20,0,542,0,0,0,542
04/01/2013,MYR,SC,ASO,ES,Combined TRACON& Tower with Radar,40,24,32,16,112,0,380,16,2,398,40,404,48,18,510,2,2,4,514
04/02/2013,MYR,SC,ASO,ES,Combined TRACON& Tower with Radar,40,17,19,18,94,0,660,25,0,685,40,677,44,18,779,32,20,52,831
04/03/2013,MYR,SC,ASO,ES,Combined TRACON& Tower with Radar,41,17,17,8,83,0,708,8,0,716,41,725,25,8,799,0,10,10,809
04/04/2013,MYR,SC,ASO,ES,Combined TRACON& Tower with Radar,43,18,18,4,83,0,0,0,0,0,43,18,18,4,83,0,0,0,83
04/05/2013,MYR,SC,ASO,ES,Combined TRACON& Tower with Radar,46,16,30,0,92,0,491,15,0,506,46,507,45,0,598,16,6,22,620
04/06/2013,MYR,SC,ASO,ES,Combined TRACON& Tower with Radar,36,33,11,6,86,6,595,36,4,641,42,628,47,10,727,0,0,0,727
04/07/2013,MYR,SC,ASO,ES,Combined TRACON& Tower with Radar,42,17,27,0,86,0,296,24,0,320,42,313,51,0,406,0,0,0,406
04/08/2013,MYR,SC,ASO,ES,Combined TRACON& Tower with Radar,44,16,10,0,70,0,145,17,0,162,44,161,27,0,232,40,0,40,272
04/09/2013,MYR,SC,ASO,ES,Combined TRACON& Tower with Radar,41,18,19,2,80,0,183,27,2,212,41,201,46,4,292,14,6,20,312
04/10/2013,MYR,SC,ASO,ES,Combined TRACON& Tower with Radar,40,23,20,3,86,0,177,19,0,196,40,200,39,3,282,6,0,6,288
04/11/2013,MYR,SC,ASO,ES,Combined TRACON& Tower with Radar,44,18,38,6,106,0,161,6,3,170,44,179,44,9,276,24,0,24,300
04/12/2013,MYR,SC,ASO,ES,Combined TRACON& Tower with Radar,43,18,23,4,88,0,28,1,0,29,43,46,24,4,117,0,0,0,117
04/13/2013,MYR,SC,ASO,ES,Combined TRACON& Tower with Radar,43,29,20,2,94,0,319,34,0,353,43,348,54,2,447,2,0,2,449
04/14/2013,MYR,SC,ASO,ES,Combined TRACON& Tower with Radar,41,20,26,0,87,0,274,16,0,290,41,294,42,0,377,36,0,36,413
04/15/2013,MYR,SC,ASO,ES,Combined TRACON& Tower with Radar,44,16,14,4,78,0,102,6,0,108,44,118,20,4,186,0,0,0,186
04/16/2013,MYR,SC,ASO,ES,Combined TRACON& Tower with Radar,40,22,22,23,107,0,153,12,9,174,40,175,34,32,281,6,48,54,335
04/17/2013,MYR,SC,ASO,ES,Combined TRACON& Tower with Radar,43,18,22,4,87,0,157,22,0,179,43,175,44,4,266,20,0,20,286
04/18/2013,MYR,SC,ASO,ES,Combined TRACON& Tower with Radar,45,14,23,23,105,0,130,6,0,136,45,144,29,23,241,40,14,54,295
04/19/2013,MYR,SC,ASO,ES,Combined TRACON& Tower with Radar,45,14,23,4,86,0,104,1,0,105,45,118,24,4,191,0,0,0,191
04/20/2013,MYR,SC,ASO,ES,Combined TRACON& Tower with Radar,42,33,20,8,103,0,243,4,1,248,42,276,24,9,351,0,0,0,351
04/21/2013,MYR,SC,ASO,ES,Combined TRACON& Tower with Radar,42,22,13,4,81,0,202,9,0,211,42,224,22,4,292,0,0,0,292
04/22/2013,MYR,SC,ASO,ES,Combined TRACON& Tower with Radar,47,13,22,14,96,0,82,6,2,90,47,95,28,16,186,0,0,0,186
04/23/2013,MYR,SC,ASO,ES,Combined TRACON& Tower with Radar,43,15,15,4,77,0,100,13,0,113,43,115,28,4,190,0,0,0,190
04/24/2013,MYR,SC,ASO,ES,Combined TRACON& Tower with Radar,42,18,32,11,103,0,148,18,0,166,42,166,50,11,269,18,0,18,287
04/25/2013,MYR,SC,ASO,ES,Combined TRACON& Tower with Radar,53,21,18,4,96,0,80,6,0,86,53,101,24,4,182,0,0,0,182
04/26/2013,MYR,SC,ASO,ES,Combined TRACON& Tower with Radar,53,20,30,8,111,0,232,26,0,258,53,252,56,8,369,0,0,0,369
04/27/2013,MYR,SC,ASO,ES,Combined TRACON& Tower with Radar,57,29,16,2,104,0,366,17,3,386,57,395,33,5,490,8,0,8,498
04/28/2013,MYR,SC,ASO,ES,Combined TRACON& Tower with Radar,51,20,19,0,90,0,215,4,0,219,51,235,23,0,309,0,0,0,309
04/29/2013,MYR,SC,ASO,ES,Combined TRACON& Tower with Radar,50,17,14,2,83,0,33,1,0,34,50,50,15,2,117,16,0,16,133
04/30/2013,MYR,SC,ASO,ES,Combined TRACON& Tower with Radar,54,16,19,8,97,0,98,10,0,108,54,114,29,8,205,4,0,4,209
05/01/2013,MYR,SC,ASO,ES,Combined TRACON& Tower with Radar,54,13,19,22,108,0,84,11,1,96,54,97,30,23,204,12,0,12,216
05/02/2013,MYR,SC,ASO,ES,Combined TRACON& Tower with Radar,55,15,25,17,112,0,97,6,0,103,55,112,31,17,215,12,0,12,227
05/03/2013,MYR,SC,ASO,ES,Combined TRACON& Tower with Radar,52,16,28,10,106,0,95,3,1,99,52,111,31,11,205,0,12,12,217
05/04/2013,MYR,SC,ASO,ES,Combined TRACON& Tower with Radar,56,30,15,0,101,0,416,1,3,420,56,446,16,3,521,0,0,0,521
05/05/2013,MYR,SC,ASO,ES,Combined TRACON& Tower with Radar,50,24,25,0,99,0,27,0,2,29,50,51,25,2,128,0,0,0,128
05/06/2013,MYR,SC,ASO,ES,Combined TRACON& Tower with Radar,52,14,10,1,77,0,355,16,5,376,52,369,26,6,453,6,0,6,459
05/07/2013,MYR,SC,ASO,ES,Combined TRACON& Tower with Radar,50,20,21,21,112,0,273,5,0,278,50,293,26,21,390,26,24,50,440
05/08/2013,MYR,SC,ASO,ES,Combined TRACON& Tower with Radar,51,15,27,9,102,0,211,19,0,230,51,226,46,9,332,12,12,24,356
05/09/2013,MYR,SC,ASO,ES,Combined TRACON& Tower with Radar,56,17,23,33,129,0,205,24,4,233,56,222,47,37,362,30,10,40,402
05/10/2013,MYR,SC,ASO,ES,Combined TRACON& Tower with Radar,53,22,18,35,128,0,205,28,0,233,53,227,46,35,361,14,16,30,391
05/11/2013,MYR,SC,ASO,ES,Combined TRACON& Tower with Radar,59,30,23,0,112,0,296,12,0,308,59,326,35,0,420,4,0,4,424
05/12/2013,MYR,SC,ASO,ES,Combined TRACON& Tower with Radar,53,21,14,0,88,0,267,17,0,284,53,288,31,0,372,0,0,0,372
05/13/2013,MYR,SC,ASO,ES,Combined TRACON& Tower with Radar,54,12,19,21,106,0,218,13,2,233,54,230,32,23,339,0,0,0,339
05/14/2013,MYR,SC,ASO,ES,Combined TRACON& Tower with Radar,50,17,9,6,82,0,230,28,0,258,50,247,37,6,340,0,8,8,348
05/15/2013,MYR,SC,ASO,ES,Combined TRACON& Tower with Radar,54,14,20,8,96,0,161,22,0,183,54,175,42,8,279,2,16,18,297
05/16/2013,MYR,SC,ASO,ES,Combined TRACON& Tower with Radar,61,16,29,9,115,0,191,29,1,221,61,207,58,10,336,6,30,36,372
05/17/2013,MYR,SC,ASO,ES,Combined TRACON& Tower with Radar,57,14,15,22,108,1,271,20,2,294,58,285,35,24,402,20,6,26,428
05/18/2013,MYR,SC,ASO,ES,Combined TRACON& Tower with Radar,59,28,21,4,112,0,479,15,0,494,59,507,36,4,606,10,0,10,616
05/19/2013,MYR,SC,ASO,ES,Combined TRACON& Tower with Radar,59,17,10,1,87,0,255,9,0,264,59,272,19,1,351,0,0,0,351
05/20/2013,MYR,SC,ASO,ES,Combined TRACON& Tower with Radar,52,12,19,6,89,0,72,1,0,73,52,84,20,6,162,0,0,0,162
05/21/2013,MYR,SC,ASO,ES,Combined TRACON& Tower with Radar,47,16,14,4,81,0,222,1,0,223,47,238,15,4,304,28,10,38,342
05/22/2013,MYR,SC,ASO,ES,Combined TRACON& Tower with Radar,52,17,22,4,95,0,187,11,1,199,52,204,33,5,294,44,0,44,338
05/23/2013,MYR,SC,ASO,ES,Combined TRACON& Tower with Radar,55,20,27,0,102,0,231,26,3,260,55,251,53,3,362,8,0,8,370
05/24/2013,MYR,SC,ASO,ES,Combined TRACON& Tower with Radar,51,19,21,2,93,0,321,28,7,356,51,340,49,9,449,14,0,14,463
05/25/2013,MYR,SC,ASO,ES,Combined TRACON& Tower with Radar,56,29,14,0,99,0,714,26,16,756,56,743,40,16,855,4,0,4,859
05/26/2013,MYR,SC,ASO,ES,Combined TRACON& Tower with Radar,56,13,12,0,81,0,856,25,18,899,56,869,37,18,980,34,0,34,1014
05/27/2013,MYR,SC,ASO,ES,Combined TRACON& Tower with Radar,49,17,13,0,79,0,492,33,3,528,49,509,46,3,607,38,0,38,645
05/28/2013,MYR,SC,ASO,ES,Combined TRACON& Tower with Radar,52,21,12,10,95,0,287,27,3,317,52,308,39,13,412,8,0,8,420
05/29/2013,MYR,SC,ASO,ES,Combined TRACON& Tower with Radar,51,21,20,20,112,0,252,24,2,278,51,273,44,22,390,63,10,73,463
05/30/2013,MYR,SC,ASO,ES,Combined TRACON& Tower with Radar,56,19,26,15,116,0,268,28,0,296,56,287,54,15,412,22,18,40,452
05/31/2013,MYR,SC,ASO,ES,Combined TRACON& Tower with Radar,52,21,29,6,108,0,248,12,1,261,52,269,41,7,369,72,0,72,441
06/01/2013,MYR,SC,ASO,ES,Combined TRACON& Tower with Radar,57,30,13,31,131,0,411,20,5,436,57,441,33,36,567,96,20,116,683
06/02/2013,MYR,SC,ASO,ES,Combined TRACON& Tower with Radar,54,19,27,15,115,0,395,9,0,404,54,414,36,15,519,10,0,10,529
06/03/2013,MYR,SC,ASO,ES,Combined TRACON& Tower with Radar,45,19,11,0,75,0,102,0,0,102,45,121,11,0,177,6,0,6,183
06/04/2013,MYR,SC,ASO,ES,Combined TRACON& Tower with Radar,48,23,24,16,111,0,259,19,4,282,48,282,43,20,393,32,6,38,431
06/05/2013,MYR,SC,ASO,ES,Combined TRACON& Tower with Radar,54,20,23,12,109,0,413,6,0,419,54,433,29,12,528,10,0,10,538
06/06/2013,MYR,SC,ASO,ES,Combined TRACON& Tower with Radar,50,22,10,2,84,0,0,4,0,4,50,22,14,2,88,0,0,0,88
06/07/2013,MYR,SC,ASO,ES,Combined TRACON& Tower with Radar,47,22,5,0,74,0,66,1,4,71,47,88,6,4,145,0,0,0,145
06/08/2013,MYR,SC,ASO,ES,Combined TRACON& Tower with Radar,62,32,26,1,121,0,439,12,5,456,62,471,38,6,577,16,0,16,593
06/09/2013,MYR,SC,ASO,ES,Combined TRACON& Tower with Radar,56,18,21,0,95,0,317,5,0,322,56,335,26,0,417,10,0,10,427
06/10/2013,MYR,SC,ASO,ES,Combined TRACON& Tower with Radar,60,21,4,16,101,0,286,11,4,301,60,307,15,20,402,12,18,30,432
06/11/2013,MYR,SC,ASO,ES,Combined TRACON& Tower with Radar,45,21,23,21,110,0,506,9,2,517,45,527,32,23,627,10,0,10,637
06/12/2013,MYR,SC,ASO,ES,Combined TRACON& Tower with Radar,60,24,26,21,131,0,576,20,0,596,60,600,46,21,727,26,20,46,773
06/13/2013,MYR,SC,ASO,ES,Combined TRACON& Tower with Radar,48,21,19,8,96,0,570,13,1,584,48,591,32,9,680,8,0,8,688
06/14/2013,MYR,SC,ASO,ES,Combined TRACON& Tower with Radar,50,20,30,2,102,0,549,23,4,576,50,569,53,6,678,4,0,4,682
06/15/2013,MYR,SC,ASO,ES,Combined TRACON& Tower with Radar,64,34,23,0,121,0,608,23,0,631,64,642,46,0,752,6,0,6,758
06/16/2013,MYR,SC,ASO,ES,Combined TRACON& Tower with Radar,57,19,26,0,102,0,611,36,0,647,57,630,62,0,749,0,0,0,749
06/17/2013,MYR,SC,ASO,ES,Combined TRACON& Tower with Radar,43,18,20,2,83,0,361,19,2,382,43,379,39,4,465,10,1,11,476
06/18/2013,MYR,SC,ASO,ES,Combined TRACON& Tower with Radar,42,23,22,9,96,0,408,19,4,431,42,431,41,13,527,8,0,8,535
06/19/2013,MYR,SC,ASO,ES,Combined TRACON& Tower with Radar,50,27,25,3,105,0,449,3,0,452,50,476,28,3,557,40,0,40,597
06/20/2013,MYR,SC,ASO,ES,Combined TRACON& Tower with Radar,52,18,19,0,89,0,693,18,6,717,52,711,37,6,806,10,0,10,816
06/21/2013,MYR,SC,ASO,ES,Combined TRACON& Tower with Radar,52,22,12,6,92,0,510,14,0,524,52,532,26,6,616,44,0,44,660
06/22/2013,MYR,SC,ASO,ES,Combined TRACON& Tower with Radar,67,30,24,0,121,0,423,4,4,431,67,453,28,4,552,10,0,10,562
06/23/2013,MYR,SC,ASO,ES,Combined TRACON& Tower with Radar,62,23,21,0,106,0,525,19,0,544,62,548,40,0,650,14,0,14,664
06/24/2013,MYR,SC,ASO,ES,Combined TRACON& Tower with Radar,49,18,23,14,104,0,456,4,2,462,49,474,27,16,566,4,10,14,580
06/25/2013,MYR,SC,ASO,ES,Combined TRACON& Tower with Radar,46,21,14,5,86,0,660,18,9,687,46,681,32,14,773,24,6,30,803
06/26/2013,MYR,SC,ASO,ES,Combined TRACON& Tower with Radar,57,24,21,30,132,0,568,16,5,589,57,592,37,35,721,8,12,20,741
06/27/2013,MYR,SC,ASO,ES,Combined TRACON& Tower with Radar,49,22,14,9,94,0,501,6,2,509,49,523,20,11,603,28,4,32,635
06/28/2013,MYR,SC,ASO,ES,Combined TRACON& Tower with Radar,50,17,19,3,89,0,715,15,0,730,50,732,34,3,819,14,0,14,833
06/29/2013,MYR,SC,ASO,ES,Combined TRACON& Tower with Radar,66,30,18,0,114,0,444,15,0,459,66,474,33,0,573,42,0,42,615
06/30/2013,MYR,SC,ASO,ES,Combined TRACON& Tower with Radar,52,17,17,0,86,0,359,4,0,363,52,376,21,0,449,4,0,4,453
07/01/2013,MYR,SC,ASO,ES,Combined TRACON& Tower with Radar,51,13,15,0,79,0,453,4,0,457,51,466,19,0,536,0,0,0,536
07/02/2013,MYR,SC,ASO,ES,Combined TRACON& Tower with Radar,49,21,5,10,85,0,504,12,2,518,49,525,17,12,603,4,0,4,607
07/03/2013,MYR,SC,ASO,ES,Combined TRACON& Tower with Radar,54,18,12,2,86,0,748,13,0,761,54,766,25,2,847,10,0,10,857
07/04/2013,MYR,SC,ASO,ES,Combined TRACON& Tower with Radar,53,9,11,0,73,0,1251,38,17,1306,53,1260,49,17,1379,2,0,2,1381
07/05/2013,MYR,SC,ASO,ES,Combined TRACON& Tower with Radar,52,15,20,0,87,0,1550,15,0,1565,52,1565,35,0,1652,19,0,19,1671
07/06/2013,MYR,SC,ASO,ES,Combined TRACON& Tower with Radar,67,31,25,0,123,0,1539,22,5,1566,67,1570,47,5,1689,6,0,6,1695
07/07/2013,MYR,SC,ASO,ES,Combined TRACON& Tower with Radar,59,17,26,0,102,0,767,54,0,821,59,784,80,0,923,20,0,20,943
07/08/2013,MYR,SC,ASO,ES,Combined TRACON& Tower with Radar,52,13,15,20,100,0,687,19,1,707,52,700,34,21,807,0,8,8,815
07/09/2013,MYR,SC,ASO,ES,Combined TRACON& Tower with Radar,46,17,13,8,84,0,830,15,2,847,46,847,28,10,931,51,8,59,990
07/10/2013,MYR,SC,ASO,ES,Combined TRACON& Tower with Radar,52,17,21,6,96,0,916,35,11,962,52,933,56,17,1058,25,0,25,1083
07/11/2013,MYR,SC,ASO,ES,Combined TRACON& Tower with Radar,49,15,13,6,83,0,999,17,5,1021,49,1014,30,11,1104,18,4,22,1126
07/12/2013,MYR,SC,ASO,ES,Combined TRACON& Tower with Radar,49,17,17,6,89,0,153,1,4,158,49,170,18,10,247,0,0,0,247
07/13/2013,MYR,SC,ASO,ES,Combined TRACON& Tower with Radar,67,33,39,0,139,0,598,9,0,607,67,631,48,0,746,14,0,14,760
07/14/2013,MYR,SC,ASO,ES,Combined TRACON& Tower with Radar,63,23,19,4,109,0,512,11,0,523,63,535,30,4,632,6,14,20,652
07/15/2013,MYR,SC,ASO,ES,Combined TRACON& Tower with Radar,56,20,16,0,92,0,546,6,2,554,56,566,22,2,646,10,0,10,656
07/16/2013,MYR,SC,ASO,ES,Combined TRACON& Tower with Radar,48,19,20,8,95,0,604,25,2,631,48,623,45,10,726,25,2,27,753
07/17/2013,MYR,SC,ASO,ES,Combined TRACON& Tower with Radar,55,13,20,19,107,0,723,19,1,743,55,736,39,20,850,6,24,30,880
07/18/2013,MYR,SC,ASO,ES,Combined TRACON& Tower with Radar,52,21,23,22,118,0,993,22,7,1022,52,1014,45,29,1140,12,8,20,1160
07/19/2013,MYR,SC,ASO,ES,Combined TRACON& Tower with Radar,52,23,29,3,107,0,1014,20,4,1038,52,1037,49,7,1145,12,6,18,1163
07/20/2013,MYR,SC,ASO,ES,Combined TRACON& Tower with Radar,70,27,21,2,120,0,806,25,2,833,70,833,46,4,953,42,6,48,1001
07/21/2013,MYR,SC,ASO,ES,Combined TRACON& Tower with Radar,60,14,20,0,94,0,763,4,2,769,60,777,24,2,863,32,0,32,895
07/22/2013,MYR,SC,ASO,ES,Combined TRACON& Tower with Radar,56,15,18,22,111,0,680,8,4,692,56,695,26,26,803,0,0,0,803
07/23/2013,MYR,SC,ASO,ES,Combined TRACON& Tower with Radar,47,17,16,6,86,0,827,9,4,840,47,844,25,10,926,24,6,30,956
07/24/2013,MYR,SC,ASO,ES,Combined TRACON& Tower with Radar,54,15,14,12,95,0,876,22,4,902,54,891,36,16,997,22,10,32,1029
07/25/2013,MYR,SC,ASO,ES,Combined TRACON& Tower with Radar,56,21,20,11,108,0,948,15,0,963,56,969,35,11,1071,10,0,10,1081
07/26/2013,MYR,SC,ASO,ES,Combined TRACON& Tower with Radar,51,19,20,24,114,0,1090,12,5,1107,51,1109,32,29,1221,0,16,16,1237
07/27/2013,MYR,SC,ASO,ES,Combined TRACON& Tower with Radar,70,32,20,0,122,0,1084,25,3,1112,70,1116,45,3,1234,20,0,20,1254
07/28/2013,MYR,SC,ASO,ES,Combined TRACON& Tower with Radar,59,15,23,0,97,0,785,6,0,791,59,800,29,0,888,10,0,10,898
07/29/2013,MYR,SC,ASO,ES,Combined TRACON& Tower with Radar,54,13,23,14,104,0,313,7,2,322,54,326,30,16,426,4,0,4,430
07/30/2013,MYR,SC,ASO,ES,Combined TRACON& Tower with Radar,48,24,14,0,86,0,926,15,2,943,48,950,29,2,1029,10,0,10,1039
07/31/2013,MYR,SC,ASO,ES,Combined TRACON& Tower with Radar,53,19,17,0,89,0,823,10,0,833,53,842,27,0,922,44,0,44,966
08/01/2013,MYR,SC,ASO,ES,Combined TRACON& Tower with Radar,52,21,22,23,118,0,691,3,0,694,52,712,25,23,812,2,28,30,842
08/02/2013,MYR,SC,ASO,ES,Combined TRACON& Tower with Radar,51,17,36,6,110,0,732,20,1,753,51,749,56,7,863,14,0,14,877
08/03/2013,MYR,SC,ASO,ES,Combined TRACON& Tower with Radar,64,32,28,0,124,0,1046,9,2,1057,64,1078,37,2,1181,32,0,32,1213
08/04/2013,MYR,SC,ASO,ES,Combined TRACON& Tower with Radar,57,18,12,0,87,0,893,18,5,916,57,911,30,5,1003,10,0,10,1013
08/05/2013,MYR,SC,ASO,ES,Combined TRACON& Tower with Radar,55,13,20,19,107,0,736,32,0,768,55,749,52,19,875,10,2,12,887
08/06/2013,MYR,SC,ASO,ES,Combined TRACON& Tower with Radar,53,23,31,1,108,0,749,34,0,783,53,772,65,1,891,148,0,148,1039
08/07/2013,MYR,SC,ASO,ES,Combined TRACON& Tower with Radar,52,17,36,27,132,0,945,22,0,967,52,962,58,27,1099,32,12,44,1143
08/08/2013,MYR,SC,ASO,ES,Combined TRACON& Tower with Radar,53,17,25,4,99,0,815,11,0,826,53,832,36,4,925,24,0,24,949
08/09/2013,MYR,SC,ASO,ES,Combined TRACON& Tower with Radar,49,21,29,19,118,0,843,13,0,856,49,864,42,19,974,18,16,34,1008
08/10/2013,MYR,SC,ASO,ES,Combined TRACON& Tower with Radar,65,29,17,0,111,0,959,14,0,973,65,988,31,0,1084,0,0,0,1084
08/11/2013,MYR,SC,ASO,ES,Combined TRACON& Tower with Radar,59,19,14,0,92,0,841,13,0,854,59,860,27,0,946,2,0,2,948
08/12/2013,MYR,SC,ASO,ES,Combined TRACON& Tower with Radar,51,13,8,2,74,0,696,22,0,718,51,709,30,2,792,8,0,8,800
08/13/2013,MYR,SC,ASO,ES,Combined TRACON& Tower with Radar,48,19,16,10,93,0,947,10,0,957,48,966,26,10,1050,30,16,46,1096
08/14/2013,MYR,SC,ASO,ES,Combined TRACON& Tower with Radar,50,20,21,2,93,0,675,3,1,679,50,695,24,3,772,8,0,8,780
08/15/2013,MYR,SC,ASO,ES,Combined TRACON& Tower with Radar,54,19,18,4,95,0,40,0,1,41,54,59,18,5,136,0,0,0,136
08/16/2013,MYR,SC,ASO,ES,Combined TRACON& Tower with Radar,51,17,16,3,87,0,392,2,0,394,51,409,18,3,481,0,0,0,481
08/17/2013,MYR,SC,ASO,ES,Combined TRACON& Tower with Radar,61,31,19,0,111,0,677,3,0,680,61,708,22,0,791,6,0,6,797
08/18/2013,MYR,SC,ASO,ES,Combined TRACON& Tower with Radar,58,20,19,0,97,0,790,13,0,803,58,810,32,0,900,22,0,22,922
08/19/2013,MYR,SC,ASO,ES,Combined TRACON& Tower with Radar,54,11,13,16,94,0,411,13,0,424,54,422,26,16,518,29,0,29,547
08/20/2013,MYR,SC,ASO,ES,Combined TRACON& Tower with Radar,52,25,24,6,107,0,719,10,1,730,52,744,34,7,837,10,20,30,867
08/21/2013,MYR,SC,ASO,ES,Combined TRACON& Tower with Radar,50,18,21,1,90,0,886,22,2,910,50,904,43,3,1000,16,0,16,1016
08/22/2013,MYR,SC,ASO,ES,Combined TRACON& Tower with Radar,49,23,8,0,80,0,574,12,0,586,49,597,20,0,666,21,0,21,687
08/23/2013,MYR,SC,ASO,ES,Combined TRACON& Tower with Radar,46,19,13,3,81,0,758,22,1,781,46,777,35,4,862,17,2,19,881
08/24/2013,MYR,SC,ASO,ES,Combined TRACON& Tower with Radar,61,26,12,0,99,0,832,10,0,842,61,858,22,0,941,20,0,20,961
08/25/2013,MYR,SC,ASO,ES,Combined TRACON& Tower with Radar,55,14,15,0,84,0,642,20,0,662,55,656,35,0,746,2,0,2,748
08/26/2013,MYR,SC,ASO,ES,Combined TRACON& Tower with Radar,51,10,11,11,83,0,430,18,2,450,51,440,29,13,533,22,2,24,557
08/27/2013,MYR,SC,ASO,ES,Combined TRACON& Tower with Radar,52,16,15,18,101,0,466,25,4,495,52,482,40,22,596,18,6,24,620
08/28/2013,MYR,SC,ASO,ES,Combined TRACON& Tower with Radar,52,16,12,36,116,0,531,24,0,555,52,547,36,36,671,32,4,36,707
08/29/2013,MYR,SC,ASO,ES,Combined TRACON& Tower with Radar,54,14,24,10,102,0,384,14,3,401,54,398,38,13,503,24,4,28,531
08/30/2013,MYR,SC,ASO,ES,Combined TRACON& Tower with Radar,54,16,21,4,95,0,453,22,2,477,54,469,43,6,572,6,0,6,578
08/31/2013,MYR,SC,ASO,ES,Combined TRACON& Tower with Radar,57,25,9,0,91,0,871,13,0,884,57,896,22,0,975,14,0,14,989
09/01/2013,MYR,SC,ASO,ES,Combined TRACON& Tower with Radar,54,7,12,0,73,0,1049,8,0,1057,54,1056,20,0,1130,0,0,0,1130
09/02/2013,MYR,SC,ASO,ES,Combined TRACON& Tower with Radar,51,11,15,0,77,0,725,11,0,736,51,736,26,0,813,6,0,6,819
09/03/2013,MYR,SC,ASO,ES,Combined TRACON& Tower with Radar,49,15,8,6,78,0,239,12,2,253,49,254,20,8,331,4,28,32,363
09/04/2013,MYR,SC,ASO,ES,Combined TRACON& Tower with Radar,46,16,17,19,98,0,354,11,4,369,46,370,28,23,467,42,44,86,553
09/05/2013,MYR,SC,ASO,ES,Combined TRACON& Tower with Radar,52,19,27,3,101,0,271,19,3,293,52,290,46,6,394,0,0,0,394
09/06/2013,MYR,SC,ASO,ES,Combined TRACON& Tower with Radar,52,18,18,4,92,0,399,21,2,422,52,417,39,6,514,20,0,20,534
09/07/2013,MYR,SC,ASO,ES,Combined TRACON& Tower with Radar,44,21,14,1,80,0,526,25,0,551,44,547,39,1,631,0,0,0,631
09/08/2013,MYR,SC,ASO,ES,Combined TRACON& Tower with Radar,50,13,20,0,83,0,324,26,0,350,50,337,46,0,433,8,0,8,441
09/09/2013,MYR,SC,ASO,ES,Combined TRACON& Tower with Radar,55,10,6,10,81,0,220,14,0,234,55,230,20,10,315,0,16,16,331
09/10/2013,MYR,SC,ASO,ES,Combined TRACON& Tower with Radar,41,13,16,8,78,0,250,29,2,281,41,263,45,10,359,8,10,18,377
09/11/2013,MYR,SC,ASO,ES,Combined TRACON& Tower with Radar,44,13,27,14,98,0,284,11,0,295,44,297,38,14,393,14,0,14,407
09/12/2013,MYR,SC,ASO,ES,Combined TRACON& Tower with Radar,50,15,25,4,94,0,255,30,2,287,50,270,55,6,381,19,6,25,406
09/13/2013,MYR,SC,ASO,ES,Combined TRACON& Tower with Radar,53,17,25,0,95,0,214,17,0,231,53,231,42,0,326,22,0,22,348
09/14/2013,MYR,SC,ASO,ES,Combined TRACON& Tower with Radar,43,19,21,0,83,0,519,29,0,548,43,538,50,0,631,1,0,1,632
09/15/2013,MYR,SC,ASO,ES,Combined TRACON& Tower with Radar,52,13,24,0,89,0,346,16,0,362,52,359,40,0,451,0,0,0,451
09/16/2013,MYR,SC,ASO,ES,Combined TRACON& Tower with Radar,51,11,9,0,71,0,195,17,4,216,51,206,26,4,287,0,0,0,287
09/17/2013,MYR,SC,ASO,ES,Combined TRACON& Tower with Radar,38,15,13,9,75,0,250,20,0,270,38,265,33,9,345,10,0,10,355
09/18/2013,MYR,SC,ASO,ES,Combined TRACON& Tower with Radar,44,14,16,12,86,0,233,23,0,256,44,247,39,12,342,10,4,14,356
09/19/2013,MYR,SC,ASO,ES,Combined TRACON& Tower with Radar,50,14,21,9,94,0,178,32,4,214,50,192,53,13,308,0,8,8,316
09/20/2013,MYR,SC,ASO,ES,Combined TRACON& Tower with Radar,50,13,31,11,105,0,221,24,0,245,50,234,55,11,350,8,0,8,358
09/21/2013,MYR,SC,ASO,ES,Combined TRACON& Tower with Radar,41,18,13,27,99,0,398,13,0,411,41,416,26,27,510,6,0,6,516
09/22/2013,MYR,SC,ASO,ES,Combined TRACON& Tower with Radar,48,12,26,0,86,0,145,2,0,147,48,157,28,0,233,6,0,6,239
09/23/2013,MYR,SC,ASO,ES,Combined TRACON& Tower with Radar,46,12,8,6,72,0,216,17,1,234,46,228,25,7,306,12,0,12,318
09/24/2013,MYR,SC,ASO,ES,Combined TRACON& Tower with Radar,44,15,9,30,98,0,227,26,3,256,44,242,35,33,354,42,24,66,420
09/25/2013,MYR,SC,ASO,ES,Combined TRACON& Tower with Radar,44,16,8,2,70,0,178,15,0,193,44,194,23,2,263,6,0,6,269
09/26/2013,MYR,SC,ASO,ES,Combined TRACON& Tower with Radar,50,15,11,8,84,0,135,17,0,152,50,150,28,8,236,10,8,18,254
09/27/2013,MYR,SC,ASO,ES,Combined TRACON& Tower with Radar,48,18,20,1,87,0,249,16,1,266,48,267,36,2,353,0,0,0,353
09/28/2013,MYR,SC,ASO,ES,Combined TRACON& Tower with Radar,46,17,19,9,91,0,392,27,0,419,46,409,46,9,510,16,14,30,540
09/29/2013,MYR,SC,ASO,ES,Combined TRACON& Tower with Radar,46,19,10,0,75,0,321,23,0,344,46,340,33,0,419,40,0,40,459
09/30/2013,MYR,SC,ASO,ES,Combined TRACON& Tower with Radar,44,14,23,9,90,0,118,13,1,132,44,132,36,10,222,8,4,12,234
10/01/2013,MYR,SC,ASO,ES,Combined TRACON& Tower with Radar,43,12,6,4,65,0,108,19,1,128,43,120,25,5,193,8,0,8,201
10/02/2013,MYR,SC,ASO,ES,Combined TRACON& Tower with Radar,43,16,18,2,79,0,118,19,0,137,43,134,37,2,216,0,0,0,216
10/03/2013,MYR,SC,ASO,ES,Combined TRACON& Tower with Radar,48,18,32,4,102,0,118,33,0,151,48,136,65,4,253,0,0,0,253
10/04/2013,MYR,SC,ASO,ES,Combined TRACON& Tower with Radar,46,20,16,16,98,0,172,30,1,203,46,192,46,17,301,13,20,33,334
10/05/2013,MYR,SC,ASO,ES,Combined TRACON& Tower with Radar,42,23,13,3,81,0,297,20,1,318,42,320,33,4,399,4,0,4,403
10/06/2013,MYR,SC,ASO,ES,Combined TRACON& Tower with Radar,47,16,33,2,98,0,191,22,0,213,47,207,55,2,311,28,0,28,339
10/07/2013,MYR,SC,ASO,ES,Combined TRACON& Tower with Radar,41,18,16,4,79,0,58,0,0,58,41,76,16,4,137,0,10,10,147
10/08/2013,MYR,SC,ASO,ES,Combined TRACON& Tower with Radar,40,14,20,17,91,0,14,0,0,14,40,28,20,17,105,0,0,0,105
10/09/2013,MYR,SC,ASO,ES,Combined TRACON& Tower with Radar,43,19,19,2,83,0,58,8,0,66,43,77,27,2,149,10,0,10,159
10/10/2013,MYR,SC,ASO,ES,Combined TRACON& Tower with Radar,51,15,22,4,92,0,145,15,2,162,51,160,37,6,254,0,0,0,254
10/11/2013,MYR,SC,ASO,ES,Combined TRACON& Tower with Radar,49,12,18,4,83,0,198,37,0,235,49,210,55,4,318,0,0,0,318
10/12/2013,MYR,SC,ASO,ES,Combined TRACON& Tower with Radar,40,23,15,0,78,0,326,45,0,371,40,349,60,0,449,2,0,2,451
10/13/2013,MYR,SC,ASO,ES,Combined TRACON& Tower with Radar,48,13,25,0,86,0,168,20,0,188,48,181,45,0,274,16,0,16,290
10/14/2013,MYR,SC,ASO,ES,Combined TRACON& Tower with Radar,48,12,16,0,76,0,132,7,0,139,48,144,23,0,215,0,0,0,215
10/15/2013,MYR,SC,ASO,ES,Combined TRACON& Tower with Radar,46,18,20,18,102,0,151,9,2,162,46,169,29,20,264,0,0,0,264
10/16/2013,MYR,SC,ASO,ES,Combined TRACON& Tower with Radar,42,14,15,0,71,0,91,23,8,122,42,105,38,8,193,4,0,4,197
10/17/2013,MYR,SC,ASO,ES,Combined TRACON& Tower with Radar,50,21,28,15,114,0,136,23,3,162,50,157,51,18,276,54,12,66,342
10/18/2013,MYR,SC,ASO,ES,Combined TRACON& Tower with Radar,48,22,28,9,107,0,117,2,0,119,48,139,30,9,226,16,14,30,256
10/19/2013,MYR,SC,ASO,ES,Combined TRACON& Tower with Radar,44,22,9,0,75,0,123,7,0,130,44,145,16,0,205,22,0,22,227
10/20/2013,MYR,SC,ASO,ES,Combined TRACON& Tower with Radar,48,16,25,0,89,0,161,26,0,187,48,177,51,0,276,4,0,4,280
10/21/2013,MYR,SC,ASO,ES,Combined TRACON& Tower with Radar,46,15,12,8,81,0,90,19,0,109,46,105,31,8,190,4,6,10,200
10/22/2013,MYR,SC,ASO,ES,Combined TRACON& Tower with Radar,43,16,13,2,74,0,42,11,0,53,43,58,24,2,127,0,0,0,127
10/23/2013,MYR,SC,ASO,ES,Combined TRACON& Tower with Radar,48,14,22,1,85,0,66,9,1,76,48,80,31,2,161,6,0,6,167
10/24/2013,MYR,SC,ASO,ES,Combined TRACON& Tower with Radar,54,16,22,1,93,0,86,18,2,106,54,102,40,3,199,18,0,18,217
10/25/2013,MYR,SC,ASO,ES,Combined TRACON& Tower with Radar,46,15,22,17,100,0,103,21,2,126,46,118,43,19,226,0,8,8,234
10/26/2013,MYR,SC,ASO,ES,Combined TRACON& Tower with Radar,40,27,19,6,92,0,183,36,2,221,40,210,55,8,313,4,0,4,317
10/27/2013,MYR,SC,ASO,ES,Combined TRACON& Tower with Radar,44,20,23,0,87,0,166,27,0,193,44,186,50,0,280,14,0,14,294
10/28/2013,MYR,SC,ASO,ES,Combined TRACON& Tower with Radar,41,17,15,2,75,0,62,12,0,74,41,79,27,2,149,4,0,4,153
10/29/2013,MYR,SC,ASO,ES,Combined TRACON& Tower with Radar,42,18,18,8,86,0,48,24,0,72,42,66,42,8,158,0,0,0,158
10/30/2013,MYR,SC,ASO,ES,Combined TRACON& Tower with Radar,42,18,19,8,87,0,39,24,2,65,42,57,43,10,152,8,0,8,160
10/31/2013,MYR,SC,ASO,ES,Combined TRACON& Tower with Radar,44,14,27,2,87,0,50,18,2,70,44,64,45,4,157,4,0,4,161
11/01/2013,MYR,SC,ASO,ES,Combined TRACON& Tower with Radar,41,20,13,0,74,0,20,4,4,28,41,40,17,4,102,0,0,0,102
11/02/2013,MYR,SC,ASO,ES,Combined TRACON& Tower with Radar,42,14,23,2,81,0,92,11,0,103,42,106,34,2,184,0,0,0,184
11/03/2013,MYR,SC,ASO,ES,Combined TRACON& Tower with Radar,40,17,12,12,81,0,108,22,0,130,40,125,34,12,211,0,0,0,211
11/04/2013,MYR,SC,ASO,ES,Combined TRACON& Tower with Radar,40,30,10,8,88,0,54,16,1,71,40,84,26,9,159,6,0,6,165
11/05/2013,MYR,SC,ASO,ES,Combined TRACON& Tower with Radar,34,20,14,11,79,0,31,4,0,35,34,51,18,11,114,4,2,6,120
11/06/2013,MYR,SC,ASO,ES,Combined TRACON& Tower with Radar,39,18,11,4,72,0,43,11,0,54,39,61,22,4,126,6,6,12,138
11/07/2013,MYR,SC,ASO,ES,Combined TRACON& Tower with Radar,32,21,22,0,75,0,26,10,0,36,32,47,32,0,111,0,0,0,111
11/08/2013,MYR,SC,ASO,ES,Combined TRACON& Tower with Radar,28,19,26,22,95,0,82,26,0,108,28,101,52,22,203,2,12,14,217
11/09/2013,MYR,SC,ASO,ES,Combined TRACON& Tower with Radar,30,18,36,0,84,0,141,29,0,170,30,159,65,0,254,0,0,0,254
11/10/2013,MYR,SC,ASO,ES,Combined TRACON& Tower with Radar,29,18,24,0,71,0,110,34,0,144,29,128,58,0,215,0,0,0,215
11/11/2013,MYR,SC,ASO,ES,Combined TRACON& Tower with Radar,28,15,26,0,69,0,40,13,0,53,28,55,39,0,122,0,0,0,122
11/12/2013,MYR,SC,ASO,ES,Combined TRACON& Tower with Radar,28,19,19,13,79,0,48,16,2,66,28,67,35,15,145,4,0,4,149
11/13/2013,MYR,SC,ASO,ES,Combined TRACON& Tower with Radar,28,20,25,7,80,0,26,6,0,32,28,46,31,7,112,2,12,14,126
11/14/2013,MYR,SC,ASO,ES,Combined TRACON& Tower with Radar,29,24,22,4,79,0,62,17,2,81,29,86,39,6,160,0,14,14,174
11/15/2013,MYR,SC,ASO,ES,Combined TRACON& Tower with Radar,29,23,19,17,88,0,24,5,2,31,29,47,24,19,119,0,12,12,131
11/16/2013,MYR,SC,ASO,ES,Combined TRACON& Tower with Radar,26,18,22,7,73,0,112,18,1,131,26,130,40,8,204,12,0,12,216
11/17/2013,MYR,SC,ASO,ES,Combined TRACON& Tower with Radar,30,16,15,4,65,0,50,4,2,56,30,66,19,6,121,0,0,0,121
11/18/2013,MYR,SC,ASO,ES,Combined TRACON& Tower with Radar,28,15,8,2,53,0,26,6,0,32,28,41,14,2,85,0,0,0,85
11/19/2013,MYR,SC,ASO,ES,Combined TRACON& Tower with Radar,28,19,8,8,63,0,16,15,2,33,28,35,23,10,96,0,0,0,96
11/20/2013,MYR,SC,ASO,ES,Combined TRACON& Tower with Radar,30,18,22,15,85,0,16,5,0,21,30,34,27,15,106,0,4,4,110
11/21/2013,MYR,SC,ASO,ES,Combined TRACON& Tower with Radar,29,20,18,10,77,0,42,8,0,50,29,62,26,10,127,0,0,0,127
11/22/2013,MYR,SC,ASO,ES,Combined TRACON& Tower with Radar,24,20,11,18,73,0,36,4,0,40,24,56,15,18,113,0,32,32,145
11/23/2013,MYR,SC,ASO,ES,Combined TRACON& Tower with Radar,28,13,16,8,65,0,8,2,0,10,28,21,18,8,75,0,0,0,75
11/24/2013,MYR,SC,ASO,ES,Combined TRACON& Tower with Radar,28,15,11,8,62,0,67,13,2,82,28,82,24,10,144,10,22,32,176
11/25/2013,MYR,SC,ASO,ES,Combined TRACON& Tower with Radar,27,21,9,13,70,0,58,10,0,68,27,79,19,13,138,4,10,14,152
11/26/2013,MYR,SC,ASO,ES,Combined TRACON& Tower with Radar,29,18,12,22,81,0,8,2,0,10,29,26,14,22,91,12,0,12,103
11/27/2013,MYR,SC,ASO,ES,Combined TRACON& Tower with Radar,30,20,23,0,73,0,10,1,0,11,30,30,24,0,84,0,0,0,84
11/28/2013,MYR,SC,ASO,ES,Combined TRACON& Tower with Radar,20,6,13,0,39,0,1,13,0,14,20,7,26,0,53,0,0,0,53
11/29/2013,MYR,SC,ASO,ES,Combined TRACON& Tower with Radar,27,13,12,0,52,0,186,24,0,210,27,199,36,0,262,0,0,0,262
11/30/2013,MYR,SC,ASO,ES,Combined TRACON& Tower with Radar,32,17,11,0,60,0,265,28,0,293,32,282,39,0,353,6,0,6,359
12/01/2013,MYR,SC,ASO,ES,Combined TRACON& Tower with Radar,30,20,16,0,66,0,72,7,0,79,30,92,23,0,145,0,0,0,145
12/02/2013,MYR,SC,ASO,ES,Combined TRACON& Tower with Radar,28,16,18,8,70,0,26,4,0,30,28,42,22,8,100,2,10,12,112
12/03/2013,MYR,SC,ASO,ES,Combined TRACON& Tower with Radar,24,14,22,2,62,0,6,11,0,17,24,20,33,2,79,0,0,0,79
12/04/2013,MYR,SC,ASO,ES,Combined TRACON& Tower with Radar,22,14,30,30,96,0,6,9,0,15,22,20,39,30,111,0,34,34,145
12/05/2013,MYR,SC,ASO,ES,Combined TRACON& Tower with Radar,24,11,16,18,69,0,17,8,2,27,24,28,24,20,96,4,10,14,110
12/06/2013,MYR,SC,ASO,ES,Combined TRACON& Tower with Radar,24,13,8,0,45,0,34,14,4,52,24,47,22,4,97,16,0,16,113
12/07/2013,MYR,SC,ASO,ES,Combined TRACON& Tower with Radar,24,11,19,0,54,0,24,1,0,25,24,35,20,0,79,16,0,16,95
12/08/2013,MYR,SC,ASO,ES,Combined TRACON& Tower with Radar,22,10,6,0,38,0,0,1,0,1,22,10,7,0,39,0,0,0,39
12/09/2013,MYR,SC,ASO,ES,Combined TRACON& Tower with Radar,25,13,15,0,53,0,12,0,0,12,25,25,15,0,65,0,0,0,65
12/10/2013,MYR,SC,ASO,ES,Combined TRACON& Tower with Radar,23,13,8,0,44,0,12,1,0,13,23,25,9,0,57,0,0,0,57
12/11/2013,MYR,SC,ASO,ES,Combined TRACON& Tower with Radar,22,15,13,17,67,0,12,21,1,34,22,27,34,18,101,12,4,16,117
12/12/2013,MYR,SC,ASO,ES,Combined TRACON& Tower with Radar,24,16,20,12,72,0,14,12,5,31,24,30,32,17,103,0,0,0,103
12/13/2013,MYR,SC,ASO,ES,Combined TRACON& Tower with Radar,30,16,24,4,74,0,12,16,1,29,30,28,40,5,103,10,0,10,113
12/14/2013,MYR,SC,ASO,ES,Combined TRACON& Tower with Radar,28,11,4,0,43,0,34,1,0,35,28,45,5,0,78,0,0,0,78
12/15/2013,MYR,SC,ASO,ES,Combined TRACON& Tower with Radar,27,11,17,2,57,0,26,6,0,32,27,37,23,2,89,0,0,0,89
12/16/2013,MYR,SC,ASO,ES,Combined TRACON& Tower with Radar,22,11,21,2,56,0,14,19,0,33,22,25,40,2,89,10,0,10,99
12/17/2013,MYR,SC,ASO,ES,Combined TRACON& Tower with Radar,22,14,9,11,56,0,28,12,0,40,22,42,21,11,96,6,12,18,114
12/18/2013,MYR,SC,ASO,ES,Combined TRACON& Tower with Radar,21,17,19,8,65,0,15,6,2,23,21,32,25,10,88,2,4,6,94
12/19/2013,MYR,SC,ASO,ES,Combined TRACON& Tower with Radar,28,27,16,7,78,0,28,23,3,54,28,55,39,10,132,12,12,24,156
12/20/2013,MYR,SC,ASO,ES,Combined TRACON& Tower with Radar,29,16,26,4,75,0,47,17,2,66,29,63,43,6,141,18,0,18,159
12/21/2013,MYR,SC,ASO,ES,Combined TRACON& Tower with Radar,23,14,12,6,55,0,89,22,1,112,23,103,34,7,167,8,0,8,175
12/22/2013,MYR,SC,ASO,ES,Combined TRACON& Tower with Radar,30,16,12,0,58,0,121,4,0,125,30,137,16,0,183,0,0,0,183
12/23/2013,MYR,SC,ASO,ES,Combined TRACON& Tower with Radar,25,16,4,6,51,0,8,1,0,9,25,24,5,6,60,0,0,0,60
12/24/2013,MYR,SC,ASO,ES,Combined TRACON& Tower with Radar,27,15,8,0,50,0,104,7,0,111,27,119,15,0,161,0,0,0,161
12/25/2013,MYR,SC,ASO,ES,Combined TRACON& Tower with Radar,24,15,7,0,46,0,0,18,0,18,24,15,25,0,64,0,0,0,64
12/26/2013,MYR,SC,ASO,ES,Combined TRACON& Tower with Radar,30,17,16,2,65,0,54,6,0,60,30,71,22,2,125,0,0,0,125
12/27/2013,MYR,SC,ASO,ES,Combined TRACON& Tower with Radar,28,16,19,4,67,0,128,10,0,138,28,144,29,4,205,8,8,16,221
12/28/2013,MYR,SC,ASO,ES,Combined TRACON& Tower with Radar,25,22,27,0,74,0,299,27,0,326,25,321,54,0,400,0,0,0,400
12/29/2013,MYR,SC,ASO,ES,Combined TRACON& Tower with Radar,26,16,3,0,45,0,32,2,0,34,26,48,5,0,79,0,0,0,79
12/30/2013,MYR,SC,ASO,ES,Combined TRACON& Tower with Radar,25,12,18,9,64,0,165,6,0,171,25,177,24,9,235,6,12,18,253
12/31/2013,MYR,SC,ASO,ES,Combined TRACON& Tower with Radar,28,14,13,0,55,0,203,11,0,214,28,217,24,0,269,6,0,6,275
01/01/2014,MYR,SC,ASO,ES,Combined TRACON& Tower with Radar,25,8,6,0,39,0,87,21,0,108,25,95,27,0,147,2,0,2,149
01/02/2014,MYR,SC,ASO,ES,Combined TRACON& Tower with Radar,24,20,5,0,49,0,0,0,0,0,24,20,5,0,49,0,0,0,49
01/03/2014,MYR,SC,ASO,ES,Combined TRACON& Tower with Radar,26,20,15,1,62,0,64,9,1,74,26,84,24,2,136,12,0,12,148
01/04/2014,MYR,SC,ASO,ES,Combined TRACON& Tower with Radar,27,16,22,0,65,0,105,13,4,122,27,121,35,4,187,0,0,0,187
01/05/2014,MYR,SC,ASO,ES,Combined TRACON& Tower with Radar,22,13,26,0,61,0,25,5,0,30,22,38,31,0,91,0,0,0,91
01/06/2014,MYR,SC,ASO,ES,Combined TRACON& Tower with Radar,26,10,5,8,49,0,18,4,0,22,26,28,9,8,71,0,0,0,71
01/07/2014,MYR,SC,ASO,ES,Combined TRACON& Tower with Radar,21,12,17,0,50,0,24,13,4,41,21,36,30,4,91,0,0,0,91
01/08/2014,MYR,SC,ASO,ES,Combined TRACON& Tower with Radar,24,16,12,13,65,0,26,14,2,42,24,42,26,15,107,0,4,4,111
01/09/2014,MYR,SC,ASO,ES,Combined TRACON& Tower with Radar,24,12,18,5,59,0,20,10,0,30,24,32,28,5,89,0,0,0,89
01/10/2014,MYR,SC,ASO,ES,Combined TRACON& Tower with Radar,20,14,17,6,57,0,20,6,2,28,20,34,23,8,85,12,0,12,97
01/11/2014,MYR,SC,ASO,ES,Combined TRACON& Tower with Radar,21,8,2,2,33,0,4,0,0,4,21,12,2,2,37,0,0,0,37
01/12/2014,MYR,SC,ASO,ES,Combined TRACON& Tower with Radar,23,8,15,2,48,0,38,24,0,62,23,46,39,2,110,8,0,8,118
01/13/2014,MYR,SC,ASO,ES,Combined TRACON& Tower with Radar,24,13,16,2,55,0,24,10,0,34,24,37,26,2,89,12,0,12,101
01/14/2014,MYR,SC,ASO,ES,Combined TRACON& Tower with Radar,22,18,14,2,56,0,0,1,1,2,22,18,15,3,58,0,0,0,58
01/15/2014,MYR,SC,ASO,ES,Combined TRACON& Tower with Radar,25,15,11,9,60,0,10,11,4,25,25,25,22,13,85,0,0,0,85
01/16/2014,MYR,SC,ASO,ES,Combined TRACON& Tower with Radar,24,19,21,13,77,0,16,14,5,35,24,35,35,18,112,12,2,14,126
01/17/2014,MYR,SC,ASO,ES,Combined TRACON& Tower with Radar,23,18,14,22,77,0,31,14,2,47,23,49,28,24,124,4,20,24,148
01/18/2014,MYR,SC,ASO,ES,Combined TRACON& Tower with Radar,24,10,14,0,48,0,86,11,0,97,24,96,25,0,145,8,0,8,153
01/19/2014,MYR,SC,ASO,ES,Combined TRACON& Tower with Radar,23,5,13,0,41,0,112,17,1,130,23,117,30,1,171,10,0,10,181
01/20/2014,MYR,SC,ASO,ES,Combined TRACON& Tower with Radar,22,11,34,0,67,0,78,20,4,102,22,89,54,4,169,12,0,12,181
01/21/2014,MYR,SC,ASO,ES,Combined TRACON& Tower with Radar,20,22,10,7,59,0,31,14,4,49,20,53,24,11,108,4,0,4,112
01/22/2014,MYR,SC,ASO,ES,Combined TRACON& Tower with Radar,20,15,23,5,63,0,20,11,1,32,20,35,34,6,95,16,0,16,111
01/23/2014,MYR,SC,ASO,ES,Combined TRACON& Tower with Radar,24,13,9,4,50,0,20,20,1,41,24,33,29,5,91,12,0,12,103
01/24/2014,MYR,SC,ASO,ES,Combined TRACON& Tower with Radar,24,15,17,16,72,0,13,10,1,24,24,28,27,17,96,0,10,10,106
01/25/2014,MYR,SC,ASO,ES,Combined TRACON& Tower with Radar,21,8,11,11,51,0,86,17,8,111,21,94,28,19,162,0,16,16,178
01/26/2014,MYR,SC,ASO,ES,Combined TRACON& Tower with Radar,24,9,12,3,48,0,33,17,0,50,24,42,29,3,98,2,0,2,100
01/27/2014,MYR,SC,ASO,ES,Combined TRACON& Tower with Radar,24,13,19,8,64,0,15,19,1,35,24,28,38,9,99,12,0,12,111
01/28/2014,MYR,SC,ASO,ES,Combined TRACON& Tower with Radar,12,5,1,0,18,0,0,0,0,0,12,5,1,0,18,0,0,0,18
01/29/2014,MYR,SC,ASO,ES,Combined TRACON& Tower with Radar,0,0,2,4,6,0,0,1,0,1,0,0,3,4,7,0,0,0,7
01/30/2014,MYR,SC,ASO,ES,Combined TRACON& Tower with Radar,13,12,17,0,42,0,0,3,0,3,13,12,20,0,45,0,0,0,45
01/31/2014,MYR,SC,ASO,ES,Combined TRACON& Tower with Radar,24,10,28,6,68,0,10,20,5,35,24,20,48,11,103,6,26,32,135
02/01/2014,MYR,SC,ASO,ES,Combined TRACON& Tower with Radar,21,11,9,4,45,0,22,2,14,38,21,33,11,18,83,0,0,0,83
02/02/2014,MYR,SC,ASO,ES,Combined TRACON& Tower with Radar,27,12,15,0,54,0,28,11,0,39,27,40,26,0,93,4,0,4,97
02/03/2014,MYR,SC,ASO,ES,Combined TRACON& Tower with Radar,21,12,14,6,53,0,8,4,0,12,21,20,18,6,65,5,0,5,70
02/04/2014,MYR,SC,ASO,ES,Combined TRACON& Tower with Radar,20,17,7,6,50,0,6,0,0,6,20,23,7,6,56,4,0,4,60
02/05/2014,MYR,SC,ASO,ES,Combined TRACON& Tower with Radar,20,13,9,8,50,0,8,0,0,8,20,21,9,8,58,0,0,0,58
02/06/2014,MYR,SC,ASO,ES,Combined TRACON& Tower with Radar,24,13,16,7,60,0,38,9,3,50,24,51,25,10,110,0,14,14,124
02/07/2014,MYR,SC,ASO,ES,Combined TRACON& Tower with Radar,24,17,13,3,57,0,32,21,2,55,24,49,34,5,112,0,2,2,114
02/08/2014,MYR,SC,ASO,ES,Combined TRACON& Tower with Radar,24,9,13,1,47,0,50,6,2,58,24,59,19,3,105,8,0,8,113
02/09/2014,MYR,SC,ASO,ES,Combined TRACON& Tower with Radar,22,9,8,5,44,0,64,26,0,90,22,73,34,5,134,0,8,8,142
02/10/2014,MYR,SC,ASO,ES,Combined TRACON& Tower with Radar,23,12,15,5,55,0,26,10,0,36,23,38,25,5,91,0,0,0,91
02/11/2014,MYR,SC,ASO,ES,Combined TRACON& Tower with Radar,15,5,10,0,30,0,0,0,0,0,15,5,10,0,30,0,0,0,30
02/12/2014,MYR,SC,ASO,ES,Combined TRACON& Tower with Radar,4,0,2,0,6,0,0,0,0,0,4,0,2,0,6,0,0,0,6
02/13/2014,MYR,SC,ASO,ES,Combined TRACON& Tower with Radar,17,9,10,10,46,0,11,1,0,12,17,20,11,10,58,0,0,0,58
02/14/2014,MYR,SC,ASO,ES,Combined TRACON& Tower with Radar,32,13,24,4,73,0,84,20,3,107,32,97,44,7,180,12,0,12,192
02/15/2014,MYR,SC,ASO,ES,Combined TRACON& Tower with Radar,30,17,11,0,58,0,92,5,4,101,30,109,16,4,159,10,0,10,169
02/16/2014,MYR,SC,ASO,ES,Combined TRACON& Tower with Radar,28,17,19,2,66,0,240,18,8,266,28,257,37,10,332,8,0,8,340
02/17/2014,MYR,SC,ASO,ES,Combined TRACON& Tower with Radar,31,16,21,0,68,0,78,23,0,101,31,94,44,0,169,0,0,0,169
02/18/2014,MYR,SC,ASO,ES,Combined TRACON& Tower with Radar,30,16,16,18,80,0,103,19,1,123,30,119,35,19,203,0,6,6,209
02/19/2014,MYR,SC,ASO,ES,Combined TRACON& Tower with Radar,28,20,12,7,67,0,77,5,3,85,28,97,17,10,152,0,0,0,152
02/20/2014,MYR,SC,ASO,ES,Combined TRACON& Tower with Radar,31,16,29,23,99,0,37,9,0,46,31,53,38,23,145,0,0,0,145
02/21/2014,MYR,SC,ASO,ES,Combined TRACON& Tower with Radar,28,18,7,10,63,0,19,1,2,22,28,37,8,12,85,0,0,0,85
02/22/2014,MYR,SC,ASO,ES,Combined TRACON& Tower with Radar,30,26,29,25,110,0,223,30,4,257,30,249,59,29,367,6,6,12,379
02/23/2014,MYR,SC,ASO,ES,Combined TRACON& Tower with Radar,33,17,21,2,73,0,156,30,4,190,33,173,51,6,263,16,0,16,279
02/24/2014,MYR,SC,ASO,ES,Combined TRACON& Tower with Radar,33,14,19,0,66,0,98,26,0,124,33,112,45,0,190,4,0,4,194
02/25/2014,MYR,SC,ASO,ES,Combined TRACON& Tower with Radar,40,16,3,27,86,0,63,13,2,78,40,79,16,29,164,6,12,18,182
02/26/2014,MYR,SC,ASO,ES,Combined TRACON& Tower with Radar,32,14,13,6,65,0,2,3,0,5,32,16,16,6,70,0,0,0,70
02/27/2014,MYR,SC,ASO,ES,Combined TRACON& Tower with Radar,39,14,25,35,113,0,64,20,1,85,39,78,45,36,198,8,6,14,212
02/28/2014,MYR,SC,ASO,ES,Combined TRACON& Tower with Radar,31,20,14,13,78,0,73,12,5,90,31,93,26,18,168,0,0,0,168
03/01/2014,MYR,SC,ASO,ES,Combined TRACON& Tower with Radar,33,18,14,7,72,0,232,7,2,241,33,250,21,9,313,0,20,20,333
03/02/2014,MYR,SC,ASO,ES,Combined TRACON& Tower with Radar,34,19,18,14,85,10,218,32,4,264,44,237,50,18,349,12,28,40,389
03/03/2014,MYR,SC,ASO,ES,Combined TRACON& Tower with Radar,34,12,9,14,69,0,66,0,4,70,34,78,9,18,139,0,0,0,139
03/04/2014,MYR,SC,ASO,ES,Combined TRACON& Tower with Radar,31,20,10,0,61,0,16,0,0,16,31,36,10,0,77,0,0,0,77
03/05/2014,MYR,SC,ASO,ES,Combined TRACON& Tower with Radar,36,13,19,0,68,0,0,0,0,0,36,13,19,0,68,0,0,0,68
03/06/2014,MYR,SC,ASO,ES,Combined TRACON& Tower with Radar,41,17,15,8,81,0,4,2,0,6,41,21,17,8,87,0,0,0,87
03/07/2014,MYR,SC,ASO,ES,Combined TRACON& Tower with Radar,39,19,15,3,76,0,0,0,0,0,39,19,15,3,76,0,0,0,76
03/08/2014,MYR,SC,ASO,ES,Combined TRACON& Tower with Radar,42,28,21,0,91,0,336,25,0,361,42,364,46,0,452,18,0,18,470
03/09/2014,MYR,SC,ASO,ES,Combined TRACON& Tower with Radar,42,18,15,6,81,0,254,23,5,282,42,272,38,11,363,22,0,22,385
03/10/2014,MYR,SC,ASO,ES,Combined TRACON& Tower with Radar,39,14,28,46,127,0,279,29,6,314,39,293,57,52,441,46,30,76,517
03/11/2014,MYR,SC,ASO,ES,Combined TRACON& Tower with Radar,38,22,17,19,96,0,307,33,5,345,38,329,50,24,441,0,32,32,473
03/12/2014,MYR,SC,ASO,ES,Combined TRACON& Tower with Radar,37,16,11,11,75,0,168,3,5,176,37,184,14,16,251,0,2,2,253
03/13/2014,MYR,SC,ASO,ES,Combined TRACON& Tower with Radar,39,16,19,16,90,0,219,18,4,241,39,235,37,20,331,0,44,44,375
03/14/2014,MYR,SC,ASO,ES,Combined TRACON& Tower with Radar,40,18,16,31,105,0,251,32,1,284,40,269,48,32,389,6,8,14,403
03/15/2014,MYR,SC,ASO,ES,Combined TRACON& Tower with Radar,39,26,20,0,85,0,366,24,7,397,39,392,44,7,482,2,0,2,484
03/16/2014,MYR,SC,ASO,ES,Combined TRACON& Tower with Radar,43,33,8,1,85,0,49,3,0,52,43,82,11,1,137,0,0,0,137
03/17/2014,MYR,SC,ASO,ES,Combined TRACON& Tower with Radar,37,15,7,0,59,0,0,0,0,0,37,15,7,0,59,0,0,0,59
03/18/2014,MYR,SC,ASO,ES,Combined TRACON& Tower with Radar,35,21,12,12,80,0,16,0,0,16,35,37,12,12,96,0,0,0,96
03/19/2014,MYR,SC,ASO,ES,Combined TRACON& Tower with Radar,37,17,23,16,93,0,140,4,0,144,37,157,27,16,237,30,38,68,305
03/20/2014,MYR,SC,ASO,ES,Combined TRACON& Tower with Radar,45,19,20,10,94,0,176,25,6,207,45,195,45,16,301,0,0,0,301
03/21/2014,MYR,SC,ASO,ES,Combined TRACON& Tower with Radar,43,18,18,15,94,0,259,27,0,286,43,277,45,15,380,4,0,4,384
03/22/2014,MYR,SC,ASO,ES,Combined TRACON& Tower with Radar,39,31,12,0,82,0,390,20,4,414,39,421,32,4,496,0,0,0,496
03/23/2014,MYR,SC,ASO,ES,Combined TRACON& Tower with Radar,41,21,16,2,80,0,254,7,0,261,41,275,23,2,341,0,0,0,341
03/24/2014,MYR,SC,ASO,ES,Combined TRACON& Tower with Radar,38,17,19,21,95,0,267,13,2,282,38,284,32,23,377,6,2,8,385
03/25/2014,MYR,SC,ASO,ES,Combined TRACON& Tower with Radar,38,21,13,18,90,0,44,3,0,47,38,65,16,18,137,0,16,16,153
03/26/2014,MYR,SC,ASO,ES,Combined TRACON& Tower with Radar,44,19,15,11,89,0,249,17,4,270,44,268,32,15,359,4,4,8,367
03/27/2014,MYR,SC,ASO,ES,Combined TRACON& Tower with Radar,43,23,18,10,94,0,190,17,6,213,43,213,35,16,307,6,0,6,313
03/28/2014,MYR,SC,ASO,ES,Combined TRACON& Tower with Radar,41,19,25,24,109,0,96,7,0,103,41,115,32,24,212,0,0,0,212
03/29/2014,MYR,SC,ASO,ES,Combined TRACON& Tower with Radar,40,31,7,0,78,0,0,1,0,1,40,31,8,0,79,0,0,0,79
03/30/2014,MYR,SC,ASO,ES,Combined TRACON& Tower with Radar,40,15,23,1,79,0,151,9,6,166,40,166,32,7,245,0,12,12,257
03/31/2014,MYR,SC,ASO,ES,Combined TRACON& Tower with Radar,40,16,8,13,77,0,255,21,0,276,40,271,29,13,353,16,0,16,369
04/01/2014,MYR,SC,ASO,ES,Combined TRACON& Tower with Radar,45,11,16,5,77,0,241,14,6,261,45,252,30,11,338,6,0,6,344
04/02/2014,MYR,SC,ASO,ES,Combined TRACON& Tower with Radar,48,13,34,11,106,0,193,33,0,226,48,206,67,11,332,0,14,14,346
04/03/2014,MYR,SC,ASO,ES,Combined TRACON& Tower with Radar,47,13,29,9,98,0,253,18,0,271,47,266,47,9,369,10,20,30,399
04/04/2014,MYR,SC,ASO,ES,Combined TRACON& Tower with Radar,46,13,32,17,108,0,298,27,5,330,46,311,59,22,438,6,8,14,452
04/05/2014,MYR,SC,ASO,ES,Combined TRACON& Tower with Radar,50,19,18,6,93,0,426,25,2,453,50,445,43,8,546,4,0,4,550
04/06/2014,MYR,SC,ASO,ES,Combined TRACON& Tower with Radar,52,11,21,1,85,0,273,16,0,289,52,284,37,1,374,0,0,0,374
04/07/2014,MYR,SC,ASO,ES,Combined TRACON& Tower with Radar,44,8,6,0,58,0,212,4,0,216,44,220,10,0,274,0,0,0,274
04/08/2014,MYR,SC,ASO,ES,Combined TRACON& Tower with Radar,41,12,10,5,68,0,136,4,1,141,41,148,14,6,209,0,0,0,209
04/09/2014,MYR,SC,ASO,ES,Combined TRACON& Tower with Radar,48,12,20,10,90,0,310,7,5,322,48,322,27,15,412,4,22,26,438
04/10/2014,MYR,SC,ASO,ES,Combined TRACON& Tower with Radar,48,18,23,0,89,0,341,31,4,376,48,359,54,4,465,6,0,6,471
04/11/2014,MYR,SC,ASO,ES,Combined TRACON& Tower with Radar,44,56,19,4,123,0,255,20,0,275,44,311,39,4,398,0,0,0,398
04/12/2014,MYR,SC,ASO,ES,Combined TRACON& Tower with Radar,56,107,25,3,191,0,338,31,3,372,56,445,56,6,563,0,0,0,563
04/13/2014,MYR,SC,ASO,ES,Combined TRACON& Tower with Radar,51,21,32,0,104,0,540,28,0,568,51,561,60,0,672,12,0,12,684
04/14/2014,MYR,SC,ASO,ES,Combined TRACON& Tower with Radar,43,83,17,12,155,0,283,3,0,286,43,366,20,12,441,0,4,4,445
04/15/2014,MYR,SC,ASO,ES,Combined TRACON& Tower with Radar,43,11,8,3,65,0,372,1,4,377,43,383,9,7,442,0,0,0,442
04/16/2014,MYR,SC,ASO,ES,Combined TRACON& Tower with Radar,50,126,32,4,212,0,661,21,1,683,50,787,53,5,895,0,20,20,915
04/17/2014,MYR,SC,ASO,ES,Combined TRACON& Tower with Radar,48,121,26,13,208,0,734,26,2,762,48,855,52,15,970,16,8,24,994
04/18/2014,MYR,SC,ASO,ES,Combined TRACON& Tower with Radar,46,76,20,1,143,0,604,8,4,616,46,680,28,5,759,6,0,6,765
04/19/2014,MYR,SC,ASO,ES,Combined TRACON& Tower with Radar,51,25,5,0,81,0,35,2,0,37,51,60,7,0,118,0,0,0,118
04/20/2014,MYR,SC,ASO,ES,Combined TRACON& Tower with Radar,50,19,19,0,88,0,151,2,0,153,50,170,21,0,241,0,0,0,241
04/21/2014,MYR,SC,ASO,ES,Combined TRACON& Tower with Radar,45,117,24,7,193,0,218,19,1,238,45,335,43,8,431,0,0,0,431
04/22/2014,MYR,SC,ASO,ES,Combined TRACON& Tower with Radar,42,32,14,5,93,0,294,18,2,314,42,326,32,7,407,0,0,0,407
04/23/2014,MYR,SC,ASO,ES,Combined TRACON& Tower with Radar,46,64,19,4,133,0,379,18,2,399,46,443,37,6,532,12,8,20,552
04/24/2014,MYR,SC,ASO,ES,Combined TRACON& Tower with Radar,52,108,33,5,198,0,368,28,0,396,52,476,61,5,594,6,10,16,610
04/25/2014,MYR,SC,ASO,ES,Combined TRACON& Tower with Radar,46,23,38,11,118,0,288,30,6,324,46,311,68,17,442,6,0,6,448
04/26/2014,MYR,SC,ASO,ES,Combined TRACON& Tower with Radar,51,93,19,3,166,0,418,37,2,457,51,511,56,5,623,0,0,0,623
04/27/2014,MYR,SC,ASO,ES,Combined TRACON& Tower with Radar,50,68,32,8,158,0,332,34,2,368,50,400,66,10,526,0,18,18,544
04/28/2014,MYR,SC,ASO,ES,Combined TRACON& Tower with Radar,43,14,27,1,85,0,146,18,2,166,43,160,45,3,251,2,0,2,253
04/29/2014,MYR,SC,ASO,ES,Combined TRACON& Tower with Radar,38,16,17,6,77,0,112,2,0,114,38,128,19,6,191,8,0,8,199
04/30/2014,MYR,SC,ASO,ES,Combined TRACON& Tower with Radar,40,12,17,1,70,0,60,1,5,66,40,72,18,6,136,0,0,0,136
05/01/2014,MYR,SC,ASO,ES,Combined TRACON& Tower with Radar,51,14,29,0,94,0,62,8,0,70,51,76,37,0,164,4,0,4,168
05/02/2014,MYR,SC,ASO,ES,Combined TRACON& Tower with Radar,52,15,17,4,88,0,134,10,3,147,52,149,27,7,235,26,0,26,261
05/03/2014,MYR,SC,ASO,ES,Combined TRACON& Tower with Radar,64,68,22,1,155,0,331,32,7,370,64,399,54,8,525,10,0,10,535
05/04/2014,MYR,SC,ASO,ES,Combined TRACON& Tower with Radar,62,35,38,3,138,0,317,20,0,337,62,352,58,3,475,0,0,0,475
05/05/2014,MYR,SC,ASO,ES,Combined TRACON& Tower with Radar,53,17,22,16,108,0,204,19,3,226,53,221,41,19,334,0,8,8,342
05/06/2014,MYR,SC,ASO,ES,Combined TRACON& Tower with Radar,50,18,18,4,90,0,191,14,2,207,50,209,32,6,297,0,0,0,297
05/07/2014,MYR,SC,ASO,ES,Combined TRACON& Tower with Radar,51,15,28,5,99,0,201,11,1,213,51,216,39,6,312,0,4,4,316
05/08/2014,MYR,SC,ASO,ES,Combined TRACON& Tower with Radar,56,16,18,11,101,0,183,15,4,202,56,199,33,15,303,0,4,4,307
05/09/2014,MYR,SC,ASO,ES,Combined TRACON& Tower with Radar,50,12,29,8,99,0,202,12,9,223,50,214,41,17,322,0,6,6,328
05/10/2014,MYR,SC,ASO,ES,Combined TRACON& Tower with Radar,60,71,33,1,165,0,343,4,0,347,60,414,37,1,512,0,0,0,512
05/11/2014,MYR,SC,ASO,ES,Combined TRACON& Tower with Radar,58,43,14,0,115,0,289,7,0,296,58,332,21,0,411,0,0,0,411
05/12/2014,MYR,SC,ASO,ES,Combined TRACON& Tower with Radar,49,13,22,29,113,0,333,8,2,343,49,346,30,31,456,2,12,14,470
05/13/2014,MYR,SC,ASO,ES,Combined TRACON& Tower with Radar,46,14,21,10,91,0,410,18,1,429,46,424,39,11,520,0,0,0,520
05/14/2014,MYR,SC,ASO,ES,Combined TRACON& Tower with Radar,48,15,39,15,117,0,409,20,0,429,48,424,59,15,546,12,2,14,560
05/15/2014,MYR,SC,ASO,ES,Combined TRACON& Tower with Radar,56,19,20,0,95,0,190,0,0,190,56,209,20,0,285,0,0,0,285
05/16/2014,MYR,SC,ASO,ES,Combined TRACON& Tower with Radar,50,48,22,10,130,0,566,12,0,578,50,614,34,10,708,2,6,8,716
05/17/2014,MYR,SC,ASO,ES,Combined TRACON& Tower with Radar,60,20,23,16,119,0,580,26,6,612,60,600,49,22,731,4,26,30,761
05/18/2014,MYR,SC,ASO,ES,Combined TRACON& Tower with Radar,60,17,19,1,97,0,438,11,0,449,60,455,30,1,546,0,0,0,546
05/19/2014,MYR,SC,ASO,ES,Combined TRACON& Tower with Radar,52,21,23,5,101,0,382,15,0,397,52,403,38,5,498,4,2,6,504
05/20/2014,MYR,SC,ASO,ES,Combined TRACON& Tower with Radar,53,14,16,14,97,0,346,14,5,365,53,360,30,19,462,38,10,48,510
05/21/2014,MYR,SC,ASO,ES,Combined TRACON& Tower with Radar,54,15,20,16,105,0,328,15,1,344,54,343,35,17,449,0,0,0,449
05/22/2014,MYR,SC,ASO,ES,Combined TRACON& Tower with Radar,51,15,21,8,95,0,325,16,1,342,51,340,37,9,437,6,0,6,443
05/23/2014,MYR,SC,ASO,ES,Combined TRACON& Tower with Radar,52,71,16,1,140,0,157,19,1,177,52,228,35,2,317,0,0,0,317
05/24/2014,MYR,SC,ASO,ES,Combined TRACON& Tower with Radar,58,146,15,1,220,0,608,27,15,650,58,754,42,16,870,2,0,2,872
05/25/2014,MYR,SC,ASO,ES,Combined TRACON& Tower with Radar,54,98,15,0,167,0,1158,11,7,1176,54,1256,26,7,1343,0,0,0,1343
05/26/2014,MYR,SC,ASO,ES,Combined TRACON& Tower with Radar,53,7,10,0,70,0,674,19,1,694,53,681,29,1,764,0,0,0,764
05/27/2014,MYR,SC,ASO,ES,Combined TRACON& Tower with Radar,50,55,10,42,157,0,263,5,0,268,50,318,15,42,425,0,4,4,429
05/28/2014,MYR,SC,ASO,ES,Combined TRACON& Tower with Radar,56,118,25,19,218,0,227,23,0,250,56,345,48,19,468,0,16,16,484
05/29/2014,MYR,SC,ASO,ES,Combined TRACON& Tower with Radar,62,27,12,11,112,0,247,13,1,261,62,274,25,12,373,0,0,0,373
05/30/2014,MYR,SC,ASO,ES,Combined TRACON& Tower with Radar,56,69,38,5,168,0,291,5,0,296,56,360,43,5,464,8,0,8,472
05/31/2014,MYR,SC,ASO,ES,Combined TRACON& Tower with Radar,65,111,15,12,203,0,378,8,0,386,65,489,23,12,589,0,8,8,597
06/01/2014,MYR,SC,ASO,ES,Combined TRACON& Tower with Radar,63,97,21,0,181,0,292,24,4,320,63,389,45,4,501,0,0,0,501
06/02/2014,MYR,SC,ASO,ES,Combined TRACON& Tower with Radar,55,101,17,4,177,0,198,29,0,227,55,299,46,4,404,4,2,6,410
06/03/2014,MYR,SC,ASO,ES,Combined TRACON& Tower with Radar,50,91,14,35,190,0,294,26,16,336,50,385,40,51,526,0,38,38,564
06/04/2014,MYR,SC,ASO,ES,Combined TRACON& Tower with Radar,58,14,26,11,109,0,328,11,9,348,58,342,37,20,457,1,0,1,458
06/05/2014,MYR,SC,ASO,ES,Combined TRACON& Tower with Radar,58,97,18,21,194,0,251,6,4,261,58,348,24,25,455,4,0,4,459
06/06/2014,MYR,SC,ASO,ES,Combined TRACON& Tower with Radar,61,134,24,2,221,0,189,16,0,205,61,323,40,2,426,12,0,12,438
06/07/2014,MYR,SC,ASO,ES,Combined TRACON& Tower with Radar,68,84,22,0,174,0,394,15,0,409,68,478,37,0,583,0,0,0,583
06/08/2014,MYR,SC,ASO,ES,Combined TRACON& Tower with Radar,64,122,24,2,212,0,367,20,0,387,64,489,44,2,599,9,0,9,608
06/09/2014,MYR,SC,ASO,ES,Combined TRACON& Tower with Radar,57,94,16,5,172,0,271,7,2,280,57,365,23,7,452,8,0,8,460
06/10/2014,MYR,SC,ASO,ES,Combined TRACON& Tower with Radar,46,129,15,16,206,0,349,19,0,368,46,478,34,16,574,26,0,26,600
06/11/2014,MYR,SC,ASO,ES,Combined TRACON& Tower with Radar,58,52,20,14,144,0,482,14,0,496,58,534,34,14,640,50,0,50,690
06/12/2014,MYR,SC,ASO,ES,Combined TRACON& Tower with Radar,65,124,20,10,219,0,442,9,2,453,65,566,29,12,672,55,0,55,727
06/13/2014,MYR,SC,ASO,ES,Combined TRACON& Tower with Radar,55,131,23,3,212,0,393,8,2,403,55,524,31,5,615,44,6,50,665
06/14/2014,MYR,SC,ASO,ES,Combined TRACON& Tower with Radar,74,169,18,20,281,0,511,34,0,545,74,680,52,20,826,0,0,0,826
06/15/2014,MYR,SC,ASO,ES,Combined TRACON& Tower with Radar,67,140,18,3,228,0,384,21,3,408,67,524,39,6,636,2,4,6,642
06/16/2014,MYR,SC,ASO,ES,Combined TRACON& Tower with Radar,56,109,19,2,186,0,360,17,1,378,56,469,36,3,564,30,0,30,594
06/17/2014,MYR,SC,ASO,ES,Combined TRACON& Tower with Radar,50,12,16,25,103,0,628,25,2,655,50,640,41,27,758,26,10,36,794
06/18/2014,MYR,SC,ASO,ES,Combined TRACON& Tower with Radar,58,123,27,12,220,0,624,27,6,657,58,747,54,18,877,6,22,28,905
06/19/2014,MYR,SC,ASO,ES,Combined TRACON& Tower with Radar,60,90,15,8,173,0,630,22,1,653,60,720,37,9,826,34,8,42,868
06/20/2014,MYR,SC,ASO,ES,Combined TRACON& Tower with Radar,58,70,19,28,175,0,639,18,3,660,58,709,37,31,835,14,2,16,851
06/21/2014,MYR,SC,ASO,ES,Combined TRACON& Tower with Radar,76,78,13,2,169,0,587,13,0,600,76,665,26,2,769,10,0,10,779
06/22/2014,MYR,SC,ASO,ES,Combined TRACON& Tower with Radar,64,49,13,8,134,0,674,18,1,693,64,723,31,9,827,0,0,0,827
06/23/2014,MYR,SC,ASO,ES,Combined TRACON& Tower with Radar,56,13,10,17,96,0,721,8,3,732,56,734,18,20,828,0,4,4,832
06/24/2014,MYR,SC,ASO,ES,Combined TRACON& Tower with Radar,50,12,18,7,87,0,714,9,3,726,50,726,27,10,813,0,0,0,813
06/25/2014,MYR,SC,ASO,ES,Combined TRACON& Tower with Radar,60,13,22,17,112,0,883,14,6,903,60,896,36,23,1015,6,10,16,1031
06/26/2014,MYR,SC,ASO,ES,Combined TRACON& Tower with Radar,63,128,31,22,244,0,798,20,6,824,63,926,51,28,1068,0,16,16,1084
06/27/2014,MYR,SC,ASO,ES,Combined TRACON& Tower with Radar,61,92,14,11,178,0,607,23,5,635,61,699,37,16,813,0,0,0,813
06/28/2014,MYR,SC,ASO,ES,Combined TRACON& Tower with Radar,79,33,10,0,122,0,137,8,0,145,79,170,18,0,267,0,0,0,267
06/29/2014,MYR,SC,ASO,ES,Combined TRACON& Tower with Radar,65,96,23,0,184,0,743,24,0,767,65,839,47,0,951,4,0,4,955
06/30/2014,MYR,SC,ASO,ES,Combined TRACON& Tower with Radar,57,150,18,9,234,0,667,31,2,700,57,817,49,11,934,0,0,0,934
07/01/2014,MYR,SC,ASO,ES,Combined TRACON& Tower with Radar,48,127,35,25,235,0,776,22,4,802,48,903,57,29,1037,0,26,26,1063
07/02/2014,MYR,SC,ASO,ES,Combined TRACON& Tower with Radar,60,139,19,3,221,0,908,8,3,919,60,1047,27,6,1140,46,0,46,1186
07/03/2014,MYR,SC,ASO,ES,Combined TRACON& Tower with Radar,57,12,4,0,73,0,0,2,0,2,57,12,6,0,75,0,0,0,75
07/04/2014,MYR,SC,ASO,ES,Combined TRACON& Tower with Radar,52,105,24,0,181,1,954,34,3,992,53,1059,58,3,1173,6,0,6,1179
07/05/2014,MYR,SC,ASO,ES,Combined TRACON& Tower with Radar,82,150,13,0,245,0,1474,16,1,1491,82,1624,29,1,1736,0,0,0,1736
07/06/2014,MYR,SC,ASO,ES,Combined TRACON& Tower with Radar,68,108,26,0,202,0,894,11,0,905,68,1002,37,0,1107,0,0,0,1107
07/07/2014,MYR,SC,ASO,ES,Combined TRACON& Tower with Radar,60,62,25,2,149,0,606,12,6,624,60,668,37,8,773,8,0,8,781
07/08/2014,MYR,SC,ASO,ES,Combined TRACON& Tower with Radar,50,98,23,14,185,0,705,18,0,723,50,803,41,14,908,0,24,24,932
07/09/2014,MYR,SC,ASO,ES,Combined TRACON& Tower with Radar,58,141,10,18,227,0,742,18,4,764,58,883,28,22,991,10,6,16,1007
07/10/2014,MYR,SC,ASO,ES,Combined TRACON& Tower with Radar,61,16,25,19,121,0,802,12,3,817,61,818,37,22,938,0,0,0,938
07/11/2014,MYR,SC,ASO,ES,Combined TRACON& Tower with Radar,58,12,38,8,116,0,816,20,4,840,58,828,58,12,956,17,0,17,973
07/12/2014,MYR,SC,ASO,ES,Combined TRACON& Tower with Radar,79,104,26,1,210,0,830,13,1,844,79,934,39,2,1054,8,2,10,1064
07/13/2014,MYR,SC,ASO,ES,Combined TRACON& Tower with Radar,70,115,27,0,212,0,549,38,2,589,70,664,65,2,801,0,0,0,801
07/14/2014,MYR,SC,ASO,ES,Combined TRACON& Tower with Radar,57,113,9,22,201,0,659,20,2,681,57,772,29,24,882,2,6,8,890
07/15/2014,MYR,SC,ASO,ES,Combined TRACON& Tower with Radar,47,56,15,9,127,0,279,10,0,289,47,335,25,9,416,6,0,6,422
07/16/2014,MYR,SC,ASO,ES,Combined TRACON& Tower with Radar,58,143,15,19,235,0,549,2,1,552,58,692,17,20,787,0,0,0,787
07/17/2014,MYR,SC,ASO,ES,Combined TRACON& Tower with Radar,62,123,26,6,217,0,985,22,6,1013,62,1108,48,12,1230,0,4,4,1234
07/18/2014,MYR,SC,ASO,ES,Combined TRACON& Tower with Radar,58,18,15,28,119,0,1036,12,2,1050,58,1054,27,30,1169,8,12,20,1189
07/19/2014,MYR,SC,ASO,ES,Combined TRACON& Tower with Radar,81,80,16,6,183,0,924,18,13,955,81,1004,34,19,1138,0,0,0,1138
07/20/2014,MYR,SC,ASO,ES,Combined TRACON& Tower with Radar,71,18,14,1,104,0,783,8,4,795,71,801,22,5,899,0,0,0,899
07/21/2014,MYR,SC,ASO,ES,Combined TRACON& Tower with Radar,57,67,13,5,142,0,297,0,0,297,57,364,13,5,439,0,0,0,439
07/22/2014,MYR,SC,ASO,ES,Combined TRACON& Tower with Radar,48,10,18,3,79,0,731,3,0,734,48,741,21,3,813,0,0,0,813
07/23/2014,MYR,SC,ASO,ES,Combined TRACON& Tower with Radar,60,10,16,5,91,0,882,17,2,901,60,892,33,7,992,0,2,2,994
07/24/2014,MYR,SC,ASO,ES,Combined TRACON& Tower with Radar,59,14,18,2,93,0,1096,14,0,1110,59,1110,32,2,1203,0,0,0,1203
07/25/2014,MYR,SC,ASO,ES,Combined TRACON& Tower with Radar,59,9,12,10,90,0,738,6,4,748,59,747,18,14,838,0,0,0,838
07/26/2014,MYR,SC,ASO,ES,Combined TRACON& Tower with Radar,82,22,21,5,130,0,1060,22,2,1084,82,1082,43,7,1214,11,0,11,1225
07/27/2014,MYR,SC,ASO,ES,Combined TRACON& Tower with Radar,67,15,11,0,93,0,885,14,0,899,67,900,25,0,992,0,0,0,992
07/28/2014,MYR,SC,ASO,ES,Combined TRACON& Tower with Radar,55,8,11,2,76,0,512,8,0,520,55,520,19,2,596,0,0,0,596
07/29/2014,MYR,SC,ASO,ES,Combined TRACON& Tower with Radar,48,11,14,2,75,0,999,27,2,1028,48,1010,41,4,1103,6,20,26,1129
07/30/2014,MYR,SC,ASO,ES,Combined TRACON& Tower with Radar,56,9,21,14,100,0,1062,16,1,1079,56,1071,37,15,1179,16,0,16,1195
07/31/2014,MYR,SC,ASO,ES,Combined TRACON& Tower with Radar,64,12,28,9,113,0,954,13,0,967,64,966,41,9,1080,4,16,20,1100
08/01/2014,MYR,SC,ASO,ES,Combined TRACON& Tower with Radar,56,9,23,0,88,18,849,3,0,870,74,858,26,0,958,16,0,16,974
08/02/2014,MYR,SC,ASO,ES,Combined TRACON& Tower with Radar,79,24,12,0,115,0,499,2,0,501,79,523,14,0,616,0,0,0,616
08/03/2014,MYR,SC,ASO,ES,Combined TRACON& Tower with Radar,65,16,13,0,94,0,345,1,0,346,65,361,14,0,440,0,0,0,440
08/04/2014,MYR,SC,ASO,ES,Combined TRACON& Tower with Radar,56,6,16,7,85,0,369,6,0,375,56,375,22,7,460,0,0,0,460
08/05/2014,MYR,SC,ASO,ES,Combined TRACON& Tower with Radar,57,11,16,28,112,0,760,8,0,768,57,771,24,28,880,2,10,12,892
08/06/2014,MYR,SC,ASO,ES,Combined TRACON& Tower with Radar,58,11,25,27,121,0,908,28,3,939,58,919,53,30,1060,26,2,28,1088
08/07/2014,MYR,SC,ASO,ES,Combined TRACON& Tower with Radar,64,9,24,22,119,0,1111,22,0,1133,64,1120,46,22,1252,29,6,35,1287
08/08/2014,MYR,SC,ASO,ES,Combined TRACON& Tower with Radar,58,13,19,7,97,0,1077,13,5,1095,58,1090,32,12,1192,0,0,0,1192
08/09/2014,MYR,SC,ASO,ES,Combined TRACON& Tower with Radar,75,22,18,0,115,0,877,1,0,878,75,899,19,0,993,0,0,0,993
08/10/2014,MYR,SC,ASO,ES,Combined TRACON& Tower with Radar,66,12,14,0,92,0,605,1,0,606,66,617,15,0,698,0,0,0,698
08/11/2014,MYR,SC,ASO,ES,Combined TRACON& Tower with Radar,57,7,10,13,87,0,754,5,0,759,57,761,15,13,846,0,0,0,846
08/12/2014,MYR,SC,ASO,ES,Combined TRACON& Tower with Radar,53,14,19,12,98,0,710,11,0,721,53,724,30,12,819,14,18,32,851
08/13/2014,MYR,SC,ASO,ES,Combined TRACON& Tower with Radar,57,11,37,10,115,0,965,19,0,984,57,976,56,10,1099,8,12,20,1119
08/14/2014,MYR,SC,ASO,ES,Combined TRACON& Tower with Radar,61,17,30,17,125,0,1141,38,3,1182,61,1158,68,20,1307,8,2,10,1317
08/15/2014,MYR,SC,ASO,ES,Combined TRACON& Tower with Radar,54,12,18,5,89,0,1173,23,1,1197,54,1185,41,6,1286,2,0,2,1288
08/16/2014,MYR,SC,ASO,ES,Combined TRACON& Tower with Radar,72,24,14,0,110,0,928,22,1,951,72,952,36,1,1061,4,0,4,1065
08/17/2014,MYR,SC,ASO,ES,Combined TRACON& Tower with Radar,60,19,19,2,100,0,857,33,2,892,60,876,52,4,992,8,0,8,1000
08/18/2014,MYR,SC,ASO,ES,Combined TRACON& Tower with Radar,58,9,14,6,87,0,614,16,4,634,58,623,30,10,721,0,0,0,721
08/19/2014,MYR,SC,ASO,ES,Combined TRACON& Tower with Radar,52,13,12,4,81,0,829,23,1,853,52,842,35,5,934,26,0,26,960
08/20/2014,MYR,SC,ASO,ES,Combined TRACON& Tower with Radar,55,9,20,8,92,0,922,21,1,944,55,931,41,9,1036,16,0,16,1052
08/21/2014,MYR,SC,ASO,ES,Combined TRACON& Tower with Radar,61,12,15,16,104,0,825,23,0,848,61,837,38,16,952,4,6,10,962
08/22/2014,MYR,SC,ASO,ES,Combined TRACON& Tower with Radar,54,20,18,20,112,0,961,12,1,974,54,981,30,21,1086,54,18,72,1158
08/23/2014,MYR,SC,ASO,ES,Combined TRACON& Tower with Radar,69,29,13,0,111,0,495,17,0,512,69,524,30,0,623,8,0,8,631
08/24/2014,MYR,SC,ASO,ES,Combined TRACON& Tower with Radar,63,19,11,0,93,0,749,15,0,764,63,768,26,0,857,0,0,0,857
08/25/2014,MYR,SC,ASO,ES,Combined TRACON& Tower with Radar,55,9,15,12,91,0,435,10,0,445,55,444,25,12,536,0,0,0,536
08/26/2014,MYR,SC,ASO,ES,Combined TRACON& Tower with Radar,52,16,13,33,114,0,587,24,1,612,52,603,37,34,726,26,0,26,752
08/27/2014,MYR,SC,ASO,ES,Combined TRACON& Tower with Radar,53,12,18,33,116,0,508,30,0,538,53,520,48,33,654,4,8,12,666
08/28/2014,MYR,SC,ASO,ES,Combined TRACON& Tower with Radar,61,17,34,12,124,0,554,31,6,591,61,571,65,18,715,0,0,0,715
08/29/2014,MYR,SC,ASO,ES,Combined TRACON& Tower with Radar,56,11,40,0,107,0,486,28,0,514,56,497,68,0,621,24,0,24,645
08/30/2014,MYR,SC,ASO,ES,Combined TRACON& Tower with Radar,68,22,21,0,111,0,877,30,0,907,68,899,51,0,1018,0,0,0,1018
08/31/2014,MYR,SC,ASO,ES,Combined TRACON& Tower with Radar,61,10,13,0,84,0,1358,32,0,1390,61,1368,45,0,1474,4,0,4,1478
09/01/2014,MYR,SC,ASO,ES,Combined TRACON& Tower with Radar,58,1,24,0,83,0,777,17,0,794,58,778,41,0,877,0,0,0,877
09/02/2014,MYR,SC,ASO,ES,Combined TRACON& Tower with Radar,51,9,16,14,90,0,274,4,1,279,51,283,20,15,369,16,0,16,385
09/03/2014,MYR,SC,ASO,ES,Combined TRACON& Tower with Radar,48,9,13,4,74,0,302,15,4,321,48,311,28,8,395,46,2,48,443
09/04/2014,MYR,SC,ASO,ES,Combined TRACON& Tower with Radar,58,15,22,13,108,0,326,8,0,334,58,341,30,13,442,34,6,40,482
09/05/2014,MYR,SC,ASO,ES,Combined TRACON& Tower with Radar,54,11,20,23,108,0,320,9,2,331,54,331,29,25,439,20,0,20,459
09/06/2014,MYR,SC,ASO,ES,Combined TRACON& Tower with Radar,52,19,9,27,107,0,425,4,2,431,52,444,13,29,538,0,0,0,538
09/07/2014,MYR,SC,ASO,ES,Combined TRACON& Tower with Radar,59,12,9,4,84,0,382,11,0,393,59,394,20,4,477,0,0,0,477
09/08/2014,MYR,SC,ASO,ES,Combined TRACON& Tower with Radar,52,9,8,0,69,0,30,0,0,30,52,39,8,0,99,0,0,0,99
09/09/2014,MYR,SC,ASO,ES,Combined TRACON& Tower with Radar,45,13,22,2,82,0,164,4,0,168,45,177,26,2,250,0,0,0,250
09/10/2014,MYR,SC,ASO,ES,Combined TRACON& Tower with Radar,50,8,11,0,69,0,276,22,2,300,50,284,33,2,369,16,0,16,385
09/11/2014,MYR,SC,ASO,ES,Combined TRACON& Tower with Radar,56,10,32,43,141,0,365,29,6,400,56,375,61,49,541,43,10,53,594
09/12/2014,MYR,SC,ASO,ES,Combined TRACON& Tower with Radar,53,13,17,24,107,0,216,19,5,240,53,229,36,29,347,42,10,52,399
09/13/2014,MYR,SC,ASO,ES,Combined TRACON& Tower with Radar,50,19,14,15,98,0,403,3,0,406,50,422,17,15,504,16,0,16,520
09/14/2014,MYR,SC,ASO,ES,Combined TRACON& Tower with Radar,53,11,18,0,82,0,131,0,0,131,53,142,18,0,213,0,0,0,213
09/15/2014,MYR,SC,ASO,ES,Combined TRACON& Tower with Radar,55,10,11,16,92,0,77,0,0,77,55,87,11,16,169,0,0,0,169
09/16/2014,MYR,SC,ASO,ES,Combined TRACON& Tower with Radar,47,12,8,5,72,0,222,9,3,234,47,234,17,8,306,0,0,0,306
09/17/2014,MYR,SC,ASO,ES,Combined TRACON& Tower with Radar,50,8,19,4,81,0,252,14,2,268,50,260,33,6,349,37,0,37,386
09/18/2014,MYR,SC,ASO,ES,Combined TRACON& Tower with Radar,56,8,24,2,90,0,249,19,0,268,56,257,43,2,358,21,10,31,389
09/19/2014,MYR,SC,ASO,ES,Combined TRACON& Tower with Radar,52,9,20,11,92,0,212,14,3,229,52,221,34,14,321,18,0,18,339
09/20/2014,MYR,SC,ASO,ES,Combined TRACON& Tower with Radar,50,17,9,12,88,0,462,7,0,469,50,479,16,12,557,4,0,4,561
09/21/2014,MYR,SC,ASO,ES,Combined TRACON& Tower with Radar,48,15,19,4,86,0,338,24,2,364,48,353,43,6,450,26,0,26,476
09/22/2014,MYR,SC,ASO,ES,Combined TRACON& Tower with Radar,48,10,11,9,78,0,162,20,5,187,48,172,31,14,265,6,12,18,283
09/23/2014,MYR,SC,ASO,ES,Combined TRACON& Tower with Radar,44,10,19,15,88,0,32,1,1,34,44,42,20,16,122,0,0,0,122
09/24/2014,MYR,SC,ASO,ES,Combined TRACON& Tower with Radar,51,8,18,18,95,0,61,0,0,61,51,69,18,18,156,0,0,0,156
09/25/2014,MYR,SC,ASO,ES,Combined TRACON& Tower with Radar,51,10,20,4,85,0,11,0,0,11,51,21,20,4,96,0,0,0,96
09/26/2014,MYR,SC,ASO,ES,Combined TRACON& Tower with Radar,47,11,17,7,82,0,124,4,0,128,47,135,21,7,210,0,0,0,210
09/27/2014,MYR,SC,ASO,ES,Combined TRACON& Tower with Radar,49,18,10,8,85,0,318,12,0,330,49,336,22,8,415,0,8,8,423
09/28/2014,MYR,SC,ASO,ES,Combined TRACON& Tower with Radar,48,19,19,0,86,0,320,6,2,328,48,339,25,2,414,22,0,22,436
09/29/2014,MYR,SC,ASO,ES,Combined TRACON& Tower with Radar,48,10,9,8,75,0,48,2,0,50,48,58,11,8,125,0,0,0,125
09/30/2014,MYR,SC,ASO,ES,Combined TRACON& Tower with Radar,42,15,15,4,76,0,133,18,2,153,42,148,33,6,229,14,10,24,253
10/01/2014,MYR,SC,ASO,ES,Combined TRACON& Tower with Radar,48,10,19,12,89,0,171,8,1,180,48,181,27,13,269,0,0,0,269
10/02/2014,MYR,SC,ASO,ES,Combined TRACON& Tower with Radar,45,11,12,4,72,0,171,13,4,188,45,182,25,8,260,6,0,6,266
10/03/2014,MYR,SC,ASO,ES,Combined TRACON& Tower with Radar,47,10,14,2,73,0,125,12,0,137,47,135,26,2,210,0,8,8,218
10/04/2014,MYR,SC,ASO,ES,Combined TRACON& Tower with Radar,53,12,15,3,83,0,330,15,1,346,53,342,30,4,429,0,0,0,429
10/05/2014,MYR,SC,ASO,ES,Combined TRACON& Tower with Radar,46,16,8,0,70,0,309,26,4,339,46,325,34,4,409,10,0,10,419
10/06/2014,MYR,SC,ASO,ES,Combined TRACON& Tower with Radar,46,9,19,4,78,0,170,23,0,193,46,179,42,4,271,8,0,8,279
10/07/2014,MYR,SC,ASO,ES,Combined TRACON& Tower with Radar,46,13,17,10,86,0,160,16,2,178,46,173,33,12,264,10,0,10,274
10/08/2014,MYR,SC,ASO,ES,Combined TRACON& Tower with Radar,46,16,10,6,78,0,190,14,2,206,46,206,24,8,284,6,16,22,306
10/09/2014,MYR,SC,ASO,ES,Combined TRACON& Tower with Radar,48,12,23,9,92,0,200,27,2,229,48,212,50,11,321,14,6,20,341
10/10/2014,MYR,SC,ASO,ES,Combined TRACON& Tower with Radar,44,12,18,0,74,0,238,36,4,278,44,250,54,4,352,0,0,0,352
10/11/2014,MYR,SC,ASO,ES,Combined TRACON& Tower with Radar,53,15,14,0,82,0,333,21,0,354,53,348,35,0,436,0,0,0,436
10/12/2014,MYR,SC,ASO,ES,Combined TRACON& Tower with Radar,46,22,31,0,99,0,173,2,0,175,46,195,33,0,274,0,0,0,274
10/13/2014,MYR,SC,ASO,ES,Combined TRACON& Tower with Radar,44,15,14,0,73,0,141,9,0,150,44,156,23,0,223,0,0,0,223
10/14/2014,MYR,SC,ASO,ES,Combined TRACON& Tower with Radar,46,17,14,8,85,0,109,3,0,112,46,126,17,8,197,0,20,20,217
10/15/2014,MYR,SC,ASO,ES,Combined TRACON& Tower with Radar,46,13,20,3,82,0,89,4,2,95,46,102,24,5,177,0,0,0,177
10/16/2014,MYR,SC,ASO,ES,Combined TRACON& Tower with Radar,48,14,27,4,93,0,158,22,2,182,48,172,49,6,275,4,18,22,297
10/17/2014,MYR,SC,ASO,ES,Combined TRACON& Tower with Radar,43,19,24,16,102,0,158,30,0,188,43,177,54,16,290,0,0,0,290
10/18/2014,MYR,SC,ASO,ES,Combined TRACON& Tower with Radar,53,23,10,17,103,0,309,47,6,362,53,332,57,23,465,16,0,16,481
10/19/2014,MYR,SC,ASO,ES,Combined TRACON& Tower with Radar,46,14,15,0,75,0,205,21,4,230,46,219,36,4,305,6,0,6,311
10/20/2014,MYR,SC,ASO,ES,Combined TRACON& Tower with Radar,46,10,8,0,64,0,110,24,0,134,46,120,32,0,198,4,0,4,202
10/21/2014,MYR,SC,ASO,ES,Combined TRACON& Tower with Radar,44,14,18,4,80,0,116,21,0,137,44,130,39,4,217,3,0,3,220
10/22/2014,MYR,SC,ASO,ES,Combined TRACON& Tower with Radar,41,13,11,16,81,0,111,18,2,131,41,124,29,18,212,0,0,0,212
10/23/2014,MYR,SC,ASO,ES,Combined TRACON& Tower with Radar,47,15,23,11,96,0,110,31,8,149,47,125,54,19,245,0,14,14,259
10/24/2014,MYR,SC,ASO,ES,Combined TRACON& Tower with Radar,46,16,18,2,82,0,157,33,0,190,46,173,51,2,272,0,0,0,272
10/25/2014,MYR,SC,ASO,ES,Combined TRACON& Tower with Radar,53,12,18,2,85,0,247,28,2,277,53,259,46,4,362,6,0,6,368
10/26/2014,MYR,SC,ASO,ES,Combined TRACON& Tower with Radar,44,19,24,0,87,0,154,30,0,184,44,173,54,0,271,0,0,0,271
10/27/2014,MYR,SC,ASO,ES,Combined TRACON& Tower with Radar,46,10,17,5,78,0,114,16,0,130,46,124,33,5,208,18,0,18,226
10/28/2014,MYR,SC,ASO,ES,Combined TRACON& Tower with Radar,44,13,21,3,81,0,48,19,4,71,44,61,40,7,152,6,0,6,158
10/29/2014,MYR,SC,ASO,ES,Combined TRACON& Tower with Radar,42,15,18,3,78,0,79,10,1,90,42,94,28,4,168,2,44,46,214
10/30/2014,MYR,SC,ASO,ES,Combined TRACON& Tower with Radar,44,11,26,1,82,0,44,4,1,49,44,55,30,2,131,0,0,0,131
10/31/2014,MYR,SC,ASO,ES,Combined TRACON& Tower with Radar,42,9,16,0,67,0,83,22,0,105,42,92,38,0,172,10,0,10,182
11/01/2014,MYR,SC,ASO,ES,Combined TRACON& Tower with Radar,47,10,7,0,64,0,47,1,4,52,47,57,8,4,116,6,0,6,122
11/02/2014,MYR,SC,ASO,ES,Combined TRACON& Tower with Radar,32,8,11,0,51,0,89,12,5,106,32,97,23,5,157,6,0,6,163
11/03/2014,MYR,SC,ASO,ES,Combined TRACON& Tower with Radar,35,10,12,10,67,0,44,26,0,70,35,54,38,10,137,8,0,8,145
11/04/2014,MYR,SC,ASO,ES,Combined TRACON& Tower with Radar,32,12,7,7,58,0,73,28,0,101,32,85,35,7,159,4,32,36,195
11/05/2014,MYR,SC,ASO,ES,Combined TRACON& Tower with Radar,34,18,15,5,72,0,48,16,1,65,34,66,31,6,137,16,0,16,153
11/06/2014,MYR,SC,ASO,ES,Combined TRACON& Tower with Radar,33,10,21,11,75,0,54,10,2,66,33,64,31,13,141,0,0,0,141
11/07/2014,MYR,SC,ASO,ES,Combined TRACON& Tower with Radar,36,13,13,9,71,0,46,18,0,64,36,59,31,9,135,0,0,0,135
11/08/2014,MYR,SC,ASO,ES,Combined TRACON& Tower with Radar,40,14,9,0,63,0,140,21,3,164,40,154,30,3,227,22,0,22,249
11/09/2014,MYR,SC,ASO,ES,Combined TRACON& Tower with Radar,30,20,19,0,69,0,115,27,6,148,30,135,46,6,217,4,0,4,221
11/10/2014,MYR,SC,ASO,ES,Combined TRACON& Tower with Radar,28,15,15,0,58,0,63,22,0,85,28,78,37,0,143,16,0,16,159
11/11/2014,MYR,SC,ASO,ES,Combined TRACON& Tower with Radar,31,15,20,0,66,0,56,5,0,61,31,71,25,0,127,0,0,0,127
11/12/2014,MYR,SC,ASO,ES,Combined TRACON& Tower with Radar,31,17,24,19,91,0,63,20,2,85,31,80,44,21,176,8,0,8,184
11/13/2014,MYR,SC,ASO,ES,Combined TRACON& Tower with Radar,32,15,17,2,66,0,32,11,2,45,32,47,28,4,111,4,8,12,123
11/14/2014,MYR,SC,ASO,ES,Combined TRACON& Tower with Radar,32,16,13,16,77,0,41,7,4,52,32,57,20,20,129,24,2,26,155
11/15/2014,MYR,SC,ASO,ES,Combined TRACON& Tower with Radar,41,12,11,3,67,0,108,22,0,130,41,120,33,3,197,36,0,36,233
11/16/2014,MYR,SC,ASO,ES,Combined TRACON& Tower with Radar,28,16,23,0,67,0,30,4,0,34,28,46,27,0,101,2,0,2,103
11/17/2014,MYR,SC,ASO,ES,Combined TRACON& Tower with Radar,24,16,12,10,62,0,24,1,0,25,24,40,13,10,87,0,0,0,87
11/18/2014,MYR,SC,ASO,ES,Combined TRACON& Tower with Radar,29,12,13,8,62,0,50,16,8,74,29,62,29,16,136,6,16,22,158
11/19/2014,MYR,SC,ASO,ES,Combined TRACON& Tower with Radar,31,13,15,0,59,0,30,22,2,54,31,43,37,2,113,10,0,10,123
11/20/2014,MYR,SC,ASO,ES,Combined TRACON& Tower with Radar,32,14,31,5,82,0,34,23,0,57,32,48,54,5,139,0,0,0,139
11/21/2014,MYR,SC,ASO,ES,Combined TRACON& Tower with Radar,32,14,5,0,51,0,36,26,0,62,32,50,31,0,113,4,0,4,117
11/22/2014,MYR,SC,ASO,ES,Combined TRACON& Tower with Radar,41,14,23,2,80,0,106,46,8,160,41,120,69,10,240,16,14,30,270
11/23/2014,MYR,SC,ASO,ES,Combined TRACON& Tower with Radar,26,21,6,0,53,0,6,0,2,8,26,27,6,2,61,0,0,0,61
11/24/2014,MYR,SC,ASO,ES,Combined TRACON& Tower with Radar,28,13,4,0,45,0,0,1,0,1,28,13,5,0,46,0,0,0,46
11/25/2014,MYR,SC,ASO,ES,Combined TRACON& Tower with Radar,32,15,11,0,58,0,0,0,0,0,32,15,11,0,58,0,0,0,58
11/26/2014,MYR,SC,ASO,ES,Combined TRACON& Tower with Radar,27,13,19,0,59,0,14,5,0,19,27,27,24,0,78,0,0,0,78
11/27/2014,MYR,SC,ASO,ES,Combined TRACON& Tower with Radar,22,7,8,0,37,0,66,10,0,76,22,73,18,0,113,0,0,0,113
11/28/2014,MYR,SC,ASO,ES,Combined TRACON& Tower with Radar,27,6,10,0,43,0,225,19,0,244,27,231,29,0,287,0,0,0,287
11/29/2014,MYR,SC,ASO,ES,Combined TRACON& Tower with Radar,45,22,8,0,75,0,199,30,0,229,45,221,38,0,304,4,0,4,308
11/30/2014,MYR,SC,ASO,ES,Combined TRACON& Tower with Radar,31,24,23,0,78,0,110,27,0,137,31,134,50,0,215,0,0,0,215
12/01/2014,MYR,SC,ASO,ES,Combined TRACON& Tower with Radar,32,12,20,19,83,0,32,20,5,57,32,44,40,24,140,6,0,6,146
12/02/2014,MYR,SC,ASO,ES,Combined TRACON& Tower with Radar,26,11,23,18,78,0,6,7,4,17,26,17,30,22,95,18,36,54,149
12/03/2014,MYR,SC,ASO,ES,Combined TRACON& Tower with Radar,23,11,14,16,64,0,14,8,0,22,23,25,22,16,86,14,4,18,104
12/04/2014,MYR,SC,ASO,ES,Combined TRACON& Tower with Radar,26,16,23,3,68,0,14,1,0,15,26,30,24,3,83,12,0,12,95
12/05/2014,MYR,SC,ASO,ES,Combined TRACON& Tower with Radar,26,13,14,14,67,0,45,17,2,64,26,58,31,16,131,6,0,6,137
12/06/2014,MYR,SC,ASO,ES,Combined TRACON& Tower with Radar,26,10,2,12,50,0,79,6,0,85,26,89,8,12,135,4,54,58,193
12/07/2014,MYR,SC,ASO,ES,Combined TRACON& Tower with Radar,25,13,20,0,58,0,29,0,0,29,25,42,20,0,87,0,0,0,87
12/08/2014,MYR,SC,ASO,ES,Combined TRACON& Tower with Radar,26,10,11,22,69,0,21,8,0,29,26,31,19,22,98,8,26,34,132
12/09/2014,MYR,SC,ASO,ES,Combined TRACON& Tower with Radar,24,13,17,16,70,0,10,3,0,13,24,23,20,16,83,0,14,14,97
12/10/2014,MYR,SC,ASO,ES,Combined TRACON& Tower with Radar,32,8,17,19,76,0,26,6,2,34,32,34,23,21,110,8,19,27,137
12/11/2014,MYR,SC,ASO,ES,Combined TRACON& Tower with Radar,28,11,15,15,69,0,16,21,6,43,28,27,36,21,112,4,14,18,130
12/12/2014,MYR,SC,ASO,ES,Combined TRACON& Tower with Radar,25,13,11,4,53,0,16,21,2,39,25,29,32,6,92,14,0,14,106
12/13/2014,MYR,SC,ASO,ES,Combined TRACON& Tower with Radar,28,8,23,0,59,0,108,20,0,128,28,116,43,0,187,28,0,28,215
12/14/2014,MYR,SC,ASO,ES,Combined TRACON& Tower with Radar,25,10,10,0,45,0,78,14,0,92,25,88,24,0,137,30,0,30,167
12/15/2014,MYR,SC,ASO,ES,Combined TRACON& Tower with Radar,26,9,14,10,59,0,38,17,4,59,26,47,31,14,118,0,10,10,128
12/16/2014,MYR,SC,ASO,ES,Combined TRACON& Tower with Radar,26,14,13,13,66,0,17,8,3,28,26,31,21,16,94,9,20,29,123
12/17/2014,MYR,SC,ASO,ES,Combined TRACON& Tower with Radar,27,10,10,20,67,0,30,18,1,49,27,40,28,21,116,54,0,54,170
12/18/2014,MYR,SC,ASO,ES,Combined TRACON& Tower with Radar,25,24,14,6,69,0,20,12,0,32,25,44,26,6,101,8,0,8,109
12/19/2014,MYR,SC,ASO,ES,Combined TRACON& Tower with Radar,26,16,13,8,63,0,30,22,0,52,26,46,35,8,115,10,0,10,125
12/20/2014,MYR,SC,ASO,ES,Combined TRACON& Tower with Radar,27,26,12,8,73,0,2,1,0,3,27,28,13,8,76,0,0,0,76
12/21/2014,MYR,SC,ASO,ES,Combined TRACON& Tower with Radar,26,20,17,0,63,0,62,8,1,71,26,82,25,1,134,0,0,0,134
12/22/2014,MYR,SC,ASO,ES,Combined TRACON& Tower with Radar,22,20,4,0,46,0,0,0,0,0,22,20,4,0,46,0,0,0,46
12/23/2014,MYR,SC,ASO,ES,Combined TRACON& Tower with Radar,19,11,9,0,39,0,0,0,0,0,19,11,9,0,39,0,0,0,39
12/24/2014,MYR,SC,ASO,ES,Combined TRACON& Tower with Radar,23,10,6,0,39,0,0,0,0,0,23,10,6,0,39,0,0,0,39
12/25/2014,MYR,SC,ASO,ES,Combined TRACON& Tower with Radar,23,10,2,0,35,0,0,5,2,7,23,10,7,2,42,0,0,0,42
12/26/2014,MYR,SC,ASO,ES,Combined TRACON& Tower with Radar,26,15,26,0,67,0,280,19,0,299,26,295,45,0,366,6,0,6,372
12/27/2014,MYR,SC,ASO,ES,Combined TRACON& Tower with Radar,30,28,17,0,75,0,331,16,0,347,30,359,33,0,422,2,0,2,424
12/28/2014,MYR,SC,ASO,ES,Combined TRACON& Tower with Radar,25,15,8,0,48,0,283,6,4,293,25,298,14,4,341,0,0,0,341
12/29/2014,MYR,SC,ASO,ES,Combined TRACON& Tower with Radar,24,15,11,4,54,0,12,0,0,12,24,27,11,4,66,0,0,0,66
12/30/2014,MYR,SC,ASO,ES,Combined TRACON& Tower with Radar,24,17,15,0,56,0,10,0,0,10,24,27,15,0,66,0,0,0,66
12/31/2014,MYR,SC,ASO,ES,Combined TRACON& Tower with Radar,25,13,19,0,57,0,278,18,3,299,25,291,37,3,356,6,4,10,366
01/01/2015,MYR,SC,ASO,ES,Combined TRACON& Tower with Radar,23,6,6,0,35,0,308,25,0,333,23,314,31,0,368,0,0,0,368
01/02/2015,MYR,SC,ASO,ES,Combined TRACON& Tower with Radar,26,18,10,10,64,0,194,16,0,210,26,212,26,10,274,4,10,14,288
01/03/2015,MYR,SC,ASO,ES,Combined TRACON& Tower with Radar,22,20,13,4,59,0,12,0,0,12,22,32,13,4,71,0,0,0,71
01/04/2015,MYR,SC,ASO,ES,Combined TRACON& Tower with Radar,22,16,18,0,56,0,50,3,0,53,22,66,21,0,109,0,0,0,109
01/05/2015,MYR,SC,ASO,ES,Combined TRACON& Tower with Radar,18,21,22,22,83,0,28,16,1,45,18,49,38,23,128,32,44,76,204
01/06/2015,MYR,SC,ASO,ES,Combined TRACON& Tower with Radar,14,18,11,8,51,0,48,12,6,66,14,66,23,14,117,12,42,54,171
01/07/2015,MYR,SC,ASO,ES,Combined TRACON& Tower with Radar,14,21,9,5,49,0,38,13,5,56,14,59,22,10,105,31,0,31,136
01/08/2015,MYR,SC,ASO,ES,Combined TRACON& Tower with Radar,16,20,13,6,55,0,8,8,3,19,16,28,21,9,74,4,0,4,78
01/09/2015,MYR,SC,ASO,ES,Combined TRACON& Tower with Radar,13,23,10,4,50,0,10,13,3,26,13,33,23,7,76,2,2,4,80
01/10/2015,MYR,SC,ASO,ES,Combined TRACON& Tower with Radar,22,13,14,16,65,0,90,27,6,123,22,103,41,22,188,24,8,32,220
01/11/2015,MYR,SC,ASO,ES,Combined TRACON& Tower with Radar,19,12,13,8,52,0,39,12,0,51,19,51,25,8,103,0,0,0,103
01/12/2015,MYR,SC,ASO,ES,Combined TRACON& Tower with Radar,13,20,7,4,44,0,0,0,0,0,13,20,7,4,44,0,0,0,44
01/13/2015,MYR,SC,ASO,ES,Combined TRACON& Tower with Radar,17,19,11,14,61,0,2,1,0,3,17,21,12,14,64,0,0,0,64
01/14/2015,MYR,SC,ASO,ES,Combined TRACON& Tower with Radar,16,20,6,8,50,0,0,0,0,0,16,20,6,8,50,0,0,0,50
01/15/2015,MYR,SC,ASO,ES,Combined TRACON& Tower with Radar,18,20,22,18,78,0,10,0,1,11,18,30,22,19,89,12,0,12,101
01/16/2015,MYR,SC,ASO,ES,Combined TRACON& Tower with Radar,16,27,24,11,78,0,38,31,2,71,16,65,55,13,149,4,40,44,193
01/17/2015,MYR,SC,ASO,ES,Combined TRACON& Tower with Radar,22,10,13,0,45,0,173,32,0,205,22,183,45,0,250,14,0,14,264
01/18/2015,MYR,SC,ASO,ES,Combined TRACON& Tower with Radar,17,10,3,0,30,0,132,11,2,145,17,142,14,2,175,3,0,3,178
01/19/2015,MYR,SC,ASO,ES,Combined TRACON& Tower with Radar,16,18,28,7,69,0,78,38,0,116,16,96,66,7,185,2,4,6,191
01/20/2015,MYR,SC,ASO,ES,Combined TRACON& Tower with Radar,16,20,17,10,63,0,31,12,0,43,16,51,29,10,106,0,10,10,116
01/21/2015,MYR,SC,ASO,ES,Combined TRACON& Tower with Radar,16,26,22,23,87,0,22,16,2,40,16,48,38,25,127,14,4,18,145
01/22/2015,MYR,SC,ASO,ES,Combined TRACON& Tower with Radar,16,21,30,17,84,0,25,33,12,70,16,46,63,29,154,10,8,18,172
01/23/2015,MYR,SC,ASO,ES,Combined TRACON& Tower with Radar,16,21,8,1,46,0,6,11,2,19,16,27,19,3,65,14,0,14,79
01/24/2015,MYR,SC,ASO,ES,Combined TRACON& Tower with Radar,21,11,9,2,43,0,18,8,1,27,21,29,17,3,70,8,0,8,78
01/25/2015,MYR,SC,ASO,ES,Combined TRACON& Tower with Radar,19,10,12,8,49,0,75,40,0,115,19,85,52,8,164,37,8,45,209
01/26/2015,MYR,SC,ASO,ES,Combined TRACON& Tower with Radar,14,16,10,1,41,0,6,22,0,28,14,22,32,1,69,14,0,14,83
01/27/2015,MYR,SC,ASO,ES,Combined TRACON& Tower with Radar,11,18,10,10,49,0,24,14,0,38,11,42,24,10,87,19,24,43,130
01/28/2015,MYR,SC,ASO,ES,Combined TRACON& Tower with Radar,15,25,14,2,56,0,8,15,0,23,15,33,29,2,79,11,2,13,92
01/29/2015,MYR,SC,ASO,ES,Combined TRACON& Tower with Radar,16,21,13,2,52,0,22,23,0,45,16,43,36,2,97,18,0,18,115
01/30/2015,MYR,SC,ASO,ES,Combined TRACON& Tower with Radar,15,22,15,26,78,0,60,12,4,76,15,82,27,30,154,0,10,10,164
01/31/2015,MYR,SC,ASO,ES,Combined TRACON& Tower with Radar,24,9,13,14,60,0,147,39,5,191,24,156,52,19,251,32,16,48,299
02/01/2015,MYR,SC,ASO,ES,Combined TRACON& Tower with Radar,16,6,18,8,48,0,71,12,0,83,16,77,30,8,131,22,0,22,153
02/02/2015,MYR,SC,ASO,ES,Combined TRACON& Tower with Radar,14,16,8,1,39,0,2,1,0,3,14,18,9,1,42,0,0,0,42
02/03/2015,MYR,SC,ASO,ES,Combined TRACON& Tower with Radar,21,20,12,23,76,0,24,23,0,47,21,44,35,23,123,2,0,2,125
02/04/2015,MYR,SC,ASO,ES,Combined TRACON& Tower with Radar,18,18,14,6,56,0,18,8,0,26,18,36,22,6,82,0,0,0,82
02/05/2015,MYR,SC,ASO,ES,Combined TRACON& Tower with Radar,18,23,18,3,62,0,8,10,0,18,18,31,28,3,80,2,0,2,82
02/06/2015,MYR,SC,ASO,ES,Combined TRACON& Tower with Radar,16,26,13,3,58,0,32,21,2,55,16,58,34,5,113,6,0,6,119
02/07/2015,MYR,SC,ASO,ES,Combined TRACON& Tower with Radar,22,11,21,6,60,0,163,30,2,195,22,174,51,8,255,14,0,14,269
02/08/2015,MYR,SC,ASO,ES,Combined TRACON& Tower with Radar,17,10,5,4,36,0,141,31,8,180,17,151,36,12,216,27,6,33,249
02/09/2015,MYR,SC,ASO,ES,Combined TRACON& Tower with Radar,13,16,6,14,49,0,56,8,2,66,13,72,14,16,115,20,4,24,139
02/10/2015,MYR,SC,ASO,ES,Combined TRACON& Tower with Radar,15,25,12,0,52,0,0,0,0,0,15,25,12,0,52,0,0,0,52
02/11/2015,MYR,SC,ASO,ES,Combined TRACON& Tower with Radar,16,21,26,8,71,0,48,29,0,77,16,69,55,8,148,32,0,32,180
02/12/2015,MYR,SC,ASO,ES,Combined TRACON& Tower with Radar,23,25,21,14,83,0,46,16,0,62,23,71,37,14,145,2,7,9,154
02/13/2015,MYR,SC,ASO,ES,Combined TRACON& Tower with Radar,25,22,21,0,68,0,75,38,0,113,25,97,59,0,181,0,0,0,181
02/14/2015,MYR,SC,ASO,ES,Combined TRACON& Tower with Radar,29,15,13,6,63,0,581,22,0,603,29,596,35,6,666,6,0,6,672
02/15/2015,MYR,SC,ASO,ES,Combined TRACON& Tower with Radar,25,13,16,0,54,0,309,21,0,330,25,322,37,0,384,18,0,18,402
02/16/2015,MYR,SC,ASO,ES,Combined TRACON& Tower with Radar,29,15,11,0,55,0,102,16,0,118,29,117,27,0,173,8,0,8,181
02/17/2015,MYR,SC,ASO,ES,Combined TRACON& Tower with Radar,18,20,5,2,45,0,12,2,0,14,18,32,7,2,59,0,0,0,59
02/18/2015,MYR,SC,ASO,ES,Combined TRACON& Tower with Radar,26,21,19,10,76,0,114,11,0,125,26,135,30,10,201,0,6,6,207
02/19/2015,MYR,SC,ASO,ES,Combined TRACON& Tower with Radar,30,20,10,9,69,0,46,10,2,58,30,66,20,11,127,0,0,0,127
02/20/2015,MYR,SC,ASO,ES,Combined TRACON& Tower with Radar,24,14,25,11,74,0,76,20,8,104,24,90,45,19,178,10,0,10,188
02/21/2015,MYR,SC,ASO,ES,Combined TRACON& Tower with Radar,28,14,18,10,70,0,79,12,0,91,28,93,30,10,161,0,0,0,161
02/22/2015,MYR,SC,ASO,ES,Combined TRACON& Tower with Radar,26,11,12,12,61,0,111,3,0,114,26,122,15,12,175,8,0,8,183
02/23/2015,MYR,SC,ASO,ES,Combined TRACON& Tower with Radar,24,25,12,0,61,0,0,0,0,0,24,25,12,0,61,0,0,0,61
02/24/2015,MYR,SC,ASO,ES,Combined TRACON& Tower with Radar,13,11,8,0,32,0,0,0,0,0,13,11,8,0,32,0,0,0,32
02/25/2015,MYR,SC,ASO,ES,Combined TRACON& Tower with Radar,24,15,15,0,54,0,38,2,6,46,24,53,17,6,100,0,0,0,100
02/26/2015,MYR,SC,ASO,ES,Combined TRACON& Tower with Radar,25,12,15,7,59,0,55,3,4,62,25,67,18,11,121,10,0,10,131
02/27/2015,MYR,SC,ASO,ES,Combined TRACON& Tower with Radar,25,16,13,35,89,0,131,34,0,165,25,147,47,35,254,22,0,22,276
02/28/2015,MYR,SC,ASO,ES,Combined TRACON& Tower with Radar,32,8,12,11,63,0,258,18,0,276,32,266,30,11,339,22,6,28,367
03/01/2015,MYR,SC,ASO,ES,Combined TRACON& Tower with Radar,29,15,16,0,60,0,81,2,0,83,29,96,18,0,143,0,0,0,143
03/02/2015,MYR,SC,ASO,ES,Combined TRACON& Tower with Radar,27,18,10,2,57,0,89,10,6,105,27,107,20,8,162,3,4,7,169
03/03/2015,MYR,SC,ASO,ES,Combined TRACON& Tower with Radar,19,18,23,21,81,0,12,6,0,18,19,30,29,21,99,0,0,0,99
03/04/2015,MYR,SC,ASO,ES,Combined TRACON& Tower with Radar,26,20,20,4,70,0,130,11,0,141,26,150,31,4,211,6,0,6,217
03/05/2015,MYR,SC,ASO,ES,Combined TRACON& Tower with Radar,32,18,20,12,82,0,96,2,0,98,32,114,22,12,180,0,0,0,180
03/06/2015,MYR,SC,ASO,ES,Combined TRACON& Tower with Radar,33,21,14,12,80,0,149,10,11,170,33,170,24,23,250,8,14,22,272
03/07/2015,MYR,SC,ASO,ES,Combined TRACON& Tower with Radar,39,13,18,20,90,0,357,52,6,415,39,370,70,26,505,24,16,40,545
03/08/2015,MYR,SC,ASO,ES,Combined TRACON& Tower with Radar,39,12,27,3,81,0,407,39,1,447,39,419,66,4,528,20,0,20,548
03/09/2015,MYR,SC,ASO,ES,Combined TRACON& Tower with Radar,33,20,10,27,90,0,254,19,4,277,33,274,29,31,367,7,8,15,382
03/10/2015,MYR,SC,ASO,ES,Combined TRACON& Tower with Radar,28,23,24,5,80,0,215,9,8,232,28,238,33,13,312,16,0,16,328
03/11/2015,MYR,SC,ASO,ES,Combined TRACON& Tower with Radar,32,27,18,5,82,0,251,9,0,260,32,278,27,5,342,32,0,32,374
03/12/2015,MYR,SC,ASO,ES,Combined TRACON& Tower with Radar,36,24,19,16,95,0,190,15,0,205,36,214,34,16,300,8,8,16,316
03/13/2015,MYR,SC,ASO,ES,Combined TRACON& Tower with Radar,36,25,13,6,80,0,169,12,2,183,36,194,25,8,263,0,4,4,267
03/14/2015,MYR,SC,ASO,ES,Combined TRACON& Tower with Radar,41,15,7,0,63,0,2,2,0,4,41,17,9,0,67,0,0,0,67
03/15/2015,MYR,SC,ASO,ES,Combined TRACON& Tower with Radar,38,25,13,6,82,0,430,25,1,456,38,455,38,7,538,6,0,6,544
03/16/2015,MYR,SC,ASO,ES,Combined TRACON& Tower with Radar,33,18,27,0,78,0,429,36,0,465,33,447,63,0,543,22,0,22,565
03/17/2015,MYR,SC,ASO,ES,Combined TRACON& Tower with Radar,33,23,18,19,93,0,323,28,0,351,33,346,46,19,444,4,2,6,450
03/18/2015,MYR,SC,ASO,ES,Combined TRACON& Tower with Radar,36,25,28,4,93,0,427,30,1,458,36,452,58,5,551,14,0,14,565
03/19/2015,MYR,SC,ASO,ES,Combined TRACON& Tower with Radar,35,25,22,10,92,0,118,15,0,133,35,143,37,10,225,0,6,6,231
03/20/2015,MYR,SC,ASO,ES,Combined TRACON& Tower with Radar,34,19,28,0,81,0,225,16,0,241,34,244,44,0,322,0,0,0,322
03/21/2015,MYR,SC,ASO,ES,Combined TRACON& Tower with Radar,42,14,38,6,100,0,522,52,2,576,42,536,90,8,676,0,0,0,676
03/22/2015,MYR,SC,ASO,ES,Combined TRACON& Tower with Radar,34,16,27,2,79,0,44,3,0,47,34,60,30,2,126,0,0,0,126
03/23/2015,MYR,SC,ASO,ES,Combined TRACON& Tower with Radar,32,19,21,6,78,0,105,1,0,106,32,124,22,6,184,0,0,0,184
03/24/2015,MYR,SC,ASO,ES,Combined TRACON& Tower with Radar,28,19,23,0,70,0,331,27,2,360,28,350,50,2,430,34,0,34,464
03/25/2015,MYR,SC,ASO,ES,Combined TRACON& Tower with Radar,34,23,34,4,95,0,338,1,0,339,34,361,35,4,434,4,0,4,438
03/26/2015,MYR,SC,ASO,ES,Combined TRACON& Tower with Radar,36,22,19,16,93,0,186,4,2,192,36,208,23,18,285,19,12,31,316
03/27/2015,MYR,SC,ASO,ES,Combined TRACON& Tower with Radar,34,24,22,0,80,0,146,2,0,148,34,170,24,0,228,0,0,0,228
03/28/2015,MYR,SC,ASO,ES,Combined TRACON& Tower with Radar,42,15,23,0,80,0,497,30,0,527,42,512,53,0,607,38,0,38,645
03/29/2015,MYR,SC,ASO,ES,Combined TRACON& Tower with Radar,39,15,26,0,80,0,505,32,2,539,39,520,58,2,619,24,0,24,643
03/30/2015,MYR,SC,ASO,ES,Combined TRACON& Tower with Radar,34,20,19,0,73,0,305,5,2,312,34,325,24,2,385,4,0,4,389
03/31/2015,MYR,SC,ASO,ES,Combined TRACON& Tower with Radar,30,22,28,11,91,0,529,28,0,557,30,551,56,11,648,8,26,34,682
04/01/2015,MYR,SC,ASO,ES,Combined TRACON& Tower with Radar,34,23,13,3,73,0,644,19,0,663,34,667,32,3,736,0,0,0,736
04/02/2015,MYR,SC,ASO,ES,Combined TRACON& Tower with Radar,38,19,28,4,89,0,566,23,0,589,38,585,51,4,678,14,0,14,692
04/03/2015,MYR,SC,ASO,ES,Combined TRACON& Tower with Radar,37,19,17,0,73,0,686,18,0,704,37,705,35,0,777,0,0,0,777
04/04/2015,MYR,SC,ASO,ES,Combined TRACON& Tower with Radar,36,21,20,2,79,0,884,12,0,896,36,905,32,2,975,0,0,0,975
04/05/2015,MYR,SC,ASO,ES,Combined TRACON& Tower with Radar,45,40,18,0,103,0,809,26,2,837,45,849,44,2,940,0,0,0,940
04/06/2015,MYR,SC,ASO,ES,Combined TRACON& Tower with Radar,33,38,26,10,107,0,687,24,6,717,33,725,50,16,824,2,4,6,830
04/07/2015,MYR,SC,ASO,ES,Combined TRACON& Tower with Radar,32,20,15,4,71,0,594,4,0,598,32,614,19,4,669,0,0,0,669
04/08/2015,MYR,SC,ASO,ES,Combined TRACON& Tower with Radar,33,24,17,7,81,0,710,8,1,719,33,734,25,8,800,10,4,14,814
04/09/2015,MYR,SC,ASO,ES,Combined TRACON& Tower with Radar,38,22,25,3,88,0,829,17,2,848,38,851,42,5,936,0,6,6,942
04/10/2015,MYR,SC,ASO,ES,Combined TRACON& Tower with Radar,33,26,17,18,94,0,760,14,0,774,33,786,31,18,868,14,16,30,898
04/11/2015,MYR,SC,ASO,ES,Combined TRACON& Tower with Radar,43,19,22,2,86,0,734,14,2,750,43,753,36,4,836,0,0,0,836
04/12/2015,MYR,SC,ASO,ES,Combined TRACON& Tower with Radar,45,14,28,4,91,0,528,17,2,547,45,542,45,6,638,0,0,0,638
04/13/2015,MYR,SC,ASO,ES,Combined TRACON& Tower with Radar,37,20,22,9,88,0,84,3,6,93,37,104,25,15,181,10,6,16,197
04/14/2015,MYR,SC,ASO,ES,Combined TRACON& Tower with Radar,34,20,19,12,85,0,51,5,2,58,34,71,24,14,143,0,0,0,143
04/15/2015,MYR,SC,ASO,ES,Combined TRACON& Tower with Radar,36,23,8,4,71,0,55,2,0,57,36,78,10,4,128,0,0,0,128
04/16/2015,MYR,SC,ASO,ES,Combined TRACON& Tower with Radar,50,18,21,17,106,0,56,2,0,58,50,74,23,17,164,0,0,0,164
04/17/2015,MYR,SC,ASO,ES,Combined TRACON& Tower with Radar,49,23,25,22,119,0,246,6,5,257,49,269,31,27,376,0,9,9,385
04/18/2015,MYR,SC,ASO,ES,Combined TRACON& Tower with Radar,57,17,12,0,86,0,515,3,0,518,57,532,15,0,604,0,0,0,604
04/19/2015,MYR,SC,ASO,ES,Combined TRACON& Tower with Radar,57,13,20,0,90,0,252,10,0,262,57,265,30,0,352,0,0,0,352
04/20/2015,MYR,SC,ASO,ES,Combined TRACON& Tower with Radar,42,15,16,20,93,0,154,3,1,158,42,169,19,21,251,0,4,4,255
04/21/2015,MYR,SC,ASO,ES,Combined TRACON& Tower with Radar,42,20,16,1,79,0,282,19,2,303,42,302,35,3,382,4,4,8,390
04/22/2015,MYR,SC,ASO,ES,Combined TRACON& Tower with Radar,45,22,16,2,85,0,276,29,4,309,45,298,45,6,394,22,0,22,416
04/23/2015,MYR,SC,ASO,ES,Combined TRACON& Tower with Radar,50,24,36,22,132,0,217,29,1,247,50,241,65,23,379,8,0,8,387
04/24/2015,MYR,SC,ASO,ES,Combined TRACON& Tower with Radar,50,19,22,9,100,14,358,35,3,410,64,377,57,12,510,8,10,18,528
04/25/2015,MYR,SC,ASO,ES,Combined TRACON& Tower with Radar,54,17,13,8,92,18,255,14,0,287,72,272,27,8,379,0,0,0,379
04/26/2015,MYR,SC,ASO,ES,Combined TRACON& Tower with Radar,55,20,44,0,119,0,342,11,3,356,55,362,55,3,475,0,0,0,475
04/27/2015,MYR,SC,ASO,ES,Combined TRACON& Tower with Radar,45,20,18,11,94,0,240,24,0,264,45,260,42,11,358,6,6,12,370
04/28/2015,MYR,SC,ASO,ES,Combined TRACON& Tower with Radar,42,22,25,8,97,0,262,11,0,273,42,284,36,8,370,0,0,0,370
04/29/2015,MYR,SC,ASO,ES,Combined TRACON& Tower with Radar,44,26,25,2,97,0,35,3,0,38,44,61,28,2,135,0,0,0,135
04/30/2015,MYR,SC,ASO,ES,Combined TRACON& Tower with Radar,54,28,21,21,124,0,181,12,0,193,54,209,33,21,317,14,0,14,331
05/01/2015,MYR,SC,ASO,ES,Combined TRACON& Tower with Radar,46,23,23,0,92,0,230,26,5,261,46,253,49,5,353,4,0,4,357
05/02/2015,MYR,SC,ASO,ES,Combined TRACON& Tower with Radar,59,11,28,14,112,0,553,37,0,590,59,564,65,14,702,0,0,0,702
05/03/2015,MYR,SC,ASO,ES,Combined TRACON& Tower with Radar,56,16,26,0,98,0,415,43,0,458,56,431,69,0,556,6,0,6,562
05/04/2015,MYR,SC,ASO,ES,Combined TRACON& Tower with Radar,44,17,17,26,104,0,268,24,6,298,44,285,41,32,402,16,28,44,446
05/05/2015,MYR,SC,ASO,ES,Combined TRACON& Tower with Radar,44,23,18,9,94,0,368,21,1,390,44,391,39,10,484,10,6,16,500
05/06/2015,MYR,SC,ASO,ES,Combined TRACON& Tower with Radar,48,23,27,13,111,0,273,26,2,301,48,296,53,15,412,0,26,26,438
05/07/2015,MYR,SC,ASO,ES,Combined TRACON& Tower with Radar,52,18,27,1,98,0,69,0,0,69,52,87,27,1,167,0,0,0,167
05/08/2015,MYR,SC,ASO,ES,Combined TRACON& Tower with Radar,50,18,11,0,79,0,202,2,0,204,50,220,13,0,283,6,0,6,289
05/09/2015,MYR,SC,ASO,ES,Combined TRACON& Tower with Radar,58,14,3,2,77,0,54,0,0,54,58,68,3,2,131,0,0,0,131
05/10/2015,MYR,SC,ASO,ES,Combined TRACON& Tower with Radar,58,8,2,0,68,0,0,1,0,1,58,8,3,0,69,0,0,0,69
05/11/2015,MYR,SC,ASO,ES,Combined TRACON& Tower with Radar,49,15,17,13,94,0,146,1,0,147,49,161,18,13,241,0,0,0,241
05/12/2015,MYR,SC,ASO,ES,Combined TRACON& Tower with Radar,43,16,18,12,89,0,281,16,2,299,43,297,34,14,388,0,0,0,388
05/13/2015,MYR,SC,ASO,ES,Combined TRACON& Tower with Radar,48,20,23,30,121,0,269,24,4,297,48,289,47,34,418,0,8,8,426
05/14/2015,MYR,SC,ASO,ES,Combined TRACON& Tower with Radar,54,18,13,10,95,0,328,18,4,350,54,346,31,14,445,6,0,6,451
05/15/2015,MYR,SC,ASO,ES,Combined TRACON& Tower with Radar,50,14,21,36,121,0,439,23,6,468,50,453,44,42,589,14,10,24,613
05/16/2015,MYR,SC,ASO,ES,Combined TRACON& Tower with Radar,60,11,20,16,107,0,700,37,7,744,60,711,57,23,851,11,0,11,862
05/17/2015,MYR,SC,ASO,ES,Combined TRACON& Tower with Radar,61,7,15,4,87,0,568,15,0,583,61,575,30,4,670,5,0,5,675
05/18/2015,MYR,SC,ASO,ES,Combined TRACON& Tower with Radar,50,13,26,2,91,0,399,22,0,421,50,412,48,2,512,28,0,28,540
05/19/2015,MYR,SC,ASO,ES,Combined TRACON& Tower with Radar,46,17,27,4,94,0,318,23,4,345,46,335,50,8,439,1,8,9,448
05/20/2015,MYR,SC,ASO,ES,Combined TRACON& Tower with Radar,48,21,12,4,85,0,200,19,0,219,48,221,31,4,304,0,8,8,312
05/21/2015,MYR,SC,ASO,ES,Combined TRACON& Tower with Radar,55,16,21,0,92,0,298,10,6,314,55,314,31,6,406,0,0,0,406
05/22/2015,MYR,SC,ASO,ES,Combined TRACON& Tower with Radar,49,19,18,4,90,0,470,39,32,541,49,489,57,36,631,2,2,4,635
05/23/2015,MYR,SC,ASO,ES,Combined TRACON& Tower with Radar,65,15,15,2,97,0,876,21,41,938,65,891,36,43,1035,6,0,6,1041
05/24/2015,MYR,SC,ASO,ES,Combined TRACON& Tower with Radar,61,4,5,6,76,0,1411,23,31,1465,61,1415,28,37,1541,0,4,4,1545
05/25/2015,MYR,SC,ASO,ES,Combined TRACON& Tower with Radar,47,15,20,0,82,2,828,24,1,855,49,843,44,1,937,0,0,0,937
05/26/2015,MYR,SC,ASO,ES,Combined TRACON& Tower with Radar,42,20,26,35,123,0,368,15,1,384,42,388,41,36,507,18,10,28,535
05/27/2015,MYR,SC,ASO,ES,Combined TRACON& Tower with Radar,49,16,26,8,99,0,390,13,4,407,49,406,39,12,506,8,0,8,514
05/28/2015,MYR,SC,ASO,ES,Combined TRACON& Tower with Radar,49,24,30,23,126,0,421,20,1,442,49,445,50,24,568,18,8,26,594
05/29/2015,MYR,SC,ASO,ES,Combined TRACON& Tower with Radar,49,17,31,12,109,0,443,38,2,483,49,460,69,14,592,26,22,48,640
05/30/2015,MYR,SC,ASO,ES,Combined TRACON& Tower with Radar,62,13,26,2,103,0,707,33,0,740,62,720,59,2,843,4,0,4,847
05/31/2015,MYR,SC,ASO,ES,Combined TRACON& Tower with Radar,59,6,24,2,91,0,611,20,0,631,59,617,44,2,722,4,0,4,726
06/01/2015,MYR,SC,ASO,ES,Combined TRACON& Tower with Radar,53,16,13,13,95,0,470,11,3,484,53,486,24,16,579,6,0,6,585
06/02/2015,MYR,SC,ASO,ES,Combined TRACON& Tower with Radar,41,16,17,11,85,0,261,6,2,269,41,277,23,13,354,8,6,14,368
06/03/2015,MYR,SC,ASO,ES,Combined TRACON& Tower with Radar,52,16,14,0,82,0,432,5,0,437,52,448,19,0,519,0,0,0,519
06/04/2015,MYR,SC,ASO,ES,Combined TRACON& Tower with Radar,66,9,27,14,116,0,545,6,0,551,66,554,33,14,667,0,0,0,667
06/05/2015,MYR,SC,ASO,ES,Combined TRACON& Tower with Radar,58,12,35,31,136,0,588,20,1,609,58,600,55,32,745,4,2,6,751
06/06/2015,MYR,SC,ASO,ES,Combined TRACON& Tower with Radar,89,19,29,1,138,0,704,50,3,757,89,723,79,4,895,9,0,9,904
06/07/2015,MYR,SC,ASO,ES,Combined TRACON& Tower with Radar,72,6,10,10,98,0,704,25,0,729,72,710,35,10,827,0,0,0,827
06/08/2015,MYR,SC,ASO,ES,Combined TRACON& Tower with Radar,58,12,5,10,85,0,519,19,0,538,58,531,24,10,623,0,0,0,623
06/09/2015,MYR,SC,ASO,ES,Combined TRACON& Tower with Radar,48,14,13,3,78,0,358,11,1,370,48,372,24,4,448,4,0,4,452
06/10/2015,MYR,SC,ASO,ES,Combined TRACON& Tower with Radar,54,14,32,14,114,0,713,19,2,734,54,727,51,16,848,0,26,26,874
06/11/2015,MYR,SC,ASO,ES,Combined TRACON& Tower with Radar,63,12,30,13,118,0,733,44,3,780,63,745,74,16,898,0,8,8,906
06/12/2015,MYR,SC,ASO,ES,Combined TRACON& Tower with Radar,58,13,25,18,114,0,608,25,4,637,58,621,50,22,751,0,0,0,751
06/13/2015,MYR,SC,ASO,ES,Combined TRACON& Tower with Radar,86,19,20,6,131,0,908,29,2,939,86,927,49,8,1070,0,2,2,1072
06/14/2015,MYR,SC,ASO,ES,Combined TRACON& Tower with Radar,71,9,24,6,110,0,805,30,0,835,71,814,54,6,945,0,12,12,957
06/15/2015,MYR,SC,ASO,ES,Combined TRACON& Tower with Radar,54,13,14,7,88,0,628,26,0,654,54,641,40,7,742,10,0,10,752
06/16/2015,MYR,SC,ASO,ES,Combined TRACON& Tower with Radar,43,20,19,6,88,0,753,24,1,778,43,773,43,7,866,3,0,3,869
06/17/2015,MYR,SC,ASO,ES,Combined TRACON& Tower with Radar,49,16,15,10,90,0,788,15,10,813,49,804,30,20,903,11,0,11,914
06/18/2015,MYR,SC,ASO,ES,Combined TRACON& Tower with Radar,59,16,22,3,100,0,701,21,1,723,59,717,43,4,823,11,6,17,840
06/19/2015,MYR,SC,ASO,ES,Combined TRACON& Tower with Radar,67,13,29,5,114,0,926,16,0,942,67,939,45,5,1056,9,0,9,1065
06/20/2015,MYR,SC,ASO,ES,Combined TRACON& Tower with Radar,86,18,30,4,138,0,1046,26,0,1072,86,1064,56,4,1210,0,0,0,1210
06/21/2015,MYR,SC,ASO,ES,Combined TRACON& Tower with Radar,66,8,21,0,95,0,899,18,0,917,66,907,39,0,1012,4,0,4,1016
06/22/2015,MYR,SC,ASO,ES,Combined TRACON& Tower with Radar,57,11,15,15,98,0,526,10,0,536,57,537,25,15,634,0,0,0,634
06/23/2015,MYR,SC,ASO,ES,Combined TRACON& Tower with Radar,42,13,23,12,90,0,1000,7,4,1011,42,1013,30,16,1101,0,12,12,1113
06/24/2015,MYR,SC,ASO,ES,Combined TRACON& Tower with Radar,56,14,20,6,96,0,1022,7,0,1029,56,1036,27,6,1125,2,0,2,1127
06/25/2015,MYR,SC,ASO,ES,Combined TRACON& Tower with Radar,65,24,26,16,131,0,1081,9,5,1095,65,1105,35,21,1226,6,36,42,1268
06/26/2015,MYR,SC,ASO,ES,Combined TRACON& Tower with Radar,60,17,13,13,103,0,939,20,1,960,60,956,33,14,1063,0,24,24,1087
06/27/2015,MYR,SC,ASO,ES,Combined TRACON& Tower with Radar,88,32,2,0,122,0,868,8,0,876,88,900,10,0,998,2,0,2,1000
06/28/2015,MYR,SC,ASO,ES,Combined TRACON& Tower with Radar,72,8,11,2,93,0,739,9,2,750,72,747,20,4,843,0,0,0,843
06/29/2015,MYR,SC,ASO,ES,Combined TRACON& Tower with Radar,62,12,28,3,105,0,817,25,2,844,62,829,53,5,949,8,0,8,957
06/30/2015,MYR,SC,ASO,ES,Combined TRACON& Tower with Radar,46,23,10,16,95,0,967,21,8,996,46,990,31,24,1091,0,0,0,1091
07/01/2015,MYR,SC,ASO,ES,Combined TRACON& Tower with Radar,59,17,18,22,116,0,1065,11,6,1082,59,1082,29,28,1198,0,0,0,1198
07/02/2015,MYR,SC,ASO,ES,Combined TRACON& Tower with Radar,62,15,29,2,108,0,1058,22,2,1082,62,1073,51,4,1190,3,4,7,1197
07/03/2015,MYR,SC,ASO,ES,Combined TRACON& Tower with Radar,56,18,16,0,90,0,1018,8,0,1026,56,1036,24,0,1116,4,0,4,1120
07/04/2015,MYR,SC,ASO,ES,Combined TRACON& Tower with Radar,84,16,19,0,119,0,1803,19,5,1827,84,1819,38,5,1946,0,0,0,1946
07/05/2015,MYR,SC,ASO,ES,Combined TRACON& Tower with Radar,79,9,22,0,110,0,1664,10,0,1674,79,1673,32,0,1784,6,0,6,1790
07/06/2015,MYR,SC,ASO,ES,Combined TRACON& Tower with Radar,59,10,23,11,103,0,1000,12,4,1016,59,1010,35,15,1119,0,16,16,1135
07/07/2015,MYR,SC,ASO,ES,Combined TRACON& Tower with Radar,50,15,19,8,92,0,1018,19,0,1037,50,1033,38,8,1129,2,0,2,1131
07/08/2015,MYR,SC,ASO,ES,Combined TRACON& Tower with Radar,61,12,19,4,96,0,1098,9,2,1109,61,1110,28,6,1205,0,0,0,1205
07/09/2015,MYR,SC,ASO,ES,Combined TRACON& Tower with Radar,66,8,19,20,113,30,1042,20,2,1094,96,1050,39,22,1207,2,0,2,1209
07/10/2015,MYR,SC,ASO,ES,Combined TRACON& Tower with Radar,61,12,22,32,127,4,1058,25,2,1089,65,1070,47,34,1216,0,6,6,1222
07/11/2015,MYR,SC,ASO,ES,Combined TRACON& Tower with Radar,99,17,10,0,126,0,898,33,0,931,99,915,43,0,1057,2,0,2,1059
07/12/2015,MYR,SC,ASO,ES,Combined TRACON& Tower with Radar,77,20,24,11,132,0,942,28,0,970,77,962,52,11,1102,2,8,10,1112
07/13/2015,MYR,SC,ASO,ES,Combined TRACON& Tower with Radar,56,11,16,2,85,0,558,4,2,564,56,569,20,4,649,0,0,0,649
07/14/2015,MYR,SC,ASO,ES,Combined TRACON& Tower with Radar,52,10,10,14,86,0,915,4,0,919,52,925,14,14,1005,0,0,0,1005
07/15/2015,MYR,SC,ASO,ES,Combined TRACON& Tower with Radar,61,12,21,10,104,1,1152,15,4,1172,62,1164,36,14,1276,0,26,26,1302
07/16/2015,MYR,SC,ASO,ES,Combined TRACON& Tower with Radar,66,12,25,11,114,0,1350,25,3,1378,66,1362,50,14,1492,0,2,2,1494
07/17/2015,MYR,SC,ASO,ES,Combined TRACON& Tower with Radar,60,12,25,0,97,0,1247,12,0,1259,60,1259,37,0,1356,0,0,0,1356
07/18/2015,MYR,SC,ASO,ES,Combined TRACON& Tower with Radar,90,24,14,1,129,0,1307,38,0,1345,90,1331,52,1,1474,26,0,26,1500
07/19/2015,MYR,SC,ASO,ES,Combined TRACON& Tower with Radar,82,6,23,1,112,0,1010,20,0,1030,82,1016,43,1,1142,12,0,12,1154
07/20/2015,MYR,SC,ASO,ES,Combined TRACON& Tower with Radar,58,12,19,8,97,0,1012,21,2,1035,58,1024,40,10,1132,22,0,22,1154
07/21/2015,MYR,SC,ASO,ES,Combined TRACON& Tower with Radar,51,13,21,30,115,0,1025,12,1,1038,51,1038,33,31,1153,2,0,2,1155
07/22/2015,MYR,SC,ASO,ES,Combined TRACON& Tower with Radar,61,11,16,5,93,4,1301,24,0,1329,65,1312,40,5,1422,12,10,22,1444
07/23/2015,MYR,SC,ASO,ES,Combined TRACON& Tower with Radar,68,10,23,1,102,0,1036,6,0,1042,68,1046,29,1,1144,12,0,12,1156
07/24/2015,MYR,SC,ASO,ES,Combined TRACON& Tower with Radar,60,16,32,8,116,0,1089,3,0,1092,60,1105,35,8,1208,0,0,0,1208
07/25/2015,MYR,SC,ASO,ES,Combined TRACON& Tower with Radar,95,16,38,0,149,0,1480,24,0,1504,95,1496,62,0,1653,2,0,2,1655
07/26/2015,MYR,SC,ASO,ES,Combined TRACON& Tower with Radar,77,14,17,6,114,0,996,20,0,1016,77,1010,37,6,1130,0,0,0,1130
07/27/2015,MYR,SC,ASO,ES,Combined TRACON& Tower with Radar,63,10,25,13,111,0,898,7,4,909,63,908,32,17,1020,0,0,0,1020
07/28/2015,MYR,SC,ASO,ES,Combined TRACON& Tower with Radar,49,17,22,4,92,0,1211,22,1,1234,49,1228,44,5,1326,10,22,32,1358
07/29/2015,MYR,SC,ASO,ES,Combined TRACON& Tower with Radar,61,12,15,2,90,0,1301,7,0,1308,61,1313,22,2,1398,4,0,4,1402
07/30/2015,MYR,SC,ASO,ES,Combined TRACON& Tower with Radar,64,17,26,12,119,0,1329,15,2,1346,64,1346,41,14,1465,0,0,0,1465
07/31/2015,MYR,SC,ASO,ES,Combined TRACON& Tower with Radar,60,21,31,0,112,0,1200,14,0,1214,60,1221,45,0,1326,0,0,0,1326
08/01/2015,MYR,SC,ASO,ES,Combined TRACON& Tower with Radar,92,19,18,2,131,0,1389,21,0,1410,92,1408,39,2,1541,2,0,2,1543
08/02/2015,MYR,SC,ASO,ES,Combined TRACON& Tower with Radar,81,9,13,1,104,0,1298,12,0,1310,81,1307,25,1,1414,10,0,10,1424
08/03/2015,MYR,SC,ASO,ES,Combined TRACON& Tower with Radar,56,16,10,9,91,0,582,5,0,587,56,598,15,9,678,0,4,4,682
08/04/2015,MYR,SC,ASO,ES,Combined TRACON& Tower with Radar,51,17,22,10,100,0,1021,4,0,1025,51,1038,26,10,1125,0,0,0,1125
08/05/2015,MYR,SC,ASO,ES,Combined TRACON& Tower with Radar,61,10,26,15,112,0,1218,18,3,1239,61,1228,44,18,1351,0,10,10,1361
08/06/2015,MYR,SC,ASO,ES,Combined TRACON& Tower with Radar,65,15,10,12,102,0,1236,16,5,1257,65,1251,26,17,1359,6,16,22,1381
08/07/2015,MYR,SC,ASO,ES,Combined TRACON& Tower with Radar,60,17,17,12,106,0,1199,11,2,1212,60,1216,28,14,1318,12,14,26,1344
08/08/2015,MYR,SC,ASO,ES,Combined TRACON& Tower with Radar,92,23,25,0,140,0,1270,8,0,1278,92,1293,33,0,1418,0,0,0,1418
08/09/2015,MYR,SC,ASO,ES,Combined TRACON& Tower with Radar,79,7,14,0,100,0,1155,23,0,1178,79,1162,37,0,1278,0,0,0,1278
08/10/2015,MYR,SC,ASO,ES,Combined TRACON& Tower with Radar,58,17,15,12,102,0,1084,8,2,1094,58,1101,23,14,1196,8,6,14,1210
08/11/2015,MYR,SC,ASO,ES,Combined TRACON& Tower with Radar,45,13,15,0,73,0,951,6,0,957,45,964,21,0,1030,14,0,14,1044
08/12/2015,MYR,SC,ASO,ES,Combined TRACON& Tower with Radar,57,16,20,15,108,0,1202,14,1,1217,57,1218,34,16,1325,0,14,14,1339
08/13/2015,MYR,SC,ASO,ES,Combined TRACON& Tower with Radar,64,16,31,0,111,0,1305,24,0,1329,64,1321,55,0,1440,4,0,4,1444
08/14/2015,MYR,SC,ASO,ES,Combined TRACON& Tower with Radar,60,17,19,1,97,0,1142,28,0,1170,60,1159,47,1,1267,27,0,27,1294
08/15/2015,MYR,SC,ASO,ES,Combined TRACON& Tower with Radar,89,17,21,0,127,0,1386,33,0,1419,89,1403,54,0,1546,1,0,1,1547
08/16/2015,MYR,SC,ASO,ES,Combined TRACON& Tower with Radar,78,11,18,8,115,0,1211,18,0,1229,78,1222,36,8,1344,0,0,0,1344
08/17/2015,MYR,SC,ASO,ES,Combined TRACON& Tower with Radar,56,18,10,8,92,0,989,7,2,998,56,1007,17,10,1090,0,2,2,1092
08/18/2015,MYR,SC,ASO,ES,Combined TRACON& Tower with Radar,44,12,18,0,74,0,355,4,0,359,44,367,22,0,433,10,0,10,443
08/19/2015,MYR,SC,ASO,ES,Combined TRACON& Tower with Radar,42,16,18,6,82,0,800,1,2,803,42,816,19,8,885,14,8,22,907
08/20/2015,MYR,SC,ASO,ES,Combined TRACON& Tower with Radar,62,13,17,18,110,0,1014,11,0,1025,62,1027,28,18,1135,8,0,8,1143
08/21/2015,MYR,SC,ASO,ES,Combined TRACON& Tower with Radar,50,17,19,16,102,0,882,18,0,900,50,899,37,16,1002,0,2,2,1004
08/22/2015,MYR,SC,ASO,ES,Combined TRACON& Tower with Radar,75,17,28,0,120,0,1476,22,0,1498,75,1493,50,0,1618,2,0,2,1620
08/23/2015,MYR,SC,ASO,ES,Combined TRACON& Tower with Radar,65,7,20,17,109,0,1000,20,1,1021,65,1007,40,18,1130,0,0,0,1130
08/24/2015,MYR,SC,ASO,ES,Combined TRACON& Tower with Radar,53,10,16,2,81,0,682,15,1,698,53,692,31,3,779,2,0,2,781
08/25/2015,MYR,SC,ASO,ES,Combined TRACON& Tower with Radar,44,21,23,7,95,0,502,4,0,506,44,523,27,7,601,0,2,2,603
08/26/2015,MYR,SC,ASO,ES,Combined TRACON& Tower with Radar,49,14,22,0,85,0,208,4,0,212,49,222,26,0,297,0,0,0,297
08/27/2015,MYR,SC,ASO,ES,Combined TRACON& Tower with Radar,63,17,22,4,106,0,550,3,0,553,63,567,25,4,659,0,0,0,659
08/28/2015,MYR,SC,ASO,ES,Combined TRACON& Tower with Radar,48,14,17,21,100,0,695,24,3,722,48,709,41,24,822,16,8,24,846
08/29/2015,MYR,SC,ASO,ES,Combined TRACON& Tower with Radar,69,16,8,3,96,0,1019,14,0,1033,69,1035,22,3,1129,0,4,4,1133
08/30/2015,MYR,SC,ASO,ES,Combined TRACON& Tower with Radar,67,6,16,0,89,0,292,2,6,300,67,298,18,6,389,0,0,0,389
08/31/2015,MYR,SC,ASO,ES,Combined TRACON& Tower with Radar,50,8,11,1,70,0,108,3,0,111,50,116,14,1,181,0,0,0,181
09/01/2015,MYR,SC,ASO,ES,Combined TRACON& Tower with Radar,46,14,18,0,78,0,329,18,0,347,46,343,36,0,425,8,0,8,433
09/02/2015,MYR,SC,ASO,ES,Combined TRACON& Tower with Radar,52,13,14,0,79,0,350,19,0,369,52,363,33,0,448,0,0,0,448
09/03/2015,MYR,SC,ASO,ES,Combined TRACON& Tower with Radar,63,12,16,5,96,0,305,22,0,327,63,317,38,5,423,5,2,7,430
09/04/2015,MYR,SC,ASO,ES,Combined TRACON& Tower with Radar,51,14,19,0,84,0,394,18,0,412,51,408,37,0,496,5,0,5,501
09/05/2015,MYR,SC,ASO,ES,Combined TRACON& Tower with Radar,54,15,17,0,86,0,994,12,2,1008,54,1009,29,2,1094,21,0,21,1115
09/06/2015,MYR,SC,ASO,ES,Combined TRACON& Tower with Radar,64,6,8,0,78,0,1259,3,0,1262,64,1265,11,0,1340,16,0,16,1356
09/07/2015,MYR,SC,ASO,ES,Combined TRACON& Tower with Radar,49,10,12,0,71,0,603,11,0,614,49,613,23,0,685,0,0,0,685
09/08/2015,MYR,SC,ASO,ES,Combined TRACON& Tower with Radar,46,17,26,30,119,0,393,5,0,398,46,410,31,30,517,12,2,14,531
09/09/2015,MYR,SC,ASO,ES,Combined TRACON& Tower with Radar,50,16,19,17,102,0,375,15,0,390,50,391,34,17,492,12,0,12,504
09/10/2015,MYR,SC,ASO,ES,Combined TRACON& Tower with Radar,56,17,15,0,88,0,396,26,1,423,56,413,41,1,511,16,8,24,535
09/11/2015,MYR,SC,ASO,ES,Combined TRACON& Tower with Radar,54,16,28,2,100,5,371,12,0,388,59,387,40,2,488,0,22,22,510
09/12/2015,MYR,SC,ASO,ES,Combined TRACON& Tower with Radar,56,6,6,0,68,0,609,7,4,620,56,615,13,4,688,14,0,14,702
09/13/2015,MYR,SC,ASO,ES,Combined TRACON& Tower with Radar,63,8,27,0,98,0,542,24,0,566,63,550,51,0,664,0,0,0,664
09/14/2015,MYR,SC,ASO,ES,Combined TRACON& Tower with Radar,46,15,8,15,84,0,316,20,7,343,46,331,28,22,427,0,2,2,429
09/15/2015,MYR,SC,ASO,ES,Combined TRACON& Tower with Radar,41,10,22,4,77,0,255,28,0,283,41,265,50,4,360,19,0,19,379
09/16/2015,MYR,SC,ASO,ES,Combined TRACON& Tower with Radar,39,17,18,6,80,0,410,22,2,434,39,427,40,8,514,12,0,12,526
09/17/2015,MYR,SC,ASO,ES,Combined TRACON& Tower with Radar,49,15,28,2,94,0,302,19,8,329,49,317,47,10,423,4,0,4,427
09/18/2015,MYR,SC,ASO,ES,Combined TRACON& Tower with Radar,49,18,20,0,87,0,417,16,0,433,49,435,36,0,520,0,0,0,520
09/19/2015,MYR,SC,ASO,ES,Combined TRACON& Tower with Radar,56,7,11,1,75,0,706,25,0,731,56,713,36,1,806,16,0,16,822
09/20/2015,MYR,SC,ASO,ES,Combined TRACON& Tower with Radar,52,10,13,3,78,0,467,33,0,500,52,477,46,3,578,22,0,22,600
09/21/2015,MYR,SC,ASO,ES,Combined TRACON& Tower with Radar,44,15,12,21,92,0,275,13,1,289,44,290,25,22,381,10,6,16,397
09/22/2015,MYR,SC,ASO,ES,Combined TRACON& Tower with Radar,41,16,13,3,73,0,301,7,1,309,41,317,20,4,382,2,0,2,384
09/23/2015,MYR,SC,ASO,ES,Combined TRACON& Tower with Radar,39,14,24,25,102,0,322,12,3,337,39,336,36,28,439,6,12,18,457
09/24/2015,MYR,SC,ASO,ES,Combined TRACON& Tower with Radar,50,12,15,4,81,0,44,3,0,47,50,56,18,4,128,0,0,0,128
09/25/2015,MYR,SC,ASO,ES,Combined TRACON& Tower with Radar,43,11,5,1,60,0,157,1,0,158,43,168,6,1,218,0,0,0,218
09/26/2015,MYR,SC,ASO,ES,Combined TRACON& Tower with Radar,58,8,11,0,77,0,394,2,0,396,58,402,13,0,473,0,0,0,473
09/27/2015,MYR,SC,ASO,ES,Combined TRACON& Tower with Radar,53,10,23,0,86,0,217,7,0,224,53,227,30,0,310,5,0,5,315
09/28/2015,MYR,SC,ASO,ES,Combined TRACON& Tower with Radar,41,12,13,7,73,0,155,6,0,161,41,167,19,7,234,10,0,10,244
09/29/2015,MYR,SC,ASO,ES,Combined TRACON& Tower with Radar,41,12,7,14,74,0,174,1,0,175,41,186,8,14,249,0,0,0,249
09/30/2015,MYR,SC,ASO,ES,Combined TRACON& Tower with Radar,40,10,16,10,76,0,122,13,9,144,40,132,29,19,220,0,18,18,238
10/01/2015,MYR,SC,ASO,ES,Combined TRACON& Tower with Radar,44,15,12,10,81,0,0,0,0,0,44,15,12,10,81,0,0,0,81
10/02/2015,MYR,SC,ASO,ES,Combined TRACON& Tower with Radar,44,15,6,1,66,0,0,0,1,1,44,15,6,2,67,0,0,0,67
10/03/2015,MYR,SC,ASO,ES,Combined TRACON& Tower with Radar,57,5,2,0,64,0,16,0,0,16,57,21,2,0,80,0,0,0,80
10/04/2015,MYR,SC,ASO,ES,Combined TRACON& Tower with Radar,42,7,0,0,49,0,0,0,0,0,42,7,0,0,49,0,0,0,49
10/05/2015,MYR,SC,ASO,ES,Combined TRACON& Tower with Radar,46,13,6,0,65,0,0,6,0,6,46,13,12,0,71,0,0,0,71
10/06/2015,MYR,SC,ASO,ES,Combined TRACON& Tower with Radar,44,11,20,0,75,0,30,25,4,59,44,41,45,4,134,0,0,0,134
10/07/2015,MYR,SC,ASO,ES,Combined TRACON& Tower with Radar,42,16,27,3,88,0,124,35,7,166,42,140,62,10,254,8,2,10,264
10/08/2015,MYR,SC,ASO,ES,Combined TRACON& Tower with Radar,50,9,24,0,83,0,69,28,2,99,50,78,52,2,182,0,0,0,182
10/09/2015,MYR,SC,ASO,ES,Combined TRACON& Tower with Radar,49,11,18,8,86,0,98,23,2,123,49,109,41,10,209,0,0,0,209
10/10/2015,MYR,SC,ASO,ES,Combined TRACON& Tower with Radar,50,9,5,0,64,0,78,5,0,83,50,87,10,0,147,0,0,0,147
10/11/2015,MYR,SC,ASO,ES,Combined TRACON& Tower with Radar,45,14,21,0,80,0,105,16,0,121,45,119,37,0,201,4,0,4,205
10/12/2015,MYR,SC,ASO,ES,Combined TRACON& Tower with Radar,46,6,14,0,66,0,72,21,2,95,46,78,35,2,161,0,0,0,161
10/13/2015,MYR,SC,ASO,ES,Combined TRACON& Tower with Radar,44,10,12,12,78,0,140,18,2,160,44,150,30,14,238,2,0,2,240
10/14/2015,MYR,SC,ASO,ES,Combined TRACON& Tower with Radar,44,12,21,8,85,0,211,30,0,241,44,223,51,8,326,10,20,30,356
10/15/2015,MYR,SC,ASO,ES,Combined TRACON& Tower with Radar,48,12,15,6,81,0,162,41,2,205,48,174,56,8,286,0,0,0,286
10/16/2015,MYR,SC,ASO,ES,Combined TRACON& Tower with Radar,45,15,28,0,88,0,206,45,0,251,45,221,73,0,339,10,0,10,349
10/17/2015,MYR,SC,ASO,ES,Combined TRACON& Tower with Radar,50,12,11,2,75,0,393,22,0,415,50,405,33,2,490,8,0,8,498
10/18/2015,MYR,SC,ASO,ES,Combined TRACON& Tower with Radar,45,11,10,0,66,0,274,17,0,291,45,285,27,0,357,0,0,0,357
10/19/2015,MYR,SC,ASO,ES,Combined TRACON& Tower with Radar,46,14,17,2,79,0,110,20,0,130,46,124,37,2,209,0,0,0,209
10/20/2015,MYR,SC,ASO,ES,Combined TRACON& Tower with Radar,44,12,20,0,76,0,138,33,2,173,44,150,53,2,249,16,0,16,265
10/21/2015,MYR,SC,ASO,ES,Combined TRACON& Tower with Radar,46,10,31,15,102,0,110,27,1,138,46,120,58,16,240,0,0,0,240
10/22/2015,MYR,SC,ASO,ES,Combined TRACON& Tower with Radar,48,13,16,2,79,0,178,24,0,202,48,191,40,2,281,14,6,20,301
10/23/2015,MYR,SC,ASO,ES,Combined TRACON& Tower with Radar,49,11,14,25,99,0,180,44,2,226,49,191,58,27,325,0,22,22,347
10/24/2015,MYR,SC,ASO,ES,Combined TRACON& Tower with Radar,52,10,22,0,84,0,385,18,0,403,52,395,40,0,487,0,0,0,487
10/25/2015,MYR,SC,ASO,ES,Combined TRACON& Tower with Radar,55,10,13,4,82,0,251,15,0,266,55,261,28,4,348,0,4,4,352
10/26/2015,MYR,SC,ASO,ES,Combined TRACON& Tower with Radar,44,9,22,25,100,0,120,8,4,132,44,129,30,29,232,4,23,27,259
10/27/2015,MYR,SC,ASO,ES,Combined TRACON& Tower with Radar,42,14,14,23,93,0,16,2,3,21,42,30,16,26,114,0,0,0,114
10/28/2015,MYR,SC,ASO,ES,Combined TRACON& Tower with Radar,42,10,6,20,78,0,40,4,0,44,42,50,10,20,122,0,0,0,122
10/29/2015,MYR,SC,ASO,ES,Combined TRACON& Tower with Radar,46,12,15,7,80,0,88,16,0,104,46,100,31,7,184,0,0,0,184
10/30/2015,MYR,SC,ASO,ES,Combined TRACON& Tower with Radar,47,9,19,16,91,0,131,51,0,182,47,140,70,16,273,0,10,10,283
10/31/2015,MYR,SC,ASO,ES,Combined TRACON& Tower with Radar,49,8,11,19,87,0,158,33,0,191,49,166,44,19,278,0,4,4,282
11/01/2015,MYR,SC,ASO,ES,Combined TRACON& Tower with Radar,45,8,13,3,69,0,174,18,4,196,45,182,31,7,265,0,0,0,265
11/02/2015,MYR,SC,ASO,ES,Combined TRACON& Tower with Radar,43,8,15,8,74,0,46,6,0,52,43,54,21,8,126,4,0,4,130
11/03/2015,MYR,SC,ASO,ES,Combined TRACON& Tower with Radar,41,8,14,2,65,0,0,0,0,0,41,8,14,2,65,0,0,0,65
11/04/2015,MYR,SC,ASO,ES,Combined TRACON& Tower with Radar,36,12,3,0,51,0,0,0,0,0,36,12,3,0,51,0,0,0,51
11/05/2015,MYR,SC,ASO,ES,Combined TRACON& Tower with Radar,45,14,30,12,101,0,25,6,0,31,45,39,36,12,132,4,0,4,136
11/06/2015,MYR,SC,ASO,ES,Combined TRACON& Tower with Radar,44,17,20,0,81,0,118,18,2,138,44,135,38,2,219,2,0,2,221
11/07/2015,MYR,SC,ASO,ES,Combined TRACON& Tower with Radar,46,10,13,2,71,0,258,16,0,274,46,268,29,2,345,0,0,0,345
11/08/2015,MYR,SC,ASO,ES,Combined TRACON& Tower with Radar,40,6,24,4,74,0,26,11,4,41,40,32,35,8,115,0,0,0,115
11/09/2015,MYR,SC,ASO,ES,Combined TRACON& Tower with Radar,42,13,3,7,65,0,0,0,0,0,42,13,3,7,65,0,0,0,65
11/10/2015,MYR,SC,ASO,ES,Combined TRACON& Tower with Radar,42,11,20,0,73,0,38,4,1,43,42,49,24,1,116,0,0,0,116
11/11/2015,MYR,SC,ASO,ES,Combined TRACON& Tower with Radar,42,9,12,0,63,0,54,26,0,80,42,63,38,0,143,2,0,2,145
11/12/2015,MYR,SC,ASO,ES,Combined TRACON& Tower with Radar,32,11,26,18,87,0,89,10,0,99,32,100,36,18,186,8,0,8,194
11/13/2015,MYR,SC,ASO,ES,Combined TRACON& Tower with Radar,33,9,25,23,90,0,100,24,0,124,33,109,49,23,214,20,10,30,244
11/14/2015,MYR,SC,ASO,ES,Combined TRACON& Tower with Radar,34,12,20,2,68,0,229,21,11,261,34,241,41,13,329,6,0,6,335
11/15/2015,MYR,SC,ASO,ES,Combined TRACON& Tower with Radar,29,8,14,0,51,0,126,43,2,171,29,134,57,2,222,0,0,0,222
11/16/2015,MYR,SC,ASO,ES,Combined TRACON& Tower with Radar,31,12,27,18,88,0,78,28,5,111,31,90,55,23,199,18,2,20,219
11/17/2015,MYR,SC,ASO,ES,Combined TRACON& Tower with Radar,32,11,15,22,80,0,60,22,1,83,32,71,37,23,163,0,14,14,177
11/18/2015,MYR,SC,ASO,ES,Combined TRACON& Tower with Radar,34,14,20,6,74,0,40,13,1,54,34,54,33,7,128,22,0,22,150
11/19/2015,MYR,SC,ASO,ES,Combined TRACON& Tower with Radar,32,11,8,2,53,0,0,0,2,2,32,11,8,4,55,0,0,0,55
11/20/2015,MYR,SC,ASO,ES,Combined TRACON& Tower with Radar,32,16,19,3,70,0,70,19,0,89,32,86,38,3,159,8,4,12,171
11/21/2015,MYR,SC,ASO,ES,Combined TRACON& Tower with Radar,35,11,16,0,62,0,182,32,0,214,35,193,48,0,276,20,0,20,296
11/22/2015,MYR,SC,ASO,ES,Combined TRACON& Tower with Radar,28,7,15,0,50,0,60,8,0,68,28,67,23,0,118,12,0,12,130
11/23/2015,MYR,SC,ASO,ES,Combined TRACON& Tower with Radar,30,11,18,13,72,0,87,11,5,103,30,98,29,18,175,8,0,8,183
11/24/2015,MYR,SC,ASO,ES,Combined TRACON& Tower with Radar,32,16,17,13,78,0,98,27,0,125,32,114,44,13,203,0,4,4,207
11/25/2015,MYR,SC,ASO,ES,Combined TRACON& Tower with Radar,32,10,15,2,59,0,141,26,0,167,32,151,41,2,226,0,0,0,226
11/26/2015,MYR,SC,ASO,ES,Combined TRACON& Tower with Radar,21,4,9,0,34,0,0,4,0,4,21,4,13,0,38,0,0,0,38
11/27/2015,MYR,SC,ASO,ES,Combined TRACON& Tower with Radar,28,9,8,0,45,0,414,16,0,430,28,423,24,0,475,6,0,6,481
11/28/2015,MYR,SC,ASO,ES,Combined TRACON& Tower with Radar,38,11,10,0,59,0,455,24,0,479,38,466,34,0,538,6,0,6,544
11/29/2015,MYR,SC,ASO,ES,Combined TRACON& Tower with Radar,36,8,9,0,53,0,128,25,4,157,36,136,34,4,210,6,0,6,216
11/30/2015,MYR,SC,ASO,ES,Combined TRACON& Tower with Radar,34,4,12,11,61,0,40,0,2,42,34,44,12,13,103,0,0,0,103
12/01/2015,MYR,SC,ASO,ES,Combined TRACON& Tower with Radar,40,15,14,11,80,0,22,3,0,25,40,37,17,11,105,14,6,20,125
12/02/2015,MYR,SC,ASO,ES,Combined TRACON& Tower with Radar,26,18,20,8,72,0,20,5,2,27,26,38,25,10,99,4,0,4,103
12/03/2015,MYR,SC,ASO,ES,Combined TRACON& Tower with Radar,35,12,19,8,74,0,33,12,2,47,35,45,31,10,121,0,0,0,121
12/04/2015,MYR,SC,ASO,ES,Combined TRACON& Tower with Radar,27,10,17,8,62,0,46,13,0,59,27,56,30,8,121,0,0,0,121
12/05/2015,MYR,SC,ASO,ES,Combined TRACON& Tower with Radar,29,8,5,5,47,0,108,21,1,130,29,116,26,6,177,13,0,13,190
12/06/2015,MYR,SC,ASO,ES,Combined TRACON& Tower with Radar,27,5,13,8,53,0,82,15,0,97,27,87,28,8,150,16,0,16,166
12/07/2015,MYR,SC,ASO,ES,Combined TRACON& Tower with Radar,25,10,14,6,55,0,0,0,0,0,25,10,14,6,55,0,0,0,55
12/08/2015,MYR,SC,ASO,ES,Combined TRACON& Tower with Radar,25,11,30,5,71,0,32,14,5,51,25,43,44,10,122,10,6,16,138
12/09/2015,MYR,SC,ASO,ES,Combined TRACON& Tower with Radar,28,12,20,0,60,0,8,14,2,24,28,20,34,2,84,6,0,6,90
12/10/2015,MYR,SC,ASO,ES,Combined TRACON& Tower with Radar,25,12,19,0,56,0,36,30,4,70,25,48,49,4,126,4,0,4,130
12/11/2015,MYR,SC,ASO,ES,Combined TRACON& Tower with Radar,27,13,26,5,71,0,22,17,1,40,27,35,43,6,111,0,10,10,121
12/12/2015,MYR,SC,ASO,ES,Combined TRACON& Tower with Radar,33,11,22,0,66,0,167,32,2,201,33,178,54,2,267,6,0,6,273
12/13/2015,MYR,SC,ASO,ES,Combined TRACON& Tower with Radar,24,6,25,4,59,0,78,14,0,92,24,84,39,4,151,0,0,0,151
12/14/2015,MYR,SC,ASO,ES,Combined TRACON& Tower with Radar,25,8,32,13,78,0,4,4,0,8,25,12,36,13,86,8,0,8,94
12/15/2015,MYR,SC,ASO,ES,Combined TRACON& Tower with Radar,21,10,19,25,75,0,36,23,2,61,21,46,42,27,136,27,0,27,163
12/16/2015,MYR,SC,ASO,ES,Combined TRACON& Tower with Radar,26,12,23,4,65,0,32,44,0,76,26,44,67,4,141,16,0,16,157
12/17/2015,MYR,SC,ASO,ES,Combined TRACON& Tower with Radar,25,13,5,17,60,0,16,1,0,17,25,29,6,17,77,0,8,8,85
12/18/2015,MYR,SC,ASO,ES,Combined TRACON& Tower with Radar,33,10,14,45,102,0,9,10,1,20,33,19,24,46,122,0,4,4,126
12/19/2015,MYR,SC,ASO,ES,Combined TRACON& Tower with Radar,22,20,16,4,62,0,38,21,0,59,22,58,37,4,121,14,8,22,143
12/20/2015,MYR,SC,ASO,ES,Combined TRACON& Tower with Radar,26,15,8,4,53,0,33,20,2,55,26,48,28,6,108,0,0,0,108
12/21/2015,MYR,SC,ASO,ES,Combined TRACON& Tower with Radar,25,13,19,7,64,0,47,24,1,72,25,60,43,8,136,12,0,12,148
12/22/2015,MYR,SC,ASO,ES,Combined TRACON& Tower with Radar,23,16,15,4,58,0,5,4,0,9,23,21,19,4,67,10,0,10,77
12/23/2015,MYR,SC,ASO,ES,Combined TRACON& Tower with Radar,23,16,10,7,56,0,8,0,0,8,23,24,10,7,64,6,0,6,70
12/24/2015,MYR,SC,ASO,ES,Combined TRACON& Tower with Radar,19,14,6,0,39,0,32,0,0,32,19,46,6,0,71,12,0,12,83
12/25/2015,MYR,SC,ASO,ES,Combined TRACON& Tower with Radar,24,10,5,0,39,0,0,0,0,0,24,10,5,0,39,0,0,0,39
12/26/2015,MYR,SC,ASO,ES,Combined TRACON& Tower with Radar,23,19,14,0,56,0,115,3,0,118,23,134,17,0,174,0,0,0,174
12/27/2015,MYR,SC,ASO,ES,Combined TRACON& Tower with Radar,25,11,21,0,57,0,170,8,0,178,25,181,29,0,235,16,0,16,251
12/28/2015,MYR,SC,ASO,ES,Combined TRACON& Tower with Radar,23,12,12,6,53,0,137,3,0,140,23,149,15,6,193,26,0,26,219
12/29/2015,MYR,SC,ASO,ES,Combined TRACON& Tower with Radar,19,17,20,7,63,0,173,9,0,182,19,190,29,7,245,2,12,14,259
12/30/2015,MYR,SC,ASO,ES,Combined TRACON& Tower with Radar,26,18,14,0,58,0,144,7,0,151,26,162,21,0,209,2,0,2,211
12/31/2015,MYR,SC,ASO,ES,Combined TRACON& Tower with Radar,23,11,20,0,54,0,108,4,0,112,23,119,24,0,166,0,0,0,166
01/01/2016,MYR,SC,ASO,ES,Combined TRACON& Tower with Radar,23,9,16,0,48,0,177,7,0,184,23,186,23,0,232,30,0,30,262
01/02/2016,MYR,SC,ASO,ES,Combined TRACON& Tower with Radar,28,23,19,0,70,0,183,23,0,206,28,206,42,0,276,14,0,14,290
01/03/2016,MYR,SC,ASO,ES,Combined TRACON& Tower with Radar,23,11,14,0,48,0,68,16,3,87,23,79,30,3,135,0,0,0,135
01/04/2016,MYR,SC,ASO,ES,Combined TRACON& Tower with Radar,25,13,11,0,49,0,24,7,4,35,25,37,18,4,84,0,0,0,84
01/05/2016,MYR,SC,ASO,ES,Combined TRACON& Tower with Radar,29,11,15,23,78,0,8,11,2,21,29,19,26,25,99,0,12,12,111
01/06/2016,MYR,SC,ASO,ES,Combined TRACON& Tower with Radar,32,13,16,0,61,0,9,4,1,14,32,22,20,1,75,0,0,0,75
01/07/2016,MYR,SC,ASO,ES,Combined TRACON& Tower with Radar,26,12,24,7,69,0,20,19,0,39,26,32,43,7,108,2,4,6,114
01/08/2016,MYR,SC,ASO,ES,Combined TRACON& Tower with Radar,34,9,18,2,63,0,0,0,0,0,34,9,18,2,63,0,0,0,63
01/09/2016,MYR,SC,ASO,ES,Combined TRACON& Tower with Radar,28,9,10,3,50,0,10,0,0,10,28,19,10,3,60,0,0,0,60
01/10/2016,MYR,SC,ASO,ES,Combined TRACON& Tower with Radar,23,8,16,3,50,0,38,5,0,43,23,46,21,3,93,2,0,2,95
01/11/2016,MYR,SC,ASO,ES,Combined TRACON& Tower with Radar,29,8,11,9,57,0,15,33,0,48,29,23,44,9,105,26,0,26,131
01/12/2016,MYR,SC,ASO,ES,Combined TRACON& Tower with Radar,27,10,18,10,65,0,9,13,1,23,27,19,31,11,88,6,8,14,102
01/13/2016,MYR,SC,ASO,ES,Combined TRACON& Tower with Radar,26,15,14,11,66,0,12,24,2,38,26,27,38,13,104,11,6,17,121
01/14/2016,MYR,SC,ASO,ES,Combined TRACON& Tower with Radar,27,11,12,4,54,0,14,33,1,48,27,25,45,5,102,11,2,13,115
01/15/2016,MYR,SC,ASO,ES,Combined TRACON& Tower with Radar,27,11,9,3,50,0,2,3,2,7,27,13,12,5,57,0,0,0,57
01/16/2016,MYR,SC,ASO,ES,Combined TRACON& Tower with Radar,28,13,19,0,60,0,76,19,0,95,28,89,38,0,155,0,0,0,155
01/17/2016,MYR,SC,ASO,ES,Combined TRACON& Tower with Radar,27,4,9,0,40,0,1,2,0,3,27,5,11,0,43,0,0,0,43
01/18/2016,MYR,SC,ASO,ES,Combined TRACON& Tower with Radar,33,7,19,0,59,0,17,22,0,39,33,24,41,0,98,6,0,6,104
01/19/2016,MYR,SC,ASO,ES,Combined TRACON& Tower with Radar,27,8,25,3,63,0,12,20,2,34,27,20,45,5,97,2,0,2,99
01/20/2016,MYR,SC,ASO,ES,Combined TRACON& Tower with Radar,27,8,8,3,46,0,2,12,2,16,27,10,20,5,62,6,0,6,68
01/21/2016,MYR,SC,ASO,ES,Combined TRACON& Tower with Radar,34,10,20,29,93,0,12,27,4,43,34,22,47,33,136,5,11,16,152
01/22/2016,MYR,SC,ASO,ES,Combined TRACON& Tower with Radar,16,15,1,2,34,0,0,0,0,0,16,15,1,2,34,0,0,0,34
01/23/2016,MYR,SC,ASO,ES,Combined TRACON& Tower with Radar,13,5,7,0,25,0,14,5,0,19,13,19,12,0,44,0,0,0,44
01/24/2016,MYR,SC,ASO,ES,Combined TRACON& Tower with Radar,20,9,12,0,41,0,10,30,4,44,20,19,42,4,85,12,0,12,97
01/25/2016,MYR,SC,ASO,ES,Combined TRACON& Tower with Radar,23,12,10,5,50,0,4,11,1,16,23,16,21,6,66,8,2,10,76
01/26/2016,MYR,SC,ASO,ES,Combined TRACON& Tower with Radar,27,13,8,5,53,0,8,8,0,16,27,21,16,5,69,2,0,2,71
01/27/2016,MYR,SC,ASO,ES,Combined TRACON& Tower with Radar,30,24,8,3,65,0,5,10,0,15,30,29,18,3,80,6,0,6,86
01/28/2016,MYR,SC,ASO,ES,Combined TRACON& Tower with Radar,29,22,10,3,64,0,4,0,0,4,29,26,10,3,68,18,0,18,86
01/29/2016,MYR,SC,ASO,ES,Combined TRACON& Tower with Radar,25,13,25,19,82,0,15,35,0,50,25,28,60,19,132,10,6,16,148
01/30/2016,MYR,SC,ASO,ES,Combined TRACON& Tower with Radar,29,4,20,1,54,0,70,45,0,115,29,74,65,1,169,22,2,24,193
01/31/2016,MYR,SC,ASO,ES,Combined TRACON& Tower with Radar,28,10,21,0,59,0,69,29,2,100,28,79,50,2,159,18,0,18,177
02/01/2016,MYR,SC,ASO,ES,Combined TRACON& Tower with Radar,31,6,15,2,54,0,17,19,0,36,31,23,34,2,90,0,0,0,90
02/02/2016,MYR,SC,ASO,ES,Combined TRACON& Tower with Radar,28,11,18,17,74,0,27,13,0,40,28,38,31,17,114,20,0,20,134
02/03/2016,MYR,SC,ASO,ES,Combined TRACON& Tower with Radar,24,12,14,13,63,0,21,5,3,29,24,33,19,16,92,6,18,24,116
02/04/2016,MYR,SC,ASO,ES,Combined TRACON& Tower with Radar,27,8,22,16,73,0,0,1,0,1,27,8,23,16,74,0,0,0,74
02/05/2016,MYR,SC,ASO,ES,Combined TRACON& Tower with Radar,25,12,12,2,51,0,13,26,3,42,25,25,38,5,93,4,0,4,97
02/06/2016,MYR,SC,ASO,ES,Combined TRACON& Tower with Radar,33,5,19,0,57,0,58,30,0,88,33,63,49,0,145,6,0,6,151
02/07/2016,MYR,SC,ASO,ES,Combined TRACON& Tower with Radar,28,4,4,0,36,0,0,2,0,2,28,4,6,0,38,12,0,12,50
02/08/2016,MYR,SC,ASO,ES,Combined TRACON& Tower with Radar,22,9,12,2,45,0,26,22,0,48,22,35,34,2,93,0,0,0,93
02/09/2016,MYR,SC,ASO,ES,Combined TRACON& Tower with Radar,26,12,7,3,48,0,12,5,0,17,26,24,12,3,65,0,0,0,65
02/10/2016,MYR,SC,ASO,ES,Combined TRACON& Tower with Radar,32,11,6,31,80,0,12,14,1,27,32,23,20,32,107,15,0,15,122
02/11/2016,MYR,SC,ASO,ES,Combined TRACON& Tower with Radar,35,13,19,17,84,0,23,24,0,47,35,36,43,17,131,4,4,8,139
02/12/2016,MYR,SC,ASO,ES,Combined TRACON& Tower with Radar,32,11,18,5,66,0,21,6,0,27,32,32,24,5,93,0,0,0,93
02/13/2016,MYR,SC,ASO,ES,Combined TRACON& Tower with Radar,42,12,19,0,73,1,252,28,0,281,43,264,47,0,354,5,0,5,359
02/14/2016,MYR,SC,ASO,ES,Combined TRACON& Tower with Radar,33,4,9,0,46,0,254,12,0,266,33,258,21,0,312,6,0,6,318
02/15/2016,MYR,SC,ASO,ES,Combined TRACON& Tower with Radar,34,7,7,0,48,0,12,2,0,14,34,19,9,0,62,6,0,6,68
02/16/2016,MYR,SC,ASO,ES,Combined TRACON& Tower with Radar,30,12,11,17,70,0,46,17,2,65,30,58,28,19,135,6,6,12,147
02/17/2016,MYR,SC,ASO,ES,Combined TRACON& Tower with Radar,36,16,17,19,88,0,82,25,0,107,36,98,42,19,195,4,4,8,203
02/18/2016,MYR,SC,ASO,ES,Combined TRACON& Tower with Radar,44,10,10,8,72,0,49,31,1,81,44,59,41,9,153,28,0,28,181
02/19/2016,MYR,SC,ASO,ES,Combined TRACON& Tower with Radar,32,6,24,15,77,0,98,42,3,143,32,104,66,18,220,20,12,32,252
02/20/2016,MYR,SC,ASO,ES,Combined TRACON& Tower with Radar,38,4,20,20,82,0,165,34,1,200,38,169,54,21,282,10,0,10,292
02/21/2016,MYR,SC,ASO,ES,Combined TRACON& Tower with Radar,38,13,13,3,67,0,168,14,0,182,38,181,27,3,249,0,0,0,249
02/22/2016,MYR,SC,ASO,ES,Combined TRACON& Tower with Radar,32,10,12,0,54,0,17,7,0,24,32,27,19,0,78,0,0,0,78
02/23/2016,MYR,SC,ASO,ES,Combined TRACON& Tower with Radar,34,13,9,8,64,0,0,0,0,0,34,13,9,8,64,0,0,0,64
02/24/2016,MYR,SC,ASO,ES,Combined TRACON& Tower with Radar,28,9,2,0,39,0,0,0,0,0,28,9,2,0,39,0,0,0,39
02/25/2016,MYR,SC,ASO,ES,Combined TRACON& Tower with Radar,38,18,8,5,69,0,27,12,0,39,38,45,20,5,108,4,0,4,112
02/26/2016,MYR,SC,ASO,ES,Combined TRACON& Tower with Radar,32,12,16,28,88,0,44,33,0,77,32,56,49,28,165,19,0,19,184
02/27/2016,MYR,SC,ASO,ES,Combined TRACON& Tower with Radar,43,6,19,15,83,0,183,31,5,219,43,189,50,20,302,21,13,34,336
02/28/2016,MYR,SC,ASO,ES,Combined TRACON& Tower with Radar,34,4,15,10,63,0,143,16,2,161,34,147,31,12,224,14,0,14,238
02/29/2016,MYR,SC,ASO,ES,Combined TRACON& Tower with Radar,36,13,8,3,60,0,41,16,1,58,36,54,24,4,118,0,0,0,118
03/01/2016,MYR,SC,ASO,ES,Combined TRACON& Tower with Radar,35,11,29,14,89,0,23,17,1,41,35,34,46,15,130,6,0,6,136
03/02/2016,MYR,SC,ASO,ES,Combined TRACON& Tower with Radar,36,10,31,13,90,1,32,17,0,50,37,42,48,13,140,8,4,12,152
03/03/2016,MYR,SC,ASO,ES,Combined TRACON& Tower with Radar,44,13,24,15,96,0,42,23,2,67,44,55,47,17,163,15,32,47,210
03/04/2016,MYR,SC,ASO,ES,Combined TRACON& Tower with Radar,38,24,43,3,108,0,47,17,0,64,38,71,60,3,172,2,0,2,174
03/05/2016,MYR,SC,ASO,ES,Combined TRACON& Tower with Radar,43,14,12,11,80,0,198,29,0,227,43,212,41,11,307,22,0,22,329
03/06/2016,MYR,SC,ASO,ES,Combined TRACON& Tower with Radar,40,10,23,0,73,0,205,26,2,233,40,215,49,2,306,6,0,6,312
03/07/2016,MYR,SC,ASO,ES,Combined TRACON& Tower with Radar,38,8,15,12,73,0,104,20,0,124,38,112,35,12,197,8,12,20,217
03/08/2016,MYR,SC,ASO,ES,Combined TRACON& Tower with Radar,36,10,17,7,70,0,126,26,0,152,36,136,43,7,222,22,8,30,252
03/09/2016,MYR,SC,ASO,ES,Combined TRACON& Tower with Radar,54,12,18,18,102,0,109,21,1,131,54,121,39,19,233,20,0,20,253
03/10/2016,MYR,SC,ASO,ES,Combined TRACON& Tower with Radar,42,12,14,11,79,0,140,22,1,163,42,152,36,12,242,7,8,15,257
03/11/2016,MYR,SC,ASO,ES,Combined TRACON& Tower with Radar,34,14,11,7,66,0,126,30,2,158,34,140,41,9,224,37,0,37,261
03/12/2016,MYR,SC,ASO,ES,Combined TRACON& Tower with Radar,44,13,25,23,105,0,353,26,0,379,44,366,51,23,484,25,14,39,523
03/13/2016,MYR,SC,ASO,ES,Combined TRACON& Tower with Radar,41,15,15,8,79,0,177,8,0,185,41,192,23,8,264,9,0,9,273
03/14/2016,MYR,SC,ASO,ES,Combined TRACON& Tower with Radar,41,10,19,5,75,0,115,4,0,119,41,125,23,5,194,46,10,56,250
03/15/2016,MYR,SC,ASO,ES,Combined TRACON& Tower with Radar,44,12,28,12,96,0,163,8,0,171,44,175,36,12,267,21,0,21,288
03/16/2016,MYR,SC,ASO,ES,Combined TRACON& Tower with Radar,40,13,12,9,74,0,185,14,3,202,40,198,26,12,276,12,0,12,288
03/17/2016,MYR,SC,ASO,ES,Combined TRACON& Tower with Radar,44,13,31,2,90,0,176,27,4,207,44,189,58,6,297,23,0,23,320
03/18/2016,MYR,SC,ASO,ES,Combined TRACON& Tower with Radar,38,20,29,8,95,0,236,34,6,276,38,256,63,14,371,16,14,30,401
03/19/2016,MYR,SC,ASO,ES,Combined TRACON& Tower with Radar,42,15,11,10,78,0,286,11,1,298,42,301,22,11,376,21,1,22,398
03/20/2016,MYR,SC,ASO,ES,Combined TRACON& Tower with Radar,50,14,21,0,85,0,37,0,0,37,50,51,21,0,122,0,0,0,122
03/21/2016,MYR,SC,ASO,ES,Combined TRACON& Tower with Radar,37,20,24,8,89,0,153,24,1,178,37,173,48,9,267,8,4,12,279
03/22/2016,MYR,SC,ASO,ES,Combined TRACON& Tower with Radar,39,11,23,1,74,0,257,35,6,298,39,268,58,7,372,44,0,44,416
03/23/2016,MYR,SC,ASO,ES,Combined TRACON& Tower with Radar,40,10,17,9,76,0,224,28,2,254,40,234,45,11,330,10,0,10,340
03/24/2016,MYR,SC,ASO,ES,Combined TRACON& Tower with Radar,45,12,18,3,78,0,267,20,3,290,45,279,38,6,368,40,0,40,408
03/25/2016,MYR,SC,ASO,ES,Combined TRACON& Tower with Radar,36,16,14,2,68,0,232,9,0,241,36,248,23,2,309,6,4,10,319
03/26/2016,MYR,SC,ASO,ES,Combined TRACON& Tower with Radar,44,16,12,0,72,0,72,0,0,72,44,88,12,0,144,0,0,0,144
03/27/2016,MYR,SC,ASO,ES,Combined TRACON& Tower with Radar,41,10,10,0,61,0,0,0,0,0,41,10,10,0,61,0,0,0,61
03/28/2016,MYR,SC,ASO,ES,Combined TRACON& Tower with Radar,36,12,6,5,59,0,228,7,0,235,36,240,13,5,294,28,0,28,322
03/29/2016,MYR,SC,ASO,ES,Combined TRACON& Tower with Radar,39,13,24,15,91,0,412,39,2,453,39,425,63,17,544,16,6,22,566
03/30/2016,MYR,SC,ASO,ES,Combined TRACON& Tower with Radar,36,17,36,6,95,0,437,21,0,458,36,454,57,6,553,9,0,9,562
03/31/2016,MYR,SC,ASO,ES,Combined TRACON& Tower with Radar,41,16,24,10,91,0,357,13,0,370,41,373,37,10,461,30,0,30,491
04/01/2016,MYR,SC,ASO,ES,Combined TRACON& Tower with Radar,35,21,14,0,70,0,194,2,1,197,35,215,16,1,267,8,0,8,275
04/02/2016,MYR,SC,ASO,ES,Combined TRACON& Tower with Radar,42,15,7,0,64,0,278,5,0,283,42,293,12,0,347,0,0,0,347
04/03/2016,MYR,SC,ASO,ES,Combined TRACON& Tower with Radar,38,12,29,4,83,0,321,34,2,357,38,333,63,6,440,0,12,12,452
04/04/2016,MYR,SC,ASO,ES,Combined TRACON& Tower with Radar,32,18,18,5,73,0,230,25,2,257,32,248,43,7,330,38,0,38,368
04/05/2016,MYR,SC,ASO,ES,Combined TRACON& Tower with Radar,44,17,30,2,93,0,279,38,2,319,44,296,68,4,412,50,0,50,462
04/06/2016,MYR,SC,ASO,ES,Combined TRACON& Tower with Radar,40,14,22,25,101,0,246,23,0,269,40,260,45,25,370,6,3,9,379
04/07/2016,MYR,SC,ASO,ES,Combined TRACON& Tower with Radar,49,15,19,9,92,0,175,3,1,179,49,190,22,10,271,0,0,0,271
04/08/2016,MYR,SC,ASO,ES,Combined TRACON& Tower with Radar,42,15,26,4,87,0,194,13,0,207,42,209,39,4,294,18,0,18,312
04/09/2016,MYR,SC,ASO,ES,Combined TRACON& Tower with Radar,54,13,8,0,75,0,255,7,0,262,54,268,15,0,337,0,0,0,337
04/10/2016,MYR,SC,ASO,ES,Combined TRACON& Tower with Radar,44,21,23,0,88,0,183,23,0,206,44,204,46,0,294,6,0,6,300
04/11/2016,MYR,SC,ASO,ES,Combined TRACON& Tower with Radar,41,20,18,10,89,0,124,21,1,146,41,144,39,11,235,31,0,31,266
04/12/2016,MYR,SC,ASO,ES,Combined TRACON& Tower with Radar,42,17,11,6,76,1,43,0,0,44,43,60,11,6,120,26,0,26,146
04/13/2016,MYR,SC,ASO,ES,Combined TRACON& Tower with Radar,42,19,23,48,132,0,104,12,5,121,42,123,35,53,253,2,6,8,261
04/14/2016,MYR,SC,ASO,ES,Combined TRACON& Tower with Radar,56,17,18,17,108,0,128,28,2,158,56,145,46,19,266,28,16,44,310
04/15/2016,MYR,SC,ASO,ES,Combined TRACON& Tower with Radar,49,21,27,10,107,0,76,10,0,86,49,97,37,10,193,24,8,32,225
04/16/2016,MYR,SC,ASO,ES,Combined TRACON& Tower with Radar,68,16,18,2,104,0,269,33,0,302,68,285,51,2,406,36,0,36,442
04/17/2016,MYR,SC,ASO,ES,Combined TRACON& Tower with Radar,60,18,33,10,121,0,183,25,1,209,60,201,58,11,330,6,10,16,346
04/18/2016,MYR,SC,ASO,ES,Combined TRACON& Tower with Radar,50,13,22,6,91,0,149,12,0,161,50,162,34,6,252,34,0,34,286
04/19/2016,MYR,SC,ASO,ES,Combined TRACON& Tower with Radar,52,17,17,19,105,0,134,18,1,153,52,151,35,20,258,49,9,58,316
04/20/2016,MYR,SC,ASO,ES,Combined TRACON& Tower with Radar,61,18,22,9,110,0,184,10,0,194,61,202,32,9,304,5,6,11,315
04/21/2016,MYR,SC,ASO,ES,Combined TRACON& Tower with Radar,57,25,27,22,131,0,183,17,3,203,57,208,44,25,334,11,0,11,345
04/22/2016,MYR,SC,ASO,ES,Combined TRACON& Tower with Radar,51,17,13,12,93,0,153,11,1,165,51,170,24,13,258,4,0,4,262
04/23/2016,MYR,SC,ASO,ES,Combined TRACON& Tower with Radar,59,14,25,0,98,0,225,8,0,233,59,239,33,0,331,2,0,2,333
04/24/2016,MYR,SC,ASO,ES,Combined TRACON& Tower with Radar,56,20,34,11,121,0,241,25,1,267,56,261,59,12,388,2,10,12,400
04/25/2016,MYR,SC,ASO,ES,Combined TRACON& Tower with Radar,48,14,25,20,107,0,259,24,0,283,48,273,49,20,390,36,0,36,426
04/26/2016,MYR,SC,ASO,ES,Combined TRACON& Tower with Radar,46,21,30,21,118,0,214,22,0,236,46,235,52,21,354,22,14,36,390
04/27/2016,MYR,SC,ASO,ES,Combined TRACON& Tower with Radar,52,14,25,47,138,0,203,23,5,231,52,217,48,52,369,11,0,11,380
04/28/2016,MYR,SC,ASO,ES,Combined TRACON& Tower with Radar,60,19,25,7,111,0,187,7,0,194,60,206,32,7,305,28,9,37,342
04/29/2016,MYR,SC,ASO,ES,Combined TRACON& Tower with Radar,50,29,24,9,112,0,224,39,0,263,50,253,63,9,375,9,6,15,390
04/30/2016,MYR,SC,ASO,ES,Combined TRACON& Tower with Radar,60,12,24,0,96,0,244,5,0,249,60,256,29,0,345,2,0,2,347
05/01/2016,MYR,SC,ASO,ES,Combined TRACON& Tower with Radar,62,11,19,0,92,0,171,4,0,175,62,182,23,0,267,10,0,10,277
05/02/2016,MYR,SC,ASO,ES,Combined TRACON& Tower with Radar,47,13,16,10,86,0,108,2,0,110,47,121,18,10,196,0,0,0,196
05/03/2016,MYR,SC,ASO,ES,Combined TRACON& Tower with Radar,59,12,10,10,91,0,74,0,0,74,59,86,10,10,165,0,0,0,165
05/04/2016,MYR,SC,ASO,ES,Combined TRACON& Tower with Radar,56,11,21,15,103,0,83,18,0,101,56,94,39,15,204,34,24,58,262
05/05/2016,MYR,SC,ASO,ES,Combined TRACON& Tower with Radar,67,16,27,5,115,0,70,11,1,82,67,86,38,6,197,10,0,10,207
05/06/2016,MYR,SC,ASO,ES,Combined TRACON& Tower with Radar,55,15,23,39,132,0,147,16,0,163,55,162,39,39,295,4,28,32,327
05/07/2016,MYR,SC,ASO,ES,Combined TRACON& Tower with Radar,59,16,15,0,90,0,273,27,0,300,59,289,42,0,390,16,0,16,406
05/08/2016,MYR,SC,ASO,ES,Combined TRACON& Tower with Radar,65,15,16,8,104,0,251,14,1,266,65,266,30,9,370,0,0,0,370
05/09/2016,MYR,SC,ASO,ES,Combined TRACON& Tower with Radar,54,14,16,8,92,0,139,20,0,159,54,153,36,8,251,30,0,30,281
05/10/2016,MYR,SC,ASO,ES,Combined TRACON& Tower with Radar,55,7,23,9,94,0,174,16,0,190,55,181,39,9,284,10,12,22,306
05/11/2016,MYR,SC,ASO,ES,Combined TRACON& Tower with Radar,56,11,22,11,100,0,160,21,0,181,56,171,43,11,281,38,4,42,323
05/12/2016,MYR,SC,ASO,ES,Combined TRACON& Tower with Radar,63,16,15,12,106,0,133,12,2,147,63,149,27,14,253,0,8,8,261
05/13/2016,MYR,SC,ASO,ES,Combined TRACON& Tower with Radar,54,14,16,2,86,0,108,9,1,118,54,122,25,3,204,0,0,0,204
05/14/2016,MYR,SC,ASO,ES,Combined TRACON& Tower with Radar,58,20,12,4,94,0,370,35,0,405,58,390,47,4,499,10,0,10,509
05/15/2016,MYR,SC,ASO,ES,Combined TRACON& Tower with Radar,65,19,13,12,109,1,295,37,0,333,66,314,50,12,442,20,0,20,462
05/16/2016,MYR,SC,ASO,ES,Combined TRACON& Tower with Radar,54,12,23,2,91,0,176,27,0,203,54,188,50,2,294,16,0,16,310
05/17/2016,MYR,SC,ASO,ES,Combined TRACON& Tower with Radar,53,10,17,22,102,0,80,6,3,89,53,90,23,25,191,25,0,25,216
05/18/2016,MYR,SC,ASO,ES,Combined TRACON& Tower with Radar,53,12,26,35,126,0,132,0,4,136,53,144,26,39,262,0,6,6,268
05/19/2016,MYR,SC,ASO,ES,Combined TRACON& Tower with Radar,69,11,23,6,109,0,135,8,0,143,69,146,31,6,252,45,0,45,297
05/20/2016,MYR,SC,ASO,ES,Combined TRACON& Tower with Radar,60,8,27,6,101,0,117,7,2,126,60,125,34,8,227,0,0,0,227
05/21/2016,MYR,SC,ASO,ES,Combined TRACON& Tower with Radar,59,15,16,2,92,0,210,2,0,212,59,225,18,2,304,4,0,4,308
05/22/2016,MYR,SC,ASO,ES,Combined TRACON& Tower with Radar,73,9,19,0,101,0,197,17,0,214,73,206,36,0,315,6,0,6,321
05/23/2016,MYR,SC,ASO,ES,Combined TRACON& Tower with Radar,62,13,18,2,95,0,144,17,5,166,62,157,35,7,261,24,0,24,285
05/24/2016,MYR,SC,ASO,ES,Combined TRACON& Tower with Radar,52,11,26,2,91,0,146,39,0,185,52,157,65,2,276,26,0,26,302
05/25/2016,MYR,SC,ASO,ES,Combined TRACON& Tower with Radar,56,21,16,24,117,0,129,28,0,157,56,150,44,24,274,26,16,42,316
05/26/2016,MYR,SC,ASO,ES,Combined TRACON& Tower with Radar,67,8,36,22,133,0,170,31,1,202,67,178,67,23,335,35,9,44,379
05/27/2016,MYR,SC,ASO,ES,Combined TRACON& Tower with Radar,63,13,17,1,94,0,253,33,6,292,63,266,50,7,386,6,0,6,392
05/28/2016,MYR,SC,ASO,ES,Combined TRACON& Tower with Radar,55,21,17,0,93,0,293,9,0,302,55,314,26,0,395,8,0,8,403
05/29/2016,MYR,SC,ASO,ES,Combined TRACON& Tower with Radar,65,12,13,0,90,0,531,3,0,534,65,543,16,0,624,14,0,14,638
05/30/2016,MYR,SC,ASO,ES,Combined TRACON& Tower with Radar,57,7,29,0,93,0,296,9,0,305,57,303,38,0,398,5,0,5,403
05/31/2016,MYR,SC,ASO,ES,Combined TRACON& Tower with Radar,50,9,19,12,90,0,62,3,0,65,50,71,22,12,155,8,8,16,171
06/01/2016,MYR,SC,ASO,ES,Combined TRACON& Tower with Radar,56,8,20,6,90,0,182,6,0,188,56,190,26,6,278,8,8,16,294
06/02/2016,MYR,SC,ASO,ES,Combined TRACON& Tower with Radar,73,13,28,3,117,0,121,12,0,133,73,134,40,3,250,25,12,37,287
06/03/2016,MYR,SC,ASO,ES,Combined TRACON& Tower with Radar,67,21,19,30,137,0,214,24,2,240,67,235,43,32,377,28,4,32,409
06/04/2016,MYR,SC,ASO,ES,Combined TRACON& Tower with Radar,71,26,29,6,132,0,302,26,0,328,71,328,55,6,460,54,0,54,514
06/05/2016,MYR,SC,ASO,ES,Combined TRACON& Tower with Radar,74,15,10,10,109,0,142,5,0,147,74,157,15,10,256,6,0,6,262
06/06/2016,MYR,SC,ASO,ES,Combined TRACON& Tower with Radar,64,12,5,4,85,0,65,4,0,69,64,77,9,4,154,0,0,0,154
06/07/2016,MYR,SC,ASO,ES,Combined TRACON& Tower with Radar,55,8,9,17,89,0,188,9,0,197,55,196,18,17,286,44,1,45,331
06/08/2016,MYR,SC,ASO,ES,Combined TRACON& Tower with Radar,56,8,19,8,91,0,324,33,0,357,56,332,52,8,448,16,0,16,464
06/09/2016,MYR,SC,ASO,ES,Combined TRACON& Tower with Radar,69,17,40,15,141,0,344,55,0,399,69,361,95,15,540,14,0,14,554
06/10/2016,MYR,SC,ASO,ES,Combined TRACON& Tower with Radar,62,21,30,5,118,0,279,31,0,310,62,300,61,5,428,47,0,47,475
06/11/2016,MYR,SC,ASO,ES,Combined TRACON& Tower with Radar,86,24,22,6,138,0,325,33,4,362,86,349,55,10,500,44,0,44,544
06/12/2016,MYR,SC,ASO,ES,Combined TRACON& Tower with Radar,70,23,27,0,120,0,225,13,3,241,70,248,40,3,361,16,0,16,377
06/13/2016,MYR,SC,ASO,ES,Combined TRACON& Tower with Radar,64,21,15,11,111,0,226,32,0,258,64,247,47,11,369,47,2,49,418
06/14/2016,MYR,SC,ASO,ES,Combined TRACON& Tower with Radar,49,16,26,21,112,0,336,8,8,352,49,352,34,29,464,28,4,32,496
06/15/2016,MYR,SC,ASO,ES,Combined TRACON& Tower with Radar,57,18,27,3,105,0,222,3,0,225,57,240,30,3,330,6,8,14,344
06/16/2016,MYR,SC,ASO,ES,Combined TRACON& Tower with Radar,74,19,36,7,136,0,379,21,3,403,74,398,57,10,539,6,0,6,545
06/17/2016,MYR,SC,ASO,ES,Combined TRACON& Tower with Radar,65,23,46,24,158,0,303,25,9,337,65,326,71,33,495,18,8,26,521
06/18/2016,MYR,SC,ASO,ES,Combined TRACON& Tower with Radar,84,31,29,0,144,0,535,24,4,563,84,566,53,4,707,0,0,0,707
06/19/2016,MYR,SC,ASO,ES,Combined TRACON& Tower with Radar,78,17,16,0,111,0,368,19,1,388,78,385,35,1,499,0,0,0,499
06/20/2016,MYR,SC,ASO,ES,Combined TRACON& Tower with Radar,65,15,19,27,126,0,291,38,0,329,65,306,57,27,455,34,8,42,497
06/21/2016,MYR,SC,ASO,ES,Combined TRACON& Tower with Radar,53,12,24,10,99,0,387,34,0,421,53,399,58,10,520,0,0,0,520
06/22/2016,MYR,SC,ASO,ES,Combined TRACON& Tower with Radar,57,20,30,18,125,0,423,24,0,447,57,443,54,18,572,7,0,7,579
06/23/2016,MYR,SC,ASO,ES,Combined TRACON& Tower with Radar,65,19,33,19,136,0,455,16,0,471,65,474,49,19,607,4,12,16,623
06/24/2016,MYR,SC,ASO,ES,Combined TRACON& Tower with Radar,69,14,18,10,111,0,362,17,1,380,69,376,35,11,491,16,0,16,507
06/25/2016,MYR,SC,ASO,ES,Combined TRACON& Tower with Radar,92,26,7,0,125,0,323,11,0,334,92,349,18,0,459,6,0,6,465
06/26/2016,MYR,SC,ASO,ES,Combined TRACON& Tower with Radar,81,20,20,2,123,0,401,15,0,416,81,421,35,2,539,24,0,24,563
06/27/2016,MYR,SC,ASO,ES,Combined TRACON& Tower with Radar,66,12,14,24,116,0,348,2,0,350,66,360,16,24,466,12,0,12,478
06/28/2016,MYR,SC,ASO,ES,Combined TRACON& Tower with Radar,51,13,21,8,93,0,138,15,0,153,51,151,36,8,246,18,0,18,264
06/29/2016,MYR,SC,ASO,ES,Combined TRACON& Tower with Radar,56,14,21,25,116,0,369,15,2,386,56,383,36,27,502,22,0,22,524
06/30/2016,MYR,SC,ASO,ES,Combined TRACON& Tower with Radar,78,19,35,11,143,0,350,15,0,365,78,369,50,11,508,13,11,24,532
07/01/2016,MYR,SC,ASO,ES,Combined TRACON& Tower with Radar,65,12,29,5,111,0,341,15,0,356,65,353,44,5,467,3,0,3,470
07/02/2016,MYR,SC,ASO,ES,Combined TRACON& Tower with Radar,91,22,31,22,166,0,394,22,1,417,91,416,53,23,583,2,10,12,595
07/03/2016,MYR,SC,ASO,ES,Combined TRACON& Tower with Radar,74,19,21,0,114,0,701,12,0,713,74,720,33,0,827,8,0,8,835
07/04/2016,MYR,SC,ASO,ES,Combined TRACON& Tower with Radar,63,13,12,0,88,0,894,8,0,902,63,907,20,0,990,0,0,0,990
07/05/2016,MYR,SC,ASO,ES,Combined TRACON& Tower with Radar,54,13,15,11,93,0,569,18,1,588,54,582,33,12,681,16,5,21,702
07/06/2016,MYR,SC,ASO,ES,Combined TRACON& Tower with Radar,58,22,20,22,122,0,550,26,2,578,58,572,46,24,700,4,0,4,704
07/07/2016,MYR,SC,ASO,ES,Combined TRACON& Tower with Radar,77,11,25,3,116,0,571,23,2,596,77,582,48,5,712,14,8,22,734
07/08/2016,MYR,SC,ASO,ES,Combined TRACON& Tower with Radar,68,8,28,4,108,0,541,35,2,578,68,549,63,6,686,0,0,0,686
07/09/2016,MYR,SC,ASO,ES,Combined TRACON& Tower with Radar,92,24,27,0,143,0,448,19,1,468,92,472,46,1,611,0,0,0,611
07/10/2016,MYR,SC,ASO,ES,Combined TRACON& Tower with Radar,82,14,20,0,116,0,385,27,0,412,82,399,47,0,528,40,0,40,568
07/11/2016,MYR,SC,ASO,ES,Combined TRACON& Tower with Radar,62,17,33,8,120,0,279,18,5,302,62,296,51,13,422,8,0,8,430
07/12/2016,MYR,SC,ASO,ES,Combined TRACON& Tower with Radar,55,14,24,10,103,0,483,25,5,513,55,497,49,15,616,36,6,42,658
07/13/2016,MYR,SC,ASO,ES,Combined TRACON& Tower with Radar,58,10,27,8,103,0,576,16,0,592,58,586,43,8,695,8,6,14,709
07/14/2016,MYR,SC,ASO,ES,Combined TRACON& Tower with Radar,79,16,29,7,131,0,577,28,8,613,79,593,57,15,744,9,0,9,753
07/15/2016,MYR,SC,ASO,ES,Combined TRACON& Tower with Radar,69,12,16,2,99,0,354,17,0,371,69,366,33,2,470,14,0,14,484
07/16/2016,MYR,SC,ASO,ES,Combined TRACON& Tower with Radar,92,20,30,2,144,0,494,14,0,508,92,514,44,2,652,34,0,34,686
07/17/2016,MYR,SC,ASO,ES,Combined TRACON& Tower with Radar,85,12,16,2,115,0,398,15,0,413,85,410,31,2,528,24,0,24,552
07/18/2016,MYR,SC,ASO,ES,Combined TRACON& Tower with Radar,64,12,13,3,92,0,293,18,1,312,64,305,31,4,404,4,0,4,408
07/19/2016,MYR,SC,ASO,ES,Combined TRACON& Tower with Radar,50,10,18,13,91,0,504,16,0,520,50,514,34,13,611,22,6,28,639
07/20/2016,MYR,SC,ASO,ES,Combined TRACON& Tower with Radar,56,18,23,14,111,0,612,17,0,629,56,630,40,14,740,16,0,16,756
07/21/2016,MYR,SC,ASO,ES,Combined TRACON& Tower with Radar,86,11,18,24,139,3,613,34,0,650,89,624,52,24,789,6,20,26,815
07/22/2016,MYR,SC,ASO,ES,Combined TRACON& Tower with Radar,69,20,23,24,136,0,679,31,2,712,69,699,54,26,848,34,8,42,890
07/23/2016,MYR,SC,ASO,ES,Combined TRACON& Tower with Radar,92,20,29,4,145,0,553,25,0,578,92,573,54,4,723,0,0,0,723
07/24/2016,MYR,SC,ASO,ES,Combined TRACON& Tower with Radar,82,14,20,0,116,0,433,22,3,458,82,447,42,3,574,22,0,22,596
07/25/2016,MYR,SC,ASO,ES,Combined TRACON& Tower with Radar,63,16,14,32,125,0,478,20,2,500,63,494,34,34,625,4,20,24,649
07/26/2016,MYR,SC,ASO,ES,Combined TRACON& Tower with Radar,50,8,14,9,81,0,680,19,0,699,50,688,33,9,780,14,0,14,794
07/27/2016,MYR,SC,ASO,ES,Combined TRACON& Tower with Radar,54,10,19,13,96,0,641,23,3,667,54,651,42,16,763,16,0,16,779
07/28/2016,MYR,SC,ASO,ES,Combined TRACON& Tower with Radar,81,11,21,28,141,0,736,42,2,780,81,747,63,30,921,8,4,12,933
07/29/2016,MYR,SC,ASO,ES,Combined TRACON& Tower with Radar,67,19,25,28,139,0,611,21,4,636,67,630,46,32,775,14,24,38,813
07/30/2016,MYR,SC,ASO,ES,Combined TRACON& Tower with Radar,88,16,18,5,127,0,639,19,0,658,88,655,37,5,785,0,20,20,805
07/31/2016,MYR,SC,ASO,ES,Combined TRACON& Tower with Radar,83,9,10,7,109,0,452,11,0,463,83,461,21,7,572,5,48,53,625
08/01/2016,MYR,SC,ASO,ES,Combined TRACON& Tower with Radar,65,12,11,1,89,0,461,15,6,482,65,473,26,7,571,18,20,38,609
08/02/2016,MYR,SC,ASO,ES,Combined TRACON& Tower with Radar,58,14,24,19,115,0,563,26,2,591,58,577,50,21,706,17,0,17,723
08/03/2016,MYR,SC,ASO,ES,Combined TRACON& Tower with Radar,55,18,24,13,110,0,168,1,0,169,55,186,25,13,279,16,0,16,295
08/04/2016,MYR,SC,ASO,ES,Combined TRACON& Tower with Radar,70,12,20,41,143,12,538,12,0,562,82,550,32,41,705,16,40,56,761
08/05/2016,MYR,SC,ASO,ES,Combined TRACON& Tower with Radar,71,10,18,0,99,0,535,12,2,549,71,545,30,2,648,8,0,8,656
08/06/2016,MYR,SC,ASO,ES,Combined TRACON& Tower with Radar,87,20,16,3,126,0,507,16,0,523,87,527,32,3,649,14,0,14,663
08/07/2016,MYR,SC,ASO,ES,Combined TRACON& Tower with Radar,82,12,11,0,105,0,431,22,0,453,82,443,33,0,558,14,0,14,572
08/08/2016,MYR,SC,ASO,ES,Combined TRACON& Tower with Radar,54,10,9,2,75,0,410,4,0,414,54,420,13,2,489,18,0,18,507
08/09/2016,MYR,SC,ASO,ES,Combined TRACON& Tower with Radar,45,15,22,11,93,0,489,20,1,510,45,504,42,12,603,28,2,30,633
08/10/2016,MYR,SC,ASO,ES,Combined TRACON& Tower with Radar,54,12,27,12,105,0,539,10,0,549,54,551,37,12,654,0,10,10,664
08/11/2016,MYR,SC,ASO,ES,Combined TRACON& Tower with Radar,70,13,30,12,125,0,438,11,0,449,70,451,41,12,574,1,0,1,575
08/12/2016,MYR,SC,ASO,ES,Combined TRACON& Tower with Radar,64,20,22,15,121,0,462,13,2,477,64,482,35,17,598,12,8,20,618
08/13/2016,MYR,SC,ASO,ES,Combined TRACON& Tower with Radar,92,20,23,1,136,0,584,37,1,622,92,604,60,2,758,6,0,6,764
08/14/2016,MYR,SC,ASO,ES,Combined TRACON& Tower with Radar,89,7,24,0,120,0,527,27,0,554,89,534,51,0,674,8,0,8,682
08/15/2016,MYR,SC,ASO,ES,Combined TRACON& Tower with Radar,66,14,28,12,120,10,390,21,4,425,76,404,49,16,545,12,10,22,567
08/16/2016,MYR,SC,ASO,ES,Combined TRACON& Tower with Radar,53,19,25,20,117,0,570,31,3,604,53,589,56,23,721,16,0,16,737
08/17/2016,MYR,SC,ASO,ES,Combined TRACON& Tower with Radar,55,11,17,0,83,0,548,26,0,574,55,559,43,0,657,6,0,6,663
08/18/2016,MYR,SC,ASO,ES,Combined TRACON& Tower with Radar,71,26,26,2,125,0,305,13,1,319,71,331,39,3,444,6,0,6,450
08/19/2016,MYR,SC,ASO,ES,Combined TRACON& Tower with Radar,61,13,22,12,108,0,497,20,3,520,61,510,42,15,628,18,14,32,660
08/20/2016,MYR,SC,ASO,ES,Combined TRACON& Tower with Radar,62,32,14,0,108,0,623,24,0,647,62,655,38,0,755,14,0,14,769
08/21/2016,MYR,SC,ASO,ES,Combined TRACON& Tower with Radar,81,8,21,3,113,0,518,23,0,541,81,526,44,3,654,9,10,19,673
08/22/2016,MYR,SC,ASO,ES,Combined TRACON& Tower with Radar,62,8,6,18,94,0,406,10,1,417,62,414,16,19,511,0,0,0,511
08/23/2016,MYR,SC,ASO,ES,Combined TRACON& Tower with Radar,52,13,29,13,107,0,361,23,0,384,52,374,52,13,491,34,0,34,525
08/24/2016,MYR,SC,ASO,ES,Combined TRACON& Tower with Radar,55,18,15,4,92,0,420,22,0,442,55,438,37,4,534,18,0,18,552
08/25/2016,MYR,SC,ASO,ES,Combined TRACON& Tower with Radar,72,12,20,20,124,0,456,15,0,471,72,468,35,20,595,6,0,6,601
08/26/2016,MYR,SC,ASO,ES,Combined TRACON& Tower with Radar,65,18,13,5,101,0,352,36,1,389,65,370,49,6,490,40,6,46,536
08/27/2016,MYR,SC,ASO,ES,Combined TRACON& Tower with Radar,61,17,19,0,97,0,574,22,0,596,61,591,41,0,693,0,2,2,695
08/28/2016,MYR,SC,ASO,ES,Combined TRACON& Tower with Radar,76,12,12,1,101,0,248,13,0,261,76,260,25,1,362,0,0,0,362
08/29/2016,MYR,SC,ASO,ES,Combined TRACON& Tower with Radar,60,8,6,3,77,0,188,6,3,197,60,196,12,6,274,0,0,0,274
08/30/2016,MYR,SC,ASO,ES,Combined TRACON& Tower with Radar,55,22,16,15,108,0,216,20,0,236,55,238,36,15,344,37,0,37,381
08/31/2016,MYR,SC,ASO,ES,Combined TRACON& Tower with Radar,53,11,4,15,83,0,129,13,0,142,53,140,17,15,225,8,0,8,233
09/01/2016,MYR,SC,ASO,ES,Combined TRACON& Tower with Radar,71,16,31,6,124,0,230,10,0,240,71,246,41,6,364,2,0,2,366
09/02/2016,MYR,SC,ASO,ES,Combined TRACON& Tower with Radar,59,12,3,0,74,0,0,0,0,0,59,12,3,0,74,0,0,0,74
09/03/2016,MYR,SC,ASO,ES,Combined TRACON& Tower with Radar,58,13,28,0,99,0,427,20,0,447,58,440,48,0,546,5,0,5,551
09/04/2016,MYR,SC,ASO,ES,Combined TRACON& Tower with Radar,70,8,6,0,84,0,649,15,0,664,70,657,21,0,748,14,0,14,762
09/05/2016,MYR,SC,ASO,ES,Combined TRACON& Tower with Radar,63,13,21,8,105,0,424,29,4,457,63,437,50,12,562,4,0,4,566
09/06/2016,MYR,SC,ASO,ES,Combined TRACON& Tower with Radar,48,13,18,19,98,0,158,16,2,176,48,171,34,21,274,8,14,22,296
09/07/2016,MYR,SC,ASO,ES,Combined TRACON& Tower with Radar,53,11,16,14,94,0,177,35,3,215,53,188,51,17,309,16,4,20,329
09/08/2016,MYR,SC,ASO,ES,Combined TRACON& Tower with Radar,79,8,17,0,104,0,174,21,3,198,79,182,38,3,302,6,2,8,310
09/09/2016,MYR,SC,ASO,ES,Combined TRACON& Tower with Radar,65,12,18,0,95,0,216,28,0,244,65,228,46,0,339,0,0,0,339
09/10/2016,MYR,SC,ASO,ES,Combined TRACON& Tower with Radar,51,10,10,0,71,0,368,18,0,386,51,378,28,0,457,10,0,10,467
09/11/2016,MYR,SC,ASO,ES,Combined TRACON& Tower with Radar,72,8,16,2,98,8,167,22,0,197,80,175,38,2,295,0,12,12,307
09/12/2016,MYR,SC,ASO,ES,Combined TRACON& Tower with Radar,61,5,16,0,82,0,88,6,1,95,61,93,22,1,177,0,0,0,177
09/13/2016,MYR,SC,ASO,ES,Combined TRACON& Tower with Radar,42,26,16,12,96,0,125,6,1,132,42,151,22,13,228,0,4,4,232
09/14/2016,MYR,SC,ASO,ES,Combined TRACON& Tower with Radar,39,8,10,0,57,0,85,0,0,85,39,93,10,0,142,0,0,0,142
09/15/2016,MYR,SC,ASO,ES,Combined TRACON& Tower with Radar,69,7,12,11,99,0,116,2,0,118,69,123,14,11,217,2,0,2,219
09/16/2016,MYR,SC,ASO,ES,Combined TRACON& Tower with Radar,66,13,31,22,132,0,200,11,2,213,66,213,42,24,345,0,0,0,345
09/17/2016,MYR,SC,ASO,ES,Combined TRACON& Tower with Radar,53,11,17,0,81,0,255,9,0,264,53,266,26,0,345,14,0,14,359
09/18/2016,MYR,SC,ASO,ES,Combined TRACON& Tower with Radar,68,14,17,2,101,0,154,20,2,176,68,168,37,4,277,8,0,8,285
09/19/2016,MYR,SC,ASO,ES,Combined TRACON& Tower with Radar,67,14,15,6,102,0,37,7,0,44,67,51,22,6,146,0,0,0,146
09/20/2016,MYR,SC,ASO,ES,Combined TRACON& Tower with Radar,42,12,19,23,96,0,74,0,0,74,42,86,19,23,170,0,0,0,170
09/21/2016,MYR,SC,ASO,ES,Combined TRACON& Tower with Radar,39,8,17,0,64,0,124,3,0,127,39,132,20,0,191,0,0,0,191
09/22/2016,MYR,SC,ASO,ES,Combined TRACON& Tower with Radar,66,9,15,4,94,0,80,4,0,84,66,89,19,4,178,0,6,6,184
09/23/2016,MYR,SC,ASO,ES,Combined TRACON& Tower with Radar,63,13,28,5,109,0,115,5,2,122,63,128,33,7,231,2,0,2,233
09/24/2016,MYR,SC,ASO,ES,Combined TRACON& Tower with Radar,51,14,19,0,84,0,221,43,0,264,51,235,62,0,348,20,0,20,368
09/25/2016,MYR,SC,ASO,ES,Combined TRACON& Tower with Radar,65,8,27,0,100,0,172,13,0,185,65,180,40,0,285,6,0,6,291
09/26/2016,MYR,SC,ASO,ES,Combined TRACON& Tower with Radar,62,6,14,29,111,0,85,15,2,102,62,91,29,31,213,0,6,6,219
09/27/2016,MYR,SC,ASO,ES,Combined TRACON& Tower with Radar,42,7,10,14,73,0,121,16,0,137,42,128,26,14,210,8,0,8,218
09/28/2016,MYR,SC,ASO,ES,Combined TRACON& Tower with Radar,38,19,17,7,81,0,119,10,3,132,38,138,27,10,213,12,6,18,231
09/29/2016,MYR,SC,ASO,ES,Combined TRACON& Tower with Radar,62,8,31,2,103,0,52,7,2,61,62,60,38,4,164,1,0,1,165
09/30/2016,MYR,SC,ASO,ES,Combined TRACON& Tower with Radar,56,18,10,2,86,0,123,17,0,140,56,141,27,2,226,4,0,4,230
10/01/2016,MYR,SC,ASO,ES,Combined TRACON& Tower with Radar,51,10,17,0,78,0,195,9,0,204,51,205,26,0,282,2,0,2,284
10/02/2016,MYR,SC,ASO,ES,Combined TRACON& Tower with Radar,61,9,21,0,91,0,171,18,0,189,61,180,39,0,280,10,0,10,290
10/03/2016,MYR,SC,ASO,ES,Combined TRACON& Tower with Radar,55,8,20,8,91,0,97,9,0,106,55,105,29,8,197,0,0,0,197
10/04/2016,MYR,SC,ASO,ES,Combined TRACON& Tower with Radar,42,8,23,8,81,0,66,23,0,89,42,74,46,8,170,2,0,2,172
10/05/2016,MYR,SC,ASO,ES,Combined TRACON& Tower with Radar,39,6,14,8,67,0,27,7,1,35,39,33,21,9,102,0,0,0,102
10/06/2016,MYR,SC,ASO,ES,Combined TRACON& Tower with Radar,53,13,14,2,82,0,0,1,2,3,53,13,15,4,85,0,0,0,85
10/07/2016,MYR,SC,ASO,ES,Combined TRACON& Tower with Radar,20,8,0,0,28,0,0,0,0,0,20,8,0,0,28,0,0,0,28
10/08/2016,MYR,SC,ASO,ES,Combined TRACON& Tower with Radar,0,0,0,0,0,0,0,0,0,0,0,0,0,0,0,0,0,0,0
10/09/2016,MYR,SC,ASO,ES,Combined TRACON& Tower with Radar,0,0,0,0,0,0,0,0,0,0,0,0,0,0,0,0,0,0,0
10/10/2016,MYR,SC,ASO,ES,Combined TRACON& Tower with Radar,35,10,7,0,52,0,11,16,5,32,35,21,23,5,84,0,0,0,84
10/11/2016,MYR,SC,ASO,ES,Combined TRACON& Tower with Radar,41,12,24,0,77,0,19,13,7,39,41,31,37,7,116,12,0,12,128
10/12/2016,MYR,SC,ASO,ES,Combined TRACON& Tower with Radar,39,19,27,2,87,0,30,27,2,59,39,49,54,4,146,5,0,5,151
10/13/2016,MYR,SC,ASO,ES,Combined TRACON& Tower with Radar,63,18,24,2,107,0,42,38,6,86,63,60,62,8,193,12,0,12,205
10/14/2016,MYR,SC,ASO,ES,Combined TRACON& Tower with Radar,49,14,23,10,96,0,71,31,4,106,49,85,54,14,202,2,2,4,206
10/15/2016,MYR,SC,ASO,ES,Combined TRACON& Tower with Radar,47,11,13,4,75,0,86,41,1,128,47,97,54,5,203,35,0,35,238
10/16/2016,MYR,SC,ASO,ES,Combined TRACON& Tower with Radar,60,4,31,11,106,0,89,31,4,124,60,93,62,15,230,26,8,34,264
10/17/2016,MYR,SC,ASO,ES,Combined TRACON& Tower with Radar,49,14,22,10,95,0,43,16,4,63,49,57,38,14,158,8,18,26,184
10/18/2016,MYR,SC,ASO,ES,Combined TRACON& Tower with Radar,44,15,14,5,78,0,89,18,9,116,44,104,32,14,194,0,0,0,194
10/19/2016,MYR,SC,ASO,ES,Combined TRACON& Tower with Radar,42,10,25,3,80,0,48,26,7,81,42,58,51,10,161,4,0,4,165
10/20/2016,MYR,SC,ASO,ES,Combined TRACON& Tower with Radar,57,12,20,21,110,0,47,15,5,67,57,59,35,26,177,13,12,25,202
10/21/2016,MYR,SC,ASO,ES,Combined TRACON& Tower with Radar,48,16,15,0,79,0,45,24,2,71,48,61,39,2,150,17,0,17,167
10/22/2016,MYR,SC,ASO,ES,Combined TRACON& Tower with Radar,48,12,16,2,78,0,90,34,2,126,48,102,50,4,204,10,0,10,214
10/23/2016,MYR,SC,ASO,ES,Combined TRACON& Tower with Radar,60,9,14,6,89,0,80,32,1,113,60,89,46,7,202,61,0,61,263
10/24/2016,MYR,SC,ASO,ES,Combined TRACON& Tower with Radar,51,13,14,2,80,0,34,12,6,52,51,47,26,8,132,8,0,8,140
10/25/2016,MYR,SC,ASO,ES,Combined TRACON& Tower with Radar,38,10,22,15,85,0,38,23,3,64,38,48,45,18,149,33,14,47,196
10/26/2016,MYR,SC,ASO,ES,Combined TRACON& Tower with Radar,34,14,19,9,76,0,34,24,0,58,34,48,43,9,134,6,12,18,152
10/27/2016,MYR,SC,ASO,ES,Combined TRACON& Tower with Radar,52,13,21,16,102,0,42,15,0,57,52,55,36,16,159,13,2,15,174
10/28/2016,MYR,SC,ASO,ES,Combined TRACON& Tower with Radar,45,14,17,12,88,0,23,18,4,45,45,37,35,16,133,12,4,16,149
10/29/2016,MYR,SC,ASO,ES,Combined TRACON& Tower with Radar,46,12,9,0,67,0,86,26,0,112,46,98,35,0,179,0,0,0,179
10/30/2016,MYR,SC,ASO,ES,Combined TRACON& Tower with Radar,56,7,11,3,77,0,78,29,2,109,56,85,40,5,186,28,0,28,214
10/31/2016,MYR,SC,ASO,ES,Combined TRACON& Tower with Radar,45,8,11,5,69,0,57,13,2,72,45,65,24,7,141,2,0,2,143
11/01/2016,MYR,SC,ASO,ES,Combined TRACON& Tower with Radar,38,15,14,16,83,0,31,17,2,50,38,46,31,18,133,18,2,20,153
11/02/2016,MYR,SC,ASO,ES,Combined TRACON& Tower with Radar,35,8,15,22,80,0,21,12,0,33,35,29,27,22,113,6,0,6,119
11/03/2016,MYR,SC,ASO,ES,Combined TRACON& Tower with Radar,51,10,15,39,115,0,43,19,0,62,51,53,34,39,177,28,16,44,221
11/04/2016,MYR,SC,ASO,ES,Combined TRACON& Tower with Radar,43,23,33,7,106,0,22,12,2,36,43,45,45,9,142,13,14,27,169
11/05/2016,MYR,SC,ASO,ES,Combined TRACON& Tower with Radar,43,11,7,10,71,0,105,17,2,124,43,116,24,12,195,23,12,35,230
11/06/2016,MYR,SC,ASO,ES,Combined TRACON& Tower with Radar,49,10,18,0,77,0,68,26,0,94,49,78,44,0,171,6,0,6,177
11/07/2016,MYR,SC,ASO,ES,Combined TRACON& Tower with Radar,42,8,17,26,93,0,28,24,0,52,42,36,41,26,145,3,0,3,148
11/08/2016,MYR,SC,ASO,ES,Combined TRACON& Tower with Radar,36,13,14,23,86,0,35,16,5,56,36,48,30,28,142,10,34,44,186
11/09/2016,MYR,SC,ASO,ES,Combined TRACON& Tower with Radar,35,11,26,6,78,0,25,12,0,37,35,36,38,6,115,32,4,36,151
11/10/2016,MYR,SC,ASO,ES,Combined TRACON& Tower with Radar,33,12,20,22,87,0,33,22,2,57,33,45,42,24,144,14,0,14,158
11/11/2016,MYR,SC,ASO,ES,Combined TRACON& Tower with Radar,32,10,24,8,74,0,40,25,0,65,32,50,49,8,139,8,0,8,147
11/12/2016,MYR,SC,ASO,ES,Combined TRACON& Tower with Radar,29,11,17,4,61,4,75,5,0,84,33,86,22,4,145,0,0,0,145
11/13/2016,MYR,SC,ASO,ES,Combined TRACON& Tower with Radar,34,8,25,0,67,0,9,4,0,13,34,17,29,0,80,0,0,0,80
11/14/2016,MYR,SC,ASO,ES,Combined TRACON& Tower with Radar,32,11,21,4,68,0,0,0,0,0,32,11,21,4,68,0,0,0,68
11/15/2016,MYR,SC,ASO,ES,Combined TRACON& Tower with Radar,29,10,16,29,84,0,7,6,0,13,29,17,22,29,97,2,6,8,105
11/16/2016,MYR,SC,ASO,ES,Combined TRACON& Tower with Radar,33,14,25,1,73,0,21,17,1,39,33,35,42,2,112,18,0,18,130
11/17/2016,MYR,SC,ASO,ES,Combined TRACON& Tower with Radar,34,16,15,3,68,0,16,14,1,31,34,32,29,4,99,22,0,22,121
11/18/2016,MYR,SC,ASO,ES,Combined TRACON& Tower with Radar,29,20,22,3,74,0,43,36,0,79,29,63,58,3,153,23,4,27,180
11/19/2016,MYR,SC,ASO,ES,Combined TRACON& Tower with Radar,28,17,12,13,70,0,66,22,5,93,28,83,34,18,163,4,0,4,167
11/20/2016,MYR,SC,ASO,ES,Combined TRACON& Tower with Radar,34,5,15,2,56,0,55,6,0,61,34,60,21,2,117,8,0,8,125
11/21/2016,MYR,SC,ASO,ES,Combined TRACON& Tower with Radar,28,13,10,6,57,0,51,16,1,68,28,64,26,7,125,10,0,10,135
11/22/2016,MYR,SC,ASO,ES,Combined TRACON& Tower with Radar,31,10,22,24,87,0,27,22,0,49,31,37,44,24,136,16,30,46,182
11/23/2016,MYR,SC,ASO,ES,Combined TRACON& Tower with Radar,32,15,18,0,65,0,60,18,0,78,32,75,36,0,143,10,4,14,157
11/24/2016,MYR,SC,ASO,ES,Combined TRACON& Tower with Radar,22,3,5,0,30,0,0,8,0,8,22,3,13,0,38,0,0,0,38
11/25/2016,MYR,SC,ASO,ES,Combined TRACON& Tower with Radar,28,18,11,0,57,0,130,51,0,181,28,148,62,0,238,15,0,15,253
11/26/2016,MYR,SC,ASO,ES,Combined TRACON& Tower with Radar,31,14,18,4,67,0,187,20,2,209,31,201,38,6,276,12,0,12,288
11/27/2016,MYR,SC,ASO,ES,Combined TRACON& Tower with Radar,35,11,20,0,66,0,36,30,0,66,35,47,50,0,132,30,0,30,162
11/28/2016,MYR,SC,ASO,ES,Combined TRACON& Tower with Radar,32,10,14,30,86,0,21,18,1,40,32,31,32,31,126,12,8,20,146
11/29/2016,MYR,SC,ASO,ES,Combined TRACON& Tower with Radar,27,19,14,17,77,0,8,3,3,14,27,27,17,20,91,14,0,14,105
11/30/2016,MYR,SC,ASO,ES,Combined TRACON& Tower with Radar,29,11,11,8,59,0,4,9,0,13,29,15,20,8,72,0,0,0,72
12/01/2016,MYR,SC,ASO,ES,Combined TRACON& Tower with Radar,28,14,18,22,82,0,9,13,0,22,28,23,31,22,104,4,8,12,116
12/02/2016,MYR,SC,ASO,ES,Combined TRACON& Tower with Radar,28,14,7,9,58,0,13,30,3,46,28,27,37,12,104,5,0,5,109
12/03/2016,MYR,SC,ASO,ES,Combined TRACON& Tower with Radar,24,7,18,19,68,0,38,18,0,56,24,45,36,19,124,0,12,12,136
12/04/2016,MYR,SC,ASO,ES,Combined TRACON& Tower with Radar,23,3,9,1,36,0,15,7,2,24,23,18,16,3,60,0,0,0,60
12/05/2016,MYR,SC,ASO,ES,Combined TRACON& Tower with Radar,24,13,15,15,67,0,5,3,2,10,24,18,18,17,77,0,0,0,77
12/06/2016,MYR,SC,ASO,ES,Combined TRACON& Tower with Radar,26,11,4,0,41,0,0,0,0,0,26,11,4,0,41,0,0,0,41
12/07/2016,MYR,SC,ASO,ES,Combined TRACON& Tower with Radar,30,10,23,21,84,0,17,16,0,33,30,27,39,21,117,0,3,3,120
12/08/2016,MYR,SC,ASO,ES,Combined TRACON& Tower with Radar,27,13,22,12,74,0,17,8,2,27,27,30,30,14,101,12,0,12,113
12/09/2016,MYR,SC,ASO,ES,Combined TRACON& Tower with Radar,28,13,13,10,64,0,14,22,0,36,28,27,35,10,100,0,10,10,110
12/10/2016,MYR,SC,ASO,ES,Combined TRACON& Tower with Radar,22,13,14,3,52,0,21,18,0,39,22,34,32,3,91,10,0,10,101
12/11/2016,MYR,SC,ASO,ES,Combined TRACON& Tower with Radar,26,6,23,5,60,0,17,8,0,25,26,23,31,5,85,8,0,8,93
12/12/2016,MYR,SC,ASO,ES,Combined TRACON& Tower with Radar,25,8,7,18,58,0,11,1,0,12,25,19,8,18,70,14,2,16,86
12/13/2016,MYR,SC,ASO,ES,Combined TRACON& Tower with Radar,25,11,16,2,54,0,5,2,0,7,25,16,18,2,61,0,0,0,61
12/14/2016,MYR,SC,ASO,ES,Combined TRACON& Tower with Radar,27,15,19,5,66,0,4,8,1,13,27,19,27,6,79,9,0,9,88
12/15/2016,MYR,SC,ASO,ES,Combined TRACON& Tower with Radar,22,18,19,9,68,0,10,23,0,33,22,28,42,9,101,26,0,26,127
12/16/2016,MYR,SC,ASO,ES,Combined TRACON& Tower with Radar,26,13,13,7,59,0,6,23,0,29,26,19,36,7,88,0,0,0,88
12/17/2016,MYR,SC,ASO,ES,Combined TRACON& Tower with Radar,24,15,10,0,49,0,18,13,0,31,24,33,23,0,80,0,0,0,80
12/18/2016,MYR,SC,ASO,ES,Combined TRACON& Tower with Radar,26,9,8,6,49,0,35,8,0,43,26,44,16,6,92,8,0,8,100
12/19/2016,MYR,SC,ASO,ES,Combined TRACON& Tower with Radar,23,11,21,3,58,0,0,0,0,0,23,11,21,3,58,0,0,0,58
12/20/2016,MYR,SC,ASO,ES,Combined TRACON& Tower with Radar,25,10,17,11,63,0,0,0,0,0,25,10,17,11,63,0,0,0,63
12/21/2016,MYR,SC,ASO,ES,Combined TRACON& Tower with Radar,25,12,22,5,64,0,36,18,2,56,25,48,40,7,120,9,0,9,129
12/22/2016,MYR,SC,ASO,ES,Combined TRACON& Tower with Radar,29,15,23,16,83,0,18,22,0,40,29,33,45,16,123,0,0,0,123
12/23/2016,MYR,SC,ASO,ES,Combined TRACON& Tower with Radar,28,17,24,0,69,0,28,28,0,56,28,45,52,0,125,0,0,0,125
12/24/2016,MYR,SC,ASO,ES,Combined TRACON& Tower with Radar,27,11,6,0,44,0,64,1,0,65,27,75,7,0,109,6,0,6,115
12/25/2016,MYR,SC,ASO,ES,Combined TRACON& Tower with Radar,27,6,6,0,39,0,0,5,0,5,27,6,11,0,44,0,0,0,44
12/26/2016,MYR,SC,ASO,ES,Combined TRACON& Tower with Radar,30,11,15,0,56,0,84,7,0,91,30,95,22,0,147,0,0,0,147
12/27/2016,MYR,SC,ASO,ES,Combined TRACON& Tower with Radar,30,16,20,2,68,0,93,7,0,100,30,109,27,2,168,0,0,0,168
12/28/2016,MYR,SC,ASO,ES,Combined TRACON& Tower with Radar,27,14,31,4,76,0,164,19,0,183,27,178,50,4,259,6,0,6,265
12/29/2016,MYR,SC,ASO,ES,Combined TRACON& Tower with Radar,26,13,6,9,54,0,99,7,0,106,26,112,13,9,160,27,0,27,187
12/30/2016,MYR,SC,ASO,ES,Combined TRACON& Tower with Radar,29,10,33,2,74,0,122,20,0,142,29,132,53,2,216,0,0,0,216
12/31/2016,MYR,SC,ASO,ES,Combined TRACON& Tower with Radar,27,15,12,0,54,0,211,30,0,241,27,226,42,0,295,16,0,16,311
01/01/2017,MYR,SC,ASO,ES,Combined TRACON& Tower with Radar,28,3,16,0,47,0,95,6,0,101,28,98,22,0,148,6,0,6,154
01/02/2017,MYR,SC,ASO,ES,Combined TRACON& Tower with Radar,24,11,20,0,55,0,22,0,0,22,24,33,20,0,77,0,0,0,77
01/03/2017,MYR,SC,ASO,ES,Combined TRACON& Tower with Radar,25,16,13,3,57,0,22,0,2,24,25,38,13,5,81,0,0,0,81
01/04/2017,MYR,SC,ASO,ES,Combined TRACON& Tower with Radar,27,18,31,11,87,0,35,7,3,45,27,53,38,14,132,0,0,0,132
01/05/2017,MYR,SC,ASO,ES,Combined TRACON& Tower with Radar,32,13,36,15,96,0,23,22,6,51,32,36,58,21,147,4,3,7,154
01/06/2017,MYR,SC,ASO,ES,Combined TRACON& Tower with Radar,24,14,17,12,67,0,30,11,1,42,24,44,28,13,109,2,0,2,111
01/07/2017,MYR,SC,ASO,ES,Combined TRACON& Tower with Radar,12,6,0,0,18,0,0,0,0,0,12,6,0,0,18,0,0,0,18
01/08/2017,MYR,SC,ASO,ES,Combined TRACON& Tower with Radar,23,8,12,3,46,0,4,10,0,14,23,12,22,3,60,8,0,8,68
01/09/2017,MYR,SC,ASO,ES,Combined TRACON& Tower with Radar,25,23,8,11,67,0,8,15,0,23,25,31,23,11,90,18,0,18,108
01/10/2017,MYR,SC,ASO,ES,Combined TRACON& Tower with Radar,24,14,16,11,65,0,12,9,3,24,24,26,25,14,89,0,0,0,89
01/11/2017,MYR,SC,ASO,ES,Combined TRACON& Tower with Radar,26,16,8,11,61,0,17,21,3,41,26,33,29,14,102,2,0,2,104
01/12/2017,MYR,SC,ASO,ES,Combined TRACON& Tower with Radar,27,13,25,10,75,0,11,72,1,84,27,24,97,11,159,0,0,0,159
01/13/2017,MYR,SC,ASO,ES,Combined TRACON& Tower with Radar,24,16,16,6,62,0,29,25,0,54,24,45,41,6,116,0,0,0,116
01/14/2017,MYR,SC,ASO,ES,Combined TRACON& Tower with Radar,23,7,16,2,48,0,90,18,0,108,23,97,34,2,156,44,0,44,200
01/15/2017,MYR,SC,ASO,ES,Combined TRACON& Tower with Radar,26,6,23,2,57,0,78,26,2,106,26,84,49,4,163,24,0,24,187
01/16/2017,MYR,SC,ASO,ES,Combined TRACON& Tower with Radar,22,10,26,0,58,0,12,5,0,17,22,22,31,0,75,0,0,0,75
01/17/2017,MYR,SC,ASO,ES,Combined TRACON& Tower with Radar,23,17,19,37,96,0,29,40,3,72,23,46,59,40,168,8,16,24,192
01/18/2017,MYR,SC,ASO,ES,Combined TRACON& Tower with Radar,29,13,20,19,81,0,18,9,1,28,29,31,29,20,109,0,0,0,109
01/19/2017,MYR,SC,ASO,ES,Combined TRACON& Tower with Radar,30,21,23,19,93,0,16,13,0,29,30,37,36,19,122,0,4,4,126
01/20/2017,MYR,SC,ASO,ES,Combined TRACON& Tower with Radar,27,15,19,13,74,0,20,23,0,43,27,35,42,13,117,14,4,18,135
01/21/2017,MYR,SC,ASO,ES,Combined TRACON& Tower with Radar,22,9,8,0,39,0,2,2,0,4,22,11,10,0,43,0,0,0,43
01/22/2017,MYR,SC,ASO,ES,Combined TRACON& Tower with Radar,27,2,3,2,34,0,2,0,0,2,27,4,3,2,36,0,0,0,36
01/23/2017,MYR,SC,ASO,ES,Combined TRACON& Tower with Radar,22,10,14,24,70,0,15,1,0,16,22,25,15,24,86,12,0,12,98
01/24/2017,MYR,SC,ASO,ES,Combined TRACON& Tower with Radar,23,14,14,22,73,0,18,25,3,46,23,32,39,25,119,6,6,12,131
01/25/2017,MYR,SC,ASO,ES,Combined TRACON& Tower with Radar,27,14,26,25,92,0,16,27,4,47,27,30,53,29,139,2,24,26,165
01/26/2017,MYR,SC,ASO,ES,Combined TRACON& Tower with Radar,26,10,13,0,49,0,10,4,0,14,26,20,17,0,63,0,0,0,63
01/27/2017,MYR,SC,ASO,ES,Combined TRACON& Tower with Radar,23,16,22,23,84,0,20,18,0,38,23,36,40,23,122,2,0,2,124
01/28/2017,MYR,SC,ASO,ES,Combined TRACON& Tower with Radar,22,7,7,22,58,0,100,35,9,144,22,107,42,31,202,0,69,69,271
01/29/2017,MYR,SC,ASO,ES,Combined TRACON& Tower with Radar,25,4,13,8,50,0,40,21,0,61,25,44,34,8,111,2,0,2,113
01/30/2017,MYR,SC,ASO,ES,Combined TRACON& Tower with Radar,26,10,17,12,65,0,18,9,1,28,26,28,26,13,93,12,6,18,111
01/31/2017,MYR,SC,ASO,ES,Combined TRACON& Tower with Radar,22,16,7,8,53,0,25,10,7,42,22,41,17,15,95,0,0,0,95
02/01/2017,MYR,SC,ASO,ES,Combined TRACON& Tower with Radar,25,13,11,20,69,0,25,25,0,50,25,38,36,20,119,14,12,26,145
02/02/2017,MYR,SC,ASO,ES,Combined TRACON& Tower with Radar,25,15,17,2,59,0,18,19,1,38,25,33,36,3,97,10,0,10,107
02/03/2017,MYR,SC,ASO,ES,Combined TRACON& Tower with Radar,25,13,8,7,53,0,18,4,3,25,25,31,12,10,78,0,10,10,88
02/04/2017,MYR,SC,ASO,ES,Combined TRACON& Tower with Radar,23,7,8,0,38,0,71,12,0,83,23,78,20,0,121,26,0,26,147
02/05/2017,MYR,SC,ASO,ES,Combined TRACON& Tower with Radar,23,6,10,0,39,0,58,7,0,65,23,64,17,0,104,15,0,15,119
02/06/2017,MYR,SC,ASO,ES,Combined TRACON& Tower with Radar,22,13,11,2,48,0,24,13,0,37,22,37,24,2,85,20,2,22,107
02/07/2017,MYR,SC,ASO,ES,Combined TRACON& Tower with Radar,20,16,20,19,75,0,23,17,0,40,20,39,37,19,115,23,6,29,144
02/08/2017,MYR,SC,ASO,ES,Combined TRACON& Tower with Radar,24,14,25,14,77,0,26,6,1,33,24,40,31,15,110,0,6,6,116
02/09/2017,MYR,SC,ASO,ES,Combined TRACON& Tower with Radar,31,16,10,2,59,0,8,3,0,11,31,24,13,2,70,0,0,0,70
02/10/2017,MYR,SC,ASO,ES,Combined TRACON& Tower with Radar,32,17,8,20,77,0,32,46,3,81,32,49,54,23,158,10,4,14,172
02/11/2017,MYR,SC,ASO,ES,Combined TRACON& Tower with Radar,33,12,15,16,76,0,130,48,8,186,33,142,63,24,262,2,7,9,271
02/12/2017,MYR,SC,ASO,ES,Combined TRACON& Tower with Radar,33,6,11,8,58,0,107,15,5,127,33,113,26,13,185,11,9,20,205
02/13/2017,MYR,SC,ASO,ES,Combined TRACON& Tower with Radar,28,11,10,20,69,0,43,22,2,67,28,54,32,22,136,2,0,2,138
02/14/2017,MYR,SC,ASO,ES,Combined TRACON& Tower with Radar,32,14,23,33,102,0,78,27,3,108,32,92,50,36,210,28,20,48,258
02/15/2017,MYR,SC,ASO,ES,Combined TRACON& Tower with Radar,32,16,13,1,62,0,2,5,1,8,32,18,18,2,70,0,0,0,70
02/16/2017,MYR,SC,ASO,ES,Combined TRACON& Tower with Radar,38,11,23,16,88,0,43,26,6,75,38,54,49,22,163,4,10,14,177
02/17/2017,MYR,SC,ASO,ES,Combined TRACON& Tower with Radar,39,8,30,10,87,0,57,45,2,104,39,65,75,12,191,14,14,28,219
02/18/2017,MYR,SC,ASO,ES,Combined TRACON& Tower with Radar,37,5,17,9,68,0,195,31,2,228,37,200,48,11,296,27,0,27,323
02/19/2017,MYR,SC,ASO,ES,Combined TRACON& Tower with Radar,40,4,24,2,70,0,215,53,4,272,40,219,77,6,342,18,0,18,360
02/20/2017,MYR,SC,ASO,ES,Combined TRACON& Tower with Radar,37,10,22,2,71,0,96,36,0,132,37,106,58,2,203,16,0,16,219
02/21/2017,MYR,SC,ASO,ES,Combined TRACON& Tower with Radar,42,12,25,5,84,0,63,22,1,86,42,75,47,6,170,0,0,0,170
02/22/2017,MYR,SC,ASO,ES,Combined TRACON& Tower with Radar,35,12,20,18,85,0,94,20,2,116,35,106,40,20,201,0,10,10,211
02/23/2017,MYR,SC,ASO,ES,Combined TRACON& Tower with Radar,41,9,16,8,74,0,63,19,2,84,41,72,35,10,158,0,0,0,158
02/24/2017,MYR,SC,ASO,ES,Combined TRACON& Tower with Radar,36,9,17,20,82,0,102,29,0,131,36,111,46,20,213,22,14,36,249
02/25/2017,MYR,SC,ASO,ES,Combined TRACON& Tower with Radar,33,12,15,16,76,0,136,48,8,192,33,148,63,24,268,6,0,6,274
02/26/2017,MYR,SC,ASO,ES,Combined TRACON& Tower with Radar,33,4,6,5,48,0,145,30,3,178,33,149,36,8,226,59,4,63,289
02/27/2017,MYR,SC,ASO,ES,Combined TRACON& Tower with Radar,38,12,12,17,79,0,77,32,5,114,38,89,44,22,193,2,2,4,197
02/28/2017,MYR,SC,ASO,ES,Combined TRACON& Tower with Radar,42,14,21,13,90,0,43,26,0,69,42,57,47,13,159,42,0,42,201
03/01/2017,MYR,SC,ASO,ES,Combined TRACON& Tower with Radar,42,8,20,26,96,0,40,12,0,52,42,48,32,26,148,20,0,20,168
03/02/2017,MYR,SC,ASO,ES,Combined TRACON& Tower with Radar,45,12,24,40,121,0,27,16,2,45,45,39,40,42,166,2,12,14,180
03/03/2017,MYR,SC,ASO,ES,Combined TRACON& Tower with Radar,40,11,30,0,81,0,58,27,0,85,40,69,57,0,166,0,0,0,166
03/04/2017,MYR,SC,ASO,ES,Combined TRACON& Tower with Radar,39,7,20,0,66,0,199,38,0,237,39,206,58,0,303,19,0,19,322
03/05/2017,MYR,SC,ASO,ES,Combined TRACON& Tower with Radar,38,6,11,10,65,0,199,25,0,224,38,205,36,10,289,16,14,30,319
03/06/2017,MYR,SC,ASO,ES,Combined TRACON& Tower with Radar,37,6,19,12,74,0,98,27,1,126,37,104,46,13,200,36,14,50,250
03/07/2017,MYR,SC,ASO,ES,Combined TRACON& Tower with Radar,40,8,17,20,85,0,94,18,0,112,40,102,35,20,197,34,14,48,245
03/08/2017,MYR,SC,ASO,ES,Combined TRACON& Tower with Radar,39,7,23,12,81,0,86,16,0,102,39,93,39,12,183,36,0,36,219
03/09/2017,MYR,SC,ASO,ES,Combined TRACON& Tower with Radar,52,5,34,7,98,0,106,35,0,141,52,111,69,7,239,0,0,0,239
03/10/2017,MYR,SC,ASO,ES,Combined TRACON& Tower with Radar,47,6,17,4,74,0,131,11,3,145,47,137,28,7,219,6,2,8,227
03/11/2017,MYR,SC,ASO,ES,Combined TRACON& Tower with Radar,50,9,12,0,71,0,254,35,0,289,50,263,47,0,360,8,0,8,368
03/12/2017,MYR,SC,ASO,ES,Combined TRACON& Tower with Radar,45,8,14,0,67,0,2,0,0,2,45,10,14,0,69,0,0,0,69
03/13/2017,MYR,SC,ASO,ES,Combined TRACON& Tower with Radar,48,4,8,7,67,0,54,2,1,57,48,58,10,8,124,0,8,8,132
03/14/2017,MYR,SC,ASO,ES,Combined TRACON& Tower with Radar,40,6,13,2,61,0,160,7,0,167,40,166,20,2,228,0,0,0,228
03/15/2017,MYR,SC,ASO,ES,Combined TRACON& Tower with Radar,49,8,16,8,81,0,210,6,2,218,49,218,22,10,299,0,13,13,312
03/16/2017,MYR,SC,ASO,ES,Combined TRACON& Tower with Radar,56,7,40,11,114,0,218,39,2,259,56,225,79,13,373,33,0,33,406
03/17/2017,MYR,SC,ASO,ES,Combined TRACON& Tower with Radar,46,12,26,2,86,0,194,48,0,242,46,206,74,2,328,60,4,64,392
03/18/2017,MYR,SC,ASO,ES,Combined TRACON& Tower with Radar,44,15,13,2,74,0,225,14,2,241,44,240,27,4,315,0,0,0,315
03/19/2017,MYR,SC,ASO,ES,Combined TRACON& Tower with Radar,53,5,24,0,82,0,188,12,0,200,53,193,36,0,282,0,0,0,282
03/20/2017,MYR,SC,ASO,ES,Combined TRACON& Tower with Radar,48,6,32,8,94,0,129,30,0,159,48,135,62,8,253,37,13,50,303
03/21/2017,MYR,SC,ASO,ES,Combined TRACON& Tower with Radar,50,11,16,20,97,0,89,15,6,110,50,100,31,26,207,14,8,22,229
03/22/2017,MYR,SC,ASO,ES,Combined TRACON& Tower with Radar,48,4,14,33,99,0,113,10,0,123,48,117,24,33,222,2,10,12,234
03/23/2017,MYR,SC,ASO,ES,Combined TRACON& Tower with Radar,51,10,15,8,84,0,138,23,2,163,51,148,38,10,247,20,0,20,267
03/24/2017,MYR,SC,ASO,ES,Combined TRACON& Tower with Radar,48,9,15,27,99,0,214,34,2,250,48,223,49,29,349,18,26,44,393
03/25/2017,MYR,SC,ASO,ES,Combined TRACON& Tower with Radar,52,13,16,14,95,0,271,33,1,305,52,284,49,15,400,12,7,19,419
03/26/2017,MYR,SC,ASO,ES,Combined TRACON& Tower with Radar,52,7,20,2,81,0,216,13,0,229,52,223,33,2,310,4,4,8,318
03/27/2017,MYR,SC,ASO,ES,Combined TRACON& Tower with Radar,46,3,12,13,74,0,198,11,1,210,46,201,23,14,284,8,38,46,330
03/28/2017,MYR,SC,ASO,ES,Combined TRACON& Tower with Radar,52,6,13,0,71,0,130,5,0,135,52,136,18,0,206,6,0,6,212
03/29/2017,MYR,SC,ASO,ES,Combined TRACON& Tower with Radar,48,8,16,7,79,0,203,25,0,228,48,211,41,7,307,20,8,28,335
03/30/2017,MYR,SC,ASO,ES,Combined TRACON& Tower with Radar,57,9,20,6,92,0,179,24,2,205,57,188,44,8,297,16,0,16,313
03/31/2017,MYR,SC,ASO,ES,Combined TRACON& Tower with Radar,46,10,12,4,72,0,131,6,0,137,46,141,18,4,209,0,0,0,209
04/01/2017,MYR,SC,ASO,ES,Combined TRACON& Tower with Radar,54,11,23,1,89,0,293,57,0,350,54,304,80,1,439,6,0,6,445
04/02/2017,MYR,SC,ASO,ES,Combined TRACON& Tower with Radar,49,6,25,4,84,0,293,37,1,331,49,299,62,5,415,8,6,14,429
04/03/2017,MYR,SC,ASO,ES,Combined TRACON& Tower with Radar,47,3,12,29,91,0,209,9,2,220,47,212,21,31,311,26,6,32,343
04/04/2017,MYR,SC,ASO,ES,Combined TRACON& Tower with Radar,48,9,11,17,85,0,303,9,1,313,48,312,20,18,398,10,0,10,408
04/05/2017,MYR,SC,ASO,ES,Combined TRACON& Tower with Radar,44,16,19,14,93,0,242,13,1,256,44,258,32,15,349,0,0,0,349
04/06/2017,MYR,SC,ASO,ES,Combined TRACON& Tower with Radar,48,11,14,2,75,0,115,5,0,120,48,126,19,2,195,0,0,0,195
04/07/2017,MYR,SC,ASO,ES,Combined TRACON& Tower with Radar,42,15,32,6,95,0,263,7,0,270,42,278,39,6,365,16,4,20,385
04/08/2017,MYR,SC,ASO,ES,Combined TRACON& Tower with Radar,52,8,28,3,91,0,421,39,2,462,52,429,67,5,553,28,0,28,581
04/09/2017,MYR,SC,ASO,ES,Combined TRACON& Tower with Radar,53,11,22,9,95,0,318,36,6,360,53,329,58,15,455,22,43,65,520
04/10/2017,MYR,SC,ASO,ES,Combined TRACON& Tower with Radar,51,6,21,8,86,0,263,20,0,283,51,269,41,8,369,71,0,71,440
04/11/2017,MYR,SC,ASO,ES,Combined TRACON& Tower with Radar,53,4,18,3,78,0,313,27,3,343,53,317,45,6,421,36,0,36,457
04/12/2017,MYR,SC,ASO,ES,Combined TRACON& Tower with Radar,50,8,28,20,106,0,383,24,0,407,50,391,52,20,513,50,12,62,575
04/13/2017,MYR,SC,ASO,ES,Combined TRACON& Tower with Radar,58,10,29,22,119,0,351,23,3,377,58,361,52,25,496,18,63,81,577
04/14/2017,MYR,SC,ASO,ES,Combined TRACON& Tower with Radar,56,11,22,6,95,0,491,34,1,526,56,502,56,7,621,8,8,16,637
04/15/2017,MYR,SC,ASO,ES,Combined TRACON& Tower with Radar,52,6,17,0,75,0,511,23,0,534,52,517,40,0,609,2,0,2,611
04/16/2017,MYR,SC,ASO,ES,Combined TRACON& Tower with Radar,59,12,6,0,77,0,382,28,0,410,59,394,34,0,487,2,0,2,489
04/17/2017,MYR,SC,ASO,ES,Combined TRACON& Tower with Radar,55,7,33,30,125,0,338,24,4,366,55,345,57,34,491,20,20,40,531
04/18/2017,MYR,SC,ASO,ES,Combined TRACON& Tower with Radar,52,5,33,3,93,0,251,21,0,272,52,256,54,3,365,13,14,27,392
04/19/2017,MYR,SC,ASO,ES,Combined TRACON& Tower with Radar,48,10,33,26,117,0,317,20,2,339,48,327,53,28,456,12,18,30,486
04/20/2017,MYR,SC,ASO,ES,Combined TRACON& Tower with Radar,57,8,23,26,114,0,398,6,0,404,57,406,29,26,518,0,25,25,543
04/21/2017,MYR,SC,ASO,ES,Combined TRACON& Tower with Radar,59,14,19,16,108,0,349,16,0,365,59,363,35,16,473,4,24,28,501
04/22/2017,MYR,SC,ASO,ES,Combined TRACON& Tower with Radar,56,16,19,0,91,0,397,39,2,438,56,413,58,2,529,18,0,18,547
04/23/2017,MYR,SC,ASO,ES,Combined TRACON& Tower with Radar,58,10,23,9,100,0,26,0,0,26,58,36,23,9,126,0,7,7,133
04/24/2017,MYR,SC,ASO,ES,Combined TRACON& Tower with Radar,55,11,16,8,90,0,37,0,0,37,55,48,16,8,127,0,0,0,127
04/25/2017,MYR,SC,ASO,ES,Combined TRACON& Tower with Radar,47,6,27,0,80,0,84,2,1,87,47,90,29,1,167,0,0,0,167
04/26/2017,MYR,SC,ASO,ES,Combined TRACON& Tower with Radar,51,8,35,30,124,0,114,18,0,132,51,122,53,30,256,41,32,73,329
04/27/2017,MYR,SC,ASO,ES,Combined TRACON& Tower with Radar,68,10,24,10,112,0,122,26,11,159,68,132,50,21,271,50,26,76,347
04/28/2017,MYR,SC,ASO,ES,Combined TRACON& Tower with Radar,62,14,15,12,103,0,83,8,7,98,62,97,23,19,201,12,0,12,213
04/29/2017,MYR,SC,ASO,ES,Combined TRACON& Tower with Radar,66,9,22,5,102,0,397,17,12,426,66,406,39,17,528,0,0,0,528
04/30/2017,MYR,SC,ASO,ES,Combined TRACON& Tower with Radar,67,14,21,6,108,0,266,4,8,278,67,280,25,14,386,12,0,12,398
05/01/2017,MYR,SC,ASO,ES,Combined TRACON& Tower with Radar,69,10,12,18,109,0,105,4,1,110,69,115,16,19,219,2,0,2,221
05/02/2017,MYR,SC,ASO,ES,Combined TRACON& Tower with Radar,60,17,22,34,133,0,171,32,6,209,60,188,54,40,342,8,37,45,387
05/03/2017,MYR,SC,ASO,ES,Combined TRACON& Tower with Radar,66,6,25,15,112,0,110,32,3,145,66,116,57,18,257,36,8,44,301
05/04/2017,MYR,SC,ASO,ES,Combined TRACON& Tower with Radar,63,13,12,12,100,0,101,8,2,111,63,114,20,14,211,0,0,0,211
05/05/2017,MYR,SC,ASO,ES,Combined TRACON& Tower with Radar,66,8,15,4,93,0,131,3,2,136,66,139,18,6,229,18,0,18,247
05/06/2017,MYR,SC,ASO,ES,Combined TRACON& Tower with Radar,67,6,11,1,85,0,383,11,4,398,67,389,22,5,483,0,0,0,483
05/07/2017,MYR,SC,ASO,ES,Combined TRACON& Tower with Radar,69,4,20,0,93,0,234,23,7,264,69,238,43,7,357,0,0,0,357
05/08/2017,MYR,SC,ASO,ES,Combined TRACON& Tower with Radar,69,3,12,18,102,2,169,26,3,200,71,172,38,21,302,16,14,30,332
05/09/2017,MYR,SC,ASO,ES,Combined TRACON& Tower with Radar,59,11,30,27,127,0,129,36,2,167,59,140,66,29,294,23,16,39,333
05/10/2017,MYR,SC,ASO,ES,Combined TRACON& Tower with Radar,59,7,33,23,122,0,155,29,6,190,59,162,62,29,312,2,28,30,342
05/11/2017,MYR,SC,ASO,ES,Combined TRACON& Tower with Radar,65,7,32,7,111,0,162,21,0,183,65,169,53,7,294,0,0,0,294
05/12/2017,MYR,SC,ASO,ES,Combined TRACON& Tower with Radar,67,5,26,10,108,0,155,2,0,157,67,160,28,10,265,0,0,0,265
05/13/2017,MYR,SC,ASO,ES,Combined TRACON& Tower with Radar,67,11,10,1,89,0,65,2,0,67,67,76,12,1,156,0,0,0,156
05/14/2017,MYR,SC,ASO,ES,Combined TRACON& Tower with Radar,70,6,25,4,105,0,342,40,1,383,70,348,65,5,488,4,0,4,492
05/15/2017,MYR,SC,ASO,ES,Combined TRACON& Tower with Radar,68,6,11,31,116,0,172,31,5,208,68,178,42,36,324,16,26,42,366
05/16/2017,MYR,SC,ASO,ES,Combined TRACON& Tower with Radar,57,8,20,19,104,0,215,27,1,243,57,223,47,20,347,36,12,48,395
05/17/2017,MYR,SC,ASO,ES,Combined TRACON& Tower with Radar,68,12,24,21,125,0,190,23,1,214,68,202,47,22,339,16,31,47,386
05/18/2017,MYR,SC,ASO,ES,Combined TRACON& Tower with Radar,72,12,31,18,133,0,177,21,1,199,72,189,52,19,332,14,6,20,352
05/19/2017,MYR,SC,ASO,ES,Combined TRACON& Tower with Radar,71,6,18,7,102,0,231,22,8,261,71,237,40,15,363,32,4,36,399
05/20/2017,MYR,SC,ASO,ES,Combined TRACON& Tower with Radar,69,16,18,10,113,0,332,21,4,357,69,348,39,14,470,6,16,22,492
05/21/2017,MYR,SC,ASO,ES,Combined TRACON& Tower with Radar,71,6,36,11,124,0,277,11,2,290,71,283,47,13,414,0,12,12,426
05/22/2017,MYR,SC,ASO,ES,Combined TRACON& Tower with Radar,69,6,5,8,88,0,127,2,1,130,69,133,7,9,218,0,12,12,230
05/23/2017,MYR,SC,ASO,ES,Combined TRACON& Tower with Radar,58,10,13,7,88,0,132,1,1,134,58,142,14,8,222,0,0,0,222
05/24/2017,MYR,SC,ASO,ES,Combined TRACON& Tower with Radar,64,6,16,0,86,0,144,17,3,164,64,150,33,3,250,0,0,0,250
05/25/2017,MYR,SC,ASO,ES,Combined TRACON& Tower with Radar,81,5,19,4,109,0,186,9,1,196,81,191,28,5,305,4,0,4,309
05/26/2017,MYR,SC,ASO,ES,Combined TRACON& Tower with Radar,76,14,29,2,121,0,255,47,8,310,76,269,76,10,431,8,1,9,440
05/27/2017,MYR,SC,ASO,ES,Combined TRACON& Tower with Radar,75,8,13,0,96,0,582,24,3,609,75,590,37,3,705,14,0,14,719
05/28/2017,MYR,SC,ASO,ES,Combined TRACON& Tower with Radar,70,7,8,0,85,0,796,10,2,808,70,803,18,2,893,1,0,1,894
05/29/2017,MYR,SC,ASO,ES,Combined TRACON& Tower with Radar,73,1,22,0,96,0,527,20,3,550,73,528,42,3,646,22,0,22,668
05/30/2017,MYR,SC,ASO,ES,Combined TRACON& Tower with Radar,61,13,20,33,127,0,255,15,1,271,61,268,35,34,398,22,15,37,435
05/31/2017,MYR,SC,ASO,ES,Combined TRACON& Tower with Radar,69,7,19,23,118,0,264,26,2,292,69,271,45,25,410,29,44,73,483
06/01/2017,MYR,SC,ASO,ES,Combined TRACON& Tower with Radar,79,14,20,29,142,0,250,8,3,261,79,264,28,32,403,4,26,30,433
06/02/2017,MYR,SC,ASO,ES,Combined TRACON& Tower with Radar,76,16,17,7,116,0,262,41,0,303,76,278,58,7,419,29,14,43,462
06/03/2017,MYR,SC,ASO,ES,Combined TRACON& Tower with Radar,84,17,13,2,116,0,349,28,0,377,84,366,41,2,493,0,0,0,493
06/04/2017,MYR,SC,ASO,ES,Combined TRACON& Tower with Radar,80,10,23,8,121,0,309,35,0,344,80,319,58,8,465,2,0,2,467
06/05/2017,MYR,SC,ASO,ES,Combined TRACON& Tower with Radar,71,6,10,6,93,4,172,2,0,178,75,178,12,6,271,0,0,0,271
06/06/2017,MYR,SC,ASO,ES,Combined TRACON& Tower with Radar,56,14,19,5,94,0,182,3,0,185,56,196,22,5,279,4,0,4,283
06/07/2017,MYR,SC,ASO,ES,Combined TRACON& Tower with Radar,73,7,16,6,102,0,180,3,0,183,73,187,19,6,285,12,0,12,297
06/08/2017,MYR,SC,ASO,ES,Combined TRACON& Tower with Radar,80,12,25,8,125,0,384,7,0,391,80,396,32,8,516,2,0,2,518
06/09/2017,MYR,SC,ASO,ES,Combined TRACON& Tower with Radar,77,10,33,28,148,0,313,45,8,366,77,323,78,36,514,33,14,47,561
06/10/2017,MYR,SC,ASO,ES,Combined TRACON& Tower with Radar,87,19,22,0,128,0,347,33,0,380,87,366,55,0,508,6,0,6,514
06/11/2017,MYR,SC,ASO,ES,Combined TRACON& Tower with Radar,80,7,27,6,120,0,369,33,0,402,80,376,60,6,522,10,0,10,532
06/12/2017,MYR,SC,ASO,ES,Combined TRACON& Tower with Radar,75,7,30,27,139,0,295,16,2,313,75,302,46,29,452,3,26,29,481
06/13/2017,MYR,SC,ASO,ES,Combined TRACON& Tower with Radar,57,8,13,32,110,0,396,28,0,424,57,404,41,32,534,40,54,94,628
06/14/2017,MYR,SC,ASO,ES,Combined TRACON& Tower with Radar,74,10,19,9,112,0,544,30,1,575,74,554,49,10,687,59,0,59,746
06/15/2017,MYR,SC,ASO,ES,Combined TRACON& Tower with Radar,79,10,20,13,122,0,382,23,3,408,79,392,43,16,530,10,7,17,547
06/16/2017,MYR,SC,ASO,ES,Combined TRACON& Tower with Radar,74,10,23,34,141,0,393,22,0,415,74,403,45,34,556,33,14,47,603
06/17/2017,MYR,SC,ASO,ES,Combined TRACON& Tower with Radar,88,16,24,1,129,0,426,20,0,446,88,442,44,1,575,8,0,8,583
06/18/2017,MYR,SC,ASO,ES,Combined TRACON& Tower with Radar,84,11,13,0,108,0,404,27,0,431,84,415,40,0,539,8,0,8,547
06/19/2017,MYR,SC,ASO,ES,Combined TRACON& Tower with Radar,75,8,15,12,110,0,234,6,2,242,75,242,21,14,352,24,0,24,376
06/20/2017,MYR,SC,ASO,ES,Combined TRACON& Tower with Radar,64,6,16,5,91,0,182,13,1,196,64,188,29,6,287,15,0,15,302
06/21/2017,MYR,SC,ASO,ES,Combined TRACON& Tower with Radar,75,11,22,4,112,0,405,2,0,407,75,416,24,4,519,0,0,0,519
06/22/2017,MYR,SC,ASO,ES,Combined TRACON& Tower with Radar,84,11,21,3,119,0,299,9,0,308,84,310,30,3,427,0,0,0,427
06/23/2017,MYR,SC,ASO,ES,Combined TRACON& Tower with Radar,77,9,19,6,111,0,434,18,3,455,77,443,37,9,566,45,0,45,611
06/24/2017,MYR,SC,ASO,ES,Combined TRACON& Tower with Radar,100,17,22,0,139,0,454,20,2,476,100,471,42,2,615,53,0,53,668
06/25/2017,MYR,SC,ASO,ES,Combined TRACON& Tower with Radar,86,6,20,0,112,0,309,12,2,323,86,315,32,2,435,38,0,38,473
06/26/2017,MYR,SC,ASO,ES,Combined TRACON& Tower with Radar,75,17,18,6,116,0,343,30,1,374,75,360,48,7,490,19,6,25,515
06/27/2017,MYR,SC,ASO,ES,Combined TRACON& Tower with Radar,69,8,16,13,106,0,417,30,1,448,69,425,46,14,554,7,0,7,561
06/28/2017,MYR,SC,ASO,ES,Combined TRACON& Tower with Radar,80,4,23,10,117,0,518,27,1,546,80,522,50,11,663,10,6,16,679
06/29/2017,MYR,SC,ASO,ES,Combined TRACON& Tower with Radar,82,9,18,6,115,0,563,41,0,604,82,572,59,6,719,16,0,16,735
06/30/2017,MYR,SC,ASO,ES,Combined TRACON& Tower with Radar,78,9,19,10,116,0,325,8,0,333,78,334,27,10,449,10,0,10,459
07/01/2017,MYR,SC,ASO,ES,Combined TRACON& Tower with Radar,101,18,14,0,133,0,520,11,1,532,101,538,25,1,665,19,0,19,684
07/02/2017,MYR,SC,ASO,ES,Combined TRACON& Tower with Radar,98,5,12,0,115,0,887,17,2,906,98,892,29,2,1021,22,0,22,1043
07/03/2017,MYR,SC,ASO,ES,Combined TRACON& Tower with Radar,78,7,10,0,95,0,791,23,0,814,78,798,33,0,909,18,0,18,927
07/04/2017,MYR,SC,ASO,ES,Combined TRACON& Tower with Radar,61,5,9,4,79,0,742,19,0,761,61,747,28,4,840,16,0,16,856
07/05/2017,MYR,SC,ASO,ES,Combined TRACON& Tower with Radar,85,8,23,7,123,4,825,21,2,852,89,833,44,9,975,19,0,19,994
07/06/2017,MYR,SC,ASO,ES,Combined TRACON& Tower with Radar,89,8,20,16,133,0,726,18,0,744,89,734,38,16,877,10,17,27,904
07/07/2017,MYR,SC,ASO,ES,Combined TRACON& Tower with Radar,84,9,13,5,111,0,637,20,3,660,84,646,33,8,771,2,4,6,777
07/08/2017,MYR,SC,ASO,ES,Combined TRACON& Tower with Radar,92,20,11,6,129,0,584,32,10,626,92,604,43,16,755,2,4,6,761
07/09/2017,MYR,SC,ASO,ES,Combined TRACON& Tower with Radar,92,9,25,7,133,0,468,14,1,483,92,477,39,8,616,0,0,0,616
07/10/2017,MYR,SC,ASO,ES,Combined TRACON& Tower with Radar,77,6,4,15,102,0,312,14,2,328,77,318,18,17,430,4,0,4,434
07/11/2017,MYR,SC,ASO,ES,Combined TRACON& Tower with Radar,77,5,20,20,122,0,497,18,0,515,77,502,38,20,637,8,14,22,659
07/12/2017,MYR,SC,ASO,ES,Combined TRACON& Tower with Radar,78,8,36,14,136,0,566,24,0,590,78,574,60,14,726,8,10,18,744
07/13/2017,MYR,SC,ASO,ES,Combined TRACON& Tower with Radar,81,12,21,29,143,0,592,35,2,629,81,604,56,31,772,40,10,50,822
07/14/2017,MYR,SC,ASO,ES,Combined TRACON& Tower with Radar,76,12,10,8,106,0,526,21,5,552,76,538,31,13,658,4,0,4,662
07/15/2017,MYR,SC,ASO,ES,Combined TRACON& Tower with Radar,98,15,27,11,151,0,468,32,4,504,98,483,59,15,655,20,0,20,675
07/16/2017,MYR,SC,ASO,ES,Combined TRACON& Tower with Radar,89,14,36,0,139,0,455,11,0,466,89,469,47,0,605,2,0,2,607
07/17/2017,MYR,SC,ASO,ES,Combined TRACON& Tower with Radar,80,8,7,0,95,0,255,6,1,262,80,263,13,1,357,10,0,10,367
07/18/2017,MYR,SC,ASO,ES,Combined TRACON& Tower with Radar,65,8,14,0,87,0,412,22,0,434,65,420,36,0,521,74,0,74,595
07/19/2017,MYR,SC,ASO,ES,Combined TRACON& Tower with Radar,80,10,30,2,122,0,425,28,0,453,80,435,58,2,575,48,0,48,623
07/20/2017,MYR,SC,ASO,ES,Combined TRACON& Tower with Radar,87,10,15,7,119,0,603,39,5,647,87,613,54,12,766,6,0,6,772
07/21/2017,MYR,SC,ASO,ES,Combined TRACON& Tower with Radar,79,6,39,6,130,0,587,35,4,626,79,593,74,10,756,48,6,54,810
07/22/2017,MYR,SC,ASO,ES,Combined TRACON& Tower with Radar,110,12,33,0,155,0,633,36,5,674,110,645,69,5,829,30,0,30,859
07/23/2017,MYR,SC,ASO,ES,Combined TRACON& Tower with Radar,87,9,26,0,122,0,519,23,1,543,87,528,49,1,665,36,0,36,701
07/24/2017,MYR,SC,ASO,ES,Combined TRACON& Tower with Radar,79,2,28,2,111,0,438,25,0,463,79,440,53,2,574,18,0,18,592
07/25/2017,MYR,SC,ASO,ES,Combined TRACON& Tower with Radar,68,5,19,30,122,0,580,15,0,595,68,585,34,30,717,42,22,64,781
07/26/2017,MYR,SC,ASO,ES,Combined TRACON& Tower with Radar,74,13,21,14,122,0,578,6,0,584,74,591,27,14,706,0,8,8,714
07/27/2017,MYR,SC,ASO,ES,Combined TRACON& Tower with Radar,86,8,26,10,130,0,596,35,3,634,86,604,61,13,764,24,0,24,788
07/28/2017,MYR,SC,ASO,ES,Combined TRACON& Tower with Radar,79,7,19,8,113,0,722,17,0,739,79,729,36,8,852,28,10,38,890
07/29/2017,MYR,SC,ASO,ES,Combined TRACON& Tower with Radar,104,16,17,0,137,0,442,9,0,451,104,458,26,0,588,24,0,24,612
07/30/2017,MYR,SC,ASO,ES,Combined TRACON& Tower with Radar,90,5,25,2,122,0,513,35,0,548,90,518,60,2,670,2,0,2,672
07/31/2017,MYR,SC,ASO,ES,Combined TRACON& Tower with Radar,75,9,20,13,117,0,381,31,0,412,75,390,51,13,529,6,0,6,535
08/01/2017,MYR,SC,ASO,ES,Combined TRACON& Tower with Radar,70,8,33,5,116,0,586,53,1,640,70,594,86,6,756,38,0,38,794
08/02/2017,MYR,SC,ASO,ES,Combined TRACON& Tower with Radar,77,4,14,4,99,0,659,23,0,682,77,663,37,4,781,29,0,29,810
08/03/2017,MYR,SC,ASO,ES,Combined TRACON& Tower with Radar,82,10,23,12,127,0,355,13,0,368,82,365,36,12,495,16,6,22,517
08/04/2017,MYR,SC,ASO,ES,Combined TRACON& Tower with Radar,77,6,9,4,96,0,422,11,1,434,77,428,20,5,530,16,10,26,556
08/05/2017,MYR,SC,ASO,ES,Combined TRACON& Tower with Radar,101,15,19,0,135,0,461,14,1,476,101,476,33,1,611,26,0,26,637
08/06/2017,MYR,SC,ASO,ES,Combined TRACON& Tower with Radar,90,9,29,0,128,0,495,22,3,520,90,504,51,3,648,10,14,24,672
08/07/2017,MYR,SC,ASO,ES,Combined TRACON& Tower with Radar,78,9,13,4,104,0,281,9,0,290,78,290,22,4,394,8,0,8,402
08/08/2017,MYR,SC,ASO,ES,Combined TRACON& Tower with Radar,66,11,10,0,87,0,211,10,0,221,66,222,20,0,308,0,0,0,308
08/09/2017,MYR,SC,ASO,ES,Combined TRACON& Tower with Radar,73,8,20,2,103,0,116,1,0,117,73,124,21,2,220,0,0,0,220
08/10/2017,MYR,SC,ASO,ES,Combined TRACON& Tower with Radar,86,8,20,10,124,0,229,0,0,229,86,237,20,10,353,0,0,0,353
08/11/2017,MYR,SC,ASO,ES,Combined TRACON& Tower with Radar,79,8,18,7,112,0,513,22,0,535,79,521,40,7,647,26,0,26,673
08/12/2017,MYR,SC,ASO,ES,Combined TRACON& Tower with Radar,101,13,11,2,127,0,567,14,2,583,101,580,25,4,710,46,0,46,756
08/13/2017,MYR,SC,ASO,ES,Combined TRACON& Tower with Radar,93,11,14,0,118,0,377,14,0,391,93,388,28,0,509,39,0,39,548
08/14/2017,MYR,SC,ASO,ES,Combined TRACON& Tower with Radar,79,7,9,2,97,0,372,8,0,380,79,379,17,2,477,4,0,4,481
08/15/2017,MYR,SC,ASO,ES,Combined TRACON& Tower with Radar,69,12,10,16,107,0,452,17,0,469,69,464,27,16,576,30,15,45,621
08/16/2017,MYR,SC,ASO,ES,Combined TRACON& Tower with Radar,74,4,25,6,109,0,457,21,4,482,74,461,46,10,591,12,0,12,603
08/17/2017,MYR,SC,ASO,ES,Combined TRACON& Tower with Radar,79,14,29,9,131,0,428,33,4,465,79,442,62,13,596,8,2,10,606
08/18/2017,MYR,SC,ASO,ES,Combined TRACON& Tower with Radar,75,13,19,10,117,0,536,40,5,581,75,549,59,15,698,20,0,20,718
08/19/2017,MYR,SC,ASO,ES,Combined TRACON& Tower with Radar,90,18,29,2,139,0,437,47,1,485,90,455,76,3,624,40,0,40,664
08/20/2017,MYR,SC,ASO,ES,Combined TRACON& Tower with Radar,91,6,21,2,120,0,508,25,1,534,91,514,46,3,654,10,0,10,664
08/21/2017,MYR,SC,ASO,ES,Combined TRACON& Tower with Radar,78,2,22,4,106,0,332,31,1,364,78,334,53,5,470,4,10,14,484
08/22/2017,MYR,SC,ASO,ES,Combined TRACON& Tower with Radar,67,4,19,10,100,0,481,26,5,512,67,485,45,15,612,14,0,14,626
08/23/2017,MYR,SC,ASO,ES,Combined TRACON& Tower with Radar,70,9,27,12,118,0,521,26,0,547,70,530,53,12,665,47,0,47,712
08/24/2017,MYR,SC,ASO,ES,Combined TRACON& Tower with Radar,87,8,26,8,129,0,271,13,0,284,87,279,39,8,413,7,2,9,422
08/25/2017,MYR,SC,ASO,ES,Combined TRACON& Tower with Radar,84,7,37,9,137,0,402,39,0,441,84,409,76,9,578,5,6,11,589
08/26/2017,MYR,SC,ASO,ES,Combined TRACON& Tower with Radar,93,6,31,11,141,0,563,30,2,595,93,569,61,13,736,8,0,8,744
08/27/2017,MYR,SC,ASO,ES,Combined TRACON& Tower with Radar,87,3,18,0,108,0,423,44,0,467,87,426,62,0,575,0,0,0,575
08/28/2017,MYR,SC,ASO,ES,Combined TRACON& Tower with Radar,79,15,14,2,110,0,103,10,0,113,79,118,24,2,223,0,0,0,223
08/29/2017,MYR,SC,ASO,ES,Combined TRACON& Tower with Radar,62,8,20,5,95,0,152,4,1,157,62,160,24,6,252,0,0,0,252
08/30/2017,MYR,SC,ASO,ES,Combined TRACON& Tower with Radar,72,7,27,4,110,0,314,22,0,336,72,321,49,4,446,28,0,28,474
08/31/2017,MYR,SC,ASO,ES,Combined TRACON& Tower with Radar,85,4,22,0,111,0,305,18,1,324,85,309,40,1,435,23,0,23,458
09/01/2017,MYR,SC,ASO,ES,Combined TRACON& Tower with Radar,81,19,22,6,128,0,267,28,4,299,81,286,50,10,427,2,0,2,429
09/02/2017,MYR,SC,ASO,ES,Combined TRACON& Tower with Radar,85,10,18,0,113,0,303,12,0,315,85,313,30,0,428,22,0,22,450
09/03/2017,MYR,SC,ASO,ES,Combined TRACON& Tower with Radar,81,4,13,7,105,0,812,35,0,847,81,816,48,7,952,8,0,8,960
09/04/2017,MYR,SC,ASO,ES,Combined TRACON& Tower with Radar,81,3,26,0,110,0,496,39,0,535,81,499,65,0,645,14,0,14,659
09/05/2017,MYR,SC,ASO,ES,Combined TRACON& Tower with Radar,65,9,20,0,94,0,189,20,0,209,65,198,40,0,303,4,1,5,308
09/06/2017,MYR,SC,ASO,ES,Combined TRACON& Tower with Radar,66,6,19,2,93,0,41,7,0,48,66,47,26,2,141,12,0,12,153
09/07/2017,MYR,SC,ASO,ES,Combined TRACON& Tower with Radar,77,6,19,4,106,0,172,23,2,197,77,178,42,6,303,18,0,18,321
09/08/2017,MYR,SC,ASO,ES,Combined TRACON& Tower with Radar,72,11,21,0,104,0,154,31,0,185,72,165,52,0,289,4,0,4,293
09/09/2017,MYR,SC,ASO,ES,Combined TRACON& Tower with Radar,59,9,19,0,87,0,162,18,0,180,59,171,37,0,267,0,0,0,267
09/10/2017,MYR,SC,ASO,ES,Combined TRACON& Tower with Radar,74,2,7,0,83,0,55,4,0,59,74,57,11,0,142,0,0,0,142
09/11/2017,MYR,SC,ASO,ES,Combined TRACON& Tower with Radar,34,0,0,0,34,0,0,0,0,0,34,0,0,0,34,0,0,0,34
09/12/2017,MYR,SC,ASO,ES,Combined TRACON& Tower with Radar,43,6,7,0,56,0,48,18,0,66,43,54,25,0,122,0,0,0,122
09/13/2017,MYR,SC,ASO,ES,Combined TRACON& Tower with Radar,41,7,18,6,72,2,62,26,0,90,43,69,44,6,162,14,0,14,176
09/14/2017,MYR,SC,ASO,ES,Combined TRACON& Tower with Radar,60,11,21,6,98,0,74,22,0,96,60,85,43,6,194,8,0,8,202
09/15/2017,MYR,SC,ASO,ES,Combined TRACON& Tower with Radar,79,10,22,17,128,0,92,39,0,131,79,102,61,17,259,2,16,18,277
09/16/2017,MYR,SC,ASO,ES,Combined TRACON& Tower with Radar,76,5,15,0,96,0,163,24,1,188,76,168,39,1,284,12,0,12,296
09/17/2017,MYR,SC,ASO,ES,Combined TRACON& Tower with Radar,82,2,14,1,99,0,134,15,0,149,82,136,29,1,248,17,0,17,265
09/18/2017,MYR,SC,ASO,ES,Combined TRACON& Tower with Radar,82,7,12,34,135,0,134,16,0,150,82,141,28,34,285,14,2,16,301
09/19/2017,MYR,SC,ASO,ES,Combined TRACON& Tower with Radar,45,9,20,50,124,0,138,23,2,163,45,147,43,52,287,0,30,30,317
09/20/2017,MYR,SC,ASO,ES,Combined TRACON& Tower with Radar,47,9,20,29,105,0,113,27,0,140,47,122,47,29,245,6,30,36,281
09/21/2017,MYR,SC,ASO,ES,Combined TRACON& Tower with Radar,82,13,30,6,131,0,119,10,1,130,82,132,40,7,261,0,0,0,261
09/22/2017,MYR,SC,ASO,ES,Combined TRACON& Tower with Radar,79,15,17,0,111,0,165,33,0,198,79,180,50,0,309,14,0,14,323
09/23/2017,MYR,SC,ASO,ES,Combined TRACON& Tower with Radar,74,10,9,0,93,0,272,22,2,296,74,282,31,2,389,0,0,0,389
09/24/2017,MYR,SC,ASO,ES,Combined TRACON& Tower with Radar,80,15,18,0,113,0,178,24,0,202,80,193,42,0,315,0,0,0,315
09/25/2017,MYR,SC,ASO,ES,Combined TRACON& Tower with Radar,77,7,14,20,118,0,71,6,0,77,77,78,20,20,195,4,0,4,199
09/26/2017,MYR,SC,ASO,ES,Combined TRACON& Tower with Radar,47,10,11,1,69,0,94,12,0,106,47,104,23,1,175,26,0,26,201
09/27/2017,MYR,SC,ASO,ES,Combined TRACON& Tower with Radar,49,8,18,10,85,0,102,9,2,113,49,110,27,12,198,10,14,24,222
09/28/2017,MYR,SC,ASO,ES,Combined TRACON& Tower with Radar,84,6,29,19,138,0,127,25,0,152,84,133,54,19,290,6,10,16,306
09/29/2017,MYR,SC,ASO,ES,Combined TRACON& Tower with Radar,73,8,17,9,107,0,118,29,0,147,73,126,46,9,254,12,3,15,269
09/30/2017,MYR,SC,ASO,ES,Combined TRACON& Tower with Radar,71,4,11,1,87,0,257,29,1,287,71,261,40,2,374,0,0,0,374
10/01/2017,MYR,SC,ASO,ES,Combined TRACON& Tower with Radar,80,6,10,0,96,0,169,14,0,183,80,175,24,0,279,0,0,0,279
10/02/2017,MYR,SC,ASO,ES,Combined TRACON& Tower with Radar,67,7,10,6,90,0,71,7,0,78,67,78,17,6,168,0,4,4,172
10/03/2017,MYR,SC,ASO,ES,Combined TRACON& Tower with Radar,44,8,6,12,70,0,102,13,0,115,44,110,19,12,185,8,14,22,207
10/04/2017,MYR,SC,ASO,ES,Combined TRACON& Tower with Radar,47,6,16,20,89,0,78,25,3,106,47,84,41,23,195,10,0,10,205
10/05/2017,MYR,SC,ASO,ES,Combined TRACON& Tower with Radar,79,9,20,9,117,0,72,19,0,91,79,81,39,9,208,16,10,26,234
10/06/2017,MYR,SC,ASO,ES,Combined TRACON& Tower with Radar,68,9,22,0,99,0,85,23,0,108,68,94,45,0,207,56,0,56,263
10/07/2017,MYR,SC,ASO,ES,Combined TRACON& Tower with Radar,71,7,18,2,98,0,52,0,0,52,71,59,18,2,150,9,0,9,159
10/08/2017,MYR,SC,ASO,ES,Combined TRACON& Tower with Radar,82,9,11,0,102,0,92,1,0,93,82,101,12,0,195,0,0,0,195
10/09/2017,MYR,SC,ASO,ES,Combined TRACON& Tower with Radar,64,7,15,0,86,0,37,0,0,37,64,44,15,0,123,0,0,0,123
10/10/2017,MYR,SC,ASO,ES,Combined TRACON& Tower with Radar,48,5,8,6,67,0,57,2,0,59,48,62,10,6,126,12,0,12,138
10/11/2017,MYR,SC,ASO,ES,Combined TRACON& Tower with Radar,47,5,14,18,84,0,94,14,0,108,47,99,28,18,192,24,12,36,228
10/12/2017,MYR,SC,ASO,ES,Combined TRACON& Tower with Radar,79,7,11,15,112,0,79,18,2,99,79,86,29,17,211,26,8,34,245
10/13/2017,MYR,SC,ASO,ES,Combined TRACON& Tower with Radar,70,5,19,11,105,0,92,14,2,108,70,97,33,13,213,16,15,31,244
10/14/2017,MYR,SC,ASO,ES,Combined TRACON& Tower with Radar,68,4,30,5,107,0,119,9,3,131,68,123,39,8,238,0,0,0,238
10/15/2017,MYR,SC,ASO,ES,Combined TRACON& Tower with Radar,80,5,24,6,115,0,132,30,0,162,80,137,54,6,277,0,0,0,277
10/16/2017,MYR,SC,ASO,ES,Combined TRACON& Tower with Radar,68,3,21,5,97,0,33,12,0,45,68,36,33,5,142,2,0,2,144
10/17/2017,MYR,SC,ASO,ES,Combined TRACON& Tower with Radar,48,9,20,6,83,0,50,15,1,66,48,59,35,7,149,18,8,26,175
10/18/2017,MYR,SC,ASO,ES,Combined TRACON& Tower with Radar,47,7,30,3,87,0,69,24,0,93,47,76,54,3,180,56,8,64,244
10/19/2017,MYR,SC,ASO,ES,Combined TRACON& Tower with Radar,78,7,30,18,133,0,101,30,1,132,78,108,60,19,265,8,30,38,303
10/20/2017,MYR,SC,ASO,ES,Combined TRACON& Tower with Radar,68,9,17,4,98,0,99,42,4,145,68,108,59,8,243,46,0,46,289
10/21/2017,MYR,SC,ASO,ES,Combined TRACON& Tower with Radar,68,2,23,8,101,0,206,32,2,240,68,208,55,10,341,18,2,20,361
10/22/2017,MYR,SC,ASO,ES,Combined TRACON& Tower with Radar,80,9,22,5,116,0,154,32,0,186,80,163,54,5,302,0,0,0,302
10/23/2017,MYR,SC,ASO,ES,Combined TRACON& Tower with Radar,61,7,13,10,91,0,62,6,0,68,61,69,19,10,159,6,12,18,177
10/24/2017,MYR,SC,ASO,ES,Combined TRACON& Tower with Radar,46,5,20,33,104,0,60,28,1,89,46,65,48,34,193,39,8,47,240
10/25/2017,MYR,SC,ASO,ES,Combined TRACON& Tower with Radar,47,13,25,10,95,0,66,27,0,93,47,79,52,10,188,26,0,26,214
10/26/2017,MYR,SC,ASO,ES,Combined TRACON& Tower with Radar,79,7,33,6,125,0,62,30,0,92,79,69,63,6,217,14,0,14,231
10/27/2017,MYR,SC,ASO,ES,Combined TRACON& Tower with Radar,70,12,25,15,122,0,58,29,1,88,70,70,54,16,210,0,0,0,210
10/28/2017,MYR,SC,ASO,ES,Combined TRACON& Tower with Radar,66,6,22,29,123,0,106,20,13,139,66,112,42,42,262,0,52,52,314
10/29/2017,MYR,SC,ASO,ES,Combined TRACON& Tower with Radar,73,6,13,2,94,0,59,3,0,62,73,65,16,2,156,0,0,0,156
10/30/2017,MYR,SC,ASO,ES,Combined TRACON& Tower with Radar,64,4,22,12,102,0,37,28,0,65,64,41,50,12,167,31,20,51,218
10/31/2017,MYR,SC,ASO,ES,Combined TRACON& Tower with Radar,42,6,24,25,97,0,26,25,0,51,42,32,49,25,148,8,0,8,156
11/01/2017,MYR,SC,ASO,ES,Combined TRACON& Tower with Radar,51,8,18,9,86,0,30,47,0,77,51,38,65,9,163,38,6,44,207
11/02/2017,MYR,SC,ASO,ES,Combined TRACON& Tower with Radar,65,11,31,7,114,0,42,37,0,79,65,53,68,7,193,2,0,2,195
11/03/2017,MYR,SC,ASO,ES,Combined TRACON& Tower with Radar,64,6,25,16,111,0,52,31,6,89,64,58,56,22,200,42,0,42,242
11/04/2017,MYR,SC,ASO,ES,Combined TRACON& Tower with Radar,68,5,13,7,93,0,121,22,0,143,68,126,35,7,236,7,8,15,251
11/05/2017,MYR,SC,ASO,ES,Combined TRACON& Tower with Radar,66,7,21,0,94,0,40,3,0,43,66,47,24,0,137,0,0,0,137
11/06/2017,MYR,SC,ASO,ES,Combined TRACON& Tower with Radar,59,7,20,13,99,0,49,25,1,75,59,56,45,14,174,27,0,27,201
11/07/2017,MYR,SC,ASO,ES,Combined TRACON& Tower with Radar,42,4,42,22,110,0,37,32,2,71,42,41,74,24,181,30,18,48,229
11/08/2017,MYR,SC,ASO,ES,Combined TRACON& Tower with Radar,43,20,16,24,103,0,6,1,0,7,43,26,17,24,110,0,0,0,110
11/09/2017,MYR,SC,ASO,ES,Combined TRACON& Tower with Radar,41,4,16,2,63,0,0,1,0,1,41,4,17,2,64,0,0,0,64
11/10/2017,MYR,SC,ASO,ES,Combined TRACON& Tower with Radar,40,7,23,2,72,0,46,24,0,70,40,53,47,2,142,23,0,23,165
11/11/2017,MYR,SC,ASO,ES,Combined TRACON& Tower with Radar,46,4,14,5,69,0,88,26,0,114,46,92,40,5,183,15,2,17,200
11/12/2017,MYR,SC,ASO,ES,Combined TRACON& Tower with Radar,44,2,30,4,80,0,62,12,0,74,44,64,42,4,154,20,0,20,174
11/13/2017,MYR,SC,ASO,ES,Combined TRACON& Tower with Radar,38,5,25,3,71,0,46,14,0,60,38,51,39,3,131,31,8,39,170
11/14/2017,MYR,SC,ASO,ES,Combined TRACON& Tower with Radar,38,4,27,6,75,0,18,16,2,36,38,22,43,8,111,57,6,63,174
11/15/2017,MYR,SC,ASO,ES,Combined TRACON& Tower with Radar,39,4,27,19,89,0,18,22,0,40,39,22,49,19,129,37,32,69,198
11/16/2017,MYR,SC,ASO,ES,Combined TRACON& Tower with Radar,41,8,21,20,90,0,22,32,0,54,41,30,53,20,144,35,21,56,200
11/17/2017,MYR,SC,ASO,ES,Combined TRACON& Tower with Radar,40,6,21,16,83,0,26,33,0,59,40,32,54,16,142,2,0,2,144
11/18/2017,MYR,SC,ASO,ES,Combined TRACON& Tower with Radar,44,5,21,11,81,0,85,39,2,126,44,90,60,13,207,14,4,18,225
11/19/2017,MYR,SC,ASO,ES,Combined TRACON& Tower with Radar,43,4,16,0,63,0,40,19,2,61,43,44,35,2,124,24,0,24,148
11/20/2017,MYR,SC,ASO,ES,Combined TRACON& Tower with Radar,39,3,24,18,84,0,34,24,0,58,39,37,48,18,142,24,19,43,185
11/21/2017,MYR,SC,ASO,ES,Combined TRACON& Tower with Radar,42,8,9,28,87,0,26,18,0,44,42,34,27,28,131,28,0,28,159
11/22/2017,MYR,SC,ASO,ES,Combined TRACON& Tower with Radar,41,9,25,2,77,0,40,15,0,55,41,49,40,2,132,10,0,10,142
11/23/2017,MYR,SC,ASO,ES,Combined TRACON& Tower with Radar,24,0,5,1,30,0,0,8,0,8,24,0,13,1,38,0,0,0,38
11/24/2017,MYR,SC,ASO,ES,Combined TRACON& Tower with Radar,35,4,11,6,56,0,126,24,0,150,35,130,35,6,206,22,0,22,228
11/25/2017,MYR,SC,ASO,ES,Combined TRACON& Tower with Radar,47,6,6,0,59,0,162,17,0,179,47,168,23,0,238,14,0,14,252
11/26/2017,MYR,SC,ASO,ES,Combined TRACON& Tower with Radar,47,5,11,0,63,0,72,15,0,87,47,77,26,0,150,0,0,0,150
11/27/2017,MYR,SC,ASO,ES,Combined TRACON& Tower with Radar,42,7,14,5,68,0,22,18,0,40,42,29,32,5,108,21,0,21,129
11/28/2017,MYR,SC,ASO,ES,Combined TRACON& Tower with Radar,35,12,25,10,82,0,15,23,3,41,35,27,48,13,123,30,0,30,153
11/29/2017,MYR,SC,ASO,ES,Combined TRACON& Tower with Radar,38,6,23,13,80,0,30,35,1,66,38,36,58,14,146,42,5,47,193
11/30/2017,MYR,SC,ASO,ES,Combined TRACON& Tower with Radar,39,12,24,12,87,0,19,46,4,69,39,31,70,16,156,36,8,44,200
12/01/2017,MYR,SC,ASO,ES,Combined TRACON& Tower with Radar,38,10,21,10,79,0,21,22,1,44,38,31,43,11,123,14,12,26,149
12/02/2017,MYR,SC,ASO,ES,Combined TRACON& Tower with Radar,42,8,14,10,74,0,30,12,0,42,42,38,26,10,116,29,12,41,157
12/03/2017,MYR,SC,ASO,ES,Combined TRACON& Tower with Radar,42,1,17,0,60,0,38,17,0,55,42,39,34,0,115,0,0,0,115
12/04/2017,MYR,SC,ASO,ES,Combined TRACON& Tower with Radar,36,11,23,10,80,0,14,29,0,43,36,25,52,10,123,16,4,20,143
12/05/2017,MYR,SC,ASO,ES,Combined TRACON& Tower with Radar,36,7,14,21,78,0,16,18,3,37,36,23,32,24,115,27,0,27,142
12/06/2017,MYR,SC,ASO,ES,Combined TRACON& Tower with Radar,37,8,25,7,77,0,12,0,0,12,37,20,25,7,89,0,0,0,89
12/07/2017,MYR,SC,ASO,ES,Combined TRACON& Tower with Radar,44,11,21,34,110,0,8,8,0,16,44,19,29,34,126,8,0,8,134
12/08/2017,MYR,SC,ASO,ES,Combined TRACON& Tower with Radar,31,5,14,4,54,0,0,0,0,0,31,5,14,4,54,0,0,0,54
12/09/2017,MYR,SC,ASO,ES,Combined TRACON& Tower with Radar,36,2,7,1,46,0,6,0,0,6,36,8,7,1,52,0,0,0,52
12/10/2017,MYR,SC,ASO,ES,Combined TRACON& Tower with Radar,41,1,14,2,58,0,46,38,0,84,41,47,52,2,142,20,0,20,162
12/11/2017,MYR,SC,ASO,ES,Combined TRACON& Tower with Radar,36,9,30,4,79,0,11,23,0,34,36,20,53,4,113,12,0,12,125
12/12/2017,MYR,SC,ASO,ES,Combined TRACON& Tower with Radar,33,6,19,12,70,0,12,12,1,25,33,18,31,13,95,4,4,8,103
12/13/2017,MYR,SC,ASO,ES,Combined TRACON& Tower with Radar,36,8,12,13,69,0,17,22,1,40,36,25,34,14,109,10,2,12,121
12/14/2017,MYR,SC,ASO,ES,Combined TRACON& Tower with Radar,35,7,13,7,62,0,20,22,0,42,35,27,35,7,104,8,26,34,138
12/15/2017,MYR,SC,ASO,ES,Combined TRACON& Tower with Radar,37,9,6,1,53,0,20,24,0,44,37,29,30,1,97,15,0,15,112
12/16/2017,MYR,SC,ASO,ES,Combined TRACON& Tower with Radar,40,2,21,17,80,0,42,37,10,89,40,44,58,27,169,10,0,10,179
12/17/2017,MYR,SC,ASO,ES,Combined TRACON& Tower with Radar,37,8,14,4,63,0,49,20,2,71,37,57,34,6,134,8,4,12,146
12/18/2017,MYR,SC,ASO,ES,Combined TRACON& Tower with Radar,34,7,20,23,84,0,18,9,0,27,34,25,29,23,111,0,12,12,123
12/19/2017,MYR,SC,ASO,ES,Combined TRACON& Tower with Radar,38,6,21,16,81,0,20,33,0,53,38,26,54,16,134,36,2,38,172
12/20/2017,MYR,SC,ASO,ES,Combined TRACON& Tower with Radar,38,10,15,6,69,0,0,0,0,0,38,10,15,6,69,0,0,0,69
12/21/2017,MYR,SC,ASO,ES,Combined TRACON& Tower with Radar,48,8,24,16,96,0,37,20,2,59,48,45,44,18,155,18,6,24,179
12/22/2017,MYR,SC,ASO,ES,Combined TRACON& Tower with Radar,37,6,29,3,75,0,32,33,2,67,37,38,62,5,142,16,0,16,158
12/23/2017,MYR,SC,ASO,ES,Combined TRACON& Tower with Radar,40,2,9,0,51,0,72,7,3,82,40,74,16,3,133,6,0,6,139
12/24/2017,MYR,SC,ASO,ES,Combined TRACON& Tower with Radar,37,8,4,0,49,0,0,0,0,0,37,8,4,0,49,0,0,0,49
12/25/2017,MYR,SC,ASO,ES,Combined TRACON& Tower with Radar,34,1,1,0,36,0,0,2,0,2,34,1,3,0,38,0,0,0,38
12/26/2017,MYR,SC,ASO,ES,Combined TRACON& Tower with Radar,38,5,8,0,51,0,146,26,0,172,38,151,34,0,223,0,0,0,223
12/27/2017,MYR,SC,ASO,ES,Combined TRACON& Tower with Radar,40,7,16,4,67,0,6,0,0,6,40,13,16,4,73,0,0,0,73
12/28/2017,MYR,SC,ASO,ES,Combined TRACON& Tower with Radar,40,7,15,6,68,0,124,21,0,145,40,131,36,6,213,0,0,0,213
12/29/2017,MYR,SC,ASO,ES,Combined TRACON& Tower with Radar,41,4,11,6,62,0,75,27,0,102,41,79,38,6,164,2,6,8,172
12/30/2017,MYR,SC,ASO,ES,Combined TRACON& Tower with Radar,43,8,13,0,64,0,142,20,0,162,43,150,33,0,226,32,0,32,258
12/31/2017,MYR,SC,ASO,ES,Combined TRACON& Tower with Radar,36,0,8,0,44,0,106,7,0,113,36,106,15,0,157,0,0,0,157
01/01/2018,MYR,SC,ASO,ES,Combined TRACON& Tower with Radar,33,2,7,0,42,0,63,3,0,66,33,65,10,0,108,0,0,0,108
01/02/2018,MYR,SC,ASO,ES,Combined TRACON& Tower with Radar,41,3,14,0,58,0,28,19,0,47,41,31,33,0,105,2,0,2,107
01/03/2018,MYR,SC,ASO,ES,Combined TRACON& Tower with Radar,4,3,2,0,9,0,2,0,0,2,4,5,2,0,11,12,0,12,23
01/04/2018,MYR,SC,ASO,ES,Combined TRACON& Tower with Radar,18,3,3,0,24,0,0,8,0,8,18,3,11,0,32,0,0,0,32
01/05/2018,MYR,SC,ASO,ES,Combined TRACON& Tower with Radar,36,5,24,0,65,0,12,11,0,23,36,17,35,0,88,8,0,8,96
01/06/2018,MYR,SC,ASO,ES,Combined TRACON& Tower with Radar,39,4,10,5,58,0,18,14,3,35,39,22,24,8,93,0,0,0,93
01/07/2018,MYR,SC,ASO,ES,Combined TRACON& Tower with Radar,37,5,9,0,51,0,10,10,2,22,37,15,19,2,73,0,0,0,73
01/08/2018,MYR,SC,ASO,ES,Combined TRACON& Tower with Radar,33,4,10,6,53,0,5,15,1,21,33,9,25,7,74,6,0,6,80
01/09/2018,MYR,SC,ASO,ES,Combined TRACON& Tower with Radar,32,8,10,14,64,0,34,17,0,51,32,42,27,14,115,34,6,40,155
01/10/2018,MYR,SC,ASO,ES,Combined TRACON& Tower with Radar,34,9,18,15,76,0,20,10,1,31,34,29,28,16,107,8,8,16,123
01/11/2018,MYR,SC,ASO,ES,Combined TRACON& Tower with Radar,34,6,16,12,68,0,11,8,0,19,34,17,24,12,87,4,0,4,91
01/12/2018,MYR,SC,ASO,ES,Combined TRACON& Tower with Radar,34,6,9,2,51,0,0,0,0,0,34,6,9,2,51,0,0,0,51
01/13/2018,MYR,SC,ASO,ES,Combined TRACON& Tower with Radar,30,4,7,0,41,0,42,7,0,49,30,46,14,0,90,6,0,6,96
01/14/2018,MYR,SC,ASO,ES,Combined TRACON& Tower with Radar,30,4,8,0,42,0,52,10,0,62,30,56,18,0,104,10,0,10,114
01/15/2018,MYR,SC,ASO,ES,Combined TRACON& Tower with Radar,31,2,24,0,57,0,29,13,0,42,31,31,37,0,99,35,0,35,134
01/16/2018,MYR,SC,ASO,ES,Combined TRACON& Tower with Radar,31,5,15,13,64,0,8,25,4,37,31,13,40,17,101,2,8,10,111
01/17/2018,MYR,SC,ASO,ES,Combined TRACON& Tower with Radar,28,4,5,7,44,4,16,9,4,33,32,20,14,11,77,8,11,19,96
01/18/2018,MYR,SC,ASO,ES,Combined TRACON& Tower with Radar,27,11,8,13,59,0,5,12,2,19,27,16,20,15,78,0,5,5,83
01/19/2018,MYR,SC,ASO,ES,Combined TRACON& Tower with Radar,33,12,29,4,78,0,14,43,0,57,33,26,72,4,135,36,0,36,171
01/20/2018,MYR,SC,ASO,ES,Combined TRACON& Tower with Radar,30,8,12,9,59,0,48,34,0,82,30,56,46,9,141,10,6,16,157
01/21/2018,MYR,SC,ASO,ES,Combined TRACON& Tower with Radar,34,3,16,0,53,0,36,26,2,64,34,39,42,2,117,0,0,0,117
01/22/2018,MYR,SC,ASO,ES,Combined TRACON& Tower with Radar,33,2,21,0,56,0,12,8,2,22,33,14,29,2,78,22,0,22,100
01/23/2018,MYR,SC,ASO,ES,Combined TRACON& Tower with Radar,30,4,9,2,45,0,4,6,0,10,30,8,15,2,55,0,0,0,55
01/24/2018,MYR,SC,ASO,ES,Combined TRACON& Tower with Radar,34,9,10,8,61,0,18,38,0,56,34,27,48,8,117,20,0,20,137
01/25/2018,MYR,SC,ASO,ES,Combined TRACON& Tower with Radar,35,5,18,11,69,0,20,29,2,51,35,25,47,13,120,22,0,22,142
01/26/2018,MYR,SC,ASO,ES,Combined TRACON& Tower with Radar,34,8,5,0,47,0,40,25,0,65,34,48,30,0,112,5,0,5,117
01/27/2018,MYR,SC,ASO,ES,Combined TRACON& Tower with Radar,30,6,15,4,55,0,70,27,0,97,30,76,42,4,152,12,0,12,164
01/28/2018,MYR,SC,ASO,ES,Combined TRACON& Tower with Radar,33,5,8,4,50,0,15,0,0,15,33,20,8,4,65,0,0,0,65
01/29/2018,MYR,SC,ASO,ES,Combined TRACON& Tower with Radar,28,5,22,7,62,0,0,0,0,0,28,5,22,7,62,0,0,0,62
01/30/2018,MYR,SC,ASO,ES,Combined TRACON& Tower with Radar,31,6,22,24,83,0,36,10,0,46,31,42,32,24,129,10,0,10,139
01/31/2018,MYR,SC,ASO,ES,Combined TRACON& Tower with Radar,34,10,12,19,75,0,18,25,0,43,34,28,37,19,118,83,10,93,211
02/01/2018,MYR,SC,ASO,ES,Combined TRACON& Tower with Radar,34,6,10,10,60,0,22,27,0,49,34,28,37,10,109,39,0,39,148
02/02/2018,MYR,SC,ASO,ES,Combined TRACON& Tower with Radar,34,10,13,4,61,0,24,8,2,34,34,34,21,6,95,16,0,16,111
02/03/2018,MYR,SC,ASO,ES,Combined TRACON& Tower with Radar,26,7,9,1,43,0,54,48,3,105,26,61,57,4,148,11,5,16,164
02/04/2018,MYR,SC,ASO,ES,Combined TRACON& Tower with Radar,27,4,3,1,35,0,4,1,0,5,27,8,4,1,40,0,0,0,40
02/05/2018,MYR,SC,ASO,ES,Combined TRACON& Tower with Radar,34,5,16,7,62,0,16,17,1,34,34,21,33,8,96,16,4,20,116
02/06/2018,MYR,SC,ASO,ES,Combined TRACON& Tower with Radar,35,5,13,22,75,0,16,41,3,60,35,21,54,25,135,44,0,44,179
02/07/2018,MYR,SC,ASO,ES,Combined TRACON& Tower with Radar,30,4,9,11,54,0,4,6,1,11,30,8,15,12,65,0,0,0,65
02/08/2018,MYR,SC,ASO,ES,Combined TRACON& Tower with Radar,35,5,24,12,76,0,8,23,1,32,35,13,47,13,108,8,0,8,116
02/09/2018,MYR,SC,ASO,ES,Combined TRACON& Tower with Radar,39,12,21,2,74,0,24,27,0,51,39,36,48,2,125,4,5,9,134
02/10/2018,MYR,SC,ASO,ES,Combined TRACON& Tower with Radar,27,9,7,0,43,0,41,5,0,46,27,50,12,0,89,0,0,0,89
02/11/2018,MYR,SC,ASO,ES,Combined TRACON& Tower with Radar,31,6,10,5,52,0,6,3,0,9,31,12,13,5,61,4,0,4,65
02/12/2018,MYR,SC,ASO,ES,Combined TRACON& Tower with Radar,31,6,11,19,67,0,16,4,0,20,31,22,15,19,87,0,0,0,87
02/13/2018,MYR,SC,ASO,ES,Combined TRACON& Tower with Radar,36,5,38,20,99,0,21,6,0,27,36,26,44,20,126,25,0,25,151
02/14/2018,MYR,SC,ASO,ES,Combined TRACON& Tower with Radar,38,11,13,6,68,0,36,10,0,46,38,47,23,6,114,6,2,8,122
02/15/2018,MYR,SC,ASO,ES,Combined TRACON& Tower with Radar,44,20,23,19,106,0,60,35,2,97,44,80,58,21,203,14,8,22,225
02/16/2018,MYR,SC,ASO,ES,Combined TRACON& Tower with Radar,47,21,35,11,114,0,52,12,2,66,47,73,47,13,180,0,6,6,186
02/17/2018,MYR,SC,ASO,ES,Combined TRACON& Tower with Radar,43,10,8,6,67,0,71,2,0,73,43,81,10,6,140,0,0,0,140
02/18/2018,MYR,SC,ASO,ES,Combined TRACON& Tower with Radar,46,11,33,8,98,0,221,27,0,248,46,232,60,8,346,10,0,10,356
02/19/2018,MYR,SC,ASO,ES,Combined TRACON& Tower with Radar,44,6,22,4,76,0,10,1,0,11,44,16,23,4,87,0,0,0,87
02/20/2018,MYR,SC,ASO,ES,Combined TRACON& Tower with Radar,43,10,28,47,128,0,47,50,0,97,43,57,78,47,225,30,20,50,275
02/21/2018,MYR,SC,ASO,ES,Combined TRACON& Tower with Radar,44,14,46,40,144,0,46,29,0,75,44,60,75,40,219,24,6,30,249
02/22/2018,MYR,SC,ASO,ES,Combined TRACON& Tower with Radar,52,20,42,62,176,0,58,40,0,98,52,78,82,62,274,12,56,68,342
02/23/2018,MYR,SC,ASO,ES,Combined TRACON& Tower with Radar,44,6,28,24,102,0,72,47,7,126,44,78,75,31,228,38,4,42,270
02/24/2018,MYR,SC,ASO,ES,Combined TRACON& Tower with Radar,52,10,39,19,120,0,252,57,2,311,52,262,96,21,431,15,0,15,446
02/25/2018,MYR,SC,ASO,ES,Combined TRACON& Tower with Radar,46,16,27,17,106,2,207,21,0,230,48,223,48,17,336,48,0,48,384
02/26/2018,MYR,SC,ASO,ES,Combined TRACON& Tower with Radar,44,8,17,8,77,0,32,7,4,43,44,40,24,12,120,14,0,14,134
02/27/2018,MYR,SC,ASO,ES,Combined TRACON& Tower with Radar,45,7,20,17,89,0,82,58,0,140,45,89,78,17,229,24,0,24,253
02/28/2018,MYR,SC,ASO,ES,Combined TRACON& Tower with Radar,42,11,29,28,110,0,18,31,0,49,42,29,60,28,159,44,16,60,219
03/01/2018,MYR,SC,ASO,ES,Combined TRACON& Tower with Radar,41,19,20,14,94,0,27,11,1,39,41,46,31,15,133,0,6,6,139
03/02/2018,MYR,SC,ASO,ES,Combined TRACON& Tower with Radar,48,16,16,7,87,0,16,10,3,29,48,32,26,10,116,0,0,0,116
03/03/2018,MYR,SC,ASO,ES,Combined TRACON& Tower with Radar,51,6,14,3,74,0,161,13,0,174,51,167,27,3,248,6,0,6,254
03/04/2018,MYR,SC,ASO,ES,Combined TRACON& Tower with Radar,48,11,37,2,98,0,155,43,0,198,48,166,80,2,296,13,0,13,309
03/05/2018,MYR,SC,ASO,ES,Combined TRACON& Tower with Radar,46,7,22,4,79,0,90,38,1,129,46,97,60,5,208,42,0,42,250
03/06/2018,MYR,SC,ASO,ES,Combined TRACON& Tower with Radar,49,10,22,9,90,0,29,16,2,47,49,39,38,11,137,12,0,12,149
03/07/2018,MYR,SC,ASO,ES,Combined TRACON& Tower with Radar,42,13,29,11,95,0,86,10,3,99,42,99,39,14,194,2,12,14,208
03/08/2018,MYR,SC,ASO,ES,Combined TRACON& Tower with Radar,55,10,54,4,123,0,95,34,0,129,55,105,88,4,252,12,0,12,264
03/09/2018,MYR,SC,ASO,ES,Combined TRACON& Tower with Radar,61,16,32,29,138,0,154,37,2,193,61,170,69,31,331,10,14,24,355
03/10/2018,MYR,SC,ASO,ES,Combined TRACON& Tower with Radar,66,6,28,8,108,0,279,31,0,310,66,285,59,8,418,7,0,7,425
03/11/2018,MYR,SC,ASO,ES,Combined TRACON& Tower with Radar,54,10,12,0,76,0,202,20,0,222,54,212,32,0,298,8,0,8,306
03/12/2018,MYR,SC,ASO,ES,Combined TRACON& Tower with Radar,52,6,12,0,70,0,0,0,0,0,52,6,12,0,70,0,0,0,70
03/13/2018,MYR,SC,ASO,ES,Combined TRACON& Tower with Radar,64,9,20,2,95,0,186,48,4,238,64,195,68,6,333,50,0,50,383
03/14/2018,MYR,SC,ASO,ES,Combined TRACON& Tower with Radar,62,11,15,38,126,0,130,25,0,155,62,141,40,38,281,8,23,31,312
03/15/2018,MYR,SC,ASO,ES,Combined TRACON& Tower with Radar,63,16,36,18,133,0,146,26,0,172,63,162,62,18,305,8,0,8,313
03/16/2018,MYR,SC,ASO,ES,Combined TRACON& Tower with Radar,59,11,22,11,103,0,210,60,2,272,59,221,82,13,375,14,20,34,409
03/17/2018,MYR,SC,ASO,ES,Combined TRACON& Tower with Radar,85,8,29,2,124,0,264,24,0,288,85,272,53,2,412,9,0,9,421
03/18/2018,MYR,SC,ASO,ES,Combined TRACON& Tower with Radar,71,10,33,0,114,0,243,25,0,268,71,253,58,0,382,10,0,10,392
03/19/2018,MYR,SC,ASO,ES,Combined TRACON& Tower with Radar,63,7,28,4,102,0,91,7,0,98,63,98,35,4,200,14,0,14,214
03/20/2018,MYR,SC,ASO,ES,Combined TRACON& Tower with Radar,58,5,17,0,80,0,40,7,0,47,58,45,24,0,127,4,0,4,131
03/21/2018,MYR,SC,ASO,ES,Combined TRACON& Tower with Radar,64,6,17,2,89,0,63,5,0,68,64,69,22,2,157,0,0,0,157
03/22/2018,MYR,SC,ASO,ES,Combined TRACON& Tower with Radar,70,15,24,28,137,0,136,41,7,184,70,151,65,35,321,16,0,16,337
03/23/2018,MYR,SC,ASO,ES,Combined TRACON& Tower with Radar,70,15,23,32,140,0,117,36,2,155,70,132,59,34,295,13,32,45,340
03/24/2018,MYR,SC,ASO,ES,Combined TRACON& Tower with Radar,70,8,11,2,91,0,319,36,1,356,70,327,47,3,447,25,0,25,472
03/25/2018,MYR,SC,ASO,ES,Combined TRACON& Tower with Radar,57,13,14,0,84,0,112,5,0,117,57,125,19,0,201,0,0,0,201
03/26/2018,MYR,SC,ASO,ES,Combined TRACON& Tower with Radar,63,6,25,8,102,0,200,19,0,219,63,206,44,8,321,25,12,37,358
03/27/2018,MYR,SC,ASO,ES,Combined TRACON& Tower with Radar,54,12,22,26,114,0,177,19,0,196,54,189,41,26,310,79,0,79,389
03/28/2018,MYR,SC,ASO,ES,Combined TRACON& Tower with Radar,64,16,35,16,131,0,301,36,4,341,64,317,71,20,472,43,0,43,515
03/29/2018,MYR,SC,ASO,ES,Combined TRACON& Tower with Radar,55,9,36,9,109,0,229,50,0,279,55,238,86,9,388,47,0,47,435
03/30/2018,MYR,SC,ASO,ES,Combined TRACON& Tower with Radar,57,16,27,2,102,0,126,9,0,135,57,142,36,2,237,24,0,24,261
03/31/2018,MYR,SC,ASO,ES,Combined TRACON& Tower with Radar,72,10,14,0,96,0,542,36,0,578,72,552,50,0,674,40,0,40,714
04/01/2018,MYR,SC,ASO,ES,Combined TRACON& Tower with Radar,54,15,19,0,88,0,384,27,0,411,54,399,46,0,499,0,0,0,499
04/02/2018,MYR,SC,ASO,ES,Combined TRACON& Tower with Radar,63,8,27,21,119,0,329,52,0,381,63,337,79,21,500,50,0,50,550
04/03/2018,MYR,SC,ASO,ES,Combined TRACON& Tower with Radar,55,7,14,32,108,0,266,20,2,288,55,273,34,34,396,34,0,34,430
04/04/2018,MYR,SC,ASO,ES,Combined TRACON& Tower with Radar,62,9,8,6,85,0,330,12,1,343,62,339,20,7,428,6,0,6,434
04/05/2018,MYR,SC,ASO,ES,Combined TRACON& Tower with Radar,79,15,34,13,141,0,680,73,6,759,79,695,107,19,900,41,0,41,941
04/06/2018,MYR,SC,ASO,ES,Combined TRACON& Tower with Radar,80,20,39,17,156,0,487,48,0,535,80,507,87,17,691,38,6,44,735
04/07/2018,MYR,SC,ASO,ES,Combined TRACON& Tower with Radar,66,13,9,0,88,0,223,6,0,229,66,236,15,0,317,0,0,0,317
04/08/2018,MYR,SC,ASO,ES,Combined TRACON& Tower with Radar,79,13,36,0,128,0,420,30,6,456,79,433,66,6,584,0,0,0,584
04/09/2018,MYR,SC,ASO,ES,Combined TRACON& Tower with Radar,71,11,23,3,108,0,10,0,0,10,71,21,23,3,118,0,0,0,118
04/10/2018,MYR,SC,ASO,ES,Combined TRACON& Tower with Radar,61,10,29,26,126,0,31,23,6,60,61,41,52,32,186,12,4,16,202
04/11/2018,MYR,SC,ASO,ES,Combined TRACON& Tower with Radar,70,9,34,12,125,0,123,67,0,190,70,132,101,12,315,29,10,39,354
04/12/2018,MYR,SC,ASO,ES,Combined TRACON& Tower with Radar,89,19,29,21,158,0,130,74,0,204,89,149,103,21,362,10,6,16,378
04/13/2018,MYR,SC,ASO,ES,Combined TRACON& Tower with Radar,81,11,29,54,175,0,148,59,1,208,81,159,88,55,383,12,24,36,419
04/14/2018,MYR,SC,ASO,ES,Combined TRACON& Tower with Radar,98,12,25,34,169,0,389,38,15,442,98,401,63,49,611,22,12,34,645
04/15/2018,MYR,SC,ASO,ES,Combined TRACON& Tower with Radar,80,11,9,8,108,6,107,0,0,113,86,118,9,8,221,0,0,0,221
04/16/2018,MYR,SC,ASO,ES,Combined TRACON& Tower with Radar,75,9,22,9,115,0,110,7,2,119,75,119,29,11,234,0,0,0,234
04/17/2018,MYR,SC,ASO,ES,Combined TRACON& Tower with Radar,80,20,24,38,162,0,123,29,8,160,80,143,53,46,322,8,20,28,350
04/18/2018,MYR,SC,ASO,ES,Combined TRACON& Tower with Radar,78,11,36,17,142,0,134,38,1,173,78,145,74,18,315,32,14,46,361
04/19/2018,MYR,SC,ASO,ES,Combined TRACON& Tower with Radar,80,15,33,32,160,0,147,23,6,176,80,162,56,38,336,0,0,0,336
04/20/2018,MYR,SC,ASO,ES,Combined TRACON& Tower with Radar,79,21,29,9,138,0,289,38,15,342,79,310,67,24,480,14,8,22,502
04/21/2018,MYR,SC,ASO,ES,Combined TRACON& Tower with Radar,99,11,27,11,148,0,403,29,0,432,99,414,56,11,580,18,6,24,604
04/22/2018,MYR,SC,ASO,ES,Combined TRACON& Tower with Radar,90,17,32,0,139,0,270,21,5,296,90,287,53,5,435,12,0,12,447
04/23/2018,MYR,SC,ASO,ES,Combined TRACON& Tower with Radar,75,13,8,29,125,0,13,2,2,17,75,26,10,31,142,0,0,0,142
04/24/2018,MYR,SC,ASO,ES,Combined TRACON& Tower with Radar,64,14,19,41,138,4,75,16,0,95,68,89,35,41,233,6,56,62,295
04/25/2018,MYR,SC,ASO,ES,Combined TRACON& Tower with Radar,73,11,17,6,107,0,147,34,11,192,73,158,51,17,299,12,0,12,311
04/26/2018,MYR,SC,ASO,ES,Combined TRACON& Tower with Radar,89,8,3,5,105,0,87,17,71,175,89,95,20,76,280,0,20,20,300
04/27/2018,MYR,SC,ASO,ES,Combined TRACON& Tower with Radar,75,9,2,19,105,0,88,10,25,123,75,97,12,44,228,6,20,26,254
04/28/2018,MYR,SC,ASO,ES,Combined TRACON& Tower with Radar,95,7,0,3,105,2,145,14,49,210,97,152,14,52,315,4,58,62,377
04/29/2018,MYR,SC,ASO,ES,Combined TRACON& Tower with Radar,88,5,2,5,100,0,135,7,70,212,88,140,9,75,312,4,0,4,316
04/30/2018,MYR,SC,ASO,ES,Combined TRACON& Tower with Radar,90,7,20,12,129,0,111,75,5,191,90,118,95,17,320,14,0,14,334
05/01/2018,MYR,SC,ASO,ES,Combined TRACON& Tower with Radar,71,11,35,26,143,6,76,51,2,135,77,87,86,28,278,12,0,12,290
05/02/2018,MYR,SC,ASO,ES,Combined TRACON& Tower with Radar,81,10,30,11,132,0,123,55,2,180,81,133,85,13,312,8,0,8,320
05/03/2018,MYR,SC,ASO,ES,Combined TRACON& Tower with Radar,82,16,30,34,162,0,105,39,7,151,82,121,69,41,313,0,4,4,317
05/04/2018,MYR,SC,ASO,ES,Combined TRACON& Tower with Radar,87,10,22,8,127,0,158,66,0,224,87,168,88,8,351,12,0,12,363
05/05/2018,MYR,SC,ASO,ES,Combined TRACON& Tower with Radar,93,13,13,21,140,0,288,20,0,308,93,301,33,21,448,0,0,0,448
05/06/2018,MYR,SC,ASO,ES,Combined TRACON& Tower with Radar,82,16,29,1,128,0,193,5,0,198,82,209,34,1,326,0,0,0,326
05/07/2018,MYR,SC,ASO,ES,Combined TRACON& Tower with Radar,80,6,21,29,136,0,109,24,0,133,80,115,45,29,269,17,0,17,286
05/08/2018,MYR,SC,ASO,ES,Combined TRACON& Tower with Radar,59,4,17,32,112,0,83,31,3,117,59,87,48,35,229,12,6,18,247
05/09/2018,MYR,SC,ASO,ES,Combined TRACON& Tower with Radar,65,8,21,5,99,0,114,36,3,153,65,122,57,8,252,32,12,44,296
05/10/2018,MYR,SC,ASO,ES,Combined TRACON& Tower with Radar,72,8,19,9,108,0,168,30,2,200,72,176,49,11,308,52,0,52,360
05/11/2018,MYR,SC,ASO,ES,Combined TRACON& Tower with Radar,73,11,15,28,127,0,144,38,0,182,73,155,53,28,309,45,0,45,354
05/12/2018,MYR,SC,ASO,ES,Combined TRACON& Tower with Radar,80,3,13,13,109,0,329,26,3,358,80,332,39,16,467,8,16,24,491
05/13/2018,MYR,SC,ASO,ES,Combined TRACON& Tower with Radar,76,8,12,8,104,0,291,12,0,303,76,299,24,8,407,14,0,14,421
05/14/2018,MYR,SC,ASO,ES,Combined TRACON& Tower with Radar,72,6,19,14,111,0,176,28,5,209,72,182,47,19,320,20,6,26,346
05/15/2018,MYR,SC,ASO,ES,Combined TRACON& Tower with Radar,58,11,11,15,95,0,181,4,2,187,58,192,15,17,282,26,0,26,308
05/16/2018,MYR,SC,ASO,ES,Combined TRACON& Tower with Radar,67,8,23,15,113,0,111,7,0,118,67,119,30,15,231,1,10,11,242
05/17/2018,MYR,SC,ASO,ES,Combined TRACON& Tower with Radar,71,10,11,18,110,0,75,6,0,81,71,85,17,18,191,0,0,0,191
05/18/2018,MYR,SC,ASO,ES,Combined TRACON& Tower with Radar,74,13,25,1,113,0,173,3,0,176,74,186,28,1,289,0,0,0,289
05/19/2018,MYR,SC,ASO,ES,Combined TRACON& Tower with Radar,82,5,14,0,101,0,47,0,0,47,82,52,14,0,148,0,0,0,148
05/20/2018,MYR,SC,ASO,ES,Combined TRACON& Tower with Radar,78,9,20,3,110,0,127,2,0,129,78,136,22,3,239,0,0,0,239
05/21/2018,MYR,SC,ASO,ES,Combined TRACON& Tower with Radar,78,11,18,34,141,0,126,13,2,141,78,137,31,36,282,42,31,73,355
05/22/2018,MYR,SC,ASO,ES,Combined TRACON& Tower with Radar,64,7,22,53,146,0,157,11,0,168,64,164,33,53,314,65,44,109,423
05/23/2018,MYR,SC,ASO,ES,Combined TRACON& Tower with Radar,77,9,17,20,123,0,131,10,0,141,77,140,27,20,264,41,0,41,305
05/24/2018,MYR,SC,ASO,ES,Combined TRACON& Tower with Radar,83,17,18,14,132,0,125,12,4,141,83,142,30,18,273,0,10,10,283
05/25/2018,MYR,SC,ASO,ES,Combined TRACON& Tower with Radar,88,5,21,6,120,0,215,19,7,241,88,220,40,13,361,32,0,32,393
05/26/2018,MYR,SC,ASO,ES,Combined TRACON& Tower with Radar,91,2,17,0,110,0,592,23,7,622,91,594,40,7,732,6,0,6,738
05/27/2018,MYR,SC,ASO,ES,Combined TRACON& Tower with Radar,88,2,12,0,102,0,726,1,6,733,88,728,13,6,835,8,0,8,843
05/28/2018,MYR,SC,ASO,ES,Combined TRACON& Tower with Radar,85,10,8,0,103,0,98,0,0,98,85,108,8,0,201,0,0,0,201
05/29/2018,MYR,SC,ASO,ES,Combined TRACON& Tower with Radar,74,6,15,11,106,0,177,10,0,187,74,183,25,11,293,32,0,32,325
05/30/2018,MYR,SC,ASO,ES,Combined TRACON& Tower with Radar,82,11,14,25,132,0,171,13,0,184,82,182,27,25,316,0,2,2,318
05/31/2018,MYR,SC,ASO,ES,Combined TRACON& Tower with Radar,85,7,13,24,129,0,160,5,0,165,85,167,18,24,294,0,0,0,294
06/01/2018,MYR,SC,ASO,ES,Combined TRACON& Tower with Radar,81,7,31,28,147,0,222,34,0,256,81,229,65,28,403,17,18,35,438
06/02/2018,MYR,SC,ASO,ES,Combined TRACON& Tower with Radar,86,4,27,1,118,0,299,29,0,328,86,303,56,1,446,0,0,0,446
06/03/2018,MYR,SC,ASO,ES,Combined TRACON& Tower with Radar,80,7,18,1,106,0,256,15,0,271,80,263,33,1,377,6,0,6,383
06/04/2018,MYR,SC,ASO,ES,Combined TRACON& Tower with Radar,85,9,27,31,152,0,242,41,4,287,85,251,68,35,439,10,2,12,451
06/05/2018,MYR,SC,ASO,ES,Combined TRACON& Tower with Radar,72,4,18,10,104,0,258,35,0,293,72,262,53,10,397,10,0,10,407
06/06/2018,MYR,SC,ASO,ES,Combined TRACON& Tower with Radar,81,7,20,23,131,0,309,49,5,363,81,316,69,28,494,14,6,20,514
06/07/2018,MYR,SC,ASO,ES,Combined TRACON& Tower with Radar,90,13,29,13,145,0,296,28,3,327,90,309,57,16,472,16,0,16,488
06/08/2018,MYR,SC,ASO,ES,Combined TRACON& Tower with Radar,83,10,35,18,146,0,342,20,6,368,83,352,55,24,514,4,0,4,518
06/09/2018,MYR,SC,ASO,ES,Combined TRACON& Tower with Radar,102,9,26,1,138,0,370,27,2,399,102,379,53,3,537,44,0,44,581
06/10/2018,MYR,SC,ASO,ES,Combined TRACON& Tower with Radar,87,14,19,2,122,0,398,20,5,423,87,412,39,7,545,9,0,9,554
06/11/2018,MYR,SC,ASO,ES,Combined TRACON& Tower with Radar,89,12,21,6,128,0,256,15,2,273,89,268,36,8,401,0,0,0,401
06/12/2018,MYR,SC,ASO,ES,Combined TRACON& Tower with Radar,80,10,23,4,117,0,20,0,1,21,80,30,23,5,138,0,0,0,138
06/13/2018,MYR,SC,ASO,ES,Combined TRACON& Tower with Radar,86,21,22,40,169,0,365,17,0,382,86,386,39,40,551,58,0,58,609
06/14/2018,MYR,SC,ASO,ES,Combined TRACON& Tower with Radar,78,13,25,5,121,0,294,28,0,322,78,307,53,5,443,10,0,10,453
06/15/2018,MYR,SC,ASO,ES,Combined TRACON& Tower with Radar,75,11,7,2,95,0,350,30,0,380,75,361,37,2,475,23,0,23,498
06/16/2018,MYR,SC,ASO,ES,Combined TRACON& Tower with Radar,109,9,27,1,146,0,418,35,0,453,109,427,62,1,599,6,0,6,605
06/17/2018,MYR,SC,ASO,ES,Combined TRACON& Tower with Radar,81,15,27,0,123,0,358,19,0,377,81,373,46,0,500,24,0,24,524
06/18/2018,MYR,SC,ASO,ES,Combined TRACON& Tower with Radar,74,8,21,27,130,0,225,23,0,248,74,233,44,27,378,4,0,4,382
06/19/2018,MYR,SC,ASO,ES,Combined TRACON& Tower with Radar,69,9,18,17,113,0,345,19,0,364,69,354,37,17,477,16,0,16,493
06/20/2018,MYR,SC,ASO,ES,Combined TRACON& Tower with Radar,83,13,23,30,149,0,295,38,1,334,83,308,61,31,483,34,16,50,533
06/21/2018,MYR,SC,ASO,ES,Combined TRACON& Tower with Radar,90,11,26,4,131,0,451,39,1,491,90,462,65,5,622,23,0,23,645
06/22/2018,MYR,SC,ASO,ES,Combined TRACON& Tower with Radar,93,11,23,26,153,0,348,50,0,398,93,359,73,26,551,13,0,13,564
06/23/2018,MYR,SC,ASO,ES,Combined TRACON& Tower with Radar,120,10,18,6,154,0,416,28,1,445,120,426,46,7,599,5,6,11,610
06/24/2018,MYR,SC,ASO,ES,Combined TRACON& Tower with Radar,93,12,16,10,131,0,419,21,1,441,93,431,37,11,572,14,0,14,586
06/25/2018,MYR,SC,ASO,ES,Combined TRACON& Tower with Radar,87,11,20,25,143,0,268,19,8,295,87,279,39,33,438,14,14,28,466
06/26/2018,MYR,SC,ASO,ES,Combined TRACON& Tower with Radar,86,12,12,11,121,0,451,2,1,454,86,463,14,12,575,0,0,0,575
06/27/2018,MYR,SC,ASO,ES,Combined TRACON& Tower with Radar,98,18,15,16,147,0,355,12,3,370,98,373,27,19,517,10,10,20,537
06/28/2018,MYR,SC,ASO,ES,Combined TRACON& Tower with Radar,95,10,13,9,127,0,439,29,0,468,95,449,42,9,595,30,0,30,625
06/29/2018,MYR,SC,ASO,ES,Combined TRACON& Tower with Radar,89,11,31,3,134,0,405,24,0,429,89,416,55,3,563,30,0,30,593
06/30/2018,MYR,SC,ASO,ES,Combined TRACON& Tower with Radar,128,7,15,12,162,0,454,27,1,482,128,461,42,13,644,8,16,24,668
07/01/2018,MYR,SC,ASO,ES,Combined TRACON& Tower with Radar,93,11,21,0,125,0,460,16,0,476,93,471,37,0,601,8,0,8,609
07/02/2018,MYR,SC,ASO,ES,Combined TRACON& Tower with Radar,87,6,18,6,117,0,465,34,0,499,87,471,52,6,616,40,0,40,656
07/03/2018,MYR,SC,ASO,ES,Combined TRACON& Tower with Radar,75,10,19,4,108,0,575,29,0,604,75,585,48,4,712,16,6,22,734
07/04/2018,MYR,SC,ASO,ES,Combined TRACON& Tower with Radar,89,4,9,0,102,0,688,20,3,711,89,692,29,3,813,12,0,12,825
07/05/2018,MYR,SC,ASO,ES,Combined TRACON& Tower with Radar,93,10,20,8,131,0,846,21,4,871,93,856,41,12,1002,0,0,0,1002
07/06/2018,MYR,SC,ASO,ES,Combined TRACON& Tower with Radar,87,16,18,4,125,0,784,26,0,810,87,800,44,4,935,0,6,6,941
07/07/2018,MYR,SC,ASO,ES,Combined TRACON& Tower with Radar,122,12,18,0,152,0,607,13,5,625,122,619,31,5,777,44,0,44,821
07/08/2018,MYR,SC,ASO,ES,Combined TRACON& Tower with Radar,96,10,15,7,128,0,549,20,0,569,96,559,35,7,697,0,0,0,697
07/09/2018,MYR,SC,ASO,ES,Combined TRACON& Tower with Radar,95,9,28,10,142,0,390,48,1,439,95,399,76,11,581,4,0,4,585
07/10/2018,MYR,SC,ASO,ES,Combined TRACON& Tower with Radar,85,9,19,16,129,0,389,33,2,424,85,398,52,18,553,23,8,31,584
07/11/2018,MYR,SC,ASO,ES,Combined TRACON& Tower with Radar,95,11,23,11,140,0,497,26,0,523,95,508,49,11,663,28,8,36,699
07/12/2018,MYR,SC,ASO,ES,Combined TRACON& Tower with Radar,91,10,11,6,118,0,332,6,0,338,91,342,17,6,456,8,0,8,464
07/13/2018,MYR,SC,ASO,ES,Combined TRACON& Tower with Radar,92,19,25,7,143,0,460,17,0,477,92,479,42,7,620,6,0,6,626
07/14/2018,MYR,SC,ASO,ES,Combined TRACON& Tower with Radar,122,14,15,4,155,0,578,32,0,610,122,592,47,4,765,35,10,45,810
07/15/2018,MYR,SC,ASO,ES,Combined TRACON& Tower with Radar,96,13,26,5,140,0,524,24,0,548,96,537,50,5,688,0,0,0,688
07/16/2018,MYR,SC,ASO,ES,Combined TRACON& Tower with Radar,87,5,14,29,135,0,509,24,1,534,87,514,38,30,669,4,10,14,683
07/17/2018,MYR,SC,ASO,ES,Combined TRACON& Tower with Radar,84,13,11,19,127,0,167,2,0,169,84,180,13,19,296,12,10,22,318
07/18/2018,MYR,SC,ASO,ES,Combined TRACON& Tower with Radar,98,11,38,4,151,0,382,13,3,398,98,393,51,7,549,36,0,36,585
07/19/2018,MYR,SC,ASO,ES,Combined TRACON& Tower with Radar,94,17,16,3,130,0,672,14,1,687,94,689,30,4,817,26,0,26,843
07/20/2018,MYR,SC,ASO,ES,Combined TRACON& Tower with Radar,89,15,12,4,120,0,0,0,0,0,89,15,12,4,120,0,0,0,120
07/21/2018,MYR,SC,ASO,ES,Combined TRACON& Tower with Radar,120,14,17,2,153,0,690,9,0,699,120,704,26,2,852,12,0,12,864
07/22/2018,MYR,SC,ASO,ES,Combined TRACON& Tower with Radar,97,8,13,1,119,0,538,15,0,553,97,546,28,1,672,22,0,22,694
07/23/2018,MYR,SC,ASO,ES,Combined TRACON& Tower with Radar,90,7,7,31,135,0,307,5,0,312,90,314,12,31,447,26,0,26,473
07/24/2018,MYR,SC,ASO,ES,Combined TRACON& Tower with Radar,83,11,9,2,105,0,1039,3,0,1042,83,1050,12,2,1147,27,0,27,1174
07/25/2018,MYR,SC,ASO,ES,Combined TRACON& Tower with Radar,92,10,8,12,122,0,359,14,0,373,92,369,22,12,495,22,0,22,517
07/26/2018,MYR,SC,ASO,ES,Combined TRACON& Tower with Radar,97,20,21,3,141,0,430,31,0,461,97,450,52,3,602,4,0,4,606
07/27/2018,MYR,SC,ASO,ES,Combined TRACON& Tower with Radar,89,12,21,0,122,0,471,32,0,503,89,483,53,0,625,46,0,46,671
07/28/2018,MYR,SC,ASO,ES,Combined TRACON& Tower with Radar,119,18,25,0,162,0,689,29,0,718,119,707,54,0,880,12,0,12,892
07/29/2018,MYR,SC,ASO,ES,Combined TRACON& Tower with Radar,101,12,7,0,120,0,599,8,0,607,101,611,15,0,727,0,0,0,727
07/30/2018,MYR,SC,ASO,ES,Combined TRACON& Tower with Radar,90,11,12,2,115,0,207,5,0,212,90,218,17,2,327,2,0,2,329
07/31/2018,MYR,SC,ASO,ES,Combined TRACON& Tower with Radar,85,11,16,6,118,0,464,9,1,474,85,475,25,7,592,14,0,14,606
08/01/2018,MYR,SC,ASO,ES,Combined TRACON& Tower with Radar,90,14,11,24,139,0,535,14,1,550,90,549,25,25,689,0,0,0,689
08/02/2018,MYR,SC,ASO,ES,Combined TRACON& Tower with Radar,85,13,14,2,114,0,472,5,6,483,85,485,19,8,597,0,0,0,597
08/03/2018,MYR,SC,ASO,ES,Combined TRACON& Tower with Radar,85,7,17,0,109,0,431,7,2,440,85,438,24,2,549,9,0,9,558
08/04/2018,MYR,SC,ASO,ES,Combined TRACON& Tower with Radar,114,8,26,0,148,0,544,16,2,562,114,552,42,2,710,8,0,8,718
08/05/2018,MYR,SC,ASO,ES,Combined TRACON& Tower with Radar,96,13,22,0,131,0,537,16,1,554,96,550,38,1,685,14,0,14,699
08/06/2018,MYR,SC,ASO,ES,Combined TRACON& Tower with Radar,91,13,15,26,145,0,428,42,0,470,91,441,57,26,615,37,10,47,662
08/07/2018,MYR,SC,ASO,ES,Combined TRACON& Tower with Radar,81,9,9,19,118,0,627,25,0,652,81,636,34,19,770,44,5,49,819
08/08/2018,MYR,SC,ASO,ES,Combined TRACON& Tower with Radar,90,11,29,34,164,0,511,24,0,535,90,522,53,34,699,16,30,46,745
08/09/2018,MYR,SC,ASO,ES,Combined TRACON& Tower with Radar,94,13,18,32,157,0,496,43,0,539,94,509,61,32,696,25,8,33,729
08/10/2018,MYR,SC,ASO,ES,Combined TRACON& Tower with Radar,93,14,15,31,153,0,633,32,0,665,93,647,47,31,818,0,10,10,828
08/11/2018,MYR,SC,ASO,ES,Combined TRACON& Tower with Radar,115,5,13,44,177,0,645,22,9,676,115,650,35,53,853,20,54,74,927
08/12/2018,MYR,SC,ASO,ES,Combined TRACON& Tower with Radar,102,12,12,0,126,0,563,15,0,578,102,575,27,0,704,2,0,2,706
08/13/2018,MYR,SC,ASO,ES,Combined TRACON& Tower with Radar,80,8,16,12,116,0,303,10,1,314,80,311,26,13,430,0,4,4,434
08/14/2018,MYR,SC,ASO,ES,Combined TRACON& Tower with Radar,81,8,10,10,109,0,386,11,0,397,81,394,21,10,506,12,4,16,522
08/15/2018,MYR,SC,ASO,ES,Combined TRACON& Tower with Radar,94,10,19,19,142,0,533,51,1,585,94,543,70,20,727,21,24,45,772
08/16/2018,MYR,SC,ASO,ES,Combined TRACON& Tower with Radar,99,18,20,43,180,0,630,31,0,661,99,648,51,43,841,34,2,36,877
08/17/2018,MYR,SC,ASO,ES,Combined TRACON& Tower with Radar,86,8,12,5,111,0,561,34,0,595,86,569,46,5,706,42,2,44,750
08/18/2018,MYR,SC,ASO,ES,Combined TRACON& Tower with Radar,113,7,12,13,145,0,619,28,0,647,113,626,40,13,792,2,0,2,794
08/19/2018,MYR,SC,ASO,ES,Combined TRACON& Tower with Radar,96,11,10,0,117,0,565,21,0,586,96,576,31,0,703,0,0,0,703
08/20/2018,MYR,SC,ASO,ES,Combined TRACON& Tower with Radar,87,8,12,10,117,0,368,21,0,389,87,376,33,10,506,48,17,65,571
08/21/2018,MYR,SC,ASO,ES,Combined TRACON& Tower with Radar,81,6,17,4,108,0,462,25,0,487,81,468,42,4,595,13,0,13,608
08/22/2018,MYR,SC,ASO,ES,Combined TRACON& Tower with Radar,88,10,20,6,124,0,417,17,0,434,88,427,37,6,558,12,0,12,570
08/23/2018,MYR,SC,ASO,ES,Combined TRACON& Tower with Radar,95,12,24,22,153,0,433,53,1,487,95,445,77,23,640,38,4,42,682
08/24/2018,MYR,SC,ASO,ES,Combined TRACON& Tower with Radar,86,5,31,17,139,0,550,34,0,584,86,555,65,17,723,19,0,19,742
08/25/2018,MYR,SC,ASO,ES,Combined TRACON& Tower with Radar,95,4,26,0,125,0,742,46,0,788,95,746,72,0,913,8,0,8,921
08/26/2018,MYR,SC,ASO,ES,Combined TRACON& Tower with Radar,99,7,15,0,121,0,538,23,0,561,99,545,38,0,682,4,0,4,686
08/27/2018,MYR,SC,ASO,ES,Combined TRACON& Tower with Radar,86,11,21,15,133,0,343,22,1,366,86,354,43,16,499,35,0,35,534
08/28/2018,MYR,SC,ASO,ES,Combined TRACON& Tower with Radar,79,7,14,27,127,0,287,14,1,302,79,294,28,28,429,26,0,26,455
08/29/2018,MYR,SC,ASO,ES,Combined TRACON& Tower with Radar,83,8,23,8,122,0,300,31,4,335,83,308,54,12,457,48,16,64,521
08/30/2018,MYR,SC,ASO,ES,Combined TRACON& Tower with Radar,100,6,30,6,142,0,381,45,8,434,100,387,75,14,576,56,0,56,632
08/31/2018,MYR,SC,ASO,ES,Combined TRACON& Tower with Radar,85,8,22,0,115,0,298,43,4,345,85,306,65,4,460,10,6,16,476
09/01/2018,MYR,SC,ASO,ES,Combined TRACON& Tower with Radar,83,6,17,5,111,0,541,31,1,573,83,547,48,6,684,13,0,13,697
09/02/2018,MYR,SC,ASO,ES,Combined TRACON& Tower with Radar,88,7,14,0,109,0,831,22,0,853,88,838,36,0,962,4,0,4,966
09/03/2018,MYR,SC,ASO,ES,Combined TRACON& Tower with Radar,91,3,16,1,111,0,551,19,1,571,91,554,35,2,682,22,0,22,704
09/04/2018,MYR,SC,ASO,ES,Combined TRACON& Tower with Radar,79,6,11,12,108,0,240,19,3,262,79,246,30,15,370,18,5,23,393
09/05/2018,MYR,SC,ASO,ES,Combined TRACON& Tower with Radar,78,7,24,34,143,0,213,35,4,252,78,220,59,38,395,36,8,44,439
09/06/2018,MYR,SC,ASO,ES,Combined TRACON& Tower with Radar,78,15,16,22,131,0,209,10,0,219,78,224,26,22,350,12,0,12,362
09/07/2018,MYR,SC,ASO,ES,Combined TRACON& Tower with Radar,83,11,15,40,149,0,173,29,0,202,83,184,44,40,351,0,16,16,367
09/08/2018,MYR,SC,ASO,ES,Combined TRACON& Tower with Radar,73,5,24,9,111,0,321,30,1,352,73,326,54,10,463,14,2,16,479
09/09/2018,MYR,SC,ASO,ES,Combined TRACON& Tower with Radar,85,3,14,0,102,0,328,12,2,342,85,331,26,2,444,4,0,4,448
09/10/2018,MYR,SC,ASO,ES,Combined TRACON& Tower with Radar,81,4,25,39,149,0,129,12,7,148,81,133,37,46,297,14,17,31,328
09/11/2018,MYR,SC,ASO,ES,Combined TRACON& Tower with Radar,57,10,18,0,85,0,1,12,2,15,57,11,30,2,100,0,0,0,100
09/12/2018,MYR,SC,ASO,ES,Combined TRACON& Tower with Radar,55,8,16,0,79,0,1,7,2,10,55,9,23,2,89,0,0,0,89
09/13/2018,MYR,SC,ASO,ES,Combined TRACON& Tower with Radar,1,0,0,0,1,0,0,0,0,0,1,0,0,0,1,0,0,0,1
09/14/2018,MYR,SC,ASO,ES,Combined TRACON& Tower with Radar,0,0,0,0,0,0,0,0,0,0,0,0,0,0,0,0,0,0,0
09/15/2018,MYR,SC,ASO,ES,Combined TRACON& Tower with Radar,0,0,0,0,0,0,0,0,0,0,0,0,0,0,0,0,0,0,0
09/16/2018,MYR,SC,ASO,ES,Combined TRACON& Tower with Radar,30,1,5,5,41,0,0,8,9,17,30,1,13,14,58,0,0,0,58
09/17/2018,MYR,SC,ASO,ES,Combined TRACON& Tower with Radar,37,34,31,5,107,0,34,40,17,91,37,68,71,22,198,0,0,0,198
09/18/2018,MYR,SC,ASO,ES,Combined TRACON& Tower with Radar,57,8,21,5,91,0,13,79,24,116,57,21,100,29,207,0,0,0,207
09/19/2018,MYR,SC,ASO,ES,Combined TRACON& Tower with Radar,62,7,35,9,113,0,10,41,13,64,62,17,76,22,177,15,0,15,192
09/20/2018,MYR,SC,ASO,ES,Combined TRACON& Tower with Radar,80,12,18,11,121,0,36,75,11,122,80,48,93,22,243,16,10,26,269
09/21/2018,MYR,SC,ASO,ES,Combined TRACON& Tower with Radar,84,6,25,5,120,0,44,63,6,113,84,50,88,11,233,4,6,10,243
09/22/2018,MYR,SC,ASO,ES,Combined TRACON& Tower with Radar,71,5,20,33,129,0,96,61,18,175,71,101,81,51,304,2,0,2,306
09/23/2018,MYR,SC,ASO,ES,Combined TRACON& Tower with Radar,81,6,21,9,117,0,112,38,21,171,81,118,59,30,288,0,10,10,298
09/24/2018,MYR,SC,ASO,ES,Combined TRACON& Tower with Radar,82,11,15,16,124,0,36,15,20,71,82,47,30,36,195,37,0,37,232
09/25/2018,MYR,SC,ASO,ES,Combined TRACON& Tower with Radar,56,12,23,23,114,0,47,21,20,88,56,59,44,43,202,24,8,32,234
09/26/2018,MYR,SC,ASO,ES,Combined TRACON& Tower with Radar,58,8,22,37,125,0,64,51,14,129,58,72,73,51,254,26,2,28,282
09/27/2018,MYR,SC,ASO,ES,Combined TRACON& Tower with Radar,84,11,21,23,139,0,94,47,5,146,84,105,68,28,285,16,0,16,301
09/28/2018,MYR,SC,ASO,ES,Combined TRACON& Tower with Radar,83,8,10,21,122,0,107,28,2,137,83,115,38,23,259,24,0,24,283
09/29/2018,MYR,SC,ASO,ES,Combined TRACON& Tower with Radar,78,7,15,2,102,0,92,11,3,106,78,99,26,5,208,0,0,0,208
09/30/2018,MYR,SC,ASO,ES,Combined TRACON& Tower with Radar,81,6,15,1,103,0,112,28,4,144,81,118,43,5,247,0,0,0,247
10/01/2018,MYR,SC,ASO,ES,Combined TRACON& Tower with Radar,77,5,24,33,139,0,65,25,7,97,77,70,49,40,236,8,26,34,270
10/02/2018,MYR,SC,ASO,ES,Combined TRACON& Tower with Radar,54,6,15,13,88,0,52,49,1,102,54,58,64,14,190,42,0,42,232
10/03/2018,MYR,SC,ASO,ES,Combined TRACON& Tower with Radar,63,6,17,26,112,0,74,42,2,118,63,80,59,28,230,49,3,52,282
10/04/2018,MYR,SC,ASO,ES,Combined TRACON& Tower with Radar,78,5,18,15,116,0,104,39,5,148,78,109,57,20,264,58,28,86,350
10/05/2018,MYR,SC,ASO,ES,Combined TRACON& Tower with Radar,76,13,16,10,115,0,82,25,0,107,76,95,41,10,222,16,4,20,242
10/06/2018,MYR,SC,ASO,ES,Combined TRACON& Tower with Radar,73,5,6,4,88,0,233,11,3,247,73,238,17,7,335,8,0,8,343
10/07/2018,MYR,SC,ASO,ES,Combined TRACON& Tower with Radar,79,9,18,0,106,0,166,10,1,177,79,175,28,1,283,0,0,0,283
10/08/2018,MYR,SC,ASO,ES,Combined TRACON& Tower with Radar,77,6,16,0,99,0,100,12,0,112,77,106,28,0,211,32,0,32,243
10/09/2018,MYR,SC,ASO,ES,Combined TRACON& Tower with Radar,55,17,20,20,112,0,66,4,2,72,55,83,24,22,184,0,16,16,200
10/10/2018,MYR,SC,ASO,ES,Combined TRACON& Tower with Radar,61,8,13,4,86,0,10,3,0,13,61,18,16,4,99,0,0,0,99
10/11/2018,MYR,SC,ASO,ES,Combined TRACON& Tower with Radar,58,8,4,0,70,0,0,0,0,0,58,8,4,0,70,0,0,0,70
10/12/2018,MYR,SC,ASO,ES,Combined TRACON& Tower with Radar,73,9,19,11,112,0,88,29,2,119,73,97,48,13,231,39,6,45,276
10/13/2018,MYR,SC,ASO,ES,Combined TRACON& Tower with Radar,70,8,11,11,100,0,124,24,2,150,70,132,35,13,250,6,2,8,258
10/14/2018,MYR,SC,ASO,ES,Combined TRACON& Tower with Radar,75,2,25,0,102,0,130,12,3,145,75,132,37,3,247,0,10,10,257
10/15/2018,MYR,SC,ASO,ES,Combined TRACON& Tower with Radar,77,9,22,9,117,0,58,21,0,79,77,67,43,9,196,68,0,68,264
10/16/2018,MYR,SC,ASO,ES,Combined TRACON& Tower with Radar,58,8,25,10,101,0,52,13,0,65,58,60,38,10,166,13,6,19,185
10/17/2018,MYR,SC,ASO,ES,Combined TRACON& Tower with Radar,62,4,22,25,113,0,36,15,1,52,62,40,37,26,165,47,12,59,224
10/18/2018,MYR,SC,ASO,ES,Combined TRACON& Tower with Radar,75,7,18,28,128,2,62,25,8,97,77,69,43,36,225,32,4,36,261
10/19/2018,MYR,SC,ASO,ES,Combined TRACON& Tower with Radar,77,7,18,10,112,0,80,42,1,123,77,87,60,11,235,10,0,10,245
10/20/2018,MYR,SC,ASO,ES,Combined TRACON& Tower with Radar,72,4,17,6,99,0,127,13,0,140,72,131,30,6,239,0,0,0,239
10/21/2018,MYR,SC,ASO,ES,Combined TRACON& Tower with Radar,79,9,16,0,104,0,68,12,0,80,79,77,28,0,184,0,0,0,184
10/22/2018,MYR,SC,ASO,ES,Combined TRACON& Tower with Radar,78,10,16,34,138,0,67,32,0,99,78,77,48,34,237,38,6,44,281
10/23/2018,MYR,SC,ASO,ES,Combined TRACON& Tower with Radar,58,8,15,14,95,0,59,35,0,94,58,67,50,14,189,35,0,35,224
10/24/2018,MYR,SC,ASO,ES,Combined TRACON& Tower with Radar,60,8,37,13,118,0,64,47,1,112,60,72,84,14,230,62,0,62,292
10/25/2018,MYR,SC,ASO,ES,Combined TRACON& Tower with Radar,80,7,26,4,117,0,48,34,1,83,80,55,60,5,200,0,0,0,200
10/26/2018,MYR,SC,ASO,ES,Combined TRACON& Tower with Radar,77,11,10,2,100,0,0,0,1,1,77,11,10,3,101,0,0,0,101
10/27/2018,MYR,SC,ASO,ES,Combined TRACON& Tower with Radar,69,13,14,0,96,0,120,5,3,128,69,133,19,3,224,16,0,16,240
10/28/2018,MYR,SC,ASO,ES,Combined TRACON& Tower with Radar,74,7,22,2,105,0,82,21,0,103,74,89,43,2,208,0,0,0,208
10/29/2018,MYR,SC,ASO,ES,Combined TRACON& Tower with Radar,69,5,15,14,103,0,46,23,1,70,69,51,38,15,173,18,0,18,191
10/30/2018,MYR,SC,ASO,ES,Combined TRACON& Tower with Radar,50,7,17,13,87,0,40,27,3,70,50,47,44,16,157,32,8,40,197
10/31/2018,MYR,SC,ASO,ES,Combined TRACON& Tower with Radar,49,4,24,5,82,0,32,28,2,62,49,36,52,7,144,67,0,67,211
11/01/2018,MYR,SC,ASO,ES,Combined TRACON& Tower with Radar,59,6,27,48,140,0,18,18,4,40,59,24,45,52,180,49,0,49,229
11/02/2018,MYR,SC,ASO,ES,Combined TRACON& Tower with Radar,61,7,10,6,84,0,26,6,5,37,61,33,16,11,121,6,0,6,127
11/03/2018,MYR,SC,ASO,ES,Combined TRACON& Tower with Radar,64,5,26,4,99,0,94,35,0,129,64,99,61,4,228,4,0,4,232
11/04/2018,MYR,SC,ASO,ES,Combined TRACON& Tower with Radar,65,0,22,2,89,0,54,21,0,75,65,54,43,2,164,0,0,0,164
11/05/2018,MYR,SC,ASO,ES,Combined TRACON& Tower with Radar,65,7,19,22,113,0,16,0,0,16,65,23,19,22,129,0,4,4,133
11/06/2018,MYR,SC,ASO,ES,Combined TRACON& Tower with Radar,42,10,23,30,105,0,24,21,2,47,42,34,44,32,152,66,0,66,218
11/07/2018,MYR,SC,ASO,ES,Combined TRACON& Tower with Radar,62,7,43,28,140,0,20,28,0,48,62,27,71,28,188,30,0,30,218
11/08/2018,MYR,SC,ASO,ES,Combined TRACON& Tower with Radar,45,7,34,12,98,0,8,4,0,12,45,15,38,12,110,0,0,0,110
11/09/2018,MYR,SC,ASO,ES,Combined TRACON& Tower with Radar,40,10,24,14,88,0,6,5,0,11,40,16,29,14,99,0,0,0,99
11/10/2018,MYR,SC,ASO,ES,Combined TRACON& Tower with Radar,48,4,40,4,96,0,96,41,0,137,48,100,81,4,233,14,0,14,247
11/11/2018,MYR,SC,ASO,ES,Combined TRACON& Tower with Radar,43,5,37,0,85,0,62,49,0,111,43,67,86,0,196,10,0,10,206
11/12/2018,MYR,SC,ASO,ES,Combined TRACON& Tower with Radar,43,8,32,0,83,0,10,3,0,13,43,18,35,0,96,0,0,0,96
11/13/2018,MYR,SC,ASO,ES,Combined TRACON& Tower with Radar,40,14,39,10,103,0,0,0,9,9,40,14,39,19,112,0,0,0,112
11/14/2018,MYR,SC,ASO,ES,Combined TRACON& Tower with Radar,47,10,42,8,107,0,21,7,1,29,47,31,49,9,136,6,0,6,142
11/15/2018,MYR,SC,ASO,ES,Combined TRACON& Tower with Radar,34,13,31,5,83,0,2,0,0,2,34,15,31,5,85,0,0,0,85
11/16/2018,MYR,SC,ASO,ES,Combined TRACON& Tower with Radar,42,9,56,11,118,2,37,52,1,92,44,46,108,12,210,68,16,84,294
11/17/2018,MYR,SC,ASO,ES,Combined TRACON& Tower with Radar,43,6,35,7,91,0,45,48,0,93,43,51,83,7,184,4,0,4,188
11/18/2018,MYR,SC,ASO,ES,Combined TRACON& Tower with Radar,45,9,36,4,94,0,26,6,0,32,45,35,42,4,126,0,0,0,126
11/19/2018,MYR,SC,ASO,ES,Combined TRACON& Tower with Radar,44,6,30,7,87,0,38,9,2,49,44,44,39,9,136,53,0,53,189
11/20/2018,MYR,SC,ASO,ES,Combined TRACON& Tower with Radar,37,6,34,22,99,0,50,23,4,77,37,56,57,26,176,49,10,59,235
11/21/2018,MYR,SC,ASO,ES,Combined TRACON& Tower with Radar,47,15,11,2,75,0,66,55,0,121,47,81,66,2,196,40,0,40,236
11/22/2018,MYR,SC,ASO,ES,Combined TRACON& Tower with Radar,28,0,2,0,30,0,1,11,0,12,28,1,13,0,42,0,0,0,42
11/23/2018,MYR,SC,ASO,ES,Combined TRACON& Tower with Radar,38,6,19,0,63,0,99,11,1,111,38,105,30,1,174,4,0,4,178
11/24/2018,MYR,SC,ASO,ES,Combined TRACON& Tower with Radar,52,5,20,0,77,0,20,0,0,20,52,25,20,0,97,0,0,0,97
11/25/2018,MYR,SC,ASO,ES,Combined TRACON& Tower with Radar,43,7,24,0,74,0,46,30,0,76,43,53,54,0,150,0,0,0,150
11/26/2018,MYR,SC,ASO,ES,Combined TRACON& Tower with Radar,42,7,17,12,78,0,8,10,0,18,42,15,27,12,96,0,0,0,96
11/27/2018,MYR,SC,ASO,ES,Combined TRACON& Tower with Radar,33,17,27,16,93,0,16,27,3,46,33,33,54,19,139,27,4,31,170
11/28/2018,MYR,SC,ASO,ES,Combined TRACON& Tower with Radar,40,9,25,15,89,0,8,39,0,47,40,17,64,15,136,8,0,8,144
11/29/2018,MYR,SC,ASO,ES,Combined TRACON& Tower with Radar,40,8,22,12,82,0,12,39,1,52,40,20,61,13,134,24,0,24,158
11/30/2018,MYR,SC,ASO,ES,Combined TRACON& Tower with Radar,39,4,41,12,96,0,25,31,0,56,39,29,72,12,152,28,0,28,180
12/01/2018,MYR,SC,ASO,ES,Combined TRACON& Tower with Radar,38,2,11,0,51,0,8,4,0,12,38,10,15,0,63,2,0,2,65
12/02/2018,MYR,SC,ASO,ES,Combined TRACON& Tower with Radar,36,5,17,0,58,0,2,0,0,2,36,7,17,0,60,0,0,0,60
12/03/2018,MYR,SC,ASO,ES,Combined TRACON& Tower with Radar,39,14,29,10,92,0,10,12,0,22,39,24,41,10,114,4,0,4,118
12/04/2018,MYR,SC,ASO,ES,Combined TRACON& Tower with Radar,33,9,19,31,92,0,12,43,0,55,33,21,62,31,147,28,20,48,195
12/05/2018,MYR,SC,ASO,ES,Combined TRACON& Tower with Radar,46,13,16,2,77,0,22,22,0,44,46,35,38,2,121,8,0,8,129
12/06/2018,MYR,SC,ASO,ES,Combined TRACON& Tower with Radar,41,18,26,58,143,0,14,34,3,51,41,32,60,61,194,42,32,74,268
12/07/2018,MYR,SC,ASO,ES,Combined TRACON& Tower with Radar,40,11,19,34,104,0,17,32,3,52,40,28,51,37,156,58,61,119,275
12/08/2018,MYR,SC,ASO,ES,Combined TRACON& Tower with Radar,38,7,5,0,50,0,8,0,0,8,38,15,5,0,58,0,0,0,58
12/09/2018,MYR,SC,ASO,ES,Combined TRACON& Tower with Radar,20,0,7,0,27,0,0,0,0,0,20,0,7,0,27,0,0,0,27
12/10/2018,MYR,SC,ASO,ES,Combined TRACON& Tower with Radar,30,5,5,5,45,0,0,0,0,0,30,5,5,5,45,0,0,0,45
12/11/2018,MYR,SC,ASO,ES,Combined TRACON& Tower with Radar,33,10,22,32,97,0,6,23,2,31,33,16,45,34,128,42,4,46,174
12/12/2018,MYR,SC,ASO,ES,Combined TRACON& Tower with Radar,43,15,26,29,113,0,10,36,5,51,43,25,62,34,164,104,40,144,308
12/13/2018,MYR,SC,ASO,ES,Combined TRACON& Tower with Radar,39,16,27,8,90,0,6,30,0,36,39,22,57,8,126,92,0,92,218
12/14/2018,MYR,SC,ASO,ES,Combined TRACON& Tower with Radar,39,8,10,2,59,0,0,0,0,0,39,8,10,2,59,0,0,0,59
12/15/2018,MYR,SC,ASO,ES,Combined TRACON& Tower with Radar,38,5,15,3,61,0,10,1,0,11,38,15,16,3,72,0,0,0,72
12/16/2018,MYR,SC,ASO,ES,Combined TRACON& Tower with Radar,36,8,14,4,62,0,36,26,0,62,36,44,40,4,124,14,0,14,138
12/17/2018,MYR,SC,ASO,ES,Combined TRACON& Tower with Radar,37,2,18,40,97,0,22,20,0,42,37,24,38,40,139,78,18,96,235
12/18/2018,MYR,SC,ASO,ES,Combined TRACON& Tower with Radar,34,8,21,9,72,0,10,54,0,64,34,18,75,9,136,52,0,52,188
12/19/2018,MYR,SC,ASO,ES,Combined TRACON& Tower with Radar,41,9,25,25,100,0,14,21,2,37,41,23,46,27,137,56,0,56,193
12/20/2018,MYR,SC,ASO,ES,Combined TRACON& Tower with Radar,34,11,25,9,79,0,4,1,0,5,34,15,26,9,84,0,0,0,84
12/21/2018,MYR,SC,ASO,ES,Combined TRACON& Tower with Radar,38,14,20,5,77,0,6,4,0,10,38,20,24,5,87,0,0,0,87
12/22/2018,MYR,SC,ASO,ES,Combined TRACON& Tower with Radar,41,12,18,0,71,0,48,34,0,82,41,60,52,0,153,0,0,0,153
12/23/2018,MYR,SC,ASO,ES,Combined TRACON& Tower with Radar,36,9,27,0,72,0,70,34,0,104,36,79,61,0,176,6,0,6,182
12/24/2018,MYR,SC,ASO,ES,Combined TRACON& Tower with Radar,32,8,15,0,55,0,122,18,0,140,32,130,33,0,195,0,0,0,195
12/25/2018,MYR,SC,ASO,ES,Combined TRACON& Tower with Radar,33,2,5,0,40,0,0,7,0,7,33,2,12,0,47,4,0,4,51
12/26/2018,MYR,SC,ASO,ES,Combined TRACON& Tower with Radar,42,6,36,8,92,0,102,48,0,150,42,108,84,8,242,10,0,10,252
12/27/2018,MYR,SC,ASO,ES,Combined TRACON& Tower with Radar,36,12,48,22,118,0,40,2,0,42,36,52,50,22,160,0,0,0,160
12/28/2018,MYR,SC,ASO,ES,Combined TRACON& Tower with Radar,37,6,16,8,67,0,0,1,0,1,37,6,17,8,68,0,0,0,68
12/29/2018,MYR,SC,ASO,ES,Combined TRACON& Tower with Radar,41,6,32,0,79,0,150,8,0,158,41,156,40,0,237,6,0,6,243
12/30/2018,MYR,SC,ASO,ES,Combined TRACON& Tower with Radar,37,14,18,0,69,0,60,0,0,60,37,74,18,0,129,0,0,0,129
12/31/2018,MYR,SC,ASO,ES,Combined TRACON& Tower with Radar,33,4,5,0,42,0,8,0,0,8,33,12,5,0,50,0,0,0,50
01/01/2019,MYR,SC,ASO,ES,Combined TRACON& Tower with Radar,33,4,33,0,70,0,92,9,0,101,33,96,42,0,171,13,0,13,184
01/02/2019,MYR,SC,ASO,ES,Combined TRACON& Tower with Radar,42,7,31,0,80,0,0,0,0,0,42,7,31,0,80,0,0,0,80
01/03/2019,MYR,SC,ASO,ES,Combined TRACON& Tower with Radar,35,10,15,20,80,0,0,0,0,0,35,10,15,20,80,0,0,0,80
01/04/2019,MYR,SC,ASO,ES,Combined TRACON& Tower with Radar,46,7,15,3,71,0,6,0,0,6,46,13,15,3,77,0,0,0,77
01/05/2019,MYR,SC,ASO,ES,Combined TRACON& Tower with Radar,37,4,24,0,65,0,62,26,0,88,37,66,50,0,153,0,0,0,153
01/06/2019,MYR,SC,ASO,ES,Combined TRACON& Tower with Radar,33,1,31,0,65,0,52,45,1,98,33,53,76,1,163,44,0,44,207
01/07/2019,MYR,SC,ASO,ES,Combined TRACON& Tower with Radar,35,7,20,24,86,0,14,22,3,39,35,21,42,27,125,20,6,26,151
01/08/2019,MYR,SC,ASO,ES,Combined TRACON& Tower with Radar,32,7,32,28,99,0,6,22,1,29,32,13,54,29,128,42,16,58,186
01/09/2019,MYR,SC,ASO,ES,Combined TRACON& Tower with Radar,40,8,25,12,85,0,10,23,0,33,40,18,48,12,118,32,8,40,158
01/10/2019,MYR,SC,ASO,ES,Combined TRACON& Tower with Radar,31,12,37,30,110,0,44,30,2,76,31,56,67,32,186,32,42,74,260
01/11/2019,MYR,SC,ASO,ES,Combined TRACON& Tower with Radar,38,8,37,12,95,2,19,47,1,69,40,27,84,13,164,46,0,46,210
01/12/2019,MYR,SC,ASO,ES,Combined TRACON& Tower with Radar,36,4,11,0,51,0,50,13,0,63,36,54,24,0,114,64,0,64,178
01/13/2019,MYR,SC,ASO,ES,Combined TRACON& Tower with Radar,33,0,15,3,51,0,0,0,0,0,33,0,15,3,51,0,0,0,51
01/14/2019,MYR,SC,ASO,ES,Combined TRACON& Tower with Radar,37,5,21,29,92,0,6,0,2,8,37,11,21,31,100,0,20,20,120
01/15/2019,MYR,SC,ASO,ES,Combined TRACON& Tower with Radar,33,22,33,19,107,0,10,21,0,31,33,32,54,19,138,70,0,70,208
01/16/2019,MYR,SC,ASO,ES,Combined TRACON& Tower with Radar,41,11,20,46,118,0,32,35,1,68,41,43,55,47,186,51,29,80,266
01/17/2019,MYR,SC,ASO,ES,Combined TRACON& Tower with Radar,37,12,34,30,113,0,11,49,1,61,37,23,83,31,174,42,18,60,234
01/18/2019,MYR,SC,ASO,ES,Combined TRACON& Tower with Radar,36,10,52,17,115,0,34,22,10,66,36,44,74,27,181,14,18,32,213
01/19/2019,MYR,SC,ASO,ES,Combined TRACON& Tower with Radar,35,4,20,0,59,0,39,6,0,45,35,43,26,0,104,4,0,4,108
01/20/2019,MYR,SC,ASO,ES,Combined TRACON& Tower with Radar,29,5,5,2,41,0,35,5,0,40,29,40,10,2,81,0,0,0,81
01/21/2019,MYR,SC,ASO,ES,Combined TRACON& Tower with Radar,31,6,32,0,69,0,28,16,0,44,31,34,48,0,113,20,0,20,133
01/22/2019,MYR,SC,ASO,ES,Combined TRACON& Tower with Radar,33,8,24,30,95,0,12,38,1,51,33,20,62,31,146,50,38,88,234
01/23/2019,MYR,SC,ASO,ES,Combined TRACON& Tower with Radar,39,8,46,39,132,0,12,25,2,39,39,20,71,41,171,0,14,14,185
01/24/2019,MYR,SC,ASO,ES,Combined TRACON& Tower with Radar,36,8,17,12,73,0,14,2,0,16,36,22,19,12,89,0,0,0,89
01/25/2019,MYR,SC,ASO,ES,Combined TRACON& Tower with Radar,36,10,16,6,68,0,22,60,1,83,36,32,76,7,151,66,4,70,221
01/26/2019,MYR,SC,ASO,ES,Combined TRACON& Tower with Radar,38,8,26,0,72,0,42,51,2,95,38,50,77,2,167,32,0,32,199
01/27/2019,MYR,SC,ASO,ES,Combined TRACON& Tower with Radar,33,5,26,0,64,0,24,32,0,56,33,29,58,0,120,16,0,16,136
01/28/2019,MYR,SC,ASO,ES,Combined TRACON& Tower with Radar,34,4,13,17,68,0,20,31,3,54,34,24,44,20,122,0,8,8,130
01/29/2019,MYR,SC,ASO,ES,Combined TRACON& Tower with Radar,33,8,22,34,97,0,14,11,2,27,33,22,33,36,124,32,8,40,164
01/30/2019,MYR,SC,ASO,ES,Combined TRACON& Tower with Radar,43,7,23,18,91,0,10,32,0,42,43,17,55,18,133,34,14,48,181
01/31/2019,MYR,SC,ASO,ES,Combined TRACON& Tower with Radar,35,8,15,70,128,0,26,38,0,64,35,34,53,70,192,48,58,106,298
02/01/2019,MYR,SC,ASO,ES,Combined TRACON& Tower with Radar,40,5,24,6,75,0,28,41,4,73,40,33,65,10,148,50,0,50,198
02/02/2019,MYR,SC,ASO,ES,Combined TRACON& Tower with Radar,37,6,21,2,66,0,51,20,0,71,37,57,41,2,137,0,4,4,141
02/03/2019,MYR,SC,ASO,ES,Combined TRACON& Tower with Radar,31,0,13,0,44,0,40,0,0,40,31,40,13,0,84,0,0,0,84
02/04/2019,MYR,SC,ASO,ES,Combined TRACON& Tower with Radar,38,4,22,12,76,0,22,31,3,56,38,26,53,15,132,42,6,48,180
02/05/2019,MYR,SC,ASO,ES,Combined TRACON& Tower with Radar,34,7,19,42,102,0,21,35,6,62,34,28,54,48,164,47,8,55,219
02/06/2019,MYR,SC,ASO,ES,Combined TRACON& Tower with Radar,42,4,20,24,90,0,28,32,2,62,42,32,52,26,152,66,0,66,218
02/07/2019,MYR,SC,ASO,ES,Combined TRACON& Tower with Radar,34,7,28,40,109,0,28,38,0,66,34,35,66,40,175,46,2,48,223
02/08/2019,MYR,SC,ASO,ES,Combined TRACON& Tower with Radar,35,5,11,7,58,0,53,21,1,75,35,58,32,8,133,12,14,26,159
02/09/2019,MYR,SC,ASO,ES,Combined TRACON& Tower with Radar,37,4,16,0,57,0,72,19,2,93,37,76,35,2,150,4,0,4,154
02/10/2019,MYR,SC,ASO,ES,Combined TRACON& Tower with Radar,35,0,27,2,64,0,65,9,0,74,35,65,36,2,138,19,6,25,163
02/11/2019,MYR,SC,ASO,ES,Combined TRACON& Tower with Radar,34,2,15,10,61,0,6,0,0,6,34,8,15,10,67,8,0,8,75
02/12/2019,MYR,SC,ASO,ES,Combined TRACON& Tower with Radar,34,5,7,8,54,0,0,0,0,0,34,5,7,8,54,0,0,0,54
02/13/2019,MYR,SC,ASO,ES,Combined TRACON& Tower with Radar,42,8,26,25,101,0,25,16,4,45,42,33,42,29,146,32,0,32,178
02/14/2019,MYR,SC,ASO,ES,Combined TRACON& Tower with Radar,43,8,20,2,73,0,55,40,2,97,43,63,60,4,170,77,0,77,247
02/15/2019,MYR,SC,ASO,ES,Combined TRACON& Tower with Radar,45,6,17,8,76,0,74,19,0,93,45,80,36,8,169,2,0,2,171
02/16/2019,MYR,SC,ASO,ES,Combined TRACON& Tower with Radar,47,2,12,0,61,0,110,1,0,111,47,112,13,0,172,0,0,0,172
02/17/2019,MYR,SC,ASO,ES,Combined TRACON& Tower with Radar,38,11,7,1,57,0,90,2,0,92,38,101,9,1,149,0,0,0,149
02/18/2019,MYR,SC,ASO,ES,Combined TRACON& Tower with Radar,43,5,23,2,73,0,68,10,0,78,43,73,33,2,151,16,0,16,167
02/19/2019,MYR,SC,ASO,ES,Combined TRACON& Tower with Radar,39,6,14,13,72,0,28,14,0,42,39,34,28,13,114,0,12,12,126
02/20/2019,MYR,SC,ASO,ES,Combined TRACON& Tower with Radar,40,6,8,14,68,0,0,0,0,0,40,6,8,14,68,0,0,0,68
02/21/2019,MYR,SC,ASO,ES,Combined TRACON& Tower with Radar,41,9,18,7,75,0,48,12,0,60,41,57,30,7,135,26,0,26,161
02/22/2019,MYR,SC,ASO,ES,Combined TRACON& Tower with Radar,44,13,23,38,118,0,14,0,0,14,44,27,23,38,132,0,0,0,132
02/23/2019,MYR,SC,ASO,ES,Combined TRACON& Tower with Radar,44,2,14,9,69,0,10,1,0,11,44,12,15,9,80,0,0,0,80
02/24/2019,MYR,SC,ASO,ES,Combined TRACON& Tower with Radar,43,5,11,5,64,0,70,0,0,70,43,75,11,5,134,0,8,8,142
02/25/2019,MYR,SC,ASO,ES,Combined TRACON& Tower with Radar,43,3,6,20,72,0,33,38,1,72,43,36,44,21,144,12,8,20,164
02/26/2019,MYR,SC,ASO,ES,Combined TRACON& Tower with Radar,50,11,23,30,114,0,23,54,3,80,50,34,77,33,194,39,44,83,277
02/27/2019,MYR,SC,ASO,ES,Combined TRACON& Tower with Radar,51,9,27,8,95,0,24,16,0,40,51,33,43,8,135,14,0,14,149
02/28/2019,MYR,SC,ASO,ES,Combined TRACON& Tower with Radar,43,12,20,31,106,0,45,9,4,58,43,57,29,35,164,28,60,88,252
03/01/2019,MYR,SC,ASO,ES,Combined TRACON& Tower with Radar,44,13,15,13,85,0,16,0,0,16,44,29,15,13,101,0,0,0,101
03/02/2019,MYR,SC,ASO,ES,Combined TRACON& Tower with Radar,52,6,25,1,84,0,110,11,0,121,52,116,36,1,205,0,0,0,205
03/03/2019,MYR,SC,ASO,ES,Combined TRACON& Tower with Radar,45,10,17,11,83,0,18,0,0,18,45,28,17,11,101,0,0,0,101
03/04/2019,MYR,SC,ASO,ES,Combined TRACON& Tower with Radar,47,2,18,31,98,0,52,16,0,68,47,54,34,31,166,32,6,38,204
03/05/2019,MYR,SC,ASO,ES,Combined TRACON& Tower with Radar,46,10,10,17,83,0,2,2,1,5,46,12,12,18,88,22,6,28,116
03/06/2019,MYR,SC,ASO,ES,Combined TRACON& Tower with Radar,51,17,29,39,136,0,49,57,1,107,51,66,86,40,243,31,47,78,321
03/07/2019,MYR,SC,ASO,ES,Combined TRACON& Tower with Radar,47,8,32,35,122,0,53,56,1,110,47,61,88,36,232,72,50,122,354
03/08/2019,MYR,SC,ASO,ES,Combined TRACON& Tower with Radar,48,9,15,52,124,0,74,31,0,105,48,83,46,52,229,28,12,40,269
03/09/2019,MYR,SC,ASO,ES,Combined TRACON& Tower with Radar,53,4,23,18,98,0,186,9,1,196,53,190,32,19,294,18,24,42,336
03/10/2019,MYR,SC,ASO,ES,Combined TRACON& Tower with Radar,44,3,14,0,61,0,146,2,0,148,44,149,16,0,209,8,0,8,217
03/11/2019,MYR,SC,ASO,ES,Combined TRACON& Tower with Radar,48,3,17,3,71,0,70,25,3,98,48,73,42,6,169,16,6,22,191
03/12/2019,MYR,SC,ASO,ES,Combined TRACON& Tower with Radar,49,16,15,36,116,0,103,30,0,133,49,119,45,36,249,32,39,71,320
03/13/2019,MYR,SC,ASO,ES,Combined TRACON& Tower with Radar,52,4,10,69,135,0,116,29,1,146,52,120,39,70,281,34,0,34,315
03/14/2019,MYR,SC,ASO,ES,Combined TRACON& Tower with Radar,54,5,22,56,137,0,118,27,5,150,54,123,49,61,287,32,34,66,353
03/15/2019,MYR,SC,ASO,ES,Combined TRACON& Tower with Radar,57,12,9,37,115,0,126,16,0,142,57,138,25,37,257,30,4,34,291
03/16/2019,MYR,SC,ASO,ES,Combined TRACON& Tower with Radar,61,4,20,5,90,0,236,28,0,264,61,240,48,5,354,12,0,12,366
03/17/2019,MYR,SC,ASO,ES,Combined TRACON& Tower with Radar,47,6,32,0,85,0,180,23,0,203,47,186,55,0,288,4,0,4,292
03/18/2019,MYR,SC,ASO,ES,Combined TRACON& Tower with Radar,57,7,17,11,92,0,74,41,2,117,57,81,58,13,209,14,14,28,237
03/19/2019,MYR,SC,ASO,ES,Combined TRACON& Tower with Radar,50,12,27,46,135,0,112,13,3,128,50,124,40,49,263,16,26,42,305
03/20/2019,MYR,SC,ASO,ES,Combined TRACON& Tower with Radar,59,8,13,5,85,0,58,5,1,64,59,66,18,6,149,12,0,12,161
03/21/2019,MYR,SC,ASO,ES,Combined TRACON& Tower with Radar,54,12,30,24,120,0,103,10,3,116,54,115,40,27,236,0,0,0,236
03/22/2019,MYR,SC,ASO,ES,Combined TRACON& Tower with Radar,54,7,20,9,90,0,114,44,2,160,54,121,64,11,250,28,0,28,278
03/23/2019,MYR,SC,ASO,ES,Combined TRACON& Tower with Radar,60,4,20,2,86,4,239,75,0,318,64,243,95,2,404,16,0,16,420
03/24/2019,MYR,SC,ASO,ES,Combined TRACON& Tower with Radar,50,5,25,1,81,0,206,43,1,250,50,211,68,2,331,32,0,32,363
03/25/2019,MYR,SC,ASO,ES,Combined TRACON& Tower with Radar,69,6,17,16,108,0,145,30,1,176,69,151,47,17,284,8,16,24,308
03/26/2019,MYR,SC,ASO,ES,Combined TRACON& Tower with Radar,51,10,17,4,82,0,124,6,0,130,51,134,23,4,212,8,0,8,220
03/27/2019,MYR,SC,ASO,ES,Combined TRACON& Tower with Radar,68,5,23,11,107,0,230,15,5,250,68,235,38,16,357,14,0,14,371
03/28/2019,MYR,SC,ASO,ES,Combined TRACON& Tower with Radar,52,7,30,21,110,0,249,49,15,313,52,256,79,36,423,30,6,36,459
03/29/2019,MYR,SC,ASO,ES,Combined TRACON& Tower with Radar,55,13,16,26,110,0,236,47,4,287,55,249,63,30,397,2,6,8,405
03/30/2019,MYR,SC,ASO,ES,Combined TRACON& Tower with Radar,60,2,15,7,84,0,357,16,35,408,60,359,31,42,492,0,0,0,492
03/31/2019,MYR,SC,ASO,ES,Combined TRACON& Tower with Radar,52,6,12,2,72,0,176,6,0,182,52,182,18,2,254,6,0,6,260
04/01/2019,MYR,SC,ASO,ES,Combined TRACON& Tower with Radar,61,7,16,22,106,0,232,20,3,255,61,239,36,25,361,18,8,26,387
04/02/2019,MYR,SC,ASO,ES,Combined TRACON& Tower with Radar,52,10,13,13,88,0,0,0,0,0,52,10,13,13,88,0,0,0,88
04/03/2019,MYR,SC,ASO,ES,Combined TRACON& Tower with Radar,63,9,14,33,119,0,249,34,2,285,63,258,48,35,404,10,16,26,430
04/04/2019,MYR,SC,ASO,ES,Combined TRACON& Tower with Radar,63,12,30,27,132,0,304,37,0,341,63,316,67,27,473,30,26,56,529
04/05/2019,MYR,SC,ASO,ES,Combined TRACON& Tower with Radar,69,6,23,6,104,0,97,2,0,99,69,103,25,6,203,12,0,12,215
04/06/2019,MYR,SC,ASO,ES,Combined TRACON& Tower with Radar,68,11,20,3,102,0,369,15,1,385,68,380,35,4,487,16,8,24,511
04/07/2019,MYR,SC,ASO,ES,Combined TRACON& Tower with Radar,63,7,30,5,105,0,202,12,0,214,63,209,42,5,319,0,0,0,319
04/08/2019,MYR,SC,ASO,ES,Combined TRACON& Tower with Radar,61,6,28,35,130,0,77,12,3,92,61,83,40,38,222,20,12,32,254
04/09/2019,MYR,SC,ASO,ES,Combined TRACON& Tower with Radar,47,7,12,17,83,0,26,0,2,28,47,33,12,19,111,10,0,10,121
04/10/2019,MYR,SC,ASO,ES,Combined TRACON& Tower with Radar,73,6,31,56,166,0,87,33,0,120,73,93,64,56,286,16,0,16,302
04/11/2019,MYR,SC,ASO,ES,Combined TRACON& Tower with Radar,62,10,23,6,101,0,108,40,0,148,62,118,63,6,249,18,2,20,269
04/12/2019,MYR,SC,ASO,ES,Combined TRACON& Tower with Radar,70,11,23,12,116,0,95,7,0,102,70,106,30,12,218,8,0,8,226
04/13/2019,MYR,SC,ASO,ES,Combined TRACON& Tower with Radar,67,7,21,6,101,0,139,4,0,143,67,146,25,6,244,0,0,0,244
04/14/2019,MYR,SC,ASO,ES,Combined TRACON& Tower with Radar,58,2,16,0,76,0,165,10,0,175,58,167,26,0,251,0,0,0,251
04/15/2019,MYR,SC,ASO,ES,Combined TRACON& Tower with Radar,66,7,12,24,109,0,221,9,0,230,66,228,21,24,339,0,0,0,339
04/16/2019,MYR,SC,ASO,ES,Combined TRACON& Tower with Radar,56,8,24,26,114,0,350,46,2,398,56,358,70,28,512,44,20,64,576
04/17/2019,MYR,SC,ASO,ES,Combined TRACON& Tower with Radar,67,16,30,18,131,0,308,36,0,344,67,324,66,18,475,48,3,51,526
04/18/2019,MYR,SC,ASO,ES,Combined TRACON& Tower with Radar,65,7,28,41,141,0,396,27,0,423,65,403,55,41,564,18,0,18,582
04/19/2019,MYR,SC,ASO,ES,Combined TRACON& Tower with Radar,56,10,2,0,68,2,10,0,0,12,58,20,2,0,80,0,0,0,80
04/20/2019,MYR,SC,ASO,ES,Combined TRACON& Tower with Radar,54,6,15,0,75,0,581,9,0,590,54,587,24,0,665,8,0,8,673
04/21/2019,MYR,SC,ASO,ES,Combined TRACON& Tower with Radar,65,3,15,0,83,0,383,15,0,398,65,386,30,0,481,16,0,16,497
04/22/2019,MYR,SC,ASO,ES,Combined TRACON& Tower with Radar,68,12,26,2,108,0,247,51,0,298,68,259,77,2,406,56,0,56,462
04/23/2019,MYR,SC,ASO,ES,Combined TRACON& Tower with Radar,56,12,20,28,116,0,248,36,0,284,56,260,56,28,400,57,4,61,461
04/24/2019,MYR,SC,ASO,ES,Combined TRACON& Tower with Radar,68,14,28,33,143,0,283,32,0,315,68,297,60,33,458,8,14,22,480
04/25/2019,MYR,SC,ASO,ES,Combined TRACON& Tower with Radar,64,7,35,14,120,0,303,11,0,314,64,310,46,14,434,12,20,32,466
04/26/2019,MYR,SC,ASO,ES,Combined TRACON& Tower with Radar,68,6,8,0,82,0,140,8,0,148,68,146,16,0,230,12,0,12,242
04/27/2019,MYR,SC,ASO,ES,Combined TRACON& Tower with Radar,68,2,23,2,95,0,344,21,0,365,68,346,44,2,460,14,0,14,474
04/28/2019,MYR,SC,ASO,ES,Combined TRACON& Tower with Radar,66,8,31,0,105,0,233,12,0,245,66,241,43,0,350,0,0,0,350
04/29/2019,MYR,SC,ASO,ES,Combined TRACON& Tower with Radar,67,7,23,29,126,0,92,17,4,113,67,99,40,33,239,30,4,34,273
04/30/2019,MYR,SC,ASO,ES,Combined TRACON& Tower with Radar,58,14,27,35,134,0,119,39,11,169,58,133,66,46,303,42,30,72,375
05/01/2019,MYR,SC,ASO,ES,Combined TRACON& Tower with Radar,67,11,33,51,162,0,121,19,6,146,67,132,52,57,308,43,32,75,383
05/02/2019,MYR,SC,ASO,ES,Combined TRACON& Tower with Radar,77,6,36,28,147,0,110,15,0,125,77,116,51,28,272,6,0,6,278
05/03/2019,MYR,SC,ASO,ES,Combined TRACON& Tower with Radar,77,13,25,14,129,0,101,9,0,110,77,114,34,14,239,16,0,16,255
05/04/2019,MYR,SC,ASO,ES,Combined TRACON& Tower with Radar,95,13,20,0,128,0,219,4,0,223,95,232,24,0,351,6,0,6,357
05/05/2019,MYR,SC,ASO,ES,Combined TRACON& Tower with Radar,86,9,23,1,119,0,226,0,0,226,86,235,23,1,345,0,0,0,345
05/06/2019,MYR,SC,ASO,ES,Combined TRACON& Tower with Radar,80,5,23,15,123,0,113,27,3,143,80,118,50,18,266,44,0,44,310
05/07/2019,MYR,SC,ASO,ES,Combined TRACON& Tower with Radar,74,17,25,11,127,0,149,46,2,197,74,166,71,13,324,6,8,14,338
05/08/2019,MYR,SC,ASO,ES,Combined TRACON& Tower with Radar,81,10,26,15,132,0,133,39,1,173,81,143,65,16,305,18,12,30,335
05/09/2019,MYR,SC,ASO,ES,Combined TRACON& Tower with Radar,84,17,32,30,163,0,149,21,2,172,84,166,53,32,335,22,4,26,361
05/10/2019,MYR,SC,ASO,ES,Combined TRACON& Tower with Radar,80,17,26,12,135,0,186,22,5,213,80,203,48,17,348,6,20,26,374
05/11/2019,MYR,SC,ASO,ES,Combined TRACON& Tower with Radar,88,10,27,6,131,0,399,22,2,423,88,409,49,8,554,2,0,2,556
05/12/2019,MYR,SC,ASO,ES,Combined TRACON& Tower with Radar,81,9,9,1,100,0,132,2,1,135,81,141,11,2,235,0,0,0,235
05/13/2019,MYR,SC,ASO,ES,Combined TRACON& Tower with Radar,77,6,14,13,110,0,142,37,3,182,77,148,51,16,292,34,0,34,326
05/14/2019,MYR,SC,ASO,ES,Combined TRACON& Tower with Radar,74,5,28,23,130,0,194,63,2,259,74,199,91,25,389,4,16,20,409
05/15/2019,MYR,SC,ASO,ES,Combined TRACON& Tower with Radar,86,18,32,17,153,0,206,32,1,239,86,224,64,18,392,25,8,33,425
05/16/2019,MYR,SC,ASO,ES,Combined TRACON& Tower with Radar,90,8,29,25,152,0,121,32,2,155,90,129,61,27,307,17,14,31,338
05/17/2019,MYR,SC,ASO,ES,Combined TRACON& Tower with Radar,89,11,26,19,145,0,185,27,2,214,89,196,53,21,359,16,8,24,383
05/18/2019,MYR,SC,ASO,ES,Combined TRACON& Tower with Radar,97,15,22,9,143,0,294,30,0,324,97,309,52,9,467,0,0,0,467
05/19/2019,MYR,SC,ASO,ES,Combined TRACON& Tower with Radar,94,3,29,0,126,0,253,23,0,276,94,256,52,0,402,40,0,40,442
05/20/2019,MYR,SC,ASO,ES,Combined TRACON& Tower with Radar,86,12,21,28,147,0,180,20,0,200,86,192,41,28,347,34,2,36,383
05/21/2019,MYR,SC,ASO,ES,Combined TRACON& Tower with Radar,76,10,8,35,129,0,148,40,0,188,76,158,48,35,317,27,10,37,354
05/22/2019,MYR,SC,ASO,ES,Combined TRACON& Tower with Radar,92,9,14,15,130,0,176,9,0,185,92,185,23,15,315,4,2,6,321
05/23/2019,MYR,SC,ASO,ES,Combined TRACON& Tower with Radar,89,20,20,5,134,0,144,52,1,197,89,164,72,6,331,34,0,34,365
05/24/2019,MYR,SC,ASO,ES,Combined TRACON& Tower with Radar,86,14,23,6,129,0,251,26,6,283,86,265,49,12,412,12,0,12,424
05/25/2019,MYR,SC,ASO,ES,Combined TRACON& Tower with Radar,102,14,27,0,143,0,362,19,7,388,102,376,46,7,531,0,0,0,531
05/26/2019,MYR,SC,ASO,ES,Combined TRACON& Tower with Radar,96,5,3,0,104,0,854,13,10,877,96,859,16,10,981,0,0,0,981
05/27/2019,MYR,SC,ASO,ES,Combined TRACON& Tower with Radar,87,11,23,0,121,0,451,32,3,486,87,462,55,3,607,6,0,6,613
05/28/2019,MYR,SC,ASO,ES,Combined TRACON& Tower with Radar,75,7,25,9,116,0,217,25,1,243,75,224,50,10,359,0,0,0,359
05/29/2019,MYR,SC,ASO,ES,Combined TRACON& Tower with Radar,87,7,15,31,140,0,207,36,4,247,87,214,51,35,387,10,8,18,405
05/30/2019,MYR,SC,ASO,ES,Combined TRACON& Tower with Radar,89,7,26,29,151,0,240,39,4,283,89,247,65,33,434,11,20,31,465
05/31/2019,MYR,SC,ASO,ES,Combined TRACON& Tower with Radar,93,13,16,13,135,0,212,22,0,234,93,225,38,13,369,22,8,30,399
06/01/2019,MYR,SC,ASO,ES,Combined TRACON& Tower with Radar,99,8,16,7,130,0,453,35,2,490,99,461,51,9,620,8,0,8,628
06/02/2019,MYR,SC,ASO,ES,Combined TRACON& Tower with Radar,89,6,21,0,116,0,320,17,1,338,89,326,38,1,454,0,0,0,454
06/03/2019,MYR,SC,ASO,ES,Combined TRACON& Tower with Radar,93,8,16,51,168,0,213,30,3,246,93,221,46,54,414,38,44,82,496
06/04/2019,MYR,SC,ASO,ES,Combined TRACON& Tower with Radar,76,8,21,15,120,0,305,28,4,337,76,313,49,19,457,14,8,22,479
06/05/2019,MYR,SC,ASO,ES,Combined TRACON& Tower with Radar,98,12,23,21,154,0,269,5,4,278,98,281,28,25,432,0,13,13,445
06/06/2019,MYR,SC,ASO,ES,Combined TRACON& Tower with Radar,96,12,25,12,145,0,157,6,6,169,96,169,31,18,314,20,4,24,338
06/07/2019,MYR,SC,ASO,ES,Combined TRACON& Tower with Radar,88,15,18,10,131,0,211,2,2,215,88,226,20,12,346,20,0,20,366
06/08/2019,MYR,SC,ASO,ES,Combined TRACON& Tower with Radar,111,22,15,11,159,0,225,5,3,233,111,247,20,14,392,8,0,8,400
06/09/2019,MYR,SC,ASO,ES,Combined TRACON& Tower with Radar,99,7,17,0,123,0,299,0,3,302,99,306,17,3,425,0,0,0,425
06/10/2019,MYR,SC,ASO,ES,Combined TRACON& Tower with Radar,91,6,13,26,136,0,239,3,1,243,91,245,16,27,379,0,0,0,379
06/11/2019,MYR,SC,ASO,ES,Combined TRACON& Tower with Radar,86,7,14,12,119,0,355,13,1,369,86,362,27,13,488,6,0,6,494
06/12/2019,MYR,SC,ASO,ES,Combined TRACON& Tower with Radar,102,9,24,0,135,0,74,0,0,74,102,83,24,0,209,4,0,4,213
06/13/2019,MYR,SC,ASO,ES,Combined TRACON& Tower with Radar,96,10,25,37,168,0,311,6,2,319,96,321,31,39,487,4,10,14,501
06/14/2019,MYR,SC,ASO,ES,Combined TRACON& Tower with Radar,96,12,19,4,131,0,339,45,0,384,96,351,64,4,515,33,0,33,548
06/15/2019,MYR,SC,ASO,ES,Combined TRACON& Tower with Radar,111,11,18,9,149,0,515,42,0,557,111,526,60,9,706,0,0,0,706
06/16/2019,MYR,SC,ASO,ES,Combined TRACON& Tower with Radar,101,6,25,0,132,0,430,24,0,454,101,436,49,0,586,0,0,0,586
06/17/2019,MYR,SC,ASO,ES,Combined TRACON& Tower with Radar,92,8,27,38,165,0,281,35,2,318,92,289,62,40,483,6,28,34,517
06/18/2019,MYR,SC,ASO,ES,Combined TRACON& Tower with Radar,83,10,21,29,143,0,414,17,2,433,83,424,38,31,576,26,8,34,610
06/19/2019,MYR,SC,ASO,ES,Combined TRACON& Tower with Radar,95,10,18,59,182,0,370,5,0,375,95,380,23,59,557,8,20,28,585
06/20/2019,MYR,SC,ASO,ES,Combined TRACON& Tower with Radar,91,15,16,12,134,0,321,14,2,337,91,336,30,14,471,30,0,30,501
06/21/2019,MYR,SC,ASO,ES,Combined TRACON& Tower with Radar,92,7,22,25,146,0,488,27,0,515,92,495,49,25,661,12,0,12,673
06/22/2019,MYR,SC,ASO,ES,Combined TRACON& Tower with Radar,115,17,23,2,157,0,459,12,0,471,115,476,35,2,628,0,8,8,636
06/23/2019,MYR,SC,ASO,ES,Combined TRACON& Tower with Radar,103,6,21,8,138,0,432,9,0,441,103,438,30,8,579,2,0,2,581
06/24/2019,MYR,SC,ASO,ES,Combined TRACON& Tower with Radar,88,7,4,27,126,0,327,36,0,363,88,334,40,27,489,22,10,32,521
06/25/2019,MYR,SC,ASO,ES,Combined TRACON& Tower with Radar,104,18,14,21,157,0,443,42,2,487,104,461,56,23,644,4,12,16,660
06/26/2019,MYR,SC,ASO,ES,Combined TRACON& Tower with Radar,97,14,27,38,176,0,460,42,1,503,97,474,69,39,679,8,8,16,695
06/27/2019,MYR,SC,ASO,ES,Combined TRACON& Tower with Radar,95,13,33,37,178,0,468,48,0,516,95,481,81,37,694,23,0,23,717
06/28/2019,MYR,SC,ASO,ES,Combined TRACON& Tower with Radar,90,19,18,29,156,0,419,32,0,451,90,438,50,29,607,4,0,4,611
06/29/2019,MYR,SC,ASO,ES,Combined TRACON& Tower with Radar,115,11,27,0,153,0,527,47,0,574,115,538,74,0,727,6,0,6,733
06/30/2019,MYR,SC,ASO,ES,Combined TRACON& Tower with Radar,104,7,9,15,135,0,440,23,2,465,104,447,32,17,600,0,0,0,600
07/01/2019,MYR,SC,ASO,ES,Combined TRACON& Tower with Radar,93,10,18,23,144,0,451,25,0,476,93,461,43,23,620,0,26,26,646
07/02/2019,MYR,SC,ASO,ES,Combined TRACON& Tower with Radar,99,11,22,17,149,0,533,18,2,553,99,544,40,19,702,32,26,58,760
07/03/2019,MYR,SC,ASO,ES,Combined TRACON& Tower with Radar,99,15,18,6,138,0,376,12,0,388,99,391,30,6,526,10,0,10,536
07/04/2019,MYR,SC,ASO,ES,Combined TRACON& Tower with Radar,89,4,2,0,95,0,599,14,7,620,89,603,16,7,715,0,0,0,715
07/05/2019,MYR,SC,ASO,ES,Combined TRACON& Tower with Radar,88,9,5,2,104,0,457,11,0,468,88,466,16,2,572,12,0,12,584
07/06/2019,MYR,SC,ASO,ES,Combined TRACON& Tower with Radar,114,13,18,0,145,0,1145,14,0,1159,114,1158,32,0,1304,26,0,26,1330
07/07/2019,MYR,SC,ASO,ES,Combined TRACON& Tower with Radar,97,13,28,0,138,0,572,8,0,580,97,585,36,0,718,0,0,0,718
07/08/2019,MYR,SC,ASO,ES,Combined TRACON& Tower with Radar,89,6,13,7,115,6,326,16,2,350,95,332,29,9,465,6,6,12,477
07/09/2019,MYR,SC,ASO,ES,Combined TRACON& Tower with Radar,89,12,24,26,151,0,424,8,2,434,89,436,32,28,585,12,12,24,609
07/10/2019,MYR,SC,ASO,ES,Combined TRACON& Tower with Radar,100,14,18,25,157,0,387,4,0,391,100,401,22,25,548,2,0,2,550
07/11/2019,MYR,SC,ASO,ES,Combined TRACON& Tower with Radar,92,8,21,29,150,0,463,20,2,485,92,471,41,31,635,2,10,12,647
07/12/2019,MYR,SC,ASO,ES,Combined TRACON& Tower with Radar,91,12,30,38,171,0,539,16,2,557,91,551,46,40,728,4,0,4,732
07/13/2019,MYR,SC,ASO,ES,Combined TRACON& Tower with Radar,103,16,14,12,145,0,343,11,4,358,103,359,25,16,503,2,0,2,505
07/14/2019,MYR,SC,ASO,ES,Combined TRACON& Tower with Radar,107,10,14,13,144,0,532,26,0,558,107,542,40,13,702,28,18,46,748
07/15/2019,MYR,SC,ASO,ES,Combined TRACON& Tower with Radar,94,11,17,29,151,0,421,27,0,448,94,432,44,29,599,24,48,72,671
07/16/2019,MYR,SC,ASO,ES,Combined TRACON& Tower with Radar,87,17,28,65,197,0,502,36,4,542,87,519,64,69,739,47,36,83,822
07/17/2019,MYR,SC,ASO,ES,Combined TRACON& Tower with Radar,98,13,10,20,141,0,518,21,1,540,98,531,31,21,681,13,32,45,726
07/18/2019,MYR,SC,ASO,ES,Combined TRACON& Tower with Radar,88,8,30,6,132,0,462,28,0,490,88,470,58,6,622,35,0,35,657
07/19/2019,MYR,SC,ASO,ES,Combined TRACON& Tower with Radar,95,16,20,16,147,0,587,23,2,612,95,603,43,18,759,36,0,36,795
07/20/2019,MYR,SC,ASO,ES,Combined TRACON& Tower with Radar,111,18,26,6,161,0,700,25,1,726,111,718,51,7,887,6,0,6,893
07/21/2019,MYR,SC,ASO,ES,Combined TRACON& Tower with Radar,97,5,19,6,127,0,581,30,3,614,97,586,49,9,741,0,0,0,741
07/22/2019,MYR,SC,ASO,ES,Combined TRACON& Tower with Radar,94,13,10,12,129,0,488,24,0,512,94,501,34,12,641,0,0,0,641
07/23/2019,MYR,SC,ASO,ES,Combined TRACON& Tower with Radar,82,11,9,13,115,0,456,21,0,477,82,467,30,13,592,0,4,4,596
07/24/2019,MYR,SC,ASO,ES,Combined TRACON& Tower with Radar,94,17,14,7,132,0,541,4,0,545,94,558,18,7,677,0,4,4,681
07/25/2019,MYR,SC,ASO,ES,Combined TRACON& Tower with Radar,97,16,36,21,170,0,604,48,0,652,97,620,84,21,822,22,17,39,861
07/26/2019,MYR,SC,ASO,ES,Combined TRACON& Tower with Radar,95,15,26,8,144,0,790,30,2,822,95,805,56,10,966,8,0,8,974
07/27/2019,MYR,SC,ASO,ES,Combined TRACON& Tower with Radar,113,16,27,9,165,0,694,29,1,724,113,710,56,10,889,17,4,21,910
07/28/2019,MYR,SC,ASO,ES,Combined TRACON& Tower with Radar,101,10,20,7,138,0,570,30,2,602,101,580,50,9,740,0,0,0,740
07/29/2019,MYR,SC,ASO,ES,Combined TRACON& Tower with Radar,93,8,9,33,143,0,406,51,2,459,93,414,60,35,602,50,28,78,680
07/30/2019,MYR,SC,ASO,ES,Combined TRACON& Tower with Radar,87,9,10,37,143,0,512,30,0,542,87,521,40,37,685,34,6,40,725
07/31/2019,MYR,SC,ASO,ES,Combined TRACON& Tower with Radar,94,8,35,14,151,0,595,48,5,648,94,603,83,19,799,38,20,58,857
08/01/2019,MYR,SC,ASO,ES,Combined TRACON& Tower with Radar,94,12,22,20,148,0,531,35,1,567,94,543,57,21,715,37,0,37,752
08/02/2019,MYR,SC,ASO,ES,Combined TRACON& Tower with Radar,87,9,13,0,109,0,593,11,0,604,87,602,24,0,713,6,0,6,719
08/03/2019,MYR,SC,ASO,ES,Combined TRACON& Tower with Radar,114,22,8,0,144,0,518,1,0,519,114,540,9,0,663,0,0,0,663
08/04/2019,MYR,SC,ASO,ES,Combined TRACON& Tower with Radar,104,8,20,0,132,0,504,17,3,524,104,512,37,3,656,10,0,10,666
08/05/2019,MYR,SC,ASO,ES,Combined TRACON& Tower with Radar,94,8,9,6,117,0,437,8,0,445,94,445,17,6,562,14,8,22,584
08/06/2019,MYR,SC,ASO,ES,Combined TRACON& Tower with Radar,89,7,28,51,175,0,511,31,1,543,89,518,59,52,718,12,16,28,746
08/07/2019,MYR,SC,ASO,ES,Combined TRACON& Tower with Radar,89,7,13,28,137,0,569,37,0,606,89,576,50,28,743,20,20,40,783
08/08/2019,MYR,SC,ASO,ES,Combined TRACON& Tower with Radar,96,9,24,23,152,0,687,37,2,726,96,696,61,25,878,18,10,28,906
08/09/2019,MYR,SC,ASO,ES,Combined TRACON& Tower with Radar,91,16,19,17,143,0,635,33,3,671,91,651,52,20,814,30,23,53,867
08/10/2019,MYR,SC,ASO,ES,Combined TRACON& Tower with Radar,111,14,23,4,152,0,662,44,0,706,111,676,67,4,858,16,0,16,874
08/11/2019,MYR,SC,ASO,ES,Combined TRACON& Tower with Radar,99,17,28,0,144,0,520,15,0,535,99,537,43,0,679,6,0,6,685
08/12/2019,MYR,SC,ASO,ES,Combined TRACON& Tower with Radar,91,8,17,14,130,0,496,37,0,533,91,504,54,14,663,14,4,18,681
08/13/2019,MYR,SC,ASO,ES,Combined TRACON& Tower with Radar,85,13,16,31,145,0,617,39,0,656,85,630,55,31,801,22,0,22,823
08/14/2019,MYR,SC,ASO,ES,Combined TRACON& Tower with Radar,85,7,23,3,118,0,396,4,0,400,85,403,27,3,518,0,0,0,518
08/15/2019,MYR,SC,ASO,ES,Combined TRACON& Tower with Radar,90,9,16,1,116,0,558,9,1,568,90,567,25,2,684,8,0,8,692
08/16/2019,MYR,SC,ASO,ES,Combined TRACON& Tower with Radar,77,9,19,11,116,0,407,9,0,416,77,416,28,11,532,20,0,20,552
08/17/2019,MYR,SC,ASO,ES,Combined TRACON& Tower with Radar,105,17,27,0,149,0,260,1,0,261,105,277,28,0,410,0,0,0,410
08/18/2019,MYR,SC,ASO,ES,Combined TRACON& Tower with Radar,88,11,24,1,124,0,624,12,1,637,88,635,36,2,761,0,0,0,761
08/19/2019,MYR,SC,ASO,ES,Combined TRACON& Tower with Radar,70,4,14,20,108,0,449,24,3,476,70,453,38,23,584,0,4,4,588
08/20/2019,MYR,SC,ASO,ES,Combined TRACON& Tower with Radar,77,9,18,39,143,0,389,27,5,421,77,398,45,44,564,10,20,30,594
08/21/2019,MYR,SC,ASO,ES,Combined TRACON& Tower with Radar,77,6,35,12,130,0,366,19,0,385,77,372,54,12,515,0,12,12,527
08/22/2019,MYR,SC,ASO,ES,Combined TRACON& Tower with Radar,86,13,13,17,129,0,378,20,1,399,86,391,33,18,528,12,8,20,548
08/23/2019,MYR,SC,ASO,ES,Combined TRACON& Tower with Radar,78,17,30,14,139,0,433,28,0,461,78,450,58,14,600,4,0,4,604
08/24/2019,MYR,SC,ASO,ES,Combined TRACON& Tower with Radar,102,6,8,1,117,0,398,8,0,406,102,404,16,1,523,10,0,10,533
08/25/2019,MYR,SC,ASO,ES,Combined TRACON& Tower with Radar,91,13,10,11,125,0,391,1,0,392,91,404,11,11,517,12,0,12,529
08/26/2019,MYR,SC,ASO,ES,Combined TRACON& Tower with Radar,75,8,27,28,138,0,304,26,0,330,75,312,53,28,468,24,18,42,510
08/27/2019,MYR,SC,ASO,ES,Combined TRACON& Tower with Radar,78,16,25,14,133,0,318,20,1,339,78,334,45,15,472,40,0,40,512
08/28/2019,MYR,SC,ASO,ES,Combined TRACON& Tower with Radar,84,9,22,37,152,0,239,12,0,251,84,248,34,37,403,0,28,28,431
08/29/2019,MYR,SC,ASO,ES,Combined TRACON& Tower with Radar,82,10,20,39,151,0,318,36,0,354,82,328,56,39,505,0,30,30,535
08/30/2019,MYR,SC,ASO,ES,Combined TRACON& Tower with Radar,80,11,28,0,119,0,358,36,0,394,80,369,64,0,513,4,0,4,517
08/31/2019,MYR,SC,ASO,ES,Combined TRACON& Tower with Radar,83,8,15,0,106,0,646,15,0,661,83,654,30,0,767,0,0,0,767
09/01/2019,MYR,SC,ASO,ES,Combined TRACON& Tower with Radar,70,8,6,4,88,0,807,2,0,809,70,815,8,4,897,0,0,0,897
09/02/2019,MYR,SC,ASO,ES,Combined TRACON& Tower with Radar,73,7,20,0,100,0,104,8,0,112,73,111,28,0,212,0,0,0,212
09/03/2019,MYR,SC,ASO,ES,Combined TRACON& Tower with Radar,80,12,16,6,114,0,42,11,0,53,80,54,27,6,167,0,0,0,167
09/04/2019,MYR,SC,ASO,ES,Combined TRACON& Tower with Radar,58,7,3,0,68,0,4,0,0,4,58,11,3,0,72,0,0,0,72
09/05/2019,MYR,SC,ASO,ES,Combined TRACON& Tower with Radar,0,0,0,0,0,0,0,0,0,0,0,0,0,0,0,0,0,0,0
09/06/2019,MYR,SC,ASO,ES,Combined TRACON& Tower with Radar,59,6,13,0,78,0,25,40,4,69,59,31,53,4,147,4,0,4,151
09/07/2019,MYR,SC,ASO,ES,Combined TRACON& Tower with Radar,71,4,23,0,98,0,78,34,0,112,71,82,57,0,210,8,0,8,218
09/08/2019,MYR,SC,ASO,ES,Combined TRACON& Tower with Radar,69,4,12,0,85,0,75,18,0,93,69,79,30,0,178,12,0,12,190
09/09/2019,MYR,SC,ASO,ES,Combined TRACON& Tower with Radar,69,4,23,9,105,0,89,16,1,106,69,93,39,10,211,0,0,0,211
09/10/2019,MYR,SC,ASO,ES,Combined TRACON& Tower with Radar,52,10,18,18,98,0,86,21,5,112,52,96,39,23,210,6,10,16,226
09/11/2019,MYR,SC,ASO,ES,Combined TRACON& Tower with Radar,53,7,17,13,90,0,137,22,8,167,53,144,39,21,257,18,0,18,275
09/12/2019,MYR,SC,ASO,ES,Combined TRACON& Tower with Radar,68,9,18,15,110,0,160,30,0,190,68,169,48,15,300,24,20,44,344
09/13/2019,MYR,SC,ASO,ES,Combined TRACON& Tower with Radar,66,9,30,1,106,0,119,21,2,142,66,128,51,3,248,0,0,0,248
09/14/2019,MYR,SC,ASO,ES,Combined TRACON& Tower with Radar,70,5,16,6,97,0,314,3,2,319,70,319,19,8,416,0,0,0,416
09/15/2019,MYR,SC,ASO,ES,Combined TRACON& Tower with Radar,64,8,20,4,96,0,282,18,0,300,64,290,38,4,396,4,2,6,402
09/16/2019,MYR,SC,ASO,ES,Combined TRACON& Tower with Radar,69,8,10,9,96,0,144,28,2,174,69,152,38,11,270,14,10,24,294
09/17/2019,MYR,SC,ASO,ES,Combined TRACON& Tower with Radar,52,8,20,6,86,0,100,25,0,125,52,108,45,6,211,16,0,16,227
09/18/2019,MYR,SC,ASO,ES,Combined TRACON& Tower with Radar,52,8,11,7,78,0,130,19,0,149,52,138,30,7,227,0,0,0,227
09/19/2019,MYR,SC,ASO,ES,Combined TRACON& Tower with Radar,64,13,12,8,97,0,134,14,2,150,64,147,26,10,247,0,0,0,247
09/20/2019,MYR,SC,ASO,ES,Combined TRACON& Tower with Radar,69,13,16,12,110,0,148,30,0,178,69,161,46,12,288,15,9,24,312
09/21/2019,MYR,SC,ASO,ES,Combined TRACON& Tower with Radar,70,9,15,1,95,0,365,19,1,385,70,374,34,2,480,4,3,7,487
09/22/2019,MYR,SC,ASO,ES,Combined TRACON& Tower with Radar,67,11,11,5,94,0,263,18,1,282,67,274,29,6,376,0,2,2,378
09/23/2019,MYR,SC,ASO,ES,Combined TRACON& Tower with Radar,68,4,9,22,103,0,101,23,2,126,68,105,32,24,229,28,22,50,279
09/24/2019,MYR,SC,ASO,ES,Combined TRACON& Tower with Radar,54,8,12,4,78,0,114,27,0,141,54,122,39,4,219,22,0,22,241
09/25/2019,MYR,SC,ASO,ES,Combined TRACON& Tower with Radar,53,11,19,17,100,0,99,20,0,119,53,110,39,17,219,30,0,30,249
09/26/2019,MYR,SC,ASO,ES,Combined TRACON& Tower with Radar,67,12,25,12,116,0,100,17,0,117,67,112,42,12,233,0,0,0,233
09/27/2019,MYR,SC,ASO,ES,Combined TRACON& Tower with Radar,66,14,24,6,110,0,129,13,0,142,66,143,37,6,252,12,0,12,264
09/28/2019,MYR,SC,ASO,ES,Combined TRACON& Tower with Radar,72,9,25,2,108,0,382,22,0,404,72,391,47,2,512,0,0,0,512
09/29/2019,MYR,SC,ASO,ES,Combined TRACON& Tower with Radar,67,3,16,0,86,0,238,22,0,260,67,241,38,0,346,0,0,0,346
09/30/2019,MYR,SC,ASO,ES,Combined TRACON& Tower with Radar,66,9,12,10,97,0,98,21,5,124,66,107,33,15,221,0,4,4,225
10/01/2019,MYR,SC,ASO,ES,Combined TRACON& Tower with Radar,53,8,20,34,115,0,75,13,9,97,53,83,33,43,212,36,28,64,276
10/02/2019,MYR,SC,ASO,ES,Combined TRACON& Tower with Radar,53,11,24,7,95,0,65,24,0,89,53,76,48,7,184,8,10,18,202
10/03/2019,MYR,SC,ASO,ES,Combined TRACON& Tower with Radar,67,9,35,22,133,0,95,30,0,125,67,104,65,22,258,18,22,40,298
10/04/2019,MYR,SC,ASO,ES,Combined TRACON& Tower with Radar,67,9,17,7,100,0,94,23,0,117,67,103,40,7,217,8,14,22,239
10/05/2019,MYR,SC,ASO,ES,Combined TRACON& Tower with Radar,70,4,12,4,90,0,254,7,0,261,70,258,19,4,351,0,0,0,351
10/06/2019,MYR,SC,ASO,ES,Combined TRACON& Tower with Radar,66,4,19,0,89,0,130,11,0,141,66,134,30,0,230,0,0,0,230
10/07/2019,MYR,SC,ASO,ES,Combined TRACON& Tower with Radar,67,4,24,10,105,0,51,4,0,55,67,55,28,10,160,0,0,0,160
10/08/2019,MYR,SC,ASO,ES,Combined TRACON& Tower with Radar,53,15,34,17,119,0,82,5,2,89,53,97,39,19,208,10,0,10,218
10/09/2019,MYR,SC,ASO,ES,Combined TRACON& Tower with Radar,53,7,44,17,121,0,110,8,0,118,53,117,52,17,239,2,0,2,241
10/10/2019,MYR,SC,ASO,ES,Combined TRACON& Tower with Radar,65,7,34,15,121,0,70,24,0,94,65,77,58,15,215,26,15,41,256
10/11/2019,MYR,SC,ASO,ES,Combined TRACON& Tower with Radar,67,10,24,2,103,0,152,32,0,184,67,162,56,2,287,34,0,34,321
10/12/2019,MYR,SC,ASO,ES,Combined TRACON& Tower with Radar,71,6,19,3,99,0,238,17,0,255,71,244,36,3,354,2,4,6,360
10/13/2019,MYR,SC,ASO,ES,Combined TRACON& Tower with Radar,69,7,26,1,103,0,154,15,0,169,69,161,41,1,272,4,0,4,276
10/14/2019,MYR,SC,ASO,ES,Combined TRACON& Tower with Radar,69,4,23,4,100,0,71,15,0,86,69,75,38,4,186,29,0,29,215
10/15/2019,MYR,SC,ASO,ES,Combined TRACON& Tower with Radar,52,9,11,20,92,0,89,17,0,106,52,98,28,20,198,54,2,56,254
10/16/2019,MYR,SC,ASO,ES,Combined TRACON& Tower with Radar,53,8,25,13,99,0,24,6,0,30,53,32,31,13,129,0,0,0,129
10/17/2019,MYR,SC,ASO,ES,Combined TRACON& Tower with Radar,66,12,29,12,119,0,106,38,3,147,66,118,67,15,266,24,8,32,298
10/18/2019,MYR,SC,ASO,ES,Combined TRACON& Tower with Radar,66,11,23,19,119,0,132,31,2,165,66,143,54,21,284,12,10,22,306
10/19/2019,MYR,SC,ASO,ES,Combined TRACON& Tower with Radar,70,4,3,2,79,0,58,0,0,58,70,62,3,2,137,0,0,0,137
10/20/2019,MYR,SC,ASO,ES,Combined TRACON& Tower with Radar,64,7,9,1,81,0,28,1,0,29,64,35,10,1,110,0,0,0,110
10/21/2019,MYR,SC,ASO,ES,Combined TRACON& Tower with Radar,67,5,11,42,125,0,73,30,3,106,67,78,41,45,231,0,6,6,237
10/22/2019,MYR,SC,ASO,ES,Combined TRACON& Tower with Radar,52,11,10,20,93,0,11,1,0,12,52,22,11,20,105,0,0,0,105
10/23/2019,MYR,SC,ASO,ES,Combined TRACON& Tower with Radar,53,11,27,16,107,0,60,41,2,103,53,71,68,18,210,56,28,84,294
10/24/2019,MYR,SC,ASO,ES,Combined TRACON& Tower with Radar,66,9,24,17,116,0,67,24,5,96,66,76,48,22,212,2,4,6,218
10/25/2019,MYR,SC,ASO,ES,Combined TRACON& Tower with Radar,68,13,14,9,104,0,77,14,0,91,68,90,28,9,195,2,14,16,211
10/26/2019,MYR,SC,ASO,ES,Combined TRACON& Tower with Radar,69,12,14,0,95,0,166,16,2,184,69,178,30,2,279,0,0,0,279
10/27/2019,MYR,SC,ASO,ES,Combined TRACON& Tower with Radar,62,12,12,0,86,0,75,2,0,77,62,87,14,0,163,4,0,4,167
10/28/2019,MYR,SC,ASO,ES,Combined TRACON& Tower with Radar,62,6,21,12,101,0,52,17,0,69,62,58,38,12,170,0,8,8,178
10/29/2019,MYR,SC,ASO,ES,Combined TRACON& Tower with Radar,53,9,17,18,97,0,20,6,0,26,53,29,23,18,123,0,18,18,141
10/30/2019,MYR,SC,ASO,ES,Combined TRACON& Tower with Radar,49,9,33,20,111,0,22,11,0,33,49,31,44,20,144,28,0,28,172
10/31/2019,MYR,SC,ASO,ES,Combined TRACON& Tower with Radar,58,7,25,20,110,0,34,11,0,45,58,41,36,20,155,20,15,35,190
11/01/2019,MYR,SC,ASO,ES,Combined TRACON& Tower with Radar,62,13,16,24,115,0,52,36,0,88,62,65,52,24,203,6,40,46,249
11/02/2019,MYR,SC,ASO,ES,Combined TRACON& Tower with Radar,73,5,20,10,108,0,106,23,0,129,73,111,43,10,237,12,0,12,249
11/03/2019,MYR,SC,ASO,ES,Combined TRACON& Tower with Radar,61,7,21,2,91,0,86,19,0,105,61,93,40,2,196,4,0,4,200
11/04/2019,MYR,SC,ASO,ES,Combined TRACON& Tower with Radar,65,4,17,7,93,0,34,20,0,54,65,38,37,7,147,0,0,0,147
11/05/2019,MYR,SC,ASO,ES,Combined TRACON& Tower with Radar,53,7,14,5,79,0,8,1,0,9,53,15,15,5,88,0,0,0,88
11/06/2019,MYR,SC,ASO,ES,Combined TRACON& Tower with Radar,51,14,36,11,112,0,49,22,0,71,51,63,58,11,183,40,0,40,223
11/07/2019,MYR,SC,ASO,ES,Combined TRACON& Tower with Radar,61,17,32,41,151,0,29,29,2,60,61,46,61,43,211,56,40,96,307
11/08/2019,MYR,SC,ASO,ES,Combined TRACON& Tower with Radar,65,15,14,12,106,0,24,11,0,35,65,39,25,12,141,8,10,18,159
11/09/2019,MYR,SC,ASO,ES,Combined TRACON& Tower with Radar,71,6,11,2,90,0,113,25,3,141,71,119,36,5,231,6,0,6,237
11/10/2019,MYR,SC,ASO,ES,Combined TRACON& Tower with Radar,63,4,15,18,100,0,97,18,4,119,63,101,33,22,219,0,20,20,239
11/11/2019,MYR,SC,ASO,ES,Combined TRACON& Tower with Radar,61,12,12,0,85,0,37,24,0,61,61,49,36,0,146,26,0,26,172
11/12/2019,MYR,SC,ASO,ES,Combined TRACON& Tower with Radar,56,10,8,8,82,0,20,2,0,22,56,30,10,8,104,8,8,16,120
11/13/2019,MYR,SC,ASO,ES,Combined TRACON& Tower with Radar,49,12,13,5,79,0,19,21,3,43,49,31,34,8,122,23,0,23,145
11/14/2019,MYR,SC,ASO,ES,Combined TRACON& Tower with Radar,35,10,18,18,81,0,64,10,0,74,35,74,28,18,155,30,0,30,185
11/15/2019,MYR,SC,ASO,ES,Combined TRACON& Tower with Radar,39,9,16,2,66,0,0,0,0,0,39,9,16,2,66,0,0,0,66
11/16/2019,MYR,SC,ASO,ES,Combined TRACON& Tower with Radar,45,4,6,0,55,0,6,0,0,6,45,10,6,0,61,0,0,0,61
11/17/2019,MYR,SC,ASO,ES,Combined TRACON& Tower with Radar,36,4,7,3,50,0,18,2,0,20,36,22,9,3,70,0,12,12,82
11/18/2019,MYR,SC,ASO,ES,Combined TRACON& Tower with Radar,38,8,12,2,60,0,6,0,0,6,38,14,12,2,66,0,0,0,66
11/19/2019,MYR,SC,ASO,ES,Combined TRACON& Tower with Radar,37,8,26,16,87,0,30,24,0,54,37,38,50,16,141,74,16,90,231
11/20/2019,MYR,SC,ASO,ES,Combined TRACON& Tower with Radar,39,12,24,32,107,0,13,46,3,62,39,25,70,35,169,8,0,8,177
11/21/2019,MYR,SC,ASO,ES,Combined TRACON& Tower with Radar,39,8,26,17,90,0,16,40,2,58,39,24,66,19,148,40,2,42,190
11/22/2019,MYR,SC,ASO,ES,Combined TRACON& Tower with Radar,46,13,15,15,89,0,40,31,0,71,46,53,46,15,160,32,0,32,192
11/23/2019,MYR,SC,ASO,ES,Combined TRACON& Tower with Radar,51,7,16,4,78,0,72,5,0,77,51,79,21,4,155,20,0,20,175
11/24/2019,MYR,SC,ASO,ES,Combined TRACON& Tower with Radar,40,10,10,7,67,0,54,9,0,63,40,64,19,7,130,0,8,8,138
11/25/2019,MYR,SC,ASO,ES,Combined TRACON& Tower with Radar,41,6,29,31,107,0,46,45,0,91,41,52,74,31,198,41,12,53,251
11/26/2019,MYR,SC,ASO,ES,Combined TRACON& Tower with Radar,40,7,22,9,78,0,41,42,4,87,40,48,64,13,165,44,0,44,209
11/27/2019,MYR,SC,ASO,ES,Combined TRACON& Tower with Radar,45,6,16,9,76,0,72,18,0,90,45,78,34,9,166,0,0,0,166
11/28/2019,MYR,SC,ASO,ES,Combined TRACON& Tower with Radar,24,2,6,0,32,0,0,6,0,6,24,2,12,0,38,0,0,0,38
11/29/2019,MYR,SC,ASO,ES,Combined TRACON& Tower with Radar,34,4,13,2,53,0,127,29,0,156,34,131,42,2,209,14,0,14,223
11/30/2019,MYR,SC,ASO,ES,Combined TRACON& Tower with Radar,53,3,14,5,75,0,170,17,0,187,53,173,31,5,262,10,0,10,272
12/01/2019,MYR,SC,ASO,ES,Combined TRACON& Tower with Radar,42,7,5,0,54,0,28,1,0,29,42,35,6,0,83,0,0,0,83
12/02/2019,MYR,SC,ASO,ES,Combined TRACON& Tower with Radar,38,3,13,46,100,0,10,14,1,25,38,13,27,47,125,26,0,26,151
12/03/2019,MYR,SC,ASO,ES,Combined TRACON& Tower with Radar,36,5,11,9,61,0,42,26,0,68,36,47,37,9,129,67,0,67,196
12/04/2019,MYR,SC,ASO,ES,Combined TRACON& Tower with Radar,34,9,25,38,106,0,19,31,0,50,34,28,56,38,156,46,4,50,206
12/05/2019,MYR,SC,ASO,ES,Combined TRACON& Tower with Radar,29,6,35,19,89,0,16,47,4,67,29,22,82,23,156,87,18,105,261
12/06/2019,MYR,SC,ASO,ES,Combined TRACON& Tower with Radar,32,10,16,6,64,0,20,24,0,44,32,30,40,6,108,46,2,48,156
12/07/2019,MYR,SC,ASO,ES,Combined TRACON& Tower with Radar,36,5,18,0,59,0,60,14,0,74,36,65,32,0,133,22,0,22,155
12/08/2019,MYR,SC,ASO,ES,Combined TRACON& Tower with Radar,28,5,15,7,55,0,18,11,0,29,28,23,26,7,84,0,0,0,84
12/09/2019,MYR,SC,ASO,ES,Combined TRACON& Tower with Radar,29,7,6,24,66,0,0,0,0,0,29,7,6,24,66,0,0,0,66
12/10/2019,MYR,SC,ASO,ES,Combined TRACON& Tower with Radar,27,7,18,13,65,0,31,26,0,57,27,38,44,13,122,16,0,16,138
12/11/2019,MYR,SC,ASO,ES,Combined TRACON& Tower with Radar,33,7,32,29,101,0,6,19,1,26,33,13,51,30,127,24,0,24,151
12/12/2019,MYR,SC,ASO,ES,Combined TRACON& Tower with Radar,31,13,25,11,80,0,12,23,3,38,31,25,48,14,118,23,0,23,141
12/13/2019,MYR,SC,ASO,ES,Combined TRACON& Tower with Radar,32,12,10,0,54,0,2,1,0,3,32,14,11,0,57,0,0,0,57
12/14/2019,MYR,SC,ASO,ES,Combined TRACON& Tower with Radar,36,6,9,3,54,0,32,2,0,34,36,38,11,3,88,0,0,0,88
12/15/2019,MYR,SC,ASO,ES,Combined TRACON& Tower with Radar,28,9,8,2,47,0,56,27,0,83,28,65,35,2,130,12,0,12,142
12/16/2019,MYR,SC,ASO,ES,Combined TRACON& Tower with Radar,31,7,23,33,94,0,25,41,2,68,31,32,64,35,162,75,10,85,247
12/17/2019,MYR,SC,ASO,ES,Combined TRACON& Tower with Radar,28,12,16,32,88,0,7,0,3,10,28,19,16,35,98,4,12,16,114
12/18/2019,MYR,SC,ASO,ES,Combined TRACON& Tower with Radar,34,14,13,17,78,0,11,23,4,38,34,25,36,21,116,55,0,55,171
12/19/2019,MYR,SC,ASO,ES,Combined TRACON& Tower with Radar,32,11,18,8,69,0,13,32,0,45,32,24,50,8,114,58,2,60,174
12/20/2019,MYR,SC,ASO,ES,Combined TRACON& Tower with Radar,34,4,14,8,60,0,21,29,0,50,34,25,43,8,110,18,0,18,128
12/21/2019,MYR,SC,ASO,ES,Combined TRACON& Tower with Radar,42,6,15,0,63,0,34,19,0,53,42,40,34,0,116,0,0,0,116
12/22/2019,MYR,SC,ASO,ES,Combined TRACON& Tower with Radar,33,3,8,0,44,0,30,3,0,33,33,33,11,0,77,0,0,0,77
12/23/2019,MYR,SC,ASO,ES,Combined TRACON& Tower with Radar,36,6,6,0,48,0,0,0,0,0,36,6,6,0,48,0,0,0,48
12/24/2019,MYR,SC,ASO,ES,Combined TRACON& Tower with Radar,26,8,3,0,37,0,56,1,0,57,26,64,4,0,94,0,0,0,94
12/25/2019,MYR,SC,ASO,ES,Combined TRACON& Tower with Radar,32,1,4,0,37,0,0,9,0,9,32,1,13,0,46,0,0,0,46
12/26/2019,MYR,SC,ASO,ES,Combined TRACON& Tower with Radar,33,4,10,0,47,0,144,16,0,160,33,148,26,0,207,0,0,0,207
12/27/2019,MYR,SC,ASO,ES,Combined TRACON& Tower with Radar,34,8,9,0,51,0,130,18,0,148,34,138,27,0,199,24,0,24,223
12/28/2019,MYR,SC,ASO,ES,Combined TRACON& Tower with Radar,40,2,16,4,62,0,208,8,0,216,40,210,24,4,278,26,0,26,304
12/29/2019,MYR,SC,ASO,ES,Combined TRACON& Tower with Radar,31,1,8,0,40,0,126,1,0,127,31,127,9,0,167,0,0,0,167
12/30/2019,MYR,SC,ASO,ES,Combined TRACON& Tower with Radar,34,4,7,3,48,0,36,7,0,43,34,40,14,3,91,0,0,0,91
12/31/2019,MYR,SC,ASO,ES,Combined TRACON& Tower with Radar,29,8,11,0,48,0,115,32,0,147,29,123,43,0,195,6,0,6,201
01/01/2020,MYR,SC,ASO,ES,Combined TRACON& Tower with Radar,35,3,7,0,45,0,144,18,0,162,35,147,25,0,207,4,0,4,211
01/02/2020,MYR,SC,ASO,ES,Combined TRACON& Tower with Radar,29,5,8,7,49,0,96,18,0,114,29,101,26,7,163,44,4,48,211
01/03/2020,MYR,SC,ASO,ES,Combined TRACON& Tower with Radar,30,12,16,11,69,0,14,7,0,21,30,26,23,11,90,2,2,4,94
01/04/2020,MYR,SC,ASO,ES,Combined TRACON& Tower with Radar,39,5,8,0,52,0,64,2,0,66,39,69,10,0,118,0,0,0,118
01/05/2020,MYR,SC,ASO,ES,Combined TRACON& Tower with Radar,31,2,12,0,45,0,22,12,0,34,31,24,24,0,79,0,0,0,79
01/06/2020,MYR,SC,ASO,ES,Combined TRACON& Tower with Radar,34,4,23,9,70,0,26,31,0,57,34,30,54,9,127,40,0,40,167
01/07/2020,MYR,SC,ASO,ES,Combined TRACON& Tower with Radar,30,8,19,25,82,0,18,11,0,29,30,26,30,25,111,0,0,0,111
01/08/2020,MYR,SC,ASO,ES,Combined TRACON& Tower with Radar,35,7,23,34,99,0,22,25,4,51,35,29,48,38,150,48,41,89,239
01/09/2020,MYR,SC,ASO,ES,Combined TRACON& Tower with Radar,30,5,13,21,69,0,22,25,0,47,30,27,38,21,116,13,7,20,136
01/10/2020,MYR,SC,ASO,ES,Combined TRACON& Tower with Radar,32,8,20,56,116,0,23,17,0,40,32,31,37,56,156,18,12,30,186
01/11/2020,MYR,SC,ASO,ES,Combined TRACON& Tower with Radar,41,4,13,5,63,0,70,5,0,75,41,74,18,5,138,40,0,40,178
01/12/2020,MYR,SC,ASO,ES,Combined TRACON& Tower with Radar,31,2,6,0,39,0,15,2,0,17,31,17,8,0,56,0,0,0,56
01/13/2020,MYR,SC,ASO,ES,Combined TRACON& Tower with Radar,31,9,3,0,43,0,2,0,0,2,31,11,3,0,45,4,0,4,49
01/14/2020,MYR,SC,ASO,ES,Combined TRACON& Tower with Radar,29,8,17,7,61,0,8,16,1,25,29,16,33,8,86,44,0,44,130
01/15/2020,MYR,SC,ASO,ES,Combined TRACON& Tower with Radar,38,7,30,22,97,0,26,18,1,45,38,33,48,23,142,30,0,30,172
01/16/2020,MYR,SC,ASO,ES,Combined TRACON& Tower with Radar,43,6,21,26,96,0,9,11,0,20,43,15,32,26,116,22,26,48,164
01/17/2020,MYR,SC,ASO,ES,Combined TRACON& Tower with Radar,32,7,23,31,93,0,16,30,3,49,32,23,53,34,142,86,28,114,256
01/18/2020,MYR,SC,ASO,ES,Combined TRACON& Tower with Radar,37,4,20,0,61,0,28,13,0,41,37,32,33,0,102,12,0,12,114
01/19/2020,MYR,SC,ASO,ES,Combined TRACON& Tower with Radar,29,5,13,0,47,0,44,7,1,52,29,49,20,1,99,0,0,0,99
01/20/2020,MYR,SC,ASO,ES,Combined TRACON& Tower with Radar,31,5,31,0,67,0,32,34,0,66,31,37,65,0,133,58,0,58,191
01/21/2020,MYR,SC,ASO,ES,Combined TRACON& Tower with Radar,27,9,12,25,73,0,10,11,1,22,27,19,23,26,95,0,20,20,115
01/22/2020,MYR,SC,ASO,ES,Combined TRACON& Tower with Radar,35,7,15,36,93,0,12,18,0,30,35,19,33,36,123,11,46,57,180
01/23/2020,MYR,SC,ASO,ES,Combined TRACON& Tower with Radar,30,7,22,24,83,0,38,16,0,54,30,45,38,24,137,78,0,78,215
01/24/2020,MYR,SC,ASO,ES,Combined TRACON& Tower with Radar,32,6,11,22,71,0,18,6,2,26,32,24,17,24,97,2,16,18,115
01/25/2020,MYR,SC,ASO,ES,Combined TRACON& Tower with Radar,38,4,19,8,69,0,74,30,0,104,38,78,49,8,173,0,0,0,173
01/26/2020,MYR,SC,ASO,ES,Combined TRACON& Tower with Radar,32,3,19,1,55,0,40,16,1,57,32,43,35,2,112,0,0,0,112
01/27/2020,MYR,SC,ASO,ES,Combined TRACON& Tower with Radar,31,4,10,36,81,0,4,9,0,13,31,8,19,36,94,2,18,20,114
01/28/2020,MYR,SC,ASO,ES,Combined TRACON& Tower with Radar,27,7,18,52,104,0,10,37,2,49,27,17,55,54,153,40,16,56,209
01/29/2020,MYR,SC,ASO,ES,Combined TRACON& Tower with Radar,35,9,21,20,85,0,31,33,1,65,35,40,54,21,150,53,10,63,213
01/30/2020,MYR,SC,ASO,ES,Combined TRACON& Tower with Radar,30,7,34,47,118,0,18,41,7,66,30,25,75,54,184,52,70,122,306
01/31/2020,MYR,SC,ASO,ES,Combined TRACON& Tower with Radar,31,11,17,30,89,0,8,2,3,13,31,19,19,33,102,52,18,70,172
02/01/2020,MYR,SC,ASO,ES,Combined TRACON& Tower with Radar,38,3,8,1,50,0,0,0,0,0,38,3,8,1,50,0,0,0,50
02/02/2020,MYR,SC,ASO,ES,Combined TRACON& Tower with Radar,30,6,8,0,44,0,32,28,0,60,30,38,36,0,104,0,0,0,104
02/03/2020,MYR,SC,ASO,ES,Combined TRACON& Tower with Radar,31,4,34,24,93,0,10,48,0,58,31,14,82,24,151,64,0,64,215
02/04/2020,MYR,SC,ASO,ES,Combined TRACON& Tower with Radar,29,22,16,53,120,0,17,32,1,50,29,39,48,54,170,52,33,85,255
02/05/2020,MYR,SC,ASO,ES,Combined TRACON& Tower with Radar,37,8,26,71,142,0,14,27,0,41,37,22,53,71,183,38,90,128,311
02/06/2020,MYR,SC,ASO,ES,Combined TRACON& Tower with Radar,27,9,6,13,55,0,6,0,0,6,27,15,6,13,61,0,0,0,61
02/07/2020,MYR,SC,ASO,ES,Combined TRACON& Tower with Radar,32,4,5,0,41,0,1,1,0,2,32,5,6,0,43,0,0,0,43
02/08/2020,MYR,SC,ASO,ES,Combined TRACON& Tower with Radar,40,8,18,1,67,0,34,42,0,76,40,42,60,1,143,40,0,40,183
02/09/2020,MYR,SC,ASO,ES,Combined TRACON& Tower with Radar,30,3,17,6,56,0,38,18,0,56,30,41,35,6,112,3,0,3,115
02/10/2020,MYR,SC,ASO,ES,Combined TRACON& Tower with Radar,31,4,14,28,77,0,16,30,3,49,31,20,44,31,126,58,26,84,210
02/11/2020,MYR,SC,ASO,ES,Combined TRACON& Tower with Radar,28,8,18,50,104,0,12,9,0,21,28,20,27,50,125,0,30,30,155
02/12/2020,MYR,SC,ASO,ES,Combined TRACON& Tower with Radar,44,13,27,17,101,0,2,1,0,3,44,15,28,17,104,0,0,0,104
02/13/2020,MYR,SC,ASO,ES,Combined TRACON& Tower with Radar,37,9,10,31,87,0,10,4,0,14,37,19,14,31,101,0,4,4,105
02/14/2020,MYR,SC,ASO,ES,Combined TRACON& Tower with Radar,42,7,24,3,76,0,40,46,0,86,42,47,70,3,162,42,0,42,204
02/15/2020,MYR,SC,ASO,ES,Combined TRACON& Tower with Radar,56,3,10,0,69,0,122,36,0,158,56,125,46,0,227,28,0,28,255
02/16/2020,MYR,SC,ASO,ES,Combined TRACON& Tower with Radar,35,3,13,6,57,0,74,10,0,84,35,77,23,6,141,2,0,2,143
02/17/2020,MYR,SC,ASO,ES,Combined TRACON& Tower with Radar,44,5,15,0,64,0,46,8,0,54,44,51,23,0,118,0,0,0,118
02/18/2020,MYR,SC,ASO,ES,Combined TRACON& Tower with Radar,39,8,15,18,80,0,10,10,0,20,39,18,25,18,100,62,6,68,168
02/19/2020,MYR,SC,ASO,ES,Combined TRACON& Tower with Radar,46,14,30,12,102,0,1,1,0,2,46,15,31,12,104,0,4,4,108
02/20/2020,MYR,SC,ASO,ES,Combined TRACON& Tower with Radar,44,12,27,0,83,0,2,1,0,3,44,14,28,0,86,32,0,32,118
02/21/2020,MYR,SC,ASO,ES,Combined TRACON& Tower with Radar,43,10,12,18,83,0,0,12,6,18,43,10,24,24,101,0,10,10,111
02/22/2020,MYR,SC,ASO,ES,Combined TRACON& Tower with Radar,51,4,24,0,79,0,80,51,0,131,51,84,75,0,210,65,0,65,275
02/23/2020,MYR,SC,ASO,ES,Combined TRACON& Tower with Radar,38,10,25,0,73,0,52,32,0,84,38,62,57,0,157,0,0,0,157
02/24/2020,MYR,SC,ASO,ES,Combined TRACON& Tower with Radar,42,4,16,25,87,0,10,25,0,35,42,14,41,25,122,46,26,72,194
02/25/2020,MYR,SC,ASO,ES,Combined TRACON& Tower with Radar,39,5,19,16,79,0,12,11,0,23,39,17,30,16,102,22,18,40,142
02/26/2020,MYR,SC,ASO,ES,Combined TRACON& Tower with Radar,44,16,16,6,82,0,0,2,0,2,44,16,18,6,84,0,0,0,84
02/27/2020,MYR,SC,ASO,ES,Combined TRACON& Tower with Radar,59,11,36,12,118,0,26,29,3,58,59,37,65,15,176,36,0,36,212
02/28/2020,MYR,SC,ASO,ES,Combined TRACON& Tower with Radar,53,9,24,20,106,0,52,37,0,89,53,61,61,20,195,50,4,54,249
02/29/2020,MYR,SC,ASO,ES,Combined TRACON& Tower with Radar,50,4,17,2,73,0,92,25,0,117,50,96,42,2,190,0,0,0,190
03/01/2020,MYR,SC,ASO,ES,Combined TRACON& Tower with Radar,38,5,21,3,67,0,124,21,0,145,38,129,42,3,212,0,4,4,216
03/02/2020,MYR,SC,ASO,ES,Combined TRACON& Tower with Radar,44,3,16,66,129,0,42,30,0,72,44,45,46,66,201,34,14,48,249
03/03/2020,MYR,SC,ASO,ES,Combined TRACON& Tower with Radar,39,7,7,16,69,0,22,2,0,24,39,29,9,16,93,0,12,12,105
03/04/2020,MYR,SC,ASO,ES,Combined TRACON& Tower with Radar,49,7,22,3,81,0,10,5,0,15,49,17,27,3,96,16,0,16,112
03/05/2020,MYR,SC,ASO,ES,Combined TRACON& Tower with Radar,46,7,17,0,70,0,0,0,0,0,46,7,17,0,70,0,0,0,70
03/06/2020,MYR,SC,ASO,ES,Combined TRACON& Tower with Radar,45,12,21,8,86,0,22,11,0,33,45,34,32,8,119,4,0,4,123
03/07/2020,MYR,SC,ASO,ES,Combined TRACON& Tower with Radar,57,8,9,4,78,0,102,19,2,123,57,110,28,6,201,8,0,8,209
03/08/2020,MYR,SC,ASO,ES,Combined TRACON& Tower with Radar,42,4,23,3,72,0,68,33,0,101,42,72,56,3,173,52,0,52,225
03/09/2020,MYR,SC,ASO,ES,Combined TRACON& Tower with Radar,46,9,12,16,83,0,86,38,0,124,46,95,50,16,207,52,10,62,269
03/10/2020,MYR,SC,ASO,ES,Combined TRACON& Tower with Radar,44,18,12,11,85,0,45,31,1,77,44,63,43,12,162,82,8,90,252
03/11/2020,MYR,SC,ASO,ES,Combined TRACON& Tower with Radar,62,14,20,10,106,0,54,24,0,78,62,68,44,10,184,39,8,47,231
03/12/2020,MYR,SC,ASO,ES,Combined TRACON& Tower with Radar,58,15,26,14,113,0,47,41,3,91,58,62,67,17,204,50,8,58,262
03/13/2020,MYR,SC,ASO,ES,Combined TRACON& Tower with Radar,54,10,22,7,93,0,105,38,1,144,54,115,60,8,237,60,10,70,307
03/14/2020,MYR,SC,ASO,ES,Combined TRACON& Tower with Radar,65,4,21,10,100,0,106,19,0,125,65,110,40,10,225,17,0,17,242
03/15/2020,MYR,SC,ASO,ES,Combined TRACON& Tower with Radar,54,6,14,0,74,0,92,4,0,96,54,98,18,0,170,2,0,2,172
03/16/2020,MYR,SC,ASO,ES,Combined TRACON& Tower with Radar,52,10,26,21,109,0,48,21,0,69,52,58,47,21,178,60,18,78,256
03/17/2020,MYR,SC,ASO,ES,Combined TRACON& Tower with Radar,51,12,9,2,74,0,7,2,0,9,51,19,11,2,83,0,0,0,83
03/18/2020,MYR,SC,ASO,ES,Combined TRACON& Tower with Radar,60,13,6,25,104,0,58,7,0,65,60,71,13,25,169,18,0,18,187
03/19/2020,MYR,SC,ASO,ES,Combined TRACON& Tower with Radar,55,9,24,70,158,0,99,34,2,135,55,108,58,72,293,35,25,60,353
03/20/2020,MYR,SC,ASO,ES,Combined TRACON& Tower with Radar,57,8,19,0,84,0,66,30,0,96,57,74,49,0,180,48,0,48,228
03/21/2020,MYR,SC,ASO,ES,Combined TRACON& Tower with Radar,54,6,9,0,69,0,104,13,0,117,54,110,22,0,186,18,0,18,204
03/22/2020,MYR,SC,ASO,ES,Combined TRACON& Tower with Radar,49,2,8,0,59,0,52,2,0,54,49,54,10,0,113,0,0,0,113
03/23/2020,MYR,SC,ASO,ES,Combined TRACON& Tower with Radar,44,4,2,5,55,0,30,2,0,32,44,34,4,5,87,52,0,52,139
03/24/2020,MYR,SC,ASO,ES,Combined TRACON& Tower with Radar,30,7,8,4,49,0,0,0,0,0,30,7,8,4,49,0,0,0,49
03/25/2020,MYR,SC,ASO,ES,Combined TRACON& Tower with Radar,39,7,3,21,70,0,22,6,0,28,39,29,9,21,98,6,0,6,104
03/26/2020,MYR,SC,ASO,ES,Combined TRACON& Tower with Radar,33,5,22,2,62,0,38,25,0,63,33,43,47,2,125,35,0,35,160
03/27/2020,MYR,SC,ASO,ES,Combined TRACON& Tower with Radar,32,9,8,0,49,0,22,39,0,61,32,31,47,0,110,42,0,42,152
03/28/2020,MYR,SC,ASO,ES,Combined TRACON& Tower with Radar,39,2,9,0,50,0,68,18,0,86,39,70,27,0,136,2,0,2,138
03/29/2020,MYR,SC,ASO,ES,Combined TRACON& Tower with Radar,34,0,4,0,38,0,26,2,0,28,34,26,6,0,66,10,0,10,76
03/30/2020,MYR,SC,ASO,ES,Combined TRACON& Tower with Radar,30,4,8,8,50,0,16,32,0,48,30,20,40,8,98,53,0,53,151
03/31/2020,MYR,SC,ASO,ES,Combined TRACON& Tower with Radar,31,8,2,0,41,0,14,6,0,20,31,22,8,0,61,12,0,12,73
04/01/2020,MYR,SC,ASO,ES,Combined TRACON& Tower with Radar,33,8,5,15,61,0,0,7,0,7,33,8,12,15,68,8,8,16,84
04/02/2020,MYR,SC,ASO,ES,Combined TRACON& Tower with Radar,21,5,20,9,55,0,2,45,0,47,21,7,65,9,102,14,47,61,163
04/03/2020,MYR,SC,ASO,ES,Combined TRACON& Tower with Radar,25,7,8,38,78,0,0,24,2,26,25,7,32,40,104,38,46,84,188
04/04/2020,MYR,SC,ASO,ES,Combined TRACON& Tower with Radar,19,4,9,8,40,0,0,28,0,28,19,4,37,8,68,106,12,118,186
04/05/2020,MYR,SC,ASO,ES,Combined TRACON& Tower with Radar,23,0,7,10,40,0,0,14,0,14,23,0,21,10,54,0,10,10,64
04/06/2020,MYR,SC,ASO,ES,Combined TRACON& Tower with Radar,22,2,10,4,38,0,0,22,0,22,22,2,32,4,60,54,0,54,114
04/07/2020,MYR,SC,ASO,ES,Combined TRACON& Tower with Radar,15,6,7,3,31,0,0,20,1,21,15,6,27,4,52,6,0,6,58
04/08/2020,MYR,SC,ASO,ES,Combined TRACON& Tower with Radar,13,9,15,26,63,0,0,18,0,18,13,9,33,26,81,2,24,26,107
04/09/2020,MYR,SC,ASO,ES,Combined TRACON& Tower with Radar,20,7,5,29,61,0,0,3,0,3,20,7,8,29,64,0,46,46,110
04/10/2020,MYR,SC,ASO,ES,Combined TRACON& Tower with Radar,14,7,8,15,44,0,1,16,0,17,14,8,24,15,61,20,0,20,81
04/11/2020,MYR,SC,ASO,ES,Combined TRACON& Tower with Radar,17,2,9,0,28,0,0,35,0,35,17,2,44,0,63,128,0,128,191
04/12/2020,MYR,SC,ASO,ES,Combined TRACON& Tower with Radar,9,0,5,0,14,0,0,4,0,4,9,0,9,0,18,0,0,0,18
04/13/2020,MYR,SC,ASO,ES,Combined TRACON& Tower with Radar,12,2,0,2,16,0,0,0,0,0,12,2,0,2,16,0,0,0,16
04/14/2020,MYR,SC,ASO,ES,Combined TRACON& Tower with Radar,10,7,9,16,42,0,0,21,0,21,10,7,30,16,63,54,8,62,125
04/15/2020,MYR,SC,ASO,ES,Combined TRACON& Tower with Radar,7,5,3,6,21,0,0,3,0,3,7,5,6,6,24,40,6,46,70
04/16/2020,MYR,SC,ASO,ES,Combined TRACON& Tower with Radar,10,5,16,12,43,0,0,36,8,44,10,5,52,20,87,108,0,108,195
04/17/2020,MYR,SC,ASO,ES,Combined TRACON& Tower with Radar,11,10,21,29,71,0,3,33,0,36,11,13,54,29,107,48,4,52,159
04/18/2020,MYR,SC,ASO,ES,Combined TRACON& Tower with Radar,9,2,7,8,26,0,0,4,0,4,9,2,11,8,30,0,0,0,30
04/19/2020,MYR,SC,ASO,ES,Combined TRACON& Tower with Radar,9,2,5,0,16,0,0,6,0,6,9,2,11,0,22,0,0,0,22
04/20/2020,MYR,SC,ASO,ES,Combined TRACON& Tower with Radar,10,2,3,8,23,0,0,3,0,3,10,2,6,8,26,4,0,4,30
04/21/2020,MYR,SC,ASO,ES,Combined TRACON& Tower with Radar,8,7,12,9,36,0,1,58,2,61,8,8,70,11,97,4,0,4,101
04/22/2020,MYR,SC,ASO,ES,Combined TRACON& Tower with Radar,10,9,27,18,64,0,2,61,0,63,10,11,88,18,127,6,12,18,145
04/23/2020,MYR,SC,ASO,ES,Combined TRACON& Tower with Radar,10,7,7,7,31,0,0,1,2,3,10,7,8,9,34,0,12,12,46
04/24/2020,MYR,SC,ASO,ES,Combined TRACON& Tower with Radar,11,5,8,6,30,0,0,6,0,6,11,5,14,6,36,0,0,0,36
04/25/2020,MYR,SC,ASO,ES,Combined TRACON& Tower with Radar,10,4,9,0,23,0,0,3,0,3,10,4,12,0,26,0,0,0,26
04/26/2020,MYR,SC,ASO,ES,Combined TRACON& Tower with Radar,9,0,12,4,25,0,0,13,0,13,9,0,25,4,38,14,0,14,52
04/27/2020,MYR,SC,ASO,ES,Combined TRACON& Tower with Radar,14,2,5,14,35,0,0,31,1,32,14,2,36,15,67,34,8,42,109
04/28/2020,MYR,SC,ASO,ES,Combined TRACON& Tower with Radar,11,8,23,36,78,0,0,46,2,48,11,8,69,38,126,99,37,136,262
04/29/2020,MYR,SC,ASO,ES,Combined TRACON& Tower with Radar,10,7,13,4,34,0,0,10,0,10,10,7,23,4,44,38,20,58,102
04/30/2020,MYR,SC,ASO,ES,Combined TRACON& Tower with Radar,10,5,8,14,37,0,0,6,0,6,10,5,14,14,43,14,6,20,63
05/01/2020,MYR,SC,ASO,ES,Combined TRACON& Tower with Radar,18,6,22,14,60,0,18,12,0,30,18,24,34,14,90,0,0,0,90
05/02/2020,MYR,SC,ASO,ES,Combined TRACON& Tower with Radar,17,4,14,10,45,0,90,37,0,127,17,94,51,10,172,65,0,65,237
05/03/2020,MYR,SC,ASO,ES,Combined TRACON& Tower with Radar,18,0,14,12,44,0,88,17,0,105,18,88,31,12,149,0,12,12,161
05/04/2020,MYR,SC,ASO,ES,Combined TRACON& Tower with Radar,12,1,16,5,34,0,72,28,1,101,12,73,44,6,135,0,12,12,147
05/05/2020,MYR,SC,ASO,ES,Combined TRACON& Tower with Radar,12,5,36,7,60,0,50,16,0,66,12,55,52,7,126,58,0,58,184
05/06/2020,MYR,SC,ASO,ES,Combined TRACON& Tower with Radar,12,4,11,11,38,0,52,17,0,69,12,56,28,11,107,14,8,22,129
05/07/2020,MYR,SC,ASO,ES,Combined TRACON& Tower with Radar,16,6,26,17,65,0,52,32,2,86,16,58,58,19,151,70,0,70,221
05/08/2020,MYR,SC,ASO,ES,Combined TRACON& Tower with Radar,15,3,18,19,55,0,51,22,2,75,15,54,40,21,130,4,0,4,134
05/09/2020,MYR,SC,ASO,ES,Combined TRACON& Tower with Radar,18,3,10,1,32,0,104,30,0,134,18,107,40,1,166,4,0,4,170
05/10/2020,MYR,SC,ASO,ES,Combined TRACON& Tower with Radar,15,2,9,7,33,0,102,27,0,129,15,104,36,7,162,10,8,18,180
05/11/2020,MYR,SC,ASO,ES,Combined TRACON& Tower with Radar,14,3,13,9,39,0,74,17,0,91,14,77,30,9,130,4,0,4,134
05/12/2020,MYR,SC,ASO,ES,Combined TRACON& Tower with Radar,15,4,22,23,64,0,63,35,3,101,15,67,57,26,165,72,2,74,239
05/13/2020,MYR,SC,ASO,ES,Combined TRACON& Tower with Radar,14,11,27,12,64,0,54,36,3,93,14,65,63,15,157,62,2,64,221
05/14/2020,MYR,SC,ASO,ES,Combined TRACON& Tower with Radar,17,2,30,23,72,0,65,33,0,98,17,67,63,23,170,56,16,72,242
05/15/2020,MYR,SC,ASO,ES,Combined TRACON& Tower with Radar,17,6,32,14,69,0,108,38,0,146,17,114,70,14,215,109,0,109,324
05/16/2020,MYR,SC,ASO,ES,Combined TRACON& Tower with Radar,15,5,16,0,36,0,267,28,0,295,15,272,44,0,331,19,4,23,354
05/17/2020,MYR,SC,ASO,ES,Combined TRACON& Tower with Radar,15,2,23,0,40,0,254,5,0,259,15,256,28,0,299,0,0,0,299
05/18/2020,MYR,SC,ASO,ES,Combined TRACON& Tower with Radar,19,7,7,24,57,0,220,14,3,237,19,227,21,27,294,50,6,56,350
05/19/2020,MYR,SC,ASO,ES,Combined TRACON& Tower with Radar,12,11,21,4,48,0,84,2,0,86,12,95,23,4,134,0,0,0,134
05/20/2020,MYR,SC,ASO,ES,Combined TRACON& Tower with Radar,15,3,7,0,25,0,62,0,0,62,15,65,7,0,87,0,0,0,87
05/21/2020,MYR,SC,ASO,ES,Combined TRACON& Tower with Radar,17,6,14,0,37,0,26,1,1,28,17,32,15,1,65,0,0,0,65
05/22/2020,MYR,SC,ASO,ES,Combined TRACON& Tower with Radar,23,5,30,8,66,0,106,20,5,131,23,111,50,13,197,30,0,30,227
05/23/2020,MYR,SC,ASO,ES,Combined TRACON& Tower with Radar,19,8,25,0,52,0,367,29,7,403,19,375,54,7,455,46,0,46,501
05/24/2020,MYR,SC,ASO,ES,Combined TRACON& Tower with Radar,19,1,27,0,47,0,516,24,2,542,19,517,51,2,589,6,0,6,595
05/25/2020,MYR,SC,ASO,ES,Combined TRACON& Tower with Radar,21,12,24,0,57,0,337,7,1,345,21,349,31,1,402,62,0,62,464
05/26/2020,MYR,SC,ASO,ES,Combined TRACON& Tower with Radar,13,4,31,7,55,0,213,14,0,227,13,217,45,7,282,10,0,10,292
05/27/2020,MYR,SC,ASO,ES,Combined TRACON& Tower with Radar,13,8,9,0,30,0,0,0,0,0,13,8,9,0,30,0,0,0,30
05/28/2020,MYR,SC,ASO,ES,Combined TRACON& Tower with Radar,15,4,21,6,46,0,108,6,0,114,15,112,27,6,160,6,0,6,166
05/29/2020,MYR,SC,ASO,ES,Combined TRACON& Tower with Radar,22,3,14,3,42,0,162,6,0,168,22,165,20,3,210,2,10,12,222
05/30/2020,MYR,SC,ASO,ES,Combined TRACON& Tower with Radar,20,6,11,4,41,0,277,1,2,280,20,283,12,6,321,0,0,0,321
05/31/2020,MYR,SC,ASO,ES,Combined TRACON& Tower with Radar,15,5,28,9,57,0,192,19,0,211,15,197,47,9,268,0,0,0,268
06/01/2020,MYR,SC,ASO,ES,Combined TRACON& Tower with Radar,21,0,32,29,82,0,200,54,0,254,21,200,86,29,336,27,14,41,377
06/02/2020,MYR,SC,ASO,ES,Combined TRACON& Tower with Radar,11,9,21,16,57,0,196,34,0,230,11,205,55,16,287,58,18,76,363
06/03/2020,MYR,SC,ASO,ES,Combined TRACON& Tower with Radar,12,7,21,41,81,0,257,33,2,292,12,264,54,43,373,2,26,28,401
06/04/2020,MYR,SC,ASO,ES,Combined TRACON& Tower with Radar,26,5,17,26,74,0,271,34,1,306,26,276,51,27,380,34,22,56,436
06/05/2020,MYR,SC,ASO,ES,Combined TRACON& Tower with Radar,35,7,19,9,70,0,251,14,0,265,35,258,33,9,335,88,6,94,429
06/06/2020,MYR,SC,ASO,ES,Combined TRACON& Tower with Radar,31,10,22,0,63,0,369,15,0,384,31,379,37,0,447,0,0,0,447
06/07/2020,MYR,SC,ASO,ES,Combined TRACON& Tower with Radar,31,2,18,0,51,0,414,19,0,433,31,416,37,0,484,10,0,10,494
06/08/2020,MYR,SC,ASO,ES,Combined TRACON& Tower with Radar,34,4,19,13,70,0,263,4,0,267,34,267,23,13,337,12,24,36,373
06/09/2020,MYR,SC,ASO,ES,Combined TRACON& Tower with Radar,11,13,10,10,44,0,67,1,0,68,11,80,11,10,112,0,0,0,112
06/10/2020,MYR,SC,ASO,ES,Combined TRACON& Tower with Radar,15,11,27,43,96,0,326,15,0,341,15,337,42,43,437,20,34,54,491
06/11/2020,MYR,SC,ASO,ES,Combined TRACON& Tower with Radar,44,8,22,8,82,0,263,8,0,271,44,271,30,8,353,0,0,0,353
06/12/2020,MYR,SC,ASO,ES,Combined TRACON& Tower with Radar,44,2,16,2,64,0,112,0,0,112,44,114,16,2,176,0,0,0,176
06/13/2020,MYR,SC,ASO,ES,Combined TRACON& Tower with Radar,32,6,19,5,62,0,447,2,0,449,32,453,21,5,511,0,0,0,511
06/14/2020,MYR,SC,ASO,ES,Combined TRACON& Tower with Radar,45,6,12,0,63,0,263,8,0,271,45,269,20,0,334,0,0,0,334
06/15/2020,MYR,SC,ASO,ES,Combined TRACON& Tower with Radar,37,0,12,0,49,0,130,0,0,130,37,130,12,0,179,0,0,0,179
06/16/2020,MYR,SC,ASO,ES,Combined TRACON& Tower with Radar,13,3,11,7,34,0,152,0,0,152,13,155,11,7,186,0,0,0,186
06/17/2020,MYR,SC,ASO,ES,Combined TRACON& Tower with Radar,19,15,27,25,86,0,269,13,0,282,19,284,40,25,368,28,0,28,396
06/18/2020,MYR,SC,ASO,ES,Combined TRACON& Tower with Radar,47,5,26,15,93,0,287,43,0,330,47,292,69,15,423,36,0,36,459
06/19/2020,MYR,SC,ASO,ES,Combined TRACON& Tower with Radar,47,9,29,5,90,0,278,15,0,293,47,287,44,5,383,36,0,36,419
06/20/2020,MYR,SC,ASO,ES,Combined TRACON& Tower with Radar,33,6,24,4,67,0,312,25,0,337,33,318,49,4,404,36,0,36,440
06/21/2020,MYR,SC,ASO,ES,Combined TRACON& Tower with Radar,46,3,19,0,68,0,457,23,1,481,46,460,42,1,549,0,0,0,549
06/22/2020,MYR,SC,ASO,ES,Combined TRACON& Tower with Radar,41,5,28,15,89,0,247,29,0,276,41,252,57,15,365,52,8,60,425
06/23/2020,MYR,SC,ASO,ES,Combined TRACON& Tower with Radar,14,7,21,9,51,0,360,27,0,387,14,367,48,9,438,59,2,61,499
06/24/2020,MYR,SC,ASO,ES,Combined TRACON& Tower with Radar,23,5,21,9,58,0,303,11,0,314,23,308,32,9,372,32,6,38,410
06/25/2020,MYR,SC,ASO,ES,Combined TRACON& Tower with Radar,55,6,14,0,75,0,256,3,0,259,55,262,17,0,334,0,0,0,334
06/26/2020,MYR,SC,ASO,ES,Combined TRACON& Tower with Radar,53,8,29,30,120,0,344,35,0,379,53,352,64,30,499,24,8,32,531
06/27/2020,MYR,SC,ASO,ES,Combined TRACON& Tower with Radar,52,10,25,0,87,0,374,11,0,385,52,384,36,0,472,30,0,30,502
06/28/2020,MYR,SC,ASO,ES,Combined TRACON& Tower with Radar,56,7,15,0,78,0,370,7,0,377,56,377,22,0,455,0,0,0,455
06/29/2020,MYR,SC,ASO,ES,Combined TRACON& Tower with Radar,54,4,9,27,94,0,251,24,1,276,54,255,33,28,370,0,16,16,386
06/30/2020,MYR,SC,ASO,ES,Combined TRACON& Tower with Radar,17,3,13,1,34,0,119,22,4,145,17,122,35,5,179,18,0,18,197
07/01/2020,MYR,SC,ASO,ES,Combined TRACON& Tower with Radar,60,5,15,3,83,0,227,11,1,239,60,232,26,4,322,10,0,10,332
07/02/2020,MYR,SC,ASO,ES,Combined TRACON& Tower with Radar,69,5,23,4,101,0,251,18,0,269,69,256,41,4,370,6,0,6,376
07/03/2020,MYR,SC,ASO,ES,Combined TRACON& Tower with Radar,80,6,22,0,108,0,479,39,0,518,80,485,61,0,626,50,0,50,676
07/04/2020,MYR,SC,ASO,ES,Combined TRACON& Tower with Radar,71,5,12,0,88,0,764,14,0,778,71,769,26,0,866,24,0,24,890
07/05/2020,MYR,SC,ASO,ES,Combined TRACON& Tower with Radar,72,9,26,1,108,0,554,21,0,575,72,563,47,1,683,0,0,0,683
07/06/2020,MYR,SC,ASO,ES,Combined TRACON& Tower with Radar,73,3,8,0,84,0,369,12,0,381,73,372,20,0,465,45,0,45,510
07/07/2020,MYR,SC,ASO,ES,Combined TRACON& Tower with Radar,56,3,6,0,65,0,278,0,0,278,56,281,6,0,343,14,0,14,357
07/08/2020,MYR,SC,ASO,ES,Combined TRACON& Tower with Radar,62,4,17,8,91,0,291,3,0,294,62,295,20,8,385,28,0,28,413
07/09/2020,MYR,SC,ASO,ES,Combined TRACON& Tower with Radar,79,5,27,14,125,0,313,6,0,319,79,318,33,14,444,18,0,18,462
07/10/2020,MYR,SC,ASO,ES,Combined TRACON& Tower with Radar,88,7,26,15,136,0,358,29,0,387,88,365,55,15,523,36,12,48,571
07/11/2020,MYR,SC,ASO,ES,Combined TRACON& Tower with Radar,97,7,22,0,126,0,448,26,0,474,97,455,48,0,600,4,0,4,604
07/12/2020,MYR,SC,ASO,ES,Combined TRACON& Tower with Radar,84,2,9,2,97,0,326,8,0,334,84,328,17,2,431,0,0,0,431
07/13/2020,MYR,SC,ASO,ES,Combined TRACON& Tower with Radar,78,5,13,13,109,0,236,37,0,273,78,241,50,13,382,20,0,20,402
07/14/2020,MYR,SC,ASO,ES,Combined TRACON& Tower with Radar,50,6,7,5,68,0,316,46,0,362,50,322,53,5,430,10,0,10,440
07/15/2020,MYR,SC,ASO,ES,Combined TRACON& Tower with Radar,63,9,24,24,120,0,403,42,0,445,63,412,66,24,565,0,0,0,565
07/16/2020,MYR,SC,ASO,ES,Combined TRACON& Tower with Radar,75,4,26,12,117,0,392,33,0,425,75,396,59,12,542,10,0,10,552
07/17/2020,MYR,SC,ASO,ES,Combined TRACON& Tower with Radar,83,8,10,25,126,0,401,28,2,431,83,409,38,27,557,8,6,14,571
07/18/2020,MYR,SC,ASO,ES,Combined TRACON& Tower with Radar,93,13,15,0,121,0,540,14,1,555,93,553,29,1,676,14,0,14,690
07/19/2020,MYR,SC,ASO,ES,Combined TRACON& Tower with Radar,82,0,22,3,107,0,473,20,2,495,82,473,42,5,602,14,0,14,616
07/20/2020,MYR,SC,ASO,ES,Combined TRACON& Tower with Radar,85,7,20,27,139,0,329,36,0,365,85,336,56,27,504,8,4,12,516
07/21/2020,MYR,SC,ASO,ES,Combined TRACON& Tower with Radar,60,7,20,2,89,0,363,26,0,389,60,370,46,2,478,44,0,44,522
07/22/2020,MYR,SC,ASO,ES,Combined TRACON& Tower with Radar,62,4,9,41,116,0,336,30,0,366,62,340,39,41,482,26,10,36,518
07/23/2020,MYR,SC,ASO,ES,Combined TRACON& Tower with Radar,73,6,22,8,109,0,486,27,0,513,73,492,49,8,622,29,14,43,665
07/24/2020,MYR,SC,ASO,ES,Combined TRACON& Tower with Radar,60,24,14,1,99,0,200,19,0,219,60,224,33,1,318,76,0,76,394
07/25/2020,MYR,SC,ASO,ES,Combined TRACON& Tower with Radar,98,11,8,2,119,0,425,11,1,437,98,436,19,3,556,6,0,6,562
07/26/2020,MYR,SC,ASO,ES,Combined TRACON& Tower with Radar,79,6,9,0,94,0,517,12,0,529,79,523,21,0,623,21,0,21,644
07/27/2020,MYR,SC,ASO,ES,Combined TRACON& Tower with Radar,79,4,12,22,117,0,356,29,2,387,79,360,41,24,504,34,0,34,538
07/28/2020,MYR,SC,ASO,ES,Combined TRACON& Tower with Radar,62,6,16,13,97,0,222,26,3,251,62,228,42,16,348,38,24,62,410
07/29/2020,MYR,SC,ASO,ES,Combined TRACON& Tower with Radar,65,8,17,0,90,0,291,21,2,314,65,299,38,2,404,24,0,24,428
07/30/2020,MYR,SC,ASO,ES,Combined TRACON& Tower with Radar,76,6,20,27,129,0,311,10,0,321,76,317,30,27,450,71,0,71,521
07/31/2020,MYR,SC,ASO,ES,Combined TRACON& Tower with Radar,80,9,12,40,141,0,404,29,0,433,80,413,41,40,574,23,16,39,613
08/01/2020,MYR,SC,ASO,ES,Combined TRACON& Tower with Radar,99,7,15,2,123,0,360,5,0,365,99,367,20,2,488,14,0,14,502
08/02/2020,MYR,SC,ASO,ES,Combined TRACON& Tower with Radar,86,0,10,0,96,0,504,17,0,521,86,504,27,0,617,0,0,0,617
08/03/2020,MYR,SC,ASO,ES,Combined TRACON& Tower with Radar,71,2,2,2,77,0,40,1,0,41,71,42,3,2,118,0,0,0,118
08/04/2020,MYR,SC,ASO,ES,Combined TRACON& Tower with Radar,48,6,21,5,80,0,260,30,2,292,48,266,51,7,372,40,0,40,412
08/05/2020,MYR,SC,ASO,ES,Combined TRACON& Tower with Radar,51,12,10,2,75,0,196,9,1,206,51,208,19,3,281,14,0,14,295
08/06/2020,MYR,SC,ASO,ES,Combined TRACON& Tower with Radar,71,6,10,2,89,0,200,6,0,206,71,206,16,2,295,22,0,22,317
08/07/2020,MYR,SC,ASO,ES,Combined TRACON& Tower with Radar,74,4,13,11,102,0,334,27,2,363,74,338,40,13,465,73,6,79,544
08/08/2020,MYR,SC,ASO,ES,Combined TRACON& Tower with Radar,80,7,12,0,99,0,562,18,0,580,80,569,30,0,679,0,0,0,679
08/09/2020,MYR,SC,ASO,ES,Combined TRACON& Tower with Radar,73,2,7,0,82,0,423,33,0,456,73,425,40,0,538,0,0,0,538
08/10/2020,MYR,SC,ASO,ES,Combined TRACON& Tower with Radar,74,1,16,16,107,0,326,28,0,354,74,327,44,16,461,20,0,20,481
08/11/2020,MYR,SC,ASO,ES,Combined TRACON& Tower with Radar,40,9,10,5,64,0,334,29,0,363,40,343,39,5,427,120,0,120,547
08/12/2020,MYR,SC,ASO,ES,Combined TRACON& Tower with Radar,47,5,20,3,75,0,309,19,0,328,47,314,39,3,403,58,14,72,475
08/13/2020,MYR,SC,ASO,ES,Combined TRACON& Tower with Radar,65,10,10,2,87,0,322,8,0,330,65,332,18,2,417,54,0,54,471
08/14/2020,MYR,SC,ASO,ES,Combined TRACON& Tower with Radar,77,10,18,6,111,0,388,7,0,395,77,398,25,6,506,70,12,82,588
08/15/2020,MYR,SC,ASO,ES,Combined TRACON& Tower with Radar,74,3,25,8,110,0,511,11,0,522,74,514,36,8,632,8,0,8,640
08/16/2020,MYR,SC,ASO,ES,Combined TRACON& Tower with Radar,71,0,17,6,94,0,393,0,1,394,71,393,17,7,488,0,2,2,490
08/17/2020,MYR,SC,ASO,ES,Combined TRACON& Tower with Radar,79,5,13,14,111,0,262,27,0,289,79,267,40,14,400,40,10,50,450
08/18/2020,MYR,SC,ASO,ES,Combined TRACON& Tower with Radar,43,8,19,13,83,0,302,30,0,332,43,310,49,13,415,38,8,46,461
08/19/2020,MYR,SC,ASO,ES,Combined TRACON& Tower with Radar,46,6,12,0,64,0,252,16,0,268,46,258,28,0,332,34,0,34,366
08/20/2020,MYR,SC,ASO,ES,Combined TRACON& Tower with Radar,59,12,14,4,89,0,300,15,0,315,59,312,29,4,404,55,0,55,459
08/21/2020,MYR,SC,ASO,ES,Combined TRACON& Tower with Radar,70,5,3,2,80,0,298,10,0,308,70,303,13,2,388,32,0,32,420
08/22/2020,MYR,SC,ASO,ES,Combined TRACON& Tower with Radar,69,5,14,9,97,0,506,22,0,528,69,511,36,9,625,2,0,2,627
08/23/2020,MYR,SC,ASO,ES,Combined TRACON& Tower with Radar,63,2,18,0,83,0,466,9,2,477,63,468,27,2,560,22,0,22,582
08/24/2020,MYR,SC,ASO,ES,Combined TRACON& Tower with Radar,71,1,12,0,84,0,95,18,2,115,71,96,30,2,199,23,0,23,222
08/25/2020,MYR,SC,ASO,ES,Combined TRACON& Tower with Radar,46,8,23,14,91,0,252,42,0,294,46,260,65,14,385,58,28,86,471
08/26/2020,MYR,SC,ASO,ES,Combined TRACON& Tower with Radar,48,6,20,7,81,0,292,38,0,330,48,298,58,7,411,46,2,48,459
08/27/2020,MYR,SC,ASO,ES,Combined TRACON& Tower with Radar,59,6,27,30,122,0,268,28,1,297,59,274,55,31,419,0,17,17,436
08/28/2020,MYR,SC,ASO,ES,Combined TRACON& Tower with Radar,70,10,31,18,129,0,304,27,1,332,70,314,58,19,461,32,14,46,507
08/29/2020,MYR,SC,ASO,ES,Combined TRACON& Tower with Radar,73,3,11,0,87,0,457,13,0,470,73,460,24,0,557,2,1,3,560
08/30/2020,MYR,SC,ASO,ES,Combined TRACON& Tower with Radar,61,4,26,2,93,0,602,12,0,614,61,606,38,2,707,3,0,3,710
08/31/2020,MYR,SC,ASO,ES,Combined TRACON& Tower with Radar,71,6,9,6,92,0,312,10,0,322,71,318,19,6,414,30,0,30,444
09/01/2020,MYR,SC,ASO,ES,Combined TRACON& Tower with Radar,43,7,21,34,105,0,185,17,0,202,43,192,38,34,307,88,26,114,421
09/02/2020,MYR,SC,ASO,ES,Combined TRACON& Tower with Radar,47,14,10,6,77,0,232,25,3,260,47,246,35,9,337,10,0,10,347
09/03/2020,MYR,SC,ASO,ES,Combined TRACON& Tower with Radar,63,5,19,11,98,0,233,29,3,265,63,238,48,14,363,14,10,24,387
09/04/2020,MYR,SC,ASO,ES,Combined TRACON& Tower with Radar,75,6,18,0,99,0,349,18,3,370,75,355,36,3,469,16,0,16,485
09/05/2020,MYR,SC,ASO,ES,Combined TRACON& Tower with Radar,61,4,20,0,85,0,770,18,3,791,61,774,38,3,876,24,0,24,900
09/06/2020,MYR,SC,ASO,ES,Combined TRACON& Tower with Radar,52,0,8,0,60,0,813,13,4,830,52,813,21,4,890,10,0,10,900
09/07/2020,MYR,SC,ASO,ES,Combined TRACON& Tower with Radar,69,9,14,0,92,0,697,17,1,715,69,706,31,1,807,18,0,18,825
09/08/2020,MYR,SC,ASO,ES,Combined TRACON& Tower with Radar,39,7,4,16,66,0,237,20,0,257,39,244,24,16,323,28,0,28,351
09/09/2020,MYR,SC,ASO,ES,Combined TRACON& Tower with Radar,27,12,14,14,67,0,104,0,0,104,27,116,14,14,171,6,6,12,183
09/10/2020,MYR,SC,ASO,ES,Combined TRACON& Tower with Radar,40,10,18,5,73,0,203,8,0,211,40,213,26,5,284,43,0,43,327
09/11/2020,MYR,SC,ASO,ES,Combined TRACON& Tower with Radar,46,10,19,26,101,0,244,5,9,258,46,254,24,35,359,21,14,35,394
09/12/2020,MYR,SC,ASO,ES,Combined TRACON& Tower with Radar,33,7,7,0,47,0,423,1,0,424,33,430,8,0,471,0,0,0,471
09/13/2020,MYR,SC,ASO,ES,Combined TRACON& Tower with Radar,46,4,19,0,69,0,461,10,0,471,46,465,29,0,540,18,0,18,558
09/14/2020,MYR,SC,ASO,ES,Combined TRACON& Tower with Radar,44,12,15,5,76,0,215,22,3,240,44,227,37,8,316,20,20,40,356
09/15/2020,MYR,SC,ASO,ES,Combined TRACON& Tower with Radar,24,9,19,2,54,0,249,13,1,263,24,258,32,3,317,40,0,40,357
09/16/2020,MYR,SC,ASO,ES,Combined TRACON& Tower with Radar,26,5,24,2,57,0,84,3,1,88,26,89,27,3,145,0,0,0,145
09/17/2020,MYR,SC,ASO,ES,Combined TRACON& Tower with Radar,46,5,9,0,60,0,38,1,1,40,46,43,10,1,100,0,0,0,100
09/18/2020,MYR,SC,ASO,ES,Combined TRACON& Tower with Radar,45,5,22,14,86,0,116,2,0,118,45,121,24,14,204,0,0,0,204
09/19/2020,MYR,SC,ASO,ES,Combined TRACON& Tower with Radar,35,2,8,3,48,0,479,7,0,486,35,481,15,3,534,0,0,0,534
09/20/2020,MYR,SC,ASO,ES,Combined TRACON& Tower with Radar,47,1,12,1,61,0,360,18,0,378,47,361,30,1,439,0,0,0,439
09/21/2020,MYR,SC,ASO,ES,Combined TRACON& Tower with Radar,51,14,11,12,88,0,228,10,0,238,51,242,21,12,326,2,8,10,336
09/22/2020,MYR,SC,ASO,ES,Combined TRACON& Tower with Radar,24,7,18,11,60,0,220,47,4,271,24,227,65,15,331,95,24,119,450
09/23/2020,MYR,SC,ASO,ES,Combined TRACON& Tower with Radar,28,8,15,24,75,0,233,46,0,279,28,241,61,24,354,41,12,53,407
09/24/2020,MYR,SC,ASO,ES,Combined TRACON& Tower with Radar,46,11,31,19,107,0,194,31,2,227,46,205,62,21,334,17,36,53,387
09/25/2020,MYR,SC,ASO,ES,Combined TRACON& Tower with Radar,50,13,18,1,82,0,56,0,0,56,50,69,18,1,138,0,0,0,138
09/26/2020,MYR,SC,ASO,ES,Combined TRACON& Tower with Radar,36,5,15,2,58,0,367,12,0,379,36,372,27,2,437,2,0,2,439
09/27/2020,MYR,SC,ASO,ES,Combined TRACON& Tower with Radar,47,5,21,12,85,0,392,20,0,412,47,397,41,12,497,6,0,6,503
09/28/2020,MYR,SC,ASO,ES,Combined TRACON& Tower with Radar,55,4,16,10,85,0,130,4,1,135,55,134,20,11,220,16,0,16,236
09/29/2020,MYR,SC,ASO,ES,Combined TRACON& Tower with Radar,24,9,6,5,44,0,66,2,1,69,24,75,8,6,113,20,0,20,133
09/30/2020,MYR,SC,ASO,ES,Combined TRACON& Tower with Radar,28,5,12,0,45,0,140,37,0,177,28,145,49,0,222,40,0,40,262
10/01/2020,MYR,SC,ASO,ES,Combined TRACON& Tower with Radar,47,13,20,8,88,0,136,43,0,179,47,149,63,8,267,67,0,67,334
10/02/2020,MYR,SC,ASO,ES,Combined TRACON& Tower with Radar,52,13,19,21,105,0,164,28,1,193,52,177,47,22,298,26,6,32,330
10/03/2020,MYR,SC,ASO,ES,Combined TRACON& Tower with Radar,36,5,29,36,106,0,442,23,11,476,36,447,52,47,582,20,12,32,614
10/04/2020,MYR,SC,ASO,ES,Combined TRACON& Tower with Radar,48,5,21,2,76,0,251,4,0,255,48,256,25,2,331,0,0,0,331
10/05/2020,MYR,SC,ASO,ES,Combined TRACON& Tower with Radar,53,4,12,14,83,0,160,28,0,188,53,164,40,14,271,44,14,58,329
10/06/2020,MYR,SC,ASO,ES,Combined TRACON& Tower with Radar,28,6,15,24,73,0,118,22,0,140,28,124,37,24,213,46,5,51,264
10/07/2020,MYR,SC,ASO,ES,Combined TRACON& Tower with Radar,27,11,19,23,80,0,136,29,0,165,27,147,48,23,245,63,20,83,328
10/08/2020,MYR,SC,ASO,ES,Combined TRACON& Tower with Radar,54,6,14,17,91,0,122,42,0,164,54,128,56,17,255,59,0,59,314
10/09/2020,MYR,SC,ASO,ES,Combined TRACON& Tower with Radar,62,10,14,6,92,0,179,16,0,195,62,189,30,6,287,34,0,34,321
10/10/2020,MYR,SC,ASO,ES,Combined TRACON& Tower with Radar,44,4,21,2,71,0,363,5,1,369,44,367,26,3,440,24,0,24,464
10/11/2020,MYR,SC,ASO,ES,Combined TRACON& Tower with Radar,51,6,9,0,66,0,158,2,0,160,51,164,11,0,226,8,0,8,234
10/12/2020,MYR,SC,ASO,ES,Combined TRACON& Tower with Radar,59,8,14,0,81,0,103,8,0,111,59,111,22,0,192,88,0,88,280
10/13/2020,MYR,SC,ASO,ES,Combined TRACON& Tower with Radar,24,9,20,25,78,0,108,21,0,129,24,117,41,25,207,14,20,34,241
10/14/2020,MYR,SC,ASO,ES,Combined TRACON& Tower with Radar,24,12,39,8,83,0,133,22,0,155,24,145,61,8,238,42,0,42,280
10/15/2020,MYR,SC,ASO,ES,Combined TRACON& Tower with Radar,49,20,19,25,113,0,100,20,1,121,49,120,39,26,234,61,0,61,295
10/16/2020,MYR,SC,ASO,ES,Combined TRACON& Tower with Radar,55,12,23,18,108,0,83,13,0,96,55,95,36,18,204,30,8,38,242
10/17/2020,MYR,SC,ASO,ES,Combined TRACON& Tower with Radar,41,6,15,7,69,0,303,25,3,331,41,309,40,10,400,4,12,16,416
10/18/2020,MYR,SC,ASO,ES,Combined TRACON& Tower with Radar,52,4,19,4,79,0,221,26,0,247,52,225,45,4,326,8,0,8,334
10/19/2020,MYR,SC,ASO,ES,Combined TRACON& Tower with Radar,56,6,17,23,102,0,88,31,0,119,56,94,48,23,221,40,4,44,265
10/20/2020,MYR,SC,ASO,ES,Combined TRACON& Tower with Radar,20,8,20,42,90,0,96,14,1,111,20,104,34,43,201,63,13,76,277
10/21/2020,MYR,SC,ASO,ES,Combined TRACON& Tower with Radar,24,9,23,0,56,0,100,26,0,126,24,109,49,0,182,80,0,80,262
10/22/2020,MYR,SC,ASO,ES,Combined TRACON& Tower with Radar,52,8,18,3,81,0,84,25,1,110,52,92,43,4,191,38,0,38,229
10/23/2020,MYR,SC,ASO,ES,Combined TRACON& Tower with Radar,59,8,24,3,94,0,114,20,0,134,59,122,44,3,228,38,10,48,276
10/24/2020,MYR,SC,ASO,ES,Combined TRACON& Tower with Radar,37,4,28,19,88,0,319,18,14,351,37,323,46,33,439,2,36,38,477
10/25/2020,MYR,SC,ASO,ES,Combined TRACON& Tower with Radar,50,1,14,0,65,0,135,1,0,136,50,136,15,0,201,0,0,0,201
10/26/2020,MYR,SC,ASO,ES,Combined TRACON& Tower with Radar,56,6,23,25,110,0,76,5,0,81,56,82,28,25,191,8,12,20,211
10/27/2020,MYR,SC,ASO,ES,Combined TRACON& Tower with Radar,27,15,26,9,77,0,80,34,0,114,27,95,60,9,191,47,6,53,244
10/28/2020,MYR,SC,ASO,ES,Combined TRACON& Tower with Radar,31,10,20,6,67,0,64,40,0,104,31,74,60,6,171,90,2,92,263
10/29/2020,MYR,SC,ASO,ES,Combined TRACON& Tower with Radar,53,5,10,5,73,0,11,1,0,12,53,16,11,5,85,0,0,0,85
10/30/2020,MYR,SC,ASO,ES,Combined TRACON& Tower with Radar,56,9,24,8,97,0,85,8,4,97,56,94,32,12,194,0,4,4,198
10/31/2020,MYR,SC,ASO,ES,Combined TRACON& Tower with Radar,32,7,12,5,56,0,162,12,1,175,32,169,24,6,231,0,0,0,231
11/01/2020,MYR,SC,ASO,ES,Combined TRACON& Tower with Radar,45,4,14,5,68,0,64,4,0,68,45,68,18,5,136,0,0,0,136
11/02/2020,MYR,SC,ASO,ES,Combined TRACON& Tower with Radar,53,2,9,15,79,0,46,10,1,57,53,48,19,16,136,4,0,4,140
11/03/2020,MYR,SC,ASO,ES,Combined TRACON& Tower with Radar,21,5,17,7,50,0,40,37,0,77,21,45,54,7,127,57,18,75,202
11/04/2020,MYR,SC,ASO,ES,Combined TRACON& Tower with Radar,29,11,23,4,67,0,44,26,0,70,29,55,49,4,137,75,14,89,226
11/05/2020,MYR,SC,ASO,ES,Combined TRACON& Tower with Radar,50,9,23,30,112,0,28,38,0,66,50,37,61,30,178,54,8,62,240
11/06/2020,MYR,SC,ASO,ES,Combined TRACON& Tower with Radar,51,6,21,13,91,0,42,15,0,57,51,48,36,13,148,14,0,14,162
11/07/2020,MYR,SC,ASO,ES,Combined TRACON& Tower with Radar,38,5,9,13,65,0,142,17,4,163,38,147,26,17,228,10,18,28,256
11/08/2020,MYR,SC,ASO,ES,Combined TRACON& Tower with Radar,52,2,9,0,63,0,160,8,0,168,52,162,17,0,231,0,0,0,231
11/09/2020,MYR,SC,ASO,ES,Combined TRACON& Tower with Radar,49,6,13,9,77,0,62,13,4,79,49,68,26,13,156,8,0,8,164
11/10/2020,MYR,SC,ASO,ES,Combined TRACON& Tower with Radar,31,9,11,23,74,0,34,21,11,66,31,43,32,34,140,42,42,84,224
11/11/2020,MYR,SC,ASO,ES,Combined TRACON& Tower with Radar,35,8,5,2,50,0,10,0,0,10,35,18,5,2,60,0,0,0,60
11/12/2020,MYR,SC,ASO,ES,Combined TRACON& Tower with Radar,55,5,7,6,73,0,10,1,0,11,55,15,8,6,84,0,0,0,84
11/13/2020,MYR,SC,ASO,ES,Combined TRACON& Tower with Radar,51,7,15,4,77,0,36,6,0,42,51,43,21,4,119,29,0,29,148
11/14/2020,MYR,SC,ASO,ES,Combined TRACON& Tower with Radar,42,2,22,0,66,0,162,31,0,193,42,164,53,0,259,0,0,0,259
11/15/2020,MYR,SC,ASO,ES,Combined TRACON& Tower with Radar,53,5,20,10,88,0,58,6,0,64,53,63,26,10,152,4,0,4,156
11/16/2020,MYR,SC,ASO,ES,Combined TRACON& Tower with Radar,51,5,7,9,72,0,42,28,0,70,51,47,35,9,142,36,0,36,178
11/17/2020,MYR,SC,ASO,ES,Combined TRACON& Tower with Radar,35,13,16,2,66,0,28,30,1,59,35,41,46,3,125,26,0,26,151
11/18/2020,MYR,SC,ASO,ES,Combined TRACON& Tower with Radar,35,11,15,4,65,0,30,29,1,60,35,41,44,5,125,36,0,36,161
11/19/2020,MYR,SC,ASO,ES,Combined TRACON& Tower with Radar,38,7,17,10,72,0,30,33,2,65,38,37,50,12,137,78,8,86,223
11/20/2020,MYR,SC,ASO,ES,Combined TRACON& Tower with Radar,37,6,22,15,80,0,67,24,0,91,37,73,46,15,171,24,2,26,197
11/21/2020,MYR,SC,ASO,ES,Combined TRACON& Tower with Radar,40,4,10,32,86,0,144,28,13,185,40,148,38,45,271,20,10,30,301
11/22/2020,MYR,SC,ASO,ES,Combined TRACON& Tower with Radar,43,9,20,19,91,0,116,17,1,134,43,125,37,20,225,2,8,10,235
11/23/2020,MYR,SC,ASO,ES,Combined TRACON& Tower with Radar,27,12,10,18,67,0,47,29,1,77,27,59,39,19,144,38,0,38,182
11/24/2020,MYR,SC,ASO,ES,Combined TRACON& Tower with Radar,39,11,12,8,70,0,61,38,0,99,39,72,50,8,169,36,0,36,205
11/25/2020,MYR,SC,ASO,ES,Combined TRACON& Tower with Radar,41,8,15,7,71,0,62,20,0,82,41,70,35,7,153,50,0,50,203
11/26/2020,MYR,SC,ASO,ES,Combined TRACON& Tower with Radar,18,0,4,0,22,0,0,6,0,6,18,0,10,0,28,8,0,8,36
11/27/2020,MYR,SC,ASO,ES,Combined TRACON& Tower with Radar,35,13,15,0,63,0,178,15,0,193,35,191,30,0,256,4,0,4,260
11/28/2020,MYR,SC,ASO,ES,Combined TRACON& Tower with Radar,41,8,7,0,56,0,197,10,0,207,41,205,17,0,263,0,0,0,263
11/29/2020,MYR,SC,ASO,ES,Combined TRACON& Tower with Radar,43,2,18,0,63,0,98,4,0,102,43,100,22,0,165,10,0,10,175
11/30/2020,MYR,SC,ASO,ES,Combined TRACON& Tower with Radar,42,5,3,5,55,0,14,0,0,14,42,19,3,5,69,2,0,2,71
12/01/2020,MYR,SC,ASO,ES,Combined TRACON& Tower with Radar,36,12,6,5,59,0,20,26,0,46,36,32,32,5,105,26,18,44,149
12/02/2020,MYR,SC,ASO,ES,Combined TRACON& Tower with Radar,25,7,13,41,86,0,17,24,0,41,25,24,37,41,127,88,2,90,217
12/03/2020,MYR,SC,ASO,ES,Combined TRACON& Tower with Radar,43,10,18,15,86,0,30,35,3,68,43,40,53,18,154,108,16,124,278
12/04/2020,MYR,SC,ASO,ES,Combined TRACON& Tower with Radar,37,11,10,12,70,0,22,27,1,50,37,33,37,13,120,97,16,113,233
12/05/2020,MYR,SC,ASO,ES,Combined TRACON& Tower with Radar,22,3,14,0,39,0,80,18,0,98,22,83,32,0,137,32,0,32,169
12/06/2020,MYR,SC,ASO,ES,Combined TRACON& Tower with Radar,37,3,17,4,61,0,58,26,0,84,37,61,43,4,145,20,0,20,165
12/07/2020,MYR,SC,ASO,ES,Combined TRACON& Tower with Radar,34,4,6,10,54,0,10,7,0,17,34,14,13,10,71,58,0,58,129
12/08/2020,MYR,SC,ASO,ES,Combined TRACON& Tower with Radar,22,5,13,14,54,0,30,25,4,59,22,35,38,18,113,44,0,44,157
12/09/2020,MYR,SC,ASO,ES,Combined TRACON& Tower with Radar,23,8,16,10,57,0,34,28,0,62,23,42,44,10,119,50,0,50,169
12/10/2020,MYR,SC,ASO,ES,Combined TRACON& Tower with Radar,35,7,16,13,71,0,28,31,3,62,35,35,47,16,133,45,12,57,190
12/11/2020,MYR,SC,ASO,ES,Combined TRACON& Tower with Radar,34,8,16,2,60,0,20,30,0,50,34,28,46,2,110,58,0,58,168
12/12/2020,MYR,SC,ASO,ES,Combined TRACON& Tower with Radar,24,4,17,1,46,0,96,22,0,118,24,100,39,1,164,2,0,2,166
12/13/2020,MYR,SC,ASO,ES,Combined TRACON& Tower with Radar,41,6,13,0,60,0,58,4,0,62,41,64,17,0,122,14,0,14,136
12/14/2020,MYR,SC,ASO,ES,Combined TRACON& Tower with Radar,36,2,10,8,56,0,9,1,0,10,36,11,11,8,66,8,6,14,80
12/15/2020,MYR,SC,ASO,ES,Combined TRACON& Tower with Radar,21,9,23,33,86,0,26,28,0,54,21,35,51,33,140,14,0,14,154
12/16/2020,MYR,SC,ASO,ES,Combined TRACON& Tower with Radar,31,10,6,1,48,0,4,0,0,4,31,14,6,1,52,0,0,0,52
12/17/2020,MYR,SC,ASO,ES,Combined TRACON& Tower with Radar,42,10,14,10,76,0,4,0,0,4,42,14,14,10,80,0,0,0,80
12/18/2020,MYR,SC,ASO,ES,Combined TRACON& Tower with Radar,39,7,25,2,73,0,20,32,2,54,39,27,57,4,127,43,4,47,174
12/19/2020,MYR,SC,ASO,ES,Combined TRACON& Tower with Radar,46,4,21,0,71,0,66,31,0,97,46,70,52,0,168,4,0,4,172
12/20/2020,MYR,SC,ASO,ES,Combined TRACON& Tower with Radar,39,0,7,0,46,0,0,0,0,0,39,0,7,0,46,0,0,0,46
12/21/2020,MYR,SC,ASO,ES,Combined TRACON& Tower with Radar,36,3,28,26,93,0,16,5,0,21,36,19,33,26,114,18,10,28,142
12/22/2020,MYR,SC,ASO,ES,Combined TRACON& Tower with Radar,38,9,15,8,70,0,48,28,0,76,38,57,43,8,146,6,28,34,180
12/23/2020,MYR,SC,ASO,ES,Combined TRACON& Tower with Radar,54,5,16,0,75,0,49,32,0,81,54,54,48,0,156,19,0,19,175
12/24/2020,MYR,SC,ASO,ES,Combined TRACON& Tower with Radar,29,7,7,0,43,0,4,0,0,4,29,11,7,0,47,0,0,0,47
12/25/2020,MYR,SC,ASO,ES,Combined TRACON& Tower with Radar,26,2,0,0,28,0,0,1,0,1,26,2,1,0,29,0,0,0,29
12/26/2020,MYR,SC,ASO,ES,Combined TRACON& Tower with Radar,43,4,18,0,65,0,164,19,0,183,43,168,37,0,248,26,0,26,274
12/27/2020,MYR,SC,ASO,ES,Combined TRACON& Tower with Radar,43,1,18,0,62,0,121,34,2,157,43,122,52,2,219,4,0,4,223
12/28/2020,MYR,SC,ASO,ES,Combined TRACON& Tower with Radar,40,4,14,8,66,0,116,18,0,134,40,120,32,8,200,38,4,42,242
12/29/2020,MYR,SC,ASO,ES,Combined TRACON& Tower with Radar,39,9,14,7,69,0,178,21,0,199,39,187,35,7,268,31,0,31,299
12/30/2020,MYR,SC,ASO,ES,Combined TRACON& Tower with Radar,43,9,27,2,81,0,140,11,0,151,43,149,38,2,232,6,0,6,238
12/31/2020,MYR,SC,ASO,ES,Combined TRACON& Tower with Radar,32,8,15,0,55,0,96,2,0,98,32,104,17,0,153,0,0,0,153
01/01/2021,MYR,SC,ASO,ES,Combined TRACON& Tower with Radar,29,5,1,0,35,0,0,0,0,0,29,5,1,0,35,0,0,0,35
01/02/2021,MYR,SC,ASO,ES,Combined TRACON& Tower with Radar,48,5,11,0,64,0,144,0,0,144,48,149,11,0,208,0,0,0,208
01/03/2021,MYR,SC,ASO,ES,Combined TRACON& Tower with Radar,41,2,13,0,56,0,137,4,0,141,41,139,17,0,197,6,0,6,203
01/04/2021,MYR,SC,ASO,ES,Combined TRACON& Tower with Radar,37,6,16,10,69,0,40,22,0,62,37,46,38,10,131,57,0,57,188
01/05/2021,MYR,SC,ASO,ES,Combined TRACON& Tower with Radar,25,5,6,14,50,0,11,2,0,13,25,16,8,14,63,8,0,8,71
01/06/2021,MYR,SC,ASO,ES,Combined TRACON& Tower with Radar,18,5,30,11,64,0,28,27,0,55,18,33,57,11,119,32,0,32,151
01/07/2021,MYR,SC,ASO,ES,Combined TRACON& Tower with Radar,30,13,13,12,68,0,26,7,0,33,30,39,20,12,101,64,0,64,165
01/08/2021,MYR,SC,ASO,ES,Combined TRACON& Tower with Radar,28,8,5,10,51,0,8,0,1,9,28,16,5,11,60,10,0,10,70
01/09/2021,MYR,SC,ASO,ES,Combined TRACON& Tower with Radar,26,6,18,0,50,0,86,22,1,109,26,92,40,1,159,4,0,4,163
01/10/2021,MYR,SC,ASO,ES,Combined TRACON& Tower with Radar,32,2,16,3,53,0,86,20,0,106,32,88,36,3,159,0,8,8,167
01/11/2021,MYR,SC,ASO,ES,Combined TRACON& Tower with Radar,26,5,5,16,52,0,12,4,0,16,26,17,9,16,68,44,8,52,120
01/12/2021,MYR,SC,ASO,ES,Combined TRACON& Tower with Radar,14,7,7,6,34,0,4,1,0,5,14,11,8,6,39,0,0,0,39
01/13/2021,MYR,SC,ASO,ES,Combined TRACON& Tower with Radar,18,8,22,12,60,0,18,1,1,20,18,26,23,13,80,42,6,48,128
01/14/2021,MYR,SC,ASO,ES,Combined TRACON& Tower with Radar,32,4,21,31,88,0,44,20,7,71,32,48,41,38,159,82,10,92,251
01/15/2021,MYR,SC,ASO,ES,Combined TRACON& Tower with Radar,29,5,5,7,46,0,26,7,0,33,29,31,12,7,79,64,16,80,159
01/16/2021,MYR,SC,ASO,ES,Combined TRACON& Tower with Radar,28,4,7,3,42,0,97,6,0,103,28,101,13,3,145,0,0,0,145
01/17/2021,MYR,SC,ASO,ES,Combined TRACON& Tower with Radar,28,4,10,2,44,0,106,33,0,139,28,110,43,2,183,8,0,8,191
01/18/2021,MYR,SC,ASO,ES,Combined TRACON& Tower with Radar,25,2,8,0,35,0,62,11,0,73,25,64,19,0,108,22,0,22,130
01/19/2021,MYR,SC,ASO,ES,Combined TRACON& Tower with Radar,27,8,7,9,51,0,38,45,1,84,27,46,52,10,135,56,8,64,199
01/20/2021,MYR,SC,ASO,ES,Combined TRACON& Tower with Radar,20,7,5,10,42,0,16,18,0,34,20,23,23,10,76,12,0,12,88
01/21/2021,MYR,SC,ASO,ES,Combined TRACON& Tower with Radar,30,9,16,2,57,0,8,3,0,11,30,17,19,2,68,30,0,30,98
01/22/2021,MYR,SC,ASO,ES,Combined TRACON& Tower with Radar,28,5,11,6,50,0,37,29,0,66,28,42,40,6,116,44,0,44,160
01/23/2021,MYR,SC,ASO,ES,Combined TRACON& Tower with Radar,26,4,13,6,49,0,127,29,0,156,26,131,42,6,205,16,0,16,221
01/24/2021,MYR,SC,ASO,ES,Combined TRACON& Tower with Radar,30,3,1,2,36,0,115,27,4,146,30,118,28,6,182,14,0,14,196
01/25/2021,MYR,SC,ASO,ES,Combined TRACON& Tower with Radar,38,3,4,8,53,0,0,0,0,0,38,3,4,8,53,0,0,0,53
01/26/2021,MYR,SC,ASO,ES,Combined TRACON& Tower with Radar,14,9,16,9,48,0,12,0,0,12,14,21,16,9,60,0,0,0,60
01/27/2021,MYR,SC,ASO,ES,Combined TRACON& Tower with Radar,18,5,3,0,26,0,2,0,0,2,18,7,3,0,28,0,0,0,28
01/28/2021,MYR,SC,ASO,ES,Combined TRACON& Tower with Radar,25,5,8,8,46,0,16,8,0,24,25,21,16,8,70,0,0,0,70
01/29/2021,MYR,SC,ASO,ES,Combined TRACON& Tower with Radar,29,13,17,18,77,0,10,40,2,52,29,23,57,20,129,27,12,39,168
01/30/2021,MYR,SC,ASO,ES,Combined TRACON& Tower with Radar,30,6,6,1,43,0,183,20,0,203,30,189,26,1,246,16,0,16,262
01/31/2021,MYR,SC,ASO,ES,Combined TRACON& Tower with Radar,30,1,9,0,40,0,22,1,0,23,30,23,10,0,63,0,0,0,63
02/01/2021,MYR,SC,ASO,ES,Combined TRACON& Tower with Radar,22,6,19,16,63,0,0,0,0,0,22,6,19,16,63,0,0,0,63
02/02/2021,MYR,SC,ASO,ES,Combined TRACON& Tower with Radar,15,9,7,14,45,0,32,6,2,40,15,41,13,16,85,38,36,74,159
02/03/2021,MYR,SC,ASO,ES,Combined TRACON& Tower with Radar,35,7,15,16,73,2,22,9,1,34,37,29,24,17,107,8,8,16,123
02/04/2021,MYR,SC,ASO,ES,Combined TRACON& Tower with Radar,30,7,20,25,82,0,43,29,0,72,30,50,49,25,154,32,14,46,200
02/05/2021,MYR,SC,ASO,ES,Combined TRACON& Tower with Radar,28,7,3,10,48,0,6,0,0,6,28,13,3,10,54,2,0,2,56
02/06/2021,MYR,SC,ASO,ES,Combined TRACON& Tower with Radar,27,5,10,1,43,0,118,10,0,128,27,123,20,1,171,28,0,28,199
02/07/2021,MYR,SC,ASO,ES,Combined TRACON& Tower with Radar,28,1,5,0,34,0,36,6,0,42,28,37,11,0,76,0,0,0,76
02/08/2021,MYR,SC,ASO,ES,Combined TRACON& Tower with Radar,28,7,11,10,56,0,62,39,0,101,28,69,50,10,157,22,8,30,187
02/09/2021,MYR,SC,ASO,ES,Combined TRACON& Tower with Radar,15,21,11,7,54,0,6,3,0,9,15,27,14,7,63,16,0,16,79
02/10/2021,MYR,SC,ASO,ES,Combined TRACON& Tower with Radar,19,14,22,10,65,0,10,6,9,25,19,24,28,19,90,0,8,8,98
02/11/2021,MYR,SC,ASO,ES,Combined TRACON& Tower with Radar,61,8,4,14,87,0,12,0,0,12,61,20,4,14,99,0,0,0,99
02/12/2021,MYR,SC,ASO,ES,Combined TRACON& Tower with Radar,38,4,14,2,58,0,0,0,0,0,38,4,14,2,58,0,0,0,58
02/13/2021,MYR,SC,ASO,ES,Combined TRACON& Tower with Radar,28,5,6,2,41,0,0,0,0,0,28,5,6,2,41,0,0,0,41
02/14/2021,MYR,SC,ASO,ES,Combined TRACON& Tower with Radar,35,5,3,0,43,0,0,0,0,0,35,5,3,0,43,0,0,0,43
02/15/2021,MYR,SC,ASO,ES,Combined TRACON& Tower with Radar,36,6,4,0,46,0,0,0,0,0,36,6,4,0,46,0,0,0,46
02/16/2021,MYR,SC,ASO,ES,Combined TRACON& Tower with Radar,16,9,17,22,64,0,96,20,0,116,16,105,37,22,180,7,13,20,200
02/17/2021,MYR,SC,ASO,ES,Combined TRACON& Tower with Radar,21,10,25,13,69,0,70,41,3,114,21,80,66,16,183,14,6,20,203
02/18/2021,MYR,SC,ASO,ES,Combined TRACON& Tower with Radar,34,6,2,0,42,0,0,0,0,0,34,6,2,0,42,0,0,0,42
02/19/2021,MYR,SC,ASO,ES,Combined TRACON& Tower with Radar,38,7,9,0,54,0,0,0,0,0,38,7,9,0,54,0,0,0,54
02/20/2021,MYR,SC,ASO,ES,Combined TRACON& Tower with Radar,30,6,26,3,65,0,264,51,6,321,30,270,77,9,386,61,0,61,447
02/21/2021,MYR,SC,ASO,ES,Combined TRACON& Tower with Radar,39,5,38,0,82,0,179,51,4,234,39,184,89,4,316,34,0,34,350
02/22/2021,MYR,SC,ASO,ES,Combined TRACON& Tower with Radar,38,5,5,4,52,0,23,0,0,23,38,28,5,4,75,20,0,20,95
02/23/2021,MYR,SC,ASO,ES,Combined TRACON& Tower with Radar,20,9,15,24,68,0,86,41,3,130,20,95,56,27,198,74,8,82,280
02/24/2021,MYR,SC,ASO,ES,Combined TRACON& Tower with Radar,22,8,9,8,47,0,122,29,12,163,22,130,38,20,210,64,4,68,278
02/25/2021,MYR,SC,ASO,ES,Combined TRACON& Tower with Radar,46,8,14,12,80,0,107,33,7,147,46,115,47,19,227,99,0,99,326
02/26/2021,MYR,SC,ASO,ES,Combined TRACON& Tower with Radar,44,9,16,10,79,0,72,17,0,89,44,81,33,10,168,10,0,10,178
02/27/2021,MYR,SC,ASO,ES,Combined TRACON& Tower with Radar,32,2,29,2,65,0,380,30,0,410,32,382,59,2,475,62,0,62,537
02/28/2021,MYR,SC,ASO,ES,Combined TRACON& Tower with Radar,40,2,24,0,66,0,214,9,0,223,40,216,33,0,289,10,0,10,299
03/01/2021,MYR,SC,ASO,ES,Combined TRACON& Tower with Radar,36,4,9,15,64,0,34,1,0,35,36,38,10,15,99,8,10,18,117
03/02/2021,MYR,SC,ASO,ES,Combined TRACON& Tower with Radar,21,7,14,17,59,0,42,23,0,65,21,49,37,17,124,10,12,22,146
03/03/2021,MYR,SC,ASO,ES,Combined TRACON& Tower with Radar,36,14,15,2,67,0,8,5,0,13,36,22,20,2,80,21,0,21,101
03/04/2021,MYR,SC,ASO,ES,Combined TRACON& Tower with Radar,60,18,30,21,129,0,44,40,0,84,60,62,70,21,213,57,36,93,306
03/05/2021,MYR,SC,ASO,ES,Combined TRACON& Tower with Radar,60,11,19,29,119,0,146,48,4,198,60,157,67,33,317,29,6,35,352
03/06/2021,MYR,SC,ASO,ES,Combined TRACON& Tower with Radar,51,10,16,12,89,0,286,37,3,326,51,296,53,15,415,40,0,40,455
03/07/2021,MYR,SC,ASO,ES,Combined TRACON& Tower with Radar,55,13,19,0,87,0,241,30,0,271,55,254,49,0,358,6,0,6,364
03/08/2021,MYR,SC,ASO,ES,Combined TRACON& Tower with Radar,59,7,11,21,98,0,86,42,0,128,59,93,53,21,226,12,12,24,250
03/09/2021,MYR,SC,ASO,ES,Combined TRACON& Tower with Radar,42,10,11,14,77,0,114,28,0,142,42,124,39,14,219,63,16,79,298
03/10/2021,MYR,SC,ASO,ES,Combined TRACON& Tower with Radar,52,10,17,31,110,0,114,37,1,152,52,124,54,32,262,44,34,78,340
03/11/2021,MYR,SC,ASO,ES,Combined TRACON& Tower with Radar,62,14,29,26,131,0,114,39,1,154,62,128,68,27,285,42,22,64,349
03/12/2021,MYR,SC,ASO,ES,Combined TRACON& Tower with Radar,59,10,12,14,95,0,219,33,4,256,59,229,45,18,351,20,0,20,371
03/13/2021,MYR,SC,ASO,ES,Combined TRACON& Tower with Radar,53,14,14,25,106,0,467,20,2,489,53,481,34,27,595,0,0,0,595
03/14/2021,MYR,SC,ASO,ES,Combined TRACON& Tower with Radar,64,6,25,10,105,0,322,15,0,337,64,328,40,10,442,0,0,0,442
03/15/2021,MYR,SC,ASO,ES,Combined TRACON& Tower with Radar,64,6,14,39,123,0,162,15,4,181,64,168,29,43,304,12,16,28,332
03/16/2021,MYR,SC,ASO,ES,Combined TRACON& Tower with Radar,57,9,12,0,78,0,0,0,0,0,57,9,12,0,78,0,0,0,78
03/17/2021,MYR,SC,ASO,ES,Combined TRACON& Tower with Radar,57,12,20,7,96,0,108,2,0,110,57,120,22,7,206,2,0,2,208
03/18/2021,MYR,SC,ASO,ES,Combined TRACON& Tower with Radar,75,16,10,4,105,0,0,0,0,0,75,16,10,4,105,2,0,2,107
03/19/2021,MYR,SC,ASO,ES,Combined TRACON& Tower with Radar,64,12,21,0,97,0,208,6,0,214,64,220,27,0,311,4,0,4,315
03/20/2021,MYR,SC,ASO,ES,Combined TRACON& Tower with Radar,54,16,17,0,87,0,462,11,0,473,54,478,28,0,560,10,0,10,570
03/21/2021,MYR,SC,ASO,ES,Combined TRACON& Tower with Radar,63,12,13,0,88,0,334,5,0,339,63,346,18,0,427,0,0,0,427
03/22/2021,MYR,SC,ASO,ES,Combined TRACON& Tower with Radar,65,7,19,8,99,0,146,6,0,152,65,153,25,8,251,6,0,6,257
03/23/2021,MYR,SC,ASO,ES,Combined TRACON& Tower with Radar,55,13,30,57,155,0,139,8,0,147,55,152,38,57,302,24,20,44,346
03/24/2021,MYR,SC,ASO,ES,Combined TRACON& Tower with Radar,55,9,24,29,117,0,128,22,3,153,55,137,46,32,270,20,32,52,322
03/25/2021,MYR,SC,ASO,ES,Combined TRACON& Tower with Radar,69,12,35,30,146,0,278,19,3,300,69,290,54,33,446,13,25,38,484
03/26/2021,MYR,SC,ASO,ES,Combined TRACON& Tower with Radar,64,11,13,11,99,0,276,15,1,292,64,287,28,12,391,32,8,40,431
03/27/2021,MYR,SC,ASO,ES,Combined TRACON& Tower with Radar,58,10,25,4,97,0,487,6,1,494,58,497,31,5,591,16,12,28,619
03/28/2021,MYR,SC,ASO,ES,Combined TRACON& Tower with Radar,61,17,14,2,94,0,397,4,2,403,61,414,18,4,497,0,0,0,497
03/29/2021,MYR,SC,ASO,ES,Combined TRACON& Tower with Radar,64,12,18,23,117,0,381,42,3,426,64,393,60,26,543,24,25,49,592
03/30/2021,MYR,SC,ASO,ES,Combined TRACON& Tower with Radar,58,15,25,18,116,0,443,29,0,472,58,458,54,18,588,0,12,12,600
03/31/2021,MYR,SC,ASO,ES,Combined TRACON& Tower with Radar,49,24,14,7,94,0,281,3,0,284,49,305,17,7,378,0,0,0,378
04/01/2021,MYR,SC,ASO,ES,Combined TRACON& Tower with Radar,61,25,14,33,133,0,461,3,0,464,61,486,17,33,597,6,10,16,613
04/02/2021,MYR,SC,ASO,ES,Combined TRACON& Tower with Radar,68,18,32,4,122,0,608,42,4,654,68,626,74,8,776,2,0,2,778
04/03/2021,MYR,SC,ASO,ES,Combined TRACON& Tower with Radar,67,6,26,2,101,0,728,38,0,766,67,734,64,2,867,20,0,20,887
04/04/2021,MYR,SC,ASO,ES,Combined TRACON& Tower with Radar,67,8,9,0,84,0,763,20,0,783,67,771,29,0,867,9,0,9,876
04/05/2021,MYR,SC,ASO,ES,Combined TRACON& Tower with Radar,69,17,31,10,127,0,513,42,1,556,69,530,73,11,683,34,8,42,725
04/06/2021,MYR,SC,ASO,ES,Combined TRACON& Tower with Radar,64,14,24,20,122,0,529,41,0,570,64,543,65,20,692,2,22,24,716
04/07/2021,MYR,SC,ASO,ES,Combined TRACON& Tower with Radar,62,13,31,42,148,0,636,46,6,688,62,649,77,48,836,26,16,42,878
04/08/2021,MYR,SC,ASO,ES,Combined TRACON& Tower with Radar,75,11,21,28,135,0,757,37,1,795,75,768,58,29,930,70,26,96,1026
04/09/2021,MYR,SC,ASO,ES,Combined TRACON& Tower with Radar,70,16,25,13,124,0,711,27,0,738,70,727,52,13,862,6,0,6,868
04/10/2021,MYR,SC,ASO,ES,Combined TRACON& Tower with Radar,71,11,11,9,102,0,731,2,0,733,71,742,13,9,835,4,6,10,845
04/11/2021,MYR,SC,ASO,ES,Combined TRACON& Tower with Radar,74,8,7,4,93,0,623,6,4,633,74,631,13,8,726,0,4,4,730
04/12/2021,MYR,SC,ASO,ES,Combined TRACON& Tower with Radar,69,13,37,5,124,0,299,22,0,321,69,312,59,5,445,56,5,61,506
04/13/2021,MYR,SC,ASO,ES,Combined TRACON& Tower with Radar,69,14,17,32,132,0,270,32,0,302,69,284,49,32,434,23,45,68,502
04/14/2021,MYR,SC,ASO,ES,Combined TRACON& Tower with Radar,67,23,32,22,144,0,229,39,0,268,67,252,71,22,412,28,2,30,442
04/15/2021,MYR,SC,ASO,ES,Combined TRACON& Tower with Radar,85,13,29,29,156,0,233,15,0,248,85,246,44,29,404,14,11,25,429
04/16/2021,MYR,SC,ASO,ES,Combined TRACON& Tower with Radar,75,18,26,3,122,0,298,42,1,341,75,316,68,4,463,22,0,22,485
04/17/2021,MYR,SC,ASO,ES,Combined TRACON& Tower with Radar,72,13,8,5,98,0,687,29,9,725,72,700,37,14,823,40,20,60,883
04/18/2021,MYR,SC,ASO,ES,Combined TRACON& Tower with Radar,83,9,23,0,115,0,579,34,0,613,83,588,57,0,728,6,0,6,734
04/19/2021,MYR,SC,ASO,ES,Combined TRACON& Tower with Radar,75,12,13,15,115,0,274,26,4,304,75,286,39,19,419,4,16,20,439
04/20/2021,MYR,SC,ASO,ES,Combined TRACON& Tower with Radar,68,12,23,21,124,0,270,28,2,300,68,282,51,23,424,60,24,84,508
04/21/2021,MYR,SC,ASO,ES,Combined TRACON& Tower with Radar,73,17,27,9,126,0,154,9,2,165,73,171,36,11,291,0,0,0,291
04/22/2021,MYR,SC,ASO,ES,Combined TRACON& Tower with Radar,83,19,28,11,141,0,325,41,1,367,83,344,69,12,508,20,15,35,543
04/23/2021,MYR,SC,ASO,ES,Combined TRACON& Tower with Radar,77,20,22,17,136,0,341,52,4,397,77,361,74,21,533,53,12,65,598
04/24/2021,MYR,SC,ASO,ES,Combined TRACON& Tower with Radar,75,12,12,0,99,0,236,4,0,240,75,248,16,0,339,0,0,0,339
04/25/2021,MYR,SC,ASO,ES,Combined TRACON& Tower with Radar,84,18,24,9,135,0,503,14,0,517,84,521,38,9,652,4,0,4,656
04/26/2021,MYR,SC,ASO,ES,Combined TRACON& Tower with Radar,72,11,28,26,137,0,213,34,3,250,72,224,62,29,387,14,8,22,409
04/27/2021,MYR,SC,ASO,ES,Combined TRACON& Tower with Radar,71,17,29,12,129,0,209,45,0,254,71,226,74,12,383,68,10,78,461
04/28/2021,MYR,SC,ASO,ES,Combined TRACON& Tower with Radar,69,20,26,25,140,0,188,26,2,216,69,208,52,27,356,36,30,66,422
04/29/2021,MYR,SC,ASO,ES,Combined TRACON& Tower with Radar,84,21,28,6,139,0,221,26,0,247,84,242,54,6,386,12,0,12,398
04/30/2021,MYR,SC,ASO,ES,Combined TRACON& Tower with Radar,74,24,14,20,132,0,335,29,0,364,74,359,43,20,496,12,12,24,520
05/01/2021,MYR,SC,ASO,ES,Combined TRACON& Tower with Radar,74,11,22,28,135,1,648,40,8,697,75,659,62,36,832,18,16,34,866
05/02/2021,MYR,SC,ASO,ES,Combined TRACON& Tower with Radar,84,13,28,0,125,0,437,20,1,458,84,450,48,1,583,4,0,4,587
05/03/2021,MYR,SC,ASO,ES,Combined TRACON& Tower with Radar,72,22,18,6,118,0,198,1,0,199,72,220,19,6,317,8,0,8,325
05/04/2021,MYR,SC,ASO,ES,Combined TRACON& Tower with Radar,84,14,12,33,143,0,198,22,4,224,84,212,34,37,367,40,4,44,411
05/05/2021,MYR,SC,ASO,ES,Combined TRACON& Tower with Radar,82,11,21,9,123,0,210,12,20,242,82,221,33,29,365,2,18,20,385
05/06/2021,MYR,SC,ASO,ES,Combined TRACON& Tower with Radar,110,12,31,18,171,0,247,25,4,276,110,259,56,22,447,8,14,22,469
05/07/2021,MYR,SC,ASO,ES,Combined TRACON& Tower with Radar,96,9,17,11,133,0,348,29,4,381,96,357,46,15,514,16,26,42,556
05/08/2021,MYR,SC,ASO,ES,Combined TRACON& Tower with Radar,101,12,13,11,137,0,645,22,3,670,101,657,35,14,807,0,10,10,817
05/09/2021,MYR,SC,ASO,ES,Combined TRACON& Tower with Radar,123,12,20,5,160,0,609,11,1,621,123,621,31,6,781,0,0,0,781
05/10/2021,MYR,SC,ASO,ES,Combined TRACON& Tower with Radar,94,10,8,13,125,0,246,10,3,259,94,256,18,16,384,30,14,44,428
05/11/2021,MYR,SC,ASO,ES,Combined TRACON& Tower with Radar,90,20,21,13,144,0,207,1,0,208,90,227,22,13,352,36,0,36,388
05/12/2021,MYR,SC,ASO,ES,Combined TRACON& Tower with Radar,85,16,11,0,112,0,20,1,1,22,85,36,12,1,134,0,0,0,134
05/13/2021,MYR,SC,ASO,ES,Combined TRACON& Tower with Radar,117,16,15,27,175,0,254,39,6,299,117,270,54,33,474,26,6,32,506
05/14/2021,MYR,SC,ASO,ES,Combined TRACON& Tower with Radar,99,14,19,2,134,0,352,36,0,388,99,366,55,2,522,24,0,24,546
05/15/2021,MYR,SC,ASO,ES,Combined TRACON& Tower with Radar,96,10,20,7,133,0,566,33,5,604,96,576,53,12,737,10,6,16,753
05/16/2021,MYR,SC,ASO,ES,Combined TRACON& Tower with Radar,124,13,17,0,154,0,435,28,0,463,124,448,45,0,617,0,0,0,617
05/17/2021,MYR,SC,ASO,ES,Combined TRACON& Tower with Radar,96,8,15,12,131,0,235,44,0,279,96,243,59,12,410,39,0,39,449
05/18/2021,MYR,SC,ASO,ES,Combined TRACON& Tower with Radar,95,18,18,13,144,0,302,35,0,337,95,320,53,13,481,38,8,46,527
05/19/2021,MYR,SC,ASO,ES,Combined TRACON& Tower with Radar,85,12,25,15,137,0,238,34,0,272,85,250,59,15,409,37,2,39,448
05/20/2021,MYR,SC,ASO,ES,Combined TRACON& Tower with Radar,115,16,23,7,161,0,342,45,0,387,115,358,68,7,548,122,0,122,670
05/21/2021,MYR,SC,ASO,ES,Combined TRACON& Tower with Radar,97,14,20,15,146,0,386,27,1,414,97,400,47,16,560,20,0,20,580
05/22/2021,MYR,SC,ASO,ES,Combined TRACON& Tower with Radar,95,22,27,0,144,0,663,21,2,686,95,685,48,2,830,4,0,4,834
05/23/2021,MYR,SC,ASO,ES,Combined TRACON& Tower with Radar,129,11,27,6,173,0,478,31,0,509,129,489,58,6,682,0,0,0,682
05/24/2021,MYR,SC,ASO,ES,Combined TRACON& Tower with Radar,106,11,25,8,150,0,265,31,5,301,106,276,56,13,451,62,14,76,527
05/25/2021,MYR,SC,ASO,ES,Combined TRACON& Tower with Radar,103,12,30,31,176,0,364,27,0,391,103,376,57,31,567,109,12,121,688
05/26/2021,MYR,SC,ASO,ES,Combined TRACON& Tower with Radar,99,16,42,20,177,0,369,27,3,399,99,385,69,23,576,68,12,80,656
05/27/2021,MYR,SC,ASO,ES,Combined TRACON& Tower with Radar,129,20,28,5,182,0,306,34,2,342,129,326,62,7,524,14,0,14,538
05/28/2021,MYR,SC,ASO,ES,Combined TRACON& Tower with Radar,130,21,27,3,181,0,383,35,8,426,130,404,62,11,607,26,6,32,639
05/29/2021,MYR,SC,ASO,ES,Combined TRACON& Tower with Radar,122,12,19,0,153,0,815,12,6,833,122,827,31,6,986,0,0,0,986
05/30/2021,MYR,SC,ASO,ES,Combined TRACON& Tower with Radar,127,7,7,0,141,0,839,5,4,848,127,846,12,4,989,0,0,0,989
05/31/2021,MYR,SC,ASO,ES,Combined TRACON& Tower with Radar,130,13,16,0,159,0,680,31,1,712,130,693,47,1,871,54,0,54,925
06/01/2021,MYR,SC,ASO,ES,Combined TRACON& Tower with Radar,107,12,24,11,154,0,471,34,0,505,107,483,58,11,659,76,0,76,735
06/02/2021,MYR,SC,ASO,ES,Combined TRACON& Tower with Radar,121,18,23,20,182,0,418,6,2,426,121,436,29,22,608,44,13,57,665
06/03/2021,MYR,SC,ASO,ES,Combined TRACON& Tower with Radar,127,11,23,13,174,0,327,1,0,328,127,338,24,13,502,27,0,27,529
06/04/2021,MYR,SC,ASO,ES,Combined TRACON& Tower with Radar,132,13,14,10,169,0,278,7,2,287,132,291,21,12,456,0,2,2,458
06/05/2021,MYR,SC,ASO,ES,Combined TRACON& Tower with Radar,144,20,17,0,181,0,370,2,0,372,144,390,19,0,553,6,0,6,559
06/06/2021,MYR,SC,ASO,ES,Combined TRACON& Tower with Radar,158,29,15,0,202,0,206,5,0,211,158,235,20,0,413,0,0,0,413
06/07/2021,MYR,SC,ASO,ES,Combined TRACON& Tower with Radar,147,11,21,0,179,0,304,2,0,306,147,315,23,0,485,4,0,4,489
06/08/2021,MYR,SC,ASO,ES,Combined TRACON& Tower with Radar,110,19,16,6,151,0,394,8,0,402,110,413,24,6,553,74,0,74,627
06/09/2021,MYR,SC,ASO,ES,Combined TRACON& Tower with Radar,130,17,25,8,180,0,466,13,0,479,130,483,38,8,659,58,0,58,717
06/10/2021,MYR,SC,ASO,ES,Combined TRACON& Tower with Radar,148,16,38,12,214,0,465,20,2,487,148,481,58,14,701,32,4,36,737
06/11/2021,MYR,SC,ASO,ES,Combined TRACON& Tower with Radar,154,21,32,4,211,0,492,21,3,516,154,513,53,7,727,30,8,38,765
06/12/2021,MYR,SC,ASO,ES,Combined TRACON& Tower with Radar,167,14,19,0,200,0,465,5,7,477,167,479,24,7,677,6,0,6,683
06/13/2021,MYR,SC,ASO,ES,Combined TRACON& Tower with Radar,156,17,30,0,203,0,452,7,8,467,156,469,37,8,670,0,0,0,670
06/14/2021,MYR,SC,ASO,ES,Combined TRACON& Tower with Radar,148,14,47,24,233,0,350,47,10,407,148,364,94,34,640,20,26,46,686
06/15/2021,MYR,SC,ASO,ES,Combined TRACON& Tower with Radar,124,14,31,17,186,0,363,34,0,397,124,377,65,17,583,0,14,14,597
06/16/2021,MYR,SC,ASO,ES,Combined TRACON& Tower with Radar,136,14,30,3,183,0,566,44,0,610,136,580,74,3,793,26,0,26,819
06/17/2021,MYR,SC,ASO,ES,Combined TRACON& Tower with Radar,151,13,28,14,206,0,580,49,1,630,151,593,77,15,836,48,0,48,884
06/18/2021,MYR,SC,ASO,ES,Combined TRACON& Tower with Radar,153,16,26,3,198,0,558,20,2,580,153,574,46,5,778,10,0,10,788
06/19/2021,MYR,SC,ASO,ES,Combined TRACON& Tower with Radar,180,12,30,2,224,0,670,17,0,687,180,682,47,2,911,12,0,12,923
06/20/2021,MYR,SC,ASO,ES,Combined TRACON& Tower with Radar,165,13,15,0,193,0,484,1,0,485,165,497,16,0,678,0,0,0,678
06/21/2021,MYR,SC,ASO,ES,Combined TRACON& Tower with Radar,145,7,9,12,173,0,530,6,0,536,145,537,15,12,709,4,0,4,713
06/22/2021,MYR,SC,ASO,ES,Combined TRACON& Tower with Radar,117,16,11,0,144,0,326,2,0,328,117,342,13,0,472,0,0,0,472
06/23/2021,MYR,SC,ASO,ES,Combined TRACON& Tower with Radar,139,23,17,27,206,0,512,23,0,535,139,535,40,27,741,4,8,12,753
06/24/2021,MYR,SC,ASO,ES,Combined TRACON& Tower with Radar,162,20,25,6,213,0,662,49,0,711,162,682,74,6,924,12,8,20,944
06/25/2021,MYR,SC,ASO,ES,Combined TRACON& Tower with Radar,154,18,19,8,199,0,506,5,0,511,154,524,24,8,710,0,24,24,734
06/26/2021,MYR,SC,ASO,ES,Combined TRACON& Tower with Radar,177,18,22,0,217,0,548,1,0,549,177,566,23,0,766,20,0,20,786
06/27/2021,MYR,SC,ASO,ES,Combined TRACON& Tower with Radar,164,12,16,1,193,0,710,12,0,722,164,722,28,1,915,0,0,0,915
06/28/2021,MYR,SC,ASO,ES,Combined TRACON& Tower with Radar,158,7,11,0,176,0,281,7,2,290,158,288,18,2,466,0,0,0,466
06/29/2021,MYR,SC,ASO,ES,Combined TRACON& Tower with Radar,120,25,10,17,172,0,545,28,3,576,120,570,38,20,748,34,10,44,792
06/30/2021,MYR,SC,ASO,ES,Combined TRACON& Tower with Radar,142,19,13,48,222,0,644,21,7,672,142,663,34,55,894,42,10,52,946
07/01/2021,MYR,SC,ASO,ES,Combined TRACON& Tower with Radar,145,10,27,16,198,0,589,10,0,599,145,599,37,16,797,34,6,40,837
07/02/2021,MYR,SC,ASO,ES,Combined TRACON& Tower with Radar,169,9,20,2,200,0,302,2,0,304,169,311,22,2,504,14,0,14,518
07/03/2021,MYR,SC,ASO,ES,Combined TRACON& Tower with Radar,191,10,25,1,227,0,839,25,1,865,191,849,50,2,1092,16,0,16,1108
07/04/2021,MYR,SC,ASO,ES,Combined TRACON& Tower with Radar,159,4,18,0,181,0,929,24,0,953,159,933,42,0,1134,10,0,10,1144
07/05/2021,MYR,SC,ASO,ES,Combined TRACON& Tower with Radar,165,3,27,1,196,0,800,51,0,851,165,803,78,1,1047,34,0,34,1081
07/06/2021,MYR,SC,ASO,ES,Combined TRACON& Tower with Radar,129,9,22,13,173,0,799,51,1,851,129,808,73,14,1024,44,4,48,1072
07/07/2021,MYR,SC,ASO,ES,Combined TRACON& Tower with Radar,147,12,20,4,183,0,784,11,0,795,147,796,31,4,978,18,0,18,996
07/08/2021,MYR,SC,ASO,ES,Combined TRACON& Tower with Radar,164,16,7,2,189,0,0,1,0,1,164,16,8,2,190,0,0,0,190
07/09/2021,MYR,SC,ASO,ES,Combined TRACON& Tower with Radar,158,20,28,5,211,0,675,27,0,702,158,695,55,5,913,14,0,14,927
07/10/2021,MYR,SC,ASO,ES,Combined TRACON& Tower with Radar,192,10,31,0,233,0,759,28,0,787,192,769,59,0,1020,36,0,36,1056
07/11/2021,MYR,SC,ASO,ES,Combined TRACON& Tower with Radar,172,9,21,1,203,0,577,10,0,587,172,586,31,1,790,14,0,14,804
07/12/2021,MYR,SC,ASO,ES,Combined TRACON& Tower with Radar,157,7,11,17,192,0,457,14,1,472,157,464,25,18,664,34,22,56,720
07/13/2021,MYR,SC,ASO,ES,Combined TRACON& Tower with Radar,127,8,16,5,156,0,606,19,0,625,127,614,35,5,781,14,10,24,805
07/14/2021,MYR,SC,ASO,ES,Combined TRACON& Tower with Radar,150,15,15,23,203,0,607,22,0,629,150,622,37,23,832,38,34,72,904
07/15/2021,MYR,SC,ASO,ES,Combined TRACON& Tower with Radar,160,8,22,3,193,0,756,26,1,783,160,764,48,4,976,16,2,18,994
07/16/2021,MYR,SC,ASO,ES,Combined TRACON& Tower with Radar,163,7,15,16,201,0,814,23,0,837,163,821,38,16,1038,14,4,18,1056
07/17/2021,MYR,SC,ASO,ES,Combined TRACON& Tower with Radar,181,13,29,5,228,0,931,24,0,955,181,944,53,5,1183,26,2,28,1211
07/18/2021,MYR,SC,ASO,ES,Combined TRACON& Tower with Radar,165,7,21,2,195,0,439,12,1,452,165,446,33,3,647,4,12,16,663
07/19/2021,MYR,SC,ASO,ES,Combined TRACON& Tower with Radar,155,9,16,2,182,0,374,3,0,377,155,383,19,2,559,14,0,14,573
07/20/2021,MYR,SC,ASO,ES,Combined TRACON& Tower with Radar,130,21,15,10,176,0,551,9,0,560,130,572,24,10,736,14,16,30,766
07/21/2021,MYR,SC,ASO,ES,Combined TRACON& Tower with Radar,149,17,24,11,201,0,764,19,0,783,149,781,43,11,984,40,0,40,1024
07/22/2021,MYR,SC,ASO,ES,Combined TRACON& Tower with Radar,162,14,15,11,202,0,836,24,0,860,162,850,39,11,1062,30,0,30,1092
07/23/2021,MYR,SC,ASO,ES,Combined TRACON& Tower with Radar,158,14,20,2,194,0,766,12,0,778,158,780,32,2,972,4,0,4,976
07/24/2021,MYR,SC,ASO,ES,Combined TRACON& Tower with Radar,183,9,24,0,216,0,875,30,0,905,183,884,54,0,1121,8,0,8,1129
07/25/2021,MYR,SC,ASO,ES,Combined TRACON& Tower with Radar,177,10,20,0,207,0,759,17,0,776,177,769,37,0,983,16,0,16,999
07/26/2021,MYR,SC,ASO,ES,Combined TRACON& Tower with Radar,157,10,20,6,193,0,556,22,0,578,157,566,42,6,771,32,0,32,803
07/27/2021,MYR,SC,ASO,ES,Combined TRACON& Tower with Radar,131,8,14,4,157,0,555,17,0,572,131,563,31,4,729,26,0,26,755
07/28/2021,MYR,SC,ASO,ES,Combined TRACON& Tower with Radar,147,10,23,4,184,0,439,11,0,450,147,449,34,4,634,10,0,10,644
07/29/2021,MYR,SC,ASO,ES,Combined TRACON& Tower with Radar,155,7,21,7,190,0,815,52,5,872,155,822,73,12,1062,14,4,18,1080
07/30/2021,MYR,SC,ASO,ES,Combined TRACON& Tower with Radar,165,13,24,6,208,0,791,26,2,819,165,804,50,8,1027,16,10,26,1053
07/31/2021,MYR,SC,ASO,ES,Combined TRACON& Tower with Radar,185,13,17,2,217,0,872,6,2,880,185,885,23,4,1097,20,2,22,1119
08/01/2021,MYR,SC,ASO,ES,Combined TRACON& Tower with Radar,142,9,21,0,172,0,688,7,0,695,142,697,28,0,867,0,0,0,867
08/02/2021,MYR,SC,ASO,ES,Combined TRACON& Tower with Radar,124,5,17,0,146,0,632,23,0,655,124,637,40,0,801,62,0,62,863
08/03/2021,MYR,SC,ASO,ES,Combined TRACON& Tower with Radar,92,13,16,4,125,0,8,0,0,8,92,21,16,4,133,0,0,0,133
08/04/2021,MYR,SC,ASO,ES,Combined TRACON& Tower with Radar,108,13,27,8,156,0,484,0,0,484,108,497,27,8,640,4,0,4,644
08/05/2021,MYR,SC,ASO,ES,Combined TRACON& Tower with Radar,110,11,17,7,145,0,723,12,0,735,110,734,29,7,880,36,2,38,918
08/06/2021,MYR,SC,ASO,ES,Combined TRACON& Tower with Radar,114,18,25,6,163,0,320,4,0,324,114,338,29,6,487,0,0,0,487
08/07/2021,MYR,SC,ASO,ES,Combined TRACON& Tower with Radar,159,17,5,0,181,0,732,0,0,732,159,749,5,0,913,4,0,4,917
08/08/2021,MYR,SC,ASO,ES,Combined TRACON& Tower with Radar,146,10,24,0,180,0,727,37,0,764,146,737,61,0,944,30,0,30,974
08/09/2021,MYR,SC,ASO,ES,Combined TRACON& Tower with Radar,153,5,19,10,187,0,659,22,0,681,153,664,41,10,868,52,0,52,920
08/10/2021,MYR,SC,ASO,ES,Combined TRACON& Tower with Radar,129,19,16,2,166,0,714,31,2,747,129,733,47,4,913,54,0,54,967
08/11/2021,MYR,SC,ASO,ES,Combined TRACON& Tower with Radar,132,11,21,30,194,0,835,57,3,895,132,846,78,33,1089,2,12,14,1103
08/12/2021,MYR,SC,ASO,ES,Combined TRACON& Tower with Radar,148,12,40,20,220,0,818,47,2,867,148,830,87,22,1087,22,8,30,1117
08/13/2021,MYR,SC,ASO,ES,Combined TRACON& Tower with Radar,147,12,22,9,190,0,836,49,0,885,147,848,71,9,1075,26,0,26,1101
08/14/2021,MYR,SC,ASO,ES,Combined TRACON& Tower with Radar,175,18,16,2,211,0,991,19,0,1010,175,1009,35,2,1221,2,0,2,1223
08/15/2021,MYR,SC,ASO,ES,Combined TRACON& Tower with Radar,163,9,7,2,181,0,803,7,0,810,163,812,14,2,991,0,0,0,991
08/16/2021,MYR,SC,ASO,ES,Combined TRACON& Tower with Radar,154,9,28,4,195,0,613,16,0,629,154,622,44,4,824,0,0,0,824
08/17/2021,MYR,SC,ASO,ES,Combined TRACON& Tower with Radar,115,12,7,2,136,0,238,2,0,240,115,250,9,2,376,0,0,0,376
08/18/2021,MYR,SC,ASO,ES,Combined TRACON& Tower with Radar,119,9,16,2,146,0,632,5,0,637,119,641,21,2,783,6,0,6,789
08/19/2021,MYR,SC,ASO,ES,Combined TRACON& Tower with Radar,142,12,20,19,193,0,701,31,2,734,142,713,51,21,927,48,0,48,975
08/20/2021,MYR,SC,ASO,ES,Combined TRACON& Tower with Radar,139,10,16,6,171,0,740,18,0,758,139,750,34,6,929,40,2,42,971
08/21/2021,MYR,SC,ASO,ES,Combined TRACON& Tower with Radar,151,18,15,0,184,0,415,7,0,422,151,433,22,0,606,14,0,14,620
08/22/2021,MYR,SC,ASO,ES,Combined TRACON& Tower with Radar,145,6,18,4,173,0,456,9,0,465,145,462,27,4,638,0,0,0,638
08/23/2021,MYR,SC,ASO,ES,Combined TRACON& Tower with Radar,135,6,13,0,154,0,419,24,0,443,135,425,37,0,597,2,0,2,599
08/24/2021,MYR,SC,ASO,ES,Combined TRACON& Tower with Radar,112,12,20,9,153,0,436,26,0,462,112,448,46,9,615,20,0,20,635
08/25/2021,MYR,SC,ASO,ES,Combined TRACON& Tower with Radar,119,7,15,5,146,0,397,9,2,408,119,404,24,7,554,28,0,28,582
08/26/2021,MYR,SC,ASO,ES,Combined TRACON& Tower with Radar,141,9,15,11,176,0,490,14,2,506,141,499,29,13,682,42,0,42,724
08/27/2021,MYR,SC,ASO,ES,Combined TRACON& Tower with Radar,137,12,22,8,179,0,509,14,0,523,137,521,36,8,702,22,2,24,726
08/28/2021,MYR,SC,ASO,ES,Combined TRACON& Tower with Radar,154,15,18,0,187,0,607,20,0,627,154,622,38,0,814,6,0,6,820
08/29/2021,MYR,SC,ASO,ES,Combined TRACON& Tower with Radar,151,11,15,0,177,0,614,27,0,641,151,625,42,0,818,0,0,0,818
08/30/2021,MYR,SC,ASO,ES,Combined TRACON& Tower with Radar,139,7,14,26,186,0,326,33,2,361,139,333,47,28,547,0,11,11,558
08/31/2021,MYR,SC,ASO,ES,Combined TRACON& Tower with Radar,115,10,13,13,151,0,318,46,7,371,115,328,59,20,522,4,4,8,530
09/01/2021,MYR,SC,ASO,ES,Combined TRACON& Tower with Radar,112,13,8,12,145,0,176,4,1,181,112,189,12,13,326,4,6,10,336
09/02/2021,MYR,SC,ASO,ES,Combined TRACON& Tower with Radar,128,13,31,17,189,0,274,38,0,312,128,287,69,17,501,12,0,12,513
09/03/2021,MYR,SC,ASO,ES,Combined TRACON& Tower with Radar,145,14,24,4,187,0,322,24,0,346,145,336,48,4,533,20,0,20,553
09/04/2021,MYR,SC,ASO,ES,Combined TRACON& Tower with Radar,144,14,20,0,178,0,612,48,0,660,144,626,68,0,838,0,0,0,838
09/05/2021,MYR,SC,ASO,ES,Combined TRACON& Tower with Radar,138,6,25,0,169,0,821,34,0,855,138,827,59,0,1024,0,0,0,1024
09/06/2021,MYR,SC,ASO,ES,Combined TRACON& Tower with Radar,141,7,19,0,167,0,725,39,0,764,141,732,58,0,931,10,0,10,941
09/07/2021,MYR,SC,ASO,ES,Combined TRACON& Tower with Radar,115,13,19,25,172,0,240,19,0,259,115,253,38,25,431,0,0,0,431
09/08/2021,MYR,SC,ASO,ES,Combined TRACON& Tower with Radar,89,15,19,7,130,0,220,13,0,233,89,235,32,7,363,0,0,0,363
09/09/2021,MYR,SC,ASO,ES,Combined TRACON& Tower with Radar,116,13,10,11,150,0,89,1,0,90,116,102,11,11,240,0,0,0,240
09/10/2021,MYR,SC,ASO,ES,Combined TRACON& Tower with Radar,101,24,23,29,177,0,301,38,2,341,101,325,61,31,518,40,26,66,584
09/11/2021,MYR,SC,ASO,ES,Combined TRACON& Tower with Radar,96,10,16,14,136,0,459,30,18,507,96,469,46,32,643,0,42,42,685
09/12/2021,MYR,SC,ASO,ES,Combined TRACON& Tower with Radar,114,7,12,18,151,0,414,33,12,459,114,421,45,30,610,8,50,58,668
09/13/2021,MYR,SC,ASO,ES,Combined TRACON& Tower with Radar,101,7,21,28,157,0,210,19,1,230,101,217,40,29,387,18,0,18,405
09/14/2021,MYR,SC,ASO,ES,Combined TRACON& Tower with Radar,92,10,16,25,143,0,254,29,3,286,92,264,45,28,429,58,8,66,495
09/15/2021,MYR,SC,ASO,ES,Combined TRACON& Tower with Radar,87,12,21,54,174,0,238,10,6,254,87,250,31,60,428,44,14,58,486
09/16/2021,MYR,SC,ASO,ES,Combined TRACON& Tower with Radar,117,15,21,68,221,0,222,21,12,255,117,237,42,80,476,30,32,62,538
09/17/2021,MYR,SC,ASO,ES,Combined TRACON& Tower with Radar,102,20,29,27,178,0,262,15,2,279,102,282,44,29,457,30,24,54,511
09/18/2021,MYR,SC,ASO,ES,Combined TRACON& Tower with Radar,100,10,7,4,121,0,426,10,0,436,100,436,17,4,557,0,0,0,557
09/19/2021,MYR,SC,ASO,ES,Combined TRACON& Tower with Radar,116,6,23,12,157,0,373,16,0,389,116,379,39,12,546,0,0,0,546
09/20/2021,MYR,SC,ASO,ES,Combined TRACON& Tower with Radar,102,11,7,26,146,0,173,4,0,177,102,184,11,26,323,10,38,48,371
09/21/2021,MYR,SC,ASO,ES,Combined TRACON& Tower with Radar,90,11,9,17,127,0,144,2,0,146,90,155,11,17,273,10,2,12,285
09/22/2021,MYR,SC,ASO,ES,Combined TRACON& Tower with Radar,89,11,12,8,120,0,150,2,1,153,89,161,14,9,273,0,0,0,273
09/23/2021,MYR,SC,ASO,ES,Combined TRACON& Tower with Radar,112,17,27,20,176,0,205,37,5,247,112,222,64,25,423,28,24,52,475
09/24/2021,MYR,SC,ASO,ES,Combined TRACON& Tower with Radar,104,9,23,38,174,0,247,37,3,287,104,256,60,41,461,16,6,22,483
09/25/2021,MYR,SC,ASO,ES,Combined TRACON& Tower with Radar,97,9,20,7,133,0,412,32,0,444,97,421,52,7,577,46,0,46,623
09/26/2021,MYR,SC,ASO,ES,Combined TRACON& Tower with Radar,110,5,17,12,144,0,416,33,0,449,110,421,50,12,593,24,4,28,621
09/27/2021,MYR,SC,ASO,ES,Combined TRACON& Tower with Radar,101,9,19,2,131,0,185,38,3,226,101,194,57,5,357,20,8,28,385
09/28/2021,MYR,SC,ASO,ES,Combined TRACON& Tower with Radar,90,11,18,44,163,0,164,47,1,212,90,175,65,45,375,10,14,24,399
09/29/2021,MYR,SC,ASO,ES,Combined TRACON& Tower with Radar,90,9,24,18,141,0,160,38,0,198,90,169,62,18,339,30,12,42,381
09/30/2021,MYR,SC,ASO,ES,Combined TRACON& Tower with Radar,118,12,18,9,157,0,106,12,0,118,118,118,30,9,275,38,12,50,325
10/01/2021,MYR,SC,ASO,ES,Combined TRACON& Tower with Radar,101,15,24,12,152,0,207,40,0,247,101,222,64,12,399,24,0,24,423
10/02/2021,MYR,SC,ASO,ES,Combined TRACON& Tower with Radar,100,12,19,24,155,0,373,20,5,398,100,385,39,29,553,5,16,21,574
10/03/2021,MYR,SC,ASO,ES,Combined TRACON& Tower with Radar,111,9,18,2,140,0,308,37,0,345,111,317,55,2,485,28,0,28,513
10/04/2021,MYR,SC,ASO,ES,Combined TRACON& Tower with Radar,100,9,25,0,134,0,200,25,6,231,100,209,50,6,365,30,8,38,403
10/05/2021,MYR,SC,ASO,ES,Combined TRACON& Tower with Radar,99,6,12,16,133,0,80,15,0,95,99,86,27,16,228,18,4,22,250
10/06/2021,MYR,SC,ASO,ES,Combined TRACON& Tower with Radar,85,5,30,24,144,0,92,25,0,117,85,97,55,24,261,14,0,14,275
10/07/2021,MYR,SC,ASO,ES,Combined TRACON& Tower with Radar,103,5,26,4,138,0,138,10,0,148,103,143,36,4,286,6,0,6,292
10/08/2021,MYR,SC,ASO,ES,Combined TRACON& Tower with Radar,94,15,17,7,133,0,131,0,0,131,94,146,17,7,264,0,16,16,280
10/09/2021,MYR,SC,ASO,ES,Combined TRACON& Tower with Radar,77,19,5,2,103,0,104,1,0,105,77,123,6,2,208,0,0,0,208
10/10/2021,MYR,SC,ASO,ES,Combined TRACON& Tower with Radar,86,12,22,0,120,0,284,14,0,298,86,296,36,0,418,10,0,10,428
10/11/2021,MYR,SC,ASO,ES,Combined TRACON& Tower with Radar,92,12,39,0,143,0,166,12,0,178,92,178,51,0,321,52,0,52,373
10/12/2021,MYR,SC,ASO,ES,Combined TRACON& Tower with Radar,85,13,32,12,142,0,129,37,3,169,85,142,69,15,311,70,6,76,387
10/13/2021,MYR,SC,ASO,ES,Combined TRACON& Tower with Radar,86,7,27,40,160,0,178,49,2,229,86,185,76,42,389,18,34,52,441
10/14/2021,MYR,SC,ASO,ES,Combined TRACON& Tower with Radar,102,17,24,19,162,0,169,40,4,213,102,186,64,23,375,44,12,56,431
10/15/2021,MYR,SC,ASO,ES,Combined TRACON& Tower with Radar,95,10,21,3,129,0,166,43,0,209,95,176,64,3,338,32,0,32,370
10/16/2021,MYR,SC,ASO,ES,Combined TRACON& Tower with Radar,85,7,11,8,111,0,382,22,0,404,85,389,33,8,515,0,0,0,515
10/17/2021,MYR,SC,ASO,ES,Combined TRACON& Tower with Radar,104,11,15,4,134,0,214,27,0,241,104,225,42,4,375,8,0,8,383
10/18/2021,MYR,SC,ASO,ES,Combined TRACON& Tower with Radar,100,10,10,4,124,0,146,23,0,169,100,156,33,4,293,50,0,50,343
10/19/2021,MYR,SC,ASO,ES,Combined TRACON& Tower with Radar,87,14,12,38,151,0,88,39,0,127,87,102,51,38,278,4,18,22,300
10/20/2021,MYR,SC,ASO,ES,Combined TRACON& Tower with Radar,88,10,20,19,137,0,130,25,0,155,88,140,45,19,292,28,16,44,336
10/21/2021,MYR,SC,ASO,ES,Combined TRACON& Tower with Radar,105,10,24,22,161,0,93,22,0,115,105,103,46,22,276,8,0,8,284
10/22/2021,MYR,SC,ASO,ES,Combined TRACON& Tower with Radar,100,17,28,17,162,0,114,40,0,154,100,131,68,17,316,24,0,24,340
10/23/2021,MYR,SC,ASO,ES,Combined TRACON& Tower with Radar,87,9,7,1,104,0,233,32,0,265,87,242,39,1,369,42,0,42,411
10/24/2021,MYR,SC,ASO,ES,Combined TRACON& Tower with Radar,103,9,25,0,137,0,207,24,1,232,103,216,49,1,369,0,0,0,369
10/25/2021,MYR,SC,ASO,ES,Combined TRACON& Tower with Radar,93,12,14,11,130,0,64,25,0,89,93,76,39,11,219,14,10,24,243
10/26/2021,MYR,SC,ASO,ES,Combined TRACON& Tower with Radar,88,6,18,25,137,0,128,21,1,150,88,134,39,26,287,38,4,42,329
10/27/2021,MYR,SC,ASO,ES,Combined TRACON& Tower with Radar,89,11,28,27,155,0,94,29,3,126,89,105,57,30,281,76,16,92,373
10/28/2021,MYR,SC,ASO,ES,Combined TRACON& Tower with Radar,101,4,18,9,132,0,38,18,2,58,101,42,36,11,190,10,12,22,212
10/29/2021,MYR,SC,ASO,ES,Combined TRACON& Tower with Radar,101,7,17,7,132,0,94,10,0,104,101,101,27,7,236,10,0,10,246
10/30/2021,MYR,SC,ASO,ES,Combined TRACON& Tower with Radar,81,6,16,0,103,0,184,24,0,208,81,190,40,0,311,32,0,32,343
10/31/2021,MYR,SC,ASO,ES,Combined TRACON& Tower with Radar,89,5,17,4,115,0,138,15,0,153,89,143,32,4,268,4,0,4,272
11/01/2021,MYR,SC,ASO,ES,Combined TRACON& Tower with Radar,89,4,19,29,141,0,68,34,0,102,89,72,53,29,243,56,12,68,311
11/02/2021,MYR,SC,ASO,ES,Combined TRACON& Tower with Radar,75,11,18,33,137,0,78,34,0,112,75,89,52,33,249,40,15,55,304
11/03/2021,MYR,SC,ASO,ES,Combined TRACON& Tower with Radar,80,13,15,40,148,0,38,30,0,68,80,51,45,40,216,22,24,46,262
11/04/2021,MYR,SC,ASO,ES,Combined TRACON& Tower with Radar,88,13,18,9,128,0,50,26,0,76,88,63,44,9,204,38,0,38,242
11/05/2021,MYR,SC,ASO,ES,Combined TRACON& Tower with Radar,88,13,19,48,168,0,46,22,0,68,88,59,41,48,236,8,6,14,250
11/06/2021,MYR,SC,ASO,ES,Combined TRACON& Tower with Radar,72,13,4,0,89,0,60,0,0,60,72,73,4,0,149,0,0,0,149
11/07/2021,MYR,SC,ASO,ES,Combined TRACON& Tower with Radar,84,9,9,0,102,0,44,1,0,45,84,53,10,0,147,0,0,0,147
11/08/2021,MYR,SC,ASO,ES,Combined TRACON& Tower with Radar,80,6,6,28,120,0,34,42,0,76,80,40,48,28,196,60,34,94,290
11/09/2021,MYR,SC,ASO,ES,Combined TRACON& Tower with Radar,69,10,20,14,113,0,37,50,7,94,69,47,70,21,207,76,0,76,283
11/10/2021,MYR,SC,ASO,ES,Combined TRACON& Tower with Radar,70,16,18,22,126,0,35,29,1,65,70,51,47,23,191,48,0,48,239
11/11/2021,MYR,SC,ASO,ES,Combined TRACON& Tower with Radar,82,7,29,10,128,0,56,34,2,92,82,63,63,12,220,20,22,42,262
11/12/2021,MYR,SC,ASO,ES,Combined TRACON& Tower with Radar,79,9,28,15,131,0,120,35,4,159,79,129,63,19,290,26,0,26,316
11/13/2021,MYR,SC,ASO,ES,Combined TRACON& Tower with Radar,66,7,11,3,87,0,228,40,0,268,66,235,51,3,355,16,0,16,371
11/14/2021,MYR,SC,ASO,ES,Combined TRACON& Tower with Radar,82,2,20,1,105,0,108,31,0,139,82,110,51,1,244,52,0,52,296
11/15/2021,MYR,SC,ASO,ES,Combined TRACON& Tower with Radar,79,4,9,24,116,0,30,26,2,58,79,34,35,26,174,8,12,20,194
11/16/2021,MYR,SC,ASO,ES,Combined TRACON& Tower with Radar,70,16,25,14,125,0,43,43,0,86,70,59,68,14,211,14,0,14,225
11/17/2021,MYR,SC,ASO,ES,Combined TRACON& Tower with Radar,57,12,17,12,98,0,52,35,0,87,57,64,52,12,185,6,16,22,207
11/18/2021,MYR,SC,ASO,ES,Combined TRACON& Tower with Radar,70,14,23,14,121,0,27,31,0,58,70,41,54,14,179,74,10,84,263
11/19/2021,MYR,SC,ASO,ES,Combined TRACON& Tower with Radar,60,16,32,13,121,0,60,32,0,92,60,76,64,13,213,20,6,26,239
11/20/2021,MYR,SC,ASO,ES,Combined TRACON& Tower with Radar,51,14,11,4,80,0,165,19,0,184,51,179,30,4,264,40,0,40,304
11/21/2021,MYR,SC,ASO,ES,Combined TRACON& Tower with Radar,56,11,23,2,92,0,106,27,0,133,56,117,50,2,225,2,0,2,227
11/22/2021,MYR,SC,ASO,ES,Combined TRACON& Tower with Radar,58,11,12,8,89,0,24,3,0,27,58,35,15,8,116,0,0,0,116
11/23/2021,MYR,SC,ASO,ES,Combined TRACON& Tower with Radar,57,23,24,6,110,0,60,27,2,89,57,83,51,8,199,0,0,0,199
11/24/2021,MYR,SC,ASO,ES,Combined TRACON& Tower with Radar,58,17,16,0,91,0,113,45,0,158,58,130,61,0,249,36,0,36,285
11/25/2021,MYR,SC,ASO,ES,Combined TRACON& Tower with Radar,45,3,2,0,50,0,0,10,0,10,45,3,12,0,60,0,0,0,60
11/26/2021,MYR,SC,ASO,ES,Combined TRACON& Tower with Radar,51,17,19,0,87,0,198,16,0,214,51,215,35,0,301,30,0,30,331
11/27/2021,MYR,SC,ASO,ES,Combined TRACON& Tower with Radar,59,13,9,0,81,0,258,29,0,287,59,271,38,0,368,52,0,52,420
11/28/2021,MYR,SC,ASO,ES,Combined TRACON& Tower with Radar,65,5,20,0,90,0,107,43,0,150,65,112,63,0,240,2,0,2,242
11/29/2021,MYR,SC,ASO,ES,Combined TRACON& Tower with Radar,57,9,16,6,88,0,36,17,5,58,57,45,33,11,146,80,0,80,226
11/30/2021,MYR,SC,ASO,ES,Combined TRACON& Tower with Radar,56,16,15,20,107,0,30,32,4,66,56,46,47,24,173,68,26,94,267
12/01/2021,MYR,SC,ASO,ES,Combined TRACON& Tower with Radar,53,9,20,27,109,0,28,22,0,50,53,37,42,27,159,38,22,60,219
12/02/2021,MYR,SC,ASO,ES,Combined TRACON& Tower with Radar,57,27,16,32,132,0,20,35,1,56,57,47,51,33,188,34,26,60,248
12/03/2021,MYR,SC,ASO,ES,Combined TRACON& Tower with Radar,56,13,19,33,121,0,34,39,0,73,56,47,58,33,194,50,50,100,294
12/04/2021,MYR,SC,ASO,ES,Combined TRACON& Tower with Radar,48,10,16,26,100,0,133,38,3,174,48,143,54,29,274,2,0,2,276
12/05/2021,MYR,SC,ASO,ES,Combined TRACON& Tower with Radar,64,7,17,2,90,0,37,13,0,50,64,44,30,2,140,0,0,0,140
12/06/2021,MYR,SC,ASO,ES,Combined TRACON& Tower with Radar,53,5,23,58,139,0,43,42,2,87,53,48,65,60,226,47,72,119,345
12/07/2021,MYR,SC,ASO,ES,Combined TRACON& Tower with Radar,47,9,19,26,101,0,18,6,0,24,47,27,25,26,125,78,12,90,215
12/08/2021,MYR,SC,ASO,ES,Combined TRACON& Tower with Radar,47,10,9,3,69,0,0,0,0,0,47,10,9,3,69,0,0,0,69
12/09/2021,MYR,SC,ASO,ES,Combined TRACON& Tower with Radar,54,5,26,43,128,0,44,36,0,80,54,49,62,43,208,42,10,52,260
12/10/2021,MYR,SC,ASO,ES,Combined TRACON& Tower with Radar,53,15,18,10,96,0,34,6,0,40,53,49,24,10,136,60,0,60,196
12/11/2021,MYR,SC,ASO,ES,Combined TRACON& Tower with Radar,44,9,16,3,72,0,92,11,0,103,44,101,27,3,175,60,0,60,235
12/12/2021,MYR,SC,ASO,ES,Combined TRACON& Tower with Radar,52,8,7,2,69,0,54,11,0,65,52,62,18,2,134,28,0,28,162
12/13/2021,MYR,SC,ASO,ES,Combined TRACON& Tower with Radar,52,4,17,34,107,0,26,48,0,74,52,30,65,34,181,52,12,64,245
12/14/2021,MYR,SC,ASO,ES,Combined TRACON& Tower with Radar,51,17,23,35,126,0,14,36,4,54,51,31,59,39,180,92,6,98,278
12/15/2021,MYR,SC,ASO,ES,Combined TRACON& Tower with Radar,46,17,20,14,97,0,20,31,1,52,46,37,51,15,149,28,0,28,177
12/16/2021,MYR,SC,ASO,ES,Combined TRACON& Tower with Radar,59,13,11,31,114,0,28,21,2,51,59,41,32,33,165,40,18,58,223
12/17/2021,MYR,SC,ASO,ES,Combined TRACON& Tower with Radar,58,21,25,33,137,0,54,23,2,79,58,75,48,35,216,42,14,56,272
12/18/2021,MYR,SC,ASO,ES,Combined TRACON& Tower with Radar,58,7,23,3,91,0,96,20,2,118,58,103,43,5,209,10,4,14,223
12/19/2021,MYR,SC,ASO,ES,Combined TRACON& Tower with Radar,56,11,6,2,75,0,34,0,3,37,56,45,6,5,112,0,0,0,112
12/20/2021,MYR,SC,ASO,ES,Combined TRACON& Tower with Radar,59,7,29,14,109,0,57,16,0,73,59,64,45,14,182,56,0,56,238
12/21/2021,MYR,SC,ASO,ES,Combined TRACON& Tower with Radar,61,10,17,3,91,0,0,0,0,0,61,10,17,3,91,0,0,0,91
12/22/2021,MYR,SC,ASO,ES,Combined TRACON& Tower with Radar,58,13,28,9,108,0,44,36,1,81,58,57,64,10,189,56,0,56,245
12/23/2021,MYR,SC,ASO,ES,Combined TRACON& Tower with Radar,61,13,22,7,103,0,76,38,0,114,61,89,60,7,217,64,0,64,281
12/24/2021,MYR,SC,ASO,ES,Combined TRACON& Tower with Radar,50,8,12,0,70,0,116,25,0,141,50,124,37,0,211,32,0,32,243
12/25/2021,MYR,SC,ASO,ES,Combined TRACON& Tower with Radar,47,2,0,0,49,0,0,0,0,0,47,2,0,0,49,0,0,0,49
12/26/2021,MYR,SC,ASO,ES,Combined TRACON& Tower with Radar,58,8,28,0,94,0,212,24,0,236,58,220,52,0,330,0,0,0,330
12/27/2021,MYR,SC,ASO,ES,Combined TRACON& Tower with Radar,59,6,22,4,91,0,220,26,0,246,59,226,48,4,337,80,0,80,417
12/28/2021,MYR,SC,ASO,ES,Combined TRACON& Tower with Radar,61,12,23,20,116,0,242,14,0,256,61,254,37,20,372,30,0,30,402
12/29/2021,MYR,SC,ASO,ES,Combined TRACON& Tower with Radar,58,11,21,3,93,0,312,34,2,348,58,323,55,5,441,2,0,2,443
12/30/2021,MYR,SC,ASO,ES,Combined TRACON& Tower with Radar,57,10,24,6,97,0,131,0,1,132,57,141,24,7,229,6,0,6,235
12/31/2021,MYR,SC,ASO,ES,Combined TRACON& Tower with Radar,52,6,18,0,76,0,404,12,0,416,52,410,30,0,492,32,0,32,524
01/01/2022,MYR,SC,ASO,ES,Combined TRACON& Tower with Radar,44,2,3,0,49,0,346,3,0,349,44,348,6,0,398,0,0,0,398
01/02/2022,MYR,SC,ASO,ES,Combined TRACON& Tower with Radar,56,8,12,0,76,0,132,3,0,135,56,140,15,0,211,0,0,0,211
01/03/2022,MYR,SC,ASO,ES,Combined TRACON& Tower with Radar,47,4,4,0,55,0,0,5,1,6,47,4,9,1,61,0,0,0,61
01/04/2022,MYR,SC,ASO,ES,Combined TRACON& Tower with Radar,45,10,19,19,93,0,54,26,0,80,45,64,45,19,173,28,2,30,203
01/05/2022,MYR,SC,ASO,ES,Combined TRACON& Tower with Radar,41,6,17,26,90,0,10,5,0,15,41,16,22,26,105,52,8,60,165
01/06/2022,MYR,SC,ASO,ES,Combined TRACON& Tower with Radar,52,9,15,44,120,0,38,37,0,75,52,47,52,44,195,26,10,36,231
01/07/2022,MYR,SC,ASO,ES,Combined TRACON& Tower with Radar,44,7,11,40,102,0,24,31,0,55,44,31,42,40,157,16,22,38,195
01/08/2022,MYR,SC,ASO,ES,Combined TRACON& Tower with Radar,47,5,18,16,86,0,110,26,16,152,47,115,44,32,238,36,40,76,314
01/09/2022,MYR,SC,ASO,ES,Combined TRACON& Tower with Radar,53,4,28,11,96,0,76,13,4,93,53,80,41,15,189,4,4,8,197
01/10/2022,MYR,SC,ASO,ES,Combined TRACON& Tower with Radar,52,7,9,16,84,0,8,10,2,20,52,15,19,18,104,32,6,38,142
01/11/2022,MYR,SC,ASO,ES,Combined TRACON& Tower with Radar,45,10,9,14,78,0,24,18,5,47,45,34,27,19,125,48,0,48,173
01/12/2022,MYR,SC,ASO,ES,Combined TRACON& Tower with Radar,48,15,13,40,116,0,25,19,0,44,48,40,32,40,160,68,10,78,238
01/13/2022,MYR,SC,ASO,ES,Combined TRACON& Tower with Radar,55,11,15,20,101,0,22,30,7,59,55,33,45,27,160,38,16,54,214
01/14/2022,MYR,SC,ASO,ES,Combined TRACON& Tower with Radar,54,14,20,17,105,0,55,42,0,97,54,69,62,17,202,72,0,72,274
01/15/2022,MYR,SC,ASO,ES,Combined TRACON& Tower with Radar,45,4,1,1,51,0,93,21,0,114,45,97,22,1,165,50,0,50,215
01/16/2022,MYR,SC,ASO,ES,Combined TRACON& Tower with Radar,40,5,2,0,47,0,0,0,0,0,40,5,2,0,47,0,0,0,47
01/17/2022,MYR,SC,ASO,ES,Combined TRACON& Tower with Radar,40,8,0,0,48,0,12,3,0,15,40,20,3,0,63,2,0,2,65
01/18/2022,MYR,SC,ASO,ES,Combined TRACON& Tower with Radar,43,6,20,31,100,0,56,23,0,79,43,62,43,31,179,16,18,34,213
01/19/2022,MYR,SC,ASO,ES,Combined TRACON& Tower with Radar,42,8,29,35,114,0,22,39,4,65,42,30,68,39,179,64,28,92,271
01/20/2022,MYR,SC,ASO,ES,Combined TRACON& Tower with Radar,50,6,22,9,87,0,14,25,0,39,50,20,47,9,126,14,0,14,140
01/21/2022,MYR,SC,ASO,ES,Combined TRACON& Tower with Radar,29,4,3,0,36,0,0,0,0,0,29,4,3,0,36,0,0,0,36
01/22/2022,MYR,SC,ASO,ES,Combined TRACON& Tower with Radar,23,4,7,0,34,0,4,0,0,4,23,8,7,0,38,0,0,0,38
01/23/2022,MYR,SC,ASO,ES,Combined TRACON& Tower with Radar,51,5,22,0,78,0,35,40,0,75,51,40,62,0,153,14,0,14,167
01/24/2022,MYR,SC,ASO,ES,Combined TRACON& Tower with Radar,52,5,14,5,76,0,26,39,4,69,52,31,53,9,145,12,8,20,165
01/25/2022,MYR,SC,ASO,ES,Combined TRACON& Tower with Radar,43,9,15,20,87,0,10,24,0,34,43,19,39,20,121,66,0,66,187
01/26/2022,MYR,SC,ASO,ES,Combined TRACON& Tower with Radar,42,9,12,16,79,0,27,32,4,63,42,36,44,20,142,40,2,42,184
01/27/2022,MYR,SC,ASO,ES,Combined TRACON& Tower with Radar,58,8,12,27,105,0,44,44,0,88,58,52,56,27,193,36,12,48,241
01/28/2022,MYR,SC,ASO,ES,Combined TRACON& Tower with Radar,76,8,19,6,109,1,52,21,0,74,77,60,40,6,183,82,0,82,265
01/29/2022,MYR,SC,ASO,ES,Combined TRACON& Tower with Radar,30,6,8,2,46,0,40,0,2,42,30,46,8,4,88,0,10,10,98
01/30/2022,MYR,SC,ASO,ES,Combined TRACON& Tower with Radar,48,2,15,5,70,0,54,47,0,101,48,56,62,5,171,6,0,6,177
01/31/2022,MYR,SC,ASO,ES,Combined TRACON& Tower with Radar,50,7,18,15,90,0,29,29,2,60,50,36,47,17,150,34,0,34,184
02/01/2022,MYR,SC,ASO,ES,Combined TRACON& Tower with Radar,55,8,15,17,95,0,26,36,0,62,55,34,51,17,157,28,0,28,185
02/02/2022,MYR,SC,ASO,ES,Combined TRACON& Tower with Radar,41,7,26,70,144,0,42,33,0,75,41,49,59,70,219,46,44,90,309
02/03/2022,MYR,SC,ASO,ES,Combined TRACON& Tower with Radar,53,9,15,62,139,0,18,28,0,46,53,27,43,62,185,50,24,74,259
02/04/2022,MYR,SC,ASO,ES,Combined TRACON& Tower with Radar,48,6,9,36,99,0,34,0,4,38,48,40,9,40,137,2,30,32,169
02/05/2022,MYR,SC,ASO,ES,Combined TRACON& Tower with Radar,48,7,13,7,75,0,104,27,4,135,48,111,40,11,210,48,0,48,258
02/06/2022,MYR,SC,ASO,ES,Combined TRACON& Tower with Radar,53,5,19,13,90,0,44,24,1,69,53,49,43,14,159,18,0,18,177
02/07/2022,MYR,SC,ASO,ES,Combined TRACON& Tower with Radar,53,8,4,0,65,0,0,0,0,0,53,8,4,0,65,0,0,0,65
02/08/2022,MYR,SC,ASO,ES,Combined TRACON& Tower with Radar,44,6,31,22,103,0,28,16,0,44,44,34,47,22,147,52,0,52,199
02/09/2022,MYR,SC,ASO,ES,Combined TRACON& Tower with Radar,46,9,26,22,103,0,52,50,1,103,46,61,76,23,206,122,4,126,332
02/10/2022,MYR,SC,ASO,ES,Combined TRACON& Tower with Radar,53,10,23,19,105,0,39,40,1,80,53,49,63,20,185,98,24,122,307
02/11/2022,MYR,SC,ASO,ES,Combined TRACON& Tower with Radar,54,8,13,43,118,0,48,63,8,119,54,56,76,51,237,70,10,80,317
02/12/2022,MYR,SC,ASO,ES,Combined TRACON& Tower with Radar,48,5,20,28,101,0,233,38,2,273,48,238,58,30,374,82,14,96,470
02/13/2022,MYR,SC,ASO,ES,Combined TRACON& Tower with Radar,46,4,9,12,71,0,76,7,0,83,46,80,16,12,154,0,0,0,154
02/14/2022,MYR,SC,ASO,ES,Combined TRACON& Tower with Radar,49,6,12,8,75,0,80,24,0,104,49,86,36,8,179,18,4,22,201
02/15/2022,MYR,SC,ASO,ES,Combined TRACON& Tower with Radar,48,10,14,52,124,0,53,34,2,89,48,63,48,54,213,37,22,59,272
02/16/2022,MYR,SC,ASO,ES,Combined TRACON& Tower with Radar,46,13,23,5,87,0,24,27,3,54,46,37,50,8,141,52,0,52,193
02/17/2022,MYR,SC,ASO,ES,Combined TRACON& Tower with Radar,56,9,27,64,156,0,50,28,0,78,56,59,55,64,234,40,16,56,290
02/18/2022,MYR,SC,ASO,ES,Combined TRACON& Tower with Radar,57,11,11,0,79,0,52,4,0,56,57,63,15,0,135,12,0,12,147
02/19/2022,MYR,SC,ASO,ES,Combined TRACON& Tower with Radar,48,6,21,8,83,0,226,41,0,267,48,232,62,8,350,10,0,10,360
02/20/2022,MYR,SC,ASO,ES,Combined TRACON& Tower with Radar,54,8,24,0,86,0,212,20,0,232,54,220,44,0,318,48,0,48,366
02/21/2022,MYR,SC,ASO,ES,Combined TRACON& Tower with Radar,59,10,10,0,79,0,92,23,0,115,59,102,33,0,194,54,0,54,248
02/22/2022,MYR,SC,ASO,ES,Combined TRACON& Tower with Radar,48,11,41,37,137,0,50,45,0,95,48,61,86,37,232,58,10,68,300
02/23/2022,MYR,SC,ASO,ES,Combined TRACON& Tower with Radar,51,10,29,38,128,0,50,20,2,72,51,60,49,40,200,88,12,100,300
02/24/2022,MYR,SC,ASO,ES,Combined TRACON& Tower with Radar,60,12,25,15,112,0,100,26,1,127,60,112,51,16,239,26,4,30,269
02/25/2022,MYR,SC,ASO,ES,Combined TRACON& Tower with Radar,64,8,36,46,154,0,98,21,1,120,64,106,57,47,274,22,46,68,342
02/26/2022,MYR,SC,ASO,ES,Combined TRACON& Tower with Radar,50,5,24,4,83,0,254,3,2,259,50,259,27,6,342,26,0,26,368
02/27/2022,MYR,SC,ASO,ES,Combined TRACON& Tower with Radar,54,4,10,2,70,0,96,3,0,99,54,100,13,2,169,12,0,12,181
02/28/2022,MYR,SC,ASO,ES,Combined TRACON& Tower with Radar,59,6,13,14,92,0,58,46,0,104,59,64,59,14,196,36,26,62,258
03/01/2022,MYR,SC,ASO,ES,Combined TRACON& Tower with Radar,46,10,26,31,113,0,58,43,0,101,46,68,69,31,214,37,14,51,265
03/02/2022,MYR,SC,ASO,ES,Combined TRACON& Tower with Radar,50,9,25,30,114,0,56,42,1,99,50,65,67,31,213,100,0,100,313
03/03/2022,MYR,SC,ASO,ES,Combined TRACON& Tower with Radar,64,17,27,4,112,0,48,54,0,102,64,65,81,4,214,66,0,66,280
03/04/2022,MYR,SC,ASO,ES,Combined TRACON& Tower with Radar,65,10,19,32,126,0,68,23,2,93,65,78,42,34,219,56,8,64,283
03/05/2022,MYR,SC,ASO,ES,Combined TRACON& Tower with Radar,60,11,13,12,96,0,363,23,0,386,60,374,36,12,482,14,0,14,496
03/06/2022,MYR,SC,ASO,ES,Combined TRACON& Tower with Radar,63,6,21,2,92,0,234,21,0,255,63,240,42,2,347,20,2,22,369
03/07/2022,MYR,SC,ASO,ES,Combined TRACON& Tower with Radar,67,22,14,48,151,0,128,33,0,161,67,150,47,48,312,14,60,74,386
03/08/2022,MYR,SC,ASO,ES,Combined TRACON& Tower with Radar,62,7,16,20,105,0,112,13,1,126,62,119,29,21,231,38,0,38,269
03/09/2022,MYR,SC,ASO,ES,Combined TRACON& Tower with Radar,59,20,16,12,107,0,56,0,0,56,59,76,16,12,163,6,2,8,171
03/10/2022,MYR,SC,ASO,ES,Combined TRACON& Tower with Radar,76,10,19,9,114,0,26,0,0,26,76,36,19,9,140,0,0,0,140
03/11/2022,MYR,SC,ASO,ES,Combined TRACON& Tower with Radar,70,16,27,0,113,0,56,1,0,57,70,72,28,0,170,0,0,0,170
03/12/2022,MYR,SC,ASO,ES,Combined TRACON& Tower with Radar,63,15,6,0,84,0,12,1,0,13,63,27,7,0,97,0,0,0,97
03/13/2022,MYR,SC,ASO,ES,Combined TRACON& Tower with Radar,65,6,39,0,110,0,202,36,0,238,65,208,75,0,348,50,0,50,398
03/14/2022,MYR,SC,ASO,ES,Combined TRACON& Tower with Radar,72,6,24,17,119,0,138,54,0,192,72,144,78,17,311,62,18,80,391
03/15/2022,MYR,SC,ASO,ES,Combined TRACON& Tower with Radar,65,12,39,18,134,0,200,49,4,253,65,212,88,22,387,72,8,80,467
03/16/2022,MYR,SC,ASO,ES,Combined TRACON& Tower with Radar,68,11,22,5,106,0,94,0,0,94,68,105,22,5,200,4,0,4,204
03/17/2022,MYR,SC,ASO,ES,Combined TRACON& Tower with Radar,68,14,44,35,161,0,161,12,0,173,68,175,56,35,334,18,0,18,352
03/18/2022,MYR,SC,ASO,ES,Combined TRACON& Tower with Radar,73,11,19,10,113,0,296,30,0,326,73,307,49,10,439,54,2,56,495
03/19/2022,MYR,SC,ASO,ES,Combined TRACON& Tower with Radar,71,8,13,2,94,0,355,3,0,358,71,363,16,2,452,0,0,0,452
03/20/2022,MYR,SC,ASO,ES,Combined TRACON& Tower with Radar,74,11,27,0,112,0,272,13,0,285,74,283,40,0,397,0,0,0,397
03/21/2022,MYR,SC,ASO,ES,Combined TRACON& Tower with Radar,77,7,32,22,138,0,156,42,0,198,77,163,74,22,336,52,0,52,388
03/22/2022,MYR,SC,ASO,ES,Combined TRACON& Tower with Radar,65,8,19,64,156,0,219,59,2,280,65,227,78,66,436,40,42,82,518
03/23/2022,MYR,SC,ASO,ES,Combined TRACON& Tower with Radar,69,13,14,42,138,0,101,7,9,117,69,114,21,51,255,34,32,66,321
03/24/2022,MYR,SC,ASO,ES,Combined TRACON& Tower with Radar,70,11,13,0,94,0,14,0,0,14,70,25,13,0,108,0,0,0,108
03/25/2022,MYR,SC,ASO,ES,Combined TRACON& Tower with Radar,76,9,24,15,124,0,212,34,1,247,76,221,58,16,371,28,0,28,399
03/26/2022,MYR,SC,ASO,ES,Combined TRACON& Tower with Radar,73,10,9,0,92,0,266,8,0,274,73,276,17,0,366,16,0,16,382
03/27/2022,MYR,SC,ASO,ES,Combined TRACON& Tower with Radar,74,5,8,0,87,0,335,31,0,366,74,340,39,0,453,28,0,28,481
03/28/2022,MYR,SC,ASO,ES,Combined TRACON& Tower with Radar,82,10,19,18,129,0,216,32,3,251,82,226,51,21,380,56,6,62,442
03/29/2022,MYR,SC,ASO,ES,Combined TRACON& Tower with Radar,72,8,13,2,95,0,215,38,2,255,72,223,51,4,350,82,0,82,432
03/30/2022,MYR,SC,ASO,ES,Combined TRACON& Tower with Radar,73,9,29,6,117,0,170,10,1,181,73,179,39,7,298,42,4,46,344
03/31/2022,MYR,SC,ASO,ES,Combined TRACON& Tower with Radar,74,15,3,4,96,0,32,1,0,33,74,47,4,4,129,0,4,4,133
04/01/2022,MYR,SC,ASO,ES,Combined TRACON& Tower with Radar,81,15,12,4,112,0,242,30,2,274,81,257,42,6,386,2,2,4,390
04/02/2022,MYR,SC,ASO,ES,Combined TRACON& Tower with Radar,65,10,19,0,94,0,388,33,0,421,65,398,52,0,515,32,0,32,547
04/03/2022,MYR,SC,ASO,ES,Combined TRACON& Tower with Radar,62,3,27,0,92,0,306,31,0,337,62,309,58,0,429,40,0,40,469
04/04/2022,MYR,SC,ASO,ES,Combined TRACON& Tower with Radar,81,12,21,3,117,0,234,39,0,273,81,246,60,3,390,64,0,64,454
04/05/2022,MYR,SC,ASO,ES,Combined TRACON& Tower with Radar,67,7,21,14,109,0,181,26,2,209,67,188,47,16,318,66,8,74,392
04/06/2022,MYR,SC,ASO,ES,Combined TRACON& Tower with Radar,70,9,16,19,114,0,275,3,0,278,70,284,19,19,392,70,6,76,468
04/07/2022,MYR,SC,ASO,ES,Combined TRACON& Tower with Radar,76,11,25,2,114,0,212,4,0,216,76,223,29,2,330,0,0,0,330
04/08/2022,MYR,SC,ASO,ES,Combined TRACON& Tower with Radar,89,5,23,10,127,0,309,33,0,342,89,314,56,10,469,34,0,34,503
04/09/2022,MYR,SC,ASO,ES,Combined TRACON& Tower with Radar,73,12,16,1,102,0,448,10,0,458,73,460,26,1,560,14,0,14,574
04/10/2022,MYR,SC,ASO,ES,Combined TRACON& Tower with Radar,71,5,17,8,101,0,358,15,0,373,71,363,32,8,474,4,0,4,478
04/11/2022,MYR,SC,ASO,ES,Combined TRACON& Tower with Radar,85,5,25,21,136,0,300,43,2,345,85,305,68,23,481,108,12,120,601
04/12/2022,MYR,SC,ASO,ES,Combined TRACON& Tower with Radar,71,9,29,17,126,0,352,38,4,394,71,361,67,21,520,82,0,82,602
04/13/2022,MYR,SC,ASO,ES,Combined TRACON& Tower with Radar,76,8,37,40,161,0,384,25,0,409,76,392,62,40,570,74,10,84,654
04/14/2022,MYR,SC,ASO,ES,Combined TRACON& Tower with Radar,78,15,31,15,139,0,404,23,0,427,78,419,54,15,566,12,6,18,584
04/15/2022,MYR,SC,ASO,ES,Combined TRACON& Tower with Radar,91,12,20,4,127,0,454,29,0,483,91,466,49,4,610,0,0,0,610
04/16/2022,MYR,SC,ASO,ES,Combined TRACON& Tower with Radar,80,6,20,0,106,0,468,10,1,479,80,474,30,1,585,12,0,12,597
04/17/2022,MYR,SC,ASO,ES,Combined TRACON& Tower with Radar,76,3,20,0,99,0,495,23,0,518,76,498,43,0,617,0,0,0,617
04/18/2022,MYR,SC,ASO,ES,Combined TRACON& Tower with Radar,85,12,18,3,118,0,2,0,0,2,85,14,18,3,120,0,0,0,120
04/19/2022,MYR,SC,ASO,ES,Combined TRACON& Tower with Radar,74,9,17,9,109,0,386,56,1,443,74,395,73,10,552,72,2,74,626
04/20/2022,MYR,SC,ASO,ES,Combined TRACON& Tower with Radar,92,11,23,9,135,0,388,49,2,439,92,399,72,11,574,62,0,62,636
04/21/2022,MYR,SC,ASO,ES,Combined TRACON& Tower with Radar,92,7,42,18,159,0,328,52,2,382,92,335,94,20,541,44,0,44,585
04/22/2022,MYR,SC,ASO,ES,Combined TRACON& Tower with Radar,112,13,27,10,162,0,298,30,1,329,112,311,57,11,491,46,0,46,537
04/23/2022,MYR,SC,ASO,ES,Combined TRACON& Tower with Radar,100,7,29,0,136,0,516,36,0,552,100,523,65,0,688,16,0,16,704
04/24/2022,MYR,SC,ASO,ES,Combined TRACON& Tower with Radar,89,13,21,3,126,0,406,31,0,437,89,419,52,3,563,2,0,2,565
04/25/2022,MYR,SC,ASO,ES,Combined TRACON& Tower with Radar,108,6,22,26,162,0,185,36,0,221,108,191,58,26,383,38,12,50,433
04/26/2022,MYR,SC,ASO,ES,Combined TRACON& Tower with Radar,85,14,21,34,154,0,121,25,2,148,85,135,46,36,302,60,8,68,370
04/27/2022,MYR,SC,ASO,ES,Combined TRACON& Tower with Radar,93,12,17,19,141,0,194,22,4,220,93,206,39,23,361,84,26,110,471
04/28/2022,MYR,SC,ASO,ES,Combined TRACON& Tower with Radar,94,11,26,7,138,0,186,23,0,209,94,197,49,7,347,48,0,48,395
04/29/2022,MYR,SC,ASO,ES,Combined TRACON& Tower with Radar,107,11,28,90,236,0,161,33,0,194,107,172,61,90,430,86,18,104,534
04/30/2022,MYR,SC,ASO,ES,Combined TRACON& Tower with Radar,97,11,17,2,127,0,443,41,0,484,97,454,58,2,611,46,0,46,657
05/01/2022,MYR,SC,ASO,ES,Combined TRACON& Tower with Radar,94,8,21,2,125,0,328,22,0,350,94,336,43,2,475,27,0,27,502
05/02/2022,MYR,SC,ASO,ES,Combined TRACON& Tower with Radar,104,10,24,15,153,0,180,30,0,210,104,190,54,15,363,52,0,52,415
05/03/2022,MYR,SC,ASO,ES,Combined TRACON& Tower with Radar,90,10,17,14,131,0,128,13,4,145,90,138,30,18,276,54,10,64,340
05/04/2022,MYR,SC,ASO,ES,Combined TRACON& Tower with Radar,94,8,22,12,136,0,142,12,0,154,94,150,34,12,290,32,18,50,340
05/05/2022,MYR,SC,ASO,ES,Combined TRACON& Tower with Radar,103,15,24,33,175,0,114,32,2,148,103,129,56,35,323,0,0,0,323
05/06/2022,MYR,SC,ASO,ES,Combined TRACON& Tower with Radar,136,21,25,13,195,0,154,10,3,167,136,175,35,16,362,10,20,30,392
05/07/2022,MYR,SC,ASO,ES,Combined TRACON& Tower with Radar,114,5,18,0,137,0,391,13,0,404,114,396,31,0,541,40,0,40,581
05/08/2022,MYR,SC,ASO,ES,Combined TRACON& Tower with Radar,107,8,16,0,131,0,400,7,1,408,107,408,23,1,539,0,0,0,539
05/09/2022,MYR,SC,ASO,ES,Combined TRACON& Tower with Radar,110,9,19,13,151,0,157,22,1,180,110,166,41,14,331,94,20,114,445
05/10/2022,MYR,SC,ASO,ES,Combined TRACON& Tower with Radar,102,6,30,6,144,0,158,19,0,177,102,164,49,6,321,64,6,70,391
05/11/2022,MYR,SC,ASO,ES,Combined TRACON& Tower with Radar,98,7,24,47,176,0,198,29,1,228,98,205,53,48,404,12,24,36,440
05/12/2022,MYR,SC,ASO,ES,Combined TRACON& Tower with Radar,109,15,15,9,148,0,44,3,0,47,109,59,18,9,195,0,0,0,195
05/13/2022,MYR,SC,ASO,ES,Combined TRACON& Tower with Radar,109,12,16,0,137,0,145,4,0,149,109,157,20,0,286,2,0,2,288
05/14/2022,MYR,SC,ASO,ES,Combined TRACON& Tower with Radar,105,8,17,2,132,0,414,9,0,423,105,422,26,2,555,0,0,0,555
05/15/2022,MYR,SC,ASO,ES,Combined TRACON& Tower with Radar,107,8,30,2,147,0,394,21,2,417,107,402,51,4,564,6,0,6,570
05/16/2022,MYR,SC,ASO,ES,Combined TRACON& Tower with Radar,97,7,16,7,127,0,251,35,2,288,97,258,51,9,415,32,0,32,447
05/17/2022,MYR,SC,ASO,ES,Combined TRACON& Tower with Radar,101,8,22,8,139,0,215,61,0,276,101,223,83,8,415,30,0,30,445
05/18/2022,MYR,SC,ASO,ES,Combined TRACON& Tower with Radar,100,7,27,20,154,0,234,29,0,263,100,241,56,20,417,44,20,64,481
05/19/2022,MYR,SC,ASO,ES,Combined TRACON& Tower with Radar,109,9,17,14,149,0,184,29,8,221,109,193,46,22,370,54,4,58,428
05/20/2022,MYR,SC,ASO,ES,Combined TRACON& Tower with Radar,109,11,25,33,178,0,310,30,0,340,109,321,55,33,518,10,20,30,548
05/21/2022,MYR,SC,ASO,ES,Combined TRACON& Tower with Radar,111,6,11,27,155,0,453,17,6,476,111,459,28,33,631,14,0,14,645
05/22/2022,MYR,SC,ASO,ES,Combined TRACON& Tower with Radar,106,7,15,2,130,0,369,13,0,382,106,376,28,2,512,6,0,6,518
05/23/2022,MYR,SC,ASO,ES,Combined TRACON& Tower with Radar,114,7,28,34,183,0,174,10,0,184,114,181,38,34,367,38,18,56,423
05/24/2022,MYR,SC,ASO,ES,Combined TRACON& Tower with Radar,103,10,16,19,148,0,211,8,1,220,103,221,24,20,368,16,20,36,404
05/25/2022,MYR,SC,ASO,ES,Combined TRACON& Tower with Radar,104,7,35,29,175,0,285,9,1,295,104,292,44,30,470,26,36,62,532
05/26/2022,MYR,SC,ASO,ES,Combined TRACON& Tower with Radar,121,11,50,12,194,0,205,6,4,215,121,216,56,16,409,2,2,4,413
05/27/2022,MYR,SC,ASO,ES,Combined TRACON& Tower with Radar,111,8,13,0,132,0,70,8,3,81,111,78,21,3,213,2,0,2,215
05/28/2022,MYR,SC,ASO,ES,Combined TRACON& Tower with Radar,120,9,21,0,150,0,642,20,8,670,120,651,41,8,820,28,0,28,848
05/29/2022,MYR,SC,ASO,ES,Combined TRACON& Tower with Radar,111,7,18,4,140,0,787,34,8,829,111,794,52,12,969,6,0,6,975
05/30/2022,MYR,SC,ASO,ES,Combined TRACON& Tower with Radar,123,12,24,1,160,0,583,36,2,621,123,595,60,3,781,28,0,28,809
05/31/2022,MYR,SC,ASO,ES,Combined TRACON& Tower with Radar,99,10,14,20,143,0,338,40,0,378,99,348,54,20,521,52,0,52,573
06/01/2022,MYR,SC,ASO,ES,Combined TRACON& Tower with Radar,106,9,21,21,157,0,326,27,6,359,106,335,48,27,516,36,8,44,560
06/02/2022,MYR,SC,ASO,ES,Combined TRACON& Tower with Radar,120,11,20,36,187,0,343,33,2,378,120,354,53,38,565,8,0,8,573
06/03/2022,MYR,SC,ASO,ES,Combined TRACON& Tower with Radar,117,8,20,14,159,0,133,22,0,155,117,141,42,14,314,0,0,0,314
06/04/2022,MYR,SC,ASO,ES,Combined TRACON& Tower with Radar,139,9,19,1,168,0,298,4,0,302,139,307,23,1,470,4,0,4,474
06/05/2022,MYR,SC,ASO,ES,Combined TRACON& Tower with Radar,122,5,16,0,143,0,518,27,0,545,122,523,43,0,688,10,0,10,698
06/06/2022,MYR,SC,ASO,ES,Combined TRACON& Tower with Radar,128,4,22,18,172,0,300,35,0,335,128,304,57,18,507,30,0,30,537
06/07/2022,MYR,SC,ASO,ES,Combined TRACON& Tower with Radar,114,4,19,33,170,0,362,46,3,411,114,366,65,36,581,62,8,70,651
06/08/2022,MYR,SC,ASO,ES,Combined TRACON& Tower with Radar,121,6,33,19,179,0,412,14,1,427,121,418,47,20,606,40,2,42,648
06/09/2022,MYR,SC,ASO,ES,Combined TRACON& Tower with Radar,128,8,18,20,174,0,406,13,0,419,128,414,31,20,593,18,2,20,613
06/10/2022,MYR,SC,ASO,ES,Combined TRACON& Tower with Radar,131,5,41,30,207,0,499,40,0,539,131,504,81,30,746,30,18,48,794
06/11/2022,MYR,SC,ASO,ES,Combined TRACON& Tower with Radar,166,8,20,6,200,0,523,15,2,540,166,531,35,8,740,0,12,12,752
06/12/2022,MYR,SC,ASO,ES,Combined TRACON& Tower with Radar,126,7,14,33,180,0,311,7,0,318,126,318,21,33,498,0,12,12,510
06/13/2022,MYR,SC,ASO,ES,Combined TRACON& Tower with Radar,132,10,33,14,189,0,323,26,3,352,132,333,59,17,541,60,6,66,607
06/14/2022,MYR,SC,ASO,ES,Combined TRACON& Tower with Radar,115,4,32,20,171,0,360,23,0,383,115,364,55,20,554,26,12,38,592
06/15/2022,MYR,SC,ASO,ES,Combined TRACON& Tower with Radar,123,2,15,28,168,0,512,49,1,562,123,514,64,29,730,58,6,64,794
06/16/2022,MYR,SC,ASO,ES,Combined TRACON& Tower with Radar,116,2,36,6,160,0,542,29,2,573,116,544,65,8,733,12,0,12,745
06/17/2022,MYR,SC,ASO,ES,Combined TRACON& Tower with Radar,120,9,18,13,160,0,591,27,2,620,120,600,45,15,780,28,12,40,820
06/18/2022,MYR,SC,ASO,ES,Combined TRACON& Tower with Radar,160,9,33,2,204,0,637,13,0,650,160,646,46,2,854,6,0,6,860
06/19/2022,MYR,SC,ASO,ES,Combined TRACON& Tower with Radar,127,12,20,0,159,0,777,32,0,809,127,789,52,0,968,10,0,10,978
06/20/2022,MYR,SC,ASO,ES,Combined TRACON& Tower with Radar,133,11,19,2,165,0,506,34,0,540,133,517,53,2,705,40,0,40,745
06/21/2022,MYR,SC,ASO,ES,Combined TRACON& Tower with Radar,118,3,30,23,174,0,434,37,2,473,118,437,67,25,647,66,0,66,713
06/22/2022,MYR,SC,ASO,ES,Combined TRACON& Tower with Radar,116,6,27,29,178,0,530,37,2,569,116,536,64,31,747,58,0,58,805
06/23/2022,MYR,SC,ASO,ES,Combined TRACON& Tower with Radar,128,6,16,53,203,0,512,24,3,539,128,518,40,56,742,24,50,74,816
06/24/2022,MYR,SC,ASO,ES,Combined TRACON& Tower with Radar,132,14,24,13,183,0,638,28,5,671,132,652,52,18,854,98,0,98,952
06/25/2022,MYR,SC,ASO,ES,Combined TRACON& Tower with Radar,169,12,15,6,202,0,631,25,0,656,169,643,40,6,858,38,0,38,896
06/26/2022,MYR,SC,ASO,ES,Combined TRACON& Tower with Radar,127,8,19,16,170,0,481,20,0,501,127,489,39,16,671,0,0,0,671
06/27/2022,MYR,SC,ASO,ES,Combined TRACON& Tower with Radar,127,11,23,37,198,0,455,24,1,480,127,466,47,38,678,66,18,84,762
06/28/2022,MYR,SC,ASO,ES,Combined TRACON& Tower with Radar,119,9,15,2,145,0,379,0,0,379,119,388,15,2,524,0,0,0,524
06/29/2022,MYR,SC,ASO,ES,Combined TRACON& Tower with Radar,125,9,16,13,163,0,374,1,0,375,125,383,17,13,538,30,0,30,568
06/30/2022,MYR,SC,ASO,ES,Combined TRACON& Tower with Radar,130,7,27,7,171,0,551,15,0,566,130,558,42,7,737,22,0,22,759
07/01/2022,MYR,SC,ASO,ES,Combined TRACON& Tower with Radar,128,16,27,1,172,0,442,3,0,445,128,458,30,1,617,0,0,0,617
07/02/2022,MYR,SC,ASO,ES,Combined TRACON& Tower with Radar,163,11,13,0,187,0,628,3,0,631,163,639,16,0,818,0,0,0,818
07/03/2022,MYR,SC,ASO,ES,Combined TRACON& Tower with Radar,129,2,5,0,136,0,916,9,0,925,129,918,14,0,1061,12,0,12,1073
07/04/2022,MYR,SC,ASO,ES,Combined TRACON& Tower with Radar,124,3,17,0,144,0,631,6,0,637,124,634,23,0,781,8,0,8,789
07/05/2022,MYR,SC,ASO,ES,Combined TRACON& Tower with Radar,106,8,23,4,141,0,810,24,2,836,106,818,47,6,977,138,0,138,1115
07/06/2022,MYR,SC,ASO,ES,Combined TRACON& Tower with Radar,126,5,14,15,160,0,816,40,1,857,126,821,54,16,1017,62,10,72,1089
07/07/2022,MYR,SC,ASO,ES,Combined TRACON& Tower with Radar,125,7,18,2,152,0,696,34,0,730,125,703,52,2,882,28,0,28,910
07/08/2022,MYR,SC,ASO,ES,Combined TRACON& Tower with Radar,129,6,21,2,158,0,569,27,0,596,129,575,48,2,754,48,0,48,802
07/09/2022,MYR,SC,ASO,ES,Combined TRACON& Tower with Radar,177,17,17,0,211,0,716,16,0,732,177,733,33,0,943,14,0,14,957
07/10/2022,MYR,SC,ASO,ES,Combined TRACON& Tower with Radar,130,13,15,0,158,0,335,1,0,336,130,348,16,0,494,0,0,0,494
07/11/2022,MYR,SC,ASO,ES,Combined TRACON& Tower with Radar,124,9,20,6,159,0,348,9,0,357,124,357,29,6,516,16,0,16,532
07/12/2022,MYR,SC,ASO,ES,Combined TRACON& Tower with Radar,109,5,30,14,158,0,296,6,0,302,109,301,36,14,460,56,0,56,516
07/13/2022,MYR,SC,ASO,ES,Combined TRACON& Tower with Radar,119,9,22,2,152,0,482,25,0,507,119,491,47,2,659,40,0,40,699
07/14/2022,MYR,SC,ASO,ES,Combined TRACON& Tower with Radar,125,4,27,6,162,0,615,31,3,649,125,619,58,9,811,40,0,40,851
07/15/2022,MYR,SC,ASO,ES,Combined TRACON& Tower with Radar,135,14,17,0,166,0,635,12,1,648,135,649,29,1,814,10,0,10,824
07/16/2022,MYR,SC,ASO,ES,Combined TRACON& Tower with Radar,171,15,24,1,211,0,779,14,0,793,171,794,38,1,1004,30,0,30,1034
07/17/2022,MYR,SC,ASO,ES,Combined TRACON& Tower with Radar,129,6,19,0,154,0,838,25,1,864,129,844,44,1,1018,2,0,2,1020
07/18/2022,MYR,SC,ASO,ES,Combined TRACON& Tower with Radar,114,5,11,9,139,0,598,9,1,608,114,603,20,10,747,18,4,22,769
07/19/2022,MYR,SC,ASO,ES,Combined TRACON& Tower with Radar,112,8,19,11,150,0,670,22,2,694,112,678,41,13,844,84,0,84,928
07/20/2022,MYR,SC,ASO,ES,Combined TRACON& Tower with Radar,121,12,21,3,157,0,678,32,0,710,121,690,53,3,867,56,0,56,923
07/21/2022,MYR,SC,ASO,ES,Combined TRACON& Tower with Radar,129,8,28,5,170,0,659,6,1,666,129,667,34,6,836,36,0,36,872
07/22/2022,MYR,SC,ASO,ES,Combined TRACON& Tower with Radar,131,8,25,28,192,0,193,24,0,217,131,201,49,28,409,8,8,16,425
07/23/2022,MYR,SC,ASO,ES,Combined TRACON& Tower with Radar,169,11,20,0,200,0,317,18,0,335,169,328,38,0,535,4,0,4,539
07/24/2022,MYR,SC,ASO,ES,Combined TRACON& Tower with Radar,132,6,14,0,152,0,321,20,0,341,132,327,34,0,493,0,0,0,493
07/25/2022,MYR,SC,ASO,ES,Combined TRACON& Tower with Radar,117,9,14,21,161,0,319,21,2,342,117,328,35,23,503,62,28,90,593
07/26/2022,MYR,SC,ASO,ES,Combined TRACON& Tower with Radar,112,8,21,29,170,0,308,23,1,332,112,316,44,30,502,50,0,50,552
07/27/2022,MYR,SC,ASO,ES,Combined TRACON& Tower with Radar,122,6,18,4,150,0,279,42,0,321,122,285,60,4,471,56,0,56,527
07/28/2022,MYR,SC,ASO,ES,Combined TRACON& Tower with Radar,126,7,23,29,185,0,311,35,4,350,126,318,58,33,535,62,14,76,611
07/29/2022,MYR,SC,ASO,ES,Combined TRACON& Tower with Radar,131,11,36,2,180,0,580,48,0,628,131,591,84,2,808,52,0,52,860
07/30/2022,MYR,SC,ASO,ES,Combined TRACON& Tower with Radar,176,15,13,5,209,0,459,19,0,478,176,474,32,5,687,30,0,30,717
07/31/2022,MYR,SC,ASO,ES,Combined TRACON& Tower with Radar,134,1,9,0,144,0,530,16,0,546,134,531,25,0,690,32,0,32,722
08/01/2022,MYR,SC,ASO,ES,Combined TRACON& Tower with Radar,136,7,14,45,202,0,492,30,4,526,136,499,44,49,728,32,26,58,786
08/02/2022,MYR,SC,ASO,ES,Combined TRACON& Tower with Radar,112,6,15,2,135,0,516,37,0,553,112,522,52,2,688,100,0,100,788
08/03/2022,MYR,SC,ASO,ES,Combined TRACON& Tower with Radar,118,4,26,16,164,0,599,29,2,630,118,603,55,18,794,36,8,44,838
08/04/2022,MYR,SC,ASO,ES,Combined TRACON& Tower with Radar,125,14,34,13,186,0,642,28,2,672,125,656,62,15,858,56,0,56,914
08/05/2022,MYR,SC,ASO,ES,Combined TRACON& Tower with Radar,118,21,35,52,226,0,604,60,0,664,118,625,95,52,890,14,36,50,940
08/06/2022,MYR,SC,ASO,ES,Combined TRACON& Tower with Radar,173,5,27,0,205,0,689,21,0,710,173,694,48,0,915,24,0,24,939
08/07/2022,MYR,SC,ASO,ES,Combined TRACON& Tower with Radar,121,6,25,5,157,0,658,11,0,669,121,664,36,5,826,0,0,0,826
08/08/2022,MYR,SC,ASO,ES,Combined TRACON& Tower with Radar,123,3,11,1,138,0,401,21,7,429,123,404,32,8,567,88,0,88,655
08/09/2022,MYR,SC,ASO,ES,Combined TRACON& Tower with Radar,108,7,22,7,144,0,372,31,7,410,108,379,53,14,554,56,6,62,616
08/10/2022,MYR,SC,ASO,ES,Combined TRACON& Tower with Radar,116,5,48,30,199,0,499,33,11,543,116,504,81,41,742,74,16,90,832
08/11/2022,MYR,SC,ASO,ES,Combined TRACON& Tower with Radar,126,8,24,10,168,0,516,29,2,547,126,524,53,12,715,0,0,0,715
08/12/2022,MYR,SC,ASO,ES,Combined TRACON& Tower with Radar,135,13,27,0,175,0,140,8,3,151,135,153,35,3,326,4,0,4,330
08/13/2022,MYR,SC,ASO,ES,Combined TRACON& Tower with Radar,169,5,20,4,198,0,638,43,3,684,169,643,63,7,882,14,0,14,896
08/14/2022,MYR,SC,ASO,ES,Combined TRACON& Tower with Radar,126,8,21,4,159,0,661,32,3,696,126,669,53,7,855,14,0,14,869
08/15/2022,MYR,SC,ASO,ES,Combined TRACON& Tower with Radar,122,12,18,7,159,0,470,25,0,495,122,482,43,7,654,73,0,73,727
08/16/2022,MYR,SC,ASO,ES,Combined TRACON& Tower with Radar,112,11,16,17,156,0,330,4,0,334,112,341,20,17,490,18,0,18,508
08/17/2022,MYR,SC,ASO,ES,Combined TRACON& Tower with Radar,108,5,18,10,141,0,443,39,3,485,108,448,57,13,626,64,2,66,692
08/18/2022,MYR,SC,ASO,ES,Combined TRACON& Tower with Radar,115,9,15,19,158,0,450,25,0,475,115,459,40,19,633,16,4,20,653
08/19/2022,MYR,SC,ASO,ES,Combined TRACON& Tower with Radar,120,8,19,4,151,0,12,2,1,15,120,20,21,5,166,0,0,0,166
08/20/2022,MYR,SC,ASO,ES,Combined TRACON& Tower with Radar,141,17,30,3,191,0,603,3,0,606,141,620,33,3,797,14,0,14,811
08/21/2022,MYR,SC,ASO,ES,Combined TRACON& Tower with Radar,117,4,11,3,135,0,320,4,0,324,117,324,15,3,459,6,0,6,465
08/22/2022,MYR,SC,ASO,ES,Combined TRACON& Tower with Radar,111,3,12,4,130,0,268,31,0,299,111,271,43,4,429,58,0,58,487
08/23/2022,MYR,SC,ASO,ES,Combined TRACON& Tower with Radar,102,34,19,14,169,0,290,5,2,297,102,324,24,16,466,34,0,34,500
08/24/2022,MYR,SC,ASO,ES,Combined TRACON& Tower with Radar,108,4,24,15,151,0,347,18,0,365,108,351,42,15,516,106,4,110,626
08/25/2022,MYR,SC,ASO,ES,Combined TRACON& Tower with Radar,116,9,20,7,152,0,335,15,0,350,116,344,35,7,502,18,10,28,530
08/26/2022,MYR,SC,ASO,ES,Combined TRACON& Tower with Radar,119,9,27,2,157,0,333,49,0,382,119,342,76,2,539,16,0,16,555
08/27/2022,MYR,SC,ASO,ES,Combined TRACON& Tower with Radar,136,7,18,1,162,0,580,31,0,611,136,587,49,1,773,34,0,34,807
08/28/2022,MYR,SC,ASO,ES,Combined TRACON& Tower with Radar,116,3,23,2,144,0,456,9,0,465,116,459,32,2,609,0,0,0,609
08/29/2022,MYR,SC,ASO,ES,Combined TRACON& Tower with Radar,118,5,16,9,148,0,142,3,0,145,118,147,19,9,293,22,0,22,315
08/30/2022,MYR,SC,ASO,ES,Combined TRACON& Tower with Radar,102,6,32,6,146,0,180,10,2,192,102,186,42,8,338,28,0,28,366
08/31/2022,MYR,SC,ASO,ES,Combined TRACON& Tower with Radar,110,17,28,11,166,0,187,37,3,227,110,204,65,14,393,52,0,52,445
09/01/2022,MYR,SC,ASO,ES,Combined TRACON& Tower with Radar,113,10,29,15,167,0,177,49,2,228,113,187,78,17,395,14,0,14,409
09/02/2022,MYR,SC,ASO,ES,Combined TRACON& Tower with Radar,126,10,25,2,163,0,260,55,0,315,126,270,80,2,478,20,0,20,498
09/03/2022,MYR,SC,ASO,ES,Combined TRACON& Tower with Radar,130,4,16,2,152,0,561,13,1,575,130,565,29,3,727,12,0,12,739
09/04/2022,MYR,SC,ASO,ES,Combined TRACON& Tower with Radar,110,5,6,0,121,0,620,22,0,642,110,625,28,0,763,20,0,20,783
09/05/2022,MYR,SC,ASO,ES,Combined TRACON& Tower with Radar,125,3,30,0,158,0,591,21,0,612,125,594,51,0,770,110,0,110,880
09/06/2022,MYR,SC,ASO,ES,Combined TRACON& Tower with Radar,110,5,22,7,144,0,224,36,0,260,110,229,58,7,404,82,12,94,498
09/07/2022,MYR,SC,ASO,ES,Combined TRACON& Tower with Radar,106,12,27,17,162,0,120,29,0,149,106,132,56,17,311,28,6,34,345
09/08/2022,MYR,SC,ASO,ES,Combined TRACON& Tower with Radar,110,8,25,8,151,0,142,8,6,156,110,150,33,14,307,16,6,22,329
09/09/2022,MYR,SC,ASO,ES,Combined TRACON& Tower with Radar,111,9,27,23,170,0,222,7,0,229,111,231,34,23,399,12,8,20,419
09/10/2022,MYR,SC,ASO,ES,Combined TRACON& Tower with Radar,108,8,9,4,129,0,234,2,0,236,108,242,11,4,365,0,0,0,365
09/11/2022,MYR,SC,ASO,ES,Combined TRACON& Tower with Radar,116,5,7,2,130,0,104,3,0,107,116,109,10,2,237,4,0,4,241
09/12/2022,MYR,SC,ASO,ES,Combined TRACON& Tower with Radar,110,8,9,18,145,0,118,15,3,136,110,126,24,21,281,24,0,24,305
09/13/2022,MYR,SC,ASO,ES,Combined TRACON& Tower with Radar,107,6,32,29,174,0,153,42,1,196,107,159,74,30,370,84,6,90,460
09/14/2022,MYR,SC,ASO,ES,Combined TRACON& Tower with Radar,106,8,34,19,167,0,177,51,2,230,106,185,85,21,397,52,8,60,457
09/15/2022,MYR,SC,ASO,ES,Combined TRACON& Tower with Radar,111,7,21,39,178,0,193,34,0,227,111,200,55,39,405,56,0,56,461
09/16/2022,MYR,SC,ASO,ES,Combined TRACON& Tower with Radar,108,8,26,2,144,0,189,43,1,233,108,197,69,3,377,58,0,58,435
09/17/2022,MYR,SC,ASO,ES,Combined TRACON& Tower with Radar,109,4,20,0,133,0,391,18,0,409,109,395,38,0,542,28,0,28,570
09/18/2022,MYR,SC,ASO,ES,Combined TRACON& Tower with Radar,111,3,22,7,143,0,326,27,0,353,111,329,49,7,496,8,0,8,504
09/19/2022,MYR,SC,ASO,ES,Combined TRACON& Tower with Radar,112,2,19,13,146,0,114,32,1,147,112,116,51,14,293,64,10,74,367
09/20/2022,MYR,SC,ASO,ES,Combined TRACON& Tower with Radar,103,5,18,21,147,0,86,48,2,136,103,91,66,23,283,42,0,42,325
09/21/2022,MYR,SC,ASO,ES,Combined TRACON& Tower with Radar,105,8,26,31,170,0,148,39,6,193,105,156,65,37,363,30,16,46,409
09/22/2022,MYR,SC,ASO,ES,Combined TRACON& Tower with Radar,108,12,27,22,169,0,119,38,0,157,108,131,65,22,326,32,4,36,362
09/23/2022,MYR,SC,ASO,ES,Combined TRACON& Tower with Radar,112,8,28,13,161,0,146,42,0,188,112,154,70,13,349,36,0,36,385
09/24/2022,MYR,SC,ASO,ES,Combined TRACON& Tower with Radar,106,5,17,0,128,0,414,20,0,434,106,419,37,0,562,6,0,6,568
09/25/2022,MYR,SC,ASO,ES,Combined TRACON& Tower with Radar,111,5,7,0,123,0,280,16,2,298,111,285,23,2,421,0,0,0,421
09/26/2022,MYR,SC,ASO,ES,Combined TRACON& Tower with Radar,111,7,19,32,169,0,133,28,0,161,111,140,47,32,330,28,16,44,374
09/27/2022,MYR,SC,ASO,ES,Combined TRACON& Tower with Radar,104,10,22,5,141,0,120,30,2,152,104,130,52,7,293,52,2,54,347
09/28/2022,MYR,SC,ASO,ES,Combined TRACON& Tower with Radar,102,10,18,8,138,0,132,21,2,155,102,142,39,10,293,36,0,36,329
09/29/2022,MYR,SC,ASO,ES,Combined TRACON& Tower with Radar,92,4,7,0,103,0,2,1,1,4,92,6,8,1,107,0,0,0,107
10/01/2022,MYR,SC,ASO,ES,Combined TRACON& Tower with Radar,67,1,7,0,75,0,176,10,2,188,67,177,17,2,263,0,0,0,263
10/02/2022,MYR,SC,ASO,ES,Combined TRACON& Tower with Radar,111,4,9,0,124,0,129,17,2,148,111,133,26,2,272,0,0,0,272
10/03/2022,MYR,SC,ASO,ES,Combined TRACON& Tower with Radar,105,9,8,8,130,0,49,1,0,50,105,58,9,8,180,40,0,40,220
10/04/2022,MYR,SC,ASO,ES,Combined TRACON& Tower with Radar,101,10,18,7,136,0,59,47,1,107,101,69,65,8,243,42,10,52,295
10/05/2022,MYR,SC,ASO,ES,Combined TRACON& Tower with Radar,104,8,23,7,142,0,74,52,2,128,104,82,75,9,270,54,0,54,324
10/06/2022,MYR,SC,ASO,ES,Combined TRACON& Tower with Radar,98,8,19,12,137,0,90,30,2,122,98,98,49,14,259,46,0,46,305
10/07/2022,MYR,SC,ASO,ES,Combined TRACON& Tower with Radar,99,11,23,5,138,0,108,52,1,161,99,119,75,6,299,98,12,110,409
10/08/2022,MYR,SC,ASO,ES,Combined TRACON& Tower with Radar,92,10,20,3,125,0,208,29,0,237,92,218,49,3,362,10,0,10,372
10/09/2022,MYR,SC,ASO,ES,Combined TRACON& Tower with Radar,99,6,22,2,129,0,200,38,0,238,99,206,60,2,367,0,0,0,367
10/10/2022,MYR,SC,ASO,ES,Combined TRACON& Tower with Radar,98,7,28,3,136,0,102,42,0,144,98,109,70,3,280,22,0,22,302
10/11/2022,MYR,SC,ASO,ES,Combined TRACON& Tower with Radar,92,9,32,10,143,0,104,38,4,146,92,113,70,14,289,28,4,32,321
10/12/2022,MYR,SC,ASO,ES,Combined TRACON& Tower with Radar,92,12,28,34,166,0,145,27,0,172,92,157,55,34,338,62,16,78,416
10/13/2022,MYR,SC,ASO,ES,Combined TRACON& Tower with Radar,99,9,26,50,184,0,91,9,0,100,99,100,35,50,284,20,16,36,320
10/14/2022,MYR,SC,ASO,ES,Combined TRACON& Tower with Radar,99,8,33,25,165,0,140,49,0,189,99,148,82,25,354,74,14,88,442
10/15/2022,MYR,SC,ASO,ES,Combined TRACON& Tower with Radar,97,5,22,2,126,0,236,48,0,284,97,241,70,2,410,14,0,14,424
10/16/2022,MYR,SC,ASO,ES,Combined TRACON& Tower with Radar,101,2,27,3,133,0,192,33,0,225,101,194,60,3,358,0,0,0,358
10/17/2022,MYR,SC,ASO,ES,Combined TRACON& Tower with Radar,96,6,22,27,151,0,53,30,0,83,96,59,52,27,234,12,18,30,264
10/18/2022,MYR,SC,ASO,ES,Combined TRACON& Tower with Radar,96,6,8,18,128,0,66,44,1,111,96,72,52,19,239,94,6,100,339
10/19/2022,MYR,SC,ASO,ES,Combined TRACON& Tower with Radar,93,8,19,13,133,0,61,50,0,111,93,69,69,13,244,28,4,32,276
10/20/2022,MYR,SC,ASO,ES,Combined TRACON& Tower with Radar,99,8,16,11,134,3,71,55,0,129,102,79,71,11,263,28,16,44,307
10/21/2022,MYR,SC,ASO,ES,Combined TRACON& Tower with Radar,98,9,23,22,152,0,82,46,3,131,98,91,69,25,283,46,34,80,363
10/22/2022,MYR,SC,ASO,ES,Combined TRACON& Tower with Radar,98,5,21,4,128,0,188,35,1,224,98,193,56,5,352,30,10,40,392
10/23/2022,MYR,SC,ASO,ES,Combined TRACON& Tower with Radar,101,6,15,1,123,0,132,27,0,159,101,138,42,1,282,18,0,18,300
10/24/2022,MYR,SC,ASO,ES,Combined TRACON& Tower with Radar,98,4,23,28,153,0,24,18,0,42,98,28,41,28,195,16,0,16,211
10/25/2022,MYR,SC,ASO,ES,Combined TRACON& Tower with Radar,91,9,27,40,167,0,58,28,6,92,91,67,55,46,259,22,10,32,291
10/26/2022,MYR,SC,ASO,ES,Combined TRACON& Tower with Radar,99,7,20,50,176,0,80,23,4,107,99,87,43,54,283,96,8,104,387
10/27/2022,MYR,SC,ASO,ES,Combined TRACON& Tower with Radar,97,11,30,37,175,0,40,15,2,57,97,51,45,39,232,10,4,14,246
10/28/2022,MYR,SC,ASO,ES,Combined TRACON& Tower with Radar,101,10,29,20,160,0,0,0,0,0,101,10,29,20,160,0,0,0,160
10/29/2022,MYR,SC,ASO,ES,Combined TRACON& Tower with Radar,94,5,14,0,113,0,0,2,0,2,94,5,16,0,115,0,0,0,115
10/30/2022,MYR,SC,ASO,ES,Combined TRACON& Tower with Radar,99,5,16,0,120,0,129,8,0,137,99,134,24,0,257,6,0,6,263
10/31/2022,MYR,SC,ASO,ES,Combined TRACON& Tower with Radar,93,3,24,14,134,0,42,25,0,67,93,45,49,14,201,4,10,14,215
11/01/2022,MYR,SC,ASO,ES,Combined TRACON& Tower with Radar,94,14,24,10,142,0,25,13,0,38,94,39,37,10,180,22,0,22,202
11/02/2022,MYR,SC,ASO,ES,Combined TRACON& Tower with Radar,92,14,30,33,169,0,55,67,2,124,92,69,97,35,293,53,2,55,348
11/03/2022,MYR,SC,ASO,ES,Combined TRACON& Tower with Radar,91,15,30,27,163,0,44,48,2,94,91,59,78,29,257,70,4,74,331
11/04/2022,MYR,SC,ASO,ES,Combined TRACON& Tower with Radar,82,14,22,19,137,0,70,46,1,117,82,84,68,20,254,26,0,26,280
11/05/2022,MYR,SC,ASO,ES,Combined TRACON& Tower with Radar,77,10,21,18,126,0,90,12,2,104,77,100,33,20,230,18,0,18,248
11/06/2022,MYR,SC,ASO,ES,Combined TRACON& Tower with Radar,80,3,17,13,113,0,78,18,2,98,80,81,35,15,211,38,8,46,257
11/07/2022,MYR,SC,ASO,ES,Combined TRACON& Tower with Radar,67,2,11,28,108,0,49,37,1,87,67,51,48,29,195,62,50,112,307
11/08/2022,MYR,SC,ASO,ES,Combined TRACON& Tower with Radar,56,8,15,32,111,0,8,16,0,24,56,16,31,32,135,0,6,6,141
11/09/2022,MYR,SC,ASO,ES,Combined TRACON& Tower with Radar,56,12,17,12,97,0,36,1,3,40,56,48,18,15,137,0,12,12,149
11/10/2022,MYR,SC,ASO,ES,Combined TRACON& Tower with Radar,65,5,12,5,87,0,6,0,1,7,65,11,12,6,94,0,0,0,94
11/11/2022,MYR,SC,ASO,ES,Combined TRACON& Tower with Radar,64,8,4,0,76,0,51,4,0,55,64,59,8,0,131,0,0,0,131
11/12/2022,MYR,SC,ASO,ES,Combined TRACON& Tower with Radar,55,7,20,4,86,0,98,13,0,111,55,105,33,4,197,0,0,0,197
11/13/2022,MYR,SC,ASO,ES,Combined TRACON& Tower with Radar,65,6,14,0,85,0,72,38,0,110,65,78,52,0,195,12,0,12,207
11/14/2022,MYR,SC,ASO,ES,Combined TRACON& Tower with Radar,62,8,13,15,98,0,26,38,2,66,62,34,51,17,164,36,8,44,208
11/15/2022,MYR,SC,ASO,ES,Combined TRACON& Tower with Radar,60,9,11,10,90,0,2,2,0,4,60,11,13,10,94,0,0,0,94
11/16/2022,MYR,SC,ASO,ES,Combined TRACON& Tower with Radar,58,12,21,67,158,0,16,23,0,39,58,28,44,67,197,32,6,38,235
11/17/2022,MYR,SC,ASO,ES,Combined TRACON& Tower with Radar,64,11,31,27,133,0,16,64,4,84,64,27,95,31,217,80,6,86,303
11/18/2022,MYR,SC,ASO,ES,Combined TRACON& Tower with Radar,62,7,18,34,121,0,39,44,4,87,62,46,62,38,208,74,10,84,292
11/19/2022,MYR,SC,ASO,ES,Combined TRACON& Tower with Radar,55,7,22,5,89,0,92,30,1,123,55,99,52,6,212,38,0,38,250
11/20/2022,MYR,SC,ASO,ES,Combined TRACON& Tower with Radar,65,9,18,9,101,0,72,17,0,89,65,81,35,9,190,6,0,6,196
11/21/2022,MYR,SC,ASO,ES,Combined TRACON& Tower with Radar,62,7,22,33,124,0,32,42,0,74,62,39,64,33,198,48,10,58,256
11/22/2022,MYR,SC,ASO,ES,Combined TRACON& Tower with Radar,63,8,29,35,135,0,47,33,1,81,63,55,62,36,216,72,0,72,288
11/23/2022,MYR,SC,ASO,ES,Combined TRACON& Tower with Radar,64,11,24,0,99,0,36,18,0,54,64,47,42,0,153,24,0,24,177
11/24/2022,MYR,SC,ASO,ES,Combined TRACON& Tower with Radar,41,1,4,0,46,0,0,6,0,6,41,1,10,0,52,10,0,10,62
11/25/2022,MYR,SC,ASO,ES,Combined TRACON& Tower with Radar,55,11,13,0,79,0,72,4,0,76,55,83,17,0,155,0,0,0,155
11/26/2022,MYR,SC,ASO,ES,Combined TRACON& Tower with Radar,62,10,20,1,93,0,202,40,0,242,62,212,60,1,335,0,0,0,335
11/27/2022,MYR,SC,ASO,ES,Combined TRACON& Tower with Radar,68,5,13,0,86,0,34,1,2,37,68,39,14,2,123,0,0,0,123
11/28/2022,MYR,SC,ASO,ES,Combined TRACON& Tower with Radar,60,7,27,23,117,0,26,26,1,53,60,33,53,24,170,18,20,38,208
11/29/2022,MYR,SC,ASO,ES,Combined TRACON& Tower with Radar,59,21,21,37,138,0,34,54,2,90,59,55,75,39,228,30,20,50,278
11/30/2022,MYR,SC,ASO,ES,Combined TRACON& Tower with Radar,53,9,14,19,95,0,6,4,1,11,53,15,18,20,106,8,10,18,124
12/01/2022,MYR,SC,ASO,ES,Combined TRACON& Tower with Radar,65,12,29,38,144,0,24,33,0,57,65,36,62,38,201,34,16,50,251
12/02/2022,MYR,SC,ASO,ES,Combined TRACON& Tower with Radar,66,14,21,24,125,0,26,37,2,65,66,40,58,26,190,54,32,86,276
12/03/2022,MYR,SC,ASO,ES,Combined TRACON& Tower with Radar,54,8,22,10,94,0,50,32,0,82,54,58,54,10,176,8,0,8,184
12/04/2022,MYR,SC,ASO,ES,Combined TRACON& Tower with Radar,68,5,29,3,105,0,58,18,0,76,68,63,47,3,181,10,0,10,191
12/05/2022,MYR,SC,ASO,ES,Combined TRACON& Tower with Radar,62,5,20,50,137,0,20,35,0,55,62,25,55,50,192,28,28,56,248
12/06/2022,MYR,SC,ASO,ES,Combined TRACON& Tower with Radar,56,5,15,54,130,0,23,19,0,42,56,28,34,54,172,52,6,58,230
12/07/2022,MYR,SC,ASO,ES,Combined TRACON& Tower with Radar,50,8,12,41,111,0,24,43,4,71,50,32,55,45,182,68,12,80,262
12/08/2022,MYR,SC,ASO,ES,Combined TRACON& Tower with Radar,56,7,22,16,101,0,12,3,0,15,56,19,25,16,116,0,0,0,116
12/09/2022,MYR,SC,ASO,ES,Combined TRACON& Tower with Radar,54,7,22,36,119,0,17,3,0,20,54,24,25,36,139,76,0,76,215
12/10/2022,MYR,SC,ASO,ES,Combined TRACON& Tower with Radar,52,14,26,10,102,0,58,24,0,82,52,72,50,10,184,94,0,94,278
12/11/2022,MYR,SC,ASO,ES,Combined TRACON& Tower with Radar,58,6,13,6,83,0,30,16,0,46,58,36,29,6,129,6,0,6,135
12/12/2022,MYR,SC,ASO,ES,Combined TRACON& Tower with Radar,54,4,23,33,114,0,22,52,0,74,54,26,75,33,188,108,46,154,342
12/13/2022,MYR,SC,ASO,ES,Combined TRACON& Tower with Radar,51,10,21,42,124,0,12,71,6,89,51,22,92,48,213,58,46,104,317
12/14/2022,MYR,SC,ASO,ES,Combined TRACON& Tower with Radar,50,10,21,32,113,0,14,28,2,44,50,24,49,34,157,64,14,78,235
12/15/2022,MYR,SC,ASO,ES,Combined TRACON& Tower with Radar,58,13,14,8,93,0,16,1,0,17,58,29,15,8,110,0,0,0,110
12/16/2022,MYR,SC,ASO,ES,Combined TRACON& Tower with Radar,53,16,31,26,126,0,18,39,1,58,53,34,70,27,184,22,0,22,206
12/17/2022,MYR,SC,ASO,ES,Combined TRACON& Tower with Radar,50,7,22,7,86,0,54,27,4,85,50,61,49,11,171,6,0,6,177
12/18/2022,MYR,SC,ASO,ES,Combined TRACON& Tower with Radar,52,0,18,2,72,0,49,34,0,83,52,49,52,2,155,28,0,28,183
12/19/2022,MYR,SC,ASO,ES,Combined TRACON& Tower with Radar,59,12,21,14,106,0,16,38,2,56,59,28,59,16,162,0,0,0,162
12/20/2022,MYR,SC,ASO,ES,Combined TRACON& Tower with Radar,55,6,20,14,95,0,28,16,0,44,55,34,36,14,139,0,0,0,139
12/21/2022,MYR,SC,ASO,ES,Combined TRACON& Tower with Radar,51,11,19,14,95,0,19,6,1,26,51,30,25,15,121,6,0,6,127
12/22/2022,MYR,SC,ASO,ES,Combined TRACON& Tower with Radar,54,9,15,2,80,0,4,0,0,4,54,13,15,2,84,0,0,0,84
12/23/2022,MYR,SC,ASO,ES,Combined TRACON& Tower with Radar,47,5,7,0,59,0,2,0,0,2,47,7,7,0,61,0,0,0,61
12/24/2022,MYR,SC,ASO,ES,Combined TRACON& Tower with Radar,32,4,5,0,41,0,37,11,0,48,32,41,16,0,89,2,0,2,91
12/25/2022,MYR,SC,ASO,ES,Combined TRACON& Tower with Radar,41,0,2,0,43,0,0,2,0,2,41,0,4,0,45,0,0,0,45
12/26/2022,MYR,SC,ASO,ES,Combined TRACON& Tower with Radar,40,7,14,0,61,0,94,41,0,135,40,101,55,0,196,46,0,46,242
12/27/2022,MYR,SC,ASO,ES,Combined TRACON& Tower with Radar,40,3,21,12,76,0,90,23,1,114,40,93,44,13,190,38,12,50,240
12/28/2022,MYR,SC,ASO,ES,Combined TRACON& Tower with Radar,39,10,22,8,79,0,147,49,0,196,39,157,71,8,275,74,0,74,349
12/29/2022,MYR,SC,ASO,ES,Combined TRACON& Tower with Radar,46,7,26,9,88,0,183,27,0,210,46,190,53,9,298,92,0,92,390
12/30/2022,MYR,SC,ASO,ES,Combined TRACON& Tower with Radar,52,7,20,0,79,0,234,33,0,267,52,241,53,0,346,26,0,26,372
12/31/2022,MYR,SC,ASO,ES,Combined TRACON& Tower with Radar,39,9,9,0,57,0,38,0,0,38,39,47,9,0,95,0,0,0,95
01/01/2023,MYR,SC,ASO,ES,Combined TRACON& Tower with Radar,42,2,15,0,59,0,228,12,0,240,42,230,27,0,299,38,0,38,337
01/02/2023,MYR,SC,ASO,ES,Combined TRACON& Tower with Radar,56,4,25,2,87,0,120,31,0,151,56,124,56,2,238,48,0,48,286
01/03/2023,MYR,SC,ASO,ES,Combined TRACON& Tower with Radar,48,6,26,28,108,0,42,32,0,74,48,48,58,28,182,70,22,92,274
01/04/2023,MYR,SC,ASO,ES,Combined TRACON& Tower with Radar,43,9,4,17,73,0,33,2,1,36,43,42,6,18,109,6,0,6,115
01/05/2023,MYR,SC,ASO,ES,Combined TRACON& Tower with Radar,49,12,18,39,118,0,56,27,5,88,49,68,45,44,206,40,8,48,254
01/06/2023,MYR,SC,ASO,ES,Combined TRACON& Tower with Radar,44,13,27,40,124,0,54,51,0,105,44,67,78,40,229,104,24,128,357
01/07/2023,MYR,SC,ASO,ES,Combined TRACON& Tower with Radar,42,9,21,11,83,0,94,39,1,134,42,103,60,12,217,50,26,76,293
01/08/2023,MYR,SC,ASO,ES,Combined TRACON& Tower with Radar,49,5,13,3,70,0,37,22,7,66,49,42,35,10,136,22,0,22,158
01/09/2023,MYR,SC,ASO,ES,Combined TRACON& Tower with Radar,50,6,27,19,102,0,12,21,0,33,50,18,48,19,135,32,22,54,189
01/10/2023,MYR,SC,ASO,ES,Combined TRACON& Tower with Radar,50,5,32,19,106,0,24,35,1,60,50,29,67,20,166,60,4,64,230
01/11/2023,MYR,SC,ASO,ES,Combined TRACON& Tower with Radar,45,12,18,29,104,0,22,49,0,71,45,34,67,29,175,74,20,94,269
01/12/2023,MYR,SC,ASO,ES,Combined TRACON& Tower with Radar,52,5,28,45,130,0,21,34,3,58,52,26,62,48,188,16,12,28,216
01/13/2023,MYR,SC,ASO,ES,Combined TRACON& Tower with Radar,51,11,17,5,84,0,16,12,0,28,51,27,29,5,112,62,2,64,176
01/14/2023,MYR,SC,ASO,ES,Combined TRACON& Tower with Radar,39,10,8,2,59,0,50,10,2,62,39,60,18,4,121,2,0,2,123
01/15/2023,MYR,SC,ASO,ES,Combined TRACON& Tower with Radar,42,2,16,2,62,0,126,31,0,157,42,128,47,2,219,0,0,0,219
01/16/2023,MYR,SC,ASO,ES,Combined TRACON& Tower with Radar,51,9,24,0,84,0,56,59,0,115,51,65,83,0,199,54,0,54,253
01/17/2023,MYR,SC,ASO,ES,Combined TRACON& Tower with Radar,46,7,31,20,104,0,14,29,3,46,46,21,60,23,150,80,26,106,256
01/18/2023,MYR,SC,ASO,ES,Combined TRACON& Tower with Radar,48,4,29,47,128,0,21,28,4,53,48,25,57,51,181,34,18,52,233
01/19/2023,MYR,SC,ASO,ES,Combined TRACON& Tower with Radar,49,6,33,39,127,0,16,9,0,25,49,22,42,39,152,0,4,4,156
01/20/2023,MYR,SC,ASO,ES,Combined TRACON& Tower with Radar,51,8,21,18,98,0,21,44,0,65,51,29,65,18,163,30,20,50,213
01/21/2023,MYR,SC,ASO,ES,Combined TRACON& Tower with Radar,41,4,33,0,78,0,91,47,0,138,41,95,80,0,216,32,0,32,248
01/22/2023,MYR,SC,ASO,ES,Combined TRACON& Tower with Radar,48,2,3,0,53,0,0,0,0,0,48,2,3,0,53,0,0,0,53
01/23/2023,MYR,SC,ASO,ES,Combined TRACON& Tower with Radar,47,3,9,23,82,0,19,2,1,22,47,22,11,24,104,0,4,4,108
01/24/2023,MYR,SC,ASO,ES,Combined TRACON& Tower with Radar,47,11,21,13,92,0,34,58,0,92,47,45,79,13,184,0,0,0,184
01/25/2023,MYR,SC,ASO,ES,Combined TRACON& Tower with Radar,47,5,8,11,71,0,4,4,0,8,47,9,12,11,79,6,14,20,99
01/26/2023,MYR,SC,ASO,ES,Combined TRACON& Tower with Radar,51,6,25,20,102,0,26,26,2,54,51,32,51,22,156,0,0,0,156
01/27/2023,MYR,SC,ASO,ES,Combined TRACON& Tower with Radar,50,11,21,12,94,0,32,44,0,76,50,43,65,12,170,0,0,0,170
01/28/2023,MYR,SC,ASO,ES,Combined TRACON& Tower with Radar,41,3,10,1,55,0,76,54,1,131,41,79,64,2,186,0,0,0,186
01/29/2023,MYR,SC,ASO,ES,Combined TRACON& Tower with Radar,50,7,10,1,68,0,46,25,0,71,50,53,35,1,139,0,0,0,139
01/30/2023,MYR,SC,ASO,ES,Combined TRACON& Tower with Radar,49,3,5,6,63,0,0,0,0,0,49,3,5,6,63,0,0,0,63
01/31/2023,MYR,SC,ASO,ES,Combined TRACON& Tower with Radar,43,6,22,12,83,0,0,2,5,7,43,6,24,17,90,2,0,2,92
02/01/2023,MYR,SC,ASO,ES,Combined TRACON& Tower with Radar,45,6,14,54,119,0,22,6,3,31,45,28,20,57,150,20,10,30,180
02/02/2023,MYR,SC,ASO,ES,Combined TRACON& Tower with Radar,50,4,5,0,59,0,0,0,0,0,50,4,5,0,59,0,0,0,59
02/03/2023,MYR,SC,ASO,ES,Combined TRACON& Tower with Radar,50,12,27,3,92,0,15,18,4,37,50,27,45,7,129,20,0,20,149
02/04/2023,MYR,SC,ASO,ES,Combined TRACON& Tower with Radar,40,6,13,1,60,0,46,21,8,75,40,52,34,9,135,26,0,26,161
02/05/2023,MYR,SC,ASO,ES,Combined TRACON& Tower with Radar,46,4,17,1,68,0,6,2,6,14,46,10,19,7,82,0,0,0,82
02/06/2023,MYR,SC,ASO,ES,Combined TRACON& Tower with Radar,52,10,12,2,76,0,72,59,4,135,52,82,71,6,211,60,0,60,271
02/07/2023,MYR,SC,ASO,ES,Combined TRACON& Tower with Radar,50,7,18,10,85,0,68,47,9,124,50,75,65,19,209,106,6,112,321
02/08/2023,MYR,SC,ASO,ES,Combined TRACON& Tower with Radar,56,6,25,21,108,0,20,54,3,77,56,26,79,24,185,36,4,40,225
02/09/2023,MYR,SC,ASO,ES,Combined TRACON& Tower with Radar,59,12,21,67,159,0,35,21,4,60,59,47,42,71,219,24,36,60,279
02/10/2023,MYR,SC,ASO,ES,Combined TRACON& Tower with Radar,64,8,29,9,110,0,48,15,4,67,64,56,44,13,177,10,10,20,197
02/11/2023,MYR,SC,ASO,ES,Combined TRACON& Tower with Radar,53,6,2,6,67,0,68,0,8,76,53,74,2,14,143,0,14,14,157
02/12/2023,MYR,SC,ASO,ES,Combined TRACON& Tower with Radar,53,5,4,0,62,0,36,0,2,38,53,41,4,2,100,0,0,0,100
02/13/2023,MYR,SC,ASO,ES,Combined TRACON& Tower with Radar,59,7,5,8,79,0,51,39,2,92,59,58,44,10,171,54,0,54,225
02/14/2023,MYR,SC,ASO,ES,Combined TRACON& Tower with Radar,54,8,15,16,93,0,80,39,14,133,54,88,54,30,226,28,0,28,254
02/15/2023,MYR,SC,ASO,ES,Combined TRACON& Tower with Radar,56,8,18,31,113,0,58,48,9,115,56,66,66,40,228,70,32,102,330
02/16/2023,MYR,SC,ASO,ES,Combined TRACON& Tower with Radar,62,10,39,4,115,0,49,25,3,77,62,59,64,7,192,30,0,30,222
02/17/2023,MYR,SC,ASO,ES,Combined TRACON& Tower with Radar,60,9,13,16,98,0,32,1,0,33,60,41,14,16,131,8,2,10,141
02/18/2023,MYR,SC,ASO,ES,Combined TRACON& Tower with Radar,54,11,44,0,109,0,192,49,1,242,54,203,93,1,351,26,0,26,377
02/19/2023,MYR,SC,ASO,ES,Combined TRACON& Tower with Radar,61,4,19,0,84,0,164,25,0,189,61,168,44,0,273,16,0,16,289
02/20/2023,MYR,SC,ASO,ES,Combined TRACON& Tower with Radar,60,9,18,0,87,0,126,31,0,157,60,135,49,0,244,20,0,20,264
02/21/2023,MYR,SC,ASO,ES,Combined TRACON& Tower with Radar,59,9,15,13,96,0,60,19,2,81,59,69,34,15,177,14,4,18,195
02/22/2023,MYR,SC,ASO,ES,Combined TRACON& Tower with Radar,56,8,20,56,140,0,81,36,0,117,56,89,56,56,257,42,30,72,329
02/23/2023,MYR,SC,ASO,ES,Combined TRACON& Tower with Radar,62,7,24,27,120,0,106,27,5,138,62,113,51,32,258,0,8,8,266
02/24/2023,MYR,SC,ASO,ES,Combined TRACON& Tower with Radar,61,15,38,15,129,0,94,32,0,126,61,109,70,15,255,50,0,50,305
02/25/2023,MYR,SC,ASO,ES,Combined TRACON& Tower with Radar,55,16,10,13,94,0,63,0,2,65,55,79,10,15,159,0,0,0,159
02/26/2023,MYR,SC,ASO,ES,Combined TRACON& Tower with Radar,60,6,44,6,116,0,4,2,1,7,60,10,46,7,123,0,0,0,123
02/27/2023,MYR,SC,ASO,ES,Combined TRACON& Tower with Radar,58,3,17,7,85,0,0,2,0,2,58,3,19,7,87,0,0,0,87
02/28/2023,MYR,SC,ASO,ES,Combined TRACON& Tower with Radar,52,8,47,21,128,0,76,53,5,134,52,84,100,26,262,28,40,68,330
03/01/2023,MYR,SC,ASO,ES,Combined TRACON& Tower with Radar,58,16,20,50,144,0,105,36,2,143,58,121,56,52,287,74,10,84,371
03/02/2023,MYR,SC,ASO,ES,Combined TRACON& Tower with Radar,64,21,37,35,157,0,37,16,1,54,64,58,53,36,211,6,48,54,265
03/03/2023,MYR,SC,ASO,ES,Combined TRACON& Tower with Radar,61,13,22,41,137,0,66,8,4,78,61,79,30,45,215,52,12,64,279
03/04/2023,MYR,SC,ASO,ES,Combined TRACON& Tower with Radar,52,5,24,4,85,0,191,25,0,216,52,196,49,4,301,36,0,36,337
03/05/2023,MYR,SC,ASO,ES,Combined TRACON& Tower with Radar,60,11,27,1,99,0,201,39,0,240,60,212,66,1,339,24,0,24,363
03/06/2023,MYR,SC,ASO,ES,Combined TRACON& Tower with Radar,62,9,16,20,107,0,112,49,0,161,62,121,65,20,268,102,26,128,396
03/07/2023,MYR,SC,ASO,ES,Combined TRACON& Tower with Radar,57,5,26,11,99,0,112,27,6,145,57,117,53,17,244,28,6,34,278
03/08/2023,MYR,SC,ASO,ES,Combined TRACON& Tower with Radar,60,6,16,24,106,0,100,29,7,136,60,106,45,31,242,28,4,32,274
03/09/2023,MYR,SC,ASO,ES,Combined TRACON& Tower with Radar,64,7,31,43,145,0,118,49,1,168,64,125,80,44,313,72,24,96,409
03/10/2023,MYR,SC,ASO,ES,Combined TRACON& Tower with Radar,66,8,15,5,94,0,0,0,0,0,66,8,15,5,94,6,0,6,100
03/11/2023,MYR,SC,ASO,ES,Combined TRACON& Tower with Radar,57,8,19,0,84,0,225,35,0,260,57,233,54,0,344,16,0,16,360
03/12/2023,MYR,SC,ASO,ES,Combined TRACON& Tower with Radar,65,7,14,0,86,0,82,3,1,86,65,89,17,1,172,14,0,14,186
03/13/2023,MYR,SC,ASO,ES,Combined TRACON& Tower with Radar,64,15,19,45,143,0,47,4,0,51,64,62,23,45,194,38,12,50,244
03/14/2023,MYR,SC,ASO,ES,Combined TRACON& Tower with Radar,52,7,22,14,95,0,249,34,0,283,52,256,56,14,378,76,16,92,470
03/15/2023,MYR,SC,ASO,ES,Combined TRACON& Tower with Radar,61,4,16,12,93,0,190,44,0,234,61,194,60,12,327,38,0,38,365
03/16/2023,MYR,SC,ASO,ES,Combined TRACON& Tower with Radar,66,14,38,40,158,0,202,47,1,250,66,216,85,41,408,0,0,0,408
03/17/2023,MYR,SC,ASO,ES,Combined TRACON& Tower with Radar,63,6,18,27,114,0,179,14,2,195,63,185,32,29,309,16,0,16,325
03/18/2023,MYR,SC,ASO,ES,Combined TRACON& Tower with Radar,61,4,6,4,75,0,104,10,0,114,61,108,16,4,189,4,0,4,193
03/19/2023,MYR,SC,ASO,ES,Combined TRACON& Tower with Radar,66,3,20,1,90,0,228,45,0,273,66,231,65,1,363,32,0,32,395
03/20/2023,MYR,SC,ASO,ES,Combined TRACON& Tower with Radar,67,8,15,24,114,0,68,31,0,99,67,76,46,24,213,46,16,62,275
03/21/2023,MYR,SC,ASO,ES,Combined TRACON& Tower with Radar,60,7,29,8,104,0,138,55,0,193,60,145,84,8,297,86,0,86,383
03/22/2023,MYR,SC,ASO,ES,Combined TRACON& Tower with Radar,62,20,18,10,110,0,113,24,0,137,62,133,42,10,247,74,4,78,325
03/23/2023,MYR,SC,ASO,ES,Combined TRACON& Tower with Radar,69,12,41,16,138,0,124,36,0,160,69,136,77,16,298,32,2,34,332
03/24/2023,MYR,SC,ASO,ES,Combined TRACON& Tower with Radar,66,22,32,7,127,0,175,59,1,235,66,197,91,8,362,50,26,76,438
03/25/2023,MYR,SC,ASO,ES,Combined TRACON& Tower with Radar,63,6,14,0,83,0,184,11,0,195,63,190,25,0,278,10,0,10,288
03/26/2023,MYR,SC,ASO,ES,Combined TRACON& Tower with Radar,62,4,14,0,80,0,198,3,0,201,62,202,17,0,281,2,0,2,283
03/27/2023,MYR,SC,ASO,ES,Combined TRACON& Tower with Radar,70,6,24,17,117,0,73,13,1,87,70,79,37,18,204,2,0,2,206
03/28/2023,MYR,SC,ASO,ES,Combined TRACON& Tower with Radar,59,9,32,13,113,0,172,36,2,210,59,181,68,15,323,28,0,28,351
03/29/2023,MYR,SC,ASO,ES,Combined TRACON& Tower with Radar,64,9,30,16,119,0,191,32,0,223,64,200,62,16,342,80,0,80,422
03/30/2023,MYR,SC,ASO,ES,Combined TRACON& Tower with Radar,72,15,35,22,144,0,156,58,1,215,72,171,93,23,359,76,28,104,463
03/31/2023,MYR,SC,ASO,ES,Combined TRACON& Tower with Radar,71,14,25,9,119,0,153,46,2,201,71,167,71,11,320,58,2,60,380
04/01/2023,MYR,SC,ASO,ES,Combined TRACON& Tower with Radar,73,14,23,1,111,0,320,14,3,337,73,334,37,4,448,0,0,0,448
04/02/2023,MYR,SC,ASO,ES,Combined TRACON& Tower with Radar,73,4,25,4,106,0,402,32,1,435,73,406,57,5,541,26,0,26,567
04/03/2023,MYR,SC,ASO,ES,Combined TRACON& Tower with Radar,74,8,19,21,122,0,261,43,0,304,74,269,62,21,426,84,12,96,522
04/04/2023,MYR,SC,ASO,ES,Combined TRACON& Tower with Radar,82,7,28,5,122,0,337,43,1,381,82,344,71,6,503,88,0,88,591
04/05/2023,MYR,SC,ASO,ES,Combined TRACON& Tower with Radar,79,19,32,6,136,0,302,42,4,348,79,321,74,10,484,64,10,74,558
04/06/2023,MYR,SC,ASO,ES,Combined TRACON& Tower with Radar,86,10,29,32,157,0,401,18,5,424,86,411,47,37,581,84,2,86,667
04/07/2023,MYR,SC,ASO,ES,Combined TRACON& Tower with Radar,91,15,26,5,137,0,371,23,0,394,91,386,49,5,531,56,2,58,589
04/08/2023,MYR,SC,ASO,ES,Combined TRACON& Tower with Radar,78,6,12,0,96,0,0,0,0,0,78,6,12,0,96,0,0,0,96
04/09/2023,MYR,SC,ASO,ES,Combined TRACON& Tower with Radar,91,10,8,0,109,0,214,2,0,216,91,224,10,0,325,0,0,0,325
04/10/2023,MYR,SC,ASO,ES,Combined TRACON& Tower with Radar,92,11,16,0,119,0,235,43,0,278,92,246,59,0,397,14,0,14,411
04/11/2023,MYR,SC,ASO,ES,Combined TRACON& Tower with Radar,80,12,25,21,138,0,272,64,3,339,80,284,89,24,477,32,30,62,539
04/12/2023,MYR,SC,ASO,ES,Combined TRACON& Tower with Radar,76,11,16,45,148,0,340,57,2,399,76,351,73,47,547,100,12,112,659
04/13/2023,MYR,SC,ASO,ES,Combined TRACON& Tower with Radar,83,13,41,4,141,0,311,51,0,362,83,324,92,4,503,36,0,36,539
04/14/2023,MYR,SC,ASO,ES,Combined TRACON& Tower with Radar,88,18,17,4,127,0,228,11,0,239,88,246,28,4,366,12,0,12,378
04/15/2023,MYR,SC,ASO,ES,Combined TRACON& Tower with Radar,81,9,30,9,129,0,399,39,0,438,81,408,69,9,567,26,8,34,601
04/16/2023,MYR,SC,ASO,ES,Combined TRACON& Tower with Radar,89,7,15,0,111,0,242,14,0,256,89,249,29,0,367,20,0,20,387
04/17/2023,MYR,SC,ASO,ES,Combined TRACON& Tower with Radar,90,5,22,20,137,0,104,39,0,143,90,109,61,20,280,34,14,48,328
04/18/2023,MYR,SC,ASO,ES,Combined TRACON& Tower with Radar,82,5,26,19,132,0,165,53,0,218,82,170,79,19,350,0,0,0,350
04/19/2023,MYR,SC,ASO,ES,Combined TRACON& Tower with Radar,83,9,27,16,135,0,150,53,0,203,83,159,80,16,338,56,20,76,414
04/20/2023,MYR,SC,ASO,ES,Combined TRACON& Tower with Radar,90,6,27,20,143,0,144,69,0,213,90,150,96,20,356,52,8,60,416
04/21/2023,MYR,SC,ASO,ES,Combined TRACON& Tower with Radar,102,8,29,3,142,1,213,60,0,274,103,221,89,3,416,42,0,42,458
04/22/2023,MYR,SC,ASO,ES,Combined TRACON& Tower with Radar,87,9,9,0,105,0,145,4,0,149,87,154,13,0,254,0,0,0,254
04/23/2023,MYR,SC,ASO,ES,Combined TRACON& Tower with Radar,95,5,32,0,132,0,272,39,0,311,95,277,71,0,443,48,0,48,491
04/24/2023,MYR,SC,ASO,ES,Combined TRACON& Tower with Radar,99,10,16,5,130,0,186,38,1,225,99,196,54,6,355,54,2,56,411
04/25/2023,MYR,SC,ASO,ES,Combined TRACON& Tower with Radar,90,11,21,15,137,0,150,26,1,177,90,161,47,16,314,10,2,12,326
04/26/2023,MYR,SC,ASO,ES,Combined TRACON& Tower with Radar,87,8,13,9,117,0,141,16,8,165,87,149,29,17,282,40,0,40,322
04/27/2023,MYR,SC,ASO,ES,Combined TRACON& Tower with Radar,90,15,41,13,159,0,110,4,0,114,90,125,45,13,273,2,0,2,275
04/28/2023,MYR,SC,ASO,ES,Combined TRACON& Tower with Radar,103,12,20,8,143,0,131,7,0,138,103,143,27,8,281,12,0,12,293
04/29/2023,MYR,SC,ASO,ES,Combined TRACON& Tower with Radar,89,8,25,10,132,0,315,42,0,357,89,323,67,10,489,8,0,8,497
04/30/2023,MYR,SC,ASO,ES,Combined TRACON& Tower with Radar,95,4,7,0,106,0,112,2,2,116,95,116,9,2,222,0,0,0,222
05/01/2023,MYR,SC,ASO,ES,Combined TRACON& Tower with Radar,102,7,11,7,127,0,116,13,0,129,102,123,24,7,256,8,4,12,268
05/02/2023,MYR,SC,ASO,ES,Combined TRACON& Tower with Radar,82,9,13,0,104,0,78,22,2,102,82,87,35,2,206,10,0,10,216
05/03/2023,MYR,SC,ASO,ES,Combined TRACON& Tower with Radar,85,13,23,29,150,0,98,19,3,120,85,111,42,32,270,34,14,48,318
05/04/2023,MYR,SC,ASO,ES,Combined TRACON& Tower with Radar,86,11,26,24,147,0,117,70,3,190,86,128,96,27,337,64,34,98,435
05/05/2023,MYR,SC,ASO,ES,Combined TRACON& Tower with Radar,100,11,45,36,192,0,156,50,0,206,100,167,95,36,398,84,22,106,504
05/06/2023,MYR,SC,ASO,ES,Combined TRACON& Tower with Radar,85,9,16,0,110,0,297,37,0,334,85,306,53,0,444,46,0,46,490
05/07/2023,MYR,SC,ASO,ES,Combined TRACON& Tower with Radar,89,3,19,11,122,0,245,28,0,273,89,248,47,11,395,4,6,10,405
05/08/2023,MYR,SC,ASO,ES,Combined TRACON& Tower with Radar,95,10,15,15,135,0,128,29,6,163,95,138,44,21,298,0,0,0,298
05/09/2023,MYR,SC,ASO,ES,Combined TRACON& Tower with Radar,82,10,20,23,135,0,148,39,0,187,82,158,59,23,322,30,10,40,362
05/10/2023,MYR,SC,ASO,ES,Combined TRACON& Tower with Radar,91,15,37,6,149,0,113,41,1,155,91,128,78,7,304,86,0,86,390
05/11/2023,MYR,SC,ASO,ES,Combined TRACON& Tower with Radar,93,16,30,25,164,0,143,41,1,185,93,159,71,26,349,40,8,48,397
05/12/2023,MYR,SC,ASO,ES,Combined TRACON& Tower with Radar,97,9,23,7,136,0,155,49,0,204,97,164,72,7,340,12,0,12,352
05/13/2023,MYR,SC,ASO,ES,Combined TRACON& Tower with Radar,86,14,23,0,123,0,381,28,0,409,86,395,51,0,532,16,0,16,548
05/14/2023,MYR,SC,ASO,ES,Combined TRACON& Tower with Radar,92,12,15,7,126,0,265,5,0,270,92,277,20,7,396,0,0,0,396
05/15/2023,MYR,SC,ASO,ES,Combined TRACON& Tower with Radar,93,11,17,35,156,0,202,41,0,243,93,213,58,35,399,4,30,34,433
05/16/2023,MYR,SC,ASO,ES,Combined TRACON& Tower with Radar,83,14,39,37,173,0,196,31,1,228,83,210,70,38,401,44,16,60,461
05/17/2023,MYR,SC,ASO,ES,Combined TRACON& Tower with Radar,86,8,27,12,133,0,169,34,1,204,86,177,61,13,337,36,0,36,373
05/18/2023,MYR,SC,ASO,ES,Combined TRACON& Tower with Radar,93,8,18,6,125,0,27,2,2,31,93,35,20,8,156,0,0,0,156
05/19/2023,MYR,SC,ASO,ES,Combined TRACON& Tower with Radar,101,24,44,4,173,0,87,8,0,95,101,111,52,4,268,0,0,0,268
05/20/2023,MYR,SC,ASO,ES,Combined TRACON& Tower with Radar,87,10,23,2,122,0,348,10,0,358,87,358,33,2,480,14,0,14,494
05/21/2023,MYR,SC,ASO,ES,Combined TRACON& Tower with Radar,89,7,20,0,116,0,243,8,0,251,89,250,28,0,367,0,0,0,367
05/22/2023,MYR,SC,ASO,ES,Combined TRACON& Tower with Radar,107,12,23,14,156,0,193,36,0,229,107,205,59,14,385,36,12,48,433
05/23/2023,MYR,SC,ASO,ES,Combined TRACON& Tower with Radar,85,12,28,29,154,0,207,35,0,242,85,219,63,29,396,8,6,14,410
05/24/2023,MYR,SC,ASO,ES,Combined TRACON& Tower with Radar,82,13,32,11,138,0,228,54,6,288,82,241,86,17,426,28,12,40,466
05/25/2023,MYR,SC,ASO,ES,Combined TRACON& Tower with Radar,93,15,28,6,142,0,165,14,5,184,93,180,42,11,326,6,0,6,332
05/26/2023,MYR,SC,ASO,ES,Combined TRACON& Tower with Radar,105,14,27,6,152,0,88,5,0,93,105,102,32,6,245,0,0,0,245
05/27/2023,MYR,SC,ASO,ES,Combined TRACON& Tower with Radar,96,14,7,0,117,0,0,0,0,0,96,14,7,0,117,0,0,0,117
05/28/2023,MYR,SC,ASO,ES,Combined TRACON& Tower with Radar,96,5,14,0,115,0,174,0,9,183,96,179,14,9,298,0,0,0,298
05/29/2023,MYR,SC,ASO,ES,Combined TRACON& Tower with Radar,101,9,23,8,141,0,458,13,3,474,101,467,36,11,615,64,0,64,679
05/30/2023,MYR,SC,ASO,ES,Combined TRACON& Tower with Radar,85,11,34,4,134,0,246,41,0,287,85,257,75,4,421,86,0,86,507
05/31/2023,MYR,SC,ASO,ES,Combined TRACON& Tower with Radar,88,12,31,28,159,0,211,10,0,221,88,223,41,28,380,44,18,62,442
06/01/2023,MYR,SC,ASO,ES,Combined TRACON& Tower with Radar,98,14,36,30,178,0,213,29,1,243,98,227,65,31,421,40,20,60,481
06/02/2023,MYR,SC,ASO,ES,Combined TRACON& Tower with Radar,110,13,31,10,164,0,133,10,1,144,110,146,41,11,308,32,0,32,340
06/03/2023,MYR,SC,ASO,ES,Combined TRACON& Tower with Radar,115,12,18,10,155,0,360,27,2,389,115,372,45,12,544,70,0,70,614
06/04/2023,MYR,SC,ASO,ES,Combined TRACON& Tower with Radar,115,8,31,1,155,0,219,1,0,220,115,227,32,1,375,0,0,0,375
06/05/2023,MYR,SC,ASO,ES,Combined TRACON& Tower with Radar,111,11,15,14,151,0,251,44,0,295,111,262,59,14,446,12,8,20,466
06/06/2023,MYR,SC,ASO,ES,Combined TRACON& Tower with Radar,83,11,30,13,137,0,216,38,0,254,83,227,68,13,391,4,22,26,417
06/07/2023,MYR,SC,ASO,ES,Combined TRACON& Tower with Radar,86,23,42,15,166,0,209,28,2,239,86,232,70,17,405,22,0,22,427
06/08/2023,MYR,SC,ASO,ES,Combined TRACON& Tower with Radar,102,15,28,8,153,0,291,48,3,342,102,306,76,11,495,22,4,26,521
06/09/2023,MYR,SC,ASO,ES,Combined TRACON& Tower with Radar,108,22,37,19,186,0,317,52,4,373,108,339,89,23,559,44,4,48,607
06/10/2023,MYR,SC,ASO,ES,Combined TRACON& Tower with Radar,134,9,31,0,174,0,362,50,4,416,134,371,81,4,590,4,0,4,594
06/11/2023,MYR,SC,ASO,ES,Combined TRACON& Tower with Radar,114,6,26,4,150,0,368,12,0,380,114,374,38,4,530,0,0,0,530
06/12/2023,MYR,SC,ASO,ES,Combined TRACON& Tower with Radar,107,8,8,3,126,0,192,7,3,202,107,200,15,6,328,30,0,30,358
06/13/2023,MYR,SC,ASO,ES,Combined TRACON& Tower with Radar,85,9,28,29,151,0,250,35,1,286,85,259,63,30,437,40,0,40,477
06/14/2023,MYR,SC,ASO,ES,Combined TRACON& Tower with Radar,86,11,17,18,132,1,197,16,0,214,87,208,33,18,346,0,0,0,346
06/15/2023,MYR,SC,ASO,ES,Combined TRACON& Tower with Radar,91,12,14,0,117,10,299,8,0,317,101,311,22,0,434,0,0,0,434
06/16/2023,MYR,SC,ASO,ES,Combined TRACON& Tower with Radar,90,12,13,1,116,8,170,11,1,190,98,182,24,2,306,0,0,0,306
06/17/2023,MYR,SC,ASO,ES,Combined TRACON& Tower with Radar,146,6,19,1,172,0,460,34,1,495,146,466,53,2,667,10,0,10,677
06/18/2023,MYR,SC,ASO,ES,Combined TRACON& Tower with Radar,107,8,20,0,135,0,501,23,0,524,107,509,43,0,659,12,0,12,671
06/19/2023,MYR,SC,ASO,ES,Combined TRACON& Tower with Radar,104,10,33,2,149,0,317,14,0,331,104,327,47,2,480,32,0,32,512
06/20/2023,MYR,SC,ASO,ES,Combined TRACON& Tower with Radar,81,10,19,4,114,0,206,8,0,214,81,216,27,4,328,8,0,8,336
06/21/2023,MYR,SC,ASO,ES,Combined TRACON& Tower with Radar,89,13,21,28,151,0,300,2,1,303,89,313,23,29,454,24,6,30,484
06/22/2023,MYR,SC,ASO,ES,Combined TRACON& Tower with Radar,97,15,19,22,153,0,201,3,1,205,97,216,22,23,358,6,14,20,378
06/23/2023,MYR,SC,ASO,ES,Combined TRACON& Tower with Radar,105,19,26,9,159,0,256,10,0,266,105,275,36,9,425,42,2,44,469
06/24/2023,MYR,SC,ASO,ES,Combined TRACON& Tower with Radar,149,13,35,0,197,0,410,33,1,444,149,423,68,1,641,2,0,2,643
06/25/2023,MYR,SC,ASO,ES,Combined TRACON& Tower with Radar,112,9,26,2,149,0,447,25,1,473,112,456,51,3,622,0,0,0,622
06/26/2023,MYR,SC,ASO,ES,Combined TRACON& Tower with Radar,100,11,22,39,172,0,228,28,4,260,100,239,50,43,432,30,18,48,480
06/27/2023,MYR,SC,ASO,ES,Combined TRACON& Tower with Radar,74,8,25,38,145,0,331,44,1,376,74,339,69,39,521,12,10,22,543
06/28/2023,MYR,SC,ASO,ES,Combined TRACON& Tower with Radar,90,13,26,50,179,0,403,54,4,461,90,416,80,54,640,18,42,60,700
06/29/2023,MYR,SC,ASO,ES,Combined TRACON& Tower with Radar,107,16,23,13,159,0,418,57,0,475,107,434,80,13,634,0,2,2,636
06/30/2023,MYR,SC,ASO,ES,Combined TRACON& Tower with Radar,103,22,32,13,170,0,394,51,0,445,103,416,83,13,615,56,0,56,671
07/01/2023,MYR,SC,ASO,ES,Combined TRACON& Tower with Radar,152,11,32,0,195,0,536,13,0,549,152,547,45,0,744,32,0,32,776
07/02/2023,MYR,SC,ASO,ES,Combined TRACON& Tower with Radar,122,11,18,0,151,0,692,18,0,710,122,703,36,0,861,0,0,0,861
07/03/2023,MYR,SC,ASO,ES,Combined TRACON& Tower with Radar,103,9,8,0,120,0,662,41,0,703,103,671,49,0,823,0,0,0,823
07/04/2023,MYR,SC,ASO,ES,Combined TRACON& Tower with Radar,64,6,6,0,76,0,751,10,2,763,64,757,16,2,839,0,0,0,839
07/05/2023,MYR,SC,ASO,ES,Combined TRACON& Tower with Radar,94,11,18,32,155,0,439,17,0,456,94,450,35,32,611,0,0,0,611
07/06/2023,MYR,SC,ASO,ES,Combined TRACON& Tower with Radar,110,17,30,31,188,0,728,20,0,748,110,745,50,31,936,0,0,0,936
07/07/2023,MYR,SC,ASO,ES,Combined TRACON& Tower with Radar,109,14,35,3,161,0,700,32,0,732,109,714,67,3,893,0,0,0,893
07/08/2023,MYR,SC,ASO,ES,Combined TRACON& Tower with Radar,152,14,17,10,193,0,510,15,0,525,152,524,32,10,718,0,0,0,718
07/09/2023,MYR,SC,ASO,ES,Combined TRACON& Tower with Radar,108,8,16,2,134,0,491,13,0,504,108,499,29,2,638,0,0,0,638
07/10/2023,MYR,SC,ASO,ES,Combined TRACON& Tower with Radar,106,10,16,3,135,0,133,6,1,140,106,143,22,4,275,0,0,0,275
07/11/2023,MYR,SC,ASO,ES,Combined TRACON& Tower with Radar,82,15,25,20,142,0,403,50,0,453,82,418,75,20,595,0,0,0,595
07/12/2023,MYR,SC,ASO,ES,Combined TRACON& Tower with Radar,96,10,22,10,138,0,426,36,1,463,96,436,58,11,601,0,0,0,601
07/13/2023,MYR,SC,ASO,ES,Combined TRACON& Tower with Radar,105,15,33,23,176,0,422,45,0,467,105,437,78,23,643,0,0,0,643
07/14/2023,MYR,SC,ASO,ES,Combined TRACON& Tower with Radar,102,9,33,16,160,0,468,16,0,484,102,477,49,16,644,0,0,0,644
07/15/2023,MYR,SC,ASO,ES,Combined TRACON& Tower with Radar,151,14,25,15,205,0,592,14,1,607,151,606,39,16,812,0,0,0,812
07/16/2023,MYR,SC,ASO,ES,Combined TRACON& Tower with Radar,108,5,20,12,145,0,566,17,1,584,108,571,37,13,729,0,0,0,729
07/17/2023,MYR,SC,ASO,ES,Combined TRACON& Tower with Radar,116,11,19,4,150,0,421,38,0,459,116,432,57,4,609,0,0,0,609
07/18/2023,MYR,SC,ASO,ES,Combined TRACON& Tower with Radar,77,9,29,23,138,0,407,47,1,455,77,416,76,24,593,0,0,0,593
07/19/2023,MYR,SC,ASO,ES,Combined TRACON& Tower with Radar,97,7,22,24,150,0,445,19,0,464,97,452,41,24,614,0,0,0,614
07/20/2023,MYR,SC,ASO,ES,Combined TRACON& Tower with Radar,106,12,16,6,140,0,500,27,2,529,106,512,43,8,669,0,0,0,669
07/21/2023,MYR,SC,ASO,ES,Combined TRACON& Tower with Radar,121,15,19,9,164,0,569,38,0,607,121,584,57,9,771,0,0,0,771
07/22/2023,MYR,SC,ASO,ES,Combined TRACON& Tower with Radar,156,9,29,0,194,0,652,29,0,681,156,661,58,0,875,0,0,0,875
07/23/2023,MYR,SC,ASO,ES,Combined TRACON& Tower with Radar,125,7,25,1,158,0,618,13,0,631,125,625,38,1,789,0,0,0,789
07/24/2023,MYR,SC,ASO,ES,Combined TRACON& Tower with Radar,113,20,24,4,161,0,298,14,2,314,113,318,38,6,475,0,0,0,475
07/25/2023,MYR,SC,ASO,ES,Combined TRACON& Tower with Radar,77,9,15,16,117,0,349,28,3,380,77,358,43,19,497,0,0,0,497
07/26/2023,MYR,SC,ASO,ES,Combined TRACON& Tower with Radar,95,13,23,26,157,0,414,38,6,458,95,427,61,32,615,0,0,0,615
07/27/2023,MYR,SC,ASO,ES,Combined TRACON& Tower with Radar,102,15,25,24,166,0,375,33,0,408,102,390,58,24,574,0,0,0,574
07/28/2023,MYR,SC,ASO,ES,Combined TRACON& Tower with Radar,115,21,23,5,164,0,485,15,1,501,115,506,38,6,665,0,0,0,665
07/29/2023,MYR,SC,ASO,ES,Combined TRACON& Tower with Radar,153,25,16,0,194,0,460,12,0,472,153,485,28,0,666,0,0,0,666
07/30/2023,MYR,SC,ASO,ES,Combined TRACON& Tower with Radar,97,7,24,10,138,0,446,26,0,472,97,453,50,10,610,0,0,0,610
07/31/2023,MYR,SC,ASO,ES,Combined TRACON& Tower with Radar,102,10,7,0,119,0,299,16,0,315,102,309,23,0,434,0,0,0,434
08/01/2023,MYR,SC,ASO,ES,Combined TRACON& Tower with Radar,72,7,20,24,123,0,405,34,2,441,72,412,54,26,564,42,24,66,630
08/02/2023,MYR,SC,ASO,ES,Combined TRACON& Tower with Radar,82,9,19,18,128,0,397,52,2,451,82,406,71,20,579,50,2,52,631
08/03/2023,MYR,SC,ASO,ES,Combined TRACON& Tower with Radar,106,12,32,33,183,0,382,38,1,421,106,394,70,34,604,4,6,10,614
08/04/2023,MYR,SC,ASO,ES,Combined TRACON& Tower with Radar,109,17,17,1,144,0,44,10,0,54,109,61,27,1,198,20,0,20,218
08/05/2023,MYR,SC,ASO,ES,Combined TRACON& Tower with Radar,132,20,19,9,180,0,451,22,2,475,132,471,41,11,655,34,0,34,689
08/06/2023,MYR,SC,ASO,ES,Combined TRACON& Tower with Radar,113,5,20,1,139,0,502,18,0,520,113,507,38,1,659,0,0,0,659
08/07/2023,MYR,SC,ASO,ES,Combined TRACON& Tower with Radar,100,5,10,21,136,0,364,21,0,385,100,369,31,21,521,6,18,24,545
08/08/2023,MYR,SC,ASO,ES,Combined TRACON& Tower with Radar,83,6,26,11,126,0,325,26,1,352,83,331,52,12,478,30,0,30,508
08/09/2023,MYR,SC,ASO,ES,Combined TRACON& Tower with Radar,86,11,28,17,142,0,395,44,0,439,86,406,72,17,581,54,4,58,639
08/10/2023,MYR,SC,ASO,ES,Combined TRACON& Tower with Radar,103,14,18,14,149,0,315,25,6,346,103,329,43,20,495,12,0,12,507
08/11/2023,MYR,SC,ASO,ES,Combined TRACON& Tower with Radar,118,15,29,3,165,0,282,31,0,313,118,297,60,3,478,14,0,14,492
08/12/2023,MYR,SC,ASO,ES,Combined TRACON& Tower with Radar,153,4,24,7,188,0,496,25,0,521,153,500,49,7,709,4,0,4,713
08/13/2023,MYR,SC,ASO,ES,Combined TRACON& Tower with Radar,112,8,13,0,133,0,538,14,0,552,112,546,27,0,685,28,0,28,713
08/14/2023,MYR,SC,ASO,ES,Combined TRACON& Tower with Radar,113,10,15,9,147,0,306,32,1,339,113,316,47,10,486,11,0,11,497
08/15/2023,MYR,SC,ASO,ES,Combined TRACON& Tower with Radar,85,7,18,4,114,0,423,24,3,450,85,430,42,7,564,24,0,24,588
08/16/2023,MYR,SC,ASO,ES,Combined TRACON& Tower with Radar,83,10,28,0,121,0,305,31,2,338,83,315,59,2,459,10,0,10,469
08/17/2023,MYR,SC,ASO,ES,Combined TRACON& Tower with Radar,94,13,18,14,139,0,339,30,1,370,94,352,48,15,509,32,14,46,555
08/18/2023,MYR,SC,ASO,ES,Combined TRACON& Tower with Radar,100,9,18,3,130,0,482,26,0,508,100,491,44,3,638,46,0,46,684
08/19/2023,MYR,SC,ASO,ES,Combined TRACON& Tower with Radar,122,13,12,1,148,0,586,27,0,613,122,599,39,1,761,18,0,18,779
08/20/2023,MYR,SC,ASO,ES,Combined TRACON& Tower with Radar,101,11,20,0,132,0,325,8,0,333,101,336,28,0,465,0,0,0,465
08/21/2023,MYR,SC,ASO,ES,Combined TRACON& Tower with Radar,100,11,19,18,148,0,282,17,2,301,100,293,36,20,449,36,0,36,485
08/22/2023,MYR,SC,ASO,ES,Combined TRACON& Tower with Radar,79,9,15,25,128,0,312,34,2,348,79,321,49,27,476,28,12,40,516
08/23/2023,MYR,SC,ASO,ES,Combined TRACON& Tower with Radar,84,19,11,23,137,0,339,44,0,383,84,358,55,23,520,14,0,14,534
08/24/2023,MYR,SC,ASO,ES,Combined TRACON& Tower with Radar,89,14,16,16,135,0,316,32,2,350,89,330,48,18,485,38,10,48,533
08/25/2023,MYR,SC,ASO,ES,Combined TRACON& Tower with Radar,98,14,35,20,167,0,289,46,0,335,98,303,81,20,502,18,0,18,520
08/26/2023,MYR,SC,ASO,ES,Combined TRACON& Tower with Radar,112,13,17,4,146,0,351,14,1,366,112,364,31,5,512,14,2,16,528
08/27/2023,MYR,SC,ASO,ES,Combined TRACON& Tower with Radar,89,8,23,6,126,0,349,8,3,360,89,357,31,9,486,0,0,0,486
08/28/2023,MYR,SC,ASO,ES,Combined TRACON& Tower with Radar,97,21,19,10,147,0,172,25,0,197,97,193,44,10,344,0,0,0,344
08/29/2023,MYR,SC,ASO,ES,Combined TRACON& Tower with Radar,85,12,27,28,152,0,166,27,0,193,85,178,54,28,345,12,0,12,357
08/30/2023,MYR,SC,ASO,ES,Combined TRACON& Tower with Radar,76,8,6,0,90,0,22,0,0,22,76,30,6,0,112,4,0,4,116
08/31/2023,MYR,SC,ASO,ES,Combined TRACON& Tower with Radar,72,8,4,2,86,0,116,11,0,127,72,124,15,2,213,10,0,10,223
