01/01/2000,NEW,LA,ASW,CE,Towers with Display (VFR),0,1,20,0,21,0,0,25,0,25,0,1,45,0,46,18,0,18,64
01/02/2000,NEW,LA,ASW,CE,Towers with Display (VFR),0,9,113,2,124,0,0,265,0,265,0,9,378,2,389,158,2,160,549
01/03/2000,NEW,LA,ASW,CE,Towers with Display (VFR),0,16,135,10,161,0,0,72,0,72,0,16,207,10,233,14,2,16,249
01/04/2000,NEW,LA,ASW,CE,Towers with Display (VFR),0,27,169,18,214,0,23,122,0,145,0,50,291,18,359,226,6,232,591
01/05/2000,NEW,LA,ASW,CE,Towers with Display (VFR),0,21,230,26,277,0,0,237,5,242,0,21,467,31,519,338,26,364,883
01/06/2000,NEW,LA,ASW,CE,Towers with Display (VFR),0,9,63,8,80,0,10,156,10,176,0,19,219,18,256,120,4,124,380
01/07/2000,NEW,LA,ASW,CE,Towers with Display (VFR),0,11,83,10,104,0,0,172,68,240,0,11,255,78,344,208,12,220,564
01/08/2000,NEW,LA,ASW,CE,Towers with Display (VFR),0,1,63,8,72,0,0,157,42,199,0,1,220,50,271,252,52,304,575
01/09/2000,NEW,LA,ASW,CE,Towers with Display (VFR),0,2,58,7,67,0,0,28,9,37,0,2,86,16,104,16,0,16,120
01/10/2000,NEW,LA,ASW,CE,Towers with Display (VFR),0,10,59,7,76,0,10,140,12,162,0,20,199,19,238,358,0,358,596
01/11/2000,NEW,LA,ASW,CE,Towers with Display (VFR),0,8,89,11,108,0,0,118,22,140,0,8,207,33,248,200,0,200,448
01/12/2000,NEW,LA,ASW,CE,Towers with Display (VFR),0,14,97,12,123,0,4,139,20,163,0,18,236,32,286,298,0,298,584
01/13/2000,NEW,LA,ASW,CE,Towers with Display (VFR),0,12,88,11,111,0,0,140,28,168,0,12,228,39,279,162,12,174,453
01/14/2000,NEW,LA,ASW,CE,Towers with Display (VFR),0,11,79,10,100,0,0,166,9,175,0,11,245,19,275,206,70,276,551
01/15/2000,NEW,LA,ASW,CE,Towers with Display (VFR),0,3,32,4,39,0,0,249,10,259,0,3,281,14,298,166,0,166,464
01/16/2000,NEW,LA,ASW,CE,Towers with Display (VFR),0,8,55,6,69,0,4,257,0,261,0,12,312,6,330,366,2,368,698
01/17/2000,NEW,LA,ASW,CE,Towers with Display (VFR),0,6,52,4,62,2,0,186,0,188,2,6,238,4,250,380,0,380,630
01/18/2000,NEW,LA,ASW,CE,Towers with Display (VFR),0,8,54,7,69,0,5,168,27,200,0,13,222,34,269,294,0,294,563
01/19/2000,NEW,LA,ASW,CE,Towers with Display (VFR),0,13,87,10,110,0,17,110,23,150,0,30,197,33,260,226,26,252,512
01/20/2000,NEW,LA,ASW,CE,Towers with Display (VFR),0,13,90,10,113,0,21,231,14,266,0,34,321,24,379,402,10,412,791
01/21/2000,NEW,LA,ASW,CE,Towers with Display (VFR),0,12,81,9,102,0,11,190,27,228,0,23,271,36,330,424,18,442,772
01/22/2000,NEW,LA,ASW,CE,Towers with Display (VFR),0,8,49,5,62,0,0,147,1,148,0,8,196,6,210,268,52,320,530
01/23/2000,NEW,LA,ASW,CE,Towers with Display (VFR),0,3,88,5,96,0,0,34,0,34,0,3,122,5,130,84,0,84,214
01/24/2000,NEW,LA,ASW,CE,Towers with Display (VFR),0,12,81,9,102,0,5,75,4,84,0,17,156,13,186,216,0,216,402
01/25/2000,NEW,LA,ASW,CE,Towers with Display (VFR),0,13,89,10,112,0,14,201,26,241,0,27,290,36,353,318,14,332,685
01/26/2000,NEW,LA,ASW,CE,Towers with Display (VFR),0,16,103,11,130,0,17,199,13,229,0,33,302,24,359,308,0,308,667
01/27/2000,NEW,LA,ASW,CE,Towers with Display (VFR),0,12,82,9,103,0,25,135,9,169,0,37,217,18,272,130,0,130,402
01/28/2000,NEW,LA,ASW,CE,Towers with Display (VFR),0,10,63,1,74,0,0,0,0,0,0,10,63,1,74,0,0,0,74
01/29/2000,NEW,LA,ASW,CE,Towers with Display (VFR),0,1,52,2,55,0,0,14,0,14,0,1,66,2,69,4,0,4,73
01/30/2000,NEW,LA,ASW,CE,Towers with Display (VFR),0,8,56,6,70,0,2,98,13,113,0,10,154,19,183,166,4,170,353
01/31/2000,NEW,LA,ASW,CE,Towers with Display (VFR),0,10,65,7,82,0,6,115,16,137,0,16,180,23,219,406,4,410,629
02/01/2000,NEW,LA,ASW,CE,Towers with Display (VFR),0,10,75,9,94,0,12,139,6,157,0,22,214,15,251,342,0,342,593
02/02/2000,NEW,LA,ASW,CE,Towers with Display (VFR),0,10,75,6,91,0,11,136,0,147,0,21,211,6,238,278,0,278,516
02/03/2000,NEW,LA,ASW,CE,Towers with Display (VFR),0,13,92,11,116,0,6,203,34,243,0,19,295,45,359,216,28,244,603
02/04/2000,NEW,LA,ASW,CE,Towers with Display (VFR),0,10,90,11,111,0,0,268,14,282,0,10,358,25,393,210,0,210,603
02/05/2000,NEW,LA,ASW,CE,Towers with Display (VFR),0,3,47,5,55,0,0,190,26,216,0,3,237,31,271,350,0,350,621
02/06/2000,NEW,LA,ASW,CE,Towers with Display (VFR),0,3,53,7,63,0,0,192,7,199,0,3,245,14,262,236,4,240,502
02/07/2000,NEW,LA,ASW,CE,Towers with Display (VFR),0,9,89,9,107,2,0,76,0,78,2,9,165,9,185,144,0,144,329
02/08/2000,NEW,LA,ASW,CE,Towers with Display (VFR),0,15,105,14,134,0,4,138,13,155,0,19,243,27,289,266,0,266,555
02/09/2000,NEW,LA,ASW,CE,Towers with Display (VFR),0,12,78,11,101,0,3,165,13,181,0,15,243,24,282,272,0,272,554
02/10/2000,NEW,LA,ASW,CE,Towers with Display (VFR),0,12,76,10,98,0,11,115,3,129,0,23,191,13,227,138,2,140,367
02/11/2000,NEW,LA,ASW,CE,Towers with Display (VFR),0,13,83,11,107,0,5,96,14,115,0,18,179,25,222,160,32,192,414
02/12/2000,NEW,LA,ASW,CE,Towers with Display (VFR),0,4,54,8,66,0,0,122,23,145,0,4,176,31,211,204,16,220,431
02/13/2000,NEW,LA,ASW,CE,Towers with Display (VFR),0,5,67,7,79,0,0,53,0,53,0,5,120,7,132,24,0,24,156
02/14/2000,NEW,LA,ASW,CE,Towers with Display (VFR),0,3,19,3,25,0,11,177,13,201,0,14,196,16,226,212,0,212,438
02/15/2000,NEW,LA,ASW,CE,Towers with Display (VFR),0,13,84,11,108,0,7,141,22,170,0,20,225,33,278,278,16,294,572
02/16/2000,NEW,LA,ASW,CE,Towers with Display (VFR),0,12,81,2,95,0,3,42,0,45,0,15,123,2,140,30,2,32,172
02/17/2000,NEW,LA,ASW,CE,Towers with Display (VFR),0,19,123,16,158,0,9,61,14,84,0,28,184,30,242,140,10,150,392
02/18/2000,NEW,LA,ASW,CE,Towers with Display (VFR),0,13,86,12,111,0,0,33,12,45,0,13,119,24,156,44,14,58,214
02/19/2000,NEW,LA,ASW,CE,Towers with Display (VFR),0,6,68,9,83,0,0,165,0,165,0,6,233,9,248,300,0,300,548
02/20/2000,NEW,LA,ASW,CE,Towers with Display (VFR),0,11,67,7,85,0,4,154,0,158,0,15,221,7,243,202,2,204,447
02/21/2000,NEW,LA,ASW,CE,Towers with Display (VFR),0,9,58,8,75,0,1,112,5,118,0,10,170,13,193,172,0,172,365
02/22/2000,NEW,LA,ASW,CE,Towers with Display (VFR),0,14,92,12,118,0,4,136,15,155,0,18,228,27,273,302,10,312,585
02/23/2000,NEW,LA,ASW,CE,Towers with Display (VFR),0,14,89,12,115,0,8,137,8,153,0,22,226,20,268,154,4,158,426
02/24/2000,NEW,LA,ASW,CE,Towers with Display (VFR),0,13,89,11,113,0,10,97,17,124,0,23,186,28,237,122,30,152,389
02/25/2000,NEW,LA,ASW,CE,Towers with Display (VFR),0,13,82,10,105,0,1,151,3,155,0,14,233,13,260,156,0,156,416
02/26/2000,NEW,LA,ASW,CE,Towers with Display (VFR),0,1,56,7,64,0,0,85,12,97,0,1,141,19,161,80,6,86,247
02/27/2000,NEW,LA,ASW,CE,Towers with Display (VFR),0,5,77,9,91,2,0,168,10,180,2,5,245,19,271,224,8,232,503
02/28/2000,NEW,LA,ASW,CE,Towers with Display (VFR),0,13,85,10,108,0,2,143,8,153,0,15,228,18,261,156,0,156,417
02/29/2000,NEW,LA,ASW,CE,Towers with Display (VFR),0,16,104,8,128,0,3,145,0,148,0,19,249,8,276,294,0,294,570
03/01/2000,NEW,LA,ASW,CE,Towers with Display (VFR),0,24,159,16,199,0,1,107,13,121,0,25,266,29,320,168,2,170,490
03/02/2000,NEW,LA,ASW,CE,Towers with Display (VFR),1,14,114,11,140,0,0,139,27,166,1,14,253,38,306,110,6,116,422
03/03/2000,NEW,LA,ASW,CE,Towers with Display (VFR),0,18,135,13,166,0,0,114,5,119,0,18,249,18,285,60,0,60,345
03/04/2000,NEW,LA,ASW,CE,Towers with Display (VFR),1,8,66,6,81,0,0,125,7,132,1,8,191,13,213,176,4,180,393
03/05/2000,NEW,LA,ASW,CE,Towers with Display (VFR),0,10,57,6,73,0,1,157,3,161,0,11,214,9,234,238,0,238,472
03/06/2000,NEW,LA,ASW,CE,Towers with Display (VFR),0,9,55,6,70,0,0,172,1,173,0,9,227,7,243,186,0,186,429
03/07/2000,NEW,LA,ASW,CE,Towers with Display (VFR),0,11,66,7,84,0,1,85,1,87,0,12,151,8,171,56,2,58,229
03/08/2000,NEW,LA,ASW,CE,Towers with Display (VFR),0,22,140,15,177,0,2,107,1,110,0,24,247,16,287,116,10,126,413
03/09/2000,NEW,LA,ASW,CE,Towers with Display (VFR),0,13,91,10,114,0,0,74,13,87,0,13,165,23,201,132,0,132,333
03/10/2000,NEW,LA,ASW,CE,Towers with Display (VFR),0,14,88,9,111,0,8,105,11,124,0,22,193,20,235,146,2,148,383
03/11/2000,NEW,LA,ASW,CE,Towers with Display (VFR),0,5,42,5,52,0,0,63,5,68,0,5,105,10,120,178,8,186,306
03/12/2000,NEW,LA,ASW,CE,Towers with Display (VFR),0,8,76,4,88,0,0,192,0,192,0,8,268,4,280,256,0,256,536
03/13/2000,NEW,LA,ASW,CE,Towers with Display (VFR),0,9,57,6,72,0,10,121,16,147,0,19,178,22,219,226,0,226,445
03/14/2000,NEW,LA,ASW,CE,Towers with Display (VFR),0,9,61,7,77,0,14,194,15,223,0,23,255,22,300,216,0,216,516
03/15/2000,NEW,LA,ASW,CE,Towers with Display (VFR),0,15,88,9,112,0,5,58,1,64,0,20,146,10,176,30,2,32,208
03/16/2000,NEW,LA,ASW,CE,Towers with Display (VFR),0,14,85,9,108,0,3,98,33,134,0,17,183,42,242,80,4,84,326
03/17/2000,NEW,LA,ASW,CE,Towers with Display (VFR),0,10,81,9,100,0,0,120,12,132,0,10,201,21,232,184,0,184,416
03/18/2000,NEW,LA,ASW,CE,Towers with Display (VFR),0,5,46,0,51,0,0,31,0,31,0,5,77,0,82,44,0,44,126
03/19/2000,NEW,LA,ASW,CE,Towers with Display (VFR),0,11,69,8,88,1,0,38,1,40,1,11,107,9,128,86,0,86,214
03/20/2000,NEW,LA,ASW,CE,Towers with Display (VFR),0,11,72,7,90,0,8,65,17,90,0,19,137,24,180,306,0,306,486
03/21/2000,NEW,LA,ASW,CE,Towers with Display (VFR),0,11,73,7,91,0,10,129,12,151,0,21,202,19,242,158,0,158,400
03/22/2000,NEW,LA,ASW,CE,Towers with Display (VFR),0,14,87,8,109,0,0,146,15,161,0,14,233,23,270,214,4,218,488
03/23/2000,NEW,LA,ASW,CE,Towers with Display (VFR),0,11,70,7,88,0,4,187,22,213,0,15,257,29,301,176,2,178,479
03/24/2000,NEW,LA,ASW,CE,Towers with Display (VFR),0,14,101,7,122,0,0,185,0,185,0,14,286,7,307,107,0,107,414
03/25/2000,NEW,LA,ASW,CE,Towers with Display (VFR),0,2,58,5,65,0,0,143,5,148,0,2,201,10,213,316,0,316,529
03/26/2000,NEW,LA,ASW,CE,Towers with Display (VFR),0,9,62,6,77,0,6,80,5,91,0,15,142,11,168,4,2,6,174
03/27/2000,NEW,LA,ASW,CE,Towers with Display (VFR),0,10,59,5,74,0,0,111,1,112,0,10,170,6,186,176,0,176,362
03/28/2000,NEW,LA,ASW,CE,Towers with Display (VFR),0,14,92,9,115,0,7,106,43,156,0,21,198,52,271,218,12,230,501
03/29/2000,NEW,LA,ASW,CE,Towers with Display (VFR),0,15,94,9,118,0,8,65,3,76,0,23,159,12,194,74,0,74,268
03/30/2000,NEW,LA,ASW,CE,Towers with Display (VFR),0,10,66,6,82,0,4,125,19,148,0,14,191,25,230,170,0,170,400
03/31/2000,NEW,LA,ASW,CE,Towers with Display (VFR),0,13,82,8,103,0,1,113,31,145,0,14,195,39,248,79,0,79,327
04/01/2000,NEW,LA,ASW,CE,Towers with Display (VFR),0,7,51,5,63,0,0,71,8,79,0,7,122,13,142,120,0,120,262
04/02/2000,NEW,LA,ASW,CE,Towers with Display (VFR),0,10,64,8,82,0,3,74,0,77,0,13,138,8,159,140,0,140,299
04/03/2000,NEW,LA,ASW,CE,Towers with Display (VFR),0,9,59,0,68,0,6,19,0,25,0,15,78,0,93,0,0,0,93
04/04/2000,NEW,LA,ASW,CE,Towers with Display (VFR),0,17,93,11,121,0,6,144,18,168,0,23,237,29,289,276,48,324,613
04/05/2000,NEW,LA,ASW,CE,Towers with Display (VFR),0,16,86,10,112,0,11,197,9,217,0,27,283,19,329,208,4,212,541
04/06/2000,NEW,LA,ASW,CE,Towers with Display (VFR),0,20,137,16,173,0,0,155,27,182,0,20,292,43,355,250,0,250,605
04/07/2000,NEW,LA,ASW,CE,Towers with Display (VFR),0,18,100,12,130,0,1,140,19,160,0,19,240,31,290,240,14,254,544
04/08/2000,NEW,LA,ASW,CE,Towers with Display (VFR),0,8,44,5,57,0,1,79,0,80,0,9,123,5,137,52,0,52,189
04/09/2000,NEW,LA,ASW,CE,Towers with Display (VFR),0,8,77,9,94,0,0,150,5,155,0,8,227,14,249,326,4,330,579
04/10/2000,NEW,LA,ASW,CE,Towers with Display (VFR),0,12,66,8,86,2,9,165,17,193,2,21,231,25,279,312,6,318,597
04/11/2000,NEW,LA,ASW,CE,Towers with Display (VFR),0,13,69,8,90,0,13,85,14,112,0,26,154,22,202,160,0,160,362
04/12/2000,NEW,LA,ASW,CE,Towers with Display (VFR),0,14,76,9,99,0,3,189,15,207,0,17,265,24,306,280,8,288,594
04/13/2000,NEW,LA,ASW,CE,Towers with Display (VFR),0,20,111,13,144,0,4,84,14,102,0,24,195,27,246,76,6,82,328
04/14/2000,NEW,LA,ASW,CE,Towers with Display (VFR),0,17,95,11,123,0,1,59,2,62,0,18,154,13,185,76,0,76,261
04/15/2000,NEW,LA,ASW,CE,Towers with Display (VFR),0,6,61,2,69,0,0,99,0,99,0,6,160,2,168,220,0,220,388
04/16/2000,NEW,LA,ASW,CE,Towers with Display (VFR),0,6,64,8,78,0,0,204,0,204,0,6,268,8,282,370,0,370,652
04/17/2000,NEW,LA,ASW,CE,Towers with Display (VFR),0,16,93,10,119,0,0,110,14,124,0,16,203,24,243,198,0,198,441
04/18/2000,NEW,LA,ASW,CE,Towers with Display (VFR),0,13,73,8,94,1,17,190,10,218,1,30,263,18,312,364,8,372,684
04/19/2000,NEW,LA,ASW,CE,Towers with Display (VFR),0,19,108,12,139,0,4,156,9,169,0,23,264,21,308,208,0,208,516
04/20/2000,NEW,LA,ASW,CE,Towers with Display (VFR),0,19,111,12,142,0,7,148,20,175,0,26,259,32,317,230,22,252,569
04/21/2000,NEW,LA,ASW,CE,Towers with Display (VFR),0,9,55,6,70,0,3,132,5,140,0,12,187,11,210,108,0,108,318
04/22/2000,NEW,LA,ASW,CE,Towers with Display (VFR),0,0,4,0,4,0,5,176,0,181,0,5,180,0,185,180,0,180,365
04/23/2000,NEW,LA,ASW,CE,Towers with Display (VFR),0,7,35,3,45,0,1,59,1,61,0,8,94,4,106,68,4,72,178
04/24/2000,NEW,LA,ASW,CE,Towers with Display (VFR),0,12,69,7,88,0,0,97,8,105,0,12,166,15,193,134,0,134,327
04/25/2000,NEW,LA,ASW,CE,Towers with Display (VFR),0,10,53,5,68,0,20,132,18,170,0,30,185,23,238,180,2,182,420
04/26/2000,NEW,LA,ASW,CE,Towers with Display (VFR),0,12,66,7,85,0,11,177,2,190,0,23,243,9,275,158,0,158,433
04/27/2000,NEW,LA,ASW,CE,Towers with Display (VFR),0,18,104,11,133,0,0,171,12,183,0,18,275,23,316,300,0,300,616
04/28/2000,NEW,LA,ASW,CE,Towers with Display (VFR),0,16,87,9,112,0,0,129,3,132,0,16,216,12,244,168,0,168,412
04/29/2000,NEW,LA,ASW,CE,Towers with Display (VFR),0,1,10,1,12,0,7,203,10,220,0,8,213,11,232,232,2,234,466
04/30/2000,NEW,LA,ASW,CE,Towers with Display (VFR),0,5,72,4,81,0,0,193,0,193,0,5,265,4,274,135,4,139,413
05/01/2000,NEW,LA,ASW,CE,Towers with Display (VFR),0,12,68,8,88,0,10,197,15,222,0,22,265,23,310,244,4,248,558
05/02/2000,NEW,LA,ASW,CE,Towers with Display (VFR),0,15,83,10,108,0,7,133,5,145,0,22,216,15,253,170,2,172,425
05/03/2000,NEW,LA,ASW,CE,Towers with Display (VFR),0,12,69,5,86,0,9,137,0,146,0,21,206,5,232,248,0,248,480
05/04/2000,NEW,LA,ASW,CE,Towers with Display (VFR),0,20,116,14,150,0,0,99,2,101,0,20,215,16,251,82,0,82,333
05/05/2000,NEW,LA,ASW,CE,Towers with Display (VFR),0,15,75,8,98,0,10,116,0,126,0,25,191,8,224,130,0,130,354
05/06/2000,NEW,LA,ASW,CE,Towers with Display (VFR),0,6,47,7,60,0,0,212,4,216,0,6,259,11,276,284,0,284,560
05/07/2000,NEW,LA,ASW,CE,Towers with Display (VFR),0,22,116,1,139,0,1,14,0,15,0,23,130,1,154,326,0,326,480
05/08/2000,NEW,LA,ASW,CE,Towers with Display (VFR),0,16,83,3,102,0,6,131,0,137,0,22,214,3,239,254,0,254,493
05/09/2000,NEW,LA,ASW,CE,Towers with Display (VFR),0,19,100,13,132,0,0,222,47,269,0,19,322,60,401,326,0,326,727
05/10/2000,NEW,LA,ASW,CE,Towers with Display (VFR),0,21,112,15,148,0,11,170,4,185,0,32,282,19,333,188,8,196,529
05/11/2000,NEW,LA,ASW,CE,Towers with Display (VFR),0,23,119,13,155,2,0,113,0,115,2,23,232,13,270,98,0,98,368
05/12/2000,NEW,LA,ASW,CE,Towers with Display (VFR),0,15,96,13,124,0,0,97,27,124,0,15,193,40,248,130,8,138,386
05/13/2000,NEW,LA,ASW,CE,Towers with Display (VFR),0,4,34,5,43,0,0,134,27,161,0,4,168,32,204,212,14,226,430
05/14/2000,NEW,LA,ASW,CE,Towers with Display (VFR),0,4,35,5,44,0,0,110,7,117,0,4,145,12,161,70,0,70,231
05/15/2000,NEW,LA,ASW,CE,Towers with Display (VFR),0,9,50,7,66,0,5,206,8,219,0,14,256,15,285,180,45,225,510
05/16/2000,NEW,LA,ASW,CE,Towers with Display (VFR),0,18,97,13,128,0,11,170,32,213,0,29,267,45,341,424,0,424,765
05/17/2000,NEW,LA,ASW,CE,Towers with Display (VFR),0,14,74,10,98,0,2,112,4,118,0,16,186,14,216,178,26,204,420
05/18/2000,NEW,LA,ASW,CE,Towers with Display (VFR),0,17,86,11,114,0,8,101,14,123,0,25,187,25,237,140,4,144,381
05/19/2000,NEW,LA,ASW,CE,Towers with Display (VFR),0,17,91,12,120,0,7,103,16,126,0,24,194,28,246,114,8,122,368
05/20/2000,NEW,LA,ASW,CE,Towers with Display (VFR),0,2,29,3,34,1,0,158,15,174,1,2,187,18,208,210,0,210,418
05/21/2000,NEW,LA,ASW,CE,Towers with Display (VFR),0,10,57,7,74,0,15,154,9,178,0,25,211,16,252,190,0,190,442
05/22/2000,NEW,LA,ASW,CE,Towers with Display (VFR),0,10,54,6,70,0,11,229,6,246,0,21,283,12,316,204,0,204,520
05/23/2000,NEW,LA,ASW,CE,Towers with Display (VFR),0,14,74,9,97,1,4,252,9,266,1,18,326,18,363,318,4,322,685
05/24/2000,NEW,LA,ASW,CE,Towers with Display (VFR),0,14,70,8,92,1,11,179,15,206,1,25,249,23,298,276,12,288,586
05/25/2000,NEW,LA,ASW,CE,Towers with Display (VFR),0,14,75,9,98,0,23,135,3,161,0,37,210,12,259,142,0,142,401
05/26/2000,NEW,LA,ASW,CE,Towers with Display (VFR),0,12,64,4,80,0,3,79,0,82,0,15,143,4,162,6,104,110,272
05/27/2000,NEW,LA,ASW,CE,Towers with Display (VFR),0,11,57,0,68,0,5,80,0,85,0,16,137,0,153,138,0,138,291
05/28/2000,NEW,LA,ASW,CE,Towers with Display (VFR),0,3,19,2,24,0,0,110,3,113,0,3,129,5,137,116,0,116,253
05/29/2000,NEW,LA,ASW,CE,Towers with Display (VFR),0,4,51,4,59,0,0,138,0,138,0,4,189,4,197,148,0,148,345
05/30/2000,NEW,LA,ASW,CE,Towers with Display (VFR),0,9,49,6,64,0,10,144,10,164,0,19,193,16,228,204,0,204,432
05/31/2000,NEW,LA,ASW,CE,Towers with Display (VFR),0,8,45,5,58,0,12,87,11,110,0,20,132,16,168,144,4,148,316
06/01/2000,NEW,LA,ASW,CE,Towers with Display (VFR),0,15,70,12,97,0,7,81,14,102,0,22,151,26,199,120,2,122,321
06/02/2000,NEW,LA,ASW,CE,Towers with Display (VFR),0,13,56,9,78,0,1,117,29,147,0,14,173,38,225,138,6,144,369
06/03/2000,NEW,LA,ASW,CE,Towers with Display (VFR),0,2,55,10,67,0,0,182,9,191,0,2,237,19,258,212,40,252,510
06/04/2000,NEW,LA,ASW,CE,Towers with Display (VFR),0,8,52,9,69,0,0,86,8,94,0,8,138,17,163,88,10,98,261
06/05/2000,NEW,LA,ASW,CE,Towers with Display (VFR),0,9,48,9,66,0,8,89,22,119,0,17,137,31,185,136,0,136,321
06/06/2000,NEW,LA,ASW,CE,Towers with Display (VFR),0,15,73,13,101,0,5,103,28,136,0,20,176,41,237,148,46,194,431
06/07/2000,NEW,LA,ASW,CE,Towers with Display (VFR),0,12,57,10,79,0,10,170,16,196,0,22,227,26,275,326,52,378,653
06/08/2000,NEW,LA,ASW,CE,Towers with Display (VFR),0,15,72,13,100,0,15,215,4,234,0,30,287,17,334,310,6,316,650
06/09/2000,NEW,LA,ASW,CE,Towers with Display (VFR),0,16,82,15,113,0,0,84,9,93,0,16,166,24,206,100,6,106,312
06/10/2000,NEW,LA,ASW,CE,Towers with Display (VFR),0,5,43,4,52,0,0,152,0,152,0,5,195,4,204,202,4,206,410
06/11/2000,NEW,LA,ASW,CE,Towers with Display (VFR),0,3,44,3,50,0,0,109,0,109,0,3,153,3,159,152,4,156,315
06/12/2000,NEW,LA,ASW,CE,Towers with Display (VFR),0,9,44,8,61,0,2,119,7,128,0,11,163,15,189,300,4,304,493
06/13/2000,NEW,LA,ASW,CE,Towers with Display (VFR),0,12,58,11,81,0,14,130,14,158,0,26,188,25,239,334,8,342,581
06/14/2000,NEW,LA,ASW,CE,Towers with Display (VFR),0,11,56,2,69,0,4,6,0,10,0,15,62,2,79,100,0,100,179
06/15/2000,NEW,LA,ASW,CE,Towers with Display (VFR),0,12,58,7,77,0,6,92,0,98,0,18,150,7,175,98,0,98,273
06/16/2000,NEW,LA,ASW,CE,Towers with Display (VFR),0,11,54,8,73,0,11,90,0,101,0,22,144,8,174,44,2,46,220
06/17/2000,NEW,LA,ASW,CE,Towers with Display (VFR),0,4,38,7,49,0,0,64,21,85,0,4,102,28,134,156,42,198,332
06/18/2000,NEW,LA,ASW,CE,Towers with Display (VFR),0,5,43,7,55,0,0,76,8,84,0,5,119,15,139,88,4,92,231
06/19/2000,NEW,LA,ASW,CE,Towers with Display (VFR),0,10,47,7,64,0,7,127,6,140,0,17,174,13,204,276,2,278,482
06/20/2000,NEW,LA,ASW,CE,Towers with Display (VFR),0,14,67,11,92,0,2,141,11,154,0,16,208,22,246,216,0,216,462
06/21/2000,NEW,LA,ASW,CE,Towers with Display (VFR),0,16,79,13,108,0,2,144,8,154,0,18,223,21,262,156,12,168,430
06/22/2000,NEW,LA,ASW,CE,Towers with Display (VFR),0,12,61,10,83,0,16,147,6,169,0,28,208,16,252,170,2,172,424
06/23/2000,NEW,LA,ASW,CE,Towers with Display (VFR),0,11,56,9,76,0,3,144,9,156,0,14,200,18,232,252,4,256,488
06/24/2000,NEW,LA,ASW,CE,Towers with Display (VFR),0,6,49,8,63,0,0,142,19,161,0,6,191,27,224,186,14,200,424
06/25/2000,NEW,LA,ASW,CE,Towers with Display (VFR),0,9,65,10,84,0,0,177,1,178,0,9,242,11,262,140,0,140,402
06/26/2000,NEW,LA,ASW,CE,Towers with Display (VFR),0,14,70,10,94,0,8,124,0,132,0,22,194,10,226,256,0,256,482
06/27/2000,NEW,LA,ASW,CE,Towers with Display (VFR),0,13,64,6,83,0,3,136,0,139,0,16,200,6,222,294,0,294,516
06/28/2000,NEW,LA,ASW,CE,Towers with Display (VFR),0,11,57,9,77,0,10,118,7,135,0,21,175,16,212,68,14,82,294
06/29/2000,NEW,LA,ASW,CE,Towers with Display (VFR),0,13,65,10,88,0,19,128,0,147,0,32,193,10,235,216,0,216,451
06/30/2000,NEW,LA,ASW,CE,Towers with Display (VFR),0,11,54,4,69,0,5,78,0,83,0,16,132,4,152,166,4,170,322
07/01/2000,NEW,LA,ASW,CE,Towers with Display (VFR),0,4,24,3,31,0,2,98,2,102,0,6,122,5,133,160,6,166,299
07/02/2000,NEW,LA,ASW,CE,Towers with Display (VFR),0,6,24,3,33,0,3,125,1,129,0,9,149,4,162,140,0,140,302
07/03/2000,NEW,LA,ASW,CE,Towers with Display (VFR),0,5,20,1,26,0,8,142,0,150,0,13,162,1,176,320,0,320,496
07/04/2000,NEW,LA,ASW,CE,Towers with Display (VFR),0,3,14,3,20,0,5,134,1,140,0,8,148,4,160,228,0,228,388
07/05/2000,NEW,LA,ASW,CE,Towers with Display (VFR),0,10,40,6,56,0,9,91,9,109,0,19,131,15,165,86,2,88,253
07/06/2000,NEW,LA,ASW,CE,Towers with Display (VFR),0,12,52,8,72,0,7,162,8,177,0,19,214,16,249,232,2,234,483
07/07/2000,NEW,LA,ASW,CE,Towers with Display (VFR),0,11,49,8,68,0,2,89,1,92,0,13,138,9,160,180,2,182,342
07/08/2000,NEW,LA,ASW,CE,Towers with Display (VFR),0,9,39,6,54,0,1,157,5,163,0,10,196,11,217,168,48,216,433
07/09/2000,NEW,LA,ASW,CE,Towers with Display (VFR),0,3,37,6,46,0,0,76,0,76,0,3,113,6,122,80,0,80,202
07/10/2000,NEW,LA,ASW,CE,Towers with Display (VFR),0,11,51,6,68,0,2,129,0,131,0,13,180,6,199,176,6,182,381
07/11/2000,NEW,LA,ASW,CE,Towers with Display (VFR),0,13,56,9,78,0,9,112,18,139,0,22,168,27,217,116,4,120,337
07/12/2000,NEW,LA,ASW,CE,Towers with Display (VFR),0,13,58,9,80,0,6,146,12,164,0,19,204,21,244,0,0,0,244
07/13/2000,NEW,LA,ASW,CE,Towers with Display (VFR),0,16,68,10,94,0,1,109,10,120,0,17,177,20,214,134,2,136,350
07/14/2000,NEW,LA,ASW,CE,Towers with Display (VFR),0,14,63,10,87,0,12,92,2,106,0,26,155,12,193,38,0,38,231
07/15/2000,NEW,LA,ASW,CE,Towers with Display (VFR),0,8,38,6,52,0,0,145,12,157,0,8,183,18,209,174,40,214,423
07/16/2000,NEW,LA,ASW,CE,Towers with Display (VFR),0,10,45,7,62,2,0,95,17,114,2,10,140,24,176,110,0,110,286
07/17/2000,NEW,LA,ASW,CE,Towers with Display (VFR),0,10,45,3,58,0,1,115,0,116,0,11,160,3,174,280,2,282,456
07/18/2000,NEW,LA,ASW,CE,Towers with Display (VFR),0,11,47,6,64,0,4,121,13,138,0,15,168,19,202,258,6,264,466
07/19/2000,NEW,LA,ASW,CE,Towers with Display (VFR),0,11,51,7,69,0,9,120,18,147,0,20,171,25,216,114,6,120,336
07/20/2000,NEW,LA,ASW,CE,Towers with Display (VFR),0,17,78,11,106,0,3,132,10,145,0,20,210,21,251,168,6,174,425
07/21/2000,NEW,LA,ASW,CE,Towers with Display (VFR),0,17,75,10,102,0,0,116,11,127,0,17,191,21,229,202,0,202,431
07/22/2000,NEW,LA,ASW,CE,Towers with Display (VFR),0,6,49,6,61,0,0,91,23,114,0,6,140,29,175,148,86,234,409
07/23/2000,NEW,LA,ASW,CE,Towers with Display (VFR),0,7,43,6,56,0,0,72,10,82,0,7,115,16,138,96,0,96,234
07/24/2000,NEW,LA,ASW,CE,Towers with Display (VFR),0,7,36,5,48,0,3,151,0,154,0,10,187,5,202,156,0,156,358
07/25/2000,NEW,LA,ASW,CE,Towers with Display (VFR),0,11,47,6,64,0,7,94,2,103,0,18,141,8,167,92,0,92,259
07/26/2000,NEW,LA,ASW,CE,Towers with Display (VFR),0,9,40,5,54,0,6,123,12,141,0,15,163,17,195,62,11,73,268
07/27/2000,NEW,LA,ASW,CE,Towers with Display (VFR),0,11,47,6,64,0,3,106,4,113,0,14,153,10,177,74,8,82,259
07/28/2000,NEW,LA,ASW,CE,Towers with Display (VFR),0,7,36,5,48,0,7,104,5,116,0,14,140,10,164,186,1,187,351
07/29/2000,NEW,LA,ASW,CE,Towers with Display (VFR),0,3,24,3,30,0,0,132,3,135,0,3,156,6,165,74,2,76,241
07/30/2000,NEW,LA,ASW,CE,Towers with Display (VFR),0,2,30,3,35,0,0,69,0,69,0,2,99,3,104,134,0,134,238
07/31/2000,NEW,LA,ASW,CE,Towers with Display (VFR),0,11,49,4,64,0,3,85,0,88,0,14,134,4,152,148,0,148,300
08/01/2000,NEW,LA,ASW,CE,Towers with Display (VFR),0,10,39,3,52,0,2,79,6,87,0,12,118,9,139,178,0,178,317
08/02/2000,NEW,LA,ASW,CE,Towers with Display (VFR),0,10,35,2,47,0,5,151,5,161,0,15,186,7,208,158,60,218,426
08/03/2000,NEW,LA,ASW,CE,Towers with Display (VFR),0,13,48,3,64,0,4,111,1,116,0,17,159,4,180,56,12,68,248
08/04/2000,NEW,LA,ASW,CE,Towers with Display (VFR),0,11,41,3,55,0,1,123,14,138,0,12,164,17,193,100,2,102,295
08/05/2000,NEW,LA,ASW,CE,Towers with Display (VFR),0,2,26,2,30,0,0,150,0,150,0,2,176,2,180,122,0,122,302
08/06/2000,NEW,LA,ASW,CE,Towers with Display (VFR),0,0,29,3,32,0,0,103,1,104,0,0,132,4,136,174,0,174,310
08/07/2000,NEW,LA,ASW,CE,Towers with Display (VFR),0,8,31,3,42,0,3,93,0,96,0,11,124,3,138,196,0,196,334
08/08/2000,NEW,LA,ASW,CE,Towers with Display (VFR),0,10,41,4,55,0,3,115,14,132,0,13,156,18,187,108,0,108,295
08/09/2000,NEW,LA,ASW,CE,Towers with Display (VFR),0,10,41,4,55,0,9,126,11,146,0,19,167,15,201,70,4,74,275
08/10/2000,NEW,LA,ASW,CE,Towers with Display (VFR),0,13,53,5,71,0,0,67,7,74,0,13,120,12,145,4,0,4,149
08/11/2000,NEW,LA,ASW,CE,Towers with Display (VFR),0,8,32,3,43,0,0,169,14,183,0,8,201,17,226,200,2,202,428
08/12/2000,NEW,LA,ASW,CE,Towers with Display (VFR),0,3,37,4,44,0,0,90,4,94,0,3,127,8,138,44,0,44,182
08/13/2000,NEW,LA,ASW,CE,Towers with Display (VFR),0,2,21,2,25,0,0,158,3,161,0,2,179,5,186,138,0,138,324
08/14/2000,NEW,LA,ASW,CE,Towers with Display (VFR),0,8,31,3,42,0,1,111,10,122,0,9,142,13,164,30,0,30,194
08/15/2000,NEW,LA,ASW,CE,Towers with Display (VFR),0,8,33,3,44,0,8,112,14,134,0,16,145,17,178,76,0,76,254
08/16/2000,NEW,LA,ASW,CE,Towers with Display (VFR),0,6,26,3,35,0,14,137,11,162,0,20,163,14,197,82,10,92,289
08/17/2000,NEW,LA,ASW,CE,Towers with Display (VFR),0,10,36,3,49,0,13,114,9,136,0,23,150,12,185,140,0,140,325
08/18/2000,NEW,LA,ASW,CE,Towers with Display (VFR),0,10,41,3,54,0,8,125,5,138,0,18,166,8,192,86,2,88,280
08/19/2000,NEW,LA,ASW,CE,Towers with Display (VFR),0,0,26,2,28,0,0,104,7,111,0,0,130,9,139,60,0,60,199
08/20/2000,NEW,LA,ASW,CE,Towers with Display (VFR),0,4,25,1,30,0,0,121,4,125,0,4,146,5,155,58,0,58,213
08/21/2000,NEW,LA,ASW,CE,Towers with Display (VFR),0,8,40,3,51,0,0,113,5,118,0,8,153,8,169,120,2,122,291
08/22/2000,NEW,LA,ASW,CE,Towers with Display (VFR),0,11,43,3,57,0,1,66,10,77,0,12,109,13,134,26,10,36,170
08/23/2000,NEW,LA,ASW,CE,Towers with Display (VFR),0,9,40,3,52,0,8,117,7,132,0,17,157,10,184,68,0,68,252
08/24/2000,NEW,LA,ASW,CE,Towers with Display (VFR),0,12,51,4,67,0,2,124,11,137,0,14,175,15,204,50,0,50,254
08/25/2000,NEW,LA,ASW,CE,Towers with Display (VFR),0,10,43,3,56,0,6,147,4,157,0,16,190,7,213,172,2,174,387
08/26/2000,NEW,LA,ASW,CE,Towers with Display (VFR),0,3,20,1,24,0,0,141,4,145,0,3,161,5,169,236,2,238,407
08/27/2000,NEW,LA,ASW,CE,Towers with Display (VFR),0,2,26,2,30,0,0,146,2,148,0,2,172,4,178,128,2,130,308
08/28/2000,NEW,LA,ASW,CE,Towers with Display (VFR),0,7,31,2,40,0,3,92,17,112,0,10,123,19,152,108,4,112,264
08/29/2000,NEW,LA,ASW,CE,Towers with Display (VFR),0,10,43,3,56,0,4,115,11,130,0,14,158,14,186,184,0,184,370
08/30/2000,NEW,LA,ASW,CE,Towers with Display (VFR),0,11,43,3,57,0,5,118,14,137,0,16,161,17,194,0,0,0,194
08/31/2000,NEW,LA,ASW,CE,Towers with Display (VFR),0,12,46,3,61,0,7,77,15,99,0,19,123,18,160,12,6,18,178
09/01/2000,NEW,LA,ASW,CE,Towers with Display (VFR),0,6,38,2,46,0,10,163,5,178,0,16,201,7,224,102,0,102,326
09/02/2000,NEW,LA,ASW,CE,Towers with Display (VFR),0,0,30,2,32,0,0,140,3,143,0,0,170,5,175,76,0,76,251
09/03/2000,NEW,LA,ASW,CE,Towers with Display (VFR),0,2,24,2,28,0,0,64,5,69,0,2,88,7,97,72,0,72,169
09/04/2000,NEW,LA,ASW,CE,Towers with Display (VFR),0,2,38,3,43,0,0,106,7,113,0,2,144,10,156,202,0,202,358
09/05/2000,NEW,LA,ASW,CE,Towers with Display (VFR),0,9,58,4,71,0,0,86,2,88,0,9,144,6,159,34,6,40,199
09/06/2000,NEW,LA,ASW,CE,Towers with Display (VFR),0,6,36,2,44,0,5,71,0,76,0,11,107,2,120,0,0,0,120
09/07/2000,NEW,LA,ASW,CE,Towers with Display (VFR),0,9,58,4,71,0,5,47,3,55,0,14,105,7,126,12,0,12,138
09/08/2000,NEW,LA,ASW,CE,Towers with Display (VFR),0,6,31,2,39,0,2,110,4,116,0,8,141,6,155,0,16,16,171
09/09/2000,NEW,LA,ASW,CE,Towers with Display (VFR),0,0,24,1,25,0,0,58,0,58,0,0,82,1,83,102,0,102,185
09/10/2000,NEW,LA,ASW,CE,Towers with Display (VFR),0,1,36,0,37,0,0,112,0,112,0,1,148,0,149,186,0,186,335
09/11/2000,NEW,LA,ASW,CE,Towers with Display (VFR),0,8,51,4,63,0,4,142,4,150,0,12,193,8,213,88,0,88,301
09/12/2000,NEW,LA,ASW,CE,Towers with Display (VFR),0,9,50,3,62,0,6,85,0,91,0,15,135,3,153,148,0,148,301
09/13/2000,NEW,LA,ASW,CE,Towers with Display (VFR),0,9,56,4,69,0,12,77,5,94,0,21,133,9,163,54,0,54,217
09/14/2000,NEW,LA,ASW,CE,Towers with Display (VFR),0,12,86,6,104,0,0,183,13,196,0,12,269,19,300,134,0,134,434
09/15/2000,NEW,LA,ASW,CE,Towers with Display (VFR),0,9,63,3,75,0,0,130,6,136,0,9,193,9,211,132,22,154,365
09/16/2000,NEW,LA,ASW,CE,Towers with Display (VFR),0,4,39,2,45,0,0,178,8,186,0,4,217,10,231,172,0,172,403
09/17/2000,NEW,LA,ASW,CE,Towers with Display (VFR),0,11,64,3,78,0,1,275,4,280,0,12,339,7,358,122,0,122,480
09/18/2000,NEW,LA,ASW,CE,Towers with Display (VFR),0,9,58,3,70,0,4,157,12,173,0,13,215,15,243,224,0,224,467
09/19/2000,NEW,LA,ASW,CE,Towers with Display (VFR),0,14,89,5,108,0,8,119,11,138,0,22,208,16,246,116,0,116,362
09/20/2000,NEW,LA,ASW,CE,Towers with Display (VFR),0,11,63,3,77,0,5,109,16,130,0,16,172,19,207,86,4,90,297
09/21/2000,NEW,LA,ASW,CE,Towers with Display (VFR),0,12,73,4,89,0,4,143,5,152,0,16,216,9,241,81,0,81,322
09/22/2000,NEW,LA,ASW,CE,Towers with Display (VFR),0,10,59,3,72,0,6,97,3,106,0,16,156,6,178,104,10,114,292
09/23/2000,NEW,LA,ASW,CE,Towers with Display (VFR),0,0,28,1,29,0,0,204,1,205,0,0,232,2,234,92,0,92,326
09/24/2000,NEW,LA,ASW,CE,Towers with Display (VFR),0,10,59,3,72,0,2,164,5,171,0,12,223,8,243,198,0,198,441
09/25/2000,NEW,LA,ASW,CE,Towers with Display (VFR),0,13,80,4,97,1,10,144,3,158,1,23,224,7,255,228,2,230,485
09/26/2000,NEW,LA,ASW,CE,Towers with Display (VFR),0,14,84,4,102,0,2,154,9,165,0,16,238,13,267,232,50,282,549
09/27/2000,NEW,LA,ASW,CE,Towers with Display (VFR),0,13,97,5,115,0,0,146,8,154,0,13,243,13,269,176,10,186,455
09/28/2000,NEW,LA,ASW,CE,Towers with Display (VFR),0,15,94,5,114,0,4,203,2,209,0,19,297,7,323,182,6,188,511
09/29/2000,NEW,LA,ASW,CE,Towers with Display (VFR),0,14,104,6,124,0,0,194,0,194,0,14,298,6,318,122,0,122,440
09/30/2000,NEW,LA,ASW,CE,Towers with Display (VFR),0,7,59,2,68,0,0,173,0,173,0,7,232,2,241,134,0,134,375
10/01/2000,NEW,LA,ASW,CE,Towers with Display (VFR),0,8,67,0,75,0,0,193,0,193,0,8,260,0,268,238,0,238,506
10/02/2000,NEW,LA,ASW,CE,Towers with Display (VFR),0,9,60,3,72,0,5,135,25,165,0,14,195,28,237,168,8,176,413
10/03/2000,NEW,LA,ASW,CE,Towers with Display (VFR),0,10,68,3,81,0,6,165,21,192,0,16,233,24,273,108,2,110,383
10/04/2000,NEW,LA,ASW,CE,Towers with Display (VFR),0,14,87,4,105,0,9,147,25,181,0,23,234,29,286,178,1,179,465
10/05/2000,NEW,LA,ASW,CE,Towers with Display (VFR),0,18,121,6,145,0,2,124,39,165,0,20,245,45,310,132,20,152,462
10/06/2000,NEW,LA,ASW,CE,Towers with Display (VFR),0,12,77,5,94,0,4,73,44,121,0,16,150,49,215,80,0,80,295
10/07/2000,NEW,LA,ASW,CE,Towers with Display (VFR),0,13,111,7,131,1,0,124,23,148,1,13,235,30,279,30,4,34,313
10/08/2000,NEW,LA,ASW,CE,Towers with Display (VFR),0,22,184,11,217,4,0,259,3,266,4,22,443,14,483,30,0,30,513
10/09/2000,NEW,LA,ASW,CE,Towers with Display (VFR),0,24,218,2,244,0,0,249,0,249,0,24,467,2,493,0,0,0,493
10/10/2000,NEW,LA,ASW,CE,Towers with Display (VFR),0,43,287,17,347,0,8,229,1,238,0,51,516,18,585,0,0,0,585
10/11/2000,NEW,LA,ASW,CE,Towers with Display (VFR),0,36,292,5,333,0,0,241,0,241,0,36,533,5,574,16,0,16,590
10/12/2000,NEW,LA,ASW,CE,Towers with Display (VFR),0,46,320,5,371,0,0,334,0,334,0,46,654,5,705,44,0,44,749
10/13/2000,NEW,LA,ASW,CE,Towers with Display (VFR),0,20,141,9,170,0,0,163,1,164,0,20,304,10,334,120,18,138,472
10/14/2000,NEW,LA,ASW,CE,Towers with Display (VFR),0,8,69,4,81,0,0,163,3,166,0,8,232,7,247,76,0,76,323
10/15/2000,NEW,LA,ASW,CE,Towers with Display (VFR),0,10,68,4,82,0,8,180,8,196,0,18,248,12,278,188,4,192,470
10/16/2000,NEW,LA,ASW,CE,Towers with Display (VFR),0,11,77,5,93,0,7,166,13,186,0,18,243,18,279,176,6,182,461
10/17/2000,NEW,LA,ASW,CE,Towers with Display (VFR),0,13,83,5,101,0,10,130,25,165,0,23,213,30,266,256,0,256,522
10/18/2000,NEW,LA,ASW,CE,Towers with Display (VFR),0,14,97,6,117,0,5,134,0,139,0,19,231,6,256,100,0,100,356
10/19/2000,NEW,LA,ASW,CE,Towers with Display (VFR),0,18,125,8,151,0,6,122,40,168,0,24,247,48,319,270,4,274,593
10/20/2000,NEW,LA,ASW,CE,Towers with Display (VFR),0,18,119,7,144,0,7,85,9,101,0,25,204,16,245,248,14,262,507
10/21/2000,NEW,LA,ASW,CE,Towers with Display (VFR),0,13,88,3,104,0,0,161,0,161,0,13,249,3,265,122,0,122,387
10/22/2000,NEW,LA,ASW,CE,Towers with Display (VFR),0,13,92,5,110,0,4,147,19,170,0,17,239,24,280,118,8,126,406
10/23/2000,NEW,LA,ASW,CE,Towers with Display (VFR),0,18,117,6,141,0,12,134,7,153,0,30,251,13,294,230,0,230,524
10/24/2000,NEW,LA,ASW,CE,Towers with Display (VFR),0,18,127,7,152,0,3,221,20,244,0,21,348,27,396,248,10,258,654
10/25/2000,NEW,LA,ASW,CE,Towers with Display (VFR),0,16,126,7,149,0,0,213,9,222,0,16,339,16,371,78,0,78,449
10/26/2000,NEW,LA,ASW,CE,Towers with Display (VFR),0,15,104,5,124,0,0,202,22,224,0,15,306,27,348,300,42,342,690
10/27/2000,NEW,LA,ASW,CE,Towers with Display (VFR),0,13,88,4,105,0,8,153,12,173,0,21,241,16,278,164,0,164,442
10/28/2000,NEW,LA,ASW,CE,Towers with Display (VFR),0,5,73,4,82,0,0,167,16,183,0,5,240,20,265,150,8,158,423
10/29/2000,NEW,LA,ASW,CE,Towers with Display (VFR),0,9,77,4,90,0,0,163,4,167,0,9,240,8,257,78,0,78,335
10/30/2000,NEW,LA,ASW,CE,Towers with Display (VFR),0,14,97,5,116,0,10,57,3,70,0,24,154,8,186,80,0,80,266
10/31/2000,NEW,LA,ASW,CE,Towers with Display (VFR),0,12,81,4,97,0,14,117,24,155,0,26,198,28,252,78,8,86,338
11/01/2000,NEW,LA,ASW,CE,Towers with Display (VFR),0,16,89,8,113,0,0,143,2,145,0,16,232,10,258,158,4,162,420
11/02/2000,NEW,LA,ASW,CE,Towers with Display (VFR),0,16,74,6,96,0,0,139,10,149,0,16,213,16,245,186,22,208,453
11/03/2000,NEW,LA,ASW,CE,Towers with Display (VFR),0,17,80,7,104,0,6,136,31,173,0,23,216,38,277,88,10,98,375
11/04/2000,NEW,LA,ASW,CE,Towers with Display (VFR),0,8,50,5,63,0,0,150,10,160,0,8,200,15,223,178,0,178,401
11/05/2000,NEW,LA,ASW,CE,Towers with Display (VFR),0,10,91,9,110,0,0,157,9,166,0,10,248,18,276,238,14,252,528
11/06/2000,NEW,LA,ASW,CE,Towers with Display (VFR),0,8,40,4,52,0,4,52,6,62,0,12,92,10,114,26,10,36,150
11/07/2000,NEW,LA,ASW,CE,Towers with Display (VFR),0,13,66,5,84,0,6,130,0,136,0,19,196,5,220,138,0,138,358
11/08/2000,NEW,LA,ASW,CE,Towers with Display (VFR),0,8,44,1,53,0,12,39,0,51,0,20,83,1,104,20,0,20,124
11/09/2000,NEW,LA,ASW,CE,Towers with Display (VFR),0,18,86,8,112,0,1,115,25,141,0,19,201,33,253,10,8,18,271
11/10/2000,NEW,LA,ASW,CE,Towers with Display (VFR),0,14,69,7,90,0,8,162,3,173,0,22,231,10,263,152,0,152,415
11/11/2000,NEW,LA,ASW,CE,Towers with Display (VFR),0,7,102,10,119,0,0,114,23,137,0,7,216,33,256,160,0,160,416
11/12/2000,NEW,LA,ASW,CE,Towers with Display (VFR),0,13,65,6,84,0,1,142,6,149,0,14,207,12,233,124,10,134,367
11/13/2000,NEW,LA,ASW,CE,Towers with Display (VFR),0,10,51,5,66,0,0,17,3,20,0,10,68,8,86,4,0,4,90
11/14/2000,NEW,LA,ASW,CE,Towers with Display (VFR),0,15,77,8,100,0,6,141,20,167,0,21,218,28,267,108,24,132,399
11/15/2000,NEW,LA,ASW,CE,Towers with Display (VFR),0,17,99,10,126,0,0,165,8,173,0,17,264,18,299,92,0,92,391
11/16/2000,NEW,LA,ASW,CE,Towers with Display (VFR),0,13,69,4,86,0,5,68,0,73,0,18,137,4,159,0,0,0,159
11/17/2000,NEW,LA,ASW,CE,Towers with Display (VFR),0,18,91,7,116,0,1,79,0,80,0,19,170,7,196,0,0,0,196
11/18/2000,NEW,LA,ASW,CE,Towers with Display (VFR),0,4,20,1,25,0,0,0,3,3,0,4,20,4,28,0,0,0,28
11/19/2000,NEW,LA,ASW,CE,Towers with Display (VFR),0,12,78,7,97,0,0,23,5,28,0,12,101,12,125,8,4,12,137
11/20/2000,NEW,LA,ASW,CE,Towers with Display (VFR),0,12,63,5,80,0,4,87,5,96,0,16,150,10,176,70,38,108,284
11/21/2000,NEW,LA,ASW,CE,Towers with Display (VFR),0,15,75,6,96,0,8,173,16,197,0,23,248,22,293,188,12,200,493
11/22/2000,NEW,LA,ASW,CE,Towers with Display (VFR),0,13,66,6,85,0,4,182,0,186,0,17,248,6,271,74,0,74,345
11/23/2000,NEW,LA,ASW,CE,Towers with Display (VFR),0,1,12,0,13,0,0,68,0,68,0,1,80,0,81,0,0,0,81
11/24/2000,NEW,LA,ASW,CE,Towers with Display (VFR),0,7,32,0,39,0,4,39,0,43,0,11,71,0,82,24,0,24,106
11/25/2000,NEW,LA,ASW,CE,Towers with Display (VFR),0,5,39,2,46,0,0,77,0,77,0,5,116,2,123,128,0,128,251
11/26/2000,NEW,LA,ASW,CE,Towers with Display (VFR),0,6,55,4,65,0,0,198,1,199,0,6,253,5,264,118,0,118,382
11/27/2000,NEW,LA,ASW,CE,Towers with Display (VFR),0,13,70,6,89,0,9,96,0,105,0,22,166,6,194,214,0,214,408
11/28/2000,NEW,LA,ASW,CE,Towers with Display (VFR),0,15,78,7,100,0,15,120,15,150,0,30,198,22,250,244,12,256,506
11/29/2000,NEW,LA,ASW,CE,Towers with Display (VFR),0,18,98,8,124,0,0,165,9,174,0,18,263,17,298,198,2,200,498
11/30/2000,NEW,LA,ASW,CE,Towers with Display (VFR),0,21,111,10,142,0,2,240,26,268,0,23,351,36,410,172,12,184,594
12/01/2000,NEW,LA,ASW,CE,Towers with Display (VFR),0,21,107,10,138,0,9,144,0,153,0,30,251,10,291,124,8,132,423
12/02/2000,NEW,LA,ASW,CE,Towers with Display (VFR),0,6,70,6,82,0,0,119,0,119,0,6,189,6,201,110,0,110,311
12/03/2000,NEW,LA,ASW,CE,Towers with Display (VFR),0,15,82,9,106,0,3,140,4,147,0,18,222,13,253,88,8,96,349
12/04/2000,NEW,LA,ASW,CE,Towers with Display (VFR),0,15,80,8,103,0,0,99,30,129,0,15,179,38,232,146,4,150,382
12/05/2000,NEW,LA,ASW,CE,Towers with Display (VFR),0,17,94,10,121,0,5,190,51,246,0,22,284,61,367,138,24,162,529
12/06/2000,NEW,LA,ASW,CE,Towers with Display (VFR),0,17,91,10,118,0,11,55,29,95,0,28,146,39,213,50,4,54,267
12/07/2000,NEW,LA,ASW,CE,Towers with Display (VFR),0,15,84,9,108,0,3,163,8,174,0,18,247,17,282,200,10,210,492
12/08/2000,NEW,LA,ASW,CE,Towers with Display (VFR),0,19,109,11,139,0,0,98,18,116,0,19,207,29,255,128,0,128,383
12/09/2000,NEW,LA,ASW,CE,Towers with Display (VFR),0,4,59,6,69,0,0,161,50,211,0,4,220,56,280,140,64,204,484
12/10/2000,NEW,LA,ASW,CE,Towers with Display (VFR),0,9,56,6,71,0,0,110,1,111,0,9,166,7,182,146,0,146,328
12/11/2000,NEW,LA,ASW,CE,Towers with Display (VFR),0,12,71,8,91,0,0,105,16,121,0,12,176,24,212,220,12,232,444
12/12/2000,NEW,LA,ASW,CE,Towers with Display (VFR),0,11,62,7,80,0,7,127,25,159,0,18,189,32,239,210,8,218,457
12/13/2000,NEW,LA,ASW,CE,Towers with Display (VFR),0,13,67,7,87,0,4,56,12,72,0,17,123,19,159,28,14,42,201
12/14/2000,NEW,LA,ASW,CE,Towers with Display (VFR),0,14,76,8,98,0,1,153,17,171,0,15,229,25,269,230,2,232,501
12/15/2000,NEW,LA,ASW,CE,Towers with Display (VFR),0,10,61,3,74,0,0,0,0,0,0,10,61,3,74,0,0,0,74
12/16/2000,NEW,LA,ASW,CE,Towers with Display (VFR),0,7,38,4,49,0,1,6,0,7,0,8,44,4,56,8,0,8,64
12/17/2000,NEW,LA,ASW,CE,Towers with Display (VFR),0,8,49,5,62,0,0,103,2,105,0,8,152,7,167,28,0,28,195
12/18/2000,NEW,LA,ASW,CE,Towers with Display (VFR),0,14,80,8,102,0,0,128,8,136,0,14,208,16,238,168,4,172,410
12/19/2000,NEW,LA,ASW,CE,Towers with Display (VFR),0,13,69,6,88,0,2,119,13,134,0,15,188,19,222,0,0,0,222
12/20/2000,NEW,LA,ASW,CE,Towers with Display (VFR),0,11,62,6,79,0,15,106,7,128,0,26,168,13,207,66,4,70,277
12/21/2000,NEW,LA,ASW,CE,Towers with Display (VFR),0,13,74,6,93,0,5,121,0,126,0,18,195,6,219,0,2,2,221
12/22/2000,NEW,LA,ASW,CE,Towers with Display (VFR),0,10,56,5,71,0,7,128,7,142,0,17,184,12,213,86,4,90,303
12/23/2000,NEW,LA,ASW,CE,Towers with Display (VFR),0,4,26,2,32,0,0,161,0,161,0,4,187,2,193,140,0,140,333
12/24/2000,NEW,LA,ASW,CE,Towers with Display (VFR),0,2,13,1,16,0,2,68,2,72,0,4,81,3,88,22,0,22,110
12/25/2000,NEW,LA,ASW,CE,Towers with Display (VFR),0,3,16,0,19,0,1,12,0,13,0,4,28,0,32,34,0,34,66
12/26/2000,NEW,LA,ASW,CE,Towers with Display (VFR),0,9,100,8,117,0,0,4,0,4,0,9,104,8,121,22,0,22,143
12/27/2000,NEW,LA,ASW,CE,Towers with Display (VFR),0,10,54,4,68,0,4,11,0,15,0,14,65,4,83,26,0,26,109
12/28/2000,NEW,LA,ASW,CE,Towers with Display (VFR),0,9,48,0,57,0,9,40,0,49,0,18,88,0,106,2,0,2,108
12/29/2000,NEW,LA,ASW,CE,Towers with Display (VFR),0,11,57,5,73,0,4,117,1,122,0,15,174,6,195,34,0,34,229
12/30/2000,NEW,LA,ASW,CE,Towers with Display (VFR),0,9,89,3,101,0,0,111,0,111,0,9,200,3,212,60,0,60,272
12/31/2000,NEW,LA,ASW,CE,Towers with Display (VFR),0,5,41,4,50,0,0,85,1,86,0,5,126,5,136,180,0,180,316
01/01/2001,NEW,LA,ASW,CE,Towers with Display (VFR),0,9,49,0,58,0,0,82,0,82,0,9,131,0,140,30,0,30,170
01/02/2001,NEW,LA,ASW,CE,Towers with Display (VFR),0,28,128,16,172,0,14,140,0,154,0,42,268,16,326,150,0,150,476
01/03/2001,NEW,LA,ASW,CE,Towers with Display (VFR),0,3,15,3,21,0,20,215,0,235,0,23,230,3,256,164,0,164,420
01/04/2001,NEW,LA,ASW,CE,Towers with Display (VFR),0,12,56,8,76,0,11,166,13,190,0,23,222,21,266,150,0,150,416
01/05/2001,NEW,LA,ASW,CE,Towers with Display (VFR),0,14,64,9,87,0,7,129,10,146,0,21,193,19,233,116,4,120,353
01/06/2001,NEW,LA,ASW,CE,Towers with Display (VFR),0,2,38,4,44,0,0,174,0,174,0,2,212,4,218,168,1,169,387
01/07/2001,NEW,LA,ASW,CE,Towers with Display (VFR),0,6,32,5,43,0,0,105,1,106,0,6,137,6,149,128,4,132,281
01/08/2001,NEW,LA,ASW,CE,Towers with Display (VFR),0,10,47,7,64,0,5,91,9,105,0,15,138,16,169,148,0,148,317
01/09/2001,NEW,LA,ASW,CE,Towers with Display (VFR),0,13,59,8,80,2,3,129,22,156,2,16,188,30,236,76,22,98,334
01/10/2001,NEW,LA,ASW,CE,Towers with Display (VFR),0,12,88,12,112,0,0,153,5,158,0,12,241,17,270,214,6,220,490
01/11/2001,NEW,LA,ASW,CE,Towers with Display (VFR),0,15,67,9,91,0,8,62,5,75,0,23,129,14,166,58,0,58,224
01/12/2001,NEW,LA,ASW,CE,Towers with Display (VFR),0,18,114,16,148,0,0,85,18,103,0,18,199,34,251,176,8,184,435
01/13/2001,NEW,LA,ASW,CE,Towers with Display (VFR),0,0,62,9,71,0,0,79,17,96,0,0,141,26,167,154,28,182,349
01/14/2001,NEW,LA,ASW,CE,Towers with Display (VFR),0,7,45,6,58,0,0,93,12,105,0,7,138,18,163,160,4,164,327
01/15/2001,NEW,LA,ASW,CE,Towers with Display (VFR),0,0,37,3,40,0,0,10,0,10,0,0,47,3,50,0,0,0,50
01/16/2001,NEW,LA,ASW,CE,Towers with Display (VFR),0,14,65,6,85,0,7,29,0,36,0,21,94,6,121,0,0,0,121
01/17/2001,NEW,LA,ASW,CE,Towers with Display (VFR),0,15,77,11,103,0,0,29,0,29,0,15,106,11,132,20,0,20,152
01/18/2001,NEW,LA,ASW,CE,Towers with Display (VFR),0,15,66,8,89,0,7,103,19,129,0,22,169,27,218,112,2,114,332
01/19/2001,NEW,LA,ASW,CE,Towers with Display (VFR),0,11,51,6,68,0,3,51,2,56,0,14,102,8,124,0,16,16,140
01/20/2001,NEW,LA,ASW,CE,Towers with Display (VFR),0,13,63,8,84,0,0,162,20,182,0,13,225,28,266,146,0,146,412
01/21/2001,NEW,LA,ASW,CE,Towers with Display (VFR),0,6,41,5,52,0,0,163,17,180,0,6,204,22,232,114,16,130,362
01/22/2001,NEW,LA,ASW,CE,Towers with Display (VFR),0,15,70,9,94,0,2,83,6,91,0,17,153,15,185,122,8,130,315
01/23/2001,NEW,LA,ASW,CE,Towers with Display (VFR),0,19,87,11,117,0,12,149,18,179,0,31,236,29,296,184,12,196,492
01/24/2001,NEW,LA,ASW,CE,Towers with Display (VFR),0,13,60,7,80,0,6,125,5,136,0,19,185,12,216,96,0,96,312
01/25/2001,NEW,LA,ASW,CE,Towers with Display (VFR),0,16,74,9,99,0,16,215,23,254,0,32,289,32,353,292,2,294,647
01/26/2001,NEW,LA,ASW,CE,Towers with Display (VFR),0,16,77,10,103,0,2,198,53,253,0,18,275,63,356,172,16,188,544
01/27/2001,NEW,LA,ASW,CE,Towers with Display (VFR),0,5,63,8,76,0,0,130,7,137,0,5,193,15,213,120,0,120,333
01/28/2001,NEW,LA,ASW,CE,Towers with Display (VFR),0,8,58,7,73,0,0,117,12,129,0,8,175,19,202,148,0,148,350
01/29/2001,NEW,LA,ASW,CE,Towers with Display (VFR),0,8,40,5,53,0,11,36,3,50,0,19,76,8,103,34,0,34,137
01/30/2001,NEW,LA,ASW,CE,Towers with Display (VFR),0,16,74,9,99,0,11,126,46,183,0,27,200,55,282,96,8,104,386
01/31/2001,NEW,LA,ASW,CE,Towers with Display (VFR),0,20,91,11,122,0,16,142,14,172,0,36,233,25,294,154,0,154,448
02/01/2001,NEW,LA,ASW,CE,Towers with Display (VFR),0,11,65,6,82,0,10,177,10,197,0,21,242,16,279,228,0,228,507
02/02/2001,NEW,LA,ASW,CE,Towers with Display (VFR),0,14,79,8,101,0,2,166,24,192,0,16,245,32,293,110,18,128,421
02/03/2001,NEW,LA,ASW,CE,Towers with Display (VFR),0,6,44,4,54,0,0,96,22,118,0,6,140,26,172,152,8,160,332
02/04/2001,NEW,LA,ASW,CE,Towers with Display (VFR),0,15,85,8,108,0,6,150,15,171,0,21,235,23,279,236,0,236,515
02/05/2001,NEW,LA,ASW,CE,Towers with Display (VFR),0,10,62,6,78,0,5,160,36,201,0,15,222,42,279,218,0,218,497
02/06/2001,NEW,LA,ASW,CE,Towers with Display (VFR),0,13,74,7,94,0,12,156,28,196,0,25,230,35,290,270,8,278,568
02/07/2001,NEW,LA,ASW,CE,Towers with Display (VFR),0,13,73,7,93,0,13,179,8,200,0,26,252,15,293,290,0,290,583
02/08/2001,NEW,LA,ASW,CE,Towers with Display (VFR),0,16,86,8,110,0,17,188,14,219,0,33,274,22,329,240,10,250,579
02/09/2001,NEW,LA,ASW,CE,Towers with Display (VFR),0,11,65,5,81,0,8,80,0,88,0,19,145,5,169,0,0,0,169
02/10/2001,NEW,LA,ASW,CE,Towers with Display (VFR),0,3,62,6,71,0,0,183,15,198,0,3,245,21,269,160,14,174,443
02/11/2001,NEW,LA,ASW,CE,Towers with Display (VFR),0,16,88,8,112,0,0,188,9,197,0,16,276,17,309,278,0,278,587
02/12/2001,NEW,LA,ASW,CE,Towers with Display (VFR),0,13,69,7,89,0,0,103,3,106,0,13,172,10,195,186,24,210,405
02/13/2001,NEW,LA,ASW,CE,Towers with Display (VFR),0,16,95,10,121,0,0,49,6,55,0,16,144,16,176,82,50,132,308
02/14/2001,NEW,LA,ASW,CE,Towers with Display (VFR),0,13,75,8,96,0,0,148,7,155,0,13,223,15,251,192,0,192,443
02/15/2001,NEW,LA,ASW,CE,Towers with Display (VFR),0,15,90,10,115,0,0,140,19,159,0,15,230,29,274,166,0,166,440
02/16/2001,NEW,LA,ASW,CE,Towers with Display (VFR),0,11,55,3,69,0,6,23,0,29,0,17,78,3,98,0,0,0,98
02/17/2001,NEW,LA,ASW,CE,Towers with Display (VFR),0,11,62,7,80,0,3,170,16,189,0,14,232,23,269,148,48,196,465
02/18/2001,NEW,LA,ASW,CE,Towers with Display (VFR),0,10,52,6,68,0,0,220,3,223,0,10,272,9,291,0,0,0,291
02/19/2001,NEW,LA,ASW,CE,Towers with Display (VFR),0,6,65,7,78,0,0,190,1,191,0,6,255,8,269,236,0,236,505
02/20/2001,NEW,LA,ASW,CE,Towers with Display (VFR),0,15,75,8,98,0,5,158,19,182,0,20,233,27,280,244,0,244,524
02/21/2001,NEW,LA,ASW,CE,Towers with Display (VFR),0,16,83,8,107,0,0,59,7,66,0,16,142,15,173,74,0,74,247
02/22/2001,NEW,LA,ASW,CE,Towers with Display (VFR),0,21,108,10,139,0,1,103,20,124,0,22,211,30,263,110,10,120,383
02/23/2001,NEW,LA,ASW,CE,Towers with Display (VFR),0,28,158,15,201,0,0,57,15,72,0,28,215,30,273,6,14,20,293
02/24/2001,NEW,LA,ASW,CE,Towers with Display (VFR),0,9,59,5,73,0,0,51,0,51,0,9,110,5,124,8,0,8,132
02/25/2001,NEW,LA,ASW,CE,Towers with Display (VFR),0,16,83,6,105,0,0,35,0,35,0,16,118,6,140,0,0,0,140
02/26/2001,NEW,LA,ASW,CE,Towers with Display (VFR),0,15,76,7,98,0,11,83,2,96,0,26,159,9,194,30,0,30,224
02/27/2001,NEW,LA,ASW,CE,Towers with Display (VFR),0,11,63,6,80,0,4,117,5,126,0,15,180,11,206,32,2,34,240
02/28/2001,NEW,LA,ASW,CE,Towers with Display (VFR),0,16,92,6,114,0,0,44,0,44,0,16,136,6,158,34,0,34,192
03/01/2001,NEW,LA,ASW,CE,Towers with Display (VFR),0,0,0,0,0,0,0,0,0,0,0,0,0,0,0,0,0,0,0
03/02/2001,NEW,LA,ASW,CE,Towers with Display (VFR),0,0,0,0,0,0,0,0,0,0,0,0,0,0,0,0,0,0,0
03/03/2001,NEW,LA,ASW,CE,Towers with Display (VFR),0,4,28,2,34,0,3,12,0,15,0,7,40,2,49,0,0,0,49
03/04/2001,NEW,LA,ASW,CE,Towers with Display (VFR),0,10,54,6,70,0,8,160,5,173,0,18,214,11,243,114,8,122,365
03/05/2001,NEW,LA,ASW,CE,Towers with Display (VFR),0,12,65,7,84,0,4,191,7,202,0,16,256,14,286,160,0,160,446
03/06/2001,NEW,LA,ASW,CE,Towers with Display (VFR),0,16,79,9,104,0,13,168,19,200,0,29,247,28,304,136,5,141,445
03/07/2001,NEW,LA,ASW,CE,Towers with Display (VFR),0,19,97,11,127,0,13,147,21,181,0,32,244,32,308,112,14,126,434
03/08/2001,NEW,LA,ASW,CE,Towers with Display (VFR),0,15,74,8,97,0,12,181,17,210,0,27,255,25,307,206,16,222,529
03/09/2001,NEW,LA,ASW,CE,Towers with Display (VFR),0,17,84,9,110,0,10,94,7,111,0,27,178,16,221,0,52,52,273
03/10/2001,NEW,LA,ASW,CE,Towers with Display (VFR),0,6,69,8,83,0,0,192,13,205,0,6,261,21,288,190,50,240,528
03/11/2001,NEW,LA,ASW,CE,Towers with Display (VFR),0,11,58,7,76,0,13,98,0,111,0,24,156,7,187,110,0,110,297
03/12/2001,NEW,LA,ASW,CE,Towers with Display (VFR),0,10,50,6,66,0,11,9,0,20,0,21,59,6,86,10,2,12,98
03/13/2001,NEW,LA,ASW,CE,Towers with Display (VFR),0,17,85,10,112,0,25,204,19,248,0,42,289,29,360,126,30,156,516
03/14/2001,NEW,LA,ASW,CE,Towers with Display (VFR),0,11,56,6,73,0,4,59,0,63,0,15,115,6,136,38,4,42,178
03/15/2001,NEW,LA,ASW,CE,Towers with Display (VFR),0,20,100,11,131,0,2,164,9,175,0,22,264,20,306,200,6,206,512
03/16/2001,NEW,LA,ASW,CE,Towers with Display (VFR),0,14,109,12,135,0,0,185,35,220,0,14,294,47,355,180,52,232,587
03/17/2001,NEW,LA,ASW,CE,Towers with Display (VFR),0,5,52,3,60,0,0,165,0,165,0,5,217,3,225,128,0,128,353
03/18/2001,NEW,LA,ASW,CE,Towers with Display (VFR),0,4,70,5,79,4,0,134,0,138,4,4,204,5,217,110,20,130,347
03/19/2001,NEW,LA,ASW,CE,Towers with Display (VFR),0,12,66,6,84,0,0,151,11,162,0,12,217,17,246,222,6,228,474
03/20/2001,NEW,LA,ASW,CE,Towers with Display (VFR),0,14,69,6,89,0,4,89,0,93,0,18,158,6,182,16,2,18,200
03/21/2001,NEW,LA,ASW,CE,Towers with Display (VFR),0,19,96,10,125,0,5,182,17,204,0,24,278,27,329,250,50,300,629
03/22/2001,NEW,LA,ASW,CE,Towers with Display (VFR),0,18,88,9,115,0,5,207,8,220,0,23,295,17,335,168,2,170,505
03/23/2001,NEW,LA,ASW,CE,Towers with Display (VFR),0,18,101,10,129,0,0,218,27,245,0,18,319,37,374,210,80,290,664
03/24/2001,NEW,LA,ASW,CE,Towers with Display (VFR),0,10,47,4,61,0,5,197,0,202,0,15,244,4,263,130,30,160,423
03/25/2001,NEW,LA,ASW,CE,Towers with Display (VFR),0,9,51,5,65,0,0,97,7,104,0,9,148,12,169,54,4,58,227
03/26/2001,NEW,LA,ASW,CE,Towers with Display (VFR),0,18,88,9,115,0,12,164,27,203,0,30,252,36,318,148,24,172,490
03/27/2001,NEW,LA,ASW,CE,Towers with Display (VFR),0,19,106,11,136,0,0,133,14,147,0,19,239,25,283,134,6,140,423
03/28/2001,NEW,LA,ASW,CE,Towers with Display (VFR),0,15,75,6,96,0,2,8,0,10,0,17,83,6,106,0,0,0,106
03/29/2001,NEW,LA,ASW,CE,Towers with Display (VFR),0,17,85,9,111,0,0,88,23,111,0,17,173,32,222,60,42,102,324
03/30/2001,NEW,LA,ASW,CE,Towers with Display (VFR),0,18,94,9,121,0,0,167,17,184,0,18,261,26,305,132,2,134,439
03/31/2001,NEW,LA,ASW,CE,Towers with Display (VFR),0,9,45,4,58,0,0,161,3,164,0,9,206,7,222,196,40,236,458
04/01/2001,NEW,LA,ASW,CE,Towers with Display (VFR),0,3,67,7,77,0,10,192,1,203,0,13,259,8,280,172,2,174,454
04/02/2001,NEW,LA,ASW,CE,Towers with Display (VFR),0,13,90,2,105,0,2,135,9,146,0,15,225,11,251,208,4,212,463
04/03/2001,NEW,LA,ASW,CE,Towers with Display (VFR),0,11,76,15,102,0,3,78,26,107,0,14,154,41,209,80,22,102,311
04/04/2001,NEW,LA,ASW,CE,Towers with Display (VFR),0,8,97,11,116,0,0,85,6,91,0,8,182,17,207,160,0,160,367
04/05/2001,NEW,LA,ASW,CE,Towers with Display (VFR),0,14,96,6,116,0,6,183,10,199,0,20,279,16,315,240,22,262,577
04/06/2001,NEW,LA,ASW,CE,Towers with Display (VFR),0,16,85,9,110,0,15,149,15,179,0,31,234,24,289,114,64,178,467
04/07/2001,NEW,LA,ASW,CE,Towers with Display (VFR),0,2,80,24,106,0,0,88,19,107,0,2,168,43,213,102,22,124,337
04/08/2001,NEW,LA,ASW,CE,Towers with Display (VFR),0,5,76,12,93,0,0,66,8,74,0,5,142,20,167,108,0,108,275
04/09/2001,NEW,LA,ASW,CE,Towers with Display (VFR),0,11,75,13,99,0,0,103,17,120,0,11,178,30,219,180,0,180,399
04/10/2001,NEW,LA,ASW,CE,Towers with Display (VFR),0,11,67,8,86,0,6,171,15,192,0,17,238,23,278,214,0,214,492
04/11/2001,NEW,LA,ASW,CE,Towers with Display (VFR),0,15,87,4,106,0,0,91,14,105,0,15,178,18,211,278,20,298,509
04/12/2001,NEW,LA,ASW,CE,Towers with Display (VFR),0,13,76,9,98,0,0,174,4,178,0,13,250,13,276,256,0,256,532
04/13/2001,NEW,LA,ASW,CE,Towers with Display (VFR),0,11,55,6,72,0,8,154,7,169,0,19,209,13,241,150,0,150,391
04/14/2001,NEW,LA,ASW,CE,Towers with Display (VFR),0,6,37,4,47,0,0,198,5,203,0,6,235,9,250,300,0,300,550
04/15/2001,NEW,LA,ASW,CE,Towers with Display (VFR),0,8,40,3,51,0,15,92,3,110,0,23,132,6,161,44,0,44,205
04/16/2001,NEW,LA,ASW,CE,Towers with Display (VFR),0,8,77,4,89,0,4,213,10,227,0,12,290,14,316,236,0,236,552
04/17/2001,NEW,LA,ASW,CE,Towers with Display (VFR),0,18,42,20,80,0,1,160,7,168,0,19,202,27,248,262,32,294,542
04/18/2001,NEW,LA,ASW,CE,Towers with Display (VFR),0,13,65,14,92,0,1,191,19,211,0,14,256,33,303,46,2,48,351
04/19/2001,NEW,LA,ASW,CE,Towers with Display (VFR),0,16,91,14,121,0,6,183,14,203,0,22,274,28,324,238,44,282,606
04/20/2001,NEW,LA,ASW,CE,Towers with Display (VFR),0,13,70,7,90,0,5,180,33,218,0,18,250,40,308,204,28,232,540
04/21/2001,NEW,LA,ASW,CE,Towers with Display (VFR),0,9,57,12,78,0,0,158,29,187,0,9,215,41,265,192,8,200,465
04/22/2001,NEW,LA,ASW,CE,Towers with Display (VFR),0,21,72,12,105,0,3,119,7,129,0,24,191,19,234,144,10,154,388
04/23/2001,NEW,LA,ASW,CE,Towers with Display (VFR),0,12,66,3,81,0,0,111,4,115,0,12,177,7,196,272,0,272,468
04/24/2001,NEW,LA,ASW,CE,Towers with Display (VFR),0,13,42,6,61,0,4,55,6,65,0,17,97,12,126,4,0,4,130
04/25/2001,NEW,LA,ASW,CE,Towers with Display (VFR),0,18,67,5,90,0,0,186,14,200,0,18,253,19,290,204,4,208,498
04/26/2001,NEW,LA,ASW,CE,Towers with Display (VFR),0,14,95,14,123,0,0,164,9,173,0,14,259,23,296,230,6,236,532
04/27/2001,NEW,LA,ASW,CE,Towers with Display (VFR),0,10,85,7,102,0,0,182,25,207,0,10,267,32,309,162,0,162,471
04/28/2001,NEW,LA,ASW,CE,Towers with Display (VFR),0,6,33,4,43,0,1,188,16,205,0,7,221,20,248,174,37,211,459
04/29/2001,NEW,LA,ASW,CE,Towers with Display (VFR),0,12,86,2,100,0,3,167,6,176,0,15,253,8,276,172,0,172,448
04/30/2001,NEW,LA,ASW,CE,Towers with Display (VFR),0,16,89,11,116,0,12,115,9,136,0,28,204,20,252,46,4,50,302
05/01/2001,NEW,LA,ASW,CE,Towers with Display (VFR),0,22,85,12,119,0,4,111,13,128,0,26,196,25,247,146,12,158,405
05/02/2001,NEW,LA,ASW,CE,Towers with Display (VFR),0,24,99,5,128,0,1,192,5,198,0,25,291,10,326,308,0,308,634
05/03/2001,NEW,LA,ASW,CE,Towers with Display (VFR),0,27,85,9,121,0,7,205,13,225,0,34,290,22,346,300,2,302,648
05/04/2001,NEW,LA,ASW,CE,Towers with Display (VFR),0,14,79,7,100,0,2,165,40,207,0,16,244,47,307,128,40,168,475
05/05/2001,NEW,LA,ASW,CE,Towers with Display (VFR),0,5,56,5,66,0,0,189,36,225,0,5,245,41,291,198,10,208,499
05/06/2001,NEW,LA,ASW,CE,Towers with Display (VFR),0,12,64,11,87,0,1,123,2,126,0,13,187,13,213,184,16,200,413
05/07/2001,NEW,LA,ASW,CE,Towers with Display (VFR),0,9,66,12,87,0,2,144,14,160,0,11,210,26,247,310,4,314,561
05/08/2001,NEW,LA,ASW,CE,Towers with Display (VFR),0,12,68,6,86,0,4,71,9,84,0,16,139,15,170,84,6,90,260
05/09/2001,NEW,LA,ASW,CE,Towers with Display (VFR),0,13,76,5,94,0,4,157,5,166,0,17,233,10,260,400,0,400,660
05/10/2001,NEW,LA,ASW,CE,Towers with Display (VFR),0,15,99,8,122,0,8,201,15,224,0,23,300,23,346,254,2,256,602
05/11/2001,NEW,LA,ASW,CE,Towers with Display (VFR),0,11,67,6,84,0,3,210,44,257,0,14,277,50,341,292,30,322,663
05/12/2001,NEW,LA,ASW,CE,Towers with Display (VFR),0,5,48,7,60,0,1,110,6,117,0,6,158,13,177,126,73,199,376
05/13/2001,NEW,LA,ASW,CE,Towers with Display (VFR),0,10,46,10,66,0,6,93,3,102,0,16,139,13,168,96,4,100,268
05/14/2001,NEW,LA,ASW,CE,Towers with Display (VFR),0,9,52,8,69,0,1,163,11,175,0,10,215,19,244,314,0,314,558
05/15/2001,NEW,LA,ASW,CE,Towers with Display (VFR),0,13,57,12,82,0,2,163,13,178,0,15,220,25,260,286,6,292,552
05/16/2001,NEW,LA,ASW,CE,Towers with Display (VFR),0,15,66,17,98,0,4,176,1,181,0,19,242,18,279,192,0,192,471
05/17/2001,NEW,LA,ASW,CE,Towers with Display (VFR),0,14,85,9,108,0,0,158,16,174,0,14,243,25,282,144,8,152,434
05/18/2001,NEW,LA,ASW,CE,Towers with Display (VFR),0,13,77,7,97,0,0,129,20,149,0,13,206,27,246,106,8,114,360
05/19/2001,NEW,LA,ASW,CE,Towers with Display (VFR),0,10,57,4,71,0,5,147,16,168,0,15,204,20,239,146,4,150,389
05/20/2001,NEW,LA,ASW,CE,Towers with Display (VFR),0,11,88,1,100,0,6,160,3,169,0,17,248,4,269,238,4,242,511
05/21/2001,NEW,LA,ASW,CE,Towers with Display (VFR),0,21,55,5,81,0,7,124,10,141,0,28,179,15,222,192,16,208,430
05/22/2001,NEW,LA,ASW,CE,Towers with Display (VFR),0,11,66,2,79,0,7,122,9,138,0,18,188,11,217,112,2,114,331
05/23/2001,NEW,LA,ASW,CE,Towers with Display (VFR),0,13,87,7,107,0,0,219,14,233,0,13,306,21,340,298,2,300,640
05/24/2001,NEW,LA,ASW,CE,Towers with Display (VFR),0,12,70,1,83,0,0,177,10,187,0,12,247,11,270,168,8,176,446
05/25/2001,NEW,LA,ASW,CE,Towers with Display (VFR),0,10,35,0,45,0,3,215,5,223,0,13,250,5,268,150,0,150,418
05/26/2001,NEW,LA,ASW,CE,Towers with Display (VFR),0,6,48,0,54,0,0,197,11,208,0,6,245,11,262,150,0,150,412
05/27/2001,NEW,LA,ASW,CE,Towers with Display (VFR),0,4,85,0,89,0,1,159,0,160,0,5,244,0,249,68,0,68,317
05/28/2001,NEW,LA,ASW,CE,Towers with Display (VFR),1,5,63,5,74,0,1,66,3,70,1,6,129,8,144,52,0,52,196
05/29/2001,NEW,LA,ASW,CE,Towers with Display (VFR),0,9,43,15,67,0,1,107,20,128,0,10,150,35,195,204,52,256,451
05/30/2001,NEW,LA,ASW,CE,Towers with Display (VFR),0,12,74,14,100,0,2,173,17,192,0,14,247,31,292,302,0,302,594
05/31/2001,NEW,LA,ASW,CE,Towers with Display (VFR),0,10,71,4,85,0,2,100,13,115,0,12,171,17,200,148,6,154,354
06/01/2001,NEW,LA,ASW,CE,Towers with Display (VFR),0,11,66,4,81,0,5,127,19,151,0,16,193,23,232,206,36,242,474
06/02/2001,NEW,LA,ASW,CE,Towers with Display (VFR),0,7,48,2,57,0,0,157,29,186,0,7,205,31,243,212,8,220,463
06/03/2001,NEW,LA,ASW,CE,Towers with Display (VFR),0,9,86,0,95,0,7,177,2,186,0,16,263,2,281,170,0,170,451
06/04/2001,NEW,LA,ASW,CE,Towers with Display (VFR),0,8,66,5,79,0,12,106,8,126,0,20,172,13,205,204,34,238,443
06/05/2001,NEW,LA,ASW,CE,Towers with Display (VFR),0,9,71,0,80,0,0,69,8,77,0,9,140,8,157,76,32,108,265
06/06/2001,NEW,LA,ASW,CE,Towers with Display (VFR),0,8,41,0,49,0,1,14,0,15,0,9,55,0,64,0,0,0,64
06/07/2001,NEW,LA,ASW,CE,Towers with Display (VFR),0,12,39,0,51,0,3,39,2,44,0,15,78,2,95,12,0,12,107
06/08/2001,NEW,LA,ASW,CE,Towers with Display (VFR),0,14,50,0,64,0,0,51,6,57,0,14,101,6,121,50,0,50,171
06/09/2001,NEW,LA,ASW,CE,Towers with Display (VFR),0,6,15,2,23,0,3,16,1,20,0,9,31,3,43,70,0,70,113
06/10/2001,NEW,LA,ASW,CE,Towers with Display (VFR),0,8,41,1,50,0,4,42,0,46,0,12,83,1,96,72,0,72,168
06/11/2001,NEW,LA,ASW,CE,Towers with Display (VFR),0,9,57,3,69,0,0,76,1,77,0,9,133,4,146,132,2,134,280
06/12/2001,NEW,LA,ASW,CE,Towers with Display (VFR),0,10,52,8,70,0,3,114,14,131,0,13,166,22,201,140,22,162,363
06/13/2001,NEW,LA,ASW,CE,Towers with Display (VFR),0,14,75,8,97,0,3,105,13,121,0,17,180,21,218,204,2,206,424
06/14/2001,NEW,LA,ASW,CE,Towers with Display (VFR),0,15,92,11,118,0,0,134,18,152,0,15,226,29,270,164,6,170,440
06/15/2001,NEW,LA,ASW,CE,Towers with Display (VFR),0,16,83,5,104,0,1,102,3,106,0,17,185,8,210,168,2,170,380
06/16/2001,NEW,LA,ASW,CE,Towers with Display (VFR),0,8,39,3,50,0,0,151,2,153,0,8,190,5,203,140,8,148,351
06/17/2001,NEW,LA,ASW,CE,Towers with Display (VFR),0,3,55,5,63,0,2,126,0,128,0,5,181,5,191,110,0,110,301
06/18/2001,NEW,LA,ASW,CE,Towers with Display (VFR),0,10,69,4,83,0,1,99,4,104,0,11,168,8,187,126,4,130,317
06/19/2001,NEW,LA,ASW,CE,Towers with Display (VFR),0,11,68,1,80,0,0,79,4,83,0,11,147,5,163,174,0,174,337
06/20/2001,NEW,LA,ASW,CE,Towers with Display (VFR),0,13,70,5,88,0,11,105,17,133,0,24,175,22,221,144,4,148,369
06/21/2001,NEW,LA,ASW,CE,Towers with Display (VFR),0,13,57,10,80,0,0,160,5,165,0,13,217,15,245,174,4,178,423
06/22/2001,NEW,LA,ASW,CE,Towers with Display (VFR),0,11,51,7,69,0,3,142,7,152,0,14,193,14,221,138,10,148,369
06/23/2001,NEW,LA,ASW,CE,Towers with Display (VFR),0,7,38,2,47,0,0,137,4,141,0,7,175,6,188,320,0,320,508
06/24/2001,NEW,LA,ASW,CE,Towers with Display (VFR),0,9,43,6,58,0,5,144,9,158,0,14,187,15,216,80,4,84,300
06/25/2001,NEW,LA,ASW,CE,Towers with Display (VFR),0,22,64,10,96,0,3,155,3,161,0,25,219,13,257,162,0,162,419
06/26/2001,NEW,LA,ASW,CE,Towers with Display (VFR),0,14,68,5,87,0,3,137,2,142,0,17,205,7,229,204,6,210,439
06/27/2001,NEW,LA,ASW,CE,Towers with Display (VFR),0,14,75,5,94,0,3,90,3,96,0,17,165,8,190,272,0,272,462
06/28/2001,NEW,LA,ASW,CE,Towers with Display (VFR),0,12,82,2,96,0,2,168,14,184,0,14,250,16,280,214,18,232,512
06/29/2001,NEW,LA,ASW,CE,Towers with Display (VFR),0,8,60,4,72,0,0,164,4,168,0,8,224,8,240,226,0,226,466
06/30/2001,NEW,LA,ASW,CE,Towers with Display (VFR),0,7,63,9,79,0,0,107,4,111,0,7,170,13,190,184,22,206,396
07/01/2001,NEW,LA,ASW,CE,Towers with Display (VFR),0,3,54,4,61,0,0,80,2,82,0,3,134,6,143,98,2,100,243
07/02/2001,NEW,LA,ASW,CE,Towers with Display (VFR),0,9,47,0,56,0,0,111,0,111,0,9,158,0,167,80,0,80,247
07/03/2001,NEW,LA,ASW,CE,Towers with Display (VFR),0,9,39,0,48,0,0,107,0,107,0,9,146,0,155,110,0,110,265
07/04/2001,NEW,LA,ASW,CE,Towers with Display (VFR),0,4,16,1,21,0,0,61,3,64,0,4,77,4,85,40,16,56,141
07/05/2001,NEW,LA,ASW,CE,Towers with Display (VFR),0,9,30,1,40,0,6,133,2,141,0,15,163,3,181,162,10,172,353
07/06/2001,NEW,LA,ASW,CE,Towers with Display (VFR),0,1,42,3,46,0,13,160,5,178,0,14,202,8,224,252,10,262,486
07/07/2001,NEW,LA,ASW,CE,Towers with Display (VFR),0,3,38,2,43,0,0,188,5,193,0,3,226,7,236,254,0,254,490
07/08/2001,NEW,LA,ASW,CE,Towers with Display (VFR),0,11,54,4,69,0,1,118,4,123,0,12,172,8,192,144,0,144,336
07/09/2001,NEW,LA,ASW,CE,Towers with Display (VFR),0,10,57,2,69,0,2,167,3,172,0,12,224,5,241,224,0,224,465
07/10/2001,NEW,LA,ASW,CE,Towers with Display (VFR),0,19,62,13,94,0,0,137,1,138,0,19,199,14,232,168,12,180,412
07/11/2001,NEW,LA,ASW,CE,Towers with Display (VFR),0,21,49,7,77,0,0,141,2,143,0,21,190,9,220,200,10,210,430
07/12/2001,NEW,LA,ASW,CE,Towers with Display (VFR),0,12,76,2,90,0,4,169,0,173,0,16,245,2,263,266,2,268,531
07/13/2001,NEW,LA,ASW,CE,Towers with Display (VFR),0,4,18,2,24,0,17,141,11,169,0,21,159,13,193,60,6,66,259
07/14/2001,NEW,LA,ASW,CE,Towers with Display (VFR),0,6,54,3,63,0,0,170,5,175,0,6,224,8,238,200,0,200,438
07/15/2001,NEW,LA,ASW,CE,Towers with Display (VFR),0,9,50,0,59,0,0,90,0,90,0,9,140,0,149,198,0,198,347
07/16/2001,NEW,LA,ASW,CE,Towers with Display (VFR),0,9,41,3,53,0,5,101,0,106,0,14,142,3,159,174,2,176,335
07/17/2001,NEW,LA,ASW,CE,Towers with Display (VFR),0,13,59,5,77,0,0,123,0,123,0,13,182,5,200,178,0,178,378
07/18/2001,NEW,LA,ASW,CE,Towers with Display (VFR),0,14,48,10,72,0,2,160,2,164,0,16,208,12,236,166,12,178,414
07/19/2001,NEW,LA,ASW,CE,Towers with Display (VFR),0,10,47,10,67,0,3,112,6,121,0,13,159,16,188,112,6,118,306
07/20/2001,NEW,LA,ASW,CE,Towers with Display (VFR),0,15,69,6,90,0,3,96,25,124,0,18,165,31,214,110,22,132,346
07/21/2001,NEW,LA,ASW,CE,Towers with Display (VFR),0,13,33,1,47,0,0,82,8,90,0,13,115,9,137,102,0,102,239
07/22/2001,NEW,LA,ASW,CE,Towers with Display (VFR),0,6,66,5,77,0,1,89,3,93,0,7,155,8,170,176,4,180,350
07/23/2001,NEW,LA,ASW,CE,Towers with Display (VFR),0,13,55,3,71,0,0,134,2,136,0,13,189,5,207,274,0,274,481
07/24/2001,NEW,LA,ASW,CE,Towers with Display (VFR),0,11,45,5,61,0,0,152,5,157,0,11,197,10,218,214,6,220,438
07/25/2001,NEW,LA,ASW,CE,Towers with Display (VFR),0,15,50,3,68,0,0,31,2,33,0,15,81,5,101,0,2,2,103
07/26/2001,NEW,LA,ASW,CE,Towers with Display (VFR),0,10,52,0,62,0,0,73,4,77,0,10,125,4,139,64,4,68,207
07/27/2001,NEW,LA,ASW,CE,Towers with Display (VFR),0,10,71,4,85,0,0,109,2,111,0,10,180,6,196,168,0,168,364
07/28/2001,NEW,LA,ASW,CE,Towers with Display (VFR),0,5,45,1,51,0,3,121,0,124,0,8,166,1,175,132,0,132,307
07/29/2001,NEW,LA,ASW,CE,Towers with Display (VFR),1,4,33,2,40,0,3,128,8,139,1,7,161,10,179,126,0,126,305
07/30/2001,NEW,LA,ASW,CE,Towers with Display (VFR),0,18,50,7,75,0,6,114,7,127,0,24,164,14,202,218,4,222,424
07/31/2001,NEW,LA,ASW,CE,Towers with Display (VFR),0,17,53,0,70,0,4,81,2,87,0,21,134,2,157,82,0,82,239
08/01/2001,NEW,LA,ASW,CE,Towers with Display (VFR),0,6,67,6,79,0,0,81,1,82,0,6,148,7,161,88,0,88,249
08/02/2001,NEW,LA,ASW,CE,Towers with Display (VFR),0,7,59,3,69,0,0,196,5,201,0,7,255,8,270,80,2,82,352
08/03/2001,NEW,LA,ASW,CE,Towers with Display (VFR),0,11,61,7,79,0,0,94,1,95,0,11,155,8,174,42,6,48,222
08/04/2001,NEW,LA,ASW,CE,Towers with Display (VFR),0,3,43,2,48,0,3,112,2,117,0,6,155,4,165,150,12,162,327
08/05/2001,NEW,LA,ASW,CE,Towers with Display (VFR),0,3,26,2,31,0,2,65,2,69,0,5,91,4,100,106,0,106,206
08/06/2001,NEW,LA,ASW,CE,Towers with Display (VFR),0,6,30,6,42,0,6,91,3,100,0,12,121,9,142,108,2,110,252
08/07/2001,NEW,LA,ASW,CE,Towers with Display (VFR),0,7,61,2,70,0,5,75,3,83,0,12,136,5,153,16,0,16,169
08/08/2001,NEW,LA,ASW,CE,Towers with Display (VFR),0,5,53,10,68,0,1,68,0,69,0,6,121,10,137,62,4,66,203
08/09/2001,NEW,LA,ASW,CE,Towers with Display (VFR),0,10,63,20,93,0,0,91,21,112,0,10,154,41,205,102,10,112,317
08/10/2001,NEW,LA,ASW,CE,Towers with Display (VFR),0,14,58,14,86,0,2,121,11,134,0,16,179,25,220,80,0,80,300
08/11/2001,NEW,LA,ASW,CE,Towers with Display (VFR),0,9,45,1,55,0,0,60,4,64,0,9,105,5,119,120,0,120,239
08/12/2001,NEW,LA,ASW,CE,Towers with Display (VFR),0,6,30,3,39,0,8,43,15,66,0,14,73,18,105,52,32,84,189
08/13/2001,NEW,LA,ASW,CE,Towers with Display (VFR),0,8,57,7,72,0,8,33,15,56,0,16,90,22,128,90,10,100,228
08/14/2001,NEW,LA,ASW,CE,Towers with Display (VFR),0,8,59,6,73,0,0,84,14,98,0,8,143,20,171,172,0,172,343
08/15/2001,NEW,LA,ASW,CE,Towers with Display (VFR),0,10,72,8,90,0,10,96,3,109,0,20,168,11,199,114,14,128,327
08/16/2001,NEW,LA,ASW,CE,Towers with Display (VFR),0,12,59,6,77,0,1,142,14,157,0,13,201,20,234,140,18,158,392
08/17/2001,NEW,LA,ASW,CE,Towers with Display (VFR),0,12,71,13,96,0,1,102,12,115,0,13,173,25,211,74,14,88,299
08/18/2001,NEW,LA,ASW,CE,Towers with Display (VFR),0,3,44,9,56,0,3,129,6,138,0,6,173,15,194,90,2,92,286
08/19/2001,NEW,LA,ASW,CE,Towers with Display (VFR),0,12,51,10,73,0,0,92,4,96,0,12,143,14,169,160,0,160,329
08/20/2001,NEW,LA,ASW,CE,Towers with Display (VFR),0,10,39,7,56,0,2,112,6,120,0,12,151,13,176,126,2,128,304
08/21/2001,NEW,LA,ASW,CE,Towers with Display (VFR),0,7,72,9,88,0,6,147,18,171,0,13,219,27,259,126,2,128,387
08/22/2001,NEW,LA,ASW,CE,Towers with Display (VFR),0,11,71,13,95,0,4,116,7,127,0,15,187,20,222,72,28,100,322
08/23/2001,NEW,LA,ASW,CE,Towers with Display (VFR),0,14,72,12,98,0,0,168,11,179,0,14,240,23,277,204,10,214,491
08/24/2001,NEW,LA,ASW,CE,Towers with Display (VFR),0,10,79,10,99,0,0,171,10,181,0,10,250,20,280,188,2,190,470
08/25/2001,NEW,LA,ASW,CE,Towers with Display (VFR),0,0,58,2,60,0,1,135,0,136,0,1,193,2,196,160,2,162,358
08/26/2001,NEW,LA,ASW,CE,Towers with Display (VFR),0,3,55,1,59,0,1,155,2,158,0,4,210,3,217,98,0,98,315
08/27/2001,NEW,LA,ASW,CE,Towers with Display (VFR),0,4,67,8,79,0,3,96,9,108,0,7,163,17,187,24,12,36,223
08/28/2001,NEW,LA,ASW,CE,Towers with Display (VFR),0,12,70,9,91,0,1,73,3,77,0,13,143,12,168,64,4,68,236
08/29/2001,NEW,LA,ASW,CE,Towers with Display (VFR),0,7,56,7,70,0,4,77,10,91,0,11,133,17,161,92,0,92,253
08/30/2001,NEW,LA,ASW,CE,Towers with Display (VFR),0,7,51,7,65,0,0,99,9,108,0,7,150,16,173,90,4,94,267
08/31/2001,NEW,LA,ASW,CE,Towers with Display (VFR),0,9,52,6,67,0,2,138,3,143,0,11,190,9,210,92,0,92,302
09/01/2001,NEW,LA,ASW,CE,Towers with Display (VFR),0,7,21,1,29,0,9,52,0,61,0,16,73,1,90,170,0,170,260
09/02/2001,NEW,LA,ASW,CE,Towers with Display (VFR),0,4,20,0,24,0,0,28,0,28,0,4,48,0,52,84,0,84,136
09/03/2001,NEW,LA,ASW,CE,Towers with Display (VFR),0,7,38,0,45,0,3,88,0,91,0,10,126,0,136,156,0,156,292
09/04/2001,NEW,LA,ASW,CE,Towers with Display (VFR),0,5,42,0,47,0,5,75,13,93,0,10,117,13,140,136,10,146,286
09/05/2001,NEW,LA,ASW,CE,Towers with Display (VFR),0,8,72,4,84,0,3,95,19,117,0,11,167,23,201,144,22,166,367
09/06/2001,NEW,LA,ASW,CE,Towers with Display (VFR),0,6,72,11,89,0,0,166,27,193,0,6,238,38,282,232,0,232,514
09/07/2001,NEW,LA,ASW,CE,Towers with Display (VFR),0,8,88,12,108,0,1,119,26,146,0,9,207,38,254,122,22,144,398
09/08/2001,NEW,LA,ASW,CE,Towers with Display (VFR),0,6,41,11,58,0,0,50,11,61,0,6,91,22,119,70,10,80,199
09/09/2001,NEW,LA,ASW,CE,Towers with Display (VFR),0,2,40,4,46,0,1,50,4,55,0,3,90,8,101,104,2,106,207
09/10/2001,NEW,LA,ASW,CE,Towers with Display (VFR),0,7,33,1,41,0,0,199,4,203,0,7,232,5,244,128,4,132,376
09/11/2001,NEW,LA,ASW,CE,Towers with Display (VFR),0,5,15,0,20,0,0,17,0,17,0,5,32,0,37,4,0,4,41
09/12/2001,NEW,LA,ASW,CE,Towers with Display (VFR),0,0,0,0,0,0,4,5,0,9,0,4,5,0,9,0,0,0,9
09/13/2001,NEW,LA,ASW,CE,Towers with Display (VFR),0,14,0,3,17,0,0,5,13,18,0,14,5,16,35,0,2,2,37
09/14/2001,NEW,LA,ASW,CE,Towers with Display (VFR),0,29,11,4,44,0,1,13,1,15,0,30,24,5,59,0,10,10,69
09/15/2001,NEW,LA,ASW,CE,Towers with Display (VFR),0,12,51,1,64,0,9,10,1,20,0,21,61,2,84,0,0,0,84
09/16/2001,NEW,LA,ASW,CE,Towers with Display (VFR),0,10,52,3,65,0,4,0,1,5,0,14,52,4,70,0,0,0,70
09/17/2001,NEW,LA,ASW,CE,Towers with Display (VFR),0,21,49,2,72,0,2,8,3,13,0,23,57,5,85,0,2,2,87
09/18/2001,NEW,LA,ASW,CE,Towers with Display (VFR),0,20,77,5,102,0,0,45,3,48,0,20,122,8,150,0,0,0,150
09/19/2001,NEW,LA,ASW,CE,Towers with Display (VFR),0,20,86,1,107,0,0,8,1,9,0,20,94,2,116,0,0,0,116
09/20/2001,NEW,LA,ASW,CE,Towers with Display (VFR),0,20,97,6,123,0,7,9,0,16,0,27,106,6,139,0,0,0,139
09/21/2001,NEW,LA,ASW,CE,Towers with Display (VFR),0,16,83,6,105,0,8,17,4,29,0,24,100,10,134,16,0,16,150
09/22/2001,NEW,LA,ASW,CE,Towers with Display (VFR),0,4,92,15,111,0,0,3,2,5,0,4,95,17,116,12,10,22,138
09/23/2001,NEW,LA,ASW,CE,Towers with Display (VFR),0,13,52,0,65,0,2,30,7,39,0,15,82,7,104,40,0,40,144
09/24/2001,NEW,LA,ASW,CE,Towers with Display (VFR),0,14,62,8,84,0,4,34,9,47,0,18,96,17,131,38,0,38,169
09/25/2001,NEW,LA,ASW,CE,Towers with Display (VFR),0,12,78,10,100,0,1,21,16,38,0,13,99,26,138,24,0,24,162
09/26/2001,NEW,LA,ASW,CE,Towers with Display (VFR),0,11,111,9,131,0,0,54,5,59,0,11,165,14,190,80,1,81,271
09/27/2001,NEW,LA,ASW,CE,Towers with Display (VFR),0,14,105,10,129,0,0,48,21,69,0,14,153,31,198,112,30,142,340
09/28/2001,NEW,LA,ASW,CE,Towers with Display (VFR),0,19,103,8,130,0,11,36,4,51,0,30,139,12,181,58,4,62,243
09/29/2001,NEW,LA,ASW,CE,Towers with Display (VFR),0,2,83,4,89,0,1,52,1,54,0,3,135,5,143,62,6,68,211
09/30/2001,NEW,LA,ASW,CE,Towers with Display (VFR),0,15,110,1,126,0,5,46,3,54,0,20,156,4,180,80,0,80,260
10/01/2001,NEW,LA,ASW,CE,Towers with Display (VFR),0,22,88,18,128,0,3,54,3,60,0,25,142,21,188,40,0,40,228
10/02/2001,NEW,LA,ASW,CE,Towers with Display (VFR),0,20,89,9,118,0,1,30,5,36,0,21,119,14,154,46,2,48,202
10/03/2001,NEW,LA,ASW,CE,Towers with Display (VFR),0,12,112,14,138,0,1,41,3,45,0,13,153,17,183,92,6,98,281
10/04/2001,NEW,LA,ASW,CE,Towers with Display (VFR),0,22,96,9,127,0,7,61,10,78,0,29,157,19,205,162,2,164,369
10/05/2001,NEW,LA,ASW,CE,Towers with Display (VFR),0,17,79,7,103,0,3,52,0,55,0,20,131,7,158,36,0,36,194
10/06/2001,NEW,LA,ASW,CE,Towers with Display (VFR),0,4,76,2,82,0,3,9,0,12,0,7,85,2,94,0,0,0,94
10/07/2001,NEW,LA,ASW,CE,Towers with Display (VFR),0,11,115,2,128,0,1,18,0,19,0,12,133,2,147,40,0,40,187
10/08/2001,NEW,LA,ASW,CE,Towers with Display (VFR),0,9,88,5,102,0,1,34,0,35,0,10,122,5,137,50,0,50,187
10/09/2001,NEW,LA,ASW,CE,Towers with Display (VFR),0,21,74,12,107,0,1,44,1,46,0,22,118,13,153,72,4,76,229
10/10/2001,NEW,LA,ASW,CE,Towers with Display (VFR),0,21,85,10,116,0,0,22,0,22,0,21,107,10,138,32,0,32,170
10/11/2001,NEW,LA,ASW,CE,Towers with Display (VFR),0,24,83,7,114,0,6,26,1,33,0,30,109,8,147,14,0,14,161
10/12/2001,NEW,LA,ASW,CE,Towers with Display (VFR),0,22,114,12,148,0,0,67,0,67,0,22,181,12,215,54,0,54,269
10/13/2001,NEW,LA,ASW,CE,Towers with Display (VFR),0,3,18,2,23,0,0,4,1,5,0,3,22,3,28,0,10,10,38
10/14/2001,NEW,LA,ASW,CE,Towers with Display (VFR),0,20,87,4,111,0,1,49,0,50,0,21,136,4,161,84,0,84,245
10/15/2001,NEW,LA,ASW,CE,Towers with Display (VFR),0,16,60,11,87,0,5,92,3,100,0,21,152,14,187,146,0,146,333
10/16/2001,NEW,LA,ASW,CE,Towers with Display (VFR),0,16,50,11,77,0,2,63,7,72,0,18,113,18,149,130,0,130,279
10/17/2001,NEW,LA,ASW,CE,Towers with Display (VFR),0,12,56,8,76,0,12,83,16,111,0,24,139,24,187,96,14,110,297
10/18/2001,NEW,LA,ASW,CE,Towers with Display (VFR),0,24,72,5,101,0,5,149,6,160,0,29,221,11,261,154,10,164,425
10/19/2001,NEW,LA,ASW,CE,Towers with Display (VFR),0,14,100,8,122,0,0,83,5,88,0,14,183,13,210,58,0,58,268
10/20/2001,NEW,LA,ASW,CE,Towers with Display (VFR),0,2,58,12,72,0,0,103,0,103,0,2,161,12,175,120,0,120,295
10/21/2001,NEW,LA,ASW,CE,Towers with Display (VFR),0,15,94,8,117,0,4,102,4,110,0,19,196,12,227,76,0,76,303
10/22/2001,NEW,LA,ASW,CE,Towers with Display (VFR),0,14,65,8,87,0,3,79,5,87,0,17,144,13,174,66,14,80,254
10/23/2001,NEW,LA,ASW,CE,Towers with Display (VFR),0,21,85,14,120,0,0,73,11,84,0,21,158,25,204,104,0,104,308
10/24/2001,NEW,LA,ASW,CE,Towers with Display (VFR),0,28,96,7,131,0,0,88,4,92,0,28,184,11,223,36,0,36,259
10/25/2001,NEW,LA,ASW,CE,Towers with Display (VFR),0,24,110,4,138,0,5,171,11,187,0,29,281,15,325,132,8,140,465
10/26/2001,NEW,LA,ASW,CE,Towers with Display (VFR),0,31,83,4,118,0,0,134,8,142,0,31,217,12,260,188,0,188,448
10/27/2001,NEW,LA,ASW,CE,Towers with Display (VFR),0,11,64,11,86,0,6,153,16,175,0,17,217,27,261,204,8,212,473
10/28/2001,NEW,LA,ASW,CE,Towers with Display (VFR),0,11,98,5,114,0,7,154,7,168,0,18,252,12,282,276,0,276,558
10/29/2001,NEW,LA,ASW,CE,Towers with Display (VFR),0,27,61,5,93,0,1,79,0,80,0,28,140,5,173,84,0,84,257
10/30/2001,NEW,LA,ASW,CE,Towers with Display (VFR),0,19,89,15,123,0,1,113,19,133,0,20,202,34,256,136,2,138,394
10/31/2001,NEW,LA,ASW,CE,Towers with Display (VFR),0,36,77,4,117,0,4,63,6,73,0,40,140,10,190,62,4,66,256
11/01/2001,NEW,LA,ASW,CE,Towers with Display (VFR),0,25,85,14,124,0,2,122,2,126,0,27,207,16,250,138,10,148,398
11/02/2001,NEW,LA,ASW,CE,Towers with Display (VFR),0,31,84,11,126,0,3,117,2,122,0,34,201,13,248,90,2,92,340
11/03/2001,NEW,LA,ASW,CE,Towers with Display (VFR),0,15,75,10,100,0,4,130,6,140,0,19,205,16,240,130,2,132,372
11/04/2001,NEW,LA,ASW,CE,Towers with Display (VFR),0,35,101,8,144,0,0,107,6,113,0,35,208,14,257,78,0,78,335
11/05/2001,NEW,LA,ASW,CE,Towers with Display (VFR),0,19,60,10,89,0,8,104,12,124,0,27,164,22,213,80,2,82,295
11/06/2001,NEW,LA,ASW,CE,Towers with Display (VFR),0,18,85,27,130,0,4,82,8,94,0,22,167,35,224,84,4,88,312
11/07/2001,NEW,LA,ASW,CE,Towers with Display (VFR),0,28,105,11,144,0,7,107,8,122,0,35,212,19,266,178,0,178,444
11/08/2001,NEW,LA,ASW,CE,Towers with Display (VFR),0,28,148,9,185,0,5,143,11,159,0,33,291,20,344,230,0,230,574
11/09/2001,NEW,LA,ASW,CE,Towers with Display (VFR),0,29,98,6,133,0,7,89,27,123,0,36,187,33,256,162,4,166,422
11/10/2001,NEW,LA,ASW,CE,Towers with Display (VFR),0,13,84,5,102,0,2,161,1,164,0,15,245,6,266,184,0,184,450
11/11/2001,NEW,LA,ASW,CE,Towers with Display (VFR),0,20,79,0,99,0,4,128,4,136,0,24,207,4,235,138,0,138,373
11/12/2001,NEW,LA,ASW,CE,Towers with Display (VFR),0,6,55,1,62,0,5,85,4,94,0,11,140,5,156,92,0,92,248
11/13/2001,NEW,LA,ASW,CE,Towers with Display (VFR),0,15,78,9,102,0,10,75,16,101,0,25,153,25,203,86,16,102,305
11/14/2001,NEW,LA,ASW,CE,Towers with Display (VFR),0,17,76,7,100,0,6,99,13,118,0,23,175,20,218,84,0,84,302
11/15/2001,NEW,LA,ASW,CE,Towers with Display (VFR),0,21,95,11,127,0,9,137,5,151,0,30,232,16,278,168,0,168,446
11/16/2001,NEW,LA,ASW,CE,Towers with Display (VFR),0,14,108,13,135,0,2,78,5,85,0,16,186,18,220,108,4,112,332
11/17/2001,NEW,LA,ASW,CE,Towers with Display (VFR),0,9,78,17,104,0,3,128,5,136,0,12,206,22,240,184,62,246,486
11/18/2001,NEW,LA,ASW,CE,Towers with Display (VFR),0,9,108,4,121,0,5,99,0,104,0,14,207,4,225,94,0,94,319
11/19/2001,NEW,LA,ASW,CE,Towers with Display (VFR),0,10,45,0,55,0,17,42,0,59,0,27,87,0,114,24,0,24,138
11/20/2001,NEW,LA,ASW,CE,Towers with Display (VFR),0,31,79,20,130,0,0,49,2,51,0,31,128,22,181,48,10,58,239
11/21/2001,NEW,LA,ASW,CE,Towers with Display (VFR),0,14,70,2,86,0,5,87,1,93,0,19,157,3,179,80,4,84,263
11/22/2001,NEW,LA,ASW,CE,Towers with Display (VFR),0,3,13,0,16,0,0,40,0,40,0,3,53,0,56,30,0,30,86
11/23/2001,NEW,LA,ASW,CE,Towers with Display (VFR),0,15,51,0,66,0,3,53,0,56,0,18,104,0,122,44,0,44,166
11/24/2001,NEW,LA,ASW,CE,Towers with Display (VFR),0,11,22,0,33,0,0,0,0,0,0,11,22,0,33,0,0,0,33
11/25/2001,NEW,LA,ASW,CE,Towers with Display (VFR),0,8,85,0,93,0,0,116,2,118,0,8,201,2,211,42,0,42,253
11/26/2001,NEW,LA,ASW,CE,Towers with Display (VFR),0,22,59,4,85,0,0,37,2,39,0,22,96,6,124,70,2,72,196
11/27/2001,NEW,LA,ASW,CE,Towers with Display (VFR),0,15,44,3,62,0,11,42,20,73,0,26,86,23,135,106,32,138,273
11/28/2001,NEW,LA,ASW,CE,Towers with Display (VFR),0,25,56,7,88,0,4,45,3,52,0,29,101,10,140,48,0,48,188
11/29/2001,NEW,LA,ASW,CE,Towers with Display (VFR),0,22,48,0,70,0,6,6,0,12,0,28,54,0,82,0,2,2,84
11/30/2001,NEW,LA,ASW,CE,Towers with Display (VFR),0,26,93,16,135,0,0,156,9,165,0,26,249,25,300,228,4,232,532
12/01/2001,NEW,LA,ASW,CE,Towers with Display (VFR),0,4,45,8,57,0,3,149,21,173,0,7,194,29,230,212,8,220,450
12/02/2001,NEW,LA,ASW,CE,Towers with Display (VFR),0,6,75,1,82,0,9,112,3,124,0,15,187,4,206,164,0,164,370
12/03/2001,NEW,LA,ASW,CE,Towers with Display (VFR),0,18,54,11,83,0,12,79,13,104,0,30,133,24,187,114,0,114,301
12/04/2001,NEW,LA,ASW,CE,Towers with Display (VFR),0,15,75,10,100,0,11,85,7,103,0,26,160,17,203,72,6,78,281
12/05/2001,NEW,LA,ASW,CE,Towers with Display (VFR),0,28,85,9,122,0,6,78,24,108,0,34,163,33,230,120,0,120,350
12/06/2001,NEW,LA,ASW,CE,Towers with Display (VFR),0,23,114,5,142,0,1,101,10,112,0,24,215,15,254,114,8,122,376
12/07/2001,NEW,LA,ASW,CE,Towers with Display (VFR),0,8,99,15,122,0,1,76,15,92,0,9,175,30,214,118,0,118,332
12/08/2001,NEW,LA,ASW,CE,Towers with Display (VFR),0,6,67,4,77,0,5,90,7,102,0,11,157,11,179,62,0,62,241
12/09/2001,NEW,LA,ASW,CE,Towers with Display (VFR),0,9,107,9,125,0,6,69,7,82,0,15,176,16,207,140,2,142,349
12/10/2001,NEW,LA,ASW,CE,Towers with Display (VFR),3,23,59,6,91,0,15,84,4,103,3,38,143,10,194,122,0,122,316
12/11/2001,NEW,LA,ASW,CE,Towers with Display (VFR),3,21,117,9,150,1,27,100,9,137,4,48,217,18,287,48,0,48,335
12/12/2001,NEW,LA,ASW,CE,Towers with Display (VFR),2,21,178,1,202,0,7,47,13,67,2,28,225,14,269,58,0,58,327
12/13/2001,NEW,LA,ASW,CE,Towers with Display (VFR),5,22,139,4,170,0,3,27,0,30,5,25,166,4,200,0,2,2,202
12/14/2001,NEW,LA,ASW,CE,Towers with Display (VFR),1,41,317,25,384,0,0,65,2,67,1,41,382,27,451,42,0,42,493
12/15/2001,NEW,LA,ASW,CE,Towers with Display (VFR),0,12,73,5,90,0,0,107,6,113,0,12,180,11,203,26,6,32,235
12/16/2001,NEW,LA,ASW,CE,Towers with Display (VFR),0,11,63,4,78,1,1,54,2,58,1,12,117,6,136,128,2,130,266
12/17/2001,NEW,LA,ASW,CE,Towers with Display (VFR),0,18,91,8,117,0,6,43,21,70,0,24,134,29,187,12,0,12,199
12/18/2001,NEW,LA,ASW,CE,Towers with Display (VFR),0,27,16,29,72,0,0,186,11,197,0,27,202,40,269,188,4,192,461
12/19/2001,NEW,LA,ASW,CE,Towers with Display (VFR),0,13,73,5,91,0,22,90,14,126,0,35,163,19,217,134,14,148,365
12/20/2001,NEW,LA,ASW,CE,Towers with Display (VFR),0,3,29,2,34,0,23,177,28,228,0,26,206,30,262,186,28,214,476
12/21/2001,NEW,LA,ASW,CE,Towers with Display (VFR),0,19,54,5,78,0,7,120,2,129,0,26,174,7,207,48,2,50,257
12/22/2001,NEW,LA,ASW,CE,Towers with Display (VFR),0,9,6,0,15,0,5,134,0,139,0,14,140,0,154,60,0,60,214
12/23/2001,NEW,LA,ASW,CE,Towers with Display (VFR),0,13,41,0,54,0,1,52,0,53,0,14,93,0,107,82,0,82,189
12/24/2001,NEW,LA,ASW,CE,Towers with Display (VFR),0,10,31,0,41,0,3,113,1,117,0,13,144,1,158,68,2,70,228
12/25/2001,NEW,LA,ASW,CE,Towers with Display (VFR),0,3,15,0,18,0,5,27,0,32,0,8,42,0,50,4,0,4,54
12/26/2001,NEW,LA,ASW,CE,Towers with Display (VFR),0,18,6,0,24,0,6,176,0,182,0,24,182,0,206,86,0,86,292
12/27/2001,NEW,LA,ASW,CE,Towers with Display (VFR),1,11,17,0,29,0,16,0,0,16,1,27,17,0,45,190,0,190,235
12/28/2001,NEW,LA,ASW,CE,Towers with Display (VFR),0,12,65,0,77,0,1,105,0,106,0,13,170,0,183,144,0,144,327
12/29/2001,NEW,LA,ASW,CE,Towers with Display (VFR),0,6,69,0,75,0,3,55,0,58,0,9,124,0,133,112,0,112,245
12/30/2001,NEW,LA,ASW,CE,Towers with Display (VFR),0,8,4,2,14,0,206,0,2,208,0,214,4,4,222,118,4,122,344
12/31/2001,NEW,LA,ASW,CE,Towers with Display (VFR),0,15,71,0,86,0,11,59,1,71,0,26,130,1,157,110,0,110,267
01/01/2002,NEW,LA,ASW,CE,Towers with Display (VFR),0,17,54,0,71,0,4,14,0,18,0,21,68,0,89,0,0,0,89
01/02/2002,NEW,LA,ASW,CE,Towers with Display (VFR),0,20,78,3,101,0,6,53,3,62,0,26,131,6,163,116,12,128,291
01/03/2002,NEW,LA,ASW,CE,Towers with Display (VFR),0,16,46,6,68,0,8,110,9,127,0,24,156,15,195,156,2,158,353
01/04/2002,NEW,LA,ASW,CE,Towers with Display (VFR),0,17,54,15,86,0,3,100,6,109,0,20,154,21,195,120,0,120,315
01/05/2002,NEW,LA,ASW,CE,Towers with Display (VFR),0,6,18,2,26,0,5,36,0,41,0,11,54,2,67,38,0,38,105
01/06/2002,NEW,LA,ASW,CE,Towers with Display (VFR),0,9,48,0,57,0,6,67,2,75,0,15,115,2,132,146,0,146,278
01/07/2002,NEW,LA,ASW,CE,Towers with Display (VFR),0,21,58,2,81,0,6,106,0,112,0,27,164,2,193,137,4,141,334
01/08/2002,NEW,LA,ASW,CE,Towers with Display (VFR),0,14,78,11,103,0,11,104,10,125,0,25,182,21,228,114,14,128,356
01/09/2002,NEW,LA,ASW,CE,Towers with Display (VFR),0,25,83,12,120,0,10,110,14,134,0,35,193,26,254,112,2,114,368
01/10/2002,NEW,LA,ASW,CE,Towers with Display (VFR),0,23,105,6,134,0,1,145,16,162,0,24,250,22,296,130,2,132,428
01/11/2002,NEW,LA,ASW,CE,Towers with Display (VFR),0,18,116,12,146,0,1,115,15,131,0,19,231,27,277,126,32,158,435
01/12/2002,NEW,LA,ASW,CE,Towers with Display (VFR),0,4,73,20,97,0,4,37,3,44,0,8,110,23,141,40,0,40,181
01/13/2002,NEW,LA,ASW,CE,Towers with Display (VFR),0,10,71,6,87,0,6,147,11,164,0,16,218,17,251,96,0,96,347
01/14/2002,NEW,LA,ASW,CE,Towers with Display (VFR),0,13,72,4,89,0,4,18,6,28,0,17,90,10,117,52,9,61,178
01/15/2002,NEW,LA,ASW,CE,Towers with Display (VFR),0,12,47,15,74,0,7,128,12,147,0,19,175,27,221,174,2,176,397
01/16/2002,NEW,LA,ASW,CE,Towers with Display (VFR),0,24,75,18,117,0,4,127,12,143,0,28,202,30,260,120,2,122,382
01/17/2002,NEW,LA,ASW,CE,Towers with Display (VFR),0,16,87,19,122,0,8,127,22,157,0,24,214,41,279,164,6,170,449
01/18/2002,NEW,LA,ASW,CE,Towers with Display (VFR),0,22,105,6,133,0,4,153,0,157,0,26,258,6,290,2,2,4,294
01/19/2002,NEW,LA,ASW,CE,Towers with Display (VFR),0,9,37,0,46,0,4,23,0,27,0,13,60,0,73,24,0,24,97
01/20/2002,NEW,LA,ASW,CE,Towers with Display (VFR),0,12,75,0,87,0,0,29,1,30,0,12,104,1,117,130,2,132,249
01/21/2002,NEW,LA,ASW,CE,Towers with Display (VFR),0,8,55,4,67,0,13,48,4,65,0,21,103,8,132,37,2,39,171
01/22/2002,NEW,LA,ASW,CE,Towers with Display (VFR),0,17,78,4,99,0,5,88,23,116,0,22,166,27,215,134,6,140,355
01/23/2002,NEW,LA,ASW,CE,Towers with Display (VFR),0,17,78,4,99,0,5,88,23,116,0,22,166,27,215,134,6,140,355
01/24/2002,NEW,LA,ASW,CE,Towers with Display (VFR),0,25,100,6,131,0,10,152,22,184,0,35,252,28,315,56,20,76,391
01/25/2002,NEW,LA,ASW,CE,Towers with Display (VFR),0,28,130,12,170,0,9,98,5,112,0,37,228,17,282,158,2,160,442
01/26/2002,NEW,LA,ASW,CE,Towers with Display (VFR),0,25,115,2,142,0,2,155,5,162,0,27,270,7,304,200,0,200,504
01/27/2002,NEW,LA,ASW,CE,Towers with Display (VFR),0,18,151,6,175,0,5,108,8,121,0,23,259,14,296,178,0,178,474
01/28/2002,NEW,LA,ASW,CE,Towers with Display (VFR),0,20,33,7,60,0,1,163,8,172,0,21,196,15,232,70,8,78,310
01/29/2002,NEW,LA,ASW,CE,Towers with Display (VFR),0,21,128,9,158,0,5,76,10,91,0,26,204,19,249,192,0,192,441
01/30/2002,NEW,LA,ASW,CE,Towers with Display (VFR),0,21,3,6,30,0,6,161,12,179,0,27,164,18,209,114,0,114,323
01/31/2002,NEW,LA,ASW,CE,Towers with Display (VFR),2,57,140,4,203,0,2,125,24,151,2,59,265,28,354,146,10,156,510
02/01/2002,NEW,LA,ASW,CE,Towers with Display (VFR),2,50,168,2,222,1,0,0,0,1,3,50,168,2,223,4,2,6,229
02/02/2002,NEW,LA,ASW,CE,Towers with Display (VFR),1,54,132,1,188,0,1,84,8,93,1,55,216,9,281,6,0,6,287
02/03/2002,NEW,LA,ASW,CE,Towers with Display (VFR),0,40,49,0,89,0,1,38,2,41,0,41,87,2,130,6,0,6,136
02/04/2002,NEW,LA,ASW,CE,Towers with Display (VFR),4,106,297,0,407,0,0,127,19,146,4,106,424,19,553,58,2,60,613
02/05/2002,NEW,LA,ASW,CE,Towers with Display (VFR),0,18,69,1,88,0,8,27,7,42,0,26,96,8,130,12,0,12,142
02/06/2002,NEW,LA,ASW,CE,Towers with Display (VFR),0,22,64,1,87,0,0,6,1,7,0,22,70,2,94,0,0,0,94
02/07/2002,NEW,LA,ASW,CE,Towers with Display (VFR),0,19,115,12,146,0,0,60,8,68,0,19,175,20,214,104,8,112,326
02/08/2002,NEW,LA,ASW,CE,Towers with Display (VFR),0,32,99,6,137,0,3,133,11,147,0,35,232,17,284,74,0,74,358
02/09/2002,NEW,LA,ASW,CE,Towers with Display (VFR),0,18,68,1,87,0,3,152,3,158,0,21,220,4,245,180,0,180,425
02/10/2002,NEW,LA,ASW,CE,Towers with Display (VFR),0,13,75,0,88,0,1,65,1,67,0,14,140,1,155,50,0,50,205
02/11/2002,NEW,LA,ASW,CE,Towers with Display (VFR),0,16,68,17,101,0,6,103,8,117,0,22,171,25,218,180,18,198,416
02/12/2002,NEW,LA,ASW,CE,Towers with Display (VFR),0,24,61,3,88,0,0,84,8,92,0,24,145,11,180,30,8,38,218
02/13/2002,NEW,LA,ASW,CE,Towers with Display (VFR),0,16,77,22,115,0,5,89,8,102,0,21,166,30,217,158,12,170,387
02/14/2002,NEW,LA,ASW,CE,Towers with Display (VFR),0,21,75,7,103,0,2,140,15,157,0,23,215,22,260,62,0,62,322
02/15/2002,NEW,LA,ASW,CE,Towers with Display (VFR),0,19,102,7,128,0,6,172,12,190,0,25,274,19,318,140,2,142,460
02/16/2002,NEW,LA,ASW,CE,Towers with Display (VFR),0,4,70,6,80,0,3,168,2,173,0,7,238,8,253,180,6,186,439
02/17/2002,NEW,LA,ASW,CE,Towers with Display (VFR),0,17,106,1,124,0,2,170,1,173,0,19,276,2,297,122,0,122,419
02/18/2002,NEW,LA,ASW,CE,Towers with Display (VFR),0,19,90,2,111,0,0,186,0,186,0,19,276,2,297,122,0,122,419
02/19/2002,NEW,LA,ASW,CE,Towers with Display (VFR),0,19,60,12,91,0,1,62,26,89,0,20,122,38,180,56,24,80,260
02/20/2002,NEW,LA,ASW,CE,Towers with Display (VFR),0,21,88,17,126,0,0,142,10,152,0,21,230,27,278,206,0,206,484
02/21/2002,NEW,LA,ASW,CE,Towers with Display (VFR),0,23,88,7,118,0,2,171,26,199,0,25,259,33,317,134,0,134,451
02/22/2002,NEW,LA,ASW,CE,Towers with Display (VFR),0,24,61,9,94,0,0,148,11,159,0,24,209,20,253,156,4,160,413
02/23/2002,NEW,LA,ASW,CE,Towers with Display (VFR),0,3,45,1,49,0,4,201,4,209,0,7,246,5,258,130,0,130,388
02/24/2002,NEW,LA,ASW,CE,Towers with Display (VFR),0,5,91,8,104,0,0,113,4,117,0,5,204,12,221,196,4,200,421
02/25/2002,NEW,LA,ASW,CE,Towers with Display (VFR),0,27,63,9,99,0,0,114,11,125,0,27,177,20,224,140,0,140,364
02/26/2002,NEW,LA,ASW,CE,Towers with Display (VFR),0,25,58,14,97,0,3,56,12,71,0,28,114,26,168,24,2,26,194
02/27/2002,NEW,LA,ASW,CE,Towers with Display (VFR),0,19,58,15,92,0,4,92,12,108,0,23,150,27,200,138,4,142,342
02/28/2002,NEW,LA,ASW,CE,Towers with Display (VFR),0,17,59,13,89,0,4,153,20,177,0,21,212,33,266,122,0,122,388
03/01/2002,NEW,LA,ASW,CE,Towers with Display (VFR),0,17,71,5,93,0,2,29,4,35,0,19,100,9,128,12,0,12,140
03/02/2002,NEW,LA,ASW,CE,Towers with Display (VFR),0,9,77,3,89,0,3,113,3,119,0,12,190,6,208,150,0,150,358
03/03/2002,NEW,LA,ASW,CE,Towers with Display (VFR),0,14,110,2,126,0,1,56,0,57,0,15,166,2,183,0,0,0,183
03/04/2002,NEW,LA,ASW,CE,Towers with Display (VFR),0,20,64,3,87,0,8,87,10,105,0,28,151,13,192,58,0,58,250
03/05/2002,NEW,LA,ASW,CE,Towers with Display (VFR),0,28,76,11,115,0,0,158,29,187,0,28,234,40,302,154,16,170,472
03/06/2002,NEW,LA,ASW,CE,Towers with Display (VFR),0,34,117,7,158,0,0,110,10,120,0,34,227,17,278,198,0,198,476
03/07/2002,NEW,LA,ASW,CE,Towers with Display (VFR),0,19,54,6,79,0,5,179,13,197,0,24,233,19,276,114,6,120,396
03/08/2002,NEW,LA,ASW,CE,Towers with Display (VFR),0,27,82,10,119,0,0,138,18,156,0,27,220,28,275,150,14,164,439
03/09/2002,NEW,LA,ASW,CE,Towers with Display (VFR),0,8,65,2,75,0,0,10,1,11,0,8,75,3,86,36,0,36,122
03/10/2002,NEW,LA,ASW,CE,Towers with Display (VFR),0,9,71,5,85,0,2,125,4,131,0,11,196,9,216,54,0,54,270
03/11/2002,NEW,LA,ASW,CE,Towers with Display (VFR),0,22,56,10,88,0,10,95,6,111,0,32,151,16,199,138,8,146,345
03/12/2002,NEW,LA,ASW,CE,Towers with Display (VFR),0,15,58,1,74,0,8,73,15,96,0,23,131,16,170,98,0,98,268
03/13/2002,NEW,LA,ASW,CE,Towers with Display (VFR),0,18,85,4,107,0,0,110,8,118,0,18,195,12,225,182,0,182,407
03/14/2002,NEW,LA,ASW,CE,Towers with Display (VFR),0,30,102,13,145,0,0,151,31,182,0,30,253,44,327,100,40,140,467
03/15/2002,NEW,LA,ASW,CE,Towers with Display (VFR),0,13,94,13,120,0,13,102,6,121,0,26,196,19,241,8,8,16,257
03/16/2002,NEW,LA,ASW,CE,Towers with Display (VFR),0,7,66,8,81,0,0,71,15,86,0,7,137,23,167,180,0,180,347
03/17/2002,NEW,LA,ASW,CE,Towers with Display (VFR),0,10,83,7,100,0,0,62,8,70,0,10,145,15,170,10,2,12,182
03/18/2002,NEW,LA,ASW,CE,Towers with Display (VFR),0,19,63,13,95,0,1,80,6,87,0,20,143,19,182,102,4,106,288
03/19/2002,NEW,LA,ASW,CE,Towers with Display (VFR),0,17,77,12,106,0,3,78,6,87,0,20,155,18,193,20,6,26,219
03/20/2002,NEW,LA,ASW,CE,Towers with Display (VFR),0,26,63,7,96,0,0,60,3,63,0,26,123,10,159,48,0,48,207
03/21/2002,NEW,LA,ASW,CE,Towers with Display (VFR),0,22,89,8,119,0,4,125,23,152,0,26,214,31,271,100,4,104,375
03/22/2002,NEW,LA,ASW,CE,Towers with Display (VFR),0,18,83,13,114,0,10,161,9,180,0,28,244,22,294,62,0,62,356
03/23/2002,NEW,LA,ASW,CE,Towers with Display (VFR),0,8,53,1,62,0,2,165,11,178,0,10,218,12,240,176,24,200,440
03/24/2002,NEW,LA,ASW,CE,Towers with Display (VFR),0,8,76,7,91,0,0,103,7,110,0,8,179,14,201,82,0,82,283
03/25/2002,NEW,LA,ASW,CE,Towers with Display (VFR),0,20,71,9,100,0,4,82,16,102,0,24,153,25,202,60,4,64,266
03/26/2002,NEW,LA,ASW,CE,Towers with Display (VFR),0,16,79,13,108,0,5,27,9,41,0,21,106,22,149,34,0,34,183
03/27/2002,NEW,LA,ASW,CE,Towers with Display (VFR),0,18,86,4,108,0,7,123,15,145,0,25,209,19,253,68,0,68,321
03/28/2002,NEW,LA,ASW,CE,Towers with Display (VFR),0,20,83,14,117,0,3,183,14,200,0,23,266,28,317,184,6,190,507
03/29/2002,NEW,LA,ASW,CE,Towers with Display (VFR),0,14,77,8,99,0,0,156,9,165,0,14,233,17,264,206,2,208,472
03/30/2002,NEW,LA,ASW,CE,Towers with Display (VFR),0,8,52,2,62,0,0,149,0,149,0,8,201,2,211,188,0,188,399
03/31/2002,NEW,LA,ASW,CE,Towers with Display (VFR),0,17,32,5,54,0,3,11,0,14,0,20,43,5,68,0,0,0,68
04/01/2002,NEW,LA,ASW,CE,Towers with Display (VFR),0,21,79,6,106,0,0,44,7,51,0,21,123,13,157,82,6,88,245
04/02/2002,NEW,LA,ASW,CE,Towers with Display (VFR),0,13,71,11,95,0,7,104,16,127,0,20,175,27,222,60,14,74,296
04/03/2002,NEW,LA,ASW,CE,Towers with Display (VFR),0,15,80,6,101,0,4,69,4,77,0,19,149,10,178,70,0,70,248
04/04/2002,NEW,LA,ASW,CE,Towers with Display (VFR),0,18,78,10,106,0,2,165,14,181,0,20,243,24,287,160,14,174,461
04/05/2002,NEW,LA,ASW,CE,Towers with Display (VFR),0,26,100,7,133,0,9,187,10,206,0,35,287,17,339,186,2,188,527
04/06/2002,NEW,LA,ASW,CE,Towers with Display (VFR),0,8,43,6,57,0,0,147,5,152,0,8,190,11,209,65,2,67,276
04/07/2002,NEW,LA,ASW,CE,Towers with Display (VFR),0,20,93,6,119,0,5,138,8,151,0,25,231,14,270,92,0,92,362
04/08/2002,NEW,LA,ASW,CE,Towers with Display (VFR),0,20,40,2,62,0,1,29,2,32,0,21,69,4,94,0,0,0,94
04/09/2002,NEW,LA,ASW,CE,Towers with Display (VFR),0,20,80,7,107,0,4,75,14,93,0,24,155,21,200,6,0,6,206
04/10/2002,NEW,LA,ASW,CE,Towers with Display (VFR),0,17,80,8,105,0,4,134,18,156,0,21,214,26,261,156,0,156,417
04/11/2002,NEW,LA,ASW,CE,Towers with Display (VFR),0,20,120,5,145,0,6,45,10,61,0,26,165,15,206,14,0,14,220
04/12/2002,NEW,LA,ASW,CE,Towers with Display (VFR),0,22,100,8,130,0,1,145,4,150,0,23,245,12,280,146,0,146,426
04/13/2002,NEW,LA,ASW,CE,Towers with Display (VFR),0,11,52,2,65,0,6,104,5,115,0,17,156,7,180,84,0,84,264
04/14/2002,NEW,LA,ASW,CE,Towers with Display (VFR),0,22,74,2,98,0,3,122,0,125,0,25,196,2,223,140,0,140,363
04/15/2002,NEW,LA,ASW,CE,Towers with Display (VFR),0,19,53,8,80,0,1,94,13,108,0,20,147,21,188,110,0,110,298
04/16/2002,NEW,LA,ASW,CE,Towers with Display (VFR),0,14,64,8,86,0,0,138,8,146,0,14,202,16,232,62,8,70,302
04/17/2002,NEW,LA,ASW,CE,Towers with Display (VFR),0,32,85,10,127,0,7,109,2,118,0,39,194,12,245,86,0,86,331
04/18/2002,NEW,LA,ASW,CE,Towers with Display (VFR),0,21,99,6,126,0,7,156,27,190,0,28,255,33,316,122,14,136,452
04/19/2002,NEW,LA,ASW,CE,Towers with Display (VFR),0,21,112,13,146,0,14,101,19,134,0,35,213,32,280,118,10,128,408
04/20/2002,NEW,LA,ASW,CE,Towers with Display (VFR),0,11,61,7,79,0,2,137,14,153,0,13,198,21,232,80,8,88,320
04/21/2002,NEW,LA,ASW,CE,Towers with Display (VFR),0,22,80,6,108,0,6,120,1,127,0,28,200,7,235,78,0,78,313
04/22/2002,NEW,LA,ASW,CE,Towers with Display (VFR),0,13,68,7,88,0,0,120,5,125,0,13,188,12,213,162,2,164,377
04/23/2002,NEW,LA,ASW,CE,Towers with Display (VFR),0,19,48,8,75,0,11,110,19,140,0,30,158,27,215,58,20,78,293
04/24/2002,NEW,LA,ASW,CE,Towers with Display (VFR),0,22,69,10,101,0,2,116,7,125,0,24,185,17,226,96,6,102,328
04/25/2002,NEW,LA,ASW,CE,Towers with Display (VFR),0,28,91,8,127,0,11,161,24,196,0,39,252,32,323,164,10,174,497
04/26/2002,NEW,LA,ASW,CE,Towers with Display (VFR),0,13,113,9,135,0,18,265,12,295,0,31,378,21,430,128,12,140,570
04/27/2002,NEW,LA,ASW,CE,Towers with Display (VFR),0,11,49,10,70,0,9,216,0,225,0,20,265,10,295,84,12,96,391
04/28/2002,NEW,LA,ASW,CE,Towers with Display (VFR),0,18,95,14,127,0,11,184,8,203,0,29,279,22,330,180,2,182,512
04/29/2002,NEW,LA,ASW,CE,Towers with Display (VFR),0,17,79,8,104,0,0,86,7,93,0,17,165,15,197,66,2,68,265
04/30/2002,NEW,LA,ASW,CE,Towers with Display (VFR),2,47,101,21,171,2,7,100,0,109,4,54,201,21,280,58,18,76,356
05/01/2002,NEW,LA,ASW,CE,Towers with Display (VFR),0,32,68,7,107,0,2,133,16,151,0,34,201,23,258,84,40,124,382
05/02/2002,NEW,LA,ASW,CE,Towers with Display (VFR),0,43,80,12,135,0,1,186,16,203,0,44,266,28,338,106,42,148,486
05/03/2002,NEW,LA,ASW,CE,Towers with Display (VFR),0,25,88,9,122,0,2,99,4,105,0,27,187,13,227,76,0,76,303
05/04/2002,NEW,LA,ASW,CE,Towers with Display (VFR),0,12,78,9,99,0,4,257,7,268,0,16,335,16,367,146,4,150,517
05/05/2002,NEW,LA,ASW,CE,Towers with Display (VFR),0,61,143,9,213,0,23,220,2,245,0,84,363,11,458,228,0,228,686
05/06/2002,NEW,LA,ASW,CE,Towers with Display (VFR),0,32,85,8,125,0,1,145,6,152,0,33,230,14,277,206,0,206,483
05/07/2002,NEW,LA,ASW,CE,Towers with Display (VFR),0,20,93,11,124,0,6,121,14,141,0,26,214,25,265,120,2,122,387
05/08/2002,NEW,LA,ASW,CE,Towers with Display (VFR),0,26,125,6,157,0,4,104,3,111,0,30,229,9,268,80,0,80,348
05/09/2002,NEW,LA,ASW,CE,Towers with Display (VFR),0,18,98,2,118,0,0,177,6,183,0,18,275,8,301,200,4,204,505
05/10/2002,NEW,LA,ASW,CE,Towers with Display (VFR),0,23,70,10,103,0,7,182,11,200,0,30,252,21,303,160,30,190,493
05/11/2002,NEW,LA,ASW,CE,Towers with Display (VFR),0,11,70,11,92,0,2,170,10,182,0,13,240,21,274,166,4,170,444
05/12/2002,NEW,LA,ASW,CE,Towers with Display (VFR),0,18,62,6,86,0,0,73,3,76,0,18,135,9,162,90,0,90,252
05/13/2002,NEW,LA,ASW,CE,Towers with Display (VFR),0,19,45,0,64,0,4,92,9,105,0,23,137,9,169,98,0,98,267
05/14/2002,NEW,LA,ASW,CE,Towers with Display (VFR),2,22,50,6,80,0,6,140,8,154,2,28,190,14,234,136,6,142,376
05/15/2002,NEW,LA,ASW,CE,Towers with Display (VFR),0,29,59,7,95,0,1,111,19,131,0,30,170,26,226,132,0,132,358
05/16/2002,NEW,LA,ASW,CE,Towers with Display (VFR),0,26,89,7,122,0,2,99,20,121,0,28,188,27,243,116,0,116,359
05/17/2002,NEW,LA,ASW,CE,Towers with Display (VFR),0,19,68,6,93,0,7,53,9,69,0,26,121,15,162,38,2,40,202
05/18/2002,NEW,LA,ASW,CE,Towers with Display (VFR),0,16,79,6,101,0,0,51,6,57,0,16,130,12,158,14,0,14,172
05/19/2002,NEW,LA,ASW,CE,Towers with Display (VFR),0,16,80,6,102,0,2,143,4,149,0,18,223,10,251,92,6,98,349
05/20/2002,NEW,LA,ASW,CE,Towers with Display (VFR),0,16,59,8,83,0,2,151,4,157,0,18,210,12,240,194,8,202,442
05/21/2002,NEW,LA,ASW,CE,Towers with Display (VFR),0,17,60,10,87,0,3,122,12,137,0,20,182,22,224,116,24,140,364
05/22/2002,NEW,LA,ASW,CE,Towers with Display (VFR),0,13,61,8,82,0,3,130,10,143,0,16,191,18,225,98,4,102,327
05/23/2002,NEW,LA,ASW,CE,Towers with Display (VFR),0,15,66,0,81,0,1,88,24,113,0,16,154,24,194,100,10,110,304
05/24/2002,NEW,LA,ASW,CE,Towers with Display (VFR),0,11,81,3,95,0,1,89,7,97,0,12,170,10,192,142,0,142,334
05/25/2002,NEW,LA,ASW,CE,Towers with Display (VFR),0,5,75,2,82,0,1,70,4,75,0,6,145,6,157,84,0,84,241
05/26/2002,NEW,LA,ASW,CE,Towers with Display (VFR),0,1,33,2,36,0,0,131,2,133,0,1,164,4,169,172,2,174,343
05/27/2002,NEW,LA,ASW,CE,Towers with Display (VFR),0,7,50,0,57,0,4,119,0,123,0,11,169,0,180,190,0,190,370
05/28/2002,NEW,LA,ASW,CE,Towers with Display (VFR),0,15,65,5,85,0,3,115,6,124,0,18,180,11,209,154,2,156,365
05/29/2002,NEW,LA,ASW,CE,Towers with Display (VFR),0,13,53,10,76,0,2,95,8,105,0,15,148,18,181,154,2,156,337
05/30/2002,NEW,LA,ASW,CE,Towers with Display (VFR),0,22,72,6,100,0,3,56,0,59,0,25,128,6,159,12,14,26,185
05/31/2002,NEW,LA,ASW,CE,Towers with Display (VFR),0,18,82,5,105,0,2,56,7,65,0,20,138,12,170,26,0,26,196
06/01/2002,NEW,LA,ASW,CE,Towers with Display (VFR),0,7,36,5,48,0,0,84,4,88,0,7,120,9,136,88,3,91,227
06/02/2002,NEW,LA,ASW,CE,Towers with Display (VFR),0,7,36,5,48,0,0,84,4,88,0,7,120,9,136,88,3,91,227
06/03/2002,NEW,LA,ASW,CE,Towers with Display (VFR),0,14,51,5,70,0,6,88,12,106,0,20,139,17,176,196,20,216,392
06/04/2002,NEW,LA,ASW,CE,Towers with Display (VFR),0,7,66,5,78,0,0,105,12,117,0,7,171,17,195,134,2,136,331
06/05/2002,NEW,LA,ASW,CE,Towers with Display (VFR),0,15,75,8,98,0,6,124,11,141,0,21,199,19,239,210,2,212,451
06/06/2002,NEW,LA,ASW,CE,Towers with Display (VFR),2,19,88,3,112,0,1,88,6,95,2,20,176,9,207,86,0,86,293
06/07/2002,NEW,LA,ASW,CE,Towers with Display (VFR),0,20,108,2,130,0,1,83,3,87,0,21,191,5,217,64,8,72,289
06/08/2002,NEW,LA,ASW,CE,Towers with Display (VFR),0,14,62,4,80,0,0,71,2,73,0,14,133,6,153,5,153,158,311
06/09/2002,NEW,LA,ASW,CE,Towers with Display (VFR),0,18,82,1,101,0,3,71,8,82,0,21,153,9,183,84,0,84,267
06/10/2002,NEW,LA,ASW,CE,Towers with Display (VFR),0,13,77,2,92,0,0,106,6,112,0,13,183,8,204,208,8,216,420
06/11/2002,NEW,LA,ASW,CE,Towers with Display (VFR),0,22,63,10,95,0,1,132,30,163,0,23,195,40,258,212,18,230,488
06/12/2002,NEW,LA,ASW,CE,Towers with Display (VFR),0,16,97,8,121,0,2,100,10,112,0,18,197,18,233,240,24,264,497
06/13/2002,NEW,LA,ASW,CE,Towers with Display (VFR),0,21,73,8,102,0,6,90,14,110,0,27,163,22,212,66,0,66,278
06/14/2002,NEW,LA,ASW,CE,Towers with Display (VFR),0,29,79,16,124,0,1,89,8,98,0,30,168,24,222,52,2,54,276
06/15/2002,NEW,LA,ASW,CE,Towers with Display (VFR),0,6,50,1,57,0,0,113,6,119,0,6,163,7,176,92,0,92,268
06/16/2002,NEW,LA,ASW,CE,Towers with Display (VFR),0,6,71,1,78,0,8,56,0,64,0,14,127,1,142,56,0,56,198
06/17/2002,NEW,LA,ASW,CE,Towers with Display (VFR),0,9,52,5,66,0,0,75,6,81,0,9,127,11,147,148,2,150,297
06/18/2002,NEW,LA,ASW,CE,Towers with Display (VFR),0,16,60,4,80,0,4,75,10,89,0,20,135,14,169,44,0,44,213
06/19/2002,NEW,LA,ASW,CE,Towers with Display (VFR),0,14,58,4,76,0,3,77,9,89,0,17,135,13,165,96,10,106,271
06/20/2002,NEW,LA,ASW,CE,Towers with Display (VFR),0,17,75,4,96,0,4,108,7,119,0,21,183,11,215,112,0,112,327
06/21/2002,NEW,LA,ASW,CE,Towers with Display (VFR),0,21,80,11,112,0,5,92,8,105,0,26,172,19,217,78,28,106,323
06/22/2002,NEW,LA,ASW,CE,Towers with Display (VFR),0,10,70,6,86,0,5,99,7,111,0,15,169,13,197,142,24,166,363
06/23/2002,NEW,LA,ASW,CE,Towers with Display (VFR),0,18,64,2,84,0,2,29,1,32,0,20,93,3,116,66,0,66,182
06/24/2002,NEW,LA,ASW,CE,Towers with Display (VFR),0,10,61,9,80,0,2,81,15,98,0,12,142,24,178,78,12,90,268
06/25/2002,NEW,LA,ASW,CE,Towers with Display (VFR),0,15,69,4,88,0,0,58,0,58,0,15,127,4,146,80,0,80,226
06/26/2002,NEW,LA,ASW,CE,Towers with Display (VFR),0,18,76,2,96,0,5,56,6,67,0,23,132,8,163,62,0,62,225
06/27/2002,NEW,LA,ASW,CE,Towers with Display (VFR),0,14,53,3,70,0,0,56,14,70,0,14,109,17,140,72,38,110,250
06/28/2002,NEW,LA,ASW,CE,Towers with Display (VFR),0,21,130,14,165,0,9,0,0,9,0,30,130,14,174,110,6,116,290
06/29/2002,NEW,LA,ASW,CE,Towers with Display (VFR),0,6,46,8,60,0,3,145,7,155,0,9,191,15,215,190,10,200,415
06/30/2002,NEW,LA,ASW,CE,Towers with Display (VFR),0,7,39,3,49,0,0,70,2,72,0,7,109,5,121,104,0,104,225
07/01/2002,NEW,LA,ASW,CE,Towers with Display (VFR),0,13,54,6,73,0,5,117,14,136,0,18,171,20,209,180,18,198,407
07/02/2002,NEW,LA,ASW,CE,Towers with Display (VFR),0,14,62,6,82,0,0,111,22,133,0,14,173,28,215,148,14,162,377
07/03/2002,NEW,LA,ASW,CE,Towers with Display (VFR),0,16,54,5,75,0,2,109,7,118,0,18,163,12,193,102,10,112,305
07/04/2002,NEW,LA,ASW,CE,Towers with Display (VFR),0,2,15,2,19,0,1,68,0,69,0,3,83,2,88,98,0,98,186
07/05/2002,NEW,LA,ASW,CE,Towers with Display (VFR),0,11,31,0,42,0,0,0,0,0,0,11,31,0,42,78,0,78,120
07/06/2002,NEW,LA,ASW,CE,Towers with Display (VFR),0,4,33,0,37,0,2,104,0,106,0,6,137,0,143,80,0,80,223
07/07/2002,NEW,LA,ASW,CE,Towers with Display (VFR),0,7,51,2,60,0,8,118,13,139,0,15,169,15,199,72,0,72,271
07/08/2002,NEW,LA,ASW,CE,Towers with Display (VFR),0,13,46,2,61,0,1,86,3,90,0,14,132,5,151,164,0,164,315
07/09/2002,NEW,LA,ASW,CE,Towers with Display (VFR),0,10,41,6,57,0,5,74,18,97,0,15,115,24,154,110,2,112,266
07/10/2002,NEW,LA,ASW,CE,Towers with Display (VFR),0,10,41,6,57,0,5,74,18,97,0,15,115,24,154,110,2,112,266
07/11/2002,NEW,LA,ASW,CE,Towers with Display (VFR),0,18,45,3,66,0,0,105,13,118,0,18,150,16,184,94,8,102,286
07/12/2002,NEW,LA,ASW,CE,Towers with Display (VFR),0,21,50,2,73,0,3,64,7,74,0,24,114,9,147,64,0,64,211
07/13/2002,NEW,LA,ASW,CE,Towers with Display (VFR),0,5,31,8,44,0,0,89,5,94,0,5,120,13,138,78,2,80,218
07/14/2002,NEW,LA,ASW,CE,Towers with Display (VFR),0,10,42,2,54,0,0,41,0,41,0,10,83,2,95,6,0,6,101
07/15/2002,NEW,LA,ASW,CE,Towers with Display (VFR),0,11,48,6,65,0,8,99,16,123,0,19,147,22,188,86,0,86,274
07/16/2002,NEW,LA,ASW,CE,Towers with Display (VFR),0,15,51,4,70,0,5,113,12,130,0,20,164,16,200,262,18,280,480
07/17/2002,NEW,LA,ASW,CE,Towers with Display (VFR),0,29,57,5,91,0,0,160,8,168,0,29,217,13,259,88,2,90,349
07/18/2002,NEW,LA,ASW,CE,Towers with Display (VFR),0,19,52,2,73,0,2,92,17,111,0,21,144,19,184,54,30,84,268
07/19/2002,NEW,LA,ASW,CE,Towers with Display (VFR),0,24,50,16,90,0,14,81,17,112,0,38,131,33,202,52,6,58,260
07/20/2002,NEW,LA,ASW,CE,Towers with Display (VFR),0,11,45,6,62,0,3,106,4,113,0,14,151,10,175,98,0,98,273
07/21/2002,NEW,LA,ASW,CE,Towers with Display (VFR),0,7,49,10,66,0,14,67,10,91,0,21,116,20,157,46,0,46,203
07/22/2002,NEW,LA,ASW,CE,Towers with Display (VFR),0,18,51,0,69,0,10,113,8,131,0,28,164,8,200,180,0,180,380
07/23/2002,NEW,LA,ASW,CE,Towers with Display (VFR),0,19,45,5,69,0,3,79,5,87,0,22,124,10,156,102,0,102,258
07/24/2002,NEW,LA,ASW,CE,Towers with Display (VFR),0,10,57,3,70,0,5,93,8,106,0,15,150,11,176,76,20,96,272
07/25/2002,NEW,LA,ASW,CE,Towers with Display (VFR),0,20,77,3,100,0,12,91,13,116,0,32,168,16,216,70,4,74,290
07/26/2002,NEW,LA,ASW,CE,Towers with Display (VFR),0,13,61,1,75,0,7,61,13,81,0,20,122,14,156,30,0,30,186
07/27/2002,NEW,LA,ASW,CE,Towers with Display (VFR),0,7,46,1,54,0,3,145,9,157,0,10,191,10,211,88,0,88,299
07/28/2002,NEW,LA,ASW,CE,Towers with Display (VFR),0,9,51,2,62,0,2,58,5,65,0,11,109,7,127,72,0,72,199
07/29/2002,NEW,LA,ASW,CE,Towers with Display (VFR),0,14,53,1,68,0,2,108,15,125,0,16,161,16,193,204,20,224,417
07/30/2002,NEW,LA,ASW,CE,Towers with Display (VFR),0,15,51,4,70,0,0,100,13,113,0,15,151,17,183,94,16,110,293
07/31/2002,NEW,LA,ASW,CE,Towers with Display (VFR),0,17,54,13,84,0,10,99,13,122,0,27,153,26,206,168,2,170,376
08/01/2002,NEW,LA,ASW,CE,Towers with Display (VFR),0,12,62,4,78,0,1,131,6,138,0,13,193,10,216,52,6,58,274
08/02/2002,NEW,LA,ASW,CE,Towers with Display (VFR),0,14,64,9,87,0,5,100,7,112,0,19,164,16,199,14,0,14,213
08/03/2002,NEW,LA,ASW,CE,Towers with Display (VFR),0,13,33,12,58,0,0,100,4,104,0,13,133,16,162,124,5,129,291
08/04/2002,NEW,LA,ASW,CE,Towers with Display (VFR),0,8,48,5,61,0,0,87,3,90,0,8,135,8,151,106,0,106,257
08/05/2002,NEW,LA,ASW,CE,Towers with Display (VFR),0,12,53,0,65,0,5,88,10,103,0,17,141,10,168,172,0,172,340
08/06/2002,NEW,LA,ASW,CE,Towers with Display (VFR),0,10,72,4,86,0,4,55,12,71,0,14,127,16,157,86,0,86,243
08/07/2002,NEW,LA,ASW,CE,Towers with Display (VFR),0,14,63,4,81,0,2,140,8,150,0,16,203,12,231,130,12,142,373
08/08/2002,NEW,LA,ASW,CE,Towers with Display (VFR),0,20,73,2,95,0,6,94,15,115,0,26,167,17,210,94,10,104,314
08/09/2002,NEW,LA,ASW,CE,Towers with Display (VFR),0,14,58,6,78,0,3,102,11,116,0,17,160,17,194,68,0,68,262
08/10/2002,NEW,LA,ASW,CE,Towers with Display (VFR),0,2,62,5,69,0,18,137,0,155,0,20,199,5,224,110,2,112,336
08/11/2002,NEW,LA,ASW,CE,Towers with Display (VFR),0,5,50,1,56,0,5,59,2,66,0,10,109,3,122,30,0,30,152
08/12/2002,NEW,LA,ASW,CE,Towers with Display (VFR),0,18,44,9,71,0,8,85,24,117,0,26,129,33,188,128,10,138,326
08/13/2002,NEW,LA,ASW,CE,Towers with Display (VFR),0,13,66,4,83,0,2,69,28,99,0,15,135,32,182,104,0,104,286
08/14/2002,NEW,LA,ASW,CE,Towers with Display (VFR),0,16,67,2,85,0,3,72,14,89,0,19,139,16,174,92,0,92,266
08/15/2002,NEW,LA,ASW,CE,Towers with Display (VFR),0,18,63,5,86,0,6,72,26,104,0,24,135,31,190,116,12,128,318
08/16/2002,NEW,LA,ASW,CE,Towers with Display (VFR),0,18,67,1,86,0,4,61,12,77,0,22,128,13,163,60,6,66,229
08/17/2002,NEW,LA,ASW,CE,Towers with Display (VFR),0,11,44,3,58,0,0,90,17,107,0,11,134,20,165,96,0,96,261
08/18/2002,NEW,LA,ASW,CE,Towers with Display (VFR),0,10,48,2,60,0,0,98,1,99,0,10,146,3,159,142,0,142,301
08/19/2002,NEW,LA,ASW,CE,Towers with Display (VFR),0,25,37,0,62,0,8,101,3,112,0,33,138,3,174,112,0,112,286
08/20/2002,NEW,LA,ASW,CE,Towers with Display (VFR),0,10,58,8,76,0,0,134,14,148,0,10,192,22,224,136,4,140,364
08/21/2002,NEW,LA,ASW,CE,Towers with Display (VFR),0,15,59,3,77,0,3,83,8,94,0,18,142,11,171,98,16,114,285
08/22/2002,NEW,LA,ASW,CE,Towers with Display (VFR),0,14,65,2,81,0,2,86,11,99,0,16,151,13,180,58,0,58,238
08/23/2002,NEW,LA,ASW,CE,Towers with Display (VFR),0,19,73,15,107,0,2,70,13,85,0,21,143,28,192,58,4,62,254
08/24/2002,NEW,LA,ASW,CE,Towers with Display (VFR),0,11,39,3,53,0,0,111,9,120,0,11,150,12,173,128,2,130,303
08/25/2002,NEW,LA,ASW,CE,Towers with Display (VFR),0,10,54,11,75,0,0,162,9,171,0,10,216,20,246,194,12,206,452
08/26/2002,NEW,LA,ASW,CE,Towers with Display (VFR),0,21,55,10,86,0,1,95,11,107,0,22,150,21,193,44,24,68,261
08/27/2002,NEW,LA,ASW,CE,Towers with Display (VFR),0,15,64,4,83,0,1,136,22,159,0,16,200,26,242,208,32,240,482
08/28/2002,NEW,LA,ASW,CE,Towers with Display (VFR),0,19,68,6,93,0,6,111,11,128,0,25,179,17,221,28,2,30,251
08/29/2002,NEW,LA,ASW,CE,Towers with Display (VFR),0,17,69,4,90,0,11,110,6,127,0,28,179,10,217,60,12,72,289
08/30/2002,NEW,LA,ASW,CE,Towers with Display (VFR),0,18,62,5,85,0,3,94,6,103,0,21,156,11,188,28,0,28,216
08/31/2002,NEW,LA,ASW,CE,Towers with Display (VFR),0,7,36,1,44,0,2,92,0,94,0,9,128,1,138,62,0,62,200
09/01/2002,NEW,LA,ASW,CE,Towers with Display (VFR),0,4,35,4,43,0,8,66,2,76,0,12,101,6,119,42,0,42,161
09/02/2002,NEW,LA,ASW,CE,Towers with Display (VFR),0,10,67,4,81,0,1,62,1,64,0,11,129,5,145,64,0,64,209
09/03/2002,NEW,LA,ASW,CE,Towers with Display (VFR),0,12,48,7,67,0,1,48,5,54,0,13,96,12,121,18,2,20,141
09/04/2002,NEW,LA,ASW,CE,Towers with Display (VFR),1,11,47,2,61,0,2,83,11,96,1,13,130,13,157,80,0,80,237
09/05/2002,NEW,LA,ASW,CE,Towers with Display (VFR),0,10,81,3,94,0,6,89,15,110,0,16,170,18,204,56,0,56,260
09/06/2002,NEW,LA,ASW,CE,Towers with Display (VFR),0,11,59,2,72,0,6,57,7,70,0,17,116,9,142,24,0,24,166
09/07/2002,NEW,LA,ASW,CE,Towers with Display (VFR),0,8,34,6,48,0,0,25,4,29,0,8,59,10,77,104,4,108,185
09/08/2002,NEW,LA,ASW,CE,Towers with Display (VFR),0,4,39,3,46,0,0,18,2,20,0,4,57,5,66,26,0,26,92
09/09/2002,NEW,LA,ASW,CE,Towers with Display (VFR),0,9,39,1,49,0,0,72,18,90,0,9,111,19,139,64,0,64,203
09/10/2002,NEW,LA,ASW,CE,Towers with Display (VFR),0,11,67,1,79,0,2,112,9,123,0,13,179,10,202,184,0,184,386
09/11/2002,NEW,LA,ASW,CE,Towers with Display (VFR),0,18,51,4,73,0,0,103,4,107,0,18,154,8,180,40,0,40,220
09/12/2002,NEW,LA,ASW,CE,Towers with Display (VFR),0,13,79,7,99,0,1,116,27,144,0,14,195,34,243,110,32,142,385
09/13/2002,NEW,LA,ASW,CE,Towers with Display (VFR),0,10,47,3,60,0,0,67,6,73,0,10,114,9,133,16,12,28,161
09/14/2002,NEW,LA,ASW,CE,Towers with Display (VFR),0,5,61,3,69,0,0,69,1,70,0,5,130,4,139,114,0,114,253
09/15/2002,NEW,LA,ASW,CE,Towers with Display (VFR),0,3,78,5,86,0,0,62,0,62,0,3,140,5,148,72,0,72,220
09/16/2002,NEW,LA,ASW,CE,Towers with Display (VFR),0,17,45,7,69,0,4,51,12,67,0,21,96,19,136,20,4,24,160
09/17/2002,NEW,LA,ASW,CE,Towers with Display (VFR),0,15,51,3,69,0,0,93,9,102,0,15,144,12,171,108,0,108,279
09/18/2002,NEW,LA,ASW,CE,Towers with Display (VFR),0,14,58,8,80,0,0,85,17,102,0,14,143,25,182,96,4,100,282
09/19/2002,NEW,LA,ASW,CE,Towers with Display (VFR),0,19,49,2,70,0,11,123,18,152,0,30,172,20,222,40,0,40,262
09/20/2002,NEW,LA,ASW,CE,Towers with Display (VFR),0,10,75,1,86,0,4,76,21,101,0,14,151,22,187,28,10,38,225
09/21/2002,NEW,LA,ASW,CE,Towers with Display (VFR),0,9,68,8,85,0,0,63,5,68,0,9,131,13,153,32,0,32,185
09/22/2002,NEW,LA,ASW,CE,Towers with Display (VFR),0,10,74,2,86,0,1,60,3,64,0,11,134,5,150,60,0,60,210
09/23/2002,NEW,LA,ASW,CE,Towers with Display (VFR),0,15,43,2,60,0,1,55,10,66,0,16,98,12,126,18,18,36,162
09/24/2002,NEW,LA,ASW,CE,Towers with Display (VFR),0,15,84,9,108,0,0,49,6,55,0,15,133,15,163,4,0,4,167
09/25/2002,NEW,LA,ASW,CE,Towers with Display (VFR),0,4,10,5,19,0,0,0,5,5,0,4,10,10,24,0,0,0,24
09/26/2002,NEW,LA,ASW,CE,Towers with Display (VFR),0,0,0,0,0,0,0,0,0,0,0,0,0,0,0,0,0,0,0
09/27/2002,NEW,LA,ASW,CE,Towers with Display (VFR),0,9,35,3,47,0,2,96,12,110,0,11,131,15,157,12,8,20,177
09/28/2002,NEW,LA,ASW,CE,Towers with Display (VFR),0,13,62,0,75,0,0,119,11,130,0,13,181,11,205,82,0,82,287
09/29/2002,NEW,LA,ASW,CE,Towers with Display (VFR),0,21,72,3,96,0,8,126,1,135,0,29,198,4,231,176,0,176,407
09/30/2002,NEW,LA,ASW,CE,Towers with Display (VFR),0,12,42,3,57,0,0,99,10,109,0,12,141,13,166,186,0,186,352
10/01/2002,NEW,LA,ASW,CE,Towers with Display (VFR),0,16,53,5,74,0,0,119,9,128,0,16,172,14,202,190,2,192,394
10/02/2002,NEW,LA,ASW,CE,Towers with Display (VFR),0,10,57,3,70,0,0,58,11,69,0,10,115,14,139,14,0,14,153
10/03/2002,NEW,LA,ASW,CE,Towers with Display (VFR),0,0,2,0,2,0,0,4,0,4,0,0,6,0,6,0,0,0,6
10/04/2002,NEW,LA,ASW,CE,Towers with Display (VFR),0,17,51,2,70,0,30,98,10,138,0,47,149,12,208,0,0,0,208
10/05/2002,NEW,LA,ASW,CE,Towers with Display (VFR),0,13,56,8,77,0,3,80,5,88,0,16,136,13,165,46,0,46,211
10/06/2002,NEW,LA,ASW,CE,Towers with Display (VFR),0,7,89,3,99,0,1,66,4,71,0,8,155,7,170,66,0,66,236
10/07/2002,NEW,LA,ASW,CE,Towers with Display (VFR),0,14,66,11,91,0,5,39,9,53,0,19,105,20,144,6,0,6,150
10/08/2002,NEW,LA,ASW,CE,Towers with Display (VFR),0,19,100,16,135,0,5,76,4,85,0,24,176,20,220,146,4,150,370
10/09/2002,NEW,LA,ASW,CE,Towers with Display (VFR),0,16,96,1,113,0,6,61,0,67,0,22,157,1,180,24,0,24,204
10/10/2002,NEW,LA,ASW,CE,Towers with Display (VFR),0,13,52,2,67,0,10,66,5,81,0,23,118,7,148,24,0,24,172
10/11/2002,NEW,LA,ASW,CE,Towers with Display (VFR),0,12,82,8,102,0,8,68,1,77,0,20,150,9,179,64,0,64,243
10/12/2002,NEW,LA,ASW,CE,Towers with Display (VFR),0,6,67,3,76,0,0,71,2,73,0,6,138,5,149,104,2,106,255
10/13/2002,NEW,LA,ASW,CE,Towers with Display (VFR),0,12,71,2,85,0,2,83,0,85,0,14,154,2,170,92,0,92,262
10/14/2002,NEW,LA,ASW,CE,Towers with Display (VFR),0,4,71,3,78,0,0,50,0,50,0,4,121,3,128,24,0,24,152
10/15/2002,NEW,LA,ASW,CE,Towers with Display (VFR),0,14,71,11,96,0,4,109,2,115,0,18,180,13,211,166,0,166,377
10/16/2002,NEW,LA,ASW,CE,Towers with Display (VFR),0,22,67,8,97,0,12,112,20,144,0,34,179,28,241,108,4,112,353
10/17/2002,NEW,LA,ASW,CE,Towers with Display (VFR),0,22,86,3,111,0,7,100,7,114,0,29,186,10,225,176,0,176,401
10/18/2002,NEW,LA,ASW,CE,Towers with Display (VFR),0,18,99,9,126,0,2,143,5,150,0,20,242,14,276,74,2,76,352
10/19/2002,NEW,LA,ASW,CE,Towers with Display (VFR),0,1,68,13,82,0,0,131,11,142,0,1,199,24,224,64,6,70,294
10/20/2002,NEW,LA,ASW,CE,Towers with Display (VFR),0,12,114,2,128,0,5,70,1,76,0,17,184,3,204,160,0,160,364
10/21/2002,NEW,LA,ASW,CE,Towers with Display (VFR),0,21,79,1,101,0,7,44,9,60,0,28,123,10,161,42,32,74,235
10/22/2002,NEW,LA,ASW,CE,Towers with Display (VFR),0,24,99,6,129,0,10,60,11,81,0,34,159,17,210,152,6,158,368
10/23/2002,NEW,LA,ASW,CE,Towers with Display (VFR),0,22,101,12,135,0,5,25,14,44,0,27,126,26,179,10,2,12,191
10/24/2002,NEW,LA,ASW,CE,Towers with Display (VFR),0,33,95,22,150,0,11,28,11,50,0,44,123,33,200,30,22,52,252
10/25/2002,NEW,LA,ASW,CE,Towers with Display (VFR),0,17,85,13,115,0,8,27,9,44,0,25,112,22,159,4,34,38,197
10/26/2002,NEW,LA,ASW,CE,Towers with Display (VFR),0,12,60,5,77,0,0,26,4,30,0,12,86,9,107,36,4,40,147
10/27/2002,NEW,LA,ASW,CE,Towers with Display (VFR),0,21,100,8,129,0,13,59,9,81,0,34,159,17,210,152,6,158,368
10/28/2002,NEW,LA,ASW,CE,Towers with Display (VFR),0,21,66,6,93,0,7,60,18,85,0,28,126,24,178,30,10,40,218
10/29/2002,NEW,LA,ASW,CE,Towers with Display (VFR),0,16,68,3,87,0,2,26,3,31,0,18,94,6,118,8,0,8,126
10/30/2002,NEW,LA,ASW,CE,Towers with Display (VFR),0,19,88,5,112,0,0,90,8,98,0,19,178,13,210,204,6,210,420
10/31/2002,NEW,LA,ASW,CE,Towers with Display (VFR),0,22,74,9,105,0,8,101,9,118,0,30,175,18,223,94,0,94,317
11/01/2002,NEW,LA,ASW,CE,Towers with Display (VFR),0,19,78,10,107,0,6,99,9,114,0,25,177,19,221,4,60,64,285
11/02/2002,NEW,LA,ASW,CE,Towers with Display (VFR),0,6,64,7,77,0,0,99,5,104,0,6,163,12,181,96,2,98,279
11/03/2002,NEW,LA,ASW,CE,Towers with Display (VFR),0,17,80,6,103,0,1,36,2,39,0,18,116,8,142,100,0,100,242
11/04/2002,NEW,LA,ASW,CE,Towers with Display (VFR),0,18,77,2,97,0,0,5,4,9,0,18,82,6,106,0,0,0,106
11/05/2002,NEW,LA,ASW,CE,Towers with Display (VFR),0,23,61,11,95,0,0,22,0,22,0,23,83,11,117,0,0,0,117
11/06/2002,NEW,LA,ASW,CE,Towers with Display (VFR),0,25,86,10,121,0,4,103,15,122,0,29,189,25,243,240,22,262,505
11/07/2002,NEW,LA,ASW,CE,Towers with Display (VFR),0,22,79,4,105,0,10,200,13,223,0,32,279,17,328,108,16,124,452
11/08/2002,NEW,LA,ASW,CE,Towers with Display (VFR),0,20,100,6,126,0,7,127,1,135,0,27,227,7,261,116,2,118,379
11/09/2002,NEW,LA,ASW,CE,Towers with Display (VFR),0,12,68,7,87,0,0,84,10,94,0,12,152,17,181,80,0,80,261
11/10/2002,NEW,LA,ASW,CE,Towers with Display (VFR),0,11,80,7,98,0,11,136,17,164,0,22,216,24,262,36,2,38,300
11/11/2002,NEW,LA,ASW,CE,Towers with Display (VFR),0,9,73,3,85,0,1,23,0,24,0,10,96,3,109,58,0,58,167
11/12/2002,NEW,LA,ASW,CE,Towers with Display (VFR),0,10,67,3,80,0,0,29,0,29,0,10,96,3,109,58,0,58,167
11/13/2002,NEW,LA,ASW,CE,Towers with Display (VFR),0,20,104,5,129,0,6,119,12,137,0,26,223,17,266,110,18,128,394
11/14/2002,NEW,LA,ASW,CE,Towers with Display (VFR),0,14,128,3,145,0,2,126,19,147,0,16,254,22,292,164,0,164,456
11/15/2002,NEW,LA,ASW,CE,Towers with Display (VFR),0,20,102,2,124,0,2,38,26,66,0,22,140,28,190,18,10,28,218
11/16/2002,NEW,LA,ASW,CE,Towers with Display (VFR),0,5,46,5,56,0,3,40,19,62,0,8,86,24,118,68,0,68,186
11/17/2002,NEW,LA,ASW,CE,Towers with Display (VFR),0,11,97,3,111,0,1,130,5,136,0,12,227,8,247,98,0,98,345
11/18/2002,NEW,LA,ASW,CE,Towers with Display (VFR),0,18,78,3,99,0,1,84,24,109,0,19,162,27,208,46,16,62,270
11/19/2002,NEW,LA,ASW,CE,Towers with Display (VFR),0,12,92,3,107,0,0,54,17,71,0,12,146,20,178,54,0,54,232
11/20/2002,NEW,LA,ASW,CE,Towers with Display (VFR),0,20,73,3,96,0,1,59,10,70,0,21,132,13,166,4,0,4,170
11/21/2002,NEW,LA,ASW,CE,Towers with Display (VFR),0,18,88,6,112,0,2,95,21,118,0,20,183,27,230,92,14,106,336
11/22/2002,NEW,LA,ASW,CE,Towers with Display (VFR),0,12,84,13,109,0,2,146,15,163,0,14,230,28,272,50,4,54,326
11/23/2002,NEW,LA,ASW,CE,Towers with Display (VFR),0,4,49,17,70,0,0,156,17,173,0,4,205,34,243,152,26,178,421
11/24/2002,NEW,LA,ASW,CE,Towers with Display (VFR),0,12,100,10,122,0,0,149,1,150,0,12,249,11,272,62,2,64,336
11/25/2002,NEW,LA,ASW,CE,Towers with Display (VFR),0,12,40,4,56,0,0,110,9,119,0,12,150,13,175,144,2,146,321
11/26/2002,NEW,LA,ASW,CE,Towers with Display (VFR),0,22,41,12,75,0,0,127,14,141,0,22,168,26,216,180,8,188,404
11/27/2002,NEW,LA,ASW,CE,Towers with Display (VFR),0,14,85,2,101,0,1,96,12,109,0,15,181,14,210,130,6,136,346
11/28/2002,NEW,LA,ASW,CE,Towers with Display (VFR),0,6,18,0,24,0,0,26,0,26,0,6,44,0,50,0,0,0,50
11/29/2002,NEW,LA,ASW,CE,Towers with Display (VFR),0,9,46,0,55,0,0,113,4,117,0,9,159,4,172,64,0,64,236
11/30/2002,NEW,LA,ASW,CE,Towers with Display (VFR),0,13,78,2,93,0,5,71,0,76,0,18,149,2,169,34,0,34,203
12/01/2002,NEW,LA,ASW,CE,Towers with Display (VFR),1,16,92,1,110,0,0,149,0,149,1,16,241,1,259,124,0,124,383
12/02/2002,NEW,LA,ASW,CE,Towers with Display (VFR),0,17,77,7,101,0,1,94,6,101,0,18,171,13,202,86,0,86,288
12/03/2002,NEW,LA,ASW,CE,Towers with Display (VFR),0,12,75,3,90,0,5,83,12,100,0,17,158,15,190,48,22,70,260
12/04/2002,NEW,LA,ASW,CE,Towers with Display (VFR),0,18,68,0,86,0,4,42,9,55,0,22,110,9,141,30,12,42,183
12/05/2002,NEW,LA,ASW,CE,Towers with Display (VFR),0,19,94,5,118,0,0,35,21,56,0,19,129,26,174,20,6,26,200
12/06/2002,NEW,LA,ASW,CE,Towers with Display (VFR),0,18,84,24,126,0,4,95,11,110,0,22,179,35,236,60,42,102,338
12/07/2002,NEW,LA,ASW,CE,Towers with Display (VFR),0,7,61,13,81,0,3,121,11,135,0,10,182,24,216,148,8,156,372
12/08/2002,NEW,LA,ASW,CE,Towers with Display (VFR),0,14,74,10,98,0,6,91,1,98,0,20,165,11,196,68,14,82,278
12/09/2002,NEW,LA,ASW,CE,Towers with Display (VFR),0,20,41,0,61,0,0,43,19,62,0,20,84,19,123,10,32,42,165
12/10/2002,NEW,LA,ASW,CE,Towers with Display (VFR),0,23,67,2,92,0,2,10,7,19,0,25,77,9,111,0,14,14,125
12/11/2002,NEW,LA,ASW,CE,Towers with Display (VFR),0,21,90,10,121,0,0,145,2,147,0,21,235,12,268,238,22,260,528
12/12/2002,NEW,LA,ASW,CE,Towers with Display (VFR),0,15,78,9,102,0,2,61,6,69,0,17,139,15,171,6,6,12,183
12/13/2002,NEW,LA,ASW,CE,Towers with Display (VFR),0,14,68,5,87,0,10,80,17,107,0,24,148,22,194,20,4,24,218
12/14/2002,NEW,LA,ASW,CE,Towers with Display (VFR),0,8,42,8,58,0,3,254,8,265,0,11,296,16,323,108,28,136,459
12/15/2002,NEW,LA,ASW,CE,Towers with Display (VFR),0,19,61,5,85,0,0,123,31,154,0,19,184,36,239,64,0,64,303
12/16/2002,NEW,LA,ASW,CE,Towers with Display (VFR),0,15,64,7,86,0,1,94,12,107,0,16,158,19,193,70,2,72,265
12/17/2002,NEW,LA,ASW,CE,Towers with Display (VFR),0,23,72,11,106,0,0,146,20,166,0,23,218,31,272,166,2,168,440
12/18/2002,NEW,LA,ASW,CE,Towers with Display (VFR),0,18,86,3,107,0,0,69,10,79,0,18,155,13,186,30,2,32,218
12/19/2002,NEW,LA,ASW,CE,Towers with Display (VFR),0,16,56,0,72,0,0,23,0,23,0,16,79,0,95,0,0,0,95
12/20/2002,NEW,LA,ASW,CE,Towers with Display (VFR),0,24,53,3,80,0,0,111,5,116,0,24,164,8,196,72,0,72,268
12/21/2002,NEW,LA,ASW,CE,Towers with Display (VFR),0,4,57,2,63,0,1,116,0,117,0,5,173,2,180,42,0,42,222
12/22/2002,NEW,LA,ASW,CE,Towers with Display (VFR),0,9,37,0,46,0,1,63,0,64,0,10,100,0,110,70,0,70,180
12/23/2002,NEW,LA,ASW,CE,Towers with Display (VFR),0,12,35,1,48,0,0,4,0,4,0,12,39,1,52,0,0,0,52
12/24/2002,NEW,LA,ASW,CE,Towers with Display (VFR),2,13,27,1,43,0,2,28,9,39,2,15,55,10,82,4,0,4,86
12/25/2002,NEW,LA,ASW,CE,Towers with Display (VFR),0,1,6,0,7,0,2,19,0,21,0,3,25,0,28,2,0,2,30
12/26/2002,NEW,LA,ASW,CE,Towers with Display (VFR),0,17,71,0,88,0,6,62,0,68,0,23,133,0,156,62,0,62,218
12/27/2002,NEW,LA,ASW,CE,Towers with Display (VFR),0,15,55,4,74,0,2,83,3,88,0,17,138,7,162,52,0,52,214
12/28/2002,NEW,LA,ASW,CE,Towers with Display (VFR),0,6,43,0,49,0,0,134,0,134,0,6,177,0,183,134,0,134,317
12/29/2002,NEW,LA,ASW,CE,Towers with Display (VFR),0,17,72,1,90,0,4,108,1,113,0,21,180,2,203,64,2,66,269
12/30/2002,NEW,LA,ASW,CE,Towers with Display (VFR),0,28,92,5,125,0,2,50,10,62,0,30,142,15,187,6,4,10,197
12/31/2002,NEW,LA,ASW,CE,Towers with Display (VFR),0,14,63,6,83,0,1,15,1,17,0,15,78,7,100,56,2,58,158
01/01/2003,NEW,LA,ASW,CE,Towers with Display (VFR),0,9,103,0,112,0,4,52,0,56,0,13,155,0,168,44,0,44,212
01/02/2003,NEW,LA,ASW,CE,Towers with Display (VFR),0,33,183,4,220,0,2,69,2,73,0,35,252,6,293,120,2,122,415
01/03/2003,NEW,LA,ASW,CE,Towers with Display (VFR),0,35,164,6,205,0,0,88,0,88,0,35,252,6,293,120,2,122,415
01/04/2003,NEW,LA,ASW,CE,Towers with Display (VFR),0,2,62,1,65,0,4,128,3,135,0,6,190,4,200,100,0,100,300
01/05/2003,NEW,LA,ASW,CE,Towers with Display (VFR),0,9,56,2,67,0,1,119,6,126,0,10,175,8,193,92,4,96,289
01/06/2003,NEW,LA,ASW,CE,Towers with Display (VFR),0,19,36,1,56,0,0,110,15,125,0,19,146,16,181,92,0,92,273
01/07/2003,NEW,LA,ASW,CE,Towers with Display (VFR),0,20,44,5,69,0,0,85,16,101,0,20,129,21,170,172,22,194,364
01/08/2003,NEW,LA,ASW,CE,Towers with Display (VFR),0,18,64,7,89,0,3,91,13,107,0,21,155,20,196,62,6,68,264
01/09/2003,NEW,LA,ASW,CE,Towers with Display (VFR),0,21,55,9,85,0,4,98,4,106,0,25,153,13,191,54,2,56,247
01/10/2003,NEW,LA,ASW,CE,Towers with Display (VFR),0,17,86,19,122,0,3,75,15,93,0,20,161,34,215,20,2,22,237
01/11/2003,NEW,LA,ASW,CE,Towers with Display (VFR),0,11,54,6,71,0,0,80,27,107,0,11,134,33,178,116,12,128,306
01/12/2003,NEW,LA,ASW,CE,Towers with Display (VFR),0,14,55,9,78,0,0,52,10,62,0,14,107,19,140,52,4,56,196
01/13/2003,NEW,LA,ASW,CE,Towers with Display (VFR),0,17,77,8,102,0,0,72,18,90,0,17,149,26,192,50,22,72,264
01/14/2003,NEW,LA,ASW,CE,Towers with Display (VFR),0,16,69,16,101,0,2,103,25,130,0,18,172,41,231,68,14,82,313
01/15/2003,NEW,LA,ASW,CE,Towers with Display (VFR),0,16,110,8,134,0,1,134,15,150,0,17,244,23,284,116,6,122,406
01/16/2003,NEW,LA,ASW,CE,Towers with Display (VFR),0,21,87,10,118,0,1,101,21,123,0,22,188,31,241,72,10,82,323
01/17/2003,NEW,LA,ASW,CE,Towers with Display (VFR),0,9,68,14,91,0,5,89,15,109,0,14,157,29,200,50,4,54,254
01/18/2003,NEW,LA,ASW,CE,Towers with Display (VFR),0,5,38,4,47,0,1,93,2,96,0,6,131,6,143,54,10,64,207
01/19/2003,NEW,LA,ASW,CE,Towers with Display (VFR),0,6,38,4,48,0,0,93,2,95,0,6,131,6,143,54,10,64,207
01/20/2003,NEW,LA,ASW,CE,Towers with Display (VFR),0,16,60,9,85,0,2,95,2,99,0,18,155,11,184,56,0,56,240
01/21/2003,NEW,LA,ASW,CE,Towers with Display (VFR),0,25,54,17,96,0,3,99,6,108,0,28,153,23,204,182,18,200,404
01/22/2003,NEW,LA,ASW,CE,Towers with Display (VFR),0,32,74,4,110,0,2,38,5,45,0,34,112,9,155,42,0,42,197
01/23/2003,NEW,LA,ASW,CE,Towers with Display (VFR),0,24,65,3,92,0,1,67,22,90,0,25,132,25,182,32,6,38,220
01/24/2003,NEW,LA,ASW,CE,Towers with Display (VFR),0,15,71,9,95,0,0,102,18,120,0,15,173,27,215,88,4,92,307
01/25/2003,NEW,LA,ASW,CE,Towers with Display (VFR),0,7,60,6,73,0,5,87,0,92,0,12,147,6,165,152,0,152,317
01/26/2003,NEW,LA,ASW,CE,Towers with Display (VFR),0,12,53,0,65,0,2,44,2,48,0,14,97,2,113,42,0,42,155
01/27/2003,NEW,LA,ASW,CE,Towers with Display (VFR),0,26,67,3,96,0,0,101,1,102,0,26,168,4,198,44,0,44,242
01/28/2003,NEW,LA,ASW,CE,Towers with Display (VFR),0,27,83,3,113,0,0,77,4,81,0,27,160,7,194,74,0,74,268
01/29/2003,NEW,LA,ASW,CE,Towers with Display (VFR),0,24,65,6,95,0,1,83,10,94,0,25,148,16,189,150,20,170,359
01/30/2003,NEW,LA,ASW,CE,Towers with Display (VFR),0,30,99,0,129,0,5,27,0,32,0,35,126,0,161,4,0,4,165
01/31/2003,NEW,LA,ASW,CE,Towers with Display (VFR),0,18,72,6,96,0,6,16,12,34,0,24,88,18,130,0,0,0,130
02/01/2003,NEW,LA,ASW,CE,Towers with Display (VFR),0,7,63,5,75,0,4,141,2,147,0,11,204,7,222,100,0,100,322
02/02/2003,NEW,LA,ASW,CE,Towers with Display (VFR),0,4,65,8,77,0,3,151,6,160,0,7,216,14,237,136,0,136,373
02/03/2003,NEW,LA,ASW,CE,Towers with Display (VFR),0,19,70,5,94,0,5,53,9,67,0,24,123,14,161,80,0,80,241
02/04/2003,NEW,LA,ASW,CE,Towers with Display (VFR),0,21,80,9,110,0,0,104,12,116,0,21,184,21,226,128,4,132,358
02/05/2003,NEW,LA,ASW,CE,Towers with Display (VFR),0,18,107,2,127,0,1,96,1,98,0,19,203,3,225,154,0,154,379
02/06/2003,NEW,LA,ASW,CE,Towers with Display (VFR),0,16,56,7,79,0,1,31,14,46,0,17,87,21,125,46,0,46,171
02/07/2003,NEW,LA,ASW,CE,Towers with Display (VFR),0,35,109,17,161,0,1,64,9,74,0,36,173,26,235,44,22,66,301
02/08/2003,NEW,LA,ASW,CE,Towers with Display (VFR),0,10,92,21,123,0,0,87,4,91,0,10,179,25,214,80,0,80,294
02/09/2003,NEW,LA,ASW,CE,Towers with Display (VFR),0,13,97,3,113,0,5,28,0,33,0,18,125,3,146,4,0,4,150
02/10/2003,NEW,LA,ASW,CE,Towers with Display (VFR),0,21,64,18,103,0,0,64,11,75,0,21,128,29,178,20,10,30,208
02/11/2003,NEW,LA,ASW,CE,Towers with Display (VFR),0,16,64,3,83,0,0,107,20,127,0,16,171,23,210,196,6,202,412
02/12/2003,NEW,LA,ASW,CE,Towers with Display (VFR),0,18,89,11,118,0,7,106,9,122,0,25,195,20,240,100,8,108,348
02/13/2003,NEW,LA,ASW,CE,Towers with Display (VFR),0,20,76,8,104,0,1,100,12,113,0,21,176,20,217,114,4,118,335
02/14/2003,NEW,LA,ASW,CE,Towers with Display (VFR),0,19,73,8,100,0,0,115,9,124,0,19,188,17,224,56,2,58,282
02/15/2003,NEW,LA,ASW,CE,Towers with Display (VFR),0,12,43,1,56,0,0,35,3,38,0,12,78,4,94,22,0,22,116
02/16/2003,NEW,LA,ASW,CE,Towers with Display (VFR),0,12,43,1,56,0,0,35,3,38,0,12,78,4,94,22,0,22,116
02/17/2003,NEW,LA,ASW,CE,Towers with Display (VFR),0,8,67,6,81,0,2,59,4,65,0,10,126,10,146,28,2,30,176
02/18/2003,NEW,LA,ASW,CE,Towers with Display (VFR),0,22,64,5,91,0,0,91,10,101,0,22,155,15,192,134,10,144,336
02/19/2003,NEW,LA,ASW,CE,Towers with Display (VFR),0,25,99,10,134,0,0,94,12,106,0,25,193,22,240,30,0,30,270
02/20/2003,NEW,LA,ASW,CE,Towers with Display (VFR),0,29,93,0,122,0,1,37,7,45,0,30,130,7,167,62,0,62,229
02/21/2003,NEW,LA,ASW,CE,Towers with Display (VFR),0,16,34,0,50,0,0,3,0,3,0,16,37,0,53,0,0,0,53
02/22/2003,NEW,LA,ASW,CE,Towers with Display (VFR),6,13,57,2,78,0,0,37,5,42,6,13,94,7,120,10,2,12,132
02/23/2003,NEW,LA,ASW,CE,Towers with Display (VFR),0,8,65,4,77,0,12,149,2,163,0,20,214,6,240,66,0,66,306
02/24/2003,NEW,LA,ASW,CE,Towers with Display (VFR),0,15,53,13,81,0,13,128,22,163,0,28,181,35,244,114,4,118,362
02/25/2003,NEW,LA,ASW,CE,Towers with Display (VFR),0,17,53,2,72,0,0,0,0,0,0,17,53,2,72,82,0,82,154
02/26/2003,NEW,LA,ASW,CE,Towers with Display (VFR),0,16,68,3,87,0,6,14,1,21,0,22,82,4,108,0,0,0,108
02/27/2003,NEW,LA,ASW,CE,Towers with Display (VFR),0,15,88,17,120,0,3,46,11,60,0,18,134,28,180,46,2,48,228
02/28/2003,NEW,LA,ASW,CE,Towers with Display (VFR),0,23,132,17,172,0,2,20,11,33,0,25,152,28,205,18,0,18,223
03/01/2003,NEW,LA,ASW,CE,Towers with Display (VFR),0,13,85,4,102,0,0,26,1,27,0,13,111,5,129,32,0,32,161
03/02/2003,NEW,LA,ASW,CE,Towers with Display (VFR),0,17,93,7,117,0,3,84,20,107,0,20,177,27,224,60,4,64,288
03/03/2003,NEW,LA,ASW,CE,Towers with Display (VFR),0,26,52,0,78,0,0,77,3,80,0,26,129,3,158,104,0,104,262
03/04/2003,NEW,LA,ASW,CE,Towers with Display (VFR),0,16,74,2,92,0,3,0,0,3,0,19,74,2,95,0,0,0,95
03/05/2003,NEW,LA,ASW,CE,Towers with Display (VFR),0,27,64,3,94,0,3,21,3,27,0,30,85,6,121,26,0,26,147
03/06/2003,NEW,LA,ASW,CE,Towers with Display (VFR),0,19,78,7,104,0,3,69,17,89,0,22,147,24,193,34,8,42,235
03/07/2003,NEW,LA,ASW,CE,Towers with Display (VFR),0,17,76,5,98,0,4,83,3,90,0,21,159,8,188,106,2,108,296
03/08/2003,NEW,LA,ASW,CE,Towers with Display (VFR),0,7,61,4,72,0,2,0,1,3,0,9,61,5,75,0,0,0,75
03/09/2003,NEW,LA,ASW,CE,Towers with Display (VFR),0,13,74,2,89,0,3,67,5,75,0,16,141,7,164,122,4,126,290
03/10/2003,NEW,LA,ASW,CE,Towers with Display (VFR),0,23,52,7,82,0,5,122,33,160,0,28,174,40,242,118,2,120,362
03/11/2003,NEW,LA,ASW,CE,Towers with Display (VFR),4,24,63,5,96,0,0,0,0,0,4,24,63,5,96,142,0,142,238
03/12/2003,NEW,LA,ASW,CE,Towers with Display (VFR),5,23,96,2,126,0,0,79,14,93,5,23,175,16,219,36,6,42,261
03/13/2003,NEW,LA,ASW,CE,Towers with Display (VFR),2,25,109,6,142,0,2,19,8,29,2,27,128,14,171,6,14,20,191
03/14/2003,NEW,LA,ASW,CE,Towers with Display (VFR),3,28,129,16,176,0,2,85,15,102,3,30,214,31,278,48,6,54,332
03/15/2003,NEW,LA,ASW,CE,Towers with Display (VFR),0,10,86,5,101,0,0,86,0,86,0,10,172,5,187,80,6,86,273
03/16/2003,NEW,LA,ASW,CE,Towers with Display (VFR),0,22,165,1,188,0,0,0,2,2,0,22,165,3,190,0,0,0,190
03/17/2003,NEW,LA,ASW,CE,Towers with Display (VFR),2,27,110,5,144,0,4,48,7,59,2,31,158,12,203,8,6,14,217
03/18/2003,NEW,LA,ASW,CE,Towers with Display (VFR),0,34,98,8,140,0,0,0,0,0,0,34,98,8,140,40,0,40,180
03/19/2003,NEW,LA,ASW,CE,Towers with Display (VFR),0,27,133,5,165,0,11,136,9,156,0,38,269,14,321,116,0,116,437
03/20/2003,NEW,LA,ASW,CE,Towers with Display (VFR),0,19,100,5,124,0,10,145,24,179,0,29,245,29,303,86,10,96,399
03/21/2003,NEW,LA,ASW,CE,Towers with Display (VFR),0,25,94,11,130,0,8,130,12,150,0,33,224,23,280,50,16,66,346
03/22/2003,NEW,LA,ASW,CE,Towers with Display (VFR),0,11,74,4,89,0,2,140,10,152,0,13,214,14,241,84,0,84,325
03/23/2003,NEW,LA,ASW,CE,Towers with Display (VFR),2,15,78,3,98,0,6,94,7,107,2,21,172,10,205,120,0,120,325
03/24/2003,NEW,LA,ASW,CE,Towers with Display (VFR),0,19,46,7,72,0,0,100,8,108,0,19,146,15,180,154,0,154,334
03/25/2003,NEW,LA,ASW,CE,Towers with Display (VFR),0,18,75,11,104,0,0,0,0,0,0,18,75,11,104,124,16,140,244
03/26/2003,NEW,LA,ASW,CE,Towers with Display (VFR),4,21,56,4,85,0,7,43,11,61,4,28,99,15,146,24,0,24,170
03/27/2003,NEW,LA,ASW,CE,Towers with Display (VFR),0,32,72,4,108,0,8,122,33,163,0,40,194,37,271,32,4,36,307
03/28/2003,NEW,LA,ASW,CE,Towers with Display (VFR),0,24,89,10,123,0,5,125,20,150,0,29,214,30,273,50,2,52,325
03/29/2003,NEW,LA,ASW,CE,Towers with Display (VFR),0,12,59,3,74,0,0,40,7,47,0,12,99,10,121,4,0,4,125
03/30/2003,NEW,LA,ASW,CE,Towers with Display (VFR),0,22,74,2,98,0,2,87,6,95,0,24,161,8,193,30,0,30,223
03/31/2003,NEW,LA,ASW,CE,Towers with Display (VFR),0,19,76,5,100,0,12,109,4,125,0,31,185,9,225,126,0,126,351
04/01/2003,NEW,LA,ASW,CE,Towers with Display (VFR),0,23,51,9,83,0,0,0,0,0,0,23,51,9,83,98,20,118,201
04/02/2003,NEW,LA,ASW,CE,Towers with Display (VFR),0,26,71,16,113,0,7,95,16,118,0,33,166,32,231,32,14,46,277
04/03/2003,NEW,LA,ASW,CE,Towers with Display (VFR),0,25,63,4,92,0,0,76,12,88,0,25,139,16,180,14,0,14,194
04/04/2003,NEW,LA,ASW,CE,Towers with Display (VFR),0,65,195,3,263,0,12,132,24,168,0,77,327,27,431,36,0,36,467
04/05/2003,NEW,LA,ASW,CE,Towers with Display (VFR),0,68,250,2,320,0,0,0,0,0,0,68,250,2,320,32,0,32,352
04/06/2003,NEW,LA,ASW,CE,Towers with Display (VFR),0,49,123,6,178,0,1,43,9,53,0,50,166,15,231,12,0,12,243
04/07/2003,NEW,LA,ASW,CE,Towers with Display (VFR),0,75,177,5,257,0,15,91,1,107,0,90,268,6,364,4,18,22,386
04/08/2003,NEW,LA,ASW,CE,Towers with Display (VFR),0,83,188,6,277,0,5,0,0,5,0,88,188,6,282,16,8,24,306
04/09/2003,NEW,LA,ASW,CE,Towers with Display (VFR),0,24,91,8,123,0,21,166,54,241,0,45,257,62,364,16,16,32,396
04/10/2003,NEW,LA,ASW,CE,Towers with Display (VFR),0,33,86,5,124,0,16,250,62,328,0,49,336,67,452,100,14,114,566
04/11/2003,NEW,LA,ASW,CE,Towers with Display (VFR),0,24,65,6,95,0,16,189,17,222,0,40,254,23,317,78,0,78,395
04/12/2003,NEW,LA,ASW,CE,Towers with Display (VFR),0,6,60,5,71,0,3,170,2,175,0,9,230,7,246,122,0,122,368
04/13/2003,NEW,LA,ASW,CE,Towers with Display (VFR),0,15,61,4,80,0,2,132,1,135,0,17,193,5,215,40,2,42,257
04/14/2003,NEW,LA,ASW,CE,Towers with Display (VFR),0,18,52,3,73,0,6,131,19,156,0,24,183,22,229,102,8,110,339
04/15/2003,NEW,LA,ASW,CE,Towers with Display (VFR),0,18,56,11,85,0,1,0,0,1,0,19,56,11,86,168,50,218,304
04/16/2003,NEW,LA,ASW,CE,Towers with Display (VFR),0,13,53,8,74,0,10,157,40,207,0,23,210,48,281,36,16,52,333
04/17/2003,NEW,LA,ASW,CE,Towers with Display (VFR),0,20,98,14,132,0,0,209,25,234,0,20,307,39,366,18,4,22,388
04/18/2003,NEW,LA,ASW,CE,Towers with Display (VFR),0,11,59,7,77,0,1,147,2,150,0,12,206,9,227,100,10,110,337
04/19/2003,NEW,LA,ASW,CE,Towers with Display (VFR),0,5,49,0,54,0,0,94,0,94,0,5,143,0,148,76,0,76,224
04/20/2003,NEW,LA,ASW,CE,Towers with Display (VFR),0,15,72,3,90,0,3,47,10,60,0,18,119,13,150,14,8,22,172
04/21/2003,NEW,LA,ASW,CE,Towers with Display (VFR),0,15,61,4,80,0,7,72,5,84,0,22,133,9,164,82,0,82,246
04/22/2003,NEW,LA,ASW,CE,Towers with Display (VFR),0,17,58,5,80,0,0,0,0,0,0,17,58,5,80,156,6,162,242
04/23/2003,NEW,LA,ASW,CE,Towers with Display (VFR),0,15,91,6,112,0,22,140,39,201,0,37,231,45,313,62,12,74,387
04/24/2003,NEW,LA,ASW,CE,Towers with Display (VFR),0,26,82,8,116,0,12,82,45,139,0,38,164,53,255,60,20,80,335
04/25/2003,NEW,LA,ASW,CE,Towers with Display (VFR),0,21,99,11,131,0,5,99,15,119,0,26,198,26,250,22,18,40,290
04/26/2003,NEW,LA,ASW,CE,Towers with Display (VFR),0,6,55,7,68,0,8,273,13,294,0,14,328,20,362,114,6,120,482
04/27/2003,NEW,LA,ASW,CE,Towers with Display (VFR),0,21,62,5,88,0,0,134,7,141,0,21,196,12,229,46,0,46,275
04/28/2003,NEW,LA,ASW,CE,Towers with Display (VFR),0,29,48,9,86,0,6,104,14,124,0,35,152,23,210,6,30,36,246
04/29/2003,NEW,LA,ASW,CE,Towers with Display (VFR),0,35,83,15,133,0,0,0,0,0,0,35,83,15,133,58,10,68,201
04/30/2003,NEW,LA,ASW,CE,Towers with Display (VFR),0,21,89,20,130,0,0,0,0,0,0,21,89,20,130,82,16,98,228
05/01/2003,NEW,LA,ASW,CE,Towers with Display (VFR),0,32,87,17,136,0,1,243,6,250,0,33,330,23,386,58,4,62,448
05/02/2003,NEW,LA,ASW,CE,Towers with Display (VFR),0,20,71,9,100,0,5,159,6,170,0,25,230,15,270,34,18,52,322
05/03/2003,NEW,LA,ASW,CE,Towers with Display (VFR),0,22,52,5,79,0,0,232,4,236,0,22,284,9,315,180,0,180,495
05/04/2003,NEW,LA,ASW,CE,Towers with Display (VFR),0,22,52,5,79,0,0,232,4,236,0,22,284,9,315,11,0,11,326
05/05/2003,NEW,LA,ASW,CE,Towers with Display (VFR),0,27,64,12,103,0,1,57,26,84,0,28,121,38,187,24,0,24,211
05/06/2003,NEW,LA,ASW,CE,Towers with Display (VFR),0,24,89,11,124,0,2,96,37,135,0,26,185,48,259,22,0,22,281
05/07/2003,NEW,LA,ASW,CE,Towers with Display (VFR),0,24,89,11,124,0,2,96,37,135,0,26,185,48,259,22,0,22,281
05/08/2003,NEW,LA,ASW,CE,Towers with Display (VFR),0,26,92,8,126,0,2,59,24,85,0,28,151,32,211,36,0,36,247
05/09/2003,NEW,LA,ASW,CE,Towers with Display (VFR),0,22,80,12,114,0,3,103,13,119,0,25,183,25,233,28,36,64,297
05/10/2003,NEW,LA,ASW,CE,Towers with Display (VFR),0,6,48,7,61,0,0,105,3,108,0,6,153,10,169,258,0,258,427
05/11/2003,NEW,LA,ASW,CE,Towers with Display (VFR),0,12,54,6,72,0,13,77,0,90,0,25,131,6,162,92,2,94,256
05/12/2003,NEW,LA,ASW,CE,Towers with Display (VFR),0,12,48,4,64,0,14,124,17,155,0,26,172,21,219,192,8,200,419
05/13/2003,NEW,LA,ASW,CE,Towers with Display (VFR),0,19,65,6,90,0,3,136,26,165,0,22,201,32,255,70,0,70,325
05/14/2003,NEW,LA,ASW,CE,Towers with Display (VFR),0,17,82,2,101,0,10,122,40,172,0,27,204,42,273,102,22,124,397
05/15/2003,NEW,LA,ASW,CE,Towers with Display (VFR),0,24,63,9,96,4,0,140,22,166,4,24,203,31,262,126,8,134,396
05/16/2003,NEW,LA,ASW,CE,Towers with Display (VFR),0,24,63,9,96,0,0,140,88,228,0,24,203,97,324,126,8,134,458
05/17/2003,NEW,LA,ASW,CE,Towers with Display (VFR),0,6,52,18,76,0,0,63,8,71,0,6,115,26,147,46,44,90,237
05/18/2003,NEW,LA,ASW,CE,Towers with Display (VFR),0,26,75,9,110,0,1,90,7,98,0,27,165,16,208,126,0,126,334
05/19/2003,NEW,LA,ASW,CE,Towers with Display (VFR),0,14,37,8,59,0,0,90,9,99,0,14,127,17,158,118,0,118,276
05/20/2003,NEW,LA,ASW,CE,Towers with Display (VFR),0,16,46,3,65,2,1,77,11,91,2,17,123,14,156,112,0,112,268
05/21/2003,NEW,LA,ASW,CE,Towers with Display (VFR),0,15,58,5,78,0,5,83,13,101,0,20,141,18,179,62,0,62,241
05/22/2003,NEW,LA,ASW,CE,Towers with Display (VFR),0,15,59,9,83,0,6,78,20,104,0,21,137,29,187,94,2,96,283
05/23/2003,NEW,LA,ASW,CE,Towers with Display (VFR),0,22,65,8,95,0,5,104,18,127,0,27,169,26,222,130,0,130,352
05/24/2003,NEW,LA,ASW,CE,Towers with Display (VFR),0,1,49,5,55,0,5,137,6,148,0,6,186,11,203,98,10,108,311
05/25/2003,NEW,LA,ASW,CE,Towers with Display (VFR),0,6,40,4,50,0,4,99,2,105,0,10,139,6,155,168,4,172,327
05/26/2003,NEW,LA,ASW,CE,Towers with Display (VFR),0,12,59,0,71,0,4,104,11,119,0,16,163,11,190,102,0,102,292
05/27/2003,NEW,LA,ASW,CE,Towers with Display (VFR),0,19,79,11,109,0,6,101,20,127,0,25,180,31,236,182,0,182,418
05/28/2003,NEW,LA,ASW,CE,Towers with Display (VFR),0,23,51,8,82,0,7,111,15,133,0,30,162,23,215,154,10,164,379
05/29/2003,NEW,LA,ASW,CE,Towers with Display (VFR),0,16,61,13,90,2,7,111,8,128,2,23,172,21,218,88,0,88,306
05/30/2003,NEW,LA,ASW,CE,Towers with Display (VFR),0,15,62,9,86,0,0,136,21,157,0,15,198,30,243,60,12,72,315
05/31/2003,NEW,LA,ASW,CE,Towers with Display (VFR),0,1,44,9,54,0,0,87,9,96,0,1,131,18,150,98,10,108,258
06/01/2003,NEW,LA,ASW,CE,Towers with Display (VFR),0,17,40,5,62,0,0,100,16,116,0,17,140,21,178,85,15,100,278
06/02/2003,NEW,LA,ASW,CE,Towers with Display (VFR),0,10,46,6,62,0,6,79,19,104,0,16,125,25,166,124,10,134,300
06/03/2003,NEW,LA,ASW,CE,Towers with Display (VFR),0,20,66,9,95,0,1,0,0,1,0,21,66,9,96,88,10,98,194
06/04/2003,NEW,LA,ASW,CE,Towers with Display (VFR),0,19,85,6,110,0,4,57,17,78,0,23,142,23,188,80,0,80,268
06/05/2003,NEW,LA,ASW,CE,Towers with Display (VFR),0,25,76,6,107,0,2,67,16,85,0,27,143,22,192,76,4,80,272
06/06/2003,NEW,LA,ASW,CE,Towers with Display (VFR),0,22,43,11,76,0,2,29,15,46,0,24,72,26,122,12,38,50,172
06/07/2003,NEW,LA,ASW,CE,Towers with Display (VFR),0,15,70,10,95,0,5,75,5,85,0,20,145,15,180,70,5,75,255
06/08/2003,NEW,LA,ASW,CE,Towers with Display (VFR),0,10,60,5,75,0,5,80,5,90,0,15,140,10,165,60,9,69,234
06/09/2003,NEW,LA,ASW,CE,Towers with Display (VFR),0,13,43,9,65,0,5,89,12,106,0,18,132,21,171,36,4,40,211
06/10/2003,NEW,LA,ASW,CE,Towers with Display (VFR),0,15,83,2,100,0,0,0,0,0,0,15,83,2,100,70,0,70,170
06/11/2003,NEW,LA,ASW,CE,Towers with Display (VFR),0,15,70,2,87,0,2,59,22,83,0,17,129,24,170,58,0,58,228
06/12/2003,NEW,LA,ASW,CE,Towers with Display (VFR),0,11,53,4,68,6,5,63,12,86,6,16,116,16,154,18,24,42,196
06/13/2003,NEW,LA,ASW,CE,Towers with Display (VFR),1,15,59,5,80,2,4,84,15,105,3,19,143,20,185,52,12,64,249
06/14/2003,NEW,LA,ASW,CE,Towers with Display (VFR),0,2,47,6,55,0,7,66,5,78,0,9,113,11,133,84,6,90,223
06/15/2003,NEW,LA,ASW,CE,Towers with Display (VFR),0,7,45,5,57,0,3,76,0,79,0,10,121,5,136,54,0,54,190
06/16/2003,NEW,LA,ASW,CE,Towers with Display (VFR),0,18,45,4,67,0,0,35,9,44,0,18,80,13,111,0,0,0,111
06/17/2003,NEW,LA,ASW,CE,Towers with Display (VFR),0,18,61,6,85,0,1,35,12,48,0,19,96,18,133,60,14,74,207
06/18/2003,NEW,LA,ASW,CE,Towers with Display (VFR),0,17,41,7,65,2,2,88,20,112,2,19,129,27,177,60,54,114,291
06/19/2003,NEW,LA,ASW,CE,Towers with Display (VFR),0,16,75,1,92,0,5,72,14,91,0,21,147,15,183,16,0,16,199
06/20/2003,NEW,LA,ASW,CE,Towers with Display (VFR),0,17,79,4,100,0,0,0,0,0,0,17,79,4,100,64,0,64,164
06/21/2003,NEW,LA,ASW,CE,Towers with Display (VFR),0,4,30,8,42,0,6,50,10,66,0,10,80,18,108,102,0,102,210
06/22/2003,NEW,LA,ASW,CE,Towers with Display (VFR),0,7,54,8,69,0,5,107,2,114,0,12,161,10,183,60,0,60,243
06/23/2003,NEW,LA,ASW,CE,Towers with Display (VFR),0,14,50,5,69,0,12,119,10,141,0,26,169,15,210,8,0,8,218
06/24/2003,NEW,LA,ASW,CE,Towers with Display (VFR),0,14,49,6,69,0,5,117,10,132,0,19,166,16,201,32,0,32,233
06/25/2003,NEW,LA,ASW,CE,Towers with Display (VFR),0,14,64,5,83,0,12,62,15,89,0,26,126,20,172,50,0,50,222
06/26/2003,NEW,LA,ASW,CE,Towers with Display (VFR),0,19,65,7,91,0,12,102,10,124,0,31,167,17,215,16,8,24,239
06/27/2003,NEW,LA,ASW,CE,Towers with Display (VFR),0,16,46,1,63,8,3,67,12,90,8,19,113,13,153,30,0,30,183
06/28/2003,NEW,LA,ASW,CE,Towers with Display (VFR),0,2,48,3,53,0,2,99,2,103,0,4,147,5,156,112,0,112,268
06/29/2003,NEW,LA,ASW,CE,Towers with Display (VFR),0,15,35,5,55,0,5,35,10,50,0,20,70,15,105,25,10,35,140
06/30/2003,NEW,LA,ASW,CE,Towers with Display (VFR),0,6,12,1,19,0,0,1,0,1,0,6,13,1,20,0,0,0,20
07/01/2003,NEW,LA,ASW,CE,Towers with Display (VFR),0,13,42,13,68,0,2,0,0,2,0,15,42,13,70,120,2,122,192
07/02/2003,NEW,LA,ASW,CE,Towers with Display (VFR),0,20,16,14,50,4,0,148,39,191,4,20,164,53,241,90,8,98,339
07/03/2003,NEW,LA,ASW,CE,Towers with Display (VFR),0,14,58,6,78,2,3,94,13,112,2,17,152,19,190,102,6,108,298
07/04/2003,NEW,LA,ASW,CE,Towers with Display (VFR),0,0,10,0,10,0,3,47,2,52,0,3,57,2,62,36,0,36,98
07/05/2003,NEW,LA,ASW,CE,Towers with Display (VFR),0,2,23,0,25,8,0,30,0,38,8,2,53,0,63,32,0,32,95
07/06/2003,NEW,LA,ASW,CE,Towers with Display (VFR),0,13,4,3,20,0,0,92,2,94,0,13,96,5,114,38,2,40,154
07/07/2003,NEW,LA,ASW,CE,Towers with Display (VFR),0,14,21,2,37,0,1,27,0,28,0,15,48,2,65,62,2,64,129
07/08/2003,NEW,LA,ASW,CE,Towers with Display (VFR),0,14,47,6,67,0,0,94,11,105,0,14,141,17,172,42,0,42,214
07/09/2003,NEW,LA,ASW,CE,Towers with Display (VFR),0,19,61,10,90,0,7,173,20,200,0,26,234,30,290,68,6,74,364
07/10/2003,NEW,LA,ASW,CE,Towers with Display (VFR),0,13,58,7,78,0,2,73,10,85,0,15,131,17,163,62,4,66,229
07/11/2003,NEW,LA,ASW,CE,Towers with Display (VFR),0,13,48,18,79,0,12,86,13,111,0,25,134,31,190,18,26,44,234
07/12/2003,NEW,LA,ASW,CE,Towers with Display (VFR),0,2,36,4,42,0,0,113,3,116,0,2,149,7,158,134,0,134,292
07/13/2003,NEW,LA,ASW,CE,Towers with Display (VFR),0,7,46,4,57,0,0,74,2,76,0,7,120,6,133,98,0,98,231
07/14/2003,NEW,LA,ASW,CE,Towers with Display (VFR),0,13,47,2,62,0,2,54,5,61,0,15,101,7,123,38,14,52,175
07/15/2003,NEW,LA,ASW,CE,Towers with Display (VFR),0,17,39,9,65,0,0,0,0,0,0,17,39,9,65,118,20,138,203
07/16/2003,NEW,LA,ASW,CE,Towers with Display (VFR),0,13,70,10,93,0,5,108,6,119,0,18,178,16,212,152,52,204,416
07/17/2003,NEW,LA,ASW,CE,Towers with Display (VFR),0,15,50,7,72,2,2,54,2,60,2,17,104,9,132,0,0,0,132
07/18/2003,NEW,LA,ASW,CE,Towers with Display (VFR),0,18,62,15,95,0,3,88,14,105,0,21,150,29,200,14,8,22,222
07/19/2003,NEW,LA,ASW,CE,Towers with Display (VFR),0,5,51,6,62,6,1,116,13,136,6,6,167,19,198,210,0,210,408
07/20/2003,NEW,LA,ASW,CE,Towers with Display (VFR),0,13,28,3,44,0,0,38,2,40,0,13,66,5,84,44,10,54,138
07/21/2003,NEW,LA,ASW,CE,Towers with Display (VFR),0,13,36,4,53,0,0,90,6,96,0,13,126,10,149,88,2,90,239
07/22/2003,NEW,LA,ASW,CE,Towers with Display (VFR),0,15,49,15,79,0,1,112,17,130,0,16,161,32,209,146,18,164,373
07/23/2003,NEW,LA,ASW,CE,Towers with Display (VFR),0,16,62,10,88,0,6,61,2,69,0,22,123,12,157,144,4,148,305
07/24/2003,NEW,LA,ASW,CE,Towers with Display (VFR),0,18,70,9,97,0,3,113,20,136,0,21,183,29,233,104,4,108,341
07/25/2003,NEW,LA,ASW,CE,Towers with Display (VFR),0,15,60,8,83,0,4,94,16,114,0,19,154,24,197,128,2,130,327
07/26/2003,NEW,LA,ASW,CE,Towers with Display (VFR),0,3,52,2,57,6,3,128,0,137,6,6,180,2,194,144,0,144,338
07/27/2003,NEW,LA,ASW,CE,Towers with Display (VFR),1,8,63,2,74,0,2,98,3,103,1,10,161,5,177,188,0,188,365
07/28/2003,NEW,LA,ASW,CE,Towers with Display (VFR),0,12,33,3,48,0,3,65,9,77,0,15,98,12,125,12,24,36,161
07/29/2003,NEW,LA,ASW,CE,Towers with Display (VFR),0,12,51,6,69,0,0,58,18,76,0,12,109,24,145,34,22,56,201
07/30/2003,NEW,LA,ASW,CE,Towers with Display (VFR),0,16,62,11,89,0,3,101,21,125,0,19,163,32,214,96,4,100,314
07/31/2003,NEW,LA,ASW,CE,Towers with Display (VFR),0,24,52,4,80,0,3,121,14,138,0,27,173,18,218,64,0,64,282
08/01/2003,NEW,LA,ASW,CE,Towers with Display (VFR),0,18,62,8,88,0,2,109,4,115,0,20,171,12,203,126,0,126,329
08/02/2003,NEW,LA,ASW,CE,Towers with Display (VFR),0,8,41,3,52,0,0,81,0,81,0,8,122,3,133,54,2,56,189
08/03/2003,NEW,LA,ASW,CE,Towers with Display (VFR),0,3,63,2,68,0,0,111,0,111,0,3,174,2,179,242,0,242,421
08/04/2003,NEW,LA,ASW,CE,Towers with Display (VFR),0,25,45,3,73,0,0,73,6,79,0,25,118,9,152,42,2,44,196
08/05/2003,NEW,LA,ASW,CE,Towers with Display (VFR),0,12,68,5,85,0,0,0,0,0,0,12,68,5,85,48,0,48,133
08/06/2003,NEW,LA,ASW,CE,Towers with Display (VFR),0,12,64,11,87,0,2,87,12,101,0,14,151,23,188,100,26,126,314
08/07/2003,NEW,LA,ASW,CE,Towers with Display (VFR),6,24,53,3,86,0,4,55,34,93,6,28,108,37,179,34,0,34,213
08/08/2003,NEW,LA,ASW,CE,Towers with Display (VFR),0,18,73,13,104,1,5,177,2,185,1,23,250,15,289,188,8,196,485
08/09/2003,NEW,LA,ASW,CE,Towers with Display (VFR),0,4,29,17,50,0,2,94,28,124,0,6,123,45,174,124,80,204,378
08/10/2003,NEW,LA,ASW,CE,Towers with Display (VFR),0,8,65,6,79,0,4,88,8,100,0,12,153,14,179,240,16,256,435
08/11/2003,NEW,LA,ASW,CE,Towers with Display (VFR),0,23,37,5,65,0,1,104,5,110,0,24,141,10,175,62,0,62,237
08/12/2003,NEW,LA,ASW,CE,Towers with Display (VFR),0,20,45,5,70,0,0,0,0,0,0,20,45,5,70,68,2,70,140
08/13/2003,NEW,LA,ASW,CE,Towers with Display (VFR),0,18,52,11,81,0,2,54,7,63,0,20,106,18,144,24,18,42,186
08/14/2003,NEW,LA,ASW,CE,Towers with Display (VFR),0,16,63,7,86,0,3,94,12,109,0,19,157,19,195,64,8,72,267
08/15/2003,NEW,LA,ASW,CE,Towers with Display (VFR),0,9,56,1,66,0,4,64,8,76,0,13,120,9,142,60,0,60,202
08/16/2003,NEW,LA,ASW,CE,Towers with Display (VFR),0,8,30,9,47,0,11,111,20,142,0,19,141,29,189,116,20,136,325
08/17/2003,NEW,LA,ASW,CE,Towers with Display (VFR),0,12,35,0,47,0,0,115,0,115,0,12,150,0,162,238,0,238,400
08/18/2003,NEW,LA,ASW,CE,Towers with Display (VFR),0,16,57,5,78,0,0,85,2,87,0,16,142,7,165,56,3,59,224
08/19/2003,NEW,LA,ASW,CE,Towers with Display (VFR),0,15,46,8,69,0,0,90,17,107,0,15,136,25,176,140,8,148,324
08/20/2003,NEW,LA,ASW,CE,Towers with Display (VFR),0,10,54,6,70,0,1,75,1,77,0,11,129,7,147,54,8,62,209
08/21/2003,NEW,LA,ASW,CE,Towers with Display (VFR),0,20,86,2,108,0,9,102,16,127,0,29,188,18,235,110,4,114,349
08/22/2003,NEW,LA,ASW,CE,Towers with Display (VFR),0,19,77,7,103,0,3,68,9,80,0,22,145,16,183,38,2,40,223
08/23/2003,NEW,LA,ASW,CE,Towers with Display (VFR),0,0,42,9,51,0,1,90,5,96,0,1,132,14,147,92,2,94,241
08/24/2003,NEW,LA,ASW,CE,Towers with Display (VFR),0,6,75,7,88,0,2,105,3,110,0,8,180,10,198,218,2,220,418
08/25/2003,NEW,LA,ASW,CE,Towers with Display (VFR),0,14,36,14,64,0,0,71,18,89,0,14,107,32,153,34,4,38,191
08/26/2003,NEW,LA,ASW,CE,Towers with Display (VFR),0,15,69,11,95,0,3,97,11,111,0,18,166,22,206,32,8,40,246
08/27/2003,NEW,LA,ASW,CE,Towers with Display (VFR),0,13,51,5,69,0,8,115,9,132,0,21,166,14,201,52,6,58,259
08/28/2003,NEW,LA,ASW,CE,Towers with Display (VFR),0,21,79,4,104,0,8,87,18,113,0,29,166,22,217,124,10,134,351
08/29/2003,NEW,LA,ASW,CE,Towers with Display (VFR),0,17,49,7,73,0,10,100,4,114,0,27,149,11,187,68,10,78,265
08/30/2003,NEW,LA,ASW,CE,Towers with Display (VFR),0,4,32,0,36,0,1,41,1,43,0,5,73,1,79,84,0,84,163
08/31/2003,NEW,LA,ASW,CE,Towers with Display (VFR),0,8,23,4,35,0,2,21,2,25,0,10,44,6,60,32,8,40,100
09/01/2003,NEW,LA,ASW,CE,Towers with Display (VFR),0,9,44,4,57,0,3,75,0,78,0,12,119,4,135,100,0,100,235
09/02/2003,NEW,LA,ASW,CE,Towers with Display (VFR),0,16,36,9,61,0,0,0,0,0,0,16,36,9,61,48,4,52,113
09/03/2003,NEW,LA,ASW,CE,Towers with Display (VFR),0,18,46,3,67,0,3,147,7,157,0,21,193,10,224,86,2,88,312
09/04/2003,NEW,LA,ASW,CE,Towers with Display (VFR),0,18,69,6,93,0,3,96,3,102,0,21,165,9,195,94,2,96,291
09/05/2003,NEW,LA,ASW,CE,Towers with Display (VFR),0,21,88,9,118,0,7,87,8,102,0,28,175,17,220,58,12,70,290
09/06/2003,NEW,LA,ASW,CE,Towers with Display (VFR),0,14,38,9,61,0,2,152,26,180,0,16,190,35,241,124,34,158,399
09/07/2003,NEW,LA,ASW,CE,Towers with Display (VFR),0,14,62,10,86,0,3,48,0,51,0,17,110,10,137,60,2,62,199
09/08/2003,NEW,LA,ASW,CE,Towers with Display (VFR),0,13,42,6,61,0,0,101,10,111,0,13,143,16,172,122,0,122,294
09/09/2003,NEW,LA,ASW,CE,Towers with Display (VFR),0,10,54,7,71,0,0,108,11,119,0,10,162,18,190,206,16,222,412
09/10/2003,NEW,LA,ASW,CE,Towers with Display (VFR),0,16,47,11,74,0,7,87,17,111,0,23,134,28,185,70,0,70,255
09/11/2003,NEW,LA,ASW,CE,Towers with Display (VFR),0,17,67,7,91,0,2,71,19,92,0,19,138,26,183,36,6,42,225
09/12/2003,NEW,LA,ASW,CE,Towers with Display (VFR),0,18,86,8,112,0,3,70,6,79,0,21,156,14,191,28,0,28,219
09/13/2003,NEW,LA,ASW,CE,Towers with Display (VFR),0,9,38,3,50,4,2,93,9,108,4,11,131,12,158,142,0,142,300
09/14/2003,NEW,LA,ASW,CE,Towers with Display (VFR),0,9,81,4,94,0,0,62,4,66,0,9,143,8,160,146,0,146,306
09/15/2003,NEW,LA,ASW,CE,Towers with Display (VFR),0,9,50,5,64,0,0,93,3,96,0,9,143,8,160,146,0,146,306
09/16/2003,NEW,LA,ASW,CE,Towers with Display (VFR),0,18,30,10,58,0,0,75,0,75,0,18,105,10,133,50,3,53,186
09/17/2003,NEW,LA,ASW,CE,Towers with Display (VFR),0,16,100,13,129,0,2,0,0,2,0,18,100,13,131,46,26,72,203
09/18/2003,NEW,LA,ASW,CE,Towers with Display (VFR),0,16,97,2,115,0,5,132,11,148,0,21,229,13,263,114,4,118,381
09/19/2003,NEW,LA,ASW,CE,Towers with Display (VFR),0,18,71,17,106,0,2,150,4,156,0,20,221,21,262,40,10,50,312
09/20/2003,NEW,LA,ASW,CE,Towers with Display (VFR),0,7,49,7,63,0,0,161,15,176,0,7,210,22,239,124,40,164,403
09/21/2003,NEW,LA,ASW,CE,Towers with Display (VFR),0,14,94,2,110,0,0,47,1,48,0,14,141,3,158,90,0,90,248
09/22/2003,NEW,LA,ASW,CE,Towers with Display (VFR),0,19,107,3,129,0,2,0,13,15,0,21,107,16,144,4,0,4,148
09/23/2003,NEW,LA,ASW,CE,Towers with Display (VFR),0,15,57,6,78,0,1,116,10,127,0,16,173,16,205,54,6,60,265
09/24/2003,NEW,LA,ASW,CE,Towers with Display (VFR),0,15,67,14,96,0,0,0,0,0,0,15,67,14,96,80,6,86,182
09/25/2003,NEW,LA,ASW,CE,Towers with Display (VFR),0,15,55,6,76,0,0,132,4,136,0,15,187,10,212,92,0,92,304
09/26/2003,NEW,LA,ASW,CE,Towers with Display (VFR),0,18,67,13,98,0,9,124,16,149,0,27,191,29,247,56,6,62,309
09/27/2003,NEW,LA,ASW,CE,Towers with Display (VFR),0,7,44,0,51,0,4,126,0,130,0,11,170,0,181,114,0,114,295
09/28/2003,NEW,LA,ASW,CE,Towers with Display (VFR),0,11,60,2,73,0,2,139,6,147,0,13,199,8,220,178,0,178,398
09/29/2003,NEW,LA,ASW,CE,Towers with Display (VFR),0,16,46,4,66,0,2,94,10,106,0,18,140,14,172,18,0,18,190
09/30/2003,NEW,LA,ASW,CE,Towers with Display (VFR),0,29,62,6,97,0,1,141,15,157,0,30,203,21,254,80,0,80,334
10/01/2003,NEW,LA,ASW,CE,Towers with Display (VFR),0,19,109,6,134,0,3,120,16,139,0,22,229,22,273,94,12,106,379
10/02/2003,NEW,LA,ASW,CE,Towers with Display (VFR),0,20,81,1,102,0,3,116,18,137,0,23,197,19,239,140,2,142,381
10/03/2003,NEW,LA,ASW,CE,Towers with Display (VFR),0,6,25,3,34,0,4,20,4,28,0,10,45,7,62,20,10,30,92
10/04/2003,NEW,LA,ASW,CE,Towers with Display (VFR),0,12,69,2,83,0,7,209,0,216,0,19,278,2,299,148,0,148,447
10/05/2003,NEW,LA,ASW,CE,Towers with Display (VFR),0,11,63,2,76,0,3,113,3,119,0,14,176,5,195,146,0,146,341
10/06/2003,NEW,LA,ASW,CE,Towers with Display (VFR),0,11,62,10,83,0,0,64,0,64,0,11,126,10,147,74,20,94,241
10/07/2003,NEW,LA,ASW,CE,Towers with Display (VFR),0,14,58,6,78,0,3,67,5,75,0,17,125,11,153,68,0,68,221
10/08/2003,NEW,LA,ASW,CE,Towers with Display (VFR),0,19,85,8,112,0,11,58,14,83,0,30,143,22,195,92,12,104,299
10/09/2003,NEW,LA,ASW,CE,Towers with Display (VFR),0,16,91,9,116,0,2,38,15,55,0,18,129,24,171,50,24,74,245
10/10/2003,NEW,LA,ASW,CE,Towers with Display (VFR),0,22,99,9,130,0,0,4,4,8,0,22,103,13,138,4,6,10,148
10/11/2003,NEW,LA,ASW,CE,Towers with Display (VFR),0,11,81,3,95,0,0,22,0,22,0,11,103,3,117,16,0,16,133
10/12/2003,NEW,LA,ASW,CE,Towers with Display (VFR),0,11,133,6,150,0,0,86,5,91,0,11,219,11,241,120,28,148,389
10/13/2003,NEW,LA,ASW,CE,Towers with Display (VFR),0,13,94,7,114,0,2,111,6,119,0,15,205,13,233,156,0,156,389
10/14/2003,NEW,LA,ASW,CE,Towers with Display (VFR),0,11,75,21,107,2,6,72,4,84,2,17,147,25,191,56,10,66,257
10/15/2003,NEW,LA,ASW,CE,Towers with Display (VFR),0,25,65,11,101,0,7,131,3,141,0,32,196,14,242,108,4,112,354
10/16/2003,NEW,LA,ASW,CE,Towers with Display (VFR),0,15,80,5,100,0,0,70,15,85,0,15,150,20,185,85,17,102,287
10/17/2003,NEW,LA,ASW,CE,Towers with Display (VFR),4,16,77,11,108,0,6,113,12,131,4,22,190,23,239,108,32,140,379
10/18/2003,NEW,LA,ASW,CE,Towers with Display (VFR),0,10,48,11,69,0,2,144,4,150,0,12,192,15,219,148,14,162,381
10/19/2003,NEW,LA,ASW,CE,Towers with Display (VFR),0,17,68,8,93,0,2,117,0,119,0,19,185,8,212,142,2,144,356
10/20/2003,NEW,LA,ASW,CE,Towers with Display (VFR),0,18,66,10,94,0,1,110,10,121,0,19,176,20,215,177,18,195,410
10/21/2003,NEW,LA,ASW,CE,Towers with Display (VFR),0,18,83,12,113,0,4,155,13,172,0,22,238,25,285,184,6,190,475
10/22/2003,NEW,LA,ASW,CE,Towers with Display (VFR),0,15,83,2,100,0,4,129,10,143,0,19,212,12,243,104,0,104,347
10/23/2003,NEW,LA,ASW,CE,Towers with Display (VFR),0,19,105,9,133,0,4,135,7,146,0,23,240,16,279,154,2,156,435
10/24/2003,NEW,LA,ASW,CE,Towers with Display (VFR),0,17,81,21,119,0,0,184,0,184,0,17,265,21,303,88,30,118,421
10/25/2003,NEW,LA,ASW,CE,Towers with Display (VFR),6,6,51,11,74,0,3,179,5,187,6,9,230,16,261,124,2,126,387
10/26/2003,NEW,LA,ASW,CE,Towers with Display (VFR),0,25,102,7,134,0,5,97,16,118,0,30,199,23,252,38,0,38,290
10/27/2003,NEW,LA,ASW,CE,Towers with Display (VFR),0,13,78,7,98,0,0,53,11,64,0,13,131,18,162,56,24,80,242
10/28/2003,NEW,LA,ASW,CE,Towers with Display (VFR),0,14,70,10,94,0,2,105,8,115,0,16,175,18,209,102,2,104,313
10/29/2003,NEW,LA,ASW,CE,Towers with Display (VFR),0,35,76,19,130,0,8,155,3,166,0,43,231,22,296,98,0,98,394
10/30/2003,NEW,LA,ASW,CE,Towers with Display (VFR),0,14,97,12,123,0,6,124,18,148,0,20,221,30,271,32,8,40,311
10/31/2003,NEW,LA,ASW,CE,Towers with Display (VFR),0,17,84,13,114,0,8,131,6,145,0,25,215,19,259,84,0,84,343
11/01/2003,NEW,LA,ASW,CE,Towers with Display (VFR),0,4,58,4,66,0,0,110,19,129,0,4,168,23,195,88,0,88,283
11/02/2003,NEW,LA,ASW,CE,Towers with Display (VFR),0,22,88,10,120,0,5,128,0,133,0,27,216,10,253,92,2,94,347
11/03/2003,NEW,LA,ASW,CE,Towers with Display (VFR),0,17,66,15,98,0,8,127,8,143,0,25,193,23,241,62,0,62,303
11/04/2003,NEW,LA,ASW,CE,Towers with Display (VFR),0,13,78,16,107,0,2,42,9,53,0,15,120,25,160,32,6,38,198
11/05/2003,NEW,LA,ASW,CE,Towers with Display (VFR),0,18,106,8,132,0,11,85,19,115,0,29,191,27,247,68,34,102,349
11/06/2003,NEW,LA,ASW,CE,Towers with Display (VFR),0,18,106,8,132,0,11,85,19,115,0,29,191,27,247,68,34,102,349
11/07/2003,NEW,LA,ASW,CE,Towers with Display (VFR),0,33,114,8,155,0,0,18,6,24,0,33,132,14,179,0,0,0,179
11/08/2003,NEW,LA,ASW,CE,Towers with Display (VFR),0,16,58,3,77,0,2,137,10,149,0,18,195,13,226,186,0,186,412
11/09/2003,NEW,LA,ASW,CE,Towers with Display (VFR),0,11,77,1,89,0,0,91,5,96,0,11,168,6,185,134,0,134,319
11/10/2003,NEW,LA,ASW,CE,Towers with Display (VFR),0,21,68,5,94,0,0,64,7,71,0,21,132,12,165,108,0,108,273
11/11/2003,NEW,LA,ASW,CE,Towers with Display (VFR),0,15,78,2,95,0,6,126,4,136,0,21,204,6,231,80,0,80,311
11/12/2003,NEW,LA,ASW,CE,Towers with Display (VFR),0,30,101,8,139,0,13,144,12,169,0,43,245,20,308,104,2,106,414
11/13/2003,NEW,LA,ASW,CE,Towers with Display (VFR),0,23,118,5,146,0,7,88,17,112,0,30,206,22,258,60,8,68,326
11/14/2003,NEW,LA,ASW,CE,Towers with Display (VFR),0,23,86,24,133,0,5,142,13,160,0,28,228,37,293,112,20,132,425
11/15/2003,NEW,LA,ASW,CE,Towers with Display (VFR),0,2,63,11,76,0,2,101,33,136,0,4,164,44,212,106,18,124,336
11/16/2003,NEW,LA,ASW,CE,Towers with Display (VFR),0,12,96,6,114,0,2,52,4,58,0,14,148,10,172,108,0,108,280
11/17/2003,NEW,LA,ASW,CE,Towers with Display (VFR),0,10,64,4,78,0,4,78,6,88,0,14,142,10,166,42,0,42,208
11/18/2003,NEW,LA,ASW,CE,Towers with Display (VFR),0,16,52,9,77,0,5,24,0,29,0,21,76,9,106,4,0,4,110
11/19/2003,NEW,LA,ASW,CE,Towers with Display (VFR),0,25,100,11,136,0,11,63,13,87,0,36,163,24,223,24,10,34,257
11/20/2003,NEW,LA,ASW,CE,Towers with Display (VFR),0,23,96,7,126,0,2,106,31,139,0,25,202,38,265,144,20,164,429
11/21/2003,NEW,LA,ASW,CE,Towers with Display (VFR),0,18,112,19,149,0,2,140,13,155,0,20,252,32,304,72,14,86,390
11/22/2003,NEW,LA,ASW,CE,Towers with Display (VFR),0,12,77,11,100,0,2,139,7,148,0,14,216,18,248,148,20,168,416
11/23/2003,NEW,LA,ASW,CE,Towers with Display (VFR),0,20,53,7,80,0,4,112,0,116,0,24,165,7,196,122,0,122,318
11/24/2003,NEW,LA,ASW,CE,Towers with Display (VFR),0,20,52,9,81,0,2,53,10,65,0,22,105,19,146,36,28,64,210
11/25/2003,NEW,LA,ASW,CE,Towers with Display (VFR),0,27,44,11,82,0,5,97,3,105,0,32,141,14,187,76,14,90,277
11/26/2003,NEW,LA,ASW,CE,Towers with Display (VFR),0,12,80,0,92,0,0,74,4,78,0,12,154,4,170,68,0,68,238
11/27/2003,NEW,LA,ASW,CE,Towers with Display (VFR),0,2,7,0,9,0,1,7,0,8,0,3,14,0,17,0,0,0,17
11/28/2003,NEW,LA,ASW,CE,Towers with Display (VFR),0,14,32,2,48,2,3,40,0,45,2,17,72,2,93,2,0,2,95
11/29/2003,NEW,LA,ASW,CE,Towers with Display (VFR),0,10,54,1,65,0,2,164,0,166,0,12,218,1,231,156,0,156,387
11/30/2003,NEW,LA,ASW,CE,Towers with Display (VFR),0,9,73,0,82,0,0,130,0,130,0,9,203,0,212,110,0,110,322
12/01/2003,NEW,LA,ASW,CE,Towers with Display (VFR),0,12,42,11,65,0,4,81,8,93,0,16,123,19,158,84,2,86,244
12/02/2003,NEW,LA,ASW,CE,Towers with Display (VFR),0,21,83,13,117,0,0,87,11,98,0,21,170,24,215,118,6,124,339
12/03/2003,NEW,LA,ASW,CE,Towers with Display (VFR),0,12,81,5,98,0,12,81,7,100,0,24,162,12,198,106,0,106,304
12/04/2003,NEW,LA,ASW,CE,Towers with Display (VFR),4,19,83,7,113,0,0,16,3,19,4,19,99,10,132,4,6,10,142
12/05/2003,NEW,LA,ASW,CE,Towers with Display (VFR),0,19,72,15,106,0,10,122,15,147,0,29,194,30,253,146,6,152,405
12/06/2003,NEW,LA,ASW,CE,Towers with Display (VFR),0,12,46,23,81,0,0,88,9,97,0,12,134,32,178,54,32,86,264
12/07/2003,NEW,LA,ASW,CE,Towers with Display (VFR),0,17,83,13,113,0,3,125,9,137,0,20,208,22,250,198,8,206,456
12/08/2003,NEW,LA,ASW,CE,Towers with Display (VFR),0,30,56,14,100,0,1,138,6,145,0,31,194,20,245,126,4,130,375
12/09/2003,NEW,LA,ASW,CE,Towers with Display (VFR),0,21,44,10,75,0,10,73,13,96,0,31,117,23,171,128,14,142,313
12/10/2003,NEW,LA,ASW,CE,Towers with Display (VFR),0,12,51,9,72,0,4,65,16,85,0,16,116,25,157,66,2,68,225
12/11/2003,NEW,LA,ASW,CE,Towers with Display (VFR),0,25,79,7,111,0,8,122,6,136,0,33,201,13,247,226,14,240,487
12/12/2003,NEW,LA,ASW,CE,Towers with Display (VFR),0,32,112,26,170,0,7,132,12,151,0,39,244,38,321,96,34,130,451
12/13/2003,NEW,LA,ASW,CE,Towers with Display (VFR),0,13,30,3,46,0,0,5,0,5,0,13,35,3,51,0,0,0,51
12/14/2003,NEW,LA,ASW,CE,Towers with Display (VFR),0,16,87,6,109,0,0,149,6,155,0,16,236,12,264,150,0,150,414
12/15/2003,NEW,LA,ASW,CE,Towers with Display (VFR),2,24,58,10,94,0,3,112,5,120,2,27,170,15,214,182,2,184,398
12/16/2003,NEW,LA,ASW,CE,Towers with Display (VFR),0,12,98,1,111,0,6,72,1,79,0,18,170,2,190,96,0,96,286
12/17/2003,NEW,LA,ASW,CE,Towers with Display (VFR),0,19,65,3,87,0,4,130,10,144,0,23,195,13,231,54,2,56,287
12/18/2003,NEW,LA,ASW,CE,Towers with Display (VFR),0,13,59,10,82,0,5,91,0,96,0,18,150,10,178,146,6,152,330
12/19/2003,NEW,LA,ASW,CE,Towers with Display (VFR),0,17,57,10,84,0,3,108,4,115,0,20,165,14,199,100,12,112,311
12/20/2003,NEW,LA,ASW,CE,Towers with Display (VFR),0,7,50,0,57,0,2,156,1,159,0,9,206,1,216,294,2,296,512
12/21/2003,NEW,LA,ASW,CE,Towers with Display (VFR),0,10,34,1,45,0,1,151,0,152,0,11,185,1,197,98,2,100,297
12/22/2003,NEW,LA,ASW,CE,Towers with Display (VFR),0,16,47,5,68,0,6,102,1,109,0,22,149,6,177,104,12,116,293
12/23/2003,NEW,LA,ASW,CE,Towers with Display (VFR),0,16,50,0,66,0,1,22,4,27,0,17,72,4,93,4,0,4,97
12/24/2003,NEW,LA,ASW,CE,Towers with Display (VFR),0,13,29,0,42,0,1,80,5,86,0,14,109,5,128,58,0,58,186
12/25/2003,NEW,LA,ASW,CE,Towers with Display (VFR),0,3,13,0,16,0,1,21,0,22,0,4,34,0,38,18,0,18,56
12/26/2003,NEW,LA,ASW,CE,Towers with Display (VFR),0,26,43,0,69,0,0,119,2,121,0,26,162,2,190,100,0,100,290
12/27/2003,NEW,LA,ASW,CE,Towers with Display (VFR),0,8,70,0,78,0,6,137,0,143,0,14,207,0,221,84,0,84,305
12/28/2003,NEW,LA,ASW,CE,Towers with Display (VFR),0,8,53,0,61,0,2,63,0,65,0,10,116,0,126,132,0,132,258
12/29/2003,NEW,LA,ASW,CE,Towers with Display (VFR),0,17,48,0,65,0,0,20,2,22,0,17,68,2,87,0,0,0,87
12/30/2003,NEW,LA,ASW,CE,Towers with Display (VFR),0,14,48,1,63,0,6,113,2,121,0,20,161,3,184,14,0,14,198
12/31/2003,NEW,LA,ASW,CE,Towers with Display (VFR),0,16,64,0,80,0,5,153,0,158,0,21,217,0,238,72,0,72,310
01/01/2004,NEW,LA,ASW,CE,Towers with Display (VFR),0,6,35,0,41,0,0,50,0,50,0,6,85,0,91,20,0,20,111
01/02/2004,NEW,LA,ASW,CE,Towers with Display (VFR),0,37,177,0,214,0,7,48,1,56,0,44,225,1,270,42,0,42,312
01/03/2004,NEW,LA,ASW,CE,Towers with Display (VFR),0,29,150,1,180,0,2,78,4,84,0,31,228,5,264,8,0,8,272
01/04/2004,NEW,LA,ASW,CE,Towers with Display (VFR),0,45,116,0,161,0,0,39,4,43,0,45,155,4,204,14,2,16,220
01/05/2004,NEW,LA,ASW,CE,Towers with Display (VFR),0,82,312,1,395,0,0,11,2,13,0,82,323,3,408,8,0,8,416
01/06/2004,NEW,LA,ASW,CE,Towers with Display (VFR),0,11,56,6,73,0,2,57,6,65,0,13,113,12,138,36,14,50,188
01/07/2004,NEW,LA,ASW,CE,Towers with Display (VFR),0,13,77,5,95,0,4,90,9,103,0,17,167,14,198,98,0,98,296
01/08/2004,NEW,LA,ASW,CE,Towers with Display (VFR),0,21,53,6,80,0,2,31,9,42,0,23,84,15,122,0,0,0,122
01/09/2004,NEW,LA,ASW,CE,Towers with Display (VFR),0,17,87,22,126,0,2,56,11,69,0,19,143,33,195,42,14,56,251
01/10/2004,NEW,LA,ASW,CE,Towers with Display (VFR),0,5,39,15,59,0,3,142,0,145,0,8,181,15,204,156,62,218,422
01/11/2004,NEW,LA,ASW,CE,Towers with Display (VFR),0,14,65,10,89,0,3,133,5,141,0,17,198,15,230,186,0,186,416
01/12/2004,NEW,LA,ASW,CE,Towers with Display (VFR),0,12,51,5,68,0,1,111,14,126,0,13,162,19,194,98,2,100,294
01/13/2004,NEW,LA,ASW,CE,Towers with Display (VFR),0,11,72,8,91,0,2,152,2,156,0,13,224,10,247,176,12,188,435
01/14/2004,NEW,LA,ASW,CE,Towers with Display (VFR),0,10,62,7,79,0,0,121,9,130,0,10,183,16,209,106,6,112,321
01/15/2004,NEW,LA,ASW,CE,Towers with Display (VFR),0,17,73,4,94,0,3,50,2,55,0,20,123,6,149,52,8,60,209
01/16/2004,NEW,LA,ASW,CE,Towers with Display (VFR),0,22,87,9,118,0,5,75,10,90,0,27,162,19,208,68,34,102,310
01/17/2004,NEW,LA,ASW,CE,Towers with Display (VFR),0,10,40,0,50,0,3,0,0,3,0,13,40,0,53,0,0,0,53
01/18/2004,NEW,LA,ASW,CE,Towers with Display (VFR),0,11,62,7,80,0,4,85,3,92,0,15,147,10,172,102,18,120,292
01/19/2004,NEW,LA,ASW,CE,Towers with Display (VFR),0,10,57,8,75,0,0,114,7,121,0,10,171,15,196,12,10,22,218
01/20/2004,NEW,LA,ASW,CE,Towers with Display (VFR),0,12,62,2,76,2,6,86,1,95,2,18,148,3,171,64,0,64,235
01/21/2004,NEW,LA,ASW,CE,Towers with Display (VFR),0,15,61,3,79,0,1,95,3,99,0,16,156,6,178,140,0,140,318
01/22/2004,NEW,LA,ASW,CE,Towers with Display (VFR),0,23,71,9,103,0,4,109,44,157,0,27,180,53,260,110,12,122,382
01/23/2004,NEW,LA,ASW,CE,Towers with Display (VFR),0,18,73,15,106,0,4,100,14,118,0,22,173,29,224,82,52,134,358
01/24/2004,NEW,LA,ASW,CE,Towers with Display (VFR),0,10,45,37,92,0,7,98,13,118,0,17,143,50,210,140,74,214,424
01/25/2004,NEW,LA,ASW,CE,Towers with Display (VFR),0,18,59,18,95,0,0,30,1,31,0,18,89,19,126,70,0,70,196
01/26/2004,NEW,LA,ASW,CE,Towers with Display (VFR),0,13,54,1,68,0,0,73,1,74,0,13,127,2,142,80,0,80,222
01/27/2004,NEW,LA,ASW,CE,Towers with Display (VFR),0,11,68,4,83,0,4,76,14,94,0,15,144,18,177,42,0,42,219
01/28/2004,NEW,LA,ASW,CE,Towers with Display (VFR),0,24,66,11,101,0,1,88,16,105,0,25,154,27,206,180,4,184,390
01/29/2004,NEW,LA,ASW,CE,Towers with Display (VFR),0,24,73,11,108,0,2,80,12,94,0,26,153,23,202,120,0,120,322
01/30/2004,NEW,LA,ASW,CE,Towers with Display (VFR),0,12,90,14,116,0,2,30,11,43,0,14,120,25,159,22,10,32,191
01/31/2004,NEW,LA,ASW,CE,Towers with Display (VFR),0,5,69,11,85,0,0,47,6,53,0,5,116,17,138,58,4,62,200
02/01/2004,NEW,LA,ASW,CE,Towers with Display (VFR),0,14,62,3,79,0,4,7,3,14,0,18,69,6,93,24,0,24,117
02/02/2004,NEW,LA,ASW,CE,Towers with Display (VFR),0,26,71,0,97,0,0,41,1,42,0,26,112,1,139,8,0,8,147
02/03/2004,NEW,LA,ASW,CE,Towers with Display (VFR),0,19,91,6,116,0,2,95,14,111,0,21,186,20,227,62,0,62,289
02/04/2004,NEW,LA,ASW,CE,Towers with Display (VFR),0,16,95,12,123,0,1,61,1,63,0,17,156,13,186,54,0,54,240
02/05/2004,NEW,LA,ASW,CE,Towers with Display (VFR),0,20,39,2,61,0,2,12,2,16,0,22,51,4,77,2,0,2,79
02/06/2004,NEW,LA,ASW,CE,Towers with Display (VFR),0,16,81,28,125,0,2,45,21,68,0,18,126,49,193,6,2,8,201
02/07/2004,NEW,LA,ASW,CE,Towers with Display (VFR),0,7,64,9,80,0,0,110,17,127,0,7,174,26,207,70,6,76,283
02/08/2004,NEW,LA,ASW,CE,Towers with Display (VFR),0,13,68,29,110,0,4,110,5,119,0,17,178,34,229,102,2,104,333
02/09/2004,NEW,LA,ASW,CE,Towers with Display (VFR),0,10,47,8,65,0,5,70,4,79,0,15,117,12,144,116,2,118,262
02/10/2004,NEW,LA,ASW,CE,Towers with Display (VFR),0,15,49,1,65,0,2,7,0,9,0,17,56,1,74,0,0,0,74
02/11/2004,NEW,LA,ASW,CE,Towers with Display (VFR),0,12,65,1,78,0,3,2,0,5,0,15,67,1,83,0,0,0,83
02/12/2004,NEW,LA,ASW,CE,Towers with Display (VFR),0,24,96,13,133,0,0,25,2,27,0,24,121,15,160,6,2,8,168
02/13/2004,NEW,LA,ASW,CE,Towers with Display (VFR),0,15,90,3,108,0,0,61,8,69,0,15,151,11,177,78,0,78,255
02/14/2004,NEW,LA,ASW,CE,Towers with Display (VFR),0,7,64,2,73,0,1,14,3,18,0,8,78,5,91,0,0,0,91
02/15/2004,NEW,LA,ASW,CE,Towers with Display (VFR),0,6,74,2,82,8,0,78,1,87,8,6,152,3,169,80,2,82,251
02/16/2004,NEW,LA,ASW,CE,Towers with Display (VFR),0,12,60,7,79,0,7,105,4,116,0,19,165,11,195,80,16,96,291
02/17/2004,NEW,LA,ASW,CE,Towers with Display (VFR),0,16,72,10,98,0,5,73,9,87,0,21,145,19,185,36,0,36,221
02/18/2004,NEW,LA,ASW,CE,Towers with Display (VFR),0,17,71,1,89,0,2,105,11,118,0,19,176,12,207,160,0,160,367
02/19/2004,NEW,LA,ASW,CE,Towers with Display (VFR),0,20,118,6,144,0,8,138,12,158,0,28,256,18,302,114,10,124,426
02/20/2004,NEW,LA,ASW,CE,Towers with Display (VFR),0,26,123,19,168,1,7,63,6,77,1,33,186,25,245,50,8,58,303
02/21/2004,NEW,LA,ASW,CE,Towers with Display (VFR),0,8,65,9,82,0,14,157,5,176,0,22,222,14,258,46,2,48,306
02/22/2004,NEW,LA,ASW,CE,Towers with Display (VFR),0,19,95,5,119,0,0,107,4,111,0,19,202,9,230,94,4,98,328
02/23/2004,NEW,LA,ASW,CE,Towers with Display (VFR),0,16,58,0,74,0,0,2,0,2,0,16,60,0,76,0,0,0,76
02/24/2004,NEW,LA,ASW,CE,Towers with Display (VFR),0,16,30,0,46,0,0,5,0,5,0,16,35,0,51,0,0,0,51
02/25/2004,NEW,LA,ASW,CE,Towers with Display (VFR),0,20,79,0,99,2,0,24,2,28,2,20,103,2,127,12,0,12,139
02/26/2004,NEW,LA,ASW,CE,Towers with Display (VFR),0,25,82,6,113,0,8,7,3,18,0,33,89,9,131,0,0,0,131
02/27/2004,NEW,LA,ASW,CE,Towers with Display (VFR),0,17,94,6,117,0,5,126,4,135,0,22,220,10,252,104,0,104,356
02/28/2004,NEW,LA,ASW,CE,Towers with Display (VFR),0,9,69,2,80,0,5,148,3,156,0,14,217,5,236,142,0,142,378
02/29/2004,NEW,LA,ASW,CE,Towers with Display (VFR),0,20,86,2,108,0,0,41,1,42,0,20,127,3,150,62,0,62,212
03/01/2004,NEW,LA,ASW,CE,Towers with Display (VFR),0,17,57,5,79,0,0,39,11,50,0,17,96,16,129,32,0,32,161
03/02/2004,NEW,LA,ASW,CE,Towers with Display (VFR),0,19,82,6,107,0,2,63,7,72,0,21,145,13,179,62,0,62,241
03/03/2004,NEW,LA,ASW,CE,Towers with Display (VFR),0,26,80,7,113,0,0,36,7,43,0,26,116,14,156,30,6,36,192
03/04/2004,NEW,LA,ASW,CE,Towers with Display (VFR),0,18,66,8,92,0,1,52,5,58,0,19,118,13,150,70,10,80,230
03/05/2004,NEW,LA,ASW,CE,Towers with Display (VFR),2,16,72,3,93,0,2,22,7,31,2,18,94,10,124,0,0,0,124
03/06/2004,NEW,LA,ASW,CE,Towers with Display (VFR),0,12,42,0,54,2,1,149,14,166,2,13,191,14,220,146,0,146,366
03/07/2004,NEW,LA,ASW,CE,Towers with Display (VFR),0,17,62,0,79,0,5,126,7,138,0,22,188,7,217,124,18,142,359
03/08/2004,NEW,LA,ASW,CE,Towers with Display (VFR),0,23,55,11,89,0,10,98,7,115,0,33,153,18,204,88,26,114,318
03/09/2004,NEW,LA,ASW,CE,Towers with Display (VFR),0,23,55,11,89,0,10,98,7,115,0,33,153,18,204,88,26,114,318
03/10/2004,NEW,LA,ASW,CE,Towers with Display (VFR),0,21,50,12,83,0,0,135,0,135,0,21,185,12,218,130,5,135,353
03/11/2004,NEW,LA,ASW,CE,Towers with Display (VFR),0,19,81,3,103,0,2,104,9,115,0,21,185,12,218,130,0,130,348
03/12/2004,NEW,LA,ASW,CE,Towers with Display (VFR),0,14,89,9,112,0,7,132,8,147,0,21,221,17,259,118,0,118,377
03/13/2004,NEW,LA,ASW,CE,Towers with Display (VFR),0,9,64,4,77,0,0,85,0,85,0,9,149,4,162,60,8,68,230
03/14/2004,NEW,LA,ASW,CE,Towers with Display (VFR),0,15,66,9,90,0,1,36,0,37,0,16,102,9,127,70,8,78,205
03/15/2004,NEW,LA,ASW,CE,Towers with Display (VFR),0,15,58,0,73,0,0,32,15,47,0,15,90,15,120,50,0,50,170
03/16/2004,NEW,LA,ASW,CE,Towers with Display (VFR),0,25,60,0,85,0,33,14,26,73,0,58,74,26,158,20,50,70,228
03/17/2004,NEW,LA,ASW,CE,Towers with Display (VFR),0,60,15,24,99,0,30,45,21,96,0,90,60,45,195,30,80,110,305
03/18/2004,NEW,LA,ASW,CE,Towers with Display (VFR),0,13,82,8,103,0,2,61,12,75,0,15,143,20,178,42,0,42,220
03/19/2004,NEW,LA,ASW,CE,Towers with Display (VFR),0,24,106,3,133,0,3,86,2,91,0,27,192,5,224,124,36,160,384
03/20/2004,NEW,LA,ASW,CE,Towers with Display (VFR),0,14,56,7,77,0,7,143,1,151,0,21,199,8,228,100,22,122,350
03/21/2004,NEW,LA,ASW,CE,Towers with Display (VFR),0,14,72,4,90,0,0,125,1,126,0,14,197,5,216,110,0,110,326
03/22/2004,NEW,LA,ASW,CE,Towers with Display (VFR),0,17,57,5,79,0,0,71,1,72,0,17,128,6,151,46,2,48,199
03/23/2004,NEW,LA,ASW,CE,Towers with Display (VFR),0,17,72,3,92,0,4,78,9,91,0,21,150,12,183,88,6,94,277
03/24/2004,NEW,LA,ASW,CE,Towers with Display (VFR),0,18,107,4,129,0,7,70,5,82,0,25,177,9,211,56,2,58,269
03/25/2004,NEW,LA,ASW,CE,Towers with Display (VFR),0,18,115,12,145,0,3,65,7,75,0,21,180,19,220,76,0,76,296
03/26/2004,NEW,LA,ASW,CE,Towers with Display (VFR),0,8,122,26,156,0,0,88,27,115,0,8,210,53,271,32,14,46,317
03/27/2004,NEW,LA,ASW,CE,Towers with Display (VFR),0,15,75,10,100,0,6,113,11,130,0,21,188,21,230,86,12,98,328
03/28/2004,NEW,LA,ASW,CE,Towers with Display (VFR),0,29,107,4,140,0,12,93,10,115,0,41,200,14,255,72,10,82,337
03/29/2004,NEW,LA,ASW,CE,Towers with Display (VFR),0,27,77,6,110,0,1,50,0,51,0,28,127,6,161,66,0,66,227
03/30/2004,NEW,LA,ASW,CE,Towers with Display (VFR),0,30,104,3,137,0,5,127,9,141,0,35,231,12,278,98,0,98,376
03/31/2004,NEW,LA,ASW,CE,Towers with Display (VFR),0,50,20,41,111,0,0,5,39,44,0,50,25,80,155,20,55,75,230
04/01/2004,NEW,LA,ASW,CE,Towers with Display (VFR),0,16,101,3,120,0,0,97,4,101,0,16,198,7,221,68,0,68,289
04/02/2004,NEW,LA,ASW,CE,Towers with Display (VFR),0,20,66,16,102,0,10,99,3,112,0,30,165,19,214,42,14,56,270
04/03/2004,NEW,LA,ASW,CE,Towers with Display (VFR),0,25,15,50,90,0,0,70,40,110,0,25,85,90,200,58,20,78,278
04/04/2004,NEW,LA,ASW,CE,Towers with Display (VFR),0,19,60,10,89,0,0,70,5,75,0,19,130,15,164,40,5,45,209
04/05/2004,NEW,LA,ASW,CE,Towers with Display (VFR),0,10,59,6,75,0,4,52,2,58,0,14,111,8,133,50,6,56,189
04/06/2004,NEW,LA,ASW,CE,Towers with Display (VFR),0,24,72,10,106,0,5,64,12,81,0,29,136,22,187,66,4,70,257
04/07/2004,NEW,LA,ASW,CE,Towers with Display (VFR),0,21,83,4,108,1,4,54,5,64,1,25,137,9,172,14,0,14,186
04/08/2004,NEW,LA,ASW,CE,Towers with Display (VFR),0,23,76,3,102,0,7,88,5,100,0,30,164,8,202,54,2,56,258
04/09/2004,NEW,LA,ASW,CE,Towers with Display (VFR),0,15,63,7,85,0,5,132,5,142,0,20,195,12,227,30,4,34,261
04/10/2004,NEW,LA,ASW,CE,Towers with Display (VFR),0,10,35,0,45,2,0,125,3,130,2,10,160,3,175,152,0,152,327
04/11/2004,NEW,LA,ASW,CE,Towers with Display (VFR),0,22,48,0,70,0,5,17,0,22,0,27,65,0,92,6,0,6,98
04/12/2004,NEW,LA,ASW,CE,Towers with Display (VFR),0,16,80,2,98,0,4,21,0,25,0,20,101,2,123,2,2,4,127
04/13/2004,NEW,LA,ASW,CE,Towers with Display (VFR),0,14,62,3,79,2,0,44,2,48,2,14,106,5,127,36,16,52,179
04/14/2004,NEW,LA,ASW,CE,Towers with Display (VFR),0,25,102,5,132,0,4,99,8,111,0,29,201,13,243,130,22,152,395
04/15/2004,NEW,LA,ASW,CE,Towers with Display (VFR),0,21,70,7,98,0,2,94,6,102,0,23,164,13,200,80,8,88,288
04/16/2004,NEW,LA,ASW,CE,Towers with Display (VFR),0,28,94,10,132,0,3,122,8,133,0,31,216,18,265,136,16,152,417
04/17/2004,NEW,LA,ASW,CE,Towers with Display (VFR),0,15,61,5,81,0,2,124,9,135,0,17,185,14,216,222,2,224,440
04/18/2004,NEW,LA,ASW,CE,Towers with Display (VFR),0,34,117,5,156,0,0,121,4,125,0,34,238,9,281,72,0,72,353
04/19/2004,NEW,LA,ASW,CE,Towers with Display (VFR),0,17,67,15,99,0,1,105,5,111,0,18,172,20,210,54,12,66,276
04/20/2004,NEW,LA,ASW,CE,Towers with Display (VFR),0,13,69,6,88,0,15,119,11,145,0,28,188,17,233,172,0,172,405
04/21/2004,NEW,LA,ASW,CE,Towers with Display (VFR),0,19,92,3,114,0,3,83,11,97,0,22,175,14,211,118,0,118,329
04/22/2004,NEW,LA,ASW,CE,Towers with Display (VFR),0,14,80,13,107,0,6,94,14,114,0,20,174,27,221,42,8,50,271
04/23/2004,NEW,LA,ASW,CE,Towers with Display (VFR),1,22,94,20,137,0,4,105,16,125,1,26,199,36,262,96,8,104,366
04/24/2004,NEW,LA,ASW,CE,Towers with Display (VFR),0,5,42,5,52,0,0,114,5,119,0,5,156,10,171,116,2,118,289
04/25/2004,NEW,LA,ASW,CE,Towers with Display (VFR),0,20,71,3,94,0,0,4,2,6,0,20,75,5,100,2,0,2,102
04/26/2004,NEW,LA,ASW,CE,Towers with Display (VFR),0,39,96,6,141,0,3,46,3,52,0,42,142,9,193,76,0,76,269
04/27/2004,NEW,LA,ASW,CE,Towers with Display (VFR),0,32,69,6,107,0,8,132,3,143,0,40,201,9,250,106,0,106,356
04/28/2004,NEW,LA,ASW,CE,Towers with Display (VFR),0,25,92,9,126,0,9,89,7,105,0,34,181,16,231,72,2,74,305
04/29/2004,NEW,LA,ASW,CE,Towers with Display (VFR),0,37,114,8,159,0,2,50,5,57,0,39,164,13,216,36,0,36,252
04/30/2004,NEW,LA,ASW,CE,Towers with Display (VFR),0,20,48,0,68,0,0,13,0,13,0,20,61,0,81,0,0,0,81
05/01/2004,NEW,LA,ASW,CE,Towers with Display (VFR),0,8,61,3,72,0,0,60,4,64,0,8,121,7,136,60,4,64,200
05/02/2004,NEW,LA,ASW,CE,Towers with Display (VFR),0,36,152,3,191,0,10,37,0,47,0,46,189,3,238,44,8,52,290
05/03/2004,NEW,LA,ASW,CE,Towers with Display (VFR),0,26,110,6,142,0,17,65,19,101,0,43,175,25,243,116,22,138,381
05/04/2004,NEW,LA,ASW,CE,Towers with Display (VFR),0,22,95,6,123,0,4,124,9,137,0,26,219,15,260,108,30,138,398
05/05/2004,NEW,LA,ASW,CE,Towers with Display (VFR),0,26,114,7,147,0,10,130,1,141,0,36,244,8,288,44,0,44,332
05/06/2004,NEW,LA,ASW,CE,Towers with Display (VFR),0,20,84,5,109,0,5,137,3,145,0,25,221,8,254,102,2,104,358
05/07/2004,NEW,LA,ASW,CE,Towers with Display (VFR),0,17,81,5,103,0,0,88,8,96,0,17,169,13,199,68,28,96,295
05/08/2004,NEW,LA,ASW,CE,Towers with Display (VFR),0,15,65,4,84,0,0,139,4,143,0,15,204,8,227,140,2,142,369
05/09/2004,NEW,LA,ASW,CE,Towers with Display (VFR),0,14,63,0,77,0,0,66,0,66,0,14,129,0,143,56,0,56,199
05/10/2004,NEW,LA,ASW,CE,Towers with Display (VFR),0,13,77,5,95,0,0,56,1,57,0,13,133,6,152,52,0,52,204
05/11/2004,NEW,LA,ASW,CE,Towers with Display (VFR),0,20,99,6,125,0,0,16,2,18,0,20,115,8,143,60,8,68,211
05/12/2004,NEW,LA,ASW,CE,Towers with Display (VFR),0,26,116,7,149,0,32,87,2,121,0,58,203,9,270,40,10,50,320
05/13/2004,NEW,LA,ASW,CE,Towers with Display (VFR),0,22,97,6,125,0,5,46,1,52,0,27,143,7,177,72,6,78,255
05/14/2004,NEW,LA,ASW,CE,Towers with Display (VFR),0,20,105,6,131,0,0,55,0,55,0,20,160,6,186,98,14,112,298
05/15/2004,NEW,LA,ASW,CE,Towers with Display (VFR),0,7,30,0,37,0,0,30,0,30,0,7,60,0,67,100,0,100,167
05/16/2004,NEW,LA,ASW,CE,Towers with Display (VFR),0,12,56,2,70,0,0,45,0,45,0,12,101,2,115,40,2,42,157
05/17/2004,NEW,LA,ASW,CE,Towers with Display (VFR),0,4,56,2,62,0,0,49,4,53,0,4,105,6,115,74,12,86,201
05/18/2004,NEW,LA,ASW,CE,Towers with Display (VFR),0,10,66,3,79,0,0,57,0,57,0,10,123,3,136,68,4,72,208
05/19/2004,NEW,LA,ASW,CE,Towers with Display (VFR),0,12,78,4,94,0,0,89,0,89,0,12,167,4,183,136,10,146,329
05/20/2004,NEW,LA,ASW,CE,Towers with Display (VFR),0,18,78,4,100,0,2,107,17,126,0,20,185,21,226,108,24,132,358
05/21/2004,NEW,LA,ASW,CE,Towers with Display (VFR),0,17,84,4,105,0,0,60,3,63,0,17,144,7,168,120,0,120,288
05/22/2004,NEW,LA,ASW,CE,Towers with Display (VFR),0,8,58,3,69,0,0,92,4,96,0,8,150,7,165,86,4,90,255
05/23/2004,NEW,LA,ASW,CE,Towers with Display (VFR),0,19,83,4,106,0,1,102,1,104,0,20,185,5,210,174,4,178,388
05/24/2004,NEW,LA,ASW,CE,Towers with Display (VFR),0,14,62,3,79,0,0,68,0,68,0,14,130,3,147,94,22,116,263
05/25/2004,NEW,LA,ASW,CE,Towers with Display (VFR),0,13,56,2,71,4,4,114,11,133,4,17,170,13,204,96,0,96,300
05/26/2004,NEW,LA,ASW,CE,Towers with Display (VFR),0,5,88,4,97,0,0,100,2,102,0,5,188,6,199,106,20,126,325
05/27/2004,NEW,LA,ASW,CE,Towers with Display (VFR),0,17,78,4,99,0,3,123,11,137,0,20,201,15,236,92,6,98,334
05/28/2004,NEW,LA,ASW,CE,Towers with Display (VFR),0,13,92,4,109,0,0,107,2,109,0,13,199,6,218,140,14,154,372
05/29/2004,NEW,LA,ASW,CE,Towers with Display (VFR),0,10,56,2,68,0,0,105,8,113,0,10,161,10,181,190,34,224,405
05/30/2004,NEW,LA,ASW,CE,Towers with Display (VFR),0,6,39,2,47,0,0,55,2,57,0,6,94,4,104,100,10,110,214
05/31/2004,NEW,LA,ASW,CE,Towers with Display (VFR),0,14,61,3,78,0,5,57,2,64,0,19,118,5,142,90,0,90,232
06/01/2004,NEW,LA,ASW,CE,Towers with Display (VFR),0,8,42,2,52,0,11,53,10,74,0,19,95,12,126,118,0,118,244
06/02/2004,NEW,LA,ASW,CE,Towers with Display (VFR),0,12,63,2,77,0,2,87,0,89,0,14,150,2,166,20,0,20,186
06/03/2004,NEW,LA,ASW,CE,Towers with Display (VFR),0,11,54,4,69,0,8,66,6,80,0,19,120,10,149,84,2,86,235
06/04/2004,NEW,LA,ASW,CE,Towers with Display (VFR),0,11,52,4,67,2,5,66,3,76,2,16,118,7,143,62,0,62,205
06/05/2004,NEW,LA,ASW,CE,Towers with Display (VFR),0,6,28,1,35,5,4,53,0,62,5,10,81,1,97,70,0,70,167
06/06/2004,NEW,LA,ASW,CE,Towers with Display (VFR),0,8,36,3,47,0,2,43,8,53,0,10,79,11,100,72,4,76,176
06/07/2004,NEW,LA,ASW,CE,Towers with Display (VFR),0,11,53,4,68,0,1,52,4,57,0,12,105,8,125,68,2,70,195
06/08/2004,NEW,LA,ASW,CE,Towers with Display (VFR),0,6,27,2,35,0,4,48,7,59,0,10,75,9,94,50,0,50,144
06/09/2004,NEW,LA,ASW,CE,Towers with Display (VFR),0,15,70,5,90,0,2,87,21,110,0,17,157,26,200,104,30,134,334
06/10/2004,NEW,LA,ASW,CE,Towers with Display (VFR),0,19,95,6,120,0,0,79,26,105,0,19,174,32,225,66,2,68,293
06/11/2004,NEW,LA,ASW,CE,Towers with Display (VFR),0,20,94,6,120,0,2,119,7,128,0,22,213,13,248,138,0,138,386
06/12/2004,NEW,LA,ASW,CE,Towers with Display (VFR),0,5,58,4,67,2,0,117,3,122,2,5,175,7,189,162,0,162,351
06/13/2004,NEW,LA,ASW,CE,Towers with Display (VFR),0,6,75,5,86,0,0,54,11,65,0,6,129,16,151,108,0,108,259
06/14/2004,NEW,LA,ASW,CE,Towers with Display (VFR),0,7,33,0,40,0,4,25,0,29,0,11,58,0,69,40,0,40,109
06/15/2004,NEW,LA,ASW,CE,Towers with Display (VFR),0,10,55,4,69,0,0,102,4,106,0,10,157,8,175,198,4,202,377
06/16/2004,NEW,LA,ASW,CE,Towers with Display (VFR),0,16,75,5,96,0,3,108,8,119,0,19,183,13,215,92,0,92,307
06/17/2004,NEW,LA,ASW,CE,Towers with Display (VFR),0,14,68,5,87,0,8,73,1,82,0,22,141,6,169,66,2,68,237
06/18/2004,NEW,LA,ASW,CE,Towers with Display (VFR),0,15,73,5,93,0,1,107,0,108,0,16,180,5,201,116,0,116,317
06/19/2004,NEW,LA,ASW,CE,Towers with Display (VFR),0,9,43,3,55,0,9,101,5,115,0,18,144,8,170,114,14,128,298
06/20/2004,NEW,LA,ASW,CE,Towers with Display (VFR),0,17,77,4,98,0,11,68,3,82,0,28,145,7,180,88,0,88,268
06/21/2004,NEW,LA,ASW,CE,Towers with Display (VFR),0,12,55,3,70,0,8,69,0,77,0,20,124,3,147,86,0,86,233
06/22/2004,NEW,LA,ASW,CE,Towers with Display (VFR),0,10,54,3,67,0,0,76,9,85,0,10,130,12,152,88,0,88,240
06/23/2004,NEW,LA,ASW,CE,Towers with Display (VFR),0,12,59,3,74,4,0,64,7,75,4,12,123,10,149,72,0,72,221
06/24/2004,NEW,LA,ASW,CE,Towers with Display (VFR),0,17,81,4,102,0,1,40,3,44,0,18,121,7,146,34,10,44,190
06/25/2004,NEW,LA,ASW,CE,Towers with Display (VFR),0,13,61,3,77,0,5,26,2,33,0,18,87,5,110,26,0,26,136
06/26/2004,NEW,LA,ASW,CE,Towers with Display (VFR),0,2,27,1,30,0,0,45,1,46,0,2,72,2,76,22,0,22,98
06/27/2004,NEW,LA,ASW,CE,Towers with Display (VFR),0,13,62,0,75,0,2,67,0,69,0,15,129,0,144,54,0,54,198
06/28/2004,NEW,LA,ASW,CE,Towers with Display (VFR),0,13,63,3,79,0,6,59,9,74,0,19,122,12,153,10,0,10,163
06/29/2004,NEW,LA,ASW,CE,Towers with Display (VFR),0,10,47,2,59,0,11,63,4,78,0,21,110,6,137,86,8,94,231
06/30/2004,NEW,LA,ASW,CE,Towers with Display (VFR),0,15,74,4,93,0,2,78,16,96,0,17,152,20,189,100,0,100,289
07/01/2004,NEW,LA,ASW,CE,Towers with Display (VFR),0,12,59,4,75,0,10,46,6,62,0,22,105,10,137,62,2,64,201
07/02/2004,NEW,LA,ASW,CE,Towers with Display (VFR),0,14,63,4,81,0,6,95,3,104,0,20,158,7,185,118,0,118,303
07/03/2004,NEW,LA,ASW,CE,Towers with Display (VFR),0,4,29,0,33,0,0,119,0,119,0,4,148,0,152,92,0,92,244
07/04/2004,NEW,LA,ASW,CE,Towers with Display (VFR),0,4,23,2,29,0,1,87,0,88,0,5,110,2,117,116,0,116,233
07/05/2004,NEW,LA,ASW,CE,Towers with Display (VFR),0,11,51,3,65,0,3,66,0,69,0,14,117,3,134,78,0,78,212
07/06/2004,NEW,LA,ASW,CE,Towers with Display (VFR),0,10,48,2,60,0,4,69,0,73,0,14,117,2,133,55,1,56,189
07/07/2004,NEW,LA,ASW,CE,Towers with Display (VFR),0,11,46,3,60,0,6,77,4,87,0,17,123,7,147,68,2,70,217
07/08/2004,NEW,LA,ASW,CE,Towers with Display (VFR),0,9,58,4,71,0,0,55,2,57,0,9,113,6,128,10,0,10,138
07/09/2004,NEW,LA,ASW,CE,Towers with Display (VFR),0,13,54,3,70,0,9,80,0,89,0,22,134,3,159,82,0,82,241
07/10/2004,NEW,LA,ASW,CE,Towers with Display (VFR),0,10,46,3,59,0,0,86,20,106,0,10,132,23,165,120,40,160,325
07/11/2004,NEW,LA,ASW,CE,Towers with Display (VFR),0,10,41,3,54,0,1,99,7,107,0,11,140,10,161,148,2,150,311
07/12/2004,NEW,LA,ASW,CE,Towers with Display (VFR),0,10,53,4,67,0,0,84,6,90,0,10,137,10,157,64,0,64,221
07/13/2004,NEW,LA,ASW,CE,Towers with Display (VFR),0,12,49,3,64,0,2,122,13,137,0,14,171,16,201,120,8,128,329
07/14/2004,NEW,LA,ASW,CE,Towers with Display (VFR),0,13,56,4,73,0,11,85,6,102,0,24,141,10,175,40,2,42,217
07/15/2004,NEW,LA,ASW,CE,Towers with Display (VFR),0,11,48,3,62,0,9,87,2,98,0,20,135,5,160,30,0,30,190
07/16/2004,NEW,LA,ASW,CE,Towers with Display (VFR),0,15,62,4,81,0,4,81,1,86,0,19,143,5,167,88,2,90,257
07/17/2004,NEW,LA,ASW,CE,Towers with Display (VFR),0,4,24,2,30,0,0,170,4,174,0,4,194,6,204,144,6,150,354
07/18/2004,NEW,LA,ASW,CE,Towers with Display (VFR),0,10,48,3,61,0,0,64,4,68,0,10,112,7,129,62,1,63,192
07/19/2004,NEW,LA,ASW,CE,Towers with Display (VFR),0,6,45,3,54,0,0,101,8,109,0,6,146,11,163,76,2,78,241
07/20/2004,NEW,LA,ASW,CE,Towers with Display (VFR),0,12,50,2,64,0,5,97,12,114,0,17,147,14,178,102,2,104,282
07/21/2004,NEW,LA,ASW,CE,Towers with Display (VFR),0,7,28,1,36,0,8,122,10,140,0,15,150,11,176,90,0,90,266
07/22/2004,NEW,LA,ASW,CE,Towers with Display (VFR),0,12,54,3,69,0,3,107,12,122,0,15,161,15,191,100,0,100,291
07/23/2004,NEW,LA,ASW,CE,Towers with Display (VFR),0,11,71,4,86,0,0,89,8,97,0,11,160,12,183,84,26,110,293
07/24/2004,NEW,LA,ASW,CE,Towers with Display (VFR),0,3,31,1,35,0,0,106,2,108,0,3,137,3,143,136,0,136,279
07/25/2004,NEW,LA,ASW,CE,Towers with Display (VFR),0,10,49,2,61,0,0,60,0,60,0,10,109,2,121,76,0,76,197
07/26/2004,NEW,LA,ASW,CE,Towers with Display (VFR),0,12,53,3,68,0,2,37,5,44,0,14,90,8,112,60,0,60,172
07/27/2004,NEW,LA,ASW,CE,Towers with Display (VFR),0,16,70,0,86,0,4,85,0,89,0,20,155,0,175,90,0,90,265
07/28/2004,NEW,LA,ASW,CE,Towers with Display (VFR),0,15,63,3,81,0,7,56,10,73,0,22,119,13,154,68,0,68,222
07/29/2004,NEW,LA,ASW,CE,Towers with Display (VFR),0,14,61,3,78,0,11,120,5,136,0,25,181,8,214,38,8,46,260
07/30/2004,NEW,LA,ASW,CE,Towers with Display (VFR),0,11,47,0,58,0,11,108,0,119,0,22,155,0,177,30,0,30,207
07/31/2004,NEW,LA,ASW,CE,Towers with Display (VFR),0,16,66,3,85,0,3,14,4,21,0,19,80,7,106,20,2,22,128
08/01/2004,NEW,LA,ASW,CE,Towers with Display (VFR),0,7,43,4,54,0,1,56,0,57,0,8,99,4,111,22,0,22,133
08/02/2004,NEW,LA,ASW,CE,Towers with Display (VFR),0,7,38,5,50,0,0,65,5,70,0,7,103,10,120,20,4,24,144
08/03/2004,NEW,LA,ASW,CE,Towers with Display (VFR),0,9,49,5,63,0,2,79,0,81,0,11,128,5,144,50,6,56,200
08/04/2004,NEW,LA,ASW,CE,Towers with Display (VFR),0,11,65,6,82,0,14,72,0,86,0,25,137,6,168,140,16,156,324
08/05/2004,NEW,LA,ASW,CE,Towers with Display (VFR),0,10,54,6,70,0,4,57,10,71,0,14,111,16,141,102,22,124,265
08/06/2004,NEW,LA,ASW,CE,Towers with Display (VFR),0,13,69,8,90,0,3,65,2,70,0,16,134,10,160,112,10,122,282
08/07/2004,NEW,LA,ASW,CE,Towers with Display (VFR),0,7,64,7,78,0,0,111,4,115,0,7,175,11,193,54,8,62,255
08/08/2004,NEW,LA,ASW,CE,Towers with Display (VFR),0,8,90,6,104,0,0,100,0,100,0,8,190,6,204,22,0,22,226
08/09/2004,NEW,LA,ASW,CE,Towers with Display (VFR),0,6,52,6,64,0,0,38,2,40,0,6,90,8,104,48,0,48,152
08/10/2004,NEW,LA,ASW,CE,Towers with Display (VFR),0,8,55,1,64,0,0,67,0,67,0,8,122,1,131,78,6,84,215
08/11/2004,NEW,LA,ASW,CE,Towers with Display (VFR),0,10,55,6,71,0,8,30,4,42,0,18,85,10,113,72,10,82,195
08/12/2004,NEW,LA,ASW,CE,Towers with Display (VFR),0,15,83,8,106,0,1,42,0,43,0,16,125,8,149,86,8,94,243
08/13/2004,NEW,LA,ASW,CE,Towers with Display (VFR),0,18,101,12,131,0,4,58,35,97,0,22,159,47,228,154,20,174,402
08/14/2004,NEW,LA,ASW,CE,Towers with Display (VFR),0,11,66,8,85,0,0,153,5,158,0,11,219,13,243,122,16,138,381
08/15/2004,NEW,LA,ASW,CE,Towers with Display (VFR),0,9,56,6,71,0,0,69,12,81,0,9,125,18,152,52,34,86,238
08/16/2004,NEW,LA,ASW,CE,Towers with Display (VFR),0,10,53,5,68,0,9,75,5,89,0,19,128,10,157,122,8,130,287
08/17/2004,NEW,LA,ASW,CE,Towers with Display (VFR),0,11,68,7,86,0,0,97,5,102,0,11,165,12,188,138,12,150,338
08/18/2004,NEW,LA,ASW,CE,Towers with Display (VFR),0,16,91,9,116,0,6,87,2,95,0,22,178,11,211,94,0,94,305
08/19/2004,NEW,LA,ASW,CE,Towers with Display (VFR),0,8,84,3,95,0,0,85,0,85,0,8,169,3,180,80,2,82,262
08/20/2004,NEW,LA,ASW,CE,Towers with Display (VFR),0,13,71,7,91,0,5,67,5,77,0,18,138,12,168,32,0,32,200
08/21/2004,NEW,LA,ASW,CE,Towers with Display (VFR),0,8,53,4,65,0,0,64,0,64,0,8,117,4,129,124,6,130,259
08/22/2004,NEW,LA,ASW,CE,Towers with Display (VFR),0,6,45,4,55,0,0,75,1,76,0,6,120,5,131,60,8,68,199
08/23/2004,NEW,LA,ASW,CE,Towers with Display (VFR),0,8,48,2,58,0,5,45,0,50,0,13,93,2,108,48,2,50,158
08/24/2004,NEW,LA,ASW,CE,Towers with Display (VFR),0,7,70,5,82,0,0,71,0,71,0,7,141,5,153,68,6,74,227
08/25/2004,NEW,LA,ASW,CE,Towers with Display (VFR),0,10,64,6,80,0,0,87,9,96,0,10,151,15,176,132,14,146,322
08/26/2004,NEW,LA,ASW,CE,Towers with Display (VFR),0,12,75,8,95,0,0,94,14,108,0,12,169,22,203,150,16,166,369
08/27/2004,NEW,LA,ASW,CE,Towers with Display (VFR),0,6,74,5,85,0,0,97,0,97,0,6,171,5,182,228,20,248,430
08/28/2004,NEW,LA,ASW,CE,Towers with Display (VFR),0,8,47,2,57,0,4,68,0,72,0,12,115,2,129,186,6,192,321
08/29/2004,NEW,LA,ASW,CE,Towers with Display (VFR),0,8,57,0,65,0,0,53,0,53,0,8,110,0,118,90,0,90,208
08/30/2004,NEW,LA,ASW,CE,Towers with Display (VFR),0,9,52,5,66,0,7,49,0,56,0,16,101,5,122,50,0,50,172
08/31/2004,NEW,LA,ASW,CE,Towers with Display (VFR),0,9,50,4,63,0,9,59,0,68,0,18,109,4,131,44,6,50,181
09/01/2004,NEW,LA,ASW,CE,Towers with Display (VFR),0,10,58,6,74,0,0,77,14,91,0,10,135,20,165,52,25,77,242
09/02/2004,NEW,LA,ASW,CE,Towers with Display (VFR),0,11,45,5,61,0,14,144,0,158,0,25,189,5,219,35,27,62,281
09/03/2004,NEW,LA,ASW,CE,Towers with Display (VFR),0,24,98,8,130,0,0,0,0,0,0,24,98,8,130,85,15,100,230
09/04/2004,NEW,LA,ASW,CE,Towers with Display (VFR),0,23,87,10,120,0,7,38,19,64,0,30,125,29,184,70,9,79,263
09/05/2004,NEW,LA,ASW,CE,Towers with Display (VFR),0,23,86,10,119,0,3,82,42,127,0,26,168,52,246,45,20,65,311
09/06/2004,NEW,LA,ASW,CE,Towers with Display (VFR),0,23,90,11,124,0,39,46,40,125,0,62,136,51,249,40,30,70,319
09/07/2004,NEW,LA,ASW,CE,Towers with Display (VFR),0,11,80,9,100,0,0,65,10,75,0,11,145,19,175,38,10,48,223
09/08/2004,NEW,LA,ASW,CE,Towers with Display (VFR),0,24,91,11,126,0,41,83,69,193,0,65,174,80,319,29,16,45,364
09/09/2004,NEW,LA,ASW,CE,Towers with Display (VFR),0,25,97,11,133,0,0,97,9,106,0,25,194,20,239,94,0,94,333
09/10/2004,NEW,LA,ASW,CE,Towers with Display (VFR),0,15,20,8,43,0,0,0,17,17,0,15,20,25,60,60,0,60,120
09/11/2004,NEW,LA,ASW,CE,Towers with Display (VFR),0,25,95,11,131,0,4,60,29,93,0,29,155,40,224,25,0,25,249
09/12/2004,NEW,LA,ASW,CE,Towers with Display (VFR),0,14,54,7,75,0,27,146,8,181,0,41,200,15,256,85,57,142,398
09/13/2004,NEW,LA,ASW,CE,Towers with Display (VFR),0,12,50,6,68,0,0,60,1,61,0,12,110,7,129,18,0,18,147
09/14/2004,NEW,LA,ASW,CE,Towers with Display (VFR),0,36,137,12,185,0,7,74,0,81,0,43,211,12,266,0,0,0,266
09/15/2004,NEW,LA,ASW,CE,Towers with Display (VFR),0,0,0,0,0,0,0,0,0,0,0,0,0,0,0,0,0,0,0
09/16/2004,NEW,LA,ASW,CE,Towers with Display (VFR),0,5,16,2,23,0,2,104,30,136,0,7,120,32,159,2,0,2,161
09/17/2004,NEW,LA,ASW,CE,Towers with Display (VFR),0,11,46,5,62,0,20,158,28,206,0,31,204,33,268,32,0,32,300
09/18/2004,NEW,LA,ASW,CE,Towers with Display (VFR),0,4,40,4,48,0,0,116,15,131,0,4,156,19,179,42,44,86,265
09/19/2004,NEW,LA,ASW,CE,Towers with Display (VFR),0,7,57,6,70,0,0,125,0,125,0,7,182,6,195,76,0,76,271
09/20/2004,NEW,LA,ASW,CE,Towers with Display (VFR),0,11,43,4,58,0,3,50,2,55,0,14,93,6,113,26,1,27,140
09/21/2004,NEW,LA,ASW,CE,Towers with Display (VFR),0,14,54,6,74,0,2,74,0,76,0,16,128,6,150,0,0,0,150
09/22/2004,NEW,LA,ASW,CE,Towers with Display (VFR),0,10,57,6,73,0,0,71,6,77,0,10,128,12,150,34,14,48,198
09/23/2004,NEW,LA,ASW,CE,Towers with Display (VFR),0,7,25,2,34,0,3,110,6,119,0,10,135,8,153,24,19,43,196
09/24/2004,NEW,LA,ASW,CE,Towers with Display (VFR),0,16,73,8,97,0,0,92,4,96,0,16,165,12,193,54,0,54,247
09/25/2004,NEW,LA,ASW,CE,Towers with Display (VFR),0,13,52,5,70,0,1,122,0,123,0,14,174,5,193,166,4,170,363
09/26/2004,NEW,LA,ASW,CE,Towers with Display (VFR),0,15,58,6,79,0,0,88,1,89,0,15,146,7,168,60,0,60,228
09/27/2004,NEW,LA,ASW,CE,Towers with Display (VFR),0,9,68,7,84,0,0,91,16,107,0,9,159,23,191,20,38,58,249
09/28/2004,NEW,LA,ASW,CE,Towers with Display (VFR),0,9,52,5,66,0,0,88,14,102,0,9,140,19,168,96,0,96,264
09/29/2004,NEW,LA,ASW,CE,Towers with Display (VFR),0,15,71,7,93,0,0,129,11,140,0,15,200,18,233,70,0,70,303
09/30/2004,NEW,LA,ASW,CE,Towers with Display (VFR),0,10,52,5,67,0,0,88,15,103,0,10,140,20,170,60,0,60,230
10/01/2004,NEW,LA,ASW,CE,Towers with Display (VFR),0,18,89,4,111,0,5,91,4,100,0,23,180,8,211,98,8,106,317
10/02/2004,NEW,LA,ASW,CE,Towers with Display (VFR),0,5,64,0,69,0,8,109,0,117,0,13,173,0,186,124,0,124,310
10/03/2004,NEW,LA,ASW,CE,Towers with Display (VFR),0,13,63,7,83,0,1,112,1,114,0,14,175,8,197,64,0,64,261
10/04/2004,NEW,LA,ASW,CE,Towers with Display (VFR),0,19,61,2,82,0,1,66,10,77,0,20,127,12,159,2,0,2,161
10/05/2004,NEW,LA,ASW,CE,Towers with Display (VFR),0,17,64,4,85,0,0,73,5,78,0,17,137,9,163,16,0,16,179
10/06/2004,NEW,LA,ASW,CE,Towers with Display (VFR),0,17,81,4,102,0,0,94,9,103,0,17,175,13,205,78,0,78,283
10/07/2004,NEW,LA,ASW,CE,Towers with Display (VFR),0,18,50,2,70,0,0,23,6,29,0,18,73,8,99,10,4,14,113
10/08/2004,NEW,LA,ASW,CE,Towers with Display (VFR),0,13,66,0,79,0,0,13,0,13,0,13,79,0,92,0,0,0,92
10/09/2004,NEW,LA,ASW,CE,Towers with Display (VFR),0,4,32,0,36,0,0,7,0,7,0,4,39,0,43,0,0,0,43
10/10/2004,NEW,LA,ASW,CE,Towers with Display (VFR),0,6,48,2,56,0,5,21,0,26,0,11,69,2,82,0,0,0,82
10/11/2004,NEW,LA,ASW,CE,Towers with Display (VFR),0,8,69,3,80,0,5,101,3,109,0,13,170,6,189,108,4,112,301
10/12/2004,NEW,LA,ASW,CE,Towers with Display (VFR),0,14,83,7,104,0,3,89,1,93,0,17,172,8,197,58,2,60,257
10/13/2004,NEW,LA,ASW,CE,Towers with Display (VFR),0,12,80,9,101,0,3,112,8,123,0,15,192,17,224,144,0,144,368
10/14/2004,NEW,LA,ASW,CE,Towers with Display (VFR),0,18,84,5,107,0,1,40,1,42,0,19,124,6,149,26,0,26,175
10/15/2004,NEW,LA,ASW,CE,Towers with Display (VFR),0,16,84,8,108,0,6,104,14,124,0,22,188,22,232,74,2,76,308
10/16/2004,NEW,LA,ASW,CE,Towers with Display (VFR),0,3,39,3,45,0,4,111,8,123,0,7,150,11,168,66,10,76,244
10/17/2004,NEW,LA,ASW,CE,Towers with Display (VFR),0,20,86,4,110,0,0,129,2,131,0,20,215,6,241,102,0,102,343
10/18/2004,NEW,LA,ASW,CE,Towers with Display (VFR),0,13,81,3,97,0,3,78,9,90,0,16,159,12,187,32,2,34,221
10/19/2004,NEW,LA,ASW,CE,Towers with Display (VFR),0,11,72,5,88,0,1,41,11,53,0,12,113,16,141,46,0,46,187
10/20/2004,NEW,LA,ASW,CE,Towers with Display (VFR),0,19,103,4,126,0,0,55,3,58,0,19,158,7,184,108,0,108,292
10/21/2004,NEW,LA,ASW,CE,Towers with Display (VFR),0,21,109,5,135,0,8,117,7,132,0,29,226,12,267,198,0,198,465
10/22/2004,NEW,LA,ASW,CE,Towers with Display (VFR),1,19,111,17,148,0,0,69,6,75,1,19,180,23,223,44,8,52,275
10/23/2004,NEW,LA,ASW,CE,Towers with Display (VFR),0,14,70,5,89,0,5,80,0,85,0,19,150,5,174,144,0,144,318
10/24/2004,NEW,LA,ASW,CE,Towers with Display (VFR),0,18,72,5,95,1,0,78,5,84,1,18,150,10,179,58,2,60,239
10/25/2004,NEW,LA,ASW,CE,Towers with Display (VFR),0,23,75,4,102,0,0,81,13,94,0,23,156,17,196,48,2,50,246
10/26/2004,NEW,LA,ASW,CE,Towers with Display (VFR),0,23,91,5,119,0,2,108,3,113,0,25,199,8,232,36,0,36,268
10/27/2004,NEW,LA,ASW,CE,Towers with Display (VFR),0,14,71,5,90,0,3,92,12,107,0,17,163,17,197,16,0,16,213
10/28/2004,NEW,LA,ASW,CE,Towers with Display (VFR),0,14,77,8,99,0,6,77,5,88,0,20,154,13,187,54,2,56,243
10/29/2004,NEW,LA,ASW,CE,Towers with Display (VFR),0,25,90,10,125,0,0,165,9,174,0,25,255,19,299,150,10,160,459
10/30/2004,NEW,LA,ASW,CE,Towers with Display (VFR),0,7,61,1,69,0,1,190,0,191,0,8,251,1,260,148,2,150,410
10/31/2004,NEW,LA,ASW,CE,Towers with Display (VFR),0,10,85,2,97,0,0,115,6,121,0,10,200,8,218,40,4,44,262
11/01/2004,NEW,LA,ASW,CE,Towers with Display (VFR),0,13,36,13,62,0,6,43,10,59,0,19,79,23,121,0,0,0,121
11/02/2004,NEW,LA,ASW,CE,Towers with Display (VFR),0,11,50,0,61,0,2,26,9,37,0,13,76,9,98,4,0,4,102
11/03/2004,NEW,LA,ASW,CE,Towers with Display (VFR),0,12,70,9,91,0,3,48,3,54,0,15,118,12,145,16,0,16,161
11/04/2004,NEW,LA,ASW,CE,Towers with Display (VFR),0,19,63,15,97,0,3,110,8,121,0,22,173,23,218,12,16,28,246
11/05/2004,NEW,LA,ASW,CE,Towers with Display (VFR),0,19,83,16,118,0,6,89,8,103,0,25,172,24,221,68,6,74,295
11/06/2004,NEW,LA,ASW,CE,Towers with Display (VFR),0,9,54,0,63,0,0,128,2,130,0,9,182,2,193,86,0,86,279
11/07/2004,NEW,LA,ASW,CE,Towers with Display (VFR),0,16,78,10,104,0,0,152,1,153,0,16,230,11,257,64,2,66,323
11/08/2004,NEW,LA,ASW,CE,Towers with Display (VFR),0,20,68,8,96,0,3,124,12,139,0,23,192,20,235,44,0,44,279
11/09/2004,NEW,LA,ASW,CE,Towers with Display (VFR),0,16,64,5,85,0,0,105,17,122,0,16,169,22,207,18,0,18,225
11/10/2004,NEW,LA,ASW,CE,Towers with Display (VFR),0,17,100,9,126,0,1,7,7,15,0,18,107,16,141,0,0,0,141
11/11/2004,NEW,LA,ASW,CE,Towers with Display (VFR),0,15,93,10,118,0,1,53,2,56,0,16,146,12,174,42,0,42,216
11/12/2004,NEW,LA,ASW,CE,Towers with Display (VFR),0,23,120,33,176,0,0,42,0,42,0,23,162,33,218,20,24,44,262
11/13/2004,NEW,LA,ASW,CE,Towers with Display (VFR),0,4,78,10,92,0,0,56,0,56,0,4,134,10,148,56,8,64,212
11/14/2004,NEW,LA,ASW,CE,Towers with Display (VFR),0,15,157,6,178,0,4,36,0,40,0,19,193,6,218,16,0,16,234
11/15/2004,NEW,LA,ASW,CE,Towers with Display (VFR),0,9,94,5,108,0,0,62,30,92,0,9,156,35,200,4,4,8,208
11/16/2004,NEW,LA,ASW,CE,Towers with Display (VFR),0,26,76,9,111,0,1,105,11,117,0,27,181,20,228,100,0,100,328
11/17/2004,NEW,LA,ASW,CE,Towers with Display (VFR),0,19,113,3,135,0,3,71,3,77,0,22,184,6,212,42,0,42,254
11/18/2004,NEW,LA,ASW,CE,Towers with Display (VFR),0,16,103,3,122,0,0,49,7,56,0,16,152,10,178,16,0,16,194
11/19/2004,NEW,LA,ASW,CE,Towers with Display (VFR),0,20,78,13,111,0,0,53,3,56,0,20,131,16,167,16,0,16,183
11/20/2004,NEW,LA,ASW,CE,Towers with Display (VFR),0,12,38,1,51,0,0,7,0,7,0,12,45,1,58,4,0,4,62
11/21/2004,NEW,LA,ASW,CE,Towers with Display (VFR),0,18,77,1,96,0,0,56,1,57,0,18,133,2,153,138,0,138,291
11/22/2004,NEW,LA,ASW,CE,Towers with Display (VFR),0,11,38,4,53,0,0,33,3,36,0,11,71,7,89,2,0,2,91
11/23/2004,NEW,LA,ASW,CE,Towers with Display (VFR),0,22,73,10,105,0,0,80,0,80,0,22,153,10,185,24,0,24,209
11/24/2004,NEW,LA,ASW,CE,Towers with Display (VFR),0,13,55,0,68,0,3,57,5,65,0,16,112,5,133,6,2,8,141
11/25/2004,NEW,LA,ASW,CE,Towers with Display (VFR),0,2,16,0,18,0,0,34,1,35,0,2,50,1,53,0,0,0,53
11/26/2004,NEW,LA,ASW,CE,Towers with Display (VFR),0,10,60,0,70,0,2,115,0,117,0,12,175,0,187,54,2,56,243
11/27/2004,NEW,LA,ASW,CE,Towers with Display (VFR),0,14,30,0,44,0,0,44,0,44,0,14,74,0,88,48,0,48,136
11/28/2004,NEW,LA,ASW,CE,Towers with Display (VFR),0,9,63,2,74,0,1,80,2,83,0,10,143,4,157,72,0,72,229
11/29/2004,NEW,LA,ASW,CE,Towers with Display (VFR),0,14,62,7,83,0,3,49,14,66,0,17,111,21,149,10,0,10,159
11/30/2004,NEW,LA,ASW,CE,Towers with Display (VFR),0,12,46,3,61,0,3,23,1,27,0,15,69,4,88,0,0,0,88
12/01/2004,NEW,LA,ASW,CE,Towers with Display (VFR),0,14,92,3,109,0,1,49,6,56,0,15,141,9,165,16,0,16,181
12/02/2004,NEW,LA,ASW,CE,Towers with Display (VFR),0,19,119,7,145,0,7,77,12,96,0,26,196,19,241,78,0,78,319
12/03/2004,NEW,LA,ASW,CE,Towers with Display (VFR),0,14,102,10,126,0,11,138,12,161,0,25,240,22,287,122,6,128,415
12/04/2004,NEW,LA,ASW,CE,Towers with Display (VFR),0,11,70,4,85,0,0,82,14,96,0,11,152,18,181,80,0,80,261
12/05/2004,NEW,LA,ASW,CE,Towers with Display (VFR),0,14,80,4,98,0,0,19,52,71,0,14,99,56,169,60,0,60,229
12/06/2004,NEW,LA,ASW,CE,Towers with Display (VFR),0,16,67,10,93,0,0,23,24,47,0,16,90,34,140,82,2,84,224
12/07/2004,NEW,LA,ASW,CE,Towers with Display (VFR),0,16,76,2,94,0,4,64,21,89,0,20,140,23,183,70,0,70,253
12/08/2004,NEW,LA,ASW,CE,Towers with Display (VFR),0,17,82,5,104,0,9,45,14,68,0,26,127,19,172,66,12,78,250
12/09/2004,NEW,LA,ASW,CE,Towers with Display (VFR),0,18,67,9,94,0,3,79,63,145,0,21,146,72,239,46,8,54,293
12/10/2004,NEW,LA,ASW,CE,Towers with Display (VFR),0,11,71,22,104,0,2,99,29,130,0,13,170,51,234,38,0,38,272
12/11/2004,NEW,LA,ASW,CE,Towers with Display (VFR),0,5,42,2,49,0,0,101,38,139,0,5,143,40,188,112,0,112,300
12/12/2004,NEW,LA,ASW,CE,Towers with Display (VFR),0,12,60,21,93,0,4,120,4,128,0,16,180,25,221,332,0,332,553
12/13/2004,NEW,LA,ASW,CE,Towers with Display (VFR),0,9,66,8,83,0,5,99,34,138,0,14,165,42,221,102,0,102,323
12/14/2004,NEW,LA,ASW,CE,Towers with Display (VFR),0,16,75,5,96,0,8,82,11,101,0,24,157,16,197,22,6,28,225
12/15/2004,NEW,LA,ASW,CE,Towers with Display (VFR),0,18,73,4,95,0,5,82,7,94,0,23,155,11,189,78,0,78,267
12/16/2004,NEW,LA,ASW,CE,Towers with Display (VFR),0,13,64,10,87,0,2,62,2,66,0,15,126,12,153,24,0,24,177
12/17/2004,NEW,LA,ASW,CE,Towers with Display (VFR),0,14,45,19,78,0,2,106,8,116,0,16,151,27,194,70,20,90,284
12/18/2004,NEW,LA,ASW,CE,Towers with Display (VFR),0,7,37,10,54,0,0,133,0,133,0,7,170,10,187,170,0,170,357
12/19/2004,NEW,LA,ASW,CE,Towers with Display (VFR),0,5,40,5,50,0,0,69,0,69,0,5,109,5,119,120,0,120,239
12/20/2004,NEW,LA,ASW,CE,Towers with Display (VFR),0,12,30,6,48,0,3,105,9,117,0,15,135,15,165,102,0,102,267
12/21/2004,NEW,LA,ASW,CE,Towers with Display (VFR),0,15,64,2,81,0,5,113,2,120,0,20,177,4,201,30,0,30,231
12/22/2004,NEW,LA,ASW,CE,Towers with Display (VFR),0,11,29,4,44,0,1,31,5,37,0,12,60,9,81,26,10,36,117
12/23/2004,NEW,LA,ASW,CE,Towers with Display (VFR),0,16,39,1,56,0,4,42,3,49,0,20,81,4,105,6,0,6,111
12/24/2004,NEW,LA,ASW,CE,Towers with Display (VFR),0,10,25,0,35,0,3,24,2,29,0,13,49,2,64,2,0,2,66
12/25/2004,NEW,LA,ASW,CE,Towers with Display (VFR),0,1,10,0,11,0,0,0,0,0,0,1,10,0,11,0,0,0,11
12/26/2004,NEW,LA,ASW,CE,Towers with Display (VFR),0,5,64,0,69,0,0,103,0,103,0,5,167,0,172,66,0,66,238
12/27/2004,NEW,LA,ASW,CE,Towers with Display (VFR),0,12,50,0,62,0,4,110,4,118,0,16,160,4,180,92,0,92,272
12/28/2004,NEW,LA,ASW,CE,Towers with Display (VFR),0,16,47,0,63,0,4,93,5,102,0,20,140,5,165,94,16,110,275
12/29/2004,NEW,LA,ASW,CE,Towers with Display (VFR),0,18,77,0,95,0,0,97,1,98,0,18,174,1,193,72,0,72,265
12/30/2004,NEW,LA,ASW,CE,Towers with Display (VFR),0,20,89,4,113,0,6,81,7,94,0,26,170,11,207,68,2,70,277
12/31/2004,NEW,LA,ASW,CE,Towers with Display (VFR),0,18,83,0,101,0,2,92,0,94,0,20,175,0,195,86,0,86,281
01/01/2005,NEW,LA,ASW,CE,Towers with Display (VFR),0,8,62,0,70,0,0,13,0,13,0,8,75,0,83,0,0,0,83
01/02/2005,NEW,LA,ASW,CE,Towers with Display (VFR),0,12,141,0,153,0,0,63,1,64,0,12,204,1,217,44,0,44,261
01/03/2005,NEW,LA,ASW,CE,Towers with Display (VFR),0,31,141,17,189,0,0,68,6,74,0,31,209,23,263,82,2,84,347
01/04/2005,NEW,LA,ASW,CE,Towers with Display (VFR),0,24,215,2,241,0,5,54,3,62,0,29,269,5,303,58,0,58,361
01/05/2005,NEW,LA,ASW,CE,Towers with Display (VFR),0,17,64,11,92,0,0,20,5,25,0,17,84,16,117,54,10,64,181
01/06/2005,NEW,LA,ASW,CE,Towers with Display (VFR),0,15,46,17,78,0,0,63,2,65,0,15,109,19,143,34,6,40,183
01/07/2005,NEW,LA,ASW,CE,Towers with Display (VFR),0,13,62,32,107,0,4,57,15,76,0,17,119,47,183,86,32,118,301
01/08/2005,NEW,LA,ASW,CE,Towers with Display (VFR),0,6,68,6,80,0,0,0,0,0,0,6,68,6,80,0,0,0,80
01/09/2005,NEW,LA,ASW,CE,Towers with Display (VFR),0,10,47,5,62,0,0,0,0,0,0,10,47,5,62,0,0,0,62
01/10/2005,NEW,LA,ASW,CE,Towers with Display (VFR),0,7,45,5,57,0,0,16,0,16,0,7,61,5,73,28,10,38,111
01/11/2005,NEW,LA,ASW,CE,Towers with Display (VFR),0,11,57,1,69,0,4,57,6,67,0,15,114,7,136,94,0,94,230
01/12/2005,NEW,LA,ASW,CE,Towers with Display (VFR),0,14,64,6,84,0,3,94,0,97,0,17,158,6,181,52,0,52,233
01/13/2005,NEW,LA,ASW,CE,Towers with Display (VFR),1,12,51,0,64,0,0,21,0,21,1,12,72,0,85,0,0,0,85
01/14/2005,NEW,LA,ASW,CE,Towers with Display (VFR),0,17,89,7,113,0,2,72,13,87,0,19,161,20,200,84,0,84,284
01/15/2005,NEW,LA,ASW,CE,Towers with Display (VFR),0,8,60,14,82,0,0,114,11,125,0,8,174,25,207,140,12,152,359
01/16/2005,NEW,LA,ASW,CE,Towers with Display (VFR),0,11,52,4,67,0,0,97,11,108,0,11,149,15,175,90,6,96,271
01/17/2005,NEW,LA,ASW,CE,Towers with Display (VFR),0,7,38,30,75,0,1,85,9,95,0,8,123,39,170,100,0,100,270
01/18/2005,NEW,LA,ASW,CE,Towers with Display (VFR),0,13,69,11,93,0,1,63,4,68,0,14,132,15,161,114,0,114,275
01/19/2005,NEW,LA,ASW,CE,Towers with Display (VFR),0,11,62,4,77,0,0,82,0,82,0,11,144,4,159,60,0,60,219
01/20/2005,NEW,LA,ASW,CE,Towers with Display (VFR),0,9,77,7,93,0,2,68,3,73,0,11,145,10,166,66,0,66,232
01/21/2005,NEW,LA,ASW,CE,Towers with Display (VFR),0,11,113,8,132,2,0,74,10,86,2,11,187,18,218,78,0,78,296
01/22/2005,NEW,LA,ASW,CE,Towers with Display (VFR),0,9,53,14,76,0,0,48,0,48,0,9,101,14,124,52,6,58,182
01/23/2005,NEW,LA,ASW,CE,Towers with Display (VFR),0,7,81,5,93,0,0,79,0,79,0,7,160,5,172,24,0,24,196
01/24/2005,NEW,LA,ASW,CE,Towers with Display (VFR),0,12,55,2,69,0,1,73,1,75,0,13,128,3,144,70,0,70,214
01/25/2005,NEW,LA,ASW,CE,Towers with Display (VFR),0,15,62,5,82,0,2,74,2,78,0,17,136,7,160,46,0,46,206
01/26/2005,NEW,LA,ASW,CE,Towers with Display (VFR),0,12,81,5,98,0,1,80,12,93,0,13,161,17,191,20,2,22,213
01/27/2005,NEW,LA,ASW,CE,Towers with Display (VFR),0,21,108,4,133,0,2,57,4,63,0,23,165,8,196,42,0,42,238
01/28/2005,NEW,LA,ASW,CE,Towers with Display (VFR),0,33,129,4,166,0,4,17,0,21,0,37,146,4,187,2,0,2,189
01/29/2005,NEW,LA,ASW,CE,Towers with Display (VFR),0,13,84,0,97,0,0,10,0,10,0,13,94,0,107,14,0,14,121
01/30/2005,NEW,LA,ASW,CE,Towers with Display (VFR),0,12,106,0,118,0,0,26,1,27,0,12,132,1,145,170,0,170,315
01/31/2005,NEW,LA,ASW,CE,Towers with Display (VFR),0,29,122,0,151,0,0,5,4,9,0,29,127,4,160,0,0,0,160
02/01/2005,NEW,LA,ASW,CE,Towers with Display (VFR),0,20,87,5,112,0,0,11,3,14,0,20,98,8,126,0,0,0,126
02/02/2005,NEW,LA,ASW,CE,Towers with Display (VFR),0,8,62,2,72,0,0,0,0,0,0,8,62,2,72,0,0,0,72
02/03/2005,NEW,LA,ASW,CE,Towers with Display (VFR),0,24,80,1,105,0,5,47,0,52,0,29,127,1,157,62,0,62,219
02/04/2005,NEW,LA,ASW,CE,Towers with Display (VFR),0,23,128,7,158,0,9,129,17,155,0,32,257,24,313,82,10,92,405
02/05/2005,NEW,LA,ASW,CE,Towers with Display (VFR),0,19,74,1,94,0,0,108,0,108,0,19,182,1,202,96,0,96,298
02/06/2005,NEW,LA,ASW,CE,Towers with Display (VFR),0,15,96,2,113,0,0,92,4,96,0,15,188,6,209,100,0,100,309
02/07/2005,NEW,LA,ASW,CE,Towers with Display (VFR),0,25,76,7,108,0,1,53,1,55,0,26,129,8,163,26,0,26,189
02/08/2005,NEW,LA,ASW,CE,Towers with Display (VFR),0,12,48,1,61,0,0,1,0,1,0,12,49,1,62,0,0,0,62
02/09/2005,NEW,LA,ASW,CE,Towers with Display (VFR),0,22,76,0,98,0,0,31,6,37,0,22,107,6,135,10,0,10,145
02/10/2005,NEW,LA,ASW,CE,Towers with Display (VFR),0,19,49,12,80,0,5,133,11,149,0,24,182,23,229,50,12,62,291
02/11/2005,NEW,LA,ASW,CE,Towers with Display (VFR),0,20,78,4,102,0,3,170,1,174,0,23,248,5,276,134,0,134,410
02/12/2005,NEW,LA,ASW,CE,Towers with Display (VFR),0,7,76,2,85,0,0,146,7,153,0,7,222,9,238,184,0,184,422
02/13/2005,NEW,LA,ASW,CE,Towers with Display (VFR),0,24,85,9,118,0,2,53,1,56,0,26,138,10,174,44,0,44,218
02/14/2005,NEW,LA,ASW,CE,Towers with Display (VFR),0,14,75,12,101,0,2,105,5,112,0,16,180,17,213,44,0,44,257
02/15/2005,NEW,LA,ASW,CE,Towers with Display (VFR),0,12,74,3,89,0,0,54,1,55,0,12,128,4,144,52,0,52,196
02/16/2005,NEW,LA,ASW,CE,Towers with Display (VFR),0,13,93,6,112,0,0,69,0,69,0,13,162,6,181,104,0,104,285
02/17/2005,NEW,LA,ASW,CE,Towers with Display (VFR),0,16,105,5,126,0,2,93,15,110,0,18,198,20,236,96,4,100,336
02/18/2005,NEW,LA,ASW,CE,Towers with Display (VFR),0,21,89,12,122,0,2,114,16,132,0,23,203,28,254,114,16,130,384
02/19/2005,NEW,LA,ASW,CE,Towers with Display (VFR),0,19,71,1,91,0,0,154,3,157,0,19,225,4,248,100,0,100,348
02/20/2005,NEW,LA,ASW,CE,Towers with Display (VFR),0,7,88,4,99,0,2,85,2,89,0,9,173,6,188,116,0,116,304
02/21/2005,NEW,LA,ASW,CE,Towers with Display (VFR),0,15,87,4,106,0,2,49,3,54,0,17,136,7,160,38,0,38,198
02/22/2005,NEW,LA,ASW,CE,Towers with Display (VFR),0,28,86,10,124,0,11,78,14,103,0,39,164,24,227,102,10,112,339
02/23/2005,NEW,LA,ASW,CE,Towers with Display (VFR),0,14,61,4,79,0,0,12,0,12,0,14,73,4,91,40,0,40,131
02/24/2005,NEW,LA,ASW,CE,Towers with Display (VFR),0,17,76,15,108,0,0,36,1,37,0,17,112,16,145,42,16,58,203
02/25/2005,NEW,LA,ASW,CE,Towers with Display (VFR),0,24,86,9,119,0,3,96,28,127,0,27,182,37,246,170,0,170,416
02/26/2005,NEW,LA,ASW,CE,Towers with Display (VFR),0,5,73,5,83,0,0,93,2,95,0,5,166,7,178,180,0,180,358
02/27/2005,NEW,LA,ASW,CE,Towers with Display (VFR),0,23,97,3,123,0,0,25,0,25,0,23,122,3,148,68,2,70,218
02/28/2005,NEW,LA,ASW,CE,Towers with Display (VFR),0,16,59,9,84,0,1,93,14,108,0,17,152,23,192,74,6,80,272
03/01/2005,NEW,LA,ASW,CE,Towers with Display (VFR),0,20,60,4,84,0,3,102,8,113,0,23,162,12,197,78,4,82,279
03/02/2005,NEW,LA,ASW,CE,Towers with Display (VFR),0,19,73,7,99,0,0,95,10,105,0,19,168,17,204,146,0,146,350
03/03/2005,NEW,LA,ASW,CE,Towers with Display (VFR),0,14,96,16,126,0,0,51,7,58,0,14,147,23,184,46,10,56,240
03/04/2005,NEW,LA,ASW,CE,Towers with Display (VFR),0,17,101,25,143,0,0,111,24,135,0,17,212,49,278,86,8,94,372
03/05/2005,NEW,LA,ASW,CE,Towers with Display (VFR),0,9,86,6,101,0,0,178,10,188,0,9,264,16,289,216,2,218,507
03/06/2005,NEW,LA,ASW,CE,Towers with Display (VFR),0,19,88,12,119,0,0,110,0,110,0,19,198,12,229,186,18,204,433
03/07/2005,NEW,LA,ASW,CE,Towers with Display (VFR),0,9,70,3,82,0,1,37,2,40,0,10,107,5,122,4,0,4,126
03/08/2005,NEW,LA,ASW,CE,Towers with Display (VFR),0,19,62,9,90,0,4,81,7,92,0,23,143,16,182,112,0,112,294
03/09/2005,NEW,LA,ASW,CE,Towers with Display (VFR),0,13,76,6,95,0,2,74,12,88,0,15,150,18,183,68,4,72,255
03/10/2005,NEW,LA,ASW,CE,Towers with Display (VFR),0,16,86,4,106,0,0,108,17,125,0,16,194,21,231,176,0,176,407
03/11/2005,NEW,LA,ASW,CE,Towers with Display (VFR),0,30,82,21,133,1,0,162,11,174,1,30,244,32,307,204,2,206,513
03/12/2005,NEW,LA,ASW,CE,Towers with Display (VFR),0,7,79,3,89,0,0,110,3,113,0,7,189,6,202,122,10,132,334
03/13/2005,NEW,LA,ASW,CE,Towers with Display (VFR),0,11,126,9,146,0,5,106,0,111,0,16,232,9,257,36,0,36,293
03/14/2005,NEW,LA,ASW,CE,Towers with Display (VFR),0,31,72,13,116,0,0,37,9,46,0,31,109,22,162,14,4,18,180
03/15/2005,NEW,LA,ASW,CE,Towers with Display (VFR),0,18,100,5,123,0,2,27,2,31,0,20,127,7,154,34,0,34,188
03/16/2005,NEW,LA,ASW,CE,Towers with Display (VFR),0,16,125,7,148,0,0,12,2,14,0,16,137,9,162,0,4,4,166
03/17/2005,NEW,LA,ASW,CE,Towers with Display (VFR),0,22,94,10,126,0,6,54,5,65,0,28,148,15,191,14,0,14,205
03/18/2005,NEW,LA,ASW,CE,Towers with Display (VFR),0,18,105,13,136,0,0,117,12,129,0,18,222,25,265,150,24,174,439
03/19/2005,NEW,LA,ASW,CE,Towers with Display (VFR),0,13,55,14,82,0,2,116,13,131,0,15,171,27,213,122,6,128,341
03/20/2005,NEW,LA,ASW,CE,Towers with Display (VFR),0,13,69,5,87,0,3,39,4,46,0,16,108,9,133,90,2,92,225
03/21/2005,NEW,LA,ASW,CE,Towers with Display (VFR),0,16,65,6,87,0,0,33,13,46,0,16,98,19,133,40,12,52,185
03/22/2005,NEW,LA,ASW,CE,Towers with Display (VFR),0,12,52,13,77,0,0,52,8,60,0,12,104,21,137,80,4,84,221
03/23/2005,NEW,LA,ASW,CE,Towers with Display (VFR),0,17,71,6,94,0,6,94,18,118,0,23,165,24,212,90,10,100,312
03/24/2005,NEW,LA,ASW,CE,Towers with Display (VFR),0,14,78,2,94,0,0,89,12,101,0,14,167,14,195,78,0,78,273
03/25/2005,NEW,LA,ASW,CE,Towers with Display (VFR),0,14,56,1,71,0,0,99,1,100,0,14,155,2,171,86,14,100,271
03/26/2005,NEW,LA,ASW,CE,Towers with Display (VFR),0,5,30,1,36,0,0,0,0,0,0,5,30,1,36,0,0,0,36
03/27/2005,NEW,LA,ASW,CE,Towers with Display (VFR),0,14,41,1,56,0,3,27,0,30,0,17,68,1,86,0,0,0,86
03/28/2005,NEW,LA,ASW,CE,Towers with Display (VFR),0,15,84,4,103,0,0,80,7,87,0,15,164,11,190,46,0,46,236
03/29/2005,NEW,LA,ASW,CE,Towers with Display (VFR),0,11,78,12,101,0,3,32,3,38,0,14,110,15,139,38,0,38,177
03/30/2005,NEW,LA,ASW,CE,Towers with Display (VFR),0,10,81,7,98,0,0,55,12,67,0,10,136,19,165,72,10,82,247
03/31/2005,NEW,LA,ASW,CE,Towers with Display (VFR),0,20,108,5,133,0,3,10,6,19,0,23,118,11,152,24,0,24,176
04/01/2005,NEW,LA,ASW,CE,Towers with Display (VFR),0,19,94,16,129,0,1,68,6,75,0,20,162,22,204,112,6,118,322
04/02/2005,NEW,LA,ASW,CE,Towers with Display (VFR),0,12,51,6,69,0,0,122,8,130,0,12,173,14,199,80,0,80,279
04/03/2005,NEW,LA,ASW,CE,Towers with Display (VFR),0,26,82,2,110,0,0,152,6,158,0,26,234,8,268,90,0,90,358
04/04/2005,NEW,LA,ASW,CE,Towers with Display (VFR),0,29,76,15,120,0,2,110,16,128,0,31,186,31,248,102,8,110,358
04/05/2005,NEW,LA,ASW,CE,Towers with Display (VFR),0,21,71,18,110,0,0,82,11,93,0,21,153,29,203,66,0,66,269
04/06/2005,NEW,LA,ASW,CE,Towers with Display (VFR),0,16,60,1,77,0,0,11,0,11,0,16,71,1,88,0,0,0,88
04/07/2005,NEW,LA,ASW,CE,Towers with Display (VFR),0,17,106,10,133,0,1,101,10,112,0,18,207,20,245,80,26,106,351
04/08/2005,NEW,LA,ASW,CE,Towers with Display (VFR),0,20,80,12,112,0,6,116,18,140,0,26,196,30,252,122,6,128,380
04/09/2005,NEW,LA,ASW,CE,Towers with Display (VFR),2,6,50,0,58,0,0,145,6,151,2,6,195,6,209,122,0,122,331
04/10/2005,NEW,LA,ASW,CE,Towers with Display (VFR),0,8,97,7,112,0,5,64,7,76,0,13,161,14,188,42,0,42,230
04/11/2005,NEW,LA,ASW,CE,Towers with Display (VFR),0,15,50,10,75,0,9,44,15,68,0,24,94,25,143,14,0,14,157
04/12/2005,NEW,LA,ASW,CE,Towers with Display (VFR),0,12,89,14,115,0,0,96,11,107,0,12,185,25,222,38,0,38,260
04/13/2005,NEW,LA,ASW,CE,Towers with Display (VFR),0,17,86,15,118,0,2,93,4,99,0,19,179,19,217,70,0,70,287
04/14/2005,NEW,LA,ASW,CE,Towers with Display (VFR),0,19,105,11,135,0,0,127,21,148,0,19,232,32,283,90,36,126,409
04/15/2005,NEW,LA,ASW,CE,Towers with Display (VFR),0,20,107,37,164,0,7,145,30,182,0,27,252,67,346,160,40,200,546
04/16/2005,NEW,LA,ASW,CE,Towers with Display (VFR),0,11,58,11,80,0,0,103,21,124,0,11,161,32,204,178,20,198,402
04/17/2005,NEW,LA,ASW,CE,Towers with Display (VFR),0,14,88,12,114,0,0,117,9,126,0,14,205,21,240,102,8,110,350
04/18/2005,NEW,LA,ASW,CE,Towers with Display (VFR),0,9,76,12,97,0,6,112,9,127,0,15,188,21,224,158,0,158,382
04/19/2005,NEW,LA,ASW,CE,Towers with Display (VFR),0,17,97,11,125,0,0,80,12,92,0,17,177,23,217,120,0,120,337
04/20/2005,NEW,LA,ASW,CE,Towers with Display (VFR),0,22,106,7,135,0,0,72,13,85,0,22,178,20,220,156,2,158,378
04/21/2005,NEW,LA,ASW,CE,Towers with Display (VFR),0,19,119,23,161,0,1,114,29,144,0,20,233,52,305,126,30,156,461
04/22/2005,NEW,LA,ASW,CE,Towers with Display (VFR),0,19,89,24,132,0,13,111,13,137,0,32,200,37,269,100,30,130,399
04/23/2005,NEW,LA,ASW,CE,Towers with Display (VFR),0,12,64,10,86,0,0,79,18,97,0,12,143,28,183,114,10,124,307
04/24/2005,NEW,LA,ASW,CE,Towers with Display (VFR),0,21,102,7,130,0,2,135,5,142,0,23,237,12,272,106,0,106,378
04/25/2005,NEW,LA,ASW,CE,Towers with Display (VFR),0,26,82,11,119,0,8,40,4,52,0,34,122,15,171,88,0,88,259
04/26/2005,NEW,LA,ASW,CE,Towers with Display (VFR),0,28,67,7,102,0,0,49,12,61,0,28,116,19,163,48,0,48,211
04/27/2005,NEW,LA,ASW,CE,Towers with Display (VFR),0,28,72,9,109,0,0,76,14,90,0,28,148,23,199,110,6,116,315
04/28/2005,NEW,LA,ASW,CE,Towers with Display (VFR),0,22,120,9,151,0,9,111,9,129,0,31,231,18,280,64,4,68,348
04/29/2005,NEW,LA,ASW,CE,Towers with Display (VFR),0,34,119,10,163,0,7,79,2,88,0,41,198,12,251,102,2,104,355
04/30/2005,NEW,LA,ASW,CE,Towers with Display (VFR),0,21,54,1,76,0,0,26,2,28,0,21,80,3,104,20,0,20,124
05/01/2005,NEW,LA,ASW,CE,Towers with Radar,0,40,129,3,172,0,0,97,2,99,0,40,226,5,271,38,0,38,309
05/02/2005,NEW,LA,ASW,CE,Towers with Radar,0,24,107,13,144,0,0,103,17,120,0,24,210,30,264,90,0,90,354
05/03/2005,NEW,LA,ASW,CE,Towers with Radar,0,18,72,13,103,0,2,85,16,103,0,20,157,29,206,96,2,98,304
05/04/2005,NEW,LA,ASW,CE,Towers with Radar,0,11,71,4,86,0,1,85,20,106,0,12,156,24,192,52,2,54,246
05/05/2005,NEW,LA,ASW,CE,Towers with Radar,0,20,71,15,106,0,2,114,33,149,0,22,185,48,255,36,0,36,291
05/06/2005,NEW,LA,ASW,CE,Towers with Radar,0,25,80,27,132,0,3,129,19,151,0,28,209,46,283,160,62,222,505
05/07/2005,NEW,LA,ASW,CE,Towers with Radar,0,6,67,12,85,0,5,121,5,131,0,11,188,17,216,56,10,66,282
05/08/2005,NEW,LA,ASW,CE,Towers with Radar,0,16,62,1,79,0,0,91,1,92,0,16,153,2,171,50,0,50,221
05/09/2005,NEW,LA,ASW,CE,Towers with Radar,0,16,51,7,74,0,0,58,13,71,0,16,109,20,145,184,0,184,329
05/10/2005,NEW,LA,ASW,CE,Towers with Radar,0,14,58,15,87,0,3,67,8,78,0,17,125,23,165,126,6,132,297
05/11/2005,NEW,LA,ASW,CE,Towers with Radar,0,12,75,9,96,1,0,95,10,106,1,12,170,19,202,108,8,116,318
05/12/2005,NEW,LA,ASW,CE,Towers with Radar,0,12,73,7,92,0,5,102,20,127,0,17,175,27,219,164,38,202,421
05/13/2005,NEW,LA,ASW,CE,Towers with Radar,0,14,81,15,110,2,6,90,25,123,2,20,171,40,233,44,18,62,295
05/14/2005,NEW,LA,ASW,CE,Towers with Radar,0,6,59,10,75,0,3,96,7,106,0,9,155,17,181,180,14,194,375
05/15/2005,NEW,LA,ASW,CE,Towers with Radar,0,15,80,4,99,0,4,67,1,72,0,19,147,5,171,198,0,198,369
05/16/2005,NEW,LA,ASW,CE,Towers with Radar,0,10,51,14,75,0,0,77,20,97,0,10,128,34,172,106,4,110,282
05/17/2005,NEW,LA,ASW,CE,Towers with Radar,0,14,60,14,88,0,2,75,31,108,0,16,135,45,196,98,22,120,316
05/18/2005,NEW,LA,ASW,CE,Towers with Radar,0,17,84,7,108,0,7,93,16,116,0,24,177,23,224,94,0,94,318
05/19/2005,NEW,LA,ASW,CE,Towers with Radar,0,20,89,9,118,0,0,119,11,130,0,20,208,20,248,104,0,104,352
05/20/2005,NEW,LA,ASW,CE,Towers with Radar,0,16,89,14,119,0,4,104,7,115,0,20,193,21,234,92,5,97,331
05/21/2005,NEW,LA,ASW,CE,Towers with Radar,0,11,56,6,73,0,0,112,4,116,0,11,168,10,189,150,0,150,339
05/22/2005,NEW,LA,ASW,CE,Towers with Radar,0,10,82,7,99,0,1,134,2,137,0,11,216,9,236,148,0,148,384
05/23/2005,NEW,LA,ASW,CE,Towers with Radar,0,14,63,5,82,0,0,62,8,70,0,14,125,13,152,72,0,72,224
05/24/2005,NEW,LA,ASW,CE,Towers with Radar,0,18,62,9,89,0,5,83,15,103,0,23,145,24,192,144,0,144,336
05/25/2005,NEW,LA,ASW,CE,Towers with Radar,0,24,66,12,102,0,0,73,1,74,0,24,139,13,176,120,0,120,296
05/26/2005,NEW,LA,ASW,CE,Towers with Radar,0,22,84,7,113,0,6,87,4,97,0,28,171,11,210,64,4,68,278
05/27/2005,NEW,LA,ASW,CE,Towers with Radar,0,16,81,7,104,0,4,93,4,101,0,20,174,11,205,68,0,68,273
05/28/2005,NEW,LA,ASW,CE,Towers with Radar,0,8,41,3,52,0,1,112,3,116,0,9,153,6,168,142,0,142,310
05/29/2005,NEW,LA,ASW,CE,Towers with Radar,0,6,32,1,39,0,1,37,1,39,0,7,69,2,78,112,0,112,190
05/30/2005,NEW,LA,ASW,CE,Towers with Radar,0,17,53,3,73,0,0,15,1,16,0,17,68,4,89,24,0,24,113
05/31/2005,NEW,LA,ASW,CE,Towers with Radar,0,12,56,12,80,0,3,39,7,49,0,15,95,19,129,32,28,60,189
06/01/2005,NEW,LA,ASW,CE,Towers with Radar,0,8,49,8,65,0,11,73,6,90,0,19,122,14,155,196,0,196,351
06/02/2005,NEW,LA,ASW,CE,Towers with Radar,0,13,75,13,101,0,11,105,20,136,0,24,180,33,237,120,10,130,367
06/03/2005,NEW,LA,ASW,CE,Towers with Radar,0,15,77,50,142,0,12,108,35,155,0,27,185,85,297,104,68,172,469
06/04/2005,NEW,LA,ASW,CE,Towers with Radar,0,4,54,15,73,0,2,148,39,189,0,6,202,54,262,190,0,190,452
06/05/2005,NEW,LA,ASW,CE,Towers with Radar,0,12,70,2,84,0,1,78,5,84,0,13,148,7,168,106,0,106,274
06/06/2005,NEW,LA,ASW,CE,Towers with Radar,0,9,40,5,54,6,0,32,7,45,6,9,72,12,99,32,2,34,133
06/07/2005,NEW,LA,ASW,CE,Towers with Radar,0,16,62,6,84,0,0,75,18,93,0,16,137,24,177,148,0,148,325
06/08/2005,NEW,LA,ASW,CE,Towers with Radar,0,17,59,4,80,0,10,73,18,101,0,27,132,22,181,102,8,110,291
06/09/2005,NEW,LA,ASW,CE,Towers with Radar,0,18,69,7,94,0,2,97,26,125,0,20,166,33,219,122,8,130,349
06/10/2005,NEW,LA,ASW,CE,Towers with Radar,0,14,8,6,28,0,0,116,12,128,0,14,124,18,156,86,4,90,246
06/11/2005,NEW,LA,ASW,CE,Towers with Radar,0,3,16,6,25,0,0,30,0,30,0,3,46,6,55,56,0,56,111
06/12/2005,NEW,LA,ASW,CE,Towers with Radar,0,6,43,3,52,0,0,121,4,125,0,6,164,7,177,136,0,136,313
06/13/2005,NEW,LA,ASW,CE,Towers with Radar,0,8,54,12,74,0,2,87,31,120,0,10,141,43,194,136,8,144,338
06/14/2005,NEW,LA,ASW,CE,Towers with Radar,0,15,41,10,66,0,7,107,32,146,0,22,148,42,212,108,0,108,320
06/15/2005,NEW,LA,ASW,CE,Towers with Radar,0,25,78,7,110,0,4,139,10,153,0,29,217,17,263,132,0,132,395
06/16/2005,NEW,LA,ASW,CE,Towers with Radar,0,11,73,11,95,0,2,99,31,132,0,13,172,42,227,134,4,138,365
06/17/2005,NEW,LA,ASW,CE,Towers with Radar,0,13,79,13,105,0,7,72,18,97,0,20,151,31,202,30,2,32,234
06/18/2005,NEW,LA,ASW,CE,Towers with Radar,0,2,66,8,76,0,4,104,16,124,0,6,170,24,200,94,0,94,294
06/19/2005,NEW,LA,ASW,CE,Towers with Radar,0,8,55,4,67,0,1,138,0,139,0,9,193,4,206,90,0,90,296
06/20/2005,NEW,LA,ASW,CE,Towers with Radar,0,19,59,10,88,0,0,124,10,134,0,19,183,20,222,174,0,174,396
06/21/2005,NEW,LA,ASW,CE,Towers with Radar,0,14,75,11,100,0,6,112,26,144,0,20,187,37,244,146,4,150,394
06/22/2005,NEW,LA,ASW,CE,Towers with Radar,0,20,67,16,103,0,1,149,16,166,0,21,216,32,269,188,0,188,457
06/23/2005,NEW,LA,ASW,CE,Towers with Radar,0,12,69,11,92,0,10,100,20,130,0,22,169,31,222,200,0,200,422
06/24/2005,NEW,LA,ASW,CE,Towers with Radar,0,15,103,14,132,0,0,82,11,93,0,15,185,25,225,122,12,134,359
06/25/2005,NEW,LA,ASW,CE,Towers with Radar,0,4,49,6,59,0,0,83,12,95,0,4,132,18,154,154,2,156,310
06/26/2005,NEW,LA,ASW,CE,Towers with Radar,0,12,75,4,91,1,4,87,7,99,1,16,162,11,190,130,0,130,320
06/27/2005,NEW,LA,ASW,CE,Towers with Radar,0,17,77,11,105,0,0,51,11,62,0,17,128,22,167,118,0,118,285
06/28/2005,NEW,LA,ASW,CE,Towers with Radar,0,17,54,4,75,0,0,49,7,56,0,17,103,11,131,40,0,40,171
06/29/2005,NEW,LA,ASW,CE,Towers with Radar,0,17,90,10,117,0,0,68,0,68,0,17,158,10,185,140,28,168,353
06/30/2005,NEW,LA,ASW,CE,Towers with Radar,0,23,72,4,99,0,0,58,19,77,0,23,130,23,176,68,32,100,276
07/01/2005,NEW,LA,ASW,CE,Towers with Radar,0,16,66,0,82,0,13,95,3,111,0,29,161,3,193,80,0,80,273
07/02/2005,NEW,LA,ASW,CE,Towers with Radar,0,8,32,0,40,0,0,56,0,56,0,8,88,0,96,36,0,36,132
07/03/2005,NEW,LA,ASW,CE,Towers with Radar,0,3,42,0,45,0,1,58,0,59,0,4,100,0,104,60,0,60,164
07/04/2005,NEW,LA,ASW,CE,Towers with Radar,0,5,26,2,33,0,0,54,1,55,0,5,80,3,88,50,4,54,142
07/05/2005,NEW,LA,ASW,CE,Towers with Radar,0,10,31,2,43,0,4,11,1,16,0,14,42,3,59,4,2,6,65
07/06/2005,NEW,LA,ASW,CE,Towers with Radar,0,6,32,4,42,0,0,48,25,73,0,6,80,29,115,62,12,74,189
07/07/2005,NEW,LA,ASW,CE,Towers with Radar,0,15,66,7,88,0,2,87,8,97,0,17,153,15,185,124,14,138,323
07/08/2005,NEW,LA,ASW,CE,Towers with Radar,0,21,62,7,90,0,0,101,19,120,0,21,163,26,210,36,12,48,258
07/09/2005,NEW,LA,ASW,CE,Towers with Radar,0,6,36,7,49,0,0,99,8,107,0,6,135,15,156,28,2,30,186
07/10/2005,NEW,LA,ASW,CE,Towers with Radar,0,5,8,1,14,0,0,4,13,17,0,5,12,14,31,0,0,0,31
07/11/2005,NEW,LA,ASW,CE,Towers with Radar,0,11,40,20,71,0,0,72,16,88,0,11,112,36,159,42,10,52,211
07/12/2005,NEW,LA,ASW,CE,Towers with Radar,0,15,44,7,66,0,0,66,12,78,0,15,110,19,144,26,16,42,186
07/13/2005,NEW,LA,ASW,CE,Towers with Radar,0,11,58,11,80,0,1,80,9,90,0,12,138,20,170,80,6,86,256
07/14/2005,NEW,LA,ASW,CE,Towers with Radar,0,12,52,5,69,0,4,37,16,57,0,16,89,21,126,30,2,32,158
07/15/2005,NEW,LA,ASW,CE,Towers with Radar,0,16,58,12,86,0,8,96,14,118,0,24,154,26,204,134,2,136,340
07/16/2005,NEW,LA,ASW,CE,Towers with Radar,0,9,43,8,60,0,7,151,0,158,0,16,194,8,218,96,0,96,314
07/17/2005,NEW,LA,ASW,CE,Towers with Radar,0,9,47,0,56,0,0,73,0,73,0,9,120,0,129,58,0,58,187
07/18/2005,NEW,LA,ASW,CE,Towers with Radar,0,11,48,9,68,0,2,80,16,98,0,13,128,25,166,126,4,130,296
07/19/2005,NEW,LA,ASW,CE,Towers with Radar,0,13,69,8,90,0,0,95,15,110,0,13,164,23,200,152,0,152,352
07/20/2005,NEW,LA,ASW,CE,Towers with Radar,0,12,63,6,81,0,0,85,24,109,0,12,148,30,190,64,46,110,300
07/21/2005,NEW,LA,ASW,CE,Towers with Radar,0,10,59,5,74,0,7,103,21,131,0,17,162,26,205,106,8,114,319
07/22/2005,NEW,LA,ASW,CE,Towers with Radar,0,15,72,8,95,0,8,125,27,160,0,23,197,35,255,140,11,151,406
07/23/2005,NEW,LA,ASW,CE,Towers with Radar,0,3,44,0,47,0,0,118,2,120,0,3,162,2,167,120,0,120,287
07/24/2005,NEW,LA,ASW,CE,Towers with Radar,0,12,54,6,72,0,0,80,2,82,0,12,134,8,154,102,0,102,256
07/25/2005,NEW,LA,ASW,CE,Towers with Radar,0,10,44,4,58,0,0,75,5,80,0,10,119,9,138,106,0,106,244
07/26/2005,NEW,LA,ASW,CE,Towers with Radar,0,0,57,6,63,14,0,90,4,108,14,0,147,10,171,52,0,52,223
07/27/2005,NEW,LA,ASW,CE,Towers with Radar,0,15,68,4,87,0,0,72,14,86,0,15,140,18,173,142,6,148,321
07/28/2005,NEW,LA,ASW,CE,Towers with Radar,0,10,61,4,75,0,1,102,5,108,0,11,163,9,183,36,0,36,219
07/29/2005,NEW,LA,ASW,CE,Towers with Radar,0,10,52,9,71,0,1,99,9,109,0,11,151,18,180,32,0,32,212
07/30/2005,NEW,LA,ASW,CE,Towers with Radar,0,10,37,3,50,0,0,125,3,128,0,10,162,6,178,124,0,124,302
07/31/2005,NEW,LA,ASW,CE,Towers with Radar,0,8,45,6,59,0,0,95,0,95,0,8,140,6,154,48,0,48,202
08/01/2005,NEW,LA,ASW,CE,Towers with Radar,0,8,43,6,57,0,3,73,9,85,0,11,116,15,142,58,0,58,200
08/02/2005,NEW,LA,ASW,CE,Towers with Radar,0,11,51,6,68,0,2,50,1,53,0,13,101,7,121,56,0,56,177
08/03/2005,NEW,LA,ASW,CE,Towers with Radar,0,12,60,4,76,0,5,101,9,115,0,17,161,13,191,84,0,84,275
08/04/2005,NEW,LA,ASW,CE,Towers with Radar,0,14,55,2,71,0,2,39,20,61,0,16,94,22,132,92,6,98,230
08/05/2005,NEW,LA,ASW,CE,Towers with Radar,0,11,60,11,82,0,13,95,33,141,0,24,155,44,223,124,46,170,393
08/06/2005,NEW,LA,ASW,CE,Towers with Radar,0,7,59,1,67,0,0,74,29,103,0,7,133,30,170,84,20,104,274
08/07/2005,NEW,LA,ASW,CE,Towers with Radar,0,12,64,9,85,0,0,57,4,61,0,12,121,13,146,48,0,48,194
08/08/2005,NEW,LA,ASW,CE,Towers with Radar,0,17,52,4,73,0,0,51,8,59,0,17,103,12,132,78,0,78,210
08/09/2005,NEW,LA,ASW,CE,Towers with Radar,0,13,80,6,99,0,4,66,9,79,0,17,146,15,178,76,14,90,268
08/10/2005,NEW,LA,ASW,CE,Towers with Radar,0,23,50,13,86,0,2,108,10,120,0,25,158,23,206,46,14,60,266
08/11/2005,NEW,LA,ASW,CE,Towers with Radar,0,13,64,14,91,0,4,126,20,150,0,17,190,34,241,112,0,112,353
08/12/2005,NEW,LA,ASW,CE,Towers with Radar,0,17,61,8,86,0,6,79,7,92,0,23,140,15,178,50,0,50,228
08/13/2005,NEW,LA,ASW,CE,Towers with Radar,0,6,52,1,59,0,3,77,5,85,0,9,129,6,144,2,8,10,154
08/14/2005,NEW,LA,ASW,CE,Towers with Radar,0,3,68,2,73,0,1,89,1,91,0,4,157,3,164,34,0,34,198
08/15/2005,NEW,LA,ASW,CE,Towers with Radar,0,7,35,7,49,0,4,76,10,90,0,11,111,17,139,82,0,82,221
08/16/2005,NEW,LA,ASW,CE,Towers with Radar,0,13,56,3,72,0,4,85,20,109,0,17,141,23,181,62,8,70,251
08/17/2005,NEW,LA,ASW,CE,Towers with Radar,0,14,45,9,68,0,4,74,10,88,0,18,119,19,156,32,0,32,188
08/18/2005,NEW,LA,ASW,CE,Towers with Radar,0,16,76,11,103,0,3,73,18,94,0,19,149,29,197,56,34,90,287
08/19/2005,NEW,LA,ASW,CE,Towers with Radar,0,12,71,9,92,0,10,73,32,115,0,22,144,41,207,60,2,62,269
08/20/2005,NEW,LA,ASW,CE,Towers with Radar,0,4,49,1,54,0,0,126,4,130,0,4,175,5,184,74,0,74,258
08/21/2005,NEW,LA,ASW,CE,Towers with Radar,0,9,67,0,76,0,0,69,0,69,0,9,136,0,145,56,0,56,201
08/22/2005,NEW,LA,ASW,CE,Towers with Radar,0,13,58,9,80,0,0,69,10,79,0,13,127,19,159,60,0,60,219
08/23/2005,NEW,LA,ASW,CE,Towers with Radar,0,17,76,3,96,0,3,99,18,120,0,20,175,21,216,88,0,88,304
08/24/2005,NEW,LA,ASW,CE,Towers with Radar,0,18,79,10,107,0,0,75,32,107,0,18,154,42,214,44,0,44,258
08/25/2005,NEW,LA,ASW,CE,Towers with Radar,0,16,71,9,96,0,4,100,13,117,0,20,171,22,213,96,44,140,353
08/26/2005,NEW,LA,ASW,CE,Towers with Radar,0,13,68,13,94,0,0,84,10,94,0,13,152,23,188,124,0,124,312
08/27/2005,NEW,LA,ASW,CE,Towers with Radar,0,19,116,9,144,1,23,128,7,159,1,42,244,16,303,86,0,86,389
08/28/2005,NEW,LA,ASW,CE,Towers with Radar,0,21,55,4,80,0,63,45,11,119,0,84,100,15,199,0,0,0,199
08/29/2005,NEW,LA,ASW,CE,Towers with Radar,0,0,0,0,0,0,0,0,0,0,0,0,0,0,0,0,0,0,0
08/30/2005,NEW,LA,ASW,CE,Towers with Radar,0,0,0,0,0,0,0,0,0,0,0,0,0,0,0,0,0,0,0
08/31/2005,NEW,LA,ASW,CE,Towers with Radar,0,0,0,0,0,0,0,0,0,0,0,0,0,0,0,0,0,0,0
08/01/2007,NEW,LA,ASW,CE,Towers with Radar,0,0,0,0,0,0,0,90,5,95,0,0,90,5,95,24,0,24,119
08/02/2007,NEW,LA,ASW,CE,Towers with Radar,0,0,0,0,0,0,1,119,17,137,0,1,119,17,137,65,0,65,202
08/03/2007,NEW,LA,ASW,CE,Towers with Radar,0,4,23,0,27,0,0,83,9,92,0,4,106,9,119,52,0,52,171
08/04/2007,NEW,LA,ASW,CE,Towers with Radar,0,2,24,0,26,0,0,97,17,114,0,2,121,17,140,68,0,68,208
08/05/2007,NEW,LA,ASW,CE,Towers with Radar,0,0,0,0,0,0,0,73,8,81,0,0,73,8,81,28,0,28,109
08/06/2007,NEW,LA,ASW,CE,Towers with Radar,0,2,24,0,26,0,0,57,4,61,0,2,81,4,87,90,0,90,177
08/07/2007,NEW,LA,ASW,CE,Towers with Radar,0,3,23,0,26,0,0,51,4,55,0,3,74,4,81,18,0,18,99
08/08/2007,NEW,LA,ASW,CE,Towers with Radar,0,0,19,1,20,0,0,84,3,87,0,0,103,4,107,7,0,7,114
08/09/2007,NEW,LA,ASW,CE,Towers with Radar,0,5,27,0,32,0,0,95,7,102,0,5,122,7,134,82,0,82,216
08/10/2007,NEW,LA,ASW,CE,Towers with Radar,0,4,36,2,42,0,0,62,8,70,0,4,98,10,112,58,8,66,178
08/11/2007,NEW,LA,ASW,CE,Towers with Radar,0,2,25,0,27,0,4,104,0,108,0,6,129,0,135,103,0,103,238
08/12/2007,NEW,LA,ASW,CE,Towers with Radar,0,0,0,0,0,0,7,123,2,132,0,7,123,2,132,30,0,30,162
08/13/2007,NEW,LA,ASW,CE,Towers with Radar,0,3,24,5,32,0,2,54,13,69,0,5,78,18,101,18,0,18,119
08/14/2007,NEW,LA,ASW,CE,Towers with Radar,0,1,30,2,33,0,0,73,7,80,0,1,103,9,113,50,0,50,163
08/15/2007,NEW,LA,ASW,CE,Towers with Radar,0,0,27,1,28,0,1,35,1,37,0,1,62,2,65,33,2,35,100
08/16/2007,NEW,LA,ASW,CE,Towers with Radar,0,1,28,0,29,0,0,58,12,70,0,1,86,12,99,26,2,28,127
08/17/2007,NEW,LA,ASW,CE,Towers with Radar,0,0,34,0,34,0,0,60,4,64,0,0,94,4,98,72,0,72,170
08/18/2007,NEW,LA,ASW,CE,Towers with Radar,0,4,13,0,17,0,0,56,0,56,0,4,69,0,73,68,0,68,141
08/19/2007,NEW,LA,ASW,CE,Towers with Radar,0,2,28,0,30,0,1,64,5,70,0,3,92,5,100,24,0,24,124
08/20/2007,NEW,LA,ASW,CE,Towers with Radar,0,0,20,0,20,0,0,52,9,61,0,0,72,9,81,20,0,20,101
08/21/2007,NEW,LA,ASW,CE,Towers with Radar,0,2,25,0,27,0,0,76,0,76,0,2,101,0,103,48,0,48,151
08/22/2007,NEW,LA,ASW,CE,Towers with Radar,0,2,28,1,31,0,0,52,0,52,0,2,80,1,83,78,0,78,161
08/23/2007,NEW,LA,ASW,CE,Towers with Radar,0,2,25,0,27,0,2,157,0,159,0,4,182,0,186,28,0,28,214
08/24/2007,NEW,LA,ASW,CE,Towers with Radar,0,1,28,2,31,0,2,85,8,95,0,3,113,10,126,60,0,60,186
08/25/2007,NEW,LA,ASW,CE,Towers with Radar,0,0,15,0,15,0,0,69,6,75,0,0,84,6,90,30,0,30,120
08/26/2007,NEW,LA,ASW,CE,Towers with Radar,0,2,30,0,32,0,0,35,0,35,0,2,65,0,67,58,0,58,125
08/27/2007,NEW,LA,ASW,CE,Towers with Radar,0,2,25,0,27,2,0,35,8,45,2,2,60,8,72,30,0,30,102
08/28/2007,NEW,LA,ASW,CE,Towers with Radar,0,1,24,0,25,0,0,24,0,24,0,1,48,0,49,40,0,40,89
08/29/2007,NEW,LA,ASW,CE,Towers with Radar,0,1,13,0,14,0,0,7,2,9,0,1,20,2,23,0,0,0,23
08/30/2007,NEW,LA,ASW,CE,Towers with Radar,0,0,17,0,17,0,0,73,6,79,0,0,90,6,96,66,0,66,162
08/31/2007,NEW,LA,ASW,CE,Towers with Radar,0,1,36,0,37,0,7,55,3,65,0,8,91,3,102,48,0,48,150
09/01/2007,NEW,LA,ASW,CE,Towers with Radar,0,1,33,2,36,0,0,64,0,64,0,1,97,2,100,86,0,86,186
09/02/2007,NEW,LA,ASW,CE,Towers with Radar,0,1,14,2,17,0,0,21,2,23,0,1,35,4,40,48,0,48,88
09/03/2007,NEW,LA,ASW,CE,Towers with Radar,0,1,32,0,33,0,0,83,0,83,0,1,115,0,116,94,0,94,210
09/04/2007,NEW,LA,ASW,CE,Towers with Radar,0,1,15,0,16,0,0,59,6,65,0,1,74,6,81,195,0,195,276
09/05/2007,NEW,LA,ASW,CE,Towers with Radar,0,0,26,0,26,0,0,79,0,79,0,0,105,0,105,114,0,114,219
09/06/2007,NEW,LA,ASW,CE,Towers with Radar,0,4,36,0,40,0,0,64,8,72,0,4,100,8,112,176,0,176,288
09/07/2007,NEW,LA,ASW,CE,Towers with Radar,0,7,32,3,42,0,0,69,8,77,0,7,101,11,119,128,2,130,249
09/08/2007,NEW,LA,ASW,CE,Towers with Radar,0,3,22,2,27,0,0,58,0,58,0,3,80,2,85,50,0,50,135
09/09/2007,NEW,LA,ASW,CE,Towers with Radar,0,4,28,2,34,0,0,43,0,43,0,4,71,2,77,34,2,36,113
09/10/2007,NEW,LA,ASW,CE,Towers with Radar,0,2,26,0,28,0,0,53,0,53,0,2,79,0,81,120,0,120,201
09/11/2007,NEW,LA,ASW,CE,Towers with Radar,0,2,29,0,31,0,0,27,0,27,0,2,56,0,58,12,0,12,70
09/12/2007,NEW,LA,ASW,CE,Towers with Radar,0,5,27,0,32,0,0,44,11,55,0,5,71,11,87,66,0,66,153
09/13/2007,NEW,LA,ASW,CE,Towers with Radar,0,1,8,0,9,0,0,6,0,6,0,1,14,0,15,0,0,0,15
09/14/2007,NEW,LA,ASW,CE,Towers with Radar,0,1,26,0,27,0,2,69,4,75,0,3,95,4,102,138,2,140,242
09/15/2007,NEW,LA,ASW,CE,Towers with Radar,0,0,17,0,17,0,0,99,0,99,0,0,116,0,116,86,0,86,202
09/16/2007,NEW,LA,ASW,CE,Towers with Radar,0,2,30,0,32,0,0,45,0,45,0,2,75,0,77,10,0,10,87
09/17/2007,NEW,LA,ASW,CE,Towers with Radar,0,0,22,1,23,0,1,47,3,51,0,1,69,4,74,90,0,90,164
09/18/2007,NEW,LA,ASW,CE,Towers with Radar,0,0,26,2,28,0,0,76,3,79,0,0,102,5,107,98,0,98,205
09/19/2007,NEW,LA,ASW,CE,Towers with Radar,0,1,37,6,44,0,0,64,4,68,0,1,101,10,112,110,0,110,222
09/20/2007,NEW,LA,ASW,CE,Towers with Radar,0,0,53,4,57,0,0,99,0,99,0,0,152,4,156,136,12,148,304
09/21/2007,NEW,LA,ASW,CE,Towers with Radar,0,5,34,1,40,0,2,84,3,89,0,7,118,4,129,104,0,104,233
09/22/2007,NEW,LA,ASW,CE,Towers with Radar,0,1,14,0,15,0,0,32,0,32,0,1,46,0,47,50,0,50,97
09/23/2007,NEW,LA,ASW,CE,Towers with Radar,0,5,30,2,37,0,0,29,7,36,0,5,59,9,73,44,0,44,117
09/24/2007,NEW,LA,ASW,CE,Towers with Radar,0,1,28,0,29,0,0,1,0,1,0,1,29,0,30,0,0,0,30
09/25/2007,NEW,LA,ASW,CE,Towers with Radar,0,7,40,1,48,0,1,27,2,30,0,8,67,3,78,0,0,0,78
09/26/2007,NEW,LA,ASW,CE,Towers with Radar,0,2,38,3,43,0,4,53,4,61,0,6,91,7,104,132,0,132,236
09/27/2007,NEW,LA,ASW,CE,Towers with Radar,0,2,54,1,57,0,1,75,3,79,0,3,129,4,136,102,0,102,238
09/28/2007,NEW,LA,ASW,CE,Towers with Radar,0,3,49,1,53,0,0,52,1,53,0,3,101,2,106,158,0,158,264
09/29/2007,NEW,LA,ASW,CE,Towers with Radar,0,1,22,0,23,0,1,86,4,91,0,2,108,4,114,76,0,76,190
09/30/2007,NEW,LA,ASW,CE,Towers with Radar,0,9,36,0,45,0,1,52,0,53,0,10,88,0,98,68,0,68,166
10/01/2007,NEW,LA,ASW,CE,Towers with Radar,0,1,26,0,27,0,1,59,2,62,0,2,85,2,89,100,2,102,191
10/02/2007,NEW,LA,ASW,CE,Towers with Radar,0,7,42,0,49,0,0,84,6,90,0,7,126,6,139,86,6,92,231
10/03/2007,NEW,LA,ASW,CE,Towers with Radar,0,1,35,0,36,0,0,68,3,71,0,1,103,3,107,92,0,92,199
10/04/2007,NEW,LA,ASW,CE,Towers with Radar,0,12,43,0,55,0,1,10,0,11,0,13,53,0,66,12,0,12,78
10/05/2007,NEW,LA,ASW,CE,Towers with Radar,0,8,41,9,58,0,0,36,0,36,0,8,77,9,94,18,8,26,120
10/06/2007,NEW,LA,ASW,CE,Towers with Radar,0,11,37,4,52,0,0,34,1,35,0,11,71,5,87,32,0,32,119
10/07/2007,NEW,LA,ASW,CE,Towers with Radar,0,18,56,2,76,0,0,50,2,52,0,18,106,4,128,38,46,84,212
10/08/2007,NEW,LA,ASW,CE,Towers with Radar,0,7,31,0,38,0,0,15,3,18,0,7,46,3,56,4,0,4,60
10/09/2007,NEW,LA,ASW,CE,Towers with Radar,0,3,32,1,36,0,0,32,6,38,0,3,64,7,74,72,0,72,146
10/10/2007,NEW,LA,ASW,CE,Towers with Radar,0,9,19,0,28,0,1,52,0,53,0,10,71,0,81,30,0,30,111
10/11/2007,NEW,LA,ASW,CE,Towers with Radar,0,1,34,2,37,0,0,44,5,49,0,1,78,7,86,66,0,66,152
10/12/2007,NEW,LA,ASW,CE,Towers with Radar,6,10,35,2,53,0,0,84,4,88,6,10,119,6,141,102,0,102,243
10/13/2007,NEW,LA,ASW,CE,Towers with Radar,0,1,21,0,22,0,0,83,0,83,0,1,104,0,105,60,8,68,173
10/14/2007,NEW,LA,ASW,CE,Towers with Radar,0,4,37,1,42,0,1,51,1,53,0,5,88,2,95,44,4,48,143
10/15/2007,NEW,LA,ASW,CE,Towers with Radar,0,9,38,2,49,0,0,55,2,57,0,9,93,4,106,40,0,40,146
10/16/2007,NEW,LA,ASW,CE,Towers with Radar,0,4,30,1,35,0,0,83,0,83,0,4,113,1,118,142,0,142,260
10/17/2007,NEW,LA,ASW,CE,Towers with Radar,0,1,23,0,24,0,0,36,0,36,0,1,59,0,60,70,0,70,130
10/18/2007,NEW,LA,ASW,CE,Towers with Radar,0,7,58,0,65,0,0,0,0,0,0,7,58,0,65,14,0,14,79
10/19/2007,NEW,LA,ASW,CE,Towers with Radar,0,3,41,0,44,0,0,67,1,68,0,3,108,1,112,38,0,38,150
10/20/2007,NEW,LA,ASW,CE,Towers with Radar,0,5,19,4,28,0,0,97,2,99,0,5,116,6,127,122,2,124,251
10/21/2007,NEW,LA,ASW,CE,Towers with Radar,0,5,43,2,50,0,0,70,3,73,0,5,113,5,123,62,4,66,189
10/22/2007,NEW,LA,ASW,CE,Towers with Radar,0,8,15,0,23,0,0,0,0,0,0,8,15,0,23,0,0,0,23
10/23/2007,NEW,LA,ASW,CE,Towers with Radar,0,4,30,1,35,0,0,12,2,14,0,4,42,3,49,10,2,12,61
10/24/2007,NEW,LA,ASW,CE,Towers with Radar,0,5,32,4,41,0,0,46,0,46,0,5,78,4,87,54,0,54,141
10/25/2007,NEW,LA,ASW,CE,Towers with Radar,0,7,44,5,56,0,0,102,8,110,0,7,146,13,166,154,6,160,326
10/26/2007,NEW,LA,ASW,CE,Towers with Radar,0,4,38,6,48,0,0,88,3,91,0,4,126,9,139,136,42,178,317
10/27/2007,NEW,LA,ASW,CE,Towers with Radar,0,3,26,3,32,0,1,62,2,65,0,4,88,5,97,84,12,96,193
10/28/2007,NEW,LA,ASW,CE,Towers with Radar,0,10,35,5,50,0,0,67,0,67,0,10,102,5,117,96,14,110,227
10/29/2007,NEW,LA,ASW,CE,Towers with Radar,0,0,28,10,38,0,6,70,2,78,0,6,98,12,116,90,0,90,206
10/30/2007,NEW,LA,ASW,CE,Towers with Radar,0,5,23,0,28,0,3,47,2,52,0,8,70,2,80,105,0,105,185
10/31/2007,NEW,LA,ASW,CE,Towers with Radar,0,4,27,0,31,0,3,61,1,65,0,7,88,1,96,100,2,102,198
11/01/2007,NEW,LA,ASW,CE,Towers with Radar,0,5,41,0,46,0,0,73,0,73,0,5,114,0,119,114,0,114,233
11/02/2007,NEW,LA,ASW,CE,Towers with Radar,0,0,37,0,37,0,0,99,0,99,0,0,136,0,136,140,0,140,276
11/03/2007,NEW,LA,ASW,CE,Towers with Radar,0,3,34,1,38,0,0,0,0,0,0,3,34,1,38,100,0,100,138
11/04/2007,NEW,LA,ASW,CE,Towers with Radar,0,3,50,2,55,0,1,89,1,91,0,4,139,3,146,90,0,90,236
11/05/2007,NEW,LA,ASW,CE,Towers with Radar,0,4,25,0,29,0,0,63,0,63,0,4,88,0,92,64,0,64,156
11/06/2007,NEW,LA,ASW,CE,Towers with Radar,0,4,37,1,42,0,4,33,2,39,0,8,70,3,81,71,0,71,152
11/07/2007,NEW,LA,ASW,CE,Towers with Radar,0,7,19,1,27,0,0,84,0,84,0,7,103,1,111,58,0,58,169
11/08/2007,NEW,LA,ASW,CE,Towers with Radar,0,8,38,2,48,0,0,82,0,82,0,8,120,2,130,84,0,84,214
11/09/2007,NEW,LA,ASW,CE,Towers with Radar,0,12,43,0,55,0,0,90,0,90,0,12,133,0,145,98,0,98,243
11/10/2007,NEW,LA,ASW,CE,Towers with Radar,0,5,31,0,36,0,0,73,0,73,0,5,104,0,109,138,0,138,247
11/11/2007,NEW,LA,ASW,CE,Towers with Radar,0,8,41,0,49,0,0,0,0,0,0,8,41,0,49,66,0,66,115
11/12/2007,NEW,LA,ASW,CE,Towers with Radar,0,4,34,0,38,0,2,55,0,57,0,6,89,0,95,78,0,78,173
11/13/2007,NEW,LA,ASW,CE,Towers with Radar,0,4,39,4,47,0,0,41,2,43,0,4,80,6,90,100,4,104,194
11/14/2007,NEW,LA,ASW,CE,Towers with Radar,0,4,35,1,40,0,4,62,0,66,0,8,97,1,106,72,12,84,190
11/15/2007,NEW,LA,ASW,CE,Towers with Radar,0,1,31,4,36,0,0,51,4,55,0,1,82,8,91,10,4,14,105
11/16/2007,NEW,LA,ASW,CE,Towers with Radar,0,1,52,2,55,0,0,88,1,89,0,1,140,3,144,78,0,78,222
11/17/2007,NEW,LA,ASW,CE,Towers with Radar,0,4,30,0,34,0,0,69,0,69,0,4,99,0,103,58,0,58,161
11/18/2007,NEW,LA,ASW,CE,Towers with Radar,0,2,39,0,41,0,0,66,0,66,0,2,105,0,107,118,0,118,225
11/19/2007,NEW,LA,ASW,CE,Towers with Radar,0,4,36,0,40,0,0,60,2,62,0,4,96,2,102,64,4,68,170
11/20/2007,NEW,LA,ASW,CE,Towers with Radar,0,8,38,2,48,0,0,68,2,70,0,8,106,4,118,96,8,104,222
11/21/2007,NEW,LA,ASW,CE,Towers with Radar,0,0,37,0,37,0,0,55,4,59,0,0,92,4,96,94,2,96,192
11/22/2007,NEW,LA,ASW,CE,Towers with Radar,0,1,14,0,15,0,0,5,0,5,0,1,19,0,20,0,0,0,20
11/23/2007,NEW,LA,ASW,CE,Towers with Radar,0,5,23,0,28,0,0,64,0,64,0,5,87,0,92,52,28,80,172
11/24/2007,NEW,LA,ASW,CE,Towers with Radar,0,4,24,0,28,0,0,28,0,28,0,4,52,0,56,112,0,112,168
11/25/2007,NEW,LA,ASW,CE,Towers with Radar,0,2,19,0,21,0,0,5,0,5,0,2,24,0,26,0,0,0,26
11/26/2007,NEW,LA,ASW,CE,Towers with Radar,0,5,29,14,48,0,0,24,2,26,0,5,53,16,74,38,2,40,114
11/27/2007,NEW,LA,ASW,CE,Towers with Radar,0,2,45,5,52,0,1,40,4,45,0,3,85,9,97,52,14,66,163
11/28/2007,NEW,LA,ASW,CE,Towers with Radar,0,2,50,0,52,0,0,15,4,19,0,2,65,4,71,114,0,114,185
11/29/2007,NEW,LA,ASW,CE,Towers with Radar,0,7,47,2,56,0,1,69,2,72,0,8,116,4,128,98,0,98,226
11/30/2007,NEW,LA,ASW,CE,Towers with Radar,0,2,39,0,41,0,0,58,1,59,0,2,97,1,100,52,0,52,152
12/01/2007,NEW,LA,ASW,CE,Towers with Radar,0,1,27,10,38,0,0,74,0,74,0,1,101,10,112,62,10,72,184
12/02/2007,NEW,LA,ASW,CE,Towers with Radar,0,8,35,1,44,0,2,38,0,40,0,10,73,1,84,100,0,100,184
12/03/2007,NEW,LA,ASW,CE,Towers with Radar,0,4,36,2,42,0,0,31,3,34,0,4,67,5,76,8,0,8,84
12/04/2007,NEW,LA,ASW,CE,Towers with Radar,0,3,41,0,44,0,1,40,6,47,0,4,81,6,91,20,0,20,111
12/05/2007,NEW,LA,ASW,CE,Towers with Radar,0,7,30,5,42,0,3,54,0,57,0,10,84,5,99,46,3,49,148
12/06/2007,NEW,LA,ASW,CE,Towers with Radar,2,9,33,2,46,0,0,59,3,62,2,9,92,5,108,50,4,54,162
12/07/2007,NEW,LA,ASW,CE,Towers with Radar,0,4,46,1,51,0,0,64,5,69,0,4,110,6,120,110,10,120,240
12/08/2007,NEW,LA,ASW,CE,Towers with Radar,0,1,28,0,29,0,0,55,1,56,0,1,83,1,85,94,0,94,179
12/09/2007,NEW,LA,ASW,CE,Towers with Radar,0,5,37,0,42,0,0,41,0,41,0,5,78,0,83,64,2,66,149
12/10/2007,NEW,LA,ASW,CE,Towers with Radar,0,5,34,2,41,0,0,53,0,53,0,5,87,2,94,74,2,76,170
12/11/2007,NEW,LA,ASW,CE,Towers with Radar,0,1,31,1,33,0,0,40,7,47,0,1,71,8,80,84,2,86,166
12/12/2007,NEW,LA,ASW,CE,Towers with Radar,0,4,52,8,64,0,0,41,3,44,0,4,93,11,108,35,4,39,147
12/13/2007,NEW,LA,ASW,CE,Towers with Radar,0,2,20,2,24,0,1,19,0,20,0,3,39,2,44,16,0,16,60
12/14/2007,NEW,LA,ASW,CE,Towers with Radar,0,2,51,0,53,0,0,7,0,7,0,2,58,0,60,10,0,10,70
12/15/2007,NEW,LA,ASW,CE,Towers with Radar,0,0,10,0,10,0,0,50,3,53,0,0,60,3,63,68,0,68,131
12/16/2007,NEW,LA,ASW,CE,Towers with Radar,0,0,30,1,31,0,0,37,5,42,0,0,67,6,73,6,0,6,79
12/17/2007,NEW,LA,ASW,CE,Towers with Radar,0,1,23,0,24,0,0,66,2,68,0,1,89,2,92,74,14,88,180
12/18/2007,NEW,LA,ASW,CE,Towers with Radar,0,5,28,9,42,0,0,62,6,68,0,5,90,15,110,64,18,82,192
12/19/2007,NEW,LA,ASW,CE,Towers with Radar,0,3,36,1,40,0,0,62,8,70,0,3,98,9,110,60,12,72,182
12/20/2007,NEW,LA,ASW,CE,Towers with Radar,0,4,20,0,24,0,0,6,0,6,0,4,26,0,30,12,0,12,42
12/21/2007,NEW,LA,ASW,CE,Towers with Radar,0,2,37,0,39,0,0,0,0,0,0,2,37,0,39,0,0,0,39
12/22/2007,NEW,LA,ASW,CE,Towers with Radar,0,0,28,0,28,0,0,37,0,37,0,0,65,0,65,24,0,24,89
12/23/2007,NEW,LA,ASW,CE,Towers with Radar,0,5,19,0,24,0,0,55,0,55,0,5,74,0,79,28,0,28,107
12/24/2007,NEW,LA,ASW,CE,Towers with Radar,0,2,10,0,12,0,0,49,0,49,0,2,59,0,61,34,0,34,95
12/25/2007,NEW,LA,ASW,CE,Towers with Radar,0,1,7,0,8,0,0,15,0,15,0,1,22,0,23,4,0,4,27
12/26/2007,NEW,LA,ASW,CE,Towers with Radar,0,2,23,2,27,0,0,25,1,26,0,2,48,3,53,6,0,6,59
12/27/2007,NEW,LA,ASW,CE,Towers with Radar,0,5,37,4,46,0,0,30,1,31,0,5,67,5,77,102,0,102,179
12/28/2007,NEW,LA,ASW,CE,Towers with Radar,0,6,28,4,38,0,0,23,4,27,0,6,51,8,65,2,0,2,67
12/29/2007,NEW,LA,ASW,CE,Towers with Radar,0,4,23,0,27,0,0,39,0,39,0,4,62,0,66,60,8,68,134
12/30/2007,NEW,LA,ASW,CE,Towers with Radar,0,8,46,0,54,0,0,32,0,32,0,8,78,0,86,64,0,64,150
12/31/2007,NEW,LA,ASW,CE,Towers with Radar,0,4,49,0,53,0,0,92,0,92,0,4,141,0,145,60,4,64,209
01/01/2008,NEW,LA,ASW,CE,Towers with Radar,0,12,48,0,60,0,0,31,0,31,0,12,79,0,91,6,0,6,97
01/02/2008,NEW,LA,ASW,CE,Towers with Radar,0,11,72,1,84,0,1,52,0,53,0,12,124,1,137,16,0,16,153
01/03/2008,NEW,LA,ASW,CE,Towers with Radar,0,1,29,1,31,0,0,66,0,66,0,1,95,1,97,104,0,104,201
01/04/2008,NEW,LA,ASW,CE,Towers with Radar,0,2,31,0,33,0,0,73,4,77,0,2,104,4,110,18,0,18,128
01/05/2008,NEW,LA,ASW,CE,Towers with Radar,0,7,46,0,53,0,0,64,2,66,0,7,110,2,119,34,0,34,153
01/06/2008,NEW,LA,ASW,CE,Towers with Radar,0,30,84,0,114,0,0,52,0,52,0,30,136,0,166,64,0,64,230
01/07/2008,NEW,LA,ASW,CE,Towers with Radar,0,35,106,1,142,0,0,68,1,69,0,35,174,2,211,72,0,72,283
01/08/2008,NEW,LA,ASW,CE,Towers with Radar,0,56,142,0,198,0,0,91,0,91,0,56,233,0,289,40,0,40,329
01/09/2008,NEW,LA,ASW,CE,Towers with Radar,0,6,58,6,70,0,0,21,3,24,0,6,79,9,94,56,4,60,154
01/10/2008,NEW,LA,ASW,CE,Towers with Radar,0,2,20,0,22,0,0,3,0,3,0,2,23,0,25,4,0,4,29
01/11/2008,NEW,LA,ASW,CE,Towers with Radar,0,2,45,11,58,0,0,94,7,101,0,2,139,18,159,100,2,102,261
01/12/2008,NEW,LA,ASW,CE,Towers with Radar,0,0,20,0,20,0,0,74,2,76,0,0,94,2,96,82,0,82,178
01/13/2008,NEW,LA,ASW,CE,Towers with Radar,0,4,36,3,43,0,0,70,6,76,0,4,106,9,119,56,0,56,175
01/14/2008,NEW,LA,ASW,CE,Towers with Radar,0,5,21,4,30,0,0,92,11,103,0,5,113,15,133,56,0,56,189
01/15/2008,NEW,LA,ASW,CE,Towers with Radar,0,6,43,0,49,0,0,55,0,55,0,6,98,0,104,42,0,42,146
01/16/2008,NEW,LA,ASW,CE,Towers with Radar,0,2,36,0,38,0,0,6,0,6,0,2,42,0,44,0,0,0,44
01/17/2008,NEW,LA,ASW,CE,Towers with Radar,0,1,56,0,57,0,0,21,2,23,0,1,77,2,80,6,2,8,88
01/18/2008,NEW,LA,ASW,CE,Towers with Radar,0,0,43,3,46,0,0,4,1,5,0,0,47,4,51,24,0,24,75
01/19/2008,NEW,LA,ASW,CE,Towers with Radar,0,0,5,0,5,0,0,0,0,0,0,0,5,0,5,2,0,2,7
01/20/2008,NEW,LA,ASW,CE,Towers with Radar,0,3,34,0,37,0,0,66,3,69,0,3,100,3,106,58,0,58,164
01/21/2008,NEW,LA,ASW,CE,Towers with Radar,0,4,35,5,44,0,1,46,0,47,0,5,81,5,91,56,0,56,147
01/22/2008,NEW,LA,ASW,CE,Towers with Radar,0,0,33,5,38,0,0,61,0,61,0,0,94,5,99,170,0,170,269
01/23/2008,NEW,LA,ASW,CE,Towers with Radar,0,1,36,1,38,0,0,11,2,13,0,1,47,3,51,2,0,2,53
01/24/2008,NEW,LA,ASW,CE,Towers with Radar,0,2,29,0,31,0,0,6,0,6,0,2,35,0,37,16,0,16,53
01/25/2008,NEW,LA,ASW,CE,Towers with Radar,0,4,36,14,54,0,0,39,3,42,0,4,75,17,96,10,2,12,108
01/26/2008,NEW,LA,ASW,CE,Towers with Radar,0,3,19,0,22,0,0,0,0,0,0,3,19,0,22,0,0,0,22
01/27/2008,NEW,LA,ASW,CE,Towers with Radar,0,5,36,10,51,0,0,62,0,62,0,5,98,10,113,16,0,16,129
01/28/2008,NEW,LA,ASW,CE,Towers with Radar,0,3,34,3,40,0,0,69,5,74,0,3,103,8,114,64,0,64,178
01/29/2008,NEW,LA,ASW,CE,Towers with Radar,0,4,28,2,34,0,0,37,2,39,0,4,65,4,73,6,2,8,81
01/30/2008,NEW,LA,ASW,CE,Towers with Radar,0,7,50,2,59,0,0,117,0,117,0,7,167,2,176,60,0,60,236
01/31/2008,NEW,LA,ASW,CE,Towers with Radar,0,2,34,1,37,0,0,0,0,0,0,2,34,1,37,20,0,20,57
02/01/2008,NEW,LA,ASW,CE,Towers with Radar,0,8,54,5,67,0,0,105,4,109,0,8,159,9,176,74,0,74,250
02/02/2008,NEW,LA,ASW,CE,Towers with Radar,0,5,29,3,37,0,0,89,4,93,0,5,118,7,130,98,6,104,234
02/03/2008,NEW,LA,ASW,CE,Towers with Radar,0,12,45,3,60,0,0,53,1,54,0,12,98,4,114,32,0,32,146
02/04/2008,NEW,LA,ASW,CE,Towers with Radar,0,6,44,1,51,0,0,40,3,43,0,6,84,4,94,66,0,66,160
02/05/2008,NEW,LA,ASW,CE,Towers with Radar,0,6,18,0,24,0,0,9,0,9,0,6,27,0,33,6,0,6,39
02/06/2008,NEW,LA,ASW,CE,Towers with Radar,0,2,35,0,37,0,0,52,0,52,0,2,87,0,89,26,0,26,115
02/07/2008,NEW,LA,ASW,CE,Towers with Radar,1,3,46,0,50,0,0,74,7,81,1,3,120,7,131,136,0,136,267
02/08/2008,NEW,LA,ASW,CE,Towers with Radar,0,5,38,0,43,0,0,94,0,94,0,5,132,0,137,118,0,118,255
02/09/2008,NEW,LA,ASW,CE,Towers with Radar,0,5,39,3,47,0,0,90,1,91,0,5,129,4,138,132,4,136,274
02/10/2008,NEW,LA,ASW,CE,Towers with Radar,0,8,30,3,41,0,0,72,0,72,0,8,102,3,113,76,0,76,189
02/11/2008,NEW,LA,ASW,CE,Towers with Radar,0,2,44,1,47,0,2,42,0,44,0,4,86,1,91,48,0,48,139
02/12/2008,NEW,LA,ASW,CE,Towers with Radar,0,7,6,0,13,0,0,23,0,23,0,7,29,0,36,18,0,18,54
02/13/2008,NEW,LA,ASW,CE,Towers with Radar,0,2,38,1,41,0,0,48,1,49,0,2,86,2,90,56,0,56,146
02/14/2008,NEW,LA,ASW,CE,Towers with Radar,0,10,50,7,67,0,0,78,6,84,0,10,128,13,151,96,20,116,267
02/15/2008,NEW,LA,ASW,CE,Towers with Radar,0,10,51,0,61,0,0,40,4,44,0,10,91,4,105,58,0,58,163
02/16/2008,NEW,LA,ASW,CE,Towers with Radar,0,7,26,7,40,0,0,63,3,66,0,7,89,10,106,124,6,130,236
02/17/2008,NEW,LA,ASW,CE,Towers with Radar,0,12,22,5,39,0,0,27,1,28,0,12,49,6,67,52,0,52,119
02/18/2008,NEW,LA,ASW,CE,Towers with Radar,0,11,58,9,78,0,0,46,1,47,0,11,104,10,125,60,0,60,185
02/19/2008,NEW,LA,ASW,CE,Towers with Radar,0,2,51,0,53,0,0,74,10,84,0,2,125,10,137,48,0,48,185
02/20/2008,NEW,LA,ASW,CE,Towers with Radar,0,2,42,0,44,0,0,60,1,61,0,2,102,1,105,66,0,66,171
02/21/2008,NEW,LA,ASW,CE,Towers with Radar,0,0,31,0,31,0,0,4,0,4,0,0,35,0,35,0,0,0,35
02/22/2008,NEW,LA,ASW,CE,Towers with Radar,0,3,43,1,47,0,0,19,0,19,0,3,62,1,66,66,0,66,132
02/23/2008,NEW,LA,ASW,CE,Towers with Radar,0,2,114,10,126,0,0,0,0,0,0,2,114,10,126,110,0,110,236
02/24/2008,NEW,LA,ASW,CE,Towers with Radar,0,2,52,2,56,0,0,60,4,64,0,2,112,6,120,86,0,86,206
02/25/2008,NEW,LA,ASW,CE,Towers with Radar,0,1,22,5,28,0,0,36,1,37,0,1,58,6,65,52,0,52,117
02/26/2008,NEW,LA,ASW,CE,Towers with Radar,0,5,32,2,39,4,0,32,0,36,4,5,64,2,75,10,0,10,85
02/27/2008,NEW,LA,ASW,CE,Towers with Radar,0,1,36,1,38,0,0,90,1,91,0,1,126,2,129,60,0,60,189
02/28/2008,NEW,LA,ASW,CE,Towers with Radar,0,3,30,0,33,0,2,87,2,91,0,5,117,2,124,74,0,74,198
02/29/2008,NEW,LA,ASW,CE,Towers with Radar,0,3,47,0,50,0,2,55,4,61,0,5,102,4,111,64,0,64,175
03/01/2008,NEW,LA,ASW,CE,Towers with Radar,0,0,29,0,29,0,0,129,1,130,0,0,158,1,159,154,0,154,313
03/02/2008,NEW,LA,ASW,CE,Towers with Radar,0,1,51,2,54,0,0,70,4,74,0,1,121,6,128,64,4,68,196
03/03/2008,NEW,LA,ASW,CE,Towers with Radar,2,4,14,2,22,0,0,8,3,11,2,4,22,5,33,4,0,4,37
03/04/2008,NEW,LA,ASW,CE,Towers with Radar,0,3,19,1,23,2,0,27,2,31,2,3,46,3,54,6,0,6,60
03/05/2008,NEW,LA,ASW,CE,Towers with Radar,0,4,25,0,29,0,0,79,1,80,0,4,104,1,109,102,0,102,211
03/06/2008,NEW,LA,ASW,CE,Towers with Radar,0,11,35,0,46,0,0,80,2,82,0,11,115,2,128,150,2,152,280
03/07/2008,NEW,LA,ASW,CE,Towers with Radar,0,7,24,2,33,0,0,3,3,6,0,7,27,5,39,0,0,0,39
03/08/2008,NEW,LA,ASW,CE,Towers with Radar,0,15,42,0,57,0,0,95,2,97,0,15,137,2,154,80,4,84,238
03/09/2008,NEW,LA,ASW,CE,Towers with Radar,0,8,27,5,40,0,0,83,3,86,0,8,110,8,126,100,2,102,228
03/10/2008,NEW,LA,ASW,CE,Towers with Radar,0,4,28,11,43,0,0,45,32,77,0,4,73,43,120,110,0,110,230
03/11/2008,NEW,LA,ASW,CE,Towers with Radar,0,2,28,6,36,0,0,44,23,67,0,2,72,29,103,96,0,96,199
03/12/2008,NEW,LA,ASW,CE,Towers with Radar,0,5,40,6,51,0,0,71,2,73,0,5,111,8,124,102,0,102,226
03/13/2008,NEW,LA,ASW,CE,Towers with Radar,0,11,47,0,58,0,0,82,4,86,0,11,129,4,144,118,0,118,262
03/14/2008,NEW,LA,ASW,CE,Towers with Radar,0,6,45,4,55,0,2,44,3,49,0,8,89,7,104,60,0,60,164
03/15/2008,NEW,LA,ASW,CE,Towers with Radar,0,4,22,0,26,0,0,39,4,43,0,4,61,4,69,18,0,18,87
03/16/2008,NEW,LA,ASW,CE,Towers with Radar,0,2,36,0,38,0,0,89,0,89,0,2,125,0,127,92,0,92,219
03/17/2008,NEW,LA,ASW,CE,Towers with Radar,0,5,37,0,42,0,0,29,6,35,0,5,66,6,77,30,0,30,107
03/18/2008,NEW,LA,ASW,CE,Towers with Radar,0,2,32,0,34,0,0,5,6,11,0,2,37,6,45,0,0,0,45
03/19/2008,NEW,LA,ASW,CE,Towers with Radar,0,6,41,3,50,0,0,52,1,53,0,6,93,4,103,34,0,34,137
03/20/2008,NEW,LA,ASW,CE,Towers with Radar,0,3,59,3,65,0,0,141,12,153,0,3,200,15,218,184,28,212,430
03/21/2008,NEW,LA,ASW,CE,Towers with Radar,0,3,29,0,32,0,2,104,0,106,0,5,133,0,138,164,0,164,302
03/22/2008,NEW,LA,ASW,CE,Towers with Radar,0,2,26,0,28,0,0,103,1,104,0,2,129,1,132,116,0,116,248
03/23/2008,NEW,LA,ASW,CE,Towers with Radar,0,1,25,0,26,0,0,40,5,45,0,1,65,5,71,20,0,20,91
03/24/2008,NEW,LA,ASW,CE,Towers with Radar,0,3,32,0,35,0,3,57,0,60,0,6,89,0,95,82,0,82,177
03/25/2008,NEW,LA,ASW,CE,Towers with Radar,0,4,31,2,37,0,1,67,5,73,0,5,98,7,110,76,0,76,186
03/26/2008,NEW,LA,ASW,CE,Towers with Radar,0,6,42,0,48,0,0,77,0,77,0,6,119,0,125,88,0,88,213
03/27/2008,NEW,LA,ASW,CE,Towers with Radar,0,4,21,0,25,0,0,71,1,72,0,4,92,1,97,78,0,78,175
03/28/2008,NEW,LA,ASW,CE,Towers with Radar,0,0,44,4,48,0,0,71,2,73,0,0,115,6,121,106,4,110,231
03/29/2008,NEW,LA,ASW,CE,Towers with Radar,0,0,26,3,29,0,0,3,0,3,0,0,29,3,32,20,0,20,52
03/30/2008,NEW,LA,ASW,CE,Towers with Radar,0,5,38,0,43,0,0,56,2,58,0,5,94,2,101,46,0,46,147
03/31/2008,NEW,LA,ASW,CE,Towers with Radar,0,6,30,2,38,0,0,18,1,19,0,6,48,3,57,6,0,6,63
04/01/2008,NEW,LA,ASW,CE,Towers with Radar,0,2,37,0,39,0,0,20,0,20,0,2,57,0,59,30,0,30,89
04/02/2008,NEW,LA,ASW,CE,Towers with Radar,1,5,33,0,39,0,0,9,0,9,1,5,42,0,48,10,0,10,58
04/03/2008,NEW,LA,ASW,CE,Towers with Radar,0,5,58,0,63,0,0,68,3,71,0,5,126,3,134,100,0,100,234
04/04/2008,NEW,LA,ASW,CE,Towers with Radar,0,3,37,3,43,0,0,54,3,57,0,3,91,6,100,84,0,84,184
04/05/2008,NEW,LA,ASW,CE,Towers with Radar,0,10,13,13,36,0,0,23,2,25,0,10,36,15,61,176,0,176,237
04/06/2008,NEW,LA,ASW,CE,Towers with Radar,0,9,44,0,53,0,0,83,3,86,0,9,127,3,139,104,0,104,243
04/07/2008,NEW,LA,ASW,CE,Towers with Radar,0,11,39,1,51,0,1,56,4,61,0,12,95,5,112,48,0,48,160
04/08/2008,NEW,LA,ASW,CE,Towers with Radar,0,14,36,0,50,0,0,43,0,43,0,14,79,0,93,52,0,52,145
04/09/2008,NEW,LA,ASW,CE,Towers with Radar,0,12,34,1,47,0,0,71,0,71,0,12,105,1,118,74,0,74,192
04/10/2008,NEW,LA,ASW,CE,Towers with Radar,0,12,57,2,71,0,0,44,13,57,0,12,101,15,128,83,0,83,211
04/11/2008,NEW,LA,ASW,CE,Towers with Radar,0,7,40,4,51,0,1,19,7,27,0,8,59,11,78,30,0,30,108
04/12/2008,NEW,LA,ASW,CE,Towers with Radar,0,5,35,0,40,0,0,72,1,73,0,5,107,1,113,100,0,100,213
04/13/2008,NEW,LA,ASW,CE,Towers with Radar,0,15,32,2,49,0,0,61,12,73,0,15,93,14,122,16,0,16,138
04/14/2008,NEW,LA,ASW,CE,Towers with Radar,0,1,33,1,35,2,0,64,2,68,2,1,97,3,103,68,0,68,171
04/15/2008,NEW,LA,ASW,CE,Towers with Radar,0,7,30,2,39,0,1,54,4,59,0,8,84,6,98,226,10,236,334
04/16/2008,NEW,LA,ASW,CE,Towers with Radar,0,2,53,0,55,0,1,75,2,78,0,3,128,2,133,92,0,92,225
04/17/2008,NEW,LA,ASW,CE,Towers with Radar,0,2,68,0,70,0,0,89,6,95,0,2,157,6,165,72,0,72,237
04/18/2008,NEW,LA,ASW,CE,Towers with Radar,0,0,32,0,32,0,0,29,2,31,0,0,61,2,63,84,0,84,147
04/19/2008,NEW,LA,ASW,CE,Towers with Radar,0,1,30,0,31,0,0,122,9,131,0,1,152,9,162,152,8,160,322
04/20/2008,NEW,LA,ASW,CE,Towers with Radar,0,6,40,2,48,0,0,88,11,99,0,6,128,13,147,118,0,118,265
04/21/2008,NEW,LA,ASW,CE,Towers with Radar,0,1,11,0,12,0,0,6,2,8,0,1,17,2,20,0,0,0,20
04/22/2008,NEW,LA,ASW,CE,Towers with Radar,0,2,11,0,13,0,0,9,10,19,0,2,20,10,32,10,0,10,42
04/23/2008,NEW,LA,ASW,CE,Towers with Radar,0,5,41,6,52,0,0,60,12,72,0,5,101,18,124,100,0,100,224
04/24/2008,NEW,LA,ASW,CE,Towers with Radar,0,11,41,1,53,0,0,68,3,71,0,11,109,4,124,86,0,86,210
04/25/2008,NEW,LA,ASW,CE,Towers with Radar,0,5,53,19,77,0,0,77,2,79,0,5,130,21,156,118,0,118,274
04/26/2008,NEW,LA,ASW,CE,Towers with Radar,0,3,27,0,30,0,0,33,0,33,0,3,60,0,63,40,0,40,103
04/27/2008,NEW,LA,ASW,CE,Towers with Radar,0,7,33,1,41,0,0,34,0,34,0,7,67,1,75,22,0,22,97
04/28/2008,NEW,LA,ASW,CE,Towers with Radar,0,12,47,11,70,0,1,56,15,72,0,13,103,26,142,98,18,116,258
04/29/2008,NEW,LA,ASW,CE,Towers with Radar,0,5,54,2,61,0,0,67,1,68,0,5,121,3,129,66,0,66,195
04/30/2008,NEW,LA,ASW,CE,Towers with Radar,0,3,58,13,74,0,0,122,2,124,0,3,180,15,198,62,42,104,302
05/01/2008,NEW,LA,ASW,CE,Towers with Radar,0,14,73,0,87,0,0,94,5,99,0,14,167,5,186,84,4,88,274
05/02/2008,NEW,LA,ASW,CE,Towers with Radar,0,8,57,0,65,0,0,44,2,46,0,8,101,2,111,42,0,42,153
05/03/2008,NEW,LA,ASW,CE,Towers with Radar,0,6,25,0,31,0,0,77,0,77,0,6,102,0,108,126,0,126,234
05/04/2008,NEW,LA,ASW,CE,Towers with Radar,0,19,66,3,88,0,1,145,5,151,0,20,211,8,239,118,0,118,357
05/05/2008,NEW,LA,ASW,CE,Towers with Radar,0,5,61,2,68,0,2,66,1,69,0,7,127,3,137,44,6,50,187
05/06/2008,NEW,LA,ASW,CE,Towers with Radar,0,4,51,0,55,0,10,61,5,76,0,14,112,5,131,96,0,96,227
05/07/2008,NEW,LA,ASW,CE,Towers with Radar,0,5,27,2,34,0,0,78,2,80,0,5,105,4,114,46,0,46,160
05/08/2008,NEW,LA,ASW,CE,Towers with Radar,0,5,43,6,54,0,1,22,5,28,0,6,65,11,82,30,14,44,126
05/09/2008,NEW,LA,ASW,CE,Towers with Radar,0,2,69,5,76,0,1,75,10,86,0,3,144,15,162,74,24,98,260
05/10/2008,NEW,LA,ASW,CE,Towers with Radar,0,2,46,5,53,0,0,53,2,55,0,2,99,7,108,90,0,90,198
05/11/2008,NEW,LA,ASW,CE,Towers with Radar,0,3,34,0,37,0,0,43,5,48,0,3,77,5,85,68,4,72,157
05/12/2008,NEW,LA,ASW,CE,Towers with Radar,0,2,42,0,44,0,0,56,4,60,0,2,98,4,104,66,0,66,170
05/13/2008,NEW,LA,ASW,CE,Towers with Radar,0,4,44,0,48,0,1,79,0,80,0,5,123,0,128,66,0,66,194
05/14/2008,NEW,LA,ASW,CE,Towers with Radar,0,1,43,2,46,0,0,42,1,43,0,1,85,3,89,114,0,114,203
05/15/2008,NEW,LA,ASW,CE,Towers with Radar,0,5,41,0,46,0,0,27,4,31,0,5,68,4,77,58,20,78,155
05/16/2008,NEW,LA,ASW,CE,Towers with Radar,0,3,48,0,51,0,0,7,0,7,0,3,55,0,58,0,0,0,58
05/17/2008,NEW,LA,ASW,CE,Towers with Radar,0,3,44,2,49,0,0,116,6,122,0,3,160,8,171,144,2,146,317
05/18/2008,NEW,LA,ASW,CE,Towers with Radar,0,10,69,5,84,0,0,86,2,88,0,10,155,7,172,108,0,108,280
05/19/2008,NEW,LA,ASW,CE,Towers with Radar,0,16,44,2,62,0,1,64,0,65,0,17,108,2,127,72,0,72,199
05/20/2008,NEW,LA,ASW,CE,Towers with Radar,0,19,43,4,66,0,0,75,2,77,0,19,118,6,143,60,0,60,203
05/21/2008,NEW,LA,ASW,CE,Towers with Radar,0,5,45,4,54,0,0,64,1,65,0,5,109,5,119,118,10,128,247
05/22/2008,NEW,LA,ASW,CE,Towers with Radar,0,7,42,0,49,0,0,12,5,17,0,7,54,5,66,32,0,32,98
05/23/2008,NEW,LA,ASW,CE,Towers with Radar,0,2,54,2,58,0,0,17,0,17,0,2,71,2,75,28,0,28,103
05/24/2008,NEW,LA,ASW,CE,Towers with Radar,0,9,20,0,29,0,3,26,0,29,0,12,46,0,58,102,0,102,160
05/25/2008,NEW,LA,ASW,CE,Towers with Radar,0,0,28,1,29,0,0,52,2,54,0,0,80,3,83,64,0,64,147
05/26/2008,NEW,LA,ASW,CE,Towers with Radar,0,0,43,1,44,0,0,41,1,42,0,0,84,2,86,94,0,94,180
05/27/2008,NEW,LA,ASW,CE,Towers with Radar,0,9,37,5,51,0,1,63,5,69,0,10,100,10,120,56,0,56,176
05/28/2008,NEW,LA,ASW,CE,Towers with Radar,0,2,40,2,44,0,0,38,2,40,0,2,78,4,84,56,0,56,140
05/29/2008,NEW,LA,ASW,CE,Towers with Radar,0,2,38,0,40,0,0,68,7,75,0,2,106,7,115,116,2,118,233
05/30/2008,NEW,LA,ASW,CE,Towers with Radar,0,6,45,1,52,0,0,74,6,80,0,6,119,7,132,108,0,108,240
05/31/2008,NEW,LA,ASW,CE,Towers with Radar,0,2,38,2,42,0,0,80,2,82,0,2,118,4,124,84,4,88,212
06/01/2008,NEW,LA,ASW,CE,Towers with Radar,0,5,45,1,51,0,0,80,1,81,0,5,125,2,132,46,0,46,178
06/02/2008,NEW,LA,ASW,CE,Towers with Radar,0,0,42,0,42,0,0,80,0,80,0,0,122,0,122,52,0,52,174
06/03/2008,NEW,LA,ASW,CE,Towers with Radar,0,5,30,0,35,0,0,39,0,39,0,5,69,0,74,40,0,40,114
06/04/2008,NEW,LA,ASW,CE,Towers with Radar,0,7,43,0,50,0,1,77,8,86,0,8,120,8,136,42,8,50,186
06/05/2008,NEW,LA,ASW,CE,Towers with Radar,0,1,60,0,61,0,6,56,6,68,0,7,116,6,129,76,0,76,205
06/06/2008,NEW,LA,ASW,CE,Towers with Radar,0,1,42,4,47,0,2,48,4,54,0,3,90,8,101,70,6,76,177
06/07/2008,NEW,LA,ASW,CE,Towers with Radar,0,3,34,0,37,0,0,78,4,82,0,3,112,4,119,98,0,98,217
06/08/2008,NEW,LA,ASW,CE,Towers with Radar,0,2,32,3,37,0,0,43,78,121,0,2,75,81,158,54,0,54,212
06/09/2008,NEW,LA,ASW,CE,Towers with Radar,0,3,27,0,30,0,2,33,4,39,0,5,60,4,69,34,0,34,103
06/10/2008,NEW,LA,ASW,CE,Towers with Radar,0,0,33,0,33,0,1,47,6,54,0,1,80,6,87,46,0,46,133
06/11/2008,NEW,LA,ASW,CE,Towers with Radar,0,1,36,0,37,0,0,97,0,97,0,1,133,0,134,124,0,124,258
06/12/2008,NEW,LA,ASW,CE,Towers with Radar,0,2,56,0,58,0,0,72,9,81,0,2,128,9,139,100,14,114,253
06/13/2008,NEW,LA,ASW,CE,Towers with Radar,0,4,29,7,40,0,0,42,4,46,0,4,71,11,86,22,0,22,108
06/14/2008,NEW,LA,ASW,CE,Towers with Radar,0,3,21,0,24,1,0,58,3,62,1,3,79,3,86,96,0,96,182
06/15/2008,NEW,LA,ASW,CE,Towers with Radar,0,2,25,0,27,0,0,33,2,35,0,2,58,2,62,22,0,22,84
06/16/2008,NEW,LA,ASW,CE,Towers with Radar,0,5,33,2,40,0,1,67,0,68,0,6,100,2,108,98,0,98,206
06/17/2008,NEW,LA,ASW,CE,Towers with Radar,0,2,44,0,46,0,0,65,2,67,0,2,109,2,113,104,8,112,225
06/18/2008,NEW,LA,ASW,CE,Towers with Radar,0,5,51,0,56,0,0,89,2,91,0,5,140,2,147,80,0,80,227
06/19/2008,NEW,LA,ASW,CE,Towers with Radar,0,4,40,0,44,0,2,58,4,64,0,6,98,4,108,148,0,148,256
06/20/2008,NEW,LA,ASW,CE,Towers with Radar,0,6,64,0,70,0,2,54,2,58,0,8,118,2,128,70,0,70,198
06/21/2008,NEW,LA,ASW,CE,Towers with Radar,0,4,20,0,24,0,0,41,0,41,0,4,61,0,65,28,0,28,93
06/22/2008,NEW,LA,ASW,CE,Towers with Radar,0,0,45,0,45,0,1,63,2,66,0,1,108,2,111,48,0,48,159
06/23/2008,NEW,LA,ASW,CE,Towers with Radar,0,3,33,4,40,0,0,54,0,54,0,3,87,4,94,68,0,68,162
06/24/2008,NEW,LA,ASW,CE,Towers with Radar,0,5,48,0,53,0,3,66,5,74,0,8,114,5,127,84,0,84,211
06/25/2008,NEW,LA,ASW,CE,Towers with Radar,0,3,59,0,62,0,4,45,4,53,0,7,104,4,115,6,0,6,121
06/26/2008,NEW,LA,ASW,CE,Towers with Radar,0,5,49,2,56,0,0,117,0,117,0,5,166,2,173,132,0,132,305
06/27/2008,NEW,LA,ASW,CE,Towers with Radar,0,4,37,0,41,0,0,56,2,58,0,4,93,2,99,64,0,64,163
06/28/2008,NEW,LA,ASW,CE,Towers with Radar,0,0,42,0,42,0,0,66,6,72,0,0,108,6,114,90,0,90,204
06/29/2008,NEW,LA,ASW,CE,Towers with Radar,0,4,42,0,46,0,0,36,54,90,0,4,78,54,136,54,0,54,190
06/30/2008,NEW,LA,ASW,CE,Towers with Radar,0,0,21,0,21,0,1,36,16,53,0,1,57,16,74,58,6,64,138
07/01/2008,NEW,LA,ASW,CE,Towers with Radar,0,1,29,9,39,0,1,59,3,63,0,2,88,12,102,40,4,44,146
07/02/2008,NEW,LA,ASW,CE,Towers with Radar,0,4,34,0,38,0,1,62,0,63,0,5,96,0,101,96,0,96,197
07/03/2008,NEW,LA,ASW,CE,Towers with Radar,0,2,34,2,38,0,0,48,2,50,0,2,82,4,88,76,2,78,166
07/04/2008,NEW,LA,ASW,CE,Towers with Radar,0,0,25,0,25,0,0,43,1,44,0,0,68,1,69,76,0,76,145
07/05/2008,NEW,LA,ASW,CE,Towers with Radar,0,0,24,0,24,0,0,46,1,47,0,0,70,1,71,20,0,20,91
07/06/2008,NEW,LA,ASW,CE,Towers with Radar,0,0,23,0,23,0,0,15,3,18,0,0,38,3,41,8,4,12,53
07/07/2008,NEW,LA,ASW,CE,Towers with Radar,0,0,23,0,23,0,0,45,0,45,0,0,68,0,68,102,0,102,170
07/08/2008,NEW,LA,ASW,CE,Towers with Radar,0,2,32,1,35,0,0,35,0,35,0,2,67,1,70,28,0,28,98
07/09/2008,NEW,LA,ASW,CE,Towers with Radar,0,3,39,1,43,0,0,49,0,49,0,3,88,1,92,178,0,178,270
07/10/2008,NEW,LA,ASW,CE,Towers with Radar,0,8,34,0,42,0,0,55,0,55,0,8,89,0,97,120,0,120,217
07/11/2008,NEW,LA,ASW,CE,Towers with Radar,0,3,46,1,50,0,0,70,2,72,0,3,116,3,122,78,0,78,200
07/12/2008,NEW,LA,ASW,CE,Towers with Radar,0,0,16,8,24,0,0,116,1,117,0,0,132,9,141,202,0,202,343
07/13/2008,NEW,LA,ASW,CE,Towers with Radar,0,0,31,4,35,0,0,36,0,36,0,0,67,4,71,38,0,38,109
07/14/2008,NEW,LA,ASW,CE,Towers with Radar,0,3,21,0,24,0,0,27,0,27,0,3,48,0,51,28,0,28,79
07/15/2008,NEW,LA,ASW,CE,Towers with Radar,0,2,29,0,31,0,0,42,0,42,0,2,71,0,73,68,0,68,141
07/16/2008,NEW,LA,ASW,CE,Towers with Radar,0,6,39,0,45,0,0,97,3,100,0,6,136,3,145,160,0,160,305
07/17/2008,NEW,LA,ASW,CE,Towers with Radar,0,7,46,1,54,0,0,77,0,77,0,7,123,1,131,106,0,106,237
07/18/2008,NEW,LA,ASW,CE,Towers with Radar,0,7,35,5,47,0,0,41,2,43,0,7,76,7,90,56,0,56,146
07/19/2008,NEW,LA,ASW,CE,Towers with Radar,0,0,34,0,34,0,0,31,2,33,0,0,65,2,67,84,0,84,151
07/20/2008,NEW,LA,ASW,CE,Towers with Radar,0,1,24,3,28,0,0,53,4,57,0,1,77,7,85,28,0,28,113
07/21/2008,NEW,LA,ASW,CE,Towers with Radar,0,1,29,0,30,0,0,38,2,40,0,1,67,2,70,26,0,26,96
07/22/2008,NEW,LA,ASW,CE,Towers with Radar,0,2,49,0,51,0,0,56,1,57,0,2,105,1,108,98,0,98,206
07/23/2008,NEW,LA,ASW,CE,Towers with Radar,0,5,31,0,36,0,0,88,8,96,0,5,119,8,132,14,0,14,146
07/24/2008,NEW,LA,ASW,CE,Towers with Radar,0,4,54,0,58,0,0,52,2,54,0,4,106,2,112,38,0,38,150
07/25/2008,NEW,LA,ASW,CE,Towers with Radar,0,3,48,1,52,0,0,78,1,79,0,3,126,2,131,150,0,150,281
07/26/2008,NEW,LA,ASW,CE,Towers with Radar,0,0,17,0,17,0,0,52,0,52,0,0,69,0,69,30,0,30,99
07/27/2008,NEW,LA,ASW,CE,Towers with Radar,0,1,40,1,42,0,0,47,1,48,0,1,87,2,90,12,0,12,102
07/28/2008,NEW,LA,ASW,CE,Towers with Radar,0,3,21,0,24,0,0,36,1,37,0,3,57,1,61,28,0,28,89
07/29/2008,NEW,LA,ASW,CE,Towers with Radar,0,0,26,0,26,0,0,23,0,23,0,0,49,0,49,0,0,0,49
07/30/2008,NEW,LA,ASW,CE,Towers with Radar,0,2,30,0,32,0,0,72,0,72,0,2,102,0,104,130,0,130,234
07/31/2008,NEW,LA,ASW,CE,Towers with Radar,0,8,49,0,57,0,0,82,0,82,0,8,131,0,139,144,0,144,283
08/01/2008,NEW,LA,ASW,CE,Towers with Radar,0,5,31,0,36,0,0,28,0,28,0,5,59,0,64,36,0,36,100
08/02/2008,NEW,LA,ASW,CE,Towers with Radar,0,0,27,2,29,0,0,84,1,85,0,0,111,3,114,118,0,118,232
08/03/2008,NEW,LA,ASW,CE,Towers with Radar,0,2,39,1,42,0,0,55,1,56,0,2,94,2,98,46,0,46,144
08/04/2008,NEW,LA,ASW,CE,Towers with Radar,0,2,14,0,16,0,0,17,0,17,0,2,31,0,33,38,0,38,71
08/05/2008,NEW,LA,ASW,CE,Towers with Radar,0,4,30,0,34,0,0,36,1,37,0,4,66,1,71,48,0,48,119
08/06/2008,NEW,LA,ASW,CE,Towers with Radar,0,2,36,0,38,0,0,71,0,71,0,2,107,0,109,110,0,110,219
08/07/2008,NEW,LA,ASW,CE,Towers with Radar,0,0,45,0,45,0,0,50,2,52,0,0,95,2,97,18,0,18,115
08/08/2008,NEW,LA,ASW,CE,Towers with Radar,0,0,37,1,38,0,0,35,0,35,0,0,72,1,73,86,0,86,159
08/09/2008,NEW,LA,ASW,CE,Towers with Radar,0,3,21,3,27,0,0,88,0,88,0,3,109,3,115,126,0,126,241
08/10/2008,NEW,LA,ASW,CE,Towers with Radar,0,6,50,3,59,0,0,58,0,58,0,6,108,3,117,84,0,84,201
08/11/2008,NEW,LA,ASW,CE,Towers with Radar,0,6,23,0,29,0,0,14,0,14,0,6,37,0,43,14,0,14,57
08/12/2008,NEW,LA,ASW,CE,Towers with Radar,0,0,24,1,25,0,0,32,5,37,0,0,56,6,62,68,0,68,130
08/13/2008,NEW,LA,ASW,CE,Towers with Radar,0,0,42,0,42,0,0,66,0,66,0,0,108,0,108,48,0,48,156
08/14/2008,NEW,LA,ASW,CE,Towers with Radar,2,2,62,0,66,0,0,82,2,84,2,2,144,2,150,80,0,80,230
08/15/2008,NEW,LA,ASW,CE,Towers with Radar,0,4,47,0,51,0,0,78,0,78,0,4,125,0,129,172,0,172,301
08/16/2008,NEW,LA,ASW,CE,Towers with Radar,0,0,14,1,15,0,0,20,0,20,0,0,34,1,35,14,0,14,49
08/17/2008,NEW,LA,ASW,CE,Towers with Radar,0,0,25,1,26,0,0,80,0,80,0,0,105,1,106,62,0,62,168
08/18/2008,NEW,LA,ASW,CE,Towers with Radar,0,3,32,3,38,0,0,38,0,38,0,3,70,3,76,22,0,22,98
08/19/2008,NEW,LA,ASW,CE,Towers with Radar,0,1,36,3,40,0,0,43,3,46,0,1,79,6,86,40,0,40,126
08/20/2008,NEW,LA,ASW,CE,Towers with Radar,0,3,36,4,43,0,0,49,1,50,0,3,85,5,93,56,0,56,149
08/21/2008,NEW,LA,ASW,CE,Towers with Radar,0,5,24,0,29,0,0,86,6,92,0,5,110,6,121,158,0,158,279
08/22/2008,NEW,LA,ASW,CE,Towers with Radar,0,2,42,10,54,0,0,75,1,76,0,2,117,11,130,202,0,202,332
08/23/2008,NEW,LA,ASW,CE,Towers with Radar,0,1,11,1,13,0,0,63,0,63,0,1,74,1,76,96,0,96,172
08/24/2008,NEW,LA,ASW,CE,Towers with Radar,0,2,3,0,5,0,0,0,0,0,0,2,3,0,5,0,0,0,5
08/25/2008,NEW,LA,ASW,CE,Towers with Radar,0,0,18,0,18,0,0,1,0,1,0,0,19,0,19,0,0,0,19
08/26/2008,NEW,LA,ASW,CE,Towers with Radar,0,2,32,7,41,0,0,45,0,45,0,2,77,7,86,54,0,54,140
08/27/2008,NEW,LA,ASW,CE,Towers with Radar,0,6,48,3,57,0,0,94,4,98,0,6,142,7,155,202,38,240,395
08/28/2008,NEW,LA,ASW,CE,Towers with Radar,0,3,60,0,63,0,0,79,5,84,0,3,139,5,147,134,0,134,281
08/29/2008,NEW,LA,ASW,CE,Towers with Radar,0,6,62,0,68,0,0,97,2,99,0,6,159,2,167,182,0,182,349
08/30/2008,NEW,LA,ASW,CE,Towers with Radar,0,17,62,6,85,0,0,107,2,109,0,17,169,8,194,38,0,38,232
08/31/2008,NEW,LA,ASW,CE,Towers with Radar,0,2,33,29,64,0,0,107,30,137,0,2,140,59,201,0,0,0,201
09/01/2008,NEW,LA,ASW,CE,Towers with Radar,0,0,0,0,0,0,0,0,0,0,0,0,0,0,0,0,0,0,0
09/02/2008,NEW,LA,ASW,CE,Towers with Radar,0,1,1,3,5,0,0,8,5,13,0,1,9,8,18,0,0,0,18
09/03/2008,NEW,LA,ASW,CE,Towers with Radar,0,0,17,0,17,0,4,61,12,77,0,4,78,12,94,0,0,0,94
09/04/2008,NEW,LA,ASW,CE,Towers with Radar,0,0,14,0,14,0,0,53,12,65,0,0,67,12,79,0,0,0,79
09/05/2008,NEW,LA,ASW,CE,Towers with Radar,0,5,37,0,42,0,0,71,1,72,0,5,108,1,114,6,0,6,120
09/06/2008,NEW,LA,ASW,CE,Towers with Radar,0,4,29,3,36,0,0,40,5,45,0,4,69,8,81,28,0,28,109
09/07/2008,NEW,LA,ASW,CE,Towers with Radar,0,3,28,0,31,0,0,64,0,64,0,3,92,0,95,46,0,46,141
09/08/2008,NEW,LA,ASW,CE,Towers with Radar,0,2,34,0,36,0,0,17,1,18,0,2,51,1,54,20,0,20,74
09/09/2008,NEW,LA,ASW,CE,Towers with Radar,0,2,31,0,33,0,0,33,0,33,0,2,64,0,66,30,0,30,96
09/10/2008,NEW,LA,ASW,CE,Towers with Radar,0,0,22,1,23,0,0,38,1,39,0,0,60,2,62,40,0,40,102
09/11/2008,NEW,LA,ASW,CE,Towers with Radar,0,9,32,1,42,0,0,25,0,25,0,9,57,1,67,8,0,8,75
09/12/2008,NEW,LA,ASW,CE,Towers with Radar,0,0,0,0,0,0,0,0,0,0,0,0,0,0,0,0,0,0,0
09/13/2008,NEW,LA,ASW,CE,Towers with Radar,0,0,12,3,15,0,0,5,0,5,0,0,17,3,20,2,0,2,22
09/14/2008,NEW,LA,ASW,CE,Towers with Radar,0,0,30,0,30,0,4,48,2,54,0,4,78,2,84,32,0,32,116
09/15/2008,NEW,LA,ASW,CE,Towers with Radar,0,2,30,1,33,0,0,26,4,30,0,2,56,5,63,2,0,2,65
09/16/2008,NEW,LA,ASW,CE,Towers with Radar,0,2,31,0,33,0,1,35,2,38,0,3,66,2,71,66,0,66,137
09/17/2008,NEW,LA,ASW,CE,Towers with Radar,0,3,39,1,43,0,0,98,4,102,0,3,137,5,145,150,0,150,295
09/18/2008,NEW,LA,ASW,CE,Towers with Radar,0,0,41,0,41,0,0,82,1,83,0,0,123,1,124,108,0,108,232
09/19/2008,NEW,LA,ASW,CE,Towers with Radar,0,4,32,4,40,0,1,62,2,65,0,5,94,6,105,86,0,86,191
09/20/2008,NEW,LA,ASW,CE,Towers with Radar,0,0,30,2,32,0,0,66,2,68,0,0,96,4,100,70,0,70,170
09/21/2008,NEW,LA,ASW,CE,Towers with Radar,0,6,38,3,47,0,0,54,3,57,0,6,92,6,104,138,0,138,242
09/22/2008,NEW,LA,ASW,CE,Towers with Radar,0,4,43,0,47,0,0,49,0,49,0,4,92,0,96,26,0,26,122
09/23/2008,NEW,LA,ASW,CE,Towers with Radar,0,2,48,7,57,0,3,57,2,62,0,5,105,9,119,40,0,40,159
09/24/2008,NEW,LA,ASW,CE,Towers with Radar,0,3,60,0,63,0,4,111,5,120,0,7,171,5,183,128,0,128,311
09/25/2008,NEW,LA,ASW,CE,Towers with Radar,0,3,50,0,53,0,0,84,0,84,0,3,134,0,137,184,0,184,321
09/26/2008,NEW,LA,ASW,CE,Towers with Radar,0,1,25,0,26,0,0,91,0,91,0,1,116,0,117,88,0,88,205
09/27/2008,NEW,LA,ASW,CE,Towers with Radar,0,4,35,0,39,0,0,68,0,68,0,4,103,0,107,96,0,96,203
09/28/2008,NEW,LA,ASW,CE,Towers with Radar,0,1,36,0,37,0,0,90,0,90,0,1,126,0,127,42,0,42,169
09/29/2008,NEW,LA,ASW,CE,Towers with Radar,0,2,28,0,30,0,0,56,0,56,0,2,84,0,86,80,0,80,166
09/30/2008,NEW,LA,ASW,CE,Towers with Radar,0,6,21,0,27,0,0,57,1,58,0,6,78,1,85,118,0,118,203
10/01/2008,NEW,LA,ASW,CE,Towers with Radar,0,20,42,0,62,0,0,92,0,92,0,20,134,0,154,94,0,94,248
10/02/2008,NEW,LA,ASW,CE,Towers with Radar,0,3,28,0,31,0,0,85,0,85,0,3,113,0,116,176,0,176,292
10/03/2008,NEW,LA,ASW,CE,Towers with Radar,0,2,57,5,64,0,0,66,1,67,0,2,123,6,131,142,0,142,273
10/04/2008,NEW,LA,ASW,CE,Towers with Radar,0,5,33,0,38,0,0,65,5,70,0,5,98,5,108,42,0,42,150
10/05/2008,NEW,LA,ASW,CE,Towers with Radar,0,4,57,2,63,0,0,90,1,91,0,4,147,3,154,68,0,68,222
10/06/2008,NEW,LA,ASW,CE,Towers with Radar,0,6,36,0,42,0,0,39,2,41,0,6,75,2,83,38,0,38,121
10/07/2008,NEW,LA,ASW,CE,Towers with Radar,0,4,54,0,58,0,0,12,0,12,0,4,66,0,70,16,0,16,86
10/08/2008,NEW,LA,ASW,CE,Towers with Radar,0,5,40,16,61,0,3,69,6,78,0,8,109,22,139,148,12,160,299
10/09/2008,NEW,LA,ASW,CE,Towers with Radar,0,1,30,1,32,0,1,65,2,68,0,2,95,3,100,178,0,178,278
10/10/2008,NEW,LA,ASW,CE,Towers with Radar,0,5,41,7,53,0,0,90,4,94,0,5,131,11,147,170,0,170,317
10/11/2008,NEW,LA,ASW,CE,Towers with Radar,0,0,25,3,28,0,0,67,1,68,0,0,92,4,96,68,0,68,164
10/12/2008,NEW,LA,ASW,CE,Towers with Radar,0,4,47,35,86,0,0,47,2,49,0,4,94,37,135,142,142,284,419
10/13/2008,NEW,LA,ASW,CE,Towers with Radar,0,1,35,7,43,0,0,12,0,12,0,1,47,7,55,14,0,14,69
10/14/2008,NEW,LA,ASW,CE,Towers with Radar,0,2,33,2,37,0,0,11,1,12,0,2,44,3,49,24,0,24,73
10/15/2008,NEW,LA,ASW,CE,Towers with Radar,0,1,56,0,57,0,0,58,0,58,0,1,114,0,115,134,0,134,249
10/16/2008,NEW,LA,ASW,CE,Towers with Radar,0,2,53,1,56,0,0,57,1,58,0,2,110,2,114,166,0,166,280
10/17/2008,NEW,LA,ASW,CE,Towers with Radar,0,10,42,0,52,0,0,28,0,28,0,10,70,0,80,124,0,124,204
10/18/2008,NEW,LA,ASW,CE,Towers with Radar,0,4,24,0,28,0,0,52,0,52,0,4,76,0,80,66,0,66,146
10/19/2008,NEW,LA,ASW,CE,Towers with Radar,0,9,31,0,40,0,0,52,0,52,0,9,83,0,92,76,0,76,168
10/20/2008,NEW,LA,ASW,CE,Towers with Radar,0,0,31,2,33,0,0,48,0,48,0,0,79,2,81,86,0,86,167
10/21/2008,NEW,LA,ASW,CE,Towers with Radar,0,2,27,1,30,0,0,50,1,51,0,2,77,2,81,98,0,98,179
10/22/2008,NEW,LA,ASW,CE,Towers with Radar,0,5,40,3,48,0,0,37,9,46,0,5,77,12,94,106,0,106,200
10/23/2008,NEW,LA,ASW,CE,Towers with Radar,0,4,45,2,51,0,0,16,0,16,0,4,61,2,67,0,0,0,67
10/24/2008,NEW,LA,ASW,CE,Towers with Radar,0,8,58,8,74,0,0,10,0,10,0,8,68,8,84,4,0,4,88
10/25/2008,NEW,LA,ASW,CE,Towers with Radar,0,4,24,0,28,0,0,78,0,78,0,4,102,0,106,42,0,42,148
10/26/2008,NEW,LA,ASW,CE,Towers with Radar,0,3,56,3,62,0,0,93,3,96,0,3,149,6,158,74,0,74,232
10/27/2008,NEW,LA,ASW,CE,Towers with Radar,0,5,34,0,39,0,0,41,0,41,0,5,75,0,80,68,0,68,148
10/28/2008,NEW,LA,ASW,CE,Towers with Radar,0,1,27,1,29,0,0,48,0,48,0,1,75,1,77,32,0,32,109
10/29/2008,NEW,LA,ASW,CE,Towers with Radar,0,3,51,1,55,0,0,57,0,57,0,3,108,1,112,130,0,130,242
10/30/2008,NEW,LA,ASW,CE,Towers with Radar,0,11,49,1,61,0,0,64,1,65,0,11,113,2,126,104,0,104,230
10/31/2008,NEW,LA,ASW,CE,Towers with Radar,0,4,42,2,48,0,0,45,0,45,0,4,87,2,93,34,0,34,127
11/01/2008,NEW,LA,ASW,CE,Towers with Radar,0,3,28,1,32,0,0,45,1,46,0,3,73,2,78,78,0,78,156
11/02/2008,NEW,LA,ASW,CE,Towers with Radar,0,11,40,1,52,0,0,55,2,57,0,11,95,3,109,44,0,44,153
11/03/2008,NEW,LA,ASW,CE,Towers with Radar,0,10,30,2,42,0,0,67,1,68,0,10,97,3,110,60,0,60,170
11/04/2008,NEW,LA,ASW,CE,Towers with Radar,0,1,39,2,42,0,0,33,1,34,0,1,72,3,76,18,0,18,94
11/05/2008,NEW,LA,ASW,CE,Towers with Radar,0,3,63,6,72,0,0,54,4,58,0,3,117,10,130,62,0,62,192
11/06/2008,NEW,LA,ASW,CE,Towers with Radar,0,5,36,5,46,0,0,63,2,65,0,5,99,7,111,92,20,112,223
11/07/2008,NEW,LA,ASW,CE,Towers with Radar,0,1,64,6,71,0,0,22,0,22,0,1,86,6,93,4,0,4,97
11/08/2008,NEW,LA,ASW,CE,Towers with Radar,0,2,23,0,25,0,0,67,0,67,0,2,90,0,92,40,0,40,132
11/09/2008,NEW,LA,ASW,CE,Towers with Radar,0,7,64,1,72,0,0,101,0,101,0,7,165,1,173,64,0,64,237
11/10/2008,NEW,LA,ASW,CE,Towers with Radar,0,1,29,0,30,0,0,40,0,40,0,1,69,0,70,34,0,34,104
11/11/2008,NEW,LA,ASW,CE,Towers with Radar,0,5,36,0,41,0,0,42,0,42,0,5,78,0,83,24,0,24,107
11/12/2008,NEW,LA,ASW,CE,Towers with Radar,0,6,32,0,38,0,0,20,0,20,0,6,52,0,58,20,0,20,78
11/13/2008,NEW,LA,ASW,CE,Towers with Radar,0,3,54,1,58,0,0,55,0,55,0,3,109,1,113,102,0,102,215
11/14/2008,NEW,LA,ASW,CE,Towers with Radar,0,8,38,0,46,0,0,7,0,7,0,8,45,0,53,0,0,0,53
11/15/2008,NEW,LA,ASW,CE,Towers with Radar,0,2,36,4,42,0,0,38,1,39,0,2,74,5,81,10,0,10,91
11/16/2008,NEW,LA,ASW,CE,Towers with Radar,0,9,52,4,65,0,0,61,3,64,0,9,113,7,129,24,0,24,153
11/17/2008,NEW,LA,ASW,CE,Towers with Radar,0,0,36,2,38,0,0,39,0,39,0,0,75,2,77,14,0,14,91
11/18/2008,NEW,LA,ASW,CE,Towers with Radar,0,2,40,2,44,0,0,50,2,52,0,2,90,4,96,18,0,18,114
11/19/2008,NEW,LA,ASW,CE,Towers with Radar,0,4,25,2,31,0,2,35,0,37,0,6,60,2,68,98,0,98,166
11/20/2008,NEW,LA,ASW,CE,Towers with Radar,0,5,45,0,50,0,0,63,0,63,0,5,108,0,113,102,0,102,215
11/21/2008,NEW,LA,ASW,CE,Towers with Radar,0,4,62,0,66,0,3,40,0,43,0,7,102,0,109,112,0,112,221
11/22/2008,NEW,LA,ASW,CE,Towers with Radar,0,3,29,0,32,0,0,60,0,60,0,3,89,0,92,64,0,64,156
11/23/2008,NEW,LA,ASW,CE,Towers with Radar,0,4,41,0,45,0,0,45,0,45,0,4,86,0,90,40,0,40,130
11/24/2008,NEW,LA,ASW,CE,Towers with Radar,0,3,21,1,25,0,0,19,0,19,0,3,40,1,44,6,0,6,50
11/25/2008,NEW,LA,ASW,CE,Towers with Radar,0,5,39,2,46,0,1,65,1,67,0,6,104,3,113,76,0,76,189
11/26/2008,NEW,LA,ASW,CE,Towers with Radar,0,5,36,0,41,0,0,44,2,46,0,5,80,2,87,132,16,148,235
11/27/2008,NEW,LA,ASW,CE,Towers with Radar,0,2,16,0,18,0,0,21,0,21,0,2,37,0,39,4,0,4,43
11/28/2008,NEW,LA,ASW,CE,Towers with Radar,0,4,21,0,25,0,0,19,3,22,0,4,40,3,47,4,0,4,51
11/29/2008,NEW,LA,ASW,CE,Towers with Radar,0,0,19,0,19,0,0,7,0,7,0,0,26,0,26,14,0,14,40
11/30/2008,NEW,LA,ASW,CE,Towers with Radar,0,3,35,0,38,0,0,33,0,33,0,3,68,0,71,10,0,10,81
12/01/2008,NEW,LA,ASW,CE,Towers with Radar,0,1,29,3,33,0,0,11,0,11,0,1,40,3,44,20,0,20,64
12/02/2008,NEW,LA,ASW,CE,Towers with Radar,0,3,49,5,57,0,0,39,1,40,0,3,88,6,97,26,0,26,123
12/03/2008,NEW,LA,ASW,CE,Towers with Radar,0,2,47,3,52,0,0,52,1,53,0,2,99,4,105,24,0,24,129
12/04/2008,NEW,LA,ASW,CE,Towers with Radar,0,6,39,1,46,0,0,0,0,0,0,6,39,1,46,0,0,0,46
12/05/2008,NEW,LA,ASW,CE,Towers with Radar,0,4,54,7,65,0,0,57,6,63,0,4,111,13,128,52,12,64,192
12/06/2008,NEW,LA,ASW,CE,Towers with Radar,0,7,36,14,57,0,0,59,1,60,0,7,95,15,117,76,34,110,227
12/07/2008,NEW,LA,ASW,CE,Towers with Radar,0,6,64,7,77,0,0,80,0,80,0,6,144,7,157,38,0,38,195
12/08/2008,NEW,LA,ASW,CE,Towers with Radar,0,4,27,5,36,0,0,52,2,54,0,4,79,7,90,20,0,20,110
12/09/2008,NEW,LA,ASW,CE,Towers with Radar,0,4,25,1,30,0,1,8,0,9,0,5,33,1,39,8,0,8,47
12/10/2008,NEW,LA,ASW,CE,Towers with Radar,0,0,30,0,30,0,0,0,0,0,0,0,30,0,30,0,0,0,30
12/11/2008,NEW,LA,ASW,CE,Towers with Radar,0,0,23,4,27,0,0,6,2,8,0,0,29,6,35,8,0,8,43
12/12/2008,NEW,LA,ASW,CE,Towers with Radar,0,1,46,10,57,0,0,60,4,64,0,1,106,14,121,28,6,34,155
12/13/2008,NEW,LA,ASW,CE,Towers with Radar,0,1,25,4,30,0,0,69,4,73,0,1,94,8,103,30,0,30,133
12/14/2008,NEW,LA,ASW,CE,Towers with Radar,0,2,45,3,50,0,0,39,1,40,0,2,84,4,90,50,10,60,150
12/15/2008,NEW,LA,ASW,CE,Towers with Radar,0,2,32,0,34,0,0,13,0,13,0,2,45,0,47,46,0,46,93
12/16/2008,NEW,LA,ASW,CE,Towers with Radar,0,0,26,0,26,0,0,0,0,0,0,0,26,0,26,0,0,0,26
12/17/2008,NEW,LA,ASW,CE,Towers with Radar,0,2,24,0,26,0,0,10,0,10,0,2,34,0,36,40,0,40,76
12/18/2008,NEW,LA,ASW,CE,Towers with Radar,0,5,43,0,48,0,0,29,0,29,0,5,72,0,77,50,0,50,127
12/19/2008,NEW,LA,ASW,CE,Towers with Radar,0,5,35,5,45,0,0,32,2,34,0,5,67,7,79,40,2,42,121
12/20/2008,NEW,LA,ASW,CE,Towers with Radar,0,1,26,2,29,0,0,19,2,21,0,1,45,4,50,38,0,38,88
12/21/2008,NEW,LA,ASW,CE,Towers with Radar,0,2,18,0,20,0,0,13,0,13,0,2,31,0,33,0,0,0,33
12/22/2008,NEW,LA,ASW,CE,Towers with Radar,0,4,43,6,53,0,0,43,3,46,0,4,86,9,99,12,0,12,111
12/23/2008,NEW,LA,ASW,CE,Towers with Radar,0,0,36,0,36,0,0,23,0,23,0,0,59,0,59,24,0,24,83
12/24/2008,NEW,LA,ASW,CE,Towers with Radar,0,2,12,0,14,0,0,25,0,25,0,2,37,0,39,30,0,30,69
12/25/2008,NEW,LA,ASW,CE,Towers with Radar,0,1,6,0,7,0,0,16,0,16,0,1,22,0,23,0,0,0,23
12/26/2008,NEW,LA,ASW,CE,Towers with Radar,0,4,37,2,43,0,0,36,0,36,0,4,73,2,79,28,0,28,107
12/27/2008,NEW,LA,ASW,CE,Towers with Radar,0,4,27,0,31,0,0,30,0,30,0,4,57,0,61,18,0,18,79
12/28/2008,NEW,LA,ASW,CE,Towers with Radar,0,5,25,0,30,0,0,24,0,24,0,5,49,0,54,12,0,12,66
12/29/2008,NEW,LA,ASW,CE,Towers with Radar,0,1,26,0,27,0,0,62,0,62,0,1,88,0,89,26,0,26,115
12/30/2008,NEW,LA,ASW,CE,Towers with Radar,0,2,35,6,43,0,1,39,1,41,0,3,74,7,84,14,10,24,108
12/31/2008,NEW,LA,ASW,CE,Towers with Radar,0,3,54,0,57,0,0,69,0,69,0,3,123,0,126,54,0,54,180
01/01/2009,NEW,LA,ASW,CE,Towers with Radar,0,8,45,0,53,0,0,33,0,33,0,8,78,0,86,12,0,12,98
01/02/2009,NEW,LA,ASW,CE,Towers with Radar,0,3,91,4,98,0,0,47,0,47,0,3,138,4,145,76,0,76,221
01/03/2009,NEW,LA,ASW,CE,Towers with Radar,0,5,70,0,75,0,0,4,0,4,0,5,74,0,79,0,0,0,79
01/04/2009,NEW,LA,ASW,CE,Towers with Radar,0,5,41,0,46,0,0,45,0,45,0,5,86,0,91,60,48,108,199
01/05/2009,NEW,LA,ASW,CE,Towers with Radar,0,4,23,0,27,0,0,13,0,13,0,4,36,0,40,0,0,0,40
01/06/2009,NEW,LA,ASW,CE,Towers with Radar,0,2,21,0,23,0,0,7,0,7,0,2,28,0,30,8,0,8,38
01/07/2009,NEW,LA,ASW,CE,Towers with Radar,0,0,12,5,17,0,0,43,2,45,0,0,55,7,62,38,0,38,100
01/08/2009,NEW,LA,ASW,CE,Towers with Radar,0,1,33,7,41,0,0,75,0,75,0,1,108,7,116,86,26,112,228
01/09/2009,NEW,LA,ASW,CE,Towers with Radar,0,7,37,3,47,0,0,80,1,81,0,7,117,4,128,70,0,70,198
01/10/2009,NEW,LA,ASW,CE,Towers with Radar,0,1,21,2,24,0,0,47,0,47,0,1,68,2,71,28,0,28,99
01/11/2009,NEW,LA,ASW,CE,Towers with Radar,0,4,37,16,57,0,0,45,7,52,0,4,82,23,109,52,0,52,161
01/12/2009,NEW,LA,ASW,CE,Towers with Radar,0,1,44,0,45,0,0,40,1,41,0,1,84,1,86,18,0,18,104
01/13/2009,NEW,LA,ASW,CE,Towers with Radar,0,4,31,9,44,0,0,38,8,46,0,4,69,17,90,2,0,2,92
01/14/2009,NEW,LA,ASW,CE,Towers with Radar,0,4,41,1,46,0,0,44,5,49,0,4,85,6,95,26,28,54,149
01/15/2009,NEW,LA,ASW,CE,Towers with Radar,0,3,45,4,52,0,0,49,0,49,0,3,94,4,101,24,0,24,125
01/16/2009,NEW,LA,ASW,CE,Towers with Radar,0,5,57,7,69,0,0,44,6,50,0,5,101,13,119,30,34,64,183
01/17/2009,NEW,LA,ASW,CE,Towers with Radar,0,7,26,8,41,0,0,60,0,60,0,7,86,8,101,52,0,52,153
01/18/2009,NEW,LA,ASW,CE,Towers with Radar,0,3,27,5,35,0,0,35,2,37,0,3,62,7,72,22,12,34,106
01/19/2009,NEW,LA,ASW,CE,Towers with Radar,0,2,38,3,43,0,0,39,1,40,0,2,77,4,83,0,0,0,83
01/20/2009,NEW,LA,ASW,CE,Towers with Radar,0,0,21,2,23,0,0,31,0,31,0,0,52,2,54,22,0,22,76
01/21/2009,NEW,LA,ASW,CE,Towers with Radar,0,4,32,4,40,0,0,45,6,51,0,4,77,10,91,42,0,42,133
01/22/2009,NEW,LA,ASW,CE,Towers with Radar,0,8,58,6,72,0,0,64,2,66,0,8,122,8,138,52,0,52,190
01/23/2009,NEW,LA,ASW,CE,Towers with Radar,0,14,104,6,124,0,0,48,0,48,0,14,152,6,172,44,0,44,216
01/24/2009,NEW,LA,ASW,CE,Towers with Radar,0,5,60,0,65,0,0,33,0,33,0,5,93,0,98,38,0,38,136
01/25/2009,NEW,LA,ASW,CE,Towers with Radar,0,6,45,0,51,0,0,0,0,0,0,6,45,0,51,0,0,0,51
01/26/2009,NEW,LA,ASW,CE,Towers with Radar,0,16,87,1,104,0,0,6,0,6,0,16,93,1,110,6,0,6,116
01/27/2009,NEW,LA,ASW,CE,Towers with Radar,0,12,43,1,56,0,0,44,0,44,0,12,87,1,100,24,0,24,124
01/28/2009,NEW,LA,ASW,CE,Towers with Radar,0,3,43,0,46,0,0,21,0,21,0,3,64,0,67,20,0,20,87
01/29/2009,NEW,LA,ASW,CE,Towers with Radar,0,5,55,0,60,0,0,57,2,59,0,5,112,2,119,72,0,72,191
01/30/2009,NEW,LA,ASW,CE,Towers with Radar,0,2,67,14,83,0,1,56,7,64,0,3,123,21,147,48,40,88,235
01/31/2009,NEW,LA,ASW,CE,Towers with Radar,0,3,29,4,36,0,0,96,3,99,0,3,125,7,135,58,0,58,193
02/01/2009,NEW,LA,ASW,CE,Towers with Radar,0,0,37,3,40,0,0,39,3,42,0,0,76,6,82,24,0,24,106
02/02/2009,NEW,LA,ASW,CE,Towers with Radar,0,2,26,4,32,0,0,19,0,19,0,2,45,4,51,38,0,38,89
02/03/2009,NEW,LA,ASW,CE,Towers with Radar,0,2,38,0,40,0,1,64,2,67,0,3,102,2,107,36,0,36,143
02/04/2009,NEW,LA,ASW,CE,Towers with Radar,0,2,51,13,66,0,0,52,1,53,0,2,103,14,119,64,10,74,193
02/05/2009,NEW,LA,ASW,CE,Towers with Radar,0,2,50,0,52,0,2,63,1,66,0,4,113,1,118,34,0,34,152
02/06/2009,NEW,LA,ASW,CE,Towers with Radar,0,7,68,10,85,0,0,83,5,88,0,7,151,15,173,94,0,94,267
02/07/2009,NEW,LA,ASW,CE,Towers with Radar,0,4,61,8,73,0,0,96,0,96,0,4,157,8,169,100,20,120,289
02/08/2009,NEW,LA,ASW,CE,Towers with Radar,0,8,44,13,65,0,0,67,1,68,0,8,111,14,133,92,0,92,225
02/09/2009,NEW,LA,ASW,CE,Towers with Radar,0,1,38,0,39,0,0,29,4,33,0,1,67,4,72,58,0,58,130
02/10/2009,NEW,LA,ASW,CE,Towers with Radar,0,1,45,0,46,0,0,10,0,10,0,1,55,0,56,12,0,12,68
02/11/2009,NEW,LA,ASW,CE,Towers with Radar,0,3,28,1,32,0,0,17,2,19,0,3,45,3,51,42,0,42,93
02/12/2009,NEW,LA,ASW,CE,Towers with Radar,0,0,41,2,43,0,1,73,8,82,0,1,114,10,125,14,0,14,139
02/13/2009,NEW,LA,ASW,CE,Towers with Radar,0,3,32,2,37,0,1,11,0,12,0,4,43,2,49,14,0,14,63
02/14/2009,NEW,LA,ASW,CE,Towers with Radar,0,5,16,10,31,0,0,34,0,34,0,5,50,10,65,28,0,28,93
02/15/2009,NEW,LA,ASW,CE,Towers with Radar,0,6,35,6,47,0,0,33,0,33,0,6,68,6,80,20,0,20,100
02/16/2009,NEW,LA,ASW,CE,Towers with Radar,0,8,38,0,46,0,0,52,1,53,0,8,90,1,99,40,0,40,139
02/17/2009,NEW,LA,ASW,CE,Towers with Radar,0,2,38,0,40,0,0,58,0,58,0,2,96,0,98,26,0,26,124
02/18/2009,NEW,LA,ASW,CE,Towers with Radar,0,1,43,0,44,0,2,33,0,35,0,3,76,0,79,16,0,16,95
02/19/2009,NEW,LA,ASW,CE,Towers with Radar,0,2,67,0,69,0,0,74,7,81,0,2,141,7,150,48,0,48,198
02/20/2009,NEW,LA,ASW,CE,Towers with Radar,0,6,58,5,69,0,0,93,1,94,0,6,151,6,163,74,0,74,237
02/21/2009,NEW,LA,ASW,CE,Towers with Radar,0,4,36,4,44,0,0,81,2,83,0,4,117,6,127,30,0,30,157
02/22/2009,NEW,LA,ASW,CE,Towers with Radar,0,7,46,4,57,0,0,71,3,74,0,7,117,7,131,32,0,32,163
02/23/2009,NEW,LA,ASW,CE,Towers with Radar,0,5,32,0,37,0,0,67,0,67,0,5,99,0,104,12,0,12,116
02/24/2009,NEW,LA,ASW,CE,Towers with Radar,0,5,29,5,39,0,0,52,4,56,0,5,81,9,95,48,30,78,173
02/25/2009,NEW,LA,ASW,CE,Towers with Radar,0,4,50,0,54,0,1,65,0,66,0,5,115,0,120,60,0,60,180
02/26/2009,NEW,LA,ASW,CE,Towers with Radar,0,3,45,2,50,0,0,28,1,29,0,3,73,3,79,16,0,16,95
02/27/2009,NEW,LA,ASW,CE,Towers with Radar,0,7,34,5,46,0,2,35,5,42,0,9,69,10,88,18,0,18,106
02/28/2009,NEW,LA,ASW,CE,Towers with Radar,0,5,22,0,27,0,0,44,2,46,0,5,66,2,73,78,36,114,187
03/01/2009,NEW,LA,ASW,CE,Towers with Radar,0,3,29,1,33,0,0,50,2,52,0,3,79,3,85,10,0,10,95
03/02/2009,NEW,LA,ASW,CE,Towers with Radar,0,2,25,6,33,0,0,32,3,35,0,2,57,9,68,80,4,84,152
03/03/2009,NEW,LA,ASW,CE,Towers with Radar,0,2,36,1,39,0,0,36,1,37,0,2,72,2,76,6,0,6,82
03/04/2009,NEW,LA,ASW,CE,Towers with Radar,0,6,43,4,53,0,0,58,1,59,0,6,101,5,112,82,0,82,194
03/05/2009,NEW,LA,ASW,CE,Towers with Radar,0,3,47,9,59,0,1,61,5,67,0,4,108,14,126,8,0,8,134
03/06/2009,NEW,LA,ASW,CE,Towers with Radar,0,1,43,3,47,0,1,70,0,71,0,2,113,3,118,80,0,80,198
03/07/2009,NEW,LA,ASW,CE,Towers with Radar,0,3,33,1,37,0,0,110,0,110,0,3,143,1,147,134,4,138,285
03/08/2009,NEW,LA,ASW,CE,Towers with Radar,0,6,39,1,46,0,0,60,1,61,0,6,99,2,107,30,2,32,139
03/09/2009,NEW,LA,ASW,CE,Towers with Radar,0,1,38,1,40,0,0,39,1,40,0,1,77,2,80,68,0,68,148
03/10/2009,NEW,LA,ASW,CE,Towers with Radar,0,3,40,0,43,0,0,38,7,45,0,3,78,7,88,32,0,32,120
03/11/2009,NEW,LA,ASW,CE,Towers with Radar,0,7,31,7,45,0,0,55,3,58,0,7,86,10,103,76,8,84,187
03/12/2009,NEW,LA,ASW,CE,Towers with Radar,0,6,32,0,38,0,0,27,0,27,0,6,59,0,65,30,0,30,95
03/13/2009,NEW,LA,ASW,CE,Towers with Radar,0,9,45,1,55,0,0,40,6,46,0,9,85,7,101,34,0,34,135
03/14/2009,NEW,LA,ASW,CE,Towers with Radar,0,5,27,0,32,0,0,11,0,11,0,5,38,0,43,2,0,2,45
03/15/2009,NEW,LA,ASW,CE,Towers with Radar,0,10,40,3,53,0,0,10,0,10,0,10,50,3,63,0,0,0,63
03/16/2009,NEW,LA,ASW,CE,Towers with Radar,0,3,24,0,27,0,0,4,0,4,0,3,28,0,31,2,0,2,33
03/17/2009,NEW,LA,ASW,CE,Towers with Radar,0,4,35,2,41,0,0,48,2,50,0,4,83,4,91,34,18,52,143
03/18/2009,NEW,LA,ASW,CE,Towers with Radar,0,4,28,4,36,0,0,72,4,76,0,4,100,8,112,94,0,94,206
03/19/2009,NEW,LA,ASW,CE,Towers with Radar,0,5,31,7,43,0,0,46,19,65,0,5,77,26,108,46,26,72,180
03/20/2009,NEW,LA,ASW,CE,Towers with Radar,0,6,38,5,49,0,0,75,0,75,0,6,113,5,124,46,0,46,170
03/21/2009,NEW,LA,ASW,CE,Towers with Radar,0,3,23,6,32,0,0,93,0,93,0,3,116,6,125,58,0,58,183
03/22/2009,NEW,LA,ASW,CE,Towers with Radar,0,7,35,0,42,0,0,65,0,65,0,7,100,0,107,36,0,36,143
03/23/2009,NEW,LA,ASW,CE,Towers with Radar,0,7,35,12,54,0,2,46,1,49,0,9,81,13,103,10,14,24,127
03/24/2009,NEW,LA,ASW,CE,Towers with Radar,0,13,33,4,50,0,2,26,1,29,0,15,59,5,79,20,0,20,99
03/25/2009,NEW,LA,ASW,CE,Towers with Radar,0,2,57,7,66,0,0,21,2,23,0,2,78,9,89,8,0,8,97
03/26/2009,NEW,LA,ASW,CE,Towers with Radar,0,3,30,0,33,0,0,5,0,5,0,3,35,0,38,12,0,12,50
03/27/2009,NEW,LA,ASW,CE,Towers with Radar,0,7,29,15,51,0,0,8,1,9,0,7,37,16,60,28,0,28,88
03/28/2009,NEW,LA,ASW,CE,Towers with Radar,0,5,12,2,19,0,0,54,1,55,0,5,66,3,74,52,0,52,126
03/29/2009,NEW,LA,ASW,CE,Towers with Radar,0,3,21,5,29,0,0,90,3,93,0,3,111,8,122,40,0,40,162
03/30/2009,NEW,LA,ASW,CE,Towers with Radar,0,2,29,3,34,0,0,59,0,59,0,2,88,3,93,52,0,52,145
03/31/2009,NEW,LA,ASW,CE,Towers with Radar,0,0,18,0,18,0,0,5,0,5,0,0,23,0,23,8,0,8,31
04/01/2009,NEW,LA,ASW,CE,Towers with Radar,0,5,42,0,47,0,0,69,3,72,0,5,111,3,119,116,0,116,235
04/02/2009,NEW,LA,ASW,CE,Towers with Radar,0,1,20,0,21,0,0,8,0,8,0,1,28,0,29,0,0,0,29
04/03/2009,NEW,LA,ASW,CE,Towers with Radar,0,4,35,15,54,0,0,95,3,98,0,4,130,18,152,96,4,100,252
04/04/2009,NEW,LA,ASW,CE,Towers with Radar,0,3,60,1,64,0,0,66,23,89,0,3,126,24,153,80,14,94,247
04/05/2009,NEW,LA,ASW,CE,Towers with Radar,0,7,46,9,62,0,0,13,2,15,0,7,59,11,77,18,0,18,95
04/06/2009,NEW,LA,ASW,CE,Towers with Radar,0,2,18,2,22,0,0,34,1,35,0,2,52,3,57,18,0,18,75
04/07/2009,NEW,LA,ASW,CE,Towers with Radar,0,3,37,2,42,0,0,46,6,52,0,3,83,8,94,38,0,38,132
04/08/2009,NEW,LA,ASW,CE,Towers with Radar,0,3,25,0,28,0,0,63,0,63,0,3,88,0,91,12,0,12,103
04/09/2009,NEW,LA,ASW,CE,Towers with Radar,0,6,35,0,41,0,0,57,0,57,0,6,92,0,98,54,0,54,152
04/10/2009,NEW,LA,ASW,CE,Towers with Radar,0,1,43,1,45,0,0,59,4,63,0,1,102,5,108,88,0,88,196
04/11/2009,NEW,LA,ASW,CE,Towers with Radar,0,1,17,0,18,0,0,75,0,75,0,1,92,0,93,68,0,68,161
04/12/2009,NEW,LA,ASW,CE,Towers with Radar,0,1,17,4,22,0,0,7,0,7,0,1,24,4,29,0,0,0,29
04/13/2009,NEW,LA,ASW,CE,Towers with Radar,0,3,32,4,39,0,0,19,0,19,0,3,51,4,58,26,0,26,84
04/14/2009,NEW,LA,ASW,CE,Towers with Radar,0,4,45,1,50,0,0,33,7,40,0,4,78,8,90,18,8,26,116
04/15/2009,NEW,LA,ASW,CE,Towers with Radar,0,0,31,2,33,0,0,51,4,55,0,0,82,6,88,122,0,122,210
04/16/2009,NEW,LA,ASW,CE,Towers with Radar,0,2,52,4,58,0,0,64,1,65,0,2,116,5,123,70,0,70,193
04/17/2009,NEW,LA,ASW,CE,Towers with Radar,0,6,60,1,67,0,0,40,0,40,0,6,100,1,107,26,0,26,133
04/18/2009,NEW,LA,ASW,CE,Towers with Radar,0,0,17,3,20,0,0,14,0,14,0,0,31,3,34,16,0,16,50
04/19/2009,NEW,LA,ASW,CE,Towers with Radar,0,5,53,0,58,0,0,35,0,35,0,5,88,0,93,34,0,34,127
04/20/2009,NEW,LA,ASW,CE,Towers with Radar,0,6,32,4,42,0,0,52,0,52,0,6,84,4,94,104,8,112,206
04/21/2009,NEW,LA,ASW,CE,Towers with Radar,0,4,32,9,45,0,0,78,2,80,0,4,110,11,125,34,0,34,159
04/22/2009,NEW,LA,ASW,CE,Towers with Radar,0,8,53,6,67,0,0,71,2,73,0,8,124,8,140,82,0,82,222
04/23/2009,NEW,LA,ASW,CE,Towers with Radar,0,12,59,4,75,0,0,65,4,69,0,12,124,8,144,38,0,38,182
04/24/2009,NEW,LA,ASW,CE,Towers with Radar,0,10,65,2,77,0,3,75,1,79,0,13,140,3,156,80,0,80,236
04/25/2009,NEW,LA,ASW,CE,Towers with Radar,0,3,39,1,43,0,0,96,2,98,0,3,135,3,141,86,20,106,247
04/26/2009,NEW,LA,ASW,CE,Towers with Radar,0,19,53,2,74,0,0,50,1,51,0,19,103,3,125,86,0,86,211
04/27/2009,NEW,LA,ASW,CE,Towers with Radar,0,7,29,2,38,0,0,28,1,29,0,7,57,3,67,32,2,34,101
04/28/2009,NEW,LA,ASW,CE,Towers with Radar,0,5,22,0,27,0,1,38,1,40,0,6,60,1,67,20,0,20,87
04/29/2009,NEW,LA,ASW,CE,Towers with Radar,0,3,52,10,65,0,0,66,5,71,0,3,118,15,136,44,26,70,206
04/30/2009,NEW,LA,ASW,CE,Towers with Radar,0,1,53,2,56,0,0,77,4,81,0,1,130,6,137,30,0,30,167
05/01/2009,NEW,LA,ASW,CE,Towers with Radar,0,7,45,12,64,0,1,75,1,77,0,8,120,13,141,54,16,70,211
05/02/2009,NEW,LA,ASW,CE,Towers with Radar,0,3,33,7,43,0,0,57,0,57,0,3,90,7,100,72,16,88,188
05/03/2009,NEW,LA,ASW,CE,Towers with Radar,0,6,33,6,45,0,0,46,3,49,0,6,79,9,94,68,0,68,162
05/04/2009,NEW,LA,ASW,CE,Towers with Radar,0,1,29,0,30,0,2,16,0,18,0,3,45,0,48,6,0,6,54
05/05/2009,NEW,LA,ASW,CE,Towers with Radar,0,2,41,0,43,0,3,29,0,32,0,5,70,0,75,40,0,40,115
05/06/2009,NEW,LA,ASW,CE,Towers with Radar,0,3,38,0,41,0,0,24,0,24,0,3,62,0,65,10,0,10,75
05/07/2009,NEW,LA,ASW,CE,Towers with Radar,0,4,48,2,54,0,1,39,0,40,0,5,87,2,94,48,0,48,142
05/08/2009,NEW,LA,ASW,CE,Towers with Radar,0,5,48,18,71,0,0,48,5,53,0,5,96,23,124,82,10,92,216
05/09/2009,NEW,LA,ASW,CE,Towers with Radar,0,1,26,17,44,0,1,53,16,70,0,2,79,33,114,60,0,60,174
05/10/2009,NEW,LA,ASW,CE,Towers with Radar,0,2,33,6,41,0,0,42,0,42,0,2,75,6,83,32,0,32,115
05/11/2009,NEW,LA,ASW,CE,Towers with Radar,0,5,27,0,32,0,0,28,0,28,0,5,55,0,60,18,0,18,78
05/12/2009,NEW,LA,ASW,CE,Towers with Radar,0,4,28,2,34,0,0,29,0,29,0,4,57,2,63,56,0,56,119
05/13/2009,NEW,LA,ASW,CE,Towers with Radar,0,2,23,2,27,0,0,33,3,36,0,2,56,5,63,42,2,44,107
05/14/2009,NEW,LA,ASW,CE,Towers with Radar,0,8,49,0,57,0,0,41,2,43,0,8,90,2,100,88,0,88,188
05/15/2009,NEW,LA,ASW,CE,Towers with Radar,0,8,44,5,57,0,0,53,2,55,0,8,97,7,112,110,0,110,222
05/16/2009,NEW,LA,ASW,CE,Towers with Radar,0,3,42,2,47,0,0,47,1,48,0,3,89,3,95,50,0,50,145
05/17/2009,NEW,LA,ASW,CE,Towers with Radar,0,7,35,4,46,0,0,9,0,9,0,7,44,4,55,0,0,0,55
05/18/2009,NEW,LA,ASW,CE,Towers with Radar,0,0,28,0,28,0,0,26,0,26,0,0,54,0,54,12,0,12,66
05/19/2009,NEW,LA,ASW,CE,Towers with Radar,0,7,32,8,47,0,0,45,2,47,0,7,77,10,94,24,16,40,134
05/20/2009,NEW,LA,ASW,CE,Towers with Radar,0,9,51,3,63,0,0,52,1,53,0,9,103,4,116,36,0,36,152
05/21/2009,NEW,LA,ASW,CE,Towers with Radar,0,4,44,0,48,0,0,40,0,40,0,4,84,0,88,88,0,88,176
05/22/2009,NEW,LA,ASW,CE,Towers with Radar,0,6,34,8,48,0,0,32,0,32,0,6,66,8,80,136,0,136,216
05/23/2009,NEW,LA,ASW,CE,Towers with Radar,0,2,25,1,28,0,0,18,0,18,0,2,43,1,46,40,0,40,86
05/24/2009,NEW,LA,ASW,CE,Towers with Radar,0,3,19,1,23,0,0,22,0,22,0,3,41,1,45,52,0,52,97
05/25/2009,NEW,LA,ASW,CE,Towers with Radar,0,6,15,0,21,0,0,10,0,10,0,6,25,0,31,26,0,26,57
05/26/2009,NEW,LA,ASW,CE,Towers with Radar,0,2,38,6,46,0,0,20,0,20,0,2,58,6,66,40,0,40,106
05/27/2009,NEW,LA,ASW,CE,Towers with Radar,0,3,52,5,60,0,0,33,4,37,0,3,85,9,97,94,0,94,191
05/28/2009,NEW,LA,ASW,CE,Towers with Radar,0,4,44,0,48,0,4,63,2,69,0,8,107,2,117,34,0,34,151
05/29/2009,NEW,LA,ASW,CE,Towers with Radar,0,6,48,4,58,0,2,102,1,105,0,8,150,5,163,96,16,112,275
05/30/2009,NEW,LA,ASW,CE,Towers with Radar,0,1,31,0,32,0,0,73,0,73,0,1,104,0,105,56,0,56,161
05/31/2009,NEW,LA,ASW,CE,Towers with Radar,0,2,25,2,29,0,0,59,0,59,0,2,84,2,88,24,0,24,112
06/01/2009,NEW,LA,ASW,CE,Towers with Radar,0,3,21,0,24,0,0,31,0,31,0,3,52,0,55,44,0,44,99
06/02/2009,NEW,LA,ASW,CE,Towers with Radar,0,2,35,2,39,0,0,42,4,46,0,2,77,6,85,34,0,34,119
06/03/2009,NEW,LA,ASW,CE,Towers with Radar,0,4,27,1,32,0,0,45,2,47,0,4,72,3,79,212,28,240,319
06/04/2009,NEW,LA,ASW,CE,Towers with Radar,0,14,30,2,46,0,9,27,2,38,0,23,57,4,84,52,0,52,136
06/05/2009,NEW,LA,ASW,CE,Towers with Radar,0,3,47,11,61,0,0,49,2,51,0,3,96,13,112,78,0,78,190
06/06/2009,NEW,LA,ASW,CE,Towers with Radar,0,5,35,6,46,0,0,78,4,82,0,5,113,10,128,70,0,70,198
06/07/2009,NEW,LA,ASW,CE,Towers with Radar,0,2,36,4,42,0,0,88,1,89,0,2,124,5,131,54,0,54,185
06/08/2009,NEW,LA,ASW,CE,Towers with Radar,0,0,21,2,23,0,0,41,0,41,0,0,62,2,64,78,0,78,142
06/09/2009,NEW,LA,ASW,CE,Towers with Radar,0,0,20,4,24,0,0,42,2,44,0,0,62,6,68,44,0,44,112
06/10/2009,NEW,LA,ASW,CE,Towers with Radar,0,8,25,16,49,0,0,31,0,31,0,8,56,16,80,58,0,58,138
06/11/2009,NEW,LA,ASW,CE,Towers with Radar,0,4,35,2,41,0,1,54,1,56,0,5,89,3,97,16,4,20,117
06/12/2009,NEW,LA,ASW,CE,Towers with Radar,0,4,34,1,39,0,3,50,0,53,0,7,84,1,92,22,0,22,114
06/13/2009,NEW,LA,ASW,CE,Towers with Radar,0,0,26,1,27,0,0,55,0,55,0,0,81,1,82,34,0,34,116
06/14/2009,NEW,LA,ASW,CE,Towers with Radar,0,4,45,10,59,0,0,53,2,55,0,4,98,12,114,98,0,98,212
06/15/2009,NEW,LA,ASW,CE,Towers with Radar,0,2,24,2,28,0,3,40,0,43,0,5,64,2,71,44,0,44,115
06/16/2009,NEW,LA,ASW,CE,Towers with Radar,0,2,29,0,31,0,0,51,5,56,0,2,80,5,87,0,50,50,137
06/17/2009,NEW,LA,ASW,CE,Towers with Radar,0,5,38,8,51,0,0,49,1,50,0,5,87,9,101,80,10,90,191
06/18/2009,NEW,LA,ASW,CE,Towers with Radar,0,3,31,8,42,0,1,46,4,51,0,4,77,12,93,30,0,30,123
06/19/2009,NEW,LA,ASW,CE,Towers with Radar,0,10,45,7,62,0,0,73,0,73,0,10,118,7,135,68,0,68,203
06/20/2009,NEW,LA,ASW,CE,Towers with Radar,0,4,35,0,39,0,0,87,0,87,0,4,122,0,126,68,0,68,194
06/21/2009,NEW,LA,ASW,CE,Towers with Radar,0,9,41,1,51,0,0,108,0,108,0,9,149,1,159,70,0,70,229
06/22/2009,NEW,LA,ASW,CE,Towers with Radar,0,6,34,7,47,0,0,40,0,40,0,6,74,7,87,64,0,64,151
06/23/2009,NEW,LA,ASW,CE,Towers with Radar,0,3,32,0,35,0,0,29,0,29,0,3,61,0,64,26,0,26,90
06/24/2009,NEW,LA,ASW,CE,Towers with Radar,0,9,30,2,41,0,0,40,0,40,0,9,70,2,81,70,0,70,151
06/25/2009,NEW,LA,ASW,CE,Towers with Radar,0,6,29,3,38,0,0,50,0,50,0,6,79,3,88,36,0,36,124
06/26/2009,NEW,LA,ASW,CE,Towers with Radar,0,4,37,10,51,0,0,35,0,35,0,4,72,10,86,90,0,90,176
06/27/2009,NEW,LA,ASW,CE,Towers with Radar,0,0,27,9,36,0,0,72,5,77,0,0,99,14,113,40,0,40,153
06/28/2009,NEW,LA,ASW,CE,Towers with Radar,0,2,26,10,38,0,0,48,0,48,0,2,74,10,86,0,0,0,86
06/29/2009,NEW,LA,ASW,CE,Towers with Radar,0,3,20,0,23,0,2,35,0,37,0,5,55,0,60,12,0,12,72
06/30/2009,NEW,LA,ASW,CE,Towers with Radar,0,3,28,3,34,0,0,42,1,43,0,3,70,4,77,76,0,76,153
07/01/2009,NEW,LA,ASW,CE,Towers with Radar,0,6,30,2,38,0,1,53,0,54,0,7,83,2,92,96,0,96,188
07/02/2009,NEW,LA,ASW,CE,Towers with Radar,0,2,42,2,46,0,0,52,0,52,0,2,94,2,98,82,0,82,180
07/03/2009,NEW,LA,ASW,CE,Towers with Radar,0,2,19,0,21,0,0,57,0,57,0,2,76,0,78,82,0,82,160
07/04/2009,NEW,LA,ASW,CE,Towers with Radar,0,5,20,0,25,0,0,36,0,36,0,5,56,0,61,26,0,26,87
07/05/2009,NEW,LA,ASW,CE,Towers with Radar,0,0,20,0,20,0,1,60,2,63,0,1,80,2,83,44,0,44,127
07/06/2009,NEW,LA,ASW,CE,Towers with Radar,0,5,19,0,24,0,2,29,1,32,0,7,48,1,56,28,0,28,84
07/07/2009,NEW,LA,ASW,CE,Towers with Radar,0,4,37,0,41,0,0,16,0,16,0,4,53,0,57,24,0,24,81
07/08/2009,NEW,LA,ASW,CE,Towers with Radar,0,2,27,2,31,0,0,46,0,46,0,2,73,2,77,78,0,78,155
07/09/2009,NEW,LA,ASW,CE,Towers with Radar,0,3,54,2,59,0,0,53,4,57,0,3,107,6,116,54,4,58,174
07/10/2009,NEW,LA,ASW,CE,Towers with Radar,0,4,32,21,57,0,1,70,2,73,0,5,102,23,130,90,32,122,252
07/11/2009,NEW,LA,ASW,CE,Towers with Radar,0,2,19,0,21,0,0,48,1,49,0,2,67,1,70,94,0,94,164
07/12/2009,NEW,LA,ASW,CE,Towers with Radar,0,4,16,5,25,0,0,56,2,58,0,4,72,7,83,74,0,74,157
07/13/2009,NEW,LA,ASW,CE,Towers with Radar,0,0,24,3,27,0,2,15,3,20,0,2,39,6,47,40,0,40,87
07/14/2009,NEW,LA,ASW,CE,Towers with Radar,0,6,25,0,31,0,0,32,0,32,0,6,57,0,63,62,0,62,125
07/15/2009,NEW,LA,ASW,CE,Towers with Radar,0,3,23,1,27,0,0,55,6,61,0,3,78,7,88,58,0,58,146
07/16/2009,NEW,LA,ASW,CE,Towers with Radar,0,6,24,8,38,0,0,22,1,23,0,6,46,9,61,32,22,54,115
07/17/2009,NEW,LA,ASW,CE,Towers with Radar,0,2,30,4,36,0,0,10,0,10,0,2,40,4,46,26,0,26,72
07/18/2009,NEW,LA,ASW,CE,Towers with Radar,0,3,22,0,25,0,0,48,0,48,0,3,70,0,73,54,0,54,127
07/19/2009,NEW,LA,ASW,CE,Towers with Radar,0,3,25,4,32,0,0,80,1,81,0,3,105,5,113,70,0,70,183
07/20/2009,NEW,LA,ASW,CE,Towers with Radar,0,0,22,0,22,0,0,48,0,48,0,0,70,0,70,52,0,52,122
07/21/2009,NEW,LA,ASW,CE,Towers with Radar,0,2,25,1,28,0,0,82,0,82,0,2,107,1,110,50,0,50,160
07/22/2009,NEW,LA,ASW,CE,Towers with Radar,0,4,29,1,34,0,0,37,1,38,0,4,66,2,72,50,0,50,122
07/23/2009,NEW,LA,ASW,CE,Towers with Radar,0,2,35,0,37,0,0,46,2,48,0,2,81,2,85,46,0,46,131
07/24/2009,NEW,LA,ASW,CE,Towers with Radar,0,4,24,0,28,0,0,61,1,62,0,4,85,1,90,28,0,28,118
07/25/2009,NEW,LA,ASW,CE,Towers with Radar,0,1,26,2,29,0,0,49,2,51,0,1,75,4,80,54,0,54,134
07/26/2009,NEW,LA,ASW,CE,Towers with Radar,0,2,34,2,38,0,0,52,2,54,0,2,86,4,92,16,0,16,108
07/27/2009,NEW,LA,ASW,CE,Towers with Radar,0,0,24,0,24,0,1,26,0,27,0,1,50,0,51,32,0,32,83
07/28/2009,NEW,LA,ASW,CE,Towers with Radar,0,0,30,0,30,0,2,21,0,23,0,2,51,0,53,4,0,4,57
07/29/2009,NEW,LA,ASW,CE,Towers with Radar,0,4,21,0,25,0,0,47,0,47,0,4,68,0,72,68,0,68,140
07/30/2009,NEW,LA,ASW,CE,Towers with Radar,0,9,36,0,45,0,1,22,2,25,0,10,58,2,70,10,0,10,80
07/31/2009,NEW,LA,ASW,CE,Towers with Radar,0,1,31,15,47,0,2,50,2,54,0,3,81,17,101,62,0,62,163
08/01/2009,NEW,LA,ASW,CE,Towers with Radar,0,0,16,3,19,0,0,57,0,57,0,0,73,3,76,20,0,20,96
08/02/2009,NEW,LA,ASW,CE,Towers with Radar,0,6,29,7,42,0,0,91,0,91,0,6,120,7,133,6,0,6,139
08/03/2009,NEW,LA,ASW,CE,Towers with Radar,0,1,24,5,30,0,17,57,0,74,0,18,81,5,104,32,0,32,136
08/04/2009,NEW,LA,ASW,CE,Towers with Radar,0,3,34,1,38,0,14,62,2,78,0,17,96,3,116,72,0,72,188
08/05/2009,NEW,LA,ASW,CE,Towers with Radar,0,1,36,0,37,0,0,50,0,50,0,1,86,0,87,74,0,74,161
08/06/2009,NEW,LA,ASW,CE,Towers with Radar,0,0,31,0,31,0,7,50,3,60,0,7,81,3,91,62,0,62,153
08/07/2009,NEW,LA,ASW,CE,Towers with Radar,0,4,35,2,41,0,1,48,1,50,0,5,83,3,91,82,0,82,173
08/08/2009,NEW,LA,ASW,CE,Towers with Radar,0,2,24,0,26,0,0,29,3,32,0,2,53,3,58,18,0,18,76
08/09/2009,NEW,LA,ASW,CE,Towers with Radar,0,3,28,0,31,0,0,33,1,34,0,3,61,1,65,40,0,40,105
08/10/2009,NEW,LA,ASW,CE,Towers with Radar,0,2,28,2,32,0,0,41,0,41,0,2,69,2,73,36,0,36,109
08/11/2009,NEW,LA,ASW,CE,Towers with Radar,0,5,22,0,27,0,0,63,1,64,0,5,85,1,91,34,0,34,125
08/12/2009,NEW,LA,ASW,CE,Towers with Radar,0,3,34,4,41,0,0,66,2,68,0,3,100,6,109,40,0,40,149
08/13/2009,NEW,LA,ASW,CE,Towers with Radar,0,1,38,0,39,0,0,54,0,54,0,1,92,0,93,50,2,52,145
08/14/2009,NEW,LA,ASW,CE,Towers with Radar,0,0,38,4,42,0,0,53,0,53,0,0,91,4,95,26,0,26,121
08/15/2009,NEW,LA,ASW,CE,Towers with Radar,0,0,28,4,32,0,0,52,0,52,0,0,80,4,84,28,0,28,112
08/16/2009,NEW,LA,ASW,CE,Towers with Radar,0,2,31,0,33,0,0,42,0,42,0,2,73,0,75,18,0,18,93
08/17/2009,NEW,LA,ASW,CE,Towers with Radar,0,5,16,2,23,0,0,38,0,38,0,5,54,2,61,56,0,56,117
08/18/2009,NEW,LA,ASW,CE,Towers with Radar,0,0,34,0,34,0,0,16,0,16,0,0,50,0,50,24,0,24,74
08/19/2009,NEW,LA,ASW,CE,Towers with Radar,0,4,38,0,42,0,0,35,0,35,0,4,73,0,77,34,0,34,111
08/20/2009,NEW,LA,ASW,CE,Towers with Radar,0,4,21,0,25,0,0,31,0,31,0,4,52,0,56,32,0,32,88
08/21/2009,NEW,LA,ASW,CE,Towers with Radar,0,0,32,0,32,0,0,37,0,37,0,0,69,0,69,32,0,32,101
08/22/2009,NEW,LA,ASW,CE,Towers with Radar,0,0,31,1,32,0,0,56,2,58,0,0,87,3,90,90,0,90,180
08/23/2009,NEW,LA,ASW,CE,Towers with Radar,0,0,36,6,42,0,0,67,3,70,0,0,103,9,112,70,0,70,182
08/24/2009,NEW,LA,ASW,CE,Towers with Radar,0,0,22,1,23,0,2,59,2,63,0,2,81,3,86,36,0,36,122
08/25/2009,NEW,LA,ASW,CE,Towers with Radar,0,2,30,0,32,0,0,49,1,50,0,2,79,1,82,66,0,66,148
08/26/2009,NEW,LA,ASW,CE,Towers with Radar,0,2,31,8,41,0,0,54,1,55,0,2,85,9,96,50,0,50,146
08/27/2009,NEW,LA,ASW,CE,Towers with Radar,0,4,24,0,28,0,5,46,1,52,0,9,70,1,80,36,0,36,116
08/28/2009,NEW,LA,ASW,CE,Towers with Radar,0,5,46,5,56,0,0,65,6,71,0,5,111,11,127,72,0,72,199
08/29/2009,NEW,LA,ASW,CE,Towers with Radar,0,2,24,1,27,0,0,42,0,42,0,2,66,1,69,54,0,54,123
08/30/2009,NEW,LA,ASW,CE,Towers with Radar,0,4,41,1,46,0,0,33,2,35,0,4,74,3,81,14,0,14,95
08/31/2009,NEW,LA,ASW,CE,Towers with Radar,0,3,24,2,29,0,0,14,0,14,0,3,38,2,43,22,0,22,65
09/01/2009,NEW,LA,ASW,CE,Towers with Radar,0,4,26,6,36,0,0,51,2,53,0,4,77,8,89,78,12,90,179
09/02/2009,NEW,LA,ASW,CE,Towers with Radar,0,3,33,0,36,0,0,81,0,81,0,3,114,0,117,96,0,96,213
09/03/2009,NEW,LA,ASW,CE,Towers with Radar,0,3,38,0,41,0,0,49,0,49,0,3,87,0,90,60,0,60,150
09/04/2009,NEW,LA,ASW,CE,Towers with Radar,0,2,41,4,47,0,0,44,1,45,0,2,85,5,92,60,0,60,152
09/05/2009,NEW,LA,ASW,CE,Towers with Radar,0,5,23,0,28,0,0,30,3,33,0,5,53,3,61,42,58,100,161
09/06/2009,NEW,LA,ASW,CE,Towers with Radar,0,0,9,0,9,0,0,37,0,37,0,0,46,0,46,22,0,22,68
09/07/2009,NEW,LA,ASW,CE,Towers with Radar,0,0,34,4,38,0,0,32,1,33,0,0,66,5,71,6,0,6,77
09/08/2009,NEW,LA,ASW,CE,Towers with Radar,0,0,26,2,28,0,0,20,0,20,0,0,46,2,48,44,0,44,92
09/09/2009,NEW,LA,ASW,CE,Towers with Radar,0,0,31,2,33,0,2,24,4,30,0,2,55,6,63,0,0,0,63
09/10/2009,NEW,LA,ASW,CE,Towers with Radar,0,5,32,0,37,0,2,34,1,37,0,7,66,1,74,16,22,38,112
09/11/2009,NEW,LA,ASW,CE,Towers with Radar,0,6,21,0,27,0,0,2,0,2,0,6,23,0,29,14,0,14,43
09/12/2009,NEW,LA,ASW,CE,Towers with Radar,0,1,25,0,26,0,0,4,0,4,0,1,29,0,30,0,0,0,30
09/13/2009,NEW,LA,ASW,CE,Towers with Radar,0,1,31,0,32,0,0,9,0,9,0,1,40,0,41,0,0,0,41
09/14/2009,NEW,LA,ASW,CE,Towers with Radar,0,0,15,0,15,0,0,15,1,16,0,0,30,1,31,22,0,22,53
09/15/2009,NEW,LA,ASW,CE,Towers with Radar,0,1,28,2,31,0,0,16,1,17,0,1,44,3,48,18,0,18,66
09/16/2009,NEW,LA,ASW,CE,Towers with Radar,0,4,44,0,48,0,0,38,1,39,0,4,82,1,87,16,0,16,103
09/17/2009,NEW,LA,ASW,CE,Towers with Radar,0,6,37,2,45,0,0,39,1,40,0,6,76,3,85,60,0,60,145
09/18/2009,NEW,LA,ASW,CE,Towers with Radar,0,3,47,9,59,0,0,56,3,59,0,3,103,12,118,48,0,48,166
09/19/2009,NEW,LA,ASW,CE,Towers with Radar,0,1,23,13,37,0,0,60,5,65,0,1,83,18,102,50,14,64,166
09/20/2009,NEW,LA,ASW,CE,Towers with Radar,0,2,32,10,44,0,0,39,1,40,0,2,71,11,84,40,0,40,124
09/21/2009,NEW,LA,ASW,CE,Towers with Radar,0,3,17,7,27,0,0,31,2,33,0,3,48,9,60,0,8,8,68
09/22/2009,NEW,LA,ASW,CE,Towers with Radar,0,0,29,0,29,0,0,21,1,22,0,0,50,1,51,22,0,22,73
09/23/2009,NEW,LA,ASW,CE,Towers with Radar,0,0,24,0,24,0,0,25,1,26,0,0,49,1,50,0,0,0,50
09/24/2009,NEW,LA,ASW,CE,Towers with Radar,0,5,35,2,42,0,0,48,3,51,0,5,83,5,93,22,0,22,115
09/25/2009,NEW,LA,ASW,CE,Towers with Radar,0,4,29,2,35,0,1,21,2,24,0,5,50,4,59,6,0,6,65
09/26/2009,NEW,LA,ASW,CE,Towers with Radar,0,0,34,0,34,0,0,21,0,21,0,0,55,0,55,0,0,0,55
09/27/2009,NEW,LA,ASW,CE,Towers with Radar,0,2,49,1,52,0,0,67,2,69,0,2,116,3,121,36,0,36,157
09/28/2009,NEW,LA,ASW,CE,Towers with Radar,0,4,30,4,38,0,0,69,0,69,0,4,99,4,107,24,0,24,131
09/29/2009,NEW,LA,ASW,CE,Towers with Radar,0,5,27,3,35,0,0,59,1,60,0,5,86,4,95,42,0,42,137
09/30/2009,NEW,LA,ASW,CE,Towers with Radar,0,3,51,1,55,0,0,81,2,83,0,3,132,3,138,60,0,60,198
10/01/2009,NEW,LA,ASW,CE,Towers with Radar,0,3,32,1,36,0,0,42,3,45,0,3,74,4,81,34,4,38,119
10/02/2009,NEW,LA,ASW,CE,Towers with Radar,0,4,28,6,38,0,0,24,5,29,0,4,52,11,67,24,6,30,97
10/03/2009,NEW,LA,ASW,CE,Towers with Radar,0,2,30,1,33,0,0,76,6,82,0,2,106,7,115,26,0,26,141
10/04/2009,NEW,LA,ASW,CE,Towers with Radar,0,8,40,0,48,0,0,12,0,12,0,8,52,0,60,12,0,12,72
10/05/2009,NEW,LA,ASW,CE,Towers with Radar,0,9,37,4,50,0,0,37,0,37,0,9,74,4,87,26,0,26,113
10/06/2009,NEW,LA,ASW,CE,Towers with Radar,0,7,45,8,60,0,0,40,0,40,0,7,85,8,100,78,0,78,178
10/07/2009,NEW,LA,ASW,CE,Towers with Radar,0,8,63,1,72,0,0,36,4,40,0,8,99,5,112,30,0,30,142
10/08/2009,NEW,LA,ASW,CE,Towers with Radar,0,12,63,9,84,0,0,44,2,46,0,12,107,11,130,64,2,66,196
10/09/2009,NEW,LA,ASW,CE,Towers with Radar,0,8,46,7,61,0,0,47,11,58,0,8,93,18,119,26,30,56,175
10/10/2009,NEW,LA,ASW,CE,Towers with Radar,0,6,28,0,34,0,0,55,0,55,0,6,83,0,89,36,0,36,125
10/11/2009,NEW,LA,ASW,CE,Towers with Radar,0,26,60,2,88,0,2,13,1,16,0,28,73,3,104,2,0,2,106
10/12/2009,NEW,LA,ASW,CE,Towers with Radar,0,1,37,2,40,0,0,33,0,33,0,1,70,2,73,46,0,46,119
10/13/2009,NEW,LA,ASW,CE,Towers with Radar,0,2,41,5,48,0,0,13,1,14,0,2,54,6,62,6,0,6,68
10/14/2009,NEW,LA,ASW,CE,Towers with Radar,0,0,23,0,23,0,0,56,0,56,0,0,79,0,79,10,0,10,89
10/15/2009,NEW,LA,ASW,CE,Towers with Radar,0,2,31,9,42,0,0,27,4,31,0,2,58,13,73,20,0,20,93
10/16/2009,NEW,LA,ASW,CE,Towers with Radar,0,6,81,1,88,0,0,70,0,70,0,6,151,1,158,42,0,42,200
10/17/2009,NEW,LA,ASW,CE,Towers with Radar,0,3,38,0,41,0,0,71,4,75,0,3,109,4,116,28,0,28,144
10/18/2009,NEW,LA,ASW,CE,Towers with Radar,0,20,78,0,98,0,0,97,1,98,0,20,175,1,196,68,0,68,264
10/19/2009,NEW,LA,ASW,CE,Towers with Radar,0,4,47,5,56,0,0,57,2,59,0,4,104,7,115,72,4,76,191
10/20/2009,NEW,LA,ASW,CE,Towers with Radar,0,5,59,0,64,0,0,68,4,72,0,5,127,4,136,54,0,54,190
10/21/2009,NEW,LA,ASW,CE,Towers with Radar,0,4,71,2,77,0,4,21,0,25,0,8,92,2,102,0,0,0,102
10/22/2009,NEW,LA,ASW,CE,Towers with Radar,0,4,32,1,37,0,0,25,0,25,0,4,57,1,62,6,0,6,68
10/23/2009,NEW,LA,ASW,CE,Towers with Radar,0,2,50,8,60,0,0,43,9,52,0,2,93,17,112,90,2,92,204
10/24/2009,NEW,LA,ASW,CE,Towers with Radar,0,6,58,6,70,0,0,72,2,74,0,6,130,8,144,102,2,104,248
10/25/2009,NEW,LA,ASW,CE,Towers with Radar,0,6,60,3,69,0,0,71,3,74,0,6,131,6,143,74,0,74,217
10/26/2009,NEW,LA,ASW,CE,Towers with Radar,0,9,39,3,51,0,0,36,1,37,0,9,75,4,88,70,2,72,160
10/27/2009,NEW,LA,ASW,CE,Towers with Radar,0,6,62,2,70,0,0,5,0,5,0,6,67,2,75,4,0,4,79
10/28/2009,NEW,LA,ASW,CE,Towers with Radar,0,11,51,0,62,0,0,34,0,34,0,11,85,0,96,56,0,56,152
10/29/2009,NEW,LA,ASW,CE,Towers with Radar,0,4,38,1,43,0,0,15,5,20,0,4,53,6,63,2,0,2,65
10/30/2009,NEW,LA,ASW,CE,Towers with Radar,0,7,34,8,49,0,0,13,0,13,0,7,47,8,62,0,0,0,62
10/31/2009,NEW,LA,ASW,CE,Towers with Radar,0,2,57,1,60,0,0,54,0,54,0,2,111,1,114,92,0,92,206
11/01/2009,NEW,LA,ASW,CE,Towers with Radar,0,5,40,3,48,0,0,77,0,77,0,5,117,3,125,12,0,12,137
11/02/2009,NEW,LA,ASW,CE,Towers with Radar,0,4,60,3,67,0,0,58,1,59,0,4,118,4,126,12,0,12,138
11/03/2009,NEW,LA,ASW,CE,Towers with Radar,0,6,36,2,44,0,0,61,3,64,0,6,97,5,108,68,4,72,180
11/04/2009,NEW,LA,ASW,CE,Towers with Radar,0,6,55,5,66,0,0,88,2,90,0,6,143,7,156,64,0,64,220
11/05/2009,NEW,LA,ASW,CE,Towers with Radar,0,12,54,2,68,0,0,42,0,42,0,12,96,2,110,68,28,96,206
11/06/2009,NEW,LA,ASW,CE,Towers with Radar,0,3,55,2,60,0,0,54,4,58,0,3,109,6,118,66,0,66,184
11/07/2009,NEW,LA,ASW,CE,Towers with Radar,0,5,32,2,39,0,0,65,0,65,0,5,97,2,104,42,0,42,146
11/08/2009,NEW,LA,ASW,CE,Towers with Radar,0,8,55,2,65,0,0,29,7,36,0,8,84,9,101,0,0,0,101
11/09/2009,NEW,LA,ASW,CE,Towers with Radar,0,4,22,0,26,0,0,2,1,3,0,4,24,1,29,0,0,0,29
11/10/2009,NEW,LA,ASW,CE,Towers with Radar,0,1,24,4,29,0,0,5,7,12,0,1,29,11,41,0,2,2,43
11/11/2009,NEW,LA,ASW,CE,Towers with Radar,0,4,46,4,54,0,0,34,6,40,0,4,80,10,94,34,4,38,132
11/12/2009,NEW,LA,ASW,CE,Towers with Radar,0,4,52,6,62,0,2,70,0,72,0,6,122,6,134,44,0,44,178
11/13/2009,NEW,LA,ASW,CE,Towers with Radar,0,4,33,1,38,0,0,49,2,51,0,4,82,3,89,30,12,42,131
11/14/2009,NEW,LA,ASW,CE,Towers with Radar,0,3,29,1,33,0,1,80,0,81,0,4,109,1,114,54,0,54,168
11/15/2009,NEW,LA,ASW,CE,Towers with Radar,0,0,59,3,62,0,0,45,5,50,0,0,104,8,112,12,0,12,124
11/16/2009,NEW,LA,ASW,CE,Towers with Radar,0,3,25,1,29,0,0,33,0,33,0,3,58,1,62,20,0,20,82
11/17/2009,NEW,LA,ASW,CE,Towers with Radar,0,5,31,14,50,0,0,22,3,25,0,5,53,17,75,62,0,62,137
11/18/2009,NEW,LA,ASW,CE,Towers with Radar,0,3,43,2,48,0,1,38,0,39,0,4,81,2,87,38,0,38,125
11/19/2009,NEW,LA,ASW,CE,Towers with Radar,0,9,46,1,56,0,2,58,1,61,0,11,104,2,117,60,0,60,177
11/20/2009,NEW,LA,ASW,CE,Towers with Radar,0,3,42,2,47,0,0,38,0,38,0,3,80,2,85,16,0,16,101
11/21/2009,NEW,LA,ASW,CE,Towers with Radar,0,2,13,0,15,0,0,3,0,3,0,2,16,0,18,0,0,0,18
11/22/2009,NEW,LA,ASW,CE,Towers with Radar,0,6,53,13,72,0,0,2,0,2,0,6,55,13,74,8,0,8,82
11/23/2009,NEW,LA,ASW,CE,Towers with Radar,0,6,27,0,33,0,0,25,2,27,0,6,52,2,60,10,0,10,70
11/24/2009,NEW,LA,ASW,CE,Towers with Radar,0,10,44,0,54,0,0,22,0,22,0,10,66,0,76,12,0,12,88
11/25/2009,NEW,LA,ASW,CE,Towers with Radar,0,5,48,3,56,0,0,71,0,71,0,5,119,3,127,62,0,62,189
11/26/2009,NEW,LA,ASW,CE,Towers with Radar,0,4,6,0,10,0,0,13,0,13,0,4,19,0,23,4,0,4,27
11/27/2009,NEW,LA,ASW,CE,Towers with Radar,0,4,31,1,36,0,0,60,1,61,0,4,91,2,97,82,0,82,179
11/28/2009,NEW,LA,ASW,CE,Towers with Radar,0,2,37,0,39,0,0,53,0,53,0,2,90,0,92,42,0,42,134
11/29/2009,NEW,LA,ASW,CE,Towers with Radar,0,10,60,0,70,0,0,33,0,33,0,10,93,0,103,36,0,36,139
11/30/2009,NEW,LA,ASW,CE,Towers with Radar,0,6,57,4,67,0,1,7,0,8,0,7,64,4,75,24,0,24,99
12/01/2009,NEW,LA,ASW,CE,Towers with Radar,0,10,56,2,68,0,0,1,0,1,0,10,57,2,69,0,0,0,69
12/02/2009,NEW,LA,ASW,CE,Towers with Radar,0,2,40,0,42,0,0,14,1,15,0,2,54,1,57,0,0,0,57
12/03/2009,NEW,LA,ASW,CE,Towers with Radar,0,3,45,4,52,0,0,52,2,54,0,3,97,6,106,90,2,92,198
12/04/2009,NEW,LA,ASW,CE,Towers with Radar,0,3,32,5,40,0,0,23,2,25,0,3,55,7,65,20,8,28,93
12/05/2009,NEW,LA,ASW,CE,Towers with Radar,0,3,31,2,36,0,0,57,1,58,0,3,88,3,94,74,10,84,178
12/06/2009,NEW,LA,ASW,CE,Towers with Radar,0,2,32,0,34,0,0,35,0,35,0,2,67,0,69,48,0,48,117
12/07/2009,NEW,LA,ASW,CE,Towers with Radar,0,2,32,1,35,0,2,6,0,8,0,4,38,1,43,4,0,4,47
12/08/2009,NEW,LA,ASW,CE,Towers with Radar,0,4,28,1,33,0,0,0,0,0,0,4,28,1,33,0,0,0,33
12/09/2009,NEW,LA,ASW,CE,Towers with Radar,0,9,46,10,65,0,0,48,0,48,0,9,94,10,113,14,60,74,187
12/10/2009,NEW,LA,ASW,CE,Towers with Radar,0,5,60,0,65,0,1,54,1,56,0,6,114,1,121,26,0,26,147
12/11/2009,NEW,LA,ASW,CE,Towers with Radar,0,1,44,3,48,0,0,32,0,32,0,1,76,3,80,32,0,32,112
12/12/2009,NEW,LA,ASW,CE,Towers with Radar,0,2,22,0,24,0,0,0,0,0,0,2,22,0,24,0,0,0,24
12/13/2009,NEW,LA,ASW,CE,Towers with Radar,0,1,31,7,39,0,0,0,0,0,0,1,31,7,39,0,0,0,39
12/14/2009,NEW,LA,ASW,CE,Towers with Radar,0,2,18,0,20,0,0,0,0,0,0,2,18,0,20,0,0,0,20
12/15/2009,NEW,LA,ASW,CE,Towers with Radar,0,2,19,0,21,0,0,0,0,0,0,2,19,0,21,0,0,0,21
12/16/2009,NEW,LA,ASW,CE,Towers with Radar,0,4,30,4,38,0,0,45,5,50,0,4,75,9,88,70,0,70,158
12/17/2009,NEW,LA,ASW,CE,Towers with Radar,0,2,18,1,21,0,0,12,1,13,0,2,30,2,34,16,0,16,50
12/18/2009,NEW,LA,ASW,CE,Towers with Radar,0,3,48,13,64,0,1,28,1,30,0,4,76,14,94,56,0,56,150
12/19/2009,NEW,LA,ASW,CE,Towers with Radar,0,2,60,0,62,0,0,107,1,108,0,2,167,1,170,112,0,112,282
12/20/2009,NEW,LA,ASW,CE,Towers with Radar,0,2,67,6,75,0,0,88,7,95,0,2,155,13,170,90,0,90,260
12/21/2009,NEW,LA,ASW,CE,Towers with Radar,0,3,34,13,50,0,0,64,4,68,0,3,98,17,118,106,12,118,236
12/22/2009,NEW,LA,ASW,CE,Towers with Radar,0,1,37,5,43,0,0,44,3,47,0,1,81,8,90,114,0,114,204
12/23/2009,NEW,LA,ASW,CE,Towers with Radar,0,4,23,0,27,0,1,19,0,20,0,5,42,0,47,20,0,20,67
12/24/2009,NEW,LA,ASW,CE,Towers with Radar,0,3,18,0,21,0,0,0,0,0,0,3,18,0,21,0,0,0,21
12/25/2009,NEW,LA,ASW,CE,Towers with Radar,0,1,12,0,13,0,0,8,0,8,0,1,20,0,21,0,0,0,21
12/26/2009,NEW,LA,ASW,CE,Towers with Radar,0,7,38,0,45,0,0,45,0,45,0,7,83,0,90,44,0,44,134
12/27/2009,NEW,LA,ASW,CE,Towers with Radar,0,6,41,2,49,0,0,46,0,46,0,6,87,2,95,32,0,32,127
12/28/2009,NEW,LA,ASW,CE,Towers with Radar,0,6,21,0,27,0,0,36,0,36,0,6,57,0,63,46,0,46,109
12/29/2009,NEW,LA,ASW,CE,Towers with Radar,0,2,43,4,49,0,0,42,0,42,0,2,85,4,91,64,0,64,155
12/30/2009,NEW,LA,ASW,CE,Towers with Radar,0,8,36,1,45,0,0,4,1,5,0,8,40,2,50,10,0,10,60
12/31/2009,NEW,LA,ASW,CE,Towers with Radar,0,11,72,0,83,0,0,49,0,49,0,11,121,0,132,24,0,24,156
01/01/2010,NEW,LA,ASW,CE,Towers with Radar,0,9,46,0,55,0,0,19,0,19,0,9,65,0,74,8,0,8,82
01/02/2010,NEW,LA,ASW,CE,Towers with Radar,0,9,74,0,83,0,3,72,1,76,0,12,146,1,159,54,0,54,213
01/03/2010,NEW,LA,ASW,CE,Towers with Radar,0,10,44,0,54,0,0,25,0,25,0,10,69,0,79,10,0,10,89
01/04/2010,NEW,LA,ASW,CE,Towers with Radar,0,0,15,0,15,0,0,42,0,42,0,0,57,0,57,84,0,84,141
01/05/2010,NEW,LA,ASW,CE,Towers with Radar,0,2,42,2,46,0,1,31,0,32,0,3,73,2,78,58,0,58,136
01/06/2010,NEW,LA,ASW,CE,Towers with Radar,0,2,25,1,28,0,2,56,1,59,0,4,81,2,87,36,0,36,123
01/07/2010,NEW,LA,ASW,CE,Towers with Radar,0,6,25,0,31,0,0,7,0,7,0,6,32,0,38,0,0,0,38
01/08/2010,NEW,LA,ASW,CE,Towers with Radar,0,5,29,5,39,0,0,34,1,35,0,5,63,6,74,26,0,26,100
01/09/2010,NEW,LA,ASW,CE,Towers with Radar,0,1,16,3,20,0,0,48,1,49,0,1,64,4,69,56,32,88,157
01/10/2010,NEW,LA,ASW,CE,Towers with Radar,0,5,24,11,40,0,0,38,1,39,0,5,62,12,79,10,0,10,89
01/11/2010,NEW,LA,ASW,CE,Towers with Radar,0,0,27,4,31,0,0,41,0,41,0,0,68,4,72,36,0,36,108
01/12/2010,NEW,LA,ASW,CE,Towers with Radar,0,3,22,1,26,0,2,32,1,35,0,5,54,2,61,44,0,44,105
01/13/2010,NEW,LA,ASW,CE,Towers with Radar,0,1,28,1,30,0,0,55,0,55,0,1,83,1,85,40,0,40,125
01/14/2010,NEW,LA,ASW,CE,Towers with Radar,0,2,33,0,35,0,0,37,0,37,0,2,70,0,72,64,0,64,136
01/15/2010,NEW,LA,ASW,CE,Towers with Radar,0,7,81,5,93,0,0,25,0,25,0,7,106,5,118,6,0,6,124
01/16/2010,NEW,LA,ASW,CE,Towers with Radar,0,2,37,0,39,0,0,0,0,0,0,2,37,0,39,0,0,0,39
01/17/2010,NEW,LA,ASW,CE,Towers with Radar,0,9,69,4,82,0,0,32,3,35,0,9,101,7,117,28,0,28,145
01/18/2010,NEW,LA,ASW,CE,Towers with Radar,0,1,39,0,40,0,0,64,0,64,0,1,103,0,104,60,0,60,164
01/19/2010,NEW,LA,ASW,CE,Towers with Radar,0,3,34,0,37,0,0,37,4,41,0,3,71,4,78,36,0,36,114
01/20/2010,NEW,LA,ASW,CE,Towers with Radar,0,1,23,0,24,0,0,0,0,0,0,1,23,0,24,0,0,0,24
01/21/2010,NEW,LA,ASW,CE,Towers with Radar,0,3,28,13,44,0,0,35,0,35,0,3,63,13,79,24,0,24,103
01/22/2010,NEW,LA,ASW,CE,Towers with Radar,0,7,52,3,62,0,0,81,6,87,0,7,133,9,149,80,0,80,229
01/23/2010,NEW,LA,ASW,CE,Towers with Radar,0,3,55,2,60,0,0,32,0,32,0,3,87,2,92,18,0,18,110
01/24/2010,NEW,LA,ASW,CE,Towers with Radar,0,13,116,3,132,0,0,61,6,67,0,13,177,9,199,40,0,40,239
01/25/2010,NEW,LA,ASW,CE,Towers with Radar,0,8,59,4,71,0,0,35,0,35,0,8,94,4,106,46,0,46,152
01/26/2010,NEW,LA,ASW,CE,Towers with Radar,0,5,36,5,46,0,0,46,16,62,0,5,82,21,108,28,0,28,136
01/27/2010,NEW,LA,ASW,CE,Towers with Radar,0,11,30,2,43,0,2,41,0,43,0,13,71,2,86,62,0,62,148
01/28/2010,NEW,LA,ASW,CE,Towers with Radar,0,8,48,7,63,0,4,26,0,30,0,12,74,7,93,46,0,46,139
01/29/2010,NEW,LA,ASW,CE,Towers with Radar,0,7,24,2,33,0,0,9,0,9,0,7,33,2,42,18,0,18,60
01/30/2010,NEW,LA,ASW,CE,Towers with Radar,0,2,19,0,21,0,0,4,3,7,0,2,23,3,28,6,0,6,34
01/31/2010,NEW,LA,ASW,CE,Towers with Radar,0,8,31,0,39,0,0,43,1,44,0,8,74,1,83,8,0,8,91
02/01/2010,NEW,LA,ASW,CE,Towers with Radar,0,0,34,0,34,0,3,22,0,25,0,3,56,0,59,18,0,18,77
02/02/2010,NEW,LA,ASW,CE,Towers with Radar,0,5,29,11,45,0,0,46,4,50,0,5,75,15,95,28,18,46,141
02/03/2010,NEW,LA,ASW,CE,Towers with Radar,0,4,35,0,39,0,0,38,2,40,0,4,73,2,79,32,0,32,111
02/04/2010,NEW,LA,ASW,CE,Towers with Radar,0,5,22,0,27,0,0,0,0,0,0,5,22,0,27,0,0,0,27
02/05/2010,NEW,LA,ASW,CE,Towers with Radar,0,4,56,8,68,0,0,5,5,10,0,4,61,13,78,26,0,26,104
02/06/2010,NEW,LA,ASW,CE,Towers with Radar,0,6,45,7,58,0,0,39,2,41,0,6,84,9,99,42,52,94,193
02/07/2010,NEW,LA,ASW,CE,Towers with Radar,0,0,35,9,44,0,0,30,20,50,0,0,65,29,94,72,0,72,166
02/08/2010,NEW,LA,ASW,CE,Towers with Radar,0,13,75,10,98,0,1,27,3,31,0,14,102,13,129,54,4,58,187
02/09/2010,NEW,LA,ASW,CE,Towers with Radar,0,2,35,0,37,0,1,12,2,15,0,3,47,2,52,2,0,2,54
02/10/2010,NEW,LA,ASW,CE,Towers with Radar,0,1,45,2,48,0,0,48,0,48,0,1,93,2,96,22,0,22,118
02/11/2010,NEW,LA,ASW,CE,Towers with Radar,0,0,70,0,70,0,0,15,0,15,0,0,85,0,85,0,0,0,85
02/12/2010,NEW,LA,ASW,CE,Towers with Radar,0,14,52,0,66,0,0,3,0,3,0,14,55,0,69,0,0,0,69
02/13/2010,NEW,LA,ASW,CE,Towers with Radar,0,10,48,3,61,0,0,88,3,91,0,10,136,6,152,64,0,64,216
02/14/2010,NEW,LA,ASW,CE,Towers with Radar,0,5,45,0,50,0,0,60,1,61,0,5,105,1,111,12,0,12,123
02/15/2010,NEW,LA,ASW,CE,Towers with Radar,0,13,46,0,59,0,0,48,0,48,0,13,94,0,107,18,0,18,125
02/16/2010,NEW,LA,ASW,CE,Towers with Radar,0,2,28,0,30,0,0,49,3,52,0,2,77,3,82,74,0,74,156
02/17/2010,NEW,LA,ASW,CE,Towers with Radar,0,5,52,6,63,0,0,54,1,55,0,5,106,7,118,0,6,6,124
02/18/2010,NEW,LA,ASW,CE,Towers with Radar,0,7,28,3,38,0,0,58,1,59,0,7,86,4,97,28,2,30,127
02/19/2010,NEW,LA,ASW,CE,Towers with Radar,0,2,42,4,48,0,0,51,2,53,0,2,93,6,101,46,0,46,147
02/20/2010,NEW,LA,ASW,CE,Towers with Radar,0,13,42,0,55,0,1,95,1,97,0,14,137,1,152,48,0,48,200
02/21/2010,NEW,LA,ASW,CE,Towers with Radar,0,6,60,4,70,0,0,14,0,14,0,6,74,4,84,56,0,56,140
02/22/2010,NEW,LA,ASW,CE,Towers with Radar,0,0,21,2,23,0,0,23,1,24,0,0,44,3,47,12,0,12,59
02/23/2010,NEW,LA,ASW,CE,Towers with Radar,0,3,30,4,37,0,0,20,0,20,0,3,50,4,57,4,0,4,61
02/24/2010,NEW,LA,ASW,CE,Towers with Radar,0,6,47,9,62,0,0,27,3,30,0,6,74,12,92,38,8,46,138
02/25/2010,NEW,LA,ASW,CE,Towers with Radar,0,7,52,3,62,0,0,47,0,47,0,7,99,3,109,74,6,80,189
02/26/2010,NEW,LA,ASW,CE,Towers with Radar,0,8,44,21,73,0,4,62,7,73,0,12,106,28,146,114,14,128,274
02/27/2010,NEW,LA,ASW,CE,Towers with Radar,0,1,32,0,33,0,0,50,1,51,0,1,82,1,84,76,0,76,160
02/28/2010,NEW,LA,ASW,CE,Towers with Radar,0,2,54,0,56,0,1,87,3,91,0,3,141,3,147,98,0,98,245
03/01/2010,NEW,LA,ASW,CE,Towers with Radar,0,3,18,0,21,0,0,17,0,17,0,3,35,0,38,16,0,16,54
03/02/2010,NEW,LA,ASW,CE,Towers with Radar,0,10,25,0,35,0,0,9,2,11,0,10,34,2,46,4,2,6,52
03/03/2010,NEW,LA,ASW,CE,Towers with Radar,0,1,36,0,37,0,0,50,1,51,0,1,86,1,88,38,6,44,132
03/04/2010,NEW,LA,ASW,CE,Towers with Radar,0,6,65,0,71,0,0,75,5,80,0,6,140,5,151,60,0,60,211
03/05/2010,NEW,LA,ASW,CE,Towers with Radar,0,14,59,4,77,0,0,50,4,54,0,14,109,8,131,28,22,50,181
03/06/2010,NEW,LA,ASW,CE,Towers with Radar,0,5,47,3,55,0,1,85,0,86,0,6,132,3,141,32,2,34,175
03/07/2010,NEW,LA,ASW,CE,Towers with Radar,0,8,63,2,73,0,0,62,0,62,0,8,125,2,135,56,0,56,191
03/08/2010,NEW,LA,ASW,CE,Towers with Radar,0,8,29,0,37,0,0,29,0,29,0,8,58,0,66,32,0,32,98
03/09/2010,NEW,LA,ASW,CE,Towers with Radar,0,11,69,0,80,0,0,2,2,4,0,11,71,2,84,6,8,14,98
03/10/2010,NEW,LA,ASW,CE,Towers with Radar,0,9,50,0,59,0,0,0,0,0,0,9,50,0,59,0,0,0,59
03/11/2010,NEW,LA,ASW,CE,Towers with Radar,0,5,50,2,57,0,0,8,0,8,0,5,58,2,65,30,0,30,95
03/12/2010,NEW,LA,ASW,CE,Towers with Radar,0,4,92,7,103,0,0,42,2,44,0,4,134,9,147,16,10,26,173
03/13/2010,NEW,LA,ASW,CE,Towers with Radar,0,3,88,3,94,0,0,57,0,57,0,3,145,3,151,14,0,14,165
03/14/2010,NEW,LA,ASW,CE,Towers with Radar,0,8,49,1,58,0,1,71,1,73,0,9,120,2,131,40,0,40,171
03/15/2010,NEW,LA,ASW,CE,Towers with Radar,0,8,30,0,38,0,0,44,3,47,0,8,74,3,85,50,0,50,135
03/16/2010,NEW,LA,ASW,CE,Towers with Radar,0,5,42,3,50,0,0,44,1,45,0,5,86,4,95,54,0,54,149
03/17/2010,NEW,LA,ASW,CE,Towers with Radar,0,4,35,0,39,0,0,19,1,20,0,4,54,1,59,52,0,52,111
03/18/2010,NEW,LA,ASW,CE,Towers with Radar,0,4,75,0,79,0,0,44,0,44,0,4,119,0,123,10,0,10,133
03/19/2010,NEW,LA,ASW,CE,Towers with Radar,0,13,66,2,81,0,0,41,3,44,0,13,107,5,125,28,0,28,153
03/20/2010,NEW,LA,ASW,CE,Towers with Radar,0,7,66,1,74,0,0,36,3,39,0,7,102,4,113,40,0,40,153
03/21/2010,NEW,LA,ASW,CE,Towers with Radar,0,11,66,3,80,0,0,25,0,25,0,11,91,3,105,2,0,2,107
03/22/2010,NEW,LA,ASW,CE,Towers with Radar,0,9,41,5,55,0,0,31,1,32,0,9,72,6,87,68,0,68,155
03/23/2010,NEW,LA,ASW,CE,Towers with Radar,0,7,59,2,68,0,1,53,1,55,0,8,112,3,123,54,0,54,177
03/24/2010,NEW,LA,ASW,CE,Towers with Radar,0,7,68,2,77,0,0,30,2,32,0,7,98,4,109,48,2,50,159
03/25/2010,NEW,LA,ASW,CE,Towers with Radar,0,5,29,6,40,0,0,22,0,22,0,5,51,6,62,12,0,12,74
03/26/2010,NEW,LA,ASW,CE,Towers with Radar,0,7,55,4,66,0,2,57,2,61,0,9,112,6,127,76,0,76,203
03/27/2010,NEW,LA,ASW,CE,Towers with Radar,0,2,50,0,52,0,0,60,0,60,0,2,110,0,112,38,0,38,150
03/28/2010,NEW,LA,ASW,CE,Towers with Radar,0,2,48,1,51,0,1,55,2,58,0,3,103,3,109,70,8,78,187
03/29/2010,NEW,LA,ASW,CE,Towers with Radar,0,6,34,0,40,0,0,57,0,57,0,6,91,0,97,90,0,90,187
03/30/2010,NEW,LA,ASW,CE,Towers with Radar,0,1,29,1,31,0,1,49,10,60,0,2,78,11,91,16,0,16,107
03/31/2010,NEW,LA,ASW,CE,Towers with Radar,0,2,37,1,40,0,1,62,0,63,0,3,99,1,103,62,6,68,171
04/01/2010,NEW,LA,ASW,CE,Towers with Radar,0,3,41,4,48,0,0,57,1,58,0,3,98,5,106,62,0,62,168
04/02/2010,NEW,LA,ASW,CE,Towers with Radar,0,2,36,8,46,0,2,40,2,44,0,4,76,10,90,50,12,62,152
04/03/2010,NEW,LA,ASW,CE,Towers with Radar,0,0,27,1,28,0,0,8,0,8,0,0,35,1,36,14,0,14,50
04/04/2010,NEW,LA,ASW,CE,Towers with Radar,0,2,21,1,24,0,0,30,0,30,0,2,51,1,54,36,0,36,90
04/05/2010,NEW,LA,ASW,CE,Towers with Radar,0,2,43,0,45,0,0,22,2,24,0,2,65,2,69,66,0,66,135
04/06/2010,NEW,LA,ASW,CE,Towers with Radar,0,8,22,0,30,0,0,33,0,33,0,8,55,0,63,6,0,6,69
04/07/2010,NEW,LA,ASW,CE,Towers with Radar,0,5,40,9,54,0,1,38,6,45,0,6,78,15,99,6,0,6,105
04/08/2010,NEW,LA,ASW,CE,Towers with Radar,0,8,49,1,58,0,2,30,2,34,0,10,79,3,92,14,0,14,106
04/09/2010,NEW,LA,ASW,CE,Towers with Radar,0,9,64,3,76,0,0,61,1,62,0,9,125,4,138,56,0,56,194
04/10/2010,NEW,LA,ASW,CE,Towers with Radar,0,3,50,0,53,0,0,79,2,81,0,3,129,2,134,26,0,26,160
04/11/2010,NEW,LA,ASW,CE,Towers with Radar,0,5,85,3,93,0,1,63,0,64,0,6,148,3,157,28,0,28,185
04/12/2010,NEW,LA,ASW,CE,Towers with Radar,0,8,47,2,57,0,0,46,3,49,0,8,93,5,106,0,36,36,142
04/13/2010,NEW,LA,ASW,CE,Towers with Radar,0,7,38,0,45,0,0,30,1,31,0,7,68,1,76,22,0,22,98
04/14/2010,NEW,LA,ASW,CE,Towers with Radar,0,8,38,4,50,0,0,36,2,38,0,8,74,6,88,0,0,0,88
04/15/2010,NEW,LA,ASW,CE,Towers with Radar,0,6,46,4,56,0,0,27,2,29,0,6,73,6,85,10,6,16,101
04/16/2010,NEW,LA,ASW,CE,Towers with Radar,0,5,54,5,64,0,0,48,8,56,0,5,102,13,120,46,26,72,192
04/17/2010,NEW,LA,ASW,CE,Towers with Radar,0,11,49,6,66,0,0,56,2,58,0,11,105,8,124,12,0,12,136
04/18/2010,NEW,LA,ASW,CE,Towers with Radar,0,13,52,5,70,0,0,49,2,51,0,13,101,7,121,66,0,66,187
04/19/2010,NEW,LA,ASW,CE,Towers with Radar,0,4,56,0,60,0,0,40,0,40,0,4,96,0,100,22,16,38,138
04/20/2010,NEW,LA,ASW,CE,Towers with Radar,0,1,51,1,53,0,0,26,4,30,0,1,77,5,83,8,12,20,103
04/21/2010,NEW,LA,ASW,CE,Towers with Radar,0,2,52,2,56,0,0,88,2,90,0,2,140,4,146,12,0,12,158
04/22/2010,NEW,LA,ASW,CE,Towers with Radar,0,5,60,2,67,0,0,54,2,56,0,5,114,4,123,14,10,24,147
04/23/2010,NEW,LA,ASW,CE,Towers with Radar,0,6,51,5,62,0,0,17,1,18,0,6,68,6,80,0,0,0,80
04/24/2010,NEW,LA,ASW,CE,Towers with Radar,0,3,12,0,15,0,0,8,0,8,0,3,20,0,23,0,0,0,23
04/25/2010,NEW,LA,ASW,CE,Towers with Radar,0,6,71,0,77,0,0,73,0,73,0,6,144,0,150,54,0,54,204
04/26/2010,NEW,LA,ASW,CE,Towers with Radar,0,7,36,0,43,0,0,47,1,48,0,7,83,1,91,64,0,64,155
04/27/2010,NEW,LA,ASW,CE,Towers with Radar,0,2,37,3,42,0,0,45,0,45,0,2,82,3,87,8,0,8,95
04/28/2010,NEW,LA,ASW,CE,Towers with Radar,0,3,32,2,37,0,0,63,1,64,0,3,95,3,101,36,0,36,137
04/29/2010,NEW,LA,ASW,CE,Towers with Radar,0,4,61,2,67,0,1,77,0,78,0,5,138,2,145,20,0,20,165
04/30/2010,NEW,LA,ASW,CE,Towers with Radar,0,11,38,2,51,0,0,6,3,9,0,11,44,5,60,2,0,2,62
05/01/2010,NEW,LA,ASW,CE,Towers with Radar,0,3,32,0,35,0,0,12,1,13,0,3,44,1,48,34,0,34,82
05/02/2010,NEW,LA,ASW,CE,Towers with Radar,0,4,38,5,47,0,0,1,1,2,0,4,39,6,49,0,0,0,49
05/03/2010,NEW,LA,ASW,CE,Towers with Radar,0,17,59,0,76,0,0,24,4,28,0,17,83,4,104,0,0,0,104
05/04/2010,NEW,LA,ASW,CE,Towers with Radar,0,5,48,5,58,0,0,27,3,30,0,5,75,8,88,0,0,0,88
05/05/2010,NEW,LA,ASW,CE,Towers with Radar,0,9,51,1,61,0,1,55,0,56,0,10,106,1,117,34,0,34,151
05/06/2010,NEW,LA,ASW,CE,Towers with Radar,0,6,53,1,60,0,6,49,2,57,0,12,102,3,117,26,0,26,143
05/07/2010,NEW,LA,ASW,CE,Towers with Radar,0,7,57,4,68,0,0,79,5,84,0,7,136,9,152,36,28,64,216
05/08/2010,NEW,LA,ASW,CE,Towers with Radar,0,2,35,2,39,0,0,60,0,60,0,2,95,2,99,84,0,84,183
05/09/2010,NEW,LA,ASW,CE,Towers with Radar,0,0,55,6,61,0,0,60,1,61,0,0,115,7,122,26,0,26,148
05/10/2010,NEW,LA,ASW,CE,Towers with Radar,0,5,26,2,33,0,0,41,5,46,0,5,67,7,79,28,0,28,107
05/11/2010,NEW,LA,ASW,CE,Towers with Radar,0,0,45,3,48,0,0,31,6,37,0,0,76,9,85,60,0,60,145
05/12/2010,NEW,LA,ASW,CE,Towers with Radar,0,6,42,7,55,0,0,57,1,58,0,6,99,8,113,48,0,48,161
05/13/2010,NEW,LA,ASW,CE,Towers with Radar,0,5,56,5,66,0,0,44,2,46,0,5,100,7,112,52,0,52,164
05/14/2010,NEW,LA,ASW,CE,Towers with Radar,0,8,70,6,84,0,0,44,1,45,0,8,114,7,129,32,0,32,161
05/15/2010,NEW,LA,ASW,CE,Towers with Radar,0,4,26,6,36,0,0,16,2,18,0,4,42,8,54,10,0,10,64
05/16/2010,NEW,LA,ASW,CE,Towers with Radar,0,3,42,4,49,0,0,7,0,7,0,3,49,4,56,8,0,8,64
05/17/2010,NEW,LA,ASW,CE,Towers with Radar,0,0,23,0,23,0,0,53,0,53,0,0,76,0,76,14,0,14,90
05/18/2010,NEW,LA,ASW,CE,Towers with Radar,0,5,57,3,65,0,0,32,3,35,0,5,89,6,100,10,0,10,110
05/19/2010,NEW,LA,ASW,CE,Towers with Radar,0,3,47,3,53,0,0,44,9,53,0,3,91,12,106,24,0,24,130
05/20/2010,NEW,LA,ASW,CE,Towers with Radar,0,4,52,13,69,0,0,45,7,52,0,4,97,20,121,40,0,40,161
05/21/2010,NEW,LA,ASW,CE,Towers with Radar,0,2,61,16,79,0,2,65,12,79,0,4,126,28,158,30,0,30,188
05/22/2010,NEW,LA,ASW,CE,Towers with Radar,0,3,45,5,53,0,0,67,3,70,0,3,112,8,123,64,0,64,187
05/23/2010,NEW,LA,ASW,CE,Towers with Radar,0,3,52,0,55,0,0,60,2,62,0,3,112,2,117,24,0,24,141
05/24/2010,NEW,LA,ASW,CE,Towers with Radar,0,2,31,5,38,0,0,57,4,61,0,2,88,9,99,58,4,62,161
05/25/2010,NEW,LA,ASW,CE,Towers with Radar,0,0,48,1,49,0,2,48,3,53,0,2,96,4,102,34,0,34,136
05/26/2010,NEW,LA,ASW,CE,Towers with Radar,0,4,44,8,56,0,0,69,3,72,0,4,113,11,128,36,0,36,164
05/27/2010,NEW,LA,ASW,CE,Towers with Radar,0,2,33,1,36,0,0,59,7,66,0,2,92,8,102,20,12,32,134
05/28/2010,NEW,LA,ASW,CE,Towers with Radar,0,8,56,0,64,0,0,54,4,58,0,8,110,4,122,34,0,34,156
05/29/2010,NEW,LA,ASW,CE,Towers with Radar,0,3,29,0,32,0,0,64,6,70,0,3,93,6,102,30,0,30,132
05/30/2010,NEW,LA,ASW,CE,Towers with Radar,0,4,19,2,25,0,0,37,1,38,0,4,56,3,63,14,0,14,77
05/31/2010,NEW,LA,ASW,CE,Towers with Radar,0,4,21,1,26,0,0,29,3,32,0,4,50,4,58,88,6,94,152
06/01/2010,NEW,LA,ASW,CE,Towers with Radar,0,3,33,2,38,0,0,37,6,43,0,3,70,8,81,10,0,10,91
06/02/2010,NEW,LA,ASW,CE,Towers with Radar,0,2,43,0,45,0,0,36,0,36,0,2,79,0,81,8,0,8,89
06/03/2010,NEW,LA,ASW,CE,Towers with Radar,0,7,40,0,47,0,0,17,3,20,0,7,57,3,67,0,0,0,67
06/04/2010,NEW,LA,ASW,CE,Towers with Radar,0,5,32,0,37,0,0,17,0,17,0,5,49,0,54,8,0,8,62
06/05/2010,NEW,LA,ASW,CE,Towers with Radar,0,4,30,5,39,0,1,34,6,41,0,5,64,11,80,42,0,42,122
06/06/2010,NEW,LA,ASW,CE,Towers with Radar,0,6,39,5,50,0,0,26,0,26,0,6,65,5,76,18,0,18,94
06/07/2010,NEW,LA,ASW,CE,Towers with Radar,0,3,36,2,41,0,0,33,5,38,0,3,69,7,79,4,0,4,83
06/08/2010,NEW,LA,ASW,CE,Towers with Radar,0,3,35,1,39,0,0,41,2,43,0,3,76,3,82,6,0,6,88
06/09/2010,NEW,LA,ASW,CE,Towers with Radar,0,4,66,2,72,0,0,37,2,39,0,4,103,4,111,12,0,12,123
06/10/2010,NEW,LA,ASW,CE,Towers with Radar,0,6,47,0,53,0,4,69,2,75,0,10,116,2,128,66,0,66,194
06/11/2010,NEW,LA,ASW,CE,Towers with Radar,0,3,41,3,47,0,0,52,2,54,0,3,93,5,101,64,0,64,165
06/12/2010,NEW,LA,ASW,CE,Towers with Radar,0,0,37,1,38,0,0,90,4,94,0,0,127,5,132,8,0,8,140
06/13/2010,NEW,LA,ASW,CE,Towers with Radar,0,6,39,2,47,0,1,43,2,46,0,7,82,4,93,30,0,30,123
06/14/2010,NEW,LA,ASW,CE,Towers with Radar,0,2,30,2,34,0,1,58,4,63,0,3,88,6,97,34,0,34,131
06/15/2010,NEW,LA,ASW,CE,Towers with Radar,0,1,41,0,42,0,0,39,0,39,0,1,80,0,81,54,0,54,135
06/16/2010,NEW,LA,ASW,CE,Towers with Radar,0,4,37,0,41,0,0,31,8,39,0,4,68,8,80,26,0,26,106
06/17/2010,NEW,LA,ASW,CE,Towers with Radar,0,4,57,1,62,0,4,60,5,69,0,8,117,6,131,24,0,24,155
06/18/2010,NEW,LA,ASW,CE,Towers with Radar,0,7,67,6,80,0,0,80,7,87,0,7,147,13,167,38,0,38,205
06/19/2010,NEW,LA,ASW,CE,Towers with Radar,0,4,36,1,41,0,0,77,2,79,0,4,113,3,120,34,0,34,154
06/20/2010,NEW,LA,ASW,CE,Towers with Radar,0,1,35,6,42,0,0,72,1,73,0,1,107,7,115,20,0,20,135
06/21/2010,NEW,LA,ASW,CE,Towers with Radar,0,0,46,1,47,0,0,53,8,61,0,0,99,9,108,30,0,30,138
06/22/2010,NEW,LA,ASW,CE,Towers with Radar,0,5,55,3,63,0,1,14,3,18,0,6,69,6,81,40,0,40,121
06/23/2010,NEW,LA,ASW,CE,Towers with Radar,0,5,69,4,78,0,2,48,7,57,0,7,117,11,135,24,0,24,159
06/24/2010,NEW,LA,ASW,CE,Towers with Radar,0,3,55,3,61,0,7,70,4,81,0,10,125,7,142,62,0,62,204
06/25/2010,NEW,LA,ASW,CE,Towers with Radar,0,73,6,3,82,0,0,76,1,77,0,73,82,4,159,34,0,34,193
06/26/2010,NEW,LA,ASW,CE,Towers with Radar,0,0,47,2,49,0,2,69,7,78,0,2,116,9,127,24,4,28,155
06/27/2010,NEW,LA,ASW,CE,Towers with Radar,0,0,60,6,66,0,0,51,4,55,0,0,111,10,121,12,0,12,133
06/28/2010,NEW,LA,ASW,CE,Towers with Radar,0,3,36,7,46,0,2,40,8,50,0,5,76,15,96,28,0,28,124
06/29/2010,NEW,LA,ASW,CE,Towers with Radar,0,5,37,3,45,0,0,16,0,16,0,5,53,3,61,24,0,24,85
06/30/2010,NEW,LA,ASW,CE,Towers with Radar,0,3,39,0,42,0,0,12,0,12,0,3,51,0,54,4,0,4,58
07/01/2010,NEW,LA,ASW,CE,Towers with Radar,0,5,33,2,40,0,0,23,2,25,0,5,56,4,65,22,0,22,87
07/02/2010,NEW,LA,ASW,CE,Towers with Radar,0,4,42,1,47,0,0,59,4,63,0,4,101,5,110,10,0,10,120
07/03/2010,NEW,LA,ASW,CE,Towers with Radar,0,0,26,2,28,0,0,45,3,48,0,0,71,5,76,56,0,56,132
07/04/2010,NEW,LA,ASW,CE,Towers with Radar,0,3,26,0,29,0,0,42,1,43,0,3,68,1,72,6,0,6,78
07/05/2010,NEW,LA,ASW,CE,Towers with Radar,0,5,44,2,51,0,0,35,2,37,0,5,79,4,88,30,0,30,118
07/06/2010,NEW,LA,ASW,CE,Towers with Radar,0,3,31,4,38,0,3,14,6,23,0,6,45,10,61,12,0,12,73
07/07/2010,NEW,LA,ASW,CE,Towers with Radar,0,5,33,9,47,0,3,42,14,59,0,8,75,23,106,18,0,18,124
07/08/2010,NEW,LA,ASW,CE,Towers with Radar,0,3,50,2,55,0,5,64,8,77,0,8,114,10,132,40,0,40,172
07/09/2010,NEW,LA,ASW,CE,Towers with Radar,0,2,77,5,84,0,0,106,6,112,0,2,183,11,196,6,0,6,202
07/10/2010,NEW,LA,ASW,CE,Towers with Radar,0,6,36,2,44,0,1,69,3,73,0,7,105,5,117,10,0,10,127
07/11/2010,NEW,LA,ASW,CE,Towers with Radar,0,3,47,2,52,0,1,42,6,49,0,4,89,8,101,4,0,4,105
07/12/2010,NEW,LA,ASW,CE,Towers with Radar,0,2,50,1,53,0,0,59,3,62,0,2,109,4,115,40,0,40,155
07/13/2010,NEW,LA,ASW,CE,Towers with Radar,0,2,54,3,59,0,0,61,1,62,0,2,115,4,121,32,0,32,153
07/14/2010,NEW,LA,ASW,CE,Towers with Radar,0,11,51,5,67,0,8,84,12,104,0,19,135,17,171,100,2,102,273
07/15/2010,NEW,LA,ASW,CE,Towers with Radar,0,12,54,4,70,0,3,92,14,109,0,15,146,18,179,62,0,62,241
07/16/2010,NEW,LA,ASW,CE,Towers with Radar,0,0,53,3,56,0,3,37,0,40,0,3,90,3,96,88,0,88,184
07/17/2010,NEW,LA,ASW,CE,Towers with Radar,0,2,37,4,43,0,0,60,2,62,0,2,97,6,105,84,0,84,189
07/18/2010,NEW,LA,ASW,CE,Towers with Radar,0,8,45,2,55,0,0,29,1,30,0,8,74,3,85,36,0,36,121
07/19/2010,NEW,LA,ASW,CE,Towers with Radar,0,1,43,0,44,0,5,37,4,46,0,6,80,4,90,60,0,60,150
07/20/2010,NEW,LA,ASW,CE,Towers with Radar,0,1,24,4,29,0,0,60,2,62,0,1,84,6,91,60,0,60,151
07/21/2010,NEW,LA,ASW,CE,Towers with Radar,0,4,48,12,64,0,3,55,6,64,0,7,103,18,128,74,0,74,202
07/22/2010,NEW,LA,ASW,CE,Towers with Radar,0,8,56,5,69,0,4,59,6,69,0,12,115,11,138,68,0,68,206
07/23/2010,NEW,LA,ASW,CE,Towers with Radar,0,1,56,3,60,0,0,46,6,52,0,1,102,9,112,54,0,54,166
07/24/2010,NEW,LA,ASW,CE,Towers with Radar,0,0,33,0,33,0,0,33,2,35,0,0,66,2,68,14,0,14,82
07/25/2010,NEW,LA,ASW,CE,Towers with Radar,0,1,22,2,25,0,0,19,3,22,0,1,41,5,47,14,0,14,61
07/26/2010,NEW,LA,ASW,CE,Towers with Radar,0,5,31,2,38,0,0,43,4,47,0,5,74,6,85,22,0,22,107
07/27/2010,NEW,LA,ASW,CE,Towers with Radar,0,4,35,1,40,0,0,47,2,49,0,4,82,3,89,34,0,34,123
07/28/2010,NEW,LA,ASW,CE,Towers with Radar,0,9,48,5,62,0,5,53,5,63,0,14,101,10,125,62,0,62,187
07/29/2010,NEW,LA,ASW,CE,Towers with Radar,0,2,48,10,60,0,5,66,11,82,0,7,114,21,142,62,0,62,204
07/30/2010,NEW,LA,ASW,CE,Towers with Radar,0,3,34,1,38,0,6,62,20,88,0,9,96,21,126,82,0,82,208
07/31/2010,NEW,LA,ASW,CE,Towers with Radar,0,1,32,2,35,0,6,80,15,101,0,7,112,17,136,42,0,42,178
08/01/2010,NEW,LA,ASW,CE,Towers with Radar,0,6,54,1,61,0,9,55,3,67,0,15,109,4,128,8,0,8,136
08/02/2010,NEW,LA,ASW,CE,Towers with Radar,0,5,28,7,40,0,0,48,2,50,0,5,76,9,90,92,0,92,182
08/03/2010,NEW,LA,ASW,CE,Towers with Radar,0,1,32,2,35,0,0,29,9,38,0,1,61,11,73,58,0,58,131
08/04/2010,NEW,LA,ASW,CE,Towers with Radar,0,4,31,2,37,0,1,38,15,54,0,5,69,17,91,88,0,88,179
08/05/2010,NEW,LA,ASW,CE,Towers with Radar,0,1,55,0,56,0,0,48,13,61,0,1,103,13,117,66,0,66,183
08/06/2010,NEW,LA,ASW,CE,Towers with Radar,0,4,53,4,61,0,0,57,9,66,0,4,110,13,127,66,0,66,193
08/07/2010,NEW,LA,ASW,CE,Towers with Radar,0,3,24,1,28,0,1,73,3,77,0,4,97,4,105,48,0,48,153
08/08/2010,NEW,LA,ASW,CE,Towers with Radar,0,6,33,1,40,0,0,64,6,70,0,6,97,7,110,48,0,48,158
08/09/2010,NEW,LA,ASW,CE,Towers with Radar,0,3,31,0,34,0,1,49,3,53,0,4,80,3,87,78,0,78,165
08/10/2010,NEW,LA,ASW,CE,Towers with Radar,0,8,37,9,54,0,0,38,6,44,0,8,75,15,98,14,68,82,180
08/11/2010,NEW,LA,ASW,CE,Towers with Radar,0,4,38,2,44,0,0,18,0,18,0,4,56,2,62,26,0,26,88
08/12/2010,NEW,LA,ASW,CE,Towers with Radar,0,9,33,4,46,0,1,7,0,8,0,10,40,4,54,4,0,4,58
08/13/2010,NEW,LA,ASW,CE,Towers with Radar,0,1,26,0,27,0,0,15,4,19,0,1,41,4,46,20,0,20,66
08/14/2010,NEW,LA,ASW,CE,Towers with Radar,0,6,25,1,32,0,0,27,9,36,0,6,52,10,68,16,0,16,84
08/15/2010,NEW,LA,ASW,CE,Towers with Radar,0,4,34,4,42,0,0,51,4,55,0,4,85,8,97,122,0,122,219
08/16/2010,NEW,LA,ASW,CE,Towers with Radar,0,6,25,3,34,0,0,37,3,40,0,6,62,6,74,42,0,42,116
08/17/2010,NEW,LA,ASW,CE,Towers with Radar,0,3,26,0,29,0,2,9,2,13,0,5,35,2,42,4,0,4,46
08/18/2010,NEW,LA,ASW,CE,Towers with Radar,0,2,45,2,49,0,1,20,1,22,0,3,65,3,71,18,0,18,89
08/19/2010,NEW,LA,ASW,CE,Towers with Radar,0,10,50,5,65,0,0,29,18,47,0,10,79,23,112,34,0,34,146
08/20/2010,NEW,LA,ASW,CE,Towers with Radar,0,6,53,2,61,0,3,42,6,51,0,9,95,8,112,8,0,8,120
08/21/2010,NEW,LA,ASW,CE,Towers with Radar,0,1,29,2,32,0,0,48,0,48,0,1,77,2,80,40,0,40,120
08/22/2010,NEW,LA,ASW,CE,Towers with Radar,0,10,43,2,55,0,1,62,3,66,0,11,105,5,121,40,0,40,161
08/23/2010,NEW,LA,ASW,CE,Towers with Radar,0,0,33,1,34,0,0,33,2,35,0,0,66,3,69,58,0,58,127
08/24/2010,NEW,LA,ASW,CE,Towers with Radar,0,2,38,10,50,0,1,53,6,60,0,3,91,16,110,96,0,96,206
08/25/2010,NEW,LA,ASW,CE,Towers with Radar,0,9,37,0,46,0,0,42,0,42,0,9,79,0,88,120,0,120,208
08/26/2010,NEW,LA,ASW,CE,Towers with Radar,0,1,33,6,40,0,0,40,8,48,0,1,73,14,88,96,10,106,194
08/27/2010,NEW,LA,ASW,CE,Towers with Radar,0,5,59,2,66,0,0,21,1,22,0,5,80,3,88,14,0,14,102
08/28/2010,NEW,LA,ASW,CE,Towers with Radar,0,0,31,1,32,0,0,6,0,6,0,0,37,1,38,20,0,20,58
08/29/2010,NEW,LA,ASW,CE,Towers with Radar,0,2,16,0,18,0,0,6,8,14,0,2,22,8,32,0,0,0,32
08/30/2010,NEW,LA,ASW,CE,Towers with Radar,0,2,25,4,31,0,3,36,2,41,0,5,61,6,72,96,0,96,168
08/31/2010,NEW,LA,ASW,CE,Towers with Radar,0,6,29,0,35,0,2,24,2,28,0,8,53,2,63,4,0,4,67
09/01/2010,NEW,LA,ASW,CE,Towers with Radar,0,12,47,1,60,0,0,38,2,40,0,12,85,3,100,58,0,58,158
09/02/2010,NEW,LA,ASW,CE,Towers with Radar,0,5,43,3,51,0,3,59,1,63,0,8,102,4,114,36,0,36,150
09/03/2010,NEW,LA,ASW,CE,Towers with Radar,0,4,62,2,68,0,0,59,1,60,0,4,121,3,128,50,0,50,178
09/04/2010,NEW,LA,ASW,CE,Towers with Radar,0,1,34,5,40,0,1,68,1,70,0,2,102,6,110,52,10,62,172
09/05/2010,NEW,LA,ASW,CE,Towers with Radar,0,1,49,6,56,0,0,39,1,40,0,1,88,7,96,32,0,32,128
09/06/2010,NEW,LA,ASW,CE,Towers with Radar,0,1,57,6,64,0,0,49,0,49,0,1,106,6,113,58,4,62,175
09/07/2010,NEW,LA,ASW,CE,Towers with Radar,0,3,49,1,53,0,0,36,5,41,0,3,85,6,94,26,0,26,120
09/08/2010,NEW,LA,ASW,CE,Towers with Radar,0,8,47,7,62,0,6,36,3,45,0,14,83,10,107,46,0,46,153
09/09/2010,NEW,LA,ASW,CE,Towers with Radar,0,5,112,5,122,0,0,82,2,84,0,5,194,7,206,72,0,72,278
09/10/2010,NEW,LA,ASW,CE,Towers with Radar,0,10,116,7,133,0,1,52,4,57,0,11,168,11,190,22,0,22,212
09/11/2010,NEW,LA,ASW,CE,Towers with Radar,0,2,34,0,36,0,0,59,1,60,0,2,93,1,96,60,0,60,156
09/12/2010,NEW,LA,ASW,CE,Towers with Radar,0,4,71,5,80,0,0,60,6,66,0,4,131,11,146,20,0,20,166
09/13/2010,NEW,LA,ASW,CE,Towers with Radar,0,0,39,0,39,0,5,43,0,48,0,5,82,0,87,86,0,86,173
09/14/2010,NEW,LA,ASW,CE,Towers with Radar,0,2,41,6,49,0,3,46,5,54,0,5,87,11,103,8,62,70,173
09/15/2010,NEW,LA,ASW,CE,Towers with Radar,0,10,61,4,75,0,3,62,0,65,0,13,123,4,140,42,0,42,182
09/16/2010,NEW,LA,ASW,CE,Towers with Radar,0,9,51,3,63,0,0,70,1,71,0,9,121,4,134,54,12,66,200
09/17/2010,NEW,LA,ASW,CE,Towers with Radar,0,8,49,16,73,0,1,63,4,68,0,9,112,20,141,42,0,42,183
09/18/2010,NEW,LA,ASW,CE,Towers with Radar,0,1,36,11,48,0,1,78,0,79,0,2,114,11,127,60,0,60,187
09/19/2010,NEW,LA,ASW,CE,Towers with Radar,0,10,51,9,70,0,4,46,1,51,0,14,97,10,121,26,2,28,149
09/20/2010,NEW,LA,ASW,CE,Towers with Radar,0,3,35,0,38,0,0,39,4,43,0,3,74,4,81,46,0,46,127
09/21/2010,NEW,LA,ASW,CE,Towers with Radar,0,6,40,6,52,0,0,49,4,53,0,6,89,10,105,64,0,64,169
09/22/2010,NEW,LA,ASW,CE,Towers with Radar,0,14,55,0,69,0,1,46,1,48,0,15,101,1,117,36,0,36,153
09/23/2010,NEW,LA,ASW,CE,Towers with Radar,0,6,39,0,45,0,4,58,1,63,0,10,97,1,108,66,0,66,174
09/24/2010,NEW,LA,ASW,CE,Towers with Radar,0,21,63,16,100,0,1,59,0,60,0,22,122,16,160,72,0,72,232
09/25/2010,NEW,LA,ASW,CE,Towers with Radar,0,3,25,7,35,0,0,38,0,38,0,3,63,7,73,40,24,64,137
09/26/2010,NEW,LA,ASW,CE,Towers with Radar,0,12,70,9,91,0,2,44,1,47,0,14,114,10,138,50,0,50,188
09/27/2010,NEW,LA,ASW,CE,Towers with Radar,0,4,42,2,48,0,1,54,2,57,0,5,96,4,105,74,0,74,179
09/28/2010,NEW,LA,ASW,CE,Towers with Radar,0,4,33,11,48,0,0,52,9,61,0,4,85,20,109,68,0,68,177
09/29/2010,NEW,LA,ASW,CE,Towers with Radar,0,3,52,7,62,0,3,73,10,86,0,6,125,17,148,116,10,126,274
09/30/2010,NEW,LA,ASW,CE,Towers with Radar,0,11,44,6,61,0,3,46,0,49,0,14,90,6,110,58,8,66,176
10/01/2010,NEW,LA,ASW,CE,Towers with Radar,0,6,62,11,79,0,1,51,1,53,0,7,113,12,132,66,0,66,198
10/02/2010,NEW,LA,ASW,CE,Towers with Radar,0,10,56,3,69,0,3,78,2,83,0,13,134,5,152,52,6,58,210
10/03/2010,NEW,LA,ASW,CE,Towers with Radar,0,3,80,7,90,0,2,82,2,86,0,5,162,9,176,50,6,56,232
10/04/2010,NEW,LA,ASW,CE,Towers with Radar,0,4,50,4,58,0,3,66,6,75,0,7,116,10,133,56,0,56,189
10/05/2010,NEW,LA,ASW,CE,Towers with Radar,0,9,58,12,79,0,2,44,3,49,0,11,102,15,128,48,0,48,176
10/06/2010,NEW,LA,ASW,CE,Towers with Radar,0,5,61,1,67,0,6,49,1,56,0,11,110,2,123,62,0,62,185
10/07/2010,NEW,LA,ASW,CE,Towers with Radar,0,7,52,0,59,0,4,56,6,66,0,11,108,6,125,60,52,112,237
10/08/2010,NEW,LA,ASW,CE,Towers with Radar,0,6,49,4,59,0,2,70,3,75,0,8,119,7,134,102,0,102,236
10/09/2010,NEW,LA,ASW,CE,Towers with Radar,0,1,39,1,41,0,2,82,4,88,0,3,121,5,129,98,0,98,227
10/10/2010,NEW,LA,ASW,CE,Towers with Radar,0,9,54,9,72,0,1,65,3,69,0,10,119,12,141,38,34,72,213
10/11/2010,NEW,LA,ASW,CE,Towers with Radar,0,6,50,4,60,0,3,39,2,44,0,9,89,6,104,72,10,82,186
10/12/2010,NEW,LA,ASW,CE,Towers with Radar,0,9,67,4,80,0,0,27,2,29,0,9,94,6,109,22,4,26,135
10/13/2010,NEW,LA,ASW,CE,Towers with Radar,0,7,63,4,74,0,4,56,3,63,0,11,119,7,137,62,0,62,199
10/14/2010,NEW,LA,ASW,CE,Towers with Radar,0,2,45,0,47,0,1,64,1,66,0,3,109,1,113,70,8,78,191
10/15/2010,NEW,LA,ASW,CE,Towers with Radar,0,4,65,2,71,0,0,86,2,88,0,4,151,4,159,96,0,96,255
10/16/2010,NEW,LA,ASW,CE,Towers with Radar,0,2,41,8,51,0,6,110,4,120,0,8,151,12,171,112,0,112,283
10/17/2010,NEW,LA,ASW,CE,Towers with Radar,0,12,67,6,85,0,0,60,4,64,0,12,127,10,149,68,0,68,217
10/18/2010,NEW,LA,ASW,CE,Towers with Radar,0,6,45,0,51,0,1,29,0,30,0,7,74,0,81,70,0,70,151
10/19/2010,NEW,LA,ASW,CE,Towers with Radar,0,9,42,3,54,0,1,56,0,57,0,10,98,3,111,72,0,72,183
10/20/2010,NEW,LA,ASW,CE,Towers with Radar,0,10,53,0,63,0,1,40,6,47,0,11,93,6,110,40,0,40,150
10/21/2010,NEW,LA,ASW,CE,Towers with Radar,0,10,48,3,61,0,4,62,3,69,0,14,110,6,130,104,0,104,234
10/22/2010,NEW,LA,ASW,CE,Towers with Radar,0,10,69,5,84,0,0,61,7,68,0,10,130,12,152,46,4,50,202
10/23/2010,NEW,LA,ASW,CE,Towers with Radar,0,4,40,3,47,0,0,59,0,59,0,4,99,3,106,42,0,42,148
10/24/2010,NEW,LA,ASW,CE,Towers with Radar,0,14,64,5,83,0,1,29,1,31,0,15,93,6,114,28,0,28,142
10/25/2010,NEW,LA,ASW,CE,Towers with Radar,0,8,55,3,66,0,2,31,0,33,0,10,86,3,99,46,0,46,145
10/26/2010,NEW,LA,ASW,CE,Towers with Radar,0,7,35,4,46,0,2,20,2,24,0,9,55,6,70,94,0,94,164
10/27/2010,NEW,LA,ASW,CE,Towers with Radar,0,3,41,4,48,0,4,19,2,25,0,7,60,6,73,28,0,28,101
10/28/2010,NEW,LA,ASW,CE,Towers with Radar,0,9,34,11,54,0,2,13,4,19,0,11,47,15,73,66,10,76,149
10/29/2010,NEW,LA,ASW,CE,Towers with Radar,0,7,59,2,68,0,0,55,3,58,0,7,114,5,126,82,0,82,208
10/30/2010,NEW,LA,ASW,CE,Towers with Radar,0,7,54,0,61,0,2,74,0,76,0,9,128,0,137,102,0,102,239
10/31/2010,NEW,LA,ASW,CE,Towers with Radar,0,4,75,1,80,0,0,63,1,64,0,4,138,2,144,56,0,56,200
11/01/2010,NEW,LA,ASW,CE,Towers with Radar,0,17,70,7,94,0,0,38,0,38,0,17,108,7,132,40,0,40,172
11/02/2010,NEW,LA,ASW,CE,Towers with Radar,0,6,30,2,38,0,0,1,0,1,0,6,31,2,39,0,0,0,39
11/03/2010,NEW,LA,ASW,CE,Towers with Radar,0,3,56,11,70,0,0,24,7,31,0,3,80,18,101,42,0,42,143
11/04/2010,NEW,LA,ASW,CE,Towers with Radar,0,15,53,2,70,0,2,33,0,35,0,17,86,2,105,4,0,4,109
11/05/2010,NEW,LA,ASW,CE,Towers with Radar,0,8,93,7,108,0,1,45,6,52,0,9,138,13,160,10,0,10,170
11/06/2010,NEW,LA,ASW,CE,Towers with Radar,0,3,50,0,53,0,1,59,0,60,0,4,109,0,113,10,0,10,123
11/07/2010,NEW,LA,ASW,CE,Towers with Radar,0,11,66,0,77,0,0,55,0,55,0,11,121,0,132,52,0,52,184
11/08/2010,NEW,LA,ASW,CE,Towers with Radar,0,12,36,14,62,0,5,48,0,53,0,17,84,14,115,56,20,76,191
11/09/2010,NEW,LA,ASW,CE,Towers with Radar,0,7,64,0,71,0,1,34,1,36,0,8,98,1,107,90,0,90,197
11/10/2010,NEW,LA,ASW,CE,Towers with Radar,0,9,41,0,50,0,2,45,1,48,0,11,86,1,98,56,0,56,154
11/11/2010,NEW,LA,ASW,CE,Towers with Radar,0,8,62,0,70,0,3,46,2,51,0,11,108,2,121,34,0,34,155
11/12/2010,NEW,LA,ASW,CE,Towers with Radar,0,12,71,7,90,0,1,67,11,79,0,13,138,18,169,68,0,68,237
11/13/2010,NEW,LA,ASW,CE,Towers with Radar,0,8,46,3,57,0,0,106,1,107,0,8,152,4,164,52,0,52,216
11/14/2010,NEW,LA,ASW,CE,Towers with Radar,0,8,94,3,105,0,0,8,0,8,0,8,102,3,113,0,0,0,113
11/15/2010,NEW,LA,ASW,CE,Towers with Radar,0,8,30,3,41,0,0,5,0,5,0,8,35,3,46,30,0,30,76
11/16/2010,NEW,LA,ASW,CE,Towers with Radar,0,8,36,8,52,0,2,35,5,42,0,10,71,13,94,70,0,70,164
11/17/2010,NEW,LA,ASW,CE,Towers with Radar,0,7,42,12,61,0,0,44,0,44,0,7,86,12,105,148,0,148,253
11/18/2010,NEW,LA,ASW,CE,Towers with Radar,0,4,57,3,64,0,2,73,0,75,0,6,130,3,139,78,0,78,217
11/19/2010,NEW,LA,ASW,CE,Towers with Radar,0,9,79,5,93,0,6,57,0,63,0,15,136,5,156,34,0,34,190
11/20/2010,NEW,LA,ASW,CE,Towers with Radar,0,4,45,11,60,0,1,77,2,80,0,5,122,13,140,126,4,130,270
11/21/2010,NEW,LA,ASW,CE,Towers with Radar,0,2,80,3,85,0,2,84,7,93,0,4,164,10,178,126,10,136,314
11/22/2010,NEW,LA,ASW,CE,Towers with Radar,0,10,39,9,58,0,7,46,3,56,0,17,85,12,114,62,0,62,176
11/23/2010,NEW,LA,ASW,CE,Towers with Radar,0,15,70,0,85,0,2,38,4,44,0,17,108,4,129,94,6,100,229
11/24/2010,NEW,LA,ASW,CE,Towers with Radar,0,1,60,8,69,0,1,44,0,45,0,2,104,8,114,20,8,28,142
11/25/2010,NEW,LA,ASW,CE,Towers with Radar,0,0,12,0,12,0,0,4,0,4,0,0,16,0,16,0,0,0,16
11/26/2010,NEW,LA,ASW,CE,Towers with Radar,0,9,26,2,37,0,0,0,0,0,0,9,26,2,37,0,0,0,37
11/27/2010,NEW,LA,ASW,CE,Towers with Radar,0,2,36,0,38,0,0,85,0,85,0,2,121,0,123,58,0,58,181
11/28/2010,NEW,LA,ASW,CE,Towers with Radar,0,7,48,0,55,0,0,57,0,57,0,7,105,0,112,90,0,90,202
11/29/2010,NEW,LA,ASW,CE,Towers with Radar,0,2,42,0,44,0,0,13,1,14,0,2,55,1,58,24,6,30,88
11/30/2010,NEW,LA,ASW,CE,Towers with Radar,0,3,30,1,34,0,0,13,0,13,0,3,43,1,47,26,0,26,73
12/01/2010,NEW,LA,ASW,CE,Towers with Radar,0,2,51,6,59,0,0,73,0,73,0,2,124,6,132,154,0,154,286
12/02/2010,NEW,LA,ASW,CE,Towers with Radar,0,5,68,4,77,0,0,68,1,69,0,5,136,5,146,76,0,76,222
12/03/2010,NEW,LA,ASW,CE,Towers with Radar,0,12,70,10,92,0,0,63,2,65,0,12,133,12,157,78,16,94,251
12/04/2010,NEW,LA,ASW,CE,Towers with Radar,0,5,32,2,39,0,0,74,0,74,0,5,106,2,113,76,0,76,189
12/05/2010,NEW,LA,ASW,CE,Towers with Radar,0,3,44,17,64,0,3,59,4,66,0,6,103,21,130,30,16,46,176
12/06/2010,NEW,LA,ASW,CE,Towers with Radar,0,4,32,1,37,0,0,50,5,55,0,4,82,6,92,48,10,58,150
12/07/2010,NEW,LA,ASW,CE,Towers with Radar,0,6,55,0,61,0,2,43,2,47,0,8,98,2,108,68,0,68,176
12/08/2010,NEW,LA,ASW,CE,Towers with Radar,0,1,49,0,50,0,0,30,0,30,0,1,79,0,80,16,0,16,96
12/09/2010,NEW,LA,ASW,CE,Towers with Radar,0,4,50,2,56,0,0,65,2,67,0,4,115,4,123,78,0,78,201
12/10/2010,NEW,LA,ASW,CE,Towers with Radar,0,5,63,2,70,0,1,46,4,51,0,6,109,6,121,58,0,58,179
12/11/2010,NEW,LA,ASW,CE,Towers with Radar,0,8,40,0,48,0,1,48,0,49,0,9,88,0,97,36,0,36,133
12/12/2010,NEW,LA,ASW,CE,Towers with Radar,0,4,38,4,46,0,0,22,4,26,0,4,60,8,72,4,0,4,76
12/13/2010,NEW,LA,ASW,CE,Towers with Radar,0,4,39,0,43,0,0,35,1,36,0,4,74,1,79,38,0,38,117
12/14/2010,NEW,LA,ASW,CE,Towers with Radar,0,1,43,0,44,0,2,68,3,73,0,3,111,3,117,60,0,60,177
12/15/2010,NEW,LA,ASW,CE,Towers with Radar,0,2,61,0,63,0,0,44,0,44,0,2,105,0,107,72,0,72,179
12/16/2010,NEW,LA,ASW,CE,Towers with Radar,0,3,56,2,61,0,0,38,1,39,0,3,94,3,100,28,0,28,128
12/17/2010,NEW,LA,ASW,CE,Towers with Radar,0,6,77,2,85,0,0,4,0,4,0,6,81,2,89,0,0,0,89
12/18/2010,NEW,LA,ASW,CE,Towers with Radar,0,2,32,3,37,0,2,23,0,25,0,4,55,3,62,106,4,110,172
12/19/2010,NEW,LA,ASW,CE,Towers with Radar,0,0,28,3,31,0,2,49,3,54,0,2,77,6,85,134,0,134,219
12/20/2010,NEW,LA,ASW,CE,Towers with Radar,0,0,41,2,43,0,0,41,2,43,0,0,82,4,86,60,0,60,146
12/21/2010,NEW,LA,ASW,CE,Towers with Radar,0,1,49,12,62,0,0,45,1,46,0,1,94,13,108,62,0,62,170
12/22/2010,NEW,LA,ASW,CE,Towers with Radar,0,0,37,4,41,0,2,46,1,49,0,2,83,5,90,84,0,84,174
12/23/2010,NEW,LA,ASW,CE,Towers with Radar,0,3,34,0,37,0,0,46,0,46,0,3,80,0,83,114,0,114,197
12/24/2010,NEW,LA,ASW,CE,Towers with Radar,0,2,19,0,21,0,0,43,0,43,0,2,62,0,64,56,0,56,120
12/25/2010,NEW,LA,ASW,CE,Towers with Radar,0,1,4,0,5,0,0,0,0,0,0,1,4,0,5,0,0,0,5
12/26/2010,NEW,LA,ASW,CE,Towers with Radar,0,4,31,0,35,0,0,13,0,13,0,4,44,0,48,0,0,0,48
12/27/2010,NEW,LA,ASW,CE,Towers with Radar,0,2,29,3,34,0,0,52,1,53,0,2,81,4,87,50,0,50,137
12/28/2010,NEW,LA,ASW,CE,Towers with Radar,0,4,24,2,30,0,0,74,0,74,0,4,98,2,104,92,20,112,216
12/29/2010,NEW,LA,ASW,CE,Towers with Radar,0,11,41,0,52,0,0,39,2,41,0,11,80,2,93,82,0,82,175
12/30/2010,NEW,LA,ASW,CE,Towers with Radar,0,6,44,0,50,0,0,34,0,34,0,6,78,0,84,34,0,34,118
12/31/2010,NEW,LA,ASW,CE,Towers with Radar,0,1,34,0,35,0,0,7,0,7,0,1,41,0,42,0,0,0,42
01/01/2011,NEW,LA,ASW,CE,Towers with Radar,0,9,26,0,35,0,0,11,0,11,0,9,37,0,46,14,0,14,60
01/02/2011,NEW,LA,ASW,CE,Towers with Radar,0,13,108,2,123,0,0,78,1,79,0,13,186,3,202,28,0,28,230
01/03/2011,NEW,LA,ASW,CE,Towers with Radar,0,15,93,0,108,0,0,58,0,58,0,15,151,0,166,66,0,66,232
01/04/2011,NEW,LA,ASW,CE,Towers with Radar,0,24,137,2,163,0,0,39,1,40,0,24,176,3,203,28,0,28,231
01/05/2011,NEW,LA,ASW,CE,Towers with Radar,0,18,199,6,223,0,0,15,1,16,0,18,214,7,239,6,0,6,245
01/06/2011,NEW,LA,ASW,CE,Towers with Radar,0,4,49,2,55,0,2,72,5,79,0,6,121,7,134,66,0,66,200
01/07/2011,NEW,LA,ASW,CE,Towers with Radar,0,2,50,3,55,0,0,70,0,70,0,2,120,3,125,38,0,38,163
01/08/2011,NEW,LA,ASW,CE,Towers with Radar,0,0,37,5,42,0,0,70,4,74,0,0,107,9,116,84,0,84,200
01/09/2011,NEW,LA,ASW,CE,Towers with Radar,0,0,20,0,20,0,0,5,0,5,0,0,25,0,25,8,0,8,33
01/10/2011,NEW,LA,ASW,CE,Towers with Radar,0,0,24,1,25,0,0,13,3,16,0,0,37,4,41,2,0,2,43
01/11/2011,NEW,LA,ASW,CE,Towers with Radar,0,0,40,14,54,0,0,19,1,20,0,0,59,15,74,60,8,68,142
01/12/2011,NEW,LA,ASW,CE,Towers with Radar,0,6,41,5,52,0,1,38,1,40,0,7,79,6,92,50,0,50,142
01/13/2011,NEW,LA,ASW,CE,Towers with Radar,0,8,39,0,47,0,0,53,1,54,0,8,92,1,101,84,30,114,215
01/14/2011,NEW,LA,ASW,CE,Towers with Radar,0,5,51,0,56,0,0,65,0,65,0,5,116,0,121,72,4,76,197
01/15/2011,NEW,LA,ASW,CE,Towers with Radar,0,2,37,0,39,0,4,81,0,85,0,6,118,0,124,62,0,62,186
01/16/2011,NEW,LA,ASW,CE,Towers with Radar,0,62,4,3,69,0,0,45,0,45,0,62,49,3,114,76,0,76,190
01/17/2011,NEW,LA,ASW,CE,Towers with Radar,0,5,32,8,45,0,3,42,4,49,0,8,74,12,94,10,0,10,104
01/18/2011,NEW,LA,ASW,CE,Towers with Radar,0,0,31,4,35,0,0,2,2,4,0,0,33,6,39,0,2,2,41
01/19/2011,NEW,LA,ASW,CE,Towers with Radar,0,5,61,5,71,0,0,54,3,57,0,5,115,8,128,98,18,116,244
01/20/2011,NEW,LA,ASW,CE,Towers with Radar,0,0,31,2,33,0,5,16,0,21,0,5,47,2,54,30,0,30,84
01/21/2011,NEW,LA,ASW,CE,Towers with Radar,0,10,43,3,56,0,1,33,0,34,0,11,76,3,90,44,0,44,134
01/22/2011,NEW,LA,ASW,CE,Towers with Radar,0,4,43,10,57,0,0,85,2,87,0,4,128,12,144,132,10,142,286
01/23/2011,NEW,LA,ASW,CE,Towers with Radar,0,1,53,10,64,0,3,56,1,60,0,4,109,11,124,48,4,52,176
01/24/2011,NEW,LA,ASW,CE,Towers with Radar,0,5,37,6,48,0,2,19,1,22,0,7,56,7,70,46,0,46,116
01/25/2011,NEW,LA,ASW,CE,Towers with Radar,0,0,27,7,34,0,0,0,1,1,0,0,27,8,35,0,8,8,43
01/26/2011,NEW,LA,ASW,CE,Towers with Radar,0,2,54,4,60,0,0,35,5,40,0,2,89,9,100,62,0,62,162
01/27/2011,NEW,LA,ASW,CE,Towers with Radar,0,10,48,11,69,0,1,37,8,46,0,11,85,19,115,34,34,68,183
01/28/2011,NEW,LA,ASW,CE,Towers with Radar,0,12,69,7,88,0,1,74,5,80,0,13,143,12,168,94,58,152,320
01/29/2011,NEW,LA,ASW,CE,Towers with Radar,0,11,28,0,39,0,2,46,0,48,0,13,74,0,87,88,0,88,175
01/30/2011,NEW,LA,ASW,CE,Towers with Radar,0,10,46,6,62,0,0,8,0,8,0,10,54,6,70,56,0,56,126
01/31/2011,NEW,LA,ASW,CE,Towers with Radar,0,3,37,0,40,0,2,19,1,22,0,5,56,1,62,22,14,36,98
02/01/2011,NEW,LA,ASW,CE,Towers with Radar,0,0,15,0,15,0,0,2,0,2,0,0,17,0,17,10,0,10,27
02/02/2011,NEW,LA,ASW,CE,Towers with Radar,0,6,28,0,34,0,3,14,0,17,0,9,42,0,51,0,0,0,51
02/03/2011,NEW,LA,ASW,CE,Towers with Radar,0,2,30,2,34,0,0,1,2,3,0,2,31,4,37,0,28,28,65
02/04/2011,NEW,LA,ASW,CE,Towers with Radar,0,2,32,0,34,0,0,0,0,0,0,2,32,0,34,0,0,0,34
02/05/2011,NEW,LA,ASW,CE,Towers with Radar,0,2,36,9,47,0,1,59,2,62,0,3,95,11,109,66,0,66,175
02/06/2011,NEW,LA,ASW,CE,Towers with Radar,0,3,35,7,45,0,1,58,0,59,0,4,93,7,104,74,0,74,178
02/07/2011,NEW,LA,ASW,CE,Towers with Radar,0,3,38,0,41,0,1,12,2,15,0,4,50,2,56,0,14,14,70
02/08/2011,NEW,LA,ASW,CE,Towers with Radar,0,3,43,3,49,0,6,48,8,62,0,9,91,11,111,42,22,64,175
02/09/2011,NEW,LA,ASW,CE,Towers with Radar,0,2,33,9,44,0,0,27,0,27,0,2,60,9,71,16,0,16,87
02/10/2011,NEW,LA,ASW,CE,Towers with Radar,0,2,40,10,52,0,1,11,0,12,0,3,51,10,64,45,14,59,123
02/11/2011,NEW,LA,ASW,CE,Towers with Radar,0,3,63,14,80,0,1,69,7,77,0,4,132,21,157,30,0,30,187
02/12/2011,NEW,LA,ASW,CE,Towers with Radar,0,1,47,4,52,0,2,67,1,70,0,3,114,5,122,56,0,56,178
02/13/2011,NEW,LA,ASW,CE,Towers with Radar,0,1,67,4,72,0,2,102,5,109,0,3,169,9,181,102,14,116,297
02/14/2011,NEW,LA,ASW,CE,Towers with Radar,0,4,32,8,44,0,4,45,0,49,0,8,77,8,93,46,0,46,139
02/15/2011,NEW,LA,ASW,CE,Towers with Radar,0,7,60,0,67,0,0,39,3,42,0,7,99,3,109,50,0,50,159
02/16/2011,NEW,LA,ASW,CE,Towers with Radar,0,9,45,1,55,0,2,42,2,46,0,11,87,3,101,90,0,90,191
02/17/2011,NEW,LA,ASW,CE,Towers with Radar,0,7,83,13,103,0,10,34,1,45,0,17,117,14,148,46,16,62,210
02/18/2011,NEW,LA,ASW,CE,Towers with Radar,0,7,85,1,93,0,0,46,2,48,0,7,131,3,141,36,0,36,177
02/19/2011,NEW,LA,ASW,CE,Towers with Radar,0,7,55,3,65,0,3,78,3,84,0,10,133,6,149,43,20,63,212
02/20/2011,NEW,LA,ASW,CE,Towers with Radar,0,12,80,2,94,0,0,76,1,77,0,12,156,3,171,132,0,132,303
02/21/2011,NEW,LA,ASW,CE,Towers with Radar,0,6,42,7,55,0,3,16,4,23,0,9,58,11,78,20,0,20,98
02/22/2011,NEW,LA,ASW,CE,Towers with Radar,0,0,47,4,51,0,0,28,1,29,0,0,75,5,80,60,0,60,140
02/23/2011,NEW,LA,ASW,CE,Towers with Radar,0,2,50,0,52,0,0,35,4,39,0,2,85,4,91,68,0,68,159
02/24/2011,NEW,LA,ASW,CE,Towers with Radar,0,0,35,1,36,0,2,34,5,41,0,2,69,6,77,2,10,12,89
02/25/2011,NEW,LA,ASW,CE,Towers with Radar,0,6,56,2,64,0,2,64,3,69,0,8,120,5,133,64,0,64,197
02/26/2011,NEW,LA,ASW,CE,Towers with Radar,0,4,43,0,47,0,1,38,0,39,0,5,81,0,86,102,0,102,188
02/27/2011,NEW,LA,ASW,CE,Towers with Radar,0,4,56,10,70,0,0,50,6,56,0,4,106,16,126,10,0,10,136
02/28/2011,NEW,LA,ASW,CE,Towers with Radar,0,2,28,2,32,0,0,10,0,10,0,2,38,2,42,10,0,10,52
03/01/2011,NEW,LA,ASW,CE,Towers with Radar,0,3,27,4,34,0,2,53,2,57,0,5,80,6,91,34,34,68,159
03/02/2011,NEW,LA,ASW,CE,Towers with Radar,0,3,28,5,36,0,0,35,1,36,0,3,63,6,72,46,0,46,118
03/03/2011,NEW,LA,ASW,CE,Towers with Radar,0,7,62,0,69,0,0,24,0,24,0,7,86,0,93,24,0,24,117
03/04/2011,NEW,LA,ASW,CE,Towers with Radar,0,10,81,0,91,0,1,6,0,7,0,11,87,0,98,2,0,2,100
03/05/2011,NEW,LA,ASW,CE,Towers with Radar,0,5,32,0,37,0,0,4,0,4,0,5,36,0,41,4,0,4,45
03/06/2011,NEW,LA,ASW,CE,Towers with Radar,0,12,54,7,73,0,2,65,2,69,0,14,119,9,142,26,0,26,168
03/07/2011,NEW,LA,ASW,CE,Towers with Radar,0,11,43,0,54,0,4,34,1,39,0,15,77,1,93,50,0,50,143
03/08/2011,NEW,LA,ASW,CE,Towers with Radar,0,5,19,5,29,0,0,17,0,17,0,5,36,5,46,26,0,26,72
03/09/2011,NEW,LA,ASW,CE,Towers with Radar,0,3,63,5,71,0,0,18,0,18,0,3,81,5,89,70,0,70,159
03/10/2011,NEW,LA,ASW,CE,Towers with Radar,0,9,49,2,60,0,2,56,5,63,0,11,105,7,123,42,0,42,165
03/11/2011,NEW,LA,ASW,CE,Towers with Radar,0,7,58,2,67,0,17,73,3,93,0,24,131,5,160,136,86,222,382
03/12/2011,NEW,LA,ASW,CE,Towers with Radar,0,6,43,0,49,0,1,69,1,71,0,7,112,1,120,140,0,140,260
03/13/2011,NEW,LA,ASW,CE,Towers with Radar,0,11,55,11,77,0,0,60,1,61,0,11,115,12,138,106,0,106,244
03/14/2011,NEW,LA,ASW,CE,Towers with Radar,0,3,24,2,29,0,0,24,1,25,0,3,48,3,54,12,10,22,76
03/15/2011,NEW,LA,ASW,CE,Towers with Radar,0,2,25,4,31,0,0,38,6,44,0,2,63,10,75,38,0,38,113
03/16/2011,NEW,LA,ASW,CE,Towers with Radar,0,4,50,0,54,0,5,52,4,61,0,9,102,4,115,82,2,84,199
03/17/2011,NEW,LA,ASW,CE,Towers with Radar,0,6,55,0,61,0,5,49,6,60,0,11,104,6,121,68,30,98,219
03/18/2011,NEW,LA,ASW,CE,Towers with Radar,0,16,61,4,81,0,2,63,3,68,0,18,124,7,149,42,0,42,191
03/19/2011,NEW,LA,ASW,CE,Towers with Radar,0,6,45,8,59,0,0,61,0,61,0,6,106,8,120,112,0,112,232
03/20/2011,NEW,LA,ASW,CE,Towers with Radar,0,18,75,7,100,0,1,90,0,91,0,19,165,7,191,90,0,90,281
03/21/2011,NEW,LA,ASW,CE,Towers with Radar,0,6,41,2,49,0,5,69,2,76,0,11,110,4,125,52,0,52,177
03/22/2011,NEW,LA,ASW,CE,Towers with Radar,0,8,49,1,58,0,1,41,1,43,0,9,90,2,101,74,0,74,175
03/23/2011,NEW,LA,ASW,CE,Towers with Radar,0,10,43,3,56,0,6,47,0,53,0,16,90,3,109,74,4,78,187
03/24/2011,NEW,LA,ASW,CE,Towers with Radar,0,18,62,1,81,0,0,60,2,62,0,18,122,3,143,72,0,72,215
03/25/2011,NEW,LA,ASW,CE,Towers with Radar,0,13,72,10,95,0,2,56,4,62,0,15,128,14,157,58,0,58,215
03/26/2011,NEW,LA,ASW,CE,Towers with Radar,0,11,47,2,60,0,1,69,3,73,0,12,116,5,133,62,0,62,195
03/27/2011,NEW,LA,ASW,CE,Towers with Radar,0,17,73,4,94,0,4,56,4,64,0,21,129,8,158,94,0,94,252
03/28/2011,NEW,LA,ASW,CE,Towers with Radar,0,13,48,0,61,0,1,39,0,40,0,14,87,0,101,78,0,78,179
03/29/2011,NEW,LA,ASW,CE,Towers with Radar,0,10,51,5,66,0,1,25,6,32,0,11,76,11,98,36,0,36,134
03/30/2011,NEW,LA,ASW,CE,Towers with Radar,0,12,39,4,55,0,1,5,1,7,0,13,44,5,62,0,0,0,62
03/31/2011,NEW,LA,ASW,CE,Towers with Radar,0,9,30,1,40,0,2,21,3,26,0,11,51,4,66,54,0,54,120
04/01/2011,NEW,LA,ASW,CE,Towers with Radar,0,6,51,12,69,0,0,72,8,80,0,6,123,20,149,118,24,142,291
04/02/2011,NEW,LA,ASW,CE,Towers with Radar,0,1,56,2,59,0,0,83,5,88,0,1,139,7,147,176,0,176,323
04/03/2011,NEW,LA,ASW,CE,Towers with Radar,0,6,47,4,57,0,1,75,0,76,0,7,122,4,133,216,0,216,349
04/04/2011,NEW,LA,ASW,CE,Towers with Radar,0,2,32,6,40,0,1,9,2,12,0,3,41,8,52,10,0,10,62
04/05/2011,NEW,LA,ASW,CE,Towers with Radar,0,4,48,2,54,0,2,48,0,50,0,6,96,2,104,44,0,44,148
04/06/2011,NEW,LA,ASW,CE,Towers with Radar,0,9,48,1,58,0,0,60,2,62,0,9,108,3,120,86,0,86,206
04/07/2011,NEW,LA,ASW,CE,Towers with Radar,0,5,52,4,61,0,3,44,0,47,0,8,96,4,108,104,0,104,212
04/08/2011,NEW,LA,ASW,CE,Towers with Radar,0,2,44,14,60,0,4,54,1,59,0,6,98,15,119,84,0,84,203
04/09/2011,NEW,LA,ASW,CE,Towers with Radar,0,4,33,2,39,0,4,100,4,108,0,8,133,6,147,100,0,100,247
04/10/2011,NEW,LA,ASW,CE,Towers with Radar,0,10,41,1,52,0,1,83,1,85,0,11,124,2,137,82,0,82,219
04/11/2011,NEW,LA,ASW,CE,Towers with Radar,0,4,35,4,43,0,3,15,0,18,0,7,50,4,61,44,2,46,107
04/12/2011,NEW,LA,ASW,CE,Towers with Radar,0,0,41,6,47,0,2,44,0,46,0,2,85,6,93,98,4,102,195
04/13/2011,NEW,LA,ASW,CE,Towers with Radar,0,3,44,5,52,0,1,55,3,59,0,4,99,8,111,190,0,190,301
04/14/2011,NEW,LA,ASW,CE,Towers with Radar,0,6,47,9,62,0,2,74,3,79,0,8,121,12,141,150,22,172,313
04/15/2011,NEW,LA,ASW,CE,Towers with Radar,0,7,52,0,59,0,0,11,0,11,0,7,63,0,70,6,0,6,76
04/16/2011,NEW,LA,ASW,CE,Towers with Radar,0,6,31,5,42,0,1,46,0,47,0,7,77,5,89,24,6,30,119
04/17/2011,NEW,LA,ASW,CE,Towers with Radar,0,8,47,5,60,0,1,62,4,67,0,9,109,9,127,60,18,78,205
04/18/2011,NEW,LA,ASW,CE,Towers with Radar,0,7,32,25,64,0,0,35,3,38,0,7,67,28,102,38,12,50,152
04/19/2011,NEW,LA,ASW,CE,Towers with Radar,0,5,30,15,50,0,3,27,15,45,0,8,57,30,95,40,0,40,135
04/20/2011,NEW,LA,ASW,CE,Towers with Radar,0,1,34,4,39,0,1,45,2,48,0,2,79,6,87,141,0,141,228
04/21/2011,NEW,LA,ASW,CE,Towers with Radar,0,9,46,5,60,0,4,64,3,71,0,13,110,8,131,104,0,104,235
04/22/2011,NEW,LA,ASW,CE,Towers with Radar,0,6,48,6,60,0,1,63,0,64,0,7,111,6,124,196,0,196,320
04/23/2011,NEW,LA,ASW,CE,Towers with Radar,0,7,33,8,48,0,5,77,0,82,0,12,110,8,130,32,0,32,162
04/24/2011,NEW,LA,ASW,CE,Towers with Radar,0,4,35,8,47,0,0,18,3,21,0,4,53,11,68,6,6,12,80
04/25/2011,NEW,LA,ASW,CE,Towers with Radar,0,9,45,2,56,0,3,36,8,47,0,12,81,10,103,38,18,56,159
04/26/2011,NEW,LA,ASW,CE,Towers with Radar,0,12,40,4,56,0,3,25,2,30,0,15,65,6,86,50,0,50,136
04/27/2011,NEW,LA,ASW,CE,Towers with Radar,0,12,46,3,61,0,0,3,2,5,0,12,49,5,66,2,0,2,68
04/28/2011,NEW,LA,ASW,CE,Towers with Radar,0,12,64,3,79,0,3,73,0,76,0,15,137,3,155,52,0,52,207
04/29/2011,NEW,LA,ASW,CE,Towers with Radar,0,12,89,11,112,0,1,94,4,99,0,13,183,15,211,48,0,48,259
04/30/2011,NEW,LA,ASW,CE,Towers with Radar,0,9,45,11,65,0,0,77,3,80,0,9,122,14,145,64,30,94,239
05/01/2011,NEW,LA,ASW,CE,Towers with Radar,0,7,94,3,104,0,1,97,1,99,0,8,191,4,203,72,0,72,275
05/02/2011,NEW,LA,ASW,CE,Towers with Radar,0,14,53,1,68,0,2,31,2,35,0,16,84,3,103,110,0,110,213
05/03/2011,NEW,LA,ASW,CE,Towers with Radar,0,7,41,6,54,0,2,0,0,2,0,9,41,6,56,0,0,0,56
05/04/2011,NEW,LA,ASW,CE,Towers with Radar,0,6,64,6,76,0,3,68,1,72,0,9,132,7,148,80,0,80,228
05/05/2011,NEW,LA,ASW,CE,Towers with Radar,0,11,70,7,88,0,5,107,2,114,0,16,177,9,202,72,0,72,274
05/06/2011,NEW,LA,ASW,CE,Towers with Radar,0,6,50,1,57,0,3,66,1,70,0,9,116,2,127,178,0,178,305
05/07/2011,NEW,LA,ASW,CE,Towers with Radar,0,5,37,0,42,0,0,84,0,84,0,5,121,0,126,80,0,80,206
05/08/2011,NEW,LA,ASW,CE,Towers with Radar,0,8,76,2,86,0,4,76,2,82,0,12,152,4,168,32,0,32,200
05/09/2011,NEW,LA,ASW,CE,Towers with Radar,0,4,61,0,65,0,4,49,0,53,0,8,110,0,118,42,0,42,160
05/10/2011,NEW,LA,ASW,CE,Towers with Radar,0,3,46,9,58,0,1,36,1,38,0,4,82,10,96,92,0,92,188
05/11/2011,NEW,LA,ASW,CE,Towers with Radar,0,8,46,7,61,0,4,40,3,47,0,12,86,10,108,60,0,60,168
05/12/2011,NEW,LA,ASW,CE,Towers with Radar,0,5,51,1,57,0,3,38,0,41,0,8,89,1,98,72,0,72,170
05/13/2011,NEW,LA,ASW,CE,Towers with Radar,0,10,50,2,62,0,5,32,4,41,0,15,82,6,103,48,0,48,151
05/14/2011,NEW,LA,ASW,CE,Towers with Radar,0,4,41,3,48,0,3,74,1,78,0,7,115,4,126,88,0,88,214
05/15/2011,NEW,LA,ASW,CE,Towers with Radar,0,12,39,0,51,0,2,62,0,64,0,14,101,0,115,4,0,4,119
05/16/2011,NEW,LA,ASW,CE,Towers with Radar,0,2,31,2,35,0,7,51,3,61,0,9,82,5,96,86,0,86,182
05/17/2011,NEW,LA,ASW,CE,Towers with Radar,0,5,50,2,57,0,7,44,3,54,0,12,94,5,111,64,0,64,175
05/18/2011,NEW,LA,ASW,CE,Towers with Radar,0,5,40,2,47,0,4,51,6,61,0,9,91,8,108,82,6,88,196
05/19/2011,NEW,LA,ASW,CE,Towers with Radar,0,7,63,0,70,0,1,38,0,39,0,8,101,0,109,38,0,38,147
05/20/2011,NEW,LA,ASW,CE,Towers with Radar,0,8,54,13,75,0,2,29,4,35,0,10,83,17,110,72,0,72,182
05/21/2011,NEW,LA,ASW,CE,Towers with Radar,0,5,38,1,44,0,2,56,1,59,0,7,94,2,103,84,8,92,195
05/22/2011,NEW,LA,ASW,CE,Towers with Radar,0,8,45,7,60,0,2,52,8,62,0,10,97,15,122,30,2,32,154
05/23/2011,NEW,LA,ASW,CE,Towers with Radar,0,6,30,6,42,0,5,27,0,32,0,11,57,6,74,98,0,98,172
05/24/2011,NEW,LA,ASW,CE,Towers with Radar,0,1,26,2,29,0,1,32,3,36,0,2,58,5,65,36,0,36,101
05/25/2011,NEW,LA,ASW,CE,Towers with Radar,0,3,49,2,54,0,5,27,1,33,0,8,76,3,87,56,0,56,143
05/26/2011,NEW,LA,ASW,CE,Towers with Radar,0,5,47,5,57,0,2,55,1,58,0,7,102,6,115,94,0,94,209
05/27/2011,NEW,LA,ASW,CE,Towers with Radar,0,8,48,2,58,0,2,86,3,91,0,10,134,5,149,130,0,130,279
05/28/2011,NEW,LA,ASW,CE,Towers with Radar,0,0,25,1,26,0,1,68,7,76,0,1,93,8,102,106,12,118,220
05/29/2011,NEW,LA,ASW,CE,Towers with Radar,0,0,26,3,29,0,2,54,0,56,0,2,80,3,85,44,0,44,129
05/30/2011,NEW,LA,ASW,CE,Towers with Radar,0,8,36,0,44,0,2,51,0,53,0,10,87,0,97,60,0,60,157
05/31/2011,NEW,LA,ASW,CE,Towers with Radar,0,3,26,3,32,0,1,44,2,47,0,4,70,5,79,64,0,64,143
06/01/2011,NEW,LA,ASW,CE,Towers with Radar,0,5,30,3,38,0,2,37,2,41,0,7,67,5,79,158,0,158,237
06/02/2011,NEW,LA,ASW,CE,Towers with Radar,0,8,36,8,52,0,2,44,3,49,0,10,80,11,101,68,0,68,169
06/03/2011,NEW,LA,ASW,CE,Towers with Radar,0,5,29,2,36,0,3,46,7,56,0,8,75,9,92,80,8,88,180
06/04/2011,NEW,LA,ASW,CE,Towers with Radar,0,3,18,4,25,0,2,46,2,50,0,5,64,6,75,122,0,122,197
06/05/2011,NEW,LA,ASW,CE,Towers with Radar,0,9,38,3,50,0,1,29,3,33,0,10,67,6,83,50,0,50,133
06/06/2011,NEW,LA,ASW,CE,Towers with Radar,0,3,25,1,29,0,0,22,1,23,0,3,47,2,52,56,0,56,108
06/07/2011,NEW,LA,ASW,CE,Towers with Radar,0,4,36,0,40,0,2,18,1,21,0,6,54,1,61,14,0,14,75
06/08/2011,NEW,LA,ASW,CE,Towers with Radar,0,10,46,0,56,0,0,40,0,40,0,10,86,0,96,102,0,102,198
06/09/2011,NEW,LA,ASW,CE,Towers with Radar,0,6,48,2,56,0,4,48,4,56,0,10,96,6,112,68,0,68,180
06/10/2011,NEW,LA,ASW,CE,Towers with Radar,0,6,38,14,58,0,0,58,5,63,0,6,96,19,121,106,10,116,237
06/11/2011,NEW,LA,ASW,CE,Towers with Radar,0,4,29,0,33,0,0,40,0,40,0,4,69,0,73,38,0,38,111
06/12/2011,NEW,LA,ASW,CE,Towers with Radar,0,0,54,3,57,0,1,42,1,44,0,1,96,4,101,68,0,68,169
06/13/2011,NEW,LA,ASW,CE,Towers with Radar,0,4,36,0,40,0,5,34,0,39,0,9,70,0,79,46,0,46,125
06/14/2011,NEW,LA,ASW,CE,Towers with Radar,0,3,30,0,33,0,0,34,0,34,0,3,64,0,67,56,0,56,123
06/15/2011,NEW,LA,ASW,CE,Towers with Radar,0,2,47,15,64,0,4,33,2,39,0,6,80,17,103,120,20,140,243
06/16/2011,NEW,LA,ASW,CE,Towers with Radar,0,2,45,4,51,0,5,24,0,29,0,7,69,4,80,122,14,136,216
06/17/2011,NEW,LA,ASW,CE,Towers with Radar,0,1,37,5,43,0,1,45,4,50,0,2,82,9,93,110,0,110,203
06/18/2011,NEW,LA,ASW,CE,Towers with Radar,0,2,26,4,32,0,1,81,0,82,0,3,107,4,114,138,6,144,258
06/19/2011,NEW,LA,ASW,CE,Towers with Radar,0,10,35,9,54,0,10,71,0,81,0,20,106,9,135,86,0,86,221
06/20/2011,NEW,LA,ASW,CE,Towers with Radar,0,2,34,3,39,0,2,26,0,28,0,4,60,3,67,74,0,74,141
06/21/2011,NEW,LA,ASW,CE,Towers with Radar,0,1,26,0,27,0,5,29,0,34,0,6,55,0,61,50,0,50,111
06/22/2011,NEW,LA,ASW,CE,Towers with Radar,0,0,25,0,25,0,3,36,0,39,0,3,61,0,64,24,0,24,88
06/23/2011,NEW,LA,ASW,CE,Towers with Radar,0,2,37,0,39,0,1,37,2,40,0,3,74,2,79,84,0,84,163
06/24/2011,NEW,LA,ASW,CE,Towers with Radar,0,8,37,1,46,0,7,61,1,69,0,15,98,2,115,106,2,108,223
06/25/2011,NEW,LA,ASW,CE,Towers with Radar,0,4,20,6,30,0,1,64,1,66,0,5,84,7,96,66,0,66,162
06/26/2011,NEW,LA,ASW,CE,Towers with Radar,0,3,26,6,35,0,2,43,2,47,0,5,69,8,82,34,0,34,116
06/27/2011,NEW,LA,ASW,CE,Towers with Radar,0,3,32,2,37,0,2,24,6,32,0,5,56,8,69,46,20,66,135
06/28/2011,NEW,LA,ASW,CE,Towers with Radar,0,1,18,3,22,0,1,36,2,39,0,2,54,5,61,36,0,36,97
06/29/2011,NEW,LA,ASW,CE,Towers with Radar,0,0,33,6,39,0,4,55,0,59,0,4,88,6,98,130,0,130,228
06/30/2011,NEW,LA,ASW,CE,Towers with Radar,0,2,40,1,43,0,3,36,0,39,0,5,76,1,82,88,0,88,170
07/01/2011,NEW,LA,ASW,CE,Towers with Radar,0,6,42,2,50,0,4,36,0,40,0,10,78,2,90,68,0,68,158
07/02/2011,NEW,LA,ASW,CE,Towers with Radar,0,6,29,0,35,0,1,52,0,53,0,7,81,0,88,112,0,112,200
07/03/2011,NEW,LA,ASW,CE,Towers with Radar,0,0,25,1,26,0,0,27,0,27,0,0,52,1,53,80,0,80,133
07/04/2011,NEW,LA,ASW,CE,Towers with Radar,0,6,18,4,28,0,1,28,0,29,0,7,46,4,57,22,0,22,79
07/05/2011,NEW,LA,ASW,CE,Towers with Radar,0,4,14,2,20,0,0,19,2,21,0,4,33,4,41,0,0,0,41
07/06/2011,NEW,LA,ASW,CE,Towers with Radar,0,1,33,0,34,0,3,25,0,28,0,4,58,0,62,20,0,20,82
07/07/2011,NEW,LA,ASW,CE,Towers with Radar,0,6,24,2,32,0,8,33,10,51,0,14,57,12,83,46,16,62,145
07/08/2011,NEW,LA,ASW,CE,Towers with Radar,0,1,38,9,48,0,0,31,3,34,0,1,69,12,82,74,14,88,170
07/09/2011,NEW,LA,ASW,CE,Towers with Radar,0,3,25,0,28,0,0,51,0,51,0,3,76,0,79,82,0,82,161
07/10/2011,NEW,LA,ASW,CE,Towers with Radar,0,1,35,4,40,0,2,52,0,54,0,3,87,4,94,30,0,30,124
07/11/2011,NEW,LA,ASW,CE,Towers with Radar,0,3,31,4,38,0,3,30,0,33,0,6,61,4,71,52,0,52,123
07/12/2011,NEW,LA,ASW,CE,Towers with Radar,0,5,42,1,48,0,3,20,5,28,0,8,62,6,76,44,0,44,120
07/13/2011,NEW,LA,ASW,CE,Towers with Radar,0,3,41,0,44,0,4,40,1,45,0,7,81,1,89,150,0,150,239
07/14/2011,NEW,LA,ASW,CE,Towers with Radar,0,3,53,2,58,0,0,11,0,11,0,3,64,2,69,0,0,0,69
07/15/2011,NEW,LA,ASW,CE,Towers with Radar,0,2,49,1,52,0,0,14,2,16,0,2,63,3,68,0,0,0,68
07/16/2011,NEW,LA,ASW,CE,Towers with Radar,0,2,17,1,20,0,2,44,2,48,0,4,61,3,68,72,0,72,140
07/17/2011,NEW,LA,ASW,CE,Towers with Radar,0,0,34,1,35,0,0,53,0,53,0,0,87,1,88,76,0,76,164
07/18/2011,NEW,LA,ASW,CE,Towers with Radar,0,0,29,2,31,0,0,14,0,14,0,0,43,2,45,0,0,0,45
07/19/2011,NEW,LA,ASW,CE,Towers with Radar,0,2,27,1,30,0,1,30,0,31,0,3,57,1,61,28,0,28,89
07/20/2011,NEW,LA,ASW,CE,Towers with Radar,0,0,39,3,42,0,8,61,1,70,0,8,100,4,112,62,0,62,174
07/21/2011,NEW,LA,ASW,CE,Towers with Radar,0,0,33,1,34,0,3,58,14,75,0,3,91,15,109,54,4,58,167
07/22/2011,NEW,LA,ASW,CE,Towers with Radar,0,1,63,2,66,0,7,62,0,69,0,8,125,2,135,42,0,42,177
07/23/2011,NEW,LA,ASW,CE,Towers with Radar,0,0,35,1,36,0,6,51,0,57,0,6,86,1,93,22,0,22,115
07/24/2011,NEW,LA,ASW,CE,Towers with Radar,0,4,37,0,41,0,0,35,1,36,0,4,72,1,77,42,0,42,119
07/25/2011,NEW,LA,ASW,CE,Towers with Radar,0,0,25,0,25,0,1,12,2,15,0,1,37,2,40,0,18,18,58
07/26/2011,NEW,LA,ASW,CE,Towers with Radar,0,2,32,6,40,0,9,22,0,31,0,11,54,6,71,40,0,40,111
07/27/2011,NEW,LA,ASW,CE,Towers with Radar,0,3,35,0,38,0,0,39,3,42,0,3,74,3,80,60,0,60,140
07/28/2011,NEW,LA,ASW,CE,Towers with Radar,0,0,39,0,39,0,0,16,0,16,0,0,55,0,55,38,0,38,93
07/29/2011,NEW,LA,ASW,CE,Towers with Radar,0,6,45,0,51,0,0,36,1,37,0,6,81,1,88,54,0,54,142
07/30/2011,NEW,LA,ASW,CE,Towers with Radar,0,4,35,3,42,0,4,67,0,71,0,8,102,3,113,80,0,80,193
07/31/2011,NEW,LA,ASW,CE,Towers with Radar,0,0,37,1,38,0,0,51,0,51,0,0,88,1,89,96,0,96,185
08/01/2011,NEW,LA,ASW,CE,Towers with Radar,0,2,20,3,25,0,0,22,1,23,0,2,42,4,48,12,0,12,60
08/02/2011,NEW,LA,ASW,CE,Towers with Radar,0,0,29,0,29,0,1,32,1,34,0,1,61,1,63,52,0,52,115
08/03/2011,NEW,LA,ASW,CE,Towers with Radar,0,0,26,1,27,0,7,41,1,49,0,7,67,2,76,20,0,20,96
08/04/2011,NEW,LA,ASW,CE,Towers with Radar,0,5,53,1,59,0,4,44,0,48,0,9,97,1,107,56,0,56,163
08/05/2011,NEW,LA,ASW,CE,Towers with Radar,0,3,33,2,38,0,3,34,2,39,0,6,67,4,77,8,0,8,85
08/06/2011,NEW,LA,ASW,CE,Towers with Radar,0,2,41,5,48,0,3,52,4,59,0,5,93,9,107,64,0,64,171
08/07/2011,NEW,LA,ASW,CE,Towers with Radar,0,3,29,3,35,0,3,40,1,44,0,6,69,4,79,66,0,66,145
08/08/2011,NEW,LA,ASW,CE,Towers with Radar,0,2,25,1,28,0,2,16,1,19,0,4,41,2,47,26,0,26,73
08/09/2011,NEW,LA,ASW,CE,Towers with Radar,0,2,28,3,33,0,4,34,1,39,0,6,62,4,72,64,12,76,148
08/10/2011,NEW,LA,ASW,CE,Towers with Radar,0,3,32,3,38,0,8,46,2,56,0,11,78,5,94,34,8,42,136
08/11/2011,NEW,LA,ASW,CE,Towers with Radar,0,2,44,6,52,0,4,42,1,47,0,6,86,7,99,70,0,70,169
08/12/2011,NEW,LA,ASW,CE,Towers with Radar,0,9,41,6,56,0,3,39,2,44,0,12,80,8,100,28,0,28,128
08/13/2011,NEW,LA,ASW,CE,Towers with Radar,0,4,22,3,29,0,3,44,7,54,0,7,66,10,83,44,0,44,127
08/14/2011,NEW,LA,ASW,CE,Towers with Radar,0,4,38,3,45,0,2,59,0,61,0,6,97,3,106,46,0,46,152
08/15/2011,NEW,LA,ASW,CE,Towers with Radar,0,0,23,2,25,0,0,38,0,38,0,0,61,2,63,10,0,10,73
08/16/2011,NEW,LA,ASW,CE,Towers with Radar,0,3,33,3,39,0,3,28,0,31,0,6,61,3,70,38,0,38,108
08/17/2011,NEW,LA,ASW,CE,Towers with Radar,0,4,35,2,41,0,3,29,3,35,0,7,64,5,76,8,0,8,84
08/18/2011,NEW,LA,ASW,CE,Towers with Radar,0,1,31,4,36,0,4,49,0,53,0,5,80,4,89,40,0,40,129
08/19/2011,NEW,LA,ASW,CE,Towers with Radar,0,4,47,0,51,0,0,68,3,71,0,4,115,3,122,112,0,112,234
08/20/2011,NEW,LA,ASW,CE,Towers with Radar,0,1,18,6,25,0,3,82,5,90,0,4,100,11,115,92,0,92,207
08/21/2011,NEW,LA,ASW,CE,Towers with Radar,0,2,36,7,45,0,1,73,8,82,0,3,109,15,127,70,0,70,197
08/22/2011,NEW,LA,ASW,CE,Towers with Radar,0,2,23,5,30,0,6,35,0,41,0,8,58,5,71,18,0,18,89
08/23/2011,NEW,LA,ASW,CE,Towers with Radar,0,4,18,6,28,0,1,36,11,48,0,5,54,17,76,42,0,42,118
08/24/2011,NEW,LA,ASW,CE,Towers with Radar,0,4,38,11,53,0,1,41,5,47,0,5,79,16,100,56,0,56,156
08/25/2011,NEW,LA,ASW,CE,Towers with Radar,0,3,35,2,40,0,0,41,1,42,0,3,76,3,82,54,0,54,136
08/26/2011,NEW,LA,ASW,CE,Towers with Radar,0,6,54,7,67,0,0,61,4,65,0,6,115,11,132,44,0,44,176
08/27/2011,NEW,LA,ASW,CE,Towers with Radar,0,4,22,3,29,0,2,82,1,85,0,6,104,4,114,44,0,44,158
08/28/2011,NEW,LA,ASW,CE,Towers with Radar,0,2,43,4,49,0,1,58,5,64,0,3,101,9,113,34,0,34,147
08/29/2011,NEW,LA,ASW,CE,Towers with Radar,0,2,26,1,29,0,3,46,0,49,0,5,72,1,78,48,0,48,126
08/30/2011,NEW,LA,ASW,CE,Towers with Radar,0,3,37,4,44,0,0,34,5,39,0,3,71,9,83,16,0,16,99
08/31/2011,NEW,LA,ASW,CE,Towers with Radar,0,6,40,1,47,0,5,40,67,112,0,11,80,68,159,72,0,72,231
09/01/2011,NEW,LA,ASW,CE,Towers with Radar,0,2,39,2,43,0,0,24,40,64,0,2,63,42,107,24,0,24,131
09/02/2011,NEW,LA,ASW,CE,Towers with Radar,0,8,27,0,35,0,2,3,0,5,0,10,30,0,40,2,0,2,42
09/03/2011,NEW,LA,ASW,CE,Towers with Radar,0,0,0,0,0,0,0,0,0,0,0,0,0,0,0,0,0,0,0
09/04/2011,NEW,LA,ASW,CE,Towers with Radar,0,1,1,0,2,0,0,0,0,0,0,1,1,0,2,0,0,0,2
09/05/2011,NEW,LA,ASW,CE,Towers with Radar,0,2,8,4,14,0,0,0,0,0,0,2,8,4,14,16,0,16,30
09/06/2011,NEW,LA,ASW,CE,Towers with Radar,0,2,23,2,27,0,3,31,2,36,0,5,54,4,63,49,4,53,116
09/07/2011,NEW,LA,ASW,CE,Towers with Radar,0,7,30,4,41,0,11,55,4,70,0,18,85,8,111,59,12,71,182
09/08/2011,NEW,LA,ASW,CE,Towers with Radar,0,3,29,2,34,0,5,28,4,37,0,8,57,6,71,38,0,38,109
09/09/2011,NEW,LA,ASW,CE,Towers with Radar,0,4,43,3,50,0,3,52,6,61,0,7,95,9,111,16,2,18,129
09/10/2011,NEW,LA,ASW,CE,Towers with Radar,0,7,29,4,40,0,9,73,0,82,0,16,102,4,122,140,0,140,262
09/11/2011,NEW,LA,ASW,CE,Towers with Radar,0,2,32,2,36,0,2,78,6,86,0,4,110,8,122,38,0,38,160
09/12/2011,NEW,LA,ASW,CE,Towers with Radar,0,5,32,5,42,0,5,41,2,48,0,10,73,7,90,62,0,62,152
09/13/2011,NEW,LA,ASW,CE,Towers with Radar,0,5,27,0,32,0,0,21,0,21,0,5,48,0,53,84,0,84,137
09/14/2011,NEW,LA,ASW,CE,Towers with Radar,0,3,45,4,52,0,2,41,4,47,0,5,86,8,99,18,0,18,117
09/15/2011,NEW,LA,ASW,CE,Towers with Radar,0,7,60,3,70,0,0,54,2,56,0,7,114,5,126,80,16,96,222
09/16/2011,NEW,LA,ASW,CE,Towers with Radar,0,6,63,3,72,0,2,54,4,60,0,8,117,7,132,70,0,70,202
09/17/2011,NEW,LA,ASW,CE,Towers with Radar,0,6,39,0,45,0,0,67,0,67,0,6,106,0,112,72,0,72,184
09/18/2011,NEW,LA,ASW,CE,Towers with Radar,0,8,61,0,69,0,0,55,0,55,0,8,116,0,124,38,0,38,162
09/19/2011,NEW,LA,ASW,CE,Towers with Radar,0,7,35,10,52,0,0,8,0,8,0,7,43,10,60,10,0,10,70
09/20/2011,NEW,LA,ASW,CE,Towers with Radar,0,4,26,0,30,0,1,35,0,36,0,5,61,0,66,52,0,52,118
09/21/2011,NEW,LA,ASW,CE,Towers with Radar,0,2,38,7,47,0,0,39,9,48,0,2,77,16,95,48,0,48,143
09/22/2011,NEW,LA,ASW,CE,Towers with Radar,0,11,32,0,43,0,2,41,0,43,0,13,73,0,86,40,0,40,126
09/23/2011,NEW,LA,ASW,CE,Towers with Radar,0,5,37,1,43,0,0,32,6,38,0,5,69,7,81,8,2,10,91
09/24/2011,NEW,LA,ASW,CE,Towers with Radar,0,5,35,0,40,0,0,95,7,102,0,5,130,7,142,92,0,92,234
09/25/2011,NEW,LA,ASW,CE,Towers with Radar,0,7,73,7,87,0,2,71,4,77,0,9,144,11,164,60,0,60,224
09/26/2011,NEW,LA,ASW,CE,Towers with Radar,0,5,28,3,36,0,0,30,3,33,0,5,58,6,69,22,0,22,91
09/27/2011,NEW,LA,ASW,CE,Towers with Radar,0,4,44,0,48,0,2,28,1,31,0,6,72,1,79,56,0,56,135
09/28/2011,NEW,LA,ASW,CE,Towers with Radar,0,5,30,0,35,0,2,41,4,47,0,7,71,4,82,26,0,26,108
09/29/2011,NEW,LA,ASW,CE,Towers with Radar,0,6,38,8,52,0,0,59,1,60,0,6,97,9,112,56,14,70,182
09/30/2011,NEW,LA,ASW,CE,Towers with Radar,0,4,68,1,73,0,0,55,4,59,0,4,123,5,132,36,2,38,170
10/01/2011,NEW,LA,ASW,CE,Towers with Radar,0,1,26,7,34,0,1,63,13,77,0,2,89,20,111,78,46,124,235
10/02/2011,NEW,LA,ASW,CE,Towers with Radar,0,7,42,7,56,0,1,73,0,74,0,8,115,7,130,100,0,100,230
10/03/2011,NEW,LA,ASW,CE,Towers with Radar,0,4,35,1,40,0,2,45,1,48,0,6,80,2,88,68,2,70,158
10/04/2011,NEW,LA,ASW,CE,Towers with Radar,0,7,31,1,39,0,0,28,1,29,0,7,59,2,68,38,0,38,106
10/05/2011,NEW,LA,ASW,CE,Towers with Radar,0,9,44,0,53,0,1,74,3,78,0,10,118,3,131,48,18,66,197
10/06/2011,NEW,LA,ASW,CE,Towers with Radar,0,17,47,0,64,0,8,41,3,52,0,25,88,3,116,50,34,84,200
10/07/2011,NEW,LA,ASW,CE,Towers with Radar,0,7,58,4,69,0,7,53,0,60,0,14,111,4,129,14,0,14,143
10/08/2011,NEW,LA,ASW,CE,Towers with Radar,0,3,20,1,24,0,0,47,0,47,0,3,67,1,71,0,0,0,71
10/09/2011,NEW,LA,ASW,CE,Towers with Radar,0,10,39,4,53,0,0,30,4,34,0,10,69,8,87,38,0,38,125
10/10/2011,NEW,LA,ASW,CE,Towers with Radar,0,7,35,10,52,0,0,38,2,40,0,7,73,12,92,6,10,16,108
10/11/2011,NEW,LA,ASW,CE,Towers with Radar,0,8,29,7,44,0,2,39,1,42,0,10,68,8,86,28,0,28,114
10/12/2011,NEW,LA,ASW,CE,Towers with Radar,0,11,45,2,58,0,3,47,5,55,0,14,92,7,113,28,0,28,141
10/13/2011,NEW,LA,ASW,CE,Towers with Radar,0,6,34,2,42,0,0,49,9,58,0,6,83,11,100,48,0,48,148
10/14/2011,NEW,LA,ASW,CE,Towers with Radar,0,7,55,1,63,0,0,74,4,78,0,7,129,5,141,60,0,60,201
10/15/2011,NEW,LA,ASW,CE,Towers with Radar,0,5,29,16,50,0,5,67,14,86,0,10,96,30,136,38,40,78,214
10/16/2011,NEW,LA,ASW,CE,Towers with Radar,0,6,46,24,76,0,1,61,24,86,0,7,107,48,162,60,0,60,222
10/17/2011,NEW,LA,ASW,CE,Towers with Radar,0,1,35,5,41,0,0,36,6,42,0,1,71,11,83,36,0,36,119
10/18/2011,NEW,LA,ASW,CE,Towers with Radar,0,6,70,11,87,0,2,10,1,13,0,8,80,12,100,6,0,6,106
10/19/2011,NEW,LA,ASW,CE,Towers with Radar,0,3,53,0,56,0,3,20,3,26,0,6,73,3,82,0,0,0,82
10/20/2011,NEW,LA,ASW,CE,Towers with Radar,0,9,75,2,86,0,2,29,2,33,0,11,104,4,119,32,0,32,151
10/21/2011,NEW,LA,ASW,CE,Towers with Radar,0,10,69,17,96,0,2,59,7,68,0,12,128,24,164,30,12,42,206
10/22/2011,NEW,LA,ASW,CE,Towers with Radar,0,3,46,5,54,0,0,65,8,73,0,3,111,13,127,98,6,104,231
10/23/2011,NEW,LA,ASW,CE,Towers with Radar,0,9,83,7,99,0,0,72,6,78,0,9,155,13,177,70,4,74,251
10/24/2011,NEW,LA,ASW,CE,Towers with Radar,0,12,70,0,82,0,1,39,0,40,0,13,109,0,122,32,0,32,154
10/25/2011,NEW,LA,ASW,CE,Towers with Radar,0,14,55,0,69,0,2,40,0,42,0,16,95,0,111,26,6,32,143
10/26/2011,NEW,LA,ASW,CE,Towers with Radar,0,5,54,2,61,0,5,43,5,53,0,10,97,7,114,14,0,14,128
10/27/2011,NEW,LA,ASW,CE,Towers with Radar,0,5,45,4,54,0,7,44,3,54,0,12,89,7,108,46,0,46,154
10/28/2011,NEW,LA,ASW,CE,Towers with Radar,0,8,73,14,95,0,1,15,1,17,0,9,88,15,112,4,4,8,120
10/29/2011,NEW,LA,ASW,CE,Towers with Radar,0,5,32,1,38,0,1,64,0,65,0,6,96,1,103,36,0,36,139
10/30/2011,NEW,LA,ASW,CE,Towers with Radar,0,5,38,7,50,0,1,57,7,65,0,6,95,14,115,108,0,108,223
10/31/2011,NEW,LA,ASW,CE,Towers with Radar,0,10,30,1,41,0,2,46,0,48,0,12,76,1,89,94,0,94,183
11/01/2011,NEW,LA,ASW,CE,Towers with Radar,0,8,35,8,51,0,4,43,3,50,0,12,78,11,101,84,20,104,205
11/02/2011,NEW,LA,ASW,CE,Towers with Radar,0,3,58,3,64,0,6,39,1,46,0,9,97,4,110,26,0,26,136
11/03/2011,NEW,LA,ASW,CE,Towers with Radar,0,1,27,0,28,0,2,13,0,15,0,3,40,0,43,4,0,4,47
11/04/2011,NEW,LA,ASW,CE,Towers with Radar,0,5,46,7,58,0,2,67,3,72,0,7,113,10,130,50,0,50,180
11/05/2011,NEW,LA,ASW,CE,Towers with Radar,0,9,44,4,57,0,2,65,5,72,0,11,109,9,129,52,18,70,199
11/06/2011,NEW,LA,ASW,CE,Towers with Radar,0,14,82,2,98,0,2,47,1,50,0,16,129,3,148,5,0,5,153
11/07/2011,NEW,LA,ASW,CE,Towers with Radar,0,4,34,1,39,0,3,24,2,29,0,7,58,3,68,34,10,44,112
11/08/2011,NEW,LA,ASW,CE,Towers with Radar,0,2,34,0,36,0,4,31,3,38,0,6,65,3,74,36,0,36,110
11/09/2011,NEW,LA,ASW,CE,Towers with Radar,0,1,52,5,58,0,0,21,0,21,0,1,73,5,79,8,0,8,87
11/10/2011,NEW,LA,ASW,CE,Towers with Radar,0,6,61,6,73,0,6,32,5,43,0,12,93,11,116,18,30,48,164
11/11/2011,NEW,LA,ASW,CE,Towers with Radar,0,20,65,13,98,0,3,81,2,86,0,23,146,15,184,84,0,84,268
11/12/2011,NEW,LA,ASW,CE,Towers with Radar,0,7,41,3,51,0,4,73,4,81,0,11,114,7,132,87,24,111,243
11/13/2011,NEW,LA,ASW,CE,Towers with Radar,0,35,83,4,122,0,1,64,7,72,0,36,147,11,194,70,0,70,264
11/14/2011,NEW,LA,ASW,CE,Towers with Radar,0,13,36,0,49,0,0,20,4,24,0,13,56,4,73,20,0,20,93
11/15/2011,NEW,LA,ASW,CE,Towers with Radar,0,7,52,2,61,0,1,8,1,10,0,8,60,3,71,0,0,0,71
11/16/2011,NEW,LA,ASW,CE,Towers with Radar,0,7,27,0,34,0,0,39,4,43,0,7,66,4,77,50,0,50,127
11/17/2011,NEW,LA,ASW,CE,Towers with Radar,0,15,65,5,85,0,4,51,8,63,0,19,116,13,148,64,0,64,212
11/18/2011,NEW,LA,ASW,CE,Towers with Radar,0,5,48,3,56,0,2,38,1,41,0,7,86,4,97,52,0,52,149
11/19/2011,NEW,LA,ASW,CE,Towers with Radar,0,5,24,3,32,0,0,79,2,81,0,5,103,5,113,52,0,52,165
11/20/2011,NEW,LA,ASW,CE,Towers with Radar,0,6,38,2,46,0,1,27,0,28,0,7,65,2,74,66,0,66,140
11/21/2011,NEW,LA,ASW,CE,Towers with Radar,0,7,49,0,56,0,2,24,7,33,0,9,73,7,89,36,10,46,135
11/22/2011,NEW,LA,ASW,CE,Towers with Radar,0,15,35,0,50,0,4,12,1,17,0,19,47,1,67,22,12,34,101
11/23/2011,NEW,LA,ASW,CE,Towers with Radar,0,1,46,4,51,0,0,52,0,52,0,1,98,4,103,84,0,84,187
11/24/2011,NEW,LA,ASW,CE,Towers with Radar,0,0,16,0,16,0,0,21,0,21,0,0,37,0,37,22,0,22,59
11/25/2011,NEW,LA,ASW,CE,Towers with Radar,0,7,25,0,32,0,2,64,1,67,0,9,89,1,99,70,32,102,201
11/26/2011,NEW,LA,ASW,CE,Towers with Radar,0,0,22,0,22,0,1,18,0,19,0,1,40,0,41,68,0,68,109
11/27/2011,NEW,LA,ASW,CE,Towers with Radar,0,12,50,0,62,0,0,5,0,5,0,12,55,0,67,0,0,0,67
11/28/2011,NEW,LA,ASW,CE,Towers with Radar,0,7,61,5,73,0,1,24,0,25,0,8,85,5,98,4,0,4,102
11/29/2011,NEW,LA,ASW,CE,Towers with Radar,0,5,52,2,59,0,0,32,2,34,0,5,84,4,93,2,8,10,103
11/30/2011,NEW,LA,ASW,CE,Towers with Radar,0,5,50,5,60,0,3,64,5,72,0,8,114,10,132,48,4,52,184
12/01/2011,NEW,LA,ASW,CE,Towers with Radar,0,6,60,1,67,0,1,49,7,57,0,7,109,8,124,34,0,34,158
12/02/2011,NEW,LA,ASW,CE,Towers with Radar,0,10,66,5,81,0,5,73,7,85,0,15,139,12,166,84,8,92,258
12/03/2011,NEW,LA,ASW,CE,Towers with Radar,0,1,32,2,35,0,2,57,3,62,0,3,89,5,97,116,0,116,213
12/04/2011,NEW,LA,ASW,CE,Towers with Radar,0,17,52,10,79,0,2,57,1,60,0,19,109,11,139,80,0,80,219
12/05/2011,NEW,LA,ASW,CE,Towers with Radar,0,7,48,2,57,0,0,9,0,9,0,7,57,2,66,20,0,20,86
12/06/2011,NEW,LA,ASW,CE,Towers with Radar,0,10,62,4,76,0,0,0,0,0,0,10,62,4,76,8,2,10,86
12/07/2011,NEW,LA,ASW,CE,Towers with Radar,0,13,73,5,91,0,4,20,8,32,0,17,93,13,123,18,0,18,141
12/08/2011,NEW,LA,ASW,CE,Towers with Radar,0,5,81,4,90,0,1,59,2,62,0,6,140,6,152,90,0,90,242
12/09/2011,NEW,LA,ASW,CE,Towers with Radar,0,7,54,6,67,0,4,54,2,60,0,11,108,8,127,36,0,36,163
12/10/2011,NEW,LA,ASW,CE,Towers with Radar,0,2,43,10,55,0,0,79,7,86,0,2,122,17,141,100,2,102,243
12/11/2011,NEW,LA,ASW,CE,Towers with Radar,0,7,34,6,47,0,0,69,0,69,0,7,103,6,116,40,8,48,164
12/12/2011,NEW,LA,ASW,CE,Towers with Radar,0,4,34,2,40,0,0,4,0,4,0,4,38,2,44,8,0,8,52
12/13/2011,NEW,LA,ASW,CE,Towers with Radar,0,2,39,14,55,0,1,8,0,9,0,3,47,14,64,38,0,38,102
12/14/2011,NEW,LA,ASW,CE,Towers with Radar,0,3,45,3,51,0,4,33,2,39,0,7,78,5,90,50,6,56,146
12/15/2011,NEW,LA,ASW,CE,Towers with Radar,0,2,34,4,40,0,0,18,1,19,0,2,52,5,59,50,0,50,109
12/16/2011,NEW,LA,ASW,CE,Towers with Radar,0,9,51,11,71,0,2,41,1,44,0,11,92,12,115,84,16,100,215
12/17/2011,NEW,LA,ASW,CE,Towers with Radar,0,4,45,3,52,0,1,41,1,43,0,5,86,4,95,20,2,22,117
12/18/2011,NEW,LA,ASW,CE,Towers with Radar,0,1,45,10,56,0,1,74,2,77,0,2,119,12,133,122,0,122,255
12/19/2011,NEW,LA,ASW,CE,Towers with Radar,0,1,43,5,49,0,2,55,2,59,0,3,98,7,108,66,12,78,186
12/20/2011,NEW,LA,ASW,CE,Towers with Radar,0,3,19,0,22,0,3,26,0,29,0,6,45,0,51,52,4,56,107
12/21/2011,NEW,LA,ASW,CE,Towers with Radar,0,2,38,3,43,0,1,22,2,25,0,3,60,5,68,24,0,24,92
12/22/2011,NEW,LA,ASW,CE,Towers with Radar,0,1,14,0,15,0,0,5,0,5,0,1,19,0,20,14,0,14,34
12/23/2011,NEW,LA,ASW,CE,Towers with Radar,0,7,40,0,47,0,3,38,0,41,0,10,78,0,88,70,0,70,158
12/24/2011,NEW,LA,ASW,CE,Towers with Radar,0,3,11,0,14,0,4,20,0,24,0,7,31,0,38,64,0,64,102
12/25/2011,NEW,LA,ASW,CE,Towers with Radar,0,4,0,0,4,0,0,0,0,0,0,4,0,0,4,0,0,0,4
12/26/2011,NEW,LA,ASW,CE,Towers with Radar,0,0,26,0,26,0,0,0,0,0,0,0,26,0,26,0,0,0,26
12/27/2011,NEW,LA,ASW,CE,Towers with Radar,0,9,36,8,53,0,4,30,0,34,0,13,66,8,87,30,12,42,129
12/28/2011,NEW,LA,ASW,CE,Towers with Radar,0,4,28,0,32,0,2,70,1,73,0,6,98,1,105,110,0,110,215
12/29/2011,NEW,LA,ASW,CE,Towers with Radar,0,4,39,7,50,0,2,79,4,85,0,6,118,11,135,74,16,90,225
12/30/2011,NEW,LA,ASW,CE,Towers with Radar,0,4,60,0,64,0,2,95,4,101,0,6,155,4,165,152,0,152,317
12/31/2011,NEW,LA,ASW,CE,Towers with Radar,0,3,39,0,42,0,0,4,0,4,0,3,43,0,46,0,0,0,46
01/01/2012,NEW,LA,ASW,CE,Towers with Radar,0,5,53,0,58,0,0,25,2,27,0,5,78,2,85,22,0,22,107
01/02/2012,NEW,LA,ASW,CE,Towers with Radar,0,3,62,0,65,0,0,53,0,53,0,3,115,0,118,94,0,94,212
01/03/2012,NEW,LA,ASW,CE,Towers with Radar,0,15,44,0,59,0,0,60,3,63,0,15,104,3,122,44,0,44,166
01/04/2012,NEW,LA,ASW,CE,Towers with Radar,0,19,71,3,93,0,2,58,1,61,0,21,129,4,154,70,0,70,224
01/05/2012,NEW,LA,ASW,CE,Towers with Radar,0,4,47,11,62,0,0,42,0,42,0,4,89,11,104,32,0,32,136
01/06/2012,NEW,LA,ASW,CE,Towers with Radar,0,5,72,8,85,0,2,57,6,65,0,7,129,14,150,108,0,108,258
01/07/2012,NEW,LA,ASW,CE,Towers with Radar,0,31,175,0,206,0,1,68,5,74,0,32,243,5,280,80,0,80,360
01/08/2012,NEW,LA,ASW,CE,Towers with Radar,0,23,107,16,146,0,1,40,7,48,0,24,147,23,194,56,0,56,250
01/09/2012,NEW,LA,ASW,CE,Towers with Radar,0,49,137,0,186,0,0,21,3,24,0,49,158,3,210,34,0,34,244
01/10/2012,NEW,LA,ASW,CE,Towers with Radar,0,67,274,0,341,0,0,21,2,23,0,67,295,2,364,0,0,0,364
01/11/2012,NEW,LA,ASW,CE,Towers with Radar,0,8,62,1,71,0,0,56,3,59,0,8,118,4,130,94,6,100,230
01/12/2012,NEW,LA,ASW,CE,Towers with Radar,0,12,39,0,51,0,3,13,10,26,0,15,52,10,77,12,6,18,95
01/13/2012,NEW,LA,ASW,CE,Towers with Radar,0,6,65,2,73,0,2,60,1,63,0,8,125,3,136,74,0,74,210
01/14/2012,NEW,LA,ASW,CE,Towers with Radar,0,5,28,0,33,0,0,87,1,88,0,5,115,1,121,132,0,132,253
01/15/2012,NEW,LA,ASW,CE,Towers with Radar,0,10,40,0,50,0,2,68,1,71,0,12,108,1,121,54,0,54,175
01/16/2012,NEW,LA,ASW,CE,Towers with Radar,0,10,46,0,56,0,3,48,0,51,0,13,94,0,107,60,0,60,167
01/17/2012,NEW,LA,ASW,CE,Towers with Radar,0,6,28,3,37,0,0,11,1,12,0,6,39,4,49,30,0,30,79
01/18/2012,NEW,LA,ASW,CE,Towers with Radar,0,12,37,2,51,0,0,60,3,63,0,12,97,5,114,86,14,100,214
01/19/2012,NEW,LA,ASW,CE,Towers with Radar,0,7,52,7,66,0,3,58,6,67,0,10,110,13,133,136,0,136,269
01/20/2012,NEW,LA,ASW,CE,Towers with Radar,0,4,57,7,68,0,4,17,2,23,0,8,74,9,91,30,0,30,121
01/21/2012,NEW,LA,ASW,CE,Towers with Radar,0,5,26,6,37,0,6,43,3,52,0,11,69,9,89,56,0,56,145
01/22/2012,NEW,LA,ASW,CE,Towers with Radar,0,7,35,8,50,0,0,23,2,25,0,7,58,10,75,56,0,56,131
01/23/2012,NEW,LA,ASW,CE,Towers with Radar,0,4,44,2,50,0,2,29,0,31,0,6,73,2,81,48,0,48,129
01/24/2012,NEW,LA,ASW,CE,Towers with Radar,0,5,31,2,38,0,1,31,0,32,0,6,62,2,70,134,0,134,204
01/25/2012,NEW,LA,ASW,CE,Towers with Radar,0,0,40,0,40,0,2,20,1,23,0,2,60,1,63,82,2,84,147
01/26/2012,NEW,LA,ASW,CE,Towers with Radar,0,1,32,8,41,0,4,23,6,33,0,5,55,14,74,19,0,19,93
01/27/2012,NEW,LA,ASW,CE,Towers with Radar,0,2,61,7,70,0,2,90,4,96,0,4,151,11,166,134,0,134,300
01/28/2012,NEW,LA,ASW,CE,Towers with Radar,0,3,25,6,34,0,1,102,9,112,0,4,127,15,146,126,6,132,278
01/29/2012,NEW,LA,ASW,CE,Towers with Radar,0,3,59,11,73,0,0,110,1,111,0,3,169,12,184,108,0,108,292
01/30/2012,NEW,LA,ASW,CE,Towers with Radar,0,6,27,2,35,0,0,52,1,53,0,6,79,3,88,118,0,118,206
01/31/2012,NEW,LA,ASW,CE,Towers with Radar,0,9,31,5,45,0,5,43,2,50,0,14,74,7,95,44,0,44,139
02/01/2012,NEW,LA,ASW,CE,Towers with Radar,0,6,60,1,67,0,0,14,0,14,0,6,74,1,81,18,0,18,99
02/02/2012,NEW,LA,ASW,CE,Towers with Radar,0,11,82,6,99,0,3,44,18,65,0,14,126,24,164,114,16,130,294
02/03/2012,NEW,LA,ASW,CE,Towers with Radar,0,7,57,2,66,0,0,9,0,9,0,7,66,2,75,12,0,12,87
02/04/2012,NEW,LA,ASW,CE,Towers with Radar,0,5,21,1,27,0,4,23,1,28,0,9,44,2,55,60,0,60,115
02/05/2012,NEW,LA,ASW,CE,Towers with Radar,0,8,37,0,45,0,0,28,0,28,0,8,65,0,73,46,0,46,119
02/06/2012,NEW,LA,ASW,CE,Towers with Radar,0,1,29,2,32,0,4,62,6,72,0,5,91,8,104,94,28,122,226
02/07/2012,NEW,LA,ASW,CE,Towers with Radar,0,5,41,3,49,0,6,65,3,74,0,11,106,6,123,68,0,68,191
02/08/2012,NEW,LA,ASW,CE,Towers with Radar,0,11,46,8,65,0,7,68,13,88,0,18,114,21,153,60,0,60,213
02/09/2012,NEW,LA,ASW,CE,Towers with Radar,0,7,46,6,59,0,5,55,0,60,0,12,101,6,119,108,4,112,231
02/10/2012,NEW,LA,ASW,CE,Towers with Radar,0,11,60,5,76,0,0,32,5,37,0,11,92,10,113,98,0,98,211
02/11/2012,NEW,LA,ASW,CE,Towers with Radar,0,6,32,1,39,0,1,59,10,70,0,7,91,11,109,54,22,76,185
02/12/2012,NEW,LA,ASW,CE,Towers with Radar,0,9,39,14,62,0,1,71,7,79,0,10,110,21,141,78,14,92,233
02/13/2012,NEW,LA,ASW,CE,Towers with Radar,0,4,21,6,31,0,3,26,3,32,0,7,47,9,63,66,0,66,129
02/14/2012,NEW,LA,ASW,CE,Towers with Radar,0,12,26,1,39,0,6,42,3,51,0,18,68,4,90,44,0,44,134
02/15/2012,NEW,LA,ASW,CE,Towers with Radar,0,3,42,2,47,0,2,13,1,16,0,5,55,3,63,26,0,26,89
02/16/2012,NEW,LA,ASW,CE,Towers with Radar,0,11,61,0,72,0,0,25,7,32,0,11,86,7,104,82,2,84,188
02/17/2012,NEW,LA,ASW,CE,Towers with Radar,0,13,85,0,98,0,11,42,0,53,0,24,127,0,151,32,0,32,183
02/18/2012,NEW,LA,ASW,CE,Towers with Radar,0,8,21,0,29,0,1,0,0,1,0,9,21,0,30,0,0,0,30
02/19/2012,NEW,LA,ASW,CE,Towers with Radar,0,12,60,0,72,0,4,35,2,41,0,16,95,2,113,2,0,2,115
02/20/2012,NEW,LA,ASW,CE,Towers with Radar,0,12,56,6,74,0,2,58,0,60,0,14,114,6,134,42,0,42,176
02/21/2012,NEW,LA,ASW,CE,Towers with Radar,0,7,37,0,44,0,2,43,1,46,0,9,80,1,90,34,2,36,126
02/22/2012,NEW,LA,ASW,CE,Towers with Radar,0,16,62,3,81,0,3,25,2,30,0,19,87,5,111,42,0,42,153
02/23/2012,NEW,LA,ASW,CE,Towers with Radar,0,3,38,2,43,0,0,10,4,14,0,3,48,6,57,2,34,36,93
02/24/2012,NEW,LA,ASW,CE,Towers with Radar,0,9,43,3,55,0,3,12,2,17,0,12,55,5,72,18,36,54,126
02/25/2012,NEW,LA,ASW,CE,Towers with Radar,0,9,33,0,42,0,5,65,0,70,0,14,98,0,112,24,0,24,136
02/26/2012,NEW,LA,ASW,CE,Towers with Radar,0,18,76,5,99,0,4,51,3,58,0,22,127,8,157,30,0,30,187
02/27/2012,NEW,LA,ASW,CE,Towers with Radar,0,17,62,0,79,0,0,2,0,2,0,17,64,0,81,6,0,6,87
02/28/2012,NEW,LA,ASW,CE,Towers with Radar,0,11,44,2,57,0,1,11,0,12,0,12,55,2,69,30,0,30,99
02/29/2012,NEW,LA,ASW,CE,Towers with Radar,0,14,63,3,80,0,1,37,1,39,0,15,100,4,119,92,0,92,211
03/01/2012,NEW,LA,ASW,CE,Towers with Radar,0,14,52,7,73,0,0,54,2,56,0,14,106,9,129,78,20,98,227
03/02/2012,NEW,LA,ASW,CE,Towers with Radar,0,4,51,6,61,0,5,27,2,34,0,9,78,8,95,30,2,32,127
03/03/2012,NEW,LA,ASW,CE,Towers with Radar,0,5,33,1,39,0,0,32,0,32,0,5,65,1,71,28,0,28,99
03/04/2012,NEW,LA,ASW,CE,Towers with Radar,0,11,30,1,42,0,4,95,1,100,0,15,125,2,142,90,0,90,232
03/05/2012,NEW,LA,ASW,CE,Towers with Radar,0,3,36,0,39,0,3,58,7,68,0,6,94,7,107,112,20,132,239
03/06/2012,NEW,LA,ASW,CE,Towers with Radar,0,6,34,11,51,0,4,45,1,50,0,10,79,12,101,54,0,54,155
03/07/2012,NEW,LA,ASW,CE,Towers with Radar,0,9,63,0,72,0,7,21,5,33,0,16,84,5,105,4,0,4,109
03/08/2012,NEW,LA,ASW,CE,Towers with Radar,0,14,91,3,108,0,5,20,1,26,0,19,111,4,134,62,4,66,200
03/09/2012,NEW,LA,ASW,CE,Towers with Radar,0,15,68,3,86,0,3,11,0,14,0,18,79,3,100,34,2,36,136
03/10/2012,NEW,LA,ASW,CE,Towers with Radar,0,9,58,1,68,0,8,84,1,93,0,17,142,2,161,152,0,152,313
03/11/2012,NEW,LA,ASW,CE,Towers with Radar,0,14,90,6,110,0,5,37,1,43,0,19,127,7,153,118,0,118,271
03/12/2012,NEW,LA,ASW,CE,Towers with Radar,0,11,30,0,41,0,2,4,0,6,0,13,34,0,47,26,0,26,73
03/13/2012,NEW,LA,ASW,CE,Towers with Radar,0,4,39,2,45,0,2,36,7,45,0,6,75,9,90,68,0,68,158
03/14/2012,NEW,LA,ASW,CE,Towers with Radar,0,6,63,0,69,0,6,47,2,55,0,12,110,2,124,92,0,92,216
03/15/2012,NEW,LA,ASW,CE,Towers with Radar,0,6,65,3,74,0,4,50,5,59,0,10,115,8,133,82,28,110,243
03/16/2012,NEW,LA,ASW,CE,Towers with Radar,0,10,83,17,110,0,2,36,3,41,0,12,119,20,151,26,74,100,251
03/17/2012,NEW,LA,ASW,CE,Towers with Radar,0,11,38,11,60,0,2,72,1,75,0,13,110,12,135,64,0,64,199
03/18/2012,NEW,LA,ASW,CE,Towers with Radar,0,11,64,4,79,0,2,49,3,54,0,13,113,7,133,38,0,38,171
03/19/2012,NEW,LA,ASW,CE,Towers with Radar,0,7,47,0,54,0,5,33,1,39,0,12,80,1,93,58,36,94,187
03/20/2012,NEW,LA,ASW,CE,Towers with Radar,0,7,23,1,31,0,17,7,3,27,0,24,30,4,58,2,20,22,80
03/21/2012,NEW,LA,ASW,CE,Towers with Radar,0,5,19,2,26,0,0,3,0,3,0,5,22,2,29,0,0,0,29
03/22/2012,NEW,LA,ASW,CE,Towers with Radar,0,7,34,5,46,0,3,3,0,6,0,10,37,5,52,14,0,14,66
03/23/2012,NEW,LA,ASW,CE,Towers with Radar,1,7,43,3,54,0,2,71,6,79,1,9,114,9,133,84,12,96,229
03/24/2012,NEW,LA,ASW,CE,Towers with Radar,0,10,37,1,48,0,2,109,3,114,0,12,146,4,162,154,0,154,316
03/25/2012,NEW,LA,ASW,CE,Towers with Radar,0,5,58,4,67,0,4,86,1,91,0,9,144,5,158,114,0,114,272
03/26/2012,NEW,LA,ASW,CE,Towers with Radar,0,20,61,3,84,0,1,61,0,62,0,21,122,3,146,132,4,136,282
03/27/2012,NEW,LA,ASW,CE,Towers with Radar,0,10,46,4,60,0,7,69,7,83,0,17,115,11,143,44,16,60,203
03/28/2012,NEW,LA,ASW,CE,Towers with Radar,0,10,53,5,68,0,5,61,9,75,0,15,114,14,143,126,0,126,269
03/29/2012,NEW,LA,ASW,CE,Towers with Radar,0,13,55,3,71,0,8,29,11,48,0,21,84,14,119,102,12,114,233
03/30/2012,NEW,LA,ASW,CE,Towers with Radar,0,51,153,0,204,0,1,55,1,57,0,52,208,1,261,52,0,52,313
03/31/2012,NEW,LA,ASW,CE,Towers with Radar,0,0,0,0,0,0,4,24,0,28,0,4,24,0,28,36,0,36,64
04/01/2012,NEW,LA,ASW,CE,Towers with Radar,0,0,0,0,0,0,0,12,0,12,0,0,12,0,12,52,0,52,64
04/02/2012,NEW,LA,ASW,CE,Towers with Radar,0,3,5,0,8,0,0,5,0,5,0,3,10,0,13,30,0,30,43
04/03/2012,NEW,LA,ASW,CE,Towers with Radar,0,79,169,8,256,0,0,66,2,68,0,79,235,10,324,18,0,18,342
04/04/2012,NEW,LA,ASW,CE,Towers with Radar,0,9,35,0,44,0,0,20,6,26,0,9,55,6,70,26,0,26,96
04/05/2012,NEW,LA,ASW,CE,Towers with Radar,0,5,42,0,47,0,3,46,0,49,0,8,88,0,96,58,0,58,154
04/06/2012,NEW,LA,ASW,CE,Towers with Radar,0,7,53,5,65,0,0,72,0,72,0,7,125,5,137,46,2,48,185
04/07/2012,NEW,LA,ASW,CE,Towers with Radar,0,7,27,0,34,0,0,59,2,61,0,7,86,2,95,38,0,38,133
04/08/2012,NEW,LA,ASW,CE,Towers with Radar,0,5,30,0,35,0,1,39,13,53,0,6,69,13,88,14,0,14,102
04/09/2012,NEW,LA,ASW,CE,Towers with Radar,0,16,44,4,64,0,3,48,0,51,0,19,92,4,115,46,0,46,161
04/10/2012,NEW,LA,ASW,CE,Towers with Radar,0,9,35,2,46,0,6,34,2,42,0,15,69,4,88,45,0,45,133
04/11/2012,NEW,LA,ASW,CE,Towers with Radar,0,3,39,9,51,0,7,43,7,57,0,10,82,16,108,122,20,142,250
04/12/2012,NEW,LA,ASW,CE,Towers with Radar,0,21,65,1,87,0,4,98,3,105,0,25,163,4,192,60,14,74,266
04/13/2012,NEW,LA,ASW,CE,Towers with Radar,0,10,75,7,92,0,7,85,6,98,0,17,160,13,190,142,14,156,346
04/14/2012,NEW,LA,ASW,CE,Towers with Radar,0,7,50,0,57,0,3,52,2,57,0,10,102,2,114,20,2,22,136
04/15/2012,NEW,LA,ASW,CE,Towers with Radar,0,12,96,3,111,0,2,57,0,59,0,14,153,3,170,46,0,46,216
04/16/2012,NEW,LA,ASW,CE,Towers with Radar,0,4,31,0,35,0,0,23,0,23,0,4,54,0,58,48,0,48,106
04/17/2012,NEW,LA,ASW,CE,Towers with Radar,0,4,29,1,34,0,1,11,2,14,0,5,40,3,48,44,0,44,92
04/18/2012,NEW,LA,ASW,CE,Towers with Radar,0,10,73,7,90,0,6,70,5,81,0,16,143,12,171,156,2,158,329
04/19/2012,NEW,LA,ASW,CE,Towers with Radar,0,6,31,2,39,0,4,55,13,72,0,10,86,15,111,94,2,96,207
04/20/2012,NEW,LA,ASW,CE,Towers with Radar,0,5,32,1,38,0,7,49,6,62,0,12,81,7,100,98,0,98,198
04/21/2012,NEW,LA,ASW,CE,Towers with Radar,0,3,25,1,29,0,1,3,0,4,0,4,28,1,33,0,0,0,33
04/22/2012,NEW,LA,ASW,CE,Towers with Radar,0,3,38,6,47,0,3,71,3,77,0,6,109,9,124,24,0,24,148
04/23/2012,NEW,LA,ASW,CE,Towers with Radar,0,9,30,0,39,0,2,48,0,50,0,11,78,0,89,38,0,38,127
04/24/2012,NEW,LA,ASW,CE,Towers with Radar,0,12,36,2,50,0,2,74,1,77,0,14,110,3,127,172,2,174,301
04/25/2012,NEW,LA,ASW,CE,Towers with Radar,0,7,43,2,52,0,8,88,6,102,0,15,131,8,154,136,0,136,290
04/26/2012,NEW,LA,ASW,CE,Towers with Radar,0,5,58,11,74,0,3,81,4,88,0,8,139,15,162,66,6,72,234
04/27/2012,NEW,LA,ASW,CE,Towers with Radar,0,15,77,1,93,0,3,82,2,87,0,18,159,3,180,118,0,118,298
04/28/2012,NEW,LA,ASW,CE,Towers with Radar,0,4,42,2,48,0,1,78,1,80,0,5,120,3,128,132,0,132,260
04/29/2012,NEW,LA,ASW,CE,Towers with Radar,0,13,75,1,89,0,1,64,3,68,0,14,139,4,157,46,0,46,203
04/30/2012,NEW,LA,ASW,CE,Towers with Radar,0,10,67,5,82,0,2,60,2,64,0,12,127,7,146,82,0,82,228
05/01/2012,NEW,LA,ASW,CE,Towers with Radar,0,5,34,0,39,0,5,57,0,62,0,10,91,0,101,70,0,70,171
05/02/2012,NEW,LA,ASW,CE,Towers with Radar,0,2,42,1,45,0,2,12,0,14,0,4,54,1,59,8,0,8,67
05/03/2012,NEW,LA,ASW,CE,Towers with Radar,0,12,59,1,72,0,8,77,2,87,0,20,136,3,159,170,0,170,329
05/04/2012,NEW,LA,ASW,CE,Towers with Radar,0,10,52,1,63,0,4,109,5,118,0,14,161,6,181,186,2,188,369
05/05/2012,NEW,LA,ASW,CE,Towers with Radar,0,7,19,7,33,0,4,93,2,99,0,11,112,9,132,116,0,116,248
05/06/2012,NEW,LA,ASW,CE,Towers with Radar,0,19,73,2,94,0,1,63,2,66,0,20,136,4,160,130,0,130,290
05/07/2012,NEW,LA,ASW,CE,Towers with Radar,0,7,47,1,55,0,0,53,3,56,0,7,100,4,111,66,0,66,177
05/08/2012,NEW,LA,ASW,CE,Towers with Radar,0,11,44,3,58,0,2,66,1,69,0,13,110,4,127,70,22,92,219
05/09/2012,NEW,LA,ASW,CE,Towers with Radar,0,6,67,0,73,0,0,51,11,62,0,6,118,11,135,164,0,164,299
05/10/2012,NEW,LA,ASW,CE,Towers with Radar,0,8,64,0,72,0,3,63,2,68,0,11,127,2,140,118,0,118,258
05/11/2012,NEW,LA,ASW,CE,Towers with Radar,0,4,55,0,59,0,3,21,1,25,0,7,76,1,84,112,0,112,196
05/12/2012,NEW,LA,ASW,CE,Towers with Radar,0,8,28,2,38,0,0,14,0,14,0,8,42,2,52,42,0,42,94
05/13/2012,NEW,LA,ASW,CE,Towers with Radar,0,12,37,2,51,0,3,36,2,41,0,15,73,4,92,66,8,74,166
05/14/2012,NEW,LA,ASW,CE,Towers with Radar,0,3,44,7,54,0,3,58,3,64,0,6,102,10,118,60,0,60,178
05/15/2012,NEW,LA,ASW,CE,Towers with Radar,0,5,36,6,47,0,5,47,4,56,0,10,83,10,103,48,0,48,151
05/16/2012,NEW,LA,ASW,CE,Towers with Radar,0,4,48,1,53,0,2,36,8,46,0,6,84,9,99,34,1,35,134
05/17/2012,NEW,LA,ASW,CE,Towers with Radar,0,3,59,8,70,0,4,70,10,84,0,7,129,18,154,114,0,114,268
05/18/2012,NEW,LA,ASW,CE,Towers with Radar,0,12,58,6,76,0,6,48,9,63,0,18,106,15,139,70,0,70,209
05/19/2012,NEW,LA,ASW,CE,Towers with Radar,0,2,40,6,48,0,2,71,1,74,0,4,111,7,122,54,6,60,182
05/20/2012,NEW,LA,ASW,CE,Towers with Radar,0,14,64,4,82,0,11,60,3,74,0,25,124,7,156,76,0,76,232
05/21/2012,NEW,LA,ASW,CE,Towers with Radar,0,6,39,3,48,0,1,32,0,33,0,7,71,3,81,46,2,48,129
05/22/2012,NEW,LA,ASW,CE,Towers with Radar,0,7,45,5,57,0,0,67,4,71,0,7,112,9,128,86,4,90,218
05/23/2012,NEW,LA,ASW,CE,Towers with Radar,0,7,48,0,55,0,0,42,6,48,0,7,90,6,103,84,0,84,187
05/24/2012,NEW,LA,ASW,CE,Towers with Radar,0,4,55,7,66,0,4,67,8,79,0,8,122,15,145,40,0,40,185
05/25/2012,NEW,LA,ASW,CE,Towers with Radar,0,2,52,3,57,0,3,71,1,75,0,5,123,4,132,74,10,84,216
05/26/2012,NEW,LA,ASW,CE,Towers with Radar,0,0,29,0,29,0,2,83,2,87,0,2,112,2,116,158,2,160,276
05/27/2012,NEW,LA,ASW,CE,Towers with Radar,0,4,39,0,43,0,0,55,2,57,0,4,94,2,100,58,0,58,158
05/28/2012,NEW,LA,ASW,CE,Towers with Radar,0,5,38,3,46,0,6,66,1,73,0,11,104,4,119,48,0,48,167
05/29/2012,NEW,LA,ASW,CE,Towers with Radar,0,2,32,1,35,0,0,55,3,58,0,2,87,4,93,76,0,76,169
05/30/2012,NEW,LA,ASW,CE,Towers with Radar,0,8,50,3,61,0,2,41,2,45,0,10,91,5,106,88,0,88,194
05/31/2012,NEW,LA,ASW,CE,Towers with Radar,0,8,42,2,52,0,4,31,3,38,0,12,73,5,90,15,0,15,105
06/01/2012,NEW,LA,ASW,CE,Towers with Radar,0,5,49,11,65,0,7,51,6,64,0,12,100,17,129,46,20,66,195
06/02/2012,NEW,LA,ASW,CE,Towers with Radar,0,4,30,3,37,0,2,103,2,107,0,6,133,5,144,80,0,80,224
06/03/2012,NEW,LA,ASW,CE,Towers with Radar,0,3,39,3,45,0,0,75,2,77,0,3,114,5,122,56,0,56,178
06/04/2012,NEW,LA,ASW,CE,Towers with Radar,0,4,27,0,31,0,1,39,1,41,0,5,66,1,72,27,0,27,99
06/05/2012,NEW,LA,ASW,CE,Towers with Radar,0,6,27,0,33,0,3,55,1,59,0,9,82,1,92,26,0,26,118
06/06/2012,NEW,LA,ASW,CE,Towers with Radar,0,6,49,0,55,0,0,41,4,45,0,6,90,4,100,60,0,60,160
06/07/2012,NEW,LA,ASW,CE,Towers with Radar,0,8,52,0,60,0,0,37,9,46,0,8,89,9,106,30,0,30,136
06/08/2012,NEW,LA,ASW,CE,Towers with Radar,0,5,63,3,71,0,3,32,1,36,0,8,95,4,107,58,0,58,165
06/09/2012,NEW,LA,ASW,CE,Towers with Radar,0,1,47,0,48,0,0,20,0,20,0,1,67,0,68,10,0,10,78
06/10/2012,NEW,LA,ASW,CE,Towers with Radar,0,8,37,0,45,0,0,4,0,4,0,8,41,0,49,6,0,6,55
06/11/2012,NEW,LA,ASW,CE,Towers with Radar,0,3,33,2,38,0,1,27,0,28,0,4,60,2,66,40,0,40,106
06/12/2012,NEW,LA,ASW,CE,Towers with Radar,0,11,29,2,42,0,0,25,0,25,0,11,54,2,67,0,0,0,67
06/13/2012,NEW,LA,ASW,CE,Towers with Radar,0,11,38,0,49,0,8,81,3,92,0,19,119,3,141,60,0,60,201
06/14/2012,NEW,LA,ASW,CE,Towers with Radar,0,6,37,2,45,0,5,49,2,56,0,11,86,4,101,60,0,60,161
06/15/2012,NEW,LA,ASW,CE,Towers with Radar,0,5,43,5,53,0,4,59,6,69,0,9,102,11,122,112,0,112,234
06/16/2012,NEW,LA,ASW,CE,Towers with Radar,0,8,34,0,42,0,1,87,0,88,0,9,121,0,130,62,0,62,192
06/17/2012,NEW,LA,ASW,CE,Towers with Radar,0,4,27,0,31,0,0,40,0,40,0,4,67,0,71,30,0,30,101
06/18/2012,NEW,LA,ASW,CE,Towers with Radar,0,2,38,0,40,0,4,46,5,55,0,6,84,5,95,58,6,64,159
06/19/2012,NEW,LA,ASW,CE,Towers with Radar,0,8,36,0,44,0,3,46,0,49,0,11,82,0,93,18,0,18,111
06/20/2012,NEW,LA,ASW,CE,Towers with Radar,0,8,40,1,49,0,5,49,8,62,0,13,89,9,111,28,16,44,155
06/21/2012,NEW,LA,ASW,CE,Towers with Radar,0,11,26,1,38,0,6,62,6,74,0,17,88,7,112,80,0,80,192
06/22/2012,NEW,LA,ASW,CE,Towers with Radar,0,6,33,7,46,0,2,66,3,71,0,8,99,10,117,56,0,56,173
06/23/2012,NEW,LA,ASW,CE,Towers with Radar,0,2,29,3,34,0,0,71,2,73,0,2,100,5,107,86,8,94,201
06/24/2012,NEW,LA,ASW,CE,Towers with Radar,0,4,33,1,38,0,0,82,0,82,0,4,115,1,120,56,0,56,176
06/25/2012,NEW,LA,ASW,CE,Towers with Radar,0,2,18,6,26,0,3,25,0,28,0,5,43,6,54,60,0,60,114
06/26/2012,NEW,LA,ASW,CE,Towers with Radar,0,8,22,0,30,0,0,53,6,59,0,8,75,6,89,66,0,66,155
06/27/2012,NEW,LA,ASW,CE,Towers with Radar,0,5,20,0,25,0,6,48,0,54,0,11,68,0,79,110,8,118,197
06/28/2012,NEW,LA,ASW,CE,Towers with Radar,0,4,25,3,32,0,2,47,4,53,0,6,72,7,85,140,0,140,225
06/29/2012,NEW,LA,ASW,CE,Towers with Radar,0,0,48,1,49,0,7,53,0,60,0,7,101,1,109,76,0,76,185
06/30/2012,NEW,LA,ASW,CE,Towers with Radar,0,2,29,0,31,0,0,88,0,88,0,2,117,0,119,120,0,120,239
07/01/2012,NEW,LA,ASW,CE,Towers with Radar,0,0,22,2,24,0,0,46,0,46,0,0,68,2,70,64,0,64,134
07/02/2012,NEW,LA,ASW,CE,Towers with Radar,0,0,22,2,24,0,2,39,1,42,0,2,61,3,66,78,0,78,144
07/03/2012,NEW,LA,ASW,CE,Towers with Radar,0,0,18,0,18,0,1,38,2,41,0,1,56,2,59,66,0,66,125
07/04/2012,NEW,LA,ASW,CE,Towers with Radar,0,1,3,0,4,0,1,26,2,29,0,2,29,2,33,46,0,46,79
07/05/2012,NEW,LA,ASW,CE,Towers with Radar,0,3,19,9,31,0,0,46,1,47,0,3,65,10,78,110,2,112,190
07/06/2012,NEW,LA,ASW,CE,Towers with Radar,0,0,18,4,22,0,0,32,6,38,0,0,50,10,60,42,0,42,102
07/07/2012,NEW,LA,ASW,CE,Towers with Radar,0,0,14,1,15,0,0,32,1,33,0,0,46,2,48,86,2,88,136
07/08/2012,NEW,LA,ASW,CE,Towers with Radar,0,3,29,2,34,0,0,33,2,35,0,3,62,4,69,26,0,26,95
07/09/2012,NEW,LA,ASW,CE,Towers with Radar,0,2,16,2,20,0,1,15,0,16,0,3,31,2,36,40,0,40,76
07/10/2012,NEW,LA,ASW,CE,Towers with Radar,0,7,33,1,41,0,0,8,0,8,0,7,41,1,49,10,0,10,59
07/11/2012,NEW,LA,ASW,CE,Towers with Radar,0,11,28,0,39,0,0,17,0,17,0,11,45,0,56,18,0,18,74
07/12/2012,NEW,LA,ASW,CE,Towers with Radar,0,7,26,0,33,0,28,21,2,51,0,35,47,2,84,44,8,52,136
07/13/2012,NEW,LA,ASW,CE,Towers with Radar,0,7,35,0,42,0,3,36,0,39,0,10,71,0,81,40,0,40,121
07/14/2012,NEW,LA,ASW,CE,Towers with Radar,0,4,20,0,24,0,2,57,0,59,0,6,77,0,83,94,0,94,177
07/15/2012,NEW,LA,ASW,CE,Towers with Radar,0,6,40,0,46,0,0,35,2,37,0,6,75,2,83,28,0,28,111
07/16/2012,NEW,LA,ASW,CE,Towers with Radar,0,4,39,0,43,0,0,35,3,38,0,4,74,3,81,64,6,70,151
07/17/2012,NEW,LA,ASW,CE,Towers with Radar,0,4,45,0,49,0,0,60,2,62,0,4,105,2,111,44,0,44,155
07/18/2012,NEW,LA,ASW,CE,Towers with Radar,0,4,31,1,36,0,2,37,6,45,0,6,68,7,81,16,0,16,97
07/19/2012,NEW,LA,ASW,CE,Towers with Radar,0,0,43,2,45,0,0,45,4,49,0,0,88,6,94,70,0,70,164
07/20/2012,NEW,LA,ASW,CE,Towers with Radar,0,5,26,3,34,0,0,7,1,8,0,5,33,4,42,0,0,0,42
07/21/2012,NEW,LA,ASW,CE,Towers with Radar,2,3,22,1,28,0,0,55,0,55,2,3,77,1,83,60,0,60,143
07/22/2012,NEW,LA,ASW,CE,Towers with Radar,0,4,44,3,51,0,1,59,2,62,0,5,103,5,113,122,0,122,235
07/23/2012,NEW,LA,ASW,CE,Towers with Radar,0,0,42,9,51,0,1,39,0,40,0,1,81,9,91,56,0,56,147
07/24/2012,NEW,LA,ASW,CE,Towers with Radar,0,3,30,7,40,0,6,39,0,45,0,9,69,7,85,42,0,42,127
07/25/2012,NEW,LA,ASW,CE,Towers with Radar,0,3,21,3,27,0,2,22,4,28,0,5,43,7,55,16,0,16,71
07/26/2012,NEW,LA,ASW,CE,Towers with Radar,0,5,48,4,57,0,6,47,3,56,0,11,95,7,113,76,0,76,189
07/27/2012,NEW,LA,ASW,CE,Towers with Radar,0,1,53,4,58,0,5,56,1,62,0,6,109,5,120,134,4,138,258
07/28/2012,NEW,LA,ASW,CE,Towers with Radar,0,4,36,3,43,0,4,74,0,78,0,8,110,3,121,106,0,106,227
07/29/2012,NEW,LA,ASW,CE,Towers with Radar,0,2,38,2,42,0,7,62,4,73,0,9,100,6,115,106,0,106,221
07/30/2012,NEW,LA,ASW,CE,Towers with Radar,0,5,35,2,42,0,7,19,4,30,0,12,54,6,72,36,0,36,108
07/31/2012,NEW,LA,ASW,CE,Towers with Radar,0,3,33,1,37,0,7,35,3,45,0,10,68,4,82,66,0,66,148
08/01/2012,NEW,LA,ASW,CE,Towers with Radar,0,2,34,2,38,0,4,37,3,44,0,6,71,5,82,43,16,59,141
08/02/2012,NEW,LA,ASW,CE,Towers with Radar,0,8,39,3,50,0,3,31,3,37,0,11,70,6,87,46,0,46,133
08/03/2012,NEW,LA,ASW,CE,Towers with Radar,0,5,56,0,61,0,3,61,0,64,0,8,117,0,125,24,0,24,149
08/04/2012,NEW,LA,ASW,CE,Towers with Radar,0,5,37,1,43,0,3,58,1,62,0,8,95,2,105,92,0,92,197
08/05/2012,NEW,LA,ASW,CE,Towers with Radar,0,4,66,5,75,0,5,56,0,61,0,9,122,5,136,90,0,90,226
08/06/2012,NEW,LA,ASW,CE,Towers with Radar,0,2,30,1,33,0,3,46,1,50,0,5,76,2,83,108,0,108,191
08/07/2012,NEW,LA,ASW,CE,Towers with Radar,0,0,24,0,24,0,2,52,0,54,0,2,76,0,78,50,0,50,128
08/08/2012,NEW,LA,ASW,CE,Towers with Radar,0,5,37,2,44,0,3,42,2,47,0,8,79,4,91,75,0,75,166
08/09/2012,NEW,LA,ASW,CE,Towers with Radar,0,4,35,1,40,0,0,23,4,27,0,4,58,5,67,48,0,48,115
08/10/2012,NEW,LA,ASW,CE,Towers with Radar,0,0,43,10,53,0,0,37,4,41,0,0,80,14,94,52,14,66,160
08/11/2012,NEW,LA,ASW,CE,Towers with Radar,0,3,14,0,17,0,1,43,0,44,0,4,57,0,61,36,2,38,99
08/12/2012,NEW,LA,ASW,CE,Towers with Radar,0,2,30,7,39,0,1,61,5,67,0,3,91,12,106,100,0,100,206
08/13/2012,NEW,LA,ASW,CE,Towers with Radar,0,3,34,0,37,0,3,31,1,35,0,6,65,1,72,90,0,90,162
08/14/2012,NEW,LA,ASW,CE,Towers with Radar,0,1,26,0,27,0,2,58,1,61,0,3,84,1,88,82,0,82,170
08/15/2012,NEW,LA,ASW,CE,Towers with Radar,0,3,46,0,49,0,4,25,0,29,0,7,71,0,78,82,0,82,160
08/16/2012,NEW,LA,ASW,CE,Towers with Radar,0,3,35,0,38,0,2,42,1,45,0,5,77,1,83,22,0,22,105
08/17/2012,NEW,LA,ASW,CE,Towers with Radar,0,6,45,2,53,0,1,35,1,37,0,7,80,3,90,78,0,78,168
08/18/2012,NEW,LA,ASW,CE,Towers with Radar,0,8,13,4,25,0,0,37,0,37,0,8,50,4,62,136,0,136,198
08/19/2012,NEW,LA,ASW,CE,Towers with Radar,0,1,27,0,28,0,0,6,0,6,0,1,33,0,34,0,0,0,34
08/20/2012,NEW,LA,ASW,CE,Towers with Radar,0,2,13,6,21,0,4,47,1,52,0,6,60,7,73,132,10,142,215
08/21/2012,NEW,LA,ASW,CE,Towers with Radar,0,10,28,0,38,0,6,60,6,72,0,16,88,6,110,104,0,104,214
08/22/2012,NEW,LA,ASW,CE,Towers with Radar,0,8,34,4,46,0,6,73,4,83,0,14,107,8,129,114,0,114,243
08/23/2012,NEW,LA,ASW,CE,Towers with Radar,0,8,37,0,45,0,7,42,0,49,0,15,79,0,94,78,0,78,172
08/24/2012,NEW,LA,ASW,CE,Towers with Radar,0,2,31,4,37,0,4,40,3,47,0,6,71,7,84,34,0,34,118
08/25/2012,NEW,LA,ASW,CE,Towers with Radar,0,3,45,0,48,0,6,88,2,96,0,9,133,2,144,98,0,98,242
08/26/2012,NEW,LA,ASW,CE,Towers with Radar,0,3,55,2,60,0,2,70,0,72,0,5,125,2,132,90,0,90,222
08/27/2012,NEW,LA,ASW,CE,Towers with Radar,0,10,48,0,58,0,6,62,2,70,0,16,110,2,128,24,0,24,152
08/28/2012,NEW,LA,ASW,CE,Towers with Radar,0,0,0,0,0,0,0,0,0,0,0,0,0,0,0,0,0,0,0
08/29/2012,NEW,LA,ASW,CE,Towers with Radar,0,0,0,0,0,0,0,0,0,0,0,0,0,0,0,0,0,0,0
08/30/2012,NEW,LA,ASW,CE,Towers with Radar,0,0,0,0,0,0,0,0,8,8,0,0,0,8,8,0,0,0,8
08/31/2012,NEW,LA,ASW,CE,Towers with Radar,0,0,0,0,0,0,2,3,1,6,0,2,3,1,6,0,0,0,6
09/01/2012,NEW,LA,ASW,CE,Towers with Radar,0,0,0,0,0,0,0,4,0,4,0,0,4,0,4,0,0,0,4
09/02/2012,NEW,LA,ASW,CE,Towers with Radar,0,0,5,0,5,0,1,8,1,10,0,1,13,1,15,0,0,0,15
09/03/2012,NEW,LA,ASW,CE,Towers with Radar,0,0,18,0,18,0,1,15,0,16,0,1,33,0,34,0,0,0,34
09/04/2012,NEW,LA,ASW,CE,Towers with Radar,0,0,27,0,27,0,4,25,0,29,0,4,52,0,56,0,0,0,56
09/05/2012,NEW,LA,ASW,CE,Towers with Radar,0,5,23,0,28,0,5,24,0,29,0,10,47,0,57,0,0,0,57
09/06/2012,NEW,LA,ASW,CE,Towers with Radar,0,1,32,4,37,0,17,26,0,43,0,18,58,4,80,0,0,0,80
09/07/2012,NEW,LA,ASW,CE,Towers with Radar,0,8,31,4,43,0,2,33,2,37,0,10,64,6,80,0,0,0,80
09/08/2012,NEW,LA,ASW,CE,Towers with Radar,0,5,17,1,23,0,0,24,0,24,0,5,41,1,47,0,0,0,47
09/09/2012,NEW,LA,ASW,CE,Towers with Radar,0,0,50,4,54,0,0,35,5,40,0,0,85,9,94,0,0,0,94
09/10/2012,NEW,LA,ASW,CE,Towers with Radar,0,5,29,3,37,0,1,20,5,26,0,6,49,8,63,0,0,0,63
09/11/2012,NEW,LA,ASW,CE,Towers with Radar,0,5,27,0,32,0,3,23,3,29,0,8,50,3,61,0,0,0,61
09/12/2012,NEW,LA,ASW,CE,Towers with Radar,0,3,33,0,36,0,2,27,0,29,0,5,60,0,65,0,0,0,65
09/13/2012,NEW,LA,ASW,CE,Towers with Radar,0,0,34,2,36,0,0,12,2,14,0,0,46,4,50,0,0,0,50
09/14/2012,NEW,LA,ASW,CE,Towers with Radar,0,6,49,5,60,0,3,56,4,63,0,9,105,9,123,42,10,52,175
09/15/2012,NEW,LA,ASW,CE,Towers with Radar,0,1,29,4,34,0,0,37,1,38,0,1,66,5,72,0,0,0,72
09/16/2012,NEW,LA,ASW,CE,Towers with Radar,0,2,38,0,40,0,0,24,2,26,0,2,62,2,66,0,0,0,66
09/17/2012,NEW,LA,ASW,CE,Towers with Radar,0,8,23,3,34,0,1,0,2,3,0,9,23,5,37,0,0,0,37
09/18/2012,NEW,LA,ASW,CE,Towers with Radar,0,3,20,0,23,0,5,37,3,45,0,8,57,3,68,64,0,64,132
09/19/2012,NEW,LA,ASW,CE,Towers with Radar,0,6,44,0,50,0,1,72,3,76,0,7,116,3,126,118,0,118,244
09/20/2012,NEW,LA,ASW,CE,Towers with Radar,0,3,36,2,41,0,2,62,3,67,0,5,98,5,108,106,0,106,214
09/21/2012,NEW,LA,ASW,CE,Towers with Radar,0,6,45,1,52,0,1,62,5,68,0,7,107,6,120,148,0,148,268
09/22/2012,NEW,LA,ASW,CE,Towers with Radar,0,8,48,3,59,0,4,74,1,79,0,12,122,4,138,74,6,80,218
09/23/2012,NEW,LA,ASW,CE,Towers with Radar,0,10,66,1,77,0,0,95,2,97,0,10,161,3,174,50,2,52,226
09/24/2012,NEW,LA,ASW,CE,Towers with Radar,0,6,35,0,41,0,3,38,2,43,0,9,73,2,84,88,0,88,172
09/25/2012,NEW,LA,ASW,CE,Towers with Radar,0,6,44,1,51,0,2,50,1,53,0,8,94,2,104,72,0,72,176
09/26/2012,NEW,LA,ASW,CE,Towers with Radar,0,5,36,4,45,0,0,74,4,78,0,5,110,8,123,100,2,102,225
09/27/2012,NEW,LA,ASW,CE,Towers with Radar,0,8,58,8,74,0,4,60,3,67,0,12,118,11,141,76,0,76,217
09/28/2012,NEW,LA,ASW,CE,Towers with Radar,0,6,52,0,58,0,0,36,0,36,0,6,88,0,94,82,0,82,176
09/29/2012,NEW,LA,ASW,CE,Towers with Radar,0,1,8,0,9,0,4,10,0,14,0,5,18,0,23,12,0,12,35
09/30/2012,NEW,LA,ASW,CE,Towers with Radar,0,6,39,1,46,0,0,1,0,1,0,6,40,1,47,0,0,0,47
10/01/2012,NEW,LA,ASW,CE,Towers with Radar,0,11,47,0,58,0,2,13,0,15,0,13,60,0,73,22,2,24,97
10/02/2012,NEW,LA,ASW,CE,Towers with Radar,0,5,40,8,53,0,2,56,6,64,0,7,96,14,117,100,14,114,231
10/03/2012,NEW,LA,ASW,CE,Towers with Radar,0,7,42,0,49,0,2,59,7,68,0,9,101,7,117,102,4,106,223
10/04/2012,NEW,LA,ASW,CE,Towers with Radar,0,6,44,6,56,0,1,65,1,67,0,7,109,7,123,88,0,88,211
10/05/2012,NEW,LA,ASW,CE,Towers with Radar,0,9,50,1,60,0,5,102,6,113,0,14,152,7,173,136,0,136,309
10/06/2012,NEW,LA,ASW,CE,Towers with Radar,0,6,46,0,52,0,0,99,0,99,0,6,145,0,151,122,0,122,273
10/07/2012,NEW,LA,ASW,CE,Towers with Radar,0,20,90,0,110,0,0,45,0,45,0,20,135,0,155,36,0,36,191
10/08/2012,NEW,LA,ASW,CE,Towers with Radar,0,7,44,0,51,0,7,44,2,53,0,14,88,2,104,54,0,54,158
10/09/2012,NEW,LA,ASW,CE,Towers with Radar,0,8,48,0,56,0,2,61,0,63,0,10,109,0,119,72,0,72,191
10/10/2012,NEW,LA,ASW,CE,Towers with Radar,0,6,34,8,48,0,1,56,2,59,0,7,90,10,107,40,8,48,155
10/11/2012,NEW,LA,ASW,CE,Towers with Radar,0,16,51,5,72,0,13,58,5,76,0,29,109,10,148,94,10,104,252
10/12/2012,NEW,LA,ASW,CE,Towers with Radar,0,4,52,8,64,0,1,57,3,61,0,5,109,11,125,100,0,100,225
10/13/2012,NEW,LA,ASW,CE,Towers with Radar,0,8,35,4,47,0,0,94,4,98,0,8,129,8,145,70,4,74,219
10/14/2012,NEW,LA,ASW,CE,Towers with Radar,0,11,62,2,75,0,2,62,2,66,0,13,124,4,141,54,0,54,195
10/15/2012,NEW,LA,ASW,CE,Towers with Radar,0,9,36,4,49,0,4,37,4,45,0,13,73,8,94,52,0,52,146
10/16/2012,NEW,LA,ASW,CE,Towers with Radar,0,5,38,0,43,0,1,47,3,51,0,6,85,3,94,32,0,32,126
10/17/2012,NEW,LA,ASW,CE,Towers with Radar,0,5,56,7,68,0,6,61,4,71,0,11,117,11,139,102,0,102,241
10/18/2012,NEW,LA,ASW,CE,Towers with Radar,0,8,72,0,80,0,6,51,9,66,0,14,123,9,146,78,4,82,228
10/19/2012,NEW,LA,ASW,CE,Towers with Radar,0,4,45,3,52,0,2,74,5,81,0,6,119,8,133,62,2,64,197
10/20/2012,NEW,LA,ASW,CE,Towers with Radar,0,5,17,29,51,0,0,107,2,109,0,5,124,31,160,104,10,114,274
10/21/2012,NEW,LA,ASW,CE,Towers with Radar,0,8,49,15,72,0,0,72,1,73,0,8,121,16,145,90,0,90,235
10/22/2012,NEW,LA,ASW,CE,Towers with Radar,0,0,34,1,35,0,4,47,1,52,0,4,81,2,87,40,0,40,127
10/23/2012,NEW,LA,ASW,CE,Towers with Radar,0,2,40,3,45,0,0,33,0,33,0,2,73,3,78,2,0,2,80
10/24/2012,NEW,LA,ASW,CE,Towers with Radar,0,3,46,0,49,0,4,53,5,62,0,7,99,5,111,40,0,40,151
10/25/2012,NEW,LA,ASW,CE,Towers with Radar,0,7,58,2,67,0,0,70,7,77,0,7,128,9,144,74,0,74,218
10/26/2012,NEW,LA,ASW,CE,Towers with Radar,0,4,87,2,93,0,1,37,1,39,0,5,124,3,132,66,0,66,198
10/27/2012,NEW,LA,ASW,CE,Towers with Radar,0,12,53,9,74,0,1,34,2,37,0,13,87,11,111,22,0,22,133
10/28/2012,NEW,LA,ASW,CE,Towers with Radar,0,11,57,2,70,0,1,72,0,73,0,12,129,2,143,30,0,30,173
10/29/2012,NEW,LA,ASW,CE,Towers with Radar,0,5,23,3,31,0,0,58,3,61,0,5,81,6,92,80,0,80,172
10/30/2012,NEW,LA,ASW,CE,Towers with Radar,0,2,31,2,35,0,0,49,2,51,0,2,80,4,86,58,0,58,144
10/31/2012,NEW,LA,ASW,CE,Towers with Radar,0,4,37,4,45,0,3,63,2,68,0,7,100,6,113,150,0,150,263
11/01/2012,NEW,LA,ASW,CE,Towers with Radar,0,15,55,4,74,0,2,54,11,67,0,17,109,15,141,78,6,84,225
11/02/2012,NEW,LA,ASW,CE,Towers with Radar,0,16,77,3,96,0,1,55,4,60,0,17,132,7,156,80,0,80,236
11/03/2012,NEW,LA,ASW,CE,Towers with Radar,0,6,35,0,41,0,2,79,2,83,0,8,114,2,124,106,0,106,230
11/04/2012,NEW,LA,ASW,CE,Towers with Radar,0,17,71,1,89,0,0,19,4,23,0,17,90,5,112,18,0,18,130
11/05/2012,NEW,LA,ASW,CE,Towers with Radar,0,9,49,0,58,0,3,47,0,50,0,12,96,0,108,128,4,132,240
11/06/2012,NEW,LA,ASW,CE,Towers with Radar,0,8,62,0,70,0,2,19,4,25,0,10,81,4,95,32,0,32,127
11/07/2012,NEW,LA,ASW,CE,Towers with Radar,0,5,61,0,66,0,2,45,4,51,0,7,106,4,117,56,0,56,173
11/08/2012,NEW,LA,ASW,CE,Towers with Radar,0,11,60,0,71,0,6,48,6,60,0,17,108,6,131,118,0,118,249
11/09/2012,NEW,LA,ASW,CE,Towers with Radar,0,7,80,3,90,0,4,83,0,87,0,11,163,3,177,66,0,66,243
11/10/2012,NEW,LA,ASW,CE,Towers with Radar,0,3,47,6,56,0,4,125,1,130,0,7,172,7,186,68,0,68,254
11/11/2012,NEW,LA,ASW,CE,Towers with Radar,0,10,88,2,100,0,3,39,0,42,0,13,127,2,142,44,0,44,186
11/12/2012,NEW,LA,ASW,CE,Towers with Radar,0,7,29,7,43,0,0,15,1,16,0,7,44,8,59,0,0,0,59
11/13/2012,NEW,LA,ASW,CE,Towers with Radar,0,4,39,2,45,0,0,55,1,56,0,4,94,3,101,40,0,40,141
11/14/2012,NEW,LA,ASW,CE,Towers with Radar,0,4,45,1,50,0,3,49,3,55,0,7,94,4,105,96,0,96,201
11/15/2012,NEW,LA,ASW,CE,Towers with Radar,0,3,42,3,48,0,1,58,4,63,0,4,100,7,111,54,0,54,165
11/16/2012,NEW,LA,ASW,CE,Towers with Radar,0,2,67,2,71,0,2,52,3,57,0,4,119,5,128,86,0,86,214
11/17/2012,NEW,LA,ASW,CE,Towers with Radar,0,3,25,0,28,0,3,58,0,61,0,6,83,0,89,144,0,144,233
11/18/2012,NEW,LA,ASW,CE,Towers with Radar,0,4,44,2,50,0,0,44,0,44,0,4,88,2,94,124,0,124,218
11/19/2012,NEW,LA,ASW,CE,Towers with Radar,0,4,26,0,30,0,0,53,1,54,0,4,79,1,84,110,0,110,194
11/20/2012,NEW,LA,ASW,CE,Towers with Radar,0,3,37,0,40,0,3,56,6,65,0,6,93,6,105,90,0,90,195
11/21/2012,NEW,LA,ASW,CE,Towers with Radar,0,2,46,0,48,0,4,103,0,107,0,6,149,0,155,82,0,82,237
11/22/2012,NEW,LA,ASW,CE,Towers with Radar,0,2,13,0,15,0,1,18,0,19,0,3,31,0,34,22,0,22,56
11/23/2012,NEW,LA,ASW,CE,Towers with Radar,0,3,27,0,30,0,2,55,0,57,0,5,82,0,87,44,0,44,131
11/24/2012,NEW,LA,ASW,CE,Towers with Radar,0,5,25,0,30,0,0,60,0,60,0,5,85,0,90,102,0,102,192
11/25/2012,NEW,LA,ASW,CE,Towers with Radar,0,11,59,0,70,0,2,51,0,53,0,13,110,0,123,104,0,104,227
11/26/2012,NEW,LA,ASW,CE,Towers with Radar,0,3,34,0,37,0,0,7,0,7,0,3,41,0,44,17,0,17,61
11/27/2012,NEW,LA,ASW,CE,Towers with Radar,0,6,25,2,33,0,0,0,0,0,0,6,25,2,33,0,0,0,33
11/28/2012,NEW,LA,ASW,CE,Towers with Radar,0,3,29,1,33,0,4,49,2,55,0,7,78,3,88,26,2,28,116
11/29/2012,NEW,LA,ASW,CE,Towers with Radar,0,4,33,1,38,0,0,58,4,62,0,4,91,5,100,16,0,16,116
11/30/2012,NEW,LA,ASW,CE,Towers with Radar,0,1,28,0,29,0,2,44,1,47,0,3,72,1,76,36,0,36,112
12/01/2012,NEW,LA,ASW,CE,Towers with Radar,0,0,14,1,15,0,3,39,4,46,0,3,53,5,61,24,4,28,89
12/02/2012,NEW,LA,ASW,CE,Towers with Radar,0,1,32,0,33,0,0,65,0,65,0,1,97,0,98,96,0,96,194
12/03/2012,NEW,LA,ASW,CE,Towers with Radar,0,2,14,0,16,0,3,42,1,46,0,5,56,1,62,24,0,24,86
12/04/2012,NEW,LA,ASW,CE,Towers with Radar,0,1,19,1,21,0,0,14,0,14,0,1,33,1,35,4,0,4,39
12/05/2012,NEW,LA,ASW,CE,Towers with Radar,0,5,28,0,33,0,0,14,5,19,0,5,42,5,52,8,0,8,60
12/06/2012,NEW,LA,ASW,CE,Towers with Radar,0,3,54,2,59,0,1,30,0,31,0,4,84,2,90,50,0,50,140
12/07/2012,NEW,LA,ASW,CE,Towers with Radar,0,1,58,2,61,0,2,15,4,21,0,3,73,6,82,12,0,12,94
12/08/2012,NEW,LA,ASW,CE,Towers with Radar,0,0,19,3,22,0,0,70,0,70,0,0,89,3,92,148,0,148,240
12/09/2012,NEW,LA,ASW,CE,Towers with Radar,0,0,34,0,34,0,1,24,0,25,0,1,58,0,59,18,0,18,77
12/10/2012,NEW,LA,ASW,CE,Towers with Radar,0,1,12,2,15,0,0,0,0,0,0,1,12,2,15,0,0,0,15
12/11/2012,NEW,LA,ASW,CE,Towers with Radar,0,5,37,6,48,0,2,51,7,60,0,7,88,13,108,30,0,30,138
12/12/2012,NEW,LA,ASW,CE,Towers with Radar,0,6,36,5,47,0,2,57,2,61,0,8,93,7,108,112,4,116,224
12/13/2012,NEW,LA,ASW,CE,Towers with Radar,0,6,40,9,55,0,3,50,2,55,0,9,90,11,110,50,0,50,160
12/14/2012,NEW,LA,ASW,CE,Towers with Radar,0,7,71,6,84,0,6,47,3,56,0,13,118,9,140,6,2,8,148
12/15/2012,NEW,LA,ASW,CE,Towers with Radar,0,7,49,2,58,0,0,54,2,56,0,7,103,4,114,88,0,88,202
12/16/2012,NEW,LA,ASW,CE,Towers with Radar,0,13,40,1,54,0,0,49,0,49,0,13,89,1,103,30,0,30,133
12/17/2012,NEW,LA,ASW,CE,Towers with Radar,0,7,41,3,51,0,0,13,0,13,0,7,54,3,64,12,0,12,76
12/18/2012,NEW,LA,ASW,CE,Towers with Radar,0,4,31,0,35,0,1,55,2,58,0,5,86,2,93,92,8,100,193
12/19/2012,NEW,LA,ASW,CE,Towers with Radar,0,5,32,4,41,0,1,51,1,53,0,6,83,5,94,70,0,70,164
12/20/2012,NEW,LA,ASW,CE,Towers with Radar,0,7,15,3,25,0,5,17,1,23,0,12,32,4,48,6,0,6,54
12/21/2012,NEW,LA,ASW,CE,Towers with Radar,0,8,36,3,47,0,8,36,2,46,0,16,72,5,93,44,6,50,143
12/22/2012,NEW,LA,ASW,CE,Towers with Radar,0,9,41,0,50,0,1,59,1,61,0,10,100,1,111,86,0,86,197
12/23/2012,NEW,LA,ASW,CE,Towers with Radar,0,7,20,0,27,0,0,38,0,38,0,7,58,0,65,62,0,62,127
12/24/2012,NEW,LA,ASW,CE,Towers with Radar,0,0,8,0,8,0,0,8,0,8,0,0,16,0,16,12,0,12,28
12/25/2012,NEW,LA,ASW,CE,Towers with Radar,0,1,1,0,2,0,2,0,0,2,0,3,1,0,4,0,0,0,4
12/26/2012,NEW,LA,ASW,CE,Towers with Radar,0,7,30,2,39,0,1,30,3,34,0,8,60,5,73,52,0,52,125
12/27/2012,NEW,LA,ASW,CE,Towers with Radar,0,2,31,1,34,0,1,42,0,43,0,3,73,1,77,52,0,52,129
12/28/2012,NEW,LA,ASW,CE,Towers with Radar,0,2,23,1,26,0,0,7,0,7,0,2,30,1,33,24,0,24,57
12/29/2012,NEW,LA,ASW,CE,Towers with Radar,0,1,44,0,45,0,0,41,0,41,0,1,85,0,86,26,0,26,112
12/30/2012,NEW,LA,ASW,CE,Towers with Radar,0,5,45,1,51,0,0,71,0,71,0,5,116,1,122,60,0,60,182
12/31/2012,NEW,LA,ASW,CE,Towers with Radar,0,2,31,0,33,0,1,36,0,37,0,3,67,0,70,66,0,66,136
01/01/2013,NEW,LA,ASW,CE,Towers with Radar,0,8,48,0,56,0,0,17,0,17,0,8,65,0,73,30,0,30,103
01/02/2013,NEW,LA,ASW,CE,Towers with Radar,0,8,54,0,62,0,0,13,0,13,0,8,67,0,75,26,0,26,101
01/03/2013,NEW,LA,ASW,CE,Towers with Radar,0,14,66,2,82,0,0,39,1,40,0,14,105,3,122,32,0,32,154
01/04/2013,NEW,LA,ASW,CE,Towers with Radar,0,7,28,5,40,0,2,49,7,58,0,9,77,12,98,94,4,98,196
01/05/2013,NEW,LA,ASW,CE,Towers with Radar,0,6,31,0,37,0,3,57,1,61,0,9,88,1,98,102,0,102,200
01/06/2013,NEW,LA,ASW,CE,Towers with Radar,0,3,34,4,41,0,0,8,0,8,0,3,42,4,49,2,0,2,51
01/07/2013,NEW,LA,ASW,CE,Towers with Radar,0,3,33,0,36,0,3,53,1,57,0,6,86,1,93,48,0,48,141
01/08/2013,NEW,LA,ASW,CE,Towers with Radar,0,4,36,1,41,0,0,7,2,9,0,4,43,3,50,4,0,4,54
01/09/2013,NEW,LA,ASW,CE,Towers with Radar,0,2,6,0,8,0,0,0,0,0,0,2,6,0,8,0,0,0,8
01/10/2013,NEW,LA,ASW,CE,Towers with Radar,0,4,13,0,17,0,0,0,0,0,0,4,13,0,17,0,0,0,17
01/11/2013,NEW,LA,ASW,CE,Towers with Radar,0,6,49,1,56,0,3,20,2,25,0,9,69,3,81,62,0,62,143
01/12/2013,NEW,LA,ASW,CE,Towers with Radar,0,13,29,0,42,0,1,32,0,33,0,14,61,0,75,42,0,42,117
01/13/2013,NEW,LA,ASW,CE,Towers with Radar,0,4,21,0,25,0,0,6,0,6,0,4,27,0,31,20,0,20,51
01/14/2013,NEW,LA,ASW,CE,Towers with Radar,0,7,17,0,24,0,0,0,0,0,0,7,17,0,24,0,0,0,24
01/15/2013,NEW,LA,ASW,CE,Towers with Radar,0,1,9,0,10,0,0,0,0,0,0,1,9,0,10,0,0,0,10
01/16/2013,NEW,LA,ASW,CE,Towers with Radar,0,5,23,2,30,0,1,2,0,3,0,6,25,2,33,10,0,10,43
01/17/2013,NEW,LA,ASW,CE,Towers with Radar,0,6,35,2,43,0,5,49,12,66,0,11,84,14,109,82,0,82,191
01/18/2013,NEW,LA,ASW,CE,Towers with Radar,0,5,63,3,71,0,7,74,4,85,0,12,137,7,156,76,0,76,232
01/19/2013,NEW,LA,ASW,CE,Towers with Radar,0,0,36,0,36,0,2,115,0,117,0,2,151,0,153,148,0,148,301
01/20/2013,NEW,LA,ASW,CE,Towers with Radar,0,3,47,0,50,0,0,75,1,76,0,3,122,1,126,88,0,88,214
01/21/2013,NEW,LA,ASW,CE,Towers with Radar,0,7,36,12,55,0,0,64,2,66,0,7,100,14,121,46,0,46,167
01/22/2013,NEW,LA,ASW,CE,Towers with Radar,0,4,38,2,44,0,3,69,5,77,0,7,107,7,121,100,16,116,237
01/23/2013,NEW,LA,ASW,CE,Towers with Radar,0,10,39,2,51,0,6,58,4,68,0,16,97,6,119,122,0,122,241
01/24/2013,NEW,LA,ASW,CE,Towers with Radar,0,8,46,0,54,0,2,49,0,51,0,10,95,0,105,72,0,72,177
01/25/2013,NEW,LA,ASW,CE,Towers with Radar,0,3,57,2,62,0,0,69,7,76,0,3,126,9,138,88,0,88,226
01/26/2013,NEW,LA,ASW,CE,Towers with Radar,0,4,29,4,37,0,1,72,6,79,0,5,101,10,116,126,26,152,268
01/27/2013,NEW,LA,ASW,CE,Towers with Radar,0,10,39,4,53,0,0,57,3,60,0,10,96,7,113,30,0,30,143
01/28/2013,NEW,LA,ASW,CE,Towers with Radar,0,7,37,0,44,0,0,42,1,43,0,7,79,1,87,50,0,50,137
01/29/2013,NEW,LA,ASW,CE,Towers with Radar,0,9,64,2,75,0,1,19,0,20,0,10,83,2,95,12,0,12,107
01/30/2013,NEW,LA,ASW,CE,Towers with Radar,0,6,32,4,42,0,0,5,2,7,0,6,37,6,49,2,0,2,51
01/31/2013,NEW,LA,ASW,CE,Towers with Radar,0,39,113,0,152,0,4,49,3,56,0,43,162,3,208,22,8,30,238
02/01/2013,NEW,LA,ASW,CE,Towers with Radar,0,111,196,0,307,0,3,34,0,37,0,114,230,0,344,0,0,0,344
02/02/2013,NEW,LA,ASW,CE,Towers with Radar,0,85,132,0,217,0,0,17,0,17,0,85,149,0,234,0,0,0,234
02/03/2013,NEW,LA,ASW,CE,Towers with Radar,0,73,163,0,236,0,1,3,2,6,0,74,166,2,242,0,0,0,242
02/04/2013,NEW,LA,ASW,CE,Towers with Radar,1,237,359,2,599,0,1,15,0,16,1,238,374,2,615,0,0,0,615
02/05/2013,NEW,LA,ASW,CE,Towers with Radar,0,12,42,2,56,0,0,35,0,35,0,12,77,2,91,92,0,92,183
02/06/2013,NEW,LA,ASW,CE,Towers with Radar,0,4,52,0,56,0,0,6,0,6,0,4,58,0,62,12,0,12,74
02/07/2013,NEW,LA,ASW,CE,Towers with Radar,4,12,61,0,77,0,0,40,2,42,4,12,101,2,119,32,0,32,151
02/08/2013,NEW,LA,ASW,CE,Towers with Radar,0,11,95,3,109,0,0,37,1,38,0,11,132,4,147,86,0,86,233
02/09/2013,NEW,LA,ASW,CE,Towers with Radar,0,7,41,0,48,0,2,55,0,57,0,9,96,0,105,148,0,148,253
02/10/2013,NEW,LA,ASW,CE,Towers with Radar,0,6,52,2,60,0,1,8,0,9,0,7,60,2,69,12,0,12,81
02/11/2013,NEW,LA,ASW,CE,Towers with Radar,0,10,39,0,49,0,0,1,0,1,0,10,40,0,50,0,0,0,50
02/12/2013,NEW,LA,ASW,CE,Towers with Radar,0,11,23,0,34,0,0,0,0,0,0,11,23,0,34,0,0,0,34
02/13/2013,NEW,LA,ASW,CE,Towers with Radar,0,12,51,0,63,0,1,18,0,19,0,13,69,0,82,4,0,4,86
02/14/2013,NEW,LA,ASW,CE,Towers with Radar,0,4,53,3,60,0,2,89,2,93,0,6,142,5,153,80,0,80,233
02/15/2013,NEW,LA,ASW,CE,Towers with Radar,0,5,60,12,77,0,4,55,1,60,0,9,115,13,137,20,0,20,157
02/16/2013,NEW,LA,ASW,CE,Towers with Radar,0,3,43,4,50,0,2,62,3,67,0,5,105,7,117,46,22,68,185
02/17/2013,NEW,LA,ASW,CE,Towers with Radar,0,12,75,10,97,0,1,98,0,99,0,13,173,10,196,114,0,114,310
02/18/2013,NEW,LA,ASW,CE,Towers with Radar,0,10,39,1,50,0,2,31,0,33,0,12,70,1,83,32,0,32,115
02/19/2013,NEW,LA,ASW,CE,Towers with Radar,0,4,40,5,49,0,3,51,0,54,0,7,91,5,103,78,0,78,181
02/20/2013,NEW,LA,ASW,CE,Towers with Radar,0,7,58,4,69,0,1,62,0,63,0,8,120,4,132,64,0,64,196
02/21/2013,NEW,LA,ASW,CE,Towers with Radar,0,7,43,0,50,0,0,10,1,11,0,7,53,1,61,26,22,48,109
02/22/2013,NEW,LA,ASW,CE,Towers with Radar,0,12,75,4,91,0,0,8,0,8,0,12,83,4,99,82,4,86,185
02/23/2013,NEW,LA,ASW,CE,Towers with Radar,0,9,48,0,57,0,5,34,0,39,0,14,82,0,96,48,0,48,144
02/24/2013,NEW,LA,ASW,CE,Towers with Radar,0,9,60,0,69,0,1,45,1,47,0,10,105,1,116,76,0,76,192
02/25/2013,NEW,LA,ASW,CE,Towers with Radar,0,1,23,0,24,0,0,0,0,0,0,1,23,0,24,0,0,0,24
02/26/2013,NEW,LA,ASW,CE,Towers with Radar,0,3,31,0,34,0,3,36,7,46,0,6,67,7,80,44,14,58,138
02/27/2013,NEW,LA,ASW,CE,Towers with Radar,0,8,35,2,45,0,2,63,0,65,0,10,98,2,110,148,0,148,258
02/28/2013,NEW,LA,ASW,CE,Towers with Radar,0,3,32,1,36,0,3,68,1,72,0,6,100,2,108,68,0,68,176
03/01/2013,NEW,LA,ASW,CE,Towers with Radar,0,13,44,12,69,0,1,62,1,64,0,14,106,13,133,84,0,84,217
03/02/2013,NEW,LA,ASW,CE,Towers with Radar,0,4,27,6,37,0,5,94,3,102,0,9,121,9,139,50,30,80,219
03/03/2013,NEW,LA,ASW,CE,Towers with Radar,0,8,61,4,73,0,0,101,1,102,0,8,162,5,175,120,0,120,295
03/04/2013,NEW,LA,ASW,CE,Towers with Radar,0,1,34,0,35,0,0,36,0,36,0,1,70,0,71,56,0,56,127
03/05/2013,NEW,LA,ASW,CE,Towers with Radar,0,11,29,0,40,0,0,49,1,50,0,11,78,1,90,62,0,62,152
03/06/2013,NEW,LA,ASW,CE,Towers with Radar,0,10,56,1,67,0,1,66,1,68,0,11,122,2,135,92,18,110,245
03/07/2013,NEW,LA,ASW,CE,Towers with Radar,0,7,42,0,49,0,2,59,0,61,0,9,101,0,110,168,22,190,300
03/08/2013,NEW,LA,ASW,CE,Towers with Radar,0,10,64,1,75,0,7,96,5,108,0,17,160,6,183,158,32,190,373
03/09/2013,NEW,LA,ASW,CE,Towers with Radar,0,2,35,2,39,0,3,96,0,99,0,5,131,2,138,170,6,176,314
03/10/2013,NEW,LA,ASW,CE,Towers with Radar,0,13,51,6,70,0,0,23,2,25,0,13,74,8,95,38,0,38,133
03/11/2013,NEW,LA,ASW,CE,Towers with Radar,0,2,31,2,35,0,0,10,0,10,0,2,41,2,45,14,0,14,59
03/12/2013,NEW,LA,ASW,CE,Towers with Radar,0,7,34,0,41,0,6,83,0,89,0,13,117,0,130,116,0,116,246
03/13/2013,NEW,LA,ASW,CE,Towers with Radar,0,9,41,4,54,0,1,73,0,74,0,10,114,4,128,88,0,88,216
03/14/2013,NEW,LA,ASW,CE,Towers with Radar,0,8,39,0,47,0,5,88,3,96,0,13,127,3,143,112,0,112,255
03/15/2013,NEW,LA,ASW,CE,Towers with Radar,0,11,61,1,73,0,7,73,4,84,0,18,134,5,157,110,0,110,267
03/16/2013,NEW,LA,ASW,CE,Towers with Radar,0,4,32,5,41,0,2,111,2,115,0,6,143,7,156,118,4,122,278
03/17/2013,NEW,LA,ASW,CE,Towers with Radar,0,22,64,3,89,0,0,52,1,53,0,22,116,4,142,148,0,148,290
03/18/2013,NEW,LA,ASW,CE,Towers with Radar,0,8,63,2,73,0,2,26,0,28,0,10,89,2,101,20,14,34,135
03/19/2013,NEW,LA,ASW,CE,Towers with Radar,0,11,50,0,61,0,2,36,0,38,0,13,86,0,99,150,0,150,249
03/20/2013,NEW,LA,ASW,CE,Towers with Radar,0,8,44,2,54,0,4,35,2,41,0,12,79,4,95,82,0,82,177
03/21/2013,NEW,LA,ASW,CE,Towers with Radar,0,9,41,2,52,0,2,54,5,61,0,11,95,7,113,102,0,102,215
03/22/2013,NEW,LA,ASW,CE,Towers with Radar,0,11,65,7,83,0,0,29,5,34,0,11,94,12,117,62,0,62,179
03/23/2013,NEW,LA,ASW,CE,Towers with Radar,0,6,27,0,33,0,0,8,0,8,0,6,35,0,41,10,0,10,51
03/24/2013,NEW,LA,ASW,CE,Towers with Radar,0,6,53,2,61,0,3,40,4,47,0,9,93,6,108,30,4,34,142
03/25/2013,NEW,LA,ASW,CE,Towers with Radar,0,11,30,2,43,0,0,47,1,48,0,11,77,3,91,44,0,44,135
03/26/2013,NEW,LA,ASW,CE,Towers with Radar,0,5,31,0,36,0,2,59,7,68,0,7,90,7,104,52,0,52,156
03/27/2013,NEW,LA,ASW,CE,Towers with Radar,0,10,42,0,52,0,2,79,14,95,0,12,121,14,147,144,0,144,291
03/28/2013,NEW,LA,ASW,CE,Towers with Radar,0,15,66,0,81,0,5,87,0,92,0,20,153,0,173,118,0,118,291
03/29/2013,NEW,LA,ASW,CE,Towers with Radar,0,27,54,1,82,0,3,99,4,106,0,30,153,5,188,118,0,118,306
03/30/2013,NEW,LA,ASW,CE,Towers with Radar,0,9,40,1,50,0,2,85,0,87,0,11,125,1,137,84,0,84,221
03/31/2013,NEW,LA,ASW,CE,Towers with Radar,0,11,31,0,42,0,0,16,0,16,0,11,47,0,58,18,0,18,76
04/01/2013,NEW,LA,ASW,CE,Towers with Radar,0,5,44,0,49,0,0,34,1,35,0,5,78,1,84,70,0,70,154
04/02/2013,NEW,LA,ASW,CE,Towers with Radar,0,8,41,0,49,0,0,35,0,35,0,8,76,0,84,46,0,46,130
04/03/2013,NEW,LA,ASW,CE,Towers with Radar,0,3,29,2,34,0,1,0,0,1,0,4,29,2,35,0,0,0,35
04/04/2013,NEW,LA,ASW,CE,Towers with Radar,0,17,47,4,68,0,2,6,2,10,0,19,53,6,78,62,0,62,140
04/05/2013,NEW,LA,ASW,CE,Towers with Radar,0,15,39,8,62,0,0,35,1,36,0,15,74,9,98,48,20,68,166
04/06/2013,NEW,LA,ASW,CE,Towers with Radar,0,11,38,8,57,0,1,98,1,100,0,12,136,9,157,126,0,126,283
04/07/2013,NEW,LA,ASW,CE,Towers with Radar,0,19,77,7,103,0,0,72,0,72,0,19,149,7,175,120,0,120,295
04/08/2013,NEW,LA,ASW,CE,Towers with Radar,0,9,38,3,50,0,2,37,0,39,0,11,75,3,89,104,0,104,193
04/09/2013,NEW,LA,ASW,CE,Towers with Radar,0,11,46,1,58,0,0,16,1,17,0,11,62,2,75,0,0,0,75
04/10/2013,NEW,LA,ASW,CE,Towers with Radar,0,12,45,2,59,0,2,12,2,16,0,14,57,4,75,2,0,2,77
04/11/2013,NEW,LA,ASW,CE,Towers with Radar,0,9,38,2,49,0,1,1,0,2,0,10,39,2,51,8,0,8,59
04/12/2013,NEW,LA,ASW,CE,Towers with Radar,0,15,70,8,93,0,1,84,1,86,0,16,154,9,179,158,0,158,337
04/13/2013,NEW,LA,ASW,CE,Towers with Radar,0,4,47,2,53,0,2,140,2,144,0,6,187,4,197,138,4,142,339
04/14/2013,NEW,LA,ASW,CE,Towers with Radar,0,13,69,0,82,0,1,37,0,38,0,14,106,0,120,40,0,40,160
04/15/2013,NEW,LA,ASW,CE,Towers with Radar,0,14,32,2,48,0,0,4,0,4,0,14,36,2,52,0,0,0,52
04/16/2013,NEW,LA,ASW,CE,Towers with Radar,0,2,31,2,35,0,0,20,2,22,0,2,51,4,57,84,0,84,141
04/17/2013,NEW,LA,ASW,CE,Towers with Radar,0,7,46,0,53,0,1,43,6,50,0,8,89,6,103,64,0,64,167
04/18/2013,NEW,LA,ASW,CE,Towers with Radar,0,7,62,0,69,0,1,20,1,22,0,8,82,1,91,34,0,34,125
04/19/2013,NEW,LA,ASW,CE,Towers with Radar,0,6,75,0,81,0,0,20,2,22,0,6,95,2,103,0,0,0,103
04/20/2013,NEW,LA,ASW,CE,Towers with Radar,0,8,53,3,64,0,3,105,2,110,0,11,158,5,174,146,0,146,320
04/21/2013,NEW,LA,ASW,CE,Towers with Radar,0,9,76,3,88,0,5,59,1,65,0,14,135,4,153,134,0,134,287
04/22/2013,NEW,LA,ASW,CE,Towers with Radar,0,11,53,0,64,0,1,32,2,35,0,12,85,2,99,88,8,96,195
04/23/2013,NEW,LA,ASW,CE,Towers with Radar,0,23,56,2,81,0,1,41,4,46,0,24,97,6,127,182,16,198,325
04/24/2013,NEW,LA,ASW,CE,Towers with Radar,0,16,42,13,71,0,0,0,0,0,0,16,42,13,71,12,4,16,87
04/25/2013,NEW,LA,ASW,CE,Towers with Radar,0,11,59,0,70,0,0,27,0,27,0,11,86,0,97,18,0,18,115
04/26/2013,NEW,LA,ASW,CE,Towers with Radar,0,15,58,2,75,0,0,82,5,87,0,15,140,7,162,166,0,166,328
04/27/2013,NEW,LA,ASW,CE,Towers with Radar,0,11,32,0,43,0,1,56,2,59,0,12,88,2,102,186,0,186,288
04/28/2013,NEW,LA,ASW,CE,Towers with Radar,0,11,57,1,69,0,0,19,0,19,0,11,76,1,88,26,0,26,114
04/29/2013,NEW,LA,ASW,CE,Towers with Radar,0,7,46,0,53,1,1,64,1,67,1,8,110,1,120,102,12,114,234
04/30/2013,NEW,LA,ASW,CE,Towers with Radar,0,11,29,0,40,0,0,4,0,4,0,11,33,0,44,34,0,34,78
05/01/2013,NEW,LA,ASW,CE,Towers with Radar,0,13,44,1,58,0,0,8,0,8,0,13,52,1,66,2,0,2,68
05/02/2013,NEW,LA,ASW,CE,Towers with Radar,0,13,37,0,50,0,0,13,0,13,0,13,50,0,63,40,0,40,103
05/03/2013,NEW,LA,ASW,CE,Towers with Radar,0,8,41,11,60,0,1,5,0,6,0,9,46,11,66,0,0,0,66
05/04/2013,NEW,LA,ASW,CE,Towers with Radar,0,6,33,0,39,0,0,100,2,102,0,6,133,2,141,190,0,190,331
05/05/2013,NEW,LA,ASW,CE,Towers with Radar,0,19,60,2,81,0,1,52,2,55,0,20,112,4,136,116,0,116,252
05/06/2013,NEW,LA,ASW,CE,Towers with Radar,0,8,36,1,45,6,0,108,1,115,6,8,144,2,160,144,0,144,304
05/07/2013,NEW,LA,ASW,CE,Towers with Radar,0,4,25,1,30,0,2,61,2,65,0,6,86,3,95,134,0,134,229
05/08/2013,NEW,LA,ASW,CE,Towers with Radar,0,9,51,2,62,0,1,74,1,76,0,10,125,3,138,140,6,146,284
05/09/2013,NEW,LA,ASW,CE,Towers with Radar,0,6,42,2,50,0,0,47,2,49,0,6,89,4,99,130,0,130,229
05/10/2013,NEW,LA,ASW,CE,Towers with Radar,0,1,41,0,42,0,0,6,0,6,0,1,47,0,48,8,0,8,56
05/11/2013,NEW,LA,ASW,CE,Towers with Radar,0,8,23,0,31,0,0,10,0,10,0,8,33,0,41,44,0,44,85
05/12/2013,NEW,LA,ASW,CE,Towers with Radar,0,3,42,3,48,0,0,58,1,59,0,3,100,4,107,122,0,122,229
05/13/2013,NEW,LA,ASW,CE,Towers with Radar,0,4,42,1,47,0,0,52,3,55,0,4,94,4,102,82,0,82,184
05/14/2013,NEW,LA,ASW,CE,Towers with Radar,0,7,44,0,51,0,4,42,4,50,0,11,86,4,101,76,0,76,177
05/15/2013,NEW,LA,ASW,CE,Towers with Radar,0,16,56,3,75,0,2,58,5,65,0,18,114,8,140,86,0,86,226
05/16/2013,NEW,LA,ASW,CE,Towers with Radar,0,9,62,0,71,0,0,31,1,32,0,9,93,1,103,88,6,94,197
05/17/2013,NEW,LA,ASW,CE,Towers with Radar,0,15,65,3,83,0,0,34,3,37,0,15,99,6,120,92,0,92,212
05/18/2013,NEW,LA,ASW,CE,Towers with Radar,0,0,31,0,31,0,0,43,0,43,0,0,74,0,74,54,0,54,128
05/19/2013,NEW,LA,ASW,CE,Towers with Radar,0,7,71,0,78,0,0,34,2,36,0,7,105,2,114,78,0,78,192
05/20/2013,NEW,LA,ASW,CE,Towers with Radar,0,10,42,1,53,0,0,45,0,45,0,10,87,1,98,80,0,80,178
05/21/2013,NEW,LA,ASW,CE,Towers with Radar,0,5,53,2,60,0,1,55,4,60,0,6,108,6,120,134,0,134,254
05/22/2013,NEW,LA,ASW,CE,Towers with Radar,0,10,38,0,48,0,1,16,0,17,0,11,54,0,65,10,0,10,75
05/23/2013,NEW,LA,ASW,CE,Towers with Radar,0,14,58,6,78,0,0,70,3,73,0,14,128,9,151,126,4,130,281
05/24/2013,NEW,LA,ASW,CE,Towers with Radar,0,9,52,1,62,0,6,84,3,93,0,15,136,4,155,144,1,145,300
05/25/2013,NEW,LA,ASW,CE,Towers with Radar,0,6,40,0,46,0,1,105,4,110,0,7,145,4,156,130,0,130,286
05/26/2013,NEW,LA,ASW,CE,Towers with Radar,0,3,26,0,29,0,0,77,0,77,0,3,103,0,106,58,0,58,164
05/27/2013,NEW,LA,ASW,CE,Towers with Radar,0,3,45,0,48,0,0,65,0,65,0,3,110,0,113,114,0,114,227
05/28/2013,NEW,LA,ASW,CE,Towers with Radar,0,6,27,0,33,0,0,39,6,45,0,6,66,6,78,74,0,74,152
05/29/2013,NEW,LA,ASW,CE,Towers with Radar,0,4,47,3,54,0,0,27,6,33,0,4,74,9,87,32,0,32,119
05/30/2013,NEW,LA,ASW,CE,Towers with Radar,0,15,43,3,61,0,2,22,0,24,0,17,65,3,85,63,0,63,148
05/31/2013,NEW,LA,ASW,CE,Towers with Radar,0,6,60,8,74,0,2,39,0,41,0,8,99,8,115,158,0,158,273
06/01/2013,NEW,LA,ASW,CE,Towers with Radar,0,4,42,2,48,0,1,84,0,85,0,5,126,2,133,96,0,96,229
06/02/2013,NEW,LA,ASW,CE,Towers with Radar,0,9,47,0,56,0,0,34,0,34,0,9,81,0,90,26,0,26,116
06/03/2013,NEW,LA,ASW,CE,Towers with Radar,0,7,26,0,33,0,3,55,0,58,0,10,81,0,91,102,0,102,193
06/04/2013,NEW,LA,ASW,CE,Towers with Radar,0,3,28,3,34,0,0,46,7,53,0,3,74,10,87,82,0,82,169
06/05/2013,NEW,LA,ASW,CE,Towers with Radar,0,6,30,0,36,0,0,36,3,39,0,6,66,3,75,74,6,80,155
06/06/2013,NEW,LA,ASW,CE,Towers with Radar,0,7,24,0,31,0,0,33,1,34,0,7,57,1,65,38,0,38,103
06/07/2013,NEW,LA,ASW,CE,Towers with Radar,0,3,46,4,53,0,0,56,2,58,0,3,102,6,111,58,0,58,169
06/08/2013,NEW,LA,ASW,CE,Towers with Radar,0,1,32,0,33,0,0,66,0,66,0,1,98,0,99,108,0,108,207
06/09/2013,NEW,LA,ASW,CE,Towers with Radar,0,1,37,3,41,0,0,40,0,40,0,1,77,3,81,62,0,62,143
06/10/2013,NEW,LA,ASW,CE,Towers with Radar,0,5,21,2,28,0,0,55,0,55,0,5,76,2,83,104,0,104,187
06/11/2013,NEW,LA,ASW,CE,Towers with Radar,0,16,19,3,38,0,10,61,1,72,0,26,80,4,110,88,0,88,198
06/12/2013,NEW,LA,ASW,CE,Towers with Radar,0,4,29,0,33,0,0,55,1,56,0,4,84,1,89,88,0,88,177
06/13/2013,NEW,LA,ASW,CE,Towers with Radar,0,5,38,2,45,0,2,56,2,60,0,7,94,4,105,42,0,42,147
06/14/2013,NEW,LA,ASW,CE,Towers with Radar,0,2,54,2,58,0,0,68,2,70,0,2,122,4,128,40,0,40,168
06/15/2013,NEW,LA,ASW,CE,Towers with Radar,0,2,23,0,25,0,2,76,0,78,0,4,99,0,103,86,0,86,189
06/16/2013,NEW,LA,ASW,CE,Towers with Radar,0,1,39,2,42,0,1,67,2,70,0,2,106,4,112,104,6,110,222
06/17/2013,NEW,LA,ASW,CE,Towers with Radar,0,10,32,7,49,0,0,35,0,35,0,10,67,7,84,40,0,40,124
06/18/2013,NEW,LA,ASW,CE,Towers with Radar,0,6,30,3,39,0,1,64,2,67,0,7,94,5,106,32,0,32,138
06/19/2013,NEW,LA,ASW,CE,Towers with Radar,0,6,34,2,42,0,1,50,4,55,0,7,84,6,97,98,8,106,203
06/20/2013,NEW,LA,ASW,CE,Towers with Radar,0,6,60,2,68,0,0,37,3,40,0,6,97,5,108,62,6,68,176
06/21/2013,NEW,LA,ASW,CE,Towers with Radar,0,5,64,5,74,0,7,56,0,63,0,12,120,5,137,112,14,126,263
06/22/2013,NEW,LA,ASW,CE,Towers with Radar,0,3,37,1,41,0,6,65,1,72,0,9,102,2,113,54,0,54,167
06/23/2013,NEW,LA,ASW,CE,Towers with Radar,0,7,49,1,57,0,2,57,0,59,0,9,106,1,116,68,0,68,184
06/24/2013,NEW,LA,ASW,CE,Towers with Radar,0,2,27,4,33,0,2,47,6,55,0,4,74,10,88,64,0,64,152
06/25/2013,NEW,LA,ASW,CE,Towers with Radar,0,5,28,0,33,0,0,29,5,34,0,5,57,5,67,88,0,88,155
06/26/2013,NEW,LA,ASW,CE,Towers with Radar,0,5,39,4,48,0,2,56,0,58,0,7,95,4,106,92,4,96,202
06/27/2013,NEW,LA,ASW,CE,Towers with Radar,0,7,38,2,47,0,3,38,1,42,0,10,76,3,89,114,0,114,203
06/28/2013,NEW,LA,ASW,CE,Towers with Radar,0,4,59,4,67,0,2,65,4,71,0,6,124,8,138,94,0,94,232
06/29/2013,NEW,LA,ASW,CE,Towers with Radar,0,0,25,2,27,0,0,42,1,43,0,0,67,3,70,78,0,78,148
06/30/2013,NEW,LA,ASW,CE,Towers with Radar,0,7,45,1,53,0,2,96,0,98,0,9,141,1,151,110,0,110,261
07/01/2013,NEW,LA,ASW,CE,Towers with Radar,0,3,31,1,35,0,0,58,5,63,0,3,89,6,98,108,0,108,206
07/02/2013,NEW,LA,ASW,CE,Towers with Radar,0,5,25,0,30,0,6,58,2,66,0,11,83,2,96,52,0,52,148
07/03/2013,NEW,LA,ASW,CE,Towers with Radar,0,5,24,0,29,0,1,30,0,31,0,6,54,0,60,74,0,74,134
07/04/2013,NEW,LA,ASW,CE,Towers with Radar,0,1,25,0,26,0,0,14,0,14,0,1,39,0,40,2,0,2,42
07/05/2013,NEW,LA,ASW,CE,Towers with Radar,0,0,14,0,14,0,0,2,0,2,0,0,16,0,16,0,0,0,16
07/06/2013,NEW,LA,ASW,CE,Towers with Radar,0,3,29,0,32,0,0,29,2,31,0,3,58,2,63,88,0,88,151
07/07/2013,NEW,LA,ASW,CE,Towers with Radar,0,5,36,0,41,0,0,10,0,10,0,5,46,0,51,90,0,90,141
07/08/2013,NEW,LA,ASW,CE,Towers with Radar,0,4,20,0,24,0,0,26,0,26,0,4,46,0,50,24,0,24,74
07/09/2013,NEW,LA,ASW,CE,Towers with Radar,0,4,25,0,29,0,1,30,3,34,0,5,55,3,63,78,0,78,141
07/10/2013,NEW,LA,ASW,CE,Towers with Radar,0,3,45,0,48,0,0,34,2,36,0,3,79,2,84,88,0,88,172
07/11/2013,NEW,LA,ASW,CE,Towers with Radar,0,2,35,0,37,0,1,22,3,26,0,3,57,3,63,64,4,68,131
07/12/2013,NEW,LA,ASW,CE,Towers with Radar,0,2,41,5,48,0,5,58,0,63,0,7,99,5,111,80,0,80,191
07/13/2013,NEW,LA,ASW,CE,Towers with Radar,0,7,33,1,41,0,1,76,5,82,0,8,109,6,123,180,0,180,303
07/14/2013,NEW,LA,ASW,CE,Towers with Radar,0,7,55,1,63,0,1,54,2,57,0,8,109,3,120,124,0,124,244
07/15/2013,NEW,LA,ASW,CE,Towers with Radar,0,3,31,0,34,0,0,39,1,40,0,3,70,1,74,76,8,84,158
07/16/2013,NEW,LA,ASW,CE,Towers with Radar,0,4,38,2,44,0,1,22,1,24,0,5,60,3,68,20,0,20,88
07/17/2013,NEW,LA,ASW,CE,Towers with Radar,0,1,28,4,33,0,4,50,1,55,0,5,78,5,88,98,0,98,186
07/18/2013,NEW,LA,ASW,CE,Towers with Radar,0,0,39,0,39,0,1,62,3,66,0,1,101,3,105,10,1,11,116
07/19/2013,NEW,LA,ASW,CE,Towers with Radar,0,6,39,2,47,0,1,49,18,68,0,7,88,20,115,64,0,64,179
07/20/2013,NEW,LA,ASW,CE,Towers with Radar,0,4,27,10,41,0,1,59,7,67,0,5,86,17,108,136,0,136,244
07/21/2013,NEW,LA,ASW,CE,Towers with Radar,0,12,31,0,43,0,0,17,0,17,0,12,48,0,60,36,0,36,96
07/22/2013,NEW,LA,ASW,CE,Towers with Radar,0,2,19,0,21,0,2,25,2,29,0,4,44,2,50,60,0,60,110
07/23/2013,NEW,LA,ASW,CE,Towers with Radar,0,5,22,0,27,0,0,48,2,50,0,5,70,2,77,84,0,84,161
07/24/2013,NEW,LA,ASW,CE,Towers with Radar,0,2,23,2,27,0,1,36,5,42,0,3,59,7,69,66,0,66,135
07/25/2013,NEW,LA,ASW,CE,Towers with Radar,0,4,34,2,40,0,0,38,6,44,0,4,72,8,84,42,0,42,126
07/26/2013,NEW,LA,ASW,CE,Towers with Radar,0,7,44,1,52,0,1,61,0,62,0,8,105,1,114,106,0,106,220
07/27/2013,NEW,LA,ASW,CE,Towers with Radar,0,2,8,1,11,0,1,19,0,20,0,3,27,1,31,40,0,40,71
07/28/2013,NEW,LA,ASW,CE,Towers with Radar,0,2,35,0,37,0,0,82,5,87,0,2,117,5,124,106,0,106,230
07/29/2013,NEW,LA,ASW,CE,Towers with Radar,0,1,15,6,22,0,4,44,0,48,0,5,59,6,70,90,0,90,160
07/30/2013,NEW,LA,ASW,CE,Towers with Radar,0,4,26,2,32,0,1,31,3,35,0,5,57,5,67,76,0,76,143
07/31/2013,NEW,LA,ASW,CE,Towers with Radar,0,7,55,1,63,0,3,51,1,55,0,10,106,2,118,50,0,50,168
08/01/2013,NEW,LA,ASW,CE,Towers with Radar,0,4,27,1,32,0,5,30,2,37,0,9,57,3,69,42,0,42,111
08/02/2013,NEW,LA,ASW,CE,Towers with Radar,0,2,48,1,51,0,0,55,0,55,0,2,103,1,106,98,0,98,204
08/03/2013,NEW,LA,ASW,CE,Towers with Radar,0,3,36,0,39,0,0,68,2,70,0,3,104,2,109,126,0,126,235
08/04/2013,NEW,LA,ASW,CE,Towers with Radar,0,4,51,3,58,0,0,59,1,60,0,4,110,4,118,114,0,114,232
08/05/2013,NEW,LA,ASW,CE,Towers with Radar,0,3,20,0,23,0,0,40,1,41,0,3,60,1,64,28,0,28,92
08/06/2013,NEW,LA,ASW,CE,Towers with Radar,0,1,30,1,32,0,0,43,0,43,0,1,73,1,75,70,0,70,145
08/07/2013,NEW,LA,ASW,CE,Towers with Radar,0,4,33,1,38,0,0,47,1,48,0,4,80,2,86,52,0,52,138
08/08/2013,NEW,LA,ASW,CE,Towers with Radar,0,1,35,0,36,0,3,31,0,34,0,4,66,0,70,28,0,28,98
08/09/2013,NEW,LA,ASW,CE,Towers with Radar,0,3,36,0,39,0,1,30,2,33,0,4,66,2,72,44,0,44,116
08/10/2013,NEW,LA,ASW,CE,Towers with Radar,0,1,19,2,22,0,0,64,1,65,0,1,83,3,87,86,0,86,173
08/11/2013,NEW,LA,ASW,CE,Towers with Radar,0,2,38,2,42,0,0,52,0,52,0,2,90,2,94,122,0,122,216
08/12/2013,NEW,LA,ASW,CE,Towers with Radar,0,4,24,1,29,0,0,19,1,20,0,4,43,2,49,6,0,6,55
08/13/2013,NEW,LA,ASW,CE,Towers with Radar,0,5,22,2,29,0,2,20,3,25,0,7,42,5,54,8,0,8,62
08/14/2013,NEW,LA,ASW,CE,Towers with Radar,0,5,25,0,30,0,0,8,0,8,0,5,33,0,38,10,0,10,48
08/15/2013,NEW,LA,ASW,CE,Towers with Radar,0,3,51,3,57,0,0,48,1,49,0,3,99,4,106,36,0,36,142
08/16/2013,NEW,LA,ASW,CE,Towers with Radar,0,4,42,10,56,0,0,55,8,63,0,4,97,18,119,24,12,36,155
08/17/2013,NEW,LA,ASW,CE,Towers with Radar,0,1,19,2,22,0,1,12,4,17,0,2,31,6,39,8,0,8,47
08/18/2013,NEW,LA,ASW,CE,Towers with Radar,0,4,43,0,47,0,0,17,0,17,0,4,60,0,64,2,0,2,66
08/19/2013,NEW,LA,ASW,CE,Towers with Radar,0,4,27,0,31,0,0,20,0,20,0,4,47,0,51,32,0,32,83
08/20/2013,NEW,LA,ASW,CE,Towers with Radar,0,3,32,1,36,0,2,56,3,61,0,5,88,4,97,32,0,32,129
08/21/2013,NEW,LA,ASW,CE,Towers with Radar,0,3,38,2,43,0,1,38,3,42,0,4,76,5,85,56,6,62,147
08/22/2013,NEW,LA,ASW,CE,Towers with Radar,0,8,43,0,51,0,8,46,1,55,0,16,89,1,106,58,0,58,164
08/23/2013,NEW,LA,ASW,CE,Towers with Radar,0,6,31,0,37,0,0,24,4,28,0,6,55,4,65,38,4,42,107
08/24/2013,NEW,LA,ASW,CE,Towers with Radar,0,1,29,2,32,0,0,16,0,16,0,1,45,2,48,4,0,4,52
08/25/2013,NEW,LA,ASW,CE,Towers with Radar,0,5,37,1,43,0,0,25,0,25,0,5,62,1,68,14,0,14,82
08/26/2013,NEW,LA,ASW,CE,Towers with Radar,0,6,33,3,42,0,0,28,0,28,0,6,61,3,70,62,0,62,132
08/27/2013,NEW,LA,ASW,CE,Towers with Radar,0,7,34,1,42,0,0,49,1,50,0,7,83,2,92,78,0,78,170
08/28/2013,NEW,LA,ASW,CE,Towers with Radar,0,3,38,6,47,0,0,48,0,48,0,3,86,6,95,106,0,106,201
08/29/2013,NEW,LA,ASW,CE,Towers with Radar,0,3,44,4,51,0,0,67,3,70,0,3,111,7,121,46,12,58,179
08/30/2013,NEW,LA,ASW,CE,Towers with Radar,0,4,64,1,69,0,3,48,3,54,0,7,112,4,123,70,0,70,193
08/31/2013,NEW,LA,ASW,CE,Towers with Radar,0,1,27,0,28,0,0,66,0,66,0,1,93,0,94,72,0,72,166
09/01/2013,NEW,LA,ASW,CE,Towers with Radar,0,1,33,1,35,0,2,42,2,46,0,3,75,3,81,34,0,34,115
09/02/2013,NEW,LA,ASW,CE,Towers with Radar,0,0,49,0,49,0,0,84,0,84,0,0,133,0,133,16,0,16,149
09/03/2013,NEW,LA,ASW,CE,Towers with Radar,0,0,24,4,28,0,0,28,2,30,0,0,52,6,58,30,0,30,88
09/04/2013,NEW,LA,ASW,CE,Towers with Radar,0,0,20,2,22,0,1,35,5,41,0,1,55,7,63,36,8,44,107
09/05/2013,NEW,LA,ASW,CE,Towers with Radar,0,6,38,6,50,0,0,50,1,51,0,6,88,7,101,68,0,68,169
09/06/2013,NEW,LA,ASW,CE,Towers with Radar,0,7,55,1,63,0,1,66,2,69,0,8,121,3,132,70,0,70,202
09/07/2013,NEW,LA,ASW,CE,Towers with Radar,0,4,41,3,48,0,2,75,3,80,0,6,116,6,128,70,12,82,210
09/08/2013,NEW,LA,ASW,CE,Towers with Radar,0,6,65,2,73,0,2,43,0,45,0,8,108,2,118,38,0,38,156
09/09/2013,NEW,LA,ASW,CE,Towers with Radar,0,6,41,2,49,0,0,42,0,42,0,6,83,2,91,46,0,46,137
09/10/2013,NEW,LA,ASW,CE,Towers with Radar,0,4,36,0,40,0,0,45,4,49,0,4,81,4,89,36,8,44,133
09/11/2013,NEW,LA,ASW,CE,Towers with Radar,0,0,36,2,38,0,0,35,2,37,0,0,71,4,75,44,6,50,125
09/12/2013,NEW,LA,ASW,CE,Towers with Radar,0,7,34,3,44,0,0,42,4,46,0,7,76,7,90,15,0,15,105
09/13/2013,NEW,LA,ASW,CE,Towers with Radar,0,4,42,0,46,0,0,77,3,80,0,4,119,3,126,40,4,44,170
09/14/2013,NEW,LA,ASW,CE,Towers with Radar,0,4,23,1,28,0,1,53,2,56,0,5,76,3,84,42,0,42,126
09/15/2013,NEW,LA,ASW,CE,Towers with Radar,0,8,41,2,51,0,0,82,3,85,0,8,123,5,136,38,6,44,180
09/16/2013,NEW,LA,ASW,CE,Towers with Radar,0,4,37,0,41,0,0,38,2,40,0,4,75,2,81,48,0,48,129
09/17/2013,NEW,LA,ASW,CE,Towers with Radar,0,8,26,1,35,0,0,34,1,35,0,8,60,2,70,30,0,30,100
09/18/2013,NEW,LA,ASW,CE,Towers with Radar,0,4,40,6,50,0,3,32,11,46,0,7,72,17,96,56,0,56,152
09/19/2013,NEW,LA,ASW,CE,Towers with Radar,0,11,53,1,65,0,0,22,0,22,0,11,75,1,87,26,0,26,113
09/20/2013,NEW,LA,ASW,CE,Towers with Radar,0,11,40,0,51,0,0,38,0,38,0,11,78,0,89,70,0,70,159
09/21/2013,NEW,LA,ASW,CE,Towers with Radar,0,8,18,1,27,0,0,2,0,2,0,8,20,1,29,8,0,8,37
09/22/2013,NEW,LA,ASW,CE,Towers with Radar,0,13,64,6,83,0,0,33,0,33,0,13,97,6,116,26,0,26,142
09/23/2013,NEW,LA,ASW,CE,Towers with Radar,0,7,29,0,36,0,0,42,1,43,0,7,71,1,79,50,6,56,135
09/24/2013,NEW,LA,ASW,CE,Towers with Radar,0,8,19,0,27,0,2,28,0,30,0,10,47,0,57,62,0,62,119
09/25/2013,NEW,LA,ASW,CE,Towers with Radar,0,14,29,12,55,0,5,57,2,64,0,19,86,14,119,102,0,102,221
09/26/2013,NEW,LA,ASW,CE,Towers with Radar,0,20,40,4,64,0,4,61,3,68,0,24,101,7,132,20,14,34,166
09/27/2013,NEW,LA,ASW,CE,Towers with Radar,0,10,43,0,53,0,0,68,1,69,0,10,111,1,122,30,6,36,158
09/28/2013,NEW,LA,ASW,CE,Towers with Radar,0,8,30,0,38,0,4,74,0,78,0,12,104,0,116,82,0,82,198
09/29/2013,NEW,LA,ASW,CE,Towers with Radar,0,13,60,1,74,0,0,60,2,62,0,13,120,3,136,26,0,26,162
09/30/2013,NEW,LA,ASW,CE,Towers with Radar,0,14,69,1,84,0,0,31,1,32,0,14,100,2,116,48,0,48,164
10/01/2013,NEW,LA,ASW,CE,Towers with Radar,0,11,58,0,69,0,1,39,0,40,0,12,97,0,109,14,0,14,123
10/02/2013,NEW,LA,ASW,CE,Towers with Radar,0,6,50,0,56,0,0,25,0,25,0,6,75,0,81,12,0,12,93
10/03/2013,NEW,LA,ASW,CE,Towers with Radar,0,9,41,0,50,0,0,30,0,30,0,9,71,0,80,96,0,96,176
10/04/2013,NEW,LA,ASW,CE,Towers with Radar,0,8,43,0,51,0,4,53,1,58,0,12,96,1,109,63,0,63,172
10/05/2013,NEW,LA,ASW,CE,Towers with Radar,0,3,11,0,14,0,0,16,2,18,0,3,27,2,32,26,0,26,58
10/06/2013,NEW,LA,ASW,CE,Towers with Radar,0,2,20,0,22,0,1,17,1,19,0,3,37,1,41,20,0,20,61
10/07/2013,NEW,LA,ASW,CE,Towers with Radar,0,8,24,0,32,0,3,57,0,60,0,11,81,0,92,76,0,76,168
10/08/2013,NEW,LA,ASW,CE,Towers with Radar,0,11,42,0,53,0,4,56,0,60,0,15,98,0,113,34,0,34,147
10/09/2013,NEW,LA,ASW,CE,Towers with Radar,0,7,51,0,58,0,0,67,1,68,0,7,118,1,126,49,0,49,175
10/10/2013,NEW,LA,ASW,CE,Towers with Radar,0,11,60,0,71,0,0,47,0,47,0,11,107,0,118,110,0,110,228
10/11/2013,NEW,LA,ASW,CE,Towers with Radar,1,7,97,0,105,0,1,47,4,52,1,8,144,4,157,74,0,74,231
10/12/2013,NEW,LA,ASW,CE,Towers with Radar,0,3,41,0,44,0,0,54,0,54,0,3,95,0,98,80,0,80,178
10/13/2013,NEW,LA,ASW,CE,Towers with Radar,0,2,59,0,61,0,0,60,0,60,0,2,119,0,121,76,0,76,197
10/14/2013,NEW,LA,ASW,CE,Towers with Radar,0,6,33,1,40,0,0,40,0,40,0,6,73,1,80,70,0,70,150
10/15/2013,NEW,LA,ASW,CE,Towers with Radar,0,7,33,0,40,0,0,33,1,34,0,7,66,1,74,62,0,62,136
10/16/2013,NEW,LA,ASW,CE,Towers with Radar,0,8,62,0,70,0,4,48,1,53,0,12,110,1,123,29,0,29,152
10/17/2013,NEW,LA,ASW,CE,Towers with Radar,0,19,75,2,96,0,0,19,1,20,0,19,94,3,116,24,0,24,140
10/18/2013,NEW,LA,ASW,CE,Towers with Radar,0,11,82,3,96,0,0,51,0,51,0,11,133,3,147,86,0,86,233
10/19/2013,NEW,LA,ASW,CE,Towers with Radar,0,11,47,2,60,0,0,19,0,19,0,11,66,2,79,36,0,36,115
10/20/2013,NEW,LA,ASW,CE,Towers with Radar,1,17,84,0,102,0,1,70,0,71,1,18,154,0,173,66,0,66,239
10/21/2013,NEW,LA,ASW,CE,Towers with Radar,0,11,45,0,56,0,0,60,0,60,0,11,105,0,116,28,0,28,144
10/22/2013,NEW,LA,ASW,CE,Towers with Radar,0,19,48,1,68,0,3,41,6,50,0,22,89,7,118,50,0,50,168
10/23/2013,NEW,LA,ASW,CE,Towers with Radar,0,8,63,7,78,0,0,44,1,45,0,8,107,8,123,18,0,18,141
10/24/2013,NEW,LA,ASW,CE,Towers with Radar,0,14,66,5,85,0,7,66,1,74,0,21,132,6,159,104,0,104,263
10/25/2013,NEW,LA,ASW,CE,Towers with Radar,0,11,61,16,88,0,0,91,0,91,0,11,152,16,179,74,10,84,263
10/26/2013,NEW,LA,ASW,CE,Towers with Radar,0,6,49,0,55,0,0,96,1,97,0,6,145,1,152,84,4,88,240
10/27/2013,NEW,LA,ASW,CE,Towers with Radar,0,6,99,2,107,0,0,60,0,60,0,6,159,2,167,74,0,74,241
10/28/2013,NEW,LA,ASW,CE,Towers with Radar,0,8,40,4,52,0,0,52,1,53,0,8,92,5,105,76,2,78,183
10/29/2013,NEW,LA,ASW,CE,Towers with Radar,0,3,35,4,42,0,5,42,2,49,0,8,77,6,91,15,8,23,114
10/30/2013,NEW,LA,ASW,CE,Towers with Radar,0,4,47,3,54,0,2,38,4,44,0,6,85,7,98,68,0,68,166
10/31/2013,NEW,LA,ASW,CE,Towers with Radar,0,12,41,3,56,0,3,37,1,41,0,15,78,4,97,26,0,26,123
11/01/2013,NEW,LA,ASW,CE,Towers with Radar,0,12,70,7,89,0,0,54,0,54,0,12,124,7,143,42,0,42,185
11/02/2013,NEW,LA,ASW,CE,Towers with Radar,0,13,44,6,63,0,1,87,13,101,0,14,131,19,164,154,22,176,340
11/03/2013,NEW,LA,ASW,CE,Towers with Radar,0,16,66,5,87,0,3,100,3,106,0,19,166,8,193,72,0,72,265
11/04/2013,NEW,LA,ASW,CE,Towers with Radar,0,9,45,6,60,0,2,42,1,45,0,11,87,7,105,64,0,64,169
11/05/2013,NEW,LA,ASW,CE,Towers with Radar,0,7,39,6,52,0,1,42,0,43,0,8,81,6,95,20,0,20,115
11/06/2013,NEW,LA,ASW,CE,Towers with Radar,0,5,53,8,66,0,0,25,1,26,0,5,78,9,92,80,0,80,172
11/07/2013,NEW,LA,ASW,CE,Towers with Radar,0,12,64,0,76,0,1,36,3,40,0,13,100,3,116,20,4,24,140
11/08/2013,NEW,LA,ASW,CE,Towers with Radar,0,15,74,1,90,0,0,43,0,43,0,15,117,1,133,58,0,58,191
11/09/2013,NEW,LA,ASW,CE,Towers with Radar,0,13,52,1,66,0,0,109,0,109,0,13,161,1,175,104,0,104,279
11/10/2013,NEW,LA,ASW,CE,Towers with Radar,0,14,92,0,106,0,0,90,0,90,0,14,182,0,196,156,0,156,352
11/11/2013,NEW,LA,ASW,CE,Towers with Radar,0,20,78,0,98,0,1,70,0,71,0,21,148,0,169,56,4,60,229
11/12/2013,NEW,LA,ASW,CE,Towers with Radar,0,7,39,2,48,0,4,39,3,46,0,11,78,5,94,40,8,48,142
11/13/2013,NEW,LA,ASW,CE,Towers with Radar,0,2,57,4,63,0,3,47,4,54,0,5,104,8,117,23,4,27,144
11/14/2013,NEW,LA,ASW,CE,Towers with Radar,0,17,72,2,91,0,0,55,5,60,0,17,127,7,151,84,10,94,245
11/15/2013,NEW,LA,ASW,CE,Towers with Radar,0,13,75,8,96,0,0,17,2,19,0,13,92,10,115,60,0,60,175
11/16/2013,NEW,LA,ASW,CE,Towers with Radar,0,4,42,1,47,0,1,43,0,44,0,5,85,1,91,132,0,132,223
11/17/2013,NEW,LA,ASW,CE,Towers with Radar,0,11,71,4,86,0,0,38,0,38,0,11,109,4,124,108,0,108,232
11/18/2013,NEW,LA,ASW,CE,Towers with Radar,0,18,68,5,91,0,2,22,2,26,0,20,90,7,117,20,0,20,137
11/19/2013,NEW,LA,ASW,CE,Towers with Radar,0,15,51,1,67,0,1,60,2,63,0,16,111,3,130,64,11,75,205
11/20/2013,NEW,LA,ASW,CE,Towers with Radar,0,1,40,8,49,0,4,54,0,58,0,5,94,8,107,66,0,66,173
11/21/2013,NEW,LA,ASW,CE,Towers with Radar,0,15,66,9,90,0,0,4,0,4,0,15,70,9,94,0,0,0,94
11/22/2013,NEW,LA,ASW,CE,Towers with Radar,0,8,54,15,77,0,0,26,0,26,0,8,80,15,103,64,6,70,173
11/23/2013,NEW,LA,ASW,CE,Towers with Radar,0,16,32,3,51,0,2,0,0,2,0,18,32,3,53,0,0,0,53
11/24/2013,NEW,LA,ASW,CE,Towers with Radar,0,13,50,5,68,0,1,57,0,58,0,14,107,5,126,92,0,92,218
11/25/2013,NEW,LA,ASW,CE,Towers with Radar,0,6,27,2,35,0,1,7,0,8,0,7,34,2,43,6,0,6,49
11/26/2013,NEW,LA,ASW,CE,Towers with Radar,0,14,25,2,41,0,1,2,0,3,0,15,27,2,44,18,0,18,62
11/27/2013,NEW,LA,ASW,CE,Towers with Radar,0,8,32,0,40,0,1,50,0,51,0,9,82,0,91,10,0,10,101
11/28/2013,NEW,LA,ASW,CE,Towers with Radar,0,5,4,0,9,0,2,18,0,20,0,7,22,0,29,0,0,0,29
11/29/2013,NEW,LA,ASW,CE,Towers with Radar,0,9,25,0,34,0,9,39,0,48,0,18,64,0,82,90,0,90,172
11/30/2013,NEW,LA,ASW,CE,Towers with Radar,0,5,45,0,50,0,0,77,0,77,0,5,122,0,127,110,0,110,237
12/01/2013,NEW,LA,ASW,CE,Towers with Radar,0,2,51,0,53,0,0,67,0,67,0,2,118,0,120,106,0,106,226
12/02/2013,NEW,LA,ASW,CE,Towers with Radar,0,9,28,4,41,0,1,30,5,36,0,10,58,9,77,34,0,34,111
12/03/2013,NEW,LA,ASW,CE,Towers with Radar,0,4,38,0,42,0,0,43,0,43,0,4,81,0,85,32,0,32,117
12/04/2013,NEW,LA,ASW,CE,Towers with Radar,0,7,43,6,56,0,1,22,2,25,0,8,65,8,81,62,6,68,149
12/05/2013,NEW,LA,ASW,CE,Towers with Radar,0,6,40,4,50,0,1,17,0,18,0,7,57,4,68,74,0,74,142
12/06/2013,NEW,LA,ASW,CE,Towers with Radar,0,14,25,2,41,0,0,5,0,5,0,14,30,2,46,16,0,16,62
12/07/2013,NEW,LA,ASW,CE,Towers with Radar,0,3,32,0,35,0,0,0,0,0,0,3,32,0,35,0,0,0,35
12/08/2013,NEW,LA,ASW,CE,Towers with Radar,0,2,16,0,18,0,0,0,0,0,0,2,16,0,18,0,0,0,18
12/09/2013,NEW,LA,ASW,CE,Towers with Radar,0,3,51,0,54,0,0,8,0,8,0,3,59,0,62,22,0,22,84
12/10/2013,NEW,LA,ASW,CE,Towers with Radar,0,6,45,8,59,0,0,25,2,27,0,6,70,10,86,32,0,32,118
12/11/2013,NEW,LA,ASW,CE,Towers with Radar,0,7,69,5,81,0,2,48,8,58,0,9,117,13,139,126,2,128,267
12/12/2013,NEW,LA,ASW,CE,Towers with Radar,0,8,55,3,66,0,5,53,2,60,0,13,108,5,126,68,0,68,194
12/13/2013,NEW,LA,ASW,CE,Towers with Radar,0,14,61,2,77,0,4,54,1,59,0,18,115,3,136,72,0,72,208
12/14/2013,NEW,LA,ASW,CE,Towers with Radar,0,3,32,0,35,0,0,15,0,15,0,3,47,0,50,30,0,30,80
12/15/2013,NEW,LA,ASW,CE,Towers with Radar,0,5,44,1,50,0,1,42,4,47,0,6,86,5,97,24,2,26,123
12/16/2013,NEW,LA,ASW,CE,Towers with Radar,0,4,25,3,32,0,2,68,0,70,0,6,93,3,102,102,0,102,204
12/17/2013,NEW,LA,ASW,CE,Towers with Radar,0,5,27,4,36,0,1,71,1,73,0,6,98,5,109,88,2,90,199
12/18/2013,NEW,LA,ASW,CE,Towers with Radar,0,2,35,2,39,0,2,83,5,90,0,4,118,7,129,96,0,96,225
12/19/2013,NEW,LA,ASW,CE,Towers with Radar,0,3,38,2,43,0,0,36,5,41,0,3,74,7,84,62,0,62,146
12/20/2013,NEW,LA,ASW,CE,Towers with Radar,0,6,63,0,69,0,0,42,0,42,0,6,105,0,111,64,0,64,175
12/21/2013,NEW,LA,ASW,CE,Towers with Radar,0,2,26,0,28,0,1,8,0,9,0,3,34,0,37,0,0,0,37
12/22/2013,NEW,LA,ASW,CE,Towers with Radar,0,8,22,0,30,0,0,6,0,6,0,8,28,0,36,8,0,8,44
12/23/2013,NEW,LA,ASW,CE,Towers with Radar,0,7,33,0,40,0,1,27,0,28,0,8,60,0,68,30,4,34,102
12/24/2013,NEW,LA,ASW,CE,Towers with Radar,0,5,11,0,16,0,1,47,0,48,0,6,58,0,64,24,8,32,96
12/25/2013,NEW,LA,ASW,CE,Towers with Radar,0,3,10,0,13,0,0,16,0,16,0,3,26,0,29,2,0,2,31
12/26/2013,NEW,LA,ASW,CE,Towers with Radar,0,5,45,6,56,0,1,70,0,71,0,6,115,6,127,74,0,74,201
12/27/2013,NEW,LA,ASW,CE,Towers with Radar,0,4,57,2,63,0,3,52,0,55,0,7,109,2,118,68,0,68,186
12/28/2013,NEW,LA,ASW,CE,Towers with Radar,0,5,21,0,26,0,0,0,0,0,0,5,21,0,26,0,0,0,26
12/29/2013,NEW,LA,ASW,CE,Towers with Radar,0,15,47,0,62,0,0,63,1,64,0,15,110,1,126,96,0,96,222
12/30/2013,NEW,LA,ASW,CE,Towers with Radar,0,8,44,6,58,0,5,66,2,73,0,13,110,8,131,100,0,100,231
12/31/2013,NEW,LA,ASW,CE,Towers with Radar,0,9,66,0,75,1,4,46,0,51,1,13,112,0,126,10,0,10,136
01/01/2014,NEW,LA,ASW,CE,Towers with Radar,0,9,56,0,65,0,0,7,0,7,0,9,63,0,72,10,0,10,82
01/02/2014,NEW,LA,ASW,CE,Towers with Radar,0,10,80,0,90,0,3,33,1,37,0,13,113,1,127,34,8,42,169
01/03/2014,NEW,LA,ASW,CE,Towers with Radar,0,17,123,2,142,0,0,74,2,76,0,17,197,4,218,36,0,36,254
01/04/2014,NEW,LA,ASW,CE,Towers with Radar,0,8,58,0,66,0,0,91,0,91,0,8,149,0,157,122,0,122,279
01/05/2014,NEW,LA,ASW,CE,Towers with Radar,0,10,41,2,53,0,0,23,1,24,0,10,64,3,77,34,0,34,111
01/06/2014,NEW,LA,ASW,CE,Towers with Radar,0,2,27,2,31,0,0,32,5,37,0,2,59,7,68,24,10,34,102
01/07/2014,NEW,LA,ASW,CE,Towers with Radar,0,3,31,1,35,0,0,33,5,38,0,3,64,6,73,52,0,52,125
01/08/2014,NEW,LA,ASW,CE,Towers with Radar,0,8,24,3,35,0,1,58,4,63,0,9,82,7,98,52,6,58,156
01/09/2014,NEW,LA,ASW,CE,Towers with Radar,0,2,32,11,45,0,2,71,11,84,0,4,103,22,129,94,0,94,223
01/10/2014,NEW,LA,ASW,CE,Towers with Radar,0,1,36,0,37,0,0,3,0,3,0,1,39,0,40,0,0,0,40
01/11/2014,NEW,LA,ASW,CE,Towers with Radar,0,0,25,0,25,0,0,53,0,53,0,0,78,0,78,48,0,48,126
01/12/2014,NEW,LA,ASW,CE,Towers with Radar,0,1,46,0,47,0,1,72,1,74,0,2,118,1,121,147,0,147,268
01/13/2014,NEW,LA,ASW,CE,Towers with Radar,0,3,43,2,48,0,0,0,0,0,0,3,43,2,48,0,0,0,48
01/14/2014,NEW,LA,ASW,CE,Towers with Radar,0,5,61,2,68,0,0,55,1,56,0,5,116,3,124,43,0,43,167
01/15/2014,NEW,LA,ASW,CE,Towers with Radar,0,1,52,4,57,0,0,75,3,78,0,1,127,7,135,74,6,80,215
01/16/2014,NEW,LA,ASW,CE,Towers with Radar,0,1,57,1,59,0,4,76,0,80,0,5,133,1,139,58,0,58,197
01/17/2014,NEW,LA,ASW,CE,Towers with Radar,0,11,77,1,89,0,2,72,3,77,0,13,149,4,166,118,0,118,284
01/18/2014,NEW,LA,ASW,CE,Towers with Radar,0,4,35,0,39,0,2,90,1,93,0,6,125,1,132,114,0,114,246
01/19/2014,NEW,LA,ASW,CE,Towers with Radar,0,6,53,6,65,0,0,99,1,100,0,6,152,7,165,110,0,110,275
01/20/2014,NEW,LA,ASW,CE,Towers with Radar,0,3,29,0,32,0,3,56,0,59,0,6,85,0,91,120,0,120,211
01/21/2014,NEW,LA,ASW,CE,Towers with Radar,0,5,23,2,30,0,1,29,1,31,0,6,52,3,61,32,0,32,93
01/22/2014,NEW,LA,ASW,CE,Towers with Radar,0,7,43,1,51,0,2,50,1,53,0,9,93,2,104,54,0,54,158
01/23/2014,NEW,LA,ASW,CE,Towers with Radar,0,11,77,9,97,0,2,63,0,65,0,13,140,9,162,66,0,66,228
01/24/2014,NEW,LA,ASW,CE,Towers with Radar,0,16,104,2,122,0,0,10,0,10,0,16,114,2,132,8,0,8,140
01/25/2014,NEW,LA,ASW,CE,Towers with Radar,0,14,91,0,105,0,2,48,0,50,0,16,139,0,155,34,0,34,189
01/26/2014,NEW,LA,ASW,CE,Towers with Radar,0,13,96,4,113,0,1,56,0,57,0,14,152,4,170,132,0,132,302
01/27/2014,NEW,LA,ASW,CE,Towers with Radar,0,19,115,0,134,0,1,2,0,3,0,20,117,0,137,0,0,0,137
01/28/2014,NEW,LA,ASW,CE,Towers with Radar,0,4,2,0,6,0,0,1,0,1,0,4,3,0,7,0,0,0,7
01/29/2014,NEW,LA,ASW,CE,Towers with Radar,0,8,25,0,33,0,0,23,0,23,0,8,48,0,56,24,0,24,80
01/30/2014,NEW,LA,ASW,CE,Towers with Radar,0,7,39,0,46,0,0,65,1,66,0,7,104,1,112,84,0,84,196
01/31/2014,NEW,LA,ASW,CE,Towers with Radar,0,3,50,4,57,0,2,63,0,65,0,5,113,4,122,156,4,160,282
02/01/2014,NEW,LA,ASW,CE,Towers with Radar,0,8,41,5,54,0,0,81,0,81,0,8,122,5,135,96,0,96,231
02/02/2014,NEW,LA,ASW,CE,Towers with Radar,0,3,24,3,30,0,0,0,0,0,0,3,24,3,30,0,0,0,30
02/03/2014,NEW,LA,ASW,CE,Towers with Radar,0,5,34,3,42,0,0,7,0,7,0,5,41,3,49,8,0,8,57
02/04/2014,NEW,LA,ASW,CE,Towers with Radar,0,2,26,0,28,0,0,0,0,0,0,2,26,0,28,0,0,0,28
02/05/2014,NEW,LA,ASW,CE,Towers with Radar,0,4,50,5,59,0,0,39,1,40,0,4,89,6,99,66,12,78,177
02/06/2014,NEW,LA,ASW,CE,Towers with Radar,0,6,42,2,50,0,1,18,3,22,0,7,60,5,72,6,0,6,78
02/07/2014,NEW,LA,ASW,CE,Towers with Radar,0,1,67,20,88,0,2,71,10,83,0,3,138,30,171,98,12,110,281
02/08/2014,NEW,LA,ASW,CE,Towers with Radar,0,5,37,11,53,0,0,64,5,69,0,5,101,16,122,132,42,174,296
02/09/2014,NEW,LA,ASW,CE,Towers with Radar,0,8,67,24,99,0,0,68,3,71,0,8,135,27,170,126,6,132,302
02/10/2014,NEW,LA,ASW,CE,Towers with Radar,0,9,40,12,61,0,0,15,0,15,0,9,55,12,76,28,0,28,104
02/11/2014,NEW,LA,ASW,CE,Towers with Radar,0,4,37,0,41,0,0,0,0,0,0,4,37,0,41,0,0,0,41
02/12/2014,NEW,LA,ASW,CE,Towers with Radar,0,5,42,0,47,0,0,1,1,2,0,5,43,1,49,0,0,0,49
02/13/2014,NEW,LA,ASW,CE,Towers with Radar,0,11,68,3,82,0,1,64,7,72,0,12,132,10,154,66,0,66,220
02/14/2014,NEW,LA,ASW,CE,Towers with Radar,0,33,69,1,103,0,2,58,4,64,0,35,127,5,167,70,10,80,247
02/15/2014,NEW,LA,ASW,CE,Towers with Radar,0,3,63,0,66,0,5,114,2,121,0,8,177,2,187,102,20,122,309
02/16/2014,NEW,LA,ASW,CE,Towers with Radar,0,11,53,1,65,0,0,100,2,102,0,11,153,3,167,72,6,78,245
02/17/2014,NEW,LA,ASW,CE,Towers with Radar,1,28,66,0,95,0,0,52,1,53,1,28,118,1,148,56,38,94,242
02/18/2014,NEW,LA,ASW,CE,Towers with Radar,0,7,50,0,57,0,1,21,0,22,0,8,71,0,79,24,0,24,103
02/19/2014,NEW,LA,ASW,CE,Towers with Radar,0,3,33,6,42,0,6,43,2,51,0,9,76,8,93,44,0,44,137
02/20/2014,NEW,LA,ASW,CE,Towers with Radar,0,9,56,0,65,0,4,20,10,34,0,13,76,10,99,20,0,20,119
02/21/2014,NEW,LA,ASW,CE,Towers with Radar,0,2,57,2,61,0,1,55,3,59,0,3,112,5,120,90,0,90,210
02/22/2014,NEW,LA,ASW,CE,Towers with Radar,0,3,41,4,48,0,1,86,7,94,0,4,127,11,142,82,2,84,226
02/23/2014,NEW,LA,ASW,CE,Towers with Radar,0,12,51,0,63,0,0,2,0,2,0,12,53,0,65,0,0,0,65
02/24/2014,NEW,LA,ASW,CE,Towers with Radar,0,5,36,0,41,0,0,15,1,16,0,5,51,1,57,22,6,28,85
02/25/2014,NEW,LA,ASW,CE,Towers with Radar,0,4,51,2,57,0,1,2,0,3,0,5,53,2,60,0,0,0,60
02/26/2014,NEW,LA,ASW,CE,Towers with Radar,0,2,42,2,46,0,0,2,1,3,0,2,44,3,49,0,4,4,53
02/27/2014,NEW,LA,ASW,CE,Towers with Radar,0,10,83,0,93,0,0,67,0,67,0,10,150,0,160,36,0,36,196
02/28/2014,NEW,LA,ASW,CE,Towers with Radar,0,12,76,0,88,0,3,78,4,85,0,15,154,4,173,64,0,64,237
03/01/2014,NEW,LA,ASW,CE,Towers with Radar,0,6,57,5,68,0,3,61,6,70,0,9,118,11,138,112,0,112,250
03/02/2014,NEW,LA,ASW,CE,Towers with Radar,0,9,65,0,74,0,1,56,5,62,0,10,121,5,136,104,0,104,240
03/03/2014,NEW,LA,ASW,CE,Towers with Radar,0,14,52,2,68,0,3,21,3,27,0,17,73,5,95,16,28,44,139
03/04/2014,NEW,LA,ASW,CE,Towers with Radar,0,10,21,0,31,0,0,6,0,6,0,10,27,0,37,0,0,0,37
03/05/2014,NEW,LA,ASW,CE,Towers with Radar,0,9,55,2,66,0,1,4,0,5,0,10,59,2,71,0,0,0,71
03/06/2014,NEW,LA,ASW,CE,Towers with Radar,0,5,26,0,31,0,0,1,0,1,0,5,27,0,32,0,0,0,32
03/07/2014,NEW,LA,ASW,CE,Towers with Radar,0,9,54,12,75,0,6,62,3,71,0,15,116,15,146,46,0,46,192
03/08/2014,NEW,LA,ASW,CE,Towers with Radar,0,6,37,2,45,0,0,105,0,105,0,6,142,2,150,58,0,58,208
03/09/2014,NEW,LA,ASW,CE,Towers with Radar,0,16,53,5,74,0,0,96,1,97,0,16,149,6,171,46,0,46,217
03/10/2014,NEW,LA,ASW,CE,Towers with Radar,0,0,49,4,53,0,0,60,4,64,0,0,109,8,117,34,22,56,173
03/11/2014,NEW,LA,ASW,CE,Towers with Radar,0,6,63,0,69,0,0,0,0,0,0,6,63,0,69,0,0,0,69
03/12/2014,NEW,LA,ASW,CE,Towers with Radar,0,10,75,2,87,0,2,24,0,26,0,12,99,2,113,60,0,60,173
03/13/2014,NEW,LA,ASW,CE,Towers with Radar,0,7,57,1,65,0,5,62,4,71,0,12,119,5,136,10,0,10,146
03/14/2014,NEW,LA,ASW,CE,Towers with Radar,0,8,102,7,117,0,4,77,8,89,0,12,179,15,206,78,48,126,332
03/15/2014,NEW,LA,ASW,CE,Towers with Radar,0,8,72,8,88,0,0,60,5,65,0,8,132,13,153,120,4,124,277
03/16/2014,NEW,LA,ASW,CE,Towers with Radar,0,5,40,6,51,0,0,15,1,16,0,5,55,7,67,24,0,24,91
03/17/2014,NEW,LA,ASW,CE,Towers with Radar,0,6,33,7,46,0,1,23,1,25,0,7,56,8,71,58,18,76,147
03/18/2014,NEW,LA,ASW,CE,Towers with Radar,0,12,44,9,65,0,3,48,2,53,0,15,92,11,118,38,0,38,156
03/19/2014,NEW,LA,ASW,CE,Towers with Radar,0,10,39,1,50,0,2,49,3,54,0,12,88,4,104,58,12,70,174
03/20/2014,NEW,LA,ASW,CE,Towers with Radar,0,11,41,1,53,0,1,54,9,64,0,12,95,10,117,68,12,80,197
03/21/2014,NEW,LA,ASW,CE,Towers with Radar,0,1,68,1,70,0,0,47,1,48,0,1,115,2,118,52,0,52,170
03/22/2014,NEW,LA,ASW,CE,Towers with Radar,0,7,43,0,50,0,1,50,0,51,0,8,93,0,101,158,0,158,259
03/23/2014,NEW,LA,ASW,CE,Towers with Radar,0,8,75,4,87,0,0,16,0,16,0,8,91,4,103,12,0,12,115
03/24/2014,NEW,LA,ASW,CE,Towers with Radar,0,9,37,2,48,0,0,26,1,27,0,9,63,3,75,64,0,64,139
03/25/2014,NEW,LA,ASW,CE,Towers with Radar,0,12,54,3,69,0,5,43,1,49,0,17,97,4,118,62,2,64,182
03/26/2014,NEW,LA,ASW,CE,Towers with Radar,0,11,65,1,77,0,2,30,7,39,0,13,95,8,116,24,0,24,140
03/27/2014,NEW,LA,ASW,CE,Towers with Radar,0,11,69,6,86,0,1,28,3,32,0,12,97,9,118,40,0,40,158
03/28/2014,NEW,LA,ASW,CE,Towers with Radar,0,8,40,0,48,0,0,0,0,0,0,8,40,0,48,0,0,0,48
03/29/2014,NEW,LA,ASW,CE,Towers with Radar,0,10,57,4,71,0,1,49,0,50,0,11,106,4,121,24,6,30,151
03/30/2014,NEW,LA,ASW,CE,Towers with Radar,0,8,54,4,66,0,0,94,5,99,0,8,148,9,165,108,0,108,273
03/31/2014,NEW,LA,ASW,CE,Towers with Radar,0,5,36,0,41,0,1,36,2,39,0,6,72,2,80,44,8,52,132
04/01/2014,NEW,LA,ASW,CE,Towers with Radar,0,1,39,1,41,0,0,58,5,63,0,1,97,6,104,30,22,52,156
04/02/2014,NEW,LA,ASW,CE,Towers with Radar,0,2,64,0,66,0,1,20,0,21,0,3,84,0,87,26,6,32,119
04/03/2014,NEW,LA,ASW,CE,Towers with Radar,0,9,45,1,55,0,2,36,5,43,0,11,81,6,98,50,8,58,156
04/04/2014,NEW,LA,ASW,CE,Towers with Radar,0,9,30,7,46,0,1,17,1,19,0,10,47,8,65,18,0,18,83
04/05/2014,NEW,LA,ASW,CE,Towers with Radar,0,4,47,0,51,0,0,17,5,22,0,4,64,5,73,110,0,110,183
04/06/2014,NEW,LA,ASW,CE,Towers with Radar,0,15,39,8,62,0,0,1,0,1,0,15,40,8,63,0,0,0,63
04/07/2014,NEW,LA,ASW,CE,Towers with Radar,0,5,40,2,47,0,1,19,0,20,0,6,59,2,67,52,0,52,119
04/08/2014,NEW,LA,ASW,CE,Towers with Radar,0,8,39,0,47,0,0,14,0,14,0,8,53,0,61,20,0,20,81
04/09/2014,NEW,LA,ASW,CE,Towers with Radar,0,8,48,4,60,0,0,66,4,70,0,8,114,8,130,40,8,48,178
04/10/2014,NEW,LA,ASW,CE,Towers with Radar,0,3,70,2,75,0,1,59,1,61,0,4,129,3,136,58,6,64,200
04/11/2014,NEW,LA,ASW,CE,Towers with Radar,0,12,106,5,123,0,3,73,3,79,0,15,179,8,202,46,4,50,252
04/12/2014,NEW,LA,ASW,CE,Towers with Radar,0,10,44,10,64,0,2,56,6,64,0,12,100,16,128,72,26,98,226
04/13/2014,NEW,LA,ASW,CE,Towers with Radar,0,1,86,7,94,0,2,56,0,58,0,3,142,7,152,84,0,84,236
04/14/2014,NEW,LA,ASW,CE,Towers with Radar,0,7,30,7,44,0,1,4,0,5,0,8,34,7,49,30,0,30,79
04/15/2014,NEW,LA,ASW,CE,Towers with Radar,0,5,37,3,45,0,3,20,2,25,0,8,57,5,70,0,0,0,70
04/16/2014,NEW,LA,ASW,CE,Towers with Radar,0,15,38,2,55,0,0,66,3,69,0,15,104,5,124,94,0,94,218
04/17/2014,NEW,LA,ASW,CE,Towers with Radar,0,3,51,6,60,0,1,19,4,24,0,4,70,10,84,14,0,14,98
04/18/2014,NEW,LA,ASW,CE,Towers with Radar,0,4,41,0,45,0,0,43,1,44,0,4,84,1,89,54,0,54,143
04/19/2014,NEW,LA,ASW,CE,Towers with Radar,0,3,37,2,42,0,0,84,7,91,0,3,121,9,133,56,4,60,193
04/20/2014,NEW,LA,ASW,CE,Towers with Radar,0,5,35,6,46,0,2,45,1,48,0,7,80,7,94,72,0,72,166
04/21/2014,NEW,LA,ASW,CE,Towers with Radar,0,12,48,0,60,0,1,40,0,41,0,13,88,0,101,34,0,34,135
04/22/2014,NEW,LA,ASW,CE,Towers with Radar,0,14,37,2,53,0,0,31,0,31,0,14,68,2,84,58,2,60,144
04/23/2014,NEW,LA,ASW,CE,Towers with Radar,0,3,64,6,73,0,1,61,3,65,0,4,125,9,138,22,2,24,162
04/24/2014,NEW,LA,ASW,CE,Towers with Radar,0,21,69,15,105,0,2,51,5,58,0,23,120,20,163,38,26,64,227
04/25/2014,NEW,LA,ASW,CE,Towers with Radar,0,23,79,2,104,0,3,55,1,59,0,26,134,3,163,70,0,70,233
04/26/2014,NEW,LA,ASW,CE,Towers with Radar,0,3,46,0,49,0,3,71,0,74,0,6,117,0,123,68,0,68,191
04/27/2014,NEW,LA,ASW,CE,Towers with Radar,0,18,74,2,94,0,0,20,0,20,0,18,94,2,114,2,0,2,116
04/28/2014,NEW,LA,ASW,CE,Towers with Radar,0,15,46,2,63,0,0,15,0,15,0,15,61,2,78,4,0,4,82
04/29/2014,NEW,LA,ASW,CE,Towers with Radar,0,2,31,0,33,0,0,11,0,11,0,2,42,0,44,8,0,8,52
04/30/2014,NEW,LA,ASW,CE,Towers with Radar,0,6,52,3,61,0,4,33,0,37,0,10,85,3,98,54,2,56,154
05/01/2014,NEW,LA,ASW,CE,Towers with Radar,0,15,48,3,66,0,8,64,5,77,0,23,112,8,143,52,4,56,199
05/02/2014,NEW,LA,ASW,CE,Towers with Radar,0,10,59,7,76,0,3,54,2,59,0,13,113,9,135,118,0,118,253
05/03/2014,NEW,LA,ASW,CE,Towers with Radar,0,6,45,0,51,0,5,65,3,73,0,11,110,3,124,154,0,154,278
05/04/2014,NEW,LA,ASW,CE,Towers with Radar,0,16,77,8,101,0,4,70,7,81,0,20,147,15,182,116,0,116,298
05/05/2014,NEW,LA,ASW,CE,Towers with Radar,0,9,53,0,62,0,4,42,2,48,0,13,95,2,110,48,0,48,158
05/06/2014,NEW,LA,ASW,CE,Towers with Radar,0,6,54,4,64,0,1,56,1,58,0,7,110,5,122,64,12,76,198
05/07/2014,NEW,LA,ASW,CE,Towers with Radar,0,7,54,12,73,0,4,43,8,55,0,11,97,20,128,36,6,42,170
05/08/2014,NEW,LA,ASW,CE,Towers with Radar,0,10,41,1,52,0,0,38,2,40,0,10,79,3,92,26,0,26,118
05/09/2014,NEW,LA,ASW,CE,Towers with Radar,0,10,40,0,50,0,0,3,0,3,0,10,43,0,53,8,0,8,61
05/10/2014,NEW,LA,ASW,CE,Towers with Radar,0,12,29,2,43,0,2,31,0,33,0,14,60,2,76,96,0,96,172
05/11/2014,NEW,LA,ASW,CE,Towers with Radar,0,10,36,10,56,0,0,32,0,32,0,10,68,10,88,32,2,34,122
05/12/2014,NEW,LA,ASW,CE,Towers with Radar,0,3,53,8,64,0,2,33,3,38,0,5,86,11,102,50,0,50,152
05/13/2014,NEW,LA,ASW,CE,Towers with Radar,0,5,48,5,58,0,0,42,3,45,0,5,90,8,103,54,0,54,157
05/14/2014,NEW,LA,ASW,CE,Towers with Radar,0,1,24,1,26,0,0,11,0,11,0,1,35,1,37,12,0,12,49
05/15/2014,NEW,LA,ASW,CE,Towers with Radar,0,20,42,0,62,0,0,49,3,52,0,20,91,3,114,66,6,72,186
05/16/2014,NEW,LA,ASW,CE,Towers with Radar,0,15,72,7,94,0,2,84,6,92,0,17,156,13,186,68,14,82,268
05/17/2014,NEW,LA,ASW,CE,Towers with Radar,0,13,52,11,76,0,11,69,3,83,0,24,121,14,159,120,14,134,293
05/18/2014,NEW,LA,ASW,CE,Towers with Radar,0,30,77,7,114,0,1,76,3,80,0,31,153,10,194,110,0,110,304
05/19/2014,NEW,LA,ASW,CE,Towers with Radar,0,10,45,2,57,0,9,38,0,47,0,19,83,2,104,30,0,30,134
05/20/2014,NEW,LA,ASW,CE,Towers with Radar,0,8,34,7,49,0,4,38,3,45,0,12,72,10,94,68,0,68,162
05/21/2014,NEW,LA,ASW,CE,Towers with Radar,0,7,36,7,50,0,5,43,1,49,0,12,79,8,99,60,0,60,159
05/22/2014,NEW,LA,ASW,CE,Towers with Radar,0,12,69,2,83,0,4,50,3,57,0,16,119,5,140,24,34,58,198
05/23/2014,NEW,LA,ASW,CE,Towers with Radar,0,3,41,2,46,0,2,60,1,63,0,5,101,3,109,57,0,57,166
05/24/2014,NEW,LA,ASW,CE,Towers with Radar,0,8,39,2,49,0,10,38,0,48,0,18,77,2,97,104,0,104,201
05/25/2014,NEW,LA,ASW,CE,Towers with Radar,0,5,32,2,39,0,5,60,0,65,0,10,92,2,104,52,0,52,156
05/26/2014,NEW,LA,ASW,CE,Towers with Radar,0,4,35,0,39,0,7,55,1,63,0,11,90,1,102,30,0,30,132
05/27/2014,NEW,LA,ASW,CE,Towers with Radar,0,8,31,0,39,0,2,21,0,23,0,10,52,0,62,26,0,26,88
05/28/2014,NEW,LA,ASW,CE,Towers with Radar,0,5,25,0,30,0,0,2,0,2,0,5,27,0,32,0,0,0,32
05/29/2014,NEW,LA,ASW,CE,Towers with Radar,0,9,35,5,49,0,0,22,4,26,0,9,57,9,75,48,0,48,123
05/30/2014,NEW,LA,ASW,CE,Towers with Radar,0,8,38,0,46,0,0,6,0,6,0,8,44,0,52,12,0,12,64
05/31/2014,NEW,LA,ASW,CE,Towers with Radar,0,5,11,1,17,0,0,2,0,2,0,5,13,1,19,10,8,18,37
06/01/2014,NEW,LA,ASW,CE,Towers with Radar,0,10,41,1,52,0,0,17,0,17,0,10,58,1,69,18,0,18,87
06/02/2014,NEW,LA,ASW,CE,Towers with Radar,0,1,19,0,20,0,1,9,0,10,0,2,28,0,30,40,0,40,70
06/03/2014,NEW,LA,ASW,CE,Towers with Radar,0,5,23,0,28,0,0,11,1,12,0,5,34,1,40,18,0,18,58
06/04/2014,NEW,LA,ASW,CE,Towers with Radar,0,2,57,6,65,0,1,52,0,53,0,3,109,6,118,42,0,42,160
06/05/2014,NEW,LA,ASW,CE,Towers with Radar,0,6,58,11,75,0,0,28,4,32,0,6,86,15,107,78,14,92,199
06/06/2014,NEW,LA,ASW,CE,Towers with Radar,0,8,71,6,85,0,0,53,1,54,0,8,124,7,139,54,0,54,193
06/07/2014,NEW,LA,ASW,CE,Towers with Radar,0,9,29,12,50,0,1,91,0,92,0,10,120,12,142,68,34,102,244
06/08/2014,NEW,LA,ASW,CE,Towers with Radar,0,14,75,6,95,0,0,48,3,51,0,14,123,9,146,14,0,14,160
06/09/2014,NEW,LA,ASW,CE,Towers with Radar,0,8,41,6,55,0,0,30,0,30,0,8,71,6,85,22,0,22,107
06/10/2014,NEW,LA,ASW,CE,Towers with Radar,0,6,26,3,35,0,0,8,0,8,0,6,34,3,43,8,0,8,51
06/11/2014,NEW,LA,ASW,CE,Towers with Radar,0,11,42,11,64,0,0,44,0,44,0,11,86,11,108,40,0,40,148
06/12/2014,NEW,LA,ASW,CE,Towers with Radar,0,13,38,1,52,0,1,43,2,46,0,14,81,3,98,40,0,40,138
06/13/2014,NEW,LA,ASW,CE,Towers with Radar,0,1,44,0,45,0,0,8,0,8,0,1,52,0,53,0,0,0,53
06/14/2014,NEW,LA,ASW,CE,Towers with Radar,0,4,32,2,38,0,0,49,1,50,0,4,81,3,88,98,0,98,186
06/15/2014,NEW,LA,ASW,CE,Towers with Radar,0,6,35,0,41,0,1,40,0,41,0,7,75,0,82,40,0,40,122
06/16/2014,NEW,LA,ASW,CE,Towers with Radar,0,3,31,1,35,0,0,25,0,25,0,3,56,1,60,40,0,40,100
06/17/2014,NEW,LA,ASW,CE,Towers with Radar,0,3,31,15,49,0,1,37,4,42,0,4,68,19,91,88,14,102,193
06/18/2014,NEW,LA,ASW,CE,Towers with Radar,0,4,54,1,59,0,0,45,1,46,0,4,99,2,105,28,0,28,133
06/19/2014,NEW,LA,ASW,CE,Towers with Radar,0,10,30,2,42,0,1,37,5,43,0,11,67,7,85,46,8,54,139
06/20/2014,NEW,LA,ASW,CE,Towers with Radar,0,8,50,7,65,0,0,50,8,58,0,8,100,15,123,46,28,74,197
06/21/2014,NEW,LA,ASW,CE,Towers with Radar,0,3,34,4,41,0,0,113,2,115,0,3,147,6,156,110,0,110,266
06/22/2014,NEW,LA,ASW,CE,Towers with Radar,0,8,40,0,48,0,3,54,0,57,0,11,94,0,105,38,0,38,143
06/23/2014,NEW,LA,ASW,CE,Towers with Radar,0,10,24,2,36,0,0,19,0,19,0,10,43,2,55,40,0,40,95
06/24/2014,NEW,LA,ASW,CE,Towers with Radar,0,10,19,5,34,0,2,31,3,36,0,12,50,8,70,22,8,30,100
06/25/2014,NEW,LA,ASW,CE,Towers with Radar,0,5,45,1,51,0,0,24,0,24,0,5,69,1,75,44,0,44,119
06/26/2014,NEW,LA,ASW,CE,Towers with Radar,0,5,28,3,36,0,1,18,2,21,0,6,46,5,57,50,0,50,107
06/27/2014,NEW,LA,ASW,CE,Towers with Radar,0,7,46,5,58,0,0,28,1,29,0,7,74,6,87,50,16,66,153
06/28/2014,NEW,LA,ASW,CE,Towers with Radar,0,1,34,5,40,0,0,39,0,39,0,1,73,5,79,72,0,72,151
06/29/2014,NEW,LA,ASW,CE,Towers with Radar,0,13,37,4,54,0,2,55,6,63,0,15,92,10,117,12,0,12,129
06/30/2014,NEW,LA,ASW,CE,Towers with Radar,0,0,27,0,27,0,0,57,0,57,0,0,84,0,84,46,0,46,130
07/01/2014,NEW,LA,ASW,CE,Towers with Radar,0,8,17,3,28,0,0,35,0,35,0,8,52,3,63,26,0,26,89
07/02/2014,NEW,LA,ASW,CE,Towers with Radar,0,11,42,3,56,0,2,40,2,44,0,13,82,5,100,16,6,22,122
07/03/2014,NEW,LA,ASW,CE,Towers with Radar,0,6,26,0,32,0,2,30,6,38,0,8,56,6,70,20,0,20,90
07/04/2014,NEW,LA,ASW,CE,Towers with Radar,0,3,12,0,15,0,0,37,0,37,0,3,49,0,52,10,0,10,62
07/05/2014,NEW,LA,ASW,CE,Towers with Radar,0,5,19,0,24,0,1,62,2,65,0,6,81,2,89,72,4,76,165
07/06/2014,NEW,LA,ASW,CE,Towers with Radar,0,12,37,0,49,0,2,50,0,52,0,14,87,0,101,44,0,44,145
07/07/2014,NEW,LA,ASW,CE,Towers with Radar,0,1,31,25,57,0,0,38,9,47,0,1,69,34,104,64,8,72,176
07/08/2014,NEW,LA,ASW,CE,Towers with Radar,0,6,30,1,37,0,4,40,4,48,0,10,70,5,85,56,0,56,141
07/09/2014,NEW,LA,ASW,CE,Towers with Radar,0,4,31,0,35,0,0,26,0,26,0,4,57,0,61,44,0,44,105
07/10/2014,NEW,LA,ASW,CE,Towers with Radar,0,4,54,2,60,0,1,23,4,28,0,5,77,6,88,88,0,88,176
07/11/2014,NEW,LA,ASW,CE,Towers with Radar,0,4,37,6,47,0,3,36,0,39,0,7,73,6,86,60,0,60,146
07/12/2014,NEW,LA,ASW,CE,Towers with Radar,0,4,25,1,30,0,2,68,0,70,0,6,93,1,100,64,0,64,164
07/13/2014,NEW,LA,ASW,CE,Towers with Radar,1,8,44,7,60,0,0,42,2,44,1,8,86,9,104,52,8,60,164
07/14/2014,NEW,LA,ASW,CE,Towers with Radar,0,8,27,0,35,0,6,30,0,36,0,14,57,0,71,52,0,52,123
07/15/2014,NEW,LA,ASW,CE,Towers with Radar,0,7,34,0,41,0,7,19,2,28,0,14,53,2,69,28,0,28,97
07/16/2014,NEW,LA,ASW,CE,Towers with Radar,0,6,25,0,31,0,2,50,0,52,0,8,75,0,83,62,0,62,145
07/17/2014,NEW,LA,ASW,CE,Towers with Radar,0,3,36,8,47,0,1,47,4,52,0,4,83,12,99,76,30,106,205
07/18/2014,NEW,LA,ASW,CE,Towers with Radar,0,2,36,2,40,0,0,11,2,13,0,2,47,4,53,16,6,22,75
07/19/2014,NEW,LA,ASW,CE,Towers with Radar,0,3,21,1,25,0,0,25,0,25,0,3,46,1,50,48,0,48,98
07/20/2014,NEW,LA,ASW,CE,Towers with Radar,0,6,36,0,42,0,0,21,0,21,0,6,57,0,63,90,0,90,153
07/21/2014,NEW,LA,ASW,CE,Towers with Radar,0,6,22,3,31,0,0,35,1,36,0,6,57,4,67,34,0,34,101
07/22/2014,NEW,LA,ASW,CE,Towers with Radar,0,0,27,0,27,0,2,22,0,24,0,2,49,0,51,38,0,38,89
07/23/2014,NEW,LA,ASW,CE,Towers with Radar,0,4,20,0,24,0,2,26,0,28,0,6,46,0,52,14,0,14,66
07/24/2014,NEW,LA,ASW,CE,Towers with Radar,0,11,43,6,60,0,3,37,0,40,0,14,80,6,100,58,8,66,166
07/25/2014,NEW,LA,ASW,CE,Towers with Radar,0,6,38,0,44,0,2,62,0,64,0,8,100,0,108,28,0,28,136
07/26/2014,NEW,LA,ASW,CE,Towers with Radar,0,5,36,3,44,0,4,79,0,83,0,9,115,3,127,104,0,104,231
07/27/2014,NEW,LA,ASW,CE,Towers with Radar,0,8,43,5,56,0,3,62,1,66,0,11,105,6,122,30,0,30,152
07/28/2014,NEW,LA,ASW,CE,Towers with Radar,0,4,25,0,29,0,0,34,0,34,0,4,59,0,63,22,0,22,85
07/29/2014,NEW,LA,ASW,CE,Towers with Radar,0,4,24,6,34,0,1,39,5,45,0,5,63,11,79,54,10,64,143
07/30/2014,NEW,LA,ASW,CE,Towers with Radar,0,1,31,0,32,0,2,55,0,57,0,3,86,0,89,48,0,48,137
07/31/2014,NEW,LA,ASW,CE,Towers with Radar,0,3,42,4,49,0,0,61,0,61,0,3,103,4,110,50,0,50,160
08/01/2014,NEW,LA,ASW,CE,Towers with Radar,0,3,29,2,34,0,0,28,1,29,0,3,57,3,63,44,0,44,107
08/02/2014,NEW,LA,ASW,CE,Towers with Radar,0,1,34,4,39,0,1,48,3,52,0,2,82,7,91,108,0,108,199
08/03/2014,NEW,LA,ASW,CE,Towers with Radar,0,6,43,3,52,0,0,41,1,42,0,6,84,4,94,38,0,38,132
08/04/2014,NEW,LA,ASW,CE,Towers with Radar,0,1,33,6,40,0,0,27,2,29,0,1,60,8,69,22,14,36,105
08/05/2014,NEW,LA,ASW,CE,Towers with Radar,0,5,20,4,29,0,1,48,0,49,0,6,68,4,78,20,6,26,104
08/06/2014,NEW,LA,ASW,CE,Towers with Radar,0,4,43,10,57,0,2,31,4,37,0,6,74,14,94,20,6,26,120
08/07/2014,NEW,LA,ASW,CE,Towers with Radar,0,7,35,2,44,0,2,45,2,49,0,9,80,4,93,48,16,64,157
08/08/2014,NEW,LA,ASW,CE,Towers with Radar,0,4,57,11,72,0,2,47,3,52,0,6,104,14,124,28,0,28,152
08/09/2014,NEW,LA,ASW,CE,Towers with Radar,0,3,21,5,29,0,2,49,1,52,0,5,70,6,81,44,0,44,125
08/10/2014,NEW,LA,ASW,CE,Towers with Radar,0,8,52,2,62,0,2,32,3,37,0,10,84,5,99,18,8,26,125
08/11/2014,NEW,LA,ASW,CE,Towers with Radar,0,0,25,16,41,0,2,32,3,37,0,2,57,19,78,66,0,66,144
08/12/2014,NEW,LA,ASW,CE,Towers with Radar,0,8,26,5,39,0,0,34,3,37,0,8,60,8,76,62,0,62,138
08/13/2014,NEW,LA,ASW,CE,Towers with Radar,0,8,32,2,42,0,2,45,2,49,0,10,77,4,91,36,2,38,129
08/14/2014,NEW,LA,ASW,CE,Towers with Radar,0,7,32,2,41,0,0,73,4,77,0,7,105,6,118,52,6,58,176
08/15/2014,NEW,LA,ASW,CE,Towers with Radar,0,7,37,22,66,0,1,54,3,58,0,8,91,25,124,54,54,108,232
08/16/2014,NEW,LA,ASW,CE,Towers with Radar,0,8,17,10,35,0,4,42,4,50,0,12,59,14,85,28,0,28,113
08/17/2014,NEW,LA,ASW,CE,Towers with Radar,0,10,43,5,58,0,0,32,1,33,0,10,75,6,91,18,0,18,109
08/18/2014,NEW,LA,ASW,CE,Towers with Radar,0,2,19,7,28,0,0,16,2,18,0,2,35,9,46,26,0,26,72
08/19/2014,NEW,LA,ASW,CE,Towers with Radar,0,3,29,5,37,0,0,33,5,38,0,3,62,10,75,68,10,78,153
08/20/2014,NEW,LA,ASW,CE,Towers with Radar,0,4,44,0,48,0,2,26,3,31,0,6,70,3,79,20,8,28,107
08/21/2014,NEW,LA,ASW,CE,Towers with Radar,0,8,34,1,43,0,3,42,6,51,0,11,76,7,94,32,22,54,148
08/22/2014,NEW,LA,ASW,CE,Towers with Radar,0,11,50,4,65,0,2,49,1,52,0,13,99,5,117,18,10,28,145
08/23/2014,NEW,LA,ASW,CE,Towers with Radar,0,7,24,1,32,0,1,65,0,66,0,8,89,1,98,62,0,62,160
08/24/2014,NEW,LA,ASW,CE,Towers with Radar,0,5,39,11,55,0,4,63,0,67,0,9,102,11,122,22,0,22,144
08/25/2014,NEW,LA,ASW,CE,Towers with Radar,0,7,20,1,28,0,1,17,1,19,0,8,37,2,47,22,0,22,69
08/26/2014,NEW,LA,ASW,CE,Towers with Radar,0,2,31,2,35,0,2,23,1,26,0,4,54,3,61,24,0,24,85
08/27/2014,NEW,LA,ASW,CE,Towers with Radar,0,8,31,0,39,0,4,47,0,51,0,12,78,0,90,56,14,70,160
08/28/2014,NEW,LA,ASW,CE,Towers with Radar,0,1,46,3,50,0,4,46,1,51,0,5,92,4,101,32,0,32,133
08/29/2014,NEW,LA,ASW,CE,Towers with Radar,0,10,45,1,56,0,2,28,1,31,0,12,73,2,87,32,0,32,119
08/30/2014,NEW,LA,ASW,CE,Towers with Radar,0,6,18,0,24,0,0,21,0,21,0,6,39,0,45,22,0,22,67
08/31/2014,NEW,LA,ASW,CE,Towers with Radar,0,1,23,0,24,0,3,40,0,43,0,4,63,0,67,63,0,63,130
09/01/2014,NEW,LA,ASW,CE,Towers with Radar,0,2,33,3,38,0,5,39,1,45,0,7,72,4,83,34,0,34,117
09/02/2014,NEW,LA,ASW,CE,Towers with Radar,0,0,32,2,34,0,1,17,1,19,0,1,49,3,53,38,10,48,101
09/03/2014,NEW,LA,ASW,CE,Towers with Radar,0,0,36,0,36,0,2,39,3,44,0,2,75,3,80,32,8,40,120
09/04/2014,NEW,LA,ASW,CE,Towers with Radar,0,9,48,2,59,0,1,35,1,37,0,10,83,3,96,60,0,60,156
09/05/2014,NEW,LA,ASW,CE,Towers with Radar,0,17,57,4,78,0,1,41,2,44,0,18,98,6,122,84,4,88,210
09/06/2014,NEW,LA,ASW,CE,Towers with Radar,0,9,31,10,50,0,2,55,1,58,0,11,86,11,108,84,2,86,194
09/07/2014,NEW,LA,ASW,CE,Towers with Radar,0,3,54,3,60,0,0,45,1,46,0,3,99,4,106,42,0,42,148
09/08/2014,NEW,LA,ASW,CE,Towers with Radar,0,7,37,1,45,0,0,23,0,23,0,7,60,1,68,30,0,30,98
09/09/2014,NEW,LA,ASW,CE,Towers with Radar,0,4,24,5,33,0,2,61,1,64,0,6,85,6,97,34,8,42,139
09/10/2014,NEW,LA,ASW,CE,Towers with Radar,0,1,41,15,57,0,3,46,1,50,0,4,87,16,107,42,4,46,153
09/11/2014,NEW,LA,ASW,CE,Towers with Radar,0,10,37,0,47,0,3,41,0,44,0,13,78,0,91,34,0,34,125
09/12/2014,NEW,LA,ASW,CE,Towers with Radar,0,5,49,1,55,0,2,35,1,38,0,7,84,2,93,32,0,32,125
09/13/2014,NEW,LA,ASW,CE,Towers with Radar,0,6,22,0,28,0,0,28,0,28,0,6,50,0,56,28,0,28,84
09/14/2014,NEW,LA,ASW,CE,Towers with Radar,0,7,46,3,56,0,0,55,0,55,0,7,101,3,111,64,6,70,181
09/15/2014,NEW,LA,ASW,CE,Towers with Radar,0,3,31,1,35,0,2,21,5,28,0,5,52,6,63,10,0,10,73
09/16/2014,NEW,LA,ASW,CE,Towers with Radar,0,1,29,4,34,0,0,26,6,32,0,1,55,10,66,42,40,82,148
09/17/2014,NEW,LA,ASW,CE,Towers with Radar,0,5,48,2,55,0,1,35,1,37,0,6,83,3,92,62,4,66,158
09/18/2014,NEW,LA,ASW,CE,Towers with Radar,0,3,56,3,62,0,8,48,0,56,0,11,104,3,118,58,0,58,176
09/19/2014,NEW,LA,ASW,CE,Towers with Radar,0,8,64,8,80,0,1,45,6,52,0,9,109,14,132,72,0,72,204
09/20/2014,NEW,LA,ASW,CE,Towers with Radar,0,10,45,2,57,0,3,57,4,64,0,13,102,6,121,60,4,64,185
09/21/2014,NEW,LA,ASW,CE,Towers with Radar,0,8,101,2,111,0,1,79,0,80,0,9,180,2,191,12,0,12,203
09/22/2014,NEW,LA,ASW,CE,Towers with Radar,0,0,53,2,55,0,2,33,1,36,0,2,86,3,91,94,0,94,185
09/23/2014,NEW,LA,ASW,CE,Towers with Radar,0,0,43,5,48,0,2,57,2,61,0,2,100,7,109,64,0,64,173
09/24/2014,NEW,LA,ASW,CE,Towers with Radar,0,7,47,0,54,0,2,54,0,56,0,9,101,0,110,48,0,48,158
09/25/2014,NEW,LA,ASW,CE,Towers with Radar,0,7,49,2,58,0,0,44,2,46,0,7,93,4,104,58,2,60,164
09/26/2014,NEW,LA,ASW,CE,Towers with Radar,0,11,63,13,87,0,0,51,8,59,0,11,114,21,146,76,2,78,224
09/27/2014,NEW,LA,ASW,CE,Towers with Radar,0,7,34,4,45,0,0,39,3,42,0,7,73,7,87,74,2,76,163
09/28/2014,NEW,LA,ASW,CE,Towers with Radar,0,19,65,2,86,0,0,4,0,4,0,19,69,2,90,2,0,2,92
09/29/2014,NEW,LA,ASW,CE,Towers with Radar,0,5,46,20,71,0,0,12,0,12,0,5,58,20,83,0,4,4,87
09/30/2014,NEW,LA,ASW,CE,Towers with Radar,0,21,60,1,82,0,1,57,0,58,0,22,117,1,140,110,0,110,250
10/01/2014,NEW,LA,ASW,CE,Towers with Radar,0,8,56,4,68,0,0,23,3,26,0,8,79,7,94,28,6,34,128
10/02/2014,NEW,LA,ASW,CE,Towers with Radar,0,10,51,0,61,0,6,40,3,49,0,16,91,3,110,54,0,54,164
10/03/2014,NEW,LA,ASW,CE,Towers with Radar,0,5,66,12,83,0,0,11,2,13,0,5,77,14,96,0,0,0,96
10/04/2014,NEW,LA,ASW,CE,Towers with Radar,0,4,56,7,67,0,0,60,4,64,0,4,116,11,131,26,14,40,171
10/05/2014,NEW,LA,ASW,CE,Towers with Radar,0,10,102,8,120,0,2,112,6,120,0,12,214,14,240,78,12,90,330
10/06/2014,NEW,LA,ASW,CE,Towers with Radar,0,6,48,3,57,0,0,37,2,39,0,6,85,5,96,46,0,46,142
10/07/2014,NEW,LA,ASW,CE,Towers with Radar,0,5,40,3,48,0,1,27,4,32,0,6,67,7,80,16,10,26,106
10/08/2014,NEW,LA,ASW,CE,Towers with Radar,0,4,48,0,52,0,3,31,1,35,0,7,79,1,87,10,0,10,97
10/09/2014,NEW,LA,ASW,CE,Towers with Radar,0,4,51,4,59,0,3,43,3,49,0,7,94,7,108,24,8,32,140
10/10/2014,NEW,LA,ASW,CE,Towers with Radar,0,5,65,5,75,0,0,56,2,58,0,5,121,7,133,92,0,92,225
10/11/2014,NEW,LA,ASW,CE,Towers with Radar,0,6,33,0,39,0,3,31,0,34,0,9,64,0,73,8,0,8,81
10/12/2014,NEW,LA,ASW,CE,Towers with Radar,0,6,57,8,71,0,0,37,4,41,0,6,94,12,112,22,0,22,134
10/13/2014,NEW,LA,ASW,CE,Towers with Radar,0,8,30,0,38,0,0,16,0,16,0,8,46,0,54,2,0,2,56
10/14/2014,NEW,LA,ASW,CE,Towers with Radar,0,3,46,1,50,0,3,32,4,39,0,6,78,5,89,28,12,40,129
10/15/2014,NEW,LA,ASW,CE,Towers with Radar,0,8,50,7,65,0,2,60,3,65,0,10,110,10,130,16,18,34,164
10/16/2014,NEW,LA,ASW,CE,Towers with Radar,0,15,54,5,74,0,1,46,2,49,0,16,100,7,123,118,6,124,247
10/17/2014,NEW,LA,ASW,CE,Towers with Radar,0,11,49,6,66,0,3,77,4,84,0,14,126,10,150,118,6,124,274
10/18/2014,NEW,LA,ASW,CE,Towers with Radar,0,7,32,2,41,0,0,58,11,69,0,7,90,13,110,58,36,94,204
10/19/2014,NEW,LA,ASW,CE,Towers with Radar,0,19,57,6,82,0,5,55,1,61,0,24,112,7,143,18,0,18,161
10/20/2014,NEW,LA,ASW,CE,Towers with Radar,0,4,18,4,26,0,6,43,1,50,0,10,61,5,76,76,8,84,160
10/21/2014,NEW,LA,ASW,CE,Towers with Radar,0,13,42,14,69,0,2,51,2,55,0,15,93,16,124,32,0,32,156
10/22/2014,NEW,LA,ASW,CE,Towers with Radar,0,10,49,0,59,0,8,48,1,57,0,18,97,1,116,28,10,38,154
10/23/2014,NEW,LA,ASW,CE,Towers with Radar,0,7,52,6,65,0,6,54,4,64,0,13,106,10,129,46,26,72,201
10/24/2014,NEW,LA,ASW,CE,Towers with Radar,0,6,86,9,101,0,5,128,10,143,0,11,214,19,244,80,16,96,340
10/25/2014,NEW,LA,ASW,CE,Towers with Radar,0,10,47,0,57,0,7,155,10,172,0,17,202,10,229,6,0,6,235
10/26/2014,NEW,LA,ASW,CE,Towers with Radar,0,6,86,6,98,0,0,144,15,159,0,6,230,21,257,54,0,54,311
10/27/2014,NEW,LA,ASW,CE,Towers with Radar,0,14,78,1,93,0,1,54,1,56,0,15,132,2,149,68,0,68,217
10/28/2014,NEW,LA,ASW,CE,Towers with Radar,0,8,71,7,86,0,0,36,3,39,0,8,107,10,125,82,6,88,213
10/29/2014,NEW,LA,ASW,CE,Towers with Radar,0,3,110,3,116,0,0,24,2,26,0,3,134,5,142,35,0,35,177
10/30/2014,NEW,LA,ASW,CE,Towers with Radar,0,6,50,2,58,0,1,60,4,65,0,7,110,6,123,38,0,38,161
10/31/2014,NEW,LA,ASW,CE,Towers with Radar,0,8,57,1,66,0,4,83,1,88,0,12,140,2,154,80,0,80,234
11/01/2014,NEW,LA,ASW,CE,Towers with Radar,0,4,51,2,57,0,0,48,0,48,0,4,99,2,105,6,6,12,117
11/02/2014,NEW,LA,ASW,CE,Towers with Radar,0,8,113,1,122,0,4,67,0,71,0,12,180,1,193,40,0,40,233
11/03/2014,NEW,LA,ASW,CE,Towers with Radar,0,4,45,2,51,0,2,31,3,36,0,6,76,5,87,22,10,32,119
11/04/2014,NEW,LA,ASW,CE,Towers with Radar,0,8,37,0,45,0,3,60,2,65,0,11,97,2,110,50,14,64,174
11/05/2014,NEW,LA,ASW,CE,Towers with Radar,0,10,57,1,68,0,4,35,3,42,0,14,92,4,110,22,0,22,132
11/06/2014,NEW,LA,ASW,CE,Towers with Radar,0,23,69,0,92,0,7,24,2,33,0,30,93,2,125,76,0,76,201
11/07/2014,NEW,LA,ASW,CE,Towers with Radar,1,13,79,15,108,0,2,61,4,67,1,15,140,19,175,12,16,28,203
11/08/2014,NEW,LA,ASW,CE,Towers with Radar,0,12,38,6,56,0,2,67,7,76,0,14,105,13,132,60,20,80,212
11/09/2014,NEW,LA,ASW,CE,Towers with Radar,0,29,123,9,161,0,0,96,3,99,0,29,219,12,260,46,0,46,306
11/10/2014,NEW,LA,ASW,CE,Towers with Radar,0,7,54,3,64,0,0,63,1,64,0,7,117,4,128,34,0,34,162
11/11/2014,NEW,LA,ASW,CE,Towers with Radar,0,12,62,2,76,0,3,41,2,46,0,15,103,4,122,64,0,64,186
11/12/2014,NEW,LA,ASW,CE,Towers with Radar,0,13,69,4,86,0,3,13,0,16,0,16,82,4,102,16,0,16,118
11/13/2014,NEW,LA,ASW,CE,Towers with Radar,0,5,58,0,63,0,3,5,4,12,0,8,63,4,75,0,0,0,75
11/14/2014,NEW,LA,ASW,CE,Towers with Radar,0,18,85,3,106,0,0,56,3,59,0,18,141,6,165,36,0,36,201
11/15/2014,NEW,LA,ASW,CE,Towers with Radar,0,7,37,1,45,0,1,63,5,69,0,8,100,6,114,44,0,44,158
11/16/2014,NEW,LA,ASW,CE,Towers with Radar,0,12,65,0,77,0,0,18,0,18,0,12,83,0,95,20,0,20,115
11/17/2014,NEW,LA,ASW,CE,Towers with Radar,0,2,59,1,62,0,2,15,0,17,0,4,74,1,79,4,0,4,83
11/18/2014,NEW,LA,ASW,CE,Towers with Radar,0,5,24,7,36,0,0,40,1,41,0,5,64,8,77,52,4,56,133
11/19/2014,NEW,LA,ASW,CE,Towers with Radar,0,8,53,0,61,0,1,47,5,53,0,9,100,5,114,52,0,52,166
11/20/2014,NEW,LA,ASW,CE,Towers with Radar,0,6,57,8,71,0,4,45,3,52,0,10,102,11,123,72,30,102,225
11/21/2014,NEW,LA,ASW,CE,Towers with Radar,0,3,51,9,63,0,1,37,8,46,0,4,88,17,109,80,12,92,201
11/22/2014,NEW,LA,ASW,CE,Towers with Radar,0,10,54,3,67,0,2,31,2,35,0,12,85,5,102,30,0,30,132
11/23/2014,NEW,LA,ASW,CE,Towers with Radar,0,5,32,7,44,0,1,17,4,22,0,6,49,11,66,8,20,28,94
11/24/2014,NEW,LA,ASW,CE,Towers with Radar,0,6,46,15,67,0,3,56,7,66,0,9,102,22,133,34,12,46,179
11/25/2014,NEW,LA,ASW,CE,Towers with Radar,0,12,65,5,82,0,3,38,4,45,0,15,103,9,127,12,4,16,143
11/26/2014,NEW,LA,ASW,CE,Towers with Radar,0,13,42,0,55,0,10,42,0,52,0,23,84,0,107,12,0,12,119
11/27/2014,NEW,LA,ASW,CE,Towers with Radar,0,2,12,0,14,0,2,11,1,14,0,4,23,1,28,0,0,0,28
11/28/2014,NEW,LA,ASW,CE,Towers with Radar,0,12,23,0,35,0,4,61,3,68,0,16,84,3,103,44,0,44,147
11/29/2014,NEW,LA,ASW,CE,Towers with Radar,0,8,56,4,68,0,1,59,3,63,0,9,115,7,131,32,0,32,163
11/30/2014,NEW,LA,ASW,CE,Towers with Radar,0,13,49,0,62,0,2,64,0,66,0,15,113,0,128,80,0,80,208
12/01/2014,NEW,LA,ASW,CE,Towers with Radar,0,8,21,3,32,0,4,34,2,40,0,12,55,5,72,64,0,64,136
12/02/2014,NEW,LA,ASW,CE,Towers with Radar,0,1,53,5,59,0,3,38,4,45,0,4,91,9,104,48,16,64,168
12/03/2014,NEW,LA,ASW,CE,Towers with Radar,0,6,51,2,59,0,0,37,0,37,0,6,88,2,96,58,0,58,154
12/04/2014,NEW,LA,ASW,CE,Towers with Radar,0,9,55,0,64,0,2,29,3,34,0,11,84,3,98,30,6,36,134
12/05/2014,NEW,LA,ASW,CE,Towers with Radar,0,1,82,4,87,0,0,46,3,49,0,1,128,7,136,92,0,92,228
12/06/2014,NEW,LA,ASW,CE,Towers with Radar,0,6,44,4,54,0,0,32,1,33,0,6,76,5,87,40,4,44,131
12/07/2014,NEW,LA,ASW,CE,Towers with Radar,0,4,100,2,106,0,1,33,3,37,0,5,133,5,143,60,0,60,203
12/08/2014,NEW,LA,ASW,CE,Towers with Radar,0,3,45,3,51,0,0,29,1,30,0,3,74,4,81,48,0,48,129
12/09/2014,NEW,LA,ASW,CE,Towers with Radar,0,6,29,2,37,0,1,55,3,59,0,7,84,5,96,30,4,34,130
12/10/2014,NEW,LA,ASW,CE,Towers with Radar,0,13,70,0,83,0,1,60,3,64,0,14,130,3,147,46,10,56,203
12/11/2014,NEW,LA,ASW,CE,Towers with Radar,0,11,72,8,91,0,2,37,2,41,0,13,109,10,132,24,0,24,156
12/12/2014,NEW,LA,ASW,CE,Towers with Radar,0,18,71,14,103,0,2,40,3,45,0,20,111,17,148,78,18,96,244
12/13/2014,NEW,LA,ASW,CE,Towers with Radar,0,6,40,1,47,0,2,59,9,70,0,8,99,10,117,24,0,24,141
12/14/2014,NEW,LA,ASW,CE,Towers with Radar,0,4,49,9,62,0,0,50,1,51,0,4,99,10,113,38,0,38,151
12/15/2014,NEW,LA,ASW,CE,Towers with Radar,0,8,46,6,60,0,0,29,1,30,0,8,75,7,90,4,0,4,94
12/16/2014,NEW,LA,ASW,CE,Towers with Radar,0,4,33,4,41,0,0,55,5,60,0,4,88,9,101,64,22,86,187
12/17/2014,NEW,LA,ASW,CE,Towers with Radar,0,3,34,3,40,0,3,49,1,53,0,6,83,4,93,52,4,56,149
12/18/2014,NEW,LA,ASW,CE,Towers with Radar,0,8,42,10,60,0,8,30,2,40,0,16,72,12,100,22,0,22,122
12/19/2014,NEW,LA,ASW,CE,Towers with Radar,0,5,46,0,51,0,0,0,0,0,0,5,46,0,51,0,0,0,51
12/20/2014,NEW,LA,ASW,CE,Towers with Radar,0,2,45,6,53,0,0,4,0,4,0,2,49,6,57,4,0,4,61
12/21/2014,NEW,LA,ASW,CE,Towers with Radar,0,6,82,4,92,0,0,18,0,18,0,6,100,4,110,4,0,4,114
12/22/2014,NEW,LA,ASW,CE,Towers with Radar,0,4,42,1,47,0,0,15,0,15,0,4,57,1,62,2,0,2,64
12/23/2014,NEW,LA,ASW,CE,Towers with Radar,0,1,13,0,14,0,0,3,0,3,0,1,16,0,17,0,0,0,17
12/24/2014,NEW,LA,ASW,CE,Towers with Radar,0,8,22,0,30,0,1,22,0,23,0,9,44,0,53,10,0,10,63
12/25/2014,NEW,LA,ASW,CE,Towers with Radar,0,1,7,0,8,0,1,18,0,19,0,2,25,0,27,10,0,10,37
12/26/2014,NEW,LA,ASW,CE,Towers with Radar,0,5,45,0,50,0,1,66,0,67,0,6,111,0,117,70,0,70,187
12/27/2014,NEW,LA,ASW,CE,Towers with Radar,0,2,31,0,33,0,0,1,0,1,0,2,32,0,34,0,0,0,34
12/28/2014,NEW,LA,ASW,CE,Towers with Radar,0,0,15,0,15,0,0,0,0,0,0,0,15,0,15,0,0,0,15
12/29/2014,NEW,LA,ASW,CE,Towers with Radar,0,1,40,4,45,0,0,8,0,8,0,1,48,4,53,20,4,24,77
12/30/2014,NEW,LA,ASW,CE,Towers with Radar,0,14,85,4,103,0,1,7,0,8,0,15,92,4,111,0,0,0,111
12/31/2014,NEW,LA,ASW,CE,Towers with Radar,0,12,72,0,84,0,3,78,0,81,0,15,150,0,165,28,0,28,193
01/01/2015,NEW,LA,ASW,CE,Towers with Radar,0,19,112,0,131,0,0,2,4,6,0,19,114,4,137,0,0,0,137
01/02/2015,NEW,LA,ASW,CE,Towers with Radar,0,21,136,2,159,0,1,12,0,13,0,22,148,2,172,12,0,12,184
01/03/2015,NEW,LA,ASW,CE,Towers with Radar,0,9,54,0,63,0,0,3,0,3,0,9,57,0,66,2,0,2,68
01/04/2015,NEW,LA,ASW,CE,Towers with Radar,0,6,56,0,62,0,0,55,0,55,0,6,111,0,117,66,0,66,183
01/05/2015,NEW,LA,ASW,CE,Towers with Radar,0,1,32,0,33,0,2,34,0,36,0,3,66,0,69,64,0,64,133
01/06/2015,NEW,LA,ASW,CE,Towers with Radar,0,2,20,4,26,0,3,54,10,67,0,5,74,14,93,60,2,62,155
01/07/2015,NEW,LA,ASW,CE,Towers with Radar,0,3,30,4,37,0,2,28,5,35,0,5,58,9,72,40,22,62,134
01/08/2015,NEW,LA,ASW,CE,Towers with Radar,0,4,47,13,64,0,1,34,6,41,0,5,81,19,105,50,18,68,173
01/09/2015,NEW,LA,ASW,CE,Towers with Radar,0,3,49,1,53,0,0,24,5,29,0,3,73,6,82,28,12,40,122
01/10/2015,NEW,LA,ASW,CE,Towers with Radar,0,6,27,2,35,0,6,68,6,80,0,12,95,8,115,78,8,86,201
01/11/2015,NEW,LA,ASW,CE,Towers with Radar,0,4,45,8,57,0,2,11,2,15,0,6,56,10,72,28,0,28,100
01/12/2015,NEW,LA,ASW,CE,Towers with Radar,0,13,28,9,50,0,0,4,0,4,0,13,32,9,54,0,0,0,54
01/13/2015,NEW,LA,ASW,CE,Towers with Radar,0,1,29,6,36,0,1,18,0,19,0,2,47,6,55,30,0,30,85
01/14/2015,NEW,LA,ASW,CE,Towers with Radar,0,5,45,7,57,0,0,4,0,4,0,5,49,7,61,0,0,0,61
01/15/2015,NEW,LA,ASW,CE,Towers with Radar,0,3,37,0,40,0,0,1,0,1,0,3,38,0,41,0,0,0,41
01/16/2015,NEW,LA,ASW,CE,Towers with Radar,0,6,69,17,92,0,0,48,2,50,0,6,117,19,142,114,16,130,272
01/17/2015,NEW,LA,ASW,CE,Towers with Radar,0,1,43,2,46,0,0,66,0,66,0,1,109,2,112,92,0,92,204
01/18/2015,NEW,LA,ASW,CE,Towers with Radar,0,7,61,4,72,0,0,84,0,84,0,7,145,4,156,62,0,62,218
01/19/2015,NEW,LA,ASW,CE,Towers with Radar,0,5,41,4,50,0,4,54,0,58,0,9,95,4,108,62,0,62,170
01/20/2015,NEW,LA,ASW,CE,Towers with Radar,0,6,41,4,51,0,1,64,3,68,0,7,105,7,119,54,12,66,185
01/21/2015,NEW,LA,ASW,CE,Towers with Radar,0,5,39,2,46,0,3,49,1,53,0,8,88,3,99,78,18,96,195
01/22/2015,NEW,LA,ASW,CE,Towers with Radar,0,9,40,3,52,0,1,15,0,16,0,10,55,3,68,50,0,50,118
01/23/2015,NEW,LA,ASW,CE,Towers with Radar,0,3,41,12,56,0,0,0,1,1,0,3,41,13,57,0,0,0,57
01/24/2015,NEW,LA,ASW,CE,Towers with Radar,0,5,37,4,46,0,4,94,5,103,0,9,131,9,149,64,10,74,223
01/25/2015,NEW,LA,ASW,CE,Towers with Radar,0,7,66,2,75,0,3,76,2,81,0,10,142,4,156,38,0,38,194
01/26/2015,NEW,LA,ASW,CE,Towers with Radar,0,2,28,2,32,0,0,39,0,39,0,2,67,2,71,24,0,24,95
01/27/2015,NEW,LA,ASW,CE,Towers with Radar,0,8,24,5,37,0,1,51,2,54,0,9,75,7,91,48,0,48,139
01/28/2015,NEW,LA,ASW,CE,Towers with Radar,0,2,34,13,49,0,0,55,5,60,0,2,89,18,109,16,20,36,145
01/29/2015,NEW,LA,ASW,CE,Towers with Radar,0,5,41,3,49,0,2,55,5,62,0,7,96,8,111,60,2,62,173
01/30/2015,NEW,LA,ASW,CE,Towers with Radar,0,11,44,2,57,0,2,52,2,56,0,13,96,4,113,66,0,66,179
01/31/2015,NEW,LA,ASW,CE,Towers with Radar,0,4,23,3,30,0,5,62,1,68,0,9,85,4,98,18,6,24,122
02/01/2015,NEW,LA,ASW,CE,Towers with Radar,0,4,42,7,53,0,1,20,0,21,0,5,62,7,74,22,0,22,96
02/02/2015,NEW,LA,ASW,CE,Towers with Radar,0,8,36,4,48,0,2,45,1,48,0,10,81,5,96,12,0,12,108
02/03/2015,NEW,LA,ASW,CE,Towers with Radar,0,3,39,5,47,0,2,43,4,49,0,5,82,9,96,32,16,48,144
02/04/2015,NEW,LA,ASW,CE,Towers with Radar,0,2,35,4,41,0,0,0,0,0,0,2,35,4,41,0,0,0,41
02/05/2015,NEW,LA,ASW,CE,Towers with Radar,0,5,34,3,42,0,5,39,8,52,0,10,73,11,94,36,2,38,132
02/06/2015,NEW,LA,ASW,CE,Towers with Radar,0,10,62,2,74,0,1,69,3,73,0,11,131,5,147,46,0,46,193
02/07/2015,NEW,LA,ASW,CE,Towers with Radar,0,6,39,5,50,0,0,115,10,125,0,6,154,15,175,102,26,128,303
02/08/2015,NEW,LA,ASW,CE,Towers with Radar,0,7,61,6,74,0,0,88,6,94,0,7,149,12,168,20,0,20,188
02/09/2015,NEW,LA,ASW,CE,Towers with Radar,0,6,38,1,45,0,2,51,0,53,0,8,89,1,98,26,0,26,124
02/10/2015,NEW,LA,ASW,CE,Towers with Radar,0,0,34,9,43,0,2,30,3,35,0,2,64,12,78,22,12,34,112
02/11/2015,NEW,LA,ASW,CE,Towers with Radar,0,7,53,8,68,0,1,59,4,64,0,8,112,12,132,36,0,36,168
02/12/2015,NEW,LA,ASW,CE,Towers with Radar,0,6,78,7,91,0,2,62,0,64,0,8,140,7,155,56,16,72,227
02/13/2015,NEW,LA,ASW,CE,Towers with Radar,0,8,86,0,94,0,6,79,2,87,0,14,165,2,181,42,0,42,223
02/14/2015,NEW,LA,ASW,CE,Towers with Radar,0,7,61,0,68,0,4,88,4,96,0,11,149,4,164,26,0,26,190
02/15/2015,NEW,LA,ASW,CE,Towers with Radar,0,6,82,0,88,0,2,40,2,44,0,8,122,2,132,10,0,10,142
02/16/2015,NEW,LA,ASW,CE,Towers with Radar,0,10,56,4,70,0,0,11,0,11,0,10,67,4,81,4,0,4,85
02/17/2015,NEW,LA,ASW,CE,Towers with Radar,0,3,37,0,40,0,11,22,6,39,0,14,59,6,79,18,0,18,97
02/18/2015,NEW,LA,ASW,CE,Towers with Radar,0,12,48,2,62,0,2,38,0,40,0,14,86,2,102,18,0,18,120
02/19/2015,NEW,LA,ASW,CE,Towers with Radar,0,3,43,0,46,0,3,52,2,57,0,6,95,2,103,68,0,68,171
02/20/2015,NEW,LA,ASW,CE,Towers with Radar,0,10,44,11,65,0,1,45,6,52,0,11,89,17,117,10,6,16,133
02/21/2015,NEW,LA,ASW,CE,Towers with Radar,0,9,38,5,52,0,0,32,9,41,0,9,70,14,93,18,30,48,141
02/22/2015,NEW,LA,ASW,CE,Towers with Radar,0,8,57,8,73,0,1,51,0,52,0,9,108,8,125,48,0,48,173
02/23/2015,NEW,LA,ASW,CE,Towers with Radar,0,6,50,4,60,0,1,2,0,3,0,7,52,4,63,0,0,0,63
02/24/2015,NEW,LA,ASW,CE,Towers with Radar,0,12,54,3,69,0,0,11,0,11,0,12,65,3,80,34,0,34,114
02/25/2015,NEW,LA,ASW,CE,Towers with Radar,0,14,50,2,66,0,0,0,0,0,0,14,50,2,66,0,0,0,66
02/26/2015,NEW,LA,ASW,CE,Towers with Radar,0,11,73,4,88,0,1,22,2,25,0,12,95,6,113,16,0,16,129
02/27/2015,NEW,LA,ASW,CE,Towers with Radar,0,14,55,10,79,0,2,57,3,62,0,16,112,13,141,22,0,22,163
02/28/2015,NEW,LA,ASW,CE,Towers with Radar,0,11,27,8,46,0,1,89,0,90,0,12,116,8,136,94,4,98,234
03/01/2015,NEW,LA,ASW,CE,Towers with Radar,0,12,56,0,68,0,0,0,0,0,0,12,56,0,68,0,0,0,68
03/02/2015,NEW,LA,ASW,CE,Towers with Radar,0,4,43,7,54,0,0,7,0,7,0,4,50,7,61,4,0,4,65
03/03/2015,NEW,LA,ASW,CE,Towers with Radar,0,4,33,4,41,0,0,17,0,17,0,4,50,4,58,32,0,32,90
03/04/2015,NEW,LA,ASW,CE,Towers with Radar,0,6,35,1,42,0,1,30,1,32,0,7,65,2,74,32,0,32,106
03/05/2015,NEW,LA,ASW,CE,Towers with Radar,0,11,38,5,54,0,0,2,0,2,0,11,40,5,56,0,0,0,56
03/06/2015,NEW,LA,ASW,CE,Towers with Radar,0,11,50,9,70,0,2,71,5,78,0,13,121,14,148,32,0,32,180
03/07/2015,NEW,LA,ASW,CE,Towers with Radar,0,3,55,5,63,0,0,100,7,107,0,3,155,12,170,150,8,158,328
03/08/2015,NEW,LA,ASW,CE,Towers with Radar,0,13,74,6,93,0,0,69,2,71,0,13,143,8,164,50,20,70,234
03/09/2015,NEW,LA,ASW,CE,Towers with Radar,0,4,23,2,29,0,0,0,0,0,0,4,23,2,29,0,0,0,29
03/10/2015,NEW,LA,ASW,CE,Towers with Radar,0,9,27,0,36,0,0,4,0,4,0,9,31,0,40,24,0,24,64
03/11/2015,NEW,LA,ASW,CE,Towers with Radar,0,8,47,0,55,0,0,1,0,1,0,8,48,0,56,6,0,6,62
03/12/2015,NEW,LA,ASW,CE,Towers with Radar,0,5,29,0,34,0,0,0,0,0,0,5,29,0,34,0,0,0,34
03/13/2015,NEW,LA,ASW,CE,Towers with Radar,0,6,50,2,58,0,0,15,0,15,0,6,65,2,73,12,0,12,85
03/14/2015,NEW,LA,ASW,CE,Towers with Radar,0,6,75,7,88,0,7,63,1,71,0,13,138,8,159,86,0,86,245
03/15/2015,NEW,LA,ASW,CE,Towers with Radar,0,10,54,1,65,0,1,67,0,68,0,11,121,1,133,56,0,56,189
03/16/2015,NEW,LA,ASW,CE,Towers with Radar,0,4,26,2,32,0,0,52,1,53,0,4,78,3,85,32,0,32,117
03/17/2015,NEW,LA,ASW,CE,Towers with Radar,0,4,39,6,49,0,2,59,2,63,0,6,98,8,112,76,14,90,202
03/18/2015,NEW,LA,ASW,CE,Towers with Radar,0,9,48,4,61,0,0,37,3,40,0,9,85,7,101,30,10,40,141
03/19/2015,NEW,LA,ASW,CE,Towers with Radar,0,15,56,1,72,0,0,57,3,60,0,15,113,4,132,68,2,70,202
03/20/2015,NEW,LA,ASW,CE,Towers with Radar,0,9,58,9,76,0,1,27,0,28,0,10,85,9,104,12,0,12,116
03/21/2015,NEW,LA,ASW,CE,Towers with Radar,0,10,36,1,47,0,4,42,0,46,0,14,78,1,93,58,0,58,151
03/22/2015,NEW,LA,ASW,CE,Towers with Radar,0,16,74,4,94,0,1,18,4,23,0,17,92,8,117,10,0,10,127
03/23/2015,NEW,LA,ASW,CE,Towers with Radar,0,17,56,5,78,0,3,27,2,32,0,20,83,7,110,26,0,26,136
03/24/2015,NEW,LA,ASW,CE,Towers with Radar,0,14,50,2,66,0,2,32,3,37,0,16,82,5,103,22,6,28,131
03/25/2015,NEW,LA,ASW,CE,Towers with Radar,0,15,62,6,83,0,3,38,2,43,0,18,100,8,126,22,0,22,148
03/26/2015,NEW,LA,ASW,CE,Towers with Radar,0,5,50,2,57,0,0,4,0,4,0,5,54,2,61,6,0,6,67
03/27/2015,NEW,LA,ASW,CE,Towers with Radar,0,10,81,10,101,0,0,59,12,71,0,10,140,22,172,70,6,76,248
03/28/2015,NEW,LA,ASW,CE,Towers with Radar,0,5,57,6,68,0,1,85,7,93,0,6,142,13,161,74,18,92,253
03/29/2015,NEW,LA,ASW,CE,Towers with Radar,0,17,90,7,114,0,2,101,5,108,0,19,191,12,222,64,12,76,298
03/30/2015,NEW,LA,ASW,CE,Towers with Radar,0,2,35,2,39,0,3,43,0,46,0,5,78,2,85,46,0,46,131
03/31/2015,NEW,LA,ASW,CE,Towers with Radar,0,5,41,0,46,0,3,52,3,58,0,8,93,3,104,38,0,38,142
04/01/2015,NEW,LA,ASW,CE,Towers with Radar,0,0,60,4,64,0,0,46,2,48,0,0,106,6,112,42,0,42,154
04/02/2015,NEW,LA,ASW,CE,Towers with Radar,0,5,35,9,49,0,9,39,14,62,0,14,74,23,111,32,22,54,165
04/03/2015,NEW,LA,ASW,CE,Towers with Radar,0,2,47,8,57,0,2,46,4,52,0,4,93,12,109,44,8,52,161
04/04/2015,NEW,LA,ASW,CE,Towers with Radar,0,7,40,11,58,0,4,45,0,49,0,11,85,11,107,10,0,10,117
04/05/2015,NEW,LA,ASW,CE,Towers with Radar,0,4,51,1,56,0,0,30,0,30,0,4,81,1,86,16,0,16,102
04/06/2015,NEW,LA,ASW,CE,Towers with Radar,0,0,43,11,54,0,0,33,2,35,0,0,76,13,89,28,0,28,117
04/07/2015,NEW,LA,ASW,CE,Towers with Radar,0,4,29,4,37,0,0,39,4,43,0,4,68,8,80,46,6,52,132
04/08/2015,NEW,LA,ASW,CE,Towers with Radar,0,10,45,4,59,0,0,56,3,59,0,10,101,7,118,34,0,34,152
04/09/2015,NEW,LA,ASW,CE,Towers with Radar,0,9,73,4,86,0,5,20,6,31,0,14,93,10,117,2,28,30,147
04/10/2015,NEW,LA,ASW,CE,Towers with Radar,0,2,51,0,53,0,4,26,0,30,0,6,77,0,83,28,0,28,111
04/11/2015,NEW,LA,ASW,CE,Towers with Radar,0,5,47,29,81,0,1,28,2,31,0,6,75,31,112,70,10,80,192
04/12/2015,NEW,LA,ASW,CE,Towers with Radar,0,11,60,0,71,0,0,3,0,3,0,11,63,0,74,0,0,0,74
04/13/2015,NEW,LA,ASW,CE,Towers with Radar,0,2,28,0,30,0,1,11,0,12,0,3,39,0,42,0,0,0,42
04/14/2015,NEW,LA,ASW,CE,Towers with Radar,0,5,18,0,23,0,0,1,0,1,0,5,19,0,24,0,0,0,24
04/15/2015,NEW,LA,ASW,CE,Towers with Radar,0,4,27,0,31,0,0,17,2,19,0,4,44,2,50,12,0,12,62
04/16/2015,NEW,LA,ASW,CE,Towers with Radar,0,13,43,0,56,0,0,20,1,21,0,13,63,1,77,26,0,26,103
04/17/2015,NEW,LA,ASW,CE,Towers with Radar,0,13,55,17,85,0,0,18,1,19,0,13,73,18,104,64,0,64,168
04/18/2015,NEW,LA,ASW,CE,Towers with Radar,0,6,24,0,30,0,2,27,0,29,0,8,51,0,59,40,0,40,99
04/19/2015,NEW,LA,ASW,CE,Towers with Radar,0,20,56,5,81,0,4,86,2,92,0,24,142,7,173,100,0,100,273
04/20/2015,NEW,LA,ASW,CE,Towers with Radar,0,4,27,0,31,0,1,64,2,67,0,5,91,2,98,42,0,42,140
04/21/2015,NEW,LA,ASW,CE,Towers with Radar,0,2,41,8,51,0,0,70,1,71,0,2,111,9,122,42,0,42,164
04/22/2015,NEW,LA,ASW,CE,Towers with Radar,0,5,39,6,50,0,2,80,8,90,0,7,119,14,140,66,6,72,212
04/23/2015,NEW,LA,ASW,CE,Towers with Radar,0,9,60,7,76,0,0,26,4,30,0,9,86,11,106,58,0,58,164
04/24/2015,NEW,LA,ASW,CE,Towers with Radar,0,12,78,3,93,0,1,44,0,45,0,13,122,3,138,70,0,70,208
04/25/2015,NEW,LA,ASW,CE,Towers with Radar,0,7,40,1,48,0,0,37,2,39,0,7,77,3,87,34,0,34,121
04/26/2015,NEW,LA,ASW,CE,Towers with Radar,0,12,75,8,95,0,3,84,4,91,0,15,159,12,186,104,0,104,290
04/27/2015,NEW,LA,ASW,CE,Towers with Radar,0,4,42,2,48,0,0,8,0,8,0,4,50,2,56,0,0,0,56
04/28/2015,NEW,LA,ASW,CE,Towers with Radar,0,9,38,4,51,0,0,26,6,32,0,9,64,10,83,28,0,28,111
04/29/2015,NEW,LA,ASW,CE,Towers with Radar,0,10,60,7,77,0,0,59,1,60,0,10,119,8,137,64,0,64,201
04/30/2015,NEW,LA,ASW,CE,Towers with Radar,0,18,95,5,118,0,2,60,3,65,0,20,155,8,183,32,0,32,215
05/01/2015,NEW,LA,ASW,CE,Towers with Radar,0,16,65,11,92,0,1,85,5,91,0,17,150,16,183,122,10,132,315
05/02/2015,NEW,LA,ASW,CE,Towers with Radar,0,8,50,9,67,0,1,103,5,109,0,9,153,14,176,88,0,88,264
05/03/2015,NEW,LA,ASW,CE,Towers with Radar,0,22,109,21,152,0,0,99,4,103,0,22,208,25,255,106,14,120,375
05/04/2015,NEW,LA,ASW,CE,Towers with Radar,0,9,61,0,70,0,3,48,0,51,0,12,109,0,121,28,0,28,149
05/05/2015,NEW,LA,ASW,CE,Towers with Radar,0,4,56,12,72,0,4,40,2,46,0,8,96,14,118,10,6,16,134
05/06/2015,NEW,LA,ASW,CE,Towers with Radar,0,9,58,14,81,0,3,34,0,37,0,12,92,14,118,26,6,32,150
05/07/2015,NEW,LA,ASW,CE,Towers with Radar,0,5,51,12,68,0,1,76,2,79,0,6,127,14,147,66,0,66,213
05/08/2015,NEW,LA,ASW,CE,Towers with Radar,0,10,67,9,86,0,15,72,2,89,0,25,139,11,175,62,0,62,237
05/09/2015,NEW,LA,ASW,CE,Towers with Radar,0,12,41,8,61,0,6,79,1,86,0,18,120,9,147,134,12,146,293
05/10/2015,NEW,LA,ASW,CE,Towers with Radar,0,11,61,4,76,0,0,60,2,62,0,11,121,6,138,56,0,56,194
05/11/2015,NEW,LA,ASW,CE,Towers with Radar,0,3,28,3,34,0,0,13,2,15,0,3,41,5,49,34,22,56,105
05/12/2015,NEW,LA,ASW,CE,Towers with Radar,0,9,40,2,51,0,4,18,5,27,0,13,58,7,78,80,8,88,166
05/13/2015,NEW,LA,ASW,CE,Towers with Radar,0,11,50,0,61,0,5,30,1,36,0,16,80,1,97,54,0,54,151
05/14/2015,NEW,LA,ASW,CE,Towers with Radar,0,5,52,3,60,0,2,23,3,28,0,7,75,6,88,42,0,42,130
05/15/2015,NEW,LA,ASW,CE,Towers with Radar,0,15,48,1,64,0,0,20,5,25,0,15,68,6,89,50,0,50,139
05/16/2015,NEW,LA,ASW,CE,Towers with Radar,0,4,20,4,28,0,2,37,1,40,0,6,57,5,68,94,2,96,164
05/17/2015,NEW,LA,ASW,CE,Towers with Radar,0,13,56,4,73,0,1,20,1,22,0,14,76,5,95,6,0,6,101
05/18/2015,NEW,LA,ASW,CE,Towers with Radar,0,4,32,3,39,0,0,14,0,14,0,4,46,3,53,6,0,6,59
05/19/2015,NEW,LA,ASW,CE,Towers with Radar,0,8,50,5,63,0,0,39,0,39,0,8,89,5,102,60,4,64,166
05/20/2015,NEW,LA,ASW,CE,Towers with Radar,0,1,57,10,68,0,2,58,0,60,0,3,115,10,128,32,4,36,164
05/21/2015,NEW,LA,ASW,CE,Towers with Radar,0,10,36,4,50,0,3,37,0,40,0,13,73,4,90,28,0,28,118
05/22/2015,NEW,LA,ASW,CE,Towers with Radar,0,10,57,1,68,0,3,58,1,62,0,13,115,2,130,95,0,95,225
05/23/2015,NEW,LA,ASW,CE,Towers with Radar,0,1,35,6,42,0,4,80,2,86,0,5,115,8,128,56,10,66,194
05/24/2015,NEW,LA,ASW,CE,Towers with Radar,0,3,44,0,47,0,2,37,1,40,0,5,81,1,87,26,0,26,113
05/25/2015,NEW,LA,ASW,CE,Towers with Radar,0,6,41,0,47,0,1,19,0,20,0,7,60,0,67,0,0,0,67
05/26/2015,NEW,LA,ASW,CE,Towers with Radar,0,4,34,5,43,0,1,31,0,32,0,5,65,5,75,8,0,8,83
05/27/2015,NEW,LA,ASW,CE,Towers with Radar,0,2,29,4,35,0,0,14,0,14,0,2,43,4,49,36,0,36,85
05/28/2015,NEW,LA,ASW,CE,Towers with Radar,0,6,59,3,68,0,3,42,6,51,0,9,101,9,119,86,0,86,205
05/29/2015,NEW,LA,ASW,CE,Towers with Radar,0,12,34,0,46,0,1,69,2,72,0,13,103,2,118,68,0,68,186
05/30/2015,NEW,LA,ASW,CE,Towers with Radar,0,5,28,3,36,0,3,60,2,65,0,8,88,5,101,122,0,122,223
05/31/2015,NEW,LA,ASW,CE,Towers with Radar,0,8,29,0,37,0,0,34,2,36,0,8,63,2,73,54,0,54,127
06/01/2015,NEW,LA,ASW,CE,Towers with Radar,0,9,23,0,32,0,2,41,0,43,0,11,64,0,75,34,0,34,109
06/02/2015,NEW,LA,ASW,CE,Towers with Radar,0,6,26,4,36,0,2,43,1,46,0,8,69,5,82,44,6,50,132
06/03/2015,NEW,LA,ASW,CE,Towers with Radar,0,6,43,0,49,0,2,46,2,50,0,8,89,2,99,64,0,64,163
06/04/2015,NEW,LA,ASW,CE,Towers with Radar,0,15,41,5,61,0,3,73,4,80,0,18,114,9,141,70,0,70,211
06/05/2015,NEW,LA,ASW,CE,Towers with Radar,0,11,64,6,81,0,1,61,1,63,0,12,125,7,144,78,0,78,222
06/06/2015,NEW,LA,ASW,CE,Towers with Radar,0,7,33,8,48,0,0,86,3,89,0,7,119,11,137,66,0,66,203
06/07/2015,NEW,LA,ASW,CE,Towers with Radar,0,13,68,16,97,0,1,50,1,52,0,14,118,17,149,60,2,62,211
06/08/2015,NEW,LA,ASW,CE,Towers with Radar,0,8,41,4,53,0,0,42,8,50,0,8,83,12,103,50,12,62,165
06/09/2015,NEW,LA,ASW,CE,Towers with Radar,0,5,36,0,41,0,0,21,0,21,0,5,57,0,62,64,0,64,126
06/10/2015,NEW,LA,ASW,CE,Towers with Radar,0,8,60,4,72,0,0,48,3,51,0,8,108,7,123,62,0,62,185
06/11/2015,NEW,LA,ASW,CE,Towers with Radar,0,11,48,2,61,0,4,37,2,43,0,15,85,4,104,100,0,100,204
06/12/2015,NEW,LA,ASW,CE,Towers with Radar,0,3,41,4,48,0,8,25,1,34,0,11,66,5,82,36,0,36,118
06/13/2015,NEW,LA,ASW,CE,Towers with Radar,0,9,25,2,36,0,2,45,0,47,0,11,70,2,83,70,2,72,155
06/14/2015,NEW,LA,ASW,CE,Towers with Radar,0,8,63,0,71,0,0,43,1,44,0,8,106,1,115,20,0,20,135
06/15/2015,NEW,LA,ASW,CE,Towers with Radar,0,9,20,1,30,0,0,26,3,29,0,9,46,4,59,4,8,12,71
06/16/2015,NEW,LA,ASW,CE,Towers with Radar,0,6,28,13,47,0,1,36,3,40,0,7,64,16,87,56,0,56,143
06/17/2015,NEW,LA,ASW,CE,Towers with Radar,0,5,40,8,53,0,2,40,3,45,0,7,80,11,98,50,0,50,148
06/18/2015,NEW,LA,ASW,CE,Towers with Radar,0,14,43,8,65,0,1,55,1,57,0,15,98,9,122,20,6,26,148
06/19/2015,NEW,LA,ASW,CE,Towers with Radar,0,6,61,6,73,0,0,47,1,48,0,6,108,7,121,56,2,58,179
06/20/2015,NEW,LA,ASW,CE,Towers with Radar,0,5,33,4,42,0,1,71,4,76,0,6,104,8,118,108,0,108,226
06/21/2015,NEW,LA,ASW,CE,Towers with Radar,0,10,55,1,66,0,2,72,3,77,0,12,127,4,143,80,0,80,223
06/22/2015,NEW,LA,ASW,CE,Towers with Radar,0,11,25,4,40,0,5,35,3,43,0,16,60,7,83,42,4,46,129
06/23/2015,NEW,LA,ASW,CE,Towers with Radar,0,10,34,0,44,0,2,33,2,37,0,12,67,2,81,26,0,26,107
06/24/2015,NEW,LA,ASW,CE,Towers with Radar,0,5,39,2,46,0,6,48,0,54,0,11,87,2,100,54,0,54,154
06/25/2015,NEW,LA,ASW,CE,Towers with Radar,0,5,49,0,54,0,1,52,1,54,0,6,101,1,108,74,0,74,182
06/26/2015,NEW,LA,ASW,CE,Towers with Radar,0,6,52,2,60,0,3,63,2,68,0,9,115,4,128,74,0,74,202
06/27/2015,NEW,LA,ASW,CE,Towers with Radar,0,6,51,2,59,0,0,55,1,56,0,6,106,3,115,38,0,38,153
06/28/2015,NEW,LA,ASW,CE,Towers with Radar,0,11,92,3,106,0,0,55,0,55,0,11,147,3,161,96,0,96,257
06/29/2015,NEW,LA,ASW,CE,Towers with Radar,0,4,38,2,44,0,0,41,1,42,0,4,79,3,86,98,0,98,184
06/30/2015,NEW,LA,ASW,CE,Towers with Radar,0,6,45,2,53,0,0,28,0,28,0,6,73,2,81,30,0,30,111
07/01/2015,NEW,LA,ASW,CE,Towers with Radar,0,11,37,0,48,0,4,39,1,44,0,15,76,1,92,60,2,62,154
07/02/2015,NEW,LA,ASW,CE,Towers with Radar,0,2,44,6,52,0,0,42,0,42,0,2,86,6,94,42,4,46,140
07/03/2015,NEW,LA,ASW,CE,Towers with Radar,0,0,22,1,23,0,0,63,1,64,0,0,85,2,87,72,0,72,159
07/04/2015,NEW,LA,ASW,CE,Towers with Radar,0,1,15,4,20,0,0,21,0,21,0,1,36,4,41,22,0,22,63
07/05/2015,NEW,LA,ASW,CE,Towers with Radar,0,2,39,3,44,0,0,30,2,32,0,2,69,5,76,28,0,28,104
07/06/2015,NEW,LA,ASW,CE,Towers with Radar,0,5,27,4,36,0,3,36,3,42,0,8,63,7,78,44,2,46,124
07/07/2015,NEW,LA,ASW,CE,Towers with Radar,0,4,22,5,31,0,1,57,2,60,0,5,79,7,91,62,0,62,153
07/08/2015,NEW,LA,ASW,CE,Towers with Radar,0,3,33,4,40,0,0,32,1,33,0,3,65,5,73,14,0,14,87
07/09/2015,NEW,LA,ASW,CE,Towers with Radar,1,5,31,14,51,0,6,54,6,66,1,11,85,20,117,98,6,104,221
07/10/2015,NEW,LA,ASW,CE,Towers with Radar,0,2,47,2,51,0,0,60,4,64,0,2,107,6,115,80,0,80,195
07/11/2015,NEW,LA,ASW,CE,Towers with Radar,0,2,49,11,62,0,1,78,0,79,0,3,127,11,141,74,0,74,215
07/12/2015,NEW,LA,ASW,CE,Towers with Radar,0,6,44,1,51,0,0,51,5,56,0,6,95,6,107,22,0,22,129
07/13/2015,NEW,LA,ASW,CE,Towers with Radar,0,7,24,12,43,0,0,45,8,53,0,7,69,20,96,46,6,52,148
07/14/2015,NEW,LA,ASW,CE,Towers with Radar,0,2,24,0,26,0,0,62,1,63,0,2,86,1,89,12,0,12,101
07/15/2015,NEW,LA,ASW,CE,Towers with Radar,0,6,24,2,32,0,0,55,6,61,0,6,79,8,93,28,0,28,121
07/16/2015,NEW,LA,ASW,CE,Towers with Radar,0,6,43,0,49,0,1,39,10,50,0,7,82,10,99,14,0,14,113
07/17/2015,NEW,LA,ASW,CE,Towers with Radar,0,7,45,2,54,0,0,39,2,41,0,7,84,4,95,26,0,26,121
07/18/2015,NEW,LA,ASW,CE,Towers with Radar,0,2,29,1,32,0,0,60,2,62,0,2,89,3,94,20,0,20,114
07/19/2015,NEW,LA,ASW,CE,Towers with Radar,0,9,37,1,47,0,0,61,1,62,0,9,98,2,109,44,0,44,153
07/20/2015,NEW,LA,ASW,CE,Towers with Radar,0,7,38,4,49,0,0,20,1,21,0,7,58,5,70,8,0,8,78
07/21/2015,NEW,LA,ASW,CE,Towers with Radar,0,8,28,3,39,0,1,40,7,48,0,9,68,10,87,26,0,26,113
07/22/2015,NEW,LA,ASW,CE,Towers with Radar,0,9,33,19,61,0,2,46,2,50,0,11,79,21,111,38,6,44,155
07/23/2015,NEW,LA,ASW,CE,Towers with Radar,0,6,34,2,42,0,1,68,2,71,0,7,102,4,113,22,0,22,135
07/24/2015,NEW,LA,ASW,CE,Towers with Radar,0,9,28,18,55,0,1,58,11,70,0,10,86,29,125,20,18,38,163
07/25/2015,NEW,LA,ASW,CE,Towers with Radar,0,4,28,4,36,0,0,49,4,53,0,4,77,8,89,58,0,58,147
07/26/2015,NEW,LA,ASW,CE,Towers with Radar,0,7,31,0,38,0,1,55,5,61,0,8,86,5,99,90,28,118,217
07/27/2015,NEW,LA,ASW,CE,Towers with Radar,0,8,33,0,41,0,0,30,7,37,0,8,63,7,78,32,0,32,110
07/28/2015,NEW,LA,ASW,CE,Towers with Radar,0,4,38,2,44,0,5,26,0,31,0,9,64,2,75,48,0,48,123
07/29/2015,NEW,LA,ASW,CE,Towers with Radar,0,2,30,5,37,0,4,33,3,40,0,6,63,8,77,14,0,14,91
07/30/2015,NEW,LA,ASW,CE,Towers with Radar,0,8,34,7,49,0,2,23,2,27,0,10,57,9,76,32,8,40,116
07/31/2015,NEW,LA,ASW,CE,Towers with Radar,0,2,31,2,35,0,0,46,5,51,0,2,77,7,86,46,0,46,132
08/01/2015,NEW,LA,ASW,CE,Towers with Radar,0,1,25,2,28,0,1,75,2,78,0,2,100,4,106,56,0,56,162
08/02/2015,NEW,LA,ASW,CE,Towers with Radar,0,8,37,0,45,0,0,74,5,79,0,8,111,5,124,80,0,80,204
08/03/2015,NEW,LA,ASW,CE,Towers with Radar,0,1,22,2,25,0,1,27,1,29,0,2,49,3,54,4,0,4,58
08/04/2015,NEW,LA,ASW,CE,Towers with Radar,0,2,25,6,33,0,0,23,6,29,0,2,48,12,62,36,0,36,98
08/05/2015,NEW,LA,ASW,CE,Towers with Radar,0,4,22,2,28,0,2,50,0,52,0,6,72,2,80,10,0,10,90
08/06/2015,NEW,LA,ASW,CE,Towers with Radar,0,13,41,5,59,0,3,41,10,54,0,16,82,15,113,36,10,46,159
08/07/2015,NEW,LA,ASW,CE,Towers with Radar,0,4,28,3,35,0,4,73,3,80,0,8,101,6,115,52,0,52,167
08/08/2015,NEW,LA,ASW,CE,Towers with Radar,0,1,36,0,37,0,3,72,7,82,0,4,108,7,119,60,0,60,179
08/09/2015,NEW,LA,ASW,CE,Towers with Radar,0,8,33,4,45,0,0,55,4,59,0,8,88,8,104,26,28,54,158
08/10/2015,NEW,LA,ASW,CE,Towers with Radar,0,9,19,0,28,0,0,40,0,40,0,9,59,0,68,50,0,50,118
08/11/2015,NEW,LA,ASW,CE,Towers with Radar,0,2,38,0,40,0,2,25,0,27,0,4,63,0,67,46,0,46,113
08/12/2015,NEW,LA,ASW,CE,Towers with Radar,0,5,28,2,35,0,2,52,1,55,0,7,80,3,90,66,0,66,156
08/13/2015,NEW,LA,ASW,CE,Towers with Radar,0,5,34,8,47,0,3,55,4,62,0,8,89,12,109,80,30,110,219
08/14/2015,NEW,LA,ASW,CE,Towers with Radar,0,13,31,16,60,0,1,65,3,69,0,14,96,19,129,10,0,10,139
08/15/2015,NEW,LA,ASW,CE,Towers with Radar,0,1,27,0,28,0,0,63,4,67,0,1,90,4,95,76,10,86,181
08/16/2015,NEW,LA,ASW,CE,Towers with Radar,0,11,23,0,34,0,0,18,4,22,0,11,41,4,56,66,46,112,168
08/17/2015,NEW,LA,ASW,CE,Towers with Radar,0,6,26,3,35,0,0,24,2,26,0,6,50,5,61,16,0,16,77
08/18/2015,NEW,LA,ASW,CE,Towers with Radar,0,4,19,1,24,0,4,26,1,31,0,8,45,2,55,68,6,74,129
08/19/2015,NEW,LA,ASW,CE,Towers with Radar,0,2,28,0,30,0,1,16,0,17,0,3,44,0,47,54,14,68,115
08/20/2015,NEW,LA,ASW,CE,Towers with Radar,0,7,34,3,44,0,2,15,3,20,0,9,49,6,64,26,0,26,90
08/21/2015,NEW,LA,ASW,CE,Towers with Radar,0,10,44,2,56,0,1,31,2,34,0,11,75,4,90,70,6,76,166
08/22/2015,NEW,LA,ASW,CE,Towers with Radar,0,5,36,0,41,0,0,70,0,70,0,5,106,0,111,90,0,90,201
08/23/2015,NEW,LA,ASW,CE,Towers with Radar,0,8,59,1,68,0,0,59,3,62,0,8,118,4,130,74,0,74,204
08/24/2015,NEW,LA,ASW,CE,Towers with Radar,0,4,25,14,43,0,0,29,1,30,0,4,54,15,73,48,0,48,121
08/25/2015,NEW,LA,ASW,CE,Towers with Radar,0,3,36,15,54,0,0,40,3,43,0,3,76,18,97,32,18,50,147
08/26/2015,NEW,LA,ASW,CE,Towers with Radar,0,6,51,3,60,0,4,48,0,52,0,10,99,3,112,36,10,46,158
08/27/2015,NEW,LA,ASW,CE,Towers with Radar,0,5,24,11,40,0,1,20,0,21,0,6,44,11,61,36,0,36,97
08/28/2015,NEW,LA,ASW,CE,Towers with Radar,0,16,41,10,67,0,3,69,3,75,0,19,110,13,142,160,8,168,310
08/29/2015,NEW,LA,ASW,CE,Towers with Radar,0,6,49,7,62,0,2,73,2,77,0,8,122,9,139,134,0,134,273
08/30/2015,NEW,LA,ASW,CE,Towers with Radar,0,4,37,10,51,0,0,83,3,86,0,4,120,13,137,94,0,94,231
08/31/2015,NEW,LA,ASW,CE,Towers with Radar,0,5,32,4,41,0,4,34,1,39,0,9,66,5,80,18,0,18,98
09/01/2015,NEW,LA,ASW,CE,Towers with Radar,0,6,20,0,26,0,2,36,6,44,0,8,56,6,70,48,0,48,118
09/02/2015,NEW,LA,ASW,CE,Towers with Radar,0,6,36,0,42,0,1,29,3,33,0,7,65,3,75,40,0,40,115
09/03/2015,NEW,LA,ASW,CE,Towers with Radar,0,7,38,3,48,0,0,22,1,23,0,7,60,4,71,38,2,40,111
09/04/2015,NEW,LA,ASW,CE,Towers with Radar,0,7,50,11,68,0,3,28,1,32,0,10,78,12,100,14,0,14,114
09/05/2015,NEW,LA,ASW,CE,Towers with Radar,0,5,21,3,29,0,1,51,0,52,0,6,72,3,81,82,0,82,163
09/06/2015,NEW,LA,ASW,CE,Towers with Radar,0,5,36,0,41,0,0,44,0,44,0,5,80,0,85,38,0,38,123
09/07/2015,NEW,LA,ASW,CE,Towers with Radar,0,6,45,0,51,0,1,53,0,54,0,7,98,0,105,50,0,50,155
09/08/2015,NEW,LA,ASW,CE,Towers with Radar,0,2,23,5,30,0,0,65,4,69,0,2,88,9,99,28,8,36,135
09/09/2015,NEW,LA,ASW,CE,Towers with Radar,0,11,56,5,72,0,1,37,1,39,0,12,93,6,111,18,0,18,129
09/10/2015,NEW,LA,ASW,CE,Towers with Radar,0,10,44,9,63,0,3,37,0,40,0,13,81,9,103,40,0,40,143
09/11/2015,NEW,LA,ASW,CE,Towers with Radar,0,10,48,12,70,0,0,9,0,9,0,10,57,12,79,2,0,2,81
09/12/2015,NEW,LA,ASW,CE,Towers with Radar,0,4,29,0,33,0,3,48,0,51,0,7,77,0,84,84,0,84,168
09/13/2015,NEW,LA,ASW,CE,Towers with Radar,0,7,28,8,43,0,0,76,7,83,0,7,104,15,126,40,14,54,180
09/14/2015,NEW,LA,ASW,CE,Towers with Radar,0,7,31,0,38,0,1,50,2,53,0,8,81,2,91,22,8,30,121
09/15/2015,NEW,LA,ASW,CE,Towers with Radar,0,10,30,2,42,0,5,33,6,44,0,15,63,8,86,22,6,28,114
09/16/2015,NEW,LA,ASW,CE,Towers with Radar,0,8,40,14,62,0,7,45,3,55,0,15,85,17,117,50,10,60,177
09/17/2015,NEW,LA,ASW,CE,Towers with Radar,0,6,59,3,68,0,2,45,3,50,0,8,104,6,118,40,12,52,170
09/18/2015,NEW,LA,ASW,CE,Towers with Radar,0,15,51,2,68,0,3,78,1,82,0,18,129,3,150,84,0,84,234
09/19/2015,NEW,LA,ASW,CE,Towers with Radar,0,1,37,2,40,0,2,65,2,69,0,3,102,4,109,32,6,38,147
09/20/2015,NEW,LA,ASW,CE,Towers with Radar,0,15,90,1,106,0,0,87,0,87,0,15,177,1,193,58,0,58,251
09/21/2015,NEW,LA,ASW,CE,Towers with Radar,0,5,35,6,46,0,1,33,2,36,0,6,68,8,82,42,4,46,128
09/22/2015,NEW,LA,ASW,CE,Towers with Radar,0,7,34,1,42,0,10,57,4,71,0,17,91,5,113,74,6,80,193
09/23/2015,NEW,LA,ASW,CE,Towers with Radar,0,1,54,9,64,0,3,38,8,49,0,4,92,17,113,34,4,38,151
09/24/2015,NEW,LA,ASW,CE,Towers with Radar,0,12,39,7,58,0,2,65,7,74,0,14,104,14,132,28,0,28,160
09/25/2015,NEW,LA,ASW,CE,Towers with Radar,0,16,73,15,104,0,1,69,0,70,0,17,142,15,174,82,0,82,256
09/26/2015,NEW,LA,ASW,CE,Towers with Radar,0,4,35,2,41,0,0,64,1,65,0,4,99,3,106,112,0,112,218
09/27/2015,NEW,LA,ASW,CE,Towers with Radar,0,10,43,0,53,0,1,13,0,14,0,11,56,0,67,0,0,0,67
09/28/2015,NEW,LA,ASW,CE,Towers with Radar,0,7,38,0,45,0,3,10,2,15,0,10,48,2,60,26,0,26,86
09/29/2015,NEW,LA,ASW,CE,Towers with Radar,0,6,42,5,53,0,1,16,0,17,0,7,58,5,70,40,4,44,114
09/30/2015,NEW,LA,ASW,CE,Towers with Radar,0,5,28,4,37,0,0,39,2,41,0,5,67,6,78,36,0,36,114
10/01/2015,NEW,LA,ASW,CE,Towers with Radar,0,10,47,0,57,0,0,44,4,48,0,10,91,4,105,14,0,14,119
10/02/2015,NEW,LA,ASW,CE,Towers with Radar,0,4,66,5,75,0,2,47,2,51,0,6,113,7,126,26,4,30,156
10/03/2015,NEW,LA,ASW,CE,Towers with Radar,0,14,55,0,69,0,2,39,0,41,0,16,94,0,110,58,0,58,168
10/04/2015,NEW,LA,ASW,CE,Towers with Radar,0,11,100,6,117,0,1,35,5,41,0,12,135,11,158,74,2,76,234
10/05/2015,NEW,LA,ASW,CE,Towers with Radar,0,6,84,2,92,0,1,33,1,35,0,7,117,3,127,0,6,6,133
10/06/2015,NEW,LA,ASW,CE,Towers with Radar,0,8,56,2,66,0,0,42,6,48,0,8,98,8,114,40,0,40,154
10/07/2015,NEW,LA,ASW,CE,Towers with Radar,0,8,49,10,67,0,4,72,2,78,0,12,121,12,145,56,0,56,201
10/08/2015,NEW,LA,ASW,CE,Towers with Radar,0,6,60,0,66,0,3,66,1,70,0,9,126,1,136,46,0,46,182
10/09/2015,NEW,LA,ASW,CE,Towers with Radar,0,5,82,2,89,0,7,83,4,94,0,12,165,6,183,112,4,116,299
10/10/2015,NEW,LA,ASW,CE,Towers with Radar,0,9,41,0,50,0,0,35,0,35,0,9,76,0,85,106,10,116,201
10/11/2015,NEW,LA,ASW,CE,Towers with Radar,0,9,73,3,85,0,2,80,3,85,0,11,153,6,170,116,16,132,302
10/12/2015,NEW,LA,ASW,CE,Towers with Radar,0,7,31,1,39,0,1,62,0,63,0,8,93,1,102,64,0,64,166
10/13/2015,NEW,LA,ASW,CE,Towers with Radar,0,5,49,14,68,0,2,28,2,32,0,7,77,16,100,76,0,76,176
10/14/2015,NEW,LA,ASW,CE,Towers with Radar,0,6,50,0,56,0,0,79,1,80,0,6,129,1,136,108,16,124,260
10/15/2015,NEW,LA,ASW,CE,Towers with Radar,0,17,83,4,104,0,8,93,5,106,0,25,176,9,210,136,10,146,356
10/16/2015,NEW,LA,ASW,CE,Towers with Radar,0,16,99,4,119,0,2,81,0,83,0,18,180,4,202,78,6,84,286
10/17/2015,NEW,LA,ASW,CE,Towers with Radar,0,11,38,6,55,0,2,90,7,99,0,13,128,13,154,44,38,82,236
10/18/2015,NEW,LA,ASW,CE,Towers with Radar,0,19,90,7,116,0,2,72,3,77,0,21,162,10,193,32,0,32,225
10/19/2015,NEW,LA,ASW,CE,Towers with Radar,0,5,36,0,41,0,0,29,1,30,0,5,65,1,71,28,0,28,99
10/20/2015,NEW,LA,ASW,CE,Towers with Radar,0,7,49,5,61,0,0,28,2,30,0,7,77,7,91,30,4,34,125
10/21/2015,NEW,LA,ASW,CE,Towers with Radar,0,8,69,2,79,0,3,50,3,56,0,11,119,5,135,26,0,26,161
10/22/2015,NEW,LA,ASW,CE,Towers with Radar,0,2,63,2,67,0,7,51,8,66,0,9,114,10,133,20,0,20,153
10/23/2015,NEW,LA,ASW,CE,Towers with Radar,0,8,56,4,68,0,0,118,3,121,0,8,174,7,189,42,16,58,247
10/24/2015,NEW,LA,ASW,CE,Towers with Radar,0,0,24,0,24,0,0,104,0,104,0,0,128,0,128,36,0,36,164
10/25/2015,NEW,LA,ASW,CE,Towers with Radar,0,4,25,0,29,0,0,0,0,0,0,4,25,0,29,0,0,0,29
10/26/2015,NEW,LA,ASW,CE,Towers with Radar,0,8,34,6,48,0,0,5,0,5,0,8,39,6,53,0,0,0,53
10/27/2015,NEW,LA,ASW,CE,Towers with Radar,0,8,36,5,49,0,1,15,1,17,0,9,51,6,66,40,2,42,108
10/28/2015,NEW,LA,ASW,CE,Towers with Radar,1,7,47,4,59,0,1,71,2,74,1,8,118,6,133,76,0,76,209
10/29/2015,NEW,LA,ASW,CE,Towers with Radar,0,7,48,1,56,0,2,49,1,52,0,9,97,2,108,96,0,96,204
10/30/2015,NEW,LA,ASW,CE,Towers with Radar,0,5,71,2,78,0,2,52,6,60,0,7,123,8,138,46,32,78,216
10/31/2015,NEW,LA,ASW,CE,Towers with Radar,0,5,12,4,21,0,0,2,0,2,0,5,14,4,23,14,0,14,37
11/01/2015,NEW,LA,ASW,CE,Towers with Radar,0,13,56,0,69,0,0,0,0,0,0,13,56,0,69,0,0,0,69
11/02/2015,NEW,LA,ASW,CE,Towers with Radar,0,3,47,4,54,0,1,15,1,17,0,4,62,5,71,32,0,32,103
11/03/2015,NEW,LA,ASW,CE,Towers with Radar,0,5,42,8,55,0,1,42,4,47,0,6,84,12,102,62,28,90,192
11/04/2015,NEW,LA,ASW,CE,Towers with Radar,0,9,31,3,43,0,4,52,5,61,0,13,83,8,104,50,6,56,160
11/05/2015,NEW,LA,ASW,CE,Towers with Radar,0,9,66,10,85,0,2,38,10,50,0,11,104,20,135,66,10,76,211
11/06/2015,NEW,LA,ASW,CE,Towers with Radar,0,14,58,7,79,0,1,31,1,33,0,15,89,8,112,68,0,68,180
11/07/2015,NEW,LA,ASW,CE,Towers with Radar,0,11,32,0,43,0,1,4,0,5,0,12,36,0,48,20,0,20,68
11/08/2015,NEW,LA,ASW,CE,Towers with Radar,0,19,115,2,136,0,0,8,0,8,0,19,123,2,144,36,0,36,180
11/09/2015,NEW,LA,ASW,CE,Towers with Radar,0,6,60,1,67,0,0,17,0,17,0,6,77,1,84,20,0,20,104
11/10/2015,NEW,LA,ASW,CE,Towers with Radar,0,10,51,6,67,0,1,43,3,47,0,11,94,9,114,58,0,58,172
11/11/2015,NEW,LA,ASW,CE,Towers with Radar,0,9,49,22,80,0,0,52,0,52,0,9,101,22,132,54,0,54,186
11/12/2015,NEW,LA,ASW,CE,Towers with Radar,0,5,39,11,55,0,4,46,3,53,0,9,85,14,108,48,0,48,156
11/13/2015,NEW,LA,ASW,CE,Towers with Radar,0,10,60,8,78,0,3,67,8,78,0,13,127,16,156,84,6,90,246
11/14/2015,NEW,LA,ASW,CE,Towers with Radar,0,6,33,4,43,0,0,94,1,95,0,6,127,5,138,86,2,88,226
11/15/2015,NEW,LA,ASW,CE,Towers with Radar,0,16,68,6,90,0,0,79,2,81,0,16,147,8,171,116,4,120,291
11/16/2015,NEW,LA,ASW,CE,Towers with Radar,0,6,39,2,47,0,1,25,6,32,0,7,64,8,79,43,20,63,142
11/17/2015,NEW,LA,ASW,CE,Towers with Radar,0,7,32,13,52,0,0,7,1,8,0,7,39,14,60,0,0,0,60
11/18/2015,NEW,LA,ASW,CE,Towers with Radar,0,6,31,2,39,0,3,22,0,25,0,9,53,2,64,48,0,48,112
11/19/2015,NEW,LA,ASW,CE,Towers with Radar,0,5,51,7,63,0,1,80,7,88,0,6,131,14,151,110,2,112,263
11/20/2015,NEW,LA,ASW,CE,Towers with Radar,0,6,67,8,81,0,7,65,6,78,0,13,132,14,159,56,24,80,239
11/21/2015,NEW,LA,ASW,CE,Towers with Radar,0,3,26,5,34,0,0,37,0,37,0,3,63,5,71,56,0,56,127
11/22/2015,NEW,LA,ASW,CE,Towers with Radar,0,8,58,6,72,0,1,79,2,82,0,9,137,8,154,74,0,74,228
11/23/2015,NEW,LA,ASW,CE,Towers with Radar,0,5,34,1,40,0,0,61,3,64,0,5,95,4,104,42,0,42,146
11/24/2015,NEW,LA,ASW,CE,Towers with Radar,0,2,44,0,46,0,1,38,3,42,0,3,82,3,88,24,38,62,150
11/25/2015,NEW,LA,ASW,CE,Towers with Radar,0,2,39,0,41,0,0,41,0,41,0,2,80,0,82,26,0,26,108
11/26/2015,NEW,LA,ASW,CE,Towers with Radar,0,2,7,0,9,0,0,6,0,6,0,2,13,0,15,10,0,10,25
11/27/2015,NEW,LA,ASW,CE,Towers with Radar,0,10,47,0,57,0,1,22,0,23,0,11,69,0,80,36,0,36,116
11/28/2015,NEW,LA,ASW,CE,Towers with Radar,0,6,37,0,43,0,0,78,3,81,0,6,115,3,124,88,12,100,224
11/29/2015,NEW,LA,ASW,CE,Towers with Radar,0,14,63,1,78,0,0,41,1,42,0,14,104,2,120,82,0,82,202
11/30/2015,NEW,LA,ASW,CE,Towers with Radar,0,4,33,2,39,0,0,36,3,39,0,4,69,5,78,60,0,60,138
12/01/2015,NEW,LA,ASW,CE,Towers with Radar,0,1,53,8,62,0,1,13,5,19,0,2,66,13,81,30,8,38,119
12/02/2015,NEW,LA,ASW,CE,Towers with Radar,0,7,45,1,53,0,0,22,3,25,0,7,67,4,78,10,0,10,88
12/03/2015,NEW,LA,ASW,CE,Towers with Radar,0,12,70,3,85,0,1,56,4,61,0,13,126,7,146,34,6,40,186
12/04/2015,NEW,LA,ASW,CE,Towers with Radar,0,9,71,6,86,0,3,66,4,73,0,12,137,10,159,24,16,40,199
12/05/2015,NEW,LA,ASW,CE,Towers with Radar,0,10,69,4,83,0,4,93,2,99,0,14,162,6,182,53,0,53,235
12/06/2015,NEW,LA,ASW,CE,Towers with Radar,0,16,72,6,94,0,0,92,3,95,0,16,164,9,189,48,0,48,237
12/07/2015,NEW,LA,ASW,CE,Towers with Radar,0,4,56,7,67,0,5,44,1,50,0,9,100,8,117,26,4,30,147
12/08/2015,NEW,LA,ASW,CE,Towers with Radar,0,10,44,3,57,0,5,44,1,50,0,15,88,4,107,26,10,36,143
12/09/2015,NEW,LA,ASW,CE,Towers with Radar,0,13,49,5,67,0,5,46,0,51,0,18,95,5,118,42,0,42,160
12/10/2015,NEW,LA,ASW,CE,Towers with Radar,0,6,85,8,99,0,4,57,0,61,0,10,142,8,160,38,14,52,212
12/11/2015,NEW,LA,ASW,CE,Towers with Radar,0,11,70,10,91,0,1,44,7,52,0,12,114,17,143,14,2,16,159
12/12/2015,NEW,LA,ASW,CE,Towers with Radar,0,1,55,1,57,0,0,44,8,52,0,1,99,9,109,24,42,66,175
12/13/2015,NEW,LA,ASW,CE,Towers with Radar,0,4,31,2,37,0,0,18,2,20,0,4,49,4,57,32,6,38,95
12/14/2015,NEW,LA,ASW,CE,Towers with Radar,0,4,31,13,48,0,1,47,7,55,0,5,78,20,103,52,4,56,159
12/15/2015,NEW,LA,ASW,CE,Towers with Radar,0,3,32,2,37,0,6,45,5,56,0,9,77,7,93,74,2,76,169
12/16/2015,NEW,LA,ASW,CE,Towers with Radar,0,0,27,0,27,0,0,1,0,1,0,0,28,0,28,0,0,0,28
12/17/2015,NEW,LA,ASW,CE,Towers with Radar,0,1,58,11,70,0,9,47,3,59,0,10,105,14,129,40,14,54,183
12/18/2015,NEW,LA,ASW,CE,Towers with Radar,0,3,74,1,78,0,6,66,0,72,0,9,140,1,150,30,0,30,180
12/19/2015,NEW,LA,ASW,CE,Towers with Radar,0,3,49,0,52,0,4,107,1,112,0,7,156,1,164,72,0,72,236
12/20/2015,NEW,LA,ASW,CE,Towers with Radar,0,5,57,6,68,0,0,85,6,91,0,5,142,12,159,32,8,40,199
12/21/2015,NEW,LA,ASW,CE,Towers with Radar,0,4,29,0,33,0,0,23,0,23,0,4,52,0,56,8,0,8,64
12/22/2015,NEW,LA,ASW,CE,Towers with Radar,0,1,29,0,30,0,0,2,0,2,0,1,31,0,32,2,0,2,34
12/23/2015,NEW,LA,ASW,CE,Towers with Radar,0,3,26,0,29,0,0,4,0,4,0,3,30,0,33,0,0,0,33
12/24/2015,NEW,LA,ASW,CE,Towers with Radar,0,0,10,0,10,0,0,0,0,0,0,0,10,0,10,0,0,0,10
12/25/2015,NEW,LA,ASW,CE,Towers with Radar,0,0,12,0,12,0,0,0,0,0,0,0,12,0,12,0,0,0,12
12/26/2015,NEW,LA,ASW,CE,Towers with Radar,0,10,44,1,55,0,1,16,2,19,0,11,60,3,74,34,0,34,108
12/27/2015,NEW,LA,ASW,CE,Towers with Radar,0,4,31,1,36,0,2,7,0,9,0,6,38,1,45,0,0,0,45
12/28/2015,NEW,LA,ASW,CE,Towers with Radar,0,3,45,1,49,0,0,41,0,41,0,3,86,1,90,46,0,46,136
12/29/2015,NEW,LA,ASW,CE,Towers with Radar,0,5,40,0,45,0,1,73,0,74,0,6,113,0,119,14,0,14,133
12/30/2015,NEW,LA,ASW,CE,Towers with Radar,0,21,63,0,84,0,0,3,0,3,0,21,66,0,87,0,0,0,87
12/31/2015,NEW,LA,ASW,CE,Towers with Radar,0,7,101,0,108,0,1,34,0,35,0,8,135,0,143,46,0,46,189
01/01/2016,NEW,LA,ASW,CE,Towers with Radar,0,10,70,0,80,0,0,18,0,18,0,10,88,0,98,10,0,10,108
01/02/2016,NEW,LA,ASW,CE,Towers with Radar,0,21,116,0,137,0,4,68,0,72,0,25,184,0,209,14,0,14,223
01/03/2016,NEW,LA,ASW,CE,Towers with Radar,0,7,87,0,94,0,2,60,0,62,0,9,147,0,156,32,14,46,202
01/04/2016,NEW,LA,ASW,CE,Towers with Radar,0,8,23,0,31,0,3,46,1,50,0,11,69,1,81,56,4,60,141
01/05/2016,NEW,LA,ASW,CE,Towers with Radar,0,1,28,2,31,0,0,46,1,47,0,1,74,3,78,56,0,56,134
01/06/2016,NEW,LA,ASW,CE,Towers with Radar,0,1,44,6,51,0,2,35,5,42,0,3,79,11,93,16,0,16,109
01/07/2016,NEW,LA,ASW,CE,Towers with Radar,0,10,36,0,46,0,0,1,0,1,0,10,37,0,47,0,0,0,47
01/08/2016,NEW,LA,ASW,CE,Towers with Radar,0,4,56,22,82,0,2,26,0,28,0,6,82,22,110,28,0,28,138
01/09/2016,NEW,LA,ASW,CE,Towers with Radar,0,6,31,7,44,0,1,42,7,50,0,7,73,14,94,64,28,92,186
01/10/2016,NEW,LA,ASW,CE,Towers with Radar,0,3,58,8,69,0,0,54,7,61,0,3,112,15,130,50,2,52,182
01/11/2016,NEW,LA,ASW,CE,Towers with Radar,0,3,32,3,38,0,3,33,6,42,0,6,65,9,80,44,0,44,124
01/12/2016,NEW,LA,ASW,CE,Towers with Radar,0,3,39,8,50,0,1,41,2,44,0,4,80,10,94,50,0,50,144
01/13/2016,NEW,LA,ASW,CE,Towers with Radar,0,5,44,4,53,0,2,48,2,52,0,7,92,6,105,46,0,46,151
01/14/2016,NEW,LA,ASW,CE,Towers with Radar,0,8,39,6,53,0,2,22,6,30,0,10,61,12,83,40,0,40,123
01/15/2016,NEW,LA,ASW,CE,Towers with Radar,0,3,57,7,67,0,1,33,2,36,0,4,90,9,103,10,0,10,113
01/16/2016,NEW,LA,ASW,CE,Towers with Radar,0,6,37,1,44,0,4,68,1,73,0,10,105,2,117,72,0,72,189
01/17/2016,NEW,LA,ASW,CE,Towers with Radar,0,5,32,9,46,0,3,62,1,66,0,8,94,10,112,88,0,88,200
01/18/2016,NEW,LA,ASW,CE,Towers with Radar,0,3,44,0,47,0,3,82,5,90,0,6,126,5,137,74,0,74,211
01/19/2016,NEW,LA,ASW,CE,Towers with Radar,0,5,31,7,43,0,0,41,2,43,0,5,72,9,86,10,0,10,96
01/20/2016,NEW,LA,ASW,CE,Towers with Radar,0,6,47,15,68,0,0,25,1,26,0,6,72,16,94,34,0,34,128
01/21/2016,NEW,LA,ASW,CE,Towers with Radar,0,5,38,0,43,0,1,17,0,18,0,6,55,0,61,24,0,24,85
01/22/2016,NEW,LA,ASW,CE,Towers with Radar,0,9,24,0,33,0,1,8,1,10,0,10,32,1,43,0,0,0,43
01/23/2016,NEW,LA,ASW,CE,Towers with Radar,0,4,37,3,44,0,4,67,0,71,0,8,104,3,115,66,0,66,181
01/24/2016,NEW,LA,ASW,CE,Towers with Radar,0,8,55,3,66,0,5,94,1,100,0,13,149,4,166,74,0,74,240
01/25/2016,NEW,LA,ASW,CE,Towers with Radar,0,6,32,7,45,0,2,20,0,22,0,8,52,7,67,0,0,0,67
01/26/2016,NEW,LA,ASW,CE,Towers with Radar,1,10,42,4,57,0,3,8,1,12,1,13,50,5,69,36,0,36,105
01/27/2016,NEW,LA,ASW,CE,Towers with Radar,1,4,24,6,35,0,2,9,3,14,1,6,33,9,49,14,0,14,63
01/28/2016,NEW,LA,ASW,CE,Towers with Radar,0,5,44,3,52,0,2,52,6,60,0,7,96,9,112,16,22,38,150
01/29/2016,NEW,LA,ASW,CE,Towers with Radar,0,6,60,8,74,0,3,93,5,101,0,9,153,13,175,52,0,52,227
01/30/2016,NEW,LA,ASW,CE,Towers with Radar,0,3,32,0,35,0,2,64,4,70,0,5,96,4,105,80,0,80,185
01/31/2016,NEW,LA,ASW,CE,Towers with Radar,0,7,68,8,83,0,0,61,0,61,0,7,129,8,144,78,0,78,222
02/01/2016,NEW,LA,ASW,CE,Towers with Radar,0,7,31,4,42,0,1,24,1,26,0,8,55,5,68,14,0,14,82
02/02/2016,NEW,LA,ASW,CE,Towers with Radar,0,4,26,2,32,0,1,1,0,2,0,5,27,2,34,4,0,4,38
02/03/2016,NEW,LA,ASW,CE,Towers with Radar,0,6,51,9,66,0,10,43,4,57,0,16,94,13,123,64,10,74,197
02/04/2016,NEW,LA,ASW,CE,Towers with Radar,0,11,52,0,63,0,8,60,5,73,0,19,112,5,136,50,2,52,188
02/05/2016,NEW,LA,ASW,CE,Towers with Radar,0,8,92,3,103,0,8,79,4,91,0,16,171,7,194,58,0,58,252
02/06/2016,NEW,LA,ASW,CE,Towers with Radar,0,3,33,3,39,0,0,92,3,95,0,3,125,6,134,56,0,56,190
02/07/2016,NEW,LA,ASW,CE,Towers with Radar,0,18,73,4,95,0,1,74,7,82,0,19,147,11,177,96,0,96,273
02/08/2016,NEW,LA,ASW,CE,Towers with Radar,0,8,41,0,49,0,0,25,3,28,0,8,66,3,77,20,6,26,103
02/09/2016,NEW,LA,ASW,CE,Towers with Radar,0,6,33,0,39,0,2,28,4,34,0,8,61,4,73,2,4,6,79
02/10/2016,NEW,LA,ASW,CE,Towers with Radar,0,13,45,0,58,0,1,35,3,39,0,14,80,3,97,26,0,26,123
02/11/2016,NEW,LA,ASW,CE,Towers with Radar,0,8,42,10,60,0,6,59,1,66,0,14,101,11,126,18,6,24,150
02/12/2016,NEW,LA,ASW,CE,Towers with Radar,0,10,50,2,62,0,0,44,8,52,0,10,94,10,114,66,0,66,180
02/13/2016,NEW,LA,ASW,CE,Towers with Radar,0,10,47,7,64,0,7,101,4,112,0,17,148,11,176,114,14,128,304
02/14/2016,NEW,LA,ASW,CE,Towers with Radar,0,10,60,6,76,0,2,92,7,101,0,12,152,13,177,14,0,14,191
02/15/2016,NEW,LA,ASW,CE,Towers with Radar,0,7,35,0,42,0,0,7,5,12,0,7,42,5,54,10,4,14,68
02/16/2016,NEW,LA,ASW,CE,Towers with Radar,0,8,61,4,73,0,5,46,4,55,0,13,107,8,128,76,4,80,208
02/17/2016,NEW,LA,ASW,CE,Towers with Radar,0,8,49,0,57,0,6,47,2,55,0,14,96,2,112,14,0,14,126
02/18/2016,NEW,LA,ASW,CE,Towers with Radar,0,6,43,8,57,0,7,65,5,77,0,13,108,13,134,38,16,54,188
02/19/2016,NEW,LA,ASW,CE,Towers with Radar,0,6,63,5,74,0,3,73,5,81,0,9,136,10,155,58,16,74,229
02/20/2016,NEW,LA,ASW,CE,Towers with Radar,0,6,26,6,38,0,1,66,2,69,0,7,92,8,107,76,0,76,183
02/21/2016,NEW,LA,ASW,CE,Towers with Radar,0,8,66,3,77,0,1,59,3,63,0,9,125,6,140,65,0,65,205
02/22/2016,NEW,LA,ASW,CE,Towers with Radar,0,4,36,1,41,0,0,5,0,5,0,4,41,1,46,0,0,0,46
02/23/2016,NEW,LA,ASW,CE,Towers with Radar,0,1,17,2,20,0,0,1,0,1,0,1,18,2,21,0,0,0,21
02/24/2016,NEW,LA,ASW,CE,Towers with Radar,0,0,40,0,40,0,0,11,0,11,0,0,51,0,51,0,0,0,51
02/25/2016,NEW,LA,ASW,CE,Towers with Radar,0,7,40,3,50,0,5,56,4,65,0,12,96,7,115,34,14,48,163
02/26/2016,NEW,LA,ASW,CE,Towers with Radar,0,5,63,7,75,0,5,73,11,89,0,10,136,18,164,32,20,52,216
02/27/2016,NEW,LA,ASW,CE,Towers with Radar,0,7,35,1,43,0,4,92,2,98,0,11,127,3,141,64,4,68,209
02/28/2016,NEW,LA,ASW,CE,Towers with Radar,0,3,66,3,72,0,0,71,0,71,0,3,137,3,143,28,0,28,171
02/29/2016,NEW,LA,ASW,CE,Towers with Radar,0,3,39,4,46,0,6,33,1,40,0,9,72,5,86,12,12,24,110
03/01/2016,NEW,LA,ASW,CE,Towers with Radar,0,7,31,5,43,0,3,28,0,31,0,10,59,5,74,50,0,50,124
03/02/2016,NEW,LA,ASW,CE,Towers with Radar,0,11,40,7,58,0,7,42,5,54,0,18,82,12,112,26,8,34,146
03/03/2016,NEW,LA,ASW,CE,Towers with Radar,0,10,45,4,59,0,5,5,3,13,0,15,50,7,72,0,6,6,78
03/04/2016,NEW,LA,ASW,CE,Towers with Radar,0,9,63,6,78,0,7,72,1,80,0,16,135,7,158,86,0,86,244
03/05/2016,NEW,LA,ASW,CE,Towers with Radar,0,3,41,8,52,0,0,100,5,105,0,3,141,13,157,140,18,158,315
03/06/2016,NEW,LA,ASW,CE,Towers with Radar,0,9,64,5,78,0,1,76,2,79,0,10,140,7,157,118,6,124,281
03/07/2016,NEW,LA,ASW,CE,Towers with Radar,0,4,26,3,33,0,4,33,0,37,0,8,59,3,70,36,2,38,108
03/08/2016,NEW,LA,ASW,CE,Towers with Radar,0,3,21,0,24,0,3,15,0,18,0,6,36,0,42,8,0,8,50
03/09/2016,NEW,LA,ASW,CE,Towers with Radar,0,2,33,2,37,0,2,5,1,8,0,4,38,3,45,0,0,0,45
03/10/2016,NEW,LA,ASW,CE,Towers with Radar,0,4,19,0,23,0,0,0,0,0,0,4,19,0,23,0,0,0,23
03/11/2016,NEW,LA,ASW,CE,Towers with Radar,0,5,22,1,28,0,0,1,1,2,0,5,23,2,30,0,0,0,30
03/12/2016,NEW,LA,ASW,CE,Towers with Radar,0,3,22,0,25,0,0,25,3,28,0,3,47,3,53,104,0,104,157
03/13/2016,NEW,LA,ASW,CE,Towers with Radar,0,3,42,16,61,0,2,71,4,77,0,5,113,20,138,104,2,106,244
03/14/2016,NEW,LA,ASW,CE,Towers with Radar,0,4,39,14,57,0,4,42,10,56,0,8,81,24,113,36,24,60,173
03/15/2016,NEW,LA,ASW,CE,Towers with Radar,0,7,41,5,53,0,0,45,2,47,0,7,86,7,100,54,4,58,158
03/16/2016,NEW,LA,ASW,CE,Towers with Radar,0,2,44,3,49,0,0,38,1,39,0,2,82,4,88,80,0,80,168
03/17/2016,NEW,LA,ASW,CE,Towers with Radar,0,10,44,0,54,0,1,17,0,18,0,11,61,0,72,16,0,16,88
03/18/2016,NEW,LA,ASW,CE,Towers with Radar,0,4,50,8,62,0,1,11,0,12,0,5,61,8,74,52,0,52,126
03/19/2016,NEW,LA,ASW,CE,Towers with Radar,0,7,36,6,49,0,0,5,0,5,0,7,41,6,54,2,0,2,56
03/20/2016,NEW,LA,ASW,CE,Towers with Radar,0,10,75,3,88,0,2,59,1,62,0,12,134,4,150,114,4,118,268
03/21/2016,NEW,LA,ASW,CE,Towers with Radar,0,7,50,2,59,0,2,53,2,57,0,9,103,4,116,42,0,42,158
03/22/2016,NEW,LA,ASW,CE,Towers with Radar,0,16,76,5,97,0,4,53,3,60,0,20,129,8,157,10,0,10,167
03/23/2016,NEW,LA,ASW,CE,Towers with Radar,0,22,68,1,91,0,1,74,2,77,0,23,142,3,168,50,0,50,218
03/24/2016,NEW,LA,ASW,CE,Towers with Radar,0,5,32,0,37,0,0,0,1,1,0,5,32,1,38,0,0,0,38
03/25/2016,NEW,LA,ASW,CE,Towers with Radar,0,5,50,15,70,0,1,75,4,80,0,6,125,19,150,94,12,106,256
03/26/2016,NEW,LA,ASW,CE,Towers with Radar,0,5,33,0,38,0,1,48,1,50,0,6,81,1,88,94,0,94,182
03/27/2016,NEW,LA,ASW,CE,Towers with Radar,0,8,24,0,32,0,0,4,0,4,0,8,28,0,36,0,0,0,36
03/28/2016,NEW,LA,ASW,CE,Towers with Radar,0,5,40,3,48,0,0,32,1,33,0,5,72,4,81,38,0,38,119
03/29/2016,NEW,LA,ASW,CE,Towers with Radar,0,9,37,1,47,0,2,38,0,40,0,11,75,1,87,12,24,36,123
03/30/2016,NEW,LA,ASW,CE,Towers with Radar,0,4,32,2,38,0,0,8,0,8,0,4,40,2,46,0,0,0,46
03/31/2016,NEW,LA,ASW,CE,Towers with Radar,0,8,38,3,49,0,1,11,2,14,0,9,49,5,63,6,0,6,69
04/01/2016,NEW,LA,ASW,CE,Towers with Radar,0,6,15,0,21,0,0,0,0,0,0,6,15,0,21,0,0,0,21
04/02/2016,NEW,LA,ASW,CE,Towers with Radar,0,10,46,8,64,0,2,62,2,66,0,12,108,10,130,54,0,54,184
04/03/2016,NEW,LA,ASW,CE,Towers with Radar,0,14,41,0,55,0,0,96,1,97,0,14,137,1,152,44,0,44,196
04/04/2016,NEW,LA,ASW,CE,Towers with Radar,0,10,36,3,49,0,1,42,5,48,0,11,78,8,97,44,4,48,145
04/05/2016,NEW,LA,ASW,CE,Towers with Radar,0,7,28,7,42,0,0,57,7,64,0,7,85,14,106,16,0,16,122
04/06/2016,NEW,LA,ASW,CE,Towers with Radar,0,8,36,5,49,0,6,37,9,52,0,14,73,14,101,4,0,4,105
04/07/2016,NEW,LA,ASW,CE,Towers with Radar,0,6,57,3,66,0,7,53,3,63,0,13,110,6,129,96,4,100,229
04/08/2016,NEW,LA,ASW,CE,Towers with Radar,0,6,62,2,70,0,2,71,7,80,0,8,133,9,150,72,0,72,222
04/09/2016,NEW,LA,ASW,CE,Towers with Radar,0,13,37,0,50,0,5,84,5,94,0,18,121,5,144,104,0,104,248
04/10/2016,NEW,LA,ASW,CE,Towers with Radar,0,11,76,3,90,0,2,58,3,63,0,13,134,6,153,50,0,50,203
04/11/2016,NEW,LA,ASW,CE,Towers with Radar,0,6,54,4,64,0,1,15,2,18,0,7,69,6,82,2,0,2,84
04/12/2016,NEW,LA,ASW,CE,Towers with Radar,0,6,41,2,49,0,0,9,2,11,0,6,50,4,60,2,8,10,70
04/13/2016,NEW,LA,ASW,CE,Towers with Radar,0,7,26,2,35,0,0,0,0,0,0,7,26,2,35,0,0,0,35
04/14/2016,NEW,LA,ASW,CE,Towers with Radar,0,4,47,4,55,0,1,27,0,28,0,5,74,4,83,30,0,30,113
04/15/2016,NEW,LA,ASW,CE,Towers with Radar,0,9,65,13,87,0,0,2,0,2,0,9,67,13,89,0,0,0,89
04/16/2016,NEW,LA,ASW,CE,Towers with Radar,0,9,38,0,47,0,0,2,0,2,0,9,40,0,49,0,0,0,49
04/17/2016,NEW,LA,ASW,CE,Towers with Radar,0,9,48,11,68,0,0,22,0,22,0,9,70,11,90,0,4,4,94
04/18/2016,NEW,LA,ASW,CE,Towers with Radar,0,6,38,1,45,0,1,35,1,37,0,7,73,2,82,12,2,14,96
04/19/2016,NEW,LA,ASW,CE,Towers with Radar,0,8,52,0,60,0,0,41,1,42,0,8,93,1,102,54,0,54,156
04/20/2016,NEW,LA,ASW,CE,Towers with Radar,0,5,49,11,65,0,0,17,8,25,0,5,66,19,90,4,0,4,94
04/21/2016,NEW,LA,ASW,CE,Towers with Radar,0,5,42,2,49,0,1,22,2,25,0,6,64,4,74,92,0,92,166
04/22/2016,NEW,LA,ASW,CE,Towers with Radar,0,16,81,7,104,0,2,33,6,41,0,18,114,13,145,14,6,20,165
04/23/2016,NEW,LA,ASW,CE,Towers with Radar,0,8,31,0,39,0,1,137,2,140,0,9,168,2,179,86,0,86,265
04/24/2016,NEW,LA,ASW,CE,Towers with Radar,0,14,74,18,106,0,3,98,4,105,0,17,172,22,211,52,2,54,265
04/25/2016,NEW,LA,ASW,CE,Towers with Radar,0,11,74,7,92,0,2,53,5,60,0,13,127,12,152,20,16,36,188
04/26/2016,NEW,LA,ASW,CE,Towers with Radar,0,4,46,17,67,0,2,39,6,47,0,6,85,23,114,80,6,86,200
04/27/2016,NEW,LA,ASW,CE,Towers with Radar,0,9,54,0,63,0,3,10,0,13,0,12,64,0,76,18,0,18,94
04/28/2016,NEW,LA,ASW,CE,Towers with Radar,0,13,58,0,71,0,1,10,0,11,0,14,68,0,82,10,0,10,92
04/29/2016,NEW,LA,ASW,CE,Towers with Radar,0,15,74,5,94,0,3,47,4,54,0,18,121,9,148,34,6,40,188
04/30/2016,NEW,LA,ASW,CE,Towers with Radar,0,7,20,2,29,0,0,24,0,24,0,7,44,2,53,84,0,84,137
05/01/2016,NEW,LA,ASW,CE,Towers with Radar,0,22,68,0,90,0,0,1,0,1,0,22,69,0,91,0,0,0,91
05/02/2016,NEW,LA,ASW,CE,Towers with Radar,0,14,58,0,72,0,1,8,1,10,0,15,66,1,82,20,0,20,102
05/03/2016,NEW,LA,ASW,CE,Towers with Radar,0,18,56,3,77,0,0,21,2,23,0,18,77,5,100,44,0,44,144
05/04/2016,NEW,LA,ASW,CE,Towers with Radar,0,8,77,7,92,0,1,52,1,54,0,9,129,8,146,46,6,52,198
05/05/2016,NEW,LA,ASW,CE,Towers with Radar,0,13,66,4,83,0,3,84,1,88,0,16,150,5,171,26,4,30,201
05/06/2016,NEW,LA,ASW,CE,Towers with Radar,0,9,47,7,63,0,4,79,4,87,0,13,126,11,150,78,4,82,232
05/07/2016,NEW,LA,ASW,CE,Towers with Radar,0,7,39,1,47,0,4,123,1,128,0,11,162,2,175,74,0,74,249
05/08/2016,NEW,LA,ASW,CE,Towers with Radar,0,14,52,5,71,0,3,61,0,64,0,17,113,5,135,50,0,50,185
05/09/2016,NEW,LA,ASW,CE,Towers with Radar,0,7,27,7,41,0,1,34,5,40,0,8,61,12,81,24,4,28,109
05/10/2016,NEW,LA,ASW,CE,Towers with Radar,0,9,43,2,54,0,1,54,2,57,0,10,97,4,111,60,0,60,171
05/11/2016,NEW,LA,ASW,CE,Towers with Radar,0,5,45,5,55,0,4,37,3,44,0,9,82,8,99,68,0,68,167
05/12/2016,NEW,LA,ASW,CE,Towers with Radar,0,3,46,3,52,0,5,46,3,54,0,8,92,6,106,56,0,56,162
05/13/2016,NEW,LA,ASW,CE,Towers with Radar,0,7,60,2,69,0,0,53,10,63,0,7,113,12,132,36,8,44,176
05/14/2016,NEW,LA,ASW,CE,Towers with Radar,0,2,33,2,37,0,2,85,4,91,0,4,118,6,128,100,2,102,230
05/15/2016,NEW,LA,ASW,CE,Towers with Radar,0,7,70,7,84,0,0,50,1,51,0,7,120,8,135,116,0,116,251
05/16/2016,NEW,LA,ASW,CE,Towers with Radar,0,3,35,4,42,0,2,39,1,42,0,5,74,5,84,66,8,74,158
05/17/2016,NEW,LA,ASW,CE,Towers with Radar,0,8,36,0,44,0,0,9,0,9,0,8,45,0,53,2,0,2,55
05/18/2016,NEW,LA,ASW,CE,Towers with Radar,0,4,44,10,58,0,3,7,2,12,0,7,51,12,70,0,0,0,70
05/19/2016,NEW,LA,ASW,CE,Towers with Radar,0,6,57,8,71,0,1,21,0,22,0,7,78,8,93,16,0,16,109
05/20/2016,NEW,LA,ASW,CE,Towers with Radar,0,14,43,3,60,0,2,23,3,28,0,16,66,6,88,38,0,38,126
05/21/2016,NEW,LA,ASW,CE,Towers with Radar,0,5,30,2,37,0,2,60,4,66,0,7,90,6,103,30,0,30,133
05/22/2016,NEW,LA,ASW,CE,Towers with Radar,0,10,41,7,58,0,0,48,5,53,0,10,89,12,111,42,2,44,155
05/23/2016,NEW,LA,ASW,CE,Towers with Radar,0,8,39,18,65,0,5,43,3,51,0,13,82,21,116,54,0,54,170
05/24/2016,NEW,LA,ASW,CE,Towers with Radar,0,4,51,11,66,0,1,64,1,66,0,5,115,12,132,98,0,98,230
05/25/2016,NEW,LA,ASW,CE,Towers with Radar,0,11,52,1,64,0,1,50,5,56,0,12,102,6,120,58,2,60,180
05/26/2016,NEW,LA,ASW,CE,Towers with Radar,0,4,48,5,57,0,2,42,1,45,0,6,90,6,102,48,0,48,150
05/27/2016,NEW,LA,ASW,CE,Towers with Radar,0,11,52,4,67,0,1,21,4,26,0,12,73,8,93,54,6,60,153
05/28/2016,NEW,LA,ASW,CE,Towers with Radar,0,4,36,1,41,0,0,33,0,33,0,4,69,1,74,40,0,40,114
05/29/2016,NEW,LA,ASW,CE,Towers with Radar,0,3,30,5,38,0,0,68,5,73,0,3,98,10,111,36,0,36,147
05/30/2016,NEW,LA,ASW,CE,Towers with Radar,0,7,27,0,34,0,0,34,1,35,0,7,61,1,69,36,0,36,105
05/31/2016,NEW,LA,ASW,CE,Towers with Radar,0,2,29,6,37,0,1,37,2,40,0,3,66,8,77,26,0,26,103
06/01/2016,NEW,LA,ASW,CE,Towers with Radar,0,7,29,7,43,0,0,44,3,47,0,7,73,10,90,32,0,32,122
06/02/2016,NEW,LA,ASW,CE,Towers with Radar,0,7,22,6,35,0,0,38,7,45,0,7,60,13,80,16,0,16,96
06/03/2016,NEW,LA,ASW,CE,Towers with Radar,0,11,37,8,56,0,0,24,0,24,0,11,61,8,80,20,0,20,100
06/04/2016,NEW,LA,ASW,CE,Towers with Radar,0,1,16,1,18,0,0,18,0,18,0,1,34,1,36,10,0,10,46
06/05/2016,NEW,LA,ASW,CE,Towers with Radar,0,11,32,5,48,0,0,12,0,12,0,11,44,5,60,8,0,8,68
06/06/2016,NEW,LA,ASW,CE,Towers with Radar,0,5,31,2,38,0,1,25,2,28,0,6,56,4,66,70,0,70,136
06/07/2016,NEW,LA,ASW,CE,Towers with Radar,0,9,37,6,52,0,2,45,1,48,0,11,82,7,100,60,10,70,170
06/08/2016,NEW,LA,ASW,CE,Towers with Radar,0,9,39,2,50,0,9,42,5,56,0,18,81,7,106,50,4,54,160
06/09/2016,NEW,LA,ASW,CE,Towers with Radar,0,5,42,1,48,0,3,53,0,56,0,8,95,1,104,60,0,60,164
06/10/2016,NEW,LA,ASW,CE,Towers with Radar,0,8,41,0,49,0,7,22,0,29,0,15,63,0,78,22,0,22,100
06/11/2016,NEW,LA,ASW,CE,Towers with Radar,0,4,19,0,23,0,7,26,0,33,0,11,45,0,56,32,0,32,88
06/12/2016,NEW,LA,ASW,CE,Towers with Radar,0,5,23,5,33,0,0,19,3,22,0,5,42,8,55,10,0,10,65
06/13/2016,NEW,LA,ASW,CE,Towers with Radar,0,3,28,0,31,0,5,23,3,31,0,8,51,3,62,42,0,42,104
06/14/2016,NEW,LA,ASW,CE,Towers with Radar,0,4,36,3,43,0,0,27,2,29,0,4,63,5,72,20,8,28,100
06/15/2016,NEW,LA,ASW,CE,Towers with Radar,0,4,45,2,51,0,4,28,4,36,0,8,73,6,87,66,18,84,171
06/16/2016,NEW,LA,ASW,CE,Towers with Radar,0,6,36,4,46,0,10,50,5,65,0,16,86,9,111,78,0,78,189
06/17/2016,NEW,LA,ASW,CE,Towers with Radar,0,8,48,0,56,0,14,69,3,86,0,22,117,3,142,72,0,72,214
06/18/2016,NEW,LA,ASW,CE,Towers with Radar,0,5,21,0,26,0,0,20,0,20,0,5,41,0,46,60,0,60,106
06/19/2016,NEW,LA,ASW,CE,Towers with Radar,0,3,35,0,38,0,0,28,0,28,0,3,63,0,66,50,0,50,116
06/20/2016,NEW,LA,ASW,CE,Towers with Radar,0,10,27,2,39,0,5,31,1,37,0,15,58,3,76,22,0,22,98
06/21/2016,NEW,LA,ASW,CE,Towers with Radar,0,10,47,1,58,0,13,60,3,76,0,23,107,4,134,38,10,48,182
06/22/2016,NEW,LA,ASW,CE,Towers with Radar,0,4,41,1,46,0,10,58,2,70,0,14,99,3,116,44,0,44,160
06/23/2016,NEW,LA,ASW,CE,Towers with Radar,0,5,37,5,47,0,2,57,1,60,0,7,94,6,107,46,8,54,161
06/24/2016,NEW,LA,ASW,CE,Towers with Radar,0,15,66,4,85,0,7,54,2,63,0,22,120,6,148,22,4,26,174
06/25/2016,NEW,LA,ASW,CE,Towers with Radar,0,3,31,0,34,0,1,73,0,74,0,4,104,0,108,34,0,34,142
06/26/2016,NEW,LA,ASW,CE,Towers with Radar,0,3,67,0,70,0,0,57,0,57,0,3,124,0,127,38,0,38,165
06/27/2016,NEW,LA,ASW,CE,Towers with Radar,0,10,24,6,40,0,6,33,0,39,0,16,57,6,79,50,4,54,133
06/28/2016,NEW,LA,ASW,CE,Towers with Radar,0,6,26,2,34,0,2,44,2,48,0,8,70,4,82,66,0,66,148
06/29/2016,NEW,LA,ASW,CE,Towers with Radar,0,6,43,2,51,0,9,32,1,42,0,15,75,3,93,52,0,52,145
06/30/2016,NEW,LA,ASW,CE,Towers with Radar,0,12,23,0,35,0,1,44,3,48,0,13,67,3,83,78,8,86,169
07/01/2016,NEW,LA,ASW,CE,Towers with Radar,0,6,52,4,62,0,8,88,1,97,0,14,140,5,159,56,0,56,215
07/02/2016,NEW,LA,ASW,CE,Towers with Radar,0,6,23,1,30,0,5,67,2,74,0,11,90,3,104,78,0,78,182
07/03/2016,NEW,LA,ASW,CE,Towers with Radar,0,1,23,2,26,0,0,26,2,28,0,1,49,4,54,14,0,14,68
07/04/2016,NEW,LA,ASW,CE,Towers with Radar,0,0,24,0,24,0,0,34,0,34,0,0,58,0,58,2,0,2,60
07/05/2016,NEW,LA,ASW,CE,Towers with Radar,0,5,35,0,40,0,2,31,4,37,0,7,66,4,77,6,0,6,83
07/06/2016,NEW,LA,ASW,CE,Towers with Radar,0,6,41,3,50,0,2,61,1,64,0,8,102,4,114,78,6,84,198
07/07/2016,NEW,LA,ASW,CE,Towers with Radar,0,0,28,8,36,0,3,48,3,54,0,3,76,11,90,36,0,36,126
07/08/2016,NEW,LA,ASW,CE,Towers with Radar,0,3,31,9,43,0,5,32,4,41,0,8,63,13,84,62,32,94,178
07/09/2016,NEW,LA,ASW,CE,Towers with Radar,0,3,38,9,50,0,3,51,2,56,0,6,89,11,106,82,0,82,188
07/10/2016,NEW,LA,ASW,CE,Towers with Radar,0,3,40,0,43,0,0,45,1,46,0,3,85,1,89,38,0,38,127
07/11/2016,NEW,LA,ASW,CE,Towers with Radar,0,4,28,0,32,0,2,23,1,26,0,6,51,1,58,8,0,8,66
07/12/2016,NEW,LA,ASW,CE,Towers with Radar,0,2,32,1,35,0,1,42,2,45,0,3,74,3,80,57,0,57,137
07/13/2016,NEW,LA,ASW,CE,Towers with Radar,0,4,24,4,32,0,4,36,2,42,0,8,60,6,74,48,0,48,122
07/14/2016,NEW,LA,ASW,CE,Towers with Radar,0,6,37,6,49,0,5,32,0,37,0,11,69,6,86,36,0,36,122
07/15/2016,NEW,LA,ASW,CE,Towers with Radar,0,3,57,6,66,0,2,23,0,25,0,5,80,6,91,40,0,40,131
07/16/2016,NEW,LA,ASW,CE,Towers with Radar,0,2,23,1,26,0,3,52,0,55,0,5,75,1,81,80,0,80,161
07/17/2016,NEW,LA,ASW,CE,Towers with Radar,0,0,38,3,41,0,1,31,1,33,0,1,69,4,74,16,0,16,90
07/18/2016,NEW,LA,ASW,CE,Towers with Radar,0,5,24,0,29,0,2,25,4,31,0,7,49,4,60,38,0,38,98
07/19/2016,NEW,LA,ASW,CE,Towers with Radar,0,1,19,6,26,0,1,36,1,38,0,2,55,7,64,82,4,86,150
07/20/2016,NEW,LA,ASW,CE,Towers with Radar,0,7,38,1,46,0,1,34,1,36,0,8,72,2,82,12,10,22,104
07/21/2016,NEW,LA,ASW,CE,Towers with Radar,0,9,36,4,49,0,2,44,3,49,0,11,80,7,98,36,2,38,136
07/22/2016,NEW,LA,ASW,CE,Towers with Radar,0,6,42,4,52,0,0,23,2,25,0,6,65,6,77,38,0,38,115
07/23/2016,NEW,LA,ASW,CE,Towers with Radar,0,5,30,3,38,0,2,46,1,49,0,7,76,4,87,94,0,94,181
07/24/2016,NEW,LA,ASW,CE,Towers with Radar,0,2,34,1,37,0,3,18,0,21,0,5,52,1,58,8,0,8,66
07/25/2016,NEW,LA,ASW,CE,Towers with Radar,0,6,24,2,32,0,0,12,9,21,0,6,36,11,53,30,40,70,123
07/26/2016,NEW,LA,ASW,CE,Towers with Radar,0,0,21,0,21,0,4,9,3,16,0,4,30,3,37,0,4,4,41
07/27/2016,NEW,LA,ASW,CE,Towers with Radar,0,4,28,1,33,0,1,13,1,15,0,5,41,2,48,54,0,54,102
07/28/2016,NEW,LA,ASW,CE,Towers with Radar,0,3,40,2,45,0,2,38,5,45,0,5,78,7,90,82,0,82,172
07/29/2016,NEW,LA,ASW,CE,Towers with Radar,0,2,38,1,41,0,3,39,1,43,0,5,77,2,84,34,0,34,118
07/30/2016,NEW,LA,ASW,CE,Towers with Radar,0,3,25,0,28,0,1,58,5,64,0,4,83,5,92,94,0,94,186
07/31/2016,NEW,LA,ASW,CE,Towers with Radar,0,3,32,1,36,0,1,34,0,35,0,4,66,1,71,86,0,86,157
08/01/2016,NEW,LA,ASW,CE,Towers with Radar,0,2,38,1,41,0,6,55,0,61,0,8,93,1,102,62,0,62,164
08/02/2016,NEW,LA,ASW,CE,Towers with Radar,0,1,26,8,35,0,0,50,4,54,0,1,76,12,89,86,10,96,185
08/03/2016,NEW,LA,ASW,CE,Towers with Radar,0,0,27,0,27,0,1,25,4,30,0,1,52,4,57,16,2,18,75
08/04/2016,NEW,LA,ASW,CE,Towers with Radar,0,7,36,2,45,0,1,32,3,36,0,8,68,5,81,46,0,46,127
08/05/2016,NEW,LA,ASW,CE,Towers with Radar,0,7,29,1,37,0,8,27,2,37,0,15,56,3,74,56,0,56,130
08/06/2016,NEW,LA,ASW,CE,Towers with Radar,0,0,25,5,30,0,5,59,7,71,0,5,84,12,101,96,4,100,201
08/07/2016,NEW,LA,ASW,CE,Towers with Radar,0,0,40,1,41,0,0,43,3,46,0,0,83,4,87,74,4,78,165
08/08/2016,NEW,LA,ASW,CE,Towers with Radar,0,1,35,0,36,0,4,30,2,36,0,5,65,2,72,72,0,72,144
08/09/2016,NEW,LA,ASW,CE,Towers with Radar,0,5,11,4,20,0,3,28,1,32,0,8,39,5,52,96,0,96,148
08/10/2016,NEW,LA,ASW,CE,Towers with Radar,0,9,20,4,33,0,0,9,4,13,0,9,29,8,46,8,0,8,54
08/11/2016,NEW,LA,ASW,CE,Towers with Radar,0,3,17,8,28,0,0,0,0,0,0,3,17,8,28,24,0,24,52
08/12/2016,NEW,LA,ASW,CE,Towers with Radar,0,1,8,0,9,0,0,0,0,0,0,1,8,0,9,0,0,0,9
08/13/2016,NEW,LA,ASW,CE,Towers with Radar,0,3,16,0,19,0,1,9,2,12,0,4,25,2,31,0,6,6,37
08/14/2016,NEW,LA,ASW,CE,Towers with Radar,0,0,25,4,29,0,4,22,2,28,0,4,47,6,57,12,0,12,69
08/15/2016,NEW,LA,ASW,CE,Towers with Radar,0,2,15,4,21,0,3,37,2,42,0,5,52,6,63,70,4,74,137
08/16/2016,NEW,LA,ASW,CE,Towers with Radar,0,8,31,0,39,0,4,24,1,29,0,12,55,1,68,6,0,6,74
08/17/2016,NEW,LA,ASW,CE,Towers with Radar,0,6,28,6,40,0,3,36,3,42,0,9,64,9,82,50,8,58,140
08/18/2016,NEW,LA,ASW,CE,Towers with Radar,0,5,30,0,35,0,2,33,1,36,0,7,63,1,71,52,0,52,123
08/19/2016,NEW,LA,ASW,CE,Towers with Radar,0,5,44,1,50,0,3,53,1,57,0,8,97,2,107,26,0,26,133
08/20/2016,NEW,LA,ASW,CE,Towers with Radar,0,1,21,3,25,0,3,47,7,57,0,4,68,10,82,34,0,34,116
08/21/2016,NEW,LA,ASW,CE,Towers with Radar,0,4,28,6,38,0,1,31,3,35,0,5,59,9,73,22,4,26,99
08/22/2016,NEW,LA,ASW,CE,Towers with Radar,0,3,26,1,30,0,2,27,3,32,0,5,53,4,62,74,0,74,136
08/23/2016,NEW,LA,ASW,CE,Towers with Radar,10,2,53,6,71,0,3,79,6,88,10,5,132,12,159,88,0,88,247
08/24/2016,NEW,LA,ASW,CE,Towers with Radar,0,8,33,3,44,0,2,31,0,33,0,10,64,3,77,48,0,48,125
08/25/2016,NEW,LA,ASW,CE,Towers with Radar,0,4,40,5,49,0,4,22,0,26,0,8,62,5,75,44,0,44,119
08/26/2016,NEW,LA,ASW,CE,Towers with Radar,0,5,51,3,59,0,4,49,3,56,0,9,100,6,115,64,0,64,179
08/27/2016,NEW,LA,ASW,CE,Towers with Radar,0,2,43,1,46,0,0,33,3,36,0,2,76,4,82,68,0,68,150
08/28/2016,NEW,LA,ASW,CE,Towers with Radar,0,4,37,0,41,0,8,19,11,38,0,12,56,11,79,20,0,20,99
08/29/2016,NEW,LA,ASW,CE,Towers with Radar,0,1,18,2,21,0,2,26,12,40,0,3,44,14,61,40,0,40,101
08/30/2016,NEW,LA,ASW,CE,Towers with Radar,0,12,19,0,31,0,0,34,2,36,0,12,53,2,67,12,2,14,81
08/31/2016,NEW,LA,ASW,CE,Towers with Radar,0,3,26,11,40,0,10,35,6,51,0,13,61,17,91,52,0,52,143
09/01/2016,NEW,LA,ASW,CE,Towers with Radar,0,4,27,12,43,0,7,53,5,65,0,11,80,17,108,64,16,80,188
09/02/2016,NEW,LA,ASW,CE,Towers with Radar,0,4,48,5,57,0,2,38,2,42,0,6,86,7,99,48,0,48,147
09/03/2016,NEW,LA,ASW,CE,Towers with Radar,0,1,23,1,25,0,3,40,0,43,0,4,63,1,68,64,0,64,132
09/04/2016,NEW,LA,ASW,CE,Towers with Radar,0,1,33,0,34,0,0,22,0,22,0,1,55,0,56,28,0,28,84
09/05/2016,NEW,LA,ASW,CE,Towers with Radar,0,2,33,0,35,0,3,9,0,12,0,5,42,0,47,64,0,64,111
09/06/2016,NEW,LA,ASW,CE,Towers with Radar,0,2,39,6,47,0,0,24,0,24,0,2,63,6,71,30,0,30,101
09/07/2016,NEW,LA,ASW,CE,Towers with Radar,0,5,40,0,45,0,2,31,5,38,0,7,71,5,83,18,8,26,109
09/08/2016,NEW,LA,ASW,CE,Towers with Radar,0,4,50,2,56,0,3,60,6,69,0,7,110,8,125,76,0,76,201
09/09/2016,NEW,LA,ASW,CE,Towers with Radar,0,3,43,4,50,0,6,33,6,45,0,9,76,10,95,136,0,136,231
09/10/2016,NEW,LA,ASW,CE,Towers with Radar,0,1,32,2,35,0,2,44,3,49,0,3,76,5,84,52,2,54,138
09/11/2016,NEW,LA,ASW,CE,Towers with Radar,0,1,52,1,54,0,1,39,2,42,0,2,91,3,96,104,0,104,200
09/12/2016,NEW,LA,ASW,CE,Towers with Radar,0,7,33,2,42,0,5,37,3,45,0,12,70,5,87,38,4,42,129
09/13/2016,NEW,LA,ASW,CE,Towers with Radar,0,0,25,3,28,0,4,34,0,38,0,4,59,3,66,78,0,78,144
09/14/2016,NEW,LA,ASW,CE,Towers with Radar,0,2,40,2,44,0,5,54,6,65,0,7,94,8,109,122,8,130,239
09/15/2016,NEW,LA,ASW,CE,Towers with Radar,0,10,42,4,56,0,2,39,3,44,0,12,81,7,100,0,0,0,100
09/16/2016,NEW,LA,ASW,CE,Towers with Radar,0,10,36,1,47,0,1,22,2,25,0,11,58,3,72,6,0,6,78
09/17/2016,NEW,LA,ASW,CE,Towers with Radar,0,5,19,0,24,0,0,14,0,14,0,5,33,0,38,58,0,58,96
09/18/2016,NEW,LA,ASW,CE,Towers with Radar,0,18,37,0,55,0,0,22,1,23,0,18,59,1,78,38,0,38,116
09/19/2016,NEW,LA,ASW,CE,Towers with Radar,0,10,30,8,48,0,5,31,1,37,0,15,61,9,85,22,0,22,107
09/20/2016,NEW,LA,ASW,CE,Towers with Radar,0,9,39,2,50,0,5,62,1,68,0,14,101,3,118,54,0,54,172
09/21/2016,NEW,LA,ASW,CE,Towers with Radar,0,5,53,0,58,0,4,55,9,68,0,9,108,9,126,64,4,68,194
09/22/2016,NEW,LA,ASW,CE,Towers with Radar,0,4,49,6,59,0,6,38,2,46,0,10,87,8,105,84,0,84,189
09/23/2016,NEW,LA,ASW,CE,Towers with Radar,0,11,54,3,68,0,7,40,3,50,0,18,94,6,118,54,0,54,172
09/24/2016,NEW,LA,ASW,CE,Towers with Radar,0,1,44,0,45,0,6,70,1,77,0,7,114,1,122,54,0,54,176
09/25/2016,NEW,LA,ASW,CE,Towers with Radar,0,10,56,3,69,0,0,52,5,57,0,10,108,8,126,72,0,72,198
09/26/2016,NEW,LA,ASW,CE,Towers with Radar,0,8,45,3,56,0,5,29,0,34,0,13,74,3,90,68,0,68,158
09/27/2016,NEW,LA,ASW,CE,Towers with Radar,0,10,49,2,61,0,2,33,10,45,0,12,82,12,106,48,0,48,154
09/28/2016,NEW,LA,ASW,CE,Towers with Radar,0,15,56,8,79,0,5,38,4,47,0,20,94,12,126,104,0,104,230
09/29/2016,NEW,LA,ASW,CE,Towers with Radar,0,10,54,4,68,0,3,43,7,53,0,13,97,11,121,72,0,72,193
09/30/2016,NEW,LA,ASW,CE,Towers with Radar,0,9,62,6,77,0,2,75,4,81,0,11,137,10,158,28,0,28,186
10/01/2016,NEW,LA,ASW,CE,Towers with Radar,0,6,29,3,38,0,1,67,1,69,0,7,96,4,107,46,0,46,153
10/02/2016,NEW,LA,ASW,CE,Towers with Radar,0,14,58,6,78,0,2,78,2,82,0,16,136,8,160,70,0,70,230
10/03/2016,NEW,LA,ASW,CE,Towers with Radar,0,5,44,4,53,0,6,19,0,25,0,11,63,4,78,46,0,46,124
10/04/2016,NEW,LA,ASW,CE,Towers with Radar,0,5,51,6,62,0,7,40,5,52,0,12,91,11,114,16,0,16,130
10/05/2016,NEW,LA,ASW,CE,Towers with Radar,0,10,93,4,107,0,2,39,5,46,0,12,132,9,153,34,0,34,187
10/06/2016,NEW,LA,ASW,CE,Towers with Radar,0,16,62,2,80,0,2,41,0,43,0,18,103,2,123,58,6,64,187
10/07/2016,NEW,LA,ASW,CE,Towers with Radar,0,9,67,7,83,0,7,76,7,90,0,16,143,14,173,74,4,78,251
10/08/2016,NEW,LA,ASW,CE,Towers with Radar,0,5,55,0,60,0,2,87,1,90,0,7,142,1,150,134,0,134,284
10/09/2016,NEW,LA,ASW,CE,Towers with Radar,0,8,87,0,95,0,0,67,0,67,0,8,154,0,162,94,0,94,256
10/10/2016,NEW,LA,ASW,CE,Towers with Radar,0,4,47,1,52,0,3,64,2,69,0,7,111,3,121,60,0,60,181
10/11/2016,NEW,LA,ASW,CE,Towers with Radar,0,3,42,8,53,0,4,36,1,41,0,7,78,9,94,74,8,82,176
10/12/2016,NEW,LA,ASW,CE,Towers with Radar,0,10,58,2,70,0,3,49,3,55,0,13,107,5,125,74,2,76,201
10/13/2016,NEW,LA,ASW,CE,Towers with Radar,0,10,36,8,54,0,3,46,1,50,0,13,82,9,104,102,36,138,242
10/14/2016,NEW,LA,ASW,CE,Towers with Radar,0,11,70,12,93,0,2,54,5,61,0,13,124,17,154,170,14,184,338
10/15/2016,NEW,LA,ASW,CE,Towers with Radar,0,9,39,5,53,0,4,61,1,66,0,13,100,6,119,70,0,70,189
10/16/2016,NEW,LA,ASW,CE,Towers with Radar,0,16,90,11,117,0,5,83,10,98,0,21,173,21,215,22,8,30,245
10/17/2016,NEW,LA,ASW,CE,Towers with Radar,0,8,44,4,56,0,2,31,0,33,0,10,75,4,89,16,0,16,105
10/18/2016,NEW,LA,ASW,CE,Towers with Radar,0,9,66,14,89,0,3,38,3,44,0,12,104,17,133,50,28,78,211
10/19/2016,NEW,LA,ASW,CE,Towers with Radar,0,7,103,3,113,0,0,60,6,66,0,7,163,9,179,102,20,122,301
10/20/2016,NEW,LA,ASW,CE,Towers with Radar,0,8,75,0,83,0,7,59,5,71,0,15,134,5,154,74,0,74,228
10/21/2016,NEW,LA,ASW,CE,Towers with Radar,0,10,81,8,99,0,1,37,6,44,0,11,118,14,143,20,20,40,183
10/22/2016,NEW,LA,ASW,CE,Towers with Radar,0,5,54,7,66,0,3,52,3,58,0,8,106,10,124,58,32,90,214
10/23/2016,NEW,LA,ASW,CE,Towers with Radar,0,11,125,11,147,0,1,76,5,82,0,12,201,16,229,48,6,54,283
10/24/2016,NEW,LA,ASW,CE,Towers with Radar,0,7,35,8,50,0,8,31,7,46,0,15,66,15,96,18,12,30,126
10/25/2016,NEW,LA,ASW,CE,Towers with Radar,0,3,26,5,34,0,3,55,4,62,0,6,81,9,96,62,10,72,168
10/26/2016,NEW,LA,ASW,CE,Towers with Radar,0,3,42,4,49,0,4,41,9,54,0,7,83,13,103,146,8,154,257
10/27/2016,NEW,LA,ASW,CE,Towers with Radar,0,5,44,0,49,0,8,53,2,63,0,13,97,2,112,34,2,36,148
10/28/2016,NEW,LA,ASW,CE,Towers with Radar,0,8,75,5,88,0,5,66,9,80,0,13,141,14,168,48,34,82,250
10/29/2016,NEW,LA,ASW,CE,Towers with Radar,0,8,37,0,45,0,4,70,0,74,0,12,107,0,119,72,0,72,191
10/30/2016,NEW,LA,ASW,CE,Towers with Radar,0,9,112,7,128,0,3,69,2,74,0,12,181,9,202,96,0,96,298
10/31/2016,NEW,LA,ASW,CE,Towers with Radar,0,2,37,3,42,0,3,32,1,36,0,5,69,4,78,16,0,16,94
11/01/2016,NEW,LA,ASW,CE,Towers with Radar,0,0,44,2,46,0,1,34,4,39,0,1,78,6,85,38,4,42,127
11/02/2016,NEW,LA,ASW,CE,Towers with Radar,0,10,38,5,53,0,6,61,1,68,0,16,99,6,121,74,0,74,195
11/03/2016,NEW,LA,ASW,CE,Towers with Radar,0,18,66,8,92,0,2,47,11,60,0,20,113,19,152,14,28,42,194
11/04/2016,NEW,LA,ASW,CE,Towers with Radar,0,10,75,2,87,0,2,114,21,137,0,12,189,23,224,60,76,136,360
11/05/2016,NEW,LA,ASW,CE,Towers with Radar,0,3,40,1,44,0,1,166,9,176,0,4,206,10,220,54,12,66,286
11/06/2016,NEW,LA,ASW,CE,Towers with Radar,0,10,89,13,112,0,1,133,13,147,0,11,222,26,259,2,0,2,261
11/07/2016,NEW,LA,ASW,CE,Towers with Radar,0,6,28,0,34,0,1,9,0,10,0,7,37,0,44,0,0,0,44
11/08/2016,NEW,LA,ASW,CE,Towers with Radar,0,6,34,1,41,0,1,3,0,4,0,7,37,1,45,0,0,0,45
11/09/2016,NEW,LA,ASW,CE,Towers with Radar,0,13,33,7,53,0,1,38,10,49,0,14,71,17,102,14,14,28,130
11/10/2016,NEW,LA,ASW,CE,Towers with Radar,0,19,71,10,100,0,2,39,3,44,0,21,110,13,144,56,8,64,208
11/11/2016,NEW,LA,ASW,CE,Towers with Radar,0,13,96,8,117,0,2,52,2,56,0,15,148,10,173,62,6,68,241
11/12/2016,NEW,LA,ASW,CE,Towers with Radar,0,13,52,1,66,0,4,66,0,70,0,17,118,1,136,48,0,48,184
11/13/2016,NEW,LA,ASW,CE,Towers with Radar,0,17,83,6,106,0,0,63,1,64,0,17,146,7,170,48,2,50,220
11/14/2016,NEW,LA,ASW,CE,Towers with Radar,0,4,49,0,53,0,6,47,4,57,0,10,96,4,110,36,10,46,156
11/15/2016,NEW,LA,ASW,CE,Towers with Radar,0,4,50,2,56,0,2,49,11,62,0,6,99,13,118,36,22,58,176
11/16/2016,NEW,LA,ASW,CE,Towers with Radar,0,12,64,4,80,0,0,56,8,64,0,12,120,12,144,44,0,44,188
11/17/2016,NEW,LA,ASW,CE,Towers with Radar,0,14,66,2,82,0,2,64,5,71,0,16,130,7,153,66,2,68,221
11/18/2016,NEW,LA,ASW,CE,Towers with Radar,0,13,76,20,109,0,8,52,14,74,0,21,128,34,183,38,4,42,225
11/19/2016,NEW,LA,ASW,CE,Towers with Radar,0,14,48,23,85,0,0,54,13,67,0,14,102,36,152,42,0,42,194
11/20/2016,NEW,LA,ASW,CE,Towers with Radar,0,11,56,7,74,0,3,65,7,75,0,14,121,14,149,64,0,64,213
11/21/2016,NEW,LA,ASW,CE,Towers with Radar,0,9,37,0,46,0,10,73,0,83,0,19,110,0,129,22,0,22,151
11/22/2016,NEW,LA,ASW,CE,Towers with Radar,0,10,42,6,58,0,4,64,2,70,0,14,106,8,128,38,0,38,166
11/23/2016,NEW,LA,ASW,CE,Towers with Radar,0,3,61,4,68,0,0,62,0,62,0,3,123,4,130,88,0,88,218
11/24/2016,NEW,LA,ASW,CE,Towers with Radar,0,5,26,0,31,0,0,14,0,14,0,5,40,0,45,36,0,36,81
11/25/2016,NEW,LA,ASW,CE,Towers with Radar,0,3,37,0,40,0,0,42,0,42,0,3,79,0,82,30,0,30,112
11/26/2016,NEW,LA,ASW,CE,Towers with Radar,0,12,54,0,66,0,1,60,0,61,0,13,114,0,127,48,0,48,175
11/27/2016,NEW,LA,ASW,CE,Towers with Radar,0,11,92,0,103,0,2,57,2,61,0,13,149,2,164,4,0,4,168
11/28/2016,NEW,LA,ASW,CE,Towers with Radar,0,8,27,8,43,0,10,21,0,31,0,18,48,8,74,6,0,6,80
11/29/2016,NEW,LA,ASW,CE,Towers with Radar,0,6,33,6,45,0,7,9,6,22,0,13,42,12,67,0,0,0,67
11/30/2016,NEW,LA,ASW,CE,Towers with Radar,0,7,52,3,62,0,1,30,2,33,0,8,82,5,95,12,0,12,107
12/01/2016,NEW,LA,ASW,CE,Towers with Radar,0,15,60,4,79,0,1,52,2,55,0,16,112,6,134,52,4,56,190
12/02/2016,NEW,LA,ASW,CE,Towers with Radar,0,4,89,13,106,0,2,42,3,47,0,6,131,16,153,32,0,32,185
12/03/2016,NEW,LA,ASW,CE,Towers with Radar,0,3,24,10,37,0,1,11,2,14,0,4,35,12,51,0,0,0,51
12/04/2016,NEW,LA,ASW,CE,Towers with Radar,0,11,59,0,70,0,0,5,0,5,0,11,64,0,75,14,0,14,89
12/05/2016,NEW,LA,ASW,CE,Towers with Radar,0,5,20,0,25,0,0,0,0,0,0,5,20,0,25,0,0,0,25
12/06/2016,NEW,LA,ASW,CE,Towers with Radar,0,12,45,1,58,0,1,11,3,15,0,13,56,4,73,16,8,24,97
12/07/2016,NEW,LA,ASW,CE,Towers with Radar,0,10,68,5,83,0,0,19,2,21,0,10,87,7,104,18,0,18,122
12/08/2016,NEW,LA,ASW,CE,Towers with Radar,0,2,54,8,64,0,0,9,6,15,0,2,63,14,79,4,44,48,127
12/09/2016,NEW,LA,ASW,CE,Towers with Radar,0,11,69,13,93,0,4,70,17,91,0,15,139,30,184,44,0,44,228
12/10/2016,NEW,LA,ASW,CE,Towers with Radar,0,5,43,11,59,0,4,68,0,72,0,9,111,11,131,64,6,70,201
12/11/2016,NEW,LA,ASW,CE,Towers with Radar,0,3,60,6,69,0,2,77,4,83,0,5,137,10,152,68,0,68,220
12/12/2016,NEW,LA,ASW,CE,Towers with Radar,0,5,32,3,40,0,0,41,5,46,0,5,73,8,86,100,34,134,220
12/13/2016,NEW,LA,ASW,CE,Towers with Radar,0,3,34,3,40,0,0,13,0,13,0,3,47,3,53,38,0,38,91
12/14/2016,NEW,LA,ASW,CE,Towers with Radar,0,0,31,0,31,0,0,0,0,0,0,0,31,0,31,0,0,0,31
12/15/2016,NEW,LA,ASW,CE,Towers with Radar,0,10,37,4,51,0,1,53,8,62,0,11,90,12,113,48,0,48,161
12/16/2016,NEW,LA,ASW,CE,Towers with Radar,0,11,64,23,98,0,1,60,6,67,0,12,124,29,165,74,12,86,251
12/17/2016,NEW,LA,ASW,CE,Towers with Radar,0,7,24,3,34,0,2,17,10,29,0,9,41,13,63,40,0,40,103
12/18/2016,NEW,LA,ASW,CE,Towers with Radar,0,13,24,4,41,0,0,0,1,1,0,13,24,5,42,0,0,0,42
12/19/2016,NEW,LA,ASW,CE,Towers with Radar,0,11,43,4,58,0,0,28,3,31,0,11,71,7,89,10,6,16,105
12/20/2016,NEW,LA,ASW,CE,Towers with Radar,0,6,42,9,57,0,0,41,3,44,0,6,83,12,101,16,0,16,117
12/21/2016,NEW,LA,ASW,CE,Towers with Radar,0,6,47,2,55,0,1,48,9,58,0,7,95,11,113,58,12,70,183
12/22/2016,NEW,LA,ASW,CE,Towers with Radar,0,5,47,0,52,0,0,2,0,2,0,5,49,0,54,0,0,0,54
12/23/2016,NEW,LA,ASW,CE,Towers with Radar,0,8,59,0,67,0,0,33,0,33,0,8,92,0,100,64,0,64,164
12/24/2016,NEW,LA,ASW,CE,Towers with Radar,0,5,22,4,31,0,0,8,0,8,0,5,30,4,39,20,0,20,59
12/25/2016,NEW,LA,ASW,CE,Towers with Radar,0,3,16,0,19,0,0,1,0,1,0,3,17,0,20,0,0,0,20
12/26/2016,NEW,LA,ASW,CE,Towers with Radar,0,6,34,0,40,0,0,9,0,9,0,6,43,0,49,2,0,2,51
12/27/2016,NEW,LA,ASW,CE,Towers with Radar,0,2,40,0,42,0,0,6,0,6,0,2,46,0,48,16,0,16,64
12/28/2016,NEW,LA,ASW,CE,Towers with Radar,0,8,29,1,38,0,1,33,1,35,0,9,62,2,73,82,0,82,155
12/29/2016,NEW,LA,ASW,CE,Towers with Radar,0,12,51,0,63,0,2,31,2,35,0,14,82,2,98,0,0,0,98
12/30/2016,NEW,LA,ASW,CE,Towers with Radar,0,5,68,2,75,0,3,85,2,90,0,8,153,4,165,4,0,4,169
12/31/2016,NEW,LA,ASW,CE,Towers with Radar,0,11,37,0,48,0,1,8,1,10,0,12,45,1,58,16,0,16,74
01/01/2017,NEW,LA,ASW,CE,Towers with Radar,0,4,39,0,43,0,0,2,0,2,0,4,41,0,45,0,0,0,45
01/02/2017,NEW,LA,ASW,CE,Towers with Radar,0,13,48,0,61,0,3,1,0,4,0,16,49,0,65,0,0,0,65
01/03/2017,NEW,LA,ASW,CE,Towers with Radar,0,9,109,0,118,0,0,15,0,15,0,9,124,0,133,0,0,0,133
01/04/2017,NEW,LA,ASW,CE,Towers with Radar,0,9,45,6,60,0,2,40,3,45,0,11,85,9,105,58,10,68,173
01/05/2017,NEW,LA,ASW,CE,Towers with Radar,0,7,59,8,74,0,3,28,2,33,0,10,87,10,107,42,0,42,149
01/06/2017,NEW,LA,ASW,CE,Towers with Radar,0,3,22,1,26,0,0,0,0,0,0,3,22,1,26,0,0,0,26
01/07/2017,NEW,LA,ASW,CE,Towers with Radar,0,7,23,3,33,0,5,53,10,68,0,12,76,13,101,8,6,14,115
01/08/2017,NEW,LA,ASW,CE,Towers with Radar,0,17,50,8,75,0,3,63,6,72,0,20,113,14,147,32,0,32,179
01/09/2017,NEW,LA,ASW,CE,Towers with Radar,0,10,37,4,51,0,2,41,2,45,0,12,78,6,96,10,0,10,106
01/10/2017,NEW,LA,ASW,CE,Towers with Radar,0,9,39,13,61,0,2,42,12,56,0,11,81,25,117,4,4,8,125
01/11/2017,NEW,LA,ASW,CE,Towers with Radar,0,11,52,2,65,0,6,27,3,36,0,17,79,5,101,36,0,36,137
01/12/2017,NEW,LA,ASW,CE,Towers with Radar,0,8,59,4,71,0,3,49,5,57,0,11,108,9,128,70,0,70,198
01/13/2017,NEW,LA,ASW,CE,Towers with Radar,0,15,66,27,108,0,2,44,6,52,0,17,110,33,160,98,18,116,276
01/14/2017,NEW,LA,ASW,CE,Towers with Radar,0,7,38,3,48,0,1,50,0,51,0,8,88,3,99,56,0,56,155
01/15/2017,NEW,LA,ASW,CE,Towers with Radar,0,13,42,6,61,0,1,52,0,53,0,14,94,6,114,72,0,72,186
01/16/2017,NEW,LA,ASW,CE,Towers with Radar,0,16,48,4,68,0,1,25,2,28,0,17,73,6,96,14,0,14,110
01/17/2017,NEW,LA,ASW,CE,Towers with Radar,0,15,46,8,69,0,2,25,1,28,0,17,71,9,97,32,4,36,133
01/18/2017,NEW,LA,ASW,CE,Towers with Radar,0,10,44,0,54,0,0,11,0,11,0,10,55,0,65,42,0,42,107
01/19/2017,NEW,LA,ASW,CE,Towers with Radar,0,11,24,2,37,0,0,2,2,4,0,11,26,4,41,0,0,0,41
01/20/2017,NEW,LA,ASW,CE,Towers with Radar,0,8,61,21,90,0,2,36,5,43,0,10,97,26,133,32,6,38,171
01/21/2017,NEW,LA,ASW,CE,Towers with Radar,0,8,26,6,40,0,1,15,2,18,0,9,41,8,58,32,0,32,90
01/22/2017,NEW,LA,ASW,CE,Towers with Radar,0,7,39,1,47,0,2,14,1,17,0,9,53,2,64,14,0,14,78
01/23/2017,NEW,LA,ASW,CE,Towers with Radar,0,6,56,2,64,0,2,43,3,48,0,8,99,5,112,14,0,14,126
01/24/2017,NEW,LA,ASW,CE,Towers with Radar,0,9,98,17,124,0,0,58,6,64,0,9,156,23,188,24,26,50,238
01/25/2017,NEW,LA,ASW,CE,Towers with Radar,0,33,106,10,149,0,2,19,2,23,0,35,125,12,172,18,0,18,190
01/26/2017,NEW,LA,ASW,CE,Towers with Radar,0,59,131,4,194,0,3,62,0,65,0,62,193,4,259,26,0,26,285
01/27/2017,NEW,LA,ASW,CE,Towers with Radar,0,25,111,33,169,0,5,67,4,76,0,30,178,37,245,50,18,68,313
01/28/2017,NEW,LA,ASW,CE,Towers with Radar,0,37,90,2,129,0,2,59,7,68,0,39,149,9,197,88,0,88,285
01/29/2017,NEW,LA,ASW,CE,Towers with Radar,0,42,148,4,194,0,0,93,3,96,0,42,241,7,290,8,0,8,298
01/30/2017,NEW,LA,ASW,CE,Towers with Radar,0,12,47,14,73,0,5,56,0,61,0,17,103,14,134,32,4,36,170
01/31/2017,NEW,LA,ASW,CE,Towers with Radar,0,6,38,2,46,0,0,69,9,78,0,6,107,11,124,42,0,42,166
02/01/2017,NEW,LA,ASW,CE,Towers with Radar,0,8,56,7,71,0,1,57,9,67,0,9,113,16,138,80,6,86,224
02/02/2017,NEW,LA,ASW,CE,Towers with Radar,0,3,55,0,58,0,3,37,4,44,0,6,92,4,102,60,2,62,164
02/03/2017,NEW,LA,ASW,CE,Towers with Radar,0,9,57,8,74,0,1,25,2,28,0,10,82,10,102,44,0,44,146
02/04/2017,NEW,LA,ASW,CE,Towers with Radar,0,5,34,1,40,0,2,80,2,84,0,7,114,3,124,42,0,42,166
02/05/2017,NEW,LA,ASW,CE,Towers with Radar,0,8,54,1,63,0,3,46,3,52,0,11,100,4,115,48,0,48,163
02/06/2017,NEW,LA,ASW,CE,Towers with Radar,0,7,46,4,57,0,3,29,6,38,0,10,75,10,95,20,0,20,115
02/07/2017,NEW,LA,ASW,CE,Towers with Radar,0,7,29,1,37,0,4,7,3,14,0,11,36,4,51,0,0,0,51
02/08/2017,NEW,LA,ASW,CE,Towers with Radar,0,12,44,10,66,0,5,27,6,38,0,17,71,16,104,50,14,64,168
02/09/2017,NEW,LA,ASW,CE,Towers with Radar,0,12,56,6,74,0,2,69,18,89,0,14,125,24,163,26,50,76,239
02/10/2017,NEW,LA,ASW,CE,Towers with Radar,0,19,88,23,130,0,3,85,8,96,0,22,173,31,226,50,4,54,280
02/11/2017,NEW,LA,ASW,CE,Towers with Radar,0,2,61,16,79,0,2,33,1,36,0,4,94,17,115,32,0,32,147
02/12/2017,NEW,LA,ASW,CE,Towers with Radar,0,11,105,14,130,0,6,40,4,50,0,17,145,18,180,56,16,72,252
02/13/2017,NEW,LA,ASW,CE,Towers with Radar,0,13,43,12,68,0,2,36,5,43,0,15,79,17,111,26,6,32,143
02/14/2017,NEW,LA,ASW,CE,Towers with Radar,0,4,37,12,53,0,2,49,6,57,0,6,86,18,110,70,2,72,182
02/15/2017,NEW,LA,ASW,CE,Towers with Radar,0,14,44,5,63,0,2,31,11,44,0,16,75,16,107,44,6,50,157
02/16/2017,NEW,LA,ASW,CE,Towers with Radar,0,12,81,11,104,0,3,48,7,58,0,15,129,18,162,80,0,80,242
02/17/2017,NEW,LA,ASW,CE,Towers with Radar,0,21,84,2,107,0,0,41,0,41,0,21,125,2,148,60,0,60,208
02/18/2017,NEW,LA,ASW,CE,Towers with Radar,0,11,53,7,71,0,4,80,10,94,0,15,133,17,165,94,0,94,259
02/19/2017,NEW,LA,ASW,CE,Towers with Radar,0,13,75,4,92,0,0,84,4,88,0,13,159,8,180,56,0,56,236
02/20/2017,NEW,LA,ASW,CE,Towers with Radar,0,14,62,8,84,0,1,16,0,17,0,15,78,8,101,30,0,30,131
02/21/2017,NEW,LA,ASW,CE,Towers with Radar,0,4,37,9,50,0,0,17,2,19,0,4,54,11,69,34,0,34,103
02/22/2017,NEW,LA,ASW,CE,Towers with Radar,0,3,81,14,98,0,5,47,8,60,0,8,128,22,158,60,2,62,220
02/23/2017,NEW,LA,ASW,CE,Towers with Radar,0,14,107,2,123,0,9,62,18,89,0,23,169,20,212,84,38,122,334
02/24/2017,NEW,LA,ASW,CE,Towers with Radar,0,20,116,5,141,0,2,75,5,82,0,22,191,10,223,112,0,112,335
02/25/2017,NEW,LA,ASW,CE,Towers with Radar,0,18,70,5,93,0,4,78,11,93,0,22,148,16,186,25,8,33,219
02/26/2017,NEW,LA,ASW,CE,Towers with Radar,0,17,110,1,128,0,8,63,11,82,0,25,173,12,210,16,0,16,226
02/27/2017,NEW,LA,ASW,CE,Towers with Radar,0,16,66,5,87,0,2,16,4,22,0,18,82,9,109,13,0,13,122
02/28/2017,NEW,LA,ASW,CE,Towers with Radar,0,15,35,10,60,0,4,7,4,15,0,19,42,14,75,12,12,24,99
03/01/2017,NEW,LA,ASW,CE,Towers with Radar,0,15,63,3,81,0,1,25,2,28,0,16,88,5,109,14,0,14,123
03/02/2017,NEW,LA,ASW,CE,Towers with Radar,0,8,52,6,66,0,5,30,7,42,0,13,82,13,108,16,0,16,124
03/03/2017,NEW,LA,ASW,CE,Towers with Radar,0,13,71,0,84,0,2,44,0,46,0,15,115,0,130,10,0,10,140
03/04/2017,NEW,LA,ASW,CE,Towers with Radar,0,20,32,4,56,0,5,48,2,55,0,25,80,6,111,40,6,46,157
03/05/2017,NEW,LA,ASW,CE,Towers with Radar,0,10,78,3,91,0,2,37,1,40,0,12,115,4,131,52,0,52,183
03/06/2017,NEW,LA,ASW,CE,Towers with Radar,0,12,53,0,65,0,0,21,3,24,0,12,74,3,89,18,0,18,107
03/07/2017,NEW,LA,ASW,CE,Towers with Radar,0,4,41,6,51,0,2,17,1,20,0,6,58,7,71,12,0,12,83
03/08/2017,NEW,LA,ASW,CE,Towers with Radar,0,8,81,3,92,0,6,32,3,41,0,14,113,6,133,38,0,38,171
03/09/2017,NEW,LA,ASW,CE,Towers with Radar,0,11,70,7,88,0,1,57,2,60,0,12,127,9,148,58,0,58,206
03/10/2017,NEW,LA,ASW,CE,Towers with Radar,0,10,82,5,97,0,5,51,3,59,0,15,133,8,156,90,0,90,246
03/11/2017,NEW,LA,ASW,CE,Towers with Radar,0,13,38,5,56,0,2,39,0,41,0,15,77,5,97,76,0,76,173
03/12/2017,NEW,LA,ASW,CE,Towers with Radar,0,11,98,0,109,0,0,31,0,31,0,11,129,0,140,28,0,28,168
03/13/2017,NEW,LA,ASW,CE,Towers with Radar,0,7,58,4,69,0,0,1,0,1,0,7,59,4,70,0,0,0,70
03/14/2017,NEW,LA,ASW,CE,Towers with Radar,0,3,46,7,56,0,2,53,6,61,0,5,99,13,117,22,0,22,139
03/15/2017,NEW,LA,ASW,CE,Towers with Radar,0,11,72,0,83,0,0,52,2,54,0,11,124,2,137,40,0,40,177
03/16/2017,NEW,LA,ASW,CE,Towers with Radar,0,10,77,6,93,0,2,51,12,65,0,12,128,18,158,90,2,92,250
03/17/2017,NEW,LA,ASW,CE,Towers with Radar,0,13,80,18,111,0,12,63,5,80,0,25,143,23,191,28,14,42,233
03/18/2017,NEW,LA,ASW,CE,Towers with Radar,0,7,37,1,45,0,6,101,3,110,0,13,138,4,155,88,0,88,243
03/19/2017,NEW,LA,ASW,CE,Towers with Radar,0,17,110,3,130,0,0,31,0,31,0,17,141,3,161,56,0,56,217
03/20/2017,NEW,LA,ASW,CE,Towers with Radar,0,4,37,11,52,0,1,42,2,45,0,5,79,13,97,52,6,58,155
03/21/2017,NEW,LA,ASW,CE,Towers with Radar,0,5,47,16,68,0,2,68,7,77,0,7,115,23,145,32,2,34,179
03/22/2017,NEW,LA,ASW,CE,Towers with Radar,0,6,58,29,93,0,0,41,15,56,0,6,99,44,149,50,12,62,211
03/23/2017,NEW,LA,ASW,CE,Towers with Radar,0,12,63,24,99,0,2,40,9,51,0,14,103,33,150,38,20,58,208
03/24/2017,NEW,LA,ASW,CE,Towers with Radar,0,6,77,10,93,0,1,17,7,25,0,7,94,17,118,6,0,6,124
03/25/2017,NEW,LA,ASW,CE,Towers with Radar,0,9,24,6,39,0,0,8,6,14,0,9,32,12,53,38,18,56,109
03/26/2017,NEW,LA,ASW,CE,Towers with Radar,0,24,76,6,106,0,3,63,4,70,0,27,139,10,176,18,0,18,194
03/27/2017,NEW,LA,ASW,CE,Towers with Radar,0,20,75,2,97,0,5,37,2,44,0,25,112,4,141,14,0,14,155
03/28/2017,NEW,LA,ASW,CE,Towers with Radar,0,26,61,10,97,0,8,42,14,64,0,34,103,24,161,56,6,62,223
03/29/2017,NEW,LA,ASW,CE,Towers with Radar,0,22,59,11,92,0,3,44,5,52,0,25,103,16,144,80,16,96,240
03/30/2017,NEW,LA,ASW,CE,Towers with Radar,0,12,45,3,60,0,3,8,3,14,0,15,53,6,74,8,0,8,82
03/31/2017,NEW,LA,ASW,CE,Towers with Radar,0,14,62,8,84,0,0,71,7,78,0,14,133,15,162,82,0,82,244
04/01/2017,NEW,LA,ASW,CE,Towers with Radar,0,16,46,3,65,0,6,68,13,87,0,22,114,16,152,57,14,71,223
04/02/2017,NEW,LA,ASW,CE,Towers with Radar,0,10,67,2,79,0,0,9,0,9,0,10,76,2,88,14,0,14,102
04/03/2017,NEW,LA,ASW,CE,Towers with Radar,0,9,37,2,48,0,0,28,0,28,0,9,65,2,76,66,0,66,142
04/04/2017,NEW,LA,ASW,CE,Towers with Radar,0,19,65,8,92,0,3,87,4,94,0,22,152,12,186,64,0,64,250
04/05/2017,NEW,LA,ASW,CE,Towers with Radar,0,11,68,5,84,0,2,31,1,34,0,13,99,6,118,37,0,37,155
04/06/2017,NEW,LA,ASW,CE,Towers with Radar,0,12,70,6,88,0,3,79,5,87,0,15,149,11,175,18,0,18,193
04/07/2017,NEW,LA,ASW,CE,Towers with Radar,0,18,88,0,106,0,6,55,2,63,0,24,143,2,169,84,0,84,253
04/08/2017,NEW,LA,ASW,CE,Towers with Radar,0,11,39,0,50,0,2,107,1,110,0,13,146,1,160,72,0,72,232
04/09/2017,NEW,LA,ASW,CE,Towers with Radar,0,9,83,10,102,0,2,79,3,84,0,11,162,13,186,50,0,50,236
04/10/2017,NEW,LA,ASW,CE,Towers with Radar,0,10,31,18,59,0,3,47,7,57,0,13,78,25,116,52,18,70,186
04/11/2017,NEW,LA,ASW,CE,Towers with Radar,0,7,45,2,54,0,2,49,8,59,0,9,94,10,113,40,6,46,159
04/12/2017,NEW,LA,ASW,CE,Towers with Radar,0,14,71,5,90,0,9,52,3,64,0,23,123,8,154,66,2,68,222
04/13/2017,NEW,LA,ASW,CE,Towers with Radar,0,4,59,4,67,0,7,67,1,75,0,11,126,5,142,58,12,70,212
04/14/2017,NEW,LA,ASW,CE,Towers with Radar,0,13,52,2,67,0,4,71,0,75,0,17,123,2,142,34,0,34,176
04/15/2017,NEW,LA,ASW,CE,Towers with Radar,0,12,20,3,35,0,3,41,1,45,0,15,61,4,80,20,0,20,100
04/16/2017,NEW,LA,ASW,CE,Towers with Radar,0,8,30,0,38,0,0,12,0,12,0,8,42,0,50,20,0,20,70
04/17/2017,NEW,LA,ASW,CE,Towers with Radar,0,11,56,1,68,0,4,23,0,27,0,15,79,1,95,18,0,18,113
04/18/2017,NEW,LA,ASW,CE,Towers with Radar,0,6,42,8,56,0,1,42,1,44,0,7,84,9,100,44,10,54,154
04/19/2017,NEW,LA,ASW,CE,Towers with Radar,0,14,54,15,83,0,4,38,0,42,0,18,92,15,125,36,0,36,161
04/20/2017,NEW,LA,ASW,CE,Towers with Radar,0,13,85,16,114,0,7,62,6,75,0,20,147,22,189,72,6,78,267
04/21/2017,NEW,LA,ASW,CE,Towers with Radar,0,20,78,29,127,0,1,84,5,90,0,21,162,34,217,90,6,96,313
04/22/2017,NEW,LA,ASW,CE,Towers with Radar,0,11,30,6,47,0,4,51,5,60,0,15,81,11,107,64,2,66,173
04/23/2017,NEW,LA,ASW,CE,Towers with Radar,0,25,64,2,91,0,1,30,2,33,0,26,94,4,124,10,0,10,134
04/24/2017,NEW,LA,ASW,CE,Towers with Radar,0,13,39,11,63,0,1,38,3,42,0,14,77,14,105,14,12,26,131
04/25/2017,NEW,LA,ASW,CE,Towers with Radar,0,10,46,10,66,0,1,59,3,63,0,11,105,13,129,40,22,62,191
04/26/2017,NEW,LA,ASW,CE,Towers with Radar,0,10,88,6,104,0,2,25,4,31,0,12,113,10,135,0,8,8,143
04/27/2017,NEW,LA,ASW,CE,Towers with Radar,0,11,97,9,117,0,12,74,6,92,0,23,171,15,209,112,6,118,327
04/28/2017,NEW,LA,ASW,CE,Towers with Radar,0,7,91,10,108,0,2,17,1,20,0,9,108,11,128,94,14,108,236
04/29/2017,NEW,LA,ASW,CE,Towers with Radar,0,13,37,1,51,0,0,24,3,27,0,13,61,4,78,8,0,8,86
04/30/2017,NEW,LA,ASW,CE,Towers with Radar,0,15,69,0,84,0,1,11,1,13,0,16,80,1,97,0,0,0,97
05/01/2017,NEW,LA,ASW,CE,Towers with Radar,0,20,56,0,76,0,2,74,10,86,0,22,130,10,162,70,22,92,254
05/02/2017,NEW,LA,ASW,CE,Towers with Radar,0,8,53,3,64,0,6,46,3,55,0,14,99,6,119,34,0,34,153
05/03/2017,NEW,LA,ASW,CE,Towers with Radar,0,8,32,2,42,0,0,4,1,5,0,8,36,3,47,0,0,0,47
05/04/2017,NEW,LA,ASW,CE,Towers with Radar,0,20,59,6,85,0,4,26,2,32,0,24,85,8,117,12,0,12,129
05/05/2017,NEW,LA,ASW,CE,Towers with Radar,0,13,63,4,80,0,7,55,4,66,0,20,118,8,146,30,4,34,180
05/06/2017,NEW,LA,ASW,CE,Towers with Radar,0,9,29,4,42,0,3,125,3,131,0,12,154,7,173,122,4,126,299
05/07/2017,NEW,LA,ASW,CE,Towers with Radar,0,37,84,3,124,0,4,98,2,104,0,41,182,5,228,88,8,96,324
05/08/2017,NEW,LA,ASW,CE,Towers with Radar,0,21,76,0,97,0,3,55,3,61,0,24,131,3,158,88,4,92,250
05/09/2017,NEW,LA,ASW,CE,Towers with Radar,0,11,82,7,100,0,1,52,2,55,0,12,134,9,155,66,0,66,221
05/10/2017,NEW,LA,ASW,CE,Towers with Radar,0,8,86,1,95,0,4,51,5,60,0,12,137,6,155,60,0,60,215
05/11/2017,NEW,LA,ASW,CE,Towers with Radar,0,11,95,12,118,0,9,45,6,60,0,20,140,18,178,28,0,28,206
05/12/2017,NEW,LA,ASW,CE,Towers with Radar,0,8,55,2,65,0,0,12,4,16,0,8,67,6,81,0,0,0,81
05/13/2017,NEW,LA,ASW,CE,Towers with Radar,0,5,43,5,53,0,6,61,3,70,0,11,104,8,123,52,12,64,187
05/14/2017,NEW,LA,ASW,CE,Towers with Radar,0,8,62,3,73,0,0,57,4,61,0,8,119,7,134,68,0,68,202
05/15/2017,NEW,LA,ASW,CE,Towers with Radar,0,3,52,2,57,0,0,45,3,48,0,3,97,5,105,34,12,46,151
05/16/2017,NEW,LA,ASW,CE,Towers with Radar,0,10,35,2,47,0,1,55,3,59,0,11,90,5,106,60,0,60,166
05/17/2017,NEW,LA,ASW,CE,Towers with Radar,0,7,51,8,66,0,0,43,11,54,0,7,94,19,120,30,12,42,162
05/18/2017,NEW,LA,ASW,CE,Towers with Radar,0,10,53,10,73,0,2,34,3,39,0,12,87,13,112,108,0,108,220
05/19/2017,NEW,LA,ASW,CE,Towers with Radar,0,6,64,7,77,0,0,48,5,53,0,6,112,12,130,80,0,80,210
05/20/2017,NEW,LA,ASW,CE,Towers with Radar,0,9,34,4,47,0,0,24,0,24,0,9,58,4,71,84,0,84,155
05/21/2017,NEW,LA,ASW,CE,Towers with Radar,0,11,62,2,75,0,0,6,0,6,0,11,68,2,81,4,0,4,85
05/22/2017,NEW,LA,ASW,CE,Towers with Radar,0,4,30,0,34,0,1,13,1,15,0,5,43,1,49,44,0,44,93
05/23/2017,NEW,LA,ASW,CE,Towers with Radar,0,5,34,3,42,0,1,29,4,34,0,6,63,7,76,40,8,48,124
05/24/2017,NEW,LA,ASW,CE,Towers with Radar,0,8,44,11,63,0,4,32,4,40,0,12,76,15,103,36,6,42,145
05/25/2017,NEW,LA,ASW,CE,Towers with Radar,0,13,57,8,78,0,2,56,4,62,0,15,113,12,140,54,4,58,198
05/26/2017,NEW,LA,ASW,CE,Towers with Radar,0,10,71,0,81,0,0,62,0,62,0,10,133,0,143,120,0,120,263
05/27/2017,NEW,LA,ASW,CE,Towers with Radar,0,7,32,1,40,0,5,57,3,65,0,12,89,4,105,72,0,72,177
05/28/2017,NEW,LA,ASW,CE,Towers with Radar,0,8,26,0,34,0,1,33,0,34,0,9,59,0,68,58,0,58,126
05/29/2017,NEW,LA,ASW,CE,Towers with Radar,0,12,39,0,51,0,0,13,0,13,0,12,52,0,64,10,0,10,74
05/30/2017,NEW,LA,ASW,CE,Towers with Radar,0,3,27,0,30,0,0,6,0,6,0,3,33,0,36,8,0,8,44
05/31/2017,NEW,LA,ASW,CE,Towers with Radar,0,5,29,0,34,0,0,2,0,2,0,5,31,0,36,42,0,42,78
06/01/2017,NEW,LA,ASW,CE,Towers with Radar,0,8,42,1,51,0,0,11,0,11,0,8,53,1,62,0,0,0,62
06/02/2017,NEW,LA,ASW,CE,Towers with Radar,1,3,42,11,57,0,3,32,7,42,1,6,74,18,99,88,0,88,187
06/03/2017,NEW,LA,ASW,CE,Towers with Radar,0,4,31,1,36,0,0,15,0,15,0,4,46,1,51,6,0,6,57
06/04/2017,NEW,LA,ASW,CE,Towers with Radar,0,6,44,1,51,0,1,41,1,43,0,7,85,2,94,80,0,80,174
06/05/2017,NEW,LA,ASW,CE,Towers with Radar,0,6,24,0,30,0,0,18,0,18,0,6,42,0,48,54,0,54,102
06/06/2017,NEW,LA,ASW,CE,Towers with Radar,0,7,22,0,29,0,0,5,0,5,0,7,27,0,34,12,0,12,46
06/07/2017,NEW,LA,ASW,CE,Towers with Radar,0,11,39,12,62,0,2,40,8,50,0,13,79,20,112,32,6,38,150
06/08/2017,NEW,LA,ASW,CE,Towers with Radar,0,16,70,6,92,0,4,59,4,67,0,20,129,10,159,83,6,89,248
06/09/2017,NEW,LA,ASW,CE,Towers with Radar,0,8,50,1,59,0,3,66,1,70,0,11,116,2,129,60,0,60,189
06/10/2017,NEW,LA,ASW,CE,Towers with Radar,0,10,46,2,58,0,3,65,2,70,0,13,111,4,128,116,0,116,244
06/11/2017,NEW,LA,ASW,CE,Towers with Radar,0,7,46,1,54,0,2,20,1,23,0,9,66,2,77,22,0,22,99
06/12/2017,NEW,LA,ASW,CE,Towers with Radar,0,12,29,6,47,0,0,3,0,3,0,12,32,6,50,0,0,0,50
06/13/2017,NEW,LA,ASW,CE,Towers with Radar,0,10,33,8,51,0,2,10,3,15,0,12,43,11,66,50,0,50,116
06/14/2017,NEW,LA,ASW,CE,Towers with Radar,0,7,39,6,52,0,4,34,4,42,0,11,73,10,94,84,0,84,178
06/15/2017,NEW,LA,ASW,CE,Towers with Radar,0,18,48,2,68,0,2,34,0,36,0,20,82,2,104,86,0,86,190
06/16/2017,NEW,LA,ASW,CE,Towers with Radar,0,6,64,10,80,0,1,47,3,51,0,7,111,13,131,38,0,38,169
06/17/2017,NEW,LA,ASW,CE,Towers with Radar,0,10,31,6,47,0,0,54,0,54,0,10,85,6,101,36,0,36,137
06/18/2017,NEW,LA,ASW,CE,Towers with Radar,0,9,35,2,46,0,1,39,4,44,0,10,74,6,90,80,0,80,170
06/19/2017,NEW,LA,ASW,CE,Towers with Radar,0,4,36,10,50,0,1,37,0,38,0,5,73,10,88,46,0,46,134
06/20/2017,NEW,LA,ASW,CE,Towers with Radar,0,6,23,0,29,0,1,6,0,7,0,7,29,0,36,0,0,0,36
06/21/2017,NEW,LA,ASW,CE,Towers with Radar,0,0,7,0,7,0,0,0,0,0,0,0,7,0,7,0,0,0,7
06/22/2017,NEW,LA,ASW,CE,Towers with Radar,0,2,17,0,19,0,1,8,0,9,0,3,25,0,28,0,0,0,28
06/23/2017,NEW,LA,ASW,CE,Towers with Radar,0,14,29,5,48,0,3,17,2,22,0,17,46,7,70,40,0,40,110
06/24/2017,NEW,LA,ASW,CE,Towers with Radar,0,5,32,2,39,0,2,31,0,33,0,7,63,2,72,54,0,54,126
06/25/2017,NEW,LA,ASW,CE,Towers with Radar,0,4,29,4,37,0,2,19,3,24,0,6,48,7,61,72,0,72,133
06/26/2017,NEW,LA,ASW,CE,Towers with Radar,0,2,27,6,35,0,7,36,1,44,0,9,63,7,79,34,0,34,113
06/27/2017,NEW,LA,ASW,CE,Towers with Radar,0,4,47,6,57,0,3,47,7,57,0,7,94,13,114,18,14,32,146
06/28/2017,NEW,LA,ASW,CE,Towers with Radar,0,13,44,1,58,0,4,25,1,30,0,17,69,2,88,36,0,36,124
06/29/2017,NEW,LA,ASW,CE,Towers with Radar,0,4,26,0,30,0,3,10,4,17,0,7,36,4,47,24,0,24,71
06/30/2017,NEW,LA,ASW,CE,Towers with Radar,0,1,66,5,72,0,1,38,1,40,0,2,104,6,112,36,4,40,152
07/01/2017,NEW,LA,ASW,CE,Towers with Radar,0,7,35,2,44,0,2,58,2,62,0,9,93,4,106,60,0,60,166
07/02/2017,NEW,LA,ASW,CE,Towers with Radar,0,2,30,0,32,0,1,39,1,41,0,3,69,1,73,42,0,42,115
07/03/2017,NEW,LA,ASW,CE,Towers with Radar,0,6,19,1,26,0,1,32,3,36,0,7,51,4,62,44,2,46,108
07/04/2017,NEW,LA,ASW,CE,Towers with Radar,0,3,26,0,29,0,3,22,2,27,0,6,48,2,56,0,0,0,56
07/05/2017,NEW,LA,ASW,CE,Towers with Radar,0,8,49,1,58,0,2,43,2,47,0,10,92,3,105,54,22,76,181
07/06/2017,NEW,LA,ASW,CE,Towers with Radar,0,7,33,7,47,0,2,54,10,66,0,9,87,17,113,66,6,72,185
07/07/2017,NEW,LA,ASW,CE,Towers with Radar,0,6,32,20,58,0,0,46,4,50,0,6,78,24,108,80,28,108,216
07/08/2017,NEW,LA,ASW,CE,Towers with Radar,0,7,39,5,51,0,1,49,3,53,0,8,88,8,104,144,0,144,248
07/09/2017,NEW,LA,ASW,CE,Towers with Radar,0,10,37,1,48,0,0,33,3,36,0,10,70,4,84,66,6,72,156
07/10/2017,NEW,LA,ASW,CE,Towers with Radar,0,8,37,1,46,0,6,21,3,30,0,14,58,4,76,46,28,74,150
07/11/2017,NEW,LA,ASW,CE,Towers with Radar,0,7,28,4,39,0,0,35,1,36,0,7,63,5,75,75,12,87,162
07/12/2017,NEW,LA,ASW,CE,Towers with Radar,0,12,46,5,63,0,2,34,13,49,0,14,80,18,112,106,0,106,218
07/13/2017,NEW,LA,ASW,CE,Towers with Radar,0,10,41,5,56,0,6,51,10,67,0,16,92,15,123,118,0,118,241
07/14/2017,NEW,LA,ASW,CE,Towers with Radar,0,9,40,0,49,0,6,32,10,48,0,15,72,10,97,62,0,62,159
07/15/2017,NEW,LA,ASW,CE,Towers with Radar,0,7,21,0,28,0,0,38,0,38,0,7,59,0,66,60,0,60,126
07/16/2017,NEW,LA,ASW,CE,Towers with Radar,0,2,49,0,51,0,3,29,0,32,0,5,78,0,83,48,0,48,131
07/17/2017,NEW,LA,ASW,CE,Towers with Radar,0,7,28,0,35,0,2,16,0,18,0,9,44,0,53,50,0,50,103
07/18/2017,NEW,LA,ASW,CE,Towers with Radar,0,7,43,5,55,0,4,37,2,43,0,11,80,7,98,106,0,106,204
07/19/2017,NEW,LA,ASW,CE,Towers with Radar,0,9,36,8,53,0,5,35,11,51,0,14,71,19,104,56,0,56,160
07/20/2017,NEW,LA,ASW,CE,Towers with Radar,0,7,53,10,70,0,6,52,2,60,0,13,105,12,130,48,6,54,184
07/21/2017,NEW,LA,ASW,CE,Towers with Radar,0,8,50,2,60,0,1,47,5,53,0,9,97,7,113,36,0,36,149
07/22/2017,NEW,LA,ASW,CE,Towers with Radar,0,4,35,3,42,0,1,45,0,46,0,5,80,3,88,46,0,46,134
07/23/2017,NEW,LA,ASW,CE,Towers with Radar,0,4,43,2,49,0,0,29,8,37,0,4,72,10,86,8,4,12,98
07/24/2017,NEW,LA,ASW,CE,Towers with Radar,0,4,36,9,49,0,2,28,2,32,0,6,64,11,81,16,0,16,97
07/25/2017,NEW,LA,ASW,CE,Towers with Radar,1,5,37,4,47,0,2,34,3,39,1,7,71,7,86,56,0,56,142
07/26/2017,NEW,LA,ASW,CE,Towers with Radar,0,7,39,2,48,0,3,45,6,54,0,10,84,8,102,54,14,68,170
07/27/2017,NEW,LA,ASW,CE,Towers with Radar,0,2,38,5,45,0,9,51,5,65,0,11,89,10,110,38,6,44,154
07/28/2017,NEW,LA,ASW,CE,Towers with Radar,0,12,36,3,51,0,5,56,2,63,0,17,92,5,114,56,0,56,170
07/29/2017,NEW,LA,ASW,CE,Towers with Radar,0,5,22,3,30,0,3,25,2,30,0,8,47,5,60,10,0,10,70
07/30/2017,NEW,LA,ASW,CE,Towers with Radar,0,8,41,2,51,0,3,70,2,75,0,11,111,4,126,54,4,58,184
07/31/2017,NEW,LA,ASW,CE,Towers with Radar,0,3,29,7,39,0,4,39,1,44,0,7,68,8,83,16,16,32,115
08/01/2017,NEW,LA,ASW,CE,Towers with Radar,0,7,30,5,42,0,2,56,12,70,0,9,86,17,112,50,14,64,176
08/02/2017,NEW,LA,ASW,CE,Towers with Radar,0,6,48,0,54,0,1,28,1,30,0,7,76,1,84,18,0,18,102
08/03/2017,NEW,LA,ASW,CE,Towers with Radar,0,7,39,7,53,0,0,22,0,22,0,7,61,7,75,14,0,14,89
08/04/2017,NEW,LA,ASW,CE,Towers with Radar,0,9,24,14,47,0,1,18,1,20,0,10,42,15,67,4,0,4,71
08/05/2017,NEW,LA,ASW,CE,Towers with Radar,0,2,13,2,17,0,2,18,0,20,0,4,31,2,37,14,0,14,51
08/06/2017,NEW,LA,ASW,CE,Towers with Radar,0,10,32,6,48,0,0,28,0,28,0,10,60,6,76,0,0,0,76
08/07/2017,NEW,LA,ASW,CE,Towers with Radar,0,6,20,6,32,0,4,19,0,23,0,10,39,6,55,26,0,26,81
08/08/2017,NEW,LA,ASW,CE,Towers with Radar,0,7,25,4,36,0,2,32,1,35,0,9,57,5,71,16,0,16,87
08/09/2017,NEW,LA,ASW,CE,Towers with Radar,0,5,36,0,41,0,4,30,4,38,0,9,66,4,79,30,6,36,115
08/10/2017,NEW,LA,ASW,CE,Towers with Radar,0,4,42,6,52,0,4,21,3,28,0,8,63,9,80,20,0,20,100
08/11/2017,NEW,LA,ASW,CE,Towers with Radar,0,7,33,4,44,0,1,36,6,43,0,8,69,10,87,62,0,62,149
08/12/2017,NEW,LA,ASW,CE,Towers with Radar,0,4,23,3,30,0,1,36,0,37,0,5,59,3,67,52,0,52,119
08/13/2017,NEW,LA,ASW,CE,Towers with Radar,0,6,48,3,57,0,8,64,2,74,0,14,112,5,131,74,16,90,221
08/14/2017,NEW,LA,ASW,CE,Towers with Radar,0,6,23,2,31,0,1,34,0,35,0,7,57,2,66,12,12,24,90
08/15/2017,NEW,LA,ASW,CE,Towers with Radar,0,5,32,2,39,0,0,26,0,26,0,5,58,2,65,42,0,42,107
08/16/2017,NEW,LA,ASW,CE,Towers with Radar,0,11,42,0,53,0,1,28,4,33,0,12,70,4,86,56,8,64,150
08/17/2017,NEW,LA,ASW,CE,Towers with Radar,0,11,39,13,63,0,5,48,7,60,0,16,87,20,123,42,12,54,177
08/18/2017,NEW,LA,ASW,CE,Towers with Radar,0,16,59,23,98,0,3,65,7,75,0,19,124,30,173,68,10,78,251
08/19/2017,NEW,LA,ASW,CE,Towers with Radar,0,12,29,6,47,0,1,64,3,68,0,13,93,9,115,26,12,38,153
08/20/2017,NEW,LA,ASW,CE,Towers with Radar,0,18,53,19,90,0,3,53,11,67,0,21,106,30,157,42,24,66,223
08/21/2017,NEW,LA,ASW,CE,Towers with Radar,0,11,36,0,47,0,2,29,4,35,0,13,65,4,82,28,0,28,110
08/22/2017,NEW,LA,ASW,CE,Towers with Radar,0,5,38,5,48,0,2,36,3,41,0,7,74,8,89,30,4,34,123
08/23/2017,NEW,LA,ASW,CE,Towers with Radar,0,2,34,1,37,0,5,38,7,50,0,7,72,8,87,42,4,46,133
08/24/2017,NEW,LA,ASW,CE,Towers with Radar,0,16,43,5,64,0,1,41,4,46,0,17,84,9,110,28,0,28,138
08/25/2017,NEW,LA,ASW,CE,Towers with Radar,0,10,48,2,60,0,1,33,0,34,0,11,81,2,94,14,0,14,108
08/26/2017,NEW,LA,ASW,CE,Towers with Radar,0,4,22,4,30,0,0,45,4,49,0,4,67,8,79,66,0,66,145
08/27/2017,NEW,LA,ASW,CE,Towers with Radar,0,5,17,5,27,0,1,7,0,8,0,6,24,5,35,0,0,0,35
08/28/2017,NEW,LA,ASW,CE,Towers with Radar,0,1,9,1,11,0,1,2,0,3,0,2,11,1,14,0,0,0,14
08/29/2017,NEW,LA,ASW,CE,Towers with Radar,0,3,9,2,14,0,0,0,0,0,0,3,9,2,14,0,0,0,14
08/30/2017,NEW,LA,ASW,CE,Towers with Radar,0,1,14,3,18,0,2,1,0,3,0,3,15,3,21,0,0,0,21
08/31/2017,NEW,LA,ASW,CE,Towers with Radar,0,4,23,4,31,0,0,6,0,6,0,4,29,4,37,0,0,0,37
09/01/2017,NEW,LA,ASW,CE,Towers with Radar,0,6,63,4,73,0,0,47,0,47,0,6,110,4,120,34,0,34,154
09/02/2017,NEW,LA,ASW,CE,Towers with Radar,0,5,48,1,54,0,3,55,2,60,0,8,103,3,114,49,0,49,163
09/03/2017,NEW,LA,ASW,CE,Towers with Radar,0,4,36,5,45,0,0,68,0,68,0,4,104,5,113,50,0,50,163
09/04/2017,NEW,LA,ASW,CE,Towers with Radar,0,9,44,4,57,0,2,64,1,67,0,11,108,5,124,38,0,38,162
09/05/2017,NEW,LA,ASW,CE,Towers with Radar,0,2,43,3,48,0,0,31,3,34,0,2,74,6,82,24,0,24,106
09/06/2017,NEW,LA,ASW,CE,Towers with Radar,0,8,41,9,58,0,0,36,1,37,0,8,77,10,95,30,6,36,131
09/07/2017,NEW,LA,ASW,CE,Towers with Radar,0,3,73,3,79,0,4,69,13,86,0,7,142,16,165,24,2,26,191
09/08/2017,NEW,LA,ASW,CE,Towers with Radar,0,10,111,15,136,0,0,96,11,107,0,10,207,26,243,64,18,82,325
09/09/2017,NEW,LA,ASW,CE,Towers with Radar,0,10,80,16,106,0,3,79,3,85,0,13,159,19,191,32,0,32,223
09/10/2017,NEW,LA,ASW,CE,Towers with Radar,0,5,57,10,72,0,7,90,3,100,0,12,147,13,172,0,0,0,172
09/11/2017,NEW,LA,ASW,CE,Towers with Radar,0,11,38,9,58,0,1,51,1,53,0,12,89,10,111,32,1,33,144
09/12/2017,NEW,LA,ASW,CE,Towers with Radar,0,12,122,12,146,0,0,97,5,102,0,12,219,17,248,0,0,0,248
09/13/2017,NEW,LA,ASW,CE,Towers with Radar,0,11,72,14,97,0,0,62,8,70,0,11,134,22,167,16,4,20,187
09/14/2017,NEW,LA,ASW,CE,Towers with Radar,0,11,86,23,120,0,7,77,6,90,0,18,163,29,210,68,0,68,278
09/15/2017,NEW,LA,ASW,CE,Towers with Radar,0,12,96,7,115,0,6,30,1,37,0,18,126,8,152,18,0,18,170
09/16/2017,NEW,LA,ASW,CE,Towers with Radar,0,2,61,0,63,0,0,33,2,35,0,2,94,2,98,0,0,0,98
09/17/2017,NEW,LA,ASW,CE,Towers with Radar,0,18,112,7,137,0,4,34,3,41,0,22,146,10,178,0,0,0,178
09/18/2017,NEW,LA,ASW,CE,Towers with Radar,0,13,64,6,83,0,2,22,2,26,0,15,86,8,109,0,0,0,109
09/19/2017,NEW,LA,ASW,CE,Towers with Radar,0,4,42,3,49,0,1,34,10,45,0,5,76,13,94,66,2,68,162
09/20/2017,NEW,LA,ASW,CE,Towers with Radar,0,12,50,3,65,0,0,43,3,46,0,12,93,6,111,64,0,64,175
09/21/2017,NEW,LA,ASW,CE,Towers with Radar,0,10,41,2,53,0,5,68,6,79,0,15,109,8,132,46,0,46,178
09/22/2017,NEW,LA,ASW,CE,Towers with Radar,0,9,49,3,61,0,0,60,2,62,0,9,109,5,123,64,0,64,187
09/23/2017,NEW,LA,ASW,CE,Towers with Radar,0,9,36,0,45,0,1,70,1,72,0,10,106,1,117,36,0,36,153
09/24/2017,NEW,LA,ASW,CE,Towers with Radar,0,15,47,0,62,0,7,63,0,70,0,22,110,0,132,84,0,84,216
09/25/2017,NEW,LA,ASW,CE,Towers with Radar,0,12,42,7,61,0,9,27,3,39,0,21,69,10,100,26,10,36,136
09/26/2017,NEW,LA,ASW,CE,Towers with Radar,0,16,51,4,71,0,2,68,2,72,0,18,119,6,143,10,0,10,153
09/27/2017,NEW,LA,ASW,CE,Towers with Radar,0,20,59,11,90,0,4,71,6,81,0,24,130,17,171,87,0,87,258
09/28/2017,NEW,LA,ASW,CE,Towers with Radar,0,7,58,7,72,0,4,72,3,79,0,11,130,10,151,62,8,70,221
09/29/2017,NEW,LA,ASW,CE,Towers with Radar,0,18,56,10,84,0,1,88,3,92,0,19,144,13,176,68,0,68,244
09/30/2017,NEW,LA,ASW,CE,Towers with Radar,0,1,37,11,49,0,3,94,8,105,0,4,131,19,154,80,0,80,234
10/01/2017,NEW,LA,ASW,CE,Towers with Radar,0,14,58,0,72,0,0,22,1,23,0,14,80,1,95,2,0,2,97
10/02/2017,NEW,LA,ASW,CE,Towers with Radar,0,1,23,0,24,0,0,1,0,1,0,1,24,0,25,0,0,0,25
10/03/2017,NEW,LA,ASW,CE,Towers with Radar,0,5,27,5,37,0,5,40,6,51,0,10,67,11,88,16,0,16,104
10/04/2017,NEW,LA,ASW,CE,Towers with Radar,0,9,55,5,69,0,1,49,3,53,0,10,104,8,122,96,0,96,218
10/05/2017,NEW,LA,ASW,CE,Towers with Radar,1,10,59,5,75,0,8,68,7,83,1,18,127,12,158,40,0,40,198
10/06/2017,NEW,LA,ASW,CE,Towers with Radar,0,14,67,2,83,0,6,95,0,101,0,20,162,2,184,30,0,30,214
10/07/2017,NEW,LA,ASW,CE,Towers with Radar,0,0,12,0,12,0,0,1,0,1,0,0,13,0,13,0,0,0,13
10/08/2017,NEW,LA,ASW,CE,Towers with Radar,0,2,20,0,22,0,1,33,0,34,0,3,53,0,56,6,0,6,62
10/09/2017,NEW,LA,ASW,CE,Towers with Radar,0,6,28,0,34,0,3,17,0,20,0,9,45,0,54,30,0,30,84
10/10/2017,NEW,LA,ASW,CE,Towers with Radar,0,4,51,0,55,0,1,65,1,67,0,5,116,1,122,20,18,38,160
10/11/2017,NEW,LA,ASW,CE,Towers with Radar,0,14,55,10,79,0,3,62,6,71,0,17,117,16,150,34,2,36,186
10/12/2017,NEW,LA,ASW,CE,Towers with Radar,0,16,68,6,90,0,2,85,3,90,0,18,153,9,180,48,0,48,228
10/13/2017,NEW,LA,ASW,CE,Towers with Radar,0,18,83,17,118,0,3,68,8,79,0,21,151,25,197,56,4,60,257
10/14/2017,NEW,LA,ASW,CE,Towers with Radar,0,5,60,12,77,0,5,70,9,84,0,10,130,21,161,16,20,36,197
10/15/2017,NEW,LA,ASW,CE,Towers with Radar,0,15,80,16,111,0,2,53,7,62,0,17,133,23,173,68,0,68,241
10/16/2017,NEW,LA,ASW,CE,Towers with Radar,0,5,44,5,54,0,2,34,1,37,0,7,78,6,91,16,0,16,107
10/17/2017,NEW,LA,ASW,CE,Towers with Radar,0,9,33,7,49,0,2,50,16,68,0,11,83,23,117,56,2,58,175
10/18/2017,NEW,LA,ASW,CE,Towers with Radar,0,10,52,12,74,0,6,63,3,72,0,16,115,15,146,52,24,76,222
10/19/2017,NEW,LA,ASW,CE,Towers with Radar,0,17,88,3,108,0,5,71,2,78,0,22,159,5,186,36,4,40,226
10/20/2017,NEW,LA,ASW,CE,Towers with Radar,0,7,69,2,78,0,1,44,3,48,0,8,113,5,126,22,14,36,162
10/21/2017,NEW,LA,ASW,CE,Towers with Radar,0,9,56,3,68,0,1,24,0,25,0,10,80,3,93,0,0,0,93
10/22/2017,NEW,LA,ASW,CE,Towers with Radar,0,13,64,3,80,0,0,16,2,18,0,13,80,5,98,24,0,24,122
10/23/2017,NEW,LA,ASW,CE,Towers with Radar,0,10,43,10,63,0,3,42,6,51,0,13,85,16,114,54,6,60,174
10/24/2017,NEW,LA,ASW,CE,Towers with Radar,0,4,36,6,46,0,3,57,6,66,0,7,93,12,112,54,12,66,178
10/25/2017,NEW,LA,ASW,CE,Towers with Radar,0,9,46,3,58,0,3,66,1,70,0,12,112,4,128,49,0,49,177
10/26/2017,NEW,LA,ASW,CE,Towers with Radar,0,6,75,3,84,0,4,84,9,97,0,10,159,12,181,28,14,42,223
10/27/2017,NEW,LA,ASW,CE,Towers with Radar,0,16,67,11,94,0,0,59,10,69,0,16,126,21,163,30,18,48,211
10/28/2017,NEW,LA,ASW,CE,Towers with Radar,0,10,41,8,59,0,2,66,3,71,0,12,107,11,130,10,0,10,140
10/29/2017,NEW,LA,ASW,CE,Towers with Radar,0,11,81,3,95,0,5,126,8,139,0,16,207,11,234,24,16,40,274
10/30/2017,NEW,LA,ASW,CE,Towers with Radar,0,11,40,5,56,0,8,72,4,84,0,19,112,9,140,18,4,22,162
10/31/2017,NEW,LA,ASW,CE,Towers with Radar,0,12,33,3,48,0,5,44,7,56,0,17,77,10,104,34,10,44,148
11/01/2017,NEW,LA,ASW,CE,Towers with Radar,0,7,61,1,69,0,1,24,2,27,0,8,85,3,96,18,0,18,114
11/02/2017,NEW,LA,ASW,CE,Towers with Radar,0,8,85,9,102,0,0,50,3,53,0,8,135,12,155,43,2,45,200
11/03/2017,NEW,LA,ASW,CE,Towers with Radar,0,16,84,14,114,0,5,54,5,64,0,21,138,19,178,66,0,66,244
11/04/2017,NEW,LA,ASW,CE,Towers with Radar,0,6,68,1,75,0,4,72,4,80,0,10,140,5,155,48,0,48,203
11/05/2017,NEW,LA,ASW,CE,Towers with Radar,0,22,114,7,143,0,1,56,10,67,0,23,170,17,210,32,8,40,250
11/06/2017,NEW,LA,ASW,CE,Towers with Radar,0,10,53,13,76,0,0,49,7,56,0,10,102,20,132,56,6,62,194
11/07/2017,NEW,LA,ASW,CE,Towers with Radar,0,8,49,8,65,0,0,50,0,50,0,8,99,8,115,62,0,62,177
11/08/2017,NEW,LA,ASW,CE,Towers with Radar,0,15,57,8,80,0,0,3,2,5,0,15,60,10,85,12,2,14,99
11/09/2017,NEW,LA,ASW,CE,Towers with Radar,0,14,118,14,146,0,1,35,5,41,0,15,153,19,187,36,0,36,223
11/10/2017,NEW,LA,ASW,CE,Towers with Radar,0,18,77,1,96,0,1,80,3,84,0,19,157,4,180,48,12,60,240
11/11/2017,NEW,LA,ASW,CE,Towers with Radar,0,8,70,4,82,0,2,62,1,65,0,10,132,5,147,30,0,30,177
11/12/2017,NEW,LA,ASW,CE,Towers with Radar,0,15,87,6,108,0,1,49,1,51,0,16,136,7,159,10,0,10,169
11/13/2017,NEW,LA,ASW,CE,Towers with Radar,0,11,53,6,70,0,2,59,7,68,0,13,112,13,138,59,12,71,209
11/14/2017,NEW,LA,ASW,CE,Towers with Radar,0,6,44,8,58,0,0,77,9,86,0,6,121,17,144,46,2,48,192
11/15/2017,NEW,LA,ASW,CE,Towers with Radar,0,6,32,4,42,0,2,61,9,72,0,8,93,13,114,72,4,76,190
11/16/2017,NEW,LA,ASW,CE,Towers with Radar,0,17,57,14,88,0,1,60,2,63,0,18,117,16,151,60,12,72,223
11/17/2017,NEW,LA,ASW,CE,Towers with Radar,0,19,92,31,142,0,8,57,4,69,0,27,149,35,211,36,24,60,271
11/18/2017,NEW,LA,ASW,CE,Towers with Radar,0,27,59,4,90,0,2,39,2,43,0,29,98,6,133,24,0,24,157
11/19/2017,NEW,LA,ASW,CE,Towers with Radar,0,16,89,12,117,0,1,50,1,52,0,17,139,13,169,22,0,22,191
11/20/2017,NEW,LA,ASW,CE,Towers with Radar,0,11,51,4,66,0,2,45,4,51,0,13,96,8,117,94,0,94,211
11/21/2017,NEW,LA,ASW,CE,Towers with Radar,0,8,50,4,62,0,6,47,3,56,0,14,97,7,118,96,0,96,214
11/22/2017,NEW,LA,ASW,CE,Towers with Radar,0,12,53,0,65,0,2,64,3,69,0,14,117,3,134,56,0,56,190
11/23/2017,NEW,LA,ASW,CE,Towers with Radar,0,5,10,0,15,0,1,14,2,17,0,6,24,2,32,0,0,0,32
11/24/2017,NEW,LA,ASW,CE,Towers with Radar,0,7,31,2,40,0,3,35,6,44,0,10,66,8,84,42,18,60,144
11/25/2017,NEW,LA,ASW,CE,Towers with Radar,0,11,41,0,52,0,0,64,0,64,0,11,105,0,116,78,0,78,194
11/26/2017,NEW,LA,ASW,CE,Towers with Radar,0,14,63,0,77,0,5,73,2,80,0,19,136,2,157,54,0,54,211
11/27/2017,NEW,LA,ASW,CE,Towers with Radar,0,18,41,2,61,0,0,40,0,40,0,18,81,2,101,32,0,32,133
11/28/2017,NEW,LA,ASW,CE,Towers with Radar,0,10,63,0,73,0,3,64,5,72,0,13,127,5,145,48,6,54,199
11/29/2017,NEW,LA,ASW,CE,Towers with Radar,0,7,51,2,60,0,3,38,4,45,0,10,89,6,105,38,0,38,143
11/30/2017,NEW,LA,ASW,CE,Towers with Radar,0,6,76,2,84,0,1,27,0,28,0,7,103,2,112,14,0,14,126
12/01/2017,NEW,LA,ASW,CE,Towers with Radar,0,15,83,14,112,0,2,69,2,73,0,17,152,16,185,8,0,8,193
12/02/2017,NEW,LA,ASW,CE,Towers with Radar,0,6,45,0,51,0,0,0,0,0,0,6,45,0,51,0,0,0,51
12/03/2017,NEW,LA,ASW,CE,Towers with Radar,0,17,97,10,124,0,1,67,8,76,0,18,164,18,200,54,2,56,256
12/04/2017,NEW,LA,ASW,CE,Towers with Radar,0,13,60,8,81,0,2,44,7,53,0,15,104,15,134,28,6,34,168
12/05/2017,NEW,LA,ASW,CE,Towers with Radar,0,15,35,7,57,0,0,29,2,31,0,15,64,9,88,28,0,28,116
12/06/2017,NEW,LA,ASW,CE,Towers with Radar,0,18,55,0,73,0,2,2,0,4,0,20,57,0,77,0,0,0,77
12/07/2017,NEW,LA,ASW,CE,Towers with Radar,0,11,62,5,78,0,3,8,0,11,0,14,70,5,89,14,0,14,103
12/08/2017,NEW,LA,ASW,CE,Towers with Radar,0,18,43,0,61,0,0,0,0,0,0,18,43,0,61,0,0,0,61
12/09/2017,NEW,LA,ASW,CE,Towers with Radar,0,10,43,6,59,0,7,38,7,52,0,17,81,13,111,42,0,42,153
12/10/2017,NEW,LA,ASW,CE,Towers with Radar,0,12,44,4,60,0,1,56,7,64,0,13,100,11,124,78,0,78,202
12/11/2017,NEW,LA,ASW,CE,Towers with Radar,0,5,37,1,43,0,2,44,3,49,0,7,81,4,92,42,0,42,134
12/12/2017,NEW,LA,ASW,CE,Towers with Radar,0,12,55,6,73,0,2,36,8,46,0,14,91,14,119,8,0,8,127
12/13/2017,NEW,LA,ASW,CE,Towers with Radar,0,10,43,0,53,0,3,54,6,63,0,13,97,6,116,30,0,30,146
12/14/2017,NEW,LA,ASW,CE,Towers with Radar,0,14,54,5,73,0,0,44,6,50,0,14,98,11,123,28,0,28,151
12/15/2017,NEW,LA,ASW,CE,Towers with Radar,0,15,62,4,81,0,6,48,5,59,0,21,110,9,140,64,14,78,218
12/16/2017,NEW,LA,ASW,CE,Towers with Radar,0,13,58,0,71,0,0,68,1,69,0,13,126,1,140,36,0,36,176
12/17/2017,NEW,LA,ASW,CE,Towers with Radar,0,5,38,3,46,0,0,1,0,1,0,5,39,3,47,0,0,0,47
12/18/2017,NEW,LA,ASW,CE,Towers with Radar,0,2,29,3,34,0,0,0,0,0,0,2,29,3,34,0,0,0,34
12/19/2017,NEW,LA,ASW,CE,Towers with Radar,0,2,29,1,32,0,0,5,0,5,0,2,34,1,37,0,0,0,37
12/20/2017,NEW,LA,ASW,CE,Towers with Radar,0,13,27,2,42,0,1,19,6,26,0,14,46,8,68,34,0,34,102
12/21/2017,NEW,LA,ASW,CE,Towers with Radar,0,10,50,4,64,0,1,36,1,38,0,11,86,5,102,30,0,30,132
12/22/2017,NEW,LA,ASW,CE,Towers with Radar,0,13,72,0,85,0,1,32,1,34,0,14,104,1,119,32,0,32,151
12/23/2017,NEW,LA,ASW,CE,Towers with Radar,0,11,66,0,77,0,1,43,1,45,0,12,109,1,122,52,0,52,174
12/24/2017,NEW,LA,ASW,CE,Towers with Radar,0,8,36,0,44,0,3,16,1,20,0,11,52,1,64,12,0,12,76
12/25/2017,NEW,LA,ASW,CE,Towers with Radar,0,2,19,0,21,0,1,9,0,10,0,3,28,0,31,0,0,0,31
12/26/2017,NEW,LA,ASW,CE,Towers with Radar,0,5,42,0,47,0,1,27,2,30,0,6,69,2,77,46,0,46,123
12/27/2017,NEW,LA,ASW,CE,Towers with Radar,0,13,27,2,42,0,0,3,0,3,0,13,30,2,45,0,0,0,45
12/28/2017,NEW,LA,ASW,CE,Towers with Radar,0,9,36,0,45,0,0,2,0,2,0,9,38,0,47,0,0,0,47
12/29/2017,NEW,LA,ASW,CE,Towers with Radar,0,9,72,3,84,0,5,86,1,92,0,14,158,4,176,54,0,54,230
12/30/2017,NEW,LA,ASW,CE,Towers with Radar,0,17,121,2,140,0,1,76,0,77,0,18,197,2,217,40,0,40,257
12/31/2017,NEW,LA,ASW,CE,Towers with Radar,0,19,78,2,99,0,0,0,0,0,0,19,78,2,99,0,0,0,99
01/01/2018,NEW,LA,ASW,CE,Towers with Radar,0,21,99,0,120,0,5,19,0,24,0,26,118,0,144,42,0,42,186
01/02/2018,NEW,LA,ASW,CE,Towers with Radar,0,35,203,0,238,0,6,62,0,68,0,41,265,0,306,26,0,26,332
01/03/2018,NEW,LA,ASW,CE,Towers with Radar,0,8,41,6,55,0,2,56,7,65,0,10,97,13,120,42,20,62,182
01/04/2018,NEW,LA,ASW,CE,Towers with Radar,0,11,33,3,47,0,0,38,6,44,0,11,71,9,91,24,0,24,115
01/05/2018,NEW,LA,ASW,CE,Towers with Radar,0,18,52,9,79,0,6,40,4,50,0,24,92,13,129,42,18,60,189
01/06/2018,NEW,LA,ASW,CE,Towers with Radar,0,15,50,31,96,0,0,84,12,96,0,15,134,43,192,58,28,86,278
01/07/2018,NEW,LA,ASW,CE,Towers with Radar,0,16,104,20,140,0,4,43,2,49,0,20,147,22,189,12,6,18,207
01/08/2018,NEW,LA,ASW,CE,Towers with Radar,0,14,30,1,45,0,0,3,0,3,0,14,33,1,48,0,0,0,48
01/09/2018,NEW,LA,ASW,CE,Towers with Radar,0,3,33,5,41,0,0,0,0,0,0,3,33,5,41,0,0,0,41
01/10/2018,NEW,LA,ASW,CE,Towers with Radar,0,7,25,0,32,0,0,7,0,7,0,7,32,0,39,16,0,16,55
01/11/2018,NEW,LA,ASW,CE,Towers with Radar,0,6,42,15,63,0,1,11,0,12,0,7,53,15,75,18,6,24,99
01/12/2018,NEW,LA,ASW,CE,Towers with Radar,0,20,60,32,112,0,0,11,2,13,0,20,71,34,125,0,0,0,125
01/13/2018,NEW,LA,ASW,CE,Towers with Radar,0,11,41,3,55,0,3,59,3,65,0,14,100,6,120,48,12,60,180
01/14/2018,NEW,LA,ASW,CE,Towers with Radar,0,12,51,7,70,0,0,50,7,57,0,12,101,14,127,62,0,62,189
01/15/2018,NEW,LA,ASW,CE,Towers with Radar,0,8,54,4,66,0,8,44,6,58,0,16,98,10,124,74,2,76,200
01/16/2018,NEW,LA,ASW,CE,Towers with Radar,0,4,31,3,38,0,1,9,0,10,0,5,40,3,48,0,0,0,48
01/17/2018,NEW,LA,ASW,CE,Towers with Radar,0,2,23,0,25,0,3,7,4,14,0,5,30,4,39,2,12,14,53
01/18/2018,NEW,LA,ASW,CE,Towers with Radar,0,9,44,0,53,0,9,36,3,48,0,18,80,3,101,22,0,22,123
01/19/2018,NEW,LA,ASW,CE,Towers with Radar,0,9,52,8,69,0,3,54,3,60,0,12,106,11,129,14,0,14,143
01/20/2018,NEW,LA,ASW,CE,Towers with Radar,0,5,45,4,54,0,1,63,1,65,0,6,108,5,119,100,0,100,219
01/21/2018,NEW,LA,ASW,CE,Towers with Radar,0,22,76,8,106,0,4,54,6,64,0,26,130,14,170,86,2,88,258
01/22/2018,NEW,LA,ASW,CE,Towers with Radar,0,3,26,4,33,0,3,14,2,19,0,6,40,6,52,8,10,18,70
01/23/2018,NEW,LA,ASW,CE,Towers with Radar,0,17,50,6,73,0,4,55,1,60,0,21,105,7,133,18,0,18,151
01/24/2018,NEW,LA,ASW,CE,Towers with Radar,0,27,33,3,63,0,4,48,3,55,0,31,81,6,118,40,2,42,160
01/25/2018,NEW,LA,ASW,CE,Towers with Radar,0,12,44,12,68,0,6,54,7,67,0,18,98,19,135,42,10,52,187
01/26/2018,NEW,LA,ASW,CE,Towers with Radar,0,19,64,22,105,0,2,55,9,66,0,21,119,31,171,20,2,22,193
01/27/2018,NEW,LA,ASW,CE,Towers with Radar,0,6,15,0,21,0,0,2,0,2,0,6,17,0,23,6,0,6,29
01/28/2018,NEW,LA,ASW,CE,Towers with Radar,0,17,59,1,77,0,2,8,2,12,0,19,67,3,89,36,0,36,125
01/29/2018,NEW,LA,ASW,CE,Towers with Radar,0,6,40,4,50,0,2,50,6,58,0,8,90,10,108,94,6,100,208
01/30/2018,NEW,LA,ASW,CE,Towers with Radar,0,4,45,4,53,0,3,68,4,75,0,7,113,8,128,36,0,36,164
01/31/2018,NEW,LA,ASW,CE,Towers with Radar,0,7,45,8,60,0,7,93,5,105,0,14,138,13,165,34,2,36,201
02/01/2018,NEW,LA,ASW,CE,Towers with Radar,0,4,53,3,60,0,4,47,6,57,0,8,100,9,117,42,0,42,159
02/02/2018,NEW,LA,ASW,CE,Towers with Radar,0,7,74,9,90,0,0,68,3,71,0,7,142,12,161,9,0,9,170
02/03/2018,NEW,LA,ASW,CE,Towers with Radar,0,6,42,2,50,0,0,34,9,43,0,6,76,11,93,30,0,30,123
02/04/2018,NEW,LA,ASW,CE,Towers with Radar,0,7,51,8,66,0,3,39,3,45,0,10,90,11,111,42,0,42,153
02/05/2018,NEW,LA,ASW,CE,Towers with Radar,0,6,58,3,67,0,1,56,4,61,0,7,114,7,128,36,16,52,180
02/06/2018,NEW,LA,ASW,CE,Towers with Radar,0,3,54,0,57,0,0,1,0,1,0,3,55,0,58,0,0,0,58
02/07/2018,NEW,LA,ASW,CE,Towers with Radar,0,14,69,1,84,0,0,1,0,1,0,14,70,1,85,0,0,0,85
02/08/2018,NEW,LA,ASW,CE,Towers with Radar,0,15,118,6,139,0,0,67,2,69,0,15,185,8,208,54,0,54,262
02/09/2018,NEW,LA,ASW,CE,Towers with Radar,0,31,123,13,167,0,3,39,5,47,0,34,162,18,214,36,0,36,250
02/10/2018,NEW,LA,ASW,CE,Towers with Radar,0,13,48,2,63,0,0,8,2,10,0,13,56,4,73,24,0,24,97
02/11/2018,NEW,LA,ASW,CE,Towers with Radar,0,18,61,2,81,0,0,0,4,4,0,18,61,6,85,0,0,0,85
02/12/2018,NEW,LA,ASW,CE,Towers with Radar,0,25,58,6,89,0,0,0,0,0,0,25,58,6,89,0,0,0,89
02/13/2018,NEW,LA,ASW,CE,Towers with Radar,0,12,39,15,66,0,14,12,1,27,0,26,51,16,93,26,0,26,119
02/14/2018,NEW,LA,ASW,CE,Towers with Radar,0,21,68,6,95,0,2,56,2,60,0,23,124,8,155,26,0,26,181
02/15/2018,NEW,LA,ASW,CE,Towers with Radar,0,10,64,0,74,0,1,44,1,46,0,11,108,1,120,52,0,52,172
02/16/2018,NEW,LA,ASW,CE,Towers with Radar,0,15,78,0,93,0,1,47,7,55,0,16,125,7,148,74,0,74,222
02/17/2018,NEW,LA,ASW,CE,Towers with Radar,0,13,63,2,78,0,6,68,0,74,0,19,131,2,152,116,0,116,268
02/18/2018,NEW,LA,ASW,CE,Towers with Radar,0,18,94,1,113,0,3,41,4,48,0,21,135,5,161,58,0,58,219
02/19/2018,NEW,LA,ASW,CE,Towers with Radar,0,13,68,8,89,0,0,51,3,54,0,13,119,11,143,16,20,36,179
02/20/2018,NEW,LA,ASW,CE,Towers with Radar,0,7,68,5,80,0,3,27,4,34,0,10,95,9,114,38,0,38,152
02/21/2018,NEW,LA,ASW,CE,Towers with Radar,0,9,40,10,59,0,4,30,7,41,0,13,70,17,100,42,20,62,162
02/22/2018,NEW,LA,ASW,CE,Towers with Radar,0,11,72,8,91,0,3,44,5,52,0,14,116,13,143,74,0,74,217
02/23/2018,NEW,LA,ASW,CE,Towers with Radar,0,7,62,1,70,0,2,9,1,12,0,9,71,2,82,6,0,6,88
02/24/2018,NEW,LA,ASW,CE,Towers with Radar,0,20,53,0,73,0,5,56,2,63,0,25,109,2,136,54,0,54,190
02/25/2018,NEW,LA,ASW,CE,Towers with Radar,0,17,54,0,71,0,0,23,0,23,0,17,77,0,94,76,0,76,170
02/26/2018,NEW,LA,ASW,CE,Towers with Radar,0,7,63,0,70,0,6,29,2,37,0,13,92,2,107,44,0,44,151
02/27/2018,NEW,LA,ASW,CE,Towers with Radar,0,14,42,7,63,0,3,30,2,35,0,17,72,9,98,24,0,24,122
02/28/2018,NEW,LA,ASW,CE,Towers with Radar,0,13,51,11,75,0,5,47,4,56,0,18,98,15,131,84,0,84,215
03/01/2018,NEW,LA,ASW,CE,Towers with Radar,0,11,50,5,66,0,3,25,3,31,0,14,75,8,97,104,6,110,207
03/02/2018,NEW,LA,ASW,CE,Towers with Radar,0,15,56,6,77,0,2,88,3,93,0,17,144,9,170,42,0,42,212
03/03/2018,NEW,LA,ASW,CE,Towers with Radar,0,5,57,3,65,0,2,111,2,115,0,7,168,5,180,148,0,148,328
03/04/2018,NEW,LA,ASW,CE,Towers with Radar,0,21,68,1,90,0,4,64,4,72,0,25,132,5,162,78,0,78,240
03/05/2018,NEW,LA,ASW,CE,Towers with Radar,0,14,68,6,88,0,2,33,1,36,0,16,101,7,124,72,0,72,196
03/06/2018,NEW,LA,ASW,CE,Towers with Radar,0,18,98,6,122,0,2,25,3,30,0,20,123,9,152,28,0,28,180
03/07/2018,NEW,LA,ASW,CE,Towers with Radar,0,15,76,4,95,0,7,55,8,70,0,22,131,12,165,88,0,88,253
03/08/2018,NEW,LA,ASW,CE,Towers with Radar,0,11,61,10,82,0,4,83,8,95,0,15,144,18,177,74,2,76,253
03/09/2018,NEW,LA,ASW,CE,Towers with Radar,0,9,111,8,128,0,3,72,5,80,0,12,183,13,208,52,0,52,260
03/10/2018,NEW,LA,ASW,CE,Towers with Radar,0,16,78,1,95,0,6,68,4,78,0,22,146,5,173,66,0,66,239
03/11/2018,NEW,LA,ASW,CE,Towers with Radar,0,4,56,0,60,0,0,30,0,30,0,4,86,0,90,34,0,34,124
03/12/2018,NEW,LA,ASW,CE,Towers with Radar,0,8,64,2,74,0,4,33,1,38,0,12,97,3,112,6,0,6,118
03/13/2018,NEW,LA,ASW,CE,Towers with Radar,0,9,42,6,57,0,6,58,3,67,0,15,100,9,124,86,6,92,216
03/14/2018,NEW,LA,ASW,CE,Towers with Radar,0,6,59,8,73,0,3,49,9,61,0,9,108,17,134,42,6,48,182
03/15/2018,NEW,LA,ASW,CE,Towers with Radar,0,15,71,4,90,0,1,87,10,98,0,16,158,14,188,80,0,80,268
03/16/2018,NEW,LA,ASW,CE,Towers with Radar,0,16,61,0,77,0,1,21,4,26,0,17,82,4,103,92,0,92,195
03/17/2018,NEW,LA,ASW,CE,Towers with Radar,0,10,38,0,48,0,0,7,0,7,0,10,45,0,55,16,0,16,71
03/18/2018,NEW,LA,ASW,CE,Towers with Radar,0,15,64,0,79,0,0,13,0,13,0,15,77,0,92,4,0,4,96
03/19/2018,NEW,LA,ASW,CE,Towers with Radar,0,6,23,3,32,0,0,28,4,32,0,6,51,7,64,28,0,28,92
03/20/2018,NEW,LA,ASW,CE,Towers with Radar,0,11,39,3,53,0,1,45,4,50,0,12,84,7,103,40,0,40,143
03/21/2018,NEW,LA,ASW,CE,Towers with Radar,0,8,54,1,63,0,3,52,5,60,0,11,106,6,123,100,14,114,237
03/22/2018,NEW,LA,ASW,CE,Towers with Radar,0,24,68,0,92,0,5,71,5,81,0,29,139,5,173,92,14,106,279
03/23/2018,NEW,LA,ASW,CE,Towers with Radar,0,24,91,23,138,0,6,92,7,105,0,30,183,30,243,100,0,100,343
03/24/2018,NEW,LA,ASW,CE,Towers with Radar,0,10,59,5,74,0,12,63,3,78,0,22,122,8,152,42,0,42,194
03/25/2018,NEW,LA,ASW,CE,Towers with Radar,0,28,101,7,136,0,9,67,6,82,0,37,168,13,218,66,0,66,284
03/26/2018,NEW,LA,ASW,CE,Towers with Radar,0,17,69,9,95,0,3,23,0,26,0,20,92,9,121,32,0,32,153
03/27/2018,NEW,LA,ASW,CE,Towers with Radar,0,17,82,31,130,0,6,29,9,44,0,23,111,40,174,64,0,64,238
03/28/2018,NEW,LA,ASW,CE,Towers with Radar,0,26,105,9,140,0,3,27,4,34,0,29,132,13,174,26,2,28,202
03/29/2018,NEW,LA,ASW,CE,Towers with Radar,0,6,30,0,36,0,0,6,0,6,0,6,36,0,42,12,0,12,54
03/30/2018,NEW,LA,ASW,CE,Towers with Radar,0,12,84,7,103,0,2,102,0,104,0,14,186,7,207,64,2,66,273
03/31/2018,NEW,LA,ASW,CE,Towers with Radar,0,9,49,5,63,0,3,94,2,99,0,12,143,7,162,34,0,34,196
04/01/2018,NEW,LA,ASW,CE,Towers with Radar,0,2,44,6,52,0,3,47,1,51,0,5,91,7,103,32,0,32,135
04/02/2018,NEW,LA,ASW,CE,Towers with Radar,0,11,46,5,62,0,3,48,2,53,0,14,94,7,115,28,0,28,143
04/03/2018,NEW,LA,ASW,CE,Towers with Radar,0,20,49,7,76,0,3,33,5,41,0,23,82,12,117,36,0,36,153
04/04/2018,NEW,LA,ASW,CE,Towers with Radar,0,4,50,5,59,0,2,34,5,41,0,6,84,10,100,36,2,38,138
04/05/2018,NEW,LA,ASW,CE,Towers with Radar,0,14,58,13,85,0,1,79,3,83,0,15,137,16,168,114,2,116,284
04/06/2018,NEW,LA,ASW,CE,Towers with Radar,0,7,69,18,94,0,2,53,1,56,0,9,122,19,150,56,0,56,206
04/07/2018,NEW,LA,ASW,CE,Towers with Radar,1,9,39,0,49,0,0,14,0,14,1,9,53,0,63,86,0,86,149
04/08/2018,NEW,LA,ASW,CE,Towers with Radar,0,24,67,3,94,0,1,7,3,11,0,25,74,6,105,38,0,38,143
04/09/2018,NEW,LA,ASW,CE,Towers with Radar,0,6,54,12,72,0,3,15,2,20,0,9,69,14,92,48,4,52,144
04/10/2018,NEW,LA,ASW,CE,Towers with Radar,0,8,43,10,61,0,10,58,6,74,0,18,101,16,135,132,2,134,269
04/11/2018,NEW,LA,ASW,CE,Towers with Radar,0,6,59,5,70,0,5,59,12,76,0,11,118,17,146,58,0,58,204
04/12/2018,NEW,LA,ASW,CE,Towers with Radar,0,7,85,18,110,0,2,50,6,58,0,9,135,24,168,20,8,28,196
04/13/2018,NEW,LA,ASW,CE,Towers with Radar,0,20,54,23,97,0,6,51,6,63,0,26,105,29,160,52,8,60,220
04/14/2018,NEW,LA,ASW,CE,Towers with Radar,0,1,13,0,14,0,0,0,0,0,0,1,13,0,14,0,0,0,14
04/15/2018,NEW,LA,ASW,CE,Towers with Radar,0,21,58,15,94,0,4,28,14,46,0,25,86,29,140,0,4,4,144
04/16/2018,NEW,LA,ASW,CE,Towers with Radar,0,10,39,4,53,0,4,56,4,64,0,14,95,8,117,92,2,94,211
04/17/2018,NEW,LA,ASW,CE,Towers with Radar,0,9,39,17,65,0,4,56,10,70,0,13,95,27,135,36,4,40,175
04/18/2018,NEW,LA,ASW,CE,Towers with Radar,0,19,54,8,81,0,5,52,11,68,0,24,106,19,149,84,4,88,237
04/19/2018,NEW,LA,ASW,CE,Towers with Radar,0,12,83,16,111,0,13,76,6,95,0,25,159,22,206,62,4,66,272
04/20/2018,NEW,LA,ASW,CE,Towers with Radar,0,16,81,9,106,0,3,84,8,95,0,19,165,17,201,98,0,98,299
04/21/2018,NEW,LA,ASW,CE,Towers with Radar,0,7,50,2,59,0,2,58,2,62,0,9,108,4,121,92,0,92,213
04/22/2018,NEW,LA,ASW,CE,Towers with Radar,0,25,67,4,96,0,1,22,1,24,0,26,89,5,120,14,0,14,134
04/23/2018,NEW,LA,ASW,CE,Towers with Radar,0,11,58,18,87,0,0,61,9,70,0,11,119,27,157,52,2,54,211
04/24/2018,NEW,LA,ASW,CE,Towers with Radar,0,21,51,7,79,0,2,57,12,71,0,23,108,19,150,36,12,48,198
04/25/2018,NEW,LA,ASW,CE,Towers with Radar,0,3,56,8,67,0,3,72,5,80,0,6,128,13,147,78,0,78,225
04/26/2018,NEW,LA,ASW,CE,Towers with Radar,0,29,79,4,112,0,4,68,8,80,0,33,147,12,192,70,2,72,264
04/27/2018,NEW,LA,ASW,CE,Towers with Radar,0,17,101,15,133,0,9,115,7,131,0,26,216,22,264,128,8,136,400
04/28/2018,NEW,LA,ASW,CE,Towers with Radar,0,11,53,5,69,0,5,133,3,141,0,16,186,8,210,144,0,144,354
04/29/2018,NEW,LA,ASW,CE,Towers with Radar,0,23,93,6,122,0,10,109,13,132,0,33,202,19,254,144,0,144,398
04/30/2018,NEW,LA,ASW,CE,Towers with Radar,0,12,80,0,92,0,8,82,6,96,0,20,162,6,188,40,0,40,228
05/01/2018,NEW,LA,ASW,CE,Towers with Radar,0,7,74,3,84,0,0,47,1,48,0,7,121,4,132,20,0,20,152
05/02/2018,NEW,LA,ASW,CE,Towers with Radar,0,11,70,17,98,0,7,65,4,76,0,18,135,21,174,55,0,55,229
05/03/2018,NEW,LA,ASW,CE,Towers with Radar,0,16,104,7,127,0,1,99,2,102,0,17,203,9,229,48,0,48,277
05/04/2018,NEW,LA,ASW,CE,Towers with Radar,0,17,78,12,107,0,2,65,7,74,0,19,143,19,181,90,22,112,293
05/05/2018,NEW,LA,ASW,CE,Towers with Radar,0,7,29,2,38,0,2,52,2,56,0,9,81,4,94,34,0,34,128
05/06/2018,NEW,LA,ASW,CE,Towers with Radar,0,30,109,12,151,0,8,119,6,133,0,38,228,18,284,172,0,172,456
05/07/2018,NEW,LA,ASW,CE,Towers with Radar,0,24,74,22,120,0,4,81,11,96,0,28,155,33,216,114,10,124,340
05/08/2018,NEW,LA,ASW,CE,Towers with Radar,0,16,63,11,90,0,1,63,7,71,0,17,126,18,161,44,6,50,211
05/09/2018,NEW,LA,ASW,CE,Towers with Radar,0,11,59,10,80,0,6,52,11,69,0,17,111,21,149,98,22,120,269
05/10/2018,NEW,LA,ASW,CE,Towers with Radar,0,18,59,10,87,0,0,70,11,81,0,18,129,21,168,52,0,52,220
05/11/2018,NEW,LA,ASW,CE,Towers with Radar,0,12,61,15,88,0,3,62,3,68,0,15,123,18,156,44,10,54,210
05/12/2018,NEW,LA,ASW,CE,Towers with Radar,0,9,47,15,71,0,9,64,2,75,0,18,111,17,146,90,24,114,260
05/13/2018,NEW,LA,ASW,CE,Towers with Radar,0,9,49,3,61,0,1,49,0,50,0,10,98,3,111,52,0,52,163
05/14/2018,NEW,LA,ASW,CE,Towers with Radar,0,4,42,2,48,0,3,50,4,57,0,7,92,6,105,76,0,76,181
05/15/2018,NEW,LA,ASW,CE,Towers with Radar,0,9,41,4,54,0,1,48,1,50,0,10,89,5,104,92,6,98,202
05/16/2018,NEW,LA,ASW,CE,Towers with Radar,0,12,54,10,76,0,4,51,5,60,0,16,105,15,136,118,8,126,262
05/17/2018,NEW,LA,ASW,CE,Towers with Radar,0,13,81,5,99,0,2,47,12,61,0,15,128,17,160,36,2,38,198
05/18/2018,NEW,LA,ASW,CE,Towers with Radar,0,13,68,12,93,0,0,39,5,44,0,13,107,17,137,46,2,48,185
05/19/2018,NEW,LA,ASW,CE,Towers with Radar,0,9,43,15,67,0,7,136,6,149,0,16,179,21,216,74,0,74,290
05/20/2018,NEW,LA,ASW,CE,Towers with Radar,0,20,82,3,105,0,0,78,2,80,0,20,160,5,185,30,0,30,215
05/21/2018,NEW,LA,ASW,CE,Towers with Radar,0,4,61,7,72,0,4,28,1,33,0,8,89,8,105,82,0,82,187
05/22/2018,NEW,LA,ASW,CE,Towers with Radar,0,16,55,8,79,0,1,56,3,60,0,17,111,11,139,64,0,64,203
05/23/2018,NEW,LA,ASW,CE,Towers with Radar,0,10,48,0,58,0,6,73,1,80,0,16,121,1,138,88,0,88,226
05/24/2018,NEW,LA,ASW,CE,Towers with Radar,0,7,52,3,62,0,2,36,5,43,0,9,88,8,105,46,6,52,157
05/25/2018,NEW,LA,ASW,CE,Towers with Radar,0,11,42,2,55,0,2,28,0,30,0,13,70,2,85,16,0,16,101
05/26/2018,NEW,LA,ASW,CE,Towers with Radar,0,5,32,1,38,0,0,35,1,36,0,5,67,2,74,56,0,56,130
05/27/2018,NEW,LA,ASW,CE,Towers with Radar,0,5,35,0,40,0,2,44,1,47,0,7,79,1,87,12,0,12,99
05/28/2018,NEW,LA,ASW,CE,Towers with Radar,0,4,42,6,52,0,1,38,1,40,0,5,80,7,92,40,4,44,136
05/29/2018,NEW,LA,ASW,CE,Towers with Radar,0,5,30,5,40,0,0,29,3,32,0,5,59,8,72,44,0,44,116
05/30/2018,NEW,LA,ASW,CE,Towers with Radar,0,9,57,13,79,0,7,44,6,57,0,16,101,19,136,28,2,30,166
05/31/2018,NEW,LA,ASW,CE,Towers with Radar,0,7,64,9,80,0,2,62,4,68,0,9,126,13,148,62,0,62,210
06/01/2018,NEW,LA,ASW,CE,Towers with Radar,0,12,55,10,77,0,3,46,1,50,0,15,101,11,127,52,0,52,179
06/02/2018,NEW,LA,ASW,CE,Towers with Radar,0,4,38,8,50,0,4,72,3,79,0,8,110,11,129,69,0,69,198
06/03/2018,NEW,LA,ASW,CE,Towers with Radar,0,10,56,14,80,0,3,59,9,71,0,13,115,23,151,46,22,68,219
06/04/2018,NEW,LA,ASW,CE,Towers with Radar,0,10,26,12,48,0,3,35,3,41,0,13,61,15,89,8,0,8,97
06/05/2018,NEW,LA,ASW,CE,Towers with Radar,0,13,44,0,57,0,0,27,1,28,0,13,71,1,85,48,0,48,133
06/06/2018,NEW,LA,ASW,CE,Towers with Radar,0,9,69,18,96,0,3,51,8,62,0,12,120,26,158,90,22,112,270
06/07/2018,NEW,LA,ASW,CE,Towers with Radar,0,21,71,8,100,0,2,50,7,59,0,23,121,15,159,50,0,50,209
06/08/2018,NEW,LA,ASW,CE,Towers with Radar,0,17,65,3,85,0,0,86,4,90,0,17,151,7,175,106,0,106,281
06/09/2018,NEW,LA,ASW,CE,Towers with Radar,0,8,42,4,54,0,4,96,1,101,0,12,138,5,155,66,0,66,221
06/10/2018,NEW,LA,ASW,CE,Towers with Radar,0,13,85,7,105,0,0,33,0,33,0,13,118,7,138,54,0,54,192
06/11/2018,NEW,LA,ASW,CE,Towers with Radar,0,15,44,8,67,0,1,21,6,28,0,16,65,14,95,26,0,26,121
06/12/2018,NEW,LA,ASW,CE,Towers with Radar,0,10,48,8,66,0,1,28,1,30,0,11,76,9,96,44,0,44,140
06/13/2018,NEW,LA,ASW,CE,Towers with Radar,0,9,67,4,80,0,1,35,2,38,0,10,102,6,118,60,0,60,178
06/14/2018,NEW,LA,ASW,CE,Towers with Radar,0,15,56,4,75,0,0,52,1,53,0,15,108,5,128,95,0,95,223
06/15/2018,NEW,LA,ASW,CE,Towers with Radar,0,15,51,8,74,0,2,66,6,74,0,17,117,14,148,88,6,94,242
06/16/2018,NEW,LA,ASW,CE,Towers with Radar,0,10,44,3,57,0,0,54,2,56,0,10,98,5,113,38,0,38,151
06/17/2018,NEW,LA,ASW,CE,Towers with Radar,0,3,49,1,53,0,4,43,4,51,0,7,92,5,104,30,2,32,136
06/18/2018,NEW,LA,ASW,CE,Towers with Radar,0,4,32,2,38,0,0,7,0,7,0,4,39,2,45,12,0,12,57
06/19/2018,NEW,LA,ASW,CE,Towers with Radar,0,3,41,1,45,0,1,55,6,62,0,4,96,7,107,72,4,76,183
06/20/2018,NEW,LA,ASW,CE,Towers with Radar,0,13,45,19,77,0,3,45,5,53,0,16,90,24,130,34,12,46,176
06/21/2018,NEW,LA,ASW,CE,Towers with Radar,0,4,68,15,87,0,2,62,2,66,0,6,130,17,153,76,0,76,229
06/22/2018,NEW,LA,ASW,CE,Towers with Radar,0,10,66,5,81,0,3,61,11,75,0,13,127,16,156,44,4,48,204
06/23/2018,NEW,LA,ASW,CE,Towers with Radar,0,4,45,3,52,0,4,88,2,94,0,8,133,5,146,77,0,77,223
06/24/2018,NEW,LA,ASW,CE,Towers with Radar,0,9,69,13,91,0,0,62,3,65,0,9,131,16,156,32,0,32,188
06/25/2018,NEW,LA,ASW,CE,Towers with Radar,0,7,43,1,51,0,1,38,4,43,0,8,81,5,94,22,0,22,116
06/26/2018,NEW,LA,ASW,CE,Towers with Radar,0,7,42,0,49,0,0,61,4,65,0,7,103,4,114,80,0,80,194
06/27/2018,NEW,LA,ASW,CE,Towers with Radar,0,3,57,13,73,0,0,45,6,51,0,3,102,19,124,30,26,56,180
06/28/2018,NEW,LA,ASW,CE,Towers with Radar,0,13,59,14,86,0,2,76,2,80,0,15,135,16,166,48,0,48,214
06/29/2018,NEW,LA,ASW,CE,Towers with Radar,0,14,72,9,95,0,5,50,5,60,0,19,122,14,155,84,0,84,239
06/30/2018,NEW,LA,ASW,CE,Towers with Radar,0,3,45,10,58,0,2,74,2,78,0,5,119,12,136,80,54,134,270
07/01/2018,NEW,LA,ASW,CE,Towers with Radar,0,5,32,8,45,0,3,52,10,65,0,8,84,18,110,8,0,8,118
07/02/2018,NEW,LA,ASW,CE,Towers with Radar,0,4,40,10,54,0,0,12,0,12,0,4,52,10,66,36,0,36,102
07/03/2018,NEW,LA,ASW,CE,Towers with Radar,0,18,17,5,40,0,0,12,0,12,0,18,29,5,52,10,0,10,62
07/04/2018,NEW,LA,ASW,CE,Towers with Radar,0,1,13,3,17,0,2,25,1,28,0,3,38,4,45,40,0,40,85
07/05/2018,NEW,LA,ASW,CE,Towers with Radar,0,2,24,4,30,0,2,55,2,59,0,4,79,6,89,96,0,96,185
07/06/2018,NEW,LA,ASW,CE,Towers with Radar,0,5,25,6,36,0,2,48,4,54,0,7,73,10,90,102,8,110,200
07/07/2018,NEW,LA,ASW,CE,Towers with Radar,0,8,20,0,28,0,1,36,2,39,0,9,56,2,67,52,6,58,125
07/08/2018,NEW,LA,ASW,CE,Towers with Radar,0,14,38,4,56,0,1,30,0,31,0,15,68,4,87,14,0,14,101
07/09/2018,NEW,LA,ASW,CE,Towers with Radar,0,6,34,2,42,0,0,25,0,25,0,6,59,2,67,24,0,24,91
07/10/2018,NEW,LA,ASW,CE,Towers with Radar,0,15,42,7,64,0,8,53,6,67,0,23,95,13,131,82,8,90,221
07/11/2018,NEW,LA,ASW,CE,Towers with Radar,0,9,39,4,52,0,0,40,9,49,0,9,79,13,101,24,16,40,141
07/12/2018,NEW,LA,ASW,CE,Towers with Radar,0,8,61,5,74,0,4,65,5,74,0,12,126,10,148,88,2,90,238
07/13/2018,NEW,LA,ASW,CE,Towers with Radar,0,6,60,6,72,0,7,68,7,82,0,13,128,13,154,40,2,42,196
07/14/2018,NEW,LA,ASW,CE,Towers with Radar,0,4,38,0,42,0,3,69,8,80,0,7,107,8,122,48,0,48,170
07/15/2018,NEW,LA,ASW,CE,Towers with Radar,0,3,41,10,54,0,4,43,6,53,0,7,84,16,107,42,0,42,149
07/16/2018,NEW,LA,ASW,CE,Towers with Radar,0,4,27,2,33,0,3,49,0,52,0,7,76,2,85,50,0,50,135
07/17/2018,NEW,LA,ASW,CE,Towers with Radar,0,0,51,8,59,0,0,13,2,15,0,0,64,10,74,10,14,24,98
07/18/2018,NEW,LA,ASW,CE,Towers with Radar,0,0,35,10,45,0,1,38,3,42,0,1,73,13,87,52,30,82,169
07/19/2018,NEW,LA,ASW,CE,Towers with Radar,0,6,56,13,75,0,0,30,3,33,0,6,86,16,108,64,2,66,174
07/20/2018,NEW,LA,ASW,CE,Towers with Radar,0,8,54,20,82,0,4,64,10,78,0,12,118,30,160,92,0,92,252
07/21/2018,NEW,LA,ASW,CE,Towers with Radar,0,9,40,14,63,0,6,67,9,82,0,15,107,23,145,52,18,70,215
07/22/2018,NEW,LA,ASW,CE,Towers with Radar,0,7,44,13,64,0,0,66,0,66,0,7,110,13,130,24,1,25,155
07/23/2018,NEW,LA,ASW,CE,Towers with Radar,0,2,32,13,47,0,0,29,4,33,0,2,61,17,80,72,0,72,152
07/24/2018,NEW,LA,ASW,CE,Towers with Radar,0,7,26,7,40,0,1,43,6,50,0,8,69,13,90,46,4,50,140
07/25/2018,NEW,LA,ASW,CE,Towers with Radar,0,2,47,2,51,0,0,75,6,81,0,2,122,8,132,92,0,92,224
07/26/2018,NEW,LA,ASW,CE,Towers with Radar,0,5,52,3,60,0,6,66,9,81,0,11,118,12,141,66,0,66,207
07/27/2018,NEW,LA,ASW,CE,Towers with Radar,0,7,52,9,68,0,1,61,6,68,0,8,113,15,136,28,0,28,164
07/28/2018,NEW,LA,ASW,CE,Towers with Radar,0,5,32,2,39,0,1,63,5,69,0,6,95,7,108,140,28,168,276
07/29/2018,NEW,LA,ASW,CE,Towers with Radar,0,5,47,4,56,0,2,46,4,52,0,7,93,8,108,84,0,84,192
07/30/2018,NEW,LA,ASW,CE,Towers with Radar,0,4,31,2,37,0,8,40,2,50,0,12,71,4,87,6,0,6,93
07/31/2018,NEW,LA,ASW,CE,Towers with Radar,0,4,42,0,46,0,3,29,1,33,0,7,71,1,79,20,0,20,99
08/01/2018,NEW,LA,ASW,CE,Towers with Radar,0,1,20,2,23,0,1,38,0,39,0,2,58,2,62,28,0,28,90
08/02/2018,NEW,LA,ASW,CE,Towers with Radar,0,6,30,8,44,0,2,45,9,56,0,8,75,17,100,76,0,76,176
08/03/2018,NEW,LA,ASW,CE,Towers with Radar,0,9,33,4,46,0,9,44,6,59,0,18,77,10,105,72,0,72,177
08/04/2018,NEW,LA,ASW,CE,Towers with Radar,0,6,36,0,42,0,1,42,1,44,0,7,78,1,86,40,0,40,126
08/05/2018,NEW,LA,ASW,CE,Towers with Radar,0,3,44,20,67,0,4,60,4,68,0,7,104,24,135,50,0,50,185
08/06/2018,NEW,LA,ASW,CE,Towers with Radar,0,10,47,4,61,0,16,49,20,85,0,26,96,24,146,48,14,62,208
08/07/2018,NEW,LA,ASW,CE,Towers with Radar,0,12,39,4,55,0,4,33,12,49,0,16,72,16,104,118,4,122,226
08/08/2018,NEW,LA,ASW,CE,Towers with Radar,0,9,38,5,52,0,1,47,7,55,0,10,85,12,107,36,0,36,143
08/09/2018,NEW,LA,ASW,CE,Towers with Radar,0,13,45,3,61,0,2,40,1,43,0,15,85,4,104,108,0,108,212
08/10/2018,NEW,LA,ASW,CE,Towers with Radar,0,10,55,2,67,0,3,35,1,39,0,13,90,3,106,40,0,40,146
08/11/2018,NEW,LA,ASW,CE,Towers with Radar,0,9,31,3,43,0,0,56,3,59,0,9,87,6,102,96,0,96,198
08/12/2018,NEW,LA,ASW,CE,Towers with Radar,0,8,43,8,59,0,4,67,3,74,0,12,110,11,133,120,0,120,253
08/13/2018,NEW,LA,ASW,CE,Towers with Radar,0,6,27,11,44,0,5,43,2,50,0,11,70,13,94,26,6,32,126
08/14/2018,NEW,LA,ASW,CE,Towers with Radar,0,10,47,8,65,0,0,52,6,58,0,10,99,14,123,68,4,72,195
08/15/2018,NEW,LA,ASW,CE,Towers with Radar,0,14,40,4,58,0,1,61,10,72,0,15,101,14,130,62,8,70,200
08/16/2018,NEW,LA,ASW,CE,Towers with Radar,0,5,51,7,63,0,3,65,7,75,0,8,116,14,138,68,0,68,206
08/17/2018,NEW,LA,ASW,CE,Towers with Radar,0,4,60,5,69,0,3,29,1,33,0,7,89,6,102,34,0,34,136
08/18/2018,NEW,LA,ASW,CE,Towers with Radar,0,4,28,6,38,0,3,49,0,52,0,7,77,6,90,42,0,42,132
08/19/2018,NEW,LA,ASW,CE,Towers with Radar,0,6,49,1,56,0,0,30,0,30,0,6,79,1,86,30,0,30,116
08/20/2018,NEW,LA,ASW,CE,Towers with Radar,0,2,33,0,35,0,1,24,1,26,0,3,57,1,61,24,0,24,85
08/21/2018,NEW,LA,ASW,CE,Towers with Radar,0,11,45,5,61,0,6,39,8,53,0,17,84,13,114,62,22,84,198
08/22/2018,NEW,LA,ASW,CE,Towers with Radar,0,10,56,17,83,0,8,49,0,57,0,18,105,17,140,70,0,70,210
08/23/2018,NEW,LA,ASW,CE,Towers with Radar,0,9,55,2,66,0,1,59,8,68,0,10,114,10,134,126,2,128,262
08/24/2018,NEW,LA,ASW,CE,Towers with Radar,0,11,61,6,78,0,5,73,12,90,0,16,134,18,168,80,10,90,258
08/25/2018,NEW,LA,ASW,CE,Towers with Radar,0,7,38,0,45,0,6,82,2,90,0,13,120,2,135,136,0,136,271
08/26/2018,NEW,LA,ASW,CE,Towers with Radar,0,7,36,5,48,0,1,67,4,72,0,8,103,9,120,86,8,94,214
08/27/2018,NEW,LA,ASW,CE,Towers with Radar,0,14,32,6,52,0,3,24,2,29,0,17,56,8,81,14,0,14,95
08/28/2018,NEW,LA,ASW,CE,Towers with Radar,0,6,15,6,27,0,1,26,5,32,0,7,41,11,59,24,0,24,83
08/29/2018,NEW,LA,ASW,CE,Towers with Radar,0,5,37,5,47,0,0,19,7,26,0,5,56,12,73,2,2,4,77
08/30/2018,NEW,LA,ASW,CE,Towers with Radar,0,10,44,5,59,0,2,56,0,58,0,12,100,5,117,130,0,130,247
08/31/2018,NEW,LA,ASW,CE,Towers with Radar,0,7,55,1,63,0,0,28,0,28,0,7,83,1,91,54,0,54,145
09/01/2018,NEW,LA,ASW,CE,Towers with Radar,0,5,30,2,37,0,0,15,0,15,0,5,45,2,52,72,0,72,124
09/02/2018,NEW,LA,ASW,CE,Towers with Radar,0,7,21,0,28,0,0,15,0,15,0,7,36,0,43,14,0,14,57
09/03/2018,NEW,LA,ASW,CE,Towers with Radar,0,9,36,0,45,0,2,41,2,45,0,11,77,2,90,52,0,52,142
09/04/2018,NEW,LA,ASW,CE,Towers with Radar,0,7,15,2,24,0,1,6,0,7,0,8,21,2,31,0,0,0,31
09/05/2018,NEW,LA,ASW,CE,Towers with Radar,0,3,32,0,35,0,0,35,0,35,0,3,67,0,70,54,0,54,124
09/06/2018,NEW,LA,ASW,CE,Towers with Radar,0,7,34,3,44,0,3,22,0,25,0,10,56,3,69,34,0,34,103
09/07/2018,NEW,LA,ASW,CE,Towers with Radar,0,5,47,8,60,0,2,29,1,32,0,7,76,9,92,66,16,82,174
09/08/2018,NEW,LA,ASW,CE,Towers with Radar,0,13,30,5,48,0,1,60,2,63,0,14,90,7,111,94,0,94,205
09/09/2018,NEW,LA,ASW,CE,Towers with Radar,0,17,66,4,87,0,0,37,1,38,0,17,103,5,125,70,0,70,195
09/10/2018,NEW,LA,ASW,CE,Towers with Radar,0,10,35,2,47,0,4,33,3,40,0,14,68,5,87,18,2,20,107
09/11/2018,NEW,LA,ASW,CE,Towers with Radar,0,12,34,5,51,0,3,24,4,31,0,15,58,9,82,30,0,30,112
09/12/2018,NEW,LA,ASW,CE,Towers with Radar,0,10,45,10,65,0,2,47,6,55,0,12,92,16,120,50,34,84,204
09/13/2018,NEW,LA,ASW,CE,Towers with Radar,0,12,42,11,65,0,4,62,13,79,0,16,104,24,144,122,0,122,266
09/14/2018,NEW,LA,ASW,CE,Towers with Radar,0,5,54,0,59,0,4,70,2,76,0,9,124,2,135,42,0,42,177
09/15/2018,NEW,LA,ASW,CE,Towers with Radar,0,5,53,1,59,0,6,80,5,91,0,11,133,6,150,158,0,158,308
09/16/2018,NEW,LA,ASW,CE,Towers with Radar,0,10,85,1,96,0,1,80,4,85,0,11,165,5,181,60,0,60,241
09/17/2018,NEW,LA,ASW,CE,Towers with Radar,0,3,27,7,37,0,0,50,2,52,0,3,77,9,89,48,0,48,137
09/18/2018,NEW,LA,ASW,CE,Towers with Radar,0,15,44,2,61,0,2,50,4,56,0,17,94,6,117,136,12,148,265
09/19/2018,NEW,LA,ASW,CE,Towers with Radar,0,6,55,13,74,0,2,63,6,71,0,8,118,19,145,66,2,68,213
09/20/2018,NEW,LA,ASW,CE,Towers with Radar,0,11,52,7,70,0,3,55,4,62,0,14,107,11,132,66,4,70,202
09/21/2018,NEW,LA,ASW,CE,Towers with Radar,0,8,94,6,108,0,0,38,3,41,0,8,132,9,149,26,0,26,175
09/22/2018,NEW,LA,ASW,CE,Towers with Radar,0,9,38,0,47,0,0,55,1,56,0,9,93,1,103,26,0,26,129
09/23/2018,NEW,LA,ASW,CE,Towers with Radar,0,14,75,0,89,0,0,45,1,46,0,14,120,1,135,70,0,70,205
09/24/2018,NEW,LA,ASW,CE,Towers with Radar,0,10,49,5,64,0,1,37,2,40,0,11,86,7,104,66,0,66,170
09/25/2018,NEW,LA,ASW,CE,Towers with Radar,0,14,44,2,60,0,1,39,3,43,0,15,83,5,103,56,0,56,159
09/26/2018,NEW,LA,ASW,CE,Towers with Radar,0,12,43,6,61,0,2,46,6,54,0,14,89,12,115,42,4,46,161
09/27/2018,NEW,LA,ASW,CE,Towers with Radar,0,15,69,4,88,0,1,19,4,24,0,16,88,8,112,18,16,34,146
09/28/2018,NEW,LA,ASW,CE,Towers with Radar,0,11,64,9,84,0,1,32,2,35,0,12,96,11,119,0,0,0,119
09/29/2018,NEW,LA,ASW,CE,Towers with Radar,0,14,53,5,72,0,1,37,1,39,0,15,90,6,111,74,0,74,185
09/30/2018,NEW,LA,ASW,CE,Towers with Radar,0,20,92,0,112,0,1,40,0,41,0,21,132,0,153,8,0,8,161
10/01/2018,NEW,LA,ASW,CE,Towers with Radar,0,6,50,8,64,0,3,49,2,54,0,9,99,10,118,62,0,62,180
10/02/2018,NEW,LA,ASW,CE,Towers with Radar,0,3,57,2,62,0,3,84,2,89,0,6,141,4,151,44,2,46,197
10/03/2018,NEW,LA,ASW,CE,Towers with Radar,0,10,66,15,91,0,6,51,6,63,0,16,117,21,154,58,0,58,212
10/04/2018,NEW,LA,ASW,CE,Towers with Radar,0,8,57,7,72,0,5,54,7,66,0,13,111,14,138,84,0,84,222
10/05/2018,NEW,LA,ASW,CE,Towers with Radar,0,12,78,3,93,0,6,69,6,81,0,18,147,9,174,18,0,18,192
10/06/2018,NEW,LA,ASW,CE,Towers with Radar,0,22,38,1,61,0,7,45,3,55,0,29,83,4,116,80,2,82,198
10/07/2018,NEW,LA,ASW,CE,Towers with Radar,0,19,83,0,102,0,0,73,1,74,0,19,156,1,176,84,0,84,260
10/08/2018,NEW,LA,ASW,CE,Towers with Radar,0,6,69,0,75,0,8,35,1,44,0,14,104,1,119,20,18,38,157
10/09/2018,NEW,LA,ASW,CE,Towers with Radar,0,10,53,1,64,0,0,5,1,6,0,10,58,2,70,22,0,22,92
10/10/2018,NEW,LA,ASW,CE,Towers with Radar,0,3,32,0,35,0,5,42,1,48,0,8,74,1,83,28,0,28,111
10/11/2018,NEW,LA,ASW,CE,Towers with Radar,0,15,78,4,97,0,2,61,2,65,0,17,139,6,162,82,0,82,244
10/12/2018,NEW,LA,ASW,CE,Towers with Radar,0,20,83,2,105,0,3,86,4,93,0,23,169,6,198,32,8,40,238
10/13/2018,NEW,LA,ASW,CE,Towers with Radar,0,7,50,0,57,0,0,117,3,120,0,7,167,3,177,64,0,64,241
10/14/2018,NEW,LA,ASW,CE,Towers with Radar,0,22,104,3,129,0,5,119,6,130,0,27,223,9,259,14,0,14,273
10/15/2018,NEW,LA,ASW,CE,Towers with Radar,0,6,33,4,43,0,4,41,3,48,0,10,74,7,91,14,0,14,105
10/16/2018,NEW,LA,ASW,CE,Towers with Radar,0,1,47,1,49,0,1,33,1,35,0,2,80,2,84,42,0,42,126
10/17/2018,NEW,LA,ASW,CE,Towers with Radar,0,11,50,6,67,0,0,8,0,8,0,11,58,6,75,32,0,32,107
10/18/2018,NEW,LA,ASW,CE,Towers with Radar,0,4,84,3,91,0,2,82,5,89,0,6,166,8,180,70,0,70,250
10/19/2018,NEW,LA,ASW,CE,Towers with Radar,0,10,90,3,103,0,1,67,6,74,0,11,157,9,177,68,0,68,245
10/20/2018,NEW,LA,ASW,CE,Towers with Radar,0,6,42,2,50,0,2,38,0,40,0,8,80,2,90,46,0,46,136
10/21/2018,NEW,LA,ASW,CE,Towers with Radar,0,11,79,11,101,0,3,67,3,73,0,14,146,14,174,22,2,24,198
10/22/2018,NEW,LA,ASW,CE,Towers with Radar,0,16,46,4,66,0,1,56,3,60,0,17,102,7,126,78,0,78,204
10/23/2018,NEW,LA,ASW,CE,Towers with Radar,0,6,39,7,52,0,0,4,5,9,0,6,43,12,61,20,0,20,81
10/24/2018,NEW,LA,ASW,CE,Towers with Radar,0,11,65,8,84,0,0,48,4,52,0,11,113,12,136,62,0,62,198
10/25/2018,NEW,LA,ASW,CE,Towers with Radar,0,13,42,5,60,0,0,18,0,18,0,13,60,5,78,38,0,38,116
10/26/2018,NEW,LA,ASW,CE,Towers with Radar,0,17,77,21,115,0,1,44,2,47,0,18,121,23,162,64,4,68,230
10/27/2018,NEW,LA,ASW,CE,Towers with Radar,0,10,32,5,47,0,7,85,5,97,0,17,117,10,144,94,6,100,244
10/28/2018,NEW,LA,ASW,CE,Towers with Radar,0,14,70,8,92,0,2,86,3,91,0,16,156,11,183,82,0,82,265
10/29/2018,NEW,LA,ASW,CE,Towers with Radar,0,7,45,3,55,0,0,52,10,62,0,7,97,13,117,14,0,14,131
10/30/2018,NEW,LA,ASW,CE,Towers with Radar,0,13,66,2,81,0,1,41,7,49,0,14,107,9,130,38,4,42,172
10/31/2018,NEW,LA,ASW,CE,Towers with Radar,0,9,39,11,59,0,1,36,4,41,0,10,75,15,100,40,0,40,140
11/01/2018,NEW,LA,ASW,CE,Towers with Radar,0,14,58,6,78,0,1,10,1,12,0,15,68,7,90,2,0,2,92
11/02/2018,NEW,LA,ASW,CE,Towers with Radar,0,21,98,7,126,0,6,63,0,69,0,27,161,7,195,32,40,72,267
11/03/2018,NEW,LA,ASW,CE,Towers with Radar,0,5,66,11,82,0,4,69,8,81,0,9,135,19,163,68,0,68,231
11/04/2018,NEW,LA,ASW,CE,Towers with Radar,0,45,121,15,181,0,1,31,1,33,0,46,152,16,214,42,0,42,256
11/05/2018,NEW,LA,ASW,CE,Towers with Radar,0,16,77,22,115,0,1,25,3,29,0,17,102,25,144,4,12,16,160
11/06/2018,NEW,LA,ASW,CE,Towers with Radar,0,15,50,15,80,0,0,7,1,8,0,15,57,16,88,38,0,38,126
11/07/2018,NEW,LA,ASW,CE,Towers with Radar,0,16,49,7,72,0,0,2,3,5,0,16,51,10,77,2,0,2,79
11/08/2018,NEW,LA,ASW,CE,Towers with Radar,0,23,97,0,120,0,0,4,0,4,0,23,101,0,124,0,0,0,124
11/09/2018,NEW,LA,ASW,CE,Towers with Radar,0,11,59,0,70,0,0,1,0,1,0,11,60,0,71,0,0,0,71
11/10/2018,NEW,LA,ASW,CE,Towers with Radar,0,17,52,9,78,0,1,71,3,75,0,18,123,12,153,144,18,162,315
11/11/2018,NEW,LA,ASW,CE,Towers with Radar,0,22,86,12,120,0,0,58,2,60,0,22,144,14,180,148,0,148,328
11/12/2018,NEW,LA,ASW,CE,Towers with Radar,0,2,38,9,49,0,0,3,0,3,0,2,41,9,52,0,0,0,52
11/13/2018,NEW,LA,ASW,CE,Towers with Radar,0,5,32,8,45,0,0,1,1,2,0,5,33,9,47,6,8,14,61
11/14/2018,NEW,LA,ASW,CE,Towers with Radar,0,7,56,1,64,0,0,7,4,11,0,7,63,5,75,22,6,28,103
11/15/2018,NEW,LA,ASW,CE,Towers with Radar,0,7,56,5,68,0,1,73,9,83,0,8,129,14,151,62,12,74,225
11/16/2018,NEW,LA,ASW,CE,Towers with Radar,0,15,83,7,105,0,9,91,8,108,0,24,174,15,213,64,8,72,285
11/17/2018,NEW,LA,ASW,CE,Towers with Radar,0,5,52,2,59,0,7,95,1,103,0,12,147,3,162,72,0,72,234
11/18/2018,NEW,LA,ASW,CE,Towers with Radar,0,33,99,3,135,0,2,87,3,92,0,35,186,6,227,84,0,84,311
11/19/2018,NEW,LA,ASW,CE,Towers with Radar,0,10,66,4,80,0,5,54,2,61,0,15,120,6,141,20,4,24,165
11/20/2018,NEW,LA,ASW,CE,Towers with Radar,0,16,65,1,82,0,4,26,1,31,0,20,91,2,113,78,0,78,191
11/21/2018,NEW,LA,ASW,CE,Towers with Radar,0,7,64,0,71,0,4,80,3,87,0,11,144,3,158,74,4,78,236
11/22/2018,NEW,LA,ASW,CE,Towers with Radar,0,7,17,1,25,0,2,20,1,23,0,9,37,2,48,6,0,6,54
11/23/2018,NEW,LA,ASW,CE,Towers with Radar,0,13,49,0,62,0,0,28,0,28,0,13,77,0,90,52,0,52,142
11/24/2018,NEW,LA,ASW,CE,Towers with Radar,0,10,42,0,52,0,9,76,0,85,0,19,118,0,137,54,0,54,191
11/25/2018,NEW,LA,ASW,CE,Towers with Radar,0,13,70,0,83,0,0,9,1,10,0,13,79,1,93,0,0,0,93
11/26/2018,NEW,LA,ASW,CE,Towers with Radar,0,8,57,2,67,0,5,51,3,59,0,13,108,5,126,44,8,52,178
11/27/2018,NEW,LA,ASW,CE,Towers with Radar,0,12,37,2,51,0,0,63,1,64,0,12,100,3,115,40,0,40,155
11/28/2018,NEW,LA,ASW,CE,Towers with Radar,0,4,76,6,86,0,3,73,13,89,0,7,149,19,175,142,12,154,329
11/29/2018,NEW,LA,ASW,CE,Towers with Radar,2,20,81,9,112,0,3,32,4,39,2,23,113,13,151,34,0,34,185
11/30/2018,NEW,LA,ASW,CE,Towers with Radar,0,10,103,19,132,0,1,47,7,55,0,11,150,26,187,28,8,36,223
12/01/2018,NEW,LA,ASW,CE,Towers with Radar,0,22,31,13,66,0,5,28,0,33,0,27,59,13,99,18,6,24,123
12/02/2018,NEW,LA,ASW,CE,Towers with Radar,0,18,63,12,93,0,0,69,7,76,0,18,132,19,169,68,0,68,237
12/03/2018,NEW,LA,ASW,CE,Towers with Radar,0,8,45,10,63,0,3,53,0,56,0,11,98,10,119,20,0,20,139
12/04/2018,NEW,LA,ASW,CE,Towers with Radar,0,10,32,3,45,0,4,62,5,71,0,14,94,8,116,62,0,62,178
12/05/2018,NEW,LA,ASW,CE,Towers with Radar,0,14,60,4,78,0,4,68,5,77,0,18,128,9,155,50,0,50,205
12/06/2018,NEW,LA,ASW,CE,Towers with Radar,0,13,96,10,119,0,3,63,4,70,0,16,159,14,189,58,0,58,247
12/07/2018,NEW,LA,ASW,CE,Towers with Radar,0,10,60,14,84,0,4,46,13,63,0,14,106,27,147,24,6,30,177
12/08/2018,NEW,LA,ASW,CE,Towers with Radar,0,5,18,1,24,0,0,0,0,0,0,5,18,1,24,0,0,0,24
12/09/2018,NEW,LA,ASW,CE,Towers with Radar,0,9,80,12,101,0,0,2,11,13,0,9,82,23,114,6,0,6,120
12/10/2018,NEW,LA,ASW,CE,Towers with Radar,0,12,42,8,62,0,4,37,7,48,0,16,79,15,110,36,0,36,146
12/11/2018,NEW,LA,ASW,CE,Towers with Radar,0,12,47,7,66,0,7,56,3,66,0,19,103,10,132,66,0,66,198
12/12/2018,NEW,LA,ASW,CE,Towers with Radar,0,12,81,8,101,0,1,66,9,76,0,13,147,17,177,78,6,84,261
12/13/2018,NEW,LA,ASW,CE,Towers with Radar,0,6,30,3,39,0,0,7,1,8,0,6,37,4,47,12,6,18,65
12/14/2018,NEW,LA,ASW,CE,Towers with Radar,0,9,70,13,92,0,2,36,4,42,0,11,106,17,134,70,26,96,230
12/15/2018,NEW,LA,ASW,CE,Towers with Radar,0,13,56,14,83,0,0,8,1,9,0,13,64,15,92,0,0,0,92
12/16/2018,NEW,LA,ASW,CE,Towers with Radar,0,10,60,7,77,0,4,34,5,43,0,14,94,12,120,62,0,62,182
12/17/2018,NEW,LA,ASW,CE,Towers with Radar,0,9,26,14,49,0,2,48,10,60,0,11,74,24,109,52,38,90,199
12/18/2018,NEW,LA,ASW,CE,Towers with Radar,0,6,37,9,52,0,0,61,4,65,0,6,98,13,117,86,24,110,227
12/19/2018,NEW,LA,ASW,CE,Towers with Radar,0,13,43,23,79,0,1,18,1,20,0,14,61,24,99,32,0,32,131
12/20/2018,NEW,LA,ASW,CE,Towers with Radar,0,6,45,0,51,0,0,0,0,0,0,6,45,0,51,0,0,0,51
12/21/2018,NEW,LA,ASW,CE,Towers with Radar,0,6,52,5,63,0,3,52,0,55,0,9,104,5,118,28,0,28,146
12/22/2018,NEW,LA,ASW,CE,Towers with Radar,0,10,66,0,76,0,2,120,0,122,0,12,186,0,198,168,0,168,366
12/23/2018,NEW,LA,ASW,CE,Towers with Radar,0,13,69,0,82,0,0,32,0,32,0,13,101,0,114,12,0,12,126
12/24/2018,NEW,LA,ASW,CE,Towers with Radar,0,5,22,0,27,0,2,38,0,40,0,7,60,0,67,10,0,10,77
12/25/2018,NEW,LA,ASW,CE,Towers with Radar,0,7,13,0,20,0,2,9,1,12,0,9,22,1,32,0,0,0,32
12/26/2018,NEW,LA,ASW,CE,Towers with Radar,0,5,51,0,56,0,0,37,0,37,0,5,88,0,93,66,0,66,159
12/27/2018,NEW,LA,ASW,CE,Towers with Radar,0,2,26,2,30,0,0,1,0,1,0,2,27,2,31,0,0,0,31
12/28/2018,NEW,LA,ASW,CE,Towers with Radar,0,19,49,0,68,0,4,46,0,50,0,23,95,0,118,28,0,28,146
12/29/2018,NEW,LA,ASW,CE,Towers with Radar,0,11,49,0,60,0,0,0,0,0,0,11,49,0,60,0,0,0,60
12/30/2018,NEW,LA,ASW,CE,Towers with Radar,0,2,28,0,30,0,0,0,0,0,0,2,28,0,30,0,0,0,30
12/31/2018,NEW,LA,ASW,CE,Towers with Radar,0,14,74,0,88,0,0,6,0,6,0,14,80,0,94,22,0,22,116
01/01/2019,NEW,LA,ASW,CE,Towers with Radar,0,26,91,0,117,0,0,0,0,0,0,26,91,0,117,0,0,0,117
01/02/2019,NEW,LA,ASW,CE,Towers with Radar,0,26,101,0,127,0,0,0,0,0,0,26,101,0,127,0,0,0,127
01/03/2019,NEW,LA,ASW,CE,Towers with Radar,0,7,28,2,37,0,2,9,1,12,0,9,37,3,49,0,0,0,49
01/04/2019,NEW,LA,ASW,CE,Towers with Radar,0,5,47,8,60,0,0,43,3,46,0,5,90,11,106,8,22,30,136
01/05/2019,NEW,LA,ASW,CE,Towers with Radar,0,9,47,12,68,0,2,121,5,128,0,11,168,17,196,94,0,94,290
01/06/2019,NEW,LA,ASW,CE,Towers with Radar,0,8,49,19,76,0,3,117,7,127,0,11,166,26,203,52,12,64,267
01/07/2019,NEW,LA,ASW,CE,Towers with Radar,0,5,35,1,41,0,0,49,1,50,0,5,84,2,91,64,0,64,155
01/08/2019,NEW,LA,ASW,CE,Towers with Radar,0,6,49,5,60,0,2,56,4,62,0,8,105,9,122,70,2,72,194
01/09/2019,NEW,LA,ASW,CE,Towers with Radar,0,10,42,4,56,0,4,67,8,79,0,14,109,12,135,84,24,108,243
01/10/2019,NEW,LA,ASW,CE,Towers with Radar,0,7,43,9,59,0,20,80,8,108,0,27,123,17,167,64,10,74,241
01/11/2019,NEW,LA,ASW,CE,Towers with Radar,0,15,76,17,108,0,18,77,5,100,0,33,153,22,208,138,0,138,346
01/12/2019,NEW,LA,ASW,CE,Towers with Radar,0,15,52,10,77,0,2,37,3,42,0,17,89,13,119,54,6,60,179
01/13/2019,NEW,LA,ASW,CE,Towers with Radar,0,32,163,1,196,0,3,33,2,38,0,35,196,3,234,16,0,16,250
01/14/2019,NEW,LA,ASW,CE,Towers with Radar,0,5,90,5,100,0,10,11,3,24,0,15,101,8,124,0,28,28,152
01/15/2019,NEW,LA,ASW,CE,Towers with Radar,0,12,41,2,55,0,4,30,1,35,0,16,71,3,90,132,0,132,222
01/16/2019,NEW,LA,ASW,CE,Towers with Radar,0,9,49,2,60,0,2,65,0,67,0,11,114,2,127,104,0,104,231
01/17/2019,NEW,LA,ASW,CE,Towers with Radar,0,11,67,9,87,0,2,30,0,32,0,13,97,9,119,66,0,66,185
01/18/2019,NEW,LA,ASW,CE,Towers with Radar,0,13,89,2,104,0,3,29,1,33,0,16,118,3,137,66,0,66,203
01/19/2019,NEW,LA,ASW,CE,Towers with Radar,0,15,37,0,52,0,0,20,1,21,0,15,57,1,73,8,6,14,87
01/20/2019,NEW,LA,ASW,CE,Towers with Radar,0,49,153,9,211,0,2,38,7,47,0,51,191,16,258,4,30,34,292
01/21/2019,NEW,LA,ASW,CE,Towers with Radar,0,20,98,4,122,0,4,84,1,89,0,24,182,5,211,34,0,34,245
01/22/2019,NEW,LA,ASW,CE,Towers with Radar,0,9,52,4,65,0,3,50,4,57,0,12,102,8,122,30,0,30,152
01/23/2019,NEW,LA,ASW,CE,Towers with Radar,0,12,38,1,51,0,0,0,0,0,0,12,38,1,51,0,0,0,51
01/24/2019,NEW,LA,ASW,CE,Towers with Radar,0,15,52,9,76,0,4,71,6,81,0,19,123,15,157,138,0,138,295
01/25/2019,NEW,LA,ASW,CE,Towers with Radar,0,11,62,13,86,0,1,90,3,94,0,12,152,16,180,76,4,80,260
01/26/2019,NEW,LA,ASW,CE,Towers with Radar,0,8,45,10,63,0,8,99,8,115,0,16,144,18,178,120,20,140,318
01/27/2019,NEW,LA,ASW,CE,Towers with Radar,0,12,68,6,86,0,1,89,9,99,0,13,157,15,185,78,12,90,275
01/28/2019,NEW,LA,ASW,CE,Towers with Radar,0,7,71,4,82,0,2,65,8,75,0,9,136,12,157,18,18,36,193
01/29/2019,NEW,LA,ASW,CE,Towers with Radar,0,9,32,4,45,0,2,34,5,41,0,11,66,9,86,10,8,18,104
01/30/2019,NEW,LA,ASW,CE,Towers with Radar,0,13,78,2,93,0,5,45,1,51,0,18,123,3,144,106,0,106,250
01/31/2019,NEW,LA,ASW,CE,Towers with Radar,0,10,59,5,74,0,5,68,4,77,0,15,127,9,151,14,4,18,169
02/01/2019,NEW,LA,ASW,CE,Towers with Radar,0,12,70,6,88,0,0,31,1,32,0,12,101,7,120,20,0,20,140
02/02/2019,NEW,LA,ASW,CE,Towers with Radar,0,4,39,0,43,0,1,30,0,31,0,5,69,0,74,42,0,42,116
02/03/2019,NEW,LA,ASW,CE,Towers with Radar,0,8,57,1,66,0,0,13,0,13,0,8,70,1,79,2,0,2,81
02/04/2019,NEW,LA,ASW,CE,Towers with Radar,0,6,40,0,46,0,3,3,0,6,0,9,43,0,52,4,0,4,56
02/05/2019,NEW,LA,ASW,CE,Towers with Radar,0,6,25,0,31,0,0,2,0,2,0,6,27,0,33,10,0,10,43
02/06/2019,NEW,LA,ASW,CE,Towers with Radar,0,13,42,14,69,0,0,38,2,40,0,13,80,16,109,102,22,124,233
02/07/2019,NEW,LA,ASW,CE,Towers with Radar,0,14,55,1,70,0,3,39,4,46,0,17,94,5,116,32,0,32,148
02/08/2019,NEW,LA,ASW,CE,Towers with Radar,0,15,83,10,108,0,2,49,5,56,0,17,132,15,164,66,0,66,230
02/09/2019,NEW,LA,ASW,CE,Towers with Radar,0,14,45,4,63,0,2,94,2,98,0,16,139,6,161,46,6,52,213
02/10/2019,NEW,LA,ASW,CE,Towers with Radar,12,22,69,10,113,0,0,3,0,3,12,22,72,10,116,0,0,0,116
02/11/2019,NEW,LA,ASW,CE,Towers with Radar,0,10,42,13,65,0,0,10,1,11,0,10,52,14,76,0,22,22,98
02/12/2019,NEW,LA,ASW,CE,Towers with Radar,0,6,38,4,48,0,0,10,0,10,0,6,48,4,58,18,0,18,76
02/13/2019,NEW,LA,ASW,CE,Towers with Radar,0,10,43,3,56,0,6,92,3,101,0,16,135,6,157,106,2,108,265
02/14/2019,NEW,LA,ASW,CE,Towers with Radar,0,6,52,5,63,0,0,174,8,182,0,6,226,13,245,92,2,94,339
02/15/2019,NEW,LA,ASW,CE,Towers with Radar,0,8,77,4,89,0,0,47,2,49,0,8,124,6,138,82,0,82,220
02/16/2019,NEW,LA,ASW,CE,Towers with Radar,0,16,55,7,78,0,1,103,0,104,0,17,158,7,182,76,4,80,262
02/17/2019,NEW,LA,ASW,CE,Towers with Radar,0,10,82,2,94,0,0,111,0,111,0,10,193,2,205,80,0,80,285
02/18/2019,NEW,LA,ASW,CE,Towers with Radar,0,7,60,8,75,0,0,28,4,32,0,7,88,12,107,6,4,10,117
02/19/2019,NEW,LA,ASW,CE,Towers with Radar,0,5,40,2,47,0,0,5,0,5,0,5,45,2,52,6,0,6,58
02/20/2019,NEW,LA,ASW,CE,Towers with Radar,0,9,55,6,70,0,0,0,0,0,0,9,55,6,70,0,0,0,70
02/21/2019,NEW,LA,ASW,CE,Towers with Radar,0,8,31,3,42,0,0,10,0,10,0,8,41,3,52,64,0,64,116
02/22/2019,NEW,LA,ASW,CE,Towers with Radar,0,11,79,37,127,0,0,18,3,21,0,11,97,40,148,54,6,60,208
02/23/2019,NEW,LA,ASW,CE,Towers with Radar,0,6,29,1,36,0,1,5,6,12,0,7,34,7,48,18,0,18,66
02/24/2019,NEW,LA,ASW,CE,Towers with Radar,0,13,61,6,80,0,4,87,8,99,0,17,148,14,179,42,0,42,221
02/25/2019,NEW,LA,ASW,CE,Towers with Radar,0,9,48,2,59,0,1,71,1,73,0,10,119,3,132,46,0,46,178
02/26/2019,NEW,LA,ASW,CE,Towers with Radar,0,9,62,0,71,0,0,49,2,51,0,9,111,2,122,136,0,136,258
02/27/2019,NEW,LA,ASW,CE,Towers with Radar,0,10,53,8,71,0,5,71,7,83,0,15,124,15,154,66,0,66,220
02/28/2019,NEW,LA,ASW,CE,Towers with Radar,0,25,73,17,115,0,0,11,0,11,0,25,84,17,126,54,0,54,180
03/01/2019,NEW,LA,ASW,CE,Towers with Radar,0,20,116,3,139,0,3,26,5,34,0,23,142,8,173,4,16,20,193
03/02/2019,NEW,LA,ASW,CE,Towers with Radar,0,21,49,5,75,0,19,23,9,51,0,40,72,14,126,14,0,14,140
03/03/2019,NEW,LA,ASW,CE,Towers with Radar,0,18,64,0,82,0,3,19,6,28,0,21,83,6,110,0,2,2,112
03/04/2019,NEW,LA,ASW,CE,Towers with Radar,0,9,77,1,87,0,9,22,4,35,0,18,99,5,122,56,0,56,178
03/05/2019,NEW,LA,ASW,CE,Towers with Radar,0,14,48,6,68,0,2,23,0,25,0,16,71,6,93,0,0,0,93
03/06/2019,NEW,LA,ASW,CE,Towers with Radar,0,20,62,8,90,0,7,83,8,98,0,27,145,16,188,120,2,122,310
03/07/2019,NEW,LA,ASW,CE,Towers with Radar,0,17,49,10,76,0,1,66,7,74,0,18,115,17,150,112,0,112,262
03/08/2019,NEW,LA,ASW,CE,Towers with Radar,0,8,88,21,117,0,4,66,3,73,0,12,154,24,190,106,0,106,296
03/09/2019,NEW,LA,ASW,CE,Towers with Radar,0,8,49,11,68,0,0,21,3,24,0,8,70,14,92,56,0,56,148
03/10/2019,NEW,LA,ASW,CE,Towers with Radar,0,6,70,16,92,0,2,29,4,35,0,8,99,20,127,18,4,22,149
03/11/2019,NEW,LA,ASW,CE,Towers with Radar,0,10,45,7,62,0,0,11,0,11,0,10,56,7,73,0,0,0,73
03/12/2019,NEW,LA,ASW,CE,Towers with Radar,0,14,52,21,87,0,1,46,6,53,0,15,98,27,140,66,0,66,206
03/13/2019,NEW,LA,ASW,CE,Towers with Radar,0,19,51,7,77,0,1,13,2,16,0,20,64,9,93,6,0,6,99
03/14/2019,NEW,LA,ASW,CE,Towers with Radar,0,6,61,2,69,0,4,18,1,23,0,10,79,3,92,26,8,34,126
03/15/2019,NEW,LA,ASW,CE,Towers with Radar,0,8,76,11,95,0,4,62,1,67,0,12,138,12,162,76,0,76,238
03/16/2019,NEW,LA,ASW,CE,Towers with Radar,0,13,51,2,66,0,8,120,11,139,0,21,171,13,205,104,0,104,309
03/17/2019,NEW,LA,ASW,CE,Towers with Radar,0,17,80,4,101,0,3,156,3,162,0,20,236,7,263,144,0,144,407
03/18/2019,NEW,LA,ASW,CE,Towers with Radar,0,6,49,4,59,0,2,67,4,73,0,8,116,8,132,128,0,128,260
03/19/2019,NEW,LA,ASW,CE,Towers with Radar,0,3,43,0,46,0,7,74,6,87,0,10,117,6,133,90,0,90,223
03/20/2019,NEW,LA,ASW,CE,Towers with Radar,0,10,57,7,74,0,5,94,5,104,0,15,151,12,178,72,0,72,250
03/21/2019,NEW,LA,ASW,CE,Towers with Radar,0,14,69,4,87,0,2,86,6,94,0,16,155,10,181,82,0,82,263
03/22/2019,NEW,LA,ASW,CE,Towers with Radar,0,14,63,3,80,0,1,80,6,87,0,15,143,9,167,32,0,32,199
03/23/2019,NEW,LA,ASW,CE,Towers with Radar,0,18,52,6,76,0,13,88,3,104,0,31,140,9,180,76,0,76,256
03/24/2019,NEW,LA,ASW,CE,Towers with Radar,0,26,95,9,130,0,7,54,4,65,0,33,149,13,195,74,0,74,269
03/25/2019,NEW,LA,ASW,CE,Towers with Radar,0,24,48,3,75,0,4,43,1,48,0,28,91,4,123,34,0,34,157
03/26/2019,NEW,LA,ASW,CE,Towers with Radar,0,17,47,0,64,0,3,70,5,78,0,20,117,5,142,116,0,116,258
03/27/2019,NEW,LA,ASW,CE,Towers with Radar,0,16,59,0,75,0,5,86,9,100,0,21,145,9,175,78,12,90,265
03/28/2019,NEW,LA,ASW,CE,Towers with Radar,0,16,75,2,93,0,5,74,7,86,0,21,149,9,179,62,0,62,241
03/29/2019,NEW,LA,ASW,CE,Towers with Radar,0,29,99,7,135,0,6,92,12,110,0,35,191,19,245,46,8,54,299
03/30/2019,NEW,LA,ASW,CE,Towers with Radar,0,14,49,5,68,0,9,81,5,95,0,23,130,10,163,84,20,104,267
03/31/2019,NEW,LA,ASW,CE,Towers with Radar,0,19,72,2,93,0,0,30,0,30,0,19,102,2,123,16,0,16,139
04/01/2019,NEW,LA,ASW,CE,Towers with Radar,0,9,43,6,58,0,1,63,13,77,0,10,106,19,135,72,24,96,231
04/02/2019,NEW,LA,ASW,CE,Towers with Radar,0,15,30,1,46,0,6,94,1,101,0,21,124,2,147,92,26,118,265
04/03/2019,NEW,LA,ASW,CE,Towers with Radar,0,6,59,3,68,0,4,82,4,90,0,10,141,7,158,64,6,70,228
04/04/2019,NEW,LA,ASW,CE,Towers with Radar,0,6,23,0,29,0,1,1,0,2,0,7,24,0,31,0,0,0,31
04/05/2019,NEW,LA,ASW,CE,Towers with Radar,0,12,55,3,70,0,0,5,0,5,0,12,60,3,75,2,0,2,77
04/06/2019,NEW,LA,ASW,CE,Towers with Radar,0,6,32,0,38,0,2,36,2,40,0,8,68,2,78,132,2,134,212
04/07/2019,NEW,LA,ASW,CE,Towers with Radar,0,14,50,0,64,0,0,5,0,5,0,14,55,0,69,14,0,14,83
04/08/2019,NEW,LA,ASW,CE,Towers with Radar,0,12,51,2,65,0,3,23,1,27,0,15,74,3,92,30,0,30,122
04/09/2019,NEW,LA,ASW,CE,Towers with Radar,0,15,49,2,66,0,8,48,5,61,0,23,97,7,127,66,2,68,195
04/10/2019,NEW,LA,ASW,CE,Towers with Radar,0,13,43,2,58,0,1,85,1,87,0,14,128,3,145,198,6,204,349
04/11/2019,NEW,LA,ASW,CE,Towers with Radar,0,16,79,2,97,0,3,62,9,74,0,19,141,11,171,146,12,158,329
04/12/2019,NEW,LA,ASW,CE,Towers with Radar,0,8,83,7,98,0,2,65,7,74,0,10,148,14,172,68,0,68,240
04/13/2019,NEW,LA,ASW,CE,Towers with Radar,0,8,29,1,38,0,3,5,2,10,0,11,34,3,48,10,0,10,58
04/14/2019,NEW,LA,ASW,CE,Towers with Radar,0,3,64,4,71,0,6,65,7,78,0,9,129,11,149,10,0,10,159
04/15/2019,NEW,LA,ASW,CE,Towers with Radar,0,9,53,5,67,0,10,99,9,118,0,19,152,14,185,90,18,108,293
04/16/2019,NEW,LA,ASW,CE,Towers with Radar,0,9,70,13,92,0,4,72,1,77,0,13,142,14,169,96,0,96,265
04/17/2019,NEW,LA,ASW,CE,Towers with Radar,0,13,67,21,101,0,2,60,6,68,0,15,127,27,169,74,24,98,267
04/18/2019,NEW,LA,ASW,CE,Towers with Radar,0,7,37,2,46,0,1,7,1,9,0,8,44,3,55,8,6,14,69
04/19/2019,NEW,LA,ASW,CE,Towers with Radar,0,8,43,14,65,0,4,25,0,29,0,12,68,14,94,12,0,12,106
04/20/2019,NEW,LA,ASW,CE,Towers with Radar,0,5,38,1,44,0,3,102,3,108,0,8,140,4,152,12,4,16,168
04/21/2019,NEW,LA,ASW,CE,Towers with Radar,0,11,24,10,45,0,2,46,3,51,0,13,70,13,96,16,0,16,112
04/22/2019,NEW,LA,ASW,CE,Towers with Radar,0,12,62,25,99,0,2,84,2,88,0,14,146,27,187,82,0,82,269
04/23/2019,NEW,LA,ASW,CE,Towers with Radar,0,5,60,12,77,0,2,63,2,67,0,7,123,14,144,124,0,124,268
04/24/2019,NEW,LA,ASW,CE,Towers with Radar,0,29,79,1,109,0,4,43,2,49,0,33,122,3,158,206,0,206,364
04/25/2019,NEW,LA,ASW,CE,Towers with Radar,0,7,35,0,42,0,4,9,3,16,0,11,44,3,58,0,0,0,58
04/26/2019,NEW,LA,ASW,CE,Towers with Radar,1,28,74,17,120,0,4,109,6,119,1,32,183,23,239,144,12,156,395
04/27/2019,NEW,LA,ASW,CE,Towers with Radar,0,7,62,12,81,0,10,148,3,161,0,17,210,15,242,120,16,136,378
04/28/2019,NEW,LA,ASW,CE,Towers with Radar,0,23,81,23,127,0,2,105,7,114,0,25,186,30,241,66,0,66,307
04/29/2019,NEW,LA,ASW,CE,Towers with Radar,0,20,59,3,82,0,2,58,11,71,0,22,117,14,153,94,6,100,253
04/30/2019,NEW,LA,ASW,CE,Towers with Radar,0,20,52,15,87,0,3,81,3,87,0,23,133,18,174,114,0,114,288
05/01/2019,NEW,LA,ASW,CE,Towers with Radar,0,12,73,5,90,0,4,40,6,50,0,16,113,11,140,112,8,120,260
05/02/2019,NEW,LA,ASW,CE,Towers with Radar,0,35,79,8,122,0,2,69,8,79,0,37,148,16,201,126,0,126,327
05/03/2019,NEW,LA,ASW,CE,Towers with Radar,0,14,81,15,110,0,0,75,3,78,0,14,156,18,188,116,0,116,304
05/04/2019,NEW,LA,ASW,CE,Towers with Radar,0,14,33,2,49,0,6,21,0,27,0,20,54,2,76,12,0,12,88
05/05/2019,NEW,LA,ASW,CE,Towers with Radar,0,51,112,10,173,0,5,126,0,131,0,56,238,10,304,62,0,62,366
05/06/2019,NEW,LA,ASW,CE,Towers with Radar,0,14,85,8,107,0,0,85,8,93,0,14,170,16,200,82,0,82,282
05/07/2019,NEW,LA,ASW,CE,Towers with Radar,0,9,86,10,105,0,5,55,4,64,0,14,141,14,169,126,14,140,309
05/08/2019,NEW,LA,ASW,CE,Towers with Radar,0,8,67,9,84,0,0,44,9,53,0,8,111,18,137,164,0,164,301
05/09/2019,NEW,LA,ASW,CE,Towers with Radar,0,12,61,0,73,0,6,11,0,17,0,18,72,0,90,14,0,14,104
05/10/2019,NEW,LA,ASW,CE,Towers with Radar,0,14,48,0,62,0,0,14,0,14,0,14,62,0,76,60,0,60,136
05/11/2019,NEW,LA,ASW,CE,Towers with Radar,0,10,16,2,28,0,1,42,0,43,0,11,58,2,71,4,0,4,75
05/12/2019,NEW,LA,ASW,CE,Towers with Radar,0,13,27,0,40,0,2,42,0,44,0,15,69,0,84,58,0,58,142
05/13/2019,NEW,LA,ASW,CE,Towers with Radar,0,15,49,8,72,0,0,94,0,94,0,15,143,8,166,114,6,120,286
05/14/2019,NEW,LA,ASW,CE,Towers with Radar,0,11,47,3,61,0,4,44,8,56,0,15,91,11,117,46,6,52,169
05/15/2019,NEW,LA,ASW,CE,Towers with Radar,0,16,41,7,64,0,2,86,4,92,0,18,127,11,156,136,6,142,298
05/16/2019,NEW,LA,ASW,CE,Towers with Radar,0,14,81,6,101,0,2,79,5,86,0,16,160,11,187,76,6,82,269
05/17/2019,NEW,LA,ASW,CE,Towers with Radar,0,26,76,5,107,0,3,75,2,80,0,29,151,7,187,66,26,92,279
05/18/2019,NEW,LA,ASW,CE,Towers with Radar,0,14,52,1,67,0,1,90,5,96,0,15,142,6,163,40,2,42,205
05/19/2019,NEW,LA,ASW,CE,Towers with Radar,0,20,60,2,82,0,2,22,0,24,0,22,82,2,106,0,0,0,106
05/20/2019,NEW,LA,ASW,CE,Towers with Radar,0,11,49,12,72,0,0,41,0,41,0,11,90,12,113,82,6,88,201
05/21/2019,NEW,LA,ASW,CE,Towers with Radar,0,14,43,10,67,0,3,48,8,59,0,17,91,18,126,116,6,122,248
05/22/2019,NEW,LA,ASW,CE,Towers with Radar,0,11,71,12,94,0,2,36,7,45,0,13,107,19,139,86,6,92,231
05/23/2019,NEW,LA,ASW,CE,Towers with Radar,0,18,56,9,83,0,1,42,8,51,0,19,98,17,134,70,8,78,212
05/24/2019,NEW,LA,ASW,CE,Towers with Radar,0,15,94,1,110,0,4,89,4,97,0,19,183,5,207,126,0,126,333
05/25/2019,NEW,LA,ASW,CE,Towers with Radar,0,9,42,1,52,0,2,105,2,109,0,11,147,3,161,96,0,96,257
05/26/2019,NEW,LA,ASW,CE,Towers with Radar,0,7,33,2,42,0,0,63,5,68,0,7,96,7,110,18,0,18,128
05/27/2019,NEW,LA,ASW,CE,Towers with Radar,0,4,60,5,69,0,3,67,3,73,0,7,127,8,142,38,8,46,188
05/28/2019,NEW,LA,ASW,CE,Towers with Radar,0,6,64,6,76,0,0,53,6,59,0,6,117,12,135,60,6,66,201
05/29/2019,NEW,LA,ASW,CE,Towers with Radar,0,12,57,12,81,0,6,45,3,54,0,18,102,15,135,82,0,82,217
05/30/2019,NEW,LA,ASW,CE,Towers with Radar,0,9,68,0,77,0,6,66,3,75,0,15,134,3,152,56,4,60,212
05/31/2019,NEW,LA,ASW,CE,Towers with Radar,0,5,57,5,67,0,6,66,6,78,0,11,123,11,145,68,0,68,213
06/01/2019,NEW,LA,ASW,CE,Towers with Radar,0,6,45,0,51,0,2,83,8,93,0,8,128,8,144,44,64,108,252
06/02/2019,NEW,LA,ASW,CE,Towers with Radar,0,9,95,10,114,0,1,85,4,90,0,10,180,14,204,18,0,18,222
06/03/2019,NEW,LA,ASW,CE,Towers with Radar,0,10,38,5,53,0,3,38,7,48,0,13,76,12,101,120,0,120,221
06/04/2019,NEW,LA,ASW,CE,Towers with Radar,0,5,60,5,70,0,2,61,6,69,0,7,121,11,139,42,0,42,181
06/05/2019,NEW,LA,ASW,CE,Towers with Radar,0,9,46,0,55,0,0,13,2,15,0,9,59,2,70,48,0,48,118
06/06/2019,NEW,LA,ASW,CE,Towers with Radar,0,2,36,0,38,0,5,13,2,20,0,7,49,2,58,10,0,10,68
06/07/2019,NEW,LA,ASW,CE,Towers with Radar,0,5,49,20,74,0,0,43,18,61,0,5,92,38,135,56,0,56,191
06/08/2019,NEW,LA,ASW,CE,Towers with Radar,0,10,31,7,48,0,3,78,5,86,0,13,109,12,134,78,24,102,236
06/09/2019,NEW,LA,ASW,CE,Towers with Radar,0,4,40,23,67,0,6,79,15,100,0,10,119,38,167,90,0,90,257
06/10/2019,NEW,LA,ASW,CE,Towers with Radar,0,3,53,8,64,0,4,58,6,68,0,7,111,14,132,106,0,106,238
06/11/2019,NEW,LA,ASW,CE,Towers with Radar,0,8,51,11,70,0,2,81,5,88,0,10,132,16,158,96,14,110,268
06/12/2019,NEW,LA,ASW,CE,Towers with Radar,0,9,60,1,70,0,2,55,4,61,0,11,115,5,131,120,0,120,251
06/13/2019,NEW,LA,ASW,CE,Towers with Radar,0,5,53,1,59,0,9,63,6,78,0,14,116,7,137,98,0,98,235
06/14/2019,NEW,LA,ASW,CE,Towers with Radar,0,1,56,7,64,0,2,69,2,73,0,3,125,9,137,54,0,54,191
06/15/2019,NEW,LA,ASW,CE,Towers with Radar,0,4,30,0,34,0,5,66,0,71,0,9,96,0,105,6,0,6,111
06/16/2019,NEW,LA,ASW,CE,Towers with Radar,0,8,59,7,74,0,2,72,0,74,0,10,131,7,148,34,0,34,182
06/17/2019,NEW,LA,ASW,CE,Towers with Radar,0,3,37,2,42,0,0,33,0,33,0,3,70,2,75,48,0,48,123
06/18/2019,NEW,LA,ASW,CE,Towers with Radar,0,8,50,2,60,0,0,32,2,34,0,8,82,4,94,44,0,44,138
06/19/2019,NEW,LA,ASW,CE,Towers with Radar,0,7,42,13,62,0,10,56,5,71,0,17,98,18,133,56,10,66,199
06/20/2019,NEW,LA,ASW,CE,Towers with Radar,0,5,50,1,56,0,7,50,5,62,0,12,100,6,118,14,0,14,132
06/21/2019,NEW,LA,ASW,CE,Towers with Radar,0,9,65,9,83,0,9,78,2,89,0,18,143,11,172,78,2,80,252
06/22/2019,NEW,LA,ASW,CE,Towers with Radar,0,7,46,16,69,0,0,75,6,81,0,7,121,22,150,98,12,110,260
06/23/2019,NEW,LA,ASW,CE,Towers with Radar,0,8,64,10,82,0,2,73,7,82,0,10,137,17,164,66,0,66,230
06/24/2019,NEW,LA,ASW,CE,Towers with Radar,0,7,32,0,39,0,4,23,0,27,0,11,55,0,66,100,0,100,166
06/25/2019,NEW,LA,ASW,CE,Towers with Radar,0,3,58,0,61,0,7,54,5,66,0,10,112,5,127,88,0,88,215
06/26/2019,NEW,LA,ASW,CE,Towers with Radar,0,7,44,10,61,0,1,46,6,53,0,8,90,16,114,88,10,98,212
06/27/2019,NEW,LA,ASW,CE,Towers with Radar,0,6,35,0,41,0,3,60,2,65,0,9,95,2,106,98,0,98,204
06/28/2019,NEW,LA,ASW,CE,Towers with Radar,0,6,45,2,53,0,0,42,3,45,0,6,87,5,98,92,0,92,190
06/29/2019,NEW,LA,ASW,CE,Towers with Radar,0,7,23,4,34,0,1,74,1,76,0,8,97,5,110,82,0,82,192
06/30/2019,NEW,LA,ASW,CE,Towers with Radar,0,7,50,3,60,0,2,66,2,70,0,9,116,5,130,120,0,120,250
07/01/2019,NEW,LA,ASW,CE,Towers with Radar,0,6,30,9,45,0,4,50,1,55,0,10,80,10,100,68,2,70,170
07/02/2019,NEW,LA,ASW,CE,Towers with Radar,0,6,23,0,29,0,1,36,9,46,0,7,59,9,75,44,2,46,121
07/03/2019,NEW,LA,ASW,CE,Towers with Radar,0,5,31,10,46,0,2,34,2,38,0,7,65,12,84,102,0,102,186
07/04/2019,NEW,LA,ASW,CE,Towers with Radar,0,2,24,0,26,0,2,25,1,28,0,4,49,1,54,22,0,22,76
07/05/2019,NEW,LA,ASW,CE,Towers with Radar,0,0,38,0,38,0,3,76,0,79,0,3,114,0,117,120,0,120,237
07/06/2019,NEW,LA,ASW,CE,Towers with Radar,0,3,31,14,48,0,7,73,0,80,0,10,104,14,128,40,0,40,168
07/07/2019,NEW,LA,ASW,CE,Towers with Radar,0,11,41,1,53,0,3,51,0,54,0,14,92,1,107,80,0,80,187
07/08/2019,NEW,LA,ASW,CE,Towers with Radar,0,7,31,0,38,0,3,39,1,43,0,10,70,1,81,70,0,70,151
07/09/2019,NEW,LA,ASW,CE,Towers with Radar,0,3,34,0,37,0,6,25,0,31,0,9,59,0,68,44,0,44,112
07/10/2019,NEW,LA,ASW,CE,Towers with Radar,0,5,41,2,48,0,2,13,2,17,0,7,54,4,65,0,0,0,65
07/11/2019,NEW,LA,ASW,CE,Towers with Radar,0,7,14,2,23,0,0,15,5,20,0,7,29,7,43,10,0,10,53
07/12/2019,NEW,LA,ASW,CE,Towers with Radar,0,0,16,0,16,0,0,4,0,4,0,0,20,0,20,0,0,0,20
07/13/2019,NEW,LA,ASW,CE,Towers with Radar,0,0,0,0,0,0,0,0,0,0,0,0,0,0,0,0,0,0,0
07/14/2019,NEW,LA,ASW,CE,Towers with Radar,0,0,9,0,9,0,0,0,1,1,0,0,9,1,10,2,0,2,12
07/15/2019,NEW,LA,ASW,CE,Towers with Radar,0,6,44,2,52,0,3,17,4,24,0,9,61,6,76,78,2,80,156
07/16/2019,NEW,LA,ASW,CE,Towers with Radar,0,4,50,2,56,0,4,57,2,63,0,8,107,4,119,40,6,46,165
07/17/2019,NEW,LA,ASW,CE,Towers with Radar,0,12,40,2,54,0,8,53,3,64,0,20,93,5,118,48,0,48,166
07/18/2019,NEW,LA,ASW,CE,Towers with Radar,0,6,38,10,54,0,2,42,6,50,0,8,80,16,104,58,14,72,176
07/19/2019,NEW,LA,ASW,CE,Towers with Radar,0,2,47,8,57,0,4,56,8,68,0,6,103,16,125,42,6,48,173
07/20/2019,NEW,LA,ASW,CE,Towers with Radar,0,4,28,5,37,0,0,38,3,41,0,4,66,8,78,52,0,52,130
07/21/2019,NEW,LA,ASW,CE,Towers with Radar,0,8,45,2,55,0,1,35,6,42,0,9,80,8,97,56,6,62,159
07/22/2019,NEW,LA,ASW,CE,Towers with Radar,0,5,50,2,57,0,1,29,0,30,0,6,79,2,87,48,0,48,135
07/23/2019,NEW,LA,ASW,CE,Towers with Radar,0,4,23,1,28,0,0,8,2,10,0,4,31,3,38,28,0,28,66
07/24/2019,NEW,LA,ASW,CE,Towers with Radar,0,10,48,0,58,0,6,40,7,53,0,16,88,7,111,42,6,48,159
07/25/2019,NEW,LA,ASW,CE,Towers with Radar,0,5,44,4,53,0,1,68,1,70,0,6,112,5,123,92,0,92,215
07/26/2019,NEW,LA,ASW,CE,Towers with Radar,0,5,49,4,58,0,11,56,5,72,0,16,105,9,130,48,0,48,178
07/27/2019,NEW,LA,ASW,CE,Towers with Radar,0,5,21,0,26,0,0,35,0,35,0,5,56,0,61,24,0,24,85
07/28/2019,NEW,LA,ASW,CE,Towers with Radar,0,6,42,2,50,0,1,51,0,52,0,7,93,2,102,58,0,58,160
07/29/2019,NEW,LA,ASW,CE,Towers with Radar,0,2,18,0,20,0,0,51,1,52,0,2,69,1,72,95,0,95,167
07/30/2019,NEW,LA,ASW,CE,Towers with Radar,0,2,21,0,23,0,2,20,1,23,0,4,41,1,46,4,0,4,50
07/31/2019,NEW,LA,ASW,CE,Towers with Radar,0,1,28,0,29,0,6,38,0,44,0,7,66,0,73,49,0,49,122
08/01/2019,NEW,LA,ASW,CE,Towers with Radar,0,4,27,0,31,0,3,49,4,56,0,7,76,4,87,80,0,80,167
08/02/2019,NEW,LA,ASW,CE,Towers with Radar,0,4,33,2,39,0,2,84,0,86,0,6,117,2,125,48,0,48,173
08/03/2019,NEW,LA,ASW,CE,Towers with Radar,0,2,22,0,24,0,2,57,1,60,0,4,79,1,84,64,0,64,148
08/04/2019,NEW,LA,ASW,CE,Towers with Radar,0,0,30,0,30,0,3,56,0,59,0,3,86,0,89,10,0,10,99
08/05/2019,NEW,LA,ASW,CE,Towers with Radar,0,0,21,0,21,0,0,35,0,35,0,0,56,0,56,80,0,80,136
08/06/2019,NEW,LA,ASW,CE,Towers with Radar,0,1,21,0,22,0,1,45,2,48,0,2,66,2,70,46,0,46,116
08/07/2019,NEW,LA,ASW,CE,Towers with Radar,0,0,33,0,33,0,3,28,1,32,0,3,61,1,65,78,0,78,143
08/08/2019,NEW,LA,ASW,CE,Towers with Radar,0,2,32,0,34,0,3,40,0,43,0,5,72,0,77,86,2,88,165
08/09/2019,NEW,LA,ASW,CE,Towers with Radar,0,2,30,0,32,0,3,67,4,74,0,5,97,4,106,64,0,64,170
08/10/2019,NEW,LA,ASW,CE,Towers with Radar,0,0,29,0,29,0,1,63,1,65,0,1,92,1,94,66,0,66,160
08/11/2019,NEW,LA,ASW,CE,Towers with Radar,0,2,46,0,48,0,1,68,1,70,0,3,114,1,118,82,0,82,200
08/12/2019,NEW,LA,ASW,CE,Towers with Radar,0,1,19,0,20,0,2,45,0,47,0,3,64,0,67,26,0,26,93
08/13/2019,NEW,LA,ASW,CE,Towers with Radar,0,3,11,0,14,0,4,23,2,29,0,7,34,2,43,12,0,12,55
08/14/2019,NEW,LA,ASW,CE,Towers with Radar,0,1,15,0,16,0,2,29,2,33,0,3,44,2,49,46,2,48,97
08/15/2019,NEW,LA,ASW,CE,Towers with Radar,0,1,23,0,24,0,4,41,2,47,0,5,64,2,71,42,4,46,117
08/16/2019,NEW,LA,ASW,CE,Towers with Radar,0,1,27,2,30,0,6,55,3,64,0,7,82,5,94,22,0,22,116
08/17/2019,NEW,LA,ASW,CE,Towers with Radar,0,1,17,0,18,0,2,63,1,66,0,3,80,1,84,62,0,62,146
08/18/2019,NEW,LA,ASW,CE,Towers with Radar,0,1,28,0,29,0,1,37,0,38,0,2,65,0,67,22,0,22,89
08/19/2019,NEW,LA,ASW,CE,Towers with Radar,0,2,16,0,18,0,1,11,2,14,0,3,27,2,32,8,0,8,40
08/20/2019,NEW,LA,ASW,CE,Towers with Radar,0,1,33,0,34,0,0,15,3,18,0,1,48,3,52,22,0,22,74
08/21/2019,NEW,LA,ASW,CE,Towers with Radar,0,2,23,0,25,0,0,20,4,24,0,2,43,4,49,4,0,4,53
08/22/2019,NEW,LA,ASW,CE,Towers with Radar,0,3,27,0,30,0,3,61,1,65,0,6,88,1,95,26,0,26,121
08/23/2019,NEW,LA,ASW,CE,Towers with Radar,0,1,30,0,31,0,0,47,0,47,0,1,77,0,78,62,0,62,140
08/24/2019,NEW,LA,ASW,CE,Towers with Radar,0,3,17,0,20,0,1,46,0,47,0,4,63,0,67,8,0,8,75
08/25/2019,NEW,LA,ASW,CE,Towers with Radar,0,1,23,0,24,0,0,24,0,24,0,1,47,0,48,40,0,40,88
08/26/2019,NEW,LA,ASW,CE,Towers with Radar,0,1,16,3,20,0,0,20,2,22,0,1,36,5,42,12,10,22,64
08/27/2019,NEW,LA,ASW,CE,Towers with Radar,0,5,14,1,20,0,2,49,2,53,0,7,63,3,73,46,0,46,119
08/28/2019,NEW,LA,ASW,CE,Towers with Radar,0,1,20,2,23,0,2,43,3,48,0,3,63,5,71,48,12,60,131
08/29/2019,NEW,LA,ASW,CE,Towers with Radar,0,2,39,0,41,0,5,63,1,69,0,7,102,1,110,62,0,62,172
08/30/2019,NEW,LA,ASW,CE,Towers with Radar,0,4,42,0,46,0,1,64,0,65,0,5,106,0,111,28,0,28,139
08/31/2019,NEW,LA,ASW,CE,Towers with Radar,0,0,37,0,37,0,6,101,1,108,0,6,138,1,145,48,0,48,193
09/01/2019,NEW,LA,ASW,CE,Towers with Radar,0,1,18,0,19,0,0,71,0,71,0,1,89,0,90,82,0,82,172
09/02/2019,NEW,LA,ASW,CE,Towers with Radar,0,2,34,0,36,0,1,45,0,46,0,3,79,0,82,36,0,36,118
09/03/2019,NEW,LA,ASW,CE,Towers with Radar,0,3,18,0,21,0,5,42,2,49,0,8,60,2,70,56,0,56,126
09/04/2019,NEW,LA,ASW,CE,Towers with Radar,0,1,20,0,21,0,4,40,1,45,0,5,60,1,66,56,0,56,122
09/05/2019,NEW,LA,ASW,CE,Towers with Radar,0,1,28,0,29,0,2,45,4,51,0,3,73,4,80,36,0,36,116
09/06/2019,NEW,LA,ASW,CE,Towers with Radar,0,0,25,2,27,0,2,62,4,68,0,2,87,6,95,68,0,68,163
09/07/2019,NEW,LA,ASW,CE,Towers with Radar,0,1,21,0,22,0,10,63,4,77,0,11,84,4,99,38,0,38,137
09/08/2019,NEW,LA,ASW,CE,Towers with Radar,0,2,25,1,28,0,2,57,3,62,0,4,82,4,90,48,0,48,138
09/09/2019,NEW,LA,ASW,CE,Towers with Radar,0,3,25,2,30,0,2,47,2,51,0,5,72,4,81,2,0,2,83
09/10/2019,NEW,LA,ASW,CE,Towers with Radar,0,5,30,3,38,0,4,43,6,53,0,9,73,9,91,34,0,34,125
09/11/2019,NEW,LA,ASW,CE,Towers with Radar,0,0,26,0,26,0,2,40,2,44,0,2,66,2,70,38,0,38,108
09/12/2019,NEW,LA,ASW,CE,Towers with Radar,0,2,31,2,35,0,1,45,2,48,0,3,76,4,83,26,0,26,109
09/13/2019,NEW,LA,ASW,CE,Towers with Radar,0,2,35,0,37,0,5,51,3,59,0,7,86,3,96,52,0,52,148
09/14/2019,NEW,LA,ASW,CE,Towers with Radar,0,2,21,2,25,0,1,80,0,81,0,3,101,2,106,26,0,26,132
09/15/2019,NEW,LA,ASW,CE,Towers with Radar,0,2,25,2,29,0,3,69,2,74,0,5,94,4,103,34,0,34,137
09/16/2019,NEW,LA,ASW,CE,Towers with Radar,0,0,22,0,22,0,2,35,2,39,0,2,57,2,61,16,0,16,77
09/17/2019,NEW,LA,ASW,CE,Towers with Radar,0,3,24,2,29,0,4,32,2,38,0,7,56,4,67,40,0,40,107
09/18/2019,NEW,LA,ASW,CE,Towers with Radar,0,5,26,2,33,0,4,50,5,59,0,9,76,7,92,50,0,50,142
09/19/2019,NEW,LA,ASW,CE,Towers with Radar,0,0,36,0,36,0,1,29,0,30,0,1,65,0,66,96,0,96,162
09/20/2019,NEW,LA,ASW,CE,Towers with Radar,0,2,26,0,28,0,3,39,2,44,0,5,65,2,72,18,0,18,90
09/21/2019,NEW,LA,ASW,CE,Towers with Radar,0,1,22,0,23,0,0,16,0,16,0,1,38,0,39,40,0,40,79
09/22/2019,NEW,LA,ASW,CE,Towers with Radar,0,2,36,0,38,0,15,77,1,93,0,17,113,1,131,28,0,28,159
09/23/2019,NEW,LA,ASW,CE,Towers with Radar,0,0,16,0,16,0,2,35,4,41,0,2,51,4,57,44,0,44,101
09/24/2019,NEW,LA,ASW,CE,Towers with Radar,0,2,24,0,26,0,0,29,0,29,0,2,53,0,55,44,0,44,99
09/25/2019,NEW,LA,ASW,CE,Towers with Radar,0,3,25,1,29,0,2,54,2,58,0,5,79,3,87,52,0,52,139
09/26/2019,NEW,LA,ASW,CE,Towers with Radar,0,1,27,1,29,0,3,54,8,65,0,4,81,9,94,66,0,66,160
09/27/2019,NEW,LA,ASW,CE,Towers with Radar,0,4,34,0,38,0,8,78,3,89,0,12,112,3,127,22,0,22,149
09/28/2019,NEW,LA,ASW,CE,Towers with Radar,0,0,44,0,44,0,7,103,3,113,0,7,147,3,157,48,0,48,205
09/29/2019,NEW,LA,ASW,CE,Towers with Radar,0,4,45,2,51,0,8,65,3,76,0,12,110,5,127,14,0,14,141
09/30/2019,NEW,LA,ASW,CE,Towers with Radar,0,7,39,0,46,0,9,57,1,67,0,16,96,1,113,10,0,10,123
10/01/2019,NEW,LA,ASW,CE,Towers with Radar,0,2,26,0,28,0,6,39,0,45,0,8,65,0,73,14,0,14,87
10/02/2019,NEW,LA,ASW,CE,Towers with Radar,0,3,24,0,27,0,5,36,3,44,0,8,60,3,71,66,0,66,137
10/03/2019,NEW,LA,ASW,CE,Towers with Radar,0,4,33,1,38,0,7,51,1,59,0,11,84,2,97,48,0,48,145
10/04/2019,NEW,LA,ASW,CE,Towers with Radar,0,2,32,0,34,0,11,82,3,96,0,13,114,3,130,36,0,36,166
10/05/2019,NEW,LA,ASW,CE,Towers with Radar,0,3,28,0,31,0,3,87,0,90,0,6,115,0,121,38,0,38,159
10/06/2019,NEW,LA,ASW,CE,Towers with Radar,0,5,41,0,46,0,4,61,0,65,0,9,102,0,111,44,0,44,155
10/07/2019,NEW,LA,ASW,CE,Towers with Radar,0,0,27,2,29,0,0,39,1,40,0,0,66,3,69,20,8,28,97
10/08/2019,NEW,LA,ASW,CE,Towers with Radar,0,1,23,0,24,0,1,51,0,52,0,2,74,0,76,42,0,42,118
10/09/2019,NEW,LA,ASW,CE,Towers with Radar,0,2,29,0,31,0,2,56,1,59,0,4,85,1,90,86,0,86,176
10/10/2019,NEW,LA,ASW,CE,Towers with Radar,0,3,42,0,45,0,1,29,6,36,0,4,71,6,81,26,4,30,111
10/11/2019,NEW,LA,ASW,CE,Towers with Radar,0,2,48,0,50,0,2,34,1,37,0,4,82,1,87,36,0,36,123
10/12/2019,NEW,LA,ASW,CE,Towers with Radar,0,1,30,0,31,0,9,56,2,67,0,10,86,2,98,52,0,52,150
10/13/2019,NEW,LA,ASW,CE,Towers with Radar,0,1,55,0,56,0,2,64,0,66,0,3,119,0,122,42,0,42,164
10/14/2019,NEW,LA,ASW,CE,Towers with Radar,0,3,33,0,36,0,3,38,0,41,0,6,71,0,77,60,0,60,137
10/15/2019,NEW,LA,ASW,CE,Towers with Radar,0,1,26,0,27,0,4,23,0,27,0,5,49,0,54,52,0,52,106
10/16/2019,NEW,LA,ASW,CE,Towers with Radar,0,2,49,0,51,0,1,25,0,26,0,3,74,0,77,38,0,38,115
10/17/2019,NEW,LA,ASW,CE,Towers with Radar,0,3,99,2,104,0,2,108,1,111,0,5,207,3,215,10,0,10,225
10/18/2019,NEW,LA,ASW,CE,Towers with Radar,0,1,31,0,32,0,5,39,1,45,0,6,70,1,77,26,0,26,103
10/19/2019,NEW,LA,ASW,CE,Towers with Radar,0,6,42,0,48,0,3,79,3,85,0,9,121,3,133,72,0,72,205
10/20/2019,NEW,LA,ASW,CE,Towers with Radar,0,0,117,0,117,0,2,96,4,102,0,2,213,4,219,8,0,8,227
10/21/2019,NEW,LA,ASW,CE,Towers with Radar,0,0,11,0,11,0,0,5,0,5,0,0,16,0,16,38,0,38,54
10/22/2019,NEW,LA,ASW,CE,Towers with Radar,0,2,30,1,33,0,4,54,6,64,0,6,84,7,97,74,6,80,177
10/23/2019,NEW,LA,ASW,CE,Towers with Radar,0,1,31,2,34,0,2,62,1,65,0,3,93,3,99,86,4,90,189
10/24/2019,NEW,LA,ASW,CE,Towers with Radar,0,3,37,0,40,0,8,56,1,65,0,11,93,1,105,42,0,42,147
10/25/2019,NEW,LA,ASW,CE,Towers with Radar,0,0,5,0,5,0,0,0,0,0,0,0,5,0,5,0,0,0,5
10/26/2019,NEW,LA,ASW,CE,Towers with Radar,6,4,32,0,42,0,9,19,0,28,6,13,51,0,70,52,0,52,122
10/27/2019,NEW,LA,ASW,CE,Towers with Radar,0,3,36,0,39,0,2,55,0,57,0,5,91,0,96,50,0,50,146
10/28/2019,NEW,LA,ASW,CE,Towers with Radar,0,3,27,0,30,0,7,37,2,46,0,10,64,2,76,72,2,74,150
10/29/2019,NEW,LA,ASW,CE,Towers with Radar,0,2,26,0,28,0,0,2,2,4,0,2,28,2,32,0,0,0,32
10/30/2019,NEW,LA,ASW,CE,Towers with Radar,0,5,19,0,24,0,2,10,0,12,0,7,29,0,36,14,0,14,50
10/31/2019,NEW,LA,ASW,CE,Towers with Radar,0,3,24,0,27,0,5,11,2,18,0,8,35,2,45,0,0,0,45
11/01/2019,NEW,LA,ASW,CE,Towers with Radar,0,5,38,0,43,0,5,57,9,71,0,10,95,9,114,92,6,98,212
11/02/2019,NEW,LA,ASW,CE,Towers with Radar,0,1,25,0,26,0,1,100,3,104,0,2,125,3,130,20,0,20,150
11/03/2019,NEW,LA,ASW,CE,Towers with Radar,0,5,53,0,58,0,1,69,2,72,0,6,122,2,130,22,0,22,152
11/04/2019,NEW,LA,ASW,CE,Towers with Radar,0,2,31,0,33,0,8,66,0,74,0,10,97,0,107,118,0,118,225
11/05/2019,NEW,LA,ASW,CE,Towers with Radar,0,6,34,1,41,0,1,52,0,53,0,7,86,1,94,40,0,40,134
11/06/2019,NEW,LA,ASW,CE,Towers with Radar,0,9,43,0,52,0,2,43,0,45,0,11,86,0,97,114,0,114,211
11/07/2019,NEW,LA,ASW,CE,Towers with Radar,0,3,31,0,34,0,1,12,0,13,0,4,43,0,47,6,0,6,53
11/08/2019,NEW,LA,ASW,CE,Towers with Radar,0,4,53,4,61,0,0,30,1,31,0,4,83,5,92,36,2,38,130
11/09/2019,NEW,LA,ASW,CE,Towers with Radar,0,1,44,0,45,0,7,70,2,79,0,8,114,2,124,74,0,74,198
11/10/2019,NEW,LA,ASW,CE,Towers with Radar,0,12,62,0,74,0,1,93,3,97,0,13,155,3,171,44,0,44,215
11/11/2019,NEW,LA,ASW,CE,Towers with Radar,0,1,31,0,32,0,1,41,0,42,0,2,72,0,74,68,0,68,142
11/12/2019,NEW,LA,ASW,CE,Towers with Radar,0,6,13,0,19,0,4,8,1,13,0,10,21,1,32,0,0,0,32
11/13/2019,NEW,LA,ASW,CE,Towers with Radar,0,1,24,0,25,0,2,55,2,59,0,3,79,2,84,54,0,54,138
11/14/2019,NEW,LA,ASW,CE,Towers with Radar,0,1,32,0,33,0,3,30,0,33,0,4,62,0,66,18,0,18,84
11/15/2019,NEW,LA,ASW,CE,Towers with Radar,0,5,36,0,41,0,6,68,3,77,0,11,104,3,118,74,0,74,192
11/16/2019,NEW,LA,ASW,CE,Towers with Radar,0,5,17,0,22,0,2,86,3,91,0,7,103,3,113,60,0,60,173
11/17/2019,NEW,LA,ASW,CE,Towers with Radar,0,10,43,1,54,0,6,80,5,91,0,16,123,6,145,54,0,54,199
11/18/2019,NEW,LA,ASW,CE,Towers with Radar,0,2,19,0,21,0,4,64,1,69,0,6,83,1,90,110,0,110,200
11/19/2019,NEW,LA,ASW,CE,Towers with Radar,1,0,31,2,34,0,13,34,2,49,1,13,65,4,83,24,0,24,107
11/20/2019,NEW,LA,ASW,CE,Towers with Radar,0,2,28,0,30,0,3,53,0,56,0,5,81,0,86,92,0,92,178
11/21/2019,NEW,LA,ASW,CE,Towers with Radar,0,5,32,1,38,0,3,42,5,50,0,8,74,6,88,32,8,40,128
11/22/2019,NEW,LA,ASW,CE,Towers with Radar,0,4,31,1,36,0,4,40,1,45,0,8,71,2,81,80,0,80,161
11/23/2019,NEW,LA,ASW,CE,Towers with Radar,0,0,27,0,27,0,3,49,0,52,0,3,76,0,79,40,0,40,119
11/24/2019,NEW,LA,ASW,CE,Towers with Radar,0,5,37,1,43,0,5,74,2,81,0,10,111,3,124,100,0,100,224
11/25/2019,NEW,LA,ASW,CE,Towers with Radar,7,3,38,0,48,0,2,65,1,68,7,5,103,1,116,76,0,76,192
11/26/2019,NEW,LA,ASW,CE,Towers with Radar,0,4,25,0,29,0,2,24,0,26,0,6,49,0,55,56,0,56,111
11/27/2019,NEW,LA,ASW,CE,Towers with Radar,1,4,37,0,42,0,2,39,4,45,1,6,76,4,87,86,0,86,173
11/28/2019,NEW,LA,ASW,CE,Towers with Radar,0,0,12,0,12,0,8,27,1,36,0,8,39,1,48,14,0,14,62
11/29/2019,NEW,LA,ASW,CE,Towers with Radar,0,3,30,0,33,0,5,76,1,82,0,8,106,1,115,64,0,64,179
11/30/2019,NEW,LA,ASW,CE,Towers with Radar,0,8,21,0,29,0,6,29,0,35,0,14,50,0,64,38,0,38,102
12/01/2019,NEW,LA,ASW,CE,Towers with Radar,0,4,44,0,48,0,7,48,1,56,0,11,92,1,104,12,0,12,116
12/02/2019,NEW,LA,ASW,CE,Towers with Radar,0,4,27,0,31,0,4,33,1,38,0,8,60,1,69,66,4,70,139
12/03/2019,NEW,LA,ASW,CE,Towers with Radar,0,1,40,0,41,0,0,50,7,57,0,1,90,7,98,108,0,108,206
12/04/2019,NEW,LA,ASW,CE,Towers with Radar,0,4,52,4,60,0,4,41,0,45,0,8,93,4,105,134,0,134,239
12/05/2019,NEW,LA,ASW,CE,Towers with Radar,0,6,67,2,75,0,7,51,2,60,0,13,118,4,135,54,0,54,189
12/06/2019,NEW,LA,ASW,CE,Towers with Radar,0,9,48,8,65,0,5,44,4,53,0,14,92,12,118,64,0,64,182
12/07/2019,NEW,LA,ASW,CE,Towers with Radar,0,6,48,11,65,0,11,27,0,38,0,17,75,11,103,50,0,50,153
12/08/2019,NEW,LA,ASW,CE,Towers with Radar,0,14,91,5,110,0,0,50,5,55,0,14,141,10,165,62,10,72,237
12/09/2019,NEW,LA,ASW,CE,Towers with Radar,0,2,66,3,71,0,2,29,0,31,0,4,95,3,102,94,0,94,196
12/10/2019,NEW,LA,ASW,CE,Towers with Radar,0,8,24,6,38,0,0,1,0,1,0,8,25,6,39,0,2,2,41
12/11/2019,NEW,LA,ASW,CE,Towers with Radar,0,5,36,11,52,0,7,31,2,40,0,12,67,13,92,70,0,70,162
12/12/2019,NEW,LA,ASW,CE,Towers with Radar,0,10,60,1,71,0,2,13,1,16,0,12,73,2,87,78,0,78,165
12/13/2019,NEW,LA,ASW,CE,Towers with Radar,0,1,31,1,33,0,0,0,0,0,0,1,31,1,33,0,0,0,33
12/14/2019,NEW,LA,ASW,CE,Towers with Radar,0,5,42,6,53,0,6,53,5,64,0,11,95,11,117,56,30,86,203
12/15/2019,NEW,LA,ASW,CE,Towers with Radar,0,7,56,2,65,0,12,67,11,90,0,19,123,13,155,66,18,84,239
12/16/2019,NEW,LA,ASW,CE,Towers with Radar,0,3,31,2,36,0,4,16,0,20,0,7,47,2,56,28,0,28,84
12/17/2019,NEW,LA,ASW,CE,Towers with Radar,0,13,74,1,88,0,3,7,7,17,0,16,81,8,105,0,8,8,113
12/18/2019,NEW,LA,ASW,CE,Towers with Radar,0,14,39,2,55,0,2,71,5,78,0,16,110,7,133,126,0,126,259
12/19/2019,NEW,LA,ASW,CE,Towers with Radar,0,9,52,5,66,0,7,61,1,69,0,16,113,6,135,60,8,68,203
12/20/2019,NEW,LA,ASW,CE,Towers with Radar,0,4,39,0,43,0,2,65,1,68,0,6,104,1,111,114,0,114,225
12/21/2019,NEW,LA,ASW,CE,Towers with Radar,0,1,34,0,35,0,0,0,0,0,0,1,34,0,35,0,0,0,35
12/22/2019,NEW,LA,ASW,CE,Towers with Radar,0,9,46,3,58,0,0,2,0,2,0,9,48,3,60,0,0,0,60
12/23/2019,NEW,LA,ASW,CE,Towers with Radar,0,3,40,4,47,0,4,34,0,38,0,7,74,4,85,168,0,168,253
12/24/2019,NEW,LA,ASW,CE,Towers with Radar,0,4,18,0,22,0,0,34,0,34,0,4,52,0,56,62,0,62,118
12/25/2019,NEW,LA,ASW,CE,Towers with Radar,0,9,18,0,27,0,2,8,0,10,0,11,26,0,37,20,0,20,57
12/26/2019,NEW,LA,ASW,CE,Towers with Radar,0,4,61,0,65,0,3,20,0,23,0,7,81,0,88,14,0,14,102
12/27/2019,NEW,LA,ASW,CE,Towers with Radar,0,4,63,2,69,0,0,15,0,15,0,4,78,2,84,24,0,24,108
12/28/2019,NEW,LA,ASW,CE,Towers with Radar,0,1,48,0,49,0,0,20,0,20,0,1,68,0,69,38,0,38,107
12/29/2019,NEW,LA,ASW,CE,Towers with Radar,0,8,49,0,57,0,0,14,0,14,0,8,63,0,71,20,0,20,91
12/30/2019,NEW,LA,ASW,CE,Towers with Radar,0,14,57,5,76,0,6,125,8,139,0,20,182,13,215,54,8,62,277
12/31/2019,NEW,LA,ASW,CE,Towers with Radar,0,5,61,0,66,0,3,91,0,94,0,8,152,0,160,138,0,138,298
01/01/2020,NEW,LA,ASW,CE,Towers with Radar,0,11,59,0,70,0,3,62,0,65,0,14,121,0,135,10,34,44,179
01/02/2020,NEW,LA,ASW,CE,Towers with Radar,0,17,72,1,90,0,1,0,1,2,0,18,72,2,92,12,0,12,104
01/03/2020,NEW,LA,ASW,CE,Towers with Radar,0,6,42,1,49,0,0,5,0,5,0,6,47,1,54,16,0,16,70
01/04/2020,NEW,LA,ASW,CE,Towers with Radar,0,5,60,9,74,0,9,94,1,104,0,14,154,10,178,120,0,120,298
01/05/2020,NEW,LA,ASW,CE,Towers with Radar,0,7,116,0,123,0,9,93,1,103,0,16,209,1,226,98,30,128,354
01/06/2020,NEW,LA,ASW,CE,Towers with Radar,0,2,53,0,55,0,1,42,2,45,0,3,95,2,100,58,8,66,166
01/07/2020,NEW,LA,ASW,CE,Towers with Radar,0,4,38,3,45,0,3,64,2,69,0,7,102,5,114,92,0,92,206
01/08/2020,NEW,LA,ASW,CE,Towers with Radar,0,5,36,4,45,0,6,56,6,68,0,11,92,10,113,156,18,174,287
01/09/2020,NEW,LA,ASW,CE,Towers with Radar,0,4,58,12,74,0,5,32,0,37,0,9,90,12,111,138,0,138,249
01/10/2020,NEW,LA,ASW,CE,Towers with Radar,0,9,52,3,64,0,2,3,1,6,0,11,55,4,70,2,0,2,72
01/11/2020,NEW,LA,ASW,CE,Towers with Radar,0,15,48,0,63,0,6,16,0,22,0,21,64,0,85,4,0,4,89
01/12/2020,NEW,LA,ASW,CE,Towers with Radar,0,39,155,0,194,0,0,17,1,18,0,39,172,1,212,48,0,48,260
01/13/2020,NEW,LA,ASW,CE,Towers with Radar,0,32,78,0,110,0,0,0,0,0,0,32,78,0,110,0,0,0,110
01/14/2020,NEW,LA,ASW,CE,Towers with Radar,0,82,218,2,302,0,0,19,0,19,0,82,237,2,321,42,0,42,363
01/15/2020,NEW,LA,ASW,CE,Towers with Radar,0,12,69,2,83,0,1,19,0,20,0,13,88,2,103,112,0,112,215
01/16/2020,NEW,LA,ASW,CE,Towers with Radar,0,8,49,0,57,0,1,7,0,8,0,9,56,0,65,74,0,74,139
01/17/2020,NEW,LA,ASW,CE,Towers with Radar,0,16,71,3,90,0,7,47,2,56,0,23,118,5,146,82,0,82,228
01/18/2020,NEW,LA,ASW,CE,Towers with Radar,0,5,45,2,52,0,5,47,0,52,0,10,92,2,104,106,0,106,210
01/19/2020,NEW,LA,ASW,CE,Towers with Radar,0,12,55,2,69,0,9,60,1,70,0,21,115,3,139,60,0,60,199
01/20/2020,NEW,LA,ASW,CE,Towers with Radar,0,7,49,0,56,0,5,65,0,70,0,12,114,0,126,84,0,84,210
01/21/2020,NEW,LA,ASW,CE,Towers with Radar,0,10,46,8,64,0,10,50,2,62,0,20,96,10,126,58,8,66,192
01/22/2020,NEW,LA,ASW,CE,Towers with Radar,0,7,55,2,64,0,0,26,4,30,0,7,81,6,94,112,0,112,206
01/23/2020,NEW,LA,ASW,CE,Towers with Radar,0,3,50,0,53,0,0,5,0,5,0,3,55,0,58,16,0,16,74
01/24/2020,NEW,LA,ASW,CE,Towers with Radar,0,16,74,2,92,0,0,68,4,72,0,16,142,6,164,136,38,174,338
01/25/2020,NEW,LA,ASW,CE,Towers with Radar,0,10,50,0,60,0,1,95,3,99,0,11,145,3,159,126,0,126,285
01/26/2020,NEW,LA,ASW,CE,Towers with Radar,0,10,69,7,86,0,0,5,1,6,0,10,74,8,92,42,0,42,134
01/27/2020,NEW,LA,ASW,CE,Towers with Radar,0,4,66,4,74,0,4,6,0,10,0,8,72,4,84,4,0,4,88
01/28/2020,NEW,LA,ASW,CE,Towers with Radar,0,7,58,0,65,0,10,56,2,68,0,17,114,2,133,144,0,144,277
01/29/2020,NEW,LA,ASW,CE,Towers with Radar,0,9,47,8,64,0,0,10,0,10,0,9,57,8,74,140,6,146,220
01/30/2020,NEW,LA,ASW,CE,Towers with Radar,0,5,60,8,73,0,5,38,1,44,0,10,98,9,117,176,14,190,307
01/31/2020,NEW,LA,ASW,CE,Towers with Radar,0,6,65,12,83,0,7,26,1,34,0,13,91,13,117,66,0,66,183
02/01/2020,NEW,LA,ASW,CE,Towers with Radar,0,4,32,5,41,0,3,69,6,78,0,7,101,11,119,60,4,64,183
02/02/2020,NEW,LA,ASW,CE,Towers with Radar,0,4,65,7,76,0,2,91,6,99,0,6,156,13,175,92,0,92,267
02/03/2020,NEW,LA,ASW,CE,Towers with Radar,0,10,50,0,60,0,4,51,8,63,0,14,101,8,123,76,0,76,199
02/04/2020,NEW,LA,ASW,CE,Towers with Radar,0,13,43,8,64,0,0,11,0,11,0,13,54,8,75,84,8,92,167
02/05/2020,NEW,LA,ASW,CE,Towers with Radar,0,1,31,0,32,0,0,0,0,0,0,1,31,0,32,0,0,0,32
02/06/2020,NEW,LA,ASW,CE,Towers with Radar,0,10,38,0,48,0,0,10,0,10,0,10,48,0,58,0,0,0,58
02/07/2020,NEW,LA,ASW,CE,Towers with Radar,0,11,76,15,102,0,1,86,13,100,0,12,162,28,202,94,0,94,296
02/08/2020,NEW,LA,ASW,CE,Towers with Radar,0,9,63,1,73,0,0,77,8,85,0,9,140,9,158,74,2,76,234
02/09/2020,NEW,LA,ASW,CE,Towers with Radar,0,9,75,10,94,0,1,54,13,68,0,10,129,23,162,40,0,40,202
02/10/2020,NEW,LA,ASW,CE,Towers with Radar,0,14,44,2,60,0,0,7,0,7,0,14,51,2,67,2,0,2,69
02/11/2020,NEW,LA,ASW,CE,Towers with Radar,0,12,50,3,65,0,1,9,4,14,0,13,59,7,79,68,32,100,179
02/12/2020,NEW,LA,ASW,CE,Towers with Radar,0,14,52,12,78,0,3,1,2,6,0,17,53,14,84,0,2,2,86
02/13/2020,NEW,LA,ASW,CE,Towers with Radar,0,6,52,5,63,0,5,27,0,32,0,11,79,5,95,62,0,62,157
02/14/2020,NEW,LA,ASW,CE,Towers with Radar,0,10,95,2,107,0,8,131,8,147,0,18,226,10,254,88,10,98,352
02/15/2020,NEW,LA,ASW,CE,Towers with Radar,0,6,64,5,75,0,3,109,7,119,0,9,173,12,194,114,0,114,308
02/16/2020,NEW,LA,ASW,CE,Towers with Radar,0,18,77,3,98,0,0,0,0,0,0,18,77,3,98,0,0,0,98
02/17/2020,NEW,LA,ASW,CE,Towers with Radar,0,8,48,1,57,0,0,1,0,1,0,8,49,1,58,0,0,0,58
02/18/2020,NEW,LA,ASW,CE,Towers with Radar,0,3,31,0,34,0,0,7,3,10,0,3,38,3,44,60,0,60,104
02/19/2020,NEW,LA,ASW,CE,Towers with Radar,0,12,47,0,59,0,3,29,6,38,0,15,76,6,97,100,0,100,197
02/20/2020,NEW,LA,ASW,CE,Towers with Radar,0,27,64,1,92,0,0,1,0,1,0,27,65,1,93,0,0,0,93
02/21/2020,NEW,LA,ASW,CE,Towers with Radar,0,19,120,5,144,0,11,101,7,119,0,30,221,12,263,92,0,92,355
02/22/2020,NEW,LA,ASW,CE,Towers with Radar,0,4,49,5,58,0,10,82,8,100,0,14,131,13,158,184,0,184,342
02/23/2020,NEW,LA,ASW,CE,Towers with Radar,0,24,84,0,108,0,9,71,5,85,0,33,155,5,193,108,0,108,301
02/24/2020,NEW,LA,ASW,CE,Towers with Radar,0,11,56,1,68,0,5,32,4,41,0,16,88,5,109,62,0,62,171
02/25/2020,NEW,LA,ASW,CE,Towers with Radar,0,7,36,11,54,0,13,55,6,74,0,20,91,17,128,100,14,114,242
02/26/2020,NEW,LA,ASW,CE,Towers with Radar,0,11,54,0,65,0,1,37,4,42,0,12,91,4,107,6,0,6,113
02/27/2020,NEW,LA,ASW,CE,Towers with Radar,0,12,54,7,73,0,7,60,9,76,0,19,114,16,149,130,0,130,279
02/28/2020,NEW,LA,ASW,CE,Towers with Radar,0,8,36,4,48,0,4,73,4,81,0,12,109,8,129,100,10,110,239
02/29/2020,NEW,LA,ASW,CE,Towers with Radar,0,6,41,1,48,0,1,99,3,103,0,7,140,4,151,182,0,182,333
03/01/2020,NEW,LA,ASW,CE,Towers with Radar,0,16,66,4,86,0,6,63,1,70,0,22,129,5,156,134,0,134,290
03/02/2020,NEW,LA,ASW,CE,Towers with Radar,0,3,49,3,55,0,3,41,6,50,0,6,90,9,105,94,0,94,199
03/03/2020,NEW,LA,ASW,CE,Towers with Radar,0,6,34,0,40,0,2,19,3,24,0,8,53,3,64,62,10,72,136
03/04/2020,NEW,LA,ASW,CE,Towers with Radar,0,9,28,2,39,0,0,2,1,3,0,9,30,3,42,8,2,10,52
03/05/2020,NEW,LA,ASW,CE,Towers with Radar,0,7,68,10,85,0,3,30,3,36,0,10,98,13,121,76,0,76,197
03/06/2020,NEW,LA,ASW,CE,Towers with Radar,0,12,82,8,102,0,5,69,4,78,0,17,151,12,180,142,0,142,322
03/07/2020,NEW,LA,ASW,CE,Towers with Radar,0,6,51,6,63,0,15,81,6,102,0,21,132,12,165,138,8,146,311
03/08/2020,NEW,LA,ASW,CE,Towers with Radar,0,12,66,5,83,0,10,73,3,86,0,22,139,8,169,54,0,54,223
03/09/2020,NEW,LA,ASW,CE,Towers with Radar,0,3,55,5,63,0,3,68,6,77,0,6,123,11,140,104,4,108,248
03/10/2020,NEW,LA,ASW,CE,Towers with Radar,0,3,41,4,48,0,7,15,2,24,0,10,56,6,72,74,0,74,146
03/11/2020,NEW,LA,ASW,CE,Towers with Radar,0,3,58,0,61,0,7,32,3,42,0,10,90,3,103,80,2,82,185
03/12/2020,NEW,LA,ASW,CE,Towers with Radar,0,8,47,2,57,0,3,48,4,55,0,11,95,6,112,80,0,80,192
03/13/2020,NEW,LA,ASW,CE,Towers with Radar,0,3,59,0,62,0,7,21,2,30,0,10,80,2,92,126,0,126,218
03/14/2020,NEW,LA,ASW,CE,Towers with Radar,0,11,41,0,52,0,12,66,0,78,0,23,107,0,130,104,0,104,234
03/15/2020,NEW,LA,ASW,CE,Towers with Radar,0,4,32,7,43,0,7,37,5,49,0,11,69,12,92,84,0,84,176
03/16/2020,NEW,LA,ASW,CE,Towers with Radar,0,4,38,0,42,0,5,50,2,57,0,9,88,2,99,66,0,66,165
03/17/2020,NEW,LA,ASW,CE,Towers with Radar,0,5,24,0,29,0,1,19,0,20,0,6,43,0,49,36,4,40,89
03/18/2020,NEW,LA,ASW,CE,Towers with Radar,0,1,28,4,33,0,3,29,1,33,0,4,57,5,66,50,0,50,116
03/19/2020,NEW,LA,ASW,CE,Towers with Radar,0,2,26,4,32,0,1,30,0,31,0,3,56,4,63,56,0,56,119
03/20/2020,NEW,LA,ASW,CE,Towers with Radar,0,4,12,0,16,0,2,30,0,32,0,6,42,0,48,114,0,114,162
03/21/2020,NEW,LA,ASW,CE,Towers with Radar,0,0,17,2,19,0,1,9,0,10,0,1,26,2,29,18,0,18,47
03/22/2020,NEW,LA,ASW,CE,Towers with Radar,0,2,7,3,12,0,0,15,1,16,0,2,22,4,28,28,0,28,56
03/23/2020,NEW,LA,ASW,CE,Towers with Radar,0,0,5,0,5,0,3,8,0,11,0,3,13,0,16,8,0,8,24
03/24/2020,NEW,LA,ASW,CE,Towers with Radar,0,3,7,0,10,0,0,11,0,11,0,3,18,0,21,12,0,12,33
03/25/2020,NEW,LA,ASW,CE,Towers with Radar,0,2,7,0,9,0,1,28,0,29,0,3,35,0,38,28,0,28,66
03/26/2020,NEW,LA,ASW,CE,Towers with Radar,0,1,14,0,15,0,3,16,0,19,0,4,30,0,34,4,0,4,38
03/27/2020,NEW,LA,ASW,CE,Towers with Radar,0,2,7,4,13,0,0,21,0,21,0,2,28,4,34,18,0,18,52
03/28/2020,NEW,LA,ASW,CE,Towers with Radar,0,4,14,0,18,0,5,16,0,21,0,9,30,0,39,14,0,14,53
03/29/2020,NEW,LA,ASW,CE,Towers with Radar,0,1,8,0,9,0,1,21,5,27,0,2,29,5,36,0,0,0,36
03/30/2020,NEW,LA,ASW,CE,Towers with Radar,0,1,13,0,14,0,1,17,0,18,0,2,30,0,32,0,0,0,32
03/31/2020,NEW,LA,ASW,CE,Towers with Radar,0,2,5,4,11,0,1,6,2,9,0,3,11,6,20,0,0,0,20
04/01/2020,NEW,LA,ASW,CE,Towers with Radar,0,0,11,0,11,0,1,14,6,21,0,1,25,6,32,16,0,16,48
04/02/2020,NEW,LA,ASW,CE,Towers with Radar,0,0,9,2,11,0,4,31,1,36,0,4,40,3,47,22,0,22,69
04/03/2020,NEW,LA,ASW,CE,Towers with Radar,0,2,5,0,7,0,5,11,0,16,0,7,16,0,23,2,0,2,25
04/04/2020,NEW,LA,ASW,CE,Towers with Radar,0,3,8,6,17,0,3,10,0,13,0,6,18,6,30,8,0,8,38
04/05/2020,NEW,LA,ASW,CE,Towers with Radar,0,1,1,2,4,0,1,9,0,10,0,2,10,2,14,24,0,24,38
04/06/2020,NEW,LA,ASW,CE,Towers with Radar,0,1,8,4,13,0,4,15,0,19,0,5,23,4,32,40,0,40,72
04/07/2020,NEW,LA,ASW,CE,Towers with Radar,0,0,10,2,12,0,0,2,0,2,0,0,12,2,14,0,0,0,14
04/08/2020,NEW,LA,ASW,CE,Towers with Radar,0,0,4,8,12,0,1,2,3,6,0,1,6,11,18,0,0,0,18
04/09/2020,NEW,LA,ASW,CE,Towers with Radar,0,4,23,0,27,0,0,25,4,29,0,4,48,4,56,64,0,64,120
04/10/2020,NEW,LA,ASW,CE,Towers with Radar,0,0,4,0,4,0,5,22,4,31,0,5,26,4,35,18,0,18,53
04/11/2020,NEW,LA,ASW,CE,Towers with Radar,0,0,9,0,9,0,1,25,0,26,0,1,34,0,35,14,0,14,49
04/12/2020,NEW,LA,ASW,CE,Towers with Radar,0,0,1,0,1,0,0,0,0,0,0,0,1,0,1,0,0,0,1
04/13/2020,NEW,LA,ASW,CE,Towers with Radar,0,0,12,2,14,0,0,25,0,25,0,0,37,2,39,14,0,14,53
04/14/2020,NEW,LA,ASW,CE,Towers with Radar,0,0,17,0,17,0,3,22,0,25,0,3,39,0,42,6,0,6,48
04/15/2020,NEW,LA,ASW,CE,Towers with Radar,0,2,8,0,10,0,0,15,0,15,0,2,23,0,25,0,0,0,25
04/16/2020,NEW,LA,ASW,CE,Towers with Radar,0,1,9,0,10,0,5,28,0,33,0,6,37,0,43,12,0,12,55
04/17/2020,NEW,LA,ASW,CE,Towers with Radar,0,1,16,0,17,0,5,21,0,26,0,6,37,0,43,4,0,4,47
04/18/2020,NEW,LA,ASW,CE,Towers with Radar,0,0,5,0,5,0,0,5,0,5,0,0,10,0,10,26,0,26,36
04/19/2020,NEW,LA,ASW,CE,Towers with Radar,0,0,0,0,0,0,1,2,0,3,0,1,2,0,3,6,0,6,9
04/20/2020,NEW,LA,ASW,CE,Towers with Radar,0,4,4,0,8,0,5,36,0,41,0,9,40,0,49,30,0,30,79
04/21/2020,NEW,LA,ASW,CE,Towers with Radar,0,2,10,0,12,0,0,27,4,31,0,2,37,4,43,64,0,64,107
04/22/2020,NEW,LA,ASW,CE,Towers with Radar,0,0,5,0,5,0,0,18,0,18,0,0,23,0,23,0,0,0,23
04/23/2020,NEW,LA,ASW,CE,Towers with Radar,0,0,12,0,12,0,1,1,0,2,0,1,13,0,14,0,0,0,14
04/24/2020,NEW,LA,ASW,CE,Towers with Radar,0,0,16,0,16,0,4,50,1,55,0,4,66,1,71,56,0,56,127
04/25/2020,NEW,LA,ASW,CE,Towers with Radar,0,2,3,0,5,0,4,16,1,21,0,6,19,1,26,0,10,10,36
04/26/2020,NEW,LA,ASW,CE,Towers with Radar,0,0,18,0,18,0,2,39,0,41,0,2,57,0,59,30,0,30,89
04/27/2020,NEW,LA,ASW,CE,Towers with Radar,0,0,10,0,10,0,0,35,0,35,0,0,45,0,45,26,0,26,71
04/28/2020,NEW,LA,ASW,CE,Towers with Radar,0,2,4,0,6,0,2,24,1,27,0,4,28,1,33,32,0,32,65
04/29/2020,NEW,LA,ASW,CE,Towers with Radar,0,3,5,5,13,0,0,4,0,4,0,3,9,5,17,6,0,6,23
04/30/2020,NEW,LA,ASW,CE,Towers with Radar,0,3,14,4,21,0,0,29,0,29,0,3,43,4,50,20,0,20,70
05/01/2020,NEW,LA,ASW,CE,Towers with Radar,0,4,10,3,17,0,1,47,0,48,0,5,57,3,65,26,0,26,91
05/02/2020,NEW,LA,ASW,CE,Towers with Radar,0,4,16,0,20,0,3,30,0,33,0,7,46,0,53,32,0,32,85
05/03/2020,NEW,LA,ASW,CE,Towers with Radar,0,0,17,1,18,0,5,31,2,38,0,5,48,3,56,56,0,56,112
05/04/2020,NEW,LA,ASW,CE,Towers with Radar,0,4,14,0,18,0,5,46,0,51,0,9,60,0,69,36,0,36,105
05/05/2020,NEW,LA,ASW,CE,Towers with Radar,0,2,11,0,13,0,2,34,0,36,0,4,45,0,49,46,0,46,95
05/06/2020,NEW,LA,ASW,CE,Towers with Radar,0,0,13,0,13,0,0,33,0,33,0,0,46,0,46,2,0,2,48
05/07/2020,NEW,LA,ASW,CE,Towers with Radar,0,0,12,2,14,0,1,44,0,45,0,1,56,2,59,74,0,74,133
05/08/2020,NEW,LA,ASW,CE,Towers with Radar,0,2,13,0,15,0,0,17,0,17,0,2,30,0,32,32,0,32,64
05/09/2020,NEW,LA,ASW,CE,Towers with Radar,0,5,13,0,18,0,2,16,0,18,0,7,29,0,36,22,0,22,58
05/10/2020,NEW,LA,ASW,CE,Towers with Radar,0,2,11,2,15,0,2,29,0,31,0,4,40,2,46,36,0,36,82
05/11/2020,NEW,LA,ASW,CE,Towers with Radar,0,2,15,0,17,0,0,46,0,46,0,2,61,0,63,58,0,58,121
05/12/2020,NEW,LA,ASW,CE,Towers with Radar,0,7,17,0,24,0,3,37,1,41,0,10,54,1,65,12,2,14,79
05/13/2020,NEW,LA,ASW,CE,Towers with Radar,0,4,16,0,20,0,1,39,1,41,0,5,55,1,61,14,0,14,75
05/14/2020,NEW,LA,ASW,CE,Towers with Radar,0,3,24,0,27,0,2,11,0,13,0,5,35,0,40,12,0,12,52
05/15/2020,NEW,LA,ASW,CE,Towers with Radar,0,2,13,0,15,0,2,11,0,13,0,4,24,0,28,56,0,56,84
05/16/2020,NEW,LA,ASW,CE,Towers with Radar,0,2,22,0,24,0,5,1,0,6,0,7,23,0,30,22,0,22,52
05/17/2020,NEW,LA,ASW,CE,Towers with Radar,0,4,16,2,22,0,1,15,0,16,0,5,31,2,38,24,0,24,62
05/18/2020,NEW,LA,ASW,CE,Towers with Radar,0,2,11,0,13,0,1,42,0,43,0,3,53,0,56,24,0,24,80
05/19/2020,NEW,LA,ASW,CE,Towers with Radar,0,1,16,4,21,0,0,50,2,52,0,1,66,6,73,40,0,40,113
05/20/2020,NEW,LA,ASW,CE,Towers with Radar,0,4,31,2,37,0,0,17,0,17,0,4,48,2,54,58,0,58,112
05/21/2020,NEW,LA,ASW,CE,Towers with Radar,0,2,31,13,46,0,2,46,2,50,0,4,77,15,96,56,0,56,152
05/22/2020,NEW,LA,ASW,CE,Towers with Radar,0,3,30,2,35,0,1,30,1,32,0,4,60,3,67,40,0,40,107
05/23/2020,NEW,LA,ASW,CE,Towers with Radar,0,2,19,0,21,0,1,15,0,16,0,3,34,0,37,60,0,60,97
05/24/2020,NEW,LA,ASW,CE,Towers with Radar,0,2,12,0,14,0,0,24,0,24,0,2,36,0,38,20,0,20,58
05/25/2020,NEW,LA,ASW,CE,Towers with Radar,0,0,16,0,16,0,2,13,0,15,0,2,29,0,31,2,0,2,33
05/26/2020,NEW,LA,ASW,CE,Towers with Radar,0,3,14,1,18,0,0,16,0,16,0,3,30,1,34,16,0,16,50
05/27/2020,NEW,LA,ASW,CE,Towers with Radar,0,8,21,5,34,0,3,36,1,40,0,11,57,6,74,100,0,100,174
05/28/2020,NEW,LA,ASW,CE,Towers with Radar,0,4,45,0,49,0,2,43,0,45,0,6,88,0,94,104,0,104,198
05/29/2020,NEW,LA,ASW,CE,Towers with Radar,0,12,28,2,42,0,0,37,2,39,0,12,65,4,81,60,0,60,141
05/30/2020,NEW,LA,ASW,CE,Towers with Radar,0,4,27,2,33,0,2,54,0,56,0,6,81,2,89,124,0,124,213
05/31/2020,NEW,LA,ASW,CE,Towers with Radar,0,3,33,6,42,0,0,56,0,56,0,3,89,6,98,64,0,64,162
06/01/2020,NEW,LA,ASW,CE,Towers with Radar,0,2,18,2,22,0,1,50,0,51,0,3,68,2,73,76,0,76,149
06/02/2020,NEW,LA,ASW,CE,Towers with Radar,0,0,23,0,23,0,0,32,1,33,0,0,55,1,56,60,0,60,116
06/03/2020,NEW,LA,ASW,CE,Towers with Radar,0,2,35,0,37,0,2,17,0,19,0,4,52,0,56,54,0,54,110
06/04/2020,NEW,LA,ASW,CE,Towers with Radar,0,1,27,0,28,0,1,57,0,58,0,2,84,0,86,82,0,82,168
06/05/2020,NEW,LA,ASW,CE,Towers with Radar,0,0,31,2,33,0,2,49,5,56,0,2,80,7,89,97,4,101,190
06/06/2020,NEW,LA,ASW,CE,Towers with Radar,0,4,24,0,28,0,0,22,0,22,0,4,46,0,50,30,0,30,80
06/07/2020,NEW,LA,ASW,CE,Towers with Radar,0,0,0,0,0,0,0,0,0,0,0,0,0,0,0,0,0,0,0
06/08/2020,NEW,LA,ASW,CE,Towers with Radar,0,0,19,0,19,0,0,1,4,5,0,0,20,4,24,0,0,0,24
06/09/2020,NEW,LA,ASW,CE,Towers with Radar,0,1,40,0,41,0,2,19,0,21,0,3,59,0,62,4,0,4,66
06/10/2020,NEW,LA,ASW,CE,Towers with Radar,0,2,26,2,30,0,3,32,0,35,0,5,58,2,65,36,0,36,101
06/11/2020,NEW,LA,ASW,CE,Towers with Radar,0,6,19,3,28,0,0,72,1,73,0,6,91,4,101,46,10,56,157
06/12/2020,NEW,LA,ASW,CE,Towers with Radar,0,7,28,6,41,0,1,43,2,46,0,8,71,8,87,50,0,50,137
06/13/2020,NEW,LA,ASW,CE,Towers with Radar,0,0,22,7,29,0,1,86,0,87,0,1,108,7,116,94,0,94,210
06/14/2020,NEW,LA,ASW,CE,Towers with Radar,0,1,35,0,36,0,2,60,0,62,0,3,95,0,98,42,0,42,140
06/15/2020,NEW,LA,ASW,CE,Towers with Radar,0,3,17,2,22,0,5,37,0,42,0,8,54,2,64,80,0,80,144
06/16/2020,NEW,LA,ASW,CE,Towers with Radar,0,2,36,6,44,0,4,66,0,70,0,6,102,6,114,78,0,78,192
06/17/2020,NEW,LA,ASW,CE,Towers with Radar,0,2,32,4,38,0,0,43,3,46,0,2,75,7,84,76,0,76,160
06/18/2020,NEW,LA,ASW,CE,Towers with Radar,0,2,28,3,33,0,1,59,0,60,0,3,87,3,93,36,0,36,129
06/19/2020,NEW,LA,ASW,CE,Towers with Radar,0,3,31,1,35,0,0,67,0,67,0,3,98,1,102,52,0,52,154
06/20/2020,NEW,LA,ASW,CE,Towers with Radar,0,4,24,2,30,0,4,72,0,76,0,8,96,2,106,92,0,92,198
06/21/2020,NEW,LA,ASW,CE,Towers with Radar,0,3,21,0,24,0,0,19,1,20,0,3,40,1,44,48,18,66,110
06/22/2020,NEW,LA,ASW,CE,Towers with Radar,0,4,12,0,16,0,3,12,0,15,0,7,24,0,31,0,0,0,31
06/23/2020,NEW,LA,ASW,CE,Towers with Radar,0,5,13,0,18,0,0,21,0,21,0,5,34,0,39,30,0,30,69
06/24/2020,NEW,LA,ASW,CE,Towers with Radar,0,1,6,0,7,0,0,7,2,9,0,1,13,2,16,0,2,2,18
06/25/2020,NEW,LA,ASW,CE,Towers with Radar,0,6,37,0,43,0,2,22,0,24,0,8,59,0,67,40,0,40,107
06/26/2020,NEW,LA,ASW,CE,Towers with Radar,0,3,49,2,54,0,2,41,1,44,0,5,90,3,98,36,14,50,148
06/27/2020,NEW,LA,ASW,CE,Towers with Radar,0,2,45,2,49,0,1,37,3,41,0,3,82,5,90,22,0,22,112
06/28/2020,NEW,LA,ASW,CE,Towers with Radar,0,10,28,4,42,0,3,37,1,41,0,13,65,5,83,64,0,64,147
06/29/2020,NEW,LA,ASW,CE,Towers with Radar,0,4,22,0,26,0,8,30,0,38,0,12,52,0,64,34,0,34,98
06/30/2020,NEW,LA,ASW,CE,Towers with Radar,0,3,28,0,31,0,6,42,1,49,0,9,70,1,80,62,0,62,142
07/01/2020,NEW,LA,ASW,CE,Towers with Radar,0,0,20,2,22,0,3,31,4,38,0,3,51,6,60,32,2,34,94
07/02/2020,NEW,LA,ASW,CE,Towers with Radar,0,0,19,0,19,0,4,32,0,36,0,4,51,0,55,26,0,26,81
07/03/2020,NEW,LA,ASW,CE,Towers with Radar,0,0,18,0,18,0,5,23,0,28,0,5,41,0,46,68,0,68,114
07/04/2020,NEW,LA,ASW,CE,Towers with Radar,0,0,9,0,9,0,1,24,0,25,0,1,33,0,34,38,0,38,72
07/05/2020,NEW,LA,ASW,CE,Towers with Radar,0,2,15,0,17,0,3,16,0,19,0,5,31,0,36,24,0,24,60
07/06/2020,NEW,LA,ASW,CE,Towers with Radar,0,0,8,0,8,0,0,7,0,7,0,0,15,0,15,36,0,36,51
07/07/2020,NEW,LA,ASW,CE,Towers with Radar,0,0,13,0,13,0,0,7,0,7,0,0,20,0,20,38,0,38,58
07/08/2020,NEW,LA,ASW,CE,Towers with Radar,0,2,20,0,22,0,2,39,0,41,0,4,59,0,63,76,0,76,139
07/09/2020,NEW,LA,ASW,CE,Towers with Radar,0,0,17,0,17,0,4,58,0,62,0,4,75,0,79,94,0,94,173
07/10/2020,NEW,LA,ASW,CE,Towers with Radar,0,2,16,0,18,0,0,36,0,36,0,2,52,0,54,20,0,20,74
07/11/2020,NEW,LA,ASW,CE,Towers with Radar,0,0,9,0,9,0,1,31,0,32,0,1,40,0,41,88,0,88,129
07/12/2020,NEW,LA,ASW,CE,Towers with Radar,0,1,16,0,17,0,4,38,4,46,0,5,54,4,63,50,6,56,119
07/13/2020,NEW,LA,ASW,CE,Towers with Radar,0,6,17,6,29,0,0,23,4,27,0,6,40,10,56,42,8,50,106
07/14/2020,NEW,LA,ASW,CE,Towers with Radar,0,0,12,2,14,0,4,34,0,38,0,4,46,2,52,102,4,106,158
07/15/2020,NEW,LA,ASW,CE,Towers with Radar,0,0,19,2,21,0,0,23,2,25,0,0,42,4,46,84,2,86,132
07/16/2020,NEW,LA,ASW,CE,Towers with Radar,0,0,21,0,21,0,3,17,0,20,0,3,38,0,41,10,0,10,51
07/17/2020,NEW,LA,ASW,CE,Towers with Radar,0,0,24,2,26,0,2,52,0,54,0,2,76,2,80,80,0,80,160
07/18/2020,NEW,LA,ASW,CE,Towers with Radar,0,3,21,0,24,0,2,43,0,45,0,5,64,0,69,26,0,26,95
07/19/2020,NEW,LA,ASW,CE,Towers with Radar,0,4,22,0,26,0,3,24,0,27,0,7,46,0,53,22,0,22,75
07/20/2020,NEW,LA,ASW,CE,Towers with Radar,0,0,7,0,7,0,3,39,0,42,0,3,46,0,49,78,0,78,127
07/21/2020,NEW,LA,ASW,CE,Towers with Radar,0,1,14,2,17,0,5,44,4,53,0,6,58,6,70,106,0,106,176
07/22/2020,NEW,LA,ASW,CE,Towers with Radar,0,1,10,0,11,0,7,52,0,59,0,8,62,0,70,128,0,128,198
07/23/2020,NEW,LA,ASW,CE,Towers with Radar,0,2,12,0,14,0,1,13,0,14,0,3,25,0,28,70,0,70,98
07/24/2020,NEW,LA,ASW,CE,Towers with Radar,0,0,20,0,20,0,0,4,0,4,0,0,24,0,24,0,0,0,24
07/25/2020,NEW,LA,ASW,CE,Towers with Radar,0,0,6,0,6,0,1,9,0,10,0,1,15,0,16,42,0,42,58
07/26/2020,NEW,LA,ASW,CE,Towers with Radar,0,0,9,0,9,0,0,6,0,6,0,0,15,0,15,0,0,0,15
07/27/2020,NEW,LA,ASW,CE,Towers with Radar,0,2,9,0,11,0,0,10,2,12,0,2,19,2,23,20,6,26,49
07/28/2020,NEW,LA,ASW,CE,Towers with Radar,0,0,6,0,6,0,3,32,0,35,0,3,38,0,41,82,0,82,123
07/29/2020,NEW,LA,ASW,CE,Towers with Radar,0,0,22,0,22,0,2,34,0,36,0,2,56,0,58,56,0,56,114
07/30/2020,NEW,LA,ASW,CE,Towers with Radar,0,2,27,1,30,0,4,58,8,70,0,6,85,9,100,76,0,76,176
07/31/2020,NEW,LA,ASW,CE,Towers with Radar,0,0,35,3,38,0,2,56,5,63,0,2,91,8,101,34,4,38,139
08/01/2020,NEW,LA,ASW,CE,Towers with Radar,0,0,26,0,26,0,0,42,1,43,0,0,68,1,69,42,0,42,111
08/02/2020,NEW,LA,ASW,CE,Towers with Radar,0,2,19,0,21,0,1,34,0,35,0,3,53,0,56,32,0,32,88
08/03/2020,NEW,LA,ASW,CE,Towers with Radar,0,0,24,0,24,0,1,37,2,40,0,1,61,2,64,64,0,64,128
08/04/2020,NEW,LA,ASW,CE,Towers with Radar,0,0,16,0,16,0,3,62,2,67,0,3,78,2,83,152,0,152,235
08/05/2020,NEW,LA,ASW,CE,Towers with Radar,0,0,24,0,24,0,0,43,3,46,0,0,67,3,70,106,0,106,176
08/06/2020,NEW,LA,ASW,CE,Towers with Radar,0,1,16,0,17,0,1,47,0,48,0,2,63,0,65,138,0,138,203
08/07/2020,NEW,LA,ASW,CE,Towers with Radar,0,2,35,0,37,0,2,69,0,71,0,4,104,0,108,84,0,84,192
08/08/2020,NEW,LA,ASW,CE,Towers with Radar,0,2,16,0,18,0,0,52,0,52,0,2,68,0,70,60,0,60,130
08/09/2020,NEW,LA,ASW,CE,Towers with Radar,0,2,26,0,28,0,1,49,0,50,0,3,75,0,78,58,0,58,136
08/10/2020,NEW,LA,ASW,CE,Towers with Radar,0,3,11,0,14,0,2,24,0,26,0,5,35,0,40,72,0,72,112
08/11/2020,NEW,LA,ASW,CE,Towers with Radar,0,3,18,0,21,0,3,43,0,46,0,6,61,0,67,76,0,76,143
08/12/2020,NEW,LA,ASW,CE,Towers with Radar,0,4,16,0,20,0,7,43,0,50,0,11,59,0,70,130,0,130,200
08/13/2020,NEW,LA,ASW,CE,Towers with Radar,0,1,23,3,27,0,1,22,2,25,0,2,45,5,52,38,0,38,90
08/14/2020,NEW,LA,ASW,CE,Towers with Radar,0,0,25,0,25,0,2,34,4,40,0,2,59,4,65,80,0,80,145
08/15/2020,NEW,LA,ASW,CE,Towers with Radar,0,0,19,0,19,0,1,54,3,58,0,1,73,3,77,10,0,10,87
08/16/2020,NEW,LA,ASW,CE,Towers with Radar,0,0,21,0,21,0,0,56,3,59,0,0,77,3,80,50,4,54,134
08/17/2020,NEW,LA,ASW,CE,Towers with Radar,0,2,20,0,22,0,1,40,7,48,0,3,60,7,70,34,0,34,104
08/18/2020,NEW,LA,ASW,CE,Towers with Radar,0,3,21,0,24,0,6,50,1,57,0,9,71,1,81,76,0,76,157
08/19/2020,NEW,LA,ASW,CE,Towers with Radar,0,4,17,0,21,0,1,34,0,35,0,5,51,0,56,66,0,66,122
08/20/2020,NEW,LA,ASW,CE,Towers with Radar,0,1,17,2,20,0,4,31,0,35,0,5,48,2,55,46,0,46,101
08/21/2020,NEW,LA,ASW,CE,Towers with Radar,0,2,15,0,17,0,5,60,0,65,0,7,75,0,82,52,0,52,134
08/22/2020,NEW,LA,ASW,CE,Towers with Radar,0,0,20,2,22,0,6,64,0,70,0,6,84,2,92,36,0,36,128
08/23/2020,NEW,LA,ASW,CE,Towers with Radar,0,2,24,0,26,0,1,40,0,41,0,3,64,0,67,4,0,4,71
08/24/2020,NEW,LA,ASW,CE,Towers with Radar,0,0,5,0,5,0,0,4,0,4,0,0,9,0,9,0,0,0,9
08/25/2020,NEW,LA,ASW,CE,Towers with Radar,0,4,6,0,10,0,0,5,0,5,0,4,11,0,15,0,0,0,15
08/26/2020,NEW,LA,ASW,CE,Towers with Radar,0,0,5,0,5,0,0,2,0,2,0,0,7,0,7,0,0,0,7
08/27/2020,NEW,LA,ASW,CE,Towers with Radar,0,0,4,0,4,0,0,6,0,6,0,0,10,0,10,0,0,0,10
08/28/2020,NEW,LA,ASW,CE,Towers with Radar,0,0,11,0,11,0,2,25,0,27,0,2,36,0,38,26,0,26,64
08/29/2020,NEW,LA,ASW,CE,Towers with Radar,0,0,14,0,14,0,5,30,3,38,0,5,44,3,52,30,0,30,82
08/30/2020,NEW,LA,ASW,CE,Towers with Radar,0,0,17,0,17,0,4,23,0,27,0,4,40,0,44,16,0,16,60
08/31/2020,NEW,LA,ASW,CE,Towers with Radar,0,2,12,0,14,0,2,34,0,36,0,4,46,0,50,26,0,26,76
09/01/2020,NEW,LA,ASW,CE,Towers with Radar,0,0,18,2,20,0,2,35,0,37,0,2,53,2,57,40,0,40,97
09/02/2020,NEW,LA,ASW,CE,Towers with Radar,0,0,15,0,15,0,2,42,2,46,0,2,57,2,61,72,0,72,133
09/03/2020,NEW,LA,ASW,CE,Towers with Radar,0,1,10,1,12,0,12,48,0,60,0,13,58,1,72,104,0,104,176
09/04/2020,NEW,LA,ASW,CE,Towers with Radar,0,2,31,0,33,0,3,47,0,50,0,5,78,0,83,84,0,84,167
09/05/2020,NEW,LA,ASW,CE,Towers with Radar,0,0,12,0,12,0,3,41,0,44,0,3,53,0,56,102,0,102,158
09/06/2020,NEW,LA,ASW,CE,Towers with Radar,0,0,13,0,13,0,8,41,0,49,0,8,54,0,62,60,0,60,122
09/07/2020,NEW,LA,ASW,CE,Towers with Radar,0,5,16,0,21,0,7,60,3,70,0,12,76,3,91,30,0,30,121
09/08/2020,NEW,LA,ASW,CE,Towers with Radar,0,0,16,2,18,0,0,35,1,36,0,0,51,3,54,74,0,74,128
09/09/2020,NEW,LA,ASW,CE,Towers with Radar,0,2,24,0,26,0,0,39,0,39,0,2,63,0,65,118,0,118,183
09/10/2020,NEW,LA,ASW,CE,Towers with Radar,0,3,13,0,16,0,5,49,2,56,0,8,62,2,72,128,0,128,200
09/11/2020,NEW,LA,ASW,CE,Towers with Radar,0,0,17,0,17,0,3,41,0,44,0,3,58,0,61,74,0,74,135
09/12/2020,NEW,LA,ASW,CE,Towers with Radar,0,0,9,0,9,0,5,29,4,38,0,5,38,4,47,32,0,32,79
09/13/2020,NEW,LA,ASW,CE,Towers with Radar,0,3,22,0,25,0,5,74,0,79,0,8,96,0,104,12,0,12,116
09/14/2020,NEW,LA,ASW,CE,Towers with Radar,0,1,17,0,18,0,0,5,0,5,0,1,22,0,23,0,0,0,23
09/15/2020,NEW,LA,ASW,CE,Towers with Radar,0,0,1,0,1,0,1,2,0,3,0,1,3,0,4,0,0,0,4
09/16/2020,NEW,LA,ASW,CE,Towers with Radar,0,0,13,0,13,0,2,25,0,27,0,2,38,0,40,0,0,0,40
09/17/2020,NEW,LA,ASW,CE,Towers with Radar,0,2,19,0,21,0,6,49,0,55,0,8,68,0,76,96,0,96,172
09/18/2020,NEW,LA,ASW,CE,Towers with Radar,0,6,26,0,32,0,5,57,0,62,0,11,83,0,94,40,0,40,134
09/19/2020,NEW,LA,ASW,CE,Towers with Radar,0,2,19,0,21,0,2,3,0,5,0,4,22,0,26,0,0,0,26
09/20/2020,NEW,LA,ASW,CE,Towers with Radar,0,2,16,0,18,0,0,0,2,2,0,2,16,2,20,0,0,0,20
09/21/2020,NEW,LA,ASW,CE,Towers with Radar,0,0,9,0,9,0,0,0,0,0,0,0,9,0,9,0,0,0,9
09/22/2020,NEW,LA,ASW,CE,Towers with Radar,0,0,5,0,5,0,0,4,0,4,0,0,9,0,9,0,0,0,9
09/23/2020,NEW,LA,ASW,CE,Towers with Radar,0,2,12,0,14,0,4,14,0,18,0,6,26,0,32,0,0,0,32
09/24/2020,NEW,LA,ASW,CE,Towers with Radar,0,2,20,0,22,0,1,17,0,18,0,3,37,0,40,64,0,64,104
09/25/2020,NEW,LA,ASW,CE,Towers with Radar,0,1,30,3,34,0,0,52,3,55,0,1,82,6,89,62,8,70,159
09/26/2020,NEW,LA,ASW,CE,Towers with Radar,0,5,20,0,25,0,1,49,2,52,0,6,69,2,77,80,0,80,157
09/27/2020,NEW,LA,ASW,CE,Towers with Radar,0,2,29,0,31,0,5,54,2,61,0,7,83,2,92,86,0,86,178
09/28/2020,NEW,LA,ASW,CE,Towers with Radar,0,1,8,0,9,0,6,28,0,34,0,7,36,0,43,44,0,44,87
09/29/2020,NEW,LA,ASW,CE,Towers with Radar,0,6,20,0,26,0,2,42,0,44,0,8,62,0,70,52,0,52,122
09/30/2020,NEW,LA,ASW,CE,Towers with Radar,0,1,18,0,19,0,4,54,0,58,0,5,72,0,77,62,0,62,139
10/01/2020,NEW,LA,ASW,CE,Towers with Radar,0,3,14,0,17,0,4,45,1,50,0,7,59,1,67,70,0,70,137
10/02/2020,NEW,LA,ASW,CE,Towers with Radar,0,0,20,0,20,0,2,61,2,65,0,2,81,2,85,22,0,22,107
10/03/2020,NEW,LA,ASW,CE,Towers with Radar,0,4,18,0,22,0,5,60,1,66,0,9,78,1,88,56,0,56,144
10/04/2020,NEW,LA,ASW,CE,Towers with Radar,0,5,34,0,39,0,5,67,0,72,0,10,101,0,111,54,0,54,165
10/05/2020,NEW,LA,ASW,CE,Towers with Radar,0,2,28,4,34,0,7,45,2,54,0,9,73,6,88,70,0,70,158
10/06/2020,NEW,LA,ASW,CE,Towers with Radar,0,3,34,2,39,0,6,48,0,54,0,9,82,2,93,78,0,78,171
10/07/2020,NEW,LA,ASW,CE,Towers with Radar,0,5,49,0,54,0,6,56,2,64,0,11,105,2,118,60,0,60,178
10/08/2020,NEW,LA,ASW,CE,Towers with Radar,0,4,21,2,27,0,6,13,2,21,0,10,34,4,48,20,0,20,68
10/09/2020,NEW,LA,ASW,CE,Towers with Radar,0,0,4,0,4,0,1,1,0,2,0,1,5,0,6,0,0,0,6
10/10/2020,NEW,LA,ASW,CE,Towers with Radar,0,5,9,2,16,0,10,23,0,33,0,15,32,2,49,36,0,36,85
10/11/2020,NEW,LA,ASW,CE,Towers with Radar,0,3,16,0,19,0,5,49,1,55,0,8,65,1,74,80,0,80,154
10/12/2020,NEW,LA,ASW,CE,Towers with Radar,0,4,37,0,41,0,14,44,0,58,0,18,81,0,99,82,0,82,181
10/13/2020,NEW,LA,ASW,CE,Towers with Radar,0,2,29,3,34,0,2,46,0,48,0,4,75,3,82,110,0,110,192
10/14/2020,NEW,LA,ASW,CE,Towers with Radar,0,5,34,1,40,0,10,54,0,64,0,15,88,1,104,48,0,48,152
10/15/2020,NEW,LA,ASW,CE,Towers with Radar,0,6,51,6,63,0,5,27,2,34,0,11,78,8,97,68,6,74,171
10/16/2020,NEW,LA,ASW,CE,Towers with Radar,0,4,35,7,46,0,4,30,0,34,0,8,65,7,80,28,0,28,108
10/17/2020,NEW,LA,ASW,CE,Towers with Radar,0,7,31,2,40,0,8,60,1,69,0,15,91,3,109,80,0,80,189
10/18/2020,NEW,LA,ASW,CE,Towers with Radar,0,4,48,0,52,0,7,59,2,68,0,11,107,2,120,68,0,68,188
10/19/2020,NEW,LA,ASW,CE,Towers with Radar,0,8,45,0,53,0,3,22,0,25,0,11,67,0,78,22,0,22,100
10/20/2020,NEW,LA,ASW,CE,Towers with Radar,0,0,24,4,28,0,0,25,3,28,0,0,49,7,56,28,0,28,84
10/21/2020,NEW,LA,ASW,CE,Towers with Radar,0,5,32,0,37,0,2,52,0,54,0,7,84,0,91,78,0,78,169
10/22/2020,NEW,LA,ASW,CE,Towers with Radar,0,8,42,2,52,0,6,12,0,18,0,14,54,2,70,18,0,18,88
10/23/2020,NEW,LA,ASW,CE,Towers with Radar,0,7,49,1,57,0,0,7,0,7,0,7,56,1,64,28,0,28,92
10/24/2020,NEW,LA,ASW,CE,Towers with Radar,0,2,40,0,42,0,5,26,1,32,0,7,66,1,74,18,0,18,92
10/25/2020,NEW,LA,ASW,CE,Towers with Radar,0,8,55,0,63,0,0,30,0,30,0,8,85,0,93,12,0,12,105
10/26/2020,NEW,LA,ASW,CE,Towers with Radar,0,11,54,2,67,0,5,27,0,32,0,16,81,2,99,20,0,20,119
10/27/2020,NEW,LA,ASW,CE,Towers with Radar,0,4,44,2,50,0,5,25,0,30,0,9,69,2,80,10,0,10,90
10/28/2020,NEW,LA,ASW,CE,Towers with Radar,0,1,5,1,7,0,0,0,0,0,0,1,5,1,7,0,0,0,7
10/29/2020,NEW,LA,ASW,CE,Towers with Radar,0,0,7,0,7,0,1,27,3,31,0,1,34,3,38,0,0,0,38
10/30/2020,NEW,LA,ASW,CE,Towers with Radar,0,0,16,1,17,0,2,29,1,32,0,2,45,2,49,22,0,22,71
10/31/2020,NEW,LA,ASW,CE,Towers with Radar,0,1,11,0,12,0,4,43,4,51,0,5,54,4,63,16,0,16,79
11/01/2020,NEW,LA,ASW,CE,Towers with Radar,0,10,13,1,24,0,3,39,2,44,0,13,52,3,68,50,8,58,126
11/02/2020,NEW,LA,ASW,CE,Towers with Radar,0,8,32,4,44,0,2,38,4,44,0,10,70,8,88,36,10,46,134
11/03/2020,NEW,LA,ASW,CE,Towers with Radar,0,5,27,2,34,0,3,38,0,41,0,8,65,2,75,66,0,66,141
11/04/2020,NEW,LA,ASW,CE,Towers with Radar,0,7,39,3,49,0,5,55,8,68,0,12,94,11,117,42,4,46,163
11/05/2020,NEW,LA,ASW,CE,Towers with Radar,0,6,34,4,44,0,0,36,3,39,0,6,70,7,83,36,0,36,119
11/06/2020,NEW,LA,ASW,CE,Towers with Radar,0,3,45,0,48,0,6,52,3,61,0,9,97,3,109,50,0,50,159
11/07/2020,NEW,LA,ASW,CE,Towers with Radar,0,1,16,0,17,0,4,44,0,48,0,5,60,0,65,90,0,90,155
11/08/2020,NEW,LA,ASW,CE,Towers with Radar,0,6,59,1,66,0,1,29,2,32,0,7,88,3,98,42,0,42,140
11/09/2020,NEW,LA,ASW,CE,Towers with Radar,0,9,28,2,39,0,0,42,0,42,0,9,70,2,81,62,2,64,145
11/10/2020,NEW,LA,ASW,CE,Towers with Radar,0,0,35,2,37,0,2,5,2,9,0,2,40,4,46,10,0,10,56
11/11/2020,NEW,LA,ASW,CE,Towers with Radar,0,4,46,1,51,0,1,14,0,15,0,5,60,1,66,0,0,0,66
11/12/2020,NEW,LA,ASW,CE,Towers with Radar,0,8,47,6,61,0,5,24,6,35,0,13,71,12,96,60,14,74,170
11/13/2020,NEW,LA,ASW,CE,Towers with Radar,0,4,41,1,46,0,7,67,1,75,0,11,108,2,121,118,2,120,241
11/14/2020,NEW,LA,ASW,CE,Towers with Radar,0,2,26,0,28,0,1,71,0,72,0,3,97,0,100,80,0,80,180
11/15/2020,NEW,LA,ASW,CE,Towers with Radar,0,6,53,0,59,0,1,43,1,45,0,7,96,1,104,70,0,70,174
11/16/2020,NEW,LA,ASW,CE,Towers with Radar,0,7,28,3,38,0,6,49,5,60,0,13,77,8,98,58,26,84,182
11/17/2020,NEW,LA,ASW,CE,Towers with Radar,0,5,39,9,53,0,1,44,0,45,0,6,83,9,98,26,8,34,132
11/18/2020,NEW,LA,ASW,CE,Towers with Radar,0,5,26,0,31,0,0,41,1,42,0,5,67,1,73,108,12,120,193
11/19/2020,NEW,LA,ASW,CE,Towers with Radar,0,11,27,3,41,0,6,53,3,62,0,17,80,6,103,104,0,104,207
11/20/2020,NEW,LA,ASW,CE,Towers with Radar,0,10,43,4,57,0,17,54,2,73,0,27,97,6,130,92,0,92,222
11/21/2020,NEW,LA,ASW,CE,Towers with Radar,0,10,34,0,44,0,3,78,0,81,0,13,112,0,125,90,0,90,215
11/22/2020,NEW,LA,ASW,CE,Towers with Radar,0,9,44,7,60,0,0,54,0,54,0,9,98,7,114,104,0,104,218
11/23/2020,NEW,LA,ASW,CE,Towers with Radar,0,8,44,3,55,0,0,46,0,46,0,8,90,3,101,32,0,32,133
11/24/2020,NEW,LA,ASW,CE,Towers with Radar,0,4,44,2,50,0,0,40,1,41,0,4,84,3,91,84,0,84,175
11/25/2020,NEW,LA,ASW,CE,Towers with Radar,0,2,30,0,32,0,3,18,0,21,0,5,48,0,53,22,0,22,75
11/26/2020,NEW,LA,ASW,CE,Towers with Radar,0,3,12,0,15,0,0,0,0,0,0,3,12,0,15,0,0,0,15
11/27/2020,NEW,LA,ASW,CE,Towers with Radar,0,4,24,0,28,0,0,7,0,7,0,4,31,0,35,28,0,28,63
11/28/2020,NEW,LA,ASW,CE,Towers with Radar,0,6,48,1,55,0,0,8,0,8,0,6,56,1,63,84,16,100,163
11/29/2020,NEW,LA,ASW,CE,Towers with Radar,0,9,29,0,38,0,1,0,0,1,0,10,29,0,39,0,0,0,39
11/30/2020,NEW,LA,ASW,CE,Towers with Radar,0,7,28,0,35,0,5,30,1,36,0,12,58,1,71,4,0,4,75
12/01/2020,NEW,LA,ASW,CE,Towers with Radar,0,0,32,9,41,0,3,60,3,66,0,3,92,12,107,136,34,170,277
12/02/2020,NEW,LA,ASW,CE,Towers with Radar,0,2,17,3,22,0,0,40,10,50,0,2,57,13,72,6,16,22,94
12/03/2020,NEW,LA,ASW,CE,Towers with Radar,0,0,35,4,39,0,3,24,0,27,0,3,59,4,66,88,22,110,176
12/04/2020,NEW,LA,ASW,CE,Towers with Radar,0,13,25,17,55,0,4,40,14,58,0,17,65,31,113,68,6,74,187
12/05/2020,NEW,LA,ASW,CE,Towers with Radar,0,10,26,4,40,0,2,72,1,75,0,12,98,5,115,112,8,120,235
12/06/2020,NEW,LA,ASW,CE,Towers with Radar,0,11,29,3,43,0,3,45,5,53,0,14,74,8,96,70,14,84,180
12/07/2020,NEW,LA,ASW,CE,Towers with Radar,0,6,24,7,37,0,2,38,2,42,0,8,62,9,79,30,24,54,133
12/08/2020,NEW,LA,ASW,CE,Towers with Radar,0,4,31,9,44,0,6,43,2,51,0,10,74,11,95,90,38,128,223
12/09/2020,NEW,LA,ASW,CE,Towers with Radar,0,3,34,5,42,0,16,77,6,99,0,19,111,11,141,148,6,154,295
12/10/2020,NEW,LA,ASW,CE,Towers with Radar,0,3,34,3,40,0,7,63,1,71,0,10,97,4,111,150,6,156,267
12/11/2020,NEW,LA,ASW,CE,Towers with Radar,0,13,44,7,64,0,3,63,7,73,0,16,107,14,137,268,28,296,433
12/12/2020,NEW,LA,ASW,CE,Towers with Radar,0,3,31,5,39,0,6,26,0,32,0,9,57,5,71,26,10,36,107
12/13/2020,NEW,LA,ASW,CE,Towers with Radar,0,4,27,13,44,0,0,11,3,14,0,4,38,16,58,42,0,42,100
12/14/2020,NEW,LA,ASW,CE,Towers with Radar,0,0,27,5,32,0,8,21,3,32,0,8,48,8,64,26,16,42,106
12/15/2020,NEW,LA,ASW,CE,Towers with Radar,0,4,38,1,43,0,1,18,1,20,0,5,56,2,63,42,0,42,105
12/16/2020,NEW,LA,ASW,CE,Towers with Radar,0,3,36,5,44,0,2,16,3,21,0,5,52,8,65,56,4,60,125
12/17/2020,NEW,LA,ASW,CE,Towers with Radar,0,8,36,5,49,0,7,27,6,40,0,15,63,11,89,60,2,62,151
12/18/2020,NEW,LA,ASW,CE,Towers with Radar,0,14,44,4,62,0,4,53,4,61,0,18,97,8,123,56,6,62,185
12/19/2020,NEW,LA,ASW,CE,Towers with Radar,0,7,25,0,32,0,3,45,0,48,0,10,70,0,80,48,0,48,128
12/20/2020,NEW,LA,ASW,CE,Towers with Radar,0,19,43,6,68,0,3,14,1,18,0,22,57,7,86,36,0,36,122
12/21/2020,NEW,LA,ASW,CE,Towers with Radar,0,10,41,1,52,0,6,51,0,57,0,16,92,1,109,72,0,72,181
12/22/2020,NEW,LA,ASW,CE,Towers with Radar,0,5,34,4,43,0,5,66,2,73,0,10,100,6,116,106,6,112,228
12/23/2020,NEW,LA,ASW,CE,Towers with Radar,0,8,26,2,36,0,1,18,0,19,0,9,44,2,55,44,0,44,99
12/24/2020,NEW,LA,ASW,CE,Towers with Radar,0,1,23,2,26,0,1,6,0,7,0,2,29,2,33,0,0,0,33
12/25/2020,NEW,LA,ASW,CE,Towers with Radar,0,7,5,0,12,0,1,8,0,9,0,8,13,0,21,0,0,0,21
12/26/2020,NEW,LA,ASW,CE,Towers with Radar,0,11,26,0,37,0,7,50,0,57,0,18,76,0,94,96,0,96,190
12/27/2020,NEW,LA,ASW,CE,Towers with Radar,0,10,42,0,52,0,7,57,0,64,0,17,99,0,116,90,0,90,206
12/28/2020,NEW,LA,ASW,CE,Towers with Radar,0,5,35,2,42,0,7,57,1,65,0,12,92,3,107,146,0,146,253
12/29/2020,NEW,LA,ASW,CE,Towers with Radar,0,3,31,3,37,0,3,55,3,61,0,6,86,6,98,26,0,26,124
12/30/2020,NEW,LA,ASW,CE,Towers with Radar,0,9,39,4,52,0,12,49,0,61,0,21,88,4,113,58,0,58,171
12/31/2020,NEW,LA,ASW,CE,Towers with Radar,0,5,32,0,37,0,0,32,1,33,0,5,64,1,70,44,8,52,122
01/01/2021,NEW,LA,ASW,CE,Towers with Radar,0,10,30,0,40,0,4,23,1,28,0,14,53,1,68,26,14,40,108
01/02/2021,NEW,LA,ASW,CE,Towers with Radar,0,21,63,0,84,0,6,78,0,84,0,27,141,0,168,76,0,76,244
01/03/2021,NEW,LA,ASW,CE,Towers with Radar,0,16,46,1,63,0,10,95,0,105,0,26,141,1,168,60,0,60,228
01/04/2021,NEW,LA,ASW,CE,Towers with Radar,0,4,28,0,32,0,1,35,2,38,0,5,63,2,70,78,0,78,148
01/05/2021,NEW,LA,ASW,CE,Towers with Radar,0,2,28,1,31,0,6,50,7,63,0,8,78,8,94,74,0,74,168
01/06/2021,NEW,LA,ASW,CE,Towers with Radar,0,2,22,1,25,0,8,37,4,49,0,10,59,5,74,68,6,74,148
01/07/2021,NEW,LA,ASW,CE,Towers with Radar,0,5,20,5,30,0,2,9,9,20,0,7,29,14,50,0,34,34,84
01/08/2021,NEW,LA,ASW,CE,Towers with Radar,0,1,38,12,51,0,1,33,3,37,0,2,71,15,88,22,12,34,122
01/09/2021,NEW,LA,ASW,CE,Towers with Radar,0,6,28,9,43,0,5,84,6,95,0,11,112,15,138,158,6,164,302
01/10/2021,NEW,LA,ASW,CE,Towers with Radar,0,10,47,7,64,0,2,30,3,35,0,12,77,10,99,76,0,76,175
01/11/2021,NEW,LA,ASW,CE,Towers with Radar,0,3,23,0,26,0,0,0,0,0,0,3,23,0,26,0,8,8,34
01/12/2021,NEW,LA,ASW,CE,Towers with Radar,0,7,42,3,52,0,1,14,5,20,0,8,56,8,72,60,32,92,164
01/13/2021,NEW,LA,ASW,CE,Towers with Radar,0,13,29,5,47,0,6,48,2,56,0,19,77,7,103,108,24,132,235
01/14/2021,NEW,LA,ASW,CE,Towers with Radar,0,9,32,3,44,0,2,43,2,47,0,11,75,5,91,40,0,40,131
01/15/2021,NEW,LA,ASW,CE,Towers with Radar,0,8,38,1,47,0,5,42,4,51,0,13,80,5,98,44,10,54,152
01/16/2021,NEW,LA,ASW,CE,Towers with Radar,0,12,47,2,61,0,2,107,0,109,0,14,154,2,170,104,0,104,274
01/17/2021,NEW,LA,ASW,CE,Towers with Radar,0,8,43,0,51,0,5,56,0,61,0,13,99,0,112,136,0,136,248
01/18/2021,NEW,LA,ASW,CE,Towers with Radar,0,8,41,0,49,0,5,56,0,61,0,13,97,0,110,76,0,76,186
01/19/2021,NEW,LA,ASW,CE,Towers with Radar,0,6,35,5,46,0,1,39,8,48,0,7,74,13,94,46,22,68,162
01/20/2021,NEW,LA,ASW,CE,Towers with Radar,0,7,21,3,31,0,5,33,1,39,0,12,54,4,70,144,2,146,216
01/21/2021,NEW,LA,ASW,CE,Towers with Radar,0,4,38,4,46,0,3,35,6,44,0,7,73,10,90,62,2,64,154
01/22/2021,NEW,LA,ASW,CE,Towers with Radar,0,2,27,4,33,0,0,4,0,4,0,2,31,4,37,6,0,6,43
01/23/2021,NEW,LA,ASW,CE,Towers with Radar,0,5,21,0,26,0,2,1,0,3,0,7,22,0,29,0,0,0,29
01/24/2021,NEW,LA,ASW,CE,Towers with Radar,0,5,38,0,43,0,0,13,0,13,0,5,51,0,56,72,0,72,128
01/25/2021,NEW,LA,ASW,CE,Towers with Radar,0,5,21,12,38,0,4,8,0,12,0,9,29,12,50,0,0,0,50
01/26/2021,NEW,LA,ASW,CE,Towers with Radar,0,1,32,2,35,0,1,22,2,25,0,2,54,4,60,24,8,32,92
01/27/2021,NEW,LA,ASW,CE,Towers with Radar,0,6,27,9,42,0,0,9,2,11,0,6,36,11,53,0,0,0,53
01/28/2021,NEW,LA,ASW,CE,Towers with Radar,0,12,49,10,71,0,6,82,1,89,0,18,131,11,160,50,10,60,220
01/29/2021,NEW,LA,ASW,CE,Towers with Radar,0,4,51,8,63,0,3,79,6,88,0,7,130,14,151,134,12,146,297
01/30/2021,NEW,LA,ASW,CE,Towers with Radar,0,6,32,2,40,0,1,86,2,89,0,7,118,4,129,106,10,116,245
01/31/2021,NEW,LA,ASW,CE,Towers with Radar,0,9,48,16,73,0,9,50,9,68,0,18,98,25,141,78,0,78,219
02/01/2021,NEW,LA,ASW,CE,Towers with Radar,0,5,31,1,37,0,5,41,2,48,0,10,72,3,85,16,0,16,101
02/02/2021,NEW,LA,ASW,CE,Towers with Radar,0,12,35,5,52,0,0,44,0,44,0,12,79,5,96,96,6,102,198
02/03/2021,NEW,LA,ASW,CE,Towers with Radar,0,8,49,3,60,0,2,49,0,51,0,10,98,3,111,42,0,42,153
02/04/2021,NEW,LA,ASW,CE,Towers with Radar,0,6,33,3,42,0,2,49,5,56,0,8,82,8,98,62,14,76,174
02/05/2021,NEW,LA,ASW,CE,Towers with Radar,0,7,41,9,57,0,4,20,3,27,0,11,61,12,84,10,0,10,94
02/06/2021,NEW,LA,ASW,CE,Towers with Radar,0,9,26,0,35,0,0,0,0,0,0,9,26,0,35,0,0,0,35
02/07/2021,NEW,LA,ASW,CE,Towers with Radar,0,9,56,5,70,0,6,64,2,72,0,15,120,7,142,104,0,104,246
02/08/2021,NEW,LA,ASW,CE,Towers with Radar,0,4,34,5,43,0,2,30,1,33,0,6,64,6,76,26,0,26,102
02/09/2021,NEW,LA,ASW,CE,Towers with Radar,0,1,39,4,44,0,2,24,0,26,0,3,63,4,70,44,0,44,114
02/10/2021,NEW,LA,ASW,CE,Towers with Radar,0,9,31,6,46,0,1,0,0,1,0,10,31,6,47,4,0,4,51
02/11/2021,NEW,LA,ASW,CE,Towers with Radar,0,1,9,1,11,0,1,7,0,8,0,2,16,1,19,6,0,6,25
02/12/2021,NEW,LA,ASW,CE,Towers with Radar,0,3,29,9,41,0,0,0,0,0,0,3,29,9,41,0,0,0,41
02/13/2021,NEW,LA,ASW,CE,Towers with Radar,0,7,19,0,26,0,2,21,0,23,0,9,40,0,49,0,0,0,49
02/14/2021,NEW,LA,ASW,CE,Towers with Radar,0,4,30,3,37,0,0,14,0,14,0,4,44,3,51,0,0,0,51
02/15/2021,NEW,LA,ASW,CE,Towers with Radar,0,2,6,0,8,0,0,0,0,0,0,2,6,0,8,0,0,0,8
02/16/2021,NEW,LA,ASW,CE,Towers with Radar,0,9,14,3,26,0,2,36,3,41,0,11,50,6,67,8,8,16,83
02/17/2021,NEW,LA,ASW,CE,Towers with Radar,0,5,28,0,33,0,1,1,0,2,0,6,29,0,35,0,0,0,35
02/18/2021,NEW,LA,ASW,CE,Towers with Radar,0,6,20,0,26,0,1,7,0,8,0,7,27,0,34,0,0,0,34
02/19/2021,NEW,LA,ASW,CE,Towers with Radar,0,7,40,9,56,0,1,70,3,74,0,8,110,12,130,42,0,42,172
02/20/2021,NEW,LA,ASW,CE,Towers with Radar,0,6,49,4,59,0,16,114,3,133,0,22,163,7,192,60,0,60,252
02/21/2021,NEW,LA,ASW,CE,Towers with Radar,0,5,49,9,63,0,6,86,1,93,0,11,135,10,156,70,0,70,226
02/22/2021,NEW,LA,ASW,CE,Towers with Radar,0,3,31,2,36,0,9,53,2,64,0,12,84,4,100,74,0,74,174
02/23/2021,NEW,LA,ASW,CE,Towers with Radar,0,6,39,2,47,0,4,84,0,88,0,10,123,2,135,150,0,150,285
02/24/2021,NEW,LA,ASW,CE,Towers with Radar,0,3,35,3,41,0,1,80,4,85,0,4,115,7,126,114,0,114,240
02/25/2021,NEW,LA,ASW,CE,Towers with Radar,0,6,36,2,44,0,1,69,0,70,0,7,105,2,114,172,0,172,286
02/26/2021,NEW,LA,ASW,CE,Towers with Radar,0,4,47,8,59,0,4,40,4,48,0,8,87,12,107,76,0,76,183
02/27/2021,NEW,LA,ASW,CE,Towers with Radar,0,10,35,3,48,0,6,51,8,65,0,16,86,11,113,142,4,146,259
02/28/2021,NEW,LA,ASW,CE,Towers with Radar,0,6,49,10,65,0,8,36,9,53,0,14,85,19,118,44,14,58,176
03/01/2021,NEW,LA,ASW,CE,Towers with Radar,0,8,36,1,45,0,1,15,0,16,0,9,51,1,61,20,0,20,81
03/02/2021,NEW,LA,ASW,CE,Towers with Radar,0,0,10,5,15,0,0,0,0,0,0,0,10,5,15,2,0,2,17
03/03/2021,NEW,LA,ASW,CE,Towers with Radar,0,5,39,4,48,0,2,56,0,58,0,7,95,4,106,138,0,138,244
03/04/2021,NEW,LA,ASW,CE,Towers with Radar,0,6,52,0,58,0,2,52,0,54,0,8,104,0,112,68,0,68,180
03/05/2021,NEW,LA,ASW,CE,Towers with Radar,0,3,55,6,64,0,5,34,0,39,0,8,89,6,103,78,0,78,181
03/06/2021,NEW,LA,ASW,CE,Towers with Radar,0,4,44,3,51,0,2,100,5,107,0,6,144,8,158,70,0,70,228
03/07/2021,NEW,LA,ASW,CE,Towers with Radar,0,5,58,7,70,0,3,94,3,100,0,8,152,10,170,32,0,32,202
03/08/2021,NEW,LA,ASW,CE,Towers with Radar,0,2,36,10,48,0,2,40,3,45,0,4,76,13,93,68,38,106,199
03/09/2021,NEW,LA,ASW,CE,Towers with Radar,0,6,34,2,42,0,1,43,8,52,0,7,77,10,94,40,14,54,148
03/10/2021,NEW,LA,ASW,CE,Towers with Radar,0,7,45,9,61,0,4,32,1,37,0,11,77,10,98,30,0,30,128
03/11/2021,NEW,LA,ASW,CE,Towers with Radar,0,8,57,3,68,0,4,51,3,58,0,12,108,6,126,36,8,44,170
03/12/2021,NEW,LA,ASW,CE,Towers with Radar,0,3,46,4,53,0,2,73,0,75,0,5,119,4,128,120,2,122,250
03/13/2021,NEW,LA,ASW,CE,Towers with Radar,0,8,46,5,59,0,4,89,3,96,0,12,135,8,155,66,10,76,231
03/14/2021,NEW,LA,ASW,CE,Towers with Radar,0,11,54,6,71,0,2,81,0,83,0,13,135,6,154,42,0,42,196
03/15/2021,NEW,LA,ASW,CE,Towers with Radar,0,2,51,8,61,0,3,30,0,33,0,5,81,8,94,70,0,70,164
03/16/2021,NEW,LA,ASW,CE,Towers with Radar,0,3,40,2,45,0,5,30,4,39,0,8,70,6,84,58,0,58,142
03/17/2021,NEW,LA,ASW,CE,Towers with Radar,0,5,24,4,33,0,1,3,1,5,0,6,27,5,38,0,0,0,38
03/18/2021,NEW,LA,ASW,CE,Towers with Radar,0,9,41,8,58,0,8,40,2,50,0,17,81,10,108,66,2,68,176
03/19/2021,NEW,LA,ASW,CE,Towers with Radar,0,10,64,11,85,0,2,62,7,71,0,12,126,18,156,68,16,84,240
03/20/2021,NEW,LA,ASW,CE,Towers with Radar,0,25,55,0,80,0,8,89,0,97,0,33,144,0,177,94,0,94,271
03/21/2021,NEW,LA,ASW,CE,Towers with Radar,0,7,78,4,89,0,3,108,8,119,0,10,186,12,208,82,0,82,290
03/22/2021,NEW,LA,ASW,CE,Towers with Radar,0,9,37,5,51,0,9,40,4,53,0,18,77,9,104,50,0,50,154
03/23/2021,NEW,LA,ASW,CE,Towers with Radar,0,5,17,0,22,0,1,2,0,3,0,6,19,0,25,0,0,0,25
03/24/2021,NEW,LA,ASW,CE,Towers with Radar,0,6,31,1,38,0,0,8,0,8,0,6,39,1,46,20,0,20,66
03/25/2021,NEW,LA,ASW,CE,Towers with Radar,0,4,17,2,23,0,0,4,1,5,0,4,21,3,28,18,4,22,50
03/26/2021,NEW,LA,ASW,CE,Towers with Radar,0,14,72,4,90,0,9,37,2,48,0,23,109,6,138,82,0,82,220
03/27/2021,NEW,LA,ASW,CE,Towers with Radar,0,12,58,0,70,0,7,55,0,62,0,19,113,0,132,64,0,64,196
03/28/2021,NEW,LA,ASW,CE,Towers with Radar,0,16,52,0,68,0,10,42,5,57,0,26,94,5,125,44,0,44,169
03/29/2021,NEW,LA,ASW,CE,Towers with Radar,0,12,26,3,41,0,2,74,0,76,0,14,100,3,117,54,4,58,175
03/30/2021,NEW,LA,ASW,CE,Towers with Radar,0,8,64,2,74,0,1,14,0,15,0,9,78,2,89,0,0,0,89
03/31/2021,NEW,LA,ASW,CE,Towers with Radar,0,7,40,0,47,0,1,9,0,10,0,8,49,0,57,0,0,0,57
04/01/2021,NEW,LA,ASW,CE,Towers with Radar,0,13,52,7,72,0,2,51,3,56,0,15,103,10,128,66,0,66,194
04/02/2021,NEW,LA,ASW,CE,Towers with Radar,0,9,58,0,67,0,3,93,4,100,0,12,151,4,167,54,0,54,221
04/03/2021,NEW,LA,ASW,CE,Towers with Radar,0,7,51,1,59,0,11,106,1,118,0,18,157,2,177,68,0,68,245
04/04/2021,NEW,LA,ASW,CE,Towers with Radar,0,6,36,1,43,0,8,53,2,63,0,14,89,3,106,20,0,20,126
04/05/2021,NEW,LA,ASW,CE,Towers with Radar,0,15,52,0,67,0,7,82,2,91,0,22,134,2,158,40,0,40,198
04/06/2021,NEW,LA,ASW,CE,Towers with Radar,0,13,41,5,59,5,0,59,5,69,5,13,100,10,128,108,26,134,262
04/07/2021,NEW,LA,ASW,CE,Towers with Radar,0,11,42,2,55,0,3,41,4,48,0,14,83,6,103,56,4,60,163
04/08/2021,NEW,LA,ASW,CE,Towers with Radar,0,5,60,1,66,0,7,62,5,74,0,12,122,6,140,144,6,150,290
04/09/2021,NEW,LA,ASW,CE,Towers with Radar,0,11,67,16,94,0,5,26,1,32,0,16,93,17,126,54,0,54,180
04/10/2021,NEW,LA,ASW,CE,Towers with Radar,0,7,34,2,43,0,5,65,0,70,0,12,99,2,113,30,0,30,143
04/11/2021,NEW,LA,ASW,CE,Towers with Radar,0,16,61,1,78,0,5,95,3,103,0,21,156,4,181,106,0,106,287
04/12/2021,NEW,LA,ASW,CE,Towers with Radar,0,6,54,2,62,0,5,71,4,80,0,11,125,6,142,130,6,136,278
04/13/2021,NEW,LA,ASW,CE,Towers with Radar,0,1,8,3,12,0,2,24,0,26,0,3,32,3,38,30,0,30,68
04/14/2021,NEW,LA,ASW,CE,Towers with Radar,0,7,26,3,36,0,0,8,1,9,0,7,34,4,45,4,0,4,49
04/15/2021,NEW,LA,ASW,CE,Towers with Radar,0,11,49,2,62,0,7,23,0,30,0,18,72,2,92,28,0,28,120
04/16/2021,NEW,LA,ASW,CE,Towers with Radar,0,6,39,2,47,0,1,5,2,8,0,7,44,4,55,0,40,40,95
04/17/2021,NEW,LA,ASW,CE,Towers with Radar,0,8,36,0,44,0,0,2,1,3,0,8,38,1,47,0,24,24,71
04/18/2021,NEW,LA,ASW,CE,Towers with Radar,0,19,64,5,88,0,11,106,11,128,0,30,170,16,216,58,0,58,274
04/19/2021,NEW,LA,ASW,CE,Towers with Radar,0,9,48,0,57,0,5,46,0,51,0,14,94,0,108,90,0,90,198
04/20/2021,NEW,LA,ASW,CE,Towers with Radar,0,10,55,5,70,0,4,59,8,71,0,14,114,13,141,136,6,142,283
04/21/2021,NEW,LA,ASW,CE,Towers with Radar,0,18,39,4,61,0,7,63,0,70,0,25,102,4,131,46,0,46,177
04/22/2021,NEW,LA,ASW,CE,Towers with Radar,0,14,65,2,81,0,8,87,6,101,0,22,152,8,182,84,2,86,268
04/23/2021,NEW,LA,ASW,CE,Towers with Radar,0,12,55,3,70,0,6,48,4,58,0,18,103,7,128,92,0,92,220
04/24/2021,NEW,LA,ASW,CE,Towers with Radar,0,16,21,0,37,0,5,41,0,46,0,21,62,0,83,66,0,66,149
04/25/2021,NEW,LA,ASW,CE,Towers with Radar,0,19,76,6,101,0,5,122,4,131,0,24,198,10,232,124,0,124,356
04/26/2021,NEW,LA,ASW,CE,Towers with Radar,0,5,52,10,67,0,3,81,5,89,0,8,133,15,156,60,6,66,222
04/27/2021,NEW,LA,ASW,CE,Towers with Radar,0,4,63,3,70,0,6,40,2,48,0,10,103,5,118,114,0,114,232
04/28/2021,NEW,LA,ASW,CE,Towers with Radar,0,8,56,4,68,0,2,52,3,57,0,10,108,7,125,126,0,126,251
04/29/2021,NEW,LA,ASW,CE,Towers with Radar,0,6,84,4,94,0,10,43,6,59,0,16,127,10,153,194,2,196,349
04/30/2021,NEW,LA,ASW,CE,Towers with Radar,0,20,81,1,102,0,5,50,0,55,0,25,131,1,157,70,0,70,227
05/01/2021,NEW,LA,ASW,CE,Towers with Radar,0,12,30,0,42,0,12,92,0,104,0,24,122,0,146,28,0,28,174
05/02/2021,NEW,LA,ASW,CE,Towers with Radar,0,11,57,1,69,0,5,42,1,48,0,16,99,2,117,38,0,38,155
05/03/2021,NEW,LA,ASW,CE,Towers with Radar,0,7,43,2,52,0,3,37,0,40,0,10,80,2,92,80,0,80,172
05/04/2021,NEW,LA,ASW,CE,Towers with Radar,0,7,29,4,40,0,5,18,0,23,0,12,47,4,63,24,0,24,87
05/05/2021,NEW,LA,ASW,CE,Towers with Radar,0,8,42,2,52,0,1,11,0,12,0,9,53,2,64,64,0,64,128
05/06/2021,NEW,LA,ASW,CE,Towers with Radar,0,9,41,2,52,0,8,69,3,80,0,17,110,5,132,168,0,168,300
05/07/2021,NEW,LA,ASW,CE,Towers with Radar,0,12,77,14,103,0,4,68,4,76,0,16,145,18,179,192,14,206,385
05/08/2021,NEW,LA,ASW,CE,Towers with Radar,0,11,40,1,52,0,3,113,4,120,0,14,153,5,172,106,0,106,278
05/09/2021,NEW,LA,ASW,CE,Towers with Radar,0,11,46,11,68,0,4,94,0,98,0,15,140,11,166,92,8,100,266
05/10/2021,NEW,LA,ASW,CE,Towers with Radar,0,5,30,1,36,0,1,21,1,23,0,6,51,2,59,32,0,32,91
05/11/2021,NEW,LA,ASW,CE,Towers with Radar,0,1,39,0,40,0,0,21,2,23,0,1,60,2,63,38,6,44,107
05/12/2021,NEW,LA,ASW,CE,Towers with Radar,0,5,54,0,59,0,4,29,2,35,0,9,83,2,94,122,0,122,216
05/13/2021,NEW,LA,ASW,CE,Towers with Radar,0,18,79,9,106,0,12,59,4,75,0,30,138,13,181,64,12,76,257
05/14/2021,NEW,LA,ASW,CE,Towers with Radar,0,8,64,4,76,0,1,98,2,101,0,9,162,6,177,96,0,96,273
05/15/2021,NEW,LA,ASW,CE,Towers with Radar,0,14,50,12,76,0,7,98,2,107,0,21,148,14,183,84,6,90,273
05/16/2021,NEW,LA,ASW,CE,Towers with Radar,0,16,96,2,114,0,2,59,3,64,0,18,155,5,178,102,0,102,280
05/17/2021,NEW,LA,ASW,CE,Towers with Radar,0,6,43,4,53,0,4,28,2,34,0,10,71,6,87,4,0,4,91
05/18/2021,NEW,LA,ASW,CE,Towers with Radar,0,7,36,0,43,0,3,19,1,23,0,10,55,1,66,94,2,96,162
05/19/2021,NEW,LA,ASW,CE,Towers with Radar,0,7,43,0,50,0,3,13,0,16,0,10,56,0,66,0,0,0,66
05/20/2021,NEW,LA,ASW,CE,Towers with Radar,0,13,43,1,57,0,3,2,0,5,0,16,45,1,62,0,0,0,62
05/21/2021,NEW,LA,ASW,CE,Towers with Radar,0,24,63,34,121,0,3,25,7,35,0,27,88,41,156,8,14,22,178
05/22/2021,NEW,LA,ASW,CE,Towers with Radar,0,7,37,1,45,0,9,62,3,74,0,16,99,4,119,36,0,36,155
05/23/2021,NEW,LA,ASW,CE,Towers with Radar,0,24,90,14,128,0,4,92,8,104,0,28,182,22,232,62,0,62,294
05/24/2021,NEW,LA,ASW,CE,Towers with Radar,0,14,57,1,72,0,3,90,5,98,0,17,147,6,170,84,0,84,254
05/25/2021,NEW,LA,ASW,CE,Towers with Radar,0,12,42,6,60,0,4,58,10,72,0,16,100,16,132,94,8,102,234
05/26/2021,NEW,LA,ASW,CE,Towers with Radar,0,7,69,6,82,0,7,81,3,91,0,14,150,9,173,90,14,104,277
05/27/2021,NEW,LA,ASW,CE,Towers with Radar,0,10,49,7,66,0,6,92,7,105,0,16,141,14,171,208,6,214,385
05/28/2021,NEW,LA,ASW,CE,Towers with Radar,0,8,79,0,87,0,7,85,0,92,0,15,164,0,179,80,0,80,259
05/29/2021,NEW,LA,ASW,CE,Towers with Radar,0,11,49,0,60,0,5,92,0,97,0,16,141,0,157,90,0,90,247
05/30/2021,NEW,LA,ASW,CE,Towers with Radar,0,9,46,0,55,0,4,92,2,98,0,13,138,2,153,84,0,84,237
05/31/2021,NEW,LA,ASW,CE,Towers with Radar,0,1,62,2,65,0,2,63,0,65,0,3,125,2,130,88,0,88,218
06/01/2021,NEW,LA,ASW,CE,Towers with Radar,0,0,33,1,34,0,6,47,1,54,0,6,80,2,88,72,0,72,160
06/02/2021,NEW,LA,ASW,CE,Towers with Radar,0,10,51,0,61,0,5,26,0,31,0,15,77,0,92,76,0,76,168
06/03/2021,NEW,LA,ASW,CE,Towers with Radar,0,9,58,2,69,0,6,20,5,31,0,15,78,7,100,80,6,86,186
06/04/2021,NEW,LA,ASW,CE,Towers with Radar,0,11,57,2,70,0,1,62,0,63,0,12,119,2,133,108,4,112,245
06/05/2021,NEW,LA,ASW,CE,Towers with Radar,0,6,27,1,34,0,2,23,0,25,0,8,50,1,59,40,0,40,99
06/06/2021,NEW,LA,ASW,CE,Towers with Radar,0,11,59,1,71,0,0,11,0,11,0,11,70,1,82,32,0,32,114
06/07/2021,NEW,LA,ASW,CE,Towers with Radar,0,5,39,6,50,0,4,41,2,47,0,9,80,8,97,118,8,126,223
06/08/2021,NEW,LA,ASW,CE,Towers with Radar,0,9,33,8,50,0,2,65,2,69,0,11,98,10,119,128,0,128,247
06/09/2021,NEW,LA,ASW,CE,Towers with Radar,0,16,48,2,66,0,3,51,0,54,0,19,99,2,120,71,0,71,191
06/10/2021,NEW,LA,ASW,CE,Towers with Radar,0,9,65,8,82,0,6,79,7,92,0,15,144,15,174,74,7,81,255
06/11/2021,NEW,LA,ASW,CE,Towers with Radar,0,11,53,18,82,0,11,87,3,101,0,22,140,21,183,158,4,162,345
06/12/2021,NEW,LA,ASW,CE,Towers with Radar,0,7,45,14,66,0,7,95,8,110,0,14,140,22,176,88,4,92,268
06/13/2021,NEW,LA,ASW,CE,Towers with Radar,0,13,70,3,86,0,3,60,0,63,0,16,130,3,149,46,0,46,195
06/14/2021,NEW,LA,ASW,CE,Towers with Radar,0,10,50,1,61,0,5,65,5,75,0,15,115,6,136,146,4,150,286
06/15/2021,NEW,LA,ASW,CE,Towers with Radar,0,7,40,4,51,0,7,53,4,64,0,14,93,8,115,62,0,62,177
06/16/2021,NEW,LA,ASW,CE,Towers with Radar,0,10,46,1,57,0,8,87,1,96,0,18,133,2,153,82,0,82,235
06/17/2021,NEW,LA,ASW,CE,Towers with Radar,0,17,57,8,82,0,12,91,4,107,0,29,148,12,189,148,10,158,347
06/18/2021,NEW,LA,ASW,CE,Towers with Radar,0,4,30,1,35,0,5,3,0,8,0,9,33,1,43,56,0,56,99
06/19/2021,NEW,LA,ASW,CE,Towers with Radar,0,5,13,1,19,0,3,30,0,33,0,8,43,1,52,16,0,16,68
06/20/2021,NEW,LA,ASW,CE,Towers with Radar,0,7,27,0,34,0,0,46,0,46,0,7,73,0,80,0,0,0,80
06/21/2021,NEW,LA,ASW,CE,Towers with Radar,0,7,31,1,39,0,0,20,3,23,0,7,51,4,62,68,2,70,132
06/22/2021,NEW,LA,ASW,CE,Towers with Radar,0,7,25,2,34,0,6,26,0,32,0,13,51,2,66,90,0,90,156
06/23/2021,NEW,LA,ASW,CE,Towers with Radar,0,6,55,1,62,0,9,39,0,48,0,15,94,1,110,120,0,120,230
06/24/2021,NEW,LA,ASW,CE,Towers with Radar,0,13,47,2,62,0,1,42,3,46,0,14,89,5,108,92,6,98,206
06/25/2021,NEW,LA,ASW,CE,Towers with Radar,0,17,61,1,79,0,9,51,0,60,0,26,112,1,139,76,0,76,215
06/26/2021,NEW,LA,ASW,CE,Towers with Radar,0,13,36,7,56,0,8,78,1,87,0,21,114,8,143,90,8,98,241
06/27/2021,NEW,LA,ASW,CE,Towers with Radar,0,8,60,1,69,0,8,43,0,51,0,16,103,1,120,26,0,26,146
06/28/2021,NEW,LA,ASW,CE,Towers with Radar,0,8,33,6,47,0,3,56,2,61,0,11,89,8,108,126,10,136,244
06/29/2021,NEW,LA,ASW,CE,Towers with Radar,0,8,35,1,44,0,3,60,0,63,0,11,95,1,107,200,0,200,307
06/30/2021,NEW,LA,ASW,CE,Towers with Radar,0,5,48,2,55,0,4,71,8,83,0,9,119,10,138,146,0,146,284
07/01/2021,NEW,LA,ASW,CE,Towers with Radar,0,10,32,6,48,0,9,34,4,47,0,19,66,10,95,146,6,152,247
07/02/2021,NEW,LA,ASW,CE,Towers with Radar,0,5,34,3,42,0,7,55,0,62,0,12,89,3,104,148,0,148,252
07/03/2021,NEW,LA,ASW,CE,Towers with Radar,0,7,25,2,34,0,3,17,0,20,0,10,42,2,54,90,0,90,144
07/04/2021,NEW,LA,ASW,CE,Towers with Radar,0,3,24,0,27,0,7,39,0,46,0,10,63,0,73,16,0,16,89
07/05/2021,NEW,LA,ASW,CE,Towers with Radar,0,3,54,0,57,0,2,70,0,72,0,5,124,0,129,156,0,156,285
07/06/2021,NEW,LA,ASW,CE,Towers with Radar,0,6,28,15,49,0,10,46,0,56,0,16,74,15,105,184,2,186,291
07/07/2021,NEW,LA,ASW,CE,Towers with Radar,0,1,39,7,47,0,20,55,2,77,0,21,94,9,124,126,10,136,260
07/08/2021,NEW,LA,ASW,CE,Towers with Radar,0,3,41,3,47,0,7,58,2,67,0,10,99,5,114,136,0,136,250
07/09/2021,NEW,LA,ASW,CE,Towers with Radar,0,4,41,7,52,0,1,44,2,47,0,5,85,9,99,82,6,88,187
07/10/2021,NEW,LA,ASW,CE,Towers with Radar,0,8,31,1,40,0,6,70,3,79,0,14,101,4,119,126,0,126,245
07/11/2021,NEW,LA,ASW,CE,Towers with Radar,0,6,47,6,59,0,3,57,0,60,0,9,104,6,119,62,0,62,181
07/12/2021,NEW,LA,ASW,CE,Towers with Radar,0,7,29,4,40,0,2,53,0,55,0,9,82,4,95,68,0,68,163
07/13/2021,NEW,LA,ASW,CE,Towers with Radar,0,3,31,3,37,0,2,64,3,69,0,5,95,6,106,130,0,130,236
07/14/2021,NEW,LA,ASW,CE,Towers with Radar,0,7,54,1,62,0,4,59,4,67,0,11,113,5,129,196,2,198,327
07/15/2021,NEW,LA,ASW,CE,Towers with Radar,0,2,53,5,60,0,4,68,2,74,0,6,121,7,134,150,6,156,290
07/16/2021,NEW,LA,ASW,CE,Towers with Radar,0,6,44,4,54,0,9,55,0,64,0,15,99,4,118,92,0,92,210
07/17/2021,NEW,LA,ASW,CE,Towers with Radar,0,6,38,5,49,0,11,72,2,85,0,17,110,7,134,132,0,132,266
07/18/2021,NEW,LA,ASW,CE,Towers with Radar,0,9,43,2,54,0,4,73,0,77,0,13,116,2,131,156,0,156,287
07/19/2021,NEW,LA,ASW,CE,Towers with Radar,0,7,40,2,49,0,5,59,0,64,0,12,99,2,113,68,0,68,181
07/20/2021,NEW,LA,ASW,CE,Towers with Radar,0,3,23,0,26,0,0,31,0,31,0,3,54,0,57,48,24,72,129
07/21/2021,NEW,LA,ASW,CE,Towers with Radar,0,13,42,4,59,0,7,67,1,75,0,20,109,5,134,106,2,108,242
07/22/2021,NEW,LA,ASW,CE,Towers with Radar,0,9,63,2,74,0,8,72,1,81,0,17,135,3,155,100,10,110,265
07/23/2021,NEW,LA,ASW,CE,Towers with Radar,0,9,71,13,93,0,3,74,4,81,0,12,145,17,174,72,0,72,246
07/24/2021,NEW,LA,ASW,CE,Towers with Radar,0,8,32,2,42,0,0,98,0,98,0,8,130,2,140,100,0,100,240
07/25/2021,NEW,LA,ASW,CE,Towers with Radar,0,7,54,6,67,0,8,79,2,89,0,15,133,8,156,92,0,92,248
07/26/2021,NEW,LA,ASW,CE,Towers with Radar,0,7,28,2,37,0,7,76,2,85,0,14,104,4,122,80,10,90,212
07/27/2021,NEW,LA,ASW,CE,Towers with Radar,0,3,49,7,59,0,4,76,2,82,0,7,125,9,141,86,4,90,231
07/28/2021,NEW,LA,ASW,CE,Towers with Radar,0,5,33,6,44,0,12,88,3,103,0,17,121,9,147,64,2,66,213
07/29/2021,NEW,LA,ASW,CE,Towers with Radar,0,3,42,1,46,0,10,108,8,126,0,13,150,9,172,100,10,110,282
07/30/2021,NEW,LA,ASW,CE,Towers with Radar,0,15,49,7,71,0,14,109,3,126,0,29,158,10,197,88,0,88,285
07/31/2021,NEW,LA,ASW,CE,Towers with Radar,0,0,31,3,34,0,4,88,0,92,0,4,119,3,126,98,4,102,228
08/01/2021,NEW,LA,ASW,CE,Towers with Radar,0,15,36,8,59,0,9,59,2,70,0,24,95,10,129,128,0,128,257
08/02/2021,NEW,LA,ASW,CE,Towers with Radar,0,4,34,0,38,0,0,40,1,41,0,4,74,1,79,94,6,100,179
08/03/2021,NEW,LA,ASW,CE,Towers with Radar,0,0,37,4,41,0,1,22,3,26,0,1,59,7,67,24,30,54,121
08/04/2021,NEW,LA,ASW,CE,Towers with Radar,0,6,57,0,63,0,3,57,0,60,0,9,114,0,123,50,2,52,175
08/05/2021,NEW,LA,ASW,CE,Towers with Radar,0,2,77,11,90,0,15,69,5,89,0,17,146,16,179,144,12,156,335
08/06/2021,NEW,LA,ASW,CE,Towers with Radar,0,2,56,6,64,0,8,67,4,79,0,10,123,10,143,74,0,74,217
08/07/2021,NEW,LA,ASW,CE,Towers with Radar,0,10,35,5,50,0,9,53,2,64,0,19,88,7,114,86,0,86,200
08/08/2021,NEW,LA,ASW,CE,Towers with Radar,0,8,41,3,52,0,12,67,2,81,0,20,108,5,133,102,0,102,235
08/09/2021,NEW,LA,ASW,CE,Towers with Radar,0,6,29,4,39,0,3,37,1,41,0,9,66,5,80,68,10,78,158
08/10/2021,NEW,LA,ASW,CE,Towers with Radar,0,7,46,7,60,0,12,46,5,63,0,19,92,12,123,46,3,49,172
08/11/2021,NEW,LA,ASW,CE,Towers with Radar,0,9,57,2,68,0,16,43,3,62,0,25,100,5,130,100,6,106,236
08/12/2021,NEW,LA,ASW,CE,Towers with Radar,0,7,36,0,43,0,1,38,3,42,0,8,74,3,85,94,0,94,179
08/13/2021,NEW,LA,ASW,CE,Towers with Radar,0,9,55,1,65,0,7,69,2,78,0,16,124,3,143,42,0,42,185
08/14/2021,NEW,LA,ASW,CE,Towers with Radar,0,6,40,10,56,0,7,122,4,133,0,13,162,14,189,134,16,150,339
08/15/2021,NEW,LA,ASW,CE,Towers with Radar,0,5,45,4,54,0,3,83,1,87,0,8,128,5,141,98,2,100,241
08/16/2021,NEW,LA,ASW,CE,Towers with Radar,0,18,29,1,48,0,7,64,1,72,0,25,93,2,120,66,8,74,194
08/17/2021,NEW,LA,ASW,CE,Towers with Radar,0,7,35,12,54,0,5,64,5,74,0,12,99,17,128,46,2,48,176
08/18/2021,NEW,LA,ASW,CE,Towers with Radar,0,12,36,4,52,0,4,52,10,66,0,16,88,14,118,60,0,60,178
08/19/2021,NEW,LA,ASW,CE,Towers with Radar,0,5,48,5,58,0,3,53,4,60,0,8,101,9,118,108,10,118,236
08/20/2021,NEW,LA,ASW,CE,Towers with Radar,0,12,41,1,54,0,6,81,2,89,0,18,122,3,143,76,0,76,219
08/21/2021,NEW,LA,ASW,CE,Towers with Radar,0,11,31,2,44,0,4,97,0,101,0,15,128,2,145,98,0,98,243
08/22/2021,NEW,LA,ASW,CE,Towers with Radar,0,9,31,2,42,0,1,63,1,65,0,10,94,3,107,102,0,102,209
08/23/2021,NEW,LA,ASW,CE,Towers with Radar,0,8,33,12,53,0,0,48,3,51,0,8,81,15,104,58,6,64,168
08/24/2021,NEW,LA,ASW,CE,Towers with Radar,0,9,41,8,58,0,5,85,2,92,0,14,126,10,150,68,0,68,218
08/25/2021,NEW,LA,ASW,CE,Towers with Radar,0,4,32,0,36,0,5,56,2,63,0,9,88,2,99,64,4,68,167
08/26/2021,NEW,LA,ASW,CE,Towers with Radar,0,13,28,0,41,0,7,28,1,36,0,20,56,1,77,58,0,58,135
08/27/2021,NEW,LA,ASW,CE,Towers with Radar,0,5,58,8,71,0,1,15,0,16,0,6,73,8,87,0,0,0,87
08/28/2021,NEW,LA,ASW,CE,Towers with Radar,0,7,59,0,66,0,1,14,0,15,0,8,73,0,81,0,0,0,81
08/29/2021,NEW,LA,ASW,CE,Towers with Radar,0,0,0,0,0,0,0,0,0,0,0,0,0,0,0,0,0,0,0
08/30/2021,NEW,LA,ASW,CE,Towers with Radar,0,0,0,0,0,0,0,2,0,2,0,0,2,0,2,0,0,0,2
08/31/2021,NEW,LA,ASW,CE,Towers with Radar,0,0,1,0,1,0,0,1,0,1,0,0,2,0,2,0,0,0,2
09/01/2021,NEW,LA,ASW,CE,Towers with Radar,0,0,2,0,2,0,0,2,0,2,0,0,4,0,4,0,0,0,4
09/02/2021,NEW,LA,ASW,CE,Towers with Radar,0,1,11,0,12,0,9,43,4,56,0,10,54,4,68,2,0,2,70
09/03/2021,NEW,LA,ASW,CE,Towers with Radar,0,2,17,0,19,0,6,16,2,24,0,8,33,2,43,0,0,0,43
09/04/2021,NEW,LA,ASW,CE,Towers with Radar,0,2,12,2,16,0,12,25,0,37,0,14,37,2,53,0,0,0,53
09/05/2021,NEW,LA,ASW,CE,Towers with Radar,0,0,16,2,18,0,5,14,6,25,0,5,30,8,43,0,0,0,43
09/06/2021,NEW,LA,ASW,CE,Towers with Radar,0,2,18,0,20,0,1,14,0,15,0,3,32,0,35,0,0,0,35
09/07/2021,NEW,LA,ASW,CE,Towers with Radar,0,6,29,0,35,0,2,22,0,24,0,8,51,0,59,20,0,20,79
09/08/2021,NEW,LA,ASW,CE,Towers with Radar,0,5,26,0,31,0,3,20,0,23,0,8,46,0,54,56,0,56,110
09/09/2021,NEW,LA,ASW,CE,Towers with Radar,0,2,26,0,28,0,5,46,0,51,0,7,72,0,79,3,0,3,82
09/10/2021,NEW,LA,ASW,CE,Towers with Radar,0,8,45,0,53,0,1,49,0,50,0,9,94,0,103,14,0,14,117
09/11/2021,NEW,LA,ASW,CE,Towers with Radar,0,8,18,4,30,0,9,53,2,64,0,17,71,6,94,32,0,32,126
09/12/2021,NEW,LA,ASW,CE,Towers with Radar,0,7,24,0,31,0,2,14,0,16,0,9,38,0,47,6,0,6,53
09/13/2021,NEW,LA,ASW,CE,Towers with Radar,0,8,37,0,45,0,2,20,1,23,0,10,57,1,68,30,0,30,98
09/14/2021,NEW,LA,ASW,CE,Towers with Radar,0,1,12,0,13,0,1,1,0,2,0,2,13,0,15,0,0,0,15
09/15/2021,NEW,LA,ASW,CE,Towers with Radar,0,0,21,0,21,0,1,1,0,2,0,1,22,0,23,14,0,14,37
09/16/2021,NEW,LA,ASW,CE,Towers with Radar,0,4,41,1,46,0,4,24,1,29,0,8,65,2,75,36,0,36,111
09/17/2021,NEW,LA,ASW,CE,Towers with Radar,0,5,23,0,28,0,5,13,1,19,0,10,36,1,47,46,0,46,93
09/18/2021,NEW,LA,ASW,CE,Towers with Radar,0,8,26,3,37,0,1,30,0,31,0,9,56,3,68,36,6,42,110
09/19/2021,NEW,LA,ASW,CE,Towers with Radar,0,6,37,2,45,0,6,24,0,30,0,12,61,2,75,80,0,80,155
09/20/2021,NEW,LA,ASW,CE,Towers with Radar,0,3,39,3,45,0,3,37,0,40,0,6,76,3,85,34,8,42,127
09/21/2021,NEW,LA,ASW,CE,Towers with Radar,0,2,45,2,49,0,3,26,0,29,0,5,71,2,78,84,0,84,162
09/22/2021,NEW,LA,ASW,CE,Towers with Radar,0,1,46,4,51,0,8,46,2,56,0,9,92,6,107,34,0,34,141
09/23/2021,NEW,LA,ASW,CE,Towers with Radar,0,3,47,4,54,0,6,65,0,71,0,9,112,4,125,84,0,84,209
09/24/2021,NEW,LA,ASW,CE,Towers with Radar,0,12,50,2,64,0,9,82,2,93,0,21,132,4,157,64,0,64,221
09/25/2021,NEW,LA,ASW,CE,Towers with Radar,0,4,34,6,44,0,17,74,0,91,0,21,108,6,135,64,20,84,219
09/26/2021,NEW,LA,ASW,CE,Towers with Radar,0,4,50,2,56,0,2,74,1,77,0,6,124,3,133,88,0,88,221
09/27/2021,NEW,LA,ASW,CE,Towers with Radar,0,9,55,0,64,0,3,39,3,45,0,12,94,3,109,38,6,44,153
09/28/2021,NEW,LA,ASW,CE,Towers with Radar,0,4,41,8,53,0,2,12,0,14,0,6,53,8,67,80,0,80,147
09/29/2021,NEW,LA,ASW,CE,Towers with Radar,0,11,28,2,41,0,2,6,0,8,0,13,34,2,49,20,0,20,69
09/30/2021,NEW,LA,ASW,CE,Towers with Radar,0,10,58,8,76,0,8,52,3,63,0,18,110,11,139,42,0,42,181
10/01/2021,NEW,LA,ASW,CE,Towers with Radar,0,15,68,6,89,0,2,58,4,64,0,17,126,10,153,86,0,86,239
10/02/2021,NEW,LA,ASW,CE,Towers with Radar,0,17,45,32,94,0,4,49,2,55,0,21,94,34,149,40,0,40,189
10/03/2021,NEW,LA,ASW,CE,Towers with Radar,0,24,72,3,99,0,0,43,0,43,0,24,115,3,142,22,0,22,164
10/04/2021,NEW,LA,ASW,CE,Towers with Radar,0,13,31,9,53,0,5,37,0,42,0,18,68,9,95,106,0,106,201
10/05/2021,NEW,LA,ASW,CE,Towers with Radar,0,7,39,7,53,0,2,46,1,49,0,9,85,8,102,38,0,38,140
10/06/2021,NEW,LA,ASW,CE,Towers with Radar,0,8,64,2,74,0,4,71,0,75,0,12,135,2,149,74,0,74,223
10/07/2021,NEW,LA,ASW,CE,Towers with Radar,0,6,60,2,68,0,1,68,4,73,0,7,128,6,141,50,0,50,191
10/08/2021,NEW,LA,ASW,CE,Towers with Radar,0,10,53,1,64,0,8,70,0,78,0,18,123,1,142,78,0,78,220
10/09/2021,NEW,LA,ASW,CE,Towers with Radar,0,14,32,5,51,0,10,97,0,107,0,24,129,5,158,52,4,56,214
10/10/2021,NEW,LA,ASW,CE,Towers with Radar,0,15,63,2,80,0,0,87,0,87,0,15,150,2,167,88,0,88,255
10/11/2021,NEW,LA,ASW,CE,Towers with Radar,0,20,41,1,62,0,7,71,0,78,0,27,112,1,140,38,0,38,178
10/12/2021,NEW,LA,ASW,CE,Towers with Radar,0,12,45,0,57,0,6,42,2,50,0,18,87,2,107,26,8,34,141
10/13/2021,NEW,LA,ASW,CE,Towers with Radar,0,6,46,0,52,0,3,56,0,59,0,9,102,0,111,72,0,72,183
10/14/2021,NEW,LA,ASW,CE,Towers with Radar,0,7,56,7,70,0,0,58,1,59,0,7,114,8,129,48,18,66,195
10/15/2021,NEW,LA,ASW,CE,Towers with Radar,0,12,68,1,81,0,12,68,4,84,0,24,136,5,165,88,22,110,275
10/16/2021,NEW,LA,ASW,CE,Towers with Radar,0,9,30,3,42,0,10,60,2,72,0,19,90,5,114,16,0,16,130
10/17/2021,NEW,LA,ASW,CE,Towers with Radar,0,8,74,4,86,0,2,57,1,60,0,10,131,5,146,106,0,106,252
10/18/2021,NEW,LA,ASW,CE,Towers with Radar,0,8,32,1,41,0,0,29,4,33,0,8,61,5,74,0,0,0,74
10/19/2021,NEW,LA,ASW,CE,Towers with Radar,0,11,42,6,59,0,1,35,5,41,0,12,77,11,100,0,0,0,100
10/20/2021,NEW,LA,ASW,CE,Towers with Radar,0,16,72,3,91,0,8,40,1,49,0,24,112,4,140,68,0,68,208
10/21/2021,NEW,LA,ASW,CE,Towers with Radar,0,9,69,0,78,0,4,39,2,45,0,13,108,2,123,44,32,76,199
10/22/2021,NEW,LA,ASW,CE,Towers with Radar,0,6,81,10,97,0,3,83,9,95,0,9,164,19,192,90,0,90,282
10/23/2021,NEW,LA,ASW,CE,Towers with Radar,0,11,37,2,50,0,1,96,4,101,0,12,133,6,151,132,0,132,283
10/24/2021,NEW,LA,ASW,CE,Towers with Radar,0,16,69,4,89,0,0,70,3,73,0,16,139,7,162,76,0,76,238
10/25/2021,NEW,LA,ASW,CE,Towers with Radar,0,22,84,1,107,0,2,57,5,64,0,24,141,6,171,122,0,122,293
10/26/2021,NEW,LA,ASW,CE,Towers with Radar,0,9,54,8,71,0,5,52,5,62,0,14,106,13,133,144,2,146,279
10/27/2021,NEW,LA,ASW,CE,Towers with Radar,0,6,32,0,38,0,4,27,4,35,0,10,59,4,73,30,0,30,103
10/28/2021,NEW,LA,ASW,CE,Towers with Radar,0,9,33,2,44,0,1,26,0,27,0,10,59,2,71,0,0,0,71
10/29/2021,NEW,LA,ASW,CE,Towers with Radar,0,10,63,6,79,0,6,41,2,49,0,16,104,8,128,4,0,4,132
10/30/2021,NEW,LA,ASW,CE,Towers with Radar,0,12,75,5,92,0,11,102,1,114,0,23,177,6,206,118,0,118,324
10/31/2021,NEW,LA,ASW,CE,Towers with Radar,0,24,73,5,102,0,0,79,5,84,0,24,152,10,186,74,0,74,260
11/01/2021,NEW,LA,ASW,CE,Towers with Radar,0,17,85,1,103,0,0,90,0,90,0,17,175,1,193,70,0,70,263
11/02/2021,NEW,LA,ASW,CE,Towers with Radar,0,6,61,8,75,0,3,87,3,93,0,9,148,11,168,114,0,114,282
11/03/2021,NEW,LA,ASW,CE,Towers with Radar,0,11,48,1,60,0,1,41,1,43,0,12,89,2,103,24,0,24,127
11/04/2021,NEW,LA,ASW,CE,Towers with Radar,0,26,72,4,102,0,0,41,2,43,0,26,113,6,145,84,0,84,229
11/05/2021,NEW,LA,ASW,CE,Towers with Radar,0,13,107,20,140,0,1,26,3,30,0,14,133,23,170,132,0,132,302
11/06/2021,NEW,LA,ASW,CE,Towers with Radar,0,13,53,0,66,0,4,102,1,107,0,17,155,1,173,92,10,102,275
11/07/2021,NEW,LA,ASW,CE,Towers with Radar,0,28,107,5,140,0,8,95,13,116,0,36,202,18,256,98,4,102,358
11/08/2021,NEW,LA,ASW,CE,Towers with Radar,0,11,55,8,74,0,1,68,2,71,0,12,123,10,145,42,10,52,197
11/09/2021,NEW,LA,ASW,CE,Towers with Radar,0,12,43,0,55,0,3,56,5,64,0,15,99,5,119,112,0,112,231
11/10/2021,NEW,LA,ASW,CE,Towers with Radar,0,15,78,4,97,0,3,48,2,53,0,18,126,6,150,54,0,54,204
11/11/2021,NEW,LA,ASW,CE,Towers with Radar,0,29,80,0,109,0,8,51,0,59,0,37,131,0,168,42,0,42,210
11/12/2021,NEW,LA,ASW,CE,Towers with Radar,0,25,105,0,130,0,4,99,0,103,0,29,204,0,233,138,0,138,371
11/13/2021,NEW,LA,ASW,CE,Towers with Radar,0,19,60,0,79,0,5,79,0,84,0,24,139,0,163,46,0,46,209
11/14/2021,NEW,LA,ASW,CE,Towers with Radar,0,32,116,2,150,0,4,97,0,101,0,36,213,2,251,76,0,76,327
11/15/2021,NEW,LA,ASW,CE,Towers with Radar,0,12,53,3,68,0,10,61,2,73,0,22,114,5,141,75,24,99,240
11/16/2021,NEW,LA,ASW,CE,Towers with Radar,0,14,51,2,67,0,6,65,3,74,0,20,116,5,141,114,18,132,273
11/17/2021,NEW,LA,ASW,CE,Towers with Radar,0,12,58,6,76,0,7,60,2,69,0,19,118,8,145,80,0,80,225
11/18/2021,NEW,LA,ASW,CE,Towers with Radar,0,12,50,2,64,0,2,31,5,38,0,14,81,7,102,66,0,66,168
11/19/2021,NEW,LA,ASW,CE,Towers with Radar,0,5,65,6,76,0,8,88,2,98,0,13,153,8,174,82,0,82,256
11/20/2021,NEW,LA,ASW,CE,Towers with Radar,0,10,52,0,62,0,9,79,0,88,0,19,131,0,150,52,0,52,202
11/21/2021,NEW,LA,ASW,CE,Towers with Radar,0,12,74,7,93,0,4,87,1,92,0,16,161,8,185,76,0,76,261
11/22/2021,NEW,LA,ASW,CE,Towers with Radar,0,10,42,5,57,0,3,36,3,42,0,13,78,8,99,2,0,2,101
11/23/2021,NEW,LA,ASW,CE,Towers with Radar,0,10,68,2,80,0,6,93,8,107,0,16,161,10,187,90,0,90,277
11/24/2021,NEW,LA,ASW,CE,Towers with Radar,0,10,69,2,81,0,2,97,0,99,0,12,166,2,180,72,0,72,252
11/25/2021,NEW,LA,ASW,CE,Towers with Radar,0,6,20,0,26,0,0,12,0,12,0,6,32,0,38,88,0,88,126
11/26/2021,NEW,LA,ASW,CE,Towers with Radar,0,16,43,0,59,0,5,38,0,43,0,21,81,0,102,60,0,60,162
11/27/2021,NEW,LA,ASW,CE,Towers with Radar,0,17,35,1,53,0,5,64,3,72,0,22,99,4,125,94,0,94,219
11/28/2021,NEW,LA,ASW,CE,Towers with Radar,0,20,96,0,116,0,3,63,0,66,0,23,159,0,182,106,0,106,288
11/29/2021,NEW,LA,ASW,CE,Towers with Radar,1,17,53,4,75,0,4,57,2,63,1,21,110,6,138,54,12,66,204
11/30/2021,NEW,LA,ASW,CE,Towers with Radar,0,16,56,9,81,0,4,84,4,92,0,20,140,13,173,132,12,144,317
12/01/2021,NEW,LA,ASW,CE,Towers with Radar,0,13,64,4,81,0,6,62,3,71,0,19,126,7,152,72,0,72,224
12/02/2021,NEW,LA,ASW,CE,Towers with Radar,0,32,122,5,159,0,4,69,4,77,0,36,191,9,236,102,6,108,344
12/03/2021,NEW,LA,ASW,CE,Towers with Radar,0,22,117,5,144,0,4,47,1,52,0,26,164,6,196,28,0,28,224
12/04/2021,NEW,LA,ASW,CE,Towers with Radar,0,20,57,1,78,0,9,75,6,90,0,29,132,7,168,58,0,58,226
12/05/2021,NEW,LA,ASW,CE,Towers with Radar,0,17,80,13,110,0,6,74,1,81,0,23,154,14,191,56,0,56,247
12/06/2021,NEW,LA,ASW,CE,Towers with Radar,0,8,45,4,57,0,0,26,1,27,0,8,71,5,84,88,2,90,174
12/07/2021,NEW,LA,ASW,CE,Towers with Radar,0,6,44,14,64,0,0,0,0,0,0,6,44,14,64,0,0,0,64
12/08/2021,NEW,LA,ASW,CE,Towers with Radar,0,16,54,0,70,0,6,30,0,36,0,22,84,0,106,14,0,14,120
12/09/2021,NEW,LA,ASW,CE,Towers with Radar,0,15,92,2,109,0,3,21,3,27,0,18,113,5,136,66,26,92,228
12/10/2021,NEW,LA,ASW,CE,Towers with Radar,0,12,97,0,109,0,1,45,2,48,0,13,142,2,157,52,0,52,209
12/11/2021,NEW,LA,ASW,CE,Towers with Radar,0,12,44,2,58,0,12,28,1,41,0,24,72,3,99,12,0,12,111
12/12/2021,NEW,LA,ASW,CE,Towers with Radar,0,17,78,5,100,0,5,99,1,105,0,22,177,6,205,108,0,108,313
12/13/2021,NEW,LA,ASW,CE,Towers with Radar,0,13,58,4,75,0,3,32,0,35,0,16,90,4,110,76,6,82,192
12/14/2021,NEW,LA,ASW,CE,Towers with Radar,0,11,66,4,81,0,2,22,0,24,0,13,88,4,105,30,0,30,135
12/15/2021,NEW,LA,ASW,CE,Towers with Radar,0,5,43,6,54,0,2,56,6,64,0,7,99,12,118,162,12,174,292
12/16/2021,NEW,LA,ASW,CE,Towers with Radar,0,8,75,5,88,0,7,46,3,56,0,15,121,8,144,118,0,118,262
12/17/2021,NEW,LA,ASW,CE,Towers with Radar,0,16,69,3,88,0,0,5,0,5,0,16,74,3,93,0,0,0,93
12/18/2021,NEW,LA,ASW,CE,Towers with Radar,0,4,26,2,32,0,1,15,0,16,0,5,41,2,48,8,0,8,56
12/19/2021,NEW,LA,ASW,CE,Towers with Radar,0,21,96,5,122,0,0,10,0,10,0,21,106,5,132,0,0,0,132
12/20/2021,NEW,LA,ASW,CE,Towers with Radar,0,8,34,2,44,0,2,44,2,48,0,10,78,4,92,16,0,16,108
12/21/2021,NEW,LA,ASW,CE,Towers with Radar,0,15,54,3,72,0,4,43,1,48,0,19,97,4,120,60,0,60,180
12/22/2021,NEW,LA,ASW,CE,Towers with Radar,0,9,36,7,52,0,6,55,2,63,0,15,91,9,115,18,0,18,133
12/23/2021,NEW,LA,ASW,CE,Towers with Radar,0,12,31,0,43,0,7,54,0,61,0,19,85,0,104,62,0,62,166
12/24/2021,NEW,LA,ASW,CE,Towers with Radar,0,5,25,0,30,0,6,27,0,33,0,11,52,0,63,28,0,28,91
12/25/2021,NEW,LA,ASW,CE,Towers with Radar,0,8,8,0,16,0,1,9,0,10,0,9,17,0,26,0,0,0,26
12/26/2021,NEW,LA,ASW,CE,Towers with Radar,0,6,66,0,72,0,5,52,0,57,0,11,118,0,129,52,0,52,181
12/27/2021,NEW,LA,ASW,CE,Towers with Radar,0,11,63,4,78,0,2,49,0,51,0,13,112,4,129,58,0,58,187
12/28/2021,NEW,LA,ASW,CE,Towers with Radar,0,11,46,0,57,0,1,27,0,28,0,12,73,0,85,0,0,0,85
12/29/2021,NEW,LA,ASW,CE,Towers with Radar,0,6,52,2,60,0,4,25,1,30,0,10,77,3,90,4,0,4,94
12/30/2021,NEW,LA,ASW,CE,Towers with Radar,0,15,92,7,114,0,2,46,1,49,0,17,138,8,163,26,0,26,189
12/31/2021,NEW,LA,ASW,CE,Towers with Radar,0,17,112,0,129,0,10,26,0,36,0,27,138,0,165,38,0,38,203
01/01/2022,NEW,LA,ASW,CE,Towers with Radar,0,22,83,0,105,0,2,7,0,9,0,24,90,0,114,0,0,0,114
01/02/2022,NEW,LA,ASW,CE,Towers with Radar,0,29,154,1,184,0,6,2,3,11,0,35,156,4,195,0,0,0,195
01/03/2022,NEW,LA,ASW,CE,Towers with Radar,0,9,98,0,107,0,4,56,0,60,0,13,154,0,167,23,0,23,190
01/04/2022,NEW,LA,ASW,CE,Towers with Radar,0,9,45,2,56,0,7,64,2,73,0,16,109,4,129,64,0,64,193
01/05/2022,NEW,LA,ASW,CE,Towers with Radar,0,3,47,2,52,0,8,60,0,68,0,11,107,2,120,34,0,34,154
01/06/2022,NEW,LA,ASW,CE,Towers with Radar,0,12,48,5,65,0,7,32,1,40,0,19,80,6,105,16,0,16,121
01/07/2022,NEW,LA,ASW,CE,Towers with Radar,0,9,34,3,46,0,6,50,2,58,0,15,84,5,104,92,0,92,196
01/08/2022,NEW,LA,ASW,CE,Towers with Radar,0,8,36,4,48,0,4,63,0,67,0,12,99,4,115,84,0,84,199
01/09/2022,NEW,LA,ASW,CE,Towers with Radar,0,9,31,2,42,0,2,21,0,23,0,11,52,2,65,6,0,6,71
01/10/2022,NEW,LA,ASW,CE,Towers with Radar,0,4,45,0,49,0,5,32,4,41,0,9,77,4,90,28,0,28,118
01/11/2022,NEW,LA,ASW,CE,Towers with Radar,0,4,44,4,52,0,6,45,4,55,0,10,89,8,107,60,0,60,167
01/12/2022,NEW,LA,ASW,CE,Towers with Radar,0,12,40,0,52,0,4,80,0,84,0,16,120,0,136,88,0,88,224
01/13/2022,NEW,LA,ASW,CE,Towers with Radar,0,8,70,9,87,0,13,80,0,93,0,21,150,9,180,96,0,96,276
01/14/2022,NEW,LA,ASW,CE,Towers with Radar,0,10,43,11,64,0,10,88,8,106,0,20,131,19,170,102,10,112,282
01/15/2022,NEW,LA,ASW,CE,Towers with Radar,0,7,17,7,31,0,3,20,0,23,0,10,37,7,54,0,0,0,54
01/16/2022,NEW,LA,ASW,CE,Towers with Radar,0,0,13,3,16,0,1,14,4,19,0,1,27,7,35,0,0,0,35
01/17/2022,NEW,LA,ASW,CE,Towers with Radar,0,15,54,3,72,0,5,80,0,85,0,20,134,3,157,122,0,122,279
01/18/2022,NEW,LA,ASW,CE,Towers with Radar,0,9,49,12,70,0,2,76,3,81,0,11,125,15,151,76,0,76,227
01/19/2022,NEW,LA,ASW,CE,Towers with Radar,0,10,65,4,79,0,5,60,0,65,0,15,125,4,144,82,0,82,226
01/20/2022,NEW,LA,ASW,CE,Towers with Radar,0,9,34,3,46,0,0,0,1,1,0,9,34,4,47,0,6,6,53
01/21/2022,NEW,LA,ASW,CE,Towers with Radar,0,15,34,7,56,0,6,41,4,51,0,21,75,11,107,22,12,34,141
01/22/2022,NEW,LA,ASW,CE,Towers with Radar,0,10,48,6,64,0,9,92,3,104,0,19,140,9,168,144,0,144,312
01/23/2022,NEW,LA,ASW,CE,Towers with Radar,0,9,49,2,60,0,4,78,5,87,0,13,127,7,147,160,0,160,307
01/24/2022,NEW,LA,ASW,CE,Towers with Radar,0,6,21,7,34,0,2,38,1,41,0,8,59,8,75,76,0,76,151
01/25/2022,NEW,LA,ASW,CE,Towers with Radar,0,7,39,2,48,0,0,4,0,4,0,7,43,2,52,16,0,16,68
01/26/2022,NEW,LA,ASW,CE,Towers with Radar,0,14,52,10,76,0,8,73,1,82,0,22,125,11,158,102,4,106,264
01/27/2022,NEW,LA,ASW,CE,Towers with Radar,0,4,63,9,76,0,9,65,3,77,0,13,128,12,153,94,0,94,247
01/28/2022,NEW,LA,ASW,CE,Towers with Radar,0,12,54,8,74,0,2,47,12,61,0,14,101,20,135,22,0,22,157
01/29/2022,NEW,LA,ASW,CE,Towers with Radar,0,14,45,1,60,0,11,103,2,116,0,25,148,3,176,100,0,100,276
01/30/2022,NEW,LA,ASW,CE,Towers with Radar,0,7,54,8,69,0,0,83,3,86,0,7,137,11,155,82,0,82,237
01/31/2022,NEW,LA,ASW,CE,Towers with Radar,0,7,60,5,72,0,9,44,0,53,0,16,104,5,125,76,0,76,201
02/01/2022,NEW,LA,ASW,CE,Towers with Radar,0,12,47,6,65,0,3,23,2,28,0,15,70,8,93,48,0,48,141
02/02/2022,NEW,LA,ASW,CE,Towers with Radar,0,7,67,5,79,0,0,0,0,0,0,7,67,5,79,0,0,0,79
02/03/2022,NEW,LA,ASW,CE,Towers with Radar,0,6,18,0,24,0,0,0,0,0,0,6,18,0,24,0,0,0,24
02/04/2022,NEW,LA,ASW,CE,Towers with Radar,0,7,55,0,62,0,0,2,0,2,0,7,57,0,64,0,0,0,64
02/05/2022,NEW,LA,ASW,CE,Towers with Radar,0,7,48,4,59,0,5,76,1,82,0,12,124,5,141,156,0,156,297
02/06/2022,NEW,LA,ASW,CE,Towers with Radar,0,8,70,10,88,0,6,96,3,105,0,14,166,13,193,122,0,122,315
02/07/2022,NEW,LA,ASW,CE,Towers with Radar,0,8,42,8,58,0,7,45,1,53,0,15,87,9,111,50,0,50,161
02/08/2022,NEW,LA,ASW,CE,Towers with Radar,0,7,59,5,71,0,4,60,5,69,0,11,119,10,140,120,4,124,264
02/09/2022,NEW,LA,ASW,CE,Towers with Radar,0,9,54,5,68,0,3,71,2,76,0,12,125,7,144,114,0,114,258
02/10/2022,NEW,LA,ASW,CE,Towers with Radar,0,6,67,5,78,0,14,80,4,98,0,20,147,9,176,82,0,82,258
02/11/2022,NEW,LA,ASW,CE,Towers with Radar,0,11,70,5,86,0,13,84,0,97,0,24,154,5,183,42,0,42,225
02/12/2022,NEW,LA,ASW,CE,Towers with Radar,0,10,35,8,53,0,4,95,1,100,0,14,130,9,153,60,0,60,213
02/13/2022,NEW,LA,ASW,CE,Towers with Radar,0,7,63,1,71,0,4,103,1,108,0,11,166,2,179,88,0,88,267
02/14/2022,NEW,LA,ASW,CE,Towers with Radar,0,2,44,7,53,0,3,119,2,124,0,5,163,9,177,88,0,88,265
02/15/2022,NEW,LA,ASW,CE,Towers with Radar,0,9,52,8,69,0,6,74,2,82,0,15,126,10,151,52,12,64,215
02/16/2022,NEW,LA,ASW,CE,Towers with Radar,0,7,52,2,61,0,4,33,0,37,0,11,85,2,98,54,0,54,152
02/17/2022,NEW,LA,ASW,CE,Towers with Radar,0,8,48,0,56,0,3,0,0,3,0,11,48,0,59,0,0,0,59
02/18/2022,NEW,LA,ASW,CE,Towers with Radar,0,8,64,23,95,0,5,51,4,60,0,13,115,27,155,58,0,58,213
02/19/2022,NEW,LA,ASW,CE,Towers with Radar,0,12,52,3,67,0,4,103,7,114,0,16,155,10,181,80,0,80,261
02/20/2022,NEW,LA,ASW,CE,Towers with Radar,0,9,75,16,100,0,8,87,8,103,0,17,162,24,203,64,0,64,267
02/21/2022,NEW,LA,ASW,CE,Towers with Radar,0,11,71,3,85,0,6,46,0,52,0,17,117,3,137,84,0,84,221
02/22/2022,NEW,LA,ASW,CE,Towers with Radar,0,13,75,9,97,0,2,32,0,34,0,15,107,9,131,50,0,50,181
02/23/2022,NEW,LA,ASW,CE,Towers with Radar,0,14,61,4,79,0,7,38,2,47,0,21,99,6,126,58,0,58,184
02/24/2022,NEW,LA,ASW,CE,Towers with Radar,0,26,70,2,98,0,2,47,5,54,0,28,117,7,152,62,0,62,214
02/25/2022,NEW,LA,ASW,CE,Towers with Radar,0,20,130,24,174,0,12,17,9,38,0,32,147,33,212,44,0,44,256
02/26/2022,NEW,LA,ASW,CE,Towers with Radar,0,26,69,3,98,0,7,29,4,40,0,33,98,7,138,54,0,54,192
02/27/2022,NEW,LA,ASW,CE,Towers with Radar,0,20,101,7,128,0,13,23,4,40,0,33,124,11,168,26,0,26,194
02/28/2022,NEW,LA,ASW,CE,Towers with Radar,0,18,77,2,97,0,9,62,0,71,0,27,139,2,168,92,0,92,260
03/01/2022,NEW,LA,ASW,CE,Towers with Radar,1,15,37,16,69,0,15,61,7,83,1,30,98,23,152,50,6,56,208
03/02/2022,NEW,LA,ASW,CE,Towers with Radar,0,12,85,2,99,0,13,64,3,80,0,25,149,5,179,68,34,102,281
03/03/2022,NEW,LA,ASW,CE,Towers with Radar,0,9,68,7,84,0,12,83,5,100,0,21,151,12,184,56,26,82,266
03/04/2022,NEW,LA,ASW,CE,Towers with Radar,0,23,86,5,114,0,14,72,2,88,0,37,158,7,202,100,8,108,310
03/05/2022,NEW,LA,ASW,CE,Towers with Radar,0,21,54,3,78,0,5,82,2,89,0,26,136,5,167,98,0,98,265
03/06/2022,NEW,LA,ASW,CE,Towers with Radar,0,26,96,7,129,0,1,50,1,52,0,27,146,8,181,90,0,90,271
03/07/2022,NEW,LA,ASW,CE,Towers with Radar,0,14,37,2,53,0,8,35,0,43,0,22,72,2,96,46,0,46,142
03/08/2022,NEW,LA,ASW,CE,Towers with Radar,0,10,42,7,59,0,0,5,0,5,0,10,47,7,64,0,0,0,64
03/09/2022,NEW,LA,ASW,CE,Towers with Radar,0,13,54,2,69,0,0,15,4,19,0,13,69,6,88,74,14,88,176
03/10/2022,NEW,LA,ASW,CE,Towers with Radar,0,3,75,13,91,0,0,84,6,90,0,3,159,19,181,74,0,74,255
03/11/2022,NEW,LA,ASW,CE,Towers with Radar,0,9,69,5,83,0,1,3,0,4,0,10,72,5,87,0,0,0,87
03/12/2022,NEW,LA,ASW,CE,Towers with Radar,0,8,45,1,54,0,1,57,0,58,0,9,102,1,112,16,0,16,128
03/13/2022,NEW,LA,ASW,CE,Towers with Radar,0,17,70,4,91,0,3,89,0,92,0,20,159,4,183,202,0,202,385
03/14/2022,NEW,LA,ASW,CE,Towers with Radar,0,14,45,0,59,0,11,54,0,65,0,25,99,0,124,76,0,76,200
03/15/2022,NEW,LA,ASW,CE,Towers with Radar,0,13,64,9,86,0,6,59,3,68,0,19,123,12,154,42,12,54,208
03/16/2022,NEW,LA,ASW,CE,Towers with Radar,0,11,86,2,99,0,5,43,2,50,0,16,129,4,149,104,0,104,253
03/17/2022,NEW,LA,ASW,CE,Towers with Radar,0,25,77,0,102,0,10,79,1,90,0,35,156,1,192,162,0,162,354
03/18/2022,NEW,LA,ASW,CE,Towers with Radar,0,27,74,10,111,0,7,41,7,55,0,34,115,17,166,0,14,14,180
03/19/2022,NEW,LA,ASW,CE,Towers with Radar,0,6,52,0,58,0,5,119,4,128,0,11,171,4,186,161,0,161,347
03/20/2022,NEW,LA,ASW,CE,Towers with Radar,0,26,79,2,107,0,0,89,2,91,0,26,168,4,198,138,0,138,336
03/21/2022,NEW,LA,ASW,CE,Towers with Radar,0,11,38,4,53,0,3,52,2,57,0,14,90,6,110,28,0,28,138
03/22/2022,NEW,LA,ASW,CE,Towers with Radar,0,10,13,0,23,0,0,1,0,1,0,10,14,0,24,0,0,0,24
03/23/2022,NEW,LA,ASW,CE,Towers with Radar,0,22,58,3,83,0,4,60,7,71,0,26,118,10,154,64,0,64,218
03/24/2022,NEW,LA,ASW,CE,Towers with Radar,0,28,93,23,144,0,5,74,5,84,0,33,167,28,228,120,24,144,372
03/25/2022,NEW,LA,ASW,CE,Towers with Radar,0,14,73,15,102,0,10,78,2,90,0,24,151,17,192,116,0,116,308
03/26/2022,NEW,LA,ASW,CE,Towers with Radar,0,16,52,6,74,0,5,88,7,100,0,21,140,13,174,88,10,98,272
03/27/2022,NEW,LA,ASW,CE,Towers with Radar,0,20,81,4,105,0,6,95,5,106,0,26,176,9,211,92,8,100,311
03/28/2022,NEW,LA,ASW,CE,Towers with Radar,0,9,64,12,85,0,2,44,1,47,0,11,108,13,132,54,2,56,188
03/29/2022,NEW,LA,ASW,CE,Towers with Radar,0,10,69,2,81,0,3,47,2,52,0,13,116,4,133,36,10,46,179
03/30/2022,NEW,LA,ASW,CE,Towers with Radar,0,9,44,0,53,0,0,2,0,2,0,9,46,0,55,6,12,18,73
03/31/2022,NEW,LA,ASW,CE,Towers with Radar,0,26,70,4,100,0,10,87,3,100,0,36,157,7,200,94,2,96,296
04/01/2022,NEW,LA,ASW,CE,Towers with Radar,0,109,156,2,267,0,1,25,0,26,0,110,181,2,293,0,0,0,293
04/02/2022,NEW,LA,ASW,CE,Towers with Radar,0,128,182,0,310,0,2,16,0,18,0,130,198,0,328,0,0,0,328
04/03/2022,NEW,LA,ASW,CE,Towers with Radar,0,109,137,0,246,0,17,45,0,62,0,126,182,0,308,0,0,0,308
04/04/2022,NEW,LA,ASW,CE,Towers with Radar,0,97,140,0,237,0,0,10,1,11,0,97,150,1,248,0,0,0,248
04/05/2022,NEW,LA,ASW,CE,Towers with Radar,0,110,211,1,322,0,3,7,4,14,0,113,218,5,336,0,0,0,336
04/06/2022,NEW,LA,ASW,CE,Towers with Radar,0,18,61,3,82,0,1,45,0,46,0,19,106,3,128,72,6,78,206
04/07/2022,NEW,LA,ASW,CE,Towers with Radar,0,15,67,1,83,0,6,68,7,81,0,21,135,8,164,32,2,34,198
04/08/2022,NEW,LA,ASW,CE,Towers with Radar,0,16,59,3,78,0,4,43,1,48,0,20,102,4,126,0,0,0,126
04/09/2022,NEW,LA,ASW,CE,Towers with Radar,0,17,57,9,83,0,10,111,2,123,0,27,168,11,206,160,0,160,366
04/10/2022,NEW,LA,ASW,CE,Towers with Radar,0,23,65,9,97,0,5,77,1,83,0,28,142,10,180,0,0,0,180
04/11/2022,NEW,LA,ASW,CE,Towers with Radar,0,11,70,2,83,0,5,42,2,49,0,16,112,4,132,56,0,56,188
04/12/2022,NEW,LA,ASW,CE,Towers with Radar,0,14,70,5,89,0,0,34,1,35,0,14,104,6,124,76,2,78,202
04/13/2022,NEW,LA,ASW,CE,Towers with Radar,0,20,53,0,73,0,5,16,0,21,0,25,69,0,94,10,0,10,104
04/14/2022,NEW,LA,ASW,CE,Towers with Radar,0,8,80,7,95,0,6,49,3,58,0,14,129,10,153,90,0,90,243
04/15/2022,NEW,LA,ASW,CE,Towers with Radar,0,25,41,2,68,0,6,67,0,73,0,31,108,2,141,80,0,80,221
04/16/2022,NEW,LA,ASW,CE,Towers with Radar,0,6,48,0,54,0,6,63,0,69,0,12,111,0,123,178,14,192,315
04/17/2022,NEW,LA,ASW,CE,Towers with Radar,0,14,49,4,67,0,4,39,0,43,0,18,88,4,110,66,0,66,176
04/18/2022,NEW,LA,ASW,CE,Towers with Radar,0,12,55,5,72,0,12,48,0,60,0,24,103,5,132,84,18,102,234
04/19/2022,NEW,LA,ASW,CE,Towers with Radar,0,5,77,0,82,0,7,90,2,99,0,12,167,2,181,40,10,50,231
04/20/2022,NEW,LA,ASW,CE,Towers with Radar,0,12,75,12,99,0,5,51,7,63,0,17,126,19,162,31,0,31,193
04/21/2022,NEW,LA,ASW,CE,Towers with Radar,0,10,73,2,85,0,10,80,2,92,0,20,153,4,177,138,16,154,331
04/22/2022,NEW,LA,ASW,CE,Towers with Radar,0,28,80,0,108,0,8,61,5,74,0,36,141,5,182,14,6,20,202
04/23/2022,NEW,LA,ASW,CE,Towers with Radar,0,17,51,0,68,0,4,67,1,72,0,21,118,1,140,58,0,58,198
04/24/2022,NEW,LA,ASW,CE,Towers with Radar,0,24,99,2,125,0,7,55,3,65,0,31,154,5,190,22,0,22,212
04/25/2022,NEW,LA,ASW,CE,Towers with Radar,0,12,44,2,58,0,6,49,0,55,0,18,93,2,113,96,0,96,209
04/26/2022,NEW,LA,ASW,CE,Towers with Radar,0,2,67,6,75,0,7,41,5,53,0,9,108,11,128,102,26,128,256
04/27/2022,NEW,LA,ASW,CE,Towers with Radar,0,8,90,4,102,0,7,77,1,85,0,15,167,5,187,76,0,76,263
04/28/2022,NEW,LA,ASW,CE,Towers with Radar,0,35,111,7,153,0,2,58,2,62,0,37,169,9,215,100,0,100,315
04/29/2022,NEW,LA,ASW,CE,Towers with Radar,0,23,88,13,124,0,6,57,4,67,0,29,145,17,191,54,2,56,247
04/30/2022,NEW,LA,ASW,CE,Towers with Radar,0,10,50,0,60,0,8,82,2,92,0,18,132,2,152,45,0,45,197
05/01/2022,NEW,LA,ASW,CE,Towers with Radar,0,22,77,1,100,0,5,58,1,64,0,27,135,2,164,116,0,116,280
05/02/2022,NEW,LA,ASW,CE,Towers with Radar,0,18,94,4,116,0,12,52,1,65,0,30,146,5,181,134,2,136,317
05/03/2022,NEW,LA,ASW,CE,Towers with Radar,0,12,48,2,62,0,3,59,0,62,0,15,107,2,124,104,0,104,228
05/04/2022,NEW,LA,ASW,CE,Towers with Radar,1,16,68,13,98,0,5,81,4,90,1,21,149,17,188,84,26,110,298
05/05/2022,NEW,LA,ASW,CE,Towers with Radar,0,33,83,1,117,0,9,53,8,70,0,42,136,9,187,116,0,116,303
05/06/2022,NEW,LA,ASW,CE,Towers with Radar,0,25,78,4,107,0,3,49,2,54,0,28,127,6,161,54,0,54,215
05/07/2022,NEW,LA,ASW,CE,Towers with Radar,0,18,47,0,65,0,4,113,0,117,0,22,160,0,182,138,0,138,320
05/08/2022,NEW,LA,ASW,CE,Towers with Radar,0,27,70,3,100,0,3,76,1,80,0,30,146,4,180,56,0,56,236
05/09/2022,NEW,LA,ASW,CE,Towers with Radar,0,30,77,5,112,0,4,46,4,54,0,34,123,9,166,136,8,144,310
05/10/2022,NEW,LA,ASW,CE,Towers with Radar,0,15,48,2,65,0,4,72,2,78,0,19,120,4,143,54,8,62,205
05/11/2022,NEW,LA,ASW,CE,Towers with Radar,0,10,62,2,74,0,4,69,3,76,0,14,131,5,150,104,16,120,270
05/12/2022,NEW,LA,ASW,CE,Towers with Radar,0,15,55,6,76,0,0,80,0,80,0,15,135,6,156,38,0,38,194
05/13/2022,NEW,LA,ASW,CE,Towers with Radar,0,18,57,5,80,0,2,37,4,43,0,20,94,9,123,110,4,114,237
05/14/2022,NEW,LA,ASW,CE,Towers with Radar,0,4,38,0,42,0,4,70,0,74,0,8,108,0,116,118,0,118,234
05/15/2022,NEW,LA,ASW,CE,Towers with Radar,0,16,71,5,92,0,5,74,8,87,0,21,145,13,179,74,0,74,253
05/16/2022,NEW,LA,ASW,CE,Towers with Radar,0,12,36,15,63,0,4,87,9,100,0,16,123,24,163,104,2,106,269
05/17/2022,NEW,LA,ASW,CE,Towers with Radar,0,21,55,2,78,0,13,66,6,85,0,34,121,8,163,88,0,88,251
05/18/2022,NEW,LA,ASW,CE,Towers with Radar,0,8,68,0,76,0,8,70,1,79,0,16,138,1,155,166,0,166,321
05/19/2022,NEW,LA,ASW,CE,Towers with Radar,0,5,88,9,102,0,6,73,7,86,0,11,161,16,188,36,10,46,234
05/20/2022,NEW,LA,ASW,CE,Towers with Radar,0,12,64,14,90,0,5,61,2,68,0,17,125,16,158,50,0,50,208
05/21/2022,NEW,LA,ASW,CE,Towers with Radar,0,5,47,0,52,0,1,19,0,20,0,6,66,0,72,16,0,16,88
05/22/2022,NEW,LA,ASW,CE,Towers with Radar,0,14,74,0,88,0,4,28,4,36,0,18,102,4,124,54,6,60,184
05/23/2022,NEW,LA,ASW,CE,Towers with Radar,0,13,62,9,84,0,1,34,1,36,0,14,96,10,120,98,0,98,218
05/24/2022,NEW,LA,ASW,CE,Towers with Radar,0,15,57,3,75,0,10,47,2,59,0,25,104,5,134,62,0,62,196
05/25/2022,NEW,LA,ASW,CE,Towers with Radar,0,6,31,0,37,0,0,18,0,18,0,6,49,0,55,18,0,18,73
05/26/2022,NEW,LA,ASW,CE,Towers with Radar,0,9,47,3,59,0,2,39,14,55,0,11,86,17,114,56,0,56,170
05/27/2022,NEW,LA,ASW,CE,Towers with Radar,0,13,74,0,87,0,8,100,1,109,0,21,174,1,196,104,0,104,300
05/28/2022,NEW,LA,ASW,CE,Towers with Radar,0,7,23,0,30,0,5,96,2,103,0,12,119,2,133,74,8,82,215
05/29/2022,NEW,LA,ASW,CE,Towers with Radar,0,7,47,9,63,0,3,86,1,90,0,10,133,10,153,96,0,96,249
05/30/2022,NEW,LA,ASW,CE,Towers with Radar,0,9,50,3,62,0,5,57,0,62,0,14,107,3,124,62,0,62,186
05/31/2022,NEW,LA,ASW,CE,Towers with Radar,0,8,40,6,54,0,1,59,2,62,0,9,99,8,116,124,0,124,240
06/01/2022,NEW,LA,ASW,CE,Towers with Radar,0,4,46,1,51,0,6,44,5,55,0,10,90,6,106,76,10,86,192
06/02/2022,NEW,LA,ASW,CE,Towers with Radar,0,9,60,3,72,0,2,78,7,87,0,11,138,10,159,78,0,78,237
06/03/2022,NEW,LA,ASW,CE,Towers with Radar,0,5,62,0,67,0,6,58,2,66,0,11,120,2,133,148,0,148,281
06/04/2022,NEW,LA,ASW,CE,Towers with Radar,0,8,40,0,48,0,8,86,0,94,0,16,126,0,142,72,12,84,226
06/05/2022,NEW,LA,ASW,CE,Towers with Radar,0,14,65,2,81,0,2,42,6,50,0,16,107,8,131,64,0,64,195
06/06/2022,NEW,LA,ASW,CE,Towers with Radar,0,12,43,11,66,0,4,61,6,71,0,16,104,17,137,72,6,78,215
06/07/2022,NEW,LA,ASW,CE,Towers with Radar,0,11,44,6,61,0,2,64,6,72,0,13,108,12,133,96,0,96,229
06/08/2022,NEW,LA,ASW,CE,Towers with Radar,0,8,60,3,71,0,6,69,6,81,0,14,129,9,152,150,4,154,306
06/09/2022,NEW,LA,ASW,CE,Towers with Radar,0,19,56,7,82,0,4,62,6,72,0,23,118,13,154,70,14,84,238
06/10/2022,NEW,LA,ASW,CE,Towers with Radar,0,10,29,3,42,0,3,9,0,12,0,13,38,3,54,0,0,0,54
06/11/2022,NEW,LA,ASW,CE,Towers with Radar,0,13,51,7,71,0,2,54,1,57,0,15,105,8,128,70,0,70,198
06/12/2022,NEW,LA,ASW,CE,Towers with Radar,0,21,65,6,92,0,3,45,2,50,0,24,110,8,142,78,0,78,220
06/13/2022,NEW,LA,ASW,CE,Towers with Radar,0,10,38,2,50,0,5,49,0,54,0,15,87,2,104,88,0,88,192
06/14/2022,NEW,LA,ASW,CE,Towers with Radar,0,16,38,8,62,0,5,59,8,72,0,21,97,16,134,54,0,54,188
06/15/2022,NEW,LA,ASW,CE,Towers with Radar,0,8,49,5,62,0,11,89,13,113,0,19,138,18,175,60,12,72,247
06/16/2022,NEW,LA,ASW,CE,Towers with Radar,0,2,39,5,46,0,4,58,5,67,0,6,97,10,113,62,0,62,175
06/17/2022,NEW,LA,ASW,CE,Towers with Radar,0,15,54,3,72,0,5,81,2,88,0,20,135,5,160,114,0,114,274
06/18/2022,NEW,LA,ASW,CE,Towers with Radar,0,2,43,0,45,0,3,107,0,110,0,5,150,0,155,128,0,128,283
06/19/2022,NEW,LA,ASW,CE,Towers with Radar,0,4,53,2,59,0,5,91,0,96,0,9,144,2,155,102,0,102,257
06/20/2022,NEW,LA,ASW,CE,Towers with Radar,0,8,31,3,42,0,13,80,1,94,0,21,111,4,136,106,0,106,242
06/21/2022,NEW,LA,ASW,CE,Towers with Radar,0,3,38,4,45,0,3,77,3,83,0,6,115,7,128,38,0,38,166
06/22/2022,NEW,LA,ASW,CE,Towers with Radar,0,5,57,5,67,0,4,85,4,93,0,9,142,9,160,110,0,110,270
06/23/2022,NEW,LA,ASW,CE,Towers with Radar,0,16,45,5,66,0,6,66,4,76,0,22,111,9,142,94,0,94,236
06/24/2022,NEW,LA,ASW,CE,Towers with Radar,0,4,52,5,61,0,3,91,3,97,0,7,143,8,158,102,0,102,260
06/25/2022,NEW,LA,ASW,CE,Towers with Radar,0,11,40,2,53,0,4,77,0,81,0,15,117,2,134,74,0,74,208
06/26/2022,NEW,LA,ASW,CE,Towers with Radar,0,3,42,7,52,0,4,33,0,37,0,7,75,7,89,16,0,16,105
06/27/2022,NEW,LA,ASW,CE,Towers with Radar,0,9,38,0,47,0,12,30,0,42,0,21,68,0,89,72,0,72,161
06/28/2022,NEW,LA,ASW,CE,Towers with Radar,0,3,48,1,52,0,4,50,2,56,0,7,98,3,108,62,4,66,174
06/29/2022,NEW,LA,ASW,CE,Towers with Radar,0,6,39,1,46,0,4,58,0,62,0,10,97,1,108,73,0,73,181
06/30/2022,NEW,LA,ASW,CE,Towers with Radar,0,10,52,0,62,0,0,30,1,31,0,10,82,1,93,42,0,42,135
07/01/2022,NEW,LA,ASW,CE,Towers with Radar,0,11,34,0,45,0,3,27,0,30,0,14,61,0,75,52,0,52,127
07/02/2022,NEW,LA,ASW,CE,Towers with Radar,0,18,22,0,40,0,8,44,0,52,0,26,66,0,92,56,0,56,148
07/03/2022,NEW,LA,ASW,CE,Towers with Radar,0,10,32,6,48,0,3,34,2,39,0,13,66,8,87,44,8,52,139
07/04/2022,NEW,LA,ASW,CE,Towers with Radar,0,5,18,0,23,0,6,13,3,22,0,11,31,3,45,42,2,44,89
07/05/2022,NEW,LA,ASW,CE,Towers with Radar,0,4,43,0,47,0,0,16,0,16,0,4,59,0,63,14,0,14,77
07/06/2022,NEW,LA,ASW,CE,Towers with Radar,0,4,28,1,33,0,2,45,5,52,0,6,73,6,85,70,0,70,155
07/07/2022,NEW,LA,ASW,CE,Towers with Radar,0,4,19,9,32,0,2,72,0,74,0,6,91,9,106,48,0,48,154
07/08/2022,NEW,LA,ASW,CE,Towers with Radar,0,13,25,8,46,0,8,80,7,95,0,21,105,15,141,84,0,84,225
07/09/2022,NEW,LA,ASW,CE,Towers with Radar,0,6,26,8,40,0,3,88,2,93,0,9,114,10,133,58,0,58,191
07/10/2022,NEW,LA,ASW,CE,Towers with Radar,0,4,21,1,26,0,2,49,5,56,0,6,70,6,82,124,0,124,206
07/11/2022,NEW,LA,ASW,CE,Towers with Radar,0,9,21,0,30,0,2,65,3,70,0,11,86,3,100,120,32,152,252
07/12/2022,NEW,LA,ASW,CE,Towers with Radar,0,7,33,0,40,0,3,52,1,56,0,10,85,1,96,76,0,76,172
07/13/2022,NEW,LA,ASW,CE,Towers with Radar,0,13,35,3,51,0,7,80,4,91,0,20,115,7,142,136,0,136,278
07/14/2022,NEW,LA,ASW,CE,Towers with Radar,0,4,46,1,51,0,5,45,2,52,0,9,91,3,103,88,16,104,207
07/15/2022,NEW,LA,ASW,CE,Towers with Radar,0,8,29,0,37,0,4,62,3,69,0,12,91,3,106,106,4,110,216
07/16/2022,NEW,LA,ASW,CE,Towers with Radar,0,6,22,0,28,0,7,67,0,74,0,13,89,0,102,112,0,112,214
07/17/2022,NEW,LA,ASW,CE,Towers with Radar,0,7,41,0,48,0,6,49,0,55,0,13,90,0,103,154,0,154,257
07/18/2022,NEW,LA,ASW,CE,Towers with Radar,0,6,27,4,37,0,2,48,3,53,0,8,75,7,90,92,0,92,182
07/19/2022,NEW,LA,ASW,CE,Towers with Radar,0,4,20,1,25,0,1,48,1,50,0,5,68,2,75,0,0,0,75
07/20/2022,NEW,LA,ASW,CE,Towers with Radar,0,10,33,0,43,0,1,66,1,68,0,11,99,1,111,96,0,96,207
07/21/2022,NEW,LA,ASW,CE,Towers with Radar,0,3,31,1,35,0,2,58,6,66,0,5,89,7,101,104,4,108,209
07/22/2022,NEW,LA,ASW,CE,Towers with Radar,0,12,34,2,48,0,1,36,1,38,0,13,70,3,86,78,0,78,164
07/23/2022,NEW,LA,ASW,CE,Towers with Radar,0,10,40,0,50,0,6,73,0,79,0,16,113,0,129,52,0,52,181
07/24/2022,NEW,LA,ASW,CE,Towers with Radar,0,10,49,0,59,0,10,65,0,75,0,20,114,0,134,52,0,52,186
07/25/2022,NEW,LA,ASW,CE,Towers with Radar,0,6,39,0,45,0,5,50,1,56,0,11,89,1,101,64,0,64,165
07/26/2022,NEW,LA,ASW,CE,Towers with Radar,0,9,31,8,48,0,2,49,2,53,0,11,80,10,101,112,20,132,233
07/27/2022,NEW,LA,ASW,CE,Towers with Radar,0,14,38,0,52,0,4,63,2,69,0,18,101,2,121,114,8,122,243
07/28/2022,NEW,LA,ASW,CE,Towers with Radar,0,7,44,2,53,0,4,74,0,78,0,11,118,2,131,36,0,36,167
07/29/2022,NEW,LA,ASW,CE,Towers with Radar,0,10,41,4,55,0,2,64,2,68,0,12,105,6,123,78,0,78,201
07/30/2022,NEW,LA,ASW,CE,Towers with Radar,0,4,27,3,34,0,2,71,0,73,0,6,98,3,107,72,0,72,179
07/31/2022,NEW,LA,ASW,CE,Towers with Radar,0,13,49,2,64,0,4,75,1,80,0,17,124,3,144,86,2,88,232
08/01/2022,NEW,LA,ASW,CE,Towers with Radar,0,6,26,0,32,0,1,18,0,19,0,7,44,0,51,0,0,0,51
08/02/2022,NEW,LA,ASW,CE,Towers with Radar,0,4,25,4,33,0,3,32,2,37,0,7,57,6,70,80,10,90,160
08/03/2022,NEW,LA,ASW,CE,Towers with Radar,0,5,39,4,48,0,2,39,3,44,0,7,78,7,92,96,0,96,188
08/04/2022,NEW,LA,ASW,CE,Towers with Radar,0,5,31,0,36,0,0,58,2,60,0,5,89,2,96,82,8,90,186
08/05/2022,NEW,LA,ASW,CE,Towers with Radar,0,8,30,5,43,0,2,54,2,58,0,10,84,7,101,54,0,54,155
08/06/2022,NEW,LA,ASW,CE,Towers with Radar,0,6,26,2,34,0,11,56,0,67,0,17,82,2,101,64,0,64,165
08/07/2022,NEW,LA,ASW,CE,Towers with Radar,0,14,53,0,67,0,9,53,1,63,0,23,106,1,130,206,0,206,336
08/08/2022,NEW,LA,ASW,CE,Towers with Radar,0,6,30,1,37,0,4,47,1,52,0,10,77,2,89,18,0,18,107
08/09/2022,NEW,LA,ASW,CE,Towers with Radar,0,4,35,4,43,0,6,45,4,55,0,10,80,8,98,106,0,106,204
08/10/2022,NEW,LA,ASW,CE,Towers with Radar,0,6,38,0,44,0,3,54,0,57,0,9,92,0,101,102,0,102,203
08/11/2022,NEW,LA,ASW,CE,Towers with Radar,0,16,33,2,51,0,1,75,0,76,0,17,108,2,127,178,0,178,305
08/12/2022,NEW,LA,ASW,CE,Towers with Radar,0,8,34,3,45,0,7,60,3,70,0,15,94,6,115,114,0,114,229
08/13/2022,NEW,LA,ASW,CE,Towers with Radar,0,3,30,2,35,0,9,57,0,66,0,12,87,2,101,106,0,106,207
08/14/2022,NEW,LA,ASW,CE,Towers with Radar,0,8,44,8,60,0,5,82,1,88,0,13,126,9,148,80,0,80,228
08/15/2022,NEW,LA,ASW,CE,Towers with Radar,0,8,47,15,70,0,6,90,3,99,0,14,137,18,169,30,18,48,217
08/16/2022,NEW,LA,ASW,CE,Towers with Radar,0,10,42,0,52,0,0,61,1,62,0,10,103,1,114,82,0,82,196
08/17/2022,NEW,LA,ASW,CE,Towers with Radar,0,11,39,2,52,0,5,76,0,81,0,16,115,2,133,72,0,72,205
08/18/2022,NEW,LA,ASW,CE,Towers with Radar,0,12,38,1,51,0,8,46,1,55,0,20,84,2,106,98,0,98,204
08/19/2022,NEW,LA,ASW,CE,Towers with Radar,0,7,39,0,46,0,3,62,0,65,0,10,101,0,111,130,0,130,241
08/20/2022,NEW,LA,ASW,CE,Towers with Radar,0,8,27,4,39,0,1,52,0,53,0,9,79,4,92,42,14,56,148
08/21/2022,NEW,LA,ASW,CE,Towers with Radar,0,8,43,4,55,0,2,68,0,70,0,10,111,4,125,38,0,38,163
08/22/2022,NEW,LA,ASW,CE,Towers with Radar,0,5,32,3,40,0,0,44,3,47,0,5,76,6,87,104,6,110,197
08/23/2022,NEW,LA,ASW,CE,Towers with Radar,0,4,28,2,34,0,0,22,3,25,0,4,50,5,59,70,0,70,129
08/24/2022,NEW,LA,ASW,CE,Towers with Radar,0,6,22,3,31,0,0,28,1,29,0,6,50,4,60,76,6,82,142
08/25/2022,NEW,LA,ASW,CE,Towers with Radar,0,13,36,0,49,0,0,39,0,39,0,13,75,0,88,120,0,120,208
08/26/2022,NEW,LA,ASW,CE,Towers with Radar,0,3,72,2,77,0,0,60,0,60,0,3,132,2,137,100,0,100,237
08/27/2022,NEW,LA,ASW,CE,Towers with Radar,0,6,30,4,40,0,6,63,3,72,0,12,93,7,112,84,0,84,196
08/28/2022,NEW,LA,ASW,CE,Towers with Radar,0,12,38,4,54,0,9,60,0,69,0,21,98,4,123,110,0,110,233
08/29/2022,NEW,LA,ASW,CE,Towers with Radar,0,5,40,3,48,0,10,49,3,62,0,15,89,6,110,152,0,152,262
08/30/2022,NEW,LA,ASW,CE,Towers with Radar,0,9,43,0,52,0,4,47,1,52,0,13,90,1,104,58,0,58,162
08/31/2022,NEW,LA,ASW,CE,Towers with Radar,0,2,30,5,37,0,5,72,4,81,0,7,102,9,118,172,0,172,290
09/01/2022,NEW,LA,ASW,CE,Towers with Radar,0,3,53,2,58,0,5,87,1,93,0,8,140,3,151,106,0,106,257
09/02/2022,NEW,LA,ASW,CE,Towers with Radar,0,18,100,2,120,0,5,67,5,77,0,23,167,7,197,174,0,174,371
09/03/2022,NEW,LA,ASW,CE,Towers with Radar,0,11,56,0,67,0,1,26,0,27,0,12,82,0,94,38,0,38,132
09/04/2022,NEW,LA,ASW,CE,Towers with Radar,0,11,59,0,70,0,6,78,0,84,0,17,137,0,154,70,0,70,224
09/05/2022,NEW,LA,ASW,CE,Towers with Radar,0,25,130,0,155,0,3,60,0,63,0,28,190,0,218,56,0,56,274
09/06/2022,NEW,LA,ASW,CE,Towers with Radar,0,10,27,4,41,0,7,72,1,80,0,17,99,5,121,138,0,138,259
09/07/2022,NEW,LA,ASW,CE,Towers with Radar,0,8,27,3,38,0,3,57,2,62,0,11,84,5,100,48,0,48,148
09/08/2022,NEW,LA,ASW,CE,Towers with Radar,0,10,34,1,45,0,4,66,6,76,0,14,100,7,121,132,10,142,263
09/09/2022,NEW,LA,ASW,CE,Towers with Radar,0,5,53,0,58,0,8,57,1,66,0,13,110,1,124,88,0,88,212
09/10/2022,NEW,LA,ASW,CE,Towers with Radar,0,1,28,1,30,0,9,58,3,70,0,10,86,4,100,90,6,96,196
09/11/2022,NEW,LA,ASW,CE,Towers with Radar,0,7,56,7,70,0,5,96,2,103,0,12,152,9,173,114,6,120,293
09/12/2022,NEW,LA,ASW,CE,Towers with Radar,0,4,33,4,41,0,7,71,3,81,0,11,104,7,122,76,6,82,204
09/13/2022,NEW,LA,ASW,CE,Towers with Radar,0,14,32,7,53,0,6,80,2,88,0,20,112,9,141,90,0,90,231
09/14/2022,NEW,LA,ASW,CE,Towers with Radar,0,17,50,2,69,0,5,72,4,81,0,22,122,6,150,104,8,112,262
09/15/2022,NEW,LA,ASW,CE,Towers with Radar,0,19,41,9,69,0,5,78,3,86,0,24,119,12,155,110,8,118,273
09/16/2022,NEW,LA,ASW,CE,Towers with Radar,0,14,55,8,77,0,9,76,3,88,0,23,131,11,165,70,0,70,235
09/17/2022,NEW,LA,ASW,CE,Towers with Radar,0,7,43,2,52,0,7,97,0,104,0,14,140,2,156,66,0,66,222
09/18/2022,NEW,LA,ASW,CE,Towers with Radar,0,12,82,4,98,0,3,71,6,80,0,15,153,10,178,48,0,48,226
09/19/2022,NEW,LA,ASW,CE,Towers with Radar,0,2,43,0,45,0,3,55,1,59,0,5,98,1,104,64,24,88,192
09/20/2022,NEW,LA,ASW,CE,Towers with Radar,0,3,37,4,44,0,2,92,5,99,0,5,129,9,143,116,0,116,259
09/21/2022,NEW,LA,ASW,CE,Towers with Radar,0,8,37,6,51,0,1,55,4,60,0,9,92,10,111,152,0,152,263
09/22/2022,NEW,LA,ASW,CE,Towers with Radar,0,16,49,3,68,0,4,56,1,61,0,20,105,4,129,184,0,184,313
09/23/2022,NEW,LA,ASW,CE,Towers with Radar,0,8,60,9,77,0,8,83,1,92,0,16,143,10,169,138,0,138,307
09/24/2022,NEW,LA,ASW,CE,Towers with Radar,0,12,26,2,40,0,11,102,0,113,0,23,128,2,153,100,0,100,253
09/25/2022,NEW,LA,ASW,CE,Towers with Radar,0,15,61,4,80,0,6,81,4,91,0,21,142,8,171,114,0,114,285
09/26/2022,NEW,LA,ASW,CE,Towers with Radar,0,11,33,7,51,0,3,54,3,60,0,14,87,10,111,108,32,140,251
09/27/2022,NEW,LA,ASW,CE,Towers with Radar,0,2,46,4,52,0,3,45,0,48,0,5,91,4,100,48,22,70,170
09/28/2022,NEW,LA,ASW,CE,Towers with Radar,0,3,37,2,42,0,1,30,0,31,0,4,67,2,73,8,0,8,81
09/29/2022,NEW,LA,ASW,CE,Towers with Radar,0,3,44,9,56,0,1,46,11,58,0,4,90,20,114,42,0,42,156
09/30/2022,NEW,LA,ASW,CE,Towers with Radar,0,1,53,8,62,0,2,89,2,93,0,3,142,10,155,140,0,140,295
10/01/2022,NEW,LA,ASW,CE,Towers with Radar,0,2,32,6,40,0,2,87,0,89,0,4,119,6,129,104,0,104,233
10/02/2022,NEW,LA,ASW,CE,Towers with Radar,0,10,48,2,60,0,5,93,4,102,0,15,141,6,162,100,0,100,262
10/03/2022,NEW,LA,ASW,CE,Towers with Radar,0,5,34,6,45,0,12,61,2,75,0,17,95,8,120,124,20,144,264
10/04/2022,NEW,LA,ASW,CE,Towers with Radar,0,5,25,0,30,0,5,69,1,75,0,10,94,1,105,154,0,154,259
10/05/2022,NEW,LA,ASW,CE,Towers with Radar,0,17,50,8,75,0,8,70,0,78,0,25,120,8,153,122,0,122,275
10/06/2022,NEW,LA,ASW,CE,Towers with Radar,0,17,75,3,95,0,5,70,2,77,0,22,145,5,172,188,0,188,360
10/07/2022,NEW,LA,ASW,CE,Towers with Radar,0,17,66,8,91,0,10,87,1,98,0,27,153,9,189,98,0,98,287
10/08/2022,NEW,LA,ASW,CE,Towers with Radar,0,8,60,2,70,0,8,66,1,75,0,16,126,3,145,52,0,52,197
10/09/2022,NEW,LA,ASW,CE,Towers with Radar,0,23,101,1,125,0,6,60,3,69,0,29,161,4,194,30,0,30,224
10/10/2022,NEW,LA,ASW,CE,Towers with Radar,0,10,60,1,71,0,7,78,0,85,0,17,138,1,156,60,0,60,216
10/11/2022,NEW,LA,ASW,CE,Towers with Radar,0,8,68,4,80,0,3,78,0,81,0,11,146,4,161,196,0,196,357
10/12/2022,NEW,LA,ASW,CE,Towers with Radar,0,14,64,0,78,0,3,25,2,30,0,17,89,2,108,88,0,88,196
10/13/2022,NEW,LA,ASW,CE,Towers with Radar,0,7,55,17,79,0,3,69,9,81,0,10,124,26,160,156,28,184,344
10/14/2022,NEW,LA,ASW,CE,Towers with Radar,0,10,82,5,97,0,8,98,2,108,0,18,180,7,205,44,0,44,249
10/15/2022,NEW,LA,ASW,CE,Towers with Radar,0,11,59,3,73,0,15,121,3,139,0,26,180,6,212,96,0,96,308
10/16/2022,NEW,LA,ASW,CE,Towers with Radar,0,21,124,0,145,0,2,58,0,60,0,23,182,0,205,108,0,108,313
10/17/2022,NEW,LA,ASW,CE,Towers with Radar,0,7,52,1,60,0,3,58,3,64,0,10,110,4,124,92,0,92,216
10/18/2022,NEW,LA,ASW,CE,Towers with Radar,0,3,58,0,61,0,5,58,4,67,0,8,116,4,128,60,0,60,188
10/19/2022,NEW,LA,ASW,CE,Towers with Radar,0,13,43,1,57,0,3,93,2,98,0,16,136,3,155,110,0,110,265
10/20/2022,NEW,LA,ASW,CE,Towers with Radar,0,31,62,12,105,0,5,83,3,91,0,36,145,15,196,76,0,76,272
10/21/2022,NEW,LA,ASW,CE,Towers with Radar,0,19,101,1,121,0,8,109,3,120,0,27,210,4,241,72,0,72,313
10/22/2022,NEW,LA,ASW,CE,Towers with Radar,0,14,38,1,53,0,9,75,5,89,0,23,113,6,142,106,6,112,254
10/23/2022,NEW,LA,ASW,CE,Towers with Radar,0,35,105,1,141,0,11,92,8,111,0,46,197,9,252,30,0,30,282
10/24/2022,NEW,LA,ASW,CE,Towers with Radar,0,10,52,5,67,0,2,65,1,68,0,12,117,6,135,158,0,158,293
10/25/2022,NEW,LA,ASW,CE,Towers with Radar,0,10,34,4,48,0,4,40,0,44,0,14,74,4,92,126,0,126,218
10/26/2022,NEW,LA,ASW,CE,Towers with Radar,0,7,78,8,93,0,10,88,4,102,0,17,166,12,195,222,0,222,417
10/27/2022,NEW,LA,ASW,CE,Towers with Radar,0,23,70,1,94,0,6,74,2,82,0,29,144,3,176,136,10,146,322
10/28/2022,NEW,LA,ASW,CE,Towers with Radar,0,12,62,3,77,0,5,70,1,76,0,17,132,4,153,112,0,112,265
10/29/2022,NEW,LA,ASW,CE,Towers with Radar,0,14,42,0,56,0,2,21,0,23,0,16,63,0,79,18,0,18,97
10/30/2022,NEW,LA,ASW,CE,Towers with Radar,0,22,71,0,93,0,15,54,1,70,0,37,125,1,163,84,0,84,247
10/31/2022,NEW,LA,ASW,CE,Towers with Radar,0,8,28,6,42,0,6,60,3,69,0,14,88,9,111,134,8,142,253
11/01/2022,NEW,LA,ASW,CE,Towers with Radar,0,7,66,2,75,0,4,66,0,70,0,11,132,2,145,140,0,140,285
11/02/2022,NEW,LA,ASW,CE,Towers with Radar,0,14,54,11,79,0,4,79,5,88,0,18,133,16,167,172,8,180,347
11/03/2022,NEW,LA,ASW,CE,Towers with Radar,0,19,71,4,94,0,10,46,5,61,0,29,117,9,155,72,4,76,231
11/04/2022,NEW,LA,ASW,CE,Towers with Radar,0,24,86,12,122,0,2,23,2,27,0,26,109,14,149,30,0,30,179
11/05/2022,NEW,LA,ASW,CE,Towers with Radar,0,8,27,0,35,0,0,0,0,0,0,8,27,0,35,2,0,2,37
11/06/2022,NEW,LA,ASW,CE,Towers with Radar,0,11,88,6,105,0,7,60,1,68,0,18,148,7,173,102,0,102,275
11/07/2022,NEW,LA,ASW,CE,Towers with Radar,0,15,65,3,83,0,4,35,0,39,0,19,100,3,122,164,4,168,290
11/08/2022,NEW,LA,ASW,CE,Towers with Radar,0,17,69,6,92,0,4,49,4,57,0,21,118,10,149,108,6,114,263
11/09/2022,NEW,LA,ASW,CE,Towers with Radar,0,9,64,5,78,0,3,65,6,74,0,12,129,11,152,78,2,80,232
11/10/2022,NEW,LA,ASW,CE,Towers with Radar,0,10,62,5,77,0,3,73,1,77,0,13,135,6,154,56,0,56,210
11/11/2022,NEW,LA,ASW,CE,Towers with Radar,0,8,61,6,75,0,6,68,11,85,0,14,129,17,160,238,0,238,398
11/12/2022,NEW,LA,ASW,CE,Towers with Radar,0,5,55,2,62,0,2,14,0,16,0,7,69,2,78,2,0,2,80
11/13/2022,NEW,LA,ASW,CE,Towers with Radar,0,22,87,8,117,0,12,70,0,82,0,34,157,8,199,52,0,52,251
11/14/2022,NEW,LA,ASW,CE,Towers with Radar,0,11,44,0,55,0,6,37,0,43,0,17,81,0,98,62,0,62,160
11/15/2022,NEW,LA,ASW,CE,Towers with Radar,0,8,50,6,64,0,1,9,0,10,0,9,59,6,74,4,0,4,78
11/16/2022,NEW,LA,ASW,CE,Towers with Radar,0,7,70,5,82,0,0,42,5,47,0,7,112,10,129,64,2,66,195
11/17/2022,NEW,LA,ASW,CE,Towers with Radar,0,10,70,5,85,0,2,69,2,73,0,12,139,7,158,96,0,96,254
11/18/2022,NEW,LA,ASW,CE,Towers with Radar,0,10,85,5,100,0,11,85,1,97,0,21,170,6,197,134,4,138,335
11/19/2022,NEW,LA,ASW,CE,Towers with Radar,0,13,42,2,57,0,6,26,0,32,0,19,68,2,89,26,0,26,115
11/20/2022,NEW,LA,ASW,CE,Towers with Radar,0,18,100,7,125,0,4,73,2,79,0,22,173,9,204,42,0,42,246
11/21/2022,NEW,LA,ASW,CE,Towers with Radar,0,7,61,6,74,0,6,64,0,70,0,13,125,6,144,102,0,102,246
11/22/2022,NEW,LA,ASW,CE,Towers with Radar,0,8,55,4,67,0,0,56,2,58,0,8,111,6,125,170,0,170,295
11/23/2022,NEW,LA,ASW,CE,Towers with Radar,0,11,60,2,73,0,0,74,0,74,0,11,134,2,147,116,18,134,281
11/24/2022,NEW,LA,ASW,CE,Towers with Radar,0,4,8,0,12,0,0,5,0,5,0,4,13,0,17,26,0,26,43
11/25/2022,NEW,LA,ASW,CE,Towers with Radar,0,5,23,1,29,0,0,0,0,0,0,5,23,1,29,0,0,0,29
11/26/2022,NEW,LA,ASW,CE,Towers with Radar,0,3,22,0,25,0,0,0,0,0,0,3,22,0,25,0,0,0,25
11/27/2022,NEW,LA,ASW,CE,Towers with Radar,0,9,74,0,83,0,12,105,0,117,0,21,179,0,200,112,0,112,312
11/28/2022,NEW,LA,ASW,CE,Towers with Radar,0,7,30,2,39,0,4,37,0,41,0,11,67,2,80,96,0,96,176
11/29/2022,NEW,LA,ASW,CE,Towers with Radar,0,14,55,3,72,0,0,7,0,7,0,14,62,3,79,10,10,20,99
11/30/2022,NEW,LA,ASW,CE,Towers with Radar,0,8,72,10,90,0,3,50,2,55,0,11,122,12,145,40,0,40,185
12/01/2022,NEW,LA,ASW,CE,Towers with Radar,0,6,77,5,88,0,1,52,2,55,0,7,129,7,143,91,0,91,234
12/02/2022,NEW,LA,ASW,CE,Towers with Radar,0,21,78,4,103,0,0,92,1,93,0,21,170,5,196,96,0,96,292
12/03/2022,NEW,LA,ASW,CE,Towers with Radar,0,26,54,2,82,0,1,2,0,3,0,27,56,2,85,0,0,0,85
12/04/2022,NEW,LA,ASW,CE,Towers with Radar,0,20,54,1,75,0,0,1,0,1,0,20,55,1,76,0,0,0,76
12/05/2022,NEW,LA,ASW,CE,Towers with Radar,0,11,59,4,74,0,1,18,1,20,0,12,77,5,94,14,0,14,108
12/06/2022,NEW,LA,ASW,CE,Towers with Radar,0,9,54,3,66,0,0,48,3,51,0,9,102,6,117,126,8,134,251
12/07/2022,NEW,LA,ASW,CE,Towers with Radar,0,7,59,7,73,0,1,48,5,54,0,8,107,12,127,107,14,121,248
12/08/2022,NEW,LA,ASW,CE,Towers with Radar,0,16,49,5,70,0,1,26,1,28,0,17,75,6,98,56,0,56,154
12/09/2022,NEW,LA,ASW,CE,Towers with Radar,0,17,75,8,100,0,7,53,2,62,0,24,128,10,162,138,0,138,300
12/10/2022,NEW,LA,ASW,CE,Towers with Radar,0,8,50,2,60,0,3,47,0,50,0,11,97,2,110,152,0,152,262
12/11/2022,NEW,LA,ASW,CE,Towers with Radar,0,13,49,3,65,0,5,8,1,14,0,18,57,4,79,16,0,16,95
12/12/2022,NEW,LA,ASW,CE,Towers with Radar,0,17,36,5,58,0,0,50,0,50,0,17,86,5,108,138,0,138,246
12/13/2022,NEW,LA,ASW,CE,Towers with Radar,0,8,26,0,34,0,2,17,0,19,0,10,43,0,53,42,0,42,95
12/14/2022,NEW,LA,ASW,CE,Towers with Radar,0,10,18,0,28,0,0,0,0,0,0,10,18,0,28,22,0,22,50
12/15/2022,NEW,LA,ASW,CE,Towers with Radar,0,15,66,7,88,0,4,72,4,80,0,19,138,11,168,78,0,78,246
12/16/2022,NEW,LA,ASW,CE,Towers with Radar,0,12,56,2,70,0,11,82,5,98,0,23,138,7,168,110,12,122,290
12/17/2022,NEW,LA,ASW,CE,Towers with Radar,0,11,52,12,75,0,13,58,5,76,0,24,110,17,151,56,18,74,225
12/18/2022,NEW,LA,ASW,CE,Towers with Radar,0,12,92,0,104,0,4,67,1,72,0,16,159,1,176,60,0,60,236
12/19/2022,NEW,LA,ASW,CE,Towers with Radar,0,3,46,0,49,0,3,28,0,31,0,6,74,0,80,24,8,32,112
12/20/2022,NEW,LA,ASW,CE,Towers with Radar,0,7,29,0,36,0,0,8,0,8,0,7,37,0,44,0,0,0,44
12/21/2022,NEW,LA,ASW,CE,Towers with Radar,0,5,52,6,63,0,0,0,0,0,0,5,52,6,63,0,0,0,63
12/22/2022,NEW,LA,ASW,CE,Towers with Radar,0,10,53,10,73,0,5,52,0,57,0,15,105,10,130,130,0,130,260
12/23/2022,NEW,LA,ASW,CE,Towers with Radar,0,12,23,1,36,0,0,25,1,26,0,12,48,2,62,10,0,10,72
12/24/2022,NEW,LA,ASW,CE,Towers with Radar,0,3,9,0,12,0,2,9,0,11,0,5,18,0,23,0,0,0,23
12/25/2022,NEW,LA,ASW,CE,Towers with Radar,0,7,6,0,13,0,2,10,0,12,0,9,16,0,25,0,0,0,25
12/26/2022,NEW,LA,ASW,CE,Towers with Radar,0,5,64,2,71,0,7,80,2,89,0,12,144,4,160,92,0,92,252
12/27/2022,NEW,LA,ASW,CE,Towers with Radar,0,3,46,2,51,0,5,111,0,116,0,8,157,2,167,164,0,164,331
12/28/2022,NEW,LA,ASW,CE,Towers with Radar,0,8,70,5,83,0,0,75,1,76,0,8,145,6,159,80,4,84,243
12/29/2022,NEW,LA,ASW,CE,Towers with Radar,0,12,71,2,85,0,8,79,0,87,0,20,150,2,172,160,0,160,332
12/30/2022,NEW,LA,ASW,CE,Towers with Radar,0,9,38,0,47,0,1,2,0,3,0,10,40,0,50,0,0,0,50
12/31/2022,NEW,LA,ASW,CE,Towers with Radar,0,14,59,0,73,0,4,4,0,8,0,18,63,0,81,6,0,6,87
01/01/2023,NEW,LA,ASW,CE,Towers with Radar,0,16,72,0,88,0,0,2,0,2,0,16,74,0,90,0,0,0,90
01/02/2023,NEW,LA,ASW,CE,Towers with Radar,0,10,59,4,73,0,3,5,0,8,0,13,64,4,81,50,0,50,131
01/03/2023,NEW,LA,ASW,CE,Towers with Radar,0,8,13,2,23,0,1,0,0,1,0,9,13,2,24,0,0,0,24
01/04/2023,NEW,LA,ASW,CE,Towers with Radar,0,9,43,0,52,0,10,73,2,85,0,19,116,2,137,154,0,154,291
01/05/2023,NEW,LA,ASW,CE,Towers with Radar,0,5,44,2,51,0,5,110,2,117,0,10,154,4,168,144,4,148,316
01/06/2023,NEW,LA,ASW,CE,Towers with Radar,0,9,64,9,82,0,22,95,1,118,0,31,159,10,200,204,10,214,414
01/07/2023,NEW,LA,ASW,CE,Towers with Radar,0,13,47,8,68,0,14,128,2,144,0,27,175,10,212,74,2,76,288
01/08/2023,NEW,LA,ASW,CE,Towers with Radar,0,6,66,4,76,0,0,24,3,27,0,6,90,7,103,30,0,30,133
01/09/2023,NEW,LA,ASW,CE,Towers with Radar,0,8,36,3,47,0,2,71,6,79,0,10,107,9,126,110,6,116,242
01/10/2023,NEW,LA,ASW,CE,Towers with Radar,0,3,32,4,39,0,6,61,2,69,0,9,93,6,108,170,22,192,300
01/11/2023,NEW,LA,ASW,CE,Towers with Radar,0,14,57,4,75,0,2,21,2,25,0,16,78,6,100,44,0,44,144
01/12/2023,NEW,LA,ASW,CE,Towers with Radar,0,5,46,5,56,0,7,27,0,34,0,12,73,5,90,26,0,26,116
01/13/2023,NEW,LA,ASW,CE,Towers with Radar,0,12,73,3,88,0,14,68,5,87,0,26,141,8,175,56,0,56,231
01/14/2023,NEW,LA,ASW,CE,Towers with Radar,0,4,46,3,53,0,15,97,1,113,0,19,143,4,166,86,0,86,252
01/15/2023,NEW,LA,ASW,CE,Towers with Radar,0,11,61,4,76,0,17,96,0,113,0,28,157,4,189,84,0,84,273
01/16/2023,NEW,LA,ASW,CE,Towers with Radar,0,6,64,5,75,0,11,70,0,81,0,17,134,5,156,28,0,28,184
01/17/2023,NEW,LA,ASW,CE,Towers with Radar,0,11,47,6,64,0,7,53,3,63,0,18,100,9,127,52,0,52,179
01/18/2023,NEW,LA,ASW,CE,Towers with Radar,0,12,56,2,70,0,4,39,2,45,0,16,95,4,115,18,0,18,133
01/19/2023,NEW,LA,ASW,CE,Towers with Radar,0,9,51,8,68,0,8,100,8,116,0,17,151,16,184,136,2,138,322
01/20/2023,NEW,LA,ASW,CE,Towers with Radar,0,8,56,5,69,0,13,89,8,110,0,21,145,13,179,124,0,124,303
01/21/2023,NEW,LA,ASW,CE,Towers with Radar,0,12,33,3,48,0,9,30,0,39,0,21,63,3,87,24,0,24,111
01/22/2023,NEW,LA,ASW,CE,Towers with Radar,0,13,59,12,84,0,4,6,3,13,0,17,65,15,97,4,0,4,101
01/23/2023,NEW,LA,ASW,CE,Towers with Radar,0,8,67,9,84,0,6,69,0,75,0,14,136,9,159,134,0,134,293
01/24/2023,NEW,LA,ASW,CE,Towers with Radar,0,4,25,1,30,0,1,10,0,11,0,5,35,1,41,2,0,2,43
01/25/2023,NEW,LA,ASW,CE,Towers with Radar,0,10,44,7,61,0,3,27,4,34,0,13,71,11,95,6,10,16,111
01/26/2023,NEW,LA,ASW,CE,Towers with Radar,0,15,47,2,64,0,4,83,1,88,0,19,130,3,152,118,8,126,278
01/27/2023,NEW,LA,ASW,CE,Towers with Radar,0,13,55,4,72,0,0,96,6,102,0,13,151,10,174,144,0,144,318
01/28/2023,NEW,LA,ASW,CE,Towers with Radar,0,13,53,1,67,0,10,69,2,81,0,23,122,3,148,52,0,52,200
01/29/2023,NEW,LA,ASW,CE,Towers with Radar,0,9,38,0,47,0,0,2,0,2,0,9,40,0,49,12,0,12,61
01/30/2023,NEW,LA,ASW,CE,Towers with Radar,0,9,43,2,54,0,1,5,0,6,0,10,48,2,60,32,0,32,92
01/31/2023,NEW,LA,ASW,CE,Towers with Radar,0,2,34,3,39,0,0,21,0,21,0,2,55,3,60,30,0,30,90
02/01/2023,NEW,LA,ASW,CE,Towers with Radar,0,6,64,3,73,0,0,0,0,0,0,6,64,3,73,0,0,0,73
02/02/2023,NEW,LA,ASW,CE,Towers with Radar,0,10,32,1,43,0,0,0,0,0,0,10,32,1,43,0,0,0,43
02/03/2023,NEW,LA,ASW,CE,Towers with Radar,0,14,88,7,109,0,13,75,2,90,0,27,163,9,199,144,0,144,343
02/04/2023,NEW,LA,ASW,CE,Towers with Radar,0,10,53,2,65,0,9,99,1,109,0,19,152,3,174,90,0,90,264
02/05/2023,NEW,LA,ASW,CE,Towers with Radar,0,6,51,0,57,0,8,83,2,93,0,14,134,2,150,94,0,94,244
02/06/2023,NEW,LA,ASW,CE,Towers with Radar,0,8,37,6,51,0,6,94,8,108,0,14,131,14,159,164,6,170,329
02/07/2023,NEW,LA,ASW,CE,Towers with Radar,0,17,73,0,90,0,2,43,0,45,0,19,116,0,135,54,0,54,189
02/08/2023,NEW,LA,ASW,CE,Towers with Radar,0,7,70,4,81,0,2,7,0,9,0,9,77,4,90,16,0,16,106
02/09/2023,NEW,LA,ASW,CE,Towers with Radar,0,9,76,4,89,0,3,49,0,52,0,12,125,4,141,136,0,136,277
02/10/2023,NEW,LA,ASW,CE,Towers with Radar,0,21,82,3,106,0,6,66,1,73,0,27,148,4,179,76,0,76,255
02/11/2023,NEW,LA,ASW,CE,Towers with Radar,0,7,46,0,53,0,1,41,2,44,0,8,87,2,97,100,0,100,197
02/12/2023,NEW,LA,ASW,CE,Towers with Radar,0,22,63,6,91,0,8,89,0,97,0,30,152,6,188,66,0,66,254
02/13/2023,NEW,LA,ASW,CE,Towers with Radar,0,15,30,1,46,0,8,101,0,109,0,23,131,1,155,184,0,184,339
02/14/2023,NEW,LA,ASW,CE,Towers with Radar,0,8,40,2,50,0,6,71,0,77,0,14,111,2,127,36,0,36,163
02/15/2023,NEW,LA,ASW,CE,Towers with Radar,0,20,63,4,87,0,8,72,5,85,0,28,135,9,172,66,0,66,238
02/16/2023,NEW,LA,ASW,CE,Towers with Radar,0,23,53,0,76,0,0,6,5,11,0,23,59,5,87,36,12,48,135
02/17/2023,NEW,LA,ASW,CE,Towers with Radar,0,44,125,1,170,0,6,58,3,67,0,50,183,4,237,5,0,5,242
02/18/2023,NEW,LA,ASW,CE,Towers with Radar,0,20,60,0,80,0,7,101,4,112,0,27,161,4,192,64,0,64,256
02/19/2023,NEW,LA,ASW,CE,Towers with Radar,0,28,80,0,108,0,10,91,0,101,0,38,171,0,209,62,0,62,271
02/20/2023,NEW,LA,ASW,CE,Towers with Radar,0,21,119,0,140,0,11,39,2,52,0,32,158,2,192,32,0,32,224
02/21/2023,NEW,LA,ASW,CE,Towers with Radar,0,4,45,4,53,0,21,21,5,47,0,25,66,9,100,58,0,58,158
02/22/2023,NEW,LA,ASW,CE,Towers with Radar,0,21,57,17,95,0,6,14,3,23,0,27,71,20,118,20,0,20,138
02/23/2023,NEW,LA,ASW,CE,Towers with Radar,0,15,59,4,78,0,4,37,0,41,0,19,96,4,119,44,0,44,163
02/24/2023,NEW,LA,ASW,CE,Towers with Radar,0,15,51,2,68,0,1,31,0,32,0,16,82,2,100,50,0,50,150
02/25/2023,NEW,LA,ASW,CE,Towers with Radar,0,7,43,1,51,0,16,80,0,96,0,23,123,1,147,72,0,72,219
02/26/2023,NEW,LA,ASW,CE,Towers with Radar,0,17,73,12,102,0,1,61,1,63,0,18,134,13,165,62,0,62,227
02/27/2023,NEW,LA,ASW,CE,Towers with Radar,0,13,61,2,76,0,5,16,0,21,0,18,77,2,97,0,0,0,97
02/28/2023,NEW,LA,ASW,CE,Towers with Radar,0,8,58,2,68,0,7,63,1,71,0,15,121,3,139,166,0,166,305
03/01/2023,NEW,LA,ASW,CE,Towers with Radar,0,9,69,2,80,0,13,56,3,72,0,22,125,5,152,116,0,116,268
03/02/2023,NEW,LA,ASW,CE,Towers with Radar,0,15,42,2,59,0,0,38,1,39,0,15,80,3,98,150,0,150,248
03/03/2023,NEW,LA,ASW,CE,Towers with Radar,0,5,51,9,65,0,6,31,1,38,0,11,82,10,103,16,0,16,119
03/04/2023,NEW,LA,ASW,CE,Towers with Radar,0,9,50,0,59,0,14,138,0,152,0,23,188,0,211,174,0,174,385
03/05/2023,NEW,LA,ASW,CE,Towers with Radar,0,14,53,10,77,0,15,89,4,108,0,29,142,14,185,140,0,140,325
03/06/2023,NEW,LA,ASW,CE,Towers with Radar,0,11,42,6,59,0,9,39,0,48,0,20,81,6,107,110,0,110,217
03/07/2023,NEW,LA,ASW,CE,Towers with Radar,0,12,49,2,63,0,6,73,1,80,0,18,122,3,143,148,0,148,291
03/08/2023,NEW,LA,ASW,CE,Towers with Radar,0,16,67,8,91,0,5,44,0,49,0,21,111,8,140,194,0,194,334
03/09/2023,NEW,LA,ASW,CE,Towers with Radar,0,25,65,5,95,0,4,92,5,101,0,29,157,10,196,54,0,54,250
03/10/2023,NEW,LA,ASW,CE,Towers with Radar,0,18,82,5,105,0,3,71,1,75,0,21,153,6,180,82,0,82,262
03/11/2023,NEW,LA,ASW,CE,Towers with Radar,0,10,58,1,69,0,17,124,2,143,0,27,182,3,212,152,0,152,364
03/12/2023,NEW,LA,ASW,CE,Towers with Radar,0,13,62,5,80,0,2,50,3,55,0,15,112,8,135,40,0,40,175
03/13/2023,NEW,LA,ASW,CE,Towers with Radar,0,12,50,2,64,0,6,64,0,70,0,18,114,2,134,90,0,90,224
03/14/2023,NEW,LA,ASW,CE,Towers with Radar,0,12,36,1,49,0,3,81,3,87,0,15,117,4,136,108,0,108,244
03/15/2023,NEW,LA,ASW,CE,Towers with Radar,0,12,44,2,58,0,7,87,1,95,0,19,131,3,153,160,0,160,313
03/16/2023,NEW,LA,ASW,CE,Towers with Radar,0,13,72,2,87,0,4,93,7,104,0,17,165,9,191,148,8,156,347
03/17/2023,NEW,LA,ASW,CE,Towers with Radar,0,10,39,0,49,0,1,6,0,7,0,11,45,0,56,28,0,28,84
03/18/2023,NEW,LA,ASW,CE,Towers with Radar,0,12,32,0,44,0,8,76,2,86,0,20,108,2,130,144,0,144,274
03/19/2023,NEW,LA,ASW,CE,Towers with Radar,0,15,61,0,76,0,8,66,0,74,0,23,127,0,150,98,0,98,248
03/20/2023,NEW,LA,ASW,CE,Towers with Radar,0,20,46,1,67,0,4,74,3,81,0,24,120,4,148,152,2,154,302
03/21/2023,NEW,LA,ASW,CE,Towers with Radar,0,8,43,0,51,0,4,88,6,98,0,12,131,6,149,136,16,152,301
03/22/2023,NEW,LA,ASW,CE,Towers with Radar,0,10,57,7,74,0,4,81,4,89,0,14,138,11,163,234,0,234,397
03/23/2023,NEW,LA,ASW,CE,Towers with Radar,0,18,92,8,118,0,7,61,2,70,0,25,153,10,188,144,0,144,332
03/24/2023,NEW,LA,ASW,CE,Towers with Radar,0,22,75,11,108,0,7,22,1,30,0,29,97,12,138,4,0,4,142
03/25/2023,NEW,LA,ASW,CE,Towers with Radar,0,21,63,3,87,0,9,107,2,118,0,30,170,5,205,74,0,74,279
03/26/2023,NEW,LA,ASW,CE,Towers with Radar,0,13,86,3,102,0,4,15,2,21,0,17,101,5,123,44,2,46,169
03/27/2023,NEW,LA,ASW,CE,Towers with Radar,0,10,29,0,39,0,1,31,2,34,0,11,60,2,73,76,6,82,155
03/28/2023,NEW,LA,ASW,CE,Towers with Radar,0,11,31,2,44,0,3,22,3,28,0,14,53,5,72,114,0,114,186
03/29/2023,NEW,LA,ASW,CE,Towers with Radar,0,3,47,4,54,0,5,82,1,88,0,8,129,5,142,94,0,94,236
03/30/2023,NEW,LA,ASW,CE,Towers with Radar,0,15,61,6,82,0,2,85,5,92,0,17,146,11,174,88,0,88,262
03/31/2023,NEW,LA,ASW,CE,Towers with Radar,0,24,72,4,100,0,5,28,0,33,0,29,100,4,133,38,8,46,179
04/01/2023,NEW,LA,ASW,CE,Towers with Radar,0,14,51,0,65,0,11,77,5,93,0,25,128,5,158,194,0,194,352
04/02/2023,NEW,LA,ASW,CE,Towers with Radar,0,15,107,2,124,0,5,59,3,67,0,20,166,5,191,62,0,62,253
04/03/2023,NEW,LA,ASW,CE,Towers with Radar,0,13,59,13,85,0,6,27,2,35,0,19,86,15,120,22,0,22,142
04/04/2023,NEW,LA,ASW,CE,Towers with Radar,0,14,53,7,74,0,2,53,0,55,0,16,106,7,129,20,0,20,149
04/05/2023,NEW,LA,ASW,CE,Towers with Radar,0,14,61,2,77,0,1,36,0,37,0,15,97,2,114,120,0,120,234
04/06/2023,NEW,LA,ASW,CE,Towers with Radar,0,16,64,2,82,0,4,47,0,51,0,20,111,2,133,256,0,256,389
04/07/2023,NEW,LA,ASW,CE,Towers with Radar,0,13,24,1,38,0,0,0,0,0,0,13,24,1,38,2,0,2,40
04/08/2023,NEW,LA,ASW,CE,Towers with Radar,0,12,40,3,55,0,10,30,2,42,0,22,70,5,97,74,0,74,171
04/09/2023,NEW,LA,ASW,CE,Towers with Radar,0,5,38,4,47,0,8,7,0,15,0,13,45,4,62,30,0,30,92
04/10/2023,NEW,LA,ASW,CE,Towers with Radar,0,11,52,4,67,0,4,73,0,77,0,15,125,4,144,170,0,170,314
04/11/2023,NEW,LA,ASW,CE,Towers with Radar,0,5,28,0,33,0,6,52,0,58,0,11,80,0,91,68,0,68,159
04/12/2023,NEW,LA,ASW,CE,Towers with Radar,0,6,46,8,60,0,0,35,1,36,0,6,81,9,96,82,0,82,178
04/13/2023,NEW,LA,ASW,CE,Towers with Radar,0,15,56,0,71,0,6,64,1,71,0,21,120,1,142,72,0,72,214
04/14/2023,NEW,LA,ASW,CE,Towers with Radar,0,13,64,4,81,0,2,88,2,92,0,15,152,6,173,220,2,222,395
04/15/2023,NEW,LA,ASW,CE,Towers with Radar,0,10,55,4,69,0,2,17,0,19,0,12,72,4,88,38,0,38,126
04/16/2023,NEW,LA,ASW,CE,Towers with Radar,0,16,66,7,89,0,11,82,3,96,0,27,148,10,185,56,4,60,245
04/17/2023,NEW,LA,ASW,CE,Towers with Radar,0,20,56,3,79,0,5,116,5,126,0,25,172,8,205,182,2,184,389
04/18/2023,NEW,LA,ASW,CE,Towers with Radar,0,10,64,2,76,0,10,90,4,104,0,20,154,6,180,173,0,173,353
04/19/2023,NEW,LA,ASW,CE,Towers with Radar,0,20,58,1,79,0,7,77,5,89,0,27,135,6,168,136,20,156,324
04/20/2023,NEW,LA,ASW,CE,Towers with Radar,0,21,81,1,103,0,5,97,1,103,0,26,178,2,206,134,0,134,340
04/21/2023,NEW,LA,ASW,CE,Towers with Radar,0,17,62,7,86,0,2,57,0,59,0,19,119,7,145,96,0,96,241
04/22/2023,NEW,LA,ASW,CE,Towers with Radar,0,16,49,1,66,0,37,140,3,180,0,53,189,4,246,126,0,126,372
04/23/2023,NEW,LA,ASW,CE,Towers with Radar,0,28,73,8,109,0,5,112,3,120,0,33,185,11,229,74,0,74,303
04/24/2023,NEW,LA,ASW,CE,Towers with Radar,0,10,41,0,51,0,9,72,2,83,0,19,113,2,134,188,0,188,322
04/25/2023,NEW,LA,ASW,CE,Towers with Radar,0,10,46,3,59,0,7,83,6,96,0,17,129,9,155,198,12,210,365
04/26/2023,NEW,LA,ASW,CE,Towers with Radar,0,7,62,6,75,0,2,51,5,58,0,9,113,11,133,72,0,72,205
04/27/2023,NEW,LA,ASW,CE,Towers with Radar,0,28,78,2,108,0,2,39,0,41,0,30,117,2,149,62,0,62,211
04/28/2023,NEW,LA,ASW,CE,Towers with Radar,0,17,89,10,116,0,7,109,0,116,0,24,198,10,232,248,0,248,480
04/29/2023,NEW,LA,ASW,CE,Towers with Radar,0,16,30,0,46,0,0,32,0,32,0,16,62,0,78,42,0,42,120
04/30/2023,NEW,LA,ASW,CE,Towers with Radar,0,32,79,5,116,0,12,114,1,127,0,44,193,6,243,42,0,42,285
05/01/2023,NEW,LA,ASW,CE,Towers with Radar,0,9,86,5,100,0,9,78,7,94,0,18,164,12,194,126,10,136,330
05/02/2023,NEW,LA,ASW,CE,Towers with Radar,0,14,48,2,64,0,6,80,0,86,0,20,128,2,150,214,0,214,364
05/03/2023,NEW,LA,ASW,CE,Towers with Radar,0,14,87,0,101,0,4,77,5,86,0,18,164,5,187,106,0,106,293
05/04/2023,NEW,LA,ASW,CE,Towers with Radar,0,21,104,8,133,0,15,81,9,105,0,36,185,17,238,220,6,226,464
05/05/2023,NEW,LA,ASW,CE,Towers with Radar,0,28,82,0,110,0,5,36,0,41,0,33,118,0,151,114,0,114,265
05/06/2023,NEW,LA,ASW,CE,Towers with Radar,0,19,18,0,37,0,1,8,0,9,0,20,26,0,46,12,0,12,58
05/07/2023,NEW,LA,ASW,CE,Towers with Radar,0,30,92,0,122,0,9,74,0,83,0,39,166,0,205,82,0,82,287
05/08/2023,NEW,LA,ASW,CE,Towers with Radar,0,30,78,3,111,0,5,27,1,33,0,35,105,4,144,42,0,42,186
05/09/2023,NEW,LA,ASW,CE,Towers with Radar,0,11,57,0,68,0,3,21,0,24,0,14,78,0,92,108,0,108,200
05/10/2023,NEW,LA,ASW,CE,Towers with Radar,0,25,70,4,99,0,9,56,0,65,0,34,126,4,164,172,0,172,336
05/11/2023,NEW,LA,ASW,CE,Towers with Radar,0,10,62,4,76,0,8,40,2,50,0,18,102,6,126,90,2,92,218
05/12/2023,NEW,LA,ASW,CE,Towers with Radar,0,21,65,10,96,0,10,73,1,84,0,31,138,11,180,120,8,128,308
05/13/2023,NEW,LA,ASW,CE,Towers with Radar,0,5,31,0,36,0,6,119,0,125,0,11,150,0,161,76,0,76,237
05/14/2023,NEW,LA,ASW,CE,Towers with Radar,0,12,44,7,63,0,9,61,5,75,0,21,105,12,138,78,0,78,216
05/15/2023,NEW,LA,ASW,CE,Towers with Radar,0,9,39,3,51,0,2,79,5,86,0,11,118,8,137,114,0,114,251
05/16/2023,NEW,LA,ASW,CE,Towers with Radar,0,4,42,0,46,0,4,89,4,97,0,8,131,4,143,110,10,120,263
05/17/2023,NEW,LA,ASW,CE,Towers with Radar,0,5,75,0,80,0,4,61,0,65,0,9,136,0,145,78,0,78,223
05/18/2023,NEW,LA,ASW,CE,Towers with Radar,0,22,76,11,109,0,3,69,5,77,0,25,145,16,186,98,8,106,292
05/19/2023,NEW,LA,ASW,CE,Towers with Radar,0,17,67,10,94,0,3,103,8,114,0,20,170,18,208,198,44,242,450
05/20/2023,NEW,LA,ASW,CE,Towers with Radar,0,7,60,3,70,0,13,90,2,105,0,20,150,5,175,132,0,132,307
05/21/2023,NEW,LA,ASW,CE,Towers with Radar,0,20,94,2,116,0,9,75,2,86,0,29,169,4,202,18,8,26,228
05/22/2023,NEW,LA,ASW,CE,Towers with Radar,0,13,63,4,80,0,8,95,5,108,0,21,158,9,188,134,0,134,322
05/23/2023,NEW,LA,ASW,CE,Towers with Radar,0,17,53,9,79,0,13,85,4,102,0,30,138,13,181,192,0,192,373
05/24/2023,NEW,LA,ASW,CE,Towers with Radar,0,13,76,1,90,0,7,43,5,55,0,20,119,6,145,100,4,104,249
05/25/2023,NEW,LA,ASW,CE,Towers with Radar,0,5,61,3,69,0,4,80,4,88,0,9,141,7,157,122,8,130,287
05/26/2023,NEW,LA,ASW,CE,Towers with Radar,0,11,53,0,64,0,11,91,0,102,0,22,144,0,166,104,0,104,270
05/27/2023,NEW,LA,ASW,CE,Towers with Radar,0,13,32,0,45,0,14,103,0,117,0,27,135,0,162,110,0,110,272
05/28/2023,NEW,LA,ASW,CE,Towers with Radar,0,6,30,0,36,0,8,78,0,86,0,14,108,0,122,116,0,116,238
05/29/2023,NEW,LA,ASW,CE,Towers with Radar,0,10,49,0,59,0,15,90,0,105,0,25,139,0,164,166,0,166,330
05/30/2023,NEW,LA,ASW,CE,Towers with Radar,0,5,33,2,40,0,5,84,0,89,0,10,117,2,129,132,4,136,265
05/31/2023,NEW,LA,ASW,CE,Towers with Radar,0,9,41,13,63,0,14,73,4,91,0,23,114,17,154,216,10,226,380
06/01/2023,NEW,LA,ASW,CE,Towers with Radar,0,10,47,1,58,0,11,91,0,102,0,21,138,1,160,142,0,142,302
06/02/2023,NEW,LA,ASW,CE,Towers with Radar,0,4,36,10,50,0,5,85,0,90,0,9,121,10,140,74,0,74,214
06/03/2023,NEW,LA,ASW,CE,Towers with Radar,0,5,40,4,49,0,13,92,2,107,0,18,132,6,156,88,22,110,266
06/04/2023,NEW,LA,ASW,CE,Towers with Radar,0,8,41,5,54,0,7,96,3,106,0,15,137,8,160,126,12,138,298
06/05/2023,NEW,LA,ASW,CE,Towers with Radar,0,4,33,0,37,0,9,62,1,72,0,13,95,1,109,64,0,64,173
06/06/2023,NEW,LA,ASW,CE,Towers with Radar,0,6,33,0,39,0,7,53,0,60,0,13,86,0,99,178,0,178,277
06/07/2023,NEW,LA,ASW,CE,Towers with Radar,0,7,53,4,64,0,5,102,0,107,0,12,155,4,171,168,0,168,339
06/08/2023,NEW,LA,ASW,CE,Towers with Radar,0,11,54,4,69,0,5,68,2,75,0,16,122,6,144,188,0,188,332
06/09/2023,NEW,LA,ASW,CE,Towers with Radar,0,8,53,8,69,0,24,91,6,121,0,32,144,14,190,232,0,232,422
06/10/2023,NEW,LA,ASW,CE,Towers with Radar,0,17,32,6,55,0,12,93,0,105,0,29,125,6,160,112,0,112,272
06/11/2023,NEW,LA,ASW,CE,Towers with Radar,0,14,53,4,71,0,17,60,2,79,0,31,113,6,150,62,0,62,212
06/12/2023,NEW,LA,ASW,CE,Towers with Radar,0,8,48,8,64,0,5,85,4,94,0,13,133,12,158,158,0,158,316
06/13/2023,NEW,LA,ASW,CE,Towers with Radar,0,8,31,6,45,0,7,74,3,84,0,15,105,9,129,120,4,124,253
06/14/2023,NEW,LA,ASW,CE,Towers with Radar,0,10,58,0,68,0,10,49,0,59,0,20,107,0,127,46,0,46,173
06/15/2023,NEW,LA,ASW,CE,Towers with Radar,0,12,52,0,64,0,2,45,1,48,0,14,97,1,112,74,0,74,186
06/16/2023,NEW,LA,ASW,CE,Towers with Radar,0,17,58,2,77,0,22,74,1,97,0,39,132,3,174,178,0,178,352
06/17/2023,NEW,LA,ASW,CE,Towers with Radar,0,4,34,0,38,0,14,94,0,108,0,18,128,0,146,122,0,122,268
06/18/2023,NEW,LA,ASW,CE,Towers with Radar,0,9,36,1,46,0,21,78,0,99,0,30,114,1,145,90,0,90,235
06/19/2023,NEW,LA,ASW,CE,Towers with Radar,0,7,47,0,54,0,3,60,0,63,0,10,107,0,117,82,0,82,199
06/20/2023,NEW,LA,ASW,CE,Towers with Radar,0,4,40,3,47,0,4,32,4,40,0,8,72,7,87,92,10,102,189
06/21/2023,NEW,LA,ASW,CE,Towers with Radar,0,9,43,0,52,0,7,78,1,86,0,16,121,1,138,134,0,134,272
06/22/2023,NEW,LA,ASW,CE,Towers with Radar,0,10,35,1,46,0,12,77,2,91,0,22,112,3,137,90,0,90,227
06/23/2023,NEW,LA,ASW,CE,Towers with Radar,0,6,47,1,54,0,8,78,0,86,0,14,125,1,140,117,0,117,257
06/24/2023,NEW,LA,ASW,CE,Towers with Radar,0,3,30,3,36,0,15,72,1,88,0,18,102,4,124,90,0,90,214
06/25/2023,NEW,LA,ASW,CE,Towers with Radar,0,12,58,15,85,0,12,71,10,93,0,24,129,25,178,56,0,56,234
06/26/2023,NEW,LA,ASW,CE,Towers with Radar,0,5,47,8,60,0,7,54,3,64,0,12,101,11,124,46,0,46,170
06/27/2023,NEW,LA,ASW,CE,Towers with Radar,0,9,39,5,53,0,9,81,2,92,0,18,120,7,145,142,0,142,287
06/28/2023,NEW,LA,ASW,CE,Towers with Radar,0,15,56,2,73,0,6,94,0,100,0,21,150,2,173,82,0,82,255
06/29/2023,NEW,LA,ASW,CE,Towers with Radar,0,7,44,1,52,0,10,69,0,79,0,17,113,1,131,100,0,100,231
06/30/2023,NEW,LA,ASW,CE,Towers with Radar,0,14,48,2,64,0,23,85,0,108,0,37,133,2,172,112,0,112,284
07/01/2023,NEW,LA,ASW,CE,Towers with Radar,0,7,33,0,40,0,23,89,0,112,0,30,122,0,152,116,0,116,268
07/02/2023,NEW,LA,ASW,CE,Towers with Radar,0,6,23,0,29,0,11,39,0,50,0,17,62,0,79,36,0,36,115
07/03/2023,NEW,LA,ASW,CE,Towers with Radar,0,7,23,3,33,0,8,57,5,70,0,15,80,8,103,122,0,122,225
07/04/2023,NEW,LA,ASW,CE,Towers with Radar,0,2,25,0,27,0,4,28,0,32,0,6,53,0,59,74,0,74,133
07/05/2023,NEW,LA,ASW,CE,Towers with Radar,0,4,18,0,22,0,1,42,0,43,0,5,60,0,65,88,0,88,153
07/06/2023,NEW,LA,ASW,CE,Towers with Radar,0,9,46,1,56,0,7,89,0,96,0,16,135,1,152,186,0,186,338
07/07/2023,NEW,LA,ASW,CE,Towers with Radar,0,11,31,4,46,0,3,88,0,91,0,14,119,4,137,156,0,156,293
07/08/2023,NEW,LA,ASW,CE,Towers with Radar,0,0,20,2,22,0,3,71,0,74,0,3,91,2,96,72,0,72,168
07/09/2023,NEW,LA,ASW,CE,Towers with Radar,0,2,34,0,36,0,7,47,0,54,0,9,81,0,90,60,0,60,150
07/10/2023,NEW,LA,ASW,CE,Towers with Radar,0,2,30,0,32,0,6,63,0,69,0,8,93,0,101,78,0,78,179
07/11/2023,NEW,LA,ASW,CE,Towers with Radar,0,3,24,3,30,0,5,69,0,74,0,8,93,3,104,110,0,110,214
07/12/2023,NEW,LA,ASW,CE,Towers with Radar,0,6,49,0,55,0,8,54,0,62,0,14,103,0,117,62,0,62,179
07/13/2023,NEW,LA,ASW,CE,Towers with Radar,0,7,62,9,78,0,7,74,7,88,0,14,136,16,166,134,8,142,308
07/14/2023,NEW,LA,ASW,CE,Towers with Radar,0,6,29,4,39,0,5,77,1,83,0,11,106,5,122,124,0,124,246
07/15/2023,NEW,LA,ASW,CE,Towers with Radar,0,8,32,6,46,0,12,87,5,104,0,20,119,11,150,52,0,52,202
07/16/2023,NEW,LA,ASW,CE,Towers with Radar,0,4,37,1,42,0,4,20,1,25,0,8,57,2,67,22,0,22,89
07/17/2023,NEW,LA,ASW,CE,Towers with Radar,0,8,38,1,47,0,4,73,0,77,0,12,111,1,124,148,0,148,272
07/18/2023,NEW,LA,ASW,CE,Towers with Radar,0,7,49,2,58,0,14,75,2,91,0,21,124,4,149,168,0,168,317
07/19/2023,NEW,LA,ASW,CE,Towers with Radar,0,6,46,8,60,0,6,53,7,66,0,12,99,15,126,118,20,138,264
07/20/2023,NEW,LA,ASW,CE,Towers with Radar,0,10,29,3,42,0,7,80,5,92,0,17,109,8,134,134,2,136,270
07/21/2023,NEW,LA,ASW,CE,Towers with Radar,0,12,43,3,58,0,20,79,6,105,0,32,122,9,163,134,0,134,297
07/22/2023,NEW,LA,ASW,CE,Towers with Radar,0,6,30,0,36,0,9,87,1,97,0,15,117,1,133,92,0,92,225
07/23/2023,NEW,LA,ASW,CE,Towers with Radar,0,12,36,5,53,0,7,47,3,57,0,19,83,8,110,44,30,74,184
07/24/2023,NEW,LA,ASW,CE,Towers with Radar,0,8,37,0,45,0,12,93,0,105,0,20,130,0,150,228,30,258,408
07/25/2023,NEW,LA,ASW,CE,Towers with Radar,0,4,46,1,51,0,3,83,3,89,0,7,129,4,140,116,12,128,268
07/26/2023,NEW,LA,ASW,CE,Towers with Radar,0,7,49,1,57,0,11,84,1,96,0,18,133,2,153,116,0,116,269
07/27/2023,NEW,LA,ASW,CE,Towers with Radar,0,4,52,7,63,0,9,80,0,89,0,13,132,7,152,150,0,150,302
07/28/2023,NEW,LA,ASW,CE,Towers with Radar,0,8,31,9,48,0,8,96,4,108,0,16,127,13,156,134,10,144,300
07/29/2023,NEW,LA,ASW,CE,Towers with Radar,0,5,34,3,42,0,11,101,0,112,0,16,135,3,154,82,0,82,236
07/30/2023,NEW,LA,ASW,CE,Towers with Radar,0,6,24,8,38,0,4,53,0,57,0,10,77,8,95,22,0,22,117
07/31/2023,NEW,LA,ASW,CE,Towers with Radar,0,0,23,2,25,0,12,54,4,70,0,12,77,6,95,54,0,54,149
08/01/2023,NEW,LA,ASW,CE,Towers with Radar,0,1,23,2,26,0,9,87,0,96,0,10,110,2,122,178,0,178,300
08/02/2023,NEW,LA,ASW,CE,Towers with Radar,0,11,48,2,61,0,4,71,1,76,0,15,119,3,137,62,0,62,199
08/03/2023,NEW,LA,ASW,CE,Towers with Radar,0,4,56,6,66,0,5,79,2,86,0,9,135,8,152,186,0,186,338
08/04/2023,NEW,LA,ASW,CE,Towers with Radar,0,5,34,10,49,0,5,83,9,97,0,10,117,19,146,160,0,160,306
08/05/2023,NEW,LA,ASW,CE,Towers with Radar,0,3,54,2,59,0,7,101,9,117,0,10,155,11,176,182,0,182,358
08/06/2023,NEW,LA,ASW,CE,Towers with Radar,0,5,36,3,44,0,4,78,6,88,0,9,114,9,132,144,0,144,276
08/07/2023,NEW,LA,ASW,CE,Towers with Radar,0,9,43,0,52,0,9,56,0,65,0,18,99,0,117,48,0,48,165
08/08/2023,NEW,LA,ASW,CE,Towers with Radar,0,5,46,7,58,0,15,41,1,57,0,20,87,8,115,84,4,88,203
08/09/2023,NEW,LA,ASW,CE,Towers with Radar,0,2,54,10,66,0,9,52,5,66,0,11,106,15,132,84,0,84,216
08/10/2023,NEW,LA,ASW,CE,Towers with Radar,0,6,50,0,56,0,7,77,0,84,0,13,127,0,140,44,0,44,184
08/11/2023,NEW,LA,ASW,CE,Towers with Radar,0,6,63,12,81,0,8,91,10,109,0,14,154,22,190,80,10,90,280
08/12/2023,NEW,LA,ASW,CE,Towers with Radar,0,6,29,6,41,0,19,110,3,132,0,25,139,9,173,128,0,128,301
08/13/2023,NEW,LA,ASW,CE,Towers with Radar,0,8,58,10,76,0,7,58,1,66,0,15,116,11,142,98,0,98,240
08/14/2023,NEW,LA,ASW,CE,Towers with Radar,0,9,52,3,64,0,6,69,4,79,0,15,121,7,143,118,0,118,261
08/15/2023,NEW,LA,ASW,CE,Towers with Radar,0,9,28,4,41,0,2,64,0,66,0,11,92,4,107,62,0,62,169
08/16/2023,NEW,LA,ASW,CE,Towers with Radar,0,6,36,8,50,0,3,91,2,96,0,9,127,10,146,96,0,96,242
08/17/2023,NEW,LA,ASW,CE,Towers with Radar,0,10,45,8,63,0,9,95,2,106,0,19,140,10,169,124,4,128,297
08/18/2023,NEW,LA,ASW,CE,Towers with Radar,0,8,35,5,48,0,6,93,0,99,0,14,128,5,147,190,0,190,337
08/19/2023,NEW,LA,ASW,CE,Towers with Radar,0,11,28,9,48,0,6,82,1,89,0,17,110,10,137,124,16,140,277
08/20/2023,NEW,LA,ASW,CE,Towers with Radar,0,10,47,7,64,0,3,68,2,73,0,13,115,9,137,86,0,86,223
08/21/2023,NEW,LA,ASW,CE,Towers with Radar,0,6,35,2,43,0,0,21,3,24,0,6,56,5,67,2,0,2,69
08/22/2023,NEW,LA,ASW,CE,Towers with Radar,0,4,39,9,52,0,7,79,5,91,0,11,118,14,143,72,12,84,227
08/23/2023,NEW,LA,ASW,CE,Towers with Radar,0,7,41,0,48,0,3,67,0,70,0,10,108,0,118,106,0,106,224
08/24/2023,NEW,LA,ASW,CE,Towers with Radar,0,2,36,4,42,0,1,79,8,88,0,3,115,12,130,164,0,164,294
08/25/2023,NEW,LA,ASW,CE,Towers with Radar,0,5,41,7,53,0,10,81,5,96,0,15,122,12,149,54,0,54,203
08/26/2023,NEW,LA,ASW,CE,Towers with Radar,0,1,39,0,40,0,5,97,0,102,0,6,136,0,142,48,0,48,190
08/27/2023,NEW,LA,ASW,CE,Towers with Radar,0,1,52,6,59,0,4,88,3,95,0,5,140,9,154,66,0,66,220
08/28/2023,NEW,LA,ASW,CE,Towers with Radar,0,5,42,4,51,0,3,56,2,61,0,8,98,6,112,72,10,82,194
08/29/2023,NEW,LA,ASW,CE,Towers with Radar,0,8,29,0,37,0,20,50,0,70,0,28,79,0,107,48,0,48,155
08/30/2023,NEW,LA,ASW,CE,Towers with Radar,0,8,26,9,43,0,5,74,1,80,0,13,100,10,123,170,0,170,293
08/31/2023,NEW,LA,ASW,CE,Towers with Radar,0,17,42,7,66,0,4,87,3,94,0,21,129,10,160,115,0,115,275
