02/01/2002,NQA,TN,ASO,CE,Federal Contract Tower,0,0,11,16,27,0,0,21,12,33,0,0,32,28,60,28,66,94,154
02/02/2002,NQA,TN,ASO,CE,Federal Contract Tower,0,0,1,1,2,0,0,34,6,40,0,0,35,7,42,38,6,44,86
02/03/2002,NQA,TN,ASO,CE,Federal Contract Tower,0,0,5,7,12,0,0,9,0,9,0,0,14,7,21,8,0,8,29
02/04/2002,NQA,TN,ASO,CE,Federal Contract Tower,0,0,10,14,24,0,0,25,1,26,0,0,35,15,50,32,88,120,170
02/05/2002,NQA,TN,ASO,CE,Federal Contract Tower,0,0,15,21,36,0,0,13,10,23,0,0,28,31,59,8,204,212,271
02/06/2002,NQA,TN,ASO,CE,Federal Contract Tower,0,0,1,0,1,0,0,3,0,3,0,0,4,0,4,0,0,0,4
02/07/2002,NQA,TN,ASO,CE,Federal Contract Tower,0,0,8,12,20,0,0,12,10,22,0,0,20,22,42,10,84,94,136
02/08/2002,NQA,TN,ASO,CE,Federal Contract Tower,0,0,6,9,15,0,0,35,8,43,0,0,41,17,58,24,130,154,212
02/09/2002,NQA,TN,ASO,CE,Federal Contract Tower,0,0,2,2,4,0,0,25,2,27,0,0,27,4,31,20,0,20,51
02/10/2002,NQA,TN,ASO,CE,Federal Contract Tower,0,0,2,4,6,0,0,26,2,28,0,0,28,6,34,18,0,18,52
02/11/2002,NQA,TN,ASO,CE,Federal Contract Tower,0,0,8,12,20,0,0,31,15,46,0,0,39,27,66,58,170,228,294
02/12/2002,NQA,TN,ASO,CE,Federal Contract Tower,0,0,6,9,15,0,0,54,0,54,0,0,60,9,69,34,50,84,153
02/13/2002,NQA,TN,ASO,CE,Federal Contract Tower,0,0,12,16,28,0,0,15,9,24,0,0,27,25,52,20,164,184,236
02/14/2002,NQA,TN,ASO,CE,Federal Contract Tower,0,0,16,20,36,0,0,45,0,45,0,0,61,20,81,30,102,132,213
02/15/2002,NQA,TN,ASO,CE,Federal Contract Tower,0,0,7,8,15,0,0,11,7,18,0,0,18,15,33,0,76,76,109
02/16/2002,NQA,TN,ASO,CE,Federal Contract Tower,0,0,2,0,2,0,0,37,0,37,0,0,39,0,39,26,0,26,65
02/17/2002,NQA,TN,ASO,CE,Federal Contract Tower,0,0,1,0,1,0,0,38,0,38,0,0,39,0,39,44,0,44,83
02/18/2002,NQA,TN,ASO,CE,Federal Contract Tower,0,0,8,6,14,0,0,24,0,24,0,0,32,6,38,0,4,4,42
02/19/2002,NQA,TN,ASO,CE,Federal Contract Tower,0,0,5,6,11,0,0,9,0,9,0,0,14,6,20,0,0,0,20
02/20/2002,NQA,TN,ASO,CE,Federal Contract Tower,0,0,11,15,26,0,0,1,13,14,0,0,12,28,40,22,130,152,192
02/21/2002,NQA,TN,ASO,CE,Federal Contract Tower,0,0,8,13,21,2,0,28,13,43,2,0,36,26,64,22,116,138,202
02/22/2002,NQA,TN,ASO,CE,Federal Contract Tower,0,0,9,14,23,4,6,24,2,36,4,6,33,16,59,34,76,110,169
02/23/2002,NQA,TN,ASO,CE,Federal Contract Tower,0,0,8,5,13,0,0,54,0,54,0,0,62,5,67,44,0,44,111
02/24/2002,NQA,TN,ASO,CE,Federal Contract Tower,0,0,1,0,1,0,0,48,0,48,0,0,49,0,49,14,0,14,63
02/25/2002,NQA,TN,ASO,CE,Federal Contract Tower,0,0,6,10,16,0,0,9,1,10,0,0,15,11,26,22,40,62,88
02/26/2002,NQA,TN,ASO,CE,Federal Contract Tower,0,0,9,13,22,2,0,4,5,11,2,0,13,18,33,4,80,84,117
02/27/2002,NQA,TN,ASO,CE,Federal Contract Tower,0,0,21,33,54,0,0,0,13,13,0,0,21,46,67,26,180,206,273
02/28/2002,NQA,TN,ASO,CE,Federal Contract Tower,0,0,7,10,17,0,0,9,3,12,0,0,16,13,29,4,86,90,119
03/01/2002,NQA,TN,ASO,CE,Federal Contract Tower,0,0,0,0,0,0,0,19,26,45,0,0,19,26,45,4,80,84,129
03/02/2002,NQA,TN,ASO,CE,Federal Contract Tower,0,0,2,1,3,0,0,0,1,1,0,0,2,2,4,0,0,0,4
03/03/2002,NQA,TN,ASO,CE,Federal Contract Tower,0,0,4,6,10,0,0,2,7,9,0,0,6,13,19,0,0,0,19
03/04/2002,NQA,TN,ASO,CE,Federal Contract Tower,0,0,7,9,16,0,0,11,7,18,0,0,18,16,34,6,52,58,92
03/05/2002,NQA,TN,ASO,CE,Federal Contract Tower,0,0,13,21,34,0,0,21,15,36,0,0,34,36,70,36,78,114,184
03/06/2002,NQA,TN,ASO,CE,Federal Contract Tower,0,0,8,12,20,0,0,29,0,29,0,0,37,12,49,36,50,86,135
03/07/2002,NQA,TN,ASO,CE,Federal Contract Tower,0,0,10,8,18,2,0,23,0,25,2,0,33,8,43,28,14,42,85
03/08/2002,NQA,TN,ASO,CE,Federal Contract Tower,0,0,8,10,18,4,0,18,0,22,4,0,26,10,40,24,40,64,104
03/09/2002,NQA,TN,ASO,CE,Federal Contract Tower,0,0,0,0,0,0,0,8,0,8,0,0,8,0,8,14,0,14,22
03/10/2002,NQA,TN,ASO,CE,Federal Contract Tower,0,0,4,4,8,0,0,37,0,37,0,0,41,4,45,50,6,56,101
03/11/2002,NQA,TN,ASO,CE,Federal Contract Tower,0,0,11,18,29,0,0,11,9,20,0,0,22,27,49,18,54,72,121
03/12/2002,NQA,TN,ASO,CE,Federal Contract Tower,0,0,9,30,39,0,0,0,14,14,0,0,9,44,53,0,2,2,55
03/13/2002,NQA,TN,ASO,CE,Federal Contract Tower,0,0,8,15,23,0,1,37,1,39,0,1,45,16,62,58,16,74,136
03/14/2002,NQA,TN,ASO,CE,Federal Contract Tower,0,0,9,16,25,0,0,15,17,32,0,0,24,33,57,6,102,108,165
03/15/2002,NQA,TN,ASO,CE,Federal Contract Tower,0,0,7,13,20,0,0,17,0,17,0,0,24,13,37,14,46,60,97
03/16/2002,NQA,TN,ASO,CE,Federal Contract Tower,0,0,2,4,6,0,0,6,14,20,0,0,8,18,26,2,0,2,28
03/17/2002,NQA,TN,ASO,CE,Federal Contract Tower,0,0,2,1,3,0,0,5,0,5,0,0,7,1,8,0,0,0,8
03/18/2002,NQA,TN,ASO,CE,Federal Contract Tower,0,0,2,4,6,0,0,4,0,4,0,0,6,4,10,0,0,0,10
03/19/2002,NQA,TN,ASO,CE,Federal Contract Tower,0,0,1,3,4,0,0,0,1,1,0,0,1,4,5,0,0,0,5
03/20/2002,NQA,TN,ASO,CE,Federal Contract Tower,0,0,4,8,12,0,0,6,0,6,0,0,10,8,18,10,0,10,28
03/21/2002,NQA,TN,ASO,CE,Federal Contract Tower,0,0,12,22,34,0,0,0,19,19,0,0,12,41,53,14,224,238,291
03/22/2002,NQA,TN,ASO,CE,Federal Contract Tower,0,0,10,18,28,0,0,24,7,31,0,0,34,25,59,20,72,92,151
03/23/2002,NQA,TN,ASO,CE,Federal Contract Tower,0,0,1,2,3,0,0,56,0,56,0,0,57,2,59,82,0,82,141
03/24/2002,NQA,TN,ASO,CE,Federal Contract Tower,0,0,2,4,6,0,0,25,0,25,0,0,27,4,31,8,0,8,39
03/25/2002,NQA,TN,ASO,CE,Federal Contract Tower,0,0,7,15,22,0,0,9,0,9,0,0,16,15,31,8,64,72,103
03/26/2002,NQA,TN,ASO,CE,Federal Contract Tower,0,0,6,12,18,0,0,5,0,5,0,0,11,12,23,2,72,74,97
03/27/2002,NQA,TN,ASO,CE,Federal Contract Tower,0,0,7,14,21,0,0,32,0,32,0,0,39,14,53,12,64,76,129
03/28/2002,NQA,TN,ASO,CE,Federal Contract Tower,0,0,14,22,36,0,0,48,0,48,0,0,62,22,84,58,66,124,208
03/29/2002,NQA,TN,ASO,CE,Federal Contract Tower,0,0,7,13,20,0,0,13,5,18,0,0,20,18,38,0,14,14,52
03/30/2002,NQA,TN,ASO,CE,Federal Contract Tower,0,0,1,0,1,0,0,4,0,4,0,0,5,0,5,0,0,0,5
03/31/2002,NQA,TN,ASO,CE,Federal Contract Tower,0,0,2,4,6,0,0,12,9,21,0,0,14,13,27,4,0,4,31
04/01/2002,NQA,TN,ASO,CE,Federal Contract Tower,0,0,9,11,20,0,0,34,0,34,0,0,43,11,54,48,4,52,106
04/02/2002,NQA,TN,ASO,CE,Federal Contract Tower,0,0,17,25,42,0,0,13,9,22,0,0,30,34,64,32,184,216,280
04/03/2002,NQA,TN,ASO,CE,Federal Contract Tower,0,0,10,9,19,0,0,25,0,25,0,0,35,9,44,28,0,28,72
04/04/2002,NQA,TN,ASO,CE,Federal Contract Tower,0,0,7,10,17,0,0,17,5,22,0,0,24,15,39,28,98,126,165
04/05/2002,NQA,TN,ASO,CE,Federal Contract Tower,0,0,11,9,20,0,0,35,0,35,0,0,46,9,55,54,4,58,113
04/06/2002,NQA,TN,ASO,CE,Federal Contract Tower,0,0,1,0,1,0,0,34,0,34,0,0,35,0,35,22,0,22,57
04/07/2002,NQA,TN,ASO,CE,Federal Contract Tower,0,0,2,1,3,0,0,19,1,20,0,0,21,2,23,0,0,0,23
04/08/2002,NQA,TN,ASO,CE,Federal Contract Tower,0,0,6,10,16,0,0,0,8,8,0,0,6,18,24,0,0,0,24
04/09/2002,NQA,TN,ASO,CE,Federal Contract Tower,0,0,6,7,13,0,0,5,2,7,0,0,11,9,20,6,42,48,68
04/10/2002,NQA,TN,ASO,CE,Federal Contract Tower,0,0,8,12,20,0,64,10,40,114,0,64,18,52,134,90,0,90,224
04/11/2002,NQA,TN,ASO,CE,Federal Contract Tower,0,0,8,10,18,0,1,35,2,38,0,1,43,12,56,20,118,138,194
04/12/2002,NQA,TN,ASO,CE,Federal Contract Tower,0,0,15,22,37,0,1,26,5,32,0,1,41,27,69,30,184,214,283
04/13/2002,NQA,TN,ASO,CE,Federal Contract Tower,0,0,3,2,5,0,0,28,0,28,0,0,31,2,33,22,2,24,57
04/14/2002,NQA,TN,ASO,CE,Federal Contract Tower,0,0,3,1,4,0,0,22,0,22,0,0,25,1,26,18,0,18,44
04/15/2002,NQA,TN,ASO,CE,Federal Contract Tower,0,0,18,26,44,0,0,7,17,24,0,0,25,43,68,0,170,170,238
04/16/2002,NQA,TN,ASO,CE,Federal Contract Tower,0,0,8,13,21,0,0,25,0,25,0,0,33,13,46,48,132,180,226
04/17/2002,NQA,TN,ASO,CE,Federal Contract Tower,0,0,6,11,17,0,0,26,3,29,0,0,32,14,46,10,62,72,118
04/18/2002,NQA,TN,ASO,CE,Federal Contract Tower,0,0,10,17,27,0,0,25,10,35,0,0,35,27,62,30,160,190,252
04/19/2002,NQA,TN,ASO,CE,Federal Contract Tower,0,0,11,18,29,0,0,17,4,21,0,0,28,22,50,36,156,192,242
04/20/2002,NQA,TN,ASO,CE,Federal Contract Tower,0,0,3,6,9,0,0,26,0,26,0,0,29,6,35,20,2,22,57
04/21/2002,NQA,TN,ASO,CE,Federal Contract Tower,0,0,1,3,4,0,0,28,0,28,0,0,29,3,32,24,0,24,56
04/22/2002,NQA,TN,ASO,CE,Federal Contract Tower,0,0,6,11,17,0,0,22,16,38,0,0,28,27,55,18,174,192,247
04/23/2002,NQA,TN,ASO,CE,Federal Contract Tower,0,0,6,11,17,0,0,14,8,22,0,0,20,19,39,10,154,164,203
04/24/2002,NQA,TN,ASO,CE,Federal Contract Tower,0,0,2,5,7,0,0,28,4,32,0,0,30,9,39,24,0,24,63
04/25/2002,NQA,TN,ASO,CE,Federal Contract Tower,0,0,23,32,55,0,0,29,0,29,0,0,52,32,84,56,170,226,310
04/26/2002,NQA,TN,ASO,CE,Federal Contract Tower,0,0,6,10,16,0,0,22,6,28,0,0,28,16,44,16,50,66,110
04/27/2002,NQA,TN,ASO,CE,Federal Contract Tower,0,0,1,0,1,0,0,12,0,12,0,0,13,0,13,10,0,10,23
04/28/2002,NQA,TN,ASO,CE,Federal Contract Tower,0,0,3,5,8,0,0,18,2,20,0,0,21,7,28,14,2,16,44
04/29/2002,NQA,TN,ASO,CE,Federal Contract Tower,0,0,10,17,27,0,0,43,5,48,0,0,53,22,75,46,88,134,209
04/30/2002,NQA,TN,ASO,CE,Federal Contract Tower,0,0,0,2,2,0,0,5,0,5,0,0,5,2,7,2,0,2,9
05/01/2002,NQA,TN,ASO,CE,Federal Contract Tower,0,0,11,15,26,0,0,9,3,12,0,0,20,18,38,28,30,58,96
05/02/2002,NQA,TN,ASO,CE,Federal Contract Tower,0,0,5,3,8,0,0,5,0,5,0,0,10,3,13,0,0,0,13
05/03/2002,NQA,TN,ASO,CE,Federal Contract Tower,0,0,3,2,5,0,0,3,0,3,0,0,6,2,8,0,0,0,8
05/04/2002,NQA,TN,ASO,CE,Federal Contract Tower,0,0,2,0,2,0,0,5,0,5,0,0,7,0,7,14,0,14,21
05/05/2002,NQA,TN,ASO,CE,Federal Contract Tower,0,0,5,6,11,0,0,25,4,29,0,0,30,10,40,26,18,44,84
05/06/2002,NQA,TN,ASO,CE,Federal Contract Tower,0,0,9,8,17,0,0,35,0,35,0,0,44,8,52,20,40,60,112
05/07/2002,NQA,TN,ASO,CE,Federal Contract Tower,0,0,15,18,33,0,0,10,18,28,0,0,25,36,61,22,228,250,311
05/08/2002,NQA,TN,ASO,CE,Federal Contract Tower,0,0,14,17,31,0,0,13,10,23,0,0,27,27,54,24,26,50,104
05/09/2002,NQA,TN,ASO,CE,Federal Contract Tower,0,0,12,15,27,0,0,9,6,15,0,0,21,21,42,12,18,30,72
05/10/2002,NQA,TN,ASO,CE,Federal Contract Tower,0,0,5,4,9,0,0,10,0,10,0,0,15,4,19,0,4,4,23
05/11/2002,NQA,TN,ASO,CE,Federal Contract Tower,0,0,10,1,11,0,0,26,0,26,0,0,36,1,37,22,0,22,59
05/12/2002,NQA,TN,ASO,CE,Federal Contract Tower,0,0,3,2,5,0,0,15,3,18,0,0,18,5,23,36,0,36,59
05/13/2002,NQA,TN,ASO,CE,Federal Contract Tower,0,0,8,9,17,0,0,12,4,16,0,0,20,13,33,20,82,102,135
05/14/2002,NQA,TN,ASO,CE,Federal Contract Tower,0,0,12,14,26,0,0,20,13,33,0,0,32,27,59,16,140,156,215
05/15/2002,NQA,TN,ASO,CE,Federal Contract Tower,0,0,12,14,26,0,2,44,10,56,0,2,56,24,82,38,194,232,314
05/16/2002,NQA,TN,ASO,CE,Federal Contract Tower,0,0,8,9,17,0,0,23,6,29,0,0,31,15,46,46,90,136,182
05/17/2002,NQA,TN,ASO,CE,Federal Contract Tower,0,0,3,0,3,0,0,10,0,10,0,0,13,0,13,0,0,0,13
05/18/2002,NQA,TN,ASO,CE,Federal Contract Tower,0,0,3,2,5,0,0,26,0,26,0,0,29,2,31,34,0,34,65
05/19/2002,NQA,TN,ASO,CE,Federal Contract Tower,0,0,6,9,15,0,0,28,1,29,0,0,34,10,44,34,26,60,104
05/20/2002,NQA,TN,ASO,CE,Federal Contract Tower,0,0,6,10,16,1,0,36,2,39,1,0,42,12,55,62,48,110,165
05/21/2002,NQA,TN,ASO,CE,Federal Contract Tower,0,0,17,24,41,0,1,26,8,35,0,1,43,32,76,10,36,46,122
05/22/2002,NQA,TN,ASO,CE,Federal Contract Tower,0,0,8,12,20,0,0,27,12,39,0,0,35,24,59,54,40,94,153
05/23/2002,NQA,TN,ASO,CE,Federal Contract Tower,0,0,17,24,41,1,0,32,8,41,1,0,49,32,82,74,60,134,216
05/24/2002,NQA,TN,ASO,CE,Federal Contract Tower,0,0,8,2,10,0,0,37,0,37,0,0,45,2,47,32,0,32,79
05/25/2002,NQA,TN,ASO,CE,Federal Contract Tower,0,0,3,0,3,0,0,17,0,17,0,0,20,0,20,6,0,6,26
05/26/2002,NQA,TN,ASO,CE,Federal Contract Tower,0,0,2,4,6,0,0,7,2,9,0,0,9,6,15,0,0,0,15
05/27/2002,NQA,TN,ASO,CE,Federal Contract Tower,0,0,5,7,12,0,0,18,4,22,0,0,23,11,34,10,4,14,48
05/28/2002,NQA,TN,ASO,CE,Federal Contract Tower,0,0,7,9,16,0,0,19,0,19,0,0,26,9,35,30,38,68,103
05/29/2002,NQA,TN,ASO,CE,Federal Contract Tower,0,0,17,24,41,0,0,7,13,20,0,0,24,37,61,14,164,178,239
05/30/2002,NQA,TN,ASO,CE,Federal Contract Tower,0,0,23,31,54,0,0,9,34,43,0,0,32,65,97,12,220,232,329
05/31/2002,NQA,TN,ASO,CE,Federal Contract Tower,0,0,14,20,34,0,0,30,5,35,0,0,44,25,69,18,82,100,169
06/01/2002,NQA,TN,ASO,CE,Federal Contract Tower,0,0,1,2,3,0,0,21,0,21,0,0,22,2,24,4,0,4,28
06/02/2002,NQA,TN,ASO,CE,Federal Contract Tower,0,0,3,4,7,0,0,19,0,19,0,0,22,4,26,0,0,0,26
06/03/2002,NQA,TN,ASO,CE,Federal Contract Tower,0,0,5,9,14,0,0,41,4,45,0,0,46,13,59,48,48,96,155
06/04/2002,NQA,TN,ASO,CE,Federal Contract Tower,0,0,8,15,23,0,0,31,10,41,0,0,39,25,64,22,110,132,196
06/05/2002,NQA,TN,ASO,CE,Federal Contract Tower,0,0,5,9,14,0,4,6,4,14,0,4,11,13,28,8,18,26,54
06/06/2002,NQA,TN,ASO,CE,Federal Contract Tower,0,0,9,21,30,0,0,27,6,33,0,0,36,27,63,30,80,110,173
06/07/2002,NQA,TN,ASO,CE,Federal Contract Tower,0,0,11,23,34,2,0,21,0,23,2,0,32,23,57,16,50,66,123
06/08/2002,NQA,TN,ASO,CE,Federal Contract Tower,0,0,3,0,3,0,0,29,0,29,0,0,32,0,32,30,0,30,62
06/09/2002,NQA,TN,ASO,CE,Federal Contract Tower,0,0,3,4,7,0,0,19,0,19,0,0,22,4,26,22,0,22,48
06/10/2002,NQA,TN,ASO,CE,Federal Contract Tower,0,0,3,7,10,0,0,9,2,11,0,0,12,9,21,4,38,42,63
06/11/2002,NQA,TN,ASO,CE,Federal Contract Tower,0,0,12,24,36,0,0,40,0,40,0,0,52,24,76,30,80,110,186
06/12/2002,NQA,TN,ASO,CE,Federal Contract Tower,0,0,6,16,22,0,0,26,6,32,0,0,32,22,54,4,136,140,194
06/13/2002,NQA,TN,ASO,CE,Federal Contract Tower,0,0,2,4,6,0,0,17,0,17,0,0,19,4,23,0,32,32,55
06/14/2002,NQA,TN,ASO,CE,Federal Contract Tower,0,0,8,20,28,0,0,15,9,24,0,0,23,29,52,10,44,54,106
06/15/2002,NQA,TN,ASO,CE,Federal Contract Tower,0,0,0,3,3,0,0,23,0,23,0,0,23,3,26,0,10,10,36
06/16/2002,NQA,TN,ASO,CE,Federal Contract Tower,0,0,5,8,13,0,0,32,0,32,0,0,37,8,45,40,0,40,85
06/17/2002,NQA,TN,ASO,CE,Federal Contract Tower,0,0,9,19,28,0,0,31,0,31,0,0,40,19,59,10,100,110,169
06/18/2002,NQA,TN,ASO,CE,Federal Contract Tower,0,0,7,17,24,0,0,48,9,57,0,0,55,26,81,36,68,104,185
06/19/2002,NQA,TN,ASO,CE,Federal Contract Tower,0,0,10,22,32,0,0,31,0,31,0,0,41,22,63,18,174,192,255
06/20/2002,NQA,TN,ASO,CE,Federal Contract Tower,0,0,8,20,28,0,0,23,1,24,0,0,31,21,52,32,66,98,150
06/21/2002,NQA,TN,ASO,CE,Federal Contract Tower,0,0,10,24,34,0,0,17,11,28,0,0,27,35,62,14,114,128,190
06/22/2002,NQA,TN,ASO,CE,Federal Contract Tower,0,0,5,12,17,0,0,24,7,31,0,0,29,19,48,2,20,22,70
06/23/2002,NQA,TN,ASO,CE,Federal Contract Tower,0,0,2,5,7,0,0,21,1,22,0,0,23,6,29,10,0,10,39
06/24/2002,NQA,TN,ASO,CE,Federal Contract Tower,0,0,14,34,48,0,0,14,12,26,0,0,28,46,74,6,126,132,206
06/25/2002,NQA,TN,ASO,CE,Federal Contract Tower,0,0,12,31,43,0,0,23,19,42,0,0,35,50,85,20,268,288,373
06/26/2002,NQA,TN,ASO,CE,Federal Contract Tower,0,0,13,31,44,0,0,28,12,40,0,0,41,43,84,18,148,166,250
06/27/2002,NQA,TN,ASO,CE,Federal Contract Tower,0,0,7,17,24,0,0,10,15,25,0,0,17,32,49,20,234,254,303
06/28/2002,NQA,TN,ASO,CE,Federal Contract Tower,0,0,11,29,40,0,0,19,15,34,0,0,30,44,74,36,160,196,270
06/29/2002,NQA,TN,ASO,CE,Federal Contract Tower,0,0,2,2,4,0,0,23,0,23,0,0,25,2,27,8,0,8,35
06/30/2002,NQA,TN,ASO,CE,Federal Contract Tower,0,0,4,12,16,0,0,11,1,12,0,0,15,13,28,0,0,0,28
07/01/2002,NQA,TN,ASO,CE,Federal Contract Tower,0,0,6,11,17,0,0,29,6,35,0,0,35,17,52,40,108,148,200
07/02/2002,NQA,TN,ASO,CE,Federal Contract Tower,0,0,5,7,12,0,0,29,7,36,0,0,34,14,48,6,94,100,148
07/03/2002,NQA,TN,ASO,CE,Federal Contract Tower,0,0,8,8,16,0,0,30,0,30,0,0,38,8,46,30,10,40,86
07/04/2002,NQA,TN,ASO,CE,Federal Contract Tower,0,0,3,4,7,0,0,24,1,25,0,0,27,5,32,0,4,4,36
07/05/2002,NQA,TN,ASO,CE,Federal Contract Tower,0,0,4,7,11,0,0,25,0,25,0,0,29,7,36,46,0,46,82
07/06/2002,NQA,TN,ASO,CE,Federal Contract Tower,0,0,2,2,4,0,0,17,4,21,0,0,19,6,25,20,2,22,47
07/07/2002,NQA,TN,ASO,CE,Federal Contract Tower,0,0,2,1,3,0,0,16,4,20,0,0,18,5,23,2,0,2,25
07/08/2002,NQA,TN,ASO,CE,Federal Contract Tower,0,0,6,10,16,0,0,11,2,13,0,0,17,12,29,0,40,40,69
07/09/2002,NQA,TN,ASO,CE,Federal Contract Tower,0,0,10,18,28,0,0,11,7,18,0,0,21,25,46,6,50,56,102
07/10/2002,NQA,TN,ASO,CE,Federal Contract Tower,0,0,6,11,17,0,1,20,5,26,0,1,26,16,43,16,70,86,129
07/11/2002,NQA,TN,ASO,CE,Federal Contract Tower,0,0,12,20,32,0,0,8,18,26,0,0,20,38,58,10,190,200,258
07/12/2002,NQA,TN,ASO,CE,Federal Contract Tower,0,0,5,9,14,0,0,16,0,16,0,0,21,9,30,0,0,0,30
07/13/2002,NQA,TN,ASO,CE,Federal Contract Tower,0,0,8,4,12,0,0,27,0,27,0,0,35,4,39,12,0,12,51
07/14/2002,NQA,TN,ASO,CE,Federal Contract Tower,0,0,4,4,8,0,0,38,0,38,0,0,42,4,46,68,0,68,114
07/15/2002,NQA,TN,ASO,CE,Federal Contract Tower,0,0,13,22,35,0,0,24,0,24,0,0,37,22,59,32,128,160,219
07/16/2002,NQA,TN,ASO,CE,Federal Contract Tower,0,0,10,21,31,0,0,21,10,31,0,0,31,31,62,12,172,184,246
07/17/2002,NQA,TN,ASO,CE,Federal Contract Tower,0,0,7,14,21,0,0,19,0,19,0,0,26,14,40,12,48,60,100
07/18/2002,NQA,TN,ASO,CE,Federal Contract Tower,0,0,7,14,21,0,0,15,0,15,0,0,22,14,36,0,52,52,88
07/19/2002,NQA,TN,ASO,CE,Federal Contract Tower,0,0,6,12,18,0,0,27,0,27,0,0,33,12,45,18,0,18,63
07/20/2002,NQA,TN,ASO,CE,Federal Contract Tower,0,0,1,4,5,0,0,27,2,29,0,0,28,6,34,36,0,36,70
07/21/2002,NQA,TN,ASO,CE,Federal Contract Tower,0,0,3,8,11,0,0,31,3,34,0,0,34,11,45,4,0,4,49
07/22/2002,NQA,TN,ASO,CE,Federal Contract Tower,0,0,9,16,25,0,0,32,0,32,0,0,41,16,57,12,82,94,151
07/23/2002,NQA,TN,ASO,CE,Federal Contract Tower,0,0,6,14,20,0,2,15,1,18,0,2,21,15,38,18,44,62,100
07/24/2002,NQA,TN,ASO,CE,Federal Contract Tower,0,0,14,29,43,0,0,8,9,17,0,0,22,38,60,4,122,126,186
07/25/2002,NQA,TN,ASO,CE,Federal Contract Tower,0,0,14,28,42,0,0,34,15,49,0,0,48,43,91,18,286,304,395
07/26/2002,NQA,TN,ASO,CE,Federal Contract Tower,0,0,12,23,35,0,0,22,10,32,0,0,34,33,67,14,138,152,219
07/27/2002,NQA,TN,ASO,CE,Federal Contract Tower,0,0,7,14,21,0,0,27,4,31,0,0,34,18,52,24,66,90,142
07/28/2002,NQA,TN,ASO,CE,Federal Contract Tower,0,0,3,6,9,0,0,21,2,23,0,0,24,8,32,6,6,12,44
07/29/2002,NQA,TN,ASO,CE,Federal Contract Tower,0,0,9,19,28,0,0,15,15,30,0,0,24,34,58,8,252,260,318
07/30/2002,NQA,TN,ASO,CE,Federal Contract Tower,0,0,8,16,24,0,0,3,11,14,0,0,11,27,38,0,146,146,184
07/31/2002,NQA,TN,ASO,CE,Federal Contract Tower,0,0,5,11,16,0,0,9,6,15,0,0,14,17,31,16,56,72,103
08/01/2002,NQA,TN,ASO,CE,Federal Contract Tower,0,0,12,26,38,0,0,34,2,36,0,0,46,28,74,0,208,208,282
08/02/2002,NQA,TN,ASO,CE,Federal Contract Tower,0,0,15,31,46,0,0,24,22,46,0,0,39,53,92,14,188,202,294
08/03/2002,NQA,TN,ASO,CE,Federal Contract Tower,0,0,2,6,8,0,0,43,2,45,0,0,45,8,53,26,16,42,95
08/04/2002,NQA,TN,ASO,CE,Federal Contract Tower,0,0,1,2,3,0,0,17,3,20,0,0,18,5,23,10,0,10,33
08/05/2002,NQA,TN,ASO,CE,Federal Contract Tower,0,0,14,30,44,0,0,18,21,39,0,0,32,51,83,18,168,186,269
08/06/2002,NQA,TN,ASO,CE,Federal Contract Tower,0,0,4,9,13,0,0,12,4,16,0,0,16,13,29,4,124,128,157
08/07/2002,NQA,TN,ASO,CE,Federal Contract Tower,0,0,10,20,30,0,0,18,23,41,0,0,28,43,71,22,294,316,387
08/08/2002,NQA,TN,ASO,CE,Federal Contract Tower,0,0,10,21,31,0,0,48,1,49,0,0,58,22,80,60,152,212,292
08/09/2002,NQA,TN,ASO,CE,Federal Contract Tower,0,0,3,7,10,0,0,22,5,27,0,0,25,12,37,6,62,68,105
08/10/2002,NQA,TN,ASO,CE,Federal Contract Tower,0,0,0,0,0,0,0,21,0,21,0,0,21,0,21,22,0,22,43
08/11/2002,NQA,TN,ASO,CE,Federal Contract Tower,0,0,1,2,3,0,0,23,0,23,0,0,24,2,26,4,0,4,30
08/12/2002,NQA,TN,ASO,CE,Federal Contract Tower,1,0,3,7,11,1,0,40,8,49,2,0,43,15,60,38,72,110,170
08/13/2002,NQA,TN,ASO,CE,Federal Contract Tower,0,0,8,16,24,0,0,16,16,32,0,0,24,32,56,6,138,144,200
08/14/2002,NQA,TN,ASO,CE,Federal Contract Tower,0,0,5,4,9,0,0,11,0,11,0,0,16,4,20,2,0,2,22
08/15/2002,NQA,TN,ASO,CE,Federal Contract Tower,0,0,6,10,16,0,0,33,15,48,0,0,39,25,64,18,56,74,138
08/16/2002,NQA,TN,ASO,CE,Federal Contract Tower,0,0,3,3,6,0,0,12,0,12,0,0,15,3,18,0,0,0,18
08/17/2002,NQA,TN,ASO,CE,Federal Contract Tower,0,0,2,0,2,2,0,20,0,22,2,0,22,0,24,18,0,18,42
08/18/2002,NQA,TN,ASO,CE,Federal Contract Tower,0,0,8,15,23,0,0,17,1,18,0,0,25,16,41,16,42,58,99
08/19/2002,NQA,TN,ASO,CE,Federal Contract Tower,0,0,9,17,26,0,0,16,14,30,0,0,25,31,56,48,190,238,294
08/20/2002,NQA,TN,ASO,CE,Federal Contract Tower,0,0,7,16,23,0,0,6,9,15,0,0,13,25,38,4,118,122,160
08/21/2002,NQA,TN,ASO,CE,Federal Contract Tower,0,0,10,23,33,0,0,18,4,22,0,0,28,27,55,2,130,132,187
08/22/2002,NQA,TN,ASO,CE,Federal Contract Tower,0,0,5,13,18,0,0,12,6,18,0,0,17,19,36,6,124,130,166
08/23/2002,NQA,TN,ASO,CE,Federal Contract Tower,0,0,7,16,23,0,0,21,5,26,0,0,28,21,49,22,88,110,159
08/24/2002,NQA,TN,ASO,CE,Federal Contract Tower,0,0,2,5,7,0,0,33,23,56,0,0,35,28,63,26,0,26,89
08/25/2002,NQA,TN,ASO,CE,Federal Contract Tower,0,0,4,6,10,7,0,26,0,33,7,0,30,6,43,38,0,38,81
08/26/2002,NQA,TN,ASO,CE,Federal Contract Tower,0,0,6,15,21,0,0,24,4,28,0,0,30,19,49,18,134,152,201
08/27/2002,NQA,TN,ASO,CE,Federal Contract Tower,0,0,6,15,21,0,0,28,2,30,0,0,34,17,51,36,76,112,163
08/28/2002,NQA,TN,ASO,CE,Federal Contract Tower,0,0,12,24,36,0,0,32,0,32,0,0,44,24,68,40,126,166,234
08/29/2002,NQA,TN,ASO,CE,Federal Contract Tower,0,0,6,14,20,0,0,39,0,39,0,0,45,14,59,24,120,144,203
08/30/2002,NQA,TN,ASO,CE,Federal Contract Tower,0,0,9,14,23,0,0,34,0,34,0,0,43,14,57,40,76,116,173
08/31/2002,NQA,TN,ASO,CE,Federal Contract Tower,0,0,1,4,5,2,0,34,30,66,2,0,35,34,71,0,0,0,71
09/01/2002,NQA,TN,ASO,CE,Federal Contract Tower,0,0,0,0,0,0,0,21,0,21,0,0,21,0,21,12,0,12,33
09/02/2002,NQA,TN,ASO,CE,Federal Contract Tower,0,0,5,3,8,0,0,28,0,28,0,0,33,3,36,8,0,8,44
09/03/2002,NQA,TN,ASO,CE,Federal Contract Tower,0,0,4,9,13,0,0,23,11,34,0,0,27,20,47,0,130,130,177
09/04/2002,NQA,TN,ASO,CE,Federal Contract Tower,0,0,13,26,39,0,0,9,11,20,0,0,22,37,59,4,84,88,147
09/05/2002,NQA,TN,ASO,CE,Federal Contract Tower,0,0,6,13,19,0,0,37,7,44,0,0,43,20,63,60,136,196,259
09/06/2002,NQA,TN,ASO,CE,Federal Contract Tower,0,0,18,35,53,0,0,21,23,44,0,0,39,58,97,16,212,228,325
09/07/2002,NQA,TN,ASO,CE,Federal Contract Tower,0,0,4,2,6,0,0,39,0,39,0,0,43,2,45,24,4,28,73
09/08/2002,NQA,TN,ASO,CE,Federal Contract Tower,0,0,5,6,11,0,0,31,0,31,0,0,36,6,42,10,6,16,58
09/09/2002,NQA,TN,ASO,CE,Federal Contract Tower,0,0,4,8,12,0,0,16,4,20,0,0,20,12,32,10,40,50,82
09/10/2002,NQA,TN,ASO,CE,Federal Contract Tower,0,0,19,36,55,0,0,8,21,29,0,0,27,57,84,6,204,210,294
09/11/2002,NQA,TN,ASO,CE,Federal Contract Tower,0,0,10,19,29,0,2,10,4,16,0,2,20,23,45,18,98,116,161
09/12/2002,NQA,TN,ASO,CE,Federal Contract Tower,0,0,15,29,44,0,0,29,28,57,0,0,44,57,101,14,202,216,317
09/13/2002,NQA,TN,ASO,CE,Federal Contract Tower,0,0,14,26,40,0,0,22,10,32,0,0,36,36,72,12,104,116,188
09/14/2002,NQA,TN,ASO,CE,Federal Contract Tower,0,0,0,2,2,0,0,14,0,14,0,0,14,2,16,38,0,38,54
09/15/2002,NQA,TN,ASO,CE,Federal Contract Tower,0,0,8,17,25,0,0,10,5,15,0,0,18,22,40,30,6,36,76
09/16/2002,NQA,TN,ASO,CE,Federal Contract Tower,0,0,12,24,36,0,0,11,14,25,0,0,23,38,61,10,212,222,283
09/17/2002,NQA,TN,ASO,CE,Federal Contract Tower,0,0,7,15,22,0,0,12,3,15,0,0,19,18,37,6,94,100,137
09/18/2002,NQA,TN,ASO,CE,Federal Contract Tower,0,0,5,10,15,0,0,15,0,15,0,0,20,10,30,16,42,58,88
09/19/2002,NQA,TN,ASO,CE,Federal Contract Tower,0,0,4,3,7,0,2,9,0,11,0,2,13,3,18,0,0,0,18
09/20/2002,NQA,TN,ASO,CE,Federal Contract Tower,0,0,4,2,6,0,5,2,0,7,0,5,6,2,13,0,0,0,13
09/21/2002,NQA,TN,ASO,CE,Federal Contract Tower,0,0,9,8,17,0,2,24,0,26,0,2,33,8,43,30,18,48,91
09/22/2002,NQA,TN,ASO,CE,Federal Contract Tower,0,0,4,6,10,0,5,13,0,18,0,5,17,6,28,12,10,22,50
09/23/2002,NQA,TN,ASO,CE,Federal Contract Tower,0,0,7,11,18,0,0,55,0,55,0,0,62,11,73,38,54,92,165
09/24/2002,NQA,TN,ASO,CE,Federal Contract Tower,0,0,3,8,11,0,0,20,1,21,0,0,23,9,32,12,52,64,96
09/25/2002,NQA,TN,ASO,CE,Federal Contract Tower,0,0,6,9,15,0,4,11,0,15,0,4,17,9,30,6,0,6,36
09/26/2002,NQA,TN,ASO,CE,Federal Contract Tower,0,0,0,0,0,0,0,0,0,0,0,0,0,0,0,0,0,0,0
09/27/2002,NQA,TN,ASO,CE,Federal Contract Tower,0,0,7,14,21,1,0,30,4,35,1,0,37,18,56,44,44,88,144
09/28/2002,NQA,TN,ASO,CE,Federal Contract Tower,0,0,2,3,5,2,0,61,0,63,2,0,63,3,68,28,2,30,98
09/29/2002,NQA,TN,ASO,CE,Federal Contract Tower,0,0,3,4,7,0,2,20,0,22,0,2,23,4,29,24,0,24,53
09/30/2002,NQA,TN,ASO,CE,Federal Contract Tower,0,0,2,4,6,0,0,13,0,13,0,0,15,4,19,14,0,14,33
10/01/2002,NQA,TN,ASO,CE,Federal Contract Tower,0,0,1,5,6,0,0,19,7,26,0,0,20,12,32,4,10,14,46
10/02/2002,NQA,TN,ASO,CE,Federal Contract Tower,0,0,8,13,21,0,0,17,26,43,0,0,25,39,64,30,160,190,254
10/03/2002,NQA,TN,ASO,CE,Federal Contract Tower,0,0,4,5,9,0,0,9,4,13,0,0,13,9,22,34,20,54,76
10/04/2002,NQA,TN,ASO,CE,Federal Contract Tower,0,0,5,5,10,0,0,7,0,7,0,0,12,5,17,12,30,42,59
10/05/2002,NQA,TN,ASO,CE,Federal Contract Tower,0,0,2,2,4,0,0,32,17,49,0,0,34,19,53,6,0,6,59
10/06/2002,NQA,TN,ASO,CE,Federal Contract Tower,0,0,3,2,5,0,0,25,1,26,0,0,28,3,31,10,0,10,41
10/07/2002,NQA,TN,ASO,CE,Federal Contract Tower,0,0,8,11,19,0,0,10,5,15,0,0,18,16,34,36,86,122,156
10/08/2002,NQA,TN,ASO,CE,Federal Contract Tower,0,0,11,17,28,0,0,21,3,24,0,0,32,20,52,4,124,128,180
10/09/2002,NQA,TN,ASO,CE,Federal Contract Tower,0,0,10,16,26,0,0,8,5,13,0,0,18,21,39,6,58,64,103
10/10/2002,NQA,TN,ASO,CE,Federal Contract Tower,0,0,2,2,4,0,0,2,0,2,0,0,4,2,6,0,0,0,6
10/11/2002,NQA,TN,ASO,CE,Federal Contract Tower,0,0,5,8,13,0,0,12,0,12,0,0,17,8,25,0,46,46,71
10/12/2002,NQA,TN,ASO,CE,Federal Contract Tower,0,0,2,2,4,0,0,21,0,21,0,0,23,2,25,0,6,6,31
10/13/2002,NQA,TN,ASO,CE,Federal Contract Tower,0,0,2,1,3,0,0,22,0,22,0,0,24,1,25,4,0,4,29
10/14/2002,NQA,TN,ASO,CE,Federal Contract Tower,0,0,2,3,5,0,0,46,0,46,0,0,48,3,51,6,0,6,57
10/15/2002,NQA,TN,ASO,CE,Federal Contract Tower,0,0,9,17,26,0,0,27,1,28,0,0,36,18,54,62,112,174,228
10/16/2002,NQA,TN,ASO,CE,Federal Contract Tower,0,0,2,4,6,0,0,27,0,27,0,0,29,4,33,40,0,40,73
10/17/2002,NQA,TN,ASO,CE,Federal Contract Tower,0,0,11,21,32,0,0,45,1,46,0,0,56,22,78,48,112,160,238
10/18/2002,NQA,TN,ASO,CE,Federal Contract Tower,0,0,5,9,14,0,0,33,3,36,0,0,38,12,50,14,8,22,72
10/19/2002,NQA,TN,ASO,CE,Federal Contract Tower,0,0,8,16,24,0,0,0,3,3,0,0,8,19,27,2,24,26,53
10/20/2002,NQA,TN,ASO,CE,Federal Contract Tower,0,0,11,3,14,0,0,21,0,21,0,0,32,3,35,0,0,0,35
10/21/2002,NQA,TN,ASO,CE,Federal Contract Tower,0,0,8,16,24,0,0,7,9,16,0,0,15,25,40,4,148,152,192
10/22/2002,NQA,TN,ASO,CE,Federal Contract Tower,0,0,6,13,19,0,0,21,7,28,0,0,27,20,47,26,106,132,179
10/23/2002,NQA,TN,ASO,CE,Federal Contract Tower,0,0,16,29,45,0,0,5,30,35,0,0,21,59,80,8,268,276,356
10/24/2002,NQA,TN,ASO,CE,Federal Contract Tower,0,0,21,37,58,0,0,0,9,9,0,0,21,46,67,0,84,84,151
10/25/2002,NQA,TN,ASO,CE,Federal Contract Tower,0,0,6,9,15,0,0,4,0,4,0,0,10,9,19,4,0,4,23
10/26/2002,NQA,TN,ASO,CE,Federal Contract Tower,0,0,7,13,20,0,0,24,6,30,0,0,31,19,50,34,0,34,84
10/27/2002,NQA,TN,ASO,CE,Federal Contract Tower,0,0,3,6,9,0,0,18,0,18,0,0,21,6,27,10,0,10,37
10/28/2002,NQA,TN,ASO,CE,Federal Contract Tower,0,0,5,10,15,0,0,2,0,2,0,0,7,10,17,0,0,0,17
10/29/2002,NQA,TN,ASO,CE,Federal Contract Tower,0,0,6,23,29,8,0,0,8,16,8,0,6,31,45,6,78,84,129
10/30/2002,NQA,TN,ASO,CE,Federal Contract Tower,0,0,11,20,31,0,0,8,7,15,0,0,19,27,46,6,124,130,176
10/31/2002,NQA,TN,ASO,CE,Federal Contract Tower,0,0,8,15,23,0,0,18,9,27,0,0,26,24,50,30,134,164,214
11/01/2002,NQA,TN,ASO,CE,Federal Contract Tower,0,0,9,14,23,0,0,33,6,39,0,0,42,20,62,26,134,160,222
11/02/2002,NQA,TN,ASO,CE,Federal Contract Tower,0,0,1,0,1,0,0,21,0,21,0,0,22,0,22,6,0,6,28
11/03/2002,NQA,TN,ASO,CE,Federal Contract Tower,0,0,6,4,10,0,0,7,0,7,0,0,13,4,17,0,0,0,17
11/04/2002,NQA,TN,ASO,CE,Federal Contract Tower,0,0,7,13,20,0,0,9,18,27,0,0,16,31,47,24,238,262,309
11/05/2002,NQA,TN,ASO,CE,Federal Contract Tower,0,0,4,9,13,0,0,0,2,2,0,0,4,11,15,6,8,14,29
11/06/2002,NQA,TN,ASO,CE,Federal Contract Tower,0,0,13,19,32,0,0,6,20,26,0,0,19,39,58,36,268,304,362
11/07/2002,NQA,TN,ASO,CE,Federal Contract Tower,0,0,11,18,29,0,0,18,17,35,0,0,29,35,64,52,180,232,296
11/08/2002,NQA,TN,ASO,CE,Federal Contract Tower,0,0,8,11,19,0,0,14,7,21,0,0,22,18,40,28,42,70,110
11/09/2002,NQA,TN,ASO,CE,Federal Contract Tower,0,0,4,2,6,0,0,15,0,15,0,0,19,2,21,0,8,8,29
11/10/2002,NQA,TN,ASO,CE,Federal Contract Tower,0,0,4,2,6,0,0,10,0,10,0,0,14,2,16,2,0,2,18
11/11/2002,NQA,TN,ASO,CE,Federal Contract Tower,0,0,3,1,4,0,0,35,0,35,0,0,38,1,39,16,0,16,55
11/12/2002,NQA,TN,ASO,CE,Federal Contract Tower,0,0,11,18,29,0,0,13,17,30,0,0,24,35,59,34,154,188,247
11/13/2002,NQA,TN,ASO,CE,Federal Contract Tower,0,0,10,17,27,0,0,12,11,23,0,0,22,28,50,28,98,126,176
11/14/2002,NQA,TN,ASO,CE,Federal Contract Tower,0,0,6,10,16,0,0,31,2,33,0,0,37,12,49,50,52,102,151
11/15/2002,NQA,TN,ASO,CE,Federal Contract Tower,0,0,7,12,19,0,0,1,3,4,0,0,8,15,23,0,86,86,109
11/16/2002,NQA,TN,ASO,CE,Federal Contract Tower,0,0,5,10,15,0,0,22,3,25,0,0,27,13,40,14,70,84,124
11/17/2002,NQA,TN,ASO,CE,Federal Contract Tower,0,0,5,7,12,0,0,30,0,30,0,0,35,7,42,18,10,28,70
11/18/2002,NQA,TN,ASO,CE,Federal Contract Tower,0,0,10,15,25,0,1,27,0,28,0,1,37,15,53,0,90,90,143
11/19/2002,NQA,TN,ASO,CE,Federal Contract Tower,0,0,11,19,30,0,1,28,2,31,0,1,39,21,61,42,98,140,201
11/20/2002,NQA,TN,ASO,CE,Federal Contract Tower,0,0,13,16,29,0,0,28,0,28,0,0,41,16,57,26,42,68,125
11/21/2002,NQA,TN,ASO,CE,Federal Contract Tower,0,0,10,19,29,0,0,25,6,31,0,0,35,25,60,48,94,142,202
11/22/2002,NQA,TN,ASO,CE,Federal Contract Tower,0,0,16,28,44,0,0,16,8,24,0,0,32,36,68,16,154,170,238
11/23/2002,NQA,TN,ASO,CE,Federal Contract Tower,0,0,2,0,2,0,0,60,0,60,0,0,62,0,62,36,0,36,98
11/24/2002,NQA,TN,ASO,CE,Federal Contract Tower,0,0,2,1,3,0,0,29,0,29,0,0,31,1,32,6,0,6,38
11/25/2002,NQA,TN,ASO,CE,Federal Contract Tower,0,0,9,15,24,0,0,2,4,6,0,0,11,19,30,6,70,76,106
11/26/2002,NQA,TN,ASO,CE,Federal Contract Tower,0,0,6,12,18,0,2,1,0,3,0,2,7,12,21,10,48,58,79
11/27/2002,NQA,TN,ASO,CE,Federal Contract Tower,0,0,5,10,15,0,0,22,5,27,0,0,27,15,42,12,102,114,156
11/28/2002,NQA,TN,ASO,CE,Federal Contract Tower,0,0,1,0,1,0,0,11,0,11,0,0,12,0,12,14,0,14,26
11/29/2002,NQA,TN,ASO,CE,Federal Contract Tower,0,0,1,0,1,0,0,17,0,17,0,0,18,0,18,10,0,10,28
11/30/2002,NQA,TN,ASO,CE,Federal Contract Tower,0,0,1,0,1,0,0,12,0,12,0,0,13,0,13,0,0,0,13
12/01/2002,NQA,TN,ASO,CE,Federal Contract Tower,0,0,6,0,6,0,0,30,0,30,0,0,36,0,36,2,0,2,38
12/02/2002,NQA,TN,ASO,CE,Federal Contract Tower,0,0,4,4,8,0,0,15,1,16,0,0,19,5,24,36,30,66,90
12/03/2002,NQA,TN,ASO,CE,Federal Contract Tower,0,0,5,4,9,0,0,8,12,20,0,0,13,16,29,8,150,158,187
12/04/2002,NQA,TN,ASO,CE,Federal Contract Tower,0,0,3,0,3,0,0,2,0,2,0,0,5,0,5,0,0,0,5
12/05/2002,NQA,TN,ASO,CE,Federal Contract Tower,0,0,14,19,33,2,0,0,15,17,2,0,14,34,50,4,286,290,340
12/06/2002,NQA,TN,ASO,CE,Federal Contract Tower,0,0,15,20,35,0,0,10,12,22,0,0,25,32,57,8,82,90,147
12/07/2002,NQA,TN,ASO,CE,Federal Contract Tower,0,0,1,1,2,0,0,16,0,16,0,0,17,1,18,16,0,16,34
12/08/2002,NQA,TN,ASO,CE,Federal Contract Tower,0,0,9,3,12,0,0,13,0,13,0,0,22,3,25,0,0,0,25
12/09/2002,NQA,TN,ASO,CE,Federal Contract Tower,0,0,5,4,9,0,0,13,4,17,0,0,18,8,26,18,48,66,92
12/10/2002,NQA,TN,ASO,CE,Federal Contract Tower,0,0,3,11,14,0,0,0,14,14,0,0,3,25,28,0,136,136,164
12/11/2002,NQA,TN,ASO,CE,Federal Contract Tower,0,0,13,20,33,0,0,14,0,14,0,0,27,20,47,14,84,98,145
12/12/2002,NQA,TN,ASO,CE,Federal Contract Tower,0,0,25,41,66,0,0,1,37,38,0,0,26,78,104,0,402,402,506
12/13/2002,NQA,TN,ASO,CE,Federal Contract Tower,0,0,2,2,4,0,0,3,0,3,0,0,5,2,7,0,0,0,7
12/14/2002,NQA,TN,ASO,CE,Federal Contract Tower,0,0,1,0,1,0,0,27,0,27,0,0,28,0,28,4,0,4,32
12/15/2002,NQA,TN,ASO,CE,Federal Contract Tower,0,0,2,4,6,0,0,27,0,27,0,0,29,4,33,6,0,6,39
12/16/2002,NQA,TN,ASO,CE,Federal Contract Tower,0,0,14,23,37,0,0,5,14,19,0,0,19,37,56,24,130,154,210
12/17/2002,NQA,TN,ASO,CE,Federal Contract Tower,0,0,11,19,30,0,0,2,4,6,0,0,13,23,36,10,6,16,52
12/18/2002,NQA,TN,ASO,CE,Federal Contract Tower,0,0,2,5,7,0,0,1,5,6,0,0,3,10,13,0,40,40,53
12/19/2002,NQA,TN,ASO,CE,Federal Contract Tower,0,0,3,4,7,0,0,6,0,6,0,0,9,4,13,0,0,0,13
12/20/2002,NQA,TN,ASO,CE,Federal Contract Tower,0,0,6,11,17,0,0,17,0,17,0,0,23,11,34,14,34,48,82
12/21/2002,NQA,TN,ASO,CE,Federal Contract Tower,0,0,3,1,4,0,0,15,0,15,0,0,18,1,19,0,2,2,21
12/22/2002,NQA,TN,ASO,CE,Federal Contract Tower,0,0,0,0,0,0,0,23,0,23,0,0,23,0,23,4,0,4,27
12/23/2002,NQA,TN,ASO,CE,Federal Contract Tower,0,0,1,3,4,0,0,12,1,13,0,0,13,4,17,10,4,14,31
12/24/2002,NQA,TN,ASO,CE,Federal Contract Tower,0,0,0,0,0,0,0,1,0,1,0,0,1,0,1,0,0,0,1
12/25/2002,NQA,TN,ASO,CE,Federal Contract Tower,0,0,0,0,0,0,0,15,0,15,0,0,15,0,15,0,0,0,15
12/26/2002,NQA,TN,ASO,CE,Federal Contract Tower,0,0,0,0,0,0,0,16,0,16,0,0,16,0,16,20,0,20,36
12/27/2002,NQA,TN,ASO,CE,Federal Contract Tower,0,0,5,8,13,0,0,21,0,21,0,0,26,8,34,14,62,76,110
12/28/2002,NQA,TN,ASO,CE,Federal Contract Tower,0,0,1,1,2,0,0,27,0,27,0,0,28,1,29,16,2,18,47
12/29/2002,NQA,TN,ASO,CE,Federal Contract Tower,0,0,2,0,2,0,0,21,0,21,0,0,23,0,23,0,0,0,23
12/30/2002,NQA,TN,ASO,CE,Federal Contract Tower,0,0,1,2,3,0,0,2,0,2,0,0,3,2,5,0,0,0,5
12/31/2002,NQA,TN,ASO,CE,Federal Contract Tower,0,0,0,0,0,0,0,2,0,2,0,0,2,0,2,0,0,0,2
01/01/2003,NQA,TN,ASO,CE,Federal Contract Tower,0,0,0,0,0,0,0,3,0,3,0,0,3,0,3,0,0,0,3
01/02/2003,NQA,TN,ASO,CE,Federal Contract Tower,0,0,0,0,0,0,0,4,0,4,0,0,4,0,4,0,0,0,4
01/03/2003,NQA,TN,ASO,CE,Federal Contract Tower,0,0,7,12,19,0,0,12,3,15,0,0,19,15,34,14,98,112,146
01/04/2003,NQA,TN,ASO,CE,Federal Contract Tower,0,0,0,0,0,0,0,23,0,23,0,0,23,0,23,12,0,12,35
01/05/2003,NQA,TN,ASO,CE,Federal Contract Tower,0,0,3,4,7,0,0,12,0,12,0,0,15,4,19,2,0,2,21
01/06/2003,NQA,TN,ASO,CE,Federal Contract Tower,0,0,8,16,24,0,0,6,17,23,0,0,14,33,47,14,250,264,311
01/07/2003,NQA,TN,ASO,CE,Federal Contract Tower,0,0,14,29,43,0,0,8,15,23,0,0,22,44,66,0,194,194,260
01/08/2003,NQA,TN,ASO,CE,Federal Contract Tower,0,0,12,25,37,0,0,12,19,31,0,0,24,44,68,16,280,296,364
01/09/2003,NQA,TN,ASO,CE,Federal Contract Tower,0,0,17,37,54,2,0,3,7,12,2,0,20,44,66,10,194,204,270
01/10/2003,NQA,TN,ASO,CE,Federal Contract Tower,0,0,10,20,30,2,0,25,5,32,2,0,35,25,62,42,152,194,256
01/11/2003,NQA,TN,ASO,CE,Federal Contract Tower,0,0,3,4,7,0,0,22,1,23,0,0,25,5,30,8,6,14,44
01/12/2003,NQA,TN,ASO,CE,Federal Contract Tower,0,0,8,17,25,0,0,10,8,18,0,0,18,25,43,10,78,88,131
01/13/2003,NQA,TN,ASO,CE,Federal Contract Tower,0,0,4,7,11,0,0,11,5,16,0,0,15,12,27,0,94,94,121
01/14/2003,NQA,TN,ASO,CE,Federal Contract Tower,0,0,8,14,22,0,0,23,0,23,0,0,31,14,45,22,80,102,147
01/15/2003,NQA,TN,ASO,CE,Federal Contract Tower,0,0,14,33,47,0,0,18,13,31,0,0,32,46,78,12,302,314,392
01/16/2003,NQA,TN,ASO,CE,Federal Contract Tower,0,0,1,0,1,0,0,5,0,5,0,0,6,0,6,0,0,0,6
01/17/2003,NQA,TN,ASO,CE,Federal Contract Tower,0,0,9,20,29,0,0,11,5,16,0,0,20,25,45,0,118,118,163
01/18/2003,NQA,TN,ASO,CE,Federal Contract Tower,0,0,0,1,1,0,0,29,1,30,0,0,29,2,31,10,2,12,43
01/19/2003,NQA,TN,ASO,CE,Federal Contract Tower,0,0,2,5,7,0,0,34,0,34,0,0,36,5,41,6,0,6,47
01/20/2003,NQA,TN,ASO,CE,Federal Contract Tower,0,0,0,0,0,0,0,27,0,27,0,0,27,0,27,0,0,0,27
01/21/2003,NQA,TN,ASO,CE,Federal Contract Tower,0,0,3,3,6,0,0,10,0,10,0,0,13,3,16,10,0,10,26
01/22/2003,NQA,TN,ASO,CE,Federal Contract Tower,0,0,6,14,20,0,0,21,6,27,0,0,27,20,47,28,124,152,199
01/23/2003,NQA,TN,ASO,CE,Federal Contract Tower,0,0,5,13,18,0,0,20,5,25,0,0,25,18,43,22,106,128,171
01/24/2003,NQA,TN,ASO,CE,Federal Contract Tower,0,0,6,16,22,0,0,23,5,28,0,0,29,21,50,28,154,182,232
01/25/2003,NQA,TN,ASO,CE,Federal Contract Tower,0,0,0,2,2,0,0,26,0,26,0,0,26,2,28,18,0,18,46
01/26/2003,NQA,TN,ASO,CE,Federal Contract Tower,0,0,1,3,4,0,0,18,7,25,0,0,19,10,29,8,0,8,37
01/27/2003,NQA,TN,ASO,CE,Federal Contract Tower,0,0,3,9,12,0,0,15,6,21,0,0,18,15,33,0,90,90,123
01/28/2003,NQA,TN,ASO,CE,Federal Contract Tower,0,0,9,20,29,0,0,10,0,10,0,0,19,20,39,0,48,48,87
01/29/2003,NQA,TN,ASO,CE,Federal Contract Tower,0,0,2,4,6,0,2,0,0,2,0,2,2,4,8,0,12,12,20
01/30/2003,NQA,TN,ASO,CE,Federal Contract Tower,0,0,7,18,25,0,0,22,2,24,0,0,29,20,49,16,80,96,145
01/31/2003,NQA,TN,ASO,CE,Federal Contract Tower,0,0,12,27,39,0,0,4,3,7,0,0,16,30,46,2,0,2,48
02/01/2003,NQA,TN,ASO,CE,Federal Contract Tower,0,0,3,6,9,0,0,19,1,20,0,0,22,7,29,14,0,14,43
02/02/2003,NQA,TN,ASO,CE,Federal Contract Tower,0,0,1,1,2,0,0,16,0,16,0,0,17,1,18,0,0,0,18
02/03/2003,NQA,TN,ASO,CE,Federal Contract Tower,0,0,2,0,2,0,0,4,0,4,0,0,6,0,6,0,0,0,6
02/04/2003,NQA,TN,ASO,CE,Federal Contract Tower,0,1,10,10,21,0,1,24,6,31,0,2,34,16,52,22,54,76,128
02/05/2003,NQA,TN,ASO,CE,Federal Contract Tower,0,1,12,13,26,0,1,24,12,37,0,2,36,25,63,48,176,224,287
02/06/2003,NQA,TN,ASO,CE,Federal Contract Tower,0,0,0,1,1,0,0,0,1,1,0,0,0,2,2,0,0,0,2
02/07/2003,NQA,TN,ASO,CE,Federal Contract Tower,0,0,11,11,22,0,0,5,10,15,0,0,16,21,37,8,124,132,169
02/08/2003,NQA,TN,ASO,CE,Federal Contract Tower,0,0,3,0,3,0,0,41,0,41,0,0,44,0,44,22,0,22,66
02/09/2003,NQA,TN,ASO,CE,Federal Contract Tower,0,0,2,2,4,0,0,5,0,5,0,0,7,2,9,0,0,0,9
02/10/2003,NQA,TN,ASO,CE,Federal Contract Tower,0,0,8,6,14,0,0,16,0,16,0,0,24,6,30,8,18,26,56
02/11/2003,NQA,TN,ASO,CE,Federal Contract Tower,0,0,4,4,8,0,0,23,2,25,0,0,27,6,33,24,32,56,89
02/12/2003,NQA,TN,ASO,CE,Federal Contract Tower,0,0,14,15,29,2,0,16,8,26,2,0,30,23,55,40,150,190,245
02/13/2003,NQA,TN,ASO,CE,Federal Contract Tower,0,0,21,23,44,0,2,14,2,18,0,2,35,25,62,8,140,148,210
02/14/2003,NQA,TN,ASO,CE,Federal Contract Tower,0,0,6,8,14,0,0,2,0,2,0,0,8,8,16,0,0,0,16
02/15/2003,NQA,TN,ASO,CE,Federal Contract Tower,0,0,1,0,1,0,0,4,0,4,0,0,5,0,5,10,0,10,15
02/16/2003,NQA,TN,ASO,CE,Federal Contract Tower,0,0,0,0,0,0,0,2,0,2,0,0,2,0,2,0,0,0,2
02/17/2003,NQA,TN,ASO,CE,Federal Contract Tower,0,0,4,0,4,0,0,16,0,16,0,0,20,0,20,4,0,4,24
02/18/2003,NQA,TN,ASO,CE,Federal Contract Tower,0,0,6,8,14,0,0,38,1,39,0,0,44,9,53,64,36,100,153
02/19/2003,NQA,TN,ASO,CE,Federal Contract Tower,0,0,4,13,17,0,0,0,7,7,0,0,4,20,24,4,28,32,56
02/20/2003,NQA,TN,ASO,CE,Federal Contract Tower,0,0,4,2,6,0,0,6,0,6,0,0,10,2,12,0,0,0,12
02/21/2003,NQA,TN,ASO,CE,Federal Contract Tower,0,0,4,4,8,0,0,2,0,2,0,0,6,4,10,0,0,0,10
02/22/2003,NQA,TN,ASO,CE,Federal Contract Tower,0,0,0,0,0,0,0,2,0,2,0,0,2,0,2,0,0,0,2
02/23/2003,NQA,TN,ASO,CE,Federal Contract Tower,0,0,5,0,5,0,0,17,0,17,0,0,22,0,22,38,0,38,60
02/24/2003,NQA,TN,ASO,CE,Federal Contract Tower,0,0,9,11,20,0,0,1,14,15,0,0,10,25,35,0,154,154,189
02/25/2003,NQA,TN,ASO,CE,Federal Contract Tower,0,0,7,8,15,0,0,6,0,6,0,0,13,8,21,0,30,30,51
02/26/2003,NQA,TN,ASO,CE,Federal Contract Tower,0,0,0,0,0,0,0,1,0,1,0,0,1,0,1,0,0,0,1
02/27/2003,NQA,TN,ASO,CE,Federal Contract Tower,0,0,0,2,2,0,0,3,0,3,0,0,3,2,5,0,0,0,5
02/28/2003,NQA,TN,ASO,CE,Federal Contract Tower,0,0,5,4,9,0,0,2,0,2,0,0,7,4,11,0,0,0,11
03/01/2003,NQA,TN,ASO,CE,Federal Contract Tower,0,0,3,2,5,0,0,5,0,5,0,0,8,2,10,14,0,14,24
03/02/2003,NQA,TN,ASO,CE,Federal Contract Tower,0,0,2,1,3,0,0,13,1,14,0,0,15,2,17,0,0,0,17
03/03/2003,NQA,TN,ASO,CE,Federal Contract Tower,0,0,8,8,16,0,0,38,0,38,0,0,46,8,54,18,0,18,72
03/04/2003,NQA,TN,ASO,CE,Federal Contract Tower,0,0,12,25,37,0,0,16,6,22,0,0,28,31,59,42,172,214,273
03/05/2003,NQA,TN,ASO,CE,Federal Contract Tower,0,0,12,25,37,0,0,4,18,22,0,0,16,43,59,0,310,310,369
03/06/2003,NQA,TN,ASO,CE,Federal Contract Tower,0,0,18,36,54,0,0,6,7,13,0,0,24,43,67,8,192,200,267
03/07/2003,NQA,TN,ASO,CE,Federal Contract Tower,0,0,6,8,14,2,0,23,2,27,2,0,29,10,41,4,0,4,45
03/08/2003,NQA,TN,ASO,CE,Federal Contract Tower,0,0,7,14,21,0,0,23,1,24,0,0,30,15,45,34,34,68,113
03/09/2003,NQA,TN,ASO,CE,Federal Contract Tower,0,0,4,6,10,0,0,19,0,19,0,0,23,6,29,26,0,26,55
03/10/2003,NQA,TN,ASO,CE,Federal Contract Tower,0,0,8,18,26,0,0,18,12,30,0,0,26,30,56,22,136,158,214
03/11/2003,NQA,TN,ASO,CE,Federal Contract Tower,0,0,16,40,56,0,0,26,0,26,0,0,42,40,82,4,84,88,170
03/12/2003,NQA,TN,ASO,CE,Federal Contract Tower,0,0,13,31,44,0,0,14,15,29,0,0,27,46,73,12,188,200,273
03/13/2003,NQA,TN,ASO,CE,Federal Contract Tower,0,0,6,17,23,0,0,5,4,9,0,0,11,21,32,12,40,52,84
03/14/2003,NQA,TN,ASO,CE,Federal Contract Tower,0,0,8,20,28,0,0,18,1,19,0,0,26,21,47,66,104,170,217
03/15/2003,NQA,TN,ASO,CE,Federal Contract Tower,0,0,7,4,11,0,0,21,0,21,0,0,28,4,32,22,6,28,60
03/16/2003,NQA,TN,ASO,CE,Federal Contract Tower,0,0,2,8,10,0,0,29,1,30,0,0,31,9,40,12,0,12,52
03/17/2003,NQA,TN,ASO,CE,Federal Contract Tower,0,0,9,23,32,0,0,8,6,14,0,0,17,29,46,30,136,166,212
03/18/2003,NQA,TN,ASO,CE,Federal Contract Tower,0,0,11,31,42,0,0,0,8,8,0,0,11,39,50,0,170,170,220
03/19/2003,NQA,TN,ASO,CE,Federal Contract Tower,0,0,13,33,46,4,0,9,13,26,4,0,22,46,72,0,194,194,266
03/20/2003,NQA,TN,ASO,CE,Federal Contract Tower,0,0,19,47,66,0,0,6,11,17,0,0,25,58,83,10,184,194,277
03/21/2003,NQA,TN,ASO,CE,Federal Contract Tower,0,0,9,24,33,0,0,25,3,28,0,0,34,27,61,32,96,128,189
03/22/2003,NQA,TN,ASO,CE,Federal Contract Tower,0,0,1,5,6,0,0,28,1,29,0,0,29,6,35,24,46,70,105
03/23/2003,NQA,TN,ASO,CE,Federal Contract Tower,0,0,5,11,16,0,0,17,0,17,0,0,22,11,33,10,2,12,45
03/24/2003,NQA,TN,ASO,CE,Federal Contract Tower,0,0,1,4,5,0,0,24,0,24,0,0,25,4,29,6,6,12,41
03/25/2003,NQA,TN,ASO,CE,Federal Contract Tower,0,0,8,21,29,0,0,12,8,20,0,0,20,29,49,14,134,148,197
03/26/2003,NQA,TN,ASO,CE,Federal Contract Tower,0,0,16,41,57,0,0,30,12,42,0,0,46,53,99,58,238,296,395
03/27/2003,NQA,TN,ASO,CE,Federal Contract Tower,0,0,13,33,46,0,0,25,15,40,0,0,38,48,86,8,186,194,280
03/28/2003,NQA,TN,ASO,CE,Federal Contract Tower,0,0,4,11,15,0,0,3,7,10,0,0,7,18,25,0,136,136,161
03/29/2003,NQA,TN,ASO,CE,Federal Contract Tower,0,0,0,2,2,0,0,14,0,14,0,0,14,2,16,6,2,8,24
03/30/2003,NQA,TN,ASO,CE,Federal Contract Tower,0,0,4,7,11,0,0,21,0,21,0,0,25,7,32,2,50,52,84
03/31/2003,NQA,TN,ASO,CE,Federal Contract Tower,0,0,8,20,28,0,0,3,14,17,0,0,11,34,45,6,80,86,131
04/01/2003,NQA,TN,ASO,CE,Federal Contract Tower,0,0,11,29,40,0,0,21,2,23,0,0,32,31,63,4,164,168,231
04/02/2003,NQA,TN,ASO,CE,Federal Contract Tower,0,0,6,11,17,0,0,23,0,23,0,0,29,11,40,8,68,76,116
04/03/2003,NQA,TN,ASO,CE,Federal Contract Tower,0,0,7,17,24,0,0,18,7,25,0,0,25,24,49,0,138,138,187
04/04/2003,NQA,TN,ASO,CE,Federal Contract Tower,0,0,9,21,30,0,0,19,3,22,0,0,28,24,52,20,100,120,172
04/05/2003,NQA,TN,ASO,CE,Federal Contract Tower,0,0,4,9,13,0,0,16,12,28,0,0,20,21,41,16,76,92,133
04/06/2003,NQA,TN,ASO,CE,Federal Contract Tower,0,0,2,2,4,0,0,2,0,2,0,0,4,2,6,0,0,0,6
04/07/2003,NQA,TN,ASO,CE,Federal Contract Tower,0,0,3,5,8,0,0,11,0,11,0,0,14,5,19,8,40,48,67
04/08/2003,NQA,TN,ASO,CE,Federal Contract Tower,0,0,10,23,33,0,0,0,16,16,0,0,10,39,49,2,238,240,289
04/09/2003,NQA,TN,ASO,CE,Federal Contract Tower,0,0,10,25,35,0,0,4,6,10,0,0,14,31,45,4,172,176,221
04/10/2003,NQA,TN,ASO,CE,Federal Contract Tower,0,0,9,23,32,0,0,18,5,23,0,0,27,28,55,8,94,102,157
04/11/2003,NQA,TN,ASO,CE,Federal Contract Tower,0,0,8,18,26,1,0,26,6,33,1,0,34,24,59,28,84,112,171
04/12/2003,NQA,TN,ASO,CE,Federal Contract Tower,0,0,6,13,19,0,0,24,2,26,0,0,30,15,45,8,34,42,87
04/13/2003,NQA,TN,ASO,CE,Federal Contract Tower,0,0,4,9,13,0,0,33,5,38,0,0,37,14,51,0,0,0,51
04/14/2003,NQA,TN,ASO,CE,Federal Contract Tower,0,0,3,4,7,0,0,20,0,20,0,0,23,4,27,28,0,28,55
04/15/2003,NQA,TN,ASO,CE,Federal Contract Tower,0,0,12,33,45,0,0,26,4,30,0,0,38,37,75,12,206,218,293
04/16/2003,NQA,TN,ASO,CE,Federal Contract Tower,0,0,3,10,13,0,0,6,2,8,0,0,9,12,21,0,40,40,61
04/17/2003,NQA,TN,ASO,CE,Federal Contract Tower,0,0,6,18,24,0,0,35,1,36,0,0,41,19,60,16,54,70,130
04/18/2003,NQA,TN,ASO,CE,Federal Contract Tower,0,0,11,32,43,0,0,19,3,22,0,0,30,35,65,32,40,72,137
04/19/2003,NQA,TN,ASO,CE,Federal Contract Tower,0,0,1,6,7,0,0,19,1,20,0,0,20,7,27,6,0,6,33
04/20/2003,NQA,TN,ASO,CE,Federal Contract Tower,0,0,1,1,2,0,0,9,0,9,0,0,10,1,11,0,0,0,11
04/21/2003,NQA,TN,ASO,CE,Federal Contract Tower,0,0,9,24,33,0,0,27,0,27,0,0,36,24,60,10,70,80,140
04/22/2003,NQA,TN,ASO,CE,Federal Contract Tower,0,0,12,32,44,0,0,47,7,54,0,0,59,39,98,22,200,222,320
04/23/2003,NQA,TN,ASO,CE,Federal Contract Tower,0,0,10,27,37,0,0,24,3,27,0,0,34,30,64,20,92,112,176
04/24/2003,NQA,TN,ASO,CE,Federal Contract Tower,0,0,3,12,15,0,0,0,1,1,0,0,3,13,16,8,0,8,24
04/25/2003,NQA,TN,ASO,CE,Federal Contract Tower,0,0,13,48,61,0,0,0,21,21,0,0,13,69,82,0,252,252,334
04/26/2003,NQA,TN,ASO,CE,Federal Contract Tower,0,0,1,2,3,0,0,22,0,22,0,0,23,2,25,10,0,10,35
04/27/2003,NQA,TN,ASO,CE,Federal Contract Tower,0,0,3,5,8,0,0,41,0,41,0,0,44,5,49,12,30,42,91
04/28/2003,NQA,TN,ASO,CE,Federal Contract Tower,0,0,14,37,51,0,0,22,8,30,0,0,36,45,81,22,236,258,339
04/29/2003,NQA,TN,ASO,CE,Federal Contract Tower,0,0,5,8,13,0,0,20,0,20,0,0,25,8,33,28,28,56,89
04/30/2003,NQA,TN,ASO,CE,Federal Contract Tower,0,0,7,19,26,0,0,16,6,22,0,0,23,25,48,8,70,78,126
05/01/2003,NQA,TN,ASO,CE,Federal Contract Tower,0,0,7,13,20,0,0,15,1,16,0,0,22,14,36,2,56,58,94
05/02/2003,NQA,TN,ASO,CE,Federal Contract Tower,0,0,8,6,14,0,0,18,0,18,0,0,26,6,32,12,30,42,74
05/03/2003,NQA,TN,ASO,CE,Federal Contract Tower,0,0,3,2,5,0,0,18,2,20,0,0,21,4,25,8,0,8,33
05/04/2003,NQA,TN,ASO,CE,Federal Contract Tower,0,0,4,2,6,0,0,14,0,14,0,0,18,2,20,0,0,0,20
05/05/2003,NQA,TN,ASO,CE,Federal Contract Tower,0,0,0,1,1,0,0,10,0,10,0,0,10,1,11,0,0,0,11
05/06/2003,NQA,TN,ASO,CE,Federal Contract Tower,0,0,9,16,25,0,0,7,3,10,0,0,16,19,35,10,76,86,121
05/07/2003,NQA,TN,ASO,CE,Federal Contract Tower,0,0,8,9,17,0,0,17,0,17,0,0,25,9,34,56,24,80,114
05/08/2003,NQA,TN,ASO,CE,Federal Contract Tower,0,0,9,17,26,0,0,14,2,16,0,0,23,19,42,0,76,76,118
05/09/2003,NQA,TN,ASO,CE,Federal Contract Tower,0,0,8,12,20,0,0,14,10,24,0,0,22,22,44,32,96,128,172
05/10/2003,NQA,TN,ASO,CE,Federal Contract Tower,0,0,2,2,4,0,0,11,5,16,0,0,13,7,20,8,0,8,28
05/11/2003,NQA,TN,ASO,CE,Federal Contract Tower,0,0,2,1,3,0,0,27,0,27,0,0,29,1,30,18,0,18,48
05/12/2003,NQA,TN,ASO,CE,Federal Contract Tower,0,0,12,20,32,0,0,49,2,51,0,0,61,22,83,38,124,162,245
05/13/2003,NQA,TN,ASO,CE,Federal Contract Tower,0,0,11,19,30,0,0,25,3,28,0,0,36,22,58,6,96,102,160
05/14/2003,NQA,TN,ASO,CE,Federal Contract Tower,0,0,12,19,31,0,0,4,2,6,0,0,16,21,37,0,42,42,79
05/15/2003,NQA,TN,ASO,CE,Federal Contract Tower,0,0,10,18,28,0,0,14,5,19,0,0,24,23,47,26,26,52,99
05/16/2003,NQA,TN,ASO,CE,Federal Contract Tower,0,0,4,4,8,0,0,12,0,12,0,0,16,4,20,2,42,44,64
05/17/2003,NQA,TN,ASO,CE,Federal Contract Tower,0,0,0,1,1,0,0,1,0,1,0,0,1,1,2,0,0,0,2
05/18/2003,NQA,TN,ASO,CE,Federal Contract Tower,0,0,6,7,13,0,0,8,0,8,0,0,14,7,21,0,28,28,49
05/19/2003,NQA,TN,ASO,CE,Federal Contract Tower,0,0,11,21,32,0,0,21,15,36,0,0,32,36,68,24,118,142,210
05/20/2003,NQA,TN,ASO,CE,Federal Contract Tower,0,0,14,40,54,0,0,0,10,10,0,0,14,50,64,4,28,32,96
05/21/2003,NQA,TN,ASO,CE,Federal Contract Tower,0,0,14,25,39,0,0,8,15,23,0,0,22,40,62,0,224,224,286
05/22/2003,NQA,TN,ASO,CE,Federal Contract Tower,0,0,10,20,30,6,0,22,4,32,6,0,32,24,62,14,116,130,192
05/23/2003,NQA,TN,ASO,CE,Federal Contract Tower,0,0,11,21,32,0,0,18,3,21,0,0,29,24,53,16,72,88,141
05/24/2003,NQA,TN,ASO,CE,Federal Contract Tower,0,0,0,2,2,0,0,50,2,52,0,0,50,4,54,36,0,36,90
05/25/2003,NQA,TN,ASO,CE,Federal Contract Tower,0,0,2,0,2,0,0,13,0,13,0,0,15,0,15,2,0,2,17
05/26/2003,NQA,TN,ASO,CE,Federal Contract Tower,0,0,1,0,1,0,0,39,0,39,0,0,40,0,40,4,0,4,44
05/27/2003,NQA,TN,ASO,CE,Federal Contract Tower,0,0,8,16,24,0,0,29,15,44,0,0,37,31,68,30,140,170,238
05/28/2003,NQA,TN,ASO,CE,Federal Contract Tower,0,0,13,24,37,0,0,55,7,62,0,0,68,31,99,38,116,154,253
05/29/2003,NQA,TN,ASO,CE,Federal Contract Tower,0,0,10,18,28,0,0,100,18,118,0,0,110,36,146,78,178,256,402
05/30/2003,NQA,TN,ASO,CE,Federal Contract Tower,0,0,16,28,44,2,0,65,22,89,2,0,81,50,133,20,100,120,253
05/31/2003,NQA,TN,ASO,CE,Federal Contract Tower,0,0,0,0,0,0,0,12,3,15,0,0,12,3,15,22,4,26,41
06/01/2003,NQA,TN,ASO,CE,Federal Contract Tower,0,0,4,11,15,0,0,32,4,36,0,0,36,15,51,28,0,28,79
06/02/2003,NQA,TN,ASO,CE,Federal Contract Tower,0,0,12,28,40,0,0,0,6,6,0,0,12,34,46,0,0,0,46
06/03/2003,NQA,TN,ASO,CE,Federal Contract Tower,0,0,18,46,64,0,0,0,19,19,0,0,18,65,83,10,180,190,273
06/04/2003,NQA,TN,ASO,CE,Federal Contract Tower,0,0,17,36,53,0,0,24,0,24,0,0,41,36,77,36,134,170,247
06/05/2003,NQA,TN,ASO,CE,Federal Contract Tower,0,0,13,26,39,0,0,45,1,46,0,0,58,27,85,26,124,150,235
06/06/2003,NQA,TN,ASO,CE,Federal Contract Tower,0,0,11,13,24,0,0,12,0,12,0,0,23,13,36,0,48,48,84
06/07/2003,NQA,TN,ASO,CE,Federal Contract Tower,0,0,6,4,10,0,0,21,0,21,0,0,27,4,31,2,0,2,33
06/08/2003,NQA,TN,ASO,CE,Federal Contract Tower,0,0,4,9,13,0,0,27,2,29,0,0,31,11,42,14,8,22,64
06/09/2003,NQA,TN,ASO,CE,Federal Contract Tower,0,0,6,10,16,0,0,35,0,35,0,0,41,10,51,38,8,46,97
06/10/2003,NQA,TN,ASO,CE,Federal Contract Tower,0,0,8,15,23,0,0,27,0,27,0,0,35,15,50,2,28,30,80
06/11/2003,NQA,TN,ASO,CE,Federal Contract Tower,0,0,4,7,11,0,0,0,2,2,0,0,4,9,13,0,30,30,43
06/12/2003,NQA,TN,ASO,CE,Federal Contract Tower,0,0,15,34,49,0,0,2,14,16,0,0,17,48,65,4,182,186,251
06/13/2003,NQA,TN,ASO,CE,Federal Contract Tower,0,0,13,33,46,0,0,27,12,39,0,0,40,45,85,16,116,132,217
06/14/2003,NQA,TN,ASO,CE,Federal Contract Tower,0,0,3,9,12,0,0,14,8,22,0,0,17,17,34,12,0,12,46
06/15/2003,NQA,TN,ASO,CE,Federal Contract Tower,0,0,2,4,6,0,0,3,0,3,0,0,5,4,9,0,0,0,9
06/16/2003,NQA,TN,ASO,CE,Federal Contract Tower,0,0,3,9,12,0,0,16,2,18,0,0,19,11,30,18,62,80,110
06/17/2003,NQA,TN,ASO,CE,Federal Contract Tower,0,0,5,12,17,0,0,17,0,17,0,0,22,12,34,6,50,56,90
06/18/2003,NQA,TN,ASO,CE,Federal Contract Tower,0,0,5,15,20,0,0,8,13,21,0,0,13,28,41,14,42,56,97
06/19/2003,NQA,TN,ASO,CE,Federal Contract Tower,0,0,6,17,23,0,0,26,8,34,0,0,32,25,57,18,134,152,209
06/20/2003,NQA,TN,ASO,CE,Federal Contract Tower,0,0,10,27,37,0,0,26,17,43,0,0,36,44,80,24,202,226,306
06/21/2003,NQA,TN,ASO,CE,Federal Contract Tower,0,0,2,4,6,0,0,46,0,46,0,0,48,4,52,8,4,12,64
06/22/2003,NQA,TN,ASO,CE,Federal Contract Tower,0,0,6,16,22,0,0,44,9,53,0,0,50,25,75,18,28,46,121
06/23/2003,NQA,TN,ASO,CE,Federal Contract Tower,0,0,8,21,29,0,0,25,9,34,0,0,33,30,63,26,182,208,271
06/24/2003,NQA,TN,ASO,CE,Federal Contract Tower,0,0,5,15,20,0,0,23,4,27,0,0,28,19,47,20,116,136,183
06/25/2003,NQA,TN,ASO,CE,Federal Contract Tower,0,0,7,16,23,0,0,26,0,26,0,0,33,16,49,38,58,96,145
06/26/2003,NQA,TN,ASO,CE,Federal Contract Tower,0,0,0,0,0,0,0,9,0,9,0,0,9,0,9,0,0,0,9
06/27/2003,NQA,TN,ASO,CE,Federal Contract Tower,0,0,22,55,77,0,0,13,18,31,0,0,35,73,108,28,258,286,394
06/28/2003,NQA,TN,ASO,CE,Federal Contract Tower,0,0,5,13,18,0,0,51,10,61,0,0,56,23,79,10,198,208,287
06/29/2003,NQA,TN,ASO,CE,Federal Contract Tower,0,0,5,14,19,0,0,22,0,22,0,0,27,14,41,0,4,4,45
06/30/2003,NQA,TN,ASO,CE,Federal Contract Tower,0,0,10,26,36,0,2,12,1,15,0,2,22,27,51,16,138,154,205
07/01/2003,NQA,TN,ASO,CE,Federal Contract Tower,0,0,14,40,54,0,0,25,5,30,0,0,39,45,84,46,248,294,378
07/02/2003,NQA,TN,ASO,CE,Federal Contract Tower,0,0,10,29,39,0,0,18,12,30,0,0,28,41,69,32,168,200,269
07/03/2003,NQA,TN,ASO,CE,Federal Contract Tower,0,0,1,0,1,0,0,27,0,27,0,0,28,0,28,28,0,28,56
07/04/2003,NQA,TN,ASO,CE,Federal Contract Tower,0,0,0,0,0,0,0,27,0,27,0,0,27,0,27,24,0,24,51
07/05/2003,NQA,TN,ASO,CE,Federal Contract Tower,0,0,1,0,1,0,0,13,0,13,0,0,14,0,14,8,0,8,22
07/06/2003,NQA,TN,ASO,CE,Federal Contract Tower,0,0,1,0,1,0,0,10,0,10,0,0,11,0,11,6,0,6,17
07/07/2003,NQA,TN,ASO,CE,Federal Contract Tower,0,0,10,29,39,0,0,10,12,22,0,0,20,41,61,16,154,170,231
07/08/2003,NQA,TN,ASO,CE,Federal Contract Tower,0,1,12,35,48,0,1,29,7,37,0,2,41,42,85,74,142,216,301
07/09/2003,NQA,TN,ASO,CE,Federal Contract Tower,0,0,11,31,42,0,0,23,8,31,0,0,34,39,73,4,186,190,263
07/10/2003,NQA,TN,ASO,CE,Federal Contract Tower,0,0,9,16,25,6,0,16,0,22,6,0,25,16,47,6,4,10,57
07/11/2003,NQA,TN,ASO,CE,Federal Contract Tower,0,0,12,32,44,0,0,15,16,31,0,0,27,48,75,34,144,178,253
07/12/2003,NQA,TN,ASO,CE,Federal Contract Tower,0,0,2,6,8,0,0,13,3,16,0,0,15,9,24,0,6,6,30
07/13/2003,NQA,TN,ASO,CE,Federal Contract Tower,0,0,2,2,4,0,0,19,0,19,0,0,21,2,23,2,0,2,25
07/14/2003,NQA,TN,ASO,CE,Federal Contract Tower,0,0,6,14,20,0,0,20,5,25,0,0,26,19,45,8,144,152,197
07/15/2003,NQA,TN,ASO,CE,Federal Contract Tower,0,0,7,16,23,0,0,26,5,31,0,0,33,21,54,14,104,118,172
07/16/2003,NQA,TN,ASO,CE,Federal Contract Tower,0,0,13,38,51,0,0,21,8,29,0,0,34,46,80,10,150,160,240
07/17/2003,NQA,TN,ASO,CE,Federal Contract Tower,0,0,11,33,44,0,2,14,11,27,0,2,25,44,71,6,122,128,199
07/18/2003,NQA,TN,ASO,CE,Federal Contract Tower,0,0,6,17,23,0,0,21,3,24,0,0,27,20,47,14,74,88,135
07/19/2003,NQA,TN,ASO,CE,Federal Contract Tower,0,0,4,12,16,0,0,22,4,26,0,0,26,16,42,16,70,86,128
07/20/2003,NQA,TN,ASO,CE,Federal Contract Tower,0,0,1,2,3,0,0,23,0,23,0,0,24,2,26,8,0,8,34
07/21/2003,NQA,TN,ASO,CE,Federal Contract Tower,0,0,5,15,20,0,0,21,0,21,0,0,26,15,41,20,68,88,129
07/22/2003,NQA,TN,ASO,CE,Federal Contract Tower,0,0,2,9,11,0,0,7,1,8,0,0,9,10,19,22,62,84,103
07/23/2003,NQA,TN,ASO,CE,Federal Contract Tower,0,0,10,30,40,0,0,19,13,32,0,0,29,43,72,8,222,230,302
07/24/2003,NQA,TN,ASO,CE,Federal Contract Tower,0,0,5,10,15,0,1,44,0,45,0,1,49,10,60,4,12,16,76
07/25/2003,NQA,TN,ASO,CE,Federal Contract Tower,0,0,12,30,42,0,1,25,0,26,0,1,37,30,68,6,112,118,186
07/26/2003,NQA,TN,ASO,CE,Federal Contract Tower,0,0,5,12,17,0,0,31,0,31,0,0,36,12,48,72,8,80,128
07/27/2003,NQA,TN,ASO,CE,Federal Contract Tower,0,0,2,6,8,0,0,17,0,17,0,0,19,6,25,62,0,62,87
07/28/2003,NQA,TN,ASO,CE,Federal Contract Tower,0,0,9,26,35,0,1,15,13,29,0,1,24,39,64,10,182,192,256
07/29/2003,NQA,TN,ASO,CE,Federal Contract Tower,0,0,1,0,1,0,0,6,0,6,0,0,7,0,7,0,0,0,7
07/30/2003,NQA,TN,ASO,CE,Federal Contract Tower,0,0,5,14,19,0,0,9,0,9,0,0,14,14,28,14,26,40,68
07/31/2003,NQA,TN,ASO,CE,Federal Contract Tower,0,0,13,36,49,0,0,11,11,22,0,0,24,47,71,0,200,200,271
08/01/2003,NQA,TN,ASO,CE,Federal Contract Tower,0,0,14,23,37,0,0,11,13,24,0,0,25,36,61,44,152,196,257
08/02/2003,NQA,TN,ASO,CE,Federal Contract Tower,0,0,3,4,7,0,0,15,2,17,0,0,18,6,24,0,0,0,24
08/03/2003,NQA,TN,ASO,CE,Federal Contract Tower,0,0,5,4,9,0,0,7,0,7,0,0,12,4,16,20,18,38,54
08/04/2003,NQA,TN,ASO,CE,Federal Contract Tower,0,0,7,9,16,0,0,4,6,10,0,0,11,15,26,10,66,76,102
08/05/2003,NQA,TN,ASO,CE,Federal Contract Tower,0,0,9,12,21,0,0,11,7,18,0,0,20,19,39,12,162,174,213
08/06/2003,NQA,TN,ASO,CE,Federal Contract Tower,0,0,4,6,10,0,0,13,1,14,0,0,17,7,24,12,0,12,36
08/07/2003,NQA,TN,ASO,CE,Federal Contract Tower,0,0,15,22,37,0,2,23,10,35,0,2,38,32,72,18,168,186,258
08/08/2003,NQA,TN,ASO,CE,Federal Contract Tower,0,0,9,13,22,0,0,24,5,29,0,0,33,18,51,26,64,90,141
08/09/2003,NQA,TN,ASO,CE,Federal Contract Tower,0,0,5,6,11,0,0,46,3,49,0,0,51,9,60,28,42,70,130
08/10/2003,NQA,TN,ASO,CE,Federal Contract Tower,0,0,3,2,5,0,0,25,0,25,0,0,28,2,30,28,0,28,58
08/11/2003,NQA,TN,ASO,CE,Federal Contract Tower,0,0,10,16,26,0,0,23,20,43,0,0,33,36,69,24,206,230,299
08/12/2003,NQA,TN,ASO,CE,Federal Contract Tower,0,0,10,14,24,0,0,36,6,42,0,0,46,20,66,44,88,132,198
08/13/2003,NQA,TN,ASO,CE,Federal Contract Tower,0,0,12,17,29,0,0,6,2,8,0,0,18,19,37,10,60,70,107
08/14/2003,NQA,TN,ASO,CE,Federal Contract Tower,0,0,20,28,48,0,0,24,0,24,0,0,44,28,72,10,30,40,112
08/15/2003,NQA,TN,ASO,CE,Federal Contract Tower,0,0,11,17,28,0,0,31,4,35,0,0,42,21,63,56,136,192,255
08/16/2003,NQA,TN,ASO,CE,Federal Contract Tower,0,0,1,0,1,0,0,26,0,26,0,0,27,0,27,4,0,4,31
08/17/2003,NQA,TN,ASO,CE,Federal Contract Tower,0,0,4,8,12,0,0,40,2,42,0,0,44,10,54,36,36,72,126
08/18/2003,NQA,TN,ASO,CE,Federal Contract Tower,0,0,14,23,37,0,0,15,0,15,0,0,29,23,52,12,110,122,174
08/19/2003,NQA,TN,ASO,CE,Federal Contract Tower,0,0,19,33,52,0,0,24,0,24,0,0,43,33,76,40,158,198,274
08/20/2003,NQA,TN,ASO,CE,Federal Contract Tower,0,0,14,25,39,0,0,18,2,20,0,0,32,27,59,10,128,138,197
08/21/2003,NQA,TN,ASO,CE,Federal Contract Tower,0,0,13,23,36,0,0,21,1,22,0,0,34,24,58,24,74,98,156
08/22/2003,NQA,TN,ASO,CE,Federal Contract Tower,0,0,15,25,40,0,0,21,2,23,0,0,36,27,63,28,134,162,225
08/23/2003,NQA,TN,ASO,CE,Federal Contract Tower,0,0,9,17,26,0,0,14,8,22,0,0,23,25,48,2,50,52,100
08/24/2003,NQA,TN,ASO,CE,Federal Contract Tower,0,0,7,12,19,0,0,21,1,22,0,0,28,13,41,0,4,4,45
08/25/2003,NQA,TN,ASO,CE,Federal Contract Tower,0,0,16,26,42,0,0,18,4,22,0,0,34,30,64,0,122,122,186
08/26/2003,NQA,TN,ASO,CE,Federal Contract Tower,0,0,8,10,18,0,0,27,0,27,0,0,35,10,45,44,90,134,179
08/27/2003,NQA,TN,ASO,CE,Federal Contract Tower,0,0,17,28,45,0,0,6,14,20,0,0,23,42,65,0,158,158,223
08/28/2003,NQA,TN,ASO,CE,Federal Contract Tower,0,0,12,20,32,0,0,24,13,37,0,0,36,33,69,106,140,246,315
08/29/2003,NQA,TN,ASO,CE,Federal Contract Tower,0,0,13,20,33,0,0,23,0,23,0,0,36,20,56,2,112,114,170
08/30/2003,NQA,TN,ASO,CE,Federal Contract Tower,0,0,1,0,1,0,0,9,0,9,0,0,10,0,10,30,0,30,40
08/31/2003,NQA,TN,ASO,CE,Federal Contract Tower,0,0,3,0,3,0,0,15,0,15,0,0,18,0,18,10,0,10,28
09/01/2003,NQA,TN,ASO,CE,Federal Contract Tower,0,0,9,6,15,0,0,14,0,14,0,0,23,6,29,10,0,10,39
09/02/2003,NQA,TN,ASO,CE,Federal Contract Tower,0,0,4,8,12,0,0,11,0,11,0,0,15,8,23,0,12,12,35
09/03/2003,NQA,TN,ASO,CE,Federal Contract Tower,0,0,5,9,14,0,0,4,3,7,0,0,9,12,21,20,10,30,51
09/04/2003,NQA,TN,ASO,CE,Federal Contract Tower,0,0,15,26,41,0,0,12,4,16,0,0,27,30,57,0,36,36,93
09/05/2003,NQA,TN,ASO,CE,Federal Contract Tower,0,0,12,19,31,0,0,28,8,36,0,0,40,27,67,18,92,110,177
09/06/2003,NQA,TN,ASO,CE,Federal Contract Tower,0,1,9,15,25,0,1,39,3,43,0,2,48,18,68,0,32,32,100
09/07/2003,NQA,TN,ASO,CE,Federal Contract Tower,0,0,7,11,18,0,0,40,2,42,0,0,47,13,60,36,0,36,96
09/08/2003,NQA,TN,ASO,CE,Federal Contract Tower,0,0,13,21,34,0,0,22,8,30,0,0,35,29,64,6,174,180,244
09/09/2003,NQA,TN,ASO,CE,Federal Contract Tower,0,0,19,29,48,0,0,30,6,36,0,0,49,35,84,24,168,192,276
09/10/2003,NQA,TN,ASO,CE,Federal Contract Tower,0,0,19,30,49,0,0,12,20,32,0,0,31,50,81,16,208,224,305
09/11/2003,NQA,TN,ASO,CE,Federal Contract Tower,0,0,14,21,35,0,0,7,11,18,0,0,21,32,53,22,96,118,171
09/12/2003,NQA,TN,ASO,CE,Federal Contract Tower,0,0,12,19,31,0,0,21,8,29,0,0,33,27,60,0,116,116,176
09/13/2003,NQA,TN,ASO,CE,Federal Contract Tower,0,0,2,0,2,0,0,8,0,8,0,0,10,0,10,10,0,10,20
09/14/2003,NQA,TN,ASO,CE,Federal Contract Tower,0,0,11,8,19,0,0,23,0,23,0,0,34,8,42,4,0,4,46
09/15/2003,NQA,TN,ASO,CE,Federal Contract Tower,0,0,18,25,43,0,0,37,0,37,0,0,55,25,80,40,64,104,184
09/16/2003,NQA,TN,ASO,CE,Federal Contract Tower,0,0,10,19,29,0,0,27,11,38,0,0,37,30,67,38,180,218,285
09/17/2003,NQA,TN,ASO,CE,Federal Contract Tower,0,0,6,4,10,0,0,48,0,48,0,0,54,4,58,84,8,92,150
09/18/2003,NQA,TN,ASO,CE,Federal Contract Tower,0,0,9,17,26,0,0,45,4,49,0,0,54,21,75,8,42,50,125
09/19/2003,NQA,TN,ASO,CE,Federal Contract Tower,0,0,13,21,34,1,2,28,0,31,1,2,41,21,65,6,54,60,125
09/20/2003,NQA,TN,ASO,CE,Federal Contract Tower,0,0,8,15,23,1,0,82,2,85,1,0,90,17,108,40,0,40,148
09/21/2003,NQA,TN,ASO,CE,Federal Contract Tower,0,0,7,2,9,0,0,33,0,33,0,0,40,2,42,14,0,14,56
09/22/2003,NQA,TN,ASO,CE,Federal Contract Tower,0,0,33,64,97,0,0,0,26,26,0,0,33,90,123,12,144,156,279
09/23/2003,NQA,TN,ASO,CE,Federal Contract Tower,0,0,19,32,51,0,0,26,19,45,0,0,45,51,96,28,212,240,336
09/24/2003,NQA,TN,ASO,CE,Federal Contract Tower,0,0,8,14,22,0,0,24,9,33,0,0,32,23,55,12,152,164,219
09/25/2003,NQA,TN,ASO,CE,Federal Contract Tower,0,0,15,27,42,0,0,6,4,10,0,0,21,31,52,20,12,32,84
09/26/2003,NQA,TN,ASO,CE,Federal Contract Tower,0,0,12,20,32,0,0,5,8,13,0,0,17,28,45,6,128,134,179
09/27/2003,NQA,TN,ASO,CE,Federal Contract Tower,0,0,4,5,9,0,0,29,0,29,0,0,33,5,38,6,0,6,44
09/28/2003,NQA,TN,ASO,CE,Federal Contract Tower,0,0,1,2,3,0,0,20,0,20,0,0,21,2,23,0,0,0,23
09/29/2003,NQA,TN,ASO,CE,Federal Contract Tower,0,0,3,5,8,0,0,11,3,14,0,0,14,8,22,28,8,36,58
09/30/2003,NQA,TN,ASO,CE,Federal Contract Tower,0,0,2,2,4,0,0,24,0,24,0,0,26,2,28,2,6,8,36
10/01/2003,NQA,TN,ASO,CE,Federal Contract Tower,0,0,2,0,2,0,0,14,0,14,0,0,16,0,16,6,0,6,22
10/02/2003,NQA,TN,ASO,CE,Federal Contract Tower,0,0,14,25,39,0,0,36,8,44,0,0,50,33,83,26,110,136,219
10/03/2003,NQA,TN,ASO,CE,Federal Contract Tower,0,0,25,44,69,0,0,4,13,17,0,0,29,57,86,0,220,220,306
10/04/2003,NQA,TN,ASO,CE,Federal Contract Tower,0,0,4,5,9,0,0,34,0,34,0,0,38,5,43,6,10,16,59
10/05/2003,NQA,TN,ASO,CE,Federal Contract Tower,0,0,4,3,7,0,0,8,0,8,0,0,12,3,15,0,0,0,15
10/06/2003,NQA,TN,ASO,CE,Federal Contract Tower,0,0,10,16,26,0,0,9,9,18,0,0,19,25,44,26,144,170,214
10/07/2003,NQA,TN,ASO,CE,Federal Contract Tower,0,0,17,40,57,0,2,0,22,24,0,2,17,62,81,4,258,262,343
10/08/2003,NQA,TN,ASO,CE,Federal Contract Tower,0,0,22,36,58,0,2,14,8,24,0,2,36,44,82,4,208,212,294
10/09/2003,NQA,TN,ASO,CE,Federal Contract Tower,0,0,9,15,24,0,0,7,10,17,0,0,16,25,41,0,114,114,155
10/10/2003,NQA,TN,ASO,CE,Federal Contract Tower,0,0,16,26,42,0,0,26,1,27,0,0,42,27,69,2,52,54,123
10/11/2003,NQA,TN,ASO,CE,Federal Contract Tower,0,0,7,2,9,0,0,25,0,25,0,0,32,2,34,12,0,12,46
10/12/2003,NQA,TN,ASO,CE,Federal Contract Tower,0,0,6,4,10,0,0,15,0,15,0,0,21,4,25,20,0,20,45
10/13/2003,NQA,TN,ASO,CE,Federal Contract Tower,0,0,5,8,13,0,0,6,4,10,0,0,11,12,23,18,16,34,57
10/14/2003,NQA,TN,ASO,CE,Federal Contract Tower,0,0,8,13,21,0,0,10,7,17,0,0,18,20,38,6,54,60,98
10/15/2003,NQA,TN,ASO,CE,Federal Contract Tower,0,0,14,22,36,0,0,11,10,21,0,0,25,32,57,0,102,102,159
10/16/2003,NQA,TN,ASO,CE,Federal Contract Tower,0,0,11,17,28,3,0,13,3,19,3,0,24,20,47,16,52,68,115
10/17/2003,NQA,TN,ASO,CE,Federal Contract Tower,0,1,16,12,29,1,2,19,0,22,1,3,35,12,51,12,4,16,67
10/18/2003,NQA,TN,ASO,CE,Federal Contract Tower,0,0,13,16,29,5,0,27,0,32,5,0,40,16,61,12,0,12,73
10/19/2003,NQA,TN,ASO,CE,Federal Contract Tower,0,0,4,6,10,0,0,37,2,39,0,0,41,8,49,22,0,22,71
10/20/2003,NQA,TN,ASO,CE,Federal Contract Tower,0,0,10,16,26,0,0,11,4,15,0,0,21,20,41,6,104,110,151
10/21/2003,NQA,TN,ASO,CE,Federal Contract Tower,0,0,15,24,39,0,0,6,16,22,0,0,21,40,61,4,186,190,251
10/22/2003,NQA,TN,ASO,CE,Federal Contract Tower,0,0,13,21,34,0,2,29,1,32,0,2,42,22,66,26,124,150,216
10/23/2003,NQA,TN,ASO,CE,Federal Contract Tower,0,0,16,27,43,0,0,32,3,35,0,0,48,30,78,10,120,130,208
10/24/2003,NQA,TN,ASO,CE,Federal Contract Tower,0,0,13,22,35,0,0,16,9,25,0,0,29,31,60,20,98,118,178
10/25/2003,NQA,TN,ASO,CE,Federal Contract Tower,0,0,2,4,6,0,0,13,6,19,0,0,15,10,25,24,20,44,69
10/26/2003,NQA,TN,ASO,CE,Federal Contract Tower,0,0,6,8,14,0,0,12,0,12,0,0,18,8,26,32,0,32,58
10/27/2003,NQA,TN,ASO,CE,Federal Contract Tower,0,0,8,14,22,0,0,13,3,16,0,0,21,17,38,12,78,90,128
10/28/2003,NQA,TN,ASO,CE,Federal Contract Tower,0,0,13,22,35,0,0,17,7,24,0,0,30,29,59,16,124,140,199
10/29/2003,NQA,TN,ASO,CE,Federal Contract Tower,0,0,7,13,20,0,0,17,14,31,0,0,24,27,51,30,108,138,189
10/30/2003,NQA,TN,ASO,CE,Federal Contract Tower,0,0,14,23,37,0,1,24,3,28,0,1,38,26,65,2,70,72,137
10/31/2003,NQA,TN,ASO,CE,Federal Contract Tower,0,0,15,26,41,0,0,20,5,25,0,0,35,31,66,0,176,176,242
11/01/2003,NQA,TN,ASO,CE,Federal Contract Tower,0,0,0,0,0,0,0,28,0,28,0,0,28,0,28,8,0,8,36
11/02/2003,NQA,TN,ASO,CE,Federal Contract Tower,0,0,11,10,21,0,0,38,0,38,0,0,49,10,59,26,20,46,105
11/03/2003,NQA,TN,ASO,CE,Federal Contract Tower,0,0,12,38,50,0,0,0,41,41,0,0,12,79,91,0,346,346,437
11/04/2003,NQA,TN,ASO,CE,Federal Contract Tower,0,1,20,34,55,0,1,14,14,29,0,2,34,48,84,6,148,154,238
11/05/2003,NQA,TN,ASO,CE,Federal Contract Tower,0,0,10,15,25,0,0,1,8,9,0,0,11,23,34,0,14,14,48
11/06/2003,NQA,TN,ASO,CE,Federal Contract Tower,0,0,5,7,12,0,0,2,0,2,0,0,7,7,14,0,0,0,14
11/07/2003,NQA,TN,ASO,CE,Federal Contract Tower,0,0,16,35,51,0,0,0,6,6,0,0,16,41,57,0,20,20,77
11/08/2003,NQA,TN,ASO,CE,Federal Contract Tower,0,0,8,9,17,0,0,26,0,26,0,0,34,9,43,10,12,22,65
11/09/2003,NQA,TN,ASO,CE,Federal Contract Tower,0,0,5,1,6,0,0,28,0,28,0,0,33,1,34,10,10,20,54
11/10/2003,NQA,TN,ASO,CE,Federal Contract Tower,0,0,20,34,54,0,0,11,16,27,0,0,31,50,81,18,162,180,261
11/11/2003,NQA,TN,ASO,CE,Federal Contract Tower,0,0,7,0,7,0,0,35,0,35,0,0,42,0,42,34,0,34,76
11/12/2003,NQA,TN,ASO,CE,Federal Contract Tower,0,0,12,23,35,0,0,14,1,15,0,0,26,24,50,0,32,32,82
11/13/2003,NQA,TN,ASO,CE,Federal Contract Tower,0,0,19,35,54,0,0,21,12,33,0,0,40,47,87,2,128,130,217
11/14/2003,NQA,TN,ASO,CE,Federal Contract Tower,0,0,15,28,43,0,0,9,7,16,0,0,24,35,59,10,132,142,201
11/15/2003,NQA,TN,ASO,CE,Federal Contract Tower,0,0,2,2,4,0,0,9,0,9,0,0,11,2,13,0,0,0,13
11/16/2003,NQA,TN,ASO,CE,Federal Contract Tower,0,0,6,2,8,0,0,10,0,10,0,0,16,2,18,0,0,0,18
11/17/2003,NQA,TN,ASO,CE,Federal Contract Tower,0,0,7,15,22,0,0,3,1,4,0,0,10,16,26,0,24,24,50
11/18/2003,NQA,TN,ASO,CE,Federal Contract Tower,0,0,3,6,9,0,1,4,3,8,0,1,7,9,17,8,74,82,99
11/19/2003,NQA,TN,ASO,CE,Federal Contract Tower,0,0,10,18,28,0,0,10,9,19,0,0,20,27,47,8,104,112,159
11/20/2003,NQA,TN,ASO,CE,Federal Contract Tower,0,0,9,16,25,0,0,16,5,21,0,0,25,21,46,8,42,50,96
11/21/2003,NQA,TN,ASO,CE,Federal Contract Tower,0,0,6,11,17,0,0,16,0,16,0,0,22,11,33,0,50,50,83
11/22/2003,NQA,TN,ASO,CE,Federal Contract Tower,0,0,7,11,18,0,0,17,0,17,0,0,24,11,35,4,70,74,109
11/23/2003,NQA,TN,ASO,CE,Federal Contract Tower,0,0,3,0,3,0,0,9,0,9,0,0,12,0,12,0,0,0,12
11/24/2003,NQA,TN,ASO,CE,Federal Contract Tower,0,0,12,22,34,0,0,13,0,13,0,0,25,22,47,2,90,92,139
11/25/2003,NQA,TN,ASO,CE,Federal Contract Tower,0,0,9,16,25,0,2,21,7,30,0,2,30,23,55,24,108,132,187
11/26/2003,NQA,TN,ASO,CE,Federal Contract Tower,0,0,9,8,17,0,0,13,0,13,0,0,22,8,30,0,84,84,114
11/27/2003,NQA,TN,ASO,CE,Federal Contract Tower,0,0,1,0,1,0,0,4,0,4,0,0,5,0,5,0,0,0,5
11/28/2003,NQA,TN,ASO,CE,Federal Contract Tower,0,0,0,0,0,0,0,4,0,4,0,0,4,0,4,2,0,2,6
11/29/2003,NQA,TN,ASO,CE,Federal Contract Tower,0,0,1,2,3,0,0,32,0,32,0,0,33,2,35,46,0,46,81
11/30/2003,NQA,TN,ASO,CE,Federal Contract Tower,0,0,5,11,16,0,0,14,1,15,0,0,19,12,31,4,0,4,35
12/01/2003,NQA,TN,ASO,CE,Federal Contract Tower,0,0,11,22,33,0,0,3,7,10,0,0,14,29,43,24,152,176,219
12/02/2003,NQA,TN,ASO,CE,Federal Contract Tower,0,0,3,5,8,0,0,20,1,21,0,0,23,6,29,28,4,32,61
12/03/2003,NQA,TN,ASO,CE,Federal Contract Tower,0,0,3,4,7,0,0,0,4,4,0,0,3,8,11,0,0,0,11
12/04/2003,NQA,TN,ASO,CE,Federal Contract Tower,0,0,6,8,14,0,0,7,0,7,0,0,13,8,21,0,32,32,53
12/05/2003,NQA,TN,ASO,CE,Federal Contract Tower,0,0,13,31,44,0,0,0,14,14,0,0,13,45,58,0,124,124,182
12/06/2003,NQA,TN,ASO,CE,Federal Contract Tower,0,0,3,4,7,0,0,16,12,28,0,0,19,16,35,8,0,8,43
12/07/2003,NQA,TN,ASO,CE,Federal Contract Tower,0,0,8,10,18,0,0,22,0,22,0,0,30,10,40,2,0,2,42
12/08/2003,NQA,TN,ASO,CE,Federal Contract Tower,0,0,18,38,56,0,0,20,2,22,0,0,38,40,78,18,104,122,200
12/09/2003,NQA,TN,ASO,CE,Federal Contract Tower,0,0,11,25,36,0,0,6,4,10,0,0,17,29,46,2,114,116,162
12/10/2003,NQA,TN,ASO,CE,Federal Contract Tower,0,0,7,13,20,0,0,0,4,4,0,0,7,17,24,0,20,20,44
12/11/2003,NQA,TN,ASO,CE,Federal Contract Tower,0,0,20,43,63,0,0,11,14,25,0,0,31,57,88,20,174,194,282
12/12/2003,NQA,TN,ASO,CE,Federal Contract Tower,0,0,18,40,58,0,0,22,10,32,0,0,40,50,90,18,156,174,264
12/13/2003,NQA,TN,ASO,CE,Federal Contract Tower,0,0,1,0,1,0,0,1,1,2,0,0,2,1,3,0,0,0,3
12/14/2003,NQA,TN,ASO,CE,Federal Contract Tower,0,0,3,8,11,0,0,5,1,6,0,0,8,9,17,0,0,0,17
12/15/2003,NQA,TN,ASO,CE,Federal Contract Tower,0,0,26,61,87,0,0,11,11,22,0,0,37,72,109,0,240,240,349
12/16/2003,NQA,TN,ASO,CE,Federal Contract Tower,0,0,2,5,7,0,0,6,0,6,0,0,8,5,13,0,0,0,13
12/17/2003,NQA,TN,ASO,CE,Federal Contract Tower,0,0,10,24,34,0,0,39,0,39,0,0,49,24,73,24,86,110,183
12/18/2003,NQA,TN,ASO,CE,Federal Contract Tower,0,0,6,14,20,0,0,9,3,12,0,0,15,17,32,0,38,38,70
12/19/2003,NQA,TN,ASO,CE,Federal Contract Tower,0,0,20,48,68,0,0,0,20,20,0,0,20,68,88,0,104,104,192
12/20/2003,NQA,TN,ASO,CE,Federal Contract Tower,0,0,4,6,10,0,0,37,0,37,0,0,41,6,47,14,0,14,61
12/21/2003,NQA,TN,ASO,CE,Federal Contract Tower,0,0,0,2,2,0,0,20,0,20,0,0,20,2,22,8,0,8,30
12/22/2003,NQA,TN,ASO,CE,Federal Contract Tower,0,0,0,2,2,0,0,15,2,17,0,0,15,4,19,2,14,16,35
12/23/2003,NQA,TN,ASO,CE,Federal Contract Tower,0,0,1,0,1,0,0,8,0,8,0,0,9,0,9,0,0,0,9
12/24/2003,NQA,TN,ASO,CE,Federal Contract Tower,0,0,0,0,0,0,0,14,0,14,0,0,14,0,14,22,0,22,36
12/25/2003,NQA,TN,ASO,CE,Federal Contract Tower,0,0,0,0,0,0,0,6,0,6,0,0,6,0,6,0,0,0,6
12/26/2003,NQA,TN,ASO,CE,Federal Contract Tower,0,0,4,0,4,0,0,24,0,24,0,0,28,0,28,14,0,14,42
12/27/2003,NQA,TN,ASO,CE,Federal Contract Tower,0,0,1,0,1,0,0,28,0,28,0,0,29,0,29,2,0,2,31
12/28/2003,NQA,TN,ASO,CE,Federal Contract Tower,0,0,1,0,1,0,0,19,0,19,0,0,20,0,20,2,0,2,22
12/29/2003,NQA,TN,ASO,CE,Federal Contract Tower,0,0,2,2,4,0,0,12,0,12,0,0,14,2,16,14,0,14,30
12/30/2003,NQA,TN,ASO,CE,Federal Contract Tower,0,0,3,7,10,0,0,31,0,31,0,0,34,7,41,32,8,40,81
12/31/2003,NQA,TN,ASO,CE,Federal Contract Tower,0,0,3,5,8,0,0,32,0,32,0,0,35,5,40,16,6,22,62
01/01/2004,NQA,TN,ASO,CE,Federal Contract Tower,0,0,1,0,1,0,0,8,0,8,0,0,9,0,9,0,0,0,9
01/02/2004,NQA,TN,ASO,CE,Federal Contract Tower,0,0,1,1,2,0,0,4,1,5,0,0,5,2,7,0,2,2,9
01/03/2004,NQA,TN,ASO,CE,Federal Contract Tower,0,0,4,0,4,0,0,15,0,15,0,0,19,0,19,16,0,16,35
01/04/2004,NQA,TN,ASO,CE,Federal Contract Tower,0,0,3,0,3,0,0,5,0,5,0,0,8,0,8,6,0,6,14
01/05/2004,NQA,TN,ASO,CE,Federal Contract Tower,0,0,5,9,14,0,0,7,0,7,0,0,12,9,21,0,94,94,115
01/06/2004,NQA,TN,ASO,CE,Federal Contract Tower,0,0,11,22,33,0,0,16,10,26,0,0,27,32,59,44,184,228,287
01/07/2004,NQA,TN,ASO,CE,Federal Contract Tower,0,0,10,14,24,0,0,26,0,26,0,0,36,14,50,12,38,50,100
01/08/2004,NQA,TN,ASO,CE,Federal Contract Tower,0,0,6,46,52,0,0,0,23,23,0,0,6,69,75,16,144,160,235
01/09/2004,NQA,TN,ASO,CE,Federal Contract Tower,0,0,14,35,49,0,0,0,16,16,0,0,14,51,65,10,112,122,187
01/10/2004,NQA,TN,ASO,CE,Federal Contract Tower,0,0,2,2,4,0,0,17,0,17,0,0,19,2,21,0,0,0,21
01/11/2004,NQA,TN,ASO,CE,Federal Contract Tower,0,0,3,3,6,0,0,24,0,24,0,0,27,3,30,12,0,12,42
01/12/2004,NQA,TN,ASO,CE,Federal Contract Tower,0,0,7,15,22,0,0,18,1,19,0,0,25,16,41,10,92,102,143
01/13/2004,NQA,TN,ASO,CE,Federal Contract Tower,0,0,5,6,11,0,0,12,0,12,0,0,17,6,23,0,64,64,87
01/14/2004,NQA,TN,ASO,CE,Federal Contract Tower,0,0,8,32,40,0,0,0,19,19,0,0,8,51,59,0,112,112,171
01/15/2004,NQA,TN,ASO,CE,Federal Contract Tower,0,0,6,10,16,0,0,11,4,15,0,0,17,14,31,6,120,126,157
01/16/2004,NQA,TN,ASO,CE,Federal Contract Tower,0,0,7,15,22,0,0,6,0,6,0,0,13,15,28,0,24,24,52
01/17/2004,NQA,TN,ASO,CE,Federal Contract Tower,0,0,1,2,3,0,0,2,0,2,0,0,3,2,5,0,0,0,5
01/18/2004,NQA,TN,ASO,CE,Federal Contract Tower,0,0,2,2,4,0,0,12,0,12,0,0,14,2,16,0,14,14,30
01/19/2004,NQA,TN,ASO,CE,Federal Contract Tower,0,0,2,2,4,0,0,10,0,10,0,0,12,2,14,0,0,0,14
01/20/2004,NQA,TN,ASO,CE,Federal Contract Tower,0,0,8,18,26,0,0,7,11,18,0,0,15,29,44,12,104,116,160
01/21/2004,NQA,TN,ASO,CE,Federal Contract Tower,0,0,5,12,17,0,0,14,9,23,0,0,19,21,40,2,154,156,196
01/22/2004,NQA,TN,ASO,CE,Federal Contract Tower,0,0,7,17,24,0,0,19,0,19,0,0,26,17,43,10,50,60,103
01/23/2004,NQA,TN,ASO,CE,Federal Contract Tower,0,0,5,13,18,0,0,21,4,25,0,0,26,17,43,26,60,86,129
01/24/2004,NQA,TN,ASO,CE,Federal Contract Tower,0,0,4,9,13,0,0,21,0,21,0,0,25,9,34,14,4,18,52
01/25/2004,NQA,TN,ASO,CE,Federal Contract Tower,0,0,4,3,7,0,0,7,0,7,0,0,11,3,14,0,0,0,14
01/26/2004,NQA,TN,ASO,CE,Federal Contract Tower,0,0,2,6,8,0,0,9,1,10,0,0,11,7,18,6,30,36,54
01/27/2004,NQA,TN,ASO,CE,Federal Contract Tower,0,0,8,31,39,0,0,0,17,17,0,0,8,48,56,4,162,166,222
01/28/2004,NQA,TN,ASO,CE,Federal Contract Tower,0,0,4,8,12,0,0,21,0,21,0,0,25,8,33,20,78,98,131
01/29/2004,NQA,TN,ASO,CE,Federal Contract Tower,0,0,5,14,19,0,0,23,6,29,0,0,28,20,48,6,144,150,198
01/30/2004,NQA,TN,ASO,CE,Federal Contract Tower,0,0,5,10,15,0,0,19,0,19,0,0,24,10,34,26,66,92,126
01/31/2004,NQA,TN,ASO,CE,Federal Contract Tower,0,0,2,2,4,0,0,22,0,22,0,0,24,2,26,16,0,16,42
02/01/2004,NQA,TN,ASO,CE,Federal Contract Tower,0,0,0,0,0,0,0,12,0,12,0,0,12,0,12,2,0,2,14
02/02/2004,NQA,TN,ASO,CE,Federal Contract Tower,0,0,1,5,6,0,0,0,3,3,0,0,1,8,9,0,0,0,9
02/03/2004,NQA,TN,ASO,CE,Federal Contract Tower,0,0,5,12,17,0,0,14,5,19,0,0,19,17,36,8,96,104,140
02/04/2004,NQA,TN,ASO,CE,Federal Contract Tower,0,0,5,12,17,0,0,5,9,14,0,0,10,21,31,20,148,168,199
02/05/2004,NQA,TN,ASO,CE,Federal Contract Tower,0,0,1,1,2,0,0,2,0,2,0,0,3,1,4,0,0,0,4
02/06/2004,NQA,TN,ASO,CE,Federal Contract Tower,0,0,9,25,34,0,0,0,7,7,0,0,9,32,41,0,70,70,111
02/07/2004,NQA,TN,ASO,CE,Federal Contract Tower,0,0,1,4,5,0,0,11,0,11,0,0,12,4,16,2,0,2,18
02/08/2004,NQA,TN,ASO,CE,Federal Contract Tower,0,0,4,3,7,0,0,31,0,31,0,0,35,3,38,6,4,10,48
02/09/2004,NQA,TN,ASO,CE,Federal Contract Tower,0,0,2,4,6,0,0,6,0,6,0,0,8,4,12,0,0,0,12
02/10/2004,NQA,TN,ASO,CE,Federal Contract Tower,0,0,10,25,35,0,0,17,4,21,0,0,27,29,56,10,82,92,148
02/11/2004,NQA,TN,ASO,CE,Federal Contract Tower,0,0,10,41,51,0,0,0,26,26,0,0,10,67,77,2,306,308,385
02/12/2004,NQA,TN,ASO,CE,Federal Contract Tower,0,0,12,29,41,0,0,5,3,8,0,0,17,32,49,2,136,138,187
02/13/2004,NQA,TN,ASO,CE,Federal Contract Tower,0,0,12,28,40,0,0,21,15,36,0,0,33,43,76,0,158,158,234
02/14/2004,NQA,TN,ASO,CE,Federal Contract Tower,0,0,0,3,3,0,0,25,1,26,0,0,25,4,29,26,0,26,55
02/15/2004,NQA,TN,ASO,CE,Federal Contract Tower,0,0,5,10,15,0,0,16,0,16,0,0,21,10,31,4,10,14,45
02/16/2004,NQA,TN,ASO,CE,Federal Contract Tower,0,0,4,7,11,0,0,37,0,37,0,0,41,7,48,18,14,32,80
02/17/2004,NQA,TN,ASO,CE,Federal Contract Tower,0,0,5,12,17,0,0,20,0,20,0,0,25,12,37,30,20,50,87
02/18/2004,NQA,TN,ASO,CE,Federal Contract Tower,0,0,8,19,27,0,0,13,6,19,0,0,21,25,46,2,158,160,206
02/19/2004,NQA,TN,ASO,CE,Federal Contract Tower,0,0,3,9,12,0,0,18,1,19,0,0,21,10,31,0,8,8,39
02/20/2004,NQA,TN,ASO,CE,Federal Contract Tower,0,0,5,13,18,0,0,6,0,6,0,0,11,13,24,0,22,22,46
02/21/2004,NQA,TN,ASO,CE,Federal Contract Tower,0,0,2,1,3,0,0,55,0,55,0,0,57,1,58,62,0,62,120
02/22/2004,NQA,TN,ASO,CE,Federal Contract Tower,0,0,6,7,13,6,0,27,0,33,6,0,33,7,46,40,4,44,90
02/23/2004,NQA,TN,ASO,CE,Federal Contract Tower,0,0,15,33,48,0,2,9,13,24,0,2,24,46,72,0,186,186,258
02/24/2004,NQA,TN,ASO,CE,Federal Contract Tower,0,0,14,31,45,0,0,6,12,18,0,0,20,43,63,4,100,104,167
02/25/2004,NQA,TN,ASO,CE,Federal Contract Tower,0,0,11,26,37,0,2,3,1,6,0,2,14,27,43,16,82,98,141
02/26/2004,NQA,TN,ASO,CE,Federal Contract Tower,0,0,8,29,37,0,0,0,17,17,0,0,8,46,54,10,246,256,310
02/27/2004,NQA,TN,ASO,CE,Federal Contract Tower,0,0,10,21,31,10,2,22,0,34,10,2,32,21,65,30,62,92,157
02/28/2004,NQA,TN,ASO,CE,Federal Contract Tower,0,0,2,2,4,0,0,33,0,33,0,0,35,2,37,8,0,8,45
02/29/2004,NQA,TN,ASO,CE,Federal Contract Tower,0,0,6,10,16,0,0,23,0,23,0,0,29,10,39,12,0,12,51
03/01/2004,NQA,TN,ASO,CE,Federal Contract Tower,0,0,8,17,25,0,0,0,8,8,0,0,8,25,33,0,134,134,167
03/02/2004,NQA,TN,ASO,CE,Federal Contract Tower,0,0,12,24,36,0,0,18,14,32,0,0,30,38,68,12,144,156,224
03/03/2004,NQA,TN,ASO,CE,Federal Contract Tower,0,0,12,21,33,0,0,3,8,11,0,0,15,29,44,6,134,140,184
03/04/2004,NQA,TN,ASO,CE,Federal Contract Tower,0,0,8,13,21,1,0,12,9,22,1,0,20,22,43,2,96,98,141
03/05/2004,NQA,TN,ASO,CE,Federal Contract Tower,0,0,19,44,63,0,0,0,19,19,0,0,19,63,82,0,132,132,214
03/06/2004,NQA,TN,ASO,CE,Federal Contract Tower,0,0,4,4,8,0,0,23,0,23,0,0,27,4,31,4,0,4,35
03/07/2004,NQA,TN,ASO,CE,Federal Contract Tower,0,0,5,6,11,0,0,13,0,13,0,0,18,6,24,2,4,6,30
03/08/2004,NQA,TN,ASO,CE,Federal Contract Tower,0,0,5,9,14,0,0,36,2,38,0,0,41,11,52,30,72,102,154
03/09/2004,NQA,TN,ASO,CE,Federal Contract Tower,0,0,6,10,16,0,0,5,6,11,0,0,11,16,27,0,84,84,111
03/10/2004,NQA,TN,ASO,CE,Federal Contract Tower,0,0,9,16,25,0,0,38,0,38,0,0,47,16,63,12,84,96,159
03/11/2004,NQA,TN,ASO,CE,Federal Contract Tower,0,0,12,13,25,0,0,30,0,30,0,0,42,13,55,30,0,30,85
03/12/2004,NQA,TN,ASO,CE,Federal Contract Tower,0,0,14,24,38,0,2,33,5,40,0,2,47,29,78,28,74,102,180
03/13/2004,NQA,TN,ASO,CE,Federal Contract Tower,0,0,4,3,7,0,0,22,0,22,0,0,26,3,29,20,0,20,49
03/14/2004,NQA,TN,ASO,CE,Federal Contract Tower,0,0,3,0,3,0,0,9,0,9,0,0,12,0,12,0,0,0,12
03/15/2004,NQA,TN,ASO,CE,Federal Contract Tower,0,0,16,30,46,0,0,9,10,19,0,0,25,40,65,4,206,210,275
03/16/2004,NQA,TN,ASO,CE,Federal Contract Tower,0,0,11,20,31,0,0,5,17,22,0,0,16,37,53,8,234,242,295
03/17/2004,NQA,TN,ASO,CE,Federal Contract Tower,0,0,14,27,41,0,0,23,4,27,0,0,37,31,68,14,122,136,204
03/18/2004,NQA,TN,ASO,CE,Federal Contract Tower,0,0,14,25,39,0,0,23,0,23,0,0,37,25,62,14,168,182,244
03/19/2004,NQA,TN,ASO,CE,Federal Contract Tower,0,0,18,37,55,0,0,20,12,32,0,0,38,49,87,24,224,248,335
03/20/2004,NQA,TN,ASO,CE,Federal Contract Tower,0,0,2,5,7,0,0,12,4,16,0,0,14,9,23,4,0,4,27
03/21/2004,NQA,TN,ASO,CE,Federal Contract Tower,0,0,5,7,12,0,0,28,0,28,0,0,33,7,40,18,0,18,58
03/22/2004,NQA,TN,ASO,CE,Federal Contract Tower,0,0,5,12,17,0,0,21,6,27,0,0,26,18,44,34,124,158,202
03/23/2004,NQA,TN,ASO,CE,Federal Contract Tower,0,0,18,37,55,0,0,14,14,28,0,0,32,51,83,2,240,242,325
03/24/2004,NQA,TN,ASO,CE,Federal Contract Tower,0,0,11,21,32,0,0,10,12,22,0,0,21,33,54,4,226,230,284
03/25/2004,NQA,TN,ASO,CE,Federal Contract Tower,0,0,8,16,24,0,0,10,8,18,0,0,18,24,42,20,106,126,168
03/26/2004,NQA,TN,ASO,CE,Federal Contract Tower,0,0,11,19,30,0,0,19,0,19,0,0,30,19,49,0,78,78,127
03/27/2004,NQA,TN,ASO,CE,Federal Contract Tower,0,0,5,4,9,0,0,42,0,42,0,0,47,4,51,36,6,42,93
03/28/2004,NQA,TN,ASO,CE,Federal Contract Tower,0,0,9,14,23,0,0,23,0,23,0,0,32,14,46,26,0,26,72
03/29/2004,NQA,TN,ASO,CE,Federal Contract Tower,0,0,11,22,33,0,0,10,9,19,0,0,21,31,52,28,186,214,266
03/30/2004,NQA,TN,ASO,CE,Federal Contract Tower,0,0,11,21,32,0,0,12,8,20,0,0,23,29,52,6,158,164,216
03/31/2004,NQA,TN,ASO,CE,Federal Contract Tower,0,0,10,21,31,0,0,13,7,20,0,0,23,28,51,6,154,160,211
04/01/2004,NQA,TN,ASO,CE,Federal Contract Tower,0,0,12,23,35,0,0,23,6,29,0,0,35,29,64,16,124,140,204
04/02/2004,NQA,TN,ASO,CE,Federal Contract Tower,0,0,15,30,45,0,0,15,8,23,0,0,30,38,68,58,146,204,272
04/03/2004,NQA,TN,ASO,CE,Federal Contract Tower,0,0,3,0,3,0,0,36,0,36,0,0,39,0,39,18,0,18,57
04/04/2004,NQA,TN,ASO,CE,Federal Contract Tower,0,0,5,3,8,0,0,16,0,16,0,0,21,3,24,18,0,18,42
04/05/2004,NQA,TN,ASO,CE,Federal Contract Tower,0,0,7,12,19,0,0,14,7,21,0,0,21,19,40,10,84,94,134
04/06/2004,NQA,TN,ASO,CE,Federal Contract Tower,0,0,12,22,34,0,0,23,4,27,0,0,35,26,61,26,192,218,279
04/07/2004,NQA,TN,ASO,CE,Federal Contract Tower,0,0,11,21,32,0,0,2,8,10,0,0,13,29,42,6,122,128,170
04/08/2004,NQA,TN,ASO,CE,Federal Contract Tower,0,0,6,8,14,0,0,21,0,21,0,0,27,8,35,28,2,30,65
04/09/2004,NQA,TN,ASO,CE,Federal Contract Tower,0,0,7,14,21,0,0,41,5,46,0,0,48,19,67,14,160,174,241
04/10/2004,NQA,TN,ASO,CE,Federal Contract Tower,0,0,2,1,3,0,0,19,0,19,0,0,21,1,22,12,0,12,34
04/11/2004,NQA,TN,ASO,CE,Federal Contract Tower,0,0,5,8,13,0,0,9,3,12,0,0,14,11,25,0,0,0,25
04/12/2004,NQA,TN,ASO,CE,Federal Contract Tower,0,0,4,1,5,0,0,5,0,5,0,0,9,1,10,0,0,0,10
04/13/2004,NQA,TN,ASO,CE,Federal Contract Tower,0,0,4,8,12,0,0,12,6,18,0,0,16,14,30,2,102,104,134
04/14/2004,NQA,TN,ASO,CE,Federal Contract Tower,0,0,15,29,44,0,0,31,19,50,0,0,46,48,94,38,188,226,320
04/15/2004,NQA,TN,ASO,CE,Federal Contract Tower,0,0,10,18,28,0,0,20,13,33,0,0,30,31,61,12,144,156,217
04/16/2004,NQA,TN,ASO,CE,Federal Contract Tower,0,0,11,22,33,0,0,21,7,28,0,0,32,29,61,12,112,124,185
04/17/2004,NQA,TN,ASO,CE,Federal Contract Tower,0,0,0,0,0,0,0,39,0,39,0,0,39,0,39,6,0,6,45
04/18/2004,NQA,TN,ASO,CE,Federal Contract Tower,0,0,9,17,26,0,0,21,10,31,0,0,30,27,57,6,0,6,63
04/19/2004,NQA,TN,ASO,CE,Federal Contract Tower,0,0,6,8,14,0,0,13,0,13,0,0,19,8,27,18,48,66,93
04/20/2004,NQA,TN,ASO,CE,Federal Contract Tower,0,0,10,22,32,0,0,0,14,14,0,0,10,36,46,16,138,154,200
04/21/2004,NQA,TN,ASO,CE,Federal Contract Tower,0,0,3,2,5,0,0,9,0,9,0,0,12,2,14,0,0,0,14
04/22/2004,NQA,TN,ASO,CE,Federal Contract Tower,0,0,0,0,0,0,0,14,0,14,0,0,14,0,14,30,0,30,44
04/23/2004,NQA,TN,ASO,CE,Federal Contract Tower,0,0,1,3,4,0,0,10,0,10,0,0,11,3,14,0,0,0,14
04/24/2004,NQA,TN,ASO,CE,Federal Contract Tower,0,0,3,0,3,0,0,19,0,19,0,0,22,0,22,26,0,26,48
04/25/2004,NQA,TN,ASO,CE,Federal Contract Tower,0,0,0,3,3,0,0,10,5,15,0,0,10,8,18,0,0,0,18
04/26/2004,NQA,TN,ASO,CE,Federal Contract Tower,0,0,17,37,54,0,0,40,6,46,0,0,57,43,100,0,236,236,336
04/27/2004,NQA,TN,ASO,CE,Federal Contract Tower,0,0,10,11,21,0,0,29,0,29,0,0,39,11,50,24,104,128,178
04/28/2004,NQA,TN,ASO,CE,Federal Contract Tower,0,0,12,27,39,0,0,21,1,22,0,0,33,28,61,12,174,186,247
04/29/2004,NQA,TN,ASO,CE,Federal Contract Tower,0,0,12,27,39,0,0,13,4,17,0,0,25,31,56,0,84,84,140
04/30/2004,NQA,TN,ASO,CE,Federal Contract Tower,0,0,15,45,60,0,0,0,15,15,0,0,15,60,75,0,54,54,129
05/01/2004,NQA,TN,ASO,CE,Federal Contract Tower,0,0,0,4,4,0,0,2,0,2,0,0,2,4,6,0,0,0,6
05/02/2004,NQA,TN,ASO,CE,Federal Contract Tower,0,0,7,9,16,0,0,18,0,18,0,0,25,9,34,4,0,4,38
05/03/2004,NQA,TN,ASO,CE,Federal Contract Tower,0,0,13,23,36,0,0,3,14,17,0,0,16,37,53,24,122,146,199
05/04/2004,NQA,TN,ASO,CE,Federal Contract Tower,0,0,13,24,37,0,0,30,2,32,0,0,43,26,69,26,128,154,223
05/05/2004,NQA,TN,ASO,CE,Federal Contract Tower,0,0,17,32,49,0,0,4,26,30,0,0,21,58,79,0,208,208,287
05/06/2004,NQA,TN,ASO,CE,Federal Contract Tower,0,0,12,21,33,0,0,21,8,29,0,0,33,29,62,20,106,126,188
05/07/2004,NQA,TN,ASO,CE,Federal Contract Tower,0,0,14,27,41,0,0,8,17,25,0,0,22,44,66,12,240,252,318
05/08/2004,NQA,TN,ASO,CE,Federal Contract Tower,0,0,2,0,2,0,0,37,0,37,0,0,39,0,39,22,0,22,61
05/09/2004,NQA,TN,ASO,CE,Federal Contract Tower,0,0,3,1,4,0,0,20,0,20,0,0,23,1,24,8,0,8,32
05/10/2004,NQA,TN,ASO,CE,Federal Contract Tower,0,0,12,22,34,0,0,11,3,14,0,0,23,25,48,6,74,80,128
05/11/2004,NQA,TN,ASO,CE,Federal Contract Tower,0,0,17,34,51,0,4,20,9,33,0,4,37,43,84,24,228,252,336
05/12/2004,NQA,TN,ASO,CE,Federal Contract Tower,0,0,3,6,9,0,0,10,0,10,0,0,13,6,19,0,0,0,19
05/13/2004,NQA,TN,ASO,CE,Federal Contract Tower,0,0,5,16,21,0,0,0,4,4,0,0,5,20,25,0,4,4,29
05/14/2004,NQA,TN,ASO,CE,Federal Contract Tower,0,0,2,0,2,0,0,14,0,14,0,0,16,0,16,0,0,0,16
05/15/2004,NQA,TN,ASO,CE,Federal Contract Tower,0,0,4,8,12,0,0,3,0,3,0,0,7,8,15,0,0,0,15
05/16/2004,NQA,TN,ASO,CE,Federal Contract Tower,0,0,4,6,10,0,0,7,0,7,0,0,11,6,17,0,0,0,17
05/17/2004,NQA,TN,ASO,CE,Federal Contract Tower,0,0,6,12,18,0,0,13,7,20,0,0,19,19,38,12,90,102,140
05/18/2004,NQA,TN,ASO,CE,Federal Contract Tower,0,0,4,10,14,0,0,27,4,31,0,0,31,14,45,16,84,100,145
05/19/2004,NQA,TN,ASO,CE,Federal Contract Tower,0,0,27,56,83,0,0,8,35,43,0,0,35,91,126,8,328,336,462
05/20/2004,NQA,TN,ASO,CE,Federal Contract Tower,0,0,14,29,43,0,0,14,8,22,0,0,28,37,65,8,126,134,199
05/21/2004,NQA,TN,ASO,CE,Federal Contract Tower,0,0,11,23,34,0,0,44,0,44,0,0,55,23,78,42,80,122,200
05/22/2004,NQA,TN,ASO,CE,Federal Contract Tower,0,0,9,19,28,0,0,18,2,20,0,0,27,21,48,34,50,84,132
05/23/2004,NQA,TN,ASO,CE,Federal Contract Tower,0,0,3,1,4,0,0,20,0,20,0,0,23,1,24,0,0,0,24
05/24/2004,NQA,TN,ASO,CE,Federal Contract Tower,0,0,8,17,25,0,0,9,7,16,0,0,17,24,41,4,96,100,141
05/25/2004,NQA,TN,ASO,CE,Federal Contract Tower,0,0,7,13,20,0,0,32,0,32,0,0,39,13,52,18,86,104,156
05/26/2004,NQA,TN,ASO,CE,Federal Contract Tower,0,0,8,16,24,0,2,13,3,18,0,2,21,19,42,22,48,70,112
05/27/2004,NQA,TN,ASO,CE,Federal Contract Tower,0,0,12,26,38,0,0,7,2,9,0,0,19,28,47,0,134,134,181
05/28/2004,NQA,TN,ASO,CE,Federal Contract Tower,0,0,7,11,18,0,0,14,0,14,0,0,21,11,32,26,8,34,66
05/29/2004,NQA,TN,ASO,CE,Federal Contract Tower,0,0,2,2,4,0,0,11,0,11,0,0,13,2,15,4,0,4,19
05/30/2004,NQA,TN,ASO,CE,Federal Contract Tower,0,0,1,0,1,0,0,8,0,8,0,0,9,0,9,0,0,0,9
05/31/2004,NQA,TN,ASO,CE,Federal Contract Tower,0,0,3,3,6,0,0,32,0,32,0,0,35,3,38,30,4,34,72
06/01/2004,NQA,TN,ASO,CE,Federal Contract Tower,0,0,13,24,37,0,0,32,20,52,0,0,45,44,89,44,194,238,327
06/02/2004,NQA,TN,ASO,CE,Federal Contract Tower,0,0,5,8,13,0,0,21,0,21,0,0,26,8,34,18,6,24,58
06/03/2004,NQA,TN,ASO,CE,Federal Contract Tower,1,0,8,15,24,1,0,5,19,25,2,0,13,34,49,14,120,134,183
06/04/2004,NQA,TN,ASO,CE,Federal Contract Tower,0,0,9,18,27,0,0,44,0,44,0,0,53,18,71,16,50,66,137
06/05/2004,NQA,TN,ASO,CE,Federal Contract Tower,0,0,4,4,8,0,0,46,0,46,0,0,50,4,54,46,0,46,100
06/06/2004,NQA,TN,ASO,CE,Federal Contract Tower,0,0,6,9,15,0,0,12,0,12,0,0,18,9,27,4,0,4,31
06/07/2004,NQA,TN,ASO,CE,Federal Contract Tower,0,0,1,3,4,0,0,30,9,39,0,0,31,12,43,6,4,10,53
06/08/2004,NQA,TN,ASO,CE,Federal Contract Tower,0,0,11,21,32,0,0,23,2,25,0,0,34,23,57,40,140,180,237
06/09/2004,NQA,TN,ASO,CE,Federal Contract Tower,0,0,6,13,19,0,0,21,5,26,0,0,27,18,45,4,96,100,145
06/10/2004,NQA,TN,ASO,CE,Federal Contract Tower,0,0,7,12,19,0,0,20,3,23,0,0,27,15,42,68,2,70,112
06/11/2004,NQA,TN,ASO,CE,Federal Contract Tower,0,0,16,29,45,0,0,11,7,18,0,0,27,36,63,0,102,102,165
06/12/2004,NQA,TN,ASO,CE,Federal Contract Tower,0,0,3,2,5,0,0,26,0,26,0,0,29,2,31,2,0,2,33
06/13/2004,NQA,TN,ASO,CE,Federal Contract Tower,0,0,4,0,4,0,0,17,0,17,0,0,21,0,21,26,0,26,47
06/14/2004,NQA,TN,ASO,CE,Federal Contract Tower,0,0,16,30,46,0,0,0,12,12,0,0,16,42,58,0,214,214,272
06/15/2004,NQA,TN,ASO,CE,Federal Contract Tower,0,0,4,7,11,0,0,0,3,3,0,0,4,10,14,0,10,10,24
06/16/2004,NQA,TN,ASO,CE,Federal Contract Tower,0,0,21,39,60,0,0,9,24,33,0,0,30,63,93,22,246,268,361
06/17/2004,NQA,TN,ASO,CE,Federal Contract Tower,0,0,15,26,41,0,0,19,6,25,0,0,34,32,66,4,142,146,212
06/18/2004,NQA,TN,ASO,CE,Federal Contract Tower,0,0,8,10,18,0,2,17,0,19,0,2,25,10,37,4,88,92,129
06/19/2004,NQA,TN,ASO,CE,Federal Contract Tower,0,0,7,6,13,0,0,19,0,19,0,0,26,6,32,2,104,106,138
06/20/2004,NQA,TN,ASO,CE,Federal Contract Tower,0,0,1,0,1,0,0,14,0,14,0,0,15,0,15,4,0,4,19
06/21/2004,NQA,TN,ASO,CE,Federal Contract Tower,0,0,14,29,43,0,0,7,16,23,0,0,21,45,66,0,136,136,202
06/22/2004,NQA,TN,ASO,CE,Federal Contract Tower,0,0,1,1,2,0,0,12,0,12,0,0,13,1,14,2,0,2,16
06/23/2004,NQA,TN,ASO,CE,Federal Contract Tower,0,0,5,12,17,0,0,17,1,18,0,0,22,13,35,6,88,94,129
06/24/2004,NQA,TN,ASO,CE,Federal Contract Tower,0,0,7,16,23,0,0,15,2,17,0,0,22,18,40,0,122,122,162
06/25/2004,NQA,TN,ASO,CE,Federal Contract Tower,0,0,9,18,27,0,0,1,7,8,0,0,10,25,35,6,72,78,113
06/26/2004,NQA,TN,ASO,CE,Federal Contract Tower,0,0,3,8,11,1,0,106,2,109,1,0,109,10,120,46,34,80,200
06/27/2004,NQA,TN,ASO,CE,Federal Contract Tower,0,0,2,6,8,0,0,20,1,21,0,0,22,7,29,20,0,20,49
06/28/2004,NQA,TN,ASO,CE,Federal Contract Tower,0,0,5,10,15,0,4,13,0,17,0,4,18,10,32,0,90,90,122
06/29/2004,NQA,TN,ASO,CE,Federal Contract Tower,0,0,10,16,26,0,0,27,0,27,0,0,37,16,53,30,60,90,143
06/30/2004,NQA,TN,ASO,CE,Federal Contract Tower,0,0,9,20,29,0,0,14,2,16,0,0,23,22,45,30,122,152,197
07/01/2004,NQA,TN,ASO,CE,Federal Contract Tower,0,0,12,24,36,0,0,0,14,14,0,0,12,38,50,0,16,16,66
07/02/2004,NQA,TN,ASO,CE,Federal Contract Tower,0,0,8,14,22,0,0,6,4,10,0,0,14,18,32,0,0,0,32
07/03/2004,NQA,TN,ASO,CE,Federal Contract Tower,0,0,7,0,7,0,0,24,0,24,0,0,31,0,31,10,0,10,41
07/04/2004,NQA,TN,ASO,CE,Federal Contract Tower,0,0,1,0,1,0,0,11,0,11,0,0,12,0,12,2,0,2,14
07/05/2004,NQA,TN,ASO,CE,Federal Contract Tower,0,0,6,8,14,0,0,14,2,16,0,0,20,10,30,8,36,44,74
07/06/2004,NQA,TN,ASO,CE,Federal Contract Tower,0,0,9,16,25,0,0,14,6,20,0,0,23,22,45,22,96,118,163
07/07/2004,NQA,TN,ASO,CE,Federal Contract Tower,0,0,9,14,23,0,0,16,7,23,0,0,25,21,46,10,144,154,200
07/08/2004,NQA,TN,ASO,CE,Federal Contract Tower,0,0,17,28,45,0,0,16,4,20,0,0,33,32,65,2,168,170,235
07/09/2004,NQA,TN,ASO,CE,Federal Contract Tower,0,0,29,52,81,0,0,13,26,39,0,0,42,78,120,4,430,434,554
07/10/2004,NQA,TN,ASO,CE,Federal Contract Tower,0,0,2,1,3,0,0,21,1,22,0,0,23,2,25,8,0,8,33
07/11/2004,NQA,TN,ASO,CE,Federal Contract Tower,0,0,9,10,19,0,0,18,0,18,0,0,27,10,37,6,0,6,43
07/12/2004,NQA,TN,ASO,CE,Federal Contract Tower,0,0,6,7,13,0,0,13,0,13,0,0,19,7,26,0,12,12,38
07/13/2004,NQA,TN,ASO,CE,Federal Contract Tower,0,0,10,16,26,0,0,16,2,18,0,0,26,18,44,0,58,58,102
07/14/2004,NQA,TN,ASO,CE,Federal Contract Tower,0,0,9,14,23,0,0,22,15,37,0,0,31,29,60,8,152,160,220
07/15/2004,NQA,TN,ASO,CE,Federal Contract Tower,0,0,9,15,24,0,0,29,8,37,0,0,38,23,61,20,76,96,157
07/16/2004,NQA,TN,ASO,CE,Federal Contract Tower,0,0,6,9,15,0,0,18,0,18,0,0,24,9,33,14,80,94,127
07/17/2004,NQA,TN,ASO,CE,Federal Contract Tower,0,0,12,22,34,0,0,15,16,31,0,0,27,38,65,10,284,294,359
07/18/2004,NQA,TN,ASO,CE,Federal Contract Tower,0,0,1,0,1,0,0,21,0,21,0,0,22,0,22,2,0,2,24
07/19/2004,NQA,TN,ASO,CE,Federal Contract Tower,0,0,9,17,26,0,0,15,6,21,0,0,24,23,47,2,96,98,145
07/20/2004,NQA,TN,ASO,CE,Federal Contract Tower,0,0,11,21,32,0,0,20,6,26,0,0,31,27,58,20,142,162,220
07/21/2004,NQA,TN,ASO,CE,Federal Contract Tower,0,0,2,0,2,0,0,20,0,20,0,0,22,0,22,0,0,0,22
07/22/2004,NQA,TN,ASO,CE,Federal Contract Tower,0,0,13,26,39,0,0,22,4,26,0,0,35,30,65,0,96,96,161
07/23/2004,NQA,TN,ASO,CE,Federal Contract Tower,0,0,18,33,51,0,0,20,9,29,0,0,38,42,80,16,200,216,296
07/24/2004,NQA,TN,ASO,CE,Federal Contract Tower,0,0,2,2,4,0,0,13,0,13,0,0,15,2,17,6,0,6,23
07/25/2004,NQA,TN,ASO,CE,Federal Contract Tower,0,0,3,8,11,0,0,12,1,13,0,0,15,9,24,16,0,16,40
07/26/2004,NQA,TN,ASO,CE,Federal Contract Tower,0,0,4,8,12,0,0,3,1,4,0,0,7,9,16,0,38,38,54
07/27/2004,NQA,TN,ASO,CE,Federal Contract Tower,0,0,9,17,26,0,0,25,5,30,0,0,34,22,56,44,160,204,260
07/28/2004,NQA,TN,ASO,CE,Federal Contract Tower,0,0,8,17,25,0,0,34,7,41,0,0,42,24,66,30,84,114,180
07/29/2004,NQA,TN,ASO,CE,Federal Contract Tower,0,0,7,9,16,0,0,29,0,29,0,0,36,9,45,18,14,32,77
07/30/2004,NQA,TN,ASO,CE,Federal Contract Tower,0,0,8,13,21,0,0,20,0,20,0,0,28,13,41,16,38,54,95
07/31/2004,NQA,TN,ASO,CE,Federal Contract Tower,0,0,3,0,3,0,0,23,0,23,0,0,26,0,26,42,0,42,68
08/01/2004,NQA,TN,ASO,CE,Federal Contract Tower,0,0,4,3,7,0,0,20,0,20,0,0,24,3,27,14,0,14,41
08/02/2004,NQA,TN,ASO,CE,Federal Contract Tower,0,0,10,18,28,0,0,19,5,24,0,0,29,23,52,26,122,148,200
08/03/2004,NQA,TN,ASO,CE,Federal Contract Tower,0,0,8,16,24,0,0,22,6,28,0,0,30,22,52,42,106,148,200
08/04/2004,NQA,TN,ASO,CE,Federal Contract Tower,0,0,13,25,38,0,0,23,15,38,0,0,36,40,76,28,170,198,274
08/05/2004,NQA,TN,ASO,CE,Federal Contract Tower,0,0,16,31,47,0,0,0,10,10,0,0,16,41,57,16,62,78,135
08/06/2004,NQA,TN,ASO,CE,Federal Contract Tower,0,0,16,37,53,0,0,18,16,34,0,0,34,53,87,50,206,256,343
08/07/2004,NQA,TN,ASO,CE,Federal Contract Tower,0,0,5,10,15,0,0,46,0,46,0,0,51,10,61,70,6,76,137
08/08/2004,NQA,TN,ASO,CE,Federal Contract Tower,0,0,7,13,20,0,0,27,0,27,0,0,34,13,47,2,0,2,49
08/09/2004,NQA,TN,ASO,CE,Federal Contract Tower,0,0,11,21,32,0,0,4,18,22,0,0,15,39,54,14,198,212,266
08/10/2004,NQA,TN,ASO,CE,Federal Contract Tower,0,0,12,26,38,0,0,24,9,33,0,0,36,35,71,12,192,204,275
08/11/2004,NQA,TN,ASO,CE,Federal Contract Tower,0,0,4,8,12,0,0,15,9,24,0,0,19,17,36,10,82,92,128
08/12/2004,NQA,TN,ASO,CE,Federal Contract Tower,0,0,16,36,52,0,0,16,32,48,0,0,32,68,100,20,290,310,410
08/13/2004,NQA,TN,ASO,CE,Federal Contract Tower,0,0,8,20,28,0,0,36,14,50,0,0,44,34,78,14,100,114,192
08/14/2004,NQA,TN,ASO,CE,Federal Contract Tower,0,0,4,5,9,0,0,39,0,39,0,0,43,5,48,18,12,30,78
08/15/2004,NQA,TN,ASO,CE,Federal Contract Tower,0,0,3,6,9,0,0,22,0,22,0,0,25,6,31,36,0,36,67
08/16/2004,NQA,TN,ASO,CE,Federal Contract Tower,0,0,5,8,13,0,0,17,0,17,0,0,22,8,30,8,28,36,66
08/17/2004,NQA,TN,ASO,CE,Federal Contract Tower,0,0,11,26,37,0,0,12,14,26,0,0,23,40,63,62,164,226,289
08/18/2004,NQA,TN,ASO,CE,Federal Contract Tower,0,0,6,14,20,0,0,28,8,36,0,0,34,22,56,46,106,152,208
08/19/2004,NQA,TN,ASO,CE,Federal Contract Tower,0,0,11,27,38,0,0,43,14,57,0,0,54,41,95,32,142,174,269
08/20/2004,NQA,TN,ASO,CE,Federal Contract Tower,0,0,6,5,11,0,5,19,0,24,0,5,25,5,35,4,4,8,43
08/21/2004,NQA,TN,ASO,CE,Federal Contract Tower,0,0,5,8,13,0,0,21,0,21,0,0,26,8,34,34,2,36,70
08/22/2004,NQA,TN,ASO,CE,Federal Contract Tower,0,0,4,4,8,0,2,24,0,26,0,2,28,4,34,2,0,2,36
08/23/2004,NQA,TN,ASO,CE,Federal Contract Tower,0,0,18,40,58,0,0,6,29,35,0,0,24,69,93,10,258,268,361
08/24/2004,NQA,TN,ASO,CE,Federal Contract Tower,0,0,5,14,19,0,0,8,4,12,0,0,13,18,31,8,44,52,83
08/25/2004,NQA,TN,ASO,CE,Federal Contract Tower,0,0,17,39,56,0,0,7,5,12,0,0,24,44,68,8,106,114,182
08/26/2004,NQA,TN,ASO,CE,Federal Contract Tower,0,0,11,26,37,0,0,21,0,21,0,0,32,26,58,22,136,158,216
08/27/2004,NQA,TN,ASO,CE,Federal Contract Tower,0,0,7,18,25,0,0,20,3,23,0,0,27,21,48,24,80,104,152
08/28/2004,NQA,TN,ASO,CE,Federal Contract Tower,0,0,1,0,1,0,0,7,0,7,0,0,8,0,8,2,0,2,10
08/29/2004,NQA,TN,ASO,CE,Federal Contract Tower,0,0,4,4,8,0,0,14,0,14,0,0,18,4,22,22,0,22,44
08/30/2004,NQA,TN,ASO,CE,Federal Contract Tower,0,0,5,4,9,0,0,21,0,21,0,0,26,4,30,12,4,16,46
08/31/2004,NQA,TN,ASO,CE,Federal Contract Tower,0,0,9,20,29,0,0,21,0,21,0,0,30,20,50,26,102,128,178
09/01/2004,NQA,TN,ASO,CE,Federal Contract Tower,0,0,13,40,53,0,0,25,2,27,0,0,38,42,80,54,94,148,228
09/02/2004,NQA,TN,ASO,CE,Federal Contract Tower,0,0,5,12,17,0,0,49,0,49,0,0,54,12,66,42,82,124,190
09/03/2004,NQA,TN,ASO,CE,Federal Contract Tower,0,0,11,22,33,0,0,33,0,33,0,0,44,22,66,36,40,76,142
09/04/2004,NQA,TN,ASO,CE,Federal Contract Tower,0,0,3,10,13,0,0,17,0,17,0,0,20,10,30,16,0,16,46
09/05/2004,NQA,TN,ASO,CE,Federal Contract Tower,0,0,3,2,5,0,0,28,0,28,0,0,31,2,33,22,2,24,57
09/06/2004,NQA,TN,ASO,CE,Federal Contract Tower,0,0,6,17,23,0,0,26,0,26,0,0,32,17,49,56,22,78,127
09/07/2004,NQA,TN,ASO,CE,Federal Contract Tower,0,0,17,46,63,0,0,19,16,35,0,0,36,62,98,28,222,250,348
09/08/2004,NQA,TN,ASO,CE,Federal Contract Tower,0,0,3,8,11,0,0,31,1,32,0,0,34,9,43,54,42,96,139
09/09/2004,NQA,TN,ASO,CE,Federal Contract Tower,0,0,7,20,27,0,0,20,12,32,0,0,27,32,59,20,158,178,237
09/10/2004,NQA,TN,ASO,CE,Federal Contract Tower,0,0,11,32,43,0,2,18,11,31,0,2,29,43,74,28,214,242,316
09/11/2004,NQA,TN,ASO,CE,Federal Contract Tower,0,0,5,0,5,2,2,49,0,53,2,2,54,0,58,44,0,44,102
09/12/2004,NQA,TN,ASO,CE,Federal Contract Tower,0,0,4,2,6,0,0,31,0,31,0,0,35,2,37,32,0,32,69
09/13/2004,NQA,TN,ASO,CE,Federal Contract Tower,0,0,22,119,141,0,0,0,89,89,0,0,22,208,230,0,176,176,406
09/14/2004,NQA,TN,ASO,CE,Federal Contract Tower,0,0,19,54,73,0,0,14,17,31,0,0,33,71,104,32,28,60,164
09/15/2004,NQA,TN,ASO,CE,Federal Contract Tower,0,0,12,35,47,0,0,22,22,44,0,0,34,57,91,32,132,164,255
09/16/2004,NQA,TN,ASO,CE,Federal Contract Tower,0,0,5,9,14,0,0,20,0,20,0,0,25,9,34,14,2,16,50
09/17/2004,NQA,TN,ASO,CE,Federal Contract Tower,0,0,8,22,30,0,0,5,4,9,0,0,13,26,39,0,60,60,99
09/18/2004,NQA,TN,ASO,CE,Federal Contract Tower,0,0,8,24,32,0,0,26,21,47,0,0,34,45,79,86,160,246,325
09/19/2004,NQA,TN,ASO,CE,Federal Contract Tower,0,0,5,11,16,0,0,41,0,41,0,0,46,11,57,12,0,12,69
09/20/2004,NQA,TN,ASO,CE,Federal Contract Tower,0,0,7,23,30,0,0,31,2,33,0,0,38,25,63,36,126,162,225
09/21/2004,NQA,TN,ASO,CE,Federal Contract Tower,0,0,6,19,25,0,0,19,8,27,0,0,25,27,52,4,164,168,220
09/22/2004,NQA,TN,ASO,CE,Federal Contract Tower,0,0,8,24,32,0,0,12,11,23,0,0,20,35,55,2,100,102,157
09/23/2004,NQA,TN,ASO,CE,Federal Contract Tower,0,0,8,25,33,0,0,16,0,16,0,0,24,25,49,22,96,118,167
09/24/2004,NQA,TN,ASO,CE,Federal Contract Tower,0,0,13,39,52,0,0,19,15,34,0,0,32,54,86,12,206,218,304
09/25/2004,NQA,TN,ASO,CE,Federal Contract Tower,0,0,7,21,28,0,0,37,22,59,0,0,44,43,87,64,0,64,151
09/26/2004,NQA,TN,ASO,CE,Federal Contract Tower,0,0,4,12,16,0,0,34,13,47,0,0,38,25,63,4,0,4,67
09/27/2004,NQA,TN,ASO,CE,Federal Contract Tower,0,0,6,21,27,0,0,22,29,51,0,0,28,50,78,10,120,130,208
09/28/2004,NQA,TN,ASO,CE,Federal Contract Tower,0,0,9,29,38,0,1,26,32,59,0,1,35,61,97,12,162,174,271
09/29/2004,NQA,TN,ASO,CE,Federal Contract Tower,0,0,31,94,125,0,0,5,19,24,0,0,36,113,149,26,12,38,187
09/30/2004,NQA,TN,ASO,CE,Federal Contract Tower,0,0,3,11,14,0,0,36,1,37,0,0,39,12,51,52,24,76,127
10/01/2004,NQA,TN,ASO,CE,Federal Contract Tower,1,0,14,48,63,0,0,20,0,20,1,0,34,48,83,0,130,130,213
10/02/2004,NQA,TN,ASO,CE,Federal Contract Tower,1,0,2,0,3,0,0,15,0,15,1,0,17,0,18,0,0,0,18
10/03/2004,NQA,TN,ASO,CE,Federal Contract Tower,0,0,9,3,12,0,0,25,1,26,0,0,34,4,38,18,2,20,58
10/04/2004,NQA,TN,ASO,CE,Federal Contract Tower,0,0,8,16,24,0,0,18,4,22,0,0,26,20,46,24,58,82,128
10/05/2004,NQA,TN,ASO,CE,Federal Contract Tower,0,0,9,8,17,0,0,15,0,15,0,0,24,8,32,12,40,52,84
10/06/2004,NQA,TN,ASO,CE,Federal Contract Tower,0,4,8,6,18,0,0,20,3,23,0,4,28,9,41,56,64,120,161
10/07/2004,NQA,TN,ASO,CE,Federal Contract Tower,0,0,3,15,18,0,0,22,4,26,0,0,25,19,44,22,122,144,188
10/08/2004,NQA,TN,ASO,CE,Federal Contract Tower,0,0,8,22,30,0,0,17,4,21,0,0,25,26,51,0,172,172,223
10/09/2004,NQA,TN,ASO,CE,Federal Contract Tower,0,0,2,10,12,0,0,4,1,5,0,0,6,11,17,0,2,2,19
10/10/2004,NQA,TN,ASO,CE,Federal Contract Tower,0,0,3,6,9,0,0,5,0,5,0,0,8,6,14,28,0,28,42
10/11/2004,NQA,TN,ASO,CE,Federal Contract Tower,0,0,4,5,9,0,0,1,0,1,0,0,5,5,10,0,0,0,10
10/12/2004,NQA,TN,ASO,CE,Federal Contract Tower,0,0,7,43,50,0,0,1,6,7,0,0,8,49,57,2,88,90,147
10/13/2004,NQA,TN,ASO,CE,Federal Contract Tower,0,0,6,20,26,0,0,15,6,21,0,0,21,26,47,28,102,130,177
10/14/2004,NQA,TN,ASO,CE,Federal Contract Tower,0,0,11,8,19,0,0,6,3,9,0,0,17,11,28,0,36,36,64
10/15/2004,NQA,TN,ASO,CE,Federal Contract Tower,0,0,13,17,30,0,0,26,6,32,0,0,39,23,62,10,136,146,208
10/16/2004,NQA,TN,ASO,CE,Federal Contract Tower,0,0,13,22,35,0,0,30,9,39,0,0,43,31,74,34,26,60,134
10/17/2004,NQA,TN,ASO,CE,Federal Contract Tower,0,0,5,7,12,0,0,25,1,26,0,0,30,8,38,18,0,18,56
10/18/2004,NQA,TN,ASO,CE,Federal Contract Tower,0,0,4,4,8,0,0,2,2,4,0,0,6,6,12,0,36,36,48
10/19/2004,NQA,TN,ASO,CE,Federal Contract Tower,0,0,6,29,35,0,0,10,1,11,0,0,16,30,46,0,110,110,156
10/20/2004,NQA,TN,ASO,CE,Federal Contract Tower,0,0,20,15,35,0,0,2,0,2,0,0,22,15,37,0,0,0,37
10/21/2004,NQA,TN,ASO,CE,Federal Contract Tower,4,0,19,12,35,0,0,8,2,10,4,0,27,14,45,2,0,2,47
10/22/2004,NQA,TN,ASO,CE,Federal Contract Tower,0,0,10,6,16,0,0,42,18,60,0,0,52,24,76,18,94,112,188
10/23/2004,NQA,TN,ASO,CE,Federal Contract Tower,5,0,24,3,32,0,0,3,1,4,5,0,27,4,36,0,38,38,74
10/24/2004,NQA,TN,ASO,CE,Federal Contract Tower,0,0,10,6,16,0,0,34,0,34,0,0,44,6,50,42,6,48,98
10/25/2004,NQA,TN,ASO,CE,Federal Contract Tower,0,0,6,19,25,0,0,20,4,24,0,0,26,23,49,46,144,190,239
10/26/2004,NQA,TN,ASO,CE,Federal Contract Tower,0,0,6,28,34,0,0,19,8,27,0,0,25,36,61,38,146,184,245
10/27/2004,NQA,TN,ASO,CE,Federal Contract Tower,0,0,8,19,27,0,0,13,9,22,0,0,21,28,49,12,114,126,175
10/28/2004,NQA,TN,ASO,CE,Federal Contract Tower,4,0,5,24,33,0,0,10,4,14,4,0,15,28,47,24,170,194,241
10/29/2004,NQA,TN,ASO,CE,Federal Contract Tower,2,0,9,60,71,0,0,16,17,33,2,0,25,77,104,10,332,342,446
10/30/2004,NQA,TN,ASO,CE,Federal Contract Tower,0,0,5,2,7,0,0,21,1,22,0,0,26,3,29,40,0,40,69
10/31/2004,NQA,TN,ASO,CE,Federal Contract Tower,8,0,6,4,18,0,0,14,0,14,8,0,20,4,32,12,0,12,44
11/01/2004,NQA,TN,ASO,CE,Federal Contract Tower,0,0,4,8,12,0,0,13,2,15,0,0,17,10,27,4,64,68,95
11/02/2004,NQA,TN,ASO,CE,Federal Contract Tower,0,0,6,0,6,0,0,2,0,2,0,0,8,0,8,2,0,2,10
11/03/2004,NQA,TN,ASO,CE,Federal Contract Tower,0,0,10,18,28,0,0,0,0,0,0,0,10,18,28,0,0,0,28
11/04/2004,NQA,TN,ASO,CE,Federal Contract Tower,0,0,12,36,48,0,0,12,1,13,0,0,24,37,61,0,66,66,127
11/05/2004,NQA,TN,ASO,CE,Federal Contract Tower,0,0,22,42,64,0,0,42,12,54,0,0,64,54,118,26,222,248,366
11/06/2004,NQA,TN,ASO,CE,Federal Contract Tower,0,0,15,9,24,0,0,34,0,34,0,0,49,9,58,22,28,50,108
11/07/2004,NQA,TN,ASO,CE,Federal Contract Tower,0,0,9,5,14,0,0,37,0,37,0,0,46,5,51,20,12,32,83
11/08/2004,NQA,TN,ASO,CE,Federal Contract Tower,0,0,5,36,41,0,0,14,7,21,0,0,19,43,62,8,128,136,198
11/09/2004,NQA,TN,ASO,CE,Federal Contract Tower,0,0,7,32,39,0,0,23,4,27,0,0,30,36,66,6,128,134,200
11/10/2004,NQA,TN,ASO,CE,Federal Contract Tower,0,0,4,17,21,0,0,10,4,14,0,0,14,21,35,6,94,100,135
11/11/2004,NQA,TN,ASO,CE,Federal Contract Tower,0,0,3,1,4,0,0,1,0,1,0,0,4,1,5,0,0,0,5
11/12/2004,NQA,TN,ASO,CE,Federal Contract Tower,0,0,11,3,14,0,0,9,0,9,0,0,20,3,23,0,0,0,23
11/13/2004,NQA,TN,ASO,CE,Federal Contract Tower,0,0,6,0,6,0,0,18,0,18,0,0,24,0,24,22,0,22,46
11/14/2004,NQA,TN,ASO,CE,Federal Contract Tower,0,0,6,0,6,0,0,20,0,20,0,0,26,0,26,2,0,2,28
11/15/2004,NQA,TN,ASO,CE,Federal Contract Tower,0,2,13,26,41,0,0,12,2,14,0,2,25,28,55,6,136,142,197
11/16/2004,NQA,TN,ASO,CE,Federal Contract Tower,0,0,4,24,28,0,0,10,9,19,0,0,14,33,47,0,164,164,211
11/17/2004,NQA,TN,ASO,CE,Federal Contract Tower,0,0,3,40,43,0,0,23,5,28,0,0,26,45,71,10,236,246,317
11/18/2004,NQA,TN,ASO,CE,Federal Contract Tower,0,0,4,13,17,0,0,5,1,6,0,0,9,14,23,2,36,38,61
11/19/2004,NQA,TN,ASO,CE,Federal Contract Tower,0,0,7,12,19,0,0,0,0,0,0,0,7,12,19,0,0,0,19
11/20/2004,NQA,TN,ASO,CE,Federal Contract Tower,0,0,6,5,11,0,0,3,0,3,0,0,9,5,14,14,6,20,34
11/21/2004,NQA,TN,ASO,CE,Federal Contract Tower,0,0,14,8,22,0,0,1,0,1,0,0,15,8,23,0,0,0,23
11/22/2004,NQA,TN,ASO,CE,Federal Contract Tower,0,0,15,0,15,0,0,0,0,0,0,0,15,0,15,4,0,4,19
11/23/2004,NQA,TN,ASO,CE,Federal Contract Tower,0,0,0,22,22,0,0,6,1,7,0,0,6,23,29,0,38,38,67
11/24/2004,NQA,TN,ASO,CE,Federal Contract Tower,0,0,6,2,8,0,0,0,1,1,0,0,6,3,9,0,40,40,49
11/25/2004,NQA,TN,ASO,CE,Federal Contract Tower,0,0,3,0,3,0,0,17,0,17,0,0,20,0,20,2,0,2,22
11/26/2004,NQA,TN,ASO,CE,Federal Contract Tower,0,0,11,0,11,0,0,31,0,31,0,0,42,0,42,74,0,74,116
11/27/2004,NQA,TN,ASO,CE,Federal Contract Tower,0,0,2,0,2,0,0,0,0,0,0,0,2,0,2,0,0,0,2
11/28/2004,NQA,TN,ASO,CE,Federal Contract Tower,0,0,21,0,21,0,0,18,0,18,0,0,39,0,39,26,0,26,65
11/29/2004,NQA,TN,ASO,CE,Federal Contract Tower,0,0,0,8,8,0,0,5,1,6,0,0,5,9,14,0,50,50,64
11/30/2004,NQA,TN,ASO,CE,Federal Contract Tower,0,0,1,2,3,0,0,1,1,2,0,0,2,3,5,0,0,0,5
12/01/2004,NQA,TN,ASO,CE,Federal Contract Tower,0,0,18,21,39,0,0,24,12,36,0,0,42,33,75,26,190,216,291
12/02/2004,NQA,TN,ASO,CE,Federal Contract Tower,0,0,7,16,23,0,0,22,7,29,0,0,29,23,52,0,108,108,160
12/03/2004,NQA,TN,ASO,CE,Federal Contract Tower,0,0,14,22,36,0,0,34,6,40,0,0,48,28,76,46,126,172,248
12/04/2004,NQA,TN,ASO,CE,Federal Contract Tower,0,0,8,13,21,0,0,24,3,27,0,0,32,16,48,30,54,84,132
12/05/2004,NQA,TN,ASO,CE,Federal Contract Tower,0,0,10,5,15,0,0,6,0,6,0,0,16,5,21,2,0,2,23
12/06/2004,NQA,TN,ASO,CE,Federal Contract Tower,0,0,15,9,24,0,0,1,0,1,0,0,16,9,25,0,0,0,25
12/07/2004,NQA,TN,ASO,CE,Federal Contract Tower,0,2,20,9,31,0,0,10,8,18,0,2,30,17,49,30,176,206,255
12/08/2004,NQA,TN,ASO,CE,Federal Contract Tower,0,0,14,37,51,0,0,27,16,43,0,0,41,53,94,64,194,258,352
12/09/2004,NQA,TN,ASO,CE,Federal Contract Tower,0,0,4,21,25,0,0,12,2,14,0,0,16,23,39,24,76,100,139
12/10/2004,NQA,TN,ASO,CE,Federal Contract Tower,0,0,29,41,70,0,0,5,12,17,0,0,34,53,87,0,242,242,329
12/11/2004,NQA,TN,ASO,CE,Federal Contract Tower,0,0,28,0,28,0,0,4,0,4,0,0,32,0,32,10,0,10,42
12/12/2004,NQA,TN,ASO,CE,Federal Contract Tower,4,0,6,4,14,0,0,25,2,27,4,0,31,6,41,30,8,38,79
12/13/2004,NQA,TN,ASO,CE,Federal Contract Tower,0,2,8,12,22,0,0,13,5,18,0,2,21,17,40,2,24,26,66
12/14/2004,NQA,TN,ASO,CE,Federal Contract Tower,0,0,15,10,25,0,0,12,5,17,0,0,27,15,42,12,92,104,146
12/15/2004,NQA,TN,ASO,CE,Federal Contract Tower,0,0,10,28,38,0,0,22,7,29,0,0,32,35,67,18,114,132,199
12/16/2004,NQA,TN,ASO,CE,Federal Contract Tower,0,0,10,24,34,0,0,23,0,23,0,0,33,24,57,4,60,64,121
12/17/2004,NQA,TN,ASO,CE,Federal Contract Tower,0,0,6,27,33,0,0,22,3,25,0,0,28,30,58,2,100,102,160
12/18/2004,NQA,TN,ASO,CE,Federal Contract Tower,0,0,11,1,12,0,0,30,1,31,0,0,41,2,43,32,10,42,85
12/19/2004,NQA,TN,ASO,CE,Federal Contract Tower,0,0,1,2,3,0,0,5,0,5,0,0,6,2,8,0,0,0,8
12/20/2004,NQA,TN,ASO,CE,Federal Contract Tower,0,0,8,8,16,0,0,13,0,13,0,0,21,8,29,0,50,50,79
12/21/2004,NQA,TN,ASO,CE,Federal Contract Tower,0,0,8,11,19,0,0,5,6,11,0,0,13,17,30,2,86,88,118
12/22/2004,NQA,TN,ASO,CE,Federal Contract Tower,0,0,0,1,1,0,0,0,0,0,0,0,0,1,1,0,0,0,1
12/23/2004,NQA,TN,ASO,CE,Federal Contract Tower,0,0,1,0,1,0,0,6,0,6,0,0,7,0,7,0,0,0,7
12/24/2004,NQA,TN,ASO,CE,Federal Contract Tower,0,0,0,0,0,0,0,6,0,6,0,0,6,0,6,0,0,0,6
12/25/2004,NQA,TN,ASO,CE,Federal Contract Tower,0,0,0,0,0,0,0,6,0,6,0,0,6,0,6,0,0,0,6
12/26/2004,NQA,TN,ASO,CE,Federal Contract Tower,0,0,2,0,2,0,0,3,0,3,0,0,5,0,5,0,0,0,5
12/27/2004,NQA,TN,ASO,CE,Federal Contract Tower,0,0,1,0,1,0,0,8,0,8,0,0,9,0,9,0,0,0,9
12/28/2004,NQA,TN,ASO,CE,Federal Contract Tower,0,0,4,0,4,0,0,11,0,11,0,0,15,0,15,16,0,16,31
12/29/2004,NQA,TN,ASO,CE,Federal Contract Tower,0,0,7,12,19,0,0,17,4,21,0,0,24,16,40,10,44,54,94
12/30/2004,NQA,TN,ASO,CE,Federal Contract Tower,0,0,6,0,6,0,0,8,0,8,0,0,14,0,14,0,0,0,14
12/31/2004,NQA,TN,ASO,CE,Federal Contract Tower,2,0,17,0,19,0,0,5,0,5,2,0,22,0,24,0,0,0,24
01/01/2005,NQA,TN,ASO,CE,Federal Contract Tower,0,0,6,0,6,0,0,18,0,18,0,0,24,0,24,6,0,6,30
01/02/2005,NQA,TN,ASO,CE,Federal Contract Tower,0,0,7,0,7,0,0,2,0,2,0,0,9,0,9,0,0,0,9
01/03/2005,NQA,TN,ASO,CE,Federal Contract Tower,0,0,0,0,0,0,0,4,0,4,0,0,4,0,4,6,0,6,10
01/04/2005,NQA,TN,ASO,CE,Federal Contract Tower,0,0,7,25,32,0,0,0,2,2,0,0,7,27,34,0,26,26,60
01/05/2005,NQA,TN,ASO,CE,Federal Contract Tower,4,0,6,31,41,0,0,3,7,10,4,0,9,38,51,0,84,84,135
01/06/2005,NQA,TN,ASO,CE,Federal Contract Tower,0,0,4,12,16,0,0,13,2,15,0,0,17,14,31,0,98,98,129
01/07/2005,NQA,TN,ASO,CE,Federal Contract Tower,0,0,8,2,10,0,0,0,0,0,0,0,8,2,10,0,0,0,10
01/08/2005,NQA,TN,ASO,CE,Federal Contract Tower,0,0,12,13,25,0,0,7,2,9,0,0,19,15,34,14,84,98,132
01/09/2005,NQA,TN,ASO,CE,Federal Contract Tower,0,0,7,5,12,0,0,23,0,23,0,0,30,5,35,10,0,10,45
01/10/2005,NQA,TN,ASO,CE,Federal Contract Tower,0,0,10,47,57,0,0,2,0,2,0,0,12,47,59,0,26,26,85
01/11/2005,NQA,TN,ASO,CE,Federal Contract Tower,0,0,6,21,27,0,0,3,0,3,0,0,9,21,30,0,16,16,46
01/12/2005,NQA,TN,ASO,CE,Federal Contract Tower,0,0,8,15,23,0,0,8,3,11,0,0,16,18,34,0,96,96,130
01/13/2005,NQA,TN,ASO,CE,Federal Contract Tower,0,0,10,3,13,0,0,6,0,6,0,0,16,3,19,2,0,2,21
01/14/2005,NQA,TN,ASO,CE,Federal Contract Tower,0,0,17,25,42,0,0,14,8,22,0,0,31,33,64,18,156,174,238
01/15/2005,NQA,TN,ASO,CE,Federal Contract Tower,0,0,10,4,14,0,0,50,1,51,0,0,60,5,65,46,10,56,121
01/16/2005,NQA,TN,ASO,CE,Federal Contract Tower,0,0,2,7,9,0,0,12,2,14,0,0,14,9,23,12,16,28,51
01/17/2005,NQA,TN,ASO,CE,Federal Contract Tower,0,0,6,6,12,0,0,24,0,24,0,0,30,6,36,10,0,10,46
01/18/2005,NQA,TN,ASO,CE,Federal Contract Tower,0,0,5,19,24,0,0,21,3,24,0,0,26,22,48,16,72,88,136
01/19/2005,NQA,TN,ASO,CE,Federal Contract Tower,0,0,17,13,30,0,0,14,3,17,0,0,31,16,47,4,68,72,119
01/20/2005,NQA,TN,ASO,CE,Federal Contract Tower,0,0,11,36,47,0,0,24,10,34,0,0,35,46,81,58,250,308,389
01/21/2005,NQA,TN,ASO,CE,Federal Contract Tower,0,0,12,39,51,0,0,30,4,34,0,0,42,43,85,68,154,222,307
01/22/2005,NQA,TN,ASO,CE,Federal Contract Tower,0,0,0,2,2,0,0,2,0,2,0,0,2,2,4,0,0,0,4
01/23/2005,NQA,TN,ASO,CE,Federal Contract Tower,0,0,2,3,5,0,0,17,0,17,0,0,19,3,22,18,0,18,40
01/24/2005,NQA,TN,ASO,CE,Federal Contract Tower,0,0,10,27,37,0,0,12,9,21,0,0,22,36,58,30,156,186,244
01/25/2005,NQA,TN,ASO,CE,Federal Contract Tower,0,0,7,39,46,0,0,12,12,24,0,0,19,51,70,8,208,216,286
01/26/2005,NQA,TN,ASO,CE,Federal Contract Tower,0,0,16,7,23,0,0,15,0,15,0,0,31,7,38,18,12,30,68
01/27/2005,NQA,TN,ASO,CE,Federal Contract Tower,0,0,13,23,36,0,0,12,6,18,0,0,25,29,54,24,108,132,186
01/28/2005,NQA,TN,ASO,CE,Federal Contract Tower,0,0,3,30,33,0,0,12,10,22,0,0,15,40,55,12,244,256,311
01/29/2005,NQA,TN,ASO,CE,Federal Contract Tower,0,0,2,2,4,0,0,0,0,0,0,0,2,2,4,0,0,0,4
01/30/2005,NQA,TN,ASO,CE,Federal Contract Tower,0,0,6,5,11,0,0,2,0,2,0,0,8,5,13,0,0,0,13
01/31/2005,NQA,TN,ASO,CE,Federal Contract Tower,0,0,3,20,23,0,0,3,0,3,0,0,6,20,26,0,30,30,56
02/01/2005,NQA,TN,ASO,CE,Federal Contract Tower,0,0,13,8,21,0,0,6,0,6,0,0,19,8,27,6,0,6,33
02/02/2005,NQA,TN,ASO,CE,Federal Contract Tower,0,0,11,0,11,0,0,0,0,0,0,0,11,0,11,0,0,0,11
02/03/2005,NQA,TN,ASO,CE,Federal Contract Tower,0,0,8,10,18,0,0,4,0,4,0,0,12,10,22,10,8,18,40
02/04/2005,NQA,TN,ASO,CE,Federal Contract Tower,0,0,4,22,26,0,1,26,33,60,0,1,30,55,86,6,190,196,282
02/05/2005,NQA,TN,ASO,CE,Federal Contract Tower,0,0,6,0,6,0,0,39,4,43,0,0,45,4,49,54,0,54,103
02/06/2005,NQA,TN,ASO,CE,Federal Contract Tower,0,0,4,8,12,0,0,18,3,21,0,0,22,11,33,40,46,86,119
02/07/2005,NQA,TN,ASO,CE,Federal Contract Tower,0,0,7,6,13,0,0,0,0,0,0,0,7,6,13,0,0,0,13
02/08/2005,NQA,TN,ASO,CE,Federal Contract Tower,0,0,5,0,5,0,0,1,0,1,0,0,6,0,6,0,0,0,6
02/09/2005,NQA,TN,ASO,CE,Federal Contract Tower,0,0,9,10,19,0,0,3,0,3,0,0,12,10,22,0,0,0,22
02/10/2005,NQA,TN,ASO,CE,Federal Contract Tower,2,2,10,23,37,0,1,26,0,27,2,3,36,23,64,20,104,124,188
02/11/2005,NQA,TN,ASO,CE,Federal Contract Tower,0,0,19,33,52,0,0,38,6,44,0,0,57,39,96,42,100,142,238
02/12/2005,NQA,TN,ASO,CE,Federal Contract Tower,0,0,22,12,34,0,0,39,1,40,0,0,61,13,74,54,54,108,182
02/13/2005,NQA,TN,ASO,CE,Federal Contract Tower,0,0,7,3,10,0,0,0,0,0,0,0,7,3,10,0,0,0,10
02/14/2005,NQA,TN,ASO,CE,Federal Contract Tower,0,0,4,20,24,0,0,9,10,19,0,0,13,30,43,0,182,182,225
02/15/2005,NQA,TN,ASO,CE,Federal Contract Tower,0,0,6,21,27,0,0,27,10,37,0,0,33,31,64,40,180,220,284
02/16/2005,NQA,TN,ASO,CE,Federal Contract Tower,0,0,11,17,28,0,0,27,9,36,0,0,38,26,64,28,144,172,236
02/17/2005,NQA,TN,ASO,CE,Federal Contract Tower,0,0,11,27,38,0,0,27,6,33,0,0,38,33,71,12,176,188,259
02/18/2005,NQA,TN,ASO,CE,Federal Contract Tower,0,0,12,23,35,0,4,29,4,37,0,4,41,27,72,40,126,166,238
02/19/2005,NQA,TN,ASO,CE,Federal Contract Tower,0,0,1,2,3,0,0,21,0,21,0,0,22,2,24,28,0,28,52
02/20/2005,NQA,TN,ASO,CE,Federal Contract Tower,0,0,15,0,15,0,0,0,0,0,0,0,15,0,15,0,0,0,15
02/21/2005,NQA,TN,ASO,CE,Federal Contract Tower,0,0,11,8,19,0,0,18,0,18,0,0,29,8,37,24,10,34,71
02/22/2005,NQA,TN,ASO,CE,Federal Contract Tower,0,0,11,37,48,0,1,8,5,14,0,1,19,42,62,12,44,56,118
02/23/2005,NQA,TN,ASO,CE,Federal Contract Tower,0,0,7,18,25,0,0,7,4,11,0,0,14,22,36,6,78,84,120
02/24/2005,NQA,TN,ASO,CE,Federal Contract Tower,0,0,13,33,46,0,1,6,2,9,0,1,19,35,55,20,40,60,115
02/25/2005,NQA,TN,ASO,CE,Federal Contract Tower,0,0,12,17,29,0,1,29,2,32,0,1,41,19,61,58,26,84,145
02/26/2005,NQA,TN,ASO,CE,Federal Contract Tower,0,0,7,5,12,0,0,39,1,40,0,0,46,6,52,46,10,56,108
02/27/2005,NQA,TN,ASO,CE,Federal Contract Tower,0,0,7,7,14,0,0,9,2,11,0,0,16,9,25,12,0,12,37
02/28/2005,NQA,TN,ASO,CE,Federal Contract Tower,0,0,8,16,24,0,0,16,0,16,0,0,24,16,40,2,64,66,106
03/01/2005,NQA,TN,ASO,CE,Federal Contract Tower,0,0,5,35,40,0,2,15,3,20,0,2,20,38,60,0,102,102,162
03/02/2005,NQA,TN,ASO,CE,Federal Contract Tower,0,0,11,17,28,0,1,35,5,41,0,1,46,22,69,8,88,96,165
03/03/2005,NQA,TN,ASO,CE,Federal Contract Tower,0,0,11,22,33,0,4,29,3,36,0,4,40,25,69,24,86,110,179
03/04/2005,NQA,TN,ASO,CE,Federal Contract Tower,0,0,7,49,56,0,2,41,6,49,0,2,48,55,105,18,230,248,353
03/05/2005,NQA,TN,ASO,CE,Federal Contract Tower,0,0,5,14,19,0,4,18,0,22,0,4,23,14,41,22,44,66,107
03/06/2005,NQA,TN,ASO,CE,Federal Contract Tower,0,0,12,4,16,0,0,19,4,23,0,0,31,8,39,4,0,4,43
03/07/2005,NQA,TN,ASO,CE,Federal Contract Tower,0,0,5,10,15,0,1,3,0,4,0,1,8,10,19,0,10,10,29
03/08/2005,NQA,TN,ASO,CE,Federal Contract Tower,0,0,7,37,44,0,6,17,8,31,0,6,24,45,75,20,164,184,259
03/09/2005,NQA,TN,ASO,CE,Federal Contract Tower,0,0,5,4,9,0,0,1,0,1,0,0,6,4,10,0,0,0,10
03/10/2005,NQA,TN,ASO,CE,Federal Contract Tower,0,0,4,19,23,0,1,9,0,10,0,1,13,19,33,0,0,0,33
03/11/2005,NQA,TN,ASO,CE,Federal Contract Tower,0,5,10,3,18,0,5,15,0,20,0,10,25,3,38,4,8,12,50
03/12/2005,NQA,TN,ASO,CE,Federal Contract Tower,6,0,3,0,9,0,0,14,0,14,6,0,17,0,23,16,0,16,39
03/13/2005,NQA,TN,ASO,CE,Federal Contract Tower,0,0,7,7,14,0,0,32,1,33,0,0,39,8,47,0,0,0,47
03/14/2005,NQA,TN,ASO,CE,Federal Contract Tower,0,0,14,11,25,0,3,31,4,38,0,3,45,15,63,38,76,114,177
03/15/2005,NQA,TN,ASO,CE,Federal Contract Tower,0,0,4,19,23,0,1,12,1,14,0,1,16,20,37,6,88,94,131
03/16/2005,NQA,TN,ASO,CE,Federal Contract Tower,0,0,3,30,33,0,7,3,5,15,0,7,6,35,48,0,148,148,196
03/17/2005,NQA,TN,ASO,CE,Federal Contract Tower,0,0,2,30,32,0,0,34,6,40,0,0,36,36,72,46,160,206,278
03/18/2005,NQA,TN,ASO,CE,Federal Contract Tower,0,0,9,24,33,0,5,27,2,34,0,5,36,26,67,26,70,96,163
03/19/2005,NQA,TN,ASO,CE,Federal Contract Tower,0,0,13,6,19,0,0,13,2,15,0,0,26,8,34,18,48,66,100
03/20/2005,NQA,TN,ASO,CE,Federal Contract Tower,0,0,13,8,21,0,0,21,0,21,0,0,34,8,42,6,16,22,64
03/21/2005,NQA,TN,ASO,CE,Federal Contract Tower,0,0,4,20,24,0,2,9,10,21,0,2,13,30,45,0,192,192,237
03/22/2005,NQA,TN,ASO,CE,Federal Contract Tower,0,0,8,0,8,0,0,2,0,2,0,0,10,0,10,0,0,0,10
03/23/2005,NQA,TN,ASO,CE,Federal Contract Tower,0,0,4,24,28,0,2,22,3,27,0,2,26,27,55,28,144,172,227
03/24/2005,NQA,TN,ASO,CE,Federal Contract Tower,0,0,12,19,31,0,1,33,10,44,0,1,45,29,75,18,86,104,179
03/25/2005,NQA,TN,ASO,CE,Federal Contract Tower,0,0,15,23,38,0,3,14,0,17,0,3,29,23,55,0,128,128,183
03/26/2005,NQA,TN,ASO,CE,Federal Contract Tower,0,0,7,0,7,0,0,11,0,11,0,0,18,0,18,12,0,12,30
03/27/2005,NQA,TN,ASO,CE,Federal Contract Tower,0,0,1,2,3,0,0,0,0,0,0,0,1,2,3,0,0,0,3
03/28/2005,NQA,TN,ASO,CE,Federal Contract Tower,0,0,6,5,11,0,0,19,17,36,0,0,25,22,47,20,84,104,151
03/29/2005,NQA,TN,ASO,CE,Federal Contract Tower,0,0,5,27,32,0,2,38,9,49,0,2,43,36,81,18,160,178,259
03/30/2005,NQA,TN,ASO,CE,Federal Contract Tower,0,1,8,3,12,0,0,8,0,8,0,1,16,3,20,0,0,0,20
03/31/2005,NQA,TN,ASO,CE,Federal Contract Tower,0,0,8,15,23,0,0,32,6,38,0,0,40,21,61,26,92,118,179
04/01/2005,NQA,TN,ASO,CE,Federal Contract Tower,0,0,4,9,13,0,0,4,2,6,0,0,8,11,19,0,20,20,39
04/02/2005,NQA,TN,ASO,CE,Federal Contract Tower,0,0,11,2,13,0,0,15,0,15,0,0,26,2,28,20,0,20,48
04/03/2005,NQA,TN,ASO,CE,Federal Contract Tower,0,0,10,7,17,0,0,33,0,33,0,0,43,7,50,12,6,18,68
04/04/2005,NQA,TN,ASO,CE,Federal Contract Tower,0,1,12,29,42,0,0,10,1,11,0,1,22,30,53,0,126,126,179
04/05/2005,NQA,TN,ASO,CE,Federal Contract Tower,0,0,5,22,27,0,0,15,0,15,0,0,20,22,42,8,72,80,122
04/06/2005,NQA,TN,ASO,CE,Federal Contract Tower,0,0,7,6,13,0,0,0,0,0,0,0,7,6,13,0,0,0,13
04/07/2005,NQA,TN,ASO,CE,Federal Contract Tower,0,0,13,4,17,0,0,0,0,0,0,0,13,4,17,0,6,6,23
04/08/2005,NQA,TN,ASO,CE,Federal Contract Tower,0,0,26,30,56,0,0,3,3,6,0,0,29,33,62,0,52,52,114
04/09/2005,NQA,TN,ASO,CE,Federal Contract Tower,0,0,8,4,12,0,0,27,0,27,0,0,35,4,39,12,0,12,51
04/10/2005,NQA,TN,ASO,CE,Federal Contract Tower,0,0,3,4,7,0,3,9,0,12,0,3,12,4,19,10,0,10,29
04/11/2005,NQA,TN,ASO,CE,Federal Contract Tower,0,0,1,3,4,0,0,0,0,0,0,0,1,3,4,0,0,0,4
04/12/2005,NQA,TN,ASO,CE,Federal Contract Tower,0,0,4,16,20,0,0,17,16,33,0,0,21,32,53,4,84,88,141
04/13/2005,NQA,TN,ASO,CE,Federal Contract Tower,0,0,9,5,14,0,0,5,5,10,0,0,14,10,24,0,20,20,44
04/14/2005,NQA,TN,ASO,CE,Federal Contract Tower,0,0,9,16,25,0,0,26,2,28,0,0,35,18,53,10,98,108,161
04/15/2005,NQA,TN,ASO,CE,Federal Contract Tower,0,0,2,18,20,0,2,21,1,24,0,2,23,19,44,10,114,124,168
04/16/2005,NQA,TN,ASO,CE,Federal Contract Tower,0,0,1,12,13,0,1,28,0,29,0,1,29,12,42,14,12,26,68
04/17/2005,NQA,TN,ASO,CE,Federal Contract Tower,0,0,7,1,8,0,0,26,2,28,0,0,33,3,36,46,6,52,88
04/18/2005,NQA,TN,ASO,CE,Federal Contract Tower,0,0,3,24,27,0,0,11,11,22,0,0,14,35,49,34,208,242,291
04/19/2005,NQA,TN,ASO,CE,Federal Contract Tower,0,0,4,10,14,0,1,19,2,22,0,1,23,12,36,8,34,42,78
04/20/2005,NQA,TN,ASO,CE,Federal Contract Tower,0,0,11,14,25,0,0,18,5,23,0,0,29,19,48,30,106,136,184
04/21/2005,NQA,TN,ASO,CE,Federal Contract Tower,0,0,5,36,41,0,2,12,17,31,0,2,17,53,72,10,252,262,334
04/22/2005,NQA,TN,ASO,CE,Federal Contract Tower,2,0,12,4,18,0,0,10,1,11,2,0,22,5,29,14,22,36,65
04/23/2005,NQA,TN,ASO,CE,Federal Contract Tower,0,0,6,0,6,0,0,5,0,5,0,0,11,0,11,4,0,4,15
04/24/2005,NQA,TN,ASO,CE,Federal Contract Tower,0,0,12,14,26,0,4,6,3,13,0,4,18,17,39,0,4,4,43
04/25/2005,NQA,TN,ASO,CE,Federal Contract Tower,0,0,11,4,15,0,0,28,0,28,0,0,39,4,43,4,28,32,75
04/26/2005,NQA,TN,ASO,CE,Federal Contract Tower,0,0,4,20,24,0,0,6,10,16,0,0,10,30,40,0,162,162,202
04/27/2005,NQA,TN,ASO,CE,Federal Contract Tower,0,0,6,19,25,0,0,21,1,22,0,0,27,20,47,14,84,98,145
04/28/2005,NQA,TN,ASO,CE,Federal Contract Tower,0,0,9,3,12,0,2,8,0,10,0,2,17,3,22,0,0,0,22
04/29/2005,NQA,TN,ASO,CE,Federal Contract Tower,0,0,8,17,25,0,0,0,6,6,0,0,8,23,31,0,78,78,109
04/30/2005,NQA,TN,ASO,CE,Federal Contract Tower,0,0,2,0,2,0,0,4,0,4,0,0,6,0,6,0,0,0,6
05/01/2005,NQA,TN,ASO,CE,Federal Contract Tower,0,0,16,12,28,0,0,28,0,28,0,0,44,12,56,18,0,18,74
05/02/2005,NQA,TN,ASO,CE,Federal Contract Tower,0,0,4,16,20,0,1,13,2,16,0,1,17,18,36,0,58,58,94
05/03/2005,NQA,TN,ASO,CE,Federal Contract Tower,0,0,6,7,13,0,2,18,9,29,0,2,24,16,42,2,86,88,130
05/04/2005,NQA,TN,ASO,CE,Federal Contract Tower,0,0,7,21,28,0,0,24,4,28,0,0,31,25,56,12,92,104,160
05/05/2005,NQA,TN,ASO,CE,Federal Contract Tower,0,0,8,8,16,0,1,16,10,27,0,1,24,18,43,14,66,80,123
05/06/2005,NQA,TN,ASO,CE,Federal Contract Tower,0,4,4,7,15,0,0,29,0,29,0,4,33,7,44,44,0,44,88
05/07/2005,NQA,TN,ASO,CE,Federal Contract Tower,0,0,2,6,8,0,0,15,0,15,0,0,17,6,23,14,0,14,37
05/08/2005,NQA,TN,ASO,CE,Federal Contract Tower,0,0,3,5,8,0,0,10,0,10,0,0,13,5,18,6,6,12,30
05/09/2005,NQA,TN,ASO,CE,Federal Contract Tower,0,0,9,17,26,0,2,17,1,20,0,2,26,18,46,10,50,60,106
05/10/2005,NQA,TN,ASO,CE,Federal Contract Tower,0,0,9,16,25,0,2,8,0,10,0,2,17,16,35,0,44,44,79
05/11/2005,NQA,TN,ASO,CE,Federal Contract Tower,0,0,3,12,15,0,2,17,4,23,0,2,20,16,38,14,86,100,138
05/12/2005,NQA,TN,ASO,CE,Federal Contract Tower,0,0,10,9,19,0,1,12,3,16,0,1,22,12,35,32,118,150,185
05/13/2005,NQA,TN,ASO,CE,Federal Contract Tower,0,0,15,17,32,0,2,15,0,17,0,2,30,17,49,24,24,48,97
05/14/2005,NQA,TN,ASO,CE,Federal Contract Tower,0,0,8,1,9,0,0,28,0,28,0,0,36,1,37,6,0,6,43
05/15/2005,NQA,TN,ASO,CE,Federal Contract Tower,0,0,8,11,19,0,0,11,0,11,0,0,19,11,30,32,2,34,64
05/16/2005,NQA,TN,ASO,CE,Federal Contract Tower,0,0,9,6,15,0,0,34,4,38,0,0,43,10,53,4,44,48,101
05/17/2005,NQA,TN,ASO,CE,Federal Contract Tower,0,0,4,2,6,0,8,15,0,23,0,8,19,2,29,28,6,34,63
05/18/2005,NQA,TN,ASO,CE,Federal Contract Tower,0,0,5,13,18,0,1,28,4,33,0,1,33,17,51,14,96,110,161
05/19/2005,NQA,TN,ASO,CE,Federal Contract Tower,0,0,5,6,11,0,0,20,0,20,0,0,25,6,31,10,84,94,125
05/20/2005,NQA,TN,ASO,CE,Federal Contract Tower,0,2,6,31,39,0,1,17,0,18,0,3,23,31,57,20,60,80,137
05/21/2005,NQA,TN,ASO,CE,Federal Contract Tower,0,0,7,0,7,0,1,45,0,46,0,1,52,0,53,32,0,32,85
05/22/2005,NQA,TN,ASO,CE,Federal Contract Tower,0,0,6,1,7,0,0,8,0,8,0,0,14,1,15,18,0,18,33
05/23/2005,NQA,TN,ASO,CE,Federal Contract Tower,0,0,6,14,20,0,0,13,0,13,0,0,19,14,33,8,60,68,101
05/24/2005,NQA,TN,ASO,CE,Federal Contract Tower,0,1,5,7,13,0,5,28,3,36,0,6,33,10,49,8,20,28,77
05/25/2005,NQA,TN,ASO,CE,Federal Contract Tower,0,0,8,15,23,0,3,13,1,17,0,3,21,16,40,14,126,140,180
05/26/2005,NQA,TN,ASO,CE,Federal Contract Tower,0,0,6,18,24,0,2,31,1,34,0,2,37,19,58,72,120,192,250
05/27/2005,NQA,TN,ASO,CE,Federal Contract Tower,0,0,16,7,23,0,2,24,1,27,0,2,40,8,50,20,52,72,122
05/28/2005,NQA,TN,ASO,CE,Federal Contract Tower,0,0,11,0,11,0,2,20,16,38,0,2,31,16,49,6,54,60,109
05/29/2005,NQA,TN,ASO,CE,Federal Contract Tower,0,0,8,0,8,0,0,11,0,11,0,0,19,0,19,22,0,22,41
05/30/2005,NQA,TN,ASO,CE,Federal Contract Tower,0,0,5,14,19,0,3,41,9,53,0,3,46,23,72,0,16,16,88
05/31/2005,NQA,TN,ASO,CE,Federal Contract Tower,2,1,12,15,30,0,2,17,0,19,2,3,29,15,49,30,58,88,137
06/01/2005,NQA,TN,ASO,CE,Federal Contract Tower,0,0,13,19,32,0,1,7,7,15,0,1,20,26,47,0,162,162,209
06/02/2005,NQA,TN,ASO,CE,Federal Contract Tower,0,4,26,1,31,0,2,4,0,6,0,6,30,1,37,0,0,0,37
06/03/2005,NQA,TN,ASO,CE,Federal Contract Tower,0,1,15,23,39,0,3,15,2,20,0,4,30,25,59,16,20,36,95
06/04/2005,NQA,TN,ASO,CE,Federal Contract Tower,0,0,0,9,9,0,0,20,4,24,0,0,20,13,33,26,56,82,115
06/05/2005,NQA,TN,ASO,CE,Federal Contract Tower,0,0,1,4,5,0,0,17,0,17,0,0,18,4,22,22,0,22,44
06/06/2005,NQA,TN,ASO,CE,Federal Contract Tower,0,0,7,14,21,0,1,7,4,12,0,1,14,18,33,0,74,74,107
06/07/2005,NQA,TN,ASO,CE,Federal Contract Tower,0,0,16,9,25,0,0,18,2,20,0,0,34,11,45,16,42,58,103
06/08/2005,NQA,TN,ASO,CE,Federal Contract Tower,0,0,4,16,20,0,0,18,2,20,0,0,22,18,40,12,32,44,84
06/09/2005,NQA,TN,ASO,CE,Federal Contract Tower,0,0,6,5,11,0,0,21,4,25,0,0,27,9,36,16,64,80,116
06/10/2005,NQA,TN,ASO,CE,Federal Contract Tower,0,0,6,39,45,0,0,15,4,19,0,0,21,43,64,0,94,94,158
06/11/2005,NQA,TN,ASO,CE,Federal Contract Tower,0,0,4,2,6,0,3,15,1,19,0,3,19,3,25,10,0,10,35
06/12/2005,NQA,TN,ASO,CE,Federal Contract Tower,0,0,7,2,9,0,1,11,0,12,0,1,18,2,21,0,0,0,21
06/13/2005,NQA,TN,ASO,CE,Federal Contract Tower,0,0,9,32,41,0,0,20,0,20,0,0,29,32,61,30,46,76,137
06/14/2005,NQA,TN,ASO,CE,Federal Contract Tower,0,0,11,16,27,0,0,28,2,30,0,0,39,18,57,22,78,100,157
06/15/2005,NQA,TN,ASO,CE,Federal Contract Tower,0,0,15,6,21,0,0,51,4,55,0,0,66,10,76,48,104,152,228
06/16/2005,NQA,TN,ASO,CE,Federal Contract Tower,0,0,6,6,12,0,2,25,1,28,0,2,31,7,40,28,26,54,94
06/17/2005,NQA,TN,ASO,CE,Federal Contract Tower,0,0,8,31,39,0,0,22,3,25,0,0,30,34,64,28,92,120,184
06/18/2005,NQA,TN,ASO,CE,Federal Contract Tower,0,0,1,11,12,0,0,28,0,28,0,0,29,11,40,22,12,34,74
06/19/2005,NQA,TN,ASO,CE,Federal Contract Tower,0,0,8,8,16,0,1,18,0,19,0,1,26,8,35,26,0,26,61
06/20/2005,NQA,TN,ASO,CE,Federal Contract Tower,0,0,14,18,32,0,3,6,6,15,0,3,20,24,47,10,136,146,193
06/21/2005,NQA,TN,ASO,CE,Federal Contract Tower,0,0,13,11,24,0,0,22,9,31,0,0,35,20,55,6,170,176,231
06/22/2005,NQA,TN,ASO,CE,Federal Contract Tower,0,0,5,8,13,0,0,24,0,24,0,0,29,8,37,20,16,36,73
06/23/2005,NQA,TN,ASO,CE,Federal Contract Tower,4,0,9,15,28,0,1,19,0,20,4,1,28,15,48,0,42,42,90
06/24/2005,NQA,TN,ASO,CE,Federal Contract Tower,0,0,8,11,19,0,0,22,2,24,0,0,30,13,43,30,60,90,133
06/25/2005,NQA,TN,ASO,CE,Federal Contract Tower,0,0,2,0,2,0,0,19,0,19,0,0,21,0,21,14,0,14,35
06/26/2005,NQA,TN,ASO,CE,Federal Contract Tower,0,0,6,4,10,0,0,8,0,8,0,0,14,4,18,14,0,14,32
06/27/2005,NQA,TN,ASO,CE,Federal Contract Tower,0,0,3,30,33,0,2,18,3,23,0,2,21,33,56,14,102,116,172
06/28/2005,NQA,TN,ASO,CE,Federal Contract Tower,0,2,11,23,36,0,0,22,8,30,0,2,33,31,66,6,198,204,270
06/29/2005,NQA,TN,ASO,CE,Federal Contract Tower,0,0,7,20,27,0,2,8,8,18,0,2,15,28,45,14,172,186,231
06/30/2005,NQA,TN,ASO,CE,Federal Contract Tower,0,0,2,24,26,0,2,18,4,24,0,2,20,28,50,6,92,98,148
07/01/2005,NQA,TN,ASO,CE,Federal Contract Tower,0,0,10,0,10,0,0,13,8,21,0,0,23,8,31,28,0,28,59
07/02/2005,NQA,TN,ASO,CE,Federal Contract Tower,0,0,6,4,10,0,0,22,0,22,0,0,28,4,32,16,0,16,48
07/03/2005,NQA,TN,ASO,CE,Federal Contract Tower,0,0,1,0,1,0,0,11,0,11,0,0,12,0,12,0,0,0,12
07/04/2005,NQA,TN,ASO,CE,Federal Contract Tower,0,0,4,20,24,0,0,14,0,14,0,0,18,20,38,0,0,0,38
07/05/2005,NQA,TN,ASO,CE,Federal Contract Tower,0,0,2,26,28,0,0,13,2,15,0,0,15,28,43,16,82,98,141
07/06/2005,NQA,TN,ASO,CE,Federal Contract Tower,0,0,2,23,25,0,0,11,0,11,0,0,13,23,36,0,88,88,124
07/07/2005,NQA,TN,ASO,CE,Federal Contract Tower,0,0,17,54,71,0,2,28,3,33,0,2,45,57,104,48,160,208,312
07/08/2005,NQA,TN,ASO,CE,Federal Contract Tower,0,0,5,65,70,0,0,26,7,33,0,0,31,72,103,18,74,92,195
07/09/2005,NQA,TN,ASO,CE,Federal Contract Tower,0,0,8,18,26,0,0,28,2,30,0,0,36,20,56,18,42,60,116
07/10/2005,NQA,TN,ASO,CE,Federal Contract Tower,0,1,8,1,10,0,0,15,0,15,0,1,23,1,25,6,0,6,31
07/11/2005,NQA,TN,ASO,CE,Federal Contract Tower,0,10,11,0,21,0,0,0,0,0,0,10,11,0,21,0,0,0,21
07/12/2005,NQA,TN,ASO,CE,Federal Contract Tower,0,0,8,14,22,0,0,22,1,23,0,0,30,15,45,18,46,64,109
07/13/2005,NQA,TN,ASO,CE,Federal Contract Tower,0,0,16,31,47,0,2,23,16,41,0,2,39,47,88,20,294,314,402
07/14/2005,NQA,TN,ASO,CE,Federal Contract Tower,0,0,8,66,74,0,2,9,8,19,0,2,17,74,93,20,282,302,395
07/15/2005,NQA,TN,ASO,CE,Federal Contract Tower,0,0,22,19,41,0,0,3,0,3,0,0,25,19,44,0,62,62,106
07/16/2005,NQA,TN,ASO,CE,Federal Contract Tower,0,0,13,14,27,0,0,4,0,4,0,0,17,14,31,12,0,12,43
07/17/2005,NQA,TN,ASO,CE,Federal Contract Tower,0,0,13,6,19,0,0,15,0,15,0,0,28,6,34,0,10,10,44
07/18/2005,NQA,TN,ASO,CE,Federal Contract Tower,0,0,12,30,42,0,0,10,5,15,0,0,22,35,57,0,60,60,117
07/19/2005,NQA,TN,ASO,CE,Federal Contract Tower,0,0,7,10,17,0,0,22,3,25,0,0,29,13,42,6,74,80,122
07/20/2005,NQA,TN,ASO,CE,Federal Contract Tower,0,0,6,6,12,0,1,15,2,18,0,1,21,8,30,6,54,60,90
07/21/2005,NQA,TN,ASO,CE,Federal Contract Tower,0,0,12,6,18,0,1,10,1,12,0,1,22,7,30,0,20,20,50
07/22/2005,NQA,TN,ASO,CE,Federal Contract Tower,2,0,16,20,38,0,1,22,8,31,2,1,38,28,69,32,106,138,207
07/23/2005,NQA,TN,ASO,CE,Federal Contract Tower,0,0,7,15,22,0,1,25,0,26,0,1,32,15,48,30,0,30,78
07/24/2005,NQA,TN,ASO,CE,Federal Contract Tower,0,0,9,2,11,0,2,10,0,12,0,2,19,2,23,0,0,0,23
07/25/2005,NQA,TN,ASO,CE,Federal Contract Tower,0,0,12,20,32,0,4,14,0,18,0,4,26,20,50,0,58,58,108
07/26/2005,NQA,TN,ASO,CE,Federal Contract Tower,0,0,7,15,22,0,1,19,8,28,0,1,26,23,50,12,118,130,180
07/27/2005,NQA,TN,ASO,CE,Federal Contract Tower,0,0,15,9,24,0,0,5,1,6,0,0,20,10,30,4,32,36,66
07/28/2005,NQA,TN,ASO,CE,Federal Contract Tower,0,0,3,36,39,0,0,22,6,28,0,0,25,42,67,20,222,242,309
07/29/2005,NQA,TN,ASO,CE,Federal Contract Tower,0,0,4,29,33,0,2,29,4,35,0,2,33,33,68,18,188,206,274
07/30/2005,NQA,TN,ASO,CE,Federal Contract Tower,0,0,9,13,22,0,0,21,0,21,0,0,30,13,43,14,0,14,57
07/31/2005,NQA,TN,ASO,CE,Federal Contract Tower,0,0,3,0,3,0,4,14,0,18,0,4,17,0,21,14,0,14,35
08/01/2005,NQA,TN,ASO,CE,Federal Contract Tower,0,0,6,14,20,0,0,19,4,23,0,0,25,18,43,30,116,146,189
08/02/2005,NQA,TN,ASO,CE,Federal Contract Tower,0,0,4,17,21,0,0,19,7,26,0,0,23,24,47,0,184,184,231
08/03/2005,NQA,TN,ASO,CE,Federal Contract Tower,0,0,21,21,42,0,1,27,11,39,0,1,48,32,81,28,180,208,289
08/04/2005,NQA,TN,ASO,CE,Federal Contract Tower,0,0,9,16,25,0,0,12,3,15,0,0,21,19,40,8,48,56,96
08/05/2005,NQA,TN,ASO,CE,Federal Contract Tower,0,0,4,48,52,0,0,22,2,24,0,0,26,50,76,6,68,74,150
08/06/2005,NQA,TN,ASO,CE,Federal Contract Tower,0,1,5,13,19,0,0,16,1,17,0,1,21,14,36,24,28,52,88
08/07/2005,NQA,TN,ASO,CE,Federal Contract Tower,0,0,13,15,28,0,4,6,0,10,0,4,19,15,38,0,0,0,38
08/08/2005,NQA,TN,ASO,CE,Federal Contract Tower,0,0,15,32,47,0,0,27,4,31,0,0,42,36,78,4,196,200,278
08/09/2005,NQA,TN,ASO,CE,Federal Contract Tower,0,0,5,22,27,0,0,14,5,19,0,0,19,27,46,12,74,86,132
08/10/2005,NQA,TN,ASO,CE,Federal Contract Tower,0,0,16,31,47,0,0,19,5,24,0,0,35,36,71,38,124,162,233
08/11/2005,NQA,TN,ASO,CE,Federal Contract Tower,0,0,20,27,47,0,0,11,8,19,0,0,31,35,66,4,208,212,278
08/12/2005,NQA,TN,ASO,CE,Federal Contract Tower,0,0,10,21,31,0,1,31,3,35,0,1,41,24,66,24,88,112,178
08/13/2005,NQA,TN,ASO,CE,Federal Contract Tower,0,0,7,20,27,0,1,25,0,26,0,1,32,20,53,30,68,98,151
08/14/2005,NQA,TN,ASO,CE,Federal Contract Tower,0,0,12,12,24,0,0,18,0,18,0,0,30,12,42,16,0,16,58
08/15/2005,NQA,TN,ASO,CE,Federal Contract Tower,0,0,4,14,18,0,0,33,7,40,0,0,37,21,58,10,112,122,180
08/16/2005,NQA,TN,ASO,CE,Federal Contract Tower,0,0,5,4,9,0,0,16,4,20,0,0,21,8,29,16,46,62,91
08/17/2005,NQA,TN,ASO,CE,Federal Contract Tower,0,0,8,13,21,0,0,14,5,19,0,0,22,18,40,38,104,142,182
08/18/2005,NQA,TN,ASO,CE,Federal Contract Tower,0,2,13,10,25,0,2,17,2,21,0,4,30,12,46,12,166,178,224
08/19/2005,NQA,TN,ASO,CE,Federal Contract Tower,0,3,16,35,54,0,3,42,10,55,0,6,58,45,109,54,112,166,275
08/20/2005,NQA,TN,ASO,CE,Federal Contract Tower,0,0,7,21,28,0,1,19,0,20,0,1,26,21,48,46,12,58,106
08/21/2005,NQA,TN,ASO,CE,Federal Contract Tower,0,6,18,0,24,0,0,8,4,12,0,6,26,4,36,0,0,0,36
08/22/2005,NQA,TN,ASO,CE,Federal Contract Tower,0,0,17,17,34,0,4,11,26,41,0,4,28,43,75,0,234,234,309
08/23/2005,NQA,TN,ASO,CE,Federal Contract Tower,0,0,3,11,14,0,3,10,5,18,0,3,13,16,32,10,62,72,104
08/24/2005,NQA,TN,ASO,CE,Federal Contract Tower,1,0,8,19,28,0,4,16,14,34,1,4,24,33,62,36,172,208,270
08/25/2005,NQA,TN,ASO,CE,Federal Contract Tower,0,0,11,13,24,0,0,14,7,21,0,0,25,20,45,0,54,54,99
08/26/2005,NQA,TN,ASO,CE,Federal Contract Tower,0,0,15,36,51,0,0,14,17,31,0,0,29,53,82,0,136,136,218
08/27/2005,NQA,TN,ASO,CE,Federal Contract Tower,0,0,3,19,22,0,0,7,2,9,0,0,10,21,31,0,8,8,39
08/28/2005,NQA,TN,ASO,CE,Federal Contract Tower,0,0,15,9,24,0,0,10,10,20,0,0,25,19,44,18,0,18,62
08/29/2005,NQA,TN,ASO,CE,Federal Contract Tower,0,0,6,15,21,0,2,1,0,3,0,2,7,15,24,0,4,4,28
08/30/2005,NQA,TN,ASO,CE,Federal Contract Tower,0,0,0,8,8,0,2,4,0,6,0,2,4,8,14,2,80,82,96
08/31/2005,NQA,TN,ASO,CE,Federal Contract Tower,0,0,2,6,8,0,1,17,0,18,0,1,19,6,26,0,28,28,54
09/01/2005,NQA,TN,ASO,CE,Federal Contract Tower,0,0,3,13,16,0,3,32,2,37,0,3,35,15,53,50,76,126,179
09/02/2005,NQA,TN,ASO,CE,Federal Contract Tower,0,0,12,16,28,0,1,36,9,46,0,1,48,25,74,22,162,184,258
09/03/2005,NQA,TN,ASO,CE,Federal Contract Tower,0,0,9,0,9,0,0,28,1,29,0,0,37,1,38,44,0,44,82
09/04/2005,NQA,TN,ASO,CE,Federal Contract Tower,0,1,2,0,3,0,6,15,0,21,0,7,17,0,24,0,0,0,24
09/05/2005,NQA,TN,ASO,CE,Federal Contract Tower,0,0,6,2,8,0,2,25,1,28,0,2,31,3,36,10,0,10,46
09/06/2005,NQA,TN,ASO,CE,Federal Contract Tower,0,0,15,23,38,0,0,22,5,27,0,0,37,28,65,24,210,234,299
09/07/2005,NQA,TN,ASO,CE,Federal Contract Tower,0,0,10,17,27,0,0,16,13,29,0,0,26,30,56,0,180,180,236
09/08/2005,NQA,TN,ASO,CE,Federal Contract Tower,0,0,12,47,59,0,1,20,3,24,0,1,32,50,83,0,108,108,191
09/09/2005,NQA,TN,ASO,CE,Federal Contract Tower,0,0,7,20,27,0,2,25,2,29,0,2,32,22,56,0,70,70,126
09/10/2005,NQA,TN,ASO,CE,Federal Contract Tower,0,0,4,4,8,0,2,17,2,21,0,2,21,6,29,6,22,28,57
09/11/2005,NQA,TN,ASO,CE,Federal Contract Tower,0,0,3,20,23,0,0,13,2,15,0,0,16,22,38,0,4,4,42
09/12/2005,NQA,TN,ASO,CE,Federal Contract Tower,0,0,8,24,32,0,5,10,1,16,0,5,18,25,48,42,160,202,250
09/13/2005,NQA,TN,ASO,CE,Federal Contract Tower,0,0,4,34,38,0,2,14,3,19,0,2,18,37,57,4,100,104,161
09/14/2005,NQA,TN,ASO,CE,Federal Contract Tower,2,0,6,4,12,0,1,11,4,16,2,1,17,8,28,4,40,44,72
09/15/2005,NQA,TN,ASO,CE,Federal Contract Tower,0,0,2,15,17,0,0,1,7,8,0,0,3,22,25,0,90,90,115
09/16/2005,NQA,TN,ASO,CE,Federal Contract Tower,0,0,8,55,63,0,1,15,7,23,0,1,23,62,86,12,304,316,402
09/17/2005,NQA,TN,ASO,CE,Federal Contract Tower,0,0,9,8,17,0,1,10,1,12,0,1,19,9,29,16,8,24,53
09/18/2005,NQA,TN,ASO,CE,Federal Contract Tower,0,0,8,14,22,0,0,28,2,30,0,0,36,16,52,50,0,50,102
09/19/2005,NQA,TN,ASO,CE,Federal Contract Tower,0,0,9,23,32,0,2,14,4,20,0,2,23,27,52,28,162,190,242
09/20/2005,NQA,TN,ASO,CE,Federal Contract Tower,0,0,2,13,15,0,0,12,3,15,0,0,14,16,30,2,80,82,112
09/21/2005,NQA,TN,ASO,CE,Federal Contract Tower,0,0,10,14,24,0,0,16,6,22,0,0,26,20,46,0,44,44,90
09/22/2005,NQA,TN,ASO,CE,Federal Contract Tower,0,0,4,16,20,0,2,25,16,43,0,2,29,32,63,6,196,202,265
09/23/2005,NQA,TN,ASO,CE,Federal Contract Tower,0,0,8,9,17,0,7,17,4,28,0,7,25,13,45,0,50,50,95
09/24/2005,NQA,TN,ASO,CE,Federal Contract Tower,0,0,3,0,3,0,0,18,0,18,0,0,21,0,21,10,0,10,31
09/25/2005,NQA,TN,ASO,CE,Federal Contract Tower,0,0,0,0,0,0,0,0,0,0,0,0,0,0,0,0,0,0,0
09/26/2005,NQA,TN,ASO,CE,Federal Contract Tower,0,0,12,15,27,0,3,11,6,20,0,3,23,21,47,4,150,154,201
09/27/2005,NQA,TN,ASO,CE,Federal Contract Tower,0,1,6,14,21,0,2,31,8,41,0,3,37,22,62,8,150,158,220
09/28/2005,NQA,TN,ASO,CE,Federal Contract Tower,0,0,7,20,27,0,2,27,3,32,0,2,34,23,59,6,56,62,121
09/29/2005,NQA,TN,ASO,CE,Federal Contract Tower,0,0,7,21,28,0,1,39,8,48,0,1,46,29,76,12,64,76,152
09/30/2005,NQA,TN,ASO,CE,Federal Contract Tower,4,0,4,15,23,0,0,91,3,94,4,0,95,18,117,8,38,46,163
10/01/2005,NQA,TN,ASO,CE,Federal Contract Tower,0,0,0,0,0,0,0,7,2,9,0,0,7,2,9,2,0,2,11
10/02/2005,NQA,TN,ASO,CE,Federal Contract Tower,2,1,3,14,20,0,0,27,0,27,2,1,30,14,47,0,0,0,47
10/03/2005,NQA,TN,ASO,CE,Federal Contract Tower,0,0,10,21,31,0,2,33,5,40,0,2,43,26,71,4,108,112,183
10/04/2005,NQA,TN,ASO,CE,Federal Contract Tower,0,0,1,12,13,0,3,27,4,34,0,3,28,16,47,22,32,54,101
10/05/2005,NQA,TN,ASO,CE,Federal Contract Tower,0,0,10,26,36,0,1,14,14,29,0,1,24,40,65,22,232,254,319
10/06/2005,NQA,TN,ASO,CE,Federal Contract Tower,0,0,14,13,27,0,0,9,0,9,0,0,23,13,36,14,4,18,54
10/07/2005,NQA,TN,ASO,CE,Federal Contract Tower,0,0,18,45,63,0,2,7,9,18,0,2,25,54,81,2,194,196,277
10/08/2005,NQA,TN,ASO,CE,Federal Contract Tower,0,0,4,5,9,0,2,23,0,25,0,2,27,5,34,12,0,12,46
10/09/2005,NQA,TN,ASO,CE,Federal Contract Tower,0,0,10,0,10,0,1,1,1,3,0,1,11,1,13,0,8,8,21
10/10/2005,NQA,TN,ASO,CE,Federal Contract Tower,0,0,15,4,19,0,0,15,0,15,0,0,30,4,34,8,8,16,50
10/11/2005,NQA,TN,ASO,CE,Federal Contract Tower,0,0,14,27,41,0,3,13,4,20,0,3,27,31,61,14,44,58,119
10/12/2005,NQA,TN,ASO,CE,Federal Contract Tower,0,0,42,4,46,0,2,21,0,23,0,2,63,4,69,30,24,54,123
10/13/2005,NQA,TN,ASO,CE,Federal Contract Tower,0,0,13,29,42,0,3,11,15,29,0,3,24,44,71,2,250,252,323
10/14/2005,NQA,TN,ASO,CE,Federal Contract Tower,0,0,8,19,27,0,0,18,5,23,0,0,26,24,50,6,134,140,190
10/15/2005,NQA,TN,ASO,CE,Federal Contract Tower,0,0,6,0,6,0,0,32,2,34,0,0,38,2,40,12,8,20,60
10/16/2005,NQA,TN,ASO,CE,Federal Contract Tower,0,0,6,7,13,0,0,32,5,37,0,0,38,12,50,24,10,34,84
10/17/2005,NQA,TN,ASO,CE,Federal Contract Tower,0,0,10,6,16,0,7,26,13,46,0,7,36,19,62,2,118,120,182
10/18/2005,NQA,TN,ASO,CE,Federal Contract Tower,0,0,14,5,19,1,2,22,10,35,1,2,36,15,54,6,116,122,176
10/19/2005,NQA,TN,ASO,CE,Federal Contract Tower,0,1,12,8,21,0,1,32,4,37,0,2,44,12,58,10,8,18,76
10/20/2005,NQA,TN,ASO,CE,Federal Contract Tower,2,0,33,8,43,0,1,4,5,10,2,1,37,13,53,0,38,38,91
10/21/2005,NQA,TN,ASO,CE,Federal Contract Tower,0,0,22,8,30,0,2,13,3,18,0,2,35,11,48,0,20,20,68
10/22/2005,NQA,TN,ASO,CE,Federal Contract Tower,1,2,24,1,28,0,1,29,6,36,1,3,53,7,64,4,20,24,88
10/23/2005,NQA,TN,ASO,CE,Federal Contract Tower,0,0,9,1,10,0,0,9,2,11,0,0,18,3,21,2,0,2,23
10/24/2005,NQA,TN,ASO,CE,Federal Contract Tower,0,2,5,15,22,0,0,13,14,27,0,2,18,29,49,4,236,240,289
10/25/2005,NQA,TN,ASO,CE,Federal Contract Tower,0,0,3,27,30,0,4,18,6,28,0,4,21,33,58,14,124,138,196
10/26/2005,NQA,TN,ASO,CE,Federal Contract Tower,0,0,15,9,24,0,0,25,7,32,0,0,40,16,56,32,86,118,174
10/27/2005,NQA,TN,ASO,CE,Federal Contract Tower,0,0,17,8,25,0,1,7,2,10,0,1,24,10,35,0,42,42,77
10/28/2005,NQA,TN,ASO,CE,Federal Contract Tower,3,0,9,20,32,0,2,14,3,19,3,2,23,23,51,0,106,106,157
10/29/2005,NQA,TN,ASO,CE,Federal Contract Tower,4,0,5,1,10,2,0,21,0,23,6,0,26,1,33,14,0,14,47
10/30/2005,NQA,TN,ASO,CE,Federal Contract Tower,0,2,3,7,12,0,1,13,5,19,0,3,16,12,31,6,26,32,63
10/31/2005,NQA,TN,ASO,CE,Federal Contract Tower,0,0,9,12,21,0,0,13,8,21,0,0,22,20,42,0,100,100,142
11/01/2005,NQA,TN,ASO,CE,Federal Contract Tower,0,1,7,13,21,0,0,7,5,12,0,1,14,18,33,2,128,130,163
11/02/2005,NQA,TN,ASO,CE,Federal Contract Tower,0,0,4,10,14,0,0,11,1,12,0,0,15,11,26,14,40,54,80
11/03/2005,NQA,TN,ASO,CE,Federal Contract Tower,0,0,20,33,53,0,2,27,6,35,0,2,47,39,88,22,144,166,254
11/04/2005,NQA,TN,ASO,CE,Federal Contract Tower,0,0,16,7,23,0,4,15,9,28,0,4,31,16,51,0,24,24,75
11/05/2005,NQA,TN,ASO,CE,Federal Contract Tower,0,0,3,0,3,0,0,11,0,11,0,0,14,0,14,8,0,8,22
11/06/2005,NQA,TN,ASO,CE,Federal Contract Tower,0,0,4,0,4,0,1,23,0,24,0,1,27,0,28,10,0,10,38
11/07/2005,NQA,TN,ASO,CE,Federal Contract Tower,0,0,3,3,6,0,2,15,0,17,0,2,18,3,23,2,4,6,29
11/08/2005,NQA,TN,ASO,CE,Federal Contract Tower,0,0,9,15,24,0,1,18,0,19,0,1,27,15,43,8,24,32,75
11/09/2005,NQA,TN,ASO,CE,Federal Contract Tower,0,0,3,2,5,0,0,10,0,10,0,0,13,2,15,4,0,4,19
11/10/2005,NQA,TN,ASO,CE,Federal Contract Tower,0,0,5,8,13,0,3,15,22,40,0,3,20,30,53,0,38,38,91
11/11/2005,NQA,TN,ASO,CE,Federal Contract Tower,0,0,15,2,17,0,5,43,0,48,0,5,58,2,65,42,2,44,109
11/12/2005,NQA,TN,ASO,CE,Federal Contract Tower,0,0,4,3,7,0,1,16,0,17,0,1,20,3,24,2,0,2,26
11/13/2005,NQA,TN,ASO,CE,Federal Contract Tower,0,0,6,4,10,0,0,8,0,8,0,0,14,4,18,0,6,6,24
11/14/2005,NQA,TN,ASO,CE,Federal Contract Tower,0,0,6,3,9,0,0,6,0,6,0,0,12,3,15,0,0,0,15
11/15/2005,NQA,TN,ASO,CE,Federal Contract Tower,0,0,2,1,3,0,1,2,0,3,0,1,4,1,6,0,0,0,6
11/16/2005,NQA,TN,ASO,CE,Federal Contract Tower,0,2,7,10,19,0,0,9,2,11,0,2,16,12,30,14,32,46,76
11/17/2005,NQA,TN,ASO,CE,Federal Contract Tower,0,0,12,9,21,0,1,16,4,21,0,1,28,13,42,0,164,164,206
11/18/2005,NQA,TN,ASO,CE,Federal Contract Tower,0,0,13,40,53,0,2,28,13,43,0,2,41,53,96,4,212,216,312
11/19/2005,NQA,TN,ASO,CE,Federal Contract Tower,4,0,6,6,16,0,1,16,2,19,4,1,22,8,35,0,6,6,41
11/20/2005,NQA,TN,ASO,CE,Federal Contract Tower,0,0,9,11,20,0,0,19,2,21,0,0,28,13,41,2,22,24,65
11/21/2005,NQA,TN,ASO,CE,Federal Contract Tower,0,0,5,50,55,0,1,11,6,18,0,1,16,56,73,0,234,234,307
11/22/2005,NQA,TN,ASO,CE,Federal Contract Tower,0,0,23,8,31,0,2,4,5,11,0,2,27,13,42,2,76,78,120
11/23/2005,NQA,TN,ASO,CE,Federal Contract Tower,0,0,5,4,9,0,2,21,0,23,0,2,26,4,32,0,8,8,40
11/24/2005,NQA,TN,ASO,CE,Federal Contract Tower,0,0,1,0,1,0,3,20,0,23,0,3,21,0,24,4,0,4,28
11/25/2005,NQA,TN,ASO,CE,Federal Contract Tower,0,0,3,0,3,0,3,19,0,22,0,3,22,0,25,12,0,12,37
11/26/2005,NQA,TN,ASO,CE,Federal Contract Tower,0,0,2,0,2,0,1,14,0,15,0,1,16,0,17,0,0,0,17
11/27/2005,NQA,TN,ASO,CE,Federal Contract Tower,0,0,8,0,8,0,0,1,0,1,0,0,9,0,9,0,0,0,9
11/28/2005,NQA,TN,ASO,CE,Federal Contract Tower,0,0,1,19,20,0,1,5,1,7,0,1,6,20,27,0,92,92,119
11/29/2005,NQA,TN,ASO,CE,Federal Contract Tower,0,0,3,9,12,0,2,6,2,10,0,2,9,11,22,0,24,24,46
11/30/2005,NQA,TN,ASO,CE,Federal Contract Tower,0,0,12,16,28,0,0,19,9,28,0,0,31,25,56,12,106,118,174
12/01/2005,NQA,TN,ASO,CE,Federal Contract Tower,0,0,2,11,13,0,5,7,12,24,0,5,9,23,37,6,138,144,181
12/02/2005,NQA,TN,ASO,CE,Federal Contract Tower,0,0,19,11,30,0,4,9,16,29,0,4,28,27,59,6,96,102,161
12/03/2005,NQA,TN,ASO,CE,Federal Contract Tower,0,0,2,0,2,0,1,0,0,1,0,1,2,0,3,0,0,0,3
12/04/2005,NQA,TN,ASO,CE,Federal Contract Tower,0,0,8,8,16,0,6,4,0,10,0,6,12,8,26,12,4,16,42
12/05/2005,NQA,TN,ASO,CE,Federal Contract Tower,0,0,11,7,18,0,0,7,2,9,0,0,18,9,27,8,74,82,109
12/06/2005,NQA,TN,ASO,CE,Federal Contract Tower,0,0,6,13,19,0,1,13,8,22,0,1,19,21,41,0,104,104,145
12/07/2005,NQA,TN,ASO,CE,Federal Contract Tower,0,0,9,8,17,0,2,17,5,24,0,2,26,13,41,36,18,54,95
12/08/2005,NQA,TN,ASO,CE,Federal Contract Tower,0,0,3,5,8,0,0,0,0,0,0,0,3,5,8,0,0,0,8
12/09/2005,NQA,TN,ASO,CE,Federal Contract Tower,0,0,4,3,7,0,1,9,0,10,0,1,13,3,17,0,0,0,17
12/10/2005,NQA,TN,ASO,CE,Federal Contract Tower,0,0,14,1,15,0,0,34,0,34,0,0,48,1,49,2,4,6,55
12/11/2005,NQA,TN,ASO,CE,Federal Contract Tower,0,0,6,0,6,0,0,9,0,9,0,0,15,0,15,0,0,0,15
12/12/2005,NQA,TN,ASO,CE,Federal Contract Tower,0,0,7,11,18,0,6,6,6,18,0,6,13,17,36,0,132,132,168
12/13/2005,NQA,TN,ASO,CE,Federal Contract Tower,0,2,8,11,21,0,7,25,6,38,0,9,33,17,59,40,84,124,183
12/14/2005,NQA,TN,ASO,CE,Federal Contract Tower,0,1,5,10,16,0,0,3,1,4,0,1,8,11,20,0,28,28,48
12/15/2005,NQA,TN,ASO,CE,Federal Contract Tower,0,0,19,11,30,0,2,13,6,21,0,2,32,17,51,14,156,170,221
12/16/2005,NQA,TN,ASO,CE,Federal Contract Tower,0,0,10,11,21,0,0,17,1,18,0,0,27,12,39,52,36,88,127
12/17/2005,NQA,TN,ASO,CE,Federal Contract Tower,0,0,7,4,11,0,2,20,0,22,0,2,27,4,33,22,0,22,55
12/18/2005,NQA,TN,ASO,CE,Federal Contract Tower,0,0,5,0,5,0,4,15,0,19,0,4,20,0,24,14,0,14,38
12/19/2005,NQA,TN,ASO,CE,Federal Contract Tower,0,0,6,12,18,0,1,14,2,17,0,1,20,14,35,46,56,102,137
12/20/2005,NQA,TN,ASO,CE,Federal Contract Tower,0,0,5,13,18,0,1,19,2,22,0,1,24,15,40,40,74,114,154
12/21/2005,NQA,TN,ASO,CE,Federal Contract Tower,0,0,7,7,14,0,2,12,1,15,0,2,19,8,29,4,88,92,121
12/22/2005,NQA,TN,ASO,CE,Federal Contract Tower,0,0,1,13,14,0,4,12,2,18,0,4,13,15,32,0,148,148,180
12/23/2005,NQA,TN,ASO,CE,Federal Contract Tower,0,2,4,0,6,0,0,10,0,10,0,2,14,0,16,24,0,24,40
12/24/2005,NQA,TN,ASO,CE,Federal Contract Tower,0,0,1,0,1,0,0,1,0,1,0,0,2,0,2,0,0,0,2
12/25/2005,NQA,TN,ASO,CE,Federal Contract Tower,0,0,2,0,2,0,0,4,0,4,0,0,6,0,6,0,0,0,6
12/26/2005,NQA,TN,ASO,CE,Federal Contract Tower,0,0,7,0,7,0,1,37,0,38,0,1,44,0,45,58,0,58,103
12/27/2005,NQA,TN,ASO,CE,Federal Contract Tower,0,0,0,0,0,0,1,1,0,2,0,1,1,0,2,0,0,0,2
12/28/2005,NQA,TN,ASO,CE,Federal Contract Tower,0,0,6,0,6,0,0,6,0,6,0,0,12,0,12,0,0,0,12
12/29/2005,NQA,TN,ASO,CE,Federal Contract Tower,0,0,13,0,13,0,2,9,0,11,0,2,22,0,24,0,0,0,24
12/30/2005,NQA,TN,ASO,CE,Federal Contract Tower,0,0,3,0,3,0,2,13,0,15,0,2,16,0,18,2,0,2,20
12/31/2005,NQA,TN,ASO,CE,Federal Contract Tower,2,0,9,0,11,0,8,18,0,26,2,8,27,0,37,14,0,14,51
01/01/2006,NQA,TN,ASO,CE,Federal Contract Tower,0,0,9,0,9,0,0,0,2,2,0,0,9,2,11,0,0,0,11
01/02/2006,NQA,TN,ASO,CE,Federal Contract Tower,0,0,7,0,7,0,1,6,0,7,0,1,13,0,14,0,0,0,14
01/03/2006,NQA,TN,ASO,CE,Federal Contract Tower,0,1,4,4,9,0,1,3,1,5,0,2,7,5,14,10,24,34,48
01/04/2006,NQA,TN,ASO,CE,Federal Contract Tower,0,0,15,12,27,0,3,17,1,21,0,3,32,13,48,0,96,96,144
01/05/2006,NQA,TN,ASO,CE,Federal Contract Tower,0,0,11,8,19,0,3,10,2,15,0,3,21,10,34,20,104,124,158
01/06/2006,NQA,TN,ASO,CE,Federal Contract Tower,0,0,8,28,36,0,0,5,0,5,0,0,13,28,41,0,16,16,57
01/07/2006,NQA,TN,ASO,CE,Federal Contract Tower,0,0,7,18,25,0,0,42,0,42,0,0,49,18,67,28,4,32,99
01/08/2006,NQA,TN,ASO,CE,Federal Contract Tower,0,0,9,4,13,0,0,6,0,6,0,0,15,4,19,0,0,0,19
01/09/2006,NQA,TN,ASO,CE,Federal Contract Tower,0,0,16,20,36,0,1,14,8,23,0,1,30,28,59,34,202,236,295
01/10/2006,NQA,TN,ASO,CE,Federal Contract Tower,3,0,3,2,8,0,0,4,0,4,3,0,7,2,12,26,0,26,38
01/11/2006,NQA,TN,ASO,CE,Federal Contract Tower,2,0,2,12,16,0,0,36,4,40,2,0,38,16,56,132,82,214,270
01/12/2006,NQA,TN,ASO,CE,Federal Contract Tower,4,0,14,9,27,0,4,13,1,18,4,4,27,10,45,146,22,168,213
01/13/2006,NQA,TN,ASO,CE,Federal Contract Tower,2,1,3,1,7,0,1,5,0,6,2,2,8,1,13,108,0,108,121
01/14/2006,NQA,TN,ASO,CE,Federal Contract Tower,0,0,8,2,10,0,1,22,1,24,0,1,30,3,34,40,4,44,78
01/15/2006,NQA,TN,ASO,CE,Federal Contract Tower,0,0,6,2,8,0,3,13,1,17,0,3,19,3,25,24,2,26,51
01/16/2006,NQA,TN,ASO,CE,Federal Contract Tower,0,0,9,3,12,0,4,3,2,9,0,4,12,5,21,0,8,8,29
01/17/2006,NQA,TN,ASO,CE,Federal Contract Tower,0,0,4,7,11,0,0,0,0,0,0,0,4,7,11,0,0,0,11
01/18/2006,NQA,TN,ASO,CE,Federal Contract Tower,0,0,10,14,24,0,4,23,1,28,0,4,33,15,52,20,72,92,144
01/19/2006,NQA,TN,ASO,CE,Federal Contract Tower,0,0,9,10,19,0,0,9,0,9,0,0,18,10,28,4,64,68,96
01/20/2006,NQA,TN,ASO,CE,Federal Contract Tower,0,0,8,25,33,0,3,7,0,10,0,3,15,25,43,0,104,104,147
01/21/2006,NQA,TN,ASO,CE,Federal Contract Tower,0,0,5,4,9,0,0,5,0,5,0,0,10,4,14,4,4,8,22
01/22/2006,NQA,TN,ASO,CE,Federal Contract Tower,0,0,4,0,4,0,0,1,0,1,0,0,5,0,5,0,0,0,5
01/23/2006,NQA,TN,ASO,CE,Federal Contract Tower,0,0,10,18,28,0,1,14,6,21,0,1,24,24,49,22,160,182,231
01/24/2006,NQA,TN,ASO,CE,Federal Contract Tower,0,0,5,17,22,0,0,28,8,36,0,0,33,25,58,36,184,220,278
01/25/2006,NQA,TN,ASO,CE,Federal Contract Tower,0,0,6,5,11,0,0,25,1,26,0,0,31,6,37,14,32,46,83
01/26/2006,NQA,TN,ASO,CE,Federal Contract Tower,0,0,8,17,25,0,4,17,6,27,0,4,25,23,52,32,102,134,186
01/27/2006,NQA,TN,ASO,CE,Federal Contract Tower,0,0,13,22,35,0,0,18,16,34,0,0,31,38,69,20,188,208,277
01/28/2006,NQA,TN,ASO,CE,Federal Contract Tower,0,0,6,1,7,0,3,7,0,10,0,3,13,1,17,22,0,22,39
01/29/2006,NQA,TN,ASO,CE,Federal Contract Tower,0,0,11,4,15,0,0,17,3,20,0,0,28,7,35,28,0,28,63
01/30/2006,NQA,TN,ASO,CE,Federal Contract Tower,0,0,1,16,17,0,2,32,14,48,0,2,33,30,65,0,172,172,237
01/31/2006,NQA,TN,ASO,CE,Federal Contract Tower,0,0,9,10,19,0,6,25,0,31,0,6,34,10,50,20,26,46,96
02/01/2006,NQA,TN,ASO,CE,Federal Contract Tower,0,0,9,23,32,0,0,26,13,39,0,0,35,36,71,8,138,146,217
02/02/2006,NQA,TN,ASO,CE,Federal Contract Tower,0,0,4,3,7,0,0,1,0,1,0,0,5,3,8,0,0,0,8
02/03/2006,NQA,TN,ASO,CE,Federal Contract Tower,0,0,15,7,22,0,0,7,0,7,0,0,22,7,29,24,14,38,67
02/04/2006,NQA,TN,ASO,CE,Federal Contract Tower,0,0,6,0,6,0,3,7,0,10,0,3,13,0,16,0,0,0,16
02/05/2006,NQA,TN,ASO,CE,Federal Contract Tower,0,0,3,6,9,0,2,12,1,15,0,2,15,7,24,18,0,18,42
02/06/2006,NQA,TN,ASO,CE,Federal Contract Tower,0,0,3,22,25,0,2,8,5,15,0,2,11,27,40,4,160,164,204
02/07/2006,NQA,TN,ASO,CE,Federal Contract Tower,0,0,13,16,29,0,6,31,11,48,0,6,44,27,77,0,144,144,221
02/08/2006,NQA,TN,ASO,CE,Federal Contract Tower,0,0,7,4,11,0,1,12,0,13,0,1,19,4,24,36,52,88,112
02/09/2006,NQA,TN,ASO,CE,Federal Contract Tower,0,0,19,14,33,0,0,34,2,36,0,0,53,16,69,18,94,112,181
02/10/2006,NQA,TN,ASO,CE,Federal Contract Tower,0,0,2,4,6,0,0,3,0,3,0,0,5,4,9,2,32,34,43
02/11/2006,NQA,TN,ASO,CE,Federal Contract Tower,0,2,4,0,6,0,0,1,0,1,0,2,5,0,7,2,0,2,9
02/12/2006,NQA,TN,ASO,CE,Federal Contract Tower,0,0,5,1,6,0,0,3,0,3,0,0,8,1,9,4,0,4,13
02/13/2006,NQA,TN,ASO,CE,Federal Contract Tower,0,0,5,8,13,0,0,13,0,13,0,0,18,8,26,6,14,20,46
02/14/2006,NQA,TN,ASO,CE,Federal Contract Tower,0,0,9,18,27,0,1,20,0,21,0,1,29,18,48,12,70,82,130
02/15/2006,NQA,TN,ASO,CE,Federal Contract Tower,0,0,10,16,26,0,0,7,4,11,0,0,17,20,37,0,122,122,159
02/16/2006,NQA,TN,ASO,CE,Federal Contract Tower,0,0,8,7,15,0,1,6,0,7,0,1,14,7,22,0,74,74,96
02/17/2006,NQA,TN,ASO,CE,Federal Contract Tower,0,2,7,7,16,0,2,11,2,15,0,4,18,9,31,18,30,48,79
02/18/2006,NQA,TN,ASO,CE,Federal Contract Tower,0,0,0,0,0,0,0,0,0,0,0,0,0,0,0,0,0,0,0
02/19/2006,NQA,TN,ASO,CE,Federal Contract Tower,0,0,2,0,2,0,2,0,0,2,0,2,2,0,4,0,0,0,4
02/20/2006,NQA,TN,ASO,CE,Federal Contract Tower,0,0,5,0,5,0,3,5,0,8,0,3,10,0,13,0,0,0,13
02/21/2006,NQA,TN,ASO,CE,Federal Contract Tower,0,0,7,32,39,0,4,11,13,28,0,4,18,45,67,0,192,192,259
02/22/2006,NQA,TN,ASO,CE,Federal Contract Tower,0,2,4,27,33,0,0,1,0,1,0,2,5,27,34,0,28,28,62
02/23/2006,NQA,TN,ASO,CE,Federal Contract Tower,0,0,10,33,43,0,3,5,12,20,0,3,15,45,63,0,232,232,295
02/24/2006,NQA,TN,ASO,CE,Federal Contract Tower,0,0,12,10,22,0,3,20,10,33,0,3,32,20,55,46,156,202,257
02/25/2006,NQA,TN,ASO,CE,Federal Contract Tower,0,0,4,0,4,0,3,11,0,14,0,3,15,0,18,26,0,26,44
02/26/2006,NQA,TN,ASO,CE,Federal Contract Tower,0,0,7,14,21,0,0,20,0,20,0,0,27,14,41,32,2,34,75
02/27/2006,NQA,TN,ASO,CE,Federal Contract Tower,0,0,4,7,11,0,1,7,2,10,0,1,11,9,21,0,102,102,123
02/28/2006,NQA,TN,ASO,CE,Federal Contract Tower,0,0,10,8,18,0,0,7,7,14,0,0,17,15,32,6,72,78,110
03/01/2006,NQA,TN,ASO,CE,Federal Contract Tower,0,0,6,10,16,0,2,12,3,17,0,2,18,13,33,0,30,30,63
03/02/2006,NQA,TN,ASO,CE,Federal Contract Tower,0,0,11,16,27,0,7,8,9,24,0,7,19,25,51,0,74,74,125
03/03/2006,NQA,TN,ASO,CE,Federal Contract Tower,0,0,7,6,13,0,1,18,1,20,0,1,25,7,33,0,0,0,33
03/04/2006,NQA,TN,ASO,CE,Federal Contract Tower,0,0,4,0,4,0,7,27,0,34,0,7,31,0,38,16,0,16,54
03/05/2006,NQA,TN,ASO,CE,Federal Contract Tower,0,0,3,10,13,0,0,11,4,15,0,0,14,14,28,0,6,6,34
03/06/2006,NQA,TN,ASO,CE,Federal Contract Tower,0,0,4,14,18,0,3,16,6,25,0,3,20,20,43,0,144,144,187
03/07/2006,NQA,TN,ASO,CE,Federal Contract Tower,0,0,9,15,24,0,2,14,4,20,0,2,23,19,44,0,106,106,150
03/08/2006,NQA,TN,ASO,CE,Federal Contract Tower,0,4,5,4,13,0,2,6,0,8,0,6,11,4,21,0,0,0,21
03/09/2006,NQA,TN,ASO,CE,Federal Contract Tower,0,0,4,5,9,0,2,0,0,2,0,2,4,5,11,0,0,0,11
03/10/2006,NQA,TN,ASO,CE,Federal Contract Tower,0,0,12,25,37,0,2,22,3,27,0,2,34,28,64,20,62,82,146
03/11/2006,NQA,TN,ASO,CE,Federal Contract Tower,0,1,10,0,11,0,1,5,2,8,0,2,15,2,19,12,24,36,55
03/12/2006,NQA,TN,ASO,CE,Federal Contract Tower,0,0,10,3,13,0,0,3,5,8,0,0,13,8,21,8,2,10,31
03/13/2006,NQA,TN,ASO,CE,Federal Contract Tower,0,0,6,0,6,0,3,4,0,7,0,3,10,0,13,0,0,0,13
03/14/2006,NQA,TN,ASO,CE,Federal Contract Tower,0,0,10,9,19,0,0,20,2,22,0,0,30,11,41,26,68,94,135
03/15/2006,NQA,TN,ASO,CE,Federal Contract Tower,0,0,17,8,25,0,4,22,2,28,0,4,39,10,53,12,58,70,123
03/16/2006,NQA,TN,ASO,CE,Federal Contract Tower,0,0,6,18,24,0,2,12,9,23,0,2,18,27,47,44,112,156,203
03/17/2006,NQA,TN,ASO,CE,Federal Contract Tower,0,0,16,18,34,0,2,19,7,28,0,2,35,25,62,16,126,142,204
03/18/2006,NQA,TN,ASO,CE,Federal Contract Tower,0,0,6,2,8,0,5,8,0,13,0,5,14,2,21,0,8,8,29
03/19/2006,NQA,TN,ASO,CE,Federal Contract Tower,0,4,5,8,17,0,0,6,0,6,0,4,11,8,23,8,4,12,35
03/20/2006,NQA,TN,ASO,CE,Federal Contract Tower,0,0,0,2,2,0,0,0,0,0,0,0,0,2,2,0,0,0,2
03/21/2006,NQA,TN,ASO,CE,Federal Contract Tower,0,0,7,8,15,0,0,2,0,2,0,0,9,8,17,0,0,0,17
03/22/2006,NQA,TN,ASO,CE,Federal Contract Tower,0,0,7,4,11,0,2,21,1,24,0,2,28,5,35,0,0,0,35
03/23/2006,NQA,TN,ASO,CE,Federal Contract Tower,0,0,4,12,16,0,3,17,5,25,0,3,21,17,41,18,130,148,189
03/24/2006,NQA,TN,ASO,CE,Federal Contract Tower,0,0,7,25,32,0,5,14,6,25,0,5,21,31,57,4,110,114,171
03/25/2006,NQA,TN,ASO,CE,Federal Contract Tower,0,0,2,0,2,0,1,21,2,24,0,1,23,2,26,32,0,32,58
03/26/2006,NQA,TN,ASO,CE,Federal Contract Tower,0,0,7,0,7,0,3,19,0,22,0,3,26,0,29,12,0,12,41
03/27/2006,NQA,TN,ASO,CE,Federal Contract Tower,0,0,6,7,13,0,1,8,2,11,0,1,14,9,24,6,0,6,30
03/28/2006,NQA,TN,ASO,CE,Federal Contract Tower,0,0,6,24,30,0,0,14,4,18,0,0,20,28,48,10,124,134,182
03/29/2006,NQA,TN,ASO,CE,Federal Contract Tower,0,0,10,25,35,0,0,17,10,27,0,0,27,35,62,8,182,190,252
03/30/2006,NQA,TN,ASO,CE,Federal Contract Tower,0,0,13,4,17,0,1,10,0,11,0,1,23,4,28,38,2,40,68
03/31/2006,NQA,TN,ASO,CE,Federal Contract Tower,0,0,7,4,11,0,0,9,3,12,0,0,16,7,23,36,2,38,61
04/01/2006,NQA,TN,ASO,CE,Federal Contract Tower,0,0,3,4,7,0,0,16,0,16,0,0,19,4,23,44,0,44,67
04/02/2006,NQA,TN,ASO,CE,Federal Contract Tower,0,2,7,5,14,0,0,0,0,0,0,2,7,5,14,0,0,0,14
04/03/2006,NQA,TN,ASO,CE,Federal Contract Tower,0,0,3,9,12,0,5,16,4,25,0,5,19,13,37,0,66,66,103
04/04/2006,NQA,TN,ASO,CE,Federal Contract Tower,0,0,10,24,34,0,3,21,9,33,0,3,31,33,67,6,162,168,235
04/05/2006,NQA,TN,ASO,CE,Federal Contract Tower,0,0,16,8,24,0,2,12,3,17,0,2,28,11,41,18,88,106,147
04/06/2006,NQA,TN,ASO,CE,Federal Contract Tower,0,0,12,9,21,0,1,6,3,10,0,1,18,12,31,0,40,40,71
04/07/2006,NQA,TN,ASO,CE,Federal Contract Tower,0,0,4,11,15,0,3,4,4,11,0,3,8,15,26,0,48,48,74
04/08/2006,NQA,TN,ASO,CE,Federal Contract Tower,0,0,4,2,6,0,0,4,2,6,0,0,8,4,12,0,0,0,12
04/09/2006,NQA,TN,ASO,CE,Federal Contract Tower,0,0,2,0,2,0,0,22,0,22,0,0,24,0,24,16,0,16,40
04/10/2006,NQA,TN,ASO,CE,Federal Contract Tower,0,0,5,9,14,0,2,17,6,25,0,2,22,15,39,30,120,150,189
04/11/2006,NQA,TN,ASO,CE,Federal Contract Tower,0,0,4,6,10,0,0,5,1,6,0,0,9,7,16,0,10,10,26
04/12/2006,NQA,TN,ASO,CE,Federal Contract Tower,0,0,17,13,30,0,2,4,4,10,0,2,21,17,40,8,96,104,144
04/13/2006,NQA,TN,ASO,CE,Federal Contract Tower,0,0,16,11,27,0,2,22,2,26,0,2,38,13,53,10,60,70,123
04/14/2006,NQA,TN,ASO,CE,Federal Contract Tower,0,0,14,25,39,0,3,20,12,35,0,3,34,37,74,0,150,150,224
04/15/2006,NQA,TN,ASO,CE,Federal Contract Tower,0,0,6,2,8,0,0,9,2,11,0,0,15,4,19,16,12,28,47
04/16/2006,NQA,TN,ASO,CE,Federal Contract Tower,0,0,11,1,12,0,0,3,0,3,0,0,14,1,15,0,0,0,15
04/17/2006,NQA,TN,ASO,CE,Federal Contract Tower,0,0,11,17,28,0,5,7,14,26,0,5,18,31,54,0,182,182,236
04/18/2006,NQA,TN,ASO,CE,Federal Contract Tower,0,0,9,2,11,0,3,6,8,17,0,3,15,10,28,0,60,60,88
04/19/2006,NQA,TN,ASO,CE,Federal Contract Tower,0,0,9,23,32,0,2,12,4,18,0,2,21,27,50,0,96,96,146
04/20/2006,NQA,TN,ASO,CE,Federal Contract Tower,0,0,11,8,19,0,1,6,1,8,0,1,17,9,27,0,12,12,39
04/21/2006,NQA,TN,ASO,CE,Federal Contract Tower,0,0,10,10,20,0,3,9,0,12,0,3,19,10,32,14,0,14,46
04/22/2006,NQA,TN,ASO,CE,Federal Contract Tower,0,0,9,5,14,0,0,23,0,23,0,0,32,5,37,10,12,22,59
04/23/2006,NQA,TN,ASO,CE,Federal Contract Tower,0,1,13,32,46,0,0,18,0,18,0,1,31,32,64,0,20,20,84
04/24/2006,NQA,TN,ASO,CE,Federal Contract Tower,0,0,8,3,11,0,2,14,0,16,0,2,22,3,27,34,4,38,65
04/25/2006,NQA,TN,ASO,CE,Federal Contract Tower,0,0,2,10,12,0,0,6,0,6,0,0,8,10,18,10,26,36,54
04/26/2006,NQA,TN,ASO,CE,Federal Contract Tower,0,0,13,9,22,0,1,2,0,3,0,1,15,9,25,10,26,36,61
04/27/2006,NQA,TN,ASO,CE,Federal Contract Tower,0,2,15,8,25,0,4,22,5,31,0,6,37,13,56,34,46,80,136
04/28/2006,NQA,TN,ASO,CE,Federal Contract Tower,0,0,18,20,38,0,0,18,17,35,0,0,36,37,73,16,132,148,221
04/29/2006,NQA,TN,ASO,CE,Federal Contract Tower,0,0,0,0,0,0,0,4,0,4,0,0,4,0,4,0,0,0,4
04/30/2006,NQA,TN,ASO,CE,Federal Contract Tower,0,0,18,3,21,0,2,5,2,9,0,2,23,5,30,12,30,42,72
05/01/2006,NQA,TN,ASO,CE,Federal Contract Tower,0,0,7,6,13,0,0,9,9,18,0,0,16,15,31,12,124,136,167
05/02/2006,NQA,TN,ASO,CE,Federal Contract Tower,0,0,7,19,26,0,3,10,3,16,0,3,17,22,42,30,50,80,122
05/03/2006,NQA,TN,ASO,CE,Federal Contract Tower,0,0,12,10,22,0,0,7,0,7,0,0,19,10,29,14,16,30,59
05/04/2006,NQA,TN,ASO,CE,Federal Contract Tower,0,0,9,1,10,0,3,0,0,3,0,3,9,1,13,0,0,0,13
05/05/2006,NQA,TN,ASO,CE,Federal Contract Tower,0,0,10,32,42,0,1,10,4,15,0,1,20,36,57,2,184,186,243
05/06/2006,NQA,TN,ASO,CE,Federal Contract Tower,0,0,6,1,7,0,0,24,0,24,0,0,30,1,31,12,0,12,43
05/07/2006,NQA,TN,ASO,CE,Federal Contract Tower,0,0,7,8,15,0,0,7,2,9,0,0,14,10,24,0,34,34,58
05/08/2006,NQA,TN,ASO,CE,Federal Contract Tower,0,2,1,12,15,0,2,14,9,25,0,4,15,21,40,12,70,82,122
05/09/2006,NQA,TN,ASO,CE,Federal Contract Tower,0,0,9,5,14,0,1,5,1,7,0,1,14,6,21,0,26,26,47
05/10/2006,NQA,TN,ASO,CE,Federal Contract Tower,0,0,4,10,14,0,2,1,0,3,0,2,5,10,17,0,14,14,31
05/11/2006,NQA,TN,ASO,CE,Federal Contract Tower,0,0,11,29,40,0,2,11,4,17,0,2,22,33,57,10,82,92,149
05/12/2006,NQA,TN,ASO,CE,Federal Contract Tower,0,0,9,18,27,0,9,9,0,18,0,9,18,18,45,12,4,16,61
05/13/2006,NQA,TN,ASO,CE,Federal Contract Tower,0,0,11,6,17,0,0,21,0,21,0,0,32,6,38,8,12,20,58
05/14/2006,NQA,TN,ASO,CE,Federal Contract Tower,0,0,14,1,15,0,1,8,0,9,0,1,22,1,24,2,2,4,28
05/15/2006,NQA,TN,ASO,CE,Federal Contract Tower,0,0,9,18,27,0,2,4,5,11,0,2,13,23,38,0,122,122,160
05/16/2006,NQA,TN,ASO,CE,Federal Contract Tower,0,0,11,5,16,0,0,8,3,11,0,0,19,8,27,4,26,30,57
05/17/2006,NQA,TN,ASO,CE,Federal Contract Tower,0,1,21,8,30,0,1,28,5,34,0,2,49,13,64,44,38,82,146
05/18/2006,NQA,TN,ASO,CE,Federal Contract Tower,0,0,14,13,27,0,4,5,6,15,0,4,19,19,42,6,108,114,156
05/19/2006,NQA,TN,ASO,CE,Federal Contract Tower,0,2,8,12,22,0,7,10,1,18,0,9,18,13,40,20,68,88,128
05/20/2006,NQA,TN,ASO,CE,Federal Contract Tower,0,0,7,0,7,0,1,21,1,23,0,1,28,1,30,28,0,28,58
05/21/2006,NQA,TN,ASO,CE,Federal Contract Tower,0,0,10,2,12,0,4,16,0,20,0,4,26,2,32,6,6,12,44
05/22/2006,NQA,TN,ASO,CE,Federal Contract Tower,0,0,12,14,26,0,2,12,3,17,0,2,24,17,43,8,86,94,137
05/23/2006,NQA,TN,ASO,CE,Federal Contract Tower,0,2,4,11,17,0,4,23,5,32,0,6,27,16,49,20,102,122,171
05/24/2006,NQA,TN,ASO,CE,Federal Contract Tower,2,0,7,9,18,0,0,20,7,27,2,0,27,16,45,10,104,114,159
05/25/2006,NQA,TN,ASO,CE,Federal Contract Tower,0,0,4,11,15,0,0,29,1,30,0,0,33,12,45,78,44,122,167
05/26/2006,NQA,TN,ASO,CE,Federal Contract Tower,0,0,20,18,38,0,2,23,1,26,0,2,43,19,64,36,10,46,110
05/27/2006,NQA,TN,ASO,CE,Federal Contract Tower,0,1,4,2,7,0,3,14,10,27,0,4,18,12,34,20,28,48,82
05/28/2006,NQA,TN,ASO,CE,Federal Contract Tower,0,0,5,0,5,0,4,13,0,17,0,4,18,0,22,2,0,2,24
05/29/2006,NQA,TN,ASO,CE,Federal Contract Tower,0,0,7,16,23,0,0,13,11,24,0,0,20,27,47,14,42,56,103
05/30/2006,NQA,TN,ASO,CE,Federal Contract Tower,0,0,5,16,21,0,2,16,0,18,0,2,21,16,39,4,46,50,89
05/31/2006,NQA,TN,ASO,CE,Federal Contract Tower,0,2,8,9,19,0,2,4,2,8,0,4,12,11,27,0,90,90,117
06/01/2006,NQA,TN,ASO,CE,Federal Contract Tower,0,0,9,30,39,0,4,15,7,26,0,4,24,37,65,20,128,148,213
06/02/2006,NQA,TN,ASO,CE,Federal Contract Tower,0,0,9,15,24,0,0,6,4,10,0,0,15,19,34,0,106,106,140
06/03/2006,NQA,TN,ASO,CE,Federal Contract Tower,0,0,5,0,5,0,2,9,0,11,0,2,14,0,16,10,0,10,26
06/04/2006,NQA,TN,ASO,CE,Federal Contract Tower,0,0,9,4,13,0,0,9,0,9,0,0,18,4,22,18,4,22,44
06/05/2006,NQA,TN,ASO,CE,Federal Contract Tower,0,0,12,10,22,0,0,28,10,38,0,0,40,20,60,52,140,192,252
06/06/2006,NQA,TN,ASO,CE,Federal Contract Tower,0,0,16,11,27,0,0,30,12,42,0,0,46,23,69,42,122,164,233
06/07/2006,NQA,TN,ASO,CE,Federal Contract Tower,0,0,7,10,17,0,4,23,17,44,0,4,30,27,61,16,148,164,225
06/08/2006,NQA,TN,ASO,CE,Federal Contract Tower,0,0,7,18,25,0,5,14,6,25,0,5,21,24,50,0,138,138,188
06/09/2006,NQA,TN,ASO,CE,Federal Contract Tower,0,0,11,21,32,0,2,21,12,35,0,2,32,33,67,14,92,106,173
06/10/2006,NQA,TN,ASO,CE,Federal Contract Tower,0,0,8,8,16,0,1,21,0,22,0,1,29,8,38,8,4,12,50
06/11/2006,NQA,TN,ASO,CE,Federal Contract Tower,0,0,12,5,17,0,2,30,2,34,0,2,42,7,51,36,0,36,87
06/12/2006,NQA,TN,ASO,CE,Federal Contract Tower,0,0,8,7,15,0,0,13,6,19,0,0,21,13,34,14,118,132,166
06/13/2006,NQA,TN,ASO,CE,Federal Contract Tower,0,0,19,13,32,0,0,18,8,26,0,0,37,21,58,18,166,184,242
06/14/2006,NQA,TN,ASO,CE,Federal Contract Tower,0,0,13,16,29,0,6,35,2,43,0,6,48,18,72,34,88,122,194
06/15/2006,NQA,TN,ASO,CE,Federal Contract Tower,0,0,11,12,23,0,6,34,3,43,0,6,45,15,66,94,28,122,188
06/16/2006,NQA,TN,ASO,CE,Federal Contract Tower,0,0,4,14,18,0,0,27,4,31,0,0,31,18,49,0,104,104,153
06/17/2006,NQA,TN,ASO,CE,Federal Contract Tower,0,0,5,1,6,0,0,9,0,9,0,0,14,1,15,6,0,6,21
06/18/2006,NQA,TN,ASO,CE,Federal Contract Tower,0,0,6,0,6,0,0,3,0,3,0,0,9,0,9,2,0,2,11
06/19/2006,NQA,TN,ASO,CE,Federal Contract Tower,0,0,2,18,20,0,2,10,10,22,0,2,12,28,42,10,94,104,146
06/20/2006,NQA,TN,ASO,CE,Federal Contract Tower,0,0,12,15,27,0,0,16,12,28,0,0,28,27,55,8,262,270,325
06/21/2006,NQA,TN,ASO,CE,Federal Contract Tower,0,0,12,14,26,0,0,11,2,13,0,0,23,16,39,0,58,58,97
06/22/2006,NQA,TN,ASO,CE,Federal Contract Tower,0,0,5,14,19,0,2,11,3,16,0,2,16,17,35,16,80,96,131
06/23/2006,NQA,TN,ASO,CE,Federal Contract Tower,0,0,7,13,20,0,1,18,2,21,0,1,25,15,41,34,42,76,117
06/24/2006,NQA,TN,ASO,CE,Federal Contract Tower,0,0,7,0,7,0,1,24,0,25,0,1,31,0,32,34,0,34,66
06/25/2006,NQA,TN,ASO,CE,Federal Contract Tower,0,0,9,16,25,0,1,21,0,22,0,1,30,16,47,6,54,60,107
06/26/2006,NQA,TN,ASO,CE,Federal Contract Tower,0,0,6,20,26,0,0,21,6,27,0,0,27,26,53,76,174,250,303
06/27/2006,NQA,TN,ASO,CE,Federal Contract Tower,0,0,9,6,15,0,2,22,6,30,0,2,31,12,45,16,124,140,185
06/28/2006,NQA,TN,ASO,CE,Federal Contract Tower,0,0,8,7,15,0,0,12,10,22,0,0,20,17,37,6,232,238,275
06/29/2006,NQA,TN,ASO,CE,Federal Contract Tower,0,0,6,22,28,0,1,10,1,12,0,1,16,23,40,8,116,124,164
06/30/2006,NQA,TN,ASO,CE,Federal Contract Tower,0,0,11,0,11,0,0,6,0,6,0,0,17,0,17,6,0,6,23
07/01/2006,NQA,TN,ASO,CE,Federal Contract Tower,0,0,7,0,7,0,1,26,0,27,0,1,33,0,34,2,0,2,36
07/02/2006,NQA,TN,ASO,CE,Federal Contract Tower,0,0,1,0,1,0,1,12,0,13,0,1,13,0,14,0,0,0,14
07/03/2006,NQA,TN,ASO,CE,Federal Contract Tower,0,0,11,0,11,0,0,14,0,14,0,0,25,0,25,0,0,0,25
07/04/2006,NQA,TN,ASO,CE,Federal Contract Tower,0,0,5,0,5,0,0,5,0,5,0,0,10,0,10,6,0,6,16
07/05/2006,NQA,TN,ASO,CE,Federal Contract Tower,0,0,3,2,5,0,2,2,0,4,0,2,5,2,9,0,0,0,9
07/06/2006,NQA,TN,ASO,CE,Federal Contract Tower,0,0,6,25,31,0,3,16,10,29,0,3,22,35,60,12,156,168,228
07/07/2006,NQA,TN,ASO,CE,Federal Contract Tower,0,0,11,15,26,0,1,14,9,24,0,1,25,24,50,4,92,96,146
07/08/2006,NQA,TN,ASO,CE,Federal Contract Tower,0,0,7,9,16,0,1,20,4,25,0,1,27,13,41,20,0,20,61
07/09/2006,NQA,TN,ASO,CE,Federal Contract Tower,0,0,7,6,13,0,2,21,0,23,0,2,28,6,36,12,0,12,48
07/10/2006,NQA,TN,ASO,CE,Federal Contract Tower,0,0,7,27,34,0,0,2,11,13,0,0,9,38,47,0,178,178,225
07/11/2006,NQA,TN,ASO,CE,Federal Contract Tower,0,0,12,17,29,0,0,9,0,9,0,0,21,17,38,4,20,24,62
07/12/2006,NQA,TN,ASO,CE,Federal Contract Tower,0,0,3,13,16,0,0,4,2,6,0,0,7,15,22,8,104,112,134
07/13/2006,NQA,TN,ASO,CE,Federal Contract Tower,0,0,7,8,15,0,2,8,2,12,0,2,15,10,27,46,48,94,121
07/14/2006,NQA,TN,ASO,CE,Federal Contract Tower,1,0,13,7,21,0,4,28,1,33,1,4,41,8,54,38,18,56,110
07/15/2006,NQA,TN,ASO,CE,Federal Contract Tower,0,0,4,0,4,0,2,29,0,31,0,2,33,0,35,0,0,0,35
07/16/2006,NQA,TN,ASO,CE,Federal Contract Tower,0,0,3,9,12,0,1,18,0,19,0,1,21,9,31,0,10,10,41
07/17/2006,NQA,TN,ASO,CE,Federal Contract Tower,0,0,16,8,24,0,6,24,4,34,0,6,40,12,58,24,94,118,176
07/18/2006,NQA,TN,ASO,CE,Federal Contract Tower,0,0,7,18,25,0,6,13,5,24,0,6,20,23,49,16,142,158,207
07/19/2006,NQA,TN,ASO,CE,Federal Contract Tower,0,0,24,17,41,0,1,18,11,30,0,1,42,28,71,4,130,134,205
07/20/2006,NQA,TN,ASO,CE,Federal Contract Tower,0,0,13,12,25,0,3,16,2,21,0,3,29,14,46,20,58,78,124
07/21/2006,NQA,TN,ASO,CE,Federal Contract Tower,0,0,12,25,37,0,2,21,5,28,0,2,33,30,65,28,164,192,257
07/22/2006,NQA,TN,ASO,CE,Federal Contract Tower,0,0,12,17,29,0,5,18,2,25,0,5,30,19,54,40,48,88,142
07/23/2006,NQA,TN,ASO,CE,Federal Contract Tower,0,0,11,6,17,0,1,15,0,16,0,1,26,6,33,12,0,12,45
07/24/2006,NQA,TN,ASO,CE,Federal Contract Tower,0,0,1,28,29,0,0,24,7,31,0,0,25,35,60,0,178,178,238
07/25/2006,NQA,TN,ASO,CE,Federal Contract Tower,0,0,11,24,35,0,1,8,8,17,0,1,19,32,52,0,256,256,308
07/26/2006,NQA,TN,ASO,CE,Federal Contract Tower,0,0,11,18,29,0,1,17,2,20,0,1,28,20,49,10,112,122,171
07/27/2006,NQA,TN,ASO,CE,Federal Contract Tower,0,0,15,10,25,0,0,16,4,20,0,0,31,14,45,0,50,50,95
07/28/2006,NQA,TN,ASO,CE,Federal Contract Tower,0,1,9,4,14,0,1,11,0,12,0,2,20,4,26,18,0,18,44
07/29/2006,NQA,TN,ASO,CE,Federal Contract Tower,0,0,6,0,6,0,1,9,0,10,0,1,15,0,16,10,0,10,26
07/30/2006,NQA,TN,ASO,CE,Federal Contract Tower,0,0,4,2,6,0,0,13,0,13,0,0,17,2,19,6,0,6,25
07/31/2006,NQA,TN,ASO,CE,Federal Contract Tower,0,0,5,8,13,0,2,19,1,22,0,2,24,9,35,16,76,92,127
08/01/2006,NQA,TN,ASO,CE,Federal Contract Tower,0,0,5,16,21,0,6,5,12,23,0,6,10,28,44,0,212,212,256
08/02/2006,NQA,TN,ASO,CE,Federal Contract Tower,0,0,6,8,14,0,0,8,4,12,0,0,14,12,26,4,58,62,88
08/03/2006,NQA,TN,ASO,CE,Federal Contract Tower,0,0,9,10,19,0,1,6,10,17,0,1,15,20,36,20,170,190,226
08/04/2006,NQA,TN,ASO,CE,Federal Contract Tower,0,0,7,36,43,0,3,9,13,25,0,3,16,49,68,6,130,136,204
08/05/2006,NQA,TN,ASO,CE,Federal Contract Tower,0,0,5,5,10,0,9,17,1,27,0,9,22,6,37,16,8,24,61
08/06/2006,NQA,TN,ASO,CE,Federal Contract Tower,0,0,13,6,19,0,3,9,6,18,0,3,22,12,37,12,2,14,51
08/07/2006,NQA,TN,ASO,CE,Federal Contract Tower,0,0,6,13,19,0,2,14,5,21,0,2,20,18,40,0,88,88,128
08/08/2006,NQA,TN,ASO,CE,Federal Contract Tower,0,0,16,15,31,0,4,16,10,30,0,4,32,25,61,8,164,172,233
08/09/2006,NQA,TN,ASO,CE,Federal Contract Tower,0,0,15,22,37,0,1,14,18,33,0,1,29,40,70,8,254,262,332
08/10/2006,NQA,TN,ASO,CE,Federal Contract Tower,0,0,18,10,28,0,1,11,7,19,0,1,29,17,47,22,84,106,153
08/11/2006,NQA,TN,ASO,CE,Federal Contract Tower,0,2,13,6,21,0,6,2,0,8,0,8,15,6,29,2,0,2,31
08/12/2006,NQA,TN,ASO,CE,Federal Contract Tower,0,0,10,4,14,0,2,16,0,18,0,2,26,4,32,16,8,24,56
08/13/2006,NQA,TN,ASO,CE,Federal Contract Tower,0,0,11,3,14,0,1,16,0,17,0,1,27,3,31,20,0,20,51
08/14/2006,NQA,TN,ASO,CE,Federal Contract Tower,0,0,13,10,23,0,2,12,5,19,0,2,25,15,42,2,66,68,110
08/15/2006,NQA,TN,ASO,CE,Federal Contract Tower,0,0,16,12,28,0,0,4,1,5,0,0,20,13,33,0,30,30,63
08/16/2006,NQA,TN,ASO,CE,Federal Contract Tower,0,0,5,8,13,0,0,17,1,18,0,0,22,9,31,38,42,80,111
08/17/2006,NQA,TN,ASO,CE,Federal Contract Tower,0,2,11,22,35,0,10,9,10,29,0,12,20,32,64,6,42,48,112
08/18/2006,NQA,TN,ASO,CE,Federal Contract Tower,0,1,21,22,44,0,2,6,5,13,0,3,27,27,57,0,102,102,159
08/19/2006,NQA,TN,ASO,CE,Federal Contract Tower,0,0,7,0,7,0,0,16,0,16,0,0,23,0,23,20,0,20,43
08/20/2006,NQA,TN,ASO,CE,Federal Contract Tower,0,0,9,2,11,0,0,12,0,12,0,0,21,2,23,6,4,10,33
08/21/2006,NQA,TN,ASO,CE,Federal Contract Tower,0,0,11,10,21,0,1,2,2,5,0,1,13,12,26,22,56,78,104
08/22/2006,NQA,TN,ASO,CE,Federal Contract Tower,0,0,14,6,20,0,4,6,0,10,0,4,20,6,30,6,22,28,58
08/23/2006,NQA,TN,ASO,CE,Federal Contract Tower,0,1,29,14,44,0,1,9,7,17,0,2,38,21,61,10,182,192,253
08/24/2006,NQA,TN,ASO,CE,Federal Contract Tower,0,0,6,35,41,0,2,13,4,19,0,2,19,39,60,6,82,88,148
08/25/2006,NQA,TN,ASO,CE,Federal Contract Tower,0,0,18,40,58,0,2,15,0,17,0,2,33,40,75,0,92,92,167
08/26/2006,NQA,TN,ASO,CE,Federal Contract Tower,0,0,8,1,9,0,0,9,0,9,0,0,17,1,18,0,0,0,18
08/27/2006,NQA,TN,ASO,CE,Federal Contract Tower,0,0,8,7,15,0,0,11,2,13,0,0,19,9,28,0,0,0,28
08/28/2006,NQA,TN,ASO,CE,Federal Contract Tower,0,0,1,30,31,0,0,7,3,10,0,0,8,33,41,0,116,116,157
08/29/2006,NQA,TN,ASO,CE,Federal Contract Tower,0,0,13,2,15,0,0,2,7,9,0,0,15,9,24,2,0,2,26
08/30/2006,NQA,TN,ASO,CE,Federal Contract Tower,0,0,6,38,44,0,3,15,9,27,0,3,21,47,71,16,120,136,207
08/31/2006,NQA,TN,ASO,CE,Federal Contract Tower,0,0,12,3,15,0,2,9,3,14,0,2,21,6,29,0,16,16,45
09/01/2006,NQA,TN,ASO,CE,Federal Contract Tower,0,0,8,17,25,0,6,14,1,21,0,6,22,18,46,0,4,4,50
09/02/2006,NQA,TN,ASO,CE,Federal Contract Tower,0,2,7,2,11,0,0,7,3,10,0,2,14,5,21,18,18,36,57
09/03/2006,NQA,TN,ASO,CE,Federal Contract Tower,10,0,4,0,14,0,1,9,0,10,10,1,13,0,24,8,0,8,32
09/04/2006,NQA,TN,ASO,CE,Federal Contract Tower,0,0,9,3,12,0,2,31,1,34,0,2,40,4,46,42,4,46,92
09/05/2006,NQA,TN,ASO,CE,Federal Contract Tower,0,0,8,16,24,0,0,8,11,19,0,0,16,27,43,2,178,180,223
09/06/2006,NQA,TN,ASO,CE,Federal Contract Tower,0,0,8,19,27,0,1,16,21,38,0,1,24,40,65,22,204,226,291
09/07/2006,NQA,TN,ASO,CE,Federal Contract Tower,4,0,7,24,35,0,1,11,4,16,4,1,18,28,51,6,164,170,221
09/08/2006,NQA,TN,ASO,CE,Federal Contract Tower,0,0,7,24,31,0,0,23,9,32,0,0,30,33,63,12,148,160,223
09/09/2006,NQA,TN,ASO,CE,Federal Contract Tower,0,0,12,6,18,0,0,26,0,26,0,0,38,6,44,36,0,36,80
09/10/2006,NQA,TN,ASO,CE,Federal Contract Tower,0,0,10,9,19,0,1,4,0,5,0,1,14,9,24,18,0,18,42
09/11/2006,NQA,TN,ASO,CE,Federal Contract Tower,0,0,8,4,12,0,2,3,2,7,0,2,11,6,19,0,26,26,45
09/12/2006,NQA,TN,ASO,CE,Federal Contract Tower,0,0,15,25,40,0,2,6,10,18,0,2,21,35,58,6,206,212,270
09/13/2006,NQA,TN,ASO,CE,Federal Contract Tower,0,1,18,13,32,0,2,50,3,55,0,3,68,16,87,16,50,66,153
09/14/2006,NQA,TN,ASO,CE,Federal Contract Tower,0,0,6,16,22,0,6,24,11,41,0,6,30,27,63,12,218,230,293
09/15/2006,NQA,TN,ASO,CE,Federal Contract Tower,0,0,15,17,32,0,2,18,6,26,0,2,33,23,58,4,108,112,170
09/16/2006,NQA,TN,ASO,CE,Federal Contract Tower,0,0,4,8,12,0,7,38,0,45,0,7,42,8,57,24,6,30,87
09/17/2006,NQA,TN,ASO,CE,Federal Contract Tower,0,2,8,6,16,0,0,18,1,19,0,2,26,7,35,8,8,16,51
09/18/2006,NQA,TN,ASO,CE,Federal Contract Tower,0,0,2,11,13,0,0,0,1,1,0,0,2,12,14,0,0,0,14
09/19/2006,NQA,TN,ASO,CE,Federal Contract Tower,0,0,16,7,23,0,1,13,2,16,0,1,29,9,39,0,32,32,71
09/20/2006,NQA,TN,ASO,CE,Federal Contract Tower,0,0,4,15,19,0,2,21,7,30,0,2,25,22,49,28,161,189,238
09/21/2006,NQA,TN,ASO,CE,Federal Contract Tower,0,0,10,10,20,0,4,7,16,27,0,4,17,26,47,0,172,172,219
09/22/2006,NQA,TN,ASO,CE,Federal Contract Tower,0,0,7,8,15,0,4,1,0,5,0,4,8,8,20,0,24,24,44
09/23/2006,NQA,TN,ASO,CE,Federal Contract Tower,0,0,2,2,4,0,0,0,0,0,0,0,2,2,4,0,0,0,4
09/24/2006,NQA,TN,ASO,CE,Federal Contract Tower,0,0,5,6,11,0,1,6,0,7,0,1,11,6,18,0,0,0,18
09/25/2006,NQA,TN,ASO,CE,Federal Contract Tower,0,0,7,8,15,0,2,13,11,26,0,2,20,19,41,0,184,184,225
09/26/2006,NQA,TN,ASO,CE,Federal Contract Tower,0,0,13,19,32,0,0,21,10,31,0,0,34,29,63,12,148,160,223
09/27/2006,NQA,TN,ASO,CE,Federal Contract Tower,0,7,6,7,20,0,1,7,1,9,0,8,13,8,29,0,0,0,29
09/28/2006,NQA,TN,ASO,CE,Federal Contract Tower,0,0,7,6,13,0,0,7,0,7,0,0,14,6,20,0,4,4,24
09/29/2006,NQA,TN,ASO,CE,Federal Contract Tower,0,0,17,8,25,0,3,58,2,63,0,3,75,10,88,58,0,58,146
09/30/2006,NQA,TN,ASO,CE,Federal Contract Tower,0,0,6,0,6,0,0,9,0,9,0,0,15,0,15,6,0,6,21
10/01/2006,NQA,TN,ASO,CE,Federal Contract Tower,0,0,9,0,9,0,4,13,0,17,0,4,22,0,26,4,0,4,30
10/02/2006,NQA,TN,ASO,CE,Federal Contract Tower,0,0,8,7,15,0,0,9,4,13,0,0,17,11,28,4,96,100,128
10/03/2006,NQA,TN,ASO,CE,Federal Contract Tower,0,2,6,10,18,0,2,27,0,29,0,4,33,10,47,4,62,66,113
10/04/2006,NQA,TN,ASO,CE,Federal Contract Tower,0,0,8,14,22,0,1,23,0,24,0,1,31,14,46,16,92,108,154
10/05/2006,NQA,TN,ASO,CE,Federal Contract Tower,0,4,7,14,25,0,1,8,0,9,0,5,15,14,34,0,70,70,104
10/06/2006,NQA,TN,ASO,CE,Federal Contract Tower,0,0,14,27,41,0,4,12,4,20,0,4,26,31,61,0,82,82,143
10/07/2006,NQA,TN,ASO,CE,Federal Contract Tower,0,0,11,1,12,0,0,15,0,15,0,0,26,1,27,24,0,24,51
10/08/2006,NQA,TN,ASO,CE,Federal Contract Tower,0,0,8,1,9,0,2,14,0,16,0,2,22,1,25,22,0,22,47
10/09/2006,NQA,TN,ASO,CE,Federal Contract Tower,0,0,9,7,16,0,1,14,0,15,0,1,23,7,31,14,0,14,45
10/10/2006,NQA,TN,ASO,CE,Federal Contract Tower,0,0,11,6,17,0,1,19,3,23,0,1,30,9,40,8,2,10,50
10/11/2006,NQA,TN,ASO,CE,Federal Contract Tower,0,0,4,10,14,0,3,16,1,20,0,3,20,11,34,4,34,38,72
10/12/2006,NQA,TN,ASO,CE,Federal Contract Tower,0,0,6,4,10,0,0,16,1,17,0,0,22,5,27,10,48,58,85
10/13/2006,NQA,TN,ASO,CE,Federal Contract Tower,0,0,10,33,43,0,7,20,4,31,0,7,30,37,74,8,124,132,206
10/14/2006,NQA,TN,ASO,CE,Federal Contract Tower,0,0,11,4,15,0,0,30,0,30,0,0,41,4,45,26,0,26,71
10/15/2006,NQA,TN,ASO,CE,Federal Contract Tower,0,0,16,9,25,0,2,5,0,7,0,2,21,9,32,6,0,6,38
10/16/2006,NQA,TN,ASO,CE,Federal Contract Tower,0,0,0,6,6,0,0,0,0,0,0,0,0,6,6,0,16,16,22
10/17/2006,NQA,TN,ASO,CE,Federal Contract Tower,0,0,13,28,41,0,0,5,3,8,0,0,18,31,49,12,104,116,165
10/18/2006,NQA,TN,ASO,CE,Federal Contract Tower,0,0,12,16,28,0,1,25,10,36,0,1,37,26,64,28,84,112,176
10/19/2006,NQA,TN,ASO,CE,Federal Contract Tower,0,0,7,0,7,0,0,3,0,3,0,0,10,0,10,0,0,0,10
10/20/2006,NQA,TN,ASO,CE,Federal Contract Tower,0,0,12,45,57,0,2,19,16,37,0,2,31,61,94,30,144,174,268
10/21/2006,NQA,TN,ASO,CE,Federal Contract Tower,0,0,6,10,16,0,3,11,0,14,0,3,17,10,30,6,0,6,36
10/22/2006,NQA,TN,ASO,CE,Federal Contract Tower,0,0,5,6,11,0,2,4,0,6,0,2,9,6,17,8,0,8,25
10/23/2006,NQA,TN,ASO,CE,Federal Contract Tower,0,0,10,9,19,0,0,9,11,20,0,0,19,20,39,6,230,236,275
10/24/2006,NQA,TN,ASO,CE,Federal Contract Tower,0,0,14,12,26,0,4,20,7,31,0,4,34,19,57,18,56,74,131
10/25/2006,NQA,TN,ASO,CE,Federal Contract Tower,0,0,18,10,28,0,0,7,5,12,0,0,25,15,40,4,120,124,164
10/26/2006,NQA,TN,ASO,CE,Federal Contract Tower,1,0,31,20,52,0,0,1,0,1,1,0,32,20,53,0,8,8,61
10/27/2006,NQA,TN,ASO,CE,Federal Contract Tower,0,2,13,9,24,0,4,0,0,4,0,6,13,9,28,0,0,0,28
10/28/2006,NQA,TN,ASO,CE,Federal Contract Tower,2,3,59,3,67,0,1,75,1,77,2,4,134,4,144,8,0,8,152
10/29/2006,NQA,TN,ASO,CE,Federal Contract Tower,0,0,5,7,12,0,1,14,0,15,0,1,19,7,27,0,0,0,27
10/30/2006,NQA,TN,ASO,CE,Federal Contract Tower,0,0,15,6,21,0,0,5,0,5,0,0,20,6,26,0,48,48,74
10/31/2006,NQA,TN,ASO,CE,Federal Contract Tower,0,0,17,2,19,0,0,4,0,4,0,0,21,2,23,0,0,0,23
11/01/2006,NQA,TN,ASO,CE,Federal Contract Tower,0,3,5,2,10,0,0,4,1,5,0,3,9,3,15,12,0,12,27
11/02/2006,NQA,TN,ASO,CE,Federal Contract Tower,0,0,5,42,47,0,2,15,10,27,0,2,20,52,74,8,130,138,212
11/03/2006,NQA,TN,ASO,CE,Federal Contract Tower,0,0,16,19,35,0,5,29,14,48,0,5,45,33,83,12,88,100,183
11/04/2006,NQA,TN,ASO,CE,Federal Contract Tower,0,0,6,2,8,0,2,27,0,29,0,2,33,2,37,6,0,6,43
11/05/2006,NQA,TN,ASO,CE,Federal Contract Tower,0,0,8,6,14,0,0,25,0,25,0,0,33,6,39,12,6,18,57
11/06/2006,NQA,TN,ASO,CE,Federal Contract Tower,0,0,6,4,10,0,0,0,1,1,0,0,6,5,11,0,0,0,11
11/07/2006,NQA,TN,ASO,CE,Federal Contract Tower,0,0,10,4,14,0,0,1,0,1,0,0,11,4,15,0,0,0,15
11/08/2006,NQA,TN,ASO,CE,Federal Contract Tower,0,0,4,26,30,0,0,17,23,40,0,0,21,49,70,0,244,244,314
11/09/2006,NQA,TN,ASO,CE,Federal Contract Tower,0,0,7,4,11,0,0,21,2,23,0,0,28,6,34,0,64,64,98
11/10/2006,NQA,TN,ASO,CE,Federal Contract Tower,1,0,11,0,12,0,0,3,3,6,1,0,14,3,18,0,0,0,18
11/11/2006,NQA,TN,ASO,CE,Federal Contract Tower,1,0,11,6,18,0,1,7,0,8,1,1,18,6,26,0,18,18,44
11/12/2006,NQA,TN,ASO,CE,Federal Contract Tower,0,2,13,3,18,0,0,13,1,14,0,2,26,4,32,20,0,20,52
11/13/2006,NQA,TN,ASO,CE,Federal Contract Tower,0,0,5,18,23,0,0,6,6,12,0,0,11,24,35,10,184,194,229
11/14/2006,NQA,TN,ASO,CE,Federal Contract Tower,0,0,18,2,20,0,0,3,2,5,0,0,21,4,25,0,72,72,97
11/15/2006,NQA,TN,ASO,CE,Federal Contract Tower,0,0,2,4,6,0,0,0,0,0,0,0,2,4,6,0,6,6,12
11/16/2006,NQA,TN,ASO,CE,Federal Contract Tower,0,0,5,1,6,0,1,6,4,11,0,1,11,5,17,0,0,0,17
11/17/2006,NQA,TN,ASO,CE,Federal Contract Tower,0,1,9,21,31,0,2,30,8,40,0,3,39,29,71,50,286,336,407
11/18/2006,NQA,TN,ASO,CE,Federal Contract Tower,0,1,7,15,23,0,1,22,3,26,0,2,29,18,49,28,124,152,201
11/19/2006,NQA,TN,ASO,CE,Federal Contract Tower,0,0,3,6,9,0,0,19,0,19,0,0,22,6,28,8,0,8,36
11/20/2006,NQA,TN,ASO,CE,Federal Contract Tower,0,0,4,10,14,0,1,17,2,20,0,1,21,12,34,24,70,94,128
11/21/2006,NQA,TN,ASO,CE,Federal Contract Tower,0,0,7,8,15,0,1,23,1,25,0,1,30,9,40,26,50,76,116
11/22/2006,NQA,TN,ASO,CE,Federal Contract Tower,0,0,15,6,21,0,1,15,1,17,0,1,30,7,38,14,80,94,132
11/23/2006,NQA,TN,ASO,CE,Federal Contract Tower,0,0,2,0,2,0,0,17,0,17,0,0,19,0,19,10,0,10,29
11/24/2006,NQA,TN,ASO,CE,Federal Contract Tower,0,0,10,0,10,0,2,14,0,16,0,2,24,0,26,4,0,4,30
11/25/2006,NQA,TN,ASO,CE,Federal Contract Tower,0,0,8,0,8,0,1,9,0,10,0,1,17,0,18,14,0,14,32
11/26/2006,NQA,TN,ASO,CE,Federal Contract Tower,0,0,14,0,14,0,0,16,0,16,0,0,30,0,30,18,0,18,48
11/27/2006,NQA,TN,ASO,CE,Federal Contract Tower,0,0,7,13,20,0,1,16,23,40,0,1,23,36,60,0,220,220,280
11/28/2006,NQA,TN,ASO,CE,Federal Contract Tower,0,0,4,33,37,0,0,5,19,24,0,0,9,52,61,0,212,212,273
11/29/2006,NQA,TN,ASO,CE,Federal Contract Tower,0,0,15,26,41,0,3,8,17,28,0,3,23,43,69,0,262,262,331
11/30/2006,NQA,TN,ASO,CE,Federal Contract Tower,0,0,4,2,6,0,0,0,0,0,0,0,4,2,6,0,0,0,6
12/01/2006,NQA,TN,ASO,CE,Federal Contract Tower,0,0,5,22,27,0,1,4,0,5,0,1,9,22,32,0,106,106,138
12/02/2006,NQA,TN,ASO,CE,Federal Contract Tower,0,0,4,4,8,0,1,13,0,14,0,1,17,4,22,20,40,60,82
12/03/2006,NQA,TN,ASO,CE,Federal Contract Tower,0,0,3,8,11,0,2,13,0,15,0,2,16,8,26,18,0,18,44
12/04/2006,NQA,TN,ASO,CE,Federal Contract Tower,0,0,3,10,13,0,2,14,4,20,0,2,17,14,33,24,120,144,177
12/05/2006,NQA,TN,ASO,CE,Federal Contract Tower,0,0,5,16,21,0,0,31,11,42,0,0,36,27,63,0,126,126,189
12/06/2006,NQA,TN,ASO,CE,Federal Contract Tower,0,0,17,4,21,0,0,14,2,16,0,0,31,6,37,24,36,60,97
12/07/2006,NQA,TN,ASO,CE,Federal Contract Tower,0,0,5,8,13,0,0,3,1,4,0,0,8,9,17,0,34,34,51
12/08/2006,NQA,TN,ASO,CE,Federal Contract Tower,0,0,9,4,13,0,4,23,5,32,0,4,32,9,45,12,74,86,131
12/09/2006,NQA,TN,ASO,CE,Federal Contract Tower,0,0,3,4,7,0,0,29,0,29,0,0,32,4,36,8,2,10,46
12/10/2006,NQA,TN,ASO,CE,Federal Contract Tower,0,0,9,3,12,0,3,24,0,27,0,3,33,3,39,32,4,36,75
12/11/2006,NQA,TN,ASO,CE,Federal Contract Tower,0,0,8,14,22,0,0,11,17,28,0,0,19,31,50,8,240,248,298
12/12/2006,NQA,TN,ASO,CE,Federal Contract Tower,0,0,9,28,37,0,0,3,2,5,0,0,12,30,42,0,24,24,66
12/13/2006,NQA,TN,ASO,CE,Federal Contract Tower,0,4,9,11,24,0,5,17,4,26,0,9,26,15,50,20,64,84,134
12/14/2006,NQA,TN,ASO,CE,Federal Contract Tower,0,0,7,23,30,0,2,14,9,25,0,2,21,32,55,18,92,110,165
12/15/2006,NQA,TN,ASO,CE,Federal Contract Tower,0,0,8,20,28,0,1,22,8,31,0,1,30,28,59,2,120,122,181
12/16/2006,NQA,TN,ASO,CE,Federal Contract Tower,0,0,8,1,9,0,1,20,0,21,0,1,28,1,30,12,0,12,42
12/17/2006,NQA,TN,ASO,CE,Federal Contract Tower,0,0,7,8,15,0,0,25,0,25,0,0,32,8,40,44,4,48,88
12/18/2006,NQA,TN,ASO,CE,Federal Contract Tower,0,0,16,6,22,0,0,3,3,6,0,0,19,9,28,0,18,18,46
12/19/2006,NQA,TN,ASO,CE,Federal Contract Tower,0,2,12,7,21,0,1,7,1,9,0,3,19,8,30,26,12,38,68
12/20/2006,NQA,TN,ASO,CE,Federal Contract Tower,0,0,9,17,26,0,3,3,6,12,0,3,12,23,38,0,234,234,272
12/21/2006,NQA,TN,ASO,CE,Federal Contract Tower,0,0,5,10,15,0,0,1,0,1,0,0,6,10,16,0,0,0,16
12/22/2006,NQA,TN,ASO,CE,Federal Contract Tower,0,0,11,0,11,0,7,26,0,33,0,7,37,0,44,54,0,54,98
12/23/2006,NQA,TN,ASO,CE,Federal Contract Tower,0,0,7,0,7,0,0,35,0,35,0,0,42,0,42,38,0,38,80
12/24/2006,NQA,TN,ASO,CE,Federal Contract Tower,0,0,3,0,3,0,2,4,0,6,0,2,7,0,9,0,0,0,9
12/25/2006,NQA,TN,ASO,CE,Federal Contract Tower,0,0,1,0,1,0,0,0,0,0,0,0,1,0,1,0,0,0,1
12/26/2006,NQA,TN,ASO,CE,Federal Contract Tower,0,0,8,0,8,0,1,6,0,7,0,1,14,0,15,12,0,12,27
12/27/2006,NQA,TN,ASO,CE,Federal Contract Tower,0,0,6,0,6,1,4,15,0,20,1,4,21,0,26,8,0,8,34
12/28/2006,NQA,TN,ASO,CE,Federal Contract Tower,0,0,20,0,20,0,0,24,0,24,0,0,44,0,44,12,0,12,56
12/29/2006,NQA,TN,ASO,CE,Federal Contract Tower,0,0,7,0,7,0,1,15,0,16,0,1,22,0,23,2,0,2,25
12/30/2006,NQA,TN,ASO,CE,Federal Contract Tower,0,0,5,0,5,0,0,1,0,1,0,0,6,0,6,0,0,0,6
12/31/2006,NQA,TN,ASO,CE,Federal Contract Tower,0,0,1,0,1,0,0,15,0,15,0,0,16,0,16,32,0,32,48
01/01/2007,NQA,TN,ASO,CE,Federal Contract Tower,0,0,2,0,2,0,2,12,0,14,0,2,14,0,16,0,0,0,16
01/02/2007,NQA,TN,ASO,CE,Federal Contract Tower,0,0,10,4,14,0,8,26,0,34,0,8,36,4,48,36,0,36,84
01/03/2007,NQA,TN,ASO,CE,Federal Contract Tower,1,0,9,12,22,0,1,9,0,10,1,1,18,12,32,10,16,26,58
01/04/2007,NQA,TN,ASO,CE,Federal Contract Tower,0,0,7,37,44,0,0,5,0,5,0,0,12,37,49,0,54,54,103
01/05/2007,NQA,TN,ASO,CE,Federal Contract Tower,0,0,20,4,24,0,4,3,0,7,0,4,23,4,31,0,0,0,31
01/06/2007,NQA,TN,ASO,CE,Federal Contract Tower,0,0,11,4,15,0,0,6,2,8,0,0,17,6,23,0,0,0,23
01/07/2007,NQA,TN,ASO,CE,Federal Contract Tower,0,0,2,5,7,0,0,0,0,0,0,0,2,5,7,0,0,0,7
01/08/2007,NQA,TN,ASO,CE,Federal Contract Tower,0,0,17,15,32,0,1,17,11,29,0,1,34,26,61,42,154,196,257
01/09/2007,NQA,TN,ASO,CE,Federal Contract Tower,0,0,10,6,16,0,0,20,1,21,0,0,30,7,37,8,14,22,59
01/10/2007,NQA,TN,ASO,CE,Federal Contract Tower,0,0,6,21,27,0,1,13,13,27,0,1,19,34,54,8,230,238,292
01/11/2007,NQA,TN,ASO,CE,Federal Contract Tower,0,0,4,9,13,0,4,6,2,12,0,4,10,11,25,0,104,104,129
01/12/2007,NQA,TN,ASO,CE,Federal Contract Tower,0,0,4,15,19,0,1,2,2,5,0,1,6,17,24,4,28,32,56
01/13/2007,NQA,TN,ASO,CE,Federal Contract Tower,0,2,3,2,7,0,0,0,0,0,0,2,3,2,7,0,0,0,7
01/14/2007,NQA,TN,ASO,CE,Federal Contract Tower,0,0,7,2,9,0,0,0,0,0,0,0,7,2,9,0,0,0,9
01/15/2007,NQA,TN,ASO,CE,Federal Contract Tower,0,0,0,2,2,0,1,0,0,1,0,1,0,2,3,0,0,0,3
01/16/2007,NQA,TN,ASO,CE,Federal Contract Tower,1,0,2,22,25,0,3,1,5,9,1,3,3,27,34,0,110,110,144
01/17/2007,NQA,TN,ASO,CE,Federal Contract Tower,0,1,7,20,28,0,6,5,2,13,0,7,12,22,41,0,50,50,91
01/18/2007,NQA,TN,ASO,CE,Federal Contract Tower,0,0,5,15,20,0,0,13,9,22,0,0,18,24,42,58,210,268,310
01/19/2007,NQA,TN,ASO,CE,Federal Contract Tower,0,0,7,33,40,0,1,31,6,38,0,1,38,39,78,54,172,226,304
01/20/2007,NQA,TN,ASO,CE,Federal Contract Tower,0,0,1,3,4,0,0,8,0,8,0,0,9,3,12,34,0,34,46
01/21/2007,NQA,TN,ASO,CE,Federal Contract Tower,0,0,8,3,11,0,1,2,0,3,0,1,10,3,14,0,0,0,14
01/22/2007,NQA,TN,ASO,CE,Federal Contract Tower,0,0,10,13,23,0,4,5,23,32,0,4,15,36,55,0,324,324,379
01/23/2007,NQA,TN,ASO,CE,Federal Contract Tower,0,0,6,12,18,0,2,19,8,29,0,2,25,20,47,14,140,154,201
01/24/2007,NQA,TN,ASO,CE,Federal Contract Tower,0,0,6,15,21,0,2,7,4,13,0,2,13,19,34,4,140,144,178
01/25/2007,NQA,TN,ASO,CE,Federal Contract Tower,0,0,14,8,22,0,0,5,2,7,0,0,19,10,29,2,76,78,107
01/26/2007,NQA,TN,ASO,CE,Federal Contract Tower,0,0,14,9,23,0,0,19,14,33,0,0,33,23,56,6,200,206,262
01/27/2007,NQA,TN,ASO,CE,Federal Contract Tower,0,0,14,6,20,0,0,9,0,9,0,0,23,6,29,26,0,26,55
01/28/2007,NQA,TN,ASO,CE,Federal Contract Tower,0,0,10,3,13,0,1,3,0,4,0,1,13,3,17,4,0,4,21
01/29/2007,NQA,TN,ASO,CE,Federal Contract Tower,0,0,33,20,53,0,3,14,19,36,0,3,47,39,89,16,266,282,371
01/30/2007,NQA,TN,ASO,CE,Federal Contract Tower,0,0,9,5,14,0,1,13,2,16,0,1,22,7,30,2,46,48,78
01/31/2007,NQA,TN,ASO,CE,Federal Contract Tower,0,0,8,13,21,0,0,2,6,8,0,0,10,19,29,0,76,76,105
02/01/2007,NQA,TN,ASO,CE,Federal Contract Tower,0,0,0,12,12,0,0,1,2,3,0,0,1,14,15,6,10,16,31
02/02/2007,NQA,TN,ASO,CE,Federal Contract Tower,0,0,9,33,42,0,3,5,10,18,0,3,14,43,60,4,170,174,234
02/03/2007,NQA,TN,ASO,CE,Federal Contract Tower,0,0,2,0,2,0,0,28,4,32,0,0,30,4,34,32,0,32,66
02/04/2007,NQA,TN,ASO,CE,Federal Contract Tower,0,0,6,0,6,0,0,14,0,14,0,0,20,0,20,4,0,4,24
02/05/2007,NQA,TN,ASO,CE,Federal Contract Tower,0,0,5,6,11,0,0,13,4,17,0,0,18,10,28,38,46,84,112
02/06/2007,NQA,TN,ASO,CE,Federal Contract Tower,0,0,12,11,23,0,6,7,2,15,0,6,19,13,38,0,144,144,182
02/07/2007,NQA,TN,ASO,CE,Federal Contract Tower,0,0,2,12,14,0,1,18,2,21,0,1,20,14,35,12,114,126,161
02/08/2007,NQA,TN,ASO,CE,Federal Contract Tower,0,0,16,4,20,0,0,11,4,15,0,0,27,8,35,0,82,82,117
02/09/2007,NQA,TN,ASO,CE,Federal Contract Tower,0,2,13,5,20,0,0,6,0,6,0,2,19,5,26,4,0,4,30
02/10/2007,NQA,TN,ASO,CE,Federal Contract Tower,0,0,7,2,9,0,0,30,0,30,0,0,37,2,39,20,0,20,59
02/11/2007,NQA,TN,ASO,CE,Federal Contract Tower,0,0,4,0,4,0,0,19,0,19,0,0,23,0,23,40,0,40,63
02/12/2007,NQA,TN,ASO,CE,Federal Contract Tower,0,0,5,11,16,0,1,4,0,5,0,1,9,11,21,0,26,26,47
02/13/2007,NQA,TN,ASO,CE,Federal Contract Tower,0,0,1,2,3,0,2,0,0,2,0,2,1,2,5,0,0,0,5
02/14/2007,NQA,TN,ASO,CE,Federal Contract Tower,0,2,11,2,15,0,13,4,0,17,0,15,15,2,32,0,0,0,32
02/15/2007,NQA,TN,ASO,CE,Federal Contract Tower,0,0,4,8,12,0,2,3,0,5,0,2,7,8,17,0,24,24,41
02/16/2007,NQA,TN,ASO,CE,Federal Contract Tower,0,0,13,20,33,0,2,15,11,28,0,2,28,31,61,6,158,164,225
02/17/2007,NQA,TN,ASO,CE,Federal Contract Tower,0,0,0,0,0,0,0,5,0,5,0,0,5,0,5,0,0,0,5
02/18/2007,NQA,TN,ASO,CE,Federal Contract Tower,0,0,18,17,35,0,2,22,1,25,0,2,40,18,60,60,40,100,160
02/19/2007,NQA,TN,ASO,CE,Federal Contract Tower,0,0,6,5,11,0,5,8,0,13,0,5,14,5,24,0,8,8,32
02/20/2007,NQA,TN,ASO,CE,Federal Contract Tower,0,0,6,3,9,0,0,1,4,5,0,0,7,7,14,2,38,40,54
02/21/2007,NQA,TN,ASO,CE,Federal Contract Tower,0,0,6,22,28,0,0,4,2,6,0,0,10,24,34,6,66,72,106
02/22/2007,NQA,TN,ASO,CE,Federal Contract Tower,0,0,19,16,35,0,1,39,9,49,0,1,58,25,84,12,172,184,268
02/23/2007,NQA,TN,ASO,CE,Federal Contract Tower,0,0,10,10,20,0,5,23,2,30,0,5,33,12,50,14,96,110,160
02/24/2007,NQA,TN,ASO,CE,Federal Contract Tower,0,0,4,0,4,0,0,1,0,1,0,0,5,0,5,0,0,0,5
02/25/2007,NQA,TN,ASO,CE,Federal Contract Tower,0,0,8,1,9,0,1,3,1,5,0,1,11,2,14,0,6,6,20
02/26/2007,NQA,TN,ASO,CE,Federal Contract Tower,0,0,2,28,30,0,3,13,2,18,0,3,15,30,48,0,162,162,210
02/27/2007,NQA,TN,ASO,CE,Federal Contract Tower,0,0,6,16,22,0,0,9,7,16,0,0,15,23,38,0,132,132,170
02/28/2007,NQA,TN,ASO,CE,Federal Contract Tower,0,0,7,20,27,0,4,5,5,14,0,4,12,25,41,10,132,142,183
03/01/2007,NQA,TN,ASO,CE,Federal Contract Tower,0,0,8,6,14,0,0,5,2,7,0,0,13,8,21,30,0,30,51
03/02/2007,NQA,TN,ASO,CE,Federal Contract Tower,0,0,12,35,47,0,2,11,1,14,0,2,23,36,61,4,50,54,115
03/03/2007,NQA,TN,ASO,CE,Federal Contract Tower,0,0,0,4,4,0,1,12,0,13,0,1,12,4,17,4,0,4,21
03/04/2007,NQA,TN,ASO,CE,Federal Contract Tower,0,0,5,4,9,0,1,30,0,31,0,1,35,4,40,28,0,28,68
03/05/2007,NQA,TN,ASO,CE,Federal Contract Tower,0,0,6,39,45,0,0,17,14,31,0,0,23,53,76,38,66,104,180
03/06/2007,NQA,TN,ASO,CE,Federal Contract Tower,0,7,10,16,33,0,2,18,6,26,0,9,28,22,59,26,116,142,201
03/07/2007,NQA,TN,ASO,CE,Federal Contract Tower,0,0,23,28,51,0,0,21,9,30,0,0,44,37,81,2,162,164,245
03/08/2007,NQA,TN,ASO,CE,Federal Contract Tower,0,0,15,26,41,0,1,11,6,18,0,1,26,32,59,6,184,190,249
03/09/2007,NQA,TN,ASO,CE,Federal Contract Tower,0,0,6,12,18,0,2,29,10,41,0,2,35,22,59,18,180,198,257
03/10/2007,NQA,TN,ASO,CE,Federal Contract Tower,0,0,6,2,8,0,2,23,0,25,0,2,29,2,33,26,0,26,59
03/11/2007,NQA,TN,ASO,CE,Federal Contract Tower,0,0,6,19,25,0,2,18,0,20,0,2,24,19,45,0,20,20,65
03/12/2007,NQA,TN,ASO,CE,Federal Contract Tower,0,0,7,9,16,0,4,11,0,15,0,4,18,9,31,4,16,20,51
03/13/2007,NQA,TN,ASO,CE,Federal Contract Tower,0,0,12,7,19,0,0,2,0,2,0,0,14,7,21,10,42,52,73
03/14/2007,NQA,TN,ASO,CE,Federal Contract Tower,0,0,10,2,12,0,3,6,0,9,0,3,16,2,21,0,0,0,21
03/15/2007,NQA,TN,ASO,CE,Federal Contract Tower,0,0,28,1,29,0,0,7,0,7,0,0,35,1,36,8,0,8,44
03/16/2007,NQA,TN,ASO,CE,Federal Contract Tower,0,0,8,5,13,0,0,19,14,33,0,0,27,19,46,10,52,62,108
03/17/2007,NQA,TN,ASO,CE,Federal Contract Tower,0,0,4,6,10,0,0,26,1,27,0,0,30,7,37,28,12,40,77
03/18/2007,NQA,TN,ASO,CE,Federal Contract Tower,0,0,9,4,13,0,0,11,2,13,0,0,20,6,26,12,0,12,38
03/19/2007,NQA,TN,ASO,CE,Federal Contract Tower,0,0,8,7,15,1,0,4,0,5,1,0,12,7,20,0,34,34,54
03/20/2007,NQA,TN,ASO,CE,Federal Contract Tower,0,0,16,2,18,0,2,7,0,9,0,2,23,2,27,0,0,0,27
03/21/2007,NQA,TN,ASO,CE,Federal Contract Tower,0,0,11,17,28,0,0,27,6,33,0,0,38,23,61,12,136,148,209
03/22/2007,NQA,TN,ASO,CE,Federal Contract Tower,0,0,17,10,27,0,2,14,7,23,0,2,31,17,50,10,144,154,204
03/23/2007,NQA,TN,ASO,CE,Federal Contract Tower,0,0,9,14,23,0,0,49,8,57,0,0,58,22,80,8,116,124,204
03/24/2007,NQA,TN,ASO,CE,Federal Contract Tower,0,0,12,0,12,0,1,45,0,46,0,1,57,0,58,58,0,58,116
03/25/2007,NQA,TN,ASO,CE,Federal Contract Tower,0,0,7,0,7,0,0,22,0,22,0,0,29,0,29,8,0,8,37
03/26/2007,NQA,TN,ASO,CE,Federal Contract Tower,0,0,13,14,27,0,3,10,4,17,0,3,23,18,44,2,56,58,102
03/27/2007,NQA,TN,ASO,CE,Federal Contract Tower,0,0,3,31,34,0,1,11,14,26,0,1,14,45,60,0,126,126,186
03/28/2007,NQA,TN,ASO,CE,Federal Contract Tower,0,0,12,9,21,0,1,7,9,17,0,1,19,18,38,6,160,166,204
03/29/2007,NQA,TN,ASO,CE,Federal Contract Tower,0,0,12,20,32,0,2,14,11,27,0,2,26,31,59,6,58,64,123
03/30/2007,NQA,TN,ASO,CE,Federal Contract Tower,0,0,7,24,31,0,2,24,0,26,0,2,31,24,57,46,118,164,221
03/31/2007,NQA,TN,ASO,CE,Federal Contract Tower,0,0,1,15,16,0,0,2,0,2,0,0,3,15,18,2,0,2,20
04/01/2007,NQA,TN,ASO,CE,Federal Contract Tower,0,0,11,35,46,0,0,13,0,13,0,0,24,35,59,10,26,36,95
04/02/2007,NQA,TN,ASO,CE,Federal Contract Tower,0,0,18,10,28,0,0,10,0,10,0,0,28,10,38,0,20,20,58
04/03/2007,NQA,TN,ASO,CE,Federal Contract Tower,0,0,12,9,21,0,0,4,5,9,0,0,16,14,30,0,84,84,114
04/04/2007,NQA,TN,ASO,CE,Federal Contract Tower,0,0,7,24,31,0,4,8,11,23,0,4,15,35,54,20,168,188,242
04/05/2007,NQA,TN,ASO,CE,Federal Contract Tower,0,0,7,8,15,0,1,19,0,20,0,1,26,8,35,10,22,32,67
04/06/2007,NQA,TN,ASO,CE,Federal Contract Tower,0,0,1,9,10,0,2,5,0,7,0,2,6,9,17,0,4,4,21
04/07/2007,NQA,TN,ASO,CE,Federal Contract Tower,0,0,2,0,2,0,2,6,0,8,0,2,8,0,10,0,0,0,10
04/08/2007,NQA,TN,ASO,CE,Federal Contract Tower,0,0,8,0,8,0,0,13,0,13,0,0,21,0,21,22,0,22,43
04/09/2007,NQA,TN,ASO,CE,Federal Contract Tower,0,0,2,6,8,0,3,14,7,24,0,3,16,13,32,22,74,96,128
04/10/2007,NQA,TN,ASO,CE,Federal Contract Tower,0,0,7,2,9,0,0,11,2,13,0,0,18,4,22,8,16,24,46
04/11/2007,NQA,TN,ASO,CE,Federal Contract Tower,0,0,10,9,19,0,1,1,4,6,0,1,11,13,25,0,40,40,65
04/12/2007,NQA,TN,ASO,CE,Federal Contract Tower,0,0,7,6,13,0,3,13,2,18,0,3,20,8,31,0,46,46,77
04/13/2007,NQA,TN,ASO,CE,Federal Contract Tower,0,0,4,0,4,0,1,17,0,18,0,1,21,0,22,0,0,0,22
04/14/2007,NQA,TN,ASO,CE,Federal Contract Tower,0,2,4,3,9,0,0,0,0,0,0,2,4,3,9,0,0,0,9
04/15/2007,NQA,TN,ASO,CE,Federal Contract Tower,0,0,11,4,15,0,2,2,1,5,0,2,13,5,20,0,0,0,20
04/16/2007,NQA,TN,ASO,CE,Federal Contract Tower,0,0,16,11,27,0,7,16,12,35,0,7,32,23,62,10,272,282,344
04/17/2007,NQA,TN,ASO,CE,Federal Contract Tower,0,0,11,5,16,0,3,14,0,17,0,3,25,5,33,6,2,8,41
04/18/2007,NQA,TN,ASO,CE,Federal Contract Tower,0,0,5,10,15,0,1,10,4,15,0,1,15,14,30,18,94,112,142
04/19/2007,NQA,TN,ASO,CE,Federal Contract Tower,0,0,15,6,21,0,1,9,3,13,0,1,24,9,34,0,90,90,124
04/20/2007,NQA,TN,ASO,CE,Federal Contract Tower,4,2,22,22,50,0,1,37,1,39,4,3,59,23,89,38,110,148,237
04/21/2007,NQA,TN,ASO,CE,Federal Contract Tower,0,0,8,2,10,0,2,23,0,25,0,2,31,2,35,2,12,14,49
04/22/2007,NQA,TN,ASO,CE,Federal Contract Tower,0,3,7,11,21,0,2,14,0,16,0,5,21,11,37,26,12,38,75
04/23/2007,NQA,TN,ASO,CE,Federal Contract Tower,0,1,7,15,23,0,2,9,11,22,0,3,16,26,45,2,138,140,185
04/24/2007,NQA,TN,ASO,CE,Federal Contract Tower,0,0,3,15,18,0,0,4,4,8,0,0,7,19,26,0,32,32,58
04/25/2007,NQA,TN,ASO,CE,Federal Contract Tower,0,0,7,4,11,0,3,2,1,6,0,3,9,5,17,0,0,0,17
04/26/2007,NQA,TN,ASO,CE,Federal Contract Tower,0,0,5,13,18,0,2,11,22,35,0,2,16,35,53,30,90,120,173
04/27/2007,NQA,TN,ASO,CE,Federal Contract Tower,0,0,12,11,23,0,4,19,6,29,0,4,31,17,52,12,34,46,98
04/28/2007,NQA,TN,ASO,CE,Federal Contract Tower,0,0,5,8,13,0,0,20,0,20,0,0,25,8,33,14,0,14,47
04/29/2007,NQA,TN,ASO,CE,Federal Contract Tower,0,0,9,14,23,0,2,20,0,22,0,2,29,14,45,32,0,32,77
04/30/2007,NQA,TN,ASO,CE,Federal Contract Tower,0,0,13,10,23,0,0,22,1,23,0,0,35,11,46,12,94,106,152
05/01/2007,NQA,TN,ASO,CE,Federal Contract Tower,0,0,12,19,31,0,6,25,4,35,0,6,37,23,66,16,202,218,284
05/02/2007,NQA,TN,ASO,CE,Federal Contract Tower,0,0,14,13,27,0,0,4,1,5,0,0,18,14,32,0,34,34,66
05/03/2007,NQA,TN,ASO,CE,Federal Contract Tower,0,0,3,26,29,0,1,6,0,7,0,1,9,26,36,14,98,112,148
05/04/2007,NQA,TN,ASO,CE,Federal Contract Tower,0,0,7,9,16,0,5,10,3,18,0,5,17,12,34,14,4,18,52
05/05/2007,NQA,TN,ASO,CE,Federal Contract Tower,0,0,8,2,10,0,0,10,1,11,0,0,18,3,21,8,0,8,29
05/06/2007,NQA,TN,ASO,CE,Federal Contract Tower,0,0,14,10,24,0,2,14,0,16,0,2,28,10,40,32,0,32,72
05/07/2007,NQA,TN,ASO,CE,Federal Contract Tower,0,0,5,14,19,0,1,12,4,17,0,1,17,18,36,12,108,120,156
05/08/2007,NQA,TN,ASO,CE,Federal Contract Tower,0,0,14,16,30,0,2,19,4,25,0,2,33,20,55,4,138,142,197
05/09/2007,NQA,TN,ASO,CE,Federal Contract Tower,0,2,7,9,18,0,0,13,2,15,0,2,20,11,33,6,72,78,111
05/10/2007,NQA,TN,ASO,CE,Federal Contract Tower,0,0,7,2,9,0,0,10,0,10,0,0,17,2,19,0,10,10,29
05/11/2007,NQA,TN,ASO,CE,Federal Contract Tower,0,0,10,8,18,0,1,8,0,9,0,1,18,8,27,0,6,6,33
05/12/2007,NQA,TN,ASO,CE,Federal Contract Tower,0,0,2,4,6,0,5,35,2,42,0,5,37,6,48,40,8,48,96
05/13/2007,NQA,TN,ASO,CE,Federal Contract Tower,0,0,6,0,6,0,1,19,1,21,0,1,25,1,27,10,0,10,37
05/14/2007,NQA,TN,ASO,CE,Federal Contract Tower,0,0,21,11,32,0,2,10,7,19,0,2,31,18,51,8,220,228,279
05/15/2007,NQA,TN,ASO,CE,Federal Contract Tower,0,0,7,13,20,0,0,8,3,11,0,0,15,16,31,10,80,90,121
05/16/2007,NQA,TN,ASO,CE,Federal Contract Tower,0,0,4,22,26,0,3,16,9,28,0,3,20,31,54,6,176,182,236
05/17/2007,NQA,TN,ASO,CE,Federal Contract Tower,0,0,8,9,17,0,1,33,9,43,0,1,41,18,60,28,82,110,170
05/18/2007,NQA,TN,ASO,CE,Federal Contract Tower,0,0,22,13,35,0,0,32,2,34,0,0,54,15,69,52,80,132,201
05/19/2007,NQA,TN,ASO,CE,Federal Contract Tower,0,0,3,0,3,0,2,16,0,18,0,2,19,0,21,16,0,16,37
05/20/2007,NQA,TN,ASO,CE,Federal Contract Tower,0,0,6,0,6,0,1,11,0,12,0,1,17,0,18,0,0,0,18
05/21/2007,NQA,TN,ASO,CE,Federal Contract Tower,0,0,5,15,20,0,3,14,5,22,0,3,19,20,42,10,76,86,128
05/22/2007,NQA,TN,ASO,CE,Federal Contract Tower,0,0,10,19,29,0,1,13,13,27,0,1,23,32,56,0,252,252,308
05/23/2007,NQA,TN,ASO,CE,Federal Contract Tower,0,0,11,17,28,0,0,17,5,22,0,0,28,22,50,10,86,96,146
05/24/2007,NQA,TN,ASO,CE,Federal Contract Tower,0,0,7,19,26,0,5,11,2,18,0,5,18,21,44,18,128,146,190
05/25/2007,NQA,TN,ASO,CE,Federal Contract Tower,0,0,13,33,46,0,0,22,0,22,0,0,35,33,68,22,18,40,108
05/26/2007,NQA,TN,ASO,CE,Federal Contract Tower,0,0,6,4,10,0,2,12,12,26,0,2,18,16,36,22,32,54,90
05/27/2007,NQA,TN,ASO,CE,Federal Contract Tower,0,0,8,0,8,0,0,31,0,31,0,0,39,0,39,6,0,6,45
05/28/2007,NQA,TN,ASO,CE,Federal Contract Tower,0,0,2,9,11,0,2,21,6,29,0,2,23,15,40,8,94,102,142
05/29/2007,NQA,TN,ASO,CE,Federal Contract Tower,0,0,2,36,38,0,3,7,11,21,0,3,9,47,59,20,160,180,239
05/30/2007,NQA,TN,ASO,CE,Federal Contract Tower,1,0,8,20,29,0,3,9,9,21,1,3,17,29,50,0,180,180,230
05/31/2007,NQA,TN,ASO,CE,Federal Contract Tower,3,0,9,11,23,0,4,22,9,35,3,4,31,20,58,6,88,94,152
06/01/2007,NQA,TN,ASO,CE,Federal Contract Tower,0,0,6,10,16,0,5,20,0,25,0,5,26,10,41,26,8,34,75
06/02/2007,NQA,TN,ASO,CE,Federal Contract Tower,0,0,10,2,12,0,3,29,0,32,0,3,39,2,44,0,0,0,44
06/03/2007,NQA,TN,ASO,CE,Federal Contract Tower,0,2,3,2,7,0,3,9,0,12,0,5,12,2,19,12,0,12,31
06/04/2007,NQA,TN,ASO,CE,Federal Contract Tower,0,0,9,12,21,0,3,12,3,18,0,3,21,15,39,30,66,96,135
06/05/2007,NQA,TN,ASO,CE,Federal Contract Tower,0,0,17,13,30,0,0,20,5,25,0,0,37,18,55,12,112,124,179
06/06/2007,NQA,TN,ASO,CE,Federal Contract Tower,0,0,11,6,17,0,7,18,1,26,0,7,29,7,43,16,60,76,119
06/07/2007,NQA,TN,ASO,CE,Federal Contract Tower,0,0,12,12,24,0,1,9,3,13,0,1,21,15,37,0,66,66,103
06/08/2007,NQA,TN,ASO,CE,Federal Contract Tower,0,0,7,5,12,0,2,2,0,4,0,2,9,5,16,6,0,6,22
06/09/2007,NQA,TN,ASO,CE,Federal Contract Tower,0,0,9,1,10,0,4,19,0,23,0,4,28,1,33,8,4,12,45
06/10/2007,NQA,TN,ASO,CE,Federal Contract Tower,0,0,7,5,12,0,2,16,0,18,0,2,23,5,30,0,2,2,32
06/11/2007,NQA,TN,ASO,CE,Federal Contract Tower,0,0,9,5,14,0,4,10,5,19,0,4,19,10,33,28,78,106,139
06/12/2007,NQA,TN,ASO,CE,Federal Contract Tower,0,0,5,14,19,0,2,23,9,34,0,2,28,23,53,0,192,192,245
06/13/2007,NQA,TN,ASO,CE,Federal Contract Tower,0,0,10,13,23,0,2,36,1,39,0,2,46,14,62,26,30,56,118
06/14/2007,NQA,TN,ASO,CE,Federal Contract Tower,2,0,11,18,31,0,0,37,14,51,2,0,48,32,82,42,212,254,336
06/15/2007,NQA,TN,ASO,CE,Federal Contract Tower,0,0,10,9,19,0,6,12,0,18,0,6,22,9,37,16,20,36,73
06/16/2007,NQA,TN,ASO,CE,Federal Contract Tower,0,0,11,3,14,0,1,16,3,20,0,1,27,6,34,40,30,70,104
06/17/2007,NQA,TN,ASO,CE,Federal Contract Tower,0,0,1,2,3,0,0,18,2,20,0,0,19,4,23,14,10,24,47
06/18/2007,NQA,TN,ASO,CE,Federal Contract Tower,0,0,7,5,12,0,1,8,6,15,0,1,15,11,27,16,26,42,69
06/19/2007,NQA,TN,ASO,CE,Federal Contract Tower,0,0,14,4,18,0,1,12,2,15,0,1,26,6,33,0,0,0,33
06/20/2007,NQA,TN,ASO,CE,Federal Contract Tower,0,0,9,8,17,0,4,17,7,28,0,4,26,15,45,8,116,124,169
06/21/2007,NQA,TN,ASO,CE,Federal Contract Tower,0,0,8,13,21,0,4,24,10,38,0,4,32,23,59,10,54,64,123
06/22/2007,NQA,TN,ASO,CE,Federal Contract Tower,0,0,7,11,18,0,2,18,2,22,0,2,25,13,40,0,52,52,92
06/23/2007,NQA,TN,ASO,CE,Federal Contract Tower,0,0,12,2,14,0,0,10,0,10,0,0,22,2,24,24,0,24,48
06/24/2007,NQA,TN,ASO,CE,Federal Contract Tower,0,0,6,3,9,0,0,7,1,8,0,0,13,4,17,14,2,16,33
06/25/2007,NQA,TN,ASO,CE,Federal Contract Tower,0,0,13,12,25,0,0,18,4,22,0,0,31,16,47,14,84,98,145
06/26/2007,NQA,TN,ASO,CE,Federal Contract Tower,0,0,8,5,13,0,4,9,8,21,0,4,17,13,34,6,52,58,92
06/27/2007,NQA,TN,ASO,CE,Federal Contract Tower,4,2,7,37,50,0,1,16,13,30,4,3,23,50,80,30,104,134,214
06/28/2007,NQA,TN,ASO,CE,Federal Contract Tower,0,0,9,8,17,0,0,8,1,9,0,0,17,9,26,0,20,20,46
06/29/2007,NQA,TN,ASO,CE,Federal Contract Tower,1,2,19,18,40,0,1,15,3,19,1,3,34,21,59,12,12,24,83
06/30/2007,NQA,TN,ASO,CE,Federal Contract Tower,0,0,7,2,9,0,0,15,2,17,0,0,22,4,26,2,0,2,28
07/01/2007,NQA,TN,ASO,CE,Federal Contract Tower,0,0,4,0,4,0,0,2,0,2,0,0,6,0,6,6,0,6,12
07/02/2007,NQA,TN,ASO,CE,Federal Contract Tower,0,0,7,21,28,0,5,15,6,26,0,5,22,27,54,20,202,222,276
07/03/2007,NQA,TN,ASO,CE,Federal Contract Tower,0,0,3,10,13,0,2,18,7,27,0,2,21,17,40,12,106,118,158
07/04/2007,NQA,TN,ASO,CE,Federal Contract Tower,0,0,0,0,0,0,3,14,0,17,0,3,14,0,17,14,0,14,31
07/05/2007,NQA,TN,ASO,CE,Federal Contract Tower,0,0,6,0,6,0,4,8,0,12,0,4,14,0,18,0,0,0,18
07/06/2007,NQA,TN,ASO,CE,Federal Contract Tower,0,0,3,5,8,0,0,2,4,6,0,0,5,9,14,0,40,40,54
07/07/2007,NQA,TN,ASO,CE,Federal Contract Tower,0,0,3,0,3,0,3,15,0,18,0,3,18,0,21,14,0,14,35
07/08/2007,NQA,TN,ASO,CE,Federal Contract Tower,0,2,10,3,15,0,0,19,0,19,0,2,29,3,34,18,0,18,52
07/09/2007,NQA,TN,ASO,CE,Federal Contract Tower,0,0,4,6,10,0,1,11,5,17,0,1,15,11,27,0,28,28,55
07/10/2007,NQA,TN,ASO,CE,Federal Contract Tower,0,0,4,0,4,0,2,3,0,5,0,2,7,0,9,0,0,0,9
07/11/2007,NQA,TN,ASO,CE,Federal Contract Tower,0,0,17,13,30,0,3,12,6,21,0,3,29,19,51,28,58,86,137
07/12/2007,NQA,TN,ASO,CE,Federal Contract Tower,0,2,12,11,25,0,3,20,6,29,0,5,32,17,54,38,72,110,164
07/13/2007,NQA,TN,ASO,CE,Federal Contract Tower,0,0,8,27,35,0,2,19,20,41,0,2,27,47,76,50,260,310,386
07/14/2007,NQA,TN,ASO,CE,Federal Contract Tower,0,0,14,2,16,0,3,16,1,20,0,3,30,3,36,6,10,16,52
07/15/2007,NQA,TN,ASO,CE,Federal Contract Tower,0,0,5,28,33,0,3,21,6,30,0,3,26,34,63,12,44,56,119
07/16/2007,NQA,TN,ASO,CE,Federal Contract Tower,0,4,5,19,28,0,2,12,12,26,0,6,17,31,54,0,200,200,254
07/17/2007,NQA,TN,ASO,CE,Federal Contract Tower,0,0,8,29,37,0,4,10,2,16,0,4,18,31,53,0,108,108,161
07/18/2007,NQA,TN,ASO,CE,Federal Contract Tower,0,4,11,38,53,0,7,8,10,25,0,11,19,48,78,8,304,312,390
07/19/2007,NQA,TN,ASO,CE,Federal Contract Tower,0,0,9,3,12,0,1,11,1,13,0,1,20,4,25,16,86,102,127
07/20/2007,NQA,TN,ASO,CE,Federal Contract Tower,0,0,14,33,47,0,1,4,4,9,0,1,18,37,56,0,44,44,100
07/21/2007,NQA,TN,ASO,CE,Federal Contract Tower,0,0,7,1,8,0,2,26,1,29,0,2,33,2,37,52,0,52,89
07/22/2007,NQA,TN,ASO,CE,Federal Contract Tower,0,0,12,6,18,0,0,15,0,15,0,0,27,6,33,0,0,0,33
07/23/2007,NQA,TN,ASO,CE,Federal Contract Tower,0,0,8,11,19,0,4,26,20,50,0,4,34,31,69,36,342,378,447
07/24/2007,NQA,TN,ASO,CE,Federal Contract Tower,0,0,8,23,31,0,2,18,2,22,0,2,26,25,53,18,152,170,223
07/25/2007,NQA,TN,ASO,CE,Federal Contract Tower,0,0,16,11,27,0,2,5,10,17,0,2,21,21,44,16,110,126,170
07/26/2007,NQA,TN,ASO,CE,Federal Contract Tower,0,2,13,7,22,0,1,10,2,13,0,3,23,9,35,12,90,102,137
07/27/2007,NQA,TN,ASO,CE,Federal Contract Tower,0,0,16,34,50,0,4,14,4,22,0,4,30,38,72,16,70,86,158
07/28/2007,NQA,TN,ASO,CE,Federal Contract Tower,0,2,2,2,6,0,3,16,1,20,0,5,18,3,26,0,2,2,28
07/29/2007,NQA,TN,ASO,CE,Federal Contract Tower,0,0,4,6,10,0,0,4,0,4,0,0,8,6,14,0,0,0,14
07/30/2007,NQA,TN,ASO,CE,Federal Contract Tower,0,0,10,22,32,0,4,3,3,10,0,4,13,25,42,2,172,174,216
07/31/2007,NQA,TN,ASO,CE,Federal Contract Tower,0,1,8,14,23,0,4,15,0,19,0,5,23,14,42,0,104,104,146
08/01/2007,NQA,TN,ASO,CE,Federal Contract Tower,0,0,6,22,28,0,3,8,5,16,0,3,14,27,44,0,338,338,382
08/02/2007,NQA,TN,ASO,CE,Federal Contract Tower,0,0,3,22,25,0,1,9,1,11,0,1,12,23,36,10,202,212,248
08/03/2007,NQA,TN,ASO,CE,Federal Contract Tower,0,0,5,17,22,0,2,19,1,22,0,2,24,18,44,6,120,126,170
08/04/2007,NQA,TN,ASO,CE,Federal Contract Tower,0,0,4,6,10,0,5,11,0,16,0,5,15,6,26,0,0,0,26
08/05/2007,NQA,TN,ASO,CE,Federal Contract Tower,0,0,6,4,10,0,2,11,0,13,0,2,17,4,23,10,0,10,33
08/06/2007,NQA,TN,ASO,CE,Federal Contract Tower,0,0,6,13,19,0,2,9,5,16,0,2,15,18,35,0,162,162,197
08/07/2007,NQA,TN,ASO,CE,Federal Contract Tower,0,0,3,14,17,0,5,17,21,43,0,5,20,35,60,4,144,148,208
08/08/2007,NQA,TN,ASO,CE,Federal Contract Tower,0,0,8,13,21,0,0,9,8,17,0,0,17,21,38,12,120,132,170
08/09/2007,NQA,TN,ASO,CE,Federal Contract Tower,0,0,17,14,31,0,1,21,4,26,0,1,38,18,57,2,198,200,257
08/10/2007,NQA,TN,ASO,CE,Federal Contract Tower,0,0,7,3,10,0,2,25,1,28,0,2,32,4,38,36,36,72,110
08/11/2007,NQA,TN,ASO,CE,Federal Contract Tower,0,0,0,14,14,0,0,12,0,12,0,0,12,14,26,0,6,6,32
08/12/2007,NQA,TN,ASO,CE,Federal Contract Tower,0,0,8,3,11,0,1,5,1,7,0,1,13,4,18,12,0,12,30
08/13/2007,NQA,TN,ASO,CE,Federal Contract Tower,0,0,10,7,17,0,2,6,0,8,0,2,16,7,25,2,40,42,67
08/14/2007,NQA,TN,ASO,CE,Federal Contract Tower,0,0,10,4,14,0,4,7,8,19,0,4,17,12,33,0,28,28,61
08/15/2007,NQA,TN,ASO,CE,Federal Contract Tower,0,0,9,20,29,0,1,9,8,18,0,1,18,28,47,4,78,82,129
08/16/2007,NQA,TN,ASO,CE,Federal Contract Tower,0,2,16,11,29,0,0,10,5,15,0,2,26,16,44,4,82,86,130
08/17/2007,NQA,TN,ASO,CE,Federal Contract Tower,1,0,17,10,28,0,0,7,3,10,1,0,24,13,38,18,74,92,130
08/18/2007,NQA,TN,ASO,CE,Federal Contract Tower,1,0,10,6,17,0,2,9,0,11,1,2,19,6,28,12,2,14,42
08/19/2007,NQA,TN,ASO,CE,Federal Contract Tower,0,0,10,10,20,0,0,18,0,18,0,0,28,10,38,18,0,18,56
08/20/2007,NQA,TN,ASO,CE,Federal Contract Tower,0,0,8,9,17,0,2,11,6,19,0,2,19,15,36,2,98,100,136
08/21/2007,NQA,TN,ASO,CE,Federal Contract Tower,0,0,6,12,18,0,4,15,2,21,0,4,21,14,39,6,44,50,89
08/22/2007,NQA,TN,ASO,CE,Federal Contract Tower,0,0,15,5,20,0,8,10,3,21,0,8,25,8,41,6,36,42,83
08/23/2007,NQA,TN,ASO,CE,Federal Contract Tower,0,0,18,12,30,0,1,20,4,25,0,1,38,16,55,26,86,112,167
08/24/2007,NQA,TN,ASO,CE,Federal Contract Tower,4,0,16,14,34,1,5,27,9,42,5,5,43,23,76,30,88,118,194
08/25/2007,NQA,TN,ASO,CE,Federal Contract Tower,1,0,9,0,10,0,2,29,0,31,1,2,38,0,41,30,0,30,71
08/26/2007,NQA,TN,ASO,CE,Federal Contract Tower,0,0,7,11,18,0,1,18,0,19,0,1,25,11,37,12,12,24,61
08/27/2007,NQA,TN,ASO,CE,Federal Contract Tower,2,1,7,8,18,0,1,11,3,15,2,2,18,11,33,34,116,150,183
08/28/2007,NQA,TN,ASO,CE,Federal Contract Tower,0,1,18,32,51,0,3,14,1,18,0,4,32,33,69,0,118,118,187
08/29/2007,NQA,TN,ASO,CE,Federal Contract Tower,0,0,5,6,11,0,0,8,0,8,0,0,13,6,19,0,50,50,69
08/30/2007,NQA,TN,ASO,CE,Federal Contract Tower,0,0,5,27,32,0,2,6,11,19,0,2,11,38,51,0,156,156,207
08/31/2007,NQA,TN,ASO,CE,Federal Contract Tower,0,0,10,7,17,0,0,25,5,30,0,0,35,12,47,24,8,32,79
09/01/2007,NQA,TN,ASO,CE,Federal Contract Tower,0,0,3,0,3,0,0,26,0,26,0,0,29,0,29,10,0,10,39
09/02/2007,NQA,TN,ASO,CE,Federal Contract Tower,0,0,7,9,16,0,0,6,0,6,0,0,13,9,22,0,2,2,24
09/03/2007,NQA,TN,ASO,CE,Federal Contract Tower,0,0,8,3,11,0,2,14,0,16,0,2,22,3,27,10,0,10,37
09/04/2007,NQA,TN,ASO,CE,Federal Contract Tower,0,0,9,12,21,0,7,5,1,13,0,7,14,13,34,2,0,2,36
09/05/2007,NQA,TN,ASO,CE,Federal Contract Tower,0,0,10,7,17,0,4,17,0,21,0,4,27,7,38,0,8,8,46
09/06/2007,NQA,TN,ASO,CE,Federal Contract Tower,0,0,12,5,17,0,1,9,0,10,0,1,21,5,27,6,36,42,69
09/07/2007,NQA,TN,ASO,CE,Federal Contract Tower,0,0,7,2,9,0,3,13,0,16,0,3,20,2,25,0,10,10,35
09/08/2007,NQA,TN,ASO,CE,Federal Contract Tower,0,0,5,0,5,0,0,9,0,9,0,0,14,0,14,8,0,8,22
09/09/2007,NQA,TN,ASO,CE,Federal Contract Tower,0,0,7,2,9,0,5,5,0,10,0,5,12,2,19,0,0,0,19
09/10/2007,NQA,TN,ASO,CE,Federal Contract Tower,0,0,11,5,16,0,4,10,0,14,0,4,21,5,30,14,0,14,44
09/11/2007,NQA,TN,ASO,CE,Federal Contract Tower,0,0,15,20,35,0,1,5,10,16,0,1,20,30,51,0,160,160,211
09/12/2007,NQA,TN,ASO,CE,Federal Contract Tower,0,0,6,21,27,0,1,29,5,35,0,1,35,26,62,12,150,162,224
09/13/2007,NQA,TN,ASO,CE,Federal Contract Tower,0,0,11,11,22,0,2,22,9,33,0,2,33,20,55,30,68,98,153
09/14/2007,NQA,TN,ASO,CE,Federal Contract Tower,0,1,11,22,34,0,1,14,5,20,0,2,25,27,54,0,174,174,228
09/15/2007,NQA,TN,ASO,CE,Federal Contract Tower,0,0,8,6,14,0,4,26,2,32,0,4,34,8,46,0,8,8,54
09/16/2007,NQA,TN,ASO,CE,Federal Contract Tower,0,6,11,6,23,0,0,41,1,42,0,6,52,7,65,6,4,10,75
09/17/2007,NQA,TN,ASO,CE,Federal Contract Tower,0,0,14,14,28,0,1,42,5,48,0,1,56,19,76,36,92,128,204
09/18/2007,NQA,TN,ASO,CE,Federal Contract Tower,0,0,17,18,35,0,0,34,3,37,0,0,51,21,72,4,102,106,178
09/19/2007,NQA,TN,ASO,CE,Federal Contract Tower,0,0,5,3,8,0,4,45,7,56,0,4,50,10,64,30,0,30,94
09/20/2007,NQA,TN,ASO,CE,Federal Contract Tower,0,0,7,9,16,0,1,45,1,47,0,1,52,10,63,12,10,22,85
09/21/2007,NQA,TN,ASO,CE,Federal Contract Tower,1,0,6,10,17,1,0,64,13,78,2,0,70,23,95,8,4,12,107
09/22/2007,NQA,TN,ASO,CE,Federal Contract Tower,0,0,0,1,1,0,1,16,0,17,0,1,16,1,18,32,0,32,50
09/23/2007,NQA,TN,ASO,CE,Federal Contract Tower,4,1,3,9,17,0,0,40,3,43,4,1,43,12,60,4,0,4,64
09/24/2007,NQA,TN,ASO,CE,Federal Contract Tower,0,0,11,39,50,0,2,18,7,27,0,2,29,46,77,4,70,74,151
09/25/2007,NQA,TN,ASO,CE,Federal Contract Tower,0,0,3,4,7,0,1,6,0,7,0,1,9,4,14,0,4,4,18
09/26/2007,NQA,TN,ASO,CE,Federal Contract Tower,0,0,6,11,17,0,0,4,2,6,0,0,10,13,23,4,4,8,31
09/27/2007,NQA,TN,ASO,CE,Federal Contract Tower,0,0,11,2,13,0,2,9,0,11,0,2,20,2,24,16,0,16,40
09/28/2007,NQA,TN,ASO,CE,Federal Contract Tower,0,0,10,4,14,0,2,30,2,34,0,2,40,6,48,0,44,44,92
09/29/2007,NQA,TN,ASO,CE,Federal Contract Tower,0,0,16,0,16,0,13,21,0,34,0,13,37,0,50,34,0,34,84
09/30/2007,NQA,TN,ASO,CE,Federal Contract Tower,0,0,8,0,8,0,0,13,0,13,0,0,21,0,21,12,0,12,33
10/01/2007,NQA,TN,ASO,CE,Federal Contract Tower,0,0,12,15,27,0,0,23,9,32,0,0,35,24,59,36,140,176,235
10/02/2007,NQA,TN,ASO,CE,Federal Contract Tower,0,0,6,13,19,0,5,10,0,15,0,5,16,13,34,12,70,82,116
10/03/2007,NQA,TN,ASO,CE,Federal Contract Tower,4,0,8,7,19,0,14,13,4,31,4,14,21,11,50,14,58,72,122
10/04/2007,NQA,TN,ASO,CE,Federal Contract Tower,0,0,13,14,27,0,0,6,0,6,0,0,19,14,33,0,88,88,121
10/05/2007,NQA,TN,ASO,CE,Federal Contract Tower,0,0,17,20,37,0,0,16,8,24,0,0,33,28,61,16,128,144,205
10/06/2007,NQA,TN,ASO,CE,Federal Contract Tower,0,0,4,12,16,0,0,15,0,15,0,0,19,12,31,32,6,38,69
10/07/2007,NQA,TN,ASO,CE,Federal Contract Tower,0,0,15,13,28,0,0,4,3,7,0,0,19,16,35,0,12,12,47
10/08/2007,NQA,TN,ASO,CE,Federal Contract Tower,0,0,2,5,7,0,0,18,2,20,0,0,20,7,27,24,10,34,61
10/09/2007,NQA,TN,ASO,CE,Federal Contract Tower,0,0,1,32,33,0,0,16,15,31,0,0,17,47,64,0,218,218,282
10/10/2007,NQA,TN,ASO,CE,Federal Contract Tower,0,0,8,14,22,0,1,34,1,36,0,1,42,15,58,10,30,40,98
10/11/2007,NQA,TN,ASO,CE,Federal Contract Tower,0,0,11,5,16,0,0,23,1,24,0,0,34,6,40,30,52,82,122
10/12/2007,NQA,TN,ASO,CE,Federal Contract Tower,0,0,14,7,21,0,1,28,10,39,0,1,42,17,60,16,78,94,154
10/13/2007,NQA,TN,ASO,CE,Federal Contract Tower,0,0,11,0,11,0,0,31,2,33,0,0,42,2,44,22,0,22,66
10/14/2007,NQA,TN,ASO,CE,Federal Contract Tower,0,0,10,8,18,0,0,23,0,23,0,0,33,8,41,4,0,4,45
10/15/2007,NQA,TN,ASO,CE,Federal Contract Tower,0,1,10,6,17,0,0,5,0,5,0,1,15,6,22,4,30,34,56
10/16/2007,NQA,TN,ASO,CE,Federal Contract Tower,0,0,5,2,7,0,0,8,0,8,0,0,13,2,15,10,2,12,27
10/17/2007,NQA,TN,ASO,CE,Federal Contract Tower,0,0,7,2,9,0,0,0,1,1,0,0,7,3,10,0,0,0,10
10/18/2007,NQA,TN,ASO,CE,Federal Contract Tower,0,0,12,5,17,0,0,4,4,8,0,0,16,9,25,0,2,2,27
10/19/2007,NQA,TN,ASO,CE,Federal Contract Tower,0,0,8,0,8,0,0,16,1,17,0,0,24,1,25,0,0,0,25
10/20/2007,NQA,TN,ASO,CE,Federal Contract Tower,0,0,6,2,8,0,0,33,2,35,0,0,39,4,43,36,0,36,79
10/21/2007,NQA,TN,ASO,CE,Federal Contract Tower,0,0,15,4,19,0,0,26,3,29,0,0,41,7,48,6,0,6,54
10/22/2007,NQA,TN,ASO,CE,Federal Contract Tower,0,0,6,17,23,0,0,0,0,0,0,0,6,17,23,0,0,0,23
10/23/2007,NQA,TN,ASO,CE,Federal Contract Tower,0,0,4,8,12,0,0,0,0,0,0,0,4,8,12,0,0,0,12
10/24/2007,NQA,TN,ASO,CE,Federal Contract Tower,0,2,6,6,14,0,1,0,0,1,0,3,6,6,15,0,0,0,15
10/25/2007,NQA,TN,ASO,CE,Federal Contract Tower,0,0,27,4,31,0,0,0,2,2,0,0,27,6,33,0,0,0,33
10/26/2007,NQA,TN,ASO,CE,Federal Contract Tower,1,0,34,5,40,0,2,3,3,8,1,2,37,8,48,0,26,26,74
10/27/2007,NQA,TN,ASO,CE,Federal Contract Tower,3,3,32,2,40,0,1,36,1,38,3,4,68,3,78,12,0,12,90
10/28/2007,NQA,TN,ASO,CE,Federal Contract Tower,0,0,15,0,15,0,0,14,0,14,0,0,29,0,29,0,0,0,29
10/29/2007,NQA,TN,ASO,CE,Federal Contract Tower,0,0,13,14,27,0,0,15,4,19,0,0,28,18,46,0,168,168,214
10/30/2007,NQA,TN,ASO,CE,Federal Contract Tower,0,0,6,7,13,0,0,17,5,22,0,0,23,12,35,20,50,70,105
10/31/2007,NQA,TN,ASO,CE,Federal Contract Tower,0,0,9,10,19,0,0,21,5,26,0,0,30,15,45,24,56,80,125
11/01/2007,NQA,TN,ASO,CE,Federal Contract Tower,0,0,11,6,17,0,0,14,2,16,0,0,25,8,33,6,76,82,115
11/02/2007,NQA,TN,ASO,CE,Federal Contract Tower,0,0,30,9,39,0,0,20,2,22,0,0,50,11,61,18,28,46,107
11/03/2007,NQA,TN,ASO,CE,Federal Contract Tower,0,0,4,0,4,0,0,17,0,17,0,0,21,0,21,16,0,16,37
11/04/2007,NQA,TN,ASO,CE,Federal Contract Tower,0,0,21,3,24,0,0,9,2,11,0,0,30,5,35,8,4,12,47
11/05/2007,NQA,TN,ASO,CE,Federal Contract Tower,0,0,14,15,29,0,0,2,6,8,0,0,16,21,37,0,134,134,171
11/06/2007,NQA,TN,ASO,CE,Federal Contract Tower,0,2,6,5,13,0,2,7,3,12,0,4,13,8,25,4,50,54,79
11/07/2007,NQA,TN,ASO,CE,Federal Contract Tower,0,0,10,12,22,0,0,8,4,12,0,0,18,16,34,0,92,92,126
11/08/2007,NQA,TN,ASO,CE,Federal Contract Tower,0,0,11,13,24,0,0,27,4,31,0,0,38,17,55,0,62,62,117
11/09/2007,NQA,TN,ASO,CE,Federal Contract Tower,0,0,10,29,39,0,0,23,6,29,0,0,33,35,68,12,118,130,198
11/10/2007,NQA,TN,ASO,CE,Federal Contract Tower,0,0,3,0,3,0,0,9,0,9,0,0,12,0,12,0,0,0,12
11/11/2007,NQA,TN,ASO,CE,Federal Contract Tower,0,0,10,0,10,0,0,8,0,8,0,0,18,0,18,18,0,18,36
11/12/2007,NQA,TN,ASO,CE,Federal Contract Tower,2,0,8,5,15,0,2,7,0,9,2,2,15,5,24,14,0,14,38
11/13/2007,NQA,TN,ASO,CE,Federal Contract Tower,0,0,6,23,29,0,0,0,1,1,0,0,6,24,30,0,12,12,42
11/14/2007,NQA,TN,ASO,CE,Federal Contract Tower,0,0,8,7,15,0,0,0,6,6,0,0,8,13,21,0,72,72,93
11/15/2007,NQA,TN,ASO,CE,Federal Contract Tower,0,0,9,19,28,0,0,9,3,12,0,0,18,22,40,0,90,90,130
11/16/2007,NQA,TN,ASO,CE,Federal Contract Tower,0,0,12,27,39,0,0,17,5,22,0,0,29,32,61,14,78,92,153
11/17/2007,NQA,TN,ASO,CE,Federal Contract Tower,0,0,7,0,7,0,0,56,0,56,0,0,63,0,63,20,0,20,83
11/18/2007,NQA,TN,ASO,CE,Federal Contract Tower,2,0,7,5,14,1,0,7,1,9,3,0,14,6,23,16,0,16,39
11/19/2007,NQA,TN,ASO,CE,Federal Contract Tower,0,0,10,10,20,0,0,5,2,7,0,0,15,12,27,16,72,88,115
11/20/2007,NQA,TN,ASO,CE,Federal Contract Tower,0,0,7,4,11,0,0,13,10,23,0,0,20,14,34,0,42,42,76
11/21/2007,NQA,TN,ASO,CE,Federal Contract Tower,0,0,5,0,5,0,0,0,0,0,0,0,5,0,5,0,0,0,5
11/22/2007,NQA,TN,ASO,CE,Federal Contract Tower,0,0,6,0,6,0,0,1,0,1,0,0,7,0,7,0,0,0,7
11/23/2007,NQA,TN,ASO,CE,Federal Contract Tower,0,0,3,0,3,0,0,19,0,19,0,0,22,0,22,28,0,28,50
11/24/2007,NQA,TN,ASO,CE,Federal Contract Tower,0,0,3,0,3,0,0,12,0,12,0,0,15,0,15,22,0,22,37
11/25/2007,NQA,TN,ASO,CE,Federal Contract Tower,0,0,6,0,6,0,0,1,0,1,0,0,7,0,7,0,0,0,7
11/26/2007,NQA,TN,ASO,CE,Federal Contract Tower,0,0,13,0,13,0,0,5,0,5,0,0,18,0,18,0,0,0,18
11/27/2007,NQA,TN,ASO,CE,Federal Contract Tower,0,0,9,6,15,0,0,13,0,13,0,0,22,6,28,2,76,78,106
11/28/2007,NQA,TN,ASO,CE,Federal Contract Tower,0,0,5,8,13,0,0,26,0,26,0,0,31,8,39,0,0,0,39
11/29/2007,NQA,TN,ASO,CE,Federal Contract Tower,0,0,10,4,14,0,0,10,3,13,0,0,20,7,27,4,48,52,79
11/30/2007,NQA,TN,ASO,CE,Federal Contract Tower,0,2,15,3,20,0,0,3,2,5,0,2,18,5,25,6,40,46,71
12/01/2007,NQA,TN,ASO,CE,Federal Contract Tower,0,0,4,2,6,0,0,18,0,18,0,0,22,2,24,20,0,20,44
12/02/2007,NQA,TN,ASO,CE,Federal Contract Tower,0,2,10,1,13,0,0,0,0,0,0,2,10,1,13,2,0,2,15
12/03/2007,NQA,TN,ASO,CE,Federal Contract Tower,0,0,9,5,14,0,0,3,8,11,0,0,12,13,25,8,126,134,159
12/04/2007,NQA,TN,ASO,CE,Federal Contract Tower,0,0,3,17,20,0,0,8,4,12,0,0,11,21,32,16,76,92,124
12/05/2007,NQA,TN,ASO,CE,Federal Contract Tower,0,0,5,5,10,0,0,7,3,10,0,0,12,8,20,0,52,52,72
12/06/2007,NQA,TN,ASO,CE,Federal Contract Tower,0,0,11,22,33,0,0,6,2,8,0,0,17,24,41,22,184,206,247
12/07/2007,NQA,TN,ASO,CE,Federal Contract Tower,0,0,5,7,12,0,0,2,0,2,0,0,7,7,14,0,0,0,14
12/08/2007,NQA,TN,ASO,CE,Federal Contract Tower,1,0,5,0,6,0,0,2,0,2,1,0,7,0,8,2,0,2,10
12/09/2007,NQA,TN,ASO,CE,Federal Contract Tower,0,1,11,0,12,0,0,0,0,0,0,1,11,0,12,6,0,6,18
12/10/2007,NQA,TN,ASO,CE,Federal Contract Tower,0,0,8,2,10,0,0,0,0,0,0,0,8,2,10,0,0,0,10
12/11/2007,NQA,TN,ASO,CE,Federal Contract Tower,0,3,13,7,23,0,0,6,2,8,0,3,19,9,31,10,36,46,77
12/12/2007,NQA,TN,ASO,CE,Federal Contract Tower,0,0,8,6,14,0,0,0,0,0,0,0,8,6,14,0,0,0,14
12/13/2007,NQA,TN,ASO,CE,Federal Contract Tower,0,0,26,22,48,0,0,0,0,0,0,0,26,22,48,0,0,0,48
12/14/2007,NQA,TN,ASO,CE,Federal Contract Tower,0,0,19,26,45,0,0,0,4,4,0,0,19,30,49,0,30,30,79
12/15/2007,NQA,TN,ASO,CE,Federal Contract Tower,0,0,3,0,3,0,0,0,0,0,0,0,3,0,3,0,0,0,3
12/16/2007,NQA,TN,ASO,CE,Federal Contract Tower,0,0,12,4,16,0,0,11,2,13,0,0,23,6,29,20,0,20,49
12/17/2007,NQA,TN,ASO,CE,Federal Contract Tower,0,0,7,12,19,0,0,28,4,32,0,0,35,16,51,34,36,70,121
12/18/2007,NQA,TN,ASO,CE,Federal Contract Tower,0,0,22,9,31,0,0,28,4,32,0,0,50,13,63,4,36,40,103
12/19/2007,NQA,TN,ASO,CE,Federal Contract Tower,0,0,6,16,22,0,2,10,0,12,0,2,16,16,34,0,62,62,96
12/20/2007,NQA,TN,ASO,CE,Federal Contract Tower,0,0,1,4,5,0,0,2,0,2,0,0,3,4,7,2,0,2,9
12/21/2007,NQA,TN,ASO,CE,Federal Contract Tower,0,0,11,2,13,0,0,3,0,3,0,0,14,2,16,10,0,10,26
12/22/2007,NQA,TN,ASO,CE,Federal Contract Tower,0,0,1,0,1,0,0,1,0,1,0,0,2,0,2,2,0,2,4
12/23/2007,NQA,TN,ASO,CE,Federal Contract Tower,0,0,1,0,1,0,0,7,0,7,0,0,8,0,8,10,0,10,18
12/24/2007,NQA,TN,ASO,CE,Federal Contract Tower,0,0,5,0,5,0,0,9,0,9,0,0,14,0,14,0,0,0,14
12/25/2007,NQA,TN,ASO,CE,Federal Contract Tower,0,0,1,0,1,0,0,3,0,3,0,0,4,0,4,0,0,0,4
12/26/2007,NQA,TN,ASO,CE,Federal Contract Tower,0,0,3,0,3,0,0,11,0,11,0,0,14,0,14,4,0,4,18
12/27/2007,NQA,TN,ASO,CE,Federal Contract Tower,0,0,9,0,9,0,0,0,0,0,0,0,9,0,9,0,0,0,9
12/28/2007,NQA,TN,ASO,CE,Federal Contract Tower,0,0,6,0,6,0,0,4,0,4,0,0,10,0,10,20,0,20,30
12/29/2007,NQA,TN,ASO,CE,Federal Contract Tower,0,0,7,0,7,0,0,26,0,26,0,0,33,0,33,34,0,34,67
12/30/2007,NQA,TN,ASO,CE,Federal Contract Tower,0,0,4,0,4,0,1,17,0,18,0,1,21,0,22,12,0,12,34
12/31/2007,NQA,TN,ASO,CE,Federal Contract Tower,0,0,3,0,3,0,0,11,0,11,0,0,14,0,14,0,0,0,14
01/01/2008,NQA,TN,ASO,CE,Federal Contract Tower,0,0,4,0,4,0,0,1,0,1,0,0,5,0,5,0,0,0,5
01/02/2008,NQA,TN,ASO,CE,Federal Contract Tower,0,0,3,0,3,0,0,8,0,8,0,0,11,0,11,20,0,20,31
01/03/2008,NQA,TN,ASO,CE,Federal Contract Tower,0,0,4,2,6,0,0,4,2,6,0,0,8,4,12,4,12,16,28
01/04/2008,NQA,TN,ASO,CE,Federal Contract Tower,0,0,6,5,11,0,0,9,4,13,0,0,15,9,24,32,48,80,104
01/05/2008,NQA,TN,ASO,CE,Federal Contract Tower,0,0,4,2,6,0,0,0,0,0,0,0,4,2,6,0,0,0,6
01/06/2008,NQA,TN,ASO,CE,Federal Contract Tower,0,0,7,0,7,0,0,0,0,0,0,0,7,0,7,0,0,0,7
01/07/2008,NQA,TN,ASO,CE,Federal Contract Tower,0,0,4,0,4,0,0,2,0,2,0,0,6,0,6,0,0,0,6
01/08/2008,NQA,TN,ASO,CE,Federal Contract Tower,0,0,1,0,1,0,0,0,0,0,0,0,1,0,1,0,0,0,1
01/09/2008,NQA,TN,ASO,CE,Federal Contract Tower,0,0,10,6,16,0,0,10,3,13,0,0,20,9,29,2,40,42,71
01/10/2008,NQA,TN,ASO,CE,Federal Contract Tower,0,2,1,0,3,0,0,4,1,5,0,2,5,1,8,2,0,2,10
01/11/2008,NQA,TN,ASO,CE,Federal Contract Tower,0,0,10,15,25,0,0,14,5,19,0,0,24,20,44,0,24,24,68
01/12/2008,NQA,TN,ASO,CE,Federal Contract Tower,0,0,4,4,8,0,0,14,3,17,0,0,18,7,25,22,0,22,47
01/13/2008,NQA,TN,ASO,CE,Federal Contract Tower,0,0,2,2,4,0,0,8,0,8,0,0,10,2,12,14,0,14,26
01/14/2008,NQA,TN,ASO,CE,Federal Contract Tower,0,0,5,9,14,0,0,18,2,20,0,0,23,11,34,50,32,82,116
01/15/2008,NQA,TN,ASO,CE,Federal Contract Tower,0,0,13,23,36,0,0,25,0,25,0,0,38,23,61,52,108,160,221
01/16/2008,NQA,TN,ASO,CE,Federal Contract Tower,0,0,10,19,29,0,0,2,1,3,0,0,12,20,32,0,170,170,202
01/17/2008,NQA,TN,ASO,CE,Federal Contract Tower,0,0,7,0,7,0,0,1,0,1,0,0,8,0,8,0,0,0,8
01/18/2008,NQA,TN,ASO,CE,Federal Contract Tower,0,0,29,34,63,0,0,9,3,12,0,0,38,37,75,12,136,148,223
01/19/2008,NQA,TN,ASO,CE,Federal Contract Tower,0,0,5,5,10,0,0,11,0,11,0,0,16,5,21,20,0,20,41
01/20/2008,NQA,TN,ASO,CE,Federal Contract Tower,0,0,8,5,13,0,0,10,0,10,0,0,18,5,23,0,10,10,33
01/21/2008,NQA,TN,ASO,CE,Federal Contract Tower,0,1,1,0,2,0,1,16,0,17,0,2,17,0,19,10,0,10,29
01/22/2008,NQA,TN,ASO,CE,Federal Contract Tower,0,0,5,12,17,0,0,0,0,0,0,0,5,12,17,0,8,8,25
01/23/2008,NQA,TN,ASO,CE,Federal Contract Tower,0,0,8,30,38,0,2,3,11,16,0,2,11,41,54,0,214,214,268
01/24/2008,NQA,TN,ASO,CE,Federal Contract Tower,0,0,9,19,28,0,0,9,1,10,0,0,18,20,38,14,20,34,72
01/25/2008,NQA,TN,ASO,CE,Federal Contract Tower,0,1,6,13,20,0,0,0,6,6,0,1,6,19,26,0,66,66,92
01/26/2008,NQA,TN,ASO,CE,Federal Contract Tower,0,0,6,0,6,0,0,0,0,0,0,0,6,0,6,0,0,0,6
01/27/2008,NQA,TN,ASO,CE,Federal Contract Tower,0,0,6,0,6,0,0,0,0,0,0,0,6,0,6,0,0,0,6
01/28/2008,NQA,TN,ASO,CE,Federal Contract Tower,0,0,9,5,14,0,1,5,1,7,0,1,14,6,21,10,22,32,53
01/29/2008,NQA,TN,ASO,CE,Federal Contract Tower,2,0,3,0,5,0,0,0,0,0,2,0,3,0,5,0,0,0,5
01/30/2008,NQA,TN,ASO,CE,Federal Contract Tower,0,1,21,3,25,0,1,13,2,16,0,2,34,5,41,26,18,44,85
01/31/2008,NQA,TN,ASO,CE,Federal Contract Tower,0,0,4,2,6,0,0,0,2,2,0,0,4,4,8,0,0,0,8
02/01/2008,NQA,TN,ASO,CE,Federal Contract Tower,0,0,9,12,21,0,0,9,5,14,0,0,18,17,35,8,90,98,133
02/02/2008,NQA,TN,ASO,CE,Federal Contract Tower,0,0,3,0,3,0,1,18,0,19,0,1,21,0,22,12,0,12,34
02/03/2008,NQA,TN,ASO,CE,Federal Contract Tower,0,0,7,0,7,0,0,1,2,3,0,0,8,2,10,8,0,8,18
02/04/2008,NQA,TN,ASO,CE,Federal Contract Tower,0,0,4,7,11,0,0,7,0,7,0,0,11,7,18,0,0,0,18
02/05/2008,NQA,TN,ASO,CE,Federal Contract Tower,0,0,3,15,18,0,0,5,0,5,0,0,8,15,23,0,16,16,39
02/06/2008,NQA,TN,ASO,CE,Federal Contract Tower,0,0,7,11,18,0,0,3,2,5,0,0,10,13,23,0,38,38,61
02/07/2008,NQA,TN,ASO,CE,Federal Contract Tower,0,1,16,10,27,0,1,13,3,17,0,2,29,13,44,12,50,62,106
02/08/2008,NQA,TN,ASO,CE,Federal Contract Tower,0,0,6,78,84,0,0,17,4,21,0,0,23,82,105,10,126,136,241
02/09/2008,NQA,TN,ASO,CE,Federal Contract Tower,0,0,2,1,3,0,0,20,0,20,0,0,22,1,23,0,0,0,23
02/10/2008,NQA,TN,ASO,CE,Federal Contract Tower,0,0,17,28,45,0,0,10,6,16,0,0,27,34,61,10,0,10,71
02/11/2008,NQA,TN,ASO,CE,Federal Contract Tower,0,0,15,8,23,0,0,6,6,12,0,0,21,14,35,4,96,100,135
02/12/2008,NQA,TN,ASO,CE,Federal Contract Tower,0,0,0,6,6,0,0,0,0,0,0,0,0,6,6,0,0,0,6
02/13/2008,NQA,TN,ASO,CE,Federal Contract Tower,0,2,3,9,14,0,0,11,8,19,0,2,14,17,33,10,68,78,111
02/14/2008,NQA,TN,ASO,CE,Federal Contract Tower,0,0,6,0,6,0,0,19,2,21,0,0,25,2,27,0,0,0,27
02/15/2008,NQA,TN,ASO,CE,Federal Contract Tower,0,0,8,4,12,0,2,15,2,19,0,2,23,6,31,10,32,42,73
02/16/2008,NQA,TN,ASO,CE,Federal Contract Tower,0,0,3,1,4,0,0,1,0,1,0,0,4,1,5,0,12,12,17
02/17/2008,NQA,TN,ASO,CE,Federal Contract Tower,0,0,4,0,4,0,0,0,0,0,0,0,4,0,4,0,0,0,4
02/18/2008,NQA,TN,ASO,CE,Federal Contract Tower,0,2,5,2,9,0,0,7,4,11,0,2,12,6,20,6,0,6,26
02/19/2008,NQA,TN,ASO,CE,Federal Contract Tower,0,2,6,8,16,0,0,8,2,10,0,2,14,10,26,6,64,70,96
02/20/2008,NQA,TN,ASO,CE,Federal Contract Tower,0,0,22,14,36,0,0,8,0,8,0,0,30,14,44,8,100,108,152
02/21/2008,NQA,TN,ASO,CE,Federal Contract Tower,2,0,4,2,8,0,0,2,0,2,2,0,6,2,10,0,0,0,10
02/22/2008,NQA,TN,ASO,CE,Federal Contract Tower,0,2,2,3,7,0,0,0,0,0,0,2,2,3,7,4,0,4,11
02/23/2008,NQA,TN,ASO,CE,Federal Contract Tower,0,0,11,2,13,0,0,12,5,17,0,0,23,7,30,22,0,22,52
02/24/2008,NQA,TN,ASO,CE,Federal Contract Tower,1,2,6,0,9,0,0,11,0,11,1,2,17,0,20,0,0,0,20
02/25/2008,NQA,TN,ASO,CE,Federal Contract Tower,0,0,6,10,16,0,0,11,4,15,0,0,17,14,31,2,74,76,107
02/26/2008,NQA,TN,ASO,CE,Federal Contract Tower,0,4,5,4,13,0,0,1,3,4,0,4,6,7,17,0,10,10,27
02/27/2008,NQA,TN,ASO,CE,Federal Contract Tower,0,0,22,12,34,0,0,13,1,14,0,0,35,13,48,2,148,150,198
02/28/2008,NQA,TN,ASO,CE,Federal Contract Tower,0,2,20,13,35,0,4,11,8,23,0,6,31,21,58,8,114,122,180
02/29/2008,NQA,TN,ASO,CE,Federal Contract Tower,0,2,2,5,9,0,0,7,3,10,0,2,9,8,19,8,0,8,27
03/01/2008,NQA,TN,ASO,CE,Federal Contract Tower,0,0,8,0,8,0,0,34,0,34,0,0,42,0,42,16,0,16,58
03/02/2008,NQA,TN,ASO,CE,Federal Contract Tower,0,0,6,11,17,0,0,2,2,4,0,0,8,13,21,0,2,2,23
03/03/2008,NQA,TN,ASO,CE,Federal Contract Tower,0,0,1,6,7,0,0,0,3,3,0,0,1,9,10,0,50,50,60
03/04/2008,NQA,TN,ASO,CE,Federal Contract Tower,0,0,2,0,2,0,0,0,0,0,0,0,2,0,2,0,0,0,2
03/05/2008,NQA,TN,ASO,CE,Federal Contract Tower,0,0,10,1,11,0,0,22,5,27,0,0,32,6,38,24,28,52,90
03/06/2008,NQA,TN,ASO,CE,Federal Contract Tower,0,0,2,4,6,0,2,11,2,15,0,2,13,6,21,6,36,42,63
03/07/2008,NQA,TN,ASO,CE,Federal Contract Tower,0,0,2,0,2,0,0,2,0,2,0,0,4,0,4,2,0,2,6
03/08/2008,NQA,TN,ASO,CE,Federal Contract Tower,0,0,6,0,6,0,0,5,0,5,0,0,11,0,11,20,0,20,31
03/09/2008,NQA,TN,ASO,CE,Federal Contract Tower,0,0,14,2,16,0,0,11,0,11,0,0,25,2,27,18,6,24,51
03/10/2008,NQA,TN,ASO,CE,Federal Contract Tower,0,0,4,4,8,0,0,9,4,13,0,0,13,8,21,6,46,52,73
03/11/2008,NQA,TN,ASO,CE,Federal Contract Tower,0,0,13,2,15,0,0,13,0,13,0,0,26,2,28,24,0,24,52
03/12/2008,NQA,TN,ASO,CE,Federal Contract Tower,0,0,15,9,24,0,2,19,9,30,0,2,34,18,54,68,24,92,146
03/13/2008,NQA,TN,ASO,CE,Federal Contract Tower,0,0,7,0,7,0,0,9,2,11,0,0,16,2,18,0,0,0,18
03/14/2008,NQA,TN,ASO,CE,Federal Contract Tower,0,0,3,3,6,0,0,0,4,4,0,0,3,7,10,0,0,0,10
03/15/2008,NQA,TN,ASO,CE,Federal Contract Tower,0,0,6,2,8,0,0,1,0,1,0,0,7,2,9,4,0,4,13
03/16/2008,NQA,TN,ASO,CE,Federal Contract Tower,0,0,9,0,9,0,0,16,0,16,0,0,25,0,25,4,0,4,29
03/17/2008,NQA,TN,ASO,CE,Federal Contract Tower,0,0,4,8,12,0,0,1,10,11,0,0,5,18,23,0,86,86,109
03/18/2008,NQA,TN,ASO,CE,Federal Contract Tower,0,0,3,2,5,0,0,0,0,0,0,0,3,2,5,0,0,0,5
03/19/2008,NQA,TN,ASO,CE,Federal Contract Tower,0,0,0,0,0,0,0,0,2,2,0,0,0,2,2,0,0,0,2
03/20/2008,NQA,TN,ASO,CE,Federal Contract Tower,0,0,11,4,15,0,0,20,0,20,0,0,31,4,35,6,4,10,45
03/21/2008,NQA,TN,ASO,CE,Federal Contract Tower,0,2,12,2,16,0,0,17,2,19,0,2,29,4,35,0,4,4,39
03/22/2008,NQA,TN,ASO,CE,Federal Contract Tower,0,0,16,2,18,0,0,15,4,19,0,0,31,6,37,4,0,4,41
03/23/2008,NQA,TN,ASO,CE,Federal Contract Tower,0,0,3,0,3,0,0,8,2,10,0,0,11,2,13,4,0,4,17
03/24/2008,NQA,TN,ASO,CE,Federal Contract Tower,0,1,7,14,22,0,0,16,7,23,0,1,23,21,45,6,102,108,153
03/25/2008,NQA,TN,ASO,CE,Federal Contract Tower,0,0,4,8,12,0,0,17,7,24,0,0,21,15,36,4,40,44,80
03/26/2008,NQA,TN,ASO,CE,Federal Contract Tower,0,2,15,14,31,0,0,22,7,29,0,2,37,21,60,20,78,98,158
03/27/2008,NQA,TN,ASO,CE,Federal Contract Tower,0,0,6,7,13,0,0,6,3,9,0,0,12,10,22,0,44,44,66
03/28/2008,NQA,TN,ASO,CE,Federal Contract Tower,0,0,7,0,7,0,0,3,2,5,0,0,10,2,12,2,0,2,14
03/29/2008,NQA,TN,ASO,CE,Federal Contract Tower,0,0,4,0,4,0,0,0,0,0,0,0,4,0,4,0,0,0,4
03/30/2008,NQA,TN,ASO,CE,Federal Contract Tower,0,0,4,0,4,0,0,0,0,0,0,0,4,0,4,0,0,0,4
03/31/2008,NQA,TN,ASO,CE,Federal Contract Tower,0,0,8,12,20,0,0,9,0,9,0,0,17,12,29,22,6,28,57
04/01/2008,NQA,TN,ASO,CE,Federal Contract Tower,0,0,1,12,13,0,0,0,2,2,0,0,1,14,15,0,76,76,91
04/02/2008,NQA,TN,ASO,CE,Federal Contract Tower,0,0,0,14,14,0,2,18,1,21,0,2,18,15,35,20,160,180,215
04/03/2008,NQA,TN,ASO,CE,Federal Contract Tower,0,0,4,0,4,0,0,0,0,0,0,0,4,0,4,0,0,0,4
04/04/2008,NQA,TN,ASO,CE,Federal Contract Tower,0,0,9,2,11,0,0,1,0,1,0,0,10,2,12,6,0,6,18
04/05/2008,NQA,TN,ASO,CE,Federal Contract Tower,0,0,10,5,15,0,0,10,2,12,0,0,20,7,27,0,20,20,47
04/06/2008,NQA,TN,ASO,CE,Federal Contract Tower,0,2,7,1,10,0,0,16,0,16,0,2,23,1,26,18,0,18,44
04/07/2008,NQA,TN,ASO,CE,Federal Contract Tower,0,0,5,15,20,0,0,27,0,27,0,0,32,15,47,26,46,72,119
04/08/2008,NQA,TN,ASO,CE,Federal Contract Tower,0,0,8,7,15,0,0,2,1,3,0,0,10,8,18,0,36,36,54
04/09/2008,NQA,TN,ASO,CE,Federal Contract Tower,0,0,1,12,13,0,0,11,0,11,0,0,12,12,24,22,0,22,46
04/10/2008,NQA,TN,ASO,CE,Federal Contract Tower,0,0,2,2,4,0,0,0,0,0,0,0,2,2,4,0,0,0,4
04/11/2008,NQA,TN,ASO,CE,Federal Contract Tower,0,0,4,1,5,0,0,5,1,6,0,0,9,2,11,0,0,0,11
04/12/2008,NQA,TN,ASO,CE,Federal Contract Tower,0,0,2,2,4,0,0,17,1,18,0,0,19,3,22,0,0,0,22
04/13/2008,NQA,TN,ASO,CE,Federal Contract Tower,0,0,6,0,6,0,0,3,2,5,0,0,9,2,11,0,0,0,11
04/14/2008,NQA,TN,ASO,CE,Federal Contract Tower,0,0,13,9,22,0,0,5,6,11,0,0,18,15,33,36,72,108,141
04/15/2008,NQA,TN,ASO,CE,Federal Contract Tower,0,0,4,8,12,0,0,23,9,32,0,0,27,17,44,28,132,160,204
04/16/2008,NQA,TN,ASO,CE,Federal Contract Tower,0,5,13,5,23,0,0,8,0,8,0,5,21,5,31,6,28,34,65
04/17/2008,NQA,TN,ASO,CE,Federal Contract Tower,0,0,11,8,19,0,0,24,4,28,0,0,35,12,47,36,4,40,87
04/18/2008,NQA,TN,ASO,CE,Federal Contract Tower,0,0,4,9,13,0,0,0,0,0,0,0,4,9,13,0,0,0,13
04/19/2008,NQA,TN,ASO,CE,Federal Contract Tower,0,0,3,6,9,0,0,10,8,18,0,0,13,14,27,10,0,10,37
04/20/2008,NQA,TN,ASO,CE,Federal Contract Tower,0,0,2,2,4,0,0,28,11,39,0,0,30,13,43,34,0,34,77
04/21/2008,NQA,TN,ASO,CE,Federal Contract Tower,0,0,10,20,30,0,0,19,21,40,0,0,29,41,70,20,30,50,120
04/22/2008,NQA,TN,ASO,CE,Federal Contract Tower,0,0,7,19,26,0,0,9,19,28,0,0,16,38,54,0,42,42,96
04/23/2008,NQA,TN,ASO,CE,Federal Contract Tower,0,0,4,7,11,0,0,22,24,46,0,0,26,31,57,48,24,72,129
04/24/2008,NQA,TN,ASO,CE,Federal Contract Tower,0,0,11,2,13,0,0,1,4,5,0,0,12,6,18,2,0,2,20
04/25/2008,NQA,TN,ASO,CE,Federal Contract Tower,0,0,3,3,6,0,0,11,1,12,0,0,14,4,18,0,0,0,18
04/26/2008,NQA,TN,ASO,CE,Federal Contract Tower,0,0,3,2,5,0,0,23,0,23,0,0,26,2,28,22,0,22,50
04/27/2008,NQA,TN,ASO,CE,Federal Contract Tower,0,2,2,0,4,0,0,2,2,4,0,2,4,2,8,4,0,4,12
04/28/2008,NQA,TN,ASO,CE,Federal Contract Tower,0,0,7,11,18,0,0,15,4,19,0,0,22,15,37,104,112,216,253
04/29/2008,NQA,TN,ASO,CE,Federal Contract Tower,0,0,7,9,16,0,0,13,1,14,0,0,20,10,30,6,30,36,66
04/30/2008,NQA,TN,ASO,CE,Federal Contract Tower,0,0,7,4,11,0,0,15,2,17,0,0,22,6,28,0,54,54,82
05/01/2008,NQA,TN,ASO,CE,Federal Contract Tower,0,0,4,16,20,0,0,1,2,3,0,0,5,18,23,0,66,66,89
05/02/2008,NQA,TN,ASO,CE,Federal Contract Tower,0,2,4,4,10,0,0,2,0,2,0,2,6,4,12,0,0,0,12
05/03/2008,NQA,TN,ASO,CE,Federal Contract Tower,0,0,8,2,10,0,0,18,0,18,0,0,26,2,28,86,0,86,114
05/04/2008,NQA,TN,ASO,CE,Federal Contract Tower,0,3,7,3,13,0,0,13,0,13,0,3,20,3,26,44,0,44,70
05/05/2008,NQA,TN,ASO,CE,Federal Contract Tower,0,0,5,4,9,0,0,17,0,17,0,0,22,4,26,54,4,58,84
05/06/2008,NQA,TN,ASO,CE,Federal Contract Tower,0,2,9,6,17,0,0,15,4,19,0,2,24,10,36,36,74,110,146
05/07/2008,NQA,TN,ASO,CE,Federal Contract Tower,0,2,4,13,19,0,0,7,5,12,0,2,11,18,31,0,74,74,105
05/08/2008,NQA,TN,ASO,CE,Federal Contract Tower,0,0,4,0,4,0,0,7,3,10,0,0,11,3,14,4,0,4,18
05/09/2008,NQA,TN,ASO,CE,Federal Contract Tower,0,0,9,2,11,0,0,10,7,17,0,0,19,9,28,38,30,68,96
05/10/2008,NQA,TN,ASO,CE,Federal Contract Tower,0,0,9,5,14,0,0,20,0,20,0,0,29,5,34,20,0,20,54
05/11/2008,NQA,TN,ASO,CE,Federal Contract Tower,0,0,4,2,6,0,0,3,0,3,0,0,7,2,9,0,0,0,9
05/12/2008,NQA,TN,ASO,CE,Federal Contract Tower,0,0,9,14,23,0,0,23,6,29,0,0,32,20,52,26,88,114,166
05/13/2008,NQA,TN,ASO,CE,Federal Contract Tower,0,0,12,11,23,0,0,13,4,17,0,0,25,15,40,36,80,116,156
05/14/2008,NQA,TN,ASO,CE,Federal Contract Tower,0,0,1,11,12,0,0,3,2,5,0,0,4,13,17,0,56,56,73
05/15/2008,NQA,TN,ASO,CE,Federal Contract Tower,0,0,9,2,11,0,0,0,2,2,0,0,9,4,13,0,0,0,13
05/16/2008,NQA,TN,ASO,CE,Federal Contract Tower,0,0,7,10,17,0,0,16,4,20,0,0,23,14,37,12,4,16,53
05/17/2008,NQA,TN,ASO,CE,Federal Contract Tower,0,0,11,2,13,0,0,26,0,26,0,0,37,2,39,28,30,58,97
05/18/2008,NQA,TN,ASO,CE,Federal Contract Tower,0,1,10,12,23,0,0,5,0,5,0,1,15,12,28,8,12,20,48
05/19/2008,NQA,TN,ASO,CE,Federal Contract Tower,0,0,13,6,19,0,0,16,7,23,0,0,29,13,42,24,84,108,150
05/20/2008,NQA,TN,ASO,CE,Federal Contract Tower,0,1,7,16,24,0,0,16,5,21,0,1,23,21,45,2,116,118,163
05/21/2008,NQA,TN,ASO,CE,Federal Contract Tower,0,0,14,7,21,0,0,27,1,28,0,0,41,8,49,50,62,112,161
05/22/2008,NQA,TN,ASO,CE,Federal Contract Tower,4,0,10,17,31,0,0,24,2,26,4,0,34,19,57,0,110,110,167
05/23/2008,NQA,TN,ASO,CE,Federal Contract Tower,0,0,15,22,37,0,0,39,4,43,0,0,54,26,80,46,62,108,188
05/24/2008,NQA,TN,ASO,CE,Federal Contract Tower,0,0,5,4,9,0,0,17,16,33,0,0,22,20,42,26,78,104,146
05/25/2008,NQA,TN,ASO,CE,Federal Contract Tower,0,0,4,1,5,0,0,12,1,13,0,0,16,2,18,12,0,12,30
05/26/2008,NQA,TN,ASO,CE,Federal Contract Tower,0,0,7,0,7,0,0,11,3,14,0,0,18,3,21,12,16,28,49
05/27/2008,NQA,TN,ASO,CE,Federal Contract Tower,0,0,1,30,31,0,0,5,6,11,0,0,6,36,42,0,80,80,122
05/28/2008,NQA,TN,ASO,CE,Federal Contract Tower,0,0,5,4,9,0,0,2,0,2,0,0,7,4,11,0,0,0,11
05/29/2008,NQA,TN,ASO,CE,Federal Contract Tower,0,0,11,21,32,0,0,29,4,33,0,0,40,25,65,68,76,144,209
05/30/2008,NQA,TN,ASO,CE,Federal Contract Tower,0,0,8,20,28,0,0,9,2,11,0,0,17,22,39,6,48,54,93
05/31/2008,NQA,TN,ASO,CE,Federal Contract Tower,0,0,8,4,12,0,0,19,2,21,0,0,27,6,33,22,2,24,57
06/01/2008,NQA,TN,ASO,CE,Federal Contract Tower,0,0,5,12,17,0,0,5,0,5,0,0,10,12,22,8,0,8,30
06/02/2008,NQA,TN,ASO,CE,Federal Contract Tower,0,0,4,4,8,0,0,14,1,15,0,0,18,5,23,10,30,40,63
06/03/2008,NQA,TN,ASO,CE,Federal Contract Tower,0,2,9,29,40,0,0,17,13,30,0,2,26,42,70,16,64,80,150
06/04/2008,NQA,TN,ASO,CE,Federal Contract Tower,0,0,7,22,29,0,0,8,7,15,0,0,15,29,44,0,90,90,134
06/05/2008,NQA,TN,ASO,CE,Federal Contract Tower,0,0,8,12,20,0,0,13,0,13,0,0,21,12,33,20,62,82,115
06/06/2008,NQA,TN,ASO,CE,Federal Contract Tower,0,0,11,12,23,0,0,13,2,15,0,0,24,14,38,28,46,74,112
06/07/2008,NQA,TN,ASO,CE,Federal Contract Tower,0,0,5,0,5,0,0,11,3,14,0,0,16,3,19,18,2,20,39
06/08/2008,NQA,TN,ASO,CE,Federal Contract Tower,0,0,3,2,5,0,0,10,5,15,0,0,13,7,20,50,0,50,70
06/09/2008,NQA,TN,ASO,CE,Federal Contract Tower,0,0,0,10,10,0,0,6,7,13,0,0,6,17,23,20,98,118,141
06/10/2008,NQA,TN,ASO,CE,Federal Contract Tower,2,0,5,2,9,0,0,5,2,7,2,0,10,4,16,0,0,0,16
06/11/2008,NQA,TN,ASO,CE,Federal Contract Tower,0,0,5,12,17,0,0,7,14,21,0,0,12,26,38,22,166,188,226
06/12/2008,NQA,TN,ASO,CE,Federal Contract Tower,0,0,7,16,23,0,0,5,8,13,0,0,12,24,36,0,150,150,186
06/13/2008,NQA,TN,ASO,CE,Federal Contract Tower,0,0,6,12,18,0,0,8,7,15,0,0,14,19,33,24,82,106,139
06/14/2008,NQA,TN,ASO,CE,Federal Contract Tower,0,0,3,7,10,0,0,7,1,8,0,0,10,8,18,38,2,40,58
06/15/2008,NQA,TN,ASO,CE,Federal Contract Tower,0,0,5,4,9,0,0,12,2,14,0,0,17,6,23,60,0,60,83
06/16/2008,NQA,TN,ASO,CE,Federal Contract Tower,0,0,7,4,11,0,0,15,10,25,0,0,22,14,36,34,74,108,144
06/17/2008,NQA,TN,ASO,CE,Federal Contract Tower,0,0,2,11,13,0,0,9,4,13,0,0,11,15,26,14,72,86,112
06/18/2008,NQA,TN,ASO,CE,Federal Contract Tower,0,0,8,2,10,0,0,13,0,13,0,0,21,2,23,6,0,6,29
06/19/2008,NQA,TN,ASO,CE,Federal Contract Tower,2,0,7,12,21,0,1,29,3,33,2,1,36,15,54,34,80,114,168
06/20/2008,NQA,TN,ASO,CE,Federal Contract Tower,0,1,4,1,6,0,1,5,0,6,0,2,9,1,12,8,6,14,26
06/21/2008,NQA,TN,ASO,CE,Federal Contract Tower,0,0,5,3,8,0,0,12,0,12,0,0,17,3,20,2,0,2,22
06/22/2008,NQA,TN,ASO,CE,Federal Contract Tower,2,0,4,2,8,0,0,6,0,6,2,0,10,2,14,12,0,12,26
06/23/2008,NQA,TN,ASO,CE,Federal Contract Tower,0,0,4,9,13,0,0,5,2,7,0,0,9,11,20,0,54,54,74
06/24/2008,NQA,TN,ASO,CE,Federal Contract Tower,0,1,6,3,10,0,0,16,1,17,0,1,22,4,27,6,28,34,61
06/25/2008,NQA,TN,ASO,CE,Federal Contract Tower,0,0,8,14,22,0,0,15,5,20,0,0,23,19,42,15,75,90,132
06/26/2008,NQA,TN,ASO,CE,Federal Contract Tower,5,0,5,19,29,0,0,7,7,14,5,0,12,26,43,0,162,162,205
06/27/2008,NQA,TN,ASO,CE,Federal Contract Tower,1,2,8,16,27,0,1,14,11,26,1,3,22,27,53,0,140,140,193
06/28/2008,NQA,TN,ASO,CE,Federal Contract Tower,0,0,4,4,8,0,0,0,1,1,0,0,4,5,9,2,8,10,19
06/29/2008,NQA,TN,ASO,CE,Federal Contract Tower,0,0,5,13,18,0,0,4,1,5,0,0,9,14,23,4,12,16,39
06/30/2008,NQA,TN,ASO,CE,Federal Contract Tower,0,0,11,9,20,0,0,19,0,19,0,0,30,9,39,6,0,6,45
07/01/2008,NQA,TN,ASO,CE,Federal Contract Tower,0,0,6,19,25,0,2,20,5,27,0,2,26,24,52,18,162,180,232
07/02/2008,NQA,TN,ASO,CE,Federal Contract Tower,0,0,4,3,7,0,0,16,6,22,0,0,20,9,29,56,0,56,85
07/03/2008,NQA,TN,ASO,CE,Federal Contract Tower,0,0,5,10,15,0,0,30,0,30,0,0,35,10,45,60,20,80,125
07/04/2008,NQA,TN,ASO,CE,Federal Contract Tower,0,0,3,0,3,0,0,7,0,7,0,0,10,0,10,12,0,12,22
07/05/2008,NQA,TN,ASO,CE,Federal Contract Tower,2,0,11,0,13,0,0,4,0,4,2,0,15,0,17,0,0,0,17
07/06/2008,NQA,TN,ASO,CE,Federal Contract Tower,0,0,7,0,7,0,0,13,0,13,0,0,20,0,20,0,0,0,20
07/07/2008,NQA,TN,ASO,CE,Federal Contract Tower,0,0,4,0,4,0,0,20,0,20,0,0,24,0,24,20,0,20,44
07/08/2008,NQA,TN,ASO,CE,Federal Contract Tower,0,6,8,3,17,0,0,21,3,24,0,6,29,6,41,6,30,36,77
07/09/2008,NQA,TN,ASO,CE,Federal Contract Tower,0,0,8,6,14,0,0,4,2,6,0,0,12,8,20,0,36,36,56
07/10/2008,NQA,TN,ASO,CE,Federal Contract Tower,0,0,3,2,5,0,0,10,2,12,0,0,13,4,17,0,0,0,17
07/11/2008,NQA,TN,ASO,CE,Federal Contract Tower,0,0,12,6,18,0,1,17,4,22,0,1,29,10,40,6,8,14,54
07/12/2008,NQA,TN,ASO,CE,Federal Contract Tower,0,0,1,0,1,0,0,18,0,18,0,0,19,0,19,28,0,28,47
07/13/2008,NQA,TN,ASO,CE,Federal Contract Tower,0,0,3,2,5,0,0,2,0,2,0,0,5,2,7,0,0,0,7
07/14/2008,NQA,TN,ASO,CE,Federal Contract Tower,0,0,0,5,5,0,0,19,2,21,0,0,19,7,26,24,64,88,114
07/15/2008,NQA,TN,ASO,CE,Federal Contract Tower,0,3,11,11,25,0,0,12,5,17,0,3,23,16,42,8,66,74,116
07/16/2008,NQA,TN,ASO,CE,Federal Contract Tower,0,0,12,16,28,0,4,21,6,31,0,4,33,22,59,30,110,140,199
07/17/2008,NQA,TN,ASO,CE,Federal Contract Tower,0,0,3,6,9,0,0,6,0,6,0,0,9,6,15,10,2,12,27
07/18/2008,NQA,TN,ASO,CE,Federal Contract Tower,0,8,8,10,26,0,0,16,1,17,0,8,24,11,43,0,30,30,73
07/19/2008,NQA,TN,ASO,CE,Federal Contract Tower,0,0,10,3,13,0,0,9,0,9,0,0,19,3,22,44,0,44,66
07/20/2008,NQA,TN,ASO,CE,Federal Contract Tower,0,2,6,0,8,0,0,5,0,5,0,2,11,0,13,26,0,26,39
07/21/2008,NQA,TN,ASO,CE,Federal Contract Tower,0,0,4,20,24,0,0,12,7,19,0,0,16,27,43,18,104,122,165
07/22/2008,NQA,TN,ASO,CE,Federal Contract Tower,0,2,8,2,12,0,0,8,0,8,0,2,16,2,20,14,0,14,34
07/23/2008,NQA,TN,ASO,CE,Federal Contract Tower,0,0,13,6,19,0,0,18,1,19,0,0,31,7,38,16,56,72,110
07/24/2008,NQA,TN,ASO,CE,Federal Contract Tower,0,2,6,14,22,0,0,17,8,25,0,2,23,22,47,4,68,72,119
07/25/2008,NQA,TN,ASO,CE,Federal Contract Tower,0,0,10,6,16,0,0,15,5,20,0,0,25,11,36,12,68,80,116
07/26/2008,NQA,TN,ASO,CE,Federal Contract Tower,0,0,8,0,8,0,0,5,0,5,0,0,13,0,13,8,0,8,21
07/27/2008,NQA,TN,ASO,CE,Federal Contract Tower,0,2,2,0,4,0,0,4,1,5,0,2,6,1,9,0,0,0,9
07/28/2008,NQA,TN,ASO,CE,Federal Contract Tower,0,0,1,0,1,0,0,11,0,11,0,0,12,0,12,8,0,8,20
07/29/2008,NQA,TN,ASO,CE,Federal Contract Tower,0,0,6,6,12,0,0,15,4,19,0,0,21,10,31,10,96,106,137
07/30/2008,NQA,TN,ASO,CE,Federal Contract Tower,2,0,7,19,28,2,0,6,5,13,4,0,13,24,41,30,124,154,195
07/31/2008,NQA,TN,ASO,CE,Federal Contract Tower,0,0,4,2,6,0,0,6,0,6,0,0,10,2,12,0,12,12,24
08/01/2008,NQA,TN,ASO,CE,Federal Contract Tower,0,0,7,18,25,0,0,11,11,22,0,0,18,29,47,8,152,160,207
08/02/2008,NQA,TN,ASO,CE,Federal Contract Tower,0,0,4,0,4,0,0,16,0,16,0,0,20,0,20,64,0,64,84
08/03/2008,NQA,TN,ASO,CE,Federal Contract Tower,0,0,6,6,12,0,0,2,0,2,0,0,8,6,14,12,4,16,30
08/04/2008,NQA,TN,ASO,CE,Federal Contract Tower,0,0,6,3,9,0,0,17,2,19,0,0,23,5,28,34,40,74,102
08/05/2008,NQA,TN,ASO,CE,Federal Contract Tower,0,0,10,2,12,0,2,9,4,15,0,2,19,6,27,4,24,28,55
08/06/2008,NQA,TN,ASO,CE,Federal Contract Tower,0,1,5,11,17,0,2,27,2,31,0,3,32,13,48,58,42,100,148
08/07/2008,NQA,TN,ASO,CE,Federal Contract Tower,0,0,8,1,9,0,0,5,2,7,0,0,13,3,16,0,42,42,58
08/08/2008,NQA,TN,ASO,CE,Federal Contract Tower,0,0,8,14,22,0,0,17,4,21,0,0,25,18,43,14,70,84,127
08/09/2008,NQA,TN,ASO,CE,Federal Contract Tower,0,0,11,1,12,0,0,11,0,11,0,0,22,1,23,22,0,22,45
08/10/2008,NQA,TN,ASO,CE,Federal Contract Tower,0,0,6,7,13,0,0,7,0,7,0,0,13,7,20,0,0,0,20
08/11/2008,NQA,TN,ASO,CE,Federal Contract Tower,0,0,0,18,18,0,2,19,8,29,0,2,19,26,47,22,130,152,199
08/12/2008,NQA,TN,ASO,CE,Federal Contract Tower,0,4,12,10,26,0,0,8,0,8,0,4,20,10,34,44,4,48,82
08/13/2008,NQA,TN,ASO,CE,Federal Contract Tower,0,4,4,17,25,0,0,15,8,23,0,4,19,25,48,20,196,216,264
08/14/2008,NQA,TN,ASO,CE,Federal Contract Tower,0,2,10,13,25,0,0,20,7,27,0,2,30,20,52,28,126,154,206
08/15/2008,NQA,TN,ASO,CE,Federal Contract Tower,0,0,5,1,6,0,0,15,0,15,0,0,20,1,21,6,0,6,27
08/16/2008,NQA,TN,ASO,CE,Federal Contract Tower,0,0,8,0,8,0,0,3,0,3,0,0,11,0,11,0,0,0,11
08/17/2008,NQA,TN,ASO,CE,Federal Contract Tower,0,0,6,0,6,0,0,10,0,10,0,0,16,0,16,32,0,32,48
08/18/2008,NQA,TN,ASO,CE,Federal Contract Tower,3,0,9,20,32,1,0,8,5,14,4,0,17,25,46,18,122,140,186
08/19/2008,NQA,TN,ASO,CE,Federal Contract Tower,0,0,21,31,52,0,2,15,10,27,0,2,36,41,79,4,220,224,303
08/20/2008,NQA,TN,ASO,CE,Federal Contract Tower,0,0,6,4,10,0,0,0,6,6,0,0,6,10,16,0,52,52,68
08/21/2008,NQA,TN,ASO,CE,Federal Contract Tower,0,0,5,3,8,0,2,8,1,11,0,2,13,4,19,0,0,0,19
08/22/2008,NQA,TN,ASO,CE,Federal Contract Tower,0,0,8,7,15,0,2,4,0,6,0,2,12,7,21,6,6,12,33
08/23/2008,NQA,TN,ASO,CE,Federal Contract Tower,0,0,2,0,2,0,0,10,0,10,0,0,12,0,12,12,0,12,24
08/24/2008,NQA,TN,ASO,CE,Federal Contract Tower,1,0,5,9,15,1,0,11,0,12,2,0,16,9,27,10,0,10,37
08/25/2008,NQA,TN,ASO,CE,Federal Contract Tower,0,0,2,26,28,0,0,6,5,11,0,0,8,31,39,0,42,42,81
08/26/2008,NQA,TN,ASO,CE,Federal Contract Tower,0,2,4,31,37,0,0,6,1,7,0,2,10,32,44,2,34,36,80
08/27/2008,NQA,TN,ASO,CE,Federal Contract Tower,0,0,3,9,12,0,0,18,2,20,0,0,21,11,32,0,90,90,122
08/28/2008,NQA,TN,ASO,CE,Federal Contract Tower,4,0,13,8,25,1,0,11,3,15,5,0,24,11,40,18,62,80,120
08/29/2008,NQA,TN,ASO,CE,Federal Contract Tower,0,0,9,9,18,0,0,9,0,9,0,0,18,9,27,6,0,6,33
08/30/2008,NQA,TN,ASO,CE,Federal Contract Tower,3,0,7,0,10,2,0,26,0,28,5,0,33,0,38,22,0,22,60
08/31/2008,NQA,TN,ASO,CE,Federal Contract Tower,3,0,2,3,8,1,0,5,21,27,4,0,7,24,35,34,0,34,69
09/01/2008,NQA,TN,ASO,CE,Federal Contract Tower,0,0,9,1,10,0,0,11,0,11,0,0,20,1,21,20,0,20,41
09/02/2008,NQA,TN,ASO,CE,Federal Contract Tower,0,0,6,1,7,0,0,8,13,21,0,0,14,14,28,10,0,10,38
09/03/2008,NQA,TN,ASO,CE,Federal Contract Tower,0,0,4,0,4,0,0,0,0,0,0,0,4,0,4,0,0,0,4
09/04/2008,NQA,TN,ASO,CE,Federal Contract Tower,0,0,6,13,19,0,0,4,0,4,0,0,10,13,23,0,38,38,61
09/05/2008,NQA,TN,ASO,CE,Federal Contract Tower,0,0,7,5,12,0,0,0,0,0,0,0,7,5,12,0,0,0,12
09/06/2008,NQA,TN,ASO,CE,Federal Contract Tower,2,0,20,1,23,0,0,15,0,15,2,0,35,1,38,32,0,32,70
09/07/2008,NQA,TN,ASO,CE,Federal Contract Tower,4,0,8,6,18,1,0,13,1,15,5,0,21,7,33,16,2,18,51
09/08/2008,NQA,TN,ASO,CE,Federal Contract Tower,0,0,16,7,23,0,2,13,0,15,0,2,29,7,38,18,34,52,90
09/09/2008,NQA,TN,ASO,CE,Federal Contract Tower,0,4,8,6,18,0,0,2,0,2,0,4,10,6,20,0,0,0,20
09/10/2008,NQA,TN,ASO,CE,Federal Contract Tower,0,0,11,19,30,0,0,16,2,18,0,0,27,21,48,40,82,122,170
09/11/2008,NQA,TN,ASO,CE,Federal Contract Tower,0,0,8,8,16,0,0,21,2,23,0,0,29,10,39,52,14,66,105
09/12/2008,NQA,TN,ASO,CE,Federal Contract Tower,0,0,9,28,37,0,0,4,1,5,0,0,13,29,42,0,90,90,132
09/13/2008,NQA,TN,ASO,CE,Federal Contract Tower,6,0,0,3,9,0,0,8,1,9,6,0,8,4,18,24,12,36,54
09/14/2008,NQA,TN,ASO,CE,Federal Contract Tower,0,0,2,10,12,0,0,0,0,0,0,0,2,10,12,0,8,8,20
09/15/2008,NQA,TN,ASO,CE,Federal Contract Tower,0,0,15,10,25,0,0,21,2,23,0,0,36,12,48,70,60,130,178
09/16/2008,NQA,TN,ASO,CE,Federal Contract Tower,0,0,9,14,23,0,0,15,8,23,0,0,24,22,46,6,92,98,144
09/17/2008,NQA,TN,ASO,CE,Federal Contract Tower,0,0,7,10,17,0,0,16,2,18,0,0,23,12,35,46,44,90,125
09/18/2008,NQA,TN,ASO,CE,Federal Contract Tower,0,2,14,6,22,0,0,23,1,24,0,2,37,7,46,24,58,82,128
09/19/2008,NQA,TN,ASO,CE,Federal Contract Tower,2,0,14,10,26,0,0,12,4,16,2,0,26,14,42,2,0,2,44
09/20/2008,NQA,TN,ASO,CE,Federal Contract Tower,0,0,5,6,11,0,0,11,0,11,0,0,16,6,22,22,8,30,52
09/21/2008,NQA,TN,ASO,CE,Federal Contract Tower,0,4,6,2,12,0,0,11,2,13,0,4,17,4,25,0,0,0,25
09/22/2008,NQA,TN,ASO,CE,Federal Contract Tower,0,4,2,6,12,0,0,19,0,19,0,4,21,6,31,10,0,10,41
09/23/2008,NQA,TN,ASO,CE,Federal Contract Tower,0,4,4,15,23,0,0,14,11,25,0,4,18,26,48,8,206,214,262
09/24/2008,NQA,TN,ASO,CE,Federal Contract Tower,0,0,2,8,10,0,0,10,10,20,0,0,12,18,30,8,80,88,118
09/25/2008,NQA,TN,ASO,CE,Federal Contract Tower,0,6,19,12,37,0,0,13,6,19,0,6,32,18,56,8,68,76,132
09/26/2008,NQA,TN,ASO,CE,Federal Contract Tower,1,2,11,10,24,0,0,15,6,21,1,2,26,16,45,2,108,110,155
09/27/2008,NQA,TN,ASO,CE,Federal Contract Tower,3,0,3,0,6,0,0,24,0,24,3,0,27,0,30,38,0,38,68
09/28/2008,NQA,TN,ASO,CE,Federal Contract Tower,0,5,16,2,23,0,0,13,0,13,0,5,29,2,36,0,0,0,36
09/29/2008,NQA,TN,ASO,CE,Federal Contract Tower,0,0,0,36,36,0,0,11,6,17,0,0,11,42,53,24,164,188,241
09/30/2008,NQA,TN,ASO,CE,Federal Contract Tower,0,0,6,6,12,0,0,11,8,19,0,0,17,14,31,4,136,140,171
10/01/2008,NQA,TN,ASO,CE,Federal Contract Tower,0,0,15,5,20,0,0,15,1,16,0,0,30,6,36,0,64,64,100
10/02/2008,NQA,TN,ASO,CE,Federal Contract Tower,0,0,6,12,18,0,0,29,7,36,0,0,35,19,54,16,120,136,190
10/03/2008,NQA,TN,ASO,CE,Federal Contract Tower,0,2,9,13,24,0,0,10,0,10,0,2,19,13,34,0,48,48,82
10/04/2008,NQA,TN,ASO,CE,Federal Contract Tower,0,0,11,0,11,0,0,21,0,21,0,0,32,0,32,4,0,4,36
10/05/2008,NQA,TN,ASO,CE,Federal Contract Tower,0,0,6,1,7,0,0,10,0,10,0,0,16,1,17,6,0,6,23
10/06/2008,NQA,TN,ASO,CE,Federal Contract Tower,0,0,0,5,5,0,2,8,0,10,0,2,8,5,15,0,0,0,15
10/07/2008,NQA,TN,ASO,CE,Federal Contract Tower,0,0,2,6,8,0,0,3,3,6,0,0,5,9,14,6,24,30,44
10/08/2008,NQA,TN,ASO,CE,Federal Contract Tower,0,0,4,19,23,0,0,2,1,3,0,0,6,20,26,12,0,12,38
10/09/2008,NQA,TN,ASO,CE,Federal Contract Tower,0,0,13,6,19,0,0,20,2,22,0,0,33,8,41,8,52,60,101
10/10/2008,NQA,TN,ASO,CE,Federal Contract Tower,0,0,9,8,17,0,0,25,1,26,0,0,34,9,43,0,4,4,47
10/11/2008,NQA,TN,ASO,CE,Federal Contract Tower,0,0,8,0,8,0,0,20,0,20,0,0,28,0,28,0,0,0,28
10/12/2008,NQA,TN,ASO,CE,Federal Contract Tower,0,0,6,0,6,0,0,15,0,15,0,0,21,0,21,16,0,16,37
10/13/2008,NQA,TN,ASO,CE,Federal Contract Tower,0,0,9,0,9,0,0,7,0,7,0,0,16,0,16,6,0,6,22
10/14/2008,NQA,TN,ASO,CE,Federal Contract Tower,0,0,6,4,10,0,0,18,4,22,0,0,24,8,32,30,44,74,106
10/15/2008,NQA,TN,ASO,CE,Federal Contract Tower,0,0,8,13,21,0,0,12,0,12,0,0,20,13,33,12,18,30,63
10/16/2008,NQA,TN,ASO,CE,Federal Contract Tower,0,0,4,9,13,0,0,2,0,2,0,0,6,9,15,0,0,0,15
10/17/2008,NQA,TN,ASO,CE,Federal Contract Tower,0,0,5,15,20,0,0,17,0,17,0,0,22,15,37,10,136,146,183
10/18/2008,NQA,TN,ASO,CE,Federal Contract Tower,0,0,6,16,22,0,0,23,0,23,0,0,29,16,45,32,32,64,109
10/19/2008,NQA,TN,ASO,CE,Federal Contract Tower,0,2,5,7,14,0,0,19,0,19,0,2,24,7,33,26,2,28,61
10/20/2008,NQA,TN,ASO,CE,Federal Contract Tower,0,0,14,17,31,0,0,11,9,20,0,0,25,26,51,16,160,176,227
10/21/2008,NQA,TN,ASO,CE,Federal Contract Tower,0,0,11,2,13,0,0,15,0,15,0,0,26,2,28,14,46,60,88
10/22/2008,NQA,TN,ASO,CE,Federal Contract Tower,0,0,3,16,19,0,0,7,4,11,0,0,10,20,30,8,80,88,118
10/23/2008,NQA,TN,ASO,CE,Federal Contract Tower,3,0,25,1,29,0,0,0,0,0,3,0,25,1,29,0,0,0,29
10/24/2008,NQA,TN,ASO,CE,Federal Contract Tower,0,0,14,18,32,0,0,7,0,7,0,0,21,18,39,8,0,8,47
10/25/2008,NQA,TN,ASO,CE,Federal Contract Tower,1,0,33,7,41,0,0,19,0,19,1,0,52,7,60,14,0,14,74
10/26/2008,NQA,TN,ASO,CE,Federal Contract Tower,0,0,6,0,6,0,0,7,0,7,0,0,13,0,13,6,0,6,19
10/27/2008,NQA,TN,ASO,CE,Federal Contract Tower,0,0,6,4,10,0,0,12,4,16,0,0,18,8,26,6,108,114,140
10/28/2008,NQA,TN,ASO,CE,Federal Contract Tower,0,0,7,4,11,0,0,15,4,19,0,0,22,8,30,14,128,142,172
10/29/2008,NQA,TN,ASO,CE,Federal Contract Tower,0,1,12,23,36,0,0,8,5,13,0,1,20,28,49,26,178,204,253
10/30/2008,NQA,TN,ASO,CE,Federal Contract Tower,0,2,8,21,31,0,0,21,5,26,0,2,29,26,57,0,232,232,289
10/31/2008,NQA,TN,ASO,CE,Federal Contract Tower,0,0,6,12,18,0,0,7,7,14,0,0,13,19,32,6,86,92,124
11/01/2008,NQA,TN,ASO,CE,Federal Contract Tower,0,0,10,2,12,0,0,16,0,16,0,0,26,2,28,12,0,12,40
11/02/2008,NQA,TN,ASO,CE,Federal Contract Tower,0,2,17,4,23,0,1,17,0,18,0,3,34,4,41,0,0,0,41
11/03/2008,NQA,TN,ASO,CE,Federal Contract Tower,0,0,1,6,7,0,2,14,4,20,0,2,15,10,27,12,88,100,127
11/04/2008,NQA,TN,ASO,CE,Federal Contract Tower,0,0,3,6,9,0,0,9,1,10,0,0,12,7,19,0,58,58,77
11/05/2008,NQA,TN,ASO,CE,Federal Contract Tower,0,0,6,23,29,0,0,12,12,24,0,0,18,35,53,0,224,224,277
11/06/2008,NQA,TN,ASO,CE,Federal Contract Tower,0,0,2,0,2,0,0,4,0,4,0,0,6,0,6,4,0,4,10
11/07/2008,NQA,TN,ASO,CE,Federal Contract Tower,0,2,6,8,16,0,0,28,2,30,0,2,34,10,46,34,20,54,100
11/08/2008,NQA,TN,ASO,CE,Federal Contract Tower,0,0,4,1,5,0,0,14,0,14,0,0,18,1,19,2,4,6,25
11/09/2008,NQA,TN,ASO,CE,Federal Contract Tower,0,4,6,1,11,0,0,4,0,4,0,4,10,1,15,0,0,0,15
11/10/2008,NQA,TN,ASO,CE,Federal Contract Tower,0,0,9,13,22,0,0,11,2,13,0,0,20,15,35,0,86,86,121
11/11/2008,NQA,TN,ASO,CE,Federal Contract Tower,0,2,3,0,5,0,0,8,0,8,0,2,11,0,13,0,0,0,13
11/12/2008,NQA,TN,ASO,CE,Federal Contract Tower,0,0,5,2,7,0,0,0,0,0,0,0,5,2,7,0,0,0,7
11/13/2008,NQA,TN,ASO,CE,Federal Contract Tower,0,0,14,0,14,0,0,0,0,0,0,0,14,0,14,0,0,0,14
11/14/2008,NQA,TN,ASO,CE,Federal Contract Tower,0,4,7,1,12,0,0,1,0,1,0,4,8,1,13,0,0,0,13
11/15/2008,NQA,TN,ASO,CE,Federal Contract Tower,0,0,1,0,1,0,0,2,0,2,0,0,3,0,3,0,0,0,3
11/16/2008,NQA,TN,ASO,CE,Federal Contract Tower,0,2,5,0,7,0,0,11,5,16,0,2,16,5,23,0,20,20,43
11/17/2008,NQA,TN,ASO,CE,Federal Contract Tower,0,0,13,3,16,0,0,11,2,13,0,0,24,5,29,12,38,50,79
11/18/2008,NQA,TN,ASO,CE,Federal Contract Tower,0,0,9,7,16,0,2,11,0,13,0,2,20,7,29,6,38,44,73
11/19/2008,NQA,TN,ASO,CE,Federal Contract Tower,0,0,8,15,23,0,2,9,3,14,0,2,17,18,37,8,150,158,195
11/20/2008,NQA,TN,ASO,CE,Federal Contract Tower,0,0,8,16,24,0,0,19,2,21,0,0,27,18,45,26,102,128,173
11/21/2008,NQA,TN,ASO,CE,Federal Contract Tower,0,0,4,13,17,0,2,22,3,27,0,2,26,16,44,36,26,62,106
11/22/2008,NQA,TN,ASO,CE,Federal Contract Tower,0,0,4,0,4,0,0,21,0,21,0,0,25,0,25,18,0,18,43
11/23/2008,NQA,TN,ASO,CE,Federal Contract Tower,0,0,5,8,13,0,0,11,0,11,0,0,16,8,24,0,0,0,24
11/24/2008,NQA,TN,ASO,CE,Federal Contract Tower,0,0,11,4,15,0,0,6,0,6,0,0,17,4,21,0,0,0,21
11/25/2008,NQA,TN,ASO,CE,Federal Contract Tower,0,0,4,2,6,0,0,24,0,24,0,0,28,2,30,2,0,2,32
11/26/2008,NQA,TN,ASO,CE,Federal Contract Tower,0,0,16,9,25,0,0,12,5,17,0,0,28,14,42,4,66,70,112
11/27/2008,NQA,TN,ASO,CE,Federal Contract Tower,0,0,2,0,2,0,0,2,0,2,0,0,4,0,4,0,0,0,4
11/28/2008,NQA,TN,ASO,CE,Federal Contract Tower,0,0,5,0,5,0,0,3,1,4,0,0,8,1,9,4,0,4,13
11/29/2008,NQA,TN,ASO,CE,Federal Contract Tower,0,0,12,0,12,0,0,5,0,5,0,0,17,0,17,0,0,0,17
11/30/2008,NQA,TN,ASO,CE,Federal Contract Tower,0,0,14,3,17,0,1,1,1,3,0,1,15,4,20,0,14,14,34
12/01/2008,NQA,TN,ASO,CE,Federal Contract Tower,0,0,11,14,25,0,0,9,0,9,0,0,20,14,34,12,20,32,66
12/02/2008,NQA,TN,ASO,CE,Federal Contract Tower,0,0,8,5,13,0,0,12,0,12,0,0,20,5,25,8,26,34,59
12/03/2008,NQA,TN,ASO,CE,Federal Contract Tower,0,0,10,4,14,0,0,5,4,9,0,0,15,8,23,0,68,68,91
12/04/2008,NQA,TN,ASO,CE,Federal Contract Tower,0,0,6,4,10,0,0,13,4,17,0,0,19,8,27,0,79,79,106
12/05/2008,NQA,TN,ASO,CE,Federal Contract Tower,0,0,12,14,26,0,0,9,9,18,0,0,21,23,44,0,156,156,200
12/06/2008,NQA,TN,ASO,CE,Federal Contract Tower,0,0,3,2,5,0,0,26,0,26,0,0,29,2,31,18,0,18,49
12/07/2008,NQA,TN,ASO,CE,Federal Contract Tower,0,0,3,6,9,0,0,18,0,18,0,0,21,6,27,50,0,50,77
12/08/2008,NQA,TN,ASO,CE,Federal Contract Tower,0,0,3,2,5,0,0,10,2,12,0,0,13,4,17,6,14,20,37
12/09/2008,NQA,TN,ASO,CE,Federal Contract Tower,0,0,6,0,6,0,0,1,0,1,0,0,7,0,7,0,0,0,7
12/10/2008,NQA,TN,ASO,CE,Federal Contract Tower,0,1,6,4,11,0,0,1,2,3,0,1,7,6,14,0,0,0,14
12/11/2008,NQA,TN,ASO,CE,Federal Contract Tower,0,0,8,8,16,0,0,2,1,3,0,0,10,9,19,0,0,0,19
12/12/2008,NQA,TN,ASO,CE,Federal Contract Tower,0,0,20,22,42,0,1,23,9,33,0,1,43,31,75,10,196,206,281
12/13/2008,NQA,TN,ASO,CE,Federal Contract Tower,0,7,5,0,12,0,0,12,0,12,0,7,17,0,24,6,0,6,30
12/14/2008,NQA,TN,ASO,CE,Federal Contract Tower,0,0,10,1,11,0,0,7,0,7,0,0,17,1,18,0,0,0,18
12/15/2008,NQA,TN,ASO,CE,Federal Contract Tower,0,0,5,2,7,0,0,0,0,0,0,0,5,2,7,0,0,0,7
12/16/2008,NQA,TN,ASO,CE,Federal Contract Tower,0,0,4,2,6,0,0,0,0,0,0,0,4,2,6,0,0,0,6
12/17/2008,NQA,TN,ASO,CE,Federal Contract Tower,0,0,4,18,22,0,0,0,0,0,0,0,4,18,22,0,0,0,22
12/18/2008,NQA,TN,ASO,CE,Federal Contract Tower,0,0,4,4,8,0,0,0,0,0,0,0,4,4,8,0,0,0,8
12/19/2008,NQA,TN,ASO,CE,Federal Contract Tower,0,0,9,14,23,0,0,10,2,12,0,0,19,16,35,6,74,80,115
12/20/2008,NQA,TN,ASO,CE,Federal Contract Tower,0,0,4,1,5,0,0,0,0,0,0,0,4,1,5,0,0,0,5
12/21/2008,NQA,TN,ASO,CE,Federal Contract Tower,0,2,1,1,4,0,0,4,0,4,0,2,5,1,8,2,0,2,10
12/22/2008,NQA,TN,ASO,CE,Federal Contract Tower,0,0,1,6,7,0,0,14,4,18,0,0,15,10,25,6,92,98,123
12/23/2008,NQA,TN,ASO,CE,Federal Contract Tower,0,2,0,0,2,0,0,1,0,1,0,2,1,0,3,0,0,0,3
12/24/2008,NQA,TN,ASO,CE,Federal Contract Tower,0,0,0,0,0,0,0,8,0,8,0,0,8,0,8,10,0,10,18
12/25/2008,NQA,TN,ASO,CE,Federal Contract Tower,0,0,1,0,1,0,0,6,0,6,0,0,7,0,7,0,0,0,7
12/26/2008,NQA,TN,ASO,CE,Federal Contract Tower,0,0,2,0,2,0,0,0,0,0,0,0,2,0,2,0,0,0,2
12/27/2008,NQA,TN,ASO,CE,Federal Contract Tower,0,0,5,0,5,0,0,0,0,0,0,0,5,0,5,0,0,0,5
12/28/2008,NQA,TN,ASO,CE,Federal Contract Tower,0,0,11,0,11,0,0,35,0,35,0,0,46,0,46,48,0,48,94
12/29/2008,NQA,TN,ASO,CE,Federal Contract Tower,0,0,6,2,8,0,0,18,0,18,0,0,24,2,26,12,0,12,38
12/30/2008,NQA,TN,ASO,CE,Federal Contract Tower,0,0,10,0,10,0,0,16,0,16,0,0,26,0,26,12,0,12,38
12/31/2008,NQA,TN,ASO,CE,Federal Contract Tower,0,0,4,0,4,0,0,6,0,6,0,0,10,0,10,0,0,0,10
01/01/2009,NQA,TN,ASO,CE,Federal Contract Tower,0,0,0,0,0,0,0,8,0,8,0,0,8,0,8,0,0,0,8
01/02/2009,NQA,TN,ASO,CE,Federal Contract Tower,0,0,7,2,9,0,0,32,0,32,0,0,39,2,41,54,0,54,95
01/03/2009,NQA,TN,ASO,CE,Federal Contract Tower,0,0,5,2,7,0,0,4,0,4,0,0,9,2,11,0,0,0,11
01/04/2009,NQA,TN,ASO,CE,Federal Contract Tower,0,0,6,0,6,0,0,0,0,0,0,0,6,0,6,0,0,0,6
01/05/2009,NQA,TN,ASO,CE,Federal Contract Tower,0,0,5,0,5,0,0,0,0,0,0,0,5,0,5,0,0,0,5
01/06/2009,NQA,TN,ASO,CE,Federal Contract Tower,0,0,4,0,4,0,0,0,0,0,0,0,4,0,4,0,0,0,4
01/07/2009,NQA,TN,ASO,CE,Federal Contract Tower,0,0,4,7,11,0,0,4,2,6,0,0,8,9,17,6,60,66,83
01/08/2009,NQA,TN,ASO,CE,Federal Contract Tower,0,0,10,10,20,0,0,12,6,18,0,0,22,16,38,14,172,186,224
01/09/2009,NQA,TN,ASO,CE,Federal Contract Tower,0,2,11,20,33,0,0,10,5,15,0,2,21,25,48,0,184,184,232
01/10/2009,NQA,TN,ASO,CE,Federal Contract Tower,0,0,2,0,2,0,0,0,0,0,0,0,2,0,2,0,0,0,2
01/11/2009,NQA,TN,ASO,CE,Federal Contract Tower,0,0,9,2,11,0,0,14,0,14,0,0,23,2,25,10,0,10,35
01/12/2009,NQA,TN,ASO,CE,Federal Contract Tower,0,0,5,11,16,0,0,6,1,7,0,0,11,12,23,16,114,130,153
01/13/2009,NQA,TN,ASO,CE,Federal Contract Tower,0,0,5,25,30,0,0,9,17,26,0,0,14,42,56,10,204,214,270
01/14/2009,NQA,TN,ASO,CE,Federal Contract Tower,0,0,6,9,15,0,0,8,0,8,0,0,14,9,23,26,86,112,135
01/15/2009,NQA,TN,ASO,CE,Federal Contract Tower,0,15,0,9,24,0,0,1,0,1,0,15,1,9,25,0,50,50,75
01/16/2009,NQA,TN,ASO,CE,Federal Contract Tower,0,5,6,13,24,0,2,2,0,4,0,7,8,13,28,10,84,94,122
01/17/2009,NQA,TN,ASO,CE,Federal Contract Tower,0,0,0,4,4,0,0,0,0,0,0,0,0,4,4,0,0,0,4
01/18/2009,NQA,TN,ASO,CE,Federal Contract Tower,0,1,6,6,13,0,0,11,0,11,0,1,17,6,24,4,10,14,38
01/19/2009,NQA,TN,ASO,CE,Federal Contract Tower,0,0,1,1,2,0,0,3,0,3,0,0,4,1,5,4,0,4,9
01/20/2009,NQA,TN,ASO,CE,Federal Contract Tower,0,0,2,4,6,0,0,0,0,0,0,0,2,4,6,104,0,104,110
01/21/2009,NQA,TN,ASO,CE,Federal Contract Tower,0,1,12,6,19,0,0,5,2,7,0,1,17,8,26,2,24,26,52
01/22/2009,NQA,TN,ASO,CE,Federal Contract Tower,0,0,5,10,15,0,0,13,5,18,0,0,18,15,33,16,170,186,219
01/23/2009,NQA,TN,ASO,CE,Federal Contract Tower,0,0,10,3,13,0,0,8,4,12,0,0,18,7,25,4,64,68,93
01/24/2009,NQA,TN,ASO,CE,Federal Contract Tower,0,0,0,3,3,0,0,1,0,1,0,0,1,3,4,4,0,4,8
01/25/2009,NQA,TN,ASO,CE,Federal Contract Tower,0,0,7,3,10,0,0,1,0,1,0,0,8,3,11,24,8,32,43
01/26/2009,NQA,TN,ASO,CE,Federal Contract Tower,0,0,3,6,9,0,0,3,6,9,0,0,6,12,18,0,114,114,132
01/27/2009,NQA,TN,ASO,CE,Federal Contract Tower,0,0,0,0,0,0,0,0,0,0,0,0,0,0,0,0,0,0,0
01/28/2009,NQA,TN,ASO,CE,Federal Contract Tower,0,0,5,6,11,0,0,0,0,0,0,0,5,6,11,0,0,0,11
01/29/2009,NQA,TN,ASO,CE,Federal Contract Tower,0,0,5,6,11,0,0,0,0,0,0,0,5,6,11,0,0,0,11
01/30/2009,NQA,TN,ASO,CE,Federal Contract Tower,0,0,12,9,21,0,0,14,2,16,0,0,26,11,37,0,110,110,147
01/31/2009,NQA,TN,ASO,CE,Federal Contract Tower,0,0,6,1,7,0,0,34,0,34,0,0,40,1,41,36,0,36,77
02/01/2009,NQA,TN,ASO,CE,Federal Contract Tower,0,0,5,1,6,0,0,20,2,22,0,0,25,3,28,24,0,24,52
02/02/2009,NQA,TN,ASO,CE,Federal Contract Tower,0,0,1,8,9,0,0,9,4,13,0,0,10,12,22,10,116,126,148
02/03/2009,NQA,TN,ASO,CE,Federal Contract Tower,0,0,8,6,14,0,0,6,0,6,0,0,14,6,20,4,4,8,28
02/04/2009,NQA,TN,ASO,CE,Federal Contract Tower,0,2,2,16,20,0,0,7,1,8,0,2,9,17,28,10,100,110,138
02/05/2009,NQA,TN,ASO,CE,Federal Contract Tower,0,0,5,8,13,0,0,9,2,11,0,0,14,10,24,0,54,54,78
02/06/2009,NQA,TN,ASO,CE,Federal Contract Tower,0,0,3,13,16,0,0,16,0,16,0,0,19,13,32,4,44,48,80
02/07/2009,NQA,TN,ASO,CE,Federal Contract Tower,0,0,3,0,3,0,0,7,0,7,0,0,10,0,10,2,0,2,12
02/08/2009,NQA,TN,ASO,CE,Federal Contract Tower,0,0,3,2,5,0,0,15,0,15,0,0,18,2,20,8,0,8,28
02/09/2009,NQA,TN,ASO,CE,Federal Contract Tower,0,0,3,1,4,0,0,7,0,7,0,0,10,1,11,16,0,16,27
02/10/2009,NQA,TN,ASO,CE,Federal Contract Tower,0,1,3,2,6,0,0,0,0,0,0,1,3,2,6,0,0,0,6
02/11/2009,NQA,TN,ASO,CE,Federal Contract Tower,0,0,3,2,5,0,0,4,0,4,0,0,7,2,9,0,0,0,9
02/12/2009,NQA,TN,ASO,CE,Federal Contract Tower,0,0,14,15,29,0,0,29,3,32,0,0,43,18,61,4,126,130,191
02/13/2009,NQA,TN,ASO,CE,Federal Contract Tower,0,0,6,25,31,0,0,15,6,21,0,0,21,31,52,10,230,240,292
02/14/2009,NQA,TN,ASO,CE,Federal Contract Tower,2,0,1,0,3,0,0,9,0,9,2,0,10,0,12,6,0,6,18
02/15/2009,NQA,TN,ASO,CE,Federal Contract Tower,0,0,2,0,2,0,0,12,0,12,0,0,14,0,14,2,0,2,16
02/16/2009,NQA,TN,ASO,CE,Federal Contract Tower,0,0,8,1,9,0,0,17,0,17,0,0,25,1,26,16,0,16,42
02/17/2009,NQA,TN,ASO,CE,Federal Contract Tower,0,0,0,5,5,0,0,9,0,9,0,0,9,5,14,4,0,4,18
02/18/2009,NQA,TN,ASO,CE,Federal Contract Tower,0,2,4,15,21,0,0,2,0,2,0,2,6,15,23,0,120,120,143
02/19/2009,NQA,TN,ASO,CE,Federal Contract Tower,0,0,8,19,27,0,2,6,0,8,0,2,14,19,35,0,48,48,83
02/20/2009,NQA,TN,ASO,CE,Federal Contract Tower,0,0,10,25,35,0,0,22,0,22,0,0,32,25,57,34,6,40,97
02/21/2009,NQA,TN,ASO,CE,Federal Contract Tower,0,0,2,1,3,0,0,3,0,3,0,0,5,1,6,6,0,6,12
02/22/2009,NQA,TN,ASO,CE,Federal Contract Tower,0,0,7,6,13,0,0,18,1,19,0,0,25,7,32,16,2,18,50
02/23/2009,NQA,TN,ASO,CE,Federal Contract Tower,0,0,10,10,20,0,0,14,1,15,0,0,24,11,35,34,78,112,147
02/24/2009,NQA,TN,ASO,CE,Federal Contract Tower,0,0,5,6,11,0,0,15,1,16,0,0,20,7,27,0,78,78,105
02/25/2009,NQA,TN,ASO,CE,Federal Contract Tower,0,0,11,2,13,0,0,11,0,11,0,0,22,2,24,4,28,32,56
02/26/2009,NQA,TN,ASO,CE,Federal Contract Tower,0,0,4,12,16,0,0,8,0,8,0,0,12,12,24,0,74,74,98
02/27/2009,NQA,TN,ASO,CE,Federal Contract Tower,0,0,7,4,11,0,0,4,0,4,0,0,11,4,15,0,0,0,15
02/28/2009,NQA,TN,ASO,CE,Federal Contract Tower,0,0,0,0,0,0,0,0,0,0,0,0,0,0,0,0,0,0,0
03/01/2009,NQA,TN,ASO,CE,Federal Contract Tower,0,0,2,0,2,0,0,2,0,2,0,0,4,0,4,0,0,0,4
03/02/2009,NQA,TN,ASO,CE,Federal Contract Tower,0,0,5,4,9,0,0,21,0,21,0,0,26,4,30,26,74,100,130
03/03/2009,NQA,TN,ASO,CE,Federal Contract Tower,0,0,9,6,15,0,0,13,0,13,0,0,22,6,28,52,26,78,106
03/04/2009,NQA,TN,ASO,CE,Federal Contract Tower,0,5,4,2,11,0,0,23,2,25,0,5,27,4,36,12,16,28,64
03/05/2009,NQA,TN,ASO,CE,Federal Contract Tower,0,0,8,8,16,0,0,14,3,17,0,0,22,11,33,10,60,70,103
03/06/2009,NQA,TN,ASO,CE,Federal Contract Tower,4,0,8,18,30,0,0,2,2,4,4,0,10,20,34,0,38,38,72
03/07/2009,NQA,TN,ASO,CE,Federal Contract Tower,0,0,1,14,15,0,0,0,0,0,0,0,1,14,15,2,0,2,17
03/08/2009,NQA,TN,ASO,CE,Federal Contract Tower,0,0,8,2,10,0,0,1,0,1,0,0,9,2,11,0,0,0,11
03/09/2009,NQA,TN,ASO,CE,Federal Contract Tower,0,0,0,16,16,0,0,19,6,25,0,0,19,22,41,20,110,130,171
03/10/2009,NQA,TN,ASO,CE,Federal Contract Tower,0,0,5,25,30,0,0,8,9,17,0,0,13,34,47,0,112,112,159
03/11/2009,NQA,TN,ASO,CE,Federal Contract Tower,0,0,4,0,4,0,0,6,2,8,0,0,10,2,12,0,0,0,12
03/12/2009,NQA,TN,ASO,CE,Federal Contract Tower,0,0,0,0,0,0,0,2,0,2,0,0,2,0,2,0,0,0,2
03/13/2009,NQA,TN,ASO,CE,Federal Contract Tower,0,0,8,4,12,0,0,4,0,4,0,0,12,4,16,0,0,0,16
03/14/2009,NQA,TN,ASO,CE,Federal Contract Tower,0,0,7,0,7,0,0,1,0,1,0,0,8,0,8,0,0,0,8
03/15/2009,NQA,TN,ASO,CE,Federal Contract Tower,0,0,3,0,3,0,0,2,0,2,0,0,5,0,5,8,0,8,13
03/16/2009,NQA,TN,ASO,CE,Federal Contract Tower,0,0,7,12,19,0,0,9,6,15,0,0,16,18,34,32,76,108,142
03/17/2009,NQA,TN,ASO,CE,Federal Contract Tower,0,0,4,8,12,0,0,22,0,22,0,0,26,8,34,4,44,48,82
03/18/2009,NQA,TN,ASO,CE,Federal Contract Tower,0,0,7,8,15,0,0,27,4,31,0,0,34,12,46,10,62,72,118
03/19/2009,NQA,TN,ASO,CE,Federal Contract Tower,0,0,6,8,14,0,0,5,0,5,0,0,11,8,19,10,0,10,29
03/20/2009,NQA,TN,ASO,CE,Federal Contract Tower,2,0,16,14,32,0,0,12,8,20,2,0,28,22,52,2,102,104,156
03/21/2009,NQA,TN,ASO,CE,Federal Contract Tower,0,0,5,1,6,0,0,8,0,8,0,0,13,1,14,8,0,8,22
03/22/2009,NQA,TN,ASO,CE,Federal Contract Tower,0,0,11,0,11,0,0,42,0,42,0,0,53,0,53,80,0,80,133
03/23/2009,NQA,TN,ASO,CE,Federal Contract Tower,0,0,1,8,9,0,2,14,1,17,0,2,15,9,26,8,12,20,46
03/24/2009,NQA,TN,ASO,CE,Federal Contract Tower,0,0,10,10,20,0,0,1,0,1,0,0,11,10,21,0,64,64,85
03/25/2009,NQA,TN,ASO,CE,Federal Contract Tower,0,0,6,6,12,0,0,11,1,12,0,0,17,7,24,0,36,36,60
03/26/2009,NQA,TN,ASO,CE,Federal Contract Tower,0,0,5,22,27,0,0,8,6,14,0,0,13,28,41,28,102,130,171
03/27/2009,NQA,TN,ASO,CE,Federal Contract Tower,0,0,11,32,43,0,0,5,0,5,0,0,16,32,48,0,48,48,96
03/28/2009,NQA,TN,ASO,CE,Federal Contract Tower,0,0,4,2,6,0,0,0,0,0,0,0,4,2,6,0,0,0,6
03/29/2009,NQA,TN,ASO,CE,Federal Contract Tower,0,0,5,6,11,0,0,17,1,18,0,0,22,7,29,0,0,0,29
03/30/2009,NQA,TN,ASO,CE,Federal Contract Tower,0,0,2,6,8,0,0,13,1,14,0,0,15,7,22,0,4,4,26
03/31/2009,NQA,TN,ASO,CE,Federal Contract Tower,0,0,3,0,3,0,0,4,4,8,0,0,7,4,11,4,0,4,15
04/01/2009,NQA,TN,ASO,CE,Federal Contract Tower,0,0,6,14,20,0,0,25,5,30,0,0,31,19,50,50,94,144,194
04/02/2009,NQA,TN,ASO,CE,Federal Contract Tower,0,0,1,6,7,0,0,7,4,11,0,0,8,10,18,14,88,102,120
04/03/2009,NQA,TN,ASO,CE,Federal Contract Tower,0,0,8,7,15,0,0,15,2,17,0,0,23,9,32,16,88,104,136
04/04/2009,NQA,TN,ASO,CE,Federal Contract Tower,0,0,4,4,8,0,0,23,0,23,0,0,27,4,31,10,0,10,41
04/05/2009,NQA,TN,ASO,CE,Federal Contract Tower,0,0,5,2,7,0,0,4,0,4,0,0,9,2,11,0,0,0,11
04/06/2009,NQA,TN,ASO,CE,Federal Contract Tower,0,0,1,2,3,0,0,2,2,4,0,0,3,4,7,0,10,10,17
04/07/2009,NQA,TN,ASO,CE,Federal Contract Tower,0,0,11,4,15,0,0,15,0,15,0,0,26,4,30,26,4,30,60
04/08/2009,NQA,TN,ASO,CE,Federal Contract Tower,0,0,3,4,7,0,2,18,2,22,0,2,21,6,29,16,44,60,89
04/09/2009,NQA,TN,ASO,CE,Federal Contract Tower,0,0,7,14,21,0,0,11,7,18,0,0,18,21,39,0,148,148,187
04/10/2009,NQA,TN,ASO,CE,Federal Contract Tower,0,0,4,7,11,0,0,0,0,0,0,0,4,7,11,0,56,56,67
04/11/2009,NQA,TN,ASO,CE,Federal Contract Tower,0,0,3,0,3,0,0,21,0,21,0,0,24,0,24,18,0,18,42
04/12/2009,NQA,TN,ASO,CE,Federal Contract Tower,0,0,2,2,4,0,0,2,0,2,0,0,4,2,6,4,0,4,10
04/13/2009,NQA,TN,ASO,CE,Federal Contract Tower,0,0,7,36,43,0,0,1,1,2,0,0,8,37,45,0,2,2,47
04/14/2009,NQA,TN,ASO,CE,Federal Contract Tower,0,0,4,1,5,0,0,4,2,6,0,0,8,3,11,0,48,48,59
04/15/2009,NQA,TN,ASO,CE,Federal Contract Tower,2,0,10,5,17,0,2,16,4,22,2,2,26,9,39,4,72,76,115
04/16/2009,NQA,TN,ASO,CE,Federal Contract Tower,4,0,4,6,14,0,0,19,0,19,4,0,23,6,33,22,48,70,103
04/17/2009,NQA,TN,ASO,CE,Federal Contract Tower,0,2,8,10,20,0,0,14,0,14,0,2,22,10,34,46,4,50,84
04/18/2009,NQA,TN,ASO,CE,Federal Contract Tower,0,0,0,0,0,0,0,0,0,0,0,0,0,0,0,0,0,0,0
04/19/2009,NQA,TN,ASO,CE,Federal Contract Tower,0,0,6,4,10,0,0,0,0,0,0,0,6,4,10,0,0,0,10
04/20/2009,NQA,TN,ASO,CE,Federal Contract Tower,0,0,5,6,11,0,0,16,0,16,0,0,21,6,27,10,54,64,91
04/21/2009,NQA,TN,ASO,CE,Federal Contract Tower,0,0,6,7,13,0,0,4,0,4,0,0,10,7,17,6,58,64,81
04/22/2009,NQA,TN,ASO,CE,Federal Contract Tower,0,0,0,10,10,0,0,17,2,19,0,0,17,12,29,12,80,92,121
04/23/2009,NQA,TN,ASO,CE,Federal Contract Tower,0,2,7,10,19,0,0,13,6,19,0,2,20,16,38,10,142,152,190
04/24/2009,NQA,TN,ASO,CE,Federal Contract Tower,0,0,9,5,14,0,0,14,0,14,0,0,23,5,28,14,48,62,90
04/25/2009,NQA,TN,ASO,CE,Federal Contract Tower,0,0,5,16,21,0,0,9,0,9,0,0,14,16,30,2,0,2,32
04/26/2009,NQA,TN,ASO,CE,Federal Contract Tower,0,0,7,7,14,0,0,7,0,7,0,0,14,7,21,2,0,2,23
04/27/2009,NQA,TN,ASO,CE,Federal Contract Tower,0,0,18,14,32,0,0,7,0,7,0,0,25,14,39,14,70,84,123
04/28/2009,NQA,TN,ASO,CE,Federal Contract Tower,0,0,8,12,20,0,0,10,3,13,0,0,18,15,33,22,66,88,121
04/29/2009,NQA,TN,ASO,CE,Federal Contract Tower,0,0,5,7,12,0,0,6,0,6,0,0,11,7,18,0,8,8,26
04/30/2009,NQA,TN,ASO,CE,Federal Contract Tower,0,0,7,0,7,0,0,7,2,9,0,0,14,2,16,10,0,10,26
05/01/2009,NQA,TN,ASO,CE,Federal Contract Tower,0,0,7,4,11,0,0,2,2,4,0,0,9,6,15,8,34,42,57
05/02/2009,NQA,TN,ASO,CE,Federal Contract Tower,0,0,2,0,2,0,0,0,0,0,0,0,2,0,2,0,0,0,2
05/03/2009,NQA,TN,ASO,CE,Federal Contract Tower,0,1,1,3,5,0,0,0,0,0,0,1,1,3,5,0,0,0,5
05/04/2009,NQA,TN,ASO,CE,Federal Contract Tower,0,0,12,5,17,0,0,3,4,7,0,0,15,9,24,38,46,84,108
05/05/2009,NQA,TN,ASO,CE,Federal Contract Tower,0,2,7,6,15,0,0,12,1,13,0,2,19,7,28,8,34,42,70
05/06/2009,NQA,TN,ASO,CE,Federal Contract Tower,0,0,3,4,7,0,0,3,2,5,0,0,6,6,12,0,54,54,66
05/07/2009,NQA,TN,ASO,CE,Federal Contract Tower,0,0,8,10,18,0,0,16,4,20,0,0,24,14,38,14,86,100,138
05/08/2009,NQA,TN,ASO,CE,Federal Contract Tower,0,0,14,4,18,0,0,5,0,5,0,0,19,4,23,0,0,0,23
05/09/2009,NQA,TN,ASO,CE,Federal Contract Tower,0,0,1,2,3,0,0,28,0,28,0,0,29,2,31,34,0,34,65
05/10/2009,NQA,TN,ASO,CE,Federal Contract Tower,0,0,9,1,10,0,0,6,0,6,0,0,15,1,16,0,0,0,16
05/11/2009,NQA,TN,ASO,CE,Federal Contract Tower,0,0,8,24,32,0,0,9,2,11,0,0,17,26,43,0,116,116,159
05/12/2009,NQA,TN,ASO,CE,Federal Contract Tower,0,0,5,4,9,0,0,10,2,12,0,0,15,6,21,24,110,134,155
05/13/2009,NQA,TN,ASO,CE,Federal Contract Tower,0,0,2,2,4,0,0,3,0,3,0,0,5,2,7,8,0,8,15
05/14/2009,NQA,TN,ASO,CE,Federal Contract Tower,0,0,17,9,26,0,0,10,4,14,0,0,27,13,40,20,6,26,66
05/15/2009,NQA,TN,ASO,CE,Federal Contract Tower,0,0,7,15,22,0,0,18,3,21,0,0,25,18,43,16,188,204,247
05/16/2009,NQA,TN,ASO,CE,Federal Contract Tower,0,0,6,1,7,0,0,8,0,8,0,0,14,1,15,4,0,4,19
05/17/2009,NQA,TN,ASO,CE,Federal Contract Tower,0,0,7,4,11,0,0,16,1,17,0,0,23,5,28,0,0,0,28
05/18/2009,NQA,TN,ASO,CE,Federal Contract Tower,0,0,1,8,9,0,0,16,3,19,0,0,17,11,28,24,152,176,204
05/19/2009,NQA,TN,ASO,CE,Federal Contract Tower,0,0,12,13,25,0,0,23,0,23,0,0,35,13,48,20,134,154,202
05/20/2009,NQA,TN,ASO,CE,Federal Contract Tower,0,0,2,12,14,0,0,10,1,11,0,0,12,13,25,2,90,92,117
05/21/2009,NQA,TN,ASO,CE,Federal Contract Tower,0,2,15,8,25,0,0,31,0,31,0,2,46,8,56,26,52,78,134
05/22/2009,NQA,TN,ASO,CE,Federal Contract Tower,0,0,12,6,18,0,0,12,0,12,0,0,24,6,30,4,0,4,34
05/23/2009,NQA,TN,ASO,CE,Federal Contract Tower,0,0,4,5,9,0,0,8,6,14,0,0,12,11,23,2,16,18,41
05/24/2009,NQA,TN,ASO,CE,Federal Contract Tower,0,0,3,0,3,0,0,0,0,0,0,0,3,0,3,8,0,8,11
05/25/2009,NQA,TN,ASO,CE,Federal Contract Tower,0,0,8,1,9,0,0,7,0,7,0,0,15,1,16,10,0,10,26
05/26/2009,NQA,TN,ASO,CE,Federal Contract Tower,0,0,12,7,19,0,2,2,0,4,0,2,14,7,23,0,12,12,35
05/27/2009,NQA,TN,ASO,CE,Federal Contract Tower,2,0,3,18,23,0,2,11,14,27,2,2,14,32,50,4,166,170,220
05/28/2009,NQA,TN,ASO,CE,Federal Contract Tower,0,0,10,8,18,0,0,11,2,13,0,0,21,10,31,0,60,60,91
05/29/2009,NQA,TN,ASO,CE,Federal Contract Tower,0,0,11,21,32,0,0,23,6,29,0,0,34,27,61,0,50,50,111
05/30/2009,NQA,TN,ASO,CE,Federal Contract Tower,0,0,2,2,4,0,0,20,0,20,0,0,22,2,24,0,0,0,24
05/31/2009,NQA,TN,ASO,CE,Federal Contract Tower,0,0,3,3,6,0,2,15,1,18,0,2,18,4,24,6,0,6,30
06/01/2009,NQA,TN,ASO,CE,Federal Contract Tower,0,0,1,9,10,0,0,11,6,17,0,0,12,15,27,18,86,104,131
06/02/2009,NQA,TN,ASO,CE,Federal Contract Tower,0,0,6,1,7,0,0,15,0,15,0,0,21,1,22,2,0,2,24
06/03/2009,NQA,TN,ASO,CE,Federal Contract Tower,0,0,8,0,8,0,0,7,0,7,0,0,15,0,15,2,0,2,17
06/04/2009,NQA,TN,ASO,CE,Federal Contract Tower,0,0,3,2,5,0,0,2,0,2,0,0,5,2,7,10,0,10,17
06/05/2009,NQA,TN,ASO,CE,Federal Contract Tower,0,3,13,14,30,0,0,24,8,32,0,3,37,22,62,22,180,202,264
06/06/2009,NQA,TN,ASO,CE,Federal Contract Tower,0,0,5,6,11,0,0,9,0,9,0,0,14,6,20,0,14,14,34
06/07/2009,NQA,TN,ASO,CE,Federal Contract Tower,0,0,3,3,6,0,0,18,0,18,0,0,21,3,24,6,0,6,30
06/08/2009,NQA,TN,ASO,CE,Federal Contract Tower,0,0,6,2,8,0,0,19,3,22,0,0,25,5,30,58,82,140,170
06/09/2009,NQA,TN,ASO,CE,Federal Contract Tower,0,4,7,0,11,0,0,25,0,25,0,4,32,0,36,20,0,20,56
06/10/2009,NQA,TN,ASO,CE,Federal Contract Tower,0,4,5,0,9,0,0,12,0,12,0,4,17,0,21,30,0,30,51
06/11/2009,NQA,TN,ASO,CE,Federal Contract Tower,0,2,10,8,20,0,0,15,6,21,0,2,25,14,41,0,72,72,113
06/12/2009,NQA,TN,ASO,CE,Federal Contract Tower,0,0,6,6,12,0,0,5,1,6,0,0,11,7,18,0,22,22,40
06/13/2009,NQA,TN,ASO,CE,Federal Contract Tower,0,0,3,0,3,0,0,6,0,6,0,0,9,0,9,2,0,2,11
06/14/2009,NQA,TN,ASO,CE,Federal Contract Tower,0,0,4,13,17,0,0,1,2,3,0,0,5,15,20,0,0,0,20
06/15/2009,NQA,TN,ASO,CE,Federal Contract Tower,0,0,3,2,5,0,0,6,4,10,0,0,9,6,15,0,84,84,99
06/16/2009,NQA,TN,ASO,CE,Federal Contract Tower,0,0,7,10,17,0,0,19,0,19,0,0,26,10,36,0,70,70,106
06/17/2009,NQA,TN,ASO,CE,Federal Contract Tower,0,0,9,4,13,0,2,14,0,16,0,2,23,4,29,6,26,32,61
06/18/2009,NQA,TN,ASO,CE,Federal Contract Tower,0,0,8,7,15,0,0,14,0,14,0,0,22,7,29,10,60,70,99
06/19/2009,NQA,TN,ASO,CE,Federal Contract Tower,0,0,7,17,24,0,0,11,0,11,0,0,18,17,35,24,154,178,213
06/20/2009,NQA,TN,ASO,CE,Federal Contract Tower,0,0,1,1,2,0,2,16,0,18,0,2,17,1,20,10,0,10,30
06/21/2009,NQA,TN,ASO,CE,Federal Contract Tower,0,1,5,1,7,0,0,6,0,6,0,1,11,1,13,4,0,4,17
06/22/2009,NQA,TN,ASO,CE,Federal Contract Tower,0,0,4,2,6,0,0,11,0,11,0,0,15,2,17,0,32,32,49
06/23/2009,NQA,TN,ASO,CE,Federal Contract Tower,0,0,14,5,19,0,0,18,1,19,0,0,32,6,38,18,36,54,92
06/24/2009,NQA,TN,ASO,CE,Federal Contract Tower,0,2,2,6,10,0,0,7,1,8,0,2,9,7,18,4,74,78,96
06/25/2009,NQA,TN,ASO,CE,Federal Contract Tower,0,1,17,6,24,0,14,0,0,14,0,15,17,6,38,34,66,100,138
06/26/2009,NQA,TN,ASO,CE,Federal Contract Tower,2,0,7,16,25,0,0,19,1,20,2,0,26,17,45,26,66,92,137
06/27/2009,NQA,TN,ASO,CE,Federal Contract Tower,0,0,3,2,5,0,0,13,1,14,0,0,16,3,19,0,0,0,19
06/28/2009,NQA,TN,ASO,CE,Federal Contract Tower,2,0,7,7,16,0,0,15,0,15,2,0,22,7,31,12,4,16,47
06/29/2009,NQA,TN,ASO,CE,Federal Contract Tower,0,0,7,6,13,0,4,18,0,22,0,4,25,6,35,40,38,78,113
06/30/2009,NQA,TN,ASO,CE,Federal Contract Tower,0,0,5,2,7,0,0,13,1,14,0,0,18,3,21,4,40,44,65
07/01/2009,NQA,TN,ASO,CE,Federal Contract Tower,0,0,6,5,11,0,0,10,5,15,0,0,16,10,26,16,4,20,46
07/02/2009,NQA,TN,ASO,CE,Federal Contract Tower,0,2,5,6,13,0,0,13,0,13,0,2,18,6,26,28,36,64,90
07/03/2009,NQA,TN,ASO,CE,Federal Contract Tower,0,0,7,0,7,0,0,24,0,24,0,0,31,0,31,36,0,36,67
07/04/2009,NQA,TN,ASO,CE,Federal Contract Tower,0,0,2,4,6,0,0,11,0,11,0,0,13,4,17,24,0,24,41
07/05/2009,NQA,TN,ASO,CE,Federal Contract Tower,0,0,2,0,2,0,0,2,0,2,0,0,4,0,4,0,0,0,4
07/06/2009,NQA,TN,ASO,CE,Federal Contract Tower,0,0,4,0,4,0,0,8,0,8,0,0,12,0,12,26,0,26,38
07/07/2009,NQA,TN,ASO,CE,Federal Contract Tower,0,0,15,12,27,0,0,26,5,31,0,0,41,17,58,22,104,126,184
07/08/2009,NQA,TN,ASO,CE,Federal Contract Tower,0,0,6,4,10,0,0,8,3,11,0,0,14,7,21,2,64,66,87
07/09/2009,NQA,TN,ASO,CE,Federal Contract Tower,0,0,4,9,13,0,0,22,1,23,0,0,26,10,36,24,104,128,164
07/10/2009,NQA,TN,ASO,CE,Federal Contract Tower,0,0,12,2,14,0,0,15,0,15,0,0,27,2,29,46,0,46,75
07/11/2009,NQA,TN,ASO,CE,Federal Contract Tower,0,0,9,0,9,0,0,17,0,17,0,0,26,0,26,18,0,18,44
07/12/2009,NQA,TN,ASO,CE,Federal Contract Tower,0,3,5,4,12,0,0,6,0,6,0,3,11,4,18,2,4,6,24
07/13/2009,NQA,TN,ASO,CE,Federal Contract Tower,0,0,2,2,4,0,0,3,0,3,0,0,5,2,7,0,30,30,37
07/14/2009,NQA,TN,ASO,CE,Federal Contract Tower,0,0,3,7,10,0,0,11,2,13,0,0,14,9,23,6,30,36,59
07/15/2009,NQA,TN,ASO,CE,Federal Contract Tower,0,2,12,3,17,0,0,20,2,22,0,2,32,5,39,8,24,32,71
07/16/2009,NQA,TN,ASO,CE,Federal Contract Tower,0,2,3,3,8,0,0,2,0,2,0,2,5,3,10,0,0,0,10
07/17/2009,NQA,TN,ASO,CE,Federal Contract Tower,0,1,7,19,27,0,0,8,4,12,0,1,15,23,39,20,56,76,115
07/18/2009,NQA,TN,ASO,CE,Federal Contract Tower,0,0,3,0,3,0,2,22,0,24,0,2,25,0,27,8,0,8,35
07/19/2009,NQA,TN,ASO,CE,Federal Contract Tower,0,0,6,3,9,0,0,19,1,20,0,0,25,4,29,32,0,32,61
07/20/2009,NQA,TN,ASO,CE,Federal Contract Tower,0,0,6,9,15,0,0,14,2,16,0,0,20,11,31,12,38,50,81
07/21/2009,NQA,TN,ASO,CE,Federal Contract Tower,0,0,8,4,12,0,0,0,0,0,0,0,8,4,12,0,0,0,12
07/22/2009,NQA,TN,ASO,CE,Federal Contract Tower,0,0,8,13,21,0,2,1,0,3,0,2,9,13,24,0,20,20,44
07/23/2009,NQA,TN,ASO,CE,Federal Contract Tower,0,0,5,8,13,0,0,38,0,38,0,0,43,8,51,18,56,74,125
07/24/2009,NQA,TN,ASO,CE,Federal Contract Tower,0,2,3,17,22,0,0,19,3,22,0,2,22,20,44,16,124,140,184
07/25/2009,NQA,TN,ASO,CE,Federal Contract Tower,0,0,5,0,5,0,0,16,0,16,0,0,21,0,21,12,0,12,33
07/26/2009,NQA,TN,ASO,CE,Federal Contract Tower,0,0,7,5,12,0,0,7,0,7,0,0,14,5,19,4,0,4,23
07/27/2009,NQA,TN,ASO,CE,Federal Contract Tower,0,0,3,19,22,0,0,18,2,20,0,0,21,21,42,12,28,40,82
07/28/2009,NQA,TN,ASO,CE,Federal Contract Tower,0,0,2,9,11,0,0,8,0,8,0,0,10,9,19,0,0,0,19
07/29/2009,NQA,TN,ASO,CE,Federal Contract Tower,0,0,16,24,40,0,0,7,2,9,0,0,23,26,49,8,128,136,185
07/30/2009,NQA,TN,ASO,CE,Federal Contract Tower,0,0,4,2,6,0,0,0,0,0,0,0,4,2,6,0,0,0,6
07/31/2009,NQA,TN,ASO,CE,Federal Contract Tower,0,0,14,11,25,0,0,14,2,16,0,0,28,13,41,42,70,112,153
08/01/2009,NQA,TN,ASO,CE,Federal Contract Tower,2,2,1,4,9,0,0,8,0,8,2,2,9,4,17,22,0,22,39
08/02/2009,NQA,TN,ASO,CE,Federal Contract Tower,0,0,4,12,16,0,0,14,3,17,0,0,18,15,33,0,72,72,105
08/03/2009,NQA,TN,ASO,CE,Federal Contract Tower,0,0,6,4,10,0,0,13,0,13,0,0,19,4,23,42,0,42,65
08/04/2009,NQA,TN,ASO,CE,Federal Contract Tower,0,0,4,6,10,0,0,15,3,18,0,0,19,9,28,0,72,72,100
08/05/2009,NQA,TN,ASO,CE,Federal Contract Tower,0,1,4,12,17,0,2,7,2,11,0,3,11,14,28,104,0,104,132
08/06/2009,NQA,TN,ASO,CE,Federal Contract Tower,0,0,10,2,12,0,1,22,0,23,0,1,32,2,35,38,14,52,87
08/07/2009,NQA,TN,ASO,CE,Federal Contract Tower,0,0,13,21,34,0,0,20,0,20,0,0,33,21,54,10,128,138,192
08/08/2009,NQA,TN,ASO,CE,Federal Contract Tower,0,1,3,0,4,0,0,16,0,16,0,1,19,0,20,0,0,0,20
08/09/2009,NQA,TN,ASO,CE,Federal Contract Tower,0,0,7,5,12,0,0,8,2,10,0,0,15,7,22,8,20,28,50
08/10/2009,NQA,TN,ASO,CE,Federal Contract Tower,0,0,8,8,16,0,0,10,1,11,0,0,18,9,27,14,32,46,73
08/11/2009,NQA,TN,ASO,CE,Federal Contract Tower,0,0,6,8,14,0,0,4,0,4,0,0,10,8,18,0,28,28,46
08/12/2009,NQA,TN,ASO,CE,Federal Contract Tower,0,2,11,14,27,0,0,17,1,18,0,2,28,15,45,40,66,106,151
08/13/2009,NQA,TN,ASO,CE,Federal Contract Tower,0,0,9,10,19,0,0,10,0,10,0,0,19,10,29,0,34,34,63
08/14/2009,NQA,TN,ASO,CE,Federal Contract Tower,0,0,16,18,34,0,0,11,0,11,0,0,27,18,45,0,62,62,107
08/15/2009,NQA,TN,ASO,CE,Federal Contract Tower,0,0,5,11,16,0,0,15,2,17,0,0,20,13,33,8,44,52,85
08/16/2009,NQA,TN,ASO,CE,Federal Contract Tower,0,0,10,13,23,0,0,11,1,12,0,0,21,14,35,44,18,62,97
08/17/2009,NQA,TN,ASO,CE,Federal Contract Tower,0,0,5,13,18,0,0,9,4,13,0,0,14,17,31,16,38,54,85
08/18/2009,NQA,TN,ASO,CE,Federal Contract Tower,0,0,4,4,8,0,0,9,2,11,0,0,13,6,19,0,36,36,55
08/19/2009,NQA,TN,ASO,CE,Federal Contract Tower,0,0,14,31,45,0,0,8,5,13,0,0,22,36,58,0,74,74,132
08/20/2009,NQA,TN,ASO,CE,Federal Contract Tower,0,0,4,0,4,0,0,6,0,6,0,0,10,0,10,0,0,0,10
08/21/2009,NQA,TN,ASO,CE,Federal Contract Tower,0,0,16,26,42,0,0,15,8,23,0,0,31,34,65,10,172,182,247
08/22/2009,NQA,TN,ASO,CE,Federal Contract Tower,0,0,4,3,7,0,0,11,0,11,0,0,15,3,18,6,4,10,28
08/23/2009,NQA,TN,ASO,CE,Federal Contract Tower,0,0,10,5,15,0,0,19,0,19,0,0,29,5,34,16,8,24,58
08/24/2009,NQA,TN,ASO,CE,Federal Contract Tower,0,6,8,10,24,0,0,18,11,29,0,6,26,21,53,34,100,134,187
08/25/2009,NQA,TN,ASO,CE,Federal Contract Tower,0,0,11,5,16,0,0,20,4,24,0,0,31,9,40,0,50,50,90
08/26/2009,NQA,TN,ASO,CE,Federal Contract Tower,0,0,15,5,20,0,6,17,10,33,0,6,32,15,53,12,100,112,165
08/27/2009,NQA,TN,ASO,CE,Federal Contract Tower,0,2,10,10,22,0,0,3,9,12,0,2,13,19,34,10,90,100,134
08/28/2009,NQA,TN,ASO,CE,Federal Contract Tower,0,0,22,8,30,0,0,19,2,21,0,0,41,10,51,8,36,44,95
08/29/2009,NQA,TN,ASO,CE,Federal Contract Tower,0,0,1,24,25,0,0,15,0,15,0,0,16,24,40,16,30,46,86
08/30/2009,NQA,TN,ASO,CE,Federal Contract Tower,0,0,2,5,7,0,0,18,5,23,0,0,20,10,30,2,2,4,34
08/31/2009,NQA,TN,ASO,CE,Federal Contract Tower,0,0,0,10,10,0,0,16,1,17,0,0,16,11,27,2,36,38,65
09/01/2009,NQA,TN,ASO,CE,Federal Contract Tower,0,0,6,2,8,0,0,24,0,24,0,0,30,2,32,54,36,90,122
09/02/2009,NQA,TN,ASO,CE,Federal Contract Tower,0,3,4,22,29,0,0,13,0,13,0,3,17,22,42,28,42,70,112
09/03/2009,NQA,TN,ASO,CE,Federal Contract Tower,0,0,4,6,10,0,0,12,0,12,0,0,16,6,22,50,4,54,76
09/04/2009,NQA,TN,ASO,CE,Federal Contract Tower,0,0,11,0,11,0,0,1,0,1,0,0,12,0,12,0,0,0,12
09/05/2009,NQA,TN,ASO,CE,Federal Contract Tower,0,0,2,0,2,0,0,7,0,7,0,0,9,0,9,0,0,0,9
09/06/2009,NQA,TN,ASO,CE,Federal Contract Tower,0,0,4,0,4,0,0,4,0,4,0,0,8,0,8,0,0,0,8
09/07/2009,NQA,TN,ASO,CE,Federal Contract Tower,0,0,11,8,19,0,0,10,0,10,0,0,21,8,29,0,0,0,29
09/08/2009,NQA,TN,ASO,CE,Federal Contract Tower,0,0,7,4,11,0,0,11,3,14,0,0,18,7,25,0,38,38,63
09/09/2009,NQA,TN,ASO,CE,Federal Contract Tower,0,0,3,6,9,0,0,10,6,16,0,0,13,12,25,10,18,28,53
09/10/2009,NQA,TN,ASO,CE,Federal Contract Tower,0,0,19,22,41,0,0,1,2,3,0,0,20,24,44,0,72,72,116
09/11/2009,NQA,TN,ASO,CE,Federal Contract Tower,0,0,13,23,36,0,0,12,2,14,0,0,25,25,50,20,126,146,196
09/12/2009,NQA,TN,ASO,CE,Federal Contract Tower,0,0,11,0,11,0,0,6,0,6,0,0,17,0,17,26,0,26,43
09/13/2009,NQA,TN,ASO,CE,Federal Contract Tower,0,0,4,5,9,0,0,9,2,11,0,0,13,7,20,14,64,78,98
09/14/2009,NQA,TN,ASO,CE,Federal Contract Tower,0,0,2,4,6,0,0,2,0,2,0,0,4,4,8,26,0,26,34
09/15/2009,NQA,TN,ASO,CE,Federal Contract Tower,0,0,6,0,6,0,0,12,0,12,0,0,18,0,18,16,0,16,34
09/16/2009,NQA,TN,ASO,CE,Federal Contract Tower,0,0,10,0,10,0,2,3,0,5,0,2,13,0,15,18,0,18,33
09/17/2009,NQA,TN,ASO,CE,Federal Contract Tower,0,0,9,6,15,0,0,5,0,5,0,0,14,6,20,8,0,8,28
09/18/2009,NQA,TN,ASO,CE,Federal Contract Tower,0,0,11,11,22,0,0,9,1,10,0,0,20,12,32,22,8,30,62
09/19/2009,NQA,TN,ASO,CE,Federal Contract Tower,0,0,7,1,8,0,0,4,0,4,0,0,11,1,12,10,6,16,28
09/20/2009,NQA,TN,ASO,CE,Federal Contract Tower,0,0,15,4,19,0,0,0,0,0,0,0,15,4,19,0,0,0,19
09/21/2009,NQA,TN,ASO,CE,Federal Contract Tower,0,1,2,6,9,0,0,9,0,9,0,1,11,6,18,12,76,88,106
09/22/2009,NQA,TN,ASO,CE,Federal Contract Tower,0,0,6,12,18,0,0,6,5,11,0,0,12,17,29,4,74,78,107
09/23/2009,NQA,TN,ASO,CE,Federal Contract Tower,0,0,12,8,20,0,0,13,0,13,0,0,25,8,33,28,0,28,61
09/24/2009,NQA,TN,ASO,CE,Federal Contract Tower,0,0,7,0,7,0,0,3,0,3,0,0,10,0,10,10,0,10,20
09/25/2009,NQA,TN,ASO,CE,Federal Contract Tower,1,0,8,3,12,0,0,4,0,4,1,0,12,3,16,14,0,14,30
09/26/2009,NQA,TN,ASO,CE,Federal Contract Tower,1,0,7,2,10,0,2,7,0,9,1,2,14,2,19,14,0,14,33
09/27/2009,NQA,TN,ASO,CE,Federal Contract Tower,0,0,13,5,18,0,0,19,1,20,0,0,32,6,38,4,6,10,48
09/28/2009,NQA,TN,ASO,CE,Federal Contract Tower,0,0,3,1,4,0,0,12,0,12,0,0,15,1,16,8,0,8,24
09/29/2009,NQA,TN,ASO,CE,Federal Contract Tower,0,0,4,7,11,0,0,24,4,28,0,0,28,11,39,8,40,48,87
09/30/2009,NQA,TN,ASO,CE,Federal Contract Tower,0,0,9,5,14,0,0,40,9,49,0,0,49,14,63,54,0,54,117
10/01/2009,NQA,TN,ASO,CE,Federal Contract Tower,0,0,14,17,31,0,0,11,12,23,0,0,25,29,54,24,94,118,172
10/02/2009,NQA,TN,ASO,CE,Federal Contract Tower,0,1,16,13,30,0,0,9,7,16,0,1,25,20,46,0,116,116,162
10/03/2009,NQA,TN,ASO,CE,Federal Contract Tower,0,0,10,0,10,0,0,15,0,15,0,0,25,0,25,12,0,12,37
10/04/2009,NQA,TN,ASO,CE,Federal Contract Tower,0,0,8,5,13,0,0,1,0,1,0,0,9,5,14,0,0,0,14
10/05/2009,NQA,TN,ASO,CE,Federal Contract Tower,0,2,7,0,9,0,0,0,0,0,0,2,7,0,9,0,0,0,9
10/06/2009,NQA,TN,ASO,CE,Federal Contract Tower,0,0,4,5,9,0,0,0,0,0,0,0,4,5,9,0,0,0,9
10/07/2009,NQA,TN,ASO,CE,Federal Contract Tower,0,0,5,23,28,0,0,18,7,25,0,0,23,30,53,8,110,118,171
10/08/2009,NQA,TN,ASO,CE,Federal Contract Tower,0,0,6,19,25,0,0,11,0,11,0,0,17,19,36,4,0,4,40
10/09/2009,NQA,TN,ASO,CE,Federal Contract Tower,0,0,6,0,6,0,0,2,0,2,0,0,8,0,8,0,0,0,8
10/10/2009,NQA,TN,ASO,CE,Federal Contract Tower,0,0,4,0,4,0,0,3,0,3,0,0,7,0,7,8,0,8,15
10/11/2009,NQA,TN,ASO,CE,Federal Contract Tower,0,0,6,3,9,0,0,5,0,5,0,0,11,3,14,10,2,12,26
10/12/2009,NQA,TN,ASO,CE,Federal Contract Tower,0,1,5,37,43,0,1,0,3,4,0,2,5,40,47,0,12,12,59
10/13/2009,NQA,TN,ASO,CE,Federal Contract Tower,0,0,3,20,23,0,0,0,0,0,0,0,3,20,23,0,0,0,23
10/14/2009,NQA,TN,ASO,CE,Federal Contract Tower,0,2,9,0,11,0,0,2,0,2,0,2,11,0,13,12,0,12,25
10/15/2009,NQA,TN,ASO,CE,Federal Contract Tower,0,0,13,3,16,0,0,0,1,1,0,0,13,4,17,0,10,10,27
10/16/2009,NQA,TN,ASO,CE,Federal Contract Tower,0,2,5,15,22,0,0,3,1,4,0,2,8,16,26,10,40,50,76
10/17/2009,NQA,TN,ASO,CE,Federal Contract Tower,0,0,2,2,4,0,0,9,0,9,0,0,11,2,13,4,0,4,17
10/18/2009,NQA,TN,ASO,CE,Federal Contract Tower,0,0,5,3,8,0,0,19,2,21,0,0,24,5,29,36,0,36,65
10/19/2009,NQA,TN,ASO,CE,Federal Contract Tower,0,0,6,15,21,0,0,19,2,21,0,0,25,17,42,4,92,96,138
10/20/2009,NQA,TN,ASO,CE,Federal Contract Tower,0,0,12,25,37,0,0,21,0,21,0,0,33,25,58,12,138,150,208
10/21/2009,NQA,TN,ASO,CE,Federal Contract Tower,6,0,3,14,23,0,0,11,2,13,6,0,14,16,36,2,80,82,118
10/22/2009,NQA,TN,ASO,CE,Federal Contract Tower,2,14,6,5,27,0,0,0,0,0,2,14,6,5,27,0,40,40,67
10/23/2009,NQA,TN,ASO,CE,Federal Contract Tower,2,1,10,6,19,0,0,4,0,4,2,1,14,6,23,8,0,8,31
10/24/2009,NQA,TN,ASO,CE,Federal Contract Tower,2,10,14,12,38,0,2,31,4,37,2,12,45,16,75,22,6,28,103
10/25/2009,NQA,TN,ASO,CE,Federal Contract Tower,0,0,7,0,7,0,0,29,0,29,0,0,36,0,36,48,0,48,84
10/26/2009,NQA,TN,ASO,CE,Federal Contract Tower,0,0,1,12,13,0,0,11,2,13,0,0,12,14,26,4,64,68,94
10/27/2009,NQA,TN,ASO,CE,Federal Contract Tower,0,0,7,0,7,0,0,1,0,1,0,0,8,0,8,0,0,0,8
10/28/2009,NQA,TN,ASO,CE,Federal Contract Tower,0,0,5,7,12,0,2,15,5,22,0,2,20,12,34,0,46,46,80
10/29/2009,NQA,TN,ASO,CE,Federal Contract Tower,0,0,4,2,6,0,0,0,0,0,0,0,4,2,6,0,0,0,6
10/30/2009,NQA,TN,ASO,CE,Federal Contract Tower,0,0,9,0,9,0,0,0,0,0,0,0,9,0,9,0,0,0,9
10/31/2009,NQA,TN,ASO,CE,Federal Contract Tower,0,0,7,0,7,0,0,13,50,63,0,0,20,50,70,8,0,8,78
11/01/2009,NQA,TN,ASO,CE,Federal Contract Tower,0,0,12,4,16,0,0,11,0,11,0,0,23,4,27,18,0,18,45
11/02/2009,NQA,TN,ASO,CE,Federal Contract Tower,0,0,5,8,13,0,0,6,1,7,0,0,11,9,20,12,86,98,118
11/03/2009,NQA,TN,ASO,CE,Federal Contract Tower,0,0,1,8,9,0,0,11,1,12,0,0,12,9,21,4,40,44,65
11/04/2009,NQA,TN,ASO,CE,Federal Contract Tower,0,0,8,15,23,0,0,17,1,18,0,0,25,16,41,8,144,152,193
11/05/2009,NQA,TN,ASO,CE,Federal Contract Tower,0,0,9,16,25,0,0,15,2,17,0,0,24,18,42,38,98,136,178
11/06/2009,NQA,TN,ASO,CE,Federal Contract Tower,0,0,9,5,14,0,0,14,0,14,0,0,23,5,28,8,2,10,38
11/07/2009,NQA,TN,ASO,CE,Federal Contract Tower,0,0,11,10,21,0,2,38,0,40,0,2,49,10,61,4,0,4,65
11/08/2009,NQA,TN,ASO,CE,Federal Contract Tower,0,0,10,3,13,0,0,22,2,24,0,0,32,5,37,6,0,6,43
11/09/2009,NQA,TN,ASO,CE,Federal Contract Tower,0,0,8,5,13,0,0,4,0,4,0,0,12,5,17,0,58,58,75
11/10/2009,NQA,TN,ASO,CE,Federal Contract Tower,0,0,16,11,27,0,0,11,3,14,0,0,27,14,41,0,18,18,59
11/11/2009,NQA,TN,ASO,CE,Federal Contract Tower,0,4,11,2,17,0,0,10,0,10,0,4,21,2,27,0,0,0,27
11/12/2009,NQA,TN,ASO,CE,Federal Contract Tower,0,0,11,13,24,0,0,14,12,26,0,0,25,25,50,52,202,254,304
11/13/2009,NQA,TN,ASO,CE,Federal Contract Tower,0,0,11,12,23,0,0,9,5,14,0,0,20,17,37,20,96,116,153
11/14/2009,NQA,TN,ASO,CE,Federal Contract Tower,0,0,5,0,5,0,0,21,0,21,0,0,26,0,26,24,0,24,50
11/15/2009,NQA,TN,ASO,CE,Federal Contract Tower,0,0,11,0,11,0,0,28,0,28,0,0,39,0,39,14,0,14,53
11/16/2009,NQA,TN,ASO,CE,Federal Contract Tower,0,2,8,3,13,0,0,0,0,0,0,2,8,3,13,0,0,0,13
11/17/2009,NQA,TN,ASO,CE,Federal Contract Tower,0,0,2,24,26,0,0,4,5,9,0,0,6,29,35,0,72,72,107
11/18/2009,NQA,TN,ASO,CE,Federal Contract Tower,0,0,4,3,7,0,0,0,0,0,0,0,4,3,7,10,32,42,49
11/19/2009,NQA,TN,ASO,CE,Federal Contract Tower,0,0,9,9,18,0,2,17,6,25,0,2,26,15,43,2,108,110,153
11/20/2009,NQA,TN,ASO,CE,Federal Contract Tower,0,3,13,5,21,0,0,16,2,18,0,3,29,7,39,14,42,56,95
11/21/2009,NQA,TN,ASO,CE,Federal Contract Tower,0,0,3,0,3,0,0,15,1,16,0,0,18,1,19,8,0,8,27
11/22/2009,NQA,TN,ASO,CE,Federal Contract Tower,0,0,12,13,25,0,0,13,1,14,0,0,25,14,39,0,16,16,55
11/23/2009,NQA,TN,ASO,CE,Federal Contract Tower,0,0,8,5,13,0,0,1,0,1,0,0,9,5,14,0,0,0,14
11/24/2009,NQA,TN,ASO,CE,Federal Contract Tower,0,0,9,11,20,0,0,0,0,0,0,0,9,11,20,0,8,8,28
11/25/2009,NQA,TN,ASO,CE,Federal Contract Tower,0,2,9,6,17,0,0,42,0,42,0,2,51,6,59,10,38,48,107
11/26/2009,NQA,TN,ASO,CE,Federal Contract Tower,0,0,1,0,1,0,0,1,0,1,0,0,2,0,2,0,0,0,2
11/27/2009,NQA,TN,ASO,CE,Federal Contract Tower,0,0,6,0,6,0,0,10,0,10,0,0,16,0,16,0,0,0,16
11/28/2009,NQA,TN,ASO,CE,Federal Contract Tower,0,0,4,0,4,0,0,13,0,13,0,0,17,0,17,32,0,32,49
11/29/2009,NQA,TN,ASO,CE,Federal Contract Tower,2,0,10,0,12,0,0,0,0,0,2,0,10,0,12,4,0,4,16
11/30/2009,NQA,TN,ASO,CE,Federal Contract Tower,0,0,5,31,36,0,0,8,5,13,0,0,13,36,49,6,176,182,231
12/01/2009,NQA,TN,ASO,CE,Federal Contract Tower,0,0,2,13,15,0,0,11,1,12,0,0,13,14,27,24,70,94,121
12/02/2009,NQA,TN,ASO,CE,Federal Contract Tower,0,2,1,25,28,0,0,0,0,0,0,2,1,25,28,0,0,0,28
12/03/2009,NQA,TN,ASO,CE,Federal Contract Tower,2,0,3,12,17,18,3,7,7,35,20,3,10,19,52,10,82,92,144
12/04/2009,NQA,TN,ASO,CE,Federal Contract Tower,0,0,8,24,32,0,0,9,2,11,0,0,17,26,43,6,84,90,133
12/05/2009,NQA,TN,ASO,CE,Federal Contract Tower,0,0,4,0,4,0,1,12,0,13,0,1,16,0,17,8,0,8,25
12/06/2009,NQA,TN,ASO,CE,Federal Contract Tower,0,0,5,7,12,0,0,12,2,14,0,0,17,9,26,8,12,20,46
12/07/2009,NQA,TN,ASO,CE,Federal Contract Tower,0,0,6,11,17,0,0,10,1,11,0,0,16,12,28,6,14,20,48
12/08/2009,NQA,TN,ASO,CE,Federal Contract Tower,0,0,0,0,0,0,0,0,0,0,0,0,0,0,0,0,0,0,0
12/09/2009,NQA,TN,ASO,CE,Federal Contract Tower,0,8,7,4,19,0,0,10,5,15,0,8,17,9,34,30,64,94,128
12/10/2009,NQA,TN,ASO,CE,Federal Contract Tower,0,0,11,10,21,0,0,12,0,12,0,0,23,10,33,4,50,54,87
12/11/2009,NQA,TN,ASO,CE,Federal Contract Tower,0,0,10,13,23,0,0,9,0,9,0,0,19,13,32,0,14,14,46
12/12/2009,NQA,TN,ASO,CE,Federal Contract Tower,0,0,4,0,4,0,0,3,0,3,0,0,7,0,7,12,0,12,19
12/13/2009,NQA,TN,ASO,CE,Federal Contract Tower,0,0,2,0,2,0,0,0,0,0,0,0,2,0,2,0,0,0,2
12/14/2009,NQA,TN,ASO,CE,Federal Contract Tower,0,0,7,22,29,0,0,7,0,7,0,0,14,22,36,0,28,28,64
12/15/2009,NQA,TN,ASO,CE,Federal Contract Tower,0,1,11,16,28,0,0,3,0,3,0,1,14,16,31,0,0,0,31
12/16/2009,NQA,TN,ASO,CE,Federal Contract Tower,0,1,5,9,15,0,0,14,0,14,0,1,19,9,29,2,88,90,119
12/17/2009,NQA,TN,ASO,CE,Federal Contract Tower,0,1,4,4,9,0,0,17,0,17,0,1,21,4,26,24,10,34,60
12/18/2009,NQA,TN,ASO,CE,Federal Contract Tower,0,0,10,28,38,0,0,7,11,18,0,0,17,39,56,0,140,140,196
12/19/2009,NQA,TN,ASO,CE,Federal Contract Tower,0,0,3,1,4,0,0,3,0,3,0,0,6,1,7,0,0,0,7
12/20/2009,NQA,TN,ASO,CE,Federal Contract Tower,0,0,6,2,8,0,0,4,2,6,0,0,10,4,14,12,0,12,26
12/21/2009,NQA,TN,ASO,CE,Federal Contract Tower,0,0,4,2,6,0,0,16,2,18,0,0,20,4,24,6,28,34,58
12/22/2009,NQA,TN,ASO,CE,Federal Contract Tower,0,0,3,11,14,0,0,14,3,17,0,0,17,14,31,4,52,56,87
12/23/2009,NQA,TN,ASO,CE,Federal Contract Tower,0,0,2,0,2,0,0,0,0,0,0,0,2,0,2,0,0,0,2
12/24/2009,NQA,TN,ASO,CE,Federal Contract Tower,0,0,0,0,0,0,0,0,0,0,0,0,0,0,0,0,0,0,0
12/25/2009,NQA,TN,ASO,CE,Federal Contract Tower,0,0,0,0,0,0,0,0,0,0,0,0,0,0,0,0,0,0,0
12/26/2009,NQA,TN,ASO,CE,Federal Contract Tower,0,0,0,0,0,0,0,5,0,5,0,0,5,0,5,0,0,0,5
12/27/2009,NQA,TN,ASO,CE,Federal Contract Tower,0,0,2,0,2,0,0,13,0,13,0,0,15,0,15,0,0,0,15
12/28/2009,NQA,TN,ASO,CE,Federal Contract Tower,0,0,7,2,9,0,0,9,0,9,0,0,16,2,18,6,0,6,24
12/29/2009,NQA,TN,ASO,CE,Federal Contract Tower,0,1,11,0,12,0,0,15,0,15,0,1,26,0,27,0,0,0,27
12/30/2009,NQA,TN,ASO,CE,Federal Contract Tower,8,0,0,2,10,0,0,0,3,3,8,0,0,5,13,0,20,20,33
12/31/2009,NQA,TN,ASO,CE,Federal Contract Tower,0,0,2,0,2,0,0,1,0,1,0,0,3,0,3,0,0,0,3
01/01/2010,NQA,TN,ASO,CE,Federal Contract Tower,2,0,5,0,7,0,0,3,0,3,2,0,8,0,10,0,0,0,10
01/02/2010,NQA,TN,ASO,CE,Federal Contract Tower,0,0,4,2,6,0,1,16,0,17,0,1,20,2,23,4,0,4,27
01/03/2010,NQA,TN,ASO,CE,Federal Contract Tower,0,0,4,0,4,0,0,4,0,4,0,0,8,0,8,0,0,0,8
01/04/2010,NQA,TN,ASO,CE,Federal Contract Tower,0,0,10,0,10,0,0,2,0,2,0,0,12,0,12,0,0,0,12
01/05/2010,NQA,TN,ASO,CE,Federal Contract Tower,0,0,2,6,8,0,0,10,0,10,0,0,12,6,18,0,34,34,52
01/06/2010,NQA,TN,ASO,CE,Federal Contract Tower,0,0,4,4,8,0,0,16,0,16,0,0,20,4,24,6,32,38,62
01/07/2010,NQA,TN,ASO,CE,Federal Contract Tower,0,0,0,0,0,0,0,2,0,2,0,0,2,0,2,0,0,0,2
01/08/2010,NQA,TN,ASO,CE,Federal Contract Tower,0,0,5,11,16,0,0,0,0,0,0,0,5,11,16,0,0,0,16
01/09/2010,NQA,TN,ASO,CE,Federal Contract Tower,0,0,13,2,15,0,0,4,2,6,0,0,17,4,21,10,38,48,69
01/10/2010,NQA,TN,ASO,CE,Federal Contract Tower,0,0,7,2,9,0,0,2,0,2,0,0,9,2,11,0,0,0,11
01/11/2010,NQA,TN,ASO,CE,Federal Contract Tower,0,0,1,20,21,0,0,8,0,8,0,0,9,20,29,0,0,0,29
01/12/2010,NQA,TN,ASO,CE,Federal Contract Tower,0,0,10,21,31,0,0,8,0,8,0,0,18,21,39,4,122,126,165
01/13/2010,NQA,TN,ASO,CE,Federal Contract Tower,0,0,10,4,14,0,0,9,0,9,0,0,19,4,23,26,26,52,75
01/14/2010,NQA,TN,ASO,CE,Federal Contract Tower,0,0,3,10,13,0,0,8,6,14,0,0,11,16,27,8,96,104,131
01/15/2010,NQA,TN,ASO,CE,Federal Contract Tower,0,0,11,21,32,0,0,13,2,15,0,0,24,23,47,0,56,56,103
01/16/2010,NQA,TN,ASO,CE,Federal Contract Tower,0,0,2,0,2,0,0,3,0,3,0,0,5,0,5,2,0,2,7
01/17/2010,NQA,TN,ASO,CE,Federal Contract Tower,0,0,11,38,49,0,0,7,0,7,0,0,18,38,56,2,6,8,64
01/18/2010,NQA,TN,ASO,CE,Federal Contract Tower,0,0,7,0,7,0,0,16,0,16,0,0,23,0,23,14,0,14,37
01/19/2010,NQA,TN,ASO,CE,Federal Contract Tower,0,2,20,1,23,0,0,3,0,3,0,2,23,1,26,0,0,0,26
01/20/2010,NQA,TN,ASO,CE,Federal Contract Tower,0,0,2,1,3,0,0,0,0,0,0,0,2,1,3,0,0,0,3
01/21/2010,NQA,TN,ASO,CE,Federal Contract Tower,0,0,4,0,4,0,0,2,0,2,0,0,6,0,6,8,0,8,14
01/22/2010,NQA,TN,ASO,CE,Federal Contract Tower,0,0,12,16,28,0,0,0,0,0,0,0,12,16,28,0,0,0,28
01/23/2010,NQA,TN,ASO,CE,Federal Contract Tower,0,0,2,4,6,0,0,6,4,10,0,0,8,8,16,22,36,58,74
01/24/2010,NQA,TN,ASO,CE,Federal Contract Tower,0,0,5,3,8,0,0,2,0,2,0,0,7,3,10,0,0,0,10
01/25/2010,NQA,TN,ASO,CE,Federal Contract Tower,0,0,7,13,20,0,0,3,3,6,0,0,10,16,26,0,82,82,108
01/26/2010,NQA,TN,ASO,CE,Federal Contract Tower,0,2,9,4,15,0,0,11,2,13,0,2,20,6,28,10,46,56,84
01/27/2010,NQA,TN,ASO,CE,Federal Contract Tower,0,0,2,8,10,0,0,22,2,24,0,0,24,10,34,10,22,32,66
01/28/2010,NQA,TN,ASO,CE,Federal Contract Tower,0,0,13,15,28,0,0,6,0,6,0,0,19,15,34,6,124,130,164
01/29/2010,NQA,TN,ASO,CE,Federal Contract Tower,0,0,0,0,0,0,0,0,0,0,0,0,0,0,0,0,0,0,0
01/30/2010,NQA,TN,ASO,CE,Federal Contract Tower,0,0,0,0,0,0,0,0,0,0,0,0,0,0,0,0,0,0,0
01/31/2010,NQA,TN,ASO,CE,Federal Contract Tower,0,0,2,0,2,0,0,2,0,2,0,0,4,0,4,4,0,4,8
02/01/2010,NQA,TN,ASO,CE,Federal Contract Tower,0,0,14,0,14,0,0,7,0,7,0,0,21,0,21,6,0,6,27
02/02/2010,NQA,TN,ASO,CE,Federal Contract Tower,0,0,8,7,15,0,0,7,6,13,0,0,15,13,28,0,60,60,88
02/03/2010,NQA,TN,ASO,CE,Federal Contract Tower,0,0,9,8,17,0,0,25,7,32,0,0,34,15,49,34,154,188,237
02/04/2010,NQA,TN,ASO,CE,Federal Contract Tower,0,0,5,25,30,0,0,1,2,3,0,0,6,27,33,0,28,28,61
02/05/2010,NQA,TN,ASO,CE,Federal Contract Tower,0,3,2,4,9,0,0,0,0,0,0,3,2,4,9,0,0,0,9
02/06/2010,NQA,TN,ASO,CE,Federal Contract Tower,0,0,4,8,12,0,0,2,2,4,0,0,6,10,16,0,8,8,24
02/07/2010,NQA,TN,ASO,CE,Federal Contract Tower,0,0,6,4,10,0,0,19,0,19,0,0,25,4,29,48,0,48,77
02/08/2010,NQA,TN,ASO,CE,Federal Contract Tower,0,0,0,0,0,0,0,0,0,0,0,0,0,0,0,0,0,0,0
02/09/2010,NQA,TN,ASO,CE,Federal Contract Tower,0,3,3,2,8,0,0,0,0,0,0,3,3,2,8,0,12,12,20
02/10/2010,NQA,TN,ASO,CE,Federal Contract Tower,0,1,7,5,13,0,0,3,0,3,0,1,10,5,16,6,36,42,58
02/11/2010,NQA,TN,ASO,CE,Federal Contract Tower,0,4,8,12,24,0,0,14,4,18,0,4,22,16,42,0,82,82,124
02/12/2010,NQA,TN,ASO,CE,Federal Contract Tower,0,0,4,22,26,0,0,13,6,19,0,0,17,28,45,18,144,162,207
02/13/2010,NQA,TN,ASO,CE,Federal Contract Tower,0,0,6,8,14,0,0,21,0,21,0,0,27,8,35,20,20,40,75
02/14/2010,NQA,TN,ASO,CE,Federal Contract Tower,0,0,2,3,5,0,0,4,0,4,0,0,6,3,9,16,0,16,25
02/15/2010,NQA,TN,ASO,CE,Federal Contract Tower,0,0,3,0,3,0,0,1,0,1,0,0,4,0,4,0,0,0,4
02/16/2010,NQA,TN,ASO,CE,Federal Contract Tower,0,2,5,11,18,0,0,4,0,4,0,2,9,11,22,0,34,34,56
02/17/2010,NQA,TN,ASO,CE,Federal Contract Tower,0,0,2,18,20,0,0,6,1,7,0,0,8,19,27,0,122,122,149
02/18/2010,NQA,TN,ASO,CE,Federal Contract Tower,0,0,6,9,15,0,0,28,4,32,0,0,34,13,47,16,76,92,139
02/19/2010,NQA,TN,ASO,CE,Federal Contract Tower,0,0,6,13,19,0,0,12,8,20,0,0,18,21,39,16,140,156,195
02/20/2010,NQA,TN,ASO,CE,Federal Contract Tower,0,0,3,8,11,0,0,15,2,17,0,0,18,10,28,4,48,52,80
02/21/2010,NQA,TN,ASO,CE,Federal Contract Tower,0,0,5,0,5,0,0,5,0,5,0,0,10,0,10,6,0,6,16
02/22/2010,NQA,TN,ASO,CE,Federal Contract Tower,0,0,6,0,6,0,0,1,0,1,0,0,7,0,7,0,0,0,7
02/23/2010,NQA,TN,ASO,CE,Federal Contract Tower,0,2,5,16,23,0,0,4,0,4,0,2,9,16,27,0,66,66,93
02/24/2010,NQA,TN,ASO,CE,Federal Contract Tower,0,2,9,6,17,0,2,18,3,23,0,4,27,9,40,10,54,64,104
02/25/2010,NQA,TN,ASO,CE,Federal Contract Tower,0,0,12,15,27,0,2,18,3,23,0,2,30,18,50,32,44,76,126
02/26/2010,NQA,TN,ASO,CE,Federal Contract Tower,0,0,7,11,18,0,0,16,1,17,0,0,23,12,35,22,94,116,151
02/27/2010,NQA,TN,ASO,CE,Federal Contract Tower,0,0,2,11,13,0,0,10,1,11,0,0,12,12,24,22,0,22,46
02/28/2010,NQA,TN,ASO,CE,Federal Contract Tower,0,0,4,3,7,0,0,20,1,21,0,0,24,4,28,0,0,0,28
03/01/2010,NQA,TN,ASO,CE,Federal Contract Tower,0,0,5,4,9,0,0,2,0,2,0,0,7,4,11,0,66,66,77
03/02/2010,NQA,TN,ASO,CE,Federal Contract Tower,0,0,3,4,7,0,0,3,0,3,0,0,6,4,10,0,0,0,10
03/03/2010,NQA,TN,ASO,CE,Federal Contract Tower,0,0,5,8,13,0,0,8,1,9,0,0,13,9,22,22,14,36,58
03/04/2010,NQA,TN,ASO,CE,Federal Contract Tower,0,0,9,14,23,0,0,12,0,12,0,0,21,14,35,8,94,102,137
03/05/2010,NQA,TN,ASO,CE,Federal Contract Tower,0,0,8,11,19,0,0,15,0,15,0,0,23,11,34,0,46,46,80
03/06/2010,NQA,TN,ASO,CE,Federal Contract Tower,0,0,0,1,1,0,0,25,1,26,0,0,25,2,27,2,0,2,29
03/07/2010,NQA,TN,ASO,CE,Federal Contract Tower,0,0,24,2,26,0,2,19,0,21,0,2,43,2,47,16,0,16,63
03/08/2010,NQA,TN,ASO,CE,Federal Contract Tower,0,0,7,8,15,0,0,20,0,20,0,0,27,8,35,0,126,126,161
03/09/2010,NQA,TN,ASO,CE,Federal Contract Tower,0,0,10,6,16,0,0,3,0,3,0,0,13,6,19,0,0,0,19
03/10/2010,NQA,TN,ASO,CE,Federal Contract Tower,0,0,0,25,25,0,0,4,0,4,0,0,4,25,29,10,2,12,41
03/11/2010,NQA,TN,ASO,CE,Federal Contract Tower,0,0,2,2,4,0,0,4,0,4,0,0,6,2,8,0,36,36,44
03/12/2010,NQA,TN,ASO,CE,Federal Contract Tower,0,0,13,6,19,0,0,1,0,1,0,0,14,6,20,0,24,24,44
03/13/2010,NQA,TN,ASO,CE,Federal Contract Tower,0,0,2,0,2,0,0,1,0,1,0,0,3,0,3,0,0,0,3
03/14/2010,NQA,TN,ASO,CE,Federal Contract Tower,0,0,8,0,8,0,0,5,0,5,0,0,13,0,13,18,0,18,31
03/15/2010,NQA,TN,ASO,CE,Federal Contract Tower,0,0,3,16,19,0,4,6,9,19,0,4,9,25,38,0,80,80,118
03/16/2010,NQA,TN,ASO,CE,Federal Contract Tower,0,0,6,13,19,0,0,10,0,10,0,0,16,13,29,10,2,12,41
03/17/2010,NQA,TN,ASO,CE,Federal Contract Tower,0,0,8,2,10,0,4,9,0,13,0,4,17,2,23,8,0,8,31
03/18/2010,NQA,TN,ASO,CE,Federal Contract Tower,0,1,10,11,22,0,0,21,1,22,0,1,31,12,44,20,116,136,180
03/19/2010,NQA,TN,ASO,CE,Federal Contract Tower,0,0,17,12,29,0,0,23,2,25,0,0,40,14,54,6,22,28,82
03/20/2010,NQA,TN,ASO,CE,Federal Contract Tower,0,1,2,0,3,0,0,17,0,17,0,1,19,0,20,12,0,12,32
03/21/2010,NQA,TN,ASO,CE,Federal Contract Tower,0,0,3,1,4,0,0,0,0,0,0,0,3,1,4,0,0,0,4
03/22/2010,NQA,TN,ASO,CE,Federal Contract Tower,0,0,17,4,21,0,0,1,2,3,0,0,18,6,24,0,10,10,34
03/23/2010,NQA,TN,ASO,CE,Federal Contract Tower,0,0,8,8,16,0,0,27,4,31,0,0,35,12,47,42,74,116,163
03/24/2010,NQA,TN,ASO,CE,Federal Contract Tower,0,0,2,5,7,0,0,13,3,16,0,0,15,8,23,26,42,68,91
03/25/2010,NQA,TN,ASO,CE,Federal Contract Tower,0,0,1,0,1,0,0,0,0,0,0,0,1,0,1,0,0,0,1
03/26/2010,NQA,TN,ASO,CE,Federal Contract Tower,0,0,8,2,10,0,0,6,0,6,0,0,14,2,16,0,10,10,26
03/27/2010,NQA,TN,ASO,CE,Federal Contract Tower,0,0,3,0,3,0,0,27,0,27,0,0,30,0,30,12,0,12,42
03/28/2010,NQA,TN,ASO,CE,Federal Contract Tower,0,0,9,2,11,0,0,6,0,6,0,0,15,2,17,32,0,32,49
03/29/2010,NQA,TN,ASO,CE,Federal Contract Tower,0,2,9,7,18,0,0,11,0,11,0,2,20,7,29,24,18,42,71
03/30/2010,NQA,TN,ASO,CE,Federal Contract Tower,0,0,4,18,22,0,0,19,0,19,0,0,23,18,41,26,0,26,67
03/31/2010,NQA,TN,ASO,CE,Federal Contract Tower,6,1,11,4,22,0,10,18,1,29,6,11,29,5,51,24,30,54,105
04/01/2010,NQA,TN,ASO,CE,Federal Contract Tower,0,0,7,16,23,0,0,25,4,29,0,0,32,20,52,14,76,90,142
04/02/2010,NQA,TN,ASO,CE,Federal Contract Tower,0,0,9,10,19,0,0,15,0,15,0,0,24,10,34,14,122,136,170
04/03/2010,NQA,TN,ASO,CE,Federal Contract Tower,0,0,8,1,9,0,0,28,1,29,0,0,36,2,38,26,6,32,70
04/04/2010,NQA,TN,ASO,CE,Federal Contract Tower,0,0,3,0,3,0,0,7,0,7,0,0,10,0,10,0,0,0,10
04/05/2010,NQA,TN,ASO,CE,Federal Contract Tower,0,0,6,6,12,0,0,10,0,10,0,0,16,6,22,18,2,20,42
04/06/2010,NQA,TN,ASO,CE,Federal Contract Tower,0,0,4,9,13,0,0,9,1,10,0,0,13,10,23,18,46,64,87
04/07/2010,NQA,TN,ASO,CE,Federal Contract Tower,0,0,3,0,3,0,0,5,4,9,0,0,8,4,12,10,0,10,22
04/08/2010,NQA,TN,ASO,CE,Federal Contract Tower,0,2,6,16,24,0,0,18,0,18,0,2,24,16,42,0,124,124,166
04/09/2010,NQA,TN,ASO,CE,Federal Contract Tower,0,0,14,2,16,0,0,23,2,25,0,0,37,4,41,12,0,12,53
04/10/2010,NQA,TN,ASO,CE,Federal Contract Tower,0,0,3,4,7,0,0,35,0,35,0,0,38,4,42,38,0,38,80
04/11/2010,NQA,TN,ASO,CE,Federal Contract Tower,0,0,3,6,9,0,1,11,0,12,0,1,14,6,21,34,0,34,55
04/12/2010,NQA,TN,ASO,CE,Federal Contract Tower,0,0,1,4,5,0,0,12,0,12,0,0,13,4,17,0,68,68,85
04/13/2010,NQA,TN,ASO,CE,Federal Contract Tower,0,1,1,15,17,0,1,21,1,23,0,2,22,16,40,26,66,92,132
04/14/2010,NQA,TN,ASO,CE,Federal Contract Tower,0,0,7,11,18,0,0,9,0,9,0,0,16,11,27,0,68,68,95
04/15/2010,NQA,TN,ASO,CE,Federal Contract Tower,0,0,4,8,12,0,0,14,6,20,0,0,18,14,32,4,106,110,142
04/16/2010,NQA,TN,ASO,CE,Federal Contract Tower,0,0,8,16,24,0,0,5,0,5,0,0,13,16,29,10,0,10,39
04/17/2010,NQA,TN,ASO,CE,Federal Contract Tower,0,0,1,2,3,0,0,9,0,9,0,0,10,2,12,0,0,0,12
04/18/2010,NQA,TN,ASO,CE,Federal Contract Tower,0,0,11,0,11,0,0,10,2,12,0,0,21,2,23,10,0,10,33
04/19/2010,NQA,TN,ASO,CE,Federal Contract Tower,0,0,3,0,3,0,6,7,0,13,0,6,10,0,16,0,0,0,16
04/20/2010,NQA,TN,ASO,CE,Federal Contract Tower,0,0,5,4,9,0,1,14,4,19,0,1,19,8,28,4,132,136,164
04/21/2010,NQA,TN,ASO,CE,Federal Contract Tower,0,0,12,5,17,0,0,14,5,19,0,0,26,10,36,8,118,126,162
04/22/2010,NQA,TN,ASO,CE,Federal Contract Tower,0,0,3,23,26,0,0,8,4,12,0,0,11,27,38,36,98,134,172
04/23/2010,NQA,TN,ASO,CE,Federal Contract Tower,0,0,7,6,13,0,0,8,2,10,0,0,15,8,23,8,40,48,71
04/24/2010,NQA,TN,ASO,CE,Federal Contract Tower,0,0,0,1,1,0,0,0,0,0,0,0,0,1,1,0,0,0,1
04/25/2010,NQA,TN,ASO,CE,Federal Contract Tower,0,0,17,0,17,0,0,17,0,17,0,0,34,0,34,34,0,34,68
04/26/2010,NQA,TN,ASO,CE,Federal Contract Tower,0,0,5,3,8,0,0,12,3,15,0,0,17,6,23,26,0,26,49
04/27/2010,NQA,TN,ASO,CE,Federal Contract Tower,0,0,19,11,30,0,2,6,6,14,0,2,25,17,44,10,132,142,186
04/28/2010,NQA,TN,ASO,CE,Federal Contract Tower,0,0,11,5,16,0,2,15,0,17,0,2,26,5,33,24,44,68,101
04/29/2010,NQA,TN,ASO,CE,Federal Contract Tower,0,0,6,8,14,0,0,15,0,15,0,0,21,8,29,0,60,60,89
04/30/2010,NQA,TN,ASO,CE,Federal Contract Tower,0,0,5,13,18,0,0,1,1,2,0,0,6,14,20,0,4,4,24
05/01/2010,NQA,TN,ASO,CE,Federal Contract Tower,0,0,2,0,2,0,0,0,0,0,0,0,2,0,2,0,0,0,2
05/02/2010,NQA,TN,ASO,CE,Federal Contract Tower,0,0,0,5,5,0,0,13,1,14,0,0,13,6,19,52,0,52,71
05/03/2010,NQA,TN,ASO,CE,Federal Contract Tower,0,0,9,8,17,0,1,18,0,19,0,1,27,8,36,10,4,14,50
05/04/2010,NQA,TN,ASO,CE,Federal Contract Tower,0,2,8,6,16,0,0,30,4,34,0,2,38,10,50,16,42,58,108
05/05/2010,NQA,TN,ASO,CE,Federal Contract Tower,0,0,10,6,16,0,2,11,1,14,0,2,21,7,30,4,58,62,92
05/06/2010,NQA,TN,ASO,CE,Federal Contract Tower,0,0,3,10,13,0,0,14,7,21,0,0,17,17,34,18,198,216,250
05/07/2010,NQA,TN,ASO,CE,Federal Contract Tower,0,0,6,8,14,0,0,10,4,14,0,0,16,12,28,0,50,50,78
05/08/2010,NQA,TN,ASO,CE,Federal Contract Tower,0,0,4,0,4,0,0,8,0,8,0,0,12,0,12,6,0,6,18
05/09/2010,NQA,TN,ASO,CE,Federal Contract Tower,0,0,4,1,5,0,0,18,0,18,0,0,22,1,23,6,0,6,29
05/10/2010,NQA,TN,ASO,CE,Federal Contract Tower,0,0,8,0,8,0,0,0,0,0,0,0,8,0,8,0,0,0,8
05/11/2010,NQA,TN,ASO,CE,Federal Contract Tower,0,1,6,4,11,0,0,4,1,5,0,1,10,5,16,0,28,28,44
05/12/2010,NQA,TN,ASO,CE,Federal Contract Tower,0,2,3,10,15,0,0,2,4,6,0,2,5,14,21,0,134,134,155
05/13/2010,NQA,TN,ASO,CE,Federal Contract Tower,0,2,10,12,24,0,0,11,0,11,0,2,21,12,35,18,78,96,131
05/14/2010,NQA,TN,ASO,CE,Federal Contract Tower,0,0,6,2,8,0,0,5,0,5,0,0,11,2,13,0,4,4,17
05/15/2010,NQA,TN,ASO,CE,Federal Contract Tower,0,0,9,1,10,0,0,8,0,8,0,0,17,1,18,18,0,18,36
05/16/2010,NQA,TN,ASO,CE,Federal Contract Tower,0,2,8,15,25,0,0,12,0,12,0,2,20,15,37,26,8,34,71
05/17/2010,NQA,TN,ASO,CE,Federal Contract Tower,0,0,10,10,20,0,0,11,0,11,0,0,21,10,31,0,4,4,35
05/18/2010,NQA,TN,ASO,CE,Federal Contract Tower,0,0,8,4,12,0,0,13,0,13,0,0,21,4,25,26,82,108,133
05/19/2010,NQA,TN,ASO,CE,Federal Contract Tower,0,0,23,6,29,0,0,16,0,16,0,0,39,6,45,10,26,36,81
05/20/2010,NQA,TN,ASO,CE,Federal Contract Tower,0,0,2,0,2,0,0,4,0,4,0,0,6,0,6,16,0,16,22
05/21/2010,NQA,TN,ASO,CE,Federal Contract Tower,0,0,7,8,15,0,0,9,0,9,0,0,16,8,24,18,44,62,86
05/22/2010,NQA,TN,ASO,CE,Federal Contract Tower,0,0,8,0,8,0,0,7,0,7,0,0,15,0,15,4,0,4,19
05/23/2010,NQA,TN,ASO,CE,Federal Contract Tower,0,0,10,4,14,0,0,13,0,13,0,0,23,4,27,22,4,26,53
05/24/2010,NQA,TN,ASO,CE,Federal Contract Tower,0,0,8,1,9,0,0,7,0,7,0,0,15,1,16,0,0,0,16
05/25/2010,NQA,TN,ASO,CE,Federal Contract Tower,0,11,3,8,22,0,7,16,4,27,0,18,19,12,49,8,72,80,129
05/26/2010,NQA,TN,ASO,CE,Federal Contract Tower,0,0,1,1,2,0,0,23,2,25,0,0,24,3,27,24,0,24,51
05/27/2010,NQA,TN,ASO,CE,Federal Contract Tower,0,0,3,8,11,0,0,17,2,19,0,0,20,10,30,16,64,80,110
05/28/2010,NQA,TN,ASO,CE,Federal Contract Tower,0,0,7,2,9,0,0,29,0,29,0,0,36,2,38,12,0,12,50
05/29/2010,NQA,TN,ASO,CE,Federal Contract Tower,0,0,3,0,3,0,0,6,0,6,0,0,9,0,9,6,0,6,15
05/30/2010,NQA,TN,ASO,CE,Federal Contract Tower,0,0,5,0,5,0,0,8,5,13,0,0,13,5,18,2,0,2,20
05/31/2010,NQA,TN,ASO,CE,Federal Contract Tower,0,0,1,0,1,0,0,8,1,9,0,0,9,1,10,4,0,4,14
06/01/2010,NQA,TN,ASO,CE,Federal Contract Tower,0,0,5,10,15,0,0,18,7,25,0,0,23,17,40,0,146,146,186
06/02/2010,NQA,TN,ASO,CE,Federal Contract Tower,0,0,1,16,17,0,2,12,6,20,0,2,13,22,37,16,146,162,199
06/03/2010,NQA,TN,ASO,CE,Federal Contract Tower,0,0,3,6,9,0,0,5,1,6,0,0,8,7,15,6,86,92,107
06/04/2010,NQA,TN,ASO,CE,Federal Contract Tower,0,0,8,10,18,0,0,14,6,20,0,0,22,16,38,14,126,140,178
06/05/2010,NQA,TN,ASO,CE,Federal Contract Tower,0,0,7,0,7,0,0,8,0,8,0,0,15,0,15,16,0,16,31
06/06/2010,NQA,TN,ASO,CE,Federal Contract Tower,0,0,5,4,9,0,0,3,0,3,0,0,8,4,12,2,0,2,14
06/07/2010,NQA,TN,ASO,CE,Federal Contract Tower,0,0,1,4,5,0,0,15,1,16,0,0,16,5,21,40,54,94,115
06/08/2010,NQA,TN,ASO,CE,Federal Contract Tower,0,0,5,12,17,0,0,11,0,11,0,0,16,12,28,8,32,40,68
06/09/2010,NQA,TN,ASO,CE,Federal Contract Tower,0,0,10,2,12,0,0,19,0,19,0,0,29,2,31,28,0,28,59
06/10/2010,NQA,TN,ASO,CE,Federal Contract Tower,0,2,7,2,11,0,0,4,0,4,0,2,11,2,15,0,0,0,15
06/11/2010,NQA,TN,ASO,CE,Federal Contract Tower,0,0,7,6,13,0,0,2,5,7,0,0,9,11,20,0,94,94,114
06/12/2010,NQA,TN,ASO,CE,Federal Contract Tower,0,0,0,1,1,0,0,13,0,13,0,0,13,1,14,14,0,14,28
06/13/2010,NQA,TN,ASO,CE,Federal Contract Tower,0,0,4,1,5,0,0,4,0,4,0,0,8,1,9,18,0,18,27
06/14/2010,NQA,TN,ASO,CE,Federal Contract Tower,0,0,9,10,19,0,0,1,4,5,0,0,10,14,24,0,60,60,84
06/15/2010,NQA,TN,ASO,CE,Federal Contract Tower,0,0,4,21,25,0,0,10,4,14,0,0,14,25,39,0,136,136,175
06/16/2010,NQA,TN,ASO,CE,Federal Contract Tower,0,0,3,9,12,0,0,13,4,17,0,0,16,13,29,12,88,100,129
06/17/2010,NQA,TN,ASO,CE,Federal Contract Tower,0,6,9,8,23,0,0,13,6,19,0,6,22,14,42,14,84,98,140
06/18/2010,NQA,TN,ASO,CE,Federal Contract Tower,0,0,7,5,12,0,0,9,2,11,0,0,16,7,23,16,0,16,39
06/19/2010,NQA,TN,ASO,CE,Federal Contract Tower,0,0,3,0,3,0,0,6,0,6,0,0,9,0,9,12,0,12,21
06/20/2010,NQA,TN,ASO,CE,Federal Contract Tower,0,0,0,6,6,0,0,9,0,9,0,0,9,6,15,10,0,10,25
06/21/2010,NQA,TN,ASO,CE,Federal Contract Tower,0,0,4,2,6,0,4,21,0,25,0,4,25,2,31,28,38,66,97
06/22/2010,NQA,TN,ASO,CE,Federal Contract Tower,0,0,6,8,14,0,4,6,10,20,0,4,12,18,34,0,112,112,146
06/23/2010,NQA,TN,ASO,CE,Federal Contract Tower,0,4,9,7,20,0,2,12,5,19,0,6,21,12,39,16,88,104,143
06/24/2010,NQA,TN,ASO,CE,Federal Contract Tower,0,3,4,10,17,0,3,4,2,9,0,6,8,12,26,6,92,98,124
06/25/2010,NQA,TN,ASO,CE,Federal Contract Tower,0,2,4,4,10,0,2,7,2,11,0,4,11,6,21,20,2,22,43
06/26/2010,NQA,TN,ASO,CE,Federal Contract Tower,4,0,3,7,14,0,0,11,0,11,4,0,14,7,25,20,2,22,47
06/27/2010,NQA,TN,ASO,CE,Federal Contract Tower,0,0,3,2,5,0,1,3,0,4,0,1,6,2,9,2,0,2,11
06/28/2010,NQA,TN,ASO,CE,Federal Contract Tower,0,1,2,6,9,0,2,12,2,16,0,3,14,8,25,14,38,52,77
06/29/2010,NQA,TN,ASO,CE,Federal Contract Tower,0,0,4,9,13,0,0,9,3,12,0,0,13,12,25,0,38,38,63
06/30/2010,NQA,TN,ASO,CE,Federal Contract Tower,0,0,14,18,32,0,0,17,4,21,0,0,31,22,53,4,108,112,165
07/01/2010,NQA,TN,ASO,CE,Federal Contract Tower,0,0,7,28,35,0,0,13,2,15,0,0,20,30,50,4,158,162,212
07/02/2010,NQA,TN,ASO,CE,Federal Contract Tower,0,0,11,20,31,0,0,16,0,16,0,0,27,20,47,0,78,78,125
07/03/2010,NQA,TN,ASO,CE,Federal Contract Tower,0,0,2,2,4,0,0,8,1,9,0,0,10,3,13,2,0,2,15
07/04/2010,NQA,TN,ASO,CE,Federal Contract Tower,0,2,1,0,3,0,0,4,0,4,0,2,5,0,7,0,0,0,7
07/05/2010,NQA,TN,ASO,CE,Federal Contract Tower,0,0,4,0,4,0,0,12,0,12,0,0,16,0,16,12,0,12,28
07/06/2010,NQA,TN,ASO,CE,Federal Contract Tower,0,0,3,17,20,0,0,13,29,42,0,0,16,46,62,14,176,190,252
07/07/2010,NQA,TN,ASO,CE,Federal Contract Tower,0,0,3,19,22,0,0,26,6,32,0,0,29,25,54,28,70,98,152
07/08/2010,NQA,TN,ASO,CE,Federal Contract Tower,0,0,2,3,5,0,0,12,5,17,0,0,14,8,22,6,28,34,56
07/09/2010,NQA,TN,ASO,CE,Federal Contract Tower,0,0,5,4,9,0,2,9,0,11,0,2,14,4,20,10,0,10,30
07/10/2010,NQA,TN,ASO,CE,Federal Contract Tower,0,0,4,2,6,0,0,5,4,9,0,0,9,6,15,4,0,4,19
07/11/2010,NQA,TN,ASO,CE,Federal Contract Tower,0,0,2,6,8,0,0,10,3,13,0,0,12,9,21,14,0,14,35
07/12/2010,NQA,TN,ASO,CE,Federal Contract Tower,0,0,3,0,3,0,0,4,0,4,0,0,7,0,7,4,0,4,11
07/13/2010,NQA,TN,ASO,CE,Federal Contract Tower,0,0,5,2,7,0,0,13,0,13,0,0,18,2,20,26,24,50,70
07/14/2010,NQA,TN,ASO,CE,Federal Contract Tower,0,2,3,13,18,0,0,9,3,12,0,2,12,16,30,16,90,106,136
07/15/2010,NQA,TN,ASO,CE,Federal Contract Tower,0,0,6,22,28,0,0,11,4,15,0,0,17,26,43,4,100,104,147
07/16/2010,NQA,TN,ASO,CE,Federal Contract Tower,0,2,4,2,8,0,0,8,0,8,0,2,12,2,16,0,0,0,16
07/17/2010,NQA,TN,ASO,CE,Federal Contract Tower,2,0,4,0,6,0,0,9,0,9,2,0,13,0,15,2,0,2,17
07/18/2010,NQA,TN,ASO,CE,Federal Contract Tower,0,0,4,4,8,0,0,7,0,7,0,0,11,4,15,4,0,4,19
07/19/2010,NQA,TN,ASO,CE,Federal Contract Tower,0,0,8,6,14,0,0,13,6,19,0,0,21,12,33,0,70,70,103
07/20/2010,NQA,TN,ASO,CE,Federal Contract Tower,0,2,4,12,18,0,0,18,7,25,0,2,22,19,43,14,168,182,225
07/21/2010,NQA,TN,ASO,CE,Federal Contract Tower,0,2,1,6,9,0,0,21,2,23,0,2,22,8,32,28,68,96,128
07/22/2010,NQA,TN,ASO,CE,Federal Contract Tower,0,0,5,6,11,0,2,9,0,11,0,2,14,6,22,0,52,52,74
07/23/2010,NQA,TN,ASO,CE,Federal Contract Tower,0,0,3,8,11,0,0,15,7,22,0,0,18,15,33,0,98,98,131
07/24/2010,NQA,TN,ASO,CE,Federal Contract Tower,0,0,6,0,6,0,0,28,0,28,0,0,34,0,34,16,0,16,50
07/25/2010,NQA,TN,ASO,CE,Federal Contract Tower,0,0,8,0,8,0,0,13,0,13,0,0,21,0,21,32,0,32,53
07/26/2010,NQA,TN,ASO,CE,Federal Contract Tower,0,0,5,9,14,0,0,11,7,18,0,0,16,16,32,2,150,152,184
07/27/2010,NQA,TN,ASO,CE,Federal Contract Tower,0,1,12,5,18,0,0,13,1,14,0,1,25,6,32,0,14,14,46
07/28/2010,NQA,TN,ASO,CE,Federal Contract Tower,0,0,11,12,23,0,1,10,4,15,0,1,21,16,38,10,80,90,128
07/29/2010,NQA,TN,ASO,CE,Federal Contract Tower,0,0,4,6,10,0,0,12,7,19,0,0,16,13,29,18,142,160,189
07/30/2010,NQA,TN,ASO,CE,Federal Contract Tower,0,0,1,10,11,0,0,13,1,14,0,0,14,11,25,12,88,100,125
07/31/2010,NQA,TN,ASO,CE,Federal Contract Tower,0,0,5,0,5,0,0,24,0,24,0,0,29,0,29,26,0,26,55
08/01/2010,NQA,TN,ASO,CE,Federal Contract Tower,0,0,1,1,2,0,0,7,1,8,0,0,8,2,10,0,0,0,10
08/02/2010,NQA,TN,ASO,CE,Federal Contract Tower,0,0,6,2,8,0,2,15,0,17,0,2,21,2,25,4,26,30,55
08/03/2010,NQA,TN,ASO,CE,Federal Contract Tower,0,0,5,11,16,0,0,23,0,23,0,0,28,11,39,20,60,80,119
08/04/2010,NQA,TN,ASO,CE,Federal Contract Tower,0,0,5,2,7,0,0,5,0,5,0,0,10,2,12,0,30,30,42
08/05/2010,NQA,TN,ASO,CE,Federal Contract Tower,0,0,7,7,14,0,0,9,2,11,0,0,16,9,25,8,30,38,63
08/06/2010,NQA,TN,ASO,CE,Federal Contract Tower,0,0,4,5,9,0,0,11,0,11,0,0,15,5,20,0,34,34,54
08/07/2010,NQA,TN,ASO,CE,Federal Contract Tower,0,0,4,1,5,0,0,18,1,19,0,0,22,2,24,14,0,14,38
08/08/2010,NQA,TN,ASO,CE,Federal Contract Tower,0,0,3,2,5,0,0,8,0,8,0,0,11,2,13,0,0,0,13
08/09/2010,NQA,TN,ASO,CE,Federal Contract Tower,0,0,2,12,14,0,0,5,2,7,0,0,7,14,21,12,48,60,81
08/10/2010,NQA,TN,ASO,CE,Federal Contract Tower,0,0,3,9,12,0,0,7,2,9,0,0,10,11,21,12,2,14,35
08/11/2010,NQA,TN,ASO,CE,Federal Contract Tower,0,0,3,12,15,0,0,5,0,5,0,0,8,12,20,16,68,84,104
08/12/2010,NQA,TN,ASO,CE,Federal Contract Tower,0,0,2,14,16,0,0,15,8,23,0,0,17,22,39,10,72,82,121
08/13/2010,NQA,TN,ASO,CE,Federal Contract Tower,0,0,7,15,22,0,0,9,11,20,0,0,16,26,42,0,142,142,184
08/14/2010,NQA,TN,ASO,CE,Federal Contract Tower,0,0,9,2,11,0,0,4,0,4,0,0,13,2,15,0,0,0,15
08/15/2010,NQA,TN,ASO,CE,Federal Contract Tower,0,0,11,2,13,0,0,8,0,8,0,0,19,2,21,2,0,2,23
08/16/2010,NQA,TN,ASO,CE,Federal Contract Tower,0,0,2,7,9,0,0,25,3,28,0,0,27,10,37,26,90,116,153
08/17/2010,NQA,TN,ASO,CE,Federal Contract Tower,0,0,2,16,18,0,0,12,8,20,0,0,14,24,38,22,118,140,178
08/18/2010,NQA,TN,ASO,CE,Federal Contract Tower,0,0,8,0,8,0,0,9,0,9,0,0,17,0,17,12,0,12,29
08/19/2010,NQA,TN,ASO,CE,Federal Contract Tower,0,1,6,28,35,0,0,14,18,32,0,1,20,46,67,0,198,198,265
08/20/2010,NQA,TN,ASO,CE,Federal Contract Tower,0,0,10,9,19,0,0,32,1,33,0,0,42,10,52,0,2,2,54
08/21/2010,NQA,TN,ASO,CE,Federal Contract Tower,0,0,5,0,5,0,0,7,0,7,0,0,12,0,12,8,0,8,20
08/22/2010,NQA,TN,ASO,CE,Federal Contract Tower,0,0,4,3,7,0,0,9,0,9,0,0,13,3,16,8,2,10,26
08/23/2010,NQA,TN,ASO,CE,Federal Contract Tower,0,0,5,0,5,0,0,8,0,8,0,0,13,0,13,2,0,2,15
08/24/2010,NQA,TN,ASO,CE,Federal Contract Tower,0,0,9,3,12,0,0,15,0,15,0,0,24,3,27,34,0,34,61
08/25/2010,NQA,TN,ASO,CE,Federal Contract Tower,0,0,5,0,5,0,2,18,0,20,0,2,23,0,25,6,0,6,31
08/26/2010,NQA,TN,ASO,CE,Federal Contract Tower,0,0,12,0,12,0,0,22,0,22,0,0,34,0,34,38,0,38,72
08/27/2010,NQA,TN,ASO,CE,Federal Contract Tower,0,0,3,22,25,0,0,13,0,13,0,0,16,22,38,2,16,18,56
08/28/2010,NQA,TN,ASO,CE,Federal Contract Tower,0,0,4,2,6,0,0,28,1,29,0,0,32,3,35,26,4,30,65
08/29/2010,NQA,TN,ASO,CE,Federal Contract Tower,0,0,20,4,24,0,0,5,3,8,0,0,25,7,32,6,0,6,38
08/30/2010,NQA,TN,ASO,CE,Federal Contract Tower,0,0,6,0,6,0,0,10,0,10,0,0,16,0,16,4,0,4,20
08/31/2010,NQA,TN,ASO,CE,Federal Contract Tower,0,0,2,2,4,0,2,14,0,16,0,2,16,2,20,14,0,14,34
09/01/2010,NQA,TN,ASO,CE,Federal Contract Tower,0,0,6,0,6,0,4,9,0,13,0,4,15,0,19,12,0,12,31
09/02/2010,NQA,TN,ASO,CE,Federal Contract Tower,0,0,10,10,20,0,0,15,4,19,0,0,25,14,39,0,52,52,91
09/03/2010,NQA,TN,ASO,CE,Federal Contract Tower,0,2,12,6,20,0,0,13,0,13,0,2,25,6,33,0,0,0,33
09/04/2010,NQA,TN,ASO,CE,Federal Contract Tower,0,0,10,4,14,0,0,22,0,22,0,0,32,4,36,10,0,10,46
09/05/2010,NQA,TN,ASO,CE,Federal Contract Tower,0,0,1,0,1,0,0,10,0,10,0,0,11,0,11,4,0,4,15
09/06/2010,NQA,TN,ASO,CE,Federal Contract Tower,0,0,3,5,8,0,0,24,0,24,0,0,27,5,32,10,0,10,42
09/07/2010,NQA,TN,ASO,CE,Federal Contract Tower,0,1,9,18,28,0,0,12,1,13,0,1,21,19,41,18,30,48,89
09/08/2010,NQA,TN,ASO,CE,Federal Contract Tower,0,0,5,18,23,0,0,10,0,10,0,0,15,18,33,2,26,28,61
09/09/2010,NQA,TN,ASO,CE,Federal Contract Tower,0,0,4,0,4,0,0,15,0,15,0,0,19,0,19,8,0,8,27
09/10/2010,NQA,TN,ASO,CE,Federal Contract Tower,0,0,11,24,35,0,0,11,0,11,0,0,22,24,46,0,0,0,46
09/11/2010,NQA,TN,ASO,CE,Federal Contract Tower,0,0,2,0,2,0,0,14,0,14,0,0,16,0,16,10,0,10,26
09/12/2010,NQA,TN,ASO,CE,Federal Contract Tower,0,0,7,2,9,0,2,24,0,26,0,2,31,2,35,10,0,10,45
09/13/2010,NQA,TN,ASO,CE,Federal Contract Tower,0,0,3,6,9,0,0,2,6,8,0,0,5,12,17,0,46,46,63
09/14/2010,NQA,TN,ASO,CE,Federal Contract Tower,0,0,7,11,18,0,2,9,3,14,0,2,16,14,32,0,60,60,92
09/15/2010,NQA,TN,ASO,CE,Federal Contract Tower,0,0,9,6,15,0,0,15,4,19,0,0,24,10,34,6,60,66,100
09/16/2010,NQA,TN,ASO,CE,Federal Contract Tower,0,6,13,13,32,0,0,7,0,7,0,6,20,13,39,0,22,22,61
09/17/2010,NQA,TN,ASO,CE,Federal Contract Tower,0,0,13,18,31,0,2,6,3,11,0,2,19,21,42,0,80,80,122
09/18/2010,NQA,TN,ASO,CE,Federal Contract Tower,0,0,2,0,2,0,2,19,2,23,0,2,21,2,25,26,0,26,51
09/19/2010,NQA,TN,ASO,CE,Federal Contract Tower,0,0,9,20,29,0,0,19,2,21,0,0,28,22,50,6,26,32,82
09/20/2010,NQA,TN,ASO,CE,Federal Contract Tower,0,0,14,14,28,0,0,9,0,9,0,0,23,14,37,4,18,22,59
09/21/2010,NQA,TN,ASO,CE,Federal Contract Tower,0,0,9,16,25,0,1,5,0,6,0,1,14,16,31,0,30,30,61
09/22/2010,NQA,TN,ASO,CE,Federal Contract Tower,0,0,9,17,26,0,0,11,0,11,0,0,20,17,37,0,86,86,123
09/23/2010,NQA,TN,ASO,CE,Federal Contract Tower,0,0,10,10,20,0,0,13,2,15,0,0,23,12,35,0,100,100,135
09/24/2010,NQA,TN,ASO,CE,Federal Contract Tower,0,0,8,9,17,0,0,15,0,15,0,0,23,9,32,24,54,78,110
09/25/2010,NQA,TN,ASO,CE,Federal Contract Tower,2,0,3,8,13,1,0,11,0,12,3,0,14,8,25,14,0,14,39
09/26/2010,NQA,TN,ASO,CE,Federal Contract Tower,0,0,6,2,8,0,0,5,0,5,0,0,11,2,13,0,0,0,13
09/27/2010,NQA,TN,ASO,CE,Federal Contract Tower,0,0,6,6,12,0,0,5,0,5,0,0,11,6,17,0,2,2,19
09/28/2010,NQA,TN,ASO,CE,Federal Contract Tower,0,0,8,4,12,0,0,6,0,6,0,0,14,4,18,8,0,8,26
09/29/2010,NQA,TN,ASO,CE,Federal Contract Tower,0,0,4,9,13,0,0,12,0,12,0,0,16,9,25,2,12,14,39
09/30/2010,NQA,TN,ASO,CE,Federal Contract Tower,2,0,2,8,12,0,0,14,2,16,2,0,16,10,28,6,36,42,70
10/01/2010,NQA,TN,ASO,CE,Federal Contract Tower,0,0,5,26,31,0,0,6,3,9,0,0,11,29,40,0,122,122,162
10/02/2010,NQA,TN,ASO,CE,Federal Contract Tower,2,0,4,0,6,0,0,13,0,13,2,0,17,0,19,4,0,4,23
10/03/2010,NQA,TN,ASO,CE,Federal Contract Tower,0,0,6,2,8,0,0,8,0,8,0,0,14,2,16,16,0,16,32
10/04/2010,NQA,TN,ASO,CE,Federal Contract Tower,0,0,4,0,4,0,0,7,0,7,0,0,11,0,11,4,0,4,15
10/05/2010,NQA,TN,ASO,CE,Federal Contract Tower,0,0,5,0,5,0,0,5,5,10,0,0,10,5,15,0,0,0,15
10/06/2010,NQA,TN,ASO,CE,Federal Contract Tower,0,0,3,0,3,0,0,11,2,13,0,0,14,2,16,4,0,4,20
10/07/2010,NQA,TN,ASO,CE,Federal Contract Tower,0,2,0,0,2,0,2,10,0,12,0,4,10,0,14,0,0,0,14
10/08/2010,NQA,TN,ASO,CE,Federal Contract Tower,0,0,0,0,0,0,0,0,0,0,0,0,0,0,0,0,0,0,0
10/09/2010,NQA,TN,ASO,CE,Federal Contract Tower,0,0,2,0,2,0,0,7,0,7,0,0,9,0,9,0,0,0,9
10/10/2010,NQA,TN,ASO,CE,Federal Contract Tower,0,0,2,0,2,0,0,7,0,7,0,0,9,0,9,0,0,0,9
10/11/2010,NQA,TN,ASO,CE,Federal Contract Tower,0,0,3,2,5,0,0,7,0,7,0,0,10,2,12,0,0,0,12
10/12/2010,NQA,TN,ASO,CE,Federal Contract Tower,0,0,3,0,3,0,0,1,4,5,0,0,4,4,8,0,0,0,8
10/13/2010,NQA,TN,ASO,CE,Federal Contract Tower,0,0,3,10,13,0,2,11,2,15,0,2,14,12,28,0,34,34,62
10/14/2010,NQA,TN,ASO,CE,Federal Contract Tower,0,0,7,3,10,0,0,16,2,18,0,0,23,5,28,2,46,48,76
10/15/2010,NQA,TN,ASO,CE,Federal Contract Tower,0,0,3,18,21,0,0,8,5,13,0,0,11,23,34,0,84,84,118
10/16/2010,NQA,TN,ASO,CE,Federal Contract Tower,0,0,3,2,5,0,0,32,0,32,0,0,35,2,37,24,0,24,61
10/17/2010,NQA,TN,ASO,CE,Federal Contract Tower,0,0,7,6,13,0,0,10,0,10,0,0,17,6,23,16,0,16,39
10/18/2010,NQA,TN,ASO,CE,Federal Contract Tower,0,0,4,6,10,0,0,11,4,15,0,0,15,10,25,2,92,94,119
10/19/2010,NQA,TN,ASO,CE,Federal Contract Tower,0,0,5,2,7,0,0,1,0,1,0,0,6,2,8,0,38,38,46
10/20/2010,NQA,TN,ASO,CE,Federal Contract Tower,0,0,4,8,12,0,0,23,2,25,0,0,27,10,37,10,44,54,91
10/21/2010,NQA,TN,ASO,CE,Federal Contract Tower,0,5,8,0,13,0,1,11,0,12,0,6,19,0,25,32,0,32,57
10/22/2010,NQA,TN,ASO,CE,Federal Contract Tower,0,4,14,4,22,0,0,14,0,14,0,4,28,4,36,18,0,18,54
10/23/2010,NQA,TN,ASO,CE,Federal Contract Tower,0,2,5,0,7,0,0,7,0,7,0,2,12,0,14,10,0,10,24
10/24/2010,NQA,TN,ASO,CE,Federal Contract Tower,0,0,6,2,8,0,0,0,0,0,0,0,6,2,8,0,0,0,8
10/25/2010,NQA,TN,ASO,CE,Federal Contract Tower,0,0,6,2,8,0,0,7,0,7,0,0,13,2,15,4,0,4,19
10/26/2010,NQA,TN,ASO,CE,Federal Contract Tower,0,0,1,1,2,0,0,0,0,0,0,0,1,1,2,0,0,0,2
10/27/2010,NQA,TN,ASO,CE,Federal Contract Tower,0,0,6,20,26,0,0,4,1,5,0,0,10,21,31,36,108,144,175
10/28/2010,NQA,TN,ASO,CE,Federal Contract Tower,0,1,5,16,22,0,0,3,2,5,0,1,8,18,27,6,82,88,115
10/29/2010,NQA,TN,ASO,CE,Federal Contract Tower,0,2,11,2,15,0,0,14,0,14,0,2,25,2,29,0,0,0,29
10/30/2010,NQA,TN,ASO,CE,Federal Contract Tower,0,0,2,0,2,0,0,33,0,33,0,0,35,0,35,76,0,76,111
10/31/2010,NQA,TN,ASO,CE,Federal Contract Tower,0,0,9,0,9,0,0,14,0,14,0,0,23,0,23,4,0,4,27
11/01/2010,NQA,TN,ASO,CE,Federal Contract Tower,0,0,9,12,21,0,0,18,0,18,0,0,27,12,39,0,6,6,45
11/02/2010,NQA,TN,ASO,CE,Federal Contract Tower,0,0,6,4,10,0,0,4,1,5,0,0,10,5,15,0,0,0,15
11/03/2010,NQA,TN,ASO,CE,Federal Contract Tower,0,0,9,0,9,0,0,1,0,1,0,0,10,0,10,0,0,0,10
11/04/2010,NQA,TN,ASO,CE,Federal Contract Tower,0,2,7,9,18,0,0,9,9,18,0,2,16,18,36,8,44,52,88
11/05/2010,NQA,TN,ASO,CE,Federal Contract Tower,0,0,7,8,15,0,0,4,3,7,0,0,11,11,22,0,44,44,66
11/06/2010,NQA,TN,ASO,CE,Federal Contract Tower,0,0,9,18,27,0,0,18,0,18,0,0,27,18,45,12,16,28,73
11/07/2010,NQA,TN,ASO,CE,Federal Contract Tower,0,0,7,6,13,0,0,22,2,24,0,0,29,8,37,24,0,24,61
11/08/2010,NQA,TN,ASO,CE,Federal Contract Tower,0,0,4,2,6,0,0,7,0,7,0,0,11,2,13,0,0,0,13
11/09/2010,NQA,TN,ASO,CE,Federal Contract Tower,0,0,1,2,3,0,0,10,0,10,0,0,11,2,13,0,10,10,23
11/10/2010,NQA,TN,ASO,CE,Federal Contract Tower,0,0,2,4,6,0,0,9,3,12,0,0,11,7,18,0,80,80,98
11/11/2010,NQA,TN,ASO,CE,Federal Contract Tower,0,0,6,0,6,0,0,26,0,26,0,0,32,0,32,6,0,6,38
11/12/2010,NQA,TN,ASO,CE,Federal Contract Tower,0,0,13,2,15,0,0,20,0,20,0,0,33,2,35,0,0,0,35
11/13/2010,NQA,TN,ASO,CE,Federal Contract Tower,0,0,1,0,1,0,0,2,0,2,0,0,3,0,3,6,0,6,9
11/14/2010,NQA,TN,ASO,CE,Federal Contract Tower,0,0,10,2,12,0,0,11,0,11,0,0,21,2,23,12,0,12,35
11/15/2010,NQA,TN,ASO,CE,Federal Contract Tower,0,2,4,12,18,0,0,8,2,10,0,2,12,14,28,2,0,2,30
11/16/2010,NQA,TN,ASO,CE,Federal Contract Tower,0,0,9,2,11,0,0,1,0,1,0,0,10,2,12,0,0,0,12
11/17/2010,NQA,TN,ASO,CE,Federal Contract Tower,0,0,1,7,8,0,0,10,0,10,0,0,11,7,18,16,64,80,98
11/18/2010,NQA,TN,ASO,CE,Federal Contract Tower,0,0,12,5,17,0,0,0,0,0,0,0,12,5,17,4,0,4,21
11/19/2010,NQA,TN,ASO,CE,Federal Contract Tower,0,2,20,20,42,0,0,11,4,15,0,2,31,24,57,44,42,86,143
11/20/2010,NQA,TN,ASO,CE,Federal Contract Tower,0,0,11,18,29,0,0,8,0,8,0,0,19,18,37,2,0,2,39
11/21/2010,NQA,TN,ASO,CE,Federal Contract Tower,0,2,10,20,32,0,0,9,6,15,0,2,19,26,47,0,28,28,75
11/22/2010,NQA,TN,ASO,CE,Federal Contract Tower,0,0,4,2,6,0,0,12,0,12,0,0,16,2,18,0,14,14,32
11/23/2010,NQA,TN,ASO,CE,Federal Contract Tower,0,0,8,13,21,0,0,5,0,5,0,0,13,13,26,0,104,104,130
11/24/2010,NQA,TN,ASO,CE,Federal Contract Tower,0,0,10,2,12,0,0,4,0,4,0,0,14,2,16,0,0,0,16
11/25/2010,NQA,TN,ASO,CE,Federal Contract Tower,0,0,0,0,0,0,0,0,0,0,0,0,0,0,0,0,0,0,0
11/26/2010,NQA,TN,ASO,CE,Federal Contract Tower,0,0,1,0,1,0,0,10,0,10,0,0,11,0,11,12,0,12,23
11/27/2010,NQA,TN,ASO,CE,Federal Contract Tower,0,0,5,0,5,0,0,10,0,10,0,0,15,0,15,20,0,20,35
11/28/2010,NQA,TN,ASO,CE,Federal Contract Tower,0,1,6,0,7,0,0,3,0,3,0,1,9,0,10,0,0,0,10
11/29/2010,NQA,TN,ASO,CE,Federal Contract Tower,0,0,6,3,9,0,0,1,1,2,0,0,7,4,11,0,0,0,11
11/30/2010,NQA,TN,ASO,CE,Federal Contract Tower,0,0,5,11,16,0,0,4,2,6,0,0,9,13,22,26,0,26,48
12/01/2010,NQA,TN,ASO,CE,Federal Contract Tower,0,0,5,24,29,0,0,11,0,11,0,0,16,24,40,0,90,90,130
12/02/2010,NQA,TN,ASO,CE,Federal Contract Tower,0,0,13,10,23,0,0,16,0,16,0,0,29,10,39,18,52,70,109
12/03/2010,NQA,TN,ASO,CE,Federal Contract Tower,0,0,7,15,22,0,0,15,2,17,0,0,22,17,39,10,116,126,165
12/04/2010,NQA,TN,ASO,CE,Federal Contract Tower,0,0,3,4,7,0,0,2,0,2,0,0,5,4,9,0,0,0,9
12/05/2010,NQA,TN,ASO,CE,Federal Contract Tower,0,0,7,15,22,0,0,7,0,7,0,0,14,15,29,0,16,16,45
12/06/2010,NQA,TN,ASO,CE,Federal Contract Tower,0,0,4,4,8,0,0,18,0,18,0,0,22,4,26,14,70,84,110
12/07/2010,NQA,TN,ASO,CE,Federal Contract Tower,0,0,6,23,29,0,0,7,3,10,0,0,13,26,39,0,164,164,203
12/08/2010,NQA,TN,ASO,CE,Federal Contract Tower,0,0,3,14,17,0,0,18,0,18,0,0,21,14,35,0,124,124,159
12/09/2010,NQA,TN,ASO,CE,Federal Contract Tower,0,0,2,8,10,0,0,7,0,7,0,0,9,8,17,0,66,66,83
12/10/2010,NQA,TN,ASO,CE,Federal Contract Tower,2,1,6,12,21,2,0,9,1,12,4,1,15,13,33,4,44,48,81
12/11/2010,NQA,TN,ASO,CE,Federal Contract Tower,0,0,0,4,4,0,0,0,0,0,0,0,0,4,4,0,0,0,4
12/12/2010,NQA,TN,ASO,CE,Federal Contract Tower,0,0,5,2,7,0,0,1,0,1,0,0,6,2,8,0,0,0,8
12/13/2010,NQA,TN,ASO,CE,Federal Contract Tower,0,0,0,0,0,0,0,6,2,8,0,0,6,2,8,0,14,14,22
12/14/2010,NQA,TN,ASO,CE,Federal Contract Tower,0,0,2,11,13,0,0,6,3,9,0,0,8,14,22,0,50,50,72
12/15/2010,NQA,TN,ASO,CE,Federal Contract Tower,0,0,0,0,0,0,0,0,0,0,0,0,0,0,0,0,0,0,0
12/16/2010,NQA,TN,ASO,CE,Federal Contract Tower,0,2,3,0,5,0,0,6,0,6,0,2,9,0,11,10,0,10,21
12/17/2010,NQA,TN,ASO,CE,Federal Contract Tower,0,0,11,8,19,0,0,8,4,12,0,0,19,12,31,12,52,64,95
12/18/2010,NQA,TN,ASO,CE,Federal Contract Tower,0,0,4,2,6,0,0,12,0,12,0,0,16,2,18,2,0,2,20
12/19/2010,NQA,TN,ASO,CE,Federal Contract Tower,0,0,1,0,1,0,0,9,0,9,0,0,10,0,10,0,0,0,10
12/20/2010,NQA,TN,ASO,CE,Federal Contract Tower,0,0,7,0,7,0,0,5,0,5,0,0,12,0,12,8,0,8,20
12/21/2010,NQA,TN,ASO,CE,Federal Contract Tower,0,0,5,2,7,0,0,0,0,0,0,0,5,2,7,0,0,0,7
12/22/2010,NQA,TN,ASO,CE,Federal Contract Tower,0,0,5,11,16,0,0,6,2,8,0,0,11,13,24,4,72,76,100
12/23/2010,NQA,TN,ASO,CE,Federal Contract Tower,0,0,5,0,5,0,0,8,0,8,0,0,13,0,13,0,0,0,13
12/24/2010,NQA,TN,ASO,CE,Federal Contract Tower,0,0,0,0,0,0,0,4,0,4,0,0,4,0,4,2,0,2,6
12/25/2010,NQA,TN,ASO,CE,Federal Contract Tower,0,0,0,0,0,0,0,0,0,0,0,0,0,0,0,0,0,0,0
12/26/2010,NQA,TN,ASO,CE,Federal Contract Tower,0,0,1,0,1,0,0,2,0,2,0,0,3,0,3,16,0,16,19
12/27/2010,NQA,TN,ASO,CE,Federal Contract Tower,0,0,8,2,10,0,0,21,0,21,0,0,29,2,31,20,0,20,51
12/28/2010,NQA,TN,ASO,CE,Federal Contract Tower,0,0,8,0,8,0,0,8,0,8,0,0,16,0,16,10,0,10,26
12/29/2010,NQA,TN,ASO,CE,Federal Contract Tower,0,0,4,0,4,0,0,1,0,1,0,0,5,0,5,0,0,0,5
12/30/2010,NQA,TN,ASO,CE,Federal Contract Tower,0,0,2,0,2,0,0,1,0,1,0,0,3,0,3,2,0,2,5
12/31/2010,NQA,TN,ASO,CE,Federal Contract Tower,0,0,1,0,1,0,0,0,0,0,0,0,1,0,1,0,0,0,1
01/01/2011,NQA,TN,ASO,CE,Federal Contract Tower,0,0,1,0,1,0,0,3,0,3,0,0,4,0,4,0,0,0,4
01/02/2011,NQA,TN,ASO,CE,Federal Contract Tower,0,0,4,0,4,0,0,7,0,7,0,0,11,0,11,0,0,0,11
01/03/2011,NQA,TN,ASO,CE,Federal Contract Tower,0,0,10,2,12,0,0,25,0,25,0,0,35,2,37,20,0,20,57
01/04/2011,NQA,TN,ASO,CE,Federal Contract Tower,0,3,1,9,13,0,0,10,0,10,0,3,11,9,23,0,50,50,73
01/05/2011,NQA,TN,ASO,CE,Federal Contract Tower,0,0,5,8,13,0,0,2,0,2,0,0,7,8,15,0,58,58,73
01/06/2011,NQA,TN,ASO,CE,Federal Contract Tower,0,0,8,16,24,0,0,6,4,10,0,0,14,20,34,4,94,98,132
01/07/2011,NQA,TN,ASO,CE,Federal Contract Tower,0,0,13,8,21,0,0,4,1,5,0,0,17,9,26,8,22,30,56
01/08/2011,NQA,TN,ASO,CE,Federal Contract Tower,0,0,2,4,6,0,0,19,0,19,0,0,21,4,25,12,0,12,37
01/09/2011,NQA,TN,ASO,CE,Federal Contract Tower,0,0,4,4,8,0,0,1,0,1,0,0,5,4,9,0,0,0,9
01/10/2011,NQA,TN,ASO,CE,Federal Contract Tower,0,0,0,1,1,0,0,0,0,0,0,0,0,1,1,0,0,0,1
01/11/2011,NQA,TN,ASO,CE,Federal Contract Tower,0,0,0,5,5,0,0,8,0,8,0,0,8,5,13,0,38,38,51
01/12/2011,NQA,TN,ASO,CE,Federal Contract Tower,0,2,6,28,36,0,0,3,1,4,0,2,9,29,40,0,50,50,90
01/13/2011,NQA,TN,ASO,CE,Federal Contract Tower,0,0,7,4,11,0,0,4,2,6,0,0,11,6,17,10,42,52,69
01/14/2011,NQA,TN,ASO,CE,Federal Contract Tower,0,0,11,8,19,0,0,6,1,7,0,0,17,9,26,0,96,96,122
01/15/2011,NQA,TN,ASO,CE,Federal Contract Tower,0,6,6,2,14,0,0,19,0,19,0,6,25,2,33,18,0,18,51
01/16/2011,NQA,TN,ASO,CE,Federal Contract Tower,0,0,6,2,8,0,0,4,0,4,0,0,10,2,12,6,0,6,18
01/17/2011,NQA,TN,ASO,CE,Federal Contract Tower,0,0,2,0,2,0,0,0,0,0,0,0,2,0,2,0,0,0,2
01/18/2011,NQA,TN,ASO,CE,Federal Contract Tower,0,0,4,0,4,0,0,0,0,0,0,0,4,0,4,0,0,0,4
01/19/2011,NQA,TN,ASO,CE,Federal Contract Tower,0,0,7,2,9,0,0,1,0,1,0,0,8,2,10,0,24,24,34
01/20/2011,NQA,TN,ASO,CE,Federal Contract Tower,0,2,2,0,4,0,0,0,0,0,0,2,2,0,4,0,0,0,4
01/21/2011,NQA,TN,ASO,CE,Federal Contract Tower,0,0,7,0,7,0,0,6,0,6,0,0,13,0,13,8,0,8,21
01/22/2011,NQA,TN,ASO,CE,Federal Contract Tower,0,0,1,2,3,0,0,11,0,11,0,0,12,2,14,0,0,0,14
01/23/2011,NQA,TN,ASO,CE,Federal Contract Tower,0,0,16,4,20,0,0,4,0,4,0,0,20,4,24,8,4,12,36
01/24/2011,NQA,TN,ASO,CE,Federal Contract Tower,0,0,5,6,11,0,0,2,0,2,0,0,7,6,13,0,0,0,13
01/25/2011,NQA,TN,ASO,CE,Federal Contract Tower,0,0,2,0,2,0,0,0,0,0,0,0,2,0,2,0,0,0,2
01/26/2011,NQA,TN,ASO,CE,Federal Contract Tower,0,0,13,10,23,0,0,16,0,16,0,0,29,10,39,16,80,96,135
01/27/2011,NQA,TN,ASO,CE,Federal Contract Tower,0,0,10,8,18,0,0,9,2,11,0,0,19,10,29,6,46,52,81
01/28/2011,NQA,TN,ASO,CE,Federal Contract Tower,2,0,13,8,23,0,0,15,2,17,2,0,28,10,40,10,64,74,114
01/29/2011,NQA,TN,ASO,CE,Federal Contract Tower,0,0,5,19,24,0,0,20,2,22,0,0,25,21,46,12,146,158,204
01/30/2011,NQA,TN,ASO,CE,Federal Contract Tower,0,0,10,4,14,0,0,4,2,6,0,0,14,6,20,0,0,0,20
01/31/2011,NQA,TN,ASO,CE,Federal Contract Tower,0,0,12,20,32,0,0,2,0,2,0,0,14,20,34,0,10,10,44
02/01/2011,NQA,TN,ASO,CE,Federal Contract Tower,0,0,2,0,2,0,0,0,0,0,0,0,2,0,2,0,0,0,2
02/02/2011,NQA,TN,ASO,CE,Federal Contract Tower,0,0,2,4,6,0,0,14,2,16,0,0,16,6,22,0,56,56,78
02/03/2011,NQA,TN,ASO,CE,Federal Contract Tower,2,0,1,14,17,0,0,0,4,4,2,0,1,18,21,0,84,84,105
02/04/2011,NQA,TN,ASO,CE,Federal Contract Tower,0,0,7,6,13,0,0,2,0,2,0,0,9,6,15,4,10,14,29
02/05/2011,NQA,TN,ASO,CE,Federal Contract Tower,4,0,4,0,8,0,0,5,0,5,4,0,9,0,13,4,0,4,17
02/06/2011,NQA,TN,ASO,CE,Federal Contract Tower,0,0,6,2,8,0,0,12,1,13,0,0,18,3,21,4,28,32,53
02/07/2011,NQA,TN,ASO,CE,Federal Contract Tower,0,0,0,0,0,0,0,6,0,6,0,0,6,0,6,12,0,12,18
02/08/2011,NQA,TN,ASO,CE,Federal Contract Tower,0,0,4,11,15,0,0,8,2,10,0,0,12,13,25,20,116,136,161
02/09/2011,NQA,TN,ASO,CE,Federal Contract Tower,0,0,4,0,4,0,0,0,0,0,0,0,4,0,4,0,0,0,4
02/10/2011,NQA,TN,ASO,CE,Federal Contract Tower,0,2,1,0,3,0,0,12,0,12,0,2,13,0,15,4,0,4,19
02/11/2011,NQA,TN,ASO,CE,Federal Contract Tower,0,0,3,14,17,0,0,4,0,4,0,0,7,14,21,0,96,96,117
02/12/2011,NQA,TN,ASO,CE,Federal Contract Tower,0,0,6,13,19,0,0,32,2,34,0,0,38,15,53,54,44,98,151
02/13/2011,NQA,TN,ASO,CE,Federal Contract Tower,0,0,11,6,17,0,0,4,2,6,0,0,15,8,23,0,50,50,73
02/14/2011,NQA,TN,ASO,CE,Federal Contract Tower,0,0,2,20,22,0,0,9,5,14,0,0,11,25,36,0,168,168,204
02/15/2011,NQA,TN,ASO,CE,Federal Contract Tower,0,0,1,20,21,0,0,26,0,26,0,0,27,20,47,2,152,154,201
02/16/2011,NQA,TN,ASO,CE,Federal Contract Tower,0,0,1,18,19,0,0,9,0,9,0,0,10,18,28,12,106,118,146
02/17/2011,NQA,TN,ASO,CE,Federal Contract Tower,0,0,2,14,16,0,0,4,4,8,0,0,6,18,24,0,184,184,208
02/18/2011,NQA,TN,ASO,CE,Federal Contract Tower,0,1,10,9,20,0,0,1,3,4,0,1,11,12,24,0,68,68,92
02/19/2011,NQA,TN,ASO,CE,Federal Contract Tower,0,0,13,0,13,0,0,14,0,14,0,0,27,0,27,12,0,12,39
02/20/2011,NQA,TN,ASO,CE,Federal Contract Tower,0,1,12,6,19,0,1,4,0,5,0,2,16,6,24,0,0,0,24
02/21/2011,NQA,TN,ASO,CE,Federal Contract Tower,0,0,4,0,4,0,0,3,0,3,0,0,7,0,7,0,0,0,7
02/22/2011,NQA,TN,ASO,CE,Federal Contract Tower,0,0,4,8,12,0,2,12,0,14,0,2,16,8,26,26,32,58,84
02/23/2011,NQA,TN,ASO,CE,Federal Contract Tower,0,1,11,4,16,0,0,5,1,6,0,1,16,5,22,0,56,56,78
02/24/2011,NQA,TN,ASO,CE,Federal Contract Tower,0,0,1,5,6,0,0,0,0,0,0,0,1,5,6,0,0,0,6
02/25/2011,NQA,TN,ASO,CE,Federal Contract Tower,0,0,8,26,34,0,0,5,0,5,0,0,13,26,39,0,42,42,81
02/26/2011,NQA,TN,ASO,CE,Federal Contract Tower,0,0,5,9,14,0,0,14,3,17,0,0,19,12,31,14,0,14,45
02/27/2011,NQA,TN,ASO,CE,Federal Contract Tower,0,0,6,3,9,0,0,3,0,3,0,0,9,3,12,0,0,0,12
02/28/2011,NQA,TN,ASO,CE,Federal Contract Tower,0,0,1,0,1,0,0,2,0,2,0,0,3,0,3,0,0,0,3
03/01/2011,NQA,TN,ASO,CE,Federal Contract Tower,0,0,14,10,24,0,1,28,0,29,0,1,42,10,53,4,140,144,197
03/02/2011,NQA,TN,ASO,CE,Federal Contract Tower,0,0,3,9,12,0,0,10,3,13,0,0,13,12,25,0,178,178,203
03/03/2011,NQA,TN,ASO,CE,Federal Contract Tower,0,0,10,6,16,0,0,11,0,11,0,0,21,6,27,6,82,88,115
03/04/2011,NQA,TN,ASO,CE,Federal Contract Tower,0,4,8,4,16,0,0,5,0,5,0,4,13,4,21,0,14,14,35
03/05/2011,NQA,TN,ASO,CE,Federal Contract Tower,0,0,0,0,0,0,0,0,0,0,0,0,0,0,0,0,0,0,0
03/06/2011,NQA,TN,ASO,CE,Federal Contract Tower,0,0,5,0,5,0,0,7,0,7,0,0,12,0,12,12,0,12,24
03/07/2011,NQA,TN,ASO,CE,Federal Contract Tower,0,0,2,8,10,0,0,19,3,22,0,0,21,11,32,50,30,80,112
03/08/2011,NQA,TN,ASO,CE,Federal Contract Tower,0,1,6,7,14,0,0,0,0,0,0,1,6,7,14,0,72,72,86
03/09/2011,NQA,TN,ASO,CE,Federal Contract Tower,0,0,6,3,9,0,0,5,0,5,0,0,11,3,14,10,0,10,24
03/10/2011,NQA,TN,ASO,CE,Federal Contract Tower,0,0,11,6,17,0,0,10,1,11,0,0,21,7,28,12,22,34,62
03/11/2011,NQA,TN,ASO,CE,Federal Contract Tower,0,0,13,10,23,0,0,26,0,26,0,0,39,10,49,8,82,90,139
03/12/2011,NQA,TN,ASO,CE,Federal Contract Tower,0,0,3,2,5,0,0,26,0,26,0,0,29,2,31,22,0,22,53
03/13/2011,NQA,TN,ASO,CE,Federal Contract Tower,0,0,1,3,4,0,0,24,0,24,0,0,25,3,28,12,0,12,40
03/14/2011,NQA,TN,ASO,CE,Federal Contract Tower,0,0,0,0,0,0,0,0,0,0,0,0,0,0,0,0,0,0,0
03/15/2011,NQA,TN,ASO,CE,Federal Contract Tower,0,0,11,0,11,0,0,0,0,0,0,0,11,0,11,4,0,4,15
03/16/2011,NQA,TN,ASO,CE,Federal Contract Tower,0,0,8,10,18,0,0,9,2,11,0,0,17,12,29,0,48,48,77
03/17/2011,NQA,TN,ASO,CE,Federal Contract Tower,0,0,4,2,6,0,0,13,0,13,0,0,17,2,19,10,20,30,49
03/18/2011,NQA,TN,ASO,CE,Federal Contract Tower,0,0,13,17,30,0,0,4,4,8,0,0,17,21,38,0,158,158,196
03/19/2011,NQA,TN,ASO,CE,Federal Contract Tower,0,0,3,4,7,0,0,6,0,6,0,0,9,4,13,4,0,4,17
03/20/2011,NQA,TN,ASO,CE,Federal Contract Tower,0,0,8,1,9,0,0,15,0,15,0,0,23,1,24,18,0,18,42
03/21/2011,NQA,TN,ASO,CE,Federal Contract Tower,0,2,12,16,30,0,0,4,1,5,0,2,16,17,35,16,82,98,133
03/22/2011,NQA,TN,ASO,CE,Federal Contract Tower,0,0,2,21,23,0,0,0,11,11,0,0,2,32,34,0,250,250,284
03/23/2011,NQA,TN,ASO,CE,Federal Contract Tower,0,0,1,10,11,0,0,0,5,5,0,0,1,15,16,0,106,106,122
03/24/2011,NQA,TN,ASO,CE,Federal Contract Tower,0,0,9,8,17,0,0,21,2,23,0,0,30,10,40,4,68,72,112
03/25/2011,NQA,TN,ASO,CE,Federal Contract Tower,0,0,11,7,18,0,0,9,2,11,0,0,20,9,29,0,70,70,99
03/26/2011,NQA,TN,ASO,CE,Federal Contract Tower,0,0,1,1,2,0,0,0,0,0,0,0,1,1,2,0,0,0,2
03/27/2011,NQA,TN,ASO,CE,Federal Contract Tower,0,2,6,0,8,0,0,0,0,0,0,2,6,0,8,0,0,0,8
03/28/2011,NQA,TN,ASO,CE,Federal Contract Tower,0,0,11,16,27,0,0,4,2,6,0,0,15,18,33,2,194,196,229
03/29/2011,NQA,TN,ASO,CE,Federal Contract Tower,0,2,2,9,13,0,0,1,0,1,0,2,3,9,14,0,116,116,130
03/30/2011,NQA,TN,ASO,CE,Federal Contract Tower,0,0,3,8,11,0,0,0,2,2,0,0,3,10,13,0,46,46,59
03/31/2011,NQA,TN,ASO,CE,Federal Contract Tower,0,0,3,16,19,0,2,8,0,10,0,2,11,16,29,10,100,110,139
04/01/2011,NQA,TN,ASO,CE,Federal Contract Tower,0,0,8,10,18,0,0,9,2,11,0,0,17,12,29,0,40,40,69
04/02/2011,NQA,TN,ASO,CE,Federal Contract Tower,0,1,5,0,6,0,0,17,0,17,0,1,22,0,23,0,0,0,23
04/03/2011,NQA,TN,ASO,CE,Federal Contract Tower,0,0,10,3,13,0,0,4,0,4,0,0,14,3,17,6,0,6,23
04/04/2011,NQA,TN,ASO,CE,Federal Contract Tower,0,2,2,0,4,0,0,0,0,0,0,2,2,0,4,0,0,0,4
04/05/2011,NQA,TN,ASO,CE,Federal Contract Tower,0,0,3,5,8,0,2,13,2,17,0,2,16,7,25,4,36,40,65
04/06/2011,NQA,TN,ASO,CE,Federal Contract Tower,0,0,6,4,10,0,0,14,0,14,0,0,20,4,24,14,14,28,52
04/07/2011,NQA,TN,ASO,CE,Federal Contract Tower,0,0,5,8,13,0,0,1,4,5,0,0,6,12,18,0,74,74,92
04/08/2011,NQA,TN,ASO,CE,Federal Contract Tower,0,0,7,10,17,0,0,18,2,20,0,0,25,12,37,58,0,58,95
04/09/2011,NQA,TN,ASO,CE,Federal Contract Tower,0,0,2,0,2,0,0,13,0,13,0,0,15,0,15,12,0,12,27
04/10/2011,NQA,TN,ASO,CE,Federal Contract Tower,0,0,8,0,8,0,0,14,0,14,0,0,22,0,22,4,0,4,26
04/11/2011,NQA,TN,ASO,CE,Federal Contract Tower,0,0,3,0,3,0,0,1,0,1,0,0,4,0,4,0,0,0,4
04/12/2011,NQA,TN,ASO,CE,Federal Contract Tower,0,1,3,5,9,0,0,11,0,11,0,1,14,5,20,16,32,48,68
04/13/2011,NQA,TN,ASO,CE,Federal Contract Tower,0,0,10,2,12,0,0,21,0,21,0,0,31,2,33,8,42,50,83
04/14/2011,NQA,TN,ASO,CE,Federal Contract Tower,0,0,6,7,13,0,0,8,2,10,0,0,14,9,23,2,62,64,87
04/15/2011,NQA,TN,ASO,CE,Federal Contract Tower,0,0,5,3,8,0,0,6,0,6,0,0,11,3,14,18,0,18,32
04/16/2011,NQA,TN,ASO,CE,Federal Contract Tower,0,0,0,3,3,0,0,4,0,4,0,0,4,3,7,2,0,2,9
04/17/2011,NQA,TN,ASO,CE,Federal Contract Tower,0,0,6,2,8,0,0,15,0,15,0,0,21,2,23,4,2,6,29
04/18/2011,NQA,TN,ASO,CE,Federal Contract Tower,0,0,1,4,5,0,0,0,0,0,0,0,1,4,5,0,30,30,35
04/19/2011,NQA,TN,ASO,CE,Federal Contract Tower,0,0,3,3,6,0,0,1,0,1,0,0,4,3,7,0,14,14,21
04/20/2011,NQA,TN,ASO,CE,Federal Contract Tower,0,0,3,0,3,0,0,10,0,10,0,0,13,0,13,14,0,14,27
04/21/2011,NQA,TN,ASO,CE,Federal Contract Tower,0,0,5,0,5,0,0,4,0,4,0,0,9,0,9,0,0,0,9
04/22/2011,NQA,TN,ASO,CE,Federal Contract Tower,0,0,11,0,11,0,2,3,0,5,0,2,14,0,16,0,0,0,16
04/23/2011,NQA,TN,ASO,CE,Federal Contract Tower,0,0,4,0,4,0,0,3,0,3,0,0,7,0,7,0,0,0,7
04/24/2011,NQA,TN,ASO,CE,Federal Contract Tower,0,0,3,0,3,0,0,4,0,4,0,0,7,0,7,16,0,16,23
04/25/2011,NQA,TN,ASO,CE,Federal Contract Tower,0,0,7,2,9,0,0,4,0,4,0,0,11,2,13,6,0,6,19
04/26/2011,NQA,TN,ASO,CE,Federal Contract Tower,0,5,0,0,5,0,0,4,0,4,0,5,4,0,9,0,0,0,9
04/27/2011,NQA,TN,ASO,CE,Federal Contract Tower,0,0,8,0,8,0,0,1,0,1,0,0,9,0,9,6,0,6,15
04/28/2011,NQA,TN,ASO,CE,Federal Contract Tower,0,2,6,9,17,0,0,19,1,20,0,2,25,10,37,36,34,70,107
04/29/2011,NQA,TN,ASO,CE,Federal Contract Tower,0,2,9,7,18,0,0,39,4,43,0,2,48,11,61,2,76,78,139
04/30/2011,NQA,TN,ASO,CE,Federal Contract Tower,0,0,5,2,7,0,0,13,0,13,0,0,18,2,20,0,20,20,40
05/01/2011,NQA,TN,ASO,CE,Federal Contract Tower,0,0,5,0,5,0,0,0,0,0,0,0,5,0,5,0,0,0,5
05/02/2011,NQA,TN,ASO,CE,Federal Contract Tower,0,0,5,0,5,0,0,0,0,0,0,0,5,0,5,0,0,0,5
05/03/2011,NQA,TN,ASO,CE,Federal Contract Tower,0,0,1,13,14,0,0,32,12,44,0,0,33,25,58,0,100,100,158
05/04/2011,NQA,TN,ASO,CE,Federal Contract Tower,0,0,3,6,9,0,0,36,1,37,0,0,39,7,46,60,32,92,138
05/05/2011,NQA,TN,ASO,CE,Federal Contract Tower,0,0,3,7,10,0,2,27,0,29,0,2,30,7,39,2,130,132,171
05/06/2011,NQA,TN,ASO,CE,Federal Contract Tower,0,7,8,10,25,0,6,41,1,48,0,13,49,11,73,0,54,54,127
05/07/2011,NQA,TN,ASO,CE,Federal Contract Tower,0,0,1,4,5,0,4,15,0,19,0,4,16,4,24,0,0,0,24
05/08/2011,NQA,TN,ASO,CE,Federal Contract Tower,0,0,12,0,12,0,8,8,0,16,0,8,20,0,28,0,0,0,28
05/09/2011,NQA,TN,ASO,CE,Federal Contract Tower,0,4,7,10,21,0,4,28,2,34,0,8,35,12,55,50,112,162,217
05/10/2011,NQA,TN,ASO,CE,Federal Contract Tower,0,0,4,9,13,0,0,30,3,33,0,0,34,12,46,8,96,104,150
05/11/2011,NQA,TN,ASO,CE,Federal Contract Tower,0,0,4,1,5,0,2,21,0,23,0,2,25,1,28,4,0,4,32
05/12/2011,NQA,TN,ASO,CE,Federal Contract Tower,0,0,5,3,8,0,0,15,0,15,0,0,20,3,23,4,56,60,83
05/13/2011,NQA,TN,ASO,CE,Federal Contract Tower,4,0,10,4,18,0,2,12,0,14,4,2,22,4,32,0,8,8,40
05/14/2011,NQA,TN,ASO,CE,Federal Contract Tower,0,0,8,0,8,0,2,8,0,10,0,2,16,0,18,12,0,12,30
05/15/2011,NQA,TN,ASO,CE,Federal Contract Tower,0,0,7,6,13,0,4,11,0,15,0,4,18,6,28,0,0,0,28
05/16/2011,NQA,TN,ASO,CE,Federal Contract Tower,0,0,1,0,1,0,2,3,0,5,0,2,4,0,6,0,0,0,6
05/17/2011,NQA,TN,ASO,CE,Federal Contract Tower,0,0,12,6,18,0,0,23,1,24,0,0,35,7,42,10,118,128,170
05/18/2011,NQA,TN,ASO,CE,Federal Contract Tower,0,1,8,8,17,0,0,30,2,32,0,1,38,10,49,14,132,146,195
05/19/2011,NQA,TN,ASO,CE,Federal Contract Tower,0,0,9,5,14,0,0,13,3,16,0,0,22,8,30,6,106,112,142
05/20/2011,NQA,TN,ASO,CE,Federal Contract Tower,0,0,7,12,19,0,0,7,4,11,0,0,14,16,30,0,114,114,144
05/21/2011,NQA,TN,ASO,CE,Federal Contract Tower,0,0,5,2,7,0,0,14,0,14,0,0,19,2,21,0,0,0,21
05/22/2011,NQA,TN,ASO,CE,Federal Contract Tower,0,0,5,0,5,0,0,2,0,2,0,0,7,0,7,0,0,0,7
05/23/2011,NQA,TN,ASO,CE,Federal Contract Tower,0,0,5,0,5,0,0,3,0,3,0,0,8,0,8,0,0,0,8
05/24/2011,NQA,TN,ASO,CE,Federal Contract Tower,0,0,3,2,5,0,0,9,0,9,0,0,12,2,14,0,0,0,14
05/25/2011,NQA,TN,ASO,CE,Federal Contract Tower,0,0,1,2,3,0,0,3,0,3,0,0,4,2,6,0,0,0,6
05/26/2011,NQA,TN,ASO,CE,Federal Contract Tower,0,0,11,12,23,0,0,1,6,7,0,0,12,18,30,0,86,86,116
05/27/2011,NQA,TN,ASO,CE,Federal Contract Tower,0,2,8,7,17,0,2,8,0,10,0,4,16,7,27,0,68,68,95
05/28/2011,NQA,TN,ASO,CE,Federal Contract Tower,0,0,5,2,7,0,0,11,0,11,0,0,16,2,18,6,0,6,24
05/29/2011,NQA,TN,ASO,CE,Federal Contract Tower,0,0,2,0,2,0,0,15,0,15,0,0,17,0,17,6,0,6,23
05/30/2011,NQA,TN,ASO,CE,Federal Contract Tower,0,0,5,1,6,0,0,6,0,6,0,0,11,1,12,0,0,0,12
05/31/2011,NQA,TN,ASO,CE,Federal Contract Tower,0,0,11,6,17,0,0,12,0,12,0,0,23,6,29,6,78,84,113
06/01/2011,NQA,TN,ASO,CE,Federal Contract Tower,0,0,1,5,6,0,0,12,6,18,0,0,13,11,24,8,128,136,160
06/02/2011,NQA,TN,ASO,CE,Federal Contract Tower,0,0,4,6,10,0,0,10,0,10,0,0,14,6,20,12,148,160,180
06/03/2011,NQA,TN,ASO,CE,Federal Contract Tower,0,0,4,23,27,0,0,15,0,15,0,0,19,23,42,28,86,114,156
06/04/2011,NQA,TN,ASO,CE,Federal Contract Tower,0,0,2,3,5,0,0,8,0,8,0,0,10,3,13,0,0,0,13
06/05/2011,NQA,TN,ASO,CE,Federal Contract Tower,0,0,1,5,6,0,0,9,0,9,0,0,10,5,15,6,0,6,21
06/06/2011,NQA,TN,ASO,CE,Federal Contract Tower,0,0,2,10,12,0,0,15,3,18,0,0,17,13,30,0,98,98,128
06/07/2011,NQA,TN,ASO,CE,Federal Contract Tower,0,0,4,7,11,0,0,10,2,12,0,0,14,9,23,24,106,130,153
06/08/2011,NQA,TN,ASO,CE,Federal Contract Tower,0,0,16,8,24,0,0,7,5,12,0,0,23,13,36,0,64,64,100
06/09/2011,NQA,TN,ASO,CE,Federal Contract Tower,0,0,5,1,6,0,0,5,0,5,0,0,10,1,11,20,2,22,33
06/10/2011,NQA,TN,ASO,CE,Federal Contract Tower,0,0,2,2,4,0,0,10,2,12,0,0,12,4,16,0,50,50,66
06/11/2011,NQA,TN,ASO,CE,Federal Contract Tower,0,0,5,6,11,0,0,5,0,5,0,0,10,6,16,12,2,14,30
06/12/2011,NQA,TN,ASO,CE,Federal Contract Tower,0,0,7,0,7,0,0,6,0,6,0,0,13,0,13,4,0,4,17
06/13/2011,NQA,TN,ASO,CE,Federal Contract Tower,0,0,3,6,9,0,0,11,2,13,0,0,14,8,22,0,70,70,92
06/14/2011,NQA,TN,ASO,CE,Federal Contract Tower,0,0,3,7,10,0,0,8,2,10,0,0,11,9,20,0,86,86,106
06/15/2011,NQA,TN,ASO,CE,Federal Contract Tower,0,0,5,15,20,0,4,9,3,16,0,4,14,18,36,22,102,124,160
06/16/2011,NQA,TN,ASO,CE,Federal Contract Tower,0,0,5,13,18,0,0,13,3,16,0,0,18,16,34,6,52,58,92
06/17/2011,NQA,TN,ASO,CE,Federal Contract Tower,0,0,3,3,6,0,0,0,0,0,0,0,3,3,6,0,0,0,6
06/18/2011,NQA,TN,ASO,CE,Federal Contract Tower,0,0,4,0,4,0,0,7,1,8,0,0,11,1,12,8,0,8,20
06/19/2011,NQA,TN,ASO,CE,Federal Contract Tower,0,0,5,10,15,0,0,10,0,10,0,0,15,10,25,18,10,28,53
06/20/2011,NQA,TN,ASO,CE,Federal Contract Tower,0,0,7,7,14,0,0,3,8,11,0,0,10,15,25,0,76,76,101
06/21/2011,NQA,TN,ASO,CE,Federal Contract Tower,4,0,7,3,14,0,0,0,0,0,4,0,7,3,14,14,0,14,28
06/22/2011,NQA,TN,ASO,CE,Federal Contract Tower,0,0,5,41,46,0,0,0,3,3,0,0,5,44,49,0,138,138,187
06/23/2011,NQA,TN,ASO,CE,Federal Contract Tower,0,2,2,5,9,0,0,8,3,11,0,2,10,8,20,20,74,94,114
06/24/2011,NQA,TN,ASO,CE,Federal Contract Tower,0,0,3,10,13,0,0,6,0,6,0,0,9,10,19,6,36,42,61
06/25/2011,NQA,TN,ASO,CE,Federal Contract Tower,0,0,6,0,6,0,0,18,0,18,0,0,24,0,24,14,0,14,38
06/26/2011,NQA,TN,ASO,CE,Federal Contract Tower,0,0,1,2,3,0,0,12,0,12,0,0,13,2,15,18,0,18,33
06/27/2011,NQA,TN,ASO,CE,Federal Contract Tower,0,0,5,15,20,0,0,9,5,14,0,0,14,20,34,2,128,130,164
06/28/2011,NQA,TN,ASO,CE,Federal Contract Tower,0,0,4,6,10,0,0,3,0,3,0,0,7,6,13,0,0,0,13
06/29/2011,NQA,TN,ASO,CE,Federal Contract Tower,0,0,11,0,11,0,0,9,0,9,0,0,20,0,20,16,0,16,36
06/30/2011,NQA,TN,ASO,CE,Federal Contract Tower,0,2,2,4,8,0,0,8,0,8,0,2,10,4,16,0,0,0,16
07/01/2011,NQA,TN,ASO,CE,Federal Contract Tower,0,0,4,7,11,0,0,5,0,5,0,0,9,7,16,6,0,6,22
07/02/2011,NQA,TN,ASO,CE,Federal Contract Tower,0,2,4,0,6,0,0,12,0,12,0,2,16,0,18,0,0,0,18
07/03/2011,NQA,TN,ASO,CE,Federal Contract Tower,0,2,5,0,7,0,0,2,0,2,0,2,7,0,9,0,0,0,9
07/04/2011,NQA,TN,ASO,CE,Federal Contract Tower,0,2,0,0,2,0,0,9,0,9,0,2,9,0,11,0,0,0,11
07/05/2011,NQA,TN,ASO,CE,Federal Contract Tower,0,0,3,2,5,0,0,4,0,4,0,0,7,2,9,0,0,0,9
07/06/2011,NQA,TN,ASO,CE,Federal Contract Tower,0,2,4,4,10,0,0,7,0,7,0,2,11,4,17,0,14,14,31
07/07/2011,NQA,TN,ASO,CE,Federal Contract Tower,0,0,6,4,10,0,0,9,1,10,0,0,15,5,20,0,2,2,22
07/08/2011,NQA,TN,ASO,CE,Federal Contract Tower,0,0,7,21,28,0,0,11,0,11,0,0,18,21,39,12,6,18,57
07/09/2011,NQA,TN,ASO,CE,Federal Contract Tower,0,0,1,6,7,0,0,7,0,7,0,0,8,6,14,6,6,12,26
07/10/2011,NQA,TN,ASO,CE,Federal Contract Tower,0,0,1,12,13,0,0,8,0,8,0,0,9,12,21,2,0,2,23
07/11/2011,NQA,TN,ASO,CE,Federal Contract Tower,0,2,3,6,11,0,0,8,0,8,0,2,11,6,19,12,104,116,135
07/12/2011,NQA,TN,ASO,CE,Federal Contract Tower,0,0,5,4,9,0,0,7,9,16,0,0,12,13,25,22,76,98,123
07/13/2011,NQA,TN,ASO,CE,Federal Contract Tower,0,0,4,8,12,0,1,10,0,11,0,1,14,8,23,0,28,28,51
07/14/2011,NQA,TN,ASO,CE,Federal Contract Tower,0,0,3,12,15,0,0,7,0,7,0,0,10,12,22,10,100,110,132
07/15/2011,NQA,TN,ASO,CE,Federal Contract Tower,0,2,9,10,21,0,0,6,0,6,0,2,15,10,27,0,102,102,129
07/16/2011,NQA,TN,ASO,CE,Federal Contract Tower,0,0,1,6,7,0,0,9,0,9,0,0,10,6,16,14,18,32,48
07/17/2011,NQA,TN,ASO,CE,Federal Contract Tower,0,0,2,2,4,0,0,11,0,11,0,0,13,2,15,14,2,16,31
07/18/2011,NQA,TN,ASO,CE,Federal Contract Tower,0,0,3,9,12,0,0,4,0,4,0,0,7,9,16,0,28,28,44
07/19/2011,NQA,TN,ASO,CE,Federal Contract Tower,0,0,3,11,14,0,0,4,3,7,0,0,7,14,21,0,56,56,77
07/20/2011,NQA,TN,ASO,CE,Federal Contract Tower,0,2,6,7,15,0,0,7,2,9,0,2,13,9,24,0,42,42,66
07/21/2011,NQA,TN,ASO,CE,Federal Contract Tower,0,2,4,13,19,0,0,8,2,10,0,2,12,15,29,0,110,110,139
07/22/2011,NQA,TN,ASO,CE,Federal Contract Tower,0,4,6,14,24,0,0,17,8,25,0,4,23,22,49,0,112,112,161
07/23/2011,NQA,TN,ASO,CE,Federal Contract Tower,0,0,6,0,6,0,0,14,0,14,0,0,20,0,20,14,0,14,34
07/24/2011,NQA,TN,ASO,CE,Federal Contract Tower,0,0,5,9,14,0,0,11,0,11,0,0,16,9,25,6,16,22,47
07/25/2011,NQA,TN,ASO,CE,Federal Contract Tower,0,0,6,13,19,0,0,13,2,15,0,0,19,15,34,0,78,78,112
07/26/2011,NQA,TN,ASO,CE,Federal Contract Tower,0,0,5,16,21,0,0,4,8,12,0,0,9,24,33,0,140,140,173
07/27/2011,NQA,TN,ASO,CE,Federal Contract Tower,0,0,8,10,18,0,0,9,0,9,0,0,17,10,27,10,14,24,51
07/28/2011,NQA,TN,ASO,CE,Federal Contract Tower,0,0,9,8,17,0,0,10,4,14,0,0,19,12,31,0,40,40,71
07/29/2011,NQA,TN,ASO,CE,Federal Contract Tower,0,0,9,6,15,0,0,9,1,10,0,0,18,7,25,8,0,8,33
07/30/2011,NQA,TN,ASO,CE,Federal Contract Tower,0,0,0,0,0,0,0,7,0,7,0,0,7,0,7,6,0,6,13
07/31/2011,NQA,TN,ASO,CE,Federal Contract Tower,0,0,4,0,4,0,0,4,0,4,0,0,8,0,8,2,0,2,10
08/01/2011,NQA,TN,ASO,CE,Federal Contract Tower,0,0,2,6,8,0,0,5,4,9,0,0,7,10,17,0,106,106,123
08/02/2011,NQA,TN,ASO,CE,Federal Contract Tower,0,0,2,4,6,0,0,6,8,14,0,0,8,12,20,0,70,70,90
08/03/2011,NQA,TN,ASO,CE,Federal Contract Tower,0,0,7,4,11,0,0,7,2,9,0,0,14,6,20,0,38,38,58
08/04/2011,NQA,TN,ASO,CE,Federal Contract Tower,0,0,5,3,8,0,2,11,1,14,0,2,16,4,22,4,40,44,66
08/05/2011,NQA,TN,ASO,CE,Federal Contract Tower,0,0,6,6,12,0,0,6,2,8,0,0,12,8,20,4,0,4,24
08/06/2011,NQA,TN,ASO,CE,Federal Contract Tower,0,0,0,4,4,0,0,55,0,55,0,0,55,4,59,44,0,44,103
08/07/2011,NQA,TN,ASO,CE,Federal Contract Tower,0,0,9,2,11,0,0,39,0,39,0,0,48,2,50,50,0,50,100
08/08/2011,NQA,TN,ASO,CE,Federal Contract Tower,0,0,5,2,7,0,0,2,8,10,0,0,7,10,17,0,30,30,47
08/09/2011,NQA,TN,ASO,CE,Federal Contract Tower,0,0,0,0,0,0,0,0,0,0,0,0,0,0,0,0,0,0,0
08/10/2011,NQA,TN,ASO,CE,Federal Contract Tower,0,0,4,4,8,0,0,6,0,6,0,0,10,4,14,4,68,72,86
08/11/2011,NQA,TN,ASO,CE,Federal Contract Tower,0,0,3,4,7,0,0,8,0,8,0,0,11,4,15,0,26,26,41
08/12/2011,NQA,TN,ASO,CE,Federal Contract Tower,0,0,11,14,25,0,0,11,0,11,0,0,22,14,36,58,0,58,94
08/13/2011,NQA,TN,ASO,CE,Federal Contract Tower,0,0,7,3,10,0,0,19,0,19,0,0,26,3,29,18,0,18,47
08/14/2011,NQA,TN,ASO,CE,Federal Contract Tower,0,0,6,4,10,0,0,14,0,14,0,0,20,4,24,2,8,10,34
08/15/2011,NQA,TN,ASO,CE,Federal Contract Tower,0,0,3,6,9,0,0,9,5,14,0,0,12,11,23,20,86,106,129
08/16/2011,NQA,TN,ASO,CE,Federal Contract Tower,0,0,0,8,8,0,0,9,2,11,0,0,9,10,19,0,92,92,111
08/17/2011,NQA,TN,ASO,CE,Federal Contract Tower,0,0,0,0,0,0,0,20,2,22,0,0,20,2,22,0,0,0,22
08/18/2011,NQA,TN,ASO,CE,Federal Contract Tower,0,0,7,4,11,0,0,14,0,14,0,0,21,4,25,0,0,0,25
08/19/2011,NQA,TN,ASO,CE,Federal Contract Tower,0,0,11,1,12,0,2,11,6,19,0,2,22,7,31,6,0,6,37
08/20/2011,NQA,TN,ASO,CE,Federal Contract Tower,0,0,4,9,13,0,0,16,0,16,0,0,20,9,29,18,8,26,55
08/21/2011,NQA,TN,ASO,CE,Federal Contract Tower,0,2,4,1,7,0,0,8,2,10,0,2,12,3,17,32,0,32,49
08/22/2011,NQA,TN,ASO,CE,Federal Contract Tower,0,2,9,16,27,0,0,9,0,9,0,2,18,16,36,0,102,102,138
08/23/2011,NQA,TN,ASO,CE,Federal Contract Tower,0,0,8,8,16,0,0,7,7,14,0,0,15,15,30,0,62,62,92
08/24/2011,NQA,TN,ASO,CE,Federal Contract Tower,0,0,5,4,9,0,0,13,0,13,0,0,18,4,22,28,0,28,50
08/25/2011,NQA,TN,ASO,CE,Federal Contract Tower,0,0,8,4,12,0,0,14,0,14,0,0,22,4,26,0,0,0,26
08/26/2011,NQA,TN,ASO,CE,Federal Contract Tower,0,3,8,10,21,0,0,14,0,14,0,3,22,10,35,18,70,88,123
08/27/2011,NQA,TN,ASO,CE,Federal Contract Tower,0,0,11,2,13,0,0,14,1,15,0,0,25,3,28,10,0,10,38
08/28/2011,NQA,TN,ASO,CE,Federal Contract Tower,0,0,8,2,10,0,0,19,0,19,0,0,27,2,29,16,0,16,45
08/29/2011,NQA,TN,ASO,CE,Federal Contract Tower,0,0,4,7,11,0,0,6,0,6,0,0,10,7,17,8,62,70,87
08/30/2011,NQA,TN,ASO,CE,Federal Contract Tower,0,0,5,7,12,0,0,15,5,20,0,0,20,12,32,0,68,68,100
08/31/2011,NQA,TN,ASO,CE,Federal Contract Tower,0,0,4,0,4,0,0,14,0,14,0,0,18,0,18,52,0,52,70
09/01/2011,NQA,TN,ASO,CE,Federal Contract Tower,0,0,2,6,8,0,0,4,0,4,0,0,6,6,12,0,70,70,82
09/02/2011,NQA,TN,ASO,CE,Federal Contract Tower,0,0,9,4,13,0,0,14,0,14,0,0,23,4,27,6,70,76,103
09/03/2011,NQA,TN,ASO,CE,Federal Contract Tower,0,0,1,0,1,0,0,8,2,10,0,0,9,2,11,0,0,0,11
09/04/2011,NQA,TN,ASO,CE,Federal Contract Tower,0,0,1,0,1,0,0,6,0,6,0,0,7,0,7,12,0,12,19
09/05/2011,NQA,TN,ASO,CE,Federal Contract Tower,0,0,3,0,3,0,0,9,0,9,0,0,12,0,12,10,0,10,22
09/06/2011,NQA,TN,ASO,CE,Federal Contract Tower,0,0,6,6,12,0,0,4,0,4,0,0,10,6,16,0,66,66,82
09/07/2011,NQA,TN,ASO,CE,Federal Contract Tower,0,0,6,8,14,0,0,21,5,26,0,0,27,13,40,8,90,98,138
09/08/2011,NQA,TN,ASO,CE,Federal Contract Tower,0,0,9,2,11,0,0,17,0,17,0,0,26,2,28,10,0,10,38
09/09/2011,NQA,TN,ASO,CE,Federal Contract Tower,0,0,13,13,26,0,0,10,0,10,0,0,23,13,36,24,96,120,156
09/10/2011,NQA,TN,ASO,CE,Federal Contract Tower,0,1,6,2,9,0,0,4,0,4,0,1,10,2,13,0,0,0,13
09/11/2011,NQA,TN,ASO,CE,Federal Contract Tower,0,0,3,2,5,0,0,12,0,12,0,0,15,2,17,0,0,0,17
09/12/2011,NQA,TN,ASO,CE,Federal Contract Tower,0,0,4,7,11,0,0,21,1,22,0,0,25,8,33,8,52,60,93
09/13/2011,NQA,TN,ASO,CE,Federal Contract Tower,0,0,4,6,10,0,2,9,2,13,0,2,13,8,23,0,4,4,27
09/14/2011,NQA,TN,ASO,CE,Federal Contract Tower,0,0,6,11,17,0,0,33,1,34,0,0,39,12,51,10,0,10,61
09/15/2011,NQA,TN,ASO,CE,Federal Contract Tower,0,0,10,10,20,0,2,41,3,46,0,2,51,13,66,8,42,50,116
09/16/2011,NQA,TN,ASO,CE,Federal Contract Tower,1,3,4,20,28,0,1,51,14,66,1,4,55,34,94,20,28,48,142
09/17/2011,NQA,TN,ASO,CE,Federal Contract Tower,0,0,0,2,2,0,2,32,0,34,0,2,32,2,36,78,0,78,114
09/18/2011,NQA,TN,ASO,CE,Federal Contract Tower,2,0,5,15,22,0,1,46,3,50,2,1,51,18,72,52,0,52,124
09/19/2011,NQA,TN,ASO,CE,Federal Contract Tower,0,0,2,19,21,0,0,4,3,7,0,0,6,22,28,0,0,0,28
09/20/2011,NQA,TN,ASO,CE,Federal Contract Tower,0,2,13,8,23,0,0,14,1,15,0,2,27,9,38,10,4,14,52
09/21/2011,NQA,TN,ASO,CE,Federal Contract Tower,0,0,7,0,7,0,2,11,0,13,0,2,18,0,20,10,0,10,30
09/22/2011,NQA,TN,ASO,CE,Federal Contract Tower,0,0,5,12,17,0,0,8,1,9,0,0,13,13,26,4,44,48,74
09/23/2011,NQA,TN,ASO,CE,Federal Contract Tower,0,0,6,4,10,0,0,8,0,8,0,0,14,4,18,0,28,28,46
09/24/2011,NQA,TN,ASO,CE,Federal Contract Tower,0,0,5,0,5,0,0,16,2,18,0,0,21,2,23,36,4,40,63
09/25/2011,NQA,TN,ASO,CE,Federal Contract Tower,0,0,2,0,2,0,0,2,0,2,0,0,4,0,4,0,0,0,4
09/26/2011,NQA,TN,ASO,CE,Federal Contract Tower,0,0,3,15,18,0,2,8,2,12,0,2,11,17,30,12,124,136,166
09/27/2011,NQA,TN,ASO,CE,Federal Contract Tower,0,0,5,15,20,0,0,4,4,8,0,0,9,19,28,0,222,222,250
09/28/2011,NQA,TN,ASO,CE,Federal Contract Tower,0,0,12,11,23,0,0,6,5,11,0,0,18,16,34,20,60,80,114
09/29/2011,NQA,TN,ASO,CE,Federal Contract Tower,0,0,3,14,17,0,0,10,4,14,0,0,13,18,31,4,70,74,105
09/30/2011,NQA,TN,ASO,CE,Federal Contract Tower,0,0,11,9,20,0,0,23,0,23,0,0,34,9,43,12,86,98,141
10/01/2011,NQA,TN,ASO,CE,Federal Contract Tower,0,0,3,0,3,0,0,13,4,17,0,0,16,4,20,0,0,0,20
10/02/2011,NQA,TN,ASO,CE,Federal Contract Tower,0,0,12,3,15,0,0,15,0,15,0,0,27,3,30,10,0,10,40
10/03/2011,NQA,TN,ASO,CE,Federal Contract Tower,0,0,4,19,23,0,0,10,0,10,0,0,14,19,33,10,72,82,115
10/04/2011,NQA,TN,ASO,CE,Federal Contract Tower,0,0,6,8,14,0,0,15,2,17,0,0,21,10,31,0,32,32,63
10/05/2011,NQA,TN,ASO,CE,Federal Contract Tower,0,0,7,15,22,0,0,28,5,33,0,0,35,20,55,26,64,90,145
10/06/2011,NQA,TN,ASO,CE,Federal Contract Tower,0,2,7,4,13,0,0,24,3,27,0,2,31,7,40,0,64,64,104
10/07/2011,NQA,TN,ASO,CE,Federal Contract Tower,1,0,7,9,17,0,0,15,2,17,1,0,22,11,34,0,38,38,72
10/08/2011,NQA,TN,ASO,CE,Federal Contract Tower,1,2,2,1,6,0,0,9,0,9,1,2,11,1,15,0,0,0,15
10/09/2011,NQA,TN,ASO,CE,Federal Contract Tower,0,0,9,2,11,0,0,10,0,10,0,0,19,2,21,2,0,2,23
10/10/2011,NQA,TN,ASO,CE,Federal Contract Tower,0,0,1,0,1,0,0,6,0,6,0,0,7,0,7,0,0,0,7
10/11/2011,NQA,TN,ASO,CE,Federal Contract Tower,0,0,8,10,18,0,0,9,0,9,0,0,17,10,27,10,126,136,163
10/12/2011,NQA,TN,ASO,CE,Federal Contract Tower,0,0,11,8,19,0,0,4,2,6,0,0,15,10,25,0,64,64,89
10/13/2011,NQA,TN,ASO,CE,Federal Contract Tower,0,0,6,7,13,0,0,6,1,7,0,0,12,8,20,0,60,60,80
10/14/2011,NQA,TN,ASO,CE,Federal Contract Tower,0,0,10,9,19,0,0,17,3,20,0,0,27,12,39,2,82,84,123
10/15/2011,NQA,TN,ASO,CE,Federal Contract Tower,0,0,12,16,28,0,0,30,0,30,0,0,42,16,58,16,0,16,74
10/16/2011,NQA,TN,ASO,CE,Federal Contract Tower,0,0,6,0,6,0,0,13,0,13,0,0,19,0,19,0,0,0,19
10/17/2011,NQA,TN,ASO,CE,Federal Contract Tower,0,0,10,4,14,0,0,11,2,13,0,0,21,6,27,2,50,52,79
10/18/2011,NQA,TN,ASO,CE,Federal Contract Tower,0,0,1,13,14,0,0,1,0,1,0,0,2,13,15,0,0,0,15
10/19/2011,NQA,TN,ASO,CE,Federal Contract Tower,0,0,12,0,12,0,0,11,0,11,0,0,23,0,23,6,0,6,29
10/20/2011,NQA,TN,ASO,CE,Federal Contract Tower,0,0,4,10,14,0,0,16,2,18,0,0,20,12,32,0,22,22,54
10/21/2011,NQA,TN,ASO,CE,Federal Contract Tower,0,0,10,12,22,0,0,13,2,15,0,0,23,14,37,2,0,2,39
10/22/2011,NQA,TN,ASO,CE,Federal Contract Tower,0,0,2,0,2,0,0,22,0,22,0,0,24,0,24,6,0,6,30
10/23/2011,NQA,TN,ASO,CE,Federal Contract Tower,0,0,11,6,17,0,0,0,0,0,0,0,11,6,17,0,0,0,17
10/24/2011,NQA,TN,ASO,CE,Federal Contract Tower,0,0,10,11,21,0,0,8,1,9,0,0,18,12,30,20,34,54,84
10/25/2011,NQA,TN,ASO,CE,Federal Contract Tower,0,0,2,5,7,0,0,8,1,9,0,0,10,6,16,4,0,4,20
10/26/2011,NQA,TN,ASO,CE,Federal Contract Tower,0,0,13,14,27,0,0,24,4,28,0,0,37,18,55,12,82,94,149
10/27/2011,NQA,TN,ASO,CE,Federal Contract Tower,0,1,1,12,14,0,0,0,2,2,0,1,1,14,16,0,0,0,16
10/28/2011,NQA,TN,ASO,CE,Federal Contract Tower,0,0,8,5,13,0,0,13,0,13,0,0,21,5,26,10,10,20,46
10/29/2011,NQA,TN,ASO,CE,Federal Contract Tower,0,0,4,1,5,0,0,14,0,14,0,0,18,1,19,18,0,18,37
10/30/2011,NQA,TN,ASO,CE,Federal Contract Tower,0,0,6,10,16,0,0,13,6,19,0,0,19,16,35,0,0,0,35
10/31/2011,NQA,TN,ASO,CE,Federal Contract Tower,0,0,2,8,10,0,0,12,4,16,0,0,14,12,26,6,114,120,146
11/01/2011,NQA,TN,ASO,CE,Federal Contract Tower,0,0,7,5,12,0,0,7,0,7,0,0,14,5,19,0,16,16,35
11/02/2011,NQA,TN,ASO,CE,Federal Contract Tower,0,0,9,7,16,0,0,11,10,21,0,0,20,17,37,8,116,124,161
11/03/2011,NQA,TN,ASO,CE,Federal Contract Tower,0,0,3,4,7,0,0,0,1,1,0,0,3,5,8,0,18,18,26
11/04/2011,NQA,TN,ASO,CE,Federal Contract Tower,0,1,16,13,30,0,0,4,0,4,0,1,20,13,34,6,0,6,40
11/05/2011,NQA,TN,ASO,CE,Federal Contract Tower,0,0,4,0,4,0,0,14,0,14,0,0,18,0,18,28,0,28,46
11/06/2011,NQA,TN,ASO,CE,Federal Contract Tower,0,0,10,5,15,0,0,2,0,2,0,0,12,5,17,0,0,0,17
11/07/2011,NQA,TN,ASO,CE,Federal Contract Tower,0,0,6,8,14,0,0,18,4,22,0,0,24,12,36,8,88,96,132
11/08/2011,NQA,TN,ASO,CE,Federal Contract Tower,0,0,1,10,11,0,0,6,0,6,0,0,7,10,17,0,22,22,39
11/09/2011,NQA,TN,ASO,CE,Federal Contract Tower,0,0,4,25,29,0,0,3,2,5,0,0,7,27,34,0,98,98,132
11/10/2011,NQA,TN,ASO,CE,Federal Contract Tower,0,0,7,4,11,0,2,4,10,16,0,2,11,14,27,4,18,22,49
11/11/2011,NQA,TN,ASO,CE,Federal Contract Tower,0,2,3,2,7,0,0,10,6,16,0,2,13,8,23,6,0,6,29
11/12/2011,NQA,TN,ASO,CE,Federal Contract Tower,0,0,7,1,8,0,0,3,0,3,0,0,10,1,11,0,0,0,11
11/13/2011,NQA,TN,ASO,CE,Federal Contract Tower,0,0,7,0,7,0,0,2,0,2,0,0,9,0,9,0,0,0,9
11/14/2011,NQA,TN,ASO,CE,Federal Contract Tower,0,0,0,7,7,0,0,4,2,6,0,0,4,9,13,0,74,74,87
11/15/2011,NQA,TN,ASO,CE,Federal Contract Tower,0,0,3,4,7,0,0,0,0,0,0,0,3,4,7,0,0,0,7
11/16/2011,NQA,TN,ASO,CE,Federal Contract Tower,0,0,8,14,22,0,0,5,6,11,0,0,13,20,33,10,52,62,95
11/17/2011,NQA,TN,ASO,CE,Federal Contract Tower,0,0,2,17,19,0,0,0,8,8,0,0,2,25,27,0,122,122,149
11/18/2011,NQA,TN,ASO,CE,Federal Contract Tower,0,0,9,14,23,0,0,21,8,29,0,0,30,22,52,0,40,40,92
11/19/2011,NQA,TN,ASO,CE,Federal Contract Tower,0,0,4,0,4,0,0,3,4,7,0,0,7,4,11,0,0,0,11
11/20/2011,NQA,TN,ASO,CE,Federal Contract Tower,0,0,7,2,9,0,0,0,0,0,0,0,7,2,9,0,4,4,13
11/21/2011,NQA,TN,ASO,CE,Federal Contract Tower,0,0,0,0,0,0,0,0,0,0,0,0,0,0,0,0,0,0,0
11/22/2011,NQA,TN,ASO,CE,Federal Contract Tower,0,0,2,0,2,0,0,0,0,0,0,0,2,0,2,0,0,0,2
11/23/2011,NQA,TN,ASO,CE,Federal Contract Tower,0,0,6,3,9,0,0,0,3,3,0,0,6,6,12,0,78,78,90
11/24/2011,NQA,TN,ASO,CE,Federal Contract Tower,0,0,2,0,2,0,0,0,0,0,0,0,2,0,2,0,0,0,2
11/25/2011,NQA,TN,ASO,CE,Federal Contract Tower,0,0,4,0,4,0,0,22,0,22,0,0,26,0,26,12,0,12,38
11/26/2011,NQA,TN,ASO,CE,Federal Contract Tower,0,0,1,0,1,0,0,2,0,2,0,0,3,0,3,0,0,0,3
11/27/2011,NQA,TN,ASO,CE,Federal Contract Tower,0,0,8,7,15,0,0,0,0,0,0,0,8,7,15,0,0,0,15
11/28/2011,NQA,TN,ASO,CE,Federal Contract Tower,0,0,7,0,7,0,0,0,0,0,0,0,7,0,7,0,0,0,7
11/29/2011,NQA,TN,ASO,CE,Federal Contract Tower,0,0,6,6,12,0,0,0,0,0,0,0,6,6,12,0,16,16,28
11/30/2011,NQA,TN,ASO,CE,Federal Contract Tower,0,0,9,8,17,0,0,12,12,24,0,0,21,20,41,0,118,118,159
12/01/2011,NQA,TN,ASO,CE,Federal Contract Tower,0,0,2,9,11,0,0,16,0,16,0,0,18,9,27,30,70,100,127
12/02/2011,NQA,TN,ASO,CE,Federal Contract Tower,0,0,18,13,31,0,0,20,2,22,0,0,38,15,53,24,82,106,159
12/03/2011,NQA,TN,ASO,CE,Federal Contract Tower,0,0,3,2,5,0,0,16,2,18,0,0,19,4,23,2,0,2,25
12/04/2011,NQA,TN,ASO,CE,Federal Contract Tower,0,0,4,2,6,0,0,0,0,0,0,0,4,2,6,0,0,0,6
12/05/2011,NQA,TN,ASO,CE,Federal Contract Tower,0,0,0,0,0,0,0,0,0,0,0,0,0,0,0,0,0,0,0
12/06/2011,NQA,TN,ASO,CE,Federal Contract Tower,0,0,4,0,4,0,0,0,0,0,0,0,4,0,4,0,0,0,4
12/07/2011,NQA,TN,ASO,CE,Federal Contract Tower,0,0,3,0,3,0,4,2,0,6,0,4,5,0,9,12,0,12,21
12/08/2011,NQA,TN,ASO,CE,Federal Contract Tower,0,0,5,18,23,0,0,8,3,11,0,0,13,21,34,0,54,54,88
12/09/2011,NQA,TN,ASO,CE,Federal Contract Tower,0,1,9,12,22,0,0,8,4,12,0,1,17,16,34,6,62,68,102
12/10/2011,NQA,TN,ASO,CE,Federal Contract Tower,0,0,4,1,5,0,0,18,0,18,0,0,22,1,23,2,0,2,25
12/11/2011,NQA,TN,ASO,CE,Federal Contract Tower,0,0,6,0,6,0,0,9,0,9,0,0,15,0,15,0,0,0,15
12/12/2011,NQA,TN,ASO,CE,Federal Contract Tower,0,0,3,10,13,0,2,4,11,17,0,2,7,21,30,0,190,190,220
12/13/2011,NQA,TN,ASO,CE,Federal Contract Tower,0,2,4,3,9,0,0,2,4,6,0,2,6,7,15,8,28,36,51
12/14/2011,NQA,TN,ASO,CE,Federal Contract Tower,0,3,7,23,33,0,9,2,0,11,0,12,9,23,44,0,6,6,50
12/15/2011,NQA,TN,ASO,CE,Federal Contract Tower,0,0,9,1,10,0,0,0,1,1,0,0,9,2,11,0,0,0,11
12/16/2011,NQA,TN,ASO,CE,Federal Contract Tower,0,0,10,2,12,0,0,6,0,6,0,0,16,2,18,16,0,16,34
12/17/2011,NQA,TN,ASO,CE,Federal Contract Tower,0,0,4,0,4,0,0,11,2,13,0,0,15,2,17,12,0,12,29
12/18/2011,NQA,TN,ASO,CE,Federal Contract Tower,0,0,9,0,9,0,0,18,0,18,0,0,27,0,27,28,0,28,55
12/19/2011,NQA,TN,ASO,CE,Federal Contract Tower,0,0,3,4,7,0,2,6,0,8,0,2,9,4,15,0,32,32,47
12/20/2011,NQA,TN,ASO,CE,Federal Contract Tower,0,0,1,0,1,0,0,0,0,0,0,0,1,0,1,0,0,0,1
12/21/2011,NQA,TN,ASO,CE,Federal Contract Tower,0,0,3,6,9,0,0,4,0,4,0,0,7,6,13,0,80,80,93
12/22/2011,NQA,TN,ASO,CE,Federal Contract Tower,0,1,2,0,3,0,1,0,0,1,0,2,2,0,4,0,0,0,4
12/23/2011,NQA,TN,ASO,CE,Federal Contract Tower,0,0,0,0,0,0,0,7,0,7,0,0,7,0,7,10,0,10,17
12/24/2011,NQA,TN,ASO,CE,Federal Contract Tower,0,0,0,0,0,0,0,8,0,8,0,0,8,0,8,6,0,6,14
12/25/2011,NQA,TN,ASO,CE,Federal Contract Tower,0,0,0,0,0,0,0,3,0,3,0,0,3,0,3,0,0,0,3
12/26/2011,NQA,TN,ASO,CE,Federal Contract Tower,0,0,1,0,1,0,0,2,0,2,0,0,3,0,3,0,0,0,3
12/27/2011,NQA,TN,ASO,CE,Federal Contract Tower,0,3,3,0,6,0,1,1,0,2,0,4,4,0,8,0,0,0,8
12/28/2011,NQA,TN,ASO,CE,Federal Contract Tower,0,0,2,0,2,0,0,2,0,2,0,0,4,0,4,0,0,0,4
12/29/2011,NQA,TN,ASO,CE,Federal Contract Tower,6,0,2,0,8,0,0,31,0,31,6,0,33,0,39,14,0,14,53
12/30/2011,NQA,TN,ASO,CE,Federal Contract Tower,0,2,1,0,3,0,4,26,0,30,0,6,27,0,33,20,0,20,53
12/31/2011,NQA,TN,ASO,CE,Federal Contract Tower,0,0,2,0,2,0,0,14,0,14,0,0,16,0,16,2,0,2,18
01/01/2012,NQA,TN,ASO,CE,Federal Contract Tower,0,0,1,0,1,0,0,0,0,0,0,0,1,0,1,0,0,0,1
01/02/2012,NQA,TN,ASO,CE,Federal Contract Tower,0,2,0,0,2,0,0,3,0,3,0,2,3,0,5,0,0,0,5
01/03/2012,NQA,TN,ASO,CE,Federal Contract Tower,0,0,3,2,5,0,2,5,1,8,0,2,8,3,13,0,16,16,29
01/04/2012,NQA,TN,ASO,CE,Federal Contract Tower,0,0,8,2,10,0,0,6,1,7,0,0,14,3,17,0,48,48,65
01/05/2012,NQA,TN,ASO,CE,Federal Contract Tower,0,0,2,6,8,0,0,13,3,16,0,0,15,9,24,22,18,40,64
01/06/2012,NQA,TN,ASO,CE,Federal Contract Tower,0,0,3,8,11,0,0,16,1,17,0,0,19,9,28,10,122,132,160
01/07/2012,NQA,TN,ASO,CE,Federal Contract Tower,0,0,4,2,6,0,0,11,0,11,0,0,15,2,17,6,0,6,23
01/08/2012,NQA,TN,ASO,CE,Federal Contract Tower,0,2,12,9,23,0,0,5,0,5,0,2,17,9,28,18,0,18,46
01/09/2012,NQA,TN,ASO,CE,Federal Contract Tower,0,0,0,16,16,0,0,2,0,2,0,0,2,16,18,0,98,98,116
01/10/2012,NQA,TN,ASO,CE,Federal Contract Tower,0,0,3,5,8,0,2,0,0,2,0,2,3,5,10,4,0,4,14
01/11/2012,NQA,TN,ASO,CE,Federal Contract Tower,0,1,2,9,12,0,0,0,0,0,0,1,2,9,12,0,0,0,12
01/12/2012,NQA,TN,ASO,CE,Federal Contract Tower,0,0,0,0,0,0,0,0,2,2,0,0,0,2,2,0,0,0,2
01/13/2012,NQA,TN,ASO,CE,Federal Contract Tower,0,1,10,5,16,0,0,8,7,15,0,1,18,12,31,2,86,88,119
01/14/2012,NQA,TN,ASO,CE,Federal Contract Tower,0,0,0,0,0,0,0,15,0,15,0,0,15,0,15,22,0,22,37
01/15/2012,NQA,TN,ASO,CE,Federal Contract Tower,0,1,9,2,12,0,0,14,0,14,0,1,23,2,26,6,0,6,32
01/16/2012,NQA,TN,ASO,CE,Federal Contract Tower,0,0,2,0,2,0,0,0,0,0,0,0,2,0,2,0,0,0,2
01/17/2012,NQA,TN,ASO,CE,Federal Contract Tower,0,0,4,5,9,0,0,0,0,0,0,0,4,5,9,0,0,0,9
01/18/2012,NQA,TN,ASO,CE,Federal Contract Tower,0,0,10,13,23,0,0,6,8,14,0,0,16,21,37,8,94,102,139
01/19/2012,NQA,TN,ASO,CE,Federal Contract Tower,0,0,6,7,13,0,0,4,5,9,0,0,10,12,22,0,72,72,94
01/20/2012,NQA,TN,ASO,CE,Federal Contract Tower,0,0,13,8,21,0,0,2,4,6,0,0,15,12,27,12,6,18,45
01/21/2012,NQA,TN,ASO,CE,Federal Contract Tower,0,0,8,0,8,0,0,0,0,0,0,0,8,0,8,2,0,2,10
01/22/2012,NQA,TN,ASO,CE,Federal Contract Tower,0,0,6,2,8,0,0,2,0,2,0,0,8,2,10,0,0,0,10
01/23/2012,NQA,TN,ASO,CE,Federal Contract Tower,0,1,5,9,15,0,0,13,3,16,0,1,18,12,31,8,36,44,75
01/24/2012,NQA,TN,ASO,CE,Federal Contract Tower,0,0,4,6,10,0,0,22,2,24,0,0,26,8,34,34,70,104,138
01/25/2012,NQA,TN,ASO,CE,Federal Contract Tower,0,1,8,4,13,0,0,0,0,0,0,1,8,4,13,0,0,0,13
01/26/2012,NQA,TN,ASO,CE,Federal Contract Tower,0,3,3,15,21,0,0,0,0,0,0,3,3,15,21,0,0,0,21
01/27/2012,NQA,TN,ASO,CE,Federal Contract Tower,0,0,12,6,18,0,0,15,6,21,0,0,27,12,39,0,84,84,123
01/28/2012,NQA,TN,ASO,CE,Federal Contract Tower,0,0,4,2,6,0,0,15,0,15,0,0,19,2,21,10,0,10,31
01/29/2012,NQA,TN,ASO,CE,Federal Contract Tower,0,0,4,2,6,0,0,12,2,14,0,0,16,4,20,12,0,12,32
01/30/2012,NQA,TN,ASO,CE,Federal Contract Tower,0,0,3,6,9,0,0,12,4,16,0,0,15,10,25,4,110,114,139
01/31/2012,NQA,TN,ASO,CE,Federal Contract Tower,0,0,3,10,13,0,0,17,10,27,0,0,20,20,40,48,136,184,224
02/01/2012,NQA,TN,ASO,CE,Federal Contract Tower,0,2,8,6,16,0,0,0,0,0,0,2,8,6,16,0,30,30,46
02/02/2012,NQA,TN,ASO,CE,Federal Contract Tower,0,0,5,12,17,0,0,14,10,24,0,0,19,22,41,6,204,210,251
02/03/2012,NQA,TN,ASO,CE,Federal Contract Tower,0,2,7,0,9,0,0,4,0,4,0,2,11,0,13,2,0,2,15
02/04/2012,NQA,TN,ASO,CE,Federal Contract Tower,0,0,2,0,2,0,0,1,0,1,0,0,3,0,3,0,0,0,3
02/05/2012,NQA,TN,ASO,CE,Federal Contract Tower,0,0,13,0,13,0,0,10,0,10,0,0,23,0,23,34,0,34,57
02/06/2012,NQA,TN,ASO,CE,Federal Contract Tower,2,1,6,4,13,0,0,9,4,13,2,1,15,8,26,10,84,94,120
02/07/2012,NQA,TN,ASO,CE,Federal Contract Tower,0,3,5,18,26,0,0,9,8,17,0,3,14,26,43,4,184,188,231
02/08/2012,NQA,TN,ASO,CE,Federal Contract Tower,0,0,5,8,13,0,0,5,1,6,0,0,10,9,19,4,80,84,103
02/09/2012,NQA,TN,ASO,CE,Federal Contract Tower,0,3,11,10,24,0,1,4,8,13,0,4,15,18,37,6,140,146,183
02/10/2012,NQA,TN,ASO,CE,Federal Contract Tower,0,0,4,8,12,0,0,0,0,0,0,0,4,8,12,0,10,10,22
02/11/2012,NQA,TN,ASO,CE,Federal Contract Tower,0,2,1,0,3,0,0,4,4,8,0,2,5,4,11,0,0,0,11
02/12/2012,NQA,TN,ASO,CE,Federal Contract Tower,0,0,7,6,13,0,0,13,0,13,0,0,20,6,26,2,2,4,30
02/13/2012,NQA,TN,ASO,CE,Federal Contract Tower,0,0,0,2,2,0,0,0,0,0,0,0,0,2,2,0,0,0,2
02/14/2012,NQA,TN,ASO,CE,Federal Contract Tower,0,0,8,15,23,0,0,1,2,3,0,0,9,17,26,0,82,82,108
02/15/2012,NQA,TN,ASO,CE,Federal Contract Tower,0,0,4,8,12,0,0,4,6,10,0,0,8,14,22,8,82,90,112
02/16/2012,NQA,TN,ASO,CE,Federal Contract Tower,0,2,10,6,18,0,0,5,0,5,0,2,15,6,23,0,2,2,25
02/17/2012,NQA,TN,ASO,CE,Federal Contract Tower,0,0,18,4,22,0,0,7,0,7,0,0,25,4,29,0,54,54,83
02/18/2012,NQA,TN,ASO,CE,Federal Contract Tower,0,0,0,5,5,0,0,6,0,6,0,0,6,5,11,2,4,6,17
02/19/2012,NQA,TN,ASO,CE,Federal Contract Tower,0,2,12,0,14,0,0,8,0,8,0,2,20,0,22,12,0,12,34
02/20/2012,NQA,TN,ASO,CE,Federal Contract Tower,0,2,7,2,11,0,0,14,0,14,0,2,21,2,25,32,0,32,57
02/21/2012,NQA,TN,ASO,CE,Federal Contract Tower,0,1,2,6,9,0,0,4,9,13,0,1,6,15,22,0,94,94,116
02/22/2012,NQA,TN,ASO,CE,Federal Contract Tower,0,0,5,4,9,0,0,4,6,10,0,0,9,10,19,0,82,82,101
02/23/2012,NQA,TN,ASO,CE,Federal Contract Tower,0,0,3,11,14,0,0,1,3,4,0,0,4,14,18,0,68,68,86
02/24/2012,NQA,TN,ASO,CE,Federal Contract Tower,0,0,11,19,30,0,0,11,3,14,0,0,22,22,44,0,102,102,146
02/25/2012,NQA,TN,ASO,CE,Federal Contract Tower,0,0,2,6,8,0,0,23,0,23,0,0,25,6,31,10,6,16,47
02/26/2012,NQA,TN,ASO,CE,Federal Contract Tower,0,0,5,1,6,0,0,17,0,17,0,0,22,1,23,12,0,12,35
02/27/2012,NQA,TN,ASO,CE,Federal Contract Tower,0,0,4,10,14,0,0,11,6,17,0,0,15,16,31,10,138,148,179
02/28/2012,NQA,TN,ASO,CE,Federal Contract Tower,0,0,4,17,21,0,0,5,21,26,0,0,9,38,47,22,248,270,317
02/29/2012,NQA,TN,ASO,CE,Federal Contract Tower,0,9,0,1,10,0,0,2,0,2,0,9,2,1,12,0,8,8,20
03/01/2012,NQA,TN,ASO,CE,Federal Contract Tower,0,0,8,24,32,0,0,19,10,29,0,0,27,34,61,50,124,174,235
03/02/2012,NQA,TN,ASO,CE,Federal Contract Tower,0,0,2,6,8,0,1,1,1,3,0,1,3,7,11,0,0,0,11
03/03/2012,NQA,TN,ASO,CE,Federal Contract Tower,2,0,0,0,2,0,0,13,10,23,2,0,13,10,25,14,0,14,39
03/04/2012,NQA,TN,ASO,CE,Federal Contract Tower,0,0,14,8,22,0,0,8,5,13,0,0,22,13,35,0,38,38,73
03/05/2012,NQA,TN,ASO,CE,Federal Contract Tower,0,0,13,2,15,0,0,15,3,18,0,0,28,5,33,34,110,144,177
03/06/2012,NQA,TN,ASO,CE,Federal Contract Tower,0,0,6,6,12,0,0,11,0,11,0,0,17,6,23,4,30,34,57
03/07/2012,NQA,TN,ASO,CE,Federal Contract Tower,0,0,9,10,19,0,0,11,2,13,0,0,20,12,32,0,52,52,84
03/08/2012,NQA,TN,ASO,CE,Federal Contract Tower,0,0,0,0,0,0,0,0,0,0,0,0,0,0,0,0,0,0,0
03/09/2012,NQA,TN,ASO,CE,Federal Contract Tower,0,0,11,18,29,0,2,13,0,15,0,2,24,18,44,6,94,100,144
03/10/2012,NQA,TN,ASO,CE,Federal Contract Tower,0,0,4,0,4,0,0,19,0,19,0,0,23,0,23,54,0,54,77
03/11/2012,NQA,TN,ASO,CE,Federal Contract Tower,0,0,6,0,6,0,0,2,0,2,0,0,8,0,8,0,0,0,8
03/12/2012,NQA,TN,ASO,CE,Federal Contract Tower,0,0,9,2,11,0,0,8,0,8,0,0,17,2,19,0,0,0,19
03/13/2012,NQA,TN,ASO,CE,Federal Contract Tower,0,0,5,2,7,0,0,9,0,9,0,0,14,2,16,8,0,8,24
03/14/2012,NQA,TN,ASO,CE,Federal Contract Tower,0,0,6,10,16,0,0,14,6,20,0,0,20,16,36,8,58,66,102
03/15/2012,NQA,TN,ASO,CE,Federal Contract Tower,0,4,2,6,12,0,0,12,0,12,0,4,14,6,24,6,82,88,112
03/16/2012,NQA,TN,ASO,CE,Federal Contract Tower,0,2,8,0,10,0,2,10,0,12,0,4,18,0,22,18,0,18,40
03/17/2012,NQA,TN,ASO,CE,Federal Contract Tower,0,0,3,0,3,0,6,8,0,14,0,6,11,0,17,0,0,0,17
03/18/2012,NQA,TN,ASO,CE,Federal Contract Tower,0,0,6,3,9,0,0,10,2,12,0,0,16,5,21,16,0,16,37
03/19/2012,NQA,TN,ASO,CE,Federal Contract Tower,0,0,1,21,22,0,0,4,2,6,0,0,5,23,28,2,56,58,86
03/20/2012,NQA,TN,ASO,CE,Federal Contract Tower,0,0,7,5,12,0,0,8,3,11,0,0,15,8,23,2,46,48,71
03/21/2012,NQA,TN,ASO,CE,Federal Contract Tower,0,0,3,10,13,0,0,1,6,7,0,0,4,16,20,0,92,92,112
03/22/2012,NQA,TN,ASO,CE,Federal Contract Tower,2,0,1,1,4,6,0,9,0,15,8,0,10,1,19,6,0,6,25
03/23/2012,NQA,TN,ASO,CE,Federal Contract Tower,0,0,2,17,19,0,0,8,0,8,0,0,10,17,27,4,90,94,121
03/24/2012,NQA,TN,ASO,CE,Federal Contract Tower,0,0,1,2,3,0,0,13,4,17,0,0,14,6,20,0,0,0,20
03/25/2012,NQA,TN,ASO,CE,Federal Contract Tower,0,4,2,9,15,0,0,22,4,26,0,4,24,13,41,14,16,30,71
03/26/2012,NQA,TN,ASO,CE,Federal Contract Tower,0,0,6,4,10,0,0,16,2,18,0,0,22,6,28,20,34,54,82
03/27/2012,NQA,TN,ASO,CE,Federal Contract Tower,0,0,5,16,21,0,2,2,10,14,0,2,7,26,35,0,180,180,215
03/28/2012,NQA,TN,ASO,CE,Federal Contract Tower,0,0,9,5,14,0,0,9,10,19,0,0,18,15,33,40,68,108,141
03/29/2012,NQA,TN,ASO,CE,Federal Contract Tower,0,0,4,11,15,0,0,9,9,18,0,0,13,20,33,4,126,130,163
03/30/2012,NQA,TN,ASO,CE,Federal Contract Tower,0,0,8,3,11,0,0,9,3,12,0,0,17,6,23,18,0,18,41
03/31/2012,NQA,TN,ASO,CE,Federal Contract Tower,0,1,7,0,8,0,0,10,0,10,0,1,17,0,18,0,0,0,18
04/01/2012,NQA,TN,ASO,CE,Federal Contract Tower,0,0,10,8,18,0,0,16,1,17,0,0,26,9,35,10,0,10,45
04/02/2012,NQA,TN,ASO,CE,Federal Contract Tower,0,0,4,8,12,0,0,14,3,17,0,0,18,11,29,0,88,88,117
04/03/2012,NQA,TN,ASO,CE,Federal Contract Tower,0,0,4,0,4,0,0,7,0,7,0,0,11,0,11,0,0,0,11
04/04/2012,NQA,TN,ASO,CE,Federal Contract Tower,0,0,2,2,4,0,2,5,1,8,0,2,7,3,12,2,20,22,34
04/05/2012,NQA,TN,ASO,CE,Federal Contract Tower,0,4,0,5,9,0,0,5,0,5,0,4,5,5,14,0,28,28,42
04/06/2012,NQA,TN,ASO,CE,Federal Contract Tower,0,0,4,9,13,0,0,15,8,23,0,0,19,17,36,30,118,148,184
04/07/2012,NQA,TN,ASO,CE,Federal Contract Tower,0,0,2,1,3,0,0,15,1,16,0,0,17,2,19,10,4,14,33
04/08/2012,NQA,TN,ASO,CE,Federal Contract Tower,0,0,4,0,4,0,0,8,0,8,0,0,12,0,12,0,0,0,12
04/09/2012,NQA,TN,ASO,CE,Federal Contract Tower,0,1,8,11,20,0,1,11,0,12,0,2,19,11,32,0,26,26,58
04/10/2012,NQA,TN,ASO,CE,Federal Contract Tower,0,2,7,7,16,0,0,8,1,9,0,2,15,8,25,10,38,48,73
04/11/2012,NQA,TN,ASO,CE,Federal Contract Tower,0,1,6,19,26,0,1,5,0,6,0,2,11,19,32,0,88,88,120
04/12/2012,NQA,TN,ASO,CE,Federal Contract Tower,0,1,4,10,15,0,0,27,2,29,0,1,31,12,44,18,108,126,170
04/13/2012,NQA,TN,ASO,CE,Federal Contract Tower,0,3,9,4,16,0,1,12,1,14,0,4,21,5,30,28,10,38,68
04/14/2012,NQA,TN,ASO,CE,Federal Contract Tower,0,0,6,0,6,0,0,6,3,9,0,0,12,3,15,0,0,0,15
04/15/2012,NQA,TN,ASO,CE,Federal Contract Tower,4,0,5,3,12,0,0,2,3,5,4,0,7,6,17,0,0,0,17
04/16/2012,NQA,TN,ASO,CE,Federal Contract Tower,0,0,1,14,15,0,0,11,6,17,0,0,12,20,32,14,106,120,152
04/17/2012,NQA,TN,ASO,CE,Federal Contract Tower,0,0,7,14,21,0,0,14,2,16,0,0,21,16,37,10,16,26,63
04/18/2012,NQA,TN,ASO,CE,Federal Contract Tower,0,0,5,9,14,0,0,22,0,22,0,0,27,9,36,18,36,54,90
04/19/2012,NQA,TN,ASO,CE,Federal Contract Tower,0,0,3,6,9,0,2,13,4,19,0,2,16,10,28,6,84,90,118
04/20/2012,NQA,TN,ASO,CE,Federal Contract Tower,0,0,14,5,19,0,0,7,3,10,0,0,21,8,29,0,42,42,71
04/21/2012,NQA,TN,ASO,CE,Federal Contract Tower,0,0,6,1,7,0,0,5,0,5,0,0,11,1,12,14,0,14,26
04/22/2012,NQA,TN,ASO,CE,Federal Contract Tower,0,4,8,3,15,0,0,13,0,13,0,4,21,3,28,20,2,22,50
04/23/2012,NQA,TN,ASO,CE,Federal Contract Tower,0,0,8,10,18,0,0,12,0,12,0,0,20,10,30,32,76,108,138
04/24/2012,NQA,TN,ASO,CE,Federal Contract Tower,0,3,4,18,25,0,1,12,6,19,0,4,16,24,44,0,114,114,158
04/25/2012,NQA,TN,ASO,CE,Federal Contract Tower,0,2,7,6,15,0,2,4,5,11,0,4,11,11,26,4,62,66,92
04/26/2012,NQA,TN,ASO,CE,Federal Contract Tower,0,0,5,8,13,0,0,11,2,13,0,0,16,10,26,0,96,96,122
04/27/2012,NQA,TN,ASO,CE,Federal Contract Tower,1,2,12,5,20,0,0,7,0,7,1,2,19,5,27,0,62,62,89
04/28/2012,NQA,TN,ASO,CE,Federal Contract Tower,1,0,4,0,5,0,0,14,2,16,1,0,18,2,21,14,0,14,35
04/29/2012,NQA,TN,ASO,CE,Federal Contract Tower,0,0,14,2,16,0,0,13,0,13,0,0,27,2,29,24,0,24,53
04/30/2012,NQA,TN,ASO,CE,Federal Contract Tower,0,0,2,4,6,0,0,4,4,8,0,0,6,8,14,10,46,56,70
05/01/2012,NQA,TN,ASO,CE,Federal Contract Tower,0,0,6,6,12,0,0,5,2,7,0,0,11,8,19,4,34,38,57
05/02/2012,NQA,TN,ASO,CE,Federal Contract Tower,0,0,5,8,13,0,0,7,2,9,0,0,12,10,22,0,102,102,124
05/03/2012,NQA,TN,ASO,CE,Federal Contract Tower,0,2,3,6,11,0,0,5,0,5,0,2,8,6,16,2,40,42,58
05/04/2012,NQA,TN,ASO,CE,Federal Contract Tower,0,2,12,9,23,0,0,12,0,12,0,2,24,9,35,4,6,10,45
05/05/2012,NQA,TN,ASO,CE,Federal Contract Tower,0,0,3,2,5,0,0,7,1,8,0,0,10,3,13,4,0,4,17
05/06/2012,NQA,TN,ASO,CE,Federal Contract Tower,0,0,8,4,12,0,0,6,0,6,0,0,14,4,18,6,0,6,24
05/07/2012,NQA,TN,ASO,CE,Federal Contract Tower,0,0,3,0,3,0,0,13,0,13,0,0,16,0,16,8,0,8,24
05/08/2012,NQA,TN,ASO,CE,Federal Contract Tower,0,0,3,6,9,0,0,5,10,15,0,0,8,16,24,0,54,54,78
05/09/2012,NQA,TN,ASO,CE,Federal Contract Tower,0,0,3,4,7,0,0,23,5,28,0,0,26,9,35,6,44,50,85
05/10/2012,NQA,TN,ASO,CE,Federal Contract Tower,0,0,1,12,13,0,0,22,6,28,0,0,23,18,41,14,48,62,103
05/11/2012,NQA,TN,ASO,CE,Federal Contract Tower,0,0,11,13,24,0,0,29,4,33,0,0,40,17,57,38,88,126,183
05/12/2012,NQA,TN,ASO,CE,Federal Contract Tower,0,0,5,2,7,0,0,4,0,4,0,0,9,2,11,20,0,20,31
05/13/2012,NQA,TN,ASO,CE,Federal Contract Tower,0,0,1,13,14,0,0,0,0,0,0,0,1,13,14,0,10,10,24
05/14/2012,NQA,TN,ASO,CE,Federal Contract Tower,0,0,14,21,35,0,0,12,8,20,0,0,26,29,55,0,124,124,179
05/15/2012,NQA,TN,ASO,CE,Federal Contract Tower,0,3,12,12,27,0,1,5,4,10,0,4,17,16,37,0,86,86,123
05/16/2012,NQA,TN,ASO,CE,Federal Contract Tower,0,0,7,12,19,0,0,8,8,16,0,0,15,20,35,18,128,146,181
05/17/2012,NQA,TN,ASO,CE,Federal Contract Tower,0,0,2,0,2,0,0,22,0,22,0,0,24,0,24,0,0,0,24
05/18/2012,NQA,TN,ASO,CE,Federal Contract Tower,0,5,3,9,17,0,1,7,6,14,0,6,10,15,31,0,122,122,153
05/19/2012,NQA,TN,ASO,CE,Federal Contract Tower,0,0,2,0,2,0,0,11,0,11,0,0,13,0,13,0,0,0,13
05/20/2012,NQA,TN,ASO,CE,Federal Contract Tower,0,0,8,0,8,0,0,10,0,10,0,0,18,0,18,8,0,8,26
05/21/2012,NQA,TN,ASO,CE,Federal Contract Tower,0,0,7,4,11,0,0,20,0,20,0,0,27,4,31,14,44,58,89
05/22/2012,NQA,TN,ASO,CE,Federal Contract Tower,0,2,4,6,12,0,0,22,2,24,0,2,26,8,36,22,88,110,146
05/23/2012,NQA,TN,ASO,CE,Federal Contract Tower,0,1,3,10,14,0,1,16,3,20,0,2,19,13,34,0,62,62,96
05/24/2012,NQA,TN,ASO,CE,Federal Contract Tower,0,6,4,14,24,0,0,23,2,25,0,6,27,16,49,2,40,42,91
05/25/2012,NQA,TN,ASO,CE,Federal Contract Tower,0,0,8,0,8,0,0,19,0,19,0,0,27,0,27,0,0,0,27
05/26/2012,NQA,TN,ASO,CE,Federal Contract Tower,0,0,2,0,2,0,0,9,3,12,0,0,11,3,14,6,0,6,20
05/27/2012,NQA,TN,ASO,CE,Federal Contract Tower,0,0,1,0,1,0,0,5,10,15,0,0,6,10,16,8,0,8,24
05/28/2012,NQA,TN,ASO,CE,Federal Contract Tower,0,1,2,0,3,0,1,13,0,14,0,2,15,0,17,42,0,42,59
05/29/2012,NQA,TN,ASO,CE,Federal Contract Tower,0,2,1,2,5,0,0,10,4,14,0,2,11,6,19,22,34,56,75
05/30/2012,NQA,TN,ASO,CE,Federal Contract Tower,0,0,4,0,4,0,0,9,0,9,0,0,13,0,13,10,0,10,23
05/31/2012,NQA,TN,ASO,CE,Federal Contract Tower,0,1,5,7,13,0,0,16,0,16,0,1,21,7,29,12,54,66,95
06/01/2012,NQA,TN,ASO,CE,Federal Contract Tower,0,0,7,36,43,0,0,10,7,17,0,0,17,43,60,0,134,134,194
06/02/2012,NQA,TN,ASO,CE,Federal Contract Tower,0,0,0,0,0,0,0,26,0,26,0,0,26,0,26,8,0,8,34
06/03/2012,NQA,TN,ASO,CE,Federal Contract Tower,0,0,8,0,8,0,0,8,0,8,0,0,16,0,16,38,0,38,54
06/04/2012,NQA,TN,ASO,CE,Federal Contract Tower,0,2,1,4,7,0,0,11,0,11,0,2,12,4,18,18,0,18,36
06/05/2012,NQA,TN,ASO,CE,Federal Contract Tower,0,0,11,2,13,0,0,8,0,8,0,0,19,2,21,6,4,10,31
06/06/2012,NQA,TN,ASO,CE,Federal Contract Tower,0,3,5,6,14,0,1,14,6,21,0,4,19,12,35,10,82,92,127
06/07/2012,NQA,TN,ASO,CE,Federal Contract Tower,0,0,7,20,27,0,0,9,0,9,0,0,16,20,36,2,114,116,152
06/08/2012,NQA,TN,ASO,CE,Federal Contract Tower,0,1,7,8,16,0,0,11,2,13,0,1,18,10,29,0,82,82,111
06/09/2012,NQA,TN,ASO,CE,Federal Contract Tower,0,0,3,2,5,0,0,5,1,6,0,0,8,3,11,8,0,8,19
06/10/2012,NQA,TN,ASO,CE,Federal Contract Tower,0,1,4,3,8,0,0,4,0,4,0,1,8,3,12,6,14,20,32
06/11/2012,NQA,TN,ASO,CE,Federal Contract Tower,0,0,2,3,5,0,0,2,1,3,0,0,4,4,8,0,34,34,42
06/12/2012,NQA,TN,ASO,CE,Federal Contract Tower,0,1,10,12,23,0,0,4,6,10,0,1,14,18,33,0,144,144,177
06/13/2012,NQA,TN,ASO,CE,Federal Contract Tower,0,0,5,13,18,0,0,28,8,36,0,0,33,21,54,36,118,154,208
06/14/2012,NQA,TN,ASO,CE,Federal Contract Tower,0,1,6,6,13,0,1,20,0,21,0,2,26,6,34,36,36,72,106
06/15/2012,NQA,TN,ASO,CE,Federal Contract Tower,0,0,7,16,23,0,0,16,2,18,0,0,23,18,41,2,48,50,91
06/16/2012,NQA,TN,ASO,CE,Federal Contract Tower,0,0,3,2,5,0,0,13,0,13,0,0,16,2,18,0,0,0,18
06/17/2012,NQA,TN,ASO,CE,Federal Contract Tower,0,0,5,6,11,0,0,12,0,12,0,0,17,6,23,0,0,0,23
06/18/2012,NQA,TN,ASO,CE,Federal Contract Tower,0,0,5,5,10,0,0,14,5,19,0,0,19,10,29,0,68,68,97
06/19/2012,NQA,TN,ASO,CE,Federal Contract Tower,0,0,9,4,13,0,0,9,0,9,0,0,18,4,22,0,40,40,62
06/20/2012,NQA,TN,ASO,CE,Federal Contract Tower,0,0,2,6,8,0,0,15,1,16,0,0,17,7,24,10,88,98,122
06/21/2012,NQA,TN,ASO,CE,Federal Contract Tower,0,1,14,14,29,0,1,13,10,24,0,2,27,24,53,10,50,60,113
06/22/2012,NQA,TN,ASO,CE,Federal Contract Tower,0,4,3,7,14,0,2,10,4,16,0,6,13,11,30,16,90,106,136
06/23/2012,NQA,TN,ASO,CE,Federal Contract Tower,0,2,2,17,21,0,0,21,1,22,0,2,23,18,43,36,10,46,89
06/24/2012,NQA,TN,ASO,CE,Federal Contract Tower,0,2,5,0,7,0,0,18,0,18,0,2,23,0,25,28,0,28,53
06/25/2012,NQA,TN,ASO,CE,Federal Contract Tower,0,0,3,2,5,0,0,16,0,16,0,0,19,2,21,0,0,0,21
06/26/2012,NQA,TN,ASO,CE,Federal Contract Tower,0,0,3,10,13,0,2,18,12,32,0,2,21,22,45,12,192,204,249
06/27/2012,NQA,TN,ASO,CE,Federal Contract Tower,0,3,2,7,12,0,1,15,9,25,0,4,17,16,37,36,84,120,157
06/28/2012,NQA,TN,ASO,CE,Federal Contract Tower,0,0,11,3,14,0,0,12,3,15,0,0,23,6,29,18,60,78,107
06/29/2012,NQA,TN,ASO,CE,Federal Contract Tower,0,0,9,9,18,0,0,9,6,15,0,0,18,15,33,22,122,144,177
06/30/2012,NQA,TN,ASO,CE,Federal Contract Tower,0,2,1,2,5,0,4,20,7,31,0,6,21,9,36,16,0,16,52
07/01/2012,NQA,TN,ASO,CE,Federal Contract Tower,0,0,3,6,9,0,0,7,5,12,0,0,10,11,21,12,44,56,77
07/02/2012,NQA,TN,ASO,CE,Federal Contract Tower,0,0,9,6,15,0,0,6,4,10,0,0,15,10,25,0,50,50,75
07/03/2012,NQA,TN,ASO,CE,Federal Contract Tower,0,0,3,10,13,0,0,8,0,8,0,0,11,10,21,16,92,108,129
07/04/2012,NQA,TN,ASO,CE,Federal Contract Tower,0,0,0,0,0,0,0,10,0,10,0,0,10,0,10,18,0,18,28
07/05/2012,NQA,TN,ASO,CE,Federal Contract Tower,0,2,3,0,5,0,0,6,0,6,0,2,9,0,11,20,0,20,31
07/06/2012,NQA,TN,ASO,CE,Federal Contract Tower,0,0,3,8,11,0,2,10,4,16,0,2,13,12,27,28,76,104,131
07/07/2012,NQA,TN,ASO,CE,Federal Contract Tower,0,0,2,0,2,0,0,16,0,16,0,0,18,0,18,46,0,46,64
07/08/2012,NQA,TN,ASO,CE,Federal Contract Tower,0,0,0,0,0,0,0,7,0,7,0,0,7,0,7,8,0,8,15
07/09/2012,NQA,TN,ASO,CE,Federal Contract Tower,0,0,7,0,7,0,0,14,0,14,0,0,21,0,21,20,0,20,41
07/10/2012,NQA,TN,ASO,CE,Federal Contract Tower,0,0,5,0,5,0,0,2,0,2,0,0,7,0,7,0,0,0,7
07/11/2012,NQA,TN,ASO,CE,Federal Contract Tower,0,0,5,0,5,0,0,10,0,10,0,0,15,0,15,22,0,22,37
07/12/2012,NQA,TN,ASO,CE,Federal Contract Tower,0,0,7,5,12,0,0,1,1,2,0,0,8,6,14,0,22,22,36
07/13/2012,NQA,TN,ASO,CE,Federal Contract Tower,0,0,4,6,10,0,0,0,0,0,0,0,4,6,10,0,0,0,10
07/14/2012,NQA,TN,ASO,CE,Federal Contract Tower,0,0,5,2,7,0,0,9,0,9,0,0,14,2,16,8,0,8,24
07/15/2012,NQA,TN,ASO,CE,Federal Contract Tower,0,0,2,2,4,0,0,4,0,4,0,0,6,2,8,0,0,0,8
07/16/2012,NQA,TN,ASO,CE,Federal Contract Tower,0,0,7,16,23,0,0,14,3,17,0,0,21,19,40,20,80,100,140
07/17/2012,NQA,TN,ASO,CE,Federal Contract Tower,0,0,3,6,9,0,0,10,4,14,0,0,13,10,23,22,44,66,89
07/18/2012,NQA,TN,ASO,CE,Federal Contract Tower,0,0,3,12,15,0,0,20,2,22,0,0,23,14,37,26,40,66,103
07/19/2012,NQA,TN,ASO,CE,Federal Contract Tower,0,1,6,6,13,0,1,12,2,15,0,2,18,8,28,24,104,128,156
07/20/2012,NQA,TN,ASO,CE,Federal Contract Tower,0,0,3,8,11,0,0,18,4,22,0,0,21,12,33,16,118,134,167
07/21/2012,NQA,TN,ASO,CE,Federal Contract Tower,0,1,1,1,3,0,1,15,0,16,0,2,16,1,19,16,0,16,35
07/22/2012,NQA,TN,ASO,CE,Federal Contract Tower,0,0,2,7,9,0,0,3,3,6,0,0,5,10,15,4,10,14,29
07/23/2012,NQA,TN,ASO,CE,Federal Contract Tower,0,0,4,12,16,0,0,5,5,10,0,0,9,17,26,0,180,180,206
07/24/2012,NQA,TN,ASO,CE,Federal Contract Tower,0,0,6,10,16,0,0,12,14,26,0,0,18,24,42,18,174,192,234
07/25/2012,NQA,TN,ASO,CE,Federal Contract Tower,0,1,6,14,21,0,1,11,6,18,0,2,17,20,39,0,144,144,183
07/26/2012,NQA,TN,ASO,CE,Federal Contract Tower,0,0,4,4,8,0,0,3,2,5,0,0,7,6,13,16,82,98,111
07/27/2012,NQA,TN,ASO,CE,Federal Contract Tower,0,0,2,15,17,0,0,8,7,15,0,0,10,22,32,0,88,88,120
07/28/2012,NQA,TN,ASO,CE,Federal Contract Tower,0,2,5,1,8,0,1,15,0,16,0,3,20,1,24,10,0,10,34
07/29/2012,NQA,TN,ASO,CE,Federal Contract Tower,0,0,1,2,3,0,0,7,2,9,0,0,8,4,12,2,36,38,50
07/30/2012,NQA,TN,ASO,CE,Federal Contract Tower,0,0,4,6,10,0,0,5,3,8,0,0,9,9,18,2,0,2,20
07/31/2012,NQA,TN,ASO,CE,Federal Contract Tower,0,0,7,7,14,0,0,14,2,16,0,0,21,9,30,6,30,36,66
08/01/2012,NQA,TN,ASO,CE,Federal Contract Tower,0,0,4,13,17,0,0,8,7,15,0,0,12,20,32,12,68,80,112
08/02/2012,NQA,TN,ASO,CE,Federal Contract Tower,0,0,3,9,12,0,0,7,1,8,0,0,10,10,20,18,38,56,76
08/03/2012,NQA,TN,ASO,CE,Federal Contract Tower,0,0,10,9,19,0,2,12,0,14,0,2,22,9,33,20,12,32,65
08/04/2012,NQA,TN,ASO,CE,Federal Contract Tower,0,0,0,18,18,0,0,15,0,15,0,0,15,18,33,10,0,10,43
08/05/2012,NQA,TN,ASO,CE,Federal Contract Tower,0,1,7,13,21,0,1,7,2,10,0,2,14,15,31,20,46,66,97
08/06/2012,NQA,TN,ASO,CE,Federal Contract Tower,0,0,4,7,11,0,0,11,5,16,0,0,15,12,27,18,102,120,147
08/07/2012,NQA,TN,ASO,CE,Federal Contract Tower,0,1,1,8,10,0,2,23,6,31,0,3,24,14,41,8,102,110,151
08/08/2012,NQA,TN,ASO,CE,Federal Contract Tower,0,3,9,8,20,0,1,13,3,17,0,4,22,11,37,0,46,46,83
08/09/2012,NQA,TN,ASO,CE,Federal Contract Tower,0,0,7,15,22,0,1,16,0,17,0,1,23,15,39,18,42,60,99
08/10/2012,NQA,TN,ASO,CE,Federal Contract Tower,0,2,3,9,14,0,0,22,0,22,0,2,25,9,36,20,16,36,72
08/11/2012,NQA,TN,ASO,CE,Federal Contract Tower,0,0,2,10,12,0,0,14,0,14,0,0,16,10,26,10,12,22,48
08/12/2012,NQA,TN,ASO,CE,Federal Contract Tower,0,0,6,1,7,0,0,7,0,7,0,0,13,1,14,8,0,8,22
08/13/2012,NQA,TN,ASO,CE,Federal Contract Tower,0,0,4,6,10,0,0,5,2,7,0,0,9,8,17,6,72,78,95
08/14/2012,NQA,TN,ASO,CE,Federal Contract Tower,0,2,6,8,16,0,4,4,0,8,0,6,10,8,24,0,24,24,48
08/15/2012,NQA,TN,ASO,CE,Federal Contract Tower,0,0,8,20,28,0,0,12,6,18,0,0,20,26,46,10,108,118,164
08/16/2012,NQA,TN,ASO,CE,Federal Contract Tower,0,0,3,17,20,0,0,10,2,12,0,0,13,19,32,12,50,62,94
08/17/2012,NQA,TN,ASO,CE,Federal Contract Tower,1,1,8,8,18,0,1,5,0,6,1,2,13,8,24,4,0,4,28
08/18/2012,NQA,TN,ASO,CE,Federal Contract Tower,0,0,5,0,5,0,0,26,0,26,0,0,31,0,31,42,0,42,73
08/19/2012,NQA,TN,ASO,CE,Federal Contract Tower,0,0,6,0,6,0,0,4,0,4,0,0,10,0,10,0,0,0,10
08/20/2012,NQA,TN,ASO,CE,Federal Contract Tower,0,0,0,12,12,0,0,11,8,19,0,0,11,20,31,0,130,130,161
08/21/2012,NQA,TN,ASO,CE,Federal Contract Tower,0,0,5,10,15,0,0,4,9,13,0,0,9,19,28,0,118,118,146
08/22/2012,NQA,TN,ASO,CE,Federal Contract Tower,0,1,4,7,12,0,0,19,6,25,0,1,23,13,37,22,54,76,113
08/23/2012,NQA,TN,ASO,CE,Federal Contract Tower,0,0,7,9,16,0,0,21,3,24,0,0,28,12,40,8,110,118,158
08/24/2012,NQA,TN,ASO,CE,Federal Contract Tower,0,0,7,13,20,0,0,10,5,15,0,0,17,18,35,0,118,118,153
08/25/2012,NQA,TN,ASO,CE,Federal Contract Tower,0,0,2,1,3,0,0,2,1,3,0,0,4,2,6,0,0,0,6
08/26/2012,NQA,TN,ASO,CE,Federal Contract Tower,0,0,6,1,7,0,0,13,0,13,0,0,19,1,20,10,2,12,32
08/27/2012,NQA,TN,ASO,CE,Federal Contract Tower,0,0,7,33,40,0,0,9,4,13,0,0,16,37,53,0,114,114,167
08/28/2012,NQA,TN,ASO,CE,Federal Contract Tower,0,0,7,2,9,0,0,19,0,19,0,0,26,2,28,36,14,50,78
08/29/2012,NQA,TN,ASO,CE,Federal Contract Tower,0,0,5,18,23,0,0,13,3,16,0,0,18,21,39,4,154,158,197
08/30/2012,NQA,TN,ASO,CE,Federal Contract Tower,0,0,4,25,29,0,0,4,1,5,0,0,8,26,34,4,0,4,38
08/31/2012,NQA,TN,ASO,CE,Federal Contract Tower,0,2,8,1,11,0,2,0,1,3,0,4,8,2,14,0,0,0,14
09/01/2012,NQA,TN,ASO,CE,Federal Contract Tower,0,0,1,0,1,0,0,1,0,1,0,0,2,0,2,0,0,0,2
09/02/2012,NQA,TN,ASO,CE,Federal Contract Tower,0,0,4,5,9,0,0,4,0,4,0,0,8,5,13,4,0,4,17
09/03/2012,NQA,TN,ASO,CE,Federal Contract Tower,0,0,4,0,4,0,0,23,0,23,0,0,27,0,27,34,0,34,61
09/04/2012,NQA,TN,ASO,CE,Federal Contract Tower,0,4,3,11,18,0,0,8,7,15,0,4,11,18,33,0,72,72,105
09/05/2012,NQA,TN,ASO,CE,Federal Contract Tower,0,0,4,12,16,0,0,11,0,11,0,0,15,12,27,0,0,0,27
09/06/2012,NQA,TN,ASO,CE,Federal Contract Tower,0,2,16,10,28,0,0,22,2,24,0,2,38,12,52,34,38,72,124
09/07/2012,NQA,TN,ASO,CE,Federal Contract Tower,0,2,5,10,17,0,0,11,12,23,0,2,16,22,40,0,50,50,90
09/08/2012,NQA,TN,ASO,CE,Federal Contract Tower,0,5,3,2,10,0,1,2,0,3,0,6,5,2,13,0,0,0,13
09/09/2012,NQA,TN,ASO,CE,Federal Contract Tower,0,0,5,4,9,0,0,14,0,14,0,0,19,4,23,0,24,24,47
09/10/2012,NQA,TN,ASO,CE,Federal Contract Tower,0,2,4,9,15,0,0,9,7,16,0,2,13,16,31,20,94,114,145
09/11/2012,NQA,TN,ASO,CE,Federal Contract Tower,0,0,6,8,14,0,0,11,6,17,0,0,17,14,31,20,60,80,111
09/12/2012,NQA,TN,ASO,CE,Federal Contract Tower,0,2,8,13,23,0,2,8,5,15,0,4,16,18,38,0,66,66,104
09/13/2012,NQA,TN,ASO,CE,Federal Contract Tower,0,0,5,15,20,0,2,9,2,13,0,2,14,17,33,18,38,56,89
09/14/2012,NQA,TN,ASO,CE,Federal Contract Tower,0,1,12,2,15,0,1,11,2,14,0,2,23,4,29,2,22,24,53
09/15/2012,NQA,TN,ASO,CE,Federal Contract Tower,1,0,2,3,6,0,0,17,0,17,1,0,19,3,23,18,0,18,41
09/16/2012,NQA,TN,ASO,CE,Federal Contract Tower,0,0,6,0,6,0,0,13,0,13,0,0,19,0,19,18,0,18,37
09/17/2012,NQA,TN,ASO,CE,Federal Contract Tower,0,0,6,2,8,0,0,0,0,0,0,0,6,2,8,0,0,0,8
09/18/2012,NQA,TN,ASO,CE,Federal Contract Tower,0,0,9,0,9,0,0,12,0,12,0,0,21,0,21,0,0,0,21
09/19/2012,NQA,TN,ASO,CE,Federal Contract Tower,0,1,2,2,5,0,1,14,0,15,0,2,16,2,20,0,0,0,20
09/20/2012,NQA,TN,ASO,CE,Federal Contract Tower,0,1,9,2,12,0,3,21,2,26,0,4,30,4,38,8,0,8,46
09/21/2012,NQA,TN,ASO,CE,Federal Contract Tower,0,0,5,8,13,0,0,5,0,5,0,0,10,8,18,0,0,0,18
09/22/2012,NQA,TN,ASO,CE,Federal Contract Tower,0,1,5,9,15,0,1,33,0,34,0,2,38,9,49,24,0,24,73
09/23/2012,NQA,TN,ASO,CE,Federal Contract Tower,0,2,6,4,12,0,0,10,1,11,0,2,16,5,23,20,20,40,63
09/24/2012,NQA,TN,ASO,CE,Federal Contract Tower,0,0,5,12,17,0,0,12,0,12,0,0,17,12,29,46,58,104,133
09/25/2012,NQA,TN,ASO,CE,Federal Contract Tower,0,2,5,2,9,0,0,1,0,1,0,2,6,2,10,0,0,0,10
09/26/2012,NQA,TN,ASO,CE,Federal Contract Tower,0,3,4,4,11,0,2,11,0,13,0,5,15,4,24,20,62,82,106
09/27/2012,NQA,TN,ASO,CE,Federal Contract Tower,0,1,1,19,21,0,1,6,0,7,0,2,7,19,28,6,34,40,68
09/28/2012,NQA,TN,ASO,CE,Federal Contract Tower,0,0,7,2,9,0,0,5,4,9,0,0,12,6,18,0,76,76,94
09/29/2012,NQA,TN,ASO,CE,Federal Contract Tower,0,0,1,0,1,0,0,7,0,7,0,0,8,0,8,0,0,0,8
09/30/2012,NQA,TN,ASO,CE,Federal Contract Tower,0,0,7,2,9,0,0,12,3,15,0,0,19,5,24,34,0,34,58
10/01/2012,NQA,TN,ASO,CE,Federal Contract Tower,0,0,6,0,6,0,0,0,0,0,0,0,6,0,6,0,0,0,6
10/02/2012,NQA,TN,ASO,CE,Federal Contract Tower,0,0,12,4,16,0,0,7,4,11,0,0,19,8,27,6,60,66,93
10/03/2012,NQA,TN,ASO,CE,Federal Contract Tower,0,1,5,8,14,0,1,10,10,21,0,2,15,18,35,12,90,102,137
10/04/2012,NQA,TN,ASO,CE,Federal Contract Tower,0,0,6,8,14,0,0,15,6,21,0,0,21,14,35,14,48,62,97
10/05/2012,NQA,TN,ASO,CE,Federal Contract Tower,0,0,5,7,12,0,0,5,0,5,0,0,10,7,17,6,26,32,49
10/06/2012,NQA,TN,ASO,CE,Federal Contract Tower,0,3,2,1,6,0,1,6,2,9,0,4,8,3,15,4,0,4,19
10/07/2012,NQA,TN,ASO,CE,Federal Contract Tower,0,0,3,0,3,0,0,14,0,14,0,0,17,0,17,4,0,4,21
10/08/2012,NQA,TN,ASO,CE,Federal Contract Tower,0,0,3,0,3,0,0,17,0,17,0,0,20,0,20,30,0,30,50
10/09/2012,NQA,TN,ASO,CE,Federal Contract Tower,0,0,5,4,9,0,0,18,6,24,0,0,23,10,33,12,74,86,119
10/10/2012,NQA,TN,ASO,CE,Federal Contract Tower,0,0,6,4,10,0,0,12,4,16,0,0,18,8,26,20,72,92,118
10/11/2012,NQA,TN,ASO,CE,Federal Contract Tower,0,0,11,2,13,0,0,4,2,6,0,0,15,4,19,32,42,74,93
10/12/2012,NQA,TN,ASO,CE,Federal Contract Tower,0,0,4,0,4,0,0,2,0,2,0,0,6,0,6,10,0,10,16
10/13/2012,NQA,TN,ASO,CE,Federal Contract Tower,0,2,6,0,8,0,0,17,6,23,0,2,23,6,31,48,0,48,79
10/14/2012,NQA,TN,ASO,CE,Federal Contract Tower,0,0,7,0,7,0,0,0,0,0,0,0,7,0,7,0,0,0,7
10/15/2012,NQA,TN,ASO,CE,Federal Contract Tower,0,0,5,17,22,0,0,15,0,15,0,0,20,17,37,20,112,132,169
10/16/2012,NQA,TN,ASO,CE,Federal Contract Tower,0,0,3,6,9,0,0,17,8,25,0,0,20,14,34,0,102,102,136
10/17/2012,NQA,TN,ASO,CE,Federal Contract Tower,0,0,4,0,4,0,0,12,0,12,0,0,16,0,16,6,0,6,22
10/18/2012,NQA,TN,ASO,CE,Federal Contract Tower,0,0,8,2,10,0,0,14,0,14,0,0,22,2,24,4,16,20,44
10/19/2012,NQA,TN,ASO,CE,Federal Contract Tower,0,0,15,12,27,0,0,7,0,7,0,0,22,12,34,26,72,98,132
10/20/2012,NQA,TN,ASO,CE,Federal Contract Tower,0,0,2,2,4,0,0,12,2,14,0,0,14,4,18,2,12,14,32
10/21/2012,NQA,TN,ASO,CE,Federal Contract Tower,0,0,2,9,11,0,0,19,1,20,0,0,21,10,31,14,0,14,45
10/22/2012,NQA,TN,ASO,CE,Federal Contract Tower,0,2,2,18,22,0,1,6,8,15,0,3,8,26,37,0,134,134,171
10/23/2012,NQA,TN,ASO,CE,Federal Contract Tower,0,0,2,6,8,0,0,14,6,20,0,0,16,12,28,0,76,76,104
10/24/2012,NQA,TN,ASO,CE,Federal Contract Tower,0,0,5,6,11,0,4,5,4,13,0,4,10,10,24,2,110,112,136
10/25/2012,NQA,TN,ASO,CE,Federal Contract Tower,0,5,4,2,11,0,1,14,3,18,0,6,18,5,29,16,44,60,89
10/26/2012,NQA,TN,ASO,CE,Federal Contract Tower,0,0,1,0,1,0,0,0,0,0,0,0,1,0,1,0,0,0,1
10/27/2012,NQA,TN,ASO,CE,Federal Contract Tower,0,0,0,28,28,0,0,10,0,10,0,0,10,28,38,0,28,28,66
10/28/2012,NQA,TN,ASO,CE,Federal Contract Tower,0,1,3,2,6,0,0,11,0,11,0,1,14,2,17,18,0,18,35
10/29/2012,NQA,TN,ASO,CE,Federal Contract Tower,0,0,5,10,15,0,0,7,13,20,0,0,12,23,35,32,166,198,233
10/30/2012,NQA,TN,ASO,CE,Federal Contract Tower,0,0,5,12,17,0,0,12,2,14,0,0,17,14,31,2,92,94,125
10/31/2012,NQA,TN,ASO,CE,Federal Contract Tower,0,1,2,6,9,0,0,7,5,12,0,1,9,11,21,0,16,16,37
11/01/2012,NQA,TN,ASO,CE,Federal Contract Tower,0,1,4,13,18,0,1,5,13,19,0,2,9,26,37,0,136,136,173
11/02/2012,NQA,TN,ASO,CE,Federal Contract Tower,0,4,7,2,13,0,0,22,1,23,0,4,29,3,36,22,10,32,68
11/03/2012,NQA,TN,ASO,CE,Federal Contract Tower,0,1,2,0,3,0,0,12,1,13,0,1,14,1,16,20,0,20,36
11/04/2012,NQA,TN,ASO,CE,Federal Contract Tower,0,0,11,3,14,0,0,13,0,13,0,0,24,3,27,0,0,0,27
11/05/2012,NQA,TN,ASO,CE,Federal Contract Tower,0,0,0,2,2,0,0,5,1,6,0,0,5,3,8,0,2,2,10
11/06/2012,NQA,TN,ASO,CE,Federal Contract Tower,0,0,3,4,7,0,0,14,0,14,0,0,17,4,21,4,0,4,25
11/07/2012,NQA,TN,ASO,CE,Federal Contract Tower,0,0,2,4,6,0,2,5,3,10,0,2,7,7,16,2,24,26,42
11/08/2012,NQA,TN,ASO,CE,Federal Contract Tower,0,0,4,4,8,0,0,10,8,18,0,0,14,12,26,42,76,118,144
11/09/2012,NQA,TN,ASO,CE,Federal Contract Tower,0,0,8,14,22,0,2,7,3,12,0,2,15,17,34,12,0,12,46
11/10/2012,NQA,TN,ASO,CE,Federal Contract Tower,0,0,3,21,24,0,0,16,8,24,0,0,19,29,48,50,88,138,186
11/11/2012,NQA,TN,ASO,CE,Federal Contract Tower,0,0,8,0,8,0,0,0,0,0,0,0,8,0,8,0,0,0,8
11/12/2012,NQA,TN,ASO,CE,Federal Contract Tower,0,0,6,0,6,0,0,13,0,13,0,0,19,0,19,12,0,12,31
11/13/2012,NQA,TN,ASO,CE,Federal Contract Tower,0,0,6,0,6,0,0,30,0,30,0,0,36,0,36,16,0,16,52
11/14/2012,NQA,TN,ASO,CE,Federal Contract Tower,0,1,7,9,17,0,2,18,0,20,0,3,25,9,37,12,112,124,161
11/15/2012,NQA,TN,ASO,CE,Federal Contract Tower,0,1,3,0,4,0,0,16,7,23,0,1,19,7,27,22,0,22,49
11/16/2012,NQA,TN,ASO,CE,Federal Contract Tower,0,2,4,16,22,0,0,21,0,21,0,2,25,16,43,8,48,56,99
11/17/2012,NQA,TN,ASO,CE,Federal Contract Tower,0,2,2,4,8,0,0,20,5,25,0,2,22,9,33,12,4,16,49
11/18/2012,NQA,TN,ASO,CE,Federal Contract Tower,0,0,5,3,8,0,0,11,0,11,0,0,16,3,19,12,0,12,31
11/19/2012,NQA,TN,ASO,CE,Federal Contract Tower,0,2,4,6,12,0,0,9,4,13,0,2,13,10,25,0,46,46,71
11/20/2012,NQA,TN,ASO,CE,Federal Contract Tower,0,0,6,2,8,0,0,6,2,8,0,0,12,4,16,0,56,56,72
11/21/2012,NQA,TN,ASO,CE,Federal Contract Tower,0,2,7,2,11,0,0,27,4,31,0,2,34,6,42,44,66,110,152
11/22/2012,NQA,TN,ASO,CE,Federal Contract Tower,0,0,0,0,0,0,0,10,0,10,0,0,10,0,10,2,0,2,12
11/23/2012,NQA,TN,ASO,CE,Federal Contract Tower,0,0,2,0,2,0,0,15,0,15,0,0,17,0,17,14,0,14,31
11/24/2012,NQA,TN,ASO,CE,Federal Contract Tower,0,1,7,0,8,0,0,22,0,22,0,1,29,0,30,6,0,6,36
11/25/2012,NQA,TN,ASO,CE,Federal Contract Tower,0,1,3,0,4,0,0,14,0,14,0,1,17,0,18,10,0,10,28
11/26/2012,NQA,TN,ASO,CE,Federal Contract Tower,0,8,6,2,16,0,0,0,0,0,0,8,6,2,16,0,0,0,16
11/27/2012,NQA,TN,ASO,CE,Federal Contract Tower,0,0,4,15,19,0,0,3,2,5,0,0,7,17,24,4,52,56,80
11/28/2012,NQA,TN,ASO,CE,Federal Contract Tower,0,1,10,10,21,0,1,14,2,17,0,2,24,12,38,8,20,28,66
11/29/2012,NQA,TN,ASO,CE,Federal Contract Tower,0,2,7,9,18,0,0,8,2,10,0,2,15,11,28,0,74,74,102
11/30/2012,NQA,TN,ASO,CE,Federal Contract Tower,0,9,9,0,18,0,0,15,0,15,0,9,24,0,33,6,44,50,83
12/01/2012,NQA,TN,ASO,CE,Federal Contract Tower,0,1,5,1,7,0,1,23,0,24,0,2,28,1,31,6,0,6,37
12/02/2012,NQA,TN,ASO,CE,Federal Contract Tower,0,2,3,2,7,0,0,17,0,17,0,2,20,2,24,0,0,0,24
12/03/2012,NQA,TN,ASO,CE,Federal Contract Tower,0,0,6,4,10,0,0,3,0,3,0,0,9,4,13,0,6,6,19
12/04/2012,NQA,TN,ASO,CE,Federal Contract Tower,0,0,5,0,5,0,0,0,0,0,0,0,5,0,5,0,0,0,5
12/05/2012,NQA,TN,ASO,CE,Federal Contract Tower,0,0,5,13,18,0,0,6,11,17,0,0,11,24,35,0,142,142,177
12/06/2012,NQA,TN,ASO,CE,Federal Contract Tower,0,2,14,2,18,0,0,0,0,0,0,2,14,2,18,0,0,0,18
12/07/2012,NQA,TN,ASO,CE,Federal Contract Tower,0,4,8,19,31,0,0,3,0,3,0,4,11,19,34,6,0,6,40
12/08/2012,NQA,TN,ASO,CE,Federal Contract Tower,0,0,0,0,0,0,0,0,0,0,0,0,0,0,0,0,0,0,0
12/09/2012,NQA,TN,ASO,CE,Federal Contract Tower,2,2,5,1,10,0,0,2,2,4,2,2,7,3,14,0,0,0,14
12/10/2012,NQA,TN,ASO,CE,Federal Contract Tower,0,0,3,3,6,0,0,5,4,9,0,0,8,7,15,0,74,74,89
12/11/2012,NQA,TN,ASO,CE,Federal Contract Tower,0,0,0,9,9,0,0,10,12,22,0,0,10,21,31,18,102,120,151
12/12/2012,NQA,TN,ASO,CE,Federal Contract Tower,0,0,6,7,13,0,0,10,8,18,0,0,16,15,31,0,82,82,113
12/13/2012,NQA,TN,ASO,CE,Federal Contract Tower,0,0,2,7,9,0,0,18,10,28,0,0,20,17,37,6,110,116,153
12/14/2012,NQA,TN,ASO,CE,Federal Contract Tower,0,4,3,4,11,0,0,10,6,16,0,4,13,10,27,8,102,110,137
12/15/2012,NQA,TN,ASO,CE,Federal Contract Tower,0,2,2,0,4,0,0,0,0,0,0,2,2,0,4,0,0,0,4
12/16/2012,NQA,TN,ASO,CE,Federal Contract Tower,0,2,3,2,7,0,0,1,0,1,0,2,4,2,8,0,0,0,8
12/17/2012,NQA,TN,ASO,CE,Federal Contract Tower,0,2,6,7,15,0,0,10,0,10,0,2,16,7,25,8,12,20,45
12/18/2012,NQA,TN,ASO,CE,Federal Contract Tower,0,5,16,10,31,0,2,8,0,10,0,7,24,10,41,0,66,66,107
12/19/2012,NQA,TN,ASO,CE,Federal Contract Tower,0,3,0,6,9,0,0,6,8,14,0,3,6,14,23,0,138,138,161
12/20/2012,NQA,TN,ASO,CE,Federal Contract Tower,0,2,4,0,6,0,1,1,1,3,0,3,5,1,9,0,0,0,9
12/21/2012,NQA,TN,ASO,CE,Federal Contract Tower,0,4,5,0,9,0,2,7,1,10,0,6,12,1,19,0,0,0,19
12/22/2012,NQA,TN,ASO,CE,Federal Contract Tower,0,0,3,1,4,0,0,14,1,15,0,0,17,2,19,40,0,40,59
12/23/2012,NQA,TN,ASO,CE,Federal Contract Tower,0,0,4,0,4,0,0,2,0,2,0,0,6,0,6,0,0,0,6
12/24/2012,NQA,TN,ASO,CE,Federal Contract Tower,0,0,5,0,5,0,0,0,0,0,0,0,5,0,5,0,0,0,5
12/25/2012,NQA,TN,ASO,CE,Federal Contract Tower,0,0,0,0,0,0,0,0,0,0,0,0,0,0,0,0,0,0,0
12/26/2012,NQA,TN,ASO,CE,Federal Contract Tower,0,0,0,0,0,0,0,0,0,0,0,0,0,0,0,0,0,0,0
12/27/2012,NQA,TN,ASO,CE,Federal Contract Tower,0,0,6,0,6,0,2,9,0,11,0,2,15,0,17,6,0,6,23
12/28/2012,NQA,TN,ASO,CE,Federal Contract Tower,0,0,1,0,1,0,0,0,0,0,0,0,1,0,1,0,0,0,1
12/29/2012,NQA,TN,ASO,CE,Federal Contract Tower,0,0,4,0,4,0,0,3,0,3,0,0,7,0,7,0,0,0,7
12/30/2012,NQA,TN,ASO,CE,Federal Contract Tower,0,0,2,0,2,0,4,8,2,14,0,4,10,2,16,2,0,2,18
12/31/2012,NQA,TN,ASO,CE,Federal Contract Tower,0,1,0,0,1,0,1,5,0,6,0,2,5,0,7,10,0,10,17
01/01/2013,NQA,TN,ASO,CE,Federal Contract Tower,0,0,3,0,3,0,0,0,0,0,0,0,3,0,3,0,0,0,3
01/02/2013,NQA,TN,ASO,CE,Federal Contract Tower,0,0,6,4,10,0,0,2,0,2,0,0,8,4,12,6,32,38,50
01/03/2013,NQA,TN,ASO,CE,Federal Contract Tower,0,0,2,8,10,0,0,6,1,7,0,0,8,9,17,0,92,92,109
01/04/2013,NQA,TN,ASO,CE,Federal Contract Tower,0,0,3,6,9,0,0,18,1,19,0,0,21,7,28,12,66,78,106
01/05/2013,NQA,TN,ASO,CE,Federal Contract Tower,0,0,4,0,4,0,0,10,0,10,0,0,14,0,14,16,0,16,30
01/06/2013,NQA,TN,ASO,CE,Federal Contract Tower,0,0,2,2,4,0,0,13,0,13,0,0,15,2,17,42,0,42,59
01/07/2013,NQA,TN,ASO,CE,Federal Contract Tower,0,4,0,10,14,0,0,16,1,17,0,4,16,11,31,20,88,108,139
01/08/2013,NQA,TN,ASO,CE,Federal Contract Tower,0,0,9,10,19,0,0,5,0,5,0,0,14,10,24,0,46,46,70
01/09/2013,NQA,TN,ASO,CE,Federal Contract Tower,0,0,5,0,5,0,0,0,0,0,0,0,5,0,5,0,0,0,5
01/10/2013,NQA,TN,ASO,CE,Federal Contract Tower,0,0,8,0,8,0,0,0,0,0,0,0,8,0,8,0,0,0,8
01/11/2013,NQA,TN,ASO,CE,Federal Contract Tower,0,2,6,14,22,0,0,21,21,42,0,2,27,35,64,10,100,110,174
01/12/2013,NQA,TN,ASO,CE,Federal Contract Tower,0,0,8,0,8,0,0,10,0,10,0,0,18,0,18,12,0,12,30
01/13/2013,NQA,TN,ASO,CE,Federal Contract Tower,0,4,2,0,6,0,0,0,0,0,0,4,2,0,6,0,0,0,6
01/14/2013,NQA,TN,ASO,CE,Federal Contract Tower,0,0,0,2,2,0,0,1,2,3,0,0,1,4,5,0,30,30,35
01/15/2013,NQA,TN,ASO,CE,Federal Contract Tower,0,1,1,0,2,0,0,1,0,1,0,1,2,0,3,0,0,0,3
01/16/2013,NQA,TN,ASO,CE,Federal Contract Tower,0,1,5,6,12,0,0,5,1,6,0,1,10,7,18,6,28,34,52
01/17/2013,NQA,TN,ASO,CE,Federal Contract Tower,0,2,2,2,6,0,0,2,2,4,0,2,4,4,10,0,22,22,32
01/18/2013,NQA,TN,ASO,CE,Federal Contract Tower,0,4,2,12,18,0,0,17,3,20,0,4,19,15,38,8,54,62,100
01/19/2013,NQA,TN,ASO,CE,Federal Contract Tower,0,0,10,6,16,0,0,21,1,22,0,0,31,7,38,20,6,26,64
01/20/2013,NQA,TN,ASO,CE,Federal Contract Tower,0,2,2,3,7,0,0,10,1,11,0,2,12,4,18,22,0,22,40
01/21/2013,NQA,TN,ASO,CE,Federal Contract Tower,0,0,4,3,7,0,0,5,0,5,0,0,9,3,12,8,4,12,24
01/22/2013,NQA,TN,ASO,CE,Federal Contract Tower,0,0,5,4,9,0,3,4,2,9,0,3,9,6,18,0,84,84,102
01/23/2013,NQA,TN,ASO,CE,Federal Contract Tower,0,3,4,9,16,0,2,9,12,23,0,5,13,21,39,0,138,138,177
01/24/2013,NQA,TN,ASO,CE,Federal Contract Tower,0,2,2,4,8,0,0,12,6,18,0,2,14,10,26,6,74,80,106
01/25/2013,NQA,TN,ASO,CE,Federal Contract Tower,0,0,3,1,4,0,0,0,0,0,0,0,3,1,4,0,0,0,4
01/26/2013,NQA,TN,ASO,CE,Federal Contract Tower,0,0,0,1,1,0,0,19,0,19,0,0,19,1,20,12,0,12,32
01/27/2013,NQA,TN,ASO,CE,Federal Contract Tower,0,2,7,0,9,0,0,3,0,3,0,2,10,0,12,2,0,2,14
01/28/2013,NQA,TN,ASO,CE,Federal Contract Tower,0,1,2,8,11,0,0,9,2,11,0,1,11,10,22,0,54,54,76
01/29/2013,NQA,TN,ASO,CE,Federal Contract Tower,0,0,0,8,8,0,2,5,0,7,0,2,5,8,15,0,2,2,17
01/30/2013,NQA,TN,ASO,CE,Federal Contract Tower,0,0,4,2,6,0,0,0,0,0,0,0,4,2,6,0,2,2,8
01/31/2013,NQA,TN,ASO,CE,Federal Contract Tower,0,0,5,29,34,0,0,18,8,26,0,0,23,37,60,16,136,152,212
02/01/2013,NQA,TN,ASO,CE,Federal Contract Tower,0,0,12,6,18,0,2,15,8,25,0,2,27,14,43,4,88,92,135
02/02/2013,NQA,TN,ASO,CE,Federal Contract Tower,0,0,3,0,3,0,0,26,0,26,0,0,29,0,29,42,0,42,71
02/03/2013,NQA,TN,ASO,CE,Federal Contract Tower,0,0,7,0,7,0,0,25,0,25,0,0,32,0,32,14,0,14,46
02/04/2013,NQA,TN,ASO,CE,Federal Contract Tower,0,0,2,4,6,0,0,5,0,5,0,0,7,4,11,0,60,60,71
02/05/2013,NQA,TN,ASO,CE,Federal Contract Tower,0,0,2,2,4,0,0,14,2,16,0,0,16,4,20,22,36,58,78
02/06/2013,NQA,TN,ASO,CE,Federal Contract Tower,0,0,0,8,8,0,0,19,2,21,0,0,19,10,29,20,40,60,89
02/07/2013,NQA,TN,ASO,CE,Federal Contract Tower,0,0,2,17,19,0,0,7,7,14,0,0,9,24,33,0,126,126,159
02/08/2013,NQA,TN,ASO,CE,Federal Contract Tower,0,6,12,2,20,0,0,2,0,2,0,6,14,2,22,0,0,0,22
02/09/2013,NQA,TN,ASO,CE,Federal Contract Tower,0,0,3,0,3,0,0,27,0,27,0,0,30,0,30,14,0,14,44
02/10/2013,NQA,TN,ASO,CE,Federal Contract Tower,0,2,2,2,6,0,0,0,0,0,0,2,2,2,6,0,0,0,6
02/11/2013,NQA,TN,ASO,CE,Federal Contract Tower,0,4,7,15,26,0,0,30,2,32,0,4,37,17,58,0,136,136,194
02/12/2013,NQA,TN,ASO,CE,Federal Contract Tower,0,0,9,4,13,0,0,9,2,11,0,0,18,6,24,0,6,6,30
02/13/2013,NQA,TN,ASO,CE,Federal Contract Tower,0,4,5,7,16,0,0,9,3,12,0,4,14,10,28,18,38,56,84
02/14/2013,NQA,TN,ASO,CE,Federal Contract Tower,0,0,6,19,25,0,0,19,1,20,0,0,25,20,45,0,54,54,99
02/15/2013,NQA,TN,ASO,CE,Federal Contract Tower,0,3,6,2,11,0,1,15,0,16,0,4,21,2,27,18,30,48,75
02/16/2013,NQA,TN,ASO,CE,Federal Contract Tower,0,2,1,0,3,0,0,10,0,10,0,2,11,0,13,0,0,0,13
02/17/2013,NQA,TN,ASO,CE,Federal Contract Tower,0,4,8,0,12,0,0,19,0,19,0,4,27,0,31,44,0,44,75
02/18/2013,NQA,TN,ASO,CE,Federal Contract Tower,0,0,2,0,2,0,0,0,0,0,0,0,2,0,2,0,0,0,2
02/19/2013,NQA,TN,ASO,CE,Federal Contract Tower,0,0,2,2,4,0,0,12,0,12,0,0,14,2,16,10,0,10,26
02/20/2013,NQA,TN,ASO,CE,Federal Contract Tower,0,0,1,8,9,0,0,3,3,6,0,0,4,11,15,0,50,50,65
02/21/2013,NQA,TN,ASO,CE,Federal Contract Tower,0,0,6,0,6,0,0,1,0,1,0,0,7,0,7,0,0,0,7
02/22/2013,NQA,TN,ASO,CE,Federal Contract Tower,0,2,11,2,15,0,0,1,0,1,0,2,12,2,16,0,0,0,16
02/23/2013,NQA,TN,ASO,CE,Federal Contract Tower,0,0,4,0,4,0,0,20,2,22,0,0,24,2,26,34,0,34,60
02/24/2013,NQA,TN,ASO,CE,Federal Contract Tower,0,2,4,0,6,0,0,24,0,24,0,2,28,0,30,38,0,38,68
02/25/2013,NQA,TN,ASO,CE,Federal Contract Tower,0,0,2,4,6,0,0,0,1,1,0,0,2,5,7,0,12,12,19
02/26/2013,NQA,TN,ASO,CE,Federal Contract Tower,0,0,0,0,0,0,0,0,0,0,0,0,0,0,0,0,0,0,0
02/27/2013,NQA,TN,ASO,CE,Federal Contract Tower,0,1,0,8,9,0,1,2,4,7,0,2,2,12,16,0,42,42,58
02/28/2013,NQA,TN,ASO,CE,Federal Contract Tower,0,0,13,7,20,0,0,10,1,11,0,0,23,8,31,6,12,18,49
03/01/2013,NQA,TN,ASO,CE,Federal Contract Tower,0,6,3,5,14,0,0,0,1,1,0,6,3,6,15,0,26,26,41
03/02/2013,NQA,TN,ASO,CE,Federal Contract Tower,0,0,5,1,6,0,0,1,0,1,0,0,6,1,7,4,0,4,11
03/03/2013,NQA,TN,ASO,CE,Federal Contract Tower,0,2,10,4,16,0,0,7,1,8,0,2,17,5,24,0,10,10,34
03/04/2013,NQA,TN,ASO,CE,Federal Contract Tower,0,1,7,0,8,0,0,6,0,6,0,1,13,0,14,0,0,0,14
03/05/2013,NQA,TN,ASO,CE,Federal Contract Tower,0,2,2,0,4,0,0,0,0,0,0,2,2,0,4,0,0,0,4
03/06/2013,NQA,TN,ASO,CE,Federal Contract Tower,0,0,7,11,18,0,0,13,9,22,0,0,20,20,40,0,106,106,146
03/07/2013,NQA,TN,ASO,CE,Federal Contract Tower,0,2,8,9,19,0,6,25,5,36,0,8,33,14,55,16,68,84,139
03/08/2013,NQA,TN,ASO,CE,Federal Contract Tower,0,6,3,11,20,0,0,15,8,23,0,6,18,19,43,8,126,134,177
03/09/2013,NQA,TN,ASO,CE,Federal Contract Tower,0,0,8,4,12,0,0,13,0,13,0,0,21,4,25,4,0,4,29
03/10/2013,NQA,TN,ASO,CE,Federal Contract Tower,0,0,7,11,18,0,0,1,0,1,0,0,8,11,19,0,0,0,19
03/11/2013,NQA,TN,ASO,CE,Federal Contract Tower,0,0,1,11,12,0,0,10,7,17,0,0,11,18,29,26,98,124,153
03/12/2013,NQA,TN,ASO,CE,Federal Contract Tower,0,0,5,4,9,0,0,13,2,15,0,0,18,6,24,0,20,20,44
03/13/2013,NQA,TN,ASO,CE,Federal Contract Tower,0,0,6,6,12,0,2,16,2,20,0,2,22,8,32,6,88,94,126
03/14/2013,NQA,TN,ASO,CE,Federal Contract Tower,0,0,5,4,9,0,2,21,3,26,0,2,26,7,35,16,52,68,103
03/15/2013,NQA,TN,ASO,CE,Federal Contract Tower,0,4,4,9,17,0,0,22,4,26,0,4,26,13,43,2,48,50,93
03/16/2013,NQA,TN,ASO,CE,Federal Contract Tower,0,0,5,3,8,0,0,18,0,18,0,0,23,3,26,10,2,12,38
03/17/2013,NQA,TN,ASO,CE,Federal Contract Tower,0,2,10,11,23,0,0,1,0,1,0,2,11,11,24,0,0,0,24
03/18/2013,NQA,TN,ASO,CE,Federal Contract Tower,0,0,2,0,2,0,0,0,0,0,0,0,2,0,2,0,0,0,2
03/19/2013,NQA,TN,ASO,CE,Federal Contract Tower,0,0,8,12,20,0,0,27,4,31,0,0,35,16,51,20,36,56,107
03/20/2013,NQA,TN,ASO,CE,Federal Contract Tower,0,0,8,6,14,0,0,14,0,14,0,0,22,6,28,6,52,58,86
03/21/2013,NQA,TN,ASO,CE,Federal Contract Tower,0,2,14,14,30,0,0,17,2,19,0,2,31,16,49,18,136,154,203
03/22/2013,NQA,TN,ASO,CE,Federal Contract Tower,0,4,2,8,14,0,0,2,3,5,0,4,4,11,19,0,4,4,23
03/23/2013,NQA,TN,ASO,CE,Federal Contract Tower,0,0,4,4,8,0,0,2,2,4,0,0,6,6,12,0,0,0,12
03/24/2013,NQA,TN,ASO,CE,Federal Contract Tower,0,1,4,0,5,0,0,0,0,0,0,1,4,0,5,0,0,0,5
03/25/2013,NQA,TN,ASO,CE,Federal Contract Tower,0,0,10,0,10,0,1,3,3,7,0,1,13,3,17,6,120,126,143
03/26/2013,NQA,TN,ASO,CE,Federal Contract Tower,0,0,7,9,16,0,0,2,4,6,0,0,9,13,22,4,120,124,146
03/27/2013,NQA,TN,ASO,CE,Federal Contract Tower,0,0,14,3,17,0,0,11,1,12,0,0,25,4,29,16,36,52,81
03/28/2013,NQA,TN,ASO,CE,Federal Contract Tower,0,0,1,2,3,0,0,10,1,11,0,0,11,3,14,56,0,56,70
03/29/2013,NQA,TN,ASO,CE,Federal Contract Tower,0,2,5,0,7,0,0,0,0,0,0,2,5,0,7,0,0,0,7
03/30/2013,NQA,TN,ASO,CE,Federal Contract Tower,0,0,1,0,1,0,0,0,0,0,0,0,1,0,1,0,0,0,1
03/31/2013,NQA,TN,ASO,CE,Federal Contract Tower,0,0,0,0,0,0,0,1,0,1,0,0,1,0,1,0,0,0,1
04/01/2013,NQA,TN,ASO,CE,Federal Contract Tower,0,4,8,4,16,0,0,24,2,26,0,4,32,6,42,42,58,100,142
04/02/2013,NQA,TN,ASO,CE,Federal Contract Tower,0,0,3,2,5,0,0,13,2,15,0,0,16,4,20,22,48,70,90
04/03/2013,NQA,TN,ASO,CE,Federal Contract Tower,0,2,4,6,12,0,0,6,2,8,0,2,10,8,20,4,74,78,98
04/04/2013,NQA,TN,ASO,CE,Federal Contract Tower,0,0,3,0,3,0,0,0,0,0,0,0,3,0,3,0,0,0,3
04/05/2013,NQA,TN,ASO,CE,Federal Contract Tower,0,2,9,8,19,0,0,12,0,12,0,2,21,8,31,8,30,38,69
04/06/2013,NQA,TN,ASO,CE,Federal Contract Tower,0,0,1,0,1,0,0,10,0,10,0,0,11,0,11,8,0,8,19
04/07/2013,NQA,TN,ASO,CE,Federal Contract Tower,0,2,13,4,19,0,0,6,0,6,0,2,19,4,25,8,0,8,33
04/08/2013,NQA,TN,ASO,CE,Federal Contract Tower,0,0,2,1,3,0,0,4,1,5,0,0,6,2,8,16,6,22,30
04/09/2013,NQA,TN,ASO,CE,Federal Contract Tower,0,2,8,1,11,0,0,4,1,5,0,2,12,2,16,0,0,0,16
04/10/2013,NQA,TN,ASO,CE,Federal Contract Tower,0,1,3,2,6,0,1,3,0,4,0,2,6,2,10,8,0,8,18
04/11/2013,NQA,TN,ASO,CE,Federal Contract Tower,0,2,6,0,8,0,0,2,0,2,0,2,8,0,10,0,0,0,10
04/12/2013,NQA,TN,ASO,CE,Federal Contract Tower,0,2,8,7,17,0,0,22,2,24,0,2,30,9,41,46,40,86,127
04/13/2013,NQA,TN,ASO,CE,Federal Contract Tower,0,0,4,0,4,0,0,18,1,19,0,0,22,1,23,12,0,12,35
04/14/2013,NQA,TN,ASO,CE,Federal Contract Tower,0,2,5,1,8,0,0,7,0,7,0,2,12,1,15,0,0,0,15
04/15/2013,NQA,TN,ASO,CE,Federal Contract Tower,0,0,5,11,16,0,0,5,1,6,0,0,10,12,22,0,0,0,22
04/16/2013,NQA,TN,ASO,CE,Federal Contract Tower,0,0,5,24,29,0,0,2,4,6,0,0,7,28,35,6,54,60,95
04/17/2013,NQA,TN,ASO,CE,Federal Contract Tower,0,2,6,9,17,0,0,5,6,11,0,2,11,15,28,14,72,86,114
04/18/2013,NQA,TN,ASO,CE,Federal Contract Tower,0,0,1,0,1,0,0,3,0,3,0,0,4,0,4,2,0,2,6
04/19/2013,NQA,TN,ASO,CE,Federal Contract Tower,0,2,5,0,7,0,0,16,1,17,0,2,21,1,24,26,0,26,50
04/20/2013,NQA,TN,ASO,CE,Federal Contract Tower,0,0,2,0,2,0,0,33,0,33,0,0,35,0,35,4,0,4,39
04/21/2013,NQA,TN,ASO,CE,Federal Contract Tower,0,4,3,0,7,0,0,23,0,23,0,4,26,0,30,32,0,32,62
04/22/2013,NQA,TN,ASO,CE,Federal Contract Tower,0,0,9,0,9,0,0,21,0,21,0,0,30,0,30,6,0,6,36
04/23/2013,NQA,TN,ASO,CE,Federal Contract Tower,0,0,12,0,12,0,0,5,0,5,0,0,17,0,17,18,0,18,35
04/24/2013,NQA,TN,ASO,CE,Federal Contract Tower,0,0,13,0,13,0,0,14,0,14,0,0,27,0,27,12,0,12,39
04/25/2013,NQA,TN,ASO,CE,Federal Contract Tower,0,1,6,4,11,0,0,9,1,10,0,1,15,5,21,12,39,51,72
04/26/2013,NQA,TN,ASO,CE,Federal Contract Tower,0,0,16,7,23,0,0,8,2,10,0,0,24,9,33,4,52,56,89
04/27/2013,NQA,TN,ASO,CE,Federal Contract Tower,0,0,4,0,4,0,0,1,0,1,0,0,5,0,5,0,0,0,5
04/28/2013,NQA,TN,ASO,CE,Federal Contract Tower,0,2,4,0,6,0,0,5,0,5,0,2,9,0,11,8,0,8,19
04/29/2013,NQA,TN,ASO,CE,Federal Contract Tower,0,0,2,9,11,0,0,17,8,25,0,0,19,17,36,0,132,132,168
04/30/2013,NQA,TN,ASO,CE,Federal Contract Tower,0,1,7,8,16,0,0,11,2,13,0,1,18,10,29,23,40,63,92
05/01/2013,NQA,TN,ASO,CE,Federal Contract Tower,0,0,6,13,19,0,0,5,0,5,0,0,11,13,24,6,60,66,90
05/02/2013,NQA,TN,ASO,CE,Federal Contract Tower,0,0,5,9,14,0,0,3,1,4,0,0,8,10,18,0,64,64,82
05/03/2013,NQA,TN,ASO,CE,Federal Contract Tower,0,4,1,1,6,0,0,0,0,0,0,4,1,1,6,0,0,0,6
05/04/2013,NQA,TN,ASO,CE,Federal Contract Tower,0,0,6,0,6,0,0,11,6,17,0,0,17,6,23,10,0,10,33
05/05/2013,NQA,TN,ASO,CE,Federal Contract Tower,0,2,6,3,11,0,0,1,0,1,0,2,7,3,12,0,0,0,12
05/06/2013,NQA,TN,ASO,CE,Federal Contract Tower,0,0,6,0,6,0,2,13,0,15,0,2,19,0,21,14,0,14,35
05/07/2013,NQA,TN,ASO,CE,Federal Contract Tower,0,2,9,11,22,0,0,26,1,27,0,2,35,12,49,116,40,156,205
05/08/2013,NQA,TN,ASO,CE,Federal Contract Tower,0,0,7,0,7,0,0,19,0,19,0,0,26,0,26,0,0,0,26
05/09/2013,NQA,TN,ASO,CE,Federal Contract Tower,0,0,14,6,20,0,0,15,2,17,0,0,29,8,37,4,60,64,101
05/10/2013,NQA,TN,ASO,CE,Federal Contract Tower,0,2,7,0,9,0,0,4,0,4,0,2,11,0,13,0,0,0,13
05/11/2013,NQA,TN,ASO,CE,Federal Contract Tower,0,2,5,0,7,0,0,10,0,10,0,2,15,0,17,6,0,6,23
05/12/2013,NQA,TN,ASO,CE,Federal Contract Tower,0,4,4,0,8,0,0,12,0,12,0,4,16,0,20,4,0,4,24
05/13/2013,NQA,TN,ASO,CE,Federal Contract Tower,0,0,6,6,12,0,0,10,4,14,0,0,16,10,26,28,74,102,128
05/14/2013,NQA,TN,ASO,CE,Federal Contract Tower,0,0,10,11,21,0,0,5,6,11,0,0,15,17,32,0,76,76,108
05/15/2013,NQA,TN,ASO,CE,Federal Contract Tower,0,0,6,10,16,0,1,23,12,36,0,1,29,22,52,16,128,144,196
05/16/2013,NQA,TN,ASO,CE,Federal Contract Tower,0,0,15,8,23,0,0,5,0,5,0,0,20,8,28,0,56,56,84
05/17/2013,NQA,TN,ASO,CE,Federal Contract Tower,0,6,6,0,12,0,0,2,0,2,0,6,8,0,14,0,0,0,14
05/18/2013,NQA,TN,ASO,CE,Federal Contract Tower,0,0,8,0,8,0,0,4,0,4,0,0,12,0,12,8,0,8,20
05/19/2013,NQA,TN,ASO,CE,Federal Contract Tower,0,2,4,0,6,0,0,15,2,17,0,2,19,2,23,20,0,20,43
05/20/2013,NQA,TN,ASO,CE,Federal Contract Tower,0,1,6,6,13,0,1,10,7,18,0,2,16,13,31,8,104,112,143
05/21/2013,NQA,TN,ASO,CE,Federal Contract Tower,0,2,3,0,5,0,0,3,0,3,0,2,6,0,8,0,0,0,8
05/22/2013,NQA,TN,ASO,CE,Federal Contract Tower,0,3,13,17,33,0,1,13,4,18,0,4,26,21,51,18,138,156,207
05/23/2013,NQA,TN,ASO,CE,Federal Contract Tower,0,0,9,7,16,0,0,11,3,14,0,0,20,10,30,4,72,76,106
05/24/2013,NQA,TN,ASO,CE,Federal Contract Tower,0,2,14,0,16,0,0,10,0,10,0,2,24,0,26,4,0,4,30
05/25/2013,NQA,TN,ASO,CE,Federal Contract Tower,0,1,3,1,5,0,1,23,2,26,0,2,26,3,31,14,0,14,45
05/26/2013,NQA,TN,ASO,CE,Federal Contract Tower,0,2,7,0,9,0,0,21,0,21,0,2,28,0,30,38,0,38,68
05/27/2013,NQA,TN,ASO,CE,Federal Contract Tower,0,0,1,0,1,0,0,16,0,16,0,0,17,0,17,22,0,22,39
05/28/2013,NQA,TN,ASO,CE,Federal Contract Tower,0,0,3,0,3,0,0,16,0,16,0,0,19,0,19,30,0,30,49
05/29/2013,NQA,TN,ASO,CE,Federal Contract Tower,0,0,6,13,19,0,0,29,4,33,0,0,35,17,52,0,142,142,194
05/30/2013,NQA,TN,ASO,CE,Federal Contract Tower,0,0,6,19,25,0,0,8,6,14,0,0,14,25,39,0,102,102,141
05/31/2013,NQA,TN,ASO,CE,Federal Contract Tower,0,12,18,6,36,0,1,16,0,17,0,13,34,6,53,6,12,18,71
06/01/2013,NQA,TN,ASO,CE,Federal Contract Tower,0,1,10,0,11,0,0,1,0,1,0,1,11,0,12,0,0,0,12
06/02/2013,NQA,TN,ASO,CE,Federal Contract Tower,0,0,15,12,27,0,0,10,4,14,0,0,25,16,41,6,42,48,89
06/03/2013,NQA,TN,ASO,CE,Federal Contract Tower,0,1,2,4,7,0,3,15,0,18,0,4,17,4,25,4,0,4,29
06/04/2013,NQA,TN,ASO,CE,Federal Contract Tower,0,0,16,10,26,0,2,23,4,29,0,2,39,14,55,26,148,174,229
06/05/2013,NQA,TN,ASO,CE,Federal Contract Tower,0,2,11,8,21,0,0,8,5,13,0,2,19,13,34,0,50,50,84
06/06/2013,NQA,TN,ASO,CE,Federal Contract Tower,0,2,8,3,13,0,0,7,7,14,0,2,15,10,27,0,38,38,65
06/07/2013,NQA,TN,ASO,CE,Federal Contract Tower,0,0,8,10,18,0,0,28,4,32,0,0,36,14,50,22,66,88,138
06/08/2013,NQA,TN,ASO,CE,Federal Contract Tower,0,0,7,3,10,0,0,24,0,24,0,0,31,3,34,10,0,10,44
06/09/2013,NQA,TN,ASO,CE,Federal Contract Tower,0,0,3,0,3,0,0,2,0,2,0,0,5,0,5,6,0,6,11
06/10/2013,NQA,TN,ASO,CE,Federal Contract Tower,0,0,4,2,6,0,0,17,6,23,0,0,21,8,29,0,24,24,53
06/11/2013,NQA,TN,ASO,CE,Federal Contract Tower,4,3,8,4,19,0,6,38,2,46,4,9,46,6,65,36,28,64,129
06/12/2013,NQA,TN,ASO,CE,Federal Contract Tower,0,0,4,4,8,0,3,15,10,28,0,3,19,14,36,16,62,78,114
06/13/2013,NQA,TN,ASO,CE,Federal Contract Tower,0,2,3,8,13,0,2,27,3,32,0,4,30,11,45,16,124,140,185
06/14/2013,NQA,TN,ASO,CE,Federal Contract Tower,0,2,8,10,20,0,2,26,0,28,0,4,34,10,48,56,24,80,128
06/15/2013,NQA,TN,ASO,CE,Federal Contract Tower,0,0,4,0,4,0,1,14,0,15,0,1,18,0,19,14,0,14,33
06/16/2013,NQA,TN,ASO,CE,Federal Contract Tower,0,0,1,6,7,0,0,13,0,13,0,0,14,6,20,10,0,10,30
06/17/2013,NQA,TN,ASO,CE,Federal Contract Tower,0,2,2,4,8,0,0,5,0,5,0,2,7,4,13,6,0,6,19
06/18/2013,NQA,TN,ASO,CE,Federal Contract Tower,0,1,26,8,35,0,0,9,4,13,0,1,35,12,48,32,72,104,152
06/19/2013,NQA,TN,ASO,CE,Federal Contract Tower,0,1,2,28,31,0,0,23,8,31,0,1,25,36,62,2,164,166,228
06/20/2013,NQA,TN,ASO,CE,Federal Contract Tower,0,0,13,17,30,0,0,19,2,21,0,0,32,19,51,10,44,54,105
06/21/2013,NQA,TN,ASO,CE,Federal Contract Tower,0,0,1,18,19,0,2,12,1,15,0,2,13,19,34,0,34,34,68
06/22/2013,NQA,TN,ASO,CE,Federal Contract Tower,0,0,9,0,9,0,0,23,1,24,0,0,32,1,33,4,0,4,37
06/23/2013,NQA,TN,ASO,CE,Federal Contract Tower,0,0,4,4,8,0,0,16,3,19,0,0,20,7,27,6,0,6,33
06/24/2013,NQA,TN,ASO,CE,Federal Contract Tower,0,0,8,10,18,0,0,8,12,20,0,0,16,22,38,10,192,202,240
06/25/2013,NQA,TN,ASO,CE,Federal Contract Tower,0,1,5,11,17,0,4,15,12,31,0,5,20,23,48,14,80,94,142
06/26/2013,NQA,TN,ASO,CE,Federal Contract Tower,0,0,0,10,10,0,0,21,12,33,0,0,21,22,43,20,120,140,183
06/27/2013,NQA,TN,ASO,CE,Federal Contract Tower,0,5,9,2,16,0,2,21,5,28,0,7,30,7,44,16,62,78,122
06/28/2013,NQA,TN,ASO,CE,Federal Contract Tower,0,9,8,12,29,0,0,17,0,17,0,9,25,12,46,2,24,26,72
06/29/2013,NQA,TN,ASO,CE,Federal Contract Tower,0,2,6,5,13,0,6,21,0,27,0,8,27,5,40,28,0,28,68
06/30/2013,NQA,TN,ASO,CE,Federal Contract Tower,0,0,6,2,8,0,0,15,0,15,0,0,21,2,23,8,0,8,31
07/01/2013,NQA,TN,ASO,CE,Federal Contract Tower,0,0,4,0,4,0,0,7,0,7,0,0,11,0,11,0,0,0,11
07/02/2013,NQA,TN,ASO,CE,Federal Contract Tower,0,0,9,12,21,0,0,23,3,26,0,0,32,15,47,12,44,56,103
07/03/2013,NQA,TN,ASO,CE,Federal Contract Tower,0,0,6,10,16,0,0,16,6,22,0,0,22,16,38,8,96,104,142
07/04/2013,NQA,TN,ASO,CE,Federal Contract Tower,0,0,2,0,2,0,0,9,0,9,0,0,11,0,11,6,0,6,17
07/05/2013,NQA,TN,ASO,CE,Federal Contract Tower,0,0,0,2,2,0,0,8,0,8,0,0,8,2,10,38,0,38,48
07/06/2013,NQA,TN,ASO,CE,Federal Contract Tower,0,0,1,4,5,0,0,17,0,17,0,0,18,4,22,68,0,68,90
07/07/2013,NQA,TN,ASO,CE,Federal Contract Tower,0,0,2,0,2,0,0,8,0,8,0,0,10,0,10,34,0,34,44
07/08/2013,NQA,TN,ASO,CE,Federal Contract Tower,0,2,9,2,13,0,0,11,0,11,0,2,20,2,24,10,12,22,46
07/09/2013,NQA,TN,ASO,CE,Federal Contract Tower,0,0,3,12,15,0,0,23,6,29,0,0,26,18,44,76,62,138,182
07/10/2013,NQA,TN,ASO,CE,Federal Contract Tower,0,0,0,4,4,0,0,27,9,36,0,0,27,13,40,88,104,192,232
07/11/2013,NQA,TN,ASO,CE,Federal Contract Tower,0,2,17,8,27,0,0,16,6,22,0,2,33,14,49,26,100,126,175
07/12/2013,NQA,TN,ASO,CE,Federal Contract Tower,0,0,1,4,5,0,0,19,4,23,0,0,20,8,28,60,46,106,134
07/13/2013,NQA,TN,ASO,CE,Federal Contract Tower,0,0,2,2,4,0,0,23,0,23,0,0,25,2,27,2,8,10,37
07/14/2013,NQA,TN,ASO,CE,Federal Contract Tower,0,0,4,4,8,0,0,11,0,11,0,0,15,4,19,0,0,0,19
07/15/2013,NQA,TN,ASO,CE,Federal Contract Tower,0,0,3,6,9,0,0,6,4,10,0,0,9,10,19,32,62,94,113
07/16/2013,NQA,TN,ASO,CE,Federal Contract Tower,0,0,5,8,13,0,0,14,10,24,0,0,19,18,37,54,130,184,221
07/17/2013,NQA,TN,ASO,CE,Federal Contract Tower,7,0,5,0,12,0,0,34,0,34,7,0,39,0,46,38,0,38,84
07/18/2013,NQA,TN,ASO,CE,Federal Contract Tower,0,0,7,2,9,0,0,15,2,17,0,0,22,4,26,18,48,66,92
07/19/2013,NQA,TN,ASO,CE,Federal Contract Tower,0,1,8,12,21,0,1,3,2,6,0,2,11,14,27,2,48,50,77
07/20/2013,NQA,TN,ASO,CE,Federal Contract Tower,0,0,4,8,12,0,0,10,0,10,0,0,14,8,22,24,0,24,46
07/21/2013,NQA,TN,ASO,CE,Federal Contract Tower,0,0,2,2,4,0,0,7,0,7,0,0,9,2,11,10,0,10,21
07/22/2013,NQA,TN,ASO,CE,Federal Contract Tower,0,0,11,0,11,0,0,7,1,8,0,0,18,1,19,26,0,26,45
07/23/2013,NQA,TN,ASO,CE,Federal Contract Tower,0,2,1,7,10,0,2,12,1,15,0,4,13,8,25,8,42,50,75
07/24/2013,NQA,TN,ASO,CE,Federal Contract Tower,0,2,5,4,11,0,0,14,0,14,0,2,19,4,25,28,0,28,53
07/25/2013,NQA,TN,ASO,CE,Federal Contract Tower,0,0,8,3,11,0,4,17,2,23,0,4,25,5,34,36,52,88,122
07/26/2013,NQA,TN,ASO,CE,Federal Contract Tower,0,0,5,15,20,0,0,11,5,16,0,0,16,20,36,0,66,66,102
07/27/2013,NQA,TN,ASO,CE,Federal Contract Tower,0,0,1,0,1,0,0,16,0,16,0,0,17,0,17,12,0,12,29
07/28/2013,NQA,TN,ASO,CE,Federal Contract Tower,0,1,5,0,6,0,1,13,0,14,0,2,18,0,20,10,0,10,30
07/29/2013,NQA,TN,ASO,CE,Federal Contract Tower,0,0,9,16,25,0,0,8,0,8,0,0,17,16,33,28,0,28,61
07/30/2013,NQA,TN,ASO,CE,Federal Contract Tower,0,0,8,1,9,0,0,8,0,8,0,0,16,1,17,18,0,18,35
07/31/2013,NQA,TN,ASO,CE,Federal Contract Tower,0,0,8,4,12,0,0,2,1,3,0,0,10,5,15,62,0,62,77
08/01/2013,NQA,TN,ASO,CE,Federal Contract Tower,0,12,10,12,34,0,0,15,4,19,0,12,25,16,53,20,106,126,179
08/02/2013,NQA,TN,ASO,CE,Federal Contract Tower,0,0,4,14,18,0,0,24,0,24,0,0,28,14,42,38,64,102,144
08/03/2013,NQA,TN,ASO,CE,Federal Contract Tower,0,0,5,0,5,0,0,5,0,5,0,0,10,0,10,0,0,0,10
08/04/2013,NQA,TN,ASO,CE,Federal Contract Tower,0,0,8,5,13,0,0,8,1,9,0,0,16,6,22,0,0,0,22
08/05/2013,NQA,TN,ASO,CE,Federal Contract Tower,0,0,6,0,6,0,0,2,0,2,0,0,8,0,8,0,0,0,8
08/06/2013,NQA,TN,ASO,CE,Federal Contract Tower,0,2,2,0,4,0,1,14,0,15,0,3,16,0,19,16,0,16,35
08/07/2013,NQA,TN,ASO,CE,Federal Contract Tower,0,2,7,4,13,0,0,8,0,8,0,2,15,4,21,12,0,12,33
08/08/2013,NQA,TN,ASO,CE,Federal Contract Tower,0,1,10,4,15,0,1,8,2,11,0,2,18,6,26,2,86,88,114
08/09/2013,NQA,TN,ASO,CE,Federal Contract Tower,0,0,6,4,10,0,0,20,0,20,0,0,26,4,30,10,26,36,66
08/10/2013,NQA,TN,ASO,CE,Federal Contract Tower,0,0,15,4,19,0,0,14,0,14,0,0,29,4,33,22,0,22,55
08/11/2013,NQA,TN,ASO,CE,Federal Contract Tower,0,2,5,4,11,0,0,7,0,7,0,2,12,4,18,4,0,4,22
08/12/2013,NQA,TN,ASO,CE,Federal Contract Tower,0,2,6,2,10,0,0,7,2,9,0,2,13,4,19,8,44,52,71
08/13/2013,NQA,TN,ASO,CE,Federal Contract Tower,0,5,3,8,16,0,0,5,0,5,0,5,8,8,21,6,0,6,27
08/14/2013,NQA,TN,ASO,CE,Federal Contract Tower,0,0,4,27,31,0,1,4,20,25,0,1,8,47,56,8,294,302,358
08/15/2013,NQA,TN,ASO,CE,Federal Contract Tower,0,2,9,9,20,0,3,19,4,26,0,5,28,13,46,6,102,108,154
08/16/2013,NQA,TN,ASO,CE,Federal Contract Tower,0,17,7,21,45,0,3,8,1,12,0,20,15,22,57,24,0,24,81
08/17/2013,NQA,TN,ASO,CE,Federal Contract Tower,0,9,8,0,17,0,5,6,5,16,0,14,14,5,33,16,0,16,49
08/18/2013,NQA,TN,ASO,CE,Federal Contract Tower,0,1,10,0,11,0,1,11,0,12,0,2,21,0,23,0,0,0,23
08/19/2013,NQA,TN,ASO,CE,Federal Contract Tower,0,0,8,4,12,0,0,31,12,43,0,0,39,16,55,92,122,214,269
08/20/2013,NQA,TN,ASO,CE,Federal Contract Tower,0,1,8,6,15,0,1,20,8,29,0,2,28,14,44,136,132,268,312
08/21/2013,NQA,TN,ASO,CE,Federal Contract Tower,0,2,9,6,17,0,0,28,6,34,0,2,37,12,51,132,130,262,313
08/22/2013,NQA,TN,ASO,CE,Federal Contract Tower,0,0,10,17,27,0,0,23,6,29,0,0,33,23,56,52,158,210,266
08/23/2013,NQA,TN,ASO,CE,Federal Contract Tower,0,5,8,5,18,0,1,21,2,24,0,6,29,7,42,124,50,174,216
08/24/2013,NQA,TN,ASO,CE,Federal Contract Tower,0,0,0,0,0,0,0,12,0,12,0,0,12,0,12,28,0,28,40
08/25/2013,NQA,TN,ASO,CE,Federal Contract Tower,0,2,6,6,14,0,0,3,0,3,0,2,9,6,17,2,4,6,23
08/26/2013,NQA,TN,ASO,CE,Federal Contract Tower,0,3,7,6,16,0,1,15,1,17,0,4,22,7,33,22,80,102,135
08/27/2013,NQA,TN,ASO,CE,Federal Contract Tower,0,2,5,2,9,0,2,16,4,22,0,4,21,6,31,6,36,42,73
08/28/2013,NQA,TN,ASO,CE,Federal Contract Tower,0,0,9,4,13,0,1,23,2,26,0,1,32,6,39,8,38,46,85
08/29/2013,NQA,TN,ASO,CE,Federal Contract Tower,0,0,4,6,10,0,0,11,4,15,0,0,15,10,25,36,94,130,155
08/30/2013,NQA,TN,ASO,CE,Federal Contract Tower,0,1,17,6,24,0,1,10,7,18,0,2,27,13,42,26,140,166,208
08/31/2013,NQA,TN,ASO,CE,Federal Contract Tower,0,0,6,0,6,0,0,21,1,22,0,0,27,1,28,10,0,10,38
09/01/2013,NQA,TN,ASO,CE,Federal Contract Tower,0,0,5,0,5,0,0,7,0,7,0,0,12,0,12,2,0,2,14
09/02/2013,NQA,TN,ASO,CE,Federal Contract Tower,0,0,1,0,1,0,0,7,0,7,0,0,8,0,8,0,0,0,8
09/03/2013,NQA,TN,ASO,CE,Federal Contract Tower,0,7,8,6,21,0,0,8,10,18,0,7,16,16,39,0,152,152,191
09/04/2013,NQA,TN,ASO,CE,Federal Contract Tower,0,1,2,0,3,0,2,31,0,33,0,3,33,0,36,24,0,24,60
09/05/2013,NQA,TN,ASO,CE,Federal Contract Tower,0,0,10,0,10,0,0,18,0,18,0,0,28,0,28,0,0,0,28
09/06/2013,NQA,TN,ASO,CE,Federal Contract Tower,0,2,2,14,18,0,0,10,6,16,0,2,12,20,34,14,142,156,190
09/07/2013,NQA,TN,ASO,CE,Federal Contract Tower,0,0,7,2,9,0,0,12,0,12,0,0,19,2,21,4,0,4,25
09/08/2013,NQA,TN,ASO,CE,Federal Contract Tower,0,2,0,7,9,0,0,11,0,11,0,2,11,7,20,0,4,4,24
09/09/2013,NQA,TN,ASO,CE,Federal Contract Tower,0,0,8,4,12,0,0,9,3,12,0,0,17,7,24,12,72,84,108
09/10/2013,NQA,TN,ASO,CE,Federal Contract Tower,0,2,7,10,19,0,0,11,0,11,0,2,18,10,30,80,0,80,110
09/11/2013,NQA,TN,ASO,CE,Federal Contract Tower,0,4,9,6,19,0,0,6,2,8,0,4,15,8,27,18,26,44,71
09/12/2013,NQA,TN,ASO,CE,Federal Contract Tower,0,4,0,4,8,0,0,8,0,8,0,4,8,4,16,0,16,16,32
09/13/2013,NQA,TN,ASO,CE,Federal Contract Tower,0,6,14,6,26,0,2,20,0,22,0,8,34,6,48,2,30,32,80
09/14/2013,NQA,TN,ASO,CE,Federal Contract Tower,0,0,5,0,5,0,0,19,0,19,0,0,24,0,24,46,0,46,70
09/15/2013,NQA,TN,ASO,CE,Federal Contract Tower,0,0,14,4,18,0,0,16,6,22,0,0,30,10,40,12,0,12,52
09/16/2013,NQA,TN,ASO,CE,Federal Contract Tower,0,0,2,7,9,0,0,7,8,15,0,0,9,15,24,20,114,134,158
09/17/2013,NQA,TN,ASO,CE,Federal Contract Tower,0,6,6,3,15,0,1,17,2,20,0,7,23,5,35,30,6,36,71
09/18/2013,NQA,TN,ASO,CE,Federal Contract Tower,0,3,2,8,13,0,6,11,9,26,0,9,13,17,39,2,60,62,101
09/19/2013,NQA,TN,ASO,CE,Federal Contract Tower,0,0,5,24,29,0,0,3,6,9,0,0,8,30,38,28,118,146,184
09/20/2013,NQA,TN,ASO,CE,Federal Contract Tower,0,5,7,11,23,0,0,2,0,2,0,5,9,11,25,0,30,30,55
09/21/2013,NQA,TN,ASO,CE,Federal Contract Tower,0,2,1,1,4,0,2,13,0,15,0,4,14,1,19,14,0,14,33
09/22/2013,NQA,TN,ASO,CE,Federal Contract Tower,0,2,3,12,17,0,0,18,0,18,0,2,21,12,35,34,4,38,73
09/23/2013,NQA,TN,ASO,CE,Federal Contract Tower,0,1,8,3,12,0,0,14,3,17,0,1,22,6,29,20,52,72,101
09/24/2013,NQA,TN,ASO,CE,Federal Contract Tower,0,0,3,2,5,0,0,9,2,11,0,0,12,4,16,0,0,0,16
09/25/2013,NQA,TN,ASO,CE,Federal Contract Tower,0,8,7,4,19,0,0,15,2,17,0,8,22,6,36,0,78,78,114
09/26/2013,NQA,TN,ASO,CE,Federal Contract Tower,0,0,6,17,23,0,0,38,4,42,0,0,44,21,65,2,134,136,201
09/27/2013,NQA,TN,ASO,CE,Federal Contract Tower,1,1,7,3,12,0,0,21,0,21,1,1,28,3,33,2,10,12,45
09/28/2013,NQA,TN,ASO,CE,Federal Contract Tower,0,0,5,4,9,0,1,35,0,36,0,1,40,4,45,6,0,6,51
09/29/2013,NQA,TN,ASO,CE,Federal Contract Tower,3,1,5,3,12,0,2,13,0,15,3,3,18,3,27,4,0,4,31
09/30/2013,NQA,TN,ASO,CE,Federal Contract Tower,0,8,16,1,25,0,1,10,0,11,0,9,26,1,36,0,0,0,36
10/01/2013,NQA,TN,ASO,CE,Federal Contract Tower,0,0,4,6,10,0,2,9,0,11,0,2,13,6,21,26,0,26,47
10/02/2013,NQA,TN,ASO,CE,Federal Contract Tower,0,1,6,12,19,0,0,15,3,18,0,1,21,15,37,14,110,124,161
10/03/2013,NQA,TN,ASO,CE,Federal Contract Tower,0,3,7,6,16,0,0,17,5,22,0,3,24,11,38,14,132,146,184
10/04/2013,NQA,TN,ASO,CE,Federal Contract Tower,0,4,7,6,17,0,0,7,0,7,0,4,14,6,24,4,0,4,28
10/05/2013,NQA,TN,ASO,CE,Federal Contract Tower,0,0,1,0,1,0,0,19,0,19,0,0,20,0,20,14,0,14,34
10/06/2013,NQA,TN,ASO,CE,Federal Contract Tower,0,0,14,0,14,0,0,11,0,11,0,0,25,0,25,6,0,6,31
10/07/2013,NQA,TN,ASO,CE,Federal Contract Tower,0,2,3,3,8,0,0,13,3,16,0,2,16,6,24,0,28,28,52
10/08/2013,NQA,TN,ASO,CE,Federal Contract Tower,0,1,10,8,19,0,1,15,2,18,0,2,25,10,37,12,126,138,175
10/09/2013,NQA,TN,ASO,CE,Federal Contract Tower,0,2,7,10,19,0,0,25,9,34,0,2,32,19,53,26,138,164,217
10/10/2013,NQA,TN,ASO,CE,Federal Contract Tower,0,2,6,2,10,0,0,5,2,7,0,2,11,4,17,4,50,54,71
10/11/2013,NQA,TN,ASO,CE,Federal Contract Tower,0,2,3,17,22,0,2,16,6,24,0,4,19,23,46,16,148,164,210
10/12/2013,NQA,TN,ASO,CE,Federal Contract Tower,0,0,7,0,7,0,0,17,0,17,0,0,24,0,24,18,0,18,42
10/13/2013,NQA,TN,ASO,CE,Federal Contract Tower,0,0,7,0,7,0,0,9,0,9,0,0,16,0,16,10,0,10,26
10/14/2013,NQA,TN,ASO,CE,Federal Contract Tower,0,0,10,0,10,0,0,18,0,18,0,0,28,0,28,14,0,14,42
10/15/2013,NQA,TN,ASO,CE,Federal Contract Tower,0,0,5,0,5,0,0,6,0,6,0,0,11,0,11,18,0,18,29
10/16/2013,NQA,TN,ASO,CE,Federal Contract Tower,0,0,6,0,6,0,0,0,0,0,0,0,6,0,6,0,0,0,6
10/17/2013,NQA,TN,ASO,CE,Federal Contract Tower,0,0,3,17,20,0,0,16,1,17,0,0,19,18,37,46,36,82,119
10/18/2013,NQA,TN,ASO,CE,Federal Contract Tower,0,0,26,10,36,0,0,19,6,25,0,0,45,16,61,40,106,146,207
10/19/2013,NQA,TN,ASO,CE,Federal Contract Tower,0,0,3,7,10,0,0,7,5,12,0,0,10,12,22,20,0,20,42
10/20/2013,NQA,TN,ASO,CE,Federal Contract Tower,0,0,1,1,2,0,0,28,6,34,0,0,29,7,36,46,0,46,82
10/21/2013,NQA,TN,ASO,CE,Federal Contract Tower,0,0,4,6,10,0,0,14,4,18,0,0,18,10,28,38,66,104,132
10/22/2013,NQA,TN,ASO,CE,Federal Contract Tower,0,0,0,8,8,0,0,11,7,18,0,0,11,15,26,24,158,182,208
10/23/2013,NQA,TN,ASO,CE,Federal Contract Tower,0,0,10,3,13,0,0,14,1,15,0,0,24,4,28,34,14,48,76
10/24/2013,NQA,TN,ASO,CE,Federal Contract Tower,0,0,7,2,9,0,0,17,8,25,0,0,24,10,34,24,48,72,106
10/25/2013,NQA,TN,ASO,CE,Federal Contract Tower,0,0,9,3,12,0,0,14,0,14,0,0,23,3,26,0,0,0,26
10/26/2013,NQA,TN,ASO,CE,Federal Contract Tower,0,0,5,0,5,0,0,23,0,23,0,0,28,0,28,24,0,24,52
10/27/2013,NQA,TN,ASO,CE,Federal Contract Tower,0,0,10,2,12,0,0,0,0,0,0,0,10,2,12,0,0,0,12
10/28/2013,NQA,TN,ASO,CE,Federal Contract Tower,0,0,10,14,24,0,0,7,2,9,0,0,17,16,33,0,52,52,85
10/29/2013,NQA,TN,ASO,CE,Federal Contract Tower,0,5,10,2,17,0,3,6,0,9,0,8,16,2,26,0,0,0,26
10/30/2013,NQA,TN,ASO,CE,Federal Contract Tower,0,0,5,18,23,0,0,16,10,26,0,0,21,28,49,36,74,110,159
10/31/2013,NQA,TN,ASO,CE,Federal Contract Tower,0,0,7,1,8,0,0,0,0,0,0,0,7,1,8,0,0,0,8
11/01/2013,NQA,TN,ASO,CE,Federal Contract Tower,1,0,12,4,17,0,0,11,5,16,1,0,23,9,33,14,66,80,113
11/02/2013,NQA,TN,ASO,CE,Federal Contract Tower,1,0,4,0,5,0,0,10,0,10,1,0,14,0,15,22,0,22,37
11/03/2013,NQA,TN,ASO,CE,Federal Contract Tower,0,0,7,2,9,0,0,21,0,21,0,0,28,2,30,24,0,24,54
11/04/2013,NQA,TN,ASO,CE,Federal Contract Tower,0,0,4,4,8,0,0,16,1,17,0,0,20,5,25,20,40,60,85
11/05/2013,NQA,TN,ASO,CE,Federal Contract Tower,0,2,3,4,9,0,0,12,9,21,0,2,15,13,30,16,102,118,148
11/06/2013,NQA,TN,ASO,CE,Federal Contract Tower,0,0,13,0,13,1,0,3,0,4,1,0,16,0,17,4,0,4,21
11/07/2013,NQA,TN,ASO,CE,Federal Contract Tower,0,0,9,12,21,0,0,19,9,28,0,0,28,21,49,46,142,188,237
11/08/2013,NQA,TN,ASO,CE,Federal Contract Tower,0,4,8,2,14,0,0,16,3,19,0,4,24,5,33,48,64,112,145
11/09/2013,NQA,TN,ASO,CE,Federal Contract Tower,0,0,8,0,8,0,0,20,0,20,0,0,28,0,28,78,0,78,106
11/10/2013,NQA,TN,ASO,CE,Federal Contract Tower,0,2,13,0,15,0,0,7,0,7,0,2,20,0,22,16,0,16,38
11/11/2013,NQA,TN,ASO,CE,Federal Contract Tower,0,0,3,0,3,0,0,18,0,18,0,0,21,0,21,68,0,68,89
11/12/2013,NQA,TN,ASO,CE,Federal Contract Tower,0,0,7,10,17,0,2,3,4,9,0,2,10,14,26,0,52,52,78
11/13/2013,NQA,TN,ASO,CE,Federal Contract Tower,0,0,5,8,13,0,8,6,4,18,0,8,11,12,31,46,44,90,121
11/14/2013,NQA,TN,ASO,CE,Federal Contract Tower,0,0,3,6,9,0,2,16,3,21,0,2,19,9,30,12,128,140,170
11/15/2013,NQA,TN,ASO,CE,Federal Contract Tower,0,2,2,12,16,0,4,7,2,13,0,6,9,14,29,8,38,46,75
11/16/2013,NQA,TN,ASO,CE,Federal Contract Tower,0,2,7,2,11,0,0,0,0,0,0,2,7,2,11,2,0,2,13
11/17/2013,NQA,TN,ASO,CE,Federal Contract Tower,0,2,2,12,16,0,0,0,0,0,0,2,2,12,16,0,4,4,20
11/18/2013,NQA,TN,ASO,CE,Federal Contract Tower,0,0,2,2,4,0,0,15,2,17,0,0,17,4,21,16,52,68,89
11/19/2013,NQA,TN,ASO,CE,Federal Contract Tower,0,0,9,7,16,0,2,10,3,15,0,2,19,10,31,10,38,48,79
11/20/2013,NQA,TN,ASO,CE,Federal Contract Tower,0,0,3,9,12,0,0,21,13,34,0,0,24,22,46,58,48,106,152
11/21/2013,NQA,TN,ASO,CE,Federal Contract Tower,0,5,10,8,23,0,0,6,2,8,0,5,16,10,31,12,48,60,91
11/22/2013,NQA,TN,ASO,CE,Federal Contract Tower,0,1,13,2,16,0,0,0,0,0,0,1,13,2,16,0,0,0,16
11/23/2013,NQA,TN,ASO,CE,Federal Contract Tower,0,1,4,0,5,0,0,5,0,5,0,1,9,0,10,0,0,0,10
11/24/2013,NQA,TN,ASO,CE,Federal Contract Tower,0,0,4,0,4,0,0,12,0,12,0,0,16,0,16,72,0,72,88
11/25/2013,NQA,TN,ASO,CE,Federal Contract Tower,0,0,0,0,0,0,0,0,0,0,0,0,0,0,0,0,0,0,0
11/26/2013,NQA,TN,ASO,CE,Federal Contract Tower,0,0,1,1,2,0,0,0,0,0,0,0,1,1,2,0,0,0,2
11/27/2013,NQA,TN,ASO,CE,Federal Contract Tower,0,2,2,5,9,0,0,5,5,10,0,2,7,10,19,0,86,86,105
11/28/2013,NQA,TN,ASO,CE,Federal Contract Tower,0,0,3,0,3,0,0,2,0,2,0,0,5,0,5,20,0,20,25
11/29/2013,NQA,TN,ASO,CE,Federal Contract Tower,0,0,3,0,3,0,0,15,0,15,0,0,18,0,18,34,0,34,52
11/30/2013,NQA,TN,ASO,CE,Federal Contract Tower,0,0,9,0,9,0,0,4,0,4,0,0,13,0,13,0,0,0,13
12/01/2013,NQA,TN,ASO,CE,Federal Contract Tower,0,0,3,0,3,0,0,1,0,1,0,0,4,0,4,0,0,0,4
12/02/2013,NQA,TN,ASO,CE,Federal Contract Tower,0,0,8,4,12,0,0,7,0,7,0,0,15,4,19,30,0,30,49
12/03/2013,NQA,TN,ASO,CE,Federal Contract Tower,0,1,11,0,12,0,0,0,0,0,0,1,11,0,12,0,0,0,12
12/04/2013,NQA,TN,ASO,CE,Federal Contract Tower,0,0,8,1,9,0,0,6,0,6,0,0,14,1,15,16,0,16,31
12/05/2013,NQA,TN,ASO,CE,Federal Contract Tower,0,2,5,1,8,0,0,2,0,2,0,2,7,1,10,0,0,0,10
12/06/2013,NQA,TN,ASO,CE,Federal Contract Tower,0,0,0,0,0,0,0,0,0,0,0,0,0,0,0,0,0,0,0
12/07/2013,NQA,TN,ASO,CE,Federal Contract Tower,0,0,2,0,2,0,0,3,0,3,0,0,5,0,5,0,0,0,5
12/08/2013,NQA,TN,ASO,CE,Federal Contract Tower,0,2,0,0,2,0,0,0,0,0,0,2,0,0,2,0,0,0,2
12/09/2013,NQA,TN,ASO,CE,Federal Contract Tower,0,0,2,18,20,0,0,2,3,5,0,0,4,21,25,4,88,92,117
12/10/2013,NQA,TN,ASO,CE,Federal Contract Tower,0,0,3,22,25,0,0,14,4,18,0,0,17,26,43,6,92,98,141
12/11/2013,NQA,TN,ASO,CE,Federal Contract Tower,0,0,9,6,15,0,4,20,0,24,0,4,29,6,39,40,34,74,113
12/12/2013,NQA,TN,ASO,CE,Federal Contract Tower,0,1,5,25,31,0,1,22,0,23,0,2,27,25,54,36,44,80,134
12/13/2013,NQA,TN,ASO,CE,Federal Contract Tower,0,2,4,5,11,0,0,6,2,8,0,2,10,7,19,14,4,18,37
12/14/2013,NQA,TN,ASO,CE,Federal Contract Tower,0,0,0,0,0,0,0,0,0,0,0,0,0,0,0,0,0,0,0
12/15/2013,NQA,TN,ASO,CE,Federal Contract Tower,0,2,2,0,4,0,0,5,0,5,0,2,7,0,9,0,0,0,9
12/16/2013,NQA,TN,ASO,CE,Federal Contract Tower,0,0,0,0,0,0,0,14,0,14,0,0,14,0,14,12,0,12,26
12/17/2013,NQA,TN,ASO,CE,Federal Contract Tower,0,2,8,6,16,0,0,26,5,31,0,2,34,11,47,2,80,82,129
12/18/2013,NQA,TN,ASO,CE,Federal Contract Tower,0,0,7,16,23,0,0,17,11,28,0,0,24,27,51,64,212,276,327
12/19/2013,NQA,TN,ASO,CE,Federal Contract Tower,0,0,20,4,24,0,0,14,0,14,0,0,34,4,38,0,0,0,38
12/20/2013,NQA,TN,ASO,CE,Federal Contract Tower,0,2,2,0,4,0,0,9,0,9,0,2,11,0,13,102,0,102,115
12/21/2013,NQA,TN,ASO,CE,Federal Contract Tower,0,0,2,0,2,0,0,0,0,0,0,0,2,0,2,0,0,0,2
12/22/2013,NQA,TN,ASO,CE,Federal Contract Tower,0,0,0,0,0,0,0,0,0,0,0,0,0,0,0,0,0,0,0
12/23/2013,NQA,TN,ASO,CE,Federal Contract Tower,0,1,2,0,3,0,0,5,0,5,0,1,7,0,8,0,0,0,8
12/24/2013,NQA,TN,ASO,CE,Federal Contract Tower,0,0,2,0,2,0,0,6,0,6,0,0,8,0,8,16,0,16,24
12/25/2013,NQA,TN,ASO,CE,Federal Contract Tower,0,0,1,0,1,0,0,2,0,2,0,0,3,0,3,0,0,0,3
12/26/2013,NQA,TN,ASO,CE,Federal Contract Tower,0,1,8,0,9,0,1,2,0,3,0,2,10,0,12,0,0,0,12
12/27/2013,NQA,TN,ASO,CE,Federal Contract Tower,0,0,5,0,5,0,0,13,0,13,0,0,18,0,18,80,0,80,98
12/28/2013,NQA,TN,ASO,CE,Federal Contract Tower,0,0,0,0,0,0,0,11,0,11,0,0,11,0,11,44,0,44,55
12/29/2013,NQA,TN,ASO,CE,Federal Contract Tower,0,0,3,0,3,0,0,7,0,7,0,0,10,0,10,24,0,24,34
12/30/2013,NQA,TN,ASO,CE,Federal Contract Tower,0,0,1,0,1,0,0,7,0,7,0,0,8,0,8,66,0,66,74
12/31/2013,NQA,TN,ASO,CE,Federal Contract Tower,0,0,8,0,8,0,0,6,0,6,0,0,14,0,14,0,0,0,14
01/01/2014,NQA,TN,ASO,CE,Federal Contract Tower,0,2,1,0,3,0,0,14,0,14,0,2,15,0,17,24,0,24,41
01/02/2014,NQA,TN,ASO,CE,Federal Contract Tower,0,0,1,0,1,0,0,4,0,4,0,0,5,0,5,66,0,66,71
01/03/2014,NQA,TN,ASO,CE,Federal Contract Tower,0,0,4,8,12,0,0,8,1,9,0,0,12,9,21,8,60,68,89
01/04/2014,NQA,TN,ASO,CE,Federal Contract Tower,0,0,9,0,9,0,0,13,0,13,0,0,22,0,22,2,0,2,24
01/05/2014,NQA,TN,ASO,CE,Federal Contract Tower,0,2,2,0,4,0,0,0,0,0,0,2,2,0,4,0,0,0,4
01/06/2014,NQA,TN,ASO,CE,Federal Contract Tower,0,0,0,5,5,0,0,4,2,6,0,0,4,7,11,10,42,52,63
01/07/2014,NQA,TN,ASO,CE,Federal Contract Tower,0,2,3,7,12,0,1,10,8,19,0,3,13,15,31,46,82,128,159
01/08/2014,NQA,TN,ASO,CE,Federal Contract Tower,0,0,2,2,4,0,0,4,2,6,0,0,6,4,10,2,32,34,44
01/09/2014,NQA,TN,ASO,CE,Federal Contract Tower,0,0,2,0,2,0,0,0,0,0,0,0,2,0,2,0,0,0,2
01/10/2014,NQA,TN,ASO,CE,Federal Contract Tower,0,4,8,12,24,0,0,8,4,12,0,4,16,16,36,34,84,118,154
01/11/2014,NQA,TN,ASO,CE,Federal Contract Tower,0,0,3,0,3,0,0,62,0,62,0,0,65,0,65,32,0,32,97
01/12/2014,NQA,TN,ASO,CE,Federal Contract Tower,0,4,4,4,12,0,0,10,0,10,0,4,14,4,22,16,0,16,38
01/13/2014,NQA,TN,ASO,CE,Federal Contract Tower,0,0,8,0,8,0,0,0,0,0,0,0,8,0,8,0,0,0,8
01/14/2014,NQA,TN,ASO,CE,Federal Contract Tower,0,0,5,10,15,0,0,5,4,9,0,0,10,14,24,10,78,88,112
01/15/2014,NQA,TN,ASO,CE,Federal Contract Tower,0,0,1,4,5,0,0,6,0,6,0,0,7,4,11,16,48,64,75
01/16/2014,NQA,TN,ASO,CE,Federal Contract Tower,0,0,12,17,29,0,0,6,1,7,0,0,18,18,36,30,34,64,100
01/17/2014,NQA,TN,ASO,CE,Federal Contract Tower,0,2,9,8,19,0,0,7,4,11,0,2,16,12,30,40,78,118,148
01/18/2014,NQA,TN,ASO,CE,Federal Contract Tower,0,0,0,0,0,0,0,5,0,5,0,0,5,0,5,0,0,0,5
01/19/2014,NQA,TN,ASO,CE,Federal Contract Tower,0,2,6,0,8,0,0,12,0,12,0,2,18,0,20,18,0,18,38
01/20/2014,NQA,TN,ASO,CE,Federal Contract Tower,0,0,3,0,3,0,0,31,0,31,0,0,34,0,34,48,0,48,82
01/21/2014,NQA,TN,ASO,CE,Federal Contract Tower,0,4,8,6,18,0,0,0,2,2,0,4,8,8,20,0,38,38,58
01/22/2014,NQA,TN,ASO,CE,Federal Contract Tower,0,0,7,8,15,0,1,12,13,26,0,1,19,21,41,48,108,156,197
01/23/2014,NQA,TN,ASO,CE,Federal Contract Tower,0,0,9,6,15,0,0,3,3,6,0,0,12,9,21,0,120,120,141
01/24/2014,NQA,TN,ASO,CE,Federal Contract Tower,0,2,0,10,12,0,0,8,2,10,0,2,8,12,22,34,122,156,178
01/25/2014,NQA,TN,ASO,CE,Federal Contract Tower,0,0,1,0,1,0,0,9,0,9,0,0,10,0,10,2,0,2,12
01/26/2014,NQA,TN,ASO,CE,Federal Contract Tower,0,2,2,4,8,0,0,22,0,22,0,2,24,4,30,62,2,64,94
01/27/2014,NQA,TN,ASO,CE,Federal Contract Tower,0,2,3,6,11,0,0,2,4,6,0,2,5,10,17,4,74,78,95
01/28/2014,NQA,TN,ASO,CE,Federal Contract Tower,0,0,8,12,20,0,0,2,6,8,0,0,10,18,28,28,110,138,166
01/29/2014,NQA,TN,ASO,CE,Federal Contract Tower,0,0,5,22,27,0,0,13,1,14,0,0,18,23,41,8,12,20,61
01/30/2014,NQA,TN,ASO,CE,Federal Contract Tower,0,4,6,4,14,0,2,7,1,10,0,6,13,5,24,18,72,90,114
01/31/2014,NQA,TN,ASO,CE,Federal Contract Tower,0,2,5,9,16,0,0,4,2,6,0,2,9,11,22,12,8,20,42
02/01/2014,NQA,TN,ASO,CE,Federal Contract Tower,0,0,6,7,13,0,0,9,0,9,0,0,15,7,22,60,12,72,94
02/02/2014,NQA,TN,ASO,CE,Federal Contract Tower,0,2,3,1,6,0,0,0,0,0,0,2,3,1,6,0,0,0,6
02/03/2014,NQA,TN,ASO,CE,Federal Contract Tower,0,0,2,0,2,0,0,0,0,0,0,0,2,0,2,0,0,0,2
02/04/2014,NQA,TN,ASO,CE,Federal Contract Tower,0,0,0,0,0,0,0,0,0,0,0,0,0,0,0,0,0,0,0
02/05/2014,NQA,TN,ASO,CE,Federal Contract Tower,0,2,7,4,13,0,0,2,0,2,0,2,9,4,15,6,0,6,21
02/06/2014,NQA,TN,ASO,CE,Federal Contract Tower,0,0,6,4,10,0,0,5,0,5,0,0,11,4,15,24,0,24,39
02/07/2014,NQA,TN,ASO,CE,Federal Contract Tower,0,0,31,2,33,0,0,6,3,9,0,0,37,5,42,0,0,0,42
02/08/2014,NQA,TN,ASO,CE,Federal Contract Tower,0,0,2,0,2,0,0,0,0,0,0,0,2,0,2,0,0,0,2
02/09/2014,NQA,TN,ASO,CE,Federal Contract Tower,0,0,0,2,2,0,0,0,0,0,0,0,0,2,2,0,0,0,2
02/10/2014,NQA,TN,ASO,CE,Federal Contract Tower,0,4,4,8,16,0,0,11,7,18,0,4,15,15,34,36,94,130,164
02/11/2014,NQA,TN,ASO,CE,Federal Contract Tower,0,0,3,14,17,0,4,6,0,10,0,4,9,14,27,42,14,56,83
02/12/2014,NQA,TN,ASO,CE,Federal Contract Tower,0,0,1,6,7,0,0,5,0,5,0,0,6,6,12,0,0,0,12
02/13/2014,NQA,TN,ASO,CE,Federal Contract Tower,0,0,7,23,30,0,0,12,8,20,0,0,19,31,50,6,206,212,262
02/14/2014,NQA,TN,ASO,CE,Federal Contract Tower,0,0,1,18,19,0,0,4,3,7,0,0,5,21,26,24,52,76,102
02/15/2014,NQA,TN,ASO,CE,Federal Contract Tower,0,0,2,0,2,0,0,11,5,16,0,0,13,5,18,16,0,16,34
02/16/2014,NQA,TN,ASO,CE,Federal Contract Tower,0,2,4,0,6,0,0,25,0,25,0,2,29,0,31,38,0,38,69
02/17/2014,NQA,TN,ASO,CE,Federal Contract Tower,0,2,8,0,10,0,0,3,0,3,0,2,11,0,13,0,0,0,13
02/18/2014,NQA,TN,ASO,CE,Federal Contract Tower,0,0,5,13,18,0,6,14,9,29,0,6,19,22,47,40,180,220,267
02/19/2014,NQA,TN,ASO,CE,Federal Contract Tower,0,0,11,16,27,0,0,21,2,23,0,0,32,18,50,58,84,142,192
02/20/2014,NQA,TN,ASO,CE,Federal Contract Tower,0,0,3,0,3,0,0,0,0,0,0,0,3,0,3,0,0,0,3
02/21/2014,NQA,TN,ASO,CE,Federal Contract Tower,0,4,5,14,23,0,0,18,6,24,0,4,23,20,47,22,124,146,193
02/22/2014,NQA,TN,ASO,CE,Federal Contract Tower,0,0,0,0,0,0,0,18,0,18,0,0,18,0,18,24,0,24,42
02/23/2014,NQA,TN,ASO,CE,Federal Contract Tower,0,0,7,0,7,0,0,19,0,19,0,0,26,0,26,22,0,22,48
02/24/2014,NQA,TN,ASO,CE,Federal Contract Tower,0,0,8,10,18,0,0,10,4,14,0,0,18,14,32,42,60,102,134
02/25/2014,NQA,TN,ASO,CE,Federal Contract Tower,0,0,0,2,2,0,0,19,2,21,0,0,19,4,23,60,48,108,131
02/26/2014,NQA,TN,ASO,CE,Federal Contract Tower,0,0,1,13,14,0,0,11,2,13,0,0,12,15,27,54,188,242,269
02/27/2014,NQA,TN,ASO,CE,Federal Contract Tower,0,0,6,4,10,0,0,22,5,27,0,0,28,9,37,74,40,114,151
02/28/2014,NQA,TN,ASO,CE,Federal Contract Tower,0,4,3,3,10,0,0,9,0,9,0,4,12,3,19,10,0,10,29
03/01/2014,NQA,TN,ASO,CE,Federal Contract Tower,0,0,11,0,11,0,0,19,0,19,0,0,30,0,30,46,0,46,76
03/02/2014,NQA,TN,ASO,CE,Federal Contract Tower,0,0,6,0,6,0,0,0,0,0,0,0,6,0,6,0,0,0,6
03/03/2014,NQA,TN,ASO,CE,Federal Contract Tower,0,0,0,0,0,0,0,0,0,0,0,0,0,0,0,0,0,0,0
03/04/2014,NQA,TN,ASO,CE,Federal Contract Tower,0,0,2,0,2,0,0,0,0,0,0,0,2,0,2,0,0,0,2
03/05/2014,NQA,TN,ASO,CE,Federal Contract Tower,0,0,0,0,0,0,0,0,0,0,0,0,0,0,0,0,0,0,0
03/06/2014,NQA,TN,ASO,CE,Federal Contract Tower,0,0,3,13,16,0,0,2,0,2,0,0,5,13,18,0,0,0,18
03/07/2014,NQA,TN,ASO,CE,Federal Contract Tower,0,4,4,9,17,0,0,15,2,17,0,4,19,11,34,18,54,72,106
03/08/2014,NQA,TN,ASO,CE,Federal Contract Tower,0,0,6,0,6,0,0,11,0,11,0,0,17,0,17,30,0,30,47
03/09/2014,NQA,TN,ASO,CE,Federal Contract Tower,0,4,6,0,10,0,0,14,0,14,0,4,20,0,24,66,0,66,90
03/10/2014,NQA,TN,ASO,CE,Federal Contract Tower,0,0,5,3,8,0,0,13,5,18,0,0,18,8,26,32,128,160,186
03/11/2014,NQA,TN,ASO,CE,Federal Contract Tower,0,1,4,14,19,0,1,12,12,25,0,2,16,26,44,24,180,204,248
03/12/2014,NQA,TN,ASO,CE,Federal Contract Tower,0,0,0,4,4,0,0,0,2,2,0,0,0,6,6,0,30,30,36
03/13/2014,NQA,TN,ASO,CE,Federal Contract Tower,0,0,7,5,12,0,0,14,6,20,0,0,21,11,32,82,40,122,154
03/14/2014,NQA,TN,ASO,CE,Federal Contract Tower,0,5,3,9,17,0,3,6,2,11,0,8,9,11,28,8,8,16,44
03/15/2014,NQA,TN,ASO,CE,Federal Contract Tower,0,0,9,0,9,0,0,10,0,10,0,0,19,0,19,10,0,10,29
03/16/2014,NQA,TN,ASO,CE,Federal Contract Tower,0,0,4,0,4,0,0,0,0,0,0,0,4,0,4,0,0,0,4
03/17/2014,NQA,TN,ASO,CE,Federal Contract Tower,0,0,3,10,13,0,0,0,0,0,0,0,3,10,13,0,58,58,71
03/18/2014,NQA,TN,ASO,CE,Federal Contract Tower,0,2,8,8,18,0,0,10,6,16,0,2,18,14,34,2,120,122,156
03/19/2014,NQA,TN,ASO,CE,Federal Contract Tower,0,0,9,10,19,0,0,14,5,19,0,0,23,15,38,20,90,110,148
03/20/2014,NQA,TN,ASO,CE,Federal Contract Tower,0,0,7,15,22,0,0,15,3,18,0,0,22,18,40,30,118,148,188
03/21/2014,NQA,TN,ASO,CE,Federal Contract Tower,0,0,9,19,28,0,0,24,6,30,0,0,33,25,58,42,124,166,224
03/22/2014,NQA,TN,ASO,CE,Federal Contract Tower,0,0,2,3,5,0,0,23,0,23,0,0,25,3,28,68,0,68,96
03/23/2014,NQA,TN,ASO,CE,Federal Contract Tower,0,4,2,4,10,0,0,8,0,8,0,4,10,4,18,10,0,10,28
03/24/2014,NQA,TN,ASO,CE,Federal Contract Tower,0,2,0,16,18,0,0,9,2,11,0,2,9,18,29,4,52,56,85
03/25/2014,NQA,TN,ASO,CE,Federal Contract Tower,0,0,6,5,11,0,0,9,0,9,0,0,15,5,20,8,8,16,36
03/26/2014,NQA,TN,ASO,CE,Federal Contract Tower,0,0,7,8,15,0,1,18,5,24,0,1,25,13,39,26,52,78,117
03/27/2014,NQA,TN,ASO,CE,Federal Contract Tower,0,2,4,3,9,0,0,3,2,5,0,2,7,5,14,0,58,58,72
03/28/2014,NQA,TN,ASO,CE,Federal Contract Tower,0,2,4,6,12,0,0,3,0,3,0,2,7,6,15,0,0,0,15
03/29/2014,NQA,TN,ASO,CE,Federal Contract Tower,0,0,2,6,8,0,0,1,4,5,0,0,3,10,13,8,0,8,21
03/30/2014,NQA,TN,ASO,CE,Federal Contract Tower,0,6,3,0,9,0,0,32,0,32,0,6,35,0,41,124,0,124,165
03/31/2014,NQA,TN,ASO,CE,Federal Contract Tower,0,0,1,10,11,0,0,10,8,18,0,0,11,18,29,24,150,174,203
04/01/2014,NQA,TN,ASO,CE,Federal Contract Tower,0,0,4,12,16,0,0,31,4,35,0,0,35,16,51,0,78,78,129
04/02/2014,NQA,TN,ASO,CE,Federal Contract Tower,0,3,2,6,11,0,0,15,4,19,0,3,17,10,30,14,96,110,140
04/03/2014,NQA,TN,ASO,CE,Federal Contract Tower,0,0,3,4,7,0,0,3,0,3,0,0,6,4,10,0,24,24,34
04/04/2014,NQA,TN,ASO,CE,Federal Contract Tower,0,4,0,3,7,0,0,14,0,14,0,4,14,3,21,14,0,14,35
04/05/2014,NQA,TN,ASO,CE,Federal Contract Tower,0,0,3,1,4,0,0,22,0,22,0,0,25,1,26,16,0,16,42
04/06/2014,NQA,TN,ASO,CE,Federal Contract Tower,0,5,1,2,8,0,1,11,0,12,0,6,12,2,20,4,0,4,24
04/07/2014,NQA,TN,ASO,CE,Federal Contract Tower,0,0,3,0,3,0,0,3,0,3,0,0,6,0,6,0,0,0,6
04/08/2014,NQA,TN,ASO,CE,Federal Contract Tower,0,0,6,19,25,0,0,11,2,13,0,0,17,21,38,10,90,100,138
04/09/2014,NQA,TN,ASO,CE,Federal Contract Tower,0,0,7,4,11,0,0,12,0,12,0,0,19,4,23,30,36,66,89
04/10/2014,NQA,TN,ASO,CE,Federal Contract Tower,0,2,4,7,13,0,0,2,1,3,0,2,6,8,16,0,76,76,92
04/11/2014,NQA,TN,ASO,CE,Federal Contract Tower,0,2,5,8,15,0,0,18,0,18,0,2,23,8,33,24,76,100,133
04/12/2014,NQA,TN,ASO,CE,Federal Contract Tower,0,0,4,0,4,0,0,7,0,7,0,0,11,0,11,16,0,16,27
04/13/2014,NQA,TN,ASO,CE,Federal Contract Tower,0,0,3,0,3,0,0,0,0,0,0,0,3,0,3,0,0,0,3
04/14/2014,NQA,TN,ASO,CE,Federal Contract Tower,0,4,7,0,11,0,0,0,0,0,0,4,7,0,11,0,0,0,11
04/15/2014,NQA,TN,ASO,CE,Federal Contract Tower,0,0,7,3,10,0,0,5,0,5,0,0,12,3,15,0,0,0,15
04/16/2014,NQA,TN,ASO,CE,Federal Contract Tower,0,0,2,7,9,0,0,25,3,28,0,0,27,10,37,48,120,168,205
04/17/2014,NQA,TN,ASO,CE,Federal Contract Tower,0,5,6,7,18,0,0,6,10,16,0,5,12,17,34,4,144,148,182
04/18/2014,NQA,TN,ASO,CE,Federal Contract Tower,0,1,5,8,14,0,0,11,10,21,0,1,16,18,35,20,182,202,237
04/19/2014,NQA,TN,ASO,CE,Federal Contract Tower,0,0,1,0,1,0,0,13,0,13,0,0,14,0,14,14,0,14,28
04/20/2014,NQA,TN,ASO,CE,Federal Contract Tower,0,0,3,0,3,0,0,8,0,8,0,0,11,0,11,12,0,12,23
04/21/2014,NQA,TN,ASO,CE,Federal Contract Tower,0,4,11,16,31,0,2,17,1,20,0,6,28,17,51,50,42,92,143
04/22/2014,NQA,TN,ASO,CE,Federal Contract Tower,0,2,4,0,6,0,0,9,0,9,0,2,13,0,15,4,0,4,19
04/23/2014,NQA,TN,ASO,CE,Federal Contract Tower,0,1,3,3,7,0,2,12,2,16,0,3,15,5,23,2,24,26,49
04/24/2014,NQA,TN,ASO,CE,Federal Contract Tower,0,0,5,5,10,0,0,1,1,2,0,0,6,6,12,0,2,2,14
04/25/2014,NQA,TN,ASO,CE,Federal Contract Tower,0,5,3,4,12,0,1,14,1,16,0,6,17,5,28,4,32,36,64
04/26/2014,NQA,TN,ASO,CE,Federal Contract Tower,4,0,6,0,10,0,0,12,0,12,4,0,18,0,22,10,0,10,32
04/27/2014,NQA,TN,ASO,CE,Federal Contract Tower,0,4,0,0,4,0,0,1,0,1,0,4,1,0,5,0,0,0,5
04/28/2014,NQA,TN,ASO,CE,Federal Contract Tower,0,0,10,3,13,0,0,0,0,0,0,0,10,3,13,0,0,0,13
04/29/2014,NQA,TN,ASO,CE,Federal Contract Tower,0,0,10,5,15,0,0,14,4,18,0,0,24,9,33,16,30,46,79
04/30/2014,NQA,TN,ASO,CE,Federal Contract Tower,0,0,10,29,39,0,0,8,7,15,0,0,18,36,54,0,124,124,178
05/01/2014,NQA,TN,ASO,CE,Federal Contract Tower,2,0,10,2,14,0,0,10,0,10,2,0,20,2,24,0,20,20,44
05/02/2014,NQA,TN,ASO,CE,Federal Contract Tower,0,2,6,27,35,0,0,15,10,25,0,2,21,37,60,60,218,278,338
05/03/2014,NQA,TN,ASO,CE,Federal Contract Tower,0,0,8,0,8,0,0,21,0,21,0,0,29,0,29,52,0,52,81
05/04/2014,NQA,TN,ASO,CE,Federal Contract Tower,0,4,1,7,12,0,0,19,0,19,0,4,20,7,31,20,8,28,59
05/05/2014,NQA,TN,ASO,CE,Federal Contract Tower,0,2,7,4,13,0,4,20,3,27,0,6,27,7,40,34,84,118,158
05/06/2014,NQA,TN,ASO,CE,Federal Contract Tower,0,2,10,2,14,0,8,11,2,21,0,10,21,4,35,4,42,46,81
05/07/2014,NQA,TN,ASO,CE,Federal Contract Tower,0,0,7,4,11,0,0,13,2,15,0,0,20,6,26,0,32,32,58
05/08/2014,NQA,TN,ASO,CE,Federal Contract Tower,0,3,6,4,13,0,3,16,3,22,0,6,22,7,35,2,76,78,113
05/09/2014,NQA,TN,ASO,CE,Federal Contract Tower,0,4,2,0,6,0,4,3,0,7,0,8,5,0,13,12,0,12,25
05/10/2014,NQA,TN,ASO,CE,Federal Contract Tower,0,0,0,4,4,0,0,12,0,12,0,0,12,4,16,24,0,24,40
05/11/2014,NQA,TN,ASO,CE,Federal Contract Tower,0,0,1,0,1,0,0,9,0,9,0,0,10,0,10,6,0,6,16
05/12/2014,NQA,TN,ASO,CE,Federal Contract Tower,0,5,8,8,21,0,13,2,3,18,0,18,10,11,39,6,32,38,77
05/13/2014,NQA,TN,ASO,CE,Federal Contract Tower,0,2,1,0,3,0,0,0,0,0,0,2,1,0,3,0,0,0,3
05/14/2014,NQA,TN,ASO,CE,Federal Contract Tower,0,0,3,0,3,0,0,0,0,0,0,0,3,0,3,0,0,0,3
05/15/2014,NQA,TN,ASO,CE,Federal Contract Tower,0,0,18,3,21,0,0,13,2,15,0,0,31,5,36,16,10,26,62
05/16/2014,NQA,TN,ASO,CE,Federal Contract Tower,6,4,11,8,29,0,2,20,5,27,6,6,31,13,56,18,46,64,120
05/17/2014,NQA,TN,ASO,CE,Federal Contract Tower,0,0,1,1,2,0,0,1,3,4,0,0,2,4,6,0,0,0,6
05/18/2014,NQA,TN,ASO,CE,Federal Contract Tower,0,6,3,4,13,0,0,8,0,8,0,6,11,4,21,34,0,34,55
05/19/2014,NQA,TN,ASO,CE,Federal Contract Tower,0,0,5,4,9,0,0,14,0,14,0,0,19,4,23,8,40,48,71
05/20/2014,NQA,TN,ASO,CE,Federal Contract Tower,0,0,9,8,17,0,0,11,1,12,0,0,20,9,29,24,78,102,131
05/21/2014,NQA,TN,ASO,CE,Federal Contract Tower,0,0,5,4,9,0,0,13,2,15,0,0,18,6,24,4,90,94,118
05/22/2014,NQA,TN,ASO,CE,Federal Contract Tower,0,0,4,6,10,0,0,18,0,18,0,0,22,6,28,8,72,80,108
05/23/2014,NQA,TN,ASO,CE,Federal Contract Tower,0,5,9,1,15,0,1,18,0,19,0,6,27,1,34,14,0,14,48
05/24/2014,NQA,TN,ASO,CE,Federal Contract Tower,0,0,2,2,4,0,0,9,0,9,0,0,11,2,13,22,0,22,35
05/25/2014,NQA,TN,ASO,CE,Federal Contract Tower,0,4,6,0,10,0,0,16,0,16,0,4,22,0,26,46,0,46,72
05/26/2014,NQA,TN,ASO,CE,Federal Contract Tower,0,3,6,2,11,0,9,15,0,24,0,12,21,2,35,48,0,48,83
05/27/2014,NQA,TN,ASO,CE,Federal Contract Tower,0,0,7,16,23,0,0,12,0,12,0,0,19,16,35,16,60,76,111
05/28/2014,NQA,TN,ASO,CE,Federal Contract Tower,0,0,11,21,32,0,0,4,0,4,0,0,15,21,36,0,0,0,36
05/29/2014,NQA,TN,ASO,CE,Federal Contract Tower,0,0,6,2,8,0,0,4,0,4,0,0,10,2,12,8,0,8,20
05/30/2014,NQA,TN,ASO,CE,Federal Contract Tower,0,15,6,2,23,0,2,1,2,5,0,17,7,4,28,0,20,20,48
05/31/2014,NQA,TN,ASO,CE,Federal Contract Tower,0,0,7,0,7,0,0,13,0,13,0,0,20,0,20,30,0,30,50
06/01/2014,NQA,TN,ASO,CE,Federal Contract Tower,0,2,5,0,7,0,0,19,4,23,0,2,24,4,30,14,0,14,44
06/02/2014,NQA,TN,ASO,CE,Federal Contract Tower,0,4,2,0,6,0,0,5,2,7,0,4,7,2,13,10,0,10,23
06/03/2014,NQA,TN,ASO,CE,Federal Contract Tower,0,0,8,8,16,0,0,10,8,18,0,0,18,16,34,20,88,108,142
06/04/2014,NQA,TN,ASO,CE,Federal Contract Tower,0,1,6,7,14,0,0,17,7,24,0,1,23,14,38,26,84,110,148
06/05/2014,NQA,TN,ASO,CE,Federal Contract Tower,0,6,8,2,16,0,0,1,0,1,0,6,9,2,17,0,0,0,17
06/06/2014,NQA,TN,ASO,CE,Federal Contract Tower,0,0,5,8,13,0,0,5,0,5,0,0,10,8,18,18,0,18,36
06/07/2014,NQA,TN,ASO,CE,Federal Contract Tower,0,0,4,0,4,0,0,8,0,8,0,0,12,0,12,0,0,0,12
06/08/2014,NQA,TN,ASO,CE,Federal Contract Tower,0,0,1,2,3,0,0,10,0,10,0,0,11,2,13,8,0,8,21
06/09/2014,NQA,TN,ASO,CE,Federal Contract Tower,0,2,2,0,4,0,0,0,0,0,0,2,2,0,4,0,0,0,4
06/10/2014,NQA,TN,ASO,CE,Federal Contract Tower,0,2,6,23,31,0,0,1,0,1,0,2,7,23,32,0,0,0,32
06/11/2014,NQA,TN,ASO,CE,Federal Contract Tower,0,8,12,8,28,0,0,15,2,17,0,8,27,10,45,6,40,46,91
06/12/2014,NQA,TN,ASO,CE,Federal Contract Tower,0,1,12,2,15,0,0,19,2,21,0,1,31,4,36,42,56,98,134
06/13/2014,NQA,TN,ASO,CE,Federal Contract Tower,0,0,3,4,7,0,1,13,0,14,0,1,16,4,21,34,88,122,143
06/14/2014,NQA,TN,ASO,CE,Federal Contract Tower,0,0,1,0,1,0,0,25,0,25,0,0,26,0,26,36,0,36,62
06/15/2014,NQA,TN,ASO,CE,Federal Contract Tower,0,0,3,4,7,0,0,10,0,10,0,0,13,4,17,10,0,10,27
06/16/2014,NQA,TN,ASO,CE,Federal Contract Tower,0,0,10,15,25,0,0,33,6,39,0,0,43,21,64,40,150,190,254
06/17/2014,NQA,TN,ASO,CE,Federal Contract Tower,0,0,5,2,7,0,0,16,0,16,0,0,21,2,23,38,6,44,67
06/18/2014,NQA,TN,ASO,CE,Federal Contract Tower,0,0,4,14,18,0,0,8,1,9,0,0,12,15,27,6,134,140,167
06/19/2014,NQA,TN,ASO,CE,Federal Contract Tower,0,0,4,6,10,0,0,22,5,27,0,0,26,11,37,10,82,92,129
06/20/2014,NQA,TN,ASO,CE,Federal Contract Tower,0,0,4,20,24,0,0,6,2,8,0,0,10,22,32,0,30,30,62
06/21/2014,NQA,TN,ASO,CE,Federal Contract Tower,0,0,2,0,2,0,2,14,4,20,0,2,16,4,22,50,0,50,72
06/22/2014,NQA,TN,ASO,CE,Federal Contract Tower,0,0,5,25,30,0,0,11,3,14,0,0,16,28,44,24,8,32,76
06/23/2014,NQA,TN,ASO,CE,Federal Contract Tower,0,8,4,12,24,0,2,9,3,14,0,10,13,15,38,10,80,90,128
06/24/2014,NQA,TN,ASO,CE,Federal Contract Tower,0,0,3,4,7,0,0,2,0,2,0,0,5,4,9,0,22,22,31
06/25/2014,NQA,TN,ASO,CE,Federal Contract Tower,0,2,15,8,25,0,0,6,3,9,0,2,21,11,34,18,52,70,104
06/26/2014,NQA,TN,ASO,CE,Federal Contract Tower,0,0,4,24,28,0,0,4,2,6,0,0,8,26,34,8,34,42,76
06/27/2014,NQA,TN,ASO,CE,Federal Contract Tower,0,0,0,6,6,0,0,7,0,7,0,0,7,6,13,10,0,10,23
06/28/2014,NQA,TN,ASO,CE,Federal Contract Tower,0,2,6,0,8,0,2,10,0,12,0,4,16,0,20,0,0,0,20
06/29/2014,NQA,TN,ASO,CE,Federal Contract Tower,0,0,1,0,1,0,0,6,0,6,0,0,7,0,7,10,0,10,17
06/30/2014,NQA,TN,ASO,CE,Federal Contract Tower,0,2,4,24,30,0,0,10,2,12,0,2,14,26,42,26,40,66,108
07/01/2014,NQA,TN,ASO,CE,Federal Contract Tower,0,0,4,8,12,0,0,7,5,12,0,0,11,13,24,10,120,130,154
07/02/2014,NQA,TN,ASO,CE,Federal Contract Tower,0,0,6,6,12,0,3,10,2,15,0,3,16,8,27,4,70,74,101
07/03/2014,NQA,TN,ASO,CE,Federal Contract Tower,0,3,0,6,9,0,0,15,2,17,0,3,15,8,26,8,60,68,94
07/04/2014,NQA,TN,ASO,CE,Federal Contract Tower,0,2,4,0,6,0,0,11,0,11,0,2,15,0,17,14,0,14,31
07/05/2014,NQA,TN,ASO,CE,Federal Contract Tower,0,0,4,0,4,0,0,11,0,11,0,0,15,0,15,0,0,0,15
07/06/2014,NQA,TN,ASO,CE,Federal Contract Tower,0,0,4,0,4,0,0,7,0,7,0,0,11,0,11,0,0,0,11
07/07/2014,NQA,TN,ASO,CE,Federal Contract Tower,0,4,3,0,7,0,0,9,0,9,0,4,12,0,16,0,0,0,16
07/08/2014,NQA,TN,ASO,CE,Federal Contract Tower,0,0,4,0,4,0,0,4,0,4,0,0,8,0,8,4,0,4,12
07/09/2014,NQA,TN,ASO,CE,Federal Contract Tower,0,0,11,10,21,0,0,8,0,8,0,0,19,10,29,2,26,28,57
07/10/2014,NQA,TN,ASO,CE,Federal Contract Tower,0,0,9,23,32,0,0,20,13,33,0,0,29,36,65,38,194,232,297
07/11/2014,NQA,TN,ASO,CE,Federal Contract Tower,0,4,2,8,14,0,0,13,5,18,0,4,15,13,32,18,80,98,130
07/12/2014,NQA,TN,ASO,CE,Federal Contract Tower,0,0,4,2,6,0,0,22,0,22,0,0,26,2,28,36,0,36,64
07/13/2014,NQA,TN,ASO,CE,Federal Contract Tower,0,2,4,3,9,0,0,9,0,9,0,2,13,3,18,0,0,0,18
07/14/2014,NQA,TN,ASO,CE,Federal Contract Tower,0,0,4,2,6,0,0,8,2,10,0,0,12,4,16,48,38,86,102
07/15/2014,NQA,TN,ASO,CE,Federal Contract Tower,0,0,6,16,22,0,0,29,7,36,0,0,35,23,58,4,148,152,210
07/16/2014,NQA,TN,ASO,CE,Federal Contract Tower,0,2,5,10,17,0,0,29,10,39,0,2,34,20,56,18,104,122,178
07/17/2014,NQA,TN,ASO,CE,Federal Contract Tower,0,1,3,17,21,0,3,14,8,25,0,4,17,25,46,30,124,154,200
07/18/2014,NQA,TN,ASO,CE,Federal Contract Tower,0,4,6,2,12,0,0,0,0,0,0,4,6,2,12,0,0,0,12
07/19/2014,NQA,TN,ASO,CE,Federal Contract Tower,0,0,1,0,1,0,0,6,0,6,0,0,7,0,7,32,0,32,39
07/20/2014,NQA,TN,ASO,CE,Federal Contract Tower,0,0,9,4,13,0,0,13,0,13,0,0,22,4,26,8,0,8,34
07/21/2014,NQA,TN,ASO,CE,Federal Contract Tower,0,0,8,39,47,0,0,12,8,20,0,0,20,47,67,6,134,140,207
07/22/2014,NQA,TN,ASO,CE,Federal Contract Tower,0,3,8,8,19,0,2,11,8,21,0,5,19,16,40,30,106,136,176
07/23/2014,NQA,TN,ASO,CE,Federal Contract Tower,2,1,8,8,19,0,0,10,7,17,2,1,18,15,36,0,146,146,182
07/24/2014,NQA,TN,ASO,CE,Federal Contract Tower,0,2,1,10,13,0,0,13,4,17,0,2,14,14,30,12,162,174,204
07/25/2014,NQA,TN,ASO,CE,Federal Contract Tower,0,0,3,4,7,0,4,39,2,45,0,4,42,6,52,22,68,90,142
07/26/2014,NQA,TN,ASO,CE,Federal Contract Tower,0,2,0,6,8,0,0,14,0,14,0,2,14,6,22,22,0,22,44
07/27/2014,NQA,TN,ASO,CE,Federal Contract Tower,0,0,2,0,2,0,0,2,0,2,0,0,4,0,4,4,0,4,8
07/28/2014,NQA,TN,ASO,CE,Federal Contract Tower,0,2,5,16,23,0,0,16,4,20,0,2,21,20,43,16,132,148,191
07/29/2014,NQA,TN,ASO,CE,Federal Contract Tower,0,0,0,7,7,0,0,8,6,14,0,0,8,13,21,30,34,64,85
07/30/2014,NQA,TN,ASO,CE,Federal Contract Tower,0,0,3,11,14,0,0,22,4,26,0,0,25,15,40,46,72,118,158
07/31/2014,NQA,TN,ASO,CE,Federal Contract Tower,0,0,8,12,20,0,0,12,2,14,0,0,20,14,34,0,32,32,66
08/01/2014,NQA,TN,ASO,CE,Federal Contract Tower,0,0,1,11,12,0,0,25,3,28,0,0,26,14,40,30,30,60,100
08/02/2014,NQA,TN,ASO,CE,Federal Contract Tower,0,0,3,18,21,0,0,15,16,31,0,0,18,34,52,40,68,108,160
08/03/2014,NQA,TN,ASO,CE,Federal Contract Tower,0,0,5,0,5,0,0,15,0,15,0,0,20,0,20,0,0,0,20
08/04/2014,NQA,TN,ASO,CE,Federal Contract Tower,0,1,2,22,25,0,3,6,3,12,0,4,8,25,37,0,40,40,77
08/05/2014,NQA,TN,ASO,CE,Federal Contract Tower,0,2,1,9,12,0,0,3,2,5,0,2,4,11,17,2,32,34,51
08/06/2014,NQA,TN,ASO,CE,Federal Contract Tower,0,0,11,12,23,0,0,23,4,27,0,0,34,16,50,44,44,88,138
08/07/2014,NQA,TN,ASO,CE,Federal Contract Tower,0,2,2,4,8,0,0,7,6,13,0,2,9,10,21,10,74,84,105
08/08/2014,NQA,TN,ASO,CE,Federal Contract Tower,0,3,8,10,21,0,0,1,1,2,0,3,9,11,23,0,2,2,25
08/09/2014,NQA,TN,ASO,CE,Federal Contract Tower,0,0,4,0,4,0,0,4,0,4,0,0,8,0,8,10,0,10,18
08/10/2014,NQA,TN,ASO,CE,Federal Contract Tower,0,0,4,0,4,0,0,3,0,3,0,0,7,0,7,10,0,10,17
08/11/2014,NQA,TN,ASO,CE,Federal Contract Tower,0,0,2,22,24,0,0,11,11,22,0,0,13,33,46,42,226,268,314
08/12/2014,NQA,TN,ASO,CE,Federal Contract Tower,0,3,2,11,16,0,2,8,6,16,0,5,10,17,32,0,254,254,286
08/13/2014,NQA,TN,ASO,CE,Federal Contract Tower,0,3,11,6,20,0,1,28,0,29,0,4,39,6,49,30,108,138,187
08/14/2014,NQA,TN,ASO,CE,Federal Contract Tower,0,2,17,2,21,0,2,18,0,20,0,4,35,2,41,40,64,104,145
08/15/2014,NQA,TN,ASO,CE,Federal Contract Tower,0,0,4,2,6,0,0,22,2,24,0,0,26,4,30,6,12,18,48
08/16/2014,NQA,TN,ASO,CE,Federal Contract Tower,0,0,5,0,5,0,0,29,0,29,0,0,34,0,34,60,0,60,94
08/17/2014,NQA,TN,ASO,CE,Federal Contract Tower,0,0,5,8,13,0,0,1,0,1,0,0,6,8,14,0,6,6,20
08/18/2014,NQA,TN,ASO,CE,Federal Contract Tower,0,0,3,0,3,0,0,3,0,3,0,0,6,0,6,10,0,10,16
08/19/2014,NQA,TN,ASO,CE,Federal Contract Tower,0,0,9,17,26,0,0,14,0,14,0,0,23,17,40,8,4,12,52
08/20/2014,NQA,TN,ASO,CE,Federal Contract Tower,0,0,3,17,20,0,2,7,3,12,0,2,10,20,32,0,116,116,148
08/21/2014,NQA,TN,ASO,CE,Federal Contract Tower,0,0,6,0,6,0,0,5,0,5,0,0,11,0,11,0,0,0,11
08/22/2014,NQA,TN,ASO,CE,Federal Contract Tower,0,0,8,10,18,0,0,7,6,13,0,0,15,16,31,8,64,72,103
08/23/2014,NQA,TN,ASO,CE,Federal Contract Tower,0,0,2,8,10,0,0,14,0,14,0,0,16,8,24,0,12,12,36
08/24/2014,NQA,TN,ASO,CE,Federal Contract Tower,0,0,3,9,12,0,0,6,1,7,0,0,9,10,19,16,4,20,39
08/25/2014,NQA,TN,ASO,CE,Federal Contract Tower,0,0,4,6,10,0,0,7,4,11,0,0,11,10,21,12,74,86,107
08/26/2014,NQA,TN,ASO,CE,Federal Contract Tower,0,0,6,8,14,0,0,13,2,15,0,0,19,10,29,6,52,58,87
08/27/2014,NQA,TN,ASO,CE,Federal Contract Tower,0,4,4,6,14,0,2,17,8,27,0,6,21,14,41,0,178,178,219
08/28/2014,NQA,TN,ASO,CE,Federal Contract Tower,0,2,4,4,10,0,0,3,4,7,0,2,7,8,17,0,74,74,91
08/29/2014,NQA,TN,ASO,CE,Federal Contract Tower,0,0,6,6,12,0,0,12,2,14,0,0,18,8,26,18,74,92,118
08/30/2014,NQA,TN,ASO,CE,Federal Contract Tower,0,0,5,0,5,0,0,1,0,1,0,0,6,0,6,0,0,0,6
08/31/2014,NQA,TN,ASO,CE,Federal Contract Tower,0,0,0,0,0,0,0,2,0,2,0,0,2,0,2,0,0,0,2
09/01/2014,NQA,TN,ASO,CE,Federal Contract Tower,0,0,7,0,7,0,0,4,0,4,0,0,11,0,11,0,0,0,11
09/02/2014,NQA,TN,ASO,CE,Federal Contract Tower,0,0,2,0,2,0,0,3,0,3,0,0,5,0,5,4,0,4,9
09/03/2014,NQA,TN,ASO,CE,Federal Contract Tower,0,0,1,2,3,0,0,2,0,2,0,0,3,2,5,0,2,2,7
09/04/2014,NQA,TN,ASO,CE,Federal Contract Tower,0,0,9,4,13,0,0,15,3,18,0,0,24,7,31,54,106,160,191
09/05/2014,NQA,TN,ASO,CE,Federal Contract Tower,0,0,4,27,31,0,0,13,10,23,0,0,17,37,54,10,218,228,282
09/06/2014,NQA,TN,ASO,CE,Federal Contract Tower,0,0,2,0,2,0,0,8,0,8,0,0,10,0,10,24,0,24,34
09/07/2014,NQA,TN,ASO,CE,Federal Contract Tower,0,0,6,6,12,0,0,4,0,4,0,0,10,6,16,0,0,0,16
09/08/2014,NQA,TN,ASO,CE,Federal Contract Tower,0,0,3,9,12,0,2,19,9,30,0,2,22,18,42,34,106,140,182
09/09/2014,NQA,TN,ASO,CE,Federal Contract Tower,0,0,5,13,18,0,0,11,6,17,0,0,16,19,35,0,76,76,111
09/10/2014,NQA,TN,ASO,CE,Federal Contract Tower,0,0,4,12,16,0,0,8,12,20,0,0,12,24,36,0,132,132,168
09/11/2014,NQA,TN,ASO,CE,Federal Contract Tower,0,0,0,0,0,0,0,0,0,0,0,0,0,0,0,0,0,0,0
09/12/2014,NQA,TN,ASO,CE,Federal Contract Tower,0,1,4,2,7,0,0,1,0,1,0,1,5,2,8,0,0,0,8
09/13/2014,NQA,TN,ASO,CE,Federal Contract Tower,0,0,4,2,6,0,0,4,0,4,0,0,8,2,10,12,0,12,22
09/14/2014,NQA,TN,ASO,CE,Federal Contract Tower,0,0,1,2,3,0,0,11,2,13,0,0,12,4,16,12,0,12,28
09/15/2014,NQA,TN,ASO,CE,Federal Contract Tower,0,0,0,10,10,0,0,26,2,28,0,0,26,12,38,0,48,48,86
09/16/2014,NQA,TN,ASO,CE,Federal Contract Tower,0,0,7,3,10,0,0,0,1,1,0,0,7,4,11,0,10,10,21
09/17/2014,NQA,TN,ASO,CE,Federal Contract Tower,0,2,8,7,17,0,0,13,2,15,0,2,21,9,32,14,56,70,102
09/18/2014,NQA,TN,ASO,CE,Federal Contract Tower,0,0,5,2,7,0,0,9,3,12,0,0,14,5,19,0,42,42,61
09/19/2014,NQA,TN,ASO,CE,Federal Contract Tower,0,0,1,8,9,0,0,8,2,10,0,0,9,10,19,2,34,36,55
09/20/2014,NQA,TN,ASO,CE,Federal Contract Tower,0,0,2,0,2,0,0,11,2,13,0,0,13,2,15,0,0,0,15
09/21/2014,NQA,TN,ASO,CE,Federal Contract Tower,0,2,3,0,5,0,0,8,0,8,0,2,11,0,13,8,0,8,21
09/22/2014,NQA,TN,ASO,CE,Federal Contract Tower,0,0,5,8,13,0,0,14,7,21,0,0,19,15,34,18,120,138,172
09/23/2014,NQA,TN,ASO,CE,Federal Contract Tower,0,2,10,12,24,0,0,25,10,35,0,2,35,22,59,38,228,266,325
09/24/2014,NQA,TN,ASO,CE,Federal Contract Tower,0,0,5,4,9,0,0,16,4,20,0,0,21,8,29,20,76,96,125
09/25/2014,NQA,TN,ASO,CE,Federal Contract Tower,0,2,2,4,8,0,0,16,3,19,0,2,18,7,27,14,56,70,97
09/26/2014,NQA,TN,ASO,CE,Federal Contract Tower,0,0,0,2,2,0,0,21,0,21,0,0,21,2,23,38,48,86,109
09/27/2014,NQA,TN,ASO,CE,Federal Contract Tower,0,0,3,0,3,0,0,10,0,10,0,0,13,0,13,0,0,0,13
09/28/2014,NQA,TN,ASO,CE,Federal Contract Tower,0,0,3,0,3,0,0,9,0,9,0,0,12,0,12,2,0,2,14
09/29/2014,NQA,TN,ASO,CE,Federal Contract Tower,0,0,4,4,8,0,0,9,4,13,0,0,13,8,21,8,78,86,107
09/30/2014,NQA,TN,ASO,CE,Federal Contract Tower,0,0,2,0,2,0,0,18,0,18,0,0,20,0,20,8,0,8,28
10/01/2014,NQA,TN,ASO,CE,Federal Contract Tower,0,0,12,13,25,0,2,17,1,20,0,2,29,14,45,48,124,172,217
10/02/2014,NQA,TN,ASO,CE,Federal Contract Tower,0,0,9,10,19,0,0,1,0,1,0,0,10,10,20,20,0,20,40
10/03/2014,NQA,TN,ASO,CE,Federal Contract Tower,0,0,8,9,17,0,0,4,2,6,0,0,12,11,23,4,40,44,67
10/04/2014,NQA,TN,ASO,CE,Federal Contract Tower,0,0,6,1,7,0,0,16,0,16,0,0,22,1,23,34,0,34,57
10/05/2014,NQA,TN,ASO,CE,Federal Contract Tower,0,0,4,2,6,0,0,4,0,4,0,0,8,2,10,14,0,14,24
10/06/2014,NQA,TN,ASO,CE,Federal Contract Tower,0,0,0,8,8,0,0,2,2,4,0,0,2,10,12,12,46,58,70
10/07/2014,NQA,TN,ASO,CE,Federal Contract Tower,0,0,3,2,5,0,0,9,2,11,0,0,12,4,16,0,24,24,40
10/08/2014,NQA,TN,ASO,CE,Federal Contract Tower,0,2,7,2,11,0,0,9,1,10,0,2,16,3,21,20,22,42,63
10/09/2014,NQA,TN,ASO,CE,Federal Contract Tower,0,0,7,9,16,0,2,12,7,21,0,2,19,16,37,24,122,146,183
10/10/2014,NQA,TN,ASO,CE,Federal Contract Tower,0,0,1,4,5,0,0,3,6,9,0,0,4,10,14,0,0,0,14
10/11/2014,NQA,TN,ASO,CE,Federal Contract Tower,0,0,0,0,0,0,0,0,5,5,0,0,0,5,5,0,0,0,5
10/12/2014,NQA,TN,ASO,CE,Federal Contract Tower,0,0,5,2,7,0,0,4,3,7,0,0,9,5,14,6,0,6,20
10/13/2014,NQA,TN,ASO,CE,Federal Contract Tower,0,4,2,0,6,0,0,0,0,0,0,4,2,0,6,0,0,0,6
10/14/2014,NQA,TN,ASO,CE,Federal Contract Tower,0,0,2,2,4,0,0,0,4,4,0,0,2,6,8,0,0,0,8
10/15/2014,NQA,TN,ASO,CE,Federal Contract Tower,0,0,4,11,15,0,2,4,12,18,0,2,8,23,33,0,12,12,45
10/16/2014,NQA,TN,ASO,CE,Federal Contract Tower,0,0,5,3,8,0,1,33,3,37,0,1,38,6,45,22,0,22,67
10/17/2014,NQA,TN,ASO,CE,Federal Contract Tower,0,2,6,0,8,0,1,20,0,21,0,3,26,0,29,16,0,16,45
10/18/2014,NQA,TN,ASO,CE,Federal Contract Tower,0,1,2,0,3,0,9,33,1,43,0,10,35,1,46,0,0,0,46
10/19/2014,NQA,TN,ASO,CE,Federal Contract Tower,0,0,2,2,4,0,4,29,0,33,0,4,31,2,37,0,0,0,37
10/20/2014,NQA,TN,ASO,CE,Federal Contract Tower,0,0,4,0,4,0,0,15,0,15,0,0,19,0,19,0,0,0,19
10/21/2014,NQA,TN,ASO,CE,Federal Contract Tower,0,2,10,11,23,0,1,20,3,24,0,3,30,14,47,12,62,74,121
10/22/2014,NQA,TN,ASO,CE,Federal Contract Tower,0,0,4,2,6,0,0,14,2,16,0,0,18,4,22,16,38,54,76
10/23/2014,NQA,TN,ASO,CE,Federal Contract Tower,0,2,1,9,12,0,0,16,2,18,0,2,17,11,30,6,44,50,80
10/24/2014,NQA,TN,ASO,CE,Federal Contract Tower,0,1,15,18,34,0,0,26,2,28,0,1,41,20,62,28,40,68,130
10/25/2014,NQA,TN,ASO,CE,Federal Contract Tower,1,2,2,6,11,0,0,18,0,18,1,2,20,6,29,8,0,8,37
10/26/2014,NQA,TN,ASO,CE,Federal Contract Tower,0,0,0,0,0,0,0,12,0,12,0,0,12,0,12,2,0,2,14
10/27/2014,NQA,TN,ASO,CE,Federal Contract Tower,0,2,1,6,9,0,0,14,0,14,0,2,15,6,23,24,2,26,49
10/28/2014,NQA,TN,ASO,CE,Federal Contract Tower,0,0,2,0,2,0,0,1,0,1,0,0,3,0,3,0,0,0,3
10/29/2014,NQA,TN,ASO,CE,Federal Contract Tower,0,2,4,8,14,0,2,15,4,21,0,4,19,12,35,8,80,88,123
10/30/2014,NQA,TN,ASO,CE,Federal Contract Tower,0,0,6,10,16,0,0,7,5,12,0,0,13,15,28,0,102,102,130
10/31/2014,NQA,TN,ASO,CE,Federal Contract Tower,0,2,11,2,15,0,0,3,0,3,0,2,14,2,18,0,0,0,18
11/01/2014,NQA,TN,ASO,CE,Federal Contract Tower,0,0,2,0,2,0,0,8,0,8,0,0,10,0,10,10,0,10,20
11/02/2014,NQA,TN,ASO,CE,Federal Contract Tower,0,0,5,0,5,0,0,14,0,14,0,0,19,0,19,20,0,20,39
11/03/2014,NQA,TN,ASO,CE,Federal Contract Tower,0,0,5,8,13,0,0,5,2,7,0,0,10,10,20,4,70,74,94
11/04/2014,NQA,TN,ASO,CE,Federal Contract Tower,6,0,6,12,24,0,0,14,0,14,6,0,20,12,38,14,48,62,100
11/05/2014,NQA,TN,ASO,CE,Federal Contract Tower,0,1,5,0,6,0,0,0,0,0,0,1,5,0,6,0,0,0,6
11/06/2014,NQA,TN,ASO,CE,Federal Contract Tower,0,0,5,4,9,0,0,5,2,7,0,0,10,6,16,2,46,48,64
11/07/2014,NQA,TN,ASO,CE,Federal Contract Tower,0,0,4,28,32,0,0,14,6,20,0,0,18,34,52,24,84,108,160
11/08/2014,NQA,TN,ASO,CE,Federal Contract Tower,0,0,3,0,3,0,0,11,0,11,0,0,14,0,14,0,0,0,14
11/09/2014,NQA,TN,ASO,CE,Federal Contract Tower,0,0,2,9,11,0,0,8,0,8,0,0,10,9,19,0,0,0,19
11/10/2014,NQA,TN,ASO,CE,Federal Contract Tower,0,0,2,0,2,0,0,5,0,5,0,0,7,0,7,0,0,0,7
11/11/2014,NQA,TN,ASO,CE,Federal Contract Tower,0,3,3,0,6,0,0,0,0,0,0,3,3,0,6,0,0,0,6
11/12/2014,NQA,TN,ASO,CE,Federal Contract Tower,0,2,18,6,26,0,0,3,0,3,0,2,21,6,29,0,14,14,43
11/13/2014,NQA,TN,ASO,CE,Federal Contract Tower,0,0,2,4,6,0,0,12,3,15,0,0,14,7,21,4,8,12,33
11/14/2014,NQA,TN,ASO,CE,Federal Contract Tower,0,1,11,11,23,0,0,12,2,14,0,1,23,13,37,8,40,48,85
11/15/2014,NQA,TN,ASO,CE,Federal Contract Tower,0,0,5,0,5,0,0,11,0,11,0,0,16,0,16,24,0,24,40
11/16/2014,NQA,TN,ASO,CE,Federal Contract Tower,0,0,2,0,2,0,0,0,0,0,0,0,2,0,2,0,0,0,2
11/17/2014,NQA,TN,ASO,CE,Federal Contract Tower,0,0,10,4,14,0,0,5,1,6,0,0,15,5,20,0,0,0,20
11/18/2014,NQA,TN,ASO,CE,Federal Contract Tower,0,0,4,33,37,0,0,5,6,11,0,0,9,39,48,0,80,80,128
11/19/2014,NQA,TN,ASO,CE,Federal Contract Tower,0,2,7,2,11,0,0,0,7,7,0,2,7,9,18,26,0,26,44
11/20/2014,NQA,TN,ASO,CE,Federal Contract Tower,0,2,5,4,11,0,0,20,2,22,0,2,25,6,33,8,84,92,125
11/21/2014,NQA,TN,ASO,CE,Federal Contract Tower,0,0,1,17,18,0,0,9,1,10,0,0,10,18,28,24,118,142,170
11/22/2014,NQA,TN,ASO,CE,Federal Contract Tower,0,0,3,4,7,0,0,10,0,10,0,0,13,4,17,0,0,0,17
11/23/2014,NQA,TN,ASO,CE,Federal Contract Tower,0,0,2,0,2,0,0,0,0,0,0,0,2,0,2,0,0,0,2
11/24/2014,NQA,TN,ASO,CE,Federal Contract Tower,0,0,2,4,6,0,0,4,3,7,0,0,6,7,13,4,52,56,69
11/25/2014,NQA,TN,ASO,CE,Federal Contract Tower,0,0,4,5,9,0,2,13,4,19,0,2,17,9,28,0,58,58,86
11/26/2014,NQA,TN,ASO,CE,Federal Contract Tower,0,0,4,0,4,0,0,12,0,12,0,0,16,0,16,10,0,10,26
11/27/2014,NQA,TN,ASO,CE,Federal Contract Tower,0,0,0,0,0,0,0,0,0,0,0,0,0,0,0,0,0,0,0
11/28/2014,NQA,TN,ASO,CE,Federal Contract Tower,0,0,0,0,0,0,0,8,0,8,0,0,8,0,8,26,0,26,34
11/29/2014,NQA,TN,ASO,CE,Federal Contract Tower,0,0,4,0,4,0,0,1,0,1,0,0,5,0,5,0,0,0,5
11/30/2014,NQA,TN,ASO,CE,Federal Contract Tower,8,0,3,0,11,0,0,5,0,5,8,0,8,0,16,0,0,0,16
12/01/2014,NQA,TN,ASO,CE,Federal Contract Tower,0,0,4,0,4,0,0,0,0,0,0,0,4,0,4,0,0,0,4
12/02/2014,NQA,TN,ASO,CE,Federal Contract Tower,0,0,0,0,0,0,0,0,0,0,0,0,0,0,0,0,0,0,0
12/03/2014,NQA,TN,ASO,CE,Federal Contract Tower,0,4,2,0,6,0,0,2,0,2,0,4,4,0,8,0,0,0,8
12/04/2014,NQA,TN,ASO,CE,Federal Contract Tower,0,0,9,0,9,0,0,6,0,6,0,0,15,0,15,12,0,12,27
12/05/2014,NQA,TN,ASO,CE,Federal Contract Tower,0,0,8,8,16,0,0,0,0,0,0,0,8,8,16,0,0,0,16
12/06/2014,NQA,TN,ASO,CE,Federal Contract Tower,0,0,4,0,4,0,0,2,0,2,0,0,6,0,6,4,0,4,10
12/07/2014,NQA,TN,ASO,CE,Federal Contract Tower,0,0,2,3,5,0,0,4,0,4,0,0,6,3,9,0,0,0,9
12/08/2014,NQA,TN,ASO,CE,Federal Contract Tower,0,0,0,0,0,0,0,1,0,1,0,0,1,0,1,0,0,0,1
12/09/2014,NQA,TN,ASO,CE,Federal Contract Tower,0,0,0,0,0,0,0,2,0,2,0,0,2,0,2,0,0,0,2
12/10/2014,NQA,TN,ASO,CE,Federal Contract Tower,0,0,2,6,8,0,0,14,7,21,0,0,16,13,29,52,126,178,207
12/11/2014,NQA,TN,ASO,CE,Federal Contract Tower,0,2,5,5,12,0,2,8,4,14,0,4,13,9,26,0,78,78,104
12/12/2014,NQA,TN,ASO,CE,Federal Contract Tower,0,3,4,7,14,0,0,30,6,36,0,3,34,13,50,64,106,170,220
12/13/2014,NQA,TN,ASO,CE,Federal Contract Tower,0,1,3,2,6,0,0,12,0,12,0,1,15,2,18,26,0,26,44
12/14/2014,NQA,TN,ASO,CE,Federal Contract Tower,0,0,7,4,11,0,0,20,3,23,0,0,27,7,34,30,14,44,78
12/15/2014,NQA,TN,ASO,CE,Federal Contract Tower,0,8,4,12,24,0,0,0,0,0,0,8,4,12,24,0,0,0,24
12/16/2014,NQA,TN,ASO,CE,Federal Contract Tower,0,0,5,6,11,0,2,6,3,11,0,2,11,9,22,10,42,52,74
12/17/2014,NQA,TN,ASO,CE,Federal Contract Tower,0,0,8,1,9,0,0,3,2,5,0,0,11,3,14,0,36,36,50
12/18/2014,NQA,TN,ASO,CE,Federal Contract Tower,0,2,12,19,33,0,0,0,1,1,0,2,12,20,34,4,0,4,38
12/19/2014,NQA,TN,ASO,CE,Federal Contract Tower,0,0,2,0,2,0,0,8,0,8,0,0,10,0,10,0,0,0,10
12/20/2014,NQA,TN,ASO,CE,Federal Contract Tower,0,0,3,0,3,0,0,20,0,20,0,0,23,0,23,36,0,36,59
12/21/2014,NQA,TN,ASO,CE,Federal Contract Tower,0,0,3,0,3,0,0,12,0,12,0,0,15,0,15,18,0,18,33
12/22/2014,NQA,TN,ASO,CE,Federal Contract Tower,0,7,1,0,8,0,0,0,0,0,0,7,1,0,8,0,0,0,8
12/23/2014,NQA,TN,ASO,CE,Federal Contract Tower,0,2,4,0,6,0,0,0,0,0,0,2,4,0,6,0,0,0,6
12/24/2014,NQA,TN,ASO,CE,Federal Contract Tower,0,0,0,0,0,0,0,0,0,0,0,0,0,0,0,0,0,0,0
12/25/2014,NQA,TN,ASO,CE,Federal Contract Tower,0,0,0,0,0,0,0,4,0,4,0,0,4,0,4,0,0,0,4
12/26/2014,NQA,TN,ASO,CE,Federal Contract Tower,0,0,4,0,4,0,0,10,0,10,0,0,14,0,14,40,0,40,54
12/27/2014,NQA,TN,ASO,CE,Federal Contract Tower,0,0,1,0,1,0,0,0,0,0,0,0,1,0,1,0,0,0,1
12/28/2014,NQA,TN,ASO,CE,Federal Contract Tower,0,0,3,0,3,0,0,0,0,0,0,0,3,0,3,0,0,0,3
12/29/2014,NQA,TN,ASO,CE,Federal Contract Tower,0,0,1,0,1,0,0,2,0,2,0,0,3,0,3,12,0,12,15
12/30/2014,NQA,TN,ASO,CE,Federal Contract Tower,0,0,11,2,13,0,0,11,0,11,0,0,22,2,24,8,0,8,32
12/31/2014,NQA,TN,ASO,CE,Federal Contract Tower,0,0,2,0,2,0,0,2,0,2,0,0,4,0,4,0,0,0,4
01/01/2015,NQA,TN,ASO,CE,Federal Contract Tower,0,4,2,0,6,0,0,5,0,5,0,4,7,0,11,28,0,28,39
01/02/2015,NQA,TN,ASO,CE,Federal Contract Tower,0,0,1,0,1,0,0,0,0,0,0,0,1,0,1,0,0,0,1
01/03/2015,NQA,TN,ASO,CE,Federal Contract Tower,0,0,0,0,0,0,0,2,0,2,0,0,2,0,2,4,0,4,6
01/04/2015,NQA,TN,ASO,CE,Federal Contract Tower,0,0,3,1,4,0,0,0,3,3,0,0,3,4,7,0,0,0,7
01/05/2015,NQA,TN,ASO,CE,Federal Contract Tower,0,0,0,2,2,0,0,4,5,9,0,0,4,7,11,0,30,30,41
01/06/2015,NQA,TN,ASO,CE,Federal Contract Tower,0,0,2,16,18,0,0,10,3,13,0,0,12,19,31,0,48,48,79
01/07/2015,NQA,TN,ASO,CE,Federal Contract Tower,0,0,4,2,6,0,2,0,2,4,0,2,4,4,10,0,36,36,46
01/08/2015,NQA,TN,ASO,CE,Federal Contract Tower,0,2,5,6,13,0,0,8,2,10,0,2,13,8,23,24,50,74,97
01/09/2015,NQA,TN,ASO,CE,Federal Contract Tower,0,0,5,2,7,0,0,6,1,7,0,0,11,3,14,12,20,32,46
01/10/2015,NQA,TN,ASO,CE,Federal Contract Tower,0,0,1,0,1,0,0,18,0,18,0,0,19,0,19,12,0,12,31
01/11/2015,NQA,TN,ASO,CE,Federal Contract Tower,0,2,2,0,4,0,0,1,0,1,0,2,3,0,5,0,0,0,5
01/12/2015,NQA,TN,ASO,CE,Federal Contract Tower,0,0,0,2,2,0,0,0,0,0,0,0,0,2,2,0,0,0,2
01/13/2015,NQA,TN,ASO,CE,Federal Contract Tower,0,2,3,12,17,0,0,6,7,13,0,2,9,19,30,4,110,114,144
01/14/2015,NQA,TN,ASO,CE,Federal Contract Tower,0,0,2,6,8,0,0,15,6,21,0,0,17,12,29,32,54,86,115
01/15/2015,NQA,TN,ASO,CE,Federal Contract Tower,0,2,10,0,12,0,6,16,0,22,0,8,26,0,34,18,0,18,52
01/16/2015,NQA,TN,ASO,CE,Federal Contract Tower,0,2,10,4,16,0,0,10,2,12,0,2,20,6,28,4,62,66,94
01/17/2015,NQA,TN,ASO,CE,Federal Contract Tower,0,0,1,0,1,0,0,28,0,28,0,0,29,0,29,0,0,0,29
01/18/2015,NQA,TN,ASO,CE,Federal Contract Tower,0,0,4,0,4,0,0,15,0,15,0,0,19,0,19,14,0,14,33
01/19/2015,NQA,TN,ASO,CE,Federal Contract Tower,0,0,14,0,14,0,0,23,0,23,0,0,37,0,37,8,0,8,45
01/20/2015,NQA,TN,ASO,CE,Federal Contract Tower,0,2,7,6,15,0,2,30,4,36,0,4,37,10,51,44,98,142,193
01/21/2015,NQA,TN,ASO,CE,Federal Contract Tower,0,7,6,18,31,0,2,38,6,46,0,9,44,24,77,28,122,150,227
01/22/2015,NQA,TN,ASO,CE,Federal Contract Tower,0,0,18,6,24,0,0,10,6,16,0,0,28,12,40,4,112,116,156
01/23/2015,NQA,TN,ASO,CE,Federal Contract Tower,0,1,0,2,3,0,1,0,1,2,0,2,0,3,5,0,6,6,11
01/24/2015,NQA,TN,ASO,CE,Federal Contract Tower,0,0,9,0,9,0,0,23,0,23,0,0,32,0,32,10,0,10,42
01/25/2015,NQA,TN,ASO,CE,Federal Contract Tower,0,0,2,3,5,0,0,2,0,2,0,0,4,3,7,4,0,4,11
01/26/2015,NQA,TN,ASO,CE,Federal Contract Tower,0,0,3,15,18,0,1,8,6,15,0,1,11,21,33,12,94,106,139
01/27/2015,NQA,TN,ASO,CE,Federal Contract Tower,0,0,7,6,13,0,0,21,1,22,0,0,28,7,35,32,98,130,165
01/28/2015,NQA,TN,ASO,CE,Federal Contract Tower,0,0,16,6,22,0,0,14,4,18,0,0,30,10,40,26,112,138,178
01/29/2015,NQA,TN,ASO,CE,Federal Contract Tower,0,2,7,6,15,0,0,3,8,11,0,2,10,14,26,0,134,134,160
01/30/2015,NQA,TN,ASO,CE,Federal Contract Tower,0,0,6,6,12,0,0,10,9,19,0,0,16,15,31,6,72,78,109
01/31/2015,NQA,TN,ASO,CE,Federal Contract Tower,0,0,6,0,6,0,0,19,0,19,0,0,25,0,25,14,0,14,39
02/01/2015,NQA,TN,ASO,CE,Federal Contract Tower,0,0,0,0,0,0,0,0,0,0,0,0,0,0,0,0,0,0,0
02/02/2015,NQA,TN,ASO,CE,Federal Contract Tower,0,0,0,2,2,0,0,3,2,5,0,0,3,4,7,0,46,46,53
02/03/2015,NQA,TN,ASO,CE,Federal Contract Tower,0,2,2,18,22,0,2,9,2,13,0,4,11,20,35,0,96,96,131
02/04/2015,NQA,TN,ASO,CE,Federal Contract Tower,0,0,3,2,5,0,0,6,1,7,0,0,9,3,12,26,50,76,88
02/05/2015,NQA,TN,ASO,CE,Federal Contract Tower,0,2,2,19,23,0,2,1,12,15,0,4,3,31,38,0,230,230,268
02/06/2015,NQA,TN,ASO,CE,Federal Contract Tower,0,0,2,8,10,0,0,11,4,15,0,0,13,12,25,0,94,94,119
02/07/2015,NQA,TN,ASO,CE,Federal Contract Tower,0,0,2,6,8,0,0,5,0,5,0,0,7,6,13,18,0,18,31
02/08/2015,NQA,TN,ASO,CE,Federal Contract Tower,0,2,6,2,10,0,0,2,0,2,0,2,8,2,12,0,0,0,12
02/09/2015,NQA,TN,ASO,CE,Federal Contract Tower,0,0,6,4,10,0,0,2,1,3,0,0,8,5,13,4,0,4,17
02/10/2015,NQA,TN,ASO,CE,Federal Contract Tower,0,0,5,14,19,0,0,10,5,15,0,0,15,19,34,0,88,88,122
02/11/2015,NQA,TN,ASO,CE,Federal Contract Tower,0,3,7,11,21,0,1,28,4,33,0,4,35,15,54,38,58,96,150
02/12/2015,NQA,TN,ASO,CE,Federal Contract Tower,0,4,2,6,12,0,0,9,2,11,0,4,11,8,23,2,74,76,99
02/13/2015,NQA,TN,ASO,CE,Federal Contract Tower,0,0,10,9,19,0,0,20,4,24,0,0,30,13,43,14,124,138,181
02/14/2015,NQA,TN,ASO,CE,Federal Contract Tower,0,0,0,1,1,0,0,17,0,17,0,0,17,1,18,0,0,0,18
02/15/2015,NQA,TN,ASO,CE,Federal Contract Tower,0,0,8,0,8,0,0,7,0,7,0,0,15,0,15,4,0,4,19
02/16/2015,NQA,TN,ASO,CE,Federal Contract Tower,0,0,0,0,0,0,0,0,0,0,0,0,0,0,0,0,0,0,0
02/17/2015,NQA,TN,ASO,CE,Federal Contract Tower,0,0,2,2,4,0,0,1,0,1,0,0,3,2,5,0,0,0,5
02/18/2015,NQA,TN,ASO,CE,Federal Contract Tower,0,0,10,9,19,0,0,20,4,24,0,0,30,13,43,14,124,138,181
02/19/2015,NQA,TN,ASO,CE,Federal Contract Tower,0,1,15,2,18,0,0,8,1,9,0,1,23,3,27,0,24,24,51
02/20/2015,NQA,TN,ASO,CE,Federal Contract Tower,0,0,0,0,0,0,0,0,0,0,0,0,0,0,0,0,0,0,0
02/21/2015,NQA,TN,ASO,CE,Federal Contract Tower,0,0,0,0,0,0,0,0,0,0,0,0,0,0,0,0,0,0,0
02/22/2015,NQA,TN,ASO,CE,Federal Contract Tower,0,0,6,0,6,0,0,0,0,0,0,0,6,0,6,0,0,0,6
02/23/2015,NQA,TN,ASO,CE,Federal Contract Tower,0,0,0,6,6,0,0,4,0,4,0,0,4,6,10,4,24,28,38
02/24/2015,NQA,TN,ASO,CE,Federal Contract Tower,0,0,3,16,19,0,0,21,0,21,0,0,24,16,40,38,26,64,104
02/25/2015,NQA,TN,ASO,CE,Federal Contract Tower,0,4,2,1,7,0,0,4,0,4,0,4,6,1,11,26,0,26,37
02/26/2015,NQA,TN,ASO,CE,Federal Contract Tower,0,2,4,0,6,0,0,3,0,3,0,2,7,0,9,6,0,6,15
02/27/2015,NQA,TN,ASO,CE,Federal Contract Tower,0,0,5,5,10,0,0,21,4,25,0,0,26,9,35,44,66,110,145
02/28/2015,NQA,TN,ASO,CE,Federal Contract Tower,0,0,2,0,2,0,0,24,0,24,0,0,26,0,26,18,0,18,44
03/01/2015,NQA,TN,ASO,CE,Federal Contract Tower,0,0,9,1,10,0,0,0,0,0,0,0,9,1,10,0,0,0,10
03/02/2015,NQA,TN,ASO,CE,Federal Contract Tower,0,1,4,4,9,0,0,8,4,12,0,1,12,8,21,12,52,64,85
03/03/2015,NQA,TN,ASO,CE,Federal Contract Tower,0,0,0,0,0,0,0,0,0,0,0,0,0,0,0,0,0,0,0
03/04/2015,NQA,TN,ASO,CE,Federal Contract Tower,0,0,3,0,3,0,0,0,0,0,0,0,3,0,3,0,0,0,3
03/05/2015,NQA,TN,ASO,CE,Federal Contract Tower,0,0,0,0,0,0,0,0,0,0,0,0,0,0,0,0,0,0,0
03/06/2015,NQA,TN,ASO,CE,Federal Contract Tower,0,0,1,4,5,0,0,1,0,1,0,0,2,4,6,0,0,0,6
03/07/2015,NQA,TN,ASO,CE,Federal Contract Tower,0,0,4,0,4,0,0,10,0,10,0,0,14,0,14,42,0,42,56
03/08/2015,NQA,TN,ASO,CE,Federal Contract Tower,0,0,11,2,13,0,0,5,0,5,0,0,16,2,18,0,0,0,18
03/09/2015,NQA,TN,ASO,CE,Federal Contract Tower,0,0,4,0,4,0,0,0,0,0,0,0,4,0,4,0,0,0,4
03/10/2015,NQA,TN,ASO,CE,Federal Contract Tower,0,0,8,0,8,0,0,0,0,0,0,0,8,0,8,0,0,0,8
03/11/2015,NQA,TN,ASO,CE,Federal Contract Tower,0,0,7,20,27,0,0,2,0,2,0,0,9,20,29,0,6,6,35
03/12/2015,NQA,TN,ASO,CE,Federal Contract Tower,0,0,4,2,6,0,0,1,0,1,0,0,5,2,7,0,0,0,7
03/13/2015,NQA,TN,ASO,CE,Federal Contract Tower,0,2,1,0,3,0,0,0,0,0,0,2,1,0,3,0,0,0,3
03/14/2015,NQA,TN,ASO,CE,Federal Contract Tower,0,2,2,0,4,0,0,0,0,0,0,2,2,0,4,0,0,0,4
03/15/2015,NQA,TN,ASO,CE,Federal Contract Tower,0,0,4,0,4,0,0,18,0,18,0,0,22,0,22,30,0,30,52
03/16/2015,NQA,TN,ASO,CE,Federal Contract Tower,0,0,3,7,10,0,0,30,4,34,0,0,33,11,44,58,80,138,182
03/17/2015,NQA,TN,ASO,CE,Federal Contract Tower,0,1,6,16,23,0,1,19,4,24,0,2,25,20,47,24,136,160,207
03/18/2015,NQA,TN,ASO,CE,Federal Contract Tower,0,0,8,8,16,0,0,9,0,9,0,0,17,8,25,0,0,0,25
03/19/2015,NQA,TN,ASO,CE,Federal Contract Tower,0,0,9,0,9,0,0,0,0,0,0,0,9,0,9,0,0,0,9
03/20/2015,NQA,TN,ASO,CE,Federal Contract Tower,0,0,4,0,4,0,0,0,0,0,0,0,4,0,4,0,0,0,4
03/21/2015,NQA,TN,ASO,CE,Federal Contract Tower,0,0,2,6,8,0,0,24,6,30,0,0,26,12,38,10,140,150,188
03/22/2015,NQA,TN,ASO,CE,Federal Contract Tower,0,0,6,2,8,0,0,0,0,0,0,0,6,2,8,0,0,0,8
03/23/2015,NQA,TN,ASO,CE,Federal Contract Tower,0,0,9,14,23,0,4,36,12,52,0,4,45,26,75,54,202,256,331
03/24/2015,NQA,TN,ASO,CE,Federal Contract Tower,0,0,11,4,15,0,0,22,0,22,0,0,33,4,37,12,88,100,137
03/25/2015,NQA,TN,ASO,CE,Federal Contract Tower,0,2,3,19,24,0,0,15,10,25,0,2,18,29,49,36,130,166,215
03/26/2015,NQA,TN,ASO,CE,Federal Contract Tower,0,0,6,0,6,0,0,0,0,0,0,0,6,0,6,0,0,0,6
03/27/2015,NQA,TN,ASO,CE,Federal Contract Tower,0,4,2,4,10,0,0,9,3,12,0,4,11,7,22,28,32,60,82
03/28/2015,NQA,TN,ASO,CE,Federal Contract Tower,0,2,4,4,10,0,0,33,0,33,0,2,37,4,43,44,0,44,87
03/29/2015,NQA,TN,ASO,CE,Federal Contract Tower,0,0,4,4,8,0,0,3,1,4,0,0,7,5,12,12,4,16,28
03/30/2015,NQA,TN,ASO,CE,Federal Contract Tower,0,0,0,6,6,0,0,17,7,24,0,0,17,13,30,48,40,88,118
03/31/2015,NQA,TN,ASO,CE,Federal Contract Tower,0,0,6,4,10,0,0,16,6,22,0,0,22,10,32,24,94,118,150
04/01/2015,NQA,TN,ASO,CE,Federal Contract Tower,0,0,2,6,8,0,0,9,3,12,0,0,11,9,20,8,70,78,98
04/02/2015,NQA,TN,ASO,CE,Federal Contract Tower,0,0,4,4,8,0,0,3,3,6,0,0,7,7,14,2,78,80,94
04/03/2015,NQA,TN,ASO,CE,Federal Contract Tower,0,0,6,4,10,0,0,2,1,3,0,0,8,5,13,0,6,6,19
04/04/2015,NQA,TN,ASO,CE,Federal Contract Tower,0,0,3,0,3,0,0,30,0,30,0,0,33,0,33,34,0,34,67
04/05/2015,NQA,TN,ASO,CE,Federal Contract Tower,0,0,5,0,5,0,0,3,0,3,0,0,8,0,8,0,0,0,8
04/06/2015,NQA,TN,ASO,CE,Federal Contract Tower,0,0,1,0,1,0,0,8,0,8,0,0,9,0,9,22,0,22,31
04/07/2015,NQA,TN,ASO,CE,Federal Contract Tower,0,4,8,4,16,0,3,6,4,13,0,7,14,8,29,2,54,56,85
04/08/2015,NQA,TN,ASO,CE,Federal Contract Tower,0,3,10,16,29,0,1,7,7,15,0,4,17,23,44,6,110,116,160
04/09/2015,NQA,TN,ASO,CE,Federal Contract Tower,0,0,1,6,7,0,0,3,8,11,0,0,4,14,18,0,28,28,46
04/10/2015,NQA,TN,ASO,CE,Federal Contract Tower,0,0,8,15,23,0,1,18,13,32,0,1,26,28,55,20,186,206,261
04/11/2015,NQA,TN,ASO,CE,Federal Contract Tower,0,0,1,1,2,0,0,18,0,18,0,0,19,1,20,34,0,34,54
04/12/2015,NQA,TN,ASO,CE,Federal Contract Tower,0,0,3,2,5,0,0,14,0,14,0,0,17,2,19,22,0,22,41
04/13/2015,NQA,TN,ASO,CE,Federal Contract Tower,0,0,2,10,12,0,0,0,0,0,0,0,2,10,12,0,0,0,12
04/14/2015,NQA,TN,ASO,CE,Federal Contract Tower,0,2,7,8,17,0,0,4,0,4,0,2,11,8,21,8,4,12,33
04/15/2015,NQA,TN,ASO,CE,Federal Contract Tower,0,3,6,10,19,0,0,3,0,3,0,3,9,10,22,0,0,0,22
04/16/2015,NQA,TN,ASO,CE,Federal Contract Tower,0,2,5,15,22,0,0,12,4,16,0,2,17,19,38,10,70,80,118
04/17/2015,NQA,TN,ASO,CE,Federal Contract Tower,0,0,5,14,19,0,0,4,0,4,0,0,9,14,23,0,0,0,23
04/18/2015,NQA,TN,ASO,CE,Federal Contract Tower,0,0,8,0,8,0,0,5,0,5,0,0,13,0,13,22,0,22,35
04/19/2015,NQA,TN,ASO,CE,Federal Contract Tower,0,2,3,2,7,0,0,0,0,0,0,2,3,2,7,0,0,0,7
04/20/2015,NQA,TN,ASO,CE,Federal Contract Tower,0,0,7,8,15,0,0,3,4,7,0,0,10,12,22,0,90,90,112
04/21/2015,NQA,TN,ASO,CE,Federal Contract Tower,0,0,0,14,14,0,0,14,4,18,0,0,14,18,32,0,162,162,194
04/22/2015,NQA,TN,ASO,CE,Federal Contract Tower,0,0,9,9,18,0,0,9,2,11,0,0,18,11,29,0,80,80,109
04/23/2015,NQA,TN,ASO,CE,Federal Contract Tower,0,0,3,10,13,0,0,21,6,27,0,0,24,16,40,18,78,96,136
04/24/2015,NQA,TN,ASO,CE,Federal Contract Tower,0,0,7,8,15,0,0,9,2,11,0,0,16,10,26,0,20,20,46
04/25/2015,NQA,TN,ASO,CE,Federal Contract Tower,0,0,0,2,2,0,0,5,0,5,0,0,5,2,7,6,0,6,13
04/26/2015,NQA,TN,ASO,CE,Federal Contract Tower,0,0,5,0,5,0,0,6,0,6,0,0,11,0,11,0,0,0,11
04/27/2015,NQA,TN,ASO,CE,Federal Contract Tower,0,0,3,12,15,0,2,5,5,12,0,2,8,17,27,0,146,146,173
04/28/2015,NQA,TN,ASO,CE,Federal Contract Tower,0,0,4,6,10,0,2,6,0,8,0,2,10,6,18,28,88,116,134
04/29/2015,NQA,TN,ASO,CE,Federal Contract Tower,0,0,3,25,28,0,1,11,2,14,0,1,14,27,42,6,200,206,248
04/30/2015,NQA,TN,ASO,CE,Federal Contract Tower,0,0,3,14,17,0,0,7,4,11,0,0,10,18,28,0,98,98,126
05/01/2015,NQA,TN,ASO,CE,Federal Contract Tower,0,6,4,14,24,0,2,23,5,30,0,8,27,19,54,48,96,144,198
05/02/2015,NQA,TN,ASO,CE,Federal Contract Tower,0,2,5,0,7,0,0,16,4,20,0,2,21,4,27,2,0,2,29
05/03/2015,NQA,TN,ASO,CE,Federal Contract Tower,0,0,4,11,15,0,0,7,0,7,0,0,11,11,22,0,0,0,22
05/04/2015,NQA,TN,ASO,CE,Federal Contract Tower,0,0,0,8,8,0,0,9,2,11,0,0,9,10,19,40,66,106,125
05/05/2015,NQA,TN,ASO,CE,Federal Contract Tower,0,0,4,8,12,0,0,9,3,12,0,0,13,11,24,0,56,56,80
05/06/2015,NQA,TN,ASO,CE,Federal Contract Tower,0,4,4,11,19,0,2,19,7,28,0,6,23,18,47,18,88,106,153
05/07/2015,NQA,TN,ASO,CE,Federal Contract Tower,0,0,9,11,20,0,2,11,2,15,0,2,20,13,35,8,92,100,135
05/08/2015,NQA,TN,ASO,CE,Federal Contract Tower,0,0,2,0,2,0,0,1,0,1,0,0,3,0,3,0,0,0,3
05/09/2015,NQA,TN,ASO,CE,Federal Contract Tower,0,0,2,0,2,0,0,11,0,11,0,0,13,0,13,44,0,44,57
05/10/2015,NQA,TN,ASO,CE,Federal Contract Tower,0,0,0,0,0,0,0,3,0,3,0,0,3,0,3,0,0,0,3
05/11/2015,NQA,TN,ASO,CE,Federal Contract Tower,0,0,5,2,7,0,0,4,0,4,0,0,9,2,11,32,0,32,43
05/12/2015,NQA,TN,ASO,CE,Federal Contract Tower,0,0,2,13,15,0,0,8,5,13,0,0,10,18,28,10,120,130,158
05/13/2015,NQA,TN,ASO,CE,Federal Contract Tower,0,3,9,8,20,0,0,12,4,16,0,3,21,12,36,6,118,124,160
05/14/2015,NQA,TN,ASO,CE,Federal Contract Tower,0,0,7,14,21,0,0,7,17,24,0,0,14,31,45,32,40,72,117
05/15/2015,NQA,TN,ASO,CE,Federal Contract Tower,0,2,4,15,21,0,0,9,6,15,0,2,13,21,36,0,82,82,118
05/16/2015,NQA,TN,ASO,CE,Federal Contract Tower,0,0,1,0,1,0,0,0,0,0,0,0,1,0,1,0,0,0,1
05/17/2015,NQA,TN,ASO,CE,Federal Contract Tower,0,0,2,6,8,0,0,7,0,7,0,0,9,6,15,10,0,10,25
05/18/2015,NQA,TN,ASO,CE,Federal Contract Tower,0,0,2,1,3,0,2,2,0,4,0,2,4,1,7,2,0,2,9
05/19/2015,NQA,TN,ASO,CE,Federal Contract Tower,0,0,4,32,36,0,2,33,6,41,0,2,37,38,77,82,108,190,267
05/20/2015,NQA,TN,ASO,CE,Federal Contract Tower,0,1,8,2,11,0,0,1,0,1,0,1,9,2,12,0,24,24,36
05/21/2015,NQA,TN,ASO,CE,Federal Contract Tower,0,2,3,7,12,0,0,6,0,6,0,2,9,7,18,16,6,22,40
05/22/2015,NQA,TN,ASO,CE,Federal Contract Tower,0,3,8,0,11,0,2,34,0,36,0,5,42,0,47,32,0,32,79
05/23/2015,NQA,TN,ASO,CE,Federal Contract Tower,0,0,5,0,5,0,0,7,0,7,0,0,12,0,12,2,0,2,14
05/24/2015,NQA,TN,ASO,CE,Federal Contract Tower,0,0,1,0,1,0,0,0,0,0,0,0,1,0,1,0,0,0,1
05/25/2015,NQA,TN,ASO,CE,Federal Contract Tower,0,0,2,0,2,0,0,1,0,1,0,0,3,0,3,0,0,0,3
05/26/2015,NQA,TN,ASO,CE,Federal Contract Tower,0,0,2,13,15,0,2,3,2,7,0,2,5,15,22,20,76,96,118
05/27/2015,NQA,TN,ASO,CE,Federal Contract Tower,0,0,2,10,12,0,2,6,8,16,0,2,8,18,28,0,100,100,128
05/28/2015,NQA,TN,ASO,CE,Federal Contract Tower,0,0,3,2,5,0,4,13,2,19,0,4,16,4,24,18,26,44,68
05/29/2015,NQA,TN,ASO,CE,Federal Contract Tower,0,2,6,7,15,0,0,4,1,5,0,2,10,8,20,0,0,0,20
05/30/2015,NQA,TN,ASO,CE,Federal Contract Tower,0,0,5,0,5,0,0,2,0,2,0,0,7,0,7,0,0,0,7
05/31/2015,NQA,TN,ASO,CE,Federal Contract Tower,0,1,1,0,2,0,0,0,0,0,0,1,1,0,2,0,0,0,2
06/01/2015,NQA,TN,ASO,CE,Federal Contract Tower,0,0,2,2,4,0,0,3,6,9,0,0,5,8,13,14,4,18,31
06/02/2015,NQA,TN,ASO,CE,Federal Contract Tower,0,0,0,10,10,0,0,5,4,9,0,0,5,14,19,4,126,130,149
06/03/2015,NQA,TN,ASO,CE,Federal Contract Tower,0,0,7,5,12,0,0,13,0,13,0,0,20,5,25,16,0,16,41
06/04/2015,NQA,TN,ASO,CE,Federal Contract Tower,0,0,10,2,12,0,0,12,1,13,0,0,22,3,25,2,54,56,81
06/05/2015,NQA,TN,ASO,CE,Federal Contract Tower,0,0,4,7,11,0,0,12,2,14,0,0,16,9,25,12,124,136,161
06/06/2015,NQA,TN,ASO,CE,Federal Contract Tower,0,0,6,0,6,0,0,18,0,18,0,0,24,0,24,42,0,42,66
06/07/2015,NQA,TN,ASO,CE,Federal Contract Tower,0,0,0,2,2,0,0,9,0,9,0,0,9,2,11,0,0,0,11
06/08/2015,NQA,TN,ASO,CE,Federal Contract Tower,0,3,2,8,13,0,0,3,10,13,0,3,5,18,26,0,148,148,174
06/09/2015,NQA,TN,ASO,CE,Federal Contract Tower,0,0,3,7,10,0,0,18,1,19,0,0,21,8,29,22,120,142,171
06/10/2015,NQA,TN,ASO,CE,Federal Contract Tower,0,3,3,16,22,0,1,9,1,11,0,4,12,17,33,0,28,28,61
06/11/2015,NQA,TN,ASO,CE,Federal Contract Tower,0,2,10,25,37,0,0,15,9,24,0,2,25,34,61,8,198,206,267
06/12/2015,NQA,TN,ASO,CE,Federal Contract Tower,0,0,1,33,34,0,0,17,14,31,0,0,18,47,65,34,204,238,303
06/13/2015,NQA,TN,ASO,CE,Federal Contract Tower,0,0,2,7,9,0,0,8,0,8,0,0,10,7,17,20,10,30,47
06/14/2015,NQA,TN,ASO,CE,Federal Contract Tower,0,0,3,0,3,0,0,4,0,4,0,0,7,0,7,0,0,0,7
06/15/2015,NQA,TN,ASO,CE,Federal Contract Tower,0,0,3,10,13,0,1,14,7,22,0,1,17,17,35,42,96,138,173
06/16/2015,NQA,TN,ASO,CE,Federal Contract Tower,0,0,11,6,17,0,0,14,5,19,0,0,25,11,36,28,76,104,140
06/17/2015,NQA,TN,ASO,CE,Federal Contract Tower,0,1,9,12,22,0,0,18,1,19,0,1,27,13,41,40,32,72,113
06/18/2015,NQA,TN,ASO,CE,Federal Contract Tower,0,1,3,3,7,0,0,14,2,16,0,1,17,5,23,0,18,18,41
06/19/2015,NQA,TN,ASO,CE,Federal Contract Tower,0,0,0,2,2,0,0,1,0,1,0,0,1,2,3,0,0,0,3
06/20/2015,NQA,TN,ASO,CE,Federal Contract Tower,0,0,7,0,7,0,0,8,0,8,0,0,15,0,15,28,0,28,43
06/21/2015,NQA,TN,ASO,CE,Federal Contract Tower,0,0,4,8,12,0,0,7,0,7,0,0,11,8,19,0,0,0,19
06/22/2015,NQA,TN,ASO,CE,Federal Contract Tower,0,3,1,4,8,0,1,6,2,9,0,4,7,6,17,0,30,30,47
06/23/2015,NQA,TN,ASO,CE,Federal Contract Tower,0,0,4,8,12,0,0,16,1,17,0,0,20,9,29,12,66,78,107
06/24/2015,NQA,TN,ASO,CE,Federal Contract Tower,0,0,7,8,15,0,0,8,6,14,0,0,15,14,29,16,110,126,155
06/25/2015,NQA,TN,ASO,CE,Federal Contract Tower,0,1,10,8,19,0,1,15,6,22,0,2,25,14,41,14,88,102,143
06/26/2015,NQA,TN,ASO,CE,Federal Contract Tower,0,0,7,10,17,0,0,8,4,12,0,0,15,14,29,0,96,96,125
06/27/2015,NQA,TN,ASO,CE,Federal Contract Tower,0,1,1,0,2,0,9,9,0,18,0,10,10,0,20,10,0,10,30
06/28/2015,NQA,TN,ASO,CE,Federal Contract Tower,0,0,7,2,9,0,0,15,0,15,0,0,22,2,24,12,0,12,36
06/29/2015,NQA,TN,ASO,CE,Federal Contract Tower,2,0,3,2,7,0,0,9,0,9,2,0,12,2,16,4,0,4,20
06/30/2015,NQA,TN,ASO,CE,Federal Contract Tower,2,3,5,12,22,0,0,20,5,25,2,3,25,17,47,28,78,106,153
07/01/2015,NQA,TN,ASO,CE,Federal Contract Tower,0,0,4,4,8,0,0,17,2,19,0,0,21,6,27,32,38,70,97
07/02/2015,NQA,TN,ASO,CE,Federal Contract Tower,0,0,0,0,0,0,0,5,0,5,0,0,5,0,5,4,0,4,9
07/03/2015,NQA,TN,ASO,CE,Federal Contract Tower,0,2,5,0,7,0,0,0,0,0,0,2,5,0,7,0,0,0,7
07/04/2015,NQA,TN,ASO,CE,Federal Contract Tower,0,0,1,0,1,0,0,0,0,0,0,0,1,0,1,0,0,0,1
07/05/2015,NQA,TN,ASO,CE,Federal Contract Tower,0,0,2,0,2,0,0,5,0,5,0,0,7,0,7,0,0,0,7
07/06/2015,NQA,TN,ASO,CE,Federal Contract Tower,0,2,7,0,9,0,0,7,0,7,0,2,14,0,16,12,0,12,28
07/07/2015,NQA,TN,ASO,CE,Federal Contract Tower,0,0,9,2,11,0,0,10,8,18,0,0,19,10,29,8,74,82,111
07/08/2015,NQA,TN,ASO,CE,Federal Contract Tower,0,1,3,2,6,0,0,21,2,23,0,1,24,4,29,52,38,90,119
07/09/2015,NQA,TN,ASO,CE,Federal Contract Tower,0,0,8,0,8,0,0,26,0,26,0,0,34,0,34,36,0,36,70
07/10/2015,NQA,TN,ASO,CE,Federal Contract Tower,0,3,8,11,22,0,0,30,6,36,0,3,38,17,58,38,98,136,194
07/11/2015,NQA,TN,ASO,CE,Federal Contract Tower,0,0,3,0,3,0,0,10,6,16,0,0,13,6,19,0,0,0,19
07/12/2015,NQA,TN,ASO,CE,Federal Contract Tower,0,0,6,2,8,0,0,8,0,8,0,0,14,2,16,12,0,12,28
07/13/2015,NQA,TN,ASO,CE,Federal Contract Tower,0,0,9,10,19,0,0,12,2,14,0,0,21,12,33,22,34,56,89
07/14/2015,NQA,TN,ASO,CE,Federal Contract Tower,0,0,3,17,20,0,0,4,2,6,0,0,7,19,26,22,46,68,94
07/15/2015,NQA,TN,ASO,CE,Federal Contract Tower,0,3,4,13,20,0,0,11,0,11,0,3,15,13,31,34,0,34,65
07/16/2015,NQA,TN,ASO,CE,Federal Contract Tower,0,0,5,2,7,0,0,19,2,21,0,0,24,4,28,56,40,96,124
07/17/2015,NQA,TN,ASO,CE,Federal Contract Tower,0,0,4,11,15,0,0,16,4,20,0,0,20,15,35,30,102,132,167
07/18/2015,NQA,TN,ASO,CE,Federal Contract Tower,0,0,3,0,3,0,0,9,0,9,0,0,12,0,12,12,0,12,24
07/19/2015,NQA,TN,ASO,CE,Federal Contract Tower,0,0,0,2,2,0,0,1,0,1,0,0,1,2,3,0,8,8,11
07/20/2015,NQA,TN,ASO,CE,Federal Contract Tower,0,2,4,6,12,0,1,12,0,13,0,3,16,6,25,24,62,86,111
07/21/2015,NQA,TN,ASO,CE,Federal Contract Tower,0,0,2,8,10,0,0,15,1,16,0,0,17,9,26,34,44,78,104
07/22/2015,NQA,TN,ASO,CE,Federal Contract Tower,0,0,5,0,5,0,0,15,0,15,0,0,20,0,20,38,0,38,58
07/23/2015,NQA,TN,ASO,CE,Federal Contract Tower,0,1,4,2,7,0,0,2,0,2,0,1,6,2,9,0,0,0,9
07/24/2015,NQA,TN,ASO,CE,Federal Contract Tower,0,0,7,9,16,0,2,9,2,13,0,2,16,11,29,0,84,84,113
07/25/2015,NQA,TN,ASO,CE,Federal Contract Tower,0,0,0,2,2,0,0,11,0,11,0,0,11,2,13,0,0,0,13
07/26/2015,NQA,TN,ASO,CE,Federal Contract Tower,0,0,6,2,8,0,0,1,0,1,0,0,7,2,9,0,0,0,9
07/27/2015,NQA,TN,ASO,CE,Federal Contract Tower,0,0,3,2,5,0,0,19,2,21,0,0,22,4,26,24,40,64,90
07/28/2015,NQA,TN,ASO,CE,Federal Contract Tower,0,0,13,6,19,0,0,17,2,19,0,0,30,8,38,20,68,88,126
07/29/2015,NQA,TN,ASO,CE,Federal Contract Tower,0,0,7,3,10,0,0,16,2,18,0,0,23,5,28,56,48,104,132
07/30/2015,NQA,TN,ASO,CE,Federal Contract Tower,0,2,9,2,13,0,1,9,0,10,0,3,18,2,23,20,4,24,47
07/31/2015,NQA,TN,ASO,CE,Federal Contract Tower,0,0,4,21,25,0,0,17,1,18,0,0,21,22,43,20,50,70,113
08/01/2015,NQA,TN,ASO,CE,Federal Contract Tower,0,2,8,1,11,0,0,16,0,16,0,2,24,1,27,22,0,22,49
08/02/2015,NQA,TN,ASO,CE,Federal Contract Tower,0,0,15,20,35,0,0,10,0,10,0,0,25,20,45,10,0,10,55
08/03/2015,NQA,TN,ASO,CE,Federal Contract Tower,0,0,5,11,16,0,0,9,4,13,0,0,14,15,29,20,88,108,137
08/04/2015,NQA,TN,ASO,CE,Federal Contract Tower,0,0,10,4,14,0,0,30,0,30,0,0,40,4,44,26,46,72,116
08/05/2015,NQA,TN,ASO,CE,Federal Contract Tower,0,2,3,0,5,0,2,4,0,6,0,4,7,0,11,0,0,0,11
08/06/2015,NQA,TN,ASO,CE,Federal Contract Tower,0,1,1,0,2,0,0,4,0,4,0,1,5,0,6,10,0,10,16
08/07/2015,NQA,TN,ASO,CE,Federal Contract Tower,0,0,19,7,26,0,0,11,2,13,0,0,30,9,39,6,96,102,141
08/08/2015,NQA,TN,ASO,CE,Federal Contract Tower,0,0,4,4,8,0,0,12,0,12,0,0,16,4,20,0,4,4,24
08/09/2015,NQA,TN,ASO,CE,Federal Contract Tower,0,0,3,2,5,0,0,27,0,27,0,0,30,2,32,8,0,8,40
08/10/2015,NQA,TN,ASO,CE,Federal Contract Tower,0,0,5,5,10,0,0,16,1,17,0,0,21,6,27,12,30,42,69
08/11/2015,NQA,TN,ASO,CE,Federal Contract Tower,0,0,2,6,8,0,0,1,0,1,0,0,3,6,9,4,82,86,95
08/12/2015,NQA,TN,ASO,CE,Federal Contract Tower,0,0,5,6,11,0,3,12,3,18,0,3,17,9,29,16,68,84,113
08/13/2015,NQA,TN,ASO,CE,Federal Contract Tower,0,0,8,4,12,0,2,13,5,20,0,2,21,9,32,14,104,118,150
08/14/2015,NQA,TN,ASO,CE,Federal Contract Tower,0,0,8,12,20,0,2,19,5,26,0,2,27,17,46,34,126,160,206
08/15/2015,NQA,TN,ASO,CE,Federal Contract Tower,0,0,0,0,0,0,0,9,0,9,0,0,9,0,9,36,0,36,45
08/16/2015,NQA,TN,ASO,CE,Federal Contract Tower,0,0,12,0,12,0,0,7,0,7,0,0,19,0,19,12,0,12,31
08/17/2015,NQA,TN,ASO,CE,Federal Contract Tower,0,0,13,10,23,0,0,6,8,14,0,0,19,18,37,26,162,188,225
08/18/2015,NQA,TN,ASO,CE,Federal Contract Tower,0,1,8,4,13,0,0,16,6,22,0,1,24,10,35,20,104,124,159
08/19/2015,NQA,TN,ASO,CE,Federal Contract Tower,0,0,1,3,4,0,0,0,0,0,0,0,1,3,4,0,0,0,4
08/20/2015,NQA,TN,ASO,CE,Federal Contract Tower,0,0,9,17,26,0,0,14,16,30,0,0,23,33,56,50,238,288,344
08/21/2015,NQA,TN,ASO,CE,Federal Contract Tower,0,2,5,9,16,0,0,10,8,18,0,2,15,17,34,0,148,148,182
08/22/2015,NQA,TN,ASO,CE,Federal Contract Tower,0,0,2,0,2,0,0,12,0,12,0,0,14,0,14,2,0,2,16
08/23/2015,NQA,TN,ASO,CE,Federal Contract Tower,0,0,7,6,13,0,0,4,0,4,0,0,11,6,17,0,6,6,23
08/24/2015,NQA,TN,ASO,CE,Federal Contract Tower,0,0,9,4,13,0,1,4,2,7,0,1,13,6,20,0,46,46,66
08/25/2015,NQA,TN,ASO,CE,Federal Contract Tower,0,2,18,4,24,0,0,15,0,15,0,2,33,4,39,12,0,12,51
08/26/2015,NQA,TN,ASO,CE,Federal Contract Tower,0,1,7,3,11,0,1,17,3,21,0,2,24,6,32,16,50,66,98
08/27/2015,NQA,TN,ASO,CE,Federal Contract Tower,0,0,7,4,11,0,0,16,4,20,0,0,23,8,31,10,88,98,129
08/28/2015,NQA,TN,ASO,CE,Federal Contract Tower,0,0,4,18,22,0,0,31,6,37,0,0,35,24,59,10,100,110,169
08/29/2015,NQA,TN,ASO,CE,Federal Contract Tower,0,0,2,0,2,0,0,22,0,22,0,0,24,0,24,8,0,8,32
08/30/2015,NQA,TN,ASO,CE,Federal Contract Tower,0,0,5,2,7,0,0,9,0,9,0,0,14,2,16,32,0,32,48
08/31/2015,NQA,TN,ASO,CE,Federal Contract Tower,0,0,2,11,13,0,0,18,11,29,0,0,20,22,42,96,152,248,290
09/01/2015,NQA,TN,ASO,CE,Federal Contract Tower,0,3,7,7,17,0,0,23,1,24,0,3,30,8,41,14,96,110,151
09/02/2015,NQA,TN,ASO,CE,Federal Contract Tower,0,1,2,13,16,0,0,8,3,11,0,1,10,16,27,0,122,122,149
09/03/2015,NQA,TN,ASO,CE,Federal Contract Tower,0,0,6,6,12,0,0,16,5,21,0,0,22,11,33,20,118,138,171
09/04/2015,NQA,TN,ASO,CE,Federal Contract Tower,0,0,1,0,1,0,0,22,0,22,0,0,23,0,23,50,0,50,73
09/05/2015,NQA,TN,ASO,CE,Federal Contract Tower,0,0,1,1,2,0,0,18,0,18,0,0,19,1,20,32,0,32,52
09/06/2015,NQA,TN,ASO,CE,Federal Contract Tower,0,0,2,0,2,0,0,15,0,15,0,0,17,0,17,38,0,38,55
09/07/2015,NQA,TN,ASO,CE,Federal Contract Tower,0,0,4,0,4,0,0,22,0,22,0,0,26,0,26,8,0,8,34
09/08/2015,NQA,TN,ASO,CE,Federal Contract Tower,0,0,10,4,14,0,0,29,0,29,0,0,39,4,43,18,50,68,111
09/09/2015,NQA,TN,ASO,CE,Federal Contract Tower,0,0,4,0,4,0,0,3,0,3,0,0,7,0,7,0,0,0,7
09/10/2015,NQA,TN,ASO,CE,Federal Contract Tower,0,0,7,11,18,0,0,19,4,23,0,0,26,15,41,38,42,80,121
09/11/2015,NQA,TN,ASO,CE,Federal Contract Tower,0,0,1,10,11,0,0,6,7,13,0,0,7,17,24,0,132,132,156
09/12/2015,NQA,TN,ASO,CE,Federal Contract Tower,0,0,9,4,13,0,0,17,0,17,0,0,26,4,30,12,0,12,42
09/13/2015,NQA,TN,ASO,CE,Federal Contract Tower,0,0,2,8,10,0,0,16,0,16,0,0,18,8,26,16,0,16,42
09/14/2015,NQA,TN,ASO,CE,Federal Contract Tower,0,0,4,6,10,0,0,20,5,25,0,0,24,11,35,70,76,146,181
09/15/2015,NQA,TN,ASO,CE,Federal Contract Tower,0,4,6,4,14,0,0,10,6,16,0,4,16,10,30,50,92,142,172
09/16/2015,NQA,TN,ASO,CE,Federal Contract Tower,0,0,5,6,11,0,0,13,1,14,0,0,18,7,25,16,52,68,93
09/17/2015,NQA,TN,ASO,CE,Federal Contract Tower,0,6,2,13,21,0,0,10,7,17,0,6,12,20,38,0,130,130,168
09/18/2015,NQA,TN,ASO,CE,Federal Contract Tower,0,0,9,6,15,0,2,25,3,30,0,2,34,9,45,16,84,100,145
09/19/2015,NQA,TN,ASO,CE,Federal Contract Tower,0,0,1,3,4,0,0,9,0,9,0,0,10,3,13,18,0,18,31
09/20/2015,NQA,TN,ASO,CE,Federal Contract Tower,0,0,5,1,6,0,0,18,0,18,0,0,23,1,24,10,0,10,34
09/21/2015,NQA,TN,ASO,CE,Federal Contract Tower,0,0,5,9,14,0,2,18,6,26,0,2,23,15,40,32,142,174,214
09/22/2015,NQA,TN,ASO,CE,Federal Contract Tower,0,2,3,22,27,0,0,17,6,23,0,2,20,28,50,12,128,140,190
09/23/2015,NQA,TN,ASO,CE,Federal Contract Tower,0,0,6,2,8,0,1,22,0,23,0,1,28,2,31,28,0,28,59
09/24/2015,NQA,TN,ASO,CE,Federal Contract Tower,0,0,8,4,12,0,1,48,3,52,0,1,56,7,64,34,8,42,106
09/25/2015,NQA,TN,ASO,CE,Federal Contract Tower,1,2,1,6,10,0,2,20,0,22,1,4,21,6,32,24,4,28,60
09/26/2015,NQA,TN,ASO,CE,Federal Contract Tower,0,0,3,1,4,0,0,12,0,12,0,0,15,1,16,0,0,0,16
09/27/2015,NQA,TN,ASO,CE,Federal Contract Tower,2,1,5,3,11,0,3,41,2,46,2,4,46,5,57,0,2,2,59
09/28/2015,NQA,TN,ASO,CE,Federal Contract Tower,0,0,8,4,12,0,0,6,0,6,0,0,14,4,18,18,0,18,36
09/29/2015,NQA,TN,ASO,CE,Federal Contract Tower,0,0,3,12,15,0,0,8,9,17,0,0,11,21,32,52,38,90,122
09/30/2015,NQA,TN,ASO,CE,Federal Contract Tower,0,0,15,0,15,0,1,10,2,13,0,1,25,2,28,32,0,32,60
10/01/2015,NQA,TN,ASO,CE,Federal Contract Tower,0,0,6,14,20,0,0,19,7,26,0,0,25,21,46,40,132,172,218
10/02/2015,NQA,TN,ASO,CE,Federal Contract Tower,0,0,6,8,14,0,0,12,4,16,0,0,18,12,30,14,70,84,114
10/03/2015,NQA,TN,ASO,CE,Federal Contract Tower,0,0,9,4,13,0,0,5,0,5,0,0,14,4,18,18,0,18,36
10/04/2015,NQA,TN,ASO,CE,Federal Contract Tower,0,0,7,6,13,0,0,8,0,8,0,0,15,6,21,14,2,16,37
10/05/2015,NQA,TN,ASO,CE,Federal Contract Tower,0,0,8,6,14,0,0,22,4,26,0,0,30,10,40,26,76,102,142
10/06/2015,NQA,TN,ASO,CE,Federal Contract Tower,0,0,11,8,19,0,0,22,8,30,0,0,33,16,49,20,88,108,157
10/07/2015,NQA,TN,ASO,CE,Federal Contract Tower,0,0,2,4,6,0,0,22,1,23,0,0,24,5,29,52,18,70,99
10/08/2015,NQA,TN,ASO,CE,Federal Contract Tower,0,0,3,6,9,0,2,26,2,30,0,2,29,8,39,50,42,92,131
10/09/2015,NQA,TN,ASO,CE,Federal Contract Tower,0,0,3,2,5,0,0,16,2,18,0,0,19,4,23,8,42,50,73
10/10/2015,NQA,TN,ASO,CE,Federal Contract Tower,0,0,12,0,12,0,0,13,0,13,0,0,25,0,25,4,0,4,29
10/11/2015,NQA,TN,ASO,CE,Federal Contract Tower,0,0,9,0,9,0,0,11,0,11,0,0,20,0,20,14,0,14,34
10/12/2015,NQA,TN,ASO,CE,Federal Contract Tower,0,2,3,0,5,0,0,22,0,22,0,2,25,0,27,72,0,72,99
10/13/2015,NQA,TN,ASO,CE,Federal Contract Tower,0,0,6,4,10,0,1,17,0,18,0,1,23,4,28,42,20,62,90
10/14/2015,NQA,TN,ASO,CE,Federal Contract Tower,0,0,17,8,25,0,0,28,4,32,0,0,45,12,57,62,142,204,261
10/15/2015,NQA,TN,ASO,CE,Federal Contract Tower,0,0,4,8,12,0,2,21,5,28,0,2,25,13,40,16,76,92,132
10/16/2015,NQA,TN,ASO,CE,Federal Contract Tower,0,0,2,7,9,0,0,18,0,18,0,0,20,7,27,12,4,16,43
10/17/2015,NQA,TN,ASO,CE,Federal Contract Tower,0,0,0,0,0,0,0,11,0,11,0,0,11,0,11,20,0,20,31
10/18/2015,NQA,TN,ASO,CE,Federal Contract Tower,0,0,14,4,18,0,0,13,0,13,0,0,27,4,31,16,0,16,47
10/19/2015,NQA,TN,ASO,CE,Federal Contract Tower,0,0,6,9,15,0,0,17,10,27,0,0,23,19,42,28,178,206,248
10/20/2015,NQA,TN,ASO,CE,Federal Contract Tower,0,0,5,7,12,0,0,15,2,17,0,0,20,9,29,22,36,58,87
10/21/2015,NQA,TN,ASO,CE,Federal Contract Tower,0,0,6,14,20,0,0,37,9,46,0,0,43,23,66,92,112,204,270
10/22/2015,NQA,TN,ASO,CE,Federal Contract Tower,0,0,9,8,17,0,0,25,8,33,0,0,34,16,50,0,132,132,182
10/23/2015,NQA,TN,ASO,CE,Federal Contract Tower,0,0,5,10,15,0,0,30,5,35,0,0,35,15,50,76,112,188,238
10/24/2015,NQA,TN,ASO,CE,Federal Contract Tower,0,0,3,0,3,0,0,9,0,9,0,0,12,0,12,46,0,46,58
10/25/2015,NQA,TN,ASO,CE,Federal Contract Tower,0,0,5,4,9,0,0,0,0,0,0,0,5,4,9,0,0,0,9
10/26/2015,NQA,TN,ASO,CE,Federal Contract Tower,0,0,3,0,3,0,0,0,0,0,0,0,3,0,3,0,0,0,3
10/27/2015,NQA,TN,ASO,CE,Federal Contract Tower,0,0,4,0,4,0,0,0,0,0,0,0,4,0,4,0,0,0,4
10/28/2015,NQA,TN,ASO,CE,Federal Contract Tower,0,0,12,26,38,0,3,14,1,18,0,3,26,27,56,10,2,12,68
10/29/2015,NQA,TN,ASO,CE,Federal Contract Tower,0,0,17,26,43,0,0,17,7,24,0,0,34,33,67,4,114,118,185
10/30/2015,NQA,TN,ASO,CE,Federal Contract Tower,0,0,6,6,12,0,0,24,5,29,0,0,30,11,41,62,134,196,237
10/31/2015,NQA,TN,ASO,CE,Federal Contract Tower,0,0,0,0,0,0,0,0,0,0,0,0,0,0,0,0,0,0,0
11/01/2015,NQA,TN,ASO,CE,Federal Contract Tower,0,0,5,0,5,0,0,0,0,0,0,0,5,0,5,0,0,0,5
11/02/2015,NQA,TN,ASO,CE,Federal Contract Tower,0,2,3,2,7,0,0,8,2,10,0,2,11,4,17,16,8,24,41
11/03/2015,NQA,TN,ASO,CE,Federal Contract Tower,0,0,7,2,9,0,0,12,0,12,0,0,19,2,21,22,0,22,43
11/04/2015,NQA,TN,ASO,CE,Federal Contract Tower,0,0,12,19,31,0,0,18,14,32,0,0,30,33,63,6,220,226,289
11/05/2015,NQA,TN,ASO,CE,Federal Contract Tower,0,2,5,5,12,0,0,20,2,22,0,2,25,7,34,18,24,42,76
11/06/2015,NQA,TN,ASO,CE,Federal Contract Tower,0,0,6,2,8,0,0,7,1,8,0,0,13,3,16,10,0,10,26
11/07/2015,NQA,TN,ASO,CE,Federal Contract Tower,0,0,8,10,18,0,0,18,2,20,0,0,26,12,38,24,26,50,88
11/08/2015,NQA,TN,ASO,CE,Federal Contract Tower,0,0,2,2,4,0,0,24,1,25,0,0,26,3,29,32,0,32,61
11/09/2015,NQA,TN,ASO,CE,Federal Contract Tower,0,0,8,20,28,0,0,26,12,38,0,0,34,32,66,30,236,266,332
11/10/2015,NQA,TN,ASO,CE,Federal Contract Tower,0,0,13,17,30,0,2,21,3,26,0,2,34,20,56,24,130,154,210
11/11/2015,NQA,TN,ASO,CE,Federal Contract Tower,0,0,3,0,3,0,0,7,0,7,0,0,10,0,10,4,0,4,14
11/12/2015,NQA,TN,ASO,CE,Federal Contract Tower,0,0,14,4,18,0,0,15,4,19,0,0,29,8,37,16,82,98,135
11/13/2015,NQA,TN,ASO,CE,Federal Contract Tower,0,0,14,6,20,0,2,10,3,15,0,2,24,9,35,16,0,16,51
11/14/2015,NQA,TN,ASO,CE,Federal Contract Tower,0,0,6,0,6,0,0,16,0,16,0,0,22,0,22,2,0,2,24
11/15/2015,NQA,TN,ASO,CE,Federal Contract Tower,0,0,6,0,6,0,0,16,0,16,0,0,22,0,22,22,0,22,44
11/16/2015,NQA,TN,ASO,CE,Federal Contract Tower,0,0,3,0,3,0,0,0,0,0,0,0,3,0,3,0,0,0,3
11/17/2015,NQA,TN,ASO,CE,Federal Contract Tower,0,0,1,1,2,0,0,0,0,0,0,0,1,1,2,0,0,0,2
11/18/2015,NQA,TN,ASO,CE,Federal Contract Tower,0,2,5,5,12,0,0,2,0,2,0,2,7,5,14,0,0,0,14
11/19/2015,NQA,TN,ASO,CE,Federal Contract Tower,0,0,4,6,10,0,0,25,2,27,0,0,29,8,37,32,42,74,111
11/20/2015,NQA,TN,ASO,CE,Federal Contract Tower,0,4,11,7,22,0,0,15,2,17,0,4,26,9,39,26,22,48,87
11/21/2015,NQA,TN,ASO,CE,Federal Contract Tower,0,2,5,0,7,0,0,5,0,5,0,2,10,0,12,14,0,14,26
11/22/2015,NQA,TN,ASO,CE,Federal Contract Tower,0,1,10,3,14,0,0,24,0,24,0,1,34,3,38,28,0,28,66
11/23/2015,NQA,TN,ASO,CE,Federal Contract Tower,0,0,5,14,19,0,0,41,4,45,0,0,46,18,64,72,134,206,270
11/24/2015,NQA,TN,ASO,CE,Federal Contract Tower,0,0,5,23,28,0,0,25,9,34,0,0,30,32,62,30,176,206,268
11/25/2015,NQA,TN,ASO,CE,Federal Contract Tower,0,0,10,6,16,0,0,23,3,26,0,0,33,9,42,30,110,140,182
11/26/2015,NQA,TN,ASO,CE,Federal Contract Tower,0,0,3,0,3,0,0,7,0,7,0,0,10,0,10,8,0,8,18
11/27/2015,NQA,TN,ASO,CE,Federal Contract Tower,0,0,12,0,12,0,0,0,0,0,0,0,12,0,12,0,0,0,12
11/28/2015,NQA,TN,ASO,CE,Federal Contract Tower,0,0,2,0,2,0,0,0,0,0,0,0,2,0,2,0,0,0,2
11/29/2015,NQA,TN,ASO,CE,Federal Contract Tower,0,0,4,0,4,0,0,0,0,0,0,0,4,0,4,0,0,0,4
11/30/2015,NQA,TN,ASO,CE,Federal Contract Tower,0,0,4,0,4,0,0,0,0,0,0,0,4,0,4,0,0,0,4
12/01/2015,NQA,TN,ASO,CE,Federal Contract Tower,0,0,7,12,19,0,0,8,0,8,0,0,15,12,27,32,16,48,75
12/02/2015,NQA,TN,ASO,CE,Federal Contract Tower,0,0,2,3,5,0,0,12,1,13,0,0,14,4,18,4,20,24,42
12/03/2015,NQA,TN,ASO,CE,Federal Contract Tower,0,0,8,7,15,0,0,27,3,30,0,0,35,10,45,24,48,72,117
12/04/2015,NQA,TN,ASO,CE,Federal Contract Tower,0,0,2,8,10,0,2,17,8,27,0,2,19,16,37,16,98,114,151
12/05/2015,NQA,TN,ASO,CE,Federal Contract Tower,0,0,3,0,3,0,2,10,0,12,0,2,13,0,15,20,0,20,35
12/06/2015,NQA,TN,ASO,CE,Federal Contract Tower,0,0,5,6,11,0,2,10,0,12,0,2,15,6,23,22,0,22,45
12/07/2015,NQA,TN,ASO,CE,Federal Contract Tower,0,0,2,3,5,0,0,13,1,14,0,0,15,4,19,52,2,54,73
12/08/2015,NQA,TN,ASO,CE,Federal Contract Tower,0,0,0,6,6,0,2,6,1,9,0,2,6,7,15,14,44,58,73
12/09/2015,NQA,TN,ASO,CE,Federal Contract Tower,0,0,6,2,8,0,3,19,0,22,0,3,25,2,30,10,22,32,62
12/10/2015,NQA,TN,ASO,CE,Federal Contract Tower,0,0,0,0,0,0,0,10,0,10,0,0,10,0,10,34,0,34,44
12/11/2015,NQA,TN,ASO,CE,Federal Contract Tower,0,4,5,30,39,0,0,5,2,7,0,4,10,32,46,0,104,104,150
12/12/2015,NQA,TN,ASO,CE,Federal Contract Tower,0,0,6,2,8,0,0,18,0,18,0,0,24,2,26,56,0,56,82
12/13/2015,NQA,TN,ASO,CE,Federal Contract Tower,0,0,6,0,6,0,0,0,0,0,0,0,6,0,6,0,0,0,6
12/14/2015,NQA,TN,ASO,CE,Federal Contract Tower,0,0,15,4,19,0,0,10,6,16,0,0,25,10,35,22,92,114,149
12/15/2015,NQA,TN,ASO,CE,Federal Contract Tower,0,2,14,14,30,0,0,22,2,24,0,2,36,16,54,52,66,118,172
12/16/2015,NQA,TN,ASO,CE,Federal Contract Tower,0,0,7,2,9,0,2,2,0,4,0,2,9,2,13,0,0,0,13
12/17/2015,NQA,TN,ASO,CE,Federal Contract Tower,0,0,7,17,24,0,0,17,12,29,0,0,24,29,53,28,132,160,213
12/18/2015,NQA,TN,ASO,CE,Federal Contract Tower,0,0,7,2,9,0,0,10,0,10,0,0,17,2,19,22,20,42,61
12/19/2015,NQA,TN,ASO,CE,Federal Contract Tower,0,0,9,1,10,0,0,30,0,30,0,0,39,1,40,28,0,28,68
12/20/2015,NQA,TN,ASO,CE,Federal Contract Tower,0,0,9,0,9,0,0,16,0,16,0,0,25,0,25,4,0,4,29
12/21/2015,NQA,TN,ASO,CE,Federal Contract Tower,0,2,7,0,9,0,0,0,0,0,0,2,7,0,9,0,0,0,9
12/22/2015,NQA,TN,ASO,CE,Federal Contract Tower,0,2,15,8,25,0,0,5,0,5,0,2,20,8,30,18,20,38,68
12/23/2015,NQA,TN,ASO,CE,Federal Contract Tower,0,0,1,0,1,0,0,0,0,0,0,0,1,0,1,0,0,0,1
12/24/2015,NQA,TN,ASO,CE,Federal Contract Tower,0,0,1,0,1,0,0,15,0,15,0,0,16,0,16,12,0,12,28
12/25/2015,NQA,TN,ASO,CE,Federal Contract Tower,0,0,2,0,2,0,0,0,0,0,0,0,2,0,2,0,0,0,2
12/26/2015,NQA,TN,ASO,CE,Federal Contract Tower,0,0,0,0,0,0,0,0,0,0,0,0,0,0,0,0,0,0,0
12/27/2015,NQA,TN,ASO,CE,Federal Contract Tower,0,0,12,0,12,0,0,0,0,0,0,0,12,0,12,0,0,0,12
12/28/2015,NQA,TN,ASO,CE,Federal Contract Tower,0,0,1,0,1,0,0,2,0,2,0,0,3,0,3,0,0,0,3
12/29/2015,NQA,TN,ASO,CE,Federal Contract Tower,0,8,8,8,24,0,0,12,0,12,0,8,20,8,36,2,22,24,60
12/30/2015,NQA,TN,ASO,CE,Federal Contract Tower,0,0,6,11,17,0,0,4,0,4,0,0,10,11,21,0,0,0,21
12/31/2015,NQA,TN,ASO,CE,Federal Contract Tower,0,0,3,0,3,0,0,25,0,25,0,0,28,0,28,30,0,30,58
01/01/2016,NQA,TN,ASO,CE,Federal Contract Tower,0,0,5,0,5,0,0,29,0,29,0,0,34,0,34,52,0,52,86
01/02/2016,NQA,TN,ASO,CE,Federal Contract Tower,0,3,7,0,10,0,1,37,2,40,0,4,44,2,50,44,0,44,94
01/03/2016,NQA,TN,ASO,CE,Federal Contract Tower,0,0,8,0,8,0,0,26,0,26,0,0,34,0,34,24,0,24,58
01/04/2016,NQA,TN,ASO,CE,Federal Contract Tower,0,2,7,6,15,0,3,15,1,19,0,5,22,7,34,28,54,82,116
01/05/2016,NQA,TN,ASO,CE,Federal Contract Tower,0,0,0,4,4,0,12,27,2,41,0,12,27,6,45,4,74,78,123
01/06/2016,NQA,TN,ASO,CE,Federal Contract Tower,0,0,5,9,14,0,1,24,1,26,0,1,29,10,40,16,38,54,94
01/07/2016,NQA,TN,ASO,CE,Federal Contract Tower,0,0,5,15,20,0,0,6,1,7,0,0,11,16,27,24,42,66,93
01/08/2016,NQA,TN,ASO,CE,Federal Contract Tower,0,0,5,0,5,0,0,0,0,0,0,0,5,0,5,0,0,0,5
01/09/2016,NQA,TN,ASO,CE,Federal Contract Tower,0,0,1,4,5,0,0,1,0,1,0,0,2,4,6,0,0,0,6
01/10/2016,NQA,TN,ASO,CE,Federal Contract Tower,0,0,3,2,5,0,0,18,0,18,0,0,21,2,23,10,0,10,33
01/11/2016,NQA,TN,ASO,CE,Federal Contract Tower,0,0,1,7,8,0,0,29,4,33,0,0,30,11,41,46,94,140,181
01/12/2016,NQA,TN,ASO,CE,Federal Contract Tower,0,0,8,2,10,0,0,20,0,20,0,0,28,2,30,22,28,50,80
01/13/2016,NQA,TN,ASO,CE,Federal Contract Tower,0,0,10,9,19,0,2,21,2,25,0,2,31,11,44,40,100,140,184
01/14/2016,NQA,TN,ASO,CE,Federal Contract Tower,0,2,3,8,13,0,0,41,9,50,0,2,44,17,63,64,122,186,249
01/15/2016,NQA,TN,ASO,CE,Federal Contract Tower,0,0,5,0,5,0,0,8,0,8,0,0,13,0,13,32,0,32,45
01/16/2016,NQA,TN,ASO,CE,Federal Contract Tower,0,0,6,0,6,0,0,21,0,21,0,0,27,0,27,32,0,32,59
01/17/2016,NQA,TN,ASO,CE,Federal Contract Tower,0,0,10,0,10,0,0,15,0,15,0,0,25,0,25,22,0,22,47
01/18/2016,NQA,TN,ASO,CE,Federal Contract Tower,0,0,11,0,11,0,0,13,0,13,0,0,24,0,24,8,0,8,32
01/19/2016,NQA,TN,ASO,CE,Federal Contract Tower,0,2,4,2,8,0,0,7,2,9,0,2,11,4,17,0,40,40,57
01/20/2016,NQA,TN,ASO,CE,Federal Contract Tower,0,0,2,0,2,0,0,0,0,0,0,0,2,0,2,0,0,0,2
01/21/2016,NQA,TN,ASO,CE,Federal Contract Tower,0,0,2,0,2,0,0,0,0,0,0,0,2,0,2,0,0,0,2
01/22/2016,NQA,TN,ASO,CE,Federal Contract Tower,0,0,0,0,0,0,3,0,0,3,0,3,0,0,3,0,0,0,3
01/23/2016,NQA,TN,ASO,CE,Federal Contract Tower,0,0,3,0,3,0,0,11,0,11,0,0,14,0,14,20,0,20,34
01/24/2016,NQA,TN,ASO,CE,Federal Contract Tower,0,0,1,0,1,0,0,15,0,15,0,0,16,0,16,26,0,26,42
01/25/2016,NQA,TN,ASO,CE,Federal Contract Tower,0,1,0,6,7,0,0,0,0,0,0,1,0,6,7,0,8,8,15
01/26/2016,NQA,TN,ASO,CE,Federal Contract Tower,0,0,3,8,11,0,2,13,4,19,0,2,16,12,30,30,92,122,152
01/27/2016,NQA,TN,ASO,CE,Federal Contract Tower,0,0,6,14,20,0,0,6,11,17,0,0,12,25,37,12,182,194,231
01/28/2016,NQA,TN,ASO,CE,Federal Contract Tower,0,2,4,19,25,0,0,29,9,38,0,2,33,28,63,54,88,142,205
01/29/2016,NQA,TN,ASO,CE,Federal Contract Tower,0,0,7,6,13,0,0,23,5,28,0,0,30,11,41,24,98,122,163
01/30/2016,NQA,TN,ASO,CE,Federal Contract Tower,0,0,9,6,15,0,0,22,3,25,0,0,31,9,40,18,48,66,106
01/31/2016,NQA,TN,ASO,CE,Federal Contract Tower,0,0,3,6,9,0,0,4,0,4,0,0,7,6,13,0,6,6,19
02/01/2016,NQA,TN,ASO,CE,Federal Contract Tower,0,0,4,11,15,0,0,14,10,24,0,0,18,21,39,36,154,190,229
02/02/2016,NQA,TN,ASO,CE,Federal Contract Tower,0,2,4,0,6,0,0,4,0,4,0,2,8,0,10,0,0,0,10
02/03/2016,NQA,TN,ASO,CE,Federal Contract Tower,0,0,16,5,21,0,0,26,0,26,0,0,42,5,47,22,16,38,85
02/04/2016,NQA,TN,ASO,CE,Federal Contract Tower,0,0,7,12,19,0,0,28,10,38,0,0,35,22,57,48,196,244,301
02/05/2016,NQA,TN,ASO,CE,Federal Contract Tower,0,0,8,10,18,0,0,53,4,57,0,0,61,14,75,68,44,112,187
02/06/2016,NQA,TN,ASO,CE,Federal Contract Tower,0,0,10,0,10,0,0,35,0,35,0,0,45,0,45,68,0,68,113
02/07/2016,NQA,TN,ASO,CE,Federal Contract Tower,0,0,10,0,10,0,0,10,0,10,0,0,20,0,20,26,0,26,46
02/08/2016,NQA,TN,ASO,CE,Federal Contract Tower,0,0,1,2,3,0,0,0,2,2,0,0,1,4,5,0,14,14,19
02/09/2016,NQA,TN,ASO,CE,Federal Contract Tower,0,2,9,8,19,0,0,3,0,3,0,2,12,8,22,0,50,50,72
02/10/2016,NQA,TN,ASO,CE,Federal Contract Tower,0,0,15,8,23,0,0,18,0,18,0,0,33,8,41,38,0,38,79
02/11/2016,NQA,TN,ASO,CE,Federal Contract Tower,0,0,12,10,22,0,0,19,4,23,0,0,31,14,45,10,106,116,161
02/12/2016,NQA,TN,ASO,CE,Federal Contract Tower,0,0,6,11,17,0,0,24,9,33,0,0,30,20,50,8,138,146,196
02/13/2016,NQA,TN,ASO,CE,Federal Contract Tower,0,0,8,0,8,0,0,21,0,21,0,0,29,0,29,0,0,0,29
02/14/2016,NQA,TN,ASO,CE,Federal Contract Tower,0,0,5,0,5,0,0,4,0,4,0,0,9,0,9,0,0,0,9
02/15/2016,NQA,TN,ASO,CE,Federal Contract Tower,0,0,3,0,3,0,0,0,0,0,0,0,3,0,3,0,0,0,3
02/16/2016,NQA,TN,ASO,CE,Federal Contract Tower,0,0,5,0,5,0,0,1,0,1,0,0,6,0,6,0,0,0,6
02/17/2016,NQA,TN,ASO,CE,Federal Contract Tower,0,0,9,30,39,0,0,14,1,15,0,0,23,31,54,48,26,74,128
02/18/2016,NQA,TN,ASO,CE,Federal Contract Tower,0,2,12,15,29,0,0,30,5,35,0,2,42,20,64,24,100,124,188
02/19/2016,NQA,TN,ASO,CE,Federal Contract Tower,0,0,12,9,21,0,0,3,0,3,0,0,15,9,24,6,0,6,30
02/20/2016,NQA,TN,ASO,CE,Federal Contract Tower,0,0,4,1,5,0,0,12,1,13,0,0,16,2,18,52,0,52,70
02/21/2016,NQA,TN,ASO,CE,Federal Contract Tower,0,0,2,0,2,0,0,6,5,11,0,0,8,5,13,22,0,22,35
02/22/2016,NQA,TN,ASO,CE,Federal Contract Tower,0,0,7,4,11,0,0,12,1,13,0,0,19,5,24,30,38,68,92
02/23/2016,NQA,TN,ASO,CE,Federal Contract Tower,0,0,10,4,14,0,0,6,0,6,0,0,16,4,20,10,0,10,30
02/24/2016,NQA,TN,ASO,CE,Federal Contract Tower,0,0,3,0,3,0,0,0,0,0,0,0,3,0,3,0,0,0,3
02/25/2016,NQA,TN,ASO,CE,Federal Contract Tower,0,0,14,17,31,0,2,23,8,33,0,2,37,25,64,16,14,30,94
02/26/2016,NQA,TN,ASO,CE,Federal Contract Tower,0,0,5,9,14,0,3,42,3,48,0,3,47,12,62,28,44,72,134
02/27/2016,NQA,TN,ASO,CE,Federal Contract Tower,0,0,10,1,11,0,1,19,3,23,0,1,29,4,34,8,4,12,46
02/28/2016,NQA,TN,ASO,CE,Federal Contract Tower,0,0,9,0,9,0,0,11,0,11,0,0,20,0,20,8,0,8,28
02/29/2016,NQA,TN,ASO,CE,Federal Contract Tower,0,0,11,5,16,0,4,25,4,33,0,4,36,9,49,30,72,102,151
03/01/2016,NQA,TN,ASO,CE,Federal Contract Tower,0,0,5,3,8,0,2,1,0,3,0,2,6,3,11,0,0,0,11
03/02/2016,NQA,TN,ASO,CE,Federal Contract Tower,0,0,10,14,24,0,0,29,8,37,0,0,39,22,61,20,146,166,227
03/03/2016,NQA,TN,ASO,CE,Federal Contract Tower,0,0,10,0,10,0,0,7,0,7,0,0,17,0,17,14,0,14,31
03/04/2016,NQA,TN,ASO,CE,Federal Contract Tower,0,0,9,2,11,0,0,37,2,39,0,0,46,4,50,70,0,70,120
03/05/2016,NQA,TN,ASO,CE,Federal Contract Tower,0,0,7,0,7,0,0,46,8,54,0,0,53,8,61,42,0,42,103
03/06/2016,NQA,TN,ASO,CE,Federal Contract Tower,0,2,13,2,17,0,0,12,0,12,0,2,25,2,29,10,0,10,39
03/07/2016,NQA,TN,ASO,CE,Federal Contract Tower,0,0,12,8,20,0,0,24,2,26,0,0,36,10,46,60,30,90,136
03/08/2016,NQA,TN,ASO,CE,Federal Contract Tower,0,0,10,7,17,0,0,27,16,43,0,0,37,23,60,18,122,140,200
03/09/2016,NQA,TN,ASO,CE,Federal Contract Tower,0,0,2,0,2,0,0,8,0,8,0,0,10,0,10,26,0,26,36
03/10/2016,NQA,TN,ASO,CE,Federal Contract Tower,0,0,1,0,1,0,0,0,0,0,0,0,1,0,1,0,0,0,1
03/11/2016,NQA,TN,ASO,CE,Federal Contract Tower,0,0,4,0,4,0,0,0,0,0,0,0,4,0,4,0,0,0,4
03/12/2016,NQA,TN,ASO,CE,Federal Contract Tower,0,0,5,0,5,0,0,2,0,2,0,0,7,0,7,2,0,2,9
03/13/2016,NQA,TN,ASO,CE,Federal Contract Tower,0,0,5,0,5,0,0,7,0,7,0,0,12,0,12,18,0,18,30
03/14/2016,NQA,TN,ASO,CE,Federal Contract Tower,0,0,7,20,27,0,0,50,4,54,0,0,57,24,81,110,84,194,275
03/15/2016,NQA,TN,ASO,CE,Federal Contract Tower,0,0,5,6,11,0,0,25,10,35,0,0,30,16,46,32,64,96,142
03/16/2016,NQA,TN,ASO,CE,Federal Contract Tower,0,0,14,9,23,0,0,50,2,52,0,0,64,11,75,58,42,100,175
03/17/2016,NQA,TN,ASO,CE,Federal Contract Tower,0,0,11,10,21,0,0,41,8,49,0,0,52,18,70,92,102,194,264
03/18/2016,NQA,TN,ASO,CE,Federal Contract Tower,0,0,10,8,18,0,0,34,0,34,0,0,44,8,52,66,20,86,138
03/19/2016,NQA,TN,ASO,CE,Federal Contract Tower,0,0,12,0,12,0,0,9,0,9,0,0,21,0,21,0,0,0,21
03/20/2016,NQA,TN,ASO,CE,Federal Contract Tower,0,0,15,0,15,0,0,12,0,12,0,0,27,0,27,8,0,8,35
03/21/2016,NQA,TN,ASO,CE,Federal Contract Tower,0,0,4,14,18,0,0,48,4,52,0,0,52,18,70,174,96,270,340
03/22/2016,NQA,TN,ASO,CE,Federal Contract Tower,0,0,6,8,14,0,0,24,0,24,0,0,30,8,38,6,28,34,72
03/23/2016,NQA,TN,ASO,CE,Federal Contract Tower,0,0,9,2,11,0,0,20,0,20,0,0,29,2,31,18,28,46,77
03/24/2016,NQA,TN,ASO,CE,Federal Contract Tower,0,0,5,0,5,0,0,6,1,7,0,0,11,1,12,10,0,10,22
03/25/2016,NQA,TN,ASO,CE,Federal Contract Tower,0,0,6,8,14,0,0,46,6,52,0,0,52,14,66,148,80,228,294
03/26/2016,NQA,TN,ASO,CE,Federal Contract Tower,0,0,7,0,7,0,0,40,0,40,0,0,47,0,47,30,0,30,77
03/27/2016,NQA,TN,ASO,CE,Federal Contract Tower,0,0,4,0,4,0,0,1,0,1,0,0,5,0,5,0,0,0,5
03/28/2016,NQA,TN,ASO,CE,Federal Contract Tower,0,0,16,5,21,0,0,48,7,55,0,0,64,12,76,138,114,252,328
03/29/2016,NQA,TN,ASO,CE,Federal Contract Tower,0,0,19,8,27,0,0,40,3,43,0,0,59,11,70,62,124,186,256
03/30/2016,NQA,TN,ASO,CE,Federal Contract Tower,0,0,1,9,10,0,0,18,4,22,0,0,19,13,32,50,106,156,188
03/31/2016,NQA,TN,ASO,CE,Federal Contract Tower,0,0,6,0,6,0,0,3,0,3,0,0,9,0,9,0,0,0,9
04/01/2016,NQA,TN,ASO,CE,Federal Contract Tower,0,0,2,7,9,0,0,64,0,64,0,0,66,7,73,178,6,184,257
04/02/2016,NQA,TN,ASO,CE,Federal Contract Tower,0,0,9,4,13,0,0,31,0,31,0,0,40,4,44,34,0,34,78
04/03/2016,NQA,TN,ASO,CE,Federal Contract Tower,0,0,7,8,15,0,0,18,0,18,0,0,25,8,33,30,30,60,93
04/04/2016,NQA,TN,ASO,CE,Federal Contract Tower,0,0,7,12,19,0,2,30,2,34,0,2,37,14,53,82,40,122,175
04/05/2016,NQA,TN,ASO,CE,Federal Contract Tower,0,0,3,9,12,0,0,54,0,54,0,0,57,9,66,58,54,112,178
04/06/2016,NQA,TN,ASO,CE,Federal Contract Tower,0,0,0,2,2,0,2,10,0,12,0,2,10,2,14,2,0,2,16
04/07/2016,NQA,TN,ASO,CE,Federal Contract Tower,0,0,10,14,24,0,0,46,6,52,0,0,56,20,76,106,76,182,258
04/08/2016,NQA,TN,ASO,CE,Federal Contract Tower,0,0,9,8,17,0,0,8,4,12,0,0,17,12,29,0,64,64,93
04/09/2016,NQA,TN,ASO,CE,Federal Contract Tower,0,0,2,0,2,0,0,39,0,39,0,0,41,0,41,84,0,84,125
04/10/2016,NQA,TN,ASO,CE,Federal Contract Tower,0,0,5,8,13,0,0,4,0,4,0,0,9,8,17,0,2,2,19
04/11/2016,NQA,TN,ASO,CE,Federal Contract Tower,0,0,1,0,1,0,0,0,0,0,0,0,1,0,1,0,0,0,1
04/12/2016,NQA,TN,ASO,CE,Federal Contract Tower,0,0,3,4,7,0,0,36,5,41,0,0,39,9,48,92,46,138,186
04/13/2016,NQA,TN,ASO,CE,Federal Contract Tower,0,0,7,4,11,0,0,29,4,33,0,0,36,8,44,94,64,158,202
04/14/2016,NQA,TN,ASO,CE,Federal Contract Tower,0,0,1,0,1,0,0,21,2,23,0,0,22,2,24,52,0,52,76
04/15/2016,NQA,TN,ASO,CE,Federal Contract Tower,0,0,16,3,19,0,0,10,4,14,0,0,26,7,33,38,0,38,71
04/16/2016,NQA,TN,ASO,CE,Federal Contract Tower,0,0,2,4,6,0,0,28,0,28,0,0,30,4,34,88,0,88,122
04/17/2016,NQA,TN,ASO,CE,Federal Contract Tower,0,0,10,0,10,0,0,19,0,19,0,0,29,0,29,24,0,24,53
04/18/2016,NQA,TN,ASO,CE,Federal Contract Tower,0,0,12,9,21,0,2,23,6,31,0,2,35,15,52,48,62,110,162
04/19/2016,NQA,TN,ASO,CE,Federal Contract Tower,0,0,5,18,23,0,0,21,2,23,0,0,26,20,46,56,22,78,124
04/20/2016,NQA,TN,ASO,CE,Federal Contract Tower,0,0,11,0,11,0,0,7,0,7,0,0,18,0,18,16,0,16,34
04/21/2016,NQA,TN,ASO,CE,Federal Contract Tower,0,0,8,5,13,0,0,16,5,21,0,0,24,10,34,42,68,110,144
04/22/2016,NQA,TN,ASO,CE,Federal Contract Tower,0,4,9,13,26,0,0,31,7,38,0,4,40,20,64,62,138,200,264
04/23/2016,NQA,TN,ASO,CE,Federal Contract Tower,0,0,8,0,8,0,0,34,1,35,0,0,42,1,43,88,4,92,135
04/24/2016,NQA,TN,ASO,CE,Federal Contract Tower,0,0,8,8,16,0,0,13,0,13,0,0,21,8,29,24,8,32,61
04/25/2016,NQA,TN,ASO,CE,Federal Contract Tower,0,0,9,13,22,0,0,42,4,46,0,0,51,17,68,110,102,212,280
04/26/2016,NQA,TN,ASO,CE,Federal Contract Tower,0,0,4,11,15,0,0,28,2,30,0,0,32,13,45,88,76,164,209
04/27/2016,NQA,TN,ASO,CE,Federal Contract Tower,0,1,3,0,4,0,0,9,0,9,0,1,12,0,13,12,0,12,25
04/28/2016,NQA,TN,ASO,CE,Federal Contract Tower,0,2,12,4,18,0,2,38,15,55,0,4,50,19,73,88,70,158,231
04/29/2016,NQA,TN,ASO,CE,Federal Contract Tower,0,1,5,0,6,0,0,10,0,10,0,1,15,0,16,18,0,18,34
04/30/2016,NQA,TN,ASO,CE,Federal Contract Tower,4,0,4,0,8,0,0,9,0,9,4,0,13,0,17,12,0,12,29
05/01/2016,NQA,TN,ASO,CE,Federal Contract Tower,0,0,4,6,10,0,0,19,0,19,0,0,23,6,29,8,0,8,37
05/02/2016,NQA,TN,ASO,CE,Federal Contract Tower,0,0,2,0,2,0,0,1,0,1,0,0,3,0,3,0,0,0,3
05/03/2016,NQA,TN,ASO,CE,Federal Contract Tower,0,0,9,2,11,0,0,32,0,32,0,0,41,2,43,90,42,132,175
05/04/2016,NQA,TN,ASO,CE,Federal Contract Tower,0,0,4,2,6,0,0,20,0,20,0,0,24,2,26,42,12,54,80
05/05/2016,NQA,TN,ASO,CE,Federal Contract Tower,0,0,2,4,6,0,0,19,2,21,0,0,21,6,27,72,24,96,123
05/06/2016,NQA,TN,ASO,CE,Federal Contract Tower,0,2,10,4,16,0,0,29,0,29,0,2,39,4,45,62,16,78,123
05/07/2016,NQA,TN,ASO,CE,Federal Contract Tower,0,0,7,0,7,0,0,28,0,28,0,0,35,0,35,22,0,22,57
05/08/2016,NQA,TN,ASO,CE,Federal Contract Tower,0,4,10,2,16,0,0,18,0,18,0,4,28,2,34,22,0,22,56
05/09/2016,NQA,TN,ASO,CE,Federal Contract Tower,0,0,1,0,1,0,0,5,0,5,0,0,6,0,6,0,0,0,6
05/10/2016,NQA,TN,ASO,CE,Federal Contract Tower,0,0,6,18,24,0,0,16,0,16,0,0,22,18,40,56,0,56,96
05/11/2016,NQA,TN,ASO,CE,Federal Contract Tower,0,0,10,9,19,0,0,32,0,32,0,0,42,9,51,86,34,120,171
05/12/2016,NQA,TN,ASO,CE,Federal Contract Tower,0,0,5,0,5,0,0,17,0,17,0,0,22,0,22,26,0,26,48
05/13/2016,NQA,TN,ASO,CE,Federal Contract Tower,0,0,5,5,10,0,0,48,1,49,0,0,53,6,59,74,34,108,167
05/14/2016,NQA,TN,ASO,CE,Federal Contract Tower,0,0,2,4,6,0,0,10,7,17,0,0,12,11,23,0,24,24,47
05/15/2016,NQA,TN,ASO,CE,Federal Contract Tower,0,0,1,6,7,0,0,11,0,11,0,0,12,6,18,20,0,20,38
05/16/2016,NQA,TN,ASO,CE,Federal Contract Tower,0,0,0,2,2,0,0,10,0,10,0,0,10,2,12,0,12,12,24
05/17/2016,NQA,TN,ASO,CE,Federal Contract Tower,0,0,6,8,14,0,0,32,5,37,0,0,38,13,51,70,56,126,177
05/18/2016,NQA,TN,ASO,CE,Federal Contract Tower,0,0,6,6,12,0,0,23,1,24,0,0,29,7,36,76,56,132,168
05/19/2016,NQA,TN,ASO,CE,Federal Contract Tower,0,0,9,14,23,0,0,36,10,46,0,0,45,24,69,60,202,262,331
05/20/2016,NQA,TN,ASO,CE,Federal Contract Tower,0,0,7,14,21,0,0,6,0,6,0,0,13,14,27,0,14,14,41
05/21/2016,NQA,TN,ASO,CE,Federal Contract Tower,0,2,5,1,8,0,0,38,2,40,0,2,43,3,48,8,10,18,66
05/22/2016,NQA,TN,ASO,CE,Federal Contract Tower,0,0,5,4,9,0,0,26,1,27,0,0,31,5,36,0,32,32,68
05/23/2016,NQA,TN,ASO,CE,Federal Contract Tower,0,0,9,2,11,0,0,28,1,29,0,0,37,3,40,18,0,18,58
05/24/2016,NQA,TN,ASO,CE,Federal Contract Tower,0,1,11,8,20,0,1,44,4,49,0,2,55,12,69,66,52,118,187
05/25/2016,NQA,TN,ASO,CE,Federal Contract Tower,0,2,3,1,6,0,0,14,0,14,0,2,17,1,20,24,0,24,44
05/26/2016,NQA,TN,ASO,CE,Federal Contract Tower,0,0,8,4,12,0,0,19,0,19,0,0,27,4,31,84,0,84,115
05/27/2016,NQA,TN,ASO,CE,Federal Contract Tower,0,0,9,4,13,0,0,14,4,18,0,0,23,8,31,4,0,4,35
05/28/2016,NQA,TN,ASO,CE,Federal Contract Tower,0,2,8,0,10,0,0,14,2,16,0,2,22,2,26,0,0,0,26
05/29/2016,NQA,TN,ASO,CE,Federal Contract Tower,0,0,3,0,3,0,0,9,0,9,0,0,12,0,12,4,0,4,16
05/30/2016,NQA,TN,ASO,CE,Federal Contract Tower,0,0,14,0,14,0,0,23,0,23,0,0,37,0,37,26,0,26,63
05/31/2016,NQA,TN,ASO,CE,Federal Contract Tower,0,0,13,0,13,0,0,31,0,31,0,0,44,0,44,68,0,68,112
06/01/2016,NQA,TN,ASO,CE,Federal Contract Tower,0,0,12,15,27,0,0,42,0,42,0,0,54,15,69,32,0,32,101
06/02/2016,NQA,TN,ASO,CE,Federal Contract Tower,0,1,4,8,13,0,0,23,3,26,0,1,27,11,39,24,74,98,137
06/03/2016,NQA,TN,ASO,CE,Federal Contract Tower,0,1,9,2,12,0,0,33,0,33,0,1,42,2,45,52,0,52,97
06/04/2016,NQA,TN,ASO,CE,Federal Contract Tower,0,0,1,0,1,0,0,1,0,1,0,0,2,0,2,0,0,0,2
06/05/2016,NQA,TN,ASO,CE,Federal Contract Tower,0,2,2,12,16,0,0,28,0,28,0,2,30,12,44,50,6,56,100
06/06/2016,NQA,TN,ASO,CE,Federal Contract Tower,0,0,10,0,10,0,2,25,0,27,0,2,35,0,37,32,0,32,69
06/07/2016,NQA,TN,ASO,CE,Federal Contract Tower,0,2,21,2,25,0,0,51,4,55,0,2,72,6,80,54,40,94,174
06/08/2016,NQA,TN,ASO,CE,Federal Contract Tower,0,0,14,2,16,0,0,46,0,46,0,0,60,2,62,54,20,74,136
06/09/2016,NQA,TN,ASO,CE,Federal Contract Tower,0,5,12,8,25,0,3,37,2,42,0,8,49,10,67,116,44,160,227
06/10/2016,NQA,TN,ASO,CE,Federal Contract Tower,0,0,16,4,20,0,0,59,0,59,0,0,75,4,79,94,0,94,173
06/11/2016,NQA,TN,ASO,CE,Federal Contract Tower,0,0,13,0,13,0,0,15,0,15,0,0,28,0,28,14,0,14,42
06/12/2016,NQA,TN,ASO,CE,Federal Contract Tower,0,2,5,0,7,0,0,4,0,4,0,2,9,0,11,0,0,0,11
06/13/2016,NQA,TN,ASO,CE,Federal Contract Tower,0,0,3,0,3,0,0,9,1,10,0,0,12,1,13,8,0,8,21
06/14/2016,NQA,TN,ASO,CE,Federal Contract Tower,0,2,5,2,9,0,0,10,0,10,0,2,15,2,19,26,0,26,45
06/15/2016,NQA,TN,ASO,CE,Federal Contract Tower,0,0,12,4,16,0,0,7,1,8,0,0,19,5,24,20,0,20,44
06/16/2016,NQA,TN,ASO,CE,Federal Contract Tower,0,0,5,0,5,0,0,48,0,48,0,0,53,0,53,98,0,98,151
06/17/2016,NQA,TN,ASO,CE,Federal Contract Tower,0,1,10,3,14,0,1,42,0,43,0,2,52,3,57,132,12,144,201
06/18/2016,NQA,TN,ASO,CE,Federal Contract Tower,0,0,4,6,10,0,0,28,0,28,0,0,32,6,38,18,0,18,56
06/19/2016,NQA,TN,ASO,CE,Federal Contract Tower,0,0,6,1,7,0,0,15,0,15,0,0,21,1,22,18,0,18,40
06/20/2016,NQA,TN,ASO,CE,Federal Contract Tower,0,0,5,8,13,0,0,20,0,20,0,0,25,8,33,34,0,34,67
06/21/2016,NQA,TN,ASO,CE,Federal Contract Tower,0,0,5,12,17,0,0,41,1,42,0,0,46,13,59,134,10,144,203
06/22/2016,NQA,TN,ASO,CE,Federal Contract Tower,0,2,8,4,14,0,0,36,3,39,0,2,44,7,53,72,46,118,171
06/23/2016,NQA,TN,ASO,CE,Federal Contract Tower,0,0,8,2,10,0,0,29,6,35,0,0,37,8,45,44,26,70,115
06/24/2016,NQA,TN,ASO,CE,Federal Contract Tower,0,0,7,10,17,0,0,31,2,33,0,0,38,12,50,84,8,92,142
06/25/2016,NQA,TN,ASO,CE,Federal Contract Tower,0,0,13,0,13,0,0,13,0,13,0,0,26,0,26,16,0,16,42
06/26/2016,NQA,TN,ASO,CE,Federal Contract Tower,0,0,9,0,9,0,0,4,0,4,0,0,13,0,13,2,0,2,15
06/27/2016,NQA,TN,ASO,CE,Federal Contract Tower,0,0,2,2,4,0,0,4,2,6,0,0,6,4,10,0,6,6,16
06/28/2016,NQA,TN,ASO,CE,Federal Contract Tower,0,2,9,6,17,0,0,19,6,25,0,2,28,12,42,6,64,70,112
06/29/2016,NQA,TN,ASO,CE,Federal Contract Tower,0,0,15,2,17,0,0,72,4,76,0,0,87,6,93,122,0,122,215
06/30/2016,NQA,TN,ASO,CE,Federal Contract Tower,0,0,9,0,9,0,0,76,0,76,0,0,85,0,85,122,0,122,207
07/01/2016,NQA,TN,ASO,CE,Federal Contract Tower,0,0,22,0,22,0,0,34,0,34,0,0,56,0,56,82,0,82,138
07/02/2016,NQA,TN,ASO,CE,Federal Contract Tower,0,0,13,0,13,0,0,16,0,16,0,0,29,0,29,18,0,18,47
07/03/2016,NQA,TN,ASO,CE,Federal Contract Tower,0,0,8,0,8,0,0,8,0,8,0,0,16,0,16,0,0,0,16
07/04/2016,NQA,TN,ASO,CE,Federal Contract Tower,0,0,3,0,3,0,0,3,0,3,0,0,6,0,6,2,0,2,8
07/05/2016,NQA,TN,ASO,CE,Federal Contract Tower,0,0,7,0,7,0,0,8,0,8,0,0,15,0,15,12,0,12,27
07/06/2016,NQA,TN,ASO,CE,Federal Contract Tower,0,0,8,6,14,0,0,12,0,12,0,0,20,6,26,28,0,28,54
07/07/2016,NQA,TN,ASO,CE,Federal Contract Tower,0,0,8,10,18,0,0,34,0,34,0,0,42,10,52,50,0,50,102
07/08/2016,NQA,TN,ASO,CE,Federal Contract Tower,0,2,22,0,24,0,0,38,0,38,0,2,60,0,62,50,0,50,112
07/09/2016,NQA,TN,ASO,CE,Federal Contract Tower,0,0,1,0,1,0,0,7,0,7,0,0,8,0,8,10,0,10,18
07/10/2016,NQA,TN,ASO,CE,Federal Contract Tower,0,0,7,6,13,0,0,17,4,21,0,0,24,10,34,8,4,12,46
07/11/2016,NQA,TN,ASO,CE,Federal Contract Tower,0,1,16,8,25,0,0,35,0,35,0,1,51,8,60,82,8,90,150
07/12/2016,NQA,TN,ASO,CE,Federal Contract Tower,0,0,7,13,20,0,0,33,0,33,0,0,40,13,53,62,0,62,115
07/13/2016,NQA,TN,ASO,CE,Federal Contract Tower,0,0,18,18,36,0,0,42,0,42,0,0,60,18,78,76,30,106,184
07/14/2016,NQA,TN,ASO,CE,Federal Contract Tower,0,0,8,1,9,0,0,6,1,7,0,0,14,2,16,4,0,4,20
07/15/2016,NQA,TN,ASO,CE,Federal Contract Tower,0,0,10,0,10,0,0,43,2,45,0,0,53,2,55,48,4,52,107
07/16/2016,NQA,TN,ASO,CE,Federal Contract Tower,0,5,15,0,20,0,1,32,0,33,0,6,47,0,53,34,0,34,87
07/17/2016,NQA,TN,ASO,CE,Federal Contract Tower,0,2,8,14,24,0,0,16,2,18,0,2,24,16,42,0,0,0,42
07/18/2016,NQA,TN,ASO,CE,Federal Contract Tower,0,0,25,6,31,0,0,29,2,31,0,0,54,8,62,48,4,52,114
07/19/2016,NQA,TN,ASO,CE,Federal Contract Tower,0,0,7,6,13,0,2,30,5,37,0,2,37,11,50,50,34,84,134
07/20/2016,NQA,TN,ASO,CE,Federal Contract Tower,0,0,11,2,13,0,0,37,0,37,0,0,48,2,50,36,24,60,110
07/21/2016,NQA,TN,ASO,CE,Federal Contract Tower,0,0,12,8,20,0,0,41,2,43,0,0,53,10,63,62,12,74,137
07/22/2016,NQA,TN,ASO,CE,Federal Contract Tower,0,0,7,2,9,0,0,29,2,31,0,0,36,4,40,20,0,20,60
07/23/2016,NQA,TN,ASO,CE,Federal Contract Tower,0,1,15,2,18,0,0,8,0,8,0,1,23,2,26,50,0,50,76
07/24/2016,NQA,TN,ASO,CE,Federal Contract Tower,0,0,11,0,11,0,0,16,0,16,0,0,27,0,27,4,0,4,31
07/25/2016,NQA,TN,ASO,CE,Federal Contract Tower,0,0,2,8,10,0,0,38,2,40,0,0,40,10,50,88,40,128,178
07/26/2016,NQA,TN,ASO,CE,Federal Contract Tower,0,0,8,2,10,0,0,25,4,29,0,0,33,6,39,96,10,106,145
07/27/2016,NQA,TN,ASO,CE,Federal Contract Tower,0,0,16,18,34,0,0,22,1,23,0,0,38,19,57,58,54,112,169
07/28/2016,NQA,TN,ASO,CE,Federal Contract Tower,0,4,19,0,23,0,0,3,2,5,0,4,22,2,28,0,0,0,28
07/29/2016,NQA,TN,ASO,CE,Federal Contract Tower,0,0,8,7,15,0,0,5,1,6,0,0,13,8,21,0,0,0,21
07/30/2016,NQA,TN,ASO,CE,Federal Contract Tower,0,0,10,0,10,0,0,3,0,3,0,0,13,0,13,0,0,0,13
07/31/2016,NQA,TN,ASO,CE,Federal Contract Tower,0,0,4,0,4,0,0,21,0,21,0,0,25,0,25,12,0,12,37
08/01/2016,NQA,TN,ASO,CE,Federal Contract Tower,0,0,11,2,13,0,2,37,0,39,0,2,48,2,52,62,0,62,114
08/02/2016,NQA,TN,ASO,CE,Federal Contract Tower,0,0,19,3,22,0,0,45,0,45,0,0,64,3,67,90,14,104,171
08/03/2016,NQA,TN,ASO,CE,Federal Contract Tower,0,0,9,0,9,0,0,31,4,35,0,0,40,4,44,84,0,84,128
08/04/2016,NQA,TN,ASO,CE,Federal Contract Tower,0,0,18,0,18,0,0,58,0,58,0,0,76,0,76,74,0,74,150
08/05/2016,NQA,TN,ASO,CE,Federal Contract Tower,0,0,17,6,23,0,0,44,0,44,0,0,61,6,67,58,16,74,141
08/06/2016,NQA,TN,ASO,CE,Federal Contract Tower,0,0,9,0,9,0,0,11,0,11,0,0,20,0,20,12,0,12,32
08/07/2016,NQA,TN,ASO,CE,Federal Contract Tower,0,0,3,4,7,0,0,18,0,18,0,0,21,4,25,30,0,30,55
08/08/2016,NQA,TN,ASO,CE,Federal Contract Tower,0,1,4,2,7,0,0,62,0,62,0,1,66,2,69,136,0,136,205
08/09/2016,NQA,TN,ASO,CE,Federal Contract Tower,0,0,7,27,34,0,0,54,2,56,0,0,61,29,90,72,38,110,200
08/10/2016,NQA,TN,ASO,CE,Federal Contract Tower,0,4,12,6,22,0,0,42,6,48,0,4,54,12,70,70,86,156,226
08/11/2016,NQA,TN,ASO,CE,Federal Contract Tower,0,0,11,4,15,0,0,44,2,46,0,0,55,6,61,86,36,122,183
08/12/2016,NQA,TN,ASO,CE,Federal Contract Tower,0,0,9,13,22,0,2,12,2,16,0,2,21,15,38,16,66,82,120
08/13/2016,NQA,TN,ASO,CE,Federal Contract Tower,0,2,13,2,17,0,0,7,0,7,0,2,20,2,24,0,0,0,24
08/14/2016,NQA,TN,ASO,CE,Federal Contract Tower,0,0,7,2,9,0,0,3,0,3,0,0,10,2,12,16,0,16,28
08/15/2016,NQA,TN,ASO,CE,Federal Contract Tower,0,0,2,6,8,0,0,1,0,1,0,0,3,6,9,0,0,0,9
08/16/2016,NQA,TN,ASO,CE,Federal Contract Tower,0,0,7,0,7,0,0,0,0,0,0,0,7,0,7,0,0,0,7
08/17/2016,NQA,TN,ASO,CE,Federal Contract Tower,0,0,2,2,4,0,0,4,1,5,0,0,6,3,9,0,0,0,9
08/18/2016,NQA,TN,ASO,CE,Federal Contract Tower,0,0,9,4,13,0,0,8,1,9,0,0,17,5,22,22,0,22,44
08/19/2016,NQA,TN,ASO,CE,Federal Contract Tower,0,0,10,0,10,0,0,15,0,15,0,0,25,0,25,76,0,76,101
08/20/2016,NQA,TN,ASO,CE,Federal Contract Tower,0,0,4,0,4,0,0,4,0,4,0,0,8,0,8,4,0,4,12
08/21/2016,NQA,TN,ASO,CE,Federal Contract Tower,0,0,7,0,7,0,0,10,0,10,0,0,17,0,17,14,0,14,31
08/22/2016,NQA,TN,ASO,CE,Federal Contract Tower,0,0,2,18,20,0,0,62,4,66,0,0,64,22,86,116,58,174,260
08/23/2016,NQA,TN,ASO,CE,Federal Contract Tower,0,0,9,6,15,0,0,40,0,40,0,0,49,6,55,84,40,124,179
08/24/2016,NQA,TN,ASO,CE,Federal Contract Tower,0,0,8,0,8,0,0,49,0,49,0,0,57,0,57,46,0,46,103
08/25/2016,NQA,TN,ASO,CE,Federal Contract Tower,0,3,9,0,12,0,2,34,0,36,0,5,43,0,48,34,0,34,82
08/26/2016,NQA,TN,ASO,CE,Federal Contract Tower,0,2,9,0,11,0,0,45,1,46,0,2,54,1,57,68,0,68,125
08/27/2016,NQA,TN,ASO,CE,Federal Contract Tower,0,0,7,0,7,0,0,28,0,28,0,0,35,0,35,6,0,6,41
08/28/2016,NQA,TN,ASO,CE,Federal Contract Tower,0,0,12,0,12,0,0,15,0,15,0,0,27,0,27,10,0,10,37
08/29/2016,NQA,TN,ASO,CE,Federal Contract Tower,0,0,5,1,6,0,0,52,0,52,0,0,57,1,58,136,0,136,194
08/30/2016,NQA,TN,ASO,CE,Federal Contract Tower,0,0,9,2,11,0,0,41,0,41,0,0,50,2,52,100,2,102,154
08/31/2016,NQA,TN,ASO,CE,Federal Contract Tower,0,0,12,13,25,0,0,55,1,56,0,0,67,14,81,120,16,136,217
09/01/2016,NQA,TN,ASO,CE,Federal Contract Tower,0,0,11,9,20,0,0,12,0,12,0,0,23,9,32,40,0,40,72
09/02/2016,NQA,TN,ASO,CE,Federal Contract Tower,0,3,10,2,15,0,0,52,0,52,0,3,62,2,67,98,16,114,181
09/03/2016,NQA,TN,ASO,CE,Federal Contract Tower,0,4,10,7,21,0,0,21,0,21,0,4,31,7,42,2,0,2,44
09/04/2016,NQA,TN,ASO,CE,Federal Contract Tower,0,0,6,0,6,0,0,7,0,7,0,0,13,0,13,2,0,2,15
09/05/2016,NQA,TN,ASO,CE,Federal Contract Tower,0,0,12,0,12,0,0,22,0,22,0,0,34,0,34,16,0,16,50
09/06/2016,NQA,TN,ASO,CE,Federal Contract Tower,0,0,9,3,12,0,0,71,2,73,0,0,80,5,85,100,4,104,189
09/07/2016,NQA,TN,ASO,CE,Federal Contract Tower,0,1,2,0,3,0,0,45,0,45,0,1,47,0,48,76,0,76,124
09/08/2016,NQA,TN,ASO,CE,Federal Contract Tower,0,2,12,3,17,0,0,37,0,37,0,2,49,3,54,20,6,26,80
09/09/2016,NQA,TN,ASO,CE,Federal Contract Tower,0,0,12,3,15,0,0,33,2,35,0,0,45,5,50,52,2,54,104
09/10/2016,NQA,TN,ASO,CE,Federal Contract Tower,0,0,5,4,9,0,0,22,0,22,0,0,27,4,31,20,0,20,51
09/11/2016,NQA,TN,ASO,CE,Federal Contract Tower,0,0,2,4,6,0,0,15,8,23,0,0,17,12,29,12,4,16,45
09/12/2016,NQA,TN,ASO,CE,Federal Contract Tower,0,0,12,5,17,0,0,57,1,58,0,0,69,6,75,140,30,170,245
09/13/2016,NQA,TN,ASO,CE,Federal Contract Tower,0,0,6,2,8,0,0,50,1,51,0,0,56,3,59,90,0,90,149
09/14/2016,NQA,TN,ASO,CE,Federal Contract Tower,0,0,15,0,15,0,0,37,1,38,0,0,52,1,53,148,0,148,201
09/15/2016,NQA,TN,ASO,CE,Federal Contract Tower,0,4,15,4,23,0,0,70,0,70,0,4,85,4,93,92,0,92,185
09/16/2016,NQA,TN,ASO,CE,Federal Contract Tower,0,0,8,6,14,0,0,51,0,51,0,0,59,6,65,176,0,176,241
09/17/2016,NQA,TN,ASO,CE,Federal Contract Tower,0,0,5,0,5,0,0,16,0,16,0,0,21,0,21,10,0,10,31
09/18/2016,NQA,TN,ASO,CE,Federal Contract Tower,0,0,7,0,7,0,0,2,0,2,0,0,9,0,9,0,0,0,9
09/19/2016,NQA,TN,ASO,CE,Federal Contract Tower,0,0,18,0,18,0,0,71,0,71,0,0,89,0,89,98,0,98,187
09/20/2016,NQA,TN,ASO,CE,Federal Contract Tower,0,2,3,1,6,0,0,45,0,45,0,2,48,1,51,94,0,94,145
09/21/2016,NQA,TN,ASO,CE,Federal Contract Tower,0,2,14,18,34,0,0,67,0,67,0,2,81,18,101,96,26,122,223
09/22/2016,NQA,TN,ASO,CE,Federal Contract Tower,0,2,13,5,20,0,0,59,1,60,0,2,72,6,80,78,26,104,184
09/23/2016,NQA,TN,ASO,CE,Federal Contract Tower,0,2,16,9,27,0,0,54,0,54,0,2,70,9,81,38,14,52,133
09/24/2016,NQA,TN,ASO,CE,Federal Contract Tower,0,0,3,0,3,0,0,38,0,38,0,0,41,0,41,58,0,58,99
09/25/2016,NQA,TN,ASO,CE,Federal Contract Tower,0,0,15,2,17,0,0,19,0,19,0,0,34,2,36,2,2,4,40
09/26/2016,NQA,TN,ASO,CE,Federal Contract Tower,0,0,11,0,11,0,0,23,0,23,0,0,34,0,34,66,0,66,100
09/27/2016,NQA,TN,ASO,CE,Federal Contract Tower,0,2,9,0,11,0,0,99,0,99,0,2,108,0,110,74,0,74,184
09/28/2016,NQA,TN,ASO,CE,Federal Contract Tower,0,4,9,0,13,0,0,74,0,74,0,4,83,0,87,88,0,88,175
09/29/2016,NQA,TN,ASO,CE,Federal Contract Tower,0,0,15,0,15,0,0,73,0,73,0,0,88,0,88,76,0,76,164
09/30/2016,NQA,TN,ASO,CE,Federal Contract Tower,0,2,9,1,12,0,0,44,0,44,0,2,53,1,56,80,0,80,136
10/01/2016,NQA,TN,ASO,CE,Federal Contract Tower,0,0,10,0,10,0,0,19,6,25,0,0,29,6,35,14,0,14,49
10/02/2016,NQA,TN,ASO,CE,Federal Contract Tower,0,2,11,4,17,0,0,26,0,26,0,2,37,4,43,2,4,6,49
10/03/2016,NQA,TN,ASO,CE,Federal Contract Tower,0,0,12,9,21,0,0,43,1,44,0,0,55,10,65,70,18,88,153
10/04/2016,NQA,TN,ASO,CE,Federal Contract Tower,0,0,6,4,10,0,0,41,0,41,0,0,47,4,51,82,0,82,133
10/05/2016,NQA,TN,ASO,CE,Federal Contract Tower,0,2,16,1,19,0,0,38,0,38,0,2,54,1,57,60,0,60,117
10/06/2016,NQA,TN,ASO,CE,Federal Contract Tower,0,3,6,15,24,0,1,53,0,54,0,4,59,15,78,128,6,134,212
10/07/2016,NQA,TN,ASO,CE,Federal Contract Tower,0,4,11,12,27,0,0,46,0,46,0,4,57,12,73,64,0,64,137
10/08/2016,NQA,TN,ASO,CE,Federal Contract Tower,0,0,4,8,12,0,0,16,2,18,0,0,20,10,30,0,4,4,34
10/09/2016,NQA,TN,ASO,CE,Federal Contract Tower,0,0,3,3,6,0,0,28,0,28,0,0,31,3,34,20,0,20,54
10/10/2016,NQA,TN,ASO,CE,Federal Contract Tower,0,0,9,0,9,0,0,52,6,58,0,0,61,6,67,74,0,74,141
10/11/2016,NQA,TN,ASO,CE,Federal Contract Tower,0,2,14,10,26,0,0,43,1,44,0,2,57,11,70,102,12,114,184
10/12/2016,NQA,TN,ASO,CE,Federal Contract Tower,0,2,8,0,10,0,0,38,0,38,0,2,46,0,48,110,0,110,158
10/13/2016,NQA,TN,ASO,CE,Federal Contract Tower,0,0,19,6,25,0,0,5,2,7,0,0,24,8,32,34,10,44,76
10/14/2016,NQA,TN,ASO,CE,Federal Contract Tower,0,2,9,6,17,0,0,0,0,0,0,2,9,6,17,0,0,0,17
10/15/2016,NQA,TN,ASO,CE,Federal Contract Tower,0,1,18,12,31,0,0,20,5,25,0,1,38,17,56,8,8,16,72
10/16/2016,NQA,TN,ASO,CE,Federal Contract Tower,0,0,11,4,15,0,0,16,3,19,0,0,27,7,34,16,6,22,56
10/17/2016,NQA,TN,ASO,CE,Federal Contract Tower,0,0,22,0,22,0,0,50,0,50,0,0,72,0,72,100,0,100,172
10/18/2016,NQA,TN,ASO,CE,Federal Contract Tower,0,0,14,6,20,0,0,45,0,45,0,0,59,6,65,52,14,66,131
10/19/2016,NQA,TN,ASO,CE,Federal Contract Tower,0,0,16,8,24,0,0,79,0,79,0,0,95,8,103,252,24,276,379
10/20/2016,NQA,TN,ASO,CE,Federal Contract Tower,0,1,5,2,8,0,2,14,0,16,0,3,19,2,24,40,0,40,64
10/21/2016,NQA,TN,ASO,CE,Federal Contract Tower,0,0,18,4,22,0,0,54,0,54,0,0,72,4,76,38,2,40,116
10/22/2016,NQA,TN,ASO,CE,Federal Contract Tower,0,0,5,2,7,0,0,41,0,41,0,0,46,2,48,38,2,40,88
10/23/2016,NQA,TN,ASO,CE,Federal Contract Tower,0,0,3,2,5,0,0,21,0,21,0,0,24,2,26,14,0,14,40
10/24/2016,NQA,TN,ASO,CE,Federal Contract Tower,0,0,5,4,9,0,0,51,0,51,0,0,56,4,60,108,0,108,168
10/25/2016,NQA,TN,ASO,CE,Federal Contract Tower,0,2,12,4,18,0,0,72,0,72,0,2,84,4,90,216,0,216,306
10/26/2016,NQA,TN,ASO,CE,Federal Contract Tower,0,0,13,2,15,0,0,75,0,75,0,0,88,2,90,182,0,182,272
10/27/2016,NQA,TN,ASO,CE,Federal Contract Tower,0,0,20,10,30,0,2,54,2,58,0,2,74,12,88,168,16,184,272
10/28/2016,NQA,TN,ASO,CE,Federal Contract Tower,0,0,20,0,20,0,0,61,0,61,0,0,81,0,81,136,0,136,217
10/29/2016,NQA,TN,ASO,CE,Federal Contract Tower,0,0,14,0,14,0,0,21,0,21,0,0,35,0,35,34,0,34,69
10/30/2016,NQA,TN,ASO,CE,Federal Contract Tower,0,0,10,0,10,0,0,14,0,14,0,0,24,0,24,6,0,6,30
10/31/2016,NQA,TN,ASO,CE,Federal Contract Tower,0,0,19,0,19,0,0,45,0,45,0,0,64,0,64,80,0,80,144
11/01/2016,NQA,TN,ASO,CE,Federal Contract Tower,0,2,19,12,33,0,0,48,0,48,0,2,67,12,81,74,0,74,155
11/02/2016,NQA,TN,ASO,CE,Federal Contract Tower,0,0,28,0,28,0,0,65,2,67,0,0,93,2,95,58,0,58,153
11/03/2016,NQA,TN,ASO,CE,Federal Contract Tower,0,0,15,6,21,0,0,50,0,50,0,0,65,6,71,42,6,48,119
11/04/2016,NQA,TN,ASO,CE,Federal Contract Tower,0,0,15,4,19,0,0,35,0,35,0,0,50,4,54,72,0,72,126
11/05/2016,NQA,TN,ASO,CE,Federal Contract Tower,0,0,8,2,10,0,0,41,0,41,0,0,49,2,51,38,0,38,89
11/06/2016,NQA,TN,ASO,CE,Federal Contract Tower,0,0,9,2,11,0,0,17,2,19,0,0,26,4,30,34,12,46,76
11/07/2016,NQA,TN,ASO,CE,Federal Contract Tower,0,2,5,2,9,0,0,48,0,48,0,2,53,2,57,104,0,104,161
11/08/2016,NQA,TN,ASO,CE,Federal Contract Tower,0,0,5,4,9,0,0,6,0,6,0,0,11,4,15,6,0,6,21
11/09/2016,NQA,TN,ASO,CE,Federal Contract Tower,0,1,6,13,20,0,0,27,3,30,0,1,33,16,50,48,20,68,118
11/10/2016,NQA,TN,ASO,CE,Federal Contract Tower,0,0,13,0,13,0,0,46,2,48,0,0,59,2,61,92,0,92,153
11/11/2016,NQA,TN,ASO,CE,Federal Contract Tower,0,0,9,0,9,0,0,57,0,57,0,0,66,0,66,92,0,92,158
11/12/2016,NQA,TN,ASO,CE,Federal Contract Tower,0,0,7,1,8,0,0,37,0,37,0,0,44,1,45,50,0,50,95
11/13/2016,NQA,TN,ASO,CE,Federal Contract Tower,0,0,3,3,6,0,0,9,3,12,0,0,12,6,18,14,0,14,32
11/14/2016,NQA,TN,ASO,CE,Federal Contract Tower,0,2,13,5,20,0,2,47,0,49,0,4,60,5,69,98,4,102,171
11/15/2016,NQA,TN,ASO,CE,Federal Contract Tower,0,0,23,11,34,0,2,65,4,71,0,2,88,15,105,114,46,160,265
11/16/2016,NQA,TN,ASO,CE,Federal Contract Tower,0,0,14,2,16,0,0,55,0,55,0,0,69,2,71,106,0,106,177
11/17/2016,NQA,TN,ASO,CE,Federal Contract Tower,0,0,9,6,15,0,0,40,0,40,0,0,49,6,55,88,6,94,149
11/18/2016,NQA,TN,ASO,CE,Federal Contract Tower,0,0,11,0,11,0,0,16,0,16,0,0,27,0,27,26,0,26,53
11/19/2016,NQA,TN,ASO,CE,Federal Contract Tower,0,0,9,6,15,0,0,17,0,17,0,0,26,6,32,46,0,46,78
11/20/2016,NQA,TN,ASO,CE,Federal Contract Tower,0,0,9,10,19,0,0,36,0,36,0,0,45,10,55,22,0,22,77
11/21/2016,NQA,TN,ASO,CE,Federal Contract Tower,0,3,10,24,37,0,2,29,5,36,0,5,39,29,73,54,28,82,155
11/22/2016,NQA,TN,ASO,CE,Federal Contract Tower,0,0,1,2,3,0,0,41,0,41,0,0,42,2,44,70,26,96,140
11/23/2016,NQA,TN,ASO,CE,Federal Contract Tower,0,0,15,8,23,0,0,1,0,1,0,0,16,8,24,0,0,0,24
11/24/2016,NQA,TN,ASO,CE,Federal Contract Tower,0,0,5,0,5,0,0,0,0,0,0,0,5,0,5,2,0,2,7
11/25/2016,NQA,TN,ASO,CE,Federal Contract Tower,0,0,8,0,8,0,1,5,0,6,0,1,13,0,14,10,0,10,24
11/26/2016,NQA,TN,ASO,CE,Federal Contract Tower,0,0,16,0,16,0,1,26,0,27,0,1,42,0,43,28,0,28,71
11/27/2016,NQA,TN,ASO,CE,Federal Contract Tower,0,2,14,0,16,0,0,19,0,19,0,2,33,0,35,26,0,26,61
11/28/2016,NQA,TN,ASO,CE,Federal Contract Tower,0,0,1,0,1,0,0,0,0,0,0,0,1,0,1,0,0,0,1
11/29/2016,NQA,TN,ASO,CE,Federal Contract Tower,0,0,17,0,17,0,0,72,0,72,0,0,89,0,89,178,0,178,267
11/30/2016,NQA,TN,ASO,CE,Federal Contract Tower,0,2,30,2,34,0,0,57,0,57,0,2,87,2,91,108,20,128,219
12/01/2016,NQA,TN,ASO,CE,Federal Contract Tower,0,0,23,6,29,0,0,73,0,73,0,0,96,6,102,174,0,174,276
12/02/2016,NQA,TN,ASO,CE,Federal Contract Tower,0,0,8,0,8,0,1,52,0,53,0,1,60,0,61,114,0,114,175
12/03/2016,NQA,TN,ASO,CE,Federal Contract Tower,0,4,8,0,12,0,0,0,0,0,0,4,8,0,12,12,0,12,24
12/04/2016,NQA,TN,ASO,CE,Federal Contract Tower,0,2,4,0,6,0,0,1,0,1,0,2,5,0,7,0,0,0,7
12/05/2016,NQA,TN,ASO,CE,Federal Contract Tower,0,2,8,17,27,0,0,1,0,1,0,2,9,17,28,0,0,0,28
12/06/2016,NQA,TN,ASO,CE,Federal Contract Tower,0,0,16,0,16,0,0,8,0,8,0,0,24,0,24,20,0,20,44
12/07/2016,NQA,TN,ASO,CE,Federal Contract Tower,0,9,21,18,48,0,0,27,4,31,0,9,48,22,79,112,44,156,235
12/08/2016,NQA,TN,ASO,CE,Federal Contract Tower,0,2,15,0,17,0,0,41,0,41,0,2,56,0,58,118,0,118,176
12/09/2016,NQA,TN,ASO,CE,Federal Contract Tower,0,4,12,0,16,0,0,46,0,46,0,4,58,0,62,96,0,96,158
12/10/2016,NQA,TN,ASO,CE,Federal Contract Tower,0,0,17,0,17,0,0,25,0,25,0,0,42,0,42,26,0,26,68
12/11/2016,NQA,TN,ASO,CE,Federal Contract Tower,0,3,11,0,14,0,0,16,0,16,0,3,27,0,30,6,0,6,36
12/12/2016,NQA,TN,ASO,CE,Federal Contract Tower,0,0,18,11,29,0,0,17,3,20,0,0,35,14,49,44,32,76,125
12/13/2016,NQA,TN,ASO,CE,Federal Contract Tower,0,0,11,4,15,0,0,0,0,0,0,0,11,4,15,0,0,0,15
12/14/2016,NQA,TN,ASO,CE,Federal Contract Tower,0,0,9,8,17,0,0,8,0,8,0,0,17,8,25,30,0,30,55
12/15/2016,NQA,TN,ASO,CE,Federal Contract Tower,0,5,15,4,24,0,0,39,1,40,0,5,54,5,64,66,54,120,184
12/16/2016,NQA,TN,ASO,CE,Federal Contract Tower,0,2,14,2,18,0,0,14,0,14,0,2,28,2,32,12,0,12,44
12/17/2016,NQA,TN,ASO,CE,Federal Contract Tower,0,0,0,0,0,0,0,0,0,0,0,0,0,0,0,0,0,0,0
12/18/2016,NQA,TN,ASO,CE,Federal Contract Tower,0,0,3,0,3,0,0,10,2,12,0,0,13,2,15,30,0,30,45
12/19/2016,NQA,TN,ASO,CE,Federal Contract Tower,0,4,8,4,16,0,0,29,6,35,0,4,37,10,51,62,0,62,113
12/20/2016,NQA,TN,ASO,CE,Federal Contract Tower,0,0,12,1,13,0,0,33,0,33,0,0,45,1,46,72,4,76,122
12/21/2016,NQA,TN,ASO,CE,Federal Contract Tower,0,5,13,5,23,0,0,36,0,36,0,5,49,5,59,52,10,62,121
12/22/2016,NQA,TN,ASO,CE,Federal Contract Tower,0,7,3,0,10,0,0,32,0,32,0,7,35,0,42,44,0,44,86
12/23/2016,NQA,TN,ASO,CE,Federal Contract Tower,0,2,10,0,12,0,0,14,0,14,0,2,24,0,26,4,0,4,30
12/24/2016,NQA,TN,ASO,CE,Federal Contract Tower,0,0,1,0,1,0,0,0,0,0,0,0,1,0,1,0,0,0,1
12/25/2016,NQA,TN,ASO,CE,Federal Contract Tower,0,0,2,0,2,0,0,1,0,1,0,0,3,0,3,0,0,0,3
12/26/2016,NQA,TN,ASO,CE,Federal Contract Tower,0,2,6,0,8,0,0,2,0,2,0,2,8,0,10,0,0,0,10
12/27/2016,NQA,TN,ASO,CE,Federal Contract Tower,0,0,13,0,13,0,2,20,0,22,0,2,33,0,35,14,0,14,49
12/28/2016,NQA,TN,ASO,CE,Federal Contract Tower,0,0,21,4,25,0,0,12,0,12,0,0,33,4,37,24,0,24,61
12/29/2016,NQA,TN,ASO,CE,Federal Contract Tower,0,0,6,0,6,0,0,15,0,15,0,0,21,0,21,12,0,12,33
12/30/2016,NQA,TN,ASO,CE,Federal Contract Tower,0,0,17,0,17,0,2,40,0,42,0,2,57,0,59,28,0,28,87
12/31/2016,NQA,TN,ASO,CE,Federal Contract Tower,0,0,6,0,6,0,0,0,0,0,0,0,6,0,6,0,0,0,6
01/01/2017,NQA,TN,ASO,CE,Federal Contract Tower,0,0,7,0,7,0,0,0,0,0,0,0,7,0,7,0,0,0,7
01/02/2017,NQA,TN,ASO,CE,Federal Contract Tower,0,0,2,0,2,0,0,0,0,0,0,0,2,0,2,0,0,0,2
01/03/2017,NQA,TN,ASO,CE,Federal Contract Tower,0,3,11,2,16,0,0,0,0,0,0,3,11,2,16,0,0,0,16
01/04/2017,NQA,TN,ASO,CE,Federal Contract Tower,0,0,15,0,15,0,0,57,0,57,0,0,72,0,72,68,0,68,140
01/05/2017,NQA,TN,ASO,CE,Federal Contract Tower,0,1,7,2,10,0,0,40,0,40,0,1,47,2,50,116,0,116,166
01/06/2017,NQA,TN,ASO,CE,Federal Contract Tower,0,0,0,0,0,0,0,1,0,1,0,0,1,0,1,0,0,0,1
01/07/2017,NQA,TN,ASO,CE,Federal Contract Tower,0,0,8,0,8,0,0,9,0,9,0,0,17,0,17,0,0,0,17
01/08/2017,NQA,TN,ASO,CE,Federal Contract Tower,0,0,12,0,12,0,0,19,6,25,0,0,31,6,37,38,0,38,75
01/09/2017,NQA,TN,ASO,CE,Federal Contract Tower,0,0,16,1,17,0,0,42,0,42,0,0,58,1,59,100,0,100,159
01/10/2017,NQA,TN,ASO,CE,Federal Contract Tower,0,0,2,4,6,0,0,1,0,1,0,0,3,4,7,0,0,0,7
01/11/2017,NQA,TN,ASO,CE,Federal Contract Tower,0,0,10,0,10,0,0,0,0,0,0,0,10,0,10,0,0,0,10
01/12/2017,NQA,TN,ASO,CE,Federal Contract Tower,0,8,7,0,15,0,0,4,0,4,0,8,11,0,19,14,0,14,33
01/13/2017,NQA,TN,ASO,CE,Federal Contract Tower,0,0,9,0,9,0,0,0,0,0,0,0,9,0,9,0,0,0,9
01/14/2017,NQA,TN,ASO,CE,Federal Contract Tower,0,0,2,0,2,0,0,0,0,0,0,0,2,0,2,0,0,0,2
01/15/2017,NQA,TN,ASO,CE,Federal Contract Tower,0,0,9,0,9,0,0,0,0,0,0,0,9,0,9,0,0,0,9
01/16/2017,NQA,TN,ASO,CE,Federal Contract Tower,0,0,5,0,5,0,0,5,0,5,0,0,10,0,10,0,0,0,10
01/17/2017,NQA,TN,ASO,CE,Federal Contract Tower,0,0,24,0,24,0,0,30,0,30,0,0,54,0,54,44,0,44,98
01/18/2017,NQA,TN,ASO,CE,Federal Contract Tower,0,0,25,6,31,0,0,31,1,32,0,0,56,7,63,72,16,88,151
01/19/2017,NQA,TN,ASO,CE,Federal Contract Tower,0,2,7,0,9,0,0,0,0,0,0,2,7,0,9,0,0,0,9
01/20/2017,NQA,TN,ASO,CE,Federal Contract Tower,0,0,21,4,25,0,0,18,0,18,0,0,39,4,43,0,4,4,47
01/21/2017,NQA,TN,ASO,CE,Federal Contract Tower,0,0,23,9,32,0,0,31,1,32,0,0,54,10,64,18,0,18,82
01/22/2017,NQA,TN,ASO,CE,Federal Contract Tower,0,0,0,2,2,0,0,0,0,0,0,0,0,2,2,0,0,0,2
01/23/2017,NQA,TN,ASO,CE,Federal Contract Tower,0,0,18,7,25,0,0,9,2,11,0,0,27,9,36,20,20,40,76
01/24/2017,NQA,TN,ASO,CE,Federal Contract Tower,0,0,25,5,30,0,0,84,0,84,0,0,109,5,114,144,0,144,258
01/25/2017,NQA,TN,ASO,CE,Federal Contract Tower,0,1,22,16,39,0,0,37,1,38,0,1,59,17,77,56,16,72,149
01/26/2017,NQA,TN,ASO,CE,Federal Contract Tower,0,1,33,0,34,0,0,43,0,43,0,1,76,0,77,68,0,68,145
01/27/2017,NQA,TN,ASO,CE,Federal Contract Tower,0,3,14,0,17,0,0,33,0,33,0,3,47,0,50,36,0,36,86
01/28/2017,NQA,TN,ASO,CE,Federal Contract Tower,0,1,17,0,18,0,0,42,0,42,0,1,59,0,60,50,0,50,110
01/29/2017,NQA,TN,ASO,CE,Federal Contract Tower,0,2,6,0,8,0,0,15,0,15,0,2,21,0,23,58,0,58,81
01/30/2017,NQA,TN,ASO,CE,Federal Contract Tower,0,0,18,13,31,0,0,44,2,46,0,0,62,15,77,48,10,58,135
01/31/2017,NQA,TN,ASO,CE,Federal Contract Tower,0,0,29,8,37,0,2,63,0,65,0,2,92,8,102,44,10,54,156
02/01/2017,NQA,TN,ASO,CE,Federal Contract Tower,0,3,21,2,26,0,0,28,0,28,0,3,49,2,54,66,4,70,124
02/02/2017,NQA,TN,ASO,CE,Federal Contract Tower,0,0,15,1,16,0,0,15,0,15,0,0,30,1,31,16,0,16,47
02/03/2017,NQA,TN,ASO,CE,Federal Contract Tower,0,0,21,10,31,0,0,23,0,23,0,0,44,10,54,36,10,46,100
02/04/2017,NQA,TN,ASO,CE,Federal Contract Tower,0,3,11,0,14,0,0,24,0,24,0,3,35,0,38,20,0,20,58
02/05/2017,NQA,TN,ASO,CE,Federal Contract Tower,0,2,9,0,11,0,0,25,0,25,0,2,34,0,36,26,0,26,62
02/06/2017,NQA,TN,ASO,CE,Federal Contract Tower,0,0,2,0,2,0,0,2,1,3,0,0,4,1,5,0,0,0,5
02/07/2017,NQA,TN,ASO,CE,Federal Contract Tower,0,0,3,0,3,0,1,12,0,13,0,1,15,0,16,32,0,32,48
02/08/2017,NQA,TN,ASO,CE,Federal Contract Tower,0,0,3,0,3,0,0,16,0,16,0,0,19,0,19,6,0,6,25
02/09/2017,NQA,TN,ASO,CE,Federal Contract Tower,0,0,16,0,16,0,0,55,0,55,0,0,71,0,71,36,0,36,107
02/10/2017,NQA,TN,ASO,CE,Federal Contract Tower,0,0,13,0,13,0,0,47,2,49,0,0,60,2,62,44,0,44,106
02/11/2017,NQA,TN,ASO,CE,Federal Contract Tower,0,0,6,0,6,0,0,3,2,5,0,0,9,2,11,2,0,2,13
02/12/2017,NQA,TN,ASO,CE,Federal Contract Tower,0,0,4,4,8,0,0,4,0,4,0,0,8,4,12,0,0,0,12
02/13/2017,NQA,TN,ASO,CE,Federal Contract Tower,0,2,14,0,16,0,0,54,0,54,0,2,68,0,70,60,0,60,130
02/14/2017,NQA,TN,ASO,CE,Federal Contract Tower,0,0,15,6,21,0,0,19,0,19,0,0,34,6,40,42,0,42,82
02/15/2017,NQA,TN,ASO,CE,Federal Contract Tower,0,3,11,9,23,0,0,22,0,22,0,3,33,9,45,18,6,24,69
02/16/2017,NQA,TN,ASO,CE,Federal Contract Tower,0,0,38,7,45,0,0,59,0,59,0,0,97,7,104,54,0,54,158
02/17/2017,NQA,TN,ASO,CE,Federal Contract Tower,0,0,12,5,17,0,0,37,0,37,0,0,49,5,54,28,0,28,82
02/18/2017,NQA,TN,ASO,CE,Federal Contract Tower,0,0,12,2,14,0,0,11,0,11,0,0,23,2,25,6,0,6,31
02/19/2017,NQA,TN,ASO,CE,Federal Contract Tower,0,0,17,0,17,0,0,29,0,29,0,0,46,0,46,16,0,16,62
02/20/2017,NQA,TN,ASO,CE,Federal Contract Tower,0,1,22,0,23,0,0,35,0,35,0,1,57,0,58,6,0,6,64
02/21/2017,NQA,TN,ASO,CE,Federal Contract Tower,0,0,9,0,9,0,0,2,0,2,0,0,11,0,11,4,0,4,15
02/22/2017,NQA,TN,ASO,CE,Federal Contract Tower,0,2,22,3,27,0,0,27,0,27,0,2,49,3,54,66,2,68,122
02/23/2017,NQA,TN,ASO,CE,Federal Contract Tower,0,0,18,8,26,0,0,41,4,45,0,0,59,12,71,82,16,98,169
02/24/2017,NQA,TN,ASO,CE,Federal Contract Tower,0,2,5,4,11,0,0,6,1,7,0,2,11,5,18,0,0,0,18
02/25/2017,NQA,TN,ASO,CE,Federal Contract Tower,0,0,10,0,10,0,0,14,0,14,0,0,24,0,24,18,0,18,42
02/26/2017,NQA,TN,ASO,CE,Federal Contract Tower,0,0,18,0,18,0,0,37,0,37,0,0,55,0,55,12,0,12,67
02/27/2017,NQA,TN,ASO,CE,Federal Contract Tower,0,0,35,2,37,0,0,39,0,39,0,0,74,2,76,28,2,30,106
02/28/2017,NQA,TN,ASO,CE,Federal Contract Tower,0,0,4,12,16,0,0,0,0,0,0,0,4,12,16,0,0,0,16
03/01/2017,NQA,TN,ASO,CE,Federal Contract Tower,0,4,2,6,12,0,0,12,2,14,0,4,14,8,26,8,52,60,86
03/02/2017,NQA,TN,ASO,CE,Federal Contract Tower,0,2,15,0,17,0,0,75,0,75,0,2,90,0,92,88,0,88,180
03/03/2017,NQA,TN,ASO,CE,Federal Contract Tower,0,0,12,4,16,0,0,58,0,58,0,0,70,4,74,86,4,90,164
03/04/2017,NQA,TN,ASO,CE,Federal Contract Tower,0,0,8,0,8,0,0,27,0,27,0,0,35,0,35,46,0,46,81
03/05/2017,NQA,TN,ASO,CE,Federal Contract Tower,0,1,15,0,16,0,0,11,0,11,0,1,26,0,27,10,0,10,37
03/06/2017,NQA,TN,ASO,CE,Federal Contract Tower,0,0,7,4,11,0,0,4,1,5,0,0,11,5,16,0,8,8,24
03/07/2017,NQA,TN,ASO,CE,Federal Contract Tower,0,0,7,1,8,0,0,18,2,20,0,0,25,3,28,32,34,66,94
03/08/2017,NQA,TN,ASO,CE,Federal Contract Tower,0,0,19,7,26,0,0,55,0,55,0,0,74,7,81,50,8,58,139
03/09/2017,NQA,TN,ASO,CE,Federal Contract Tower,0,0,25,7,32,0,0,34,2,36,0,0,59,9,68,34,20,54,122
03/10/2017,NQA,TN,ASO,CE,Federal Contract Tower,0,0,9,15,24,0,0,21,0,21,0,0,30,15,45,48,0,48,93
03/11/2017,NQA,TN,ASO,CE,Federal Contract Tower,0,2,9,0,11,0,0,0,0,0,0,2,9,0,11,0,0,0,11
03/12/2017,NQA,TN,ASO,CE,Federal Contract Tower,0,0,10,14,24,0,0,20,0,20,0,0,30,14,44,0,4,4,48
03/13/2017,NQA,TN,ASO,CE,Federal Contract Tower,0,0,3,0,3,0,0,1,0,1,0,0,4,0,4,0,0,0,4
03/14/2017,NQA,TN,ASO,CE,Federal Contract Tower,0,1,3,0,4,0,0,1,0,1,0,1,4,0,5,0,0,0,5
03/15/2017,NQA,TN,ASO,CE,Federal Contract Tower,0,0,14,0,14,0,0,42,0,42,0,0,56,0,56,68,0,68,124
03/16/2017,NQA,TN,ASO,CE,Federal Contract Tower,0,1,11,3,15,0,1,26,4,31,0,2,37,7,46,40,12,52,98
03/17/2017,NQA,TN,ASO,CE,Federal Contract Tower,0,1,7,0,8,0,1,17,0,18,0,2,24,0,26,22,0,22,48
03/18/2017,NQA,TN,ASO,CE,Federal Contract Tower,0,1,8,0,9,0,0,29,0,29,0,1,37,0,38,34,0,34,72
03/19/2017,NQA,TN,ASO,CE,Federal Contract Tower,0,1,10,0,11,0,0,14,0,14,0,1,24,0,25,0,0,0,25
03/20/2017,NQA,TN,ASO,CE,Federal Contract Tower,0,0,8,0,8,0,0,35,0,35,0,0,43,0,43,40,0,40,83
03/21/2017,NQA,TN,ASO,CE,Federal Contract Tower,0,2,8,2,12,0,2,26,0,28,0,4,34,2,40,26,14,40,80
03/22/2017,NQA,TN,ASO,CE,Federal Contract Tower,0,0,8,1,9,0,0,28,1,29,0,0,36,2,38,40,0,40,78
03/23/2017,NQA,TN,ASO,CE,Federal Contract Tower,0,0,14,3,17,0,0,39,1,40,0,0,53,4,57,34,0,34,91
03/24/2017,NQA,TN,ASO,CE,Federal Contract Tower,0,1,11,2,14,0,0,4,1,5,0,1,15,3,19,6,14,20,39
03/25/2017,NQA,TN,ASO,CE,Federal Contract Tower,0,2,6,4,12,0,0,0,0,0,0,2,6,4,12,0,0,0,12
03/26/2017,NQA,TN,ASO,CE,Federal Contract Tower,0,0,18,1,19,0,0,21,2,23,0,0,39,3,42,10,0,10,52
03/27/2017,NQA,TN,ASO,CE,Federal Contract Tower,0,0,3,0,3,0,0,4,0,4,0,0,7,0,7,0,0,0,7
03/28/2017,NQA,TN,ASO,CE,Federal Contract Tower,0,4,19,30,53,0,0,54,3,57,0,4,73,33,110,26,24,50,160
03/29/2017,NQA,TN,ASO,CE,Federal Contract Tower,0,2,14,8,24,0,0,15,1,16,0,2,29,9,40,16,4,20,60
03/30/2017,NQA,TN,ASO,CE,Federal Contract Tower,0,1,7,6,14,0,0,6,0,6,0,1,13,6,20,0,0,0,20
03/31/2017,NQA,TN,ASO,CE,Federal Contract Tower,0,0,18,16,34,0,0,49,8,57,0,0,67,24,91,70,62,132,223
04/01/2017,NQA,TN,ASO,CE,Federal Contract Tower,0,0,18,0,18,0,0,63,0,63,0,0,81,0,81,48,0,48,129
04/02/2017,NQA,TN,ASO,CE,Federal Contract Tower,0,0,18,8,26,0,0,17,3,20,0,0,35,11,46,26,6,32,78
04/03/2017,NQA,TN,ASO,CE,Federal Contract Tower,0,0,8,0,8,0,0,3,1,4,0,0,11,1,12,1,0,1,13
04/04/2017,NQA,TN,ASO,CE,Federal Contract Tower,0,0,14,10,24,0,0,64,0,64,0,0,78,10,88,28,4,32,120
04/05/2017,NQA,TN,ASO,CE,Federal Contract Tower,0,0,11,10,21,0,0,17,0,17,0,0,28,10,38,60,26,86,124
04/06/2017,NQA,TN,ASO,CE,Federal Contract Tower,0,0,11,1,12,0,0,7,1,8,0,0,18,2,20,0,14,14,34
04/07/2017,NQA,TN,ASO,CE,Federal Contract Tower,0,0,20,2,22,0,0,50,0,50,0,0,70,2,72,36,10,46,118
04/08/2017,NQA,TN,ASO,CE,Federal Contract Tower,0,0,10,0,10,0,0,46,0,46,0,0,56,0,56,36,0,36,92
04/09/2017,NQA,TN,ASO,CE,Federal Contract Tower,0,0,13,0,13,0,0,16,0,16,0,0,29,0,29,14,0,14,43
04/10/2017,NQA,TN,ASO,CE,Federal Contract Tower,0,0,17,26,43,0,0,26,0,26,0,0,43,26,69,20,0,20,89
04/11/2017,NQA,TN,ASO,CE,Federal Contract Tower,0,1,13,3,17,0,0,6,3,9,0,1,19,6,26,0,20,20,46
04/12/2017,NQA,TN,ASO,CE,Federal Contract Tower,0,2,16,2,20,0,0,124,1,125,0,2,140,3,145,134,16,150,295
04/13/2017,NQA,TN,ASO,CE,Federal Contract Tower,0,0,29,3,32,0,0,64,0,64,0,0,93,3,96,110,0,110,206
04/14/2017,NQA,TN,ASO,CE,Federal Contract Tower,0,0,18,0,18,0,0,59,0,59,0,0,77,0,77,100,0,100,177
04/15/2017,NQA,TN,ASO,CE,Federal Contract Tower,0,0,12,0,12,0,0,18,0,18,0,0,30,0,30,4,0,4,34
04/16/2017,NQA,TN,ASO,CE,Federal Contract Tower,0,0,9,0,9,0,0,3,0,3,0,0,12,0,12,2,0,2,14
04/17/2017,NQA,TN,ASO,CE,Federal Contract Tower,0,0,6,0,6,0,0,3,0,3,0,0,9,0,9,6,0,6,15
04/18/2017,NQA,TN,ASO,CE,Federal Contract Tower,0,0,9,2,11,0,0,1,0,1,0,0,10,2,12,0,6,6,18
04/19/2017,NQA,TN,ASO,CE,Federal Contract Tower,0,0,19,0,19,0,0,64,0,64,0,0,83,0,83,70,0,70,153
04/20/2017,NQA,TN,ASO,CE,Federal Contract Tower,0,0,10,2,12,0,0,47,0,47,0,0,57,2,59,42,12,54,113
04/21/2017,NQA,TN,ASO,CE,Federal Contract Tower,0,0,6,0,6,0,0,5,0,5,0,0,11,0,11,0,0,0,11
04/22/2017,NQA,TN,ASO,CE,Federal Contract Tower,0,0,6,0,6,0,0,0,0,0,0,0,6,0,6,0,0,0,6
04/23/2017,NQA,TN,ASO,CE,Federal Contract Tower,0,0,24,7,31,0,0,16,4,20,0,0,40,11,51,74,0,74,125
04/24/2017,NQA,TN,ASO,CE,Federal Contract Tower,0,0,17,0,17,0,0,31,0,31,0,0,48,0,48,78,0,78,126
04/25/2017,NQA,TN,ASO,CE,Federal Contract Tower,0,0,20,3,23,0,0,60,2,62,0,0,80,5,85,58,24,82,167
04/26/2017,NQA,TN,ASO,CE,Federal Contract Tower,0,0,11,13,24,0,0,20,1,21,0,0,31,14,45,26,2,28,73
04/27/2017,NQA,TN,ASO,CE,Federal Contract Tower,0,2,17,0,19,0,0,40,0,40,0,2,57,0,59,122,0,122,181
04/28/2017,NQA,TN,ASO,CE,Federal Contract Tower,0,2,10,0,12,0,0,18,0,18,0,2,28,0,30,60,0,60,90
04/29/2017,NQA,TN,ASO,CE,Federal Contract Tower,0,2,4,2,8,0,0,5,0,5,0,2,9,2,13,2,0,2,15
04/30/2017,NQA,TN,ASO,CE,Federal Contract Tower,0,0,3,0,3,0,0,0,0,0,0,0,3,0,3,0,0,0,3
05/01/2017,NQA,TN,ASO,CE,Federal Contract Tower,0,1,13,7,21,0,0,10,5,15,0,1,23,12,36,2,0,2,38
05/02/2017,NQA,TN,ASO,CE,Federal Contract Tower,0,0,11,9,20,0,0,65,0,65,0,0,76,9,85,80,6,86,171
05/03/2017,NQA,TN,ASO,CE,Federal Contract Tower,0,0,6,2,8,0,0,25,0,25,0,0,31,2,33,48,0,48,81
05/04/2017,NQA,TN,ASO,CE,Federal Contract Tower,0,0,7,0,7,0,0,0,1,1,0,0,7,1,8,0,0,0,8
05/05/2017,NQA,TN,ASO,CE,Federal Contract Tower,0,0,7,0,7,0,0,21,4,25,0,0,28,4,32,32,0,32,64
05/06/2017,NQA,TN,ASO,CE,Federal Contract Tower,0,2,7,0,9,0,0,38,0,38,0,2,45,0,47,16,0,16,63
05/07/2017,NQA,TN,ASO,CE,Federal Contract Tower,0,1,15,0,16,0,0,52,0,52,0,1,67,0,68,56,0,56,124
05/08/2017,NQA,TN,ASO,CE,Federal Contract Tower,0,2,4,0,6,0,0,36,2,38,0,2,40,2,44,100,0,100,144
05/09/2017,NQA,TN,ASO,CE,Federal Contract Tower,0,0,3,44,47,0,0,39,4,43,0,0,42,48,90,76,60,136,226
05/10/2017,NQA,TN,ASO,CE,Federal Contract Tower,0,0,20,19,39,0,2,51,5,58,0,2,71,24,97,62,38,100,197
05/11/2017,NQA,TN,ASO,CE,Federal Contract Tower,0,0,10,18,28,0,1,20,1,22,0,1,30,19,50,6,18,24,74
05/12/2017,NQA,TN,ASO,CE,Federal Contract Tower,0,1,1,7,9,0,1,8,8,17,0,2,9,15,26,0,4,4,30
05/13/2017,NQA,TN,ASO,CE,Federal Contract Tower,0,0,8,3,11,0,0,30,4,34,0,0,38,7,45,6,0,6,51
05/14/2017,NQA,TN,ASO,CE,Federal Contract Tower,0,0,0,9,9,0,1,11,0,12,0,1,11,9,21,0,4,4,25
05/15/2017,NQA,TN,ASO,CE,Federal Contract Tower,0,0,7,3,10,0,0,62,1,63,0,0,69,4,73,104,0,104,177
05/16/2017,NQA,TN,ASO,CE,Federal Contract Tower,0,0,5,15,20,0,0,61,2,63,0,0,66,17,83,48,4,52,135
05/17/2017,NQA,TN,ASO,CE,Federal Contract Tower,0,0,21,0,21,0,0,32,0,32,0,0,53,0,53,36,0,36,89
05/18/2017,NQA,TN,ASO,CE,Federal Contract Tower,0,2,11,2,15,0,0,38,0,38,0,2,49,2,53,144,30,174,227
05/19/2017,NQA,TN,ASO,CE,Federal Contract Tower,0,0,1,5,6,0,0,7,0,7,0,0,8,5,13,18,0,18,31
05/20/2017,NQA,TN,ASO,CE,Federal Contract Tower,0,0,10,2,12,0,0,11,0,11,0,0,21,2,23,54,0,54,77
05/21/2017,NQA,TN,ASO,CE,Federal Contract Tower,0,4,19,7,30,0,0,48,2,50,0,4,67,9,80,80,2,82,162
05/22/2017,NQA,TN,ASO,CE,Federal Contract Tower,0,0,9,10,19,0,0,53,1,54,0,0,62,11,73,152,126,278,351
05/23/2017,NQA,TN,ASO,CE,Federal Contract Tower,0,0,24,9,33,0,0,57,1,58,0,0,81,10,91,66,14,80,171
05/24/2017,NQA,TN,ASO,CE,Federal Contract Tower,0,0,11,6,17,0,0,17,1,18,0,0,28,7,35,62,26,88,123
05/25/2017,NQA,TN,ASO,CE,Federal Contract Tower,0,0,31,2,33,0,0,53,1,54,0,0,84,3,87,36,6,42,129
05/26/2017,NQA,TN,ASO,CE,Federal Contract Tower,0,2,14,0,16,0,0,66,0,66,0,2,80,0,82,18,0,18,100
05/27/2017,NQA,TN,ASO,CE,Federal Contract Tower,0,0,7,0,7,0,0,9,0,9,0,0,16,0,16,4,0,4,20
05/28/2017,NQA,TN,ASO,CE,Federal Contract Tower,0,0,1,0,1,0,0,4,0,4,0,0,5,0,5,38,0,38,43
05/29/2017,NQA,TN,ASO,CE,Federal Contract Tower,0,0,17,0,17,0,0,67,0,67,0,0,84,0,84,106,0,106,190
05/30/2017,NQA,TN,ASO,CE,Federal Contract Tower,0,0,12,4,16,0,0,27,0,27,0,0,39,4,43,44,0,44,87
05/31/2017,NQA,TN,ASO,CE,Federal Contract Tower,0,4,23,8,35,0,0,41,1,42,0,4,64,9,77,60,8,68,145
06/01/2017,NQA,TN,ASO,CE,Federal Contract Tower,0,0,7,0,7,0,0,28,2,30,0,0,35,2,37,12,0,12,49
06/02/2017,NQA,TN,ASO,CE,Federal Contract Tower,0,2,15,2,19,0,0,26,0,26,0,2,41,2,45,20,0,20,65
06/03/2017,NQA,TN,ASO,CE,Federal Contract Tower,0,0,6,0,6,0,0,23,0,23,0,0,29,0,29,36,0,36,65
06/04/2017,NQA,TN,ASO,CE,Federal Contract Tower,0,0,8,0,8,0,0,0,0,0,0,0,8,0,8,0,0,0,8
06/05/2017,NQA,TN,ASO,CE,Federal Contract Tower,0,1,1,0,2,0,0,2,0,2,0,1,3,0,4,20,0,20,24
06/06/2017,NQA,TN,ASO,CE,Federal Contract Tower,0,2,10,10,22,0,0,48,1,49,0,2,58,11,71,52,54,106,177
06/07/2017,NQA,TN,ASO,CE,Federal Contract Tower,0,0,20,2,22,0,0,57,2,59,0,0,77,4,81,72,10,82,163
06/08/2017,NQA,TN,ASO,CE,Federal Contract Tower,0,0,8,2,10,0,0,65,0,65,0,0,73,2,75,70,8,78,153
06/09/2017,NQA,TN,ASO,CE,Federal Contract Tower,0,0,14,0,14,0,0,64,0,64,0,0,78,0,78,96,0,96,174
06/10/2017,NQA,TN,ASO,CE,Federal Contract Tower,0,0,10,2,12,0,0,42,0,42,0,0,52,2,54,12,0,12,66
06/11/2017,NQA,TN,ASO,CE,Federal Contract Tower,0,0,6,9,15,0,0,39,4,43,0,0,45,13,58,32,0,32,90
06/12/2017,NQA,TN,ASO,CE,Federal Contract Tower,0,2,5,8,15,0,2,5,12,19,0,4,10,20,34,0,66,66,100
06/13/2017,NQA,TN,ASO,CE,Federal Contract Tower,0,0,6,0,6,0,0,38,10,48,0,0,44,10,54,50,0,50,104
06/14/2017,NQA,TN,ASO,CE,Federal Contract Tower,0,0,22,15,37,0,0,38,20,58,0,0,60,35,95,36,66,102,197
06/15/2017,NQA,TN,ASO,CE,Federal Contract Tower,0,0,2,7,9,0,0,28,0,28,0,0,30,7,37,32,20,52,89
06/16/2017,NQA,TN,ASO,CE,Federal Contract Tower,0,0,5,10,15,0,0,26,0,26,0,0,31,10,41,54,0,54,95
06/17/2017,NQA,TN,ASO,CE,Federal Contract Tower,0,0,14,0,14,0,0,22,0,22,0,0,36,0,36,62,0,62,98
06/18/2017,NQA,TN,ASO,CE,Federal Contract Tower,0,0,5,0,5,0,0,8,0,8,0,0,13,0,13,18,0,18,31
06/19/2017,NQA,TN,ASO,CE,Federal Contract Tower,0,0,7,1,8,0,0,54,1,55,0,0,61,2,63,108,12,120,183
06/20/2017,NQA,TN,ASO,CE,Federal Contract Tower,0,0,11,4,15,0,0,85,4,89,0,0,96,8,104,112,48,160,264
06/21/2017,NQA,TN,ASO,CE,Federal Contract Tower,0,0,10,10,20,0,0,53,4,57,0,0,63,14,77,66,144,210,287
06/22/2017,NQA,TN,ASO,CE,Federal Contract Tower,0,0,3,10,13,0,0,3,0,3,0,0,6,10,16,0,0,0,16
06/23/2017,NQA,TN,ASO,CE,Federal Contract Tower,0,0,1,0,1,0,0,0,0,0,0,0,1,0,1,0,0,0,1
06/24/2017,NQA,TN,ASO,CE,Federal Contract Tower,0,0,16,0,16,0,0,29,0,29,0,0,45,0,45,8,0,8,53
06/25/2017,NQA,TN,ASO,CE,Federal Contract Tower,0,1,7,0,8,0,0,36,0,36,0,1,43,0,44,42,0,42,86
06/26/2017,NQA,TN,ASO,CE,Federal Contract Tower,0,0,16,8,24,0,0,35,0,35,0,0,51,8,59,100,2,102,161
06/27/2017,NQA,TN,ASO,CE,Federal Contract Tower,0,4,21,4,29,0,0,50,3,53,0,4,71,7,82,130,16,146,228
06/28/2017,NQA,TN,ASO,CE,Federal Contract Tower,0,0,13,6,19,0,0,35,1,36,0,0,48,7,55,34,6,40,95
06/29/2017,NQA,TN,ASO,CE,Federal Contract Tower,0,2,21,20,43,0,0,24,4,28,0,2,45,24,71,38,116,154,225
06/30/2017,NQA,TN,ASO,CE,Federal Contract Tower,0,0,8,0,8,0,0,19,0,19,0,0,27,0,27,22,0,22,49
07/01/2017,NQA,TN,ASO,CE,Federal Contract Tower,0,0,10,0,10,0,1,25,0,26,0,1,35,0,36,36,0,36,72
07/02/2017,NQA,TN,ASO,CE,Federal Contract Tower,0,0,8,0,8,0,0,15,0,15,0,0,23,0,23,10,0,10,33
07/03/2017,NQA,TN,ASO,CE,Federal Contract Tower,0,0,10,0,10,0,0,19,0,19,0,0,29,0,29,58,0,58,87
07/04/2017,NQA,TN,ASO,CE,Federal Contract Tower,0,0,4,0,4,0,0,8,0,8,0,0,12,0,12,8,0,8,20
07/05/2017,NQA,TN,ASO,CE,Federal Contract Tower,0,1,9,0,10,0,0,6,0,6,0,1,15,0,16,4,0,4,20
07/06/2017,NQA,TN,ASO,CE,Federal Contract Tower,0,0,12,0,12,0,0,19,0,19,0,0,31,0,31,108,0,108,139
07/07/2017,NQA,TN,ASO,CE,Federal Contract Tower,0,0,21,6,27,0,0,39,0,39,0,0,60,6,66,72,0,72,138
07/08/2017,NQA,TN,ASO,CE,Federal Contract Tower,0,0,4,0,4,0,0,46,0,46,0,0,50,0,50,28,0,28,78
07/09/2017,NQA,TN,ASO,CE,Federal Contract Tower,0,0,11,0,11,0,0,29,0,29,0,0,40,0,40,40,0,40,80
07/10/2017,NQA,TN,ASO,CE,Federal Contract Tower,0,0,9,6,15,0,1,53,0,54,0,1,62,6,69,92,0,92,161
07/11/2017,NQA,TN,ASO,CE,Federal Contract Tower,0,4,15,4,23,0,0,57,2,59,0,4,72,6,82,50,8,58,140
07/12/2017,NQA,TN,ASO,CE,Federal Contract Tower,0,2,10,9,21,0,0,37,2,39,0,2,47,11,60,88,64,152,212
07/13/2017,NQA,TN,ASO,CE,Federal Contract Tower,0,2,21,12,35,0,0,26,5,31,0,2,47,17,66,48,82,130,196
07/14/2017,NQA,TN,ASO,CE,Federal Contract Tower,0,3,4,4,11,0,0,36,1,37,0,3,40,5,48,54,0,54,102
07/15/2017,NQA,TN,ASO,CE,Federal Contract Tower,0,0,14,2,16,0,0,41,2,43,0,0,55,4,59,36,0,36,95
07/16/2017,NQA,TN,ASO,CE,Federal Contract Tower,0,2,4,8,14,0,0,18,0,18,0,2,22,8,32,12,0,12,44
07/17/2017,NQA,TN,ASO,CE,Federal Contract Tower,0,0,14,14,28,0,0,35,6,41,0,0,49,20,69,66,138,204,273
07/18/2017,NQA,TN,ASO,CE,Federal Contract Tower,0,0,17,2,19,0,0,43,0,43,0,0,60,2,62,26,0,26,88
07/19/2017,NQA,TN,ASO,CE,Federal Contract Tower,0,0,9,4,13,0,0,52,1,53,0,0,61,5,66,12,14,26,92
07/20/2017,NQA,TN,ASO,CE,Federal Contract Tower,0,0,2,3,5,0,0,8,0,8,0,0,10,3,13,0,12,12,25
07/21/2017,NQA,TN,ASO,CE,Federal Contract Tower,0,0,7,1,8,0,0,19,0,19,0,0,26,1,27,28,0,28,55
07/22/2017,NQA,TN,ASO,CE,Federal Contract Tower,0,0,5,0,5,0,0,26,6,32,0,0,31,6,37,10,0,10,47
07/23/2017,NQA,TN,ASO,CE,Federal Contract Tower,0,0,12,2,14,0,0,12,0,12,0,0,24,2,26,30,0,30,56
07/24/2017,NQA,TN,ASO,CE,Federal Contract Tower,0,0,2,0,2,0,0,20,0,20,0,0,22,0,22,50,0,50,72
07/25/2017,NQA,TN,ASO,CE,Federal Contract Tower,0,1,12,22,35,0,0,31,5,36,0,1,43,27,71,62,96,158,229
07/26/2017,NQA,TN,ASO,CE,Federal Contract Tower,0,0,15,2,17,0,0,39,2,41,0,0,54,4,58,62,32,94,152
07/27/2017,NQA,TN,ASO,CE,Federal Contract Tower,0,0,6,0,6,0,0,13,0,13,0,0,19,0,19,48,0,48,67
07/28/2017,NQA,TN,ASO,CE,Federal Contract Tower,0,4,5,0,9,0,0,13,0,13,0,4,18,0,22,34,0,34,56
07/29/2017,NQA,TN,ASO,CE,Federal Contract Tower,0,2,5,0,7,0,0,32,0,32,0,2,37,0,39,36,0,36,75
07/30/2017,NQA,TN,ASO,CE,Federal Contract Tower,0,0,5,2,7,0,0,36,0,36,0,0,41,2,43,52,0,52,95
07/31/2017,NQA,TN,ASO,CE,Federal Contract Tower,0,1,6,0,7,0,0,25,0,25,0,1,31,0,32,78,0,78,110
08/01/2017,NQA,TN,ASO,CE,Federal Contract Tower,0,1,6,2,9,0,0,34,3,37,0,1,40,5,46,110,48,158,204
08/02/2017,NQA,TN,ASO,CE,Federal Contract Tower,0,0,9,0,9,0,0,49,0,49,0,0,58,0,58,84,0,84,142
08/03/2017,NQA,TN,ASO,CE,Federal Contract Tower,0,0,10,0,10,0,0,30,0,30,0,0,40,0,40,66,0,66,106
08/04/2017,NQA,TN,ASO,CE,Federal Contract Tower,0,0,7,12,19,0,0,21,0,21,0,0,28,12,40,98,32,130,170
08/05/2017,NQA,TN,ASO,CE,Federal Contract Tower,0,0,5,0,5,0,0,30,0,30,0,0,35,0,35,48,0,48,83
08/06/2017,NQA,TN,ASO,CE,Federal Contract Tower,0,0,2,0,2,0,0,5,0,5,0,0,7,0,7,4,0,4,11
08/07/2017,NQA,TN,ASO,CE,Federal Contract Tower,0,0,13,0,13,0,0,15,0,15,0,0,28,0,28,64,0,64,92
08/08/2017,NQA,TN,ASO,CE,Federal Contract Tower,0,0,13,8,21,0,0,35,6,41,0,0,48,14,62,64,126,190,252
08/09/2017,NQA,TN,ASO,CE,Federal Contract Tower,0,0,8,11,19,0,0,33,7,40,0,0,41,18,59,28,104,132,191
08/10/2017,NQA,TN,ASO,CE,Federal Contract Tower,0,2,10,10,22,0,0,43,2,45,0,2,53,12,67,60,76,136,203
08/11/2017,NQA,TN,ASO,CE,Federal Contract Tower,0,2,3,0,5,0,0,18,0,18,0,2,21,0,23,32,0,32,55
08/12/2017,NQA,TN,ASO,CE,Federal Contract Tower,0,0,15,0,15,0,0,12,0,12,0,0,27,0,27,28,0,28,55
08/13/2017,NQA,TN,ASO,CE,Federal Contract Tower,0,0,13,0,13,0,0,21,0,21,0,0,34,0,34,56,0,56,90
08/14/2017,NQA,TN,ASO,CE,Federal Contract Tower,0,0,9,0,9,0,0,2,0,2,0,0,11,0,11,0,0,0,11
08/15/2017,NQA,TN,ASO,CE,Federal Contract Tower,0,0,14,2,16,0,0,26,0,26,0,0,40,2,42,62,0,62,104
08/16/2017,NQA,TN,ASO,CE,Federal Contract Tower,0,0,23,8,31,0,0,36,0,36,0,0,59,8,67,64,0,64,131
08/17/2017,NQA,TN,ASO,CE,Federal Contract Tower,0,0,8,1,9,0,1,17,4,22,0,1,25,5,31,26,0,26,57
08/18/2017,NQA,TN,ASO,CE,Federal Contract Tower,0,1,7,38,46,0,0,56,3,59,0,1,63,41,105,70,8,78,183
08/19/2017,NQA,TN,ASO,CE,Federal Contract Tower,0,1,4,6,11,0,0,52,0,52,0,1,56,6,63,50,20,70,133
08/20/2017,NQA,TN,ASO,CE,Federal Contract Tower,0,2,16,5,23,0,0,31,0,31,0,2,47,5,54,18,0,18,72
08/21/2017,NQA,TN,ASO,CE,Federal Contract Tower,0,0,10,4,14,0,0,41,3,44,0,0,51,7,58,46,24,70,128
08/22/2017,NQA,TN,ASO,CE,Federal Contract Tower,0,0,8,1,9,0,0,23,1,24,0,0,31,2,33,24,0,24,57
08/23/2017,NQA,TN,ASO,CE,Federal Contract Tower,0,0,7,6,13,0,0,27,5,32,0,0,34,11,45,34,82,116,161
08/24/2017,NQA,TN,ASO,CE,Federal Contract Tower,0,4,11,0,15,0,0,37,0,37,0,4,48,0,52,10,0,10,62
08/25/2017,NQA,TN,ASO,CE,Federal Contract Tower,0,0,8,0,8,0,0,34,0,34,0,0,42,0,42,8,0,8,50
08/26/2017,NQA,TN,ASO,CE,Federal Contract Tower,0,0,13,0,13,0,2,99,0,101,0,2,112,0,114,54,0,54,168
08/27/2017,NQA,TN,ASO,CE,Federal Contract Tower,0,0,9,5,14,0,0,46,0,46,0,0,55,5,60,18,0,18,78
08/28/2017,NQA,TN,ASO,CE,Federal Contract Tower,0,0,2,4,6,0,0,13,3,16,0,0,15,7,22,52,26,78,100
08/29/2017,NQA,TN,ASO,CE,Federal Contract Tower,0,0,17,6,23,0,0,51,6,57,0,0,68,12,80,72,58,130,210
08/30/2017,NQA,TN,ASO,CE,Federal Contract Tower,0,0,13,0,13,0,0,32,0,32,0,0,45,0,45,34,0,34,79
08/31/2017,NQA,TN,ASO,CE,Federal Contract Tower,0,0,2,0,2,0,0,0,0,0,0,0,2,0,2,0,0,0,2
09/01/2017,NQA,TN,ASO,CE,Federal Contract Tower,0,0,10,0,10,0,0,41,0,41,0,0,51,0,51,38,0,38,89
09/02/2017,NQA,TN,ASO,CE,Federal Contract Tower,0,1,9,0,10,0,0,26,0,26,0,1,35,0,36,56,0,56,92
09/03/2017,NQA,TN,ASO,CE,Federal Contract Tower,0,0,5,0,5,0,1,13,0,14,0,1,18,0,19,4,0,4,23
09/04/2017,NQA,TN,ASO,CE,Federal Contract Tower,0,0,12,0,12,0,0,32,0,32,0,0,44,0,44,0,0,0,44
09/05/2017,NQA,TN,ASO,CE,Federal Contract Tower,0,0,8,18,26,0,0,18,0,18,0,0,26,18,44,8,40,48,92
09/06/2017,NQA,TN,ASO,CE,Federal Contract Tower,0,5,18,4,27,0,1,37,1,39,0,6,55,5,66,78,8,86,152
09/07/2017,NQA,TN,ASO,CE,Federal Contract Tower,0,2,12,16,30,0,0,47,0,47,0,2,59,16,77,68,0,68,145
09/08/2017,NQA,TN,ASO,CE,Federal Contract Tower,0,2,17,17,36,0,0,48,0,48,0,2,65,17,84,126,0,126,210
09/09/2017,NQA,TN,ASO,CE,Federal Contract Tower,0,0,7,2,9,0,0,32,0,32,0,0,39,2,41,14,0,14,55
09/10/2017,NQA,TN,ASO,CE,Federal Contract Tower,0,2,7,0,9,0,0,35,2,37,0,2,42,2,46,18,0,18,64
09/11/2017,NQA,TN,ASO,CE,Federal Contract Tower,0,0,4,2,6,0,0,31,1,32,0,0,35,3,38,52,38,90,128
09/12/2017,NQA,TN,ASO,CE,Federal Contract Tower,0,0,1,0,1,0,0,0,0,0,0,0,1,0,1,0,0,0,1
09/13/2017,NQA,TN,ASO,CE,Federal Contract Tower,0,2,10,19,31,0,0,5,0,5,0,2,15,19,36,18,10,28,64
09/14/2017,NQA,TN,ASO,CE,Federal Contract Tower,0,1,9,13,23,0,0,75,3,78,0,1,84,16,101,56,12,68,169
09/15/2017,NQA,TN,ASO,CE,Federal Contract Tower,0,3,7,12,22,0,0,95,4,99,0,3,102,16,121,14,40,54,175
09/16/2017,NQA,TN,ASO,CE,Federal Contract Tower,0,0,21,0,21,0,0,78,2,80,0,0,99,2,101,60,0,60,161
09/17/2017,NQA,TN,ASO,CE,Federal Contract Tower,0,0,23,13,36,0,0,32,3,35,0,0,55,16,71,94,38,132,203
09/18/2017,NQA,TN,ASO,CE,Federal Contract Tower,0,2,7,8,17,0,0,47,0,47,0,2,54,8,64,70,0,70,134
09/19/2017,NQA,TN,ASO,CE,Federal Contract Tower,0,0,14,1,15,0,0,20,3,23,0,0,34,4,38,30,38,68,106
09/20/2017,NQA,TN,ASO,CE,Federal Contract Tower,0,0,10,8,18,0,0,32,1,33,0,0,42,9,51,126,30,156,207
09/21/2017,NQA,TN,ASO,CE,Federal Contract Tower,0,1,19,9,29,0,1,41,1,43,0,2,60,10,72,44,34,78,150
09/22/2017,NQA,TN,ASO,CE,Federal Contract Tower,0,2,7,2,11,0,0,44,0,44,0,2,51,2,55,38,0,38,93
09/23/2017,NQA,TN,ASO,CE,Federal Contract Tower,0,0,2,11,13,0,0,31,0,31,0,0,33,11,44,52,0,52,96
09/24/2017,NQA,TN,ASO,CE,Federal Contract Tower,0,0,10,0,10,0,0,16,0,16,0,0,26,0,26,4,0,4,30
09/25/2017,NQA,TN,ASO,CE,Federal Contract Tower,0,0,2,0,2,0,0,19,0,19,0,0,21,0,21,56,0,56,77
09/26/2017,NQA,TN,ASO,CE,Federal Contract Tower,0,0,7,10,17,0,0,26,0,26,0,0,33,10,43,80,24,104,147
09/27/2017,NQA,TN,ASO,CE,Federal Contract Tower,0,0,4,9,13,0,0,22,3,25,0,0,26,12,38,12,26,38,76
09/28/2017,NQA,TN,ASO,CE,Federal Contract Tower,0,0,10,4,14,0,0,25,0,25,0,0,35,4,39,32,0,32,71
09/29/2017,NQA,TN,ASO,CE,Federal Contract Tower,0,1,9,5,15,0,0,32,2,34,0,1,41,7,49,26,4,30,79
09/30/2017,NQA,TN,ASO,CE,Federal Contract Tower,0,0,12,6,18,0,0,38,1,39,0,0,50,7,57,62,12,74,131
10/01/2017,NQA,TN,ASO,CE,Federal Contract Tower,0,0,9,6,15,0,0,12,0,12,0,0,21,6,27,0,0,0,27
10/02/2017,NQA,TN,ASO,CE,Federal Contract Tower,0,2,9,0,11,0,2,11,0,13,0,4,20,0,24,20,0,20,44
10/03/2017,NQA,TN,ASO,CE,Federal Contract Tower,0,2,6,2,10,0,0,33,0,33,0,2,39,2,43,38,0,38,81
10/04/2017,NQA,TN,ASO,CE,Federal Contract Tower,0,3,20,23,46,0,0,39,5,44,0,3,59,28,90,38,10,48,138
10/05/2017,NQA,TN,ASO,CE,Federal Contract Tower,0,0,16,6,22,0,0,40,0,40,0,0,56,6,62,22,54,76,138
10/06/2017,NQA,TN,ASO,CE,Federal Contract Tower,0,0,9,2,11,0,0,40,0,40,0,0,49,2,51,50,0,50,101
10/07/2017,NQA,TN,ASO,CE,Federal Contract Tower,0,1,6,2,9,0,4,23,1,28,0,5,29,3,37,26,2,28,65
10/08/2017,NQA,TN,ASO,CE,Federal Contract Tower,0,0,18,0,18,0,10,0,0,10,0,10,18,0,28,4,0,4,32
10/09/2017,NQA,TN,ASO,CE,Federal Contract Tower,0,0,12,0,12,0,0,29,0,29,0,0,41,0,41,8,0,8,49
10/10/2017,NQA,TN,ASO,CE,Federal Contract Tower,0,2,9,6,17,0,0,9,0,9,0,2,18,6,26,4,8,12,38
10/11/2017,NQA,TN,ASO,CE,Federal Contract Tower,0,2,13,0,15,0,0,24,0,24,0,2,37,0,39,42,0,42,81
10/12/2017,NQA,TN,ASO,CE,Federal Contract Tower,0,2,16,0,18,0,0,17,0,17,0,2,33,0,35,48,0,48,83
10/13/2017,NQA,TN,ASO,CE,Federal Contract Tower,0,1,9,2,12,0,0,44,2,46,0,1,53,4,58,24,0,24,82
10/14/2017,NQA,TN,ASO,CE,Federal Contract Tower,0,1,9,0,10,0,0,34,0,34,0,1,43,0,44,34,0,34,78
10/15/2017,NQA,TN,ASO,CE,Federal Contract Tower,0,2,4,1,7,0,0,7,0,7,0,2,11,1,14,0,0,0,14
10/16/2017,NQA,TN,ASO,CE,Federal Contract Tower,0,1,6,0,7,0,0,41,0,41,0,1,47,0,48,38,0,38,86
10/17/2017,NQA,TN,ASO,CE,Federal Contract Tower,0,1,4,0,5,0,1,28,0,29,0,2,32,0,34,48,0,48,82
10/18/2017,NQA,TN,ASO,CE,Federal Contract Tower,0,2,17,2,21,0,0,61,0,61,0,2,78,2,82,34,0,34,116
10/19/2017,NQA,TN,ASO,CE,Federal Contract Tower,0,1,14,0,15,0,0,30,0,30,0,1,44,0,45,58,0,58,103
10/20/2017,NQA,TN,ASO,CE,Federal Contract Tower,0,2,15,10,27,0,0,39,0,39,0,2,54,10,66,54,6,60,126
10/21/2017,NQA,TN,ASO,CE,Federal Contract Tower,0,0,15,0,15,0,0,36,0,36,0,0,51,0,51,18,0,18,69
10/22/2017,NQA,TN,ASO,CE,Federal Contract Tower,0,0,3,2,5,0,0,2,0,2,0,0,5,2,7,2,0,2,9
10/23/2017,NQA,TN,ASO,CE,Federal Contract Tower,0,0,12,0,12,0,0,23,0,23,0,0,35,0,35,30,0,30,65
10/24/2017,NQA,TN,ASO,CE,Federal Contract Tower,0,1,8,7,16,0,2,7,0,9,0,3,15,7,25,18,0,18,43
10/25/2017,NQA,TN,ASO,CE,Federal Contract Tower,0,2,6,4,12,0,0,31,6,37,0,2,37,10,49,52,4,56,105
10/26/2017,NQA,TN,ASO,CE,Federal Contract Tower,0,0,6,2,8,0,0,51,7,58,0,0,57,9,66,40,8,48,114
10/27/2017,NQA,TN,ASO,CE,Federal Contract Tower,0,1,7,2,10,0,0,8,2,10,0,1,15,4,20,22,0,22,42
10/28/2017,NQA,TN,ASO,CE,Federal Contract Tower,0,0,13,0,13,0,0,26,0,26,0,0,39,0,39,42,0,42,81
10/29/2017,NQA,TN,ASO,CE,Federal Contract Tower,0,4,1,4,9,0,0,13,0,13,0,4,14,4,22,0,0,0,22
10/30/2017,NQA,TN,ASO,CE,Federal Contract Tower,0,0,5,1,6,0,0,23,4,27,0,0,28,5,33,32,4,36,69
10/31/2017,NQA,TN,ASO,CE,Federal Contract Tower,0,0,4,2,6,0,4,29,0,33,0,4,33,2,39,90,0,90,129
11/01/2017,NQA,TN,ASO,CE,Federal Contract Tower,0,1,5,10,16,0,0,1,2,3,0,1,6,12,19,0,8,8,27
11/02/2017,NQA,TN,ASO,CE,Federal Contract Tower,4,1,3,4,12,0,0,5,2,7,4,1,8,6,19,10,6,16,35
11/03/2017,NQA,TN,ASO,CE,Federal Contract Tower,0,0,2,0,2,0,0,0,0,0,0,0,2,0,2,0,0,0,2
11/04/2017,NQA,TN,ASO,CE,Federal Contract Tower,0,0,10,2,12,0,0,4,0,4,0,0,14,2,16,18,0,18,34
11/05/2017,NQA,TN,ASO,CE,Federal Contract Tower,0,1,12,2,15,0,0,12,0,12,0,1,24,2,27,18,0,18,45
11/06/2017,NQA,TN,ASO,CE,Federal Contract Tower,0,1,5,0,6,0,0,1,0,1,0,1,6,0,7,0,0,0,7
11/07/2017,NQA,TN,ASO,CE,Federal Contract Tower,0,0,14,0,14,0,0,0,0,0,0,0,14,0,14,0,0,0,14
11/08/2017,NQA,TN,ASO,CE,Federal Contract Tower,0,0,11,0,11,0,4,14,0,18,0,4,25,0,29,20,0,20,49
11/09/2017,NQA,TN,ASO,CE,Federal Contract Tower,0,0,22,0,22,0,0,51,0,51,0,0,73,0,73,74,0,74,147
11/10/2017,NQA,TN,ASO,CE,Federal Contract Tower,0,2,16,0,18,0,0,40,0,40,0,2,56,0,58,72,0,72,130
11/11/2017,NQA,TN,ASO,CE,Federal Contract Tower,0,0,10,0,10,0,0,34,0,34,0,0,44,0,44,34,0,34,78
11/12/2017,NQA,TN,ASO,CE,Federal Contract Tower,0,0,17,0,17,0,0,16,0,16,0,0,33,0,33,36,0,36,69
11/13/2017,NQA,TN,ASO,CE,Federal Contract Tower,0,0,14,2,16,0,0,40,0,40,0,0,54,2,56,110,0,110,166
11/14/2017,NQA,TN,ASO,CE,Federal Contract Tower,0,0,2,0,2,0,2,47,0,49,0,2,49,0,51,106,0,106,157
11/15/2017,NQA,TN,ASO,CE,Federal Contract Tower,0,2,9,4,15,0,0,12,2,14,0,2,21,6,29,4,0,4,33
11/16/2017,NQA,TN,ASO,CE,Federal Contract Tower,0,1,19,0,20,0,1,33,0,34,0,2,52,0,54,102,0,102,156
11/17/2017,NQA,TN,ASO,CE,Federal Contract Tower,0,0,20,12,32,0,0,27,1,28,0,0,47,13,60,58,16,74,134
11/18/2017,NQA,TN,ASO,CE,Federal Contract Tower,0,2,4,0,6,0,0,0,1,1,0,2,4,1,7,0,0,0,7
11/19/2017,NQA,TN,ASO,CE,Federal Contract Tower,8,0,16,0,24,0,0,10,0,10,8,0,26,0,34,6,0,6,40
11/20/2017,NQA,TN,ASO,CE,Federal Contract Tower,0,0,22,0,22,0,0,33,0,33,0,0,55,0,55,34,0,34,89
11/21/2017,NQA,TN,ASO,CE,Federal Contract Tower,0,2,18,9,29,0,0,29,1,30,0,2,47,10,59,56,2,58,117
11/22/2017,NQA,TN,ASO,CE,Federal Contract Tower,0,0,19,0,19,0,0,36,0,36,0,0,55,0,55,28,0,28,83
11/23/2017,NQA,TN,ASO,CE,Federal Contract Tower,0,0,3,0,3,0,0,15,0,15,0,0,18,0,18,14,0,14,32
11/24/2017,NQA,TN,ASO,CE,Federal Contract Tower,0,0,17,0,17,0,0,33,0,33,0,0,50,0,50,58,0,58,108
11/25/2017,NQA,TN,ASO,CE,Federal Contract Tower,0,0,19,0,19,0,0,23,0,23,0,0,42,0,42,42,0,42,84
11/26/2017,NQA,TN,ASO,CE,Federal Contract Tower,0,0,19,0,19,0,0,32,0,32,0,0,51,0,51,2,0,2,53
11/27/2017,NQA,TN,ASO,CE,Federal Contract Tower,0,0,11,0,11,0,0,46,0,46,0,0,57,0,57,54,0,54,111
11/28/2017,NQA,TN,ASO,CE,Federal Contract Tower,0,0,8,0,8,0,0,53,0,53,0,0,61,0,61,100,0,100,161
11/29/2017,NQA,TN,ASO,CE,Federal Contract Tower,0,0,10,0,10,0,0,28,0,28,0,0,38,0,38,68,0,68,106
11/30/2017,NQA,TN,ASO,CE,Federal Contract Tower,0,1,12,3,16,0,0,15,6,21,0,1,27,9,37,44,6,50,87
12/01/2017,NQA,TN,ASO,CE,Federal Contract Tower,0,0,5,2,7,0,0,37,0,37,0,0,42,2,44,26,0,26,70
12/02/2017,NQA,TN,ASO,CE,Federal Contract Tower,0,2,6,0,8,0,0,34,0,34,0,2,40,0,42,12,0,12,54
12/03/2017,NQA,TN,ASO,CE,Federal Contract Tower,0,0,7,2,9,0,0,22,0,22,0,0,29,2,31,18,0,18,49
12/04/2017,NQA,TN,ASO,CE,Federal Contract Tower,0,0,10,3,13,0,0,17,0,17,0,0,27,3,30,6,36,42,72
12/05/2017,NQA,TN,ASO,CE,Federal Contract Tower,0,0,6,26,32,0,0,10,1,11,0,0,16,27,43,18,6,24,67
12/06/2017,NQA,TN,ASO,CE,Federal Contract Tower,0,4,6,2,12,0,0,42,0,42,0,4,48,2,54,56,14,70,124
12/07/2017,NQA,TN,ASO,CE,Federal Contract Tower,0,3,8,12,23,1,0,13,1,15,1,3,21,13,38,42,20,62,100
12/08/2017,NQA,TN,ASO,CE,Federal Contract Tower,4,3,7,9,23,0,0,24,1,25,4,3,31,10,48,16,10,26,74
12/09/2017,NQA,TN,ASO,CE,Federal Contract Tower,0,0,12,0,12,0,0,12,0,12,0,0,24,0,24,4,0,4,28
12/10/2017,NQA,TN,ASO,CE,Federal Contract Tower,0,0,10,12,22,0,0,11,0,11,0,0,21,12,33,0,0,0,33
12/11/2017,NQA,TN,ASO,CE,Federal Contract Tower,0,2,13,2,17,0,0,24,0,24,0,2,37,2,41,74,0,74,115
12/12/2017,NQA,TN,ASO,CE,Federal Contract Tower,0,0,7,2,9,0,0,17,2,19,0,0,24,4,28,28,14,42,70
12/13/2017,NQA,TN,ASO,CE,Federal Contract Tower,0,0,7,10,17,0,0,23,5,28,0,0,30,15,45,46,10,56,101
12/14/2017,NQA,TN,ASO,CE,Federal Contract Tower,0,2,18,4,24,0,0,39,3,42,0,2,57,7,66,68,6,74,140
12/15/2017,NQA,TN,ASO,CE,Federal Contract Tower,0,0,7,6,13,0,0,44,0,44,0,0,51,6,57,48,0,48,105
12/16/2017,NQA,TN,ASO,CE,Federal Contract Tower,0,0,8,4,12,0,0,13,0,13,0,0,21,4,25,16,0,16,41
12/17/2017,NQA,TN,ASO,CE,Federal Contract Tower,0,2,7,0,9,0,0,0,0,0,0,2,7,0,9,0,0,0,9
12/18/2017,NQA,TN,ASO,CE,Federal Contract Tower,0,1,10,0,11,0,0,1,0,1,0,1,11,0,12,0,0,0,12
12/19/2017,NQA,TN,ASO,CE,Federal Contract Tower,0,3,0,0,3,0,0,0,0,0,0,3,0,0,3,0,0,0,3
12/20/2017,NQA,TN,ASO,CE,Federal Contract Tower,0,2,5,0,7,0,0,0,0,0,0,2,5,0,7,0,0,0,7
12/21/2017,NQA,TN,ASO,CE,Federal Contract Tower,0,0,12,0,12,0,0,0,2,2,0,0,12,2,14,0,0,0,14
12/22/2017,NQA,TN,ASO,CE,Federal Contract Tower,0,1,0,0,1,0,0,0,0,0,0,1,0,0,1,0,0,0,1
12/23/2017,NQA,TN,ASO,CE,Federal Contract Tower,0,0,1,0,1,0,0,5,0,5,0,0,6,0,6,6,0,6,12
12/24/2017,NQA,TN,ASO,CE,Federal Contract Tower,0,0,3,0,3,0,0,0,0,0,0,0,3,0,3,0,0,0,3
12/25/2017,NQA,TN,ASO,CE,Federal Contract Tower,0,0,2,0,2,0,0,1,0,1,0,0,3,0,3,0,0,0,3
12/26/2017,NQA,TN,ASO,CE,Federal Contract Tower,0,1,15,0,16,0,0,26,0,26,0,1,41,0,42,30,0,30,72
12/27/2017,NQA,TN,ASO,CE,Federal Contract Tower,0,0,16,2,18,0,0,16,3,19,0,0,32,5,37,20,12,32,69
12/28/2017,NQA,TN,ASO,CE,Federal Contract Tower,0,1,13,2,16,0,2,11,0,13,0,3,24,2,29,8,2,10,39
12/29/2017,NQA,TN,ASO,CE,Federal Contract Tower,0,0,5,3,8,0,2,31,2,35,0,2,36,5,43,50,6,56,99
12/30/2017,NQA,TN,ASO,CE,Federal Contract Tower,0,0,4,0,4,0,0,21,0,21,0,0,25,0,25,32,0,32,57
12/31/2017,NQA,TN,ASO,CE,Federal Contract Tower,0,0,0,0,0,0,0,0,0,0,0,0,0,0,0,0,0,0,0
01/01/2018,NQA,TN,ASO,CE,Federal Contract Tower,0,0,9,0,9,0,0,5,0,5,0,0,14,0,14,0,0,0,14
01/02/2018,NQA,TN,ASO,CE,Federal Contract Tower,0,2,20,0,22,0,0,27,3,30,0,2,47,3,52,60,0,60,112
01/03/2018,NQA,TN,ASO,CE,Federal Contract Tower,0,0,7,1,8,0,0,27,0,27,0,0,34,1,35,72,0,72,107
01/04/2018,NQA,TN,ASO,CE,Federal Contract Tower,0,1,11,0,12,0,0,21,0,21,0,1,32,0,33,16,0,16,49
01/05/2018,NQA,TN,ASO,CE,Federal Contract Tower,0,1,8,2,11,0,0,26,0,26,0,1,34,2,37,20,0,20,57
01/06/2018,NQA,TN,ASO,CE,Federal Contract Tower,0,0,8,0,8,0,0,31,0,31,0,0,39,0,39,72,0,72,111
01/07/2018,NQA,TN,ASO,CE,Federal Contract Tower,0,1,9,2,12,0,2,18,0,20,0,3,27,2,32,8,0,8,40
01/08/2018,NQA,TN,ASO,CE,Federal Contract Tower,0,0,9,0,9,0,0,0,0,0,0,0,9,0,9,0,0,0,9
01/09/2018,NQA,TN,ASO,CE,Federal Contract Tower,0,2,9,2,13,0,0,0,0,0,0,2,9,2,13,0,0,0,13
01/10/2018,NQA,TN,ASO,CE,Federal Contract Tower,0,0,16,2,18,0,0,0,0,0,0,0,16,2,18,0,0,0,18
01/11/2018,NQA,TN,ASO,CE,Federal Contract Tower,0,1,4,8,13,0,0,0,1,1,0,1,4,9,14,0,2,2,16
01/12/2018,NQA,TN,ASO,CE,Federal Contract Tower,0,0,0,0,0,0,0,0,0,0,0,0,0,0,0,0,0,0,0
01/13/2018,NQA,TN,ASO,CE,Federal Contract Tower,0,0,0,0,0,0,0,2,0,2,0,0,2,0,2,0,0,0,2
01/14/2018,NQA,TN,ASO,CE,Federal Contract Tower,0,0,4,0,4,0,0,5,6,11,0,0,9,6,15,0,0,0,15
01/15/2018,NQA,TN,ASO,CE,Federal Contract Tower,0,1,7,0,8,0,0,23,0,23,0,1,30,0,31,6,0,6,37
01/16/2018,NQA,TN,ASO,CE,Federal Contract Tower,0,2,1,0,3,0,0,0,0,0,0,2,1,0,3,0,0,0,3
01/17/2018,NQA,TN,ASO,CE,Federal Contract Tower,0,0,6,1,7,0,0,2,0,2,0,0,8,1,9,0,0,0,9
01/18/2018,NQA,TN,ASO,CE,Federal Contract Tower,0,0,7,3,10,0,0,4,0,4,0,0,11,3,14,0,0,0,14
01/19/2018,NQA,TN,ASO,CE,Federal Contract Tower,0,0,10,0,10,0,0,41,0,41,0,0,51,0,51,16,0,16,67
01/20/2018,NQA,TN,ASO,CE,Federal Contract Tower,0,0,7,0,7,0,0,26,0,26,0,0,33,0,33,44,0,44,77
01/21/2018,NQA,TN,ASO,CE,Federal Contract Tower,0,0,9,4,13,0,0,19,2,21,0,0,28,6,34,20,12,32,66
01/22/2018,NQA,TN,ASO,CE,Federal Contract Tower,0,0,9,0,9,0,0,20,0,20,0,0,29,0,29,26,0,26,55
01/23/2018,NQA,TN,ASO,CE,Federal Contract Tower,0,0,11,4,15,0,0,20,1,21,0,0,31,5,36,24,6,30,66
01/24/2018,NQA,TN,ASO,CE,Federal Contract Tower,0,0,14,0,14,0,0,47,0,47,0,0,61,0,61,96,0,96,157
01/25/2018,NQA,TN,ASO,CE,Federal Contract Tower,0,0,8,2,10,0,0,46,2,48,0,0,54,4,58,38,4,42,100
01/26/2018,NQA,TN,ASO,CE,Federal Contract Tower,0,2,2,9,13,0,0,36,2,38,0,2,38,11,51,30,10,40,91
01/27/2018,NQA,TN,ASO,CE,Federal Contract Tower,0,0,2,13,15,0,0,0,0,0,0,0,2,13,15,0,0,0,15
01/28/2018,NQA,TN,ASO,CE,Federal Contract Tower,0,0,3,5,8,0,0,33,0,33,0,0,36,5,41,18,32,50,91
01/29/2018,NQA,TN,ASO,CE,Federal Contract Tower,0,0,3,2,5,0,0,14,0,14,0,0,17,2,19,24,0,24,43
01/30/2018,NQA,TN,ASO,CE,Federal Contract Tower,0,0,5,18,23,0,0,56,2,58,0,0,61,20,81,42,0,42,123
01/31/2018,NQA,TN,ASO,CE,Federal Contract Tower,0,0,11,0,11,0,0,30,0,30,0,0,41,0,41,48,0,48,89
02/01/2018,NQA,TN,ASO,CE,Federal Contract Tower,0,3,4,8,15,0,0,8,0,8,0,3,12,8,23,22,0,22,45
02/02/2018,NQA,TN,ASO,CE,Federal Contract Tower,0,2,14,1,17,0,1,69,1,71,0,3,83,2,88,80,4,84,172
02/03/2018,NQA,TN,ASO,CE,Federal Contract Tower,0,0,2,2,4,0,0,48,0,48,0,0,50,2,52,26,0,26,78
02/04/2018,NQA,TN,ASO,CE,Federal Contract Tower,0,0,10,0,10,0,0,4,0,4,0,0,14,0,14,2,0,2,16
02/05/2018,NQA,TN,ASO,CE,Federal Contract Tower,0,0,18,2,20,0,2,53,0,55,0,2,71,2,75,24,0,24,99
02/06/2018,NQA,TN,ASO,CE,Federal Contract Tower,0,0,7,4,11,0,0,7,2,9,0,0,14,6,20,6,44,50,70
02/07/2018,NQA,TN,ASO,CE,Federal Contract Tower,0,1,7,6,14,0,1,3,2,6,0,2,10,8,20,54,18,72,92
02/08/2018,NQA,TN,ASO,CE,Federal Contract Tower,0,0,14,2,16,0,0,55,0,55,0,0,69,2,71,20,8,28,99
02/09/2018,NQA,TN,ASO,CE,Federal Contract Tower,0,0,25,18,43,0,0,45,0,45,0,0,70,18,88,24,0,24,112
02/10/2018,NQA,TN,ASO,CE,Federal Contract Tower,0,0,0,0,0,0,0,0,0,0,0,0,0,0,0,0,0,0,0
02/11/2018,NQA,TN,ASO,CE,Federal Contract Tower,0,0,5,0,5,0,0,2,0,2,0,0,7,0,7,16,0,16,23
02/12/2018,NQA,TN,ASO,CE,Federal Contract Tower,0,0,6,2,8,0,0,29,4,33,0,0,35,6,41,58,12,70,111
02/13/2018,NQA,TN,ASO,CE,Federal Contract Tower,0,0,11,8,19,0,0,16,0,16,0,0,27,8,35,18,0,18,53
02/14/2018,NQA,TN,ASO,CE,Federal Contract Tower,0,0,4,0,4,0,0,0,0,0,0,0,4,0,4,0,0,0,4
02/15/2018,NQA,TN,ASO,CE,Federal Contract Tower,0,2,19,4,25,0,0,12,0,12,0,2,31,4,37,24,0,24,61
02/16/2018,NQA,TN,ASO,CE,Federal Contract Tower,0,0,9,0,9,0,0,1,0,1,0,0,10,0,10,0,0,0,10
02/17/2018,NQA,TN,ASO,CE,Federal Contract Tower,0,0,4,0,4,0,0,0,0,0,0,0,4,0,4,0,0,0,4
02/18/2018,NQA,TN,ASO,CE,Federal Contract Tower,0,0,9,4,13,0,0,31,0,31,0,0,40,4,44,32,0,32,76
02/19/2018,NQA,TN,ASO,CE,Federal Contract Tower,0,2,9,0,11,0,0,6,0,6,0,2,15,0,17,20,0,20,37
02/20/2018,NQA,TN,ASO,CE,Federal Contract Tower,0,0,4,8,12,0,0,18,2,20,0,0,22,10,32,14,80,94,126
02/21/2018,NQA,TN,ASO,CE,Federal Contract Tower,0,0,3,0,3,0,0,0,0,0,0,0,3,0,3,0,0,0,3
02/22/2018,NQA,TN,ASO,CE,Federal Contract Tower,0,0,5,2,7,0,0,0,0,0,0,0,5,2,7,0,0,0,7
02/23/2018,NQA,TN,ASO,CE,Federal Contract Tower,0,0,13,0,13,0,0,0,0,0,0,0,13,0,13,0,0,0,13
02/24/2018,NQA,TN,ASO,CE,Federal Contract Tower,0,0,2,0,2,0,0,2,0,2,0,0,4,0,4,0,0,0,4
02/25/2018,NQA,TN,ASO,CE,Federal Contract Tower,0,0,15,1,16,0,0,44,1,45,0,0,59,2,61,4,14,18,79
02/26/2018,NQA,TN,ASO,CE,Federal Contract Tower,0,0,7,4,11,0,2,70,0,72,0,2,77,4,83,82,70,152,235
02/27/2018,NQA,TN,ASO,CE,Federal Contract Tower,0,0,15,5,20,0,2,74,0,76,0,2,89,5,96,78,8,86,182
02/28/2018,NQA,TN,ASO,CE,Federal Contract Tower,0,0,8,0,8,0,0,0,0,0,0,0,8,0,8,0,0,0,8
03/01/2018,NQA,TN,ASO,CE,Federal Contract Tower,0,2,5,2,9,0,0,15,0,15,0,2,20,2,24,38,12,50,74
03/02/2018,NQA,TN,ASO,CE,Federal Contract Tower,0,3,11,0,14,0,0,78,0,78,0,3,89,0,92,66,0,66,158
03/03/2018,NQA,TN,ASO,CE,Federal Contract Tower,0,1,15,6,22,0,0,84,0,84,0,1,99,6,106,64,2,66,172
03/04/2018,NQA,TN,ASO,CE,Federal Contract Tower,0,0,8,0,8,0,0,38,0,38,0,0,46,0,46,40,0,40,86
03/05/2018,NQA,TN,ASO,CE,Federal Contract Tower,0,1,6,2,9,0,0,13,0,13,0,1,19,2,22,18,0,18,40
03/06/2018,NQA,TN,ASO,CE,Federal Contract Tower,0,2,6,0,8,0,0,27,1,28,0,2,33,1,36,34,0,34,70
03/07/2018,NQA,TN,ASO,CE,Federal Contract Tower,0,0,10,4,14,0,0,134,2,136,0,0,144,6,150,106,20,126,276
03/08/2018,NQA,TN,ASO,CE,Federal Contract Tower,0,0,9,0,9,0,0,95,0,95,0,0,104,0,104,78,0,78,182
03/09/2018,NQA,TN,ASO,CE,Federal Contract Tower,0,0,17,2,19,0,0,77,4,81,0,0,94,6,100,64,0,64,164
03/10/2018,NQA,TN,ASO,CE,Federal Contract Tower,0,0,3,0,3,0,0,29,0,29,0,0,32,0,32,68,0,68,100
03/11/2018,NQA,TN,ASO,CE,Federal Contract Tower,0,0,8,0,8,0,0,3,0,3,0,0,11,0,11,2,0,2,13
03/12/2018,NQA,TN,ASO,CE,Federal Contract Tower,0,0,15,0,15,0,0,32,0,32,0,0,47,0,47,62,0,62,109
03/13/2018,NQA,TN,ASO,CE,Federal Contract Tower,0,0,12,6,18,0,0,34,0,34,0,0,46,6,52,88,0,88,140
03/14/2018,NQA,TN,ASO,CE,Federal Contract Tower,0,0,13,0,13,0,0,38,0,38,0,0,51,0,51,68,0,68,119
03/15/2018,NQA,TN,ASO,CE,Federal Contract Tower,0,0,23,0,23,0,0,36,2,38,0,0,59,2,61,14,0,14,75
03/17/2018,NQA,TN,ASO,CE,Federal Contract Tower,0,0,15,2,17,0,0,36,0,36,0,0,51,2,53,16,0,16,69
03/18/2018,NQA,TN,ASO,CE,Federal Contract Tower,0,0,18,0,18,0,0,14,0,14,0,0,32,0,32,56,0,56,88
03/19/2018,NQA,TN,ASO,CE,Federal Contract Tower,0,0,4,0,4,0,0,6,0,6,0,0,10,0,10,6,0,6,16
03/20/2018,NQA,TN,ASO,CE,Federal Contract Tower,0,0,8,9,17,0,0,7,5,12,0,0,15,14,29,24,6,30,59
03/21/2018,NQA,TN,ASO,CE,Federal Contract Tower,0,0,3,0,3,0,0,15,0,15,0,0,18,0,18,22,0,22,40
03/22/2018,NQA,TN,ASO,CE,Federal Contract Tower,0,0,14,7,21,0,0,63,1,64,0,0,77,8,85,100,0,100,185
03/23/2018,NQA,TN,ASO,CE,Federal Contract Tower,0,2,16,1,19,0,0,39,0,39,0,2,55,1,58,28,0,28,86
03/24/2018,NQA,TN,ASO,CE,Federal Contract Tower,0,0,6,0,6,0,0,2,0,2,0,0,8,0,8,10,0,10,18
03/25/2018,NQA,TN,ASO,CE,Federal Contract Tower,0,0,8,0,8,0,0,4,0,4,0,0,12,0,12,0,0,0,12
03/26/2018,NQA,TN,ASO,CE,Federal Contract Tower,0,0,1,2,3,0,0,10,0,10,0,0,11,2,13,2,4,6,19
03/27/2018,NQA,TN,ASO,CE,Federal Contract Tower,0,0,8,4,12,0,0,6,2,8,0,0,14,6,20,0,18,18,38
03/28/2018,NQA,TN,ASO,CE,Federal Contract Tower,0,0,3,0,3,0,0,2,0,2,0,0,5,0,5,6,0,6,11
03/29/2018,NQA,TN,ASO,CE,Federal Contract Tower,0,2,7,2,11,0,0,9,0,9,0,2,16,2,20,24,2,26,46
03/30/2018,NQA,TN,ASO,CE,Federal Contract Tower,0,2,10,0,12,0,0,41,0,41,0,2,51,0,53,70,0,70,123
03/31/2018,NQA,TN,ASO,CE,Federal Contract Tower,0,0,14,0,14,0,0,47,0,47,0,0,61,0,61,38,0,38,99
04/01/2018,NQA,TN,ASO,CE,Federal Contract Tower,0,0,6,0,6,0,0,2,0,2,0,0,8,0,8,18,0,18,26
04/02/2018,NQA,TN,ASO,CE,Federal Contract Tower,0,0,13,0,13,0,0,3,0,3,0,0,16,0,16,0,0,0,16
04/03/2018,NQA,TN,ASO,CE,Federal Contract Tower,0,2,10,0,12,0,0,3,2,5,0,2,13,2,17,0,0,0,17
04/04/2018,NQA,TN,ASO,CE,Federal Contract Tower,0,0,8,2,10,0,0,45,0,45,0,0,53,2,55,34,0,34,89
04/05/2018,NQA,TN,ASO,CE,Federal Contract Tower,0,2,22,2,26,0,0,31,0,31,0,2,53,2,57,24,26,50,107
04/06/2018,NQA,TN,ASO,CE,Federal Contract Tower,0,0,2,0,2,0,0,0,0,0,0,0,2,0,2,0,0,0,2
04/07/2018,NQA,TN,ASO,CE,Federal Contract Tower,0,0,11,0,11,0,0,4,0,4,0,0,15,0,15,0,0,0,15
04/08/2018,NQA,TN,ASO,CE,Federal Contract Tower,0,0,14,0,14,0,0,14,0,14,0,0,28,0,28,16,0,16,44
04/09/2018,NQA,TN,ASO,CE,Federal Contract Tower,0,2,15,6,23,0,0,45,1,46,0,2,60,7,69,66,18,84,153
04/10/2018,NQA,TN,ASO,CE,Federal Contract Tower,0,0,10,0,10,0,0,22,2,24,0,0,32,2,34,24,2,26,60
04/11/2018,NQA,TN,ASO,CE,Federal Contract Tower,0,0,9,0,9,0,0,37,0,37,0,0,46,0,46,12,0,12,58
04/12/2018,NQA,TN,ASO,CE,Federal Contract Tower,0,0,9,4,13,0,0,15,0,15,0,0,24,4,28,18,12,30,58
04/13/2018,NQA,TN,ASO,CE,Federal Contract Tower,0,0,13,10,23,0,0,11,1,12,0,0,24,11,35,14,0,14,49
04/14/2018,NQA,TN,ASO,CE,Federal Contract Tower,0,0,7,1,8,0,0,11,0,11,0,0,18,1,19,22,0,22,41
04/15/2018,NQA,TN,ASO,CE,Federal Contract Tower,0,0,10,0,10,0,0,3,0,3,0,0,13,0,13,18,0,18,31
04/16/2018,NQA,TN,ASO,CE,Federal Contract Tower,0,0,19,7,26,0,0,31,0,31,0,0,50,7,57,86,0,86,143
04/18/2018,NQA,TN,ASO,CE,Federal Contract Tower,0,1,15,2,18,0,0,6,0,6,0,1,21,2,24,4,0,4,28
04/19/2018,NQA,TN,ASO,CE,Federal Contract Tower,0,0,12,1,13,0,0,35,3,38,0,0,47,4,51,48,10,58,109
04/20/2018,NQA,TN,ASO,CE,Federal Contract Tower,0,0,8,25,33,0,0,46,0,46,0,0,54,25,79,96,16,112,191
04/21/2018,NQA,TN,ASO,CE,Federal Contract Tower,0,0,7,6,13,0,0,35,3,38,0,0,42,9,51,50,20,70,121
04/22/2018,NQA,TN,ASO,CE,Federal Contract Tower,0,0,1,0,1,0,0,0,0,0,0,0,1,0,1,0,0,0,1
04/23/2018,NQA,TN,ASO,CE,Federal Contract Tower,0,0,5,0,5,0,0,0,0,0,0,0,5,0,5,0,0,0,5
04/24/2018,NQA,TN,ASO,CE,Federal Contract Tower,0,2,8,16,26,0,0,22,2,24,0,2,30,18,50,74,6,80,130
04/25/2018,NQA,TN,ASO,CE,Federal Contract Tower,0,0,14,7,21,0,0,47,0,47,0,0,61,7,68,38,4,42,110
04/26/2018,NQA,TN,ASO,CE,Federal Contract Tower,0,2,10,2,14,0,0,8,0,8,0,2,18,2,22,36,0,36,58
04/27/2018,NQA,TN,ASO,CE,Federal Contract Tower,0,0,13,0,13,0,0,35,0,35,0,0,48,0,48,66,0,66,114
04/28/2018,NQA,TN,ASO,CE,Federal Contract Tower,0,0,4,0,4,0,0,51,0,51,0,0,55,0,55,74,0,74,129
04/29/2018,NQA,TN,ASO,CE,Federal Contract Tower,0,0,3,0,3,0,0,25,0,25,0,0,28,0,28,102,0,102,130
04/30/2018,NQA,TN,ASO,CE,Federal Contract Tower,0,0,10,0,10,0,0,42,0,42,0,0,52,0,52,126,0,126,178
05/01/2018,NQA,TN,ASO,CE,Federal Contract Tower,0,0,0,4,4,0,0,44,2,46,0,0,44,6,50,104,24,128,178
05/02/2018,NQA,TN,ASO,CE,Federal Contract Tower,0,2,27,2,31,0,0,26,0,26,0,2,53,2,57,50,10,60,117
05/03/2018,NQA,TN,ASO,CE,Federal Contract Tower,0,2,13,3,18,0,0,25,1,26,0,2,38,4,44,32,0,32,76
05/04/2018,NQA,TN,ASO,CE,Federal Contract Tower,0,0,15,0,15,0,0,8,0,8,0,0,23,0,23,20,0,20,43
05/05/2018,NQA,TN,ASO,CE,Federal Contract Tower,0,0,4,0,4,0,0,8,2,10,0,0,12,2,14,12,0,12,26
05/06/2018,NQA,TN,ASO,CE,Federal Contract Tower,0,0,13,1,14,0,0,19,0,19,0,0,32,1,33,0,0,0,33
05/07/2018,NQA,TN,ASO,CE,Federal Contract Tower,0,0,6,0,6,0,2,30,0,32,0,2,36,0,38,36,0,36,74
05/08/2018,NQA,TN,ASO,CE,Federal Contract Tower,0,0,10,1,11,0,0,47,1,48,0,0,57,2,59,28,0,28,87
05/09/2018,NQA,TN,ASO,CE,Federal Contract Tower,0,0,19,0,19,0,0,18,0,18,0,0,37,0,37,38,0,38,75
05/10/2018,NQA,TN,ASO,CE,Federal Contract Tower,0,2,10,14,26,0,0,40,4,44,0,2,50,18,70,24,14,38,108
05/11/2018,NQA,TN,ASO,CE,Federal Contract Tower,0,0,19,3,22,0,2,39,1,42,0,2,58,4,64,30,6,36,100
05/12/2018,NQA,TN,ASO,CE,Federal Contract Tower,0,2,3,0,5,0,0,47,0,47,0,2,50,0,52,68,0,68,120
05/13/2018,NQA,TN,ASO,CE,Federal Contract Tower,0,0,8,0,8,0,0,20,0,20,0,0,28,0,28,12,0,12,40
05/14/2018,NQA,TN,ASO,CE,Federal Contract Tower,0,2,9,0,11,0,2,21,0,23,0,4,30,0,34,14,0,14,48
05/15/2018,NQA,TN,ASO,CE,Federal Contract Tower,0,0,5,4,9,0,0,27,0,27,0,0,32,4,36,26,30,56,92
05/16/2018,NQA,TN,ASO,CE,Federal Contract Tower,0,0,6,0,6,0,0,17,0,17,0,0,23,0,23,16,0,16,39
05/17/2018,NQA,TN,ASO,CE,Federal Contract Tower,0,2,9,0,11,0,0,27,0,27,0,2,36,0,38,62,0,62,100
05/18/2018,NQA,TN,ASO,CE,Federal Contract Tower,0,2,9,0,11,0,0,29,0,29,0,2,38,0,40,8,0,8,48
05/19/2018,NQA,TN,ASO,CE,Federal Contract Tower,0,0,4,1,5,0,0,87,1,88,0,0,91,2,93,24,0,24,117
05/20/2018,NQA,TN,ASO,CE,Federal Contract Tower,0,0,13,2,15,0,0,36,2,38,0,0,49,4,53,6,0,6,59
05/21/2018,NQA,TN,ASO,CE,Federal Contract Tower,0,0,7,0,7,0,0,13,0,13,0,0,20,0,20,16,0,16,36
05/22/2018,NQA,TN,ASO,CE,Federal Contract Tower,0,0,10,8,18,0,0,22,0,22,0,0,32,8,40,50,22,72,112
05/23/2018,NQA,TN,ASO,CE,Federal Contract Tower,0,0,18,2,20,0,0,46,0,46,0,0,64,2,66,84,10,94,160
05/24/2018,NQA,TN,ASO,CE,Federal Contract Tower,0,0,12,10,22,0,1,39,0,40,0,1,51,10,62,52,28,80,142
05/25/2018,NQA,TN,ASO,CE,Federal Contract Tower,0,2,16,2,20,0,0,48,0,48,0,2,64,2,68,52,0,52,120
05/26/2018,NQA,TN,ASO,CE,Federal Contract Tower,0,0,15,0,15,0,0,35,0,35,0,0,50,0,50,34,0,34,84
05/27/2018,NQA,TN,ASO,CE,Federal Contract Tower,0,2,14,4,20,0,0,12,3,15,0,2,26,7,35,4,26,30,65
05/28/2018,NQA,TN,ASO,CE,Federal Contract Tower,0,0,13,3,16,0,0,16,3,19,0,0,29,6,35,24,34,58,93
05/29/2018,NQA,TN,ASO,CE,Federal Contract Tower,0,0,10,3,13,0,0,11,0,11,0,0,21,3,24,36,0,36,60
05/30/2018,NQA,TN,ASO,CE,Federal Contract Tower,0,0,7,3,10,0,0,33,0,33,0,0,40,3,43,90,0,90,133
05/31/2018,NQA,TN,ASO,CE,Federal Contract Tower,0,0,6,2,8,0,0,27,1,28,0,0,33,3,36,10,4,14,50
06/01/2018,NQA,TN,ASO,CE,Federal Contract Tower,0,4,9,0,13,0,0,13,0,13,0,4,22,0,26,0,0,0,26
06/02/2018,NQA,TN,ASO,CE,Federal Contract Tower,0,2,8,1,11,0,0,46,1,47,0,2,54,2,58,54,6,60,118
06/03/2018,NQA,TN,ASO,CE,Federal Contract Tower,0,2,13,0,15,0,0,11,0,11,0,2,24,0,26,0,0,0,26
06/04/2018,NQA,TN,ASO,CE,Federal Contract Tower,0,2,15,0,17,0,0,40,0,40,0,2,55,0,57,24,0,24,81
06/05/2018,NQA,TN,ASO,CE,Federal Contract Tower,0,4,6,4,14,0,0,41,5,46,0,4,47,9,60,4,8,12,72
06/06/2018,NQA,TN,ASO,CE,Federal Contract Tower,0,2,12,2,16,0,0,33,1,34,0,2,45,3,50,84,2,86,136
06/07/2018,NQA,TN,ASO,CE,Federal Contract Tower,0,4,5,2,11,0,2,39,0,41,0,6,44,2,52,60,0,60,112
06/08/2018,NQA,TN,ASO,CE,Federal Contract Tower,0,3,4,0,7,0,0,36,0,36,0,3,40,0,43,48,0,48,91
06/09/2018,NQA,TN,ASO,CE,Federal Contract Tower,0,0,4,2,6,0,0,31,0,31,0,0,35,2,37,36,0,36,73
06/10/2018,NQA,TN,ASO,CE,Federal Contract Tower,0,3,10,0,13,0,0,23,0,23,0,3,33,0,36,2,0,2,38
06/11/2018,NQA,TN,ASO,CE,Federal Contract Tower,0,6,12,0,18,0,0,37,0,37,0,6,49,0,55,50,0,50,105
06/12/2018,NQA,TN,ASO,CE,Federal Contract Tower,0,1,10,1,12,0,0,21,0,21,0,1,31,1,33,18,2,20,53
06/13/2018,NQA,TN,ASO,CE,Federal Contract Tower,0,2,16,3,21,0,0,30,3,33,0,2,46,6,54,58,2,60,114
06/14/2018,NQA,TN,ASO,CE,Federal Contract Tower,0,0,15,1,16,0,0,38,0,38,0,0,53,1,54,66,28,94,148
06/15/2018,NQA,TN,ASO,CE,Federal Contract Tower,0,4,17,6,27,0,0,34,4,38,0,4,51,10,65,16,16,32,97
06/16/2018,NQA,TN,ASO,CE,Federal Contract Tower,0,0,18,0,18,0,0,37,0,37,0,0,55,0,55,16,0,16,71
06/17/2018,NQA,TN,ASO,CE,Federal Contract Tower,0,2,21,1,24,0,0,16,2,18,0,2,37,3,42,22,0,22,64
06/18/2018,NQA,TN,ASO,CE,Federal Contract Tower,0,0,15,4,19,0,0,28,0,28,0,0,43,4,47,0,24,24,71
06/19/2018,NQA,TN,ASO,CE,Federal Contract Tower,0,0,14,3,17,0,0,36,1,37,0,0,50,4,54,20,10,30,84
06/20/2018,NQA,TN,ASO,CE,Federal Contract Tower,0,0,10,2,12,0,0,14,2,16,0,0,24,4,28,12,38,50,78
06/21/2018,NQA,TN,ASO,CE,Federal Contract Tower,0,2,16,2,20,0,0,17,0,17,0,2,33,2,37,24,0,24,61
06/22/2018,NQA,TN,ASO,CE,Federal Contract Tower,0,0,18,5,23,0,0,37,2,39,0,0,55,7,62,42,0,42,104
06/23/2018,NQA,TN,ASO,CE,Federal Contract Tower,0,0,3,0,3,0,0,7,0,7,0,0,10,0,10,24,0,24,34
06/24/2018,NQA,TN,ASO,CE,Federal Contract Tower,0,2,4,2,8,0,0,1,3,4,0,2,5,5,12,0,4,4,16
06/25/2018,NQA,TN,ASO,CE,Federal Contract Tower,0,0,3,2,5,0,0,28,0,28,0,0,31,2,33,4,0,4,37
06/26/2018,NQA,TN,ASO,CE,Federal Contract Tower,0,0,8,6,14,0,0,24,2,26,0,0,32,8,40,14,74,88,128
06/27/2018,NQA,TN,ASO,CE,Federal Contract Tower,0,0,18,2,20,0,0,34,0,34,0,0,52,2,54,30,0,30,84
06/28/2018,NQA,TN,ASO,CE,Federal Contract Tower,0,3,8,5,16,0,0,40,0,40,0,3,48,5,56,62,58,120,176
06/29/2018,NQA,TN,ASO,CE,Federal Contract Tower,0,4,19,4,27,0,0,51,0,51,0,4,70,4,78,26,6,32,110
06/30/2018,NQA,TN,ASO,CE,Federal Contract Tower,0,0,9,0,9,0,0,17,0,17,0,0,26,0,26,26,0,26,52
07/01/2018,NQA,TN,ASO,CE,Federal Contract Tower,0,2,3,2,7,0,0,13,1,14,0,2,16,3,21,8,0,8,29
07/02/2018,NQA,TN,ASO,CE,Federal Contract Tower,0,0,8,0,8,0,0,25,0,25,0,0,33,0,33,6,0,6,39
07/03/2018,NQA,TN,ASO,CE,Federal Contract Tower,0,0,8,0,8,0,0,41,0,41,0,0,49,0,49,46,0,46,95
07/04/2018,NQA,TN,ASO,CE,Federal Contract Tower,0,0,5,1,6,0,0,23,1,24,0,0,28,2,30,10,8,18,48
07/05/2018,NQA,TN,ASO,CE,Federal Contract Tower,0,0,9,6,15,0,0,26,0,26,0,0,35,6,41,36,4,40,81
07/06/2018,NQA,TN,ASO,CE,Federal Contract Tower,0,0,3,2,5,0,0,14,0,14,0,0,17,2,19,6,8,14,33
07/07/2018,NQA,TN,ASO,CE,Federal Contract Tower,0,0,4,0,4,0,0,24,0,24,0,0,28,0,28,45,0,45,73
07/08/2018,NQA,TN,ASO,CE,Federal Contract Tower,0,0,14,0,14,0,0,10,0,10,0,0,24,0,24,6,0,6,30
07/09/2018,NQA,TN,ASO,CE,Federal Contract Tower,0,0,3,0,3,0,0,29,0,29,0,0,32,0,32,112,0,112,144
07/10/2018,NQA,TN,ASO,CE,Federal Contract Tower,0,0,5,0,5,0,0,27,0,27,0,0,32,0,32,8,0,8,40
07/11/2018,NQA,TN,ASO,CE,Federal Contract Tower,0,2,13,0,15,0,0,38,0,38,0,2,51,0,53,64,0,64,117
07/12/2018,NQA,TN,ASO,CE,Federal Contract Tower,0,2,16,4,22,0,0,33,0,33,0,2,49,4,55,82,0,82,137
07/13/2018,NQA,TN,ASO,CE,Federal Contract Tower,0,2,10,16,28,0,0,60,4,64,0,2,70,20,92,76,14,90,182
07/14/2018,NQA,TN,ASO,CE,Federal Contract Tower,0,2,11,2,15,0,0,31,0,31,0,2,42,2,46,10,0,10,56
07/15/2018,NQA,TN,ASO,CE,Federal Contract Tower,0,0,7,22,29,0,0,5,2,7,0,0,12,24,36,0,24,24,60
07/16/2018,NQA,TN,ASO,CE,Federal Contract Tower,0,2,11,0,13,0,0,13,0,13,0,2,24,0,26,0,0,0,26
07/17/2018,NQA,TN,ASO,CE,Federal Contract Tower,0,0,15,0,15,0,0,27,0,27,0,0,42,0,42,28,0,28,70
07/19/2018,NQA,TN,ASO,CE,Federal Contract Tower,0,0,13,9,22,0,0,42,5,47,0,0,55,14,69,52,0,52,121
07/20/2018,NQA,TN,ASO,CE,Federal Contract Tower,0,2,13,2,17,0,0,37,2,39,0,2,50,4,56,34,0,34,90
07/21/2018,NQA,TN,ASO,CE,Federal Contract Tower,0,2,7,2,11,0,0,38,2,40,0,2,45,4,51,38,0,38,89
07/22/2018,NQA,TN,ASO,CE,Federal Contract Tower,0,0,11,0,11,0,0,14,0,14,0,0,25,0,25,2,0,2,27
07/23/2018,NQA,TN,ASO,CE,Federal Contract Tower,0,0,4,12,16,0,0,8,0,8,0,0,12,12,24,0,0,0,24
07/24/2018,NQA,TN,ASO,CE,Federal Contract Tower,0,2,12,2,16,0,0,49,0,49,0,2,61,2,65,42,0,42,107
07/25/2018,NQA,TN,ASO,CE,Federal Contract Tower,0,0,10,5,15,0,2,22,4,28,0,2,32,9,43,20,8,28,71
07/26/2018,NQA,TN,ASO,CE,Federal Contract Tower,0,2,8,4,14,0,0,33,2,35,0,2,41,6,49,18,4,22,71
07/27/2018,NQA,TN,ASO,CE,Federal Contract Tower,0,0,12,11,23,0,0,27,0,27,0,0,39,11,50,22,8,30,80
07/28/2018,NQA,TN,ASO,CE,Federal Contract Tower,0,2,4,0,6,0,0,29,0,29,0,2,33,0,35,16,0,16,51
07/29/2018,NQA,TN,ASO,CE,Federal Contract Tower,0,0,12,0,12,0,0,25,0,25,0,0,37,0,37,8,0,8,45
07/30/2018,NQA,TN,ASO,CE,Federal Contract Tower,0,0,12,0,12,0,0,7,0,7,0,0,19,0,19,6,0,6,25
07/31/2018,NQA,TN,ASO,CE,Federal Contract Tower,0,2,9,0,11,0,0,32,0,32,0,2,41,0,43,42,0,42,85
08/01/2018,NQA,TN,ASO,CE,Federal Contract Tower,0,0,16,6,22,0,0,24,0,24,0,0,40,6,46,44,4,48,94
08/02/2018,NQA,TN,ASO,CE,Federal Contract Tower,0,1,8,8,17,0,0,36,2,38,0,1,44,10,55,18,20,38,93
08/03/2018,NQA,TN,ASO,CE,Federal Contract Tower,0,0,6,4,10,0,0,34,0,34,0,0,40,4,44,16,0,16,60
08/04/2018,NQA,TN,ASO,CE,Federal Contract Tower,0,2,3,0,5,0,0,26,0,26,0,2,29,0,31,22,0,22,53
08/05/2018,NQA,TN,ASO,CE,Federal Contract Tower,0,0,13,0,13,0,0,8,0,8,0,0,21,0,21,6,0,6,27
08/06/2018,NQA,TN,ASO,CE,Federal Contract Tower,0,2,12,3,17,0,0,26,0,26,0,2,38,3,43,20,0,20,63
08/07/2018,NQA,TN,ASO,CE,Federal Contract Tower,0,0,4,8,12,0,0,40,0,40,0,0,44,8,52,38,4,42,94
08/08/2018,NQA,TN,ASO,CE,Federal Contract Tower,0,0,4,2,6,0,0,27,0,27,0,0,31,2,33,0,14,14,47
08/09/2018,NQA,TN,ASO,CE,Federal Contract Tower,0,2,12,4,18,0,0,27,2,29,0,2,39,6,47,34,18,52,99
08/10/2018,NQA,TN,ASO,CE,Federal Contract Tower,0,4,5,2,11,0,0,64,1,65,0,4,69,3,76,30,26,56,132
08/11/2018,NQA,TN,ASO,CE,Federal Contract Tower,0,1,7,0,8,0,0,50,0,50,0,1,57,0,58,16,0,16,74
08/12/2018,NQA,TN,ASO,CE,Federal Contract Tower,0,0,6,0,6,0,0,15,0,15,0,0,21,0,21,0,0,0,21
08/13/2018,NQA,TN,ASO,CE,Federal Contract Tower,0,0,12,10,22,0,0,40,0,40,0,0,52,10,62,30,0,30,92
08/14/2018,NQA,TN,ASO,CE,Federal Contract Tower,0,0,6,3,9,0,0,35,0,35,0,0,41,3,44,30,18,48,92
08/15/2018,NQA,TN,ASO,CE,Federal Contract Tower,0,0,5,2,7,0,0,28,0,28,0,0,33,2,35,40,10,50,85
08/16/2018,NQA,TN,ASO,CE,Federal Contract Tower,0,0,8,2,10,0,0,27,2,29,0,0,35,4,39,20,10,30,69
08/17/2018,NQA,TN,ASO,CE,Federal Contract Tower,0,0,3,0,3,0,0,13,2,15,0,0,16,2,18,36,0,36,54
08/18/2018,NQA,TN,ASO,CE,Federal Contract Tower,0,0,2,0,2,0,0,36,0,36,0,0,38,0,38,16,0,16,54
08/19/2018,NQA,TN,ASO,CE,Federal Contract Tower,0,0,2,10,12,0,0,20,0,20,0,0,22,10,32,16,0,16,48
08/20/2018,NQA,TN,ASO,CE,Federal Contract Tower,0,0,3,2,5,0,0,18,0,18,0,0,21,2,23,8,20,28,51
08/21/2018,NQA,TN,ASO,CE,Federal Contract Tower,0,0,11,4,15,0,0,50,0,50,0,0,61,4,65,44,50,94,159
08/22/2018,NQA,TN,ASO,CE,Federal Contract Tower,0,0,10,2,12,0,0,53,4,57,0,0,63,6,69,58,10,68,137
08/23/2018,NQA,TN,ASO,CE,Federal Contract Tower,0,0,6,0,6,0,0,50,0,50,0,0,56,0,56,62,0,62,118
08/24/2018,NQA,TN,ASO,CE,Federal Contract Tower,0,4,10,0,14,0,0,40,0,40,0,4,50,0,54,16,0,16,70
08/25/2018,NQA,TN,ASO,CE,Federal Contract Tower,0,0,6,0,6,0,0,30,0,30,0,0,36,0,36,4,0,4,40
08/26/2018,NQA,TN,ASO,CE,Federal Contract Tower,0,2,9,0,11,0,0,17,0,17,0,2,26,0,28,6,0,6,34
08/27/2018,NQA,TN,ASO,CE,Federal Contract Tower,0,2,2,2,6,0,0,46,0,46,0,2,48,2,52,42,0,42,94
08/28/2018,NQA,TN,ASO,CE,Federal Contract Tower,0,2,6,1,9,0,0,33,0,33,0,2,39,1,42,36,0,36,78
08/29/2018,NQA,TN,ASO,CE,Federal Contract Tower,0,1,9,0,10,0,0,22,0,22,0,1,31,0,32,6,0,6,38
08/30/2018,NQA,TN,ASO,CE,Federal Contract Tower,0,0,5,0,5,0,0,2,0,2,0,0,7,0,7,0,0,0,7
08/31/2018,NQA,TN,ASO,CE,Federal Contract Tower,0,2,2,0,4,0,0,6,0,6,0,2,8,0,10,0,0,0,10
09/01/2018,NQA,TN,ASO,CE,Federal Contract Tower,0,0,5,0,5,0,0,38,0,38,0,0,43,0,43,18,0,18,61
09/02/2018,NQA,TN,ASO,CE,Federal Contract Tower,0,0,7,0,7,0,0,14,0,14,0,0,21,0,21,4,0,4,25
09/03/2018,NQA,TN,ASO,CE,Federal Contract Tower,0,0,9,0,9,0,0,47,0,47,0,0,56,0,56,60,0,60,116
09/04/2018,NQA,TN,ASO,CE,Federal Contract Tower,0,1,13,0,14,0,0,126,0,126,0,1,139,0,140,34,0,34,174
09/05/2018,NQA,TN,ASO,CE,Federal Contract Tower,0,1,12,4,17,0,0,121,0,121,0,1,133,4,138,68,0,68,206
09/06/2018,NQA,TN,ASO,CE,Federal Contract Tower,0,2,7,13,22,0,0,16,6,22,0,2,23,19,44,0,84,84,128
09/07/2018,NQA,TN,ASO,CE,Federal Contract Tower,0,2,6,8,16,0,0,12,0,12,0,2,18,8,28,2,0,2,30
09/08/2018,NQA,TN,ASO,CE,Federal Contract Tower,0,0,5,0,5,0,0,7,12,19,0,0,12,12,24,0,0,0,24
09/09/2018,NQA,TN,ASO,CE,Federal Contract Tower,0,0,5,0,5,0,0,4,0,4,0,0,9,0,9,6,0,6,15
09/10/2018,NQA,TN,ASO,CE,Federal Contract Tower,0,0,7,4,11,0,0,40,4,44,0,0,47,8,55,64,102,166,221
09/11/2018,NQA,TN,ASO,CE,Federal Contract Tower,0,0,8,15,23,0,0,52,4,56,0,0,60,19,79,90,68,158,237
09/12/2018,NQA,TN,ASO,CE,Federal Contract Tower,0,1,14,12,27,0,0,45,2,47,0,1,59,14,74,82,12,94,168
09/13/2018,NQA,TN,ASO,CE,Federal Contract Tower,0,8,13,5,26,0,0,44,4,48,0,8,57,9,74,24,16,40,114
09/14/2018,NQA,TN,ASO,CE,Federal Contract Tower,0,0,12,6,18,0,0,48,0,48,0,0,60,6,66,56,0,56,122
09/15/2018,NQA,TN,ASO,CE,Federal Contract Tower,0,0,7,15,22,0,0,33,3,36,0,0,40,18,58,32,50,82,140
09/16/2018,NQA,TN,ASO,CE,Federal Contract Tower,0,0,10,11,21,0,0,15,0,15,0,0,25,11,36,4,0,4,40
09/17/2018,NQA,TN,ASO,CE,Federal Contract Tower,0,0,4,5,9,0,0,28,0,28,0,0,32,5,37,14,2,16,53
09/18/2018,NQA,TN,ASO,CE,Federal Contract Tower,0,0,13,4,17,0,0,29,3,32,0,0,42,7,49,8,0,8,57
09/19/2018,NQA,TN,ASO,CE,Federal Contract Tower,0,0,14,1,15,0,0,29,1,30,0,0,43,2,45,6,20,26,71
09/20/2018,NQA,TN,ASO,CE,Federal Contract Tower,0,1,12,5,18,0,0,64,9,73,0,1,76,14,91,60,20,80,171
09/21/2018,NQA,TN,ASO,CE,Federal Contract Tower,0,1,6,4,11,0,0,27,0,27,0,1,33,4,38,6,0,6,44
09/22/2018,NQA,TN,ASO,CE,Federal Contract Tower,0,0,5,0,5,0,0,0,0,0,0,0,5,0,5,0,0,0,5
09/23/2018,NQA,TN,ASO,CE,Federal Contract Tower,0,0,5,8,13,0,0,0,0,0,0,0,5,8,13,0,0,0,13
09/24/2018,NQA,TN,ASO,CE,Federal Contract Tower,0,0,4,0,4,0,0,7,0,7,0,0,11,0,11,14,0,14,25
09/25/2018,NQA,TN,ASO,CE,Federal Contract Tower,0,2,2,4,8,0,0,43,0,43,0,2,45,4,51,38,18,56,107
09/26/2018,NQA,TN,ASO,CE,Federal Contract Tower,0,4,10,1,15,0,0,32,3,35,0,4,42,4,50,18,20,38,88
09/27/2018,NQA,TN,ASO,CE,Federal Contract Tower,0,0,12,4,16,0,0,11,1,12,0,0,23,5,28,62,0,62,90
09/28/2018,NQA,TN,ASO,CE,Federal Contract Tower,0,0,15,12,27,0,0,34,0,34,0,0,49,12,61,14,44,58,119
09/29/2018,NQA,TN,ASO,CE,Federal Contract Tower,0,0,11,2,13,0,0,73,0,73,0,0,84,2,86,20,0,20,106
09/30/2018,NQA,TN,ASO,CE,Federal Contract Tower,0,0,21,0,21,0,0,26,0,26,0,0,47,0,47,8,0,8,55
10/01/2018,NQA,TN,ASO,CE,Federal Contract Tower,0,0,7,3,10,0,0,46,0,46,0,0,53,3,56,50,80,130,186
10/02/2018,NQA,TN,ASO,CE,Federal Contract Tower,0,1,22,0,23,0,0,37,0,37,0,1,59,0,60,16,0,16,76
10/03/2018,NQA,TN,ASO,CE,Federal Contract Tower,0,1,8,10,19,0,0,120,0,120,0,1,128,10,139,26,30,56,195
10/04/2018,NQA,TN,ASO,CE,Federal Contract Tower,0,6,14,2,22,0,0,78,0,78,0,6,92,2,100,60,40,100,200
10/05/2018,NQA,TN,ASO,CE,Federal Contract Tower,0,0,6,5,11,0,0,49,0,49,0,0,55,5,60,12,0,12,72
10/06/2018,NQA,TN,ASO,CE,Federal Contract Tower,0,2,8,2,12,0,7,82,0,89,0,9,90,2,101,0,0,0,101
10/07/2018,NQA,TN,ASO,CE,Federal Contract Tower,0,0,18,1,19,0,0,28,3,31,0,0,46,4,50,8,0,8,58
10/08/2018,NQA,TN,ASO,CE,Federal Contract Tower,0,0,18,0,18,0,0,31,0,31,0,0,49,0,49,14,0,14,63
10/09/2018,NQA,TN,ASO,CE,Federal Contract Tower,0,2,9,22,33,0,0,32,37,69,0,2,41,59,102,28,57,85,187
10/10/2018,NQA,TN,ASO,CE,Federal Contract Tower,0,0,17,18,35,0,0,31,0,31,0,0,48,18,66,18,52,70,136
10/11/2018,NQA,TN,ASO,CE,Federal Contract Tower,0,0,6,4,10,0,2,62,31,95,0,2,68,35,105,30,98,128,233
10/12/2018,NQA,TN,ASO,CE,Federal Contract Tower,0,1,11,11,23,0,0,55,4,59,0,1,66,15,82,30,0,30,112
10/13/2018,NQA,TN,ASO,CE,Federal Contract Tower,0,0,13,1,14,0,0,29,1,30,0,0,42,2,44,20,4,24,68
10/14/2018,NQA,TN,ASO,CE,Federal Contract Tower,0,0,16,4,20,0,0,0,0,0,0,0,16,4,20,0,0,0,20
10/15/2018,NQA,TN,ASO,CE,Federal Contract Tower,0,1,8,0,9,0,0,0,0,0,0,1,8,0,9,0,0,0,9
10/16/2018,NQA,TN,ASO,CE,Federal Contract Tower,0,0,7,2,9,0,0,19,3,22,0,0,26,5,31,0,8,8,39
10/17/2018,NQA,TN,ASO,CE,Federal Contract Tower,0,0,32,8,40,0,0,65,7,72,0,0,97,15,112,44,46,90,202
10/18/2018,NQA,TN,ASO,CE,Federal Contract Tower,0,0,23,3,26,0,0,73,0,73,0,0,96,3,99,42,18,60,159
10/19/2018,NQA,TN,ASO,CE,Federal Contract Tower,0,0,17,3,20,0,0,40,0,40,0,0,57,3,60,8,0,8,68
10/20/2018,NQA,TN,ASO,CE,Federal Contract Tower,0,0,7,1,8,0,0,24,0,24,0,0,31,1,32,4,0,4,36
10/21/2018,NQA,TN,ASO,CE,Federal Contract Tower,0,0,9,0,9,0,0,19,12,31,0,0,28,12,40,18,0,18,58
10/22/2018,NQA,TN,ASO,CE,Federal Contract Tower,0,2,8,2,12,0,0,41,6,47,0,2,49,8,59,0,52,52,111
10/23/2018,NQA,TN,ASO,CE,Federal Contract Tower,0,0,13,2,15,0,0,32,4,36,0,0,45,6,51,12,54,66,117
10/24/2018,NQA,TN,ASO,CE,Federal Contract Tower,0,4,12,4,20,0,0,36,2,38,0,4,48,6,58,20,72,92,150
10/25/2018,NQA,TN,ASO,CE,Federal Contract Tower,0,0,4,10,14,0,0,9,0,9,0,0,13,10,23,0,10,10,33
10/26/2018,NQA,TN,ASO,CE,Federal Contract Tower,0,3,6,1,10,0,0,6,0,6,0,3,12,1,16,0,0,0,16
10/27/2018,NQA,TN,ASO,CE,Federal Contract Tower,0,1,14,0,15,0,0,46,2,48,0,1,60,2,63,14,0,14,77
10/28/2018,NQA,TN,ASO,CE,Federal Contract Tower,0,0,6,0,6,0,0,21,0,21,0,0,27,0,27,0,0,0,27
10/29/2018,NQA,TN,ASO,CE,Federal Contract Tower,0,2,18,3,23,0,0,62,0,62,0,2,80,3,85,22,0,22,107
10/30/2018,NQA,TN,ASO,CE,Federal Contract Tower,0,2,12,2,16,0,0,55,2,57,0,2,67,4,73,4,24,28,101
10/31/2018,NQA,TN,ASO,CE,Federal Contract Tower,0,0,11,0,11,0,0,8,0,8,0,0,19,0,19,0,6,6,25
11/01/2018,NQA,TN,ASO,CE,Federal Contract Tower,0,2,7,2,11,0,0,0,0,0,0,2,7,2,11,0,0,0,11
11/02/2018,NQA,TN,ASO,CE,Federal Contract Tower,0,0,22,8,30,0,0,32,1,33,0,0,54,9,63,0,40,40,103
11/03/2018,NQA,TN,ASO,CE,Federal Contract Tower,0,0,11,1,12,0,0,40,1,41,0,0,51,2,53,26,0,26,79
11/04/2018,NQA,TN,ASO,CE,Federal Contract Tower,0,0,11,0,11,0,0,1,0,1,0,0,12,0,12,0,0,0,12
11/05/2018,NQA,TN,ASO,CE,Federal Contract Tower,0,0,6,2,8,0,0,0,0,0,0,0,6,2,8,0,0,0,8
11/06/2018,NQA,TN,ASO,CE,Federal Contract Tower,0,2,13,1,16,0,0,60,0,60,0,2,73,1,76,46,0,46,122
11/07/2018,NQA,TN,ASO,CE,Federal Contract Tower,0,4,8,11,23,0,0,47,0,47,0,4,55,11,70,32,14,46,116
11/08/2018,NQA,TN,ASO,CE,Federal Contract Tower,0,2,4,13,19,0,1,56,14,71,0,3,60,27,90,24,60,84,174
11/09/2018,NQA,TN,ASO,CE,Federal Contract Tower,0,2,14,2,18,0,0,31,0,31,0,2,45,2,49,24,0,24,73
11/10/2018,NQA,TN,ASO,CE,Federal Contract Tower,0,2,14,0,16,0,0,49,0,49,0,2,63,0,65,24,0,24,89
11/11/2018,NQA,TN,ASO,CE,Federal Contract Tower,0,2,16,0,18,0,0,12,0,12,0,2,28,0,30,10,0,10,40
11/12/2018,NQA,TN,ASO,CE,Federal Contract Tower,0,2,2,0,4,0,0,0,0,0,0,2,2,0,4,0,0,0,4
11/13/2018,NQA,TN,ASO,CE,Federal Contract Tower,0,0,8,2,10,0,0,10,0,10,0,0,18,2,20,0,4,4,24
11/14/2018,NQA,TN,ASO,CE,Federal Contract Tower,0,0,5,0,5,0,0,4,0,4,0,0,9,0,9,6,0,6,15
11/15/2018,NQA,TN,ASO,CE,Federal Contract Tower,0,0,8,2,10,0,0,26,0,26,0,0,34,2,36,6,10,16,52
11/16/2018,NQA,TN,ASO,CE,Federal Contract Tower,0,1,15,7,23,0,0,77,6,83,0,1,92,13,106,60,58,118,224
11/17/2018,NQA,TN,ASO,CE,Federal Contract Tower,0,1,7,0,8,0,0,46,0,46,0,1,53,0,54,32,0,32,86
11/18/2018,NQA,TN,ASO,CE,Federal Contract Tower,0,0,22,0,22,0,0,33,0,33,0,0,55,0,55,18,0,18,73
11/19/2018,NQA,TN,ASO,CE,Federal Contract Tower,0,0,8,2,10,0,0,18,2,20,0,0,26,4,30,8,14,22,52
11/20/2018,NQA,TN,ASO,CE,Federal Contract Tower,0,0,21,2,23,0,0,61,0,61,0,0,82,2,84,94,6,100,184
11/21/2018,NQA,TN,ASO,CE,Federal Contract Tower,0,0,14,0,14,0,0,32,0,32,0,0,46,0,46,4,0,4,50
11/22/2018,NQA,TN,ASO,CE,Federal Contract Tower,0,0,2,0,2,0,0,12,0,12,0,0,14,0,14,12,0,12,26
11/23/2018,NQA,TN,ASO,CE,Federal Contract Tower,0,0,8,0,8,0,0,9,0,9,0,0,17,0,17,0,0,0,17
11/24/2018,NQA,TN,ASO,CE,Federal Contract Tower,0,0,16,0,16,0,0,27,0,27,0,0,43,0,43,20,0,20,63
11/25/2018,NQA,TN,ASO,CE,Federal Contract Tower,0,4,15,0,19,0,0,3,0,3,0,4,18,0,22,0,0,0,22
11/26/2018,NQA,TN,ASO,CE,Federal Contract Tower,0,0,7,2,9,0,0,38,0,38,0,0,45,2,47,50,40,90,137
11/27/2018,NQA,TN,ASO,CE,Federal Contract Tower,0,0,17,7,24,0,0,43,0,43,0,0,60,7,67,10,12,22,89
11/28/2018,NQA,TN,ASO,CE,Federal Contract Tower,0,0,16,3,19,0,0,75,0,75,0,0,91,3,94,14,0,14,108
11/29/2018,NQA,TN,ASO,CE,Federal Contract Tower,0,2,11,0,13,0,0,9,0,9,0,2,20,0,22,0,0,0,22
11/30/2018,NQA,TN,ASO,CE,Federal Contract Tower,0,0,8,4,12,0,0,0,0,0,0,0,8,4,12,0,0,0,12
12/01/2018,NQA,TN,ASO,CE,Federal Contract Tower,0,2,7,1,10,0,0,15,0,15,0,2,22,1,25,0,0,0,25
12/02/2018,NQA,TN,ASO,CE,Federal Contract Tower,0,0,8,1,9,0,0,38,0,38,0,0,46,1,47,26,2,28,75
12/03/2018,NQA,TN,ASO,CE,Federal Contract Tower,0,2,19,13,34,0,0,43,0,43,0,2,62,13,77,42,8,50,127
12/04/2018,NQA,TN,ASO,CE,Federal Contract Tower,0,2,9,4,15,0,0,54,3,57,0,2,63,7,72,10,0,10,82
12/05/2018,NQA,TN,ASO,CE,Federal Contract Tower,0,2,21,0,23,0,0,59,0,59,0,2,80,0,82,10,0,10,92
12/06/2018,NQA,TN,ASO,CE,Federal Contract Tower,0,2,9,15,26,0,0,13,2,15,0,2,22,17,41,0,10,10,51
12/07/2018,NQA,TN,ASO,CE,Federal Contract Tower,0,0,6,1,7,0,0,0,0,0,0,0,6,1,7,0,0,0,7
12/08/2018,NQA,TN,ASO,CE,Federal Contract Tower,0,0,2,0,2,0,0,0,0,0,0,0,2,0,2,0,0,0,2
12/09/2018,NQA,TN,ASO,CE,Federal Contract Tower,0,0,2,0,2,0,0,0,0,0,0,0,2,0,2,0,0,0,2
12/10/2018,NQA,TN,ASO,CE,Federal Contract Tower,0,0,10,0,10,0,0,21,0,21,0,0,31,0,31,0,0,0,31
12/11/2018,NQA,TN,ASO,CE,Federal Contract Tower,0,0,35,3,38,0,0,53,0,53,0,0,88,3,91,32,0,32,123
12/12/2018,NQA,TN,ASO,CE,Federal Contract Tower,0,2,23,6,31,0,0,28,0,28,0,2,51,6,59,16,14,30,89
12/13/2018,NQA,TN,ASO,CE,Federal Contract Tower,0,0,4,10,14,0,0,18,0,18,0,0,22,10,32,22,14,36,68
12/14/2018,NQA,TN,ASO,CE,Federal Contract Tower,14,2,3,0,19,0,0,0,0,0,14,2,3,0,19,0,0,0,19
12/15/2018,NQA,TN,ASO,CE,Federal Contract Tower,0,0,1,0,1,0,0,0,0,0,0,0,1,0,1,0,0,0,1
12/16/2018,NQA,TN,ASO,CE,Federal Contract Tower,0,1,23,4,28,0,1,43,1,45,0,2,66,5,73,38,4,42,115
12/17/2018,NQA,TN,ASO,CE,Federal Contract Tower,0,2,18,0,20,0,0,38,0,38,0,2,56,0,58,24,0,24,82
12/18/2018,NQA,TN,ASO,CE,Federal Contract Tower,0,0,28,8,36,0,0,44,9,53,0,0,72,17,89,16,40,56,145
12/19/2018,NQA,TN,ASO,CE,Federal Contract Tower,0,0,13,9,22,0,0,48,5,53,0,0,61,14,75,26,92,118,193
12/20/2018,NQA,TN,ASO,CE,Federal Contract Tower,8,3,7,0,18,0,0,1,0,1,8,3,8,0,19,0,0,0,19
12/21/2018,NQA,TN,ASO,CE,Federal Contract Tower,0,7,7,2,16,0,0,22,2,24,0,7,29,4,40,12,0,12,52
12/22/2018,NQA,TN,ASO,CE,Federal Contract Tower,0,0,6,0,6,0,0,62,3,65,0,0,68,3,71,18,22,40,111
12/23/2018,NQA,TN,ASO,CE,Federal Contract Tower,0,2,6,0,8,0,0,6,0,6,0,2,12,0,14,0,0,0,14
12/24/2018,NQA,TN,ASO,CE,Federal Contract Tower,0,0,5,0,5,0,0,11,0,11,0,0,16,0,16,0,0,0,16
12/25/2018,NQA,TN,ASO,CE,Federal Contract Tower,0,0,3,0,3,0,0,2,0,2,0,0,5,0,5,6,0,6,11
12/26/2018,NQA,TN,ASO,CE,Federal Contract Tower,0,0,20,0,20,0,0,3,0,3,0,0,23,0,23,0,0,0,23
12/27/2018,NQA,TN,ASO,CE,Federal Contract Tower,0,0,1,0,1,0,0,0,0,0,0,0,1,0,1,0,0,0,1
12/28/2018,NQA,TN,ASO,CE,Federal Contract Tower,0,3,15,5,23,0,0,31,2,33,0,3,46,7,56,28,0,28,84
12/29/2018,NQA,TN,ASO,CE,Federal Contract Tower,0,2,14,0,16,0,0,48,0,48,0,2,62,0,64,12,0,12,76
12/30/2018,NQA,TN,ASO,CE,Federal Contract Tower,0,0,6,0,6,0,0,21,0,21,0,0,27,0,27,34,0,34,61
12/31/2018,NQA,TN,ASO,CE,Federal Contract Tower,0,2,0,0,2,0,0,0,0,0,0,2,0,0,2,0,0,0,2
01/01/2019,NQA,TN,ASO,CE,Federal Contract Tower,0,2,8,0,10,0,0,11,0,11,0,2,19,0,21,16,0,16,37
01/02/2019,NQA,TN,ASO,CE,Federal Contract Tower,0,0,2,4,6,0,0,4,0,4,0,0,6,4,10,0,0,0,10
01/03/2019,NQA,TN,ASO,CE,Federal Contract Tower,0,0,4,24,28,0,0,24,3,27,0,0,28,27,55,22,70,92,147
01/04/2019,NQA,TN,ASO,CE,Federal Contract Tower,0,0,6,2,8,0,0,0,0,0,0,0,6,2,8,0,0,0,8
01/05/2019,NQA,TN,ASO,CE,Federal Contract Tower,0,0,13,0,13,0,0,86,0,86,0,0,99,0,99,42,0,42,141
01/06/2019,NQA,TN,ASO,CE,Federal Contract Tower,0,0,6,0,6,0,0,29,0,29,0,0,35,0,35,10,0,10,45
01/07/2019,NQA,TN,ASO,CE,Federal Contract Tower,0,0,4,1,5,0,0,8,0,8,0,0,12,1,13,4,0,4,17
01/08/2019,NQA,TN,ASO,CE,Federal Contract Tower,0,0,13,3,16,0,0,47,1,48,0,0,60,4,64,36,2,38,102
01/09/2019,NQA,TN,ASO,CE,Federal Contract Tower,0,0,10,0,10,0,0,50,0,50,0,0,60,0,60,18,0,18,78
01/10/2019,NQA,TN,ASO,CE,Federal Contract Tower,0,0,5,4,9,0,0,83,2,85,0,0,88,6,94,90,32,122,216
01/11/2019,NQA,TN,ASO,CE,Federal Contract Tower,0,2,5,5,12,0,0,32,0,32,0,2,37,5,44,38,12,50,94
01/12/2019,NQA,TN,ASO,CE,Federal Contract Tower,0,0,2,0,2,0,0,0,0,0,0,0,2,0,2,0,0,0,2
01/13/2019,NQA,TN,ASO,CE,Federal Contract Tower,0,0,8,0,8,0,0,0,0,0,0,0,8,0,8,0,0,0,8
01/14/2019,NQA,TN,ASO,CE,Federal Contract Tower,0,0,3,2,5,0,0,0,2,2,0,0,3,4,7,0,0,0,7
01/15/2019,NQA,TN,ASO,CE,Federal Contract Tower,0,0,19,9,28,0,0,70,3,73,0,0,89,12,101,46,60,106,207
01/16/2019,NQA,TN,ASO,CE,Federal Contract Tower,0,0,9,3,12,0,0,50,4,54,0,0,59,7,66,22,0,22,88
01/17/2019,NQA,TN,ASO,CE,Federal Contract Tower,0,0,4,2,6,0,0,0,0,0,0,0,4,2,6,0,0,0,6
01/18/2019,NQA,TN,ASO,CE,Federal Contract Tower,0,1,14,10,25,0,0,11,0,11,0,1,25,10,36,26,0,26,62
01/19/2019,NQA,TN,ASO,CE,Federal Contract Tower,0,2,5,0,7,0,0,0,0,0,0,2,5,0,7,0,0,0,7
01/20/2019,NQA,TN,ASO,CE,Federal Contract Tower,0,1,10,1,12,0,0,20,0,20,0,1,30,1,32,16,0,16,48
01/21/2019,NQA,TN,ASO,CE,Federal Contract Tower,0,1,6,0,7,0,0,63,0,63,0,1,69,0,70,62,0,62,132
01/22/2019,NQA,TN,ASO,CE,Federal Contract Tower,0,0,2,4,6,0,0,17,0,17,0,0,19,4,23,14,16,30,53
01/23/2019,NQA,TN,ASO,CE,Federal Contract Tower,0,0,4,0,4,0,0,0,0,0,0,0,4,0,4,0,0,0,4
01/24/2019,NQA,TN,ASO,CE,Federal Contract Tower,0,0,12,12,24,0,0,72,10,82,0,0,84,22,106,46,94,140,246
01/25/2019,NQA,TN,ASO,CE,Federal Contract Tower,0,4,16,2,22,0,4,59,0,63,0,8,75,2,85,62,0,62,147
01/26/2019,NQA,TN,ASO,CE,Federal Contract Tower,0,0,7,0,7,0,0,55,0,55,0,0,62,0,62,44,0,44,106
01/27/2019,NQA,TN,ASO,CE,Federal Contract Tower,0,0,4,0,4,0,0,42,0,42,0,0,46,0,46,6,0,6,52
01/28/2019,NQA,TN,ASO,CE,Federal Contract Tower,0,0,10,0,10,0,0,38,0,38,0,0,48,0,48,20,0,20,68
01/29/2019,NQA,TN,ASO,CE,Federal Contract Tower,0,0,16,2,18,0,0,48,0,48,0,0,64,2,66,22,4,26,92
01/30/2019,NQA,TN,ASO,CE,Federal Contract Tower,0,0,10,14,24,0,0,52,0,52,0,0,62,14,76,36,58,94,170
01/31/2019,NQA,TN,ASO,CE,Federal Contract Tower,0,0,6,0,6,0,0,55,0,55,0,0,61,0,61,34,0,34,95
02/01/2019,NQA,TN,ASO,CE,Federal Contract Tower,0,0,11,15,26,0,0,35,2,37,0,0,46,17,63,24,12,36,99
02/02/2019,NQA,TN,ASO,CE,Federal Contract Tower,0,2,15,2,19,0,0,58,5,63,0,2,73,7,82,8,18,26,108
02/03/2019,NQA,TN,ASO,CE,Federal Contract Tower,0,0,8,4,12,0,0,29,1,30,0,0,37,5,42,16,44,60,102
02/04/2019,NQA,TN,ASO,CE,Federal Contract Tower,0,0,9,14,23,0,0,10,3,13,0,0,19,17,36,8,70,78,114
02/05/2019,NQA,TN,ASO,CE,Federal Contract Tower,0,0,7,0,7,0,0,0,0,0,0,0,7,0,7,0,0,0,7
02/06/2019,NQA,TN,ASO,CE,Federal Contract Tower,0,0,3,0,3,0,0,3,0,3,0,0,6,0,6,18,0,18,24
02/07/2019,NQA,TN,ASO,CE,Federal Contract Tower,0,0,2,0,2,0,0,2,0,2,0,0,4,0,4,0,0,0,4
02/08/2019,NQA,TN,ASO,CE,Federal Contract Tower,0,0,11,2,13,0,0,65,0,65,0,0,76,2,78,72,0,72,150
02/09/2019,NQA,TN,ASO,CE,Federal Contract Tower,0,0,4,0,4,0,0,63,0,63,0,0,67,0,67,42,0,42,109
02/10/2019,NQA,TN,ASO,CE,Federal Contract Tower,0,2,7,0,9,0,0,0,0,0,0,2,7,0,9,0,0,0,9
02/11/2019,NQA,TN,ASO,CE,Federal Contract Tower,0,0,2,0,2,0,0,0,0,0,0,0,2,0,2,0,0,0,2
02/12/2019,NQA,TN,ASO,CE,Federal Contract Tower,0,0,2,3,5,0,0,21,1,22,0,0,23,4,27,0,0,0,27
02/13/2019,NQA,TN,ASO,CE,Federal Contract Tower,0,0,16,2,18,0,0,102,0,102,0,0,118,2,120,76,10,86,206
02/14/2019,NQA,TN,ASO,CE,Federal Contract Tower,0,2,6,2,10,0,0,22,0,22,0,2,28,2,32,4,10,14,46
02/15/2019,NQA,TN,ASO,CE,Federal Contract Tower,0,0,2,2,4,0,2,21,0,23,0,2,23,2,27,22,0,22,49
02/16/2019,NQA,TN,ASO,CE,Federal Contract Tower,0,0,6,0,6,0,0,12,0,12,0,0,18,0,18,30,0,30,48
02/17/2019,NQA,TN,ASO,CE,Federal Contract Tower,0,2,17,0,19,0,0,4,0,4,0,2,21,0,23,0,0,0,23
02/18/2019,NQA,TN,ASO,CE,Federal Contract Tower,0,0,13,0,13,0,0,70,0,70,0,0,83,0,83,10,0,10,93
02/19/2019,NQA,TN,ASO,CE,Federal Contract Tower,0,2,6,2,10,0,0,14,0,14,0,2,20,2,24,2,0,2,26
02/20/2019,NQA,TN,ASO,CE,Federal Contract Tower,0,4,6,2,12,0,0,13,0,13,0,4,19,2,25,36,0,36,61
02/21/2019,NQA,TN,ASO,CE,Federal Contract Tower,0,2,14,10,26,0,0,0,0,0,0,2,14,10,26,2,28,30,56
02/22/2019,NQA,TN,ASO,CE,Federal Contract Tower,0,0,5,0,5,0,0,0,0,0,0,0,5,0,5,0,0,0,5
02/23/2019,NQA,TN,ASO,CE,Federal Contract Tower,0,0,0,1,1,0,0,0,0,0,0,0,0,1,1,0,0,0,1
02/24/2019,NQA,TN,ASO,CE,Federal Contract Tower,0,2,14,1,17,0,0,47,0,47,0,2,61,1,64,38,0,38,102
02/25/2019,NQA,TN,ASO,CE,Federal Contract Tower,0,1,15,2,18,0,0,83,1,84,0,1,98,3,102,38,28,66,168
02/26/2019,NQA,TN,ASO,CE,Federal Contract Tower,0,0,18,2,20,0,0,71,0,71,0,0,89,2,91,40,28,68,159
02/27/2019,NQA,TN,ASO,CE,Federal Contract Tower,0,0,12,18,30,0,0,55,10,65,0,0,67,28,95,24,182,206,301
02/28/2019,NQA,TN,ASO,CE,Federal Contract Tower,0,0,22,11,33,0,0,2,0,2,0,0,24,11,35,0,0,0,35
03/01/2019,NQA,TN,ASO,CE,Federal Contract Tower,0,1,6,0,7,0,0,1,0,1,0,1,7,0,8,0,0,0,8
03/02/2019,NQA,TN,ASO,CE,Federal Contract Tower,0,2,8,0,10,0,0,13,0,13,0,2,21,0,23,38,0,38,61
03/03/2019,NQA,TN,ASO,CE,Federal Contract Tower,0,2,5,0,7,0,0,0,0,0,0,2,5,0,7,0,0,0,7
03/04/2019,NQA,TN,ASO,CE,Federal Contract Tower,0,0,10,4,14,0,0,58,2,60,0,0,68,6,74,16,42,58,132
03/05/2019,NQA,TN,ASO,CE,Federal Contract Tower,0,2,14,4,20,0,0,55,2,57,0,2,69,6,77,28,42,70,147
03/06/2019,NQA,TN,ASO,CE,Federal Contract Tower,0,1,11,2,14,0,0,67,5,72,0,1,78,7,86,30,20,50,136
03/07/2019,NQA,TN,ASO,CE,Federal Contract Tower,0,0,19,3,22,0,0,63,0,63,0,0,82,3,85,38,0,38,123
03/08/2019,NQA,TN,ASO,CE,Federal Contract Tower,0,2,6,0,8,0,0,0,0,0,0,2,6,0,8,0,0,0,8
03/09/2019,NQA,TN,ASO,CE,Federal Contract Tower,0,0,2,0,2,0,0,0,0,0,0,0,2,0,2,0,0,0,2
03/10/2019,NQA,TN,ASO,CE,Federal Contract Tower,0,0,19,0,19,0,0,64,0,64,0,0,83,0,83,24,0,24,107
03/11/2019,NQA,TN,ASO,CE,Federal Contract Tower,0,2,9,3,14,0,0,58,2,60,0,2,67,5,74,38,68,106,180
03/12/2019,NQA,TN,ASO,CE,Federal Contract Tower,0,2,12,12,26,0,0,52,3,55,0,2,64,15,81,50,122,172,253
03/13/2019,NQA,TN,ASO,CE,Federal Contract Tower,0,0,10,4,14,0,0,4,0,4,0,0,14,4,18,2,0,2,20
03/14/2019,NQA,TN,ASO,CE,Federal Contract Tower,0,2,13,0,15,0,0,1,0,1,0,2,14,0,16,0,0,0,16
03/15/2019,NQA,TN,ASO,CE,Federal Contract Tower,0,5,15,2,22,0,0,52,2,54,0,5,67,4,76,12,38,50,126
03/16/2019,NQA,TN,ASO,CE,Federal Contract Tower,0,4,17,0,21,0,1,47,0,48,0,5,64,0,69,14,0,14,83
03/17/2019,NQA,TN,ASO,CE,Federal Contract Tower,0,0,17,0,17,0,0,42,0,42,0,0,59,0,59,42,0,42,101
03/18/2019,NQA,TN,ASO,CE,Federal Contract Tower,0,0,10,11,21,0,0,58,1,59,0,0,68,12,80,28,0,28,108
03/19/2019,NQA,TN,ASO,CE,Federal Contract Tower,0,0,10,16,26,0,0,85,6,91,0,0,95,22,117,82,106,188,305
03/20/2019,NQA,TN,ASO,CE,Federal Contract Tower,0,2,13,7,22,0,0,45,3,48,0,2,58,10,70,16,56,72,142
03/21/2019,NQA,TN,ASO,CE,Federal Contract Tower,0,1,16,2,19,0,0,69,0,69,0,1,85,2,88,34,6,40,128
03/22/2019,NQA,TN,ASO,CE,Federal Contract Tower,0,2,44,10,56,0,0,69,0,69,0,2,113,10,125,0,72,72,197
03/23/2019,NQA,TN,ASO,CE,Federal Contract Tower,0,0,13,4,17,0,0,51,0,51,0,0,64,4,68,36,0,36,104
03/24/2019,NQA,TN,ASO,CE,Federal Contract Tower,0,2,10,2,14,0,0,8,0,8,0,2,18,2,22,0,0,0,22
03/25/2019,NQA,TN,ASO,CE,Federal Contract Tower,0,0,6,0,6,0,0,5,0,5,0,0,11,0,11,0,0,0,11
03/26/2019,NQA,TN,ASO,CE,Federal Contract Tower,0,1,14,5,20,0,0,58,5,63,0,1,72,10,83,18,78,96,179
03/27/2019,NQA,TN,ASO,CE,Federal Contract Tower,0,0,10,2,12,0,0,83,2,85,0,0,93,4,97,8,36,44,141
03/28/2019,NQA,TN,ASO,CE,Federal Contract Tower,0,0,6,2,8,0,0,59,2,61,0,0,65,4,69,42,28,70,139
03/29/2019,NQA,TN,ASO,CE,Federal Contract Tower,0,6,7,0,13,0,0,46,0,46,0,6,53,0,59,46,10,56,115
03/30/2019,NQA,TN,ASO,CE,Federal Contract Tower,0,0,7,4,11,0,0,8,0,8,0,0,15,4,19,0,0,0,19
03/31/2019,NQA,TN,ASO,CE,Federal Contract Tower,0,2,8,2,12,0,0,36,0,36,0,2,44,2,48,6,2,8,56
04/01/2019,NQA,TN,ASO,CE,Federal Contract Tower,0,0,4,11,15,0,0,51,0,51,0,0,55,11,66,34,36,70,136
04/02/2019,NQA,TN,ASO,CE,Federal Contract Tower,0,0,16,1,17,0,2,48,2,52,0,2,64,3,69,40,0,40,109
04/03/2019,NQA,TN,ASO,CE,Federal Contract Tower,0,0,19,3,22,0,0,38,2,40,0,0,57,5,62,24,42,66,128
04/04/2019,NQA,TN,ASO,CE,Federal Contract Tower,0,0,6,0,6,0,0,0,0,0,0,0,6,0,6,0,0,0,6
04/05/2019,NQA,TN,ASO,CE,Federal Contract Tower,0,2,12,14,28,0,0,17,2,19,0,2,29,16,47,4,0,4,51
04/06/2019,NQA,TN,ASO,CE,Federal Contract Tower,0,0,5,4,9,0,0,37,0,37,0,0,42,4,46,14,0,14,60
04/07/2019,NQA,TN,ASO,CE,Federal Contract Tower,0,0,0,2,2,0,0,2,0,2,0,0,2,2,4,0,0,0,4
04/08/2019,NQA,TN,ASO,CE,Federal Contract Tower,0,0,8,0,8,0,0,4,0,4,0,0,12,0,12,2,0,2,14
04/09/2019,NQA,TN,ASO,CE,Federal Contract Tower,0,1,13,9,23,0,0,71,6,77,0,1,84,15,100,62,16,78,178
04/10/2019,NQA,TN,ASO,CE,Federal Contract Tower,0,0,12,2,14,0,0,68,0,68,0,0,80,2,82,14,0,14,96
04/11/2019,NQA,TN,ASO,CE,Federal Contract Tower,0,0,15,9,24,0,0,7,0,7,0,0,22,9,31,4,0,4,35
04/12/2019,NQA,TN,ASO,CE,Federal Contract Tower,0,0,8,7,15,0,0,63,5,68,0,0,71,12,83,54,38,92,175
04/13/2019,NQA,TN,ASO,CE,Federal Contract Tower,0,0,7,0,7,0,0,0,0,0,0,0,7,0,7,0,0,0,7
04/14/2019,NQA,TN,ASO,CE,Federal Contract Tower,0,0,4,0,4,0,0,0,0,0,0,0,4,0,4,0,0,0,4
04/15/2019,NQA,TN,ASO,CE,Federal Contract Tower,0,0,14,1,15,0,0,60,0,60,0,0,74,1,75,42,0,42,117
04/16/2019,NQA,TN,ASO,CE,Federal Contract Tower,0,0,13,2,15,0,0,57,2,59,0,0,70,4,74,12,18,30,104
04/17/2019,NQA,TN,ASO,CE,Federal Contract Tower,0,3,4,16,23,0,0,46,3,49,0,3,50,19,72,38,74,112,184
04/18/2019,NQA,TN,ASO,CE,Federal Contract Tower,0,2,0,0,2,0,0,0,0,0,0,2,0,0,2,0,0,0,2
04/19/2019,NQA,TN,ASO,CE,Federal Contract Tower,0,0,5,0,5,0,0,1,0,1,0,0,6,0,6,0,0,0,6
04/20/2019,NQA,TN,ASO,CE,Federal Contract Tower,0,0,10,0,10,0,2,27,0,29,0,2,37,0,39,16,0,16,55
04/21/2019,NQA,TN,ASO,CE,Federal Contract Tower,0,0,10,0,10,0,0,18,0,18,0,0,28,0,28,0,0,0,28
04/22/2019,NQA,TN,ASO,CE,Federal Contract Tower,0,3,9,0,12,0,0,45,0,45,0,3,54,0,57,46,0,46,103
04/23/2019,NQA,TN,ASO,CE,Federal Contract Tower,0,5,15,3,23,0,5,64,3,72,0,10,79,6,95,98,28,126,221
04/24/2019,NQA,TN,ASO,CE,Federal Contract Tower,0,0,15,2,17,0,0,53,2,55,0,0,68,4,72,26,22,48,120
04/25/2019,NQA,TN,ASO,CE,Federal Contract Tower,0,2,11,2,15,0,2,2,0,4,0,4,13,2,19,0,0,0,19
04/26/2019,NQA,TN,ASO,CE,Federal Contract Tower,0,0,14,2,16,0,0,38,0,38,0,0,52,2,54,48,0,48,102
04/27/2019,NQA,TN,ASO,CE,Federal Contract Tower,0,0,2,0,2,0,0,31,0,31,0,0,33,0,33,0,0,0,33
04/28/2019,NQA,TN,ASO,CE,Federal Contract Tower,0,0,12,0,12,0,0,31,0,31,0,0,43,0,43,4,0,4,47
04/29/2019,NQA,TN,ASO,CE,Federal Contract Tower,0,0,7,2,9,0,0,43,0,43,0,0,50,2,52,34,0,34,86
04/30/2019,NQA,TN,ASO,CE,Federal Contract Tower,0,0,15,0,15,0,0,56,0,56,0,0,71,0,71,60,0,60,131
05/01/2019,NQA,TN,ASO,CE,Federal Contract Tower,0,0,9,6,15,0,0,24,0,24,0,0,33,6,39,16,0,16,55
05/02/2019,NQA,TN,ASO,CE,Federal Contract Tower,0,1,20,4,25,0,0,30,0,30,0,1,50,4,55,20,4,24,79
05/03/2019,NQA,TN,ASO,CE,Federal Contract Tower,0,2,13,14,29,0,2,23,0,25,0,4,36,14,54,28,18,46,100
05/04/2019,NQA,TN,ASO,CE,Federal Contract Tower,0,0,6,0,6,0,0,0,0,0,0,0,6,0,6,0,0,0,6
05/05/2019,NQA,TN,ASO,CE,Federal Contract Tower,0,0,11,0,11,0,0,28,0,28,0,0,39,0,39,16,0,16,55
05/06/2019,NQA,TN,ASO,CE,Federal Contract Tower,0,0,14,0,14,0,0,44,0,44,0,0,58,0,58,28,0,28,86
05/07/2019,NQA,TN,ASO,CE,Federal Contract Tower,0,3,19,7,29,0,0,81,4,85,0,3,100,11,114,56,38,94,208
05/08/2019,NQA,TN,ASO,CE,Federal Contract Tower,0,1,20,2,23,0,0,37,2,39,0,1,57,4,62,40,4,44,106
05/09/2019,NQA,TN,ASO,CE,Federal Contract Tower,0,7,12,26,45,0,0,15,0,15,0,7,27,26,60,12,20,32,92
05/10/2019,NQA,TN,ASO,CE,Federal Contract Tower,0,0,16,16,32,0,0,5,0,5,0,0,21,16,37,0,0,0,37
05/11/2019,NQA,TN,ASO,CE,Federal Contract Tower,0,0,10,0,10,0,0,0,0,0,0,0,10,0,10,0,0,0,10
05/12/2019,NQA,TN,ASO,CE,Federal Contract Tower,0,0,13,0,13,0,0,4,0,4,0,0,17,0,17,0,0,0,17
05/13/2019,NQA,TN,ASO,CE,Federal Contract Tower,0,0,13,0,13,0,0,69,0,69,0,0,82,0,82,86,0,86,168
05/14/2019,NQA,TN,ASO,CE,Federal Contract Tower,0,0,12,4,16,0,0,80,0,80,0,0,92,4,96,44,12,56,152
05/15/2019,NQA,TN,ASO,CE,Federal Contract Tower,0,0,16,2,18,0,0,42,0,42,0,0,58,2,60,36,0,36,96
05/16/2019,NQA,TN,ASO,CE,Federal Contract Tower,0,0,21,14,35,0,0,86,3,89,0,0,107,17,124,50,50,100,224
05/17/2019,NQA,TN,ASO,CE,Federal Contract Tower,0,0,16,2,18,0,0,72,0,72,0,0,88,2,90,18,50,68,158
05/18/2019,NQA,TN,ASO,CE,Federal Contract Tower,0,0,12,0,12,0,0,46,0,46,0,0,58,0,58,22,0,22,80
05/19/2019,NQA,TN,ASO,CE,Federal Contract Tower,0,0,7,0,7,0,0,18,0,18,0,0,25,0,25,2,0,2,27
05/20/2019,NQA,TN,ASO,CE,Federal Contract Tower,0,2,16,2,20,0,0,59,0,59,0,2,75,2,79,26,0,26,105
05/21/2019,NQA,TN,ASO,CE,Federal Contract Tower,0,9,16,1,26,0,0,32,1,33,0,9,48,2,59,6,6,12,71
05/22/2019,NQA,TN,ASO,CE,Federal Contract Tower,0,4,18,4,26,0,0,32,2,34,0,4,50,6,60,38,6,44,104
05/23/2019,NQA,TN,ASO,CE,Federal Contract Tower,0,0,21,4,25,0,0,61,0,61,0,0,82,4,86,38,34,72,158
05/24/2019,NQA,TN,ASO,CE,Federal Contract Tower,0,0,19,3,22,0,0,64,3,67,0,0,83,6,89,26,0,26,115
05/25/2019,NQA,TN,ASO,CE,Federal Contract Tower,0,2,12,1,15,0,0,31,0,31,0,2,43,1,46,18,0,18,64
05/26/2019,NQA,TN,ASO,CE,Federal Contract Tower,0,0,4,1,5,0,0,12,0,12,0,0,16,1,17,0,0,0,17
05/27/2019,NQA,TN,ASO,CE,Federal Contract Tower,0,5,24,0,29,0,0,37,0,37,0,5,61,0,66,12,0,12,78
05/28/2019,NQA,TN,ASO,CE,Federal Contract Tower,0,2,10,12,24,0,0,43,4,47,0,2,53,16,71,8,48,56,127
05/29/2019,NQA,TN,ASO,CE,Federal Contract Tower,0,2,8,6,16,0,0,60,2,62,0,2,68,8,78,52,60,112,190
05/30/2019,NQA,TN,ASO,CE,Federal Contract Tower,0,0,13,22,35,0,0,37,0,37,0,0,50,22,72,36,40,76,148
05/31/2019,NQA,TN,ASO,CE,Federal Contract Tower,0,0,29,23,52,0,0,79,4,83,0,0,108,27,135,12,22,34,169
06/01/2019,NQA,TN,ASO,CE,Federal Contract Tower,0,0,6,0,6,0,0,85,1,86,0,0,91,1,92,28,2,30,122
06/02/2019,NQA,TN,ASO,CE,Federal Contract Tower,0,0,17,2,19,0,0,40,0,40,0,0,57,2,59,10,2,12,71
06/03/2019,NQA,TN,ASO,CE,Federal Contract Tower,0,0,22,0,22,0,2,43,0,45,0,2,65,0,67,40,0,40,107
06/04/2019,NQA,TN,ASO,CE,Federal Contract Tower,0,2,8,0,10,0,0,30,0,30,0,2,38,0,40,14,0,14,54
06/05/2019,NQA,TN,ASO,CE,Federal Contract Tower,0,0,16,13,29,0,0,44,12,56,0,0,60,25,85,20,250,270,355
06/06/2019,NQA,TN,ASO,CE,Federal Contract Tower,0,0,8,0,8,0,0,8,0,8,0,0,16,0,16,6,0,6,22
06/07/2019,NQA,TN,ASO,CE,Federal Contract Tower,0,1,3,4,8,0,0,7,0,7,0,1,10,4,15,8,0,8,23
06/08/2019,NQA,TN,ASO,CE,Federal Contract Tower,0,0,9,2,11,0,0,4,0,4,0,0,13,2,15,2,0,2,17
06/09/2019,NQA,TN,ASO,CE,Federal Contract Tower,0,0,18,0,18,0,0,20,0,20,0,0,38,0,38,34,0,34,72
06/10/2019,NQA,TN,ASO,CE,Federal Contract Tower,0,0,5,6,11,0,0,51,3,54,0,0,56,9,65,26,72,98,163
06/11/2019,NQA,TN,ASO,CE,Federal Contract Tower,0,2,24,4,30,0,0,65,2,67,0,2,89,6,97,82,44,126,223
06/12/2019,NQA,TN,ASO,CE,Federal Contract Tower,0,0,19,4,23,0,0,70,4,74,0,0,89,8,97,70,82,152,249
06/13/2019,NQA,TN,ASO,CE,Federal Contract Tower,0,2,13,2,17,0,0,46,0,46,0,2,59,2,63,16,6,22,85
06/14/2019,NQA,TN,ASO,CE,Federal Contract Tower,0,1,19,12,32,0,1,49,2,52,0,2,68,14,84,20,94,114,198
06/15/2019,NQA,TN,ASO,CE,Federal Contract Tower,0,2,12,4,18,0,0,24,1,25,0,2,36,5,43,10,12,22,65
06/16/2019,NQA,TN,ASO,CE,Federal Contract Tower,0,0,13,3,16,0,0,6,1,7,0,0,19,4,23,2,2,4,27
06/17/2019,NQA,TN,ASO,CE,Federal Contract Tower,0,2,7,0,9,0,0,23,0,23,0,2,30,0,32,18,0,18,50
06/18/2019,NQA,TN,ASO,CE,Federal Contract Tower,0,4,4,5,13,0,0,17,2,19,0,4,21,7,32,8,60,68,100
06/19/2019,NQA,TN,ASO,CE,Federal Contract Tower,0,2,7,7,16,0,0,56,2,58,0,2,63,9,74,56,84,140,214
06/20/2019,NQA,TN,ASO,CE,Federal Contract Tower,0,2,15,9,26,0,0,59,6,65,0,2,74,15,91,34,158,192,283
06/21/2019,NQA,TN,ASO,CE,Federal Contract Tower,0,4,19,12,35,0,0,44,0,44,0,4,63,12,79,30,0,30,109
06/22/2019,NQA,TN,ASO,CE,Federal Contract Tower,0,0,8,6,14,0,0,36,0,36,0,0,44,6,50,20,8,28,78
06/23/2019,NQA,TN,ASO,CE,Federal Contract Tower,0,0,8,0,8,0,0,39,0,39,0,0,47,0,47,16,0,16,63
06/24/2019,NQA,TN,ASO,CE,Federal Contract Tower,0,2,22,2,26,0,0,62,3,65,0,2,84,5,91,14,34,48,139
06/25/2019,NQA,TN,ASO,CE,Federal Contract Tower,0,2,18,1,21,0,0,68,7,75,0,2,86,8,96,30,22,52,148
06/26/2019,NQA,TN,ASO,CE,Federal Contract Tower,0,0,20,2,22,0,0,85,14,99,0,0,105,16,121,36,6,42,163
06/27/2019,NQA,TN,ASO,CE,Federal Contract Tower,0,1,5,2,8,0,0,20,1,21,0,1,25,3,29,42,26,68,97
06/28/2019,NQA,TN,ASO,CE,Federal Contract Tower,0,0,6,2,8,0,0,61,0,61,0,0,67,2,69,54,0,54,123
06/29/2019,NQA,TN,ASO,CE,Federal Contract Tower,0,3,23,0,26,0,1,61,0,62,0,4,84,0,88,26,0,26,114
06/30/2019,NQA,TN,ASO,CE,Federal Contract Tower,0,0,13,0,13,0,0,36,0,36,0,0,49,0,49,22,0,22,71
07/01/2019,NQA,TN,ASO,CE,Federal Contract Tower,0,0,5,0,5,0,0,36,4,40,0,0,41,4,45,18,0,18,63
07/02/2019,NQA,TN,ASO,CE,Federal Contract Tower,0,3,13,0,16,0,0,43,0,43,0,3,56,0,59,6,0,6,65
07/03/2019,NQA,TN,ASO,CE,Federal Contract Tower,0,0,16,0,16,0,0,50,0,50,0,0,66,0,66,22,0,22,88
07/04/2019,NQA,TN,ASO,CE,Federal Contract Tower,0,0,10,0,10,0,0,18,0,18,0,0,28,0,28,8,0,8,36
07/05/2019,NQA,TN,ASO,CE,Federal Contract Tower,0,0,14,0,14,0,0,12,0,12,0,0,26,0,26,12,0,12,38
07/06/2019,NQA,TN,ASO,CE,Federal Contract Tower,0,0,23,0,23,0,0,21,0,21,0,0,44,0,44,8,0,8,52
07/07/2019,NQA,TN,ASO,CE,Federal Contract Tower,0,0,23,0,23,0,0,20,0,20,0,0,43,0,43,18,0,18,61
07/08/2019,NQA,TN,ASO,CE,Federal Contract Tower,0,4,6,6,16,0,0,54,4,58,0,4,60,10,74,12,2,14,88
07/09/2019,NQA,TN,ASO,CE,Federal Contract Tower,0,2,18,0,20,0,0,73,2,75,0,2,91,2,95,34,0,34,129
07/10/2019,NQA,TN,ASO,CE,Federal Contract Tower,0,0,14,4,18,0,0,37,4,41,0,0,51,8,59,8,0,8,67
07/11/2019,NQA,TN,ASO,CE,Federal Contract Tower,0,4,12,5,21,0,0,54,0,54,0,4,66,5,75,0,30,30,105
07/12/2019,NQA,TN,ASO,CE,Federal Contract Tower,0,0,11,6,17,0,0,70,0,70,0,0,81,6,87,26,0,26,113
07/13/2019,NQA,TN,ASO,CE,Federal Contract Tower,0,0,15,0,15,0,0,41,0,41,0,0,56,0,56,6,0,6,62
07/14/2019,NQA,TN,ASO,CE,Federal Contract Tower,0,0,1,0,1,0,0,2,0,2,0,0,3,0,3,0,0,0,3
07/15/2019,NQA,TN,ASO,CE,Federal Contract Tower,0,0,2,0,2,0,0,1,0,1,0,0,3,0,3,0,0,0,3
07/16/2019,NQA,TN,ASO,CE,Federal Contract Tower,0,1,7,0,8,0,0,2,0,2,0,1,9,0,10,0,0,0,10
07/17/2019,NQA,TN,ASO,CE,Federal Contract Tower,0,0,20,4,24,0,0,24,2,26,0,0,44,6,50,0,32,32,82
07/18/2019,NQA,TN,ASO,CE,Federal Contract Tower,0,0,14,2,16,0,1,87,0,88,0,1,101,2,104,32,0,32,136
07/19/2019,NQA,TN,ASO,CE,Federal Contract Tower,0,0,22,16,38,0,0,68,0,68,0,0,90,16,106,20,4,24,130
07/20/2019,NQA,TN,ASO,CE,Federal Contract Tower,0,2,13,1,16,0,0,40,0,40,0,2,53,1,56,30,0,30,86
07/21/2019,NQA,TN,ASO,CE,Federal Contract Tower,0,0,12,1,13,0,0,12,1,13,0,0,24,2,26,8,0,8,34
07/22/2019,NQA,TN,ASO,CE,Federal Contract Tower,0,4,22,2,28,0,2,4,0,6,0,6,26,2,34,14,0,14,48
07/23/2019,NQA,TN,ASO,CE,Federal Contract Tower,0,2,12,4,18,0,0,58,1,59,0,2,70,5,77,56,52,108,185
07/24/2019,NQA,TN,ASO,CE,Federal Contract Tower,0,5,16,7,28,0,0,73,1,74,0,5,89,8,102,68,72,140,242
07/25/2019,NQA,TN,ASO,CE,Federal Contract Tower,0,1,23,5,29,0,0,82,2,84,0,1,105,7,113,66,52,118,231
07/26/2019,NQA,TN,ASO,CE,Federal Contract Tower,0,0,16,7,23,0,0,85,4,89,0,0,101,11,112,36,96,132,244
07/27/2019,NQA,TN,ASO,CE,Federal Contract Tower,0,0,8,0,8,0,0,57,0,57,0,0,65,0,65,16,0,16,81
07/28/2019,NQA,TN,ASO,CE,Federal Contract Tower,0,2,11,1,14,0,3,28,0,31,0,5,39,1,45,10,0,10,55
07/29/2019,NQA,TN,ASO,CE,Federal Contract Tower,0,0,13,1,14,0,1,44,4,49,0,1,57,5,63,44,0,44,107
07/30/2019,NQA,TN,ASO,CE,Federal Contract Tower,0,2,19,9,30,0,0,27,3,30,0,2,46,12,60,12,48,60,120
07/31/2019,NQA,TN,ASO,CE,Federal Contract Tower,0,0,26,6,32,0,0,59,8,67,0,0,85,14,99,56,40,96,195
08/01/2019,NQA,TN,ASO,CE,Federal Contract Tower,0,0,20,7,27,0,0,67,4,71,0,0,87,11,98,46,74,120,218
08/02/2019,NQA,TN,ASO,CE,Federal Contract Tower,0,2,16,7,25,0,0,53,2,55,0,2,69,9,80,20,32,52,132
08/03/2019,NQA,TN,ASO,CE,Federal Contract Tower,0,0,19,3,22,0,0,28,0,28,0,0,47,3,50,2,14,16,66
08/04/2019,NQA,TN,ASO,CE,Federal Contract Tower,0,4,6,0,10,0,0,16,0,16,0,4,22,0,26,12,0,12,38
08/05/2019,NQA,TN,ASO,CE,Federal Contract Tower,0,0,17,3,20,0,0,41,0,41,0,0,58,3,61,4,0,4,65
08/06/2019,NQA,TN,ASO,CE,Federal Contract Tower,0,1,23,7,31,0,0,49,3,52,0,1,72,10,83,46,66,112,195
08/07/2019,NQA,TN,ASO,CE,Federal Contract Tower,0,1,15,0,16,0,0,46,0,46,0,1,61,0,62,6,0,6,68
08/08/2019,NQA,TN,ASO,CE,Federal Contract Tower,0,2,10,0,12,0,0,15,1,16,0,2,25,1,28,0,0,0,28
08/09/2019,NQA,TN,ASO,CE,Federal Contract Tower,0,0,9,0,9,0,0,27,1,28,0,0,36,1,37,26,0,26,63
08/10/2019,NQA,TN,ASO,CE,Federal Contract Tower,0,0,14,0,14,0,0,13,0,13,0,0,27,0,27,10,0,10,37
08/11/2019,NQA,TN,ASO,CE,Federal Contract Tower,0,0,14,0,14,0,0,22,0,22,0,0,36,0,36,0,0,0,36
08/12/2019,NQA,TN,ASO,CE,Federal Contract Tower,0,0,15,0,15,0,0,36,0,36,0,0,51,0,51,22,0,22,73
08/13/2019,NQA,TN,ASO,CE,Federal Contract Tower,0,0,5,0,5,0,0,43,1,44,0,0,48,1,49,18,2,20,69
08/14/2019,NQA,TN,ASO,CE,Federal Contract Tower,0,0,20,10,30,0,1,42,4,47,0,1,62,14,77,60,104,164,241
08/15/2019,NQA,TN,ASO,CE,Federal Contract Tower,0,0,25,13,38,0,0,66,4,70,0,0,91,17,108,32,94,126,234
08/16/2019,NQA,TN,ASO,CE,Federal Contract Tower,0,0,22,12,34,0,0,52,2,54,0,0,74,14,88,6,32,38,126
08/17/2019,NQA,TN,ASO,CE,Federal Contract Tower,0,0,11,2,13,0,1,48,0,49,0,1,59,2,62,30,0,30,92
08/18/2019,NQA,TN,ASO,CE,Federal Contract Tower,0,0,11,6,17,0,0,28,0,28,0,0,39,6,45,8,0,8,53
08/19/2019,NQA,TN,ASO,CE,Federal Contract Tower,0,0,12,4,16,0,0,35,2,37,0,0,47,6,53,54,62,116,169
08/20/2019,NQA,TN,ASO,CE,Federal Contract Tower,0,0,5,8,13,0,0,39,2,41,0,0,44,10,54,14,78,92,146
08/21/2019,NQA,TN,ASO,CE,Federal Contract Tower,0,2,22,4,28,0,2,60,4,66,0,4,82,8,94,50,68,118,212
08/22/2019,NQA,TN,ASO,CE,Federal Contract Tower,0,2,19,2,23,0,0,30,0,30,0,2,49,2,53,14,10,24,77
08/23/2019,NQA,TN,ASO,CE,Federal Contract Tower,0,0,16,5,21,0,0,21,0,21,0,0,37,5,42,0,30,30,72
08/24/2019,NQA,TN,ASO,CE,Federal Contract Tower,0,0,16,3,19,0,1,4,0,5,0,1,20,3,24,6,0,6,30
08/25/2019,NQA,TN,ASO,CE,Federal Contract Tower,0,2,12,0,14,0,0,16,0,16,0,2,28,0,30,2,0,2,32
08/26/2019,NQA,TN,ASO,CE,Federal Contract Tower,0,2,9,0,11,0,0,11,0,11,0,2,20,0,22,10,0,10,32
08/27/2019,NQA,TN,ASO,CE,Federal Contract Tower,0,2,7,14,23,0,0,35,1,36,0,2,42,15,59,0,50,50,109
08/28/2019,NQA,TN,ASO,CE,Federal Contract Tower,0,2,19,6,27,0,4,48,2,54,0,6,67,8,81,14,72,86,167
08/29/2019,NQA,TN,ASO,CE,Federal Contract Tower,0,2,17,9,28,0,2,78,0,80,0,4,95,9,108,66,24,90,198
08/30/2019,NQA,TN,ASO,CE,Federal Contract Tower,0,0,16,4,20,0,0,64,0,64,0,0,80,4,84,36,0,36,120
08/31/2019,NQA,TN,ASO,CE,Federal Contract Tower,0,0,29,2,31,0,1,28,0,29,0,1,57,2,60,10,0,10,70
09/01/2019,NQA,TN,ASO,CE,Federal Contract Tower,0,0,7,0,7,0,0,11,0,11,0,0,18,0,18,4,0,4,22
09/02/2019,NQA,TN,ASO,CE,Federal Contract Tower,0,0,15,10,25,0,0,21,0,21,0,0,36,10,46,0,0,0,46
09/03/2019,NQA,TN,ASO,CE,Federal Contract Tower,0,0,17,2,19,0,0,23,2,25,0,0,40,4,44,6,12,18,62
09/04/2019,NQA,TN,ASO,CE,Federal Contract Tower,0,0,10,4,14,0,0,56,0,56,0,0,66,4,70,28,38,66,136
09/05/2019,NQA,TN,ASO,CE,Federal Contract Tower,0,0,23,4,27,0,0,55,1,56,0,0,78,5,83,70,62,132,215
09/06/2019,NQA,TN,ASO,CE,Federal Contract Tower,0,1,12,3,16,0,2,74,0,76,0,3,86,3,92,28,0,28,120
09/07/2019,NQA,TN,ASO,CE,Federal Contract Tower,0,0,10,4,14,0,0,52,7,59,0,0,62,11,73,30,0,30,103
09/08/2019,NQA,TN,ASO,CE,Federal Contract Tower,0,0,21,1,22,0,2,27,1,30,0,2,48,2,52,24,0,24,76
09/09/2019,NQA,TN,ASO,CE,Federal Contract Tower,0,0,11,0,11,0,0,48,1,49,0,0,59,1,60,50,0,50,110
09/10/2019,NQA,TN,ASO,CE,Federal Contract Tower,0,0,14,2,16,0,0,77,1,78,0,0,91,3,94,56,22,78,172
09/11/2019,NQA,TN,ASO,CE,Federal Contract Tower,0,1,15,4,20,0,0,57,0,57,0,1,72,4,77,38,14,52,129
09/12/2019,NQA,TN,ASO,CE,Federal Contract Tower,0,1,12,0,13,0,0,70,0,70,0,1,82,0,83,56,0,56,139
09/13/2019,NQA,TN,ASO,CE,Federal Contract Tower,0,1,17,9,27,0,2,62,0,64,0,3,79,9,91,16,10,26,117
09/14/2019,NQA,TN,ASO,CE,Federal Contract Tower,0,0,2,0,2,0,0,37,0,37,0,0,39,0,39,4,0,4,43
09/15/2019,NQA,TN,ASO,CE,Federal Contract Tower,0,2,17,4,23,0,0,17,0,17,0,2,34,4,40,18,0,18,58
09/16/2019,NQA,TN,ASO,CE,Federal Contract Tower,0,4,11,5,20,0,0,54,3,57,0,4,65,8,77,30,0,30,107
09/17/2019,NQA,TN,ASO,CE,Federal Contract Tower,0,0,5,18,23,0,0,44,0,44,0,0,49,18,67,10,0,10,77
09/18/2019,NQA,TN,ASO,CE,Federal Contract Tower,0,4,19,4,27,0,2,44,1,47,0,6,63,5,74,48,14,62,136
09/19/2019,NQA,TN,ASO,CE,Federal Contract Tower,0,1,10,8,19,0,0,34,2,36,0,1,44,10,55,24,52,76,131
09/20/2019,NQA,TN,ASO,CE,Federal Contract Tower,0,2,13,20,35,0,0,52,0,52,0,2,65,20,87,14,0,14,101
09/21/2019,NQA,TN,ASO,CE,Federal Contract Tower,0,2,8,0,10,0,0,37,0,37,0,2,45,0,47,6,0,6,53
09/22/2019,NQA,TN,ASO,CE,Federal Contract Tower,0,1,14,0,15,0,0,27,0,27,0,1,41,0,42,0,0,0,42
09/23/2019,NQA,TN,ASO,CE,Federal Contract Tower,0,0,5,0,5,0,0,4,0,4,0,0,9,0,9,0,0,0,9
09/24/2019,NQA,TN,ASO,CE,Federal Contract Tower,0,2,17,2,21,0,0,137,5,142,0,2,154,7,163,38,6,44,207
09/25/2019,NQA,TN,ASO,CE,Federal Contract Tower,0,0,14,2,16,0,0,151,1,152,0,0,165,3,168,30,0,30,198
09/26/2019,NQA,TN,ASO,CE,Federal Contract Tower,0,0,20,0,20,0,0,26,1,27,0,0,46,1,47,10,0,10,57
09/27/2019,NQA,TN,ASO,CE,Federal Contract Tower,0,5,14,0,19,0,0,60,0,60,0,5,74,0,79,8,0,8,87
09/28/2019,NQA,TN,ASO,CE,Federal Contract Tower,0,0,10,14,24,0,0,54,4,58,0,0,64,18,82,28,20,48,130
09/29/2019,NQA,TN,ASO,CE,Federal Contract Tower,0,0,13,5,18,0,0,16,0,16,0,0,29,5,34,0,0,0,34
09/30/2019,NQA,TN,ASO,CE,Federal Contract Tower,0,0,13,3,16,0,0,108,0,108,0,0,121,3,124,62,0,62,186
10/01/2019,NQA,TN,ASO,CE,Federal Contract Tower,0,0,19,4,23,0,0,47,0,47,0,0,66,4,70,18,0,18,88
10/02/2019,NQA,TN,ASO,CE,Federal Contract Tower,0,0,13,5,18,0,0,60,2,62,0,0,73,7,80,6,16,22,102
10/03/2019,NQA,TN,ASO,CE,Federal Contract Tower,0,2,16,2,20,0,0,51,0,51,0,2,67,2,71,16,54,70,141
10/04/2019,NQA,TN,ASO,CE,Federal Contract Tower,0,2,17,6,25,0,0,61,0,61,0,2,78,6,86,40,0,40,126
10/05/2019,NQA,TN,ASO,CE,Federal Contract Tower,0,1,18,0,19,0,3,6,0,9,0,4,24,0,28,20,0,20,48
10/06/2019,NQA,TN,ASO,CE,Federal Contract Tower,0,0,8,7,15,0,0,11,0,11,0,0,19,7,26,18,0,18,44
10/07/2019,NQA,TN,ASO,CE,Federal Contract Tower,0,0,7,2,9,0,0,25,0,25,0,0,32,2,34,10,0,10,44
10/08/2019,NQA,TN,ASO,CE,Federal Contract Tower,0,0,15,3,18,0,0,64,4,68,0,0,79,7,86,34,46,80,166
10/09/2019,NQA,TN,ASO,CE,Federal Contract Tower,0,0,10,7,17,0,0,37,1,38,0,0,47,8,55,14,0,14,69
10/10/2019,NQA,TN,ASO,CE,Federal Contract Tower,0,3,11,15,29,0,0,69,3,72,0,3,80,18,101,62,52,114,215
10/11/2019,NQA,TN,ASO,CE,Federal Contract Tower,0,0,8,1,9,0,0,1,0,1,0,0,9,1,10,0,0,0,10
10/12/2019,NQA,TN,ASO,CE,Federal Contract Tower,0,2,11,0,13,0,0,35,0,35,0,2,46,0,48,10,0,10,58
10/13/2019,NQA,TN,ASO,CE,Federal Contract Tower,0,2,11,6,19,0,0,16,0,16,0,2,27,6,35,0,0,0,35
10/14/2019,NQA,TN,ASO,CE,Federal Contract Tower,0,2,13,6,21,0,0,38,0,38,0,2,51,6,59,14,0,14,73
10/15/2019,NQA,TN,ASO,CE,Federal Contract Tower,0,0,8,16,24,0,0,2,0,2,0,0,10,16,26,0,44,44,70
10/16/2019,NQA,TN,ASO,CE,Federal Contract Tower,0,4,13,4,21,0,0,57,2,59,0,4,70,6,80,8,2,10,90
10/17/2019,NQA,TN,ASO,CE,Federal Contract Tower,0,5,18,0,23,0,0,72,3,75,0,5,90,3,98,10,0,10,108
10/18/2019,NQA,TN,ASO,CE,Federal Contract Tower,0,0,11,0,11,0,0,77,0,77,0,0,88,0,88,24,0,24,112
10/19/2019,NQA,TN,ASO,CE,Federal Contract Tower,0,0,10,0,10,0,0,36,0,36,0,0,46,0,46,40,0,40,86
10/20/2019,NQA,TN,ASO,CE,Federal Contract Tower,0,0,18,13,31,0,0,31,0,31,0,0,49,13,62,0,0,0,62
10/21/2019,NQA,TN,ASO,CE,Federal Contract Tower,0,0,13,0,13,0,0,2,0,2,0,0,15,0,15,6,0,6,21
10/22/2019,NQA,TN,ASO,CE,Federal Contract Tower,0,0,26,5,31,0,1,59,1,61,0,1,85,6,92,38,68,106,198
10/23/2019,NQA,TN,ASO,CE,Federal Contract Tower,0,2,14,2,18,0,1,83,2,86,0,3,97,4,104,84,16,100,204
10/24/2019,NQA,TN,ASO,CE,Federal Contract Tower,0,0,6,0,6,0,0,62,0,62,0,0,68,0,68,40,0,40,108
10/25/2019,NQA,TN,ASO,CE,Federal Contract Tower,0,0,11,0,11,0,0,12,0,12,0,0,23,0,23,4,0,4,27
10/26/2019,NQA,TN,ASO,CE,Federal Contract Tower,0,0,1,0,1,0,0,0,0,0,0,0,1,0,1,0,0,0,1
10/27/2019,NQA,TN,ASO,CE,Federal Contract Tower,0,0,24,2,26,0,0,2,0,2,0,0,26,2,28,0,0,0,28
10/28/2019,NQA,TN,ASO,CE,Federal Contract Tower,0,0,5,1,6,0,0,6,2,8,0,0,11,3,14,12,6,18,32
10/29/2019,NQA,TN,ASO,CE,Federal Contract Tower,0,2,11,4,17,0,0,15,0,15,0,2,26,4,32,6,8,14,46
10/30/2019,NQA,TN,ASO,CE,Federal Contract Tower,0,3,7,3,13,0,0,0,0,0,0,3,7,3,13,0,0,0,13
10/31/2019,NQA,TN,ASO,CE,Federal Contract Tower,0,0,9,5,14,0,0,5,6,11,0,0,14,11,25,0,2,2,27
11/01/2019,NQA,TN,ASO,CE,Federal Contract Tower,0,4,6,11,21,0,0,76,4,80,0,4,82,15,101,14,82,96,197
11/02/2019,NQA,TN,ASO,CE,Federal Contract Tower,0,0,4,0,4,0,0,46,0,46,0,0,50,0,50,10,0,10,60
11/03/2019,NQA,TN,ASO,CE,Federal Contract Tower,0,1,19,0,20,0,0,62,0,62,0,1,81,0,82,14,0,14,96
11/04/2019,NQA,TN,ASO,CE,Federal Contract Tower,0,2,8,21,31,0,2,80,9,91,0,4,88,30,122,0,0,0,122
11/05/2019,NQA,TN,ASO,CE,Federal Contract Tower,0,1,9,0,10,0,2,63,1,66,0,3,72,1,76,16,0,16,92
11/06/2019,NQA,TN,ASO,CE,Federal Contract Tower,0,1,9,6,16,0,0,59,2,61,0,1,68,8,77,14,12,26,103
11/07/2019,NQA,TN,ASO,CE,Federal Contract Tower,0,0,8,0,8,0,0,0,0,0,0,0,8,0,8,0,0,0,8
11/08/2019,NQA,TN,ASO,CE,Federal Contract Tower,0,2,18,0,20,0,0,63,0,63,0,2,81,0,83,46,0,46,129
11/09/2019,NQA,TN,ASO,CE,Federal Contract Tower,0,0,9,0,9,0,0,47,0,47,0,0,56,0,56,26,0,26,82
11/10/2019,NQA,TN,ASO,CE,Federal Contract Tower,0,1,9,0,10,0,0,39,0,39,0,1,48,0,49,28,0,28,77
11/11/2019,NQA,TN,ASO,CE,Federal Contract Tower,0,0,8,0,8,0,0,0,0,0,0,0,8,0,8,0,0,0,8
11/12/2019,NQA,TN,ASO,CE,Federal Contract Tower,0,6,5,4,15,0,0,35,0,35,0,6,40,4,50,12,42,54,104
11/13/2019,NQA,TN,ASO,CE,Federal Contract Tower,0,2,16,2,20,0,0,69,1,70,0,2,85,3,90,26,16,42,132
11/14/2019,NQA,TN,ASO,CE,Federal Contract Tower,0,2,21,2,25,0,0,69,2,71,0,2,90,4,96,32,0,32,128
11/15/2019,NQA,TN,ASO,CE,Federal Contract Tower,0,1,14,11,26,0,0,49,2,51,0,1,63,13,77,26,84,110,187
11/16/2019,NQA,TN,ASO,CE,Federal Contract Tower,0,0,8,5,13,0,0,32,3,35,0,0,40,8,48,22,8,30,78
11/17/2019,NQA,TN,ASO,CE,Federal Contract Tower,0,0,8,11,19,0,0,35,1,36,0,0,43,12,55,2,0,2,57
11/18/2019,NQA,TN,ASO,CE,Federal Contract Tower,0,2,9,0,11,0,0,62,1,63,0,2,71,1,74,12,0,12,86
11/19/2019,NQA,TN,ASO,CE,Federal Contract Tower,0,6,11,2,19,0,0,56,7,63,0,6,67,9,82,6,28,34,116
11/20/2019,NQA,TN,ASO,CE,Federal Contract Tower,0,0,22,2,24,0,0,81,2,83,0,0,103,4,107,2,8,10,117
11/21/2019,NQA,TN,ASO,CE,Federal Contract Tower,0,0,17,1,18,0,0,15,0,15,0,0,32,1,33,2,0,2,35
11/22/2019,NQA,TN,ASO,CE,Federal Contract Tower,0,2,5,0,7,0,0,0,0,0,0,2,5,0,7,0,0,0,7
11/23/2019,NQA,TN,ASO,CE,Federal Contract Tower,0,0,15,1,16,0,0,1,0,1,0,0,16,1,17,2,0,2,19
11/24/2019,NQA,TN,ASO,CE,Federal Contract Tower,0,1,18,1,20,0,0,78,0,78,0,1,96,1,98,30,0,30,128
11/25/2019,NQA,TN,ASO,CE,Federal Contract Tower,0,3,11,0,14,0,0,92,0,92,0,3,103,0,106,36,0,36,142
11/26/2019,NQA,TN,ASO,CE,Federal Contract Tower,0,4,6,0,10,0,0,1,0,1,0,4,7,0,11,0,0,0,11
11/27/2019,NQA,TN,ASO,CE,Federal Contract Tower,0,4,19,0,23,0,0,44,0,44,0,4,63,0,67,26,0,26,93
11/28/2019,NQA,TN,ASO,CE,Federal Contract Tower,0,0,4,0,4,0,0,1,0,1,0,0,5,0,5,0,0,0,5
11/29/2019,NQA,TN,ASO,CE,Federal Contract Tower,0,0,16,0,16,0,0,6,0,6,0,0,22,0,22,12,0,12,34
11/30/2019,NQA,TN,ASO,CE,Federal Contract Tower,0,0,3,0,3,0,0,1,0,1,0,0,4,0,4,0,0,0,4
12/01/2019,NQA,TN,ASO,CE,Federal Contract Tower,0,0,25,0,25,0,0,16,0,16,0,0,41,0,41,0,0,0,41
12/02/2019,NQA,TN,ASO,CE,Federal Contract Tower,0,0,9,0,9,0,0,24,0,24,0,0,33,0,33,2,0,2,35
12/03/2019,NQA,TN,ASO,CE,Federal Contract Tower,0,0,21,12,33,0,0,69,1,70,0,0,90,13,103,8,56,64,167
12/04/2019,NQA,TN,ASO,CE,Federal Contract Tower,0,0,25,9,34,0,0,56,2,58,0,0,81,11,92,12,52,64,156
12/05/2019,NQA,TN,ASO,CE,Federal Contract Tower,0,6,24,0,30,0,1,63,0,64,0,7,87,0,94,36,0,36,130
12/06/2019,NQA,TN,ASO,CE,Federal Contract Tower,0,2,8,0,10,0,0,6,0,6,0,2,14,0,16,12,0,12,28
12/07/2019,NQA,TN,ASO,CE,Federal Contract Tower,0,0,6,0,6,0,0,20,0,20,0,0,26,0,26,18,0,18,44
12/08/2019,NQA,TN,ASO,CE,Federal Contract Tower,0,0,9,0,9,0,0,11,0,11,0,0,20,0,20,0,0,0,20
12/09/2019,NQA,TN,ASO,CE,Federal Contract Tower,0,1,10,2,13,0,0,0,0,0,0,1,10,2,13,0,0,0,13
12/10/2019,NQA,TN,ASO,CE,Federal Contract Tower,0,2,7,6,15,0,0,29,4,33,0,2,36,10,48,18,0,18,66
12/11/2019,NQA,TN,ASO,CE,Federal Contract Tower,0,0,15,2,17,0,0,91,1,92,0,0,106,3,109,26,24,50,159
12/12/2019,NQA,TN,ASO,CE,Federal Contract Tower,0,2,17,10,29,0,0,60,0,60,0,2,77,10,89,20,54,74,163
12/13/2019,NQA,TN,ASO,CE,Federal Contract Tower,0,0,8,0,8,0,0,4,0,4,0,0,12,0,12,0,0,0,12
12/14/2019,NQA,TN,ASO,CE,Federal Contract Tower,0,0,10,0,10,0,0,2,0,2,0,0,12,0,12,0,0,0,12
12/15/2019,NQA,TN,ASO,CE,Federal Contract Tower,0,0,13,0,13,0,0,6,0,6,0,0,19,0,19,22,0,22,41
12/16/2019,NQA,TN,ASO,CE,Federal Contract Tower,0,2,1,0,3,0,0,0,0,0,0,2,1,0,3,0,0,0,3
12/17/2019,NQA,TN,ASO,CE,Federal Contract Tower,0,1,9,10,20,0,0,18,4,22,0,1,27,14,42,12,2,14,56
12/18/2019,NQA,TN,ASO,CE,Federal Contract Tower,0,5,20,0,25,0,0,83,0,83,0,5,103,0,108,18,0,18,126
12/19/2019,NQA,TN,ASO,CE,Federal Contract Tower,0,2,12,2,16,0,0,65,2,67,0,2,77,4,83,24,0,24,107
12/20/2019,NQA,TN,ASO,CE,Federal Contract Tower,0,2,14,0,16,0,0,40,0,40,0,2,54,0,56,2,0,2,58
12/21/2019,NQA,TN,ASO,CE,Federal Contract Tower,0,1,22,0,23,0,0,25,0,25,0,1,47,0,48,60,0,60,108
12/22/2019,NQA,TN,ASO,CE,Federal Contract Tower,0,0,5,0,5,0,0,5,0,5,0,0,10,0,10,18,0,18,28
12/23/2019,NQA,TN,ASO,CE,Federal Contract Tower,0,0,17,0,17,0,0,36,0,36,0,0,53,0,53,6,0,6,59
12/24/2019,NQA,TN,ASO,CE,Federal Contract Tower,0,0,10,0,10,0,0,26,0,26,0,0,36,0,36,16,0,16,52
12/25/2019,NQA,TN,ASO,CE,Federal Contract Tower,0,0,1,0,1,0,0,4,0,4,0,0,5,0,5,0,0,0,5
12/26/2019,NQA,TN,ASO,CE,Federal Contract Tower,0,2,18,0,20,0,0,3,0,3,0,2,21,0,23,0,0,0,23
12/27/2019,NQA,TN,ASO,CE,Federal Contract Tower,0,2,25,1,28,0,0,15,0,15,0,2,40,1,43,6,0,6,49
12/28/2019,NQA,TN,ASO,CE,Federal Contract Tower,0,0,20,1,21,0,0,3,0,3,0,0,23,1,24,0,0,0,24
12/29/2019,NQA,TN,ASO,CE,Federal Contract Tower,0,0,3,0,3,0,0,0,0,0,0,0,3,0,3,0,0,0,3
12/30/2019,NQA,TN,ASO,CE,Federal Contract Tower,0,0,22,0,22,0,0,51,0,51,0,0,73,0,73,10,0,10,83
12/31/2019,NQA,TN,ASO,CE,Federal Contract Tower,0,0,18,0,18,0,0,35,0,35,0,0,53,0,53,8,0,8,61
01/01/2020,NQA,TN,ASO,CE,Federal Contract Tower,0,2,17,0,19,0,0,28,0,28,0,2,45,0,47,8,0,8,55
01/02/2020,NQA,TN,ASO,CE,Federal Contract Tower,0,0,5,2,7,0,0,1,0,1,0,0,6,2,8,0,0,0,8
01/03/2020,NQA,TN,ASO,CE,Federal Contract Tower,0,0,6,1,7,0,0,0,0,0,0,0,6,1,7,0,0,0,7
01/04/2020,NQA,TN,ASO,CE,Federal Contract Tower,0,2,10,0,12,0,0,11,0,11,0,2,21,0,23,4,0,4,27
01/05/2020,NQA,TN,ASO,CE,Federal Contract Tower,0,0,25,0,25,0,0,43,0,43,0,0,68,0,68,4,0,4,72
01/06/2020,NQA,TN,ASO,CE,Federal Contract Tower,0,0,14,0,14,0,0,52,0,52,0,0,66,0,66,14,0,14,80
01/07/2020,NQA,TN,ASO,CE,Federal Contract Tower,0,5,25,2,32,0,0,70,0,70,0,5,95,2,102,34,32,66,168
01/08/2020,NQA,TN,ASO,CE,Federal Contract Tower,0,2,23,2,27,0,0,64,0,64,0,2,87,2,91,22,8,30,121
01/09/2020,NQA,TN,ASO,CE,Federal Contract Tower,0,1,11,7,19,0,0,20,2,22,0,1,31,9,41,4,18,22,63
01/10/2020,NQA,TN,ASO,CE,Federal Contract Tower,0,1,7,0,8,0,0,0,0,0,0,1,7,0,8,0,0,0,8
01/11/2020,NQA,TN,ASO,CE,Federal Contract Tower,0,0,0,0,0,0,0,1,0,1,0,0,1,0,1,0,0,0,1
01/12/2020,NQA,TN,ASO,CE,Federal Contract Tower,0,0,14,0,14,0,0,4,0,4,0,0,18,0,18,26,0,26,44
01/13/2020,NQA,TN,ASO,CE,Federal Contract Tower,0,0,6,0,6,0,0,26,0,26,0,0,32,0,32,0,0,0,32
01/14/2020,NQA,TN,ASO,CE,Federal Contract Tower,0,6,9,3,18,0,0,29,0,29,0,6,38,3,47,18,72,90,137
01/15/2020,NQA,TN,ASO,CE,Federal Contract Tower,0,6,5,8,19,0,0,0,0,0,0,6,5,8,19,0,0,0,19
01/16/2020,NQA,TN,ASO,CE,Federal Contract Tower,0,2,17,2,21,0,0,60,2,62,0,2,77,4,83,4,42,46,129
01/17/2020,NQA,TN,ASO,CE,Federal Contract Tower,0,2,11,0,13,0,0,49,0,49,0,2,60,0,62,12,0,12,74
01/18/2020,NQA,TN,ASO,CE,Federal Contract Tower,0,0,0,0,0,0,0,3,0,3,0,0,3,0,3,2,0,2,5
01/19/2020,NQA,TN,ASO,CE,Federal Contract Tower,0,0,4,0,4,0,0,32,0,32,0,0,36,0,36,0,0,0,36
01/20/2020,NQA,TN,ASO,CE,Federal Contract Tower,0,0,19,0,19,0,0,13,0,13,0,0,32,0,32,36,0,36,68
01/21/2020,NQA,TN,ASO,CE,Federal Contract Tower,0,0,13,2,15,0,0,62,2,64,0,0,75,4,79,10,24,34,113
01/22/2020,NQA,TN,ASO,CE,Federal Contract Tower,0,2,10,5,17,0,0,75,0,75,0,2,85,5,92,20,6,26,118
01/23/2020,NQA,TN,ASO,CE,Federal Contract Tower,0,0,10,0,10,0,0,0,0,0,0,0,10,0,10,0,0,0,10
01/24/2020,NQA,TN,ASO,CE,Federal Contract Tower,0,0,3,0,3,0,0,0,0,0,0,0,3,0,3,0,0,0,3
01/25/2020,NQA,TN,ASO,CE,Federal Contract Tower,0,0,4,2,6,0,0,59,0,59,0,0,63,2,65,2,8,10,75
01/26/2020,NQA,TN,ASO,CE,Federal Contract Tower,0,3,7,0,10,0,0,6,0,6,0,3,13,0,16,0,0,0,16
01/27/2020,NQA,TN,ASO,CE,Federal Contract Tower,0,2,21,2,25,0,0,53,0,53,0,2,74,2,78,18,18,36,114
01/28/2020,NQA,TN,ASO,CE,Federal Contract Tower,0,2,9,17,28,0,0,33,2,35,0,2,42,19,63,22,30,52,115
01/29/2020,NQA,TN,ASO,CE,Federal Contract Tower,0,2,4,17,23,0,0,8,0,8,0,2,12,17,31,16,0,16,47
01/30/2020,NQA,TN,ASO,CE,Federal Contract Tower,0,7,13,0,20,0,0,0,0,0,0,7,13,0,20,0,0,0,20
01/31/2020,NQA,TN,ASO,CE,Federal Contract Tower,0,0,9,2,11,0,0,0,0,0,0,0,9,2,11,0,0,0,11
02/01/2020,NQA,TN,ASO,ES,Federal Contract Tower,0,0,2,2,4,0,0,41,4,45,0,0,43,6,49,12,0,12,61
02/02/2020,NQA,TN,ASO,ES,Federal Contract Tower,0,1,8,0,9,0,0,73,0,73,0,1,81,0,82,24,0,24,106
02/03/2020,NQA,TN,ASO,ES,Federal Contract Tower,0,4,13,2,19,0,2,30,0,32,0,6,43,2,51,2,0,2,53
02/04/2020,NQA,TN,ASO,ES,Federal Contract Tower,0,2,7,4,13,0,0,0,0,0,0,2,7,4,13,0,0,0,13
02/05/2020,NQA,TN,ASO,ES,Federal Contract Tower,0,4,1,0,5,0,0,0,0,0,0,4,1,0,5,0,0,0,5
02/06/2020,NQA,TN,ASO,ES,Federal Contract Tower,0,0,3,4,7,0,0,0,0,0,0,0,3,4,7,0,0,0,7
02/07/2020,NQA,TN,ASO,ES,Federal Contract Tower,0,3,21,5,29,0,0,118,1,119,0,3,139,6,148,48,28,76,224
02/08/2020,NQA,TN,ASO,ES,Federal Contract Tower,0,5,5,0,10,0,0,74,0,74,0,5,79,0,84,26,0,26,110
02/09/2020,NQA,TN,ASO,ES,Federal Contract Tower,0,0,9,0,9,0,0,15,0,15,0,0,24,0,24,16,0,16,40
02/10/2020,NQA,TN,ASO,ES,Federal Contract Tower,0,4,2,0,6,0,0,0,0,0,0,4,2,0,6,0,0,0,6
02/11/2020,NQA,TN,ASO,ES,Federal Contract Tower,0,0,10,9,19,0,0,8,0,8,0,0,18,9,27,12,14,26,53
02/12/2020,NQA,TN,ASO,ES,Federal Contract Tower,0,0,7,10,17,0,0,0,0,0,0,0,7,10,17,0,0,0,17
02/13/2020,NQA,TN,ASO,ES,Federal Contract Tower,0,2,13,0,15,0,0,46,4,50,0,2,59,4,65,38,0,38,103
02/14/2020,NQA,TN,ASO,ES,Federal Contract Tower,0,0,25,4,29,0,0,76,6,82,0,0,101,10,111,58,2,60,171
02/15/2020,NQA,TN,ASO,ES,Federal Contract Tower,0,0,22,0,22,0,0,77,0,77,0,0,99,0,99,52,0,52,151
02/16/2020,NQA,TN,ASO,ES,Federal Contract Tower,0,0,15,2,17,0,0,35,0,35,0,0,50,2,52,20,0,20,72
02/17/2020,NQA,TN,ASO,ES,Federal Contract Tower,0,0,7,1,8,0,0,7,1,8,0,0,14,2,16,18,0,18,34
02/18/2020,NQA,TN,ASO,ES,Federal Contract Tower,0,0,0,0,0,0,0,0,0,0,0,0,0,0,0,0,0,0,0
02/19/2020,NQA,TN,ASO,ES,Federal Contract Tower,0,0,9,3,12,0,0,80,0,80,0,0,89,3,92,54,30,84,176
02/20/2020,NQA,TN,ASO,ES,Federal Contract Tower,0,0,10,6,16,0,0,25,0,25,0,0,35,6,41,16,6,22,63
02/21/2020,NQA,TN,ASO,ES,Federal Contract Tower,0,2,31,2,35,0,0,86,0,86,0,2,117,2,121,70,0,70,191
02/22/2020,NQA,TN,ASO,ES,Federal Contract Tower,0,4,11,0,15,0,0,74,0,74,0,4,85,0,89,58,0,58,147
02/23/2020,NQA,TN,ASO,ES,Federal Contract Tower,0,0,19,0,19,0,0,5,0,5,0,0,24,0,24,0,0,0,24
02/24/2020,NQA,TN,ASO,ES,Federal Contract Tower,0,0,4,0,4,0,0,0,0,0,0,0,4,0,4,0,0,0,4
02/25/2020,NQA,TN,ASO,ES,Federal Contract Tower,0,18,13,2,33,0,0,31,1,32,0,18,44,3,65,90,0,90,155
02/26/2020,NQA,TN,ASO,ES,Federal Contract Tower,0,2,7,0,9,0,0,15,8,23,0,2,22,8,32,0,0,0,32
02/27/2020,NQA,TN,ASO,ES,Federal Contract Tower,0,0,20,1,21,0,0,117,2,119,0,0,137,3,140,54,0,54,194
02/28/2020,NQA,TN,ASO,ES,Federal Contract Tower,0,2,11,3,16,0,0,60,2,62,0,2,71,5,78,10,46,56,134
02/29/2020,NQA,TN,ASO,ES,Federal Contract Tower,0,0,22,2,24,0,0,78,0,78,0,0,100,2,102,40,0,40,142
03/01/2020,NQA,TN,ASO,ES,Federal Contract Tower,0,0,15,0,15,0,0,12,0,12,0,0,27,0,27,22,0,22,49
03/02/2020,NQA,TN,ASO,ES,Federal Contract Tower,0,0,8,0,8,0,0,4,0,4,0,0,12,0,12,10,0,10,22
03/03/2020,NQA,TN,ASO,ES,Federal Contract Tower,0,2,22,6,30,0,0,61,2,63,0,2,83,8,93,48,10,58,151
03/04/2020,NQA,TN,ASO,ES,Federal Contract Tower,0,0,17,6,23,0,0,71,2,73,0,0,88,8,96,16,44,60,156
03/05/2020,NQA,TN,ASO,ES,Federal Contract Tower,0,1,11,4,16,0,0,56,0,56,0,1,67,4,72,66,74,140,212
03/06/2020,NQA,TN,ASO,ES,Federal Contract Tower,0,1,24,2,27,0,0,20,0,20,0,1,44,2,47,32,0,32,79
03/07/2020,NQA,TN,ASO,ES,Federal Contract Tower,0,0,13,0,13,0,0,74,2,76,0,0,87,2,89,46,0,46,135
03/08/2020,NQA,TN,ASO,ES,Federal Contract Tower,0,0,12,0,12,0,0,35,0,35,0,0,47,0,47,10,0,10,57
03/09/2020,NQA,TN,ASO,ES,Federal Contract Tower,0,0,21,0,21,0,0,7,0,7,0,0,28,0,28,0,0,0,28
03/10/2020,NQA,TN,ASO,ES,Federal Contract Tower,0,0,11,2,13,0,0,15,0,15,0,0,26,2,28,54,8,62,90
03/11/2020,NQA,TN,ASO,ES,Federal Contract Tower,0,0,18,0,18,0,0,0,0,0,0,0,18,0,18,0,0,0,18
03/12/2020,NQA,TN,ASO,ES,Federal Contract Tower,0,0,27,0,27,0,0,6,0,6,0,0,33,0,33,0,0,0,33
03/13/2020,NQA,TN,ASO,ES,Federal Contract Tower,0,0,14,8,22,0,0,44,0,44,0,0,58,8,66,12,130,142,208
03/14/2020,NQA,TN,ASO,ES,Federal Contract Tower,0,0,8,0,8,0,0,0,0,0,0,0,8,0,8,0,0,0,8
03/15/2020,NQA,TN,ASO,ES,Federal Contract Tower,0,2,9,0,11,0,0,4,0,4,0,2,13,0,15,16,0,16,31
03/16/2020,NQA,TN,ASO,ES,Federal Contract Tower,0,2,6,0,8,0,0,0,0,0,0,2,6,0,8,0,0,0,8
03/17/2020,NQA,TN,ASO,ES,Federal Contract Tower,0,0,19,14,33,0,0,4,0,4,0,0,23,14,37,0,0,0,37
03/18/2020,NQA,TN,ASO,ES,Federal Contract Tower,0,0,3,2,5,0,0,14,0,14,0,0,17,2,19,14,10,24,43
03/19/2020,NQA,TN,ASO,ES,Federal Contract Tower,0,2,4,0,6,0,0,17,0,17,0,2,21,0,23,30,0,30,53
03/20/2020,NQA,TN,ASO,ES,Federal Contract Tower,0,1,6,0,7,0,0,30,0,30,0,1,36,0,37,52,0,52,89
03/21/2020,NQA,TN,ASO,ES,Federal Contract Tower,0,1,18,0,19,0,0,36,0,36,0,1,54,0,55,32,0,32,87
03/22/2020,NQA,TN,ASO,ES,Federal Contract Tower,0,2,2,0,4,0,0,14,0,14,0,2,16,0,18,26,0,26,44
03/23/2020,NQA,TN,ASO,ES,Federal Contract Tower,0,0,18,0,18,0,0,31,0,31,0,0,49,0,49,60,0,60,109
03/24/2020,NQA,TN,ASO,ES,Federal Contract Tower,0,0,0,0,0,0,0,1,0,1,0,0,1,0,1,0,0,0,1
03/25/2020,NQA,TN,ASO,ES,Federal Contract Tower,0,0,1,1,2,0,0,6,0,6,0,0,7,1,8,52,0,52,60
03/26/2020,NQA,TN,ASO,ES,Federal Contract Tower,0,0,6,6,12,0,2,33,5,40,0,2,39,11,52,4,42,46,98
03/27/2020,NQA,TN,ASO,ES,Federal Contract Tower,0,0,2,4,6,0,0,88,0,88,0,0,90,4,94,28,18,46,140
03/28/2020,NQA,TN,ASO,ES,Federal Contract Tower,0,2,3,2,7,0,0,0,0,0,0,2,3,2,7,0,48,48,55
03/29/2020,NQA,TN,ASO,ES,Federal Contract Tower,0,0,7,0,7,0,0,53,0,53,0,0,60,0,60,60,0,60,120
03/30/2020,NQA,TN,ASO,ES,Federal Contract Tower,0,0,3,3,6,0,0,27,0,27,0,0,30,3,33,62,34,96,129
03/31/2020,NQA,TN,ASO,ES,Federal Contract Tower,0,0,2,8,10,0,0,11,0,11,0,0,13,8,21,6,84,90,111
04/01/2020,NQA,TN,ASO,ES,Federal Contract Tower,0,0,8,4,12,0,0,52,0,52,0,0,60,4,64,48,110,158,222
04/02/2020,NQA,TN,ASO,ES,Federal Contract Tower,0,0,6,10,16,0,0,13,0,13,0,0,19,10,29,4,101,105,134
04/03/2020,NQA,TN,ASO,ES,Federal Contract Tower,0,0,10,4,14,0,0,6,0,6,0,0,16,4,20,20,72,92,112
04/04/2020,NQA,TN,ASO,ES,Federal Contract Tower,0,0,7,6,13,0,0,10,0,10,0,0,17,6,23,10,76,86,109
04/05/2020,NQA,TN,ASO,ES,Federal Contract Tower,0,0,2,0,2,0,0,29,0,29,0,0,31,0,31,14,0,14,45
04/06/2020,NQA,TN,ASO,ES,Federal Contract Tower,0,0,12,4,16,0,0,21,0,21,0,0,33,4,37,0,98,98,135
04/07/2020,NQA,TN,ASO,ES,Federal Contract Tower,0,0,6,0,6,0,0,11,0,11,0,0,17,0,17,0,0,0,17
04/08/2020,NQA,TN,ASO,ES,Federal Contract Tower,0,0,3,0,3,0,0,18,0,18,0,0,21,0,21,12,0,12,33
04/09/2020,NQA,TN,ASO,ES,Federal Contract Tower,0,0,16,4,20,0,0,17,0,17,0,0,33,4,37,18,46,64,101
04/10/2020,NQA,TN,ASO,ES,Federal Contract Tower,0,0,12,0,12,0,0,26,0,26,0,0,38,0,38,8,0,8,46
04/11/2020,NQA,TN,ASO,ES,Federal Contract Tower,0,2,3,0,5,0,0,26,0,26,0,2,29,0,31,24,0,24,55
04/12/2020,NQA,TN,ASO,ES,Federal Contract Tower,0,0,0,0,0,0,0,0,0,0,0,0,0,0,0,0,0,0,0
04/13/2020,NQA,TN,ASO,ES,Federal Contract Tower,0,0,8,0,8,0,0,12,0,12,0,0,20,0,20,26,0,26,46
04/14/2020,NQA,TN,ASO,ES,Federal Contract Tower,0,0,3,2,5,0,0,26,0,26,0,0,29,2,31,12,0,12,43
04/15/2020,NQA,TN,ASO,ES,Federal Contract Tower,0,0,17,2,19,0,0,20,1,21,0,0,37,3,40,44,42,86,126
04/16/2020,NQA,TN,ASO,ES,Federal Contract Tower,0,1,20,0,21,0,0,31,0,31,0,1,51,0,52,38,0,38,90
04/17/2020,NQA,TN,ASO,ES,Federal Contract Tower,0,0,1,2,3,0,0,14,1,15,0,0,15,3,18,6,36,42,60
04/18/2020,NQA,TN,ASO,ES,Federal Contract Tower,0,1,4,0,5,0,0,45,0,45,0,1,49,0,50,48,0,48,98
04/19/2020,NQA,TN,ASO,ES,Federal Contract Tower,0,0,1,0,1,0,0,0,0,0,0,0,1,0,1,0,0,0,1
04/20/2020,NQA,TN,ASO,ES,Federal Contract Tower,0,0,16,0,16,0,0,36,0,36,0,0,52,0,52,20,0,20,72
04/21/2020,NQA,TN,ASO,ES,Federal Contract Tower,0,0,19,2,21,0,0,43,5,48,0,0,62,7,69,60,6,66,135
04/22/2020,NQA,TN,ASO,ES,Federal Contract Tower,0,0,8,0,8,0,0,3,0,3,0,0,11,0,11,0,0,0,11
04/23/2020,NQA,TN,ASO,ES,Federal Contract Tower,0,0,2,0,2,0,0,0,0,0,0,0,2,0,2,0,0,0,2
04/24/2020,NQA,TN,ASO,ES,Federal Contract Tower,0,0,11,0,11,0,0,39,0,39,0,0,50,0,50,52,0,52,102
04/25/2020,NQA,TN,ASO,ES,Federal Contract Tower,0,0,11,0,11,0,0,0,0,0,0,0,11,0,11,0,0,0,11
04/26/2020,NQA,TN,ASO,ES,Federal Contract Tower,0,0,4,0,4,0,0,19,0,19,0,0,23,0,23,14,0,14,37
04/27/2020,NQA,TN,ASO,ES,Federal Contract Tower,0,0,10,0,10,0,3,30,0,33,0,3,40,0,43,38,0,38,81
04/28/2020,NQA,TN,ASO,ES,Federal Contract Tower,0,0,5,2,7,0,0,17,0,17,0,0,22,2,24,8,6,14,38
04/29/2020,NQA,TN,ASO,ES,Federal Contract Tower,0,0,7,15,22,0,0,4,0,4,0,0,11,15,26,12,16,28,54
04/30/2020,NQA,TN,ASO,ES,Federal Contract Tower,0,2,15,8,25,0,3,25,0,28,0,5,40,8,53,28,0,28,81
05/01/2020,NQA,TN,ASO,ES,Federal Contract Tower,0,0,17,0,17,0,0,41,0,41,0,0,58,0,58,22,0,22,80
05/02/2020,NQA,TN,ASO,ES,Federal Contract Tower,0,0,8,2,10,0,0,15,0,15,0,0,23,2,25,0,0,0,25
05/03/2020,NQA,TN,ASO,ES,Federal Contract Tower,0,0,6,0,6,0,0,8,0,8,0,0,14,0,14,2,0,2,16
05/04/2020,NQA,TN,ASO,ES,Federal Contract Tower,0,0,2,8,10,0,0,10,19,29,0,0,12,27,39,30,0,30,69
05/05/2020,NQA,TN,ASO,ES,Federal Contract Tower,0,0,4,0,4,0,0,3,0,3,0,0,7,0,7,8,0,8,15
05/06/2020,NQA,TN,ASO,ES,Federal Contract Tower,0,0,4,4,8,0,0,26,2,28,0,0,30,6,36,50,30,80,116
05/07/2020,NQA,TN,ASO,ES,Federal Contract Tower,0,0,7,0,7,0,0,61,0,61,0,0,68,0,68,40,0,40,108
05/08/2020,NQA,TN,ASO,ES,Federal Contract Tower,0,2,4,0,6,0,0,2,0,2,0,2,6,0,8,14,0,14,22
05/09/2020,NQA,TN,ASO,ES,Federal Contract Tower,0,2,10,0,12,0,0,53,0,53,0,2,63,0,65,12,0,12,77
05/10/2020,NQA,TN,ASO,ES,Federal Contract Tower,0,0,5,0,5,0,0,25,0,25,0,0,30,0,30,22,0,22,52
05/11/2020,NQA,TN,ASO,ES,Federal Contract Tower,0,0,11,0,11,0,0,51,0,51,0,0,62,0,62,72,0,72,134
05/12/2020,NQA,TN,ASO,ES,Federal Contract Tower,0,0,6,0,6,0,0,23,0,23,0,0,29,0,29,72,0,72,101
05/13/2020,NQA,TN,ASO,ES,Federal Contract Tower,0,0,11,0,11,0,0,63,6,69,0,0,74,6,80,38,0,38,118
05/14/2020,NQA,TN,ASO,ES,Federal Contract Tower,0,0,11,0,11,0,0,105,0,105,0,0,116,0,116,74,0,74,190
05/15/2020,NQA,TN,ASO,ES,Federal Contract Tower,0,0,24,2,26,0,2,20,0,22,0,2,44,2,48,28,28,56,104
05/16/2020,NQA,TN,ASO,ES,Federal Contract Tower,0,2,5,0,7,0,0,10,0,10,0,2,15,0,17,2,0,2,19
05/17/2020,NQA,TN,ASO,ES,Federal Contract Tower,0,0,2,0,2,0,0,1,0,1,0,0,3,0,3,0,0,0,3
05/18/2020,NQA,TN,ASO,ES,Federal Contract Tower,0,0,20,0,20,0,0,66,0,66,0,0,86,0,86,46,0,46,132
05/19/2020,NQA,TN,ASO,ES,Federal Contract Tower,0,0,18,4,22,0,0,48,0,48,0,0,66,4,70,68,4,72,142
05/20/2020,NQA,TN,ASO,ES,Federal Contract Tower,0,0,31,5,36,0,0,49,0,49,0,0,80,5,85,44,22,66,151
05/21/2020,NQA,TN,ASO,ES,Federal Contract Tower,0,0,20,2,22,0,0,54,0,54,0,0,74,2,76,38,8,46,122
05/22/2020,NQA,TN,ASO,ES,Federal Contract Tower,0,0,4,0,4,0,2,19,0,21,0,2,23,0,25,56,0,56,81
05/23/2020,NQA,TN,ASO,ES,Federal Contract Tower,0,0,9,0,9,0,0,39,0,39,0,0,48,0,48,36,0,36,84
05/24/2020,NQA,TN,ASO,ES,Federal Contract Tower,0,0,7,0,7,0,0,17,0,17,0,0,24,0,24,12,0,12,36
05/25/2020,NQA,TN,ASO,ES,Federal Contract Tower,0,0,6,0,6,0,0,23,0,23,0,0,29,0,29,12,0,12,41
05/26/2020,NQA,TN,ASO,ES,Federal Contract Tower,0,0,7,2,9,0,0,11,0,11,0,0,18,2,20,12,20,32,52
05/27/2020,NQA,TN,ASO,ES,Federal Contract Tower,0,0,9,2,11,0,0,39,5,44,0,0,48,7,55,26,2,28,83
05/28/2020,NQA,TN,ASO,ES,Federal Contract Tower,0,2,7,4,13,0,0,40,0,40,0,2,47,4,53,30,0,30,83
05/29/2020,NQA,TN,ASO,ES,Federal Contract Tower,0,0,9,0,9,0,0,44,0,44,0,0,53,0,53,98,0,98,151
05/30/2020,NQA,TN,ASO,ES,Federal Contract Tower,0,0,12,0,12,0,2,59,0,61,0,2,71,0,73,38,0,38,111
05/31/2020,NQA,TN,ASO,ES,Federal Contract Tower,0,0,11,0,11,0,1,41,0,42,0,1,52,0,53,32,0,32,85
06/01/2020,NQA,TN,ASO,ES,Federal Contract Tower,0,0,11,0,11,0,0,59,5,64,0,0,70,5,75,60,0,60,135
06/02/2020,NQA,TN,ASO,ES,Federal Contract Tower,0,0,7,2,9,0,0,68,2,70,0,0,75,4,79,92,42,134,213
06/03/2020,NQA,TN,ASO,ES,Federal Contract Tower,0,0,15,2,17,0,0,70,0,70,0,0,85,2,87,50,38,88,175
06/04/2020,NQA,TN,ASO,ES,Federal Contract Tower,0,6,10,0,16,0,0,7,0,7,0,6,17,0,23,22,0,22,45
06/05/2020,NQA,TN,ASO,ES,Federal Contract Tower,0,0,15,4,19,0,0,39,0,39,0,0,54,4,58,22,68,90,148
06/06/2020,NQA,TN,ASO,ES,Federal Contract Tower,0,0,9,0,9,0,0,55,0,55,0,0,64,0,64,120,0,120,184
06/07/2020,NQA,TN,ASO,ES,Federal Contract Tower,0,2,11,0,13,0,2,17,0,19,0,4,28,0,32,16,0,16,48
06/08/2020,NQA,TN,ASO,ES,Federal Contract Tower,0,0,0,0,0,0,0,2,0,2,0,0,2,0,2,0,0,0,2
06/09/2020,NQA,TN,ASO,ES,Federal Contract Tower,0,2,12,0,14,0,0,6,0,6,0,2,18,0,20,6,0,6,26
06/10/2020,NQA,TN,ASO,ES,Federal Contract Tower,0,0,12,2,14,0,0,14,9,23,0,0,26,11,37,64,14,78,115
06/11/2020,NQA,TN,ASO,ES,Federal Contract Tower,0,0,8,6,14,0,2,77,0,79,0,2,85,6,93,68,32,100,193
06/12/2020,NQA,TN,ASO,ES,Federal Contract Tower,0,4,12,2,18,0,0,66,1,67,0,4,78,3,85,78,22,100,185
06/13/2020,NQA,TN,ASO,ES,Federal Contract Tower,0,0,15,0,15,0,0,42,0,42,0,0,57,0,57,58,0,58,115
06/14/2020,NQA,TN,ASO,ES,Federal Contract Tower,0,0,9,0,9,0,0,31,0,31,0,0,40,0,40,28,0,28,68
06/15/2020,NQA,TN,ASO,ES,Federal Contract Tower,0,0,12,1,13,0,0,55,0,55,0,0,67,1,68,102,0,102,170
06/16/2020,NQA,TN,ASO,ES,Federal Contract Tower,0,4,7,8,19,0,0,66,4,70,0,4,73,12,89,50,76,126,215
06/17/2020,NQA,TN,ASO,ES,Federal Contract Tower,0,7,15,4,26,0,0,62,0,62,0,7,77,4,88,66,28,94,182
06/18/2020,NQA,TN,ASO,ES,Federal Contract Tower,0,0,8,2,10,0,0,84,0,84,0,0,92,2,94,98,24,122,216
06/19/2020,NQA,TN,ASO,ES,Federal Contract Tower,0,0,16,15,31,0,0,80,2,82,0,0,96,17,113,72,68,140,253
06/20/2020,NQA,TN,ASO,ES,Federal Contract Tower,0,0,10,0,10,0,2,65,0,67,0,2,75,0,77,26,0,26,103
06/21/2020,NQA,TN,ASO,ES,Federal Contract Tower,0,0,11,0,11,0,0,3,0,3,0,0,14,0,14,0,0,0,14
06/22/2020,NQA,TN,ASO,ES,Federal Contract Tower,0,0,2,2,4,0,0,6,0,6,0,0,8,2,10,8,0,8,18
06/23/2020,NQA,TN,ASO,ES,Federal Contract Tower,0,1,7,3,11,0,1,45,2,48,0,2,52,5,59,16,62,78,137
06/24/2020,NQA,TN,ASO,ES,Federal Contract Tower,0,0,15,4,19,0,1,27,0,28,0,1,42,4,47,26,16,42,89
06/25/2020,NQA,TN,ASO,ES,Federal Contract Tower,0,0,9,4,13,0,0,57,2,59,0,0,66,6,72,56,54,110,182
06/26/2020,NQA,TN,ASO,ES,Federal Contract Tower,0,0,9,0,9,0,0,8,0,8,0,0,17,0,17,2,0,2,19
06/27/2020,NQA,TN,ASO,ES,Federal Contract Tower,0,0,5,0,5,0,0,3,0,3,0,0,8,0,8,6,0,6,14
06/28/2020,NQA,TN,ASO,ES,Federal Contract Tower,0,0,8,0,8,0,0,12,0,12,0,0,20,0,20,12,0,12,32
06/29/2020,NQA,TN,ASO,ES,Federal Contract Tower,0,0,6,0,6,0,2,49,0,51,0,2,55,0,57,72,0,72,129
06/30/2020,NQA,TN,ASO,ES,Federal Contract Tower,0,0,9,0,9,0,0,37,0,37,0,0,46,0,46,62,0,62,108
07/01/2020,NQA,TN,ASO,ES,Federal Contract Tower,0,0,7,0,7,0,0,3,0,3,0,0,10,0,10,0,0,0,10
07/02/2020,NQA,TN,ASO,ES,Federal Contract Tower,0,0,11,6,17,0,0,15,1,16,0,0,26,7,33,38,68,106,139
07/03/2020,NQA,TN,ASO,ES,Federal Contract Tower,0,2,5,0,7,0,0,31,6,37,0,2,36,6,44,4,0,4,48
07/04/2020,NQA,TN,ASO,ES,Federal Contract Tower,0,0,6,0,6,0,0,16,2,18,0,0,22,2,24,22,0,22,46
07/05/2020,NQA,TN,ASO,ES,Federal Contract Tower,0,2,8,0,10,0,0,14,0,14,0,2,22,0,24,4,0,4,28
07/06/2020,NQA,TN,ASO,ES,Federal Contract Tower,0,0,4,0,4,0,0,38,0,38,0,0,42,0,42,94,0,94,136
07/07/2020,NQA,TN,ASO,ES,Federal Contract Tower,0,0,11,16,27,0,0,39,0,39,0,0,50,16,66,36,102,138,204
07/08/2020,NQA,TN,ASO,ES,Federal Contract Tower,0,0,12,9,21,0,0,59,1,60,0,0,71,10,81,124,32,156,237
07/09/2020,NQA,TN,ASO,ES,Federal Contract Tower,0,0,17,12,29,0,0,44,2,46,0,0,61,14,75,98,108,206,281
07/10/2020,NQA,TN,ASO,ES,Federal Contract Tower,4,0,13,18,35,0,0,28,1,29,4,0,41,19,64,54,44,98,162
07/11/2020,NQA,TN,ASO,ES,Federal Contract Tower,0,0,3,0,3,0,0,32,0,32,0,0,35,0,35,12,0,12,47
07/12/2020,NQA,TN,ASO,ES,Federal Contract Tower,0,1,8,0,9,0,0,16,0,16,0,1,24,0,25,0,0,0,25
07/13/2020,NQA,TN,ASO,ES,Federal Contract Tower,0,2,1,4,7,0,0,51,0,51,0,2,52,4,58,64,0,64,122
07/14/2020,NQA,TN,ASO,ES,Federal Contract Tower,0,0,8,0,8,0,0,63,0,63,0,0,71,0,71,62,0,62,133
07/15/2020,NQA,TN,ASO,ES,Federal Contract Tower,0,2,11,5,18,0,0,89,1,90,0,2,100,6,108,104,94,198,306
07/16/2020,NQA,TN,ASO,ES,Federal Contract Tower,0,0,7,0,7,0,0,100,0,100,0,0,107,0,107,160,0,160,267
07/17/2020,NQA,TN,ASO,ES,Federal Contract Tower,0,0,11,4,15,0,0,154,0,154,0,0,165,4,169,20,42,62,231
07/18/2020,NQA,TN,ASO,ES,Federal Contract Tower,0,0,6,0,6,0,2,80,0,82,0,2,86,0,88,32,0,32,120
07/19/2020,NQA,TN,ASO,ES,Federal Contract Tower,0,2,9,0,11,0,0,31,0,31,0,2,40,0,42,36,0,36,78
07/20/2020,NQA,TN,ASO,ES,Federal Contract Tower,0,0,11,0,11,0,0,39,0,39,0,0,50,0,50,74,0,74,124
07/21/2020,NQA,TN,ASO,ES,Federal Contract Tower,0,0,4,8,12,0,0,33,1,34,0,0,37,9,46,48,42,90,136
07/22/2020,NQA,TN,ASO,ES,Federal Contract Tower,0,0,6,6,12,0,0,44,0,44,0,0,50,6,56,44,50,94,150
07/23/2020,NQA,TN,ASO,ES,Federal Contract Tower,0,0,3,3,6,0,0,41,2,43,0,0,44,5,49,40,32,72,121
07/24/2020,NQA,TN,ASO,ES,Federal Contract Tower,0,2,4,6,12,0,0,64,2,66,0,2,68,8,78,98,86,184,262
07/25/2020,NQA,TN,ASO,ES,Federal Contract Tower,0,0,12,3,15,0,0,38,1,39,0,0,50,4,54,40,52,92,146
07/26/2020,NQA,TN,ASO,ES,Federal Contract Tower,0,0,8,0,8,0,0,20,0,20,0,0,28,0,28,24,0,24,52
07/27/2020,NQA,TN,ASO,ES,Federal Contract Tower,0,2,32,4,38,0,2,46,0,48,0,4,78,4,86,62,0,62,148
07/28/2020,NQA,TN,ASO,ES,Federal Contract Tower,0,0,5,4,9,0,0,40,1,41,0,0,45,5,50,28,42,70,120
07/29/2020,NQA,TN,ASO,ES,Federal Contract Tower,0,2,6,7,15,0,0,36,2,38,0,2,42,9,53,28,54,82,135
07/30/2020,NQA,TN,ASO,ES,Federal Contract Tower,0,0,14,2,16,0,0,21,1,22,0,0,35,3,38,20,36,56,94
07/31/2020,NQA,TN,ASO,ES,Federal Contract Tower,0,0,15,6,21,0,0,34,2,36,0,0,49,8,57,56,60,116,173
08/01/2020,NQA,TN,ASO,ES,Federal Contract Tower,0,2,7,0,9,0,0,3,0,3,0,2,10,0,12,10,0,10,22
08/02/2020,NQA,TN,ASO,ES,Federal Contract Tower,0,0,5,0,5,0,0,32,0,32,0,0,37,0,37,52,0,52,89
08/03/2020,NQA,TN,ASO,ES,Federal Contract Tower,0,2,16,0,18,0,0,37,0,37,0,2,53,0,55,68,0,68,123
08/04/2020,NQA,TN,ASO,ES,Federal Contract Tower,0,0,13,12,25,0,0,34,0,34,0,0,47,12,59,44,8,52,111
08/05/2020,NQA,TN,ASO,ES,Federal Contract Tower,0,0,14,6,20,0,0,41,0,41,0,0,55,6,61,32,78,110,171
08/06/2020,NQA,TN,ASO,ES,Federal Contract Tower,0,0,9,8,17,0,0,47,7,54,0,0,56,15,71,42,146,188,259
08/07/2020,NQA,TN,ASO,ES,Federal Contract Tower,0,0,9,2,11,0,0,58,0,58,0,0,67,2,69,32,22,54,123
08/08/2020,NQA,TN,ASO,ES,Federal Contract Tower,1,0,8,0,9,0,0,36,0,36,1,0,44,0,45,52,0,52,97
08/09/2020,NQA,TN,ASO,ES,Federal Contract Tower,0,0,12,0,12,0,0,31,0,31,0,0,43,0,43,0,0,0,43
08/10/2020,NQA,TN,ASO,ES,Federal Contract Tower,0,0,10,2,12,0,0,48,0,48,0,0,58,2,60,42,0,42,102
08/11/2020,NQA,TN,ASO,ES,Federal Contract Tower,0,0,11,4,15,0,0,28,0,28,0,0,39,4,43,36,72,108,151
08/12/2020,NQA,TN,ASO,ES,Federal Contract Tower,0,0,6,3,9,0,0,44,0,44,0,0,50,3,53,88,0,88,141
08/13/2020,NQA,TN,ASO,ES,Federal Contract Tower,0,0,7,3,10,0,0,37,1,38,0,0,44,4,48,52,38,90,138
08/14/2020,NQA,TN,ASO,ES,Federal Contract Tower,0,3,25,5,33,0,0,38,0,38,0,3,63,5,71,44,8,52,123
08/15/2020,NQA,TN,ASO,ES,Federal Contract Tower,0,1,13,2,16,0,0,51,0,51,0,1,64,2,67,46,0,46,113
08/16/2020,NQA,TN,ASO,ES,Federal Contract Tower,0,0,23,0,23,0,0,20,0,20,0,0,43,0,43,28,0,28,71
08/17/2020,NQA,TN,ASO,ES,Federal Contract Tower,0,0,6,2,8,0,0,59,0,59,0,0,65,2,67,54,16,70,137
08/18/2020,NQA,TN,ASO,ES,Federal Contract Tower,0,2,19,10,31,0,0,82,3,85,0,2,101,13,116,60,94,154,270
08/19/2020,NQA,TN,ASO,ES,Federal Contract Tower,0,0,16,2,18,0,2,25,2,29,0,2,41,4,47,50,28,78,125
08/20/2020,NQA,TN,ASO,ES,Federal Contract Tower,0,0,14,2,16,0,2,52,3,57,0,2,66,5,73,68,10,78,151
08/21/2020,NQA,TN,ASO,ES,Federal Contract Tower,0,0,8,2,10,0,0,17,0,17,0,0,25,2,27,8,10,18,45
08/22/2020,NQA,TN,ASO,ES,Federal Contract Tower,0,0,17,0,17,0,0,56,0,56,0,0,73,0,73,92,0,92,165
08/23/2020,NQA,TN,ASO,ES,Federal Contract Tower,0,0,12,0,12,0,0,29,0,29,0,0,41,0,41,0,0,0,41
08/24/2020,NQA,TN,ASO,ES,Federal Contract Tower,0,0,7,10,17,0,0,65,0,65,0,0,72,10,82,50,20,70,152
08/25/2020,NQA,TN,ASO,ES,Federal Contract Tower,0,0,12,14,26,0,0,67,4,71,0,0,79,18,97,28,94,122,219
08/26/2020,NQA,TN,ASO,ES,Federal Contract Tower,0,0,25,7,32,0,0,31,1,32,0,0,56,8,64,14,30,44,108
08/27/2020,NQA,TN,ASO,ES,Federal Contract Tower,0,0,8,2,10,0,0,43,0,43,0,0,51,2,53,68,8,76,129
08/28/2020,NQA,TN,ASO,ES,Federal Contract Tower,0,5,0,0,5,0,0,0,0,0,0,5,0,0,5,0,0,0,5
08/29/2020,NQA,TN,ASO,ES,Federal Contract Tower,0,0,7,0,7,0,0,19,0,19,0,0,26,0,26,68,0,68,94
08/30/2020,NQA,TN,ASO,ES,Federal Contract Tower,0,0,4,1,5,0,0,15,1,16,0,0,19,2,21,32,0,32,53
08/31/2020,NQA,TN,ASO,ES,Federal Contract Tower,0,4,4,0,8,0,0,65,0,65,0,4,69,0,73,96,0,96,169
09/01/2020,NQA,TN,ASO,ES,Federal Contract Tower,0,0,0,0,0,0,0,30,0,30,0,0,30,0,30,46,0,46,76
09/02/2020,NQA,TN,ASO,ES,Federal Contract Tower,0,0,4,0,4,0,0,17,0,17,0,0,21,0,21,20,0,20,41
09/03/2020,NQA,TN,ASO,ES,Federal Contract Tower,0,1,18,0,19,0,0,24,0,24,0,1,42,0,43,52,0,52,95
09/04/2020,NQA,TN,ASO,ES,Federal Contract Tower,0,2,15,0,17,2,0,78,0,80,2,2,93,0,97,108,0,108,205
09/05/2020,NQA,TN,ASO,ES,Federal Contract Tower,0,0,5,0,5,2,0,65,2,69,2,0,70,2,74,14,0,14,88
09/06/2020,NQA,TN,ASO,ES,Federal Contract Tower,0,0,4,0,4,2,0,46,0,48,2,0,50,0,52,58,0,58,110
09/07/2020,NQA,TN,ASO,ES,Federal Contract Tower,0,1,4,0,5,0,0,74,0,74,0,1,78,0,79,66,0,66,145
09/08/2020,NQA,TN,ASO,ES,Federal Contract Tower,0,1,11,10,22,0,0,81,1,82,0,1,92,11,104,30,42,72,176
09/09/2020,NQA,TN,ASO,ES,Federal Contract Tower,1,2,9,4,16,0,0,79,3,82,1,2,88,7,98,32,0,32,130
09/10/2020,NQA,TN,ASO,ES,Federal Contract Tower,0,0,8,9,17,0,0,68,1,69,0,0,76,10,86,38,30,68,154
09/11/2020,NQA,TN,ASO,ES,Federal Contract Tower,0,0,14,8,22,0,0,0,0,0,0,0,14,8,22,36,82,118,140
09/12/2020,NQA,TN,ASO,ES,Federal Contract Tower,0,0,5,0,5,0,0,33,0,33,0,0,38,0,38,6,0,6,44
09/13/2020,NQA,TN,ASO,ES,Federal Contract Tower,0,0,12,0,12,0,0,29,0,29,0,0,41,0,41,88,0,88,129
09/14/2020,NQA,TN,ASO,ES,Federal Contract Tower,0,0,11,12,23,0,0,87,0,87,0,0,98,12,110,82,0,82,192
09/15/2020,NQA,TN,ASO,ES,Federal Contract Tower,0,0,12,7,19,0,0,82,2,84,0,0,94,9,103,140,103,243,346
09/16/2020,NQA,TN,ASO,ES,Federal Contract Tower,0,3,9,8,20,0,0,64,3,67,0,3,73,11,87,218,92,310,397
09/17/2020,NQA,TN,ASO,ES,Federal Contract Tower,0,1,10,6,17,0,2,62,0,64,0,3,72,6,81,116,112,228,309
09/18/2020,NQA,TN,ASO,ES,Federal Contract Tower,0,0,11,0,11,0,0,52,0,52,0,0,63,0,63,20,0,20,83
09/19/2020,NQA,TN,ASO,ES,Federal Contract Tower,0,0,3,0,3,0,0,51,0,51,0,0,54,0,54,20,0,20,74
09/20/2020,NQA,TN,ASO,ES,Federal Contract Tower,0,0,3,2,5,0,0,30,0,30,0,0,33,2,35,26,0,26,61
09/21/2020,NQA,TN,ASO,ES,Federal Contract Tower,0,0,8,2,10,0,0,57,0,57,0,0,65,2,67,44,0,44,111
09/22/2020,NQA,TN,ASO,ES,Federal Contract Tower,0,2,9,0,11,0,0,54,0,54,0,2,63,0,65,56,0,56,121
09/23/2020,NQA,TN,ASO,ES,Federal Contract Tower,0,0,9,0,9,0,0,4,0,4,0,0,13,0,13,0,0,0,13
09/24/2020,NQA,TN,ASO,ES,Federal Contract Tower,0,0,12,0,12,0,0,2,0,2,0,0,14,0,14,0,0,0,14
09/25/2020,NQA,TN,ASO,ES,Federal Contract Tower,0,0,17,0,17,0,0,38,0,38,0,0,55,0,55,50,0,50,105
09/26/2020,NQA,TN,ASO,ES,Federal Contract Tower,0,0,22,0,22,0,0,49,0,49,0,0,71,0,71,48,0,48,119
09/27/2020,NQA,TN,ASO,ES,Federal Contract Tower,0,0,13,5,18,0,0,32,3,35,0,0,45,8,53,20,4,24,77
09/28/2020,NQA,TN,ASO,ES,Federal Contract Tower,0,0,7,3,10,0,2,24,0,26,0,2,31,3,36,28,0,28,64
09/29/2020,NQA,TN,ASO,ES,Federal Contract Tower,0,0,14,8,22,0,0,72,2,74,0,0,86,10,96,28,64,92,188
09/30/2020,NQA,TN,ASO,ES,Federal Contract Tower,0,1,15,4,20,0,0,99,0,99,0,1,114,4,119,30,56,86,205
10/01/2020,NQA,TN,ASO,ES,Federal Contract Tower,0,1,12,2,15,0,0,68,0,68,0,1,80,2,83,60,0,60,143
10/02/2020,NQA,TN,ASO,ES,Federal Contract Tower,0,0,13,2,15,0,0,76,0,76,0,0,89,2,91,40,0,40,131
10/03/2020,NQA,TN,ASO,ES,Federal Contract Tower,0,1,10,0,11,0,0,63,0,63,0,1,73,0,74,44,0,44,118
10/04/2020,NQA,TN,ASO,ES,Federal Contract Tower,0,1,9,0,10,0,0,13,0,13,0,1,22,0,23,36,0,36,59
10/05/2020,NQA,TN,ASO,ES,Federal Contract Tower,0,0,7,0,7,0,0,58,0,58,0,0,65,0,65,58,0,58,123
10/06/2020,NQA,TN,ASO,ES,Federal Contract Tower,0,0,5,0,5,0,0,70,0,70,0,0,75,0,75,84,0,84,159
10/07/2020,NQA,TN,ASO,ES,Federal Contract Tower,0,0,1,11,12,0,0,74,1,75,0,0,75,12,87,20,30,50,137
10/08/2020,NQA,TN,ASO,ES,Federal Contract Tower,0,0,12,2,14,0,0,86,0,86,0,0,98,2,100,42,22,64,164
10/09/2020,NQA,TN,ASO,ES,Federal Contract Tower,0,0,3,2,5,0,0,39,0,39,0,0,42,2,44,70,0,70,114
10/10/2020,NQA,TN,ASO,ES,Federal Contract Tower,0,0,0,0,0,0,0,0,0,0,0,0,0,0,0,0,0,0,0
10/11/2020,NQA,TN,ASO,ES,Federal Contract Tower,0,2,7,0,9,0,0,0,0,0,0,2,7,0,9,0,0,0,9
10/12/2020,NQA,TN,ASO,ES,Federal Contract Tower,0,2,15,0,17,0,0,38,0,38,0,2,53,0,55,74,0,74,129
10/13/2020,NQA,TN,ASO,ES,Federal Contract Tower,0,0,9,6,15,0,0,74,2,76,0,0,83,8,91,118,82,200,291
10/14/2020,NQA,TN,ASO,ES,Federal Contract Tower,0,2,11,5,18,0,0,67,0,67,0,2,78,5,85,78,68,146,231
10/15/2020,NQA,TN,ASO,ES,Federal Contract Tower,0,0,1,6,7,0,0,35,2,37,0,0,36,8,44,34,60,94,138
10/16/2020,NQA,TN,ASO,ES,Federal Contract Tower,0,0,3,4,7,0,2,72,1,75,0,2,75,5,82,62,28,90,172
10/17/2020,NQA,TN,ASO,ES,Federal Contract Tower,0,0,3,0,3,0,0,27,0,27,0,0,30,0,30,18,0,18,48
10/18/2020,NQA,TN,ASO,ES,Federal Contract Tower,0,0,9,0,9,0,0,39,0,39,0,0,48,0,48,24,0,24,72
10/19/2020,NQA,TN,ASO,ES,Federal Contract Tower,0,0,8,8,16,0,0,36,0,36,0,0,44,8,52,58,0,58,110
10/20/2020,NQA,TN,ASO,ES,Federal Contract Tower,0,2,4,2,8,0,0,65,0,65,0,2,69,2,73,54,12,66,139
10/21/2020,NQA,TN,ASO,ES,Federal Contract Tower,0,0,6,4,10,0,104,2,0,106,0,104,8,4,116,86,74,160,276
10/22/2020,NQA,TN,ASO,ES,Federal Contract Tower,0,0,10,6,16,0,0,83,0,83,0,0,93,6,99,90,0,90,189
10/23/2020,NQA,TN,ASO,ES,Federal Contract Tower,0,0,9,9,18,0,0,36,0,36,0,0,45,9,54,10,22,32,86
10/24/2020,NQA,TN,ASO,ES,Federal Contract Tower,0,2,5,0,7,0,0,6,0,6,0,2,11,0,13,0,0,0,13
10/25/2020,NQA,TN,ASO,ES,Federal Contract Tower,0,0,6,0,6,0,0,1,0,1,0,0,7,0,7,0,0,0,7
10/26/2020,NQA,TN,ASO,ES,Federal Contract Tower,0,2,18,0,20,0,0,10,0,10,0,2,28,0,30,10,0,10,40
10/27/2020,NQA,TN,ASO,ES,Federal Contract Tower,0,3,13,2,18,0,0,1,0,1,0,3,14,2,19,0,0,0,19
10/28/2020,NQA,TN,ASO,ES,Federal Contract Tower,0,0,1,0,1,0,0,0,0,0,0,0,1,0,1,0,0,0,1
10/29/2020,NQA,TN,ASO,ES,Federal Contract Tower,0,0,9,0,9,0,0,0,0,0,0,0,9,0,9,0,0,0,9
10/30/2020,NQA,TN,ASO,ES,Federal Contract Tower,0,0,9,4,13,0,0,103,1,104,0,0,112,5,117,88,32,120,237
10/31/2020,NQA,TN,ASO,ES,Federal Contract Tower,0,0,5,1,6,0,0,77,0,77,0,0,82,1,83,46,0,46,129
11/01/2020,NQA,TN,ASO,ES,Federal Contract Tower,0,0,9,1,10,0,0,11,0,11,0,0,20,1,21,6,0,6,27
11/02/2020,NQA,TN,ASO,ES,Federal Contract Tower,0,0,6,2,8,0,0,72,1,73,0,0,78,3,81,62,14,76,157
11/03/2020,NQA,TN,ASO,ES,Federal Contract Tower,0,0,8,14,22,0,0,76,2,78,0,0,84,16,100,36,58,94,194
11/04/2020,NQA,TN,ASO,ES,Federal Contract Tower,0,4,13,9,26,0,0,57,1,58,0,4,70,10,84,42,50,92,176
11/05/2020,NQA,TN,ASO,ES,Federal Contract Tower,0,0,9,4,13,0,2,78,0,80,0,2,87,4,93,116,20,136,229
11/06/2020,NQA,TN,ASO,ES,Federal Contract Tower,0,2,8,8,18,0,0,93,2,95,0,2,101,10,113,84,40,124,237
11/07/2020,NQA,TN,ASO,ES,Federal Contract Tower,0,0,7,2,9,0,0,33,1,34,0,0,40,3,43,20,14,34,77
11/08/2020,NQA,TN,ASO,ES,Federal Contract Tower,0,3,3,2,8,0,0,26,0,26,0,3,29,2,34,56,0,56,90
11/09/2020,NQA,TN,ASO,ES,Federal Contract Tower,0,1,7,0,8,0,0,26,1,27,0,1,33,1,35,4,0,4,39
11/10/2020,NQA,TN,ASO,ES,Federal Contract Tower,0,0,11,6,17,0,0,18,6,24,0,0,29,12,41,0,28,28,69
11/11/2020,NQA,TN,ASO,ES,Federal Contract Tower,0,2,3,0,5,0,0,55,0,55,0,2,58,0,60,50,0,50,110
11/12/2020,NQA,TN,ASO,ES,Federal Contract Tower,0,4,15,2,21,0,0,95,1,96,0,4,110,3,117,58,22,80,197
11/13/2020,NQA,TN,ASO,ES,Federal Contract Tower,0,4,15,3,22,0,0,52,1,53,0,4,67,4,75,50,24,74,149
11/14/2020,NQA,TN,ASO,ES,Federal Contract Tower,0,0,10,0,10,0,0,36,0,36,0,0,46,0,46,46,0,46,92
11/15/2020,NQA,TN,ASO,ES,Federal Contract Tower,0,0,10,0,10,0,0,7,0,7,0,0,17,0,17,10,0,10,27
11/16/2020,NQA,TN,ASO,ES,Federal Contract Tower,0,0,4,0,4,0,0,69,0,69,0,0,73,0,73,48,0,48,121
11/17/2020,NQA,TN,ASO,ES,Federal Contract Tower,0,0,7,2,9,0,0,51,0,51,0,0,58,2,60,56,24,80,140
11/18/2020,NQA,TN,ASO,ES,Federal Contract Tower,0,0,13,4,17,0,0,53,0,53,0,0,66,4,70,94,40,134,204
11/19/2020,NQA,TN,ASO,ES,Federal Contract Tower,0,2,8,0,10,0,0,37,0,37,0,2,45,0,47,10,0,10,57
11/20/2020,NQA,TN,ASO,ES,Federal Contract Tower,0,0,10,1,11,0,0,79,1,80,0,0,89,2,91,114,0,114,205
11/21/2020,NQA,TN,ASO,ES,Federal Contract Tower,0,0,12,0,12,0,0,37,0,37,0,0,49,0,49,16,0,16,65
11/22/2020,NQA,TN,ASO,ES,Federal Contract Tower,0,0,7,0,7,0,0,0,0,0,0,0,7,0,7,0,0,0,7
11/23/2020,NQA,TN,ASO,ES,Federal Contract Tower,0,0,8,0,8,0,2,33,0,35,0,2,41,0,43,58,0,58,101
11/24/2020,NQA,TN,ASO,ES,Federal Contract Tower,0,2,11,6,19,0,0,71,4,75,0,2,82,10,94,52,100,152,246
11/25/2020,NQA,TN,ASO,ES,Federal Contract Tower,0,2,12,0,14,0,0,12,0,12,0,2,24,0,26,8,0,8,34
11/26/2020,NQA,TN,ASO,ES,Federal Contract Tower,0,0,5,0,5,0,0,13,0,13,0,0,18,0,18,28,0,28,46
11/27/2020,NQA,TN,ASO,ES,Federal Contract Tower,0,2,10,0,12,0,0,28,0,28,0,2,38,0,40,16,0,16,56
11/28/2020,NQA,TN,ASO,ES,Federal Contract Tower,0,0,13,0,13,0,0,30,0,30,0,0,43,0,43,30,0,30,73
11/29/2020,NQA,TN,ASO,ES,Federal Contract Tower,0,0,3,0,3,0,0,6,0,6,0,0,9,0,9,26,0,26,35
11/30/2020,NQA,TN,ASO,ES,Federal Contract Tower,0,2,7,2,11,0,0,15,0,15,0,2,22,2,26,16,0,16,42
12/01/2020,NQA,TN,ASO,ES,Federal Contract Tower,0,0,21,6,27,0,0,69,2,71,0,0,90,8,98,68,42,110,208
12/02/2020,NQA,TN,ASO,ES,Federal Contract Tower,0,0,22,6,28,0,0,57,2,59,0,0,79,8,87,46,40,86,173
12/03/2020,NQA,TN,ASO,ES,Federal Contract Tower,0,0,3,2,5,0,0,2,1,3,0,0,5,3,8,0,22,22,30
12/04/2020,NQA,TN,ASO,ES,Federal Contract Tower,0,0,7,9,16,0,0,26,3,29,0,0,33,12,45,8,0,8,53
12/05/2020,NQA,TN,ASO,ES,Federal Contract Tower,0,0,9,4,13,0,0,67,3,70,0,0,76,7,83,48,0,48,131
12/06/2020,NQA,TN,ASO,ES,Federal Contract Tower,0,0,13,1,14,0,0,25,0,25,0,0,38,1,39,12,0,12,51
12/07/2020,NQA,TN,ASO,ES,Federal Contract Tower,0,0,6,3,9,0,0,58,0,58,0,0,64,3,67,140,0,140,207
12/08/2020,NQA,TN,ASO,ES,Federal Contract Tower,0,0,15,6,21,0,0,54,5,59,0,0,69,11,80,50,54,104,184
12/09/2020,NQA,TN,ASO,ES,Federal Contract Tower,0,1,9,4,14,0,0,88,1,89,0,1,97,5,103,44,30,74,177
12/10/2020,NQA,TN,ASO,ES,Federal Contract Tower,0,0,11,4,15,0,2,75,4,81,0,2,86,8,96,28,26,54,150
12/11/2020,NQA,TN,ASO,ES,Federal Contract Tower,0,2,4,2,8,0,0,33,1,34,0,2,37,3,42,32,14,46,88
12/12/2020,NQA,TN,ASO,ES,Federal Contract Tower,0,2,4,0,6,0,0,29,0,29,0,2,33,0,35,16,0,16,51
12/13/2020,NQA,TN,ASO,ES,Federal Contract Tower,0,0,2,0,2,0,0,10,0,10,0,0,12,0,12,22,0,22,34
12/14/2020,NQA,TN,ASO,ES,Federal Contract Tower,0,1,7,2,10,0,0,16,0,16,0,1,23,2,26,8,36,44,70
12/15/2020,NQA,TN,ASO,ES,Federal Contract Tower,0,4,5,4,13,0,0,4,1,5,0,4,9,5,18,18,26,44,62
12/16/2020,NQA,TN,ASO,ES,Federal Contract Tower,0,0,10,6,16,0,0,9,10,19,0,0,19,16,35,0,48,48,83
12/18/2020,NQA,TN,ASO,ES,Federal Contract Tower,0,0,16,4,20,0,0,65,0,65,0,0,81,4,85,52,34,86,171
12/19/2020,NQA,TN,ASO,ES,Federal Contract Tower,0,0,6,0,6,0,0,0,0,0,0,0,6,0,6,0,0,0,6
12/20/2020,NQA,TN,ASO,ES,Federal Contract Tower,0,0,2,0,2,0,0,0,0,0,0,0,2,0,2,0,0,0,2
12/21/2020,NQA,TN,ASO,ES,Federal Contract Tower,0,12,13,2,27,0,0,67,0,67,0,12,80,2,94,18,0,18,112
12/22/2020,NQA,TN,ASO,ES,Federal Contract Tower,0,0,14,2,16,0,0,65,0,65,0,0,79,2,81,22,4,26,107
12/23/2020,NQA,TN,ASO,ES,Federal Contract Tower,0,2,1,0,3,0,0,2,0,2,0,2,3,0,5,0,0,0,5
12/24/2020,NQA,TN,ASO,ES,Federal Contract Tower,0,0,2,0,2,0,0,3,0,3,0,0,5,0,5,0,0,0,5
12/25/2020,NQA,TN,ASO,ES,Federal Contract Tower,0,2,4,0,6,0,2,2,0,4,0,4,6,0,10,4,0,4,14
12/26/2020,NQA,TN,ASO,ES,Federal Contract Tower,0,2,14,0,16,0,0,21,0,21,0,2,35,0,37,0,0,0,37
12/27/2020,NQA,TN,ASO,ES,Federal Contract Tower,0,0,5,0,5,0,0,11,0,11,0,0,16,0,16,16,0,16,32
12/28/2020,NQA,TN,ASO,ES,Federal Contract Tower,0,0,13,0,13,0,0,28,0,28,0,0,41,0,41,2,0,2,43
12/29/2020,NQA,TN,ASO,ES,Federal Contract Tower,0,0,7,0,7,0,0,37,0,37,0,0,44,0,44,42,0,42,86
12/30/2020,NQA,TN,ASO,ES,Federal Contract Tower,0,0,4,0,4,0,0,0,0,0,0,0,4,0,4,0,0,0,4
12/31/2020,NQA,TN,ASO,ES,Federal Contract Tower,0,0,2,0,2,0,0,0,0,0,0,0,2,0,2,0,0,0,2
01/01/2021,NQA,TN,ASO,ES,Federal Contract Tower,0,1,4,0,5,0,0,2,0,2,0,1,6,0,7,0,0,0,7
01/02/2021,NQA,TN,ASO,ES,Federal Contract Tower,0,3,10,0,13,0,0,0,0,0,0,3,10,0,13,0,0,0,13
01/03/2021,NQA,TN,ASO,ES,Federal Contract Tower,0,2,30,0,32,0,0,49,0,49,0,2,79,0,81,18,0,18,99
01/04/2021,NQA,TN,ASO,ES,Federal Contract Tower,0,2,14,0,16,0,0,56,0,56,0,2,70,0,72,56,0,56,128
01/05/2021,NQA,TN,ASO,ES,Federal Contract Tower,0,0,5,2,7,0,0,44,1,45,0,0,49,3,52,58,10,68,120
01/06/2021,NQA,TN,ASO,ES,Federal Contract Tower,0,0,5,3,8,0,0,42,2,44,0,0,47,5,52,84,30,114,166
01/07/2021,NQA,TN,ASO,ES,Federal Contract Tower,0,2,2,0,4,0,0,0,0,0,0,2,2,0,4,0,0,0,4
01/08/2021,NQA,TN,ASO,ES,Federal Contract Tower,0,0,4,0,4,0,0,0,0,0,0,0,4,0,4,0,0,0,4
01/09/2021,NQA,TN,ASO,ES,Federal Contract Tower,0,0,6,2,8,0,0,18,0,18,0,0,24,2,26,16,0,16,42
01/10/2021,NQA,TN,ASO,ES,Federal Contract Tower,0,2,6,0,8,0,0,4,0,4,0,2,10,0,12,30,0,30,42
01/11/2021,NQA,TN,ASO,ES,Federal Contract Tower,0,2,2,0,4,0,0,5,0,5,0,2,7,0,9,16,0,16,25
01/12/2021,NQA,TN,ASO,ES,Federal Contract Tower,0,0,12,1,13,0,0,73,5,78,0,0,85,6,91,58,32,90,181
01/13/2021,NQA,TN,ASO,ES,Federal Contract Tower,0,2,15,6,23,0,0,40,4,44,0,2,55,10,67,20,122,142,209
01/14/2021,NQA,TN,ASO,ES,Federal Contract Tower,0,0,6,2,8,0,0,44,0,44,0,0,50,2,52,26,0,26,78
01/15/2021,NQA,TN,ASO,ES,Federal Contract Tower,0,0,10,0,10,0,0,11,0,11,0,0,21,0,21,22,0,22,43
01/16/2021,NQA,TN,ASO,ES,Federal Contract Tower,0,0,10,0,10,0,0,24,0,24,0,0,34,0,34,0,0,0,34
01/18/2021,NQA,TN,ASO,ES,Federal Contract Tower,0,0,8,3,11,0,0,53,0,53,0,0,61,3,64,104,0,104,168
01/19/2021,NQA,TN,ASO,ES,Federal Contract Tower,0,3,2,6,11,0,0,48,0,48,0,3,50,6,59,34,0,34,93
01/20/2021,NQA,TN,ASO,ES,Federal Contract Tower,0,8,8,2,18,0,0,58,0,58,0,8,66,2,76,74,24,98,174
01/21/2021,NQA,TN,ASO,ES,Federal Contract Tower,0,4,10,2,16,0,0,24,0,24,0,4,34,2,40,42,20,62,102
01/22/2021,NQA,TN,ASO,ES,Federal Contract Tower,0,0,5,19,24,0,0,44,2,46,0,0,49,21,70,34,95,129,199
01/23/2021,NQA,TN,ASO,ES,Federal Contract Tower,0,4,13,0,17,0,0,45,0,45,0,4,58,0,62,58,0,58,120
01/24/2021,NQA,TN,ASO,ES,Federal Contract Tower,0,0,7,0,7,0,0,0,0,0,0,0,7,0,7,0,0,0,7
01/25/2021,NQA,TN,ASO,ES,Federal Contract Tower,0,0,2,0,2,0,0,0,0,0,0,0,2,0,2,0,0,0,2
01/26/2021,NQA,TN,ASO,ES,Federal Contract Tower,0,0,8,2,10,0,0,77,5,82,0,0,85,7,92,134,6,140,232
01/27/2021,NQA,TN,ASO,ES,Federal Contract Tower,0,2,7,0,9,0,0,0,0,0,0,2,7,0,9,0,0,0,9
01/28/2021,NQA,TN,ASO,ES,Federal Contract Tower,0,0,11,6,17,0,0,72,0,72,0,0,83,6,89,64,120,184,273
01/29/2021,NQA,TN,ASO,ES,Federal Contract Tower,0,2,14,6,22,0,0,91,0,91,0,2,105,6,113,42,32,74,187
01/30/2021,NQA,TN,ASO,ES,Federal Contract Tower,0,0,10,0,10,0,0,3,0,3,0,0,13,0,13,4,0,4,17
01/31/2021,NQA,TN,ASO,ES,Federal Contract Tower,0,2,9,2,13,0,0,0,0,0,0,2,9,2,13,0,0,0,13
02/01/2021,NQA,TN,ASO,ES,Federal Contract Tower,0,0,14,0,14,0,0,7,0,7,0,0,21,0,21,14,0,14,35
02/02/2021,NQA,TN,ASO,ES,Federal Contract Tower,0,0,15,6,21,0,0,63,8,71,0,0,78,14,92,46,56,102,194
02/03/2021,NQA,TN,ASO,ES,Federal Contract Tower,0,1,10,4,15,0,0,105,2,107,0,1,115,6,122,38,30,68,190
02/04/2021,NQA,TN,ASO,ES,Federal Contract Tower,0,1,3,2,6,0,0,4,0,4,0,1,7,2,10,10,4,14,24
02/05/2021,NQA,TN,ASO,ES,Federal Contract Tower,0,2,5,6,13,0,0,94,2,96,0,2,99,8,109,48,76,124,233
02/06/2021,NQA,TN,ASO,ES,Federal Contract Tower,0,0,8,2,10,0,0,44,0,44,0,0,52,2,54,36,0,36,90
02/07/2021,NQA,TN,ASO,ES,Federal Contract Tower,0,0,6,0,6,0,0,6,0,6,0,0,12,0,12,26,0,26,38
02/08/2021,NQA,TN,ASO,ES,Federal Contract Tower,0,2,17,2,21,0,0,69,0,69,0,2,86,2,90,96,6,102,192
02/09/2021,NQA,TN,ASO,ES,Federal Contract Tower,0,0,12,4,16,0,0,0,0,0,0,0,12,4,16,0,0,0,16
02/10/2021,NQA,TN,ASO,ES,Federal Contract Tower,0,0,7,0,7,0,0,0,0,0,0,0,7,0,7,0,0,0,7
02/11/2021,NQA,TN,ASO,ES,Federal Contract Tower,0,1,0,0,1,0,0,0,0,0,0,1,0,0,1,0,0,0,1
02/12/2021,NQA,TN,ASO,ES,Federal Contract Tower,0,4,3,0,7,0,0,0,0,0,0,4,3,0,7,0,0,0,7
02/13/2021,NQA,TN,ASO,ES,Federal Contract Tower,0,0,3,0,3,0,0,2,0,2,0,0,5,0,5,0,0,0,5
02/14/2021,NQA,TN,ASO,ES,Federal Contract Tower,0,0,0,2,2,0,0,0,0,0,0,0,0,2,2,0,0,0,2
02/15/2021,NQA,TN,ASO,ES,Federal Contract Tower,0,0,0,0,0,0,0,0,0,0,0,0,0,0,0,0,0,0,0
02/16/2021,NQA,TN,ASO,ES,Federal Contract Tower,0,0,0,0,0,0,0,0,0,0,0,0,0,0,0,0,0,0,0
02/17/2021,NQA,TN,ASO,ES,Federal Contract Tower,0,0,0,0,0,0,0,0,0,0,0,0,0,0,0,0,0,0,0
02/18/2021,NQA,TN,ASO,ES,Federal Contract Tower,0,0,0,0,0,0,0,0,0,0,0,0,0,0,0,0,0,0,0
02/19/2021,NQA,TN,ASO,ES,Federal Contract Tower,0,0,0,0,0,0,0,0,0,0,0,0,0,0,0,0,0,0,0
02/20/2021,NQA,TN,ASO,ES,Federal Contract Tower,0,0,0,0,0,0,0,1,0,1,0,0,1,0,1,0,0,0,1
02/21/2021,NQA,TN,ASO,ES,Federal Contract Tower,0,0,0,0,0,0,0,0,0,0,0,0,0,0,0,0,0,0,0
02/22/2021,NQA,TN,ASO,ES,Federal Contract Tower,0,0,6,2,8,0,0,52,1,53,0,0,58,3,61,82,22,104,165
02/23/2021,NQA,TN,ASO,ES,Federal Contract Tower,0,5,14,12,31,0,0,106,7,113,0,5,120,19,144,30,72,102,246
02/24/2021,NQA,TN,ASO,ES,Federal Contract Tower,0,0,12,5,17,0,1,66,2,69,0,1,78,7,86,34,24,58,144
02/25/2021,NQA,TN,ASO,ES,Federal Contract Tower,0,9,11,6,26,0,0,91,1,92,0,9,102,7,118,50,24,74,192
02/26/2021,NQA,TN,ASO,ES,Federal Contract Tower,0,0,16,0,16,0,0,0,0,0,0,0,16,0,16,0,0,0,16
02/27/2021,NQA,TN,ASO,ES,Federal Contract Tower,0,0,9,2,11,0,0,0,1,1,0,0,9,3,12,0,0,0,12
02/28/2021,NQA,TN,ASO,ES,Federal Contract Tower,0,0,8,0,8,0,0,0,1,1,0,0,8,1,9,0,0,0,9
03/01/2021,NQA,TN,ASO,ES,Federal Contract Tower,0,4,6,0,10,0,0,60,0,60,0,4,66,0,70,64,0,64,134
03/02/2021,NQA,TN,ASO,ES,Federal Contract Tower,0,0,15,9,24,0,0,55,1,56,0,0,70,10,80,72,112,184,264
03/03/2021,NQA,TN,ASO,ES,Federal Contract Tower,0,4,10,8,22,0,0,99,1,100,0,4,109,9,122,40,98,138,260
03/04/2021,NQA,TN,ASO,ES,Federal Contract Tower,0,0,5,2,7,0,0,93,2,95,0,0,98,4,102,48,24,72,174
03/05/2021,NQA,TN,ASO,ES,Federal Contract Tower,0,0,7,6,13,0,0,72,0,72,0,0,79,6,85,30,28,58,143
03/06/2021,NQA,TN,ASO,ES,Federal Contract Tower,0,1,10,0,11,0,0,46,0,46,0,1,56,0,57,28,0,28,85
03/07/2021,NQA,TN,ASO,ES,Federal Contract Tower,0,0,1,0,1,0,1,31,0,32,0,1,32,0,33,50,0,50,83
03/08/2021,NQA,TN,ASO,ES,Federal Contract Tower,0,0,10,0,10,0,0,119,0,119,0,0,129,0,129,80,0,80,209
03/09/2021,NQA,TN,ASO,ES,Federal Contract Tower,0,0,15,4,19,0,0,62,0,62,0,0,77,4,81,48,60,108,189
03/10/2021,NQA,TN,ASO,ES,Federal Contract Tower,0,1,5,6,12,0,0,24,2,26,0,1,29,8,38,20,112,132,170
03/11/2021,NQA,TN,ASO,ES,Federal Contract Tower,0,2,8,2,12,0,0,52,1,53,0,2,60,3,65,22,52,74,139
03/12/2021,NQA,TN,ASO,ES,Federal Contract Tower,0,0,6,0,6,0,0,67,0,67,0,0,73,0,73,108,0,108,181
03/13/2021,NQA,TN,ASO,ES,Federal Contract Tower,0,1,10,0,11,0,0,4,0,4,0,1,14,0,15,16,0,16,31
03/14/2021,NQA,TN,ASO,ES,Federal Contract Tower,0,4,10,0,14,0,0,23,0,23,0,4,33,0,37,46,0,46,83
03/15/2021,NQA,TN,ASO,ES,Federal Contract Tower,0,2,10,0,12,0,0,75,6,81,0,2,85,6,93,38,0,38,131
03/16/2021,NQA,TN,ASO,ES,Federal Contract Tower,0,0,5,2,7,0,0,91,0,91,0,0,96,2,98,54,0,54,152
03/17/2021,NQA,TN,ASO,ES,Federal Contract Tower,0,4,0,0,4,0,0,0,0,0,0,4,0,0,4,0,0,0,4
03/18/2021,NQA,TN,ASO,ES,Federal Contract Tower,0,2,7,0,9,0,0,0,0,0,0,2,7,0,9,0,0,0,9
03/19/2021,NQA,TN,ASO,ES,Federal Contract Tower,0,0,9,1,10,0,0,51,1,52,0,0,60,2,62,26,0,26,88
03/20/2021,NQA,TN,ASO,ES,Federal Contract Tower,0,0,3,0,3,0,0,77,0,77,0,0,80,0,80,146,0,146,226
03/21/2021,NQA,TN,ASO,ES,Federal Contract Tower,0,2,12,0,14,0,0,44,0,44,0,2,56,0,58,76,0,76,134
03/22/2021,NQA,TN,ASO,ES,Federal Contract Tower,0,0,8,0,8,0,7,97,0,104,0,7,105,0,112,44,0,44,156
03/23/2021,NQA,TN,ASO,ES,Federal Contract Tower,0,2,6,0,8,0,0,6,0,6,0,2,12,0,14,0,0,0,14
03/24/2021,NQA,TN,ASO,ES,Federal Contract Tower,0,0,14,13,27,0,0,118,1,119,0,0,132,14,146,74,0,74,220
03/25/2021,NQA,TN,ASO,ES,Federal Contract Tower,0,2,3,1,6,0,0,0,0,0,0,2,3,1,6,0,0,0,6
03/26/2021,NQA,TN,ASO,ES,Federal Contract Tower,0,0,11,0,11,0,0,102,0,102,0,0,113,0,113,88,0,88,201
03/27/2021,NQA,TN,ASO,ES,Federal Contract Tower,0,0,1,0,1,0,0,10,0,10,0,0,11,0,11,26,0,26,37
03/28/2021,NQA,TN,ASO,ES,Federal Contract Tower,0,0,6,0,6,0,0,3,0,3,0,0,9,0,9,0,0,0,9
03/29/2021,NQA,TN,ASO,ES,Federal Contract Tower,0,3,3,0,6,0,3,89,0,92,0,6,92,0,98,84,0,84,182
03/30/2021,NQA,TN,ASO,ES,Federal Contract Tower,0,0,7,8,15,0,0,29,2,31,0,0,36,10,46,20,100,120,166
03/31/2021,NQA,TN,ASO,ES,Federal Contract Tower,0,6,4,6,16,0,0,16,3,19,0,6,20,9,35,28,62,90,125
04/01/2021,NQA,TN,ASO,ES,Federal Contract Tower,0,3,7,4,14,0,0,51,0,51,0,3,58,4,65,42,86,128,193
04/02/2021,NQA,TN,ASO,ES,Federal Contract Tower,0,0,14,0,14,0,0,67,2,69,0,0,81,2,83,48,0,48,131
04/03/2021,NQA,TN,ASO,ES,Federal Contract Tower,0,0,6,0,6,0,0,48,1,49,0,0,54,1,55,28,0,28,83
04/04/2021,NQA,TN,ASO,ES,Federal Contract Tower,0,0,4,0,4,0,0,7,0,7,0,0,11,0,11,2,0,2,13
04/05/2021,NQA,TN,ASO,ES,Federal Contract Tower,0,0,7,0,7,0,0,30,0,30,0,0,37,0,37,4,0,4,41
04/06/2021,NQA,TN,ASO,ES,Federal Contract Tower,0,0,4,0,4,0,0,55,0,55,0,0,59,0,59,0,0,0,59
04/07/2021,NQA,TN,ASO,ES,Federal Contract Tower,0,0,4,0,4,0,0,4,0,4,0,0,8,0,8,0,0,0,8
04/08/2021,NQA,TN,ASO,ES,Federal Contract Tower,0,0,3,1,4,0,0,44,1,45,0,0,47,2,49,0,0,0,49
04/09/2021,NQA,TN,ASO,ES,Federal Contract Tower,0,0,0,0,0,0,0,34,0,34,0,0,34,0,34,0,0,0,34
04/10/2021,NQA,TN,ASO,ES,Federal Contract Tower,0,0,0,0,0,0,0,5,4,9,0,0,5,4,9,2,0,2,11
04/11/2021,NQA,TN,ASO,ES,Federal Contract Tower,0,0,0,0,0,0,0,12,0,12,0,0,12,0,12,0,0,0,12
04/12/2021,NQA,TN,ASO,ES,Federal Contract Tower,0,0,0,0,0,0,0,45,0,45,0,0,45,0,45,0,0,0,45
04/13/2021,NQA,TN,ASO,ES,Federal Contract Tower,0,0,0,0,0,0,0,51,0,51,0,0,51,0,51,0,0,0,51
04/14/2021,NQA,TN,ASO,ES,Federal Contract Tower,0,0,0,0,0,0,0,13,0,13,0,0,13,0,13,0,0,0,13
04/15/2021,NQA,TN,ASO,ES,Federal Contract Tower,0,0,0,0,0,0,0,52,0,52,0,0,52,0,52,0,0,0,52
04/16/2021,NQA,TN,ASO,ES,Federal Contract Tower,0,0,2,0,2,0,0,31,0,31,0,0,33,0,33,0,0,0,33
04/17/2021,NQA,TN,ASO,ES,Federal Contract Tower,0,0,2,0,2,0,0,23,0,23,0,0,25,0,25,0,0,0,25
04/18/2021,NQA,TN,ASO,ES,Federal Contract Tower,0,0,3,0,3,0,0,8,0,8,0,0,11,0,11,0,0,0,11
04/19/2021,NQA,TN,ASO,ES,Federal Contract Tower,0,0,5,0,5,0,0,36,0,36,0,0,41,0,41,0,0,0,41
04/20/2021,NQA,TN,ASO,ES,Federal Contract Tower,0,0,0,0,0,0,0,31,0,31,0,0,31,0,31,2,0,2,33
04/21/2021,NQA,TN,ASO,ES,Federal Contract Tower,0,0,7,0,7,0,0,32,0,32,0,0,39,0,39,0,0,0,39
04/22/2021,NQA,TN,ASO,ES,Federal Contract Tower,0,0,11,0,11,0,0,41,0,41,0,0,52,0,52,2,0,2,54
04/23/2021,NQA,TN,ASO,ES,Federal Contract Tower,0,0,1,0,1,0,0,39,0,39,0,0,40,0,40,0,0,0,40
04/24/2021,NQA,TN,ASO,ES,Federal Contract Tower,0,0,1,0,1,0,0,1,0,1,0,0,2,0,2,0,0,0,2
04/25/2021,NQA,TN,ASO,ES,Federal Contract Tower,0,0,4,0,4,0,0,22,0,22,0,0,26,0,26,0,0,0,26
04/26/2021,NQA,TN,ASO,ES,Federal Contract Tower,0,0,5,0,5,0,0,40,0,40,0,0,45,0,45,0,0,0,45
04/27/2021,NQA,TN,ASO,ES,Federal Contract Tower,0,0,0,0,0,0,0,15,6,21,0,0,15,6,21,0,0,0,21
04/28/2021,NQA,TN,ASO,ES,Federal Contract Tower,0,0,1,0,1,0,0,18,0,18,0,0,19,0,19,2,0,2,21
04/29/2021,NQA,TN,ASO,ES,Federal Contract Tower,0,0,1,0,1,0,0,7,0,7,0,0,8,0,8,0,0,0,8
04/30/2021,NQA,TN,ASO,ES,Federal Contract Tower,0,0,16,0,16,0,0,49,0,49,0,0,65,0,65,2,0,2,67
05/01/2021,NQA,TN,ASO,ES,Federal Contract Tower,0,0,2,0,2,0,0,39,0,39,0,0,41,0,41,0,0,0,41
05/02/2021,NQA,TN,ASO,ES,Federal Contract Tower,0,0,0,0,0,0,0,2,0,2,0,0,2,0,2,0,0,0,2
05/03/2021,NQA,TN,ASO,ES,Federal Contract Tower,0,0,2,0,2,0,0,12,0,12,0,0,14,0,14,0,0,0,14
05/04/2021,NQA,TN,ASO,ES,Federal Contract Tower,0,0,0,0,0,0,0,2,0,2,0,0,2,0,2,0,0,0,2
05/05/2021,NQA,TN,ASO,ES,Federal Contract Tower,0,0,3,0,3,0,0,45,0,45,0,0,48,0,48,8,0,8,56
05/06/2021,NQA,TN,ASO,ES,Federal Contract Tower,0,0,3,0,3,0,2,38,0,40,0,2,41,0,43,4,0,4,47
05/07/2021,NQA,TN,ASO,ES,Federal Contract Tower,0,0,1,0,1,0,0,33,0,33,0,0,34,0,34,2,0,2,36
05/08/2021,NQA,TN,ASO,ES,Federal Contract Tower,0,0,5,0,5,0,0,22,0,22,0,0,27,0,27,4,0,4,31
05/09/2021,NQA,TN,ASO,ES,Federal Contract Tower,0,0,0,0,0,0,0,3,0,3,0,0,3,0,3,0,0,0,3
05/10/2021,NQA,TN,ASO,ES,Federal Contract Tower,0,0,0,0,0,0,2,23,0,25,0,2,23,0,25,4,0,4,29
05/11/2021,NQA,TN,ASO,ES,Federal Contract Tower,0,0,0,0,0,0,0,31,1,32,0,0,31,1,32,0,0,0,32
05/12/2021,NQA,TN,ASO,ES,Federal Contract Tower,0,0,5,0,5,0,0,33,1,34,0,0,38,1,39,0,0,0,39
05/13/2021,NQA,TN,ASO,ES,Federal Contract Tower,0,0,2,0,2,0,0,40,2,42,0,0,42,2,44,2,0,2,46
05/14/2021,NQA,TN,ASO,ES,Federal Contract Tower,0,0,4,0,4,0,0,34,0,34,0,0,38,0,38,0,0,0,38
05/15/2021,NQA,TN,ASO,ES,Federal Contract Tower,0,0,1,0,1,0,0,11,0,11,0,0,12,0,12,0,0,0,12
05/16/2021,NQA,TN,ASO,ES,Federal Contract Tower,0,0,4,0,4,0,0,19,0,19,0,0,23,0,23,2,0,2,25
05/17/2021,NQA,TN,ASO,ES,Federal Contract Tower,0,0,0,0,0,0,0,8,9,17,0,0,8,9,17,0,0,0,17
05/18/2021,NQA,TN,ASO,ES,Federal Contract Tower,0,0,0,2,2,0,0,4,1,5,0,0,4,3,7,2,0,2,9
05/19/2021,NQA,TN,ASO,ES,Federal Contract Tower,0,0,0,0,0,0,0,2,0,2,0,0,2,0,2,0,0,0,2
05/20/2021,NQA,TN,ASO,ES,Federal Contract Tower,0,0,0,0,0,0,0,10,0,10,0,0,10,0,10,0,0,0,10
05/21/2021,NQA,TN,ASO,ES,Federal Contract Tower,0,0,0,0,0,0,0,22,1,23,0,0,22,1,23,4,0,4,27
05/22/2021,NQA,TN,ASO,ES,Federal Contract Tower,0,0,1,1,2,0,0,33,0,33,0,0,34,1,35,0,0,0,35
05/23/2021,NQA,TN,ASO,ES,Federal Contract Tower,0,0,3,0,3,0,0,16,0,16,0,0,19,0,19,0,0,0,19
05/24/2021,NQA,TN,ASO,ES,Federal Contract Tower,0,0,0,0,0,0,0,58,0,58,0,0,58,0,58,0,0,0,58
05/25/2021,NQA,TN,ASO,ES,Federal Contract Tower,0,0,3,0,3,0,0,40,0,40,0,0,43,0,43,2,0,2,45
05/26/2021,NQA,TN,ASO,ES,Federal Contract Tower,0,0,0,0,0,0,0,11,0,11,0,0,11,0,11,0,0,0,11
05/27/2021,NQA,TN,ASO,ES,Federal Contract Tower,0,0,4,0,4,0,2,51,0,53,0,2,55,0,57,0,0,0,57
05/28/2021,NQA,TN,ASO,ES,Federal Contract Tower,0,0,1,0,1,0,0,2,0,2,0,0,3,0,3,0,0,0,3
05/29/2021,NQA,TN,ASO,ES,Federal Contract Tower,0,0,2,0,2,0,0,4,0,4,0,0,6,0,6,0,0,0,6
05/30/2021,NQA,TN,ASO,ES,Federal Contract Tower,0,0,2,0,2,0,0,17,0,17,0,0,19,0,19,0,0,0,19
05/31/2021,NQA,TN,ASO,ES,Federal Contract Tower,0,0,2,0,2,0,0,41,1,42,0,0,43,1,44,0,0,0,44
06/01/2021,NQA,TN,ASO,ES,Federal Contract Tower,0,0,2,0,2,0,0,33,0,33,0,0,35,0,35,0,0,0,35
06/02/2021,NQA,TN,ASO,ES,Federal Contract Tower,0,0,0,0,0,0,0,5,0,5,0,0,5,0,5,0,0,0,5
06/03/2021,NQA,TN,ASO,ES,Federal Contract Tower,0,0,0,0,0,0,0,28,0,28,0,0,28,0,28,2,0,2,30
06/05/2021,NQA,TN,ASO,ES,Federal Contract Tower,0,0,2,0,2,0,0,22,0,22,0,0,24,0,24,8,0,8,32
06/06/2021,NQA,TN,ASO,ES,Federal Contract Tower,0,0,0,0,0,0,0,2,0,2,0,0,2,0,2,0,0,0,2
06/07/2021,NQA,TN,ASO,ES,Federal Contract Tower,0,0,0,0,0,0,0,4,0,4,0,0,4,0,4,0,0,0,4
06/08/2021,NQA,TN,ASO,ES,Federal Contract Tower,0,0,0,0,0,0,0,0,0,0,0,0,0,0,0,0,0,0,0
06/09/2021,NQA,TN,ASO,ES,Federal Contract Tower,0,4,0,0,4,0,0,8,0,8,0,4,8,0,12,0,0,0,12
06/10/2021,NQA,TN,ASO,ES,Federal Contract Tower,0,0,2,0,2,0,0,4,0,4,0,0,6,0,6,0,0,0,6
06/11/2021,NQA,TN,ASO,ES,Federal Contract Tower,0,0,3,0,3,0,1,9,0,10,0,1,12,0,13,0,0,0,13
06/12/2021,NQA,TN,ASO,ES,Federal Contract Tower,0,0,2,0,2,0,0,19,0,19,0,0,21,0,21,0,0,0,21
06/13/2021,NQA,TN,ASO,ES,Federal Contract Tower,0,0,2,0,2,0,0,12,0,12,0,0,14,0,14,0,0,0,14
06/14/2021,NQA,TN,ASO,ES,Federal Contract Tower,0,0,0,0,0,0,0,40,0,40,0,0,40,0,40,0,0,0,40
06/15/2021,NQA,TN,ASO,ES,Federal Contract Tower,0,0,0,0,0,0,0,40,0,40,0,0,40,0,40,0,0,0,40
06/16/2021,NQA,TN,ASO,ES,Federal Contract Tower,0,0,0,0,0,0,0,34,0,34,0,0,34,0,34,0,0,0,34
06/17/2021,NQA,TN,ASO,ES,Federal Contract Tower,0,0,3,0,3,0,0,51,0,51,0,0,54,0,54,0,0,0,54
06/18/2021,NQA,TN,ASO,ES,Federal Contract Tower,0,0,0,0,0,0,0,42,0,42,0,0,42,0,42,0,0,0,42
06/19/2021,NQA,TN,ASO,ES,Federal Contract Tower,0,0,4,0,4,0,0,16,0,16,0,0,20,0,20,0,0,0,20
06/20/2021,NQA,TN,ASO,ES,Federal Contract Tower,0,0,1,0,1,0,0,10,0,10,0,0,11,0,11,0,0,0,11
06/21/2021,NQA,TN,ASO,ES,Federal Contract Tower,0,0,0,0,0,0,0,4,0,4,0,0,4,0,4,0,0,0,4
06/22/2021,NQA,TN,ASO,ES,Federal Contract Tower,0,0,1,0,1,0,0,53,0,53,0,0,54,0,54,0,0,0,54
06/23/2021,NQA,TN,ASO,ES,Federal Contract Tower,0,0,1,0,1,0,0,49,0,49,0,0,50,0,50,0,0,0,50
06/24/2021,NQA,TN,ASO,ES,Federal Contract Tower,0,0,2,0,2,0,0,44,0,44,0,0,46,0,46,0,0,0,46
06/25/2021,NQA,TN,ASO,ES,Federal Contract Tower,0,0,1,0,1,0,0,7,0,7,0,0,8,0,8,0,0,0,8
06/26/2021,NQA,TN,ASO,ES,Federal Contract Tower,0,0,2,0,2,0,0,11,0,11,0,0,13,0,13,0,0,0,13
06/27/2021,NQA,TN,ASO,ES,Federal Contract Tower,0,0,2,0,2,0,0,11,0,11,0,0,13,0,13,0,0,0,13
06/28/2021,NQA,TN,ASO,ES,Federal Contract Tower,0,0,0,0,0,0,0,40,0,40,0,0,40,0,40,0,0,0,40
06/29/2021,NQA,TN,ASO,ES,Federal Contract Tower,0,0,2,0,2,0,0,51,0,51,0,0,53,0,53,0,0,0,53
06/30/2021,NQA,TN,ASO,ES,Federal Contract Tower,0,0,1,0,1,0,0,18,0,18,0,0,19,0,19,2,0,2,21
07/01/2021,NQA,TN,ASO,ES,Federal Contract Tower,0,0,0,0,0,0,0,32,0,32,0,0,32,0,32,0,0,0,32
07/02/2021,NQA,TN,ASO,ES,Federal Contract Tower,0,0,4,0,4,0,0,10,0,10,0,0,14,0,14,0,0,0,14
07/03/2021,NQA,TN,ASO,ES,Federal Contract Tower,0,0,1,0,1,0,0,15,0,15,0,0,16,0,16,0,0,0,16
07/04/2021,NQA,TN,ASO,ES,Federal Contract Tower,0,0,1,0,1,0,0,12,0,12,0,0,13,0,13,0,0,0,13
07/05/2021,NQA,TN,ASO,ES,Federal Contract Tower,0,0,3,0,3,0,0,44,0,44,0,0,47,0,47,2,0,2,49
07/06/2021,NQA,TN,ASO,ES,Federal Contract Tower,0,0,5,0,5,0,84,46,0,130,0,84,51,0,135,0,0,0,135
07/07/2021,NQA,TN,ASO,ES,Federal Contract Tower,0,0,4,0,4,0,0,15,0,15,0,0,19,0,19,0,0,0,19
07/08/2021,NQA,TN,ASO,ES,Federal Contract Tower,0,0,2,0,2,0,1,28,0,29,0,1,30,0,31,0,0,0,31
07/09/2021,NQA,TN,ASO,ES,Federal Contract Tower,0,0,0,0,0,0,0,8,0,8,0,0,8,0,8,0,0,0,8
07/10/2021,NQA,TN,ASO,ES,Federal Contract Tower,0,0,3,1,4,0,0,12,0,12,0,0,15,1,16,0,0,0,16
07/11/2021,NQA,TN,ASO,ES,Federal Contract Tower,0,0,1,1,2,0,0,3,0,3,0,0,4,1,5,0,0,0,5
07/12/2021,NQA,TN,ASO,ES,Federal Contract Tower,0,0,3,0,3,0,0,9,0,9,0,0,12,0,12,0,0,0,12
07/13/2021,NQA,TN,ASO,ES,Federal Contract Tower,0,0,1,0,1,0,0,24,0,24,0,0,25,0,25,0,0,0,25
07/14/2021,NQA,TN,ASO,ES,Federal Contract Tower,0,0,0,0,0,0,0,41,0,41,0,0,41,0,41,4,0,4,45
07/15/2021,NQA,TN,ASO,ES,Federal Contract Tower,0,0,2,0,2,0,0,54,0,54,0,0,56,0,56,0,0,0,56
07/16/2021,NQA,TN,ASO,ES,Federal Contract Tower,0,0,1,0,1,0,0,16,0,16,0,0,17,0,17,0,0,0,17
07/17/2021,NQA,TN,ASO,ES,Federal Contract Tower,0,0,0,0,0,0,0,6,0,6,0,0,6,0,6,0,0,0,6
07/18/2021,NQA,TN,ASO,ES,Federal Contract Tower,0,0,0,0,0,0,0,1,0,1,0,0,1,0,1,0,0,0,1
07/19/2021,NQA,TN,ASO,ES,Federal Contract Tower,0,0,4,0,4,0,0,14,0,14,0,0,18,0,18,2,0,2,20
07/20/2021,NQA,TN,ASO,ES,Federal Contract Tower,0,0,3,0,3,0,0,43,15,58,0,0,46,15,61,0,0,0,61
07/21/2021,NQA,TN,ASO,ES,Federal Contract Tower,0,0,2,0,2,0,0,40,0,40,0,0,42,0,42,0,0,0,42
07/22/2021,NQA,TN,ASO,ES,Federal Contract Tower,0,0,3,0,3,0,2,26,4,32,0,2,29,4,35,2,0,2,37
07/23/2021,NQA,TN,ASO,ES,Federal Contract Tower,0,0,4,0,4,0,0,7,6,13,0,0,11,6,17,0,0,0,17
07/24/2021,NQA,TN,ASO,ES,Federal Contract Tower,0,0,3,0,3,0,0,12,1,13,0,0,15,1,16,0,0,0,16
07/25/2021,NQA,TN,ASO,ES,Federal Contract Tower,0,0,1,0,1,0,0,12,0,12,0,0,13,0,13,2,0,2,15
07/26/2021,NQA,TN,ASO,ES,Federal Contract Tower,0,0,1,0,1,0,0,18,0,18,0,0,19,0,19,0,0,0,19
07/27/2021,NQA,TN,ASO,ES,Federal Contract Tower,0,0,0,0,0,0,0,22,0,22,0,0,22,0,22,4,0,4,26
07/28/2021,NQA,TN,ASO,ES,Federal Contract Tower,0,0,2,0,2,0,0,26,0,26,0,0,28,0,28,0,0,0,28
07/29/2021,NQA,TN,ASO,ES,Federal Contract Tower,0,0,0,0,0,0,0,40,0,40,0,0,40,0,40,14,0,14,54
07/30/2021,NQA,TN,ASO,ES,Federal Contract Tower,0,0,1,0,1,0,0,30,4,34,0,0,31,4,35,0,0,0,35
07/31/2021,NQA,TN,ASO,ES,Federal Contract Tower,0,0,0,4,4,0,0,13,2,15,0,0,13,6,19,0,0,0,19
08/01/2021,NQA,TN,ASO,ES,Federal Contract Tower,0,0,0,0,0,0,0,5,0,5,0,0,5,0,5,0,0,0,5
08/02/2021,NQA,TN,ASO,ES,Federal Contract Tower,0,0,4,0,4,0,0,27,0,27,0,0,31,0,31,0,0,0,31
08/03/2021,NQA,TN,ASO,ES,Federal Contract Tower,0,0,0,0,0,0,0,44,0,44,0,0,44,0,44,0,0,0,44
08/04/2021,NQA,TN,ASO,ES,Federal Contract Tower,0,0,1,2,3,0,0,39,0,39,0,0,40,2,42,0,0,0,42
08/05/2021,NQA,TN,ASO,ES,Federal Contract Tower,0,0,1,0,1,0,0,32,0,32,0,0,33,0,33,0,0,0,33
08/06/2021,NQA,TN,ASO,ES,Federal Contract Tower,0,0,2,0,2,0,0,28,4,32,0,0,30,4,34,0,0,0,34
08/07/2021,NQA,TN,ASO,ES,Federal Contract Tower,0,0,0,0,0,0,4,13,0,17,0,4,13,0,17,4,0,4,21
08/08/2021,NQA,TN,ASO,ES,Federal Contract Tower,0,0,0,0,0,0,0,4,0,4,0,0,4,0,4,0,0,0,4
08/09/2021,NQA,TN,ASO,ES,Federal Contract Tower,0,0,1,0,1,0,1,23,0,24,0,1,24,0,25,2,0,2,27
08/10/2021,NQA,TN,ASO,ES,Federal Contract Tower,0,0,1,0,1,0,0,40,0,40,0,0,41,0,41,2,0,2,43
08/11/2021,NQA,TN,ASO,ES,Federal Contract Tower,0,0,0,0,0,0,0,29,0,29,0,0,29,0,29,0,0,0,29
08/12/2021,NQA,TN,ASO,ES,Federal Contract Tower,0,0,2,0,2,0,0,43,0,43,0,0,45,0,45,0,0,0,45
08/13/2021,NQA,TN,ASO,ES,Federal Contract Tower,0,0,3,0,3,0,0,8,0,8,0,0,11,0,11,0,0,0,11
08/14/2021,NQA,TN,ASO,ES,Federal Contract Tower,0,0,0,0,0,0,0,7,0,7,0,0,7,0,7,0,0,0,7
08/15/2021,NQA,TN,ASO,ES,Federal Contract Tower,0,0,0,0,0,0,0,13,0,13,0,0,13,0,13,6,0,6,19
08/17/2021,NQA,TN,ASO,ES,Federal Contract Tower,0,0,2,0,2,0,0,32,0,32,0,0,34,0,34,0,0,0,34
08/18/2021,NQA,TN,ASO,ES,Federal Contract Tower,0,0,0,0,0,0,0,2,0,2,0,0,2,0,2,0,0,0,2
08/19/2021,NQA,TN,ASO,ES,Federal Contract Tower,0,0,1,0,1,0,0,18,0,18,0,0,19,0,19,0,0,0,19
08/20/2021,NQA,TN,ASO,ES,Federal Contract Tower,0,0,0,0,0,0,0,3,0,3,0,0,3,0,3,0,0,0,3
08/21/2021,NQA,TN,ASO,ES,Federal Contract Tower,0,0,0,0,0,0,0,5,0,5,0,0,5,0,5,0,0,0,5
08/22/2021,NQA,TN,ASO,ES,Federal Contract Tower,0,0,1,0,1,0,0,12,0,12,0,0,13,0,13,0,0,0,13
08/23/2021,NQA,TN,ASO,ES,Federal Contract Tower,0,0,0,0,0,0,0,45,0,45,0,0,45,0,45,0,4,4,49
08/24/2021,NQA,TN,ASO,ES,Federal Contract Tower,0,0,1,0,1,0,0,53,0,53,0,0,54,0,54,2,0,2,56
08/25/2021,NQA,TN,ASO,ES,Federal Contract Tower,0,0,0,0,0,0,0,43,0,43,0,0,43,0,43,0,0,0,43
08/26/2021,NQA,TN,ASO,ES,Federal Contract Tower,0,0,1,0,1,0,0,50,0,50,0,0,51,0,51,2,0,2,53
08/27/2021,NQA,TN,ASO,ES,Federal Contract Tower,0,0,1,0,1,0,0,59,0,59,0,0,60,0,60,6,0,6,66
08/28/2021,NQA,TN,ASO,ES,Federal Contract Tower,0,0,0,0,0,0,0,40,0,40,0,0,40,0,40,0,0,0,40
08/29/2021,NQA,TN,ASO,ES,Federal Contract Tower,0,0,2,0,2,0,0,17,0,17,0,0,19,0,19,0,0,0,19
08/30/2021,NQA,TN,ASO,ES,Federal Contract Tower,0,0,0,0,0,1,0,0,12,13,1,0,0,12,13,0,0,0,13
08/31/2021,NQA,TN,ASO,ES,Federal Contract Tower,0,0,0,0,0,0,0,0,0,0,0,0,0,0,0,0,0,0,0
09/02/2021,NQA,TN,ASO,ES,Federal Contract Tower,0,0,3,0,3,0,0,53,0,53,0,0,56,0,56,0,0,0,56
09/03/2021,NQA,TN,ASO,ES,Federal Contract Tower,0,0,2,0,2,0,0,63,0,63,0,0,65,0,65,0,0,0,65
09/04/2021,NQA,TN,ASO,ES,Federal Contract Tower,0,0,4,0,4,0,0,25,0,25,0,0,29,0,29,2,0,2,31
09/05/2021,NQA,TN,ASO,ES,Federal Contract Tower,0,0,0,0,0,0,0,0,0,0,0,0,0,0,0,0,0,0,0
09/06/2021,NQA,TN,ASO,ES,Federal Contract Tower,0,0,0,0,0,0,0,39,2,41,0,0,39,2,41,0,0,0,41
09/07/2021,NQA,TN,ASO,ES,Federal Contract Tower,0,0,0,0,0,0,0,46,0,46,0,0,46,0,46,0,0,0,46
09/08/2021,NQA,TN,ASO,ES,Federal Contract Tower,0,0,4,7,11,0,0,59,1,60,0,0,63,8,71,2,0,2,73
09/09/2021,NQA,TN,ASO,ES,Federal Contract Tower,0,0,3,2,5,0,0,49,0,49,0,0,52,2,54,0,0,0,54
09/10/2021,NQA,TN,ASO,ES,Federal Contract Tower,0,0,2,0,2,0,0,59,0,59,0,0,61,0,61,4,0,4,65
09/11/2021,NQA,TN,ASO,ES,Federal Contract Tower,0,0,3,0,3,0,0,21,0,21,0,0,24,0,24,0,0,0,24
09/12/2021,NQA,TN,ASO,ES,Federal Contract Tower,0,0,0,0,0,0,0,23,0,23,0,0,23,0,23,2,0,2,25
09/13/2021,NQA,TN,ASO,ES,Federal Contract Tower,0,0,1,0,1,0,0,43,0,43,0,0,44,0,44,0,0,0,44
09/14/2021,NQA,TN,ASO,ES,Federal Contract Tower,0,0,0,0,0,0,0,87,0,87,0,0,87,0,87,0,0,0,87
09/15/2021,NQA,TN,ASO,ES,Federal Contract Tower,0,0,1,0,1,0,0,115,0,115,0,0,116,0,116,6,0,6,122
09/16/2021,NQA,TN,ASO,ES,Federal Contract Tower,0,0,0,1,1,0,0,65,0,65,0,0,65,1,66,2,2,4,70
09/17/2021,NQA,TN,ASO,ES,Federal Contract Tower,0,0,0,0,0,0,0,1,0,1,0,0,1,0,1,0,0,0,1
09/18/2021,NQA,TN,ASO,ES,Federal Contract Tower,0,0,0,0,0,0,0,6,0,6,0,0,6,0,6,0,0,0,6
09/19/2021,NQA,TN,ASO,ES,Federal Contract Tower,0,0,1,0,1,0,0,0,0,0,0,0,1,0,1,0,0,0,1
09/20/2021,NQA,TN,ASO,ES,Federal Contract Tower,0,0,0,0,0,0,0,21,0,21,0,0,21,0,21,4,0,4,25
09/21/2021,NQA,TN,ASO,ES,Federal Contract Tower,0,0,3,0,3,0,0,10,0,10,0,0,13,0,13,0,0,0,13
09/22/2021,NQA,TN,ASO,ES,Federal Contract Tower,0,0,3,0,3,0,0,32,0,32,0,0,35,0,35,2,0,2,37
09/23/2021,NQA,TN,ASO,ES,Federal Contract Tower,0,0,0,0,0,0,0,62,0,62,0,0,62,0,62,4,0,4,66
09/24/2021,NQA,TN,ASO,ES,Federal Contract Tower,0,0,0,0,0,0,0,73,0,73,0,0,73,0,73,0,0,0,73
09/25/2021,NQA,TN,ASO,ES,Federal Contract Tower,0,0,0,0,0,0,0,38,0,38,0,0,38,0,38,0,0,0,38
09/26/2021,NQA,TN,ASO,ES,Federal Contract Tower,0,0,0,0,0,0,0,16,0,16,0,0,16,0,16,0,0,0,16
09/27/2021,NQA,TN,ASO,ES,Federal Contract Tower,0,0,0,0,0,0,0,51,0,51,0,0,51,0,51,0,0,0,51
09/28/2021,NQA,TN,ASO,ES,Federal Contract Tower,0,0,0,0,0,0,4,57,0,61,0,4,57,0,61,0,0,0,61
09/29/2021,NQA,TN,ASO,ES,Federal Contract Tower,0,0,1,0,1,0,0,16,0,16,0,0,17,0,17,0,0,0,17
09/30/2021,NQA,TN,ASO,ES,Federal Contract Tower,0,0,2,0,2,0,0,0,0,0,0,0,2,0,2,0,0,0,2
10/01/2021,NQA,TN,ASO,ES,Federal Contract Tower,0,0,1,0,1,0,0,41,0,41,0,0,42,0,42,2,0,2,44
10/02/2021,NQA,TN,ASO,ES,Federal Contract Tower,0,0,0,0,0,0,0,4,0,4,0,0,4,0,4,2,0,2,6
10/03/2021,NQA,TN,ASO,ES,Federal Contract Tower,0,0,0,0,0,0,0,9,4,13,0,0,9,4,13,0,0,0,13
10/04/2021,NQA,TN,ASO,ES,Federal Contract Tower,0,0,2,2,4,0,0,80,0,80,0,0,82,2,84,0,0,0,84
10/05/2021,NQA,TN,ASO,ES,Federal Contract Tower,0,0,0,0,0,0,0,25,0,25,0,0,25,0,25,0,0,0,25
10/06/2021,NQA,TN,ASO,ES,Federal Contract Tower,0,0,2,0,2,0,0,38,0,38,0,0,40,0,40,0,0,0,40
10/07/2021,NQA,TN,ASO,ES,Federal Contract Tower,0,0,3,0,3,0,0,60,0,60,0,0,63,0,63,2,0,2,65
10/08/2021,NQA,TN,ASO,ES,Federal Contract Tower,0,0,2,0,2,0,0,58,0,58,0,0,60,0,60,2,0,2,62
10/09/2021,NQA,TN,ASO,ES,Federal Contract Tower,0,0,0,0,0,0,0,61,0,61,0,0,61,0,61,0,0,0,61
10/10/2021,NQA,TN,ASO,ES,Federal Contract Tower,0,0,0,0,0,0,0,6,0,6,0,0,6,0,6,0,0,0,6
10/11/2021,NQA,TN,ASO,ES,Federal Contract Tower,0,0,3,0,3,0,0,5,0,5,0,0,8,0,8,0,0,0,8
10/12/2021,NQA,TN,ASO,ES,Federal Contract Tower,0,0,1,0,1,0,0,57,0,57,0,0,58,0,58,0,0,0,58
10/13/2021,NQA,TN,ASO,ES,Federal Contract Tower,0,0,0,0,0,0,0,49,0,49,0,0,49,0,49,4,0,4,53
10/14/2021,NQA,TN,ASO,ES,Federal Contract Tower,0,0,0,0,0,0,0,48,0,48,0,0,48,0,48,2,0,2,50
10/15/2021,NQA,TN,ASO,ES,Federal Contract Tower,0,0,0,0,0,0,0,0,0,0,0,0,0,0,0,0,0,0,0
10/16/2021,NQA,TN,ASO,ES,Federal Contract Tower,0,0,1,0,1,0,0,22,0,22,0,0,23,0,23,2,0,2,25
10/17/2021,NQA,TN,ASO,ES,Federal Contract Tower,0,0,0,0,0,0,2,24,0,26,0,2,24,0,26,0,0,0,26
10/18/2021,NQA,TN,ASO,ES,Federal Contract Tower,0,0,4,2,6,0,0,50,0,50,0,0,54,2,56,4,0,4,60
10/19/2021,NQA,TN,ASO,ES,Federal Contract Tower,0,0,2,2,4,0,0,57,0,57,0,0,59,2,61,2,0,2,63
10/20/2021,NQA,TN,ASO,ES,Federal Contract Tower,0,0,0,0,0,0,0,46,0,46,0,0,46,0,46,0,0,0,46
10/21/2021,NQA,TN,ASO,ES,Federal Contract Tower,0,0,2,0,2,0,0,51,0,51,0,0,53,0,53,6,0,6,59
10/22/2021,NQA,TN,ASO,ES,Federal Contract Tower,0,0,3,0,3,0,0,66,0,66,0,0,69,0,69,2,0,2,71
10/23/2021,NQA,TN,ASO,ES,Federal Contract Tower,0,0,2,0,2,0,0,14,0,14,0,0,16,0,16,0,0,0,16
10/24/2021,NQA,TN,ASO,ES,Federal Contract Tower,0,0,3,0,3,0,0,5,0,5,0,0,8,0,8,0,0,0,8
10/25/2021,NQA,TN,ASO,ES,Federal Contract Tower,0,0,2,0,2,0,0,18,0,18,0,0,20,0,20,0,0,0,20
10/26/2021,NQA,TN,ASO,ES,Federal Contract Tower,0,0,4,0,4,0,0,51,0,51,0,0,55,0,55,0,0,0,55
10/27/2021,NQA,TN,ASO,ES,Federal Contract Tower,0,0,4,0,4,0,0,21,0,21,0,0,25,0,25,0,0,0,25
10/28/2021,NQA,TN,ASO,ES,Federal Contract Tower,0,0,0,0,0,0,0,0,0,0,0,0,0,0,0,0,0,0,0
10/29/2021,NQA,TN,ASO,ES,Federal Contract Tower,0,0,1,0,1,0,0,1,0,1,0,0,2,0,2,0,0,0,2
10/30/2021,NQA,TN,ASO,ES,Federal Contract Tower,0,0,1,0,1,0,0,7,0,7,0,0,8,0,8,0,0,0,8
10/31/2021,NQA,TN,ASO,ES,Federal Contract Tower,0,0,2,0,2,0,0,22,0,22,0,0,24,0,24,0,0,0,24
11/01/2021,NQA,TN,ASO,ES,Federal Contract Tower,0,0,1,0,1,0,0,57,0,57,0,0,58,0,58,0,0,0,58
11/02/2021,NQA,TN,ASO,ES,Federal Contract Tower,0,0,0,0,0,0,0,52,0,52,0,0,52,0,52,0,0,0,52
11/03/2021,NQA,TN,ASO,ES,Federal Contract Tower,0,0,0,0,0,0,0,32,0,32,0,0,32,0,32,0,0,0,32
11/04/2021,NQA,TN,ASO,ES,Federal Contract Tower,0,0,3,0,3,0,0,60,0,60,0,0,63,0,63,2,0,2,65
11/05/2021,NQA,TN,ASO,ES,Federal Contract Tower,0,2,1,0,3,0,0,58,0,58,0,2,59,0,61,2,0,2,63
11/06/2021,NQA,TN,ASO,ES,Federal Contract Tower,0,0,0,0,0,0,0,30,0,30,0,0,30,0,30,2,0,2,32
11/07/2021,NQA,TN,ASO,ES,Federal Contract Tower,0,0,0,0,0,0,0,12,0,12,0,0,12,0,12,0,0,0,12
11/08/2021,NQA,TN,ASO,ES,Federal Contract Tower,0,0,3,4,7,0,0,57,0,57,0,0,60,4,64,2,0,2,66
11/09/2021,NQA,TN,ASO,ES,Federal Contract Tower,0,0,0,0,0,0,0,42,0,42,0,0,42,0,42,0,0,0,42
11/10/2021,NQA,TN,ASO,ES,Federal Contract Tower,0,0,1,0,1,0,0,52,0,52,0,0,53,0,53,2,0,2,55
11/11/2021,NQA,TN,ASO,ES,Federal Contract Tower,0,0,1,0,1,0,0,2,0,2,0,0,3,0,3,0,0,0,3
11/12/2021,NQA,TN,ASO,ES,Federal Contract Tower,0,0,0,0,0,0,0,6,0,6,0,0,6,0,6,0,0,0,6
11/13/2021,NQA,TN,ASO,ES,Federal Contract Tower,0,0,1,0,1,0,0,23,0,23,0,0,24,0,24,0,0,0,24
11/14/2021,NQA,TN,ASO,ES,Federal Contract Tower,0,0,1,0,1,0,0,8,0,8,0,0,9,0,9,0,0,0,9
11/15/2021,NQA,TN,ASO,ES,Federal Contract Tower,0,0,1,0,1,0,0,42,0,42,0,0,43,0,43,0,0,0,43
11/16/2021,NQA,TN,ASO,ES,Federal Contract Tower,0,0,3,0,3,0,0,23,0,23,0,0,26,0,26,0,0,0,26
11/17/2021,NQA,TN,ASO,ES,Federal Contract Tower,0,0,5,0,5,0,0,4,0,4,0,0,9,0,9,0,0,0,9
11/18/2021,NQA,TN,ASO,ES,Federal Contract Tower,3,0,0,0,3,0,0,30,0,30,3,0,30,0,33,0,0,0,33
11/19/2021,NQA,TN,ASO,ES,Federal Contract Tower,0,0,0,0,0,0,0,50,0,50,0,0,50,0,50,0,0,0,50
11/20/2021,NQA,TN,ASO,ES,Federal Contract Tower,0,0,3,0,3,0,0,34,0,34,0,0,37,0,37,0,0,0,37
11/21/2021,NQA,TN,ASO,ES,Federal Contract Tower,0,0,0,0,0,0,0,1,0,1,0,0,1,0,1,0,0,0,1
11/22/2021,NQA,TN,ASO,ES,Federal Contract Tower,0,0,2,0,2,0,0,53,0,53,0,0,55,0,55,0,0,0,55
11/23/2021,NQA,TN,ASO,ES,Federal Contract Tower,0,0,13,0,13,0,0,62,0,62,0,0,75,0,75,46,0,46,121
11/24/2021,NQA,TN,ASO,ES,Federal Contract Tower,0,0,4,0,4,0,0,22,0,22,0,0,26,0,26,4,0,4,30
11/25/2021,NQA,TN,ASO,ES,Federal Contract Tower,0,0,0,0,0,0,0,0,0,0,0,0,0,0,0,0,0,0,0
11/26/2021,NQA,TN,ASO,ES,Federal Contract Tower,0,0,4,0,4,0,0,51,0,51,0,0,55,0,55,76,0,76,131
11/27/2021,NQA,TN,ASO,ES,Federal Contract Tower,0,0,11,1,12,0,0,26,0,26,0,0,37,1,38,0,0,0,38
11/28/2021,NQA,TN,ASO,ES,Federal Contract Tower,0,0,5,1,6,0,0,13,0,13,0,0,18,1,19,0,0,0,19
11/29/2021,NQA,TN,ASO,ES,Federal Contract Tower,0,0,12,1,13,0,0,53,0,53,0,0,65,1,66,22,0,22,88
11/30/2021,NQA,TN,ASO,ES,Federal Contract Tower,0,2,12,0,14,0,0,61,0,61,0,2,73,0,75,14,0,14,89
12/01/2021,NQA,TN,ASO,ES,Federal Contract Tower,0,0,9,0,9,0,0,42,0,42,0,0,51,0,51,2,0,2,53
12/02/2021,NQA,TN,ASO,ES,Federal Contract Tower,0,0,6,0,6,0,0,64,0,64,0,0,70,0,70,22,0,22,92
12/03/2021,NQA,TN,ASO,ES,Federal Contract Tower,0,0,7,2,9,0,0,59,0,59,0,0,66,2,68,18,0,18,86
12/04/2021,NQA,TN,ASO,ES,Federal Contract Tower,0,0,5,0,5,0,0,3,0,3,0,0,8,0,8,0,0,0,8
12/05/2021,NQA,TN,ASO,ES,Federal Contract Tower,0,0,5,0,5,0,0,1,0,1,0,0,6,0,6,0,0,0,6
12/06/2021,NQA,TN,ASO,ES,Federal Contract Tower,0,0,6,0,6,0,0,14,0,14,0,0,20,0,20,8,0,8,28
12/07/2021,NQA,TN,ASO,ES,Federal Contract Tower,0,0,11,6,17,0,0,46,4,50,0,0,57,10,67,24,62,86,153
12/08/2021,NQA,TN,ASO,ES,Federal Contract Tower,0,0,6,6,12,0,0,73,3,76,0,0,79,9,88,38,88,126,214
12/09/2021,NQA,TN,ASO,ES,Federal Contract Tower,0,0,10,7,17,0,0,3,5,8,0,0,13,12,25,0,124,124,149
12/10/2021,NQA,TN,ASO,ES,Federal Contract Tower,0,0,4,0,4,0,0,3,2,5,0,0,7,2,9,2,0,2,11
12/11/2021,NQA,TN,ASO,ES,Federal Contract Tower,0,0,1,0,1,0,0,3,1,4,0,0,4,1,5,0,0,0,5
12/12/2021,NQA,TN,ASO,ES,Federal Contract Tower,0,0,10,0,10,0,0,50,0,50,0,0,60,0,60,20,0,20,80
12/13/2021,NQA,TN,ASO,ES,Federal Contract Tower,0,0,7,6,13,0,0,64,2,66,0,0,71,8,79,40,0,40,119
12/14/2021,NQA,TN,ASO,ES,Federal Contract Tower,0,0,12,6,18,0,0,57,0,57,0,0,69,6,75,28,4,32,107
12/15/2021,NQA,TN,ASO,ES,Federal Contract Tower,0,0,11,0,11,0,0,0,0,0,0,0,11,0,11,2,0,2,13
12/16/2021,NQA,TN,ASO,ES,Federal Contract Tower,0,0,4,2,6,0,0,0,0,0,0,0,4,2,6,0,0,0,6
12/17/2021,NQA,TN,ASO,ES,Federal Contract Tower,0,0,8,0,8,0,0,2,0,2,0,0,10,0,10,2,0,2,12
12/18/2021,NQA,TN,ASO,ES,Federal Contract Tower,0,3,0,0,3,0,0,0,0,0,0,3,0,0,3,0,0,0,3
12/19/2021,NQA,TN,ASO,ES,Federal Contract Tower,0,2,7,2,11,0,0,17,0,17,0,2,24,2,28,12,0,12,40
12/20/2021,NQA,TN,ASO,ES,Federal Contract Tower,0,1,5,0,6,0,0,62,0,62,0,1,67,0,68,34,0,34,102
12/21/2021,NQA,TN,ASO,ES,Federal Contract Tower,0,0,7,6,13,0,0,57,0,57,0,0,64,6,70,24,104,128,198
12/22/2021,NQA,TN,ASO,ES,Federal Contract Tower,0,0,10,0,10,0,2,45,0,47,0,2,55,0,57,54,0,54,111
12/23/2021,NQA,TN,ASO,ES,Federal Contract Tower,0,0,4,0,4,0,0,20,0,20,0,0,24,0,24,8,0,8,32
12/24/2021,NQA,TN,ASO,ES,Federal Contract Tower,0,1,2,0,3,0,0,2,0,2,0,1,4,0,5,0,0,0,5
12/25/2021,NQA,TN,ASO,ES,Federal Contract Tower,0,0,2,0,2,0,0,0,0,0,0,0,2,0,2,0,0,0,2
12/26/2021,NQA,TN,ASO,ES,Federal Contract Tower,0,0,8,0,8,0,0,2,0,2,0,0,10,0,10,0,0,0,10
12/27/2021,NQA,TN,ASO,ES,Federal Contract Tower,0,0,11,0,11,0,0,4,0,4,0,0,15,0,15,14,0,14,29
12/28/2021,NQA,TN,ASO,ES,Federal Contract Tower,0,2,8,0,10,0,0,1,0,1,0,2,9,0,11,0,0,0,11
12/29/2021,NQA,TN,ASO,ES,Federal Contract Tower,0,0,2,0,2,0,0,0,0,0,0,0,2,0,2,0,0,0,2
12/30/2021,NQA,TN,ASO,ES,Federal Contract Tower,0,2,8,0,10,0,0,25,0,25,0,2,33,0,35,24,0,24,59
12/31/2021,NQA,TN,ASO,ES,Federal Contract Tower,0,0,6,0,6,0,0,0,0,0,0,0,6,0,6,0,0,0,6
01/01/2022,NQA,TN,ASO,ES,Federal Contract Tower,0,0,1,0,1,0,0,0,0,0,0,0,1,0,1,0,0,0,1
01/02/2022,NQA,TN,ASO,ES,Federal Contract Tower,0,0,0,0,0,0,0,0,0,0,0,0,0,0,0,0,0,0,0
01/03/2022,NQA,TN,ASO,ES,Federal Contract Tower,0,1,8,0,9,0,0,43,0,43,0,1,51,0,52,16,0,16,68
01/04/2022,NQA,TN,ASO,ES,Federal Contract Tower,0,2,6,0,8,0,0,50,0,50,0,2,56,0,58,34,0,34,92
01/05/2022,NQA,TN,ASO,ES,Federal Contract Tower,0,0,1,2,3,0,0,55,0,55,0,0,56,2,58,40,16,56,114
01/06/2022,NQA,TN,ASO,ES,Federal Contract Tower,0,0,0,0,0,0,0,0,0,0,0,0,0,0,0,0,0,0,0
01/07/2022,NQA,TN,ASO,ES,Federal Contract Tower,0,0,7,0,7,0,0,9,0,9,0,0,16,0,16,0,0,0,16
01/08/2022,NQA,TN,ASO,ES,Federal Contract Tower,0,0,4,0,4,0,0,8,2,10,0,0,12,2,14,0,0,0,14
01/09/2022,NQA,TN,ASO,ES,Federal Contract Tower,0,0,4,0,4,0,0,0,0,0,0,0,4,0,4,0,0,0,4
01/10/2022,NQA,TN,ASO,ES,Federal Contract Tower,0,0,7,0,7,0,2,43,0,45,0,2,50,0,52,26,0,26,78
01/11/2022,NQA,TN,ASO,ES,Federal Contract Tower,0,0,4,0,4,0,0,59,0,59,0,0,63,0,63,36,0,36,99
01/12/2022,NQA,TN,ASO,ES,Federal Contract Tower,0,3,6,1,10,0,0,44,1,45,0,3,50,2,55,6,0,6,61
01/13/2022,NQA,TN,ASO,ES,Federal Contract Tower,0,0,11,0,11,0,0,52,0,52,0,0,63,0,63,20,0,20,83
01/14/2022,NQA,TN,ASO,ES,Federal Contract Tower,0,2,3,2,7,0,0,42,0,42,0,2,45,2,49,28,28,56,105
01/15/2022,NQA,TN,ASO,ES,Federal Contract Tower,0,0,2,0,2,0,0,0,0,0,0,0,2,0,2,0,0,0,2
01/16/2022,NQA,TN,ASO,ES,Federal Contract Tower,0,0,0,0,0,0,0,1,0,1,0,0,1,0,1,0,0,0,1
01/17/2022,NQA,TN,ASO,ES,Federal Contract Tower,0,1,10,0,11,0,0,35,0,35,0,1,45,0,46,44,0,44,90
01/18/2022,NQA,TN,ASO,ES,Federal Contract Tower,0,2,3,0,5,0,1,54,0,55,0,3,57,0,60,14,0,14,74
01/19/2022,NQA,TN,ASO,ES,Federal Contract Tower,0,0,2,0,2,0,0,0,0,0,0,0,2,0,2,0,0,0,2
01/20/2022,NQA,TN,ASO,ES,Federal Contract Tower,0,0,4,6,10,0,0,12,1,13,0,0,16,7,23,6,82,88,111
01/21/2022,NQA,TN,ASO,ES,Federal Contract Tower,0,1,3,8,12,0,0,47,4,51,0,1,50,12,63,26,24,50,113
01/22/2022,NQA,TN,ASO,ES,Federal Contract Tower,0,0,13,0,13,0,0,39,0,39,0,0,52,0,52,8,0,8,60
01/23/2022,NQA,TN,ASO,ES,Federal Contract Tower,0,0,4,0,4,0,0,24,0,24,0,0,28,0,28,28,0,28,56
01/24/2022,NQA,TN,ASO,ES,Federal Contract Tower,0,0,16,2,18,0,0,75,0,75,0,0,91,2,93,24,0,24,117
01/25/2022,NQA,TN,ASO,ES,Federal Contract Tower,0,0,6,5,11,0,0,46,2,48,0,0,52,7,59,2,68,70,129
01/26/2022,NQA,TN,ASO,ES,Federal Contract Tower,0,1,4,0,5,0,0,49,0,49,0,1,53,0,54,98,0,98,152
01/27/2022,NQA,TN,ASO,ES,Federal Contract Tower,0,2,2,2,6,0,1,69,2,72,0,3,71,4,78,16,52,68,146
01/28/2022,NQA,TN,ASO,ES,Federal Contract Tower,0,1,7,0,8,0,0,19,0,19,0,1,26,0,27,0,0,0,27
01/29/2022,NQA,TN,ASO,ES,Federal Contract Tower,0,0,3,0,3,0,0,60,0,60,0,0,63,0,63,24,0,24,87
01/30/2022,NQA,TN,ASO,ES,Federal Contract Tower,0,0,9,0,9,0,0,21,0,21,0,0,30,0,30,20,0,20,50
01/31/2022,NQA,TN,ASO,ES,Federal Contract Tower,0,0,4,1,5,0,0,85,0,85,0,0,89,1,90,40,0,40,130
02/01/2022,NQA,TN,ASO,ES,Federal Contract Tower,0,0,3,11,14,0,0,53,3,56,0,0,56,14,70,28,112,140,210
02/02/2022,NQA,TN,ASO,ES,Federal Contract Tower,0,0,3,4,7,0,0,0,0,0,0,0,3,4,7,0,0,0,7
02/03/2022,NQA,TN,ASO,ES,Federal Contract Tower,0,0,0,0,0,0,0,0,0,0,0,0,0,0,0,0,0,0,0
02/04/2022,NQA,TN,ASO,ES,Federal Contract Tower,0,0,0,0,0,0,0,0,0,0,0,0,0,0,0,0,0,0,0
02/05/2022,NQA,TN,ASO,ES,Federal Contract Tower,0,0,4,2,6,0,0,7,0,7,0,0,11,2,13,0,0,0,13
02/06/2022,NQA,TN,ASO,ES,Federal Contract Tower,0,0,2,0,2,0,0,6,0,6,0,0,8,0,8,0,0,0,8
02/07/2022,NQA,TN,ASO,ES,Federal Contract Tower,0,2,2,0,4,0,0,69,0,69,0,2,71,0,73,54,0,54,127
02/08/2022,NQA,TN,ASO,ES,Federal Contract Tower,0,0,6,0,6,0,0,74,0,74,0,0,80,0,80,42,0,42,122
02/09/2022,NQA,TN,ASO,ES,Federal Contract Tower,0,0,3,9,12,0,0,92,0,92,0,0,95,9,104,56,96,152,256
02/10/2022,NQA,TN,ASO,ES,Federal Contract Tower,0,2,4,2,8,0,0,114,0,114,0,2,118,2,122,70,26,96,218
02/11/2022,NQA,TN,ASO,ES,Federal Contract Tower,0,0,6,0,6,0,0,42,0,42,0,0,48,0,48,16,0,16,64
02/12/2022,NQA,TN,ASO,ES,Federal Contract Tower,0,0,4,0,4,0,0,7,0,7,0,0,11,0,11,4,0,4,15
02/13/2022,NQA,TN,ASO,ES,Federal Contract Tower,0,0,15,13,28,0,0,25,1,26,0,0,40,14,54,14,12,26,80
02/14/2022,NQA,TN,ASO,ES,Federal Contract Tower,0,4,0,2,6,0,0,71,0,71,0,4,71,2,77,36,0,36,113
02/15/2022,NQA,TN,ASO,ES,Federal Contract Tower,0,0,5,4,9,0,0,52,0,52,0,0,57,4,61,32,12,44,105
02/16/2022,NQA,TN,ASO,ES,Federal Contract Tower,0,0,2,2,4,0,0,1,2,3,0,0,3,4,7,0,34,34,41
02/17/2022,NQA,TN,ASO,ES,Federal Contract Tower,0,0,1,0,1,0,0,0,0,0,0,0,1,0,1,0,0,0,1
02/18/2022,NQA,TN,ASO,ES,Federal Contract Tower,0,0,9,2,11,0,0,70,1,71,0,0,79,3,82,64,18,82,164
02/19/2022,NQA,TN,ASO,ES,Federal Contract Tower,0,2,7,0,9,0,0,66,0,66,0,2,73,0,75,46,0,46,121
02/20/2022,NQA,TN,ASO,ES,Federal Contract Tower,0,2,9,0,11,0,0,48,0,48,0,2,57,0,59,6,0,6,65
02/21/2022,NQA,TN,ASO,ES,Federal Contract Tower,0,0,11,0,11,0,0,3,0,3,0,0,14,0,14,0,0,0,14
02/22/2022,NQA,TN,ASO,ES,Federal Contract Tower,0,1,2,0,3,0,0,0,0,0,0,1,2,0,3,0,0,0,3
02/23/2022,NQA,TN,ASO,ES,Federal Contract Tower,0,1,2,12,15,0,0,6,0,6,0,1,8,12,21,0,0,0,21
02/24/2022,NQA,TN,ASO,ES,Federal Contract Tower,0,0,0,0,0,0,0,0,0,0,0,0,0,0,0,0,0,0,0
02/25/2022,NQA,TN,ASO,ES,Federal Contract Tower,0,3,3,2,8,0,0,27,0,27,0,3,30,2,35,0,42,42,77
02/26/2022,NQA,TN,ASO,ES,Federal Contract Tower,0,0,2,0,2,0,0,6,0,6,0,0,8,0,8,0,0,0,8
02/27/2022,NQA,TN,ASO,ES,Federal Contract Tower,0,0,11,4,15,0,0,15,0,15,0,0,26,4,30,18,0,18,48
02/28/2022,NQA,TN,ASO,ES,Federal Contract Tower,0,0,5,0,5,0,0,110,0,110,0,0,115,0,115,54,0,54,169
03/01/2022,NQA,TN,ASO,ES,Federal Contract Tower,0,4,7,2,13,0,1,81,0,82,0,5,88,2,95,42,0,42,137
03/02/2022,NQA,TN,ASO,ES,Federal Contract Tower,0,1,5,3,9,0,0,114,0,114,0,1,119,3,123,62,72,134,257
03/03/2022,NQA,TN,ASO,ES,Federal Contract Tower,0,0,9,0,9,0,2,96,0,98,0,2,105,0,107,62,0,62,169
03/04/2022,NQA,TN,ASO,ES,Federal Contract Tower,0,0,6,0,6,0,0,102,0,102,0,0,108,0,108,62,0,62,170
03/05/2022,NQA,TN,ASO,ES,Federal Contract Tower,0,2,4,0,6,0,0,10,0,10,0,2,14,0,16,4,0,4,20
03/06/2022,NQA,TN,ASO,ES,Federal Contract Tower,0,2,3,0,5,0,0,3,0,3,0,2,6,0,8,6,0,6,14
03/07/2022,NQA,TN,ASO,ES,Federal Contract Tower,0,2,6,0,8,0,0,6,0,6,0,2,12,0,14,2,0,2,16
03/08/2022,NQA,TN,ASO,ES,Federal Contract Tower,0,1,6,0,7,0,0,54,0,54,0,1,60,0,61,34,0,34,95
03/09/2022,NQA,TN,ASO,ES,Federal Contract Tower,0,1,5,8,14,0,0,2,0,2,0,1,7,8,16,46,84,130,146
03/10/2022,NQA,TN,ASO,ES,Federal Contract Tower,0,0,10,2,12,0,0,78,0,78,0,0,88,2,90,28,46,74,164
03/11/2022,NQA,TN,ASO,ES,Federal Contract Tower,0,0,2,0,2,0,0,17,0,17,0,0,19,0,19,26,0,26,45
03/12/2022,NQA,TN,ASO,ES,Federal Contract Tower,0,0,5,0,5,0,0,19,0,19,0,0,24,0,24,10,0,10,34
03/13/2022,NQA,TN,ASO,ES,Federal Contract Tower,0,2,4,0,6,0,0,24,0,24,0,2,28,0,30,34,0,34,64
03/14/2022,NQA,TN,ASO,ES,Federal Contract Tower,0,2,5,5,12,0,0,41,1,42,0,2,46,6,54,14,0,14,68
03/15/2022,NQA,TN,ASO,ES,Federal Contract Tower,0,0,3,4,7,0,0,25,0,25,0,0,28,4,32,32,54,86,118
03/16/2022,NQA,TN,ASO,ES,Federal Contract Tower,0,2,17,0,19,0,0,94,0,94,0,2,111,0,113,26,0,26,139
03/17/2022,NQA,TN,ASO,ES,Federal Contract Tower,0,0,19,4,23,0,0,98,1,99,0,0,117,5,122,46,50,96,218
03/18/2022,NQA,TN,ASO,ES,Federal Contract Tower,0,0,4,4,8,0,0,4,1,5,0,0,8,5,13,0,16,16,29
03/19/2022,NQA,TN,ASO,ES,Federal Contract Tower,0,1,4,1,6,0,0,21,0,21,0,1,25,1,27,4,0,4,31
03/20/2022,NQA,TN,ASO,ES,Federal Contract Tower,0,2,21,0,23,0,0,52,0,52,0,2,73,0,75,42,0,42,117
03/21/2022,NQA,TN,ASO,ES,Federal Contract Tower,0,1,5,0,6,0,0,45,0,45,0,1,50,0,51,22,0,22,73
03/22/2022,NQA,TN,ASO,ES,Federal Contract Tower,0,2,0,0,2,0,0,0,0,0,0,2,0,0,2,0,0,0,2
03/23/2022,NQA,TN,ASO,ES,Federal Contract Tower,0,3,0,0,3,0,0,17,4,21,0,3,17,4,24,10,0,10,34
03/24/2022,NQA,TN,ASO,ES,Federal Contract Tower,0,1,13,0,14,0,0,65,0,65,0,1,78,0,79,40,0,40,119
03/25/2022,NQA,TN,ASO,ES,Federal Contract Tower,0,3,11,0,14,0,0,76,2,78,0,3,87,2,92,32,0,32,124
03/26/2022,NQA,TN,ASO,ES,Federal Contract Tower,0,2,6,0,8,0,0,30,2,32,0,2,36,2,40,2,0,2,42
03/27/2022,NQA,TN,ASO,ES,Federal Contract Tower,0,2,6,0,8,0,0,44,0,44,0,2,50,0,52,60,0,60,112
03/28/2022,NQA,TN,ASO,ES,Federal Contract Tower,0,1,5,0,6,0,0,68,0,68,0,1,73,0,74,28,0,28,102
03/29/2022,NQA,TN,ASO,ES,Federal Contract Tower,0,1,4,5,10,0,0,31,0,31,0,1,35,5,41,0,18,18,59
03/30/2022,NQA,TN,ASO,ES,Federal Contract Tower,0,0,3,3,6,0,0,0,0,0,0,0,3,3,6,0,0,0,6
03/31/2022,NQA,TN,ASO,ES,Federal Contract Tower,0,1,6,3,10,0,0,40,0,40,0,1,46,3,50,0,0,0,50
04/01/2022,NQA,TN,ASO,ES,Federal Contract Tower,0,0,7,0,7,0,0,98,0,98,0,0,105,0,105,42,0,42,147
04/02/2022,NQA,TN,ASO,ES,Federal Contract Tower,0,0,3,0,3,0,0,34,0,34,0,0,37,0,37,36,0,36,73
04/03/2022,NQA,TN,ASO,ES,Federal Contract Tower,0,0,3,0,3,0,0,33,0,33,0,0,36,0,36,30,0,30,66
04/04/2022,NQA,TN,ASO,ES,Federal Contract Tower,0,2,8,0,10,0,0,73,0,73,0,2,81,0,83,48,0,48,131
04/05/2022,NQA,TN,ASO,ES,Federal Contract Tower,0,0,9,4,13,0,0,14,3,17,0,0,23,7,30,6,46,52,82
04/06/2022,NQA,TN,ASO,ES,Federal Contract Tower,0,4,5,4,13,0,0,33,2,35,0,4,38,6,48,12,78,90,138
04/07/2022,NQA,TN,ASO,ES,Federal Contract Tower,0,0,13,2,15,0,0,24,1,25,0,0,37,3,40,4,20,24,64
04/08/2022,NQA,TN,ASO,ES,Federal Contract Tower,0,1,5,0,6,0,0,8,6,14,0,1,13,6,20,10,0,10,30
04/09/2022,NQA,TN,ASO,ES,Federal Contract Tower,0,0,7,0,7,0,0,18,0,18,0,0,25,0,25,0,0,0,25
04/10/2022,NQA,TN,ASO,ES,Federal Contract Tower,0,1,12,2,15,0,0,2,3,5,0,1,14,5,20,0,0,0,20
04/11/2022,NQA,TN,ASO,ES,Federal Contract Tower,0,3,3,1,7,0,0,0,0,0,0,3,3,1,7,0,0,0,7
04/12/2022,NQA,TN,ASO,ES,Federal Contract Tower,0,3,9,6,18,0,0,3,0,3,0,3,12,6,21,0,0,0,21
04/13/2022,NQA,TN,ASO,ES,Federal Contract Tower,0,2,0,2,4,0,0,0,0,0,0,2,0,2,4,0,6,6,10
04/14/2022,NQA,TN,ASO,ES,Federal Contract Tower,0,0,9,0,9,0,0,158,5,163,0,0,167,5,172,68,0,68,240
04/15/2022,NQA,TN,ASO,ES,Federal Contract Tower,0,2,6,2,10,0,0,31,0,31,0,2,37,2,41,2,10,12,53
04/16/2022,NQA,TN,ASO,ES,Federal Contract Tower,0,0,4,0,4,0,0,0,0,0,0,0,4,0,4,0,0,0,4
04/17/2022,NQA,TN,ASO,ES,Federal Contract Tower,0,1,0,0,1,0,0,0,0,0,0,1,0,0,1,0,0,0,1
04/18/2022,NQA,TN,ASO,ES,Federal Contract Tower,0,0,20,0,20,0,0,50,0,50,0,0,70,0,70,22,0,22,92
04/19/2022,NQA,TN,ASO,ES,Federal Contract Tower,0,5,8,3,16,0,0,112,1,113,0,5,120,4,129,70,0,70,199
04/20/2022,NQA,TN,ASO,ES,Federal Contract Tower,0,2,0,0,2,0,0,9,0,9,0,2,9,0,11,12,0,12,23
04/21/2022,NQA,TN,ASO,ES,Federal Contract Tower,0,0,6,0,6,0,0,39,0,39,0,0,45,0,45,58,0,58,103
04/22/2022,NQA,TN,ASO,ES,Federal Contract Tower,0,1,12,0,13,0,0,91,6,97,0,1,103,6,110,54,10,64,174
04/23/2022,NQA,TN,ASO,ES,Federal Contract Tower,0,0,9,0,9,0,0,10,0,10,0,0,19,0,19,0,0,0,19
04/24/2022,NQA,TN,ASO,ES,Federal Contract Tower,0,3,6,0,9,0,0,15,0,15,0,3,21,0,24,12,0,12,36
04/25/2022,NQA,TN,ASO,ES,Federal Contract Tower,0,0,3,4,7,0,0,5,0,5,0,0,8,4,12,2,0,2,14
04/26/2022,NQA,TN,ASO,ES,Federal Contract Tower,0,0,4,4,8,0,0,75,0,75,0,0,79,4,83,44,36,80,163
04/27/2022,NQA,TN,ASO,ES,Federal Contract Tower,0,0,13,2,15,0,0,63,3,66,0,0,76,5,81,46,18,64,145
04/28/2022,NQA,TN,ASO,ES,Federal Contract Tower,0,2,15,2,19,0,0,71,0,71,0,2,86,2,90,50,22,72,162
04/29/2022,NQA,TN,ASO,ES,Federal Contract Tower,0,0,10,0,10,0,0,46,0,46,0,0,56,0,56,10,0,10,66
04/30/2022,NQA,TN,ASO,ES,Federal Contract Tower,0,0,2,0,2,0,0,10,0,10,0,0,12,0,12,4,0,4,16
05/01/2022,NQA,TN,ASO,ES,Federal Contract Tower,0,0,6,6,12,0,0,16,0,16,0,0,22,6,28,12,0,12,40
05/02/2022,NQA,TN,ASO,ES,Federal Contract Tower,0,1,7,0,8,0,0,20,0,20,0,1,27,0,28,2,0,2,30
05/03/2022,NQA,TN,ASO,ES,Federal Contract Tower,0,6,4,0,10,0,0,13,0,13,0,6,17,0,23,0,0,0,23
05/04/2022,NQA,TN,ASO,ES,Federal Contract Tower,0,3,9,2,14,0,0,52,0,52,0,3,61,2,66,52,20,72,138
05/05/2022,NQA,TN,ASO,ES,Federal Contract Tower,0,3,2,0,5,0,0,24,0,24,0,3,26,0,29,20,0,20,49
05/06/2022,NQA,TN,ASO,ES,Federal Contract Tower,0,4,4,0,8,0,0,1,0,1,0,4,5,0,9,0,0,0,9
05/07/2022,NQA,TN,ASO,ES,Federal Contract Tower,0,0,3,0,3,0,1,37,0,38,0,1,40,0,41,28,0,28,69
05/08/2022,NQA,TN,ASO,ES,Federal Contract Tower,0,0,1,0,1,0,0,19,3,22,0,0,20,3,23,2,0,2,25
05/09/2022,NQA,TN,ASO,ES,Federal Contract Tower,0,0,4,0,4,0,0,30,0,30,0,0,34,0,34,8,0,8,42
05/10/2022,NQA,TN,ASO,ES,Federal Contract Tower,0,0,13,6,19,0,0,74,0,74,0,0,87,6,93,68,74,142,235
05/11/2022,NQA,TN,ASO,ES,Federal Contract Tower,0,0,5,2,7,0,0,85,2,87,0,0,90,4,94,20,24,44,138
05/12/2022,NQA,TN,ASO,ES,Federal Contract Tower,0,0,8,2,10,0,0,72,0,72,0,0,80,2,82,40,32,72,154
05/13/2022,NQA,TN,ASO,ES,Federal Contract Tower,0,0,4,0,4,0,0,31,0,31,0,0,35,0,35,22,0,22,57
05/14/2022,NQA,TN,ASO,ES,Federal Contract Tower,0,0,3,0,3,0,0,29,0,29,0,0,32,0,32,30,0,30,62
05/15/2022,NQA,TN,ASO,ES,Federal Contract Tower,0,0,8,0,8,0,0,13,0,13,0,0,21,0,21,0,0,0,21
05/16/2022,NQA,TN,ASO,ES,Federal Contract Tower,0,0,6,0,6,0,0,35,4,39,0,0,41,4,45,52,0,52,97
05/17/2022,NQA,TN,ASO,ES,Federal Contract Tower,0,7,5,2,14,0,0,78,0,78,0,7,83,2,92,82,24,106,198
05/18/2022,NQA,TN,ASO,ES,Federal Contract Tower,0,1,10,0,11,0,0,49,4,53,0,1,59,4,64,24,0,24,88
05/19/2022,NQA,TN,ASO,ES,Federal Contract Tower,0,2,9,5,16,0,0,38,0,38,0,2,47,5,54,12,2,14,68
05/20/2022,NQA,TN,ASO,ES,Federal Contract Tower,0,0,8,4,12,0,0,11,3,14,0,0,19,7,26,0,34,34,60
05/21/2022,NQA,TN,ASO,ES,Federal Contract Tower,0,0,3,2,5,0,0,10,0,10,0,0,13,2,15,0,0,0,15
05/22/2022,NQA,TN,ASO,ES,Federal Contract Tower,0,4,2,13,19,0,0,1,0,1,0,4,3,13,20,0,0,0,20
05/23/2022,NQA,TN,ASO,ES,Federal Contract Tower,0,2,6,6,14,0,0,21,1,22,0,2,27,7,36,54,22,76,112
05/24/2022,NQA,TN,ASO,ES,Federal Contract Tower,0,0,6,2,8,0,0,5,0,5,0,0,11,2,13,8,0,8,21
05/25/2022,NQA,TN,ASO,ES,Federal Contract Tower,0,0,3,0,3,0,0,5,0,5,0,0,8,0,8,12,0,12,20
05/26/2022,NQA,TN,ASO,ES,Federal Contract Tower,0,0,7,5,12,0,0,47,0,47,0,0,54,5,59,22,26,48,107
05/27/2022,NQA,TN,ASO,ES,Federal Contract Tower,0,3,14,0,17,0,0,42,6,48,0,3,56,6,65,62,6,68,133
05/28/2022,NQA,TN,ASO,ES,Federal Contract Tower,0,1,5,0,6,0,0,39,0,39,0,1,44,0,45,34,0,34,79
05/29/2022,NQA,TN,ASO,ES,Federal Contract Tower,0,0,4,0,4,0,0,27,8,35,0,0,31,8,39,6,4,10,49
05/30/2022,NQA,TN,ASO,ES,Federal Contract Tower,0,0,5,0,5,0,0,37,0,37,0,0,42,0,42,10,0,10,52
05/31/2022,NQA,TN,ASO,ES,Federal Contract Tower,0,0,12,0,12,0,0,105,0,105,0,0,117,0,117,34,0,34,151
06/01/2022,NQA,TN,ASO,ES,Federal Contract Tower,0,1,8,2,11,0,0,75,1,76,0,1,83,3,87,46,32,78,165
06/02/2022,NQA,TN,ASO,ES,Federal Contract Tower,0,0,6,0,6,0,0,24,0,24,0,0,30,0,30,10,0,10,40
06/03/2022,NQA,TN,ASO,ES,Federal Contract Tower,0,0,11,0,11,0,0,88,4,92,0,0,99,4,103,24,0,24,127
06/04/2022,NQA,TN,ASO,ES,Federal Contract Tower,0,0,8,0,8,0,0,63,0,63,0,0,71,0,71,30,0,30,101
06/05/2022,NQA,TN,ASO,ES,Federal Contract Tower,0,1,2,1,4,0,2,23,0,25,0,3,25,1,29,16,0,16,45
06/06/2022,NQA,TN,ASO,ES,Federal Contract Tower,0,0,2,0,2,0,0,63,0,63,0,0,65,0,65,46,0,46,111
06/07/2022,NQA,TN,ASO,ES,Federal Contract Tower,0,0,7,0,7,0,0,26,0,26,0,0,33,0,33,22,0,22,55
06/08/2022,NQA,TN,ASO,ES,Federal Contract Tower,0,0,6,2,8,0,0,31,0,31,0,0,37,2,39,56,0,56,95
06/09/2022,NQA,TN,ASO,ES,Federal Contract Tower,0,2,9,6,17,0,0,93,0,93,0,2,102,6,110,66,76,142,252
06/10/2022,NQA,TN,ASO,ES,Federal Contract Tower,0,0,3,2,5,0,0,69,5,74,0,0,72,7,79,86,24,110,189
06/11/2022,NQA,TN,ASO,ES,Federal Contract Tower,0,2,6,0,8,0,0,50,2,52,0,2,56,2,60,46,0,46,106
06/12/2022,NQA,TN,ASO,ES,Federal Contract Tower,0,2,1,0,3,0,0,16,0,16,0,2,17,0,19,6,0,6,25
06/13/2022,NQA,TN,ASO,ES,Federal Contract Tower,0,0,3,2,5,0,0,30,0,30,0,0,33,2,35,20,0,20,55
06/14/2022,NQA,TN,ASO,ES,Federal Contract Tower,0,0,3,3,6,0,0,18,0,18,0,0,21,3,24,4,80,84,108
06/15/2022,NQA,TN,ASO,ES,Federal Contract Tower,0,0,4,10,14,0,0,51,1,52,0,0,55,11,66,22,42,64,130
06/16/2022,NQA,TN,ASO,ES,Federal Contract Tower,0,0,3,10,13,0,0,9,1,10,0,0,12,11,23,0,6,6,29
06/17/2022,NQA,TN,ASO,ES,Federal Contract Tower,0,3,3,15,21,0,0,9,5,14,0,3,12,20,35,0,14,14,49
06/18/2022,NQA,TN,ASO,ES,Federal Contract Tower,0,0,0,1,1,0,0,17,19,36,0,0,17,20,37,0,0,0,37
06/19/2022,NQA,TN,ASO,ES,Federal Contract Tower,0,1,3,7,11,0,2,17,37,56,0,3,20,44,67,4,0,4,71
06/20/2022,NQA,TN,ASO,ES,Federal Contract Tower,1,0,2,9,12,0,0,24,2,26,1,0,26,11,38,20,0,20,58
06/21/2022,NQA,TN,ASO,ES,Federal Contract Tower,0,2,5,3,10,0,0,107,3,110,0,2,112,6,120,42,24,66,186
06/22/2022,NQA,TN,ASO,ES,Federal Contract Tower,0,2,6,2,10,0,0,110,0,110,0,2,116,2,120,94,0,94,214
06/23/2022,NQA,TN,ASO,ES,Federal Contract Tower,0,3,7,0,10,0,0,85,0,85,0,3,92,0,95,42,0,42,137
06/24/2022,NQA,TN,ASO,ES,Federal Contract Tower,0,0,2,1,3,0,4,61,2,67,0,4,63,3,70,40,10,50,120
06/25/2022,NQA,TN,ASO,ES,Federal Contract Tower,0,0,0,0,0,0,0,10,0,10,0,0,10,0,10,6,0,6,16
06/26/2022,NQA,TN,ASO,ES,Federal Contract Tower,0,1,2,0,3,0,0,4,0,4,0,1,6,0,7,0,0,0,7
06/27/2022,NQA,TN,ASO,ES,Federal Contract Tower,0,0,0,4,4,0,0,18,0,18,0,0,18,4,22,2,0,2,24
06/28/2022,NQA,TN,ASO,ES,Federal Contract Tower,0,0,5,2,7,0,0,70,0,70,0,0,75,2,77,66,0,66,143
06/29/2022,NQA,TN,ASO,ES,Federal Contract Tower,0,1,2,0,3,0,2,80,0,82,0,3,82,0,85,118,0,118,203
06/30/2022,NQA,TN,ASO,ES,Federal Contract Tower,0,0,7,2,9,0,4,59,0,63,0,4,66,2,72,16,40,56,128
07/01/2022,NQA,TN,ASO,ES,Federal Contract Tower,0,2,13,0,15,0,3,78,0,81,0,5,91,0,96,72,0,72,168
07/02/2022,NQA,TN,ASO,ES,Federal Contract Tower,0,0,3,3,6,0,0,35,0,35,0,0,38,3,41,30,2,32,73
07/03/2022,NQA,TN,ASO,ES,Federal Contract Tower,0,0,2,0,2,0,0,25,0,25,0,0,27,0,27,2,0,2,29
07/04/2022,NQA,TN,ASO,ES,Federal Contract Tower,0,0,11,0,11,0,0,8,0,8,0,0,19,0,19,2,0,2,21
07/05/2022,NQA,TN,ASO,ES,Federal Contract Tower,0,0,8,4,12,0,0,90,2,92,0,0,98,6,104,22,26,48,152
07/06/2022,NQA,TN,ASO,ES,Federal Contract Tower,0,0,7,4,11,0,0,73,2,75,0,0,80,6,86,56,46,102,188
07/07/2022,NQA,TN,ASO,ES,Federal Contract Tower,0,0,12,4,16,0,0,78,0,78,0,0,90,4,94,60,50,110,204
07/08/2022,NQA,TN,ASO,ES,Federal Contract Tower,0,0,2,0,2,0,0,66,2,68,0,0,68,2,70,64,0,64,134
07/09/2022,NQA,TN,ASO,ES,Federal Contract Tower,0,0,5,0,5,0,0,36,0,36,0,0,41,0,41,48,0,48,89
07/10/2022,NQA,TN,ASO,ES,Federal Contract Tower,0,0,7,8,15,0,0,9,0,9,0,0,16,8,24,16,22,38,62
07/11/2022,NQA,TN,ASO,ES,Federal Contract Tower,0,1,2,0,3,0,0,56,0,56,0,1,58,0,59,36,0,36,95
07/12/2022,NQA,TN,ASO,ES,Federal Contract Tower,0,3,2,0,5,0,1,99,1,101,0,4,101,1,106,56,0,56,162
07/13/2022,NQA,TN,ASO,ES,Federal Contract Tower,0,0,4,2,6,0,2,81,2,85,0,2,85,4,91,114,42,156,247
07/14/2022,NQA,TN,ASO,ES,Federal Contract Tower,0,1,4,0,5,0,0,72,2,74,0,1,76,2,79,46,0,46,125
07/15/2022,NQA,TN,ASO,ES,Federal Contract Tower,0,4,7,0,11,0,0,95,0,95,0,4,102,0,106,122,0,122,228
07/16/2022,NQA,TN,ASO,ES,Federal Contract Tower,0,0,4,2,6,0,0,44,0,44,0,0,48,2,50,16,0,16,66
07/17/2022,NQA,TN,ASO,ES,Federal Contract Tower,0,0,1,0,1,0,0,10,0,10,0,0,11,0,11,6,0,6,17
07/18/2022,NQA,TN,ASO,ES,Federal Contract Tower,0,2,0,0,2,0,0,28,0,28,0,2,28,0,30,42,0,42,72
07/19/2022,NQA,TN,ASO,ES,Federal Contract Tower,0,5,11,2,18,0,0,51,0,51,0,5,62,2,69,56,0,56,125
07/20/2022,NQA,TN,ASO,ES,Federal Contract Tower,0,1,8,0,9,0,0,56,0,56,0,1,64,0,65,38,0,38,103
07/21/2022,NQA,TN,ASO,ES,Federal Contract Tower,0,2,8,2,12,0,0,72,0,72,0,2,80,2,84,50,28,78,162
07/22/2022,NQA,TN,ASO,ES,Federal Contract Tower,0,1,4,1,6,0,0,80,0,80,0,1,84,1,86,68,0,68,154
07/23/2022,NQA,TN,ASO,ES,Federal Contract Tower,0,0,3,0,3,0,0,26,2,28,0,0,29,2,31,48,0,48,79
07/24/2022,NQA,TN,ASO,ES,Federal Contract Tower,0,0,2,1,3,0,0,4,0,4,0,0,6,1,7,4,0,4,11
07/25/2022,NQA,TN,ASO,ES,Federal Contract Tower,0,0,9,0,9,0,0,27,0,27,0,0,36,0,36,40,0,40,76
07/26/2022,NQA,TN,ASO,ES,Federal Contract Tower,0,3,5,1,9,0,0,56,1,57,0,3,61,2,66,52,14,66,132
07/27/2022,NQA,TN,ASO,ES,Federal Contract Tower,0,1,4,0,5,0,0,44,0,44,0,1,48,0,49,16,0,16,65
07/28/2022,NQA,TN,ASO,ES,Federal Contract Tower,0,2,0,0,2,0,0,22,0,22,0,2,22,0,24,26,0,26,50
07/29/2022,NQA,TN,ASO,ES,Federal Contract Tower,0,0,2,0,2,0,0,2,0,2,0,0,4,0,4,12,0,12,16
07/30/2022,NQA,TN,ASO,ES,Federal Contract Tower,0,0,1,0,1,0,0,5,0,5,0,0,6,0,6,16,0,16,22
07/31/2022,NQA,TN,ASO,ES,Federal Contract Tower,0,0,6,0,6,0,0,0,0,0,0,0,6,0,6,0,0,0,6
08/01/2022,NQA,TN,ASO,ES,Federal Contract Tower,0,1,7,0,8,0,0,49,0,49,0,1,56,0,57,38,0,38,95
08/02/2022,NQA,TN,ASO,ES,Federal Contract Tower,0,1,12,0,13,0,0,49,0,49,0,1,61,0,62,70,0,70,132
08/03/2022,NQA,TN,ASO,ES,Federal Contract Tower,0,2,2,1,5,0,0,85,0,85,0,2,87,1,90,48,16,64,154
08/04/2022,NQA,TN,ASO,ES,Federal Contract Tower,0,0,3,0,3,0,0,31,0,31,0,0,34,0,34,54,0,54,88
08/05/2022,NQA,TN,ASO,ES,Federal Contract Tower,0,1,6,2,9,0,1,6,0,7,0,2,12,2,16,28,0,28,44
08/06/2022,NQA,TN,ASO,ES,Federal Contract Tower,0,3,5,0,8,0,0,32,0,32,0,3,37,0,40,0,0,0,40
08/07/2022,NQA,TN,ASO,ES,Federal Contract Tower,0,0,4,1,5,0,0,8,2,10,0,0,12,3,15,0,0,0,15
08/08/2022,NQA,TN,ASO,ES,Federal Contract Tower,0,1,12,5,18,0,0,45,0,45,0,1,57,5,63,36,14,50,113
08/09/2022,NQA,TN,ASO,ES,Federal Contract Tower,0,0,1,0,1,0,0,34,12,46,0,0,35,12,47,94,32,126,173
08/10/2022,NQA,TN,ASO,ES,Federal Contract Tower,0,1,5,0,6,0,0,29,0,29,0,1,34,0,35,30,0,30,65
08/11/2022,NQA,TN,ASO,ES,Federal Contract Tower,0,2,4,4,10,0,0,32,0,32,0,2,36,4,42,48,0,48,90
08/12/2022,NQA,TN,ASO,ES,Federal Contract Tower,0,2,10,0,12,0,0,83,4,87,0,2,93,4,99,106,0,106,205
08/13/2022,NQA,TN,ASO,ES,Federal Contract Tower,0,0,6,0,6,0,0,32,0,32,0,0,38,0,38,16,0,16,54
08/14/2022,NQA,TN,ASO,ES,Federal Contract Tower,0,5,12,0,17,0,0,28,1,29,0,5,40,1,46,20,0,20,66
08/15/2022,NQA,TN,ASO,ES,Federal Contract Tower,0,3,5,0,8,0,0,57,0,57,0,3,62,0,65,92,0,92,157
08/16/2022,NQA,TN,ASO,ES,Federal Contract Tower,0,1,5,2,8,0,0,28,0,28,0,1,33,2,36,54,0,54,90
08/17/2022,NQA,TN,ASO,ES,Federal Contract Tower,0,1,3,0,4,0,0,19,0,19,0,1,22,0,23,32,0,32,55
08/18/2022,NQA,TN,ASO,ES,Federal Contract Tower,0,3,27,2,32,0,0,66,3,69,0,3,93,5,101,84,10,94,195
08/19/2022,NQA,TN,ASO,ES,Federal Contract Tower,0,2,5,4,11,0,0,65,4,69,0,2,70,8,80,68,26,94,174
08/20/2022,NQA,TN,ASO,ES,Federal Contract Tower,0,0,10,0,10,0,0,34,0,34,0,0,44,0,44,82,0,82,126
08/21/2022,NQA,TN,ASO,ES,Federal Contract Tower,0,0,7,0,7,0,0,21,0,21,0,0,28,0,28,26,0,26,54
08/22/2022,NQA,TN,ASO,ES,Federal Contract Tower,0,0,8,0,8,0,0,40,0,40,0,0,48,0,48,66,0,66,114
08/23/2022,NQA,TN,ASO,ES,Federal Contract Tower,0,0,2,0,2,0,0,51,0,51,0,0,53,0,53,58,0,58,111
08/24/2022,NQA,TN,ASO,ES,Federal Contract Tower,0,0,7,0,7,0,0,82,0,82,0,0,89,0,89,50,0,50,139
08/25/2022,NQA,TN,ASO,ES,Federal Contract Tower,0,2,7,9,18,0,0,74,6,80,0,2,81,15,98,66,56,122,220
08/26/2022,NQA,TN,ASO,ES,Federal Contract Tower,0,4,9,7,20,0,0,133,2,135,0,4,142,9,155,136,18,154,309
08/27/2022,NQA,TN,ASO,ES,Federal Contract Tower,0,0,2,0,2,0,0,96,0,96,0,0,98,0,98,92,0,92,190
08/28/2022,NQA,TN,ASO,ES,Federal Contract Tower,0,2,6,0,8,0,0,57,0,57,0,2,63,0,65,6,0,6,71
08/29/2022,NQA,TN,ASO,ES,Federal Contract Tower,0,2,3,1,6,0,0,60,0,60,0,2,63,1,66,64,0,64,130
08/30/2022,NQA,TN,ASO,ES,Federal Contract Tower,0,1,9,6,16,0,0,58,35,93,0,1,67,41,109,52,54,106,215
08/31/2022,NQA,TN,ASO,ES,Federal Contract Tower,0,6,15,2,23,0,8,119,15,142,0,14,134,17,165,62,0,62,227
09/01/2022,NQA,TN,ASO,ES,Federal Contract Tower,0,8,4,0,12,0,13,110,18,141,0,21,114,18,153,30,0,30,183
09/02/2022,NQA,TN,ASO,ES,Federal Contract Tower,0,0,5,3,8,0,0,101,5,106,0,0,106,8,114,82,0,82,196
09/03/2022,NQA,TN,ASO,ES,Federal Contract Tower,0,0,1,0,1,0,0,16,0,16,0,0,17,0,17,44,0,44,61
09/04/2022,NQA,TN,ASO,ES,Federal Contract Tower,0,2,3,0,5,0,0,1,0,1,0,2,4,0,6,0,0,0,6
09/05/2022,NQA,TN,ASO,ES,Federal Contract Tower,0,2,4,2,8,0,0,38,2,40,0,2,42,4,48,22,6,28,76
09/06/2022,NQA,TN,ASO,ES,Federal Contract Tower,0,2,8,7,17,0,0,38,0,38,0,2,46,7,55,30,0,30,85
09/07/2022,NQA,TN,ASO,ES,Federal Contract Tower,0,2,2,6,10,0,0,61,0,61,0,2,63,6,71,44,0,44,115
09/08/2022,NQA,TN,ASO,ES,Federal Contract Tower,0,0,4,0,4,0,0,92,2,94,0,0,96,2,98,52,2,54,152
09/09/2022,NQA,TN,ASO,ES,Federal Contract Tower,0,2,2,6,10,0,0,143,4,147,0,2,145,10,157,92,2,94,251
09/10/2022,NQA,TN,ASO,ES,Federal Contract Tower,0,0,0,8,8,0,0,13,2,15,0,0,13,10,23,32,0,32,55
09/11/2022,NQA,TN,ASO,ES,Federal Contract Tower,0,0,4,18,22,0,1,0,4,5,0,1,4,22,27,0,0,0,27
09/12/2022,NQA,TN,ASO,ES,Federal Contract Tower,0,0,7,0,7,0,0,69,4,73,0,0,76,4,80,22,0,22,102
09/13/2022,NQA,TN,ASO,ES,Federal Contract Tower,0,2,10,0,12,0,0,61,0,61,0,2,71,0,73,54,0,54,127
09/14/2022,NQA,TN,ASO,ES,Federal Contract Tower,0,0,8,2,10,0,0,59,2,61,0,0,67,4,71,54,34,88,159
09/15/2022,NQA,TN,ASO,ES,Federal Contract Tower,0,1,2,0,3,0,0,63,2,65,0,1,65,2,68,54,0,54,122
09/16/2022,NQA,TN,ASO,ES,Federal Contract Tower,0,1,4,4,9,0,0,56,3,59,0,1,60,7,68,44,14,58,126
09/17/2022,NQA,TN,ASO,ES,Federal Contract Tower,0,2,5,0,7,0,0,51,4,55,0,2,56,4,62,26,0,26,88
09/18/2022,NQA,TN,ASO,ES,Federal Contract Tower,0,0,6,0,6,0,0,16,0,16,0,0,22,0,22,0,0,0,22
09/19/2022,NQA,TN,ASO,ES,Federal Contract Tower,0,3,3,1,7,0,0,63,1,64,0,3,66,2,71,28,0,28,99
09/20/2022,NQA,TN,ASO,ES,Federal Contract Tower,0,0,6,4,10,0,0,49,0,49,0,0,55,4,59,20,0,20,79
09/21/2022,NQA,TN,ASO,ES,Federal Contract Tower,0,0,12,2,14,0,0,91,0,91,0,0,103,2,105,50,0,50,155
09/22/2022,NQA,TN,ASO,ES,Federal Contract Tower,0,0,6,2,8,0,0,34,0,34,0,0,40,2,42,12,42,54,96
09/23/2022,NQA,TN,ASO,ES,Federal Contract Tower,0,2,3,0,5,0,0,61,2,63,0,2,64,2,68,40,0,40,108
09/24/2022,NQA,TN,ASO,ES,Federal Contract Tower,0,1,2,2,5,0,2,37,2,41,0,3,39,4,46,54,0,54,100
09/26/2022,NQA,TN,ASO,ES,Federal Contract Tower,0,0,2,0,2,0,0,40,2,42,0,0,42,2,44,48,0,48,92
09/27/2022,NQA,TN,ASO,ES,Federal Contract Tower,0,1,5,9,15,0,0,62,0,62,0,1,67,9,77,74,0,74,151
09/28/2022,NQA,TN,ASO,ES,Federal Contract Tower,0,1,7,8,16,0,0,53,1,54,0,1,60,9,70,24,6,30,100
09/29/2022,NQA,TN,ASO,ES,Federal Contract Tower,0,0,0,0,0,0,0,55,2,57,0,0,55,2,57,98,0,98,155
09/30/2022,NQA,TN,ASO,ES,Federal Contract Tower,0,2,0,3,5,0,0,45,3,48,0,2,45,6,53,32,18,50,103
10/01/2022,NQA,TN,ASO,ES,Federal Contract Tower,0,1,3,8,12,0,0,46,0,46,0,1,49,8,58,42,0,42,100
10/02/2022,NQA,TN,ASO,ES,Federal Contract Tower,0,0,4,5,9,0,0,19,0,19,0,0,23,5,28,10,0,10,38
10/03/2022,NQA,TN,ASO,ES,Federal Contract Tower,0,0,4,7,11,0,0,40,0,40,0,0,44,7,51,34,0,34,85
10/04/2022,NQA,TN,ASO,ES,Federal Contract Tower,0,0,3,0,3,0,0,57,0,57,0,0,60,0,60,42,0,42,102
10/05/2022,NQA,TN,ASO,ES,Federal Contract Tower,0,0,5,4,9,0,0,61,2,63,0,0,66,6,72,44,64,108,180
10/06/2022,NQA,TN,ASO,ES,Federal Contract Tower,0,0,11,0,11,0,0,61,2,63,0,0,72,2,74,14,0,14,88
10/07/2022,NQA,TN,ASO,ES,Federal Contract Tower,0,4,4,5,13,0,0,42,1,43,0,4,46,6,56,46,0,46,102
10/08/2022,NQA,TN,ASO,ES,Federal Contract Tower,0,1,4,0,5,0,0,51,0,51,0,1,55,0,56,34,0,34,90
10/09/2022,NQA,TN,ASO,ES,Federal Contract Tower,0,1,7,6,14,0,0,16,0,16,0,1,23,6,30,36,0,36,66
10/10/2022,NQA,TN,ASO,ES,Federal Contract Tower,0,0,5,1,6,0,0,42,1,43,0,0,47,2,49,34,4,38,87
10/11/2022,NQA,TN,ASO,ES,Federal Contract Tower,0,0,10,6,16,0,0,105,0,105,0,0,115,6,121,26,0,26,147
10/12/2022,NQA,TN,ASO,ES,Federal Contract Tower,0,2,7,0,9,0,0,24,0,24,0,2,31,0,33,20,0,20,53
10/13/2022,NQA,TN,ASO,ES,Federal Contract Tower,0,5,2,0,7,0,8,65,0,73,0,13,67,0,80,12,0,12,92
10/14/2022,NQA,TN,ASO,ES,Federal Contract Tower,0,5,6,0,11,0,0,49,6,55,0,5,55,6,66,66,0,66,132
10/15/2022,NQA,TN,ASO,ES,Federal Contract Tower,0,0,2,0,2,0,0,15,2,17,0,0,17,2,19,6,0,6,25
10/16/2022,NQA,TN,ASO,ES,Federal Contract Tower,0,3,3,4,10,0,0,16,0,16,0,3,19,4,26,20,0,20,46
10/17/2022,NQA,TN,ASO,ES,Federal Contract Tower,0,5,6,0,11,0,0,24,4,28,0,5,30,4,39,28,0,28,67
10/18/2022,NQA,TN,ASO,ES,Federal Contract Tower,0,2,3,0,5,0,0,53,0,53,0,2,56,0,58,44,0,44,102
10/19/2022,NQA,TN,ASO,ES,Federal Contract Tower,0,7,4,0,11,0,0,61,0,61,0,7,65,0,72,64,0,64,136
10/20/2022,NQA,TN,ASO,ES,Federal Contract Tower,0,2,2,0,4,0,0,9,4,13,0,2,11,4,17,2,0,2,19
10/21/2022,NQA,TN,ASO,ES,Federal Contract Tower,0,1,5,0,6,0,0,11,6,17,0,1,16,6,23,6,6,12,35
10/22/2022,NQA,TN,ASO,ES,Federal Contract Tower,0,0,0,4,4,0,0,14,3,17,0,0,14,7,21,0,4,4,25
10/23/2022,NQA,TN,ASO,ES,Federal Contract Tower,0,2,5,2,9,0,0,5,0,5,0,2,10,2,14,0,0,0,14
10/24/2022,NQA,TN,ASO,ES,Federal Contract Tower,0,2,3,0,5,0,0,7,0,7,0,2,10,0,12,10,0,10,22
10/25/2022,NQA,TN,ASO,ES,Federal Contract Tower,0,0,0,0,0,0,0,0,0,0,0,0,0,0,0,0,0,0,0
10/26/2022,NQA,TN,ASO,ES,Federal Contract Tower,0,1,8,3,12,0,0,67,0,67,0,1,75,3,79,52,4,56,135
10/27/2022,NQA,TN,ASO,ES,Federal Contract Tower,0,1,2,0,3,0,0,63,0,63,0,1,65,0,66,84,0,84,150
10/28/2022,NQA,TN,ASO,ES,Federal Contract Tower,0,2,2,0,4,0,0,73,0,73,0,2,75,0,77,46,0,46,123
10/29/2022,NQA,TN,ASO,ES,Federal Contract Tower,0,1,1,0,2,0,0,13,0,13,0,1,14,0,15,12,0,12,27
10/30/2022,NQA,TN,ASO,ES,Federal Contract Tower,0,0,9,0,9,0,0,4,0,4,0,0,13,0,13,12,0,12,25
10/31/2022,NQA,TN,ASO,ES,Federal Contract Tower,0,0,9,0,9,0,0,19,0,19,0,0,28,0,28,26,0,26,54
11/01/2022,NQA,TN,ASO,ES,Federal Contract Tower,0,1,4,2,7,0,0,66,0,66,0,1,70,2,73,52,20,72,145
11/02/2022,NQA,TN,ASO,ES,Federal Contract Tower,0,1,2,0,3,0,0,69,0,69,0,1,71,0,72,92,0,92,164
11/03/2022,NQA,TN,ASO,ES,Federal Contract Tower,0,2,10,0,12,0,1,77,5,83,0,3,87,5,95,58,0,58,153
11/04/2022,NQA,TN,ASO,ES,Federal Contract Tower,0,3,3,0,6,0,0,44,0,44,0,3,47,0,50,6,0,6,56
11/05/2022,NQA,TN,ASO,ES,Federal Contract Tower,0,0,3,0,3,0,0,3,0,3,0,0,6,0,6,0,0,0,6
11/06/2022,NQA,TN,ASO,ES,Federal Contract Tower,0,3,10,1,14,0,0,21,0,21,0,3,31,1,35,28,0,28,63
11/07/2022,NQA,TN,ASO,ES,Federal Contract Tower,0,0,7,0,7,0,0,0,0,0,0,0,7,0,7,0,0,0,7
11/08/2022,NQA,TN,ASO,ES,Federal Contract Tower,0,2,10,0,12,0,0,53,2,55,0,2,63,2,67,28,0,28,95
11/09/2022,NQA,TN,ASO,ES,Federal Contract Tower,0,1,4,6,11,0,0,63,1,64,0,1,67,7,75,46,0,46,121
11/10/2022,NQA,TN,ASO,ES,Federal Contract Tower,0,0,5,0,5,0,0,70,0,70,0,0,75,0,75,102,0,102,177
11/11/2022,NQA,TN,ASO,ES,Federal Contract Tower,0,5,2,0,7,0,0,23,0,23,0,5,25,0,30,56,0,56,86
11/12/2022,NQA,TN,ASO,ES,Federal Contract Tower,0,0,6,0,6,0,0,1,0,1,0,0,7,0,7,0,0,0,7
11/13/2022,NQA,TN,ASO,ES,Federal Contract Tower,0,3,2,0,5,0,0,19,0,19,0,3,21,0,24,28,0,28,52
11/14/2022,NQA,TN,ASO,ES,Federal Contract Tower,0,3,9,4,16,0,0,43,0,43,0,3,52,4,59,42,0,42,101
11/15/2022,NQA,TN,ASO,ES,Federal Contract Tower,0,0,1,0,1,0,0,10,0,10,0,0,11,0,11,8,0,8,19
11/16/2022,NQA,TN,ASO,ES,Federal Contract Tower,0,1,4,0,5,0,0,69,0,69,0,1,73,0,74,86,0,86,160
11/17/2022,NQA,TN,ASO,ES,Federal Contract Tower,0,0,1,0,1,0,0,51,3,54,0,0,52,3,55,48,0,48,103
11/18/2022,NQA,TN,ASO,ES,Federal Contract Tower,0,3,6,0,9,0,0,46,0,46,0,3,52,0,55,96,0,96,151
11/19/2022,NQA,TN,ASO,ES,Federal Contract Tower,0,1,6,0,7,0,0,24,0,24,0,1,30,0,31,38,0,38,69
11/21/2022,NQA,TN,ASO,ES,Federal Contract Tower,0,2,4,0,6,0,0,50,0,50,0,2,54,0,56,40,0,40,96
11/22/2022,NQA,TN,ASO,ES,Federal Contract Tower,0,4,14,0,18,0,0,44,0,44,0,4,58,0,62,32,0,32,94
11/23/2022,NQA,TN,ASO,ES,Federal Contract Tower,0,5,8,4,17,0,0,49,0,49,0,5,57,4,66,74,8,82,148
11/24/2022,NQA,TN,ASO,ES,Federal Contract Tower,0,0,4,0,4,0,0,2,0,2,0,0,6,0,6,2,0,2,8
11/25/2022,NQA,TN,ASO,ES,Federal Contract Tower,0,1,5,0,6,0,0,10,0,10,0,1,15,0,16,0,0,0,16
11/26/2022,NQA,TN,ASO,ES,Federal Contract Tower,0,1,13,0,14,0,0,4,0,4,0,1,17,0,18,0,0,0,18
11/27/2022,NQA,TN,ASO,ES,Federal Contract Tower,0,2,8,0,10,0,0,1,0,1,0,2,9,0,11,0,0,0,11
11/28/2022,NQA,TN,ASO,ES,Federal Contract Tower,0,0,5,0,5,0,0,36,0,36,0,0,41,0,41,50,0,50,91
11/29/2022,NQA,TN,ASO,ES,Federal Contract Tower,0,1,1,0,2,0,0,0,0,0,0,1,1,0,2,0,0,0,2
11/30/2022,NQA,TN,ASO,ES,Federal Contract Tower,0,0,4,3,7,0,0,45,4,49,0,0,49,7,56,68,28,96,152
12/01/2022,NQA,TN,ASO,ES,Federal Contract Tower,0,1,9,0,10,0,0,34,1,35,0,1,43,1,45,42,0,42,87
12/02/2022,NQA,TN,ASO,ES,Federal Contract Tower,0,5,3,0,8,0,0,14,1,15,0,5,17,1,23,6,0,6,29
12/03/2022,NQA,TN,ASO,ES,Federal Contract Tower,0,1,4,0,5,0,0,11,0,11,0,1,15,0,16,4,0,4,20
12/04/2022,NQA,TN,ASO,ES,Federal Contract Tower,0,5,6,0,11,0,0,13,0,13,0,5,19,0,24,4,0,4,28
12/05/2022,NQA,TN,ASO,ES,Federal Contract Tower,0,0,9,0,9,0,0,0,0,0,0,0,9,0,9,0,0,0,9
12/06/2022,NQA,TN,ASO,ES,Federal Contract Tower,0,4,7,8,19,0,0,0,0,0,0,4,7,8,19,0,8,8,27
12/07/2022,NQA,TN,ASO,ES,Federal Contract Tower,0,0,3,0,3,0,0,0,0,0,0,0,3,0,3,0,0,0,3
12/08/2022,NQA,TN,ASO,ES,Federal Contract Tower,0,6,5,6,17,0,0,0,0,0,0,6,5,6,17,0,0,0,17
12/09/2022,NQA,TN,ASO,ES,Federal Contract Tower,0,3,14,0,17,0,0,0,0,0,0,3,14,0,17,0,0,0,17
12/10/2022,NQA,TN,ASO,ES,Federal Contract Tower,0,0,0,0,0,0,0,3,0,3,0,0,3,0,3,0,0,0,3
12/11/2022,NQA,TN,ASO,ES,Federal Contract Tower,0,2,3,0,5,0,0,0,0,0,0,2,3,0,5,0,0,0,5
12/12/2022,NQA,TN,ASO,ES,Federal Contract Tower,0,2,22,0,24,0,0,3,0,3,0,2,25,0,27,0,0,0,27
12/13/2022,NQA,TN,ASO,ES,Federal Contract Tower,0,1,0,9,10,0,0,0,0,0,0,1,0,9,10,0,0,0,10
12/14/2022,NQA,TN,ASO,ES,Federal Contract Tower,0,4,1,0,5,0,0,2,0,2,0,4,3,0,7,20,0,20,27
12/15/2022,NQA,TN,ASO,ES,Federal Contract Tower,0,2,16,5,23,0,0,71,10,81,0,2,87,15,104,54,0,54,158
12/16/2022,NQA,TN,ASO,ES,Federal Contract Tower,0,2,16,0,18,0,0,62,0,62,0,2,78,0,80,80,0,80,160
12/17/2022,NQA,TN,ASO,ES,Federal Contract Tower,0,3,0,0,3,0,2,33,0,35,0,5,33,0,38,56,0,56,94
12/18/2022,NQA,TN,ASO,ES,Federal Contract Tower,0,2,0,0,2,0,0,27,0,27,0,2,27,0,29,38,0,38,67
12/19/2022,NQA,TN,ASO,ES,Federal Contract Tower,0,3,4,0,7,0,2,46,0,48,0,5,50,0,55,48,0,48,103
12/20/2022,NQA,TN,ASO,ES,Federal Contract Tower,0,2,11,4,17,0,0,56,1,57,0,2,67,5,74,78,44,122,196
12/21/2022,NQA,TN,ASO,ES,Federal Contract Tower,0,5,10,0,15,0,0,46,0,46,0,5,56,0,61,77,0,77,138
12/22/2022,NQA,TN,ASO,ES,Federal Contract Tower,0,1,2,0,3,0,0,0,0,0,0,1,2,0,3,0,0,0,3
12/23/2022,NQA,TN,ASO,ES,Federal Contract Tower,0,2,3,0,5,0,0,2,0,2,0,2,5,0,7,0,0,0,7
12/24/2022,NQA,TN,ASO,ES,Federal Contract Tower,0,2,4,0,6,0,0,0,0,0,0,2,4,0,6,0,0,0,6
12/25/2022,NQA,TN,ASO,ES,Federal Contract Tower,0,0,2,0,2,0,0,3,0,3,0,0,5,0,5,0,0,0,5
12/26/2022,NQA,TN,ASO,ES,Federal Contract Tower,0,0,4,0,4,0,0,4,0,4,0,0,8,0,8,20,0,20,28
12/27/2022,NQA,TN,ASO,ES,Federal Contract Tower,0,0,4,0,4,0,0,43,0,43,0,0,47,0,47,42,0,42,89
12/28/2022,NQA,TN,ASO,ES,Federal Contract Tower,0,3,5,0,8,0,0,18,0,18,0,3,23,0,26,18,0,18,44
12/29/2022,NQA,TN,ASO,ES,Federal Contract Tower,0,1,2,0,3,0,0,0,0,0,0,1,2,0,3,0,0,0,3
12/30/2022,NQA,TN,ASO,ES,Federal Contract Tower,0,0,0,0,0,0,0,0,0,0,0,0,0,0,0,0,0,0,0
12/31/2022,NQA,TN,ASO,ES,Federal Contract Tower,0,3,2,0,5,0,0,0,2,2,0,3,2,2,7,0,0,0,7
01/02/2023,NQA,TN,ASO,ES,Federal Contract Tower,0,0,1,0,1,0,0,0,0,0,0,0,1,0,1,0,0,0,1
01/03/2023,NQA,TN,ASO,ES,Federal Contract Tower,0,4,5,0,9,0,0,4,0,4,0,4,9,0,13,0,0,0,13
01/04/2023,NQA,TN,ASO,ES,Federal Contract Tower,0,0,4,2,6,0,0,49,0,49,0,0,53,2,55,70,0,70,125
01/05/2023,NQA,TN,ASO,ES,Federal Contract Tower,0,0,7,3,10,0,0,44,2,46,0,0,51,5,56,92,6,98,154
01/06/2023,NQA,TN,ASO,ES,Federal Contract Tower,0,0,11,0,11,0,0,58,2,60,0,0,69,2,71,52,0,52,123
01/07/2023,NQA,TN,ASO,ES,Federal Contract Tower,0,0,3,0,3,0,0,2,0,2,0,0,5,0,5,0,0,0,5
01/08/2023,NQA,TN,ASO,ES,Federal Contract Tower,0,0,6,0,6,0,0,7,0,7,0,0,13,0,13,2,0,2,15
01/09/2023,NQA,TN,ASO,ES,Federal Contract Tower,0,0,4,6,10,0,0,71,0,71,0,0,75,6,81,44,6,50,131
01/10/2023,NQA,TN,ASO,ES,Federal Contract Tower,0,3,1,0,4,0,0,49,0,49,0,3,50,0,53,38,4,42,95
01/11/2023,NQA,TN,ASO,ES,Federal Contract Tower,0,0,2,0,2,0,0,27,0,27,0,0,29,0,29,28,6,34,63
01/12/2023,NQA,TN,ASO,ES,Federal Contract Tower,0,2,2,0,4,0,0,0,0,0,0,2,2,0,4,0,0,0,4
01/13/2023,NQA,TN,ASO,ES,Federal Contract Tower,0,3,4,0,7,0,0,37,0,37,0,3,41,0,44,10,0,10,54
01/14/2023,NQA,TN,ASO,ES,Federal Contract Tower,0,3,5,0,8,0,0,45,2,47,0,3,50,2,55,80,0,80,135
01/15/2023,NQA,TN,ASO,ES,Federal Contract Tower,0,0,4,0,4,0,0,14,2,16,0,0,18,2,20,8,0,8,28
01/16/2023,NQA,TN,ASO,ES,Federal Contract Tower,0,0,2,0,2,0,0,0,0,0,0,0,2,0,2,0,0,0,2
01/17/2023,NQA,TN,ASO,ES,Federal Contract Tower,0,1,3,2,6,0,0,30,0,30,0,1,33,2,36,14,20,34,70
01/18/2023,NQA,TN,ASO,ES,Federal Contract Tower,0,0,0,0,0,0,0,0,0,0,0,0,0,0,0,0,0,0,0
01/19/2023,NQA,TN,ASO,ES,Federal Contract Tower,0,3,8,0,11,0,0,19,4,23,0,3,27,4,34,10,0,10,44
01/20/2023,NQA,TN,ASO,ES,Federal Contract Tower,0,1,3,0,4,0,0,55,0,55,0,1,58,0,59,28,0,28,87
01/21/2023,NQA,TN,ASO,ES,Federal Contract Tower,0,3,5,0,8,0,0,55,0,55,0,3,60,0,63,58,0,58,121
01/22/2023,NQA,TN,ASO,ES,Federal Contract Tower,0,1,5,2,8,0,0,0,0,0,0,1,5,2,8,0,0,0,8
01/23/2023,NQA,TN,ASO,ES,Federal Contract Tower,0,5,10,0,15,0,0,65,0,65,0,5,75,0,80,82,0,82,162
01/24/2023,NQA,TN,ASO,ES,Federal Contract Tower,0,1,2,0,3,0,0,20,2,22,0,1,22,2,25,12,24,36,61
01/25/2023,NQA,TN,ASO,ES,Federal Contract Tower,0,4,2,0,6,0,0,8,0,8,0,4,10,0,14,52,0,52,66
01/26/2023,NQA,TN,ASO,ES,Federal Contract Tower,0,4,0,6,10,0,0,6,7,13,0,4,6,13,23,18,16,34,57
01/27/2023,NQA,TN,ASO,ES,Federal Contract Tower,0,1,4,0,5,0,0,20,0,20,0,1,24,0,25,10,0,10,35
01/28/2023,NQA,TN,ASO,ES,Federal Contract Tower,0,1,5,0,6,0,0,17,4,21,0,1,22,4,27,0,0,0,27
01/29/2023,NQA,TN,ASO,ES,Federal Contract Tower,0,1,6,0,7,0,0,0,0,0,0,1,6,0,7,0,0,0,7
01/30/2023,NQA,TN,ASO,ES,Federal Contract Tower,0,0,3,1,4,0,0,0,0,0,0,0,3,1,4,0,0,0,4
01/31/2023,NQA,TN,ASO,ES,Federal Contract Tower,0,0,0,0,0,0,0,0,0,0,0,0,0,0,0,0,0,0,0
02/01/2023,NQA,TN,ASO,ES,Federal Contract Tower,0,0,0,0,0,0,0,0,0,0,0,0,0,0,0,0,0,0,0
02/02/2023,NQA,TN,ASO,ES,Federal Contract Tower,0,0,0,0,0,0,0,0,0,0,0,0,0,0,0,0,0,0,0
02/03/2023,NQA,TN,ASO,ES,Federal Contract Tower,0,5,5,0,10,0,2,45,0,47,0,7,50,0,57,16,0,16,73
02/04/2023,NQA,TN,ASO,ES,Federal Contract Tower,0,1,8,0,9,0,0,47,7,54,0,1,55,7,63,28,0,28,91
02/05/2023,NQA,TN,ASO,ES,Federal Contract Tower,0,0,4,0,4,0,0,48,0,48,0,0,52,0,52,26,0,26,78
02/06/2023,NQA,TN,ASO,ES,Federal Contract Tower,0,1,5,1,7,0,0,51,3,54,0,1,56,4,61,24,30,54,115
02/07/2023,NQA,TN,ASO,ES,Federal Contract Tower,0,4,3,4,11,0,0,30,7,37,0,4,33,11,48,38,36,74,122
02/08/2023,NQA,TN,ASO,ES,Federal Contract Tower,0,0,2,0,2,0,0,3,0,3,0,0,5,0,5,0,0,0,5
02/09/2023,NQA,TN,ASO,ES,Federal Contract Tower,0,0,2,7,9,0,0,8,12,20,0,0,10,19,29,2,38,40,69
02/10/2023,NQA,TN,ASO,ES,Federal Contract Tower,0,2,6,0,8,0,1,45,0,46,0,3,51,0,54,46,0,46,100
02/11/2023,NQA,TN,ASO,ES,Federal Contract Tower,0,0,10,0,10,0,0,111,8,119,0,0,121,8,129,40,0,40,169
02/12/2023,NQA,TN,ASO,ES,Federal Contract Tower,0,0,3,0,3,0,0,22,0,22,0,0,25,0,25,24,0,24,49
02/13/2023,NQA,TN,ASO,ES,Federal Contract Tower,0,3,3,14,20,0,0,64,0,64,0,3,67,14,84,50,0,50,134
02/14/2023,NQA,TN,ASO,ES,Federal Contract Tower,0,4,2,0,6,0,0,2,0,2,0,4,4,0,8,8,0,8,16
02/15/2023,NQA,TN,ASO,ES,Federal Contract Tower,0,4,11,8,23,0,0,28,0,28,0,4,39,8,51,4,74,78,129
02/16/2023,NQA,TN,ASO,ES,Federal Contract Tower,0,4,6,0,10,0,0,0,0,0,0,4,6,0,10,0,0,0,10
02/17/2023,NQA,TN,ASO,ES,Federal Contract Tower,0,0,11,0,11,0,0,3,0,3,0,0,14,0,14,0,0,0,14
02/18/2023,NQA,TN,ASO,ES,Federal Contract Tower,0,3,9,0,12,0,0,64,0,64,0,3,73,0,76,98,0,98,174
02/19/2023,NQA,TN,ASO,ES,Federal Contract Tower,0,0,5,0,5,0,0,10,0,10,0,0,15,0,15,18,0,18,33
02/20/2023,NQA,TN,ASO,ES,Federal Contract Tower,0,4,3,0,7,0,0,6,0,6,0,4,9,0,13,4,0,4,17
02/21/2023,NQA,TN,ASO,ES,Federal Contract Tower,0,3,2,1,6,0,0,73,1,74,0,3,75,2,80,66,40,106,186
02/22/2023,NQA,TN,ASO,ES,Federal Contract Tower,0,2,3,0,5,0,0,0,0,0,0,2,3,0,5,0,0,0,5
02/23/2023,NQA,TN,ASO,ES,Federal Contract Tower,0,0,8,0,8,0,0,21,0,21,0,0,29,0,29,4,0,4,33
02/24/2023,NQA,TN,ASO,ES,Federal Contract Tower,0,4,5,0,9,0,0,2,0,2,0,4,7,0,11,0,0,0,11
02/25/2023,NQA,TN,ASO,ES,Federal Contract Tower,0,1,5,0,6,0,1,1,0,2,0,2,6,0,8,6,0,6,14
02/26/2023,NQA,TN,ASO,ES,Federal Contract Tower,0,2,3,0,5,0,0,0,0,0,0,2,3,0,5,0,0,0,5
02/27/2023,NQA,TN,ASO,ES,Federal Contract Tower,0,1,2,2,5,0,0,3,0,3,0,1,5,2,8,0,0,0,8
02/28/2023,NQA,TN,ASO,ES,Federal Contract Tower,0,0,6,6,12,0,0,72,1,73,0,0,78,7,85,56,20,76,161
03/01/2023,NQA,TN,ASO,ES,Federal Contract Tower,0,3,4,0,7,0,0,7,0,7,0,3,11,0,14,36,0,36,50
03/03/2023,NQA,TN,ASO,ES,Federal Contract Tower,2,1,3,0,6,0,0,2,0,2,2,1,5,0,8,0,0,0,8
03/04/2023,NQA,TN,ASO,ES,Federal Contract Tower,0,2,3,0,5,0,0,55,0,55,0,2,58,0,60,68,0,68,128
03/05/2023,NQA,TN,ASO,ES,Federal Contract Tower,0,0,5,0,5,0,0,43,0,43,0,0,48,0,48,56,0,56,104
03/06/2023,NQA,TN,ASO,ES,Federal Contract Tower,0,3,5,0,8,0,0,65,0,65,0,3,70,0,73,40,0,40,113
03/07/2023,NQA,TN,ASO,ES,Federal Contract Tower,0,2,4,0,6,0,2,68,2,72,0,4,72,2,78,84,0,84,162
03/08/2023,NQA,TN,ASO,ES,Federal Contract Tower,0,0,8,0,8,0,0,11,0,11,0,0,19,0,19,6,0,6,25
03/09/2023,NQA,TN,ASO,ES,Federal Contract Tower,0,0,6,0,6,0,0,11,0,11,0,0,17,0,17,6,0,6,23
03/10/2023,NQA,TN,ASO,ES,Federal Contract Tower,0,0,9,6,15,0,0,55,0,55,0,0,64,6,70,82,52,134,204
03/11/2023,NQA,TN,ASO,ES,Federal Contract Tower,0,2,4,3,9,0,0,27,0,27,0,2,31,3,36,60,0,60,96
03/12/2023,NQA,TN,ASO,ES,Federal Contract Tower,0,0,5,0,5,0,0,0,0,0,0,0,5,0,5,0,0,0,5
03/13/2023,NQA,TN,ASO,ES,Federal Contract Tower,0,2,3,0,5,0,0,66,0,66,0,2,69,0,71,68,0,68,139
03/14/2023,NQA,TN,ASO,ES,Federal Contract Tower,0,1,3,0,4,0,0,78,0,78,0,1,81,0,82,66,0,66,148
03/15/2023,NQA,TN,ASO,ES,Federal Contract Tower,0,1,9,3,13,0,0,72,2,74,0,1,81,5,87,86,14,100,187
03/16/2023,NQA,TN,ASO,ES,Federal Contract Tower,0,1,5,0,6,0,0,21,0,21,0,1,26,0,27,10,0,10,37
03/17/2023,NQA,TN,ASO,ES,Federal Contract Tower,0,1,4,1,6,0,0,3,1,4,0,1,7,2,10,0,14,14,24
03/18/2023,NQA,TN,ASO,ES,Federal Contract Tower,0,2,14,0,16,0,0,12,0,12,0,2,26,0,28,16,0,16,44
03/19/2023,NQA,TN,ASO,ES,Federal Contract Tower,0,0,2,0,2,0,0,28,0,28,0,0,30,0,30,2,0,2,32
03/20/2023,NQA,TN,ASO,ES,Federal Contract Tower,0,3,7,0,10,0,0,52,0,52,0,3,59,0,62,70,0,70,132
03/21/2023,NQA,TN,ASO,ES,Federal Contract Tower,0,1,5,0,6,0,0,32,0,32,0,1,37,0,38,42,0,42,80
03/22/2023,NQA,TN,ASO,ES,Federal Contract Tower,0,1,3,0,4,0,0,13,0,13,0,1,16,0,17,42,0,42,59
03/23/2023,NQA,TN,ASO,ES,Federal Contract Tower,0,1,7,0,8,0,0,6,0,6,0,1,13,0,14,0,0,0,14
03/24/2023,NQA,TN,ASO,ES,Federal Contract Tower,0,0,2,0,2,0,0,0,0,0,0,0,2,0,2,0,0,0,2
03/25/2023,NQA,TN,ASO,ES,Federal Contract Tower,0,0,6,0,6,0,0,58,0,58,0,0,64,0,64,114,0,114,178
03/26/2023,NQA,TN,ASO,ES,Federal Contract Tower,0,3,10,0,13,0,0,28,0,28,0,3,38,0,41,16,0,16,57
03/27/2023,NQA,TN,ASO,ES,Federal Contract Tower,0,0,7,0,7,0,0,45,0,45,0,0,52,0,52,58,0,58,110
03/28/2023,NQA,TN,ASO,ES,Federal Contract Tower,0,3,3,0,6,0,0,36,0,36,0,3,39,0,42,24,0,24,66
03/29/2023,NQA,TN,ASO,ES,Federal Contract Tower,0,2,10,2,14,0,0,75,3,78,0,2,85,5,92,104,0,104,196
03/30/2023,NQA,TN,ASO,ES,Federal Contract Tower,0,1,8,0,9,0,0,82,0,82,0,1,90,0,91,126,0,126,217
03/31/2023,NQA,TN,ASO,ES,Federal Contract Tower,0,2,2,2,6,0,0,0,0,0,0,2,2,2,6,0,0,0,6
04/01/2023,NQA,TN,ASO,ES,Federal Contract Tower,0,1,5,0,6,0,0,11,0,11,0,1,16,0,17,0,0,0,17
04/02/2023,NQA,TN,ASO,ES,Federal Contract Tower,0,1,5,2,8,0,0,47,0,47,0,1,52,2,55,72,0,72,127
04/03/2023,NQA,TN,ASO,ES,Federal Contract Tower,0,0,15,0,15,0,0,21,0,21,0,0,36,0,36,70,0,70,106
04/04/2023,NQA,TN,ASO,ES,Federal Contract Tower,0,2,8,0,10,0,0,14,0,14,0,2,22,0,24,60,0,60,84
04/05/2023,NQA,TN,ASO,ES,Federal Contract Tower,0,0,0,0,0,0,0,0,0,0,0,0,0,0,0,0,0,0,0
04/06/2023,NQA,TN,ASO,ES,Federal Contract Tower,0,2,1,0,3,0,0,11,0,11,0,2,12,0,14,20,0,20,34
04/07/2023,NQA,TN,ASO,ES,Federal Contract Tower,0,2,7,14,23,0,0,53,0,53,0,2,60,14,76,82,80,162,238
04/08/2023,NQA,TN,ASO,ES,Federal Contract Tower,0,0,3,0,3,0,0,35,0,35,0,0,38,0,38,118,0,118,156
04/09/2023,NQA,TN,ASO,ES,Federal Contract Tower,0,1,1,0,2,0,0,10,0,10,0,1,11,0,12,4,0,4,16
04/10/2023,NQA,TN,ASO,ES,Federal Contract Tower,0,1,10,0,11,0,0,57,0,57,0,1,67,0,68,146,0,146,214
04/11/2023,NQA,TN,ASO,ES,Federal Contract Tower,0,3,6,0,9,0,0,74,1,75,0,3,80,1,84,108,0,108,192
04/12/2023,NQA,TN,ASO,ES,Federal Contract Tower,0,1,2,1,4,0,0,80,1,81,0,1,82,2,85,142,6,148,233
04/13/2023,NQA,TN,ASO,ES,Federal Contract Tower,0,0,5,1,6,0,0,59,3,62,0,0,64,4,68,114,0,114,182
04/14/2023,NQA,TN,ASO,ES,Federal Contract Tower,0,0,5,0,5,0,0,56,0,56,0,0,61,0,61,112,0,112,173
04/15/2023,NQA,TN,ASO,ES,Federal Contract Tower,0,0,1,0,1,0,0,33,0,33,0,0,34,0,34,64,0,64,98
04/16/2023,NQA,TN,ASO,ES,Federal Contract Tower,0,0,5,4,9,0,0,2,0,2,0,0,7,4,11,0,0,0,11
04/17/2023,NQA,TN,ASO,ES,Federal Contract Tower,0,4,6,0,10,0,0,16,0,16,0,4,22,0,26,6,0,6,32
04/18/2023,NQA,TN,ASO,ES,Federal Contract Tower,0,0,4,0,4,0,0,80,0,80,0,0,84,0,84,98,0,98,182
04/19/2023,NQA,TN,ASO,ES,Federal Contract Tower,0,1,5,0,6,0,0,79,0,79,0,1,84,0,85,102,0,102,187
04/20/2023,NQA,TN,ASO,ES,Federal Contract Tower,0,5,4,2,11,0,0,35,0,35,0,5,39,2,46,34,0,34,80
04/21/2023,NQA,TN,ASO,ES,Federal Contract Tower,0,0,5,0,5,0,0,2,0,2,0,0,7,0,7,0,0,0,7
04/22/2023,NQA,TN,ASO,ES,Federal Contract Tower,0,0,10,0,10,0,0,78,0,78,0,0,88,0,88,90,0,90,178
04/23/2023,NQA,TN,ASO,ES,Federal Contract Tower,0,0,5,0,5,0,0,36,0,36,0,0,41,0,41,36,0,36,77
04/24/2023,NQA,TN,ASO,ES,Federal Contract Tower,0,4,5,4,13,0,0,47,0,47,0,4,52,4,60,54,0,54,114
04/25/2023,NQA,TN,ASO,ES,Federal Contract Tower,0,0,4,0,4,0,0,62,0,62,0,0,66,0,66,164,0,164,230
04/26/2023,NQA,TN,ASO,ES,Federal Contract Tower,0,1,1,0,2,0,0,54,1,55,0,1,55,1,57,52,0,52,109
04/27/2023,NQA,TN,ASO,ES,Federal Contract Tower,0,2,0,6,8,0,0,5,0,5,0,2,5,6,13,26,0,26,39
04/28/2023,NQA,TN,ASO,ES,Federal Contract Tower,0,2,2,12,16,0,0,18,0,18,0,2,20,12,34,36,2,38,72
04/29/2023,NQA,TN,ASO,ES,Federal Contract Tower,0,3,3,0,6,0,0,8,0,8,0,3,11,0,14,12,0,12,26
04/30/2023,NQA,TN,ASO,ES,Federal Contract Tower,0,2,2,0,4,0,0,9,0,9,0,2,11,0,13,6,0,6,19
05/01/2023,NQA,TN,ASO,ES,Federal Contract Tower,0,1,1,0,2,0,0,6,0,6,0,1,7,0,8,8,0,8,16
05/02/2023,NQA,TN,ASO,ES,Federal Contract Tower,0,4,3,0,7,0,0,15,0,15,0,4,18,0,22,16,0,16,38
05/03/2023,NQA,TN,ASO,ES,Federal Contract Tower,0,1,8,0,9,0,0,101,0,101,0,1,109,0,110,122,0,122,232
05/04/2023,NQA,TN,ASO,ES,Federal Contract Tower,0,0,11,0,11,0,0,102,1,103,0,0,113,1,114,148,12,160,274
05/05/2023,NQA,TN,ASO,ES,Federal Contract Tower,0,2,4,0,6,0,2,34,0,36,0,4,38,0,42,46,0,46,88
05/06/2023,NQA,TN,ASO,ES,Federal Contract Tower,0,0,6,0,6,0,0,9,0,9,0,0,15,0,15,0,0,0,15
05/07/2023,NQA,TN,ASO,ES,Federal Contract Tower,0,1,11,0,12,0,0,9,2,11,0,1,20,2,23,0,0,0,23
05/08/2023,NQA,TN,ASO,ES,Federal Contract Tower,0,0,9,2,11,0,0,48,0,48,0,0,57,2,59,38,28,66,125
05/09/2023,NQA,TN,ASO,ES,Federal Contract Tower,0,2,6,1,9,0,0,74,1,75,0,2,80,2,84,154,38,192,276
05/10/2023,NQA,TN,ASO,ES,Federal Contract Tower,0,2,4,2,8,0,0,30,0,30,0,2,34,2,38,42,20,62,100
05/11/2023,NQA,TN,ASO,ES,Federal Contract Tower,0,1,13,0,14,0,0,38,0,38,0,1,51,0,52,108,0,108,160
05/12/2023,NQA,TN,ASO,ES,Federal Contract Tower,0,4,3,0,7,0,0,14,0,14,0,4,17,0,21,28,0,28,49
05/13/2023,NQA,TN,ASO,ES,Federal Contract Tower,0,0,0,0,0,0,0,9,0,9,0,0,9,0,9,54,0,54,63
05/14/2023,NQA,TN,ASO,ES,Federal Contract Tower,0,1,1,0,2,0,0,6,0,6,0,1,7,0,8,2,0,2,10
05/15/2023,NQA,TN,ASO,ES,Federal Contract Tower,0,0,14,0,14,0,0,57,0,57,0,0,71,0,71,126,0,126,197
05/16/2023,NQA,TN,ASO,ES,Federal Contract Tower,0,1,10,0,11,0,0,36,0,36,0,1,46,0,47,78,0,78,125
05/17/2023,NQA,TN,ASO,ES,Federal Contract Tower,0,1,7,8,16,0,0,68,1,69,0,1,75,9,85,122,44,166,251
05/18/2023,NQA,TN,ASO,ES,Federal Contract Tower,0,0,4,4,8,0,0,68,1,69,0,0,72,5,77,168,0,168,245
05/19/2023,NQA,TN,ASO,ES,Federal Contract Tower,0,2,2,2,6,0,0,26,1,27,0,2,28,3,33,54,0,54,87
05/20/2023,NQA,TN,ASO,ES,Federal Contract Tower,0,0,1,0,1,0,0,0,0,0,0,0,1,0,1,0,0,0,1
05/21/2023,NQA,TN,ASO,ES,Federal Contract Tower,0,0,10,0,10,0,0,12,0,12,0,0,22,0,22,16,0,16,38
05/22/2023,NQA,TN,ASO,ES,Federal Contract Tower,0,0,3,0,3,0,14,67,0,81,0,14,70,0,84,42,0,42,126
05/23/2023,NQA,TN,ASO,ES,Federal Contract Tower,0,0,3,3,6,0,26,76,11,113,0,26,79,14,119,66,10,76,195
05/24/2023,NQA,TN,ASO,ES,Federal Contract Tower,0,0,6,2,8,0,20,76,3,99,0,20,82,5,107,92,18,110,217
05/25/2023,NQA,TN,ASO,ES,Federal Contract Tower,0,0,7,0,7,0,6,49,0,55,0,6,56,0,62,94,0,94,156
05/26/2023,NQA,TN,ASO,ES,Federal Contract Tower,0,2,5,0,7,0,0,56,0,56,0,2,61,0,63,54,0,54,117
05/27/2023,NQA,TN,ASO,ES,Federal Contract Tower,0,0,1,0,1,0,0,16,0,16,0,0,17,0,17,16,0,16,33
05/28/2023,NQA,TN,ASO,ES,Federal Contract Tower,0,0,3,0,3,0,0,16,0,16,0,0,19,0,19,7,0,7,26
05/29/2023,NQA,TN,ASO,ES,Federal Contract Tower,0,1,1,0,2,0,0,26,0,26,0,1,27,0,28,52,0,52,80
05/30/2023,NQA,TN,ASO,ES,Federal Contract Tower,0,0,0,2,2,0,0,73,0,73,0,0,73,2,75,22,0,22,97
05/31/2023,NQA,TN,ASO,ES,Federal Contract Tower,0,0,2,4,6,0,0,64,4,68,0,0,66,8,74,12,32,44,118
06/01/2023,NQA,TN,ASO,ES,Federal Contract Tower,0,2,5,4,11,0,0,45,4,49,0,2,50,8,60,40,28,68,128
06/02/2023,NQA,TN,ASO,ES,Federal Contract Tower,0,1,6,0,7,0,0,42,0,42,0,1,48,0,49,34,0,34,83
06/03/2023,NQA,TN,ASO,ES,Federal Contract Tower,0,0,5,0,5,0,0,32,1,33,0,0,37,1,38,46,0,46,84
06/04/2023,NQA,TN,ASO,ES,Federal Contract Tower,0,0,5,2,7,0,0,9,0,9,0,0,14,2,16,10,6,16,32
06/05/2023,NQA,TN,ASO,ES,Federal Contract Tower,0,0,0,0,0,0,0,31,0,31,0,0,31,0,31,48,0,48,79
06/06/2023,NQA,TN,ASO,ES,Federal Contract Tower,0,2,5,1,8,0,0,57,0,57,0,2,62,1,65,72,0,72,137
06/07/2023,NQA,TN,ASO,ES,Federal Contract Tower,0,1,4,3,8,0,0,67,3,70,0,1,71,6,78,90,20,110,188
06/08/2023,NQA,TN,ASO,ES,Federal Contract Tower,0,1,7,0,8,0,0,53,0,53,0,1,60,0,61,90,0,90,151
06/09/2023,NQA,TN,ASO,ES,Federal Contract Tower,0,0,4,0,4,0,0,67,0,67,0,0,71,0,71,16,0,16,87
06/10/2023,NQA,TN,ASO,ES,Federal Contract Tower,0,0,2,0,2,0,0,21,0,21,0,0,23,0,23,18,0,18,41
06/11/2023,NQA,TN,ASO,ES,Federal Contract Tower,0,0,2,0,2,0,0,0,0,0,0,0,2,0,2,0,0,0,2
06/12/2023,NQA,TN,ASO,ES,Federal Contract Tower,0,2,3,0,5,0,0,43,7,50,0,2,46,7,55,4,32,36,91
06/13/2023,NQA,TN,ASO,ES,Federal Contract Tower,0,0,7,2,9,0,0,69,1,70,0,0,76,3,79,60,18,78,157
06/14/2023,NQA,TN,ASO,ES,Federal Contract Tower,0,0,2,0,2,0,0,17,0,17,0,0,19,0,19,22,0,22,41
06/15/2023,NQA,TN,ASO,ES,Federal Contract Tower,0,0,9,6,15,0,0,17,1,18,0,0,26,7,33,20,10,30,63
06/16/2023,NQA,TN,ASO,ES,Federal Contract Tower,0,0,10,0,10,0,2,59,2,63,0,2,69,2,73,74,0,74,147
06/17/2023,NQA,TN,ASO,ES,Federal Contract Tower,0,0,4,0,4,0,0,44,0,44,0,0,48,0,48,28,0,28,76
06/18/2023,NQA,TN,ASO,ES,Federal Contract Tower,0,0,2,0,2,0,0,0,0,0,0,0,2,0,2,0,0,0,2
06/19/2023,NQA,TN,ASO,ES,Federal Contract Tower,0,0,2,0,2,0,0,31,0,31,0,0,33,0,33,44,0,44,77
06/20/2023,NQA,TN,ASO,ES,Federal Contract Tower,0,0,5,2,7,0,0,66,6,72,0,0,71,8,79,86,36,122,201
06/21/2023,NQA,TN,ASO,ES,Federal Contract Tower,0,1,8,8,17,0,0,21,2,23,0,1,29,10,40,62,20,82,122
06/22/2023,NQA,TN,ASO,ES,Federal Contract Tower,0,0,9,4,13,0,0,68,2,70,0,0,77,6,83,58,36,94,177
06/23/2023,NQA,TN,ASO,ES,Federal Contract Tower,0,2,7,7,16,0,0,66,0,66,0,2,73,7,82,64,0,64,146
06/24/2023,NQA,TN,ASO,ES,Federal Contract Tower,0,0,3,0,3,0,0,58,0,58,0,0,61,0,61,30,0,30,91
06/25/2023,NQA,TN,ASO,ES,Federal Contract Tower,0,0,0,0,0,0,0,4,0,4,0,0,4,0,4,10,0,10,14
06/26/2023,NQA,TN,ASO,ES,Federal Contract Tower,0,0,0,1,1,0,0,2,2,4,0,0,2,3,5,0,12,12,17
06/27/2023,NQA,TN,ASO,ES,Federal Contract Tower,0,4,5,2,11,0,0,8,1,9,0,4,13,3,20,20,14,34,54
06/28/2023,NQA,TN,ASO,ES,Federal Contract Tower,0,0,1,2,3,0,0,41,0,41,0,0,42,2,44,46,0,46,90
06/29/2023,NQA,TN,ASO,ES,Federal Contract Tower,0,0,15,0,15,0,0,44,4,48,0,0,59,4,63,60,36,96,159
06/30/2023,NQA,TN,ASO,ES,Federal Contract Tower,0,3,3,2,8,0,0,50,0,50,0,3,53,2,58,62,4,66,124
07/01/2023,NQA,TN,ASO,ES,Federal Contract Tower,0,3,6,0,9,0,0,5,0,5,0,3,11,0,14,0,0,0,14
07/02/2023,NQA,TN,ASO,ES,Federal Contract Tower,0,0,2,0,2,0,0,6,0,6,0,0,8,0,8,8,0,8,16
07/03/2023,NQA,TN,ASO,ES,Federal Contract Tower,0,0,4,0,4,0,0,43,0,43,0,0,47,0,47,70,0,70,117
07/04/2023,NQA,TN,ASO,ES,Federal Contract Tower,0,0,0,0,0,0,0,31,0,31,0,0,31,0,31,32,0,32,63
07/05/2023,NQA,TN,ASO,ES,Federal Contract Tower,0,1,9,0,10,0,0,52,0,52,0,1,61,0,62,42,0,42,104
07/06/2023,NQA,TN,ASO,ES,Federal Contract Tower,0,0,2,1,3,0,0,39,0,39,0,0,41,1,42,66,0,66,108
07/07/2023,NQA,TN,ASO,ES,Federal Contract Tower,0,0,3,0,3,0,0,59,0,59,0,0,62,0,62,88,0,88,150
07/08/2023,NQA,TN,ASO,ES,Federal Contract Tower,0,0,3,0,3,0,0,12,1,13,0,0,15,1,16,24,0,24,40
07/09/2023,NQA,TN,ASO,ES,Federal Contract Tower,0,0,1,0,1,0,0,0,0,0,0,0,1,0,1,0,0,0,1
07/10/2023,NQA,TN,ASO,ES,Federal Contract Tower,0,0,3,0,3,0,4,70,0,74,0,4,73,0,77,96,0,96,173
07/11/2023,NQA,TN,ASO,ES,Federal Contract Tower,0,1,4,1,6,0,0,83,2,85,0,1,87,3,91,82,22,104,195
07/12/2023,NQA,TN,ASO,ES,Federal Contract Tower,0,0,6,1,7,0,0,63,4,67,0,0,69,5,74,28,12,40,114
07/13/2023,NQA,TN,ASO,ES,Federal Contract Tower,0,0,6,0,6,0,0,35,0,35,0,0,41,0,41,46,0,46,87
07/14/2023,NQA,TN,ASO,ES,Federal Contract Tower,0,0,2,0,2,0,0,47,0,47,0,0,49,0,49,36,0,36,85
07/15/2023,NQA,TN,ASO,ES,Federal Contract Tower,0,0,4,1,5,0,0,8,0,8,0,0,12,1,13,0,4,4,17
07/16/2023,NQA,TN,ASO,ES,Federal Contract Tower,0,2,4,0,6,0,0,11,0,11,0,2,15,0,17,22,0,22,39
07/17/2023,NQA,TN,ASO,ES,Federal Contract Tower,0,2,0,0,2,0,0,37,0,37,0,2,37,0,39,34,0,34,73
07/18/2023,NQA,TN,ASO,ES,Federal Contract Tower,0,0,2,1,3,0,2,30,0,32,0,2,32,1,35,30,28,58,93
07/19/2023,NQA,TN,ASO,ES,Federal Contract Tower,0,0,1,4,5,0,0,21,0,21,0,0,22,4,26,16,18,34,60
07/20/2023,NQA,TN,ASO,ES,Federal Contract Tower,0,0,7,23,30,0,0,39,2,41,0,0,46,25,71,36,2,38,109
07/21/2023,NQA,TN,ASO,ES,Federal Contract Tower,0,0,0,0,0,0,0,18,1,19,0,0,18,1,19,16,0,16,35
07/22/2023,NQA,TN,ASO,ES,Federal Contract Tower,0,1,2,0,3,0,0,37,1,38,0,1,39,1,41,36,0,36,77
07/23/2023,NQA,TN,ASO,ES,Federal Contract Tower,0,2,5,0,7,0,2,2,0,4,0,4,7,0,11,0,0,0,11
07/24/2023,NQA,TN,ASO,ES,Federal Contract Tower,0,0,1,0,1,0,0,72,0,72,0,0,73,0,73,102,0,102,175
07/25/2023,NQA,TN,ASO,ES,Federal Contract Tower,0,0,5,0,5,0,0,69,0,69,0,0,74,0,74,92,0,92,166
07/26/2023,NQA,TN,ASO,ES,Federal Contract Tower,0,0,3,4,7,0,0,34,2,36,0,0,37,6,43,70,22,92,135
07/27/2023,NQA,TN,ASO,ES,Federal Contract Tower,0,0,8,0,8,0,2,66,0,68,0,2,74,0,76,44,0,44,120
07/28/2023,NQA,TN,ASO,ES,Federal Contract Tower,0,0,3,14,17,0,2,45,4,51,0,2,48,18,68,34,0,34,102
07/29/2023,NQA,TN,ASO,ES,Federal Contract Tower,0,0,5,0,5,0,0,14,2,16,0,0,19,2,21,0,0,0,21
07/30/2023,NQA,TN,ASO,ES,Federal Contract Tower,0,0,2,4,6,0,0,8,0,8,0,0,10,4,14,4,0,4,18
07/31/2023,NQA,TN,ASO,ES,Federal Contract Tower,0,2,0,0,2,0,0,39,0,39,0,2,39,0,41,58,0,58,99
08/02/2023,NQA,TN,ASO,ES,Federal Contract Tower,0,2,2,4,8,0,0,32,0,32,0,2,34,4,40,32,0,32,72
08/03/2023,NQA,TN,ASO,ES,Federal Contract Tower,0,1,5,3,9,0,0,25,1,26,0,1,30,4,35,42,22,64,99
08/04/2023,NQA,TN,ASO,ES,Federal Contract Tower,0,0,2,1,3,0,0,18,1,19,0,0,20,2,22,38,4,42,64
08/05/2023,NQA,TN,ASO,ES,Federal Contract Tower,0,0,6,0,6,0,0,21,0,21,0,0,27,0,27,2,0,2,29
08/06/2023,NQA,TN,ASO,ES,Federal Contract Tower,0,0,1,0,1,0,0,2,0,2,0,0,3,0,3,0,0,0,3
08/07/2023,NQA,TN,ASO,ES,Federal Contract Tower,0,0,2,0,2,0,0,14,0,14,0,0,16,0,16,4,0,4,20
08/08/2023,NQA,TN,ASO,ES,Federal Contract Tower,0,2,3,6,11,0,0,23,0,23,0,2,26,6,34,24,10,34,68
08/09/2023,NQA,TN,ASO,ES,Federal Contract Tower,0,0,2,2,4,0,0,2,0,2,0,0,4,2,6,0,8,8,14
08/10/2023,NQA,TN,ASO,ES,Federal Contract Tower,0,0,1,0,1,0,0,4,0,4,0,0,5,0,5,0,0,0,5
08/11/2023,NQA,TN,ASO,ES,Federal Contract Tower,0,0,4,2,6,0,1,39,0,40,0,1,43,2,46,34,0,34,80
08/12/2023,NQA,TN,ASO,ES,Federal Contract Tower,0,0,1,0,1,0,0,26,0,26,0,0,27,0,27,16,0,16,43
08/13/2023,NQA,TN,ASO,ES,Federal Contract Tower,0,0,4,0,4,0,1,7,0,8,0,1,11,0,12,0,0,0,12
08/14/2023,NQA,TN,ASO,ES,Federal Contract Tower,0,0,6,1,7,0,1,50,3,54,0,1,56,4,61,60,12,72,133
08/15/2023,NQA,TN,ASO,ES,Federal Contract Tower,0,1,6,0,7,0,0,42,2,44,0,1,48,2,51,60,0,60,111
08/16/2023,NQA,TN,ASO,ES,Federal Contract Tower,0,3,1,2,6,0,0,45,2,47,0,3,46,4,53,26,10,36,89
08/17/2023,NQA,TN,ASO,ES,Federal Contract Tower,0,2,6,8,16,0,0,39,2,41,0,2,45,10,57,50,0,50,107
08/18/2023,NQA,TN,ASO,ES,Federal Contract Tower,0,0,8,0,8,0,0,49,4,53,0,0,57,4,61,72,6,78,139
08/19/2023,NQA,TN,ASO,ES,Federal Contract Tower,0,0,4,0,4,0,0,31,0,31,0,0,35,0,35,48,0,48,83
08/20/2023,NQA,TN,ASO,ES,Federal Contract Tower,0,0,3,0,3,0,0,7,0,7,0,0,10,0,10,10,0,10,20
08/21/2023,NQA,TN,ASO,ES,Federal Contract Tower,0,0,5,0,5,0,0,39,0,39,0,0,44,0,44,60,0,60,104
08/22/2023,NQA,TN,ASO,ES,Federal Contract Tower,0,0,1,0,1,0,0,48,0,48,0,0,49,0,49,70,0,70,119
08/23/2023,NQA,TN,ASO,ES,Federal Contract Tower,0,0,8,6,14,0,0,56,4,60,0,0,64,10,74,48,40,88,162
08/24/2023,NQA,TN,ASO,ES,Federal Contract Tower,0,0,1,6,7,0,0,53,1,54,0,0,54,7,61,52,14,66,127
08/25/2023,NQA,TN,ASO,ES,Federal Contract Tower,0,2,4,2,8,0,0,38,0,38,0,2,42,2,46,60,0,60,106
08/26/2023,NQA,TN,ASO,ES,Federal Contract Tower,0,2,6,0,8,0,0,13,0,13,0,2,19,0,21,14,0,14,35
08/27/2023,NQA,TN,ASO,ES,Federal Contract Tower,0,0,1,0,1,0,0,1,0,1,0,0,2,0,2,0,0,0,2
08/28/2023,NQA,TN,ASO,ES,Federal Contract Tower,0,0,4,0,4,0,0,30,0,30,0,0,34,0,34,30,0,30,64
08/29/2023,NQA,TN,ASO,ES,Federal Contract Tower,0,0,5,0,5,0,0,46,1,47,0,0,51,1,52,62,10,72,124
08/30/2023,NQA,TN,ASO,ES,Federal Contract Tower,0,0,4,6,10,0,0,59,0,59,0,0,63,6,69,34,0,34,103
08/31/2023,NQA,TN,ASO,ES,Federal Contract Tower,0,0,9,0,9,0,0,49,8,57,0,0,58,8,66,58,8,66,132
