01/01/2000,OAK,CA,AWP,WE,Combined TRACON& Tower with Radar,161,32,55,0,248,27,0,114,0,141,188,32,169,0,389,104,0,104,493
01/02/2000,OAK,CA,AWP,WE,Combined TRACON& Tower with Radar,330,21,113,0,464,44,0,336,0,380,374,21,449,0,844,333,0,333,1177
01/03/2000,OAK,CA,AWP,WE,Combined TRACON& Tower with Radar,449,107,154,1,711,54,42,220,2,318,503,149,374,3,1029,442,0,442,1471
01/04/2000,OAK,CA,AWP,WE,Combined TRACON& Tower with Radar,442,105,153,0,700,10,72,116,0,198,452,177,269,0,898,685,0,685,1583
01/05/2000,OAK,CA,AWP,WE,Combined TRACON& Tower with Radar,453,112,162,0,727,0,104,374,0,478,453,216,536,0,1205,708,0,708,1913
01/06/2000,OAK,CA,AWP,WE,Combined TRACON& Tower with Radar,408,97,141,0,646,15,94,220,0,329,423,191,361,0,975,406,0,406,1381
01/07/2000,OAK,CA,AWP,WE,Combined TRACON& Tower with Radar,437,111,161,0,709,0,67,385,0,452,437,178,546,0,1161,506,0,506,1667
01/08/2000,OAK,CA,AWP,WE,Combined TRACON& Tower with Radar,343,73,121,0,537,0,0,129,0,129,343,73,250,0,666,436,0,436,1102
01/09/2000,OAK,CA,AWP,WE,Combined TRACON& Tower with Radar,269,6,93,0,368,62,0,179,0,241,331,6,272,0,609,432,0,432,1041
01/10/2000,OAK,CA,AWP,WE,Combined TRACON& Tower with Radar,424,101,146,0,671,14,7,15,0,36,438,108,161,0,707,474,0,474,1181
01/11/2000,OAK,CA,AWP,WE,Combined TRACON& Tower with Radar,433,118,171,0,722,0,106,42,0,148,433,224,213,0,870,481,0,481,1351
01/12/2000,OAK,CA,AWP,WE,Combined TRACON& Tower with Radar,500,134,194,1,829,0,67,314,8,389,500,201,508,9,1218,470,0,470,1688
01/13/2000,OAK,CA,AWP,WE,Combined TRACON& Tower with Radar,467,116,170,0,753,0,144,317,0,461,467,260,487,0,1214,388,0,388,1602
01/14/2000,OAK,CA,AWP,WE,Combined TRACON& Tower with Radar,409,109,158,1,677,0,82,585,1,668,409,191,743,2,1345,592,2,594,1939
01/15/2000,OAK,CA,AWP,WE,Combined TRACON& Tower with Radar,293,64,102,1,460,41,0,162,5,208,334,64,264,6,668,256,0,256,924
01/16/2000,OAK,CA,AWP,WE,Combined TRACON& Tower with Radar,273,11,95,0,379,81,0,205,0,286,354,11,300,0,665,398,0,398,1063
01/17/2000,OAK,CA,AWP,WE,Combined TRACON& Tower with Radar,378,78,131,0,587,18,0,193,0,211,396,78,324,0,798,420,0,420,1218
01/18/2000,OAK,CA,AWP,WE,Combined TRACON& Tower with Radar,436,106,157,0,699,0,42,92,0,134,436,148,249,0,833,247,0,247,1080
01/19/2000,OAK,CA,AWP,WE,Combined TRACON& Tower with Radar,452,108,159,0,719,0,25,103,0,128,452,133,262,0,847,163,0,163,1010
01/20/2000,OAK,CA,AWP,WE,Combined TRACON& Tower with Radar,432,115,168,0,715,0,81,329,0,410,432,196,497,0,1125,200,24,224,1349
01/21/2000,OAK,CA,AWP,WE,Combined TRACON& Tower with Radar,468,112,161,0,741,0,63,298,0,361,468,175,459,0,1102,452,0,452,1554
01/22/2000,OAK,CA,AWP,WE,Combined TRACON& Tower with Radar,323,50,110,0,483,39,0,141,0,180,362,50,251,0,663,218,0,218,881
01/23/2000,OAK,CA,AWP,WE,Combined TRACON& Tower with Radar,297,10,101,0,408,34,0,58,1,93,331,10,159,1,501,84,0,84,585
01/24/2000,OAK,CA,AWP,WE,Combined TRACON& Tower with Radar,352,87,126,0,565,0,13,11,0,24,352,100,137,0,589,16,0,16,605
01/25/2000,OAK,CA,AWP,WE,Combined TRACON& Tower with Radar,492,131,188,0,811,0,48,119,0,167,492,179,307,0,978,678,0,678,1656
01/26/2000,OAK,CA,AWP,WE,Combined TRACON& Tower with Radar,444,121,176,0,741,0,147,506,0,653,444,268,682,0,1394,376,0,376,1770
01/27/2000,OAK,CA,AWP,WE,Combined TRACON& Tower with Radar,536,127,184,0,847,5,83,382,4,474,541,210,566,4,1321,520,0,520,1841
01/28/2000,OAK,CA,AWP,WE,Combined TRACON& Tower with Radar,455,119,171,0,745,0,103,640,4,747,455,222,811,4,1492,764,0,764,2256
01/29/2000,OAK,CA,AWP,WE,Combined TRACON& Tower with Radar,320,76,110,0,506,37,0,290,0,327,357,76,400,0,833,452,0,452,1285
01/30/2000,OAK,CA,AWP,WE,Combined TRACON& Tower with Radar,266,3,79,0,348,82,0,0,0,82,348,3,79,0,430,30,0,30,460
01/31/2000,OAK,CA,AWP,WE,Combined TRACON& Tower with Radar,418,107,156,0,681,0,35,214,0,249,418,142,370,0,930,322,0,322,1252
02/01/2000,OAK,CA,AWP,WE,Combined TRACON& Tower with Radar,451,126,174,0,751,0,98,417,0,515,451,224,591,0,1266,542,0,542,1808
02/02/2000,OAK,CA,AWP,WE,Combined TRACON& Tower with Radar,434,115,159,1,709,25,59,420,1,505,459,174,579,2,1214,340,0,340,1554
02/03/2000,OAK,CA,AWP,WE,Combined TRACON& Tower with Radar,436,125,172,0,733,0,71,244,0,315,436,196,416,0,1048,143,0,143,1191
02/04/2000,OAK,CA,AWP,WE,Combined TRACON& Tower with Radar,429,123,170,0,722,0,89,619,0,708,429,212,789,0,1430,348,0,348,1778
02/05/2000,OAK,CA,AWP,WE,Combined TRACON& Tower with Radar,319,53,118,0,490,19,0,174,0,193,338,53,292,0,683,326,0,326,1009
02/06/2000,OAK,CA,AWP,WE,Combined TRACON& Tower with Radar,359,6,132,0,497,65,0,304,0,369,424,6,436,0,866,386,0,386,1252
02/07/2000,OAK,CA,AWP,WE,Combined TRACON& Tower with Radar,404,107,149,1,661,28,1,230,4,263,432,108,379,5,924,170,0,170,1094
02/08/2000,OAK,CA,AWP,WE,Combined TRACON& Tower with Radar,490,131,183,0,804,0,61,171,0,232,490,192,354,0,1036,200,0,200,1236
02/09/2000,OAK,CA,AWP,WE,Combined TRACON& Tower with Radar,412,138,192,0,742,0,95,241,0,336,412,233,433,0,1078,406,0,406,1484
02/10/2000,OAK,CA,AWP,WE,Combined TRACON& Tower with Radar,511,148,205,1,865,0,61,149,4,214,511,209,354,5,1079,136,0,136,1215
02/11/2000,OAK,CA,AWP,WE,Combined TRACON& Tower with Radar,516,170,236,1,923,0,222,336,3,561,516,392,572,4,1484,334,0,334,1818
02/12/2000,OAK,CA,AWP,WE,Combined TRACON& Tower with Radar,351,93,129,0,573,0,35,109,0,144,351,128,238,0,717,140,0,140,857
02/13/2000,OAK,CA,AWP,WE,Combined TRACON& Tower with Radar,388,24,143,0,555,6,0,79,0,85,394,24,222,0,640,26,0,26,666
02/14/2000,OAK,CA,AWP,WE,Combined TRACON& Tower with Radar,374,98,137,1,610,21,45,62,2,130,395,143,199,3,740,148,0,148,888
02/15/2000,OAK,CA,AWP,WE,Combined TRACON& Tower with Radar,440,115,161,0,716,32,69,315,0,416,472,184,476,0,1132,408,0,408,1540
02/16/2000,OAK,CA,AWP,WE,Combined TRACON& Tower with Radar,447,126,176,0,749,0,46,258,0,304,447,172,434,0,1053,299,0,299,1352
02/17/2000,OAK,CA,AWP,WE,Combined TRACON& Tower with Radar,466,130,182,0,778,0,82,411,0,493,466,212,593,0,1271,606,0,606,1877
02/18/2000,OAK,CA,AWP,WE,Combined TRACON& Tower with Radar,426,126,177,0,729,0,106,695,0,801,426,232,872,0,1530,522,1,523,2053
02/19/2000,OAK,CA,AWP,WE,Combined TRACON& Tower with Radar,270,70,99,0,439,72,1,297,0,370,342,71,396,0,809,380,0,380,1189
02/20/2000,OAK,CA,AWP,WE,Combined TRACON& Tower with Radar,264,24,97,0,385,82,0,36,0,118,346,24,133,0,503,98,0,98,601
02/21/2000,OAK,CA,AWP,WE,Combined TRACON& Tower with Radar,371,61,136,0,568,31,0,390,1,422,402,61,526,1,990,418,0,418,1408
02/22/2000,OAK,CA,AWP,WE,Combined TRACON& Tower with Radar,441,117,161,0,719,1,26,27,0,54,442,143,188,0,773,172,0,172,945
02/23/2000,OAK,CA,AWP,WE,Combined TRACON& Tower with Radar,398,105,145,0,648,58,43,178,1,280,456,148,323,1,928,312,0,312,1240
02/24/2000,OAK,CA,AWP,WE,Combined TRACON& Tower with Radar,519,143,197,0,859,0,58,252,2,312,519,201,449,2,1171,144,0,144,1315
02/25/2000,OAK,CA,AWP,WE,Combined TRACON& Tower with Radar,410,119,165,0,694,0,69,389,0,458,410,188,554,0,1152,370,0,370,1522
02/26/2000,OAK,CA,AWP,WE,Combined TRACON& Tower with Radar,286,54,104,0,444,64,0,95,2,161,350,54,199,2,605,308,0,308,913
02/27/2000,OAK,CA,AWP,WE,Combined TRACON& Tower with Radar,301,37,109,0,447,68,0,40,0,108,369,37,149,0,555,148,0,148,703
02/28/2000,OAK,CA,AWP,WE,Combined TRACON& Tower with Radar,433,114,158,0,705,8,44,354,2,408,441,158,512,2,1113,318,0,318,1431
02/29/2000,OAK,CA,AWP,WE,Combined TRACON& Tower with Radar,464,122,169,0,755,1,86,274,0,361,465,208,443,0,1116,436,0,436,1552
03/01/2000,OAK,CA,AWP,WE,Combined TRACON& Tower with Radar,446,90,127,0,663,0,70,441,1,512,446,160,568,1,1175,466,2,468,1643
03/02/2000,OAK,CA,AWP,WE,Combined TRACON& Tower with Radar,437,133,149,2,721,9,22,128,1,160,446,155,277,3,881,326,0,326,1207
03/03/2000,OAK,CA,AWP,WE,Combined TRACON& Tower with Radar,426,89,128,0,643,0,104,719,2,825,426,193,847,2,1468,606,0,606,2074
03/04/2000,OAK,CA,AWP,WE,Combined TRACON& Tower with Radar,332,65,94,0,491,0,4,172,1,177,332,69,266,1,668,645,0,645,1313
03/05/2000,OAK,CA,AWP,WE,Combined TRACON& Tower with Radar,313,34,87,0,434,30,0,99,0,129,343,34,186,0,563,260,0,260,823
03/06/2000,OAK,CA,AWP,WE,Combined TRACON& Tower with Radar,492,97,138,0,727,23,34,317,0,374,515,131,455,0,1101,338,0,338,1439
03/07/2000,OAK,CA,AWP,WE,Combined TRACON& Tower with Radar,495,134,100,0,729,0,16,175,0,191,495,150,275,0,920,200,0,200,1120
03/08/2000,OAK,CA,AWP,WE,Combined TRACON& Tower with Radar,434,93,132,0,659,0,62,164,0,226,434,155,296,0,885,177,0,177,1062
03/09/2000,OAK,CA,AWP,WE,Combined TRACON& Tower with Radar,501,105,149,0,755,0,76,271,0,347,501,181,420,0,1102,374,0,374,1476
03/10/2000,OAK,CA,AWP,WE,Combined TRACON& Tower with Radar,431,93,132,1,657,0,91,494,16,601,431,184,626,17,1258,430,0,430,1688
03/11/2000,OAK,CA,AWP,WE,Combined TRACON& Tower with Radar,284,33,91,0,408,0,11,298,0,309,284,44,389,0,717,256,0,256,973
03/12/2000,OAK,CA,AWP,WE,Combined TRACON& Tower with Radar,285,12,79,1,377,51,0,342,4,397,336,12,421,5,774,270,0,270,1044
03/13/2000,OAK,CA,AWP,WE,Combined TRACON& Tower with Radar,428,84,120,0,632,20,25,420,0,465,448,109,540,0,1097,379,0,379,1476
03/14/2000,OAK,CA,AWP,WE,Combined TRACON& Tower with Radar,431,93,132,1,657,0,53,247,1,301,431,146,379,2,958,168,0,168,1126
03/15/2000,OAK,CA,AWP,WE,Combined TRACON& Tower with Radar,399,81,116,0,596,0,66,469,0,535,399,147,585,0,1131,305,0,305,1436
03/16/2000,OAK,CA,AWP,WE,Combined TRACON& Tower with Radar,435,89,127,0,651,0,94,443,0,537,435,183,570,0,1188,308,0,308,1496
03/17/2000,OAK,CA,AWP,WE,Combined TRACON& Tower with Radar,477,94,134,0,705,10,56,451,0,517,487,150,585,0,1222,440,0,440,1662
03/18/2000,OAK,CA,AWP,WE,Combined TRACON& Tower with Radar,270,33,75,0,378,49,0,354,0,403,319,33,429,0,781,288,0,288,1069
03/19/2000,OAK,CA,AWP,WE,Combined TRACON& Tower with Radar,278,5,77,0,360,54,0,245,0,299,332,5,322,0,659,180,0,180,839
03/20/2000,OAK,CA,AWP,WE,Combined TRACON& Tower with Radar,358,70,101,0,529,3,51,245,0,299,361,121,346,0,828,70,0,70,898
03/21/2000,OAK,CA,AWP,WE,Combined TRACON& Tower with Radar,429,84,121,0,634,10,38,304,0,352,439,122,425,0,986,264,0,264,1250
03/22/2000,OAK,CA,AWP,WE,Combined TRACON& Tower with Radar,429,90,128,0,647,0,76,560,0,636,429,166,688,0,1283,547,0,547,1830
03/23/2000,OAK,CA,AWP,WE,Combined TRACON& Tower with Radar,449,96,136,0,681,0,53,383,0,436,449,149,519,0,1117,374,2,376,1493
03/24/2000,OAK,CA,AWP,WE,Combined TRACON& Tower with Radar,417,136,163,1,717,0,75,507,0,582,417,211,670,1,1299,576,0,576,1875
03/25/2000,OAK,CA,AWP,WE,Combined TRACON& Tower with Radar,292,57,82,0,431,7,13,388,0,408,299,70,470,0,839,434,0,434,1273
03/26/2000,OAK,CA,AWP,WE,Combined TRACON& Tower with Radar,276,7,78,1,362,65,0,269,0,334,341,7,347,1,696,254,0,254,950
03/27/2000,OAK,CA,AWP,WE,Combined TRACON& Tower with Radar,397,88,126,0,611,0,37,248,0,285,397,125,374,0,896,250,0,250,1146
03/28/2000,OAK,CA,AWP,WE,Combined TRACON& Tower with Radar,453,95,121,0,669,0,49,294,0,343,453,144,415,0,1012,584,0,584,1596
03/29/2000,OAK,CA,AWP,WE,Combined TRACON& Tower with Radar,391,77,110,0,578,13,62,330,0,405,404,139,440,0,983,418,0,418,1401
03/30/2000,OAK,CA,AWP,WE,Combined TRACON& Tower with Radar,411,81,116,0,608,17,66,440,3,526,428,147,556,3,1134,288,0,288,1422
03/31/2000,OAK,CA,AWP,WE,Combined TRACON& Tower with Radar,411,81,116,0,608,17,54,362,0,433,428,135,478,0,1041,234,0,234,1275
04/01/2000,OAK,CA,AWP,WE,Combined TRACON& Tower with Radar,282,52,76,0,410,42,0,205,0,247,324,52,281,0,657,134,1,135,792
04/02/2000,OAK,CA,AWP,WE,Combined TRACON& Tower with Radar,325,0,65,0,390,0,0,305,0,305,325,0,370,0,695,283,0,283,978
04/03/2000,OAK,CA,AWP,WE,Combined TRACON& Tower with Radar,359,77,139,0,575,1,62,373,0,436,360,139,512,0,1011,362,0,362,1373
04/04/2000,OAK,CA,AWP,WE,Combined TRACON& Tower with Radar,463,90,131,0,684,0,70,312,0,382,463,160,443,0,1066,458,0,458,1524
04/05/2000,OAK,CA,AWP,WE,Combined TRACON& Tower with Radar,437,92,132,0,661,0,53,320,2,375,437,145,452,2,1036,244,0,244,1280
04/06/2000,OAK,CA,AWP,WE,Combined TRACON& Tower with Radar,392,79,114,0,585,0,59,368,0,427,392,138,482,0,1012,367,0,367,1379
04/07/2000,OAK,CA,AWP,WE,Combined TRACON& Tower with Radar,388,78,112,0,578,0,64,348,0,412,388,142,460,0,990,428,0,428,1418
04/08/2000,OAK,CA,AWP,WE,Combined TRACON& Tower with Radar,286,42,128,0,456,0,11,176,0,187,286,53,304,0,643,422,0,422,1065
04/09/2000,OAK,CA,AWP,WE,Combined TRACON& Tower with Radar,308,10,80,0,398,50,0,264,2,316,358,10,344,2,714,406,0,406,1120
04/10/2000,OAK,CA,AWP,WE,Combined TRACON& Tower with Radar,372,70,101,0,543,0,54,410,0,464,372,124,511,0,1007,298,0,298,1305
04/11/2000,OAK,CA,AWP,WE,Combined TRACON& Tower with Radar,480,100,145,0,725,0,46,371,0,417,480,146,516,0,1142,156,0,156,1298
04/12/2000,OAK,CA,AWP,WE,Combined TRACON& Tower with Radar,422,80,116,0,618,0,67,390,0,457,422,147,506,0,1075,218,0,218,1293
04/13/2000,OAK,CA,AWP,WE,Combined TRACON& Tower with Radar,446,91,132,0,669,0,63,224,0,287,446,154,356,0,956,364,0,364,1320
04/14/2000,OAK,CA,AWP,WE,Combined TRACON& Tower with Radar,395,80,116,0,591,0,69,346,0,415,395,149,462,0,1006,352,0,352,1358
04/15/2000,OAK,CA,AWP,WE,Combined TRACON& Tower with Radar,268,33,70,0,371,0,0,208,0,208,268,33,278,0,579,506,0,506,1085
04/16/2000,OAK,CA,AWP,WE,Combined TRACON& Tower with Radar,265,9,68,0,342,44,0,76,2,122,309,9,144,2,464,48,0,48,512
04/17/2000,OAK,CA,AWP,WE,Combined TRACON& Tower with Radar,361,66,95,0,522,8,37,186,0,231,369,103,281,0,753,344,0,344,1097
04/18/2000,OAK,CA,AWP,WE,Combined TRACON& Tower with Radar,387,71,102,0,560,29,65,288,0,382,416,136,390,0,942,366,0,366,1308
04/19/2000,OAK,CA,AWP,WE,Combined TRACON& Tower with Radar,436,100,121,0,657,0,57,420,0,477,436,157,541,0,1134,414,0,414,1548
04/20/2000,OAK,CA,AWP,WE,Combined TRACON& Tower with Radar,400,73,105,0,578,24,56,397,0,477,424,129,502,0,1055,280,0,280,1335
04/21/2000,OAK,CA,AWP,WE,Combined TRACON& Tower with Radar,406,84,121,0,611,0,81,351,4,436,406,165,472,4,1047,226,0,226,1273
04/22/2000,OAK,CA,AWP,WE,Combined TRACON& Tower with Radar,291,38,88,0,417,0,6,151,0,157,291,44,239,0,574,138,0,138,712
04/23/2000,OAK,CA,AWP,WE,Combined TRACON& Tower with Radar,256,12,68,0,336,57,0,234,0,291,313,12,302,0,627,228,0,228,855
04/24/2000,OAK,CA,AWP,WE,Combined TRACON& Tower with Radar,323,60,87,0,470,30,49,342,0,421,353,109,429,0,891,310,0,310,1201
04/25/2000,OAK,CA,AWP,WE,Combined TRACON& Tower with Radar,355,64,95,0,514,46,53,299,0,398,401,117,394,0,912,227,0,227,1139
04/26/2000,OAK,CA,AWP,WE,Combined TRACON& Tower with Radar,415,69,61,3,548,0,53,347,1,401,415,122,408,4,949,307,0,307,1256
04/27/2000,OAK,CA,AWP,WE,Combined TRACON& Tower with Radar,405,127,157,1,690,0,34,197,0,231,405,161,354,1,921,260,0,260,1181
04/28/2000,OAK,CA,AWP,WE,Combined TRACON& Tower with Radar,376,69,101,0,546,8,98,398,0,504,384,167,499,0,1050,196,0,196,1246
04/29/2000,OAK,CA,AWP,WE,Combined TRACON& Tower with Radar,271,48,72,0,391,27,0,355,0,382,298,48,427,0,773,267,0,267,1040
04/30/2000,OAK,CA,AWP,WE,Combined TRACON& Tower with Radar,244,9,65,0,318,52,0,292,0,344,296,9,357,0,662,270,0,270,932
05/01/2000,OAK,CA,AWP,WE,Combined TRACON& Tower with Radar,372,56,67,0,495,1,51,326,0,378,373,107,393,0,873,261,0,261,1134
05/02/2000,OAK,CA,AWP,WE,Combined TRACON& Tower with Radar,401,93,142,0,636,0,24,275,0,299,401,117,417,0,935,194,0,194,1129
05/03/2000,OAK,CA,AWP,WE,Combined TRACON& Tower with Radar,406,129,151,0,686,1,25,421,0,447,407,154,572,0,1133,212,0,212,1345
05/04/2000,OAK,CA,AWP,WE,Combined TRACON& Tower with Radar,382,73,113,0,568,0,60,363,0,423,382,133,476,0,991,264,0,264,1255
05/05/2000,OAK,CA,AWP,WE,Combined TRACON& Tower with Radar,428,97,98,0,623,2,58,388,0,448,430,155,486,0,1071,427,0,427,1498
05/06/2000,OAK,CA,AWP,WE,Combined TRACON& Tower with Radar,293,46,85,0,424,14,0,333,4,351,307,46,418,4,775,320,0,320,1095
05/07/2000,OAK,CA,AWP,WE,Combined TRACON& Tower with Radar,297,19,97,0,413,1,2,17,0,20,298,21,114,0,433,0,0,0,433
05/08/2000,OAK,CA,AWP,WE,Combined TRACON& Tower with Radar,359,70,107,0,536,0,14,166,1,181,359,84,273,1,717,264,0,264,981
05/09/2000,OAK,CA,AWP,WE,Combined TRACON& Tower with Radar,424,86,132,0,642,0,67,282,0,349,424,153,414,0,991,452,0,452,1443
05/10/2000,OAK,CA,AWP,WE,Combined TRACON& Tower with Radar,391,74,113,0,578,0,49,248,2,299,391,123,361,2,877,180,0,180,1057
05/11/2000,OAK,CA,AWP,WE,Combined TRACON& Tower with Radar,417,78,120,0,615,11,84,329,0,424,428,162,449,0,1039,196,0,196,1235
05/12/2000,OAK,CA,AWP,WE,Combined TRACON& Tower with Radar,387,76,117,0,580,0,83,466,0,549,387,159,583,0,1129,408,0,408,1537
05/13/2000,OAK,CA,AWP,WE,Combined TRACON& Tower with Radar,275,48,79,0,402,24,0,297,0,321,299,48,376,0,723,228,0,228,951
05/14/2000,OAK,CA,AWP,WE,Combined TRACON& Tower with Radar,334,5,110,0,449,1,0,127,0,128,335,5,237,0,577,134,0,134,711
05/15/2000,OAK,CA,AWP,WE,Combined TRACON& Tower with Radar,342,67,104,0,513,0,38,141,2,181,342,105,245,2,694,200,0,200,894
05/16/2000,OAK,CA,AWP,WE,Combined TRACON& Tower with Radar,398,74,116,0,588,12,43,171,2,228,410,117,287,2,816,179,0,179,995
05/17/2000,OAK,CA,AWP,WE,Combined TRACON& Tower with Radar,400,76,120,0,596,0,54,455,0,509,400,130,575,0,1105,540,0,540,1645
05/18/2000,OAK,CA,AWP,WE,Combined TRACON& Tower with Radar,429,80,124,0,633,22,88,438,0,548,451,168,562,0,1181,296,0,296,1477
05/19/2000,OAK,CA,AWP,WE,Combined TRACON& Tower with Radar,404,79,125,0,608,0,80,462,0,542,404,159,587,0,1150,320,0,320,1470
05/20/2000,OAK,CA,AWP,WE,Combined TRACON& Tower with Radar,274,29,80,0,383,41,0,286,0,327,315,29,366,0,710,268,0,268,978
05/21/2000,OAK,CA,AWP,WE,Combined TRACON& Tower with Radar,315,6,47,0,368,2,1,297,2,302,317,7,344,2,670,117,0,117,787
05/22/2000,OAK,CA,AWP,WE,Combined TRACON& Tower with Radar,349,65,100,0,514,21,30,350,1,402,370,95,450,1,916,220,0,220,1136
05/23/2000,OAK,CA,AWP,WE,Combined TRACON& Tower with Radar,412,76,118,0,606,8,64,283,0,355,420,140,401,0,961,232,0,232,1193
05/24/2000,OAK,CA,AWP,WE,Combined TRACON& Tower with Radar,425,118,141,0,684,1,35,337,1,374,426,153,478,1,1058,464,0,464,1522
05/25/2000,OAK,CA,AWP,WE,Combined TRACON& Tower with Radar,426,79,122,0,627,15,68,386,5,474,441,147,508,5,1101,384,0,384,1485
05/26/2000,OAK,CA,AWP,WE,Combined TRACON& Tower with Radar,405,85,132,0,622,0,16,349,0,365,405,101,481,0,987,320,0,320,1307
05/27/2000,OAK,CA,AWP,WE,Combined TRACON& Tower with Radar,276,53,80,0,409,0,4,275,0,279,276,57,355,0,688,454,0,454,1142
05/28/2000,OAK,CA,AWP,WE,Combined TRACON& Tower with Radar,242,6,70,0,318,49,0,239,0,288,291,6,309,0,606,186,0,186,792
05/29/2000,OAK,CA,AWP,WE,Combined TRACON& Tower with Radar,251,15,72,0,338,47,0,283,2,332,298,15,355,2,670,198,0,198,868
05/30/2000,OAK,CA,AWP,WE,Combined TRACON& Tower with Radar,347,65,100,0,512,18,50,328,0,396,365,115,428,0,908,340,0,340,1248
05/31/2000,OAK,CA,AWP,WE,Combined TRACON& Tower with Radar,426,80,125,0,631,0,67,350,12,429,426,147,475,12,1060,324,0,324,1384
06/01/2000,OAK,CA,AWP,WE,Combined TRACON& Tower with Radar,391,76,124,0,591,0,69,361,3,433,391,145,485,3,1024,398,0,398,1422
06/02/2000,OAK,CA,AWP,WE,Combined TRACON& Tower with Radar,418,82,133,0,633,0,43,279,0,322,418,125,412,0,955,258,0,258,1213
06/03/2000,OAK,CA,AWP,WE,Combined TRACON& Tower with Radar,250,35,78,0,363,37,0,217,0,254,287,35,295,0,617,354,0,354,971
06/04/2000,OAK,CA,AWP,WE,Combined TRACON& Tower with Radar,318,7,53,0,378,0,1,221,0,222,318,8,274,0,600,196,0,196,796
06/05/2000,OAK,CA,AWP,WE,Combined TRACON& Tower with Radar,345,68,111,0,524,0,16,248,1,265,345,84,359,1,789,480,0,480,1269
06/06/2000,OAK,CA,AWP,WE,Combined TRACON& Tower with Radar,395,76,123,0,594,18,66,312,0,396,413,142,435,0,990,366,0,366,1356
06/07/2000,OAK,CA,AWP,WE,Combined TRACON& Tower with Radar,419,134,176,1,730,0,17,235,0,252,419,151,411,1,982,344,0,344,1326
06/08/2000,OAK,CA,AWP,WE,Combined TRACON& Tower with Radar,429,90,147,0,666,0,73,190,0,263,429,163,337,0,929,422,0,422,1351
06/09/2000,OAK,CA,AWP,WE,Combined TRACON& Tower with Radar,421,83,135,0,639,0,151,519,0,670,421,234,654,0,1309,386,0,386,1695
06/10/2000,OAK,CA,AWP,WE,Combined TRACON& Tower with Radar,261,37,81,0,379,26,0,295,0,321,287,37,376,0,700,264,0,264,964
06/11/2000,OAK,CA,AWP,WE,Combined TRACON& Tower with Radar,260,8,81,0,349,68,0,256,0,324,328,8,337,0,673,266,0,266,939
06/12/2000,OAK,CA,AWP,WE,Combined TRACON& Tower with Radar,336,39,85,0,460,0,41,350,0,391,336,80,435,0,851,186,0,186,1037
06/13/2000,OAK,CA,AWP,WE,Combined TRACON& Tower with Radar,373,71,117,0,561,46,71,400,0,517,419,142,517,0,1078,263,0,263,1341
06/14/2000,OAK,CA,AWP,WE,Combined TRACON& Tower with Radar,365,70,114,0,549,22,53,391,0,466,387,123,505,0,1015,422,0,422,1437
06/15/2000,OAK,CA,AWP,WE,Combined TRACON& Tower with Radar,410,83,135,0,628,0,77,342,0,419,410,160,477,0,1047,292,0,292,1339
06/16/2000,OAK,CA,AWP,WE,Combined TRACON& Tower with Radar,395,89,146,0,630,0,86,413,0,499,395,175,559,0,1129,326,0,326,1455
06/17/2000,OAK,CA,AWP,WE,Combined TRACON& Tower with Radar,314,39,98,0,451,12,0,276,2,290,326,39,374,2,741,364,0,364,1105
06/18/2000,OAK,CA,AWP,WE,Combined TRACON& Tower with Radar,317,9,99,0,425,30,0,246,0,276,347,9,345,0,701,216,0,216,917
06/19/2000,OAK,CA,AWP,WE,Combined TRACON& Tower with Radar,381,72,119,0,572,6,37,267,0,310,387,109,386,0,882,222,0,222,1104
06/20/2000,OAK,CA,AWP,WE,Combined TRACON& Tower with Radar,373,71,117,0,561,32,57,318,0,407,405,128,435,0,968,226,0,226,1194
06/21/2000,OAK,CA,AWP,WE,Combined TRACON& Tower with Radar,425,81,133,0,639,21,53,418,0,492,446,134,551,0,1131,276,0,276,1407
06/22/2000,OAK,CA,AWP,WE,Combined TRACON& Tower with Radar,419,95,155,1,670,0,55,322,0,377,419,150,477,1,1047,270,0,270,1317
06/23/2000,OAK,CA,AWP,WE,Combined TRACON& Tower with Radar,437,89,147,0,673,0,68,330,0,398,437,157,477,0,1071,244,0,244,1315
06/24/2000,OAK,CA,AWP,WE,Combined TRACON& Tower with Radar,277,29,87,1,394,66,0,237,0,303,343,29,324,1,697,308,0,308,1005
06/25/2000,OAK,CA,AWP,WE,Combined TRACON& Tower with Radar,301,8,94,0,403,36,0,281,0,317,337,8,375,0,720,198,0,198,918
06/26/2000,OAK,CA,AWP,WE,Combined TRACON& Tower with Radar,368,75,120,0,563,0,32,350,0,382,368,107,470,0,945,257,0,257,1202
06/27/2000,OAK,CA,AWP,WE,Combined TRACON& Tower with Radar,415,87,141,0,643,0,42,350,0,392,415,129,491,0,1035,290,0,290,1325
06/28/2000,OAK,CA,AWP,WE,Combined TRACON& Tower with Radar,419,89,142,0,650,0,54,283,0,337,419,143,425,0,987,164,0,164,1151
06/29/2000,OAK,CA,AWP,WE,Combined TRACON& Tower with Radar,431,141,185,1,758,0,18,226,0,244,431,159,411,1,1002,236,0,236,1238
06/30/2000,OAK,CA,AWP,WE,Combined TRACON& Tower with Radar,419,89,144,0,652,0,71,282,0,353,419,160,426,0,1005,292,0,292,1297
07/01/2000,OAK,CA,AWP,WE,Combined TRACON& Tower with Radar,333,38,130,0,501,2,3,183,0,188,335,41,313,0,689,214,0,214,903
07/02/2000,OAK,CA,AWP,WE,Combined TRACON& Tower with Radar,288,13,105,1,407,35,0,82,1,118,323,13,187,2,525,230,0,230,755
07/03/2000,OAK,CA,AWP,WE,Combined TRACON& Tower with Radar,271,52,100,0,423,0,19,163,0,182,271,71,263,0,605,222,0,222,827
07/04/2000,OAK,CA,AWP,WE,Combined TRACON& Tower with Radar,236,33,86,0,355,47,0,158,0,205,283,33,244,0,560,130,0,130,690
07/05/2000,OAK,CA,AWP,WE,Combined TRACON& Tower with Radar,421,93,179,1,694,0,28,178,4,210,421,121,357,5,904,152,0,152,1056
07/06/2000,OAK,CA,AWP,WE,Combined TRACON& Tower with Radar,414,94,183,0,691,0,65,329,3,397,414,159,512,3,1088,216,0,216,1304
07/07/2000,OAK,CA,AWP,WE,Combined TRACON& Tower with Radar,414,106,159,0,679,1,25,342,0,368,415,131,501,0,1047,434,0,434,1481
07/08/2000,OAK,CA,AWP,WE,Combined TRACON& Tower with Radar,330,32,97,2,461,1,3,226,1,231,331,35,323,3,692,235,0,235,927
07/09/2000,OAK,CA,AWP,WE,Combined TRACON& Tower with Radar,300,7,108,0,415,38,0,306,2,346,338,7,414,2,761,314,0,314,1075
07/10/2000,OAK,CA,AWP,WE,Combined TRACON& Tower with Radar,376,71,135,0,582,3,22,256,0,281,379,93,391,0,863,260,0,260,1123
07/11/2000,OAK,CA,AWP,WE,Combined TRACON& Tower with Radar,426,82,158,0,666,0,85,274,0,359,426,167,432,0,1025,292,0,292,1317
07/12/2000,OAK,CA,AWP,WE,Combined TRACON& Tower with Radar,416,82,157,0,655,0,80,414,0,494,416,162,571,0,1149,406,0,406,1555
07/13/2000,OAK,CA,AWP,WE,Combined TRACON& Tower with Radar,469,112,124,0,705,0,24,271,0,295,469,136,395,0,1000,238,0,238,1238
07/14/2000,OAK,CA,AWP,WE,Combined TRACON& Tower with Radar,411,81,154,0,646,0,119,412,0,531,411,200,566,0,1177,278,0,278,1455
07/15/2000,OAK,CA,AWP,WE,Combined TRACON& Tower with Radar,309,40,111,0,460,21,0,223,0,244,330,40,334,0,704,422,0,422,1126
07/16/2000,OAK,CA,AWP,WE,Combined TRACON& Tower with Radar,359,12,129,0,500,11,0,130,0,141,370,12,259,0,641,360,0,360,1001
07/17/2000,OAK,CA,AWP,WE,Combined TRACON& Tower with Radar,401,85,161,0,647,0,19,263,0,282,401,104,424,0,929,483,0,483,1412
07/18/2000,OAK,CA,AWP,WE,Combined TRACON& Tower with Radar,435,85,163,0,683,0,58,262,0,320,435,143,425,0,1003,188,0,188,1191
07/19/2000,OAK,CA,AWP,WE,Combined TRACON& Tower with Radar,445,90,171,0,706,0,85,355,0,440,445,175,526,0,1146,190,0,190,1336
07/20/2000,OAK,CA,AWP,WE,Combined TRACON& Tower with Radar,434,91,173,0,698,0,48,382,0,430,434,139,555,0,1128,172,0,172,1300
07/21/2000,OAK,CA,AWP,WE,Combined TRACON& Tower with Radar,424,89,203,0,716,0,38,121,1,160,424,127,324,1,876,166,0,166,1042
07/22/2000,OAK,CA,AWP,WE,Combined TRACON& Tower with Radar,329,43,118,0,490,33,0,184,2,219,362,43,302,2,709,114,0,114,823
07/23/2000,OAK,CA,AWP,WE,Combined TRACON& Tower with Radar,281,10,101,0,392,75,0,259,0,334,356,10,360,0,726,244,0,244,970
07/24/2000,OAK,CA,AWP,WE,Combined TRACON& Tower with Radar,364,69,131,0,564,23,32,322,0,377,387,101,453,0,941,214,0,214,1155
07/25/2000,OAK,CA,AWP,WE,Combined TRACON& Tower with Radar,415,78,149,0,642,2,51,304,1,358,417,129,453,1,1000,256,0,256,1256
07/26/2000,OAK,CA,AWP,WE,Combined TRACON& Tower with Radar,429,90,171,0,690,0,76,404,0,480,429,166,575,0,1170,270,0,270,1440
07/27/2000,OAK,CA,AWP,WE,Combined TRACON& Tower with Radar,447,86,164,0,697,0,66,277,0,343,447,152,441,0,1040,296,0,296,1336
07/28/2000,OAK,CA,AWP,WE,Combined TRACON& Tower with Radar,443,84,160,0,687,10,58,289,0,357,453,142,449,0,1044,280,0,280,1324
07/29/2000,OAK,CA,AWP,WE,Combined TRACON& Tower with Radar,293,36,106,0,435,44,0,157,0,201,337,36,263,0,636,242,0,242,878
07/30/2000,OAK,CA,AWP,WE,Combined TRACON& Tower with Radar,288,14,104,0,406,66,0,222,1,289,354,14,326,1,695,277,0,277,972
07/31/2000,OAK,CA,AWP,WE,Combined TRACON& Tower with Radar,342,64,124,0,530,23,25,247,0,295,365,89,371,0,825,394,0,394,1219
08/01/2000,OAK,CA,AWP,WE,Combined TRACON& Tower with Radar,391,78,124,0,593,46,56,294,0,396,437,134,418,0,989,348,0,348,1337
08/02/2000,OAK,CA,AWP,WE,Combined TRACON& Tower with Radar,400,81,127,0,608,0,50,370,0,420,400,131,497,0,1028,324,0,324,1352
08/03/2000,OAK,CA,AWP,WE,Combined TRACON& Tower with Radar,434,88,138,0,660,0,30,323,0,353,434,118,461,0,1013,360,6,366,1379
08/04/2000,OAK,CA,AWP,WE,Combined TRACON& Tower with Radar,395,82,129,0,606,0,42,378,1,421,395,124,507,1,1027,270,0,270,1297
08/05/2000,OAK,CA,AWP,WE,Combined TRACON& Tower with Radar,314,34,99,0,447,12,0,232,0,244,326,34,331,0,691,138,0,138,829
08/06/2000,OAK,CA,AWP,WE,Combined TRACON& Tower with Radar,296,30,93,0,419,25,0,148,0,173,321,30,241,0,592,164,0,164,756
08/07/2000,OAK,CA,AWP,WE,Combined TRACON& Tower with Radar,369,94,147,0,610,0,6,180,0,186,369,100,327,0,796,214,0,214,1010
08/08/2000,OAK,CA,AWP,WE,Combined TRACON& Tower with Radar,449,88,191,2,730,0,48,224,0,272,449,136,415,2,1002,324,0,324,1326
08/09/2000,OAK,CA,AWP,WE,Combined TRACON& Tower with Radar,422,93,146,0,661,0,54,408,0,462,422,147,554,0,1123,256,0,256,1379
08/10/2000,OAK,CA,AWP,WE,Combined TRACON& Tower with Radar,431,133,143,0,707,0,53,360,0,413,431,186,503,0,1120,264,0,264,1384
08/11/2000,OAK,CA,AWP,WE,Combined TRACON& Tower with Radar,440,96,151,0,687,0,124,476,0,600,440,220,627,0,1287,282,0,282,1569
08/12/2000,OAK,CA,AWP,WE,Combined TRACON& Tower with Radar,339,37,68,0,444,1,7,238,0,246,340,44,306,0,690,197,0,197,887
08/13/2000,OAK,CA,AWP,WE,Combined TRACON& Tower with Radar,268,9,84,0,361,43,0,313,0,356,311,9,397,0,717,237,0,237,954
08/14/2000,OAK,CA,AWP,WE,Combined TRACON& Tower with Radar,370,52,85,0,507,1,37,329,0,367,371,89,414,0,874,147,0,147,1021
08/15/2000,OAK,CA,AWP,WE,Combined TRACON& Tower with Radar,413,82,131,0,626,8,81,432,0,521,421,163,563,0,1147,343,0,343,1490
08/16/2000,OAK,CA,AWP,WE,Combined TRACON& Tower with Radar,405,81,128,0,614,28,62,364,0,454,433,143,492,0,1068,276,0,276,1344
08/17/2000,OAK,CA,AWP,WE,Combined TRACON& Tower with Radar,455,90,144,0,689,11,85,371,1,468,466,175,515,1,1157,114,0,114,1271
08/18/2000,OAK,CA,AWP,WE,Combined TRACON& Tower with Radar,426,87,140,0,653,0,80,569,0,649,426,167,709,0,1302,344,0,344,1646
08/19/2000,OAK,CA,AWP,WE,Combined TRACON& Tower with Radar,351,46,111,0,508,28,0,181,0,209,379,46,292,0,717,160,0,160,877
08/20/2000,OAK,CA,AWP,WE,Combined TRACON& Tower with Radar,302,22,96,0,420,63,0,240,3,306,365,22,336,3,726,200,0,200,926
08/21/2000,OAK,CA,AWP,WE,Combined TRACON& Tower with Radar,391,77,124,0,592,42,58,357,0,457,433,135,481,0,1049,226,0,226,1275
08/22/2000,OAK,CA,AWP,WE,Combined TRACON& Tower with Radar,430,89,142,0,661,0,53,299,0,352,430,142,441,0,1013,440,0,440,1453
08/23/2000,OAK,CA,AWP,WE,Combined TRACON& Tower with Radar,436,89,141,0,666,0,47,313,0,360,436,136,454,0,1026,400,0,400,1426
08/24/2000,OAK,CA,AWP,WE,Combined TRACON& Tower with Radar,460,99,158,0,717,0,70,350,0,420,460,169,508,0,1137,434,0,434,1571
08/25/2000,OAK,CA,AWP,WE,Combined TRACON& Tower with Radar,430,87,138,0,655,0,99,462,1,562,430,186,600,1,1217,452,0,452,1669
08/26/2000,OAK,CA,AWP,WE,Combined TRACON& Tower with Radar,322,58,102,0,482,22,0,228,0,250,344,58,330,0,732,236,0,236,968
08/27/2000,OAK,CA,AWP,WE,Combined TRACON& Tower with Radar,295,14,94,0,403,48,0,245,0,293,343,14,339,0,696,250,0,250,946
08/28/2000,OAK,CA,AWP,WE,Combined TRACON& Tower with Radar,398,73,126,0,597,18,0,260,1,279,416,73,386,1,876,244,0,244,1120
08/29/2000,OAK,CA,AWP,WE,Combined TRACON& Tower with Radar,467,106,169,0,742,0,51,230,0,281,467,157,399,0,1023,328,0,328,1351
08/30/2000,OAK,CA,AWP,WE,Combined TRACON& Tower with Radar,418,86,137,0,641,0,78,237,0,315,418,164,374,0,956,478,0,478,1434
08/31/2000,OAK,CA,AWP,WE,Combined TRACON& Tower with Radar,440,94,149,0,683,0,48,237,0,285,440,142,386,0,968,480,4,484,1452
09/01/2000,OAK,CA,AWP,WE,Combined TRACON& Tower with Radar,420,94,147,0,661,0,102,112,0,214,420,196,259,0,875,166,0,166,1041
09/02/2000,OAK,CA,AWP,WE,Combined TRACON& Tower with Radar,341,30,95,0,466,8,0,287,0,295,349,30,382,0,761,402,0,402,1163
09/03/2000,OAK,CA,AWP,WE,Combined TRACON& Tower with Radar,247,9,69,0,325,35,0,291,0,326,282,9,360,0,651,104,0,104,755
09/04/2000,OAK,CA,AWP,WE,Combined TRACON& Tower with Radar,276,4,78,0,358,66,0,300,0,366,342,4,378,0,724,182,0,182,906
09/05/2000,OAK,CA,AWP,WE,Combined TRACON& Tower with Radar,393,71,112,0,576,19,61,360,0,440,412,132,472,0,1016,222,0,222,1238
09/06/2000,OAK,CA,AWP,WE,Combined TRACON& Tower with Radar,426,77,121,0,624,18,72,329,0,419,444,149,450,0,1043,316,0,316,1359
09/07/2000,OAK,CA,AWP,WE,Combined TRACON& Tower with Radar,413,74,118,0,605,2,75,333,0,410,415,149,451,0,1015,122,0,122,1137
09/08/2000,OAK,CA,AWP,WE,Combined TRACON& Tower with Radar,393,82,127,0,602,0,140,506,0,646,393,222,633,0,1248,462,0,462,1710
09/09/2000,OAK,CA,AWP,WE,Combined TRACON& Tower with Radar,318,50,89,0,457,37,0,319,1,357,355,50,408,1,814,242,0,242,1056
09/10/2000,OAK,CA,AWP,WE,Combined TRACON& Tower with Radar,316,13,88,0,417,52,0,273,0,325,368,13,361,0,742,396,0,396,1138
09/11/2000,OAK,CA,AWP,WE,Combined TRACON& Tower with Radar,394,73,112,0,579,0,32,261,0,293,394,105,373,0,872,236,0,236,1108
09/12/2000,OAK,CA,AWP,WE,Combined TRACON& Tower with Radar,436,82,127,0,645,0,82,310,0,392,436,164,437,0,1037,256,0,256,1293
09/13/2000,OAK,CA,AWP,WE,Combined TRACON& Tower with Radar,446,81,126,0,653,9,53,370,0,432,455,134,496,0,1085,266,0,266,1351
09/14/2000,OAK,CA,AWP,WE,Combined TRACON& Tower with Radar,431,143,158,0,732,0,23,325,0,348,431,166,483,0,1080,608,0,608,1688
09/15/2000,OAK,CA,AWP,WE,Combined TRACON& Tower with Radar,428,92,144,0,664,0,77,461,0,538,428,169,605,0,1202,210,0,210,1412
09/16/2000,OAK,CA,AWP,WE,Combined TRACON& Tower with Radar,332,27,160,0,519,0,8,252,0,260,332,35,412,0,779,210,0,210,989
09/17/2000,OAK,CA,AWP,WE,Combined TRACON& Tower with Radar,315,9,88,0,412,59,0,408,0,467,374,9,496,0,879,226,0,226,1105
09/18/2000,OAK,CA,AWP,WE,Combined TRACON& Tower with Radar,346,63,97,0,506,6,27,335,1,369,352,90,432,1,875,282,0,282,1157
09/19/2000,OAK,CA,AWP,WE,Combined TRACON& Tower with Radar,477,87,135,0,699,29,59,344,0,432,506,146,479,0,1131,295,0,295,1426
09/20/2000,OAK,CA,AWP,WE,Combined TRACON& Tower with Radar,430,78,122,0,630,25,80,324,0,429,455,158,446,0,1059,204,0,204,1263
09/21/2000,OAK,CA,AWP,WE,Combined TRACON& Tower with Radar,454,94,148,0,696,0,78,233,0,311,454,172,381,0,1007,242,0,242,1249
09/22/2000,OAK,CA,AWP,WE,Combined TRACON& Tower with Radar,451,89,139,0,679,0,47,304,0,351,451,136,443,0,1030,496,0,496,1526
09/23/2000,OAK,CA,AWP,WE,Combined TRACON& Tower with Radar,307,51,86,0,444,19,0,293,0,312,326,51,379,0,756,260,0,260,1016
09/24/2000,OAK,CA,AWP,WE,Combined TRACON& Tower with Radar,321,5,90,0,416,45,0,309,0,354,366,5,399,0,770,272,0,272,1042
09/25/2000,OAK,CA,AWP,WE,Combined TRACON& Tower with Radar,334,60,94,0,488,17,42,322,0,381,351,102,416,0,869,288,0,288,1157
09/26/2000,OAK,CA,AWP,WE,Combined TRACON& Tower with Radar,455,87,134,0,676,0,40,258,0,298,455,127,392,0,974,260,0,260,1234
09/27/2000,OAK,CA,AWP,WE,Combined TRACON& Tower with Radar,442,86,135,0,663,0,48,236,0,284,442,134,371,0,947,462,0,462,1409
09/28/2000,OAK,CA,AWP,WE,Combined TRACON& Tower with Radar,454,93,144,0,691,0,35,274,1,310,454,128,418,1,1001,528,0,528,1529
09/29/2000,OAK,CA,AWP,WE,Combined TRACON& Tower with Radar,452,85,132,0,669,0,85,413,0,498,452,170,545,0,1167,346,0,346,1513
09/30/2000,OAK,CA,AWP,WE,Combined TRACON& Tower with Radar,309,44,87,0,440,40,0,326,0,366,349,44,413,0,806,210,0,210,1016
10/01/2000,OAK,CA,AWP,WE,Combined TRACON& Tower with Radar,327,27,91,2,447,28,0,380,0,408,355,27,471,2,855,286,2,288,1143
10/02/2000,OAK,CA,AWP,WE,Combined TRACON& Tower with Radar,422,85,118,1,626,5,19,223,6,253,427,104,341,7,879,354,0,354,1233
10/03/2000,OAK,CA,AWP,WE,Combined TRACON& Tower with Radar,448,93,130,1,672,0,49,281,0,330,448,142,411,1,1002,228,0,228,1230
10/04/2000,OAK,CA,AWP,WE,Combined TRACON& Tower with Radar,406,93,130,1,630,0,87,480,5,572,406,180,610,6,1202,326,0,326,1528
10/05/2000,OAK,CA,AWP,WE,Combined TRACON& Tower with Radar,531,106,150,2,789,0,37,269,13,319,531,143,419,15,1108,228,0,228,1336
10/06/2000,OAK,CA,AWP,WE,Combined TRACON& Tower with Radar,420,140,203,4,767,1,19,294,4,318,421,159,497,8,1085,142,0,142,1227
10/07/2000,OAK,CA,AWP,WE,Combined TRACON& Tower with Radar,359,40,102,2,503,0,7,176,17,200,359,47,278,19,703,118,0,118,821
10/08/2000,OAK,CA,AWP,WE,Combined TRACON& Tower with Radar,342,11,96,1,450,42,0,317,21,380,384,11,413,22,830,150,0,150,980
10/09/2000,OAK,CA,AWP,WE,Combined TRACON& Tower with Radar,434,51,121,1,607,2,0,92,11,105,436,51,213,12,712,390,5,395,1107
10/10/2000,OAK,CA,AWP,WE,Combined TRACON& Tower with Radar,421,84,118,1,624,10,31,103,67,211,431,115,221,68,835,229,0,229,1064
10/11/2000,OAK,CA,AWP,WE,Combined TRACON& Tower with Radar,465,102,143,2,712,0,51,226,7,284,465,153,369,9,996,568,0,568,1564
10/12/2000,OAK,CA,AWP,WE,Combined TRACON& Tower with Radar,459,94,131,1,685,0,48,358,18,424,459,142,489,19,1109,622,0,622,1731
10/13/2000,OAK,CA,AWP,WE,Combined TRACON& Tower with Radar,577,115,160,2,854,42,53,557,4,656,619,168,717,6,1510,486,0,486,1996
10/14/2000,OAK,CA,AWP,WE,Combined TRACON& Tower with Radar,294,47,81,0,422,39,0,301,0,340,333,47,382,0,762,322,0,322,1084
10/15/2000,OAK,CA,AWP,WE,Combined TRACON& Tower with Radar,300,13,83,0,396,55,0,230,0,285,355,13,313,0,681,32,0,32,713
10/16/2000,OAK,CA,AWP,WE,Combined TRACON& Tower with Radar,351,70,97,0,518,29,5,311,0,345,380,75,408,0,863,278,0,278,1141
10/17/2000,OAK,CA,AWP,WE,Combined TRACON& Tower with Radar,427,86,118,0,631,37,45,332,0,414,464,131,450,0,1045,380,0,380,1425
10/18/2000,OAK,CA,AWP,WE,Combined TRACON& Tower with Radar,466,93,129,0,688,8,58,295,0,361,474,151,424,0,1049,430,0,430,1479
10/19/2000,OAK,CA,AWP,WE,Combined TRACON& Tower with Radar,457,105,146,0,708,0,58,329,0,387,457,163,475,0,1095,154,0,154,1249
10/20/2000,OAK,CA,AWP,WE,Combined TRACON& Tower with Radar,434,100,139,0,673,0,114,344,0,458,434,214,483,0,1131,324,0,324,1455
10/21/2000,OAK,CA,AWP,WE,Combined TRACON& Tower with Radar,303,59,83,1,446,51,0,249,0,300,354,59,332,1,746,310,0,310,1056
10/22/2000,OAK,CA,AWP,WE,Combined TRACON& Tower with Radar,332,15,62,1,410,0,0,100,0,100,332,15,162,1,510,2,0,2,512
10/23/2000,OAK,CA,AWP,WE,Combined TRACON& Tower with Radar,397,78,110,0,585,0,58,423,0,481,397,136,533,0,1066,252,0,252,1318
10/24/2000,OAK,CA,AWP,WE,Combined TRACON& Tower with Radar,451,93,131,0,675,0,140,430,0,570,451,233,561,0,1245,300,0,300,1545
10/25/2000,OAK,CA,AWP,WE,Combined TRACON& Tower with Radar,428,95,134,0,657,0,49,153,0,202,428,144,287,0,859,84,0,84,943
10/26/2000,OAK,CA,AWP,WE,Combined TRACON& Tower with Radar,484,105,148,0,737,0,49,108,0,157,484,154,256,0,894,126,0,126,1020
10/27/2000,OAK,CA,AWP,WE,Combined TRACON& Tower with Radar,439,96,135,0,670,0,109,416,0,525,439,205,551,0,1195,210,0,210,1405
10/28/2000,OAK,CA,AWP,WE,Combined TRACON& Tower with Radar,316,37,79,0,432,61,0,0,0,61,377,37,79,0,493,26,0,26,519
10/29/2000,OAK,CA,AWP,WE,Combined TRACON& Tower with Radar,300,18,83,0,401,54,0,140,0,194,354,18,223,0,595,372,0,372,967
10/30/2000,OAK,CA,AWP,WE,Combined TRACON& Tower with Radar,378,77,109,1,565,0,14,105,0,119,378,91,214,1,684,286,0,286,970
10/31/2000,OAK,CA,AWP,WE,Combined TRACON& Tower with Radar,466,88,107,0,661,0,49,392,0,441,466,137,499,0,1102,262,0,262,1364
11/01/2000,OAK,CA,AWP,WE,Combined TRACON& Tower with Radar,450,99,139,0,688,0,93,432,5,530,450,192,571,5,1218,384,0,384,1602
11/02/2000,OAK,CA,AWP,WE,Combined TRACON& Tower with Radar,449,96,134,0,679,0,91,389,0,480,449,187,523,0,1159,348,0,348,1507
11/03/2000,OAK,CA,AWP,WE,Combined TRACON& Tower with Radar,485,102,143,0,730,0,73,434,2,509,485,175,577,2,1239,70,0,70,1309
11/04/2000,OAK,CA,AWP,WE,Combined TRACON& Tower with Radar,350,28,101,0,479,37,0,274,0,311,387,28,375,0,790,138,0,138,928
11/05/2000,OAK,CA,AWP,WE,Combined TRACON& Tower with Radar,318,12,91,0,421,22,0,311,0,333,340,12,402,0,754,242,0,242,996
11/06/2000,OAK,CA,AWP,WE,Combined TRACON& Tower with Radar,364,76,104,0,544,17,18,318,0,353,381,94,422,0,897,186,0,186,1083
11/07/2000,OAK,CA,AWP,WE,Combined TRACON& Tower with Radar,395,81,113,0,589,14,47,307,0,368,409,128,420,0,957,268,0,268,1225
11/08/2000,OAK,CA,AWP,WE,Combined TRACON& Tower with Radar,442,108,150,1,701,0,34,211,1,246,442,142,361,2,947,144,0,144,1091
11/09/2000,OAK,CA,AWP,WE,Combined TRACON& Tower with Radar,493,101,141,0,735,47,39,246,0,332,540,140,387,0,1067,258,0,258,1325
11/10/2000,OAK,CA,AWP,WE,Combined TRACON& Tower with Radar,400,85,117,1,603,0,65,348,0,413,400,150,465,1,1016,461,0,461,1477
11/11/2000,OAK,CA,AWP,WE,Combined TRACON& Tower with Radar,331,41,95,0,467,57,0,241,0,298,388,41,336,0,765,238,0,238,1003
11/12/2000,OAK,CA,AWP,WE,Combined TRACON& Tower with Radar,321,30,92,1,444,67,0,327,0,394,388,30,419,1,838,230,0,230,1068
11/13/2000,OAK,CA,AWP,WE,Combined TRACON& Tower with Radar,371,75,73,0,519,0,16,238,0,254,371,91,311,0,773,188,0,188,961
11/14/2000,OAK,CA,AWP,WE,Combined TRACON& Tower with Radar,498,105,144,0,747,0,43,336,0,379,498,148,480,0,1126,474,0,474,1600
11/15/2000,OAK,CA,AWP,WE,Combined TRACON& Tower with Radar,450,94,132,0,676,0,36,294,0,330,450,130,426,0,1006,506,0,506,1512
11/16/2000,OAK,CA,AWP,WE,Combined TRACON& Tower with Radar,506,105,146,0,757,0,67,341,1,409,506,172,487,1,1166,250,0,250,1416
11/17/2000,OAK,CA,AWP,WE,Combined TRACON& Tower with Radar,442,98,136,0,676,0,64,493,0,557,442,162,629,0,1233,122,0,122,1355
11/18/2000,OAK,CA,AWP,WE,Combined TRACON& Tower with Radar,334,69,95,0,498,29,15,363,0,407,363,84,458,0,905,240,0,240,1145
11/19/2000,OAK,CA,AWP,WE,Combined TRACON& Tower with Radar,320,14,91,0,425,58,0,345,0,403,378,14,436,0,828,332,0,332,1160
11/20/2000,OAK,CA,AWP,WE,Combined TRACON& Tower with Radar,375,78,107,0,560,25,14,241,1,281,400,92,348,1,841,214,0,214,1055
11/21/2000,OAK,CA,AWP,WE,Combined TRACON& Tower with Radar,458,94,130,0,682,26,32,33,0,91,484,126,163,0,773,288,0,288,1061
11/22/2000,OAK,CA,AWP,WE,Combined TRACON& Tower with Radar,453,98,138,0,689,0,60,400,0,460,453,158,538,0,1149,492,0,492,1641
11/23/2000,OAK,CA,AWP,WE,Combined TRACON& Tower with Radar,268,37,78,0,383,5,0,87,1,93,273,37,165,1,476,328,0,328,804
11/24/2000,OAK,CA,AWP,WE,Combined TRACON& Tower with Radar,326,78,111,0,515,0,80,389,0,469,326,158,500,0,984,458,0,458,1442
11/25/2000,OAK,CA,AWP,WE,Combined TRACON& Tower with Radar,388,52,112,0,552,3,0,78,2,83,391,52,190,2,635,64,0,64,699
11/26/2000,OAK,CA,AWP,WE,Combined TRACON& Tower with Radar,355,22,102,0,479,26,0,301,1,328,381,22,403,1,807,382,0,382,1189
11/27/2000,OAK,CA,AWP,WE,Combined TRACON& Tower with Radar,404,84,118,0,606,0,22,234,0,256,404,106,352,0,862,224,0,224,1086
11/28/2000,OAK,CA,AWP,WE,Combined TRACON& Tower with Radar,476,103,143,0,722,0,58,262,0,320,476,161,405,0,1042,622,0,622,1664
11/29/2000,OAK,CA,AWP,WE,Combined TRACON& Tower with Radar,488,100,140,0,728,6,66,200,0,272,494,166,340,0,1000,378,0,378,1378
11/30/2000,OAK,CA,AWP,WE,Combined TRACON& Tower with Radar,502,119,167,0,788,0,48,289,0,337,502,167,456,0,1125,306,0,306,1431
12/01/2000,OAK,CA,AWP,WE,Combined TRACON& Tower with Radar,440,96,114,0,650,0,83,338,0,421,440,179,452,0,1071,280,0,280,1351
12/02/2000,OAK,CA,AWP,WE,Combined TRACON& Tower with Radar,336,71,82,0,489,25,7,285,0,317,361,78,367,0,806,278,0,278,1084
12/03/2000,OAK,CA,AWP,WE,Combined TRACON& Tower with Radar,336,10,82,0,428,66,0,252,2,320,402,10,334,2,748,260,0,260,1008
12/04/2000,OAK,CA,AWP,WE,Combined TRACON& Tower with Radar,381,80,93,0,554,34,19,270,0,323,415,99,363,0,877,200,0,200,1077
12/05/2000,OAK,CA,AWP,WE,Combined TRACON& Tower with Radar,462,97,114,0,673,0,39,314,0,353,462,136,428,0,1026,170,0,170,1196
12/06/2000,OAK,CA,AWP,WE,Combined TRACON& Tower with Radar,470,104,123,0,697,0,53,393,0,446,470,157,516,0,1143,390,0,390,1533
12/07/2000,OAK,CA,AWP,WE,Combined TRACON& Tower with Radar,507,106,125,0,738,3,55,295,0,353,510,161,420,0,1091,356,0,356,1447
12/08/2000,OAK,CA,AWP,WE,Combined TRACON& Tower with Radar,445,101,120,0,666,0,74,412,0,486,445,175,532,0,1152,364,0,364,1516
12/09/2000,OAK,CA,AWP,WE,Combined TRACON& Tower with Radar,380,51,95,0,526,0,0,93,0,93,380,51,188,0,619,140,0,140,759
12/10/2000,OAK,CA,AWP,WE,Combined TRACON& Tower with Radar,381,20,94,0,495,41,0,151,0,192,422,20,245,0,687,302,0,302,989
12/11/2000,OAK,CA,AWP,WE,Combined TRACON& Tower with Radar,390,93,112,0,595,0,7,270,0,277,390,100,382,0,872,350,0,350,1222
12/12/2000,OAK,CA,AWP,WE,Combined TRACON& Tower with Radar,487,105,126,0,718,0,58,320,0,378,487,163,446,0,1096,444,0,444,1540
12/13/2000,OAK,CA,AWP,WE,Combined TRACON& Tower with Radar,495,152,155,0,802,0,9,142,0,151,495,161,297,0,953,143,0,143,1096
12/14/2000,OAK,CA,AWP,WE,Combined TRACON& Tower with Radar,523,118,143,1,785,0,61,111,0,172,523,179,254,1,957,294,0,294,1251
12/15/2000,OAK,CA,AWP,WE,Combined TRACON& Tower with Radar,479,144,151,0,774,0,68,394,0,462,479,212,545,0,1236,330,0,330,1566
12/16/2000,OAK,CA,AWP,WE,Combined TRACON& Tower with Radar,361,37,109,0,507,0,26,321,0,347,361,63,430,0,854,228,0,228,1082
12/17/2000,OAK,CA,AWP,WE,Combined TRACON& Tower with Radar,332,8,82,0,422,65,0,268,1,334,397,8,350,1,756,162,0,162,918
12/18/2000,OAK,CA,AWP,WE,Combined TRACON& Tower with Radar,423,87,105,0,615,26,19,225,0,270,449,106,330,0,885,112,0,112,997
12/19/2000,OAK,CA,AWP,WE,Combined TRACON& Tower with Radar,554,120,145,0,819,0,87,337,0,424,554,207,482,0,1243,242,0,242,1485
12/20/2000,OAK,CA,AWP,WE,Combined TRACON& Tower with Radar,512,146,135,0,793,0,87,464,0,551,512,233,599,0,1344,376,0,376,1720
12/21/2000,OAK,CA,AWP,WE,Combined TRACON& Tower with Radar,589,133,160,0,882,0,109,184,0,293,589,242,344,0,1175,298,0,298,1473
12/22/2000,OAK,CA,AWP,WE,Combined TRACON& Tower with Radar,498,125,150,0,773,0,211,382,2,595,498,336,532,2,1368,480,0,480,1848
12/23/2000,OAK,CA,AWP,WE,Combined TRACON& Tower with Radar,414,86,103,0,603,23,3,41,0,67,437,89,144,0,670,96,0,96,766
12/24/2000,OAK,CA,AWP,WE,Combined TRACON& Tower with Radar,345,11,43,0,399,0,4,135,0,139,345,15,178,0,538,40,0,40,578
12/25/2000,OAK,CA,AWP,WE,Combined TRACON& Tower with Radar,254,8,62,0,324,95,0,8,0,103,349,8,70,0,427,0,0,0,427
12/26/2000,OAK,CA,AWP,WE,Combined TRACON& Tower with Radar,384,79,95,0,558,7,38,252,0,297,391,117,347,0,855,132,0,132,987
12/27/2000,OAK,CA,AWP,WE,Combined TRACON& Tower with Radar,433,99,119,0,651,0,51,361,0,412,433,150,480,0,1063,262,0,262,1325
12/28/2000,OAK,CA,AWP,WE,Combined TRACON& Tower with Radar,444,91,110,0,645,18,61,241,0,320,462,152,351,0,965,214,0,214,1179
12/29/2000,OAK,CA,AWP,WE,Combined TRACON& Tower with Radar,436,93,113,0,642,0,121,448,0,569,436,214,561,0,1211,470,0,470,1681
12/30/2000,OAK,CA,AWP,WE,Combined TRACON& Tower with Radar,346,44,110,0,500,0,12,243,0,255,346,56,353,0,755,222,0,222,977
12/31/2000,OAK,CA,AWP,WE,Combined TRACON& Tower with Radar,250,8,61,0,319,79,0,34,0,113,329,8,95,0,432,30,0,30,462
01/01/2001,OAK,CA,AWP,WE,Combined TRACON& Tower with Radar,257,8,64,0,329,54,0,133,0,187,311,8,197,0,516,64,0,64,580
01/02/2001,OAK,CA,AWP,WE,Combined TRACON& Tower with Radar,412,82,105,0,599,0,20,271,0,291,412,102,376,0,890,294,0,294,1184
01/03/2001,OAK,CA,AWP,WE,Combined TRACON& Tower with Radar,420,80,105,1,606,14,49,279,2,344,434,129,384,3,950,372,0,372,1322
01/04/2001,OAK,CA,AWP,WE,Combined TRACON& Tower with Radar,507,96,125,0,728,0,61,353,0,414,507,157,478,0,1142,473,0,473,1615
01/05/2001,OAK,CA,AWP,WE,Combined TRACON& Tower with Radar,439,88,113,0,640,0,85,414,0,499,439,173,527,0,1139,374,0,374,1513
01/06/2001,OAK,CA,AWP,WE,Combined TRACON& Tower with Radar,329,37,150,0,516,0,24,519,0,543,329,61,669,0,1059,274,0,274,1333
01/07/2001,OAK,CA,AWP,WE,Combined TRACON& Tower with Radar,316,8,78,0,402,53,0,109,0,162,369,8,187,0,564,208,0,208,772
01/08/2001,OAK,CA,AWP,WE,Combined TRACON& Tower with Radar,385,77,99,0,561,0,20,222,0,242,385,97,321,0,803,262,0,262,1065
01/09/2001,OAK,CA,AWP,WE,Combined TRACON& Tower with Radar,436,83,107,0,626,13,37,156,0,206,449,120,263,0,832,102,0,102,934
01/10/2001,OAK,CA,AWP,WE,Combined TRACON& Tower with Radar,426,89,116,0,631,0,50,60,0,110,426,139,176,0,741,0,0,0,741
01/11/2001,OAK,CA,AWP,WE,Combined TRACON& Tower with Radar,635,144,138,0,917,0,15,40,0,55,635,159,178,0,972,0,0,0,972
01/12/2001,OAK,CA,AWP,WE,Combined TRACON& Tower with Radar,434,113,110,0,657,3,32,274,0,309,437,145,384,0,966,250,0,250,1216
01/13/2001,OAK,CA,AWP,WE,Combined TRACON& Tower with Radar,371,43,91,0,505,42,0,251,0,293,413,43,342,0,798,388,0,388,1186
01/14/2001,OAK,CA,AWP,WE,Combined TRACON& Tower with Radar,320,16,79,0,415,29,0,362,0,391,349,16,441,0,806,186,0,186,992
01/15/2001,OAK,CA,AWP,WE,Combined TRACON& Tower with Radar,414,28,75,0,517,0,11,276,0,287,414,39,351,0,804,140,0,140,944
01/16/2001,OAK,CA,AWP,WE,Combined TRACON& Tower with Radar,446,94,120,0,660,1,41,381,1,424,447,135,501,1,1084,282,0,282,1366
01/17/2001,OAK,CA,AWP,WE,Combined TRACON& Tower with Radar,440,83,108,0,631,0,55,337,2,394,440,138,445,2,1025,382,0,382,1407
01/18/2001,OAK,CA,AWP,WE,Combined TRACON& Tower with Radar,423,88,114,0,625,0,78,344,3,425,423,166,458,3,1050,248,2,250,1300
01/19/2001,OAK,CA,AWP,WE,Combined TRACON& Tower with Radar,404,84,109,0,597,0,70,316,0,386,404,154,425,0,983,212,0,212,1195
01/20/2001,OAK,CA,AWP,WE,Combined TRACON& Tower with Radar,320,36,79,0,435,36,0,212,0,248,356,36,291,0,683,472,0,472,1155
01/21/2001,OAK,CA,AWP,WE,Combined TRACON& Tower with Radar,332,16,81,0,429,0,0,143,3,146,332,16,224,3,575,247,0,247,822
01/22/2001,OAK,CA,AWP,WE,Combined TRACON& Tower with Radar,376,71,92,0,539,33,16,233,0,282,409,87,325,0,821,362,0,362,1183
01/23/2001,OAK,CA,AWP,WE,Combined TRACON& Tower with Radar,449,103,133,0,685,0,89,154,2,245,449,192,287,2,930,92,0,92,1022
01/24/2001,OAK,CA,AWP,WE,Combined TRACON& Tower with Radar,442,83,110,1,636,0,59,282,1,342,442,142,392,2,978,434,0,434,1412
01/25/2001,OAK,CA,AWP,WE,Combined TRACON& Tower with Radar,443,83,108,0,634,10,36,51,0,97,453,119,159,0,731,44,0,44,775
01/26/2001,OAK,CA,AWP,WE,Combined TRACON& Tower with Radar,423,86,114,1,624,0,59,253,0,312,423,145,367,1,936,252,0,252,1188
01/27/2001,OAK,CA,AWP,WE,Combined TRACON& Tower with Radar,377,65,93,0,535,36,0,272,0,308,413,65,365,0,843,380,0,380,1223
01/28/2001,OAK,CA,AWP,WE,Combined TRACON& Tower with Radar,307,11,75,0,393,45,0,271,0,316,352,11,346,0,709,204,0,204,913
01/29/2001,OAK,CA,AWP,WE,Combined TRACON& Tower with Radar,420,73,84,0,577,0,29,257,0,286,420,102,341,0,863,190,0,190,1053
01/30/2001,OAK,CA,AWP,WE,Combined TRACON& Tower with Radar,467,91,119,0,677,0,88,315,0,403,467,179,434,0,1080,222,0,222,1302
01/31/2001,OAK,CA,AWP,WE,Combined TRACON& Tower with Radar,452,85,111,1,649,5,57,283,0,345,457,142,394,1,994,170,0,170,1164
02/01/2001,OAK,CA,AWP,WE,Combined TRACON& Tower with Radar,453,95,109,0,657,0,86,324,0,410,453,181,433,0,1067,415,0,415,1482
02/02/2001,OAK,CA,AWP,WE,Combined TRACON& Tower with Radar,422,89,103,0,614,0,72,253,0,325,422,161,356,0,939,242,0,242,1181
02/03/2001,OAK,CA,AWP,WE,Combined TRACON& Tower with Radar,327,35,74,0,436,22,0,269,0,291,349,35,343,0,727,356,0,356,1083
02/04/2001,OAK,CA,AWP,WE,Combined TRACON& Tower with Radar,311,16,70,0,397,44,0,373,0,417,355,16,443,0,814,358,0,358,1172
02/05/2001,OAK,CA,AWP,WE,Combined TRACON& Tower with Radar,411,76,93,0,580,15,0,196,0,211,426,76,289,0,791,274,0,274,1065
02/06/2001,OAK,CA,AWP,WE,Combined TRACON& Tower with Radar,468,92,106,0,666,1,59,271,0,331,469,151,377,0,997,260,0,260,1257
02/07/2001,OAK,CA,AWP,WE,Combined TRACON& Tower with Radar,477,98,112,1,688,0,80,364,1,445,477,178,476,2,1133,314,0,314,1447
02/08/2001,OAK,CA,AWP,WE,Combined TRACON& Tower with Radar,502,100,115,0,717,0,55,313,0,368,502,155,428,0,1085,302,0,302,1387
02/09/2001,OAK,CA,AWP,WE,Combined TRACON& Tower with Radar,395,98,111,0,604,0,102,110,0,212,395,200,221,0,816,40,0,40,856
02/10/2001,OAK,CA,AWP,WE,Combined TRACON& Tower with Radar,351,57,79,0,487,43,0,31,0,74,394,57,110,0,561,174,0,174,735
02/11/2001,OAK,CA,AWP,WE,Combined TRACON& Tower with Radar,296,14,66,0,376,60,0,63,0,123,356,14,129,0,499,254,0,254,753
02/12/2001,OAK,CA,AWP,WE,Combined TRACON& Tower with Radar,400,84,60,0,544,0,38,49,0,87,400,122,109,0,631,126,0,126,757
02/13/2001,OAK,CA,AWP,WE,Combined TRACON& Tower with Radar,452,90,102,0,644,3,78,351,1,433,455,168,453,1,1077,182,0,182,1259
02/14/2001,OAK,CA,AWP,WE,Combined TRACON& Tower with Radar,477,95,108,0,680,22,54,398,0,474,499,149,506,0,1154,120,0,120,1274
02/15/2001,OAK,CA,AWP,WE,Combined TRACON& Tower with Radar,476,106,101,0,683,0,39,372,0,411,476,145,473,0,1094,104,0,104,1198
02/16/2001,OAK,CA,AWP,WE,Combined TRACON& Tower with Radar,443,90,103,0,636,0,58,306,0,364,443,148,409,0,1000,60,0,60,1060
02/17/2001,OAK,CA,AWP,WE,Combined TRACON& Tower with Radar,395,55,89,0,539,26,0,93,0,119,421,55,182,0,658,86,0,86,744
02/18/2001,OAK,CA,AWP,WE,Combined TRACON& Tower with Radar,320,21,72,0,413,36,0,88,0,124,356,21,160,0,537,292,0,292,829
02/19/2001,OAK,CA,AWP,WE,Combined TRACON& Tower with Radar,344,56,78,0,478,21,0,83,0,104,365,56,161,0,582,26,0,26,608
02/20/2001,OAK,CA,AWP,WE,Combined TRACON& Tower with Radar,457,96,111,0,664,0,99,136,0,235,457,195,247,0,899,218,0,218,1117
02/21/2001,OAK,CA,AWP,WE,Combined TRACON& Tower with Radar,497,109,125,0,731,0,118,251,0,369,497,227,376,0,1100,34,0,34,1134
02/22/2001,OAK,CA,AWP,WE,Combined TRACON& Tower with Radar,498,101,114,0,713,0,45,198,0,243,498,146,312,0,956,172,0,172,1128
02/23/2001,OAK,CA,AWP,WE,Combined TRACON& Tower with Radar,455,108,122,0,685,0,92,455,0,547,455,200,577,0,1232,198,0,198,1430
02/24/2001,OAK,CA,AWP,WE,Combined TRACON& Tower with Radar,364,66,81,0,511,30,0,1,0,31,394,66,82,0,542,48,0,48,590
02/25/2001,OAK,CA,AWP,WE,Combined TRACON& Tower with Radar,321,21,71,0,413,41,0,200,0,241,362,21,271,0,654,188,0,188,842
02/26/2001,OAK,CA,AWP,WE,Combined TRACON& Tower with Radar,392,73,87,0,552,16,0,333,0,349,408,73,420,0,901,37,0,37,938
02/27/2001,OAK,CA,AWP,WE,Combined TRACON& Tower with Radar,459,116,172,0,747,0,58,467,0,525,459,174,639,0,1272,90,0,90,1362
02/28/2001,OAK,CA,AWP,WE,Combined TRACON& Tower with Radar,464,94,104,0,662,0,52,372,0,424,464,146,476,0,1086,38,0,38,1124
03/01/2001,OAK,CA,AWP,WE,Combined TRACON& Tower with Radar,446,96,118,0,660,5,53,346,0,404,451,149,464,0,1064,160,0,160,1224
03/02/2001,OAK,CA,AWP,WE,Combined TRACON& Tower with Radar,447,108,134,0,689,0,71,180,0,251,447,179,314,0,940,184,0,184,1124
03/03/2001,OAK,CA,AWP,WE,Combined TRACON& Tower with Radar,350,63,94,0,507,55,0,183,0,238,405,63,277,0,745,486,0,486,1231
03/04/2001,OAK,CA,AWP,WE,Combined TRACON& Tower with Radar,312,19,68,0,399,73,0,0,0,73,385,19,68,0,472,56,0,56,528
03/05/2001,OAK,CA,AWP,WE,Combined TRACON& Tower with Radar,484,87,79,0,650,2,8,196,2,208,486,95,275,2,858,158,0,158,1016
03/06/2001,OAK,CA,AWP,WE,Combined TRACON& Tower with Radar,481,103,129,0,713,23,32,364,0,419,504,135,493,0,1132,116,0,116,1248
03/07/2001,OAK,CA,AWP,WE,Combined TRACON& Tower with Radar,482,105,132,0,719,0,56,338,0,394,482,161,470,0,1113,116,0,116,1229
03/08/2001,OAK,CA,AWP,WE,Combined TRACON& Tower with Radar,492,116,145,0,753,0,40,237,0,277,492,156,382,0,1030,52,0,52,1082
03/09/2001,OAK,CA,AWP,WE,Combined TRACON& Tower with Radar,500,113,142,0,755,0,98,415,0,513,500,211,557,0,1268,54,0,54,1322
03/10/2001,OAK,CA,AWP,WE,Combined TRACON& Tower with Radar,396,61,106,0,563,53,0,385,0,438,449,61,491,0,1001,306,0,306,1307
03/11/2001,OAK,CA,AWP,WE,Combined TRACON& Tower with Radar,361,17,123,0,501,2,0,397,0,399,363,17,520,0,900,458,0,458,1358
03/12/2001,OAK,CA,AWP,WE,Combined TRACON& Tower with Radar,372,80,100,0,552,69,10,256,0,335,441,90,356,0,887,102,0,102,989
03/13/2001,OAK,CA,AWP,WE,Combined TRACON& Tower with Radar,479,133,146,0,758,1,35,418,0,454,480,168,564,0,1212,74,0,74,1286
03/14/2001,OAK,CA,AWP,WE,Combined TRACON& Tower with Radar,478,115,143,0,736,0,66,443,0,509,478,181,586,0,1245,66,0,66,1311
03/15/2001,OAK,CA,AWP,WE,Combined TRACON& Tower with Radar,474,113,169,0,756,2,35,333,0,370,476,148,502,0,1126,120,0,120,1246
03/16/2001,OAK,CA,AWP,WE,Combined TRACON& Tower with Radar,460,102,129,0,691,0,70,529,0,599,460,172,658,0,1290,68,0,68,1358
03/17/2001,OAK,CA,AWP,WE,Combined TRACON& Tower with Radar,353,43,94,0,490,78,0,285,0,363,431,43,379,0,853,202,0,202,1055
03/18/2001,OAK,CA,AWP,WE,Combined TRACON& Tower with Radar,316,16,84,0,416,37,0,290,0,327,353,16,374,0,743,118,0,118,861
03/19/2001,OAK,CA,AWP,WE,Combined TRACON& Tower with Radar,359,78,96,0,533,37,16,310,0,363,396,94,406,0,896,64,0,64,960
03/20/2001,OAK,CA,AWP,WE,Combined TRACON& Tower with Radar,479,106,133,0,718,0,92,418,0,510,479,198,551,0,1228,86,0,86,1314
03/21/2001,OAK,CA,AWP,WE,Combined TRACON& Tower with Radar,492,123,155,0,770,0,50,272,0,322,492,173,427,0,1092,61,0,61,1153
03/22/2001,OAK,CA,AWP,WE,Combined TRACON& Tower with Radar,478,112,141,0,731,0,61,400,0,461,478,173,541,0,1192,40,0,40,1232
03/23/2001,OAK,CA,AWP,WE,Combined TRACON& Tower with Radar,468,122,154,0,744,0,111,426,0,537,468,233,580,0,1281,130,0,130,1411
03/24/2001,OAK,CA,AWP,WE,Combined TRACON& Tower with Radar,367,79,98,0,544,46,1,155,0,202,413,80,253,0,746,162,0,162,908
03/25/2001,OAK,CA,AWP,WE,Combined TRACON& Tower with Radar,307,15,82,0,404,62,0,306,0,368,369,15,388,0,772,318,0,318,1090
03/26/2001,OAK,CA,AWP,WE,Combined TRACON& Tower with Radar,452,63,100,0,615,2,28,329,0,359,454,91,429,0,974,90,0,90,1064
03/27/2001,OAK,CA,AWP,WE,Combined TRACON& Tower with Radar,446,95,119,0,660,44,55,305,1,405,490,150,424,1,1065,28,0,28,1093
03/28/2001,OAK,CA,AWP,WE,Combined TRACON& Tower with Radar,498,129,164,0,791,0,113,410,0,523,498,242,574,0,1314,64,0,64,1378
03/29/2001,OAK,CA,AWP,WE,Combined TRACON& Tower with Radar,541,119,151,0,811,0,28,439,0,467,541,147,590,0,1278,52,0,52,1330
03/30/2001,OAK,CA,AWP,WE,Combined TRACON& Tower with Radar,445,102,127,0,674,0,109,482,0,591,445,211,609,0,1265,8,0,8,1273
03/31/2001,OAK,CA,AWP,WE,Combined TRACON& Tower with Radar,361,57,96,0,514,47,0,324,0,371,408,57,420,0,885,190,0,190,1075
04/01/2001,OAK,CA,AWP,WE,Combined TRACON& Tower with Radar,352,21,90,1,464,48,0,183,1,232,400,21,273,2,696,96,0,96,792
04/02/2001,OAK,CA,AWP,WE,Combined TRACON& Tower with Radar,379,69,91,0,539,47,21,218,0,286,426,90,309,0,825,126,0,126,951
04/03/2001,OAK,CA,AWP,WE,Combined TRACON& Tower with Radar,460,91,124,0,675,0,77,467,0,544,460,168,591,0,1219,92,0,92,1311
04/04/2001,OAK,CA,AWP,WE,Combined TRACON& Tower with Radar,515,94,128,0,737,0,54,412,0,466,515,148,540,0,1203,87,0,87,1290
04/05/2001,OAK,CA,AWP,WE,Combined TRACON& Tower with Radar,484,88,119,0,691,3,74,440,0,517,487,162,559,0,1208,223,0,223,1431
04/06/2001,OAK,CA,AWP,WE,Combined TRACON& Tower with Radar,453,91,123,1,668,0,82,65,2,149,453,173,188,3,817,18,0,18,835
04/07/2001,OAK,CA,AWP,WE,Combined TRACON& Tower with Radar,374,42,90,1,507,53,0,137,0,190,427,42,227,1,697,168,0,168,865
04/08/2001,OAK,CA,AWP,WE,Combined TRACON& Tower with Radar,403,21,99,0,523,28,0,338,0,366,431,21,437,0,889,360,0,360,1249
04/09/2001,OAK,CA,AWP,WE,Combined TRACON& Tower with Radar,428,78,105,1,612,32,1,297,0,330,460,79,402,1,942,254,0,254,1196
04/10/2001,OAK,CA,AWP,WE,Combined TRACON& Tower with Radar,451,84,113,0,648,0,66,389,0,455,451,150,502,0,1103,66,0,66,1169
04/11/2001,OAK,CA,AWP,WE,Combined TRACON& Tower with Radar,500,106,145,0,751,0,82,263,1,346,500,188,408,1,1097,0,0,0,1097
04/12/2001,OAK,CA,AWP,WE,Combined TRACON& Tower with Radar,442,86,116,0,644,0,87,544,0,631,442,173,660,0,1275,92,0,92,1367
04/13/2001,OAK,CA,AWP,WE,Combined TRACON& Tower with Radar,429,85,114,0,628,0,49,365,0,414,429,134,479,0,1042,48,0,48,1090
04/14/2001,OAK,CA,AWP,WE,Combined TRACON& Tower with Radar,401,71,98,0,570,46,0,289,0,335,447,71,387,0,905,248,0,248,1153
04/15/2001,OAK,CA,AWP,WE,Combined TRACON& Tower with Radar,302,13,71,0,386,72,0,199,0,271,374,13,270,0,657,238,0,238,895
04/16/2001,OAK,CA,AWP,WE,Combined TRACON& Tower with Radar,389,70,95,0,554,44,10,265,0,319,433,80,360,0,873,44,0,44,917
04/17/2001,OAK,CA,AWP,WE,Combined TRACON& Tower with Radar,450,83,113,0,646,0,71,319,0,390,450,154,432,0,1036,90,0,90,1126
04/18/2001,OAK,CA,AWP,WE,Combined TRACON& Tower with Radar,526,102,139,0,767,0,110,378,0,488,526,212,517,0,1255,233,0,233,1488
04/19/2001,OAK,CA,AWP,WE,Combined TRACON& Tower with Radar,452,130,204,0,786,0,53,366,0,419,452,183,570,0,1205,128,0,128,1333
04/20/2001,OAK,CA,AWP,WE,Combined TRACON& Tower with Radar,422,92,126,0,640,0,110,86,0,196,422,202,212,0,836,0,0,0,836
04/21/2001,OAK,CA,AWP,WE,Combined TRACON& Tower with Radar,358,53,87,0,498,39,0,293,0,332,397,53,380,0,830,254,0,254,1084
04/22/2001,OAK,CA,AWP,WE,Combined TRACON& Tower with Radar,353,26,85,0,464,32,0,293,0,325,385,26,378,0,789,256,0,256,1045
04/23/2001,OAK,CA,AWP,WE,Combined TRACON& Tower with Radar,450,83,111,0,644,6,26,316,0,348,456,109,427,0,992,110,0,110,1102
04/24/2001,OAK,CA,AWP,WE,Combined TRACON& Tower with Radar,483,92,125,0,700,0,104,465,0,569,483,196,590,0,1269,178,0,178,1447
04/25/2001,OAK,CA,AWP,WE,Combined TRACON& Tower with Radar,474,91,121,1,687,0,75,407,17,499,474,166,528,18,1186,243,0,243,1429
04/26/2001,OAK,CA,AWP,WE,Combined TRACON& Tower with Radar,461,115,155,0,731,0,61,207,0,268,461,176,362,0,999,126,0,126,1125
04/27/2001,OAK,CA,AWP,WE,Combined TRACON& Tower with Radar,425,102,282,1,810,0,24,76,1,101,425,126,358,2,911,112,0,112,1023
04/28/2001,OAK,CA,AWP,WE,Combined TRACON& Tower with Radar,346,61,84,0,491,24,0,265,0,289,370,61,349,0,780,232,0,232,1012
04/29/2001,OAK,CA,AWP,WE,Combined TRACON& Tower with Radar,372,8,91,1,472,53,0,299,1,353,425,8,390,2,825,74,0,74,899
04/30/2001,OAK,CA,AWP,WE,Combined TRACON& Tower with Radar,383,71,94,1,549,41,24,254,1,320,424,95,348,2,869,158,0,158,1027
05/01/2001,OAK,CA,AWP,WE,Combined TRACON& Tower with Radar,460,91,122,0,673,30,48,252,9,339,490,139,374,9,1012,173,0,173,1185
05/02/2001,OAK,CA,AWP,WE,Combined TRACON& Tower with Radar,465,92,122,0,679,15,93,168,0,276,480,185,290,0,955,12,0,12,967
05/03/2001,OAK,CA,AWP,WE,Combined TRACON& Tower with Radar,497,100,134,0,731,0,95,279,0,374,497,195,413,0,1105,102,0,102,1207
05/04/2001,OAK,CA,AWP,WE,Combined TRACON& Tower with Radar,468,98,130,0,696,0,106,486,0,592,468,204,616,0,1288,384,0,384,1672
05/05/2001,OAK,CA,AWP,WE,Combined TRACON& Tower with Radar,425,45,64,0,534,2,18,326,0,346,427,63,390,0,880,294,2,296,1176
05/06/2001,OAK,CA,AWP,WE,Combined TRACON& Tower with Radar,348,15,92,0,455,60,0,348,3,411,408,15,440,3,866,178,0,178,1044
05/07/2001,OAK,CA,AWP,WE,Combined TRACON& Tower with Radar,436,61,91,0,588,0,53,314,0,367,436,114,405,0,955,154,0,154,1109
05/08/2001,OAK,CA,AWP,WE,Combined TRACON& Tower with Radar,464,105,140,0,709,0,118,577,0,695,464,223,717,0,1404,234,0,234,1638
05/09/2001,OAK,CA,AWP,WE,Combined TRACON& Tower with Radar,502,110,147,0,759,0,126,434,0,560,502,236,581,0,1319,230,0,230,1549
05/10/2001,OAK,CA,AWP,WE,Combined TRACON& Tower with Radar,507,106,141,0,754,0,101,460,0,561,507,207,601,0,1315,259,0,259,1574
05/11/2001,OAK,CA,AWP,WE,Combined TRACON& Tower with Radar,413,94,125,0,632,0,126,530,0,656,413,220,655,0,1288,264,0,264,1552
05/12/2001,OAK,CA,AWP,WE,Combined TRACON& Tower with Radar,358,63,96,0,517,19,0,225,0,244,377,63,321,0,761,294,0,294,1055
05/13/2001,OAK,CA,AWP,WE,Combined TRACON& Tower with Radar,310,6,84,0,400,58,0,265,0,323,368,6,349,0,723,212,0,212,935
05/14/2001,OAK,CA,AWP,WE,Combined TRACON& Tower with Radar,421,83,112,0,616,31,27,302,0,360,452,110,414,0,976,156,0,156,1132
05/15/2001,OAK,CA,AWP,WE,Combined TRACON& Tower with Radar,487,99,134,0,720,0,90,380,0,470,487,189,514,0,1190,222,0,222,1412
05/16/2001,OAK,CA,AWP,WE,Combined TRACON& Tower with Radar,520,103,139,0,762,0,42,288,0,330,520,145,427,0,1092,136,0,136,1228
05/17/2001,OAK,CA,AWP,WE,Combined TRACON& Tower with Radar,508,99,134,1,742,8,111,411,1,531,516,210,545,2,1273,354,0,354,1627
05/18/2001,OAK,CA,AWP,WE,Combined TRACON& Tower with Radar,432,84,114,0,630,19,68,383,0,470,451,152,497,0,1100,179,0,179,1279
05/19/2001,OAK,CA,AWP,WE,Combined TRACON& Tower with Radar,400,48,112,0,560,0,0,312,0,312,400,48,424,0,872,196,0,196,1068
05/20/2001,OAK,CA,AWP,WE,Combined TRACON& Tower with Radar,347,14,92,0,453,51,0,353,0,404,398,14,445,0,857,214,0,214,1071
05/21/2001,OAK,CA,AWP,WE,Combined TRACON& Tower with Radar,382,76,101,0,559,37,45,291,0,373,419,121,392,0,932,108,0,108,1040
05/22/2001,OAK,CA,AWP,WE,Combined TRACON& Tower with Radar,472,95,129,1,697,0,54,294,1,349,472,149,423,2,1046,100,0,100,1146
05/23/2001,OAK,CA,AWP,WE,Combined TRACON& Tower with Radar,478,101,135,0,714,0,75,389,0,464,478,176,524,0,1178,229,0,229,1407
05/24/2001,OAK,CA,AWP,WE,Combined TRACON& Tower with Radar,466,91,123,0,680,11,62,377,0,450,477,153,500,0,1130,30,0,30,1160
05/25/2001,OAK,CA,AWP,WE,Combined TRACON& Tower with Radar,478,97,131,0,706,0,58,374,0,432,478,155,505,0,1138,156,0,156,1294
05/26/2001,OAK,CA,AWP,WE,Combined TRACON& Tower with Radar,361,50,96,0,507,0,0,112,0,112,361,50,208,0,619,82,0,82,701
05/27/2001,OAK,CA,AWP,WE,Combined TRACON& Tower with Radar,299,13,80,0,392,39,0,117,0,156,338,13,197,0,548,134,0,134,682
05/28/2001,OAK,CA,AWP,WE,Combined TRACON& Tower with Radar,340,16,89,5,450,5,0,280,0,285,345,16,369,5,735,188,0,188,923
05/29/2001,OAK,CA,AWP,WE,Combined TRACON& Tower with Radar,427,63,98,0,588,4,51,382,0,437,431,114,480,0,1025,38,0,38,1063
05/30/2001,OAK,CA,AWP,WE,Combined TRACON& Tower with Radar,486,95,128,0,709,19,84,414,1,518,505,179,542,1,1227,102,0,102,1329
05/31/2001,OAK,CA,AWP,WE,Combined TRACON& Tower with Radar,490,98,132,0,720,0,74,522,0,596,490,172,654,0,1316,24,0,24,1340
06/01/2001,OAK,CA,AWP,WE,Combined TRACON& Tower with Radar,445,85,115,0,645,0,93,265,0,358,445,178,380,0,1003,84,0,84,1087
06/02/2001,OAK,CA,AWP,WE,Combined TRACON& Tower with Radar,377,30,59,1,467,0,16,266,1,283,377,46,325,2,750,78,0,78,828
06/03/2001,OAK,CA,AWP,WE,Combined TRACON& Tower with Radar,320,17,74,0,411,57,0,248,0,305,377,17,322,0,716,118,0,118,834
06/04/2001,OAK,CA,AWP,WE,Combined TRACON& Tower with Radar,421,72,97,0,590,41,27,280,0,348,462,99,377,0,938,72,0,72,1010
06/05/2001,OAK,CA,AWP,WE,Combined TRACON& Tower with Radar,431,79,107,0,617,0,84,475,0,559,431,163,582,0,1176,78,0,78,1254
06/06/2001,OAK,CA,AWP,WE,Combined TRACON& Tower with Radar,449,87,115,0,651,0,101,419,0,520,449,188,534,0,1171,78,0,78,1249
06/07/2001,OAK,CA,AWP,WE,Combined TRACON& Tower with Radar,499,93,124,1,717,0,113,477,1,591,499,206,601,2,1308,100,0,100,1408
06/08/2001,OAK,CA,AWP,WE,Combined TRACON& Tower with Radar,471,85,113,0,669,0,83,468,0,551,471,168,581,0,1220,138,0,138,1358
06/09/2001,OAK,CA,AWP,WE,Combined TRACON& Tower with Radar,539,61,124,0,724,57,0,275,0,332,596,61,399,0,1056,234,0,234,1290
06/10/2001,OAK,CA,AWP,WE,Combined TRACON& Tower with Radar,336,22,77,0,435,47,0,314,2,363,383,22,391,2,798,283,0,283,1081
06/11/2001,OAK,CA,AWP,WE,Combined TRACON& Tower with Radar,431,74,100,0,605,0,13,191,0,204,431,87,291,0,809,16,0,16,825
06/12/2001,OAK,CA,AWP,WE,Combined TRACON& Tower with Radar,494,94,127,0,715,0,83,369,0,452,494,177,496,0,1167,92,0,92,1259
06/13/2001,OAK,CA,AWP,WE,Combined TRACON& Tower with Radar,457,80,108,0,645,0,77,440,1,518,457,157,548,1,1163,76,0,76,1239
06/14/2001,OAK,CA,AWP,WE,Combined TRACON& Tower with Radar,491,86,116,0,693,0,86,399,0,485,491,172,515,0,1178,152,0,152,1330
06/15/2001,OAK,CA,AWP,WE,Combined TRACON& Tower with Radar,474,117,147,0,738,0,76,516,18,610,474,193,663,18,1348,292,0,292,1640
06/16/2001,OAK,CA,AWP,WE,Combined TRACON& Tower with Radar,423,25,72,1,521,0,11,295,0,306,423,36,367,1,827,58,0,58,885
06/17/2001,OAK,CA,AWP,WE,Combined TRACON& Tower with Radar,364,15,85,0,464,68,0,251,1,320,432,15,336,1,784,126,0,126,910
06/18/2001,OAK,CA,AWP,WE,Combined TRACON& Tower with Radar,399,69,92,0,560,15,59,377,0,451,414,128,469,0,1011,196,0,196,1207
06/19/2001,OAK,CA,AWP,WE,Combined TRACON& Tower with Radar,439,76,100,0,615,32,51,315,0,398,471,127,415,0,1013,234,0,234,1247
06/20/2001,OAK,CA,AWP,WE,Combined TRACON& Tower with Radar,454,95,127,0,676,0,101,549,2,652,454,196,676,2,1328,90,0,90,1418
06/21/2001,OAK,CA,AWP,WE,Combined TRACON& Tower with Radar,489,93,123,0,705,0,132,568,0,700,489,225,691,0,1405,72,0,72,1477
06/22/2001,OAK,CA,AWP,WE,Combined TRACON& Tower with Radar,489,93,124,0,706,0,91,550,0,641,489,184,674,0,1347,62,0,62,1409
06/23/2001,OAK,CA,AWP,WE,Combined TRACON& Tower with Radar,407,58,94,0,559,26,0,334,0,360,433,58,428,0,919,374,0,374,1293
06/24/2001,OAK,CA,AWP,WE,Combined TRACON& Tower with Radar,335,17,77,0,429,59,0,295,0,354,394,17,372,0,783,266,0,266,1049
06/25/2001,OAK,CA,AWP,WE,Combined TRACON& Tower with Radar,385,67,89,0,541,22,24,216,0,262,407,91,305,0,803,34,0,34,837
06/26/2001,OAK,CA,AWP,WE,Combined TRACON& Tower with Radar,460,80,106,0,646,1,51,293,0,345,461,131,399,0,991,56,0,56,1047
06/27/2001,OAK,CA,AWP,WE,Combined TRACON& Tower with Radar,440,129,159,0,728,0,49,253,0,302,440,178,412,0,1030,38,0,38,1068
06/28/2001,OAK,CA,AWP,WE,Combined TRACON& Tower with Radar,426,57,50,0,533,80,0,0,0,80,506,57,50,0,613,0,0,0,613
06/29/2001,OAK,CA,AWP,WE,Combined TRACON& Tower with Radar,501,144,161,0,806,0,42,377,0,419,501,186,538,0,1225,24,0,24,1249
06/30/2001,OAK,CA,AWP,WE,Combined TRACON& Tower with Radar,437,44,35,0,516,0,14,279,0,293,437,58,314,0,809,4,0,4,813
07/01/2001,OAK,CA,AWP,WE,Combined TRACON& Tower with Radar,380,10,45,0,435,4,4,264,0,272,384,14,309,0,707,42,0,42,749
07/02/2001,OAK,CA,AWP,WE,Combined TRACON& Tower with Radar,343,69,109,1,522,79,15,241,5,340,422,84,350,6,862,86,0,86,948
07/03/2001,OAK,CA,AWP,WE,Combined TRACON& Tower with Radar,409,81,129,0,619,75,51,261,0,387,484,132,390,0,1006,14,0,14,1020
07/04/2001,OAK,CA,AWP,WE,Combined TRACON& Tower with Radar,264,22,84,0,370,89,0,168,0,257,353,22,252,0,627,136,0,136,763
07/05/2001,OAK,CA,AWP,WE,Combined TRACON& Tower with Radar,464,105,166,0,735,0,65,347,0,412,464,170,513,0,1147,28,0,28,1175
07/06/2001,OAK,CA,AWP,WE,Combined TRACON& Tower with Radar,478,96,153,0,727,0,103,397,0,500,478,199,550,0,1227,4,0,4,1231
07/07/2001,OAK,CA,AWP,WE,Combined TRACON& Tower with Radar,322,48,102,0,472,86,0,278,0,364,408,48,380,0,836,58,0,58,894
07/08/2001,OAK,CA,AWP,WE,Combined TRACON& Tower with Radar,332,20,105,0,457,51,0,265,0,316,383,20,370,0,773,28,0,28,801
07/09/2001,OAK,CA,AWP,WE,Combined TRACON& Tower with Radar,369,74,117,1,561,52,9,189,1,251,421,83,306,2,812,4,0,4,816
07/10/2001,OAK,CA,AWP,WE,Combined TRACON& Tower with Radar,453,90,143,0,686,34,43,198,0,275,487,133,341,0,961,36,0,36,997
07/11/2001,OAK,CA,AWP,WE,Combined TRACON& Tower with Radar,471,98,155,0,724,0,68,253,0,321,471,166,408,0,1045,14,4,18,1063
07/12/2001,OAK,CA,AWP,WE,Combined TRACON& Tower with Radar,506,114,181,0,801,0,80,325,0,405,506,194,506,0,1206,10,0,10,1216
07/13/2001,OAK,CA,AWP,WE,Combined TRACON& Tower with Radar,453,96,153,0,702,0,76,254,0,330,453,172,407,0,1032,16,0,16,1048
07/14/2001,OAK,CA,AWP,WE,Combined TRACON& Tower with Radar,420,60,137,0,617,0,0,63,2,65,420,60,200,2,682,26,0,26,708
07/15/2001,OAK,CA,AWP,WE,Combined TRACON& Tower with Radar,346,16,110,0,472,47,0,215,1,263,393,16,325,1,735,60,0,60,795
07/16/2001,OAK,CA,AWP,WE,Combined TRACON& Tower with Radar,438,96,152,0,686,0,5,172,2,179,438,101,324,2,865,40,0,40,905
07/17/2001,OAK,CA,AWP,WE,Combined TRACON& Tower with Radar,466,92,146,0,704,11,63,303,2,379,477,155,449,2,1083,72,0,72,1155
07/18/2001,OAK,CA,AWP,WE,Combined TRACON& Tower with Radar,503,120,160,0,783,0,45,358,0,403,503,165,518,0,1186,6,0,6,1192
07/19/2001,OAK,CA,AWP,WE,Combined TRACON& Tower with Radar,489,120,189,0,798,0,49,140,0,189,489,169,329,0,987,18,0,18,1005
07/20/2001,OAK,CA,AWP,WE,Combined TRACON& Tower with Radar,488,120,190,0,798,0,76,250,0,326,488,196,440,0,1124,2,0,2,1126
07/21/2001,OAK,CA,AWP,WE,Combined TRACON& Tower with Radar,409,73,130,0,612,0,0,220,0,220,409,73,350,0,832,26,0,26,858
07/22/2001,OAK,CA,AWP,WE,Combined TRACON& Tower with Radar,312,16,99,0,427,92,0,168,1,261,404,16,267,1,688,12,0,12,700
07/23/2001,OAK,CA,AWP,WE,Combined TRACON& Tower with Radar,410,82,129,0,621,10,9,179,1,199,420,91,308,1,820,10,0,10,830
07/24/2001,OAK,CA,AWP,WE,Combined TRACON& Tower with Radar,472,94,149,0,715,0,48,279,4,331,472,142,428,4,1046,18,0,18,1064
07/25/2001,OAK,CA,AWP,WE,Combined TRACON& Tower with Radar,461,109,173,0,743,0,88,473,0,561,461,197,646,0,1304,20,0,20,1324
07/26/2001,OAK,CA,AWP,WE,Combined TRACON& Tower with Radar,485,112,178,0,775,0,62,278,0,340,485,174,456,0,1115,38,0,38,1153
07/27/2001,OAK,CA,AWP,WE,Combined TRACON& Tower with Radar,434,147,192,0,773,2,17,309,0,328,436,164,501,0,1101,56,0,56,1157
07/28/2001,OAK,CA,AWP,WE,Combined TRACON& Tower with Radar,413,51,86,0,550,0,8,226,0,234,413,59,312,0,784,28,0,28,812
07/29/2001,OAK,CA,AWP,WE,Combined TRACON& Tower with Radar,331,11,105,0,447,60,0,217,0,277,391,11,322,0,724,120,0,120,844
07/30/2001,OAK,CA,AWP,WE,Combined TRACON& Tower with Radar,435,89,140,1,665,0,5,110,1,116,435,94,250,2,781,16,0,16,797
07/31/2001,OAK,CA,AWP,WE,Combined TRACON& Tower with Radar,495,99,155,0,749,0,30,206,0,236,495,129,361,0,985,74,0,74,1059
08/01/2001,OAK,CA,AWP,WE,Combined TRACON& Tower with Radar,475,106,161,5,747,0,66,363,8,437,475,172,524,13,1184,74,0,74,1258
08/02/2001,OAK,CA,AWP,WE,Combined TRACON& Tower with Radar,462,116,176,1,755,0,75,337,0,412,462,191,513,1,1167,44,0,44,1211
08/03/2001,OAK,CA,AWP,WE,Combined TRACON& Tower with Radar,451,120,181,0,752,0,69,218,0,287,451,189,399,0,1039,84,0,84,1123
08/04/2001,OAK,CA,AWP,WE,Combined TRACON& Tower with Radar,411,51,125,0,587,47,0,206,0,253,458,51,331,0,840,120,0,120,960
08/05/2001,OAK,CA,AWP,WE,Combined TRACON& Tower with Radar,331,22,100,0,453,41,0,283,0,324,372,22,383,0,777,206,0,206,983
08/06/2001,OAK,CA,AWP,WE,Combined TRACON& Tower with Radar,421,84,128,0,633,23,49,234,0,306,444,133,362,0,939,122,0,122,1061
08/07/2001,OAK,CA,AWP,WE,Combined TRACON& Tower with Radar,498,108,163,0,769,0,134,426,0,560,498,242,589,0,1329,256,0,256,1585
08/08/2001,OAK,CA,AWP,WE,Combined TRACON& Tower with Radar,462,96,146,2,706,0,66,434,0,500,462,162,580,2,1206,312,0,312,1518
08/09/2001,OAK,CA,AWP,WE,Combined TRACON& Tower with Radar,468,94,143,0,705,10,23,221,0,254,478,117,364,0,959,72,0,72,1031
08/10/2001,OAK,CA,AWP,WE,Combined TRACON& Tower with Radar,428,111,169,6,714,0,96,369,129,594,428,207,538,135,1308,84,0,84,1392
08/11/2001,OAK,CA,AWP,WE,Combined TRACON& Tower with Radar,432,77,132,0,641,124,0,169,0,293,556,77,301,0,934,6,0,6,940
08/12/2001,OAK,CA,AWP,WE,Combined TRACON& Tower with Radar,367,16,112,0,495,101,0,174,0,275,468,16,286,0,770,0,0,0,770
08/13/2001,OAK,CA,AWP,WE,Combined TRACON& Tower with Radar,424,85,128,0,637,65,11,257,0,333,489,96,385,0,970,10,0,10,980
08/14/2001,OAK,CA,AWP,WE,Combined TRACON& Tower with Radar,577,117,176,0,870,41,20,297,0,358,618,137,473,0,1228,0,0,0,1228
08/15/2001,OAK,CA,AWP,WE,Combined TRACON& Tower with Radar,578,119,179,0,876,0,77,333,0,410,578,196,512,0,1286,0,0,0,1286
08/16/2001,OAK,CA,AWP,WE,Combined TRACON& Tower with Radar,561,113,172,0,846,33,26,231,0,290,594,139,403,0,1136,150,0,150,1286
08/17/2001,OAK,CA,AWP,WE,Combined TRACON& Tower with Radar,308,25,95,0,428,56,0,302,0,358,364,25,397,0,786,162,0,162,948
08/18/2001,OAK,CA,AWP,WE,Combined TRACON& Tower with Radar,459,95,144,3,701,0,145,419,0,564,459,240,563,3,1265,276,26,302,1567
08/19/2001,OAK,CA,AWP,WE,Combined TRACON& Tower with Radar,365,62,112,0,539,78,0,217,0,295,443,62,329,0,834,220,0,220,1054
08/20/2001,OAK,CA,AWP,WE,Combined TRACON& Tower with Radar,426,78,144,0,648,0,0,162,0,162,426,78,306,0,810,118,0,118,928
08/21/2001,OAK,CA,AWP,WE,Combined TRACON& Tower with Radar,461,111,170,0,742,0,106,365,0,471,461,217,535,0,1213,180,0,180,1393
08/22/2001,OAK,CA,AWP,WE,Combined TRACON& Tower with Radar,436,100,153,0,689,0,52,276,0,328,436,152,429,0,1017,40,0,40,1057
08/23/2001,OAK,CA,AWP,WE,Combined TRACON& Tower with Radar,484,111,170,0,765,0,73,389,0,462,484,184,559,0,1227,4,0,4,1231
08/24/2001,OAK,CA,AWP,WE,Combined TRACON& Tower with Radar,491,100,151,0,742,0,39,263,0,302,491,139,414,0,1044,162,0,162,1206
08/25/2001,OAK,CA,AWP,WE,Combined TRACON& Tower with Radar,340,39,105,0,484,69,0,211,0,280,409,39,316,0,764,234,0,234,998
08/26/2001,OAK,CA,AWP,WE,Combined TRACON& Tower with Radar,357,26,110,0,493,47,0,278,0,325,404,26,388,0,818,256,0,256,1074
08/27/2001,OAK,CA,AWP,WE,Combined TRACON& Tower with Radar,377,76,116,0,569,60,24,264,0,348,437,100,380,0,917,296,0,296,1213
08/28/2001,OAK,CA,AWP,WE,Combined TRACON& Tower with Radar,420,84,128,0,632,41,51,224,0,316,461,135,352,0,948,198,0,198,1146
08/29/2001,OAK,CA,AWP,WE,Combined TRACON& Tower with Radar,483,109,166,2,760,0,75,263,0,338,483,184,429,2,1098,228,0,228,1326
08/30/2001,OAK,CA,AWP,WE,Combined TRACON& Tower with Radar,503,102,154,0,759,4,57,173,0,234,507,159,327,0,993,166,0,166,1159
08/31/2001,OAK,CA,AWP,WE,Combined TRACON& Tower with Radar,508,139,160,0,807,0,45,367,0,412,508,184,527,0,1219,232,0,232,1451
09/01/2001,OAK,CA,AWP,WE,Combined TRACON& Tower with Radar,341,45,104,1,491,53,0,233,0,286,394,45,337,1,777,153,0,153,930
09/02/2001,OAK,CA,AWP,WE,Combined TRACON& Tower with Radar,251,32,77,0,360,66,0,232,0,298,317,32,309,0,658,156,0,156,814
09/03/2001,OAK,CA,AWP,WE,Combined TRACON& Tower with Radar,301,18,92,0,411,91,0,247,0,338,392,18,339,0,749,272,0,272,1021
09/04/2001,OAK,CA,AWP,WE,Combined TRACON& Tower with Radar,419,113,149,1,682,0,31,266,1,298,419,144,415,2,980,142,0,142,1122
09/05/2001,OAK,CA,AWP,WE,Combined TRACON& Tower with Radar,469,113,150,0,732,0,68,420,0,488,469,181,570,0,1220,300,0,300,1520
09/06/2001,OAK,CA,AWP,WE,Combined TRACON& Tower with Radar,523,127,125,4,779,3,42,339,2,386,526,169,464,6,1165,196,0,196,1361
09/07/2001,OAK,CA,AWP,WE,Combined TRACON& Tower with Radar,425,94,130,0,649,39,0,247,0,286,464,94,377,0,935,342,0,342,1277
09/08/2001,OAK,CA,AWP,WE,Combined TRACON& Tower with Radar,434,101,133,0,668,45,36,374,0,455,479,137,507,0,1123,210,0,210,1333
09/09/2001,OAK,CA,AWP,WE,Combined TRACON& Tower with Radar,392,15,105,0,512,3,0,246,0,249,395,15,351,0,761,270,0,270,1031
09/10/2001,OAK,CA,AWP,WE,Combined TRACON& Tower with Radar,372,77,114,0,563,58,0,282,0,340,430,77,396,0,903,284,0,284,1187
09/11/2001,OAK,CA,AWP,WE,Combined TRACON& Tower with Radar,60,16,19,0,95,0,23,0,0,23,60,39,19,0,118,0,0,0,118
09/12/2001,OAK,CA,AWP,WE,Combined TRACON& Tower with Radar,0,5,4,0,9,0,11,3,0,14,0,16,7,0,23,0,0,0,23
09/13/2001,OAK,CA,AWP,WE,Combined TRACON& Tower with Radar,5,11,0,0,16,0,38,0,0,38,5,49,0,0,54,0,0,0,54
09/14/2001,OAK,CA,AWP,WE,Combined TRACON& Tower with Radar,280,77,51,0,408,0,97,0,0,97,280,174,51,0,505,0,0,0,505
09/15/2001,OAK,CA,AWP,WE,Combined TRACON& Tower with Radar,339,79,75,1,494,7,22,0,0,29,346,101,75,1,523,0,0,0,523
09/16/2001,OAK,CA,AWP,WE,Combined TRACON& Tower with Radar,291,36,88,0,415,34,0,0,2,36,325,36,88,2,451,0,0,0,451
09/17/2001,OAK,CA,AWP,WE,Combined TRACON& Tower with Radar,376,83,117,0,576,3,5,1,1,10,379,88,118,1,586,0,0,0,586
09/18/2001,OAK,CA,AWP,WE,Combined TRACON& Tower with Radar,438,101,118,0,657,0,49,0,0,49,438,150,118,0,706,0,0,0,706
09/19/2001,OAK,CA,AWP,WE,Combined TRACON& Tower with Radar,468,125,169,1,763,0,120,4,9,133,468,245,173,10,896,0,0,0,896
09/20/2001,OAK,CA,AWP,WE,Combined TRACON& Tower with Radar,432,114,153,0,699,0,70,16,0,86,432,184,169,0,785,14,0,14,799
09/21/2001,OAK,CA,AWP,WE,Combined TRACON& Tower with Radar,422,105,141,0,668,0,43,4,0,47,422,148,145,0,715,0,0,0,715
09/22/2001,OAK,CA,AWP,WE,Combined TRACON& Tower with Radar,390,56,120,0,566,48,0,86,1,135,438,56,206,1,701,152,0,152,853
09/23/2001,OAK,CA,AWP,WE,Combined TRACON& Tower with Radar,336,18,104,0,458,40,0,127,0,167,376,18,231,0,625,190,0,190,815
09/24/2001,OAK,CA,AWP,WE,Combined TRACON& Tower with Radar,410,95,129,0,634,0,13,122,1,136,410,108,251,1,770,78,0,78,848
09/25/2001,OAK,CA,AWP,WE,Combined TRACON& Tower with Radar,483,113,152,0,748,0,39,266,0,305,483,152,418,0,1053,158,0,158,1211
09/26/2001,OAK,CA,AWP,WE,Combined TRACON& Tower with Radar,487,123,167,0,777,0,75,301,0,376,487,198,468,0,1153,238,0,238,1391
09/27/2001,OAK,CA,AWP,WE,Combined TRACON& Tower with Radar,449,112,151,0,712,0,70,252,0,322,449,182,403,0,1034,160,0,160,1194
09/28/2001,OAK,CA,AWP,WE,Combined TRACON& Tower with Radar,414,105,141,0,660,0,88,258,1,347,414,193,399,1,1007,208,0,208,1215
09/29/2001,OAK,CA,AWP,WE,Combined TRACON& Tower with Radar,368,75,114,0,557,43,0,254,0,297,411,75,368,0,854,240,0,240,1094
09/30/2001,OAK,CA,AWP,WE,Combined TRACON& Tower with Radar,382,16,118,1,517,0,0,303,0,303,382,16,421,1,820,216,0,216,1036
10/01/2001,OAK,CA,AWP,WE,Combined TRACON& Tower with Radar,458,107,157,0,722,0,21,226,0,247,458,128,383,0,969,244,0,244,1213
10/02/2001,OAK,CA,AWP,WE,Combined TRACON& Tower with Radar,439,112,167,1,719,0,64,224,0,288,439,176,391,1,1007,218,0,218,1225
10/03/2001,OAK,CA,AWP,WE,Combined TRACON& Tower with Radar,466,111,163,1,741,0,45,98,0,143,466,156,261,1,884,116,0,116,1000
10/04/2001,OAK,CA,AWP,WE,Combined TRACON& Tower with Radar,466,116,171,1,754,0,42,98,0,140,466,158,269,1,894,374,0,374,1268
10/05/2001,OAK,CA,AWP,WE,Combined TRACON& Tower with Radar,427,109,161,0,697,0,56,156,0,212,427,165,317,0,909,264,0,264,1173
10/06/2001,OAK,CA,AWP,WE,Combined TRACON& Tower with Radar,388,58,132,1,579,73,0,73,1,147,461,58,205,2,726,238,0,238,964
10/07/2001,OAK,CA,AWP,WE,Combined TRACON& Tower with Radar,382,28,220,0,630,1,0,125,0,126,383,28,345,0,756,319,0,319,1075
10/08/2001,OAK,CA,AWP,WE,Combined TRACON& Tower with Radar,386,60,131,0,577,19,0,235,0,254,405,60,366,0,831,162,0,162,993
10/09/2001,OAK,CA,AWP,WE,Combined TRACON& Tower with Radar,440,102,149,1,692,8,47,238,1,294,448,149,387,2,986,240,0,240,1226
10/10/2001,OAK,CA,AWP,WE,Combined TRACON& Tower with Radar,416,101,149,0,666,0,83,279,0,362,416,184,428,0,1028,170,0,170,1198
10/11/2001,OAK,CA,AWP,WE,Combined TRACON& Tower with Radar,493,116,172,0,781,0,36,236,0,272,493,152,408,0,1053,112,0,112,1165
10/12/2001,OAK,CA,AWP,WE,Combined TRACON& Tower with Radar,424,103,153,0,680,0,69,313,3,385,424,172,466,3,1065,250,0,250,1315
10/13/2001,OAK,CA,AWP,WE,Combined TRACON& Tower with Radar,366,51,124,0,541,54,0,189,0,243,420,51,313,0,784,63,0,63,847
10/14/2001,OAK,CA,AWP,WE,Combined TRACON& Tower with Radar,325,27,109,0,461,47,0,148,0,195,372,27,257,0,656,198,0,198,854
10/15/2001,OAK,CA,AWP,WE,Combined TRACON& Tower with Radar,355,83,119,0,557,30,13,190,0,233,385,96,309,0,790,202,0,202,992
10/16/2001,OAK,CA,AWP,WE,Combined TRACON& Tower with Radar,486,121,177,0,784,0,49,279,2,330,486,170,456,2,1114,224,0,224,1338
10/17/2001,OAK,CA,AWP,WE,Combined TRACON& Tower with Radar,464,111,163,0,738,0,59,321,0,380,464,170,484,0,1118,332,0,332,1450
10/18/2001,OAK,CA,AWP,WE,Combined TRACON& Tower with Radar,479,115,171,0,765,0,86,279,3,368,479,201,450,3,1133,287,0,287,1420
10/19/2001,OAK,CA,AWP,WE,Combined TRACON& Tower with Radar,433,127,166,0,726,1,56,321,0,378,434,183,487,0,1104,324,0,324,1428
10/20/2001,OAK,CA,AWP,WE,Combined TRACON& Tower with Radar,386,75,95,0,556,0,8,233,0,241,386,83,328,0,797,126,0,126,923
10/21/2001,OAK,CA,AWP,WE,Combined TRACON& Tower with Radar,325,21,110,0,456,16,0,80,2,98,341,21,190,2,554,56,0,56,610
10/22/2001,OAK,CA,AWP,WE,Combined TRACON& Tower with Radar,372,86,125,0,583,23,24,215,1,263,395,110,340,1,846,216,0,216,1062
10/23/2001,OAK,CA,AWP,WE,Combined TRACON& Tower with Radar,421,97,142,0,660,25,47,256,0,328,446,144,398,0,988,148,0,148,1136
10/24/2001,OAK,CA,AWP,WE,Combined TRACON& Tower with Radar,445,102,151,0,698,1,46,279,2,328,446,148,430,2,1026,262,0,262,1288
10/25/2001,OAK,CA,AWP,WE,Combined TRACON& Tower with Radar,444,103,150,0,697,23,37,289,0,349,467,140,439,0,1046,197,0,197,1243
10/26/2001,OAK,CA,AWP,WE,Combined TRACON& Tower with Radar,414,100,147,0,661,0,62,252,0,314,414,162,399,0,975,130,0,130,1105
10/27/2001,OAK,CA,AWP,WE,Combined TRACON& Tower with Radar,360,43,104,0,507,2,1,141,0,144,362,44,245,0,651,170,0,170,821
10/28/2001,OAK,CA,AWP,WE,Combined TRACON& Tower with Radar,326,29,110,0,465,40,0,184,0,224,366,29,294,0,689,282,0,282,971
10/29/2001,OAK,CA,AWP,WE,Combined TRACON& Tower with Radar,393,74,108,0,575,3,19,185,0,207,396,93,293,0,782,114,0,114,896
10/30/2001,OAK,CA,AWP,WE,Combined TRACON& Tower with Radar,461,111,165,0,737,0,70,108,0,178,461,181,273,0,915,186,0,186,1101
10/31/2001,OAK,CA,AWP,WE,Combined TRACON& Tower with Radar,491,115,171,0,777,0,82,266,0,348,491,197,437,0,1125,246,0,246,1371
11/01/2001,OAK,CA,AWP,WE,Combined TRACON& Tower with Radar,470,127,155,0,752,0,73,223,0,296,470,200,378,0,1048,124,0,124,1172
11/02/2001,OAK,CA,AWP,WE,Combined TRACON& Tower with Radar,483,120,146,0,749,0,72,308,0,380,483,192,454,0,1129,200,0,200,1329
11/03/2001,OAK,CA,AWP,WE,Combined TRACON& Tower with Radar,370,48,109,0,527,71,0,271,0,342,441,48,380,0,869,182,0,182,1051
11/04/2001,OAK,CA,AWP,WE,Combined TRACON& Tower with Radar,287,24,85,0,396,61,0,266,1,328,348,24,351,1,724,252,0,252,976
11/05/2001,OAK,CA,AWP,WE,Combined TRACON& Tower with Radar,374,90,112,0,576,34,20,215,1,270,408,110,327,1,846,186,0,186,1032
11/06/2001,OAK,CA,AWP,WE,Combined TRACON& Tower with Radar,452,121,149,1,723,0,22,326,1,349,452,143,475,2,1072,286,0,286,1358
11/07/2001,OAK,CA,AWP,WE,Combined TRACON& Tower with Radar,455,115,142,0,712,0,86,274,0,360,455,201,416,0,1072,283,0,283,1355
11/08/2001,OAK,CA,AWP,WE,Combined TRACON& Tower with Radar,445,106,108,0,659,0,51,302,0,353,445,157,410,0,1012,142,0,142,1154
11/09/2001,OAK,CA,AWP,WE,Combined TRACON& Tower with Radar,485,118,144,0,747,0,88,336,0,424,485,206,480,0,1171,132,0,132,1303
11/10/2001,OAK,CA,AWP,WE,Combined TRACON& Tower with Radar,394,42,117,0,553,34,0,217,0,251,428,42,334,0,804,220,0,220,1024
11/11/2001,OAK,CA,AWP,WE,Combined TRACON& Tower with Radar,344,49,102,0,495,34,0,102,0,136,378,49,204,0,631,164,0,164,795
11/12/2001,OAK,CA,AWP,WE,Combined TRACON& Tower with Radar,340,66,101,0,507,30,0,22,0,52,370,66,123,0,559,32,0,32,591
11/13/2001,OAK,CA,AWP,WE,Combined TRACON& Tower with Radar,479,118,144,0,741,0,23,186,0,209,479,141,330,0,950,150,0,150,1100
11/14/2001,OAK,CA,AWP,WE,Combined TRACON& Tower with Radar,439,125,154,0,718,0,112,346,0,458,439,237,500,0,1176,382,0,382,1558
11/15/2001,OAK,CA,AWP,WE,Combined TRACON& Tower with Radar,490,132,162,1,785,0,39,177,0,216,490,171,339,1,1001,226,0,226,1227
11/16/2001,OAK,CA,AWP,WE,Combined TRACON& Tower with Radar,441,137,177,1,756,0,17,119,0,136,441,154,296,1,892,298,0,298,1190
11/17/2001,OAK,CA,AWP,WE,Combined TRACON& Tower with Radar,368,46,109,0,523,20,0,256,0,276,388,46,365,0,799,318,0,318,1117
11/18/2001,OAK,CA,AWP,WE,Combined TRACON& Tower with Radar,357,68,106,0,531,12,0,275,2,289,369,68,381,2,820,274,0,274,1094
11/19/2001,OAK,CA,AWP,WE,Combined TRACON& Tower with Radar,375,90,111,0,576,21,21,181,0,223,396,111,292,0,799,203,0,203,1002
11/20/2001,OAK,CA,AWP,WE,Combined TRACON& Tower with Radar,488,117,144,0,749,5,55,224,3,287,493,172,368,3,1036,110,0,110,1146
11/21/2001,OAK,CA,AWP,WE,Combined TRACON& Tower with Radar,463,126,155,0,744,0,76,190,0,266,463,202,345,0,1010,48,0,48,1058
11/22/2001,OAK,CA,AWP,WE,Combined TRACON& Tower with Radar,292,38,39,0,369,1,0,99,0,100,293,38,138,0,469,108,0,108,577
11/23/2001,OAK,CA,AWP,WE,Combined TRACON& Tower with Radar,292,70,87,0,449,37,39,172,1,249,329,109,259,1,698,130,0,130,828
11/24/2001,OAK,CA,AWP,WE,Combined TRACON& Tower with Radar,285,65,72,0,422,30,0,0,0,30,315,65,72,0,452,10,0,10,462
11/25/2001,OAK,CA,AWP,WE,Combined TRACON& Tower with Radar,390,45,116,0,551,0,0,226,0,226,390,45,342,0,777,186,0,186,963
11/26/2001,OAK,CA,AWP,WE,Combined TRACON& Tower with Radar,368,89,109,0,566,46,21,169,2,238,414,110,278,2,804,180,0,180,984
11/27/2001,OAK,CA,AWP,WE,Combined TRACON& Tower with Radar,472,118,144,0,734,0,83,301,0,384,472,201,445,0,1118,216,0,216,1334
11/28/2001,OAK,CA,AWP,WE,Combined TRACON& Tower with Radar,453,113,138,0,704,0,75,153,0,228,453,188,291,0,932,94,0,94,1026
11/29/2001,OAK,CA,AWP,WE,Combined TRACON& Tower with Radar,463,111,137,0,711,8,54,135,0,197,471,165,272,0,908,296,0,296,1204
11/30/2001,OAK,CA,AWP,WE,Combined TRACON& Tower with Radar,420,112,136,0,668,0,81,369,1,451,420,193,505,1,1119,304,0,304,1423
12/01/2001,OAK,CA,AWP,WE,Combined TRACON& Tower with Radar,301,47,75,0,423,40,0,4,1,45,341,47,79,1,468,2,0,2,470
12/02/2001,OAK,CA,AWP,WE,Combined TRACON& Tower with Radar,320,40,78,0,438,48,0,0,0,48,368,40,78,0,486,10,0,10,496
12/03/2001,OAK,CA,AWP,WE,Combined TRACON& Tower with Radar,381,88,98,0,567,0,14,203,2,219,381,102,301,2,786,314,0,314,1100
12/04/2001,OAK,CA,AWP,WE,Combined TRACON& Tower with Radar,445,129,133,0,707,3,29,265,0,297,448,158,398,0,1004,288,0,288,1292
12/05/2001,OAK,CA,AWP,WE,Combined TRACON& Tower with Radar,486,125,141,0,752,0,20,92,0,112,486,145,233,0,864,44,0,44,908
12/06/2001,OAK,CA,AWP,WE,Combined TRACON& Tower with Radar,498,126,142,0,766,0,25,115,1,141,498,151,257,1,907,196,0,196,1103
12/07/2001,OAK,CA,AWP,WE,Combined TRACON& Tower with Radar,511,121,137,0,769,0,47,342,0,389,511,168,479,0,1158,162,0,162,1320
12/08/2001,OAK,CA,AWP,WE,Combined TRACON& Tower with Radar,368,40,66,0,474,2,11,263,0,276,370,51,329,0,750,342,0,342,1092
12/09/2001,OAK,CA,AWP,WE,Combined TRACON& Tower with Radar,302,15,74,0,391,37,0,182,0,219,339,15,256,0,610,176,0,176,786
12/10/2001,OAK,CA,AWP,WE,Combined TRACON& Tower with Radar,346,78,86,0,510,29,28,192,0,249,375,106,278,0,759,98,0,98,857
12/11/2001,OAK,CA,AWP,WE,Combined TRACON& Tower with Radar,439,102,115,0,656,0,68,272,0,340,439,170,387,0,996,108,0,108,1104
12/12/2001,OAK,CA,AWP,WE,Combined TRACON& Tower with Radar,465,109,123,0,697,0,46,374,0,420,465,155,497,0,1117,266,0,266,1383
12/13/2001,OAK,CA,AWP,WE,Combined TRACON& Tower with Radar,483,121,137,0,741,0,74,152,0,226,483,195,289,0,967,276,0,276,1243
12/14/2001,OAK,CA,AWP,WE,Combined TRACON& Tower with Radar,472,113,126,0,711,0,79,277,0,356,472,192,403,0,1067,152,0,152,1219
12/15/2001,OAK,CA,AWP,WE,Combined TRACON& Tower with Radar,348,42,87,0,477,64,0,240,0,304,412,42,327,0,781,136,0,136,917
12/16/2001,OAK,CA,AWP,WE,Combined TRACON& Tower with Radar,341,27,85,0,453,23,0,211,0,234,364,27,296,0,687,220,0,220,907
12/17/2001,OAK,CA,AWP,WE,Combined TRACON& Tower with Radar,441,97,110,0,648,9,17,64,0,90,450,114,174,0,738,110,0,110,848
12/18/2001,OAK,CA,AWP,WE,Combined TRACON& Tower with Radar,468,110,125,1,704,0,75,321,1,397,468,185,446,2,1101,164,0,164,1265
12/19/2001,OAK,CA,AWP,WE,Combined TRACON& Tower with Radar,488,107,122,0,717,2,65,215,0,282,490,172,337,0,999,178,0,178,1177
12/20/2001,OAK,CA,AWP,WE,Combined TRACON& Tower with Radar,481,110,124,0,715,0,59,4,0,63,481,169,128,0,778,6,0,6,784
12/21/2001,OAK,CA,AWP,WE,Combined TRACON& Tower with Radar,492,115,131,0,738,0,78,313,0,391,492,193,444,0,1129,416,0,416,1545
12/22/2001,OAK,CA,AWP,WE,Combined TRACON& Tower with Radar,381,59,95,0,535,30,0,25,0,55,411,59,120,0,590,5,4,9,599
12/23/2001,OAK,CA,AWP,WE,Combined TRACON& Tower with Radar,348,19,87,0,454,2,1,128,0,131,350,20,215,0,585,152,0,152,737
12/24/2001,OAK,CA,AWP,WE,Combined TRACON& Tower with Radar,316,70,78,0,464,16,23,107,0,146,332,93,185,0,610,170,0,170,780
12/25/2001,OAK,CA,AWP,WE,Combined TRACON& Tower with Radar,193,29,48,0,270,48,0,7,0,55,241,29,55,0,325,52,0,52,377
12/26/2001,OAK,CA,AWP,WE,Combined TRACON& Tower with Radar,434,86,112,0,632,2,54,248,0,304,436,140,360,0,936,176,0,176,1112
12/27/2001,OAK,CA,AWP,WE,Combined TRACON& Tower with Radar,409,99,113,0,621,0,80,184,0,264,409,179,297,0,885,372,0,372,1257
12/28/2001,OAK,CA,AWP,WE,Combined TRACON& Tower with Radar,427,94,93,0,614,13,61,0,0,74,440,155,93,0,688,14,0,14,702
12/29/2001,OAK,CA,AWP,WE,Combined TRACON& Tower with Radar,355,51,88,0,494,32,0,8,0,40,387,51,96,0,534,54,0,54,588
12/30/2001,OAK,CA,AWP,WE,Combined TRACON& Tower with Radar,262,18,60,0,340,56,0,0,0,56,318,18,60,0,396,122,0,122,518
12/31/2001,OAK,CA,AWP,WE,Combined TRACON& Tower with Radar,290,64,72,0,426,23,23,66,0,112,313,87,138,0,538,248,0,248,786
01/01/2002,OAK,CA,AWP,WE,Combined TRACON& Tower with Radar,322,60,74,0,456,27,0,0,0,27,349,60,74,0,483,34,0,34,517
01/02/2002,OAK,CA,AWP,WE,Combined TRACON& Tower with Radar,449,89,111,0,649,3,11,4,0,18,452,100,115,0,667,4,0,4,671
01/03/2002,OAK,CA,AWP,WE,Combined TRACON& Tower with Radar,473,97,119,0,689,0,60,153,0,213,473,157,272,0,902,184,0,184,1086
01/04/2002,OAK,CA,AWP,WE,Combined TRACON& Tower with Radar,431,89,111,0,631,0,59,325,0,384,431,148,436,0,1015,240,0,240,1255
01/05/2002,OAK,CA,AWP,WE,Combined TRACON& Tower with Radar,309,42,76,0,427,34,0,79,0,113,343,42,155,0,540,296,0,296,836
01/06/2002,OAK,CA,AWP,WE,Combined TRACON& Tower with Radar,321,29,79,0,429,15,0,189,0,204,336,29,268,0,633,188,0,188,821
01/07/2002,OAK,CA,AWP,WE,Combined TRACON& Tower with Radar,376,72,98,0,546,0,0,65,0,65,376,72,163,0,611,28,0,28,639
01/08/2002,OAK,CA,AWP,WE,Combined TRACON& Tower with Radar,450,90,113,0,653,0,37,166,0,203,450,127,279,0,856,296,0,296,1152
01/09/2002,OAK,CA,AWP,WE,Combined TRACON& Tower with Radar,441,98,121,0,660,0,39,387,0,426,441,137,508,0,1086,266,0,266,1352
01/10/2002,OAK,CA,AWP,WE,Combined TRACON& Tower with Radar,439,91,114,0,644,0,46,309,0,355,439,137,423,0,999,227,0,227,1226
01/11/2002,OAK,CA,AWP,WE,Combined TRACON& Tower with Radar,453,116,100,1,670,1,47,237,0,285,454,163,337,1,955,374,0,374,1329
01/12/2002,OAK,CA,AWP,WE,Combined TRACON& Tower with Radar,352,48,105,4,509,0,4,51,0,55,352,52,156,4,564,36,0,36,600
01/13/2002,OAK,CA,AWP,WE,Combined TRACON& Tower with Radar,315,17,77,0,409,58,0,275,1,334,373,17,352,1,743,196,0,196,939
01/14/2002,OAK,CA,AWP,WE,Combined TRACON& Tower with Radar,383,81,99,0,563,0,40,162,0,202,383,121,261,0,765,266,0,266,1031
01/15/2002,OAK,CA,AWP,WE,Combined TRACON& Tower with Radar,428,91,113,0,632,0,81,352,0,433,428,172,465,0,1065,172,0,172,1237
01/16/2002,OAK,CA,AWP,WE,Combined TRACON& Tower with Radar,434,91,112,0,637,0,59,400,0,459,434,150,512,0,1096,234,0,234,1330
01/17/2002,OAK,CA,AWP,WE,Combined TRACON& Tower with Radar,472,100,123,0,695,0,67,310,0,377,472,167,433,0,1072,298,0,298,1370
01/18/2002,OAK,CA,AWP,WE,Combined TRACON& Tower with Radar,444,89,110,0,643,0,64,371,0,435,444,153,481,0,1078,213,0,213,1291
01/19/2002,OAK,CA,AWP,WE,Combined TRACON& Tower with Radar,319,41,78,0,438,37,0,257,0,294,356,41,335,0,732,220,0,220,952
01/20/2002,OAK,CA,AWP,WE,Combined TRACON& Tower with Radar,282,34,68,0,384,45,0,169,0,214,327,34,237,0,598,142,0,142,740
01/21/2002,OAK,CA,AWP,WE,Combined TRACON& Tower with Radar,384,49,85,0,518,0,6,59,0,65,384,55,144,0,583,156,0,156,739
01/22/2002,OAK,CA,AWP,WE,Combined TRACON& Tower with Radar,439,91,113,1,644,0,27,363,0,390,439,118,476,1,1034,196,0,196,1230
01/23/2002,OAK,CA,AWP,WE,Combined TRACON& Tower with Radar,450,93,115,0,658,0,72,397,1,470,450,165,512,1,1128,290,0,290,1418
01/24/2002,OAK,CA,AWP,WE,Combined TRACON& Tower with Radar,440,107,104,0,651,0,39,344,0,383,440,146,448,0,1034,320,0,320,1354
01/25/2002,OAK,CA,AWP,WE,Combined TRACON& Tower with Radar,408,84,105,0,597,0,69,307,0,376,408,153,412,0,973,335,0,335,1308
01/26/2002,OAK,CA,AWP,WE,Combined TRACON& Tower with Radar,287,37,69,0,393,34,0,17,0,51,321,37,86,0,444,18,0,18,462
01/27/2002,OAK,CA,AWP,WE,Combined TRACON& Tower with Radar,290,20,70,0,380,60,0,147,0,207,350,20,217,0,587,276,0,276,863
01/28/2002,OAK,CA,AWP,WE,Combined TRACON& Tower with Radar,353,69,87,0,509,31,11,48,0,90,384,80,135,0,599,258,0,258,857
01/29/2002,OAK,CA,AWP,WE,Combined TRACON& Tower with Radar,431,84,106,0,621,27,54,227,3,311,458,138,333,3,932,360,0,360,1292
01/30/2002,OAK,CA,AWP,WE,Combined TRACON& Tower with Radar,450,94,118,0,662,0,79,314,0,393,450,173,432,0,1055,300,0,300,1355
01/31/2002,OAK,CA,AWP,WE,Combined TRACON& Tower with Radar,458,96,119,0,673,0,73,264,0,337,458,169,383,0,1010,274,0,274,1284
02/01/2002,OAK,CA,AWP,WE,Combined TRACON& Tower with Radar,393,98,99,2,592,0,75,329,11,415,393,173,428,13,1007,328,0,328,1335
02/02/2002,OAK,CA,AWP,WE,Combined TRACON& Tower with Radar,301,43,68,1,413,38,0,225,2,265,339,43,293,3,678,278,0,278,956
02/03/2002,OAK,CA,AWP,WE,Combined TRACON& Tower with Radar,317,43,72,0,432,47,0,161,0,208,364,43,233,0,640,78,0,78,718
02/04/2002,OAK,CA,AWP,WE,Combined TRACON& Tower with Radar,375,83,85,0,543,27,34,199,0,260,402,117,284,0,803,170,0,170,973
02/05/2002,OAK,CA,AWP,WE,Combined TRACON& Tower with Radar,430,95,97,0,622,15,32,235,0,282,445,127,332,0,904,226,0,226,1130
02/06/2002,OAK,CA,AWP,WE,Combined TRACON& Tower with Radar,413,92,93,0,598,5,45,236,0,286,418,137,329,0,884,227,0,227,1111
02/07/2002,OAK,CA,AWP,WE,Combined TRACON& Tower with Radar,449,122,124,1,696,0,97,140,2,239,449,219,264,3,935,166,0,166,1101
02/08/2002,OAK,CA,AWP,WE,Combined TRACON& Tower with Radar,408,87,102,0,597,2,53,240,0,295,410,140,342,0,892,224,0,224,1116
02/09/2002,OAK,CA,AWP,WE,Combined TRACON& Tower with Radar,342,55,31,1,429,2,7,234,0,243,344,62,265,1,672,82,0,82,754
02/10/2002,OAK,CA,AWP,WE,Combined TRACON& Tower with Radar,321,51,71,0,443,45,0,219,1,265,366,51,290,1,708,226,0,226,934
02/11/2002,OAK,CA,AWP,WE,Combined TRACON& Tower with Radar,366,73,67,2,508,0,32,228,8,268,366,105,295,10,776,170,0,170,946
02/12/2002,OAK,CA,AWP,WE,Combined TRACON& Tower with Radar,440,100,101,0,641,0,65,256,0,321,440,165,357,0,962,264,0,264,1226
02/13/2002,OAK,CA,AWP,WE,Combined TRACON& Tower with Radar,437,141,128,0,706,0,26,133,0,159,437,167,261,0,865,371,0,371,1236
02/14/2002,OAK,CA,AWP,WE,Combined TRACON& Tower with Radar,374,66,23,0,463,81,0,0,0,81,455,66,23,0,544,0,0,0,544
02/15/2002,OAK,CA,AWP,WE,Combined TRACON& Tower with Radar,423,103,104,0,630,0,58,289,0,347,423,161,393,0,977,400,0,400,1377
02/16/2002,OAK,CA,AWP,WE,Combined TRACON& Tower with Radar,305,57,68,0,430,43,0,116,0,159,348,57,184,0,589,168,0,168,757
02/17/2002,OAK,CA,AWP,WE,Combined TRACON& Tower with Radar,302,26,67,0,395,40,0,148,0,188,342,26,215,0,583,192,0,192,775
02/18/2002,OAK,CA,AWP,WE,Combined TRACON& Tower with Radar,356,57,80,0,493,0,0,196,0,196,356,57,276,0,689,166,0,166,855
02/19/2002,OAK,CA,AWP,WE,Combined TRACON& Tower with Radar,465,106,109,0,680,0,21,7,0,28,465,127,116,0,708,42,0,42,750
02/20/2002,OAK,CA,AWP,WE,Combined TRACON& Tower with Radar,404,105,107,0,616,0,60,193,0,253,404,165,300,0,869,474,0,474,1343
02/21/2002,OAK,CA,AWP,WE,Combined TRACON& Tower with Radar,481,108,111,0,700,0,33,163,0,196,481,141,274,0,896,92,0,92,988
02/22/2002,OAK,CA,AWP,WE,Combined TRACON& Tower with Radar,430,103,105,0,638,0,54,215,0,269,430,157,320,0,907,323,0,323,1230
02/23/2002,OAK,CA,AWP,WE,Combined TRACON& Tower with Radar,363,74,82,1,520,0,0,221,1,222,363,74,303,2,742,382,0,382,1124
02/24/2002,OAK,CA,AWP,WE,Combined TRACON& Tower with Radar,368,41,74,0,483,0,0,280,0,280,368,41,354,0,763,234,0,234,997
02/25/2002,OAK,CA,AWP,WE,Combined TRACON& Tower with Radar,362,79,82,1,524,13,20,288,0,321,375,99,370,1,845,266,0,266,1111
02/26/2002,OAK,CA,AWP,WE,Combined TRACON& Tower with Radar,465,101,88,0,654,0,25,266,0,291,465,126,354,0,945,134,0,134,1079
02/27/2002,OAK,CA,AWP,WE,Combined TRACON& Tower with Radar,432,100,131,0,663,1,49,364,0,414,433,149,495,0,1077,314,0,314,1391
02/28/2002,OAK,CA,AWP,WE,Combined TRACON& Tower with Radar,429,95,98,0,622,0,53,280,0,333,429,148,378,0,955,254,0,254,1209
03/01/2002,OAK,CA,AWP,WE,Combined TRACON& Tower with Radar,400,77,94,0,571,0,68,271,3,342,400,145,365,3,913,136,0,136,1049
03/02/2002,OAK,CA,AWP,WE,Combined TRACON& Tower with Radar,330,43,40,0,413,0,14,172,0,186,330,57,212,0,599,98,0,98,697
03/03/2002,OAK,CA,AWP,WE,Combined TRACON& Tower with Radar,313,33,71,0,417,41,0,223,1,265,354,33,294,1,682,412,0,412,1094
03/04/2002,OAK,CA,AWP,WE,Combined TRACON& Tower with Radar,368,68,83,0,519,15,27,198,0,240,383,95,281,0,759,130,0,130,889
03/05/2002,OAK,CA,AWP,WE,Combined TRACON& Tower with Radar,462,91,108,0,661,0,52,252,0,304,462,143,360,0,965,242,0,242,1207
03/06/2002,OAK,CA,AWP,WE,Combined TRACON& Tower with Radar,442,94,112,0,648,0,65,65,2,132,442,159,177,2,780,204,0,204,984
03/07/2002,OAK,CA,AWP,WE,Combined TRACON& Tower with Radar,454,91,109,0,654,0,40,64,0,104,454,131,173,0,758,8,0,8,766
03/08/2002,OAK,CA,AWP,WE,Combined TRACON& Tower with Radar,423,81,98,0,602,0,53,274,3,330,423,134,372,3,932,238,0,238,1170
03/09/2002,OAK,CA,AWP,WE,Combined TRACON& Tower with Radar,315,35,71,0,421,31,0,237,1,269,346,35,308,1,690,382,0,382,1072
03/10/2002,OAK,CA,AWP,WE,Combined TRACON& Tower with Radar,300,23,18,0,341,85,0,0,0,85,385,23,18,0,426,0,0,0,426
03/11/2002,OAK,CA,AWP,WE,Combined TRACON& Tower with Radar,354,68,83,0,505,0,38,280,0,318,354,106,363,0,823,308,0,308,1131
03/12/2002,OAK,CA,AWP,WE,Combined TRACON& Tower with Radar,469,97,116,0,682,0,37,200,0,237,469,134,316,0,919,382,0,382,1301
03/13/2002,OAK,CA,AWP,WE,Combined TRACON& Tower with Radar,462,90,105,0,657,0,75,334,0,409,462,165,439,0,1066,238,0,238,1304
03/14/2002,OAK,CA,AWP,WE,Combined TRACON& Tower with Radar,464,98,114,0,676,0,80,338,0,418,464,178,452,0,1094,256,0,256,1350
03/15/2002,OAK,CA,AWP,WE,Combined TRACON& Tower with Radar,430,81,96,0,607,7,40,303,0,350,437,121,399,0,957,249,0,249,1206
03/16/2002,OAK,CA,AWP,WE,Combined TRACON& Tower with Radar,302,40,67,0,409,52,0,182,0,234,354,40,249,0,643,250,0,250,893
03/17/2002,OAK,CA,AWP,WE,Combined TRACON& Tower with Radar,311,42,69,1,423,24,0,33,0,57,335,42,102,1,480,24,0,24,504
03/18/2002,OAK,CA,AWP,WE,Combined TRACON& Tower with Radar,374,71,83,0,528,34,16,229,0,279,408,87,312,0,807,198,0,198,1005
03/19/2002,OAK,CA,AWP,WE,Combined TRACON& Tower with Radar,445,87,102,0,634,0,64,235,0,299,445,151,337,0,933,210,0,210,1143
03/20/2002,OAK,CA,AWP,WE,Combined TRACON& Tower with Radar,444,101,155,1,701,0,91,402,2,495,444,192,557,3,1196,422,0,422,1618
03/21/2002,OAK,CA,AWP,WE,Combined TRACON& Tower with Radar,504,131,113,0,748,0,43,302,0,345,504,174,415,0,1093,122,0,122,1215
03/22/2002,OAK,CA,AWP,WE,Combined TRACON& Tower with Radar,451,96,114,0,661,0,48,151,0,199,451,144,265,0,860,106,0,106,966
03/23/2002,OAK,CA,AWP,WE,Combined TRACON& Tower with Radar,375,59,85,1,520,18,0,96,2,116,393,59,181,3,636,354,0,354,990
03/24/2002,OAK,CA,AWP,WE,Combined TRACON& Tower with Radar,341,24,77,0,442,48,0,228,0,276,389,24,305,0,718,268,0,268,986
03/25/2002,OAK,CA,AWP,WE,Combined TRACON& Tower with Radar,398,75,90,0,563,4,21,233,0,258,402,96,323,0,821,196,0,196,1017
03/26/2002,OAK,CA,AWP,WE,Combined TRACON& Tower with Radar,458,104,83,0,645,0,53,296,0,349,458,157,379,0,994,184,0,184,1178
03/27/2002,OAK,CA,AWP,WE,Combined TRACON& Tower with Radar,439,94,111,0,644,0,79,385,0,464,439,173,496,0,1108,272,0,272,1380
03/28/2002,OAK,CA,AWP,WE,Combined TRACON& Tower with Radar,482,92,109,0,683,20,64,298,0,382,502,156,407,0,1065,246,0,246,1311
03/29/2002,OAK,CA,AWP,WE,Combined TRACON& Tower with Radar,451,95,112,0,658,0,64,267,0,331,451,159,379,0,989,352,0,352,1341
03/30/2002,OAK,CA,AWP,WE,Combined TRACON& Tower with Radar,342,36,77,0,455,24,0,271,0,295,366,36,348,0,750,318,0,318,1068
03/31/2002,OAK,CA,AWP,WE,Combined TRACON& Tower with Radar,330,41,75,0,446,26,0,206,0,232,356,41,281,0,678,268,0,268,946
04/01/2002,OAK,CA,AWP,WE,Combined TRACON& Tower with Radar,391,83,95,0,569,11,0,164,0,175,402,83,259,0,744,294,0,294,1038
04/02/2002,OAK,CA,AWP,WE,Combined TRACON& Tower with Radar,447,109,131,0,687,4,9,130,0,143,451,118,261,0,830,312,0,312,1142
04/03/2002,OAK,CA,AWP,WE,Combined TRACON& Tower with Radar,487,127,135,0,749,0,56,162,0,218,487,183,297,0,967,516,0,516,1483
04/04/2002,OAK,CA,AWP,WE,Combined TRACON& Tower with Radar,514,127,134,0,775,0,40,221,0,261,514,167,355,0,1036,336,0,336,1372
04/05/2002,OAK,CA,AWP,WE,Combined TRACON& Tower with Radar,466,128,123,0,717,2,16,244,0,262,468,144,367,0,979,264,0,264,1243
04/06/2002,OAK,CA,AWP,WE,Combined TRACON& Tower with Radar,325,56,79,0,460,44,0,152,5,201,369,56,231,5,661,284,0,284,945
04/07/2002,OAK,CA,AWP,WE,Combined TRACON& Tower with Radar,324,25,78,0,427,51,0,202,0,253,375,25,280,0,680,96,0,96,776
04/08/2002,OAK,CA,AWP,WE,Combined TRACON& Tower with Radar,422,97,105,0,624,0,14,112,0,126,422,111,217,0,750,268,0,268,1018
04/09/2002,OAK,CA,AWP,WE,Combined TRACON& Tower with Radar,458,105,112,1,676,7,26,69,2,104,465,131,181,3,780,262,0,262,1042
04/10/2002,OAK,CA,AWP,WE,Combined TRACON& Tower with Radar,479,120,129,0,728,0,44,342,0,386,479,164,471,0,1114,380,0,380,1494
04/11/2002,OAK,CA,AWP,WE,Combined TRACON& Tower with Radar,460,106,113,0,679,1,65,249,0,315,461,171,362,0,994,128,0,128,1122
04/12/2002,OAK,CA,AWP,WE,Combined TRACON& Tower with Radar,422,98,104,1,625,0,22,274,3,299,422,120,378,4,924,290,0,290,1214
04/13/2002,OAK,CA,AWP,WE,Combined TRACON& Tower with Radar,298,62,72,0,432,50,0,183,0,233,348,62,255,0,665,216,0,216,881
04/14/2002,OAK,CA,AWP,WE,Combined TRACON& Tower with Radar,331,39,80,0,450,49,0,103,0,152,380,39,183,0,602,83,0,83,685
04/15/2002,OAK,CA,AWP,WE,Combined TRACON& Tower with Radar,372,85,90,0,547,0,23,167,0,190,372,108,257,0,737,160,0,160,897
04/16/2002,OAK,CA,AWP,WE,Combined TRACON& Tower with Radar,434,100,107,0,641,0,35,131,0,166,434,135,238,0,807,161,0,161,968
04/17/2002,OAK,CA,AWP,WE,Combined TRACON& Tower with Radar,463,133,120,0,716,0,87,285,0,372,463,220,405,0,1088,276,0,276,1364
04/18/2002,OAK,CA,AWP,WE,Combined TRACON& Tower with Radar,470,108,114,0,692,1,39,302,0,342,471,147,416,0,1034,252,0,252,1286
04/19/2002,OAK,CA,AWP,WE,Combined TRACON& Tower with Radar,444,114,121,1,680,0,87,392,2,481,444,201,513,3,1161,267,0,267,1428
04/20/2002,OAK,CA,AWP,WE,Combined TRACON& Tower with Radar,364,44,97,0,505,0,6,177,0,183,364,50,274,0,688,244,0,244,932
04/21/2002,OAK,CA,AWP,WE,Combined TRACON& Tower with Radar,320,48,77,0,445,55,0,214,0,269,375,48,291,0,714,239,0,239,953
04/22/2002,OAK,CA,AWP,WE,Combined TRACON& Tower with Radar,365,84,88,1,538,4,46,236,3,289,369,130,324,4,827,102,0,102,929
04/23/2002,OAK,CA,AWP,WE,Combined TRACON& Tower with Radar,466,109,116,0,691,0,79,294,4,377,466,188,410,4,1068,144,0,144,1212
04/24/2002,OAK,CA,AWP,WE,Combined TRACON& Tower with Radar,487,117,124,0,728,0,89,362,0,451,487,206,486,0,1179,170,0,170,1349
04/25/2002,OAK,CA,AWP,WE,Combined TRACON& Tower with Radar,463,106,112,0,681,16,43,178,0,237,479,149,290,0,918,296,0,296,1214
04/26/2002,OAK,CA,AWP,WE,Combined TRACON& Tower with Radar,462,109,116,0,687,0,58,64,3,125,462,167,180,3,812,8,0,8,820
04/27/2002,OAK,CA,AWP,WE,Combined TRACON& Tower with Radar,339,77,82,0,498,25,1,144,1,171,364,78,226,1,669,254,0,254,923
04/28/2002,OAK,CA,AWP,WE,Combined TRACON& Tower with Radar,329,44,79,0,452,40,0,198,0,238,369,44,277,0,690,142,0,142,832
04/29/2002,OAK,CA,AWP,WE,Combined TRACON& Tower with Radar,401,73,58,0,532,0,22,143,4,169,401,95,201,4,701,282,0,282,983
04/30/2002,OAK,CA,AWP,WE,Combined TRACON& Tower with Radar,446,121,129,0,696,0,115,291,0,406,446,236,420,0,1102,306,0,306,1408
05/01/2002,OAK,CA,AWP,WE,Combined TRACON& Tower with Radar,461,112,115,0,688,0,87,318,0,405,461,199,433,0,1093,206,0,206,1299
05/02/2002,OAK,CA,AWP,WE,Combined TRACON& Tower with Radar,469,130,134,0,733,0,45,204,0,249,469,175,338,0,982,348,0,348,1330
05/03/2002,OAK,CA,AWP,WE,Combined TRACON& Tower with Radar,460,119,122,0,701,0,44,285,2,331,460,163,407,2,1032,254,0,254,1286
05/04/2002,OAK,CA,AWP,WE,Combined TRACON& Tower with Radar,347,67,80,0,494,16,0,166,0,182,363,67,246,0,676,204,0,204,880
05/05/2002,OAK,CA,AWP,WE,Combined TRACON& Tower with Radar,349,40,81,0,470,51,0,226,2,279,400,40,307,2,749,114,0,114,863
05/06/2002,OAK,CA,AWP,WE,Combined TRACON& Tower with Radar,363,81,84,0,528,38,0,208,0,246,401,81,292,0,774,170,0,170,944
05/07/2002,OAK,CA,AWP,WE,Combined TRACON& Tower with Radar,444,102,106,0,652,0,87,236,0,323,444,189,342,0,975,342,0,342,1317
05/08/2002,OAK,CA,AWP,WE,Combined TRACON& Tower with Radar,439,103,105,1,648,0,88,340,0,428,439,191,445,1,1076,220,0,220,1296
05/09/2002,OAK,CA,AWP,WE,Combined TRACON& Tower with Radar,480,111,113,0,704,0,66,296,0,362,480,177,409,0,1066,172,0,172,1238
05/10/2002,OAK,CA,AWP,WE,Combined TRACON& Tower with Radar,453,102,104,0,659,0,79,284,0,363,453,181,388,0,1022,226,0,226,1248
05/11/2002,OAK,CA,AWP,WE,Combined TRACON& Tower with Radar,318,56,73,0,447,46,0,204,0,250,364,56,277,0,697,282,0,282,979
05/12/2002,OAK,CA,AWP,WE,Combined TRACON& Tower with Radar,322,48,74,1,445,42,0,195,0,237,364,48,269,1,682,140,0,140,822
05/13/2002,OAK,CA,AWP,WE,Combined TRACON& Tower with Radar,390,87,89,1,567,23,18,208,0,249,413,105,297,1,816,118,0,118,934
05/14/2002,OAK,CA,AWP,WE,Combined TRACON& Tower with Radar,461,104,106,0,671,0,79,262,0,341,461,183,368,0,1012,266,0,266,1278
05/15/2002,OAK,CA,AWP,WE,Combined TRACON& Tower with Radar,424,103,105,0,632,0,60,317,0,377,424,163,422,0,1009,214,0,214,1223
05/16/2002,OAK,CA,AWP,WE,Combined TRACON& Tower with Radar,453,102,104,0,659,48,39,245,5,337,501,141,349,5,996,192,0,192,1188
05/17/2002,OAK,CA,AWP,WE,Combined TRACON& Tower with Radar,456,104,106,0,666,0,61,284,0,345,456,165,390,0,1011,372,0,372,1383
05/18/2002,OAK,CA,AWP,WE,Combined TRACON& Tower with Radar,319,56,73,0,448,53,0,174,1,228,372,56,247,1,676,226,0,226,902
05/19/2002,OAK,CA,AWP,WE,Combined TRACON& Tower with Radar,346,59,79,0,484,26,0,47,2,75,372,59,126,2,559,108,0,108,667
05/20/2002,OAK,CA,AWP,WE,Combined TRACON& Tower with Radar,402,89,38,0,529,0,18,62,0,80,402,107,100,0,609,94,0,94,703
05/21/2002,OAK,CA,AWP,WE,Combined TRACON& Tower with Radar,448,102,105,0,655,0,54,204,0,258,448,156,309,0,913,412,0,412,1325
05/22/2002,OAK,CA,AWP,WE,Combined TRACON& Tower with Radar,475,116,119,0,710,0,81,468,0,549,475,197,587,0,1259,232,44,276,1535
05/23/2002,OAK,CA,AWP,WE,Combined TRACON& Tower with Radar,471,105,109,0,685,11,56,296,0,363,482,161,405,0,1048,200,0,200,1248
05/24/2002,OAK,CA,AWP,WE,Combined TRACON& Tower with Radar,436,123,126,1,686,2,41,293,0,336,438,164,419,1,1022,230,0,230,1252
05/25/2002,OAK,CA,AWP,WE,Combined TRACON& Tower with Radar,382,48,48,0,478,2,10,186,0,198,384,58,234,0,676,213,0,213,889
05/26/2002,OAK,CA,AWP,WE,Combined TRACON& Tower with Radar,330,32,73,0,435,1,4,105,0,110,331,36,178,0,545,148,0,148,693
05/27/2002,OAK,CA,AWP,WE,Combined TRACON& Tower with Radar,322,40,75,0,437,33,0,153,0,186,355,40,228,0,623,160,0,160,783
05/28/2002,OAK,CA,AWP,WE,Combined TRACON& Tower with Radar,418,114,128,0,660,2,27,223,0,252,420,141,351,0,912,110,0,110,1022
05/29/2002,OAK,CA,AWP,WE,Combined TRACON& Tower with Radar,471,114,119,0,704,0,60,347,0,407,471,174,466,0,1111,86,0,86,1197
05/30/2002,OAK,CA,AWP,WE,Combined TRACON& Tower with Radar,462,103,107,0,672,29,35,276,0,340,491,138,383,0,1012,172,0,172,1184
05/31/2002,OAK,CA,AWP,WE,Combined TRACON& Tower with Radar,406,92,95,0,593,0,47,321,0,368,406,139,416,0,961,244,0,244,1205
06/01/2002,OAK,CA,AWP,WE,Combined TRACON& Tower with Radar,358,52,93,1,504,0,4,99,0,103,358,56,192,1,607,204,0,204,811
06/02/2002,OAK,CA,AWP,WE,Combined TRACON& Tower with Radar,337,45,73,0,455,17,0,185,2,204,354,45,258,2,659,162,0,162,821
06/03/2002,OAK,CA,AWP,WE,Combined TRACON& Tower with Radar,392,78,85,0,555,16,28,169,0,213,408,106,254,0,768,58,0,58,826
06/04/2002,OAK,CA,AWP,WE,Combined TRACON& Tower with Radar,438,87,96,0,621,0,61,241,0,302,438,148,337,0,923,120,0,120,1043
06/05/2002,OAK,CA,AWP,WE,Combined TRACON& Tower with Radar,533,109,117,0,759,0,87,290,0,377,533,196,407,0,1136,64,0,64,1200
06/06/2002,OAK,CA,AWP,WE,Combined TRACON& Tower with Radar,468,100,108,0,676,0,92,292,0,384,468,192,400,0,1060,96,0,96,1156
06/07/2002,OAK,CA,AWP,WE,Combined TRACON& Tower with Radar,438,87,96,0,621,0,77,264,0,341,438,164,360,0,962,54,0,54,1016
06/08/2002,OAK,CA,AWP,WE,Combined TRACON& Tower with Radar,350,61,76,0,487,51,0,216,0,267,401,61,292,0,754,102,0,102,856
06/09/2002,OAK,CA,AWP,WE,Combined TRACON& Tower with Radar,337,49,73,1,460,51,0,192,0,243,388,49,265,1,703,109,0,109,812
06/10/2002,OAK,CA,AWP,WE,Combined TRACON& Tower with Radar,396,77,30,0,503,0,43,194,0,237,396,120,224,0,740,38,0,38,778
06/11/2002,OAK,CA,AWP,WE,Combined TRACON& Tower with Radar,449,91,98,0,638,29,57,210,0,296,478,148,308,0,934,118,0,118,1052
06/12/2002,OAK,CA,AWP,WE,Combined TRACON& Tower with Radar,467,104,113,0,684,0,97,352,0,449,467,201,465,0,1133,124,0,124,1257
06/13/2002,OAK,CA,AWP,WE,Combined TRACON& Tower with Radar,539,114,125,0,778,0,23,152,0,175,539,137,277,0,953,44,0,44,997
06/14/2002,OAK,CA,AWP,WE,Combined TRACON& Tower with Radar,454,99,108,1,662,0,38,251,1,290,454,137,359,2,952,62,0,62,1014
06/15/2002,OAK,CA,AWP,WE,Combined TRACON& Tower with Radar,362,58,80,0,500,52,0,198,0,250,414,58,278,0,750,110,0,110,860
06/16/2002,OAK,CA,AWP,WE,Combined TRACON& Tower with Radar,359,45,79,0,483,56,0,189,0,245,415,45,268,0,728,98,0,98,826
06/17/2002,OAK,CA,AWP,WE,Combined TRACON& Tower with Radar,394,78,87,0,559,37,19,199,0,255,431,97,286,0,814,66,0,66,880
06/18/2002,OAK,CA,AWP,WE,Combined TRACON& Tower with Radar,495,100,109,1,705,10,103,269,0,382,505,203,378,1,1087,62,0,62,1149
06/19/2002,OAK,CA,AWP,WE,Combined TRACON& Tower with Radar,489,102,94,0,685,0,66,342,0,408,489,168,436,0,1093,104,0,104,1197
06/20/2002,OAK,CA,AWP,WE,Combined TRACON& Tower with Radar,496,114,124,1,735,0,28,120,0,148,496,142,244,1,883,2,0,2,885
06/21/2002,OAK,CA,AWP,WE,Combined TRACON& Tower with Radar,491,117,128,1,737,0,51,146,1,198,491,168,274,2,935,164,0,164,1099
06/22/2002,OAK,CA,AWP,WE,Combined TRACON& Tower with Radar,394,50,87,0,531,26,0,67,0,93,420,50,154,0,624,18,0,18,642
06/23/2002,OAK,CA,AWP,WE,Combined TRACON& Tower with Radar,374,44,82,0,500,15,0,199,1,215,389,44,281,1,715,58,0,58,773
06/24/2002,OAK,CA,AWP,WE,Combined TRACON& Tower with Radar,428,89,96,0,613,0,7,201,0,208,428,96,297,0,821,108,0,108,929
06/25/2002,OAK,CA,AWP,WE,Combined TRACON& Tower with Radar,492,101,108,0,701,0,45,184,0,229,492,146,292,0,930,18,0,18,948
06/26/2002,OAK,CA,AWP,WE,Combined TRACON& Tower with Radar,472,178,177,0,827,0,18,164,0,182,472,196,341,0,1009,56,0,56,1065
06/27/2002,OAK,CA,AWP,WE,Combined TRACON& Tower with Radar,495,116,124,0,735,0,26,258,0,284,495,142,382,0,1019,36,0,36,1055
06/28/2002,OAK,CA,AWP,WE,Combined TRACON& Tower with Radar,468,110,117,0,695,0,31,243,4,278,468,141,360,4,973,22,0,22,995
06/29/2002,OAK,CA,AWP,WE,Combined TRACON& Tower with Radar,368,46,80,0,494,42,0,193,2,237,410,46,273,2,731,56,0,56,787
06/30/2002,OAK,CA,AWP,WE,Combined TRACON& Tower with Radar,329,36,72,0,437,57,0,240,0,297,386,36,312,0,734,56,0,56,790
07/01/2002,OAK,CA,AWP,WE,Combined TRACON& Tower with Radar,359,77,79,0,515,52,36,208,3,299,411,113,287,3,814,64,0,64,878
07/02/2002,OAK,CA,AWP,WE,Combined TRACON& Tower with Radar,470,101,101,0,672,47,47,163,0,257,517,148,264,0,929,114,0,114,1043
07/03/2002,OAK,CA,AWP,WE,Combined TRACON& Tower with Radar,474,111,113,0,698,0,64,354,0,418,474,175,467,0,1116,132,0,132,1248
07/04/2002,OAK,CA,AWP,WE,Combined TRACON& Tower with Radar,317,37,69,0,423,58,0,134,3,195,375,37,203,3,618,126,0,126,744
07/05/2002,OAK,CA,AWP,WE,Combined TRACON& Tower with Radar,381,81,83,0,545,7,61,250,0,318,388,142,333,0,863,34,0,34,897
07/06/2002,OAK,CA,AWP,WE,Combined TRACON& Tower with Radar,345,62,75,0,482,58,0,126,1,185,403,62,201,1,667,80,0,80,747
07/07/2002,OAK,CA,AWP,WE,Combined TRACON& Tower with Radar,347,64,76,0,487,36,0,157,0,193,383,64,233,0,680,28,0,28,708
07/08/2002,OAK,CA,AWP,WE,Combined TRACON& Tower with Radar,441,78,55,0,574,4,43,239,1,287,445,121,294,1,861,130,0,130,991
07/09/2002,OAK,CA,AWP,WE,Combined TRACON& Tower with Radar,461,99,99,0,659,40,49,267,0,356,501,148,366,0,1015,36,1,37,1052
07/10/2002,OAK,CA,AWP,WE,Combined TRACON& Tower with Radar,475,102,102,0,679,15,72,298,0,385,490,174,400,0,1064,40,0,40,1104
07/11/2002,OAK,CA,AWP,WE,Combined TRACON& Tower with Radar,467,100,100,0,667,28,36,251,0,315,495,136,351,0,982,51,0,51,1033
07/12/2002,OAK,CA,AWP,WE,Combined TRACON& Tower with Radar,420,96,96,0,612,0,95,339,0,434,420,191,435,0,1046,80,0,80,1126
07/13/2002,OAK,CA,AWP,WE,Combined TRACON& Tower with Radar,367,47,79,1,494,49,0,146,0,195,416,47,225,1,689,86,2,88,777
07/14/2002,OAK,CA,AWP,WE,Combined TRACON& Tower with Radar,338,39,73,0,450,38,0,187,0,225,376,39,260,0,675,108,0,108,783
07/15/2002,OAK,CA,AWP,WE,Combined TRACON& Tower with Radar,422,95,96,1,614,0,11,62,1,74,422,106,158,2,688,30,0,30,718
07/16/2002,OAK,CA,AWP,WE,Combined TRACON& Tower with Radar,467,104,104,1,676,0,54,213,8,275,467,158,317,9,951,142,0,142,1093
07/17/2002,OAK,CA,AWP,WE,Combined TRACON& Tower with Radar,497,123,124,0,744,0,46,269,0,315,497,169,393,0,1059,54,0,54,1113
07/18/2002,OAK,CA,AWP,WE,Combined TRACON& Tower with Radar,477,124,124,0,725,0,63,334,0,397,477,187,458,0,1122,60,0,60,1182
07/19/2002,OAK,CA,AWP,WE,Combined TRACON& Tower with Radar,455,107,107,1,670,0,66,291,0,357,455,173,398,1,1027,34,0,34,1061
07/20/2002,OAK,CA,AWP,WE,Combined TRACON& Tower with Radar,367,58,79,1,505,52,0,214,1,267,419,58,293,2,772,115,0,115,887
07/21/2002,OAK,CA,AWP,WE,Combined TRACON& Tower with Radar,365,46,78,1,490,33,0,197,2,232,398,46,275,3,722,142,0,142,864
07/22/2002,OAK,CA,AWP,WE,Combined TRACON& Tower with Radar,374,80,80,1,535,9,27,212,0,248,383,107,292,1,783,64,0,64,847
07/23/2002,OAK,CA,AWP,WE,Combined TRACON& Tower with Radar,464,101,101,1,667,0,50,249,3,302,464,151,350,4,969,104,0,104,1073
07/24/2002,OAK,CA,AWP,WE,Combined TRACON& Tower with Radar,477,111,111,0,699,0,82,364,0,446,477,193,475,0,1145,88,0,88,1233
07/25/2002,OAK,CA,AWP,WE,Combined TRACON& Tower with Radar,482,111,111,1,705,0,78,264,11,353,482,189,375,12,1058,96,0,96,1154
07/26/2002,OAK,CA,AWP,WE,Combined TRACON& Tower with Radar,484,115,115,0,714,0,46,277,0,323,484,161,392,0,1037,112,0,112,1149
07/27/2002,OAK,CA,AWP,WE,Combined TRACON& Tower with Radar,401,63,60,0,524,3,9,187,0,199,404,72,247,0,723,78,0,78,801
07/28/2002,OAK,CA,AWP,WE,Combined TRACON& Tower with Radar,390,35,67,0,492,4,0,226,0,230,394,35,293,0,722,40,0,40,762
07/29/2002,OAK,CA,AWP,WE,Combined TRACON& Tower with Radar,392,83,85,0,560,16,0,206,0,222,408,83,291,0,782,176,0,176,958
07/30/2002,OAK,CA,AWP,WE,Combined TRACON& Tower with Radar,520,110,113,1,744,0,37,187,0,224,520,147,300,1,968,86,0,86,1054
07/31/2002,OAK,CA,AWP,WE,Combined TRACON& Tower with Radar,512,113,115,0,740,0,83,264,0,347,512,196,379,0,1087,40,0,40,1127
08/01/2002,OAK,CA,AWP,WE,Combined TRACON& Tower with Radar,421,86,38,0,545,70,0,0,0,70,491,86,38,0,615,0,0,0,615
08/02/2002,OAK,CA,AWP,WE,Combined TRACON& Tower with Radar,459,104,107,0,670,0,8,130,0,138,459,112,237,0,808,32,0,32,840
08/03/2002,OAK,CA,AWP,WE,Combined TRACON& Tower with Radar,402,57,83,1,543,4,0,127,0,131,406,57,210,1,674,20,0,20,694
08/04/2002,OAK,CA,AWP,WE,Combined TRACON& Tower with Radar,402,27,64,0,493,6,0,182,0,188,408,27,246,0,681,14,0,14,695
08/05/2002,OAK,CA,AWP,WE,Combined TRACON& Tower with Radar,357,80,80,0,517,53,7,219,0,279,410,87,299,0,796,48,0,48,844
08/06/2002,OAK,CA,AWP,WE,Combined TRACON& Tower with Radar,441,97,99,0,637,49,60,190,0,299,490,157,289,0,936,80,0,80,1016
08/07/2002,OAK,CA,AWP,WE,Combined TRACON& Tower with Radar,455,100,103,0,658,8,69,310,0,387,463,169,413,0,1045,94,0,94,1139
08/08/2002,OAK,CA,AWP,WE,Combined TRACON& Tower with Radar,484,106,109,0,699,17,45,307,0,369,501,151,416,0,1068,30,0,30,1098
08/09/2002,OAK,CA,AWP,WE,Combined TRACON& Tower with Radar,477,107,111,0,695,0,45,330,0,375,477,152,441,0,1070,16,0,16,1086
08/10/2002,OAK,CA,AWP,WE,Combined TRACON& Tower with Radar,402,42,43,0,487,7,5,218,0,230,409,47,261,0,717,64,0,64,781
08/11/2002,OAK,CA,AWP,WE,Combined TRACON& Tower with Radar,420,49,67,0,536,7,0,174,0,181,427,49,241,0,717,16,0,16,733
08/12/2002,OAK,CA,AWP,WE,Combined TRACON& Tower with Radar,385,86,87,0,558,35,25,200,0,260,420,111,287,0,818,50,0,50,868
08/13/2002,OAK,CA,AWP,WE,Combined TRACON& Tower with Radar,527,114,120,0,761,0,42,151,3,196,527,156,271,3,957,52,0,52,1009
08/14/2002,OAK,CA,AWP,WE,Combined TRACON& Tower with Radar,505,110,114,0,729,3,40,208,2,253,508,150,322,2,982,6,0,6,988
08/15/2002,OAK,CA,AWP,WE,Combined TRACON& Tower with Radar,483,110,114,0,707,0,41,207,3,251,483,151,321,3,958,25,0,25,983
08/16/2002,OAK,CA,AWP,WE,Combined TRACON& Tower with Radar,445,110,113,0,668,0,26,245,0,271,445,136,358,0,939,16,0,16,955
08/17/2002,OAK,CA,AWP,WE,Combined TRACON& Tower with Radar,407,56,73,0,536,6,0,106,4,116,413,56,179,4,652,10,0,10,662
08/18/2002,OAK,CA,AWP,WE,Combined TRACON& Tower with Radar,389,67,89,2,547,6,0,102,0,108,395,67,191,2,655,80,0,80,735
08/19/2002,OAK,CA,AWP,WE,Combined TRACON& Tower with Radar,419,95,97,0,611,0,4,20,6,30,419,99,117,6,641,118,0,118,759
08/20/2002,OAK,CA,AWP,WE,Combined TRACON& Tower with Radar,480,107,109,0,696,0,53,231,0,284,480,160,340,0,980,84,0,84,1064
08/21/2002,OAK,CA,AWP,WE,Combined TRACON& Tower with Radar,480,129,146,0,755,6,33,327,0,366,486,162,473,0,1121,28,0,28,1149
08/22/2002,OAK,CA,AWP,WE,Combined TRACON& Tower with Radar,518,130,136,0,784,0,64,291,0,355,518,194,427,0,1139,40,0,40,1179
08/23/2002,OAK,CA,AWP,WE,Combined TRACON& Tower with Radar,451,121,125,0,697,0,23,132,0,155,451,144,257,0,852,28,0,28,880
08/24/2002,OAK,CA,AWP,WE,Combined TRACON& Tower with Radar,445,74,152,0,671,6,0,29,0,35,451,74,181,0,706,4,0,4,710
08/25/2002,OAK,CA,AWP,WE,Combined TRACON& Tower with Radar,430,52,96,0,578,7,0,206,0,213,437,52,302,0,791,74,0,74,865
08/26/2002,OAK,CA,AWP,WE,Combined TRACON& Tower with Radar,381,84,85,1,551,28,30,214,2,274,409,114,299,3,825,20,0,20,845
08/27/2002,OAK,CA,AWP,WE,Combined TRACON& Tower with Radar,520,111,116,0,747,21,52,329,0,402,541,163,445,0,1149,64,0,64,1213
08/28/2002,OAK,CA,AWP,WE,Combined TRACON& Tower with Radar,504,108,113,0,725,21,63,319,0,403,525,171,432,0,1128,8,0,8,1136
08/29/2002,OAK,CA,AWP,WE,Combined TRACON& Tower with Radar,504,115,120,0,739,0,60,304,0,364,504,175,424,0,1103,0,0,0,1103
08/30/2002,OAK,CA,AWP,WE,Combined TRACON& Tower with Radar,484,110,115,1,710,0,61,341,1,403,484,171,456,2,1113,94,0,94,1207
08/31/2002,OAK,CA,AWP,WE,Combined TRACON& Tower with Radar,360,48,81,0,489,52,0,139,0,191,412,48,220,0,680,82,0,82,762
09/01/2002,OAK,CA,AWP,WE,Combined TRACON& Tower with Radar,315,27,61,0,403,62,0,179,0,241,377,27,240,0,644,148,0,148,792
09/02/2002,OAK,CA,AWP,WE,Combined TRACON& Tower with Radar,348,35,33,1,417,0,7,213,0,220,348,42,246,1,637,118,0,118,755
09/03/2002,OAK,CA,AWP,WE,Combined TRACON& Tower with Radar,411,88,79,1,579,27,50,218,1,296,438,138,297,2,875,76,0,76,951
09/04/2002,OAK,CA,AWP,WE,Combined TRACON& Tower with Radar,448,102,92,0,642,0,91,413,0,504,448,193,505,0,1146,142,0,142,1288
09/05/2002,OAK,CA,AWP,WE,Combined TRACON& Tower with Radar,460,125,110,0,695,1,64,341,0,406,461,189,451,0,1101,64,0,64,1165
09/06/2002,OAK,CA,AWP,WE,Combined TRACON& Tower with Radar,464,102,92,0,658,0,26,239,0,265,464,128,331,0,923,28,0,28,951
09/07/2002,OAK,CA,AWP,WE,Combined TRACON& Tower with Radar,383,60,73,0,516,40,0,156,0,196,423,60,229,0,712,50,0,50,762
09/08/2002,OAK,CA,AWP,WE,Combined TRACON& Tower with Radar,355,51,69,0,475,55,0,206,0,261,410,51,275,0,736,84,0,84,820
09/09/2002,OAK,CA,AWP,WE,Combined TRACON& Tower with Radar,372,80,72,0,524,25,36,204,0,265,397,116,276,0,789,48,0,48,837
09/10/2002,OAK,CA,AWP,WE,Combined TRACON& Tower with Radar,471,102,93,0,666,0,62,320,0,382,471,164,413,0,1048,78,0,78,1126
09/11/2002,OAK,CA,AWP,WE,Combined TRACON& Tower with Radar,483,103,95,0,681,16,54,338,0,408,499,157,433,0,1089,80,0,80,1169
09/12/2002,OAK,CA,AWP,WE,Combined TRACON& Tower with Radar,505,128,117,0,750,0,52,258,0,310,505,180,375,0,1060,16,0,16,1076
09/13/2002,OAK,CA,AWP,WE,Combined TRACON& Tower with Radar,525,117,100,0,742,0,44,0,0,44,525,161,100,0,786,22,2,24,810
09/14/2002,OAK,CA,AWP,WE,Combined TRACON& Tower with Radar,403,59,80,0,542,1,4,161,0,166,404,63,241,0,708,32,0,32,740
09/15/2002,OAK,CA,AWP,WE,Combined TRACON& Tower with Radar,366,36,69,0,471,0,0,190,0,190,366,36,259,0,661,174,0,174,835
09/16/2002,OAK,CA,AWP,WE,Combined TRACON& Tower with Radar,384,74,73,0,531,17,0,0,0,17,401,74,73,0,548,4,0,4,552
09/17/2002,OAK,CA,AWP,WE,Combined TRACON& Tower with Radar,514,111,101,0,726,0,68,302,0,370,514,179,403,0,1096,50,0,50,1146
09/18/2002,OAK,CA,AWP,WE,Combined TRACON& Tower with Radar,459,107,98,0,664,0,95,427,0,522,459,202,525,0,1186,55,0,55,1241
09/19/2002,OAK,CA,AWP,WE,Combined TRACON& Tower with Radar,472,143,112,0,727,1,47,328,0,376,473,190,440,0,1103,66,0,66,1169
09/20/2002,OAK,CA,AWP,WE,Combined TRACON& Tower with Radar,509,110,100,0,719,0,47,294,2,343,509,157,394,2,1062,44,0,44,1106
09/21/2002,OAK,CA,AWP,WE,Combined TRACON& Tower with Radar,373,56,72,0,501,56,0,192,2,250,429,56,264,2,751,92,0,92,843
09/22/2002,OAK,CA,AWP,WE,Combined TRACON& Tower with Radar,339,66,65,0,470,14,0,163,2,179,353,66,228,2,649,48,0,48,697
09/23/2002,OAK,CA,AWP,WE,Combined TRACON& Tower with Radar,399,85,77,0,561,44,19,155,2,220,443,104,232,2,781,10,0,10,791
09/24/2002,OAK,CA,AWP,WE,Combined TRACON& Tower with Radar,477,100,87,1,665,1,33,209,3,246,478,133,296,4,911,12,0,12,923
09/25/2002,OAK,CA,AWP,WE,Combined TRACON& Tower with Radar,545,172,113,1,831,0,60,288,1,349,545,232,401,2,1180,116,0,116,1296
09/26/2002,OAK,CA,AWP,WE,Combined TRACON& Tower with Radar,494,121,110,0,725,0,51,235,1,287,494,172,345,1,1012,136,0,136,1148
09/27/2002,OAK,CA,AWP,WE,Combined TRACON& Tower with Radar,471,115,105,0,691,0,64,178,0,242,471,179,283,0,933,234,0,234,1167
09/28/2002,OAK,CA,AWP,WE,Combined TRACON& Tower with Radar,414,48,76,0,538,1,4,159,1,165,415,52,235,1,703,26,54,80,783
09/29/2002,OAK,CA,AWP,WE,Combined TRACON& Tower with Radar,365,50,70,0,485,30,0,181,1,212,395,50,251,1,697,116,0,116,813
09/30/2002,OAK,CA,AWP,WE,Combined TRACON& Tower with Radar,389,83,77,0,549,0,38,189,0,227,389,121,266,0,776,98,0,98,874
10/01/2002,OAK,CA,AWP,WE,Combined TRACON& Tower with Radar,444,105,113,0,662,34,46,184,0,264,478,151,297,0,926,122,0,122,1048
10/02/2002,OAK,CA,AWP,WE,Combined TRACON& Tower with Radar,503,121,130,2,756,0,83,328,0,411,503,204,458,2,1167,99,0,99,1266
10/03/2002,OAK,CA,AWP,WE,Combined TRACON& Tower with Radar,474,112,120,0,706,11,75,265,0,351,485,187,385,0,1057,164,0,164,1221
10/04/2002,OAK,CA,AWP,WE,Combined TRACON& Tower with Radar,453,107,115,1,676,19,73,278,3,373,472,180,393,4,1049,86,0,86,1135
10/05/2002,OAK,CA,AWP,WE,Combined TRACON& Tower with Radar,352,46,89,0,487,38,0,240,0,278,390,46,329,0,765,171,0,171,936
10/06/2002,OAK,CA,AWP,WE,Combined TRACON& Tower with Radar,335,46,85,0,466,44,0,180,1,225,379,46,265,1,691,188,0,188,879
10/07/2002,OAK,CA,AWP,WE,Combined TRACON& Tower with Radar,384,90,97,0,571,39,19,170,0,228,423,109,267,0,799,64,2,66,865
10/08/2002,OAK,CA,AWP,WE,Combined TRACON& Tower with Radar,454,107,115,1,677,31,57,211,10,309,485,164,326,11,986,260,0,260,1246
10/09/2002,OAK,CA,AWP,WE,Combined TRACON& Tower with Radar,496,117,125,1,739,4,74,169,3,250,500,191,294,4,989,88,0,88,1077
10/10/2002,OAK,CA,AWP,WE,Combined TRACON& Tower with Radar,517,136,145,1,799,0,29,175,10,214,517,165,320,11,1013,154,0,154,1167
10/11/2002,OAK,CA,AWP,WE,Combined TRACON& Tower with Radar,477,116,124,1,718,0,61,338,18,417,477,177,462,19,1135,54,0,54,1189
10/12/2002,OAK,CA,AWP,WE,Combined TRACON& Tower with Radar,319,38,80,0,437,71,0,181,7,259,390,38,261,7,696,118,0,118,814
10/13/2002,OAK,CA,AWP,WE,Combined TRACON& Tower with Radar,309,36,77,0,422,55,0,171,15,241,364,36,248,15,663,100,2,102,765
10/14/2002,OAK,CA,AWP,WE,Combined TRACON& Tower with Radar,391,81,98,1,571,49,0,192,3,244,440,81,290,4,815,174,2,176,991
10/15/2002,OAK,CA,AWP,WE,Combined TRACON& Tower with Radar,498,124,131,1,754,0,59,195,12,266,498,183,326,13,1020,171,0,171,1191
10/16/2002,OAK,CA,AWP,WE,Combined TRACON& Tower with Radar,490,134,142,1,767,0,97,289,4,390,490,231,431,5,1157,70,2,72,1229
10/17/2002,OAK,CA,AWP,WE,Combined TRACON& Tower with Radar,505,140,138,0,783,1,33,337,0,371,506,173,475,0,1154,46,0,46,1200
10/18/2002,OAK,CA,AWP,WE,Combined TRACON& Tower with Radar,456,116,125,2,699,0,60,243,4,307,456,176,368,6,1006,236,0,236,1242
10/19/2002,OAK,CA,AWP,WE,Combined TRACON& Tower with Radar,430,61,86,0,577,1,8,158,0,167,431,69,244,0,744,188,0,188,932
10/20/2002,OAK,CA,AWP,WE,Combined TRACON& Tower with Radar,363,34,122,2,521,1,0,200,10,211,364,34,322,12,732,188,0,188,920
10/21/2002,OAK,CA,AWP,WE,Combined TRACON& Tower with Radar,427,103,111,0,641,0,4,167,0,171,427,107,278,0,812,110,0,110,922
10/22/2002,OAK,CA,AWP,WE,Combined TRACON& Tower with Radar,493,133,148,0,774,0,0,185,0,185,493,133,333,0,959,276,0,276,1235
10/23/2002,OAK,CA,AWP,WE,Combined TRACON& Tower with Radar,531,153,165,0,849,0,85,275,0,360,531,238,440,0,1209,260,0,260,1469
10/24/2002,OAK,CA,AWP,WE,Combined TRACON& Tower with Radar,493,130,141,0,764,0,52,257,0,309,493,182,398,0,1073,302,0,302,1375
10/25/2002,OAK,CA,AWP,WE,Combined TRACON& Tower with Radar,491,115,124,0,730,49,31,227,0,307,540,146,351,0,1037,172,0,172,1209
10/26/2002,OAK,CA,AWP,WE,Combined TRACON& Tower with Radar,370,62,93,0,525,31,0,133,0,164,401,62,226,0,689,72,0,72,761
10/27/2002,OAK,CA,AWP,WE,Combined TRACON& Tower with Radar,335,53,85,0,473,58,0,230,0,288,393,53,315,0,761,160,0,160,921
10/28/2002,OAK,CA,AWP,WE,Combined TRACON& Tower with Radar,382,89,96,0,567,25,31,190,0,246,407,120,286,0,813,164,0,164,977
10/29/2002,OAK,CA,AWP,WE,Combined TRACON& Tower with Radar,464,113,78,1,656,2,54,320,1,377,466,167,398,2,1033,210,0,210,1243
10/30/2002,OAK,CA,AWP,WE,Combined TRACON& Tower with Radar,477,111,120,2,710,0,54,323,0,377,477,165,443,2,1087,174,0,174,1261
10/31/2002,OAK,CA,AWP,WE,Combined TRACON& Tower with Radar,495,119,129,0,743,0,92,286,0,378,495,211,415,0,1121,242,0,242,1363
11/01/2002,OAK,CA,AWP,WE,Combined TRACON& Tower with Radar,476,115,104,0,695,0,83,324,0,407,476,198,428,0,1102,150,0,150,1252
11/02/2002,OAK,CA,AWP,WE,Combined TRACON& Tower with Radar,355,64,76,0,495,44,0,178,0,222,399,64,254,0,717,153,0,153,870
11/03/2002,OAK,CA,AWP,WE,Combined TRACON& Tower with Radar,411,43,74,0,528,4,0,192,0,196,415,43,266,0,724,170,0,170,894
11/04/2002,OAK,CA,AWP,WE,Combined TRACON& Tower with Radar,422,100,89,0,611,11,38,207,0,256,433,138,296,0,867,286,0,286,1153
11/05/2002,OAK,CA,AWP,WE,Combined TRACON& Tower with Radar,425,110,101,1,637,0,95,298,0,393,425,205,399,1,1030,220,0,220,1250
11/06/2002,OAK,CA,AWP,WE,Combined TRACON& Tower with Radar,494,121,111,1,727,0,81,275,1,357,494,202,386,2,1084,312,0,312,1396
11/07/2002,OAK,CA,AWP,WE,Combined TRACON& Tower with Radar,522,128,118,0,768,0,53,12,0,65,522,181,130,0,833,4,0,4,837
11/08/2002,OAK,CA,AWP,WE,Combined TRACON& Tower with Radar,537,130,120,0,787,0,71,3,0,74,537,201,123,0,861,0,0,0,861
11/09/2002,OAK,CA,AWP,WE,Combined TRACON& Tower with Radar,370,58,80,0,508,44,0,82,0,126,414,58,162,0,634,266,0,266,900
11/10/2002,OAK,CA,AWP,WE,Combined TRACON& Tower with Radar,380,66,82,0,528,52,0,30,0,82,432,66,112,0,610,122,0,122,732
11/11/2002,OAK,CA,AWP,WE,Combined TRACON& Tower with Radar,391,72,83,0,546,19,0,297,2,318,410,72,380,2,864,244,0,244,1108
11/12/2002,OAK,CA,AWP,WE,Combined TRACON& Tower with Radar,466,109,99,0,674,2,60,249,2,313,468,169,348,2,987,276,0,276,1263
11/13/2002,OAK,CA,AWP,WE,Combined TRACON& Tower with Radar,478,127,117,0,722,0,86,381,0,467,478,213,498,0,1189,330,0,330,1519
11/14/2002,OAK,CA,AWP,WE,Combined TRACON& Tower with Radar,465,122,112,0,699,0,117,370,0,487,465,239,482,0,1186,214,0,214,1400
11/15/2002,OAK,CA,AWP,WE,Combined TRACON& Tower with Radar,471,110,101,0,682,1,59,261,0,321,472,169,362,0,1003,280,0,280,1283
11/16/2002,OAK,CA,AWP,WE,Combined TRACON& Tower with Radar,438,60,67,2,567,0,23,141,0,164,438,83,208,2,731,342,0,342,1073
11/17/2002,OAK,CA,AWP,WE,Combined TRACON& Tower with Radar,349,49,76,0,474,39,0,229,0,268,388,49,305,0,742,120,0,120,862
11/18/2002,OAK,CA,AWP,WE,Combined TRACON& Tower with Radar,374,88,80,0,542,13,9,312,8,342,387,97,392,8,884,178,0,178,1062
11/19/2002,OAK,CA,AWP,WE,Combined TRACON& Tower with Radar,474,110,101,0,685,25,32,248,0,305,499,142,349,0,990,228,0,228,1218
11/20/2002,OAK,CA,AWP,WE,Combined TRACON& Tower with Radar,447,106,97,0,650,0,57,239,1,297,447,163,336,1,947,86,0,86,1033
11/21/2002,OAK,CA,AWP,WE,Combined TRACON& Tower with Radar,483,112,103,0,698,2,51,227,0,280,485,163,330,0,978,388,0,388,1366
11/22/2002,OAK,CA,AWP,WE,Combined TRACON& Tower with Radar,483,128,117,1,729,0,53,139,3,195,483,181,256,4,924,258,0,258,1182
11/23/2002,OAK,CA,AWP,WE,Combined TRACON& Tower with Radar,388,56,82,1,527,33,0,109,3,145,421,56,191,4,672,200,0,200,872
11/24/2002,OAK,CA,AWP,WE,Combined TRACON& Tower with Radar,381,52,81,0,514,24,0,166,0,190,405,52,247,0,704,270,0,270,974
11/25/2002,OAK,CA,AWP,WE,Combined TRACON& Tower with Radar,412,96,87,0,595,3,63,118,0,184,415,159,205,0,779,86,0,86,865
11/26/2002,OAK,CA,AWP,WE,Combined TRACON& Tower with Radar,461,107,98,1,667,16,43,203,0,262,477,150,301,1,929,124,0,124,1053
11/27/2002,OAK,CA,AWP,WE,Combined TRACON& Tower with Radar,477,123,113,1,714,0,97,357,1,455,477,220,470,2,1169,134,0,134,1303
11/28/2002,OAK,CA,AWP,WE,Combined TRACON& Tower with Radar,302,71,64,0,437,31,0,94,0,125,333,71,158,0,562,33,0,33,595
11/29/2002,OAK,CA,AWP,WE,Combined TRACON& Tower with Radar,400,94,84,1,579,11,69,175,0,255,411,163,259,1,834,132,0,132,966
11/30/2002,OAK,CA,AWP,WE,Combined TRACON& Tower with Radar,322,61,69,0,452,32,0,138,0,170,354,61,207,0,622,196,0,196,818
12/01/2002,OAK,CA,AWP,WE,Combined TRACON& Tower with Radar,408,67,81,0,556,3,0,177,0,180,411,67,258,0,736,252,0,252,988
12/02/2002,OAK,CA,AWP,WE,Combined TRACON& Tower with Radar,433,100,89,0,622,0,40,243,1,284,433,140,332,1,906,124,0,124,1030
12/03/2002,OAK,CA,AWP,WE,Combined TRACON& Tower with Radar,480,107,95,0,682,19,31,192,0,242,499,138,287,0,924,300,0,300,1224
12/04/2002,OAK,CA,AWP,WE,Combined TRACON& Tower with Radar,479,125,111,0,715,0,85,294,7,386,479,210,405,7,1101,259,0,259,1360
12/05/2002,OAK,CA,AWP,WE,Combined TRACON& Tower with Radar,479,116,103,0,698,0,63,240,0,303,479,179,343,0,1001,366,0,366,1367
12/06/2002,OAK,CA,AWP,WE,Combined TRACON& Tower with Radar,472,118,105,0,695,0,65,76,0,141,472,183,181,0,836,26,0,26,862
12/07/2002,OAK,CA,AWP,WE,Combined TRACON& Tower with Radar,395,55,78,0,528,29,0,126,0,155,424,55,204,0,683,174,0,174,857
12/08/2002,OAK,CA,AWP,WE,Combined TRACON& Tower with Radar,355,39,69,0,463,26,0,134,0,160,381,39,203,0,623,280,0,280,903
12/09/2002,OAK,CA,AWP,WE,Combined TRACON& Tower with Radar,416,109,100,0,625,0,13,19,0,32,416,122,119,0,657,0,0,0,657
12/10/2002,OAK,CA,AWP,WE,Combined TRACON& Tower with Radar,487,114,101,0,702,0,27,109,0,136,487,141,210,0,838,92,0,92,930
12/11/2002,OAK,CA,AWP,WE,Combined TRACON& Tower with Radar,494,122,109,1,726,0,87,305,1,393,494,209,414,2,1119,288,0,288,1407
12/12/2002,OAK,CA,AWP,WE,Combined TRACON& Tower with Radar,555,126,111,1,793,0,31,187,0,218,555,157,298,1,1011,404,0,404,1415
12/13/2002,OAK,CA,AWP,WE,Combined TRACON& Tower with Radar,482,117,103,1,703,0,37,9,3,49,482,154,112,4,752,0,0,0,752
12/14/2002,OAK,CA,AWP,WE,Combined TRACON& Tower with Radar,394,55,77,1,527,44,0,15,0,59,438,55,92,1,586,0,0,0,586
12/15/2002,OAK,CA,AWP,WE,Combined TRACON& Tower with Radar,335,38,66,1,440,45,0,12,4,61,380,38,78,5,501,26,0,26,527
12/16/2002,OAK,CA,AWP,WE,Combined TRACON& Tower with Radar,392,87,74,0,553,0,38,0,0,38,392,125,74,0,591,0,0,0,591
12/17/2002,OAK,CA,AWP,WE,Combined TRACON& Tower with Radar,498,149,136,3,786,0,47,124,1,172,498,196,260,4,958,156,0,156,1114
12/18/2002,OAK,CA,AWP,WE,Combined TRACON& Tower with Radar,517,128,114,0,759,0,95,312,0,407,517,223,426,0,1166,288,0,288,1454
12/19/2002,OAK,CA,AWP,WE,Combined TRACON& Tower with Radar,532,118,86,0,736,3,53,0,0,56,535,171,86,0,792,0,0,0,792
12/20/2002,OAK,CA,AWP,WE,Combined TRACON& Tower with Radar,448,118,104,0,670,0,79,106,0,185,448,197,210,0,855,50,0,50,905
12/21/2002,OAK,CA,AWP,WE,Combined TRACON& Tower with Radar,389,75,76,0,540,36,0,82,0,118,425,75,158,0,658,117,0,117,775
12/22/2002,OAK,CA,AWP,WE,Combined TRACON& Tower with Radar,348,45,68,0,461,52,0,183,0,235,400,45,251,0,696,126,0,126,822
12/23/2002,OAK,CA,AWP,WE,Combined TRACON& Tower with Radar,386,85,75,0,546,21,40,170,0,231,407,125,245,0,777,188,0,188,965
12/24/2002,OAK,CA,AWP,WE,Combined TRACON& Tower with Radar,413,115,45,0,573,0,48,76,0,124,413,163,121,0,697,50,0,50,747
12/25/2002,OAK,CA,AWP,WE,Combined TRACON& Tower with Radar,251,54,17,0,322,49,7,0,4,60,300,61,17,4,382,28,0,28,410
12/26/2002,OAK,CA,AWP,WE,Combined TRACON& Tower with Radar,450,111,83,0,644,0,29,21,0,50,450,140,104,0,694,66,0,66,760
12/27/2002,OAK,CA,AWP,WE,Combined TRACON& Tower with Radar,468,144,98,0,710,0,15,42,0,57,468,159,140,0,767,82,0,82,849
12/28/2002,OAK,CA,AWP,WE,Combined TRACON& Tower with Radar,365,70,45,0,480,43,0,0,0,43,408,70,45,0,523,0,0,0,523
12/29/2002,OAK,CA,AWP,WE,Combined TRACON& Tower with Radar,322,27,65,0,414,78,0,89,0,167,400,27,154,0,581,226,0,226,807
12/30/2002,OAK,CA,AWP,WE,Combined TRACON& Tower with Radar,365,81,73,0,519,19,23,8,1,51,384,104,81,1,570,14,0,14,584
12/31/2002,OAK,CA,AWP,WE,Combined TRACON& Tower with Radar,393,88,78,0,559,15,24,57,0,96,408,112,135,0,655,112,0,112,767
01/01/2003,OAK,CA,AWP,WE,Combined TRACON& Tower with Radar,331,30,36,0,397,1,1,84,0,86,332,31,120,0,483,54,0,54,537
01/02/2003,OAK,CA,AWP,WE,Combined TRACON& Tower with Radar,419,90,95,0,604,35,42,121,0,198,454,132,216,0,802,104,0,104,906
01/03/2003,OAK,CA,AWP,WE,Combined TRACON& Tower with Radar,432,93,97,0,622,42,19,197,0,258,474,112,294,0,880,218,0,218,1098
01/04/2003,OAK,CA,AWP,WE,Combined TRACON& Tower with Radar,363,57,82,0,502,37,0,221,0,258,400,57,303,0,760,136,0,136,896
01/05/2003,OAK,CA,AWP,WE,Combined TRACON& Tower with Radar,397,46,65,0,508,1,3,146,0,150,398,49,211,0,658,58,0,58,716
01/06/2003,OAK,CA,AWP,WE,Combined TRACON& Tower with Radar,368,79,83,1,531,29,36,118,1,184,397,115,201,2,715,150,0,150,865
01/07/2003,OAK,CA,AWP,WE,Combined TRACON& Tower with Radar,466,100,105,0,671,15,41,201,0,257,481,141,306,0,928,190,0,190,1118
01/08/2003,OAK,CA,AWP,WE,Combined TRACON& Tower with Radar,466,105,110,0,681,0,81,289,0,370,466,186,399,0,1051,236,0,236,1287
01/09/2003,OAK,CA,AWP,WE,Combined TRACON& Tower with Radar,484,111,116,1,712,0,34,99,3,136,484,145,215,4,848,138,0,138,986
01/10/2003,OAK,CA,AWP,WE,Combined TRACON& Tower with Radar,429,109,114,0,652,0,37,125,0,162,429,146,239,0,814,32,0,32,846
01/11/2003,OAK,CA,AWP,WE,Combined TRACON& Tower with Radar,340,53,77,0,470,41,0,114,0,155,381,53,191,0,625,172,0,172,797
01/12/2003,OAK,CA,AWP,WE,Combined TRACON& Tower with Radar,340,51,77,1,469,11,0,148,1,160,351,51,225,2,629,112,0,112,741
01/13/2003,OAK,CA,AWP,WE,Combined TRACON& Tower with Radar,372,137,85,3,597,45,6,194,1,246,417,143,279,4,843,342,0,342,1185
01/14/2003,OAK,CA,AWP,WE,Combined TRACON& Tower with Radar,476,102,107,0,685,15,13,109,0,137,491,115,216,0,822,212,0,212,1034
01/15/2003,OAK,CA,AWP,WE,Combined TRACON& Tower with Radar,467,106,111,0,684,0,81,298,0,379,467,187,409,0,1063,262,0,262,1325
01/16/2003,OAK,CA,AWP,WE,Combined TRACON& Tower with Radar,461,99,104,0,664,42,23,296,0,361,503,122,400,0,1025,200,0,200,1225
01/17/2003,OAK,CA,AWP,WE,Combined TRACON& Tower with Radar,489,105,110,0,704,2,57,250,0,309,491,162,360,0,1013,274,0,274,1287
01/18/2003,OAK,CA,AWP,WE,Combined TRACON& Tower with Radar,373,54,60,1,488,1,22,174,0,197,374,76,234,1,685,178,0,178,863
01/19/2003,OAK,CA,AWP,WE,Combined TRACON& Tower with Radar,353,63,80,0,496,5,0,217,1,223,358,63,297,1,719,220,0,220,939
01/20/2003,OAK,CA,AWP,WE,Combined TRACON& Tower with Radar,389,54,88,0,531,2,0,36,1,39,391,54,124,1,570,42,0,42,612
01/21/2003,OAK,CA,AWP,WE,Combined TRACON& Tower with Radar,462,104,109,0,675,0,40,66,0,106,462,144,175,0,781,98,0,98,879
01/22/2003,OAK,CA,AWP,WE,Combined TRACON& Tower with Radar,458,134,136,0,728,1,20,29,0,50,459,154,165,0,778,104,0,104,882
01/23/2003,OAK,CA,AWP,WE,Combined TRACON& Tower with Radar,470,132,115,2,719,0,17,68,0,85,470,149,183,2,804,36,0,36,840
01/24/2003,OAK,CA,AWP,WE,Combined TRACON& Tower with Radar,448,106,111,0,665,0,62,285,0,347,448,168,396,0,1012,356,0,356,1368
01/25/2003,OAK,CA,AWP,WE,Combined TRACON& Tower with Radar,323,53,73,0,449,46,0,216,0,262,369,53,289,0,711,234,0,234,945
01/26/2003,OAK,CA,AWP,WE,Combined TRACON& Tower with Radar,321,41,73,0,435,50,0,136,0,186,371,41,209,0,621,222,0,222,843
01/27/2003,OAK,CA,AWP,WE,Combined TRACON& Tower with Radar,380,92,96,0,568,0,41,167,2,210,380,133,263,2,778,184,0,184,962
01/28/2003,OAK,CA,AWP,WE,Combined TRACON& Tower with Radar,482,104,108,0,694,26,57,181,2,266,508,161,289,2,960,236,0,236,1196
01/29/2003,OAK,CA,AWP,WE,Combined TRACON& Tower with Radar,449,119,125,0,693,0,122,255,6,383,449,241,380,6,1076,74,0,74,1150
01/30/2003,OAK,CA,AWP,WE,Combined TRACON& Tower with Radar,463,109,111,0,683,0,55,167,0,222,463,164,278,0,905,134,0,134,1039
01/31/2003,OAK,CA,AWP,WE,Combined TRACON& Tower with Radar,463,104,108,0,675,0,57,224,0,281,463,161,332,0,956,284,0,284,1240
02/01/2003,OAK,CA,AWP,WE,Combined TRACON& Tower with Radar,315,53,62,0,430,17,0,137,1,155,332,53,199,1,585,124,0,124,709
02/02/2003,OAK,CA,AWP,WE,Combined TRACON& Tower with Radar,317,31,63,0,411,52,0,200,14,266,369,31,263,14,677,138,0,138,815
02/03/2003,OAK,CA,AWP,WE,Combined TRACON& Tower with Radar,357,79,69,0,505,39,56,139,0,234,396,135,208,0,739,4,0,4,743
02/04/2003,OAK,CA,AWP,WE,Combined TRACON& Tower with Radar,475,105,93,1,674,0,44,290,1,335,475,149,383,2,1009,278,0,278,1287
02/05/2003,OAK,CA,AWP,WE,Combined TRACON& Tower with Radar,454,107,96,1,658,0,74,263,2,339,454,181,359,3,997,166,0,166,1163
02/06/2003,OAK,CA,AWP,WE,Combined TRACON& Tower with Radar,461,100,89,1,651,25,27,233,1,286,486,127,322,2,937,160,0,160,1097
02/07/2003,OAK,CA,AWP,WE,Combined TRACON& Tower with Radar,419,93,83,0,595,0,63,210,0,273,419,156,293,0,868,172,0,172,1040
02/08/2003,OAK,CA,AWP,WE,Combined TRACON& Tower with Radar,312,51,60,0,423,47,0,249,0,296,359,51,309,0,719,178,0,178,897
02/09/2003,OAK,CA,AWP,WE,Combined TRACON& Tower with Radar,313,28,61,1,403,34,0,206,5,245,347,28,267,6,648,182,0,182,830
02/10/2003,OAK,CA,AWP,WE,Combined TRACON& Tower with Radar,382,84,74,1,541,45,24,175,3,247,427,108,249,4,788,74,0,74,862
02/11/2003,OAK,CA,AWP,WE,Combined TRACON& Tower with Radar,446,97,86,0,629,20,29,171,0,220,466,126,257,0,849,49,0,49,898
02/12/2003,OAK,CA,AWP,WE,Combined TRACON& Tower with Radar,472,116,103,0,691,0,50,112,0,162,472,166,215,0,853,24,0,24,877
02/13/2003,OAK,CA,AWP,WE,Combined TRACON& Tower with Radar,441,113,100,0,654,0,47,82,0,129,441,160,182,0,783,130,0,130,913
02/14/2003,OAK,CA,AWP,WE,Combined TRACON& Tower with Radar,432,106,94,0,632,0,50,214,0,264,432,156,308,0,896,210,0,210,1106
02/15/2003,OAK,CA,AWP,WE,Combined TRACON& Tower with Radar,362,56,62,2,482,3,6,123,0,132,365,62,185,2,614,169,0,169,783
02/16/2003,OAK,CA,AWP,WE,Combined TRACON& Tower with Radar,298,29,57,1,385,59,0,115,1,175,357,29,172,2,560,148,0,148,708
02/17/2003,OAK,CA,AWP,WE,Combined TRACON& Tower with Radar,360,55,70,0,485,27,0,214,0,241,387,55,284,0,726,86,0,86,812
02/18/2003,OAK,CA,AWP,WE,Combined TRACON& Tower with Radar,435,96,92,0,623,2,29,235,0,266,437,125,327,0,889,190,0,190,1079
02/19/2003,OAK,CA,AWP,WE,Combined TRACON& Tower with Radar,460,109,97,0,666,0,72,180,0,252,460,181,277,0,918,106,0,106,1024
02/20/2003,OAK,CA,AWP,WE,Combined TRACON& Tower with Radar,478,104,92,0,674,10,22,289,0,321,488,126,381,0,995,244,0,244,1239
02/21/2003,OAK,CA,AWP,WE,Combined TRACON& Tower with Radar,447,77,76,1,601,1,43,292,0,336,448,120,368,1,937,196,0,196,1133
02/22/2003,OAK,CA,AWP,WE,Combined TRACON& Tower with Radar,320,57,62,0,439,25,0,227,0,252,345,57,289,0,691,192,0,192,883
02/23/2003,OAK,CA,AWP,WE,Combined TRACON& Tower with Radar,340,30,77,0,447,3,1,214,0,218,343,31,291,0,665,192,0,192,857
02/24/2003,OAK,CA,AWP,WE,Combined TRACON& Tower with Radar,355,82,45,0,482,3,19,114,0,136,358,101,159,0,618,148,0,148,766
02/25/2003,OAK,CA,AWP,WE,Combined TRACON& Tower with Radar,443,105,94,0,642,0,50,228,0,278,443,155,322,0,920,40,0,40,960
02/26/2003,OAK,CA,AWP,WE,Combined TRACON& Tower with Radar,497,120,109,0,726,0,76,178,0,254,497,196,287,0,980,184,0,184,1164
02/27/2003,OAK,CA,AWP,WE,Combined TRACON& Tower with Radar,510,113,103,0,726,0,50,238,0,288,510,163,341,0,1014,86,0,86,1100
02/28/2003,OAK,CA,AWP,WE,Combined TRACON& Tower with Radar,444,96,87,0,627,4,37,207,0,248,448,133,294,0,875,72,0,72,947
03/01/2003,OAK,CA,AWP,WE,Combined TRACON& Tower with Radar,326,60,59,0,445,20,0,193,0,213,346,60,252,0,658,88,0,88,746
03/02/2003,OAK,CA,AWP,WE,Combined TRACON& Tower with Radar,367,46,50,0,463,0,0,182,1,183,367,46,232,1,646,72,0,72,718
03/03/2003,OAK,CA,AWP,WE,Combined TRACON& Tower with Radar,367,72,66,0,505,17,17,119,3,156,384,89,185,3,661,144,0,144,805
03/04/2003,OAK,CA,AWP,WE,Combined TRACON& Tower with Radar,444,91,84,0,619,0,55,282,7,344,444,146,366,7,963,24,1,25,988
03/05/2003,OAK,CA,AWP,WE,Combined TRACON& Tower with Radar,463,101,93,0,657,0,75,299,0,374,463,176,392,0,1031,154,0,154,1185
03/06/2003,OAK,CA,AWP,WE,Combined TRACON& Tower with Radar,469,97,90,0,656,0,42,251,1,294,469,139,341,1,950,70,0,70,1020
03/07/2003,OAK,CA,AWP,WE,Combined TRACON& Tower with Radar,448,92,85,0,625,0,75,288,0,363,448,167,373,0,988,148,0,148,1136
03/08/2003,OAK,CA,AWP,WE,Combined TRACON& Tower with Radar,311,57,56,0,424,24,0,219,0,243,335,57,275,0,667,174,0,174,841
03/09/2003,OAK,CA,AWP,WE,Combined TRACON& Tower with Radar,316,41,58,0,415,27,0,196,2,225,343,41,254,2,640,104,0,104,744
03/10/2003,OAK,CA,AWP,WE,Combined TRACON& Tower with Radar,350,73,68,0,491,0,35,183,0,218,350,108,251,0,709,52,0,52,761
03/11/2003,OAK,CA,AWP,WE,Combined TRACON& Tower with Radar,467,97,91,0,655,0,29,157,3,189,467,126,248,3,844,56,0,56,900
03/12/2003,OAK,CA,AWP,WE,Combined TRACON& Tower with Radar,476,104,98,0,678,0,66,249,0,315,476,170,347,0,993,36,0,36,1029
03/13/2003,OAK,CA,AWP,WE,Combined TRACON& Tower with Radar,452,90,85,0,627,0,50,39,0,89,452,140,124,0,716,42,0,42,758
03/14/2003,OAK,CA,AWP,WE,Combined TRACON& Tower with Radar,462,95,90,0,647,0,80,45,0,125,462,175,135,0,772,28,0,28,800
03/15/2003,OAK,CA,AWP,WE,Combined TRACON& Tower with Radar,290,41,54,0,385,27,0,65,0,92,317,41,119,0,477,96,0,96,573
03/16/2003,OAK,CA,AWP,WE,Combined TRACON& Tower with Radar,342,37,62,0,441,15,0,95,0,110,357,37,157,0,551,61,0,61,612
03/17/2003,OAK,CA,AWP,WE,Combined TRACON& Tower with Radar,340,44,23,0,407,75,0,0,0,75,415,44,23,0,482,0,0,0,482
03/18/2003,OAK,CA,AWP,WE,Combined TRACON& Tower with Radar,447,87,80,1,615,10,60,258,0,328,457,147,338,1,943,198,0,198,1141
03/19/2003,OAK,CA,AWP,WE,Combined TRACON& Tower with Radar,438,90,84,1,613,0,63,373,1,437,438,153,457,2,1050,110,0,110,1160
03/20/2003,OAK,CA,AWP,WE,Combined TRACON& Tower with Radar,461,90,85,0,636,0,64,259,0,323,461,154,344,0,959,128,0,128,1087
03/21/2003,OAK,CA,AWP,WE,Combined TRACON& Tower with Radar,429,90,83,0,602,0,59,352,0,411,429,149,435,0,1013,139,0,139,1152
03/22/2003,OAK,CA,AWP,WE,Combined TRACON& Tower with Radar,326,47,59,0,432,16,0,129,0,145,342,47,188,0,577,264,0,264,841
03/23/2003,OAK,CA,AWP,WE,Combined TRACON& Tower with Radar,354,43,64,0,461,28,0,107,0,135,382,43,171,0,596,106,0,106,702
03/24/2003,OAK,CA,AWP,WE,Combined TRACON& Tower with Radar,391,76,70,0,537,21,33,250,0,304,412,109,320,0,841,128,0,128,969
03/25/2003,OAK,CA,AWP,WE,Combined TRACON& Tower with Radar,458,89,82,1,630,17,39,219,0,275,475,128,301,1,905,98,0,98,1003
03/26/2003,OAK,CA,AWP,WE,Combined TRACON& Tower with Radar,474,97,91,0,662,0,47,191,0,238,474,144,282,0,900,70,0,70,970
03/27/2003,OAK,CA,AWP,WE,Combined TRACON& Tower with Radar,481,93,86,0,660,12,55,312,0,379,493,148,398,0,1039,74,0,74,1113
03/28/2003,OAK,CA,AWP,WE,Combined TRACON& Tower with Radar,432,85,79,0,596,0,45,228,0,273,432,130,307,0,869,85,0,85,954
03/29/2003,OAK,CA,AWP,WE,Combined TRACON& Tower with Radar,314,57,57,0,428,32,0,250,0,282,346,57,307,0,710,164,0,164,874
03/30/2003,OAK,CA,AWP,WE,Combined TRACON& Tower with Radar,333,30,60,0,423,49,0,189,0,238,382,30,249,0,661,104,0,104,765
03/31/2003,OAK,CA,AWP,WE,Combined TRACON& Tower with Radar,379,73,69,0,521,19,10,178,0,207,398,83,247,0,728,50,0,50,778
04/01/2003,OAK,CA,AWP,WE,Combined TRACON& Tower with Radar,483,93,82,1,659,4,41,114,1,160,487,134,196,2,819,48,0,48,867
04/02/2003,OAK,CA,AWP,WE,Combined TRACON& Tower with Radar,479,92,81,0,652,6,47,129,0,182,485,139,210,0,834,150,0,150,984
04/03/2003,OAK,CA,AWP,WE,Combined TRACON& Tower with Radar,479,93,81,0,653,15,39,188,0,242,494,132,269,0,895,108,0,108,1003
04/04/2003,OAK,CA,AWP,WE,Combined TRACON& Tower with Radar,456,88,77,0,621,8,28,133,0,169,464,116,210,0,790,116,0,116,906
04/05/2003,OAK,CA,AWP,WE,Combined TRACON& Tower with Radar,301,47,51,1,400,35,0,184,1,220,336,47,235,2,620,158,0,158,778
04/06/2003,OAK,CA,AWP,WE,Combined TRACON& Tower with Radar,298,15,18,0,331,79,0,0,0,79,377,15,18,0,410,0,0,0,410
04/07/2003,OAK,CA,AWP,WE,Combined TRACON& Tower with Radar,403,78,69,0,550,33,19,180,0,232,436,97,249,0,782,154,0,154,936
04/08/2003,OAK,CA,AWP,WE,Combined TRACON& Tower with Radar,451,87,77,1,616,2,56,274,2,334,453,143,351,3,950,126,2,128,1078
04/09/2003,OAK,CA,AWP,WE,Combined TRACON& Tower with Radar,478,98,87,1,664,0,66,299,1,366,478,164,386,2,1030,84,0,84,1114
04/10/2003,OAK,CA,AWP,WE,Combined TRACON& Tower with Radar,486,98,87,0,671,0,53,196,0,249,486,151,283,0,920,160,0,160,1080
04/11/2003,OAK,CA,AWP,WE,Combined TRACON& Tower with Radar,443,90,80,0,613,0,62,257,6,325,443,152,337,6,938,80,0,80,1018
04/12/2003,OAK,CA,AWP,WE,Combined TRACON& Tower with Radar,310,46,49,0,405,35,0,0,0,35,345,46,49,0,440,0,0,0,440
04/13/2003,OAK,CA,AWP,WE,Combined TRACON& Tower with Radar,341,30,58,0,429,47,0,13,0,60,388,30,71,0,489,22,0,22,511
04/14/2003,OAK,CA,AWP,WE,Combined TRACON& Tower with Radar,398,78,69,0,545,0,23,119,2,144,398,101,188,2,689,120,0,120,809
04/15/2003,OAK,CA,AWP,WE,Combined TRACON& Tower with Radar,451,87,77,0,615,4,28,208,0,240,455,115,285,0,855,73,0,73,928
04/16/2003,OAK,CA,AWP,WE,Combined TRACON& Tower with Radar,450,93,82,0,625,0,71,156,2,229,450,164,238,2,854,130,0,130,984
04/17/2003,OAK,CA,AWP,WE,Combined TRACON& Tower with Radar,490,104,92,0,686,0,51,220,1,272,490,155,312,1,958,112,0,112,1070
04/18/2003,OAK,CA,AWP,WE,Combined TRACON& Tower with Radar,426,83,75,0,584,0,37,274,3,314,426,120,349,3,898,174,0,174,1072
04/19/2003,OAK,CA,AWP,WE,Combined TRACON& Tower with Radar,352,56,60,0,468,18,0,302,0,320,370,56,362,0,788,297,0,297,1085
04/20/2003,OAK,CA,AWP,WE,Combined TRACON& Tower with Radar,338,30,57,0,425,29,0,104,0,133,367,30,161,0,558,120,0,120,678
04/21/2003,OAK,CA,AWP,WE,Combined TRACON& Tower with Radar,383,73,65,0,521,32,10,31,0,73,415,83,96,0,594,58,0,58,652
04/22/2003,OAK,CA,AWP,WE,Combined TRACON& Tower with Radar,468,93,84,0,645,0,63,258,1,322,468,156,342,1,967,338,0,338,1305
04/23/2003,OAK,CA,AWP,WE,Combined TRACON& Tower with Radar,469,98,88,0,655,0,66,222,0,288,469,164,310,0,943,240,0,240,1183
04/24/2003,OAK,CA,AWP,WE,Combined TRACON& Tower with Radar,508,105,93,0,706,0,29,20,0,49,508,134,113,0,755,106,0,106,861
04/25/2003,OAK,CA,AWP,WE,Combined TRACON& Tower with Radar,451,92,82,0,625,0,31,60,0,91,451,123,142,0,716,56,0,56,772
04/26/2003,OAK,CA,AWP,WE,Combined TRACON& Tower with Radar,325,54,55,0,434,7,0,197,0,204,332,54,252,0,638,288,0,288,926
04/27/2003,OAK,CA,AWP,WE,Combined TRACON& Tower with Radar,344,37,59,0,440,38,0,154,0,192,382,37,213,0,632,22,0,22,654
04/28/2003,OAK,CA,AWP,WE,Combined TRACON& Tower with Radar,401,76,68,0,545,8,19,54,0,81,409,95,122,0,626,68,0,68,694
04/29/2003,OAK,CA,AWP,WE,Combined TRACON& Tower with Radar,458,96,86,0,640,0,76,231,0,307,458,172,317,0,947,154,0,154,1101
04/30/2003,OAK,CA,AWP,WE,Combined TRACON& Tower with Radar,465,95,85,0,645,0,48,335,0,383,465,143,420,0,1028,178,0,178,1206
05/01/2003,OAK,CA,AWP,WE,Combined TRACON& Tower with Radar,490,88,100,0,678,0,73,285,0,358,490,161,385,0,1036,188,0,188,1224
05/02/2003,OAK,CA,AWP,WE,Combined TRACON& Tower with Radar,457,79,90,0,626,0,51,29,0,80,457,130,119,0,706,56,0,56,762
05/03/2003,OAK,CA,AWP,WE,Combined TRACON& Tower with Radar,365,48,72,0,485,21,0,50,0,71,386,48,122,0,556,70,0,70,626
05/04/2003,OAK,CA,AWP,WE,Combined TRACON& Tower with Radar,352,35,69,1,457,6,0,140,0,146,358,35,209,1,603,348,0,348,951
05/05/2003,OAK,CA,AWP,WE,Combined TRACON& Tower with Radar,376,65,74,1,516,50,26,172,0,248,426,91,246,1,764,108,0,108,872
05/06/2003,OAK,CA,AWP,WE,Combined TRACON& Tower with Radar,441,76,87,0,604,25,62,125,0,212,466,138,212,0,816,284,0,284,1100
05/07/2003,OAK,CA,AWP,WE,Combined TRACON& Tower with Radar,475,86,99,0,660,0,70,243,0,313,475,156,342,0,973,162,0,162,1135
05/08/2003,OAK,CA,AWP,WE,Combined TRACON& Tower with Radar,509,87,100,1,697,5,47,64,1,117,514,134,164,2,814,116,0,116,930
05/09/2003,OAK,CA,AWP,WE,Combined TRACON& Tower with Radar,457,79,92,1,629,0,72,265,4,341,457,151,357,5,970,162,0,162,1132
05/10/2003,OAK,CA,AWP,WE,Combined TRACON& Tower with Radar,327,50,65,0,442,52,0,193,0,245,379,50,258,0,687,164,0,164,851
05/11/2003,OAK,CA,AWP,WE,Combined TRACON& Tower with Radar,373,64,74,0,511,20,29,219,0,268,393,93,293,0,779,217,0,217,996
05/12/2003,OAK,CA,AWP,WE,Combined TRACON& Tower with Radar,346,21,68,0,435,50,0,182,0,232,396,21,250,0,667,94,0,94,761
05/13/2003,OAK,CA,AWP,WE,Combined TRACON& Tower with Radar,475,81,93,0,649,11,36,209,0,256,486,117,302,0,905,96,0,96,1001
05/14/2003,OAK,CA,AWP,WE,Combined TRACON& Tower with Radar,471,98,113,0,682,0,26,143,0,169,471,124,256,0,851,104,0,104,955
05/15/2003,OAK,CA,AWP,WE,Combined TRACON& Tower with Radar,499,93,107,1,700,0,41,266,6,313,499,134,373,7,1013,228,0,228,1241
05/16/2003,OAK,CA,AWP,WE,Combined TRACON& Tower with Radar,453,83,96,0,632,0,84,277,0,361,453,167,373,0,993,168,0,168,1161
05/17/2003,OAK,CA,AWP,WE,Combined TRACON& Tower with Radar,319,52,63,0,434,50,0,173,0,223,369,52,236,0,657,86,2,88,745
05/18/2003,OAK,CA,AWP,WE,Combined TRACON& Tower with Radar,314,23,62,0,399,46,0,214,2,262,360,23,276,2,661,118,0,118,779
05/19/2003,OAK,CA,AWP,WE,Combined TRACON& Tower with Radar,390,66,77,0,533,11,34,197,0,242,401,100,274,0,775,60,0,60,835
05/20/2003,OAK,CA,AWP,WE,Combined TRACON& Tower with Radar,477,83,96,0,656,0,60,260,0,320,477,143,356,0,976,82,0,82,1058
05/21/2003,OAK,CA,AWP,WE,Combined TRACON& Tower with Radar,455,85,99,0,639,0,69,381,0,450,455,154,480,0,1089,90,0,90,1179
05/22/2003,OAK,CA,AWP,WE,Combined TRACON& Tower with Radar,503,97,111,0,711,0,49,314,0,363,503,146,425,0,1074,52,0,52,1126
05/23/2003,OAK,CA,AWP,WE,Combined TRACON& Tower with Radar,469,80,92,0,641,2,72,281,0,355,471,152,373,0,996,80,0,80,1076
05/24/2003,OAK,CA,AWP,WE,Combined TRACON& Tower with Radar,339,53,67,0,459,15,0,13,0,28,354,53,80,0,487,0,0,0,487
05/25/2003,OAK,CA,AWP,WE,Combined TRACON& Tower with Radar,362,21,57,0,440,2,0,59,0,61,364,21,116,0,501,74,0,74,575
05/26/2003,OAK,CA,AWP,WE,Combined TRACON& Tower with Radar,335,38,65,0,438,31,0,165,0,196,366,38,230,0,634,112,0,112,746
05/27/2003,OAK,CA,AWP,WE,Combined TRACON& Tower with Radar,388,66,75,0,529,32,27,217,3,279,420,93,292,3,808,0,0,0,808
05/28/2003,OAK,CA,AWP,WE,Combined TRACON& Tower with Radar,481,82,93,0,656,18,41,226,3,288,499,123,319,3,944,42,0,42,986
05/29/2003,OAK,CA,AWP,WE,Combined TRACON& Tower with Radar,510,93,107,0,710,0,42,200,0,242,510,135,307,0,952,160,0,160,1112
05/30/2003,OAK,CA,AWP,WE,Combined TRACON& Tower with Radar,468,89,102,0,659,0,40,145,0,185,468,129,247,0,844,108,0,108,952
05/31/2003,OAK,CA,AWP,WE,Combined TRACON& Tower with Radar,339,45,66,0,450,29,0,153,0,182,368,45,219,0,632,142,0,142,774
06/01/2003,OAK,CA,AWP,WE,Combined TRACON& Tower with Radar,315,33,67,1,416,34,0,249,1,284,349,33,316,2,700,180,0,180,880
06/02/2003,OAK,CA,AWP,WE,Combined TRACON& Tower with Radar,369,67,78,0,514,33,37,171,0,241,402,104,249,0,755,152,0,152,907
06/03/2003,OAK,CA,AWP,WE,Combined TRACON& Tower with Radar,458,82,97,1,638,42,28,218,1,289,500,110,315,2,927,100,0,100,1027
06/04/2003,OAK,CA,AWP,WE,Combined TRACON& Tower with Radar,492,98,116,0,706,0,73,223,0,296,492,171,339,0,1002,204,0,204,1206
06/05/2003,OAK,CA,AWP,WE,Combined TRACON& Tower with Radar,517,93,110,1,721,0,29,169,1,199,517,122,279,2,920,187,0,187,1107
06/06/2003,OAK,CA,AWP,WE,Combined TRACON& Tower with Radar,479,91,109,1,680,0,19,217,0,236,479,110,326,1,916,144,0,144,1060
06/07/2003,OAK,CA,AWP,WE,Combined TRACON& Tower with Radar,343,48,74,0,465,15,0,89,0,104,358,48,163,0,569,182,0,182,751
06/08/2003,OAK,CA,AWP,WE,Combined TRACON& Tower with Radar,377,43,85,0,505,0,0,71,0,71,377,43,156,0,576,22,0,22,598
06/09/2003,OAK,CA,AWP,WE,Combined TRACON& Tower with Radar,427,77,92,1,597,22,21,159,1,203,449,98,251,2,800,168,0,168,968
06/10/2003,OAK,CA,AWP,WE,Combined TRACON& Tower with Radar,506,93,111,1,711,0,30,151,1,182,506,123,262,2,893,218,0,218,1111
06/11/2003,OAK,CA,AWP,WE,Combined TRACON& Tower with Radar,474,96,115,0,685,0,38,146,0,184,474,134,261,0,869,156,0,156,1025
06/12/2003,OAK,CA,AWP,WE,Combined TRACON& Tower with Radar,495,108,128,1,732,0,50,176,0,226,495,158,304,1,958,252,0,252,1210
06/13/2003,OAK,CA,AWP,WE,Combined TRACON& Tower with Radar,499,98,117,0,714,0,50,220,0,270,499,148,337,0,984,88,0,88,1072
06/14/2003,OAK,CA,AWP,WE,Combined TRACON& Tower with Radar,355,53,77,0,485,56,0,131,0,187,411,53,208,0,672,123,0,123,795
06/15/2003,OAK,CA,AWP,WE,Combined TRACON& Tower with Radar,336,43,72,0,451,32,0,183,0,215,368,43,255,0,666,76,0,76,742
06/16/2003,OAK,CA,AWP,WE,Combined TRACON& Tower with Radar,368,65,79,0,512,32,25,191,0,248,400,90,270,0,760,126,0,126,886
06/17/2003,OAK,CA,AWP,WE,Combined TRACON& Tower with Radar,503,92,112,0,707,0,37,125,0,162,503,129,237,0,869,68,0,68,937
06/18/2003,OAK,CA,AWP,WE,Combined TRACON& Tower with Radar,500,109,131,0,740,0,82,251,2,335,500,191,382,2,1075,76,0,76,1151
06/19/2003,OAK,CA,AWP,WE,Combined TRACON& Tower with Radar,484,94,114,0,692,0,36,260,2,298,484,130,374,2,990,74,0,74,1064
06/20/2003,OAK,CA,AWP,WE,Combined TRACON& Tower with Radar,470,86,104,0,660,0,51,314,1,366,470,137,418,1,1026,132,0,132,1158
06/21/2003,OAK,CA,AWP,WE,Combined TRACON& Tower with Radar,358,47,76,0,481,46,0,112,0,158,404,47,188,0,639,62,0,62,701
06/22/2003,OAK,CA,AWP,WE,Combined TRACON& Tower with Radar,382,31,81,0,494,34,0,226,0,260,416,31,307,0,754,62,0,62,816
06/23/2003,OAK,CA,AWP,WE,Combined TRACON& Tower with Radar,376,68,80,0,524,39,32,163,0,234,415,100,243,0,758,78,0,78,836
06/24/2003,OAK,CA,AWP,WE,Combined TRACON& Tower with Radar,449,81,95,0,625,22,54,202,1,279,471,135,297,1,904,110,0,110,1014
06/25/2003,OAK,CA,AWP,WE,Combined TRACON& Tower with Radar,464,87,102,0,653,0,91,269,3,363,464,178,371,3,1016,174,0,174,1190
06/26/2003,OAK,CA,AWP,WE,Combined TRACON& Tower with Radar,493,92,108,0,693,0,59,258,5,322,493,151,366,5,1015,176,0,176,1191
06/27/2003,OAK,CA,AWP,WE,Combined TRACON& Tower with Radar,469,86,103,0,658,0,63,252,0,315,469,149,355,0,973,124,0,124,1097
06/28/2003,OAK,CA,AWP,WE,Combined TRACON& Tower with Radar,331,58,70,0,459,61,0,133,22,216,392,58,203,22,675,88,0,88,763
06/29/2003,OAK,CA,AWP,WE,Combined TRACON& Tower with Radar,346,63,73,0,482,47,6,109,2,164,393,69,182,2,646,81,0,81,727
06/30/2003,OAK,CA,AWP,WE,Combined TRACON& Tower with Radar,389,70,83,0,542,41,8,110,2,161,430,78,193,2,703,81,0,81,784
07/01/2003,OAK,CA,AWP,WE,Combined TRACON& Tower with Radar,475,81,81,0,637,0,81,182,0,263,475,162,263,0,900,196,0,196,1096
07/02/2003,OAK,CA,AWP,WE,Combined TRACON& Tower with Radar,490,84,85,0,659,0,74,319,0,393,490,158,404,0,1052,192,0,192,1244
07/03/2003,OAK,CA,AWP,WE,Combined TRACON& Tower with Radar,482,80,81,0,643,0,26,256,0,282,482,106,337,0,925,62,0,62,987
07/04/2003,OAK,CA,AWP,WE,Combined TRACON& Tower with Radar,295,22,49,3,369,61,0,106,0,167,356,22,155,3,536,40,0,40,576
07/05/2003,OAK,CA,AWP,WE,Combined TRACON& Tower with Radar,303,33,50,0,386,61,0,139,0,200,364,33,189,0,586,94,0,94,680
07/06/2003,OAK,CA,AWP,WE,Combined TRACON& Tower with Radar,375,34,65,1,475,0,0,97,0,97,375,34,162,1,572,48,0,48,620
07/07/2003,OAK,CA,AWP,WE,Combined TRACON& Tower with Radar,430,72,73,0,575,0,24,143,0,167,430,96,216,0,742,130,0,130,872
07/08/2003,OAK,CA,AWP,WE,Combined TRACON& Tower with Radar,469,83,85,0,637,0,108,271,0,379,469,191,356,0,1016,246,0,246,1262
07/09/2003,OAK,CA,AWP,WE,Combined TRACON& Tower with Radar,505,89,90,2,686,0,90,336,0,426,505,179,426,2,1112,284,0,284,1396
07/10/2003,OAK,CA,AWP,WE,Combined TRACON& Tower with Radar,519,89,91,0,699,0,62,281,0,343,519,151,372,0,1042,232,0,232,1274
07/11/2003,OAK,CA,AWP,WE,Combined TRACON& Tower with Radar,462,82,83,0,627,0,52,284,0,336,462,134,367,0,963,160,0,160,1123
07/12/2003,OAK,CA,AWP,WE,Combined TRACON& Tower with Radar,351,36,59,0,446,55,0,191,0,246,406,36,250,0,692,204,0,204,896
07/13/2003,OAK,CA,AWP,WE,Combined TRACON& Tower with Radar,364,47,61,1,473,27,0,201,0,228,391,47,262,1,701,129,0,129,830
07/14/2003,OAK,CA,AWP,WE,Combined TRACON& Tower with Radar,429,91,92,9,621,0,18,224,202,444,429,109,316,211,1065,4,0,4,1069
07/15/2003,OAK,CA,AWP,WE,Combined TRACON& Tower with Radar,482,82,83,0,647,0,43,217,0,260,482,125,300,0,907,224,0,224,1131
07/16/2003,OAK,CA,AWP,WE,Combined TRACON& Tower with Radar,497,84,86,2,669,0,78,279,0,357,497,162,365,2,1026,58,0,58,1084
07/17/2003,OAK,CA,AWP,WE,Combined TRACON& Tower with Radar,492,80,82,0,654,26,40,326,0,392,518,120,408,0,1046,188,0,188,1234
07/18/2003,OAK,CA,AWP,WE,Combined TRACON& Tower with Radar,445,72,74,3,594,5,38,300,0,343,450,110,374,3,937,210,0,210,1147
07/19/2003,OAK,CA,AWP,WE,Combined TRACON& Tower with Radar,338,42,57,1,438,54,0,149,0,203,392,42,206,1,641,98,0,98,739
07/20/2003,OAK,CA,AWP,WE,Combined TRACON& Tower with Radar,351,30,59,0,440,57,0,198,0,255,408,30,257,0,695,122,0,122,817
07/21/2003,OAK,CA,AWP,WE,Combined TRACON& Tower with Radar,392,63,66,2,523,7,31,228,0,266,399,94,294,2,789,186,0,186,975
07/22/2003,OAK,CA,AWP,WE,Combined TRACON& Tower with Radar,476,77,80,0,633,4,63,176,0,243,480,140,256,0,876,202,0,202,1078
07/23/2003,OAK,CA,AWP,WE,Combined TRACON& Tower with Radar,503,84,86,1,674,0,53,238,0,291,503,137,324,1,965,126,0,126,1091
07/24/2003,OAK,CA,AWP,WE,Combined TRACON& Tower with Radar,485,83,83,0,651,0,56,252,0,308,485,139,335,0,959,87,0,87,1046
07/25/2003,OAK,CA,AWP,WE,Combined TRACON& Tower with Radar,478,79,79,3,639,6,27,216,0,249,484,106,295,3,888,148,0,148,1036
07/26/2003,OAK,CA,AWP,WE,Combined TRACON& Tower with Radar,385,43,63,1,492,39,0,168,0,207,424,43,231,1,699,126,0,126,825
07/27/2003,OAK,CA,AWP,WE,Combined TRACON& Tower with Radar,349,41,58,2,450,41,0,215,0,256,390,41,273,2,706,208,0,208,914
07/28/2003,OAK,CA,AWP,WE,Combined TRACON& Tower with Radar,385,63,63,0,511,11,22,136,0,169,396,85,199,0,680,138,0,138,818
07/29/2003,OAK,CA,AWP,WE,Combined TRACON& Tower with Radar,496,83,83,0,662,0,44,148,0,192,496,127,231,0,854,156,0,156,1010
07/30/2003,OAK,CA,AWP,WE,Combined TRACON& Tower with Radar,497,89,89,0,675,0,59,238,0,297,497,148,327,0,972,372,0,372,1344
07/31/2003,OAK,CA,AWP,WE,Combined TRACON& Tower with Radar,519,90,90,8,707,0,26,239,5,270,519,116,329,13,977,270,0,270,1247
08/01/2003,OAK,CA,AWP,WE,Combined TRACON& Tower with Radar,461,81,91,0,633,0,11,185,0,196,461,92,276,0,829,224,0,224,1053
08/02/2003,OAK,CA,AWP,WE,Combined TRACON& Tower with Radar,376,40,74,0,490,33,0,151,0,184,409,40,225,0,674,176,0,176,850
08/03/2003,OAK,CA,AWP,WE,Combined TRACON& Tower with Radar,332,34,65,0,431,28,0,146,0,174,360,34,211,0,605,276,0,276,881
08/04/2003,OAK,CA,AWP,WE,Combined TRACON& Tower with Radar,433,74,84,0,591,8,26,147,0,181,441,100,231,0,772,174,0,174,946
08/05/2003,OAK,CA,AWP,WE,Combined TRACON& Tower with Radar,491,87,99,0,677,0,68,187,0,255,491,155,286,0,932,278,0,278,1210
08/06/2003,OAK,CA,AWP,WE,Combined TRACON& Tower with Radar,510,92,106,0,708,0,57,384,0,441,510,149,490,0,1149,148,0,148,1297
08/07/2003,OAK,CA,AWP,WE,Combined TRACON& Tower with Radar,484,83,94,0,661,26,20,244,0,290,510,103,338,0,951,222,0,222,1173
08/08/2003,OAK,CA,AWP,WE,Combined TRACON& Tower with Radar,446,79,90,0,615,0,74,259,0,333,446,153,349,0,948,282,0,282,1230
08/09/2003,OAK,CA,AWP,WE,Combined TRACON& Tower with Radar,357,57,70,0,484,48,0,101,0,149,405,57,171,0,633,106,0,106,739
08/10/2003,OAK,CA,AWP,WE,Combined TRACON& Tower with Radar,352,39,69,0,460,39,0,207,0,246,391,39,276,0,706,202,0,202,908
08/11/2003,OAK,CA,AWP,WE,Combined TRACON& Tower with Radar,374,64,73,1,512,29,4,179,2,214,403,68,252,3,726,90,0,90,816
08/12/2003,OAK,CA,AWP,WE,Combined TRACON& Tower with Radar,453,78,88,0,619,27,39,192,0,258,480,117,280,0,877,150,0,150,1027
08/13/2003,OAK,CA,AWP,WE,Combined TRACON& Tower with Radar,493,89,101,1,684,0,74,208,0,282,493,163,309,1,966,228,0,228,1194
08/14/2003,OAK,CA,AWP,WE,Combined TRACON& Tower with Radar,521,96,110,1,728,0,81,287,1,369,521,177,397,2,1097,366,0,366,1463
08/15/2003,OAK,CA,AWP,WE,Combined TRACON& Tower with Radar,491,86,98,0,675,0,28,254,0,282,491,114,352,0,957,172,0,172,1129
08/16/2003,OAK,CA,AWP,WE,Combined TRACON& Tower with Radar,371,55,72,0,498,58,0,144,0,202,429,55,216,0,700,138,0,138,838
08/17/2003,OAK,CA,AWP,WE,Combined TRACON& Tower with Radar,377,49,73,0,499,22,0,171,0,193,399,49,244,0,692,146,0,146,838
08/18/2003,OAK,CA,AWP,WE,Combined TRACON& Tower with Radar,407,69,79,1,556,3,30,130,0,163,410,99,209,1,719,74,0,74,793
08/19/2003,OAK,CA,AWP,WE,Combined TRACON& Tower with Radar,504,85,98,0,687,3,13,131,0,147,507,98,229,0,834,166,0,166,1000
08/20/2003,OAK,CA,AWP,WE,Combined TRACON& Tower with Radar,517,97,110,1,725,0,73,264,13,350,517,170,374,14,1075,192,0,192,1267
08/21/2003,OAK,CA,AWP,WE,Combined TRACON& Tower with Radar,492,85,96,1,674,0,43,137,1,181,492,128,233,2,855,242,0,242,1097
08/22/2003,OAK,CA,AWP,WE,Combined TRACON& Tower with Radar,469,87,98,0,654,0,47,230,0,277,469,134,328,0,931,266,0,266,1197
08/23/2003,OAK,CA,AWP,WE,Combined TRACON& Tower with Radar,374,49,72,0,495,26,0,189,0,215,400,49,261,0,710,180,0,180,890
08/24/2003,OAK,CA,AWP,WE,Combined TRACON& Tower with Radar,334,41,64,0,439,19,0,172,0,191,353,41,236,0,630,196,0,196,826
08/25/2003,OAK,CA,AWP,WE,Combined TRACON& Tower with Radar,357,60,69,0,486,31,20,204,5,260,388,80,273,5,746,204,0,204,950
08/26/2003,OAK,CA,AWP,WE,Combined TRACON& Tower with Radar,480,84,95,0,659,0,86,199,0,285,480,170,294,0,944,148,0,148,1092
08/27/2003,OAK,CA,AWP,WE,Combined TRACON& Tower with Radar,495,93,105,0,693,0,40,211,0,251,495,133,316,0,944,312,0,312,1256
08/28/2003,OAK,CA,AWP,WE,Combined TRACON& Tower with Radar,506,106,119,0,731,0,46,139,1,186,506,152,258,1,917,44,0,44,961
08/29/2003,OAK,CA,AWP,WE,Combined TRACON& Tower with Radar,474,86,96,0,656,0,5,257,0,262,474,91,353,0,918,212,0,212,1130
08/30/2003,OAK,CA,AWP,WE,Combined TRACON& Tower with Radar,386,45,74,0,505,24,0,117,2,143,410,45,191,2,648,114,2,116,764
08/31/2003,OAK,CA,AWP,WE,Combined TRACON& Tower with Radar,269,18,51,0,338,50,0,115,0,165,319,18,166,0,503,136,0,136,639
09/01/2003,OAK,CA,AWP,WE,Combined TRACON& Tower with Radar,343,40,69,0,452,40,0,139,0,179,383,40,208,0,631,162,0,162,793
09/02/2003,OAK,CA,AWP,WE,Combined TRACON& Tower with Radar,422,75,85,0,582,33,22,158,0,213,455,97,243,0,795,114,0,114,909
09/03/2003,OAK,CA,AWP,WE,Combined TRACON& Tower with Radar,476,89,101,0,666,0,90,149,0,239,476,179,250,0,905,62,0,62,967
09/04/2003,OAK,CA,AWP,WE,Combined TRACON& Tower with Radar,548,102,116,0,766,0,51,257,0,308,548,153,373,0,1074,172,0,172,1246
09/05/2003,OAK,CA,AWP,WE,Combined TRACON& Tower with Radar,485,89,101,1,676,0,46,224,4,274,485,135,325,5,950,176,0,176,1126
09/06/2003,OAK,CA,AWP,WE,Combined TRACON& Tower with Radar,328,49,67,1,445,42,0,162,1,205,370,49,229,2,650,146,0,146,796
09/07/2003,OAK,CA,AWP,WE,Combined TRACON& Tower with Radar,332,20,68,0,420,41,0,155,0,196,373,20,223,0,616,304,0,304,920
09/08/2003,OAK,CA,AWP,WE,Combined TRACON& Tower with Radar,410,72,84,1,567,32,4,125,1,162,442,76,209,2,729,182,0,182,911
09/09/2003,OAK,CA,AWP,WE,Combined TRACON& Tower with Radar,493,88,101,1,683,12,14,70,4,100,505,102,171,5,783,260,0,260,1043
09/10/2003,OAK,CA,AWP,WE,Combined TRACON& Tower with Radar,483,97,113,1,694,0,73,260,0,333,483,170,373,1,1027,234,0,234,1261
09/11/2003,OAK,CA,AWP,WE,Combined TRACON& Tower with Radar,489,88,101,1,679,0,58,235,0,293,489,146,336,1,972,84,0,84,1056
09/12/2003,OAK,CA,AWP,WE,Combined TRACON& Tower with Radar,461,82,94,1,638,21,40,262,1,324,482,122,356,2,962,172,0,172,1134
09/13/2003,OAK,CA,AWP,WE,Combined TRACON& Tower with Radar,319,44,65,0,428,50,0,119,0,169,369,44,184,0,597,98,0,98,695
09/14/2003,OAK,CA,AWP,WE,Combined TRACON& Tower with Radar,361,25,74,1,461,56,0,140,5,201,417,25,214,6,662,166,0,166,828
09/15/2003,OAK,CA,AWP,WE,Combined TRACON& Tower with Radar,398,70,83,1,552,0,14,125,1,140,398,84,208,2,692,126,0,126,818
09/16/2003,OAK,CA,AWP,WE,Combined TRACON& Tower with Radar,500,88,103,1,692,0,36,236,2,274,500,124,339,3,966,122,2,124,1090
09/17/2003,OAK,CA,AWP,WE,Combined TRACON& Tower with Radar,457,83,96,0,636,0,86,250,0,336,457,169,346,0,972,248,0,248,1220
09/18/2003,OAK,CA,AWP,WE,Combined TRACON& Tower with Radar,498,90,106,0,694,0,71,268,0,339,498,161,374,0,1033,146,0,146,1179
09/19/2003,OAK,CA,AWP,WE,Combined TRACON& Tower with Radar,456,83,96,0,635,0,67,252,0,319,456,150,348,0,954,138,0,138,1092
09/20/2003,OAK,CA,AWP,WE,Combined TRACON& Tower with Radar,333,58,68,0,459,41,7,182,3,233,374,65,250,3,692,110,0,110,802
09/21/2003,OAK,CA,AWP,WE,Combined TRACON& Tower with Radar,336,36,67,0,439,40,0,154,0,194,376,36,221,0,633,104,0,104,737
09/22/2003,OAK,CA,AWP,WE,Combined TRACON& Tower with Radar,382,67,77,0,526,19,46,166,0,231,401,113,243,0,757,118,0,118,875
09/23/2003,OAK,CA,AWP,WE,Combined TRACON& Tower with Radar,462,82,94,0,638,0,45,170,0,215,462,127,264,0,853,112,0,112,965
09/24/2003,OAK,CA,AWP,WE,Combined TRACON& Tower with Radar,471,94,108,0,673,0,45,118,0,163,471,139,226,0,836,186,0,186,1022
09/25/2003,OAK,CA,AWP,WE,Combined TRACON& Tower with Radar,498,108,123,0,729,0,62,183,2,247,498,170,306,2,976,394,0,394,1370
09/26/2003,OAK,CA,AWP,WE,Combined TRACON& Tower with Radar,481,91,103,0,675,0,12,159,0,171,481,103,262,0,846,134,0,134,980
09/27/2003,OAK,CA,AWP,WE,Combined TRACON& Tower with Radar,352,50,70,0,472,16,0,83,0,99,368,50,153,0,571,124,0,124,695
09/28/2003,OAK,CA,AWP,WE,Combined TRACON& Tower with Radar,404,44,85,0,533,0,0,149,0,149,404,44,234,0,682,228,0,228,910
09/29/2003,OAK,CA,AWP,WE,Combined TRACON& Tower with Radar,395,70,79,0,544,2,24,154,3,183,397,94,233,3,727,94,0,94,821
09/30/2003,OAK,CA,AWP,WE,Combined TRACON& Tower with Radar,496,90,102,0,688,0,43,161,2,206,496,133,263,2,894,194,0,194,1088
10/01/2003,OAK,CA,AWP,WE,Combined TRACON& Tower with Radar,466,103,112,3,684,0,38,119,1,158,466,141,231,4,842,148,0,148,990
10/02/2003,OAK,CA,AWP,WE,Combined TRACON& Tower with Radar,517,103,113,0,733,0,18,168,0,186,517,121,281,0,919,252,0,252,1171
10/03/2003,OAK,CA,AWP,WE,Combined TRACON& Tower with Radar,441,92,101,1,635,0,50,180,0,230,441,142,281,1,865,180,0,180,1045
10/04/2003,OAK,CA,AWP,WE,Combined TRACON& Tower with Radar,318,29,27,0,374,73,0,0,0,73,391,29,27,0,447,0,0,0,447
10/05/2003,OAK,CA,AWP,WE,Combined TRACON& Tower with Radar,367,28,71,0,466,38,0,175,0,213,405,28,246,0,679,114,0,114,793
10/06/2003,OAK,CA,AWP,WE,Combined TRACON& Tower with Radar,414,74,80,1,569,6,13,216,0,235,420,87,296,1,804,154,0,154,958
10/07/2003,OAK,CA,AWP,WE,Combined TRACON& Tower with Radar,430,57,20,0,507,89,0,0,0,89,519,57,20,0,596,0,0,0,596
10/08/2003,OAK,CA,AWP,WE,Combined TRACON& Tower with Radar,488,88,97,0,673,0,42,229,0,271,488,130,326,0,944,174,0,174,1118
10/09/2003,OAK,CA,AWP,WE,Combined TRACON& Tower with Radar,527,100,111,3,741,0,26,224,26,276,527,126,335,29,1017,222,0,222,1239
10/10/2003,OAK,CA,AWP,WE,Combined TRACON& Tower with Radar,463,87,95,2,647,0,86,240,45,371,463,173,335,47,1018,84,0,84,1102
10/11/2003,OAK,CA,AWP,WE,Combined TRACON& Tower with Radar,322,44,63,2,431,45,0,137,18,200,367,44,200,20,631,68,6,74,705
10/12/2003,OAK,CA,AWP,WE,Combined TRACON& Tower with Radar,320,23,63,2,408,62,0,132,17,211,382,23,195,19,619,2,0,2,621
10/13/2003,OAK,CA,AWP,WE,Combined TRACON& Tower with Radar,371,63,73,2,509,30,0,213,8,251,401,63,286,10,760,106,0,106,866
10/14/2003,OAK,CA,AWP,WE,Combined TRACON& Tower with Radar,498,88,98,2,686,27,42,177,10,256,525,130,275,12,942,228,0,228,1170
10/15/2003,OAK,CA,AWP,WE,Combined TRACON& Tower with Radar,500,94,103,2,699,0,54,202,0,256,500,148,305,2,955,140,0,140,1095
10/16/2003,OAK,CA,AWP,WE,Combined TRACON& Tower with Radar,501,88,98,1,688,22,26,207,0,255,523,114,305,1,943,188,0,188,1131
10/17/2003,OAK,CA,AWP,WE,Combined TRACON& Tower with Radar,459,85,95,0,639,0,77,294,0,371,459,162,389,0,1010,129,0,129,1139
10/18/2003,OAK,CA,AWP,WE,Combined TRACON& Tower with Radar,321,39,63,0,423,41,0,140,0,181,362,39,203,0,604,124,0,124,728
10/19/2003,OAK,CA,AWP,WE,Combined TRACON& Tower with Radar,363,32,71,0,466,42,0,166,0,208,405,32,237,0,674,108,0,108,782
10/20/2003,OAK,CA,AWP,WE,Combined TRACON& Tower with Radar,444,78,87,0,609,3,26,239,0,268,447,104,326,0,877,76,0,76,953
10/21/2003,OAK,CA,AWP,WE,Combined TRACON& Tower with Radar,481,85,94,0,660,13,47,199,0,259,494,132,293,0,919,146,0,146,1065
10/22/2003,OAK,CA,AWP,WE,Combined TRACON& Tower with Radar,465,102,113,2,682,0,67,236,0,303,465,169,349,2,985,114,0,114,1099
10/23/2003,OAK,CA,AWP,WE,Combined TRACON& Tower with Radar,488,92,102,0,682,0,69,218,0,287,488,161,320,0,969,100,0,100,1069
10/24/2003,OAK,CA,AWP,WE,Combined TRACON& Tower with Radar,469,82,92,0,643,11,23,265,0,299,480,105,357,0,942,158,0,158,1100
10/25/2003,OAK,CA,AWP,WE,Combined TRACON& Tower with Radar,344,42,67,1,454,21,0,166,0,187,365,42,233,1,641,150,0,150,791
10/26/2003,OAK,CA,AWP,WE,Combined TRACON& Tower with Radar,310,38,60,1,409,5,0,241,1,247,315,38,301,2,656,116,0,116,772
10/27/2003,OAK,CA,AWP,WE,Combined TRACON& Tower with Radar,382,68,74,1,525,34,22,148,5,209,416,90,222,6,734,143,0,143,877
10/28/2003,OAK,CA,AWP,WE,Combined TRACON& Tower with Radar,481,86,93,1,661,31,38,168,2,239,512,124,261,3,900,130,0,130,1030
10/29/2003,OAK,CA,AWP,WE,Combined TRACON& Tower with Radar,469,89,96,0,654,0,91,225,0,316,469,180,321,0,970,142,0,142,1112
10/30/2003,OAK,CA,AWP,WE,Combined TRACON& Tower with Radar,495,92,100,1,688,0,68,202,0,270,495,160,302,1,958,188,0,188,1146
10/31/2003,OAK,CA,AWP,WE,Combined TRACON& Tower with Radar,496,92,100,0,688,0,66,108,0,174,496,158,208,0,862,56,0,56,918
11/01/2003,OAK,CA,AWP,WE,Combined TRACON& Tower with Radar,322,38,54,0,414,34,0,106,0,140,356,38,160,0,554,126,0,126,680
11/02/2003,OAK,CA,AWP,WE,Combined TRACON& Tower with Radar,353,33,60,0,446,27,0,106,0,133,380,33,166,0,579,110,0,110,689
11/03/2003,OAK,CA,AWP,WE,Combined TRACON& Tower with Radar,418,72,73,0,563,0,41,136,0,177,418,113,209,0,740,130,0,130,870
11/04/2003,OAK,CA,AWP,WE,Combined TRACON& Tower with Radar,503,87,84,1,675,2,47,181,0,230,505,134,265,1,905,198,0,198,1103
11/05/2003,OAK,CA,AWP,WE,Combined TRACON& Tower with Radar,488,93,92,1,674,0,69,191,0,260,488,162,283,1,934,164,0,164,1098
11/06/2003,OAK,CA,AWP,WE,Combined TRACON& Tower with Radar,468,90,87,0,645,0,75,189,0,264,468,165,276,0,909,220,0,220,1129
11/07/2003,OAK,CA,AWP,WE,Combined TRACON& Tower with Radar,457,82,80,1,620,0,45,96,0,141,457,127,176,1,761,154,0,154,915
11/08/2003,OAK,CA,AWP,WE,Combined TRACON& Tower with Radar,359,48,61,1,469,26,0,41,0,67,385,48,102,1,536,14,0,14,550
11/09/2003,OAK,CA,AWP,WE,Combined TRACON& Tower with Radar,353,35,60,1,449,20,0,88,0,108,373,35,148,1,557,156,0,156,713
11/10/2003,OAK,CA,AWP,WE,Combined TRACON& Tower with Radar,390,67,67,1,525,30,3,180,2,215,420,70,247,3,740,104,0,104,844
11/11/2003,OAK,CA,AWP,WE,Combined TRACON& Tower with Radar,445,77,76,0,598,33,9,242,0,284,478,86,318,0,882,280,0,280,1162
11/12/2003,OAK,CA,AWP,WE,Combined TRACON& Tower with Radar,485,92,90,0,667,0,73,268,0,341,485,165,358,0,1008,302,0,302,1310
11/13/2003,OAK,CA,AWP,WE,Combined TRACON& Tower with Radar,506,93,93,1,693,0,52,208,0,260,506,145,301,1,953,262,0,262,1215
11/14/2003,OAK,CA,AWP,WE,Combined TRACON& Tower with Radar,457,82,81,0,620,0,31,91,0,122,457,113,172,0,742,104,0,104,846
11/15/2003,OAK,CA,AWP,WE,Combined TRACON& Tower with Radar,350,55,60,0,465,26,0,44,0,70,376,55,104,0,535,118,0,118,653
11/16/2003,OAK,CA,AWP,WE,Combined TRACON& Tower with Radar,395,30,69,0,494,0,0,224,0,224,395,30,293,0,718,144,0,144,862
11/17/2003,OAK,CA,AWP,WE,Combined TRACON& Tower with Radar,404,70,69,1,544,3,21,142,0,166,407,91,211,1,710,90,0,90,800
11/18/2003,OAK,CA,AWP,WE,Combined TRACON& Tower with Radar,521,91,90,0,702,0,35,290,0,325,521,126,380,0,1027,182,0,182,1209
11/19/2003,OAK,CA,AWP,WE,Combined TRACON& Tower with Radar,498,90,89,1,678,0,68,245,0,313,498,158,334,1,991,304,0,304,1295
11/20/2003,OAK,CA,AWP,WE,Combined TRACON& Tower with Radar,506,91,90,1,688,0,24,124,1,149,506,115,214,2,837,44,0,44,881
11/21/2003,OAK,CA,AWP,WE,Combined TRACON& Tower with Radar,463,81,81,0,625,0,61,176,5,242,463,142,257,5,867,42,0,42,909
11/22/2003,OAK,CA,AWP,WE,Combined TRACON& Tower with Radar,332,44,56,0,432,39,0,168,5,212,371,44,224,5,644,174,0,174,818
11/23/2003,OAK,CA,AWP,WE,Combined TRACON& Tower with Radar,358,39,60,0,457,13,0,234,0,247,371,39,294,0,704,46,0,46,750
11/24/2003,OAK,CA,AWP,WE,Combined TRACON& Tower with Radar,399,68,67,0,534,27,23,157,0,207,426,91,224,0,741,164,0,164,905
11/25/2003,OAK,CA,AWP,WE,Combined TRACON& Tower with Radar,459,78,78,0,615,6,51,155,4,216,465,129,233,4,831,138,0,138,969
11/26/2003,OAK,CA,AWP,WE,Combined TRACON& Tower with Radar,506,86,86,0,678,20,22,200,0,242,526,108,286,0,920,92,0,92,1012
11/27/2003,OAK,CA,AWP,WE,Combined TRACON& Tower with Radar,250,40,42,0,332,36,0,37,0,73,286,40,79,0,405,40,0,40,445
11/28/2003,OAK,CA,AWP,WE,Combined TRACON& Tower with Radar,387,66,67,0,520,0,41,87,0,128,387,107,154,0,648,48,0,48,696
11/29/2003,OAK,CA,AWP,WE,Combined TRACON& Tower with Radar,343,56,58,0,457,32,0,49,0,81,375,56,107,0,538,86,0,86,624
11/30/2003,OAK,CA,AWP,WE,Combined TRACON& Tower with Radar,401,55,74,0,530,0,0,82,1,83,401,55,156,1,613,18,0,18,631
12/01/2003,OAK,CA,AWP,WE,Combined TRACON& Tower with Radar,419,83,63,0,565,0,22,48,0,70,419,105,111,0,635,106,0,106,741
12/02/2003,OAK,CA,AWP,WE,Combined TRACON& Tower with Radar,510,101,76,0,687,0,37,107,0,144,510,138,183,0,831,212,0,212,1043
12/03/2003,OAK,CA,AWP,WE,Combined TRACON& Tower with Radar,533,103,79,0,715,0,27,70,0,97,533,130,149,0,812,62,0,62,874
12/04/2003,OAK,CA,AWP,WE,Combined TRACON& Tower with Radar,473,95,72,0,640,0,1,42,0,43,473,96,114,0,683,0,0,0,683
12/05/2003,OAK,CA,AWP,WE,Combined TRACON& Tower with Radar,444,96,73,0,613,0,23,99,0,122,444,119,172,0,735,130,0,130,865
12/06/2003,OAK,CA,AWP,WE,Combined TRACON& Tower with Radar,357,62,51,0,470,5,0,67,0,72,362,62,118,0,542,146,0,146,688
12/07/2003,OAK,CA,AWP,WE,Combined TRACON& Tower with Radar,394,37,57,0,488,23,0,147,1,171,417,37,204,1,659,146,0,146,805
12/08/2003,OAK,CA,AWP,WE,Combined TRACON& Tower with Radar,405,77,58,0,540,13,22,181,1,217,418,99,239,1,757,106,0,106,863
12/09/2003,OAK,CA,AWP,WE,Combined TRACON& Tower with Radar,494,95,71,0,660,0,39,39,1,79,494,134,110,1,739,78,0,78,817
12/10/2003,OAK,CA,AWP,WE,Combined TRACON& Tower with Radar,485,98,74,0,657,0,31,70,0,101,485,129,144,0,758,158,0,158,916
12/11/2003,OAK,CA,AWP,WE,Combined TRACON& Tower with Radar,504,100,75,0,679,0,44,119,0,163,504,144,194,0,842,112,0,112,954
12/12/2003,OAK,CA,AWP,WE,Combined TRACON& Tower with Radar,469,94,69,1,633,0,29,66,1,96,469,123,135,2,729,186,0,186,915
12/13/2003,OAK,CA,AWP,WE,Combined TRACON& Tower with Radar,354,51,50,0,455,22,0,55,0,77,376,51,105,0,532,106,0,106,638
12/14/2003,OAK,CA,AWP,WE,Combined TRACON& Tower with Radar,383,34,54,0,471,42,0,135,0,177,425,34,189,0,648,132,0,132,780
12/15/2003,OAK,CA,AWP,WE,Combined TRACON& Tower with Radar,426,80,60,0,566,1,48,104,0,153,427,128,164,0,719,118,0,118,837
12/16/2003,OAK,CA,AWP,WE,Combined TRACON& Tower with Radar,497,94,70,0,661,22,31,66,0,119,519,125,136,0,780,42,0,42,822
12/17/2003,OAK,CA,AWP,WE,Combined TRACON& Tower with Radar,502,103,77,1,683,0,75,188,0,263,502,178,265,1,946,78,0,78,1024
12/18/2003,OAK,CA,AWP,WE,Combined TRACON& Tower with Radar,480,91,68,1,640,20,26,85,0,131,500,117,153,1,771,114,0,114,885
12/19/2003,OAK,CA,AWP,WE,Combined TRACON& Tower with Radar,498,94,70,1,663,1,14,69,0,84,499,108,139,1,747,86,0,86,833
12/20/2003,OAK,CA,AWP,WE,Combined TRACON& Tower with Radar,389,51,55,0,495,19,0,50,0,69,408,51,105,0,564,254,0,254,818
12/21/2003,OAK,CA,AWP,WE,Combined TRACON& Tower with Radar,376,39,53,0,468,37,0,72,0,109,413,39,125,0,577,92,0,92,669
12/22/2003,OAK,CA,AWP,WE,Combined TRACON& Tower with Radar,459,87,64,0,610,13,11,96,0,120,472,98,160,0,730,144,0,144,874
12/23/2003,OAK,CA,AWP,WE,Combined TRACON& Tower with Radar,532,107,80,0,719,0,70,35,0,105,532,177,115,0,824,0,0,0,824
12/24/2003,OAK,CA,AWP,WE,Combined TRACON& Tower with Radar,492,97,65,0,654,0,71,0,0,71,492,168,65,0,725,0,0,0,725
12/25/2003,OAK,CA,AWP,WE,Combined TRACON& Tower with Radar,298,42,22,0,362,48,0,0,0,48,346,42,22,0,410,34,0,34,444
12/26/2003,OAK,CA,AWP,WE,Combined TRACON& Tower with Radar,441,82,62,0,585,2,22,135,0,159,443,104,197,0,744,126,0,126,870
12/27/2003,OAK,CA,AWP,WE,Combined TRACON& Tower with Radar,347,42,49,0,438,21,0,135,0,156,368,42,184,0,594,106,0,106,700
12/28/2003,OAK,CA,AWP,WE,Combined TRACON& Tower with Radar,327,24,46,0,397,57,0,57,0,114,384,24,103,0,511,126,0,126,637
12/29/2003,OAK,CA,AWP,WE,Combined TRACON& Tower with Radar,381,72,27,0,480,0,32,0,2,34,381,104,27,2,514,0,0,0,514
12/30/2003,OAK,CA,AWP,WE,Combined TRACON& Tower with Radar,466,87,65,0,618,7,15,74,0,96,473,102,139,0,714,120,0,120,834
12/31/2003,OAK,CA,AWP,WE,Combined TRACON& Tower with Radar,439,82,61,0,582,1,37,35,6,79,440,119,96,6,661,112,0,112,773
01/01/2004,OAK,CA,AWP,WE,Combined TRACON& Tower with Radar,254,34,28,0,316,31,0,0,0,31,285,34,28,0,347,1,0,1,348
01/02/2004,OAK,CA,AWP,WE,Combined TRACON& Tower with Radar,380,67,64,0,511,53,0,2,0,55,433,67,66,0,566,110,0,110,676
01/03/2004,OAK,CA,AWP,WE,Combined TRACON& Tower with Radar,339,60,57,0,456,21,0,126,0,147,360,60,183,0,603,146,0,146,749
01/04/2004,OAK,CA,AWP,WE,Combined TRACON& Tower with Radar,353,47,59,1,460,12,0,181,0,193,365,47,240,1,653,54,0,54,707
01/05/2004,OAK,CA,AWP,WE,Combined TRACON& Tower with Radar,403,77,68,1,549,23,16,72,1,112,426,93,140,2,661,42,0,42,703
01/06/2004,OAK,CA,AWP,WE,Combined TRACON& Tower with Radar,437,84,74,1,596,30,27,20,0,77,467,111,94,1,673,110,0,110,783
01/07/2004,OAK,CA,AWP,WE,Combined TRACON& Tower with Radar,447,96,86,0,629,0,71,124,0,195,447,167,210,0,824,102,0,102,926
01/08/2004,OAK,CA,AWP,WE,Combined TRACON& Tower with Radar,456,88,78,0,622,0,30,70,0,100,456,118,148,0,722,40,0,40,762
01/09/2004,OAK,CA,AWP,WE,Combined TRACON& Tower with Radar,420,80,71,1,572,13,38,49,2,102,433,118,120,3,674,36,0,36,710
01/10/2004,OAK,CA,AWP,WE,Combined TRACON& Tower with Radar,351,59,60,1,471,13,0,110,0,123,364,59,170,1,594,216,0,216,810
01/11/2004,OAK,CA,AWP,WE,Combined TRACON& Tower with Radar,363,30,62,1,456,27,0,157,1,185,390,30,219,2,641,54,0,54,695
01/12/2004,OAK,CA,AWP,WE,Combined TRACON& Tower with Radar,424,84,75,1,584,0,19,34,1,54,424,103,109,2,638,14,0,14,652
01/13/2004,OAK,CA,AWP,WE,Combined TRACON& Tower with Radar,493,96,86,0,675,0,36,53,0,89,493,132,139,0,764,126,0,126,890
01/14/2004,OAK,CA,AWP,WE,Combined TRACON& Tower with Radar,487,99,89,1,676,0,65,83,1,149,487,164,172,2,825,80,0,80,905
01/15/2004,OAK,CA,AWP,WE,Combined TRACON& Tower with Radar,520,108,97,0,725,0,33,64,0,97,520,141,161,0,822,64,0,64,886
01/16/2004,OAK,CA,AWP,WE,Combined TRACON& Tower with Radar,504,98,88,1,691,0,26,77,1,104,504,124,165,2,795,197,0,197,992
01/17/2004,OAK,CA,AWP,WE,Combined TRACON& Tower with Radar,354,24,60,0,438,25,0,111,0,136,379,24,171,0,574,292,0,292,866
01/18/2004,OAK,CA,AWP,WE,Combined TRACON& Tower with Radar,397,38,67,1,503,20,0,130,1,151,417,38,197,2,654,226,0,226,880
01/19/2004,OAK,CA,AWP,WE,Combined TRACON& Tower with Radar,448,73,76,0,597,0,0,24,2,26,448,73,100,2,623,0,0,0,623
01/20/2004,OAK,CA,AWP,WE,Combined TRACON& Tower with Radar,492,93,83,0,668,3,12,88,0,103,495,105,171,0,771,104,0,104,875
01/21/2004,OAK,CA,AWP,WE,Combined TRACON& Tower with Radar,506,97,87,0,690,0,53,121,0,174,506,150,208,0,864,20,0,20,884
01/22/2004,OAK,CA,AWP,WE,Combined TRACON& Tower with Radar,504,95,86,0,685,16,22,165,0,203,520,117,251,0,888,280,0,280,1168
01/23/2004,OAK,CA,AWP,WE,Combined TRACON& Tower with Radar,482,93,84,0,659,0,17,137,2,156,482,110,221,2,815,169,0,169,984
01/24/2004,OAK,CA,AWP,WE,Combined TRACON& Tower with Radar,346,53,58,0,457,29,0,20,2,51,375,53,78,2,508,218,0,218,726
01/25/2004,OAK,CA,AWP,WE,Combined TRACON& Tower with Radar,360,31,61,0,452,42,0,173,2,217,402,31,234,2,669,200,0,200,869
01/26/2004,OAK,CA,AWP,WE,Combined TRACON& Tower with Radar,400,76,68,0,544,0,14,115,0,129,400,90,183,0,673,174,0,174,847
01/27/2004,OAK,CA,AWP,WE,Combined TRACON& Tower with Radar,460,91,82,0,633,0,47,37,0,84,460,138,119,0,717,60,0,60,777
01/28/2004,OAK,CA,AWP,WE,Combined TRACON& Tower with Radar,477,96,87,0,660,0,54,187,0,241,477,150,274,0,901,202,0,202,1103
01/29/2004,OAK,CA,AWP,WE,Combined TRACON& Tower with Radar,498,108,97,0,703,0,25,64,0,89,498,133,161,0,792,16,0,16,808
01/30/2004,OAK,CA,AWP,WE,Combined TRACON& Tower with Radar,444,95,85,0,624,0,63,169,4,236,444,158,254,4,860,210,0,210,1070
01/31/2004,OAK,CA,AWP,WE,Combined TRACON& Tower with Radar,352,54,59,0,465,30,0,165,0,195,382,54,224,0,660,146,0,146,806
02/01/2004,OAK,CA,AWP,WE,Combined TRACON& Tower with Radar,365,47,59,0,471,26,0,12,5,43,391,47,71,5,514,30,0,30,544
02/02/2004,OAK,CA,AWP,WE,Combined TRACON& Tower with Radar,456,84,73,0,613,12,11,14,0,37,468,95,87,0,650,34,0,34,684
02/03/2004,OAK,CA,AWP,WE,Combined TRACON& Tower with Radar,499,92,80,0,671,13,23,21,0,57,512,115,101,0,728,124,0,124,852
02/04/2004,OAK,CA,AWP,WE,Combined TRACON& Tower with Radar,465,95,82,0,642,0,63,191,0,254,465,158,273,0,896,296,0,296,1192
02/05/2004,OAK,CA,AWP,WE,Combined TRACON& Tower with Radar,499,92,80,0,671,5,32,137,0,174,504,124,217,0,845,156,0,156,1001
02/06/2004,OAK,CA,AWP,WE,Combined TRACON& Tower with Radar,477,94,80,0,651,0,56,162,0,218,477,150,242,0,869,112,0,112,981
02/07/2004,OAK,CA,AWP,WE,Combined TRACON& Tower with Radar,352,47,55,1,455,23,0,174,0,197,375,47,229,1,652,194,0,194,846
02/08/2004,OAK,CA,AWP,WE,Combined TRACON& Tower with Radar,362,39,57,0,458,30,0,165,0,195,392,39,222,0,653,204,0,204,857
02/09/2004,OAK,CA,AWP,WE,Combined TRACON& Tower with Radar,412,77,65,1,555,12,29,104,3,148,424,106,169,4,703,92,0,92,795
02/10/2004,OAK,CA,AWP,WE,Combined TRACON& Tower with Radar,485,90,77,1,653,13,47,140,3,203,498,137,217,4,856,95,0,95,951
02/11/2004,OAK,CA,AWP,WE,Combined TRACON& Tower with Radar,500,96,81,0,677,0,51,217,0,268,500,147,298,0,945,214,0,214,1159
02/12/2004,OAK,CA,AWP,WE,Combined TRACON& Tower with Radar,497,92,79,1,669,1,50,114,1,166,498,142,193,2,835,106,0,106,941
02/13/2004,OAK,CA,AWP,WE,Combined TRACON& Tower with Radar,471,96,81,1,649,0,21,193,0,214,471,117,274,1,863,72,0,72,935
02/14/2004,OAK,CA,AWP,WE,Combined TRACON& Tower with Radar,364,71,59,1,495,0,0,149,0,149,364,71,208,1,644,168,0,168,812
02/15/2004,OAK,CA,AWP,WE,Combined TRACON& Tower with Radar,351,35,55,0,441,46,0,85,0,131,397,35,140,0,572,136,0,136,708
02/16/2004,OAK,CA,AWP,WE,Combined TRACON& Tower with Radar,399,52,61,0,512,23,0,0,0,23,422,52,61,0,535,0,0,0,535
02/17/2004,OAK,CA,AWP,WE,Combined TRACON& Tower with Radar,464,86,74,0,624,1,19,15,0,35,465,105,89,0,659,42,0,42,701
02/18/2004,OAK,CA,AWP,WE,Combined TRACON& Tower with Radar,491,103,87,0,681,0,57,205,0,262,491,160,292,0,943,174,0,174,1117
02/19/2004,OAK,CA,AWP,WE,Combined TRACON& Tower with Radar,504,94,82,0,680,0,33,154,3,190,504,127,236,3,870,106,0,106,976
02/20/2004,OAK,CA,AWP,WE,Combined TRACON& Tower with Radar,475,87,75,0,637,17,42,41,2,102,492,129,116,2,739,164,0,164,903
02/21/2004,OAK,CA,AWP,WE,Combined TRACON& Tower with Radar,365,48,58,0,471,33,0,66,1,100,398,48,124,1,571,236,0,236,807
02/22/2004,OAK,CA,AWP,WE,Combined TRACON& Tower with Radar,364,54,57,0,475,10,0,70,1,81,374,54,127,1,556,224,0,224,780
02/23/2004,OAK,CA,AWP,WE,Combined TRACON& Tower with Radar,423,78,66,0,567,12,15,85,2,114,435,93,151,2,681,96,0,96,777
02/24/2004,OAK,CA,AWP,WE,Combined TRACON& Tower with Radar,481,90,77,0,648,0,50,46,0,96,481,140,123,0,744,180,0,180,924
02/25/2004,OAK,CA,AWP,WE,Combined TRACON& Tower with Radar,502,93,80,0,675,0,35,13,0,48,502,128,93,0,723,0,0,0,723
02/26/2004,OAK,CA,AWP,WE,Combined TRACON& Tower with Radar,491,100,86,0,677,0,34,86,0,120,491,134,172,0,797,56,0,56,853
02/27/2004,OAK,CA,AWP,WE,Combined TRACON& Tower with Radar,488,95,81,0,664,0,25,159,0,184,488,120,240,0,848,128,0,128,976
02/28/2004,OAK,CA,AWP,WE,Combined TRACON& Tower with Radar,353,48,55,0,456,30,0,167,1,198,383,48,222,1,654,204,0,204,858
02/29/2004,OAK,CA,AWP,WE,Combined TRACON& Tower with Radar,378,40,60,0,478,14,0,174,0,188,392,40,234,0,666,220,0,220,886
03/01/2004,OAK,CA,AWP,WE,Combined TRACON& Tower with Radar,374,66,61,0,501,20,22,19,0,61,394,88,80,0,562,103,0,103,665
03/02/2004,OAK,CA,AWP,WE,Combined TRACON& Tower with Radar,490,88,84,1,663,0,52,133,0,185,490,140,217,1,848,116,2,118,966
03/03/2004,OAK,CA,AWP,WE,Combined TRACON& Tower with Radar,486,87,83,0,656,0,51,193,0,244,486,138,276,0,900,96,0,96,996
03/04/2004,OAK,CA,AWP,WE,Combined TRACON& Tower with Radar,495,90,87,0,672,0,43,193,0,236,495,133,280,0,908,94,0,94,1002
03/05/2004,OAK,CA,AWP,WE,Combined TRACON& Tower with Radar,471,87,84,0,642,0,39,201,0,240,471,126,285,0,882,326,0,326,1208
03/06/2004,OAK,CA,AWP,WE,Combined TRACON& Tower with Radar,370,32,62,1,465,33,0,182,1,216,403,32,244,2,681,174,0,174,855
03/07/2004,OAK,CA,AWP,WE,Combined TRACON& Tower with Radar,370,39,62,0,471,14,0,220,0,234,384,39,282,0,705,130,0,130,835
03/08/2004,OAK,CA,AWP,WE,Combined TRACON& Tower with Radar,398,70,67,1,536,12,33,120,0,165,410,103,187,1,701,50,0,50,751
03/09/2004,OAK,CA,AWP,WE,Combined TRACON& Tower with Radar,499,90,87,0,676,0,61,165,0,226,499,151,252,0,902,116,0,116,1018
03/10/2004,OAK,CA,AWP,WE,Combined TRACON& Tower with Radar,499,92,89,1,681,0,55,281,2,338,499,147,370,3,1019,134,0,134,1153
03/11/2004,OAK,CA,AWP,WE,Combined TRACON& Tower with Radar,505,98,93,0,696,0,69,234,0,303,505,167,327,0,999,132,0,132,1131
03/12/2004,OAK,CA,AWP,WE,Combined TRACON& Tower with Radar,465,87,83,0,635,0,43,262,0,305,465,130,345,0,940,130,0,130,1070
03/13/2004,OAK,CA,AWP,WE,Combined TRACON& Tower with Radar,367,46,62,0,475,38,0,233,0,271,405,46,295,0,746,132,0,132,878
03/14/2004,OAK,CA,AWP,WE,Combined TRACON& Tower with Radar,376,45,63,0,484,17,0,228,0,245,393,45,291,0,729,222,0,222,951
03/15/2004,OAK,CA,AWP,WE,Combined TRACON& Tower with Radar,426,74,71,1,572,34,23,137,2,196,460,97,208,3,768,84,0,84,852
03/16/2004,OAK,CA,AWP,WE,Combined TRACON& Tower with Radar,481,83,81,0,645,27,45,178,0,250,508,128,259,0,895,194,0,194,1089
03/17/2004,OAK,CA,AWP,WE,Combined TRACON& Tower with Radar,472,83,80,0,635,0,45,223,0,268,472,128,303,0,903,178,0,178,1081
03/18/2004,OAK,CA,AWP,WE,Combined TRACON& Tower with Radar,523,90,88,0,701,17,34,171,1,223,540,124,259,1,924,144,0,144,1068
03/19/2004,OAK,CA,AWP,WE,Combined TRACON& Tower with Radar,492,85,83,0,660,0,38,183,1,222,492,123,266,1,882,664,0,664,1546
03/20/2004,OAK,CA,AWP,WE,Combined TRACON& Tower with Radar,363,47,60,0,470,20,0,175,0,195,383,47,235,0,665,144,0,144,809
03/21/2004,OAK,CA,AWP,WE,Combined TRACON& Tower with Radar,408,43,69,0,520,21,0,124,2,147,429,43,193,2,667,54,0,54,721
03/22/2004,OAK,CA,AWP,WE,Combined TRACON& Tower with Radar,397,77,75,0,549,0,18,85,1,104,397,95,160,1,653,154,0,154,807
03/23/2004,OAK,CA,AWP,WE,Combined TRACON& Tower with Radar,507,93,90,0,690,0,56,106,4,166,507,149,196,4,856,184,0,184,1040
03/24/2004,OAK,CA,AWP,WE,Combined TRACON& Tower with Radar,517,89,87,0,693,6,27,172,2,207,523,116,259,2,900,188,0,188,1088
03/25/2004,OAK,CA,AWP,WE,Combined TRACON& Tower with Radar,485,88,86,0,659,0,29,65,2,96,485,117,151,2,755,2,0,2,757
03/26/2004,OAK,CA,AWP,WE,Combined TRACON& Tower with Radar,478,87,85,0,650,0,21,123,0,144,478,108,208,0,794,170,0,170,964
03/27/2004,OAK,CA,AWP,WE,Combined TRACON& Tower with Radar,373,38,61,0,472,13,0,117,3,133,386,38,178,3,605,148,0,148,753
03/28/2004,OAK,CA,AWP,WE,Combined TRACON& Tower with Radar,375,35,61,0,471,34,0,171,2,207,409,35,232,2,678,118,0,118,796
03/29/2004,OAK,CA,AWP,WE,Combined TRACON& Tower with Radar,418,73,69,0,560,21,27,109,3,160,439,100,178,3,720,70,0,70,790
03/30/2004,OAK,CA,AWP,WE,Combined TRACON& Tower with Radar,488,85,81,0,654,7,43,103,0,153,495,128,184,0,807,171,0,171,978
03/31/2004,OAK,CA,AWP,WE,Combined TRACON& Tower with Radar,545,95,91,0,731,1,56,217,0,274,546,151,308,0,1005,238,0,238,1243
04/01/2004,OAK,CA,AWP,WE,Combined TRACON& Tower with Radar,532,100,91,0,723,0,45,185,0,230,532,145,276,0,953,108,0,108,1061
04/02/2004,OAK,CA,AWP,WE,Combined TRACON& Tower with Radar,470,85,77,0,632,6,38,221,0,265,476,123,298,0,897,178,0,178,1075
04/03/2004,OAK,CA,AWP,WE,Combined TRACON& Tower with Radar,365,39,60,0,464,54,0,124,3,181,419,39,184,3,645,82,0,82,727
04/04/2004,OAK,CA,AWP,WE,Combined TRACON& Tower with Radar,353,33,58,0,444,22,0,64,1,87,375,33,122,1,531,266,0,266,797
04/05/2004,OAK,CA,AWP,WE,Combined TRACON& Tower with Radar,411,74,66,1,552,18,16,119,0,153,429,90,185,1,705,166,0,166,871
04/06/2004,OAK,CA,AWP,WE,Combined TRACON& Tower with Radar,481,87,78,0,646,4,54,147,0,205,485,141,225,0,851,330,0,330,1181
04/07/2004,OAK,CA,AWP,WE,Combined TRACON& Tower with Radar,480,95,86,1,662,0,87,218,1,306,480,182,304,2,968,306,0,306,1274
04/08/2004,OAK,CA,AWP,WE,Combined TRACON& Tower with Radar,506,100,91,1,698,0,47,189,0,236,506,147,280,1,934,138,0,138,1072
04/09/2004,OAK,CA,AWP,WE,Combined TRACON& Tower with Radar,474,92,84,1,651,0,39,186,5,230,474,131,270,6,881,116,0,116,997
04/10/2004,OAK,CA,AWP,WE,Combined TRACON& Tower with Radar,367,49,59,1,476,23,0,170,1,194,390,49,229,2,670,144,0,144,814
04/11/2004,OAK,CA,AWP,WE,Combined TRACON& Tower with Radar,379,47,61,1,488,18,0,81,0,99,397,47,142,1,587,98,0,98,685
04/12/2004,OAK,CA,AWP,WE,Combined TRACON& Tower with Radar,430,77,70,1,578,0,15,164,1,180,430,92,234,2,758,248,0,248,1006
04/13/2004,OAK,CA,AWP,WE,Combined TRACON& Tower with Radar,511,92,83,1,687,1,37,138,1,177,512,129,221,2,864,264,0,264,1128
04/14/2004,OAK,CA,AWP,WE,Combined TRACON& Tower with Radar,497,94,86,1,678,0,47,238,0,285,497,141,324,1,963,446,0,446,1409
04/15/2004,OAK,CA,AWP,WE,Combined TRACON& Tower with Radar,513,93,83,1,690,0,23,154,0,177,513,116,237,1,867,290,0,290,1157
04/16/2004,OAK,CA,AWP,WE,Combined TRACON& Tower with Radar,488,92,84,1,665,0,54,195,3,252,488,146,279,4,917,98,0,98,1015
04/17/2004,OAK,CA,AWP,WE,Combined TRACON& Tower with Radar,368,65,59,0,492,6,0,108,0,114,374,65,167,0,606,102,0,102,708
04/18/2004,OAK,CA,AWP,WE,Combined TRACON& Tower with Radar,356,38,57,0,451,24,0,74,0,98,380,38,131,0,549,244,0,244,793
04/19/2004,OAK,CA,AWP,WE,Combined TRACON& Tower with Radar,386,71,65,0,522,0,15,121,6,142,386,86,186,6,664,172,0,172,836
04/20/2004,OAK,CA,AWP,WE,Combined TRACON& Tower with Radar,476,84,78,0,638,17,33,161,1,212,493,117,239,1,850,302,0,302,1152
04/21/2004,OAK,CA,AWP,WE,Combined TRACON& Tower with Radar,487,90,82,0,659,0,66,119,0,185,487,156,201,0,844,260,0,260,1104
04/22/2004,OAK,CA,AWP,WE,Combined TRACON& Tower with Radar,476,84,77,0,637,18,37,218,0,273,494,121,295,0,910,302,0,302,1212
04/23/2004,OAK,CA,AWP,WE,Combined TRACON& Tower with Radar,507,94,86,0,687,0,42,273,1,316,507,136,359,1,1003,280,0,280,1283
04/24/2004,OAK,CA,AWP,WE,Combined TRACON& Tower with Radar,378,54,61,0,493,38,0,181,4,223,416,54,242,4,716,180,0,180,896
04/25/2004,OAK,CA,AWP,WE,Combined TRACON& Tower with Radar,343,29,55,0,427,43,0,200,2,245,386,29,255,2,672,142,0,142,814
04/26/2004,OAK,CA,AWP,WE,Combined TRACON& Tower with Radar,405,72,65,0,542,11,25,190,3,229,416,97,255,3,771,162,0,162,933
04/27/2004,OAK,CA,AWP,WE,Combined TRACON& Tower with Radar,485,86,79,0,650,28,31,188,0,247,513,117,267,0,897,260,0,260,1157
04/28/2004,OAK,CA,AWP,WE,Combined TRACON& Tower with Radar,472,89,81,0,642,0,78,244,0,322,472,167,325,0,964,208,0,208,1172
04/29/2004,OAK,CA,AWP,WE,Combined TRACON& Tower with Radar,486,87,79,0,652,8,45,220,0,273,494,132,299,0,925,182,0,182,1107
04/30/2004,OAK,CA,AWP,WE,Combined TRACON& Tower with Radar,436,82,74,0,592,0,49,223,0,272,436,131,297,0,864,144,0,144,1008
05/01/2004,OAK,CA,AWP,WE,Combined TRACON& Tower with Radar,342,34,55,0,431,51,0,116,4,171,393,34,171,4,602,200,0,200,802
05/02/2004,OAK,CA,AWP,WE,Combined TRACON& Tower with Radar,335,33,53,0,421,38,0,157,0,195,373,33,210,0,616,158,0,158,774
05/03/2004,OAK,CA,AWP,WE,Combined TRACON& Tower with Radar,399,64,63,1,527,14,37,151,2,204,413,101,214,3,731,88,0,88,819
05/04/2004,OAK,CA,AWP,WE,Combined TRACON& Tower with Radar,531,86,85,0,702,0,32,175,0,207,531,118,260,0,909,242,0,242,1151
05/05/2004,OAK,CA,AWP,WE,Combined TRACON& Tower with Radar,447,77,76,0,600,0,77,212,0,289,447,154,288,0,889,84,0,84,973
05/06/2004,OAK,CA,AWP,WE,Combined TRACON& Tower with Radar,507,82,80,0,669,10,24,203,0,237,517,106,283,0,906,30,0,30,936
05/07/2004,OAK,CA,AWP,WE,Combined TRACON& Tower with Radar,486,78,77,1,642,10,7,187,1,205,496,85,264,2,847,54,0,54,901
05/08/2004,OAK,CA,AWP,WE,Combined TRACON& Tower with Radar,385,49,61,0,495,31,0,208,0,239,416,49,269,0,734,168,0,168,902
05/09/2004,OAK,CA,AWP,WE,Combined TRACON& Tower with Radar,357,27,56,1,441,43,0,126,0,169,400,27,182,1,610,100,0,100,710
05/10/2004,OAK,CA,AWP,WE,Combined TRACON& Tower with Radar,405,65,64,1,535,18,38,137,2,195,423,103,201,3,730,192,0,192,922
05/11/2004,OAK,CA,AWP,WE,Combined TRACON& Tower with Radar,495,80,78,1,654,1,39,169,0,209,496,119,247,1,863,238,0,238,1101
05/12/2004,OAK,CA,AWP,WE,Combined TRACON& Tower with Radar,491,89,87,0,667,0,106,281,5,392,491,195,368,5,1059,224,0,224,1283
05/13/2004,OAK,CA,AWP,WE,Combined TRACON& Tower with Radar,510,90,89,0,689,0,53,272,0,325,510,143,361,0,1014,144,0,144,1158
05/14/2004,OAK,CA,AWP,WE,Combined TRACON& Tower with Radar,494,80,78,0,652,6,28,200,0,234,500,108,278,0,886,66,0,66,952
05/15/2004,OAK,CA,AWP,WE,Combined TRACON& Tower with Radar,360,50,56,0,466,17,0,176,1,194,377,50,232,1,660,154,0,154,814
05/16/2004,OAK,CA,AWP,WE,Combined TRACON& Tower with Radar,375,48,59,0,482,28,0,152,0,180,403,48,211,0,662,154,0,154,816
05/17/2004,OAK,CA,AWP,WE,Combined TRACON& Tower with Radar,418,68,67,0,553,0,29,139,3,171,418,97,206,3,724,178,0,178,902
05/18/2004,OAK,CA,AWP,WE,Combined TRACON& Tower with Radar,483,77,76,0,636,23,34,174,2,233,506,111,250,2,869,180,0,180,1049
05/19/2004,OAK,CA,AWP,WE,Combined TRACON& Tower with Radar,497,83,82,0,662,0,50,189,0,239,497,133,271,0,901,132,0,132,1033
05/20/2004,OAK,CA,AWP,WE,Combined TRACON& Tower with Radar,511,86,85,0,682,0,54,148,0,202,511,140,233,0,884,310,0,310,1194
05/21/2004,OAK,CA,AWP,WE,Combined TRACON& Tower with Radar,515,91,91,0,697,0,49,95,3,147,515,140,186,3,844,132,0,132,976
05/22/2004,OAK,CA,AWP,WE,Combined TRACON& Tower with Radar,388,46,61,0,495,10,0,142,0,152,398,46,203,0,647,178,0,178,825
05/23/2004,OAK,CA,AWP,WE,Combined TRACON& Tower with Radar,375,41,59,0,475,26,0,164,0,190,401,41,223,0,665,188,0,188,853
05/24/2004,OAK,CA,AWP,WE,Combined TRACON& Tower with Radar,436,72,71,0,579,0,26,141,8,175,436,98,212,8,754,182,0,182,936
05/25/2004,OAK,CA,AWP,WE,Combined TRACON& Tower with Radar,494,83,83,0,660,0,36,210,0,246,494,119,293,0,906,248,0,248,1154
05/26/2004,OAK,CA,AWP,WE,Combined TRACON& Tower with Radar,513,93,92,0,698,0,74,236,3,313,513,167,328,3,1011,380,24,404,1415
05/27/2004,OAK,CA,AWP,WE,Combined TRACON& Tower with Radar,516,92,92,0,700,0,40,139,5,184,516,132,231,5,884,284,0,284,1168
05/28/2004,OAK,CA,AWP,WE,Combined TRACON& Tower with Radar,497,80,79,0,656,0,28,64,1,93,497,108,143,1,749,144,0,144,893
05/29/2004,OAK,CA,AWP,WE,Combined TRACON& Tower with Radar,373,48,58,0,479,41,0,143,0,184,414,48,201,0,663,272,0,272,935
05/30/2004,OAK,CA,AWP,WE,Combined TRACON& Tower with Radar,292,25,46,0,363,46,0,89,0,135,338,25,135,0,498,162,0,162,660
05/31/2004,OAK,CA,AWP,WE,Combined TRACON& Tower with Radar,355,32,55,0,442,40,0,165,2,207,395,32,220,2,649,88,0,88,737
06/01/2004,OAK,CA,AWP,WE,Combined TRACON& Tower with Radar,428,76,77,1,582,31,44,165,2,242,459,120,242,3,824,190,0,190,1014
06/02/2004,OAK,CA,AWP,WE,Combined TRACON& Tower with Radar,477,91,92,1,661,0,95,248,4,347,477,186,340,5,1008,440,0,440,1448
06/03/2004,OAK,CA,AWP,WE,Combined TRACON& Tower with Radar,505,106,109,0,720,0,79,211,0,290,505,185,320,0,1010,290,0,290,1300
06/04/2004,OAK,CA,AWP,WE,Combined TRACON& Tower with Radar,503,98,101,0,702,0,31,192,0,223,503,129,293,0,925,172,0,172,1097
06/05/2004,OAK,CA,AWP,WE,Combined TRACON& Tower with Radar,370,38,68,1,477,35,0,151,1,187,405,38,219,2,664,256,0,256,920
06/06/2004,OAK,CA,AWP,WE,Combined TRACON& Tower with Radar,351,30,64,1,446,59,0,118,0,177,410,30,182,1,623,178,0,178,801
06/07/2004,OAK,CA,AWP,WE,Combined TRACON& Tower with Radar,377,67,69,0,513,53,13,106,0,172,430,80,175,0,685,142,0,142,827
06/08/2004,OAK,CA,AWP,WE,Combined TRACON& Tower with Radar,494,88,90,1,673,23,36,126,1,186,517,124,216,2,859,218,0,218,1077
06/09/2004,OAK,CA,AWP,WE,Combined TRACON& Tower with Radar,528,98,101,0,727,0,26,175,0,201,528,124,276,0,928,290,0,290,1218
06/10/2004,OAK,CA,AWP,WE,Combined TRACON& Tower with Radar,546,101,105,0,752,0,21,168,0,189,546,122,273,0,941,248,0,248,1189
06/11/2004,OAK,CA,AWP,WE,Combined TRACON& Tower with Radar,500,90,93,1,684,0,43,190,2,235,500,133,283,3,919,112,0,112,1031
06/12/2004,OAK,CA,AWP,WE,Combined TRACON& Tower with Radar,385,44,71,1,501,64,0,129,0,193,449,44,200,1,694,204,0,204,898
06/13/2004,OAK,CA,AWP,WE,Combined TRACON& Tower with Radar,334,39,61,1,435,48,0,121,0,169,382,39,182,1,604,120,0,120,724
06/14/2004,OAK,CA,AWP,WE,Combined TRACON& Tower with Radar,373,66,68,1,508,2,57,158,0,217,375,123,226,1,725,94,0,94,819
06/15/2004,OAK,CA,AWP,WE,Combined TRACON& Tower with Radar,486,86,89,1,662,11,37,188,4,240,497,123,277,5,902,152,0,152,1054
06/16/2004,OAK,CA,AWP,WE,Combined TRACON& Tower with Radar,516,97,101,1,715,0,44,261,2,307,516,141,362,3,1022,194,0,194,1216
06/17/2004,OAK,CA,AWP,WE,Combined TRACON& Tower with Radar,504,93,96,1,694,0,44,223,0,267,504,137,319,1,961,100,0,100,1061
06/18/2004,OAK,CA,AWP,WE,Combined TRACON& Tower with Radar,477,90,95,0,662,0,32,209,5,246,477,122,304,5,908,150,0,150,1058
06/19/2004,OAK,CA,AWP,WE,Combined TRACON& Tower with Radar,377,43,68,0,488,19,0,88,0,107,396,43,156,0,595,138,0,138,733
06/20/2004,OAK,CA,AWP,WE,Combined TRACON& Tower with Radar,398,37,72,0,507,0,0,107,0,107,398,37,179,0,614,120,0,120,734
06/21/2004,OAK,CA,AWP,WE,Combined TRACON& Tower with Radar,447,81,83,0,611,0,13,125,0,138,447,94,208,0,749,118,0,118,867
06/22/2004,OAK,CA,AWP,WE,Combined TRACON& Tower with Radar,487,89,92,0,668,0,36,138,0,174,487,125,230,0,842,144,0,144,986
06/23/2004,OAK,CA,AWP,WE,Combined TRACON& Tower with Radar,542,99,101,0,742,0,45,137,0,182,542,144,238,0,924,128,0,128,1052
06/24/2004,OAK,CA,AWP,WE,Combined TRACON& Tower with Radar,537,97,100,0,734,0,45,192,0,237,537,142,292,0,971,68,0,68,1039
06/25/2004,OAK,CA,AWP,WE,Combined TRACON& Tower with Radar,485,85,88,0,658,6,34,221,2,263,491,119,309,2,921,112,0,112,1033
06/26/2004,OAK,CA,AWP,WE,Combined TRACON& Tower with Radar,379,51,68,0,498,40,0,192,1,233,419,51,260,1,731,212,0,212,943
06/27/2004,OAK,CA,AWP,WE,Combined TRACON& Tower with Radar,356,35,64,0,455,36,0,147,4,187,392,35,211,4,642,240,0,240,882
06/28/2004,OAK,CA,AWP,WE,Combined TRACON& Tower with Radar,432,76,78,0,586,11,9,120,0,140,443,85,198,0,726,170,0,170,896
06/29/2004,OAK,CA,AWP,WE,Combined TRACON& Tower with Radar,510,90,92,0,692,28,21,159,1,209,538,111,251,1,901,218,0,218,1119
06/30/2004,OAK,CA,AWP,WE,Combined TRACON& Tower with Radar,523,102,105,0,730,0,74,179,0,253,523,176,284,0,983,140,0,140,1123
07/01/2004,OAK,CA,AWP,WE,Combined TRACON& Tower with Radar,503,89,95,1,688,0,56,149,0,205,503,145,244,1,893,214,0,214,1107
07/02/2004,OAK,CA,AWP,WE,Combined TRACON& Tower with Radar,510,87,94,0,691,0,34,137,0,171,510,121,231,0,862,152,0,152,1014
07/03/2004,OAK,CA,AWP,WE,Combined TRACON& Tower with Radar,377,43,68,0,488,46,0,95,0,141,423,43,163,0,629,138,0,138,767
07/04/2004,OAK,CA,AWP,WE,Combined TRACON& Tower with Radar,267,20,48,0,335,55,0,48,0,103,322,20,96,0,438,33,0,33,471
07/05/2004,OAK,CA,AWP,WE,Combined TRACON& Tower with Radar,363,52,66,0,481,30,0,99,0,129,393,52,165,0,610,84,0,84,694
07/06/2004,OAK,CA,AWP,WE,Combined TRACON& Tower with Radar,419,70,76,0,565,18,28,124,0,170,437,98,200,0,735,162,0,162,897
07/07/2004,OAK,CA,AWP,WE,Combined TRACON& Tower with Radar,488,94,102,1,685,0,72,247,1,320,488,166,349,2,1005,370,0,370,1375
07/08/2004,OAK,CA,AWP,WE,Combined TRACON& Tower with Radar,558,93,102,0,753,2,29,160,0,191,560,122,262,0,944,218,0,218,1162
07/09/2004,OAK,CA,AWP,WE,Combined TRACON& Tower with Radar,498,89,97,0,684,0,47,145,0,192,498,136,242,0,876,224,0,224,1100
07/10/2004,OAK,CA,AWP,WE,Combined TRACON& Tower with Radar,382,42,70,0,494,39,0,103,0,142,421,42,173,0,636,74,0,74,710
07/11/2004,OAK,CA,AWP,WE,Combined TRACON& Tower with Radar,358,38,65,1,462,41,0,125,1,167,399,38,190,2,629,170,0,170,799
07/12/2004,OAK,CA,AWP,WE,Combined TRACON& Tower with Radar,406,69,74,0,549,18,13,104,0,135,424,82,178,0,684,112,0,112,796
07/13/2004,OAK,CA,AWP,WE,Combined TRACON& Tower with Radar,529,90,97,0,716,0,32,160,0,192,529,122,257,0,908,234,0,234,1142
07/14/2004,OAK,CA,AWP,WE,Combined TRACON& Tower with Radar,507,92,99,0,698,0,45,229,0,274,507,137,328,0,972,156,0,156,1128
07/15/2004,OAK,CA,AWP,WE,Combined TRACON& Tower with Radar,522,90,98,0,710,0,32,208,0,240,522,122,306,0,950,222,0,222,1172
07/16/2004,OAK,CA,AWP,WE,Combined TRACON& Tower with Radar,491,82,89,0,662,5,14,151,0,170,496,96,240,0,832,238,0,238,1070
07/17/2004,OAK,CA,AWP,WE,Combined TRACON& Tower with Radar,362,52,66,0,480,50,0,120,0,170,412,52,186,0,650,204,0,204,854
07/18/2004,OAK,CA,AWP,WE,Combined TRACON& Tower with Radar,389,48,71,0,508,29,0,139,0,168,418,48,210,0,676,266,0,266,942
07/19/2004,OAK,CA,AWP,WE,Combined TRACON& Tower with Radar,452,78,86,0,616,0,15,176,0,191,452,93,262,0,807,132,0,132,939
07/20/2004,OAK,CA,AWP,WE,Combined TRACON& Tower with Radar,529,97,107,0,733,0,35,174,4,213,529,132,281,4,946,138,0,138,1084
07/21/2004,OAK,CA,AWP,WE,Combined TRACON& Tower with Radar,545,92,101,0,738,0,38,171,1,210,545,130,272,1,948,32,1,33,981
07/22/2004,OAK,CA,AWP,WE,Combined TRACON& Tower with Radar,506,90,96,0,692,0,48,168,3,219,506,138,264,3,911,84,0,84,995
07/23/2004,OAK,CA,AWP,WE,Combined TRACON& Tower with Radar,488,90,96,0,674,0,33,128,0,161,488,123,224,0,835,166,0,166,1001
07/24/2004,OAK,CA,AWP,WE,Combined TRACON& Tower with Radar,388,42,70,0,500,39,0,59,3,101,427,42,129,3,601,292,0,292,893
07/25/2004,OAK,CA,AWP,WE,Combined TRACON& Tower with Radar,365,34,66,0,465,38,0,124,0,162,403,34,190,0,627,76,0,76,703
07/26/2004,OAK,CA,AWP,WE,Combined TRACON& Tower with Radar,435,73,78,0,586,1,29,130,3,163,436,102,208,3,749,212,0,212,961
07/27/2004,OAK,CA,AWP,WE,Combined TRACON& Tower with Radar,516,87,93,0,696,13,42,105,0,160,529,129,198,0,856,72,0,72,928
07/28/2004,OAK,CA,AWP,WE,Combined TRACON& Tower with Radar,459,84,90,0,633,0,66,209,2,277,459,150,299,2,910,210,0,210,1120
07/29/2004,OAK,CA,AWP,WE,Combined TRACON& Tower with Radar,502,91,97,0,690,0,31,169,0,200,502,122,266,0,890,188,0,188,1078
07/30/2004,OAK,CA,AWP,WE,Combined TRACON& Tower with Radar,515,90,96,0,701,0,15,122,2,139,515,105,218,2,840,152,0,152,992
07/31/2004,OAK,CA,AWP,WE,Combined TRACON& Tower with Radar,385,32,69,0,486,41,0,44,0,85,426,32,113,0,571,192,0,192,763
08/01/2004,OAK,CA,AWP,WE,Combined TRACON& Tower with Radar,406,53,78,0,537,0,0,110,0,110,406,53,188,0,647,170,0,170,817
08/02/2004,OAK,CA,AWP,WE,Combined TRACON& Tower with Radar,466,80,93,0,639,0,19,49,0,68,466,99,142,0,707,236,0,236,943
08/03/2004,OAK,CA,AWP,WE,Combined TRACON& Tower with Radar,507,83,97,1,688,11,25,118,0,154,518,108,215,1,842,98,0,98,940
08/04/2004,OAK,CA,AWP,WE,Combined TRACON& Tower with Radar,572,96,113,1,782,0,29,162,1,192,572,125,275,2,974,62,0,62,1036
08/05/2004,OAK,CA,AWP,WE,Combined TRACON& Tower with Radar,530,95,112,1,738,0,42,178,0,220,530,137,290,1,958,174,0,174,1132
08/06/2004,OAK,CA,AWP,WE,Combined TRACON& Tower with Radar,493,82,97,0,672,0,50,172,0,222,493,132,269,0,894,204,0,204,1098
08/07/2004,OAK,CA,AWP,WE,Combined TRACON& Tower with Radar,378,34,72,0,484,63,0,131,0,194,441,34,203,0,678,154,0,154,832
08/08/2004,OAK,CA,AWP,WE,Combined TRACON& Tower with Radar,409,46,78,0,533,26,0,129,0,155,435,46,207,0,688,85,0,85,773
08/09/2004,OAK,CA,AWP,WE,Combined TRACON& Tower with Radar,419,70,82,1,572,0,21,88,1,110,419,91,170,2,682,116,0,116,798
08/10/2004,OAK,CA,AWP,WE,Combined TRACON& Tower with Radar,524,86,100,1,711,0,28,121,3,152,524,114,221,4,863,168,0,168,1031
08/11/2004,OAK,CA,AWP,WE,Combined TRACON& Tower with Radar,511,88,103,0,702,0,50,204,0,254,511,138,307,0,956,170,0,170,1126
08/12/2004,OAK,CA,AWP,WE,Combined TRACON& Tower with Radar,541,95,110,1,747,0,57,148,7,212,541,152,258,8,959,154,0,154,1113
08/13/2004,OAK,CA,AWP,WE,Combined TRACON& Tower with Radar,494,88,103,0,685,0,50,151,0,201,494,138,254,0,886,202,0,202,1088
08/14/2004,OAK,CA,AWP,WE,Combined TRACON& Tower with Radar,421,58,81,0,560,1,0,84,0,85,422,58,165,0,645,192,0,192,837
08/15/2004,OAK,CA,AWP,WE,Combined TRACON& Tower with Radar,352,25,67,0,444,36,0,145,0,181,388,25,212,0,625,58,0,58,683
08/16/2004,OAK,CA,AWP,WE,Combined TRACON& Tower with Radar,430,69,82,1,582,25,25,183,4,237,455,94,265,5,819,140,0,140,959
08/17/2004,OAK,CA,AWP,WE,Combined TRACON& Tower with Radar,506,83,95,0,684,15,39,153,3,210,521,122,248,3,894,82,0,82,976
08/18/2004,OAK,CA,AWP,WE,Combined TRACON& Tower with Radar,485,86,99,0,670,0,73,236,7,316,485,159,335,7,986,219,0,219,1205
08/19/2004,OAK,CA,AWP,WE,Combined TRACON& Tower with Radar,529,91,106,0,726,0,47,171,1,219,529,138,277,1,945,82,0,82,1027
08/20/2004,OAK,CA,AWP,WE,Combined TRACON& Tower with Radar,518,85,98,0,701,0,16,166,0,182,518,101,264,0,883,156,0,156,1039
08/21/2004,OAK,CA,AWP,WE,Combined TRACON& Tower with Radar,397,36,75,0,508,31,0,108,0,139,428,36,183,0,647,76,0,76,723
08/22/2004,OAK,CA,AWP,WE,Combined TRACON& Tower with Radar,380,34,72,0,486,29,0,185,1,215,409,34,257,1,701,176,0,176,877
08/23/2004,OAK,CA,AWP,WE,Combined TRACON& Tower with Radar,442,71,83,0,596,6,17,104,0,127,448,88,187,0,723,134,0,134,857
08/24/2004,OAK,CA,AWP,WE,Combined TRACON& Tower with Radar,500,85,98,0,683,0,17,70,1,88,500,102,168,1,771,114,0,114,885
08/25/2004,OAK,CA,AWP,WE,Combined TRACON& Tower with Radar,507,85,99,0,691,0,45,162,4,211,507,130,261,4,902,50,0,50,952
08/26/2004,OAK,CA,AWP,WE,Combined TRACON& Tower with Radar,500,81,94,0,675,34,19,141,4,198,534,100,235,4,873,146,0,146,1019
08/27/2004,OAK,CA,AWP,WE,Combined TRACON& Tower with Radar,488,79,92,0,659,16,25,153,0,194,504,104,245,0,853,104,0,104,957
08/28/2004,OAK,CA,AWP,WE,Combined TRACON& Tower with Radar,345,30,65,0,440,60,0,94,0,154,405,30,159,0,594,112,0,112,706
08/29/2004,OAK,CA,AWP,WE,Combined TRACON& Tower with Radar,382,44,72,0,498,25,0,138,0,163,407,44,210,0,661,108,0,108,769
08/30/2004,OAK,CA,AWP,WE,Combined TRACON& Tower with Radar,438,71,82,0,591,0,20,136,2,158,438,91,218,2,749,86,0,86,835
08/31/2004,OAK,CA,AWP,WE,Combined TRACON& Tower with Radar,530,87,101,0,718,0,35,137,0,172,530,122,238,0,890,198,0,198,1088
09/01/2004,OAK,CA,AWP,WE,Combined TRACON& Tower with Radar,513,92,91,0,696,0,74,169,0,243,513,166,260,0,939,146,0,146,1085
09/02/2004,OAK,CA,AWP,WE,Combined TRACON& Tower with Radar,501,88,86,0,675,0,67,163,0,230,501,155,249,0,905,70,0,70,975
09/03/2004,OAK,CA,AWP,WE,Combined TRACON& Tower with Radar,493,83,80,0,656,6,26,200,0,232,499,109,280,0,888,84,0,84,972
09/04/2004,OAK,CA,AWP,WE,Combined TRACON& Tower with Radar,369,30,60,0,459,48,0,126,0,174,417,30,186,0,633,62,0,62,695
09/05/2004,OAK,CA,AWP,WE,Combined TRACON& Tower with Radar,314,17,50,0,381,65,0,109,0,174,379,17,159,0,555,104,0,104,659
09/06/2004,OAK,CA,AWP,WE,Combined TRACON& Tower with Radar,372,38,60,1,471,31,0,163,0,194,403,38,223,1,665,206,0,206,871
09/07/2004,OAK,CA,AWP,WE,Combined TRACON& Tower with Radar,449,76,73,1,599,19,7,165,1,192,468,83,238,2,791,182,0,182,973
09/08/2004,OAK,CA,AWP,WE,Combined TRACON& Tower with Radar,510,92,90,1,693,0,79,221,0,300,510,171,311,1,993,114,0,114,1107
09/09/2004,OAK,CA,AWP,WE,Combined TRACON& Tower with Radar,478,81,79,1,639,0,70,230,0,300,478,151,309,1,939,270,0,270,1209
09/10/2004,OAK,CA,AWP,WE,Combined TRACON& Tower with Radar,502,84,82,0,668,0,47,202,0,249,502,131,284,0,917,120,0,120,1037
09/11/2004,OAK,CA,AWP,WE,Combined TRACON& Tower with Radar,405,51,67,1,524,22,0,109,0,131,427,51,176,1,655,178,0,178,833
09/12/2004,OAK,CA,AWP,WE,Combined TRACON& Tower with Radar,398,35,65,0,498,20,0,125,0,145,418,35,190,0,643,102,0,102,745
09/13/2004,OAK,CA,AWP,WE,Combined TRACON& Tower with Radar,412,69,68,0,549,10,39,161,0,210,422,108,229,0,759,106,0,106,865
09/14/2004,OAK,CA,AWP,WE,Combined TRACON& Tower with Radar,469,79,77,0,625,24,43,153,0,220,493,122,230,0,845,122,0,122,967
09/15/2004,OAK,CA,AWP,WE,Combined TRACON& Tower with Radar,503,87,86,1,677,0,40,240,3,283,503,127,326,4,960,216,0,216,1176
09/16/2004,OAK,CA,AWP,WE,Combined TRACON& Tower with Radar,513,93,92,1,699,0,68,216,3,287,513,161,308,4,986,188,0,188,1174
09/17/2004,OAK,CA,AWP,WE,Combined TRACON& Tower with Radar,482,80,80,1,643,21,6,180,4,211,503,86,260,5,854,146,0,146,1000
09/18/2004,OAK,CA,AWP,WE,Combined TRACON& Tower with Radar,359,45,59,0,463,39,0,87,0,126,398,45,146,0,589,126,0,126,715
09/19/2004,OAK,CA,AWP,WE,Combined TRACON& Tower with Radar,419,44,69,0,532,10,0,105,0,115,429,44,174,0,647,86,0,86,733
09/20/2004,OAK,CA,AWP,WE,Combined TRACON& Tower with Radar,433,72,71,0,576,7,34,148,3,192,440,106,219,3,768,88,0,88,856
09/21/2004,OAK,CA,AWP,WE,Combined TRACON& Tower with Radar,485,80,80,0,645,20,32,184,7,243,505,112,264,7,888,198,0,198,1086
09/22/2004,OAK,CA,AWP,WE,Combined TRACON& Tower with Radar,499,88,88,0,675,0,69,248,2,319,499,157,336,2,994,154,0,154,1148
09/23/2004,OAK,CA,AWP,WE,Combined TRACON& Tower with Radar,513,89,88,0,690,0,48,259,0,307,513,137,347,0,997,248,0,248,1245
09/24/2004,OAK,CA,AWP,WE,Combined TRACON& Tower with Radar,508,84,84,0,676,8,18,201,0,227,516,102,285,0,903,138,0,138,1041
09/25/2004,OAK,CA,AWP,WE,Combined TRACON& Tower with Radar,367,51,60,0,478,23,0,115,1,139,390,51,175,1,617,52,0,52,669
09/26/2004,OAK,CA,AWP,WE,Combined TRACON& Tower with Radar,420,49,69,0,538,36,0,164,1,201,456,49,233,1,739,118,0,118,857
09/27/2004,OAK,CA,AWP,WE,Combined TRACON& Tower with Radar,416,78,77,0,571,0,9,91,1,101,416,87,168,1,672,272,0,272,944
09/28/2004,OAK,CA,AWP,WE,Combined TRACON& Tower with Radar,499,85,85,0,669,0,40,98,3,141,499,125,183,3,810,22,0,22,832
09/29/2004,OAK,CA,AWP,WE,Combined TRACON& Tower with Radar,542,98,98,0,738,0,47,143,0,190,542,145,241,0,928,276,0,276,1204
09/30/2004,OAK,CA,AWP,WE,Combined TRACON& Tower with Radar,513,97,96,0,706,0,61,157,6,224,513,158,253,6,930,302,0,302,1232
10/01/2004,OAK,CA,AWP,WE,Combined TRACON& Tower with Radar,488,112,102,0,702,0,6,102,0,108,488,118,204,0,810,90,0,90,900
10/02/2004,OAK,CA,AWP,WE,Combined TRACON& Tower with Radar,410,37,90,0,537,0,1,90,0,91,410,38,180,0,628,96,0,96,724
10/03/2004,OAK,CA,AWP,WE,Combined TRACON& Tower with Radar,396,38,86,0,520,0,0,66,0,66,396,38,152,0,586,26,0,26,612
10/04/2004,OAK,CA,AWP,WE,Combined TRACON& Tower with Radar,423,88,119,0,630,0,0,38,0,38,423,88,157,0,668,60,0,60,728
10/05/2004,OAK,CA,AWP,WE,Combined TRACON& Tower with Radar,520,96,114,2,732,21,12,106,6,145,541,108,220,8,877,112,0,112,989
10/06/2004,OAK,CA,AWP,WE,Combined TRACON& Tower with Radar,501,114,86,2,703,0,41,220,2,263,501,155,306,4,966,146,0,146,1112
10/07/2004,OAK,CA,AWP,WE,Combined TRACON& Tower with Radar,540,82,137,6,765,0,33,185,12,230,540,115,322,18,995,112,0,112,1107
10/08/2004,OAK,CA,AWP,WE,Combined TRACON& Tower with Radar,504,98,112,0,714,0,29,217,0,246,504,127,329,0,960,238,0,238,1198
10/09/2004,OAK,CA,AWP,WE,Combined TRACON& Tower with Radar,378,38,42,0,458,0,3,130,0,133,378,41,172,0,591,96,0,96,687
10/10/2004,OAK,CA,AWP,WE,Combined TRACON& Tower with Radar,420,35,42,0,497,0,0,163,0,163,420,35,205,0,660,256,0,256,916
10/11/2004,OAK,CA,AWP,WE,Combined TRACON& Tower with Radar,435,54,49,0,538,0,19,113,0,132,435,73,162,0,670,72,0,72,742
10/12/2004,OAK,CA,AWP,WE,Combined TRACON& Tower with Radar,513,74,64,0,651,0,25,180,2,207,513,99,244,2,858,172,0,172,1030
10/13/2004,OAK,CA,AWP,WE,Combined TRACON& Tower with Radar,523,108,72,0,703,0,27,194,10,231,523,135,266,10,934,118,0,118,1052
10/14/2004,OAK,CA,AWP,WE,Combined TRACON& Tower with Radar,515,95,89,0,699,0,31,179,4,214,515,126,268,4,913,108,0,108,1021
10/15/2004,OAK,CA,AWP,WE,Combined TRACON& Tower with Radar,521,93,84,0,698,0,21,159,4,184,521,114,243,4,882,312,0,312,1194
10/16/2004,OAK,CA,AWP,WE,Combined TRACON& Tower with Radar,377,64,68,0,509,0,1,102,0,103,377,65,170,0,612,356,0,356,968
10/17/2004,OAK,CA,AWP,WE,Combined TRACON& Tower with Radar,393,28,89,0,510,0,0,24,0,24,393,28,113,0,534,48,0,48,582
10/18/2004,OAK,CA,AWP,WE,Combined TRACON& Tower with Radar,425,79,83,0,587,0,12,79,0,91,425,91,162,0,678,170,4,174,852
10/19/2004,OAK,CA,AWP,WE,Combined TRACON& Tower with Radar,516,105,60,0,681,0,6,20,0,26,516,111,80,0,707,20,0,20,727
10/20/2004,OAK,CA,AWP,WE,Combined TRACON& Tower with Radar,466,114,77,0,657,0,28,141,0,169,466,142,218,0,826,188,0,188,1014
10/21/2004,OAK,CA,AWP,WE,Combined TRACON& Tower with Radar,502,92,103,0,697,0,22,199,4,225,502,114,302,4,922,174,0,174,1096
10/22/2004,OAK,CA,AWP,WE,Combined TRACON& Tower with Radar,531,84,116,1,732,0,8,142,3,153,531,92,258,4,885,196,0,196,1081
10/23/2004,OAK,CA,AWP,WE,Combined TRACON& Tower with Radar,356,46,63,0,465,0,0,13,0,13,356,46,76,0,478,12,0,12,490
10/24/2004,OAK,CA,AWP,WE,Combined TRACON& Tower with Radar,405,34,101,0,540,0,2,71,0,73,405,36,172,0,613,236,0,236,849
10/25/2004,OAK,CA,AWP,WE,Combined TRACON& Tower with Radar,438,72,86,0,596,0,16,124,0,140,438,88,210,0,736,148,0,148,884
10/26/2004,OAK,CA,AWP,WE,Combined TRACON& Tower with Radar,511,100,95,1,707,0,10,111,3,124,511,110,206,4,831,82,0,82,913
10/27/2004,OAK,CA,AWP,WE,Combined TRACON& Tower with Radar,515,118,90,1,724,0,40,160,3,203,515,158,250,4,927,230,0,230,1157
10/28/2004,OAK,CA,AWP,WE,Combined TRACON& Tower with Radar,514,106,110,2,732,0,22,199,2,223,514,128,309,4,955,192,0,192,1147
10/29/2004,OAK,CA,AWP,WE,Combined TRACON& Tower with Radar,511,81,91,2,685,0,35,184,8,227,511,116,275,10,912,180,0,180,1092
10/30/2004,OAK,CA,AWP,WE,Combined TRACON& Tower with Radar,410,33,83,0,526,0,1,63,0,64,410,34,146,0,590,28,0,28,618
10/31/2004,OAK,CA,AWP,WE,Combined TRACON& Tower with Radar,399,28,35,0,462,0,2,119,0,121,399,30,154,0,583,22,0,22,605
11/01/2004,OAK,CA,AWP,WE,Towers with Radar,415,67,35,2,519,0,26,155,8,189,415,93,190,10,708,170,0,170,878
11/02/2004,OAK,CA,AWP,WE,Towers with Radar,499,86,72,0,657,0,28,136,4,168,499,114,208,4,825,160,0,160,985
11/03/2004,OAK,CA,AWP,WE,Towers with Radar,502,114,95,0,711,0,20,130,12,162,502,134,225,12,873,266,0,266,1139
11/04/2004,OAK,CA,AWP,WE,Towers with Radar,504,129,154,0,787,0,22,128,0,150,504,151,282,0,937,184,0,184,1121
11/05/2004,OAK,CA,AWP,WE,Towers with Radar,518,106,95,0,719,0,39,215,4,258,518,145,310,4,977,232,0,232,1209
11/06/2004,OAK,CA,AWP,WE,Towers with Radar,390,49,59,1,499,0,4,139,3,146,390,53,198,4,645,114,0,114,759
11/07/2004,OAK,CA,AWP,WE,Towers with Radar,388,35,64,0,487,0,0,110,0,110,388,35,174,0,597,196,0,196,793
11/08/2004,OAK,CA,AWP,WE,Towers with Radar,425,83,116,3,627,0,1,53,3,57,425,84,169,6,684,220,0,220,904
11/09/2004,OAK,CA,AWP,WE,Towers with Radar,492,99,71,2,664,0,19,106,6,131,492,118,177,8,795,194,0,194,989
11/10/2004,OAK,CA,AWP,WE,Towers with Radar,549,121,107,0,777,0,22,86,0,108,549,143,193,0,885,134,0,134,1019
11/11/2004,OAK,CA,AWP,WE,Towers with Radar,515,85,101,0,701,0,12,16,0,28,515,97,117,0,729,0,0,0,729
11/12/2004,OAK,CA,AWP,WE,Towers with Radar,505,86,88,0,679,0,18,131,0,149,505,104,219,0,828,214,0,214,1042
11/13/2004,OAK,CA,AWP,WE,Towers with Radar,401,51,49,1,502,0,7,150,1,158,401,58,199,2,660,140,0,140,800
11/14/2004,OAK,CA,AWP,WE,Towers with Radar,437,35,65,0,537,0,0,138,0,138,437,35,203,0,675,68,0,68,743
11/15/2004,OAK,CA,AWP,WE,Towers with Radar,414,78,55,0,547,0,17,95,0,112,414,95,150,0,659,196,0,196,855
11/16/2004,OAK,CA,AWP,WE,Towers with Radar,476,100,80,0,656,0,12,77,0,89,476,112,157,0,745,90,0,90,835
11/17/2004,OAK,CA,AWP,WE,Towers with Radar,534,116,124,0,774,0,1,175,0,176,534,117,299,0,950,0,0,0,950
11/18/2004,OAK,CA,AWP,WE,Towers with Radar,524,108,124,0,756,0,18,96,0,114,524,126,220,0,870,256,0,256,1126
11/19/2004,OAK,CA,AWP,WE,Towers with Radar,492,101,110,0,703,0,25,167,0,192,492,126,277,0,895,138,0,138,1033
11/20/2004,OAK,CA,AWP,WE,Towers with Radar,384,49,56,0,489,0,14,139,0,153,384,63,195,0,642,126,0,126,768
11/21/2004,OAK,CA,AWP,WE,Towers with Radar,380,44,52,0,476,0,0,75,0,75,380,44,127,0,551,34,0,34,585
11/22/2004,OAK,CA,AWP,WE,Towers with Radar,436,73,46,0,555,0,23,173,0,196,436,96,219,0,751,60,0,60,811
11/23/2004,OAK,CA,AWP,WE,Towers with Radar,501,104,105,0,710,0,16,162,4,182,501,120,267,4,892,132,2,134,1026
11/24/2004,OAK,CA,AWP,WE,Towers with Radar,514,105,102,0,721,0,34,208,0,242,514,139,310,0,963,192,0,192,1155
11/25/2004,OAK,CA,AWP,WE,Towers with Radar,293,34,37,0,364,0,0,10,0,10,293,34,47,0,374,0,0,0,374
11/26/2004,OAK,CA,AWP,WE,Towers with Radar,462,61,46,0,569,0,12,106,0,118,462,73,152,0,687,142,0,142,829
11/27/2004,OAK,CA,AWP,WE,Towers with Radar,419,39,43,0,501,0,1,55,0,56,419,40,98,0,557,30,0,30,587
11/28/2004,OAK,CA,AWP,WE,Towers with Radar,437,45,99,0,581,0,3,138,0,141,437,48,237,0,722,168,0,168,890
11/29/2004,OAK,CA,AWP,WE,Towers with Radar,461,75,44,0,580,0,28,158,8,194,461,103,202,8,774,208,0,208,982
11/30/2004,OAK,CA,AWP,WE,Towers with Radar,528,94,66,0,688,0,21,118,6,145,528,115,184,6,833,68,0,68,901
12/01/2004,OAK,CA,AWP,WE,Towers with Radar,530,106,72,0,708,0,33,182,0,215,530,139,254,0,923,102,0,102,1025
12/02/2004,OAK,CA,AWP,WE,Towers with Radar,556,91,70,0,717,0,15,152,0,167,556,106,222,0,884,90,0,90,974
12/03/2004,OAK,CA,AWP,WE,Towers with Radar,538,73,47,0,658,0,17,143,0,160,538,90,190,0,818,36,0,36,854
12/04/2004,OAK,CA,AWP,WE,Towers with Radar,416,37,42,0,495,0,2,109,4,115,416,39,151,4,610,130,0,130,740
12/05/2004,OAK,CA,AWP,WE,Towers with Radar,411,50,54,0,515,0,0,69,0,69,411,50,123,0,584,58,0,58,642
12/06/2004,OAK,CA,AWP,WE,Towers with Radar,431,94,59,0,584,0,6,97,0,103,431,100,156,0,687,30,0,30,717
12/07/2004,OAK,CA,AWP,WE,Towers with Radar,527,116,55,0,698,0,14,86,6,106,527,130,141,6,804,232,0,232,1036
12/08/2004,OAK,CA,AWP,WE,Towers with Radar,540,134,109,0,783,0,1,9,0,10,540,135,118,0,793,0,0,0,793
12/09/2004,OAK,CA,AWP,WE,Towers with Radar,536,125,101,0,762,0,37,99,2,138,536,162,200,2,900,138,0,138,1038
12/10/2004,OAK,CA,AWP,WE,Towers with Radar,539,78,59,0,676,0,20,40,0,60,539,98,99,0,736,54,0,54,790
12/11/2004,OAK,CA,AWP,WE,Towers with Radar,422,59,55,0,536,0,8,103,0,111,422,67,158,0,647,290,0,290,937
12/12/2004,OAK,CA,AWP,WE,Towers with Radar,408,34,75,0,517,0,1,55,0,56,408,35,130,0,573,124,0,124,697
12/13/2004,OAK,CA,AWP,WE,Towers with Radar,444,81,87,0,612,0,10,63,8,81,444,91,150,8,693,238,0,238,931
12/14/2004,OAK,CA,AWP,WE,Towers with Radar,555,114,122,3,794,0,15,58,7,80,555,129,180,10,874,242,0,242,1116
12/15/2004,OAK,CA,AWP,WE,Towers with Radar,540,98,89,0,727,0,46,187,0,233,540,144,276,0,960,184,0,184,1144
12/16/2004,OAK,CA,AWP,WE,Towers with Radar,544,92,103,0,739,0,27,155,0,182,544,119,258,0,921,112,0,112,1033
12/17/2004,OAK,CA,AWP,WE,Towers with Radar,544,86,76,0,706,0,29,155,0,184,544,115,231,0,890,134,0,134,1024
12/18/2004,OAK,CA,AWP,WE,Towers with Radar,432,40,59,1,532,0,0,127,1,128,432,40,186,2,660,128,4,132,792
12/19/2004,OAK,CA,AWP,WE,Towers with Radar,416,33,70,1,520,0,2,122,2,126,416,35,192,3,646,188,0,188,834
12/20/2004,OAK,CA,AWP,WE,Towers with Radar,436,98,79,0,613,0,5,58,0,63,436,103,137,0,676,34,0,34,710
12/21/2004,OAK,CA,AWP,WE,Towers with Radar,560,69,62,1,692,0,16,197,3,216,560,85,259,4,908,102,0,102,1010
12/22/2004,OAK,CA,AWP,WE,Towers with Radar,520,106,61,0,687,0,53,157,0,210,520,159,218,0,897,152,0,152,1049
12/23/2004,OAK,CA,AWP,WE,Towers with Radar,503,111,10,0,624,0,63,152,0,215,503,174,162,0,839,62,0,62,901
12/24/2004,OAK,CA,AWP,WE,Towers with Radar,514,82,32,0,628,0,29,101,4,134,514,111,133,4,762,128,0,128,890
12/25/2004,OAK,CA,AWP,WE,Towers with Radar,388,33,12,0,433,0,2,34,0,36,388,35,46,0,469,68,0,68,537
12/26/2004,OAK,CA,AWP,WE,Towers with Radar,402,40,60,0,502,0,1,12,0,13,402,41,72,0,515,0,0,0,515
12/27/2004,OAK,CA,AWP,WE,Towers with Radar,468,80,52,0,600,0,4,12,0,16,468,84,64,0,616,2,0,2,618
12/28/2004,OAK,CA,AWP,WE,Towers with Radar,507,107,47,0,661,0,1,22,0,23,507,108,69,0,684,30,0,30,714
12/29/2004,OAK,CA,AWP,WE,Towers with Radar,509,110,73,0,692,0,20,70,0,90,509,130,143,0,782,116,0,116,898
12/30/2004,OAK,CA,AWP,WE,Towers with Radar,537,141,77,0,755,0,3,16,0,19,537,144,93,0,774,136,0,136,910
12/31/2004,OAK,CA,AWP,WE,Towers with Radar,488,86,29,0,603,0,9,47,0,56,488,95,76,0,659,98,0,98,757
01/01/2005,OAK,CA,AWP,WE,Towers with Radar,395,37,25,0,457,0,0,35,0,35,395,37,60,0,492,32,0,32,524
01/02/2005,OAK,CA,AWP,WE,Towers with Radar,426,51,69,1,547,0,0,9,1,10,426,51,78,2,557,58,0,58,615
01/03/2005,OAK,CA,AWP,WE,Towers with Radar,447,92,39,0,578,0,13,16,0,29,447,105,55,0,607,38,0,38,645
01/04/2005,OAK,CA,AWP,WE,Towers with Radar,490,91,49,0,630,0,11,61,0,72,490,102,110,0,702,52,0,52,754
01/05/2005,OAK,CA,AWP,WE,Towers with Radar,496,105,67,0,668,0,28,77,4,109,496,133,144,4,777,136,0,136,913
01/06/2005,OAK,CA,AWP,WE,Towers with Radar,515,99,101,0,715,0,19,99,0,118,515,118,200,0,833,190,0,190,1023
01/07/2005,OAK,CA,AWP,WE,Towers with Radar,468,113,42,0,623,0,1,11,0,12,468,114,53,0,635,0,0,0,635
01/08/2005,OAK,CA,AWP,WE,Towers with Radar,391,53,37,0,481,0,1,19,0,20,391,54,56,0,501,52,0,52,553
01/09/2005,OAK,CA,AWP,WE,Towers with Radar,383,42,33,0,458,0,2,51,0,53,383,44,84,0,511,122,0,122,633
01/10/2005,OAK,CA,AWP,WE,Towers with Radar,446,97,92,0,635,0,6,41,0,47,446,103,133,0,682,66,0,66,748
01/11/2005,OAK,CA,AWP,WE,Towers with Radar,497,107,53,0,657,0,10,40,0,50,497,117,93,0,707,30,0,30,737
01/12/2005,OAK,CA,AWP,WE,Towers with Radar,495,113,98,0,706,0,37,177,0,214,495,150,275,0,920,216,0,216,1136
01/13/2005,OAK,CA,AWP,WE,Towers with Radar,486,118,134,0,738,0,35,92,0,127,486,153,226,0,865,154,0,154,1019
01/14/2005,OAK,CA,AWP,WE,Towers with Radar,538,90,86,1,715,0,16,140,1,157,538,106,226,2,872,64,0,64,936
01/15/2005,OAK,CA,AWP,WE,Towers with Radar,374,35,32,0,441,0,2,111,0,113,374,37,143,0,554,182,0,182,736
01/16/2005,OAK,CA,AWP,WE,Towers with Radar,398,38,62,0,498,0,0,116,0,116,398,38,178,0,614,190,0,190,804
01/17/2005,OAK,CA,AWP,WE,Towers with Radar,431,63,58,0,552,0,9,119,0,128,431,72,177,0,680,146,0,146,826
01/18/2005,OAK,CA,AWP,WE,Towers with Radar,485,83,73,0,641,0,14,74,0,88,485,97,147,0,729,110,0,110,839
01/19/2005,OAK,CA,AWP,WE,Towers with Radar,496,102,107,0,705,0,29,135,0,164,496,131,242,0,869,208,0,208,1077
01/20/2005,OAK,CA,AWP,WE,Towers with Radar,495,114,112,1,722,0,31,111,3,145,495,145,223,4,867,192,0,192,1059
01/21/2005,OAK,CA,AWP,WE,Towers with Radar,496,89,59,0,644,0,21,96,0,117,496,110,155,0,761,202,0,202,963
01/22/2005,OAK,CA,AWP,WE,Towers with Radar,366,72,54,0,492,0,3,90,4,97,366,75,144,4,589,140,0,140,729
01/23/2005,OAK,CA,AWP,WE,Towers with Radar,400,39,54,0,493,0,0,105,0,105,400,39,159,0,598,166,0,166,764
01/24/2005,OAK,CA,AWP,WE,Towers with Radar,443,80,69,0,592,0,11,93,0,104,443,91,162,0,696,128,0,128,824
01/25/2005,OAK,CA,AWP,WE,Towers with Radar,533,71,88,0,692,0,0,146,0,146,533,71,234,0,838,28,0,28,866
01/26/2005,OAK,CA,AWP,WE,Towers with Radar,502,91,110,0,703,0,0,192,0,192,502,91,302,0,895,188,0,188,1083
01/27/2005,OAK,CA,AWP,WE,Towers with Radar,478,86,72,0,636,0,0,175,0,175,478,86,247,0,811,58,0,58,869
01/28/2005,OAK,CA,AWP,WE,Towers with Radar,503,81,64,2,650,0,0,128,2,130,503,81,192,4,780,64,0,64,844
01/29/2005,OAK,CA,AWP,WE,Towers with Radar,400,32,41,0,473,0,0,199,0,199,400,32,240,0,672,150,0,150,822
01/30/2005,OAK,CA,AWP,WE,Towers with Radar,395,41,67,0,503,0,0,211,0,211,395,41,278,0,714,74,0,74,788
01/31/2005,OAK,CA,AWP,WE,Towers with Radar,420,60,60,0,540,0,0,170,0,170,420,60,230,0,710,96,0,96,806
02/01/2005,OAK,CA,AWP,WE,Towers with Radar,483,65,46,0,594,0,0,140,4,144,483,65,186,4,738,50,0,50,788
02/02/2005,OAK,CA,AWP,WE,Towers with Radar,486,74,64,0,624,0,0,206,0,206,486,74,270,0,830,102,0,102,932
02/03/2005,OAK,CA,AWP,WE,Towers with Radar,486,83,81,0,650,0,0,213,2,215,486,83,294,2,865,134,0,134,999
02/04/2005,OAK,CA,AWP,WE,Towers with Radar,487,59,67,0,613,0,0,178,1,179,487,59,245,1,792,138,0,138,930
02/05/2005,OAK,CA,AWP,WE,Towers with Radar,389,27,67,0,483,0,0,165,0,165,389,27,232,0,648,240,0,240,888
02/06/2005,OAK,CA,AWP,WE,Towers with Radar,431,25,35,1,492,0,0,179,1,180,431,25,214,2,672,90,0,90,762
02/07/2005,OAK,CA,AWP,WE,Towers with Radar,442,73,62,0,577,0,0,124,4,128,442,73,186,4,705,138,0,138,843
02/08/2005,OAK,CA,AWP,WE,Towers with Radar,498,76,70,0,644,0,0,173,0,173,498,76,243,0,817,118,0,118,935
02/09/2005,OAK,CA,AWP,WE,Towers with Radar,526,76,64,0,666,0,0,202,2,204,526,76,266,2,870,0,0,0,870
02/10/2005,OAK,CA,AWP,WE,Towers with Radar,495,69,84,0,648,0,0,227,0,227,495,69,311,0,875,170,0,170,1045
02/11/2005,OAK,CA,AWP,WE,Towers with Radar,454,60,80,0,594,0,0,197,1,198,454,60,277,1,792,140,0,140,932
02/12/2005,OAK,CA,AWP,WE,Towers with Radar,405,45,26,0,476,0,0,135,0,135,405,45,161,0,611,98,0,98,709
02/13/2005,OAK,CA,AWP,WE,Towers with Radar,414,31,70,0,515,0,0,109,0,109,414,31,179,0,624,228,0,228,852
02/14/2005,OAK,CA,AWP,WE,Towers with Radar,437,65,43,0,545,0,0,84,0,84,437,65,127,0,629,60,0,60,689
02/15/2005,OAK,CA,AWP,WE,Towers with Radar,499,111,113,0,723,0,0,124,0,124,499,111,237,0,847,50,0,50,897
02/16/2005,OAK,CA,AWP,WE,Towers with Radar,489,113,75,2,679,0,0,178,2,180,489,113,253,4,859,180,0,180,1039
02/17/2005,OAK,CA,AWP,WE,Towers with Radar,515,97,86,0,698,0,0,160,0,160,515,97,246,0,858,62,0,62,920
02/18/2005,OAK,CA,AWP,WE,Towers with Radar,524,93,84,0,701,0,0,169,0,169,524,93,253,0,870,106,0,106,976
02/19/2005,OAK,CA,AWP,WE,Towers with Radar,360,58,40,0,458,0,0,71,0,71,360,58,111,0,529,52,0,52,581
02/20/2005,OAK,CA,AWP,WE,Towers with Radar,384,26,46,0,456,0,0,87,0,87,384,26,133,0,543,106,0,106,649
02/21/2005,OAK,CA,AWP,WE,Towers with Radar,424,55,40,1,520,0,0,102,2,104,424,55,142,3,624,96,0,96,720
02/22/2005,OAK,CA,AWP,WE,Towers with Radar,508,67,96,2,673,0,0,232,2,234,508,67,328,4,907,152,0,152,1059
02/23/2005,OAK,CA,AWP,WE,Towers with Radar,486,77,89,0,652,0,0,169,0,169,486,77,258,0,821,224,0,224,1045
02/24/2005,OAK,CA,AWP,WE,Towers with Radar,466,93,117,3,679,0,0,184,3,187,466,93,301,6,866,238,0,238,1104
02/25/2005,OAK,CA,AWP,WE,Towers with Radar,509,74,65,0,648,0,0,126,0,126,509,74,191,0,774,172,0,172,946
02/26/2005,OAK,CA,AWP,WE,Towers with Radar,385,35,64,0,484,0,0,190,1,191,385,35,254,1,675,256,0,256,931
02/27/2005,OAK,CA,AWP,WE,Towers with Radar,398,38,53,2,491,0,0,86,2,88,398,38,139,4,579,54,0,54,633
02/28/2005,OAK,CA,AWP,WE,Towers with Radar,428,59,51,0,538,0,0,150,0,150,428,59,201,0,688,136,0,136,824
03/01/2005,OAK,CA,AWP,WE,Towers with Radar,521,70,43,2,636,0,0,135,2,137,521,70,178,4,773,128,0,128,901
03/02/2005,OAK,CA,AWP,WE,Towers with Radar,498,71,72,0,641,0,0,173,0,173,498,71,245,0,814,274,0,274,1088
03/03/2005,OAK,CA,AWP,WE,Towers with Radar,491,103,133,0,727,0,0,316,0,316,491,103,449,0,1043,234,0,234,1277
03/04/2005,OAK,CA,AWP,WE,Towers with Radar,508,73,70,1,652,0,0,136,2,138,508,73,206,3,790,112,0,112,902
03/05/2005,OAK,CA,AWP,WE,Towers with Radar,382,25,35,0,442,0,0,197,1,198,382,25,232,1,640,196,0,196,836
03/06/2005,OAK,CA,AWP,WE,Towers with Radar,381,38,51,0,470,0,0,239,2,241,381,38,290,2,711,206,0,206,917
03/07/2005,OAK,CA,AWP,WE,Towers with Radar,418,64,58,0,540,0,0,155,0,155,418,64,213,0,695,138,0,138,833
03/08/2005,OAK,CA,AWP,WE,Towers with Radar,477,62,55,2,596,0,0,141,2,143,477,62,196,4,739,188,0,188,927
03/09/2005,OAK,CA,AWP,WE,Towers with Radar,476,89,71,0,636,0,0,169,0,169,476,89,240,0,805,142,0,142,947
03/10/2005,OAK,CA,AWP,WE,Towers with Radar,529,85,95,0,709,0,0,272,0,272,529,85,367,0,981,160,0,160,1141
03/11/2005,OAK,CA,AWP,WE,Towers with Radar,517,63,67,0,647,0,0,206,0,206,517,63,273,0,853,130,0,130,983
03/12/2005,OAK,CA,AWP,WE,Towers with Radar,395,25,59,1,480,0,0,93,1,94,395,25,152,2,574,146,0,146,720
03/13/2005,OAK,CA,AWP,WE,Towers with Radar,396,53,69,0,518,0,0,184,0,184,396,53,253,0,702,234,0,234,936
03/14/2005,OAK,CA,AWP,WE,Towers with Radar,432,52,36,0,520,0,0,100,0,100,432,52,136,0,620,20,0,20,640
03/15/2005,OAK,CA,AWP,WE,Towers with Radar,505,59,63,5,632,0,0,218,5,223,505,59,281,10,855,184,0,184,1039
03/16/2005,OAK,CA,AWP,WE,Towers with Radar,499,83,108,0,690,0,0,256,1,257,499,83,364,1,947,276,0,276,1223
03/17/2005,OAK,CA,AWP,WE,Towers with Radar,503,76,83,0,662,0,0,238,0,238,503,76,321,0,900,186,0,186,1086
03/18/2005,OAK,CA,AWP,WE,Towers with Radar,478,81,99,0,658,0,0,207,0,207,478,81,306,0,865,174,0,174,1039
03/19/2005,OAK,CA,AWP,WE,Towers with Radar,408,34,59,0,501,0,0,92,0,92,408,34,151,0,593,56,0,56,649
03/20/2005,OAK,CA,AWP,WE,Towers with Radar,400,42,58,0,500,0,0,80,0,80,400,42,138,0,580,116,0,116,696
03/21/2005,OAK,CA,AWP,WE,Towers with Radar,444,83,58,0,585,0,0,110,0,110,444,83,168,0,695,132,0,132,827
03/22/2005,OAK,CA,AWP,WE,Towers with Radar,500,54,67,0,621,0,0,74,1,75,500,54,141,1,696,90,0,90,786
03/23/2005,OAK,CA,AWP,WE,Towers with Radar,489,78,110,0,677,0,0,229,0,229,489,78,339,0,906,186,0,186,1092
03/24/2005,OAK,CA,AWP,WE,Towers with Radar,508,70,80,0,658,0,0,222,0,222,508,70,302,0,880,158,0,158,1038
03/25/2005,OAK,CA,AWP,WE,Towers with Radar,499,72,81,0,652,0,0,232,5,237,499,72,313,5,889,176,0,176,1065
03/26/2005,OAK,CA,AWP,WE,Towers with Radar,379,22,43,0,444,0,0,174,1,175,379,22,217,1,619,194,0,194,813
03/27/2005,OAK,CA,AWP,WE,Towers with Radar,366,41,44,0,451,0,0,105,0,105,366,41,149,0,556,42,0,42,598
03/28/2005,OAK,CA,AWP,WE,Towers with Radar,431,35,48,0,514,0,0,101,0,101,431,35,149,0,615,176,0,176,791
03/29/2005,OAK,CA,AWP,WE,Towers with Radar,531,75,76,0,682,0,0,140,0,140,531,75,216,0,822,160,0,160,982
03/30/2005,OAK,CA,AWP,WE,Towers with Radar,486,63,91,0,640,0,0,290,1,291,486,63,381,1,931,204,0,204,1135
03/31/2005,OAK,CA,AWP,WE,Towers with Radar,541,48,65,2,656,0,0,211,2,213,541,48,276,4,869,270,0,270,1139
04/01/2005,OAK,CA,AWP,WE,Towers with Radar,512,68,85,0,665,0,0,274,1,275,512,68,359,1,940,202,0,202,1142
04/02/2005,OAK,CA,AWP,WE,Towers with Radar,394,33,48,0,475,0,0,166,0,166,394,33,214,0,641,140,0,140,781
04/03/2005,OAK,CA,AWP,WE,Towers with Radar,408,43,57,0,508,0,0,132,0,132,408,43,189,0,640,110,0,110,750
04/04/2005,OAK,CA,AWP,WE,Towers with Radar,448,45,54,0,547,0,0,147,0,147,448,45,201,0,694,192,0,192,886
04/05/2005,OAK,CA,AWP,WE,Towers with Radar,499,56,54,0,609,0,0,227,0,227,499,56,281,0,836,132,0,132,968
04/06/2005,OAK,CA,AWP,WE,Towers with Radar,545,67,88,0,700,0,0,276,2,278,545,67,364,2,978,208,0,208,1186
04/07/2005,OAK,CA,AWP,WE,Towers with Radar,520,81,69,0,670,0,0,135,0,135,520,81,204,0,805,256,0,256,1061
04/08/2005,OAK,CA,AWP,WE,Towers with Radar,532,66,72,0,670,0,0,83,0,83,532,66,155,0,753,40,0,40,793
04/09/2005,OAK,CA,AWP,WE,Towers with Radar,414,37,44,0,495,0,0,165,1,166,414,37,209,1,661,260,0,260,921
04/10/2005,OAK,CA,AWP,WE,Towers with Radar,383,47,52,0,482,0,0,204,0,204,383,47,256,0,686,118,0,118,804
04/11/2005,OAK,CA,AWP,WE,Towers with Radar,428,66,58,0,552,0,0,133,0,133,428,66,191,0,685,98,0,98,783
04/12/2005,OAK,CA,AWP,WE,Towers with Radar,472,53,46,0,571,0,0,159,0,159,472,53,205,0,730,214,0,214,944
04/13/2005,OAK,CA,AWP,WE,Towers with Radar,518,69,79,2,668,0,0,264,2,266,518,69,343,4,934,230,0,230,1164
04/14/2005,OAK,CA,AWP,WE,Towers with Radar,545,68,83,0,696,0,0,241,0,241,545,68,324,0,937,138,0,138,1075
04/15/2005,OAK,CA,AWP,WE,Towers with Radar,507,71,82,1,661,0,0,263,1,264,507,71,345,2,925,292,0,292,1217
04/16/2005,OAK,CA,AWP,WE,Towers with Radar,450,50,72,0,572,0,0,207,1,208,450,50,279,1,780,98,0,98,878
04/17/2005,OAK,CA,AWP,WE,Towers with Radar,412,34,61,0,507,0,0,173,0,173,412,34,234,0,680,230,0,230,910
04/18/2005,OAK,CA,AWP,WE,Towers with Radar,429,42,35,0,506,0,0,145,0,145,429,42,180,0,651,172,0,172,823
04/19/2005,OAK,CA,AWP,WE,Towers with Radar,508,61,57,0,626,0,0,177,0,177,508,61,234,0,803,218,0,218,1021
04/20/2005,OAK,CA,AWP,WE,Towers with Radar,512,77,76,1,666,0,0,231,1,232,512,77,307,2,898,326,0,326,1224
04/21/2005,OAK,CA,AWP,WE,Towers with Radar,503,65,70,1,639,0,0,222,2,224,503,65,292,3,863,244,0,244,1107
04/22/2005,OAK,CA,AWP,WE,Towers with Radar,525,55,74,0,654,0,0,183,2,185,525,55,257,2,839,174,0,174,1013
04/23/2005,OAK,CA,AWP,WE,Towers with Radar,396,31,36,0,463,0,0,79,0,79,396,31,115,0,542,232,0,232,774
04/24/2005,OAK,CA,AWP,WE,Towers with Radar,400,32,76,0,508,0,0,181,0,181,400,32,257,0,689,148,0,148,837
04/25/2005,OAK,CA,AWP,WE,Towers with Radar,426,57,51,0,534,0,0,147,0,147,426,57,198,0,681,248,0,248,929
04/26/2005,OAK,CA,AWP,WE,Towers with Radar,565,77,21,1,664,0,0,153,3,156,565,77,174,4,820,236,0,236,1056
04/27/2005,OAK,CA,AWP,WE,Towers with Radar,514,65,76,0,655,0,0,174,0,174,514,65,250,0,829,230,0,230,1059
04/28/2005,OAK,CA,AWP,WE,Towers with Radar,473,60,78,0,611,0,0,184,0,184,473,60,262,0,795,264,0,264,1059
04/29/2005,OAK,CA,AWP,WE,Towers with Radar,514,82,73,1,670,0,0,227,1,228,514,82,300,2,898,220,0,220,1118
04/30/2005,OAK,CA,AWP,WE,Towers with Radar,381,25,48,0,454,0,0,225,1,226,381,25,273,1,680,334,0,334,1014
05/01/2005,OAK,CA,AWP,WE,Towers with Radar,387,32,54,1,474,0,0,148,2,150,387,32,202,3,624,278,0,278,902
05/02/2005,OAK,CA,AWP,WE,Towers with Radar,421,55,42,0,518,0,0,174,0,174,421,55,216,0,692,252,0,252,944
05/03/2005,OAK,CA,AWP,WE,Towers with Radar,524,55,96,2,677,0,0,251,2,253,524,55,347,4,930,308,0,308,1238
05/04/2005,OAK,CA,AWP,WE,Towers with Radar,497,100,137,1,735,0,0,185,3,188,497,100,322,4,923,316,0,316,1239
05/05/2005,OAK,CA,AWP,WE,Towers with Radar,520,92,71,0,683,0,0,122,0,122,520,92,193,0,805,354,0,354,1159
05/06/2005,OAK,CA,AWP,WE,Towers with Radar,506,58,92,1,657,0,0,193,1,194,506,58,285,2,851,300,0,300,1151
05/07/2005,OAK,CA,AWP,WE,Towers with Radar,390,34,53,1,478,0,0,189,6,195,390,34,242,7,673,212,0,212,885
05/08/2005,OAK,CA,AWP,WE,Towers with Radar,418,29,55,0,502,0,0,85,0,85,418,29,140,0,587,94,0,94,681
05/09/2005,OAK,CA,AWP,WE,Towers with Radar,436,65,53,0,554,0,0,110,0,110,436,65,163,0,664,178,0,178,842
05/10/2005,OAK,CA,AWP,WE,Towers with Radar,489,51,66,0,606,0,0,176,0,176,489,51,242,0,782,228,0,228,1010
05/11/2005,OAK,CA,AWP,WE,Towers with Radar,506,35,88,2,631,0,0,229,2,231,506,35,317,4,862,366,0,366,1228
05/12/2005,OAK,CA,AWP,WE,Towers with Radar,545,84,97,0,726,0,0,247,0,247,545,84,344,0,973,276,0,276,1249
05/13/2005,OAK,CA,AWP,WE,Towers with Radar,555,93,111,1,760,0,0,267,1,268,555,93,378,2,1028,252,0,252,1280
05/14/2005,OAK,CA,AWP,WE,Towers with Radar,405,33,43,0,481,0,0,194,0,194,405,33,237,0,675,186,2,188,863
05/15/2005,OAK,CA,AWP,WE,Towers with Radar,403,49,76,1,529,0,0,154,1,155,403,49,230,2,684,162,0,162,846
05/16/2005,OAK,CA,AWP,WE,Towers with Radar,434,55,51,0,540,0,0,149,0,149,434,55,200,0,689,84,0,84,773
05/17/2005,OAK,CA,AWP,WE,Towers with Radar,503,59,59,0,621,0,0,192,0,192,503,59,251,0,813,348,0,348,1161
05/18/2005,OAK,CA,AWP,WE,Towers with Radar,519,106,106,0,731,0,0,135,0,135,519,106,241,0,866,68,0,68,934
05/19/2005,OAK,CA,AWP,WE,Towers with Radar,483,89,105,1,678,0,0,174,1,175,483,89,279,2,853,296,0,296,1149
05/20/2005,OAK,CA,AWP,WE,Towers with Radar,494,42,59,2,597,0,0,259,3,262,494,42,318,5,859,266,0,266,1125
05/21/2005,OAK,CA,AWP,WE,Towers with Radar,393,24,53,0,470,0,0,232,0,232,393,24,285,0,702,238,0,238,940
05/22/2005,OAK,CA,AWP,WE,Towers with Radar,389,30,55,0,474,0,0,237,0,237,389,30,292,0,711,244,0,244,955
05/23/2005,OAK,CA,AWP,WE,Towers with Radar,433,36,59,0,528,0,0,185,0,185,433,36,244,0,713,356,0,356,1069
05/24/2005,OAK,CA,AWP,WE,Towers with Radar,515,54,64,0,633,0,0,212,0,212,515,54,276,0,845,282,0,282,1127
05/25/2005,OAK,CA,AWP,WE,Towers with Radar,504,70,82,0,656,0,0,246,0,246,504,70,328,0,902,80,0,80,982
05/26/2005,OAK,CA,AWP,WE,Towers with Radar,501,94,100,0,695,0,0,197,0,197,501,94,297,0,892,112,0,112,1004
05/27/2005,OAK,CA,AWP,WE,Towers with Radar,508,78,118,0,704,0,0,185,0,185,508,78,303,0,889,172,0,172,1061
05/28/2005,OAK,CA,AWP,WE,Towers with Radar,407,24,51,0,482,0,0,125,0,125,407,24,176,0,607,146,0,146,753
05/29/2005,OAK,CA,AWP,WE,Towers with Radar,334,22,15,0,371,0,0,117,0,117,334,22,132,0,488,122,0,122,610
05/30/2005,OAK,CA,AWP,WE,Towers with Radar,398,30,64,0,492,0,0,212,2,214,398,30,276,2,706,304,0,304,1010
05/31/2005,OAK,CA,AWP,WE,Towers with Radar,472,74,99,1,646,0,0,204,3,207,472,74,303,4,853,382,0,382,1235
06/01/2005,OAK,CA,AWP,WE,Towers with Radar,515,67,111,13,706,0,0,251,14,265,515,67,362,27,971,444,0,444,1415
06/02/2005,OAK,CA,AWP,WE,Towers with Radar,510,60,104,2,676,0,0,267,2,269,510,60,371,4,945,336,0,336,1281
06/03/2005,OAK,CA,AWP,WE,Towers with Radar,507,55,65,0,627,0,0,205,0,205,507,55,270,0,832,222,0,222,1054
06/04/2005,OAK,CA,AWP,WE,Towers with Radar,392,26,48,0,466,0,0,207,10,217,392,26,255,10,683,244,0,244,927
06/05/2005,OAK,CA,AWP,WE,Towers with Radar,402,28,36,0,466,0,0,108,0,108,402,28,144,0,574,176,0,176,750
06/06/2005,OAK,CA,AWP,WE,Towers with Radar,457,49,27,0,533,0,0,106,0,106,457,49,133,0,639,108,0,108,747
06/07/2005,OAK,CA,AWP,WE,Towers with Radar,509,53,64,0,626,0,0,193,0,193,509,53,257,0,819,158,0,158,977
06/08/2005,OAK,CA,AWP,WE,Towers with Radar,544,104,63,0,711,0,0,67,0,67,544,104,130,0,778,54,0,54,832
06/09/2005,OAK,CA,AWP,WE,Towers with Radar,565,81,81,1,728,0,0,146,3,149,565,81,227,4,877,194,0,194,1071
06/10/2005,OAK,CA,AWP,WE,Towers with Radar,536,55,80,0,671,0,0,182,0,182,536,55,262,0,853,266,0,266,1119
06/11/2005,OAK,CA,AWP,WE,Towers with Radar,455,45,44,0,544,0,0,162,0,162,455,45,206,0,706,240,0,240,946
06/12/2005,OAK,CA,AWP,WE,Towers with Radar,430,34,57,0,521,0,0,215,0,215,430,34,272,0,736,254,0,254,990
06/13/2005,OAK,CA,AWP,WE,Towers with Radar,433,43,63,0,539,0,0,219,1,220,433,43,282,1,759,264,0,264,1023
06/14/2005,OAK,CA,AWP,WE,Towers with Radar,547,50,77,0,674,0,0,214,1,215,547,50,291,1,889,218,0,218,1107
06/15/2005,OAK,CA,AWP,WE,Towers with Radar,503,61,108,0,672,0,0,260,0,260,503,61,368,0,932,288,0,288,1220
06/16/2005,OAK,CA,AWP,WE,Towers with Radar,558,30,38,0,626,0,0,42,0,42,558,30,80,0,668,0,0,0,668
06/17/2005,OAK,CA,AWP,WE,Towers with Radar,501,67,59,0,627,0,0,144,0,144,501,67,203,0,771,182,0,182,953
06/18/2005,OAK,CA,AWP,WE,Towers with Radar,436,35,41,0,512,0,0,114,0,114,436,35,155,0,626,328,0,328,954
06/19/2005,OAK,CA,AWP,WE,Towers with Radar,420,31,33,0,484,0,0,174,0,174,420,31,207,0,658,270,0,270,928
06/20/2005,OAK,CA,AWP,WE,Towers with Radar,451,46,38,0,535,0,0,156,0,156,451,46,194,0,691,268,0,268,959
06/21/2005,OAK,CA,AWP,WE,Towers with Radar,525,71,95,0,691,0,0,222,0,222,525,71,317,0,913,196,0,196,1109
06/22/2005,OAK,CA,AWP,WE,Towers with Radar,517,56,64,0,637,0,0,227,2,229,517,56,291,2,866,306,0,306,1172
06/23/2005,OAK,CA,AWP,WE,Towers with Radar,543,62,78,0,683,0,0,169,1,170,543,62,247,1,853,336,22,358,1211
06/24/2005,OAK,CA,AWP,WE,Towers with Radar,518,67,70,0,655,0,0,190,0,190,518,67,260,0,845,284,0,284,1129
06/25/2005,OAK,CA,AWP,WE,Towers with Radar,482,22,50,0,554,0,0,163,0,163,482,22,213,0,717,186,0,186,903
06/26/2005,OAK,CA,AWP,WE,Towers with Radar,416,38,60,1,515,0,0,188,3,191,416,38,248,4,706,226,0,226,932
06/27/2005,OAK,CA,AWP,WE,Towers with Radar,417,56,78,0,551,0,0,142,0,142,417,56,220,0,693,282,0,282,975
06/28/2005,OAK,CA,AWP,WE,Towers with Radar,507,61,65,0,633,0,0,143,0,143,507,61,208,0,776,180,0,180,956
06/29/2005,OAK,CA,AWP,WE,Towers with Radar,521,75,80,1,677,0,0,228,2,230,521,75,308,3,907,222,0,222,1129
06/30/2005,OAK,CA,AWP,WE,Towers with Radar,501,60,74,0,635,0,0,223,0,223,501,60,297,0,858,336,0,336,1194
07/01/2005,OAK,CA,AWP,WE,Towers with Radar,545,77,74,0,696,0,0,202,1,203,545,77,276,1,899,136,0,136,1035
07/02/2005,OAK,CA,AWP,WE,Towers with Radar,435,41,31,0,507,0,0,135,0,135,435,41,166,0,642,152,0,152,794
07/03/2005,OAK,CA,AWP,WE,Towers with Radar,351,23,18,0,392,0,0,126,0,126,351,23,144,0,518,80,0,80,598
07/04/2005,OAK,CA,AWP,WE,Towers with Radar,403,17,22,0,442,0,0,125,0,125,403,17,147,0,567,72,0,72,639
07/05/2005,OAK,CA,AWP,WE,Towers with Radar,453,65,79,0,597,0,0,147,1,148,453,65,226,1,745,82,0,82,827
07/06/2005,OAK,CA,AWP,WE,Towers with Radar,504,68,84,0,656,0,0,179,0,179,504,68,263,0,835,150,0,150,985
07/07/2005,OAK,CA,AWP,WE,Towers with Radar,547,60,83,0,690,0,0,215,3,218,547,60,298,3,908,134,0,134,1042
07/08/2005,OAK,CA,AWP,WE,Towers with Radar,521,80,89,0,690,0,0,204,1,205,521,80,293,1,895,180,0,180,1075
07/09/2005,OAK,CA,AWP,WE,Towers with Radar,446,28,56,1,531,0,0,136,2,138,446,28,192,3,669,156,0,156,825
07/10/2005,OAK,CA,AWP,WE,Towers with Radar,421,38,21,0,480,0,0,143,0,143,421,38,164,0,623,186,0,186,809
07/11/2005,OAK,CA,AWP,WE,Towers with Radar,439,60,63,2,564,0,0,164,2,166,439,60,227,4,730,194,0,194,924
07/12/2005,OAK,CA,AWP,WE,Towers with Radar,502,58,89,0,649,0,0,284,0,284,502,58,373,0,933,180,0,180,1113
07/13/2005,OAK,CA,AWP,WE,Towers with Radar,530,53,69,0,652,0,0,235,1,236,530,53,304,1,888,326,0,326,1214
07/14/2005,OAK,CA,AWP,WE,Towers with Radar,540,57,85,1,683,0,0,240,1,241,540,57,325,2,924,234,0,234,1158
07/15/2005,OAK,CA,AWP,WE,Towers with Radar,547,42,53,0,642,0,0,188,0,188,547,42,241,0,830,256,0,256,1086
07/16/2005,OAK,CA,AWP,WE,Towers with Radar,444,29,49,0,522,0,0,269,0,269,444,29,318,0,791,322,0,322,1113
07/17/2005,OAK,CA,AWP,WE,Towers with Radar,390,38,69,0,497,0,0,193,0,193,390,38,262,0,690,186,0,186,876
07/18/2005,OAK,CA,AWP,WE,Towers with Radar,439,67,91,1,598,0,0,168,2,170,439,67,259,3,768,266,0,266,1034
07/19/2005,OAK,CA,AWP,WE,Towers with Radar,529,55,78,0,662,0,0,159,0,159,529,55,237,0,821,358,0,358,1179
07/20/2005,OAK,CA,AWP,WE,Towers with Radar,495,85,120,0,700,0,0,265,0,265,495,85,385,0,965,372,0,372,1337
07/21/2005,OAK,CA,AWP,WE,Towers with Radar,540,62,79,0,681,0,0,211,0,211,540,62,290,0,892,264,0,264,1156
07/22/2005,OAK,CA,AWP,WE,Towers with Radar,531,65,83,0,679,0,0,232,2,234,531,65,315,2,913,392,0,392,1305
07/23/2005,OAK,CA,AWP,WE,Towers with Radar,410,29,48,0,487,0,0,218,1,219,410,29,266,1,706,412,0,412,1118
07/24/2005,OAK,CA,AWP,WE,Towers with Radar,417,38,46,0,501,0,0,173,0,173,417,38,219,0,674,210,0,210,884
07/25/2005,OAK,CA,AWP,WE,Towers with Radar,448,42,80,0,570,0,0,201,0,201,448,42,281,0,771,174,0,174,945
07/26/2005,OAK,CA,AWP,WE,Towers with Radar,515,49,89,0,653,0,0,241,1,242,515,49,330,1,895,272,0,272,1167
07/27/2005,OAK,CA,AWP,WE,Towers with Radar,574,67,101,0,742,0,0,231,0,231,574,67,332,0,973,298,0,298,1271
07/28/2005,OAK,CA,AWP,WE,Towers with Radar,546,68,144,0,758,0,0,261,0,261,546,68,405,0,1019,160,0,160,1179
07/29/2005,OAK,CA,AWP,WE,Towers with Radar,525,66,88,1,680,0,0,211,1,212,525,66,299,2,892,220,0,220,1112
07/30/2005,OAK,CA,AWP,WE,Towers with Radar,475,49,65,0,589,0,0,208,0,208,475,49,273,0,797,262,0,262,1059
07/31/2005,OAK,CA,AWP,WE,Towers with Radar,431,30,56,1,518,0,0,161,3,164,431,30,217,4,682,192,0,192,874
08/01/2005,OAK,CA,AWP,WE,Towers with Radar,442,56,72,0,570,0,0,162,0,162,442,56,234,0,732,296,0,296,1028
08/02/2005,OAK,CA,AWP,WE,Towers with Radar,516,80,67,1,664,0,0,185,2,187,516,80,252,3,851,362,0,362,1213
08/03/2005,OAK,CA,AWP,WE,Towers with Radar,549,69,80,2,700,0,0,203,3,206,549,69,283,5,906,282,0,282,1188
08/04/2005,OAK,CA,AWP,WE,Towers with Radar,493,56,72,0,621,0,0,247,0,247,493,56,319,0,868,250,0,250,1118
08/05/2005,OAK,CA,AWP,WE,Towers with Radar,546,21,23,0,590,0,0,33,0,33,546,21,56,0,623,0,0,0,623
08/06/2005,OAK,CA,AWP,WE,Towers with Radar,456,23,37,0,516,0,0,169,1,170,456,23,206,1,686,332,0,332,1018
08/07/2005,OAK,CA,AWP,WE,Towers with Radar,387,29,61,0,477,0,0,224,0,224,387,29,285,0,701,312,0,312,1013
08/08/2005,OAK,CA,AWP,WE,Towers with Radar,479,63,77,0,619,0,0,176,0,176,479,63,253,0,795,194,0,194,989
08/09/2005,OAK,CA,AWP,WE,Towers with Radar,550,61,83,0,694,0,0,185,0,185,550,61,268,0,879,358,0,358,1237
08/10/2005,OAK,CA,AWP,WE,Towers with Radar,510,71,60,0,641,0,0,170,0,170,510,71,230,0,811,208,0,208,1019
08/11/2005,OAK,CA,AWP,WE,Towers with Radar,539,74,81,0,694,0,0,253,4,257,539,74,334,4,951,352,0,352,1303
08/12/2005,OAK,CA,AWP,WE,Towers with Radar,547,45,96,0,688,0,0,244,1,245,547,45,340,1,933,260,0,260,1193
08/13/2005,OAK,CA,AWP,WE,Towers with Radar,419,41,68,0,528,0,0,130,0,130,419,41,198,0,658,306,0,306,964
08/14/2005,OAK,CA,AWP,WE,Towers with Radar,392,28,71,0,491,0,0,163,0,163,392,28,234,0,654,188,0,188,842
08/15/2005,OAK,CA,AWP,WE,Towers with Radar,473,60,64,0,597,0,0,138,0,138,473,60,202,0,735,296,0,296,1031
08/16/2005,OAK,CA,AWP,WE,Towers with Radar,533,76,76,0,685,0,0,209,0,209,533,76,285,0,894,398,0,398,1292
08/17/2005,OAK,CA,AWP,WE,Towers with Radar,518,57,125,0,700,0,0,205,0,205,518,57,330,0,905,256,0,256,1161
08/18/2005,OAK,CA,AWP,WE,Towers with Radar,491,95,130,0,716,0,0,218,0,218,491,95,348,0,934,244,0,244,1178
08/19/2005,OAK,CA,AWP,WE,Towers with Radar,525,96,139,1,761,0,0,207,1,208,525,96,346,2,969,64,0,64,1033
08/20/2005,OAK,CA,AWP,WE,Towers with Radar,455,42,94,0,591,0,0,149,0,149,455,42,243,0,740,150,0,150,890
08/21/2005,OAK,CA,AWP,WE,Towers with Radar,409,50,85,1,545,0,0,166,4,170,409,50,251,5,715,178,0,178,893
08/22/2005,OAK,CA,AWP,WE,Towers with Radar,450,49,54,0,553,0,0,164,0,164,450,49,218,0,717,246,0,246,963
08/23/2005,OAK,CA,AWP,WE,Towers with Radar,526,60,57,0,643,0,0,169,0,169,526,60,226,0,812,208,0,208,1020
08/24/2005,OAK,CA,AWP,WE,Towers with Radar,508,73,79,0,660,0,0,201,0,201,508,73,280,0,861,232,0,232,1093
08/25/2005,OAK,CA,AWP,WE,Towers with Radar,477,69,70,0,616,0,0,199,0,199,477,69,269,0,815,274,0,274,1089
08/26/2005,OAK,CA,AWP,WE,Towers with Radar,526,51,58,0,635,0,0,205,0,205,526,51,263,0,840,108,0,108,948
08/27/2005,OAK,CA,AWP,WE,Towers with Radar,425,22,41,0,488,0,0,180,0,180,425,22,221,0,668,286,0,286,954
08/28/2005,OAK,CA,AWP,WE,Towers with Radar,397,35,44,2,478,0,0,202,2,204,397,35,246,4,682,232,0,232,914
08/29/2005,OAK,CA,AWP,WE,Towers with Radar,457,57,55,0,569,0,0,169,0,169,457,57,224,0,738,242,0,242,980
08/30/2005,OAK,CA,AWP,WE,Towers with Radar,529,52,37,0,618,0,0,164,0,164,529,52,201,0,782,260,0,260,1042
08/31/2005,OAK,CA,AWP,WE,Towers with Radar,524,57,48,2,631,0,0,210,2,212,524,57,258,4,843,162,0,162,1005
09/01/2005,OAK,CA,AWP,WE,Towers with Radar,512,74,110,1,697,0,0,209,1,210,512,74,319,2,907,184,0,184,1091
09/02/2005,OAK,CA,AWP,WE,Towers with Radar,528,72,109,0,709,0,0,215,0,215,528,72,324,0,924,194,0,194,1118
09/03/2005,OAK,CA,AWP,WE,Towers with Radar,413,28,72,3,516,0,0,161,3,164,413,28,233,6,680,66,0,66,746
09/04/2005,OAK,CA,AWP,WE,Towers with Radar,345,19,32,0,396,0,0,138,0,138,345,19,170,0,534,238,0,238,772
09/05/2005,OAK,CA,AWP,WE,Towers with Radar,407,45,47,0,499,0,0,182,0,182,407,45,229,0,681,196,0,196,877
09/06/2005,OAK,CA,AWP,WE,Towers with Radar,472,65,59,0,596,0,0,155,0,155,472,65,214,0,751,240,0,240,991
09/07/2005,OAK,CA,AWP,WE,Towers with Radar,532,81,105,0,718,0,0,181,0,181,532,81,286,0,899,298,0,298,1197
09/08/2005,OAK,CA,AWP,WE,Towers with Radar,519,82,85,0,686,0,0,189,11,200,519,82,274,11,886,0,0,0,886
09/09/2005,OAK,CA,AWP,WE,Towers with Radar,524,75,85,0,684,0,0,144,0,144,524,75,229,0,828,230,0,230,1058
09/10/2005,OAK,CA,AWP,WE,Towers with Radar,481,38,51,1,571,0,0,194,1,195,481,38,245,2,766,156,0,156,922
09/11/2005,OAK,CA,AWP,WE,Towers with Radar,392,39,42,0,473,0,0,184,0,184,392,39,226,0,657,346,0,346,1003
09/12/2005,OAK,CA,AWP,WE,Towers with Radar,419,65,64,0,548,0,0,157,0,157,419,65,221,0,705,232,0,232,937
09/13/2005,OAK,CA,AWP,WE,Towers with Radar,520,71,85,0,676,0,0,139,0,139,520,71,224,0,815,166,0,166,981
09/14/2005,OAK,CA,AWP,WE,Towers with Radar,516,86,93,0,695,0,0,157,0,157,516,86,250,0,852,420,0,420,1272
09/15/2005,OAK,CA,AWP,WE,Towers with Radar,523,74,131,0,728,0,0,235,0,235,523,74,366,0,963,178,0,178,1141
09/16/2005,OAK,CA,AWP,WE,Towers with Radar,509,79,97,0,685,0,0,227,0,227,509,79,324,0,912,172,0,172,1084
09/17/2005,OAK,CA,AWP,WE,Towers with Radar,411,27,69,0,507,0,0,156,0,156,411,27,225,0,663,246,0,246,909
09/18/2005,OAK,CA,AWP,WE,Towers with Radar,440,36,60,0,536,0,0,206,0,206,440,36,266,0,742,174,0,174,916
09/19/2005,OAK,CA,AWP,WE,Towers with Radar,456,58,74,1,589,0,0,183,1,184,456,58,257,2,773,254,0,254,1027
09/20/2005,OAK,CA,AWP,WE,Towers with Radar,513,63,77,0,653,0,0,142,1,143,513,63,219,1,796,168,0,168,964
09/21/2005,OAK,CA,AWP,WE,Towers with Radar,526,79,110,0,715,0,0,221,0,221,526,79,331,0,936,240,0,240,1176
09/22/2005,OAK,CA,AWP,WE,Towers with Radar,527,79,72,0,678,0,0,178,0,178,527,79,250,0,856,186,0,186,1042
09/23/2005,OAK,CA,AWP,WE,Towers with Radar,509,70,91,2,672,0,0,215,3,218,509,70,306,5,890,118,0,118,1008
09/24/2005,OAK,CA,AWP,WE,Towers with Radar,402,23,24,0,449,0,0,142,1,143,402,23,166,1,592,164,0,164,756
09/25/2005,OAK,CA,AWP,WE,Towers with Radar,415,36,53,0,504,0,0,184,5,189,415,36,237,5,693,158,0,158,851
09/26/2005,OAK,CA,AWP,WE,Towers with Radar,412,57,49,0,518,0,0,170,0,170,412,57,219,0,688,196,0,196,884
09/27/2005,OAK,CA,AWP,WE,Towers with Radar,505,62,75,0,642,0,0,160,0,160,505,62,235,0,802,172,0,172,974
09/28/2005,OAK,CA,AWP,WE,Towers with Radar,509,57,88,0,654,0,0,256,0,256,509,57,344,0,910,240,0,240,1150
09/29/2005,OAK,CA,AWP,WE,Towers with Radar,532,72,84,0,688,0,0,202,0,202,532,72,286,0,890,216,0,216,1106
09/30/2005,OAK,CA,AWP,WE,Towers with Radar,554,67,84,0,705,0,0,225,0,225,554,67,309,0,930,176,0,176,1106
10/01/2005,OAK,CA,AWP,WE,Towers with Radar,400,46,84,0,530,0,0,136,0,136,400,46,220,0,666,82,0,82,748
10/02/2005,OAK,CA,AWP,WE,Towers with Radar,411,46,49,0,506,0,0,154,0,154,411,46,203,0,660,190,0,190,850
10/03/2005,OAK,CA,AWP,WE,Towers with Radar,449,38,41,0,528,0,0,174,3,177,449,38,215,3,705,100,0,100,805
10/04/2005,OAK,CA,AWP,WE,Towers with Radar,514,48,52,0,614,0,0,171,0,171,514,48,223,0,785,208,0,208,993
10/05/2005,OAK,CA,AWP,WE,Towers with Radar,468,65,92,0,625,0,0,321,0,321,468,65,413,0,946,282,0,282,1228
10/06/2005,OAK,CA,AWP,WE,Towers with Radar,532,52,66,5,655,0,0,142,265,407,532,52,208,270,1062,190,0,190,1252
10/07/2005,OAK,CA,AWP,WE,Towers with Radar,513,70,79,0,662,0,0,230,0,230,513,70,309,0,892,32,0,32,924
10/08/2005,OAK,CA,AWP,WE,Towers with Radar,391,35,48,0,474,0,0,200,0,200,391,35,248,0,674,118,0,118,792
10/09/2005,OAK,CA,AWP,WE,Towers with Radar,397,43,55,0,495,0,0,249,0,249,397,43,304,0,744,132,0,132,876
10/10/2005,OAK,CA,AWP,WE,Towers with Radar,396,23,46,0,465,0,0,170,0,170,396,23,216,0,635,212,0,212,847
10/11/2005,OAK,CA,AWP,WE,Towers with Radar,506,50,55,0,611,0,0,182,0,182,506,50,237,0,793,134,0,134,927
10/12/2005,OAK,CA,AWP,WE,Towers with Radar,491,65,74,0,630,0,0,218,1,219,491,65,292,1,849,326,0,326,1175
10/13/2005,OAK,CA,AWP,WE,Towers with Radar,503,65,56,0,624,0,0,212,0,212,503,65,268,0,836,252,0,252,1088
10/14/2005,OAK,CA,AWP,WE,Towers with Radar,528,84,86,0,698,0,0,199,0,199,528,84,285,0,897,98,0,98,995
10/15/2005,OAK,CA,AWP,WE,Towers with Radar,402,35,64,0,501,0,0,150,0,150,402,35,214,0,651,220,0,220,871
10/16/2005,OAK,CA,AWP,WE,Towers with Radar,416,42,68,4,530,0,0,210,4,214,416,42,278,8,744,148,0,148,892
10/17/2005,OAK,CA,AWP,WE,Towers with Radar,429,54,52,2,537,0,0,194,3,197,429,54,246,5,734,2100,0,2100,2834
10/18/2005,OAK,CA,AWP,WE,Towers with Radar,482,55,73,1,611,0,0,178,1,179,482,55,251,2,790,240,0,240,1030
10/19/2005,OAK,CA,AWP,WE,Towers with Radar,512,0,67,0,579,0,67,177,0,244,512,67,244,0,823,316,0,316,1139
10/20/2005,OAK,CA,AWP,WE,Towers with Radar,510,64,87,0,661,0,0,275,0,275,510,64,362,0,936,328,0,328,1264
10/21/2005,OAK,CA,AWP,WE,Towers with Radar,512,74,76,0,662,0,0,186,0,186,512,74,262,0,848,68,0,68,916
10/22/2005,OAK,CA,AWP,WE,Towers with Radar,403,31,58,0,492,0,0,134,0,134,403,31,192,0,626,132,0,132,758
10/23/2005,OAK,CA,AWP,WE,Towers with Radar,412,56,84,0,552,0,0,154,0,154,412,56,238,0,706,74,0,74,780
10/24/2005,OAK,CA,AWP,WE,Towers with Radar,444,79,74,0,597,0,0,86,0,86,444,79,160,0,683,100,0,100,783
10/25/2005,OAK,CA,AWP,WE,Towers with Radar,517,63,63,1,644,0,0,179,1,180,517,63,242,2,824,216,0,216,1040
10/26/2005,OAK,CA,AWP,WE,Towers with Radar,476,82,104,0,662,0,0,154,0,154,476,82,258,0,816,78,0,78,894
10/27/2005,OAK,CA,AWP,WE,Towers with Radar,485,80,81,0,646,0,0,187,0,187,485,80,268,0,833,200,0,200,1033
10/28/2005,OAK,CA,AWP,WE,Towers with Radar,505,58,63,0,626,0,0,143,0,143,505,58,206,0,769,222,0,222,991
10/29/2005,OAK,CA,AWP,WE,Towers with Radar,399,33,46,0,478,0,0,163,0,163,399,33,209,0,641,180,0,180,821
10/30/2005,OAK,CA,AWP,WE,Towers with Radar,400,37,56,0,493,0,0,197,0,197,400,37,253,0,690,150,0,150,840
10/31/2005,OAK,CA,AWP,WE,Towers with Radar,450,42,40,0,532,0,0,158,0,158,450,42,198,0,690,172,0,172,862
11/01/2005,OAK,CA,AWP,WE,Towers with Radar,487,62,73,4,626,0,0,227,4,231,487,62,300,8,857,278,0,278,1135
11/02/2005,OAK,CA,AWP,WE,Towers with Radar,503,63,73,0,639,0,0,169,0,169,503,63,242,0,808,240,0,240,1048
11/03/2005,OAK,CA,AWP,WE,Towers with Radar,531,67,67,0,665,0,0,232,1,233,531,67,299,1,898,202,0,202,1100
11/04/2005,OAK,CA,AWP,WE,Towers with Radar,484,74,50,0,608,0,0,121,0,121,484,74,171,0,729,226,0,226,955
11/05/2005,OAK,CA,AWP,WE,Towers with Radar,396,24,35,0,455,0,0,209,0,209,396,24,244,0,664,192,0,192,856
11/06/2005,OAK,CA,AWP,WE,Towers with Radar,406,33,77,2,518,0,0,119,4,123,406,33,196,6,641,248,0,248,889
11/07/2005,OAK,CA,AWP,WE,Towers with Radar,424,86,92,0,602,0,3,39,0,42,424,89,131,0,644,172,0,172,816
11/08/2005,OAK,CA,AWP,WE,Towers with Radar,483,83,62,1,629,0,20,83,0,103,483,103,145,1,732,134,0,134,866
11/09/2005,OAK,CA,AWP,WE,Towers with Radar,512,104,89,0,705,0,44,109,0,153,512,148,198,0,858,98,0,98,956
11/10/2005,OAK,CA,AWP,WE,Towers with Radar,537,111,85,0,733,0,29,137,0,166,537,140,222,0,899,66,0,66,965
11/11/2005,OAK,CA,AWP,WE,Towers with Radar,528,77,109,0,714,0,4,71,0,75,528,81,180,0,789,214,0,214,1003
11/12/2005,OAK,CA,AWP,WE,Towers with Radar,386,47,82,0,515,0,6,152,0,158,386,53,234,0,673,280,0,280,953
11/13/2005,OAK,CA,AWP,WE,Towers with Radar,416,50,88,2,556,0,0,163,0,163,416,50,251,2,719,94,0,94,813
11/14/2005,OAK,CA,AWP,WE,Towers with Radar,448,65,59,2,574,0,23,126,0,149,448,88,185,2,723,122,0,122,845
11/15/2005,OAK,CA,AWP,WE,Towers with Radar,493,98,43,2,636,0,23,75,0,98,493,121,118,2,734,126,0,126,860
11/16/2005,OAK,CA,AWP,WE,Towers with Radar,501,112,79,0,692,0,38,180,0,218,501,150,259,0,910,244,0,244,1154
11/17/2005,OAK,CA,AWP,WE,Towers with Radar,502,103,111,0,716,0,38,192,0,230,502,141,303,0,946,312,0,312,1258
11/18/2005,OAK,CA,AWP,WE,Towers with Radar,476,120,72,0,668,0,27,119,0,146,476,147,191,0,814,180,0,180,994
11/19/2005,OAK,CA,AWP,WE,Towers with Radar,396,46,66,0,508,0,2,184,2,188,396,48,250,2,696,236,0,236,932
11/20/2005,OAK,CA,AWP,WE,Towers with Radar,407,39,46,0,492,0,0,124,0,124,407,39,170,0,616,192,0,192,808
11/21/2005,OAK,CA,AWP,WE,Towers with Radar,446,66,50,0,562,0,31,121,0,152,446,97,171,0,714,312,0,312,1026
11/22/2005,OAK,CA,AWP,WE,Towers with Radar,500,66,20,0,586,0,3,2,0,5,500,69,22,0,591,2,0,2,593
11/23/2005,OAK,CA,AWP,WE,Towers with Radar,473,98,66,0,637,0,30,120,0,150,473,128,186,0,787,148,0,148,935
11/24/2005,OAK,CA,AWP,WE,Towers with Radar,278,27,24,0,329,0,1,72,0,73,278,28,96,0,402,24,0,24,426
11/25/2005,OAK,CA,AWP,WE,Towers with Radar,476,66,50,0,592,0,11,32,0,43,476,77,82,0,635,32,0,32,667
11/26/2005,OAK,CA,AWP,WE,Towers with Radar,408,38,17,0,463,0,7,88,0,95,408,45,105,0,558,40,0,40,598
11/27/2005,OAK,CA,AWP,WE,Towers with Radar,437,59,97,0,593,0,0,134,0,134,437,59,231,0,727,80,0,80,807
11/28/2005,OAK,CA,AWP,WE,Towers with Radar,421,89,55,1,566,0,6,58,0,64,421,95,113,1,630,124,0,124,754
11/29/2005,OAK,CA,AWP,WE,Towers with Radar,507,98,65,0,670,0,10,23,0,33,507,108,88,0,703,64,0,64,767
11/30/2005,OAK,CA,AWP,WE,Towers with Radar,501,97,61,0,659,0,25,108,0,133,501,122,169,0,792,338,0,338,1130
12/01/2005,OAK,CA,AWP,WE,Towers with Radar,515,118,88,0,721,0,1,1,0,2,515,119,89,0,723,0,0,0,723
12/02/2005,OAK,CA,AWP,WE,Towers with Radar,516,94,76,0,686,0,27,100,0,127,516,121,176,0,813,158,0,158,971
12/03/2005,OAK,CA,AWP,WE,Towers with Radar,405,25,56,0,486,0,4,105,0,109,405,29,161,0,595,136,0,136,731
12/04/2005,OAK,CA,AWP,WE,Towers with Radar,394,30,57,1,482,0,3,98,0,101,394,33,155,1,583,52,0,52,635
12/05/2005,OAK,CA,AWP,WE,Towers with Radar,443,45,52,0,540,0,27,95,0,122,443,72,147,0,662,124,0,124,786
12/06/2005,OAK,CA,AWP,WE,Towers with Radar,534,85,62,2,683,0,23,116,0,139,534,108,178,2,822,248,0,248,1070
12/07/2005,OAK,CA,AWP,WE,Towers with Radar,527,98,87,1,713,0,28,96,0,124,527,126,183,1,837,178,0,178,1015
12/08/2005,OAK,CA,AWP,WE,Towers with Radar,500,94,72,4,670,0,10,79,0,89,500,104,151,4,759,284,0,284,1043
12/09/2005,OAK,CA,AWP,WE,Towers with Radar,523,91,79,0,693,0,26,120,0,146,523,117,199,0,839,134,0,134,973
12/10/2005,OAK,CA,AWP,WE,Towers with Radar,408,29,42,0,479,0,3,131,0,134,408,32,173,0,613,194,0,194,807
12/11/2005,OAK,CA,AWP,WE,Towers with Radar,410,23,36,0,469,0,1,110,1,112,410,24,146,1,581,218,0,218,799
12/12/2005,OAK,CA,AWP,WE,Towers with Radar,427,73,54,0,554,0,19,79,0,98,427,92,133,0,652,226,0,226,878
12/13/2005,OAK,CA,AWP,WE,Towers with Radar,513,82,112,0,707,0,48,42,1,91,513,130,154,1,798,182,0,182,980
12/14/2005,OAK,CA,AWP,WE,Towers with Radar,535,106,69,0,710,0,33,145,0,178,535,139,214,0,888,240,0,240,1128
12/15/2005,OAK,CA,AWP,WE,Towers with Radar,528,88,86,0,702,0,34,131,0,165,528,122,217,0,867,210,0,210,1077
12/16/2005,OAK,CA,AWP,WE,Towers with Radar,541,110,113,0,764,0,20,118,0,138,541,130,231,0,902,118,0,118,1020
12/17/2005,OAK,CA,AWP,WE,Towers with Radar,405,42,42,0,489,0,1,20,0,21,405,43,62,0,510,74,0,74,584
12/18/2005,OAK,CA,AWP,WE,Towers with Radar,427,40,61,0,528,0,0,3,0,3,427,40,64,0,531,50,0,50,581
12/19/2005,OAK,CA,AWP,WE,Towers with Radar,458,67,51,0,576,0,21,43,0,64,458,88,94,0,640,142,0,142,782
12/20/2005,OAK,CA,AWP,WE,Towers with Radar,504,82,58,0,644,0,36,50,0,86,504,118,108,0,730,82,0,82,812
12/21/2005,OAK,CA,AWP,WE,Towers with Radar,514,121,68,0,703,0,7,27,0,34,514,128,95,0,737,128,0,128,865
12/22/2005,OAK,CA,AWP,WE,Towers with Radar,525,134,80,0,739,0,2,13,0,15,525,136,93,0,754,94,0,94,848
12/23/2005,OAK,CA,AWP,WE,Towers with Radar,519,121,77,0,717,0,0,3,0,3,519,121,80,0,720,0,0,0,720
12/24/2005,OAK,CA,AWP,WE,Towers with Radar,422,44,33,0,499,0,5,52,0,57,422,49,85,0,556,60,0,60,616
12/25/2005,OAK,CA,AWP,WE,Towers with Radar,369,30,17,0,416,0,0,0,0,0,369,30,17,0,416,0,0,0,416
12/26/2005,OAK,CA,AWP,WE,Towers with Radar,427,40,54,0,521,0,0,46,0,46,427,40,100,0,567,122,0,122,689
12/27/2005,OAK,CA,AWP,WE,Towers with Radar,470,81,60,0,611,0,8,14,0,22,470,89,74,0,633,62,0,62,695
12/28/2005,OAK,CA,AWP,WE,Towers with Radar,518,99,53,0,670,0,19,44,0,63,518,118,97,0,733,96,0,96,829
12/29/2005,OAK,CA,AWP,WE,Towers with Radar,504,93,50,0,647,0,16,51,0,67,504,109,101,0,714,216,0,216,930
12/30/2005,OAK,CA,AWP,WE,Towers with Radar,513,105,44,0,662,0,0,4,0,4,513,105,48,0,666,18,0,18,684
12/31/2005,OAK,CA,AWP,WE,Towers with Radar,425,40,26,0,491,0,0,19,0,19,425,40,45,0,510,0,0,0,510
01/01/2006,OAK,CA,AWP,WE,Towers with Radar,362,54,46,0,462,0,0,9,0,9,362,54,55,0,471,0,0,0,471
01/02/2006,OAK,CA,AWP,WE,Towers with Radar,380,47,77,0,504,0,1,6,0,7,380,48,83,0,511,0,0,0,511
01/03/2006,OAK,CA,AWP,WE,Towers with Radar,446,31,61,2,540,0,11,39,0,50,446,42,100,2,590,92,0,92,682
01/04/2006,OAK,CA,AWP,WE,Towers with Radar,500,96,54,0,650,0,19,99,0,118,500,115,153,0,768,114,0,114,882
01/05/2006,OAK,CA,AWP,WE,Towers with Radar,527,92,70,1,690,0,19,129,1,149,527,111,199,2,839,198,2,200,1039
01/06/2006,OAK,CA,AWP,WE,Towers with Radar,527,85,59,0,671,0,14,81,0,95,527,99,140,0,766,148,0,148,914
01/07/2006,OAK,CA,AWP,WE,Towers with Radar,393,35,47,0,475,0,3,62,0,65,393,38,109,0,540,314,0,314,854
01/08/2006,OAK,CA,AWP,WE,Towers with Radar,407,29,55,0,491,0,0,99,0,99,407,29,154,0,590,124,0,124,714
01/09/2006,OAK,CA,AWP,WE,Towers with Radar,446,67,68,0,581,0,23,124,0,147,446,90,192,0,728,92,0,92,820
01/10/2006,OAK,CA,AWP,WE,Towers with Radar,502,80,61,0,643,0,22,49,0,71,502,102,110,0,714,144,0,144,858
01/11/2006,OAK,CA,AWP,WE,Towers with Radar,498,125,188,1,812,0,21,0,0,21,498,146,188,1,833,50,0,50,883
01/12/2006,OAK,CA,AWP,WE,Towers with Radar,511,99,86,0,696,0,17,77,0,94,511,116,163,0,790,132,0,132,922
01/13/2006,OAK,CA,AWP,WE,Towers with Radar,494,88,80,0,662,0,15,104,0,119,494,103,184,0,781,136,0,136,917
01/14/2006,OAK,CA,AWP,WE,Towers with Radar,378,46,43,1,468,0,1,35,0,36,378,47,78,1,504,150,0,150,654
01/15/2006,OAK,CA,AWP,WE,Towers with Radar,387,38,46,0,471,0,2,112,0,114,387,40,158,0,585,202,0,202,787
01/16/2006,OAK,CA,AWP,WE,Towers with Radar,443,41,66,0,550,0,13,91,0,104,443,54,157,0,654,224,0,224,878
01/17/2006,OAK,CA,AWP,WE,Towers with Radar,480,83,71,0,634,0,10,87,0,97,480,93,158,0,731,230,0,230,961
01/18/2006,OAK,CA,AWP,WE,Towers with Radar,467,92,81,0,640,0,18,33,0,51,467,110,114,0,691,134,0,134,825
01/19/2006,OAK,CA,AWP,WE,Towers with Radar,507,88,75,0,670,0,16,141,0,157,507,104,216,0,827,128,0,128,955
01/20/2006,OAK,CA,AWP,WE,Towers with Radar,507,74,70,0,651,0,12,97,0,109,507,86,167,0,760,170,0,170,930
01/21/2006,OAK,CA,AWP,WE,Towers with Radar,424,32,47,0,503,0,0,67,1,68,424,32,114,1,571,248,0,248,819
01/22/2006,OAK,CA,AWP,WE,Towers with Radar,378,38,65,0,481,0,0,108,0,108,378,38,173,0,589,110,0,110,699
01/23/2006,OAK,CA,AWP,WE,Towers with Radar,422,49,45,0,516,2,32,82,0,116,424,81,127,0,632,48,0,48,680
01/24/2006,OAK,CA,AWP,WE,Towers with Radar,521,98,76,0,695,0,17,116,0,133,521,115,192,0,828,320,0,320,1148
01/25/2006,OAK,CA,AWP,WE,Towers with Radar,524,102,98,0,724,0,23,88,0,111,524,125,186,0,835,364,0,364,1199
01/26/2006,OAK,CA,AWP,WE,Towers with Radar,513,103,74,0,690,0,16,0,95,111,513,119,74,95,801,88,0,88,889
01/27/2006,OAK,CA,AWP,WE,Towers with Radar,486,85,85,0,656,0,8,40,0,48,486,93,125,0,704,96,0,96,800
01/28/2006,OAK,CA,AWP,WE,Towers with Radar,395,34,38,0,467,0,0,28,0,28,395,34,66,0,495,214,0,214,709
01/29/2006,OAK,CA,AWP,WE,Towers with Radar,381,49,54,0,484,0,0,108,0,108,381,49,162,0,592,316,0,316,908
01/30/2006,OAK,CA,AWP,WE,Towers with Radar,444,69,34,0,547,0,9,30,0,39,444,78,64,0,586,44,0,44,630
01/31/2006,OAK,CA,AWP,WE,Towers with Radar,506,106,58,3,673,0,12,82,1,95,506,118,140,4,768,84,0,84,852
02/01/2006,OAK,CA,AWP,WE,Towers with Radar,517,117,67,0,701,0,1,9,0,10,517,118,76,0,711,44,0,44,755
02/02/2006,OAK,CA,AWP,WE,Towers with Radar,500,131,75,0,706,0,3,30,0,33,500,134,105,0,739,30,0,30,769
02/03/2006,OAK,CA,AWP,WE,Towers with Radar,488,106,86,0,680,0,9,44,0,53,488,115,130,0,733,182,0,182,915
02/04/2006,OAK,CA,AWP,WE,Towers with Radar,394,40,28,0,462,0,1,87,0,88,394,41,115,0,550,212,0,212,762
02/05/2006,OAK,CA,AWP,WE,Towers with Radar,386,38,47,0,471,0,0,102,0,102,386,38,149,0,573,120,0,120,693
02/06/2006,OAK,CA,AWP,WE,Towers with Radar,423,60,49,3,535,0,24,89,1,114,423,84,138,4,649,116,0,116,765
02/07/2006,OAK,CA,AWP,WE,Towers with Radar,511,79,56,0,646,0,36,150,0,186,511,115,206,0,832,234,0,234,1066
02/08/2006,OAK,CA,AWP,WE,Towers with Radar,497,98,57,2,654,0,35,134,0,169,497,133,191,2,823,142,0,142,965
02/09/2006,OAK,CA,AWP,WE,Towers with Radar,502,114,68,2,686,0,35,84,1,120,502,149,152,3,806,128,0,128,934
02/10/2006,OAK,CA,AWP,WE,Towers with Radar,497,101,65,0,663,0,26,170,0,196,497,127,235,0,859,166,0,166,1025
02/11/2006,OAK,CA,AWP,WE,Towers with Radar,405,30,52,1,488,0,2,115,1,118,405,32,167,2,606,136,0,136,742
02/12/2006,OAK,CA,AWP,WE,Towers with Radar,388,37,62,0,487,0,3,134,1,138,388,40,196,1,625,262,0,262,887
02/13/2006,OAK,CA,AWP,WE,Towers with Radar,452,54,41,0,547,0,23,111,0,134,452,77,152,0,681,226,0,226,907
02/14/2006,OAK,CA,AWP,WE,Towers with Radar,503,88,50,0,641,0,29,99,0,128,503,117,149,0,769,164,0,164,933
02/15/2006,OAK,CA,AWP,WE,Towers with Radar,483,96,49,0,628,0,39,101,5,145,483,135,150,5,773,168,0,168,941
02/16/2006,OAK,CA,AWP,WE,Towers with Radar,491,108,63,0,662,0,35,119,0,154,491,143,182,0,816,122,0,122,938
02/17/2006,OAK,CA,AWP,WE,Towers with Radar,517,110,94,1,722,0,15,55,0,70,517,125,149,1,792,110,0,110,902
02/18/2006,OAK,CA,AWP,WE,Towers with Radar,348,44,36,0,428,0,6,33,0,39,348,50,69,0,467,176,0,176,643
02/19/2006,OAK,CA,AWP,WE,Towers with Radar,377,26,54,1,458,0,1,111,0,112,377,27,165,1,570,212,0,212,782
02/20/2006,OAK,CA,AWP,WE,Towers with Radar,418,37,67,0,522,0,0,118,0,118,418,37,185,0,640,96,0,96,736
02/21/2006,OAK,CA,AWP,WE,Towers with Radar,518,61,44,0,623,0,25,93,0,118,518,86,137,0,741,106,0,106,847
02/22/2006,OAK,CA,AWP,WE,Towers with Radar,493,81,73,1,648,0,41,127,0,168,493,122,200,1,816,230,0,230,1046
02/23/2006,OAK,CA,AWP,WE,Towers with Radar,497,75,92,0,664,0,27,145,0,172,497,102,237,0,836,104,0,104,940
02/24/2006,OAK,CA,AWP,WE,Towers with Radar,470,56,137,0,663,0,37,44,0,81,470,93,181,0,744,30,0,30,774
02/25/2006,OAK,CA,AWP,WE,Towers with Radar,377,37,48,0,462,0,3,156,0,159,377,40,204,0,621,162,0,162,783
02/26/2006,OAK,CA,AWP,WE,Towers with Radar,399,43,95,0,537,0,1,19,0,20,399,44,114,0,557,2,0,2,559
02/27/2006,OAK,CA,AWP,WE,Towers with Radar,429,88,64,0,581,0,3,4,0,7,429,91,68,0,588,20,0,20,608
02/28/2006,OAK,CA,AWP,WE,Towers with Radar,516,98,27,0,641,0,13,27,0,40,516,111,54,0,681,56,0,56,737
03/01/2006,OAK,CA,AWP,WE,Towers with Radar,494,112,62,0,668,0,34,110,0,144,494,146,172,0,812,274,0,274,1086
03/02/2006,OAK,CA,AWP,WE,Towers with Radar,517,114,71,0,702,0,26,48,0,74,517,140,119,0,776,130,0,130,906
03/03/2006,OAK,CA,AWP,WE,Towers with Radar,498,79,44,1,622,0,11,19,0,30,498,90,63,1,652,78,0,78,730
03/04/2006,OAK,CA,AWP,WE,Towers with Radar,410,48,41,0,499,0,5,127,0,132,410,53,168,0,631,98,0,98,729
03/05/2006,OAK,CA,AWP,WE,Towers with Radar,400,51,54,0,505,0,0,15,0,15,400,51,69,0,520,0,0,0,520
03/06/2006,OAK,CA,AWP,WE,Towers with Radar,440,93,68,0,601,0,11,41,0,52,440,104,109,0,653,54,0,54,707
03/07/2006,OAK,CA,AWP,WE,Towers with Radar,496,86,66,3,651,0,26,70,0,96,496,112,136,3,747,146,0,146,893
03/08/2006,OAK,CA,AWP,WE,Towers with Radar,477,100,86,0,663,0,33,174,0,207,477,133,260,0,870,216,0,216,1086
03/09/2006,OAK,CA,AWP,WE,Towers with Radar,496,97,60,2,655,0,13,37,0,50,496,110,97,2,705,52,0,52,757
03/10/2006,OAK,CA,AWP,WE,Towers with Radar,504,78,61,0,643,0,18,35,0,53,504,96,96,0,696,66,0,66,762
03/11/2006,OAK,CA,AWP,WE,Towers with Radar,418,32,24,0,474,0,1,76,0,77,418,33,100,0,551,138,0,138,689
03/12/2006,OAK,CA,AWP,WE,Towers with Radar,385,49,36,1,471,0,3,31,0,34,385,52,67,1,505,80,0,80,585
03/13/2006,OAK,CA,AWP,WE,Towers with Radar,448,72,49,0,569,0,19,92,0,111,448,91,141,0,680,210,0,210,890
03/14/2006,OAK,CA,AWP,WE,Towers with Radar,505,100,58,0,663,0,9,39,0,48,505,109,97,0,711,188,0,188,899
03/15/2006,OAK,CA,AWP,WE,Towers with Radar,494,77,74,0,645,4,25,80,0,109,498,102,154,0,754,184,0,184,938
03/16/2006,OAK,CA,AWP,WE,Towers with Radar,477,111,90,0,678,0,21,55,0,76,477,132,145,0,754,176,0,176,930
03/17/2006,OAK,CA,AWP,WE,Towers with Radar,512,96,67,0,675,0,24,74,0,98,512,120,141,0,773,180,0,180,953
03/18/2006,OAK,CA,AWP,WE,Towers with Radar,415,32,44,0,491,0,7,130,0,137,415,39,174,0,628,120,0,120,748
03/19/2006,OAK,CA,AWP,WE,Towers with Radar,397,42,48,0,487,0,1,163,0,164,397,43,211,0,651,132,0,132,783
03/20/2006,OAK,CA,AWP,WE,Towers with Radar,423,81,43,0,547,0,8,11,0,19,423,89,54,0,566,96,0,96,662
03/21/2006,OAK,CA,AWP,WE,Towers with Radar,521,101,75,0,697,0,18,125,0,143,521,119,200,0,840,232,0,232,1072
03/22/2006,OAK,CA,AWP,WE,Towers with Radar,510,77,113,0,700,0,3,83,1,87,510,80,196,1,787,250,0,250,1037
03/23/2006,OAK,CA,AWP,WE,Towers with Radar,506,97,104,0,707,1,29,145,0,175,507,126,249,0,882,176,0,176,1058
03/24/2006,OAK,CA,AWP,WE,Towers with Radar,478,80,102,0,660,0,32,57,0,89,478,112,159,0,749,66,0,66,815
03/25/2006,OAK,CA,AWP,WE,Towers with Radar,409,54,54,0,517,0,1,12,0,13,409,55,66,0,530,6,0,6,536
03/26/2006,OAK,CA,AWP,WE,Towers with Radar,391,30,84,0,505,0,0,162,0,162,391,30,246,0,667,238,0,238,905
03/27/2006,OAK,CA,AWP,WE,Towers with Radar,449,77,59,0,585,0,11,41,0,52,449,88,100,0,637,48,0,48,685
03/28/2006,OAK,CA,AWP,WE,Towers with Radar,478,98,56,0,632,0,8,18,2,28,478,106,74,2,660,22,0,22,682
03/29/2006,OAK,CA,AWP,WE,Towers with Radar,507,95,52,0,654,0,36,45,0,81,507,131,97,0,735,92,0,92,827
03/30/2006,OAK,CA,AWP,WE,Towers with Radar,481,100,55,0,636,0,14,47,0,61,481,114,102,0,697,156,0,156,853
03/31/2006,OAK,CA,AWP,WE,Towers with Radar,508,113,62,0,683,0,15,32,0,47,508,128,94,0,730,68,0,68,798
04/01/2006,OAK,CA,AWP,WE,Towers with Radar,375,54,35,0,464,0,2,82,0,84,375,56,117,0,548,128,2,130,678
04/02/2006,OAK,CA,AWP,WE,Towers with Radar,411,39,81,0,531,0,0,77,0,77,411,39,158,0,608,208,0,208,816
04/03/2006,OAK,CA,AWP,WE,Towers with Radar,426,70,60,0,556,0,8,24,0,32,426,78,84,0,588,56,0,56,644
04/04/2006,OAK,CA,AWP,WE,Towers with Radar,491,98,69,0,658,0,27,15,0,42,491,125,84,0,700,40,0,40,740
04/05/2006,OAK,CA,AWP,WE,Towers with Radar,486,90,81,0,657,0,20,96,0,116,486,110,177,0,773,272,0,272,1045
04/06/2006,OAK,CA,AWP,WE,Towers with Radar,502,97,58,0,657,0,18,180,0,198,502,115,238,0,855,390,0,390,1245
04/07/2006,OAK,CA,AWP,WE,Towers with Radar,511,99,49,0,659,0,18,63,0,81,511,117,112,0,740,124,0,124,864
04/08/2006,OAK,CA,AWP,WE,Towers with Radar,421,39,37,0,497,0,2,129,0,131,421,41,166,0,628,206,0,206,834
04/09/2006,OAK,CA,AWP,WE,Towers with Radar,409,47,33,0,489,0,0,63,0,63,409,47,96,0,552,194,0,194,746
04/10/2006,OAK,CA,AWP,WE,Towers with Radar,482,88,53,2,625,0,12,50,0,62,482,100,103,2,687,224,0,224,911
04/11/2006,OAK,CA,AWP,WE,Towers with Radar,499,89,54,0,642,0,27,18,0,45,499,116,72,0,687,2,0,2,689
04/12/2006,OAK,CA,AWP,WE,Towers with Radar,472,100,69,0,641,0,20,57,0,77,472,120,126,0,718,84,0,84,802
04/13/2006,OAK,CA,AWP,WE,Towers with Radar,514,76,73,0,663,0,26,106,0,132,514,102,179,0,795,198,0,198,993
04/14/2006,OAK,CA,AWP,WE,Towers with Radar,493,93,59,0,645,0,17,93,0,110,493,110,152,0,755,146,0,146,901
04/15/2006,OAK,CA,AWP,WE,Towers with Radar,447,31,46,0,524,0,0,31,0,31,447,31,77,0,555,268,0,268,823
04/16/2006,OAK,CA,AWP,WE,Towers with Radar,395,37,37,0,469,0,0,22,0,22,395,37,59,0,491,36,0,36,527
04/17/2006,OAK,CA,AWP,WE,Towers with Radar,456,37,45,0,538,0,34,120,0,154,456,71,165,0,692,44,0,44,736
04/18/2006,OAK,CA,AWP,WE,Towers with Radar,510,85,64,0,659,0,25,144,0,169,510,110,208,0,828,280,0,280,1108
04/19/2006,OAK,CA,AWP,WE,Towers with Radar,488,63,53,0,604,0,35,146,0,181,488,98,199,0,785,210,0,210,995
04/20/2006,OAK,CA,AWP,WE,Towers with Radar,508,78,90,0,676,0,29,185,0,214,508,107,275,0,890,198,0,198,1088
04/21/2006,OAK,CA,AWP,WE,Towers with Radar,549,107,52,0,708,0,4,43,0,47,549,111,95,0,755,76,0,76,831
04/22/2006,OAK,CA,AWP,WE,Towers with Radar,420,36,49,0,505,0,3,86,0,89,420,39,135,0,594,242,0,242,836
04/23/2006,OAK,CA,AWP,WE,Towers with Radar,401,35,62,1,499,0,1,68,0,69,401,36,130,1,568,328,0,328,896
04/24/2006,OAK,CA,AWP,WE,Towers with Radar,414,93,79,0,586,0,5,64,0,69,414,98,143,0,655,376,0,376,1031
04/25/2006,OAK,CA,AWP,WE,Towers with Radar,525,91,57,0,673,0,14,101,0,115,525,105,158,0,788,256,0,256,1044
04/26/2006,OAK,CA,AWP,WE,Towers with Radar,504,96,71,0,671,0,21,105,0,126,504,117,176,0,797,194,0,194,991
04/27/2006,OAK,CA,AWP,WE,Towers with Radar,488,51,23,0,562,0,5,2,0,7,488,56,25,0,569,0,0,0,569
04/28/2006,OAK,CA,AWP,WE,Towers with Radar,513,71,84,0,668,0,0,97,2,99,513,71,181,2,767,186,8,194,961
04/29/2006,OAK,CA,AWP,WE,Towers with Radar,414,38,132,0,584,0,0,231,2,233,414,38,363,2,817,290,0,290,1107
04/30/2006,OAK,CA,AWP,WE,Towers with Radar,420,42,71,0,533,0,0,293,1,294,420,42,364,1,827,294,0,294,1121
05/01/2006,OAK,CA,AWP,WE,Towers with Radar,448,34,59,0,541,0,0,212,1,213,448,34,271,1,754,103,0,103,857
05/02/2006,OAK,CA,AWP,WE,Towers with Radar,506,71,55,0,632,0,0,171,0,171,506,71,226,0,803,150,0,150,953
05/03/2006,OAK,CA,AWP,WE,Towers with Radar,522,83,87,0,692,0,0,175,0,175,522,83,262,0,867,258,0,258,1125
05/04/2006,OAK,CA,AWP,WE,Towers with Radar,509,65,86,0,660,0,0,220,0,220,509,65,306,0,880,200,0,200,1080
05/05/2006,OAK,CA,AWP,WE,Towers with Radar,536,44,94,0,674,0,0,141,0,141,536,44,235,0,815,136,0,136,951
05/06/2006,OAK,CA,AWP,WE,Towers with Radar,423,25,61,0,509,0,0,162,0,162,423,25,223,0,671,130,0,130,801
05/07/2006,OAK,CA,AWP,WE,Towers with Radar,419,54,54,0,527,0,0,219,0,219,419,54,273,0,746,248,0,248,994
05/08/2006,OAK,CA,AWP,WE,Towers with Radar,496,53,56,0,605,0,0,123,0,123,496,53,179,0,728,52,0,52,780
05/09/2006,OAK,CA,AWP,WE,Towers with Radar,515,70,64,2,651,0,0,176,2,178,515,70,240,4,829,102,0,102,931
05/10/2006,OAK,CA,AWP,WE,Towers with Radar,504,49,64,1,618,0,0,165,6,171,504,49,229,7,789,114,12,126,915
05/11/2006,OAK,CA,AWP,WE,Towers with Radar,518,60,74,2,654,0,0,173,2,175,518,60,247,4,829,68,0,68,897
05/12/2006,OAK,CA,AWP,WE,Towers with Radar,521,50,80,0,651,0,0,189,0,189,521,50,269,0,840,176,0,176,1016
05/13/2006,OAK,CA,AWP,WE,Towers with Radar,424,37,34,1,496,0,0,150,1,151,424,37,184,2,647,130,0,130,777
05/14/2006,OAK,CA,AWP,WE,Towers with Radar,419,29,55,0,503,0,0,191,1,192,419,29,246,1,695,128,0,128,823
05/15/2006,OAK,CA,AWP,WE,Towers with Radar,461,42,42,5,550,0,0,151,8,159,461,42,193,13,709,240,54,294,1003
05/16/2006,OAK,CA,AWP,WE,Towers with Radar,512,64,61,0,637,0,0,186,0,186,512,64,247,0,823,186,0,186,1009
05/17/2006,OAK,CA,AWP,WE,Towers with Radar,499,64,105,1,669,0,0,220,1,221,499,64,325,2,890,144,0,144,1034
05/18/2006,OAK,CA,AWP,WE,Towers with Radar,512,75,85,0,672,0,0,173,0,173,512,75,258,0,845,108,0,108,953
05/19/2006,OAK,CA,AWP,WE,Towers with Radar,548,89,64,1,702,0,0,122,1,123,548,89,186,2,825,134,0,134,959
05/20/2006,OAK,CA,AWP,WE,Towers with Radar,417,37,45,0,499,0,0,152,0,152,417,37,197,0,651,188,0,188,839
05/21/2006,OAK,CA,AWP,WE,Towers with Radar,426,53,56,0,535,0,0,147,0,147,426,53,203,0,682,278,0,278,960
05/22/2006,OAK,CA,AWP,WE,Towers with Radar,469,58,48,0,575,0,0,132,3,135,469,58,180,3,710,234,16,250,960
05/23/2006,OAK,CA,AWP,WE,Towers with Radar,545,67,78,0,690,0,0,164,0,164,545,67,242,0,854,238,0,238,1092
05/24/2006,OAK,CA,AWP,WE,Towers with Radar,492,52,65,0,609,0,0,223,2,225,492,52,288,2,834,96,0,96,930
05/25/2006,OAK,CA,AWP,WE,Towers with Radar,532,57,94,1,684,0,0,208,1,209,532,57,302,2,893,198,0,198,1091
05/26/2006,OAK,CA,AWP,WE,Towers with Radar,544,66,63,0,673,0,0,161,0,161,544,66,224,0,834,72,0,72,906
05/27/2006,OAK,CA,AWP,WE,Towers with Radar,413,22,109,0,544,0,0,210,0,210,413,22,319,0,754,104,0,104,858
05/28/2006,OAK,CA,AWP,WE,Towers with Radar,364,24,27,0,415,0,0,137,0,137,364,24,164,0,552,112,0,112,664
05/29/2006,OAK,CA,AWP,WE,Towers with Radar,416,38,33,0,487,0,0,165,0,165,416,38,198,0,652,178,0,178,830
05/30/2006,OAK,CA,AWP,WE,Towers with Radar,481,30,9,0,520,0,0,106,0,106,481,30,115,0,626,198,0,198,824
05/31/2006,OAK,CA,AWP,WE,Towers with Radar,522,80,67,0,669,0,0,174,1,175,522,80,241,1,844,186,0,186,1030
06/01/2006,OAK,CA,AWP,WE,Towers with Radar,504,71,60,0,635,0,0,189,0,189,504,71,249,0,824,296,0,296,1120
06/02/2006,OAK,CA,AWP,WE,Towers with Radar,543,61,73,2,679,0,0,217,2,219,543,61,290,4,898,205,0,205,1103
06/03/2006,OAK,CA,AWP,WE,Towers with Radar,404,16,2,0,422,0,0,117,0,117,404,16,119,0,539,218,0,218,757
06/04/2006,OAK,CA,AWP,WE,Towers with Radar,427,44,49,0,520,0,0,192,0,192,427,44,241,0,712,15,0,15,727
06/05/2006,OAK,CA,AWP,WE,Towers with Radar,452,67,71,0,590,0,0,137,0,137,452,67,208,0,727,132,0,132,859
06/06/2006,OAK,CA,AWP,WE,Towers with Radar,531,59,95,0,685,0,0,208,0,208,531,59,303,0,893,122,0,122,1015
06/07/2006,OAK,CA,AWP,WE,Towers with Radar,500,80,95,0,675,0,0,217,0,217,500,80,312,0,892,180,0,180,1072
06/08/2006,OAK,CA,AWP,WE,Towers with Radar,518,25,10,0,553,0,0,123,0,123,518,25,133,0,676,304,0,304,980
06/09/2006,OAK,CA,AWP,WE,Towers with Radar,535,52,49,0,636,0,0,177,0,177,535,52,226,0,813,174,0,174,987
06/10/2006,OAK,CA,AWP,WE,Towers with Radar,414,28,81,0,523,0,0,138,0,138,414,28,219,0,661,148,0,148,809
06/11/2006,OAK,CA,AWP,WE,Towers with Radar,437,40,84,0,561,0,0,172,2,174,437,40,256,2,735,262,4,266,1001
06/12/2006,OAK,CA,AWP,WE,Towers with Radar,461,53,48,0,562,0,0,131,0,131,461,53,179,0,693,296,0,296,989
06/13/2006,OAK,CA,AWP,WE,Towers with Radar,504,63,76,0,643,0,0,142,0,142,504,63,218,0,785,286,0,286,1071
06/14/2006,OAK,CA,AWP,WE,Towers with Radar,524,73,54,0,651,0,0,182,0,182,524,73,236,0,833,164,0,164,997
06/15/2006,OAK,CA,AWP,WE,Towers with Radar,520,24,12,0,556,0,0,16,0,16,520,24,28,0,572,216,0,216,788
06/16/2006,OAK,CA,AWP,WE,Towers with Radar,517,35,41,0,593,0,0,209,0,209,517,35,250,0,802,94,0,94,896
06/17/2006,OAK,CA,AWP,WE,Towers with Radar,457,24,35,0,516,0,0,154,0,154,457,24,189,0,670,138,0,138,808
06/18/2006,OAK,CA,AWP,WE,Towers with Radar,443,34,45,0,522,0,0,188,0,188,443,34,233,0,710,112,0,112,822
06/19/2006,OAK,CA,AWP,WE,Towers with Radar,430,39,59,0,528,0,0,165,0,165,430,39,224,0,693,298,0,298,991
06/20/2006,OAK,CA,AWP,WE,Towers with Radar,520,25,17,0,562,0,0,52,0,52,520,25,69,0,614,152,0,152,766
06/21/2006,OAK,CA,AWP,WE,Towers with Radar,492,50,104,0,646,0,0,241,0,241,492,50,345,0,887,246,0,246,1133
06/22/2006,OAK,CA,AWP,WE,Towers with Radar,521,65,95,0,681,0,0,249,0,249,521,65,344,0,930,288,0,288,1218
06/23/2006,OAK,CA,AWP,WE,Towers with Radar,531,54,86,1,672,0,0,269,1,270,531,54,355,2,942,206,0,206,1148
06/24/2006,OAK,CA,AWP,WE,Towers with Radar,463,27,62,2,554,0,0,176,2,178,463,27,238,4,732,216,0,216,948
06/25/2006,OAK,CA,AWP,WE,Towers with Radar,458,37,87,2,584,0,0,206,4,210,458,37,293,6,794,122,0,122,916
06/26/2006,OAK,CA,AWP,WE,Towers with Radar,439,47,88,6,580,0,0,234,6,240,439,47,322,12,820,258,0,258,1078
06/27/2006,OAK,CA,AWP,WE,Towers with Radar,518,52,53,3,626,0,0,178,3,181,518,52,231,6,807,236,0,236,1043
06/28/2006,OAK,CA,AWP,WE,Towers with Radar,523,70,80,0,673,0,0,168,0,168,523,70,248,0,841,264,0,264,1105
06/29/2006,OAK,CA,AWP,WE,Towers with Radar,538,65,73,0,676,0,0,74,0,74,538,65,147,0,750,244,0,244,994
06/30/2006,OAK,CA,AWP,WE,Towers with Radar,518,72,70,0,660,0,0,192,0,192,518,72,262,0,852,190,0,190,1042
07/01/2006,OAK,CA,AWP,WE,Towers with Radar,437,49,35,0,521,0,0,145,0,145,437,49,180,0,666,184,0,184,850
07/02/2006,OAK,CA,AWP,WE,Towers with Radar,437,31,58,0,526,0,0,131,0,131,437,31,189,0,657,160,0,160,817
07/03/2006,OAK,CA,AWP,WE,Towers with Radar,385,44,48,0,477,0,0,107,0,107,385,44,155,0,584,166,0,166,750
07/04/2006,OAK,CA,AWP,WE,Towers with Radar,397,45,48,0,490,0,0,127,0,127,397,45,175,0,617,200,0,200,817
07/05/2006,OAK,CA,AWP,WE,Towers with Radar,501,81,79,0,661,0,0,182,2,184,501,81,261,2,845,220,0,220,1065
07/06/2006,OAK,CA,AWP,WE,Towers with Radar,540,56,87,0,683,0,0,176,0,176,540,56,263,0,859,274,0,274,1133
07/07/2006,OAK,CA,AWP,WE,Towers with Radar,531,46,40,0,617,0,0,173,0,173,531,46,213,0,790,176,0,176,966
07/08/2006,OAK,CA,AWP,WE,Towers with Radar,451,25,27,0,503,0,0,141,0,141,451,25,168,0,644,162,0,162,806
07/09/2006,OAK,CA,AWP,WE,Towers with Radar,436,30,59,0,525,0,0,198,0,198,436,30,257,0,723,202,0,202,925
07/10/2006,OAK,CA,AWP,WE,Towers with Radar,466,57,78,0,601,0,0,138,0,138,466,57,216,0,739,114,0,114,853
07/11/2006,OAK,CA,AWP,WE,Towers with Radar,552,56,64,0,672,0,0,159,0,159,552,56,223,0,831,260,0,260,1091
07/12/2006,OAK,CA,AWP,WE,Towers with Radar,505,83,112,0,700,0,0,217,0,217,505,83,329,0,917,236,0,236,1153
07/13/2006,OAK,CA,AWP,WE,Towers with Radar,562,65,105,0,732,0,0,214,0,214,562,65,319,0,946,242,0,242,1188
07/14/2006,OAK,CA,AWP,WE,Towers with Radar,521,73,67,6,667,0,0,170,9,179,521,73,237,15,846,80,0,80,926
07/15/2006,OAK,CA,AWP,WE,Towers with Radar,441,22,5,0,468,0,0,123,3,126,441,22,128,3,594,162,0,162,756
07/16/2006,OAK,CA,AWP,WE,Towers with Radar,441,37,41,4,523,0,0,197,6,203,441,37,238,10,726,162,0,162,888
07/17/2006,OAK,CA,AWP,WE,Towers with Radar,446,51,49,0,546,0,0,178,1,179,446,51,227,1,725,200,0,200,925
07/18/2006,OAK,CA,AWP,WE,Towers with Radar,503,64,48,1,616,0,0,159,1,160,503,64,207,2,776,248,0,248,1024
07/19/2006,OAK,CA,AWP,WE,Towers with Radar,508,54,61,0,623,0,0,199,0,199,508,54,260,0,822,324,0,324,1146
07/20/2006,OAK,CA,AWP,WE,Towers with Radar,539,62,66,0,667,0,0,203,0,203,539,62,269,0,870,246,0,246,1116
07/21/2006,OAK,CA,AWP,WE,Towers with Radar,489,38,61,0,588,0,0,220,0,220,489,38,281,0,808,292,0,292,1100
07/22/2006,OAK,CA,AWP,WE,Towers with Radar,441,20,11,0,472,0,0,118,1,119,441,20,129,1,591,200,0,200,791
07/23/2006,OAK,CA,AWP,WE,Towers with Radar,436,24,50,2,512,0,0,185,2,187,436,24,235,4,699,214,0,214,913
07/24/2006,OAK,CA,AWP,WE,Towers with Radar,445,44,73,0,562,0,0,197,0,197,445,44,270,0,759,374,0,374,1133
07/25/2006,OAK,CA,AWP,WE,Towers with Radar,534,25,21,0,580,0,0,142,0,142,534,25,163,0,722,210,0,210,932
07/26/2006,OAK,CA,AWP,WE,Towers with Radar,520,74,101,1,696,0,0,226,1,227,520,74,327,2,923,234,0,234,1157
07/27/2006,OAK,CA,AWP,WE,Towers with Radar,512,68,66,0,646,0,0,143,1,144,512,68,209,1,790,56,0,56,846
07/28/2006,OAK,CA,AWP,WE,Towers with Radar,517,56,62,1,636,0,0,157,1,158,517,56,219,2,794,164,0,164,958
07/29/2006,OAK,CA,AWP,WE,Towers with Radar,455,35,36,0,526,0,0,112,0,112,455,35,148,0,638,240,0,240,878
07/30/2006,OAK,CA,AWP,WE,Towers with Radar,436,40,44,0,520,0,0,143,0,143,436,40,187,0,663,162,0,162,825
07/31/2006,OAK,CA,AWP,WE,Towers with Radar,459,43,55,0,557,0,0,174,0,174,459,43,229,0,731,278,0,278,1009
08/01/2006,OAK,CA,AWP,WE,Towers with Radar,518,50,52,0,620,0,0,179,0,179,518,50,231,0,799,322,0,322,1121
08/02/2006,OAK,CA,AWP,WE,Towers with Radar,520,79,68,0,667,0,0,189,3,192,520,79,257,3,859,214,0,214,1073
08/03/2006,OAK,CA,AWP,WE,Towers with Radar,497,61,61,0,619,0,0,182,0,182,497,61,243,0,801,298,0,298,1099
08/04/2006,OAK,CA,AWP,WE,Towers with Radar,561,67,53,0,681,0,0,193,0,193,561,67,246,0,874,176,0,176,1050
08/05/2006,OAK,CA,AWP,WE,Towers with Radar,441,20,1,0,462,0,0,118,0,118,441,20,119,0,580,188,0,188,768
08/06/2006,OAK,CA,AWP,WE,Towers with Radar,440,48,57,0,545,0,0,171,0,171,440,48,228,0,716,224,0,224,940
08/07/2006,OAK,CA,AWP,WE,Towers with Radar,468,61,66,0,595,0,20,207,0,227,468,81,273,0,822,302,0,302,1124
08/08/2006,OAK,CA,AWP,WE,Towers with Radar,523,80,51,0,654,0,22,287,0,309,523,102,338,0,963,204,0,204,1167
08/09/2006,OAK,CA,AWP,WE,Towers with Radar,504,77,94,0,675,0,36,393,0,429,504,113,487,0,1104,296,0,296,1400
08/10/2006,OAK,CA,AWP,WE,Towers with Radar,533,82,89,0,704,0,36,358,0,394,533,118,447,0,1098,276,0,276,1374
08/11/2006,OAK,CA,AWP,WE,Towers with Radar,519,86,65,1,671,0,17,270,0,287,519,103,335,1,958,262,0,262,1220
08/12/2006,OAK,CA,AWP,WE,Towers with Radar,457,33,57,1,548,0,0,200,1,201,457,33,257,2,749,356,0,356,1105
08/13/2006,OAK,CA,AWP,WE,Towers with Radar,431,49,99,0,579,0,2,272,0,274,431,51,371,0,853,280,0,280,1133
08/14/2006,OAK,CA,AWP,WE,Towers with Radar,462,68,75,0,605,0,29,122,0,151,462,97,197,0,756,256,0,256,1012
08/15/2006,OAK,CA,AWP,WE,Towers with Radar,508,87,98,0,693,0,11,70,0,81,508,98,168,0,774,228,0,228,1002
08/16/2006,OAK,CA,AWP,WE,Towers with Radar,515,88,175,0,778,0,19,0,0,19,515,107,175,0,797,320,0,320,1117
08/17/2006,OAK,CA,AWP,WE,Towers with Radar,555,73,76,0,704,0,17,107,0,124,555,90,183,0,828,214,0,214,1042
08/18/2006,OAK,CA,AWP,WE,Towers with Radar,546,74,74,0,694,0,8,90,0,98,546,82,164,0,792,206,0,206,998
08/19/2006,OAK,CA,AWP,WE,Towers with Radar,452,44,69,0,565,0,1,92,0,93,452,45,161,0,658,152,0,152,810
08/20/2006,OAK,CA,AWP,WE,Towers with Radar,469,52,90,0,611,0,0,121,0,121,469,52,211,0,732,284,0,284,1016
08/21/2006,OAK,CA,AWP,WE,Towers with Radar,447,57,56,0,560,0,14,87,0,101,447,71,143,0,661,168,0,168,829
08/22/2006,OAK,CA,AWP,WE,Towers with Radar,518,91,161,0,770,0,15,111,0,126,518,106,272,0,896,318,0,318,1214
08/23/2006,OAK,CA,AWP,WE,Towers with Radar,519,85,152,0,756,0,21,116,0,137,519,106,268,0,893,228,0,228,1121
08/24/2006,OAK,CA,AWP,WE,Towers with Radar,546,90,108,0,744,0,9,104,0,113,546,99,212,0,857,230,0,230,1087
08/25/2006,OAK,CA,AWP,WE,Towers with Radar,543,84,68,0,695,0,6,119,0,125,543,90,187,0,820,204,0,204,1024
08/26/2006,OAK,CA,AWP,WE,Towers with Radar,436,31,51,0,518,0,0,111,0,111,436,31,162,0,629,320,0,320,949
08/27/2006,OAK,CA,AWP,WE,Towers with Radar,430,44,101,0,575,0,0,120,0,120,430,44,221,0,695,214,0,214,909
08/28/2006,OAK,CA,AWP,WE,Towers with Radar,481,75,73,1,630,0,6,51,0,57,481,81,124,1,687,218,0,218,905
08/29/2006,OAK,CA,AWP,WE,Towers with Radar,541,101,89,1,732,1,8,94,0,103,542,109,183,1,835,206,0,206,1041
08/30/2006,OAK,CA,AWP,WE,Towers with Radar,521,104,75,0,700,1,34,152,0,187,522,138,227,0,887,330,0,330,1217
08/31/2006,OAK,CA,AWP,WE,Towers with Radar,559,74,66,0,699,0,27,157,0,184,559,101,223,0,883,302,0,302,1185
09/01/2006,OAK,CA,AWP,WE,Towers with Radar,514,59,100,3,676,0,10,114,0,124,514,69,214,3,800,180,0,180,980
09/02/2006,OAK,CA,AWP,WE,Towers with Radar,423,35,40,0,498,0,2,88,0,90,423,37,128,0,588,144,0,144,732
09/03/2006,OAK,CA,AWP,WE,Towers with Radar,374,26,41,1,442,0,1,90,0,91,374,27,131,1,533,212,0,212,745
09/04/2006,OAK,CA,AWP,WE,Towers with Radar,446,40,62,1,549,0,3,127,0,130,446,43,189,1,679,256,0,256,935
09/05/2006,OAK,CA,AWP,WE,Towers with Radar,465,69,88,2,624,0,10,80,0,90,465,79,168,2,714,108,0,108,822
09/06/2006,OAK,CA,AWP,WE,Towers with Radar,522,67,87,0,676,0,25,99,0,124,522,92,186,0,800,184,0,184,984
09/07/2006,OAK,CA,AWP,WE,Towers with Radar,501,78,97,0,676,0,16,81,0,97,501,94,178,0,773,190,0,190,963
09/08/2006,OAK,CA,AWP,WE,Towers with Radar,534,98,106,0,738,0,6,62,0,68,534,104,168,0,806,142,0,142,948
09/09/2006,OAK,CA,AWP,WE,Towers with Radar,433,36,121,1,591,0,3,57,0,60,433,39,178,1,651,150,0,150,801
09/10/2006,OAK,CA,AWP,WE,Towers with Radar,425,48,65,0,538,0,1,128,0,129,425,49,193,0,667,346,0,346,1013
09/11/2006,OAK,CA,AWP,WE,Towers with Radar,445,80,104,4,633,0,17,108,0,125,445,97,212,4,758,246,0,246,1004
09/12/2006,OAK,CA,AWP,WE,Towers with Radar,505,85,61,1,652,0,22,119,0,141,505,107,180,1,793,274,0,274,1067
09/13/2006,OAK,CA,AWP,WE,Towers with Radar,525,91,63,0,679,0,22,127,0,149,525,113,190,0,828,110,0,110,938
09/14/2006,OAK,CA,AWP,WE,Towers with Radar,563,80,81,0,724,0,20,87,0,107,563,100,168,0,831,198,0,198,1029
09/15/2006,OAK,CA,AWP,WE,Towers with Radar,544,51,83,0,678,0,19,75,0,94,544,70,158,0,772,110,0,110,882
09/16/2006,OAK,CA,AWP,WE,Towers with Radar,394,31,53,0,478,0,5,131,0,136,394,36,184,0,614,234,0,234,848
09/17/2006,OAK,CA,AWP,WE,Towers with Radar,424,40,61,2,527,0,0,171,0,171,424,40,232,2,698,228,0,228,926
09/18/2006,OAK,CA,AWP,WE,Towers with Radar,457,58,74,1,590,0,24,131,0,155,457,82,205,1,745,256,0,256,1001
09/19/2006,OAK,CA,AWP,WE,Towers with Radar,543,110,119,0,772,0,34,70,0,104,543,144,189,0,876,352,0,352,1228
09/20/2006,OAK,CA,AWP,WE,Towers with Radar,526,82,75,0,683,0,31,130,0,161,526,113,205,0,844,262,0,262,1106
09/21/2006,OAK,CA,AWP,WE,Towers with Radar,520,75,58,0,653,4,49,104,0,157,524,124,162,0,810,258,0,258,1068
09/22/2006,OAK,CA,AWP,WE,Towers with Radar,528,64,96,1,689,0,26,105,0,131,528,90,201,1,820,134,0,134,954
09/23/2006,OAK,CA,AWP,WE,Towers with Radar,401,33,51,1,486,0,5,120,0,125,401,38,171,1,611,250,0,250,861
09/24/2006,OAK,CA,AWP,WE,Towers with Radar,421,45,79,0,545,0,2,161,0,163,421,47,240,0,708,126,0,126,834
09/25/2006,OAK,CA,AWP,WE,Towers with Radar,472,69,70,2,613,0,20,141,1,162,472,89,211,3,775,228,0,228,1003
09/26/2006,OAK,CA,AWP,WE,Towers with Radar,505,101,82,0,688,0,21,63,0,84,505,122,145,0,772,310,0,310,1082
09/27/2006,OAK,CA,AWP,WE,Towers with Radar,487,97,78,1,663,0,17,72,0,89,487,114,150,1,752,240,0,240,992
09/28/2006,OAK,CA,AWP,WE,Towers with Radar,500,105,75,2,682,0,5,70,0,75,500,110,145,2,757,160,0,160,917
09/29/2006,OAK,CA,AWP,WE,Towers with Radar,509,112,103,0,724,0,5,61,0,66,509,117,164,0,790,152,0,152,942
09/30/2006,OAK,CA,AWP,WE,Towers with Radar,405,44,48,0,497,0,0,112,0,112,405,44,160,0,609,0,0,0,609
10/01/2006,OAK,CA,AWP,WE,Towers with Radar,411,54,78,0,543,0,2,128,0,130,411,56,206,0,673,338,0,338,1011
10/02/2006,OAK,CA,AWP,WE,Towers with Radar,407,86,48,0,541,0,10,103,0,113,407,96,151,0,654,226,0,226,880
10/03/2006,OAK,CA,AWP,WE,Towers with Radar,533,92,82,0,707,0,15,117,0,132,533,107,199,0,839,352,0,352,1191
10/04/2006,OAK,CA,AWP,WE,Towers with Radar,523,95,69,0,687,0,10,88,0,98,523,105,157,0,785,260,0,260,1045
10/05/2006,OAK,CA,AWP,WE,Towers with Radar,550,94,58,0,702,0,10,132,0,142,550,104,190,0,844,284,0,284,1128
10/06/2006,OAK,CA,AWP,WE,Towers with Radar,535,119,155,1,810,0,19,119,4,142,535,138,274,5,952,314,0,314,1266
10/07/2006,OAK,CA,AWP,WE,Towers with Radar,416,52,61,0,529,0,1,189,0,190,416,53,250,0,719,176,0,176,895
10/08/2006,OAK,CA,AWP,WE,Towers with Radar,406,42,100,0,548,0,3,200,0,203,406,45,300,0,751,238,0,238,989
10/09/2006,OAK,CA,AWP,WE,Towers with Radar,418,35,54,0,507,0,9,158,0,167,418,44,212,0,674,160,0,160,834
10/10/2006,OAK,CA,AWP,WE,Towers with Radar,501,81,88,0,670,0,21,127,0,148,501,102,215,0,818,192,0,192,1010
10/11/2006,OAK,CA,AWP,WE,Towers with Radar,499,104,77,0,680,0,36,107,0,143,499,140,184,0,823,248,0,248,1071
10/12/2006,OAK,CA,AWP,WE,Towers with Radar,542,90,60,0,692,0,20,90,0,110,542,110,150,0,802,124,0,124,926
10/13/2006,OAK,CA,AWP,WE,Towers with Radar,525,71,91,2,689,0,6,60,0,66,525,77,151,2,755,192,0,192,947
10/14/2006,OAK,CA,AWP,WE,Towers with Radar,411,51,75,0,537,0,1,73,0,74,411,52,148,0,611,274,0,274,885
10/15/2006,OAK,CA,AWP,WE,Towers with Radar,416,74,81,0,571,0,1,42,0,43,416,75,123,0,614,184,0,184,798
10/16/2006,OAK,CA,AWP,WE,Towers with Radar,443,80,75,4,602,0,13,67,0,80,443,93,142,4,682,138,0,138,820
10/17/2006,OAK,CA,AWP,WE,Towers with Radar,521,67,71,0,659,0,23,106,0,129,521,90,177,0,788,140,0,140,928
10/18/2006,OAK,CA,AWP,WE,Towers with Radar,517,112,99,0,728,0,24,128,0,152,517,136,227,0,880,254,0,254,1134
10/19/2006,OAK,CA,AWP,WE,Towers with Radar,564,87,67,0,718,0,23,135,0,158,564,110,202,0,876,168,0,168,1044
10/20/2006,OAK,CA,AWP,WE,Towers with Radar,528,67,63,0,658,0,16,111,0,127,528,83,174,0,785,214,0,214,999
10/21/2006,OAK,CA,AWP,WE,Towers with Radar,421,24,59,0,504,0,5,127,0,132,421,29,186,0,636,124,0,124,760
10/22/2006,OAK,CA,AWP,WE,Towers with Radar,431,27,129,0,587,0,1,53,0,54,431,28,182,0,641,122,0,122,763
10/23/2006,OAK,CA,AWP,WE,Towers with Radar,460,52,78,0,590,0,36,99,0,135,460,88,177,0,725,134,0,134,859
10/24/2006,OAK,CA,AWP,WE,Towers with Radar,488,82,111,10,691,0,12,92,1,105,488,94,203,11,796,192,0,192,988
10/25/2006,OAK,CA,AWP,WE,Towers with Radar,521,90,44,0,655,0,18,106,0,124,521,108,150,0,779,198,0,198,977
10/26/2006,OAK,CA,AWP,WE,Towers with Radar,508,83,77,0,668,0,17,111,0,128,508,100,188,0,796,144,0,144,940
10/27/2006,OAK,CA,AWP,WE,Towers with Radar,540,66,76,0,682,0,35,160,0,195,540,101,236,0,877,226,0,226,1103
10/28/2006,OAK,CA,AWP,WE,Towers with Radar,383,42,53,0,478,0,4,169,0,173,383,46,222,0,651,144,0,144,795
10/29/2006,OAK,CA,AWP,WE,Towers with Radar,402,43,75,0,520,0,1,105,0,106,402,44,180,0,626,290,0,290,916
10/30/2006,OAK,CA,AWP,WE,Towers with Radar,447,64,83,0,594,0,12,85,0,97,447,76,168,0,691,222,0,222,913
10/31/2006,OAK,CA,AWP,WE,Towers with Radar,482,93,59,0,634,0,22,78,0,100,482,115,137,0,734,300,0,300,1034
11/01/2006,OAK,CA,AWP,WE,Towers with Radar,494,24,69,0,587,0,81,104,5,190,494,105,173,5,777,270,0,270,1047
11/02/2006,OAK,CA,AWP,WE,Towers with Radar,540,99,119,1,759,0,4,45,0,49,540,103,164,1,808,154,0,154,962
11/03/2006,OAK,CA,AWP,WE,Towers with Radar,549,81,87,0,717,0,6,35,0,41,549,87,122,0,758,158,0,158,916
11/04/2006,OAK,CA,AWP,WE,Towers with Radar,389,48,66,0,503,0,2,81,0,83,389,50,147,0,586,194,0,194,780
11/05/2006,OAK,CA,AWP,WE,Towers with Radar,405,45,114,0,564,0,1,138,0,139,405,46,252,0,703,368,0,368,1071
11/06/2006,OAK,CA,AWP,WE,Towers with Radar,448,52,73,0,573,0,21,133,0,154,448,73,206,0,727,182,0,182,909
11/07/2006,OAK,CA,AWP,WE,Towers with Radar,510,111,98,0,719,0,25,62,1,88,510,136,160,1,807,200,0,200,1007
11/08/2006,OAK,CA,AWP,WE,Towers with Radar,520,107,83,0,710,0,20,82,0,102,520,127,165,0,812,94,0,94,906
11/09/2006,OAK,CA,AWP,WE,Towers with Radar,502,90,64,0,656,0,132,109,0,241,502,222,173,0,897,106,0,106,1003
11/10/2006,OAK,CA,AWP,WE,Towers with Radar,549,61,59,0,669,0,17,123,0,140,549,78,182,0,809,196,0,196,1005
11/11/2006,OAK,CA,AWP,WE,Towers with Radar,400,52,5,0,457,0,2,57,0,59,400,54,62,0,516,198,0,198,714
11/12/2006,OAK,CA,AWP,WE,Towers with Radar,407,39,44,3,493,0,3,121,1,125,407,42,165,4,618,244,0,244,862
11/13/2006,OAK,CA,AWP,WE,Towers with Radar,425,73,79,0,577,0,0,5,0,5,425,73,84,0,582,58,0,58,640
11/14/2006,OAK,CA,AWP,WE,Towers with Radar,493,85,74,2,654,0,17,86,0,103,493,102,160,2,757,282,0,282,1039
11/15/2006,OAK,CA,AWP,WE,Towers with Radar,514,94,87,0,695,0,28,139,0,167,514,122,226,0,862,244,0,244,1106
11/16/2006,OAK,CA,AWP,WE,Towers with Radar,517,97,69,0,683,0,9,51,0,60,517,106,120,0,743,22,0,22,765
11/17/2006,OAK,CA,AWP,WE,Towers with Radar,499,105,86,0,690,0,4,62,0,66,499,109,148,0,756,206,0,206,962
11/18/2006,OAK,CA,AWP,WE,Towers with Radar,401,51,33,0,485,0,5,135,0,140,401,56,168,0,625,234,0,234,859
11/19/2006,OAK,CA,AWP,WE,Towers with Radar,408,72,87,0,567,0,0,54,0,54,408,72,141,0,621,172,0,172,793
11/20/2006,OAK,CA,AWP,WE,Towers with Radar,493,69,68,0,630,0,11,21,0,32,493,80,89,0,662,70,0,70,732
11/21/2006,OAK,CA,AWP,WE,Towers with Radar,551,133,197,0,881,0,11,97,0,108,551,144,294,0,989,206,0,206,1195
11/22/2006,OAK,CA,AWP,WE,Towers with Radar,537,116,88,0,741,0,37,87,1,125,537,153,175,1,866,342,0,342,1208
11/23/2006,OAK,CA,AWP,WE,Towers with Radar,333,39,32,0,404,0,6,45,0,51,333,45,77,0,455,20,0,20,475
11/24/2006,OAK,CA,AWP,WE,Towers with Radar,495,47,29,0,571,0,20,131,0,151,495,67,160,0,722,270,0,270,992
11/25/2006,OAK,CA,AWP,WE,Towers with Radar,395,34,40,0,469,0,90,19,0,109,395,124,59,0,578,194,0,194,772
11/26/2006,OAK,CA,AWP,WE,Towers with Radar,431,51,118,3,603,0,0,40,0,40,431,51,158,3,643,254,0,254,897
11/27/2006,OAK,CA,AWP,WE,Towers with Radar,472,65,72,0,609,0,28,64,0,92,472,93,136,0,701,348,0,348,1049
11/28/2006,OAK,CA,AWP,WE,Towers with Radar,561,91,81,0,733,0,46,123,0,169,561,137,204,0,902,300,0,300,1202
11/29/2006,OAK,CA,AWP,WE,Towers with Radar,524,90,59,0,673,0,27,120,0,147,524,117,179,0,820,256,0,256,1076
11/30/2006,OAK,CA,AWP,WE,Towers with Radar,528,67,84,0,679,0,24,97,0,121,528,91,181,0,800,210,0,210,1010
12/01/2006,OAK,CA,AWP,WE,Towers with Radar,520,100,87,0,707,0,20,124,0,144,520,120,211,0,851,298,0,298,1149
12/02/2006,OAK,CA,AWP,WE,Towers with Radar,384,45,46,0,475,0,6,130,0,136,384,51,176,0,611,168,0,168,779
12/03/2006,OAK,CA,AWP,WE,Towers with Radar,404,35,65,0,504,0,2,147,0,149,404,37,212,0,653,232,0,232,885
12/04/2006,OAK,CA,AWP,WE,Towers with Radar,487,50,70,0,607,0,26,109,2,137,487,76,179,2,744,158,4,162,906
12/05/2006,OAK,CA,AWP,WE,Towers with Radar,544,92,78,0,714,0,17,101,0,118,544,109,179,0,832,278,0,278,1110
12/06/2006,OAK,CA,AWP,WE,Towers with Radar,519,86,63,0,668,0,27,148,0,175,519,113,211,0,843,298,0,298,1141
12/07/2006,OAK,CA,AWP,WE,Towers with Radar,520,77,59,1,657,0,25,117,0,142,520,102,176,1,799,260,0,260,1059
12/08/2006,OAK,CA,AWP,WE,Towers with Radar,0,0,0,0,0,526,104,118,0,748,526,104,118,0,748,170,0,170,918
12/09/2006,OAK,CA,AWP,WE,Towers with Radar,373,30,46,0,449,0,2,42,0,44,373,32,88,0,493,272,0,272,765
12/10/2006,OAK,CA,AWP,WE,Towers with Radar,409,28,60,0,497,1,0,44,0,45,410,28,104,0,542,114,0,114,656
12/11/2006,OAK,CA,AWP,WE,Towers with Radar,414,85,63,0,562,0,33,101,0,134,414,118,164,0,696,300,0,300,996
12/12/2006,OAK,CA,AWP,WE,Towers with Radar,590,114,74,0,778,0,2,3,0,5,590,116,77,0,783,0,0,0,783
12/13/2006,OAK,CA,AWP,WE,Towers with Radar,527,127,112,1,767,0,1,1,0,2,527,128,113,1,769,78,0,78,847
12/14/2006,OAK,CA,AWP,WE,Towers with Radar,538,122,67,0,727,0,9,18,0,27,538,131,85,0,754,84,0,84,838
12/15/2006,OAK,CA,AWP,WE,Towers with Radar,570,88,55,0,713,0,16,78,0,94,570,104,133,0,807,270,0,270,1077
12/16/2006,OAK,CA,AWP,WE,Towers with Radar,421,57,33,0,511,0,5,101,0,106,421,62,134,0,617,270,0,270,887
12/17/2006,OAK,CA,AWP,WE,Towers with Radar,421,32,54,0,507,0,1,113,0,114,421,33,167,0,621,294,0,294,915
12/18/2006,OAK,CA,AWP,WE,Towers with Radar,485,71,54,0,610,1,26,111,1,139,486,97,165,1,749,210,0,210,959
12/19/2006,OAK,CA,AWP,WE,Towers with Radar,571,111,49,0,731,0,29,82,0,111,571,140,131,0,842,198,0,198,1040
12/20/2006,OAK,CA,AWP,WE,Towers with Radar,534,114,58,0,706,0,26,107,0,133,534,140,165,0,839,318,0,318,1157
12/21/2006,OAK,CA,AWP,WE,Towers with Radar,547,104,75,0,726,0,6,6,0,12,547,110,81,0,738,270,0,270,1008
12/22/2006,OAK,CA,AWP,WE,Towers with Radar,565,83,78,0,726,0,17,106,0,123,565,100,184,0,849,226,0,226,1075
12/23/2006,OAK,CA,AWP,WE,Towers with Radar,430,63,57,0,550,0,12,79,0,91,430,75,136,0,641,226,0,226,867
12/24/2006,OAK,CA,AWP,WE,Towers with Radar,352,28,20,0,400,0,2,51,0,53,352,30,71,0,453,92,0,92,545
12/25/2006,OAK,CA,AWP,WE,Towers with Radar,397,25,21,0,443,0,0,12,0,12,397,25,33,0,455,22,0,22,477
12/26/2006,OAK,CA,AWP,WE,Towers with Radar,496,86,69,0,651,0,10,21,0,31,496,96,90,0,682,78,0,78,760
12/27/2006,OAK,CA,AWP,WE,Towers with Radar,542,95,44,0,681,0,14,25,0,39,542,109,69,0,720,0,0,0,720
12/28/2006,OAK,CA,AWP,WE,Towers with Radar,498,74,49,0,621,0,23,127,0,150,498,97,176,0,771,206,0,206,977
12/29/2006,OAK,CA,AWP,WE,Towers with Radar,485,73,35,0,593,0,24,112,0,136,485,97,147,0,729,264,0,264,993
12/30/2006,OAK,CA,AWP,WE,Towers with Radar,442,33,32,0,507,0,5,148,3,156,442,38,180,3,663,272,0,272,935
12/31/2006,OAK,CA,AWP,WE,Towers with Radar,365,21,50,0,436,0,1,54,0,55,365,22,104,0,491,302,0,302,793
01/01/2007,OAK,CA,AWP,WE,Towers with Radar,415,41,52,0,508,0,7,65,0,72,415,48,117,0,580,50,0,50,630
01/02/2007,OAK,CA,AWP,WE,Towers with Radar,450,69,50,0,569,0,22,73,0,95,450,91,123,0,664,194,0,194,858
01/03/2007,OAK,CA,AWP,WE,Towers with Radar,498,124,81,0,703,0,7,45,0,52,498,131,126,0,755,224,0,224,979
01/04/2007,OAK,CA,AWP,WE,Towers with Radar,503,87,43,0,633,0,5,22,0,27,503,92,65,0,660,116,0,116,776
01/05/2007,OAK,CA,AWP,WE,Towers with Radar,509,63,69,0,641,0,19,80,0,99,509,82,149,0,740,190,0,190,930
01/06/2007,OAK,CA,AWP,WE,Towers with Radar,429,39,35,0,503,0,8,158,0,166,429,47,193,0,669,248,0,248,917
01/07/2007,OAK,CA,AWP,WE,Towers with Radar,430,53,74,0,557,0,1,201,0,202,430,54,275,0,759,282,0,282,1041
01/08/2007,OAK,CA,AWP,WE,Towers with Radar,452,57,52,0,561,0,28,99,2,129,452,85,151,2,690,184,0,184,874
01/09/2007,OAK,CA,AWP,WE,Towers with Radar,519,85,50,0,654,0,17,140,1,158,519,102,190,1,812,182,0,182,994
01/10/2007,OAK,CA,AWP,WE,Towers with Radar,528,94,103,0,725,0,25,66,0,91,528,119,169,0,816,72,0,72,888
01/11/2007,OAK,CA,AWP,WE,Towers with Radar,536,82,66,1,685,0,25,94,0,119,536,107,160,1,804,250,0,250,1054
01/12/2007,OAK,CA,AWP,WE,Towers with Radar,524,90,78,2,694,0,23,55,0,78,524,113,133,2,772,100,0,100,872
01/13/2007,OAK,CA,AWP,WE,Towers with Radar,369,48,29,0,446,0,7,143,0,150,369,55,172,0,596,208,0,208,804
01/14/2007,OAK,CA,AWP,WE,Towers with Radar,415,24,34,0,473,0,3,121,0,124,415,27,155,0,597,188,0,188,785
01/15/2007,OAK,CA,AWP,WE,Towers with Radar,449,58,54,0,561,0,16,149,0,165,449,74,203,0,726,306,0,306,1032
01/16/2007,OAK,CA,AWP,WE,Towers with Radar,508,84,54,0,646,0,25,76,0,101,508,109,130,0,747,152,0,152,899
01/17/2007,OAK,CA,AWP,WE,Towers with Radar,504,81,52,0,637,0,16,87,0,103,504,97,139,0,740,204,0,204,944
01/18/2007,OAK,CA,AWP,WE,Towers with Radar,520,74,71,0,665,0,19,122,0,141,520,93,193,0,806,150,0,150,956
01/19/2007,OAK,CA,AWP,WE,Towers with Radar,498,82,61,0,641,0,41,104,0,145,498,123,165,0,786,260,0,260,1046
01/20/2007,OAK,CA,AWP,WE,Towers with Radar,365,33,31,0,429,0,5,105,0,110,365,38,136,0,539,168,0,168,707
01/21/2007,OAK,CA,AWP,WE,Towers with Radar,408,30,46,0,484,0,4,118,0,122,408,34,164,0,606,168,0,168,774
01/22/2007,OAK,CA,AWP,WE,Towers with Radar,463,75,73,1,612,0,32,109,0,141,463,107,182,1,753,108,4,112,865
01/23/2007,OAK,CA,AWP,WE,Towers with Radar,526,79,48,0,653,0,28,94,0,122,526,107,142,0,775,144,0,144,919
01/24/2007,OAK,CA,AWP,WE,Towers with Radar,512,101,59,0,672,0,44,135,0,179,512,145,194,0,851,286,0,286,1137
01/25/2007,OAK,CA,AWP,WE,Towers with Radar,506,102,78,0,686,0,21,62,0,83,506,123,140,0,769,194,0,194,963
01/26/2007,OAK,CA,AWP,WE,Towers with Radar,523,59,26,0,608,0,0,0,0,0,523,59,26,0,608,0,0,0,608
01/27/2007,OAK,CA,AWP,WE,Towers with Radar,382,47,40,0,469,0,0,29,1,30,382,47,69,1,499,178,0,178,677
01/28/2007,OAK,CA,AWP,WE,Towers with Radar,410,41,75,0,526,0,4,80,0,84,410,45,155,0,610,342,0,342,952
01/29/2007,OAK,CA,AWP,WE,Towers with Radar,470,56,38,0,564,0,23,87,0,110,470,79,125,0,674,272,0,272,946
01/30/2007,OAK,CA,AWP,WE,Towers with Radar,499,87,46,0,632,0,27,71,0,98,499,114,117,0,730,286,0,286,1016
01/31/2007,OAK,CA,AWP,WE,Towers with Radar,480,96,51,0,627,0,8,63,0,71,480,104,114,0,698,400,0,400,1098
02/01/2007,OAK,CA,AWP,WE,Towers with Radar,573,106,87,0,766,0,4,43,0,47,573,110,130,0,813,328,0,328,1141
02/02/2007,OAK,CA,AWP,WE,Towers with Radar,506,102,73,0,681,0,14,91,0,105,506,116,164,0,786,272,0,272,1058
02/03/2007,OAK,CA,AWP,WE,Towers with Radar,383,36,33,0,452,0,4,133,0,137,383,40,166,0,589,416,0,416,1005
02/04/2007,OAK,CA,AWP,WE,Towers with Radar,391,32,36,0,459,0,4,109,0,113,391,36,145,0,572,310,0,310,882
02/05/2007,OAK,CA,AWP,WE,Towers with Radar,482,49,57,0,588,0,31,60,0,91,482,80,117,0,679,276,0,276,955
02/06/2007,OAK,CA,AWP,WE,Towers with Radar,519,93,49,0,661,0,15,79,0,94,519,108,128,0,755,186,0,186,941
02/07/2007,OAK,CA,AWP,WE,Towers with Radar,498,106,51,0,655,0,1,37,0,38,498,107,88,0,693,316,0,316,1009
02/08/2007,OAK,CA,AWP,WE,Towers with Radar,548,101,90,1,740,0,4,78,0,82,548,105,168,1,822,294,0,294,1116
02/09/2007,OAK,CA,AWP,WE,Towers with Radar,543,118,82,0,743,0,1,15,0,16,543,119,97,0,759,156,0,156,915
02/10/2007,OAK,CA,AWP,WE,Towers with Radar,398,40,49,0,487,0,0,13,0,13,398,40,62,0,500,168,0,168,668
02/11/2007,OAK,CA,AWP,WE,Towers with Radar,430,49,55,0,534,0,2,80,0,82,430,51,135,0,616,304,0,304,920
02/12/2007,OAK,CA,AWP,WE,Towers with Radar,469,79,52,0,600,0,12,57,0,69,469,91,109,0,669,230,0,230,899
02/13/2007,OAK,CA,AWP,WE,Towers with Radar,517,112,60,0,689,0,5,78,0,83,517,117,138,0,772,286,26,312,1084
02/14/2007,OAK,CA,AWP,WE,Towers with Radar,508,87,52,0,647,0,19,106,0,125,508,106,158,0,772,216,0,216,988
02/15/2007,OAK,CA,AWP,WE,Towers with Radar,514,75,75,0,664,0,17,101,0,118,514,92,176,0,782,194,0,194,976
02/16/2007,OAK,CA,AWP,WE,Towers with Radar,506,92,58,0,656,0,7,91,0,98,506,99,149,0,754,128,0,128,882
02/17/2007,OAK,CA,AWP,WE,Towers with Radar,405,36,56,0,497,0,2,129,0,131,405,38,185,0,628,306,0,306,934
02/18/2007,OAK,CA,AWP,WE,Towers with Radar,422,29,40,0,491,0,2,97,0,99,422,31,137,0,590,202,0,202,792
02/19/2007,OAK,CA,AWP,WE,Towers with Radar,464,41,62,0,567,0,13,124,0,137,464,54,186,0,704,196,0,196,900
02/20/2007,OAK,CA,AWP,WE,Towers with Radar,505,91,81,0,677,0,11,69,0,80,505,102,150,0,757,278,0,278,1035
02/21/2007,OAK,CA,AWP,WE,Towers with Radar,493,113,94,2,702,0,5,52,0,57,493,118,146,2,759,240,0,240,999
02/22/2007,OAK,CA,AWP,WE,Towers with Radar,502,94,75,0,671,0,4,27,0,31,502,98,102,0,702,188,0,188,890
02/23/2007,OAK,CA,AWP,WE,Towers with Radar,515,80,66,0,661,0,14,102,0,116,515,94,168,0,777,220,0,220,997
02/24/2007,OAK,CA,AWP,WE,Towers with Radar,365,56,58,0,479,0,3,41,0,44,365,59,99,0,523,294,0,294,817
02/25/2007,OAK,CA,AWP,WE,Towers with Radar,396,71,78,0,545,0,0,16,0,16,396,71,94,0,561,56,0,56,617
02/26/2007,OAK,CA,AWP,WE,Towers with Radar,453,85,67,0,605,0,12,13,0,25,453,97,80,0,630,144,0,144,774
02/27/2007,OAK,CA,AWP,WE,Towers with Radar,498,93,28,0,619,0,2,16,0,18,498,95,44,0,637,70,0,70,707
02/28/2007,OAK,CA,AWP,WE,Towers with Radar,525,93,53,0,671,0,34,53,0,87,525,127,106,0,758,384,0,384,1142
03/01/2007,OAK,CA,AWP,WE,Towers with Radar,543,85,73,0,701,0,16,86,0,102,543,101,159,0,803,260,0,260,1063
03/02/2007,OAK,CA,AWP,WE,Towers with Radar,532,82,83,2,699,0,9,108,4,121,532,91,191,6,820,380,0,380,1200
03/03/2007,OAK,CA,AWP,WE,Towers with Radar,387,56,35,0,478,0,2,134,0,136,387,58,169,0,614,176,0,176,790
03/04/2007,OAK,CA,AWP,WE,Towers with Radar,401,29,76,3,509,0,4,147,0,151,401,33,223,3,660,276,0,276,936
03/05/2007,OAK,CA,AWP,WE,Towers with Radar,428,51,54,0,533,0,27,124,0,151,428,78,178,0,684,196,0,196,880
03/06/2007,OAK,CA,AWP,WE,Towers with Radar,509,81,51,0,641,0,18,107,0,125,509,99,158,0,766,302,0,302,1068
03/07/2007,OAK,CA,AWP,WE,Towers with Radar,475,131,80,0,686,0,8,50,0,58,475,139,130,0,744,270,0,270,1014
03/08/2007,OAK,CA,AWP,WE,Towers with Radar,543,85,77,1,706,0,17,126,0,143,543,102,203,1,849,370,0,370,1219
03/09/2007,OAK,CA,AWP,WE,Towers with Radar,522,83,80,0,685,1,11,137,0,149,523,94,217,0,834,322,2,324,1158
03/10/2007,OAK,CA,AWP,WE,Towers with Radar,401,36,31,0,468,0,5,127,0,132,401,41,158,0,600,304,0,304,904
03/11/2007,OAK,CA,AWP,WE,Towers with Radar,405,48,64,0,517,0,3,155,0,158,405,51,219,0,675,292,0,292,967
03/12/2007,OAK,CA,AWP,WE,Towers with Radar,449,60,46,0,555,0,25,129,0,154,449,85,175,0,709,292,0,292,1001
03/13/2007,OAK,CA,AWP,WE,Towers with Radar,527,84,77,0,688,0,52,102,0,154,527,136,179,0,842,322,0,322,1164
03/14/2007,OAK,CA,AWP,WE,Towers with Radar,506,90,58,0,654,0,31,107,0,138,506,121,165,0,792,392,0,392,1184
03/15/2007,OAK,CA,AWP,WE,Towers with Radar,530,84,80,0,694,0,28,139,0,167,530,112,219,0,861,308,2,310,1171
03/16/2007,OAK,CA,AWP,WE,Towers with Radar,502,88,80,0,670,0,25,124,0,149,502,113,204,0,819,308,0,308,1127
03/17/2007,OAK,CA,AWP,WE,Towers with Radar,417,42,138,0,597,0,0,53,0,53,417,42,191,0,650,172,0,172,822
03/18/2007,OAK,CA,AWP,WE,Towers with Radar,408,29,78,2,517,0,0,98,1,99,408,29,176,3,616,216,0,216,832
03/19/2007,OAK,CA,AWP,WE,Towers with Radar,456,59,68,1,584,0,30,64,1,95,456,89,132,2,679,164,0,164,843
03/20/2007,OAK,CA,AWP,WE,Towers with Radar,513,82,60,1,656,0,15,20,0,35,513,97,80,1,691,126,0,126,817
03/21/2007,OAK,CA,AWP,WE,Towers with Radar,506,103,87,0,696,0,30,92,1,123,506,133,179,1,819,206,0,206,1025
03/22/2007,OAK,CA,AWP,WE,Towers with Radar,503,68,63,0,634,0,24,120,0,144,503,92,183,0,778,356,0,356,1134
03/23/2007,OAK,CA,AWP,WE,Towers with Radar,503,95,68,0,666,0,20,152,0,172,503,115,220,0,838,298,0,298,1136
03/24/2007,OAK,CA,AWP,WE,Towers with Radar,417,30,50,0,497,0,3,95,0,98,417,33,145,0,595,292,0,292,887
03/25/2007,OAK,CA,AWP,WE,Towers with Radar,413,33,88,0,534,0,0,58,0,58,413,33,146,0,592,322,0,322,914
03/26/2007,OAK,CA,AWP,WE,Towers with Radar,436,93,65,0,594,0,9,21,0,30,436,102,86,0,624,178,0,178,802
03/27/2007,OAK,CA,AWP,WE,Towers with Radar,551,81,32,1,665,0,14,44,0,58,551,95,76,1,723,44,0,44,767
03/28/2007,OAK,CA,AWP,WE,Towers with Radar,503,88,64,1,656,0,35,113,0,148,503,123,177,1,804,296,0,296,1100
03/29/2007,OAK,CA,AWP,WE,Towers with Radar,542,74,86,0,702,0,24,124,0,148,542,98,210,0,850,324,0,324,1174
03/30/2007,OAK,CA,AWP,WE,Towers with Radar,509,84,66,1,660,0,33,101,0,134,509,117,167,1,794,356,0,356,1150
03/31/2007,OAK,CA,AWP,WE,Towers with Radar,386,46,35,0,467,0,7,150,0,157,386,53,185,0,624,330,0,330,954
04/01/2007,OAK,CA,AWP,WE,Towers with Radar,435,48,80,0,563,0,0,143,0,143,435,48,223,0,706,282,0,282,988
04/02/2007,OAK,CA,AWP,WE,Towers with Radar,463,46,51,0,560,3,39,112,0,154,466,85,163,0,714,270,0,270,984
04/03/2007,OAK,CA,AWP,WE,Towers with Radar,509,81,56,0,646,0,36,138,0,174,509,117,194,0,820,210,0,210,1030
04/04/2007,OAK,CA,AWP,WE,Towers with Radar,515,91,84,0,690,0,35,135,0,170,515,126,219,0,860,286,14,300,1160
04/05/2007,OAK,CA,AWP,WE,Towers with Radar,540,85,70,0,695,0,25,120,1,146,540,110,190,1,841,342,0,342,1183
04/06/2007,OAK,CA,AWP,WE,Towers with Radar,529,80,105,6,720,0,6,28,1,35,529,86,133,7,755,108,0,108,863
04/07/2007,OAK,CA,AWP,WE,Towers with Radar,432,51,43,0,526,0,1,59,0,60,432,52,102,0,586,264,0,264,850
04/08/2007,OAK,CA,AWP,WE,Towers with Radar,415,27,54,1,497,0,3,101,2,106,415,30,155,3,603,262,6,268,871
04/09/2007,OAK,CA,AWP,WE,Towers with Radar,449,59,67,1,576,0,23,114,0,137,449,82,181,1,713,308,0,308,1021
04/10/2007,OAK,CA,AWP,WE,Towers with Radar,499,66,42,0,607,0,18,136,0,154,499,84,178,0,761,226,2,228,989
04/11/2007,OAK,CA,AWP,WE,Towers with Radar,511,102,41,0,654,0,14,29,0,43,511,116,70,0,697,56,0,56,753
04/12/2007,OAK,CA,AWP,WE,Towers with Radar,511,95,76,0,682,0,35,60,0,95,511,130,136,0,777,148,0,148,925
04/13/2007,OAK,CA,AWP,WE,Towers with Radar,523,82,55,0,660,0,37,134,1,172,523,119,189,1,832,218,0,218,1050
04/14/2007,OAK,CA,AWP,WE,Towers with Radar,428,40,36,1,505,0,3,28,0,31,428,43,64,1,536,122,0,122,658
04/15/2007,OAK,CA,AWP,WE,Towers with Radar,414,45,60,0,519,0,1,138,6,145,414,46,198,6,664,424,0,424,1088
04/16/2007,OAK,CA,AWP,WE,Towers with Radar,447,41,54,0,542,0,32,94,0,126,447,73,148,0,668,42,0,42,710
04/17/2007,OAK,CA,AWP,WE,Towers with Radar,497,74,61,0,632,0,14,45,0,59,497,88,106,0,691,88,0,88,779
04/18/2007,OAK,CA,AWP,WE,Towers with Radar,528,100,82,0,710,0,34,113,0,147,528,134,195,0,857,80,0,80,937
04/19/2007,OAK,CA,AWP,WE,Towers with Radar,547,94,73,0,714,1,10,37,0,48,548,104,110,0,762,140,0,140,902
04/20/2007,OAK,CA,AWP,WE,Towers with Radar,527,72,59,1,659,0,9,62,0,71,527,81,121,1,730,126,0,126,856
04/21/2007,OAK,CA,AWP,WE,Towers with Radar,422,36,46,0,504,0,1,64,0,65,422,37,110,0,569,218,0,218,787
04/22/2007,OAK,CA,AWP,WE,Towers with Radar,397,36,50,1,484,0,0,74,0,74,397,36,124,1,558,180,0,180,738
04/23/2007,OAK,CA,AWP,WE,Towers with Radar,413,49,50,3,515,0,32,99,0,131,413,81,149,3,646,222,0,222,868
04/24/2007,OAK,CA,AWP,WE,Towers with Radar,490,98,106,0,694,0,14,99,0,113,490,112,205,0,807,226,0,226,1033
04/25/2007,OAK,CA,AWP,WE,Towers with Radar,522,109,146,0,777,0,20,49,0,69,522,129,195,0,846,162,0,162,1008
04/26/2007,OAK,CA,AWP,WE,Towers with Radar,516,85,88,0,689,0,28,206,0,234,516,113,294,0,923,252,4,256,1179
04/27/2007,OAK,CA,AWP,WE,Towers with Radar,534,105,83,0,722,0,48,135,0,183,534,153,218,0,905,296,0,296,1201
04/28/2007,OAK,CA,AWP,WE,Towers with Radar,413,56,48,0,517,0,3,149,0,152,413,59,197,0,669,218,0,218,887
04/29/2007,OAK,CA,AWP,WE,Towers with Radar,428,43,68,1,540,0,1,162,0,163,428,44,230,1,703,138,0,138,841
04/30/2007,OAK,CA,AWP,WE,Towers with Radar,442,53,87,0,582,0,41,126,0,167,442,94,213,0,749,256,0,256,1005
05/01/2007,OAK,CA,AWP,WE,Towers with Radar,506,89,57,0,652,0,30,116,1,147,506,119,173,1,799,298,0,298,1097
05/02/2007,OAK,CA,AWP,WE,Towers with Radar,517,90,74,0,681,0,34,80,0,114,517,124,154,0,795,218,0,218,1013
05/03/2007,OAK,CA,AWP,WE,Towers with Radar,518,94,65,0,677,0,35,94,0,129,518,129,159,0,806,258,0,258,1064
05/04/2007,OAK,CA,AWP,WE,Towers with Radar,523,89,59,0,671,0,14,55,0,69,523,103,114,0,740,252,0,252,992
05/05/2007,OAK,CA,AWP,WE,Towers with Radar,410,31,21,2,464,0,6,110,0,116,410,37,131,2,580,146,0,146,726
05/06/2007,OAK,CA,AWP,WE,Towers with Radar,402,41,43,0,486,0,2,135,1,138,402,43,178,1,624,176,0,176,800
05/07/2007,OAK,CA,AWP,WE,Towers with Radar,437,50,43,0,530,0,29,91,2,122,437,79,134,2,652,144,2,146,798
05/08/2007,OAK,CA,AWP,WE,Towers with Radar,483,75,58,0,616,0,44,143,1,188,483,119,201,1,804,462,0,462,1266
05/09/2007,OAK,CA,AWP,WE,Towers with Radar,553,81,66,0,700,0,26,80,1,107,553,107,146,1,807,198,0,198,1005
05/10/2007,OAK,CA,AWP,WE,Towers with Radar,543,90,94,0,727,0,26,140,0,166,543,116,234,0,893,306,0,306,1199
05/11/2007,OAK,CA,AWP,WE,Towers with Radar,548,125,73,0,746,0,0,82,0,82,548,125,155,0,828,298,0,298,1126
05/12/2007,OAK,CA,AWP,WE,Towers with Radar,417,38,27,0,482,0,4,129,0,133,417,42,156,0,615,160,0,160,775
05/13/2007,OAK,CA,AWP,WE,Towers with Radar,404,35,73,0,512,0,1,139,2,142,404,36,212,2,654,212,10,222,876
05/14/2007,OAK,CA,AWP,WE,Towers with Radar,416,37,72,0,525,1,33,146,0,180,417,70,218,0,705,274,0,274,979
05/15/2007,OAK,CA,AWP,WE,Towers with Radar,518,104,115,1,738,0,4,7,0,11,518,108,122,1,749,122,0,122,871
05/16/2007,OAK,CA,AWP,WE,Towers with Radar,531,93,114,0,738,0,23,111,0,134,531,116,225,0,872,312,0,312,1184
05/17/2007,OAK,CA,AWP,WE,Towers with Radar,563,115,78,1,757,0,21,124,0,145,563,136,202,1,902,272,0,272,1174
05/18/2007,OAK,CA,AWP,WE,Towers with Radar,548,87,74,0,709,0,14,115,0,129,548,101,189,0,838,162,0,162,1000
05/19/2007,OAK,CA,AWP,WE,Towers with Radar,409,42,45,0,496,0,0,72,0,72,409,42,117,0,568,136,0,136,704
05/20/2007,OAK,CA,AWP,WE,Towers with Radar,429,39,57,0,525,0,1,148,0,149,429,40,205,0,674,208,0,208,882
05/21/2007,OAK,CA,AWP,WE,Towers with Radar,450,73,80,0,603,0,15,115,0,130,450,88,195,0,733,300,0,300,1033
05/22/2007,OAK,CA,AWP,WE,Towers with Radar,548,82,20,0,650,0,32,124,0,156,548,114,144,0,806,372,0,372,1178
05/23/2007,OAK,CA,AWP,WE,Towers with Radar,488,70,68,1,627,0,28,120,0,148,488,98,188,1,775,206,0,206,981
05/24/2007,OAK,CA,AWP,WE,Towers with Radar,557,72,72,0,701,0,27,145,0,172,557,99,217,0,873,220,0,220,1093
05/25/2007,OAK,CA,AWP,WE,Towers with Radar,529,116,78,0,723,0,10,90,0,100,529,126,168,0,823,188,0,188,1011
05/26/2007,OAK,CA,AWP,WE,Towers with Radar,409,43,69,2,523,0,2,76,1,79,409,45,145,3,602,110,0,110,712
05/27/2007,OAK,CA,AWP,WE,Towers with Radar,374,25,52,1,452,0,0,50,0,50,374,25,102,1,502,106,0,106,608
05/28/2007,OAK,CA,AWP,WE,Towers with Radar,399,34,57,0,490,0,1,131,0,132,399,35,188,0,622,256,0,256,878
05/29/2007,OAK,CA,AWP,WE,Towers with Radar,443,83,73,0,599,0,28,117,0,145,443,111,190,0,744,210,0,210,954
05/30/2007,OAK,CA,AWP,WE,Towers with Radar,524,122,116,0,762,0,19,88,0,107,524,141,204,0,869,410,0,410,1279
05/31/2007,OAK,CA,AWP,WE,Towers with Radar,525,115,124,0,764,0,15,100,0,115,525,130,224,0,879,118,0,118,997
06/01/2007,OAK,CA,AWP,WE,Towers with Radar,545,111,124,0,780,0,5,82,0,87,545,116,206,0,867,104,0,104,971
06/02/2007,OAK,CA,AWP,WE,Towers with Radar,411,37,72,0,520,0,4,19,0,23,411,41,91,0,543,74,0,74,617
06/03/2007,OAK,CA,AWP,WE,Towers with Radar,412,23,63,12,510,0,0,111,0,111,412,23,174,12,621,54,0,54,675
06/04/2007,OAK,CA,AWP,WE,Towers with Radar,460,46,60,1,567,0,18,81,2,101,460,64,141,3,668,122,0,122,790
06/05/2007,OAK,CA,AWP,WE,Towers with Radar,508,83,72,0,663,0,16,46,0,62,508,99,118,0,725,88,0,88,813
06/06/2007,OAK,CA,AWP,WE,Towers with Radar,513,80,69,3,665,0,31,78,0,109,513,111,147,3,774,202,0,202,976
06/07/2007,OAK,CA,AWP,WE,Towers with Radar,526,78,85,2,691,0,26,170,2,198,526,104,255,4,889,172,0,172,1061
06/08/2007,OAK,CA,AWP,WE,Towers with Radar,502,79,73,0,654,0,10,103,0,113,502,89,176,0,767,150,0,150,917
06/09/2007,OAK,CA,AWP,WE,Towers with Radar,418,32,37,0,487,0,2,148,0,150,418,34,185,0,637,264,0,264,901
06/10/2007,OAK,CA,AWP,WE,Towers with Radar,431,30,52,2,515,1,1,114,4,120,432,31,166,6,635,114,0,114,749
06/11/2007,OAK,CA,AWP,WE,Towers with Radar,450,59,71,0,580,0,19,131,2,152,450,78,202,2,732,244,0,244,976
06/12/2007,OAK,CA,AWP,WE,Towers with Radar,499,65,66,0,630,0,33,116,0,149,499,98,182,0,779,184,0,184,963
06/13/2007,OAK,CA,AWP,WE,Towers with Radar,518,88,62,0,668,0,24,146,0,170,518,112,208,0,838,300,0,300,1138
06/14/2007,OAK,CA,AWP,WE,Towers with Radar,515,83,59,2,659,0,28,138,0,166,515,111,197,2,825,332,0,332,1157
06/15/2007,OAK,CA,AWP,WE,Towers with Radar,541,79,88,2,710,0,15,106,0,121,541,94,194,2,831,266,0,266,1097
06/16/2007,OAK,CA,AWP,WE,Towers with Radar,431,37,52,0,520,0,1,60,3,64,431,38,112,3,584,28,0,28,612
06/17/2007,OAK,CA,AWP,WE,Towers with Radar,425,36,44,0,505,1,1,120,2,124,426,37,164,2,629,206,0,206,835
06/18/2007,OAK,CA,AWP,WE,Towers with Radar,470,47,64,1,582,0,20,93,0,113,470,67,157,1,695,224,4,228,923
06/19/2007,OAK,CA,AWP,WE,Towers with Radar,508,88,63,0,659,0,18,92,0,110,508,106,155,0,769,274,0,274,1043
06/20/2007,OAK,CA,AWP,WE,Towers with Radar,513,88,84,4,689,0,18,88,0,106,513,106,172,4,795,158,0,158,953
06/21/2007,OAK,CA,AWP,WE,Towers with Radar,539,103,74,1,717,0,28,117,0,145,539,131,191,1,862,298,0,298,1160
06/22/2007,OAK,CA,AWP,WE,Towers with Radar,542,65,63,1,671,0,35,123,0,158,542,100,186,1,829,184,0,184,1013
06/23/2007,OAK,CA,AWP,WE,Towers with Radar,426,32,33,0,491,0,1,150,0,151,426,33,183,0,642,144,0,144,786
06/24/2007,OAK,CA,AWP,WE,Towers with Radar,433,33,68,0,534,0,0,172,4,176,433,33,240,4,710,304,0,304,1014
06/25/2007,OAK,CA,AWP,WE,Towers with Radar,455,51,43,0,549,0,31,123,0,154,455,82,166,0,703,276,0,276,979
06/26/2007,OAK,CA,AWP,WE,Towers with Radar,523,85,64,0,672,0,22,123,0,145,523,107,187,0,817,180,0,180,997
06/27/2007,OAK,CA,AWP,WE,Towers with Radar,498,97,75,0,670,0,25,136,0,161,498,122,211,0,831,256,0,256,1087
06/28/2007,OAK,CA,AWP,WE,Towers with Radar,531,98,55,0,684,0,15,139,0,154,531,113,194,0,838,296,0,296,1134
06/29/2007,OAK,CA,AWP,WE,Towers with Radar,537,94,100,0,731,0,6,132,2,140,537,100,232,2,871,194,0,194,1065
06/30/2007,OAK,CA,AWP,WE,Towers with Radar,425,42,119,0,586,0,0,117,0,117,425,42,236,0,703,176,0,176,879
07/01/2007,OAK,CA,AWP,WE,Towers with Radar,418,44,61,0,523,0,0,123,0,123,418,44,184,0,646,194,0,194,840
07/02/2007,OAK,CA,AWP,WE,Towers with Radar,456,41,40,0,537,0,12,97,2,111,456,53,137,2,648,342,0,342,990
07/03/2007,OAK,CA,AWP,WE,Towers with Radar,545,94,76,0,715,0,16,73,2,91,545,110,149,2,806,240,0,240,1046
07/04/2007,OAK,CA,AWP,WE,Towers with Radar,373,48,12,0,433,0,3,120,0,123,373,51,132,0,556,144,0,144,700
07/05/2007,OAK,CA,AWP,WE,Towers with Radar,492,72,53,0,617,0,31,111,0,142,492,103,164,0,759,166,0,166,925
07/06/2007,OAK,CA,AWP,WE,Towers with Radar,534,73,56,0,663,0,22,93,0,115,534,95,149,0,778,270,0,270,1048
07/07/2007,OAK,CA,AWP,WE,Towers with Radar,434,39,100,0,573,0,0,22,0,22,434,39,122,0,595,80,0,80,675
07/08/2007,OAK,CA,AWP,WE,Towers with Radar,440,48,82,0,570,0,1,147,0,148,440,49,229,0,718,214,0,214,932
07/09/2007,OAK,CA,AWP,WE,Towers with Radar,427,85,108,0,620,0,24,80,0,104,427,109,188,0,724,104,0,104,828
07/10/2007,OAK,CA,AWP,WE,Towers with Radar,496,78,83,0,657,0,11,67,0,78,496,89,150,0,735,202,0,202,937
07/11/2007,OAK,CA,AWP,WE,Towers with Radar,540,98,93,0,731,0,12,104,0,116,540,110,197,0,847,250,0,250,1097
07/12/2007,OAK,CA,AWP,WE,Towers with Radar,548,95,77,0,720,0,42,152,1,195,548,137,229,1,915,312,0,312,1227
07/13/2007,OAK,CA,AWP,WE,Towers with Radar,545,85,55,0,685,0,27,147,0,174,545,112,202,0,859,294,0,294,1153
07/14/2007,OAK,CA,AWP,WE,Towers with Radar,424,37,68,0,529,0,1,93,0,94,424,38,161,0,623,180,0,180,803
07/15/2007,OAK,CA,AWP,WE,Towers with Radar,438,53,73,0,564,0,2,86,0,88,438,55,159,0,652,152,0,152,804
07/16/2007,OAK,CA,AWP,WE,Towers with Radar,426,64,66,0,556,0,12,43,0,55,426,76,109,0,611,164,0,164,775
07/17/2007,OAK,CA,AWP,WE,Towers with Radar,535,87,88,0,710,0,9,53,0,62,535,96,141,0,772,248,0,248,1020
07/18/2007,OAK,CA,AWP,WE,Towers with Radar,519,97,81,0,697,0,15,86,0,101,519,112,167,0,798,270,0,270,1068
07/19/2007,OAK,CA,AWP,WE,Towers with Radar,525,74,64,0,663,0,27,154,0,181,525,101,218,0,844,274,0,274,1118
07/20/2007,OAK,CA,AWP,WE,Towers with Radar,523,57,66,0,646,0,31,142,0,173,523,88,208,0,819,98,0,98,917
07/21/2007,OAK,CA,AWP,WE,Towers with Radar,425,42,63,2,532,0,1,114,0,115,425,43,177,2,647,266,0,266,913
07/22/2007,OAK,CA,AWP,WE,Towers with Radar,434,30,73,0,537,0,1,105,0,106,434,31,178,0,643,170,0,170,813
07/23/2007,OAK,CA,AWP,WE,Towers with Radar,456,64,69,2,591,0,17,76,0,93,456,81,145,2,684,134,0,134,818
07/24/2007,OAK,CA,AWP,WE,Towers with Radar,516,80,81,1,678,0,2,40,0,42,516,82,121,1,720,160,0,160,880
07/25/2007,OAK,CA,AWP,WE,Towers with Radar,525,125,92,0,742,0,2,30,0,32,525,127,122,0,774,194,0,194,968
07/26/2007,OAK,CA,AWP,WE,Towers with Radar,555,106,108,0,769,0,8,67,0,75,555,114,175,0,844,312,0,312,1156
07/27/2007,OAK,CA,AWP,WE,Towers with Radar,546,76,49,0,671,0,12,91,1,104,546,88,140,1,775,314,0,314,1089
07/28/2007,OAK,CA,AWP,WE,Towers with Radar,447,66,65,4,582,0,0,115,2,117,447,66,180,6,699,146,0,146,845
07/29/2007,OAK,CA,AWP,WE,Towers with Radar,424,36,40,1,501,0,0,127,0,127,424,36,167,1,628,216,0,216,844
07/30/2007,OAK,CA,AWP,WE,Towers with Radar,456,67,55,0,578,0,17,89,0,106,456,84,144,0,684,182,0,182,866
07/31/2007,OAK,CA,AWP,WE,Towers with Radar,512,81,53,0,646,0,11,83,0,94,512,92,136,0,740,214,0,214,954
08/01/2007,OAK,CA,AWP,WE,Towers with Radar,531,102,101,0,734,0,13,94,0,107,531,115,195,0,841,164,0,164,1005
08/02/2007,OAK,CA,AWP,WE,Towers with Radar,469,130,93,1,693,0,27,69,0,96,469,157,162,1,789,164,0,164,953
08/03/2007,OAK,CA,AWP,WE,Towers with Radar,530,79,71,0,680,0,14,96,0,110,530,93,167,0,790,304,0,304,1094
08/04/2007,OAK,CA,AWP,WE,Towers with Radar,411,40,35,2,488,0,8,108,0,116,411,48,143,2,604,220,0,220,824
08/05/2007,OAK,CA,AWP,WE,Towers with Radar,430,54,83,0,567,0,0,26,0,26,430,54,109,0,593,240,0,240,833
08/06/2007,OAK,CA,AWP,WE,Towers with Radar,456,71,73,0,600,0,0,127,0,127,456,71,200,0,727,288,0,288,1015
08/07/2007,OAK,CA,AWP,WE,Towers with Radar,558,83,63,0,704,0,8,239,0,247,558,91,302,0,951,440,0,440,1391
08/08/2007,OAK,CA,AWP,WE,Towers with Radar,536,115,68,0,719,0,0,0,0,0,536,115,68,0,719,346,0,346,1065
08/09/2007,OAK,CA,AWP,WE,Towers with Radar,530,87,83,1,701,0,13,290,1,304,530,100,373,2,1005,352,0,352,1357
08/10/2007,OAK,CA,AWP,WE,Towers with Radar,573,71,49,0,693,0,24,293,0,317,573,95,342,0,1010,274,0,274,1284
08/11/2007,OAK,CA,AWP,WE,Towers with Radar,444,30,55,4,533,0,1,230,4,235,444,31,285,8,768,254,0,254,1022
08/12/2007,OAK,CA,AWP,WE,Towers with Radar,446,38,56,2,542,0,1,360,2,363,446,39,416,4,905,208,0,208,1113
08/13/2007,OAK,CA,AWP,WE,Towers with Radar,461,62,46,1,570,0,33,315,1,349,461,95,361,2,919,220,0,220,1139
08/14/2007,OAK,CA,AWP,WE,Towers with Radar,547,86,70,0,703,0,6,115,0,121,547,92,185,0,824,328,0,328,1152
08/15/2007,OAK,CA,AWP,WE,Towers with Radar,535,99,72,1,707,0,17,110,0,127,535,116,182,1,834,314,0,314,1148
08/16/2007,OAK,CA,AWP,WE,Towers with Radar,550,88,92,2,732,0,22,107,0,129,550,110,199,2,861,284,2,286,1147
08/17/2007,OAK,CA,AWP,WE,Towers with Radar,541,47,52,0,640,0,30,115,0,145,541,77,167,0,785,280,0,280,1065
08/18/2007,OAK,CA,AWP,WE,Towers with Radar,444,36,41,0,521,0,2,181,0,183,444,38,222,0,704,266,0,266,970
08/19/2007,OAK,CA,AWP,WE,Towers with Radar,437,45,48,2,532,0,0,117,0,117,437,45,165,2,649,202,0,202,851
08/20/2007,OAK,CA,AWP,WE,Towers with Radar,463,61,46,2,572,0,20,110,0,130,463,81,156,2,702,282,0,282,984
08/21/2007,OAK,CA,AWP,WE,Towers with Radar,548,73,54,1,676,0,27,149,0,176,548,100,203,1,852,344,0,344,1196
08/22/2007,OAK,CA,AWP,WE,Towers with Radar,529,89,80,0,698,0,36,124,2,162,529,125,204,2,860,308,0,308,1168
08/23/2007,OAK,CA,AWP,WE,Towers with Radar,543,80,76,0,699,0,16,124,0,140,543,96,200,0,839,338,0,338,1177
08/24/2007,OAK,CA,AWP,WE,Towers with Radar,537,89,66,0,692,0,7,97,0,104,537,96,163,0,796,320,0,320,1116
08/25/2007,OAK,CA,AWP,WE,Towers with Radar,419,42,41,0,502,1,2,84,0,87,420,44,125,0,589,302,0,302,891
08/26/2007,OAK,CA,AWP,WE,Towers with Radar,451,48,65,0,564,0,1,74,0,75,451,49,139,0,639,182,0,182,821
08/27/2007,OAK,CA,AWP,WE,Towers with Radar,462,76,69,0,607,0,22,89,0,111,462,98,158,0,718,119,0,119,837
08/28/2007,OAK,CA,AWP,WE,Towers with Radar,541,73,65,1,680,0,27,127,0,154,541,100,192,1,834,246,0,246,1080
08/29/2007,OAK,CA,AWP,WE,Towers with Radar,517,68,51,0,636,0,31,141,0,172,517,99,192,0,808,314,0,314,1122
08/30/2007,OAK,CA,AWP,WE,Towers with Radar,545,97,70,0,712,0,35,144,0,179,545,132,214,0,891,304,2,306,1197
08/31/2007,OAK,CA,AWP,WE,Towers with Radar,544,81,67,4,696,0,30,138,0,168,544,111,205,4,864,296,0,296,1160
09/01/2007,OAK,CA,AWP,WE,Towers with Radar,432,44,35,0,511,0,7,137,3,147,432,51,172,3,658,172,0,172,830
09/02/2007,OAK,CA,AWP,WE,Towers with Radar,365,31,25,0,421,0,3,160,0,163,365,34,185,0,584,178,0,178,762
09/03/2007,OAK,CA,AWP,WE,Towers with Radar,431,48,51,2,532,0,8,153,0,161,431,56,204,2,693,198,0,198,891
09/04/2007,OAK,CA,AWP,WE,Towers with Radar,493,71,72,0,636,0,17,57,0,74,493,88,129,0,710,224,0,224,934
09/05/2007,OAK,CA,AWP,WE,Towers with Radar,535,85,68,0,688,0,0,0,0,0,535,85,68,0,688,358,4,362,1050
09/06/2007,OAK,CA,AWP,WE,Towers with Radar,532,78,53,2,665,0,24,111,2,137,532,102,164,4,802,452,0,452,1254
09/07/2007,OAK,CA,AWP,WE,Towers with Radar,526,96,61,1,684,0,8,93,0,101,526,104,154,1,785,336,0,336,1121
09/08/2007,OAK,CA,AWP,WE,Towers with Radar,449,33,68,2,552,0,1,103,0,104,449,34,171,2,656,372,0,372,1028
09/09/2007,OAK,CA,AWP,WE,Towers with Radar,441,38,85,1,565,0,0,83,1,84,441,38,168,2,649,192,0,192,841
09/10/2007,OAK,CA,AWP,WE,Towers with Radar,431,80,83,0,594,0,24,107,1,132,431,104,190,1,726,412,0,412,1138
09/11/2007,OAK,CA,AWP,WE,Towers with Radar,503,85,78,1,667,0,16,61,0,77,503,101,139,1,744,184,0,184,928
09/12/2007,OAK,CA,AWP,WE,Towers with Radar,525,109,81,0,715,0,5,41,1,47,525,114,122,1,762,282,0,282,1044
09/13/2007,OAK,CA,AWP,WE,Towers with Radar,562,77,80,0,719,0,23,114,0,137,562,100,194,0,856,274,0,274,1130
09/14/2007,OAK,CA,AWP,WE,Towers with Radar,540,70,57,0,667,0,17,90,0,107,540,87,147,0,774,236,0,236,1010
09/15/2007,OAK,CA,AWP,WE,Towers with Radar,441,16,118,4,579,0,7,34,1,42,441,23,152,5,621,208,0,208,829
09/16/2007,OAK,CA,AWP,WE,Towers with Radar,447,51,59,0,557,0,3,115,0,118,447,54,174,0,675,146,0,146,821
09/17/2007,OAK,CA,AWP,WE,Towers with Radar,444,72,52,0,568,0,23,76,0,99,444,95,128,0,667,179,0,179,846
09/18/2007,OAK,CA,AWP,WE,Towers with Radar,526,67,40,0,633,0,39,70,0,109,526,106,110,0,742,184,0,184,926
09/19/2007,OAK,CA,AWP,WE,Towers with Radar,541,97,64,0,702,0,16,31,0,47,541,113,95,0,749,48,0,48,797
09/20/2007,OAK,CA,AWP,WE,Towers with Radar,517,98,104,0,719,0,22,115,0,137,517,120,219,0,856,262,0,262,1118
09/21/2007,OAK,CA,AWP,WE,Towers with Radar,489,74,64,0,627,0,21,145,0,166,489,95,209,0,793,336,0,336,1129
09/22/2007,OAK,CA,AWP,WE,Towers with Radar,434,34,42,0,510,0,1,39,0,40,434,35,81,0,550,292,0,292,842
09/23/2007,OAK,CA,AWP,WE,Towers with Radar,420,43,65,1,529,0,0,110,1,111,420,43,175,2,640,242,0,242,882
09/24/2007,OAK,CA,AWP,WE,Towers with Radar,439,47,55,5,546,0,28,119,5,152,439,75,174,10,698,162,0,162,860
09/25/2007,OAK,CA,AWP,WE,Towers with Radar,527,61,74,2,664,0,40,108,1,149,527,101,182,3,813,246,2,248,1061
09/26/2007,OAK,CA,AWP,WE,Towers with Radar,564,76,58,0,698,0,29,103,0,132,564,105,161,0,830,284,0,284,1114
09/27/2007,OAK,CA,AWP,WE,Towers with Radar,547,75,61,1,684,0,24,121,1,146,547,99,182,2,830,256,0,256,1086
09/28/2007,OAK,CA,AWP,WE,Towers with Radar,545,75,97,0,717,0,5,88,0,93,545,80,185,0,810,192,0,192,1002
09/29/2007,OAK,CA,AWP,WE,Towers with Radar,449,35,30,0,514,0,7,175,0,182,449,42,205,0,696,256,0,256,952
09/30/2007,OAK,CA,AWP,WE,Towers with Radar,433,42,82,1,558,0,0,156,0,156,433,42,238,1,714,216,0,216,930
10/01/2007,OAK,CA,AWP,WE,Towers with Radar,496,74,59,1,630,0,13,61,0,74,496,88,120,1,705,158,0,158,937
10/02/2007,OAK,CA,AWP,WE,Towers with Radar,477,68,66,0,611,0,26,124,0,150,477,95,190,0,762,308,0,308,1146
10/03/2007,OAK,CA,AWP,WE,Towers with Radar,565,86,72,0,723,0,24,103,0,127,565,111,175,0,851,182,0,182,1106
10/04/2007,OAK,CA,AWP,WE,Towers with Radar,523,86,52,0,661,0,28,96,0,124,523,115,148,0,786,178,0,178,1067
10/05/2007,OAK,CA,AWP,WE,Towers with Radar,544,104,80,0,728,0,12,145,0,157,544,116,225,0,885,240,0,240,1232
10/06/2007,OAK,CA,AWP,WE,Towers with Radar,426,28,47,0,501,0,7,166,0,173,426,36,213,0,675,170,0,170,902
10/07/2007,OAK,CA,AWP,WE,Towers with Radar,398,37,75,0,510,0,1,145,0,146,398,39,220,0,657,266,0,266,940
10/08/2007,OAK,CA,AWP,WE,Towers with Radar,450,46,65,0,561,0,7,96,0,103,450,53,161,0,664,188,0,188,924
10/09/2007,OAK,CA,AWP,WE,Towers with Radar,501,94,65,0,660,0,26,57,0,83,501,122,122,0,745,266,0,266,1060
10/10/2007,OAK,CA,AWP,WE,Towers with Radar,510,97,66,0,673,0,20,70,0,90,510,117,136,0,763,210,0,210,1045
10/11/2007,OAK,CA,AWP,WE,Towers with Radar,564,96,83,0,743,0,34,122,0,156,564,134,205,0,903,252,0,252,1228
10/12/2007,OAK,CA,AWP,WE,Towers with Radar,549,100,91,0,740,0,2,11,0,13,549,102,102,0,753,74,0,74,858
10/13/2007,OAK,CA,AWP,WE,Towers with Radar,435,39,38,0,512,0,3,136,0,139,435,43,174,0,652,214,0,214,910
10/14/2007,OAK,CA,AWP,WE,Towers with Radar,402,43,77,0,522,0,3,89,0,92,402,46,166,0,614,136,0,136,785
10/15/2007,OAK,CA,AWP,WE,Towers with Radar,447,76,46,0,569,0,12,43,2,57,447,89,89,2,627,110,0,110,795
10/16/2007,OAK,CA,AWP,WE,Towers with Radar,490,90,66,0,646,0,9,20,0,29,490,102,86,0,678,196,0,196,913
10/17/2007,OAK,CA,AWP,WE,Towers with Radar,497,85,86,0,668,0,11,83,0,94,497,96,169,0,762,218,2,220,1045
10/18/2007,OAK,CA,AWP,WE,Towers with Radar,525,105,76,0,706,0,26,127,0,153,527,132,203,0,862,226,0,226,1149
10/19/2007,OAK,CA,AWP,WE,Towers with Radar,529,88,85,0,702,0,24,64,1,89,529,115,149,1,794,330,0,330,1175
10/20/2007,OAK,CA,AWP,WE,Towers with Radar,409,28,35,5,477,0,3,112,0,115,409,32,147,5,593,192,0,192,831
10/21/2007,OAK,CA,AWP,WE,Towers with Radar,402,52,58,0,512,0,6,120,0,126,403,59,178,0,640,150,0,150,848
10/22/2007,OAK,CA,AWP,WE,Towers with Radar,455,57,59,0,571,0,20,112,0,132,456,82,171,0,709,186,0,186,964
10/23/2007,OAK,CA,AWP,WE,Towers with Radar,508,75,56,0,639,0,31,142,0,173,509,108,198,0,815,336,0,336,1210
10/24/2007,OAK,CA,AWP,WE,Towers with Radar,479,93,52,0,624,0,43,96,0,139,480,136,148,0,764,160,0,160,998
10/25/2007,OAK,CA,AWP,WE,Towers with Radar,532,76,96,0,704,0,50,123,0,173,532,126,219,0,877,164,0,164,1109
10/26/2007,OAK,CA,AWP,WE,Towers with Radar,537,82,121,0,740,0,23,86,0,109,542,105,207,0,854,144,0,144,1057
10/27/2007,OAK,CA,AWP,WE,Towers with Radar,390,34,43,0,467,0,5,111,0,116,390,39,154,0,583,188,0,188,817
10/28/2007,OAK,CA,AWP,WE,Towers with Radar,411,45,68,1,525,0,0,152,0,152,411,45,220,1,677,170,0,170,934
10/29/2007,OAK,CA,AWP,WE,Towers with Radar,449,62,52,0,563,0,3,13,0,16,449,68,65,0,582,98,0,98,704
10/30/2007,OAK,CA,AWP,WE,Towers with Radar,494,92,91,0,677,0,9,38,3,50,494,101,129,3,727,228,0,228,1012
10/31/2007,OAK,CA,AWP,WE,Towers with Radar,495,93,73,0,661,0,17,41,0,58,495,110,114,0,719,98,0,98,846
11/01/2007,OAK,CA,AWP,WE,Towers with Radar,547,110,104,0,761,0,8,52,0,60,547,118,156,0,821,178,0,178,1032
11/02/2007,OAK,CA,AWP,WE,Towers with Radar,541,85,104,0,730,0,21,78,0,99,541,106,182,0,829,210,0,210,1122
11/03/2007,OAK,CA,AWP,WE,Towers with Radar,405,32,60,3,500,0,5,122,1,128,405,37,182,4,628,256,0,256,943
11/04/2007,OAK,CA,AWP,WE,Towers with Radar,421,43,63,0,527,0,0,125,0,125,421,43,188,0,652,310,0,310,1011
11/05/2007,OAK,CA,AWP,WE,Towers with Radar,448,72,52,0,572,0,18,86,0,104,448,90,138,0,676,296,0,296,1039
11/06/2007,OAK,CA,AWP,WE,Towers with Radar,531,78,129,1,739,0,18,60,0,78,532,96,189,1,818,190,0,190,1062
11/07/2007,OAK,CA,AWP,WE,Towers with Radar,530,89,55,0,674,0,15,43,1,59,530,104,98,1,733,158,0,158,930
11/08/2007,OAK,CA,AWP,WE,Towers with Radar,556,125,141,1,823,0,8,54,0,62,556,135,195,1,887,448,0,448,1420
11/09/2007,OAK,CA,AWP,WE,Towers with Radar,501,68,112,0,681,0,26,124,0,150,501,94,236,0,831,262,0,262,1173
11/10/2007,OAK,CA,AWP,WE,Towers with Radar,401,32,57,0,490,0,3,49,0,52,401,35,106,0,542,298,0,298,866
11/11/2007,OAK,CA,AWP,WE,Towers with Radar,417,61,67,2,547,0,0,124,0,124,417,61,191,2,671,166,0,166,914
11/12/2007,OAK,CA,AWP,WE,Towers with Radar,434,55,69,0,558,0,9,117,0,126,434,66,186,0,686,210,0,210,975
11/13/2007,OAK,CA,AWP,WE,Towers with Radar,515,75,105,2,697,0,23,94,0,117,515,98,199,2,814,354,0,354,1244
11/14/2007,OAK,CA,AWP,WE,Towers with Radar,496,78,77,0,651,0,18,130,0,148,496,96,207,0,799,316,0,316,1206
11/15/2007,OAK,CA,AWP,WE,Towers with Radar,551,107,76,0,734,0,17,114,0,131,551,124,190,0,865,346,0,346,1301
11/16/2007,OAK,CA,AWP,WE,Towers with Radar,518,99,222,0,839,0,0,34,0,34,518,99,256,0,873,136,0,136,1042
11/17/2007,OAK,CA,AWP,WE,Towers with Radar,425,33,87,0,545,0,1,83,0,84,425,34,170,0,629,220,0,220,884
11/18/2007,OAK,CA,AWP,WE,Towers with Radar,406,67,70,0,543,0,0,40,0,40,406,67,110,0,583,122,0,122,713
11/19/2007,OAK,CA,AWP,WE,Towers with Radar,468,66,54,0,588,0,7,51,0,58,468,73,105,0,646,208,0,208,913
11/20/2007,OAK,CA,AWP,WE,Towers with Radar,549,79,66,0,694,0,24,122,0,146,549,104,188,0,841,258,0,258,1176
11/21/2007,OAK,CA,AWP,WE,Towers with Radar,530,86,96,0,712,0,24,111,0,135,530,111,207,0,848,368,0,368,1306
11/22/2007,OAK,CA,AWP,WE,Towers with Radar,338,82,21,0,441,0,0,0,0,0,338,82,21,0,441,40,0,40,481
11/23/2007,OAK,CA,AWP,WE,Towers with Radar,456,61,23,0,540,0,17,68,0,85,456,80,91,0,627,66,0,66,738
11/24/2007,OAK,CA,AWP,WE,Towers with Radar,403,40,40,0,483,0,3,141,0,144,403,43,181,0,627,192,0,192,869
11/25/2007,OAK,CA,AWP,WE,Towers with Radar,437,41,96,2,576,0,3,120,0,123,437,44,216,2,699,196,0,196,924
11/26/2007,OAK,CA,AWP,WE,Towers with Radar,449,69,66,0,584,0,21,89,0,110,449,90,155,0,694,112,0,112,880
11/27/2007,OAK,CA,AWP,WE,Towers with Radar,486,85,49,0,620,0,22,93,0,115,486,108,142,0,736,154,0,154,973
11/28/2007,OAK,CA,AWP,WE,Towers with Radar,493,89,49,0,631,0,31,90,0,121,494,121,139,0,754,256,0,256,1084
11/29/2007,OAK,CA,AWP,WE,Towers with Radar,525,105,167,1,798,0,0,0,0,0,525,105,167,1,798,282,0,282,1080
11/30/2007,OAK,CA,AWP,WE,Towers with Radar,492,70,77,0,639,0,21,182,2,205,492,91,259,2,844,248,0,248,1115
12/01/2007,OAK,CA,AWP,WE,Towers with Radar,423,36,58,0,517,0,7,144,0,151,423,43,202,0,668,180,0,180,900
12/02/2007,OAK,CA,AWP,WE,Towers with Radar,428,28,37,1,494,0,2,74,0,76,428,32,111,1,572,100,0,100,686
12/03/2007,OAK,CA,AWP,WE,Towers with Radar,459,95,43,0,597,0,12,34,0,46,459,107,77,0,643,122,0,122,811
12/04/2007,OAK,CA,AWP,WE,Towers with Radar,537,94,65,0,696,0,8,6,0,14,537,102,71,0,710,38,0,38,773
12/05/2007,OAK,CA,AWP,WE,Towers with Radar,532,110,88,0,730,0,14,28,0,42,532,124,116,0,772,88,0,88,886
12/06/2007,OAK,CA,AWP,WE,Towers with Radar,518,109,89,0,716,0,4,21,0,25,518,113,110,0,741,120,0,120,863
12/07/2007,OAK,CA,AWP,WE,Towers with Radar,548,90,93,0,731,0,12,87,0,99,548,103,180,0,831,332,0,332,1232
12/08/2007,OAK,CA,AWP,WE,Towers with Radar,395,33,27,0,455,0,6,114,0,120,395,40,141,0,576,200,0,200,821
12/09/2007,OAK,CA,AWP,WE,Towers with Radar,403,45,59,0,507,0,0,102,0,102,403,45,161,0,609,218,0,218,868
12/10/2007,OAK,CA,AWP,WE,Towers with Radar,449,45,52,18,564,0,21,94,0,115,450,66,146,18,680,246,0,246,992
12/11/2007,OAK,CA,AWP,WE,Towers with Radar,513,80,53,0,646,0,22,80,0,102,513,104,133,0,750,122,0,122,931
12/12/2007,OAK,CA,AWP,WE,Towers with Radar,512,98,76,1,687,0,27,84,0,111,512,125,160,1,798,246,0,246,1105
12/13/2007,OAK,CA,AWP,WE,Towers with Radar,506,90,52,0,648,0,24,102,0,126,506,114,154,0,774,254,0,254,1107
12/14/2007,OAK,CA,AWP,WE,Towers with Radar,557,75,71,0,703,0,26,118,0,144,557,101,189,0,847,318,0,318,1252
12/15/2007,OAK,CA,AWP,WE,Towers with Radar,427,53,40,2,522,0,3,127,0,130,427,56,167,2,652,318,0,318,1002
12/16/2007,OAK,CA,AWP,WE,Towers with Radar,435,50,51,0,536,0,3,88,0,91,435,53,139,0,627,246,0,246,879
12/17/2007,OAK,CA,AWP,WE,Towers with Radar,454,73,37,0,564,0,10,27,0,37,454,85,64,0,603,326,0,326,960
12/18/2007,OAK,CA,AWP,WE,Towers with Radar,540,111,77,0,728,0,10,21,0,31,540,121,98,0,759,116,0,116,897
12/19/2007,OAK,CA,AWP,WE,Towers with Radar,564,105,65,0,734,0,28,86,1,115,564,135,151,1,851,240,0,240,1149
12/20/2007,OAK,CA,AWP,WE,Towers with Radar,581,98,80,0,759,0,24,94,2,120,581,122,174,2,879,234,34,268,1210
12/21/2007,OAK,CA,AWP,WE,Towers with Radar,549,91,65,0,705,0,37,111,0,148,549,128,176,0,853,270,0,270,1216
12/22/2007,OAK,CA,AWP,WE,Towers with Radar,422,54,49,0,525,0,12,90,0,102,423,66,139,0,628,248,0,248,913
12/23/2007,OAK,CA,AWP,WE,Towers with Radar,415,42,46,0,503,0,3,106,0,109,416,45,152,0,613,120,0,120,759
12/24/2007,OAK,CA,AWP,WE,Towers with Radar,372,54,31,0,457,0,24,49,0,73,372,78,80,0,530,86,0,86,633
12/25/2007,OAK,CA,AWP,WE,Towers with Radar,364,34,15,0,413,0,1,38,0,39,364,35,53,0,452,40,0,40,508
12/26/2007,OAK,CA,AWP,WE,Towers with Radar,522,80,49,0,651,0,32,78,0,110,522,112,127,0,761,154,0,154,986
12/27/2007,OAK,CA,AWP,WE,Towers with Radar,520,91,54,0,665,0,19,84,0,103,520,110,138,0,768,188,0,188,1030
12/28/2007,OAK,CA,AWP,WE,Towers with Radar,570,89,54,0,713,0,7,14,2,23,570,96,68,2,736,136,0,136,907
12/29/2007,OAK,CA,AWP,WE,Towers with Radar,467,51,71,0,589,0,1,3,0,4,467,52,74,0,593,76,0,76,673
12/30/2007,OAK,CA,AWP,WE,Towers with Radar,422,40,43,0,505,0,1,84,0,85,422,41,127,0,590,268,0,268,902
12/31/2007,OAK,CA,AWP,WE,Towers with Radar,369,40,14,0,423,2,21,66,0,89,371,61,80,0,512,40,0,40,594
01/01/2008,OAK,CA,AWP,WE,Towers with Radar,407,40,23,0,470,0,0,88,0,88,407,41,111,0,559,84,0,84,673
01/02/2008,OAK,CA,AWP,WE,Towers with Radar,488,63,41,0,592,0,28,90,0,118,488,91,131,0,710,242,0,242,1006
01/03/2008,OAK,CA,AWP,WE,Towers with Radar,538,107,68,0,713,0,14,14,0,28,538,131,82,0,751,30,0,30,785
01/04/2008,OAK,CA,AWP,WE,Towers with Radar,561,89,21,0,671,0,11,0,0,11,561,100,21,0,682,0,0,0,695
01/05/2008,OAK,CA,AWP,WE,Towers with Radar,430,60,31,1,522,0,8,19,0,27,430,68,50,1,549,36,0,36,586
01/06/2008,OAK,CA,AWP,WE,Towers with Radar,410,28,66,0,504,0,0,43,0,43,410,28,109,0,547,304,0,304,865
01/07/2008,OAK,CA,AWP,WE,Towers with Radar,451,67,69,0,587,0,19,62,0,81,451,86,131,0,668,204,0,204,938
01/08/2008,OAK,CA,AWP,WE,Towers with Radar,521,97,70,0,688,0,7,26,0,33,521,104,96,0,721,64,0,64,806
01/09/2008,OAK,CA,AWP,WE,Towers with Radar,488,119,97,0,704,0,16,41,0,57,489,135,138,0,762,410,0,410,1211
01/10/2008,OAK,CA,AWP,WE,Towers with Radar,503,118,65,0,686,0,2,11,3,16,503,120,76,3,702,142,0,142,864
01/11/2008,OAK,CA,AWP,WE,Towers with Radar,555,85,97,0,737,0,2,64,0,66,555,87,161,0,803,316,0,316,1181
01/12/2008,OAK,CA,AWP,WE,Towers with Radar,412,44,28,0,484,1,1,105,0,107,413,45,133,0,591,316,0,316,940
01/13/2008,OAK,CA,AWP,WE,Towers with Radar,410,32,45,0,487,0,1,153,0,154,411,33,198,0,642,326,0,326,1003
01/14/2008,OAK,CA,AWP,WE,Towers with Radar,466,72,48,2,588,0,18,94,1,113,466,90,142,3,701,256,0,256,1029
01/15/2008,OAK,CA,AWP,WE,Towers with Radar,483,94,43,0,620,0,9,20,8,37,483,103,63,8,657,100,0,100,775
01/16/2008,OAK,CA,AWP,WE,Towers with Radar,537,91,43,0,671,0,27,75,0,102,537,118,118,0,773,164,0,164,983
01/17/2008,OAK,CA,AWP,WE,Towers with Radar,505,53,20,0,578,0,0,2,0,2,505,53,22,0,580,12,0,12,614
01/18/2008,OAK,CA,AWP,WE,Towers with Radar,521,88,86,0,695,0,21,156,0,177,521,109,242,0,872,230,0,230,1180
01/19/2008,OAK,CA,AWP,WE,Towers with Radar,379,37,55,0,471,0,6,137,0,143,379,43,192,0,614,270,0,270,923
01/20/2008,OAK,CA,AWP,WE,Towers with Radar,416,27,47,0,490,0,0,67,0,67,416,27,114,0,557,272,0,272,854
01/21/2008,OAK,CA,AWP,WE,Towers with Radar,447,87,59,1,594,0,4,7,0,11,447,93,66,1,607,22,0,22,651
01/22/2008,OAK,CA,AWP,WE,Towers with Radar,468,130,52,0,650,0,1,16,0,17,468,132,68,0,668,104,0,104,829
01/23/2008,OAK,CA,AWP,WE,Towers with Radar,508,140,65,0,713,0,8,22,0,30,508,148,87,0,743,124,0,124,913
01/24/2008,OAK,CA,AWP,WE,Towers with Radar,504,120,53,0,677,0,5,1,0,6,504,125,54,0,683,14,0,14,725
01/25/2008,OAK,CA,AWP,WE,Towers with Radar,534,112,64,0,710,0,11,6,0,17,536,125,70,0,731,0,0,0,745
01/26/2008,OAK,CA,AWP,WE,Towers with Radar,416,30,27,0,473,0,5,59,3,67,416,35,86,3,540,204,0,204,762
01/27/2008,OAK,CA,AWP,WE,Towers with Radar,393,50,53,0,496,0,2,7,0,9,393,52,60,0,505,42,0,42,554
01/28/2008,OAK,CA,AWP,WE,Towers with Radar,441,76,72,0,589,0,17,82,0,99,441,93,154,0,688,244,0,244,996
01/29/2008,OAK,CA,AWP,WE,Towers with Radar,476,119,44,0,639,0,5,14,0,19,476,125,58,0,659,94,0,94,789
01/30/2008,OAK,CA,AWP,WE,Towers with Radar,526,90,62,0,678,0,4,71,0,75,526,94,133,0,753,196,0,196,990
01/31/2008,OAK,CA,AWP,WE,Towers with Radar,488,110,73,0,671,0,11,16,0,27,488,121,89,0,698,94,0,94,823
02/01/2008,OAK,CA,AWP,WE,Towers with Radar,520,95,78,0,693,0,18,79,0,97,520,113,157,0,790,276,0,276,1144
02/02/2008,OAK,CA,AWP,WE,Towers with Radar,372,45,45,0,462,0,0,31,0,31,372,46,76,0,494,256,0,256,766
02/03/2008,OAK,CA,AWP,WE,Towers with Radar,348,49,48,0,445,0,4,32,0,36,348,53,80,0,481,174,0,174,673
02/04/2008,OAK,CA,AWP,WE,Towers with Radar,423,63,72,0,558,0,21,59,0,80,423,84,131,0,638,48,0,48,739
02/05/2008,OAK,CA,AWP,WE,Towers with Radar,469,79,51,0,599,0,26,84,1,111,469,105,135,1,710,52,2,54,820
02/06/2008,OAK,CA,AWP,WE,Towers with Radar,484,93,71,0,648,0,25,84,0,109,484,121,155,0,760,100,0,100,928
02/07/2008,OAK,CA,AWP,WE,Towers with Radar,494,109,56,0,659,0,26,90,0,116,494,139,146,0,779,104,0,104,949
02/08/2008,OAK,CA,AWP,WE,Towers with Radar,441,150,98,0,689,0,29,72,0,101,442,179,170,0,791,34,0,34,874
02/09/2008,OAK,CA,AWP,WE,Towers with Radar,328,56,59,0,443,0,5,129,0,134,328,61,188,0,577,146,0,146,774
02/10/2008,OAK,CA,AWP,WE,Towers with Radar,374,47,56,0,477,0,3,120,0,123,374,50,176,0,600,148,0,148,795
02/11/2008,OAK,CA,AWP,WE,Towers with Radar,425,81,56,0,562,0,22,76,0,98,425,104,132,0,661,78,0,78,811
02/12/2008,OAK,CA,AWP,WE,Towers with Radar,484,78,57,0,619,0,14,111,0,125,484,96,168,0,748,60,0,60,880
02/13/2008,OAK,CA,AWP,WE,Towers with Radar,500,94,56,1,651,0,14,42,0,56,500,108,98,1,707,54,0,54,812
02/14/2008,OAK,CA,AWP,WE,Towers with Radar,507,93,36,0,636,0,21,38,0,59,508,114,74,0,696,54,0,54,816
02/15/2008,OAK,CA,AWP,WE,Towers with Radar,496,109,109,0,714,0,36,103,1,140,496,145,212,1,854,80,38,118,1079
02/16/2008,OAK,CA,AWP,WE,Towers with Radar,370,48,45,0,463,0,0,95,0,95,370,48,140,0,558,172,0,172,771
02/17/2008,OAK,CA,AWP,WE,Towers with Radar,362,47,47,0,456,0,1,103,0,104,362,48,150,0,560,102,0,102,692
02/18/2008,OAK,CA,AWP,WE,Towers with Radar,439,48,87,0,574,0,6,66,0,72,439,54,153,0,646,162,0,162,867
02/19/2008,OAK,CA,AWP,WE,Towers with Radar,490,112,79,0,681,0,4,9,0,13,490,124,88,0,702,16,0,16,759
02/20/2008,OAK,CA,AWP,WE,Towers with Radar,471,111,72,0,654,0,12,61,0,73,471,124,133,0,728,148,0,148,954
02/21/2008,OAK,CA,AWP,WE,Towers with Radar,512,86,76,0,674,0,5,15,4,24,512,91,91,4,698,0,0,0,756
02/22/2008,OAK,CA,AWP,WE,Towers with Radar,478,91,57,0,626,0,3,27,0,30,478,94,84,0,656,176,0,176,883
02/23/2008,OAK,CA,AWP,WE,Towers with Radar,346,47,44,0,437,0,1,12,0,13,346,48,56,0,450,8,0,8,467
02/24/2008,OAK,CA,AWP,WE,Towers with Radar,392,65,65,0,522,0,1,3,0,4,392,67,68,0,527,0,0,0,531
02/25/2008,OAK,CA,AWP,WE,Towers with Radar,448,86,61,0,595,0,24,62,0,86,448,110,123,0,681,90,0,90,860
02/26/2008,OAK,CA,AWP,WE,Towers with Radar,487,100,47,0,634,0,14,82,0,96,487,114,129,0,730,16,0,16,826
02/27/2008,OAK,CA,AWP,WE,Towers with Radar,530,84,43,0,657,0,29,111,1,141,530,113,154,1,798,94,0,94,976
02/28/2008,OAK,CA,AWP,WE,Towers with Radar,530,73,73,0,676,0,13,101,0,114,530,86,174,0,790,188,0,188,1050
02/29/2008,OAK,CA,AWP,WE,Towers with Radar,493,107,95,0,695,0,5,44,1,50,493,112,139,1,745,58,0,58,842
03/01/2008,OAK,CA,AWP,WE,Towers with Radar,325,45,49,0,419,0,2,89,0,91,325,47,138,0,510,124,0,124,663
03/02/2008,OAK,CA,AWP,WE,Towers with Radar,377,49,56,0,482,0,0,97,0,97,377,50,153,0,580,82,0,82,690
03/03/2008,OAK,CA,AWP,WE,Towers with Radar,421,59,43,0,523,0,24,83,0,107,421,83,126,0,630,108,0,108,812
03/04/2008,OAK,CA,AWP,WE,Towers with Radar,451,80,66,1,598,0,32,89,0,121,451,112,155,1,719,164,0,164,977
03/05/2008,OAK,CA,AWP,WE,Towers with Radar,506,86,73,0,665,0,22,91,0,113,506,108,164,0,778,278,0,278,1133
03/06/2008,OAK,CA,AWP,WE,Towers with Radar,516,78,63,0,657,0,24,93,0,117,516,102,156,0,774,186,0,186,1026
03/07/2008,OAK,CA,AWP,WE,Towers with Radar,485,73,62,0,620,1,24,100,0,125,487,97,162,0,746,80,0,80,912
03/08/2008,OAK,CA,AWP,WE,Towers with Radar,388,28,26,0,442,0,9,133,1,143,388,37,159,1,585,244,0,244,896
03/09/2008,OAK,CA,AWP,WE,Towers with Radar,381,42,60,0,483,0,3,141,0,144,381,45,201,0,627,152,0,152,845
03/10/2008,OAK,CA,AWP,WE,Towers with Radar,423,64,44,0,531,0,24,100,0,124,423,88,144,0,655,196,0,196,928
03/11/2008,OAK,CA,AWP,WE,Towers with Radar,494,56,62,0,612,0,22,98,0,120,494,79,160,0,733,156,0,156,977
03/12/2008,OAK,CA,AWP,WE,Towers with Radar,500,86,77,0,663,0,12,68,1,81,500,99,145,1,745,120,0,120,934
03/13/2008,OAK,CA,AWP,WE,Towers with Radar,509,98,92,0,699,0,7,36,0,43,509,105,128,0,742,164,0,164,956
03/14/2008,OAK,CA,AWP,WE,Towers with Radar,491,97,68,0,656,0,7,42,0,49,491,104,110,0,705,120,0,120,902
03/15/2008,OAK,CA,AWP,WE,Towers with Radar,372,36,33,2,443,0,3,55,0,58,372,42,88,2,504,98,0,98,633
03/16/2008,OAK,CA,AWP,WE,Towers with Radar,377,44,48,0,469,0,1,81,0,82,377,45,129,0,551,62,0,62,649
03/17/2008,OAK,CA,AWP,WE,Towers with Radar,407,68,51,0,526,0,26,91,0,117,407,94,142,0,643,156,0,156,881
03/18/2008,OAK,CA,AWP,WE,Towers with Radar,487,78,54,0,619,0,27,69,0,96,487,107,123,0,717,122,0,122,919
03/19/2008,OAK,CA,AWP,WE,Towers with Radar,494,108,107,0,709,0,7,25,0,32,494,116,132,0,742,86,0,86,896
03/20/2008,OAK,CA,AWP,WE,Towers with Radar,525,87,75,0,687,0,11,91,0,102,525,98,166,0,789,114,0,114,993
03/21/2008,OAK,CA,AWP,WE,Towers with Radar,487,92,71,0,650,0,26,118,0,144,487,118,189,0,794,48,0,48,923
03/22/2008,OAK,CA,AWP,WE,Towers with Radar,384,30,45,0,459,0,5,114,0,119,384,38,159,0,581,136,0,136,775
03/23/2008,OAK,CA,AWP,WE,Towers with Radar,375,36,35,0,446,0,0,131,0,131,375,36,166,0,577,122,0,122,743
03/24/2008,OAK,CA,AWP,WE,Towers with Radar,420,63,65,164,712,0,33,90,0,123,420,96,155,164,835,180,0,180,1069
03/25/2008,OAK,CA,AWP,WE,Towers with Radar,460,93,58,0,611,0,12,33,0,45,460,107,91,0,658,114,32,146,851
03/26/2008,OAK,CA,AWP,WE,Towers with Radar,515,80,96,0,691,0,19,115,0,134,515,101,211,0,827,208,0,208,1110
03/27/2008,OAK,CA,AWP,WE,Towers with Radar,514,88,58,0,660,0,35,90,0,125,514,124,148,0,786,178,0,178,1040
03/28/2008,OAK,CA,AWP,WE,Towers with Radar,488,78,112,0,678,0,7,73,0,80,488,87,185,0,760,70,0,70,887
03/29/2008,OAK,CA,AWP,WE,Towers with Radar,383,31,41,0,455,0,2,58,0,60,383,33,99,0,515,136,0,136,679
03/30/2008,OAK,CA,AWP,WE,Towers with Radar,396,49,61,0,506,0,1,101,0,102,396,50,162,0,608,232,0,232,922
03/31/2008,OAK,CA,AWP,WE,Towers with Radar,414,57,41,0,512,0,27,86,0,113,414,85,127,0,626,96,0,96,795
04/01/2008,OAK,CA,AWP,WE,Towers with Radar,483,80,54,0,617,0,22,77,0,99,484,102,131,0,717,130,0,130,926
04/02/2008,OAK,CA,AWP,WE,Towers with Radar,483,88,86,0,657,0,38,64,0,102,483,127,150,0,760,112,0,112,940
04/03/2008,OAK,CA,AWP,WE,Towers with Radar,476,83,88,0,647,0,17,88,0,105,476,100,176,0,752,116,0,116,965
04/04/2008,OAK,CA,AWP,WE,Towers with Radar,497,77,94,0,668,0,12,73,0,85,497,89,167,0,753,154,0,154,970
04/05/2008,OAK,CA,AWP,WE,Towers with Radar,332,34,37,0,403,0,2,137,0,139,332,36,174,0,542,108,0,108,726
04/06/2008,OAK,CA,AWP,WE,Towers with Radar,373,39,57,0,469,0,0,74,0,74,373,40,131,0,544,102,0,102,698
04/07/2008,OAK,CA,AWP,WE,Towers with Radar,399,59,39,0,497,0,29,70,0,99,399,89,109,0,597,60,0,60,751
04/08/2008,OAK,CA,AWP,WE,Towers with Radar,418,72,60,0,550,0,20,57,0,77,418,92,117,0,627,62,0,62,762
04/09/2008,OAK,CA,AWP,WE,Towers with Radar,467,79,53,0,599,0,45,86,0,131,467,124,139,0,730,138,0,138,1020
04/10/2008,OAK,CA,AWP,WE,Towers with Radar,484,88,63,0,635,0,30,90,0,120,484,118,153,0,755,168,0,168,994
04/11/2008,OAK,CA,AWP,WE,Towers with Radar,450,73,50,0,573,0,24,113,0,137,450,97,163,0,710,120,0,120,889
04/12/2008,OAK,CA,AWP,WE,Towers with Radar,347,27,27,0,401,0,8,85,0,93,347,35,112,0,494,82,0,82,624
04/13/2008,OAK,CA,AWP,WE,Towers with Radar,365,37,193,0,595,0,0,0,0,0,365,38,193,0,596,126,0,126,776
04/14/2008,OAK,CA,AWP,WE,Towers with Radar,407,70,54,0,531,0,20,27,0,47,407,91,81,0,579,10,0,10,645
04/15/2008,OAK,CA,AWP,WE,Towers with Radar,452,90,49,0,591,0,19,56,0,75,452,116,105,0,673,86,0,86,824
04/16/2008,OAK,CA,AWP,WE,Towers with Radar,491,85,62,0,638,0,21,98,0,119,491,106,160,0,757,238,0,238,1066
04/17/2008,OAK,CA,AWP,WE,Towers with Radar,461,82,70,0,613,0,21,112,0,133,461,107,182,0,750,174,0,174,993
04/18/2008,OAK,CA,AWP,WE,Towers with Radar,489,86,69,0,644,0,13,100,0,113,495,99,169,0,763,144,0,144,965
04/19/2008,OAK,CA,AWP,WE,Towers with Radar,344,25,31,0,400,0,4,42,0,46,344,29,73,0,446,16,0,16,479
04/20/2008,OAK,CA,AWP,WE,Towers with Radar,370,33,44,0,447,0,0,124,0,124,370,33,168,0,571,92,0,92,720
04/21/2008,OAK,CA,AWP,WE,Towers with Radar,414,47,61,1,523,0,26,84,3,113,414,73,145,4,636,102,18,120,830
04/22/2008,OAK,CA,AWP,WE,Towers with Radar,470,72,49,0,591,0,12,79,0,91,470,84,128,0,682,160,0,160,902
04/23/2008,OAK,CA,AWP,WE,Towers with Radar,472,90,81,0,643,0,13,67,0,80,472,103,148,0,723,150,0,150,916
04/24/2008,OAK,CA,AWP,WE,Towers with Radar,471,59,75,0,605,0,29,117,1,147,471,89,192,1,753,98,0,98,931
04/25/2008,OAK,CA,AWP,WE,Towers with Radar,445,73,60,0,578,0,27,97,0,124,445,100,157,0,702,126,0,126,910
04/26/2008,OAK,CA,AWP,WE,Towers with Radar,368,30,35,0,433,0,3,141,0,144,368,33,176,0,577,82,0,82,716
04/27/2008,OAK,CA,AWP,WE,Towers with Radar,347,36,53,0,436,0,1,134,3,138,347,37,187,3,574,130,0,130,770
04/28/2008,OAK,CA,AWP,WE,Towers with Radar,417,79,63,0,559,0,20,81,0,101,417,100,144,0,661,110,0,110,835
04/29/2008,OAK,CA,AWP,WE,Towers with Radar,446,83,53,0,582,0,30,56,0,86,446,113,109,0,668,82,0,82,800
04/30/2008,OAK,CA,AWP,WE,Towers with Radar,443,97,67,0,607,0,27,79,0,106,443,124,146,0,713,62,0,62,862
05/01/2008,OAK,CA,AWP,WE,Towers with Radar,492,66,62,0,620,0,30,118,0,148,492,96,180,0,768,140,0,140,1006
05/02/2008,OAK,CA,AWP,WE,Towers with Radar,442,58,69,0,569,0,15,105,0,120,442,74,174,0,690,196,0,196,952
05/03/2008,OAK,CA,AWP,WE,Towers with Radar,353,23,31,0,407,0,0,75,0,75,353,23,106,0,482,132,0,132,645
05/04/2008,OAK,CA,AWP,WE,Towers with Radar,356,33,77,0,466,0,0,52,0,52,356,33,129,0,518,210,0,210,752
05/05/2008,OAK,CA,AWP,WE,Towers with Radar,386,65,52,0,503,0,23,62,1,86,386,88,114,1,589,194,42,236,910
05/06/2008,OAK,CA,AWP,WE,Towers with Radar,456,74,61,0,591,0,16,66,0,82,456,90,127,0,673,120,0,120,866
05/07/2008,OAK,CA,AWP,WE,Towers with Radar,479,91,65,1,636,0,14,69,0,83,479,105,134,1,719,166,0,166,957
05/08/2008,OAK,CA,AWP,WE,Towers with Radar,476,86,61,0,623,0,17,59,1,77,476,103,120,1,700,160,0,160,918
05/09/2008,OAK,CA,AWP,WE,Towers with Radar,448,87,97,0,632,0,34,110,0,144,448,121,207,0,776,140,0,140,1000
05/10/2008,OAK,CA,AWP,WE,Towers with Radar,346,34,43,0,423,0,2,105,0,107,346,36,148,0,530,170,0,170,757
05/11/2008,OAK,CA,AWP,WE,Towers with Radar,361,41,46,0,448,0,0,51,0,51,361,41,97,0,499,86,0,86,624
05/12/2008,OAK,CA,AWP,WE,Towers with Radar,390,68,47,0,505,0,21,78,0,99,390,89,125,0,604,192,10,202,879
05/13/2008,OAK,CA,AWP,WE,Towers with Radar,425,68,51,0,544,0,23,108,0,131,425,91,159,0,675,198,0,198,956
05/14/2008,OAK,CA,AWP,WE,Towers with Radar,470,68,81,0,619,0,24,91,0,115,470,92,172,0,734,162,0,162,961
05/15/2008,OAK,CA,AWP,WE,Towers with Radar,468,65,59,0,592,0,37,87,0,124,468,102,146,0,716,88,0,88,884
05/16/2008,OAK,CA,AWP,WE,Towers with Radar,448,70,73,0,591,0,23,111,11,145,448,93,184,11,736,128,0,128,951
05/17/2008,OAK,CA,AWP,WE,Towers with Radar,348,26,36,0,410,0,0,122,0,122,348,27,158,0,533,178,0,178,779
05/18/2008,OAK,CA,AWP,WE,Towers with Radar,357,50,78,0,485,0,0,118,1,119,357,51,196,1,605,82,0,82,745
05/19/2008,OAK,CA,AWP,WE,Towers with Radar,408,48,52,0,508,0,21,109,0,130,408,69,161,0,638,202,0,202,850
05/20/2008,OAK,CA,AWP,WE,Towers with Radar,448,86,61,6,601,0,9,27,4,40,448,95,88,10,641,58,0,58,743
05/21/2008,OAK,CA,AWP,WE,Towers with Radar,483,68,82,0,633,0,33,55,0,88,483,103,137,0,723,50,0,50,856
05/22/2008,OAK,CA,AWP,WE,Towers with Radar,479,82,69,0,630,0,24,53,0,77,479,106,122,0,707,108,0,108,857
05/23/2008,OAK,CA,AWP,WE,Towers with Radar,440,109,72,4,625,0,19,77,0,96,440,128,149,4,721,136,0,136,955
05/24/2008,OAK,CA,AWP,WE,Towers with Radar,348,33,51,0,432,0,2,43,0,45,348,35,94,0,477,214,0,214,715
05/25/2008,OAK,CA,AWP,WE,Towers with Radar,303,28,34,0,365,0,2,73,1,76,303,34,107,1,445,100,0,100,584
05/26/2008,OAK,CA,AWP,WE,Towers with Radar,349,40,79,1,469,0,1,76,0,77,349,41,155,1,546,212,0,212,811
05/27/2008,OAK,CA,AWP,WE,Towers with Radar,384,73,47,4,508,0,24,68,0,92,384,98,115,4,601,112,28,140,818
05/28/2008,OAK,CA,AWP,WE,Towers with Radar,464,87,56,1,608,0,12,80,5,97,464,99,136,6,705,162,0,162,922
05/29/2008,OAK,CA,AWP,WE,Towers with Radar,476,85,93,0,654,0,9,61,0,70,476,94,154,0,724,86,10,96,879
05/30/2008,OAK,CA,AWP,WE,Towers with Radar,459,86,80,0,625,0,9,67,0,76,459,98,147,0,704,182,0,182,939
05/31/2008,OAK,CA,AWP,WE,Towers with Radar,350,29,52,0,431,0,4,57,0,61,350,35,109,0,494,80,0,80,589
06/01/2008,OAK,CA,AWP,WE,Towers with Radar,345,50,48,0,443,0,1,90,0,91,345,51,138,0,534,190,0,190,763
06/02/2008,OAK,CA,AWP,WE,Towers with Radar,382,73,38,0,493,0,13,62,0,75,382,87,100,0,569,104,0,104,725
06/03/2008,OAK,CA,AWP,WE,Towers with Radar,480,85,77,0,642,0,11,28,0,39,480,96,105,0,681,52,0,52,769
06/04/2008,OAK,CA,AWP,WE,Towers with Radar,422,72,58,0,552,0,21,72,0,93,422,93,130,0,645,120,0,120,834
06/05/2008,OAK,CA,AWP,WE,Towers with Radar,451,60,65,1,577,0,18,86,2,106,451,78,151,3,683,136,26,162,916
06/06/2008,OAK,CA,AWP,WE,Towers with Radar,462,57,68,0,587,0,21,95,0,116,463,78,163,0,704,132,0,132,908
06/07/2008,OAK,CA,AWP,WE,Towers with Radar,342,24,27,0,393,0,4,129,0,133,342,28,156,0,526,160,0,160,733
06/08/2008,OAK,CA,AWP,WE,Towers with Radar,360,31,54,1,446,0,2,150,0,152,360,33,204,1,598,156,0,156,816
06/09/2008,OAK,CA,AWP,WE,Towers with Radar,374,52,73,3,502,0,30,90,3,123,374,82,163,6,625,292,0,292,985
06/10/2008,OAK,CA,AWP,WE,Towers with Radar,443,80,46,0,569,0,28,80,0,108,443,108,126,0,677,172,0,172,927
06/11/2008,OAK,CA,AWP,WE,Towers with Radar,438,74,131,0,643,0,30,60,7,97,438,104,191,7,740,176,0,176,983
06/12/2008,OAK,CA,AWP,WE,Towers with Radar,453,78,87,0,618,0,30,123,1,154,453,109,210,1,773,104,0,104,946
06/13/2008,OAK,CA,AWP,WE,Towers with Radar,418,54,79,2,553,0,26,112,3,141,419,80,191,5,695,168,0,168,968
06/14/2008,OAK,CA,AWP,WE,Towers with Radar,358,44,33,1,436,0,0,84,0,84,358,46,117,1,522,136,0,136,696
06/15/2008,OAK,CA,AWP,WE,Towers with Radar,333,38,54,0,425,0,2,78,0,80,333,40,132,0,505,64,0,64,608
06/16/2008,OAK,CA,AWP,WE,Towers with Radar,375,81,78,0,534,0,3,30,0,33,375,84,108,0,567,60,0,60,662
06/17/2008,OAK,CA,AWP,WE,Towers with Radar,443,84,55,0,582,0,15,84,1,100,443,101,139,1,684,124,0,124,887
06/18/2008,OAK,CA,AWP,WE,Towers with Radar,460,67,62,2,591,0,24,101,0,125,460,91,163,2,716,152,0,152,948
06/19/2008,OAK,CA,AWP,WE,Towers with Radar,481,70,70,4,625,0,31,86,4,121,481,101,156,8,746,112,12,124,949
06/20/2008,OAK,CA,AWP,WE,Towers with Radar,454,58,75,1,588,0,22,131,0,153,455,81,206,1,743,132,4,136,982
06/21/2008,OAK,CA,AWP,WE,Towers with Radar,357,36,40,3,436,0,0,118,0,118,357,36,158,3,554,72,0,72,672
06/22/2008,OAK,CA,AWP,WE,Towers with Radar,359,37,58,0,454,0,2,101,0,103,359,39,159,0,557,90,0,90,707
06/23/2008,OAK,CA,AWP,WE,Towers with Radar,376,77,79,0,532,0,11,26,2,39,376,88,105,2,571,104,0,104,715
06/24/2008,OAK,CA,AWP,WE,Towers with Radar,433,92,75,5,605,0,19,80,5,104,433,111,155,10,709,286,48,334,1111
06/25/2008,OAK,CA,AWP,WE,Towers with Radar,449,92,91,0,632,0,11,37,0,48,449,103,128,0,680,116,0,116,831
06/26/2008,OAK,CA,AWP,WE,Towers with Radar,474,91,91,1,657,0,4,64,0,68,474,100,155,1,730,148,0,148,954
06/27/2008,OAK,CA,AWP,WE,Towers with Radar,449,103,82,0,634,0,16,51,0,67,449,119,133,0,701,316,0,316,1074
06/28/2008,OAK,CA,AWP,WE,Towers with Radar,370,46,48,0,464,0,0,62,1,63,370,46,110,1,527,74,0,74,623
06/29/2008,OAK,CA,AWP,WE,Towers with Radar,358,48,67,0,473,0,20,50,0,70,358,68,117,0,543,108,0,108,676
06/30/2008,OAK,CA,AWP,WE,Towers with Radar,393,72,60,0,525,0,12,49,0,61,394,84,109,0,587,110,0,110,734
07/01/2008,OAK,CA,AWP,WE,Towers with Radar,438,88,128,1,655,0,15,76,1,92,438,103,204,2,747,124,0,124,871
07/02/2008,OAK,CA,AWP,WE,Towers with Radar,436,61,86,0,583,0,21,79,0,100,436,82,165,0,683,102,0,102,785
07/03/2008,OAK,CA,AWP,WE,Towers with Radar,449,68,57,5,579,0,21,80,1,102,449,89,137,6,681,68,0,68,749
07/04/2008,OAK,CA,AWP,WE,Towers with Radar,301,23,35,0,359,0,0,34,0,34,301,23,69,0,393,98,0,98,491
07/05/2008,OAK,CA,AWP,WE,Towers with Radar,346,29,20,0,395,0,0,87,0,87,346,29,107,0,482,82,0,82,564
07/06/2008,OAK,CA,AWP,WE,Towers with Radar,347,45,74,0,466,0,1,111,1,113,347,46,185,1,579,110,0,110,689
07/07/2008,OAK,CA,AWP,WE,Towers with Radar,393,72,41,0,506,0,23,77,0,100,393,95,118,0,606,80,0,80,686
07/08/2008,OAK,CA,AWP,WE,Towers with Radar,431,63,72,0,566,1,18,106,0,125,432,81,178,0,691,150,0,150,841
07/09/2008,OAK,CA,AWP,WE,Towers with Radar,445,73,64,2,584,0,22,67,2,91,445,95,131,4,675,106,0,106,781
07/10/2008,OAK,CA,AWP,WE,Towers with Radar,432,68,86,1,587,0,10,89,0,99,432,78,175,1,686,262,0,262,948
07/11/2008,OAK,CA,AWP,WE,Towers with Radar,462,56,58,0,576,0,25,67,0,92,462,81,125,0,668,204,0,204,872
07/12/2008,OAK,CA,AWP,WE,Towers with Radar,351,25,49,0,425,0,2,63,0,65,351,27,112,0,490,126,0,126,616
07/13/2008,OAK,CA,AWP,WE,Towers with Radar,345,21,68,1,435,0,0,123,0,123,345,21,191,1,558,36,0,36,594
07/14/2008,OAK,CA,AWP,WE,Towers with Radar,409,54,54,0,517,0,23,60,0,83,409,77,114,0,600,210,0,210,810
07/15/2008,OAK,CA,AWP,WE,Towers with Radar,452,74,87,0,613,0,18,50,0,68,452,92,137,0,681,122,0,122,803
07/16/2008,OAK,CA,AWP,WE,Towers with Radar,442,69,60,1,572,0,16,65,1,82,442,85,125,2,654,64,0,64,718
07/17/2008,OAK,CA,AWP,WE,Towers with Radar,427,80,65,0,572,0,7,67,1,75,427,87,132,1,647,148,0,148,795
07/18/2008,OAK,CA,AWP,WE,Towers with Radar,440,88,92,0,620,0,15,70,0,85,440,103,162,0,705,86,0,86,791
07/19/2008,OAK,CA,AWP,WE,Towers with Radar,367,22,46,7,442,0,10,96,4,110,367,32,142,11,552,68,0,68,620
07/20/2008,OAK,CA,AWP,WE,Towers with Radar,363,38,63,0,464,0,0,61,2,63,363,38,124,2,527,124,0,124,651
07/21/2008,OAK,CA,AWP,WE,Towers with Radar,398,34,22,0,454,0,1,2,0,3,398,35,24,0,457,0,0,0,457
07/22/2008,OAK,CA,AWP,WE,Towers with Radar,452,80,46,2,580,0,8,76,0,84,452,88,122,2,664,180,0,180,844
07/23/2008,OAK,CA,AWP,WE,Towers with Radar,430,69,66,0,565,0,24,91,0,115,430,93,157,0,680,180,0,180,860
07/24/2008,OAK,CA,AWP,WE,Towers with Radar,444,61,105,3,613,2,45,47,4,98,446,106,152,7,711,174,18,192,903
07/25/2008,OAK,CA,AWP,WE,Towers with Radar,430,59,69,2,560,0,20,142,0,162,430,79,211,2,722,252,0,252,974
07/26/2008,OAK,CA,AWP,WE,Towers with Radar,384,28,45,1,458,0,2,147,1,150,384,30,192,2,608,128,0,128,736
07/27/2008,OAK,CA,AWP,WE,Towers with Radar,343,53,74,1,471,0,0,12,0,12,343,53,86,1,483,6,0,6,489
07/28/2008,OAK,CA,AWP,WE,Towers with Radar,394,81,105,0,580,0,1,20,0,21,394,82,125,0,601,54,0,54,655
07/29/2008,OAK,CA,AWP,WE,Towers with Radar,434,72,43,0,549,0,11,55,0,66,434,83,98,0,615,122,0,122,737
07/30/2008,OAK,CA,AWP,WE,Towers with Radar,435,92,88,0,615,0,10,72,1,83,435,102,160,1,698,120,14,134,832
07/31/2008,OAK,CA,AWP,WE,Towers with Radar,434,66,63,0,563,0,16,108,0,124,434,82,171,0,687,233,0,233,920
08/01/2008,OAK,CA,AWP,WE,Towers with Radar,423,63,64,0,550,0,16,81,0,97,423,79,145,0,647,60,0,60,707
08/02/2008,OAK,CA,AWP,WE,Towers with Radar,355,33,29,0,417,0,5,102,1,108,355,38,131,1,525,76,0,76,601
08/03/2008,OAK,CA,AWP,WE,Towers with Radar,347,42,79,0,468,0,0,96,0,96,347,42,175,0,564,98,0,98,662
08/04/2008,OAK,CA,AWP,WE,Towers with Radar,384,58,41,4,487,0,19,46,1,66,384,77,87,5,553,96,0,96,649
08/05/2008,OAK,CA,AWP,WE,Towers with Radar,454,78,56,0,588,1,10,84,0,95,455,88,140,0,683,168,0,168,851
08/06/2008,OAK,CA,AWP,WE,Towers with Radar,431,71,50,2,554,0,11,55,0,66,431,82,105,2,620,158,0,158,778
08/07/2008,OAK,CA,AWP,WE,Towers with Radar,418,105,71,2,596,0,0,74,0,74,418,105,145,2,670,104,0,104,774
08/08/2008,OAK,CA,AWP,WE,Towers with Radar,433,94,63,0,590,0,9,67,1,77,433,103,130,1,667,104,0,104,771
08/09/2008,OAK,CA,AWP,WE,Towers with Radar,353,27,56,0,436,0,0,91,0,91,353,27,147,0,527,136,0,136,663
08/10/2008,OAK,CA,AWP,WE,Towers with Radar,353,35,39,0,427,0,1,118,0,119,353,36,157,0,546,108,0,108,654
08/11/2008,OAK,CA,AWP,WE,Towers with Radar,398,56,70,0,524,0,21,118,1,140,398,77,188,1,664,194,0,194,858
08/12/2008,OAK,CA,AWP,WE,Towers with Radar,451,77,55,0,583,0,16,84,0,100,451,93,139,0,683,164,20,184,867
08/13/2008,OAK,CA,AWP,WE,Towers with Radar,433,80,74,0,587,0,24,106,0,130,433,104,180,0,717,84,14,98,815
08/14/2008,OAK,CA,AWP,WE,Towers with Radar,450,78,66,2,596,0,17,72,2,91,450,95,138,4,687,100,2,102,789
08/15/2008,OAK,CA,AWP,WE,Towers with Radar,435,88,69,0,592,0,16,102,0,118,435,104,171,0,710,158,0,158,868
08/16/2008,OAK,CA,AWP,WE,Towers with Radar,370,29,41,0,440,0,0,87,0,87,370,29,128,0,527,110,0,110,637
08/17/2008,OAK,CA,AWP,WE,Towers with Radar,353,32,65,2,452,0,0,88,2,90,353,32,153,4,542,208,0,208,750
08/18/2008,OAK,CA,AWP,WE,Towers with Radar,418,81,82,0,581,0,11,34,0,45,418,92,116,0,626,52,0,52,678
08/19/2008,OAK,CA,AWP,WE,Towers with Radar,437,73,78,0,588,0,11,43,0,54,437,84,121,0,642,102,0,102,744
08/20/2008,OAK,CA,AWP,WE,Towers with Radar,467,82,63,0,612,0,15,57,0,72,467,97,120,0,684,70,0,70,754
08/21/2008,OAK,CA,AWP,WE,Towers with Radar,456,76,66,0,598,0,12,73,0,85,456,88,139,0,683,212,0,212,895
08/22/2008,OAK,CA,AWP,WE,Towers with Radar,433,70,84,0,587,0,13,90,0,103,433,83,174,0,690,88,6,94,784
08/23/2008,OAK,CA,AWP,WE,Towers with Radar,326,22,51,0,399,0,0,52,0,52,326,22,103,0,451,198,0,198,649
08/24/2008,OAK,CA,AWP,WE,Towers with Radar,352,34,77,0,463,0,0,91,0,91,352,34,168,0,554,84,0,84,638
08/25/2008,OAK,CA,AWP,WE,Towers with Radar,368,77,30,0,475,0,21,95,12,128,368,98,125,12,603,90,14,104,707
08/26/2008,OAK,CA,AWP,WE,Towers with Radar,465,72,52,0,589,0,22,96,0,118,465,94,148,0,707,88,0,88,795
08/27/2008,OAK,CA,AWP,WE,Towers with Radar,442,61,49,1,553,0,23,82,1,106,442,84,131,2,659,54,0,54,713
08/28/2008,OAK,CA,AWP,WE,Towers with Radar,435,66,64,0,565,0,18,105,0,123,435,84,169,0,688,130,0,130,818
08/29/2008,OAK,CA,AWP,WE,Towers with Radar,436,71,56,0,563,0,19,108,6,133,436,90,164,6,696,142,8,150,846
08/30/2008,OAK,CA,AWP,WE,Towers with Radar,331,40,42,1,414,0,3,103,2,108,331,43,145,3,522,72,0,72,594
08/31/2008,OAK,CA,AWP,WE,Towers with Radar,257,35,25,1,318,0,4,147,5,156,257,39,172,6,474,122,0,122,596
09/01/2008,OAK,CA,AWP,WE,Towers with Radar,333,40,36,8,417,0,0,115,1,116,333,40,151,9,533,152,0,152,685
09/02/2008,OAK,CA,AWP,WE,Towers with Radar,404,59,44,1,508,0,39,100,1,140,404,98,144,2,648,48,54,102,750
09/03/2008,OAK,CA,AWP,WE,Towers with Radar,414,53,67,0,534,0,29,102,1,132,414,82,169,1,666,102,16,118,784
09/04/2008,OAK,CA,AWP,WE,Towers with Radar,402,89,67,0,558,0,15,90,1,106,402,104,157,1,664,126,40,166,830
09/05/2008,OAK,CA,AWP,WE,Towers with Radar,403,72,36,2,513,0,19,94,1,114,403,91,130,3,627,206,0,206,833
09/06/2008,OAK,CA,AWP,WE,Towers with Radar,288,25,26,0,339,0,2,105,3,110,288,27,131,3,449,222,2,224,673
09/07/2008,OAK,CA,AWP,WE,Towers with Radar,324,26,41,0,391,0,4,107,2,113,324,30,148,2,504,76,2,78,582
09/08/2008,OAK,CA,AWP,WE,Towers with Radar,347,73,59,5,484,0,17,49,0,66,347,90,108,5,550,98,34,132,682
09/09/2008,OAK,CA,AWP,WE,Towers with Radar,427,76,72,1,576,0,3,44,3,50,427,79,116,4,626,136,0,136,762
09/10/2008,OAK,CA,AWP,WE,Towers with Radar,425,86,78,1,590,0,22,58,0,80,425,108,136,1,670,92,8,100,770
09/11/2008,OAK,CA,AWP,WE,Towers with Radar,387,94,82,1,564,0,14,67,1,82,387,108,149,2,646,130,0,130,776
09/12/2008,OAK,CA,AWP,WE,Towers with Radar,422,65,73,1,561,0,11,43,0,54,422,76,116,1,615,8,8,16,631
09/13/2008,OAK,CA,AWP,WE,Towers with Radar,302,56,81,9,448,0,2,125,6,133,302,58,206,15,581,16,0,16,597
09/14/2008,OAK,CA,AWP,WE,Towers with Radar,311,39,47,2,399,0,1,76,0,77,311,40,123,2,476,142,0,142,618
09/15/2008,OAK,CA,AWP,WE,Towers with Radar,358,55,75,4,492,0,15,42,0,57,358,70,117,4,549,68,0,68,617
09/16/2008,OAK,CA,AWP,WE,Towers with Radar,416,71,57,2,546,0,11,50,1,62,416,82,107,3,608,66,20,86,694
09/17/2008,OAK,CA,AWP,WE,Towers with Radar,402,86,81,0,569,0,13,67,0,80,402,99,148,0,649,156,0,156,805
09/18/2008,OAK,CA,AWP,WE,Towers with Radar,415,68,61,1,545,0,21,111,2,134,415,89,172,3,679,246,14,260,939
09/19/2008,OAK,CA,AWP,WE,Towers with Radar,415,72,67,0,554,0,14,72,0,86,415,86,139,0,640,236,0,236,876
09/20/2008,OAK,CA,AWP,WE,Towers with Radar,299,35,96,0,430,0,0,96,0,96,299,35,192,0,526,142,0,142,668
09/21/2008,OAK,CA,AWP,WE,Towers with Radar,324,22,46,0,392,0,0,74,0,74,324,22,120,0,466,112,0,112,578
09/22/2008,OAK,CA,AWP,WE,Towers with Radar,356,63,55,0,474,0,28,67,1,96,356,91,122,1,570,50,0,50,620
09/23/2008,OAK,CA,AWP,WE,Towers with Radar,408,92,50,7,557,0,19,106,11,136,408,111,156,18,693,168,28,196,889
09/24/2008,OAK,CA,AWP,WE,Towers with Radar,391,66,78,0,535,0,33,85,2,120,391,99,163,2,655,108,0,108,763
09/25/2008,OAK,CA,AWP,WE,Towers with Radar,429,74,56,1,560,0,14,98,0,112,429,88,154,1,672,192,2,194,866
09/26/2008,OAK,CA,AWP,WE,Towers with Radar,412,58,68,6,544,0,26,92,1,119,412,84,160,7,663,172,38,210,873
09/27/2008,OAK,CA,AWP,WE,Towers with Radar,281,37,62,0,380,0,16,183,1,200,281,53,245,1,580,146,0,146,726
09/28/2008,OAK,CA,AWP,WE,Towers with Radar,308,52,58,0,418,0,2,114,0,116,308,54,172,0,534,116,0,116,650
09/29/2008,OAK,CA,AWP,WE,Towers with Radar,369,54,59,7,489,0,14,45,0,59,369,68,104,7,548,86,28,114,662
09/30/2008,OAK,CA,AWP,WE,Towers with Radar,410,73,45,0,528,0,32,72,0,104,410,105,117,0,632,162,0,162,794
10/01/2008,OAK,CA,AWP,WE,Towers with Radar,397,72,60,0,529,0,28,77,0,105,397,100,137,0,634,124,0,124,758
10/02/2008,OAK,CA,AWP,WE,Towers with Radar,413,91,76,0,580,0,7,46,2,55,413,98,122,2,635,218,4,222,857
10/03/2008,OAK,CA,AWP,WE,Towers with Radar,413,81,71,0,565,0,7,47,0,54,413,88,118,0,619,174,0,174,793
10/04/2008,OAK,CA,AWP,WE,Towers with Radar,287,59,52,6,404,0,2,54,6,62,287,61,106,12,466,144,0,144,610
10/05/2008,OAK,CA,AWP,WE,Towers with Radar,323,36,71,0,430,0,3,117,0,120,323,39,188,0,550,172,0,172,722
10/06/2008,OAK,CA,AWP,WE,Towers with Radar,357,67,69,7,500,0,19,68,6,93,357,86,137,13,593,178,18,196,789
10/07/2008,OAK,CA,AWP,WE,Towers with Radar,412,69,67,7,555,0,13,67,6,86,412,82,134,13,641,140,30,170,811
10/08/2008,OAK,CA,AWP,WE,Towers with Radar,410,102,76,0,588,0,46,184,0,230,410,148,260,0,818,130,0,130,948
10/09/2008,OAK,CA,AWP,WE,Towers with Radar,427,73,71,1,572,0,24,87,7,118,427,97,158,8,690,144,54,198,888
10/10/2008,OAK,CA,AWP,WE,Towers with Radar,398,90,54,3,545,0,17,54,2,73,398,107,108,5,618,36,0,36,654
10/11/2008,OAK,CA,AWP,WE,Towers with Radar,282,24,38,0,344,0,3,92,0,95,282,27,130,0,439,54,0,54,493
10/12/2008,OAK,CA,AWP,WE,Towers with Radar,318,40,49,0,407,0,0,152,1,153,318,40,201,1,560,138,0,138,698
10/13/2008,OAK,CA,AWP,WE,Towers with Radar,351,49,42,2,444,0,11,98,0,109,351,60,140,2,553,86,0,86,639
10/14/2008,OAK,CA,AWP,WE,Towers with Radar,395,87,60,1,543,0,31,114,2,147,395,118,174,3,690,48,46,94,784
10/15/2008,OAK,CA,AWP,WE,Towers with Radar,439,70,62,0,571,0,25,101,0,126,439,95,163,0,697,94,0,94,791
10/16/2008,OAK,CA,AWP,WE,Towers with Radar,394,63,60,0,517,0,14,111,0,125,394,77,171,0,642,192,0,192,834
10/17/2008,OAK,CA,AWP,WE,Towers with Radar,410,71,53,1,535,0,24,98,1,123,410,95,151,2,658,68,0,68,726
10/18/2008,OAK,CA,AWP,WE,Towers with Radar,288,26,46,0,360,0,5,94,0,99,288,31,140,0,459,260,0,260,719
10/19/2008,OAK,CA,AWP,WE,Towers with Radar,325,56,63,0,444,0,1,69,0,70,325,57,132,0,514,118,0,118,632
10/20/2008,OAK,CA,AWP,WE,Towers with Radar,354,53,41,5,453,0,21,91,6,118,354,74,132,11,571,76,0,76,647
10/21/2008,OAK,CA,AWP,WE,Towers with Radar,411,66,65,0,542,0,17,61,0,78,411,83,126,0,620,74,0,74,694
10/22/2008,OAK,CA,AWP,WE,Towers with Radar,414,75,74,0,563,0,23,82,0,105,414,98,156,0,668,74,0,74,742
10/23/2008,OAK,CA,AWP,WE,Towers with Radar,409,61,59,0,529,0,24,80,3,107,409,85,139,3,636,130,14,144,780
10/24/2008,OAK,CA,AWP,WE,Towers with Radar,412,76,58,0,546,0,20,106,0,126,412,96,164,0,672,50,24,74,746
10/25/2008,OAK,CA,AWP,WE,Towers with Radar,293,32,40,0,365,0,8,114,0,122,293,40,154,0,487,162,0,162,649
10/26/2008,OAK,CA,AWP,WE,Towers with Radar,319,26,43,0,388,0,0,108,0,108,319,26,151,0,496,74,0,74,570
10/27/2008,OAK,CA,AWP,WE,Towers with Radar,354,58,69,0,481,0,13,24,0,37,354,71,93,0,518,26,0,26,544
10/28/2008,OAK,CA,AWP,WE,Towers with Radar,411,74,55,0,540,0,10,81,0,91,411,84,136,0,631,112,0,112,743
10/29/2008,OAK,CA,AWP,WE,Towers with Radar,415,83,45,4,547,0,15,44,0,59,415,98,89,4,606,126,26,152,758
10/30/2008,OAK,CA,AWP,WE,Towers with Radar,411,82,51,0,544,0,14,33,0,47,411,96,84,0,591,128,0,128,719
10/31/2008,OAK,CA,AWP,WE,Towers with Radar,410,92,50,0,552,0,10,26,1,37,410,102,76,1,589,42,38,80,669
11/01/2008,OAK,CA,AWP,WE,Towers with Radar,287,40,43,0,370,0,0,1,0,1,287,40,44,0,371,0,0,0,371
11/02/2008,OAK,CA,AWP,WE,Towers with Radar,311,29,55,0,395,0,2,38,0,40,311,31,93,0,435,186,0,186,621
11/03/2008,OAK,CA,AWP,WE,Towers with Radar,337,67,58,0,462,0,5,19,0,24,337,72,77,0,486,10,0,10,496
11/04/2008,OAK,CA,AWP,WE,Towers with Radar,387,73,36,0,496,3,13,71,0,87,390,86,107,0,583,186,18,204,787
11/05/2008,OAK,CA,AWP,WE,Towers with Radar,393,62,38,0,493,0,16,74,2,92,393,78,112,2,585,140,0,140,725
11/06/2008,OAK,CA,AWP,WE,Towers with Radar,400,78,60,0,538,0,16,116,4,136,400,94,176,4,674,94,0,94,768
11/07/2008,OAK,CA,AWP,WE,Towers with Radar,366,62,58,0,486,0,18,112,0,130,366,80,170,0,616,186,0,186,802
11/08/2008,OAK,CA,AWP,WE,Towers with Radar,300,33,62,0,395,0,0,2,0,2,300,33,64,0,397,4,0,4,401
11/09/2008,OAK,CA,AWP,WE,Towers with Radar,306,32,52,0,390,0,0,103,0,103,306,32,155,0,493,86,0,86,579
11/10/2008,OAK,CA,AWP,WE,Towers with Radar,341,54,50,0,445,0,16,58,0,74,341,70,108,0,519,96,0,96,615
11/11/2008,OAK,CA,AWP,WE,Towers with Radar,411,39,58,0,508,0,4,54,0,58,411,43,112,0,566,286,0,286,852
11/12/2008,OAK,CA,AWP,WE,Towers with Radar,400,67,71,1,539,0,9,49,1,59,400,76,120,2,598,208,22,230,828
11/13/2008,OAK,CA,AWP,WE,Towers with Radar,384,57,61,7,509,0,11,79,7,97,384,68,140,14,606,54,0,54,660
11/14/2008,OAK,CA,AWP,WE,Towers with Radar,369,49,99,1,518,0,17,82,1,100,369,66,181,2,618,46,0,46,664
11/15/2008,OAK,CA,AWP,WE,Towers with Radar,283,29,28,0,340,0,4,105,0,109,283,33,133,0,449,128,0,128,577
11/16/2008,OAK,CA,AWP,WE,Towers with Radar,294,29,54,4,381,0,1,112,1,114,294,30,166,5,495,132,0,132,627
11/17/2008,OAK,CA,AWP,WE,Towers with Radar,333,55,51,0,439,0,16,85,0,101,333,71,136,0,540,142,0,142,682
11/18/2008,OAK,CA,AWP,WE,Towers with Radar,410,67,62,3,542,0,21,81,3,105,410,88,143,6,647,130,0,130,777
11/19/2008,OAK,CA,AWP,WE,Towers with Radar,402,75,89,0,566,0,3,33,0,36,402,78,122,0,602,68,0,68,670
11/20/2008,OAK,CA,AWP,WE,Towers with Radar,411,82,64,0,557,0,11,58,0,69,411,93,122,0,626,156,0,156,782
11/21/2008,OAK,CA,AWP,WE,Towers with Radar,373,72,59,8,512,0,15,98,0,113,373,87,157,8,625,114,8,122,747
11/22/2008,OAK,CA,AWP,WE,Towers with Radar,301,31,46,1,379,0,3,130,2,135,301,34,176,3,514,182,0,182,696
11/23/2008,OAK,CA,AWP,WE,Towers with Radar,287,36,38,0,361,0,0,110,0,110,287,36,148,0,471,120,0,120,591
11/24/2008,OAK,CA,AWP,WE,Towers with Radar,342,71,55,3,471,0,8,39,0,47,342,79,94,3,518,78,0,78,596
11/25/2008,OAK,CA,AWP,WE,Towers with Radar,423,80,50,2,555,0,5,52,2,59,423,85,102,4,614,268,0,268,882
11/26/2008,OAK,CA,AWP,WE,Towers with Radar,394,117,73,0,584,0,3,17,2,22,394,120,90,2,606,42,14,56,662
11/27/2008,OAK,CA,AWP,WE,Towers with Radar,250,19,22,0,291,0,0,9,0,9,250,19,31,0,300,46,0,46,346
11/28/2008,OAK,CA,AWP,WE,Towers with Radar,326,56,32,0,414,0,0,5,0,5,326,56,37,0,419,138,0,138,557
11/29/2008,OAK,CA,AWP,WE,Towers with Radar,335,33,32,0,400,0,3,31,0,34,335,36,63,0,434,78,0,78,512
11/30/2008,OAK,CA,AWP,WE,Towers with Radar,321,37,52,0,410,0,1,137,2,140,321,38,189,2,550,190,0,190,740
12/01/2008,OAK,CA,AWP,WE,Towers with Radar,373,75,69,0,517,0,4,7,0,11,373,79,76,0,528,0,0,0,528
12/02/2008,OAK,CA,AWP,WE,Towers with Radar,415,74,50,2,541,0,11,63,11,85,415,85,113,13,626,168,0,168,794
12/03/2008,OAK,CA,AWP,WE,Towers with Radar,401,75,51,8,535,0,14,51,2,67,401,89,102,10,602,144,0,144,746
12/04/2008,OAK,CA,AWP,WE,Towers with Radar,394,74,72,6,546,0,8,63,0,71,394,82,135,6,617,120,26,146,763
12/05/2008,OAK,CA,AWP,WE,Towers with Radar,418,74,74,0,566,0,15,104,0,119,418,89,178,0,685,120,0,120,805
12/06/2008,OAK,CA,AWP,WE,Towers with Radar,298,20,53,0,371,0,1,112,0,113,298,21,165,0,484,296,0,296,780
12/07/2008,OAK,CA,AWP,WE,Towers with Radar,300,34,73,0,407,0,0,82,0,82,300,34,155,0,489,230,0,230,719
12/08/2008,OAK,CA,AWP,WE,Towers with Radar,335,56,68,0,459,0,12,46,0,58,335,68,114,0,517,60,52,112,629
12/09/2008,OAK,CA,AWP,WE,Towers with Radar,418,73,60,0,551,1,23,75,0,99,419,96,135,0,650,158,30,188,838
12/10/2008,OAK,CA,AWP,WE,Towers with Radar,403,70,54,0,527,0,11,85,2,98,403,81,139,2,625,178,12,190,815
12/11/2008,OAK,CA,AWP,WE,Towers with Radar,418,73,56,0,547,0,23,78,1,102,418,96,134,1,649,102,20,122,771
12/12/2008,OAK,CA,AWP,WE,Towers with Radar,391,61,89,0,541,0,15,50,0,65,391,76,139,0,606,124,0,124,730
12/13/2008,OAK,CA,AWP,WE,Towers with Radar,289,21,33,0,343,0,4,59,0,63,289,25,92,0,406,180,24,204,610
12/14/2008,OAK,CA,AWP,WE,Towers with Radar,281,26,53,0,360,0,0,15,0,15,281,26,68,0,375,6,0,6,381
12/15/2008,OAK,CA,AWP,WE,Towers with Radar,323,82,83,0,488,0,9,16,0,25,323,91,99,0,513,40,0,40,553
12/16/2008,OAK,CA,AWP,WE,Towers with Radar,384,30,20,0,434,0,0,0,0,0,384,30,20,0,434,0,0,0,434
12/17/2008,OAK,CA,AWP,WE,Towers with Radar,409,72,47,2,530,0,22,122,2,146,409,94,169,4,676,212,32,244,920
12/18/2008,OAK,CA,AWP,WE,Towers with Radar,397,79,60,0,536,0,5,52,0,57,397,84,112,0,593,240,0,240,833
12/19/2008,OAK,CA,AWP,WE,Towers with Radar,403,76,77,0,556,0,8,36,0,44,403,84,113,0,600,40,0,40,640
12/20/2008,OAK,CA,AWP,WE,Towers with Radar,308,37,50,0,395,0,3,140,0,143,308,40,190,0,538,218,0,218,756
12/21/2008,OAK,CA,AWP,WE,Towers with Radar,267,19,35,0,321,0,0,18,0,18,267,19,53,0,339,88,0,88,427
12/22/2008,OAK,CA,AWP,WE,Towers with Radar,326,70,43,0,439,0,10,44,2,56,326,80,87,2,495,84,42,126,621
12/23/2008,OAK,CA,AWP,WE,Towers with Radar,439,79,59,0,577,1,15,55,2,73,440,94,114,2,650,192,0,192,842
12/24/2008,OAK,CA,AWP,WE,Towers with Radar,358,100,22,0,480,0,5,8,0,13,358,105,30,0,493,0,0,0,493
12/25/2008,OAK,CA,AWP,WE,Towers with Radar,255,25,12,0,292,0,0,5,0,5,255,25,17,0,297,0,0,0,297
12/26/2008,OAK,CA,AWP,WE,Towers with Radar,343,55,45,0,443,0,18,81,0,99,343,73,126,0,542,56,0,56,598
12/27/2008,OAK,CA,AWP,WE,Towers with Radar,305,36,35,0,376,0,1,65,0,66,305,37,100,0,442,128,0,128,570
12/28/2008,OAK,CA,AWP,WE,Towers with Radar,287,26,28,0,341,0,3,72,0,75,287,29,100,0,416,166,0,166,582
12/29/2008,OAK,CA,AWP,WE,Towers with Radar,319,41,30,0,390,0,26,50,0,76,319,67,80,0,466,68,0,68,534
12/30/2008,OAK,CA,AWP,WE,Towers with Radar,413,33,61,26,533,0,8,68,1,77,413,41,129,27,610,106,0,106,716
12/31/2008,OAK,CA,AWP,WE,Towers with Radar,338,58,27,0,423,0,0,0,0,0,338,58,27,0,423,0,0,0,423
01/01/2009,OAK,CA,AWP,WE,Towers with Radar,265,17,30,0,312,0,1,18,0,19,265,18,48,0,331,100,0,100,431
01/02/2009,OAK,CA,AWP,WE,Towers with Radar,348,62,59,0,469,0,19,14,0,33,348,81,73,0,502,2,0,2,504
01/03/2009,OAK,CA,AWP,WE,Towers with Radar,278,29,46,0,353,0,2,106,0,108,278,31,152,0,461,166,0,166,627
01/04/2009,OAK,CA,AWP,WE,Towers with Radar,268,43,58,1,370,0,0,127,0,127,268,43,185,1,497,84,0,84,581
01/05/2009,OAK,CA,AWP,WE,Towers with Radar,332,64,40,1,437,0,0,2,0,2,332,64,42,1,439,0,0,0,439
01/06/2009,OAK,CA,AWP,WE,Towers with Radar,399,63,88,0,550,0,8,27,0,35,399,71,115,0,585,116,0,116,701
01/07/2009,OAK,CA,AWP,WE,Towers with Radar,384,57,56,4,501,0,13,88,2,103,384,70,144,6,604,154,0,154,758
01/08/2009,OAK,CA,AWP,WE,Towers with Radar,371,71,48,1,491,0,9,40,0,49,371,80,88,1,540,94,42,136,676
01/09/2009,OAK,CA,AWP,WE,Towers with Radar,345,58,30,3,436,0,14,73,0,87,345,72,103,3,523,114,10,124,647
01/10/2009,OAK,CA,AWP,WE,Towers with Radar,295,17,45,2,359,0,3,114,0,117,295,20,159,2,476,232,0,232,708
01/11/2009,OAK,CA,AWP,WE,Towers with Radar,256,20,47,6,329,0,1,127,0,128,256,21,174,6,457,238,0,238,695
01/12/2009,OAK,CA,AWP,WE,Towers with Radar,308,44,45,0,397,0,17,52,0,69,308,61,97,0,466,14,8,22,488
01/13/2009,OAK,CA,AWP,WE,Towers with Radar,363,59,51,4,477,0,17,68,4,89,363,76,119,8,566,210,0,210,776
01/14/2009,OAK,CA,AWP,WE,Towers with Radar,350,69,81,0,500,0,31,108,4,143,350,100,189,4,643,72,10,82,725
01/15/2009,OAK,CA,AWP,WE,Towers with Radar,366,61,44,0,471,0,16,86,1,103,366,77,130,1,574,128,24,152,726
01/16/2009,OAK,CA,AWP,WE,Towers with Radar,351,77,48,0,476,0,13,104,0,117,351,90,152,0,593,70,0,70,663
01/17/2009,OAK,CA,AWP,WE,Towers with Radar,248,36,32,0,316,0,2,136,0,138,248,38,168,0,454,176,0,176,630
01/18/2009,OAK,CA,AWP,WE,Towers with Radar,247,18,41,0,306,0,0,101,0,101,247,18,142,0,407,122,0,122,529
01/19/2009,OAK,CA,AWP,WE,Towers with Radar,328,40,44,0,412,0,1,99,0,100,328,41,143,0,512,84,0,84,596
01/20/2009,OAK,CA,AWP,WE,Towers with Radar,354,66,58,0,478,0,20,99,0,119,354,86,157,0,597,132,0,132,729
01/21/2009,OAK,CA,AWP,WE,Towers with Radar,386,79,82,2,549,0,14,46,2,62,386,93,128,4,611,104,0,104,715
01/22/2009,OAK,CA,AWP,WE,Towers with Radar,350,103,71,0,524,0,4,11,0,15,350,107,82,0,539,72,0,72,611
01/23/2009,OAK,CA,AWP,WE,Towers with Radar,344,69,54,0,467,0,0,4,0,4,344,69,58,0,471,0,0,0,471
01/24/2009,OAK,CA,AWP,WE,Towers with Radar,250,19,38,0,307,0,0,20,0,20,250,19,58,0,327,110,0,110,437
01/25/2009,OAK,CA,AWP,WE,Towers with Radar,253,31,31,0,315,0,0,43,0,43,253,31,74,0,358,166,0,166,524
01/26/2009,OAK,CA,AWP,WE,Towers with Radar,293,57,69,6,425,0,16,59,0,75,293,73,128,6,500,42,26,68,568
01/27/2009,OAK,CA,AWP,WE,Towers with Radar,376,73,41,0,490,0,19,72,0,91,376,92,113,0,581,122,0,122,703
01/28/2009,OAK,CA,AWP,WE,Towers with Radar,372,81,45,0,498,0,32,91,0,123,372,113,136,0,621,124,0,124,745
01/29/2009,OAK,CA,AWP,WE,Towers with Radar,333,62,55,0,450,0,14,56,3,73,333,76,111,3,523,36,0,36,559
01/30/2009,OAK,CA,AWP,WE,Towers with Radar,341,63,63,0,467,0,12,109,0,121,341,75,172,0,588,184,0,184,772
01/31/2009,OAK,CA,AWP,WE,Towers with Radar,265,21,35,3,324,0,5,107,0,112,265,26,142,3,436,226,8,234,670
02/01/2009,OAK,CA,AWP,WE,Towers with Radar,258,32,30,1,321,0,1,111,0,112,258,33,141,1,433,80,0,80,513
02/02/2009,OAK,CA,AWP,WE,Towers with Radar,309,56,46,10,421,0,23,84,11,118,309,79,130,21,539,100,10,110,649
02/03/2009,OAK,CA,AWP,WE,Towers with Radar,389,74,56,3,522,0,16,111,2,129,389,90,167,5,651,124,0,124,775
02/04/2009,OAK,CA,AWP,WE,Towers with Radar,366,73,51,2,492,0,15,82,1,98,366,88,133,3,590,202,0,202,792
02/05/2009,OAK,CA,AWP,WE,Towers with Radar,357,74,66,2,499,1,6,27,3,37,358,80,93,5,536,86,0,86,622
02/06/2009,OAK,CA,AWP,WE,Towers with Radar,362,77,51,0,490,0,1,7,0,8,362,78,58,0,498,0,0,0,498
02/07/2009,OAK,CA,AWP,WE,Towers with Radar,258,24,32,0,314,0,7,86,0,93,258,31,118,0,407,240,0,240,647
02/08/2009,OAK,CA,AWP,WE,Towers with Radar,272,31,38,0,341,0,0,16,0,16,272,31,54,0,357,70,0,70,427
02/09/2009,OAK,CA,AWP,WE,Towers with Radar,319,46,36,0,401,0,21,58,0,79,319,67,94,0,480,138,0,138,618
02/10/2009,OAK,CA,AWP,WE,Towers with Radar,383,73,63,4,523,0,9,58,5,72,383,82,121,9,595,134,0,134,729
02/11/2009,OAK,CA,AWP,WE,Towers with Radar,376,98,48,2,524,0,15,9,0,24,376,113,57,2,548,42,0,42,590
02/12/2009,OAK,CA,AWP,WE,Towers with Radar,366,76,69,3,514,0,14,61,3,78,366,90,130,6,592,116,4,120,712
02/13/2009,OAK,CA,AWP,WE,Towers with Radar,356,100,72,0,528,0,7,20,0,27,356,107,92,0,555,70,30,100,655
02/14/2009,OAK,CA,AWP,WE,Towers with Radar,248,28,35,0,311,0,5,33,0,38,248,33,68,0,349,110,0,110,459
02/15/2009,OAK,CA,AWP,WE,Towers with Radar,238,21,21,0,280,0,0,2,0,2,238,21,23,0,282,0,0,0,282
02/16/2009,OAK,CA,AWP,WE,Towers with Radar,301,60,66,0,427,0,0,11,0,11,301,60,77,0,438,62,0,62,500
02/17/2009,OAK,CA,AWP,WE,Towers with Radar,371,93,43,2,509,0,3,10,2,15,371,96,53,4,524,8,0,8,532
02/18/2009,OAK,CA,AWP,WE,Towers with Radar,357,108,49,2,516,0,21,85,3,109,357,129,134,5,625,104,12,116,741
02/19/2009,OAK,CA,AWP,WE,Towers with Radar,357,63,61,0,481,0,13,71,0,84,357,76,132,0,565,92,34,126,691
02/20/2009,OAK,CA,AWP,WE,Towers with Radar,374,60,58,3,495,0,9,87,3,99,374,69,145,6,594,88,0,88,682
02/21/2009,OAK,CA,AWP,WE,Towers with Radar,247,24,39,0,310,0,2,66,0,68,247,26,105,0,378,226,0,226,604
02/22/2009,OAK,CA,AWP,WE,Towers with Radar,267,54,51,0,372,0,0,11,0,11,267,54,62,0,383,0,0,0,383
02/23/2009,OAK,CA,AWP,WE,Towers with Radar,312,56,30,0,398,0,3,2,17,22,312,59,32,17,420,36,0,36,456
02/24/2009,OAK,CA,AWP,WE,Towers with Radar,338,76,51,3,468,0,9,59,0,68,338,85,110,3,536,132,0,132,668
02/25/2009,OAK,CA,AWP,WE,Towers with Radar,362,100,39,0,501,0,4,40,0,44,362,104,79,0,545,116,0,116,661
02/26/2009,OAK,CA,AWP,WE,Towers with Radar,360,63,54,0,477,0,19,59,0,78,360,82,113,0,555,114,0,114,669
02/27/2009,OAK,CA,AWP,WE,Towers with Radar,382,35,76,13,506,0,17,68,0,85,382,52,144,13,591,200,0,200,791
02/28/2009,OAK,CA,AWP,WE,Towers with Radar,248,27,24,0,299,0,3,91,0,94,248,30,115,0,393,126,0,126,519
03/01/2009,OAK,CA,AWP,WE,Towers with Radar,256,32,37,0,325,0,0,16,0,16,256,32,53,0,341,36,0,36,377
03/02/2009,OAK,CA,AWP,WE,Towers with Radar,310,66,39,0,415,0,1,7,0,8,310,67,46,0,423,0,0,0,423
03/03/2009,OAK,CA,AWP,WE,Towers with Radar,326,71,54,0,451,0,3,7,0,10,326,74,61,0,461,22,0,22,483
03/04/2009,OAK,CA,AWP,WE,Towers with Radar,351,81,58,3,493,0,10,23,3,36,351,91,81,6,529,82,2,84,613
03/05/2009,OAK,CA,AWP,WE,Towers with Radar,354,78,49,12,493,0,5,47,12,64,354,83,96,24,557,194,22,216,773
03/06/2009,OAK,CA,AWP,WE,Towers with Radar,356,76,55,0,487,0,7,53,0,60,356,83,108,0,547,72,0,72,619
03/07/2009,OAK,CA,AWP,WE,Towers with Radar,271,23,25,0,319,0,8,120,2,130,271,31,145,2,449,96,18,114,563
03/08/2009,OAK,CA,AWP,WE,Towers with Radar,270,33,38,3,344,0,1,112,1,114,270,34,150,4,458,264,0,264,722
03/09/2009,OAK,CA,AWP,WE,Towers with Radar,307,63,49,0,419,0,14,47,1,62,307,77,96,1,481,164,8,172,653
03/10/2009,OAK,CA,AWP,WE,Towers with Radar,358,75,54,0,487,0,30,90,0,120,358,105,144,0,607,132,0,132,739
03/11/2009,OAK,CA,AWP,WE,Towers with Radar,350,77,48,0,475,0,19,90,1,110,350,96,138,1,585,168,32,200,785
03/12/2009,OAK,CA,AWP,WE,Towers with Radar,366,67,53,1,487,1,22,95,1,119,367,89,148,2,606,190,30,220,826
03/13/2009,OAK,CA,AWP,WE,Towers with Radar,341,69,52,4,466,0,9,70,4,83,341,78,122,8,549,126,16,142,691
03/14/2009,OAK,CA,AWP,WE,Towers with Radar,250,26,51,4,331,0,3,53,2,58,250,29,104,6,389,156,6,162,551
03/15/2009,OAK,CA,AWP,WE,Towers with Radar,278,33,46,5,362,0,0,17,7,24,278,33,63,12,386,94,0,94,480
03/16/2009,OAK,CA,AWP,WE,Towers with Radar,313,68,52,0,433,0,1,14,1,16,313,69,66,1,449,88,0,88,537
03/17/2009,OAK,CA,AWP,WE,Towers with Radar,373,78,45,4,500,0,6,65,4,75,373,84,110,8,575,176,40,216,791
03/18/2009,OAK,CA,AWP,WE,Towers with Radar,350,66,78,6,500,0,10,85,16,111,350,76,163,22,611,40,44,84,695
03/19/2009,OAK,CA,AWP,WE,Towers with Radar,356,54,72,0,482,0,20,130,1,151,356,74,202,1,633,140,0,140,773
03/20/2009,OAK,CA,AWP,WE,Towers with Radar,343,75,56,1,475,0,12,73,0,85,343,87,129,1,560,84,0,84,644
03/21/2009,OAK,CA,AWP,WE,Towers with Radar,253,23,29,1,306,0,1,26,0,27,253,24,55,1,333,190,0,190,523
03/22/2009,OAK,CA,AWP,WE,Towers with Radar,272,34,35,0,341,0,0,19,0,19,272,34,54,0,360,0,0,0,360
03/23/2009,OAK,CA,AWP,WE,Towers with Radar,325,44,71,0,440,0,17,62,0,79,325,61,133,0,519,82,0,82,601
03/24/2009,OAK,CA,AWP,WE,Towers with Radar,384,59,43,0,486,0,19,83,0,102,384,78,126,0,588,186,0,186,774
03/25/2009,OAK,CA,AWP,WE,Towers with Radar,372,78,55,0,505,0,19,94,0,113,372,97,149,0,618,144,0,144,762
03/26/2009,OAK,CA,AWP,WE,Towers with Radar,352,58,68,2,480,0,20,121,5,146,352,78,189,7,626,144,30,174,800
03/27/2009,OAK,CA,AWP,WE,Towers with Radar,366,65,82,0,513,0,25,165,0,190,366,90,247,0,703,102,0,102,805
03/28/2009,OAK,CA,AWP,WE,Towers with Radar,290,21,42,0,353,0,3,119,0,122,290,24,161,0,475,154,0,154,629
03/29/2009,OAK,CA,AWP,WE,Towers with Radar,286,18,38,0,342,0,0,100,0,100,286,18,138,0,442,164,0,164,606
03/30/2009,OAK,CA,AWP,WE,Towers with Radar,332,44,36,0,412,0,15,61,1,77,332,59,97,1,489,84,0,84,573
03/31/2009,OAK,CA,AWP,WE,Towers with Radar,379,51,27,1,458,0,13,95,9,117,379,64,122,10,575,146,72,218,793
04/01/2009,OAK,CA,AWP,WE,Towers with Radar,349,58,48,0,455,0,12,81,0,93,349,70,129,0,548,408,38,446,994
04/02/2009,OAK,CA,AWP,WE,Towers with Radar,382,61,45,0,488,0,14,58,0,72,382,75,103,0,560,114,0,114,674
04/03/2009,OAK,CA,AWP,WE,Towers with Radar,375,50,50,5,480,0,19,93,5,117,375,69,143,10,597,200,0,200,797
04/04/2009,OAK,CA,AWP,WE,Towers with Radar,278,14,28,0,320,0,5,145,0,150,278,19,173,0,470,214,0,214,684
04/05/2009,OAK,CA,AWP,WE,Towers with Radar,290,24,38,0,352,0,2,103,0,105,290,26,141,0,457,108,28,136,593
04/06/2009,OAK,CA,AWP,WE,Towers with Radar,337,38,52,0,427,0,24,68,1,93,337,62,120,1,520,198,10,208,728
04/07/2009,OAK,CA,AWP,WE,Towers with Radar,370,61,38,0,469,0,13,24,3,40,370,74,62,3,509,70,42,112,621
04/08/2009,OAK,CA,AWP,WE,Towers with Radar,360,64,41,0,465,0,4,49,0,53,360,68,90,0,518,220,0,220,738
04/09/2009,OAK,CA,AWP,WE,Towers with Radar,380,69,68,2,519,0,4,12,4,20,380,73,80,6,539,66,46,112,651
04/10/2009,OAK,CA,AWP,WE,Towers with Radar,351,74,37,0,462,0,9,34,0,43,351,83,71,0,505,230,0,230,735
04/11/2009,OAK,CA,AWP,WE,Towers with Radar,294,22,31,0,347,0,1,109,0,110,294,23,140,0,457,184,0,184,641
04/12/2009,OAK,CA,AWP,WE,Towers with Radar,301,17,39,0,357,0,0,89,0,89,301,17,128,0,446,112,0,112,558
04/13/2009,OAK,CA,AWP,WE,Towers with Radar,334,47,64,2,447,0,18,73,5,96,334,65,137,7,543,66,52,118,661
04/14/2009,OAK,CA,AWP,WE,Towers with Radar,366,59,36,0,461,0,11,29,0,40,366,70,65,0,501,18,0,18,519
04/15/2009,OAK,CA,AWP,WE,Towers with Radar,362,59,55,0,476,0,14,64,1,79,362,73,119,1,555,96,24,120,675
04/16/2009,OAK,CA,AWP,WE,Towers with Radar,366,65,86,0,517,0,20,110,0,130,366,85,196,0,647,234,0,234,881
04/17/2009,OAK,CA,AWP,WE,Towers with Radar,340,40,37,0,417,0,17,100,1,118,340,57,137,1,535,122,8,130,665
04/18/2009,OAK,CA,AWP,WE,Towers with Radar,273,22,66,0,361,0,108,6,0,114,273,130,72,0,475,232,0,232,707
04/19/2009,OAK,CA,AWP,WE,Towers with Radar,271,31,55,0,357,0,4,134,0,138,271,35,189,0,495,198,0,198,693
04/20/2009,OAK,CA,AWP,WE,Towers with Radar,312,39,67,4,422,0,25,86,6,117,312,64,153,10,539,66,48,114,653
04/21/2009,OAK,CA,AWP,WE,Towers with Radar,338,50,62,1,451,0,12,103,4,119,338,62,165,5,570,60,102,162,732
04/22/2009,OAK,CA,AWP,WE,Towers with Radar,342,51,64,10,467,0,14,90,6,110,342,65,154,16,577,84,52,136,713
04/23/2009,OAK,CA,AWP,WE,Towers with Radar,359,49,53,1,462,0,8,67,2,77,359,57,120,3,539,172,70,242,781
04/24/2009,OAK,CA,AWP,WE,Towers with Radar,357,58,57,0,472,0,9,41,5,55,357,67,98,5,527,26,48,74,601
04/25/2009,OAK,CA,AWP,WE,Towers with Radar,261,23,41,1,326,0,1,102,1,104,261,24,143,2,430,184,0,184,614
04/26/2009,OAK,CA,AWP,WE,Towers with Radar,292,24,45,0,361,0,4,78,1,83,292,28,123,1,444,168,0,168,612
04/27/2009,OAK,CA,AWP,WE,Towers with Radar,327,56,58,0,441,0,13,28,3,44,327,69,86,3,485,96,62,158,643
04/28/2009,OAK,CA,AWP,WE,Towers with Radar,347,61,51,0,459,0,10,57,0,67,347,71,108,0,526,198,0,198,724
04/29/2009,OAK,CA,AWP,WE,Towers with Radar,344,74,67,0,485,0,23,124,4,151,344,97,191,4,636,238,80,318,954
04/30/2009,OAK,CA,AWP,WE,Towers with Radar,358,62,61,1,482,0,22,109,1,132,358,84,170,2,614,174,84,258,872
05/01/2009,OAK,CA,AWP,WE,Towers with Radar,347,116,42,3,508,1,43,37,0,81,348,159,79,3,589,52,60,112,701
05/02/2009,OAK,CA,AWP,WE,Towers with Radar,268,9,35,0,312,0,9,38,0,47,268,18,73,0,359,72,0,72,431
05/03/2009,OAK,CA,AWP,WE,Towers with Radar,303,33,49,0,385,0,0,11,0,11,303,33,60,0,396,52,0,52,448
05/04/2009,OAK,CA,AWP,WE,Towers with Radar,321,60,63,0,444,0,1,26,2,29,321,61,89,2,473,192,28,220,693
05/05/2009,OAK,CA,AWP,WE,Towers with Radar,361,84,53,0,498,0,3,33,1,37,361,87,86,1,535,136,14,150,685
05/06/2009,OAK,CA,AWP,WE,Towers with Radar,350,77,69,0,496,0,4,36,0,40,350,81,105,0,536,198,0,198,734
05/07/2009,OAK,CA,AWP,WE,Towers with Radar,368,58,50,1,477,0,14,102,1,117,368,72,152,2,594,140,0,140,734
05/08/2009,OAK,CA,AWP,WE,Towers with Radar,360,57,45,0,462,0,24,110,0,134,360,81,155,0,596,220,0,220,816
05/09/2009,OAK,CA,AWP,WE,Towers with Radar,265,26,34,0,325,0,7,161,0,168,265,33,195,0,493,78,0,78,571
05/10/2009,OAK,CA,AWP,WE,Towers with Radar,293,18,39,0,350,0,0,115,0,115,293,18,154,0,465,206,0,206,671
05/11/2009,OAK,CA,AWP,WE,Towers with Radar,322,35,42,0,399,0,19,82,0,101,322,54,124,0,500,224,36,260,760
05/12/2009,OAK,CA,AWP,WE,Towers with Radar,376,48,54,3,481,0,19,91,4,114,376,67,145,7,595,126,0,126,721
05/13/2009,OAK,CA,AWP,WE,Towers with Radar,356,52,56,3,467,5,22,123,0,150,361,74,179,3,617,110,0,110,727
05/14/2009,OAK,CA,AWP,WE,Towers with Radar,372,58,70,0,500,0,23,103,0,126,372,81,173,0,626,138,0,138,764
05/15/2009,OAK,CA,AWP,WE,Towers with Radar,364,58,56,1,479,0,8,92,2,102,364,66,148,3,581,114,2,116,697
05/16/2009,OAK,CA,AWP,WE,Towers with Radar,279,31,21,0,331,0,2,188,0,190,279,33,209,0,521,210,0,210,731
05/17/2009,OAK,CA,AWP,WE,Towers with Radar,288,29,48,0,365,0,0,111,0,111,288,29,159,0,476,58,0,58,534
05/18/2009,OAK,CA,AWP,WE,Towers with Radar,326,57,42,0,425,0,20,89,0,109,326,77,131,0,534,114,0,114,648
05/19/2009,OAK,CA,AWP,WE,Towers with Radar,339,71,72,0,482,0,17,70,0,87,339,88,142,0,569,180,8,188,757
05/20/2009,OAK,CA,AWP,WE,Towers with Radar,340,68,51,0,459,0,18,119,0,137,340,86,170,0,596,144,0,144,740
05/21/2009,OAK,CA,AWP,WE,Towers with Radar,378,59,47,0,484,0,23,123,0,146,378,82,170,0,630,80,0,80,710
05/22/2009,OAK,CA,AWP,WE,Towers with Radar,353,69,64,0,486,0,9,94,0,103,353,78,158,0,589,56,0,56,645
05/23/2009,OAK,CA,AWP,WE,Towers with Radar,270,16,51,0,337,0,1,25,14,40,270,17,76,14,377,6,0,6,383
05/24/2009,OAK,CA,AWP,WE,Towers with Radar,238,10,47,0,295,0,0,16,0,16,238,10,63,0,311,36,0,36,347
05/25/2009,OAK,CA,AWP,WE,Towers with Radar,273,30,45,0,348,0,0,80,0,80,273,30,125,0,428,160,0,160,588
05/26/2009,OAK,CA,AWP,WE,Towers with Radar,355,45,67,0,467,0,20,110,12,142,355,65,177,12,609,202,94,296,905
05/27/2009,OAK,CA,AWP,WE,Towers with Radar,355,52,56,4,467,0,17,92,0,109,355,69,148,4,576,168,4,172,748
05/28/2009,OAK,CA,AWP,WE,Towers with Radar,358,62,69,0,489,0,13,72,1,86,358,75,141,1,575,146,20,166,741
05/29/2009,OAK,CA,AWP,WE,Towers with Radar,364,56,48,0,468,0,9,74,0,83,364,65,122,0,551,128,0,128,679
05/30/2009,OAK,CA,AWP,WE,Towers with Radar,259,19,41,0,319,0,0,54,0,54,259,19,95,0,373,260,0,260,633
05/31/2009,OAK,CA,AWP,WE,Towers with Radar,285,28,66,0,379,0,0,48,0,48,285,28,114,0,427,218,0,218,645
06/01/2009,OAK,CA,AWP,WE,Towers with Radar,326,50,78,0,454,0,4,23,0,27,326,54,101,0,481,72,0,72,553
06/02/2009,OAK,CA,AWP,WE,Towers with Radar,355,50,42,1,448,0,9,39,3,51,355,59,81,4,499,74,32,106,605
06/03/2009,OAK,CA,AWP,WE,Towers with Radar,353,61,32,0,446,0,14,44,0,58,353,75,76,0,504,180,0,180,684
06/04/2009,OAK,CA,AWP,WE,Towers with Radar,363,63,57,0,483,0,9,48,3,60,363,72,105,3,543,114,0,114,657
06/05/2009,OAK,CA,AWP,WE,Towers with Radar,355,54,44,0,453,0,11,51,0,62,355,65,95,0,515,182,0,182,697
06/06/2009,OAK,CA,AWP,WE,Towers with Radar,261,21,36,1,319,1,0,86,0,87,262,21,122,1,406,138,0,138,544
06/07/2009,OAK,CA,AWP,WE,Towers with Radar,283,20,49,0,352,0,0,94,0,94,283,20,143,0,446,148,0,148,594
06/08/2009,OAK,CA,AWP,WE,Towers with Radar,323,46,56,2,427,0,10,39,4,53,323,56,95,6,480,188,12,200,680
06/09/2009,OAK,CA,AWP,WE,Towers with Radar,352,72,50,0,474,0,0,23,3,26,352,72,73,3,500,226,0,226,726
06/10/2009,OAK,CA,AWP,WE,Towers with Radar,364,71,67,0,502,0,5,40,7,52,364,76,107,7,554,176,0,176,730
06/11/2009,OAK,CA,AWP,WE,Towers with Radar,358,71,75,1,505,0,9,27,4,40,358,80,102,5,545,154,0,154,699
06/12/2009,OAK,CA,AWP,WE,Towers with Radar,362,63,89,0,514,0,7,62,1,70,362,70,151,1,584,200,0,200,784
06/13/2009,OAK,CA,AWP,WE,Towers with Radar,267,24,39,0,330,0,0,69,0,69,267,24,108,0,399,194,0,194,593
06/14/2009,OAK,CA,AWP,WE,Towers with Radar,278,23,51,1,353,0,0,101,2,103,278,23,152,3,456,118,30,148,604
06/15/2009,OAK,CA,AWP,WE,Towers with Radar,333,52,59,0,444,0,24,65,5,94,333,76,124,5,538,118,20,138,676
06/16/2009,OAK,CA,AWP,WE,Towers with Radar,363,72,61,0,496,0,10,42,3,55,363,82,103,3,551,58,0,58,609
06/17/2009,OAK,CA,AWP,WE,Towers with Radar,365,66,90,0,521,0,9,26,0,35,365,75,116,0,556,140,2,142,698
06/18/2009,OAK,CA,AWP,WE,Towers with Radar,364,60,55,1,480,0,13,124,2,139,364,73,179,3,619,196,32,228,847
06/19/2009,OAK,CA,AWP,WE,Towers with Radar,354,59,53,0,466,0,17,96,0,113,354,76,149,0,579,104,0,104,683
06/20/2009,OAK,CA,AWP,WE,Towers with Radar,271,24,33,0,328,0,4,66,1,71,271,28,99,1,399,38,0,38,437
06/21/2009,OAK,CA,AWP,WE,Towers with Radar,287,33,47,0,367,0,2,125,4,131,287,35,172,4,498,84,0,84,582
06/22/2009,OAK,CA,AWP,WE,Towers with Radar,333,36,47,6,422,0,21,70,2,93,333,57,117,8,515,176,2,178,693
06/23/2009,OAK,CA,AWP,WE,Towers with Radar,349,51,48,2,450,0,23,84,3,110,349,74,132,5,560,140,0,140,700
06/24/2009,OAK,CA,AWP,WE,Towers with Radar,363,64,53,0,480,0,24,74,9,107,363,88,127,9,587,194,62,256,843
06/25/2009,OAK,CA,AWP,WE,Towers with Radar,366,66,46,4,482,0,13,73,5,91,366,79,119,9,573,62,8,70,643
06/26/2009,OAK,CA,AWP,WE,Towers with Radar,363,63,55,2,483,0,15,59,5,79,363,78,114,7,562,166,8,174,736
06/27/2009,OAK,CA,AWP,WE,Towers with Radar,268,23,44,0,335,0,2,121,0,123,268,25,165,0,458,160,0,160,618
06/28/2009,OAK,CA,AWP,WE,Towers with Radar,280,25,51,0,356,0,0,90,0,90,280,25,141,0,446,20,0,20,466
06/29/2009,OAK,CA,AWP,WE,Towers with Radar,329,41,33,0,403,0,20,65,0,85,329,61,98,0,488,112,0,112,600
06/30/2009,OAK,CA,AWP,WE,Towers with Radar,355,62,36,0,453,0,19,68,2,89,355,81,104,2,542,192,32,224,766
07/01/2009,OAK,CA,AWP,WE,Towers with Radar,353,66,44,1,464,0,13,64,0,77,353,79,108,1,541,116,0,116,657
07/02/2009,OAK,CA,AWP,WE,Towers with Radar,361,78,52,0,491,0,11,76,3,90,361,89,128,3,581,202,0,202,783
07/03/2009,OAK,CA,AWP,WE,Towers with Radar,347,66,37,1,451,0,10,74,0,84,347,76,111,1,535,160,0,160,695
07/04/2009,OAK,CA,AWP,WE,Towers with Radar,194,21,24,2,241,0,1,44,1,46,194,22,68,3,287,128,0,128,415
07/05/2009,OAK,CA,AWP,WE,Towers with Radar,291,22,39,0,352,0,0,50,0,50,291,22,89,0,402,66,0,66,468
07/06/2009,OAK,CA,AWP,WE,Towers with Radar,333,45,51,0,429,0,18,52,2,72,333,63,103,2,501,56,20,76,577
07/07/2009,OAK,CA,AWP,WE,Towers with Radar,349,68,54,0,471,0,13,36,4,53,349,81,90,4,524,116,34,150,674
07/08/2009,OAK,CA,AWP,WE,Towers with Radar,359,45,35,6,445,0,29,58,1,88,359,74,93,7,533,74,0,74,607
07/09/2009,OAK,CA,AWP,WE,Towers with Radar,356,59,53,0,468,0,16,70,1,87,356,75,123,1,555,80,0,80,635
07/10/2009,OAK,CA,AWP,WE,Towers with Radar,350,59,49,2,460,0,13,86,2,101,350,72,135,4,561,96,0,96,657
07/11/2009,OAK,CA,AWP,WE,Towers with Radar,260,25,27,0,312,0,6,74,1,81,260,31,101,1,393,138,0,138,531
07/12/2009,OAK,CA,AWP,WE,Towers with Radar,283,26,39,1,349,1,2,111,1,115,284,28,150,2,464,140,0,140,604
07/13/2009,OAK,CA,AWP,WE,Towers with Radar,326,35,31,0,392,0,22,62,0,84,326,57,93,0,476,84,0,84,560
07/14/2009,OAK,CA,AWP,WE,Towers with Radar,350,49,48,0,447,0,20,85,2,107,350,69,133,2,554,80,30,110,664
07/15/2009,OAK,CA,AWP,WE,Towers with Radar,350,57,52,1,460,0,20,63,1,84,350,77,115,2,544,208,0,208,752
07/16/2009,OAK,CA,AWP,WE,Towers with Radar,366,56,71,0,493,0,14,67,4,85,366,70,138,4,578,114,0,114,692
07/17/2009,OAK,CA,AWP,WE,Towers with Radar,359,57,38,0,454,0,15,86,3,104,359,72,124,3,558,140,0,140,698
07/18/2009,OAK,CA,AWP,WE,Towers with Radar,262,28,30,0,320,0,4,94,0,98,262,32,124,0,418,124,0,124,542
07/19/2009,OAK,CA,AWP,WE,Towers with Radar,285,32,39,0,356,0,0,113,1,114,285,32,152,1,470,250,0,250,720
07/20/2009,OAK,CA,AWP,WE,Towers with Radar,326,51,51,1,429,0,8,50,3,61,326,59,101,4,490,158,0,158,648
07/21/2009,OAK,CA,AWP,WE,Towers with Radar,361,74,65,0,500,1,6,40,0,47,362,80,105,0,547,18,0,18,565
07/22/2009,OAK,CA,AWP,WE,Towers with Radar,350,83,65,0,498,0,4,37,2,43,350,87,102,2,541,142,0,142,683
07/23/2009,OAK,CA,AWP,WE,Towers with Radar,364,77,70,0,511,0,9,71,0,80,364,86,141,0,591,96,0,96,687
07/24/2009,OAK,CA,AWP,WE,Towers with Radar,360,79,65,2,506,0,3,61,0,64,360,82,126,2,570,168,0,168,738
07/25/2009,OAK,CA,AWP,WE,Towers with Radar,268,24,56,0,348,0,1,92,0,93,268,25,148,0,441,118,0,118,559
07/26/2009,OAK,CA,AWP,WE,Towers with Radar,283,25,66,0,374,0,0,101,0,101,283,25,167,0,475,134,0,134,609
07/27/2009,OAK,CA,AWP,WE,Towers with Radar,332,55,56,2,445,0,14,72,0,86,332,69,128,2,531,50,2,52,583
07/28/2009,OAK,CA,AWP,WE,Towers with Radar,355,70,77,0,502,0,3,51,1,55,355,73,128,1,557,230,0,230,787
07/29/2009,OAK,CA,AWP,WE,Towers with Radar,343,85,77,3,508,0,5,37,4,46,343,90,114,7,554,178,0,178,732
07/30/2009,OAK,CA,AWP,WE,Towers with Radar,369,75,69,1,514,0,3,46,3,52,369,78,115,4,566,58,0,58,624
07/31/2009,OAK,CA,AWP,WE,Towers with Radar,357,74,65,2,498,0,14,78,2,94,357,88,143,4,592,115,0,115,707
08/01/2009,OAK,CA,AWP,WE,Towers with Radar,268,29,41,0,338,0,0,77,2,79,268,29,118,2,417,115,0,115,532
08/02/2009,OAK,CA,AWP,WE,Towers with Radar,292,28,44,0,364,0,5,51,2,58,292,33,95,2,422,102,0,102,524
08/03/2009,OAK,CA,AWP,WE,Towers with Radar,334,53,62,1,450,0,14,54,3,71,334,67,116,4,521,80,32,112,633
08/04/2009,OAK,CA,AWP,WE,Towers with Radar,348,70,41,0,459,0,17,93,0,110,348,87,134,0,569,170,0,170,739
08/05/2009,OAK,CA,AWP,WE,Towers with Radar,354,76,58,1,489,0,12,59,9,80,354,88,117,10,569,212,46,258,827
08/06/2009,OAK,CA,AWP,WE,Towers with Radar,362,81,48,1,492,0,11,74,0,85,362,92,122,1,577,128,6,134,711
08/07/2009,OAK,CA,AWP,WE,Towers with Radar,357,74,56,1,488,0,10,97,3,110,357,84,153,4,598,50,16,66,664
08/08/2009,OAK,CA,AWP,WE,Towers with Radar,266,22,34,0,322,0,3,125,4,132,266,25,159,4,454,150,0,150,604
08/09/2009,OAK,CA,AWP,WE,Towers with Radar,283,30,48,2,363,0,1,110,1,112,283,31,158,3,475,216,0,216,691
08/10/2009,OAK,CA,AWP,WE,Towers with Radar,331,45,41,5,422,0,14,79,8,101,331,59,120,13,523,114,0,114,637
08/11/2009,OAK,CA,AWP,WE,Towers with Radar,352,72,54,0,478,0,13,75,3,91,352,85,129,3,569,84,0,84,653
08/12/2009,OAK,CA,AWP,WE,Towers with Radar,357,65,45,6,473,1,13,84,3,101,358,78,129,9,574,254,24,278,852
08/13/2009,OAK,CA,AWP,WE,Towers with Radar,367,63,54,0,484,0,23,81,4,108,367,86,135,4,592,84,14,98,690
08/14/2009,OAK,CA,AWP,WE,Towers with Radar,353,54,53,0,460,0,20,85,7,112,353,74,138,7,572,82,12,94,666
08/15/2009,OAK,CA,AWP,WE,Towers with Radar,268,23,26,0,317,0,2,72,4,78,268,25,98,4,395,88,0,88,483
08/16/2009,OAK,CA,AWP,WE,Towers with Radar,266,26,40,0,332,0,0,86,3,89,266,26,126,3,421,26,0,26,447
08/17/2009,OAK,CA,AWP,WE,Towers with Radar,324,58,62,0,444,0,13,51,0,64,324,71,113,0,508,44,0,44,552
08/18/2009,OAK,CA,AWP,WE,Towers with Radar,344,67,51,0,462,0,10,37,0,47,344,77,88,0,509,90,0,90,599
08/19/2009,OAK,CA,AWP,WE,Towers with Radar,355,66,51,3,475,0,10,57,1,68,355,76,108,4,543,172,0,172,715
08/20/2009,OAK,CA,AWP,WE,Towers with Radar,357,68,57,6,488,0,11,50,6,67,357,79,107,12,555,242,0,242,797
08/21/2009,OAK,CA,AWP,WE,Towers with Radar,348,63,45,0,456,0,12,90,9,111,348,75,135,9,567,72,0,72,639
08/22/2009,OAK,CA,AWP,WE,Towers with Radar,253,28,26,4,311,0,2,102,7,111,253,30,128,11,422,203,0,203,625
08/23/2009,OAK,CA,AWP,WE,Towers with Radar,271,26,52,0,349,0,0,70,0,70,271,26,122,0,419,61,0,61,480
08/24/2009,OAK,CA,AWP,WE,Towers with Radar,331,47,32,6,416,0,17,63,11,91,331,64,95,17,507,82,26,108,615
08/25/2009,OAK,CA,AWP,WE,Towers with Radar,353,57,69,1,480,0,13,67,0,80,353,70,136,1,560,158,0,158,718
08/26/2009,OAK,CA,AWP,WE,Towers with Radar,351,54,54,0,459,0,21,91,5,117,351,75,145,5,576,326,0,326,902
08/27/2009,OAK,CA,AWP,WE,Towers with Radar,361,69,46,0,476,0,17,91,2,110,361,86,137,2,586,96,0,96,682
08/28/2009,OAK,CA,AWP,WE,Towers with Radar,343,56,43,1,443,0,18,100,4,122,343,74,143,5,565,32,4,36,601
08/29/2009,OAK,CA,AWP,WE,Towers with Radar,253,19,29,2,303,0,3,98,5,106,253,22,127,7,409,100,0,100,509
08/30/2009,OAK,CA,AWP,WE,Towers with Radar,269,28,50,0,347,0,2,64,2,68,269,30,114,2,415,54,0,54,469
08/31/2009,OAK,CA,AWP,WE,Towers with Radar,322,60,57,7,446,0,11,45,2,58,322,71,102,9,504,164,34,198,702
09/01/2009,OAK,CA,AWP,WE,Towers with Radar,351,62,40,2,455,0,16,57,0,73,351,78,97,2,528,65,0,65,593
09/02/2009,OAK,CA,AWP,WE,Towers with Radar,350,58,29,1,438,0,23,78,4,105,350,81,107,5,543,162,0,162,705
09/03/2009,OAK,CA,AWP,WE,Towers with Radar,354,55,49,3,461,0,24,126,1,151,354,79,175,4,612,274,0,274,886
09/04/2009,OAK,CA,AWP,WE,Towers with Radar,357,54,55,0,466,0,12,102,0,114,357,66,157,0,580,129,0,129,709
09/05/2009,OAK,CA,AWP,WE,Towers with Radar,247,19,26,0,292,0,0,51,0,51,247,19,77,0,343,26,0,26,369
09/06/2009,OAK,CA,AWP,WE,Towers with Radar,223,8,16,0,247,0,0,83,0,83,223,8,99,0,330,62,0,62,392
09/07/2009,OAK,CA,AWP,WE,Towers with Radar,282,19,44,0,345,0,1,116,0,117,282,20,160,0,462,100,0,100,562
09/08/2009,OAK,CA,AWP,WE,Towers with Radar,316,37,38,0,391,0,24,87,2,113,316,61,125,2,504,104,0,104,608
09/09/2009,OAK,CA,AWP,WE,Towers with Radar,345,55,56,3,459,0,16,109,17,142,345,71,165,20,601,120,24,144,745
09/10/2009,OAK,CA,AWP,WE,Towers with Radar,358,53,47,0,458,0,25,81,8,114,358,78,128,8,572,86,56,142,714
09/11/2009,OAK,CA,AWP,WE,Towers with Radar,355,51,58,1,465,0,20,116,1,137,355,71,174,2,602,224,0,224,826
09/12/2009,OAK,CA,AWP,WE,Towers with Radar,250,28,46,0,324,0,2,7,2,11,250,30,53,2,335,26,0,26,361
09/13/2009,OAK,CA,AWP,WE,Towers with Radar,270,26,74,4,374,1,1,81,3,86,271,27,155,7,460,168,0,168,628
09/14/2009,OAK,CA,AWP,WE,Towers with Radar,324,54,84,2,464,0,9,52,2,63,324,63,136,4,527,54,0,54,581
09/15/2009,OAK,CA,AWP,WE,Towers with Radar,340,61,53,2,456,0,15,114,0,129,340,76,167,2,585,58,0,58,643
09/16/2009,OAK,CA,AWP,WE,Towers with Radar,342,65,54,0,461,0,13,80,4,97,342,78,134,4,558,138,0,138,696
09/17/2009,OAK,CA,AWP,WE,Towers with Radar,359,62,99,2,522,0,15,79,8,102,359,77,178,10,624,124,20,144,768
09/18/2009,OAK,CA,AWP,WE,Towers with Radar,361,52,71,0,484,0,22,118,3,143,361,74,189,3,627,130,58,188,815
09/19/2009,OAK,CA,AWP,WE,Towers with Radar,254,18,38,0,310,0,1,96,3,100,254,19,134,3,410,120,0,120,530
09/20/2009,OAK,CA,AWP,WE,Towers with Radar,270,37,45,0,352,0,1,131,4,136,270,38,176,4,488,72,20,92,580
09/21/2009,OAK,CA,AWP,WE,Towers with Radar,322,44,45,1,412,0,15,65,1,81,322,59,110,2,493,116,0,116,609
09/22/2009,OAK,CA,AWP,WE,Towers with Radar,338,55,42,2,437,0,21,94,3,118,338,76,136,5,555,192,28,220,775
09/23/2009,OAK,CA,AWP,WE,Towers with Radar,344,57,70,2,473,0,20,93,7,120,344,77,163,9,593,186,26,212,805
09/24/2009,OAK,CA,AWP,WE,Towers with Radar,363,61,61,1,486,0,14,58,0,72,363,75,119,1,558,194,0,194,752
09/25/2009,OAK,CA,AWP,WE,Towers with Radar,358,60,53,0,471,0,14,107,0,121,358,74,160,0,592,121,0,121,713
09/26/2009,OAK,CA,AWP,WE,Towers with Radar,251,20,38,0,309,0,1,122,3,126,251,21,160,3,435,70,0,70,505
09/27/2009,OAK,CA,AWP,WE,Towers with Radar,275,26,49,0,350,0,0,138,0,138,275,26,187,0,488,170,0,170,658
09/28/2009,OAK,CA,AWP,WE,Towers with Radar,328,51,54,1,434,0,11,50,3,64,328,62,104,4,498,184,34,218,716
09/29/2009,OAK,CA,AWP,WE,Towers with Radar,341,59,46,2,448,0,12,48,6,66,341,71,94,8,514,54,8,62,576
09/30/2009,OAK,CA,AWP,WE,Towers with Radar,348,55,40,0,443,0,19,84,2,105,348,74,124,2,548,122,0,122,670
10/01/2009,OAK,CA,AWP,WE,Towers with Radar,364,54,53,2,473,0,15,105,2,122,364,69,158,4,595,142,4,146,741
10/02/2009,OAK,CA,AWP,WE,Towers with Radar,368,46,67,2,483,0,20,115,21,156,368,66,182,23,639,166,8,174,813
10/03/2009,OAK,CA,AWP,WE,Towers with Radar,255,27,54,2,338,0,2,77,3,82,255,29,131,5,420,94,0,94,514
10/04/2009,OAK,CA,AWP,WE,Towers with Radar,271,30,51,0,352,0,0,84,2,86,271,30,135,2,438,208,0,208,646
10/05/2009,OAK,CA,AWP,WE,Towers with Radar,331,35,44,7,417,0,18,81,7,106,331,53,125,14,523,190,10,200,723
10/06/2009,OAK,CA,AWP,WE,Towers with Radar,341,52,58,11,462,0,18,92,4,114,341,70,150,15,576,174,26,200,776
10/07/2009,OAK,CA,AWP,WE,Towers with Radar,346,66,66,0,478,0,19,102,1,122,346,85,168,1,600,214,0,214,814
10/08/2009,OAK,CA,AWP,WE,Towers with Radar,366,59,71,7,503,0,14,92,10,116,366,73,163,17,619,194,6,200,819
10/09/2009,OAK,CA,AWP,WE,Towers with Radar,360,62,80,0,502,0,13,125,4,142,360,75,205,4,644,202,0,202,846
10/10/2009,OAK,CA,AWP,WE,Towers with Radar,251,23,44,0,318,0,3,114,7,124,251,26,158,7,442,80,0,80,522
10/11/2009,OAK,CA,AWP,WE,Towers with Radar,271,46,70,1,388,0,0,46,10,56,271,46,116,11,444,136,0,136,580
10/12/2009,OAK,CA,AWP,WE,Towers with Radar,326,37,58,3,424,0,6,40,4,50,326,43,98,7,474,376,4,380,854
10/13/2009,OAK,CA,AWP,WE,Towers with Radar,343,68,18,0,429,0,1,1,1,3,343,69,19,1,432,0,0,0,432
10/14/2009,OAK,CA,AWP,WE,Towers with Radar,355,77,73,1,506,0,5,33,7,45,355,82,106,8,551,138,0,138,689
10/15/2009,OAK,CA,AWP,WE,Towers with Radar,365,61,64,1,491,0,2,46,1,49,365,63,110,2,540,168,0,168,708
10/16/2009,OAK,CA,AWP,WE,Towers with Radar,359,44,49,37,489,0,10,69,36,115,359,54,118,73,604,104,0,104,708
10/17/2009,OAK,CA,AWP,WE,Towers with Radar,248,21,38,1,308,0,1,91,0,92,248,22,129,1,400,226,0,226,626
10/18/2009,OAK,CA,AWP,WE,Towers with Radar,276,24,61,0,361,0,0,41,2,43,276,24,102,2,404,296,10,306,710
10/19/2009,OAK,CA,AWP,WE,Towers with Radar,324,64,63,1,452,0,4,8,0,12,324,68,71,1,464,70,0,70,534
10/20/2009,OAK,CA,AWP,WE,Towers with Radar,340,62,66,1,469,0,10,65,3,78,340,72,131,4,547,126,0,126,673
10/21/2009,OAK,CA,AWP,WE,Towers with Radar,353,64,68,8,493,0,7,75,3,85,353,71,143,11,578,148,0,148,726
10/22/2009,OAK,CA,AWP,WE,Towers with Radar,364,69,62,2,497,0,11,53,5,69,364,80,115,7,566,178,14,192,758
10/23/2009,OAK,CA,AWP,WE,Towers with Radar,363,60,62,3,488,0,17,104,0,121,363,77,166,3,609,162,10,172,781
10/24/2009,OAK,CA,AWP,WE,Towers with Radar,252,20,24,0,296,0,1,117,0,118,252,21,141,0,414,146,0,146,560
10/25/2009,OAK,CA,AWP,WE,Towers with Radar,271,25,48,0,344,0,0,158,2,160,271,25,206,2,504,160,0,160,664
10/26/2009,OAK,CA,AWP,WE,Towers with Radar,322,46,42,0,410,0,18,62,3,83,322,64,104,3,493,118,20,138,631
10/27/2009,OAK,CA,AWP,WE,Towers with Radar,345,60,51,13,469,0,16,52,6,74,345,76,103,19,543,26,38,64,607
10/28/2009,OAK,CA,AWP,WE,Towers with Radar,340,64,45,5,454,0,11,56,4,71,340,75,101,9,525,156,32,188,713
10/29/2009,OAK,CA,AWP,WE,Towers with Radar,351,48,39,5,443,0,15,99,3,117,351,63,138,8,560,190,0,190,750
10/30/2009,OAK,CA,AWP,WE,Towers with Radar,364,55,44,0,463,0,19,112,5,136,364,74,156,5,599,122,0,122,721
10/31/2009,OAK,CA,AWP,WE,Towers with Radar,255,16,36,2,309,0,1,67,5,73,255,17,103,7,382,80,0,80,462
11/01/2009,OAK,CA,AWP,WE,Towers with Radar,290,18,19,1,328,0,0,104,3,107,290,18,123,4,435,100,0,100,535
11/02/2009,OAK,CA,AWP,WE,Towers with Radar,320,48,36,2,406,0,15,72,1,88,320,63,108,3,494,96,24,120,614
11/03/2009,OAK,CA,AWP,WE,Towers with Radar,337,57,53,0,447,0,11,109,2,122,337,68,162,2,569,106,0,106,675
11/04/2009,OAK,CA,AWP,WE,Towers with Radar,341,72,45,1,459,0,11,71,0,82,341,83,116,1,541,116,0,116,657
11/05/2009,OAK,CA,AWP,WE,Towers with Radar,340,81,59,0,480,0,6,40,1,47,340,87,99,1,527,118,0,118,645
11/06/2009,OAK,CA,AWP,WE,Towers with Radar,347,79,73,2,501,0,2,15,0,17,347,81,88,2,518,104,0,104,622
11/07/2009,OAK,CA,AWP,WE,Towers with Radar,248,19,17,1,285,0,0,126,1,127,248,19,143,2,412,174,0,174,586
11/08/2009,OAK,CA,AWP,WE,Towers with Radar,284,18,48,0,350,0,2,101,0,103,284,20,149,0,453,68,0,68,521
11/09/2009,OAK,CA,AWP,WE,Towers with Radar,323,55,42,0,420,0,17,74,3,94,323,72,116,3,514,140,40,180,694
11/10/2009,OAK,CA,AWP,WE,Towers with Radar,337,66,50,0,453,0,8,78,2,88,337,74,128,2,541,96,0,96,637
11/11/2009,OAK,CA,AWP,WE,Towers with Radar,342,45,49,0,436,0,4,67,3,74,342,49,116,3,510,82,14,96,606
11/12/2009,OAK,CA,AWP,WE,Towers with Radar,359,61,45,4,469,0,11,52,9,72,359,72,97,13,541,62,18,80,621
11/13/2009,OAK,CA,AWP,WE,Towers with Radar,348,55,57,0,460,0,16,79,6,101,348,71,136,6,561,85,14,99,660
11/14/2009,OAK,CA,AWP,WE,Towers with Radar,250,26,42,0,318,0,1,81,1,83,250,27,123,1,401,40,0,40,441
11/15/2009,OAK,CA,AWP,WE,Towers with Radar,287,20,48,0,355,0,0,131,3,134,287,20,179,3,489,162,0,162,651
11/16/2009,OAK,CA,AWP,WE,Towers with Radar,322,44,49,20,435,0,18,71,17,106,322,62,120,37,541,122,0,122,663
11/17/2009,OAK,CA,AWP,WE,Towers with Radar,336,59,53,0,448,0,7,51,2,60,336,66,104,2,508,68,6,74,582
11/18/2009,OAK,CA,AWP,WE,Towers with Radar,344,65,41,0,450,0,13,79,1,93,344,78,120,1,543,168,0,168,711
11/19/2009,OAK,CA,AWP,WE,Towers with Radar,353,76,72,0,501,0,14,88,2,104,353,90,160,2,605,136,0,136,741
11/20/2009,OAK,CA,AWP,WE,Towers with Radar,342,86,66,11,505,0,2,13,6,21,342,88,79,17,526,39,16,55,581
11/21/2009,OAK,CA,AWP,WE,Towers with Radar,249,20,50,0,319,0,0,121,0,121,249,20,171,0,440,164,0,164,604
11/22/2009,OAK,CA,AWP,WE,Towers with Radar,283,22,63,4,372,0,0,50,5,55,283,22,113,9,427,226,0,226,653
11/23/2009,OAK,CA,AWP,WE,Towers with Radar,331,44,47,1,423,0,14,79,2,95,331,58,126,3,518,126,2,128,646
11/24/2009,OAK,CA,AWP,WE,Towers with Radar,365,66,65,6,502,0,11,96,6,113,365,77,161,12,615,62,2,64,679
11/25/2009,OAK,CA,AWP,WE,Towers with Radar,360,73,55,0,488,0,17,115,0,132,360,90,170,0,620,110,0,110,730
11/26/2009,OAK,CA,AWP,WE,Towers with Radar,211,19,13,0,243,0,0,50,0,50,211,19,63,0,293,14,0,14,307
11/27/2009,OAK,CA,AWP,WE,Towers with Radar,280,48,31,0,359,0,5,6,0,11,280,53,37,0,370,53,0,53,423
11/28/2009,OAK,CA,AWP,WE,Towers with Radar,298,26,43,3,370,0,0,23,7,30,298,26,66,10,400,42,0,42,442
11/29/2009,OAK,CA,AWP,WE,Towers with Radar,314,32,72,0,418,0,0,130,0,130,314,32,202,0,548,100,0,100,648
11/30/2009,OAK,CA,AWP,WE,Towers with Radar,334,45,44,2,425,0,18,67,7,92,334,63,111,9,517,38,0,38,555
12/01/2009,OAK,CA,AWP,WE,Towers with Radar,367,49,50,2,468,0,15,53,4,72,367,64,103,6,540,76,40,116,656
12/02/2009,OAK,CA,AWP,WE,Towers with Radar,366,80,54,1,501,0,13,58,4,75,366,93,112,5,576,244,22,266,842
12/03/2009,OAK,CA,AWP,WE,Towers with Radar,367,71,55,0,493,0,6,42,0,48,367,77,97,0,541,80,0,80,621
12/04/2009,OAK,CA,AWP,WE,Towers with Radar,367,71,69,0,507,0,4,84,0,88,367,75,153,0,595,82,0,82,677
12/05/2009,OAK,CA,AWP,WE,Towers with Radar,252,20,39,0,311,0,0,72,0,72,252,20,111,0,383,264,0,264,647
12/06/2009,OAK,CA,AWP,WE,Towers with Radar,298,18,44,0,360,0,0,55,0,55,298,18,99,0,415,178,0,178,593
12/07/2009,OAK,CA,AWP,WE,Towers with Radar,312,59,37,7,415,0,9,19,1,29,312,68,56,8,444,20,16,36,480
12/08/2009,OAK,CA,AWP,WE,Towers with Radar,340,62,49,0,451,0,11,55,0,66,340,73,104,0,517,66,0,66,583
12/09/2009,OAK,CA,AWP,WE,Towers with Radar,341,60,36,0,437,0,12,70,4,86,341,72,106,4,523,88,60,148,671
12/10/2009,OAK,CA,AWP,WE,Towers with Radar,364,93,62,0,519,0,5,40,0,45,364,98,102,0,564,74,0,74,638
12/11/2009,OAK,CA,AWP,WE,Towers with Radar,365,107,68,0,540,0,0,11,2,13,365,107,79,2,553,52,0,52,605
12/12/2009,OAK,CA,AWP,WE,Towers with Radar,256,27,25,0,308,0,1,2,0,3,256,28,27,0,311,42,0,42,353
12/13/2009,OAK,CA,AWP,WE,Towers with Radar,294,33,40,0,367,0,0,5,0,5,294,33,45,0,372,34,0,34,406
12/14/2009,OAK,CA,AWP,WE,Towers with Radar,319,69,53,0,441,0,8,53,4,65,319,77,106,4,506,108,56,164,670
12/15/2009,OAK,CA,AWP,WE,Towers with Radar,372,71,51,0,494,0,10,38,1,49,372,81,89,1,543,52,0,52,595
12/16/2009,OAK,CA,AWP,WE,Towers with Radar,382,77,49,1,509,0,4,1,2,7,382,81,50,3,516,6,0,6,522
12/17/2009,OAK,CA,AWP,WE,Towers with Radar,398,72,70,0,540,0,13,81,0,94,398,85,151,0,634,126,0,126,760
12/18/2009,OAK,CA,AWP,WE,Towers with Radar,369,84,52,0,505,0,8,56,1,65,369,92,108,1,570,100,0,100,670
12/19/2009,OAK,CA,AWP,WE,Towers with Radar,285,42,51,0,378,0,0,85,2,87,285,42,136,2,465,141,0,141,606
12/20/2009,OAK,CA,AWP,WE,Towers with Radar,297,34,43,0,374,0,0,81,0,81,297,34,124,0,455,204,0,204,659
12/21/2009,OAK,CA,AWP,WE,Towers with Radar,325,75,28,2,430,0,2,7,0,9,325,77,35,2,439,0,0,0,439
12/22/2009,OAK,CA,AWP,WE,Towers with Radar,389,68,27,0,484,0,10,46,0,56,389,78,73,0,540,24,0,24,564
12/23/2009,OAK,CA,AWP,WE,Towers with Radar,399,77,41,1,518,0,16,121,1,138,399,93,162,2,656,94,0,94,750
12/24/2009,OAK,CA,AWP,WE,Towers with Radar,327,62,30,0,419,0,21,50,1,72,327,83,80,1,491,108,0,108,599
12/25/2009,OAK,CA,AWP,WE,Towers with Radar,233,17,14,0,264,0,0,23,0,23,233,17,37,0,287,46,0,46,333
12/26/2009,OAK,CA,AWP,WE,Towers with Radar,287,33,50,0,370,0,0,24,3,27,287,33,74,3,397,62,14,76,473
12/27/2009,OAK,CA,AWP,WE,Towers with Radar,317,27,56,2,402,0,0,22,2,24,317,27,78,4,426,44,18,62,488
12/28/2009,OAK,CA,AWP,WE,Towers with Radar,335,58,37,0,430,0,11,39,5,55,335,69,76,5,485,84,22,106,591
12/29/2009,OAK,CA,AWP,WE,Towers with Radar,366,62,29,0,457,0,15,65,0,80,366,77,94,0,537,106,0,106,643
12/30/2009,OAK,CA,AWP,WE,Towers with Radar,367,69,24,1,461,0,9,38,0,47,367,78,62,1,508,160,0,160,668
12/31/2009,OAK,CA,AWP,WE,Towers with Radar,276,61,25,0,362,0,9,55,0,64,276,70,80,0,426,180,0,180,606
01/01/2010,OAK,CA,AWP,WE,Towers with Radar,236,23,12,0,271,0,0,13,1,14,236,23,25,1,285,96,0,96,381
01/02/2010,OAK,CA,AWP,WE,Towers with Radar,279,38,61,0,378,0,0,27,0,27,279,38,88,0,405,102,0,102,507
01/03/2010,OAK,CA,AWP,WE,Towers with Radar,324,44,77,0,445,0,1,109,1,111,324,45,186,1,556,114,0,114,670
01/04/2010,OAK,CA,AWP,WE,Towers with Radar,331,59,44,0,434,0,10,48,0,58,331,69,92,0,492,66,0,66,558
01/05/2010,OAK,CA,AWP,WE,Towers with Radar,340,79,54,0,473,0,9,38,4,51,340,88,92,4,524,90,8,98,622
01/06/2010,OAK,CA,AWP,WE,Towers with Radar,346,66,60,0,472,0,9,28,0,37,346,75,88,0,509,82,0,82,591
01/07/2010,OAK,CA,AWP,WE,Towers with Radar,348,60,76,0,484,0,4,45,1,50,348,64,121,1,534,116,0,116,650
01/08/2010,OAK,CA,AWP,WE,Towers with Radar,335,75,64,0,474,0,7,63,13,83,335,82,127,13,557,198,14,212,769
01/09/2010,OAK,CA,AWP,WE,Towers with Radar,245,23,47,0,315,0,0,64,3,67,245,23,111,3,382,252,0,252,634
01/10/2010,OAK,CA,AWP,WE,Towers with Radar,289,20,66,0,375,0,0,65,2,67,289,20,131,2,442,70,0,70,512
01/11/2010,OAK,CA,AWP,WE,Towers with Radar,333,57,86,0,476,0,4,30,3,37,333,61,116,3,513,140,0,140,653
01/12/2010,OAK,CA,AWP,WE,Towers with Radar,341,90,45,0,476,0,1,23,1,25,341,91,68,1,501,60,16,76,577
01/13/2010,OAK,CA,AWP,WE,Towers with Radar,357,72,67,4,500,0,5,46,11,62,357,77,113,15,562,106,62,168,730
01/14/2010,OAK,CA,AWP,WE,Towers with Radar,355,78,95,0,528,0,11,89,3,103,355,89,184,3,631,136,14,150,781
01/15/2010,OAK,CA,AWP,WE,Towers with Radar,343,80,73,0,496,0,14,93,1,108,343,94,166,1,604,46,0,46,650
01/16/2010,OAK,CA,AWP,WE,Towers with Radar,218,25,37,2,282,0,0,60,0,60,218,25,97,2,342,348,0,348,690
01/17/2010,OAK,CA,AWP,WE,Towers with Radar,262,25,34,1,322,0,0,1,0,1,262,25,35,1,323,70,0,70,393
01/18/2010,OAK,CA,AWP,WE,Towers with Radar,321,51,71,0,443,0,4,7,0,11,321,55,78,0,454,0,0,0,454
01/19/2010,OAK,CA,AWP,WE,Towers with Radar,337,84,73,0,494,0,2,4,2,8,337,86,77,2,502,4,20,24,526
01/20/2010,OAK,CA,AWP,WE,Towers with Radar,334,90,44,0,468,0,3,0,0,3,334,93,44,0,471,0,0,0,471
01/21/2010,OAK,CA,AWP,WE,Towers with Radar,322,80,52,0,454,0,1,5,0,6,322,81,57,0,460,4,0,4,464
01/22/2010,OAK,CA,AWP,WE,Towers with Radar,356,79,51,0,486,0,9,12,8,29,356,88,63,8,515,0,0,0,515
01/23/2010,OAK,CA,AWP,WE,Towers with Radar,232,26,38,0,296,0,0,59,0,59,232,26,97,0,355,242,0,242,597
01/24/2010,OAK,CA,AWP,WE,Towers with Radar,258,35,42,0,335,0,0,51,2,53,258,35,93,2,388,146,0,146,534
01/25/2010,OAK,CA,AWP,WE,Towers with Radar,322,75,56,1,454,0,3,12,3,18,322,78,68,4,472,24,0,24,496
01/26/2010,OAK,CA,AWP,WE,Towers with Radar,336,77,54,0,467,0,5,15,4,24,336,82,69,4,491,74,0,74,565
01/27/2010,OAK,CA,AWP,WE,Towers with Radar,347,100,73,0,520,0,6,44,2,52,347,106,117,2,572,50,18,68,640
01/28/2010,OAK,CA,AWP,WE,Towers with Radar,344,60,90,0,494,0,14,86,0,100,344,74,176,0,594,108,0,108,702
01/29/2010,OAK,CA,AWP,WE,Towers with Radar,333,72,49,1,455,0,7,31,1,39,333,79,80,2,494,70,0,70,564
01/30/2010,OAK,CA,AWP,WE,Towers with Radar,219,24,27,0,270,0,1,87,0,88,219,25,114,0,358,232,0,232,590
01/31/2010,OAK,CA,AWP,WE,Towers with Radar,271,26,48,3,348,0,0,95,3,98,271,26,143,6,446,116,10,126,572
02/01/2010,OAK,CA,AWP,WE,Towers with Radar,322,56,46,0,424,0,7,45,3,55,322,63,91,3,479,82,26,108,587
02/02/2010,OAK,CA,AWP,WE,Towers with Radar,326,73,49,0,448,0,10,40,0,50,326,83,89,0,498,118,0,118,616
02/03/2010,OAK,CA,AWP,WE,Towers with Radar,330,77,55,3,465,0,5,57,3,65,330,82,112,6,530,176,4,180,710
02/04/2010,OAK,CA,AWP,WE,Towers with Radar,337,81,60,0,478,0,3,22,1,26,337,84,82,1,504,102,4,106,610
02/05/2010,OAK,CA,AWP,WE,Towers with Radar,344,75,40,0,459,0,5,49,0,54,344,80,89,0,513,98,0,98,611
02/06/2010,OAK,CA,AWP,WE,Towers with Radar,219,25,28,0,272,0,0,17,0,17,219,25,45,0,289,170,0,170,459
02/07/2010,OAK,CA,AWP,WE,Towers with Radar,268,27,29,0,324,0,0,105,2,107,268,27,134,2,431,156,0,156,587
02/08/2010,OAK,CA,AWP,WE,Towers with Radar,316,75,55,0,446,0,3,30,4,37,316,78,85,4,483,144,16,160,643
02/09/2010,OAK,CA,AWP,WE,Towers with Radar,329,83,59,8,479,0,6,30,5,41,329,89,89,13,520,90,48,138,658
02/10/2010,OAK,CA,AWP,WE,Towers with Radar,341,74,64,0,479,0,5,49,1,55,341,79,113,1,534,276,0,276,810
02/11/2010,OAK,CA,AWP,WE,Towers with Radar,342,74,67,3,486,0,9,42,2,53,342,83,109,5,539,88,0,88,627
02/12/2010,OAK,CA,AWP,WE,Towers with Radar,346,85,73,1,505,1,2,13,1,17,347,87,86,2,522,72,0,72,594
02/13/2010,OAK,CA,AWP,WE,Towers with Radar,269,44,93,0,406,0,0,141,0,141,269,44,234,0,547,225,0,225,772
02/14/2010,OAK,CA,AWP,WE,Towers with Radar,267,31,36,0,334,0,1,12,0,13,267,32,48,0,347,0,0,0,347
02/15/2010,OAK,CA,AWP,WE,Towers with Radar,324,37,61,0,422,0,9,78,1,88,324,46,139,1,510,72,0,72,582
02/16/2010,OAK,CA,AWP,WE,Towers with Radar,334,73,60,3,470,0,5,45,0,50,334,78,105,3,520,56,0,56,576
02/17/2010,OAK,CA,AWP,WE,Towers with Radar,338,70,55,5,468,0,14,53,3,70,338,84,108,8,538,46,16,62,600
02/18/2010,OAK,CA,AWP,WE,Towers with Radar,344,87,59,1,491,0,0,1,1,2,344,87,60,2,493,0,0,0,493
02/19/2010,OAK,CA,AWP,WE,Towers with Radar,336,72,51,4,463,0,4,20,6,30,336,76,71,10,493,136,1,137,630
02/20/2010,OAK,CA,AWP,WE,Towers with Radar,244,33,52,3,332,0,0,71,4,75,244,33,123,7,407,310,8,318,725
02/21/2010,OAK,CA,AWP,WE,Towers with Radar,259,60,62,0,381,0,0,7,0,7,259,60,69,0,388,16,0,16,404
02/22/2010,OAK,CA,AWP,WE,Towers with Radar,312,57,50,0,419,0,11,79,8,98,312,68,129,8,517,120,78,198,715
02/23/2010,OAK,CA,AWP,WE,Towers with Radar,328,70,43,0,441,0,2,8,12,22,328,72,51,12,463,26,16,42,505
02/24/2010,OAK,CA,AWP,WE,Towers with Radar,325,75,43,0,443,0,4,12,5,21,325,79,55,5,464,0,16,16,480
02/25/2010,OAK,CA,AWP,WE,Towers with Radar,338,68,66,2,474,0,9,79,1,89,338,77,145,3,563,94,42,136,699
02/26/2010,OAK,CA,AWP,WE,Towers with Radar,337,75,51,5,468,0,11,11,2,24,337,86,62,7,492,48,0,48,540
02/27/2010,OAK,CA,AWP,WE,Towers with Radar,235,18,28,0,281,0,0,31,0,31,235,18,59,0,312,258,0,258,570
02/28/2010,OAK,CA,AWP,WE,Towers with Radar,253,30,50,0,333,0,1,115,0,116,253,31,165,0,449,126,0,126,575
03/01/2010,OAK,CA,AWP,WE,Towers with Radar,307,62,61,3,433,0,4,19,2,25,307,66,80,5,458,178,6,184,642
03/02/2010,OAK,CA,AWP,WE,Towers with Radar,329,69,40,0,438,0,4,15,0,19,329,73,55,0,457,86,0,86,543
03/03/2010,OAK,CA,AWP,WE,Towers with Radar,332,74,58,0,464,0,6,19,2,27,332,80,77,2,491,6,8,14,505
03/04/2010,OAK,CA,AWP,WE,Towers with Radar,341,71,59,0,471,0,10,106,3,119,341,81,165,3,590,150,0,150,740
03/05/2010,OAK,CA,AWP,WE,Towers with Radar,333,79,59,0,471,0,6,42,4,52,333,85,101,4,523,98,24,122,645
03/06/2010,OAK,CA,AWP,WE,Towers with Radar,240,15,36,1,292,0,0,81,5,86,240,15,117,6,378,122,6,128,506
03/07/2010,OAK,CA,AWP,WE,Towers with Radar,255,27,47,3,332,0,2,59,0,61,255,29,106,3,393,304,0,304,697
03/08/2010,OAK,CA,AWP,WE,Towers with Radar,307,56,61,0,424,0,4,18,3,25,307,60,79,3,449,4,0,4,453
03/09/2010,OAK,CA,AWP,WE,Towers with Radar,322,73,52,3,450,0,3,55,5,63,322,76,107,8,513,124,0,124,637
03/10/2010,OAK,CA,AWP,WE,Towers with Radar,337,74,37,1,449,0,14,65,7,86,337,88,102,8,535,60,0,60,595
03/11/2010,OAK,CA,AWP,WE,Towers with Radar,336,76,71,0,483,0,13,104,2,119,336,89,175,2,602,176,0,176,778
03/12/2010,OAK,CA,AWP,WE,Towers with Radar,332,96,53,0,481,0,4,2,0,6,332,100,55,0,487,0,0,0,487
03/13/2010,OAK,CA,AWP,WE,Towers with Radar,245,26,33,2,306,0,1,109,2,112,245,27,142,4,418,104,0,104,522
03/14/2010,OAK,CA,AWP,WE,Towers with Radar,261,36,40,7,344,0,2,137,8,147,261,38,177,15,491,178,0,178,669
03/15/2010,OAK,CA,AWP,WE,Towers with Radar,314,51,57,0,422,0,17,97,5,119,314,68,154,5,541,160,28,188,729
03/16/2010,OAK,CA,AWP,WE,Towers with Radar,329,67,51,0,447,0,9,71,4,84,329,76,122,4,531,78,1,79,610
03/17/2010,OAK,CA,AWP,WE,Towers with Radar,330,71,58,0,459,0,15,94,7,116,330,86,152,7,575,178,0,178,753
03/18/2010,OAK,CA,AWP,WE,Towers with Radar,346,76,49,4,475,0,12,102,7,121,346,88,151,11,596,132,0,132,728
03/19/2010,OAK,CA,AWP,WE,Towers with Radar,345,53,50,4,452,0,17,122,3,142,345,70,172,7,594,122,2,124,718
03/20/2010,OAK,CA,AWP,WE,Towers with Radar,249,20,36,2,307,0,3,117,1,121,249,23,153,3,428,80,0,80,508
03/21/2010,OAK,CA,AWP,WE,Towers with Radar,275,33,47,0,355,0,1,72,0,73,275,34,119,0,428,134,0,134,562
03/22/2010,OAK,CA,AWP,WE,Towers with Radar,322,51,54,8,435,0,13,69,4,86,322,64,123,12,521,120,0,120,641
03/23/2010,OAK,CA,AWP,WE,Towers with Radar,327,67,58,8,460,0,11,78,5,94,327,78,136,13,554,114,12,126,680
03/24/2010,OAK,CA,AWP,WE,Towers with Radar,328,92,72,0,492,0,4,76,11,91,328,96,148,11,583,88,58,146,729
03/25/2010,OAK,CA,AWP,WE,Towers with Radar,340,83,57,4,484,0,5,33,5,43,340,88,90,9,527,12,0,12,539
03/26/2010,OAK,CA,AWP,WE,Towers with Radar,336,64,71,2,473,0,17,103,2,122,336,81,174,4,595,130,20,150,745
03/27/2010,OAK,CA,AWP,WE,Towers with Radar,253,23,43,2,321,0,4,113,4,121,253,27,156,6,442,154,18,172,614
03/28/2010,OAK,CA,AWP,WE,Towers with Radar,267,28,48,0,343,0,0,83,7,90,267,28,131,7,433,128,0,128,561
03/29/2010,OAK,CA,AWP,WE,Towers with Radar,319,68,42,3,432,0,4,25,11,40,319,72,67,14,472,0,24,24,496
03/30/2010,OAK,CA,AWP,WE,Towers with Radar,334,69,50,0,453,0,4,13,2,19,334,73,63,2,472,8,38,46,518
03/31/2010,OAK,CA,AWP,WE,Towers with Radar,337,72,50,0,459,0,2,28,2,32,337,74,78,2,491,54,0,54,545
04/01/2010,OAK,CA,AWP,WE,Towers with Radar,339,71,67,0,477,0,9,78,1,88,339,80,145,1,565,100,0,100,665
04/02/2010,OAK,CA,AWP,WE,Towers with Radar,338,73,64,1,476,0,7,11,7,25,338,80,75,8,501,22,18,40,541
04/03/2010,OAK,CA,AWP,WE,Towers with Radar,248,16,45,0,309,0,4,103,0,107,248,20,148,0,416,298,0,298,714
04/04/2010,OAK,CA,AWP,WE,Towers with Radar,269,21,34,1,325,0,1,8,0,9,269,22,42,1,334,26,0,26,360
04/05/2010,OAK,CA,AWP,WE,Towers with Radar,311,56,31,0,398,0,7,47,2,56,311,63,78,2,454,182,14,196,650
04/06/2010,OAK,CA,AWP,WE,Towers with Radar,330,69,58,1,458,0,11,102,2,115,330,80,160,3,573,118,34,152,725
04/07/2010,OAK,CA,AWP,WE,Towers with Radar,338,62,54,0,454,0,12,117,1,130,338,74,171,1,584,162,0,162,746
04/08/2010,OAK,CA,AWP,WE,Towers with Radar,342,65,55,0,462,0,10,126,3,139,342,75,181,3,601,190,22,212,813
04/09/2010,OAK,CA,AWP,WE,Towers with Radar,336,67,36,0,439,0,14,118,1,133,336,81,154,1,572,118,0,118,690
04/10/2010,OAK,CA,AWP,WE,Towers with Radar,243,33,78,0,354,0,1,16,2,19,243,34,94,2,373,90,0,90,463
04/11/2010,OAK,CA,AWP,WE,Towers with Radar,275,32,55,1,363,0,0,4,0,4,275,32,59,1,367,0,0,0,367
04/12/2010,OAK,CA,AWP,WE,Towers with Radar,321,63,58,0,442,0,2,17,6,25,321,65,75,6,467,24,34,58,525
04/13/2010,OAK,CA,AWP,WE,Towers with Radar,336,65,61,0,462,0,12,65,2,79,336,77,126,2,541,130,0,130,671
04/14/2010,OAK,CA,AWP,WE,Towers with Radar,334,64,64,1,463,0,13,67,0,80,334,77,131,1,543,222,0,222,765
04/15/2010,OAK,CA,AWP,WE,Towers with Radar,335,64,46,0,445,0,13,84,4,101,335,77,130,4,546,198,28,226,772
04/16/2010,OAK,CA,AWP,WE,Towers with Radar,342,54,73,0,469,0,11,101,3,115,342,65,174,3,584,102,1,103,687
04/17/2010,OAK,CA,AWP,WE,Towers with Radar,242,25,44,1,312,0,1,112,3,116,242,26,156,4,428,84,0,84,512
04/18/2010,OAK,CA,AWP,WE,Towers with Radar,269,22,46,2,339,0,2,144,4,150,269,24,190,6,489,150,0,150,639
04/19/2010,OAK,CA,AWP,WE,Towers with Radar,304,56,56,0,416,0,10,63,3,76,304,66,119,3,492,196,36,232,724
04/20/2010,OAK,CA,AWP,WE,Towers with Radar,329,72,44,4,449,0,6,19,9,34,329,78,63,13,483,66,52,118,601
04/21/2010,OAK,CA,AWP,WE,Towers with Radar,333,74,71,9,487,0,6,25,18,49,333,80,96,27,536,30,48,78,614
04/22/2010,OAK,CA,AWP,WE,Towers with Radar,337,64,60,1,462,0,17,120,9,146,337,81,180,10,608,102,36,138,746
04/23/2010,OAK,CA,AWP,WE,Towers with Radar,332,61,84,4,481,0,20,105,4,129,332,81,189,8,610,122,0,122,732
04/24/2010,OAK,CA,AWP,WE,Towers with Radar,239,18,41,3,301,0,2,90,2,94,239,20,131,5,395,142,2,144,539
04/25/2010,OAK,CA,AWP,WE,Towers with Radar,266,23,64,1,354,0,6,120,2,128,266,29,184,3,482,122,0,122,604
04/26/2010,OAK,CA,AWP,WE,Towers with Radar,308,50,50,0,408,0,12,68,3,83,308,62,118,3,491,18,30,48,539
04/27/2010,OAK,CA,AWP,WE,Towers with Radar,321,73,59,0,453,0,5,8,4,17,321,78,67,4,470,4,14,18,488
04/28/2010,OAK,CA,AWP,WE,Towers with Radar,324,79,49,5,457,0,5,16,1,22,324,84,65,6,479,64,14,78,557
04/29/2010,OAK,CA,AWP,WE,Towers with Radar,330,72,41,0,443,0,20,81,4,105,330,92,122,4,548,84,0,84,632
04/30/2010,OAK,CA,AWP,WE,Towers with Radar,337,62,59,0,458,0,18,88,4,110,337,80,147,4,568,70,1,71,639
05/01/2010,OAK,CA,AWP,WE,Towers with Radar,240,26,34,0,300,0,2,112,4,118,240,28,146,4,418,56,14,70,488
05/02/2010,OAK,CA,AWP,WE,Towers with Radar,266,37,45,0,348,0,1,140,2,143,266,38,185,2,491,94,0,94,585
05/03/2010,OAK,CA,AWP,WE,Towers with Radar,310,54,55,2,421,0,15,87,3,105,310,69,142,5,526,52,14,66,592
05/04/2010,OAK,CA,AWP,WE,Towers with Radar,328,57,46,0,431,0,11,93,0,104,328,68,139,0,535,86,0,86,621
05/05/2010,OAK,CA,AWP,WE,Towers with Radar,332,68,52,0,452,0,14,107,4,125,332,82,159,4,577,187,66,253,830
05/06/2010,OAK,CA,AWP,WE,Towers with Radar,340,68,70,0,478,0,22,88,2,112,340,90,158,2,590,96,4,100,690
05/07/2010,OAK,CA,AWP,WE,Towers with Radar,338,65,83,1,487,0,15,123,7,145,338,80,206,8,632,76,0,76,708
05/08/2010,OAK,CA,AWP,WE,Towers with Radar,240,18,38,0,296,0,5,113,5,123,240,23,151,5,419,198,0,198,617
05/09/2010,OAK,CA,AWP,WE,Towers with Radar,275,20,40,0,335,0,0,16,3,19,275,20,56,3,354,78,0,78,432
05/10/2010,OAK,CA,AWP,WE,Towers with Radar,311,64,50,0,425,0,5,14,10,29,311,69,64,10,454,10,93,103,557
05/11/2010,OAK,CA,AWP,WE,Towers with Radar,325,55,58,0,438,0,28,106,3,137,325,83,164,3,575,138,24,162,737
05/12/2010,OAK,CA,AWP,WE,Towers with Radar,341,80,70,2,493,0,17,89,4,110,341,97,159,6,603,182,70,252,855
05/13/2010,OAK,CA,AWP,WE,Towers with Radar,346,60,58,2,466,0,11,71,4,86,346,71,129,6,552,94,70,164,716
05/14/2010,OAK,CA,AWP,WE,Towers with Radar,336,71,66,0,473,0,5,39,5,49,336,76,105,5,522,22,58,80,602
05/15/2010,OAK,CA,AWP,WE,Towers with Radar,250,13,78,0,341,0,0,48,4,52,250,13,126,4,393,116,10,126,519
05/16/2010,OAK,CA,AWP,WE,Towers with Radar,275,26,68,1,370,0,0,54,2,56,275,26,122,3,426,158,0,158,584
05/17/2010,OAK,CA,AWP,WE,Towers with Radar,318,70,57,1,446,0,5,13,6,24,318,75,70,7,470,34,58,92,562
05/18/2010,OAK,CA,AWP,WE,Towers with Radar,337,74,61,3,475,0,4,42,9,55,337,78,103,12,530,82,92,174,704
05/19/2010,OAK,CA,AWP,WE,Towers with Radar,346,68,69,0,483,0,8,59,7,74,346,76,128,7,557,68,98,166,723
05/20/2010,OAK,CA,AWP,WE,Towers with Radar,345,59,50,0,454,0,21,104,7,132,345,80,154,7,586,128,0,128,714
05/21/2010,OAK,CA,AWP,WE,Towers with Radar,340,62,57,0,459,0,13,56,2,71,340,75,113,2,530,94,0,94,624
05/22/2010,OAK,CA,AWP,WE,Towers with Radar,240,13,31,0,284,0,0,61,0,61,240,13,92,0,345,120,0,120,465
05/23/2010,OAK,CA,AWP,WE,Towers with Radar,271,34,34,0,339,0,3,63,0,66,271,37,97,0,405,104,0,104,509
05/24/2010,OAK,CA,AWP,WE,Towers with Radar,315,49,56,4,424,0,8,43,4,55,315,57,99,8,479,146,4,150,629
05/25/2010,OAK,CA,AWP,WE,Towers with Radar,330,83,70,1,484,0,2,10,0,12,330,85,80,1,496,46,0,46,542
05/26/2010,OAK,CA,AWP,WE,Towers with Radar,336,70,60,0,466,0,14,24,1,39,336,84,84,1,505,78,0,78,583
05/27/2010,OAK,CA,AWP,WE,Towers with Radar,354,80,72,5,511,0,14,21,5,40,354,94,93,10,551,36,0,36,587
05/28/2010,OAK,CA,AWP,WE,Towers with Radar,339,63,66,0,468,0,17,93,0,110,339,80,159,0,578,309,0,309,887
05/29/2010,OAK,CA,AWP,WE,Towers with Radar,243,23,31,1,298,0,0,137,2,139,243,23,168,3,437,174,0,174,611
05/30/2010,OAK,CA,AWP,WE,Towers with Radar,232,14,23,1,270,0,0,84,3,87,232,14,107,4,357,54,0,54,411
05/31/2010,OAK,CA,AWP,WE,Towers with Radar,268,33,62,2,365,0,0,90,3,93,268,33,152,5,458,213,0,213,671
06/01/2010,OAK,CA,AWP,WE,Towers with Radar,314,57,56,0,427,0,12,45,0,57,314,69,101,0,484,40,0,40,524
06/02/2010,OAK,CA,AWP,WE,Towers with Radar,342,69,74,32,517,0,9,60,2,71,342,78,134,34,588,256,0,256,844
06/03/2010,OAK,CA,AWP,WE,Towers with Radar,354,78,54,0,486,0,11,61,3,75,354,89,115,3,561,126,0,126,687
06/04/2010,OAK,CA,AWP,WE,Towers with Radar,339,75,74,0,488,0,12,35,0,47,339,87,109,0,535,222,0,222,757
06/05/2010,OAK,CA,AWP,WE,Towers with Radar,246,14,24,4,288,0,0,102,9,111,246,14,126,13,399,140,0,140,539
06/06/2010,OAK,CA,AWP,WE,Towers with Radar,279,27,57,1,364,0,0,82,4,86,279,27,139,5,450,40,0,40,490
06/07/2010,OAK,CA,AWP,WE,Towers with Radar,319,56,62,0,437,0,8,39,1,48,319,64,101,1,485,62,0,62,547
06/08/2010,OAK,CA,AWP,WE,Towers with Radar,339,72,83,1,495,0,6,37,0,43,339,78,120,1,538,184,0,184,722
06/09/2010,OAK,CA,AWP,WE,Towers with Radar,350,70,105,18,543,0,9,44,11,64,350,79,149,29,607,158,0,158,765
06/10/2010,OAK,CA,AWP,WE,Towers with Radar,350,64,63,7,484,0,17,118,8,143,350,81,181,15,627,154,6,160,787
06/11/2010,OAK,CA,AWP,WE,Towers with Radar,335,62,51,0,448,0,16,77,1,94,335,78,128,1,542,218,20,238,780
06/12/2010,OAK,CA,AWP,WE,Towers with Radar,243,27,34,0,304,0,3,70,0,73,243,30,104,0,377,94,0,94,471
06/13/2010,OAK,CA,AWP,WE,Towers with Radar,276,17,58,0,351,0,0,129,1,130,276,17,187,1,481,70,0,70,551
06/14/2010,OAK,CA,AWP,WE,Towers with Radar,316,69,70,0,455,0,15,99,1,115,316,84,169,1,570,133,0,133,703
06/15/2010,OAK,CA,AWP,WE,Towers with Radar,339,91,56,0,486,0,15,64,1,80,339,106,120,1,566,58,0,58,624
06/16/2010,OAK,CA,AWP,WE,Towers with Radar,345,65,71,0,481,0,22,98,1,121,345,87,169,1,602,169,0,169,771
06/17/2010,OAK,CA,AWP,WE,Towers with Radar,348,64,74,1,487,0,27,129,0,156,348,91,203,1,643,118,0,118,761
06/18/2010,OAK,CA,AWP,WE,Towers with Radar,337,82,66,1,486,0,5,54,5,64,337,87,120,6,550,272,0,272,822
06/19/2010,OAK,CA,AWP,WE,Towers with Radar,248,32,44,0,324,0,1,49,1,51,248,33,93,1,375,182,0,182,557
06/20/2010,OAK,CA,AWP,WE,Towers with Radar,280,38,37,0,355,0,0,96,4,100,280,38,133,4,455,136,0,136,591
06/21/2010,OAK,CA,AWP,WE,Towers with Radar,315,35,51,11,412,0,23,77,4,104,315,58,128,15,516,208,0,208,724
06/22/2010,OAK,CA,AWP,WE,Towers with Radar,338,72,56,0,466,0,14,78,1,93,338,86,134,1,559,200,0,200,759
06/23/2010,OAK,CA,AWP,WE,Towers with Radar,350,66,53,0,469,0,15,67,6,88,350,81,120,6,557,208,10,218,775
06/24/2010,OAK,CA,AWP,WE,Towers with Radar,350,92,85,0,527,0,0,14,2,16,350,92,99,2,543,14,0,14,557
06/25/2010,OAK,CA,AWP,WE,Towers with Radar,343,96,67,5,511,0,2,50,0,52,343,98,117,5,563,80,0,80,643
06/26/2010,OAK,CA,AWP,WE,Towers with Radar,249,31,29,2,311,0,0,70,2,72,249,31,99,4,383,112,26,138,521
06/27/2010,OAK,CA,AWP,WE,Towers with Radar,276,36,54,1,367,0,0,115,1,116,276,36,169,2,483,110,0,110,593
06/28/2010,OAK,CA,AWP,WE,Towers with Radar,323,48,50,0,421,0,26,73,3,102,323,74,123,3,523,54,0,54,577
06/29/2010,OAK,CA,AWP,WE,Towers with Radar,338,63,58,0,459,0,23,85,1,109,338,86,143,1,568,120,0,120,688
06/30/2010,OAK,CA,AWP,WE,Towers with Radar,346,59,72,0,477,0,26,119,2,147,346,85,191,2,624,96,0,96,720
07/01/2010,OAK,CA,AWP,WE,Towers with Radar,345,82,52,1,480,1,17,110,10,138,346,99,162,11,618,116,34,150,768
07/02/2010,OAK,CA,AWP,WE,Towers with Radar,334,65,51,1,451,0,9,79,4,92,334,74,130,5,543,50,2,52,595
07/03/2010,OAK,CA,AWP,WE,Towers with Radar,245,25,31,0,301,0,1,90,0,91,245,26,121,0,392,224,0,224,616
07/04/2010,OAK,CA,AWP,WE,Towers with Radar,197,13,14,0,224,0,2,44,6,52,197,15,58,6,276,28,0,28,304
07/05/2010,OAK,CA,AWP,WE,Towers with Radar,274,29,56,0,359,0,0,89,2,91,274,29,145,2,450,112,0,112,562
07/06/2010,OAK,CA,AWP,WE,Towers with Radar,321,56,49,0,426,0,11,59,5,75,321,67,108,5,501,100,0,100,601
07/07/2010,OAK,CA,AWP,WE,Towers with Radar,349,74,55,2,480,0,16,71,3,90,349,90,126,5,570,52,0,52,622
07/08/2010,OAK,CA,AWP,WE,Towers with Radar,347,76,76,2,501,0,8,79,2,89,347,84,155,4,590,40,0,40,630
07/09/2010,OAK,CA,AWP,WE,Towers with Radar,333,62,51,0,446,0,9,70,3,82,333,71,121,3,528,90,0,90,618
07/10/2010,OAK,CA,AWP,WE,Towers with Radar,250,29,30,0,309,0,1,61,2,64,250,30,91,2,373,0,0,0,373
07/11/2010,OAK,CA,AWP,WE,Towers with Radar,280,24,48,0,352,0,0,62,0,62,280,24,110,0,414,110,0,110,524
07/12/2010,OAK,CA,AWP,WE,Towers with Radar,316,54,40,2,412,0,14,38,4,56,316,68,78,6,468,108,0,108,576
07/13/2010,OAK,CA,AWP,WE,Towers with Radar,350,72,44,0,466,0,7,49,1,57,350,79,93,1,523,98,0,98,621
07/14/2010,OAK,CA,AWP,WE,Towers with Radar,343,82,38,0,463,0,13,88,0,101,343,95,126,0,564,127,0,127,691
07/15/2010,OAK,CA,AWP,WE,Towers with Radar,351,59,49,2,461,0,19,112,1,132,351,78,161,3,593,148,0,148,741
07/16/2010,OAK,CA,AWP,WE,Towers with Radar,334,74,52,0,460,0,5,80,1,86,334,79,132,1,546,60,0,60,606
07/17/2010,OAK,CA,AWP,WE,Towers with Radar,250,22,39,0,311,0,1,65,0,66,250,23,104,0,377,28,0,28,405
07/18/2010,OAK,CA,AWP,WE,Towers with Radar,279,31,53,0,363,0,0,91,0,91,279,31,144,0,454,122,0,122,576
07/19/2010,OAK,CA,AWP,WE,Towers with Radar,315,53,49,4,421,0,13,72,7,92,315,66,121,11,513,52,0,52,565
07/20/2010,OAK,CA,AWP,WE,Towers with Radar,343,68,59,0,470,0,9,68,0,77,343,77,127,0,547,108,0,108,655
07/21/2010,OAK,CA,AWP,WE,Towers with Radar,355,77,58,2,492,0,5,47,2,54,355,82,105,4,546,108,0,108,654
07/22/2010,OAK,CA,AWP,WE,Towers with Radar,345,90,68,3,506,0,12,73,4,89,345,102,141,7,595,132,0,132,727
07/23/2010,OAK,CA,AWP,WE,Towers with Radar,337,65,69,0,471,0,8,74,1,83,337,73,143,1,554,116,0,116,670
07/24/2010,OAK,CA,AWP,WE,Towers with Radar,247,25,40,0,312,0,0,72,3,75,247,25,112,3,387,0,0,0,387
07/25/2010,OAK,CA,AWP,WE,Towers with Radar,282,26,50,0,358,0,0,51,2,53,282,26,101,2,411,104,0,104,515
07/26/2010,OAK,CA,AWP,WE,Towers with Radar,316,67,63,12,458,0,13,55,5,73,316,80,118,17,531,136,60,196,727
07/27/2010,OAK,CA,AWP,WE,Towers with Radar,354,82,58,0,494,0,13,63,5,81,354,95,121,5,575,100,24,124,699
07/28/2010,OAK,CA,AWP,WE,Towers with Radar,344,82,58,2,486,0,14,80,5,99,344,96,138,7,585,102,6,108,693
07/29/2010,OAK,CA,AWP,WE,Towers with Radar,342,84,68,0,494,0,10,70,6,86,342,94,138,6,580,42,0,42,622
07/30/2010,OAK,CA,AWP,WE,Towers with Radar,338,91,50,0,479,0,6,73,3,82,338,97,123,3,561,92,0,92,653
07/31/2010,OAK,CA,AWP,WE,Towers with Radar,254,23,44,2,323,0,0,74,2,76,254,23,118,4,399,184,4,188,587
08/01/2010,OAK,CA,AWP,WE,Towers with Radar,278,37,46,0,361,0,1,79,0,80,278,38,125,0,441,80,0,80,521
08/02/2010,OAK,CA,AWP,WE,Towers with Radar,318,66,52,1,437,0,12,64,2,78,318,78,116,3,515,40,0,40,555
08/03/2010,OAK,CA,AWP,WE,Towers with Radar,347,79,51,0,477,0,10,64,1,75,347,89,115,1,552,100,0,100,652
08/04/2010,OAK,CA,AWP,WE,Towers with Radar,348,83,57,0,488,0,3,54,2,59,348,86,111,2,547,50,0,50,597
08/05/2010,OAK,CA,AWP,WE,Towers with Radar,336,78,75,2,491,0,7,60,0,67,336,85,135,2,558,84,0,84,642
08/06/2010,OAK,CA,AWP,WE,Towers with Radar,341,72,56,1,470,0,8,90,12,110,341,80,146,13,580,152,0,152,732
08/07/2010,OAK,CA,AWP,WE,Towers with Radar,247,25,68,4,344,0,0,65,5,70,247,25,133,9,414,192,0,192,606
08/08/2010,OAK,CA,AWP,WE,Towers with Radar,279,55,55,1,390,0,2,69,2,73,279,57,124,3,463,82,0,82,545
08/09/2010,OAK,CA,AWP,WE,Towers with Radar,312,57,48,0,417,0,10,48,1,59,312,67,96,1,476,66,0,66,542
08/10/2010,OAK,CA,AWP,WE,Towers with Radar,346,62,50,3,461,0,7,60,4,71,346,69,110,7,532,160,24,184,716
08/11/2010,OAK,CA,AWP,WE,Towers with Radar,346,86,66,0,498,0,2,9,0,11,346,88,75,0,509,260,0,260,769
08/12/2010,OAK,CA,AWP,WE,Towers with Radar,346,81,55,0,482,0,15,66,9,90,346,96,121,9,572,92,4,96,668
08/13/2010,OAK,CA,AWP,WE,Towers with Radar,344,80,68,1,493,0,10,52,0,62,344,90,120,1,555,92,0,92,647
08/14/2010,OAK,CA,AWP,WE,Towers with Radar,249,31,54,2,336,0,0,66,1,67,249,31,120,3,403,112,0,112,515
08/15/2010,OAK,CA,AWP,WE,Towers with Radar,260,38,67,1,366,0,0,56,0,56,260,38,123,1,422,150,0,150,572
08/16/2010,OAK,CA,AWP,WE,Towers with Radar,302,64,65,2,433,0,8,64,1,73,302,72,129,3,506,64,0,64,570
08/17/2010,OAK,CA,AWP,WE,Towers with Radar,342,72,57,0,471,0,9,45,1,55,342,81,102,1,526,110,0,110,636
08/18/2010,OAK,CA,AWP,WE,Towers with Radar,342,81,48,0,471,0,13,52,2,67,342,94,100,2,538,68,0,68,606
08/19/2010,OAK,CA,AWP,WE,Towers with Radar,335,68,77,2,482,0,11,91,2,104,335,79,168,4,586,62,0,62,648
08/20/2010,OAK,CA,AWP,WE,Towers with Radar,331,68,49,7,455,0,5,74,0,79,331,73,123,7,534,110,0,110,644
08/21/2010,OAK,CA,AWP,WE,Towers with Radar,245,30,41,2,318,0,1,40,0,41,245,31,81,2,359,128,0,128,487
08/22/2010,OAK,CA,AWP,WE,Towers with Radar,260,32,53,8,353,0,0,99,8,107,260,32,152,16,460,104,0,104,564
08/23/2010,OAK,CA,AWP,WE,Towers with Radar,311,45,57,2,415,0,18,91,0,109,311,63,148,2,524,116,0,116,640
08/24/2010,OAK,CA,AWP,WE,Towers with Radar,335,62,46,3,446,0,20,90,6,116,335,82,136,9,562,82,38,120,682
08/25/2010,OAK,CA,AWP,WE,Towers with Radar,339,77,51,18,485,0,17,108,8,133,339,94,159,26,618,208,0,208,826
08/26/2010,OAK,CA,AWP,WE,Towers with Radar,336,79,59,0,474,0,5,89,8,102,336,84,148,8,576,116,0,116,692
08/27/2010,OAK,CA,AWP,WE,Towers with Radar,325,71,68,0,464,0,3,83,6,92,325,74,151,6,556,108,28,136,692
08/28/2010,OAK,CA,AWP,WE,Towers with Radar,236,19,24,0,279,0,2,41,0,43,236,21,65,0,322,44,0,44,366
08/29/2010,OAK,CA,AWP,WE,Towers with Radar,254,30,42,0,326,0,3,105,9,117,254,33,147,9,443,188,10,198,641
08/30/2010,OAK,CA,AWP,WE,Towers with Radar,309,73,45,0,427,0,5,44,1,50,309,78,89,1,477,148,0,148,625
08/31/2010,OAK,CA,AWP,WE,Towers with Radar,339,76,39,0,454,0,12,67,1,80,339,88,106,1,534,182,0,182,716
09/01/2010,OAK,CA,AWP,WE,Towers with Radar,338,68,62,0,468,0,20,95,6,121,338,88,157,6,589,59,42,101,690
09/02/2010,OAK,CA,AWP,WE,Towers with Radar,346,62,41,1,450,0,18,131,2,151,346,80,172,3,601,182,0,182,783
09/03/2010,OAK,CA,AWP,WE,Towers with Radar,325,72,71,2,470,0,11,99,2,112,325,83,170,4,582,178,0,178,760
09/04/2010,OAK,CA,AWP,WE,Towers with Radar,241,22,44,1,308,0,1,62,1,64,241,23,106,2,372,50,2,52,424
09/05/2010,OAK,CA,AWP,WE,Towers with Radar,208,16,24,0,248,0,0,76,2,78,208,16,100,2,326,78,0,78,404
09/06/2010,OAK,CA,AWP,WE,Towers with Radar,260,37,47,0,344,0,1,113,1,115,260,38,160,1,459,120,0,120,579
09/07/2010,OAK,CA,AWP,WE,Towers with Radar,309,70,51,0,430,0,6,28,9,43,309,76,79,9,473,42,28,70,543
09/08/2010,OAK,CA,AWP,WE,Towers with Radar,341,96,54,0,491,0,6,19,4,29,341,102,73,4,520,72,44,116,636
09/09/2010,OAK,CA,AWP,WE,Towers with Radar,344,75,65,0,484,0,8,79,5,92,344,83,144,5,576,282,30,312,888
09/10/2010,OAK,CA,AWP,WE,Towers with Radar,329,61,64,0,454,0,16,78,1,95,329,77,142,1,549,128,0,128,677
09/11/2010,OAK,CA,AWP,WE,Towers with Radar,234,25,29,1,289,0,2,133,1,136,234,27,162,2,425,112,0,112,537
09/12/2010,OAK,CA,AWP,WE,Towers with Radar,260,27,54,0,341,0,0,72,0,72,260,27,126,0,413,2,0,2,415
09/13/2010,OAK,CA,AWP,WE,Towers with Radar,299,60,54,0,413,0,10,53,1,64,299,70,107,1,477,216,0,216,693
09/14/2010,OAK,CA,AWP,WE,Towers with Radar,331,75,69,2,477,0,12,83,4,99,331,87,152,6,576,76,14,90,666
09/15/2010,OAK,CA,AWP,WE,Towers with Radar,339,66,79,0,484,0,8,48,0,56,339,74,127,0,540,92,0,92,632
09/16/2010,OAK,CA,AWP,WE,Towers with Radar,335,77,83,0,495,1,8,54,9,72,336,85,137,9,567,62,68,130,697
09/17/2010,OAK,CA,AWP,WE,Towers with Radar,325,79,90,2,496,0,3,20,2,25,325,82,110,4,521,46,16,62,583
09/18/2010,OAK,CA,AWP,WE,Towers with Radar,231,19,32,0,282,0,1,54,0,55,231,20,86,0,337,166,0,166,503
09/19/2010,OAK,CA,AWP,WE,Towers with Radar,260,32,62,1,355,0,0,37,0,37,260,32,99,1,392,263,0,263,655
09/20/2010,OAK,CA,AWP,WE,Towers with Radar,304,63,58,1,426,0,13,77,8,98,304,76,135,9,524,114,28,142,666
09/21/2010,OAK,CA,AWP,WE,Towers with Radar,330,78,63,0,471,0,6,53,0,59,330,84,116,0,530,166,0,166,696
09/22/2010,OAK,CA,AWP,WE,Towers with Radar,323,55,51,1,430,0,12,79,2,93,323,67,130,3,523,64,0,64,587
09/23/2010,OAK,CA,AWP,WE,Towers with Radar,333,68,78,0,479,0,11,75,3,89,333,79,153,3,568,96,14,110,678
09/24/2010,OAK,CA,AWP,WE,Towers with Radar,326,70,56,3,455,0,14,117,4,135,326,84,173,7,590,74,0,74,664
09/25/2010,OAK,CA,AWP,WE,Towers with Radar,223,25,39,1,288,4,2,92,3,101,227,27,131,4,389,54,0,54,443
09/26/2010,OAK,CA,AWP,WE,Towers with Radar,265,27,67,0,359,0,2,131,2,135,265,29,198,2,494,52,0,52,546
09/27/2010,OAK,CA,AWP,WE,Towers with Radar,309,53,41,4,407,0,17,80,6,103,309,70,121,10,510,64,0,64,574
09/28/2010,OAK,CA,AWP,WE,Towers with Radar,329,53,60,4,446,0,18,96,10,124,329,71,156,14,570,44,8,52,622
09/29/2010,OAK,CA,AWP,WE,Towers with Radar,335,56,50,5,446,0,10,78,6,94,335,66,128,11,540,0,0,0,540
09/30/2010,OAK,CA,AWP,WE,Towers with Radar,334,86,55,5,480,0,11,72,9,92,334,97,127,14,572,0,0,0,572
10/01/2010,OAK,CA,AWP,WE,Towers with Radar,323,76,67,4,470,0,6,58,2,66,323,82,125,6,536,76,0,76,612
10/02/2010,OAK,CA,AWP,WE,Towers with Radar,231,34,41,1,307,0,3,62,3,68,231,37,103,4,375,156,0,156,531
10/03/2010,OAK,CA,AWP,WE,Towers with Radar,260,30,78,1,369,0,0,31,0,31,260,30,109,1,400,54,0,54,454
10/04/2010,OAK,CA,AWP,WE,Towers with Radar,291,61,56,1,409,0,11,40,0,51,291,72,96,1,460,104,0,104,564
10/05/2010,OAK,CA,AWP,WE,Towers with Radar,326,64,58,1,449,0,9,66,7,82,326,73,124,8,531,150,48,198,729
10/06/2010,OAK,CA,AWP,WE,Towers with Radar,336,66,57,0,459,0,15,54,8,77,336,81,111,8,536,134,0,134,670
10/07/2010,OAK,CA,AWP,WE,Towers with Radar,337,74,75,4,490,0,9,89,11,109,337,83,164,15,599,160,52,212,811
10/08/2010,OAK,CA,AWP,WE,Towers with Radar,328,61,76,0,465,0,16,114,4,134,328,77,190,4,599,50,0,50,649
10/09/2010,OAK,CA,AWP,WE,Towers with Radar,232,17,35,0,284,0,0,86,4,90,232,17,121,4,374,78,0,78,452
10/10/2010,OAK,CA,AWP,WE,Towers with Radar,256,23,60,0,339,0,2,129,4,135,256,25,189,4,474,18,0,18,492
10/11/2010,OAK,CA,AWP,WE,Towers with Radar,299,38,59,0,396,0,12,67,3,82,299,50,126,3,478,58,0,58,536
10/12/2010,OAK,CA,AWP,WE,Towers with Radar,325,55,29,1,410,0,18,77,1,96,325,73,106,2,506,36,28,64,570
10/13/2010,OAK,CA,AWP,WE,Towers with Radar,335,62,47,0,444,1,13,81,2,97,336,75,128,2,541,216,0,216,757
10/14/2010,OAK,CA,AWP,WE,Towers with Radar,333,66,51,3,453,0,18,104,7,129,333,84,155,10,582,64,58,122,704
10/15/2010,OAK,CA,AWP,WE,Towers with Radar,332,62,61,0,455,0,17,80,4,101,332,79,141,4,556,48,10,58,614
10/16/2010,OAK,CA,AWP,WE,Towers with Radar,233,25,53,0,311,0,1,74,0,75,233,26,127,0,386,124,0,124,510
10/17/2010,OAK,CA,AWP,WE,Towers with Radar,258,43,65,0,366,0,2,17,4,23,258,45,82,4,389,156,0,156,545
10/18/2010,OAK,CA,AWP,WE,Towers with Radar,307,56,72,2,437,0,9,51,5,65,307,65,123,7,502,154,48,202,704
10/19/2010,OAK,CA,AWP,WE,Towers with Radar,326,70,58,0,454,0,13,57,0,70,326,83,115,0,524,62,0,62,586
10/20/2010,OAK,CA,AWP,WE,Towers with Radar,336,68,72,3,479,0,14,48,4,66,336,82,120,7,545,74,4,78,623
10/21/2010,OAK,CA,AWP,WE,Towers with Radar,338,69,44,0,451,0,2,21,0,23,338,71,65,0,474,0,0,0,474
10/22/2010,OAK,CA,AWP,WE,Towers with Radar,330,67,45,1,443,0,5,12,0,17,330,72,57,1,460,78,0,78,538
10/23/2010,OAK,CA,AWP,WE,Towers with Radar,233,35,16,1,285,0,1,16,0,17,233,36,32,1,302,92,0,92,394
10/24/2010,OAK,CA,AWP,WE,Towers with Radar,264,39,61,0,364,0,0,2,2,4,264,39,63,2,368,0,0,0,368
10/25/2010,OAK,CA,AWP,WE,Towers with Radar,304,65,45,0,414,0,13,80,2,95,304,78,125,2,509,72,26,98,607
10/26/2010,OAK,CA,AWP,WE,Towers with Radar,333,56,42,4,435,0,21,113,5,139,333,77,155,9,574,136,0,136,710
10/27/2010,OAK,CA,AWP,WE,Towers with Radar,352,69,65,1,487,0,9,79,0,88,352,78,144,1,575,132,0,132,707
10/28/2010,OAK,CA,AWP,WE,Towers with Radar,332,64,50,1,447,0,10,78,0,88,332,74,128,1,535,22,0,22,557
10/29/2010,OAK,CA,AWP,WE,Towers with Radar,324,60,63,1,448,0,11,39,3,53,324,71,102,4,501,28,0,28,529
10/30/2010,OAK,CA,AWP,WE,Towers with Radar,237,27,44,0,308,0,0,16,0,16,237,27,60,0,324,130,0,130,454
10/31/2010,OAK,CA,AWP,WE,Towers with Radar,246,23,45,0,314,0,0,116,0,116,246,23,161,0,430,62,0,62,492
11/01/2010,OAK,CA,AWP,WE,Towers with Radar,297,51,65,4,417,0,15,93,7,115,297,66,158,11,532,78,22,100,632
11/02/2010,OAK,CA,AWP,WE,Towers with Radar,329,52,65,0,446,0,17,88,3,108,329,69,153,3,554,32,30,62,616
11/03/2010,OAK,CA,AWP,WE,Towers with Radar,332,62,50,2,446,0,14,81,2,97,332,76,131,4,543,98,0,98,641
11/04/2010,OAK,CA,AWP,WE,Towers with Radar,326,63,61,3,453,0,17,75,1,93,326,80,136,4,546,86,0,86,632
11/05/2010,OAK,CA,AWP,WE,Towers with Radar,317,65,79,0,461,0,15,63,4,82,317,80,142,4,543,114,0,114,657
11/06/2010,OAK,CA,AWP,WE,Towers with Radar,233,26,35,1,295,0,0,73,0,73,233,26,108,1,368,182,0,182,550
11/07/2010,OAK,CA,AWP,WE,Towers with Radar,265,32,60,1,358,0,0,9,0,9,265,32,69,1,367,38,0,38,405
11/08/2010,OAK,CA,AWP,WE,Towers with Radar,287,61,40,0,388,0,14,66,1,81,287,75,106,1,469,194,0,194,663
11/09/2010,OAK,CA,AWP,WE,Towers with Radar,306,69,47,2,424,0,10,65,1,76,306,79,112,3,500,104,0,104,604
11/10/2010,OAK,CA,AWP,WE,Towers with Radar,327,73,48,3,451,0,14,60,5,79,327,87,108,8,530,22,0,22,552
11/11/2010,OAK,CA,AWP,WE,Towers with Radar,326,65,43,0,434,0,9,94,3,106,326,74,137,3,540,100,0,100,640
11/12/2010,OAK,CA,AWP,WE,Towers with Radar,311,55,46,4,416,0,12,90,0,102,311,67,136,4,518,68,0,68,586
11/13/2010,OAK,CA,AWP,WE,Towers with Radar,238,24,36,2,300,0,2,93,2,97,238,26,129,4,397,140,2,142,539
11/14/2010,OAK,CA,AWP,WE,Towers with Radar,262,31,40,0,333,0,0,83,0,83,262,31,123,0,416,184,0,184,600
11/15/2010,OAK,CA,AWP,WE,Towers with Radar,294,54,34,2,384,0,20,60,2,82,294,74,94,4,466,166,28,194,660
11/16/2010,OAK,CA,AWP,WE,Towers with Radar,317,53,57,0,427,0,17,69,0,86,317,70,126,0,513,62,0,62,575
11/17/2010,OAK,CA,AWP,WE,Towers with Radar,324,59,46,4,433,0,15,90,4,109,324,74,136,8,542,42,12,54,596
11/18/2010,OAK,CA,AWP,WE,Towers with Radar,316,72,73,0,461,0,5,63,6,74,316,77,136,6,535,134,0,134,669
11/19/2010,OAK,CA,AWP,WE,Towers with Radar,322,95,87,0,504,0,2,6,6,14,322,97,93,6,518,0,2,2,520
11/20/2010,OAK,CA,AWP,WE,Towers with Radar,272,29,60,0,361,0,0,13,0,13,272,29,73,0,374,78,0,78,452
11/21/2010,OAK,CA,AWP,WE,Towers with Radar,268,24,45,0,337,0,0,34,2,36,268,24,79,2,373,50,0,50,423
11/22/2010,OAK,CA,AWP,WE,Towers with Radar,288,56,46,0,390,0,5,40,0,45,288,61,86,0,435,124,0,124,559
11/23/2010,OAK,CA,AWP,WE,Towers with Radar,336,81,37,0,454,0,12,35,1,48,336,93,72,1,502,10,28,38,540
11/24/2010,OAK,CA,AWP,WE,Towers with Radar,347,74,76,1,498,0,17,99,1,117,347,91,175,2,615,74,0,74,689
11/25/2010,OAK,CA,AWP,WE,Towers with Radar,202,15,11,0,228,0,2,51,0,53,202,17,62,0,281,12,0,12,293
11/26/2010,OAK,CA,AWP,WE,Towers with Radar,269,40,32,0,341,0,17,95,3,115,269,57,127,3,456,70,0,70,526
11/27/2010,OAK,CA,AWP,WE,Towers with Radar,270,31,37,0,338,0,0,6,1,7,270,31,43,1,345,36,16,52,397
11/28/2010,OAK,CA,AWP,WE,Towers with Radar,299,41,94,0,434,0,1,113,2,116,299,42,207,2,550,86,0,86,636
11/29/2010,OAK,CA,AWP,WE,Towers with Radar,301,48,36,7,392,0,17,66,14,97,301,65,102,21,489,86,24,110,599
11/30/2010,OAK,CA,AWP,WE,Towers with Radar,340,71,44,1,456,0,17,47,3,67,340,88,91,4,523,38,34,72,595
12/01/2010,OAK,CA,AWP,WE,Towers with Radar,329,71,60,0,460,0,18,64,2,84,329,89,124,2,544,92,0,92,636
12/02/2010,OAK,CA,AWP,WE,Towers with Radar,329,61,52,0,442,0,8,42,0,50,329,69,94,0,492,150,0,150,642
12/03/2010,OAK,CA,AWP,WE,Towers with Radar,316,68,78,0,462,0,6,48,1,55,316,74,126,1,517,26,0,26,543
12/04/2010,OAK,CA,AWP,WE,Towers with Radar,238,17,37,0,292,0,0,27,2,29,238,17,64,2,321,66,0,66,387
12/05/2010,OAK,CA,AWP,WE,Towers with Radar,265,19,59,0,343,0,0,9,0,9,265,19,68,0,352,62,0,62,414
12/06/2010,OAK,CA,AWP,WE,Towers with Radar,293,62,42,2,399,0,7,40,3,50,293,69,82,5,449,112,0,112,561
12/07/2010,OAK,CA,AWP,WE,Towers with Radar,338,76,63,0,477,0,11,80,1,92,338,87,143,1,569,36,0,36,605
12/08/2010,OAK,CA,AWP,WE,Towers with Radar,343,99,80,0,522,0,0,10,0,10,343,99,90,0,532,6,0,6,538
12/09/2010,OAK,CA,AWP,WE,Towers with Radar,350,83,76,5,514,0,5,29,6,40,350,88,105,11,554,0,0,0,554
12/10/2010,OAK,CA,AWP,WE,Towers with Radar,333,76,92,0,501,0,1,7,0,8,333,77,99,0,509,2,0,2,511
12/11/2010,OAK,CA,AWP,WE,Towers with Radar,243,29,37,0,309,0,0,29,0,29,243,29,66,0,338,76,0,76,414
12/12/2010,OAK,CA,AWP,WE,Towers with Radar,258,27,66,0,351,0,0,18,0,18,258,27,84,0,369,182,0,182,551
12/13/2010,OAK,CA,AWP,WE,Towers with Radar,292,76,75,0,443,0,2,8,3,13,292,78,83,3,456,50,22,72,528
12/14/2010,OAK,CA,AWP,WE,Towers with Radar,346,83,63,2,494,0,2,3,3,8,346,85,66,5,502,6,16,22,524
12/15/2010,OAK,CA,AWP,WE,Towers with Radar,347,87,57,1,492,0,9,56,5,70,347,96,113,6,562,50,50,100,662
12/16/2010,OAK,CA,AWP,WE,Towers with Radar,342,89,70,3,504,0,13,84,5,102,342,102,154,8,606,62,32,94,700
12/17/2010,OAK,CA,AWP,WE,Towers with Radar,364,97,82,1,544,0,2,5,0,7,364,99,87,1,551,0,0,0,551
12/18/2010,OAK,CA,AWP,WE,Towers with Radar,279,57,43,0,379,0,0,8,0,8,279,57,51,0,387,16,0,16,403
12/19/2010,OAK,CA,AWP,WE,Towers with Radar,295,37,45,1,378,0,0,13,0,13,295,37,58,1,391,18,0,18,409
12/20/2010,OAK,CA,AWP,WE,Towers with Radar,303,74,47,0,424,0,4,12,2,18,303,78,59,2,442,0,0,0,442
12/21/2010,OAK,CA,AWP,WE,Towers with Radar,373,84,36,0,493,0,6,25,5,36,373,90,61,5,529,32,0,32,561
12/22/2010,OAK,CA,AWP,WE,Towers with Radar,386,90,48,0,524,0,11,23,2,36,386,101,71,2,560,210,0,210,770
12/23/2010,OAK,CA,AWP,WE,Towers with Radar,385,77,52,2,516,0,15,94,0,109,385,92,146,2,625,160,0,160,785
12/24/2010,OAK,CA,AWP,WE,Towers with Radar,292,52,21,1,366,0,25,52,1,78,292,77,73,2,444,100,0,100,544
12/25/2010,OAK,CA,AWP,WE,Towers with Radar,200,15,11,1,227,0,0,0,1,1,200,15,11,2,228,0,0,0,228
12/26/2010,OAK,CA,AWP,WE,Towers with Radar,287,35,65,2,389,0,1,72,0,73,287,36,137,2,462,12,0,12,474
12/27/2010,OAK,CA,AWP,WE,Towers with Radar,302,60,55,0,417,0,9,47,0,56,302,69,102,0,473,62,0,62,535
12/28/2010,OAK,CA,AWP,WE,Towers with Radar,340,75,36,1,452,0,4,17,1,22,340,79,53,2,474,60,0,60,534
12/29/2010,OAK,CA,AWP,WE,Towers with Radar,337,57,34,0,428,0,7,13,5,25,337,64,47,5,453,6,26,32,485
12/30/2010,OAK,CA,AWP,WE,Towers with Radar,334,67,34,0,435,0,10,90,0,100,334,77,124,0,535,92,0,92,627
12/31/2010,OAK,CA,AWP,WE,Towers with Radar,247,49,30,2,328,0,15,74,1,90,247,64,104,3,418,72,0,72,490
01/01/2011,OAK,CA,AWP,WE,Towers with Radar,184,29,27,0,240,0,1,8,0,9,184,30,35,0,249,0,0,0,249
01/02/2011,OAK,CA,AWP,WE,Towers with Radar,289,40,98,0,427,0,0,7,0,7,289,40,105,0,434,78,0,78,512
01/03/2011,OAK,CA,AWP,WE,Towers with Radar,304,56,53,0,413,0,16,43,1,60,304,72,96,1,473,102,0,102,575
01/04/2011,OAK,CA,AWP,WE,Towers with Radar,318,62,48,2,430,0,10,55,0,65,318,72,103,2,495,24,0,24,519
01/05/2011,OAK,CA,AWP,WE,Towers with Radar,321,52,59,2,434,0,13,73,3,89,321,65,132,5,523,0,0,0,523
01/06/2011,OAK,CA,AWP,WE,Towers with Radar,320,63,53,2,438,0,12,61,7,80,320,75,114,9,518,96,22,118,636
01/07/2011,OAK,CA,AWP,WE,Towers with Radar,317,66,68,1,452,0,2,23,3,28,317,68,91,4,480,8,22,30,510
01/08/2011,OAK,CA,AWP,WE,Towers with Radar,236,18,40,1,295,0,0,3,0,3,236,18,43,1,298,0,0,0,298
01/09/2011,OAK,CA,AWP,WE,Towers with Radar,248,23,54,0,325,0,0,92,0,92,248,23,146,0,417,208,0,208,625
01/10/2011,OAK,CA,AWP,WE,Towers with Radar,290,40,50,1,381,0,19,53,3,75,290,59,103,4,456,44,80,124,580
01/11/2011,OAK,CA,AWP,WE,Towers with Radar,312,69,76,0,457,0,7,25,8,40,312,76,101,8,497,86,94,180,677
01/12/2011,OAK,CA,AWP,WE,Towers with Radar,315,84,92,0,491,0,9,47,3,59,315,93,139,3,550,32,30,62,612
01/13/2011,OAK,CA,AWP,WE,Towers with Radar,319,94,74,1,488,0,1,2,0,3,319,95,76,1,491,12,0,12,503
01/14/2011,OAK,CA,AWP,WE,Towers with Radar,308,88,61,0,457,0,9,57,5,71,308,97,118,5,528,144,62,206,734
01/15/2011,OAK,CA,AWP,WE,Towers with Radar,226,19,42,1,288,0,1,95,0,96,226,20,137,1,384,78,0,78,462
01/16/2011,OAK,CA,AWP,WE,Towers with Radar,244,27,25,4,300,0,0,68,0,68,244,27,93,4,368,206,0,206,574
01/17/2011,OAK,CA,AWP,WE,Towers with Radar,291,52,60,2,405,0,3,52,2,57,291,55,112,4,462,48,14,62,524
01/18/2011,OAK,CA,AWP,WE,Towers with Radar,310,62,69,8,449,0,17,69,0,86,310,79,138,8,535,88,2,90,625
01/19/2011,OAK,CA,AWP,WE,Towers with Radar,305,72,72,3,452,0,14,105,7,126,305,86,177,10,578,126,2,128,706
01/20/2011,OAK,CA,AWP,WE,Towers with Radar,318,65,42,1,426,0,14,92,5,111,318,79,134,6,537,144,72,216,753
01/21/2011,OAK,CA,AWP,WE,Towers with Radar,310,82,71,5,468,0,11,99,2,112,310,93,170,7,580,150,0,150,730
01/22/2011,OAK,CA,AWP,WE,Towers with Radar,217,19,26,2,264,0,1,108,1,110,217,20,134,3,374,332,0,332,706
01/23/2011,OAK,CA,AWP,WE,Towers with Radar,249,31,49,2,331,1,1,111,2,115,250,32,160,4,446,92,0,92,538
01/24/2011,OAK,CA,AWP,WE,Towers with Radar,278,45,51,0,374,0,13,53,1,67,278,58,104,1,441,34,4,38,479
01/25/2011,OAK,CA,AWP,WE,Towers with Radar,298,55,58,0,411,0,16,64,2,82,298,71,122,2,493,50,0,50,543
01/26/2011,OAK,CA,AWP,WE,Towers with Radar,310,59,64,5,438,0,17,62,13,92,310,76,126,18,530,52,0,52,582
01/27/2011,OAK,CA,AWP,WE,Towers with Radar,316,80,74,2,472,0,15,82,2,99,316,95,156,4,571,62,0,62,633
01/28/2011,OAK,CA,AWP,WE,Towers with Radar,314,90,77,1,482,0,4,16,0,20,314,94,93,1,502,12,0,12,514
01/29/2011,OAK,CA,AWP,WE,Towers with Radar,215,24,37,0,276,0,0,16,1,17,215,24,53,1,293,28,20,48,341
01/30/2011,OAK,CA,AWP,WE,Towers with Radar,239,41,46,0,326,0,1,15,0,16,239,42,61,0,342,42,0,42,384
01/31/2011,OAK,CA,AWP,WE,Towers with Radar,285,54,43,0,382,0,8,79,5,92,285,62,122,5,474,98,28,126,600
02/01/2011,OAK,CA,AWP,WE,Towers with Radar,297,59,43,2,401,0,11,53,2,66,297,70,96,4,467,26,0,26,493
02/02/2011,OAK,CA,AWP,WE,Towers with Radar,304,58,47,1,410,0,16,61,8,85,304,74,108,9,495,68,30,98,593
02/03/2011,OAK,CA,AWP,WE,Towers with Radar,325,69,51,8,453,0,17,79,5,101,325,86,130,13,554,78,0,78,632
02/04/2011,OAK,CA,AWP,WE,Towers with Radar,308,75,65,0,448,0,13,77,0,90,308,88,142,0,538,102,0,102,640
02/05/2011,OAK,CA,AWP,WE,Towers with Radar,215,26,48,3,292,0,2,97,1,100,215,28,145,4,392,92,0,92,484
02/06/2011,OAK,CA,AWP,WE,Towers with Radar,250,11,33,1,295,0,0,82,0,82,250,11,115,1,377,110,0,110,487
02/07/2011,OAK,CA,AWP,WE,Towers with Radar,292,62,48,0,402,0,17,53,2,72,292,79,101,2,474,86,0,86,560
02/08/2011,OAK,CA,AWP,WE,Towers with Radar,315,61,52,4,432,0,14,56,10,80,315,75,108,14,512,33,22,55,567
02/09/2011,OAK,CA,AWP,WE,Towers with Radar,324,65,63,8,460,0,17,75,15,107,324,82,138,23,567,44,0,44,611
02/10/2011,OAK,CA,AWP,WE,Towers with Radar,331,65,60,2,458,0,16,91,5,112,331,81,151,7,570,90,26,116,686
02/11/2011,OAK,CA,AWP,WE,Towers with Radar,316,63,68,3,450,1,22,98,3,124,317,85,166,6,574,162,0,162,736
02/12/2011,OAK,CA,AWP,WE,Towers with Radar,222,16,24,0,262,0,2,115,1,118,222,18,139,1,380,182,0,182,562
02/13/2011,OAK,CA,AWP,WE,Towers with Radar,270,17,34,0,321,0,1,65,0,66,270,18,99,0,387,48,0,48,435
02/14/2011,OAK,CA,AWP,WE,Towers with Radar,292,66,61,1,420,0,2,2,7,11,292,68,63,8,431,0,26,26,457
02/15/2011,OAK,CA,AWP,WE,Towers with Radar,317,81,54,3,455,0,6,17,6,29,317,87,71,9,484,80,20,100,584
02/16/2011,OAK,CA,AWP,WE,Towers with Radar,317,79,59,0,455,0,11,22,5,38,317,90,81,5,493,10,40,50,543
02/17/2011,OAK,CA,AWP,WE,Towers with Radar,323,91,60,0,474,0,6,9,2,17,323,97,69,2,491,22,36,58,549
02/18/2011,OAK,CA,AWP,WE,Towers with Radar,309,103,62,0,474,0,4,10,1,15,309,107,72,1,489,30,0,30,519
02/19/2011,OAK,CA,AWP,WE,Towers with Radar,236,52,35,0,323,0,0,5,0,5,236,52,40,0,328,4,0,4,332
02/20/2011,OAK,CA,AWP,WE,Towers with Radar,240,26,45,1,312,0,1,76,0,77,240,27,121,1,389,130,0,130,519
02/21/2011,OAK,CA,AWP,WE,Towers with Radar,289,48,54,0,391,0,8,52,2,62,289,56,106,2,453,179,10,189,642
02/22/2011,OAK,CA,AWP,WE,Towers with Radar,318,74,69,2,463,0,20,76,5,101,318,94,145,7,564,54,10,64,628
02/23/2011,OAK,CA,AWP,WE,Towers with Radar,310,70,61,0,441,0,14,64,3,81,310,84,125,3,522,150,0,150,672
02/24/2011,OAK,CA,AWP,WE,Towers with Radar,324,71,63,0,458,0,4,15,2,21,324,75,78,2,479,4,0,4,483
02/25/2011,OAK,CA,AWP,WE,Towers with Radar,310,80,45,0,435,0,12,15,6,33,310,92,60,6,468,26,6,32,500
02/26/2011,OAK,CA,AWP,WE,Towers with Radar,230,31,37,0,298,0,1,76,3,80,230,32,113,3,378,104,0,104,482
02/27/2011,OAK,CA,AWP,WE,Towers with Radar,251,32,47,0,330,0,1,103,0,104,251,33,150,0,434,154,0,154,588
02/28/2011,OAK,CA,AWP,WE,Towers with Radar,291,63,44,1,399,0,10,66,9,85,291,73,110,10,484,16,28,44,528
03/01/2011,OAK,CA,AWP,WE,Towers with Radar,306,61,40,0,407,0,14,66,7,87,306,75,106,7,494,94,0,94,588
03/02/2011,OAK,CA,AWP,WE,Towers with Radar,318,81,63,0,462,0,10,21,1,32,318,91,84,1,494,0,0,0,494
03/03/2011,OAK,CA,AWP,WE,Towers with Radar,321,77,65,2,465,0,7,64,3,74,321,84,129,5,539,86,0,86,625
03/04/2011,OAK,CA,AWP,WE,Towers with Radar,309,51,44,2,406,0,15,90,2,107,309,66,134,4,513,120,0,120,633
03/05/2011,OAK,CA,AWP,WE,Towers with Radar,225,22,52,4,303,0,2,70,2,74,225,24,122,6,377,64,0,64,441
03/06/2011,OAK,CA,AWP,WE,Towers with Radar,240,37,44,0,321,0,2,14,0,16,240,39,58,0,337,50,0,50,387
03/07/2011,OAK,CA,AWP,WE,Towers with Radar,284,59,53,0,396,0,11,29,10,50,284,70,82,10,446,6,48,54,500
03/08/2011,OAK,CA,AWP,WE,Towers with Radar,312,79,55,1,447,0,6,19,1,26,312,85,74,2,473,89,0,89,562
03/09/2011,OAK,CA,AWP,WE,Towers with Radar,307,77,59,0,443,0,5,91,3,99,307,82,150,3,542,110,0,110,652
03/10/2011,OAK,CA,AWP,WE,Towers with Radar,319,92,60,2,473,0,7,26,3,36,319,99,86,5,509,52,0,52,561
03/11/2011,OAK,CA,AWP,WE,Towers with Radar,316,84,63,0,463,0,11,79,4,94,316,95,142,4,557,96,0,96,653
03/12/2011,OAK,CA,AWP,WE,Towers with Radar,228,24,32,0,284,0,2,91,0,93,228,26,123,0,377,106,0,106,483
03/13/2011,OAK,CA,AWP,WE,Towers with Radar,249,38,62,0,349,0,1,51,0,52,249,39,113,0,401,150,0,150,551
03/14/2011,OAK,CA,AWP,WE,Towers with Radar,280,82,62,0,424,0,3,19,6,28,280,85,81,6,452,192,22,214,666
03/15/2011,OAK,CA,AWP,WE,Towers with Radar,311,80,52,1,444,0,1,12,0,13,311,81,64,1,457,110,0,110,567
03/16/2011,OAK,CA,AWP,WE,Towers with Radar,325,77,73,3,478,0,14,40,8,62,325,91,113,11,540,34,8,42,582
03/17/2011,OAK,CA,AWP,WE,Towers with Radar,319,61,71,0,451,0,9,117,15,141,319,70,188,15,592,78,0,78,670
03/18/2011,OAK,CA,AWP,WE,Towers with Radar,308,108,66,0,482,0,10,7,0,17,308,118,73,0,499,0,0,0,499
03/19/2011,OAK,CA,AWP,WE,Towers with Radar,240,22,38,0,300,0,1,3,0,4,240,23,41,0,304,0,0,0,304
03/20/2011,OAK,CA,AWP,WE,Towers with Radar,246,43,39,0,328,0,0,28,0,28,246,43,67,0,356,108,0,108,464
03/21/2011,OAK,CA,AWP,WE,Towers with Radar,290,77,43,2,412,0,5,26,3,34,290,82,69,5,446,104,32,136,582
03/22/2011,OAK,CA,AWP,WE,Towers with Radar,315,76,38,0,429,0,8,29,1,38,315,84,67,1,467,36,8,44,511
03/23/2011,OAK,CA,AWP,WE,Towers with Radar,316,80,56,0,452,0,10,15,4,29,316,90,71,4,481,68,0,68,549
03/24/2011,OAK,CA,AWP,WE,Towers with Radar,333,80,77,1,491,0,4,9,0,13,333,84,86,1,504,4,0,4,508
03/25/2011,OAK,CA,AWP,WE,Towers with Radar,314,83,66,2,465,0,4,16,2,22,314,87,82,4,487,48,6,54,541
03/26/2011,OAK,CA,AWP,WE,Towers with Radar,228,38,43,0,309,0,0,9,0,9,228,38,52,0,318,74,0,74,392
03/27/2011,OAK,CA,AWP,WE,Towers with Radar,260,32,76,2,370,0,5,45,1,51,260,37,121,3,421,148,0,148,569
03/28/2011,OAK,CA,AWP,WE,Towers with Radar,293,49,48,2,392,0,13,74,8,95,293,62,122,10,487,120,20,140,627
03/29/2011,OAK,CA,AWP,WE,Towers with Radar,307,56,49,0,412,0,14,79,0,93,307,70,128,0,505,108,0,108,613
03/30/2011,OAK,CA,AWP,WE,Towers with Radar,315,68,67,1,451,0,13,108,7,128,315,81,175,8,579,134,0,134,713
03/31/2011,OAK,CA,AWP,WE,Towers with Radar,325,67,64,0,456,0,12,98,9,119,325,79,162,9,575,106,8,114,689
04/01/2011,OAK,CA,AWP,WE,Towers with Radar,318,65,47,1,431,0,15,113,7,135,318,80,160,8,566,100,62,162,728
04/02/2011,OAK,CA,AWP,WE,Towers with Radar,211,24,47,3,285,0,1,78,0,79,211,25,125,3,364,124,0,124,488
04/03/2011,OAK,CA,AWP,WE,Towers with Radar,224,24,48,1,297,0,4,138,3,145,224,28,186,4,442,294,0,294,736
04/04/2011,OAK,CA,AWP,WE,Towers with Radar,280,51,52,4,387,0,16,44,2,62,280,67,96,6,449,172,20,192,641
04/05/2011,OAK,CA,AWP,WE,Towers with Radar,314,63,50,0,427,0,11,72,5,88,314,74,122,5,515,221,42,263,778
04/06/2011,OAK,CA,AWP,WE,Towers with Radar,314,69,61,5,449,0,11,55,0,66,314,80,116,5,515,88,6,94,609
04/07/2011,OAK,CA,AWP,WE,Towers with Radar,318,65,50,1,434,0,12,27,2,41,318,77,77,3,475,98,4,102,577
04/08/2011,OAK,CA,AWP,WE,Towers with Radar,309,75,40,7,431,0,11,45,4,60,309,86,85,11,491,106,14,120,611
04/09/2011,OAK,CA,AWP,WE,Towers with Radar,225,28,46,0,299,0,1,95,1,97,225,29,141,1,396,190,0,190,586
04/10/2011,OAK,CA,AWP,WE,Towers with Radar,251,26,53,0,330,0,0,88,1,89,251,26,141,1,419,98,0,98,517
04/11/2011,OAK,CA,AWP,WE,Towers with Radar,279,48,43,6,376,0,8,50,5,63,279,56,93,11,439,80,34,114,553
04/12/2011,OAK,CA,AWP,WE,Towers with Radar,319,55,61,0,435,0,8,57,0,65,319,63,118,0,500,189,0,189,689
04/13/2011,OAK,CA,AWP,WE,Towers with Radar,311,63,57,3,434,0,7,44,0,51,311,70,101,3,485,156,0,156,641
04/14/2011,OAK,CA,AWP,WE,Towers with Radar,318,60,62,0,440,0,12,106,2,120,318,72,168,2,560,172,26,198,758
04/15/2011,OAK,CA,AWP,WE,Towers with Radar,310,72,53,0,435,0,14,78,0,92,310,86,131,0,527,26,0,26,553
04/16/2011,OAK,CA,AWP,WE,Towers with Radar,229,28,59,1,317,0,0,81,0,81,229,28,140,1,398,202,2,204,602
04/17/2011,OAK,CA,AWP,WE,Towers with Radar,252,33,82,0,367,0,0,23,0,23,252,33,105,0,390,144,0,144,534
04/18/2011,OAK,CA,AWP,WE,Towers with Radar,290,54,46,1,391,0,0,6,2,8,290,54,52,3,399,76,0,76,475
04/19/2011,OAK,CA,AWP,WE,Towers with Radar,315,67,73,0,455,0,8,46,3,57,315,75,119,3,512,54,14,68,580
04/20/2011,OAK,CA,AWP,WE,Towers with Radar,318,66,26,0,410,0,2,9,2,13,318,68,35,2,423,52,0,52,475
04/21/2011,OAK,CA,AWP,WE,Towers with Radar,319,67,37,1,424,0,8,69,5,82,319,75,106,6,506,80,0,80,586
04/22/2011,OAK,CA,AWP,WE,Towers with Radar,306,66,41,2,415,0,11,79,5,95,306,77,120,7,510,180,18,198,708
04/23/2011,OAK,CA,AWP,WE,Towers with Radar,230,25,58,0,313,0,0,86,1,87,230,25,144,1,400,217,0,217,617
04/24/2011,OAK,CA,AWP,WE,Towers with Radar,250,27,50,0,327,0,1,28,2,31,250,28,78,2,358,44,0,44,402
04/25/2011,OAK,CA,AWP,WE,Towers with Radar,284,63,51,2,400,0,10,23,0,33,284,73,74,2,433,33,0,33,466
04/26/2011,OAK,CA,AWP,WE,Towers with Radar,311,53,44,2,410,0,20,80,2,102,311,73,124,4,512,148,22,170,682
04/27/2011,OAK,CA,AWP,WE,Towers with Radar,329,62,61,1,453,0,12,82,2,96,329,74,143,3,549,134,0,134,683
04/28/2011,OAK,CA,AWP,WE,Towers with Radar,321,60,50,0,431,0,16,77,3,96,321,76,127,3,527,38,0,38,565
04/29/2011,OAK,CA,AWP,WE,Towers with Radar,318,50,63,1,432,0,18,80,6,104,318,68,143,7,536,126,34,160,696
04/30/2011,OAK,CA,AWP,WE,Towers with Radar,232,19,23,0,274,0,1,91,0,92,232,20,114,0,366,84,0,84,450
05/01/2011,OAK,CA,AWP,WE,Towers with Radar,258,28,60,0,346,0,0,120,0,120,258,28,180,0,466,202,0,202,668
05/02/2011,OAK,CA,AWP,WE,Towers with Radar,290,38,56,1,385,0,19,85,7,111,290,57,141,8,496,62,8,70,566
05/03/2011,OAK,CA,AWP,WE,Towers with Radar,321,61,52,0,434,0,10,78,3,91,321,71,130,3,525,152,0,152,677
05/04/2011,OAK,CA,AWP,WE,Towers with Radar,330,64,39,2,435,0,23,75,6,104,330,87,114,8,539,148,46,194,733
05/05/2011,OAK,CA,AWP,WE,Towers with Radar,327,50,80,1,458,1,12,79,6,98,328,62,159,7,556,126,44,170,726
05/06/2011,OAK,CA,AWP,WE,Towers with Radar,324,69,67,2,462,0,18,74,3,95,324,87,141,5,557,58,48,106,663
05/07/2011,OAK,CA,AWP,WE,Towers with Radar,244,19,55,1,319,0,0,32,0,32,244,19,87,1,351,96,0,96,447
05/08/2011,OAK,CA,AWP,WE,Towers with Radar,267,25,45,0,337,0,2,47,2,51,267,27,92,2,388,46,10,56,444
05/09/2011,OAK,CA,AWP,WE,Towers with Radar,290,53,50,1,394,0,15,60,4,79,290,68,110,5,473,126,40,166,639
05/10/2011,OAK,CA,AWP,WE,Towers with Radar,321,44,46,1,412,0,15,98,9,122,321,59,144,10,534,206,12,218,752
05/11/2011,OAK,CA,AWP,WE,Towers with Radar,313,59,101,0,473,0,6,34,10,50,313,65,135,10,523,56,70,126,649
05/12/2011,OAK,CA,AWP,WE,Towers with Radar,322,62,66,0,450,0,9,72,3,84,322,71,138,3,534,66,78,144,678
05/13/2011,OAK,CA,AWP,WE,Towers with Radar,315,69,76,5,465,0,12,75,9,96,315,81,151,14,561,10,54,64,625
05/14/2011,OAK,CA,AWP,WE,Towers with Radar,244,15,42,0,301,0,0,68,1,69,244,15,110,1,370,170,0,170,540
05/15/2011,OAK,CA,AWP,WE,Towers with Radar,268,26,44,0,338,0,0,55,1,56,268,26,99,1,394,122,0,122,516
05/16/2011,OAK,CA,AWP,WE,Towers with Radar,298,68,64,0,430,0,1,21,4,26,298,69,85,4,456,110,36,146,602
05/17/2011,OAK,CA,AWP,WE,Towers with Radar,336,72,55,0,463,0,1,7,1,9,336,73,62,1,472,0,0,0,472
05/18/2011,OAK,CA,AWP,WE,Towers with Radar,323,58,69,0,450,0,10,76,12,98,323,68,145,12,548,152,54,206,754
05/19/2011,OAK,CA,AWP,WE,Towers with Radar,321,76,69,0,466,0,12,111,9,132,321,88,180,9,598,98,44,142,740
05/20/2011,OAK,CA,AWP,WE,Towers with Radar,326,57,58,0,441,0,7,83,2,92,326,64,141,2,533,72,32,104,637
05/21/2011,OAK,CA,AWP,WE,Towers with Radar,240,25,38,2,305,0,0,84,0,84,240,25,122,2,389,68,0,68,457
05/22/2011,OAK,CA,AWP,WE,Towers with Radar,262,45,58,1,366,0,0,97,2,99,262,45,155,3,465,68,0,68,533
05/23/2011,OAK,CA,AWP,WE,Towers with Radar,298,41,61,1,401,0,14,60,1,75,298,55,121,2,476,24,0,24,500
05/24/2011,OAK,CA,AWP,WE,Towers with Radar,310,57,57,0,424,0,14,92,0,106,310,71,149,0,530,72,0,72,602
05/25/2011,OAK,CA,AWP,WE,Towers with Radar,316,66,68,0,450,0,8,24,0,32,316,74,92,0,482,18,0,18,500
05/26/2011,OAK,CA,AWP,WE,Towers with Radar,333,64,62,0,459,0,14,100,3,117,333,78,162,3,576,226,0,226,802
05/27/2011,OAK,CA,AWP,WE,Towers with Radar,325,71,68,1,465,0,5,45,1,51,325,76,113,2,516,254,0,254,770
05/28/2011,OAK,CA,AWP,WE,Towers with Radar,219,22,30,1,272,0,0,54,0,54,219,22,84,1,326,118,0,118,444
05/29/2011,OAK,CA,AWP,WE,Towers with Radar,208,16,23,0,247,0,2,84,3,89,208,18,107,3,336,84,0,84,420
05/30/2011,OAK,CA,AWP,WE,Towers with Radar,255,40,44,1,340,0,0,56,2,58,255,40,100,3,398,126,0,126,524
05/31/2011,OAK,CA,AWP,WE,Towers with Radar,293,74,52,0,419,0,4,15,4,23,293,78,67,4,442,0,0,0,442
06/01/2011,OAK,CA,AWP,WE,Towers with Radar,323,66,62,0,451,0,5,27,0,32,323,71,89,0,483,74,0,74,557
06/02/2011,OAK,CA,AWP,WE,Towers with Radar,332,64,81,3,480,0,13,99,2,114,332,77,180,5,594,122,0,122,716
06/03/2011,OAK,CA,AWP,WE,Towers with Radar,317,67,36,1,421,1,6,44,0,51,318,73,80,1,472,64,0,64,536
06/04/2011,OAK,CA,AWP,WE,Towers with Radar,233,31,30,1,295,0,1,6,0,7,233,32,36,1,302,56,0,56,358
06/05/2011,OAK,CA,AWP,WE,Towers with Radar,275,32,47,1,355,0,0,44,4,48,275,32,91,5,403,114,8,122,525
06/06/2011,OAK,CA,AWP,WE,Towers with Radar,301,65,49,0,415,0,5,11,0,16,301,70,60,0,431,134,0,134,565
06/07/2011,OAK,CA,AWP,WE,Towers with Radar,325,57,76,5,463,0,8,92,4,104,325,65,168,9,567,168,22,190,757
06/08/2011,OAK,CA,AWP,WE,Towers with Radar,334,60,86,1,481,0,13,79,1,93,334,73,165,2,574,92,0,92,666
06/09/2011,OAK,CA,AWP,WE,Towers with Radar,329,65,69,1,464,0,6,89,5,100,329,71,158,6,564,120,14,134,698
06/10/2011,OAK,CA,AWP,WE,Towers with Radar,332,76,83,0,491,0,12,92,0,104,332,88,175,0,595,112,0,112,707
06/11/2011,OAK,CA,AWP,WE,Towers with Radar,252,37,40,2,331,0,0,42,0,42,252,37,82,2,373,64,0,64,437
06/12/2011,OAK,CA,AWP,WE,Towers with Radar,267,40,65,1,373,0,3,95,0,98,267,43,160,1,471,30,0,30,501
06/13/2011,OAK,CA,AWP,WE,Towers with Radar,308,48,52,0,408,0,10,58,2,70,308,58,110,2,478,118,0,118,596
06/14/2011,OAK,CA,AWP,WE,Towers with Radar,333,54,69,2,458,0,16,92,0,108,333,70,161,2,566,102,0,102,668
06/15/2011,OAK,CA,AWP,WE,Towers with Radar,328,58,46,1,433,0,17,76,1,94,328,75,122,2,527,78,26,104,631
06/16/2011,OAK,CA,AWP,WE,Towers with Radar,339,51,65,1,456,0,17,113,4,134,339,68,178,5,590,122,0,122,712
06/17/2011,OAK,CA,AWP,WE,Towers with Radar,322,70,46,3,441,0,8,76,3,87,322,78,122,6,528,198,8,206,734
06/18/2011,OAK,CA,AWP,WE,Towers with Radar,245,24,30,0,299,0,0,78,0,78,245,24,108,0,377,88,0,88,465
06/19/2011,OAK,CA,AWP,WE,Towers with Radar,277,33,37,3,350,0,0,87,0,87,277,33,124,3,437,66,0,66,503
06/20/2011,OAK,CA,AWP,WE,Towers with Radar,302,43,59,0,404,0,20,71,3,94,302,63,130,3,498,80,16,96,594
06/21/2011,OAK,CA,AWP,WE,Towers with Radar,323,50,73,0,446,0,16,114,12,142,323,66,187,12,588,38,53,91,679
06/22/2011,OAK,CA,AWP,WE,Towers with Radar,332,68,52,0,452,0,18,73,2,93,332,86,125,2,545,84,62,146,691
06/23/2011,OAK,CA,AWP,WE,Towers with Radar,337,67,88,0,492,0,9,99,0,108,337,76,187,0,600,130,0,130,730
06/24/2011,OAK,CA,AWP,WE,Towers with Radar,333,49,50,0,432,0,14,97,5,116,333,63,147,5,548,160,30,190,738
06/25/2011,OAK,CA,AWP,WE,Towers with Radar,248,26,35,0,309,0,0,80,1,81,248,26,115,1,390,112,0,112,502
06/26/2011,OAK,CA,AWP,WE,Towers with Radar,282,31,52,2,367,0,1,95,0,96,282,32,147,2,463,118,0,118,581
06/27/2011,OAK,CA,AWP,WE,Towers with Radar,306,61,65,0,432,0,4,47,2,53,306,65,112,2,485,128,0,128,613
06/28/2011,OAK,CA,AWP,WE,Towers with Radar,333,67,53,0,453,0,1,3,0,4,333,68,56,0,457,28,0,28,485
06/29/2011,OAK,CA,AWP,WE,Towers with Radar,343,61,68,0,472,0,8,24,7,39,343,69,92,7,511,160,0,160,671
06/30/2011,OAK,CA,AWP,WE,Towers with Radar,334,66,50,0,450,0,24,135,1,160,334,90,185,1,610,102,0,102,712
07/01/2011,OAK,CA,AWP,WE,Towers with Radar,336,54,54,2,446,0,21,126,0,147,336,75,180,2,593,184,0,184,777
07/02/2011,OAK,CA,AWP,WE,Towers with Radar,248,23,32,8,311,0,3,99,2,104,248,26,131,10,415,116,6,122,537
07/03/2011,OAK,CA,AWP,WE,Towers with Radar,188,10,17,0,215,0,1,78,0,79,188,11,95,0,294,58,0,58,352
07/04/2011,OAK,CA,AWP,WE,Towers with Radar,265,16,14,1,296,0,0,70,1,71,265,16,84,2,367,70,0,70,437
07/05/2011,OAK,CA,AWP,WE,Towers with Radar,300,35,52,1,388,0,24,107,0,131,300,59,159,1,519,62,46,108,627
07/06/2011,OAK,CA,AWP,WE,Towers with Radar,330,46,51,0,427,0,15,67,4,86,330,61,118,4,513,98,30,128,641
07/07/2011,OAK,CA,AWP,WE,Towers with Radar,338,50,83,0,471,0,13,90,2,105,338,63,173,2,576,224,0,224,800
07/08/2011,OAK,CA,AWP,WE,Towers with Radar,326,55,51,4,436,0,12,72,0,84,326,67,123,4,520,120,0,120,640
07/09/2011,OAK,CA,AWP,WE,Towers with Radar,246,27,49,4,326,0,1,66,0,67,246,28,115,4,393,128,0,128,521
07/10/2011,OAK,CA,AWP,WE,Towers with Radar,279,42,36,0,357,0,0,92,4,96,279,42,128,4,453,150,0,150,603
07/11/2011,OAK,CA,AWP,WE,Towers with Radar,297,71,67,1,436,0,2,17,1,20,297,73,84,2,456,115,0,115,571
07/12/2011,OAK,CA,AWP,WE,Towers with Radar,339,84,80,1,504,0,0,11,0,11,339,84,91,1,515,18,0,18,533
07/13/2011,OAK,CA,AWP,WE,Towers with Radar,333,74,79,0,486,0,4,5,1,10,333,78,84,1,496,40,0,40,536
07/14/2011,OAK,CA,AWP,WE,Towers with Radar,339,79,86,0,504,0,21,53,10,84,339,100,139,10,588,134,10,144,732
07/15/2011,OAK,CA,AWP,WE,Towers with Radar,327,69,70,2,468,0,1,20,1,22,327,70,90,3,490,88,0,88,578
07/16/2011,OAK,CA,AWP,WE,Towers with Radar,245,25,52,1,323,0,1,22,0,23,245,26,74,1,346,62,0,62,408
07/17/2011,OAK,CA,AWP,WE,Towers with Radar,276,39,59,1,375,0,0,61,0,61,276,39,120,1,436,50,0,50,486
07/18/2011,OAK,CA,AWP,WE,Towers with Radar,307,52,44,0,403,0,16,69,7,92,307,68,113,7,495,118,8,126,621
07/19/2011,OAK,CA,AWP,WE,Towers with Radar,329,57,53,1,440,0,9,76,0,85,329,66,129,1,525,88,0,88,613
07/20/2011,OAK,CA,AWP,WE,Towers with Radar,330,52,50,0,432,0,17,120,3,140,330,69,170,3,572,166,18,184,756
07/21/2011,OAK,CA,AWP,WE,Towers with Radar,335,54,60,0,449,0,13,94,4,111,335,67,154,4,560,148,0,148,708
07/22/2011,OAK,CA,AWP,WE,Towers with Radar,321,67,52,1,441,0,8,90,2,100,321,75,142,3,541,178,0,178,719
07/23/2011,OAK,CA,AWP,WE,Towers with Radar,246,24,42,0,312,0,0,82,0,82,246,24,124,0,394,70,0,70,464
07/24/2011,OAK,CA,AWP,WE,Towers with Radar,273,38,50,1,362,0,1,66,2,69,273,39,116,3,431,116,0,116,547
07/25/2011,OAK,CA,AWP,WE,Towers with Radar,303,53,65,6,427,0,12,61,5,78,303,65,126,11,505,144,24,168,673
07/26/2011,OAK,CA,AWP,WE,Towers with Radar,324,55,53,0,432,1,9,57,0,67,325,64,110,0,499,128,8,136,635
07/27/2011,OAK,CA,AWP,WE,Towers with Radar,333,71,75,1,480,0,15,72,7,94,333,86,147,8,574,160,24,184,758
07/28/2011,OAK,CA,AWP,WE,Towers with Radar,340,54,64,1,459,0,11,96,1,108,340,65,160,2,567,196,0,196,763
07/29/2011,OAK,CA,AWP,WE,Towers with Radar,330,62,51,0,443,0,11,72,0,83,330,73,123,0,526,86,0,86,612
07/30/2011,OAK,CA,AWP,WE,Towers with Radar,254,31,26,0,311,0,0,60,0,60,254,31,86,0,371,124,0,124,495
07/31/2011,OAK,CA,AWP,WE,Towers with Radar,279,35,55,0,369,0,0,62,1,63,279,35,117,1,432,66,0,66,498
08/01/2011,OAK,CA,AWP,WE,Towers with Radar,302,64,43,0,409,0,10,48,0,58,302,74,91,0,467,68,0,68,535
08/02/2011,OAK,CA,AWP,WE,Towers with Radar,337,63,46,10,456,0,8,69,2,79,337,71,115,12,535,224,44,268,803
08/03/2011,OAK,CA,AWP,WE,Towers with Radar,340,67,63,0,470,0,4,44,6,54,340,71,107,6,524,126,64,190,714
08/04/2011,OAK,CA,AWP,WE,Towers with Radar,339,84,80,0,503,0,1,19,1,21,339,85,99,1,524,108,6,114,638
08/05/2011,OAK,CA,AWP,WE,Towers with Radar,326,84,59,4,473,0,7,49,2,58,326,91,108,6,531,40,0,40,571
08/06/2011,OAK,CA,AWP,WE,Towers with Radar,249,44,58,0,351,0,0,42,1,43,249,44,100,1,394,66,0,66,460
08/07/2011,OAK,CA,AWP,WE,Towers with Radar,276,50,94,0,420,0,0,13,0,13,276,50,107,0,433,56,0,56,489
08/08/2011,OAK,CA,AWP,WE,Towers with Radar,302,59,41,1,403,0,10,38,2,50,302,69,79,3,453,26,0,26,479
08/09/2011,OAK,CA,AWP,WE,Towers with Radar,332,65,56,0,453,0,12,65,3,80,332,77,121,3,533,204,22,226,759
08/10/2011,OAK,CA,AWP,WE,Towers with Radar,339,76,47,1,463,0,14,58,3,75,339,90,105,4,538,90,20,110,648
08/11/2011,OAK,CA,AWP,WE,Towers with Radar,339,87,57,2,485,0,2,38,2,42,339,89,95,4,527,130,26,156,683
08/12/2011,OAK,CA,AWP,WE,Towers with Radar,329,73,56,2,460,0,7,83,3,93,329,80,139,5,553,210,14,224,777
08/13/2011,OAK,CA,AWP,WE,Towers with Radar,243,45,31,1,320,0,2,77,2,81,243,47,108,3,401,54,0,54,455
08/14/2011,OAK,CA,AWP,WE,Towers with Radar,255,41,51,8,355,0,0,101,2,103,255,41,152,10,458,118,2,120,578
08/15/2011,OAK,CA,AWP,WE,Towers with Radar,304,54,45,2,405,0,22,54,1,77,304,76,99,3,482,144,0,144,626
08/16/2011,OAK,CA,AWP,WE,Towers with Radar,319,66,31,11,427,0,10,59,11,80,319,76,90,22,507,184,0,184,691
08/17/2011,OAK,CA,AWP,WE,Towers with Radar,336,65,62,1,464,0,9,68,4,81,336,74,130,5,545,176,0,176,721
08/18/2011,OAK,CA,AWP,WE,Towers with Radar,329,74,61,0,464,0,5,71,3,79,329,79,132,3,543,154,0,154,697
08/19/2011,OAK,CA,AWP,WE,Towers with Radar,322,75,62,1,460,0,4,53,0,57,322,79,115,1,517,228,0,228,745
08/20/2011,OAK,CA,AWP,WE,Towers with Radar,247,37,40,0,324,0,0,66,0,66,247,37,106,0,390,118,0,118,508
08/21/2011,OAK,CA,AWP,WE,Towers with Radar,253,47,67,0,367,0,0,69,3,72,253,47,136,3,439,62,0,62,501
08/22/2011,OAK,CA,AWP,WE,Towers with Radar,312,54,54,1,421,0,13,47,2,62,312,67,101,3,483,46,0,46,529
08/23/2011,OAK,CA,AWP,WE,Towers with Radar,332,50,49,0,431,0,17,56,2,75,332,67,105,2,506,148,0,148,654
08/24/2011,OAK,CA,AWP,WE,Towers with Radar,332,58,61,0,451,0,16,110,0,126,332,74,171,0,577,236,0,236,813
08/25/2011,OAK,CA,AWP,WE,Towers with Radar,331,70,61,0,462,0,9,51,0,60,331,79,112,0,522,116,0,116,638
08/26/2011,OAK,CA,AWP,WE,Towers with Radar,327,73,47,2,449,0,6,61,0,67,327,79,108,2,516,82,0,82,598
08/27/2011,OAK,CA,AWP,WE,Towers with Radar,244,46,34,2,326,0,0,63,1,64,244,46,97,3,390,66,0,66,456
08/28/2011,OAK,CA,AWP,WE,Towers with Radar,252,53,49,2,356,0,0,107,0,107,252,53,156,2,463,116,0,116,579
08/29/2011,OAK,CA,AWP,WE,Towers with Radar,294,62,45,1,402,0,15,81,5,101,294,77,126,6,503,214,12,226,729
08/30/2011,OAK,CA,AWP,WE,Towers with Radar,322,65,59,7,453,0,9,56,4,69,322,74,115,11,522,74,32,106,628
08/31/2011,OAK,CA,AWP,WE,Towers with Radar,331,71,57,5,464,0,9,69,2,80,331,80,126,7,544,56,2,58,602
09/01/2011,OAK,CA,AWP,WE,Towers with Radar,334,72,60,0,466,0,10,82,9,101,334,82,142,9,567,86,0,86,653
09/02/2011,OAK,CA,AWP,WE,Towers with Radar,327,76,61,1,465,0,13,116,2,131,327,89,177,3,596,96,4,100,696
09/03/2011,OAK,CA,AWP,WE,Towers with Radar,216,30,49,0,295,0,1,67,1,69,216,31,116,1,364,54,0,54,418
09/04/2011,OAK,CA,AWP,WE,Towers with Radar,207,19,36,0,262,0,3,42,0,45,207,22,78,0,307,20,0,20,327
09/05/2011,OAK,CA,AWP,WE,Towers with Radar,246,53,59,0,358,0,0,90,0,90,246,53,149,0,448,89,0,89,537
09/06/2011,OAK,CA,AWP,WE,Towers with Radar,298,60,42,0,400,0,13,48,0,61,298,73,90,0,461,42,0,42,503
09/07/2011,OAK,CA,AWP,WE,Towers with Radar,348,55,48,0,451,0,16,72,6,94,348,71,120,6,545,100,30,130,675
09/08/2011,OAK,CA,AWP,WE,Towers with Radar,335,71,46,0,452,0,5,73,4,82,335,76,119,4,534,112,0,112,646
09/09/2011,OAK,CA,AWP,WE,Towers with Radar,329,79,77,1,486,0,9,84,1,94,329,88,161,2,580,110,2,112,692
09/10/2011,OAK,CA,AWP,WE,Towers with Radar,240,35,35,0,310,0,0,64,0,64,240,35,99,0,374,96,0,96,470
09/11/2011,OAK,CA,AWP,WE,Towers with Radar,257,42,55,0,354,0,2,65,0,67,257,44,120,0,421,142,0,142,563
09/12/2011,OAK,CA,AWP,WE,Towers with Radar,304,50,60,3,417,0,12,41,4,57,304,62,101,7,474,90,42,132,606
09/13/2011,OAK,CA,AWP,WE,Towers with Radar,332,62,76,0,470,0,4,60,3,67,332,66,136,3,537,96,0,96,633
09/14/2011,OAK,CA,AWP,WE,Towers with Radar,334,65,65,0,464,0,0,25,0,25,334,65,90,0,489,14,0,14,503
09/15/2011,OAK,CA,AWP,WE,Towers with Radar,335,81,81,0,497,0,4,43,0,47,335,85,124,0,544,26,0,26,570
09/16/2011,OAK,CA,AWP,WE,Towers with Radar,325,65,55,0,445,0,3,60,3,66,325,68,115,3,511,192,0,192,703
09/17/2011,OAK,CA,AWP,WE,Towers with Radar,231,29,45,5,310,0,0,88,2,90,231,29,133,7,400,82,0,82,482
09/18/2011,OAK,CA,AWP,WE,Towers with Radar,263,50,54,0,367,0,1,108,0,109,263,51,162,0,476,118,0,118,594
09/19/2011,OAK,CA,AWP,WE,Towers with Radar,308,49,61,0,418,0,15,51,0,66,308,64,112,0,484,102,0,102,586
09/20/2011,OAK,CA,AWP,WE,Towers with Radar,327,54,58,0,439,1,14,101,0,116,328,68,159,0,555,118,0,118,673
09/21/2011,OAK,CA,AWP,WE,Towers with Radar,336,50,65,4,455,0,14,75,4,93,336,64,140,8,548,202,0,202,750
09/22/2011,OAK,CA,AWP,WE,Towers with Radar,337,60,83,1,481,0,4,66,5,75,337,64,149,6,556,92,0,92,648
09/23/2011,OAK,CA,AWP,WE,Towers with Radar,329,52,60,0,441,0,14,89,0,103,329,66,149,0,544,110,0,110,654
09/24/2011,OAK,CA,AWP,WE,Towers with Radar,237,33,39,1,310,0,0,36,0,36,237,33,75,1,346,108,0,108,454
09/25/2011,OAK,CA,AWP,WE,Towers with Radar,266,45,91,4,406,0,0,15,7,22,266,45,106,11,428,24,0,24,452
09/26/2011,OAK,CA,AWP,WE,Towers with Radar,307,72,67,4,450,0,6,42,7,55,307,78,109,11,505,106,20,126,631
09/27/2011,OAK,CA,AWP,WE,Towers with Radar,334,58,56,0,448,0,19,76,0,95,334,77,132,0,543,132,0,132,675
09/28/2011,OAK,CA,AWP,WE,Towers with Radar,329,61,46,0,436,0,13,91,6,110,329,74,137,6,546,172,0,172,718
09/29/2011,OAK,CA,AWP,WE,Towers with Radar,324,63,82,0,469,0,11,88,4,103,324,74,170,4,572,140,0,140,712
09/30/2011,OAK,CA,AWP,WE,Towers with Radar,333,66,58,4,461,0,8,81,2,91,333,74,139,6,552,159,28,187,739
10/01/2011,OAK,CA,AWP,WE,Towers with Radar,233,24,36,0,293,0,2,70,0,72,233,26,106,0,365,128,0,128,493
10/02/2011,OAK,CA,AWP,WE,Towers with Radar,262,36,75,0,373,0,1,82,0,83,262,37,157,0,456,132,0,132,588
10/03/2011,OAK,CA,AWP,WE,Towers with Radar,309,64,41,2,416,0,6,23,5,34,309,70,64,7,450,66,0,66,516
10/04/2011,OAK,CA,AWP,WE,Towers with Radar,334,91,59,0,484,0,3,18,0,21,334,94,77,0,505,42,0,42,547
10/05/2011,OAK,CA,AWP,WE,Towers with Radar,334,70,52,1,457,0,3,31,0,34,334,73,83,1,491,70,4,74,565
10/06/2011,OAK,CA,AWP,WE,Towers with Radar,337,77,57,4,475,0,10,28,10,48,337,87,85,14,523,110,0,110,633
10/07/2011,OAK,CA,AWP,WE,Towers with Radar,334,59,72,0,465,0,12,116,9,137,334,71,188,9,602,100,26,126,728
10/08/2011,OAK,CA,AWP,WE,Towers with Radar,231,28,30,0,289,0,2,65,10,77,231,30,95,10,366,116,20,136,502
10/09/2011,OAK,CA,AWP,WE,Towers with Radar,264,41,59,0,364,0,1,98,5,104,264,42,157,5,468,64,0,64,532
10/10/2011,OAK,CA,AWP,WE,Towers with Radar,307,67,65,2,441,0,0,2,0,2,307,67,67,2,443,0,0,0,443
10/11/2011,OAK,CA,AWP,WE,Towers with Radar,327,79,70,1,477,0,10,45,0,55,327,89,115,1,532,68,0,68,600
10/12/2011,OAK,CA,AWP,WE,Towers with Radar,337,75,46,0,458,0,16,103,9,128,337,91,149,9,586,90,6,96,682
10/13/2011,OAK,CA,AWP,WE,Towers with Radar,340,65,60,2,467,0,15,83,2,100,340,80,143,4,567,80,0,80,647
10/14/2011,OAK,CA,AWP,WE,Towers with Radar,330,74,57,1,462,0,17,91,3,111,330,91,148,4,573,162,0,162,735
10/15/2011,OAK,CA,AWP,WE,Towers with Radar,235,33,59,1,328,0,0,78,0,78,235,33,137,1,406,98,0,98,504
10/16/2011,OAK,CA,AWP,WE,Towers with Radar,264,45,59,0,368,0,0,69,3,72,264,45,128,3,440,140,0,140,580
10/17/2011,OAK,CA,AWP,WE,Towers with Radar,303,56,54,3,416,0,14,49,7,70,303,70,103,10,486,52,48,100,586
10/18/2011,OAK,CA,AWP,WE,Towers with Radar,325,67,65,0,457,0,4,50,2,56,325,71,115,2,513,38,0,38,551
10/19/2011,OAK,CA,AWP,WE,Towers with Radar,331,59,66,0,456,0,7,73,5,85,331,66,139,5,541,224,16,240,781
10/20/2011,OAK,CA,AWP,WE,Towers with Radar,333,63,90,2,488,0,5,56,2,63,333,68,146,4,551,138,0,138,689
10/21/2011,OAK,CA,AWP,WE,Towers with Radar,333,67,52,1,453,0,10,63,1,74,333,77,115,2,527,134,0,134,661
10/22/2011,OAK,CA,AWP,WE,Towers with Radar,230,35,50,2,317,0,0,92,5,97,230,35,142,7,414,212,0,212,626
10/23/2011,OAK,CA,AWP,WE,Towers with Radar,266,34,57,4,361,0,0,92,6,98,266,34,149,10,459,154,4,158,617
10/24/2011,OAK,CA,AWP,WE,Towers with Radar,307,64,37,2,410,0,10,48,5,63,307,74,85,7,473,120,0,120,593
10/25/2011,OAK,CA,AWP,WE,Towers with Radar,322,55,34,0,411,0,21,53,14,88,322,76,87,14,499,40,0,40,539
10/26/2011,OAK,CA,AWP,WE,Towers with Radar,332,70,43,0,445,0,13,122,1,136,332,83,165,1,581,106,0,106,687
10/27/2011,OAK,CA,AWP,WE,Towers with Radar,342,74,49,0,465,0,13,85,13,111,342,87,134,13,576,180,4,184,760
10/28/2011,OAK,CA,AWP,WE,Towers with Radar,334,57,59,0,450,0,15,96,1,112,334,72,155,1,562,92,0,92,654
10/29/2011,OAK,CA,AWP,WE,Towers with Radar,227,26,19,0,272,0,2,90,2,94,227,28,109,2,366,98,0,98,464
10/30/2011,OAK,CA,AWP,WE,Towers with Radar,263,36,65,0,364,0,0,96,2,98,263,36,161,2,462,177,0,177,639
10/31/2011,OAK,CA,AWP,WE,Towers with Radar,276,53,27,3,359,0,11,52,1,64,276,64,79,4,423,78,0,78,501
11/01/2011,OAK,CA,AWP,WE,Towers with Radar,327,66,57,0,450,0,9,45,1,55,327,75,102,1,505,24,0,24,529
11/02/2011,OAK,CA,AWP,WE,Towers with Radar,325,65,46,0,436,0,16,95,4,115,325,81,141,4,551,176,0,176,727
11/03/2011,OAK,CA,AWP,WE,Towers with Radar,333,76,61,1,471,0,5,22,5,32,333,81,83,6,503,184,0,184,687
11/04/2011,OAK,CA,AWP,WE,Towers with Radar,331,62,58,3,454,0,8,34,6,48,331,70,92,9,502,78,2,80,582
11/05/2011,OAK,CA,AWP,WE,Towers with Radar,216,30,33,2,281,0,1,51,1,53,216,31,84,3,334,138,0,138,472
11/06/2011,OAK,CA,AWP,WE,Towers with Radar,258,34,55,0,347,0,0,58,6,64,258,34,113,6,411,180,0,180,591
11/07/2011,OAK,CA,AWP,WE,Towers with Radar,297,63,47,1,408,0,15,61,6,82,297,78,108,7,490,116,0,116,606
11/08/2011,OAK,CA,AWP,WE,Towers with Radar,322,71,51,7,451,1,10,83,6,100,323,81,134,13,551,126,0,126,677
11/09/2011,OAK,CA,AWP,WE,Towers with Radar,330,62,54,4,450,0,14,119,6,139,330,76,173,10,589,118,28,146,735
11/10/2011,OAK,CA,AWP,WE,Towers with Radar,332,68,71,0,471,0,14,88,4,106,332,82,159,4,577,140,0,140,717
11/11/2011,OAK,CA,AWP,WE,Towers with Radar,323,65,66,1,455,0,6,33,0,39,323,71,99,1,494,68,0,68,562
11/12/2011,OAK,CA,AWP,WE,Towers with Radar,237,38,55,0,330,0,0,69,0,69,237,38,124,0,399,242,0,242,641
11/13/2011,OAK,CA,AWP,WE,Towers with Radar,255,49,79,0,383,0,1,103,0,104,255,50,182,0,487,124,0,124,611
11/14/2011,OAK,CA,AWP,WE,Towers with Radar,302,68,64,2,436,0,10,52,5,67,302,78,116,7,503,118,0,118,621
11/15/2011,OAK,CA,AWP,WE,Towers with Radar,327,74,54,3,458,4,15,70,3,92,331,89,124,6,550,102,8,110,660
11/16/2011,OAK,CA,AWP,WE,Towers with Radar,335,68,65,0,468,0,5,59,0,64,335,73,124,0,532,140,0,140,672
11/17/2011,OAK,CA,AWP,WE,Towers with Radar,322,88,71,0,481,0,1,35,0,36,322,89,106,0,517,148,0,148,665
11/18/2011,OAK,CA,AWP,WE,Towers with Radar,330,79,54,0,463,0,4,17,0,21,330,83,71,0,484,102,6,108,592
11/19/2011,OAK,CA,AWP,WE,Towers with Radar,242,39,31,0,312,0,1,86,7,94,242,40,117,7,406,148,0,148,554
11/20/2011,OAK,CA,AWP,WE,Towers with Radar,260,42,58,0,360,0,0,15,1,16,260,42,73,1,376,116,16,132,508
11/21/2011,OAK,CA,AWP,WE,Towers with Radar,297,68,50,4,419,0,4,60,0,64,297,72,110,4,483,106,20,126,609
11/22/2011,OAK,CA,AWP,WE,Towers with Radar,349,75,53,6,483,0,6,43,2,51,349,81,96,8,534,32,36,68,602
11/23/2011,OAK,CA,AWP,WE,Towers with Radar,357,95,56,0,508,0,5,41,0,46,357,100,97,0,554,154,0,154,708
11/24/2011,OAK,CA,AWP,WE,Towers with Radar,191,24,21,0,236,0,0,6,0,6,191,24,27,0,242,10,0,10,252
11/25/2011,OAK,CA,AWP,WE,Towers with Radar,274,49,40,0,363,0,4,31,0,35,274,53,71,0,398,52,0,52,450
11/26/2011,OAK,CA,AWP,WE,Towers with Radar,252,45,58,3,358,0,1,97,0,98,252,46,155,3,456,98,0,98,554
11/27/2011,OAK,CA,AWP,WE,Towers with Radar,305,60,95,4,464,0,1,69,0,70,305,61,164,4,534,54,0,54,588
11/28/2011,OAK,CA,AWP,WE,Towers with Radar,314,65,56,5,440,0,5,37,6,48,314,70,93,11,488,88,18,106,594
11/29/2011,OAK,CA,AWP,WE,Towers with Radar,345,86,44,2,477,0,3,3,0,6,345,89,47,2,483,0,0,0,483
11/30/2011,OAK,CA,AWP,WE,Towers with Radar,329,66,57,1,453,0,11,39,4,54,329,77,96,5,507,24,30,54,561
12/01/2011,OAK,CA,AWP,WE,Towers with Radar,337,60,37,0,434,0,12,21,5,38,337,72,58,5,472,48,0,48,520
12/02/2011,OAK,CA,AWP,WE,Towers with Radar,329,64,54,0,447,0,14,73,1,88,329,78,127,1,535,112,0,112,647
12/03/2011,OAK,CA,AWP,WE,Towers with Radar,239,36,49,0,324,0,1,51,0,52,239,37,100,0,376,26,0,26,402
12/04/2011,OAK,CA,AWP,WE,Towers with Radar,262,29,59,0,350,0,0,136,0,136,262,29,195,0,486,216,0,216,702
12/05/2011,OAK,CA,AWP,WE,Towers with Radar,304,56,36,0,396,0,15,49,1,65,304,71,85,1,461,14,0,14,475
12/06/2011,OAK,CA,AWP,WE,Towers with Radar,347,65,59,0,471,0,14,73,2,89,347,79,132,2,560,122,36,158,718
12/07/2011,OAK,CA,AWP,WE,Towers with Radar,343,57,78,0,478,0,13,109,8,130,343,70,187,8,608,118,20,138,746
12/08/2011,OAK,CA,AWP,WE,Towers with Radar,350,60,54,1,465,0,14,68,6,88,350,74,122,7,553,142,10,152,705
12/09/2011,OAK,CA,AWP,WE,Towers with Radar,347,68,78,1,494,0,10,85,0,95,347,78,163,1,589,160,0,160,749
12/10/2011,OAK,CA,AWP,WE,Towers with Radar,241,26,52,0,319,0,0,114,0,114,241,26,166,0,433,290,0,290,723
12/11/2011,OAK,CA,AWP,WE,Towers with Radar,260,26,49,0,335,1,0,61,0,62,261,26,110,0,397,104,0,104,501
12/12/2011,OAK,CA,AWP,WE,Towers with Radar,304,66,46,0,416,0,7,41,6,54,304,73,87,6,470,166,16,182,652
12/13/2011,OAK,CA,AWP,WE,Towers with Radar,346,60,57,0,463,0,14,49,0,63,346,74,106,0,526,114,0,114,640
12/14/2011,OAK,CA,AWP,WE,Towers with Radar,361,59,61,0,481,0,16,77,3,96,361,75,138,3,577,144,0,144,721
12/15/2011,OAK,CA,AWP,WE,Towers with Radar,361,91,42,1,495,0,8,35,3,46,361,99,77,4,541,110,0,110,651
12/16/2011,OAK,CA,AWP,WE,Towers with Radar,365,67,71,2,505,0,12,74,1,87,365,79,145,3,592,140,0,140,732
12/17/2011,OAK,CA,AWP,WE,Towers with Radar,268,39,40,1,348,0,2,103,0,105,268,41,143,1,453,166,0,166,619
12/18/2011,OAK,CA,AWP,WE,Towers with Radar,281,36,82,1,400,0,0,39,0,39,281,36,121,1,439,164,0,164,603
12/19/2011,OAK,CA,AWP,WE,Towers with Radar,307,64,55,2,428,0,9,68,1,78,307,73,123,3,506,36,0,36,542
12/20/2011,OAK,CA,AWP,WE,Towers with Radar,379,70,59,0,508,0,11,62,0,73,379,81,121,0,581,50,0,50,631
12/21/2011,OAK,CA,AWP,WE,Towers with Radar,401,65,66,2,534,0,11,54,0,65,401,76,120,2,599,116,0,116,715
12/22/2011,OAK,CA,AWP,WE,Towers with Radar,398,67,44,0,509,0,14,49,0,63,398,81,93,0,572,42,0,42,614
12/23/2011,OAK,CA,AWP,WE,Towers with Radar,401,56,51,1,509,0,15,62,0,77,401,71,113,1,586,120,0,120,706
12/24/2011,OAK,CA,AWP,WE,Towers with Radar,256,29,25,0,310,0,8,46,1,55,256,37,71,1,365,90,0,90,455
12/25/2011,OAK,CA,AWP,WE,Towers with Radar,221,26,15,0,262,0,0,24,0,24,221,26,39,0,286,26,0,26,312
12/26/2011,OAK,CA,AWP,WE,Towers with Radar,296,38,57,1,392,0,0,13,0,13,296,38,70,1,405,2,0,2,407
12/27/2011,OAK,CA,AWP,WE,Towers with Radar,319,54,34,0,407,0,10,67,0,77,319,64,101,0,484,100,0,100,584
12/28/2011,OAK,CA,AWP,WE,Towers with Radar,357,59,29,0,445,0,11,66,0,77,357,70,95,0,522,112,0,112,634
12/29/2011,OAK,CA,AWP,WE,Towers with Radar,342,82,54,0,478,0,1,22,1,24,342,83,76,1,502,68,0,68,570
12/30/2011,OAK,CA,AWP,WE,Towers with Radar,334,82,39,0,455,0,0,7,0,7,334,82,46,0,462,36,0,36,498
12/31/2011,OAK,CA,AWP,WE,Towers with Radar,234,30,30,0,294,0,0,83,0,83,234,30,113,0,377,194,0,194,571
01/01/2012,OAK,CA,AWP,WE,Towers with Radar,212,48,49,0,309,0,0,53,0,53,212,48,102,0,362,0,0,0,362
01/02/2012,OAK,CA,AWP,WE,Towers with Radar,285,38,53,0,376,0,0,69,0,69,285,38,122,0,445,108,0,108,553
01/03/2012,OAK,CA,AWP,WE,Towers with Radar,306,70,63,0,439,0,9,18,0,27,306,79,81,0,466,54,0,54,520
01/04/2012,OAK,CA,AWP,WE,Towers with Radar,331,67,55,0,453,0,16,77,0,93,331,83,132,0,546,106,8,114,660
01/05/2012,OAK,CA,AWP,WE,Towers with Radar,330,67,47,0,444,0,9,72,5,86,330,76,119,5,530,62,30,92,622
01/06/2012,OAK,CA,AWP,WE,Towers with Radar,323,61,52,3,439,0,7,76,2,85,323,68,128,5,524,138,0,138,662
01/07/2012,OAK,CA,AWP,WE,Towers with Radar,233,29,49,0,311,0,1,104,0,105,233,30,153,0,416,220,0,220,636
01/08/2012,OAK,CA,AWP,WE,Towers with Radar,240,43,52,0,335,0,2,76,0,78,240,45,128,0,413,58,0,58,471
01/09/2012,OAK,CA,AWP,WE,Towers with Radar,279,53,40,2,374,0,14,52,1,67,279,67,92,3,441,96,0,96,537
01/10/2012,OAK,CA,AWP,WE,Towers with Radar,309,66,60,0,435,0,14,53,5,72,309,80,113,5,507,90,26,116,623
01/11/2012,OAK,CA,AWP,WE,Towers with Radar,310,77,59,0,446,0,10,94,6,110,310,87,153,6,556,84,0,84,640
01/12/2012,OAK,CA,AWP,WE,Towers with Radar,313,63,69,0,445,0,12,81,1,94,313,75,150,1,539,62,0,62,601
01/13/2012,OAK,CA,AWP,WE,Towers with Radar,306,71,54,0,431,0,9,65,1,75,306,80,119,1,506,96,0,96,602
01/14/2012,OAK,CA,AWP,WE,Towers with Radar,204,26,37,0,267,0,1,77,3,81,204,27,114,3,348,176,0,176,524
01/15/2012,OAK,CA,AWP,WE,Towers with Radar,230,27,39,0,296,0,0,44,1,45,230,27,83,1,341,96,0,96,437
01/16/2012,OAK,CA,AWP,WE,Towers with Radar,286,50,35,0,371,0,4,97,0,101,286,54,132,0,472,82,0,82,554
01/17/2012,OAK,CA,AWP,WE,Towers with Radar,305,65,47,2,419,0,15,60,4,79,305,80,107,6,498,72,26,98,596
01/18/2012,OAK,CA,AWP,WE,Towers with Radar,295,73,35,0,403,0,9,47,5,61,295,82,82,5,464,98,0,98,562
01/19/2012,OAK,CA,AWP,WE,Towers with Radar,295,75,54,0,424,0,2,22,2,26,295,77,76,2,450,90,14,104,554
01/20/2012,OAK,CA,AWP,WE,Towers with Radar,300,101,63,0,464,0,0,6,0,6,300,101,69,0,470,0,0,0,470
01/21/2012,OAK,CA,AWP,WE,Towers with Radar,208,27,37,0,272,0,2,19,3,24,208,29,56,3,296,20,0,20,316
01/22/2012,OAK,CA,AWP,WE,Towers with Radar,241,82,72,0,395,0,0,14,0,14,241,82,86,0,409,48,0,48,457
01/23/2012,OAK,CA,AWP,WE,Towers with Radar,295,90,59,0,444,0,6,9,0,15,295,96,68,0,459,56,0,56,515
01/24/2012,OAK,CA,AWP,WE,Towers with Radar,303,65,61,0,429,0,5,48,0,53,303,70,109,0,482,130,0,130,612
01/25/2012,OAK,CA,AWP,WE,Towers with Radar,313,66,75,0,454,0,5,58,2,65,313,71,133,2,519,34,0,34,553
01/26/2012,OAK,CA,AWP,WE,Towers with Radar,316,94,92,0,502,0,2,3,0,5,316,96,95,0,507,0,0,0,507
01/27/2012,OAK,CA,AWP,WE,Towers with Radar,302,74,51,4,431,0,6,97,7,110,302,80,148,11,541,144,0,144,685
01/28/2012,OAK,CA,AWP,WE,Towers with Radar,205,29,41,0,275,0,2,148,6,156,205,31,189,6,431,138,0,138,569
01/29/2012,OAK,CA,AWP,WE,Towers with Radar,236,35,56,0,327,1,2,108,0,111,237,37,164,0,438,62,0,62,500
01/30/2012,OAK,CA,AWP,WE,Towers with Radar,284,60,33,6,383,0,13,41,0,54,284,73,74,6,437,188,0,188,625
01/31/2012,OAK,CA,AWP,WE,Towers with Radar,313,71,45,2,431,0,5,33,0,38,313,76,78,2,469,130,0,130,599
02/01/2012,OAK,CA,AWP,WE,Towers with Radar,304,86,87,0,477,0,5,26,0,31,304,91,113,0,508,76,0,76,584
02/02/2012,OAK,CA,AWP,WE,Towers with Radar,319,75,41,0,435,0,11,86,1,98,319,86,127,1,533,108,0,108,641
02/03/2012,OAK,CA,AWP,WE,Towers with Radar,301,62,54,0,417,0,10,88,1,99,301,72,142,1,516,52,0,52,568
02/04/2012,OAK,CA,AWP,WE,Towers with Radar,202,29,32,1,264,0,2,117,2,121,202,31,149,3,385,134,0,134,519
02/05/2012,OAK,CA,AWP,WE,Towers with Radar,227,26,45,0,298,0,0,92,2,94,227,26,137,2,392,114,0,114,506
02/06/2012,OAK,CA,AWP,WE,Towers with Radar,280,52,55,0,387,0,18,50,2,70,280,70,105,2,457,18,0,18,475
02/07/2012,OAK,CA,AWP,WE,Towers with Radar,304,71,50,6,431,0,4,27,4,35,304,75,77,10,466,50,54,104,570
02/08/2012,OAK,CA,AWP,WE,Towers with Radar,311,57,73,5,446,0,8,50,4,62,311,65,123,9,508,30,0,30,538
02/09/2012,OAK,CA,AWP,WE,Towers with Radar,311,61,52,0,424,0,17,70,3,90,311,78,122,3,514,146,0,146,660
02/10/2012,OAK,CA,AWP,WE,Towers with Radar,300,67,67,2,436,0,3,43,3,49,300,70,110,5,485,76,0,76,561
02/11/2012,OAK,CA,AWP,WE,Towers with Radar,201,36,44,3,284,0,0,37,1,38,201,36,81,4,322,190,0,190,512
02/12/2012,OAK,CA,AWP,WE,Towers with Radar,251,29,49,2,331,0,0,50,0,50,251,29,99,2,381,116,0,116,497
02/13/2012,OAK,CA,AWP,WE,Towers with Radar,294,68,45,0,407,0,4,16,1,21,294,72,61,1,428,13,0,13,441
02/14/2012,OAK,CA,AWP,WE,Towers with Radar,322,56,47,1,426,0,13,61,4,78,322,69,108,5,504,166,38,204,708
02/15/2012,OAK,CA,AWP,WE,Towers with Radar,321,75,55,1,452,0,9,51,4,64,321,84,106,5,516,98,50,148,664
02/16/2012,OAK,CA,AWP,WE,Towers with Radar,326,57,43,1,427,0,9,35,7,51,326,66,78,8,478,88,4,92,570
02/17/2012,OAK,CA,AWP,WE,Towers with Radar,317,87,86,0,490,0,6,51,0,57,317,93,137,0,547,106,0,106,653
02/18/2012,OAK,CA,AWP,WE,Towers with Radar,223,51,50,2,326,0,1,66,1,68,223,52,116,3,394,56,0,56,450
02/19/2012,OAK,CA,AWP,WE,Towers with Radar,240,30,34,1,305,0,1,95,5,101,240,31,129,6,406,156,0,156,562
02/20/2012,OAK,CA,AWP,WE,Towers with Radar,294,58,48,0,400,0,7,31,1,39,294,65,79,1,439,140,0,140,579
02/21/2012,OAK,CA,AWP,WE,Towers with Radar,316,62,41,0,419,0,9,61,0,70,316,71,102,0,489,94,0,94,583
02/22/2012,OAK,CA,AWP,WE,Towers with Radar,314,67,50,7,438,0,10,93,3,106,314,77,143,10,544,162,0,162,706
02/23/2012,OAK,CA,AWP,WE,Towers with Radar,317,67,59,0,443,0,10,75,2,87,317,77,134,2,530,60,0,60,590
02/24/2012,OAK,CA,AWP,WE,Towers with Radar,310,70,55,2,437,0,14,90,1,105,310,84,145,3,542,116,0,116,658
02/25/2012,OAK,CA,AWP,WE,Towers with Radar,220,35,41,1,297,0,1,100,2,103,220,36,141,3,400,188,0,188,588
02/26/2012,OAK,CA,AWP,WE,Towers with Radar,251,47,41,2,341,0,0,96,0,96,251,47,137,2,437,70,0,70,507
02/27/2012,OAK,CA,AWP,WE,Towers with Radar,292,60,48,0,400,0,10,43,4,57,292,70,91,4,457,22,0,22,479
02/28/2012,OAK,CA,AWP,WE,Towers with Radar,313,71,61,0,445,0,5,32,2,39,313,76,93,2,484,78,0,78,562
02/29/2012,OAK,CA,AWP,WE,Towers with Radar,315,77,75,0,467,0,5,8,0,13,315,82,83,0,480,16,0,16,496
03/01/2012,OAK,CA,AWP,WE,Towers with Radar,323,78,61,0,462,0,5,13,0,18,323,83,74,0,480,16,0,16,496
03/02/2012,OAK,CA,AWP,WE,Towers with Radar,318,58,58,0,434,0,13,100,0,113,318,71,158,0,547,132,0,132,679
03/03/2012,OAK,CA,AWP,WE,Towers with Radar,219,23,43,1,286,0,3,112,1,116,219,26,155,2,402,126,0,126,528
03/04/2012,OAK,CA,AWP,WE,Towers with Radar,243,39,70,4,356,0,0,141,1,142,243,39,211,5,498,190,0,190,688
03/05/2012,OAK,CA,AWP,WE,Towers with Radar,291,59,37,0,387,0,10,55,4,69,291,69,92,4,456,168,22,190,646
03/06/2012,OAK,CA,AWP,WE,Towers with Radar,306,62,37,4,409,0,12,16,6,34,306,74,53,10,443,0,28,28,471
03/07/2012,OAK,CA,AWP,WE,Towers with Radar,308,75,52,0,435,0,11,75,2,88,308,86,127,2,523,20,58,78,601
03/08/2012,OAK,CA,AWP,WE,Towers with Radar,314,71,54,0,439,0,12,82,0,94,314,83,136,0,533,136,0,136,669
03/09/2012,OAK,CA,AWP,WE,Towers with Radar,307,68,58,5,438,0,16,66,0,82,307,84,124,5,520,182,4,186,706
03/10/2012,OAK,CA,AWP,WE,Towers with Radar,225,45,48,0,318,0,0,50,0,50,225,45,98,0,368,110,0,110,478
03/11/2012,OAK,CA,AWP,WE,Towers with Radar,247,52,61,2,362,0,0,25,0,25,247,52,86,2,387,174,0,174,561
03/12/2012,OAK,CA,AWP,WE,Towers with Radar,287,56,43,0,386,0,13,46,4,63,287,69,89,4,449,0,18,18,467
03/13/2012,OAK,CA,AWP,WE,Towers with Radar,319,89,61,0,469,0,1,13,0,14,319,90,74,0,483,2,0,2,485
03/14/2012,OAK,CA,AWP,WE,Towers with Radar,325,99,71,0,495,0,0,3,0,3,325,99,74,0,498,0,0,0,498
03/15/2012,OAK,CA,AWP,WE,Towers with Radar,326,105,81,2,514,0,4,7,2,13,326,109,88,4,527,24,0,24,551
03/16/2012,OAK,CA,AWP,WE,Towers with Radar,326,104,49,0,479,0,0,3,4,7,326,104,52,4,486,0,0,0,486
03/17/2012,OAK,CA,AWP,WE,Towers with Radar,236,42,49,3,330,0,0,21,0,21,236,42,70,3,351,72,0,72,423
03/18/2012,OAK,CA,AWP,WE,Towers with Radar,249,40,40,1,330,0,0,28,1,29,249,40,68,2,359,94,0,94,453
03/19/2012,OAK,CA,AWP,WE,Towers with Radar,294,63,35,0,392,0,20,46,3,69,294,83,81,3,461,50,54,104,565
03/20/2012,OAK,CA,AWP,WE,Towers with Radar,312,69,54,0,435,0,11,35,3,49,312,80,89,3,484,86,10,96,580
03/21/2012,OAK,CA,AWP,WE,Towers with Radar,317,69,74,1,461,0,8,88,6,102,317,77,162,7,563,174,0,174,737
03/22/2012,OAK,CA,AWP,WE,Towers with Radar,320,71,70,1,462,0,8,41,1,50,320,79,111,2,512,82,0,82,594
03/23/2012,OAK,CA,AWP,WE,Towers with Radar,317,80,63,0,460,0,8,77,1,86,317,88,140,1,546,74,0,74,620
03/24/2012,OAK,CA,AWP,WE,Towers with Radar,233,51,24,1,309,0,0,5,0,5,233,51,29,1,314,88,0,88,402
03/25/2012,OAK,CA,AWP,WE,Towers with Radar,256,53,47,0,356,0,1,37,2,40,256,54,84,2,396,226,0,226,622
03/26/2012,OAK,CA,AWP,WE,Towers with Radar,289,63,38,1,391,0,9,46,0,55,289,72,84,1,446,32,0,32,478
03/27/2012,OAK,CA,AWP,WE,Towers with Radar,321,77,45,2,445,0,2,17,0,19,321,79,62,2,464,10,0,10,474
03/28/2012,OAK,CA,AWP,WE,Towers with Radar,319,94,75,2,490,0,5,29,3,37,319,99,104,5,527,70,20,90,617
03/29/2012,OAK,CA,AWP,WE,Towers with Radar,323,81,69,1,474,0,5,38,5,48,323,86,107,6,522,56,24,80,602
03/30/2012,OAK,CA,AWP,WE,Towers with Radar,313,73,54,5,445,0,9,48,6,63,313,82,102,11,508,90,0,90,598
03/31/2012,OAK,CA,AWP,WE,Towers with Radar,244,52,31,8,335,0,0,3,0,3,244,52,34,8,338,18,0,18,356
04/01/2012,OAK,CA,AWP,WE,Towers with Radar,254,54,52,2,362,0,0,79,0,79,254,54,131,2,441,38,0,38,479
04/02/2012,OAK,CA,AWP,WE,Towers with Radar,302,59,38,0,399,0,19,48,1,68,302,78,86,1,467,60,0,60,527
04/03/2012,OAK,CA,AWP,WE,Towers with Radar,313,80,54,1,448,0,7,53,2,62,313,87,107,3,510,74,0,74,584
04/04/2012,OAK,CA,AWP,WE,Towers with Radar,323,69,48,1,441,0,9,36,9,54,323,78,84,10,495,43,2,45,540
04/05/2012,OAK,CA,AWP,WE,Towers with Radar,326,61,65,0,452,0,12,72,5,89,326,73,137,5,541,22,26,48,589
04/06/2012,OAK,CA,AWP,WE,Towers with Radar,319,75,63,2,459,0,15,69,5,89,319,90,132,7,548,60,0,60,608
04/07/2012,OAK,CA,AWP,WE,Towers with Radar,244,28,38,0,310,0,4,124,3,131,244,32,162,3,441,84,2,86,527
04/08/2012,OAK,CA,AWP,WE,Towers with Radar,254,43,52,0,349,0,0,69,0,69,254,43,121,0,418,60,0,60,478
04/09/2012,OAK,CA,AWP,WE,Towers with Radar,295,46,45,0,386,0,12,65,2,79,295,58,110,2,465,34,0,34,499
04/10/2012,OAK,CA,AWP,WE,Towers with Radar,326,73,60,0,459,0,3,10,3,16,326,76,70,3,475,42,0,42,517
04/11/2012,OAK,CA,AWP,WE,Towers with Radar,336,59,70,7,472,0,3,18,1,22,336,62,88,8,494,70,20,90,584
04/12/2012,OAK,CA,AWP,WE,Towers with Radar,335,54,52,0,441,0,4,14,0,18,335,58,66,0,459,34,0,34,493
04/13/2012,OAK,CA,AWP,WE,Towers with Radar,328,53,43,1,425,0,5,20,2,27,328,58,63,3,452,68,0,68,520
04/14/2012,OAK,CA,AWP,WE,Towers with Radar,256,29,37,0,322,0,0,108,0,108,256,29,145,0,430,78,0,78,508
04/15/2012,OAK,CA,AWP,WE,Towers with Radar,265,31,62,1,359,0,0,111,0,111,265,31,173,1,470,26,0,26,496
04/16/2012,OAK,CA,AWP,WE,Towers with Radar,301,55,68,0,424,0,11,49,0,60,301,66,117,0,484,28,0,28,512
04/17/2012,OAK,CA,AWP,WE,Towers with Radar,326,63,89,0,478,0,6,51,0,57,326,69,140,0,535,70,0,70,605
04/18/2012,OAK,CA,AWP,WE,Towers with Radar,337,67,78,2,484,0,8,84,10,102,337,75,162,12,586,46,12,58,644
04/19/2012,OAK,CA,AWP,WE,Towers with Radar,334,74,80,2,490,0,6,59,4,69,334,80,139,6,559,73,62,135,694
04/20/2012,OAK,CA,AWP,WE,Towers with Radar,323,50,91,0,464,0,16,95,1,112,323,66,186,1,576,92,0,92,668
04/21/2012,OAK,CA,AWP,WE,Towers with Radar,248,25,37,6,316,0,2,98,1,101,248,27,135,7,417,178,0,178,595
04/22/2012,OAK,CA,AWP,WE,Towers with Radar,267,27,36,5,335,0,0,80,4,84,267,27,116,9,419,70,4,74,493
04/23/2012,OAK,CA,AWP,WE,Towers with Radar,312,68,66,0,446,0,9,23,0,32,312,77,89,0,478,82,0,82,560
04/24/2012,OAK,CA,AWP,WE,Towers with Radar,326,68,79,0,473,0,6,88,2,96,326,74,167,2,569,66,0,66,635
04/25/2012,OAK,CA,AWP,WE,Towers with Radar,330,62,71,0,463,0,7,51,0,58,330,69,122,0,521,48,0,48,569
04/26/2012,OAK,CA,AWP,WE,Towers with Radar,346,88,67,0,501,0,5,32,3,40,346,93,99,3,541,4,0,4,545
04/27/2012,OAK,CA,AWP,WE,Towers with Radar,339,55,51,0,445,0,15,114,0,129,339,70,165,0,574,90,0,90,664
04/28/2012,OAK,CA,AWP,WE,Towers with Radar,244,25,42,0,311,0,2,101,0,103,244,27,143,0,414,116,0,116,530
04/29/2012,OAK,CA,AWP,WE,Towers with Radar,273,31,47,1,352,0,0,114,2,116,273,31,161,3,468,0,0,0,468
04/30/2012,OAK,CA,AWP,WE,Towers with Radar,304,49,54,0,407,0,15,50,6,71,304,64,104,6,478,12,10,22,500
05/01/2012,OAK,CA,AWP,WE,Towers with Radar,325,56,59,6,446,0,8,91,19,118,325,64,150,25,564,44,6,50,614
05/02/2012,OAK,CA,AWP,WE,Towers with Radar,341,59,59,2,461,0,10,69,3,82,341,69,128,5,543,56,10,66,609
05/03/2012,OAK,CA,AWP,WE,Towers with Radar,342,82,72,0,496,0,3,26,0,29,342,85,98,0,525,113,0,113,638
05/04/2012,OAK,CA,AWP,WE,Towers with Radar,338,52,46,0,436,0,8,68,4,80,338,60,114,4,516,98,0,98,614
05/05/2012,OAK,CA,AWP,WE,Towers with Radar,239,28,31,0,298,0,1,89,6,96,239,29,120,6,394,70,0,70,464
05/06/2012,OAK,CA,AWP,WE,Towers with Radar,273,26,48,0,347,0,0,133,0,133,273,26,181,0,480,102,0,102,582
05/07/2012,OAK,CA,AWP,WE,Towers with Radar,319,40,40,1,400,0,17,61,3,81,319,57,101,4,481,76,24,100,581
05/08/2012,OAK,CA,AWP,WE,Towers with Radar,327,57,55,0,439,0,13,58,2,73,327,70,113,2,512,82,12,94,606
05/09/2012,OAK,CA,AWP,WE,Towers with Radar,333,49,57,0,439,0,12,105,8,125,333,61,162,8,564,130,0,130,694
05/10/2012,OAK,CA,AWP,WE,Towers with Radar,355,49,58,2,464,0,12,64,9,85,355,61,122,11,549,122,26,148,697
05/11/2012,OAK,CA,AWP,WE,Towers with Radar,348,47,85,0,480,0,20,102,7,129,348,67,187,7,609,152,0,152,761
05/12/2012,OAK,CA,AWP,WE,Towers with Radar,251,24,45,0,320,0,1,95,0,96,251,25,140,0,416,126,0,126,542
05/13/2012,OAK,CA,AWP,WE,Towers with Radar,274,34,69,0,377,0,1,71,0,72,274,35,140,0,449,98,0,98,547
05/14/2012,OAK,CA,AWP,WE,Towers with Radar,320,58,53,0,431,0,14,50,0,64,320,72,103,0,495,122,0,122,617
05/15/2012,OAK,CA,AWP,WE,Towers with Radar,330,57,63,0,450,0,9,73,4,86,330,66,136,4,536,48,0,48,584
05/16/2012,OAK,CA,AWP,WE,Towers with Radar,342,60,60,0,462,0,3,31,3,37,342,63,91,3,499,30,0,30,529
05/17/2012,OAK,CA,AWP,WE,Towers with Radar,350,79,75,1,505,1,6,61,3,71,351,85,136,4,576,74,0,74,650
05/18/2012,OAK,CA,AWP,WE,Towers with Radar,340,47,72,0,459,0,19,106,0,125,340,66,178,0,584,100,0,100,684
05/19/2012,OAK,CA,AWP,WE,Towers with Radar,250,30,38,0,318,0,0,89,1,90,250,30,127,1,408,58,0,58,466
05/20/2012,OAK,CA,AWP,WE,Towers with Radar,274,31,61,0,366,0,3,115,0,118,274,34,176,0,484,86,0,86,570
05/21/2012,OAK,CA,AWP,WE,Towers with Radar,315,53,56,0,424,0,6,31,1,38,315,59,87,1,462,50,0,50,512
05/22/2012,OAK,CA,AWP,WE,Towers with Radar,336,60,51,0,447,0,9,63,1,73,336,69,114,1,520,34,0,34,554
05/23/2012,OAK,CA,AWP,WE,Towers with Radar,338,64,48,0,450,0,7,40,1,48,338,71,88,1,498,42,0,42,540
05/24/2012,OAK,CA,AWP,WE,Towers with Radar,350,60,66,0,476,0,13,84,2,99,350,73,150,2,575,50,0,50,625
05/25/2012,OAK,CA,AWP,WE,Towers with Radar,346,60,56,7,469,0,9,48,0,57,346,69,104,7,526,34,0,34,560
05/26/2012,OAK,CA,AWP,WE,Towers with Radar,219,25,56,3,303,0,1,26,2,29,219,26,82,5,332,34,0,34,366
05/27/2012,OAK,CA,AWP,WE,Towers with Radar,216,18,36,3,273,0,0,54,4,58,216,18,90,7,331,52,0,52,383
05/28/2012,OAK,CA,AWP,WE,Towers with Radar,276,31,47,2,356,0,1,76,0,77,276,32,123,2,433,58,0,58,491
05/29/2012,OAK,CA,AWP,WE,Towers with Radar,301,57,60,1,419,0,10,69,3,82,301,67,129,4,501,120,0,120,621
05/30/2012,OAK,CA,AWP,WE,Towers with Radar,342,68,70,0,480,0,10,56,0,66,342,78,126,0,546,88,0,88,634
05/31/2012,OAK,CA,AWP,WE,Towers with Radar,351,57,54,2,464,0,12,78,2,92,351,69,132,4,556,186,2,188,744
06/01/2012,OAK,CA,AWP,WE,Towers with Radar,349,63,51,2,465,0,12,76,5,93,349,75,127,7,558,138,22,160,718
06/02/2012,OAK,CA,AWP,WE,Towers with Radar,252,28,53,1,334,0,0,59,0,59,252,28,112,1,393,138,0,138,531
06/03/2012,OAK,CA,AWP,WE,Towers with Radar,295,36,78,1,410,0,0,127,1,128,295,36,205,2,538,94,0,94,632
06/04/2012,OAK,CA,AWP,WE,Towers with Radar,323,57,53,0,433,0,5,13,0,18,323,62,66,0,451,110,0,110,561
06/05/2012,OAK,CA,AWP,WE,Towers with Radar,337,48,71,0,456,0,10,71,1,82,337,58,142,1,538,72,0,72,610
06/06/2012,OAK,CA,AWP,WE,Towers with Radar,341,45,58,1,445,0,14,70,3,87,341,59,128,4,532,22,0,22,554
06/07/2012,OAK,CA,AWP,WE,Towers with Radar,346,56,64,1,467,0,11,68,0,79,346,67,132,1,546,100,0,100,646
06/08/2012,OAK,CA,AWP,WE,Towers with Radar,348,58,63,0,469,0,11,106,1,118,348,69,169,1,587,70,0,70,657
06/09/2012,OAK,CA,AWP,WE,Towers with Radar,262,22,44,0,328,0,3,88,1,92,262,25,132,1,420,120,0,120,540
06/10/2012,OAK,CA,AWP,WE,Towers with Radar,300,27,61,2,390,0,3,134,1,138,300,30,195,3,528,102,0,102,630
06/11/2012,OAK,CA,AWP,WE,Towers with Radar,323,47,65,2,437,0,14,82,0,96,323,61,147,2,533,28,0,28,561
06/12/2012,OAK,CA,AWP,WE,Towers with Radar,340,46,61,0,447,0,14,65,3,82,340,60,126,3,529,148,0,148,677
06/13/2012,OAK,CA,AWP,WE,Towers with Radar,351,61,109,0,521,0,9,86,4,99,351,70,195,4,620,124,0,124,744
06/14/2012,OAK,CA,AWP,WE,Towers with Radar,347,51,60,2,460,0,14,65,5,84,347,65,125,7,544,74,0,74,618
06/15/2012,OAK,CA,AWP,WE,Towers with Radar,348,48,54,0,450,0,14,109,0,123,348,62,163,0,573,162,0,162,735
06/16/2012,OAK,CA,AWP,WE,Towers with Radar,268,25,35,0,328,0,5,111,5,121,268,30,146,5,449,224,0,224,673
06/17/2012,OAK,CA,AWP,WE,Towers with Radar,295,29,67,1,392,0,1,90,4,95,295,30,157,5,487,76,0,76,563
06/18/2012,OAK,CA,AWP,WE,Towers with Radar,327,41,67,1,436,0,14,77,4,95,327,55,144,5,531,116,4,120,651
06/19/2012,OAK,CA,AWP,WE,Towers with Radar,343,52,47,0,442,0,10,63,1,74,343,62,110,1,516,66,2,68,584
06/20/2012,OAK,CA,AWP,WE,Towers with Radar,348,53,50,0,451,0,14,101,8,123,348,67,151,8,574,182,0,182,756
06/21/2012,OAK,CA,AWP,WE,Towers with Radar,356,75,107,3,541,0,4,11,5,20,356,79,118,8,561,42,0,42,603
06/22/2012,OAK,CA,AWP,WE,Towers with Radar,342,70,95,0,507,0,7,71,5,83,342,77,166,5,590,110,16,126,716
06/23/2012,OAK,CA,AWP,WE,Towers with Radar,269,28,61,1,359,0,0,136,0,136,269,28,197,1,495,68,0,68,563
06/24/2012,OAK,CA,AWP,WE,Towers with Radar,295,34,75,2,406,0,2,134,0,136,295,36,209,2,542,86,0,86,628
06/25/2012,OAK,CA,AWP,WE,Towers with Radar,318,55,65,0,438,0,10,70,2,82,318,65,135,2,520,102,0,102,622
06/26/2012,OAK,CA,AWP,WE,Towers with Radar,349,46,73,2,470,0,9,75,4,88,349,55,148,6,558,56,0,56,614
06/27/2012,OAK,CA,AWP,WE,Towers with Radar,345,44,65,0,454,0,10,88,3,101,345,54,153,3,555,36,14,50,605
06/28/2012,OAK,CA,AWP,WE,Towers with Radar,355,73,73,0,501,0,12,94,9,115,355,85,167,9,616,70,10,80,696
06/29/2012,OAK,CA,AWP,WE,Towers with Radar,355,75,92,1,523,0,5,40,0,45,355,80,132,1,568,58,0,58,626
06/30/2012,OAK,CA,AWP,WE,Towers with Radar,265,32,52,2,351,0,0,53,3,56,265,32,105,5,407,92,0,92,499
07/01/2012,OAK,CA,AWP,WE,Towers with Radar,303,41,78,0,422,0,0,13,2,15,303,41,91,2,437,33,0,33,470
07/02/2012,OAK,CA,AWP,WE,Towers with Radar,330,41,45,2,418,0,7,60,3,70,330,48,105,5,488,56,0,56,544
07/03/2012,OAK,CA,AWP,WE,Towers with Radar,347,51,37,0,435,0,9,63,1,73,347,60,100,1,508,142,6,148,656
07/04/2012,OAK,CA,AWP,WE,Towers with Radar,277,22,25,2,326,0,0,62,5,67,277,22,87,7,393,54,0,54,447
07/05/2012,OAK,CA,AWP,WE,Towers with Radar,356,53,75,1,485,0,6,62,2,70,356,59,137,3,555,76,0,76,631
07/06/2012,OAK,CA,AWP,WE,Towers with Radar,347,49,65,3,464,0,8,65,0,73,347,57,130,3,537,118,0,118,655
07/07/2012,OAK,CA,AWP,WE,Towers with Radar,270,17,68,2,357,0,2,73,0,75,270,19,141,2,432,38,0,38,470
07/08/2012,OAK,CA,AWP,WE,Towers with Radar,307,41,69,0,417,0,1,75,0,76,307,42,144,0,493,42,0,42,535
07/09/2012,OAK,CA,AWP,WE,Towers with Radar,321,49,52,0,422,0,11,41,14,66,321,60,93,14,488,102,0,102,590
07/10/2012,OAK,CA,AWP,WE,Towers with Radar,341,57,57,0,455,0,8,67,0,75,341,65,124,0,530,64,0,64,594
07/11/2012,OAK,CA,AWP,WE,Towers with Radar,354,50,50,1,455,0,14,93,1,108,354,64,143,2,563,46,0,46,609
07/12/2012,OAK,CA,AWP,WE,Towers with Radar,353,53,61,2,469,0,12,92,3,107,353,65,153,5,576,68,0,68,644
07/13/2012,OAK,CA,AWP,WE,Towers with Radar,352,63,96,3,514,0,0,11,0,11,352,63,107,3,525,0,4,4,529
07/14/2012,OAK,CA,AWP,WE,Towers with Radar,272,21,38,2,333,0,0,72,0,72,272,21,110,2,405,92,0,92,497
07/15/2012,OAK,CA,AWP,WE,Towers with Radar,305,38,51,2,396,0,0,77,0,77,305,38,128,2,473,88,0,88,561
07/16/2012,OAK,CA,AWP,WE,Towers with Radar,327,52,50,0,429,0,6,38,1,45,327,58,88,1,474,68,2,70,544
07/17/2012,OAK,CA,AWP,WE,Towers with Radar,349,55,73,2,479,0,7,39,0,46,349,62,112,2,525,108,0,108,633
07/18/2012,OAK,CA,AWP,WE,Towers with Radar,353,71,77,1,502,0,8,53,2,63,353,79,130,3,565,97,0,97,662
07/19/2012,OAK,CA,AWP,WE,Towers with Radar,364,63,66,0,493,0,10,73,5,88,364,73,139,5,581,94,36,130,711
07/20/2012,OAK,CA,AWP,WE,Towers with Radar,346,47,88,1,482,0,11,61,2,74,346,58,149,3,556,108,0,108,664
07/21/2012,OAK,CA,AWP,WE,Towers with Radar,278,20,53,1,352,0,2,89,0,91,278,22,142,1,443,68,0,68,511
07/22/2012,OAK,CA,AWP,WE,Towers with Radar,304,28,54,2,388,0,5,88,3,96,304,33,142,5,484,68,0,68,552
07/23/2012,OAK,CA,AWP,WE,Towers with Radar,332,44,16,3,395,0,1,19,8,28,332,45,35,11,423,36,0,36,459
07/24/2012,OAK,CA,AWP,WE,Towers with Radar,345,56,55,0,456,0,9,48,4,61,345,65,103,4,517,52,0,52,569
07/25/2012,OAK,CA,AWP,WE,Towers with Radar,352,69,82,0,503,0,7,58,5,70,352,76,140,5,573,106,50,156,729
07/26/2012,OAK,CA,AWP,WE,Towers with Radar,358,61,83,0,502,0,9,64,5,78,358,70,147,5,580,52,0,52,632
07/27/2012,OAK,CA,AWP,WE,Towers with Radar,349,63,69,0,481,0,7,65,6,78,349,70,134,6,559,118,0,118,677
07/28/2012,OAK,CA,AWP,WE,Towers with Radar,268,27,40,0,335,0,0,64,0,64,268,27,104,0,399,162,0,162,561
07/29/2012,OAK,CA,AWP,WE,Towers with Radar,306,24,98,0,428,0,1,97,1,99,306,25,195,1,527,106,0,106,633
07/30/2012,OAK,CA,AWP,WE,Towers with Radar,320,40,77,0,437,0,11,71,3,85,320,51,148,3,522,90,0,90,612
07/31/2012,OAK,CA,AWP,WE,Towers with Radar,349,53,50,3,455,0,17,83,2,102,349,70,133,5,557,198,2,200,757
08/01/2012,OAK,CA,AWP,WE,Towers with Radar,352,45,72,6,475,0,10,105,1,116,352,55,177,7,591,124,0,124,715
08/02/2012,OAK,CA,AWP,WE,Towers with Radar,363,66,70,1,500,0,8,73,3,84,363,74,143,4,584,246,0,246,830
08/03/2012,OAK,CA,AWP,WE,Towers with Radar,349,62,84,2,497,0,8,62,0,70,349,70,146,2,567,100,0,100,667
08/04/2012,OAK,CA,AWP,WE,Towers with Radar,273,31,42,1,347,0,1,32,1,34,273,32,74,2,381,84,0,84,465
08/05/2012,OAK,CA,AWP,WE,Towers with Radar,301,35,73,0,409,0,0,39,0,39,301,35,112,0,448,60,0,60,508
08/06/2012,OAK,CA,AWP,WE,Towers with Radar,333,49,64,0,446,0,15,78,8,101,333,64,142,8,547,76,0,76,623
08/07/2012,OAK,CA,AWP,WE,Towers with Radar,342,42,60,0,444,0,11,58,4,73,342,53,118,4,517,74,0,74,591
08/08/2012,OAK,CA,AWP,WE,Towers with Radar,359,55,53,0,467,0,12,67,3,82,359,67,120,3,549,144,0,144,693
08/09/2012,OAK,CA,AWP,WE,Towers with Radar,351,51,88,0,490,0,10,97,3,110,351,61,185,3,600,78,0,78,678
08/10/2012,OAK,CA,AWP,WE,Towers with Radar,358,51,45,0,454,0,16,124,0,140,358,67,169,0,594,80,0,80,674
08/11/2012,OAK,CA,AWP,WE,Towers with Radar,269,27,39,3,338,0,0,112,0,112,269,27,151,3,450,184,4,188,638
08/12/2012,OAK,CA,AWP,WE,Towers with Radar,283,27,57,0,367,0,0,91,0,91,283,27,148,0,458,84,0,84,542
08/13/2012,OAK,CA,AWP,WE,Towers with Radar,328,35,73,3,439,0,14,74,0,88,328,49,147,3,527,108,0,108,635
08/14/2012,OAK,CA,AWP,WE,Towers with Radar,346,48,52,2,448,0,11,66,0,77,346,59,118,2,525,58,8,66,591
08/15/2012,OAK,CA,AWP,WE,Towers with Radar,346,58,75,0,479,0,7,69,2,78,346,65,144,2,557,118,0,118,675
08/16/2012,OAK,CA,AWP,WE,Towers with Radar,350,71,87,4,512,0,7,59,1,67,350,78,146,5,579,72,0,72,651
08/17/2012,OAK,CA,AWP,WE,Towers with Radar,349,46,63,1,459,0,8,50,2,60,349,54,113,3,519,88,0,88,607
08/18/2012,OAK,CA,AWP,WE,Towers with Radar,251,27,42,2,322,0,1,91,0,92,251,28,133,2,414,142,0,142,556
08/19/2012,OAK,CA,AWP,WE,Towers with Radar,285,30,72,2,389,0,1,106,0,107,285,31,178,2,496,64,0,64,560
08/20/2012,OAK,CA,AWP,WE,Towers with Radar,323,58,64,1,446,0,8,46,1,55,323,66,110,2,501,100,0,100,601
08/21/2012,OAK,CA,AWP,WE,Towers with Radar,349,55,79,1,484,0,6,64,0,70,349,61,143,1,554,102,0,102,656
08/22/2012,OAK,CA,AWP,WE,Towers with Radar,351,64,66,1,482,0,4,50,5,59,351,68,116,6,541,52,0,52,593
08/23/2012,OAK,CA,AWP,WE,Towers with Radar,360,58,78,1,497,0,8,65,0,73,360,66,143,1,570,100,0,100,670
08/24/2012,OAK,CA,AWP,WE,Towers with Radar,346,49,77,2,474,0,6,76,1,83,346,55,153,3,557,42,0,42,599
08/25/2012,OAK,CA,AWP,WE,Towers with Radar,253,20,49,2,324,0,0,93,0,93,253,20,142,2,417,76,0,76,493
08/26/2012,OAK,CA,AWP,WE,Towers with Radar,281,29,51,1,362,0,0,92,0,92,281,29,143,1,454,120,0,120,574
08/27/2012,OAK,CA,AWP,WE,Towers with Radar,324,47,63,0,434,0,10,83,0,93,324,57,146,0,527,144,0,144,671
08/28/2012,OAK,CA,AWP,WE,Towers with Radar,341,55,75,0,471,0,11,100,1,112,341,66,175,1,583,136,0,136,719
08/29/2012,OAK,CA,AWP,WE,Towers with Radar,349,49,62,0,460,0,11,143,2,156,349,60,205,2,616,186,0,186,802
08/30/2012,OAK,CA,AWP,WE,Towers with Radar,350,62,79,5,496,0,9,98,5,112,350,71,177,10,608,90,0,90,698
08/31/2012,OAK,CA,AWP,WE,Towers with Radar,346,79,96,2,523,0,2,24,0,26,346,81,120,2,549,8,0,8,557
09/01/2012,OAK,CA,AWP,WE,Towers with Radar,213,29,49,1,292,0,0,60,0,60,213,29,109,1,352,82,0,82,434
09/02/2012,OAK,CA,AWP,WE,Towers with Radar,216,22,26,6,270,0,0,76,5,81,216,22,102,11,351,76,0,76,427
09/03/2012,OAK,CA,AWP,WE,Towers with Radar,268,39,63,1,371,0,0,115,0,115,268,39,178,1,486,178,0,178,664
09/04/2012,OAK,CA,AWP,WE,Towers with Radar,305,53,52,0,410,0,7,62,0,69,305,60,114,0,479,94,0,94,573
09/05/2012,OAK,CA,AWP,WE,Towers with Radar,356,59,44,1,460,0,8,63,0,71,356,67,107,1,531,108,0,108,639
09/06/2012,OAK,CA,AWP,WE,Towers with Radar,354,58,56,0,468,0,10,67,5,82,354,68,123,5,550,100,0,100,650
09/07/2012,OAK,CA,AWP,WE,Towers with Radar,351,42,48,1,442,0,9,85,1,95,351,51,133,2,537,158,0,158,695
09/08/2012,OAK,CA,AWP,WE,Towers with Radar,238,22,46,0,306,0,0,95,2,97,238,22,141,2,403,144,0,144,547
09/09/2012,OAK,CA,AWP,WE,Towers with Radar,274,22,43,2,341,0,0,113,3,116,274,22,156,5,457,98,0,98,555
09/10/2012,OAK,CA,AWP,WE,Towers with Radar,321,51,66,7,445,0,9,92,7,108,321,60,158,14,553,74,0,74,627
09/11/2012,OAK,CA,AWP,WE,Towers with Radar,345,46,64,2,457,0,8,84,2,94,345,54,148,4,551,222,0,222,773
09/12/2012,OAK,CA,AWP,WE,Towers with Radar,347,64,90,0,501,0,4,75,1,80,347,68,165,1,581,78,0,78,659
09/13/2012,OAK,CA,AWP,WE,Towers with Radar,350,67,68,0,485,0,4,47,5,56,350,71,115,5,541,18,0,18,559
09/14/2012,OAK,CA,AWP,WE,Towers with Radar,347,51,77,0,475,0,8,68,4,80,347,59,145,4,555,84,0,84,639
09/15/2012,OAK,CA,AWP,WE,Towers with Radar,244,31,46,1,322,0,0,108,0,108,244,31,154,1,430,152,0,152,582
09/16/2012,OAK,CA,AWP,WE,Towers with Radar,276,32,73,0,381,0,0,102,0,102,276,32,175,0,483,76,0,76,559
09/17/2012,OAK,CA,AWP,WE,Towers with Radar,329,44,69,0,442,1,9,53,2,65,330,53,122,2,507,64,0,64,571
09/18/2012,OAK,CA,AWP,WE,Towers with Radar,340,51,65,0,456,0,12,69,1,82,340,63,134,1,538,144,0,144,682
09/19/2012,OAK,CA,AWP,WE,Towers with Radar,343,56,76,0,475,0,6,44,2,52,343,62,120,2,527,44,0,44,571
09/20/2012,OAK,CA,AWP,WE,Towers with Radar,348,72,79,0,499,0,6,66,2,74,348,78,145,2,573,144,0,144,717
09/21/2012,OAK,CA,AWP,WE,Towers with Radar,352,50,57,1,460,0,6,84,4,94,352,56,141,5,554,104,0,104,658
09/22/2012,OAK,CA,AWP,WE,Towers with Radar,244,30,37,0,311,0,3,86,3,92,244,33,123,3,403,140,0,140,543
09/23/2012,OAK,CA,AWP,WE,Towers with Radar,275,52,71,0,398,0,1,105,0,106,275,53,176,0,504,70,0,70,574
09/24/2012,OAK,CA,AWP,WE,Towers with Radar,324,40,62,3,429,0,11,49,1,61,324,51,111,4,490,88,2,90,580
09/25/2012,OAK,CA,AWP,WE,Towers with Radar,342,55,49,0,446,0,2,50,4,56,342,57,99,4,502,82,0,82,584
09/26/2012,OAK,CA,AWP,WE,Towers with Radar,358,63,73,2,496,0,6,81,0,87,358,69,154,2,583,71,0,71,654
09/27/2012,OAK,CA,AWP,WE,Towers with Radar,355,62,77,0,494,0,7,67,1,75,355,69,144,1,569,134,0,134,703
09/28/2012,OAK,CA,AWP,WE,Towers with Radar,346,66,84,1,497,0,5,36,0,41,346,71,120,1,538,114,0,114,652
09/29/2012,OAK,CA,AWP,WE,Towers with Radar,240,25,46,1,312,0,0,75,3,78,240,25,121,4,390,72,0,72,462
09/30/2012,OAK,CA,AWP,WE,Towers with Radar,281,37,42,0,360,0,0,113,0,113,281,37,155,0,473,82,0,82,555
10/01/2012,OAK,CA,AWP,WE,Towers with Radar,312,27,44,0,383,0,9,68,2,79,312,36,112,2,462,60,0,60,522
10/02/2012,OAK,CA,AWP,WE,Towers with Radar,338,47,42,10,437,0,6,85,7,98,338,53,127,17,535,94,22,116,651
10/03/2012,OAK,CA,AWP,WE,Towers with Radar,335,45,43,0,423,0,3,82,7,92,335,48,125,7,515,36,22,58,573
10/04/2012,OAK,CA,AWP,WE,Towers with Radar,344,39,67,0,450,0,8,69,9,86,344,47,136,9,536,118,0,118,654
10/05/2012,OAK,CA,AWP,WE,Towers with Radar,343,41,64,0,448,0,16,107,13,136,343,57,171,13,584,108,0,108,692
10/06/2012,OAK,CA,AWP,WE,Towers with Radar,232,31,34,1,298,0,3,109,18,130,232,34,143,19,428,118,0,118,546
10/07/2012,OAK,CA,AWP,WE,Towers with Radar,277,42,74,2,395,0,0,106,5,111,277,42,180,7,506,132,4,136,642
10/08/2012,OAK,CA,AWP,WE,Towers with Radar,317,29,34,3,383,0,1,28,4,33,317,30,62,7,416,24,0,24,440
10/09/2012,OAK,CA,AWP,WE,Towers with Radar,329,41,49,0,419,0,6,70,5,81,329,47,119,5,500,130,0,130,630
10/10/2012,OAK,CA,AWP,WE,Towers with Radar,338,45,71,1,455,0,7,45,3,55,338,52,116,4,510,60,14,74,584
10/11/2012,OAK,CA,AWP,WE,Towers with Radar,344,67,97,0,508,0,0,9,0,9,344,67,106,0,517,0,0,0,517
10/12/2012,OAK,CA,AWP,WE,Towers with Radar,349,34,80,0,463,0,1,25,5,31,349,35,105,5,494,108,10,118,612
10/13/2012,OAK,CA,AWP,WE,Towers with Radar,238,21,34,0,293,0,0,88,1,89,238,21,122,1,382,46,0,46,428
10/14/2012,OAK,CA,AWP,WE,Towers with Radar,276,26,84,1,387,0,0,73,0,73,276,26,157,1,460,128,0,128,588
10/15/2012,OAK,CA,AWP,WE,Towers with Radar,319,41,73,0,433,0,4,55,3,62,319,45,128,3,495,62,0,62,557
10/16/2012,OAK,CA,AWP,WE,Towers with Radar,328,42,72,3,445,0,3,76,3,82,328,45,148,6,527,142,0,142,669
10/17/2012,OAK,CA,AWP,WE,Towers with Radar,333,47,75,1,456,0,4,122,17,143,333,51,197,18,599,116,10,126,725
10/18/2012,OAK,CA,AWP,WE,Towers with Radar,338,38,79,0,455,0,8,77,5,90,338,46,156,5,545,118,0,118,663
10/19/2012,OAK,CA,AWP,WE,Towers with Radar,340,41,83,0,464,0,0,15,0,15,340,41,98,0,479,0,0,0,479
10/20/2012,OAK,CA,AWP,WE,Towers with Radar,236,35,48,1,320,0,0,31,0,31,236,35,79,1,351,0,0,0,351
10/21/2012,OAK,CA,AWP,WE,Towers with Radar,278,34,94,0,406,0,2,97,2,101,278,36,191,2,507,92,0,92,599
10/22/2012,OAK,CA,AWP,WE,Towers with Radar,320,34,60,0,414,1,3,40,2,46,321,37,100,2,460,52,14,66,526
10/23/2012,OAK,CA,AWP,WE,Towers with Radar,337,23,58,0,418,0,4,50,5,59,337,27,108,5,477,80,0,80,557
10/24/2012,OAK,CA,AWP,WE,Towers with Radar,344,39,79,0,462,0,4,69,0,73,344,43,148,0,535,118,0,118,653
10/25/2012,OAK,CA,AWP,WE,Towers with Radar,346,48,100,2,496,0,3,85,2,90,346,51,185,4,586,110,0,110,696
10/26/2012,OAK,CA,AWP,WE,Towers with Radar,342,32,74,6,454,0,11,108,1,120,342,43,182,7,574,134,20,154,728
10/27/2012,OAK,CA,AWP,WE,Towers with Radar,229,17,30,2,278,0,2,92,1,95,229,19,122,3,373,110,8,118,491
10/28/2012,OAK,CA,AWP,WE,Towers with Radar,274,20,53,2,349,0,0,124,5,129,274,20,177,7,478,202,0,202,680
10/29/2012,OAK,CA,AWP,WE,Towers with Radar,313,32,73,1,419,0,3,56,0,59,313,35,129,1,478,82,0,82,560
10/30/2012,OAK,CA,AWP,WE,Towers with Radar,329,44,66,0,439,0,2,25,2,29,329,46,91,2,468,2,0,2,470
10/31/2012,OAK,CA,AWP,WE,Towers with Radar,304,46,64,0,414,0,2,26,10,38,304,48,90,10,452,82,20,102,554
11/01/2012,OAK,CA,AWP,WE,Towers with Radar,349,51,64,1,465,0,4,39,6,49,349,55,103,7,514,112,16,128,642
11/02/2012,OAK,CA,AWP,WE,Towers with Radar,340,37,55,1,433,0,7,84,0,91,340,44,139,1,524,88,0,88,612
11/03/2012,OAK,CA,AWP,WE,Towers with Radar,234,15,37,0,286,0,0,112,4,116,234,15,149,4,402,84,0,84,486
11/04/2012,OAK,CA,AWP,WE,Towers with Radar,275,27,74,1,377,0,1,131,8,140,275,28,205,9,517,180,0,180,697
11/05/2012,OAK,CA,AWP,WE,Towers with Radar,313,27,53,2,395,0,5,63,2,70,313,32,116,4,465,76,0,76,541
11/06/2012,OAK,CA,AWP,WE,Towers with Radar,294,31,39,1,365,0,9,87,4,100,294,40,126,5,465,120,0,120,585
11/07/2012,OAK,CA,AWP,WE,Towers with Radar,336,37,90,1,464,0,1,5,4,10,336,38,95,5,474,0,0,0,474
11/08/2012,OAK,CA,AWP,WE,Towers with Radar,340,44,61,0,445,0,2,17,2,21,340,46,78,2,466,106,0,106,572
11/09/2012,OAK,CA,AWP,WE,Towers with Radar,333,29,58,0,420,0,2,31,0,33,333,31,89,0,453,84,0,84,537
11/10/2012,OAK,CA,AWP,WE,Towers with Radar,243,15,34,3,295,0,0,90,0,90,243,15,124,3,385,136,0,136,521
11/11/2012,OAK,CA,AWP,WE,Towers with Radar,272,17,48,5,342,0,0,86,1,87,272,17,134,6,429,48,0,48,477
11/12/2012,OAK,CA,AWP,WE,Towers with Radar,308,23,49,0,380,0,5,65,1,71,308,28,114,1,451,200,0,200,651
11/13/2012,OAK,CA,AWP,WE,Towers with Radar,324,35,56,1,416,0,11,54,1,66,324,46,110,2,482,164,0,164,646
11/14/2012,OAK,CA,AWP,WE,Towers with Radar,332,27,45,0,404,0,5,69,0,74,332,32,114,0,478,86,0,86,564
11/15/2012,OAK,CA,AWP,WE,Towers with Radar,339,40,60,0,439,0,4,66,4,74,339,44,126,4,513,106,0,106,619
11/16/2012,OAK,CA,AWP,WE,Towers with Radar,334,41,66,2,443,0,1,28,2,31,334,42,94,4,474,132,8,140,614
11/17/2012,OAK,CA,AWP,WE,Towers with Radar,246,30,60,0,336,0,0,22,0,22,246,30,82,0,358,82,0,82,440
11/18/2012,OAK,CA,AWP,WE,Towers with Radar,279,32,60,0,371,0,0,61,1,62,279,32,121,1,433,226,0,226,659
11/19/2012,OAK,CA,AWP,WE,Towers with Radar,306,39,48,1,394,0,4,45,0,49,306,43,93,1,443,58,0,58,501
11/20/2012,OAK,CA,AWP,WE,Towers with Radar,348,62,78,1,489,0,1,36,0,37,348,63,114,1,526,138,0,138,664
11/21/2012,OAK,CA,AWP,WE,Towers with Radar,363,47,64,1,475,0,4,59,3,66,363,51,123,4,541,118,0,118,659
11/22/2012,OAK,CA,AWP,WE,Towers with Radar,203,13,21,0,237,0,0,42,6,48,203,13,63,6,285,50,0,50,335
11/23/2012,OAK,CA,AWP,WE,Towers with Radar,273,29,32,0,334,0,8,73,0,81,273,37,105,0,415,58,0,58,473
11/24/2012,OAK,CA,AWP,WE,Towers with Radar,262,15,31,0,308,0,2,107,2,111,262,17,138,2,419,194,0,194,613
11/25/2012,OAK,CA,AWP,WE,Towers with Radar,304,41,81,0,426,0,2,51,2,55,304,43,132,2,481,6,0,6,487
11/26/2012,OAK,CA,AWP,WE,Towers with Radar,319,23,79,0,421,0,4,29,2,35,319,27,108,2,456,114,4,118,574
11/27/2012,OAK,CA,AWP,WE,Towers with Radar,337,45,58,0,440,0,5,47,4,56,337,50,105,4,496,152,0,152,648
11/28/2012,OAK,CA,AWP,WE,Towers with Radar,335,36,55,0,426,0,4,4,0,8,335,40,59,0,434,0,0,0,434
11/29/2012,OAK,CA,AWP,WE,Towers with Radar,342,42,75,1,460,0,3,18,2,23,342,45,93,3,483,0,0,0,483
11/30/2012,OAK,CA,AWP,WE,Towers with Radar,328,31,81,1,441,0,0,3,0,3,328,31,84,1,444,0,0,0,444
12/01/2012,OAK,CA,AWP,WE,Towers with Radar,243,27,35,0,305,0,0,2,0,2,243,27,37,0,307,108,0,108,415
12/02/2012,OAK,CA,AWP,WE,Towers with Radar,268,25,48,1,342,0,0,19,0,19,268,25,67,1,361,18,0,18,379
12/03/2012,OAK,CA,AWP,WE,Towers with Radar,303,26,41,0,370,0,5,50,0,55,303,31,91,0,425,56,0,56,481
12/04/2012,OAK,CA,AWP,WE,Towers with Radar,340,33,54,0,427,0,3,40,1,44,340,36,94,1,471,74,0,74,545
12/05/2012,OAK,CA,AWP,WE,Towers with Radar,339,48,72,0,459,0,1,2,2,5,339,49,74,2,464,24,0,24,488
12/06/2012,OAK,CA,AWP,WE,Towers with Radar,355,54,81,0,490,0,14,39,12,65,355,68,120,12,555,54,8,62,617
12/07/2012,OAK,CA,AWP,WE,Towers with Radar,337,33,77,3,450,0,5,81,5,91,337,38,158,8,541,84,0,84,625
12/08/2012,OAK,CA,AWP,WE,Towers with Radar,235,16,40,6,297,0,1,99,5,105,235,17,139,11,402,126,0,126,528
12/09/2012,OAK,CA,AWP,WE,Towers with Radar,272,25,63,0,360,0,1,113,1,115,272,26,176,1,475,104,0,104,579
12/10/2012,OAK,CA,AWP,WE,Towers with Radar,312,24,32,2,370,0,9,56,3,68,312,33,88,5,438,42,6,48,486
12/11/2012,OAK,CA,AWP,WE,Towers with Radar,353,42,82,0,477,0,10,39,2,51,353,52,121,2,528,52,0,52,580
12/12/2012,OAK,CA,AWP,WE,Towers with Radar,348,46,54,0,448,0,7,31,4,42,348,53,85,4,490,66,0,66,556
12/13/2012,OAK,CA,AWP,WE,Towers with Radar,358,35,55,3,451,0,13,51,14,78,358,48,106,17,529,66,0,66,595
12/14/2012,OAK,CA,AWP,WE,Towers with Radar,358,32,73,0,463,0,8,40,0,48,358,40,113,0,511,20,0,20,531
12/15/2012,OAK,CA,AWP,WE,Towers with Radar,258,18,40,0,316,0,1,22,0,23,258,19,62,0,339,0,0,0,339
12/16/2012,OAK,CA,AWP,WE,Towers with Radar,301,21,62,0,384,1,1,31,0,33,302,22,93,0,417,118,0,118,535
12/17/2012,OAK,CA,AWP,WE,Towers with Radar,315,25,45,0,385,0,3,7,6,16,315,28,52,6,401,54,8,62,463
12/18/2012,OAK,CA,AWP,WE,Towers with Radar,365,40,41,1,447,0,13,47,1,61,365,53,88,2,508,0,0,0,508
12/19/2012,OAK,CA,AWP,WE,Towers with Radar,380,40,48,0,468,0,19,75,5,99,380,59,123,5,567,102,0,102,669
12/20/2012,OAK,CA,AWP,WE,Towers with Radar,384,45,39,3,471,0,11,26,3,40,384,56,65,6,511,70,0,70,581
12/21/2012,OAK,CA,AWP,WE,Towers with Radar,379,73,66,1,519,0,12,11,3,26,379,85,77,4,545,0,0,0,545
12/22/2012,OAK,CA,AWP,WE,Towers with Radar,337,51,44,0,432,0,1,20,1,22,337,52,64,1,454,92,0,92,546
12/23/2012,OAK,CA,AWP,WE,Towers with Radar,306,40,40,0,386,0,1,4,0,5,306,41,44,0,391,6,0,6,397
12/24/2012,OAK,CA,AWP,WE,Towers with Radar,242,21,32,0,295,0,12,64,1,77,242,33,96,1,372,40,0,40,412
12/25/2012,OAK,CA,AWP,WE,Towers with Radar,219,21,10,1,251,0,0,5,0,5,219,21,15,1,256,0,0,0,256
12/26/2012,OAK,CA,AWP,WE,Towers with Radar,331,58,50,0,439,0,4,15,3,22,331,62,65,3,461,14,12,26,487
12/27/2012,OAK,CA,AWP,WE,Towers with Radar,352,49,60,1,462,0,5,73,8,86,352,54,133,9,548,48,14,62,610
12/28/2012,OAK,CA,AWP,WE,Towers with Radar,342,34,39,1,416,0,4,45,1,50,342,38,84,2,466,66,0,66,532
12/29/2012,OAK,CA,AWP,WE,Towers with Radar,251,19,39,0,309,0,2,34,3,39,251,21,73,3,348,62,0,62,410
12/30/2012,OAK,CA,AWP,WE,Towers with Radar,276,19,36,0,331,0,0,81,0,81,276,19,117,0,412,142,0,142,554
12/31/2012,OAK,CA,AWP,WE,Towers with Radar,242,23,27,0,292,0,3,58,4,65,242,26,85,4,357,192,0,192,549
01/01/2013,OAK,CA,AWP,WE,Towers with Radar,227,27,26,0,280,0,1,55,0,56,227,28,81,0,336,82,0,82,418
01/02/2013,OAK,CA,AWP,WE,Towers with Radar,328,40,45,0,413,0,8,40,4,52,328,48,85,4,465,34,0,34,499
01/03/2013,OAK,CA,AWP,WE,Towers with Radar,329,34,48,0,411,0,11,56,5,72,329,45,104,5,483,58,0,58,541
01/04/2013,OAK,CA,AWP,WE,Towers with Radar,315,34,32,1,382,0,5,70,1,76,315,39,102,2,458,56,0,56,514
01/05/2013,OAK,CA,AWP,WE,Towers with Radar,244,30,56,0,330,0,0,44,0,44,244,30,100,0,374,148,0,148,522
01/06/2013,OAK,CA,AWP,WE,Towers with Radar,254,34,56,2,346,0,0,22,0,22,254,34,78,2,368,36,0,36,404
01/07/2013,OAK,CA,AWP,WE,Towers with Radar,292,32,73,0,397,0,4,56,2,62,292,36,129,2,459,32,0,32,491
01/08/2013,OAK,CA,AWP,WE,Towers with Radar,314,34,70,0,418,0,7,78,2,87,314,41,148,2,505,128,12,140,645
01/09/2013,OAK,CA,AWP,WE,Towers with Radar,316,46,82,0,444,0,4,2,5,11,316,50,84,5,455,2,10,12,467
01/10/2013,OAK,CA,AWP,WE,Towers with Radar,319,39,72,2,432,0,5,53,2,60,319,44,125,4,492,28,44,72,564
01/11/2013,OAK,CA,AWP,WE,Towers with Radar,311,42,58,0,411,0,5,70,6,81,311,47,128,6,492,48,44,92,584
01/12/2013,OAK,CA,AWP,WE,Towers with Radar,219,17,38,0,274,0,1,99,2,102,219,18,137,2,376,118,0,118,494
01/13/2013,OAK,CA,AWP,WE,Towers with Radar,236,24,34,0,294,0,0,83,0,83,236,24,117,0,377,92,0,92,469
01/14/2013,OAK,CA,AWP,WE,Towers with Radar,294,21,49,2,366,0,4,63,0,67,294,25,112,2,433,32,0,32,465
01/15/2013,OAK,CA,AWP,WE,Towers with Radar,301,35,63,9,408,0,5,61,7,73,301,40,124,16,481,80,14,94,575
01/16/2013,OAK,CA,AWP,WE,Towers with Radar,309,37,67,0,413,0,5,85,2,92,309,42,152,2,505,118,0,118,623
01/17/2013,OAK,CA,AWP,WE,Towers with Radar,319,44,47,1,411,0,12,58,9,79,319,56,105,10,490,138,0,138,628
01/18/2013,OAK,CA,AWP,WE,Towers with Radar,310,34,59,2,405,0,7,69,7,83,310,41,128,9,488,138,22,160,648
01/19/2013,OAK,CA,AWP,WE,Towers with Radar,214,18,53,0,285,0,1,116,1,118,214,19,169,1,403,120,0,120,523
01/20/2013,OAK,CA,AWP,WE,Towers with Radar,229,11,22,1,263,0,0,96,0,96,229,11,118,1,359,42,0,42,401
01/21/2013,OAK,CA,AWP,WE,Towers with Radar,289,41,52,0,382,0,7,84,0,91,289,48,136,0,473,54,0,54,527
01/22/2013,OAK,CA,AWP,WE,Towers with Radar,299,43,62,2,406,1,7,86,0,94,300,50,148,2,500,116,0,116,616
01/23/2013,OAK,CA,AWP,WE,Towers with Radar,315,48,54,0,417,0,6,19,3,28,315,54,73,3,445,16,0,16,461
01/24/2013,OAK,CA,AWP,WE,Towers with Radar,314,48,81,3,446,0,3,61,3,67,314,51,142,6,513,136,26,162,675
01/25/2013,OAK,CA,AWP,WE,Towers with Radar,307,33,57,0,397,0,5,47,3,55,307,38,104,3,452,238,6,244,696
01/26/2013,OAK,CA,AWP,WE,Towers with Radar,215,18,39,0,272,0,0,61,3,64,215,18,100,3,336,136,0,136,472
01/27/2013,OAK,CA,AWP,WE,Towers with Radar,228,29,33,1,291,0,0,84,0,84,228,29,117,1,375,44,0,44,419
01/28/2013,OAK,CA,AWP,WE,Towers with Radar,295,23,44,0,362,0,4,43,3,50,295,27,87,3,412,66,44,110,522
01/29/2013,OAK,CA,AWP,WE,Towers with Radar,307,28,42,2,379,0,8,50,3,61,307,36,92,5,440,32,0,32,472
01/30/2013,OAK,CA,AWP,WE,Towers with Radar,317,36,56,0,409,0,3,58,3,64,317,39,114,3,473,42,0,42,515
01/31/2013,OAK,CA,AWP,WE,Towers with Radar,316,30,63,0,409,0,11,73,3,87,316,41,136,3,496,84,0,84,580
02/01/2013,OAK,CA,AWP,WE,Towers with Radar,310,38,62,3,413,0,6,67,5,78,310,44,129,8,491,40,0,40,531
02/02/2013,OAK,CA,AWP,WE,Towers with Radar,218,27,42,2,289,0,0,41,0,41,218,27,83,2,330,96,0,96,426
02/03/2013,OAK,CA,AWP,WE,Towers with Radar,216,18,40,1,275,0,1,98,9,108,216,19,138,10,383,112,0,112,495
02/04/2013,OAK,CA,AWP,WE,Towers with Radar,295,35,94,0,424,0,4,12,3,19,295,39,106,3,443,39,0,39,482
02/05/2013,OAK,CA,AWP,WE,Towers with Radar,311,41,59,2,413,0,4,28,0,32,311,45,87,2,445,92,0,92,537
02/06/2013,OAK,CA,AWP,WE,Towers with Radar,311,24,53,1,389,0,5,70,3,78,311,29,123,4,467,76,0,76,543
02/07/2013,OAK,CA,AWP,WE,Towers with Radar,314,43,39,2,398,0,6,33,0,39,314,49,72,2,437,48,0,48,485
02/08/2013,OAK,CA,AWP,WE,Towers with Radar,306,47,44,3,400,0,3,53,5,61,306,50,97,8,461,98,0,98,559
02/09/2013,OAK,CA,AWP,WE,Towers with Radar,213,11,29,2,255,0,2,87,6,95,213,13,116,8,350,144,0,144,494
02/10/2013,OAK,CA,AWP,WE,Towers with Radar,239,30,38,0,307,0,0,107,3,110,239,30,145,3,417,70,4,74,491
02/11/2013,OAK,CA,AWP,WE,Towers with Radar,291,29,62,0,382,0,6,59,0,65,291,35,121,0,447,22,0,22,469
02/12/2013,OAK,CA,AWP,WE,Towers with Radar,310,42,57,6,415,0,8,68,2,78,310,50,125,8,493,88,6,94,587
02/13/2013,OAK,CA,AWP,WE,Towers with Radar,319,45,54,0,418,0,3,36,5,44,319,48,90,5,462,92,0,92,554
02/14/2013,OAK,CA,AWP,WE,Towers with Radar,323,35,54,7,419,0,6,39,13,58,323,41,93,20,477,10,0,10,487
02/15/2013,OAK,CA,AWP,WE,Towers with Radar,318,45,60,1,424,0,7,89,3,99,318,52,149,4,523,34,2,36,559
02/16/2013,OAK,CA,AWP,WE,Towers with Radar,220,33,33,5,291,0,4,83,1,88,220,37,116,6,379,66,0,66,445
02/17/2013,OAK,CA,AWP,WE,Towers with Radar,232,14,41,4,291,0,1,74,0,75,232,15,115,4,366,84,0,84,450
02/18/2013,OAK,CA,AWP,WE,Towers with Radar,299,36,56,0,391,0,3,52,0,55,299,39,108,0,446,190,0,190,636
02/19/2013,OAK,CA,AWP,WE,Towers with Radar,319,44,64,1,428,0,3,18,0,21,319,47,82,1,449,96,0,96,545
02/20/2013,OAK,CA,AWP,WE,Towers with Radar,324,43,49,1,417,2,10,70,9,91,326,53,119,10,508,102,0,102,610
02/21/2013,OAK,CA,AWP,WE,Towers with Radar,318,32,63,0,413,0,4,72,10,86,318,36,135,10,499,18,0,18,517
02/22/2013,OAK,CA,AWP,WE,Towers with Radar,314,33,45,1,393,0,8,79,5,92,314,41,124,6,485,62,0,62,547
02/23/2013,OAK,CA,AWP,WE,Towers with Radar,236,24,40,4,304,0,0,70,9,79,236,24,110,13,383,32,0,32,415
02/24/2013,OAK,CA,AWP,WE,Towers with Radar,244,39,44,1,328,0,0,77,1,78,244,39,121,2,406,50,0,50,456
02/25/2013,OAK,CA,AWP,WE,Towers with Radar,296,28,46,0,370,0,5,67,2,74,296,33,113,2,444,106,0,106,550
02/26/2013,OAK,CA,AWP,WE,Towers with Radar,313,38,42,0,393,0,6,82,1,89,313,44,124,1,482,60,0,60,542
02/27/2013,OAK,CA,AWP,WE,Towers with Radar,317,37,38,0,392,0,6,68,2,76,317,43,106,2,468,112,0,112,580
02/28/2013,OAK,CA,AWP,WE,Towers with Radar,320,42,52,0,414,0,4,77,3,84,320,46,129,3,498,144,0,144,642
03/01/2013,OAK,CA,AWP,WE,Towers with Radar,311,26,63,1,401,0,4,53,2,59,311,30,116,3,460,94,0,94,554
03/02/2013,OAK,CA,AWP,WE,Towers with Radar,231,31,17,4,283,0,1,82,4,87,231,32,99,8,370,150,0,150,520
03/03/2013,OAK,CA,AWP,WE,Towers with Radar,250,32,60,1,343,0,0,47,0,47,250,32,107,1,390,32,0,32,422
03/04/2013,OAK,CA,AWP,WE,Towers with Radar,298,36,71,0,405,0,4,23,0,27,298,40,94,0,432,6,0,6,438
03/05/2013,OAK,CA,AWP,WE,Towers with Radar,312,33,36,0,381,0,3,29,3,35,312,36,65,3,416,0,0,0,416
03/06/2013,OAK,CA,AWP,WE,Towers with Radar,312,51,54,0,417,0,3,26,0,29,312,54,80,0,446,94,0,94,540
03/07/2013,OAK,CA,AWP,WE,Towers with Radar,328,34,78,0,440,0,5,32,0,37,328,39,110,0,477,46,0,46,523
03/08/2013,OAK,CA,AWP,WE,Towers with Radar,308,39,55,0,402,0,5,54,3,62,308,44,109,3,464,26,0,26,490
03/09/2013,OAK,CA,AWP,WE,Towers with Radar,233,24,31,0,288,0,0,88,2,90,233,24,119,2,378,134,0,134,512
03/10/2013,OAK,CA,AWP,WE,Towers with Radar,255,28,51,0,334,0,0,112,0,112,255,28,163,0,446,150,0,150,596
03/11/2013,OAK,CA,AWP,WE,Towers with Radar,301,30,51,3,385,0,9,81,6,96,301,39,132,9,481,148,0,148,629
03/12/2013,OAK,CA,AWP,WE,Towers with Radar,318,36,55,1,410,0,3,61,2,66,318,39,116,3,476,38,2,40,516
03/13/2013,OAK,CA,AWP,WE,Towers with Radar,325,35,43,1,404,0,6,86,4,96,325,41,129,5,500,46,0,46,546
03/14/2013,OAK,CA,AWP,WE,Towers with Radar,333,40,63,0,436,0,7,49,2,58,333,47,112,2,494,124,0,124,618
03/15/2013,OAK,CA,AWP,WE,Towers with Radar,319,42,45,1,407,0,5,85,9,99,319,47,130,10,506,30,28,58,564
03/16/2013,OAK,CA,AWP,WE,Towers with Radar,242,21,56,2,321,0,0,67,0,67,242,21,123,2,388,168,0,168,556
03/17/2013,OAK,CA,AWP,WE,Towers with Radar,257,19,47,0,323,0,0,106,4,110,257,19,153,4,433,98,6,104,537
03/18/2013,OAK,CA,AWP,WE,Towers with Radar,305,29,34,4,372,0,3,44,5,52,305,32,78,9,424,84,0,84,508
03/19/2013,OAK,CA,AWP,WE,Towers with Radar,318,28,67,1,414,0,4,49,1,54,318,32,116,2,468,100,0,100,568
03/20/2013,OAK,CA,AWP,WE,Towers with Radar,328,54,46,0,428,0,2,21,2,25,328,56,67,2,453,78,0,78,531
03/21/2013,OAK,CA,AWP,WE,Towers with Radar,330,31,55,0,416,0,7,83,2,92,330,38,138,2,508,98,48,146,654
03/22/2013,OAK,CA,AWP,WE,Towers with Radar,322,37,54,1,414,0,4,85,2,91,322,41,139,3,505,86,10,96,601
03/23/2013,OAK,CA,AWP,WE,Towers with Radar,243,16,30,1,290,0,2,92,0,94,243,18,122,1,384,132,0,132,516
03/24/2013,OAK,CA,AWP,WE,Towers with Radar,262,21,43,2,328,0,1,110,6,117,262,22,153,8,445,106,0,106,551
03/25/2013,OAK,CA,AWP,WE,Towers with Radar,308,29,52,0,389,0,4,43,0,47,308,33,95,0,436,28,0,28,464
03/26/2013,OAK,CA,AWP,WE,Towers with Radar,333,27,57,0,417,0,3,35,2,40,333,30,92,2,457,34,0,34,491
03/27/2013,OAK,CA,AWP,WE,Towers with Radar,332,36,61,0,429,0,3,42,2,47,332,39,103,2,476,96,0,96,572
03/28/2013,OAK,CA,AWP,WE,Towers with Radar,332,25,66,2,425,0,5,44,4,53,332,30,110,6,478,80,0,80,558
03/29/2013,OAK,CA,AWP,WE,Towers with Radar,322,40,56,2,420,0,4,66,3,73,322,44,122,5,493,116,0,116,609
03/30/2013,OAK,CA,AWP,WE,Towers with Radar,245,20,53,0,318,0,1,49,1,51,245,21,102,1,369,88,0,88,457
03/31/2013,OAK,CA,AWP,WE,Towers with Radar,259,32,42,0,333,0,0,19,0,19,259,32,61,0,352,2,0,2,354
04/01/2013,OAK,CA,AWP,WE,Towers with Radar,303,28,39,0,370,0,3,27,9,39,303,31,66,9,409,76,14,90,499
04/02/2013,OAK,CA,AWP,WE,Towers with Radar,329,32,53,0,414,0,4,54,0,58,329,36,107,0,472,190,0,190,662
04/03/2013,OAK,CA,AWP,WE,Towers with Radar,333,40,62,0,435,0,1,28,0,29,333,41,90,0,464,66,0,66,530
04/04/2013,OAK,CA,AWP,WE,Towers with Radar,339,31,54,1,425,0,0,19,2,21,339,31,73,3,446,32,0,32,478
04/05/2013,OAK,CA,AWP,WE,Towers with Radar,319,39,68,0,426,0,4,44,9,57,319,43,112,9,483,186,10,196,679
04/06/2013,OAK,CA,AWP,WE,Towers with Radar,245,26,47,0,318,0,0,11,0,11,245,26,58,0,329,92,0,92,421
04/07/2013,OAK,CA,AWP,WE,Towers with Radar,263,29,60,0,352,0,0,47,0,47,263,29,107,0,399,220,0,220,619
04/08/2013,OAK,CA,AWP,WE,Towers with Radar,286,27,27,0,340,0,4,42,0,46,286,31,69,0,386,6,0,6,392
04/09/2013,OAK,CA,AWP,WE,Towers with Radar,322,26,32,0,380,0,11,65,1,77,322,37,97,1,457,134,0,134,591
04/10/2013,OAK,CA,AWP,WE,Towers with Radar,330,41,39,0,410,0,4,86,6,96,330,45,125,6,506,62,0,62,568
04/11/2013,OAK,CA,AWP,WE,Towers with Radar,330,47,57,0,434,0,4,80,4,88,330,51,137,4,522,130,12,142,664
04/12/2013,OAK,CA,AWP,WE,Towers with Radar,312,34,61,1,408,0,3,91,1,95,312,37,152,2,503,76,0,76,579
04/13/2013,OAK,CA,AWP,WE,Towers with Radar,247,25,25,0,297,0,2,88,2,92,247,27,113,2,389,156,0,156,545
04/14/2013,OAK,CA,AWP,WE,Towers with Radar,259,26,60,1,346,0,0,78,0,78,259,26,138,1,424,52,0,52,476
04/15/2013,OAK,CA,AWP,WE,Towers with Radar,309,31,48,0,388,0,3,28,4,35,309,34,76,4,423,48,0,48,471
04/16/2013,OAK,CA,AWP,WE,Towers with Radar,330,46,47,0,423,0,5,68,0,73,330,51,115,0,496,76,0,76,572
04/17/2013,OAK,CA,AWP,WE,Towers with Radar,336,38,57,0,431,0,10,59,2,71,336,48,116,2,502,98,0,98,600
04/18/2013,OAK,CA,AWP,WE,Towers with Radar,336,39,61,4,440,0,7,94,6,107,336,46,155,10,547,174,6,180,727
04/19/2013,OAK,CA,AWP,WE,Towers with Radar,322,30,43,0,395,0,5,71,2,78,322,35,114,2,473,58,0,58,531
04/20/2013,OAK,CA,AWP,WE,Towers with Radar,242,16,26,3,287,0,2,90,0,92,242,18,116,3,379,76,0,76,455
04/21/2013,OAK,CA,AWP,WE,Towers with Radar,253,24,44,3,324,0,1,101,0,102,253,25,145,3,426,108,0,108,534
04/22/2013,OAK,CA,AWP,WE,Towers with Radar,310,34,50,6,400,0,5,68,3,76,310,39,118,9,476,98,10,108,584
04/23/2013,OAK,CA,AWP,WE,Towers with Radar,326,32,31,0,389,0,3,77,1,81,326,35,108,1,470,100,0,100,570
04/24/2013,OAK,CA,AWP,WE,Towers with Radar,331,44,55,1,431,0,4,83,4,91,331,48,138,5,522,66,0,66,588
04/25/2013,OAK,CA,AWP,WE,Towers with Radar,329,47,64,0,440,0,5,78,5,88,329,52,142,5,528,144,0,144,672
04/26/2013,OAK,CA,AWP,WE,Towers with Radar,327,38,67,1,433,0,9,70,0,79,327,47,137,1,512,166,0,166,678
04/27/2013,OAK,CA,AWP,WE,Towers with Radar,241,19,44,1,305,0,0,50,1,51,241,19,94,2,356,162,0,162,518
04/28/2013,OAK,CA,AWP,WE,Towers with Radar,261,30,65,0,356,0,0,99,2,101,261,30,164,2,457,120,0,120,577
04/29/2013,OAK,CA,AWP,WE,Towers with Radar,305,21,42,0,368,0,5,57,0,62,305,26,99,0,430,70,0,70,500
04/30/2013,OAK,CA,AWP,WE,Towers with Radar,326,28,53,0,407,0,5,70,0,75,326,33,123,0,482,66,0,66,548
05/01/2013,OAK,CA,AWP,WE,Towers with Radar,333,50,59,1,443,0,10,78,7,95,333,60,137,8,538,88,0,88,626
05/02/2013,OAK,CA,AWP,WE,Towers with Radar,327,45,69,2,443,0,6,65,0,71,327,51,134,2,514,12,0,12,526
05/03/2013,OAK,CA,AWP,WE,Towers with Radar,324,23,51,1,399,0,4,97,0,101,324,27,148,1,500,106,0,106,606
05/04/2013,OAK,CA,AWP,WE,Towers with Radar,242,25,27,0,294,0,0,101,4,105,242,25,128,4,399,122,0,122,521
05/05/2013,OAK,CA,AWP,WE,Towers with Radar,263,50,56,1,370,0,0,52,0,52,263,50,108,1,422,40,0,40,462
05/06/2013,OAK,CA,AWP,WE,Towers with Radar,301,44,52,0,397,0,3,23,2,28,301,47,75,2,425,84,0,84,509
05/07/2013,OAK,CA,AWP,WE,Towers with Radar,327,50,36,1,414,0,4,60,1,65,327,54,96,2,479,108,0,108,587
05/08/2013,OAK,CA,AWP,WE,Towers with Radar,331,58,76,0,465,0,0,16,0,16,331,58,92,0,481,88,0,88,569
05/09/2013,OAK,CA,AWP,WE,Towers with Radar,337,59,66,0,462,0,4,62,0,66,337,63,128,0,528,90,0,90,618
05/10/2013,OAK,CA,AWP,WE,Towers with Radar,327,46,84,4,461,0,2,35,2,39,327,48,119,6,500,46,0,46,546
05/11/2013,OAK,CA,AWP,WE,Towers with Radar,240,27,34,3,304,0,2,86,2,90,240,29,120,5,394,136,0,136,530
05/12/2013,OAK,CA,AWP,WE,Towers with Radar,259,31,44,0,334,0,2,69,0,71,259,33,113,0,405,86,0,86,491
05/13/2013,OAK,CA,AWP,WE,Towers with Radar,308,32,41,0,381,0,4,45,1,50,308,36,86,1,431,38,0,38,469
05/14/2013,OAK,CA,AWP,WE,Towers with Radar,328,28,42,0,398,0,4,53,2,59,328,32,95,2,457,8,0,8,465
05/15/2013,OAK,CA,AWP,WE,Towers with Radar,337,41,49,1,428,0,2,56,4,62,337,43,105,5,490,30,0,30,520
05/16/2013,OAK,CA,AWP,WE,Towers with Radar,346,58,83,0,487,0,5,30,2,37,346,63,113,2,524,72,0,72,596
05/17/2013,OAK,CA,AWP,WE,Towers with Radar,330,42,76,6,454,0,5,57,2,64,330,47,133,8,518,44,0,44,562
05/18/2013,OAK,CA,AWP,WE,Towers with Radar,246,18,23,0,287,0,1,88,0,89,246,19,111,0,376,196,0,196,572
05/19/2013,OAK,CA,AWP,WE,Towers with Radar,265,31,45,0,341,0,1,95,2,98,265,32,140,2,439,52,0,52,491
05/20/2013,OAK,CA,AWP,WE,Towers with Radar,307,36,48,0,391,0,3,62,2,67,307,39,110,2,458,78,0,78,536
05/21/2013,OAK,CA,AWP,WE,Towers with Radar,334,34,57,2,427,0,3,38,0,41,334,37,95,2,468,26,0,26,494
05/22/2013,OAK,CA,AWP,WE,Towers with Radar,336,49,49,3,437,0,6,46,0,52,336,55,95,3,489,50,0,50,539
05/23/2013,OAK,CA,AWP,WE,Towers with Radar,335,49,35,0,419,1,7,81,2,91,336,56,116,2,510,128,0,128,638
05/24/2013,OAK,CA,AWP,WE,Towers with Radar,330,60,64,0,454,0,7,92,8,107,330,67,156,8,561,66,26,92,653
05/25/2013,OAK,CA,AWP,WE,Towers with Radar,217,24,32,0,273,0,0,75,0,75,217,24,107,0,348,124,0,124,472
05/26/2013,OAK,CA,AWP,WE,Towers with Radar,206,20,40,0,266,0,1,52,0,53,206,21,92,0,319,12,0,12,331
05/27/2013,OAK,CA,AWP,WE,Towers with Radar,250,49,74,0,373,0,0,24,1,25,250,49,98,1,398,46,22,68,466
05/28/2013,OAK,CA,AWP,WE,Towers with Radar,311,44,59,3,417,0,3,42,1,46,311,47,101,4,463,66,0,66,529
05/29/2013,OAK,CA,AWP,WE,Towers with Radar,335,44,61,0,440,0,7,71,2,80,335,51,132,2,520,202,0,202,722
05/30/2013,OAK,CA,AWP,WE,Towers with Radar,334,44,52,0,430,0,8,83,2,93,334,52,135,2,523,170,0,170,693
05/31/2013,OAK,CA,AWP,WE,Towers with Radar,328,37,34,0,399,0,5,79,2,86,328,42,113,2,485,114,0,114,599
06/01/2013,OAK,CA,AWP,WE,Towers with Radar,243,21,36,0,300,0,5,96,0,101,243,26,132,0,401,206,0,206,607
06/02/2013,OAK,CA,AWP,WE,Towers with Radar,279,25,36,0,340,0,2,98,1,101,279,27,134,1,441,112,0,112,553
06/03/2013,OAK,CA,AWP,WE,Towers with Radar,313,29,49,1,392,0,2,54,1,57,313,31,103,2,449,22,0,22,471
06/04/2013,OAK,CA,AWP,WE,Towers with Radar,324,36,64,1,425,0,4,33,5,42,324,40,97,6,467,82,0,82,549
06/05/2013,OAK,CA,AWP,WE,Towers with Radar,342,39,66,0,447,0,3,47,1,51,342,42,113,1,498,88,0,88,586
06/06/2013,OAK,CA,AWP,WE,Towers with Radar,341,46,62,0,449,0,2,48,2,52,341,48,110,2,501,46,0,46,547
06/07/2013,OAK,CA,AWP,WE,Towers with Radar,334,44,68,0,446,0,3,75,1,79,334,47,143,1,525,46,0,46,571
06/08/2013,OAK,CA,AWP,WE,Towers with Radar,258,21,33,1,313,0,0,87,3,90,258,21,120,4,403,88,0,88,491
06/09/2013,OAK,CA,AWP,WE,Towers with Radar,280,25,58,1,364,0,0,53,1,54,280,25,111,2,418,116,0,116,534
06/10/2013,OAK,CA,AWP,WE,Towers with Radar,319,43,53,0,415,0,6,38,1,45,319,49,91,1,460,70,0,70,530
06/11/2013,OAK,CA,AWP,WE,Towers with Radar,341,47,45,0,433,0,3,64,0,67,341,50,109,0,500,94,0,94,594
06/12/2013,OAK,CA,AWP,WE,Towers with Radar,339,47,53,0,439,0,8,81,5,94,339,55,134,5,533,182,0,182,715
06/13/2013,OAK,CA,AWP,WE,Towers with Radar,342,29,61,0,432,0,4,75,0,79,342,33,136,0,511,52,0,52,563
06/14/2013,OAK,CA,AWP,WE,Towers with Radar,345,38,40,0,423,0,7,79,3,89,345,45,119,3,512,70,0,70,582
06/15/2013,OAK,CA,AWP,WE,Towers with Radar,267,28,51,0,346,0,0,69,0,69,267,28,120,0,415,200,0,200,615
06/16/2013,OAK,CA,AWP,WE,Towers with Radar,281,24,37,1,343,0,0,77,0,77,281,24,114,1,420,0,0,0,420
06/17/2013,OAK,CA,AWP,WE,Towers with Radar,294,31,63,1,389,0,5,39,0,44,294,36,102,1,433,6,0,6,439
06/18/2013,OAK,CA,AWP,WE,Towers with Radar,340,39,37,3,419,0,9,51,5,65,340,48,88,8,484,16,30,46,530
06/19/2013,OAK,CA,AWP,WE,Towers with Radar,351,33,57,0,441,0,5,91,4,100,351,38,148,4,541,34,0,34,575
06/20/2013,OAK,CA,AWP,WE,Towers with Radar,334,28,66,0,428,0,5,85,2,92,334,33,151,2,520,60,0,60,580
06/21/2013,OAK,CA,AWP,WE,Towers with Radar,321,36,67,0,424,0,3,93,0,96,321,39,160,0,520,142,0,142,662
06/22/2013,OAK,CA,AWP,WE,Towers with Radar,279,21,40,2,342,0,2,136,0,138,279,23,176,2,480,206,0,206,686
06/23/2013,OAK,CA,AWP,WE,Towers with Radar,282,37,77,1,397,0,1,22,0,23,282,38,99,1,420,58,0,58,478
06/24/2013,OAK,CA,AWP,WE,Towers with Radar,318,41,66,0,425,0,1,7,0,8,318,42,73,0,433,0,0,0,433
06/25/2013,OAK,CA,AWP,WE,Towers with Radar,349,58,59,0,466,0,3,15,9,27,349,61,74,9,493,96,0,96,589
06/26/2013,OAK,CA,AWP,WE,Towers with Radar,358,65,60,0,483,0,2,90,3,95,358,67,150,3,578,236,0,236,814
06/27/2013,OAK,CA,AWP,WE,Towers with Radar,340,56,71,0,467,0,1,110,0,111,340,57,181,0,578,82,0,82,660
06/28/2013,OAK,CA,AWP,WE,Towers with Radar,335,52,61,0,448,0,5,101,2,108,335,57,162,2,556,74,0,74,630
06/29/2013,OAK,CA,AWP,WE,Towers with Radar,265,20,31,0,316,0,1,131,0,132,265,21,162,0,448,112,0,112,560
06/30/2013,OAK,CA,AWP,WE,Towers with Radar,282,19,46,0,347,0,0,104,4,108,282,19,150,4,455,264,0,264,719
07/01/2013,OAK,CA,AWP,WE,Towers with Radar,304,30,38,1,373,0,4,79,6,89,304,34,117,7,462,70,0,70,532
07/02/2013,OAK,CA,AWP,WE,Towers with Radar,343,37,49,2,431,0,3,82,5,90,343,40,131,7,521,46,0,46,567
07/03/2013,OAK,CA,AWP,WE,Towers with Radar,341,42,68,1,452,0,6,116,9,131,341,48,184,10,583,64,0,64,647
07/04/2013,OAK,CA,AWP,WE,Towers with Radar,214,8,24,0,246,1,1,51,7,60,215,9,75,7,306,50,0,50,356
07/05/2013,OAK,CA,AWP,WE,Towers with Radar,272,18,41,0,331,0,3,36,9,48,272,21,77,9,379,26,0,26,405
07/06/2013,OAK,CA,AWP,WE,Towers with Radar,311,38,35,0,384,0,6,74,9,89,311,44,109,9,473,106,0,106,579
07/07/2013,OAK,CA,AWP,WE,Towers with Radar,349,63,63,0,475,0,3,84,2,89,349,66,147,2,564,152,0,152,716
07/08/2013,OAK,CA,AWP,WE,Towers with Radar,354,45,73,1,473,0,10,54,2,66,354,55,127,3,539,42,0,42,581
07/09/2013,OAK,CA,AWP,WE,Towers with Radar,364,48,70,0,482,0,4,68,0,72,364,52,138,0,554,102,0,102,656
07/10/2013,OAK,CA,AWP,WE,Towers with Radar,356,53,52,0,461,0,5,66,6,77,356,58,118,6,538,78,0,78,616
07/11/2013,OAK,CA,AWP,WE,Towers with Radar,369,46,88,0,503,0,3,77,2,82,369,49,165,2,585,184,0,184,769
07/12/2013,OAK,CA,AWP,WE,Towers with Radar,360,46,72,0,478,0,3,72,1,76,360,49,144,1,554,112,0,112,666
07/13/2013,OAK,CA,AWP,WE,Towers with Radar,267,25,42,0,334,0,0,84,8,92,267,25,126,8,426,148,0,148,574
07/14/2013,OAK,CA,AWP,WE,Towers with Radar,285,29,49,1,364,0,0,91,5,96,285,29,140,6,460,92,0,92,552
07/15/2013,OAK,CA,AWP,WE,Towers with Radar,320,41,62,0,423,0,4,40,7,51,320,45,102,7,474,62,0,62,536
07/16/2013,OAK,CA,AWP,WE,Towers with Radar,344,39,81,0,464,0,2,42,0,44,344,41,123,0,508,170,0,170,678
07/17/2013,OAK,CA,AWP,WE,Towers with Radar,349,37,62,2,450,0,4,43,4,51,349,41,105,6,501,78,0,78,579
07/18/2013,OAK,CA,AWP,WE,Towers with Radar,348,48,71,0,467,0,3,79,2,84,348,51,150,2,551,115,0,115,666
07/19/2013,OAK,CA,AWP,WE,Towers with Radar,329,35,64,0,428,0,5,72,6,83,329,40,136,6,511,137,0,137,648
07/20/2013,OAK,CA,AWP,WE,Towers with Radar,270,26,42,0,338,0,2,66,2,70,270,28,108,2,408,64,0,64,472
07/21/2013,OAK,CA,AWP,WE,Towers with Radar,285,33,60,0,378,0,3,93,2,98,285,36,153,2,476,86,0,86,562
07/22/2013,OAK,CA,AWP,WE,Towers with Radar,307,27,50,2,386,0,6,47,2,55,307,33,97,4,441,50,36,86,527
07/23/2013,OAK,CA,AWP,WE,Towers with Radar,347,46,38,0,431,0,3,85,0,88,347,49,123,0,519,114,0,114,633
07/24/2013,OAK,CA,AWP,WE,Towers with Radar,350,64,65,0,479,0,3,79,4,86,350,67,144,4,565,138,0,138,703
07/25/2013,OAK,CA,AWP,WE,Towers with Radar,344,41,64,0,449,0,2,54,2,58,344,43,118,2,507,8,0,8,515
07/26/2013,OAK,CA,AWP,WE,Towers with Radar,343,47,64,0,454,0,5,70,2,77,343,52,134,2,531,48,0,48,579
07/27/2013,OAK,CA,AWP,WE,Towers with Radar,267,30,48,0,345,0,1,67,0,68,267,31,115,0,413,100,0,100,513
07/28/2013,OAK,CA,AWP,WE,Towers with Radar,290,37,62,0,389,0,0,71,0,71,290,37,133,0,460,106,0,106,566
07/29/2013,OAK,CA,AWP,WE,Towers with Radar,311,49,59,1,420,0,2,41,0,43,311,51,100,1,463,142,0,142,605
07/30/2013,OAK,CA,AWP,WE,Towers with Radar,346,40,75,0,461,0,3,82,1,86,346,43,157,1,547,76,0,76,623
07/31/2013,OAK,CA,AWP,WE,Towers with Radar,357,50,64,1,472,0,4,48,2,54,357,54,112,3,526,126,0,126,652
08/01/2013,OAK,CA,AWP,WE,Towers with Radar,345,34,62,0,441,0,6,61,2,69,345,40,123,2,510,90,0,90,600
08/02/2013,OAK,CA,AWP,WE,Towers with Radar,347,39,65,1,452,0,3,56,2,61,347,42,121,3,513,88,18,106,619
08/03/2013,OAK,CA,AWP,WE,Towers with Radar,259,32,32,2,325,0,2,71,1,74,259,34,103,3,399,166,0,166,565
08/04/2013,OAK,CA,AWP,WE,Towers with Radar,293,37,53,0,383,0,1,65,0,66,293,38,118,0,449,92,0,92,541
08/05/2013,OAK,CA,AWP,WE,Towers with Radar,317,35,69,0,421,0,5,51,0,56,317,40,120,0,477,94,0,94,571
08/06/2013,OAK,CA,AWP,WE,Towers with Radar,340,34,57,0,431,0,3,47,1,51,340,37,104,1,482,58,0,58,540
08/07/2013,OAK,CA,AWP,WE,Towers with Radar,354,49,74,0,477,0,4,92,5,101,354,53,166,5,578,224,0,224,802
08/08/2013,OAK,CA,AWP,WE,Towers with Radar,344,73,78,0,495,0,21,68,2,91,344,94,146,2,586,100,0,100,686
08/09/2013,OAK,CA,AWP,WE,Towers with Radar,345,49,92,0,486,0,21,78,3,102,345,70,170,3,588,132,0,132,720
08/10/2013,OAK,CA,AWP,WE,Towers with Radar,265,39,44,1,349,0,0,43,2,45,265,39,87,3,394,110,8,118,512
08/11/2013,OAK,CA,AWP,WE,Towers with Radar,286,49,78,0,413,0,0,53,0,53,286,49,131,0,466,118,0,118,584
08/12/2013,OAK,CA,AWP,WE,Towers with Radar,317,41,49,0,407,0,2,72,1,75,317,43,121,1,482,64,0,64,546
08/13/2013,OAK,CA,AWP,WE,Towers with Radar,336,38,46,0,420,0,6,77,0,83,336,44,123,0,503,112,0,112,615
08/14/2013,OAK,CA,AWP,WE,Towers with Radar,341,39,57,0,437,0,4,69,4,77,341,43,126,4,514,222,0,222,736
08/15/2013,OAK,CA,AWP,WE,Towers with Radar,339,44,56,0,439,0,2,75,0,77,339,46,131,0,516,122,0,122,638
08/16/2013,OAK,CA,AWP,WE,Towers with Radar,331,47,53,0,431,0,4,61,0,65,331,51,114,0,496,62,0,62,558
08/17/2013,OAK,CA,AWP,WE,Towers with Radar,249,18,41,0,308,0,0,93,0,93,249,18,134,0,401,100,0,100,501
08/18/2013,OAK,CA,AWP,WE,Towers with Radar,277,35,33,0,345,0,0,100,0,100,277,35,133,0,445,194,0,194,639
08/19/2013,OAK,CA,AWP,WE,Towers with Radar,317,37,72,0,426,0,4,92,4,100,317,41,164,4,526,90,0,90,616
08/20/2013,OAK,CA,AWP,WE,Towers with Radar,340,41,69,0,450,0,2,72,0,74,340,43,141,0,524,84,0,84,608
08/21/2013,OAK,CA,AWP,WE,Towers with Radar,343,52,48,0,443,0,3,70,0,73,343,55,118,0,516,80,0,80,596
08/22/2013,OAK,CA,AWP,WE,Towers with Radar,335,55,60,0,450,0,4,69,2,75,335,59,129,2,525,140,0,140,665
08/23/2013,OAK,CA,AWP,WE,Towers with Radar,331,45,80,0,456,0,3,65,0,68,331,48,145,0,524,114,0,114,638
08/24/2013,OAK,CA,AWP,WE,Towers with Radar,246,16,32,0,294,0,0,106,6,112,246,16,138,6,406,106,2,108,514
08/25/2013,OAK,CA,AWP,WE,Towers with Radar,272,28,50,1,351,0,0,97,0,97,272,28,147,1,448,68,0,68,516
08/26/2013,OAK,CA,AWP,WE,Towers with Radar,308,36,77,3,424,0,4,63,1,68,308,40,140,4,492,120,0,120,612
08/27/2013,OAK,CA,AWP,WE,Towers with Radar,335,45,61,0,441,0,4,66,0,70,335,49,127,0,511,138,0,138,649
08/28/2013,OAK,CA,AWP,WE,Towers with Radar,338,43,62,2,445,0,3,54,2,59,338,46,116,4,504,108,0,108,612
08/29/2013,OAK,CA,AWP,WE,Towers with Radar,336,33,45,0,414,0,3,64,4,71,336,36,109,4,485,86,16,102,587
08/30/2013,OAK,CA,AWP,WE,Towers with Radar,338,42,42,1,423,0,8,58,6,72,338,50,100,7,495,68,0,68,563
08/31/2013,OAK,CA,AWP,WE,Towers with Radar,213,21,31,0,265,0,0,93,9,102,213,21,124,9,367,66,0,66,433
09/01/2013,OAK,CA,AWP,WE,Towers with Radar,222,11,17,0,250,0,2,77,0,79,222,13,94,0,329,18,0,18,347
09/02/2013,OAK,CA,AWP,WE,Towers with Radar,253,25,39,1,318,0,6,93,10,109,253,31,132,11,427,74,0,74,501
09/03/2013,OAK,CA,AWP,WE,Towers with Radar,304,28,65,1,398,0,7,69,2,78,304,35,134,3,476,104,0,104,580
09/04/2013,OAK,CA,AWP,WE,Towers with Radar,349,38,50,0,437,0,8,70,1,79,349,46,120,1,516,144,0,144,660
09/05/2013,OAK,CA,AWP,WE,Towers with Radar,332,40,65,0,437,0,6,62,2,70,332,46,127,2,507,158,18,176,683
09/06/2013,OAK,CA,AWP,WE,Towers with Radar,328,25,52,1,406,0,6,56,2,64,328,31,108,3,470,70,0,70,540
09/07/2013,OAK,CA,AWP,WE,Towers with Radar,230,14,24,0,268,0,3,140,4,147,230,17,164,4,415,96,0,96,511
09/08/2013,OAK,CA,AWP,WE,Towers with Radar,278,40,51,0,369,0,0,128,7,135,278,40,179,7,504,120,0,120,624
09/09/2013,OAK,CA,AWP,WE,Towers with Radar,306,33,69,0,408,0,6,60,0,66,306,39,129,0,474,102,0,102,576
09/10/2013,OAK,CA,AWP,WE,Towers with Radar,327,44,77,0,448,0,3,56,0,59,327,47,133,0,507,64,0,64,571
09/11/2013,OAK,CA,AWP,WE,Towers with Radar,329,47,59,0,435,0,7,80,0,87,329,54,139,0,522,66,0,66,588
09/12/2013,OAK,CA,AWP,WE,Towers with Radar,326,45,95,1,467,0,2,63,4,69,326,47,158,5,536,8,0,8,544
09/13/2013,OAK,CA,AWP,WE,Towers with Radar,328,45,77,4,454,0,2,58,0,60,328,47,135,4,514,4,18,22,536
09/14/2013,OAK,CA,AWP,WE,Towers with Radar,237,39,86,0,362,0,2,52,1,55,237,41,138,1,417,90,0,90,507
09/15/2013,OAK,CA,AWP,WE,Towers with Radar,276,53,62,0,391,0,0,87,0,87,276,53,149,0,478,40,0,40,518
09/16/2013,OAK,CA,AWP,WE,Towers with Radar,310,34,34,0,378,0,4,52,2,58,310,38,86,2,436,46,0,46,482
09/17/2013,OAK,CA,AWP,WE,Towers with Radar,326,46,56,0,428,0,3,79,2,84,326,49,135,2,512,28,0,28,540
09/18/2013,OAK,CA,AWP,WE,Towers with Radar,341,45,51,0,437,0,4,76,2,82,341,49,127,2,519,84,0,84,603
09/19/2013,OAK,CA,AWP,WE,Towers with Radar,341,48,53,0,442,0,2,75,0,77,341,50,128,0,519,98,0,98,617
09/20/2013,OAK,CA,AWP,WE,Towers with Radar,327,48,66,2,443,0,1,30,0,31,327,49,96,2,474,78,0,78,552
09/21/2013,OAK,CA,AWP,WE,Towers with Radar,236,24,33,0,293,0,0,29,0,29,236,24,62,0,322,38,0,38,360
09/22/2013,OAK,CA,AWP,WE,Towers with Radar,278,36,47,1,362,2,0,106,0,108,280,36,153,1,470,136,0,136,606
09/23/2013,OAK,CA,AWP,WE,Towers with Radar,308,36,35,0,379,0,6,54,1,61,308,42,89,1,440,24,0,24,464
09/24/2013,OAK,CA,AWP,WE,Towers with Radar,328,30,53,0,411,0,5,72,2,79,328,35,125,2,490,32,0,32,522
09/25/2013,OAK,CA,AWP,WE,Towers with Radar,331,22,68,0,421,0,13,85,0,98,331,35,153,0,519,120,0,120,639
09/26/2013,OAK,CA,AWP,WE,Towers with Radar,334,39,64,0,437,0,9,86,3,98,334,48,150,3,535,172,0,172,707
09/27/2013,OAK,CA,AWP,WE,Towers with Radar,326,32,71,0,429,0,6,86,0,92,326,38,157,0,521,78,0,78,599
09/28/2013,OAK,CA,AWP,WE,Towers with Radar,236,23,36,0,295,0,2,118,1,121,236,25,154,1,416,164,0,164,580
09/29/2013,OAK,CA,AWP,WE,Towers with Radar,266,29,49,0,344,0,0,64,2,66,266,29,113,2,410,100,0,100,510
09/30/2013,OAK,CA,AWP,WE,Towers with Radar,296,52,57,0,405,0,4,35,0,39,296,56,92,0,444,52,0,52,496
10/01/2013,OAK,CA,AWP,WE,Towers with Radar,322,39,55,1,417,0,5,52,2,59,322,44,107,3,476,44,0,44,520
10/02/2013,OAK,CA,AWP,WE,Towers with Radar,314,47,52,0,413,0,7,64,1,72,314,54,116,1,485,38,0,38,523
10/03/2013,OAK,CA,AWP,WE,Towers with Radar,316,46,49,2,413,0,6,72,2,80,316,52,121,4,493,44,0,44,537
10/04/2013,OAK,CA,AWP,WE,Towers with Radar,322,38,49,0,409,0,5,41,0,46,322,43,90,0,455,0,0,0,455
10/05/2013,OAK,CA,AWP,WE,Towers with Radar,228,27,35,0,290,0,1,95,1,97,228,28,130,1,387,62,0,62,449
10/06/2013,OAK,CA,AWP,WE,Towers with Radar,270,36,57,2,365,0,2,91,2,95,270,38,148,4,460,76,0,76,536
10/07/2013,OAK,CA,AWP,WE,Towers with Radar,299,48,58,0,405,0,6,70,0,76,299,54,128,0,481,6,0,6,487
10/08/2013,OAK,CA,AWP,WE,Towers with Radar,321,47,55,0,423,0,5,57,0,62,321,52,112,0,485,40,0,40,525
10/09/2013,OAK,CA,AWP,WE,Towers with Radar,315,37,43,0,395,0,5,60,4,69,315,42,103,4,464,40,0,40,504
10/10/2013,OAK,CA,AWP,WE,Towers with Radar,327,33,63,0,423,0,6,59,4,69,327,39,122,4,492,38,0,38,530
10/11/2013,OAK,CA,AWP,WE,Towers with Radar,316,60,68,2,446,0,3,47,1,51,316,63,115,3,497,44,0,44,541
10/12/2013,OAK,CA,AWP,WE,Towers with Radar,227,16,43,0,286,0,0,82,0,82,227,16,125,0,368,74,0,74,442
10/13/2013,OAK,CA,AWP,WE,Towers with Radar,264,34,64,0,362,0,1,87,1,89,264,35,151,1,451,190,0,190,641
10/14/2013,OAK,CA,AWP,WE,Towers with Radar,287,38,47,1,373,1,5,84,1,91,288,43,131,2,464,42,0,42,506
10/15/2013,OAK,CA,AWP,WE,Towers with Radar,312,30,56,1,399,0,14,70,2,86,312,44,126,3,485,32,0,32,517
10/16/2013,OAK,CA,AWP,WE,Towers with Radar,326,28,55,1,410,0,14,73,3,90,326,42,128,4,500,76,18,94,594
10/17/2013,OAK,CA,AWP,WE,Towers with Radar,327,41,31,0,399,0,5,58,2,65,327,46,89,2,464,74,0,74,538
10/18/2013,OAK,CA,AWP,WE,Towers with Radar,314,33,58,0,405,0,6,91,12,109,314,39,149,12,514,80,0,80,594
10/19/2013,OAK,CA,AWP,WE,Towers with Radar,235,40,42,0,317,0,4,95,1,100,235,44,137,1,417,200,0,200,617
10/20/2013,OAK,CA,AWP,WE,Towers with Radar,264,24,56,0,344,0,1,108,0,109,264,25,164,0,453,78,0,78,531
10/21/2013,OAK,CA,AWP,WE,Towers with Radar,297,43,49,0,389,0,4,41,2,47,297,47,90,2,436,22,0,22,458
10/22/2013,OAK,CA,AWP,WE,Towers with Radar,327,49,60,2,438,0,6,44,0,50,327,55,104,2,488,92,0,92,580
10/23/2013,OAK,CA,AWP,WE,Towers with Radar,315,54,78,0,447,0,4,25,0,29,315,58,103,0,476,74,0,74,550
10/24/2013,OAK,CA,AWP,WE,Towers with Radar,334,46,84,1,465,0,4,25,1,30,334,50,109,2,495,104,0,104,599
10/25/2013,OAK,CA,AWP,WE,Towers with Radar,316,51,64,3,434,0,5,90,9,104,316,56,154,12,538,70,0,70,608
10/26/2013,OAK,CA,AWP,WE,Towers with Radar,231,22,39,0,292,0,2,78,3,83,231,24,117,3,375,178,0,178,553
10/27/2013,OAK,CA,AWP,WE,Towers with Radar,260,54,73,1,388,0,1,25,0,26,260,55,98,1,414,74,0,74,488
10/28/2013,OAK,CA,AWP,WE,Towers with Radar,301,36,44,1,382,0,2,49,6,57,301,38,93,7,439,72,10,82,521
10/29/2013,OAK,CA,AWP,WE,Towers with Radar,322,37,56,0,415,0,5,46,0,51,322,42,102,0,466,112,0,112,578
10/30/2013,OAK,CA,AWP,WE,Towers with Radar,325,47,60,0,432,0,5,81,4,90,325,52,141,4,522,82,0,82,604
10/31/2013,OAK,CA,AWP,WE,Towers with Radar,294,38,38,0,370,0,5,50,1,56,294,43,88,1,426,114,0,114,540
11/01/2013,OAK,CA,AWP,WE,Towers with Radar,304,34,50,2,390,0,7,69,7,83,304,41,119,9,473,98,4,102,575
11/02/2013,OAK,CA,AWP,WE,Towers with Radar,228,19,26,3,276,0,2,73,4,79,228,21,99,7,355,98,0,98,453
11/03/2013,OAK,CA,AWP,WE,Towers with Radar,254,34,50,2,340,0,4,97,3,104,254,38,147,5,444,90,0,90,534
11/04/2013,OAK,CA,AWP,WE,Towers with Radar,300,41,41,0,382,0,4,60,1,65,300,45,101,1,447,16,0,16,463
11/05/2013,OAK,CA,AWP,WE,Towers with Radar,319,35,53,3,410,0,4,73,0,77,319,39,126,3,487,146,0,146,633
11/06/2013,OAK,CA,AWP,WE,Towers with Radar,326,45,51,2,424,0,8,69,3,80,326,53,120,5,504,136,4,140,644
11/07/2013,OAK,CA,AWP,WE,Towers with Radar,325,40,57,4,426,0,5,41,5,51,325,45,98,9,477,22,0,22,499
11/08/2013,OAK,CA,AWP,WE,Towers with Radar,313,32,70,1,416,0,4,65,4,73,313,36,135,5,489,56,0,56,545
11/09/2013,OAK,CA,AWP,WE,Towers with Radar,234,22,36,0,292,0,1,110,0,111,234,23,146,0,403,190,0,190,593
11/10/2013,OAK,CA,AWP,WE,Towers with Radar,256,30,58,0,344,0,0,65,0,65,256,30,123,0,409,94,0,94,503
11/11/2013,OAK,CA,AWP,WE,Towers with Radar,294,36,41,0,371,0,5,58,0,63,294,41,99,0,434,76,0,76,510
11/12/2013,OAK,CA,AWP,WE,Towers with Radar,318,42,65,0,425,0,4,63,0,67,318,46,128,0,492,64,0,64,556
11/13/2013,OAK,CA,AWP,WE,Towers with Radar,321,39,62,4,426,0,7,70,0,77,321,46,132,4,503,38,0,38,541
11/14/2013,OAK,CA,AWP,WE,Towers with Radar,326,49,73,0,448,0,3,47,4,54,326,52,120,4,502,68,0,68,570
11/15/2013,OAK,CA,AWP,WE,Towers with Radar,318,35,47,0,400,0,6,96,1,103,318,41,143,1,503,90,0,90,593
11/16/2013,OAK,CA,AWP,WE,Towers with Radar,236,20,28,2,286,0,1,99,1,101,236,21,127,3,387,198,0,198,585
11/17/2013,OAK,CA,AWP,WE,Towers with Radar,253,30,68,0,351,0,1,95,2,98,253,31,163,2,449,128,10,138,587
11/18/2013,OAK,CA,AWP,WE,Towers with Radar,299,28,63,0,390,0,4,41,0,45,299,32,104,0,435,14,0,14,449
11/19/2013,OAK,CA,AWP,WE,Towers with Radar,319,51,65,0,435,0,0,29,0,29,319,51,94,0,464,16,0,16,480
11/20/2013,OAK,CA,AWP,WE,Towers with Radar,339,55,67,0,461,0,0,1,0,1,339,55,68,0,462,0,0,0,462
11/21/2013,OAK,CA,AWP,WE,Towers with Radar,325,62,54,0,441,0,3,39,2,44,325,65,93,2,485,74,0,74,559
11/22/2013,OAK,CA,AWP,WE,Towers with Radar,325,32,41,0,398,0,4,31,0,35,325,36,72,0,433,6,0,6,439
11/23/2013,OAK,CA,AWP,WE,Towers with Radar,250,26,51,0,327,0,0,64,0,64,250,26,115,0,391,152,0,152,543
11/24/2013,OAK,CA,AWP,WE,Towers with Radar,250,27,46,1,324,0,1,101,0,102,250,28,147,1,426,196,0,196,622
11/25/2013,OAK,CA,AWP,WE,Towers with Radar,296,34,49,0,379,0,2,35,0,37,296,36,84,0,416,8,0,8,424
11/26/2013,OAK,CA,AWP,WE,Towers with Radar,349,53,54,5,461,0,8,73,2,83,349,61,127,7,544,92,0,92,636
11/27/2013,OAK,CA,AWP,WE,Towers with Radar,354,54,65,2,475,0,7,67,2,76,354,61,132,4,551,70,4,74,625
11/28/2013,OAK,CA,AWP,WE,Towers with Radar,184,12,14,0,210,0,1,18,0,19,184,13,32,0,229,0,0,0,229
11/29/2013,OAK,CA,AWP,WE,Towers with Radar,253,23,37,0,313,0,3,52,2,57,253,26,89,2,370,20,0,20,390
11/30/2013,OAK,CA,AWP,WE,Towers with Radar,284,30,41,0,355,0,0,68,0,68,284,30,109,0,423,56,0,56,479
12/01/2013,OAK,CA,AWP,WE,Towers with Radar,325,33,87,0,445,0,1,96,0,97,325,34,183,0,542,158,0,158,700
12/02/2013,OAK,CA,AWP,WE,Towers with Radar,312,32,59,0,403,0,3,41,0,44,312,35,100,0,447,104,0,104,551
12/03/2013,OAK,CA,AWP,WE,Towers with Radar,351,53,62,0,466,0,8,59,5,72,351,61,121,5,538,192,0,192,730
12/04/2013,OAK,CA,AWP,WE,Towers with Radar,337,33,50,0,420,0,7,67,1,75,337,40,117,1,495,10,0,10,505
12/05/2013,OAK,CA,AWP,WE,Towers with Radar,346,44,62,2,454,0,6,60,15,81,346,50,122,17,535,86,14,100,635
12/06/2013,OAK,CA,AWP,WE,Towers with Radar,328,41,68,2,439,0,6,55,1,62,328,47,123,3,501,68,0,68,569
12/07/2013,OAK,CA,AWP,WE,Towers with Radar,235,17,29,1,282,1,1,61,0,63,236,18,90,1,345,70,0,70,415
12/08/2013,OAK,CA,AWP,WE,Towers with Radar,253,29,53,0,335,0,0,73,0,73,253,29,126,0,408,86,0,86,494
12/09/2013,OAK,CA,AWP,WE,Towers with Radar,291,28,53,1,373,0,7,40,2,49,291,35,93,3,422,58,0,58,480
12/10/2013,OAK,CA,AWP,WE,Towers with Radar,351,46,62,3,462,0,11,62,6,79,351,57,124,9,541,131,0,131,672
12/11/2013,OAK,CA,AWP,WE,Towers with Radar,344,25,63,1,433,1,10,65,6,82,345,35,128,7,515,70,14,84,599
12/12/2013,OAK,CA,AWP,WE,Towers with Radar,362,42,58,4,466,0,12,76,11,99,362,54,134,15,565,78,10,88,653
12/13/2013,OAK,CA,AWP,WE,Towers with Radar,347,38,69,0,454,0,3,63,1,67,347,41,132,1,521,76,0,76,597
12/14/2013,OAK,CA,AWP,WE,Towers with Radar,243,17,32,0,292,0,2,89,0,91,243,19,121,0,383,72,0,72,455
12/15/2013,OAK,CA,AWP,WE,Towers with Radar,268,20,51,1,340,0,0,86,3,89,268,20,137,4,429,102,0,102,531
12/16/2013,OAK,CA,AWP,WE,Towers with Radar,298,37,45,1,381,0,7,48,0,55,298,44,93,1,436,32,0,32,468
12/17/2013,OAK,CA,AWP,WE,Towers with Radar,357,41,46,0,444,0,8,44,0,52,357,49,90,0,496,178,0,178,674
12/18/2013,OAK,CA,AWP,WE,Towers with Radar,371,39,54,0,464,0,9,55,5,69,371,48,109,5,533,64,0,64,597
12/19/2013,OAK,CA,AWP,WE,Towers with Radar,375,45,73,0,493,0,8,64,5,77,375,53,137,5,570,94,0,94,664
12/20/2013,OAK,CA,AWP,WE,Towers with Radar,358,37,48,0,443,0,11,58,0,69,358,48,106,0,512,36,0,36,548
12/21/2013,OAK,CA,AWP,WE,Towers with Radar,329,36,41,0,406,0,1,74,0,75,329,37,115,0,481,118,0,118,599
12/22/2013,OAK,CA,AWP,WE,Towers with Radar,295,37,35,0,367,0,0,62,0,62,295,37,97,0,429,90,0,90,519
12/23/2013,OAK,CA,AWP,WE,Towers with Radar,323,39,37,0,399,0,18,56,3,77,323,57,93,3,476,32,0,32,508
12/24/2013,OAK,CA,AWP,WE,Towers with Radar,282,29,28,1,340,0,23,50,0,73,282,52,78,1,413,34,0,34,447
12/25/2013,OAK,CA,AWP,WE,Towers with Radar,215,17,7,0,239,0,2,26,0,28,215,19,33,0,267,8,0,8,275
12/26/2013,OAK,CA,AWP,WE,Towers with Radar,333,48,44,0,425,0,22,50,4,76,333,70,94,4,501,104,0,104,605
12/27/2013,OAK,CA,AWP,WE,Towers with Radar,334,42,61,0,437,0,6,79,0,85,334,48,140,0,522,66,0,66,588
12/28/2013,OAK,CA,AWP,WE,Towers with Radar,294,15,55,0,364,0,2,67,0,69,294,17,122,0,433,108,0,108,541
12/29/2013,OAK,CA,AWP,WE,Towers with Radar,256,18,28,0,302,0,10,44,0,54,256,28,72,0,356,26,0,26,382
12/30/2013,OAK,CA,AWP,WE,Towers with Radar,300,23,40,0,363,0,6,52,1,59,300,29,92,1,422,52,0,52,474
12/31/2013,OAK,CA,AWP,WE,Towers with Radar,264,41,25,0,330,0,7,47,9,63,264,48,72,9,393,42,0,42,435
01/01/2014,OAK,CA,AWP,WE,Towers with Radar,213,34,23,0,270,0,2,42,4,48,213,36,65,4,318,28,0,28,346
01/02/2014,OAK,CA,AWP,WE,Towers with Radar,301,43,41,0,385,0,7,38,6,51,301,50,79,6,436,10,0,10,446
01/03/2014,OAK,CA,AWP,WE,Towers with Radar,291,55,50,0,396,0,12,44,1,57,291,67,94,1,453,60,0,60,513
01/04/2014,OAK,CA,AWP,WE,Towers with Radar,248,46,43,0,337,0,2,68,0,70,248,48,111,0,407,136,0,136,543
01/05/2014,OAK,CA,AWP,WE,Towers with Radar,239,38,49,1,327,0,0,62,0,62,239,38,111,1,389,74,0,74,463
01/06/2014,OAK,CA,AWP,WE,Towers with Radar,284,28,61,0,373,0,3,50,5,58,284,31,111,5,431,46,0,46,477
01/07/2014,OAK,CA,AWP,WE,Towers with Radar,289,42,61,0,392,0,7,42,0,49,289,49,103,0,441,38,0,38,479
01/08/2014,OAK,CA,AWP,WE,Towers with Radar,300,45,49,0,394,0,0,11,2,13,300,45,60,2,407,16,0,16,423
01/09/2014,OAK,CA,AWP,WE,Towers with Radar,319,50,58,0,427,0,5,39,6,50,319,55,97,6,477,12,0,12,489
01/10/2014,OAK,CA,AWP,WE,Towers with Radar,310,46,54,0,410,0,5,70,0,75,310,51,124,0,485,88,0,88,573
01/11/2014,OAK,CA,AWP,WE,Towers with Radar,199,21,30,0,250,0,1,13,0,14,199,22,43,0,264,78,0,78,342
01/12/2014,OAK,CA,AWP,WE,Towers with Radar,231,27,52,0,310,0,1,73,0,74,231,28,125,0,384,36,0,36,420
01/13/2014,OAK,CA,AWP,WE,Towers with Radar,284,35,47,0,366,0,6,29,0,35,284,41,76,0,401,0,0,0,401
01/14/2014,OAK,CA,AWP,WE,Towers with Radar,307,43,81,0,431,0,6,58,1,65,307,49,139,1,496,54,0,54,550
01/15/2014,OAK,CA,AWP,WE,Towers with Radar,317,41,70,0,428,0,8,54,2,64,317,49,124,2,492,130,0,130,622
01/16/2014,OAK,CA,AWP,WE,Towers with Radar,314,41,58,0,413,0,8,59,3,70,314,49,117,3,483,20,0,20,503
01/17/2014,OAK,CA,AWP,WE,Towers with Radar,303,55,46,1,405,0,5,78,0,83,303,60,124,1,488,114,0,114,602
01/18/2014,OAK,CA,AWP,WE,Towers with Radar,194,31,38,0,263,0,3,94,0,97,194,34,132,0,360,136,0,136,496
01/19/2014,OAK,CA,AWP,WE,Towers with Radar,231,20,27,7,285,0,5,78,0,83,231,25,105,7,368,5,0,5,373
01/20/2014,OAK,CA,AWP,WE,Towers with Radar,285,46,48,0,379,0,4,77,0,81,285,50,125,0,460,82,0,82,542
01/21/2014,OAK,CA,AWP,WE,Towers with Radar,301,31,47,0,379,0,5,69,2,76,301,36,116,2,455,14,0,14,469
01/22/2014,OAK,CA,AWP,WE,Towers with Radar,308,38,59,0,405,0,15,52,0,67,308,53,111,0,472,28,0,28,500
01/23/2014,OAK,CA,AWP,WE,Towers with Radar,307,48,59,0,414,0,12,41,4,57,307,60,100,4,471,14,8,22,493
01/24/2014,OAK,CA,AWP,WE,Towers with Radar,302,42,38,1,383,0,6,53,3,62,302,48,91,4,445,98,0,98,543
01/25/2014,OAK,CA,AWP,WE,Towers with Radar,197,16,25,0,238,0,2,98,1,101,197,18,123,1,339,146,0,146,485
01/26/2014,OAK,CA,AWP,WE,Towers with Radar,237,34,43,0,314,0,3,108,3,114,237,37,151,3,428,70,0,70,498
01/27/2014,OAK,CA,AWP,WE,Towers with Radar,273,49,39,0,361,0,6,40,4,50,273,55,79,4,411,12,48,60,471
01/28/2014,OAK,CA,AWP,WE,Towers with Radar,299,53,51,1,404,0,2,28,1,31,299,55,79,2,435,22,0,22,457
01/29/2014,OAK,CA,AWP,WE,Towers with Radar,297,56,72,4,429,0,2,3,2,7,297,58,75,6,436,0,0,0,436
01/30/2014,OAK,CA,AWP,WE,Towers with Radar,312,50,65,3,430,0,2,34,0,36,312,52,99,3,466,22,0,22,488
01/31/2014,OAK,CA,AWP,WE,Towers with Radar,299,42,44,5,390,0,8,45,4,57,299,50,89,9,447,28,0,28,475
02/01/2014,OAK,CA,AWP,WE,Towers with Radar,203,16,39,3,261,0,1,103,1,105,203,17,142,4,366,144,0,144,510
02/02/2014,OAK,CA,AWP,WE,Towers with Radar,217,36,45,0,298,0,0,6,0,6,217,36,51,0,304,16,0,16,320
02/03/2014,OAK,CA,AWP,WE,Towers with Radar,275,39,49,0,363,0,3,46,0,49,275,42,95,0,412,22,0,22,434
02/04/2014,OAK,CA,AWP,WE,Towers with Radar,294,47,56,0,397,0,6,68,0,74,294,53,124,0,471,28,0,28,499
02/05/2014,OAK,CA,AWP,WE,Towers with Radar,296,49,58,0,403,0,2,55,0,57,296,51,113,0,460,66,0,66,526
02/06/2014,OAK,CA,AWP,WE,Towers with Radar,311,61,73,0,445,0,2,2,0,4,311,63,75,0,449,4,0,4,453
02/07/2014,OAK,CA,AWP,WE,Towers with Radar,302,45,44,4,395,1,0,12,0,13,303,45,56,4,408,22,0,22,430
02/08/2014,OAK,CA,AWP,WE,Towers with Radar,196,33,21,1,251,0,0,0,0,0,196,33,21,1,251,10,0,10,261
02/09/2014,OAK,CA,AWP,WE,Towers with Radar,241,48,53,1,343,0,0,4,0,4,241,48,57,1,347,0,0,0,347
02/10/2014,OAK,CA,AWP,WE,Towers with Radar,283,54,60,1,398,0,4,20,4,28,283,58,80,5,426,54,0,54,480
02/11/2014,OAK,CA,AWP,WE,Towers with Radar,302,39,62,0,403,0,3,41,6,50,302,42,103,6,453,12,0,12,465
02/12/2014,OAK,CA,AWP,WE,Towers with Radar,317,47,83,0,447,0,3,34,0,37,317,50,117,0,484,46,0,46,530
02/13/2014,OAK,CA,AWP,WE,Towers with Radar,324,53,74,0,451,0,7,47,4,58,324,60,121,4,509,60,0,60,569
02/14/2014,OAK,CA,AWP,WE,Towers with Radar,317,63,83,3,466,0,2,24,10,36,317,65,107,13,502,56,12,68,570
02/15/2014,OAK,CA,AWP,WE,Towers with Radar,212,48,54,0,314,0,3,54,0,57,212,51,108,0,371,286,0,286,657
02/16/2014,OAK,CA,AWP,WE,Towers with Radar,232,23,49,2,306,0,0,102,0,102,232,23,151,2,408,252,0,252,660
02/17/2014,OAK,CA,AWP,WE,Towers with Radar,282,32,60,1,375,0,3,122,0,125,282,35,182,1,500,218,0,218,718
02/18/2014,OAK,CA,AWP,WE,Towers with Radar,311,28,70,4,413,0,4,46,4,54,311,32,116,8,467,4,0,4,471
02/19/2014,OAK,CA,AWP,WE,Towers with Radar,320,33,50,1,404,0,10,97,4,111,320,43,147,5,515,130,0,130,645
02/20/2014,OAK,CA,AWP,WE,Towers with Radar,317,37,70,5,429,0,7,86,8,101,317,44,156,13,530,94,4,98,628
02/21/2014,OAK,CA,AWP,WE,Towers with Radar,303,36,51,0,390,0,9,106,2,117,303,45,157,2,507,104,2,106,613
02/22/2014,OAK,CA,AWP,WE,Towers with Radar,217,31,32,1,281,0,5,90,0,95,217,36,122,1,376,56,0,56,432
02/23/2014,OAK,CA,AWP,WE,Towers with Radar,244,29,52,1,326,0,0,85,0,85,244,29,137,1,411,62,0,62,473
02/24/2014,OAK,CA,AWP,WE,Towers with Radar,279,23,55,1,358,0,3,66,4,73,279,26,121,5,431,124,0,124,555
02/25/2014,OAK,CA,AWP,WE,Towers with Radar,308,49,77,1,435,0,12,73,2,87,308,61,150,3,522,62,0,62,584
02/26/2014,OAK,CA,AWP,WE,Towers with Radar,317,62,69,2,450,0,2,12,0,14,317,64,81,2,464,92,0,92,556
02/27/2014,OAK,CA,AWP,WE,Towers with Radar,319,52,52,1,424,0,7,29,1,37,319,59,81,2,461,166,0,166,627
02/28/2014,OAK,CA,AWP,WE,Towers with Radar,300,54,42,1,397,0,1,9,1,11,300,55,51,2,408,0,0,0,408
03/01/2014,OAK,CA,AWP,WE,Towers with Radar,217,35,20,2,274,0,0,25,0,25,217,35,45,2,299,108,0,108,407
03/02/2014,OAK,CA,AWP,WE,Towers with Radar,237,34,45,0,316,0,0,8,0,8,237,34,53,0,324,32,0,32,356
03/03/2014,OAK,CA,AWP,WE,Towers with Radar,284,39,53,0,376,0,4,18,0,22,284,43,71,0,398,28,0,28,426
03/04/2014,OAK,CA,AWP,WE,Towers with Radar,310,53,66,7,436,0,8,28,4,40,310,61,94,11,476,70,0,70,546
03/05/2014,OAK,CA,AWP,WE,Towers with Radar,314,43,56,0,413,0,1,30,0,31,314,44,86,0,444,50,0,50,494
03/06/2014,OAK,CA,AWP,WE,Towers with Radar,316,53,63,16,448,0,3,74,8,85,316,56,137,24,533,124,0,124,657
03/07/2014,OAK,CA,AWP,WE,Towers with Radar,310,29,54,1,394,0,5,81,3,89,310,34,135,4,483,98,0,98,581
03/08/2014,OAK,CA,AWP,WE,Towers with Radar,224,26,31,0,281,0,4,100,0,104,224,30,131,0,385,120,0,120,505
03/09/2014,OAK,CA,AWP,WE,Towers with Radar,250,32,64,2,348,0,1,72,0,73,250,33,136,2,421,128,0,128,549
03/10/2014,OAK,CA,AWP,WE,Towers with Radar,283,39,42,1,365,0,4,36,3,43,283,43,78,4,408,52,0,52,460
03/11/2014,OAK,CA,AWP,WE,Towers with Radar,303,37,46,4,390,0,8,70,7,85,303,45,116,11,475,90,0,90,565
03/12/2014,OAK,CA,AWP,WE,Towers with Radar,313,54,64,0,431,0,8,55,10,73,313,62,119,10,504,16,0,16,520
03/13/2014,OAK,CA,AWP,WE,Towers with Radar,322,35,68,4,429,0,7,114,4,125,322,42,182,8,554,140,0,140,694
03/14/2014,OAK,CA,AWP,WE,Towers with Radar,302,46,74,8,430,0,2,60,4,66,302,48,134,12,496,58,0,58,554
03/15/2014,OAK,CA,AWP,WE,Towers with Radar,228,16,43,0,287,0,0,71,3,74,228,16,114,3,361,182,0,182,543
03/16/2014,OAK,CA,AWP,WE,Towers with Radar,250,19,54,1,324,0,0,85,0,85,250,19,139,1,409,74,0,74,483
03/17/2014,OAK,CA,AWP,WE,Towers with Radar,282,33,45,6,366,0,6,58,8,72,282,39,103,14,438,42,0,42,480
03/18/2014,OAK,CA,AWP,WE,Towers with Radar,318,37,58,0,413,0,5,55,7,67,318,42,113,7,480,84,0,84,564
03/19/2014,OAK,CA,AWP,WE,Towers with Radar,312,36,84,0,432,0,5,100,8,113,312,41,184,8,545,126,0,126,671
03/20/2014,OAK,CA,AWP,WE,Towers with Radar,319,33,62,0,414,0,2,82,3,87,319,35,144,3,501,158,0,158,659
03/21/2014,OAK,CA,AWP,WE,Towers with Radar,307,56,59,1,423,0,1,68,17,86,307,57,127,18,509,132,84,216,725
03/22/2014,OAK,CA,AWP,WE,Towers with Radar,234,27,51,4,316,0,0,79,4,83,234,27,130,8,399,168,10,178,577
03/23/2014,OAK,CA,AWP,WE,Towers with Radar,246,31,37,2,316,0,0,78,7,85,246,31,115,9,401,82,4,86,487
03/24/2014,OAK,CA,AWP,WE,Towers with Radar,285,41,53,1,380,0,5,60,0,65,285,46,113,1,445,84,12,96,541
03/25/2014,OAK,CA,AWP,WE,Towers with Radar,316,44,53,0,413,0,4,18,2,24,316,48,71,2,437,36,0,36,473
03/26/2014,OAK,CA,AWP,WE,Towers with Radar,321,51,71,1,444,0,8,19,6,33,321,59,90,7,477,66,0,66,543
03/27/2014,OAK,CA,AWP,WE,Towers with Radar,317,48,57,4,426,0,3,48,7,58,317,51,105,11,484,120,0,120,604
03/28/2014,OAK,CA,AWP,WE,Towers with Radar,301,45,44,2,392,0,3,33,4,40,301,48,77,6,432,152,20,172,604
03/29/2014,OAK,CA,AWP,WE,Towers with Radar,232,27,41,2,302,0,1,8,1,10,232,28,49,3,312,56,0,56,368
03/30/2014,OAK,CA,AWP,WE,Towers with Radar,246,28,50,1,325,0,0,42,0,42,246,28,92,1,367,100,0,100,467
03/31/2014,OAK,CA,AWP,WE,Towers with Radar,283,40,52,1,376,0,3,4,2,9,283,43,56,3,385,0,8,8,393
04/01/2014,OAK,CA,AWP,WE,Towers with Radar,323,66,43,4,436,0,1,4,0,5,323,67,47,4,441,0,0,0,441
04/02/2014,OAK,CA,AWP,WE,Towers with Radar,315,42,62,2,421,0,4,51,7,62,315,46,113,9,483,36,0,36,519
04/03/2014,OAK,CA,AWP,WE,Towers with Radar,317,37,77,0,431,0,2,98,8,108,317,39,175,8,539,56,0,56,595
04/04/2014,OAK,CA,AWP,WE,Towers with Radar,308,33,45,0,386,0,2,25,2,29,308,35,70,2,415,86,0,86,501
04/05/2014,OAK,CA,AWP,WE,Towers with Radar,231,10,47,1,289,0,0,99,0,99,231,10,146,1,388,142,0,142,530
04/06/2014,OAK,CA,AWP,WE,Towers with Radar,246,29,52,2,329,0,1,108,0,109,246,30,160,2,438,60,0,60,498
04/07/2014,OAK,CA,AWP,WE,Towers with Radar,283,27,54,2,366,0,4,67,0,71,283,31,121,2,437,46,0,46,483
04/08/2014,OAK,CA,AWP,WE,Towers with Radar,325,47,50,1,423,0,6,62,6,74,325,53,112,7,497,74,20,94,591
04/09/2014,OAK,CA,AWP,WE,Towers with Radar,317,47,67,2,433,0,7,79,3,89,317,54,146,5,522,80,0,80,602
04/10/2014,OAK,CA,AWP,WE,Towers with Radar,334,52,83,0,469,0,4,74,6,84,334,56,157,6,553,30,0,30,583
04/11/2014,OAK,CA,AWP,WE,Towers with Radar,315,49,70,1,435,0,1,35,1,37,315,50,105,2,472,0,0,0,472
04/12/2014,OAK,CA,AWP,WE,Towers with Radar,229,37,47,1,314,0,0,63,0,63,229,37,110,1,377,160,0,160,537
04/13/2014,OAK,CA,AWP,WE,Towers with Radar,250,30,74,5,359,0,2,88,1,91,250,32,162,6,450,134,2,136,586
04/14/2014,OAK,CA,AWP,WE,Towers with Radar,294,45,75,1,415,0,3,29,4,36,294,48,104,5,451,52,0,52,503
04/15/2014,OAK,CA,AWP,WE,Towers with Radar,328,40,42,1,411,1,8,60,4,73,329,48,102,5,484,96,0,96,580
04/16/2014,OAK,CA,AWP,WE,Towers with Radar,327,41,63,2,433,0,6,90,3,99,327,47,153,5,532,104,0,104,636
04/17/2014,OAK,CA,AWP,WE,Towers with Radar,328,48,59,0,435,0,4,76,4,84,328,52,135,4,519,156,0,156,675
04/18/2014,OAK,CA,AWP,WE,Towers with Radar,321,33,52,1,407,0,5,109,0,114,321,38,161,1,521,166,0,166,687
04/19/2014,OAK,CA,AWP,WE,Towers with Radar,232,20,32,0,284,0,0,84,0,84,232,20,116,0,368,172,0,172,540
04/20/2014,OAK,CA,AWP,WE,Towers with Radar,255,29,37,0,321,0,2,106,0,108,255,31,143,0,429,140,0,140,569
04/21/2014,OAK,CA,AWP,WE,Towers with Radar,291,35,62,2,390,0,8,56,3,67,291,43,118,5,457,70,0,70,527
04/22/2014,OAK,CA,AWP,WE,Towers with Radar,328,41,57,0,426,0,3,34,0,37,328,44,91,0,463,16,0,16,479
04/23/2014,OAK,CA,AWP,WE,Towers with Radar,333,39,64,2,438,0,8,83,9,100,333,47,147,11,538,88,16,104,642
04/24/2014,OAK,CA,AWP,WE,Towers with Radar,322,54,86,1,463,0,5,57,0,62,322,59,143,1,525,14,0,14,539
04/25/2014,OAK,CA,AWP,WE,Towers with Radar,311,51,68,2,432,0,2,10,3,15,311,53,78,5,447,54,10,64,511
04/26/2014,OAK,CA,AWP,WE,Towers with Radar,233,34,40,0,307,0,2,58,0,60,233,36,98,0,367,139,0,139,506
04/27/2014,OAK,CA,AWP,WE,Towers with Radar,252,46,80,1,379,0,0,56,0,56,252,46,136,1,435,98,0,98,533
04/28/2014,OAK,CA,AWP,WE,Towers with Radar,295,32,56,0,383,0,5,61,1,67,295,37,117,1,450,62,0,62,512
04/29/2014,OAK,CA,AWP,WE,Towers with Radar,318,53,61,0,432,0,4,75,2,81,318,57,136,2,513,138,0,138,651
04/30/2014,OAK,CA,AWP,WE,Towers with Radar,322,56,69,7,454,0,6,83,6,95,322,62,152,13,549,74,0,74,623
05/01/2014,OAK,CA,AWP,WE,Towers with Radar,330,63,70,1,464,0,7,82,5,94,330,70,152,6,558,78,0,78,636
05/02/2014,OAK,CA,AWP,WE,Towers with Radar,322,40,51,5,418,0,2,107,3,112,322,42,158,8,530,139,8,147,677
05/03/2014,OAK,CA,AWP,WE,Towers with Radar,227,31,33,1,292,0,4,66,0,70,227,35,99,1,362,102,0,102,464
05/04/2014,OAK,CA,AWP,WE,Towers with Radar,255,31,35,1,322,0,2,80,0,82,255,33,115,1,404,82,0,82,486
05/05/2014,OAK,CA,AWP,WE,Towers with Radar,296,36,41,2,375,0,6,35,0,41,296,42,76,2,416,6,0,6,422
05/06/2014,OAK,CA,AWP,WE,Towers with Radar,330,42,50,0,422,0,3,62,1,66,330,45,112,1,488,58,0,58,546
05/07/2014,OAK,CA,AWP,WE,Towers with Radar,336,47,66,0,449,0,3,68,2,73,336,50,134,2,522,136,0,136,658
05/08/2014,OAK,CA,AWP,WE,Towers with Radar,329,78,82,1,490,0,1,38,2,41,329,79,120,3,531,148,0,148,679
05/09/2014,OAK,CA,AWP,WE,Towers with Radar,329,57,71,0,457,0,5,50,2,57,329,62,121,2,514,60,0,60,574
05/10/2014,OAK,CA,AWP,WE,Towers with Radar,236,23,50,0,309,0,1,74,0,75,236,24,124,0,384,110,0,110,494
05/11/2014,OAK,CA,AWP,WE,Towers with Radar,250,28,37,0,315,0,1,74,1,76,250,29,111,1,391,98,0,98,489
05/12/2014,OAK,CA,AWP,WE,Towers with Radar,291,36,53,0,380,0,6,63,0,69,291,42,116,0,449,34,0,34,483
05/13/2014,OAK,CA,AWP,WE,Towers with Radar,320,38,60,0,418,0,5,70,5,80,320,43,130,5,498,96,0,96,594
05/14/2014,OAK,CA,AWP,WE,Towers with Radar,335,52,56,2,445,0,5,84,1,90,335,57,140,3,535,110,0,110,645
05/15/2014,OAK,CA,AWP,WE,Towers with Radar,334,42,59,0,435,0,10,64,4,78,334,52,123,4,513,60,0,60,573
05/16/2014,OAK,CA,AWP,WE,Towers with Radar,323,42,56,2,423,0,8,82,1,91,323,50,138,3,514,138,4,142,656
05/17/2014,OAK,CA,AWP,WE,Towers with Radar,236,27,58,0,321,0,2,70,0,72,236,29,128,0,393,158,0,158,551
05/18/2014,OAK,CA,AWP,WE,Towers with Radar,256,46,52,1,355,0,0,100,2,102,256,46,152,3,457,128,0,128,585
05/19/2014,OAK,CA,AWP,WE,Towers with Radar,305,55,69,1,430,0,7,30,0,37,305,62,99,1,467,18,0,18,485
05/20/2014,OAK,CA,AWP,WE,Towers with Radar,334,37,58,0,429,0,2,72,3,77,334,39,130,3,506,56,0,56,562
05/21/2014,OAK,CA,AWP,WE,Towers with Radar,334,46,74,2,456,0,4,58,4,66,334,50,132,6,522,90,0,90,612
05/22/2014,OAK,CA,AWP,WE,Towers with Radar,338,53,92,0,483,0,3,76,4,83,338,56,168,4,566,174,4,178,744
05/23/2014,OAK,CA,AWP,WE,Towers with Radar,325,51,65,4,445,0,3,78,0,81,325,54,143,4,526,90,0,90,616
05/24/2014,OAK,CA,AWP,WE,Towers with Radar,207,10,25,0,242,0,1,106,0,107,207,11,131,0,349,118,0,118,467
05/25/2014,OAK,CA,AWP,WE,Towers with Radar,209,18,30,0,257,0,2,82,3,87,209,20,112,3,344,110,20,130,474
05/26/2014,OAK,CA,AWP,WE,Towers with Radar,252,40,55,6,353,0,2,73,3,78,252,42,128,9,431,20,0,20,451
05/27/2014,OAK,CA,AWP,WE,Towers with Radar,295,50,51,0,396,0,5,90,0,95,295,55,141,0,491,174,0,174,665
05/28/2014,OAK,CA,AWP,WE,Towers with Radar,342,53,46,0,441,0,8,58,0,66,342,61,104,0,507,120,0,120,627
05/29/2014,OAK,CA,AWP,WE,Towers with Radar,345,53,51,0,449,0,9,66,11,86,345,62,117,11,535,104,0,104,639
05/30/2014,OAK,CA,AWP,WE,Towers with Radar,323,48,61,0,432,0,0,64,0,64,323,48,125,0,496,184,0,184,680
05/31/2014,OAK,CA,AWP,WE,Towers with Radar,236,24,23,0,283,0,0,66,0,66,236,24,89,0,349,150,0,150,499
06/01/2014,OAK,CA,AWP,WE,Towers with Radar,262,30,70,1,363,0,0,85,0,85,262,30,155,1,448,132,0,132,580
06/02/2014,OAK,CA,AWP,WE,Towers with Radar,299,44,60,0,403,0,1,40,1,42,299,45,100,1,445,70,0,70,515
06/03/2014,OAK,CA,AWP,WE,Towers with Radar,337,46,67,0,450,0,3,70,3,76,337,49,137,3,526,100,0,100,626
06/04/2014,OAK,CA,AWP,WE,Towers with Radar,339,46,62,1,448,0,3,63,6,72,339,49,125,7,520,62,0,62,582
06/05/2014,OAK,CA,AWP,WE,Towers with Radar,338,42,50,1,431,0,5,78,4,87,338,47,128,5,518,80,0,80,598
06/06/2014,OAK,CA,AWP,WE,Towers with Radar,335,41,52,0,428,0,3,76,0,79,335,44,128,0,507,30,0,30,537
06/07/2014,OAK,CA,AWP,WE,Towers with Radar,243,19,26,0,288,0,2,102,3,107,243,21,128,3,395,184,0,184,579
06/08/2014,OAK,CA,AWP,WE,Towers with Radar,280,27,49,0,356,0,0,91,0,91,280,27,140,0,447,136,0,136,583
06/09/2014,OAK,CA,AWP,WE,Towers with Radar,321,27,63,1,412,0,7,80,1,88,321,34,143,2,500,92,0,92,592
06/10/2014,OAK,CA,AWP,WE,Towers with Radar,343,47,78,2,470,0,11,60,3,74,343,58,138,5,544,42,0,42,586
06/11/2014,OAK,CA,AWP,WE,Towers with Radar,358,54,59,1,472,0,7,62,7,76,358,61,121,8,548,90,0,90,638
06/12/2014,OAK,CA,AWP,WE,Towers with Radar,352,43,85,2,482,0,5,48,4,57,352,48,133,6,539,76,0,76,615
06/13/2014,OAK,CA,AWP,WE,Towers with Radar,344,47,59,0,450,0,7,73,0,80,344,54,132,0,530,74,0,74,604
06/14/2014,OAK,CA,AWP,WE,Towers with Radar,262,30,57,0,349,0,3,108,0,111,262,33,165,0,460,130,0,130,590
06/15/2014,OAK,CA,AWP,WE,Towers with Radar,295,42,55,0,392,0,0,62,1,63,295,42,117,1,455,92,0,92,547
06/16/2014,OAK,CA,AWP,WE,Towers with Radar,316,54,59,1,430,0,4,41,1,46,316,58,100,2,476,54,0,54,530
06/17/2014,OAK,CA,AWP,WE,Towers with Radar,350,40,49,1,440,0,10,64,2,76,350,50,113,3,516,70,0,70,586
06/18/2014,OAK,CA,AWP,WE,Towers with Radar,357,39,55,2,453,0,7,89,12,108,357,46,144,14,561,158,0,158,719
06/19/2014,OAK,CA,AWP,WE,Towers with Radar,352,37,63,0,452,0,4,90,6,100,352,41,153,6,552,54,0,54,606
06/20/2014,OAK,CA,AWP,WE,Towers with Radar,340,32,60,0,432,0,4,118,0,122,340,36,178,0,554,130,0,130,684
06/21/2014,OAK,CA,AWP,WE,Towers with Radar,257,17,47,0,321,0,0,85,2,87,257,17,132,2,408,106,0,106,514
06/22/2014,OAK,CA,AWP,WE,Towers with Radar,293,27,64,0,384,0,0,86,0,86,293,27,150,0,470,110,0,110,580
06/23/2014,OAK,CA,AWP,WE,Towers with Radar,319,50,64,0,433,0,3,62,2,67,319,53,126,2,500,108,0,108,608
06/24/2014,OAK,CA,AWP,WE,Towers with Radar,347,43,71,0,461,0,3,83,5,91,347,46,154,5,552,70,2,72,624
06/25/2014,OAK,CA,AWP,WE,Towers with Radar,356,56,104,0,516,0,2,8,0,10,356,58,112,0,526,2,0,2,528
06/26/2014,OAK,CA,AWP,WE,Towers with Radar,354,69,69,0,492,0,7,60,3,70,354,76,129,3,562,86,0,86,648
06/27/2014,OAK,CA,AWP,WE,Towers with Radar,347,47,59,1,454,0,2,84,1,87,347,49,143,2,541,88,0,88,629
06/28/2014,OAK,CA,AWP,WE,Towers with Radar,262,30,33,1,326,0,0,78,1,79,262,30,111,2,405,94,0,94,499
06/29/2014,OAK,CA,AWP,WE,Towers with Radar,291,37,41,1,370,0,3,103,1,107,291,40,144,2,477,180,0,180,657
06/30/2014,OAK,CA,AWP,WE,Towers with Radar,317,28,50,0,395,0,1,103,2,106,317,29,153,2,501,156,0,156,657
07/01/2014,OAK,CA,AWP,WE,Towers with Radar,343,32,57,0,432,0,6,67,3,76,343,38,124,3,508,84,4,88,596
07/02/2014,OAK,CA,AWP,WE,Towers with Radar,356,47,52,0,455,0,0,64,0,64,356,47,116,0,519,117,0,117,636
07/03/2014,OAK,CA,AWP,WE,Towers with Radar,346,42,44,1,433,0,1,75,4,80,346,43,119,5,513,162,2,164,677
07/04/2014,OAK,CA,AWP,WE,Towers with Radar,224,11,17,0,252,0,0,49,0,49,224,11,66,0,301,88,0,88,389
07/05/2014,OAK,CA,AWP,WE,Towers with Radar,261,19,20,0,300,0,2,46,0,48,261,21,66,0,348,72,0,72,420
07/06/2014,OAK,CA,AWP,WE,Towers with Radar,294,35,57,0,386,0,0,110,1,111,294,35,167,1,497,160,0,160,657
07/07/2014,OAK,CA,AWP,WE,Towers with Radar,325,33,63,1,422,0,3,100,0,103,325,36,163,1,525,168,0,168,693
07/08/2014,OAK,CA,AWP,WE,Towers with Radar,347,36,83,0,466,0,5,64,7,76,347,41,147,7,542,16,2,18,560
07/09/2014,OAK,CA,AWP,WE,Towers with Radar,358,47,86,1,492,0,6,63,0,69,358,53,149,1,561,100,0,100,661
07/10/2014,OAK,CA,AWP,WE,Towers with Radar,344,65,73,1,483,0,4,115,0,119,344,69,188,1,602,166,0,166,768
07/11/2014,OAK,CA,AWP,WE,Towers with Radar,348,24,54,0,426,0,2,82,8,92,348,26,136,8,518,172,0,172,690
07/12/2014,OAK,CA,AWP,WE,Towers with Radar,252,17,34,0,303,0,2,65,4,71,252,19,99,4,374,138,0,138,512
07/13/2014,OAK,CA,AWP,WE,Towers with Radar,297,29,61,1,388,0,1,68,0,69,297,30,129,1,457,114,0,114,571
07/14/2014,OAK,CA,AWP,WE,Towers with Radar,315,33,46,0,394,0,6,70,4,80,315,39,116,4,474,76,0,76,550
07/15/2014,OAK,CA,AWP,WE,Towers with Radar,346,42,65,1,454,0,6,75,4,85,346,48,140,5,539,74,0,74,613
07/16/2014,OAK,CA,AWP,WE,Towers with Radar,361,46,91,1,499,0,14,54,5,73,361,60,145,6,572,201,0,201,773
07/17/2014,OAK,CA,AWP,WE,Towers with Radar,354,55,69,0,478,0,5,74,4,83,354,60,143,4,561,94,0,94,655
07/18/2014,OAK,CA,AWP,WE,Towers with Radar,344,51,91,1,487,0,6,54,3,63,344,57,145,4,550,68,22,90,640
07/19/2014,OAK,CA,AWP,WE,Towers with Radar,262,23,32,0,317,0,3,67,0,70,262,26,99,0,387,96,0,96,483
07/20/2014,OAK,CA,AWP,WE,Towers with Radar,305,33,67,0,405,0,0,42,0,42,305,33,109,0,447,50,0,50,497
07/21/2014,OAK,CA,AWP,WE,Towers with Radar,324,36,73,1,434,0,4,71,0,75,324,40,144,1,509,192,0,192,701
07/22/2014,OAK,CA,AWP,WE,Towers with Radar,361,54,57,2,474,0,4,72,1,77,361,58,129,3,551,104,0,104,655
07/23/2014,OAK,CA,AWP,WE,Towers with Radar,357,58,62,4,481,0,6,43,2,51,357,64,105,6,532,70,2,72,604
07/24/2014,OAK,CA,AWP,WE,Towers with Radar,360,40,69,9,478,0,4,83,0,87,360,44,152,9,565,202,0,202,767
07/25/2014,OAK,CA,AWP,WE,Towers with Radar,346,49,52,0,447,0,6,90,8,104,346,55,142,8,551,134,0,134,685
07/26/2014,OAK,CA,AWP,WE,Towers with Radar,274,32,27,0,333,0,2,82,1,85,274,34,109,1,418,160,0,160,578
07/27/2014,OAK,CA,AWP,WE,Towers with Radar,289,25,65,0,379,0,3,98,1,102,289,28,163,1,481,84,0,84,565
07/28/2014,OAK,CA,AWP,WE,Towers with Radar,327,34,57,1,419,0,4,59,3,66,327,38,116,4,485,170,0,170,655
07/29/2014,OAK,CA,AWP,WE,Towers with Radar,351,53,40,0,444,0,6,67,2,75,351,59,107,2,519,132,0,132,651
07/30/2014,OAK,CA,AWP,WE,Towers with Radar,359,54,67,1,481,1,7,72,0,80,360,61,139,1,561,150,0,150,711
07/31/2014,OAK,CA,AWP,WE,Towers with Radar,355,49,56,1,461,0,13,59,0,72,355,62,115,1,533,92,0,92,625
08/01/2014,OAK,CA,AWP,WE,Towers with Radar,354,32,55,3,444,0,5,86,1,92,354,37,141,4,536,138,0,138,674
08/02/2014,OAK,CA,AWP,WE,Towers with Radar,267,18,47,0,332,0,1,47,0,48,267,19,94,0,380,64,0,64,444
08/03/2014,OAK,CA,AWP,WE,Towers with Radar,291,38,53,0,382,0,1,53,0,54,291,39,106,0,436,160,0,160,596
08/04/2014,OAK,CA,AWP,WE,Towers with Radar,316,37,57,8,418,0,6,63,1,70,316,43,120,9,488,78,0,78,566
08/05/2014,OAK,CA,AWP,WE,Towers with Radar,360,50,72,6,488,0,3,39,2,44,360,53,111,8,532,124,0,124,656
08/06/2014,OAK,CA,AWP,WE,Towers with Radar,357,34,70,1,462,0,3,76,2,81,357,37,146,3,543,138,0,138,681
08/07/2014,OAK,CA,AWP,WE,Towers with Radar,358,50,66,0,474,0,5,61,0,66,358,55,127,0,540,84,0,84,624
08/08/2014,OAK,CA,AWP,WE,Towers with Radar,346,43,65,0,454,0,3,99,2,104,346,46,164,2,558,158,0,158,716
08/09/2014,OAK,CA,AWP,WE,Towers with Radar,261,23,47,0,331,0,0,33,0,33,261,23,80,0,364,28,0,28,392
08/10/2014,OAK,CA,AWP,WE,Towers with Radar,290,35,50,2,377,0,2,91,1,94,290,37,141,3,471,98,0,98,569
08/11/2014,OAK,CA,AWP,WE,Towers with Radar,324,33,53,1,411,0,6,71,2,79,324,39,124,3,490,162,0,162,652
08/12/2014,OAK,CA,AWP,WE,Towers with Radar,355,44,60,0,459,0,6,55,4,65,355,50,115,4,524,96,0,96,620
08/13/2014,OAK,CA,AWP,WE,Towers with Radar,357,50,62,0,469,0,6,78,7,91,357,56,140,7,560,152,0,152,712
08/14/2014,OAK,CA,AWP,WE,Towers with Radar,358,58,65,0,481,0,2,80,4,86,358,60,145,4,567,74,0,74,641
08/15/2014,OAK,CA,AWP,WE,Towers with Radar,343,26,67,0,436,0,5,60,7,72,343,31,127,7,508,72,0,72,580
08/16/2014,OAK,CA,AWP,WE,Towers with Radar,251,17,41,0,309,0,0,71,5,76,251,17,112,5,385,98,0,98,483
08/17/2014,OAK,CA,AWP,WE,Towers with Radar,287,29,41,0,357,0,5,65,4,74,287,34,106,4,431,128,0,128,559
08/18/2014,OAK,CA,AWP,WE,Towers with Radar,320,50,59,0,429,0,0,36,0,36,320,50,95,0,465,76,0,76,541
08/19/2014,OAK,CA,AWP,WE,Towers with Radar,346,41,89,8,484,0,4,60,2,66,346,45,149,10,550,36,0,36,586
08/20/2014,OAK,CA,AWP,WE,Towers with Radar,361,42,46,0,449,0,11,56,3,70,361,53,102,3,519,196,0,196,715
08/21/2014,OAK,CA,AWP,WE,Towers with Radar,351,59,71,0,481,0,8,72,5,85,351,67,143,5,566,96,0,96,662
08/22/2014,OAK,CA,AWP,WE,Towers with Radar,343,44,64,6,457,0,0,80,0,80,343,44,144,6,537,136,0,136,673
08/23/2014,OAK,CA,AWP,WE,Towers with Radar,250,26,40,0,316,0,0,73,0,73,250,26,113,0,389,136,0,136,525
08/24/2014,OAK,CA,AWP,WE,Towers with Radar,292,39,54,0,385,0,2,82,0,84,292,41,136,0,469,86,0,86,555
08/25/2014,OAK,CA,AWP,WE,Towers with Radar,313,37,62,0,412,0,10,48,0,58,313,47,110,0,470,58,0,58,528
08/26/2014,OAK,CA,AWP,WE,Towers with Radar,345,36,55,4,440,0,7,68,0,75,345,43,123,4,515,60,0,60,575
08/27/2014,OAK,CA,AWP,WE,Towers with Radar,356,42,39,0,437,0,7,81,2,90,356,49,120,2,527,140,0,140,667
08/28/2014,OAK,CA,AWP,WE,Towers with Radar,357,47,65,0,469,1,6,69,2,78,358,53,134,2,547,56,0,56,603
08/29/2014,OAK,CA,AWP,WE,Towers with Radar,341,34,62,5,442,0,4,69,5,78,341,38,131,10,520,84,8,92,612
08/30/2014,OAK,CA,AWP,WE,Towers with Radar,212,16,30,0,258,0,4,97,0,101,212,20,127,0,359,168,0,168,527
08/31/2014,OAK,CA,AWP,WE,Towers with Radar,225,17,32,0,274,0,2,79,1,82,225,19,111,1,356,132,0,132,488
09/01/2014,OAK,CA,AWP,WE,Towers with Radar,268,38,62,0,368,0,3,81,0,84,268,41,143,0,452,52,0,52,504
09/02/2014,OAK,CA,AWP,WE,Towers with Radar,314,37,66,2,419,0,1,29,3,33,314,38,95,5,452,44,30,74,526
09/03/2014,OAK,CA,AWP,WE,Towers with Radar,355,54,70,0,479,0,7,80,2,89,355,61,150,2,568,74,0,74,642
09/04/2014,OAK,CA,AWP,WE,Towers with Radar,347,48,65,0,460,0,2,55,2,59,347,50,120,2,519,96,0,96,615
09/05/2014,OAK,CA,AWP,WE,Towers with Radar,331,43,55,0,429,0,1,71,6,78,331,44,126,6,507,118,0,118,625
09/06/2014,OAK,CA,AWP,WE,Towers with Radar,233,21,45,0,299,0,2,39,2,43,233,23,84,2,342,58,0,58,400
09/07/2014,OAK,CA,AWP,WE,Towers with Radar,279,44,54,0,377,0,3,112,2,117,279,47,166,2,494,104,0,104,598
09/08/2014,OAK,CA,AWP,WE,Towers with Radar,311,39,49,0,399,0,4,43,1,48,311,43,92,1,447,68,8,76,523
09/09/2014,OAK,CA,AWP,WE,Towers with Radar,331,46,61,2,440,0,3,60,0,63,331,49,121,2,503,40,0,40,543
09/10/2014,OAK,CA,AWP,WE,Towers with Radar,344,54,67,0,465,0,6,102,4,112,344,60,169,4,577,278,0,278,855
09/11/2014,OAK,CA,AWP,WE,Towers with Radar,337,44,79,0,460,0,5,76,3,84,337,49,155,3,544,188,0,188,732
09/12/2014,OAK,CA,AWP,WE,Towers with Radar,330,34,51,1,416,0,3,61,4,68,330,37,112,5,484,114,0,114,598
09/13/2014,OAK,CA,AWP,WE,Towers with Radar,239,20,39,1,299,0,0,85,6,91,239,20,124,7,390,128,0,128,518
09/14/2014,OAK,CA,AWP,WE,Towers with Radar,282,22,71,0,375,0,2,106,1,109,282,24,177,1,484,146,0,146,630
09/15/2014,OAK,CA,AWP,WE,Towers with Radar,305,32,66,1,404,0,8,50,15,73,305,40,116,16,477,74,0,74,551
09/16/2014,OAK,CA,AWP,WE,Towers with Radar,333,43,62,1,439,0,6,62,1,69,333,49,124,2,508,14,0,14,522
09/17/2014,OAK,CA,AWP,WE,Towers with Radar,344,51,53,2,450,0,9,47,2,58,344,60,100,4,508,144,0,144,652
09/18/2014,OAK,CA,AWP,WE,Towers with Radar,349,59,61,0,469,2,2,37,3,44,351,61,98,3,513,48,0,48,561
09/19/2014,OAK,CA,AWP,WE,Towers with Radar,331,52,93,0,476,0,3,58,2,63,331,55,151,2,539,82,0,82,621
09/20/2014,OAK,CA,AWP,WE,Towers with Radar,238,23,32,0,293,0,0,50,0,50,238,23,82,0,343,128,0,128,471
09/21/2014,OAK,CA,AWP,WE,Towers with Radar,284,33,83,1,401,0,0,21,1,22,284,33,104,2,423,18,0,18,441
09/22/2014,OAK,CA,AWP,WE,Towers with Radar,300,40,84,1,425,0,4,77,2,83,300,44,161,3,508,132,0,132,640
09/23/2014,OAK,CA,AWP,WE,Towers with Radar,338,47,85,0,470,0,5,40,3,48,338,52,125,3,518,46,0,46,564
09/24/2014,OAK,CA,AWP,WE,Towers with Radar,350,47,90,0,487,0,2,42,2,46,350,49,132,2,533,40,0,40,573
09/25/2014,OAK,CA,AWP,WE,Towers with Radar,338,44,65,2,449,0,2,45,2,49,338,46,110,4,498,74,0,74,572
09/26/2014,OAK,CA,AWP,WE,Towers with Radar,319,52,73,1,445,0,2,68,1,71,319,54,141,2,516,174,0,174,690
09/27/2014,OAK,CA,AWP,WE,Towers with Radar,243,18,40,0,301,0,2,95,0,97,243,20,135,0,398,150,0,150,548
09/28/2014,OAK,CA,AWP,WE,Towers with Radar,279,30,56,1,366,0,1,79,0,80,279,31,135,1,446,104,0,104,550
09/29/2014,OAK,CA,AWP,WE,Towers with Radar,307,35,58,0,400,0,3,34,0,37,307,38,92,0,437,36,0,36,473
09/30/2014,OAK,CA,AWP,WE,Towers with Radar,342,42,58,2,444,0,3,58,0,61,342,45,116,2,505,86,0,86,591
10/01/2014,OAK,CA,AWP,WE,Towers with Radar,345,38,74,0,457,0,9,78,6,93,345,47,152,6,550,58,0,58,608
10/02/2014,OAK,CA,AWP,WE,Towers with Radar,327,39,57,0,423,0,7,77,4,88,327,46,134,4,511,84,0,84,595
10/03/2014,OAK,CA,AWP,WE,Towers with Radar,333,50,48,0,431,0,4,96,2,102,333,54,144,2,533,90,0,90,623
10/04/2014,OAK,CA,AWP,WE,Towers with Radar,232,13,12,0,257,0,4,107,0,111,232,17,119,0,368,86,0,86,454
10/05/2014,OAK,CA,AWP,WE,Towers with Radar,276,27,59,2,364,0,6,89,0,95,276,33,148,2,459,44,0,44,503
10/06/2014,OAK,CA,AWP,WE,Towers with Radar,304,33,49,5,391,0,4,72,9,85,304,37,121,14,476,62,10,72,548
10/07/2014,OAK,CA,AWP,WE,Towers with Radar,334,39,62,3,438,0,5,61,9,75,334,44,123,12,513,98,24,122,635
10/08/2014,OAK,CA,AWP,WE,Towers with Radar,346,42,50,0,438,0,4,79,18,101,346,46,129,18,539,34,0,34,573
10/09/2014,OAK,CA,AWP,WE,Towers with Radar,343,38,64,1,446,0,2,68,19,89,343,40,132,20,535,80,0,80,615
10/10/2014,OAK,CA,AWP,WE,Towers with Radar,329,45,105,4,483,0,5,44,15,64,329,50,149,19,547,50,0,50,597
10/11/2014,OAK,CA,AWP,WE,Towers with Radar,237,14,42,1,294,0,1,49,12,62,237,15,91,13,356,6,0,6,362
10/12/2014,OAK,CA,AWP,WE,Towers with Radar,280,20,74,2,376,0,6,96,17,119,280,26,170,19,495,40,0,40,535
10/13/2014,OAK,CA,AWP,WE,Towers with Radar,312,37,58,2,409,0,11,81,3,95,312,48,139,5,504,124,0,124,628
10/14/2014,OAK,CA,AWP,WE,Towers with Radar,333,56,66,0,455,0,3,20,0,23,333,59,86,0,478,18,0,18,496
10/15/2014,OAK,CA,AWP,WE,Towers with Radar,336,31,67,1,435,0,6,66,3,75,336,37,133,4,510,142,0,142,652
10/16/2014,OAK,CA,AWP,WE,Towers with Radar,334,43,63,0,440,0,4,61,7,72,334,47,124,7,512,98,0,98,610
10/17/2014,OAK,CA,AWP,WE,Towers with Radar,331,54,49,0,434,0,7,64,0,71,331,61,113,0,505,122,0,122,627
10/18/2014,OAK,CA,AWP,WE,Towers with Radar,235,18,40,1,294,0,0,95,1,96,235,18,135,2,390,106,22,128,518
10/19/2014,OAK,CA,AWP,WE,Towers with Radar,284,44,82,0,410,0,2,77,1,80,284,46,159,1,490,74,0,74,564
10/20/2014,OAK,CA,AWP,WE,Towers with Radar,309,40,55,0,404,0,3,20,2,25,309,43,75,2,429,54,0,54,483
10/21/2014,OAK,CA,AWP,WE,Towers with Radar,345,34,53,0,432,0,6,81,2,89,345,40,134,2,521,58,0,58,579
10/22/2014,OAK,CA,AWP,WE,Towers with Radar,344,31,66,1,442,0,5,67,6,78,344,36,133,7,520,40,0,40,560
10/23/2014,OAK,CA,AWP,WE,Towers with Radar,345,44,74,0,463,0,3,86,2,91,345,47,160,2,554,162,0,162,716
10/24/2014,OAK,CA,AWP,WE,Towers with Radar,346,55,88,2,491,0,6,93,1,100,346,61,181,3,591,124,20,144,735
10/25/2014,OAK,CA,AWP,WE,Towers with Radar,232,34,59,0,325,0,1,25,1,27,232,35,84,1,352,32,0,32,384
10/26/2014,OAK,CA,AWP,WE,Towers with Radar,278,41,73,1,393,0,3,96,6,105,278,44,169,7,498,50,0,50,548
10/27/2014,OAK,CA,AWP,WE,Towers with Radar,304,34,51,4,393,0,9,64,6,79,304,43,115,10,472,30,2,32,504
10/28/2014,OAK,CA,AWP,WE,Towers with Radar,328,47,50,1,426,0,6,84,1,91,328,53,134,2,517,102,0,102,619
10/29/2014,OAK,CA,AWP,WE,Towers with Radar,342,48,47,8,445,0,7,62,5,74,342,55,109,13,519,40,0,40,559
10/30/2014,OAK,CA,AWP,WE,Towers with Radar,345,37,68,0,450,0,2,88,1,91,345,39,156,1,541,58,0,58,599
10/31/2014,OAK,CA,AWP,WE,Towers with Radar,267,48,56,2,373,0,1,17,0,18,267,49,73,2,391,0,0,0,391
11/01/2014,OAK,CA,AWP,WE,Towers with Radar,230,22,55,0,307,0,4,63,0,67,230,26,118,0,374,180,0,180,554
11/02/2014,OAK,CA,AWP,WE,Towers with Radar,270,19,58,0,347,0,7,102,6,115,270,26,160,6,462,122,0,122,584
11/03/2014,OAK,CA,AWP,WE,Towers with Radar,308,29,39,0,376,0,6,64,2,72,308,35,103,2,448,44,0,44,492
11/04/2014,OAK,CA,AWP,WE,Towers with Radar,335,33,35,4,407,0,9,45,1,55,335,42,80,5,462,36,0,36,498
11/05/2014,OAK,CA,AWP,WE,Towers with Radar,342,39,50,0,431,0,12,56,6,74,342,51,106,6,505,22,14,36,541
11/06/2014,OAK,CA,AWP,WE,Towers with Radar,340,50,58,0,448,0,7,75,0,82,340,57,133,0,530,84,0,84,614
11/07/2014,OAK,CA,AWP,WE,Towers with Radar,331,53,92,1,477,0,4,71,1,76,331,57,163,2,553,64,0,64,617
11/08/2014,OAK,CA,AWP,WE,Towers with Radar,228,21,36,0,285,0,5,96,0,101,228,26,132,0,386,106,0,106,492
11/09/2014,OAK,CA,AWP,WE,Towers with Radar,267,40,64,0,371,0,3,153,3,159,267,43,217,3,530,116,0,116,646
11/10/2014,OAK,CA,AWP,WE,Towers with Radar,301,40,43,0,384,0,1,36,2,39,301,41,79,2,423,36,0,36,459
11/11/2014,OAK,CA,AWP,WE,Towers with Radar,335,50,53,0,438,0,6,63,6,75,335,56,116,6,513,236,0,236,749
11/12/2014,OAK,CA,AWP,WE,Towers with Radar,334,54,55,1,444,0,5,46,0,51,334,59,101,1,495,74,0,74,569
11/13/2014,OAK,CA,AWP,WE,Towers with Radar,347,51,96,2,496,0,2,7,2,11,347,53,103,4,507,24,0,24,531
11/14/2014,OAK,CA,AWP,WE,Towers with Radar,329,51,57,1,438,0,4,54,10,68,329,55,111,11,506,118,8,126,632
11/15/2014,OAK,CA,AWP,WE,Towers with Radar,237,19,31,2,289,0,1,91,5,97,237,20,122,7,386,146,4,150,536
11/16/2014,OAK,CA,AWP,WE,Towers with Radar,262,29,51,0,342,0,4,89,2,95,262,33,140,2,437,106,0,106,543
11/17/2014,OAK,CA,AWP,WE,Towers with Radar,303,42,42,1,388,1,5,45,1,52,304,47,87,2,440,40,0,40,480
11/18/2014,OAK,CA,AWP,WE,Towers with Radar,329,45,45,2,421,0,8,49,1,58,329,53,94,3,479,34,0,34,513
11/19/2014,OAK,CA,AWP,WE,Towers with Radar,338,85,61,0,484,0,2,8,2,12,338,87,69,2,496,14,0,14,510
11/20/2014,OAK,CA,AWP,WE,Towers with Radar,342,70,62,1,475,0,2,4,1,7,342,72,66,2,482,0,0,0,482
11/21/2014,OAK,CA,AWP,WE,Towers with Radar,327,48,78,0,453,0,2,72,6,80,327,50,150,6,533,190,0,190,723
11/22/2014,OAK,CA,AWP,WE,Towers with Radar,244,35,47,5,331,0,1,51,2,54,244,36,98,7,385,56,8,64,449
11/23/2014,OAK,CA,AWP,WE,Towers with Radar,259,29,45,0,333,0,4,96,0,100,259,33,141,0,433,166,0,166,599
11/24/2014,OAK,CA,AWP,WE,Towers with Radar,300,40,40,8,388,0,16,76,8,100,300,56,116,16,488,84,16,100,588
11/25/2014,OAK,CA,AWP,WE,Towers with Radar,360,53,60,1,474,0,15,110,1,126,360,68,170,2,600,96,0,96,696
11/26/2014,OAK,CA,AWP,WE,Towers with Radar,373,35,57,0,465,0,8,115,8,131,373,43,172,8,596,94,0,94,690
11/27/2014,OAK,CA,AWP,WE,Towers with Radar,189,13,5,0,207,0,2,53,0,55,189,15,58,0,262,38,0,38,300
11/28/2014,OAK,CA,AWP,WE,Towers with Radar,266,32,38,0,336,0,8,60,2,70,266,40,98,2,406,68,0,68,474
11/29/2014,OAK,CA,AWP,WE,Towers with Radar,292,52,54,0,398,0,3,7,1,11,292,55,61,1,409,0,0,0,409
11/30/2014,OAK,CA,AWP,WE,Towers with Radar,316,55,85,0,456,0,2,26,1,29,316,57,111,1,485,68,0,68,553
12/01/2014,OAK,CA,AWP,WE,Towers with Radar,343,59,70,0,472,0,11,33,0,44,343,70,103,0,516,46,0,46,562
12/02/2014,OAK,CA,AWP,WE,Towers with Radar,380,72,66,4,522,0,2,2,1,5,380,74,68,5,527,8,0,8,535
12/03/2014,OAK,CA,AWP,WE,Towers with Radar,368,60,64,1,493,0,10,19,0,29,368,70,83,1,522,52,0,52,574
12/04/2014,OAK,CA,AWP,WE,Towers with Radar,367,59,72,0,498,0,9,31,2,42,367,68,103,2,540,70,0,70,610
12/05/2014,OAK,CA,AWP,WE,Towers with Radar,365,61,62,4,492,0,11,16,0,27,365,72,78,4,519,24,0,24,543
12/06/2014,OAK,CA,AWP,WE,Towers with Radar,231,23,34,2,290,0,7,60,1,68,231,30,94,3,358,186,0,186,544
12/07/2014,OAK,CA,AWP,WE,Towers with Radar,280,20,68,0,368,0,4,61,9,74,280,24,129,9,442,72,0,72,514
12/08/2014,OAK,CA,AWP,WE,Towers with Radar,303,47,59,1,410,0,13,48,8,69,303,60,107,9,479,55,0,55,534
12/09/2014,OAK,CA,AWP,WE,Towers with Radar,356,49,78,2,485,0,9,56,7,72,356,58,134,9,557,76,0,76,633
12/10/2014,OAK,CA,AWP,WE,Towers with Radar,376,76,78,0,530,0,13,25,8,46,376,89,103,8,576,8,8,16,592
12/11/2014,OAK,CA,AWP,WE,Towers with Radar,376,47,43,3,469,0,5,1,0,6,376,52,44,3,475,0,0,0,475
12/12/2014,OAK,CA,AWP,WE,Towers with Radar,345,43,56,0,444,0,6,11,6,23,345,49,67,6,467,8,0,8,475
12/13/2014,OAK,CA,AWP,WE,Towers with Radar,244,26,33,0,303,0,13,87,13,113,244,39,120,13,416,220,0,220,636
12/14/2014,OAK,CA,AWP,WE,Towers with Radar,287,37,55,1,380,0,6,85,1,92,287,43,140,2,472,92,0,92,564
12/15/2014,OAK,CA,AWP,WE,Towers with Radar,314,62,43,1,420,0,6,5,4,15,314,68,48,5,435,16,0,16,451
12/16/2014,OAK,CA,AWP,WE,Towers with Radar,389,74,50,0,513,0,9,26,8,43,389,83,76,8,556,12,22,34,590
12/17/2014,OAK,CA,AWP,WE,Towers with Radar,379,66,39,0,484,0,10,32,4,46,379,76,71,4,530,72,0,72,602
12/18/2014,OAK,CA,AWP,WE,Towers with Radar,394,84,94,1,573,0,14,63,3,80,394,98,157,4,653,134,0,134,787
12/19/2014,OAK,CA,AWP,WE,Towers with Radar,391,78,75,1,545,0,2,10,0,12,391,80,85,1,557,6,0,6,563
12/20/2014,OAK,CA,AWP,WE,Towers with Radar,319,70,51,1,441,0,0,36,6,42,319,70,87,7,483,88,0,88,571
12/21/2014,OAK,CA,AWP,WE,Towers with Radar,294,46,68,1,409,0,1,11,0,12,294,47,79,1,421,22,0,22,443
12/22/2014,OAK,CA,AWP,WE,Towers with Radar,334,46,47,1,428,0,9,38,4,51,334,55,85,5,479,40,0,40,519
12/23/2014,OAK,CA,AWP,WE,Towers with Radar,388,62,49,1,500,0,12,88,11,111,388,74,137,12,611,98,0,98,709
12/24/2014,OAK,CA,AWP,WE,Towers with Radar,309,60,22,0,391,0,3,3,0,6,309,63,25,0,397,6,0,6,403
12/25/2014,OAK,CA,AWP,WE,Towers with Radar,219,15,13,0,247,0,0,25,0,25,219,15,38,0,272,2,0,2,274
12/26/2014,OAK,CA,AWP,WE,Towers with Radar,319,50,61,0,430,1,12,80,0,93,320,62,141,0,523,104,0,104,627
12/27/2014,OAK,CA,AWP,WE,Towers with Radar,283,41,36,0,360,0,5,61,0,66,283,46,97,0,426,92,0,92,518
12/28/2014,OAK,CA,AWP,WE,Towers with Radar,289,25,51,0,365,0,4,103,1,108,289,29,154,1,473,92,0,92,565
12/29/2014,OAK,CA,AWP,WE,Towers with Radar,297,34,33,3,367,0,9,44,4,57,297,43,77,7,424,38,0,38,462
12/30/2014,OAK,CA,AWP,WE,Towers with Radar,349,47,30,1,427,0,8,5,1,14,349,55,35,2,441,0,0,0,441
12/31/2014,OAK,CA,AWP,WE,Towers with Radar,276,47,18,1,342,0,8,36,8,52,276,55,54,9,394,16,0,16,410
01/01/2015,OAK,CA,AWP,WE,Towers with Radar,211,21,21,0,253,0,2,30,0,32,211,23,51,0,285,0,0,0,285
01/02/2015,OAK,CA,AWP,WE,Towers with Radar,309,39,51,0,399,0,9,79,2,90,309,48,130,2,489,84,0,84,573
01/03/2015,OAK,CA,AWP,WE,Towers with Radar,269,50,46,0,365,0,1,95,0,96,269,51,141,0,461,0,0,0,461
01/04/2015,OAK,CA,AWP,WE,Towers with Radar,287,70,32,1,390,0,9,63,1,73,287,79,95,2,463,0,0,0,463
01/05/2015,OAK,CA,AWP,WE,Towers with Radar,312,51,58,0,421,0,11,50,2,63,312,62,108,2,484,6,0,6,490
01/06/2015,OAK,CA,AWP,WE,Towers with Radar,320,53,40,0,413,0,13,51,3,67,320,66,91,3,480,26,0,26,506
01/07/2015,OAK,CA,AWP,WE,Towers with Radar,339,55,56,1,451,0,13,56,8,77,339,68,112,9,528,18,0,18,546
01/08/2015,OAK,CA,AWP,WE,Towers with Radar,325,56,51,8,440,0,12,68,4,84,325,68,119,12,524,60,0,60,584
01/09/2015,OAK,CA,AWP,WE,Towers with Radar,309,54,48,1,412,0,4,64,14,82,309,58,112,15,494,32,44,76,570
01/10/2015,OAK,CA,AWP,WE,Towers with Radar,220,31,24,0,275,0,0,73,4,77,220,31,97,4,352,102,0,102,454
01/11/2015,OAK,CA,AWP,WE,Towers with Radar,252,36,79,0,367,0,3,34,1,38,252,39,113,1,405,64,0,64,469
01/12/2015,OAK,CA,AWP,WE,Towers with Radar,283,67,86,0,436,0,1,23,0,24,283,68,109,0,460,74,0,74,534
01/13/2015,OAK,CA,AWP,WE,Towers with Radar,327,59,34,1,421,0,1,45,3,49,327,60,79,4,470,18,14,32,502
01/14/2015,OAK,CA,AWP,WE,Towers with Radar,337,54,82,1,474,0,7,75,1,83,337,61,157,2,557,106,0,106,663
01/15/2015,OAK,CA,AWP,WE,Towers with Radar,336,66,72,0,474,0,10,46,2,58,336,76,118,2,532,128,0,128,660
01/16/2015,OAK,CA,AWP,WE,Towers with Radar,318,85,65,4,472,0,5,35,3,43,318,90,100,7,515,56,0,56,571
01/17/2015,OAK,CA,AWP,WE,Towers with Radar,218,40,42,2,302,0,2,57,3,62,218,42,99,5,364,0,0,0,364
01/18/2015,OAK,CA,AWP,WE,Towers with Radar,244,32,49,0,325,0,0,31,8,39,244,32,80,8,364,0,0,0,364
01/19/2015,OAK,CA,AWP,WE,Towers with Radar,297,72,67,0,436,0,6,55,5,66,297,78,122,5,502,0,0,0,502
01/20/2015,OAK,CA,AWP,WE,Towers with Radar,309,55,58,0,422,0,12,57,2,71,309,67,115,2,493,64,0,64,557
01/21/2015,OAK,CA,AWP,WE,Towers with Radar,328,49,85,0,462,0,14,64,5,83,328,63,149,5,545,6,0,6,551
01/22/2015,OAK,CA,AWP,WE,Towers with Radar,325,65,86,2,478,0,5,63,2,70,325,70,149,4,548,28,0,28,576
01/23/2015,OAK,CA,AWP,WE,Towers with Radar,317,75,59,0,451,0,9,92,0,101,317,84,151,0,552,12,0,12,564
01/24/2015,OAK,CA,AWP,WE,Towers with Radar,219,33,37,2,291,0,1,70,0,71,219,34,107,2,362,140,0,140,502
01/25/2015,OAK,CA,AWP,WE,Towers with Radar,247,39,71,2,359,0,1,97,1,99,247,40,168,3,458,20,0,20,478
01/26/2015,OAK,CA,AWP,WE,Towers with Radar,292,49,39,1,381,0,10,53,0,63,292,59,92,1,444,62,0,62,506
01/27/2015,OAK,CA,AWP,WE,Towers with Radar,317,46,66,17,446,0,7,53,4,64,317,53,119,21,510,42,0,42,552
01/28/2015,OAK,CA,AWP,WE,Towers with Radar,342,52,71,0,465,0,19,69,5,93,342,71,140,5,558,128,0,128,686
01/29/2015,OAK,CA,AWP,WE,Towers with Radar,342,63,52,0,457,0,14,71,20,105,342,77,123,20,562,92,0,92,654
01/30/2015,OAK,CA,AWP,WE,Towers with Radar,315,55,55,0,425,0,6,65,0,71,315,61,120,0,496,18,0,18,514
01/31/2015,OAK,CA,AWP,WE,Towers with Radar,211,30,34,0,275,0,8,96,0,104,211,38,130,0,379,60,0,60,439
02/01/2015,OAK,CA,AWP,WE,Towers with Radar,226,34,39,2,301,0,7,72,0,79,226,41,111,2,380,98,0,98,478
02/02/2015,OAK,CA,AWP,WE,Towers with Radar,294,62,39,2,397,0,6,55,6,67,294,68,94,8,464,38,0,38,502
02/03/2015,OAK,CA,AWP,WE,Towers with Radar,319,45,48,0,412,0,21,50,2,73,319,66,98,2,485,40,0,40,525
02/04/2015,OAK,CA,AWP,WE,Towers with Radar,338,76,61,0,475,0,10,29,1,40,338,86,90,1,515,18,0,18,533
02/05/2015,OAK,CA,AWP,WE,Towers with Radar,318,54,52,0,424,0,7,34,5,46,318,61,86,5,470,44,0,44,514
02/06/2015,OAK,CA,AWP,WE,Towers with Radar,312,78,38,2,430,0,2,1,2,5,312,80,39,4,435,0,34,34,469
02/07/2015,OAK,CA,AWP,WE,Towers with Radar,211,37,31,1,280,0,4,11,1,16,211,41,42,2,296,70,0,70,366
02/08/2015,OAK,CA,AWP,WE,Towers with Radar,252,47,54,0,353,0,0,5,0,5,252,47,59,0,358,0,0,0,358
02/09/2015,OAK,CA,AWP,WE,Towers with Radar,293,57,51,0,401,0,6,23,3,32,293,63,74,3,433,36,22,58,491
02/10/2015,OAK,CA,AWP,WE,Towers with Radar,317,56,49,0,422,0,11,57,2,70,317,67,106,2,492,98,6,104,596
02/11/2015,OAK,CA,AWP,WE,Towers with Radar,341,49,65,2,457,0,11,50,3,64,341,60,115,5,521,94,0,94,615
02/12/2015,OAK,CA,AWP,WE,Towers with Radar,330,61,59,1,451,0,10,61,3,74,330,71,120,4,525,44,0,44,569
02/13/2015,OAK,CA,AWP,WE,Towers with Radar,311,81,70,0,462,0,11,27,3,41,311,92,97,3,503,0,0,0,503
02/14/2015,OAK,CA,AWP,WE,Towers with Radar,214,32,39,0,285,0,1,60,1,62,214,33,99,1,347,86,0,86,433
02/15/2015,OAK,CA,AWP,WE,Towers with Radar,237,25,44,0,306,0,7,88,6,101,237,32,132,6,407,128,6,134,541
02/16/2015,OAK,CA,AWP,WE,Towers with Radar,298,50,44,1,393,0,6,81,3,90,298,56,125,4,483,61,0,61,544
02/17/2015,OAK,CA,AWP,WE,Towers with Radar,310,76,56,0,442,0,4,3,0,7,310,80,59,0,449,2,0,2,451
02/18/2015,OAK,CA,AWP,WE,Towers with Radar,327,76,82,2,487,0,5,58,1,64,327,81,140,3,551,78,0,78,629
02/19/2015,OAK,CA,AWP,WE,Towers with Radar,327,72,85,0,484,0,7,26,0,33,327,79,111,0,517,68,0,68,585
02/20/2015,OAK,CA,AWP,WE,Towers with Radar,317,59,67,0,443,0,6,75,2,83,317,65,142,2,526,110,24,134,660
02/21/2015,OAK,CA,AWP,WE,Towers with Radar,219,45,42,0,306,0,1,62,0,63,219,46,104,0,369,138,0,138,507
02/22/2015,OAK,CA,AWP,WE,Towers with Radar,241,51,45,0,337,0,4,73,2,79,241,55,118,2,416,72,0,72,488
02/23/2015,OAK,CA,AWP,WE,Towers with Radar,293,72,57,0,422,0,10,24,3,37,293,82,81,3,459,32,0,32,491
02/24/2015,OAK,CA,AWP,WE,Towers with Radar,304,53,49,0,406,0,11,83,0,94,304,64,132,0,500,86,0,86,586
02/25/2015,OAK,CA,AWP,WE,Towers with Radar,323,55,53,3,434,0,12,71,4,87,323,67,124,7,521,14,0,14,535
02/26/2015,OAK,CA,AWP,WE,Towers with Radar,331,62,53,0,446,0,9,70,1,80,331,71,123,1,526,116,0,116,642
02/27/2015,OAK,CA,AWP,WE,Towers with Radar,308,54,69,1,432,0,6,43,1,50,308,60,112,2,482,40,0,40,522
02/28/2015,OAK,CA,AWP,WE,Towers with Radar,207,21,35,1,264,0,3,33,2,38,207,24,68,3,302,48,0,48,350
03/01/2015,OAK,CA,AWP,WE,Towers with Radar,249,45,53,1,348,0,3,90,5,98,249,48,143,6,446,170,0,170,616
03/02/2015,OAK,CA,AWP,WE,Towers with Radar,287,60,46,0,393,0,7,38,3,48,287,67,84,3,441,74,0,74,515
03/03/2015,OAK,CA,AWP,WE,Towers with Radar,316,61,46,6,429,0,16,91,3,110,316,77,137,9,539,166,0,166,705
03/04/2015,OAK,CA,AWP,WE,Towers with Radar,336,70,69,1,476,0,16,87,1,104,336,86,156,2,580,114,16,130,710
03/05/2015,OAK,CA,AWP,WE,Towers with Radar,315,52,57,0,424,0,14,75,13,102,315,66,132,13,526,82,0,82,608
03/06/2015,OAK,CA,AWP,WE,Towers with Radar,309,60,64,1,434,0,10,105,3,118,309,70,169,4,552,250,0,250,802
03/07/2015,OAK,CA,AWP,WE,Towers with Radar,244,24,40,0,308,0,14,150,1,165,244,38,190,1,473,128,0,128,601
03/08/2015,OAK,CA,AWP,WE,Towers with Radar,268,57,73,0,398,0,4,70,0,74,268,61,143,0,472,68,0,68,540
03/09/2015,OAK,CA,AWP,WE,Towers with Radar,296,56,47,3,402,0,4,40,2,46,296,60,87,5,448,134,0,134,582
03/10/2015,OAK,CA,AWP,WE,Towers with Radar,331,57,67,1,456,0,10,50,4,64,331,67,117,5,520,106,0,106,626
03/11/2015,OAK,CA,AWP,WE,Towers with Radar,332,50,60,0,442,0,7,49,11,67,332,57,109,11,509,154,0,154,663
03/12/2015,OAK,CA,AWP,WE,Towers with Radar,347,64,49,1,461,0,15,113,2,130,347,79,162,3,591,124,10,134,725
03/13/2015,OAK,CA,AWP,WE,Towers with Radar,316,54,64,0,434,0,12,101,1,114,316,66,165,1,548,62,0,62,610
03/14/2015,OAK,CA,AWP,WE,Towers with Radar,239,29,35,0,303,0,4,88,0,92,239,33,123,0,395,128,0,128,523
03/15/2015,OAK,CA,AWP,WE,Towers with Radar,260,40,51,0,351,0,6,74,0,80,260,46,125,0,431,134,0,134,565
03/16/2015,OAK,CA,AWP,WE,Towers with Radar,296,51,47,0,394,0,5,53,3,61,296,56,100,3,455,66,0,66,521
03/17/2015,OAK,CA,AWP,WE,Towers with Radar,333,50,42,0,425,0,5,60,5,70,333,55,102,5,495,30,0,30,525
03/18/2015,OAK,CA,AWP,WE,Towers with Radar,332,69,74,0,475,0,4,59,2,65,332,73,133,2,540,26,19,45,585
03/19/2015,OAK,CA,AWP,WE,Towers with Radar,341,63,49,0,453,0,14,73,2,89,341,77,122,2,542,32,0,32,574
03/20/2015,OAK,CA,AWP,WE,Towers with Radar,316,54,63,0,433,0,6,86,2,94,316,60,149,2,527,54,0,54,581
03/21/2015,OAK,CA,AWP,WE,Towers with Radar,249,28,51,1,329,0,2,72,2,76,249,30,123,3,405,176,0,176,581
03/22/2015,OAK,CA,AWP,WE,Towers with Radar,263,56,72,1,392,0,4,45,2,51,263,60,117,3,443,172,0,172,615
03/23/2015,OAK,CA,AWP,WE,Towers with Radar,293,39,57,0,389,0,6,87,0,93,293,45,144,0,482,168,0,168,650
03/24/2015,OAK,CA,AWP,WE,Towers with Radar,332,53,54,0,439,0,3,28,3,34,332,56,82,3,473,162,0,162,635
03/25/2015,OAK,CA,AWP,WE,Towers with Radar,331,54,41,0,426,0,14,94,2,110,331,68,135,2,536,88,0,88,624
03/26/2015,OAK,CA,AWP,WE,Towers with Radar,335,60,56,1,452,0,8,93,3,104,335,68,149,4,556,58,0,58,614
03/27/2015,OAK,CA,AWP,WE,Towers with Radar,323,55,63,0,441,0,4,65,0,69,323,59,128,0,510,114,0,114,624
03/28/2015,OAK,CA,AWP,WE,Towers with Radar,239,40,53,0,332,0,13,92,2,107,239,53,145,2,439,152,0,152,591
03/29/2015,OAK,CA,AWP,WE,Towers with Radar,271,45,33,0,349,0,3,95,3,101,271,48,128,3,450,148,0,148,598
03/30/2015,OAK,CA,AWP,WE,Towers with Radar,300,62,43,0,405,0,8,67,6,81,300,70,110,6,486,72,0,72,558
03/31/2015,OAK,CA,AWP,WE,Towers with Radar,324,49,51,0,424,0,8,56,0,64,324,57,107,0,488,66,0,66,554
04/01/2015,OAK,CA,AWP,WE,Towers with Radar,337,62,66,2,467,0,17,83,4,104,337,79,149,6,571,91,0,91,662
04/02/2015,OAK,CA,AWP,WE,Towers with Radar,332,55,59,3,449,0,6,70,3,79,332,61,129,6,528,126,6,132,660
04/03/2015,OAK,CA,AWP,WE,Towers with Radar,327,59,47,0,433,0,7,96,2,105,327,66,143,2,538,96,0,96,634
04/04/2015,OAK,CA,AWP,WE,Towers with Radar,253,35,39,0,327,0,6,72,0,78,253,41,111,0,405,240,0,240,645
04/05/2015,OAK,CA,AWP,WE,Towers with Radar,259,37,26,0,322,0,6,18,0,24,259,43,44,0,346,42,0,42,388
04/06/2015,OAK,CA,AWP,WE,Towers with Radar,295,46,43,0,384,0,6,53,0,59,295,52,96,0,443,94,0,94,537
04/07/2015,OAK,CA,AWP,WE,Towers with Radar,324,44,61,0,429,0,6,28,2,36,324,50,89,2,465,104,0,104,569
04/08/2015,OAK,CA,AWP,WE,Towers with Radar,346,56,54,0,456,0,10,64,3,77,346,66,118,3,533,136,48,184,717
04/09/2015,OAK,CA,AWP,WE,Towers with Radar,342,47,64,1,454,0,7,81,5,93,342,54,145,6,547,20,10,30,577
04/10/2015,OAK,CA,AWP,WE,Towers with Radar,332,40,53,0,425,0,12,69,0,81,332,52,122,0,506,130,0,130,636
04/11/2015,OAK,CA,AWP,WE,Towers with Radar,249,22,33,0,304,0,0,91,0,91,249,22,124,0,395,66,0,66,461
04/12/2015,OAK,CA,AWP,WE,Towers with Radar,280,49,64,1,394,0,8,121,3,132,280,57,185,4,526,72,0,72,598
04/13/2015,OAK,CA,AWP,WE,Towers with Radar,306,52,62,1,421,0,7,40,0,47,306,59,102,1,468,28,0,28,496
04/14/2015,OAK,CA,AWP,WE,Towers with Radar,339,40,63,0,442,0,11,70,5,86,339,51,133,5,528,120,0,120,648
04/15/2015,OAK,CA,AWP,WE,Towers with Radar,353,36,60,0,449,0,21,93,1,115,353,57,153,1,564,92,0,92,656
04/16/2015,OAK,CA,AWP,WE,Towers with Radar,342,42,60,0,444,0,11,75,6,92,342,53,135,6,536,52,12,64,600
04/17/2015,OAK,CA,AWP,WE,Towers with Radar,331,44,47,0,422,0,10,112,3,125,331,54,159,3,547,176,0,176,723
04/18/2015,OAK,CA,AWP,WE,Towers with Radar,245,31,43,0,319,0,2,85,0,87,245,33,128,0,406,210,0,210,616
04/19/2015,OAK,CA,AWP,WE,Towers with Radar,271,26,54,0,351,0,2,80,1,83,271,28,134,1,434,124,0,124,558
04/20/2015,OAK,CA,AWP,WE,Towers with Radar,306,55,93,0,454,0,9,40,6,55,306,64,133,6,509,100,14,114,623
04/21/2015,OAK,CA,AWP,WE,Towers with Radar,333,81,75,0,489,0,3,20,2,25,333,84,95,2,514,32,0,32,546
04/22/2015,OAK,CA,AWP,WE,Towers with Radar,351,58,46,0,455,0,10,43,5,58,351,68,89,5,513,76,10,86,599
04/23/2015,OAK,CA,AWP,WE,Towers with Radar,341,71,78,0,490,0,12,76,2,90,341,83,154,2,580,118,0,118,698
04/24/2015,OAK,CA,AWP,WE,Towers with Radar,330,53,49,0,432,0,8,52,2,62,330,61,101,2,494,44,0,44,538
04/25/2015,OAK,CA,AWP,WE,Towers with Radar,245,25,34,0,304,0,2,52,3,57,245,27,86,3,361,12,12,24,385
04/26/2015,OAK,CA,AWP,WE,Towers with Radar,277,35,46,0,358,0,10,124,2,136,277,45,170,2,494,118,0,118,612
04/27/2015,OAK,CA,AWP,WE,Towers with Radar,307,58,29,5,399,0,9,81,15,105,307,67,110,20,504,58,12,70,574
04/28/2015,OAK,CA,AWP,WE,Towers with Radar,340,72,63,1,476,0,6,39,0,45,340,78,102,1,521,46,0,46,567
04/29/2015,OAK,CA,AWP,WE,Towers with Radar,350,78,79,0,507,0,10,92,5,107,350,88,171,5,614,98,0,98,712
04/30/2015,OAK,CA,AWP,WE,Towers with Radar,343,72,60,0,475,0,13,73,1,87,343,85,133,1,562,108,0,108,670
05/01/2015,OAK,CA,AWP,WE,Towers with Radar,333,55,57,0,445,0,9,96,9,114,333,64,153,9,559,120,0,120,679
05/02/2015,OAK,CA,AWP,WE,Towers with Radar,246,23,43,3,315,0,2,72,0,74,246,25,115,3,389,180,0,180,569
05/03/2015,OAK,CA,AWP,WE,Towers with Radar,270,48,71,4,393,0,0,83,11,94,270,48,154,15,487,128,0,128,615
05/04/2015,OAK,CA,AWP,WE,Towers with Radar,310,45,55,2,412,0,7,15,7,29,310,52,70,9,441,75,0,75,516
05/05/2015,OAK,CA,AWP,WE,Towers with Radar,353,52,75,0,480,0,9,55,1,65,353,61,130,1,545,84,0,84,629
05/06/2015,OAK,CA,AWP,WE,Towers with Radar,363,50,57,0,470,0,14,49,6,69,363,64,106,6,539,90,0,90,629
05/07/2015,OAK,CA,AWP,WE,Towers with Radar,356,57,48,0,461,0,10,53,5,68,356,67,101,5,529,184,16,200,729
05/08/2015,OAK,CA,AWP,WE,Towers with Radar,333,56,79,0,468,0,9,71,1,81,333,65,150,1,549,96,0,96,645
05/09/2015,OAK,CA,AWP,WE,Towers with Radar,248,27,32,2,309,0,2,61,4,67,248,29,93,6,376,150,0,150,526
05/10/2015,OAK,CA,AWP,WE,Towers with Radar,266,41,48,0,355,0,6,40,5,51,266,47,88,5,406,0,0,0,406
05/11/2015,OAK,CA,AWP,WE,Towers with Radar,310,50,73,0,433,0,12,35,4,51,310,62,108,4,484,0,0,0,484
05/12/2015,OAK,CA,AWP,WE,Towers with Radar,354,49,53,0,456,0,11,44,6,61,354,60,97,6,517,56,0,56,573
05/13/2015,OAK,CA,AWP,WE,Towers with Radar,348,57,59,7,471,0,15,79,6,100,348,72,138,13,571,46,0,46,617
05/14/2015,OAK,CA,AWP,WE,Towers with Radar,344,55,74,0,473,0,6,30,0,36,344,61,104,0,509,20,0,20,529
05/15/2015,OAK,CA,AWP,WE,Towers with Radar,323,55,64,0,442,0,8,26,3,37,323,63,90,3,479,222,0,222,701
05/16/2015,OAK,CA,AWP,WE,Towers with Radar,256,22,52,0,330,0,4,54,1,59,256,26,106,1,389,114,0,114,503
05/17/2015,OAK,CA,AWP,WE,Towers with Radar,281,50,63,1,395,0,3,48,4,55,281,53,111,5,450,166,0,166,616
05/18/2015,OAK,CA,AWP,WE,Towers with Radar,308,64,69,0,441,0,6,14,2,22,308,70,83,2,463,188,4,192,655
05/19/2015,OAK,CA,AWP,WE,Towers with Radar,359,74,91,0,524,0,9,33,6,48,359,83,124,6,572,72,4,76,648
05/20/2015,OAK,CA,AWP,WE,Towers with Radar,355,63,82,0,500,0,4,23,2,29,355,67,105,2,529,216,0,216,745
05/21/2015,OAK,CA,AWP,WE,Towers with Radar,354,79,85,0,518,0,7,45,1,53,354,86,130,1,571,74,0,74,645
05/22/2015,OAK,CA,AWP,WE,Towers with Radar,342,66,74,4,486,0,2,50,0,52,342,68,124,4,538,196,0,196,734
05/23/2015,OAK,CA,AWP,WE,Towers with Radar,236,27,33,0,296,0,6,53,0,59,236,33,86,0,355,166,0,166,521
05/24/2015,OAK,CA,AWP,WE,Towers with Radar,219,23,32,1,275,0,1,21,0,22,219,24,53,1,297,16,0,16,313
05/25/2015,OAK,CA,AWP,WE,Towers with Radar,252,43,61,0,356,0,0,23,1,24,252,43,84,1,380,14,0,14,394
05/26/2015,OAK,CA,AWP,WE,Towers with Radar,321,42,71,0,434,0,6,46,1,53,321,48,117,1,487,52,0,52,539
05/27/2015,OAK,CA,AWP,WE,Towers with Radar,357,69,85,0,511,0,7,40,2,49,357,76,125,2,560,52,0,52,612
05/28/2015,OAK,CA,AWP,WE,Towers with Radar,361,56,60,2,479,0,4,46,6,56,361,60,106,8,535,30,0,30,565
05/29/2015,OAK,CA,AWP,WE,Towers with Radar,338,58,86,0,482,0,3,54,0,57,338,61,140,0,539,72,0,72,611
05/30/2015,OAK,CA,AWP,WE,Towers with Radar,257,27,41,0,325,0,5,48,0,53,257,32,89,0,378,96,0,96,474
05/31/2015,OAK,CA,AWP,WE,Towers with Radar,279,29,49,0,357,0,3,66,0,69,279,32,115,0,426,42,0,42,468
06/01/2015,OAK,CA,AWP,WE,Towers with Radar,299,45,40,0,384,0,5,49,0,54,299,50,89,0,438,92,0,92,530
06/02/2015,OAK,CA,AWP,WE,Towers with Radar,358,59,62,7,486,0,11,53,8,72,358,70,115,15,558,50,12,62,620
06/03/2015,OAK,CA,AWP,WE,Towers with Radar,351,81,59,0,491,0,2,56,0,58,351,83,115,0,549,138,0,138,687
06/04/2015,OAK,CA,AWP,WE,Towers with Radar,358,75,88,0,521,0,11,65,1,77,358,86,153,1,598,74,0,74,672
06/05/2015,OAK,CA,AWP,WE,Towers with Radar,339,61,51,0,451,0,8,80,2,90,339,69,131,2,541,172,0,172,713
06/06/2015,OAK,CA,AWP,WE,Towers with Radar,251,47,36,0,334,0,9,132,3,144,251,56,168,3,478,248,0,248,726
06/07/2015,OAK,CA,AWP,WE,Towers with Radar,311,56,72,0,439,0,2,119,0,121,311,58,191,0,560,182,0,182,742
06/08/2015,OAK,CA,AWP,WE,Towers with Radar,320,60,58,0,438,0,9,95,1,105,320,69,153,1,543,268,0,268,811
06/09/2015,OAK,CA,AWP,WE,Towers with Radar,368,53,56,0,477,0,6,46,2,54,368,59,102,2,531,40,0,40,571
06/10/2015,OAK,CA,AWP,WE,Towers with Radar,364,56,58,0,478,0,5,41,0,46,364,61,99,0,524,52,0,52,576
06/11/2015,OAK,CA,AWP,WE,Towers with Radar,363,52,55,0,470,0,5,60,3,68,363,57,115,3,538,26,0,26,564
06/12/2015,OAK,CA,AWP,WE,Towers with Radar,356,61,65,0,482,2,6,114,6,128,358,67,179,6,610,120,16,136,746
06/13/2015,OAK,CA,AWP,WE,Towers with Radar,274,40,27,0,341,0,3,107,0,110,274,43,134,0,451,88,0,88,539
06/14/2015,OAK,CA,AWP,WE,Towers with Radar,312,54,108,0,474,0,0,80,2,82,312,54,188,2,556,78,0,78,634
06/15/2015,OAK,CA,AWP,WE,Towers with Radar,327,56,69,0,452,0,1,9,2,12,327,57,78,2,464,98,0,98,562
06/16/2015,OAK,CA,AWP,WE,Towers with Radar,366,63,56,0,485,0,9,76,6,91,366,72,132,6,576,96,44,140,716
06/17/2015,OAK,CA,AWP,WE,Towers with Radar,369,81,56,0,506,0,7,52,3,62,369,88,108,3,568,36,0,36,604
06/18/2015,OAK,CA,AWP,WE,Towers with Radar,367,59,44,0,470,0,13,69,5,87,367,72,113,5,557,84,0,84,641
06/19/2015,OAK,CA,AWP,WE,Towers with Radar,341,58,44,0,443,0,9,29,6,44,341,67,73,6,487,0,0,0,487
06/20/2015,OAK,CA,AWP,WE,Towers with Radar,273,30,22,0,325,0,1,90,0,91,273,31,112,0,416,58,0,58,474
06/21/2015,OAK,CA,AWP,WE,Towers with Radar,307,39,35,0,381,0,3,64,3,70,307,42,99,3,451,78,0,78,529
06/22/2015,OAK,CA,AWP,WE,Towers with Radar,322,44,52,1,419,0,7,30,0,37,322,51,82,1,456,40,0,40,496
06/23/2015,OAK,CA,AWP,WE,Towers with Radar,355,54,34,1,444,0,9,71,0,80,355,63,105,1,524,38,0,38,562
06/24/2015,OAK,CA,AWP,WE,Towers with Radar,365,51,41,0,457,0,6,65,2,73,365,57,106,2,530,70,0,70,600
06/25/2015,OAK,CA,AWP,WE,Towers with Radar,371,52,67,0,490,0,7,103,3,113,371,59,170,3,603,50,2,52,655
06/26/2015,OAK,CA,AWP,WE,Towers with Radar,350,52,50,0,452,0,16,86,0,102,350,68,136,0,554,106,0,106,660
06/27/2015,OAK,CA,AWP,WE,Towers with Radar,283,36,35,0,354,0,8,75,3,86,283,44,110,3,440,128,0,128,568
06/28/2015,OAK,CA,AWP,WE,Towers with Radar,306,41,43,0,390,0,0,84,1,85,306,41,127,1,475,56,0,56,531
06/29/2015,OAK,CA,AWP,WE,Towers with Radar,315,59,60,0,434,0,6,41,0,47,315,65,101,0,481,28,0,28,509
06/30/2015,OAK,CA,AWP,WE,Towers with Radar,351,43,52,0,446,0,8,89,2,99,351,51,141,2,545,140,0,140,685
07/01/2015,OAK,CA,AWP,WE,Towers with Radar,366,67,59,0,492,0,34,100,4,138,366,101,159,4,630,86,0,86,716
07/02/2015,OAK,CA,AWP,WE,Towers with Radar,370,65,63,0,498,0,7,63,2,72,370,72,126,2,570,148,0,148,718
07/03/2015,OAK,CA,AWP,WE,Towers with Radar,322,41,40,0,403,0,3,82,4,89,322,44,122,4,492,92,0,92,584
07/04/2015,OAK,CA,AWP,WE,Towers with Radar,204,20,14,0,238,0,3,42,4,49,204,23,56,4,287,48,0,48,335
07/05/2015,OAK,CA,AWP,WE,Towers with Radar,307,33,58,0,398,0,1,64,4,69,307,34,122,4,467,28,0,28,495
07/06/2015,OAK,CA,AWP,WE,Towers with Radar,325,55,62,0,442,0,4,66,0,70,325,59,128,0,512,142,0,142,654
07/07/2015,OAK,CA,AWP,WE,Towers with Radar,372,60,37,0,469,0,7,75,0,82,372,67,112,0,551,102,0,102,653
07/08/2015,OAK,CA,AWP,WE,Towers with Radar,365,58,71,0,494,0,0,28,3,31,365,58,99,3,525,234,0,234,759
07/09/2015,OAK,CA,AWP,WE,Towers with Radar,366,61,60,0,487,0,3,30,0,33,366,64,90,0,520,228,0,228,748
07/10/2015,OAK,CA,AWP,WE,Towers with Radar,358,53,50,0,461,0,4,51,1,56,358,57,101,1,517,346,0,346,863
07/11/2015,OAK,CA,AWP,WE,Towers with Radar,276,18,29,0,323,0,5,98,1,104,276,23,127,1,427,30,0,30,457
07/12/2015,OAK,CA,AWP,WE,Towers with Radar,307,48,49,0,404,0,2,104,0,106,307,50,153,0,510,80,0,80,590
07/13/2015,OAK,CA,AWP,WE,Towers with Radar,325,61,34,0,420,0,10,59,6,75,325,71,93,6,495,174,0,174,669
07/14/2015,OAK,CA,AWP,WE,Towers with Radar,367,56,67,0,490,0,6,35,2,43,367,62,102,2,533,28,30,58,591
07/15/2015,OAK,CA,AWP,WE,Towers with Radar,375,50,51,0,476,0,9,80,0,89,375,59,131,0,565,90,0,90,655
07/16/2015,OAK,CA,AWP,WE,Towers with Radar,369,52,58,0,479,0,14,80,1,95,369,66,138,1,574,98,0,98,672
07/17/2015,OAK,CA,AWP,WE,Towers with Radar,358,56,39,0,453,0,6,74,6,86,358,62,113,6,539,72,14,86,625
07/18/2015,OAK,CA,AWP,WE,Towers with Radar,275,25,36,2,338,0,4,69,0,73,275,29,105,2,411,98,0,98,509
07/19/2015,OAK,CA,AWP,WE,Towers with Radar,318,39,37,0,394,0,2,79,1,82,318,41,116,1,476,126,0,126,602
07/20/2015,OAK,CA,AWP,WE,Towers with Radar,324,50,33,0,407,0,8,61,2,71,324,58,94,2,478,22,0,22,500
07/21/2015,OAK,CA,AWP,WE,Towers with Radar,370,44,52,1,467,0,4,34,2,40,370,48,86,3,507,62,0,62,569
07/22/2015,OAK,CA,AWP,WE,Towers with Radar,368,56,71,0,495,0,4,32,0,36,368,60,103,0,531,64,0,64,595
07/23/2015,OAK,CA,AWP,WE,Towers with Radar,364,57,75,0,496,0,8,47,3,58,364,65,122,3,554,78,0,78,632
07/24/2015,OAK,CA,AWP,WE,Towers with Radar,349,50,33,0,432,0,3,94,2,99,349,53,127,2,531,100,24,124,655
07/25/2015,OAK,CA,AWP,WE,Towers with Radar,286,29,38,0,353,0,2,53,1,56,286,31,91,1,409,72,0,72,481
07/26/2015,OAK,CA,AWP,WE,Towers with Radar,310,43,45,0,398,0,4,101,1,106,310,47,146,1,504,172,0,172,676
07/27/2015,OAK,CA,AWP,WE,Towers with Radar,328,67,48,0,443,0,18,62,1,81,328,85,110,1,524,50,0,50,574
07/28/2015,OAK,CA,AWP,WE,Towers with Radar,370,57,34,0,461,0,9,75,3,87,370,66,109,3,548,82,0,82,630
07/29/2015,OAK,CA,AWP,WE,Towers with Radar,367,53,50,0,470,0,10,77,4,91,367,63,127,4,561,142,20,162,723
07/30/2015,OAK,CA,AWP,WE,Towers with Radar,366,61,62,0,489,0,5,55,0,60,366,66,117,0,549,80,0,80,629
07/31/2015,OAK,CA,AWP,WE,Towers with Radar,343,57,67,0,467,0,4,60,5,69,343,61,127,5,536,86,0,86,622
08/01/2015,OAK,CA,AWP,WE,Towers with Radar,286,38,34,0,358,0,5,74,1,80,286,43,108,1,438,78,0,78,516
08/02/2015,OAK,CA,AWP,WE,Towers with Radar,312,41,61,0,414,0,5,63,0,68,312,46,124,0,482,32,0,32,514
08/03/2015,OAK,CA,AWP,WE,Towers with Radar,330,49,50,0,429,0,8,56,0,64,330,57,106,0,493,92,0,92,585
08/04/2015,OAK,CA,AWP,WE,Towers with Radar,373,64,43,0,480,0,8,60,7,75,373,72,103,7,555,198,0,198,753
08/05/2015,OAK,CA,AWP,WE,Towers with Radar,373,54,51,2,480,1,8,68,4,81,374,62,119,6,561,46,0,46,607
08/06/2015,OAK,CA,AWP,WE,Towers with Radar,370,65,71,0,506,0,13,79,3,95,370,78,150,3,601,114,0,114,715
08/07/2015,OAK,CA,AWP,WE,Towers with Radar,355,54,53,0,462,0,4,73,7,84,355,58,126,7,546,90,0,90,636
08/08/2015,OAK,CA,AWP,WE,Towers with Radar,282,34,33,0,349,0,3,52,1,56,282,37,85,1,405,96,0,96,501
08/09/2015,OAK,CA,AWP,WE,Towers with Radar,306,40,61,0,407,0,2,70,6,78,306,42,131,6,485,65,0,65,550
08/10/2015,OAK,CA,AWP,WE,Towers with Radar,323,48,42,4,417,0,4,21,4,29,323,52,63,8,446,6,38,44,490
08/11/2015,OAK,CA,AWP,WE,Towers with Radar,373,49,42,0,464,0,9,52,3,64,373,58,94,3,528,60,0,60,588
08/12/2015,OAK,CA,AWP,WE,Towers with Radar,362,57,56,0,475,0,14,102,1,117,362,71,158,1,592,86,0,86,678
08/13/2015,OAK,CA,AWP,WE,Towers with Radar,359,52,60,1,472,0,13,85,2,100,359,65,145,3,572,120,0,120,692
08/14/2015,OAK,CA,AWP,WE,Towers with Radar,354,48,41,1,444,0,9,66,2,77,354,57,107,3,521,94,0,94,615
08/15/2015,OAK,CA,AWP,WE,Towers with Radar,274,29,18,1,322,0,2,95,0,97,274,31,113,1,419,118,0,118,537
08/16/2015,OAK,CA,AWP,WE,Towers with Radar,300,47,51,1,399,0,5,107,0,112,300,52,158,1,511,172,0,172,683
08/17/2015,OAK,CA,AWP,WE,Towers with Radar,319,63,53,0,435,0,10,69,0,79,319,73,122,0,514,48,0,48,562
08/18/2015,OAK,CA,AWP,WE,Towers with Radar,356,60,52,1,469,0,13,81,0,94,356,73,133,1,563,38,0,38,601
08/19/2015,OAK,CA,AWP,WE,Towers with Radar,356,70,68,1,495,0,9,68,6,83,356,79,136,7,578,48,0,48,626
08/20/2015,OAK,CA,AWP,WE,Towers with Radar,354,65,86,2,507,0,8,47,2,57,354,73,133,4,564,126,0,126,690
08/21/2015,OAK,CA,AWP,WE,Towers with Radar,342,45,54,0,441,0,3,65,0,68,342,48,119,0,509,262,0,262,771
08/22/2015,OAK,CA,AWP,WE,Towers with Radar,267,34,39,1,341,0,0,86,2,88,267,34,125,3,429,110,0,110,539
08/23/2015,OAK,CA,AWP,WE,Towers with Radar,295,37,56,1,389,0,1,93,1,95,295,38,149,2,484,64,0,64,548
08/24/2015,OAK,CA,AWP,WE,Towers with Radar,312,45,42,0,399,0,7,56,1,64,312,52,98,1,463,120,4,124,587
08/25/2015,OAK,CA,AWP,WE,Towers with Radar,353,53,65,0,471,0,12,65,6,83,353,65,130,6,554,184,0,184,738
08/26/2015,OAK,CA,AWP,WE,Towers with Radar,365,62,37,0,464,0,7,91,4,102,365,69,128,4,566,158,0,158,724
08/27/2015,OAK,CA,AWP,WE,Towers with Radar,353,55,67,0,475,0,12,110,8,130,353,67,177,8,605,200,8,208,813
08/28/2015,OAK,CA,AWP,WE,Towers with Radar,347,55,52,1,455,0,6,79,4,89,347,61,131,5,544,92,22,114,658
08/29/2015,OAK,CA,AWP,WE,Towers with Radar,262,28,21,1,312,0,1,46,5,52,262,29,67,6,364,96,0,96,460
08/30/2015,OAK,CA,AWP,WE,Towers with Radar,289,41,45,0,375,0,2,104,0,106,289,43,149,0,481,194,1,195,676
08/31/2015,OAK,CA,AWP,WE,Towers with Radar,322,53,26,0,401,0,8,79,5,92,322,61,105,5,493,52,0,52,545
09/01/2015,OAK,CA,AWP,WE,Towers with Radar,362,53,64,0,479,0,12,83,3,98,362,65,147,3,577,32,0,32,609
09/02/2015,OAK,CA,AWP,WE,Towers with Radar,369,54,52,0,475,0,8,67,1,76,369,62,119,1,551,84,0,84,635
09/03/2015,OAK,CA,AWP,WE,Towers with Radar,367,60,58,0,485,0,10,64,1,75,367,70,122,1,560,64,0,64,624
09/04/2015,OAK,CA,AWP,WE,Towers with Radar,346,73,44,0,463,0,8,100,1,109,346,81,144,1,572,122,0,122,694
09/05/2015,OAK,CA,AWP,WE,Towers with Radar,221,28,20,1,270,0,11,96,1,108,221,39,116,2,378,60,0,60,438
09/06/2015,OAK,CA,AWP,WE,Towers with Radar,230,32,16,1,279,0,4,65,4,73,230,36,81,5,352,18,0,18,370
09/07/2015,OAK,CA,AWP,WE,Towers with Radar,272,46,52,1,371,0,3,98,1,102,272,49,150,2,473,28,0,28,501
09/08/2015,OAK,CA,AWP,WE,Towers with Radar,317,47,34,0,398,0,11,82,7,100,317,58,116,7,498,26,0,26,524
09/09/2015,OAK,CA,AWP,WE,Towers with Radar,360,58,51,0,469,0,7,80,0,87,360,65,131,0,556,82,0,82,638
09/10/2015,OAK,CA,AWP,WE,Towers with Radar,343,48,49,0,440,0,7,87,3,97,343,55,136,3,537,116,0,116,653
09/11/2015,OAK,CA,AWP,WE,Towers with Radar,339,48,61,0,448,0,7,76,2,85,339,55,137,2,533,130,30,160,693
09/12/2015,OAK,CA,AWP,WE,Towers with Radar,260,32,42,0,334,0,1,51,1,53,260,33,93,1,387,42,0,42,429
09/13/2015,OAK,CA,AWP,WE,Towers with Radar,303,47,58,0,408,0,2,83,1,86,303,49,141,1,494,16,0,16,510
09/14/2015,OAK,CA,AWP,WE,Towers with Radar,312,52,58,5,427,0,7,23,3,33,312,59,81,8,460,136,0,136,596
09/15/2015,OAK,CA,AWP,WE,Towers with Radar,350,57,50,0,457,0,12,66,3,81,350,69,116,3,538,150,0,150,688
09/16/2015,OAK,CA,AWP,WE,Towers with Radar,361,56,53,1,471,0,3,45,1,49,361,59,98,2,520,66,0,66,586
09/17/2015,OAK,CA,AWP,WE,Towers with Radar,355,67,56,0,478,0,7,60,3,70,355,74,116,3,548,44,0,44,592
09/18/2015,OAK,CA,AWP,WE,Towers with Radar,347,72,43,1,463,0,5,65,1,71,347,77,108,2,534,14,0,14,548
09/19/2015,OAK,CA,AWP,WE,Towers with Radar,264,27,18,1,310,0,4,73,0,77,264,31,91,1,387,64,0,64,451
09/20/2015,OAK,CA,AWP,WE,Towers with Radar,303,53,61,1,418,0,1,85,0,86,303,54,146,1,504,20,0,20,524
09/21/2015,OAK,CA,AWP,WE,Towers with Radar,311,44,38,0,393,0,10,64,3,77,311,54,102,3,470,62,0,62,532
09/22/2015,OAK,CA,AWP,WE,Towers with Radar,348,58,53,0,459,0,7,31,0,38,348,65,84,0,497,38,0,38,535
09/23/2015,OAK,CA,AWP,WE,Towers with Radar,347,66,42,2,457,0,7,68,4,79,347,73,110,6,536,26,0,26,562
09/24/2015,OAK,CA,AWP,WE,Towers with Radar,353,80,53,1,487,0,9,96,3,108,353,89,149,4,595,86,0,86,681
09/25/2015,OAK,CA,AWP,WE,Towers with Radar,339,63,26,2,430,0,4,90,0,94,339,67,116,2,524,48,0,48,572
09/26/2015,OAK,CA,AWP,WE,Towers with Radar,257,36,14,0,307,0,4,99,0,103,257,40,113,0,410,18,0,18,428
09/27/2015,OAK,CA,AWP,WE,Towers with Radar,295,33,33,0,361,0,9,69,0,78,295,42,102,0,439,4,0,4,443
09/28/2015,OAK,CA,AWP,WE,Towers with Radar,314,48,58,0,420,0,5,74,4,83,314,53,132,4,503,96,0,96,599
09/29/2015,OAK,CA,AWP,WE,Towers with Radar,351,64,60,1,476,0,6,56,1,63,351,70,116,2,539,110,0,110,649
09/30/2015,OAK,CA,AWP,WE,Towers with Radar,355,63,50,0,468,1,9,48,3,61,356,72,98,3,529,148,0,148,677
10/01/2015,OAK,CA,AWP,WE,Towers with Radar,354,61,76,0,491,0,7,61,5,73,354,68,137,5,564,56,0,56,620
10/02/2015,OAK,CA,AWP,WE,Towers with Radar,349,48,48,0,445,0,10,78,1,89,349,58,126,1,534,4,0,4,538
10/03/2015,OAK,CA,AWP,WE,Towers with Radar,251,26,30,0,307,0,1,78,1,80,251,27,108,1,387,58,0,58,445
10/04/2015,OAK,CA,AWP,WE,Towers with Radar,301,38,45,2,386,0,1,102,0,103,301,39,147,2,489,152,0,152,641
10/05/2015,OAK,CA,AWP,WE,Towers with Radar,321,62,43,8,434,0,13,85,7,105,321,75,128,15,539,60,0,60,599
10/06/2015,OAK,CA,AWP,WE,Towers with Radar,354,65,67,0,486,0,6,51,2,59,354,71,118,2,545,114,0,114,659
10/07/2015,OAK,CA,AWP,WE,Towers with Radar,357,76,53,0,486,0,9,77,9,95,357,85,130,9,581,114,0,114,695
10/08/2015,OAK,CA,AWP,WE,Towers with Radar,359,79,84,1,523,0,4,103,24,131,359,83,187,25,654,96,0,96,750
10/09/2015,OAK,CA,AWP,WE,Towers with Radar,348,84,43,1,476,0,4,66,32,102,348,88,109,33,578,20,0,20,598
10/10/2015,OAK,CA,AWP,WE,Towers with Radar,261,39,39,0,339,0,2,61,17,80,261,41,100,17,419,0,0,0,419
10/11/2015,OAK,CA,AWP,WE,Towers with Radar,301,51,46,2,400,0,3,103,14,120,301,54,149,16,520,10,0,10,530
10/12/2015,OAK,CA,AWP,WE,Towers with Radar,328,69,58,3,458,0,15,115,8,138,328,84,173,11,596,130,2,132,728
10/13/2015,OAK,CA,AWP,WE,Towers with Radar,363,65,46,1,475,0,12,76,7,95,363,77,122,8,570,64,0,64,634
10/14/2015,OAK,CA,AWP,WE,Towers with Radar,364,61,56,1,482,0,16,75,9,100,364,77,131,10,582,112,0,112,694
10/15/2015,OAK,CA,AWP,WE,Towers with Radar,363,68,52,4,487,0,7,69,6,82,363,75,121,10,569,156,12,168,737
10/16/2015,OAK,CA,AWP,WE,Towers with Radar,347,64,51,0,462,0,3,89,0,92,347,67,140,0,554,151,0,151,705
10/17/2015,OAK,CA,AWP,WE,Towers with Radar,251,29,40,0,320,0,2,54,0,56,251,31,94,0,376,200,0,200,576
10/18/2015,OAK,CA,AWP,WE,Towers with Radar,294,35,41,0,370,0,2,64,0,66,294,37,105,0,436,98,0,98,534
10/19/2015,OAK,CA,AWP,WE,Towers with Radar,323,58,43,0,424,0,6,55,7,68,323,64,98,7,492,84,0,84,576
10/20/2015,OAK,CA,AWP,WE,Towers with Radar,359,58,48,1,466,0,7,70,9,86,359,65,118,10,552,66,0,66,618
10/21/2015,OAK,CA,AWP,WE,Towers with Radar,367,64,50,0,481,0,7,83,8,98,367,71,133,8,579,92,0,92,671
10/22/2015,OAK,CA,AWP,WE,Towers with Radar,358,64,74,4,500,0,9,74,9,92,358,73,148,13,592,126,2,128,720
10/23/2015,OAK,CA,AWP,WE,Towers with Radar,350,64,48,0,462,0,4,86,3,93,350,68,134,3,555,70,0,70,625
10/24/2015,OAK,CA,AWP,WE,Towers with Radar,258,37,31,0,326,0,6,81,0,87,258,43,112,0,413,66,0,66,479
10/25/2015,OAK,CA,AWP,WE,Towers with Radar,299,46,51,0,396,0,4,82,0,86,299,50,133,0,482,124,0,124,606
10/26/2015,OAK,CA,AWP,WE,Towers with Radar,318,70,59,0,447,0,8,59,0,67,318,78,118,0,514,72,0,72,586
10/27/2015,OAK,CA,AWP,WE,Towers with Radar,359,71,58,0,488,0,10,65,2,77,359,81,123,2,565,156,0,156,721
10/28/2015,OAK,CA,AWP,WE,Towers with Radar,360,69,53,0,482,0,7,50,3,60,360,76,103,3,542,150,0,150,692
10/29/2015,OAK,CA,AWP,WE,Towers with Radar,356,75,50,0,481,0,7,67,1,75,356,82,117,1,556,196,0,196,752
10/30/2015,OAK,CA,AWP,WE,Towers with Radar,339,56,27,0,422,0,3,86,1,90,339,59,113,1,512,88,0,88,600
10/31/2015,OAK,CA,AWP,WE,Towers with Radar,226,34,21,0,281,0,2,80,0,82,226,36,101,0,363,68,0,68,431
11/01/2015,OAK,CA,AWP,WE,Towers with Radar,296,36,42,0,374,0,3,51,1,55,296,39,93,1,429,58,0,58,487
11/02/2015,OAK,CA,AWP,WE,Towers with Radar,325,59,50,0,434,0,3,15,4,22,325,62,65,4,456,82,40,122,578
11/03/2015,OAK,CA,AWP,WE,Towers with Radar,354,71,46,0,471,0,4,79,4,87,354,75,125,4,558,90,12,102,660
11/04/2015,OAK,CA,AWP,WE,Towers with Radar,354,67,59,0,480,0,2,61,1,64,354,69,120,1,544,78,0,78,622
11/05/2015,OAK,CA,AWP,WE,Towers with Radar,354,72,54,0,480,0,13,73,1,87,354,85,127,1,567,96,0,96,663
11/06/2015,OAK,CA,AWP,WE,Towers with Radar,356,63,56,0,475,0,7,84,0,91,356,70,140,0,566,116,0,116,682
11/07/2015,OAK,CA,AWP,WE,Towers with Radar,261,42,32,0,335,0,1,85,0,86,261,43,117,0,421,110,0,110,531
11/08/2015,OAK,CA,AWP,WE,Towers with Radar,292,48,58,0,398,0,8,21,0,29,292,56,79,0,427,178,0,178,605
11/09/2015,OAK,CA,AWP,WE,Towers with Radar,331,64,46,0,441,0,2,13,1,16,331,66,59,1,457,48,0,48,505
11/10/2015,OAK,CA,AWP,WE,Towers with Radar,366,69,49,0,484,0,6,70,0,76,366,75,119,0,560,138,0,138,698
11/11/2015,OAK,CA,AWP,WE,Towers with Radar,358,61,31,0,450,0,9,94,2,105,358,70,125,2,555,122,0,122,677
11/12/2015,OAK,CA,AWP,WE,Towers with Radar,359,71,55,0,485,0,9,78,8,95,359,80,133,8,580,90,0,90,670
11/13/2015,OAK,CA,AWP,WE,Towers with Radar,348,58,58,0,464,0,4,98,2,104,348,62,156,2,568,172,20,192,760
11/14/2015,OAK,CA,AWP,WE,Towers with Radar,272,39,29,0,340,0,1,93,0,94,272,40,122,0,434,160,0,160,594
11/15/2015,OAK,CA,AWP,WE,Towers with Radar,295,56,39,0,390,0,1,23,4,28,295,57,62,4,418,0,0,0,418
11/16/2015,OAK,CA,AWP,WE,Towers with Radar,313,66,46,0,425,0,10,63,7,80,313,76,109,7,505,64,24,88,593
11/17/2015,OAK,CA,AWP,WE,Towers with Radar,358,82,53,0,493,0,6,70,3,79,358,88,123,3,572,94,0,94,666
11/18/2015,OAK,CA,AWP,WE,Towers with Radar,359,76,43,0,478,0,3,92,4,99,359,79,135,4,577,186,0,186,763
11/19/2015,OAK,CA,AWP,WE,Towers with Radar,360,80,52,0,492,0,14,72,3,89,360,94,124,3,581,124,0,124,705
11/20/2015,OAK,CA,AWP,WE,Towers with Radar,346,85,56,0,487,0,5,98,3,106,346,90,154,3,593,130,20,150,743
11/21/2015,OAK,CA,AWP,WE,Towers with Radar,267,49,25,0,341,0,2,88,0,90,267,51,113,0,431,94,0,94,525
11/22/2015,OAK,CA,AWP,WE,Towers with Radar,301,56,52,0,409,0,3,98,0,101,301,59,150,0,510,76,0,76,586
11/23/2015,OAK,CA,AWP,WE,Towers with Radar,328,62,63,0,453,0,2,16,0,18,328,64,79,0,471,0,0,0,471
11/24/2015,OAK,CA,AWP,WE,Towers with Radar,389,74,66,0,529,0,8,13,1,22,389,82,79,1,551,50,6,56,607
11/25/2015,OAK,CA,AWP,WE,Towers with Radar,390,60,57,0,507,0,11,71,0,82,390,71,128,0,589,132,0,132,721
11/26/2015,OAK,CA,AWP,WE,Towers with Radar,220,18,15,0,253,0,5,44,0,49,220,23,59,0,302,4,0,4,306
11/27/2015,OAK,CA,AWP,WE,Towers with Radar,296,34,22,1,353,0,6,62,1,69,296,40,84,2,422,50,0,50,472
11/28/2015,OAK,CA,AWP,WE,Towers with Radar,318,55,30,0,403,0,4,66,0,70,318,59,96,0,473,66,0,66,539
11/29/2015,OAK,CA,AWP,WE,Towers with Radar,355,57,61,0,473,0,2,94,3,99,355,59,155,3,572,128,0,128,700
11/30/2015,OAK,CA,AWP,WE,Towers with Radar,361,57,60,0,478,0,2,35,2,39,361,59,95,2,517,82,0,82,599
12/01/2015,OAK,CA,AWP,WE,Towers with Radar,410,60,40,0,510,0,6,68,3,77,410,66,108,3,587,84,28,112,699
12/02/2015,OAK,CA,AWP,WE,Towers with Radar,396,66,35,0,497,0,6,56,1,63,396,72,91,1,560,110,0,110,670
12/03/2015,OAK,CA,AWP,WE,Towers with Radar,399,74,55,1,529,0,3,5,0,8,399,77,60,1,537,0,0,0,537
12/04/2015,OAK,CA,AWP,WE,Towers with Radar,359,56,56,0,471,0,7,46,0,53,359,63,102,0,524,88,0,88,612
12/05/2015,OAK,CA,AWP,WE,Towers with Radar,276,31,27,2,336,0,2,106,1,109,276,33,133,3,445,226,10,236,681
12/06/2015,OAK,CA,AWP,WE,Towers with Radar,310,52,63,5,430,0,0,25,2,27,310,52,88,7,457,0,0,0,457
12/07/2015,OAK,CA,AWP,WE,Towers with Radar,320,57,55,0,432,0,4,11,0,15,320,61,66,0,447,126,2,128,575
12/08/2015,OAK,CA,AWP,WE,Towers with Radar,388,72,76,0,536,0,3,23,0,26,388,75,99,0,562,202,0,202,764
12/09/2015,OAK,CA,AWP,WE,Towers with Radar,390,67,60,0,517,0,10,24,3,37,390,77,84,3,554,178,0,178,732
12/10/2015,OAK,CA,AWP,WE,Towers with Radar,395,69,56,2,522,0,2,21,0,23,395,71,77,2,545,106,0,106,651
12/11/2015,OAK,CA,AWP,WE,Towers with Radar,374,81,36,0,491,0,5,66,0,71,374,86,102,0,562,314,0,314,876
12/12/2015,OAK,CA,AWP,WE,Towers with Radar,274,49,28,1,352,0,7,104,0,111,274,56,132,1,463,282,0,282,745
12/13/2015,OAK,CA,AWP,WE,Towers with Radar,319,57,41,1,418,0,1,3,0,4,319,58,44,1,422,0,0,0,422
12/14/2015,OAK,CA,AWP,WE,Towers with Radar,327,60,41,0,428,0,10,58,2,70,327,70,99,2,498,205,22,227,725
12/15/2015,OAK,CA,AWP,WE,Towers with Radar,410,64,41,0,515,1,5,76,4,86,411,69,117,4,601,72,34,106,707
12/16/2015,OAK,CA,AWP,WE,Towers with Radar,417,65,67,0,549,0,2,81,4,87,417,67,148,4,636,66,0,66,702
12/17/2015,OAK,CA,AWP,WE,Towers with Radar,411,81,66,2,560,0,6,38,9,53,411,87,104,11,613,150,0,150,763
12/18/2015,OAK,CA,AWP,WE,Towers with Radar,402,84,97,0,583,0,2,37,0,39,402,86,134,0,622,170,4,174,796
12/19/2015,OAK,CA,AWP,WE,Towers with Radar,307,58,53,0,418,0,0,45,2,47,307,58,98,2,465,196,16,212,677
12/20/2015,OAK,CA,AWP,WE,Towers with Radar,315,54,46,0,415,0,2,5,0,7,315,56,51,0,422,96,0,96,518
12/21/2015,OAK,CA,AWP,WE,Towers with Radar,364,77,44,4,489,0,0,0,1,1,364,77,44,5,490,0,0,0,490
12/22/2015,OAK,CA,AWP,WE,Towers with Radar,420,82,35,2,539,0,5,9,0,14,420,87,44,2,553,26,0,26,579
12/23/2015,OAK,CA,AWP,WE,Towers with Radar,441,73,61,0,575,0,9,63,2,74,441,82,124,2,649,180,0,180,829
12/24/2015,OAK,CA,AWP,WE,Towers with Radar,343,47,25,0,415,0,7,4,0,11,343,54,29,0,426,14,0,14,440
12/25/2015,OAK,CA,AWP,WE,Towers with Radar,227,16,35,0,278,0,4,29,0,33,227,20,64,0,311,16,0,16,327
12/26/2015,OAK,CA,AWP,WE,Towers with Radar,288,54,46,0,388,0,4,45,0,49,288,58,91,0,437,30,0,30,467
12/27/2015,OAK,CA,AWP,WE,Towers with Radar,327,44,34,0,405,0,2,37,0,39,327,46,71,0,444,72,0,72,516
12/28/2015,OAK,CA,AWP,WE,Towers with Radar,309,47,34,0,390,0,6,34,2,42,309,53,68,2,432,198,0,198,630
12/29/2015,OAK,CA,AWP,WE,Towers with Radar,374,64,57,0,495,0,16,72,3,91,374,80,129,3,586,128,0,128,714
12/30/2015,OAK,CA,AWP,WE,Towers with Radar,377,59,41,0,477,0,4,27,1,32,377,63,68,1,509,154,0,154,663
12/31/2015,OAK,CA,AWP,WE,Towers with Radar,294,53,36,0,383,0,11,61,7,79,294,64,97,7,462,98,0,98,560
01/01/2016,OAK,CA,AWP,WE,Towers with Radar,229,13,18,0,260,0,1,45,2,48,229,14,63,2,308,54,0,54,362
01/02/2016,OAK,CA,AWP,WE,Towers with Radar,301,61,39,0,401,0,1,74,0,75,301,62,113,0,476,262,0,262,738
01/03/2016,OAK,CA,AWP,WE,Towers with Radar,314,80,66,0,460,0,0,48,2,50,314,80,114,2,510,180,38,218,728
01/04/2016,OAK,CA,AWP,WE,Towers with Radar,319,61,61,0,441,0,3,13,4,20,319,64,74,4,461,176,30,206,667
01/05/2016,OAK,CA,AWP,WE,Towers with Radar,365,62,60,0,487,0,5,6,2,13,365,67,66,2,500,30,18,48,548
01/06/2016,OAK,CA,AWP,WE,Towers with Radar,353,77,37,0,467,0,2,4,4,10,353,79,41,4,477,20,54,74,551
01/07/2016,OAK,CA,AWP,WE,Towers with Radar,356,67,52,0,475,0,5,29,6,40,356,72,81,6,515,164,0,164,679
01/08/2016,OAK,CA,AWP,WE,Towers with Radar,339,73,44,0,456,0,9,31,4,44,339,82,75,4,500,164,52,216,716
01/09/2016,OAK,CA,AWP,WE,Towers with Radar,239,37,40,0,316,0,6,12,0,18,239,43,52,0,334,164,0,164,498
01/10/2016,OAK,CA,AWP,WE,Towers with Radar,265,63,84,0,412,0,4,44,0,48,265,67,128,0,460,194,2,196,656
01/11/2016,OAK,CA,AWP,WE,Towers with Radar,305,68,62,0,435,0,7,22,1,30,305,75,84,1,465,70,0,70,535
01/12/2016,OAK,CA,AWP,WE,Towers with Radar,343,60,73,0,476,0,7,63,6,76,343,67,136,6,552,256,30,286,838
01/13/2016,OAK,CA,AWP,WE,Towers with Radar,348,63,74,0,485,0,7,20,2,29,348,70,94,2,514,120,0,120,634
01/14/2016,OAK,CA,AWP,WE,Towers with Radar,354,73,72,0,499,0,3,36,2,41,354,76,108,2,540,38,12,50,590
01/15/2016,OAK,CA,AWP,WE,Towers with Radar,335,71,57,2,465,0,5,100,4,109,335,76,157,6,574,160,0,160,734
01/16/2016,OAK,CA,AWP,WE,Towers with Radar,238,45,35,0,318,0,0,2,0,2,238,45,37,0,320,24,0,24,344
01/17/2016,OAK,CA,AWP,WE,Towers with Radar,252,33,31,0,316,0,0,2,2,4,252,33,33,2,320,36,0,36,356
01/18/2016,OAK,CA,AWP,WE,Towers with Radar,308,76,60,0,444,0,4,39,2,45,308,80,99,2,489,140,16,156,645
01/19/2016,OAK,CA,AWP,WE,Towers with Radar,345,80,54,0,479,0,2,10,0,12,345,82,64,0,491,10,0,10,501
01/20/2016,OAK,CA,AWP,WE,Towers with Radar,350,75,49,0,474,0,4,39,0,43,350,79,88,0,517,26,0,26,543
01/21/2016,OAK,CA,AWP,WE,Towers with Radar,342,76,63,0,481,0,9,57,8,74,342,85,120,8,555,132,28,160,715
01/22/2016,OAK,CA,AWP,WE,Towers with Radar,328,72,49,0,449,0,4,5,4,13,328,76,54,4,462,40,20,60,522
01/23/2016,OAK,CA,AWP,WE,Towers with Radar,237,42,33,0,312,0,0,17,1,18,237,42,50,1,330,52,0,52,382
01/24/2016,OAK,CA,AWP,WE,Towers with Radar,267,53,41,0,361,0,3,93,0,96,267,56,134,0,457,156,0,156,613
01/25/2016,OAK,CA,AWP,WE,Towers with Radar,303,59,61,0,423,0,6,53,3,62,303,65,114,3,485,162,16,178,663
01/26/2016,OAK,CA,AWP,WE,Towers with Radar,342,65,46,0,453,0,12,66,2,80,342,77,112,2,533,110,12,122,655
01/27/2016,OAK,CA,AWP,WE,Towers with Radar,343,84,56,4,487,0,8,68,9,85,343,92,124,13,572,188,20,208,780
01/28/2016,OAK,CA,AWP,WE,Towers with Radar,349,73,62,0,484,0,9,52,2,63,349,82,114,2,547,184,12,196,743
01/29/2016,OAK,CA,AWP,WE,Towers with Radar,335,77,57,0,469,0,0,5,4,9,335,77,62,4,478,48,0,48,526
01/30/2016,OAK,CA,AWP,WE,Towers with Radar,235,39,23,0,297,0,4,89,0,93,235,43,112,0,390,146,0,146,536
01/31/2016,OAK,CA,AWP,WE,Towers with Radar,260,42,41,0,343,0,7,44,1,52,260,49,85,1,395,146,0,146,541
02/01/2016,OAK,CA,AWP,WE,Towers with Radar,302,48,38,0,388,0,7,55,4,66,302,55,93,4,454,52,0,52,506
02/02/2016,OAK,CA,AWP,WE,Towers with Radar,335,66,50,0,451,0,10,24,2,36,335,76,74,2,487,136,8,144,631
02/03/2016,OAK,CA,AWP,WE,Towers with Radar,334,72,79,1,486,0,16,65,4,85,334,88,144,5,571,168,0,168,739
02/04/2016,OAK,CA,AWP,WE,Towers with Radar,354,107,94,1,556,0,8,49,3,60,354,115,143,4,616,8,0,8,624
02/05/2016,OAK,CA,AWP,WE,Towers with Radar,350,126,105,0,581,0,3,46,3,52,350,129,151,3,633,0,0,0,633
02/06/2016,OAK,CA,AWP,WE,Towers with Radar,239,114,70,0,423,0,7,34,3,44,239,121,104,3,467,3,0,3,470
02/07/2016,OAK,CA,AWP,WE,Towers with Radar,237,121,96,0,454,0,7,18,0,25,237,128,114,0,479,4,0,4,483
02/08/2016,OAK,CA,AWP,WE,Towers with Radar,321,130,142,0,593,1,11,48,4,64,322,141,190,4,657,20,0,20,677
02/09/2016,OAK,CA,AWP,WE,Towers with Radar,343,71,58,0,472,0,13,107,6,126,343,84,165,6,598,112,0,112,710
02/10/2016,OAK,CA,AWP,WE,Towers with Radar,343,76,50,2,471,0,13,78,3,94,343,89,128,5,565,54,0,54,619
02/11/2016,OAK,CA,AWP,WE,Towers with Radar,352,106,86,0,544,0,5,63,5,73,352,111,149,5,617,60,0,60,677
02/12/2016,OAK,CA,AWP,WE,Towers with Radar,337,92,65,0,494,0,5,86,3,94,337,97,151,3,588,42,0,42,630
02/13/2016,OAK,CA,AWP,WE,Towers with Radar,238,36,41,0,315,0,1,93,0,94,238,37,134,0,409,64,0,64,473
02/14/2016,OAK,CA,AWP,WE,Towers with Radar,250,34,33,0,317,0,4,91,0,95,250,38,124,0,412,212,0,212,624
02/15/2016,OAK,CA,AWP,WE,Towers with Radar,298,54,55,0,407,0,11,75,1,87,298,65,130,1,494,90,0,90,584
02/16/2016,OAK,CA,AWP,WE,Towers with Radar,339,61,61,0,461,0,14,83,4,101,339,75,144,4,562,122,0,122,684
02/17/2016,OAK,CA,AWP,WE,Towers with Radar,349,83,58,0,490,0,4,12,3,19,349,87,70,3,509,14,0,14,523
02/18/2016,OAK,CA,AWP,WE,Towers with Radar,348,78,54,2,482,0,3,29,12,44,348,81,83,14,526,214,0,214,740
02/19/2016,OAK,CA,AWP,WE,Towers with Radar,331,77,75,0,483,0,4,19,0,23,331,81,94,0,506,16,0,16,522
02/20/2016,OAK,CA,AWP,WE,Towers with Radar,239,41,46,0,326,0,4,125,1,130,239,45,171,1,456,118,0,118,574
02/21/2016,OAK,CA,AWP,WE,Towers with Radar,270,60,75,0,405,0,8,140,2,150,270,68,215,2,555,180,0,180,735
02/22/2016,OAK,CA,AWP,WE,Towers with Radar,294,56,37,0,387,0,8,46,2,56,294,64,83,2,443,108,0,108,551
02/23/2016,OAK,CA,AWP,WE,Towers with Radar,336,69,48,2,455,0,6,69,0,75,336,75,117,2,530,92,0,92,622
02/24/2016,OAK,CA,AWP,WE,Towers with Radar,336,65,56,2,459,0,18,73,6,97,336,83,129,8,556,144,0,144,700
02/25/2016,OAK,CA,AWP,WE,Towers with Radar,358,83,56,0,497,0,9,86,7,102,358,92,142,7,599,172,0,172,771
02/26/2016,OAK,CA,AWP,WE,Towers with Radar,330,65,56,1,452,0,5,87,1,93,330,70,143,2,545,92,0,92,637
02/27/2016,OAK,CA,AWP,WE,Towers with Radar,233,36,50,0,319,0,2,118,0,120,233,38,168,0,439,158,0,158,597
02/28/2016,OAK,CA,AWP,WE,Towers with Radar,258,68,58,0,384,0,4,119,1,124,258,72,177,1,508,122,0,122,630
02/29/2016,OAK,CA,AWP,WE,Towers with Radar,294,63,41,0,398,0,13,62,8,83,294,76,103,8,481,76,2,78,559
03/01/2016,OAK,CA,AWP,WE,Towers with Radar,339,71,58,0,468,0,6,78,8,92,339,77,136,8,560,202,16,218,778
03/02/2016,OAK,CA,AWP,WE,Towers with Radar,336,83,66,0,485,0,6,41,8,55,336,89,107,8,540,122,0,122,662
03/03/2016,OAK,CA,AWP,WE,Towers with Radar,352,92,87,0,531,0,1,25,6,32,352,93,112,6,563,18,0,18,581
03/04/2016,OAK,CA,AWP,WE,Towers with Radar,330,73,70,2,475,0,1,4,0,5,330,74,74,2,480,0,0,0,480
03/05/2016,OAK,CA,AWP,WE,Towers with Radar,253,35,35,0,323,0,1,4,0,5,253,36,39,0,328,0,0,0,328
03/06/2016,OAK,CA,AWP,WE,Towers with Radar,258,44,62,1,365,0,2,18,0,20,258,46,80,1,385,128,0,128,513
03/07/2016,OAK,CA,AWP,WE,Towers with Radar,293,55,50,0,398,0,7,15,5,27,293,62,65,5,425,160,0,160,585
03/08/2016,OAK,CA,AWP,WE,Towers with Radar,348,63,54,0,465,0,10,57,9,76,348,73,111,9,541,126,0,126,667
03/09/2016,OAK,CA,AWP,WE,Towers with Radar,331,81,94,0,506,0,3,7,6,16,331,84,101,6,522,116,10,126,648
03/10/2016,OAK,CA,AWP,WE,Towers with Radar,362,93,70,2,527,0,4,11,2,17,362,97,81,4,544,14,0,14,558
03/11/2016,OAK,CA,AWP,WE,Towers with Radar,343,100,65,0,508,0,6,1,0,7,343,106,66,0,515,0,0,0,515
03/12/2016,OAK,CA,AWP,WE,Towers with Radar,267,39,53,0,359,0,0,13,0,13,267,39,66,0,372,0,0,0,372
03/13/2016,OAK,CA,AWP,WE,Towers with Radar,288,90,59,0,437,0,0,1,0,1,288,90,60,0,438,0,0,0,438
03/14/2016,OAK,CA,AWP,WE,Towers with Radar,307,57,48,0,412,0,9,42,5,56,307,66,90,5,468,66,0,66,534
03/15/2016,OAK,CA,AWP,WE,Towers with Radar,348,62,64,2,476,0,7,94,1,102,348,69,158,3,578,66,0,66,644
03/16/2016,OAK,CA,AWP,WE,Towers with Radar,354,63,53,0,470,0,8,80,2,90,354,71,133,2,560,74,0,74,634
03/17/2016,OAK,CA,AWP,WE,Towers with Radar,363,72,71,0,506,0,5,117,4,126,363,77,188,4,632,98,0,98,730
03/18/2016,OAK,CA,AWP,WE,Towers with Radar,346,78,67,0,491,0,9,63,1,73,346,87,130,1,564,130,4,134,698
03/19/2016,OAK,CA,AWP,WE,Towers with Radar,263,34,57,0,354,0,10,65,0,75,263,44,122,0,429,243,0,243,672
03/20/2016,OAK,CA,AWP,WE,Towers with Radar,285,53,52,0,390,0,2,22,10,34,285,55,74,10,424,80,0,80,504
03/21/2016,OAK,CA,AWP,WE,Towers with Radar,309,83,70,2,464,0,7,12,2,21,309,90,82,4,485,0,0,0,485
03/22/2016,OAK,CA,AWP,WE,Towers with Radar,355,63,52,0,470,0,14,71,4,89,355,77,123,4,559,110,0,110,669
03/23/2016,OAK,CA,AWP,WE,Towers with Radar,350,76,60,0,486,0,9,104,5,118,350,85,164,5,604,148,0,148,752
03/24/2016,OAK,CA,AWP,WE,Towers with Radar,347,82,72,0,501,0,7,79,10,96,347,89,151,10,597,208,0,208,805
03/25/2016,OAK,CA,AWP,WE,Towers with Radar,351,67,57,0,475,0,10,108,2,120,351,77,165,2,595,124,0,124,719
03/26/2016,OAK,CA,AWP,WE,Towers with Radar,265,29,27,0,321,0,2,104,1,107,265,31,131,1,428,102,0,102,530
03/27/2016,OAK,CA,AWP,WE,Towers with Radar,288,56,49,0,393,0,8,57,2,67,288,64,106,2,460,90,2,92,552
03/28/2016,OAK,CA,AWP,WE,Towers with Radar,317,57,55,0,429,0,8,37,2,47,317,65,92,2,476,72,0,72,548
03/29/2016,OAK,CA,AWP,WE,Towers with Radar,358,67,56,2,483,0,11,74,5,90,358,78,130,7,573,22,0,22,595
03/30/2016,OAK,CA,AWP,WE,Towers with Radar,354,53,55,0,462,0,11,81,5,97,354,64,136,5,559,122,0,122,681
03/31/2016,OAK,CA,AWP,WE,Towers with Radar,355,73,56,0,484,0,5,75,1,81,355,78,131,1,565,112,0,112,677
04/01/2016,OAK,CA,AWP,WE,Towers with Radar,354,66,51,0,471,0,8,62,0,70,354,74,113,0,541,202,0,202,743
04/02/2016,OAK,CA,AWP,WE,Towers with Radar,271,37,47,1,356,0,5,83,0,88,271,42,130,1,444,70,0,70,514
04/03/2016,OAK,CA,AWP,WE,Towers with Radar,286,54,44,1,385,0,2,86,0,88,286,56,130,1,473,66,0,66,539
04/04/2016,OAK,CA,AWP,WE,Towers with Radar,303,54,37,2,396,0,7,57,2,66,303,61,94,4,462,134,16,150,612
04/05/2016,OAK,CA,AWP,WE,Towers with Radar,343,69,53,0,465,0,8,96,3,107,343,77,149,3,572,72,0,72,644
04/06/2016,OAK,CA,AWP,WE,Towers with Radar,346,65,55,2,468,0,12,93,4,109,346,77,148,6,577,66,0,66,643
04/07/2016,OAK,CA,AWP,WE,Towers with Radar,358,59,57,0,474,0,10,81,7,98,358,69,138,7,572,60,0,60,632
04/08/2016,OAK,CA,AWP,WE,Towers with Radar,334,59,53,0,446,0,0,12,0,12,334,59,65,0,458,128,0,128,586
04/09/2016,OAK,CA,AWP,WE,Towers with Radar,261,38,32,2,333,0,1,5,0,6,261,39,37,2,339,56,0,56,395
04/10/2016,OAK,CA,AWP,WE,Towers with Radar,285,40,80,0,405,0,2,33,0,35,285,42,113,0,440,96,0,96,536
04/11/2016,OAK,CA,AWP,WE,Towers with Radar,312,57,51,1,421,0,5,30,1,36,312,62,81,2,457,86,0,86,543
04/12/2016,OAK,CA,AWP,WE,Towers with Radar,342,62,41,0,445,0,3,32,2,37,342,65,73,2,482,126,0,126,608
04/13/2016,OAK,CA,AWP,WE,Towers with Radar,362,93,75,0,530,0,8,83,6,97,362,101,158,6,627,22,0,22,649
04/14/2016,OAK,CA,AWP,WE,Towers with Radar,354,73,55,0,482,0,6,46,4,56,354,79,101,4,538,126,0,126,664
04/15/2016,OAK,CA,AWP,WE,Towers with Radar,350,69,45,0,464,0,10,64,6,80,350,79,109,6,544,78,0,78,622
04/16/2016,OAK,CA,AWP,WE,Towers with Radar,257,33,37,2,329,0,5,92,8,105,257,38,129,10,434,50,20,70,504
04/17/2016,OAK,CA,AWP,WE,Towers with Radar,291,56,44,0,391,0,3,101,0,104,291,59,145,0,495,28,0,28,523
04/18/2016,OAK,CA,AWP,WE,Towers with Radar,317,55,49,6,427,0,10,92,4,106,317,65,141,10,533,22,12,34,567
04/19/2016,OAK,CA,AWP,WE,Towers with Radar,344,56,40,0,440,0,12,74,3,89,344,68,114,3,529,60,0,60,589
04/20/2016,OAK,CA,AWP,WE,Towers with Radar,358,45,39,3,445,0,15,72,5,92,358,60,111,8,537,122,0,122,659
04/21/2016,OAK,CA,AWP,WE,Towers with Radar,362,57,74,1,494,0,11,56,11,78,362,68,130,12,572,0,0,0,572
04/22/2016,OAK,CA,AWP,WE,Towers with Radar,343,59,54,0,456,0,6,18,2,26,343,65,72,2,482,0,0,0,482
04/23/2016,OAK,CA,AWP,WE,Towers with Radar,256,42,34,0,332,0,8,104,6,118,256,50,138,6,450,192,0,192,642
04/24/2016,OAK,CA,AWP,WE,Towers with Radar,287,39,57,0,383,0,3,61,2,66,287,42,118,2,449,144,0,144,593
04/25/2016,OAK,CA,AWP,WE,Towers with Radar,314,75,30,0,419,0,3,46,2,51,314,78,76,2,470,70,0,70,540
04/26/2016,OAK,CA,AWP,WE,Towers with Radar,349,68,38,0,455,0,9,73,8,90,349,77,111,8,545,38,0,38,583
04/27/2016,OAK,CA,AWP,WE,Towers with Radar,347,98,52,0,497,0,11,17,1,29,347,109,69,1,526,8,0,8,534
04/28/2016,OAK,CA,AWP,WE,Towers with Radar,362,72,59,0,493,0,8,81,5,94,362,80,140,5,587,92,0,92,679
04/29/2016,OAK,CA,AWP,WE,Towers with Radar,341,48,54,1,444,0,6,79,7,92,341,54,133,8,536,32,0,32,568
04/30/2016,OAK,CA,AWP,WE,Towers with Radar,261,31,20,3,315,0,1,75,2,78,261,32,95,5,393,134,0,134,527
05/01/2016,OAK,CA,AWP,WE,Towers with Radar,287,39,46,2,374,0,3,116,12,131,287,42,162,14,505,62,0,62,567
05/02/2016,OAK,CA,AWP,WE,Towers with Radar,313,52,33,3,401,0,8,52,0,60,313,60,85,3,461,54,0,54,515
05/03/2016,OAK,CA,AWP,WE,Towers with Radar,345,66,53,4,468,0,9,76,4,89,345,75,129,8,557,116,0,116,673
05/04/2016,OAK,CA,AWP,WE,Towers with Radar,355,79,47,0,481,0,3,54,4,61,355,82,101,4,542,62,0,62,604
05/05/2016,OAK,CA,AWP,WE,Towers with Radar,360,76,55,0,491,0,7,38,5,50,360,83,93,5,541,118,0,118,659
05/06/2016,OAK,CA,AWP,WE,Towers with Radar,353,72,65,0,490,0,4,21,5,30,353,76,86,5,520,74,0,74,594
05/07/2016,OAK,CA,AWP,WE,Towers with Radar,270,21,36,0,327,0,0,39,4,43,270,21,75,4,370,224,18,242,612
05/08/2016,OAK,CA,AWP,WE,Towers with Radar,282,43,36,0,361,0,2,101,0,103,282,45,137,0,464,270,0,270,734
05/09/2016,OAK,CA,AWP,WE,Towers with Radar,314,54,61,4,433,0,5,68,0,73,314,59,129,4,506,70,4,74,580
05/10/2016,OAK,CA,AWP,WE,Towers with Radar,348,75,75,0,498,0,3,80,4,87,348,78,155,4,585,146,0,146,731
05/11/2016,OAK,CA,AWP,WE,Towers with Radar,355,78,83,0,516,0,8,79,5,92,355,86,162,5,608,20,0,20,628
05/12/2016,OAK,CA,AWP,WE,Towers with Radar,369,70,77,0,516,0,8,84,19,111,369,78,161,19,627,230,0,230,857
05/13/2016,OAK,CA,AWP,WE,Towers with Radar,347,61,60,1,469,0,3,88,3,94,347,64,148,4,563,220,0,220,783
05/14/2016,OAK,CA,AWP,WE,Towers with Radar,253,28,31,4,316,0,1,73,6,80,253,29,104,10,396,134,0,134,530
05/15/2016,OAK,CA,AWP,WE,Towers with Radar,285,36,61,0,382,0,2,118,0,120,285,38,179,0,502,124,0,124,626
05/16/2016,OAK,CA,AWP,WE,Towers with Radar,321,56,65,0,442,0,9,80,1,90,321,65,145,1,532,28,0,28,560
05/17/2016,OAK,CA,AWP,WE,Towers with Radar,352,55,59,0,466,0,6,81,2,89,352,61,140,2,555,124,0,124,679
05/18/2016,OAK,CA,AWP,WE,Towers with Radar,354,88,58,0,500,0,6,84,9,99,354,94,142,9,599,44,0,44,643
05/19/2016,OAK,CA,AWP,WE,Towers with Radar,372,67,65,0,504,0,8,68,1,77,372,75,133,1,581,22,0,22,603
05/20/2016,OAK,CA,AWP,WE,Towers with Radar,343,78,65,2,488,0,9,29,4,42,343,87,94,6,530,61,4,65,595
05/21/2016,OAK,CA,AWP,WE,Towers with Radar,267,21,38,0,326,0,0,59,7,66,267,21,97,7,392,116,0,116,508
05/22/2016,OAK,CA,AWP,WE,Towers with Radar,284,45,54,1,384,0,5,64,0,69,284,50,118,1,453,24,0,24,477
05/23/2016,OAK,CA,AWP,WE,Towers with Radar,315,58,57,2,432,0,8,55,3,66,315,66,112,5,498,162,0,162,660
05/24/2016,OAK,CA,AWP,WE,Towers with Radar,366,75,62,5,508,0,10,43,4,57,366,85,105,9,565,104,0,104,669
05/25/2016,OAK,CA,AWP,WE,Towers with Radar,358,81,84,1,524,2,4,28,4,38,360,85,112,5,562,42,0,42,604
05/26/2016,OAK,CA,AWP,WE,Towers with Radar,364,88,86,0,538,0,12,71,7,90,364,100,157,7,628,204,0,204,832
05/27/2016,OAK,CA,AWP,WE,Towers with Radar,351,95,59,0,505,0,4,90,9,103,351,99,149,9,608,156,0,156,764
05/28/2016,OAK,CA,AWP,WE,Towers with Radar,261,26,35,0,322,0,3,93,2,98,261,29,128,2,420,96,0,96,516
05/29/2016,OAK,CA,AWP,WE,Towers with Radar,241,27,14,0,282,0,11,66,0,77,241,38,80,0,359,30,0,30,389
05/30/2016,OAK,CA,AWP,WE,Towers with Radar,278,86,93,0,457,0,5,81,4,90,278,91,174,4,547,24,0,24,571
05/31/2016,OAK,CA,AWP,WE,Towers with Radar,324,55,38,0,417,0,4,89,5,98,324,59,127,5,515,82,0,82,597
06/01/2016,OAK,CA,AWP,WE,Towers with Radar,372,66,71,0,509,0,10,69,9,88,372,76,140,9,597,16,0,16,613
06/02/2016,OAK,CA,AWP,WE,Towers with Radar,368,81,105,1,555,0,8,101,4,113,368,89,206,5,668,154,0,154,822
06/03/2016,OAK,CA,AWP,WE,Towers with Radar,361,62,41,1,465,0,16,84,1,101,361,78,125,2,566,118,0,118,684
06/04/2016,OAK,CA,AWP,WE,Towers with Radar,262,35,37,1,335,0,8,81,0,89,262,43,118,1,424,130,0,130,554
06/05/2016,OAK,CA,AWP,WE,Towers with Radar,333,69,84,0,486,0,6,109,1,116,333,75,193,1,602,166,0,166,768
06/06/2016,OAK,CA,AWP,WE,Towers with Radar,360,54,70,3,487,0,6,41,6,53,360,60,111,9,540,96,2,98,638
06/07/2016,OAK,CA,AWP,WE,Towers with Radar,392,82,63,1,538,0,1,31,4,36,392,83,94,5,574,74,0,74,648
06/08/2016,OAK,CA,AWP,WE,Towers with Radar,392,74,63,1,530,0,7,37,5,49,392,81,100,6,579,46,0,46,625
06/09/2016,OAK,CA,AWP,WE,Towers with Radar,394,78,69,0,541,0,6,53,8,67,394,84,122,8,608,228,0,228,836
06/10/2016,OAK,CA,AWP,WE,Towers with Radar,379,66,58,0,503,0,12,65,7,84,379,78,123,7,587,94,12,106,693
06/11/2016,OAK,CA,AWP,WE,Towers with Radar,306,30,27,0,363,0,3,84,4,91,306,33,111,4,454,82,0,82,536
06/12/2016,OAK,CA,AWP,WE,Towers with Radar,338,54,47,0,439,0,5,95,4,104,338,59,142,4,543,134,0,134,677
06/13/2016,OAK,CA,AWP,WE,Towers with Radar,353,96,115,0,564,0,9,75,4,88,353,105,190,4,652,64,0,64,716
06/14/2016,OAK,CA,AWP,WE,Towers with Radar,390,77,60,0,527,0,11,64,2,77,390,88,124,2,604,84,0,84,688
06/15/2016,OAK,CA,AWP,WE,Towers with Radar,385,71,50,0,506,0,5,47,2,54,385,76,97,2,560,26,0,26,586
06/16/2016,OAK,CA,AWP,WE,Towers with Radar,397,63,49,0,509,0,6,52,0,58,397,69,101,0,567,58,0,58,625
06/17/2016,OAK,CA,AWP,WE,Towers with Radar,393,69,50,2,514,0,8,67,6,81,393,77,117,8,595,120,0,120,715
06/18/2016,OAK,CA,AWP,WE,Towers with Radar,300,28,36,4,368,0,9,98,11,118,300,37,134,15,486,38,0,38,524
06/19/2016,OAK,CA,AWP,WE,Towers with Radar,344,95,132,0,571,0,4,108,6,118,344,99,240,6,689,70,0,70,759
06/20/2016,OAK,CA,AWP,WE,Towers with Radar,352,66,73,0,491,0,11,59,3,73,352,77,132,3,564,84,0,84,648
06/21/2016,OAK,CA,AWP,WE,Towers with Radar,387,66,55,1,509,0,9,66,3,78,387,75,121,4,587,82,0,82,669
06/22/2016,OAK,CA,AWP,WE,Towers with Radar,395,59,68,0,522,0,8,51,7,66,395,67,119,7,588,94,0,94,682
06/23/2016,OAK,CA,AWP,WE,Towers with Radar,405,44,70,0,519,0,6,77,5,88,405,50,147,5,607,114,0,114,721
06/24/2016,OAK,CA,AWP,WE,Towers with Radar,390,78,63,0,531,0,4,57,7,68,390,82,120,7,599,6,0,6,605
06/25/2016,OAK,CA,AWP,WE,Towers with Radar,310,24,35,0,369,0,2,101,12,115,310,26,136,12,484,122,0,122,606
06/26/2016,OAK,CA,AWP,WE,Towers with Radar,338,45,53,0,436,1,8,146,2,157,339,53,199,2,593,208,0,208,801
06/27/2016,OAK,CA,AWP,WE,Towers with Radar,348,51,37,0,436,0,12,70,3,85,348,63,107,3,521,62,0,62,583
06/28/2016,OAK,CA,AWP,WE,Towers with Radar,384,60,33,0,477,0,12,74,7,93,384,72,107,7,570,30,0,30,600
06/29/2016,OAK,CA,AWP,WE,Towers with Radar,387,78,68,3,536,0,2,21,4,27,387,80,89,7,563,70,0,70,633
06/30/2016,OAK,CA,AWP,WE,Towers with Radar,391,75,58,1,525,0,18,63,7,88,391,93,121,8,613,148,0,148,761
07/01/2016,OAK,CA,AWP,WE,Towers with Radar,387,77,53,0,517,0,7,61,8,76,387,84,114,8,593,46,0,46,639
07/02/2016,OAK,CA,AWP,WE,Towers with Radar,298,30,33,0,361,0,4,57,8,69,298,34,90,8,430,96,24,120,550
07/03/2016,OAK,CA,AWP,WE,Towers with Radar,272,19,12,0,303,0,5,60,4,69,272,24,72,4,372,72,0,72,444
07/04/2016,OAK,CA,AWP,WE,Towers with Radar,284,29,20,0,333,0,3,27,4,34,284,32,47,4,367,8,0,8,375
07/05/2016,OAK,CA,AWP,WE,Towers with Radar,349,62,49,0,460,0,8,42,2,52,349,70,91,2,512,98,0,98,610
07/06/2016,OAK,CA,AWP,WE,Towers with Radar,395,64,60,0,519,0,3,37,8,48,395,67,97,8,567,83,0,83,650
07/07/2016,OAK,CA,AWP,WE,Towers with Radar,405,71,58,0,534,0,4,8,5,17,405,75,66,5,551,32,0,32,583
07/08/2016,OAK,CA,AWP,WE,Towers with Radar,376,77,45,0,498,0,6,34,2,42,376,83,79,2,540,48,6,54,594
07/09/2016,OAK,CA,AWP,WE,Towers with Radar,302,30,34,0,366,0,4,53,0,57,302,34,87,0,423,232,0,232,655
07/10/2016,OAK,CA,AWP,WE,Towers with Radar,328,53,45,0,426,0,6,109,3,118,328,59,154,3,544,144,0,144,688
07/11/2016,OAK,CA,AWP,WE,Towers with Radar,342,60,37,0,439,0,8,42,3,53,342,68,79,3,492,76,0,76,568
07/12/2016,OAK,CA,AWP,WE,Towers with Radar,397,61,35,0,493,0,11,53,0,64,397,72,88,0,557,76,0,76,633
07/13/2016,OAK,CA,AWP,WE,Towers with Radar,400,69,52,0,521,0,5,78,7,90,400,74,130,7,611,77,8,85,696
07/14/2016,OAK,CA,AWP,WE,Towers with Radar,409,74,55,10,548,0,6,67,2,75,409,80,122,12,623,140,0,140,763
07/15/2016,OAK,CA,AWP,WE,Towers with Radar,390,57,55,0,502,0,2,87,5,94,390,59,142,5,596,72,0,72,668
07/16/2016,OAK,CA,AWP,WE,Towers with Radar,298,27,35,0,360,0,3,54,6,63,298,30,89,6,423,26,0,26,449
07/17/2016,OAK,CA,AWP,WE,Towers with Radar,329,53,62,2,446,0,1,30,0,31,329,54,92,2,477,26,0,26,503
07/18/2016,OAK,CA,AWP,WE,Towers with Radar,336,62,58,0,456,0,2,32,0,34,336,64,90,0,490,12,0,12,502
07/19/2016,OAK,CA,AWP,WE,Towers with Radar,396,64,72,0,532,0,3,56,0,59,396,67,128,0,591,6,0,6,597
07/20/2016,OAK,CA,AWP,WE,Towers with Radar,339,59,61,0,459,0,8,61,2,71,339,67,122,2,530,122,0,122,652
07/21/2016,OAK,CA,AWP,WE,Towers with Radar,343,57,66,0,466,0,7,63,4,74,343,64,129,4,540,66,0,66,606
07/22/2016,OAK,CA,AWP,WE,Towers with Radar,355,58,37,0,450,0,7,70,6,83,355,65,107,6,533,76,0,76,609
07/23/2016,OAK,CA,AWP,WE,Towers with Radar,293,19,42,0,354,0,2,70,8,80,293,21,112,8,434,144,0,144,578
07/24/2016,OAK,CA,AWP,WE,Towers with Radar,335,49,57,0,441,0,3,103,1,107,335,52,160,1,548,94,2,96,644
07/25/2016,OAK,CA,AWP,WE,Towers with Radar,343,62,40,0,445,0,11,48,0,59,343,73,88,0,504,50,0,50,554
07/26/2016,OAK,CA,AWP,WE,Towers with Radar,389,69,54,0,512,0,11,52,2,65,389,80,106,2,577,50,0,50,627
07/27/2016,OAK,CA,AWP,WE,Towers with Radar,382,67,63,1,513,0,6,74,1,81,382,73,137,2,594,94,0,94,688
07/28/2016,OAK,CA,AWP,WE,Towers with Radar,394,67,65,0,526,0,9,61,7,77,394,76,126,7,603,70,0,70,673
07/29/2016,OAK,CA,AWP,WE,Towers with Radar,386,59,65,1,511,0,7,78,2,87,386,66,143,3,598,130,0,130,728
07/30/2016,OAK,CA,AWP,WE,Towers with Radar,290,35,29,0,354,0,7,71,6,84,290,42,100,6,438,106,0,106,544
07/31/2016,OAK,CA,AWP,WE,Towers with Radar,333,59,51,0,443,0,3,65,4,72,333,62,116,4,515,130,0,130,645
08/01/2016,OAK,CA,AWP,WE,Towers with Radar,346,52,47,0,445,0,8,28,0,36,346,60,75,0,481,18,0,18,499
08/02/2016,OAK,CA,AWP,WE,Towers with Radar,386,58,53,1,498,0,5,32,0,37,386,63,85,1,535,20,1,21,556
08/03/2016,OAK,CA,AWP,WE,Towers with Radar,389,77,51,0,517,0,5,47,4,56,389,82,98,4,573,130,0,130,703
08/04/2016,OAK,CA,AWP,WE,Towers with Radar,401,84,84,1,570,0,2,14,7,23,401,86,98,8,593,32,0,32,625
08/05/2016,OAK,CA,AWP,WE,Towers with Radar,380,64,80,0,524,0,9,27,3,39,380,73,107,3,563,78,0,78,641
08/06/2016,OAK,CA,AWP,WE,Towers with Radar,294,34,37,0,365,0,4,51,8,63,294,38,88,8,428,38,4,42,470
08/07/2016,OAK,CA,AWP,WE,Towers with Radar,323,65,44,1,433,0,4,45,0,49,323,69,89,1,482,14,0,14,496
08/08/2016,OAK,CA,AWP,WE,Towers with Radar,336,68,45,0,449,0,3,36,3,42,336,71,81,3,491,72,0,72,563
08/09/2016,OAK,CA,AWP,WE,Towers with Radar,373,61,48,2,484,0,8,68,4,80,373,69,116,6,564,144,0,144,708
08/10/2016,OAK,CA,AWP,WE,Towers with Radar,378,62,57,0,497,0,6,65,3,74,378,68,122,3,571,84,0,84,655
08/11/2016,OAK,CA,AWP,WE,Towers with Radar,400,59,57,0,516,0,5,29,6,40,400,64,86,6,556,0,0,0,556
08/12/2016,OAK,CA,AWP,WE,Towers with Radar,365,69,44,0,478,0,5,57,6,68,365,74,101,6,546,70,0,70,616
08/13/2016,OAK,CA,AWP,WE,Towers with Radar,284,22,27,0,333,0,2,66,7,75,284,24,93,7,408,110,0,110,518
08/14/2016,OAK,CA,AWP,WE,Towers with Radar,322,40,58,1,421,0,1,95,1,97,322,41,153,2,518,26,6,32,550
08/15/2016,OAK,CA,AWP,WE,Towers with Radar,339,55,39,4,437,0,9,45,1,55,339,64,84,5,492,96,12,108,600
08/16/2016,OAK,CA,AWP,WE,Towers with Radar,393,63,61,0,517,0,4,42,3,49,393,67,103,3,566,116,0,116,682
08/17/2016,OAK,CA,AWP,WE,Towers with Radar,387,70,46,0,503,0,7,53,4,64,387,77,99,4,567,202,0,202,769
08/18/2016,OAK,CA,AWP,WE,Towers with Radar,393,79,56,1,529,0,6,70,7,83,393,85,126,8,612,134,70,204,816
08/19/2016,OAK,CA,AWP,WE,Towers with Radar,370,78,62,0,510,0,8,64,6,78,370,86,126,6,588,104,0,104,692
08/20/2016,OAK,CA,AWP,WE,Towers with Radar,279,45,37,0,361,0,3,69,4,76,279,48,106,4,437,154,2,156,593
08/21/2016,OAK,CA,AWP,WE,Towers with Radar,313,65,56,0,434,0,2,105,0,107,313,67,161,0,541,40,0,40,581
08/22/2016,OAK,CA,AWP,WE,Towers with Radar,339,78,58,2,477,0,5,53,0,58,339,83,111,2,535,18,0,18,553
08/23/2016,OAK,CA,AWP,WE,Towers with Radar,381,80,62,0,523,0,7,44,6,57,381,87,106,6,580,82,0,82,662
08/24/2016,OAK,CA,AWP,WE,Towers with Radar,379,77,45,0,501,0,2,40,7,49,379,79,85,7,550,66,0,66,616
08/25/2016,OAK,CA,AWP,WE,Towers with Radar,386,74,61,1,522,0,14,35,14,63,386,88,96,15,585,144,0,144,729
08/26/2016,OAK,CA,AWP,WE,Towers with Radar,370,75,60,0,505,0,5,73,10,88,370,80,133,10,593,118,0,118,711
08/27/2016,OAK,CA,AWP,WE,Towers with Radar,273,35,37,0,345,0,3,67,6,76,273,38,104,6,421,164,0,164,585
08/28/2016,OAK,CA,AWP,WE,Towers with Radar,305,57,45,0,407,0,2,126,1,129,305,59,171,1,536,94,0,94,630
08/29/2016,OAK,CA,AWP,WE,Towers with Radar,333,65,51,0,449,0,2,73,2,77,333,67,124,2,526,90,2,92,618
08/30/2016,OAK,CA,AWP,WE,Towers with Radar,369,81,46,0,496,0,6,62,3,71,369,87,108,3,567,32,0,32,599
08/31/2016,OAK,CA,AWP,WE,Towers with Radar,374,77,58,4,513,0,6,42,2,50,374,83,100,6,563,40,0,40,603
09/01/2016,OAK,CA,AWP,WE,Towers with Radar,378,85,81,0,544,0,6,19,4,29,378,91,100,4,573,40,0,40,613
09/02/2016,OAK,CA,AWP,WE,Towers with Radar,366,88,32,0,486,0,13,71,0,84,366,101,103,0,570,94,0,94,664
09/03/2016,OAK,CA,AWP,WE,Towers with Radar,244,37,34,0,315,0,9,27,4,40,244,46,61,4,355,20,0,20,375
09/04/2016,OAK,CA,AWP,WE,Towers with Radar,245,32,34,0,311,0,0,54,0,54,245,32,88,0,365,32,0,32,397
09/05/2016,OAK,CA,AWP,WE,Towers with Radar,291,85,39,1,416,0,8,92,0,100,291,93,131,1,516,18,0,18,534
09/06/2016,OAK,CA,AWP,WE,Towers with Radar,340,61,45,0,446,0,8,55,4,67,340,69,100,4,513,56,0,56,569
09/07/2016,OAK,CA,AWP,WE,Towers with Radar,392,68,50,1,511,0,6,73,11,90,392,74,123,12,601,180,46,226,827
09/08/2016,OAK,CA,AWP,WE,Towers with Radar,387,73,48,0,508,0,2,61,6,69,387,75,109,6,577,68,1,69,646
09/09/2016,OAK,CA,AWP,WE,Towers with Radar,372,71,72,0,515,0,6,55,0,61,372,77,127,0,576,76,0,76,652
09/10/2016,OAK,CA,AWP,WE,Towers with Radar,272,29,48,0,349,0,1,60,0,61,272,30,108,0,410,14,0,14,424
09/11/2016,OAK,CA,AWP,WE,Towers with Radar,324,43,68,0,435,0,3,68,1,72,324,46,136,1,507,48,0,48,555
09/12/2016,OAK,CA,AWP,WE,Towers with Radar,346,68,42,0,456,0,7,30,0,37,346,75,72,0,493,18,0,18,511
09/13/2016,OAK,CA,AWP,WE,Towers with Radar,377,71,67,2,517,0,6,39,4,49,377,77,106,6,566,112,0,112,678
09/14/2016,OAK,CA,AWP,WE,Towers with Radar,372,70,41,0,483,0,7,61,7,75,372,77,102,7,558,142,0,142,700
09/15/2016,OAK,CA,AWP,WE,Towers with Radar,379,69,38,0,486,0,7,33,6,46,379,76,71,6,532,56,0,56,588
09/16/2016,OAK,CA,AWP,WE,Towers with Radar,368,83,44,0,495,0,3,55,4,62,368,86,99,4,557,56,0,56,613
09/17/2016,OAK,CA,AWP,WE,Towers with Radar,276,49,27,0,352,0,2,61,0,63,276,51,88,0,415,146,0,146,561
09/18/2016,OAK,CA,AWP,WE,Towers with Radar,312,57,63,0,432,0,3,105,0,108,312,60,168,0,540,50,0,50,590
09/19/2016,OAK,CA,AWP,WE,Towers with Radar,339,48,50,1,438,0,10,69,1,80,339,58,119,2,518,68,0,68,586
09/20/2016,OAK,CA,AWP,WE,Towers with Radar,363,66,52,0,481,0,8,46,1,55,363,74,98,1,536,58,0,58,594
09/21/2016,OAK,CA,AWP,WE,Towers with Radar,368,58,48,2,476,0,11,64,4,79,368,69,112,6,555,214,0,214,769
09/22/2016,OAK,CA,AWP,WE,Towers with Radar,374,73,47,2,496,0,10,63,4,77,374,83,110,6,573,112,16,128,701
09/23/2016,OAK,CA,AWP,WE,Towers with Radar,370,48,51,1,470,0,9,69,3,81,370,57,120,4,551,150,0,150,701
09/24/2016,OAK,CA,AWP,WE,Towers with Radar,272,26,24,0,322,0,2,71,6,79,272,28,95,6,401,60,0,60,461
09/25/2016,OAK,CA,AWP,WE,Towers with Radar,328,54,45,1,428,0,4,72,0,76,328,58,117,1,504,8,0,8,512
09/26/2016,OAK,CA,AWP,WE,Towers with Radar,340,52,32,0,424,0,10,79,1,90,340,62,111,1,514,48,0,48,562
09/27/2016,OAK,CA,AWP,WE,Towers with Radar,373,65,58,0,496,0,9,51,4,64,373,74,109,4,560,52,0,52,612
09/28/2016,OAK,CA,AWP,WE,Towers with Radar,372,70,60,0,502,0,5,63,0,68,372,75,123,0,570,174,0,174,744
09/29/2016,OAK,CA,AWP,WE,Towers with Radar,382,69,54,1,506,0,4,29,4,37,382,73,83,5,543,56,0,56,599
09/30/2016,OAK,CA,AWP,WE,Towers with Radar,372,74,62,0,508,0,5,55,4,64,372,79,117,4,572,36,0,36,608
10/01/2016,OAK,CA,AWP,WE,Towers with Radar,277,29,53,0,359,0,3,97,0,100,277,32,150,0,459,114,0,114,573
10/02/2016,OAK,CA,AWP,WE,Towers with Radar,318,44,75,7,444,0,2,32,6,40,318,46,107,13,484,54,4,58,542
10/03/2016,OAK,CA,AWP,WE,Towers with Radar,339,64,43,6,452,0,7,17,0,24,339,71,60,6,476,42,2,44,520
10/04/2016,OAK,CA,AWP,WE,Towers with Radar,378,78,67,0,523,0,7,51,1,59,378,85,118,1,582,124,0,124,706
10/05/2016,OAK,CA,AWP,WE,Towers with Radar,384,56,68,0,508,0,7,68,7,82,384,63,136,7,590,85,0,85,675
10/06/2016,OAK,CA,AWP,WE,Towers with Radar,385,75,55,4,519,0,10,82,30,122,385,85,137,34,641,116,4,120,761
10/07/2016,OAK,CA,AWP,WE,Towers with Radar,370,83,52,3,508,0,6,72,26,104,370,89,124,29,612,40,14,54,666
10/08/2016,OAK,CA,AWP,WE,Towers with Radar,273,26,34,0,333,0,1,104,21,126,273,27,138,21,459,98,0,98,557
10/09/2016,OAK,CA,AWP,WE,Towers with Radar,321,51,66,1,439,0,4,72,14,90,321,55,138,15,529,38,18,56,585
10/10/2016,OAK,CA,AWP,WE,Towers with Radar,344,53,66,5,468,0,8,74,6,88,344,61,140,11,556,68,0,68,624
10/11/2016,OAK,CA,AWP,WE,Towers with Radar,373,63,58,2,496,0,5,44,3,52,373,68,102,5,548,82,0,82,630
10/12/2016,OAK,CA,AWP,WE,Towers with Radar,388,64,58,1,511,0,7,27,4,38,388,71,85,5,549,14,0,14,563
10/13/2016,OAK,CA,AWP,WE,Towers with Radar,386,64,67,0,517,0,8,39,3,50,386,72,106,3,567,208,0,208,775
10/14/2016,OAK,CA,AWP,WE,Towers with Radar,376,117,63,1,557,0,5,6,1,12,376,122,69,2,569,4,0,4,573
10/15/2016,OAK,CA,AWP,WE,Towers with Radar,278,25,19,0,322,0,4,20,0,24,278,29,39,0,346,46,2,48,394
10/16/2016,OAK,CA,AWP,WE,Towers with Radar,317,60,89,2,468,0,0,2,2,4,317,60,91,4,472,0,0,0,472
10/17/2016,OAK,CA,AWP,WE,Towers with Radar,345,62,49,0,456,0,10,42,2,54,345,72,91,2,510,106,0,106,616
10/18/2016,OAK,CA,AWP,WE,Towers with Radar,379,56,54,1,490,0,16,44,2,62,379,72,98,3,552,88,0,88,640
10/19/2016,OAK,CA,AWP,WE,Towers with Radar,385,66,60,4,515,0,7,70,6,83,385,73,130,10,598,74,0,74,672
10/20/2016,OAK,CA,AWP,WE,Towers with Radar,389,64,75,0,528,0,4,78,4,86,389,68,153,4,614,118,0,118,732
10/21/2016,OAK,CA,AWP,WE,Towers with Radar,373,73,60,0,506,0,11,77,6,94,373,84,137,6,600,86,0,86,686
10/22/2016,OAK,CA,AWP,WE,Towers with Radar,275,20,39,0,334,0,5,73,1,79,275,25,112,1,413,176,0,176,589
10/23/2016,OAK,CA,AWP,WE,Towers with Radar,321,54,55,1,431,0,5,83,0,88,321,59,138,1,519,36,0,36,555
10/24/2016,OAK,CA,AWP,WE,Towers with Radar,357,69,51,3,480,0,14,12,2,28,357,83,63,5,508,6,0,6,514
10/25/2016,OAK,CA,AWP,WE,Towers with Radar,387,100,85,3,575,0,16,19,6,41,387,116,104,9,616,0,0,0,616
10/26/2016,OAK,CA,AWP,WE,Towers with Radar,384,78,78,0,540,0,8,76,6,90,384,86,154,6,630,160,0,160,790
10/27/2016,OAK,CA,AWP,WE,Towers with Radar,389,69,80,1,539,0,2,13,2,17,389,71,93,3,556,20,0,20,576
10/28/2016,OAK,CA,AWP,WE,Towers with Radar,376,78,72,0,526,0,0,9,8,17,376,78,81,8,543,26,0,26,569
10/29/2016,OAK,CA,AWP,WE,Towers with Radar,280,28,46,0,354,0,6,45,1,52,280,34,91,1,406,250,0,250,656
10/30/2016,OAK,CA,AWP,WE,Towers with Radar,327,39,41,0,407,0,2,11,0,13,327,41,52,0,420,28,0,28,448
10/31/2016,OAK,CA,AWP,WE,Towers with Radar,303,59,43,0,405,0,0,16,5,21,303,59,59,5,426,28,0,28,454
11/01/2016,OAK,CA,AWP,WE,Towers with Radar,373,63,44,1,481,0,7,46,0,53,373,70,90,1,534,93,2,95,629
11/02/2016,OAK,CA,AWP,WE,Towers with Radar,386,60,60,0,506,0,8,101,2,111,386,68,161,2,617,34,0,34,651
11/03/2016,OAK,CA,AWP,WE,Towers with Radar,385,83,79,0,547,0,8,71,8,87,385,91,150,8,634,84,4,88,722
11/04/2016,OAK,CA,AWP,WE,Towers with Radar,372,71,53,1,497,0,10,66,8,84,372,81,119,9,581,86,4,90,671
11/05/2016,OAK,CA,AWP,WE,Towers with Radar,282,19,34,2,337,0,4,100,1,105,282,23,134,3,442,84,0,84,526
11/06/2016,OAK,CA,AWP,WE,Towers with Radar,318,46,97,0,461,0,4,45,4,53,318,50,142,4,514,88,0,88,602
11/07/2016,OAK,CA,AWP,WE,Towers with Radar,333,45,47,0,425,0,8,69,4,81,333,53,116,4,506,60,0,60,566
11/08/2016,OAK,CA,AWP,WE,Towers with Radar,318,55,60,0,433,0,6,70,10,86,318,61,130,10,519,68,0,68,587
11/09/2016,OAK,CA,AWP,WE,Towers with Radar,373,75,55,0,503,0,7,87,13,107,373,82,142,13,610,118,0,118,728
11/10/2016,OAK,CA,AWP,WE,Towers with Radar,378,68,51,0,497,0,10,65,7,82,378,78,116,7,579,76,22,98,677
11/11/2016,OAK,CA,AWP,WE,Towers with Radar,360,55,44,0,459,0,8,81,6,95,360,63,125,6,554,130,0,130,684
11/12/2016,OAK,CA,AWP,WE,Towers with Radar,261,33,27,1,322,0,1,59,0,60,261,34,86,1,382,122,0,122,504
11/13/2016,OAK,CA,AWP,WE,Towers with Radar,316,46,57,0,419,0,2,73,5,80,316,48,130,5,499,64,0,64,563
11/14/2016,OAK,CA,AWP,WE,Towers with Radar,329,69,57,1,456,0,3,15,1,19,329,72,72,2,475,46,0,46,521
11/15/2016,OAK,CA,AWP,WE,Towers with Radar,368,69,78,0,515,0,1,3,2,6,368,70,81,2,521,8,0,8,529
11/16/2016,OAK,CA,AWP,WE,Towers with Radar,371,65,45,0,481,0,6,53,4,63,371,71,98,4,544,152,18,170,714
11/17/2016,OAK,CA,AWP,WE,Towers with Radar,371,68,43,1,483,0,7,72,6,85,371,75,115,7,568,18,4,22,590
11/18/2016,OAK,CA,AWP,WE,Towers with Radar,355,61,55,0,471,0,8,59,6,73,355,69,114,6,544,116,3,119,663
11/19/2016,OAK,CA,AWP,WE,Towers with Radar,305,45,47,1,398,0,1,4,0,5,305,46,51,1,403,0,0,0,403
11/20/2016,OAK,CA,AWP,WE,Towers with Radar,309,49,53,0,411,0,1,11,0,12,309,50,64,0,423,2,0,2,425
11/21/2016,OAK,CA,AWP,WE,Towers with Radar,332,61,67,0,460,0,4,40,0,44,332,65,107,0,504,56,0,56,560
11/22/2016,OAK,CA,AWP,WE,Towers with Radar,395,87,65,2,549,0,13,57,6,76,395,100,122,8,625,144,14,158,783
11/23/2016,OAK,CA,AWP,WE,Towers with Radar,394,80,71,0,545,0,11,51,5,67,394,91,122,5,612,192,26,218,830
11/24/2016,OAK,CA,AWP,WE,Towers with Radar,234,11,12,0,257,0,1,27,3,31,234,12,39,3,288,18,0,18,306
11/25/2016,OAK,CA,AWP,WE,Towers with Radar,309,35,20,0,364,0,8,40,0,48,309,43,60,0,412,30,0,30,442
11/26/2016,OAK,CA,AWP,WE,Towers with Radar,317,47,43,0,407,0,3,4,0,7,317,50,47,0,414,4,0,4,418
11/27/2016,OAK,CA,AWP,WE,Towers with Radar,359,80,74,0,513,0,5,76,1,82,359,85,150,1,595,36,0,36,631
11/28/2016,OAK,CA,AWP,WE,Towers with Radar,365,70,42,0,477,0,9,9,0,18,365,79,51,0,495,2,0,2,497
11/29/2016,OAK,CA,AWP,WE,Towers with Radar,410,46,40,0,496,0,9,73,1,83,410,55,113,1,579,114,15,129,708
11/30/2016,OAK,CA,AWP,WE,Towers with Radar,399,59,45,0,503,0,3,21,4,28,399,62,66,4,531,61,0,61,592
12/01/2016,OAK,CA,AWP,WE,Towers with Radar,408,59,47,0,514,0,5,61,5,71,408,64,108,5,585,122,0,122,707
12/02/2016,OAK,CA,AWP,WE,Towers with Radar,385,64,56,0,505,0,12,51,12,75,385,76,107,12,580,70,0,70,650
12/03/2016,OAK,CA,AWP,WE,Towers with Radar,275,32,30,1,338,0,6,85,0,91,275,38,115,1,429,127,0,127,556
12/04/2016,OAK,CA,AWP,WE,Towers with Radar,320,45,62,1,428,0,5,89,1,95,320,50,151,2,523,38,0,38,561
12/05/2016,OAK,CA,AWP,WE,Towers with Radar,324,71,61,2,458,0,4,28,1,33,324,75,89,3,491,40,26,66,557
12/06/2016,OAK,CA,AWP,WE,Towers with Radar,396,45,61,0,502,0,7,58,2,67,396,52,119,2,569,62,0,62,631
12/07/2016,OAK,CA,AWP,WE,Towers with Radar,399,71,60,0,530,0,3,32,3,38,399,74,92,3,568,78,24,102,670
12/08/2016,OAK,CA,AWP,WE,Towers with Radar,398,106,60,0,564,0,0,3,2,5,398,106,63,2,569,2,20,22,591
12/09/2016,OAK,CA,AWP,WE,Towers with Radar,370,77,53,0,500,0,2,22,12,36,370,79,75,12,536,66,6,72,608
12/10/2016,OAK,CA,AWP,WE,Towers with Radar,280,31,34,0,345,0,4,0,0,4,280,35,34,0,349,8,0,8,357
12/11/2016,OAK,CA,AWP,WE,Towers with Radar,319,39,35,0,393,0,1,51,0,52,319,40,86,0,445,102,0,102,547
12/12/2016,OAK,CA,AWP,WE,Towers with Radar,331,43,37,0,411,0,6,72,1,79,331,49,109,1,490,162,10,172,662
12/13/2016,OAK,CA,AWP,WE,Towers with Radar,412,52,57,0,521,0,10,24,2,36,412,62,81,2,557,56,0,56,613
12/14/2016,OAK,CA,AWP,WE,Towers with Radar,409,71,52,0,532,0,6,5,0,11,409,77,57,0,543,20,0,20,563
12/15/2016,OAK,CA,AWP,WE,Towers with Radar,435,81,78,1,595,0,3,4,0,7,435,84,82,1,602,0,0,0,602
12/16/2016,OAK,CA,AWP,WE,Towers with Radar,386,70,56,1,513,0,11,54,4,69,386,81,110,5,582,106,0,106,688
12/17/2016,OAK,CA,AWP,WE,Towers with Radar,323,54,46,0,423,0,5,90,0,95,323,59,136,0,518,114,0,114,632
12/18/2016,OAK,CA,AWP,WE,Towers with Radar,337,42,57,0,436,0,8,95,2,105,337,50,152,2,541,136,0,136,677
12/19/2016,OAK,CA,AWP,WE,Towers with Radar,365,60,45,0,470,0,16,70,1,87,365,76,115,1,557,18,0,18,575
12/20/2016,OAK,CA,AWP,WE,Towers with Radar,425,49,35,0,509,0,13,65,2,80,425,62,100,2,589,120,0,120,709
12/21/2016,OAK,CA,AWP,WE,Towers with Radar,432,60,25,0,517,0,16,42,4,62,432,76,67,4,579,0,0,0,579
12/22/2016,OAK,CA,AWP,WE,Towers with Radar,454,61,41,0,556,0,14,56,6,76,454,75,97,6,632,92,0,92,724
12/23/2016,OAK,CA,AWP,WE,Towers with Radar,418,83,68,0,569,0,2,4,0,6,418,85,72,0,575,20,0,20,595
12/24/2016,OAK,CA,AWP,WE,Towers with Radar,316,44,23,0,383,0,7,36,0,43,316,51,59,0,426,60,0,60,486
12/25/2016,OAK,CA,AWP,WE,Towers with Radar,250,24,10,0,284,0,1,9,0,10,250,25,19,0,294,0,0,0,294
12/26/2016,OAK,CA,AWP,WE,Towers with Radar,325,89,52,0,466,0,1,39,2,42,325,90,91,2,508,24,0,24,532
12/27/2016,OAK,CA,AWP,WE,Towers with Radar,358,48,40,0,446,0,8,56,8,72,358,56,96,8,518,114,0,114,632
12/28/2016,OAK,CA,AWP,WE,Towers with Radar,424,70,46,0,540,0,11,60,7,78,424,81,106,7,618,42,0,42,660
12/29/2016,OAK,CA,AWP,WE,Towers with Radar,425,65,31,0,521,0,17,86,6,109,425,82,117,6,630,92,0,92,722
12/30/2016,OAK,CA,AWP,WE,Towers with Radar,390,66,36,0,492,0,12,59,2,73,390,78,95,2,565,168,0,168,733
12/31/2016,OAK,CA,AWP,WE,Towers with Radar,250,29,30,0,309,0,0,40,8,48,250,29,70,8,357,120,16,136,493
01/01/2017,OAK,CA,AWP,WE,Towers with Radar,278,37,37,2,354,0,0,42,3,45,278,37,79,5,399,28,0,28,427
01/02/2017,OAK,CA,AWP,WE,Towers with Radar,340,89,74,2,505,0,5,17,2,24,340,94,91,4,529,98,26,124,653
01/03/2017,OAK,CA,AWP,WE,Towers with Radar,356,88,47,0,491,0,2,1,1,4,356,90,48,1,495,0,24,24,519
01/04/2017,OAK,CA,AWP,WE,Towers with Radar,377,92,60,0,529,0,1,8,0,9,377,93,68,0,538,42,0,42,580
01/05/2017,OAK,CA,AWP,WE,Towers with Radar,367,60,33,0,460,0,13,39,3,55,367,73,72,3,515,108,0,108,623
01/06/2017,OAK,CA,AWP,WE,Towers with Radar,362,64,46,0,472,0,5,82,4,91,362,69,128,4,563,140,0,140,703
01/07/2017,OAK,CA,AWP,WE,Towers with Radar,246,45,38,0,329,0,0,2,0,2,246,45,40,0,331,8,0,8,339
01/08/2017,OAK,CA,AWP,WE,Towers with Radar,282,70,112,0,464,0,0,0,1,1,282,70,112,1,465,0,0,0,465
01/09/2017,OAK,CA,AWP,WE,Towers with Radar,323,70,57,0,450,0,1,4,1,6,323,71,61,1,456,0,0,0,456
01/10/2017,OAK,CA,AWP,WE,Towers with Radar,359,70,89,0,518,0,0,1,0,1,359,70,90,0,519,0,0,0,519
01/11/2017,OAK,CA,AWP,WE,Towers with Radar,357,90,90,5,542,0,6,19,6,31,357,96,109,11,573,138,0,138,711
01/12/2017,OAK,CA,AWP,WE,Towers with Radar,367,95,84,2,548,0,2,17,7,26,367,97,101,9,574,90,0,90,664
01/13/2017,OAK,CA,AWP,WE,Towers with Radar,346,91,51,0,488,0,4,82,3,89,346,95,133,3,577,56,20,76,653
01/14/2017,OAK,CA,AWP,WE,Towers with Radar,240,27,34,0,301,0,2,82,4,88,240,29,116,4,389,58,0,58,447
01/15/2017,OAK,CA,AWP,WE,Towers with Radar,277,41,36,1,355,0,4,69,9,82,277,45,105,10,437,63,0,63,500
01/16/2017,OAK,CA,AWP,WE,Towers with Radar,330,94,71,0,495,0,10,91,9,110,330,104,162,9,605,92,16,108,713
01/17/2017,OAK,CA,AWP,WE,Towers with Radar,348,79,50,0,477,0,2,41,5,48,348,81,91,5,525,86,6,92,617
01/18/2017,OAK,CA,AWP,WE,Towers with Radar,364,73,79,1,517,0,5,6,0,11,364,78,85,1,528,28,0,28,556
01/19/2017,OAK,CA,AWP,WE,Towers with Radar,367,75,45,2,489,0,2,14,3,19,367,77,59,5,508,62,0,62,570
01/20/2017,OAK,CA,AWP,WE,Towers with Radar,338,58,40,0,436,0,5,18,10,33,338,63,58,10,469,16,36,52,521
01/21/2017,OAK,CA,AWP,WE,Towers with Radar,246,23,26,0,295,0,6,25,10,41,246,29,51,10,336,30,0,30,366
01/22/2017,OAK,CA,AWP,WE,Towers with Radar,266,37,42,1,346,0,1,4,0,5,266,38,46,1,351,6,0,6,357
01/23/2017,OAK,CA,AWP,WE,Towers with Radar,320,68,57,3,448,0,5,13,2,20,320,73,70,5,468,18,16,34,502
01/24/2017,OAK,CA,AWP,WE,Towers with Radar,347,58,44,0,449,0,11,45,4,60,347,69,89,4,509,142,2,144,653
01/25/2017,OAK,CA,AWP,WE,Towers with Radar,355,75,83,0,513,0,4,57,4,65,355,79,140,4,578,62,6,68,646
01/26/2017,OAK,CA,AWP,WE,Towers with Radar,366,66,54,0,486,0,4,56,8,68,366,70,110,8,554,82,8,90,644
01/27/2017,OAK,CA,AWP,WE,Towers with Radar,346,61,48,1,456,0,17,67,5,89,346,78,115,6,545,84,0,84,629
01/28/2017,OAK,CA,AWP,WE,Towers with Radar,234,33,36,0,303,0,5,109,0,114,234,38,145,0,417,156,0,156,573
01/29/2017,OAK,CA,AWP,WE,Towers with Radar,282,48,51,2,383,0,6,96,2,104,282,54,147,4,487,41,0,41,528
01/30/2017,OAK,CA,AWP,WE,Towers with Radar,326,45,34,1,406,0,15,69,0,84,326,60,103,1,490,18,0,18,508
01/31/2017,OAK,CA,AWP,WE,Towers with Radar,348,61,55,3,467,0,9,62,2,73,348,70,117,5,540,116,18,134,674
02/01/2017,OAK,CA,AWP,WE,Towers with Radar,356,61,47,1,465,0,8,29,2,39,356,69,76,3,504,100,2,102,606
02/02/2017,OAK,CA,AWP,WE,Towers with Radar,366,71,68,0,505,0,8,9,2,19,366,79,77,2,524,20,0,20,544
02/03/2017,OAK,CA,AWP,WE,Towers with Radar,355,81,62,2,500,0,7,8,2,17,355,88,70,4,517,64,4,68,585
02/04/2017,OAK,CA,AWP,WE,Towers with Radar,239,25,36,0,300,0,3,34,1,38,239,28,70,1,338,142,0,142,480
02/05/2017,OAK,CA,AWP,WE,Towers with Radar,235,46,50,0,331,0,2,23,0,25,235,48,73,0,356,20,0,20,376
02/06/2017,OAK,CA,AWP,WE,Towers with Radar,310,74,77,0,461,0,0,3,0,3,310,74,80,0,464,14,0,14,478
02/07/2017,OAK,CA,AWP,WE,Towers with Radar,352,87,62,0,501,0,0,1,0,1,352,87,63,0,502,0,0,0,502
02/08/2017,OAK,CA,AWP,WE,Towers with Radar,360,83,63,0,506,0,1,4,4,9,360,84,67,4,515,20,4,24,539
02/09/2017,OAK,CA,AWP,WE,Towers with Radar,355,91,66,2,514,0,0,3,6,9,355,91,69,8,523,4,4,8,531
02/10/2017,OAK,CA,AWP,WE,Towers with Radar,346,73,46,0,465,0,4,26,4,34,346,77,72,4,499,44,1,45,544
02/11/2017,OAK,CA,AWP,WE,Towers with Radar,241,36,18,0,295,0,0,102,2,104,241,36,120,2,399,128,10,138,537
02/12/2017,OAK,CA,AWP,WE,Towers with Radar,290,43,39,0,372,0,8,117,1,126,290,51,156,1,498,116,0,116,614
02/13/2017,OAK,CA,AWP,WE,Towers with Radar,336,65,56,0,457,0,2,44,0,46,336,67,100,0,503,16,0,16,519
02/14/2017,OAK,CA,AWP,WE,Towers with Radar,338,64,50,0,452,0,18,89,4,111,338,82,139,4,563,82,21,103,666
02/15/2017,OAK,CA,AWP,WE,Towers with Radar,359,56,68,0,483,0,6,83,1,90,359,62,151,1,573,126,1,127,700
02/16/2017,OAK,CA,AWP,WE,Towers with Radar,369,97,55,0,521,0,2,22,10,34,369,99,77,10,555,168,0,168,723
02/17/2017,OAK,CA,AWP,WE,Towers with Radar,326,113,67,0,506,0,1,7,2,10,326,114,74,2,516,2,0,2,518
02/18/2017,OAK,CA,AWP,WE,Towers with Radar,247,59,37,0,343,0,8,12,2,22,247,67,49,2,365,140,0,140,505
02/19/2017,OAK,CA,AWP,WE,Towers with Radar,285,31,38,0,354,0,3,7,2,12,285,34,45,2,366,56,39,95,461
02/20/2017,OAK,CA,AWP,WE,Towers with Radar,349,74,47,0,470,0,0,1,0,1,349,74,48,0,471,34,0,34,505
02/21/2017,OAK,CA,AWP,WE,Towers with Radar,367,95,60,4,526,0,2,15,2,19,367,97,75,6,545,62,2,64,609
02/22/2017,OAK,CA,AWP,WE,Towers with Radar,360,67,69,0,496,0,5,45,6,56,360,72,114,6,552,138,0,138,690
02/23/2017,OAK,CA,AWP,WE,Towers with Radar,366,79,61,0,506,0,8,78,6,92,366,87,139,6,598,158,0,158,756
02/24/2017,OAK,CA,AWP,WE,Towers with Radar,349,81,41,1,472,0,9,78,12,99,349,90,119,13,571,226,0,226,797
02/25/2017,OAK,CA,AWP,WE,Towers with Radar,250,46,51,3,350,0,6,86,2,94,250,52,137,5,444,144,0,144,588
02/26/2017,OAK,CA,AWP,WE,Towers with Radar,285,66,65,0,416,0,2,129,1,132,285,68,194,1,548,90,0,90,638
02/27/2017,OAK,CA,AWP,WE,Towers with Radar,316,60,44,1,421,0,11,63,2,76,316,71,107,3,497,74,0,74,571
02/28/2017,OAK,CA,AWP,WE,Towers with Radar,358,54,53,0,465,0,12,79,4,95,358,66,132,4,560,152,0,152,712
03/01/2017,OAK,CA,AWP,WE,Towers with Radar,360,64,55,0,479,0,3,49,4,56,360,67,104,4,535,98,0,98,633
03/02/2017,OAK,CA,AWP,WE,Towers with Radar,358,59,49,0,466,0,12,74,8,94,358,71,123,8,560,150,0,150,710
03/03/2017,OAK,CA,AWP,WE,Towers with Radar,344,74,51,0,469,0,5,70,6,81,344,79,121,6,550,0,0,0,550
03/04/2017,OAK,CA,AWP,WE,Towers with Radar,251,44,24,1,320,0,2,16,0,18,251,46,40,1,338,38,2,40,378
03/05/2017,OAK,CA,AWP,WE,Towers with Radar,276,54,37,0,367,0,0,25,0,25,276,54,62,0,392,68,0,68,460
03/06/2017,OAK,CA,AWP,WE,Towers with Radar,318,60,50,0,428,0,6,28,3,37,318,66,78,3,465,76,44,120,585
03/07/2017,OAK,CA,AWP,WE,Towers with Radar,355,57,53,0,465,0,10,53,2,65,355,67,106,2,530,56,0,56,586
03/08/2017,OAK,CA,AWP,WE,Towers with Radar,361,80,61,2,504,0,11,81,7,99,361,91,142,9,603,150,0,150,753
03/09/2017,OAK,CA,AWP,WE,Towers with Radar,368,68,70,2,508,0,8,88,7,103,368,76,158,9,611,172,0,172,783
03/10/2017,OAK,CA,AWP,WE,Towers with Radar,349,85,57,0,491,0,11,87,0,98,349,96,144,0,589,168,0,168,757
03/11/2017,OAK,CA,AWP,WE,Towers with Radar,268,21,27,1,317,0,6,141,0,147,268,27,168,1,464,255,0,255,719
03/12/2017,OAK,CA,AWP,WE,Towers with Radar,289,65,58,1,413,0,2,98,0,100,289,67,156,1,513,38,2,40,553
03/13/2017,OAK,CA,AWP,WE,Towers with Radar,330,72,44,0,446,0,9,60,0,69,330,81,104,0,515,46,0,46,561
03/14/2017,OAK,CA,AWP,WE,Towers with Radar,355,63,50,0,468,0,7,82,2,91,355,70,132,2,559,44,0,44,603
03/15/2017,OAK,CA,AWP,WE,Towers with Radar,373,73,68,0,514,0,7,51,6,64,373,80,119,6,578,56,0,56,634
03/16/2017,OAK,CA,AWP,WE,Towers with Radar,374,76,61,1,512,0,5,56,2,63,374,81,117,3,575,128,2,130,705
03/17/2017,OAK,CA,AWP,WE,Towers with Radar,348,57,52,1,458,0,11,81,7,99,348,68,133,8,557,168,0,168,725
03/18/2017,OAK,CA,AWP,WE,Towers with Radar,269,49,46,0,364,0,8,75,0,83,269,57,121,0,447,216,24,240,687
03/19/2017,OAK,CA,AWP,WE,Towers with Radar,300,56,57,0,413,0,3,57,0,60,300,59,114,0,473,76,0,76,549
03/20/2017,OAK,CA,AWP,WE,Towers with Radar,331,72,51,0,454,0,4,27,0,31,331,76,78,0,485,59,0,59,544
03/21/2017,OAK,CA,AWP,WE,Towers with Radar,363,88,51,0,502,0,6,20,0,26,363,94,71,0,528,92,22,114,642
03/22/2017,OAK,CA,AWP,WE,Towers with Radar,374,76,71,0,521,0,6,31,0,37,374,82,102,0,558,96,0,96,654
03/23/2017,OAK,CA,AWP,WE,Towers with Radar,364,75,83,2,524,0,9,77,8,94,364,84,160,10,618,94,0,94,712
03/24/2017,OAK,CA,AWP,WE,Towers with Radar,362,93,74,5,534,0,1,4,1,6,362,94,78,6,540,0,0,0,540
03/25/2017,OAK,CA,AWP,WE,Towers with Radar,268,30,41,0,339,0,7,94,0,101,268,37,135,0,440,160,2,162,602
03/26/2017,OAK,CA,AWP,WE,Towers with Radar,293,50,64,0,407,0,3,38,0,41,293,53,102,0,448,48,0,48,496
03/27/2017,OAK,CA,AWP,WE,Towers with Radar,341,50,50,5,446,0,8,50,8,66,341,58,100,13,512,50,34,84,596
03/28/2017,OAK,CA,AWP,WE,Towers with Radar,366,60,42,2,470,0,6,53,2,61,366,66,95,4,531,134,0,134,665
03/29/2017,OAK,CA,AWP,WE,Towers with Radar,380,71,60,0,511,0,11,70,2,83,380,82,130,2,594,194,0,194,788
03/30/2017,OAK,CA,AWP,WE,Towers with Radar,358,68,51,0,477,0,5,45,6,56,358,73,96,6,533,130,12,142,675
03/31/2017,OAK,CA,AWP,WE,Towers with Radar,362,77,54,0,493,0,10,46,0,56,362,87,100,0,549,92,0,92,641
04/01/2017,OAK,CA,AWP,WE,Towers with Radar,275,37,50,0,362,0,5,106,6,117,275,42,156,6,479,174,0,174,653
04/02/2017,OAK,CA,AWP,WE,Towers with Radar,295,67,71,0,433,0,0,91,2,93,295,67,162,2,526,136,0,136,662
04/03/2017,OAK,CA,AWP,WE,Towers with Radar,329,66,41,0,436,0,10,56,6,72,329,76,97,6,508,124,0,124,632
04/04/2017,OAK,CA,AWP,WE,Towers with Radar,369,64,36,0,469,0,5,68,4,77,369,69,104,4,546,140,28,168,714
04/05/2017,OAK,CA,AWP,WE,Towers with Radar,357,50,56,0,463,0,9,64,2,75,357,59,120,2,538,240,0,240,778
04/06/2017,OAK,CA,AWP,WE,Towers with Radar,366,79,51,0,496,0,5,33,2,40,366,84,84,2,536,48,0,48,584
04/07/2017,OAK,CA,AWP,WE,Towers with Radar,367,76,66,0,509,0,5,5,1,11,367,81,71,1,520,76,0,76,596
04/08/2017,OAK,CA,AWP,WE,Towers with Radar,275,32,40,0,347,0,4,29,2,35,275,36,69,2,382,38,0,38,420
04/09/2017,OAK,CA,AWP,WE,Towers with Radar,297,45,50,0,392,1,6,76,0,83,298,51,126,0,475,71,0,71,546
04/10/2017,OAK,CA,AWP,WE,Towers with Radar,334,60,61,0,455,0,7,66,0,73,334,67,127,0,528,50,0,50,578
04/11/2017,OAK,CA,AWP,WE,Towers with Radar,376,65,35,0,476,0,6,27,2,35,376,71,62,2,511,78,0,78,589
04/12/2017,OAK,CA,AWP,WE,Towers with Radar,372,64,73,3,512,0,8,32,2,42,372,72,105,5,554,25,0,25,579
04/13/2017,OAK,CA,AWP,WE,Towers with Radar,365,78,62,0,505,0,4,38,2,44,365,82,100,2,549,76,0,76,625
04/14/2017,OAK,CA,AWP,WE,Towers with Radar,360,50,40,0,450,0,13,94,0,107,360,63,134,0,557,54,0,54,611
04/15/2017,OAK,CA,AWP,WE,Towers with Radar,270,26,25,0,321,0,3,121,4,128,270,29,146,4,449,126,0,126,575
04/16/2017,OAK,CA,AWP,WE,Towers with Radar,294,49,41,0,384,0,4,14,0,18,294,53,55,0,402,18,0,18,420
04/17/2017,OAK,CA,AWP,WE,Towers with Radar,335,69,70,0,474,0,5,21,0,26,335,74,91,0,500,80,0,80,580
04/18/2017,OAK,CA,AWP,WE,Towers with Radar,371,58,53,0,482,0,6,53,3,62,371,64,106,3,544,78,0,78,622
04/19/2017,OAK,CA,AWP,WE,Towers with Radar,368,58,56,0,482,0,6,48,2,56,368,64,104,2,538,80,0,80,618
04/20/2017,OAK,CA,AWP,WE,Towers with Radar,359,64,65,0,488,0,9,64,4,77,359,73,129,4,565,46,0,46,611
04/21/2017,OAK,CA,AWP,WE,Towers with Radar,363,59,38,0,460,0,12,70,8,90,363,71,108,8,550,168,4,172,722
04/22/2017,OAK,CA,AWP,WE,Towers with Radar,279,35,37,1,352,0,0,84,1,85,279,35,121,2,437,90,0,90,527
04/23/2017,OAK,CA,AWP,WE,Towers with Radar,311,60,66,0,437,0,8,74,1,83,311,68,140,1,520,97,0,97,617
04/24/2017,OAK,CA,AWP,WE,Towers with Radar,339,62,61,0,462,0,3,17,2,22,339,65,78,2,484,42,0,42,526
04/25/2017,OAK,CA,AWP,WE,Towers with Radar,358,73,35,0,466,0,8,77,5,90,358,81,112,5,556,102,2,104,660
04/26/2017,OAK,CA,AWP,WE,Towers with Radar,366,81,69,4,520,0,0,7,6,13,366,81,76,10,533,86,0,86,619
04/27/2017,OAK,CA,AWP,WE,Towers with Radar,383,67,71,1,522,0,6,103,7,116,383,73,174,8,638,82,0,82,720
04/28/2017,OAK,CA,AWP,WE,Towers with Radar,372,60,57,0,489,0,10,112,5,127,372,70,169,5,616,162,0,162,778
04/29/2017,OAK,CA,AWP,WE,Towers with Radar,276,40,45,1,362,0,7,97,4,108,276,47,142,5,470,172,0,172,642
04/30/2017,OAK,CA,AWP,WE,Towers with Radar,321,56,56,0,433,0,7,119,0,126,321,63,175,0,559,116,0,116,675
05/01/2017,OAK,CA,AWP,WE,Towers with Radar,348,64,53,0,465,0,5,74,2,81,348,69,127,2,546,190,0,190,736
05/02/2017,OAK,CA,AWP,WE,Towers with Radar,380,55,71,0,506,0,12,71,3,86,380,67,142,3,592,244,0,244,836
05/03/2017,OAK,CA,AWP,WE,Towers with Radar,381,71,48,0,500,0,7,72,6,85,381,78,120,6,585,176,0,176,761
05/04/2017,OAK,CA,AWP,WE,Towers with Radar,381,63,64,2,510,0,9,66,2,77,381,72,130,4,587,102,0,102,689
05/05/2017,OAK,CA,AWP,WE,Towers with Radar,375,70,54,0,499,0,3,29,6,38,375,73,83,6,537,60,0,60,597
05/06/2017,OAK,CA,AWP,WE,Towers with Radar,279,39,31,0,349,0,0,63,0,63,279,39,94,0,412,82,0,82,494
05/07/2017,OAK,CA,AWP,WE,Towers with Radar,315,42,39,0,396,0,1,69,1,71,315,43,108,1,467,138,0,138,605
05/08/2017,OAK,CA,AWP,WE,Towers with Radar,355,50,23,0,428,0,10,58,2,70,355,60,81,2,498,84,0,84,582
05/09/2017,OAK,CA,AWP,WE,Towers with Radar,382,56,52,1,491,0,19,64,0,83,382,75,116,1,574,155,0,155,729
05/10/2017,OAK,CA,AWP,WE,Towers with Radar,390,61,54,2,507,0,3,62,3,68,390,64,116,5,575,190,0,190,765
05/11/2017,OAK,CA,AWP,WE,Towers with Radar,321,66,61,0,448,0,4,44,2,50,321,70,105,2,498,216,0,216,714
05/12/2017,OAK,CA,AWP,WE,Towers with Radar,384,78,62,1,525,0,10,50,1,61,384,88,112,2,586,60,0,60,646
05/13/2017,OAK,CA,AWP,WE,Towers with Radar,282,44,35,0,361,0,10,107,5,122,282,54,142,5,483,106,0,106,589
05/14/2017,OAK,CA,AWP,WE,Towers with Radar,310,52,39,0,401,0,7,88,0,95,310,59,127,0,496,290,0,290,786
05/15/2017,OAK,CA,AWP,WE,Towers with Radar,356,48,45,1,450,0,6,65,7,78,356,54,110,8,528,190,0,190,718
05/16/2017,OAK,CA,AWP,WE,Towers with Radar,390,76,93,2,561,0,4,29,0,33,390,80,122,2,594,86,0,86,680
05/17/2017,OAK,CA,AWP,WE,Towers with Radar,388,56,54,0,498,0,8,97,6,111,388,64,151,6,609,332,0,332,941
05/18/2017,OAK,CA,AWP,WE,Towers with Radar,397,59,52,0,508,0,15,86,4,105,397,74,138,4,613,110,2,112,725
05/19/2017,OAK,CA,AWP,WE,Towers with Radar,373,65,54,0,492,0,17,92,4,113,373,82,146,4,605,304,0,304,909
05/20/2017,OAK,CA,AWP,WE,Towers with Radar,285,33,39,1,358,0,4,102,1,107,285,37,141,2,465,106,1,107,572
05/21/2017,OAK,CA,AWP,WE,Towers with Radar,330,68,58,1,457,0,7,111,1,119,330,75,169,2,576,136,0,136,712
05/22/2017,OAK,CA,AWP,WE,Towers with Radar,353,56,56,0,465,0,12,84,2,98,353,68,140,2,563,178,20,198,761
05/23/2017,OAK,CA,AWP,WE,Towers with Radar,392,77,46,0,515,0,6,45,2,53,392,83,91,2,568,138,0,138,706
05/24/2017,OAK,CA,AWP,WE,Towers with Radar,398,72,65,0,535,0,18,39,0,57,398,90,104,0,592,130,0,130,722
05/25/2017,OAK,CA,AWP,WE,Towers with Radar,400,82,72,0,554,0,9,33,3,45,400,91,105,3,599,70,0,70,669
05/26/2017,OAK,CA,AWP,WE,Towers with Radar,386,80,66,0,532,0,9,42,0,51,386,89,108,0,583,138,0,138,721
05/27/2017,OAK,CA,AWP,WE,Towers with Radar,293,26,31,3,353,0,8,62,1,71,293,34,93,4,424,190,2,192,616
05/28/2017,OAK,CA,AWP,WE,Towers with Radar,278,22,56,1,357,0,3,36,1,40,278,25,92,2,397,128,0,128,525
05/29/2017,OAK,CA,AWP,WE,Towers with Radar,318,66,78,0,462,0,4,20,0,24,318,70,98,0,486,26,0,26,512
05/30/2017,OAK,CA,AWP,WE,Towers with Radar,368,77,52,4,501,0,6,20,1,27,368,83,72,5,528,86,0,86,614
05/31/2017,OAK,CA,AWP,WE,Towers with Radar,410,55,65,0,530,0,11,48,2,61,410,66,113,2,591,152,0,152,743
06/01/2017,OAK,CA,AWP,WE,Towers with Radar,416,91,114,0,621,0,6,66,4,76,416,97,180,4,697,192,0,192,889
06/02/2017,OAK,CA,AWP,WE,Towers with Radar,386,56,35,0,477,0,9,77,4,90,386,65,112,4,567,224,0,224,791
06/03/2017,OAK,CA,AWP,WE,Towers with Radar,299,37,43,0,379,0,2,65,0,67,299,39,108,0,446,126,0,126,572
06/04/2017,OAK,CA,AWP,WE,Towers with Radar,346,88,108,0,542,0,2,101,0,103,346,90,209,0,645,152,0,152,797
06/05/2017,OAK,CA,AWP,WE,Towers with Radar,372,60,56,0,488,0,10,68,9,87,372,70,124,9,575,118,2,120,695
06/06/2017,OAK,CA,AWP,WE,Towers with Radar,412,64,55,0,531,0,7,75,4,86,412,71,130,4,617,117,0,117,734
06/07/2017,OAK,CA,AWP,WE,Towers with Radar,406,67,71,0,544,0,7,70,6,83,406,74,141,6,627,222,0,222,849
06/08/2017,OAK,CA,AWP,WE,Towers with Radar,414,97,70,1,582,0,3,25,9,37,414,100,95,10,619,166,26,192,811
06/09/2017,OAK,CA,AWP,WE,Towers with Radar,398,74,62,0,534,0,4,54,6,64,398,78,116,6,598,100,0,100,698
06/10/2017,OAK,CA,AWP,WE,Towers with Radar,313,36,39,0,388,0,2,80,0,82,313,38,119,0,470,180,0,180,650
06/11/2017,OAK,CA,AWP,WE,Towers with Radar,334,41,43,0,418,0,1,56,1,58,334,42,99,1,476,80,0,80,556
06/12/2017,OAK,CA,AWP,WE,Towers with Radar,363,99,99,0,561,0,5,74,6,85,363,104,173,6,646,158,0,158,804
06/13/2017,OAK,CA,AWP,WE,Towers with Radar,421,79,74,1,575,0,10,101,8,119,421,89,175,9,694,168,30,198,892
06/14/2017,OAK,CA,AWP,WE,Towers with Radar,412,83,68,0,563,0,19,123,5,147,412,102,191,5,710,182,0,182,892
06/15/2017,OAK,CA,AWP,WE,Towers with Radar,413,84,76,0,573,0,16,94,12,122,413,100,170,12,695,220,4,224,919
06/16/2017,OAK,CA,AWP,WE,Towers with Radar,393,60,64,0,517,0,5,97,12,114,393,65,161,12,631,28,0,28,659
06/17/2017,OAK,CA,AWP,WE,Towers with Radar,308,21,42,0,371,0,2,98,1,101,308,23,140,1,472,106,0,106,578
06/18/2017,OAK,CA,AWP,WE,Towers with Radar,330,43,51,0,424,0,6,85,1,92,330,49,136,1,516,94,0,94,610
06/19/2017,OAK,CA,AWP,WE,Towers with Radar,352,53,57,0,462,0,14,64,4,82,352,67,121,4,544,96,22,118,662
06/20/2017,OAK,CA,AWP,WE,Towers with Radar,417,59,55,4,535,0,11,71,3,85,417,70,126,7,620,88,0,88,708
06/21/2017,OAK,CA,AWP,WE,Towers with Radar,410,59,52,0,521,0,12,57,6,75,410,71,109,6,596,162,0,162,758
06/22/2017,OAK,CA,AWP,WE,Towers with Radar,414,63,69,0,546,0,9,67,6,82,414,72,136,6,628,120,0,120,748
06/23/2017,OAK,CA,AWP,WE,Towers with Radar,393,70,75,1,539,0,10,70,6,86,393,80,145,7,625,78,0,78,703
06/24/2017,OAK,CA,AWP,WE,Towers with Radar,312,29,45,1,387,0,0,91,0,91,312,29,136,1,478,146,0,146,624
06/25/2017,OAK,CA,AWP,WE,Towers with Radar,339,53,77,0,469,0,1,102,0,103,339,54,179,0,572,54,16,70,642
06/26/2017,OAK,CA,AWP,WE,Towers with Radar,362,57,48,0,467,0,12,51,3,66,362,69,99,3,533,88,0,88,621
06/27/2017,OAK,CA,AWP,WE,Towers with Radar,412,76,62,4,554,1,6,27,2,36,413,82,89,6,590,196,0,196,786
06/28/2017,OAK,CA,AWP,WE,Towers with Radar,408,78,53,1,540,0,6,50,6,62,408,84,103,7,602,68,0,68,670
06/29/2017,OAK,CA,AWP,WE,Towers with Radar,411,84,51,0,546,0,5,47,7,59,411,89,98,7,605,36,0,36,641
06/30/2017,OAK,CA,AWP,WE,Towers with Radar,387,96,50,0,533,0,3,38,4,45,387,99,88,4,578,152,0,152,730
07/01/2017,OAK,CA,AWP,WE,Towers with Radar,305,43,41,0,389,0,9,58,0,67,305,52,99,0,456,154,0,154,610
07/02/2017,OAK,CA,AWP,WE,Towers with Radar,332,35,47,0,414,0,0,84,0,84,332,35,131,0,498,128,0,128,626
07/03/2017,OAK,CA,AWP,WE,Towers with Radar,315,40,23,0,378,0,10,52,7,69,315,50,75,7,447,102,0,102,549
07/04/2017,OAK,CA,AWP,WE,Towers with Radar,301,28,26,0,355,0,5,60,10,75,301,33,86,10,430,94,0,94,524
07/05/2017,OAK,CA,AWP,WE,Towers with Radar,388,75,51,1,515,0,5,57,7,69,388,80,108,8,584,188,2,190,774
07/06/2017,OAK,CA,AWP,WE,Towers with Radar,412,74,44,0,530,0,12,74,4,90,412,86,118,4,620,86,0,86,706
07/07/2017,OAK,CA,AWP,WE,Towers with Radar,393,58,50,0,501,0,13,111,5,129,393,71,161,5,630,314,0,314,944
07/08/2017,OAK,CA,AWP,WE,Towers with Radar,312,30,35,1,378,0,12,102,1,115,312,42,137,2,493,226,6,232,725
07/09/2017,OAK,CA,AWP,WE,Towers with Radar,334,44,45,0,423,0,4,88,0,92,334,48,133,0,515,162,0,162,677
07/10/2017,OAK,CA,AWP,WE,Towers with Radar,350,72,49,0,471,0,10,64,0,74,350,82,113,0,545,136,0,136,681
07/11/2017,OAK,CA,AWP,WE,Towers with Radar,421,55,56,2,534,0,10,90,2,102,421,65,146,4,636,238,0,238,874
07/12/2017,OAK,CA,AWP,WE,Towers with Radar,416,61,54,1,532,0,7,88,6,101,416,68,142,7,633,146,0,146,779
07/13/2017,OAK,CA,AWP,WE,Towers with Radar,422,74,57,0,553,0,8,76,6,90,422,82,133,6,643,142,0,142,785
07/14/2017,OAK,CA,AWP,WE,Towers with Radar,396,65,61,0,522,0,12,65,7,84,396,77,126,7,606,98,0,98,704
07/15/2017,OAK,CA,AWP,WE,Towers with Radar,306,21,30,0,357,0,4,63,0,67,306,25,93,0,424,144,0,144,568
07/16/2017,OAK,CA,AWP,WE,Towers with Radar,345,41,45,0,431,0,19,95,0,114,345,60,140,0,545,44,0,44,589
07/17/2017,OAK,CA,AWP,WE,Towers with Radar,367,55,44,0,466,0,8,61,0,69,367,63,105,0,535,106,0,106,641
07/18/2017,OAK,CA,AWP,WE,Towers with Radar,417,64,55,3,539,0,8,51,0,59,417,72,106,3,598,118,0,118,716
07/19/2017,OAK,CA,AWP,WE,Towers with Radar,418,84,57,5,564,0,8,71,9,88,418,92,128,14,652,86,2,88,740
07/20/2017,OAK,CA,AWP,WE,Towers with Radar,420,82,65,2,569,0,3,86,6,95,420,85,151,8,664,244,0,244,908
07/21/2017,OAK,CA,AWP,WE,Towers with Radar,391,56,44,0,491,0,8,86,9,103,391,64,130,9,594,128,22,150,744
07/22/2017,OAK,CA,AWP,WE,Towers with Radar,311,24,19,0,354,0,5,115,0,120,311,29,134,0,474,240,0,240,714
07/23/2017,OAK,CA,AWP,WE,Towers with Radar,327,47,32,0,406,0,1,96,0,97,327,48,128,0,503,70,0,70,573
07/24/2017,OAK,CA,AWP,WE,Towers with Radar,369,61,57,1,488,0,15,71,2,88,369,76,128,3,576,138,0,138,714
07/25/2017,OAK,CA,AWP,WE,Towers with Radar,420,70,36,2,528,0,6,68,5,79,420,76,104,7,607,245,0,245,852
07/26/2017,OAK,CA,AWP,WE,Towers with Radar,417,78,72,0,567,0,3,50,4,57,417,81,122,4,624,76,0,76,700
07/27/2017,OAK,CA,AWP,WE,Towers with Radar,416,77,48,0,541,0,6,54,3,63,416,83,102,3,604,202,0,202,806
07/28/2017,OAK,CA,AWP,WE,Towers with Radar,386,71,55,0,512,0,12,59,4,75,386,83,114,4,587,152,0,152,739
07/29/2017,OAK,CA,AWP,WE,Towers with Radar,315,39,27,0,381,0,4,73,0,77,315,43,100,0,458,46,2,48,506
07/30/2017,OAK,CA,AWP,WE,Towers with Radar,342,63,47,0,452,0,4,76,0,80,342,67,123,0,532,94,0,94,626
07/31/2017,OAK,CA,AWP,WE,Towers with Radar,362,51,38,0,451,0,6,53,2,61,362,57,91,2,512,70,0,70,582
08/01/2017,OAK,CA,AWP,WE,Towers with Radar,423,62,39,4,528,0,7,87,2,96,423,69,126,6,624,90,0,90,714
08/02/2017,OAK,CA,AWP,WE,Towers with Radar,412,49,44,0,505,0,12,72,10,94,412,61,116,10,599,182,0,182,781
08/03/2017,OAK,CA,AWP,WE,Towers with Radar,410,63,48,0,521,0,10,98,8,116,410,73,146,8,637,268,6,274,911
08/04/2017,OAK,CA,AWP,WE,Towers with Radar,386,57,50,0,493,0,9,72,8,89,386,66,122,8,582,160,0,160,742
08/05/2017,OAK,CA,AWP,WE,Towers with Radar,309,37,59,0,405,4,1,71,0,76,313,38,130,0,481,98,0,98,579
08/06/2017,OAK,CA,AWP,WE,Towers with Radar,339,50,54,0,443,0,6,65,2,73,339,56,119,2,516,174,0,174,690
08/07/2017,OAK,CA,AWP,WE,Towers with Radar,374,70,48,0,492,0,7,43,2,52,374,77,91,2,544,120,20,140,684
08/08/2017,OAK,CA,AWP,WE,Towers with Radar,415,67,53,4,539,0,3,41,12,56,415,70,94,16,595,96,14,110,705
08/09/2017,OAK,CA,AWP,WE,Towers with Radar,418,60,85,4,567,0,3,9,6,18,418,63,94,10,585,42,0,42,627
08/10/2017,OAK,CA,AWP,WE,Towers with Radar,404,85,81,3,573,0,7,49,7,63,404,92,130,10,636,158,0,158,794
08/11/2017,OAK,CA,AWP,WE,Towers with Radar,396,71,53,1,521,0,14,44,5,63,396,85,97,6,584,56,0,56,640
08/12/2017,OAK,CA,AWP,WE,Towers with Radar,318,35,63,0,416,0,1,36,2,39,318,36,99,2,455,18,0,18,473
08/13/2017,OAK,CA,AWP,WE,Towers with Radar,346,61,50,0,457,0,4,59,2,65,346,65,109,2,522,85,0,85,607
08/14/2017,OAK,CA,AWP,WE,Towers with Radar,375,71,83,0,529,0,0,13,0,13,375,71,96,0,542,30,0,30,572
08/15/2017,OAK,CA,AWP,WE,Towers with Radar,408,81,74,4,567,0,4,49,1,54,408,85,123,5,621,92,0,92,713
08/16/2017,OAK,CA,AWP,WE,Towers with Radar,414,63,72,0,549,0,3,69,9,81,414,66,141,9,630,2,0,2,632
08/17/2017,OAK,CA,AWP,WE,Towers with Radar,410,71,66,0,547,0,7,74,12,93,410,78,140,12,640,184,0,184,824
08/18/2017,OAK,CA,AWP,WE,Towers with Radar,399,64,60,0,523,0,9,79,4,92,399,73,139,4,615,126,0,126,741
08/19/2017,OAK,CA,AWP,WE,Towers with Radar,282,36,60,0,378,0,1,64,0,65,282,37,124,0,443,132,0,132,575
08/20/2017,OAK,CA,AWP,WE,Towers with Radar,341,61,85,0,487,0,8,77,0,85,341,69,162,0,572,164,0,164,736
08/21/2017,OAK,CA,AWP,WE,Towers with Radar,356,76,72,1,505,0,16,65,0,81,356,92,137,1,586,134,0,134,720
08/22/2017,OAK,CA,AWP,WE,Towers with Radar,414,64,59,2,539,0,11,55,0,66,414,75,114,2,605,88,0,88,693
08/23/2017,OAK,CA,AWP,WE,Towers with Radar,402,76,78,2,558,0,1,45,6,52,402,77,123,8,610,88,0,88,698
08/24/2017,OAK,CA,AWP,WE,Towers with Radar,397,61,72,5,535,0,6,62,7,75,397,67,134,12,610,160,0,160,770
08/25/2017,OAK,CA,AWP,WE,Towers with Radar,404,72,52,7,535,0,7,63,4,74,404,79,115,11,609,128,0,128,737
08/26/2017,OAK,CA,AWP,WE,Towers with Radar,276,23,27,0,326,0,5,110,0,115,276,28,137,0,441,42,0,42,483
08/27/2017,OAK,CA,AWP,WE,Towers with Radar,329,45,36,2,412,0,3,87,6,96,329,48,123,8,508,28,20,48,556
08/28/2017,OAK,CA,AWP,WE,Towers with Radar,349,60,46,3,458,0,4,65,4,73,349,64,111,7,531,140,0,140,671
08/29/2017,OAK,CA,AWP,WE,Towers with Radar,403,58,67,1,529,0,8,44,9,61,403,66,111,10,590,110,4,114,704
08/30/2017,OAK,CA,AWP,WE,Towers with Radar,398,62,57,2,519,0,2,62,8,72,398,64,119,10,591,136,0,136,727
08/31/2017,OAK,CA,AWP,WE,Towers with Radar,395,82,46,0,523,0,10,120,7,137,395,92,166,7,660,174,0,174,834
09/01/2017,OAK,CA,AWP,WE,Towers with Radar,388,86,56,0,530,0,8,61,2,71,388,94,117,2,601,180,0,180,781
09/02/2017,OAK,CA,AWP,WE,Towers with Radar,258,33,31,0,322,0,2,69,0,71,258,35,100,0,393,215,0,215,608
09/03/2017,OAK,CA,AWP,WE,Towers with Radar,248,26,23,0,297,0,5,71,2,78,248,31,94,2,375,54,0,54,429
09/04/2017,OAK,CA,AWP,WE,Towers with Radar,334,85,64,0,483,0,4,49,0,53,334,89,113,0,536,8,0,8,544
09/05/2017,OAK,CA,AWP,WE,Towers with Radar,371,63,43,0,477,0,5,69,2,76,371,68,112,2,553,90,0,90,643
09/06/2017,OAK,CA,AWP,WE,Towers with Radar,400,69,51,0,520,0,4,52,11,67,400,73,103,11,587,48,0,48,635
09/07/2017,OAK,CA,AWP,WE,Towers with Radar,407,84,78,1,570,0,3,26,7,36,407,87,104,8,606,122,0,122,728
09/08/2017,OAK,CA,AWP,WE,Towers with Radar,379,61,52,0,492,0,4,43,9,56,379,65,95,9,548,80,0,80,628
09/09/2017,OAK,CA,AWP,WE,Towers with Radar,295,19,43,0,357,0,3,80,5,88,295,22,123,5,445,7,0,7,452
09/10/2017,OAK,CA,AWP,WE,Towers with Radar,339,31,42,0,412,0,7,82,0,89,339,38,124,0,501,45,0,45,546
09/11/2017,OAK,CA,AWP,WE,Towers with Radar,357,52,48,0,457,0,4,41,2,47,357,56,89,2,504,64,0,64,568
09/12/2017,OAK,CA,AWP,WE,Towers with Radar,399,72,38,0,509,0,7,45,2,54,399,79,83,2,563,80,0,80,643
09/13/2017,OAK,CA,AWP,WE,Towers with Radar,393,83,49,0,525,0,5,35,7,47,393,88,84,7,572,56,0,56,628
09/14/2017,OAK,CA,AWP,WE,Towers with Radar,395,90,63,1,549,0,6,71,10,87,395,96,134,11,636,164,0,164,800
09/15/2017,OAK,CA,AWP,WE,Towers with Radar,392,72,64,1,529,0,7,67,8,82,392,79,131,9,611,78,0,78,689
09/16/2017,OAK,CA,AWP,WE,Towers with Radar,276,24,26,0,326,0,1,85,0,86,276,25,111,0,412,46,1,47,459
09/17/2017,OAK,CA,AWP,WE,Towers with Radar,332,42,56,0,430,0,2,90,5,97,332,44,146,5,527,40,0,40,567
09/18/2017,OAK,CA,AWP,WE,Towers with Radar,358,66,62,1,487,0,10,45,2,57,358,76,107,3,544,30,0,30,574
09/19/2017,OAK,CA,AWP,WE,Towers with Radar,407,51,47,0,505,0,8,82,5,95,407,59,129,5,600,162,0,162,762
09/20/2017,OAK,CA,AWP,WE,Towers with Radar,401,80,67,0,548,0,5,42,7,54,401,85,109,7,602,86,0,86,688
09/21/2017,OAK,CA,AWP,WE,Towers with Radar,398,64,75,0,537,0,6,76,6,88,398,70,151,6,625,88,0,88,713
09/22/2017,OAK,CA,AWP,WE,Towers with Radar,393,76,54,0,523,0,8,97,9,114,393,84,151,9,637,74,0,74,711
09/23/2017,OAK,CA,AWP,WE,Towers with Radar,279,20,23,0,322,0,0,95,0,95,279,20,118,0,417,60,0,60,477
09/24/2017,OAK,CA,AWP,WE,Towers with Radar,339,50,55,0,444,0,10,100,2,112,339,60,155,2,556,58,0,58,614
09/25/2017,OAK,CA,AWP,WE,Towers with Radar,358,64,39,2,463,0,5,62,4,71,358,69,101,6,534,34,0,34,568
09/26/2017,OAK,CA,AWP,WE,Towers with Radar,402,67,57,0,526,0,8,90,5,103,402,75,147,5,629,84,16,100,729
09/27/2017,OAK,CA,AWP,WE,Towers with Radar,400,69,50,0,519,0,12,85,8,105,400,81,135,8,624,62,20,82,706
09/28/2017,OAK,CA,AWP,WE,Towers with Radar,407,59,33,0,499,0,3,72,9,84,407,62,105,9,583,241,0,241,824
09/29/2017,OAK,CA,AWP,WE,Towers with Radar,399,76,64,4,543,0,7,45,7,59,399,83,109,11,602,174,14,188,790
09/30/2017,OAK,CA,AWP,WE,Towers with Radar,273,20,21,0,314,0,3,104,1,108,273,23,125,1,422,170,0,170,592
10/01/2017,OAK,CA,AWP,WE,Towers with Radar,336,31,56,1,424,0,3,96,0,99,336,34,152,1,523,140,14,154,677
10/02/2017,OAK,CA,AWP,WE,Towers with Radar,356,49,43,4,452,0,4,55,5,64,356,53,98,9,516,92,0,92,608
10/03/2017,OAK,CA,AWP,WE,Towers with Radar,383,59,50,0,492,0,12,50,0,62,383,71,100,0,554,82,0,82,636
10/04/2017,OAK,CA,AWP,WE,Towers with Radar,393,68,33,1,495,0,7,70,15,92,393,75,103,16,587,84,0,84,671
10/05/2017,OAK,CA,AWP,WE,Towers with Radar,409,61,59,2,531,0,13,82,24,119,409,74,141,26,650,126,0,126,776
10/06/2017,OAK,CA,AWP,WE,Towers with Radar,383,61,43,1,488,0,8,74,27,109,383,69,117,28,597,50,0,50,647
10/07/2017,OAK,CA,AWP,WE,Towers with Radar,277,32,30,1,340,0,2,98,22,122,277,34,128,23,462,46,2,48,510
10/08/2017,OAK,CA,AWP,WE,Towers with Radar,334,37,47,5,423,0,3,86,22,111,334,40,133,27,534,2,20,22,556
10/09/2017,OAK,CA,AWP,WE,Towers with Radar,360,80,45,2,487,0,5,64,1,70,360,85,109,3,557,68,0,68,625
10/10/2017,OAK,CA,AWP,WE,Towers with Radar,392,73,48,5,518,0,5,49,2,56,392,78,97,7,574,86,0,86,660
10/11/2017,OAK,CA,AWP,WE,Towers with Radar,398,84,65,0,547,0,10,13,6,29,398,94,78,6,576,106,0,106,682
10/12/2017,OAK,CA,AWP,WE,Towers with Radar,410,80,61,4,555,0,6,45,0,51,410,86,106,4,606,176,0,176,782
10/13/2017,OAK,CA,AWP,WE,Towers with Radar,409,93,62,0,564,0,7,40,3,50,409,100,102,3,614,16,0,16,630
10/14/2017,OAK,CA,AWP,WE,Towers with Radar,282,34,54,0,370,0,12,75,0,87,282,46,129,0,457,54,0,54,511
10/15/2017,OAK,CA,AWP,WE,Towers with Radar,337,51,64,0,452,0,3,100,0,103,337,54,164,0,555,40,0,40,595
10/16/2017,OAK,CA,AWP,WE,Towers with Radar,358,57,48,0,463,0,3,62,0,65,358,60,110,0,528,80,0,80,608
10/17/2017,OAK,CA,AWP,WE,Towers with Radar,391,73,71,4,539,0,6,50,2,58,391,79,121,6,597,130,27,157,754
10/18/2017,OAK,CA,AWP,WE,Towers with Radar,396,63,70,3,532,0,7,60,7,74,396,70,130,10,606,50,0,50,656
10/19/2017,OAK,CA,AWP,WE,Towers with Radar,409,86,95,7,597,0,0,33,3,36,409,86,128,10,633,26,0,26,659
10/20/2017,OAK,CA,AWP,WE,Towers with Radar,398,85,88,4,575,1,6,67,8,82,399,91,155,12,657,174,0,174,831
10/21/2017,OAK,CA,AWP,WE,Towers with Radar,285,34,32,0,351,0,2,100,2,104,285,36,132,2,455,168,8,176,631
10/22/2017,OAK,CA,AWP,WE,Towers with Radar,331,50,55,0,436,0,4,106,0,110,331,54,161,0,546,102,0,102,648
10/23/2017,OAK,CA,AWP,WE,Towers with Radar,351,42,38,0,431,0,3,72,0,75,351,45,110,0,506,42,0,42,548
10/24/2017,OAK,CA,AWP,WE,Towers with Radar,398,67,55,0,520,0,5,75,8,88,398,72,130,8,608,206,0,206,814
10/25/2017,OAK,CA,AWP,WE,Towers with Radar,387,59,60,0,506,0,3,83,6,92,387,62,143,6,598,174,0,174,772
10/26/2017,OAK,CA,AWP,WE,Towers with Radar,404,67,77,0,548,0,7,70,12,89,404,74,147,12,637,82,0,82,719
10/27/2017,OAK,CA,AWP,WE,Towers with Radar,385,76,50,0,511,0,7,95,8,110,385,83,145,8,621,178,0,178,799
10/28/2017,OAK,CA,AWP,WE,Towers with Radar,281,24,40,0,345,0,0,69,0,69,281,24,109,0,414,112,0,112,526
10/29/2017,OAK,CA,AWP,WE,Towers with Radar,330,57,64,0,451,0,1,35,0,36,330,58,99,0,487,19,0,19,506
10/30/2017,OAK,CA,AWP,WE,Towers with Radar,346,52,53,0,451,0,6,24,0,30,346,58,77,0,481,90,0,90,571
10/31/2017,OAK,CA,AWP,WE,Towers with Radar,349,47,39,0,435,0,9,75,4,88,349,56,114,4,523,70,0,70,593
11/01/2017,OAK,CA,AWP,WE,Towers with Radar,395,48,44,4,491,0,4,84,13,101,395,52,128,17,592,117,0,117,709
11/02/2017,OAK,CA,AWP,WE,Towers with Radar,397,50,57,0,504,0,7,71,23,101,397,57,128,23,605,189,0,189,794
11/03/2017,OAK,CA,AWP,WE,Towers with Radar,371,64,62,0,497,0,8,43,6,57,371,72,105,6,554,78,0,78,632
11/04/2017,OAK,CA,AWP,WE,Towers with Radar,291,28,26,0,345,0,3,47,1,51,291,31,73,1,396,0,0,0,396
11/05/2017,OAK,CA,AWP,WE,Towers with Radar,333,45,51,2,431,0,1,80,0,81,333,46,131,2,512,125,0,125,637
11/06/2017,OAK,CA,AWP,WE,Towers with Radar,353,52,61,0,466,0,9,56,2,67,353,61,117,2,533,120,0,120,653
11/07/2017,OAK,CA,AWP,WE,Towers with Radar,397,43,65,0,505,0,9,64,4,77,397,52,129,4,582,34,0,34,616
11/08/2017,OAK,CA,AWP,WE,Towers with Radar,415,81,51,0,547,0,2,43,6,51,415,83,94,6,598,116,0,116,714
11/09/2017,OAK,CA,AWP,WE,Towers with Radar,398,87,60,0,545,0,5,38,10,53,398,92,98,10,598,56,46,102,700
11/10/2017,OAK,CA,AWP,WE,Towers with Radar,372,70,56,0,498,0,3,39,0,42,372,73,95,0,540,146,0,146,686
11/11/2017,OAK,CA,AWP,WE,Towers with Radar,276,30,40,0,346,0,3,67,9,79,276,33,107,9,425,144,4,148,573
11/12/2017,OAK,CA,AWP,WE,Towers with Radar,332,42,71,0,445,0,6,72,3,81,332,48,143,3,526,162,0,162,688
11/13/2017,OAK,CA,AWP,WE,Towers with Radar,353,58,67,0,478,0,8,28,0,36,353,66,95,0,514,136,0,136,650
11/14/2017,OAK,CA,AWP,WE,Towers with Radar,384,75,52,2,513,0,3,89,18,110,384,78,141,20,623,165,0,165,788
11/15/2017,OAK,CA,AWP,WE,Towers with Radar,390,68,65,0,523,0,2,50,4,56,390,70,115,4,579,8,0,8,587
11/16/2017,OAK,CA,AWP,WE,Towers with Radar,389,85,81,0,555,0,2,0,0,2,389,87,81,0,557,2,0,2,559
11/17/2017,OAK,CA,AWP,WE,Towers with Radar,396,73,81,0,550,0,9,96,2,107,396,82,177,2,657,96,0,96,753
11/18/2017,OAK,CA,AWP,WE,Towers with Radar,316,35,42,0,393,0,3,109,0,112,316,38,151,0,505,124,0,124,629
11/19/2017,OAK,CA,AWP,WE,Towers with Radar,337,38,31,0,406,0,3,87,0,90,337,41,118,0,496,52,0,52,548
11/20/2017,OAK,CA,AWP,WE,Towers with Radar,356,58,42,0,456,0,8,38,2,48,356,66,80,2,504,160,16,176,680
11/21/2017,OAK,CA,AWP,WE,Towers with Radar,418,73,59,0,550,0,13,66,0,79,418,86,125,0,629,194,0,194,823
11/22/2017,OAK,CA,AWP,WE,Towers with Radar,436,70,56,0,562,0,7,82,0,89,436,77,138,0,651,154,0,154,805
11/23/2017,OAK,CA,AWP,WE,Towers with Radar,239,31,20,0,290,0,0,36,0,36,239,31,56,0,326,14,0,14,340
11/24/2017,OAK,CA,AWP,WE,Towers with Radar,319,46,32,0,397,0,2,79,0,81,319,48,111,0,478,172,6,178,656
11/25/2017,OAK,CA,AWP,WE,Towers with Radar,336,40,39,0,415,0,7,74,0,81,336,47,113,0,496,104,0,104,600
11/26/2017,OAK,CA,AWP,WE,Towers with Radar,386,108,82,5,581,0,0,12,3,15,386,108,94,8,596,0,2,2,598
11/27/2017,OAK,CA,AWP,WE,Towers with Radar,401,74,53,0,528,0,9,46,2,57,401,83,99,2,585,56,8,64,649
11/28/2017,OAK,CA,AWP,WE,Towers with Radar,434,63,56,0,553,0,9,62,3,74,434,72,118,3,627,96,0,96,723
11/29/2017,OAK,CA,AWP,WE,Towers with Radar,425,63,55,0,543,0,14,76,2,92,425,77,131,2,635,140,0,140,775
11/30/2017,OAK,CA,AWP,WE,Towers with Radar,426,72,48,1,547,0,12,60,8,80,426,84,108,9,627,42,0,42,669
12/01/2017,OAK,CA,AWP,WE,Towers with Radar,395,54,51,0,500,0,13,72,8,93,395,67,123,8,593,112,27,139,732
12/02/2017,OAK,CA,AWP,WE,Towers with Radar,276,31,38,0,345,0,4,47,0,51,276,35,85,0,396,228,0,228,624
12/03/2017,OAK,CA,AWP,WE,Towers with Radar,317,48,51,1,417,0,6,87,0,93,317,54,138,1,510,30,0,30,540
12/04/2017,OAK,CA,AWP,WE,Towers with Radar,350,53,34,0,437,0,17,51,6,74,350,70,85,6,511,48,20,68,579
12/05/2017,OAK,CA,AWP,WE,Towers with Radar,417,61,62,2,542,0,9,62,2,73,417,70,124,4,615,90,10,100,715
12/06/2017,OAK,CA,AWP,WE,Towers with Radar,427,53,54,0,534,0,7,85,4,96,427,60,139,4,630,142,4,146,776
12/07/2017,OAK,CA,AWP,WE,Towers with Radar,420,63,51,0,534,0,11,81,2,94,420,74,132,2,628,66,0,66,694
12/08/2017,OAK,CA,AWP,WE,Towers with Radar,398,65,62,0,525,0,13,76,8,97,398,78,138,8,622,245,12,257,879
12/09/2017,OAK,CA,AWP,WE,Towers with Radar,278,28,27,4,337,0,2,78,2,82,278,30,105,6,419,156,0,156,575
12/10/2017,OAK,CA,AWP,WE,Towers with Radar,318,38,39,0,395,0,9,76,0,85,318,47,115,0,480,128,0,128,608
12/11/2017,OAK,CA,AWP,WE,Towers with Radar,359,56,40,0,455,0,12,69,2,83,359,68,109,2,538,194,0,194,732
12/12/2017,OAK,CA,AWP,WE,Towers with Radar,424,44,41,2,511,0,6,74,3,83,424,50,115,5,594,92,0,92,686
12/13/2017,OAK,CA,AWP,WE,Towers with Radar,432,66,51,0,549,0,10,65,3,78,432,76,116,3,627,40,44,84,711
12/14/2017,OAK,CA,AWP,WE,Towers with Radar,439,68,49,0,556,0,8,63,6,77,439,76,112,6,633,108,0,108,741
12/15/2017,OAK,CA,AWP,WE,Towers with Radar,406,74,63,2,545,0,13,59,1,73,406,87,122,3,618,179,0,179,797
12/16/2017,OAK,CA,AWP,WE,Towers with Radar,292,39,30,0,361,0,6,28,0,34,292,45,58,0,395,2,0,2,397
12/17/2017,OAK,CA,AWP,WE,Towers with Radar,332,56,54,3,445,0,4,72,4,80,332,60,126,7,525,118,0,118,643
12/18/2017,OAK,CA,AWP,WE,Towers with Radar,375,60,36,0,471,0,6,63,0,69,375,66,99,0,540,74,0,74,614
12/19/2017,OAK,CA,AWP,WE,Towers with Radar,441,54,50,1,546,0,9,60,0,69,441,63,110,1,615,79,0,79,694
12/20/2017,OAK,CA,AWP,WE,Towers with Radar,449,66,41,0,556,0,8,73,0,81,449,74,114,0,637,164,0,164,801
12/21/2017,OAK,CA,AWP,WE,Towers with Radar,471,67,57,0,595,0,14,79,2,95,471,81,136,2,690,196,0,196,886
12/22/2017,OAK,CA,AWP,WE,Towers with Radar,441,66,43,1,551,0,13,65,2,80,441,79,108,3,631,138,0,138,769
12/23/2017,OAK,CA,AWP,WE,Towers with Radar,351,44,45,0,440,0,21,73,0,94,351,65,118,0,534,118,0,118,652
12/24/2017,OAK,CA,AWP,WE,Towers with Radar,265,26,12,0,303,0,8,36,4,48,265,34,48,4,351,14,0,14,365
12/25/2017,OAK,CA,AWP,WE,Towers with Radar,272,32,19,0,323,0,2,22,0,24,272,34,41,0,347,23,0,23,370
12/26/2017,OAK,CA,AWP,WE,Towers with Radar,379,85,50,0,514,0,13,56,0,69,379,98,106,0,583,46,0,46,629
12/27/2017,OAK,CA,AWP,WE,Towers with Radar,435,86,40,0,561,0,5,51,1,57,435,91,91,1,618,84,0,84,702
12/28/2017,OAK,CA,AWP,WE,Towers with Radar,414,63,33,0,510,0,11,58,1,70,414,74,91,1,580,53,0,53,633
12/29/2017,OAK,CA,AWP,WE,Towers with Radar,388,47,33,0,468,0,15,50,8,73,388,62,83,8,541,106,0,106,647
12/30/2017,OAK,CA,AWP,WE,Towers with Radar,319,41,25,0,385,0,6,57,0,63,319,47,82,0,448,66,0,66,514
12/31/2017,OAK,CA,AWP,WE,Towers with Radar,257,22,25,0,304,0,3,37,4,44,257,25,62,4,348,0,0,0,348
01/01/2018,OAK,CA,AWP,WE,Towers with Radar,310,56,32,0,398,0,2,38,0,40,310,58,70,0,438,96,0,96,534
01/02/2018,OAK,CA,AWP,WE,Towers with Radar,370,80,68,0,518,0,6,49,4,59,370,86,117,4,577,38,6,44,621
01/03/2018,OAK,CA,AWP,WE,Towers with Radar,396,61,32,0,489,0,5,25,2,32,396,66,57,2,521,84,0,84,605
01/04/2018,OAK,CA,AWP,WE,Towers with Radar,399,80,65,0,544,0,3,32,8,43,399,83,97,8,587,102,28,130,717
01/05/2018,OAK,CA,AWP,WE,Towers with Radar,371,97,50,1,519,0,0,8,2,10,371,97,58,3,529,66,0,66,595
01/06/2018,OAK,CA,AWP,WE,Towers with Radar,274,41,50,0,365,0,7,53,0,60,274,48,103,0,425,186,0,186,611
01/07/2018,OAK,CA,AWP,WE,Towers with Radar,329,72,92,0,493,0,4,69,0,73,329,76,161,0,566,215,0,215,781
01/08/2018,OAK,CA,AWP,WE,Towers with Radar,333,81,70,2,486,0,0,0,0,0,333,81,70,2,486,0,0,0,486
01/09/2018,OAK,CA,AWP,WE,Towers with Radar,370,78,94,2,544,0,3,11,2,16,370,81,105,4,560,32,0,32,592
01/10/2018,OAK,CA,AWP,WE,Towers with Radar,379,112,117,1,609,0,2,8,5,15,379,114,125,6,624,108,0,108,732
01/11/2018,OAK,CA,AWP,WE,Towers with Radar,379,90,86,1,556,0,6,44,7,57,379,96,130,8,613,106,0,106,719
01/12/2018,OAK,CA,AWP,WE,Towers with Radar,353,100,77,0,530,0,4,31,5,40,353,104,108,5,570,124,0,124,694
01/13/2018,OAK,CA,AWP,WE,Towers with Radar,243,39,28,0,310,0,4,80,0,84,243,43,108,0,394,260,0,260,654
01/14/2018,OAK,CA,AWP,WE,Towers with Radar,294,39,29,0,362,0,1,63,3,67,294,40,92,3,429,242,10,252,681
01/15/2018,OAK,CA,AWP,WE,Towers with Radar,331,90,58,0,479,0,10,64,1,75,331,100,122,1,554,152,0,152,706
01/16/2018,OAK,CA,AWP,WE,Towers with Radar,349,80,57,0,486,0,2,35,3,40,349,82,92,3,526,82,12,94,620
01/17/2018,OAK,CA,AWP,WE,Towers with Radar,362,79,50,0,491,0,9,34,5,48,362,88,84,5,539,210,0,210,749
01/18/2018,OAK,CA,AWP,WE,Towers with Radar,375,81,37,0,493,0,0,4,2,6,375,81,41,2,499,18,0,18,517
01/19/2018,OAK,CA,AWP,WE,Towers with Radar,348,71,56,0,475,0,9,57,10,76,348,80,113,10,551,188,0,188,739
01/20/2018,OAK,CA,AWP,WE,Towers with Radar,241,40,36,1,318,0,5,112,7,124,241,45,148,8,442,0,0,0,442
01/21/2018,OAK,CA,AWP,WE,Towers with Radar,294,70,50,1,415,0,1,62,0,63,294,71,112,1,478,118,0,118,596
01/22/2018,OAK,CA,AWP,WE,Towers with Radar,315,63,55,0,433,0,9,24,6,39,315,72,79,6,472,74,16,90,562
01/23/2018,OAK,CA,AWP,WE,Towers with Radar,367,67,65,0,499,0,6,52,5,63,367,73,117,5,562,66,4,70,632
01/24/2018,OAK,CA,AWP,WE,Towers with Radar,367,69,57,2,495,0,5,12,2,19,367,74,69,4,514,58,0,58,572
01/25/2018,OAK,CA,AWP,WE,Towers with Radar,369,62,41,0,472,0,3,29,6,38,369,65,70,6,510,154,0,154,664
01/26/2018,OAK,CA,AWP,WE,Towers with Radar,347,67,53,0,467,0,7,73,7,87,347,74,126,7,554,174,0,174,728
01/27/2018,OAK,CA,AWP,WE,Towers with Radar,235,46,53,0,334,0,2,83,0,85,235,48,136,0,419,150,0,150,569
01/28/2018,OAK,CA,AWP,WE,Towers with Radar,295,59,42,0,396,0,4,98,0,102,295,63,140,0,498,190,0,190,688
01/29/2018,OAK,CA,AWP,WE,Towers with Radar,315,61,45,0,421,0,9,50,0,59,315,70,95,0,480,54,0,54,534
01/30/2018,OAK,CA,AWP,WE,Towers with Radar,356,61,29,0,446,0,9,66,6,81,356,70,95,6,527,122,0,122,649
01/31/2018,OAK,CA,AWP,WE,Towers with Radar,362,77,67,0,506,0,15,85,5,105,362,92,152,5,611,116,0,116,727
02/01/2018,OAK,CA,AWP,WE,Towers with Radar,362,77,50,0,489,0,8,83,3,94,362,85,133,3,583,50,14,64,647
02/02/2018,OAK,CA,AWP,WE,Towers with Radar,354,65,39,1,459,0,10,64,7,81,354,75,103,8,540,104,6,110,650
02/03/2018,OAK,CA,AWP,WE,Towers with Radar,235,31,24,0,290,0,3,92,1,96,235,34,116,1,386,166,0,166,552
02/04/2018,OAK,CA,AWP,WE,Towers with Radar,255,47,40,0,342,0,12,105,4,121,255,59,145,4,463,224,0,224,687
02/05/2018,OAK,CA,AWP,WE,Towers with Radar,322,80,61,0,463,0,9,42,0,51,322,89,103,0,514,74,0,74,588
02/06/2018,OAK,CA,AWP,WE,Towers with Radar,364,67,73,0,504,0,10,72,0,82,364,77,145,0,586,46,0,46,632
02/07/2018,OAK,CA,AWP,WE,Towers with Radar,351,74,52,2,479,0,8,83,2,93,351,82,135,4,572,250,0,250,822
02/08/2018,OAK,CA,AWP,WE,Towers with Radar,363,71,50,0,484,0,14,65,10,89,363,85,115,10,573,88,0,88,661
02/09/2018,OAK,CA,AWP,WE,Towers with Radar,345,77,48,0,470,0,21,79,6,106,345,98,127,6,576,206,0,206,782
02/10/2018,OAK,CA,AWP,WE,Towers with Radar,241,32,30,0,303,0,9,106,4,119,241,41,136,4,422,250,0,250,672
02/11/2018,OAK,CA,AWP,WE,Towers with Radar,289,65,39,0,393,0,4,63,0,67,289,69,102,0,460,76,0,76,536
02/12/2018,OAK,CA,AWP,WE,Towers with Radar,323,55,46,2,426,0,10,51,2,63,323,65,97,4,489,64,0,64,553
02/13/2018,OAK,CA,AWP,WE,Towers with Radar,364,69,64,1,498,0,11,96,0,107,364,80,160,1,605,160,0,160,765
02/14/2018,OAK,CA,AWP,WE,Towers with Radar,336,64,59,0,459,0,12,50,7,69,336,76,109,7,528,52,0,52,580
02/15/2018,OAK,CA,AWP,WE,Towers with Radar,366,83,39,0,488,0,14,79,12,105,366,97,118,12,593,126,18,144,737
02/16/2018,OAK,CA,AWP,WE,Towers with Radar,353,88,54,2,497,0,12,79,13,104,353,100,133,15,601,186,0,186,787
02/17/2018,OAK,CA,AWP,WE,Towers with Radar,242,52,35,0,329,0,10,85,0,95,242,62,120,0,424,288,0,288,712
02/18/2018,OAK,CA,AWP,WE,Towers with Radar,286,36,22,0,344,0,6,38,0,44,286,42,60,0,388,80,0,80,468
02/19/2018,OAK,CA,AWP,WE,Towers with Radar,313,54,48,0,415,0,12,66,0,78,313,66,114,0,493,64,0,64,557
02/20/2018,OAK,CA,AWP,WE,Towers with Radar,358,65,45,4,472,0,11,57,2,70,358,76,102,6,542,112,0,112,654
02/21/2018,OAK,CA,AWP,WE,Towers with Radar,353,82,37,2,474,0,10,42,7,59,353,92,79,9,533,34,0,34,567
02/22/2018,OAK,CA,AWP,WE,Towers with Radar,370,83,44,0,497,0,6,34,2,42,370,89,78,2,539,94,10,104,643
02/23/2018,OAK,CA,AWP,WE,Towers with Radar,358,76,58,3,495,0,15,107,9,131,358,91,165,12,626,126,0,126,752
02/24/2018,OAK,CA,AWP,WE,Towers with Radar,250,64,44,0,358,0,7,62,0,69,250,71,106,0,427,112,0,112,539
02/25/2018,OAK,CA,AWP,WE,Towers with Radar,292,88,58,0,438,0,4,103,0,107,292,92,161,0,545,104,0,104,649
02/26/2018,OAK,CA,AWP,WE,Towers with Radar,316,85,49,1,451,0,5,18,4,27,316,90,67,5,478,0,0,0,478
02/27/2018,OAK,CA,AWP,WE,Towers with Radar,358,74,52,0,484,0,4,76,3,83,358,78,128,3,567,102,0,102,669
02/28/2018,OAK,CA,AWP,WE,Towers with Radar,368,79,62,0,509,0,9,40,4,53,368,88,102,4,562,104,0,104,666
03/01/2018,OAK,CA,AWP,WE,Towers with Radar,382,98,74,0,554,0,2,3,0,5,382,100,77,0,559,14,0,14,573
03/02/2018,OAK,CA,AWP,WE,Towers with Radar,342,71,43,0,456,0,7,17,0,24,342,78,60,0,480,26,0,26,506
03/03/2018,OAK,CA,AWP,WE,Towers with Radar,246,43,32,0,321,0,2,16,2,20,246,45,48,2,341,158,0,158,499
03/04/2018,OAK,CA,AWP,WE,Towers with Radar,294,76,54,0,424,0,2,103,0,105,294,78,157,0,529,198,0,198,727
03/05/2018,OAK,CA,AWP,WE,Towers with Radar,325,52,36,0,413,0,5,63,2,70,325,57,99,2,483,66,0,66,549
03/06/2018,OAK,CA,AWP,WE,Towers with Radar,370,64,65,2,501,0,11,65,3,79,370,75,130,5,580,164,2,166,746
03/07/2018,OAK,CA,AWP,WE,Towers with Radar,371,80,60,0,511,0,7,57,5,69,371,87,117,5,580,56,0,56,636
03/08/2018,OAK,CA,AWP,WE,Towers with Radar,364,77,51,3,495,0,13,42,6,61,364,90,93,9,556,56,0,56,612
03/09/2018,OAK,CA,AWP,WE,Towers with Radar,353,71,45,0,469,0,11,38,3,52,353,82,83,3,521,126,0,126,647
03/10/2018,OAK,CA,AWP,WE,Towers with Radar,261,39,42,0,342,0,3,29,0,32,261,42,71,0,374,224,0,224,598
03/11/2018,OAK,CA,AWP,WE,Towers with Radar,296,77,53,1,427,0,5,68,1,74,296,82,121,2,501,118,0,118,619
03/12/2018,OAK,CA,AWP,WE,Towers with Radar,329,62,42,0,433,0,6,52,4,62,329,68,94,4,495,98,0,98,593
03/13/2018,OAK,CA,AWP,WE,Towers with Radar,373,70,30,4,477,0,4,19,0,23,373,74,49,4,500,86,0,86,586
03/14/2018,OAK,CA,AWP,WE,Towers with Radar,368,99,64,0,531,0,12,34,7,53,368,111,98,7,584,64,0,64,648
03/15/2018,OAK,CA,AWP,WE,Towers with Radar,376,94,73,0,543,0,6,20,2,28,376,100,93,2,571,140,0,140,711
03/16/2018,OAK,CA,AWP,WE,Towers with Radar,367,85,48,0,500,0,6,20,10,36,367,91,68,10,536,144,0,144,680
03/17/2018,OAK,CA,AWP,WE,Towers with Radar,267,45,39,0,351,0,12,47,1,60,267,57,86,1,411,228,0,228,639
03/18/2018,OAK,CA,AWP,WE,Towers with Radar,293,64,44,0,401,0,8,93,0,101,293,72,137,0,502,206,0,206,708
03/19/2018,OAK,CA,AWP,WE,Towers with Radar,329,57,40,0,426,0,6,72,2,80,329,63,112,2,506,210,0,210,716
03/20/2018,OAK,CA,AWP,WE,Towers with Radar,363,78,83,0,524,0,1,14,2,17,363,79,97,2,541,86,38,124,665
03/21/2018,OAK,CA,AWP,WE,Towers with Radar,384,104,76,0,564,0,7,9,10,26,384,111,85,10,590,102,0,102,692
03/22/2018,OAK,CA,AWP,WE,Towers with Radar,381,75,76,0,532,0,3,15,0,18,381,78,91,0,550,68,0,68,618
03/23/2018,OAK,CA,AWP,WE,Towers with Radar,361,54,58,0,473,0,9,69,0,78,361,63,127,0,551,132,0,132,683
03/24/2018,OAK,CA,AWP,WE,Towers with Radar,276,39,32,0,347,0,0,58,4,62,276,39,90,4,409,182,0,182,591
03/25/2018,OAK,CA,AWP,WE,Towers with Radar,303,57,63,0,423,0,5,70,3,78,303,62,133,3,501,84,0,84,585
03/26/2018,OAK,CA,AWP,WE,Towers with Radar,322,65,45,0,432,0,5,64,0,69,322,70,109,0,501,78,0,78,579
03/27/2018,OAK,CA,AWP,WE,Towers with Radar,378,48,52,0,478,0,9,80,4,93,378,57,132,4,571,80,0,80,651
03/28/2018,OAK,CA,AWP,WE,Towers with Radar,375,59,73,0,507,0,8,108,6,122,375,67,181,6,629,212,0,212,841
03/29/2018,OAK,CA,AWP,WE,Towers with Radar,378,65,70,0,513,0,6,82,8,96,378,71,152,8,609,74,8,82,691
03/30/2018,OAK,CA,AWP,WE,Towers with Radar,369,65,51,0,485,0,15,71,6,92,369,80,122,6,577,112,0,112,689
03/31/2018,OAK,CA,AWP,WE,Towers with Radar,271,28,36,0,335,0,10,103,0,113,271,38,139,0,448,36,0,36,484
04/01/2018,OAK,CA,AWP,WE,Towers with Radar,301,61,40,0,402,0,7,87,2,96,301,68,127,2,498,16,0,16,514
04/02/2018,OAK,CA,AWP,WE,Towers with Radar,337,59,51,0,447,0,7,64,2,73,337,66,115,2,520,106,0,106,626
04/03/2018,OAK,CA,AWP,WE,Towers with Radar,385,50,31,0,466,0,9,65,0,74,385,59,96,0,540,96,0,96,636
04/04/2018,OAK,CA,AWP,WE,Towers with Radar,387,57,50,2,496,0,11,63,8,82,387,68,113,10,578,88,0,88,666
04/05/2018,OAK,CA,AWP,WE,Towers with Radar,378,65,41,0,484,0,3,45,7,55,378,68,86,7,539,58,0,58,597
04/06/2018,OAK,CA,AWP,WE,Towers with Radar,372,87,64,0,523,0,0,0,0,0,372,87,64,0,523,0,0,0,523
04/07/2018,OAK,CA,AWP,WE,Towers with Radar,283,52,43,0,378,0,1,20,0,21,283,53,63,0,399,126,0,126,525
04/08/2018,OAK,CA,AWP,WE,Towers with Radar,326,70,45,3,444,0,7,107,2,116,326,77,152,5,560,178,0,178,738
04/09/2018,OAK,CA,AWP,WE,Towers with Radar,344,55,34,0,433,0,6,58,1,65,344,61,92,1,498,110,0,110,608
04/10/2018,OAK,CA,AWP,WE,Towers with Radar,393,68,48,0,509,0,4,35,0,39,393,72,83,0,548,112,0,112,660
04/11/2018,OAK,CA,AWP,WE,Towers with Radar,401,69,62,0,532,0,4,37,0,41,401,73,99,0,573,106,0,106,679
04/12/2018,OAK,CA,AWP,WE,Towers with Radar,400,55,38,0,493,0,8,49,7,64,400,63,87,7,557,116,0,116,673
04/13/2018,OAK,CA,AWP,WE,Towers with Radar,387,59,63,0,509,0,12,89,7,108,387,71,152,7,617,164,0,164,781
04/14/2018,OAK,CA,AWP,WE,Towers with Radar,282,38,40,1,361,0,0,102,0,102,282,38,142,1,463,214,0,214,677
04/15/2018,OAK,CA,AWP,WE,Towers with Radar,331,51,54,1,437,0,0,31,0,31,331,51,85,1,468,96,0,96,564
04/16/2018,OAK,CA,AWP,WE,Towers with Radar,359,69,57,0,485,0,7,29,0,36,359,76,86,0,521,28,0,28,549
04/17/2018,OAK,CA,AWP,WE,Towers with Radar,402,60,43,0,505,0,7,82,4,93,402,67,125,4,598,114,0,114,712
04/18/2018,OAK,CA,AWP,WE,Towers with Radar,395,78,39,0,512,0,10,61,7,78,395,88,100,7,590,56,0,56,646
04/19/2018,OAK,CA,AWP,WE,Towers with Radar,400,69,40,0,509,0,11,93,7,111,400,80,133,7,620,162,0,162,782
04/20/2018,OAK,CA,AWP,WE,Towers with Radar,383,67,67,1,518,0,6,103,11,120,383,73,170,12,638,152,0,152,790
04/21/2018,OAK,CA,AWP,WE,Towers with Radar,280,46,33,0,359,0,2,104,1,107,280,48,137,1,466,116,0,116,582
04/22/2018,OAK,CA,AWP,WE,Towers with Radar,330,51,54,0,435,0,3,82,1,86,330,54,136,1,521,20,0,20,541
04/23/2018,OAK,CA,AWP,WE,Towers with Radar,356,63,51,0,470,0,6,62,3,71,356,69,113,3,541,160,0,160,701
04/24/2018,OAK,CA,AWP,WE,Towers with Radar,391,66,55,0,512,0,4,66,2,72,391,70,121,2,584,102,0,102,686
04/25/2018,OAK,CA,AWP,WE,Towers with Radar,391,60,49,1,501,0,5,44,8,57,391,65,93,9,558,130,0,130,688
04/26/2018,OAK,CA,AWP,WE,Towers with Radar,407,80,73,1,561,0,6,58,12,76,407,86,131,13,637,184,0,184,821
04/27/2018,OAK,CA,AWP,WE,Towers with Radar,389,63,63,0,515,0,11,68,7,86,389,74,131,7,601,252,0,252,853
04/28/2018,OAK,CA,AWP,WE,Towers with Radar,282,40,36,0,358,0,2,62,2,66,282,42,98,2,424,114,0,114,538
04/29/2018,OAK,CA,AWP,WE,Towers with Radar,327,54,64,2,447,0,6,88,1,95,327,60,152,3,542,272,0,272,814
04/30/2018,OAK,CA,AWP,WE,Towers with Radar,364,59,61,0,484,0,6,73,6,85,364,65,134,6,569,182,0,182,751
05/01/2018,OAK,CA,AWP,WE,Towers with Radar,399,59,71,4,533,0,11,97,5,113,399,70,168,9,646,146,0,146,792
05/02/2018,OAK,CA,AWP,WE,Towers with Radar,390,80,45,1,516,0,4,67,9,80,390,84,112,10,596,100,0,100,696
05/03/2018,OAK,CA,AWP,WE,Towers with Radar,412,61,53,0,526,0,7,52,6,65,412,68,105,6,591,176,0,176,767
05/04/2018,OAK,CA,AWP,WE,Towers with Radar,392,67,53,0,512,1,9,55,2,67,393,76,108,2,579,57,0,57,636
05/05/2018,OAK,CA,AWP,WE,Towers with Radar,288,33,16,1,338,0,7,55,0,62,288,40,71,1,400,134,0,134,534
05/06/2018,OAK,CA,AWP,WE,Towers with Radar,333,59,38,0,430,0,6,66,0,72,333,65,104,0,502,10,0,10,512
05/07/2018,OAK,CA,AWP,WE,Towers with Radar,361,51,43,0,455,0,6,52,1,59,361,57,95,1,514,78,0,78,592
05/08/2018,OAK,CA,AWP,WE,Towers with Radar,401,55,70,0,526,0,5,55,2,62,401,60,125,2,588,58,0,58,646
05/09/2018,OAK,CA,AWP,WE,Towers with Radar,401,80,69,1,551,0,2,33,6,41,401,82,102,7,592,23,0,23,615
05/10/2018,OAK,CA,AWP,WE,Towers with Radar,411,59,53,0,523,0,12,67,6,85,411,71,120,6,608,168,0,168,776
05/11/2018,OAK,CA,AWP,WE,Towers with Radar,388,63,50,0,501,0,9,70,6,85,388,72,120,6,586,156,0,156,742
05/12/2018,OAK,CA,AWP,WE,Towers with Radar,293,31,22,0,346,0,4,96,2,102,293,35,118,2,448,192,0,192,640
05/13/2018,OAK,CA,AWP,WE,Towers with Radar,328,41,28,0,397,0,9,48,1,58,328,50,76,1,455,132,0,132,587
05/14/2018,OAK,CA,AWP,WE,Towers with Radar,346,61,53,0,460,0,11,46,4,61,346,72,99,4,521,76,0,76,597
05/15/2018,OAK,CA,AWP,WE,Towers with Radar,409,79,57,3,548,0,10,42,4,56,409,89,99,7,604,148,0,148,752
05/16/2018,OAK,CA,AWP,WE,Towers with Radar,401,59,66,0,526,0,9,67,6,82,401,68,133,6,608,192,0,192,800
05/17/2018,OAK,CA,AWP,WE,Towers with Radar,413,75,71,0,559,0,7,67,1,75,413,82,138,1,634,204,0,204,838
05/18/2018,OAK,CA,AWP,WE,Towers with Radar,393,78,83,0,554,0,4,19,0,23,393,82,102,0,577,158,0,158,735
05/19/2018,OAK,CA,AWP,WE,Towers with Radar,293,39,38,0,370,0,1,41,2,44,293,40,79,2,414,126,0,126,540
05/20/2018,OAK,CA,AWP,WE,Towers with Radar,336,75,112,0,523,0,10,55,0,65,336,85,167,0,588,202,0,202,790
05/21/2018,OAK,CA,AWP,WE,Towers with Radar,360,56,47,0,463,0,5,60,0,65,360,61,107,0,528,158,0,158,686
05/22/2018,OAK,CA,AWP,WE,Towers with Radar,414,85,89,0,588,0,1,9,0,10,414,86,98,0,598,44,0,44,642
05/23/2018,OAK,CA,AWP,WE,Towers with Radar,416,87,65,1,569,0,8,30,2,40,416,95,95,3,609,206,0,206,815
05/24/2018,OAK,CA,AWP,WE,Towers with Radar,414,62,66,0,542,0,4,33,0,37,414,66,99,0,579,146,0,146,725
05/25/2018,OAK,CA,AWP,WE,Towers with Radar,397,81,46,0,524,0,5,32,0,37,397,86,78,0,561,110,0,110,671
05/26/2018,OAK,CA,AWP,WE,Towers with Radar,284,28,52,0,364,0,2,60,0,62,284,30,112,0,426,20,0,20,446
05/27/2018,OAK,CA,AWP,WE,Towers with Radar,281,40,21,0,342,0,6,93,0,99,281,46,114,0,441,18,0,18,459
05/28/2018,OAK,CA,AWP,WE,Towers with Radar,315,63,46,0,424,0,5,85,0,90,315,68,131,0,514,70,0,70,584
05/29/2018,OAK,CA,AWP,WE,Towers with Radar,370,73,50,2,495,0,9,75,3,87,370,82,125,5,582,128,0,128,710
05/30/2018,OAK,CA,AWP,WE,Towers with Radar,413,88,67,0,568,0,11,44,0,55,413,99,111,0,623,38,2,40,663
05/31/2018,OAK,CA,AWP,WE,Towers with Radar,414,89,72,2,577,0,11,57,0,68,414,100,129,2,645,116,0,116,761
06/01/2018,OAK,CA,AWP,WE,Towers with Radar,395,66,52,0,513,0,9,95,1,105,395,75,147,1,618,255,0,255,873
06/02/2018,OAK,CA,AWP,WE,Towers with Radar,289,40,43,0,372,0,1,82,0,83,289,41,125,0,455,138,0,138,593
06/03/2018,OAK,CA,AWP,WE,Towers with Radar,337,83,66,0,486,0,12,98,2,112,337,95,164,2,598,118,0,118,716
06/04/2018,OAK,CA,AWP,WE,Towers with Radar,361,51,42,2,456,0,11,61,6,78,361,62,103,8,534,157,18,175,709
06/05/2018,OAK,CA,AWP,WE,Towers with Radar,413,70,50,0,533,0,6,71,2,79,413,76,121,2,612,206,0,206,818
06/06/2018,OAK,CA,AWP,WE,Towers with Radar,419,70,60,1,550,0,10,35,1,46,419,80,95,2,596,142,0,142,738
06/07/2018,OAK,CA,AWP,WE,Towers with Radar,418,68,57,0,543,0,4,60,8,72,418,72,117,8,615,110,0,110,725
06/08/2018,OAK,CA,AWP,WE,Towers with Radar,399,70,42,1,512,0,5,87,7,99,399,75,129,8,611,162,0,162,773
06/09/2018,OAK,CA,AWP,WE,Towers with Radar,314,26,48,0,388,0,0,45,1,46,314,26,93,1,434,32,0,32,466
06/10/2018,OAK,CA,AWP,WE,Towers with Radar,337,43,38,0,418,0,5,88,0,93,337,48,126,0,511,86,0,86,597
06/11/2018,OAK,CA,AWP,WE,Towers with Radar,366,48,43,0,457,0,8,70,0,78,366,56,113,0,535,102,0,102,637
06/12/2018,OAK,CA,AWP,WE,Towers with Radar,440,66,59,0,565,0,11,76,10,97,440,77,135,10,662,110,0,110,772
06/13/2018,OAK,CA,AWP,WE,Towers with Radar,423,53,52,1,529,0,13,54,5,72,423,66,106,6,601,116,0,116,717
06/14/2018,OAK,CA,AWP,WE,Towers with Radar,438,65,52,0,555,0,13,69,7,89,438,78,121,7,644,102,0,102,746
06/15/2018,OAK,CA,AWP,WE,Towers with Radar,408,82,61,0,551,0,8,55,9,72,408,90,116,9,623,138,0,138,761
06/16/2018,OAK,CA,AWP,WE,Towers with Radar,312,38,38,0,388,0,4,87,0,91,312,42,125,0,479,6,0,6,485
06/17/2018,OAK,CA,AWP,WE,Towers with Radar,340,60,52,2,454,0,5,83,0,88,340,65,135,2,542,84,0,84,626
06/18/2018,OAK,CA,AWP,WE,Towers with Radar,374,67,48,1,490,0,6,46,2,54,374,73,94,3,544,124,0,124,668
06/19/2018,OAK,CA,AWP,WE,Towers with Radar,430,82,41,4,557,0,4,38,7,49,430,86,79,11,606,72,0,72,678
06/20/2018,OAK,CA,AWP,WE,Towers with Radar,433,81,66,1,581,0,7,56,5,68,433,88,122,6,649,142,20,162,811
06/21/2018,OAK,CA,AWP,WE,Towers with Radar,429,86,76,0,591,0,7,77,0,84,429,93,153,0,675,34,0,34,709
06/22/2018,OAK,CA,AWP,WE,Towers with Radar,399,72,37,0,508,0,7,88,1,96,399,79,125,1,604,114,0,114,718
06/23/2018,OAK,CA,AWP,WE,Towers with Radar,310,30,37,0,377,0,8,100,0,108,310,38,137,0,485,81,0,81,566
06/24/2018,OAK,CA,AWP,WE,Towers with Radar,338,46,81,0,465,0,2,98,0,100,338,48,179,0,565,116,0,116,681
06/25/2018,OAK,CA,AWP,WE,Towers with Radar,364,83,66,0,513,0,5,69,2,76,364,88,135,2,589,184,0,184,773
06/26/2018,OAK,CA,AWP,WE,Towers with Radar,421,76,40,0,537,0,5,62,3,70,421,81,102,3,607,214,0,214,821
06/27/2018,OAK,CA,AWP,WE,Towers with Radar,428,81,68,0,577,0,12,27,0,39,428,93,95,0,616,72,2,74,690
06/28/2018,OAK,CA,AWP,WE,Towers with Radar,420,72,60,3,555,0,4,67,1,72,420,76,127,4,627,80,0,80,707
06/29/2018,OAK,CA,AWP,WE,Towers with Radar,407,83,50,2,542,0,5,69,0,74,407,88,119,2,616,176,0,176,792
06/30/2018,OAK,CA,AWP,WE,Towers with Radar,318,29,35,0,382,0,8,78,0,86,318,37,113,0,468,98,0,98,566
07/01/2018,OAK,CA,AWP,WE,Towers with Radar,345,56,46,0,447,0,4,56,0,60,345,60,102,0,507,58,0,58,565
07/02/2018,OAK,CA,AWP,WE,Towers with Radar,377,71,47,0,495,0,5,21,0,26,377,76,68,0,521,114,0,114,635
07/03/2018,OAK,CA,AWP,WE,Towers with Radar,374,72,31,0,477,0,6,62,1,69,374,78,93,1,546,106,0,106,652
07/04/2018,OAK,CA,AWP,WE,Towers with Radar,306,38,15,0,359,0,7,41,0,48,306,45,56,0,407,14,0,14,421
07/05/2018,OAK,CA,AWP,WE,Towers with Radar,412,60,28,0,500,0,6,59,0,65,412,66,87,0,565,136,0,136,701
07/06/2018,OAK,CA,AWP,WE,Towers with Radar,398,72,24,0,494,0,15,78,0,93,398,87,102,0,587,126,0,126,713
07/07/2018,OAK,CA,AWP,WE,Towers with Radar,318,37,23,0,378,0,0,90,0,90,318,37,113,0,468,108,0,108,576
07/08/2018,OAK,CA,AWP,WE,Towers with Radar,350,60,54,0,464,0,6,79,0,85,350,66,133,0,549,158,0,158,707
07/09/2018,OAK,CA,AWP,WE,Towers with Radar,368,53,46,0,467,0,12,63,2,77,368,65,109,2,544,98,0,98,642
07/10/2018,OAK,CA,AWP,WE,Towers with Radar,433,73,55,1,562,0,5,94,0,99,433,78,149,1,661,96,0,96,757
07/11/2018,OAK,CA,AWP,WE,Towers with Radar,432,80,70,4,586,0,16,79,0,95,432,96,149,4,681,158,0,158,839
07/12/2018,OAK,CA,AWP,WE,Towers with Radar,436,73,54,2,565,0,6,94,0,100,436,79,148,2,665,120,0,120,785
07/13/2018,OAK,CA,AWP,WE,Towers with Radar,411,81,43,0,535,0,8,91,0,99,411,89,134,0,634,116,4,120,754
07/14/2018,OAK,CA,AWP,WE,Towers with Radar,319,33,31,2,385,0,2,70,0,72,319,35,101,2,457,138,0,138,595
07/15/2018,OAK,CA,AWP,WE,Towers with Radar,349,75,53,0,477,0,6,67,1,74,349,81,120,1,551,136,0,136,687
07/16/2018,OAK,CA,AWP,WE,Towers with Radar,375,57,57,0,489,0,6,59,2,67,375,63,116,2,556,108,0,108,664
07/17/2018,OAK,CA,AWP,WE,Towers with Radar,449,65,33,0,547,0,4,78,0,82,449,69,111,0,629,182,0,182,811
07/18/2018,OAK,CA,AWP,WE,Towers with Radar,448,80,56,0,584,0,7,65,0,72,448,87,121,0,656,132,0,132,788
07/19/2018,OAK,CA,AWP,WE,Towers with Radar,450,78,60,0,588,0,15,68,0,83,450,93,128,0,671,150,1,151,822
07/20/2018,OAK,CA,AWP,WE,Towers with Radar,422,77,46,1,546,0,16,68,2,86,422,93,114,3,632,88,0,88,720
07/21/2018,OAK,CA,AWP,WE,Towers with Radar,334,43,36,0,413,0,4,49,1,54,334,47,85,1,467,11,0,11,478
07/22/2018,OAK,CA,AWP,WE,Towers with Radar,346,67,57,1,471,0,5,68,0,73,346,72,125,1,544,8,0,8,552
07/23/2018,OAK,CA,AWP,WE,Towers with Radar,373,60,57,0,490,0,12,41,0,53,373,72,98,0,543,160,0,160,703
07/24/2018,OAK,CA,AWP,WE,Towers with Radar,433,74,58,0,565,0,7,50,0,57,433,81,108,0,622,24,0,24,646
07/25/2018,OAK,CA,AWP,WE,Towers with Radar,446,95,34,0,575,0,8,77,3,88,446,103,111,3,663,108,0,108,771
07/26/2018,OAK,CA,AWP,WE,Towers with Radar,424,96,55,0,575,0,8,69,0,77,424,104,124,0,652,172,0,172,824
07/27/2018,OAK,CA,AWP,WE,Towers with Radar,426,79,56,0,561,0,7,55,0,62,426,86,111,0,623,147,0,147,770
07/28/2018,OAK,CA,AWP,WE,Towers with Radar,335,42,28,0,405,0,0,64,0,64,335,42,92,0,469,68,0,68,537
07/29/2018,OAK,CA,AWP,WE,Towers with Radar,351,74,62,0,487,0,6,83,0,89,351,80,145,0,576,132,0,132,708
07/30/2018,OAK,CA,AWP,WE,Towers with Radar,386,76,39,0,501,0,3,43,0,46,386,79,82,0,547,30,0,30,577
07/31/2018,OAK,CA,AWP,WE,Towers with Radar,437,74,45,0,556,0,7,56,0,63,437,81,101,0,619,134,0,134,753
08/01/2018,OAK,CA,AWP,WE,Towers with Radar,440,89,45,2,576,0,11,51,0,62,440,100,96,2,638,40,0,40,678
08/02/2018,OAK,CA,AWP,WE,Towers with Radar,418,102,58,3,581,0,4,74,0,78,418,106,132,3,659,122,0,122,781
08/03/2018,OAK,CA,AWP,WE,Towers with Radar,412,93,35,0,540,0,5,73,0,78,412,98,108,0,618,0,0,0,618
08/04/2018,OAK,CA,AWP,WE,Towers with Radar,317,37,19,0,373,0,5,64,0,69,317,42,83,0,442,0,0,0,442
08/05/2018,OAK,CA,AWP,WE,Towers with Radar,357,74,53,0,484,0,2,84,0,86,357,76,137,0,570,68,0,68,638
08/06/2018,OAK,CA,AWP,WE,Towers with Radar,381,79,45,0,505,0,5,71,0,76,381,84,116,0,581,270,0,270,851
08/07/2018,OAK,CA,AWP,WE,Towers with Radar,436,65,55,0,556,0,4,46,0,50,436,69,101,0,606,98,0,98,704
08/08/2018,OAK,CA,AWP,WE,Towers with Radar,433,79,61,0,573,0,6,35,0,41,433,85,96,0,614,116,0,116,730
08/09/2018,OAK,CA,AWP,WE,Towers with Radar,427,91,63,0,581,0,10,39,0,49,427,101,102,0,630,158,0,158,788
08/10/2018,OAK,CA,AWP,WE,Towers with Radar,410,81,49,0,540,0,8,72,1,81,410,89,121,1,621,114,0,114,735
08/11/2018,OAK,CA,AWP,WE,Towers with Radar,322,38,23,0,383,0,3,97,0,100,322,41,120,0,483,160,0,160,643
08/12/2018,OAK,CA,AWP,WE,Towers with Radar,331,62,48,0,441,0,3,70,2,75,331,65,118,2,516,146,0,146,662
08/13/2018,OAK,CA,AWP,WE,Towers with Radar,378,80,59,0,517,0,4,43,0,47,378,84,102,0,564,56,3,59,623
08/14/2018,OAK,CA,AWP,WE,Towers with Radar,428,82,78,5,593,0,9,19,0,28,428,91,97,5,621,10,0,10,631
08/15/2018,OAK,CA,AWP,WE,Towers with Radar,442,106,56,0,604,0,9,56,0,65,442,115,112,0,669,2,0,2,671
08/16/2018,OAK,CA,AWP,WE,Towers with Radar,425,89,68,0,582,0,15,71,0,86,425,104,139,0,668,94,0,94,762
08/17/2018,OAK,CA,AWP,WE,Towers with Radar,416,80,63,0,559,0,11,55,0,66,416,91,118,0,625,71,0,71,696
08/18/2018,OAK,CA,AWP,WE,Towers with Radar,317,30,25,0,372,0,4,83,0,87,317,34,108,0,459,64,0,64,523
08/19/2018,OAK,CA,AWP,WE,Towers with Radar,335,79,44,0,458,0,6,64,0,70,335,85,108,0,528,26,0,26,554
08/20/2018,OAK,CA,AWP,WE,Towers with Radar,369,82,50,2,503,0,15,51,0,66,369,97,101,2,569,142,0,142,711
08/21/2018,OAK,CA,AWP,WE,Towers with Radar,424,90,63,0,577,0,2,34,0,36,424,92,97,0,613,148,0,148,761
08/22/2018,OAK,CA,AWP,WE,Towers with Radar,420,84,58,0,562,0,7,52,0,59,420,91,110,0,621,96,0,96,717
08/23/2018,OAK,CA,AWP,WE,Towers with Radar,422,81,82,1,586,0,10,40,0,50,422,91,122,1,636,64,0,64,700
08/24/2018,OAK,CA,AWP,WE,Towers with Radar,407,75,58,1,541,0,6,40,0,46,407,81,98,1,587,84,0,84,671
08/25/2018,OAK,CA,AWP,WE,Towers with Radar,307,39,41,0,387,0,4,64,0,68,307,43,105,0,455,238,0,238,693
08/26/2018,OAK,CA,AWP,WE,Towers with Radar,332,55,54,0,441,0,6,79,0,85,332,61,133,0,526,130,0,130,656
08/27/2018,OAK,CA,AWP,WE,Towers with Radar,370,89,49,0,508,0,2,70,0,72,370,91,119,0,580,174,0,174,754
08/28/2018,OAK,CA,AWP,WE,Towers with Radar,424,76,55,1,556,0,10,48,2,60,424,86,103,3,616,192,0,192,808
08/29/2018,OAK,CA,AWP,WE,Towers with Radar,420,88,46,0,554,0,14,75,0,89,420,102,121,0,643,140,0,140,783
08/30/2018,OAK,CA,AWP,WE,Towers with Radar,422,89,58,0,569,0,7,80,0,87,422,96,138,0,656,144,0,144,800
08/31/2018,OAK,CA,AWP,WE,Towers with Radar,403,99,51,1,554,0,9,64,1,74,403,108,115,2,628,46,0,46,674
09/01/2018,OAK,CA,AWP,WE,Towers with Radar,281,38,28,0,347,0,5,69,0,74,281,43,97,0,421,74,0,74,495
09/02/2018,OAK,CA,AWP,WE,Towers with Radar,265,30,24,0,319,0,3,77,0,80,265,33,101,0,399,4,0,4,403
09/03/2018,OAK,CA,AWP,WE,Towers with Radar,337,76,79,0,492,0,8,64,0,72,337,84,143,0,564,36,0,36,600
09/04/2018,OAK,CA,AWP,WE,Towers with Radar,375,84,59,4,522,0,7,59,0,66,375,91,118,4,588,94,0,94,682
09/05/2018,OAK,CA,AWP,WE,Towers with Radar,418,69,55,0,542,0,9,39,0,48,418,78,94,0,590,48,0,48,638
09/06/2018,OAK,CA,AWP,WE,Towers with Radar,409,100,54,0,563,0,11,58,0,69,409,111,112,0,632,216,0,216,848
09/07/2018,OAK,CA,AWP,WE,Towers with Radar,401,76,58,0,535,0,2,47,1,50,401,78,105,1,585,162,0,162,747
09/08/2018,OAK,CA,AWP,WE,Towers with Radar,289,33,44,0,366,0,2,97,0,99,289,35,141,0,465,13,0,13,478
09/09/2018,OAK,CA,AWP,WE,Towers with Radar,333,65,46,0,444,0,6,105,0,111,333,71,151,0,555,34,0,34,589
09/10/2018,OAK,CA,AWP,WE,Towers with Radar,362,66,52,1,481,0,10,88,1,99,362,76,140,2,580,84,0,84,664
09/11/2018,OAK,CA,AWP,WE,Towers with Radar,405,81,45,0,531,0,10,65,0,75,405,91,110,0,606,160,0,160,766
09/12/2018,OAK,CA,AWP,WE,Towers with Radar,396,55,45,1,497,0,10,72,1,83,396,65,117,2,580,130,0,130,710
09/13/2018,OAK,CA,AWP,WE,Towers with Radar,406,75,54,0,535,0,10,59,2,71,406,85,113,2,606,128,0,128,734
09/14/2018,OAK,CA,AWP,WE,Towers with Radar,397,89,51,0,537,0,12,72,0,84,397,101,123,0,621,150,0,150,771
09/15/2018,OAK,CA,AWP,WE,Towers with Radar,295,39,31,0,365,0,1,48,1,50,295,40,79,1,415,204,0,204,619
09/16/2018,OAK,CA,AWP,WE,Towers with Radar,321,68,65,0,454,0,3,78,0,81,321,71,143,0,535,108,1,109,644
09/17/2018,OAK,CA,AWP,WE,Towers with Radar,366,68,46,0,480,0,8,46,2,56,366,76,92,2,536,124,12,136,672
09/18/2018,OAK,CA,AWP,WE,Towers with Radar,405,89,60,2,556,0,6,54,0,60,405,95,114,2,616,114,0,114,730
09/19/2018,OAK,CA,AWP,WE,Towers with Radar,389,65,52,0,506,0,5,52,0,57,389,70,104,0,563,134,0,134,697
09/20/2018,OAK,CA,AWP,WE,Towers with Radar,407,81,51,0,539,0,11,77,0,88,407,92,128,0,627,76,0,76,703
09/21/2018,OAK,CA,AWP,WE,Towers with Radar,402,89,51,0,542,0,10,70,0,80,402,99,121,0,622,58,0,58,680
09/22/2018,OAK,CA,AWP,WE,Towers with Radar,295,47,29,0,371,0,3,52,0,55,295,50,81,0,426,84,0,84,510
09/23/2018,OAK,CA,AWP,WE,Towers with Radar,320,52,39,0,411,0,9,90,0,99,320,61,129,0,510,80,0,80,590
09/24/2018,OAK,CA,AWP,WE,Towers with Radar,361,73,36,0,470,0,4,57,0,61,361,77,93,0,531,122,0,122,653
09/25/2018,OAK,CA,AWP,WE,Towers with Radar,408,84,60,0,552,0,7,76,0,83,408,91,136,0,635,138,0,138,773
09/26/2018,OAK,CA,AWP,WE,Towers with Radar,397,53,44,0,494,0,10,65,0,75,397,63,109,0,569,134,0,134,703
09/27/2018,OAK,CA,AWP,WE,Towers with Radar,407,80,56,0,543,0,12,45,0,57,407,92,101,0,600,150,0,150,750
09/28/2018,OAK,CA,AWP,WE,Towers with Radar,401,88,57,0,546,0,7,48,0,55,401,95,105,0,601,42,0,42,643
09/29/2018,OAK,CA,AWP,WE,Towers with Radar,312,46,36,0,394,0,4,69,0,73,312,50,105,0,467,166,0,166,633
09/30/2018,OAK,CA,AWP,WE,Towers with Radar,334,65,59,4,462,0,2,84,0,86,334,67,143,4,548,48,0,48,596
10/01/2018,OAK,CA,AWP,WE,Towers with Radar,355,59,33,1,448,0,8,48,7,63,355,67,81,8,511,56,0,56,567
10/02/2018,OAK,CA,AWP,WE,Towers with Radar,382,62,41,0,485,0,11,35,2,48,382,73,76,2,533,148,2,150,683
10/03/2018,OAK,CA,AWP,WE,Towers with Radar,391,73,49,0,513,0,10,56,5,71,391,83,105,5,584,232,0,232,816
10/04/2018,OAK,CA,AWP,WE,Towers with Radar,410,91,54,5,560,0,5,60,20,85,410,96,114,25,645,168,0,168,813
10/05/2018,OAK,CA,AWP,WE,Towers with Radar,400,83,57,0,540,0,12,103,23,138,400,95,160,23,678,102,4,106,784
10/06/2018,OAK,CA,AWP,WE,Towers with Radar,292,33,26,0,351,0,5,85,22,112,292,38,111,22,463,102,0,102,565
10/07/2018,OAK,CA,AWP,WE,Towers with Radar,336,57,51,0,444,0,4,67,13,84,336,61,118,13,528,0,0,0,528
10/08/2018,OAK,CA,AWP,WE,Towers with Radar,364,61,32,5,462,0,7,45,1,53,364,68,77,6,515,170,0,170,685
10/09/2018,OAK,CA,AWP,WE,Towers with Radar,402,67,40,0,509,0,17,66,1,84,402,84,106,1,593,78,0,78,671
10/10/2018,OAK,CA,AWP,WE,Towers with Radar,398,68,52,0,518,0,11,82,0,93,398,79,134,0,611,198,0,198,809
10/11/2018,OAK,CA,AWP,WE,Towers with Radar,410,85,67,1,563,0,12,60,3,75,410,97,127,4,638,190,18,208,846
10/12/2018,OAK,CA,AWP,WE,Towers with Radar,401,70,46,2,519,0,12,84,0,96,401,82,130,2,615,86,0,86,701
10/13/2018,OAK,CA,AWP,WE,Towers with Radar,281,26,23,0,330,0,4,69,0,73,281,30,92,0,403,186,0,186,589
10/14/2018,OAK,CA,AWP,WE,Towers with Radar,329,64,58,0,451,0,2,78,0,80,329,66,136,0,531,124,0,124,655
10/15/2018,OAK,CA,AWP,WE,Towers with Radar,362,78,47,0,487,0,12,58,0,70,362,90,105,0,557,60,0,60,617
10/16/2018,OAK,CA,AWP,WE,Towers with Radar,398,68,56,0,522,0,6,60,0,66,398,74,116,0,588,198,0,198,786
10/17/2018,OAK,CA,AWP,WE,Towers with Radar,391,72,50,0,513,0,14,67,0,81,391,86,117,0,594,162,0,162,756
10/18/2018,OAK,CA,AWP,WE,Towers with Radar,407,72,56,0,535,0,11,73,1,85,407,83,129,1,620,110,0,110,730
10/19/2018,OAK,CA,AWP,WE,Towers with Radar,396,85,51,0,532,0,7,90,0,97,396,92,141,0,629,130,0,130,759
10/20/2018,OAK,CA,AWP,WE,Towers with Radar,295,35,26,0,356,0,4,52,0,56,295,39,78,0,412,220,0,220,632
10/21/2018,OAK,CA,AWP,WE,Towers with Radar,329,76,51,0,456,0,13,61,0,74,329,89,112,0,530,122,0,122,652
10/22/2018,OAK,CA,AWP,WE,Towers with Radar,360,72,49,2,483,0,10,32,0,42,360,82,81,2,525,112,0,112,637
10/23/2018,OAK,CA,AWP,WE,Towers with Radar,399,80,52,2,533,0,4,54,2,60,399,84,106,4,593,204,0,204,797
10/24/2018,OAK,CA,AWP,WE,Towers with Radar,394,86,55,2,537,0,8,65,0,73,394,94,120,2,610,136,0,136,746
10/25/2018,OAK,CA,AWP,WE,Towers with Radar,405,80,76,0,561,0,10,76,2,88,405,90,152,2,649,166,0,166,815
10/26/2018,OAK,CA,AWP,WE,Towers with Radar,392,81,56,0,529,0,16,72,1,89,392,97,128,1,618,104,0,104,722
10/27/2018,OAK,CA,AWP,WE,Towers with Radar,285,41,37,0,363,0,5,56,0,61,285,46,93,0,424,246,0,246,670
10/28/2018,OAK,CA,AWP,WE,Towers with Radar,324,58,65,0,447,0,3,75,0,78,324,61,140,0,525,30,0,30,555
10/29/2018,OAK,CA,AWP,WE,Towers with Radar,350,73,45,0,468,0,6,52,0,58,350,79,97,0,526,180,0,180,706
10/30/2018,OAK,CA,AWP,WE,Towers with Radar,382,81,51,0,514,0,6,81,2,89,382,87,132,2,603,134,0,134,737
10/31/2018,OAK,CA,AWP,WE,Towers with Radar,324,65,59,0,448,0,15,66,0,81,324,80,125,0,529,176,0,176,705
11/01/2018,OAK,CA,AWP,WE,Towers with Radar,407,71,61,0,539,0,11,78,0,89,407,82,139,0,628,106,0,106,734
11/02/2018,OAK,CA,AWP,WE,Towers with Radar,388,73,41,0,502,0,14,91,0,105,388,87,132,0,607,166,0,166,773
11/03/2018,OAK,CA,AWP,WE,Towers with Radar,280,34,32,0,346,0,1,97,0,98,280,35,129,0,444,268,0,268,712
11/04/2018,OAK,CA,AWP,WE,Towers with Radar,326,62,31,1,420,0,2,85,0,87,326,64,116,1,507,177,0,177,684
11/05/2018,OAK,CA,AWP,WE,Towers with Radar,346,63,36,2,447,0,9,60,0,69,346,72,96,2,516,132,0,132,648
11/06/2018,OAK,CA,AWP,WE,Towers with Radar,396,66,43,0,505,0,14,74,2,90,396,80,117,2,595,112,0,112,707
11/07/2018,OAK,CA,AWP,WE,Towers with Radar,397,74,44,1,516,0,9,90,0,99,397,83,134,1,615,226,0,226,841
11/08/2018,OAK,CA,AWP,WE,Towers with Radar,398,75,56,0,529,0,8,18,0,26,398,83,74,0,555,26,0,26,581
11/09/2018,OAK,CA,AWP,WE,Towers with Radar,383,85,60,2,530,0,8,25,0,33,383,93,85,2,563,22,0,22,585
11/10/2018,OAK,CA,AWP,WE,Towers with Radar,260,45,39,0,344,0,2,6,0,8,260,47,45,0,352,0,0,0,352
11/11/2018,OAK,CA,AWP,WE,Towers with Radar,334,47,50,3,434,0,3,35,1,39,334,50,85,4,473,0,0,0,473
11/12/2018,OAK,CA,AWP,WE,Towers with Radar,345,75,62,0,482,0,3,9,0,12,345,78,71,0,494,42,0,42,536
11/13/2018,OAK,CA,AWP,WE,Towers with Radar,407,84,83,3,577,0,6,11,0,17,407,90,94,3,594,4,0,4,598
11/14/2018,OAK,CA,AWP,WE,Towers with Radar,402,78,70,0,550,0,12,7,0,19,402,90,77,0,569,32,0,32,601
11/15/2018,OAK,CA,AWP,WE,Towers with Radar,408,116,75,0,599,0,2,0,0,2,408,118,75,0,601,0,0,0,601
11/16/2018,OAK,CA,AWP,WE,Towers with Radar,397,135,92,1,625,0,1,1,0,2,397,136,93,1,627,0,0,0,627
11/17/2018,OAK,CA,AWP,WE,Towers with Radar,332,70,52,0,454,0,0,2,0,2,332,70,54,0,456,0,0,0,456
11/18/2018,OAK,CA,AWP,WE,Towers with Radar,337,69,68,0,474,0,0,1,0,1,337,69,69,0,475,2,0,2,477
11/19/2018,OAK,CA,AWP,WE,Towers with Radar,369,72,56,3,500,0,5,5,0,10,369,77,61,3,510,0,0,0,510
11/20/2018,OAK,CA,AWP,WE,Towers with Radar,432,88,59,0,579,0,7,27,0,34,432,95,86,0,613,68,0,68,681
11/21/2018,OAK,CA,AWP,WE,Towers with Radar,437,104,69,0,610,0,5,5,0,10,437,109,74,0,620,54,0,54,674
11/22/2018,OAK,CA,AWP,WE,Towers with Radar,258,19,12,0,289,0,2,14,0,16,258,21,26,0,305,118,0,118,423
11/23/2018,OAK,CA,AWP,WE,Towers with Radar,341,54,35,0,430,0,1,4,0,5,341,55,39,0,435,6,0,6,441
11/24/2018,OAK,CA,AWP,WE,Towers with Radar,323,68,52,0,443,0,6,68,0,74,323,74,120,0,517,177,0,177,694
11/25/2018,OAK,CA,AWP,WE,Towers with Radar,387,111,107,0,605,0,11,68,0,79,387,122,175,0,684,24,0,24,708
11/26/2018,OAK,CA,AWP,WE,Towers with Radar,389,73,39,0,501,0,12,74,0,86,389,85,113,0,587,130,0,130,717
11/27/2018,OAK,CA,AWP,WE,Towers with Radar,445,71,54,1,571,0,1,11,2,14,445,72,65,3,585,224,0,224,809
11/28/2018,OAK,CA,AWP,WE,Towers with Radar,420,82,45,3,550,0,8,13,0,21,420,90,58,3,571,130,0,130,701
11/29/2018,OAK,CA,AWP,WE,Towers with Radar,418,96,55,0,569,0,2,4,0,6,418,98,59,0,575,26,0,26,601
11/30/2018,OAK,CA,AWP,WE,Towers with Radar,394,71,45,0,510,0,7,72,0,79,394,78,117,0,589,150,0,150,739
12/01/2018,OAK,CA,AWP,WE,Towers with Radar,267,29,32,0,328,0,6,36,0,42,267,35,68,0,370,244,0,244,614
12/02/2018,OAK,CA,AWP,WE,Towers with Radar,310,63,58,1,432,0,1,109,1,111,310,64,167,2,543,72,0,72,615
12/03/2018,OAK,CA,AWP,WE,Towers with Radar,354,55,54,0,463,0,9,57,1,67,354,64,111,1,530,70,0,70,600
12/04/2018,OAK,CA,AWP,WE,Towers with Radar,416,75,49,0,540,0,11,35,0,46,416,86,84,0,586,36,0,36,622
12/05/2018,OAK,CA,AWP,WE,Towers with Radar,405,89,35,0,529,0,11,28,1,40,405,100,63,1,569,72,0,72,641
12/06/2018,OAK,CA,AWP,WE,Towers with Radar,416,73,50,0,539,0,16,73,0,89,416,89,123,0,628,134,0,134,762
12/07/2018,OAK,CA,AWP,WE,Towers with Radar,384,62,51,0,497,0,16,77,0,93,384,78,128,0,590,232,0,232,822
12/08/2018,OAK,CA,AWP,WE,Towers with Radar,271,45,20,0,336,0,5,81,0,86,271,50,101,0,422,192,0,192,614
12/09/2018,OAK,CA,AWP,WE,Towers with Radar,317,62,67,0,446,0,5,52,2,59,317,67,119,2,505,56,0,56,561
12/10/2018,OAK,CA,AWP,WE,Towers with Radar,345,73,58,1,477,0,6,23,0,29,345,79,81,1,506,70,0,70,576
12/11/2018,OAK,CA,AWP,WE,Towers with Radar,420,60,42,3,525,0,10,27,0,37,420,70,69,3,562,36,0,36,598
12/12/2018,OAK,CA,AWP,WE,Towers with Radar,422,81,54,0,557,0,10,99,3,112,422,91,153,3,669,208,0,208,877
12/13/2018,OAK,CA,AWP,WE,Towers with Radar,440,85,64,0,589,0,11,102,0,113,440,96,166,0,702,82,0,82,784
12/14/2018,OAK,CA,AWP,WE,Towers with Radar,400,75,60,1,536,0,8,22,0,30,400,83,82,1,566,86,0,86,652
12/15/2018,OAK,CA,AWP,WE,Towers with Radar,284,50,32,1,367,0,2,61,0,63,284,52,93,1,430,136,0,136,566
12/16/2018,OAK,CA,AWP,WE,Towers with Radar,335,68,55,0,458,0,0,15,0,15,335,68,70,0,473,56,0,56,529
12/17/2018,OAK,CA,AWP,WE,Towers with Radar,361,64,58,0,483,0,7,44,0,51,361,71,102,0,534,152,0,152,686
12/18/2018,OAK,CA,AWP,WE,Towers with Radar,440,65,53,3,561,0,18,52,2,72,440,83,105,5,633,84,0,84,717
12/19/2018,OAK,CA,AWP,WE,Towers with Radar,459,70,30,0,559,0,8,44,0,52,459,78,74,0,611,217,0,217,828
12/20/2018,OAK,CA,AWP,WE,Towers with Radar,464,96,49,0,609,0,1,3,0,4,464,97,52,0,613,32,0,32,645
12/21/2018,OAK,CA,AWP,WE,Towers with Radar,456,105,49,0,610,0,9,20,0,29,456,114,69,0,639,24,0,24,663
12/22/2018,OAK,CA,AWP,WE,Towers with Radar,363,67,38,1,469,0,6,83,0,89,363,73,121,1,558,111,0,111,669
12/23/2018,OAK,CA,AWP,WE,Towers with Radar,382,58,37,0,477,0,2,68,2,72,382,60,105,2,549,132,40,172,721
12/24/2018,OAK,CA,AWP,WE,Towers with Radar,306,55,13,0,374,0,5,0,0,5,306,60,13,0,379,0,0,0,379
12/25/2018,OAK,CA,AWP,WE,Towers with Radar,289,26,24,0,339,0,4,30,0,34,289,30,54,0,373,52,0,52,425
12/26/2018,OAK,CA,AWP,WE,Towers with Radar,401,83,46,0,530,0,14,40,1,55,401,97,86,1,585,54,0,54,639
12/27/2018,OAK,CA,AWP,WE,Towers with Radar,448,58,33,0,539,0,10,50,2,62,448,68,83,2,601,122,0,122,723
12/28/2018,OAK,CA,AWP,WE,Towers with Radar,417,59,35,0,511,0,15,80,2,97,417,74,115,2,608,114,8,122,730
12/29/2018,OAK,CA,AWP,WE,Towers with Radar,332,39,23,0,394,0,5,90,2,97,332,44,113,2,491,124,0,124,615
12/30/2018,OAK,CA,AWP,WE,Towers with Radar,369,45,46,0,460,0,10,66,0,76,369,55,112,0,536,66,0,66,602
12/31/2018,OAK,CA,AWP,WE,Towers with Radar,297,45,5,0,347,0,8,22,2,32,297,53,27,2,379,4,40,44,423
01/01/2019,OAK,CA,AWP,WE,Towers with Radar,329,42,29,0,400,0,5,37,0,42,329,47,66,0,442,18,0,18,460
01/02/2019,OAK,CA,AWP,WE,Towers with Radar,406,82,49,0,537,0,17,52,4,73,406,99,101,4,610,60,30,90,700
01/03/2019,OAK,CA,AWP,WE,Towers with Radar,403,68,53,0,524,1,13,80,2,96,404,81,133,2,620,214,42,256,876
01/04/2019,OAK,CA,AWP,WE,Towers with Radar,374,65,46,0,485,0,13,53,3,69,374,78,99,3,554,232,0,232,786
01/05/2019,OAK,CA,AWP,WE,Towers with Radar,287,63,46,0,396,0,0,2,0,2,287,63,48,0,398,0,0,0,398
01/06/2019,OAK,CA,AWP,WE,Towers with Radar,342,119,95,0,556,0,2,0,0,2,342,121,95,0,558,0,0,0,558
01/07/2019,OAK,CA,AWP,WE,Towers with Radar,346,100,80,0,526,0,6,32,0,38,346,106,112,0,564,70,0,70,634
01/08/2019,OAK,CA,AWP,WE,Towers with Radar,388,92,91,4,575,0,5,15,0,20,388,97,106,4,595,12,0,12,607
01/09/2019,OAK,CA,AWP,WE,Towers with Radar,377,106,83,0,566,0,5,13,0,18,377,111,96,0,584,96,0,96,680
01/10/2019,OAK,CA,AWP,WE,Towers with Radar,401,118,84,1,604,0,9,39,3,51,401,127,123,4,655,130,64,194,849
01/11/2019,OAK,CA,AWP,WE,Towers with Radar,373,94,59,0,526,0,7,39,2,48,373,101,98,2,574,108,0,108,682
01/12/2019,OAK,CA,AWP,WE,Towers with Radar,240,44,39,0,323,0,8,103,0,111,240,52,142,0,434,234,0,234,668
01/13/2019,OAK,CA,AWP,WE,Towers with Radar,292,60,44,0,396,0,6,59,0,65,292,66,103,0,461,140,0,140,601
01/14/2019,OAK,CA,AWP,WE,Towers with Radar,338,69,43,2,452,0,7,21,0,28,338,76,64,2,480,10,0,10,490
01/15/2019,OAK,CA,AWP,WE,Towers with Radar,367,97,61,5,530,0,5,10,0,15,367,102,71,5,545,38,0,38,583
01/16/2019,OAK,CA,AWP,WE,Towers with Radar,376,117,57,3,553,1,0,7,0,8,377,117,64,3,561,10,0,10,571
01/17/2019,OAK,CA,AWP,WE,Towers with Radar,392,130,71,0,593,0,8,5,0,13,392,138,76,0,606,38,0,38,644
01/18/2019,OAK,CA,AWP,WE,Towers with Radar,372,105,73,1,551,0,10,67,0,77,372,115,140,1,628,211,0,211,839
01/19/2019,OAK,CA,AWP,WE,Towers with Radar,230,31,47,0,308,0,5,77,0,82,230,36,124,0,390,274,0,274,664
01/20/2019,OAK,CA,AWP,WE,Towers with Radar,285,63,32,0,380,0,1,0,0,1,285,64,32,0,381,0,0,0,381
01/21/2019,OAK,CA,AWP,WE,Towers with Radar,330,98,63,0,491,0,12,111,0,123,330,110,174,0,614,174,0,174,788
01/22/2019,OAK,CA,AWP,WE,Towers with Radar,364,65,39,0,468,0,7,71,0,78,364,72,110,0,546,106,0,106,652
01/23/2019,OAK,CA,AWP,WE,Towers with Radar,372,61,65,0,498,0,14,80,0,94,372,75,145,0,592,142,0,142,734
01/24/2019,OAK,CA,AWP,WE,Towers with Radar,377,66,75,0,518,0,10,105,0,115,377,76,180,0,633,120,0,120,753
01/25/2019,OAK,CA,AWP,WE,Towers with Radar,360,73,54,0,487,0,14,74,0,88,360,87,128,0,575,118,0,118,693
01/26/2019,OAK,CA,AWP,WE,Towers with Radar,238,45,38,0,321,0,9,78,0,87,238,54,116,0,408,190,0,190,598
01/27/2019,OAK,CA,AWP,WE,Towers with Radar,298,69,74,0,441,0,6,103,5,114,298,75,177,5,555,150,20,170,725
01/28/2019,OAK,CA,AWP,WE,Towers with Radar,322,57,42,0,421,0,8,44,1,53,322,65,86,1,474,138,0,138,612
01/29/2019,OAK,CA,AWP,WE,Towers with Radar,367,65,64,0,496,0,9,41,2,52,367,74,105,2,548,60,0,60,608
01/30/2019,OAK,CA,AWP,WE,Towers with Radar,358,70,51,6,485,0,9,46,2,57,358,79,97,8,542,212,0,212,754
01/31/2019,OAK,CA,AWP,WE,Towers with Radar,374,86,77,0,537,0,7,17,0,24,374,93,94,0,561,14,0,14,575
02/01/2019,OAK,CA,AWP,WE,Towers with Radar,361,83,55,0,499,0,7,19,2,28,361,90,74,2,527,22,0,22,549
02/02/2019,OAK,CA,AWP,WE,Towers with Radar,237,57,39,0,333,0,0,5,0,5,237,57,44,0,338,42,0,42,380
02/03/2019,OAK,CA,AWP,WE,Towers with Radar,258,82,36,0,376,0,3,2,0,5,258,85,38,0,381,22,0,22,403
02/04/2019,OAK,CA,AWP,WE,Towers with Radar,330,81,61,0,472,0,10,7,2,19,330,91,68,2,491,0,18,18,509
02/05/2019,OAK,CA,AWP,WE,Towers with Radar,364,63,44,0,471,0,7,61,0,68,364,70,105,0,539,144,0,144,683
02/06/2019,OAK,CA,AWP,WE,Towers with Radar,375,72,58,0,505,0,21,101,0,122,375,93,159,0,627,151,0,151,778
02/07/2019,OAK,CA,AWP,WE,Towers with Radar,377,78,44,0,499,0,15,77,3,95,377,93,121,3,594,120,0,120,714
02/08/2019,OAK,CA,AWP,WE,Towers with Radar,345,85,42,0,472,0,6,24,0,30,345,91,66,0,502,40,0,40,542
02/09/2019,OAK,CA,AWP,WE,Towers with Radar,242,55,23,0,320,0,4,12,0,16,242,59,35,0,336,118,0,118,454
02/10/2019,OAK,CA,AWP,WE,Towers with Radar,306,69,52,1,428,0,3,73,0,76,306,72,125,1,504,195,0,195,699
02/11/2019,OAK,CA,AWP,WE,Towers with Radar,320,74,50,3,447,0,6,54,0,60,320,80,104,3,507,234,0,234,741
02/12/2019,OAK,CA,AWP,WE,Towers with Radar,364,73,57,0,494,0,14,43,0,57,364,87,100,0,551,70,0,70,621
02/13/2019,OAK,CA,AWP,WE,Towers with Radar,360,122,49,0,531,0,2,0,0,2,360,124,49,0,533,0,0,0,533
02/14/2019,OAK,CA,AWP,WE,Towers with Radar,370,121,42,0,533,0,6,1,0,7,370,127,43,0,540,0,0,0,540
02/15/2019,OAK,CA,AWP,WE,Towers with Radar,364,134,51,0,549,0,12,32,2,46,364,146,83,2,595,84,16,100,695
02/16/2019,OAK,CA,AWP,WE,Towers with Radar,240,74,29,0,343,0,6,23,0,29,240,80,52,0,372,70,0,70,442
02/17/2019,OAK,CA,AWP,WE,Towers with Radar,289,61,33,0,383,0,8,45,0,53,289,69,78,0,436,152,0,152,588
02/18/2019,OAK,CA,AWP,WE,Towers with Radar,325,76,44,0,445,0,14,94,0,108,325,90,138,0,553,130,0,130,683
02/19/2019,OAK,CA,AWP,WE,Towers with Radar,378,80,44,0,502,0,9,61,1,71,378,89,105,1,573,132,0,132,705
02/20/2019,OAK,CA,AWP,WE,Towers with Radar,361,84,38,0,483,0,11,50,0,61,361,95,88,0,544,190,0,190,734
02/21/2019,OAK,CA,AWP,WE,Towers with Radar,360,64,48,0,472,0,17,55,3,75,360,81,103,3,547,152,4,156,703
02/22/2019,OAK,CA,AWP,WE,Towers with Radar,348,83,44,0,475,0,15,121,0,136,348,98,165,0,611,188,0,188,799
02/23/2019,OAK,CA,AWP,WE,Towers with Radar,244,60,34,0,338,0,8,83,0,91,244,68,117,0,429,150,0,150,579
02/24/2019,OAK,CA,AWP,WE,Towers with Radar,293,101,65,0,459,0,6,84,0,90,293,107,149,0,549,366,0,366,915
02/25/2019,OAK,CA,AWP,WE,Towers with Radar,333,81,73,0,487,0,4,3,0,7,333,85,76,0,494,0,0,0,494
02/26/2019,OAK,CA,AWP,WE,Towers with Radar,384,88,60,0,532,0,3,8,0,11,384,91,68,0,543,0,0,0,543
02/27/2019,OAK,CA,AWP,WE,Towers with Radar,368,108,67,4,547,0,1,7,0,8,368,109,74,4,555,18,0,18,573
02/28/2019,OAK,CA,AWP,WE,Towers with Radar,370,83,67,0,520,0,15,90,1,106,370,98,157,1,626,236,0,236,862
03/01/2019,OAK,CA,AWP,WE,Towers with Radar,359,83,35,0,477,0,8,68,0,76,359,91,103,0,553,174,0,174,727
03/02/2019,OAK,CA,AWP,WE,Towers with Radar,240,53,29,0,322,0,0,0,0,0,240,53,29,0,322,0,0,0,322
03/03/2019,OAK,CA,AWP,WE,Towers with Radar,299,108,59,0,466,0,4,4,0,8,299,112,63,0,474,46,0,46,520
03/04/2019,OAK,CA,AWP,WE,Towers with Radar,334,88,60,0,482,0,13,6,0,19,334,101,66,0,501,62,0,62,563
03/05/2019,OAK,CA,AWP,WE,Towers with Radar,381,108,54,2,545,0,8,7,0,15,381,116,61,2,560,4,0,4,564
03/06/2019,OAK,CA,AWP,WE,Towers with Radar,379,102,59,0,540,0,1,12,1,14,379,103,71,1,554,52,0,52,606
03/07/2019,OAK,CA,AWP,WE,Towers with Radar,380,107,56,1,544,0,11,40,4,55,380,118,96,5,599,350,0,350,949
03/08/2019,OAK,CA,AWP,WE,Towers with Radar,363,86,50,0,499,0,11,74,0,85,363,97,124,0,584,174,0,174,758
03/09/2019,OAK,CA,AWP,WE,Towers with Radar,257,53,28,0,338,0,1,17,0,18,257,54,45,0,356,144,0,144,500
03/10/2019,OAK,CA,AWP,WE,Towers with Radar,303,97,45,0,445,0,1,34,1,36,303,98,79,1,481,202,0,202,683
03/11/2019,OAK,CA,AWP,WE,Towers with Radar,336,80,41,0,457,0,10,86,0,96,336,90,127,0,553,204,0,204,757
03/12/2019,OAK,CA,AWP,WE,Towers with Radar,391,70,35,2,498,0,11,56,0,67,391,81,91,2,565,78,0,78,643
03/13/2019,OAK,CA,AWP,WE,Towers with Radar,379,88,43,1,511,0,14,66,1,81,379,102,109,2,592,80,0,80,672
03/14/2019,OAK,CA,AWP,WE,Towers with Radar,382,76,59,0,517,0,13,101,3,117,382,89,160,3,634,144,0,144,778
03/15/2019,OAK,CA,AWP,WE,Towers with Radar,367,75,44,0,486,0,12,89,2,103,367,87,133,2,589,194,0,194,783
03/16/2019,OAK,CA,AWP,WE,Towers with Radar,252,49,15,0,316,0,4,87,0,91,252,53,102,0,407,144,0,144,551
03/17/2019,OAK,CA,AWP,WE,Towers with Radar,294,74,55,0,423,0,6,89,0,95,294,80,144,0,518,118,0,118,636
03/18/2019,OAK,CA,AWP,WE,Towers with Radar,338,71,29,0,438,0,9,68,0,77,338,80,97,0,515,48,0,48,563
03/19/2019,OAK,CA,AWP,WE,Towers with Radar,380,66,36,0,482,0,7,49,0,56,380,73,85,0,538,82,0,82,620
03/20/2019,OAK,CA,AWP,WE,Towers with Radar,385,94,48,1,528,0,8,25,0,33,385,102,73,1,561,58,0,58,619
03/21/2019,OAK,CA,AWP,WE,Towers with Radar,390,89,47,1,527,0,11,64,0,75,390,100,111,1,602,120,0,120,722
03/22/2019,OAK,CA,AWP,WE,Towers with Radar,383,103,68,0,554,0,2,19,2,23,383,105,87,2,577,92,0,92,669
03/23/2019,OAK,CA,AWP,WE,Towers with Radar,248,66,39,1,354,0,8,85,0,93,248,74,124,1,447,186,0,186,633
03/24/2019,OAK,CA,AWP,WE,Towers with Radar,308,78,67,1,454,0,8,78,1,87,308,86,145,2,541,174,0,174,715
03/25/2019,OAK,CA,AWP,WE,Towers with Radar,349,78,47,0,474,0,2,7,0,9,349,80,54,0,483,44,0,44,527
03/26/2019,OAK,CA,AWP,WE,Towers with Radar,397,71,51,0,519,0,6,60,0,66,397,77,111,0,585,246,0,246,831
03/27/2019,OAK,CA,AWP,WE,Towers with Radar,381,104,45,0,530,0,12,21,2,35,381,116,66,2,565,148,0,148,713
03/28/2019,OAK,CA,AWP,WE,Towers with Radar,390,104,77,0,571,0,9,37,0,46,390,113,114,0,617,50,0,50,667
03/29/2019,OAK,CA,AWP,WE,Towers with Radar,370,85,61,0,516,0,6,91,0,97,370,91,152,0,613,168,0,168,781
03/30/2019,OAK,CA,AWP,WE,Towers with Radar,259,54,23,0,336,0,2,88,0,90,259,56,111,0,426,112,0,112,538
03/31/2019,OAK,CA,AWP,WE,Towers with Radar,306,65,47,0,418,0,8,99,0,107,306,73,146,0,525,50,0,50,575
04/01/2019,OAK,CA,AWP,WE,Towers with Radar,340,75,29,0,444,0,7,42,0,49,340,82,71,0,493,110,0,110,603
04/02/2019,OAK,CA,AWP,WE,Towers with Radar,392,92,51,0,535,0,7,10,0,17,392,99,61,0,552,52,0,52,604
04/03/2019,OAK,CA,AWP,WE,Towers with Radar,390,76,58,0,524,0,8,38,3,49,390,84,96,3,573,196,0,196,769
04/04/2019,OAK,CA,AWP,WE,Towers with Radar,397,94,55,0,546,0,7,150,2,159,397,101,205,2,705,0,0,0,705
04/05/2019,OAK,CA,AWP,WE,Towers with Radar,379,81,57,0,517,0,5,12,2,19,379,86,69,2,536,74,12,86,622
04/06/2019,OAK,CA,AWP,WE,Towers with Radar,272,44,42,0,358,0,5,44,0,49,272,49,86,0,407,106,0,106,513
04/07/2019,OAK,CA,AWP,WE,Towers with Radar,306,63,51,0,420,0,5,77,0,82,306,68,128,0,502,218,0,218,720
04/08/2019,OAK,CA,AWP,WE,Towers with Radar,353,79,37,1,470,0,1,22,2,25,353,80,59,3,495,132,0,132,627
04/09/2019,OAK,CA,AWP,WE,Towers with Radar,393,65,56,1,515,0,12,45,1,58,393,77,101,2,573,80,0,80,653
04/10/2019,OAK,CA,AWP,WE,Towers with Radar,386,83,49,0,518,0,17,68,0,85,386,100,117,0,603,0,0,0,603
04/11/2019,OAK,CA,AWP,WE,Towers with Radar,400,100,58,0,558,0,16,81,1,98,400,116,139,1,656,76,0,76,732
04/12/2019,OAK,CA,AWP,WE,Towers with Radar,373,87,61,1,522,0,10,256,0,266,373,97,317,1,788,58,0,58,846
04/13/2019,OAK,CA,AWP,WE,Towers with Radar,280,58,46,2,386,0,8,130,0,138,280,66,176,2,524,172,0,172,696
04/14/2019,OAK,CA,AWP,WE,Towers with Radar,320,81,55,0,456,0,4,60,0,64,320,85,115,0,520,182,0,182,702
04/15/2019,OAK,CA,AWP,WE,Towers with Radar,341,69,55,1,466,0,2,29,0,31,341,71,84,1,497,98,0,98,595
04/16/2019,OAK,CA,AWP,WE,Towers with Radar,405,60,33,0,498,0,8,60,3,71,405,68,93,3,569,128,0,128,697
04/17/2019,OAK,CA,AWP,WE,Towers with Radar,396,75,41,1,513,0,11,105,1,117,396,86,146,2,630,116,0,116,746
04/18/2019,OAK,CA,AWP,WE,Towers with Radar,392,74,43,0,509,0,10,88,0,98,392,84,131,0,607,290,0,290,897
04/19/2019,OAK,CA,AWP,WE,Towers with Radar,380,70,53,0,503,0,5,58,0,63,380,75,111,0,566,128,0,128,694
04/20/2019,OAK,CA,AWP,WE,Towers with Radar,277,58,18,0,353,0,2,22,2,26,277,60,40,2,379,22,0,22,401
04/21/2019,OAK,CA,AWP,WE,Towers with Radar,327,68,41,0,436,0,4,65,0,69,327,72,106,0,505,50,0,50,555
04/22/2019,OAK,CA,AWP,WE,Towers with Radar,344,75,60,0,479,0,12,91,0,103,344,87,151,0,582,128,0,128,710
04/23/2019,OAK,CA,AWP,WE,Towers with Radar,390,75,39,0,504,0,15,77,1,93,390,90,116,1,597,157,0,157,754
04/24/2019,OAK,CA,AWP,WE,Towers with Radar,388,73,58,0,519,0,17,85,0,102,388,90,143,0,621,112,0,112,733
04/25/2019,OAK,CA,AWP,WE,Towers with Radar,392,89,51,0,532,0,13,76,3,92,392,102,127,3,624,140,0,140,764
04/26/2019,OAK,CA,AWP,WE,Towers with Radar,377,90,53,0,520,0,13,73,1,87,377,103,126,1,607,132,0,132,739
04/27/2019,OAK,CA,AWP,WE,Towers with Radar,274,44,34,0,352,0,3,115,0,118,274,47,149,0,470,282,0,282,752
04/28/2019,OAK,CA,AWP,WE,Towers with Radar,326,79,61,2,468,0,11,77,0,88,326,90,138,2,556,144,0,144,700
04/29/2019,OAK,CA,AWP,WE,Towers with Radar,351,74,44,0,469,0,12,62,1,75,351,86,106,1,544,124,0,124,668
04/30/2019,OAK,CA,AWP,WE,Towers with Radar,397,83,50,0,530,0,6,55,1,62,397,89,105,1,592,144,0,144,736
05/01/2019,OAK,CA,AWP,WE,Towers with Radar,387,91,48,0,526,0,9,101,0,110,387,100,149,0,636,200,0,200,836
05/02/2019,OAK,CA,AWP,WE,Towers with Radar,394,91,53,0,538,0,7,132,1,140,394,98,185,1,678,158,0,158,836
05/03/2019,OAK,CA,AWP,WE,Towers with Radar,386,72,39,0,497,0,6,91,0,97,386,78,130,0,594,134,0,134,728
05/04/2019,OAK,CA,AWP,WE,Towers with Radar,286,37,26,0,349,0,1,72,0,73,286,38,98,0,422,111,0,111,533
05/05/2019,OAK,CA,AWP,WE,Towers with Radar,329,82,45,0,456,0,3,83,0,86,329,85,128,0,542,186,0,186,728
05/06/2019,OAK,CA,AWP,WE,Towers with Radar,362,74,55,2,493,0,6,16,1,23,362,80,71,3,516,136,16,152,668
05/07/2019,OAK,CA,AWP,WE,Towers with Radar,407,84,65,0,556,0,11,53,4,68,407,95,118,4,624,256,0,256,880
05/08/2019,OAK,CA,AWP,WE,Towers with Radar,393,93,71,0,557,0,6,53,0,59,393,99,124,0,616,112,0,112,728
05/09/2019,OAK,CA,AWP,WE,Towers with Radar,403,97,55,0,555,0,10,23,0,33,403,107,78,0,588,48,0,48,636
05/10/2019,OAK,CA,AWP,WE,Towers with Radar,389,84,53,1,527,0,7,55,0,62,389,91,108,1,589,146,0,146,735
05/11/2019,OAK,CA,AWP,WE,Towers with Radar,281,48,30,2,361,0,5,80,0,85,281,53,110,2,446,58,0,58,504
05/12/2019,OAK,CA,AWP,WE,Towers with Radar,325,89,39,1,454,0,3,67,0,70,325,92,106,1,524,22,0,22,546
05/13/2019,OAK,CA,AWP,WE,Towers with Radar,352,89,48,1,490,0,8,44,0,52,352,97,92,1,542,184,0,184,726
05/14/2019,OAK,CA,AWP,WE,Towers with Radar,414,80,79,7,580,0,9,72,1,82,414,89,151,8,662,193,0,193,855
05/15/2019,OAK,CA,AWP,WE,Towers with Radar,408,113,52,1,574,0,5,11,0,16,408,118,63,1,590,12,0,12,602
05/16/2019,OAK,CA,AWP,WE,Towers with Radar,415,120,68,0,603,0,8,15,0,23,415,128,83,0,626,14,0,14,640
05/17/2019,OAK,CA,AWP,WE,Towers with Radar,377,79,54,0,510,0,12,101,1,114,377,91,155,1,624,242,0,242,866
05/18/2019,OAK,CA,AWP,WE,Towers with Radar,285,49,25,0,359,0,1,9,0,10,285,50,34,0,369,0,0,0,369
05/19/2019,OAK,CA,AWP,WE,Towers with Radar,331,72,54,0,457,0,5,13,0,18,331,77,67,0,475,92,0,92,567
05/20/2019,OAK,CA,AWP,WE,Towers with Radar,356,85,43,0,484,0,10,45,3,58,356,95,88,3,542,148,22,170,712
05/21/2019,OAK,CA,AWP,WE,Towers with Radar,407,77,61,0,545,0,6,16,1,23,407,83,77,1,568,20,0,20,588
05/22/2019,OAK,CA,AWP,WE,Towers with Radar,395,72,64,0,531,0,7,93,0,100,395,79,157,0,631,202,0,202,833
05/23/2019,OAK,CA,AWP,WE,Towers with Radar,402,105,72,0,579,0,12,69,1,82,402,117,141,1,661,250,0,250,911
05/24/2019,OAK,CA,AWP,WE,Towers with Radar,390,78,50,0,518,0,13,73,1,87,390,91,123,1,605,248,0,248,853
05/25/2019,OAK,CA,AWP,WE,Towers with Radar,283,36,38,0,357,0,4,91,2,97,283,40,129,2,454,70,8,78,532
05/26/2019,OAK,CA,AWP,WE,Towers with Radar,275,55,21,0,351,0,6,21,0,27,275,61,42,0,378,32,0,32,410
05/27/2019,OAK,CA,AWP,WE,Towers with Radar,318,88,66,1,473,0,4,38,1,43,318,92,104,2,516,0,0,0,516
05/28/2019,OAK,CA,AWP,WE,Towers with Radar,348,83,68,0,499,0,12,81,2,95,348,95,149,2,594,122,0,122,716
05/29/2019,OAK,CA,AWP,WE,Towers with Radar,394,70,68,0,532,0,11,59,5,75,394,81,127,5,607,58,0,58,665
05/30/2019,OAK,CA,AWP,WE,Towers with Radar,396,99,70,2,567,0,4,22,0,26,396,103,92,2,593,108,0,108,701
05/31/2019,OAK,CA,AWP,WE,Towers with Radar,379,78,45,0,502,0,4,58,0,62,379,82,103,0,564,176,0,176,740
06/01/2019,OAK,CA,AWP,WE,Towers with Radar,281,55,27,0,363,0,2,77,0,79,281,57,104,0,442,126,0,126,568
06/02/2019,OAK,CA,AWP,WE,Towers with Radar,334,67,45,0,446,0,1,65,0,66,334,68,110,0,512,2,0,2,514
06/03/2019,OAK,CA,AWP,WE,Towers with Radar,353,76,53,0,482,0,10,47,0,57,353,86,100,0,539,60,0,60,599
06/04/2019,OAK,CA,AWP,WE,Towers with Radar,406,72,39,2,519,0,10,59,0,69,406,82,98,2,588,120,2,122,710
06/05/2019,OAK,CA,AWP,WE,Towers with Radar,391,103,90,1,585,0,19,73,1,93,391,122,163,2,678,82,0,82,760
06/06/2019,OAK,CA,AWP,WE,Towers with Radar,397,80,55,1,533,0,10,63,0,73,397,90,118,1,606,56,0,56,662
06/07/2019,OAK,CA,AWP,WE,Towers with Radar,377,99,76,1,553,0,13,130,2,145,377,112,206,3,698,140,0,140,838
06/08/2019,OAK,CA,AWP,WE,Towers with Radar,297,58,19,0,374,0,5,99,0,104,297,63,118,0,478,156,0,156,634
06/09/2019,OAK,CA,AWP,WE,Towers with Radar,318,77,56,0,451,0,9,132,0,141,318,86,188,0,592,194,0,194,786
06/10/2019,OAK,CA,AWP,WE,Towers with Radar,361,74,36,0,471,0,11,80,1,92,361,85,116,1,563,126,0,126,689
06/11/2019,OAK,CA,AWP,WE,Towers with Radar,427,70,60,0,557,0,16,86,0,102,427,86,146,0,659,212,0,212,871
06/12/2019,OAK,CA,AWP,WE,Towers with Radar,416,87,67,0,570,0,13,68,0,81,416,100,135,0,651,140,0,140,791
06/13/2019,OAK,CA,AWP,WE,Towers with Radar,428,146,113,0,687,0,12,66,0,78,428,158,179,0,765,108,0,108,873
06/14/2019,OAK,CA,AWP,WE,Towers with Radar,406,83,69,2,560,0,1,43,2,46,406,84,112,4,606,52,20,72,678
06/15/2019,OAK,CA,AWP,WE,Towers with Radar,294,44,54,1,393,0,2,17,0,19,294,46,71,1,412,14,0,14,426
06/16/2019,OAK,CA,AWP,WE,Towers with Radar,322,79,56,0,457,0,2,28,3,33,322,81,84,3,490,4,0,4,494
06/17/2019,OAK,CA,AWP,WE,Towers with Radar,361,72,50,0,483,0,8,61,0,69,361,80,111,0,552,82,0,82,634
06/18/2019,OAK,CA,AWP,WE,Towers with Radar,429,75,33,0,537,0,7,70,0,77,429,82,103,0,614,156,0,156,770
06/19/2019,OAK,CA,AWP,WE,Towers with Radar,425,70,48,0,543,0,5,47,0,52,425,75,95,0,595,22,0,22,617
06/20/2019,OAK,CA,AWP,WE,Towers with Radar,422,87,91,0,600,0,22,69,1,92,422,109,160,1,692,122,0,122,814
06/21/2019,OAK,CA,AWP,WE,Towers with Radar,389,77,43,1,510,0,11,91,4,106,389,88,134,5,616,198,0,198,814
06/22/2019,OAK,CA,AWP,WE,Towers with Radar,305,41,26,0,372,0,2,127,3,132,305,43,153,3,504,68,0,68,572
06/23/2019,OAK,CA,AWP,WE,Towers with Radar,327,72,69,0,468,0,2,128,0,130,327,74,197,0,598,98,0,98,696
06/24/2019,OAK,CA,AWP,WE,Towers with Radar,368,79,41,0,488,0,7,69,0,76,368,86,110,0,564,124,0,124,688
06/25/2019,OAK,CA,AWP,WE,Towers with Radar,415,73,44,0,532,0,10,91,1,102,415,83,135,1,634,292,0,292,926
06/26/2019,OAK,CA,AWP,WE,Towers with Radar,421,80,45,0,546,0,8,51,0,59,421,88,96,0,605,122,0,122,727
06/27/2019,OAK,CA,AWP,WE,Towers with Radar,438,90,42,0,570,0,16,87,0,103,438,106,129,0,673,186,0,186,859
06/28/2019,OAK,CA,AWP,WE,Towers with Radar,394,84,40,0,518,0,10,80,1,91,394,94,120,1,609,212,0,212,821
06/29/2019,OAK,CA,AWP,WE,Towers with Radar,294,44,32,0,370,0,5,92,0,97,294,49,124,0,467,138,0,138,605
06/30/2019,OAK,CA,AWP,WE,Towers with Radar,326,68,31,0,425,0,4,91,0,95,326,72,122,0,520,152,0,152,672
07/01/2019,OAK,CA,AWP,WE,Towers with Radar,365,72,34,0,471,0,11,56,2,69,365,83,90,2,540,76,0,76,616
07/02/2019,OAK,CA,AWP,WE,Towers with Radar,417,81,23,0,521,0,10,81,0,91,417,91,104,0,612,232,0,232,844
07/03/2019,OAK,CA,AWP,WE,Towers with Radar,422,94,38,0,554,0,7,80,0,87,422,101,118,0,641,138,0,138,779
07/04/2019,OAK,CA,AWP,WE,Towers with Radar,265,54,18,0,337,0,4,53,2,59,265,58,71,2,396,28,0,28,424
07/05/2019,OAK,CA,AWP,WE,Towers with Radar,346,75,29,0,450,0,7,76,0,83,346,82,105,0,533,122,0,122,655
07/06/2019,OAK,CA,AWP,WE,Towers with Radar,291,41,14,0,346,0,2,74,1,77,291,43,88,1,423,214,0,214,637
07/07/2019,OAK,CA,AWP,WE,Towers with Radar,325,92,70,0,487,0,1,44,0,45,325,93,114,0,532,116,0,116,648
07/08/2019,OAK,CA,AWP,WE,Towers with Radar,362,94,47,0,503,0,3,20,0,23,362,97,67,0,526,146,0,146,672
07/09/2019,OAK,CA,AWP,WE,Towers with Radar,425,96,51,2,574,0,5,41,0,46,425,101,92,2,620,132,0,132,752
07/10/2019,OAK,CA,AWP,WE,Towers with Radar,422,95,47,0,564,0,3,50,0,53,422,98,97,0,617,184,0,184,801
07/11/2019,OAK,CA,AWP,WE,Towers with Radar,426,88,49,1,564,0,7,66,4,77,426,95,115,5,641,177,0,177,818
07/12/2019,OAK,CA,AWP,WE,Towers with Radar,395,85,31,0,511,0,3,64,0,67,395,88,95,0,578,196,0,196,774
07/13/2019,OAK,CA,AWP,WE,Towers with Radar,301,56,32,0,389,0,2,74,1,77,301,58,106,1,466,46,0,46,512
07/14/2019,OAK,CA,AWP,WE,Towers with Radar,318,83,43,0,444,0,5,75,0,80,318,88,118,0,524,56,0,56,580
07/15/2019,OAK,CA,AWP,WE,Towers with Radar,366,79,36,0,481,0,14,65,0,79,366,93,101,0,560,122,0,122,682
07/16/2019,OAK,CA,AWP,WE,Towers with Radar,418,79,49,0,546,0,7,65,0,72,418,86,114,0,618,74,0,74,692
07/17/2019,OAK,CA,AWP,WE,Towers with Radar,427,88,39,0,554,0,10,78,0,88,427,98,117,0,642,30,0,30,672
07/18/2019,OAK,CA,AWP,WE,Towers with Radar,425,93,61,1,580,0,6,56,1,63,425,99,117,2,643,236,0,236,879
07/19/2019,OAK,CA,AWP,WE,Towers with Radar,395,102,37,2,536,0,9,71,2,82,395,111,108,4,618,190,0,190,808
07/20/2019,OAK,CA,AWP,WE,Towers with Radar,293,55,30,0,378,0,3,78,0,81,293,58,108,0,459,174,0,174,633
07/21/2019,OAK,CA,AWP,WE,Towers with Radar,321,96,32,0,449,0,5,91,0,96,321,101,123,0,545,140,0,140,685
07/22/2019,OAK,CA,AWP,WE,Towers with Radar,367,73,39,0,479,0,10,62,0,72,367,83,101,0,551,204,0,204,755
07/23/2019,OAK,CA,AWP,WE,Towers with Radar,410,77,49,0,536,0,10,71,0,81,410,87,120,0,617,82,0,82,699
07/24/2019,OAK,CA,AWP,WE,Towers with Radar,425,98,42,0,565,0,13,77,4,94,425,111,119,4,659,138,0,138,797
07/25/2019,OAK,CA,AWP,WE,Towers with Radar,418,94,51,0,563,0,17,72,1,90,418,111,123,1,653,72,0,72,725
07/26/2019,OAK,CA,AWP,WE,Towers with Radar,397,98,35,1,531,0,9,74,1,84,397,107,109,2,615,42,0,42,657
07/27/2019,OAK,CA,AWP,WE,Towers with Radar,291,45,39,0,375,0,8,94,0,102,291,53,133,0,477,126,0,126,603
07/28/2019,OAK,CA,AWP,WE,Towers with Radar,323,77,44,0,444,0,3,84,0,87,323,80,128,0,531,20,0,20,551
07/29/2019,OAK,CA,AWP,WE,Towers with Radar,361,81,34,0,476,0,11,58,1,70,361,92,92,1,546,156,0,156,702
07/30/2019,OAK,CA,AWP,WE,Towers with Radar,420,77,41,4,542,0,7,60,0,67,420,84,101,4,609,60,0,60,669
07/31/2019,OAK,CA,AWP,WE,Towers with Radar,425,95,47,0,567,0,12,75,1,88,425,107,122,1,655,102,0,102,757
08/01/2019,OAK,CA,AWP,WE,Towers with Radar,430,93,48,0,571,0,3,28,0,31,430,96,76,0,602,18,0,18,620
08/02/2019,OAK,CA,AWP,WE,Towers with Radar,389,106,47,0,542,0,3,68,0,71,389,109,115,0,613,106,0,106,719
08/03/2019,OAK,CA,AWP,WE,Towers with Radar,292,52,31,0,375,0,1,94,0,95,292,53,125,0,470,32,20,52,522
08/04/2019,OAK,CA,AWP,WE,Towers with Radar,335,85,50,0,470,0,6,80,1,87,335,91,130,1,557,18,0,18,575
08/05/2019,OAK,CA,AWP,WE,Towers with Radar,367,93,24,0,484,0,8,67,0,75,367,101,91,0,559,88,0,88,647
08/06/2019,OAK,CA,AWP,WE,Towers with Radar,417,85,41,4,547,0,11,70,0,81,417,96,111,4,628,106,0,106,734
08/07/2019,OAK,CA,AWP,WE,Towers with Radar,409,88,41,8,546,0,10,54,0,64,409,98,95,8,610,160,0,160,770
08/08/2019,OAK,CA,AWP,WE,Towers with Radar,416,102,55,0,573,0,6,68,0,74,416,108,123,0,647,44,0,44,691
08/09/2019,OAK,CA,AWP,WE,Towers with Radar,378,93,38,4,513,0,9,90,0,99,378,102,128,4,612,114,0,114,726
08/10/2019,OAK,CA,AWP,WE,Towers with Radar,298,49,35,0,382,0,3,60,2,65,298,52,95,2,447,168,0,168,615
08/11/2019,OAK,CA,AWP,WE,Towers with Radar,323,95,42,1,461,0,10,97,0,107,323,105,139,1,568,214,0,214,782
08/12/2019,OAK,CA,AWP,WE,Towers with Radar,353,91,48,0,492,0,9,73,2,84,353,100,121,2,576,106,0,106,682
08/13/2019,OAK,CA,AWP,WE,Towers with Radar,408,97,39,1,545,0,12,88,0,100,408,109,127,1,645,212,0,212,857
08/14/2019,OAK,CA,AWP,WE,Towers with Radar,414,84,43,0,541,0,10,85,0,95,414,94,128,0,636,150,0,150,786
08/15/2019,OAK,CA,AWP,WE,Towers with Radar,414,91,51,0,556,0,11,74,1,86,414,102,125,1,642,82,0,82,724
08/16/2019,OAK,CA,AWP,WE,Towers with Radar,389,80,39,0,508,0,9,69,2,80,389,89,108,2,588,62,0,62,650
08/17/2019,OAK,CA,AWP,WE,Towers with Radar,285,44,21,0,350,0,0,71,0,71,285,44,92,0,421,134,0,134,555
08/18/2019,OAK,CA,AWP,WE,Towers with Radar,308,75,33,0,416,0,8,87,1,96,308,83,120,1,512,58,0,58,570
08/19/2019,OAK,CA,AWP,WE,Towers with Radar,366,104,44,2,516,0,5,29,0,34,366,109,73,2,550,109,0,109,659
08/20/2019,OAK,CA,AWP,WE,Towers with Radar,412,95,45,2,554,0,11,37,0,48,412,106,82,2,602,131,0,131,733
08/21/2019,OAK,CA,AWP,WE,Towers with Radar,397,88,48,2,535,0,8,56,4,68,397,96,104,6,603,82,14,96,699
08/22/2019,OAK,CA,AWP,WE,Towers with Radar,413,113,58,0,584,0,12,63,0,75,413,125,121,0,659,90,0,90,749
08/23/2019,OAK,CA,AWP,WE,Towers with Radar,389,98,37,2,526,0,11,86,0,97,389,109,123,2,623,164,0,164,787
08/24/2019,OAK,CA,AWP,WE,Towers with Radar,286,53,27,0,366,0,5,68,0,73,286,58,95,0,439,34,0,34,473
08/25/2019,OAK,CA,AWP,WE,Towers with Radar,316,86,39,0,441,0,3,86,0,89,316,89,125,0,530,44,0,44,574
08/26/2019,OAK,CA,AWP,WE,Towers with Radar,360,86,36,0,482,0,12,89,2,103,360,98,125,2,585,170,2,172,757
08/27/2019,OAK,CA,AWP,WE,Towers with Radar,405,75,38,0,518,0,12,88,0,100,405,87,126,0,618,144,0,144,762
08/28/2019,OAK,CA,AWP,WE,Towers with Radar,411,89,58,28,586,0,8,78,5,91,411,97,136,33,677,158,38,196,873
08/29/2019,OAK,CA,AWP,WE,Towers with Radar,410,112,64,0,586,0,7,89,0,96,410,119,153,0,682,140,0,140,822
08/30/2019,OAK,CA,AWP,WE,Towers with Radar,386,116,43,0,545,0,9,95,3,107,386,125,138,3,652,70,0,70,722
08/31/2019,OAK,CA,AWP,WE,Towers with Radar,269,48,29,0,346,0,5,115,2,122,269,53,144,2,468,64,0,64,532
09/01/2019,OAK,CA,AWP,WE,Towers with Radar,243,61,26,0,330,0,5,94,0,99,243,66,120,0,429,2,0,2,431
09/02/2019,OAK,CA,AWP,WE,Towers with Radar,355,116,44,0,515,0,3,92,0,95,355,119,136,0,610,144,0,144,754
09/03/2019,OAK,CA,AWP,WE,Towers with Radar,355,89,48,0,492,0,7,39,0,46,355,96,87,0,538,82,0,82,620
09/04/2019,OAK,CA,AWP,WE,Towers with Radar,395,97,39,0,531,0,12,77,1,90,395,109,116,1,621,76,0,76,697
09/05/2019,OAK,CA,AWP,WE,Towers with Radar,405,101,56,0,562,0,6,58,0,64,405,107,114,0,626,2,0,2,628
09/06/2019,OAK,CA,AWP,WE,Towers with Radar,387,98,65,0,550,0,3,45,0,48,387,101,110,0,598,190,0,190,788
09/07/2019,OAK,CA,AWP,WE,Towers with Radar,284,47,42,0,373,0,2,25,0,27,284,49,67,0,400,86,0,86,486
09/08/2019,OAK,CA,AWP,WE,Towers with Radar,333,112,61,1,507,0,9,58,0,67,333,121,119,1,574,50,0,50,624
09/09/2019,OAK,CA,AWP,WE,Towers with Radar,382,116,59,4,561,0,12,67,1,80,382,128,126,5,641,152,0,152,793
09/10/2019,OAK,CA,AWP,WE,Towers with Radar,417,132,85,6,640,0,12,68,1,81,417,144,153,7,721,123,0,123,844
09/11/2019,OAK,CA,AWP,WE,Towers with Radar,408,135,57,2,602,0,12,70,2,84,408,147,127,4,686,62,0,62,748
09/12/2019,OAK,CA,AWP,WE,Towers with Radar,414,131,72,0,617,0,13,73,0,86,414,144,145,0,703,158,0,158,861
09/13/2019,OAK,CA,AWP,WE,Towers with Radar,394,117,64,0,575,0,10,86,0,96,394,127,150,0,671,74,0,74,745
09/14/2019,OAK,CA,AWP,WE,Towers with Radar,287,68,40,0,395,0,2,80,1,83,287,70,120,1,478,90,0,90,568
09/15/2019,OAK,CA,AWP,WE,Towers with Radar,320,132,91,0,543,0,2,67,3,72,320,134,158,3,615,8,0,8,623
09/16/2019,OAK,CA,AWP,WE,Towers with Radar,363,101,63,1,528,0,8,32,0,40,363,109,95,1,568,18,0,18,586
09/17/2019,OAK,CA,AWP,WE,Towers with Radar,410,138,52,2,602,0,8,34,0,42,410,146,86,2,644,46,0,46,690
09/18/2019,OAK,CA,AWP,WE,Towers with Radar,409,133,71,0,613,0,27,31,0,58,409,160,102,0,671,68,0,68,739
09/19/2019,OAK,CA,AWP,WE,Towers with Radar,409,157,49,0,615,0,11,72,1,84,409,168,121,1,699,80,0,80,779
09/20/2019,OAK,CA,AWP,WE,Towers with Radar,388,112,57,0,557,0,15,89,0,104,388,127,146,0,661,128,0,128,789
09/21/2019,OAK,CA,AWP,WE,Towers with Radar,279,55,30,0,364,0,8,83,0,91,279,63,113,0,455,156,0,156,611
09/22/2019,OAK,CA,AWP,WE,Towers with Radar,314,119,58,0,491,0,13,96,2,111,314,132,154,2,602,98,0,98,700
09/23/2019,OAK,CA,AWP,WE,Towers with Radar,349,95,54,0,498,0,7,53,0,60,349,102,107,0,558,98,0,98,656
09/24/2019,OAK,CA,AWP,WE,Towers with Radar,404,78,61,8,551,0,14,55,0,69,404,92,116,8,620,157,2,159,779
09/25/2019,OAK,CA,AWP,WE,Towers with Radar,390,96,52,0,538,0,11,66,1,78,390,107,118,1,616,132,0,132,748
09/26/2019,OAK,CA,AWP,WE,Towers with Radar,403,98,58,0,559,0,12,85,0,97,403,110,143,0,656,154,0,154,810
09/27/2019,OAK,CA,AWP,WE,Towers with Radar,378,117,57,2,554,0,4,25,1,30,378,121,82,3,584,162,0,162,746
09/28/2019,OAK,CA,AWP,WE,Towers with Radar,279,51,24,0,354,0,4,59,0,63,279,55,83,0,417,154,0,154,571
09/29/2019,OAK,CA,AWP,WE,Towers with Radar,309,86,63,0,458,0,7,93,3,103,309,93,156,3,561,124,0,124,685
09/30/2019,OAK,CA,AWP,WE,Towers with Radar,351,80,36,0,467,0,8,49,0,57,351,88,85,0,524,38,6,44,568
10/01/2019,OAK,CA,AWP,WE,Towers with Radar,398,90,39,1,528,0,8,53,3,64,398,98,92,4,592,138,0,138,730
10/02/2019,OAK,CA,AWP,WE,Towers with Radar,396,88,45,2,531,0,8,90,2,100,396,96,135,4,631,50,0,50,681
10/03/2019,OAK,CA,AWP,WE,Towers with Radar,411,103,61,0,575,0,11,83,0,94,411,114,144,0,669,118,0,118,787
10/04/2019,OAK,CA,AWP,WE,Towers with Radar,391,112,49,0,552,0,8,67,0,75,391,120,116,0,627,128,0,128,755
10/05/2019,OAK,CA,AWP,WE,Towers with Radar,276,50,21,0,347,0,4,86,0,90,276,54,107,0,437,118,0,118,555
10/06/2019,OAK,CA,AWP,WE,Towers with Radar,320,87,48,1,456,0,11,71,4,86,320,98,119,5,542,168,0,168,710
10/07/2019,OAK,CA,AWP,WE,Towers with Radar,361,81,41,1,484,0,8,54,3,65,361,89,95,4,549,156,0,156,705
10/08/2019,OAK,CA,AWP,WE,Towers with Radar,404,82,32,2,520,0,9,60,2,71,404,91,92,4,591,125,0,125,716
10/09/2019,OAK,CA,AWP,WE,Towers with Radar,401,89,47,1,538,0,13,58,3,74,401,102,105,4,612,240,0,240,852
10/10/2019,OAK,CA,AWP,WE,Towers with Radar,400,93,49,2,544,0,8,48,14,70,400,101,97,16,614,88,0,88,702
10/11/2019,OAK,CA,AWP,WE,Towers with Radar,388,85,43,0,516,0,12,106,20,138,388,97,149,20,654,70,0,70,724
10/12/2019,OAK,CA,AWP,WE,Towers with Radar,272,42,21,0,335,0,8,99,13,120,272,50,120,13,455,66,0,66,521
10/13/2019,OAK,CA,AWP,WE,Towers with Radar,319,90,39,3,451,0,3,101,12,116,319,93,140,15,567,102,0,102,669
10/14/2019,OAK,CA,AWP,WE,Towers with Radar,371,95,49,2,517,0,11,48,0,59,371,106,97,2,576,92,0,92,668
10/15/2019,OAK,CA,AWP,WE,Towers with Radar,416,86,55,2,559,0,4,37,2,43,416,90,92,4,602,52,0,52,654
10/16/2019,OAK,CA,AWP,WE,Towers with Radar,392,86,65,0,543,0,13,47,0,60,392,99,112,0,603,88,0,88,691
10/17/2019,OAK,CA,AWP,WE,Towers with Radar,403,104,57,0,564,0,8,73,0,81,403,112,130,0,645,140,0,140,785
10/18/2019,OAK,CA,AWP,WE,Towers with Radar,393,98,50,0,541,0,10,82,4,96,393,108,132,4,637,252,0,252,889
10/19/2019,OAK,CA,AWP,WE,Towers with Radar,275,69,41,0,385,0,12,38,0,50,275,81,79,0,435,192,0,192,627
10/20/2019,OAK,CA,AWP,WE,Towers with Radar,317,95,47,0,459,0,10,105,0,115,317,105,152,0,574,86,0,86,660
10/21/2019,OAK,CA,AWP,WE,Towers with Radar,355,80,42,1,478,0,17,84,1,102,355,97,126,2,580,76,4,80,660
10/22/2019,OAK,CA,AWP,WE,Towers with Radar,406,75,40,0,521,0,7,70,0,77,406,82,110,0,598,120,0,120,718
10/23/2019,OAK,CA,AWP,WE,Towers with Radar,390,90,49,0,529,0,13,71,2,86,390,103,120,2,615,148,0,148,763
10/24/2019,OAK,CA,AWP,WE,Towers with Radar,401,102,49,0,552,0,10,78,1,89,401,112,127,1,641,126,0,126,767
10/25/2019,OAK,CA,AWP,WE,Towers with Radar,398,85,39,4,526,0,12,56,0,68,398,97,95,4,594,114,0,114,708
10/26/2019,OAK,CA,AWP,WE,Towers with Radar,269,43,27,0,339,0,2,89,2,93,269,45,116,2,432,0,0,0,432
10/27/2019,OAK,CA,AWP,WE,Towers with Radar,309,89,23,0,421,0,8,10,0,18,309,97,33,0,439,8,0,8,447
10/28/2019,OAK,CA,AWP,WE,Towers with Radar,366,99,40,4,509,0,9,40,2,51,366,108,80,6,560,92,0,92,652
10/29/2019,OAK,CA,AWP,WE,Towers with Radar,386,73,34,0,493,0,10,37,2,49,386,83,71,2,542,58,0,58,600
10/30/2019,OAK,CA,AWP,WE,Towers with Radar,382,75,39,0,496,0,8,52,0,60,382,83,91,0,556,116,0,116,672
10/31/2019,OAK,CA,AWP,WE,Towers with Radar,357,63,32,0,452,0,16,46,1,63,357,79,78,1,515,104,0,104,619
11/01/2019,OAK,CA,AWP,WE,Towers with Radar,368,81,36,0,485,0,15,67,0,82,368,96,103,0,567,158,0,158,725
11/02/2019,OAK,CA,AWP,WE,Towers with Radar,267,53,37,0,357,0,5,79,3,87,267,58,116,3,444,110,0,110,554
11/03/2019,OAK,CA,AWP,WE,Towers with Radar,311,84,44,2,441,0,4,62,2,68,311,88,106,4,509,32,0,32,541
11/04/2019,OAK,CA,AWP,WE,Towers with Radar,359,82,34,6,481,0,6,42,4,52,359,88,76,10,533,128,0,128,661
11/05/2019,OAK,CA,AWP,WE,Towers with Radar,391,81,44,0,516,0,11,39,0,50,391,92,83,0,566,100,0,100,666
11/06/2019,OAK,CA,AWP,WE,Towers with Radar,391,89,55,0,535,0,7,44,1,52,391,96,99,1,587,76,0,76,663
11/07/2019,OAK,CA,AWP,WE,Towers with Radar,399,115,81,0,595,0,4,31,2,37,399,119,112,2,632,42,0,42,674
11/08/2019,OAK,CA,AWP,WE,Towers with Radar,404,113,48,2,567,0,7,46,0,53,404,120,94,2,620,44,0,44,664
11/09/2019,OAK,CA,AWP,WE,Towers with Radar,275,57,30,1,363,0,1,44,1,46,275,58,74,2,409,44,0,44,453
11/10/2019,OAK,CA,AWP,WE,Towers with Radar,303,83,17,2,405,0,7,72,0,79,303,90,89,2,484,118,0,118,602
11/11/2019,OAK,CA,AWP,WE,Towers with Radar,352,87,50,1,490,0,10,56,2,68,352,97,106,3,558,70,16,86,644
11/12/2019,OAK,CA,AWP,WE,Towers with Radar,399,77,51,0,527,0,22,64,0,86,399,99,115,0,613,0,0,0,613
11/13/2019,OAK,CA,AWP,WE,Towers with Radar,393,95,63,0,551,0,9,68,0,77,393,104,131,0,628,210,0,210,838
11/14/2019,OAK,CA,AWP,WE,Towers with Radar,395,105,50,2,552,0,5,23,2,30,395,110,73,4,582,128,0,128,710
11/15/2019,OAK,CA,AWP,WE,Towers with Radar,390,107,61,0,558,0,8,59,0,67,390,115,120,0,625,194,0,194,819
11/16/2019,OAK,CA,AWP,WE,Towers with Radar,276,60,40,0,376,0,1,45,0,46,276,61,85,0,422,120,0,120,542
11/17/2019,OAK,CA,AWP,WE,Towers with Radar,307,100,37,1,445,0,2,91,1,94,307,102,128,2,539,46,0,46,585
11/18/2019,OAK,CA,AWP,WE,Towers with Radar,354,86,37,0,477,0,12,50,0,62,354,98,87,0,539,122,0,122,661
11/19/2019,OAK,CA,AWP,WE,Towers with Radar,385,87,26,0,498,0,14,57,0,71,385,101,83,0,569,124,0,124,693
11/20/2019,OAK,CA,AWP,WE,Towers with Radar,389,88,37,0,514,0,10,45,0,55,389,98,82,0,569,74,0,74,643
11/21/2019,OAK,CA,AWP,WE,Towers with Radar,387,89,35,0,511,0,10,67,2,79,387,99,102,2,590,88,0,88,678
11/22/2019,OAK,CA,AWP,WE,Towers with Radar,393,95,51,0,539,0,11,102,0,113,393,106,153,0,652,144,8,152,804
11/23/2019,OAK,CA,AWP,WE,Towers with Radar,311,57,38,0,406,0,2,83,0,85,311,59,121,0,491,88,0,88,579
11/24/2019,OAK,CA,AWP,WE,Towers with Radar,310,81,35,0,426,0,5,94,0,99,310,86,129,0,525,62,0,62,587
11/25/2019,OAK,CA,AWP,WE,Towers with Radar,348,84,36,0,468,0,7,34,0,41,348,91,70,0,509,56,0,56,565
11/26/2019,OAK,CA,AWP,WE,Towers with Radar,389,107,38,0,534,0,12,22,0,34,389,119,60,0,568,26,0,26,594
11/27/2019,OAK,CA,AWP,WE,Towers with Radar,438,112,36,0,586,0,7,7,0,14,438,119,43,0,600,22,0,22,622
11/28/2019,OAK,CA,AWP,WE,Towers with Radar,246,34,11,0,291,0,4,11,0,15,246,38,22,0,306,26,0,26,332
11/29/2019,OAK,CA,AWP,WE,Towers with Radar,334,58,20,0,412,0,5,38,0,43,334,63,58,0,455,72,0,72,527
11/30/2019,OAK,CA,AWP,WE,Towers with Radar,313,87,36,0,436,0,3,5,0,8,313,90,41,0,444,8,0,8,452
12/01/2019,OAK,CA,AWP,WE,Towers with Radar,377,141,79,0,597,0,4,5,1,10,377,145,84,1,607,0,0,0,607
12/02/2019,OAK,CA,AWP,WE,Towers with Radar,386,132,52,0,570,0,5,6,0,11,386,137,58,0,581,6,0,6,587
12/03/2019,OAK,CA,AWP,WE,Towers with Radar,427,93,63,1,584,0,7,27,3,37,427,100,90,4,621,42,0,42,663
12/04/2019,OAK,CA,AWP,WE,Towers with Radar,402,85,48,0,535,0,8,23,2,33,402,93,71,2,568,144,0,144,712
12/05/2019,OAK,CA,AWP,WE,Towers with Radar,424,106,44,0,574,0,6,28,0,34,424,112,72,0,608,172,0,172,780
12/06/2019,OAK,CA,AWP,WE,Towers with Radar,415,116,59,1,591,0,8,23,0,31,415,124,82,1,622,28,0,28,650
12/07/2019,OAK,CA,AWP,WE,Towers with Radar,266,73,31,0,370,0,1,0,0,1,266,74,31,0,371,0,0,0,371
12/08/2019,OAK,CA,AWP,WE,Towers with Radar,310,93,66,4,473,0,3,19,0,22,310,96,85,4,495,12,0,12,507
12/09/2019,OAK,CA,AWP,WE,Towers with Radar,351,105,52,3,511,0,5,8,0,13,351,110,60,3,524,48,0,48,572
12/10/2019,OAK,CA,AWP,WE,Towers with Radar,429,92,38,2,561,0,10,27,0,37,429,102,65,2,598,118,0,118,716
12/11/2019,OAK,CA,AWP,WE,Towers with Radar,429,92,54,2,577,0,4,19,0,23,429,96,73,2,600,114,0,114,714
12/12/2019,OAK,CA,AWP,WE,Towers with Radar,438,107,67,0,612,0,7,8,2,17,438,114,75,2,629,24,0,24,653
12/13/2019,OAK,CA,AWP,WE,Towers with Radar,415,101,65,0,581,0,4,10,0,14,415,105,75,0,595,18,0,18,613
12/14/2019,OAK,CA,AWP,WE,Towers with Radar,273,67,35,1,376,0,10,59,0,69,273,77,94,1,445,182,0,182,627
12/15/2019,OAK,CA,AWP,WE,Towers with Radar,307,83,48,0,438,0,1,85,1,87,307,84,133,1,525,34,0,34,559
12/16/2019,OAK,CA,AWP,WE,Towers with Radar,355,102,30,1,488,0,13,83,0,96,355,115,113,1,584,68,0,68,652
12/17/2019,OAK,CA,AWP,WE,Towers with Radar,427,85,37,0,549,0,14,45,0,59,427,99,82,0,608,72,3,75,683
12/18/2019,OAK,CA,AWP,WE,Towers with Radar,459,88,60,4,611,0,5,17,0,22,459,93,77,4,633,34,0,34,667
12/19/2019,OAK,CA,AWP,WE,Towers with Radar,453,95,51,0,599,0,8,25,0,33,453,103,76,0,632,60,0,60,692
12/20/2019,OAK,CA,AWP,WE,Towers with Radar,443,117,47,0,607,0,14,58,0,72,443,131,105,0,679,56,0,56,735
12/21/2019,OAK,CA,AWP,WE,Towers with Radar,348,102,53,0,503,0,3,33,0,36,348,105,86,0,539,16,0,16,555
12/22/2019,OAK,CA,AWP,WE,Towers with Radar,386,84,42,0,512,0,1,5,0,6,386,85,47,0,518,48,0,48,566
12/23/2019,OAK,CA,AWP,WE,Towers with Radar,394,83,44,0,521,0,14,49,0,63,394,97,93,0,584,100,0,100,684
12/24/2019,OAK,CA,AWP,WE,Towers with Radar,373,53,22,0,448,0,14,28,0,42,373,67,50,0,490,10,0,10,500
12/25/2019,OAK,CA,AWP,WE,Towers with Radar,259,45,5,0,309,0,2,8,0,10,259,47,13,0,319,14,0,14,333
12/26/2019,OAK,CA,AWP,WE,Towers with Radar,360,97,36,0,493,0,22,48,0,70,360,119,84,0,563,26,0,26,589
12/27/2019,OAK,CA,AWP,WE,Towers with Radar,416,103,37,0,556,0,12,38,0,50,416,115,75,0,606,2,0,2,608
12/28/2019,OAK,CA,AWP,WE,Towers with Radar,316,79,32,0,427,0,4,68,0,72,316,83,100,0,499,50,0,50,549
12/29/2019,OAK,CA,AWP,WE,Towers with Radar,345,70,34,0,449,0,1,3,0,4,345,71,37,0,453,0,0,0,453
12/30/2019,OAK,CA,AWP,WE,Towers with Radar,359,78,33,0,470,0,11,71,0,82,359,89,104,0,552,152,0,152,704
12/31/2019,OAK,CA,AWP,WE,Towers with Radar,356,54,14,0,424,0,12,48,3,63,356,66,62,3,487,34,0,34,521
01/01/2020,OAK,CA,AWP,WE,Towers with Radar,272,75,21,0,368,0,0,8,0,8,272,75,29,0,376,74,0,74,450
01/02/2020,OAK,CA,AWP,WE,Towers with Radar,371,81,38,0,490,0,10,35,0,45,371,91,73,0,535,34,0,34,569
01/03/2020,OAK,CA,AWP,WE,Towers with Radar,403,97,51,0,551,0,9,55,2,66,403,106,106,2,617,64,0,64,681
01/04/2020,OAK,CA,AWP,WE,Towers with Radar,274,99,46,0,419,0,7,31,2,40,274,106,77,2,459,106,28,134,593
01/05/2020,OAK,CA,AWP,WE,Towers with Radar,307,104,40,0,451,0,6,77,2,85,307,110,117,2,536,44,0,44,580
01/06/2020,OAK,CA,AWP,WE,Towers with Radar,323,85,43,0,451,0,8,38,0,46,323,93,81,0,497,30,0,30,527
01/07/2020,OAK,CA,AWP,WE,Towers with Radar,364,78,37,0,479,0,5,44,0,49,364,83,81,0,528,24,0,24,552
01/08/2020,OAK,CA,AWP,WE,Towers with Radar,357,85,36,0,478,0,6,29,0,35,357,91,65,0,513,114,0,114,627
01/09/2020,OAK,CA,AWP,WE,Towers with Radar,355,88,46,0,489,0,4,10,2,16,355,92,56,2,505,92,0,92,597
01/10/2020,OAK,CA,AWP,WE,Towers with Radar,355,96,39,0,490,0,8,73,0,81,355,104,112,0,571,124,0,124,695
01/11/2020,OAK,CA,AWP,WE,Towers with Radar,221,61,19,0,301,0,4,39,0,43,221,65,58,0,344,78,0,78,422
01/12/2020,OAK,CA,AWP,WE,Towers with Radar,294,122,72,0,488,0,1,59,0,60,294,123,131,0,548,118,0,118,666
01/13/2020,OAK,CA,AWP,WE,Towers with Radar,320,90,59,2,471,0,4,19,0,23,320,94,78,2,494,36,0,36,530
01/14/2020,OAK,CA,AWP,WE,Towers with Radar,340,88,55,2,485,0,9,38,0,47,340,97,93,2,532,42,0,42,574
01/15/2020,OAK,CA,AWP,WE,Towers with Radar,360,99,68,0,527,0,8,67,2,77,360,107,135,2,604,88,0,88,692
01/16/2020,OAK,CA,AWP,WE,Towers with Radar,356,141,79,0,576,0,5,4,0,9,356,146,83,0,585,0,0,0,585
01/17/2020,OAK,CA,AWP,WE,Towers with Radar,349,127,41,0,517,0,10,78,0,88,349,137,119,0,605,124,0,124,729
01/18/2020,OAK,CA,AWP,WE,Towers with Radar,226,56,34,0,316,0,7,77,0,84,226,63,111,0,400,112,0,112,512
01/19/2020,OAK,CA,AWP,WE,Towers with Radar,285,77,24,0,386,0,5,64,0,69,285,82,88,0,455,52,0,52,507
01/20/2020,OAK,CA,AWP,WE,Towers with Radar,317,117,52,0,486,0,6,75,1,82,317,123,127,1,568,62,0,62,630
01/21/2020,OAK,CA,AWP,WE,Towers with Radar,356,107,48,0,511,0,3,11,0,14,356,110,59,0,525,68,0,68,593
01/22/2020,OAK,CA,AWP,WE,Towers with Radar,355,88,60,0,503,0,8,49,0,57,355,96,109,0,560,56,0,56,616
01/23/2020,OAK,CA,AWP,WE,Towers with Radar,357,86,45,0,488,0,14,50,2,66,357,100,95,2,554,165,0,165,719
01/24/2020,OAK,CA,AWP,WE,Towers with Radar,346,95,41,0,482,0,13,48,1,62,346,108,89,1,544,28,0,28,572
01/25/2020,OAK,CA,AWP,WE,Towers with Radar,234,56,32,0,322,0,3,26,0,29,234,59,58,0,351,46,0,46,397
01/26/2020,OAK,CA,AWP,WE,Towers with Radar,292,96,43,1,432,0,2,59,0,61,292,98,102,1,493,138,0,138,631
01/27/2020,OAK,CA,AWP,WE,Towers with Radar,310,92,36,0,438,0,8,21,0,29,310,100,57,0,467,94,0,94,561
01/28/2020,OAK,CA,AWP,WE,Towers with Radar,337,85,41,2,465,0,3,10,0,13,337,88,51,2,478,34,0,34,512
01/29/2020,OAK,CA,AWP,WE,Towers with Radar,359,91,44,1,495,0,12,66,5,83,359,103,110,6,578,72,0,72,650
01/30/2020,OAK,CA,AWP,WE,Towers with Radar,356,112,41,0,509,0,8,23,0,31,356,120,64,0,540,40,0,40,580
01/31/2020,OAK,CA,AWP,WE,Towers with Radar,353,89,48,0,490,0,13,58,0,71,353,102,106,0,561,84,0,84,645
02/01/2020,OAK,CA,AWP,WE,Towers with Radar,238,54,39,0,331,0,10,55,0,65,238,64,94,0,396,34,0,34,430
02/02/2020,OAK,CA,AWP,WE,Towers with Radar,284,85,25,0,394,0,6,24,0,30,284,91,49,0,424,24,0,24,448
02/03/2020,OAK,CA,AWP,WE,Towers with Radar,313,100,35,0,448,0,12,22,2,36,313,112,57,2,484,84,0,84,568
02/04/2020,OAK,CA,AWP,WE,Towers with Radar,343,73,39,1,456,0,10,48,0,58,343,83,87,1,514,122,0,122,636
02/05/2020,OAK,CA,AWP,WE,Towers with Radar,347,74,44,0,465,0,12,64,1,77,347,86,108,1,542,118,0,118,660
02/06/2020,OAK,CA,AWP,WE,Towers with Radar,358,98,65,0,521,0,11,99,2,112,358,109,164,2,633,134,8,142,775
02/07/2020,OAK,CA,AWP,WE,Towers with Radar,353,117,43,0,513,0,11,74,2,87,353,128,117,2,600,66,0,66,666
02/08/2020,OAK,CA,AWP,WE,Towers with Radar,229,60,30,0,319,0,2,71,0,73,229,62,101,0,392,90,0,90,482
02/09/2020,OAK,CA,AWP,WE,Towers with Radar,250,95,29,0,374,0,3,7,1,11,250,98,36,1,385,2,0,2,387
02/10/2020,OAK,CA,AWP,WE,Towers with Radar,322,84,20,0,426,0,12,53,1,66,322,96,73,1,492,76,0,76,568
02/11/2020,OAK,CA,AWP,WE,Towers with Radar,342,77,54,0,473,0,8,64,0,72,342,85,118,0,545,108,0,108,653
02/12/2020,OAK,CA,AWP,WE,Towers with Radar,364,95,45,3,507,0,16,74,5,95,364,111,119,8,602,102,14,116,718
02/13/2020,OAK,CA,AWP,WE,Towers with Radar,361,117,53,0,531,0,4,43,0,47,361,121,96,0,578,122,0,122,700
02/14/2020,OAK,CA,AWP,WE,Towers with Radar,354,125,52,1,532,0,13,65,2,80,354,138,117,3,612,98,14,112,724
02/15/2020,OAK,CA,AWP,WE,Towers with Radar,236,70,34,1,341,0,8,71,0,79,236,78,105,1,420,86,0,86,506
02/16/2020,OAK,CA,AWP,WE,Towers with Radar,292,75,25,1,393,0,0,71,0,71,292,75,96,1,464,110,0,110,574
02/17/2020,OAK,CA,AWP,WE,Towers with Radar,326,103,37,0,466,0,7,80,0,87,326,110,117,0,553,32,0,32,585
02/18/2020,OAK,CA,AWP,WE,Towers with Radar,358,97,43,1,499,0,12,46,0,58,358,109,89,1,557,104,0,104,661
02/19/2020,OAK,CA,AWP,WE,Towers with Radar,367,92,47,4,510,0,12,69,0,81,367,104,116,4,591,0,0,0,591
02/20/2020,OAK,CA,AWP,WE,Towers with Radar,365,88,47,0,500,0,8,77,0,85,365,96,124,0,585,42,0,42,627
02/21/2020,OAK,CA,AWP,WE,Towers with Radar,352,102,40,0,494,0,9,83,5,97,352,111,123,5,591,64,4,68,659
02/22/2020,OAK,CA,AWP,WE,Towers with Radar,238,62,42,1,343,0,8,50,0,58,238,70,92,1,401,82,0,82,483
02/23/2020,OAK,CA,AWP,WE,Towers with Radar,298,105,42,0,445,0,5,52,0,57,298,110,94,0,502,36,0,36,538
02/24/2020,OAK,CA,AWP,WE,Towers with Radar,319,87,28,0,434,0,8,60,0,68,319,95,88,0,502,42,0,42,544
02/25/2020,OAK,CA,AWP,WE,Towers with Radar,364,77,28,0,469,0,11,71,0,82,364,88,99,0,551,140,0,140,691
02/26/2020,OAK,CA,AWP,WE,Towers with Radar,363,80,42,1,486,0,6,89,1,96,363,86,131,2,582,98,0,98,680
02/27/2020,OAK,CA,AWP,WE,Towers with Radar,369,103,47,2,521,0,10,59,2,71,369,113,106,4,592,92,0,92,684
02/28/2020,OAK,CA,AWP,WE,Towers with Radar,351,97,21,0,469,0,10,60,0,70,351,107,81,0,539,86,0,86,625
02/29/2020,OAK,CA,AWP,WE,Towers with Radar,240,60,19,0,319,0,4,56,0,60,240,64,75,0,379,44,0,44,423
03/01/2020,OAK,CA,AWP,WE,Towers with Radar,297,85,28,0,410,0,4,70,0,74,297,89,98,0,484,108,0,108,592
03/02/2020,OAK,CA,AWP,WE,Towers with Radar,325,82,41,0,448,0,10,26,0,36,325,92,67,0,484,46,0,46,530
03/03/2020,OAK,CA,AWP,WE,Towers with Radar,361,80,38,0,479,0,7,58,0,65,361,87,96,0,544,174,0,174,718
03/04/2020,OAK,CA,AWP,WE,Towers with Radar,368,85,41,2,496,0,13,73,1,87,368,98,114,3,583,94,2,96,679
03/05/2020,OAK,CA,AWP,WE,Towers with Radar,368,108,50,1,527,0,9,58,0,67,368,117,108,1,594,160,0,160,754
03/06/2020,OAK,CA,AWP,WE,Towers with Radar,350,100,52,0,502,0,2,28,0,30,350,102,80,0,532,110,0,110,642
03/07/2020,OAK,CA,AWP,WE,Towers with Radar,249,62,24,0,335,0,3,25,3,31,249,65,49,3,366,76,0,76,442
03/08/2020,OAK,CA,AWP,WE,Towers with Radar,304,86,42,0,432,0,8,59,2,69,304,94,101,2,501,148,0,148,649
03/09/2020,OAK,CA,AWP,WE,Towers with Radar,329,87,27,0,443,0,8,45,0,53,329,95,72,0,496,102,0,102,598
03/10/2020,OAK,CA,AWP,WE,Towers with Radar,374,87,30,0,491,0,7,56,0,63,374,94,86,0,554,76,0,76,630
03/11/2020,OAK,CA,AWP,WE,Towers with Radar,374,77,38,0,489,0,6,67,0,73,374,83,105,0,562,100,0,100,662
03/12/2020,OAK,CA,AWP,WE,Towers with Radar,388,98,23,0,509,0,6,62,4,72,388,104,85,4,581,142,0,142,723
03/13/2020,OAK,CA,AWP,WE,Towers with Radar,349,93,35,0,477,0,6,46,5,57,349,99,81,5,534,52,0,52,586
03/14/2020,OAK,CA,AWP,WE,Towers with Radar,250,73,24,0,347,0,4,7,1,12,250,77,31,1,359,34,0,34,393
03/15/2020,OAK,CA,AWP,WE,Towers with Radar,307,80,31,0,418,0,2,7,0,9,307,82,38,0,427,98,0,98,525
03/16/2020,OAK,CA,AWP,WE,Towers with Radar,308,71,35,0,414,0,7,18,0,25,308,78,53,0,439,58,0,58,497
03/17/2020,OAK,CA,AWP,WE,Towers with Radar,353,68,25,0,446,0,7,24,0,31,353,75,49,0,477,12,0,12,489
03/18/2020,OAK,CA,AWP,WE,Towers with Radar,338,57,7,2,404,0,4,11,0,15,338,61,18,2,419,2,0,2,421
03/19/2020,OAK,CA,AWP,WE,Towers with Radar,327,61,14,0,402,0,7,13,0,20,327,68,27,0,422,0,0,0,422
03/20/2020,OAK,CA,AWP,WE,Towers with Radar,310,51,16,0,377,0,7,31,0,38,310,58,47,0,415,14,0,14,429
03/21/2020,OAK,CA,AWP,WE,Towers with Radar,209,30,7,0,246,0,3,16,0,19,209,33,23,0,265,30,0,30,295
03/22/2020,OAK,CA,AWP,WE,Towers with Radar,198,19,6,0,223,0,0,10,0,10,198,19,16,0,233,4,0,4,237
03/23/2020,OAK,CA,AWP,WE,Towers with Radar,217,29,6,0,252,0,5,9,2,16,217,34,15,2,268,22,6,28,296
03/24/2020,OAK,CA,AWP,WE,Towers with Radar,280,41,6,2,329,0,9,0,2,11,280,50,6,4,340,0,2,2,342
03/25/2020,OAK,CA,AWP,WE,Towers with Radar,275,32,9,1,317,0,5,7,1,13,275,37,16,2,330,8,0,8,338
03/26/2020,OAK,CA,AWP,WE,Towers with Radar,251,27,4,0,282,0,6,29,0,35,251,33,33,0,317,48,0,48,365
03/27/2020,OAK,CA,AWP,WE,Towers with Radar,205,28,8,0,241,0,8,25,0,33,205,36,33,0,274,10,0,10,284
03/28/2020,OAK,CA,AWP,WE,Towers with Radar,144,13,13,0,170,0,1,2,0,3,144,14,15,0,173,56,0,56,229
03/29/2020,OAK,CA,AWP,WE,Towers with Radar,160,18,0,0,178,0,0,12,0,12,160,18,12,0,190,26,0,26,216
03/30/2020,OAK,CA,AWP,WE,Towers with Radar,170,28,1,0,199,0,9,7,0,16,170,37,8,0,215,22,0,22,237
03/31/2020,OAK,CA,AWP,WE,Towers with Radar,216,34,5,0,255,0,4,15,0,19,216,38,20,0,274,28,0,28,302
04/01/2020,OAK,CA,AWP,WE,Towers with Radar,209,34,7,0,250,0,6,30,0,36,209,40,37,0,286,18,0,18,304
04/02/2020,OAK,CA,AWP,WE,Towers with Radar,198,21,8,0,227,0,10,22,0,32,198,31,30,0,259,6,0,6,265
04/03/2020,OAK,CA,AWP,WE,Towers with Radar,184,25,11,0,220,0,10,30,0,40,184,35,41,0,260,0,0,0,260
04/04/2020,OAK,CA,AWP,WE,Towers with Radar,134,11,8,0,153,0,1,4,0,5,134,12,12,0,158,32,26,58,216
04/05/2020,OAK,CA,AWP,WE,Towers with Radar,119,29,1,0,149,0,0,9,0,9,119,29,10,0,158,0,24,24,182
04/06/2020,OAK,CA,AWP,WE,Towers with Radar,120,24,4,0,148,0,5,18,1,24,120,29,22,1,172,50,0,50,222
04/07/2020,OAK,CA,AWP,WE,Towers with Radar,180,25,5,0,210,0,10,19,2,31,180,35,24,2,241,18,0,18,259
04/08/2020,OAK,CA,AWP,WE,Towers with Radar,168,29,6,1,204,0,3,12,0,15,168,32,18,1,219,0,0,0,219
04/09/2020,OAK,CA,AWP,WE,Towers with Radar,169,34,14,2,219,0,5,4,2,11,169,39,18,4,230,10,0,10,240
04/10/2020,OAK,CA,AWP,WE,Towers with Radar,142,28,7,0,177,0,3,11,0,14,142,31,18,0,191,0,0,0,191
04/11/2020,OAK,CA,AWP,WE,Towers with Radar,111,19,16,1,147,0,2,14,0,16,111,21,30,1,163,22,0,22,185
04/12/2020,OAK,CA,AWP,WE,Towers with Radar,104,19,15,0,138,0,5,22,0,27,104,24,37,0,165,16,0,16,181
04/13/2020,OAK,CA,AWP,WE,Towers with Radar,109,19,4,4,136,0,6,19,1,26,109,25,23,5,162,34,0,34,196
04/14/2020,OAK,CA,AWP,WE,Towers with Radar,161,27,5,2,195,0,8,24,0,32,161,35,29,2,227,48,2,50,277
04/15/2020,OAK,CA,AWP,WE,Towers with Radar,169,27,3,0,199,0,7,20,0,27,169,34,23,0,226,14,0,14,240
04/16/2020,OAK,CA,AWP,WE,Towers with Radar,147,25,11,0,183,0,5,18,0,23,147,30,29,0,206,12,0,12,218
04/17/2020,OAK,CA,AWP,WE,Towers with Radar,140,24,7,0,171,0,5,12,0,17,140,29,19,0,188,2,0,2,190
04/18/2020,OAK,CA,AWP,WE,Towers with Radar,117,9,8,0,134,0,1,22,0,23,117,10,30,0,157,34,0,34,191
04/19/2020,OAK,CA,AWP,WE,Towers with Radar,98,23,15,0,136,0,0,22,0,22,98,23,37,0,158,20,0,20,178
04/20/2020,OAK,CA,AWP,WE,Towers with Radar,103,23,4,0,130,0,7,7,0,14,103,30,11,0,144,36,0,36,180
04/21/2020,OAK,CA,AWP,WE,Towers with Radar,144,22,9,0,175,0,7,12,1,20,144,29,21,1,195,12,0,12,207
04/22/2020,OAK,CA,AWP,WE,Towers with Radar,141,26,7,0,174,0,6,22,0,28,141,32,29,0,202,2,0,2,204
04/23/2020,OAK,CA,AWP,WE,Towers with Radar,141,26,9,0,176,0,5,28,1,34,141,31,37,1,210,0,0,0,210
04/24/2020,OAK,CA,AWP,WE,Towers with Radar,122,23,12,1,158,0,5,35,1,41,122,28,47,2,199,8,2,10,209
04/25/2020,OAK,CA,AWP,WE,Towers with Radar,104,13,7,0,124,0,0,30,3,33,104,13,37,3,157,4,6,10,167
04/26/2020,OAK,CA,AWP,WE,Towers with Radar,90,20,18,0,128,0,0,43,1,44,90,20,61,1,172,50,4,54,226
04/27/2020,OAK,CA,AWP,WE,Towers with Radar,108,22,12,0,142,0,6,33,1,40,108,28,45,1,182,10,8,18,200
04/28/2020,OAK,CA,AWP,WE,Towers with Radar,158,21,3,0,182,0,8,47,2,57,158,29,50,2,239,14,0,14,253
04/29/2020,OAK,CA,AWP,WE,Towers with Radar,151,46,7,0,204,0,6,22,2,30,151,52,29,2,234,6,18,24,258
04/30/2020,OAK,CA,AWP,WE,Towers with Radar,149,35,14,0,198,0,4,18,0,22,149,39,32,0,220,2,0,2,222
05/01/2020,OAK,CA,AWP,WE,Towers with Radar,137,24,15,0,176,0,5,50,0,55,137,29,65,0,231,32,0,32,263
05/02/2020,OAK,CA,AWP,WE,Towers with Radar,114,22,17,0,153,0,2,21,0,23,114,24,38,0,176,0,0,0,176
05/03/2020,OAK,CA,AWP,WE,Towers with Radar,112,24,10,0,146,0,1,52,0,53,112,25,62,0,199,62,0,62,261
05/04/2020,OAK,CA,AWP,WE,Towers with Radar,108,27,10,0,145,0,11,26,0,37,108,38,36,0,182,10,0,10,192
05/05/2020,OAK,CA,AWP,WE,Towers with Radar,155,28,17,0,200,0,5,30,0,35,155,33,47,0,235,20,0,20,255
05/06/2020,OAK,CA,AWP,WE,Towers with Radar,159,30,14,3,206,0,7,39,1,47,159,37,53,4,253,72,40,112,365
05/07/2020,OAK,CA,AWP,WE,Towers with Radar,153,27,14,0,194,0,12,38,2,52,153,39,52,2,246,40,0,40,286
05/08/2020,OAK,CA,AWP,WE,Towers with Radar,137,26,12,0,175,0,5,45,0,50,137,31,57,0,225,16,0,16,241
05/09/2020,OAK,CA,AWP,WE,Towers with Radar,118,24,11,0,153,0,2,37,2,41,118,26,48,2,194,64,12,76,270
05/10/2020,OAK,CA,AWP,WE,Towers with Radar,110,16,8,0,134,0,1,25,0,26,110,17,33,0,160,10,0,10,170
05/11/2020,OAK,CA,AWP,WE,Towers with Radar,107,26,17,0,150,0,3,15,2,20,107,29,32,2,170,0,16,16,186
05/12/2020,OAK,CA,AWP,WE,Towers with Radar,154,37,13,0,204,0,13,16,0,29,154,50,29,0,233,12,0,12,245
05/13/2020,OAK,CA,AWP,WE,Towers with Radar,159,33,14,0,206,0,11,16,0,27,159,44,30,0,233,26,0,26,259
05/14/2020,OAK,CA,AWP,WE,Towers with Radar,147,39,24,0,210,0,12,24,0,36,147,51,48,0,246,50,0,50,296
05/15/2020,OAK,CA,AWP,WE,Towers with Radar,137,35,11,0,183,0,10,56,0,66,137,45,67,0,249,4,0,4,253
05/16/2020,OAK,CA,AWP,WE,Towers with Radar,114,21,6,0,141,0,2,54,0,56,114,23,60,0,197,42,0,42,239
05/17/2020,OAK,CA,AWP,WE,Towers with Radar,110,39,7,0,156,0,1,22,0,23,110,40,29,0,179,30,0,30,209
05/18/2020,OAK,CA,AWP,WE,Towers with Radar,107,26,25,0,158,0,8,14,3,25,107,34,39,3,183,73,8,81,264
05/19/2020,OAK,CA,AWP,WE,Towers with Radar,153,34,13,0,200,0,12,57,0,69,153,46,70,0,269,62,2,64,333
05/20/2020,OAK,CA,AWP,WE,Towers with Radar,157,42,16,0,215,0,11,50,0,61,157,53,66,0,276,92,0,92,368
05/21/2020,OAK,CA,AWP,WE,Towers with Radar,150,57,11,5,223,0,7,71,2,80,150,64,82,7,303,172,0,172,475
05/22/2020,OAK,CA,AWP,WE,Towers with Radar,138,31,12,0,181,0,7,58,0,65,138,38,70,0,246,104,0,104,350
05/23/2020,OAK,CA,AWP,WE,Towers with Radar,112,30,9,0,151,0,6,38,4,48,112,36,47,4,199,148,0,148,347
05/24/2020,OAK,CA,AWP,WE,Towers with Radar,111,25,8,0,144,0,2,41,0,43,111,27,49,0,187,62,0,62,249
05/25/2020,OAK,CA,AWP,WE,Towers with Radar,84,39,13,0,136,0,0,59,0,59,84,39,72,0,195,48,0,48,243
05/26/2020,OAK,CA,AWP,WE,Towers with Radar,112,35,21,0,168,0,12,29,0,41,112,47,50,0,209,82,0,82,291
05/27/2020,OAK,CA,AWP,WE,Towers with Radar,163,40,18,1,222,0,7,42,1,50,163,47,60,2,272,70,0,70,342
05/28/2020,OAK,CA,AWP,WE,Towers with Radar,162,43,20,0,225,0,6,25,0,31,162,49,45,0,256,30,0,30,286
05/29/2020,OAK,CA,AWP,WE,Towers with Radar,142,39,12,0,193,0,4,48,1,53,142,43,60,1,246,112,0,112,358
05/30/2020,OAK,CA,AWP,WE,Towers with Radar,112,37,13,0,162,0,2,30,3,35,112,39,43,3,197,22,10,32,229
05/31/2020,OAK,CA,AWP,WE,Towers with Radar,112,32,22,0,166,0,5,75,0,80,112,37,97,0,246,124,0,124,370
06/01/2020,OAK,CA,AWP,WE,Towers with Radar,112,49,17,0,178,0,11,58,0,69,112,60,75,0,247,38,0,38,285
06/02/2020,OAK,CA,AWP,WE,Towers with Radar,158,49,15,0,222,0,11,70,0,81,158,60,85,0,303,84,0,84,387
06/03/2020,OAK,CA,AWP,WE,Towers with Radar,162,34,9,0,205,0,13,54,0,67,162,47,63,0,272,140,0,140,412
06/04/2020,OAK,CA,AWP,WE,Towers with Radar,156,50,18,0,224,0,10,54,0,64,156,60,72,0,288,50,0,50,338
06/05/2020,OAK,CA,AWP,WE,Towers with Radar,145,53,23,0,221,0,7,17,0,24,145,60,40,0,245,68,0,68,313
06/06/2020,OAK,CA,AWP,WE,Towers with Radar,119,24,5,0,148,0,2,30,3,35,119,26,35,3,183,114,6,120,303
06/07/2020,OAK,CA,AWP,WE,Towers with Radar,162,39,24,0,225,0,2,39,0,41,162,41,63,0,266,48,0,48,314
06/08/2020,OAK,CA,AWP,WE,Towers with Radar,168,47,18,0,233,0,5,51,0,56,168,52,69,0,289,90,0,90,379
06/09/2020,OAK,CA,AWP,WE,Towers with Radar,197,45,11,2,255,0,8,44,0,52,197,53,55,2,307,100,0,100,407
06/10/2020,OAK,CA,AWP,WE,Towers with Radar,193,51,25,0,269,0,9,47,1,57,193,60,72,1,326,98,0,98,424
06/11/2020,OAK,CA,AWP,WE,Towers with Radar,214,63,12,0,289,0,10,44,5,59,214,73,56,5,348,102,4,106,454
06/12/2020,OAK,CA,AWP,WE,Towers with Radar,198,66,23,0,287,0,10,34,3,47,198,76,57,3,334,72,10,82,416
06/13/2020,OAK,CA,AWP,WE,Towers with Radar,159,33,14,0,206,0,3,52,0,55,159,36,66,0,261,106,0,106,367
06/14/2020,OAK,CA,AWP,WE,Towers with Radar,167,58,26,0,251,0,2,41,0,43,167,60,67,0,294,98,0,98,392
06/15/2020,OAK,CA,AWP,WE,Towers with Radar,165,52,16,0,233,0,7,28,0,35,165,59,44,0,268,82,0,82,350
06/16/2020,OAK,CA,AWP,WE,Towers with Radar,193,43,20,0,256,0,8,42,0,50,193,51,62,0,306,80,0,80,386
06/17/2020,OAK,CA,AWP,WE,Towers with Radar,188,44,18,0,250,0,12,60,0,72,188,56,78,0,322,127,0,127,449
06/18/2020,OAK,CA,AWP,WE,Towers with Radar,214,55,25,1,295,0,8,56,0,64,214,63,81,1,359,138,0,138,497
06/19/2020,OAK,CA,AWP,WE,Towers with Radar,195,71,25,1,292,0,14,50,1,65,195,85,75,2,357,84,0,84,441
06/20/2020,OAK,CA,AWP,WE,Towers with Radar,162,31,30,0,223,0,4,39,0,43,162,35,69,0,266,42,0,42,308
06/21/2020,OAK,CA,AWP,WE,Towers with Radar,173,48,19,0,240,0,2,35,0,37,173,50,54,0,277,92,0,92,369
06/22/2020,OAK,CA,AWP,WE,Towers with Radar,175,61,22,3,261,0,5,34,0,39,175,66,56,3,300,58,0,58,358
06/23/2020,OAK,CA,AWP,WE,Towers with Radar,204,44,28,3,279,0,6,31,3,40,204,50,59,6,319,60,0,60,379
06/24/2020,OAK,CA,AWP,WE,Towers with Radar,202,60,30,2,294,0,7,40,0,47,202,67,70,2,341,92,0,92,433
06/25/2020,OAK,CA,AWP,WE,Towers with Radar,219,84,28,0,331,0,14,36,2,52,219,98,64,2,383,106,0,106,489
06/26/2020,OAK,CA,AWP,WE,Towers with Radar,208,67,32,0,307,0,10,46,0,56,208,77,78,0,363,136,0,136,499
06/27/2020,OAK,CA,AWP,WE,Towers with Radar,180,47,29,0,256,0,3,31,0,34,180,50,60,0,290,150,0,150,440
06/28/2020,OAK,CA,AWP,WE,Towers with Radar,187,45,31,0,263,0,2,51,0,53,187,47,82,0,316,62,0,62,378
06/29/2020,OAK,CA,AWP,WE,Towers with Radar,187,51,25,0,263,0,12,67,0,79,187,63,92,0,342,90,0,90,432
06/30/2020,OAK,CA,AWP,WE,Towers with Radar,235,64,34,2,335,0,12,68,0,80,235,76,102,2,415,170,13,183,598
07/01/2020,OAK,CA,AWP,WE,Towers with Radar,247,67,35,0,349,0,5,50,4,59,247,72,85,4,408,136,0,136,544
07/02/2020,OAK,CA,AWP,WE,Towers with Radar,239,66,17,0,322,0,7,54,0,61,239,73,71,0,383,174,0,174,557
07/03/2020,OAK,CA,AWP,WE,Towers with Radar,226,56,23,0,305,0,19,44,0,63,226,75,67,0,368,192,0,192,560
07/04/2020,OAK,CA,AWP,WE,Towers with Radar,148,20,6,0,174,0,0,42,0,42,148,20,48,0,216,22,0,22,238
07/05/2020,OAK,CA,AWP,WE,Towers with Radar,204,55,24,0,283,0,6,48,0,54,204,61,72,0,337,144,0,144,481
07/06/2020,OAK,CA,AWP,WE,Towers with Radar,202,43,20,0,265,0,9,25,1,35,202,52,45,1,300,42,0,42,342
07/07/2020,OAK,CA,AWP,WE,Towers with Radar,252,54,20,0,326,0,13,32,0,45,252,67,52,0,371,60,0,60,431
07/08/2020,OAK,CA,AWP,WE,Towers with Radar,251,61,12,0,324,0,7,34,2,43,251,68,46,2,367,54,0,54,421
07/09/2020,OAK,CA,AWP,WE,Towers with Radar,249,61,22,0,332,0,6,60,0,66,249,67,82,0,398,90,0,90,488
07/10/2020,OAK,CA,AWP,WE,Towers with Radar,229,60,24,0,313,0,8,62,0,70,229,68,86,0,383,76,6,82,465
07/11/2020,OAK,CA,AWP,WE,Towers with Radar,206,44,14,0,264,0,8,54,0,62,206,52,68,0,326,106,0,106,432
07/12/2020,OAK,CA,AWP,WE,Towers with Radar,208,55,35,0,298,0,4,75,1,80,208,59,110,1,378,118,0,118,496
07/13/2020,OAK,CA,AWP,WE,Towers with Radar,198,56,37,0,291,0,8,49,0,57,198,64,86,0,348,94,0,94,442
07/14/2020,OAK,CA,AWP,WE,Towers with Radar,248,47,19,0,314,0,7,45,1,53,248,54,64,1,367,94,0,94,461
07/15/2020,OAK,CA,AWP,WE,Towers with Radar,250,51,31,0,332,0,5,52,0,57,250,56,83,0,389,62,0,62,451
07/16/2020,OAK,CA,AWP,WE,Towers with Radar,247,64,33,0,344,0,8,60,1,69,247,72,93,1,413,108,0,108,521
07/17/2020,OAK,CA,AWP,WE,Towers with Radar,231,52,30,0,313,0,5,52,0,57,231,57,82,0,370,118,0,118,488
07/18/2020,OAK,CA,AWP,WE,Towers with Radar,213,34,34,0,281,0,1,67,0,68,213,35,101,0,349,141,0,141,490
07/19/2020,OAK,CA,AWP,WE,Towers with Radar,199,59,30,0,288,0,13,50,0,63,199,72,80,0,351,140,0,140,491
07/20/2020,OAK,CA,AWP,WE,Towers with Radar,202,55,23,0,280,0,7,30,0,37,202,62,53,0,317,70,0,70,387
07/21/2020,OAK,CA,AWP,WE,Towers with Radar,252,50,36,0,338,0,8,29,0,37,252,58,65,0,375,118,0,118,493
07/22/2020,OAK,CA,AWP,WE,Towers with Radar,248,60,33,0,341,0,6,44,2,52,248,66,77,2,393,106,18,124,517
07/23/2020,OAK,CA,AWP,WE,Towers with Radar,253,61,38,0,352,0,9,61,2,72,253,70,99,2,424,164,0,164,588
07/24/2020,OAK,CA,AWP,WE,Towers with Radar,239,59,15,0,313,0,6,61,1,68,239,65,76,1,381,54,0,54,435
07/25/2020,OAK,CA,AWP,WE,Towers with Radar,219,43,23,0,285,0,1,55,0,56,219,44,78,0,341,52,0,52,393
07/26/2020,OAK,CA,AWP,WE,Towers with Radar,199,55,46,0,300,0,3,69,0,72,199,58,115,0,372,12,0,12,384
07/27/2020,OAK,CA,AWP,WE,Towers with Radar,208,64,35,0,307,0,8,46,0,54,208,72,81,0,361,38,0,38,399
07/28/2020,OAK,CA,AWP,WE,Towers with Radar,250,48,28,4,330,0,6,35,1,42,250,54,63,5,372,110,4,114,486
07/29/2020,OAK,CA,AWP,WE,Towers with Radar,261,53,35,0,349,0,6,58,0,64,261,59,93,0,413,60,0,60,473
07/30/2020,OAK,CA,AWP,WE,Towers with Radar,252,45,34,2,333,0,5,56,0,61,252,50,90,2,394,156,0,156,550
07/31/2020,OAK,CA,AWP,WE,Towers with Radar,232,64,41,0,337,1,4,43,0,48,233,68,84,0,385,74,0,74,459
08/01/2020,OAK,CA,AWP,WE,Towers with Radar,209,57,36,0,302,0,3,57,0,60,209,60,93,0,362,192,0,192,554
08/02/2020,OAK,CA,AWP,WE,Towers with Radar,202,50,22,0,274,0,10,72,0,82,202,60,94,0,356,116,0,116,472
08/03/2020,OAK,CA,AWP,WE,Towers with Radar,209,44,23,0,276,0,10,63,0,73,209,54,86,0,349,44,0,44,393
08/04/2020,OAK,CA,AWP,WE,Towers with Radar,252,54,33,0,339,0,0,26,0,26,252,54,59,0,365,44,0,44,409
08/05/2020,OAK,CA,AWP,WE,Towers with Radar,263,66,34,0,363,0,2,12,0,14,263,68,46,0,377,0,0,0,377
08/06/2020,OAK,CA,AWP,WE,Towers with Radar,252,53,25,0,330,0,10,68,0,78,252,63,93,0,408,108,0,108,516
08/07/2020,OAK,CA,AWP,WE,Towers with Radar,237,62,26,0,325,0,11,58,0,69,237,73,84,0,394,100,0,100,494
08/08/2020,OAK,CA,AWP,WE,Towers with Radar,210,49,31,0,290,0,1,63,0,64,210,50,94,0,354,18,0,18,372
08/09/2020,OAK,CA,AWP,WE,Towers with Radar,204,63,33,0,300,0,5,98,0,103,204,68,131,0,403,30,0,30,433
08/10/2020,OAK,CA,AWP,WE,Towers with Radar,209,55,34,0,298,0,5,54,0,59,209,60,88,0,357,158,0,158,515
08/11/2020,OAK,CA,AWP,WE,Towers with Radar,228,47,30,0,305,0,5,38,0,43,228,52,68,0,348,126,0,126,474
08/12/2020,OAK,CA,AWP,WE,Towers with Radar,235,59,50,0,344,0,10,69,0,79,235,69,119,0,423,112,0,112,535
08/13/2020,OAK,CA,AWP,WE,Towers with Radar,224,48,30,0,302,0,9,69,3,81,224,57,99,3,383,150,0,150,533
08/14/2020,OAK,CA,AWP,WE,Towers with Radar,209,64,24,0,297,0,12,63,2,77,209,76,87,2,374,14,0,14,388
08/15/2020,OAK,CA,AWP,WE,Towers with Radar,168,50,23,0,241,0,3,76,1,80,168,53,99,1,321,212,0,212,533
08/16/2020,OAK,CA,AWP,WE,Towers with Radar,173,59,33,0,265,0,8,42,0,50,173,67,75,0,315,68,0,68,383
08/17/2020,OAK,CA,AWP,WE,Towers with Radar,185,49,31,0,265,0,7,28,1,36,185,56,59,1,301,118,0,118,419
08/18/2020,OAK,CA,AWP,WE,Towers with Radar,227,66,34,1,328,0,11,52,1,64,227,77,86,2,392,140,0,140,532
08/19/2020,OAK,CA,AWP,WE,Towers with Radar,228,61,23,0,312,0,5,20,1,26,228,66,43,1,338,40,0,40,378
08/20/2020,OAK,CA,AWP,WE,Towers with Radar,223,72,39,1,335,0,5,36,2,43,223,77,75,3,378,52,0,52,430
08/21/2020,OAK,CA,AWP,WE,Towers with Radar,214,69,16,2,301,0,4,17,0,21,214,73,33,2,322,68,0,68,390
08/22/2020,OAK,CA,AWP,WE,Towers with Radar,165,40,26,0,231,0,0,29,0,29,165,40,55,0,260,78,0,78,338
08/23/2020,OAK,CA,AWP,WE,Towers with Radar,179,71,44,0,294,0,1,12,1,14,179,72,56,1,308,0,0,0,308
08/24/2020,OAK,CA,AWP,WE,Towers with Radar,178,63,36,0,277,0,4,22,2,28,178,67,58,2,305,118,0,118,423
08/25/2020,OAK,CA,AWP,WE,Towers with Radar,224,47,28,0,299,0,4,20,0,24,224,51,48,0,323,54,0,54,377
08/26/2020,OAK,CA,AWP,WE,Towers with Radar,221,70,38,0,329,0,2,15,0,17,221,72,53,0,346,95,0,95,441
08/27/2020,OAK,CA,AWP,WE,Towers with Radar,222,65,36,0,323,0,6,42,0,48,222,71,78,0,371,158,0,158,529
08/28/2020,OAK,CA,AWP,WE,Towers with Radar,212,56,43,0,311,0,2,40,0,42,212,58,83,0,353,38,0,38,391
08/29/2020,OAK,CA,AWP,WE,Towers with Radar,157,38,23,0,218,0,0,35,0,35,157,38,58,0,253,106,0,106,359
08/30/2020,OAK,CA,AWP,WE,Towers with Radar,174,61,37,2,274,0,1,48,2,51,174,62,85,4,325,102,0,102,427
08/31/2020,OAK,CA,AWP,WE,Towers with Radar,183,47,32,1,263,0,6,24,0,30,183,53,56,1,293,66,0,66,359
09/01/2020,OAK,CA,AWP,WE,Towers with Radar,232,48,39,4,323,0,3,24,1,28,232,51,63,5,351,64,0,64,415
09/02/2020,OAK,CA,AWP,WE,Towers with Radar,227,48,39,0,314,0,7,39,0,46,227,55,78,0,360,112,0,112,472
09/03/2020,OAK,CA,AWP,WE,Towers with Radar,226,66,35,1,328,0,8,44,0,52,226,74,79,1,380,94,0,94,474
09/04/2020,OAK,CA,AWP,WE,Towers with Radar,213,58,34,1,306,0,8,66,0,74,213,66,100,1,380,66,0,66,446
09/05/2020,OAK,CA,AWP,WE,Towers with Radar,162,32,11,0,205,0,3,54,1,58,162,35,65,1,263,24,0,24,287
09/06/2020,OAK,CA,AWP,WE,Towers with Radar,173,29,16,0,218,0,3,45,0,48,173,32,61,0,266,48,0,48,314
09/07/2020,OAK,CA,AWP,WE,Towers with Radar,156,60,19,0,235,0,6,48,0,54,156,66,67,0,289,48,0,48,337
09/08/2020,OAK,CA,AWP,WE,Towers with Radar,171,50,23,0,244,0,4,20,0,24,171,54,43,0,268,84,0,84,352
09/09/2020,OAK,CA,AWP,WE,Towers with Radar,220,55,25,0,300,0,3,1,0,4,220,58,26,0,304,36,0,36,340
09/10/2020,OAK,CA,AWP,WE,Towers with Radar,207,84,42,0,333,0,0,0,0,0,207,84,42,0,333,0,0,0,333
09/11/2020,OAK,CA,AWP,WE,Towers with Radar,195,82,45,0,322,0,0,0,0,0,195,82,45,0,322,0,0,0,322
09/12/2020,OAK,CA,AWP,WE,Towers with Radar,156,48,22,0,226,0,0,0,0,0,156,48,22,0,226,0,0,0,226
09/13/2020,OAK,CA,AWP,WE,Towers with Radar,162,65,36,0,263,0,0,0,0,0,162,65,36,0,263,0,0,0,263
09/14/2020,OAK,CA,AWP,WE,Towers with Radar,162,73,36,1,272,0,1,1,0,2,162,74,37,1,274,0,0,0,274
09/15/2020,OAK,CA,AWP,WE,Towers with Radar,214,60,55,0,329,0,4,37,4,45,214,64,92,4,374,214,4,218,592
09/16/2020,OAK,CA,AWP,WE,Towers with Radar,221,72,27,0,320,0,6,50,2,58,221,78,77,2,378,128,0,128,506
09/17/2020,OAK,CA,AWP,WE,Towers with Radar,210,64,33,0,307,0,9,49,0,58,210,73,82,0,365,50,0,50,415
09/18/2020,OAK,CA,AWP,WE,Towers with Radar,205,79,30,2,316,0,10,75,0,85,205,89,105,2,401,204,0,204,605
09/19/2020,OAK,CA,AWP,WE,Towers with Radar,170,40,19,0,229,0,4,69,0,73,170,44,88,0,302,58,0,58,360
09/20/2020,OAK,CA,AWP,WE,Towers with Radar,169,65,26,0,260,0,0,69,0,69,169,65,95,0,329,66,0,66,395
09/21/2020,OAK,CA,AWP,WE,Towers with Radar,164,54,30,0,248,0,6,52,1,59,164,60,82,1,307,202,0,202,509
09/22/2020,OAK,CA,AWP,WE,Towers with Radar,218,62,33,1,314,0,10,56,0,66,218,72,89,1,380,174,0,174,554
09/23/2020,OAK,CA,AWP,WE,Towers with Radar,215,53,19,1,288,0,8,68,2,78,215,61,87,3,366,186,10,196,562
09/24/2020,OAK,CA,AWP,WE,Towers with Radar,208,63,37,0,308,0,4,66,1,71,208,67,103,1,379,72,0,72,451
09/25/2020,OAK,CA,AWP,WE,Towers with Radar,200,56,33,0,289,0,11,68,0,79,200,67,101,0,368,112,0,112,480
09/26/2020,OAK,CA,AWP,WE,Towers with Radar,168,35,18,0,221,0,7,68,0,75,168,42,86,0,296,58,0,58,354
09/27/2020,OAK,CA,AWP,WE,Towers with Radar,174,50,20,0,244,0,0,63,0,63,174,50,83,0,307,50,0,50,357
09/28/2020,OAK,CA,AWP,WE,Towers with Radar,162,64,29,0,255,0,6,40,0,46,162,70,69,0,301,136,0,136,437
09/29/2020,OAK,CA,AWP,WE,Towers with Radar,214,58,23,0,295,0,5,47,2,54,214,63,70,2,349,0,0,0,349
09/30/2020,OAK,CA,AWP,WE,Towers with Radar,216,67,25,5,313,0,5,27,0,32,216,72,52,5,345,32,0,32,377
10/01/2020,OAK,CA,AWP,WE,Towers with Radar,204,80,19,0,303,0,1,18,0,19,204,81,37,0,322,54,0,54,376
10/02/2020,OAK,CA,AWP,WE,Towers with Radar,203,67,37,4,311,0,6,12,0,18,203,73,49,4,329,20,0,20,349
10/03/2020,OAK,CA,AWP,WE,Towers with Radar,171,45,20,0,236,0,0,46,0,46,171,45,66,0,282,264,0,264,546
10/04/2020,OAK,CA,AWP,WE,Towers with Radar,171,55,24,0,250,0,5,74,0,79,171,60,98,0,329,164,0,164,493
10/05/2020,OAK,CA,AWP,WE,Towers with Radar,171,52,17,2,242,0,14,36,3,53,171,66,53,5,295,220,2,222,517
10/06/2020,OAK,CA,AWP,WE,Towers with Radar,221,68,26,0,315,0,12,60,0,72,221,80,86,0,387,99,0,99,486
10/07/2020,OAK,CA,AWP,WE,Towers with Radar,223,57,37,0,317,0,4,33,0,37,223,61,70,0,354,166,0,166,520
10/08/2020,OAK,CA,AWP,WE,Towers with Radar,219,75,34,0,328,0,2,44,0,46,219,77,78,0,374,134,0,134,508
10/09/2020,OAK,CA,AWP,WE,Towers with Radar,209,55,35,0,299,0,7,45,0,52,209,62,80,0,351,38,0,38,389
10/10/2020,OAK,CA,AWP,WE,Towers with Radar,172,37,30,0,239,0,2,45,0,47,172,39,75,0,286,354,0,354,640
10/11/2020,OAK,CA,AWP,WE,Towers with Radar,172,45,25,0,242,0,3,84,0,87,172,48,109,0,329,92,0,92,421
10/12/2020,OAK,CA,AWP,WE,Towers with Radar,167,48,29,0,244,0,12,79,0,91,167,60,108,0,335,122,0,122,457
10/13/2020,OAK,CA,AWP,WE,Towers with Radar,223,49,28,0,300,0,9,92,0,101,223,58,120,0,401,166,0,166,567
10/14/2020,OAK,CA,AWP,WE,Towers with Radar,229,67,22,0,318,0,11,80,2,93,229,78,102,2,411,6,0,6,417
10/15/2020,OAK,CA,AWP,WE,Towers with Radar,230,70,46,0,346,0,7,71,0,78,230,77,117,0,424,84,0,84,508
10/16/2020,OAK,CA,AWP,WE,Towers with Radar,207,63,39,0,309,0,9,78,0,87,207,72,117,0,396,106,0,106,502
10/17/2020,OAK,CA,AWP,WE,Towers with Radar,168,43,17,0,228,0,6,79,1,86,168,49,96,1,314,200,0,200,514
10/18/2020,OAK,CA,AWP,WE,Towers with Radar,177,65,35,0,277,0,0,80,0,80,177,65,115,0,357,4,0,4,361
10/19/2020,OAK,CA,AWP,WE,Towers with Radar,170,54,31,1,256,0,6,63,1,70,170,60,94,2,326,114,0,114,440
10/20/2020,OAK,CA,AWP,WE,Towers with Radar,217,71,19,0,307,0,14,56,0,70,217,85,75,0,377,154,0,154,531
10/21/2020,OAK,CA,AWP,WE,Towers with Radar,219,59,27,0,305,0,12,65,1,78,219,71,92,1,383,218,0,218,601
10/22/2020,OAK,CA,AWP,WE,Towers with Radar,220,52,17,0,289,0,7,56,0,63,220,59,73,0,352,176,0,176,528
10/23/2020,OAK,CA,AWP,WE,Towers with Radar,206,62,25,0,293,0,5,54,0,59,206,67,79,0,352,56,0,56,408
10/24/2020,OAK,CA,AWP,WE,Towers with Radar,170,44,21,0,235,0,3,46,1,50,170,47,67,1,285,88,0,88,373
10/25/2020,OAK,CA,AWP,WE,Towers with Radar,174,55,37,3,269,0,3,36,0,39,174,58,73,3,308,0,0,0,308
10/26/2020,OAK,CA,AWP,WE,Towers with Radar,165,50,17,2,234,0,9,26,2,37,165,59,43,4,271,0,0,0,271
10/27/2020,OAK,CA,AWP,WE,Towers with Radar,219,54,27,1,301,0,10,39,0,49,219,64,66,1,350,42,0,42,392
10/28/2020,OAK,CA,AWP,WE,Towers with Radar,218,46,27,0,291,0,6,89,0,95,218,52,116,0,386,110,0,110,496
10/29/2020,OAK,CA,AWP,WE,Towers with Radar,221,77,26,0,324,0,17,81,0,98,221,94,107,0,422,132,0,132,554
10/30/2020,OAK,CA,AWP,WE,Towers with Radar,204,68,25,0,297,0,6,74,0,80,204,74,99,0,377,46,0,46,423
10/31/2020,OAK,CA,AWP,WE,Towers with Radar,168,31,19,0,218,0,1,70,0,71,168,32,89,0,289,64,0,64,353
11/01/2020,OAK,CA,AWP,WE,Towers with Radar,177,60,39,0,276,0,8,56,1,65,177,68,95,1,341,196,0,196,537
11/02/2020,OAK,CA,AWP,WE,Towers with Radar,169,51,21,0,241,0,8,67,2,77,169,59,88,2,318,56,0,56,374
11/03/2020,OAK,CA,AWP,WE,Towers with Radar,219,42,30,2,293,0,5,62,3,70,219,47,92,5,363,24,0,24,387
11/04/2020,OAK,CA,AWP,WE,Towers with Radar,211,63,26,0,300,0,4,61,0,65,211,67,87,0,365,154,0,154,519
11/05/2020,OAK,CA,AWP,WE,Towers with Radar,245,57,38,0,340,0,19,68,1,88,245,76,106,1,428,64,0,64,492
11/06/2020,OAK,CA,AWP,WE,Towers with Radar,220,58,28,5,311,0,7,33,3,43,220,65,61,8,354,0,0,0,354
11/07/2020,OAK,CA,AWP,WE,Towers with Radar,147,33,14,0,194,0,7,62,2,71,147,40,76,2,265,60,0,60,325
11/08/2020,OAK,CA,AWP,WE,Towers with Radar,194,47,26,0,267,0,3,37,0,40,194,50,63,0,307,38,0,38,345
11/09/2020,OAK,CA,AWP,WE,Towers with Radar,186,56,25,1,268,0,5,45,0,50,186,61,70,1,318,112,0,112,430
11/10/2020,OAK,CA,AWP,WE,Towers with Radar,213,62,21,0,296,0,9,61,0,70,213,71,82,0,366,110,0,110,476
11/11/2020,OAK,CA,AWP,WE,Towers with Radar,219,51,38,1,309,0,14,54,0,68,219,65,92,1,377,68,0,68,445
11/12/2020,OAK,CA,AWP,WE,Towers with Radar,238,63,23,0,324,0,17,65,1,83,238,80,88,1,407,94,0,94,501
11/13/2020,OAK,CA,AWP,WE,Towers with Radar,223,64,25,2,314,0,4,23,2,29,223,68,48,4,343,0,0,0,343
11/14/2020,OAK,CA,AWP,WE,Towers with Radar,150,46,26,0,222,0,4,44,4,52,150,50,70,4,274,44,1,45,319
11/15/2020,OAK,CA,AWP,WE,Towers with Radar,199,54,17,0,270,0,8,79,0,87,199,62,96,0,357,130,0,130,487
11/16/2020,OAK,CA,AWP,WE,Towers with Radar,190,59,24,1,274,0,13,62,0,75,190,72,86,1,349,126,0,126,475
11/17/2020,OAK,CA,AWP,WE,Towers with Radar,228,49,38,2,317,0,3,4,0,7,228,52,42,2,324,0,0,0,324
11/18/2020,OAK,CA,AWP,WE,Towers with Radar,235,70,29,0,334,0,11,31,0,42,235,81,60,0,376,4,0,4,380
11/19/2020,OAK,CA,AWP,WE,Towers with Radar,245,55,19,1,320,0,7,48,0,55,245,62,67,1,375,85,0,85,460
11/20/2020,OAK,CA,AWP,WE,Towers with Radar,243,85,33,2,363,0,13,63,2,78,243,98,96,4,441,62,12,74,515
11/21/2020,OAK,CA,AWP,WE,Towers with Radar,185,51,56,0,292,0,3,56,0,59,185,54,112,0,351,162,0,162,513
11/22/2020,OAK,CA,AWP,WE,Towers with Radar,211,52,41,0,304,0,0,70,0,70,211,52,111,0,374,30,0,30,404
11/23/2020,OAK,CA,AWP,WE,Towers with Radar,207,55,22,1,285,0,8,66,3,77,207,63,88,4,362,66,4,70,432
11/24/2020,OAK,CA,AWP,WE,Towers with Radar,266,67,33,0,366,0,13,60,3,76,266,80,93,3,442,42,0,42,484
11/25/2020,OAK,CA,AWP,WE,Towers with Radar,276,64,25,0,365,0,7,46,0,53,276,71,71,0,418,0,0,0,418
11/26/2020,OAK,CA,AWP,WE,Towers with Radar,155,38,13,0,206,0,1,24,0,25,155,39,37,0,231,12,0,12,243
11/27/2020,OAK,CA,AWP,WE,Towers with Radar,239,37,18,0,294,0,12,62,0,74,239,49,80,0,368,4,0,4,372
11/28/2020,OAK,CA,AWP,WE,Towers with Radar,188,63,28,0,279,0,7,62,0,69,188,70,90,0,348,106,0,106,454
11/29/2020,OAK,CA,AWP,WE,Towers with Radar,215,92,48,0,355,0,4,80,0,84,215,96,128,0,439,36,0,36,475
11/30/2020,OAK,CA,AWP,WE,Towers with Radar,229,63,27,0,319,0,7,63,0,70,229,70,90,0,389,124,0,124,513
12/01/2020,OAK,CA,AWP,WE,Towers with Radar,277,73,27,1,378,0,5,48,0,53,277,78,75,1,431,62,0,62,493
12/02/2020,OAK,CA,AWP,WE,Towers with Radar,249,59,19,1,328,0,11,69,3,83,249,70,88,4,411,6,0,6,417
12/03/2020,OAK,CA,AWP,WE,Towers with Radar,237,53,21,0,311,0,9,47,2,58,237,62,68,2,369,114,44,158,527
12/04/2020,OAK,CA,AWP,WE,Towers with Radar,231,64,22,0,317,0,7,67,0,74,231,71,89,0,391,240,0,240,631
12/05/2020,OAK,CA,AWP,WE,Towers with Radar,160,35,22,0,217,0,3,72,0,75,160,38,94,0,292,174,0,174,466
12/06/2020,OAK,CA,AWP,WE,Towers with Radar,187,66,35,0,288,0,4,63,0,67,187,70,98,0,355,36,0,36,391
12/07/2020,OAK,CA,AWP,WE,Towers with Radar,188,40,18,2,248,0,9,36,0,45,188,49,54,2,293,24,0,24,317
12/08/2020,OAK,CA,AWP,WE,Towers with Radar,247,42,24,1,314,0,8,62,2,72,247,50,86,3,386,40,10,50,436
12/09/2020,OAK,CA,AWP,WE,Towers with Radar,245,45,27,0,317,0,12,51,1,64,245,57,78,1,381,46,0,46,427
12/10/2020,OAK,CA,AWP,WE,Towers with Radar,244,43,11,0,298,0,8,63,0,71,244,51,74,0,369,82,10,92,461
12/11/2020,OAK,CA,AWP,WE,Towers with Radar,241,48,21,0,310,0,5,44,0,49,241,53,65,0,359,4,0,4,363
12/12/2020,OAK,CA,AWP,WE,Towers with Radar,169,46,36,0,251,0,0,16,2,18,169,46,52,2,269,50,16,66,335
12/13/2020,OAK,CA,AWP,WE,Towers with Radar,186,52,26,0,264,0,2,0,0,2,186,54,26,0,266,44,0,44,310
12/14/2020,OAK,CA,AWP,WE,Towers with Radar,179,47,18,0,244,0,13,54,0,67,179,60,72,0,311,94,0,94,405
12/15/2020,OAK,CA,AWP,WE,Towers with Radar,263,37,29,1,330,0,14,45,1,60,263,51,74,2,390,128,0,128,518
12/16/2020,OAK,CA,AWP,WE,Towers with Radar,269,58,32,0,359,0,9,43,0,52,269,67,75,0,411,52,0,52,463
12/17/2020,OAK,CA,AWP,WE,Towers with Radar,282,65,22,0,369,0,8,38,0,46,282,73,60,0,415,140,0,140,555
12/18/2020,OAK,CA,AWP,WE,Towers with Radar,283,73,38,1,395,0,11,55,1,67,283,84,93,2,462,12,0,12,474
12/19/2020,OAK,CA,AWP,WE,Towers with Radar,238,48,56,0,342,0,2,72,0,74,238,50,128,0,416,48,32,80,496
12/20/2020,OAK,CA,AWP,WE,Towers with Radar,244,60,28,0,332,0,0,75,0,75,244,60,103,0,407,134,0,134,541
12/21/2020,OAK,CA,AWP,WE,Towers with Radar,245,69,28,4,346,0,7,49,2,58,245,76,77,6,404,70,2,72,476
12/22/2020,OAK,CA,AWP,WE,Towers with Radar,296,66,33,0,395,0,11,83,0,94,296,77,116,0,489,104,6,110,599
12/23/2020,OAK,CA,AWP,WE,Towers with Radar,308,64,42,1,415,0,12,54,1,67,308,76,96,2,482,50,0,50,532
12/24/2020,OAK,CA,AWP,WE,Towers with Radar,251,37,13,0,301,0,12,23,0,35,251,49,36,0,336,98,0,98,434
12/25/2020,OAK,CA,AWP,WE,Towers with Radar,150,29,9,0,188,0,0,1,0,1,150,29,10,0,189,0,0,0,189
12/26/2020,OAK,CA,AWP,WE,Towers with Radar,183,63,36,0,282,0,0,30,0,30,183,63,66,0,312,176,0,176,488
12/27/2020,OAK,CA,AWP,WE,Towers with Radar,210,75,33,0,318,0,3,57,0,60,210,78,90,0,378,76,0,76,454
12/28/2020,OAK,CA,AWP,WE,Towers with Radar,208,65,27,0,300,0,7,21,0,28,208,72,48,0,328,140,0,140,468
12/29/2020,OAK,CA,AWP,WE,Towers with Radar,276,65,15,0,356,0,8,80,0,88,276,73,95,0,444,24,0,24,468
12/30/2020,OAK,CA,AWP,WE,Towers with Radar,281,56,25,0,362,0,6,36,4,46,281,62,61,4,408,106,0,106,514
12/31/2020,OAK,CA,AWP,WE,Towers with Radar,241,52,17,0,310,0,12,55,0,67,241,64,72,0,377,158,0,158,535
01/01/2021,OAK,CA,AWP,WE,Towers with Radar,149,36,15,0,200,0,5,43,0,48,149,41,58,0,248,60,0,60,308
01/02/2021,OAK,CA,AWP,WE,Towers with Radar,189,50,45,0,284,0,0,3,0,3,189,50,48,0,287,24,0,24,311
01/03/2021,OAK,CA,AWP,WE,Towers with Radar,213,78,49,0,340,0,0,1,0,1,213,78,50,0,341,0,0,0,341
01/04/2021,OAK,CA,AWP,WE,Towers with Radar,209,59,18,0,286,0,6,2,0,8,209,65,20,0,294,0,0,0,294
01/05/2021,OAK,CA,AWP,WE,Towers with Radar,254,61,30,0,345,0,10,53,0,63,254,71,83,0,408,0,0,0,408
01/06/2021,OAK,CA,AWP,WE,Towers with Radar,249,59,28,0,336,0,10,38,2,50,249,69,66,2,386,185,0,185,571
01/07/2021,OAK,CA,AWP,WE,Towers with Radar,221,51,28,0,300,0,7,61,2,70,221,58,89,2,370,123,0,123,493
01/08/2021,OAK,CA,AWP,WE,Towers with Radar,203,66,36,0,305,0,6,32,0,38,203,72,68,0,343,146,0,146,489
01/09/2021,OAK,CA,AWP,WE,Towers with Radar,151,49,20,2,222,0,7,86,1,94,151,56,106,3,316,72,0,72,388
01/10/2021,OAK,CA,AWP,WE,Towers with Radar,172,53,22,2,249,0,1,38,0,39,172,54,60,2,288,204,0,204,492
01/11/2021,OAK,CA,AWP,WE,Towers with Radar,167,38,23,1,229,0,15,43,1,59,167,53,66,2,288,188,0,188,476
01/12/2021,OAK,CA,AWP,WE,Towers with Radar,218,57,16,0,291,0,14,25,0,39,218,71,41,0,330,64,0,64,394
01/13/2021,OAK,CA,AWP,WE,Towers with Radar,221,57,29,0,307,0,7,48,2,57,221,64,77,2,364,0,0,0,364
01/14/2021,OAK,CA,AWP,WE,Towers with Radar,216,80,26,0,322,0,13,77,0,90,216,93,103,0,412,186,0,186,598
01/15/2021,OAK,CA,AWP,WE,Towers with Radar,200,70,23,0,293,0,9,62,0,71,200,79,85,0,364,122,0,122,486
01/16/2021,OAK,CA,AWP,WE,Towers with Radar,155,51,21,3,230,0,16,65,6,87,155,67,86,9,317,166,0,166,483
01/17/2021,OAK,CA,AWP,WE,Towers with Radar,165,43,26,0,234,0,3,49,1,53,165,46,75,1,287,42,0,42,329
01/18/2021,OAK,CA,AWP,WE,Towers with Radar,175,54,17,0,246,0,5,33,0,38,175,59,50,0,284,14,0,14,298
01/19/2021,OAK,CA,AWP,WE,Towers with Radar,226,45,15,0,286,0,7,0,0,7,226,52,15,0,293,0,0,0,293
01/20/2021,OAK,CA,AWP,WE,Towers with Radar,217,64,9,0,290,0,9,63,1,73,217,73,72,1,363,56,0,56,419
01/21/2021,OAK,CA,AWP,WE,Towers with Radar,218,52,33,0,303,0,8,55,0,63,218,60,88,0,366,90,0,90,456
01/22/2021,OAK,CA,AWP,WE,Towers with Radar,201,57,18,0,276,0,3,7,0,10,201,60,25,0,286,90,0,90,376
01/23/2021,OAK,CA,AWP,WE,Towers with Radar,152,37,24,1,214,0,0,60,1,61,152,37,84,2,275,298,10,308,583
01/24/2021,OAK,CA,AWP,WE,Towers with Radar,175,49,32,0,256,0,0,7,0,7,175,49,39,0,263,186,0,186,449
01/25/2021,OAK,CA,AWP,WE,Towers with Radar,171,49,29,0,249,0,8,12,0,20,171,57,41,0,269,28,0,28,297
01/26/2021,OAK,CA,AWP,WE,Towers with Radar,227,51,18,2,298,0,5,12,1,18,227,56,30,3,316,14,14,28,344
01/27/2021,OAK,CA,AWP,WE,Towers with Radar,228,58,20,2,308,0,3,1,0,4,228,61,21,2,312,46,0,46,358
01/28/2021,OAK,CA,AWP,WE,Towers with Radar,216,52,36,0,304,0,3,2,0,5,216,55,38,0,309,4,0,4,313
01/29/2021,OAK,CA,AWP,WE,Towers with Radar,203,60,31,0,294,0,4,38,0,42,203,64,69,0,336,134,0,134,470
01/30/2021,OAK,CA,AWP,WE,Towers with Radar,152,34,16,0,202,0,3,71,0,74,152,37,87,0,276,122,0,122,398
01/31/2021,OAK,CA,AWP,WE,Towers with Radar,167,53,30,0,250,0,7,60,0,67,167,60,90,0,317,72,0,72,389
02/01/2021,OAK,CA,AWP,WE,Towers with Radar,169,53,27,0,249,0,7,32,0,39,169,60,59,0,288,48,0,48,336
02/02/2021,OAK,CA,AWP,WE,Towers with Radar,216,58,31,6,311,0,5,18,0,23,216,63,49,6,334,154,0,154,488
02/03/2021,OAK,CA,AWP,WE,Towers with Radar,219,58,31,0,308,0,8,60,2,70,219,66,91,2,378,84,0,84,462
02/04/2021,OAK,CA,AWP,WE,Towers with Radar,220,69,38,0,327,0,8,58,0,66,220,77,96,0,393,171,0,171,564
02/05/2021,OAK,CA,AWP,WE,Towers with Radar,215,59,25,0,299,0,8,79,3,90,215,67,104,3,389,0,0,0,389
02/06/2021,OAK,CA,AWP,WE,Towers with Radar,151,42,24,0,217,0,2,57,0,59,151,44,81,0,276,20,0,20,296
02/07/2021,OAK,CA,AWP,WE,Towers with Radar,172,44,24,0,240,0,0,48,0,48,172,44,72,0,288,0,0,0,288
02/08/2021,OAK,CA,AWP,WE,Towers with Radar,175,53,40,1,269,0,5,27,2,34,175,58,67,3,303,82,22,104,407
02/09/2021,OAK,CA,AWP,WE,Towers with Radar,220,51,19,1,291,0,7,39,0,46,220,58,58,1,337,110,0,110,447
02/10/2021,OAK,CA,AWP,WE,Towers with Radar,219,60,29,2,310,0,7,85,0,92,219,67,114,2,402,147,0,147,549
02/11/2021,OAK,CA,AWP,WE,Towers with Radar,208,76,24,0,308,0,3,30,0,33,208,79,54,0,341,162,0,162,503
02/12/2021,OAK,CA,AWP,WE,Towers with Radar,207,81,48,0,336,0,6,55,1,62,207,87,103,1,398,132,0,132,530
02/13/2021,OAK,CA,AWP,WE,Towers with Radar,147,59,28,0,234,0,0,30,0,30,147,59,58,0,264,54,0,54,318
02/14/2021,OAK,CA,AWP,WE,Towers with Radar,165,54,30,0,249,0,0,51,0,51,165,54,81,0,300,128,0,128,428
02/15/2021,OAK,CA,AWP,WE,Towers with Radar,178,55,40,0,273,0,3,13,0,16,178,58,53,0,289,0,0,0,289
02/16/2021,OAK,CA,AWP,WE,Towers with Radar,186,64,21,0,271,0,10,50,0,60,186,74,71,0,331,116,0,116,447
02/17/2021,OAK,CA,AWP,WE,Towers with Radar,210,68,24,2,304,0,10,69,0,79,210,78,93,2,383,74,0,74,457
02/18/2021,OAK,CA,AWP,WE,Towers with Radar,218,73,22,3,316,0,8,57,3,68,218,81,79,6,384,118,0,118,502
02/19/2021,OAK,CA,AWP,WE,Towers with Radar,205,61,32,5,303,0,4,12,1,17,205,65,44,6,320,0,0,0,320
02/20/2021,OAK,CA,AWP,WE,Towers with Radar,155,50,37,0,242,0,0,47,2,49,155,50,84,2,291,88,0,88,379
02/21/2021,OAK,CA,AWP,WE,Towers with Radar,183,76,44,0,303,0,0,82,0,82,183,76,126,0,385,72,0,72,457
02/22/2021,OAK,CA,AWP,WE,Towers with Radar,176,41,36,0,253,0,7,38,0,45,176,48,74,0,298,0,0,0,298
02/23/2021,OAK,CA,AWP,WE,Towers with Radar,219,43,21,1,284,0,6,43,7,56,219,49,64,8,340,0,0,0,340
02/24/2021,OAK,CA,AWP,WE,Towers with Radar,227,56,17,0,300,0,9,38,0,47,227,65,55,0,347,10,0,10,357
02/25/2021,OAK,CA,AWP,WE,Towers with Radar,222,59,30,1,312,0,8,73,0,81,222,67,103,1,393,24,0,24,417
02/26/2021,OAK,CA,AWP,WE,Towers with Radar,217,77,36,0,330,0,10,49,1,60,217,87,85,1,390,0,0,0,390
02/27/2021,OAK,CA,AWP,WE,Towers with Radar,161,34,24,0,219,0,8,51,0,59,161,42,75,0,278,136,0,136,414
02/28/2021,OAK,CA,AWP,WE,Towers with Radar,179,64,32,1,276,0,4,63,0,67,179,68,95,1,343,195,0,195,538
03/01/2021,OAK,CA,AWP,WE,Towers with Radar,180,64,18,0,262,0,11,38,0,49,180,75,56,0,311,70,0,70,381
03/02/2021,OAK,CA,AWP,WE,Towers with Radar,223,66,29,0,318,0,6,64,0,70,223,72,93,0,388,0,0,0,388
03/03/2021,OAK,CA,AWP,WE,Towers with Radar,230,59,27,1,317,0,7,58,0,65,230,66,85,1,382,0,0,0,382
03/04/2021,OAK,CA,AWP,WE,Towers with Radar,231,61,30,1,323,0,10,53,0,63,231,71,83,1,386,60,0,60,446
03/05/2021,OAK,CA,AWP,WE,Towers with Radar,217,62,23,0,302,0,13,62,0,75,217,75,85,0,377,0,0,0,377
03/06/2021,OAK,CA,AWP,WE,Towers with Radar,161,52,24,0,237,0,3,69,0,72,161,55,93,0,309,188,0,188,497
03/07/2021,OAK,CA,AWP,WE,Towers with Radar,208,74,43,0,325,0,4,78,1,83,208,78,121,1,408,115,0,115,523
03/08/2021,OAK,CA,AWP,WE,Towers with Radar,202,45,29,0,276,0,6,43,0,49,202,51,72,0,325,0,0,0,325
03/09/2021,OAK,CA,AWP,WE,Towers with Radar,232,54,28,4,318,0,6,21,0,27,232,60,49,4,345,82,0,82,427
03/10/2021,OAK,CA,AWP,WE,Towers with Radar,230,62,44,5,341,0,5,14,0,19,230,67,58,5,360,178,0,178,538
03/11/2021,OAK,CA,AWP,WE,Towers with Radar,276,58,36,1,371,0,5,35,0,40,276,63,71,1,411,292,0,292,703
03/12/2021,OAK,CA,AWP,WE,Towers with Radar,257,61,29,2,349,0,13,78,0,91,257,74,107,2,440,98,0,98,538
03/13/2021,OAK,CA,AWP,WE,Towers with Radar,170,52,38,0,260,0,3,44,2,49,170,55,82,2,309,72,0,72,381
03/14/2021,OAK,CA,AWP,WE,Towers with Radar,213,68,37,0,318,0,3,28,1,32,213,71,65,1,350,178,0,178,528
03/15/2021,OAK,CA,AWP,WE,Towers with Radar,205,60,25,3,293,0,9,19,1,29,205,69,44,4,322,56,8,64,386
03/16/2021,OAK,CA,AWP,WE,Towers with Radar,260,63,25,0,348,0,13,52,0,65,260,76,77,0,413,108,0,108,521
03/17/2021,OAK,CA,AWP,WE,Towers with Radar,263,66,29,1,359,0,9,46,0,55,263,75,75,1,414,80,0,80,494
03/18/2021,OAK,CA,AWP,WE,Towers with Radar,277,62,38,0,377,0,4,11,1,16,277,66,49,1,393,24,0,24,417
03/19/2021,OAK,CA,AWP,WE,Towers with Radar,256,67,23,0,346,0,7,26,0,33,256,74,49,0,379,94,0,94,473
03/20/2021,OAK,CA,AWP,WE,Towers with Radar,185,48,37,0,270,0,9,68,0,77,185,57,105,0,347,136,0,136,483
03/21/2021,OAK,CA,AWP,WE,Towers with Radar,222,55,34,1,312,0,4,70,1,75,222,59,104,2,387,63,0,63,450
03/22/2021,OAK,CA,AWP,WE,Towers with Radar,221,51,19,1,292,0,7,41,1,49,221,58,60,2,341,54,0,54,395
03/23/2021,OAK,CA,AWP,WE,Towers with Radar,271,43,35,0,349,0,15,23,0,38,271,58,58,0,387,52,0,52,439
03/24/2021,OAK,CA,AWP,WE,Towers with Radar,271,75,29,5,380,0,9,72,5,86,271,84,101,10,466,234,0,234,700
03/25/2021,OAK,CA,AWP,WE,Towers with Radar,274,70,27,2,373,0,7,47,0,54,274,77,74,2,427,12,0,12,439
03/26/2021,OAK,CA,AWP,WE,Towers with Radar,258,67,27,0,352,0,8,77,1,86,258,75,104,1,438,38,0,38,476
03/27/2021,OAK,CA,AWP,WE,Towers with Radar,188,55,36,0,279,0,4,90,0,94,188,59,126,0,373,124,0,124,497
03/28/2021,OAK,CA,AWP,WE,Towers with Radar,230,49,35,2,316,0,0,85,0,85,230,49,120,2,401,34,0,34,435
03/29/2021,OAK,CA,AWP,WE,Towers with Radar,213,64,19,0,296,0,14,45,0,59,213,78,64,0,355,86,0,86,441
03/30/2021,OAK,CA,AWP,WE,Towers with Radar,272,57,23,0,352,0,12,45,0,57,272,69,68,0,409,84,0,84,493
03/31/2021,OAK,CA,AWP,WE,Towers with Radar,261,70,30,0,361,0,15,54,0,69,261,85,84,0,430,58,0,58,488
04/01/2021,OAK,CA,AWP,WE,Towers with Radar,270,71,35,1,377,0,12,54,3,69,270,83,89,4,446,50,2,52,498
04/02/2021,OAK,CA,AWP,WE,Towers with Radar,270,113,50,3,436,0,11,58,1,70,270,124,108,4,506,96,0,96,602
04/03/2021,OAK,CA,AWP,WE,Towers with Radar,185,62,45,0,292,0,5,44,0,49,185,67,89,0,341,72,0,72,413
04/04/2021,OAK,CA,AWP,WE,Towers with Radar,235,61,41,1,338,0,5,51,1,57,235,66,92,2,395,0,0,0,395
04/05/2021,OAK,CA,AWP,WE,Towers with Radar,225,57,31,3,316,0,5,21,0,26,225,62,52,3,342,14,0,14,356
04/06/2021,OAK,CA,AWP,WE,Towers with Radar,268,57,33,2,360,0,10,50,0,60,268,67,83,2,420,138,0,138,558
04/07/2021,OAK,CA,AWP,WE,Towers with Radar,269,56,41,2,368,0,5,63,0,68,269,61,104,2,436,30,0,30,466
04/08/2021,OAK,CA,AWP,WE,Towers with Radar,274,50,37,0,361,0,9,81,1,91,274,59,118,1,452,154,0,154,606
04/09/2021,OAK,CA,AWP,WE,Towers with Radar,265,84,35,0,384,0,4,64,0,68,265,88,99,0,452,0,0,0,452
04/10/2021,OAK,CA,AWP,WE,Towers with Radar,191,80,32,0,303,0,2,54,0,56,191,82,86,0,359,140,0,140,499
04/11/2021,OAK,CA,AWP,WE,Towers with Radar,236,65,45,0,346,0,6,82,0,88,236,71,127,0,434,200,0,200,634
04/12/2021,OAK,CA,AWP,WE,Towers with Radar,203,54,48,2,307,0,8,60,0,68,203,62,108,2,375,116,0,116,491
04/13/2021,OAK,CA,AWP,WE,Towers with Radar,242,62,45,0,349,0,4,34,0,38,242,66,79,0,387,158,0,158,545
04/14/2021,OAK,CA,AWP,WE,Towers with Radar,238,71,23,1,333,0,10,66,5,81,238,81,89,6,414,68,0,68,482
04/15/2021,OAK,CA,AWP,WE,Towers with Radar,257,56,37,0,350,0,10,45,2,57,257,66,82,2,407,98,0,98,505
04/16/2021,OAK,CA,AWP,WE,Towers with Radar,242,84,33,3,362,0,6,62,0,68,242,90,95,3,430,195,0,195,625
04/17/2021,OAK,CA,AWP,WE,Towers with Radar,191,45,31,1,268,0,0,52,0,52,191,45,83,1,320,18,0,18,338
04/18/2021,OAK,CA,AWP,WE,Towers with Radar,219,60,36,0,315,0,6,51,0,57,219,66,87,0,372,32,0,32,404
04/19/2021,OAK,CA,AWP,WE,Towers with Radar,208,76,39,0,323,0,13,41,0,54,208,89,80,0,377,52,0,52,429
04/20/2021,OAK,CA,AWP,WE,Towers with Radar,244,54,33,0,331,0,8,29,2,39,244,62,62,2,370,0,0,0,370
04/21/2021,OAK,CA,AWP,WE,Towers with Radar,246,72,32,0,350,0,6,34,0,40,246,78,66,0,390,22,0,22,412
04/22/2021,OAK,CA,AWP,WE,Towers with Radar,255,82,65,0,402,0,3,25,0,28,255,85,90,0,430,158,0,158,588
04/23/2021,OAK,CA,AWP,WE,Towers with Radar,247,75,42,0,364,0,7,47,2,56,247,82,89,2,420,122,16,138,558
04/24/2021,OAK,CA,AWP,WE,Towers with Radar,195,39,17,0,251,0,0,64,0,64,195,39,81,0,315,150,0,150,465
04/25/2021,OAK,CA,AWP,WE,Towers with Radar,218,69,26,0,313,0,6,21,0,27,218,75,47,0,340,76,0,76,416
04/26/2021,OAK,CA,AWP,WE,Towers with Radar,206,58,32,0,296,0,7,43,0,50,206,65,75,0,346,122,0,122,468
04/27/2021,OAK,CA,AWP,WE,Towers with Radar,241,55,35,0,331,0,9,89,2,100,241,64,124,2,431,136,14,150,581
04/28/2021,OAK,CA,AWP,WE,Towers with Radar,244,60,35,2,341,0,9,70,5,84,244,69,105,7,425,200,0,200,625
04/29/2021,OAK,CA,AWP,WE,Towers with Radar,263,74,32,0,369,0,11,74,0,85,263,85,106,0,454,130,0,130,584
04/30/2021,OAK,CA,AWP,WE,Towers with Radar,243,76,40,0,359,0,8,40,0,48,243,84,80,0,407,122,0,122,529
05/01/2021,OAK,CA,AWP,WE,Towers with Radar,193,42,32,0,267,0,2,12,0,14,193,44,44,0,281,0,0,0,281
05/02/2021,OAK,CA,AWP,WE,Towers with Radar,222,65,27,2,316,0,3,67,0,70,222,68,94,2,386,97,0,97,483
05/03/2021,OAK,CA,AWP,WE,Towers with Radar,205,50,32,0,287,0,9,58,0,67,205,59,90,0,354,100,0,100,454
05/04/2021,OAK,CA,AWP,WE,Towers with Radar,243,62,20,1,326,0,15,46,2,63,243,77,66,3,389,78,0,78,467
05/05/2021,OAK,CA,AWP,WE,Towers with Radar,252,56,45,0,353,0,4,49,0,53,252,60,94,0,406,108,0,108,514
05/06/2021,OAK,CA,AWP,WE,Towers with Radar,272,78,46,0,396,0,5,55,0,60,272,83,101,0,456,25,1,26,482
05/07/2021,OAK,CA,AWP,WE,Towers with Radar,253,76,37,0,366,0,10,58,0,68,253,86,95,0,434,18,0,18,452
05/08/2021,OAK,CA,AWP,WE,Towers with Radar,198,43,24,0,265,0,2,63,0,65,198,45,87,0,330,90,0,90,420
05/09/2021,OAK,CA,AWP,WE,Towers with Radar,254,65,19,0,338,0,0,65,0,65,254,65,84,0,403,44,0,44,447
05/10/2021,OAK,CA,AWP,WE,Towers with Radar,241,58,29,0,328,0,8,64,2,74,241,66,93,2,402,186,0,186,588
05/11/2021,OAK,CA,AWP,WE,Towers with Radar,261,67,39,0,367,0,13,62,0,75,261,80,101,0,442,100,0,100,542
05/12/2021,OAK,CA,AWP,WE,Towers with Radar,262,89,45,3,399,0,11,51,1,63,262,100,96,4,462,108,0,108,570
05/13/2021,OAK,CA,AWP,WE,Towers with Radar,296,80,45,2,423,0,7,46,0,53,296,87,91,2,476,88,0,88,564
05/14/2021,OAK,CA,AWP,WE,Towers with Radar,273,83,42,0,398,0,0,14,0,14,273,83,56,0,412,4,0,4,416
05/15/2021,OAK,CA,AWP,WE,Towers with Radar,197,47,27,0,271,0,1,33,0,34,197,48,60,0,305,44,0,44,349
05/16/2021,OAK,CA,AWP,WE,Towers with Radar,238,76,47,0,361,0,2,39,0,41,238,78,86,0,402,128,0,128,530
05/17/2021,OAK,CA,AWP,WE,Towers with Radar,243,77,37,0,357,0,2,23,0,25,243,79,60,0,382,88,0,88,470
05/18/2021,OAK,CA,AWP,WE,Towers with Radar,258,69,26,0,353,0,8,59,1,68,258,77,85,1,421,90,0,90,511
05/19/2021,OAK,CA,AWP,WE,Towers with Radar,260,79,43,0,382,0,9,24,2,35,260,88,67,2,417,60,0,60,477
05/20/2021,OAK,CA,AWP,WE,Towers with Radar,293,92,32,0,417,0,11,70,0,81,293,103,102,0,498,68,0,68,566
05/21/2021,OAK,CA,AWP,WE,Towers with Radar,274,105,31,1,411,0,8,72,3,83,274,113,103,4,494,160,0,160,654
05/22/2021,OAK,CA,AWP,WE,Towers with Radar,193,48,23,0,264,0,6,74,1,81,193,54,97,1,345,122,0,122,467
05/23/2021,OAK,CA,AWP,WE,Towers with Radar,242,62,37,0,341,0,5,82,0,87,242,67,119,0,428,93,0,93,521
05/24/2021,OAK,CA,AWP,WE,Towers with Radar,238,71,36,0,345,0,15,43,0,58,238,86,79,0,403,138,0,138,541
05/25/2021,OAK,CA,AWP,WE,Towers with Radar,260,65,43,0,368,0,5,50,0,55,260,70,93,0,423,36,0,36,459
05/26/2021,OAK,CA,AWP,WE,Towers with Radar,260,66,44,0,370,0,11,78,0,89,260,77,122,0,459,64,0,64,523
05/27/2021,OAK,CA,AWP,WE,Towers with Radar,294,96,38,0,428,0,10,65,0,75,294,106,103,0,503,114,0,114,617
05/28/2021,OAK,CA,AWP,WE,Towers with Radar,271,90,47,0,408,0,7,73,0,80,271,97,120,0,488,173,0,173,661
05/29/2021,OAK,CA,AWP,WE,Towers with Radar,198,48,35,0,281,0,1,31,0,32,198,49,66,0,313,0,0,0,313
05/30/2021,OAK,CA,AWP,WE,Towers with Radar,246,58,19,0,323,0,3,75,0,78,246,61,94,0,401,8,0,8,409
05/31/2021,OAK,CA,AWP,WE,Towers with Radar,223,92,54,0,369,0,3,89,0,92,223,95,143,0,461,106,0,106,567
06/01/2021,OAK,CA,AWP,WE,Towers with Radar,239,59,45,0,343,0,9,61,4,74,239,68,106,4,417,98,0,98,515
06/02/2021,OAK,CA,AWP,WE,Towers with Radar,295,79,36,0,410,0,8,43,0,51,295,87,79,0,461,118,0,118,579
06/03/2021,OAK,CA,AWP,WE,Towers with Radar,302,82,46,4,434,0,13,59,0,72,302,95,105,4,506,126,6,132,638
06/04/2021,OAK,CA,AWP,WE,Towers with Radar,276,71,34,2,383,0,4,54,0,58,276,75,88,2,441,40,0,40,481
06/05/2021,OAK,CA,AWP,WE,Towers with Radar,202,50,27,0,279,0,9,80,0,89,202,59,107,0,368,72,0,72,440
06/06/2021,OAK,CA,AWP,WE,Towers with Radar,244,78,46,0,368,0,5,78,0,83,244,83,124,0,451,36,0,36,487
06/07/2021,OAK,CA,AWP,WE,Towers with Radar,250,79,31,0,360,0,6,27,0,33,250,85,58,0,393,50,0,50,443
06/08/2021,OAK,CA,AWP,WE,Towers with Radar,305,68,25,0,398,0,6,64,0,70,305,74,89,0,468,32,0,32,500
06/09/2021,OAK,CA,AWP,WE,Towers with Radar,298,77,27,0,402,0,8,50,0,58,298,85,77,0,460,14,0,14,474
06/10/2021,OAK,CA,AWP,WE,Towers with Radar,311,101,30,0,442,0,15,63,1,79,311,116,93,1,521,84,0,84,605
06/11/2021,OAK,CA,AWP,WE,Towers with Radar,287,85,33,0,405,0,9,84,2,95,287,94,117,2,500,80,0,80,580
06/12/2021,OAK,CA,AWP,WE,Towers with Radar,212,65,32,1,310,0,5,68,0,73,212,70,100,1,383,86,0,86,469
06/13/2021,OAK,CA,AWP,WE,Towers with Radar,236,82,38,1,357,0,8,66,0,74,236,90,104,1,431,0,0,0,431
06/14/2021,OAK,CA,AWP,WE,Towers with Radar,244,79,32,0,355,0,7,52,0,59,244,86,84,0,414,62,0,62,476
06/15/2021,OAK,CA,AWP,WE,Towers with Radar,283,74,44,1,402,0,6,74,0,80,283,80,118,1,482,74,0,74,556
06/16/2021,OAK,CA,AWP,WE,Towers with Radar,291,77,46,1,415,0,14,65,1,80,291,91,111,2,495,64,0,64,559
06/17/2021,OAK,CA,AWP,WE,Towers with Radar,302,81,45,0,428,0,12,75,1,88,302,93,120,1,516,232,0,232,748
06/18/2021,OAK,CA,AWP,WE,Towers with Radar,286,90,41,2,419,0,7,78,0,85,286,97,119,2,504,179,0,179,683
06/19/2021,OAK,CA,AWP,WE,Towers with Radar,213,55,33,0,301,0,1,82,0,83,213,56,115,0,384,124,0,124,508
06/20/2021,OAK,CA,AWP,WE,Towers with Radar,239,79,45,1,364,0,6,59,0,65,239,85,104,1,429,154,0,154,583
06/21/2021,OAK,CA,AWP,WE,Towers with Radar,253,82,33,0,368,0,7,64,0,71,253,89,97,0,439,178,0,178,617
06/22/2021,OAK,CA,AWP,WE,Towers with Radar,309,65,35,0,409,0,11,57,0,68,309,76,92,0,477,114,0,114,591
06/23/2021,OAK,CA,AWP,WE,Towers with Radar,307,70,39,0,416,0,10,56,5,71,307,80,95,5,487,196,0,196,683
06/24/2021,OAK,CA,AWP,WE,Towers with Radar,307,75,57,0,439,0,15,57,0,72,307,90,114,0,511,208,0,208,719
06/25/2021,OAK,CA,AWP,WE,Towers with Radar,275,95,47,0,417,0,10,46,0,56,275,105,93,0,473,78,0,78,551
06/26/2021,OAK,CA,AWP,WE,Towers with Radar,221,60,28,0,309,0,2,72,0,74,221,62,100,0,383,156,0,156,539
06/27/2021,OAK,CA,AWP,WE,Towers with Radar,237,82,64,0,383,0,0,31,0,31,237,82,95,0,414,48,0,48,462
06/28/2021,OAK,CA,AWP,WE,Towers with Radar,256,76,47,0,379,0,5,26,0,31,256,81,73,0,410,30,0,30,440
06/29/2021,OAK,CA,AWP,WE,Towers with Radar,301,85,50,1,437,0,4,42,1,47,301,89,92,2,484,20,0,20,504
06/30/2021,OAK,CA,AWP,WE,Towers with Radar,301,91,44,1,437,0,1,35,0,36,301,92,79,1,473,80,0,80,553
07/01/2021,OAK,CA,AWP,WE,Towers with Radar,308,93,49,0,450,0,5,50,0,55,308,98,99,0,505,92,0,92,597
07/02/2021,OAK,CA,AWP,WE,Towers with Radar,294,73,57,0,424,0,7,54,2,63,294,80,111,2,487,70,0,70,557
07/03/2021,OAK,CA,AWP,WE,Towers with Radar,213,52,29,0,294,0,1,55,0,56,213,53,84,0,350,58,0,58,408
07/04/2021,OAK,CA,AWP,WE,Towers with Radar,238,52,14,0,304,0,2,37,0,39,238,54,51,0,343,10,0,10,353
07/05/2021,OAK,CA,AWP,WE,Towers with Radar,233,84,47,0,364,0,5,62,0,67,233,89,109,0,431,74,0,74,505
07/06/2021,OAK,CA,AWP,WE,Towers with Radar,258,81,38,0,377,0,6,24,0,30,258,87,62,0,407,84,0,84,491
07/07/2021,OAK,CA,AWP,WE,Towers with Radar,301,80,54,0,435,0,8,26,2,36,301,88,80,2,471,48,0,48,519
07/08/2021,OAK,CA,AWP,WE,Towers with Radar,312,88,39,0,439,0,14,46,0,60,312,102,85,0,499,123,0,123,622
07/09/2021,OAK,CA,AWP,WE,Towers with Radar,293,79,39,0,411,0,13,69,0,82,293,92,108,0,493,166,0,166,659
07/10/2021,OAK,CA,AWP,WE,Towers with Radar,220,62,27,0,309,0,5,64,0,69,220,67,91,0,378,132,0,132,510
07/11/2021,OAK,CA,AWP,WE,Towers with Radar,237,80,35,0,352,0,2,41,0,43,237,82,76,0,395,48,0,48,443
07/12/2021,OAK,CA,AWP,WE,Towers with Radar,254,82,32,1,369,0,3,32,0,35,254,85,64,1,404,46,26,72,476
07/13/2021,OAK,CA,AWP,WE,Towers with Radar,302,68,29,4,403,0,5,36,0,41,302,73,65,4,444,136,0,136,580
07/14/2021,OAK,CA,AWP,WE,Towers with Radar,296,68,38,0,402,0,7,45,1,53,296,75,83,1,455,130,20,150,605
07/15/2021,OAK,CA,AWP,WE,Towers with Radar,315,76,29,0,420,0,3,54,2,59,315,79,83,2,479,56,0,56,535
07/16/2021,OAK,CA,AWP,WE,Towers with Radar,291,89,35,0,415,0,5,42,0,47,291,94,77,0,462,62,0,62,524
07/17/2021,OAK,CA,AWP,WE,Towers with Radar,215,54,25,0,294,0,5,83,0,88,215,59,108,0,382,8,0,8,390
07/18/2021,OAK,CA,AWP,WE,Towers with Radar,242,83,29,0,354,0,4,71,0,75,242,87,100,0,429,64,0,64,493
07/19/2021,OAK,CA,AWP,WE,Towers with Radar,257,79,18,0,354,0,5,60,0,65,257,84,78,0,419,88,0,88,507
07/20/2021,OAK,CA,AWP,WE,Towers with Radar,308,73,32,0,413,0,12,37,1,50,308,85,69,1,463,22,0,22,485
07/21/2021,OAK,CA,AWP,WE,Towers with Radar,302,57,26,0,385,0,9,58,0,67,302,66,84,0,452,78,0,78,530
07/22/2021,OAK,CA,AWP,WE,Towers with Radar,310,78,34,0,422,0,11,85,0,96,310,89,119,0,518,172,0,172,690
07/23/2021,OAK,CA,AWP,WE,Towers with Radar,291,83,50,2,426,0,10,94,0,104,291,93,144,2,530,114,0,114,644
07/24/2021,OAK,CA,AWP,WE,Towers with Radar,214,38,29,0,281,0,4,46,0,50,214,42,75,0,331,110,0,110,441
07/25/2021,OAK,CA,AWP,WE,Towers with Radar,238,75,32,2,347,0,8,69,0,77,238,83,101,2,424,180,0,180,604
07/26/2021,OAK,CA,AWP,WE,Towers with Radar,256,77,47,0,380,0,9,48,0,57,256,86,95,0,437,78,0,78,515
07/27/2021,OAK,CA,AWP,WE,Towers with Radar,308,69,31,4,412,0,11,54,0,65,308,80,85,4,477,142,0,142,619
07/28/2021,OAK,CA,AWP,WE,Towers with Radar,304,59,44,0,407,0,10,73,0,83,304,69,117,0,490,158,0,158,648
07/29/2021,OAK,CA,AWP,WE,Towers with Radar,305,86,40,2,433,0,8,55,0,63,305,94,95,2,496,138,2,140,636
07/30/2021,OAK,CA,AWP,WE,Towers with Radar,295,70,31,0,396,0,4,52,3,59,295,74,83,3,455,226,0,226,681
07/31/2021,OAK,CA,AWP,WE,Towers with Radar,223,51,30,0,304,0,3,44,0,47,223,54,74,0,351,113,0,113,464
08/01/2021,OAK,CA,AWP,WE,Towers with Radar,243,81,27,0,351,0,2,54,0,56,243,83,81,0,407,95,0,95,502
08/02/2021,OAK,CA,AWP,WE,Towers with Radar,254,87,30,0,371,0,5,49,0,54,254,92,79,0,425,60,0,60,485
08/03/2021,OAK,CA,AWP,WE,Towers with Radar,299,66,31,2,398,0,4,38,0,42,299,70,69,2,440,72,0,72,512
08/04/2021,OAK,CA,AWP,WE,Towers with Radar,301,70,39,0,410,0,4,41,0,45,301,74,80,0,455,26,0,26,481
08/05/2021,OAK,CA,AWP,WE,Towers with Radar,308,78,67,0,453,0,7,39,0,46,308,85,106,0,499,154,0,154,653
08/06/2021,OAK,CA,AWP,WE,Towers with Radar,281,81,45,0,407,0,6,71,0,77,281,87,116,0,484,252,0,252,736
08/07/2021,OAK,CA,AWP,WE,Towers with Radar,230,45,29,1,305,0,2,61,0,63,230,47,90,1,368,38,0,38,406
08/08/2021,OAK,CA,AWP,WE,Towers with Radar,248,83,57,0,388,0,2,64,0,66,248,85,121,0,454,80,0,80,534
08/09/2021,OAK,CA,AWP,WE,Towers with Radar,258,68,34,0,360,0,12,42,0,54,258,80,76,0,414,106,0,106,520
08/10/2021,OAK,CA,AWP,WE,Towers with Radar,300,71,45,0,416,0,6,59,1,66,300,77,104,1,482,130,0,130,612
08/11/2021,OAK,CA,AWP,WE,Towers with Radar,308,60,36,0,404,0,5,76,0,81,308,65,112,0,485,110,0,110,595
08/12/2021,OAK,CA,AWP,WE,Towers with Radar,313,77,29,0,419,0,9,67,0,76,313,86,96,0,495,176,0,176,671
08/13/2021,OAK,CA,AWP,WE,Towers with Radar,289,94,44,0,427,0,9,59,2,70,289,103,103,2,497,50,0,50,547
08/14/2021,OAK,CA,AWP,WE,Towers with Radar,226,60,40,0,326,0,2,65,0,67,226,62,105,0,393,270,0,270,663
08/15/2021,OAK,CA,AWP,WE,Towers with Radar,243,85,48,0,376,0,5,48,1,54,243,90,96,1,430,108,0,108,538
08/16/2021,OAK,CA,AWP,WE,Towers with Radar,253,74,31,0,358,0,9,40,1,50,253,83,71,1,408,82,0,82,490
08/17/2021,OAK,CA,AWP,WE,Towers with Radar,305,67,38,0,410,0,8,48,0,56,305,75,86,0,466,110,0,110,576
08/18/2021,OAK,CA,AWP,WE,Towers with Radar,300,68,35,0,403,0,9,29,0,38,300,77,64,0,441,188,0,188,629
08/19/2021,OAK,CA,AWP,WE,Towers with Radar,309,72,40,0,421,0,4,38,1,43,309,76,78,1,464,198,0,198,662
08/20/2021,OAK,CA,AWP,WE,Towers with Radar,280,78,45,0,403,0,2,42,0,44,280,80,87,0,447,108,0,108,555
08/21/2021,OAK,CA,AWP,WE,Towers with Radar,223,60,36,0,319,0,6,33,0,39,223,66,69,0,358,10,0,10,368
08/22/2021,OAK,CA,AWP,WE,Towers with Radar,247,85,38,0,370,0,6,75,0,81,247,91,113,0,451,76,0,76,527
08/23/2021,OAK,CA,AWP,WE,Towers with Radar,257,69,30,0,356,0,6,44,1,51,257,75,74,1,407,112,0,112,519
08/24/2021,OAK,CA,AWP,WE,Towers with Radar,306,78,32,0,416,0,9,45,0,54,306,87,77,0,470,32,0,32,502
08/25/2021,OAK,CA,AWP,WE,Towers with Radar,298,89,44,0,431,0,9,69,0,78,298,98,113,0,509,44,0,44,553
08/26/2021,OAK,CA,AWP,WE,Towers with Radar,314,96,46,2,458,0,5,74,0,79,314,101,120,2,537,182,0,182,719
08/27/2021,OAK,CA,AWP,WE,Towers with Radar,292,74,29,0,395,0,12,33,0,45,292,86,62,0,440,222,0,222,662
08/28/2021,OAK,CA,AWP,WE,Towers with Radar,225,51,23,2,301,0,8,41,1,50,225,59,64,3,351,78,0,78,429
08/29/2021,OAK,CA,AWP,WE,Towers with Radar,246,68,52,0,366,0,2,65,0,67,246,70,117,0,433,0,0,0,433
08/30/2021,OAK,CA,AWP,WE,Towers with Radar,265,71,41,0,377,0,15,37,0,52,265,86,78,0,429,168,0,168,597
08/31/2021,OAK,CA,AWP,WE,Towers with Radar,305,74,36,0,415,0,5,50,0,55,305,79,86,0,470,104,0,104,574
09/01/2021,OAK,CA,AWP,WE,Towers with Radar,304,70,57,2,433,0,16,49,4,69,304,86,106,6,502,194,4,198,700
09/02/2021,OAK,CA,AWP,WE,Towers with Radar,318,83,48,0,449,0,10,45,2,57,318,93,93,2,506,82,4,86,592
09/03/2021,OAK,CA,AWP,WE,Towers with Radar,295,68,45,0,408,0,13,43,2,58,295,81,88,2,466,110,0,110,576
09/04/2021,OAK,CA,AWP,WE,Towers with Radar,226,38,26,2,292,0,3,59,0,62,226,41,85,2,354,126,0,126,480
09/05/2021,OAK,CA,AWP,WE,Towers with Radar,237,61,32,1,331,0,3,53,0,56,237,64,85,1,387,100,0,100,487
09/06/2021,OAK,CA,AWP,WE,Towers with Radar,247,75,28,0,350,0,4,70,0,74,247,79,98,0,424,160,0,160,584
09/07/2021,OAK,CA,AWP,WE,Towers with Radar,270,70,28,1,369,0,6,54,0,60,270,76,82,1,429,10,0,10,439
09/08/2021,OAK,CA,AWP,WE,Towers with Radar,312,66,26,4,408,0,11,34,0,45,312,77,60,4,453,6,0,6,459
09/09/2021,OAK,CA,AWP,WE,Towers with Radar,321,76,39,2,438,0,12,46,1,59,321,88,85,3,497,40,0,40,537
09/10/2021,OAK,CA,AWP,WE,Towers with Radar,305,87,33,0,425,0,9,37,2,48,305,96,70,2,473,24,0,24,497
09/11/2021,OAK,CA,AWP,WE,Towers with Radar,238,59,31,0,328,0,3,69,0,72,238,62,100,0,400,70,0,70,470
09/12/2021,OAK,CA,AWP,WE,Towers with Radar,270,55,36,0,361,0,8,68,0,76,270,63,104,0,437,68,0,68,505
09/13/2021,OAK,CA,AWP,WE,Towers with Radar,265,69,28,0,362,0,11,60,0,71,265,80,88,0,433,104,0,104,537
09/14/2021,OAK,CA,AWP,WE,Towers with Radar,302,71,42,0,415,0,13,47,0,60,302,84,89,0,475,50,0,50,525
09/15/2021,OAK,CA,AWP,WE,Towers with Radar,308,78,36,0,422,0,4,38,3,45,308,82,74,3,467,114,0,114,581
09/16/2021,OAK,CA,AWP,WE,Towers with Radar,326,92,43,0,461,0,6,56,0,62,326,98,99,0,523,114,0,114,637
09/17/2021,OAK,CA,AWP,WE,Towers with Radar,303,75,43,0,421,0,11,63,2,76,303,86,106,2,497,162,0,162,659
09/18/2021,OAK,CA,AWP,WE,Towers with Radar,235,41,39,0,315,0,1,35,0,36,235,42,74,0,351,52,0,52,403
09/19/2021,OAK,CA,AWP,WE,Towers with Radar,268,75,32,0,375,0,6,65,0,71,268,81,97,0,446,62,0,62,508
09/20/2021,OAK,CA,AWP,WE,Towers with Radar,269,70,33,2,374,0,11,43,0,54,269,81,76,2,428,112,0,112,540
09/21/2021,OAK,CA,AWP,WE,Towers with Radar,307,72,35,0,414,0,8,59,0,67,307,80,94,0,481,104,0,104,585
09/22/2021,OAK,CA,AWP,WE,Towers with Radar,307,71,33,4,415,0,7,64,3,74,307,78,97,7,489,74,0,74,563
09/23/2021,OAK,CA,AWP,WE,Towers with Radar,328,77,42,0,447,0,7,44,1,52,328,84,86,1,499,18,0,18,517
09/24/2021,OAK,CA,AWP,WE,Towers with Radar,306,83,31,0,420,0,12,59,1,72,306,95,90,1,492,80,0,80,572
09/25/2021,OAK,CA,AWP,WE,Towers with Radar,235,46,37,0,318,0,6,46,0,52,235,52,83,0,370,6,0,6,376
09/26/2021,OAK,CA,AWP,WE,Towers with Radar,282,78,44,0,404,0,1,46,0,47,282,79,90,0,451,34,0,34,485
09/27/2021,OAK,CA,AWP,WE,Towers with Radar,276,74,41,5,396,0,2,22,0,24,276,76,63,5,420,48,0,48,468
09/28/2021,OAK,CA,AWP,WE,Towers with Radar,303,68,46,1,418,0,6,48,0,54,303,74,94,1,472,136,0,136,608
09/29/2021,OAK,CA,AWP,WE,Towers with Radar,304,72,39,0,415,0,12,72,1,85,304,84,111,1,500,166,0,166,666
09/30/2021,OAK,CA,AWP,WE,Towers with Radar,331,75,46,0,452,0,9,82,0,91,331,84,128,0,543,232,0,232,775
10/01/2021,OAK,CA,AWP,WE,Towers with Radar,309,86,51,0,446,0,13,69,0,82,309,99,120,0,528,264,0,264,792
10/02/2021,OAK,CA,AWP,WE,Towers with Radar,233,50,27,0,310,0,6,70,0,76,233,56,97,0,386,164,0,164,550
10/03/2021,OAK,CA,AWP,WE,Towers with Radar,275,95,52,5,427,0,6,61,1,68,275,101,113,6,495,74,0,74,569
10/04/2021,OAK,CA,AWP,WE,Towers with Radar,275,58,34,3,370,0,9,51,1,61,275,67,85,4,431,88,0,88,519
10/05/2021,OAK,CA,AWP,WE,Towers with Radar,309,67,43,2,421,0,6,52,0,58,309,73,95,2,479,116,0,116,595
10/06/2021,OAK,CA,AWP,WE,Towers with Radar,301,77,44,5,427,0,10,63,0,73,301,87,107,5,500,140,0,140,640
10/07/2021,OAK,CA,AWP,WE,Towers with Radar,326,86,34,2,448,0,13,60,10,83,326,99,94,12,531,68,0,68,599
10/08/2021,OAK,CA,AWP,WE,Towers with Radar,307,80,49,4,440,0,9,61,15,85,307,89,110,19,525,34,0,34,559
10/09/2021,OAK,CA,AWP,WE,Towers with Radar,197,52,46,0,295,0,6,83,8,97,197,58,129,8,392,46,0,46,438
10/10/2021,OAK,CA,AWP,WE,Towers with Radar,224,78,54,0,356,0,0,81,12,93,224,78,135,12,449,48,0,48,497
10/11/2021,OAK,CA,AWP,WE,Towers with Radar,243,67,36,5,351,0,8,12,0,20,243,75,48,5,371,22,0,22,393
10/12/2021,OAK,CA,AWP,WE,Towers with Radar,296,68,40,4,408,0,8,36,0,44,296,76,76,4,452,32,0,32,484
10/13/2021,OAK,CA,AWP,WE,Towers with Radar,302,52,48,0,402,0,10,61,0,71,302,62,109,0,473,44,0,44,517
10/14/2021,OAK,CA,AWP,WE,Towers with Radar,322,85,59,0,466,0,18,77,0,95,322,103,136,0,561,84,0,84,645
10/15/2021,OAK,CA,AWP,WE,Towers with Radar,305,79,53,2,439,0,5,86,0,91,305,84,139,2,530,66,0,66,596
10/16/2021,OAK,CA,AWP,WE,Towers with Radar,236,52,29,0,317,0,6,82,0,88,236,58,111,0,405,218,0,218,623
10/17/2021,OAK,CA,AWP,WE,Towers with Radar,263,83,54,0,400,0,2,59,0,61,263,85,113,0,461,86,0,86,547
10/18/2021,OAK,CA,AWP,WE,Towers with Radar,275,69,35,3,382,0,10,47,0,57,275,79,82,3,439,88,24,112,551
10/19/2021,OAK,CA,AWP,WE,Towers with Radar,301,66,43,0,410,0,5,42,0,47,301,71,85,0,457,64,0,64,521
10/20/2021,OAK,CA,AWP,WE,Towers with Radar,302,90,52,2,446,0,2,13,3,18,302,92,65,5,464,0,0,0,464
10/21/2021,OAK,CA,AWP,WE,Towers with Radar,323,91,56,1,471,0,4,15,2,21,323,95,71,3,492,80,0,80,572
10/22/2021,OAK,CA,AWP,WE,Towers with Radar,301,94,45,0,440,0,8,37,2,47,301,102,82,2,487,138,0,138,625
10/23/2021,OAK,CA,AWP,WE,Towers with Radar,238,62,41,0,341,0,2,38,0,40,238,64,79,0,381,86,0,86,467
10/24/2021,OAK,CA,AWP,WE,Towers with Radar,253,66,31,1,351,0,0,0,0,0,253,66,31,1,351,0,0,0,351
10/25/2021,OAK,CA,AWP,WE,Towers with Radar,272,99,32,0,403,0,9,16,3,28,272,108,48,3,431,66,0,66,497
10/26/2021,OAK,CA,AWP,WE,Towers with Radar,307,69,36,0,412,0,7,43,3,53,307,76,79,3,465,64,0,64,529
10/27/2021,OAK,CA,AWP,WE,Towers with Radar,319,73,47,0,439,0,10,76,2,88,319,83,123,2,527,122,6,128,655
10/28/2021,OAK,CA,AWP,WE,Towers with Radar,325,78,40,2,445,0,11,61,1,73,325,89,101,3,518,204,0,204,722
10/29/2021,OAK,CA,AWP,WE,Towers with Radar,317,69,35,0,421,0,11,61,0,72,317,80,96,0,493,146,0,146,639
10/30/2021,OAK,CA,AWP,WE,Towers with Radar,232,50,57,0,339,0,3,26,0,29,232,53,83,0,368,0,0,0,368
10/31/2021,OAK,CA,AWP,WE,Towers with Radar,250,64,26,0,340,0,8,43,0,51,250,72,69,0,391,110,0,110,501
11/01/2021,OAK,CA,AWP,WE,Towers with Radar,257,80,33,2,372,0,3,2,0,5,257,83,35,2,377,0,0,0,377
11/02/2021,OAK,CA,AWP,WE,Towers with Radar,302,70,49,0,421,0,4,33,0,37,302,74,82,0,458,0,0,0,458
11/03/2021,OAK,CA,AWP,WE,Towers with Radar,307,64,37,0,408,0,11,59,1,71,307,75,96,1,479,80,0,80,559
11/04/2021,OAK,CA,AWP,WE,Towers with Radar,310,81,36,0,427,0,7,29,1,37,310,88,65,1,464,80,0,80,544
11/05/2021,OAK,CA,AWP,WE,Towers with Radar,302,86,34,0,422,0,9,73,2,84,302,95,107,2,506,110,18,128,634
11/06/2021,OAK,CA,AWP,WE,Towers with Radar,230,48,20,0,298,0,4,52,0,56,230,52,72,0,354,60,0,60,414
11/07/2021,OAK,CA,AWP,WE,Towers with Radar,241,81,33,0,355,0,5,83,0,88,241,86,116,0,443,62,0,62,505
11/08/2021,OAK,CA,AWP,WE,Towers with Radar,255,62,34,0,351,0,8,28,1,37,255,70,62,1,388,82,0,82,470
11/09/2021,OAK,CA,AWP,WE,Towers with Radar,274,80,26,0,380,0,8,16,2,26,274,88,42,2,406,86,36,122,528
11/10/2021,OAK,CA,AWP,WE,Towers with Radar,287,72,43,0,402,0,6,62,0,68,287,78,105,0,470,96,0,96,566
11/11/2021,OAK,CA,AWP,WE,Towers with Radar,318,86,48,0,452,0,8,77,2,87,318,94,125,2,539,178,2,180,719
11/12/2021,OAK,CA,AWP,WE,Towers with Radar,298,73,33,1,405,0,9,67,0,76,298,82,100,1,481,127,14,141,622
11/13/2021,OAK,CA,AWP,WE,Towers with Radar,231,58,29,1,319,0,3,65,0,68,231,61,94,1,387,80,0,80,467
11/14/2021,OAK,CA,AWP,WE,Towers with Radar,249,82,48,1,380,0,5,81,0,86,249,87,129,1,466,212,0,212,678
11/15/2021,OAK,CA,AWP,WE,Towers with Radar,258,75,45,0,378,0,4,38,0,42,258,79,83,0,420,110,22,132,552
11/16/2021,OAK,CA,AWP,WE,Towers with Radar,276,84,35,0,395,0,5,41,1,47,276,89,76,1,442,64,0,64,506
11/17/2021,OAK,CA,AWP,WE,Towers with Radar,296,77,37,0,410,0,11,62,3,76,296,88,99,3,486,80,0,80,566
11/18/2021,OAK,CA,AWP,WE,Towers with Radar,312,81,54,0,447,0,9,75,0,84,312,90,129,0,531,176,0,176,707
11/19/2021,OAK,CA,AWP,WE,Towers with Radar,302,101,67,0,470,0,2,7,0,9,302,103,74,0,479,0,0,0,479
11/20/2021,OAK,CA,AWP,WE,Towers with Radar,256,81,69,2,408,0,5,84,1,90,256,86,153,3,498,188,0,188,686
11/21/2021,OAK,CA,AWP,WE,Towers with Radar,248,67,52,0,367,0,5,78,1,84,248,72,130,1,451,120,0,120,571
11/22/2021,OAK,CA,AWP,WE,Towers with Radar,277,66,29,0,372,0,5,46,0,51,277,71,75,0,423,100,0,100,523
11/23/2021,OAK,CA,AWP,WE,Towers with Radar,335,100,44,0,479,0,13,73,0,86,335,113,117,0,565,152,0,152,717
11/24/2021,OAK,CA,AWP,WE,Towers with Radar,358,77,55,1,491,0,10,66,0,76,358,87,121,1,567,92,0,92,659
11/25/2021,OAK,CA,AWP,WE,Towers with Radar,217,34,9,0,260,0,0,25,0,25,217,34,34,0,285,38,0,38,323
11/26/2021,OAK,CA,AWP,WE,Towers with Radar,270,50,23,1,344,0,6,41,0,47,270,56,64,1,391,100,0,100,491
11/27/2021,OAK,CA,AWP,WE,Towers with Radar,269,74,39,2,384,0,6,76,0,82,269,80,115,2,466,114,0,114,580
11/28/2021,OAK,CA,AWP,WE,Towers with Radar,286,93,97,0,476,0,6,73,0,79,286,99,170,0,555,72,0,72,627
11/29/2021,OAK,CA,AWP,WE,Towers with Radar,293,98,29,0,420,0,7,47,0,54,293,105,76,0,474,106,0,106,580
11/30/2021,OAK,CA,AWP,WE,Towers with Radar,354,65,37,0,456,0,8,59,0,67,354,73,96,0,523,162,0,162,685
12/01/2021,OAK,CA,AWP,WE,Towers with Radar,320,77,34,0,431,0,9,56,0,65,320,86,90,0,496,96,0,96,592
12/02/2021,OAK,CA,AWP,WE,Towers with Radar,315,75,25,2,417,0,4,43,0,47,315,79,68,2,464,118,0,118,582
12/03/2021,OAK,CA,AWP,WE,Towers with Radar,299,84,46,6,435,0,1,8,2,11,299,85,54,8,446,0,0,0,446
12/04/2021,OAK,CA,AWP,WE,Towers with Radar,244,52,35,0,331,0,0,39,0,39,244,52,74,0,370,138,0,138,508
12/05/2021,OAK,CA,AWP,WE,Towers with Radar,247,69,41,0,357,0,2,57,3,62,247,71,98,3,419,57,15,72,491
12/06/2021,OAK,CA,AWP,WE,Towers with Radar,256,73,41,2,372,0,2,1,0,3,256,75,42,2,375,0,0,0,375
12/07/2021,OAK,CA,AWP,WE,Towers with Radar,317,64,38,0,419,0,3,53,3,59,317,67,91,3,478,142,24,166,644
12/08/2021,OAK,CA,AWP,WE,Towers with Radar,319,92,45,1,457,0,1,10,3,14,319,93,55,4,471,0,20,20,491
12/09/2021,OAK,CA,AWP,WE,Towers with Radar,325,79,42,0,446,0,12,48,0,60,325,91,90,0,506,110,18,128,634
12/10/2021,OAK,CA,AWP,WE,Towers with Radar,300,80,37,2,419,1,13,89,2,105,301,93,126,4,524,180,0,180,704
12/11/2021,OAK,CA,AWP,WE,Towers with Radar,244,59,27,1,331,0,3,94,0,97,244,62,121,1,428,214,0,214,642
12/12/2021,OAK,CA,AWP,WE,Towers with Radar,254,86,42,1,383,0,0,2,0,2,254,86,44,1,385,0,0,0,385
12/13/2021,OAK,CA,AWP,WE,Towers with Radar,253,54,26,0,333,0,2,0,0,2,253,56,26,0,335,0,0,0,335
12/14/2021,OAK,CA,AWP,WE,Towers with Radar,303,51,36,0,390,0,6,30,0,36,303,57,66,0,426,102,0,102,528
12/15/2021,OAK,CA,AWP,WE,Towers with Radar,330,91,31,0,452,0,4,28,0,32,330,95,59,0,484,58,0,58,542
12/16/2021,OAK,CA,AWP,WE,Towers with Radar,360,87,36,0,483,0,8,40,0,48,360,95,76,0,531,210,0,210,741
12/17/2021,OAK,CA,AWP,WE,Towers with Radar,348,118,48,0,514,0,8,81,1,90,348,126,129,1,604,78,0,78,682
12/18/2021,OAK,CA,AWP,WE,Towers with Radar,297,86,55,0,438,0,5,56,7,68,297,91,111,7,506,136,8,144,650
12/19/2021,OAK,CA,AWP,WE,Towers with Radar,273,81,43,0,397,0,0,51,6,57,273,81,94,6,454,130,0,130,584
12/20/2021,OAK,CA,AWP,WE,Towers with Radar,297,87,50,0,434,0,11,51,2,64,297,98,101,2,498,80,0,80,578
12/21/2021,OAK,CA,AWP,WE,Towers with Radar,355,69,32,0,456,0,8,15,0,23,355,77,47,0,479,34,0,34,513
12/22/2021,OAK,CA,AWP,WE,Towers with Radar,365,86,45,1,497,0,0,0,0,0,365,86,45,1,497,0,0,0,497
12/23/2021,OAK,CA,AWP,WE,Towers with Radar,369,80,51,0,500,0,6,10,0,16,369,86,61,0,516,4,0,4,520
12/24/2021,OAK,CA,AWP,WE,Towers with Radar,263,57,23,1,344,0,8,30,0,38,263,65,53,1,382,138,0,138,520
12/25/2021,OAK,CA,AWP,WE,Towers with Radar,198,41,8,2,249,0,0,0,0,0,198,41,8,2,249,0,0,0,249
12/26/2021,OAK,CA,AWP,WE,Towers with Radar,252,87,40,1,380,0,2,14,0,16,252,89,54,1,396,120,0,120,516
12/27/2021,OAK,CA,AWP,WE,Towers with Radar,261,82,43,0,386,0,11,16,0,27,261,93,59,0,413,60,0,60,473
12/28/2021,OAK,CA,AWP,WE,Towers with Radar,337,70,28,0,435,0,5,12,0,17,337,75,40,0,452,28,0,28,480
12/29/2021,OAK,CA,AWP,WE,Towers with Radar,352,81,33,0,466,0,4,2,0,6,352,85,35,0,472,12,0,12,484
12/30/2021,OAK,CA,AWP,WE,Towers with Radar,344,77,35,0,456,0,11,74,0,85,344,88,109,0,541,136,0,136,677
12/31/2021,OAK,CA,AWP,WE,Towers with Radar,255,52,14,0,321,0,7,87,0,94,255,59,101,0,415,126,0,126,541
01/01/2022,OAK,CA,AWP,WE,Towers with Radar,201,51,21,0,273,0,4,58,0,62,201,55,79,0,335,60,0,60,395
01/02/2022,OAK,CA,AWP,WE,Towers with Radar,243,101,61,0,405,0,2,88,0,90,243,103,149,0,495,122,0,122,617
01/03/2022,OAK,CA,AWP,WE,Towers with Radar,280,98,49,0,427,0,2,11,0,13,280,100,60,0,440,104,0,104,544
01/04/2022,OAK,CA,AWP,WE,Towers with Radar,278,80,37,1,396,0,7,10,0,17,278,87,47,1,413,60,0,60,473
01/05/2022,OAK,CA,AWP,WE,Towers with Radar,272,85,40,1,398,0,2,11,7,20,272,87,51,8,418,48,0,48,466
01/06/2022,OAK,CA,AWP,WE,Towers with Radar,254,80,29,1,364,0,0,0,0,0,254,80,29,1,364,0,0,0,364
01/07/2022,OAK,CA,AWP,WE,Towers with Radar,259,80,36,0,375,0,2,14,0,16,259,82,50,0,391,102,6,108,499
01/08/2022,OAK,CA,AWP,WE,Towers with Radar,215,61,28,2,306,0,3,62,0,65,215,64,90,2,371,304,0,304,675
01/09/2022,OAK,CA,AWP,WE,Towers with Radar,248,70,30,2,350,0,8,91,2,101,248,78,121,4,451,92,0,92,543
01/10/2022,OAK,CA,AWP,WE,Towers with Radar,234,67,26,2,329,0,12,67,0,79,234,79,93,2,408,112,0,112,520
01/11/2022,OAK,CA,AWP,WE,Towers with Radar,266,55,17,0,338,0,9,39,1,49,266,64,56,1,387,122,0,122,509
01/12/2022,OAK,CA,AWP,WE,Towers with Radar,274,53,21,1,349,0,8,48,2,58,274,61,69,3,407,72,0,72,479
01/13/2022,OAK,CA,AWP,WE,Towers with Radar,275,72,37,2,386,0,8,52,0,60,275,80,89,2,446,80,0,80,526
01/14/2022,OAK,CA,AWP,WE,Towers with Radar,297,80,62,0,439,0,9,47,0,56,297,89,109,0,495,114,0,114,609
01/15/2022,OAK,CA,AWP,WE,Towers with Radar,216,50,38,0,304,0,3,87,0,90,216,53,125,0,394,128,0,128,522
01/16/2022,OAK,CA,AWP,WE,Towers with Radar,228,52,28,0,308,0,2,60,0,62,228,54,88,0,370,92,0,92,462
01/17/2022,OAK,CA,AWP,WE,Towers with Radar,274,87,46,0,407,0,8,69,0,77,274,95,115,0,484,72,0,72,556
01/18/2022,OAK,CA,AWP,WE,Towers with Radar,301,77,28,0,406,0,11,20,2,33,301,88,48,2,439,91,0,91,530
01/19/2022,OAK,CA,AWP,WE,Towers with Radar,310,78,31,2,421,0,6,34,0,40,310,84,65,2,461,32,0,32,493
01/20/2022,OAK,CA,AWP,WE,Towers with Radar,319,64,42,0,425,0,5,33,0,38,319,69,75,0,463,94,0,94,557
01/21/2022,OAK,CA,AWP,WE,Towers with Radar,311,56,40,0,407,0,5,33,4,42,311,61,73,4,449,20,0,20,469
01/22/2022,OAK,CA,AWP,WE,Towers with Radar,228,49,32,0,309,0,4,35,0,39,228,53,67,0,348,42,0,42,390
01/23/2022,OAK,CA,AWP,WE,Towers with Radar,267,63,44,0,374,0,6,104,0,110,267,69,148,0,484,146,0,146,630
01/24/2022,OAK,CA,AWP,WE,Towers with Radar,267,59,30,0,356,0,8,49,3,60,267,67,79,3,416,110,0,110,526
01/25/2022,OAK,CA,AWP,WE,Towers with Radar,299,61,37,0,397,0,4,42,1,47,299,65,79,1,444,126,0,126,570
01/26/2022,OAK,CA,AWP,WE,Towers with Radar,308,64,51,0,423,0,5,45,2,52,308,69,96,2,475,66,34,100,575
01/27/2022,OAK,CA,AWP,WE,Towers with Radar,313,71,25,0,409,0,13,55,0,68,313,84,80,0,477,226,0,226,703
01/28/2022,OAK,CA,AWP,WE,Towers with Radar,312,72,38,0,422,0,9,58,0,67,312,81,96,0,489,166,0,166,655
01/29/2022,OAK,CA,AWP,WE,Towers with Radar,217,55,25,0,297,0,1,74,0,75,217,56,99,0,372,104,0,104,476
01/30/2022,OAK,CA,AWP,WE,Towers with Radar,266,82,37,0,385,0,4,79,0,83,266,86,116,0,468,134,0,134,602
01/31/2022,OAK,CA,AWP,WE,Towers with Radar,266,80,35,0,381,0,10,39,0,49,266,90,74,0,430,154,0,154,584
02/01/2022,OAK,CA,AWP,WE,Towers with Radar,297,64,28,0,389,0,10,26,0,36,297,74,54,0,425,133,0,133,558
02/02/2022,OAK,CA,AWP,WE,Towers with Radar,303,78,26,0,407,0,13,12,0,25,303,91,38,0,432,18,0,18,450
02/03/2022,OAK,CA,AWP,WE,Towers with Radar,286,75,49,0,410,0,16,56,0,72,286,91,105,0,482,238,0,238,720
02/04/2022,OAK,CA,AWP,WE,Towers with Radar,289,76,28,2,395,0,10,89,0,99,289,86,117,2,494,174,0,174,668
02/05/2022,OAK,CA,AWP,WE,Towers with Radar,224,56,32,0,312,0,6,76,0,82,224,62,108,0,394,270,0,270,664
02/06/2022,OAK,CA,AWP,WE,Towers with Radar,273,60,34,0,367,0,2,72,0,74,273,62,106,0,441,108,0,108,549
02/07/2022,OAK,CA,AWP,WE,Towers with Radar,265,61,20,0,346,0,10,52,0,62,265,71,72,0,408,116,0,116,524
02/08/2022,OAK,CA,AWP,WE,Towers with Radar,299,51,32,0,382,0,7,40,0,47,299,58,72,0,429,142,0,142,571
02/09/2022,OAK,CA,AWP,WE,Towers with Radar,313,62,23,0,398,0,16,50,2,68,313,78,73,2,466,124,14,138,604
02/10/2022,OAK,CA,AWP,WE,Towers with Radar,321,88,31,0,440,0,12,64,6,82,321,100,95,6,522,168,0,168,690
02/11/2022,OAK,CA,AWP,WE,Towers with Radar,308,69,36,0,413,0,9,73,1,83,308,78,109,1,496,94,6,100,596
02/12/2022,OAK,CA,AWP,WE,Towers with Radar,219,46,29,0,294,0,5,72,0,77,219,51,101,0,371,198,0,198,569
02/13/2022,OAK,CA,AWP,WE,Towers with Radar,268,59,34,0,361,0,7,79,1,87,268,66,113,1,448,108,0,108,556
02/14/2022,OAK,CA,AWP,WE,Towers with Radar,268,68,22,1,359,0,4,7,1,12,268,72,29,2,371,14,44,58,429
02/15/2022,OAK,CA,AWP,WE,Towers with Radar,298,61,38,0,397,0,11,27,0,38,298,72,65,0,435,60,0,60,495
02/16/2022,OAK,CA,AWP,WE,Towers with Radar,310,68,31,0,409,0,13,58,1,72,310,81,89,1,481,154,0,154,635
02/17/2022,OAK,CA,AWP,WE,Towers with Radar,325,95,54,4,478,0,13,63,2,78,325,108,117,6,556,176,0,176,732
02/18/2022,OAK,CA,AWP,WE,Towers with Radar,319,109,61,0,489,0,9,65,1,75,319,118,126,1,564,136,0,136,700
02/19/2022,OAK,CA,AWP,WE,Towers with Radar,235,72,35,0,342,0,4,83,3,90,235,76,118,3,432,228,2,230,662
02/20/2022,OAK,CA,AWP,WE,Towers with Radar,268,51,39,0,358,0,0,30,0,30,268,51,69,0,388,54,0,54,442
02/21/2022,OAK,CA,AWP,WE,Towers with Radar,280,66,39,0,385,0,7,43,0,50,280,73,82,0,435,112,0,112,547
02/22/2022,OAK,CA,AWP,WE,Towers with Radar,314,69,41,0,424,0,7,22,0,29,314,76,63,0,453,94,0,94,547
02/23/2022,OAK,CA,AWP,WE,Towers with Radar,321,74,32,5,432,0,16,57,2,75,321,90,89,7,507,138,56,194,701
02/24/2022,OAK,CA,AWP,WE,Towers with Radar,323,82,25,2,432,0,11,59,3,73,323,93,84,5,505,130,0,130,635
02/25/2022,OAK,CA,AWP,WE,Towers with Radar,311,73,36,0,420,0,10,70,0,80,311,83,106,0,500,162,0,162,662
02/26/2022,OAK,CA,AWP,WE,Towers with Radar,237,76,38,3,354,0,9,81,1,91,237,85,119,4,445,98,0,98,543
02/27/2022,OAK,CA,AWP,WE,Towers with Radar,279,93,61,1,434,0,3,66,1,70,279,96,127,2,504,110,0,110,614
02/28/2022,OAK,CA,AWP,WE,Towers with Radar,281,75,31,6,393,0,7,57,2,66,281,82,88,8,459,144,0,144,603
03/01/2022,OAK,CA,AWP,WE,Towers with Radar,302,73,39,2,416,0,8,41,0,49,302,81,80,2,465,130,0,130,595
03/02/2022,OAK,CA,AWP,WE,Towers with Radar,321,77,38,0,436,0,6,36,0,42,321,83,74,0,478,74,0,74,552
03/03/2022,OAK,CA,AWP,WE,Towers with Radar,325,70,37,0,432,0,7,22,4,33,325,77,59,4,465,54,0,54,519
03/04/2022,OAK,CA,AWP,WE,Towers with Radar,302,76,53,2,433,0,9,12,2,23,302,85,65,4,456,44,8,52,508
03/05/2022,OAK,CA,AWP,WE,Towers with Radar,210,50,26,2,288,0,3,70,0,73,210,53,96,2,361,168,0,168,529
03/06/2022,OAK,CA,AWP,WE,Towers with Radar,256,72,39,0,367,0,1,100,0,101,256,73,139,0,468,106,0,106,574
03/07/2022,OAK,CA,AWP,WE,Towers with Radar,259,62,30,2,353,0,16,49,2,67,259,78,79,4,420,110,0,110,530
03/08/2022,OAK,CA,AWP,WE,Towers with Radar,290,80,34,1,405,0,12,55,1,68,290,92,89,2,473,130,0,130,603
03/09/2022,OAK,CA,AWP,WE,Towers with Radar,298,109,44,0,451,0,10,62,1,73,298,119,106,1,524,178,0,178,702
03/10/2022,OAK,CA,AWP,WE,Towers with Radar,315,81,37,0,433,0,12,31,0,43,315,93,68,0,476,110,0,110,586
03/11/2022,OAK,CA,AWP,WE,Towers with Radar,307,66,51,0,424,0,10,70,0,80,307,76,121,0,504,0,0,0,504
03/12/2022,OAK,CA,AWP,WE,Towers with Radar,221,55,24,0,300,0,7,54,0,61,221,62,78,0,361,0,0,0,361
03/13/2022,OAK,CA,AWP,WE,Towers with Radar,255,62,38,0,355,0,1,69,0,70,255,63,107,0,425,197,0,197,622
03/14/2022,OAK,CA,AWP,WE,Towers with Radar,269,71,31,0,371,0,9,56,0,65,269,80,87,0,436,166,0,166,602
03/15/2022,OAK,CA,AWP,WE,Towers with Radar,314,78,37,2,431,0,4,14,1,19,314,82,51,3,450,130,0,130,580
03/16/2022,OAK,CA,AWP,WE,Towers with Radar,316,78,49,2,445,0,12,40,2,54,316,90,89,4,499,74,10,84,583
03/17/2022,OAK,CA,AWP,WE,Towers with Radar,320,86,33,0,439,0,3,48,0,51,320,89,81,0,490,120,0,120,610
03/18/2022,OAK,CA,AWP,WE,Towers with Radar,304,76,36,0,416,0,8,97,2,107,304,84,133,2,523,268,0,268,791
03/19/2022,OAK,CA,AWP,WE,Towers with Radar,233,56,26,0,315,0,2,24,0,26,233,58,50,0,341,0,0,0,341
03/20/2022,OAK,CA,AWP,WE,Towers with Radar,268,72,49,0,389,0,7,100,0,107,268,79,149,0,496,0,0,0,496
03/21/2022,OAK,CA,AWP,WE,Towers with Radar,270,57,35,0,362,0,10,60,2,72,270,67,95,2,434,116,0,116,550
03/22/2022,OAK,CA,AWP,WE,Towers with Radar,316,63,40,0,419,0,10,64,2,76,316,73,104,2,495,168,0,168,663
03/23/2022,OAK,CA,AWP,WE,Towers with Radar,324,75,41,0,440,0,6,58,0,64,324,81,99,0,504,0,0,0,504
03/24/2022,OAK,CA,AWP,WE,Towers with Radar,321,82,53,3,459,0,9,79,8,96,321,91,132,11,555,202,14,216,771
03/25/2022,OAK,CA,AWP,WE,Towers with Radar,309,70,69,4,452,0,3,52,3,58,309,73,121,7,510,136,0,136,646
03/26/2022,OAK,CA,AWP,WE,Towers with Radar,231,48,37,0,316,0,1,82,0,83,231,49,119,0,399,158,0,158,557
03/27/2022,OAK,CA,AWP,WE,Towers with Radar,266,77,62,1,406,0,7,47,0,54,266,84,109,1,460,54,0,54,514
03/28/2022,OAK,CA,AWP,WE,Towers with Radar,264,77,39,2,382,0,5,33,0,38,264,82,72,2,420,0,0,0,420
03/29/2022,OAK,CA,AWP,WE,Towers with Radar,322,85,31,0,438,1,8,24,0,33,323,93,55,0,471,46,0,46,517
03/30/2022,OAK,CA,AWP,WE,Towers with Radar,318,75,32,0,425,0,10,27,0,37,318,85,59,0,462,138,0,138,600
03/31/2022,OAK,CA,AWP,WE,Towers with Radar,318,72,33,0,423,0,5,52,0,57,318,77,85,0,480,88,0,88,568
04/01/2022,OAK,CA,AWP,WE,Towers with Radar,297,81,53,0,431,0,9,81,2,92,297,90,134,2,523,200,0,200,723
04/02/2022,OAK,CA,AWP,WE,Towers with Radar,223,57,34,0,314,0,7,48,0,55,223,64,82,0,369,126,0,126,495
04/03/2022,OAK,CA,AWP,WE,Towers with Radar,270,63,40,1,374,0,5,83,0,88,270,68,123,1,462,56,0,56,518
04/04/2022,OAK,CA,AWP,WE,Towers with Radar,289,64,35,1,389,0,7,57,1,65,289,71,92,2,454,148,0,148,602
04/05/2022,OAK,CA,AWP,WE,Towers with Radar,339,62,32,0,433,0,8,48,0,56,339,70,80,0,489,146,0,146,635
04/06/2022,OAK,CA,AWP,WE,Towers with Radar,347,63,23,0,433,0,7,53,0,60,347,70,76,0,493,96,0,96,589
04/07/2022,OAK,CA,AWP,WE,Towers with Radar,328,77,23,1,429,0,10,59,1,70,328,87,82,2,499,218,0,218,717
04/08/2022,OAK,CA,AWP,WE,Towers with Radar,325,90,50,1,466,0,12,86,1,99,325,102,136,2,565,180,0,180,745
04/09/2022,OAK,CA,AWP,WE,Towers with Radar,228,64,32,0,324,0,4,67,0,71,228,68,99,0,395,108,0,108,503
04/10/2022,OAK,CA,AWP,WE,Towers with Radar,284,73,56,0,413,0,2,83,0,85,284,75,139,0,498,214,0,214,712
04/11/2022,OAK,CA,AWP,WE,Towers with Radar,286,69,28,0,383,0,2,8,0,10,286,71,36,0,393,0,0,0,393
04/12/2022,OAK,CA,AWP,WE,Towers with Radar,342,73,43,0,458,0,9,47,1,57,342,82,90,1,515,84,0,84,599
04/13/2022,OAK,CA,AWP,WE,Towers with Radar,340,74,52,0,466,0,7,51,2,60,340,81,103,2,526,342,20,362,888
04/14/2022,OAK,CA,AWP,WE,Towers with Radar,341,85,52,0,478,0,0,6,0,6,341,85,58,0,484,0,0,0,484
04/15/2022,OAK,CA,AWP,WE,Towers with Radar,324,73,41,0,438,0,2,75,2,79,324,75,116,2,517,260,0,260,777
04/16/2022,OAK,CA,AWP,WE,Towers with Radar,236,69,39,0,344,0,2,24,2,28,236,71,63,2,372,100,0,100,472
04/17/2022,OAK,CA,AWP,WE,Towers with Radar,288,82,38,0,408,0,4,87,0,91,288,86,125,0,499,98,0,98,597
04/18/2022,OAK,CA,AWP,WE,Towers with Radar,295,69,37,0,401,0,9,58,0,67,295,78,95,0,468,60,0,60,528
04/19/2022,OAK,CA,AWP,WE,Towers with Radar,346,70,39,0,455,0,8,40,0,48,346,78,79,0,503,124,0,124,627
04/20/2022,OAK,CA,AWP,WE,Towers with Radar,347,66,49,2,464,0,9,35,2,46,347,75,84,4,510,54,0,54,564
04/21/2022,OAK,CA,AWP,WE,Towers with Radar,344,87,39,0,470,0,5,17,2,24,344,92,56,2,494,6,0,6,500
04/22/2022,OAK,CA,AWP,WE,Towers with Radar,323,64,35,0,422,0,4,64,0,68,323,68,99,0,490,172,0,172,662
04/23/2022,OAK,CA,AWP,WE,Towers with Radar,238,46,23,0,307,0,8,74,1,83,238,54,97,1,390,96,20,116,506
04/24/2022,OAK,CA,AWP,WE,Towers with Radar,292,68,38,0,398,0,1,73,0,74,292,69,111,0,472,64,0,64,536
04/25/2022,OAK,CA,AWP,WE,Towers with Radar,299,64,30,0,393,0,6,55,0,61,299,70,85,0,454,72,0,72,526
04/26/2022,OAK,CA,AWP,WE,Towers with Radar,357,69,32,1,459,0,12,50,3,65,357,81,82,4,524,74,2,76,600
04/27/2022,OAK,CA,AWP,WE,Towers with Radar,345,79,25,0,449,0,7,40,3,50,345,86,65,3,499,64,28,92,591
04/28/2022,OAK,CA,AWP,WE,Towers with Radar,338,86,38,0,462,0,10,51,0,61,338,96,89,0,523,84,0,84,607
04/29/2022,OAK,CA,AWP,WE,Towers with Radar,333,82,46,0,461,0,11,57,0,68,333,93,103,0,529,118,0,118,647
04/30/2022,OAK,CA,AWP,WE,Towers with Radar,237,50,22,1,310,0,4,71,0,75,237,54,93,1,385,30,0,30,415
05/01/2022,OAK,CA,AWP,WE,Towers with Radar,292,62,42,0,396,0,11,75,0,86,292,73,117,0,482,58,0,58,540
05/02/2022,OAK,CA,AWP,WE,Towers with Radar,293,71,31,2,397,0,10,33,0,43,293,81,64,2,440,21,0,21,461
05/03/2022,OAK,CA,AWP,WE,Towers with Radar,342,74,28,1,445,0,6,57,1,64,342,80,85,2,509,68,0,68,577
05/04/2022,OAK,CA,AWP,WE,Towers with Radar,345,66,38,0,449,0,7,45,0,52,345,73,83,0,501,20,0,20,521
05/05/2022,OAK,CA,AWP,WE,Towers with Radar,341,73,44,0,458,0,6,43,0,49,341,79,87,0,507,88,0,88,595
05/06/2022,OAK,CA,AWP,WE,Towers with Radar,330,72,35,0,437,1,7,29,2,39,331,79,64,2,476,166,0,166,642
05/07/2022,OAK,CA,AWP,WE,Towers with Radar,245,54,33,0,332,0,5,69,1,75,245,59,102,1,407,210,0,210,617
05/08/2022,OAK,CA,AWP,WE,Towers with Radar,284,58,32,0,374,0,1,26,2,29,284,59,58,2,403,64,18,82,485
05/09/2022,OAK,CA,AWP,WE,Towers with Radar,301,84,40,0,425,0,7,47,0,54,301,91,87,0,479,86,0,86,565
05/10/2022,OAK,CA,AWP,WE,Towers with Radar,349,65,31,0,445,0,10,46,0,56,349,75,77,0,501,126,0,126,627
05/11/2022,OAK,CA,AWP,WE,Towers with Radar,344,74,44,0,462,0,8,54,2,64,344,82,98,2,526,82,12,94,620
05/12/2022,OAK,CA,AWP,WE,Towers with Radar,350,67,26,0,443,0,5,64,0,69,350,72,90,0,512,86,0,86,598
05/13/2022,OAK,CA,AWP,WE,Towers with Radar,332,73,47,0,452,0,7,67,0,74,332,80,114,0,526,124,0,124,650
05/14/2022,OAK,CA,AWP,WE,Towers with Radar,234,59,28,0,321,0,3,76,0,79,234,62,104,0,400,56,0,56,456
05/15/2022,OAK,CA,AWP,WE,Towers with Radar,287,78,51,0,416,0,4,68,0,72,287,82,119,0,488,58,0,58,546
05/16/2022,OAK,CA,AWP,WE,Towers with Radar,300,56,21,0,377,0,4,51,0,55,300,60,72,0,432,0,0,0,432
05/17/2022,OAK,CA,AWP,WE,Towers with Radar,342,72,37,0,451,0,5,54,0,59,342,77,91,0,510,198,0,198,708
05/18/2022,OAK,CA,AWP,WE,Towers with Radar,352,70,39,0,461,0,8,45,0,53,352,78,84,0,514,34,0,34,548
05/19/2022,OAK,CA,AWP,WE,Towers with Radar,352,69,44,0,465,0,8,58,2,68,352,77,102,2,533,100,0,100,633
05/20/2022,OAK,CA,AWP,WE,Towers with Radar,327,93,46,1,467,0,11,50,4,65,327,104,96,5,532,90,0,90,622
05/21/2022,OAK,CA,AWP,WE,Towers with Radar,250,49,37,0,336,0,3,89,0,92,250,52,126,0,428,230,0,230,658
05/22/2022,OAK,CA,AWP,WE,Towers with Radar,296,77,45,0,418,0,2,79,2,83,296,79,124,2,501,84,0,84,585
05/23/2022,OAK,CA,AWP,WE,Towers with Radar,300,61,32,0,393,0,11,64,0,75,300,72,96,0,468,94,0,94,562
05/24/2022,OAK,CA,AWP,WE,Towers with Radar,344,63,35,0,442,0,9,63,0,72,344,72,98,0,514,132,0,132,646
05/25/2022,OAK,CA,AWP,WE,Towers with Radar,360,67,38,0,465,0,9,57,0,66,360,76,95,0,531,92,0,92,623
05/26/2022,OAK,CA,AWP,WE,Towers with Radar,358,93,45,0,496,0,7,56,2,65,358,100,101,2,561,112,0,112,673
05/27/2022,OAK,CA,AWP,WE,Towers with Radar,332,80,52,0,464,0,6,37,0,43,332,86,89,0,507,150,0,150,657
05/28/2022,OAK,CA,AWP,WE,Towers with Radar,245,44,21,0,310,0,1,39,1,41,245,45,60,1,351,6,0,6,357
05/29/2022,OAK,CA,AWP,WE,Towers with Radar,295,44,32,0,371,0,3,56,2,61,295,47,88,2,432,48,0,48,480
05/30/2022,OAK,CA,AWP,WE,Towers with Radar,289,59,36,0,384,0,6,74,0,80,289,65,110,0,464,66,0,66,530
05/31/2022,OAK,CA,AWP,WE,Towers with Radar,313,57,15,0,385,0,10,57,0,67,313,67,72,0,452,106,0,106,558
06/01/2022,OAK,CA,AWP,WE,Towers with Radar,353,72,46,0,471,0,12,75,0,87,353,84,121,0,558,4,0,4,562
06/02/2022,OAK,CA,AWP,WE,Towers with Radar,346,69,37,0,452,0,6,54,3,63,346,75,91,3,515,136,0,136,651
06/03/2022,OAK,CA,AWP,WE,Towers with Radar,328,73,37,0,438,0,3,30,0,33,328,76,67,0,471,70,0,70,541
06/04/2022,OAK,CA,AWP,WE,Towers with Radar,239,51,33,0,323,0,2,71,0,73,239,53,104,0,396,76,0,76,472
06/05/2022,OAK,CA,AWP,WE,Towers with Radar,332,84,51,0,467,0,1,29,0,30,332,85,80,0,497,10,0,10,507
06/06/2022,OAK,CA,AWP,WE,Towers with Radar,339,63,37,0,439,0,6,74,0,80,339,69,111,0,519,38,0,38,557
06/07/2022,OAK,CA,AWP,WE,Towers with Radar,383,54,23,0,460,0,12,65,2,79,383,66,88,2,539,142,0,142,681
06/08/2022,OAK,CA,AWP,WE,Towers with Radar,386,67,43,0,496,0,10,78,0,88,386,77,121,0,584,230,0,230,814
06/09/2022,OAK,CA,AWP,WE,Towers with Radar,388,87,54,0,529,0,7,53,0,60,388,94,107,0,589,108,0,108,697
06/10/2022,OAK,CA,AWP,WE,Towers with Radar,377,86,29,0,492,0,12,63,0,75,377,98,92,0,567,156,0,156,723
06/11/2022,OAK,CA,AWP,WE,Towers with Radar,264,51,27,0,342,0,1,78,0,79,264,52,105,0,421,220,0,220,641
06/12/2022,OAK,CA,AWP,WE,Towers with Radar,333,73,45,0,451,0,0,23,0,23,333,73,68,0,474,108,0,108,582
06/13/2022,OAK,CA,AWP,WE,Towers with Radar,339,74,38,0,451,0,9,46,0,55,339,83,84,0,506,108,0,108,614
06/14/2022,OAK,CA,AWP,WE,Towers with Radar,382,71,28,0,481,0,13,57,0,70,382,84,85,0,551,136,0,136,687
06/15/2022,OAK,CA,AWP,WE,Towers with Radar,394,86,26,2,508,0,12,58,3,73,394,98,84,5,581,220,0,220,801
06/16/2022,OAK,CA,AWP,WE,Towers with Radar,396,76,45,0,517,0,5,52,0,57,396,81,97,0,574,82,0,82,656
06/17/2022,OAK,CA,AWP,WE,Towers with Radar,379,91,36,1,507,0,4,41,0,45,379,95,77,1,552,70,0,70,622
06/18/2022,OAK,CA,AWP,WE,Towers with Radar,264,46,22,1,333,0,2,82,0,84,264,48,104,1,417,26,0,26,443
06/19/2022,OAK,CA,AWP,WE,Towers with Radar,337,70,23,0,430,0,0,74,0,74,337,70,97,0,504,52,0,52,556
06/20/2022,OAK,CA,AWP,WE,Towers with Radar,350,68,35,0,453,0,10,67,0,77,350,78,102,0,530,194,0,194,724
06/21/2022,OAK,CA,AWP,WE,Towers with Radar,386,61,34,0,481,0,8,38,0,46,386,69,72,0,527,72,0,72,599
06/22/2022,OAK,CA,AWP,WE,Towers with Radar,400,68,39,0,507,0,7,38,0,45,400,75,77,0,552,34,0,34,586
06/23/2022,OAK,CA,AWP,WE,Towers with Radar,391,87,52,0,530,0,10,71,2,83,391,97,123,2,613,84,0,84,697
06/24/2022,OAK,CA,AWP,WE,Towers with Radar,380,77,37,0,494,0,10,59,4,73,380,87,96,4,567,234,0,234,801
06/25/2022,OAK,CA,AWP,WE,Towers with Radar,255,51,26,0,332,0,4,81,0,85,255,55,107,0,417,260,0,260,677
06/26/2022,OAK,CA,AWP,WE,Towers with Radar,339,49,27,2,417,0,0,63,0,63,339,49,90,2,480,134,0,134,614
06/27/2022,OAK,CA,AWP,WE,Towers with Radar,342,79,27,0,448,0,5,56,1,62,342,84,83,1,510,94,0,94,604
06/28/2022,OAK,CA,AWP,WE,Towers with Radar,382,69,42,0,493,0,7,57,0,64,382,76,99,0,557,118,0,118,675
06/29/2022,OAK,CA,AWP,WE,Towers with Radar,392,77,40,1,510,0,7,26,0,33,392,84,66,1,543,130,0,130,673
06/30/2022,OAK,CA,AWP,WE,Towers with Radar,397,80,50,2,529,0,1,26,0,27,397,81,76,2,556,76,0,76,632
07/01/2022,OAK,CA,AWP,WE,Towers with Radar,383,84,49,0,516,0,3,49,0,52,383,87,98,0,568,118,0,118,686
07/02/2022,OAK,CA,AWP,WE,Towers with Radar,262,55,38,0,355,0,1,34,0,35,262,56,72,0,390,212,0,212,602
07/03/2022,OAK,CA,AWP,WE,Towers with Radar,323,49,22,0,394,0,0,41,0,41,323,49,63,0,435,144,0,144,579
07/04/2022,OAK,CA,AWP,WE,Towers with Radar,306,53,13,0,372,0,2,61,0,63,306,55,74,0,435,22,0,22,457
07/05/2022,OAK,CA,AWP,WE,Towers with Radar,343,69,41,0,453,0,5,37,0,42,343,74,78,0,495,128,0,128,623
07/06/2022,OAK,CA,AWP,WE,Towers with Radar,394,64,15,1,474,0,3,41,0,44,394,67,56,1,518,120,0,120,638
07/07/2022,OAK,CA,AWP,WE,Towers with Radar,394,81,16,2,493,0,7,45,1,53,394,88,61,3,546,152,0,152,698
07/08/2022,OAK,CA,AWP,WE,Towers with Radar,371,76,17,1,465,0,6,74,0,80,371,82,91,1,545,136,0,136,681
07/09/2022,OAK,CA,AWP,WE,Towers with Radar,273,59,18,0,350,0,0,51,0,51,273,59,69,0,401,6,0,6,407
07/10/2022,OAK,CA,AWP,WE,Towers with Radar,333,70,48,0,451,0,2,55,0,57,333,72,103,0,508,34,0,34,542
07/11/2022,OAK,CA,AWP,WE,Towers with Radar,345,58,26,0,429,0,5,58,0,63,345,63,84,0,492,114,0,114,606
07/12/2022,OAK,CA,AWP,WE,Towers with Radar,390,66,21,0,477,0,7,50,0,57,390,73,71,0,534,154,0,154,688
07/13/2022,OAK,CA,AWP,WE,Towers with Radar,396,73,35,0,504,0,11,46,2,59,396,84,81,2,563,182,22,204,767
07/14/2022,OAK,CA,AWP,WE,Towers with Radar,389,77,28,0,494,0,5,58,0,63,389,82,86,0,557,116,0,116,673
07/15/2022,OAK,CA,AWP,WE,Towers with Radar,381,72,36,0,489,0,6,55,0,61,381,78,91,0,550,74,0,74,624
07/16/2022,OAK,CA,AWP,WE,Towers with Radar,264,52,26,0,342,0,2,76,0,78,264,54,102,0,420,184,0,184,604
07/17/2022,OAK,CA,AWP,WE,Towers with Radar,337,77,27,0,441,0,0,69,0,69,337,77,96,0,510,196,0,196,706
07/18/2022,OAK,CA,AWP,WE,Towers with Radar,342,58,23,0,423,0,12,45,0,57,342,70,68,0,480,76,0,76,556
07/19/2022,OAK,CA,AWP,WE,Towers with Radar,390,64,38,0,492,0,7,50,0,57,390,71,88,0,549,100,0,100,649
07/20/2022,OAK,CA,AWP,WE,Towers with Radar,396,81,40,0,517,0,3,44,0,47,396,84,84,0,564,128,0,128,692
07/21/2022,OAK,CA,AWP,WE,Towers with Radar,394,78,48,0,520,0,4,59,0,63,394,82,107,0,583,40,0,40,623
07/22/2022,OAK,CA,AWP,WE,Towers with Radar,378,69,40,0,487,0,8,68,1,77,378,77,108,1,564,145,0,145,709
07/23/2022,OAK,CA,AWP,WE,Towers with Radar,263,54,41,0,358,0,4,52,0,56,263,58,93,0,414,92,0,92,506
07/24/2022,OAK,CA,AWP,WE,Towers with Radar,332,75,48,0,455,0,7,55,0,62,332,82,103,0,517,34,0,34,551
07/25/2022,OAK,CA,AWP,WE,Towers with Radar,333,60,20,0,413,0,8,28,0,36,333,68,48,0,449,68,0,68,517
07/26/2022,OAK,CA,AWP,WE,Towers with Radar,388,76,36,0,500,0,14,46,0,60,388,90,82,0,560,42,0,42,602
07/27/2022,OAK,CA,AWP,WE,Towers with Radar,404,72,27,2,505,0,7,32,0,39,404,79,59,2,544,68,0,68,612
07/28/2022,OAK,CA,AWP,WE,Towers with Radar,392,85,38,2,517,0,3,15,0,18,392,88,53,2,535,56,0,56,591
07/29/2022,OAK,CA,AWP,WE,Towers with Radar,374,90,35,0,499,0,2,35,0,37,374,92,70,0,536,58,0,58,594
07/30/2022,OAK,CA,AWP,WE,Towers with Radar,270,57,43,0,370,0,2,35,0,37,270,59,78,0,407,130,0,130,537
07/31/2022,OAK,CA,AWP,WE,Towers with Radar,327,63,39,1,430,0,2,54,0,56,327,65,93,1,486,134,0,134,620
08/01/2022,OAK,CA,AWP,WE,Towers with Radar,343,67,37,1,448,0,6,59,0,65,343,73,96,1,513,81,0,81,594
08/02/2022,OAK,CA,AWP,WE,Towers with Radar,387,68,28,0,483,0,17,61,2,80,387,85,89,2,563,134,0,134,697
08/03/2022,OAK,CA,AWP,WE,Towers with Radar,399,71,36,0,506,0,5,62,0,67,399,76,98,0,573,210,0,210,783
08/04/2022,OAK,CA,AWP,WE,Towers with Radar,371,60,44,0,475,0,9,70,0,79,371,69,114,0,554,180,0,180,734
08/05/2022,OAK,CA,AWP,WE,Towers with Radar,370,76,36,2,484,0,7,68,0,75,370,83,104,2,559,104,0,104,663
08/06/2022,OAK,CA,AWP,WE,Towers with Radar,264,42,34,0,340,0,4,60,1,65,264,46,94,1,405,78,0,78,483
08/07/2022,OAK,CA,AWP,WE,Towers with Radar,331,72,54,0,457,0,7,91,0,98,331,79,145,0,555,56,0,56,611
08/08/2022,OAK,CA,AWP,WE,Towers with Radar,340,63,34,1,438,0,6,52,0,58,340,69,86,1,496,112,0,112,608
08/09/2022,OAK,CA,AWP,WE,Towers with Radar,379,60,16,0,455,0,6,56,0,62,379,66,72,0,517,56,0,56,573
08/10/2022,OAK,CA,AWP,WE,Towers with Radar,400,72,39,0,511,0,12,61,0,73,400,84,100,0,584,30,0,30,614
08/11/2022,OAK,CA,AWP,WE,Towers with Radar,378,94,39,0,511,0,4,73,0,77,378,98,112,0,588,148,0,148,736
08/12/2022,OAK,CA,AWP,WE,Towers with Radar,364,81,33,5,483,0,8,53,5,66,364,89,86,10,549,92,0,92,641
08/13/2022,OAK,CA,AWP,WE,Towers with Radar,262,65,37,0,364,0,5,76,3,84,262,70,113,3,448,178,4,182,630
08/14/2022,OAK,CA,AWP,WE,Towers with Radar,325,84,27,1,437,0,3,89,0,92,325,87,116,1,529,96,0,96,625
08/15/2022,OAK,CA,AWP,WE,Towers with Radar,351,72,28,2,453,0,9,51,0,60,351,81,79,2,513,70,2,72,585
08/16/2022,OAK,CA,AWP,WE,Towers with Radar,387,74,41,0,502,0,6,46,0,52,387,80,87,0,554,70,0,70,624
08/17/2022,OAK,CA,AWP,WE,Towers with Radar,392,63,23,0,478,0,5,62,0,67,392,68,85,0,545,160,0,160,705
08/18/2022,OAK,CA,AWP,WE,Towers with Radar,392,96,46,0,534,0,9,54,0,63,392,105,100,0,597,86,0,86,683
08/19/2022,OAK,CA,AWP,WE,Towers with Radar,377,95,36,0,508,0,15,50,0,65,377,110,86,0,573,52,0,52,625
08/20/2022,OAK,CA,AWP,WE,Towers with Radar,263,60,17,0,340,0,6,63,0,69,263,66,80,0,409,170,0,170,579
08/21/2022,OAK,CA,AWP,WE,Towers with Radar,328,84,31,0,443,0,4,80,0,84,328,88,111,0,527,38,0,38,565
08/22/2022,OAK,CA,AWP,WE,Towers with Radar,349,57,42,0,448,0,8,43,0,51,349,65,85,0,499,52,0,52,551
08/23/2022,OAK,CA,AWP,WE,Towers with Radar,391,82,29,1,503,0,4,42,1,47,391,86,71,2,550,46,0,46,596
08/24/2022,OAK,CA,AWP,WE,Towers with Radar,387,81,39,1,508,0,5,35,3,43,387,86,74,4,551,2,0,2,553
08/25/2022,OAK,CA,AWP,WE,Towers with Radar,386,93,45,1,525,0,11,55,0,66,386,104,100,1,591,128,0,128,719
08/26/2022,OAK,CA,AWP,WE,Towers with Radar,375,83,34,1,493,0,8,53,0,61,375,91,87,1,554,46,0,46,600
08/27/2022,OAK,CA,AWP,WE,Towers with Radar,262,48,34,1,345,0,2,74,0,76,262,50,108,1,421,138,0,138,559
08/28/2022,OAK,CA,AWP,WE,Towers with Radar,330,87,45,0,462,0,3,59,0,62,330,90,104,0,524,82,0,82,606
08/29/2022,OAK,CA,AWP,WE,Towers with Radar,349,65,31,2,447,0,11,58,0,69,349,76,89,2,516,0,0,0,516
08/30/2022,OAK,CA,AWP,WE,Towers with Radar,388,66,33,0,487,0,9,71,0,80,388,75,104,0,567,138,0,138,705
08/31/2022,OAK,CA,AWP,WE,Towers with Radar,397,67,39,0,503,0,12,51,1,64,397,79,90,1,567,232,0,232,799
09/01/2022,OAK,CA,AWP,WE,Towers with Radar,385,92,34,1,512,0,16,69,0,85,385,108,103,1,597,114,0,114,711
09/02/2022,OAK,CA,AWP,WE,Towers with Radar,376,80,39,0,495,0,9,82,3,94,376,89,121,3,589,80,0,80,669
09/03/2022,OAK,CA,AWP,WE,Towers with Radar,259,50,18,1,328,0,4,61,6,71,259,54,79,7,399,168,0,168,567
09/04/2022,OAK,CA,AWP,WE,Towers with Radar,273,44,21,1,339,0,15,93,6,114,273,59,114,7,453,150,0,150,603
09/05/2022,OAK,CA,AWP,WE,Towers with Radar,325,78,31,0,434,0,12,66,1,79,325,90,97,1,513,38,0,38,551
09/06/2022,OAK,CA,AWP,WE,Towers with Radar,322,59,22,0,403,0,10,37,0,47,322,69,59,0,450,38,0,38,488
09/07/2022,OAK,CA,AWP,WE,Towers with Radar,364,76,44,1,485,0,10,55,4,69,364,86,99,5,554,0,0,0,554
09/08/2022,OAK,CA,AWP,WE,Towers with Radar,370,74,40,0,484,0,8,59,0,67,370,82,99,0,551,22,0,22,573
09/09/2022,OAK,CA,AWP,WE,Towers with Radar,371,73,36,0,480,1,15,58,2,76,372,88,94,2,556,110,0,110,666
09/10/2022,OAK,CA,AWP,WE,Towers with Radar,267,41,28,0,336,0,2,69,1,72,267,43,97,1,408,38,0,38,446
09/11/2022,OAK,CA,AWP,WE,Towers with Radar,279,89,55,0,423,0,5,66,0,71,279,94,121,0,494,24,0,24,518
09/12/2022,OAK,CA,AWP,WE,Towers with Radar,336,69,33,0,438,0,4,46,0,50,336,73,79,0,488,0,0,0,488
09/13/2022,OAK,CA,AWP,WE,Towers with Radar,358,68,38,0,464,0,3,38,2,43,358,71,76,2,507,58,0,58,565
09/14/2022,OAK,CA,AWP,WE,Towers with Radar,362,75,28,0,465,0,9,46,0,55,362,84,74,0,520,112,0,112,632
09/15/2022,OAK,CA,AWP,WE,Towers with Radar,389,88,33,4,514,0,9,35,0,44,389,97,68,4,558,94,0,94,652
09/16/2022,OAK,CA,AWP,WE,Towers with Radar,375,83,41,0,499,0,9,59,3,71,375,92,100,3,570,80,0,80,650
09/17/2022,OAK,CA,AWP,WE,Towers with Radar,267,51,29,0,347,0,0,58,0,58,267,51,87,0,405,12,0,12,417
09/18/2022,OAK,CA,AWP,WE,Towers with Radar,272,96,55,0,423,0,3,12,0,15,272,99,67,0,438,6,0,6,444
09/19/2022,OAK,CA,AWP,WE,Towers with Radar,337,76,49,4,466,0,10,25,2,37,337,86,74,6,503,0,0,0,503
09/20/2022,OAK,CA,AWP,WE,Towers with Radar,351,66,30,0,447,0,5,50,3,58,351,71,80,3,505,0,0,0,505
09/21/2022,OAK,CA,AWP,WE,Towers with Radar,376,88,36,0,500,0,5,61,3,69,376,93,97,3,569,0,0,0,569
09/22/2022,OAK,CA,AWP,WE,Towers with Radar,383,82,43,0,508,0,7,76,1,84,383,89,119,1,592,0,0,0,592
09/23/2022,OAK,CA,AWP,WE,Towers with Radar,371,75,31,0,477,0,9,72,0,81,371,84,103,0,558,52,0,52,610
09/24/2022,OAK,CA,AWP,WE,Towers with Radar,271,48,40,0,359,0,5,89,2,96,271,53,129,2,455,0,0,0,455
09/25/2022,OAK,CA,AWP,WE,Towers with Radar,279,68,46,0,393,0,4,61,0,65,279,72,107,0,458,14,0,14,472
09/26/2022,OAK,CA,AWP,WE,Towers with Radar,341,75,32,0,448,0,8,38,2,48,341,83,70,2,496,20,0,20,516
09/27/2022,OAK,CA,AWP,WE,Towers with Radar,364,93,26,0,483,0,10,44,3,57,364,103,70,3,540,70,0,70,610
09/28/2022,OAK,CA,AWP,WE,Towers with Radar,357,71,58,0,486,0,5,51,3,59,357,76,109,3,545,0,0,0,545
09/29/2022,OAK,CA,AWP,WE,Towers with Radar,383,73,19,0,475,0,7,61,0,68,383,80,80,0,543,104,0,104,647
09/30/2022,OAK,CA,AWP,WE,Towers with Radar,374,74,29,0,477,0,15,69,1,85,374,89,98,1,562,114,0,114,676
10/01/2022,OAK,CA,AWP,WE,Towers with Radar,265,46,32,0,343,0,0,47,2,49,265,46,79,2,392,0,0,0,392
10/02/2022,OAK,CA,AWP,WE,Towers with Radar,281,76,36,3,396,0,10,70,0,80,281,86,106,3,476,28,0,28,504
10/03/2022,OAK,CA,AWP,WE,Towers with Radar,333,72,37,1,443,0,10,51,0,61,333,82,88,1,504,0,0,0,504
10/04/2022,OAK,CA,AWP,WE,Towers with Radar,360,74,36,2,472,0,10,46,0,56,360,84,82,2,528,0,0,0,528
10/05/2022,OAK,CA,AWP,WE,Towers with Radar,372,72,25,6,475,0,10,46,0,56,372,82,71,6,531,0,0,0,531
10/06/2022,OAK,CA,AWP,WE,Towers with Radar,382,77,30,1,490,0,13,49,6,68,382,90,79,7,558,84,0,84,642
10/07/2022,OAK,CA,AWP,WE,Towers with Radar,370,69,31,1,471,1,12,66,17,96,371,81,97,18,567,0,0,0,567
10/08/2022,OAK,CA,AWP,WE,Towers with Radar,271,48,28,1,348,0,9,40,15,64,271,57,68,16,412,0,0,0,412
10/09/2022,OAK,CA,AWP,WE,Towers with Radar,266,64,47,2,379,0,2,46,7,55,266,66,93,9,434,46,0,46,480
10/10/2022,OAK,CA,AWP,WE,Towers with Radar,337,68,38,5,448,0,11,44,1,56,337,79,82,6,504,36,0,36,540
10/11/2022,OAK,CA,AWP,WE,Towers with Radar,378,74,38,1,491,0,8,52,0,60,378,82,90,1,551,100,0,100,651
10/12/2022,OAK,CA,AWP,WE,Towers with Radar,385,71,36,0,492,0,6,44,0,50,385,77,80,0,542,30,0,30,572
10/13/2022,OAK,CA,AWP,WE,Towers with Radar,383,82,41,1,507,0,11,50,0,61,383,93,91,1,568,62,0,62,630
10/14/2022,OAK,CA,AWP,WE,Towers with Radar,377,80,45,0,502,0,5,43,0,48,377,85,88,0,550,40,0,40,590
10/15/2022,OAK,CA,AWP,WE,Towers with Radar,266,53,33,0,352,0,0,15,0,15,266,53,48,0,367,184,0,184,551
10/16/2022,OAK,CA,AWP,WE,Towers with Radar,269,78,40,0,387,0,0,52,0,52,269,78,92,0,439,100,0,100,539
10/17/2022,OAK,CA,AWP,WE,Towers with Radar,332,66,24,0,422,0,13,44,1,58,332,79,68,1,480,104,0,104,584
10/18/2022,OAK,CA,AWP,WE,Towers with Radar,372,66,37,0,475,0,6,55,0,61,372,72,92,0,536,46,0,46,582
10/19/2022,OAK,CA,AWP,WE,Towers with Radar,379,80,45,4,508,0,14,60,0,74,379,94,105,4,582,104,0,104,686
10/20/2022,OAK,CA,AWP,WE,Towers with Radar,379,87,43,0,509,0,15,57,1,73,379,102,100,1,582,155,0,155,737
10/21/2022,OAK,CA,AWP,WE,Towers with Radar,368,75,59,0,502,0,11,50,1,62,368,86,109,1,564,0,0,0,564
10/22/2022,OAK,CA,AWP,WE,Towers with Radar,265,62,27,0,354,0,1,38,0,39,265,63,65,0,393,66,0,66,459
10/23/2022,OAK,CA,AWP,WE,Towers with Radar,271,81,41,0,393,0,3,57,0,60,271,84,98,0,453,28,0,28,481
10/24/2022,OAK,CA,AWP,WE,Towers with Radar,331,69,38,0,438,0,16,66,1,83,331,85,104,1,521,94,0,94,615
10/25/2022,OAK,CA,AWP,WE,Towers with Radar,371,79,33,1,484,0,10,36,2,48,371,89,69,3,532,128,0,128,660
10/26/2022,OAK,CA,AWP,WE,Towers with Radar,385,66,39,0,490,0,18,76,2,96,385,84,115,2,586,232,0,232,818
10/27/2022,OAK,CA,AWP,WE,Towers with Radar,382,71,33,0,486,0,11,54,0,65,382,82,87,0,551,202,18,220,771
10/28/2022,OAK,CA,AWP,WE,Towers with Radar,370,69,40,0,479,0,10,58,0,68,370,79,98,0,547,160,0,160,707
10/29/2022,OAK,CA,AWP,WE,Towers with Radar,266,38,24,1,329,0,6,67,0,73,266,44,91,1,402,108,0,108,510
10/30/2022,OAK,CA,AWP,WE,Towers with Radar,268,65,37,0,370,0,3,65,0,68,268,68,102,0,438,116,0,116,554
10/31/2022,OAK,CA,AWP,WE,Towers with Radar,322,67,28,0,417,0,15,45,0,60,322,82,73,0,477,154,0,154,631
11/01/2022,OAK,CA,AWP,WE,Towers with Radar,388,72,34,0,494,0,7,13,0,20,388,79,47,0,514,8,0,8,522
11/02/2022,OAK,CA,AWP,WE,Towers with Radar,385,61,25,1,472,0,11,38,1,50,385,72,63,2,522,98,0,98,620
11/03/2022,OAK,CA,AWP,WE,Towers with Radar,377,73,39,0,489,0,12,61,0,73,377,85,100,0,562,144,0,144,706
11/04/2022,OAK,CA,AWP,WE,Towers with Radar,366,68,21,3,458,0,7,26,0,33,366,75,47,3,491,70,0,70,561
11/05/2022,OAK,CA,AWP,WE,Towers with Radar,266,56,26,2,350,0,0,8,0,8,266,56,34,2,358,0,0,0,358
11/06/2022,OAK,CA,AWP,WE,Towers with Radar,309,74,48,1,432,0,3,51,2,56,309,77,99,3,488,218,0,218,706
11/07/2022,OAK,CA,AWP,WE,Towers with Radar,305,72,28,0,405,0,3,12,0,15,305,75,40,0,420,120,0,120,540
11/08/2022,OAK,CA,AWP,WE,Towers with Radar,350,68,29,0,447,0,5,4,0,9,350,73,33,0,456,18,0,18,474
11/09/2022,OAK,CA,AWP,WE,Towers with Radar,349,74,34,0,457,0,15,57,0,72,349,89,91,0,529,240,0,240,769
11/10/2022,OAK,CA,AWP,WE,Towers with Radar,362,73,38,0,473,0,4,67,0,71,362,77,105,0,544,142,0,142,686
11/11/2022,OAK,CA,AWP,WE,Towers with Radar,353,71,35,1,460,0,14,68,0,82,353,85,103,1,542,144,0,144,686
11/12/2022,OAK,CA,AWP,WE,Towers with Radar,252,40,16,0,308,0,5,41,1,47,252,45,57,1,355,142,0,142,497
11/13/2022,OAK,CA,AWP,WE,Towers with Radar,313,63,26,1,403,0,5,68,0,73,313,68,94,1,476,110,0,110,586
11/14/2022,OAK,CA,AWP,WE,Towers with Radar,312,56,27,0,395,0,11,61,0,72,312,67,88,0,467,122,0,122,589
11/15/2022,OAK,CA,AWP,WE,Towers with Radar,352,60,37,0,449,0,17,42,1,60,352,77,79,1,509,58,0,58,567
11/16/2022,OAK,CA,AWP,WE,Towers with Radar,355,66,37,0,458,0,15,61,0,76,355,81,98,0,534,198,0,198,732
11/17/2022,OAK,CA,AWP,WE,Towers with Radar,365,93,33,0,491,0,13,67,1,81,365,106,100,1,572,136,0,136,708
11/18/2022,OAK,CA,AWP,WE,Towers with Radar,359,80,49,2,490,1,11,63,0,75,360,91,112,2,565,216,0,216,781
11/19/2022,OAK,CA,AWP,WE,Towers with Radar,264,69,43,0,376,0,8,83,0,91,264,77,126,0,467,0,0,0,467
11/20/2022,OAK,CA,AWP,WE,Towers with Radar,324,71,47,0,442,0,6,76,1,83,324,77,123,1,525,0,0,0,525
11/21/2022,OAK,CA,AWP,WE,Towers with Radar,329,69,23,0,421,0,6,47,0,53,329,75,70,0,474,50,0,50,524
11/22/2022,OAK,CA,AWP,WE,Towers with Radar,372,69,40,0,481,0,10,71,5,86,372,79,111,5,567,134,0,134,701
11/23/2022,OAK,CA,AWP,WE,Towers with Radar,374,78,31,1,484,0,12,65,1,78,374,90,96,2,562,114,0,114,676
11/24/2022,OAK,CA,AWP,WE,Towers with Radar,230,30,9,0,269,0,8,34,0,42,230,38,43,0,311,14,0,14,325
11/25/2022,OAK,CA,AWP,WE,Towers with Radar,331,65,12,0,408,0,9,43,0,52,331,74,55,0,460,44,0,44,504
11/26/2022,OAK,CA,AWP,WE,Towers with Radar,260,64,45,0,369,0,1,50,0,51,260,65,95,0,420,88,0,88,508
11/27/2022,OAK,CA,AWP,WE,Towers with Radar,311,98,44,0,453,0,4,71,0,75,311,102,115,0,528,74,0,74,602
11/28/2022,OAK,CA,AWP,WE,Towers with Radar,322,62,32,0,416,0,13,37,1,51,322,75,69,1,467,50,0,50,517
11/29/2022,OAK,CA,AWP,WE,Towers with Radar,382,74,29,0,485,0,12,48,0,60,382,86,77,0,545,130,0,130,675
11/30/2022,OAK,CA,AWP,WE,Towers with Radar,368,72,22,0,462,0,10,53,2,65,368,82,75,2,527,96,0,96,623
12/01/2022,OAK,CA,AWP,WE,Towers with Radar,368,81,28,0,477,0,4,10,1,15,368,85,38,1,492,70,0,70,562
12/02/2022,OAK,CA,AWP,WE,Towers with Radar,348,76,27,0,451,0,7,68,0,75,348,83,95,0,526,170,0,170,696
12/03/2022,OAK,CA,AWP,WE,Towers with Radar,255,63,27,0,345,0,0,0,0,0,255,63,27,0,345,0,0,0,345
12/04/2022,OAK,CA,AWP,WE,Towers with Radar,327,70,33,2,432,0,6,28,0,34,327,76,61,2,466,154,0,154,620
12/05/2022,OAK,CA,AWP,WE,Towers with Radar,321,65,25,1,412,0,8,27,2,37,321,73,52,3,449,158,0,158,607
12/06/2022,OAK,CA,AWP,WE,Towers with Radar,382,61,27,1,471,0,9,27,1,37,382,70,54,2,508,162,0,162,670
12/07/2022,OAK,CA,AWP,WE,Towers with Radar,378,68,36,0,482,0,8,69,1,78,378,76,105,1,560,192,0,192,752
12/08/2022,OAK,CA,AWP,WE,Towers with Radar,384,97,48,1,530,0,3,22,2,27,384,100,70,3,557,76,48,124,681
12/09/2022,OAK,CA,AWP,WE,Towers with Radar,364,76,41,0,481,0,2,37,0,39,364,78,78,0,520,182,0,182,702
12/10/2022,OAK,CA,AWP,WE,Towers with Radar,267,35,28,0,330,0,0,0,0,0,267,35,28,0,330,14,0,14,344
12/11/2022,OAK,CA,AWP,WE,Towers with Radar,325,72,24,0,421,0,2,23,0,25,325,74,47,0,446,44,0,44,490
12/12/2022,OAK,CA,AWP,WE,Towers with Radar,326,84,35,1,446,0,5,39,1,45,326,89,74,2,491,158,0,158,649
12/13/2022,OAK,CA,AWP,WE,Towers with Radar,372,59,38,0,469,0,9,59,0,68,372,68,97,0,537,194,0,194,731
12/14/2022,OAK,CA,AWP,WE,Towers with Radar,382,66,27,0,475,0,5,48,1,54,382,71,75,1,529,132,0,132,661
12/15/2022,OAK,CA,AWP,WE,Towers with Radar,384,92,32,0,508,0,11,55,0,66,384,103,87,0,574,66,0,66,640
12/16/2022,OAK,CA,AWP,WE,Towers with Radar,392,79,43,1,515,0,21,43,1,65,392,100,86,2,580,144,0,144,724
12/17/2022,OAK,CA,AWP,WE,Towers with Radar,286,60,35,0,381,0,6,63,2,71,286,66,98,2,452,128,0,128,580
12/18/2022,OAK,CA,AWP,WE,Towers with Radar,333,58,41,3,435,0,3,58,0,61,333,61,99,3,496,166,0,166,662
12/19/2022,OAK,CA,AWP,WE,Towers with Radar,336,69,33,0,438,0,9,29,0,38,336,78,62,0,476,86,0,86,562
12/20/2022,OAK,CA,AWP,WE,Towers with Radar,400,62,26,0,488,0,9,26,3,38,400,71,52,3,526,170,0,170,696
12/21/2022,OAK,CA,AWP,WE,Towers with Radar,380,80,38,1,499,0,10,73,0,83,380,90,111,1,582,128,0,128,710
12/22/2022,OAK,CA,AWP,WE,Towers with Radar,354,86,29,0,469,0,9,26,0,35,354,95,55,0,504,131,0,131,635
12/23/2022,OAK,CA,AWP,WE,Towers with Radar,247,81,39,0,367,0,7,33,2,42,247,88,72,2,409,0,0,0,409
12/24/2022,OAK,CA,AWP,WE,Towers with Radar,176,42,25,0,243,0,3,28,0,31,176,45,53,0,274,30,0,30,304
12/25/2022,OAK,CA,AWP,WE,Towers with Radar,135,52,16,0,203,0,1,25,0,26,135,53,41,0,229,100,0,100,329
12/26/2022,OAK,CA,AWP,WE,Towers with Radar,125,83,66,0,274,0,0,34,0,34,125,83,100,0,308,160,0,160,468
12/27/2022,OAK,CA,AWP,WE,Towers with Radar,189,68,35,2,294,0,4,7,1,12,189,72,42,3,306,80,0,80,386
12/28/2022,OAK,CA,AWP,WE,Towers with Radar,253,79,35,2,369,0,8,68,0,76,253,87,103,2,445,86,0,86,531
12/29/2022,OAK,CA,AWP,WE,Towers with Radar,258,77,27,0,362,0,1,3,0,4,258,78,30,0,366,0,0,0,366
12/30/2022,OAK,CA,AWP,WE,Towers with Radar,350,77,24,0,451,0,1,0,0,1,350,78,24,0,452,0,0,0,452
12/31/2022,OAK,CA,AWP,WE,Towers with Radar,228,35,16,0,279,0,0,2,0,2,228,35,18,0,281,0,0,0,281
01/01/2023,OAK,CA,AWP,WE,Towers with Radar,293,57,30,0,380,0,2,55,0,57,293,59,85,0,437,74,0,74,511
01/02/2023,OAK,CA,AWP,WE,Towers with Radar,304,77,59,0,440,0,3,3,0,6,304,80,62,0,446,78,0,78,524
01/03/2023,OAK,CA,AWP,WE,Towers with Radar,346,74,46,0,466,0,13,12,0,25,346,87,58,0,491,226,0,226,717
01/04/2023,OAK,CA,AWP,WE,Towers with Radar,344,68,16,0,428,0,1,0,0,1,344,69,16,0,429,8,0,8,437
01/05/2023,OAK,CA,AWP,WE,Towers with Radar,366,66,21,0,453,0,3,0,0,3,366,69,21,0,456,0,0,0,456
01/06/2023,OAK,CA,AWP,WE,Towers with Radar,338,67,34,0,439,0,5,33,0,38,338,72,67,0,477,128,0,128,605
01/07/2023,OAK,CA,AWP,WE,Towers with Radar,225,46,19,0,290,0,0,5,0,5,225,46,24,0,295,6,0,6,301
01/08/2023,OAK,CA,AWP,WE,Towers with Radar,255,119,70,1,445,1,2,44,0,47,256,121,114,1,492,152,0,152,644
01/09/2023,OAK,CA,AWP,WE,Towers with Radar,307,73,35,0,415,0,6,8,0,14,307,79,43,0,429,0,0,0,429
01/10/2023,OAK,CA,AWP,WE,Towers with Radar,324,63,28,0,415,0,4,0,0,4,324,67,28,0,419,0,0,0,419
01/11/2023,OAK,CA,AWP,WE,Towers with Radar,300,122,52,1,475,0,2,1,0,3,300,124,53,1,478,0,0,0,478
01/12/2023,OAK,CA,AWP,WE,Towers with Radar,361,72,44,2,479,0,9,57,0,66,361,81,101,2,545,92,0,92,637
01/13/2023,OAK,CA,AWP,WE,Towers with Radar,339,96,29,0,464,0,2,3,0,5,339,98,32,0,469,0,0,0,469
01/14/2023,OAK,CA,AWP,WE,Towers with Radar,227,43,22,0,292,0,1,2,0,3,227,44,24,0,295,20,0,20,315
01/15/2023,OAK,CA,AWP,WE,Towers with Radar,243,43,15,0,301,0,0,2,0,2,243,43,17,0,303,68,0,68,371
01/16/2023,OAK,CA,AWP,WE,Towers with Radar,304,67,42,0,413,0,10,19,0,29,304,77,61,0,442,24,0,24,466
01/17/2023,OAK,CA,AWP,WE,Towers with Radar,320,64,24,0,408,0,12,61,0,73,320,76,85,0,481,102,0,102,583
01/18/2023,OAK,CA,AWP,WE,Towers with Radar,317,54,19,0,390,0,7,25,0,32,317,61,44,0,422,106,0,106,528
01/19/2023,OAK,CA,AWP,WE,Towers with Radar,351,87,27,0,465,0,11,32,1,44,351,98,59,1,509,70,0,70,579
01/20/2023,OAK,CA,AWP,WE,Towers with Radar,333,73,34,0,440,0,12,62,1,75,333,85,96,1,515,16,38,54,569
01/21/2023,OAK,CA,AWP,WE,Towers with Radar,221,45,25,0,291,0,4,78,0,82,221,49,103,0,373,174,0,174,547
01/22/2023,OAK,CA,AWP,WE,Towers with Radar,254,54,24,0,332,0,2,57,0,59,254,56,81,0,391,80,0,80,471
01/23/2023,OAK,CA,AWP,WE,Towers with Radar,302,63,30,0,395,0,9,32,2,43,302,72,62,2,438,42,0,42,480
01/24/2023,OAK,CA,AWP,WE,Towers with Radar,315,51,36,0,402,0,11,49,2,62,315,62,85,2,464,82,0,82,546
01/25/2023,OAK,CA,AWP,WE,Towers with Radar,325,87,36,0,448,0,13,65,1,79,325,100,101,1,527,152,0,152,679
01/26/2023,OAK,CA,AWP,WE,Towers with Radar,350,76,41,0,467,0,18,37,0,55,350,94,78,0,522,44,0,44,566
01/27/2023,OAK,CA,AWP,WE,Towers with Radar,335,68,31,0,434,0,7,55,0,62,335,75,86,0,496,126,0,126,622
01/28/2023,OAK,CA,AWP,WE,Towers with Radar,223,31,17,0,271,0,4,46,0,50,223,35,63,0,321,102,0,102,423
01/29/2023,OAK,CA,AWP,WE,Towers with Radar,254,61,23,0,338,0,1,21,0,22,254,62,44,0,360,142,0,142,502
01/30/2023,OAK,CA,AWP,WE,Towers with Radar,278,51,25,0,354,0,9,58,0,67,278,60,83,0,421,30,12,42,463
01/31/2023,OAK,CA,AWP,WE,Towers with Radar,315,63,23,0,401,0,8,81,1,90,315,71,104,1,491,210,0,210,701
02/01/2023,OAK,CA,AWP,WE,Towers with Radar,306,82,30,0,418,0,12,64,3,79,306,94,94,3,497,54,22,76,573
02/02/2023,OAK,CA,AWP,WE,Towers with Radar,350,72,26,0,448,0,11,48,3,62,350,83,74,3,510,0,0,0,510
02/03/2023,OAK,CA,AWP,WE,Towers with Radar,334,62,20,0,416,0,3,19,2,24,334,65,39,2,440,136,4,140,580
02/04/2023,OAK,CA,AWP,WE,Towers with Radar,229,40,28,0,297,0,1,5,0,6,229,41,33,0,303,6,0,6,309
02/05/2023,OAK,CA,AWP,WE,Towers with Radar,262,75,31,0,368,0,10,14,0,24,262,85,45,0,392,166,0,166,558
02/06/2023,OAK,CA,AWP,WE,Towers with Radar,311,56,17,0,384,0,13,73,0,86,311,69,90,0,470,162,0,162,632
02/07/2023,OAK,CA,AWP,WE,Towers with Radar,317,56,28,0,401,0,12,73,1,86,317,68,101,1,487,82,0,82,569
02/08/2023,OAK,CA,AWP,WE,Towers with Radar,329,60,36,0,425,0,11,88,1,100,329,71,124,1,525,224,0,224,749
02/09/2023,OAK,CA,AWP,WE,Towers with Radar,346,84,33,0,463,0,9,78,2,89,346,93,111,2,552,138,0,138,690
02/10/2023,OAK,CA,AWP,WE,Towers with Radar,331,65,36,0,432,0,11,38,0,49,331,76,74,0,481,152,0,152,633
02/11/2023,OAK,CA,AWP,WE,Towers with Radar,218,44,27,0,289,0,0,35,0,35,218,44,62,0,324,188,0,188,512
02/12/2023,OAK,CA,AWP,WE,Towers with Radar,253,50,24,0,327,0,6,95,1,102,253,56,119,1,429,140,38,178,607
02/13/2023,OAK,CA,AWP,WE,Towers with Radar,305,45,43,0,393,0,10,49,1,60,305,55,92,1,453,62,0,62,515
02/14/2023,OAK,CA,AWP,WE,Towers with Radar,308,48,22,0,378,0,11,11,0,22,308,59,33,0,400,2,0,2,402
02/15/2023,OAK,CA,AWP,WE,Towers with Radar,326,66,27,0,419,0,17,90,0,107,326,83,117,0,526,112,0,112,638
02/16/2023,OAK,CA,AWP,WE,Towers with Radar,341,78,43,0,462,0,16,68,2,86,341,94,111,2,548,100,0,100,648
02/17/2023,OAK,CA,AWP,WE,Towers with Radar,340,102,46,0,488,0,17,60,3,80,340,119,106,3,568,128,10,138,706
02/18/2023,OAK,CA,AWP,WE,Towers with Radar,222,62,26,0,310,0,2,67,1,70,222,64,93,1,380,172,0,172,552
02/19/2023,OAK,CA,AWP,WE,Towers with Radar,240,56,27,3,326,0,4,83,2,89,240,60,110,5,415,138,0,138,553
02/20/2023,OAK,CA,AWP,WE,Towers with Radar,308,66,36,0,410,0,17,73,1,91,308,83,109,1,501,270,0,270,771
02/21/2023,OAK,CA,AWP,WE,Towers with Radar,315,56,27,0,398,0,2,9,2,13,315,58,36,2,411,0,0,0,411
02/22/2023,OAK,CA,AWP,WE,Towers with Radar,309,67,24,0,400,0,7,5,0,12,309,74,29,0,412,54,0,54,466
02/23/2023,OAK,CA,AWP,WE,Towers with Radar,328,61,19,0,408,0,7,8,0,15,328,68,27,0,423,86,0,86,509
02/24/2023,OAK,CA,AWP,WE,Towers with Radar,319,82,21,0,422,0,4,20,0,24,319,86,41,0,446,190,0,190,636
02/25/2023,OAK,CA,AWP,WE,Towers with Radar,227,67,37,0,331,0,4,43,0,47,227,71,80,0,378,258,2,260,638
02/26/2023,OAK,CA,AWP,WE,Towers with Radar,255,84,37,0,376,0,6,13,0,19,255,90,50,0,395,100,0,100,495
02/27/2023,OAK,CA,AWP,WE,Towers with Radar,314,52,16,0,382,0,8,3,0,11,314,60,19,0,393,0,0,0,393
02/28/2023,OAK,CA,AWP,WE,Towers with Radar,329,64,14,0,407,0,2,3,0,5,329,66,17,0,412,8,0,8,420
03/01/2023,OAK,CA,AWP,WE,Towers with Radar,328,58,33,0,419,0,9,46,0,55,328,67,79,0,474,84,0,84,558
03/02/2023,OAK,CA,AWP,WE,Towers with Radar,346,74,32,2,454,0,21,84,3,108,346,95,116,5,562,266,0,266,828
03/03/2023,OAK,CA,AWP,WE,Towers with Radar,336,71,34,0,441,0,8,64,2,74,336,79,98,2,515,192,10,202,717
03/04/2023,OAK,CA,AWP,WE,Towers with Radar,220,39,15,0,274,0,1,10,0,11,220,40,25,0,285,100,0,100,385
03/05/2023,OAK,CA,AWP,WE,Towers with Radar,254,74,27,0,355,0,4,42,1,47,254,78,69,1,402,156,18,174,576
03/06/2023,OAK,CA,AWP,WE,Towers with Radar,312,58,32,1,403,0,9,38,0,47,312,67,70,1,450,240,0,240,690
03/07/2023,OAK,CA,AWP,WE,Towers with Radar,326,63,34,0,423,0,13,56,0,69,326,76,90,0,492,170,0,170,662
03/08/2023,OAK,CA,AWP,WE,Towers with Radar,330,70,42,0,442,0,15,79,0,94,330,85,121,0,536,268,0,268,804
03/09/2023,OAK,CA,AWP,WE,Towers with Radar,347,85,41,0,473,0,5,7,0,12,347,90,48,0,485,12,0,12,497
03/10/2023,OAK,CA,AWP,WE,Towers with Radar,332,64,34,0,430,0,7,28,0,35,332,71,62,0,465,36,0,36,501
03/11/2023,OAK,CA,AWP,WE,Towers with Radar,225,41,20,0,286,0,0,2,0,2,225,41,22,0,288,30,0,30,318
03/12/2023,OAK,CA,AWP,WE,Towers with Radar,244,90,42,2,378,0,2,3,0,5,244,92,45,2,383,18,0,18,401
03/13/2023,OAK,CA,AWP,WE,Towers with Radar,310,73,35,1,419,0,6,17,0,23,310,79,52,1,442,100,0,100,542
03/14/2023,OAK,CA,AWP,WE,Towers with Radar,332,64,19,0,415,0,0,1,0,1,332,64,20,0,416,12,0,12,428
03/15/2023,OAK,CA,AWP,WE,Towers with Radar,326,71,38,0,435,0,16,82,0,98,326,87,120,0,533,342,0,342,875
03/16/2023,OAK,CA,AWP,WE,Towers with Radar,349,90,42,1,482,0,9,79,0,88,349,99,121,1,570,264,0,264,834
03/17/2023,OAK,CA,AWP,WE,Towers with Radar,330,80,37,1,448,0,7,85,0,92,330,87,122,1,540,150,0,150,690
03/18/2023,OAK,CA,AWP,WE,Towers with Radar,222,37,29,3,291,0,4,82,5,91,222,41,111,8,382,128,4,132,514
03/19/2023,OAK,CA,AWP,WE,Towers with Radar,244,81,42,0,367,0,1,2,0,3,244,82,44,0,370,10,0,10,380
03/20/2023,OAK,CA,AWP,WE,Towers with Radar,298,54,40,0,392,0,11,52,0,63,298,65,92,0,455,248,0,248,703
03/21/2023,OAK,CA,AWP,WE,Towers with Radar,318,47,25,0,390,0,2,0,1,3,318,49,25,1,393,0,0,0,393
03/22/2023,OAK,CA,AWP,WE,Towers with Radar,328,74,35,1,438,0,5,35,0,40,328,79,70,1,478,190,0,190,668
03/23/2023,OAK,CA,AWP,WE,Towers with Radar,345,74,41,1,461,0,10,29,0,39,345,84,70,1,500,14,0,14,514
03/24/2023,OAK,CA,AWP,WE,Towers with Radar,330,68,37,0,435,0,15,56,1,72,330,83,93,1,507,60,0,60,567
03/25/2023,OAK,CA,AWP,WE,Towers with Radar,226,34,22,0,282,0,4,69,0,73,226,38,91,0,355,114,0,114,469
03/26/2023,OAK,CA,AWP,WE,Towers with Radar,249,62,45,0,356,0,4,100,0,104,249,66,145,0,460,178,0,178,638
03/27/2023,OAK,CA,AWP,WE,Towers with Radar,302,52,29,1,384,0,12,60,0,72,302,64,89,1,456,132,0,132,588
03/28/2023,OAK,CA,AWP,WE,Towers with Radar,324,50,28,0,402,0,6,0,0,6,324,56,28,0,408,0,0,0,408
03/29/2023,OAK,CA,AWP,WE,Towers with Radar,331,80,25,0,436,0,4,3,1,8,331,84,28,1,444,0,0,0,444
03/30/2023,OAK,CA,AWP,WE,Towers with Radar,342,73,38,0,453,0,11,73,0,84,342,84,111,0,537,134,0,134,671
03/31/2023,OAK,CA,AWP,WE,Towers with Radar,334,78,30,0,442,0,11,87,0,98,334,89,117,0,540,186,0,186,726
04/01/2023,OAK,CA,AWP,WE,Towers with Radar,218,44,17,0,279,0,2,57,0,59,218,46,74,0,338,0,0,0,338
04/02/2023,OAK,CA,AWP,WE,Towers with Radar,258,62,36,0,356,0,11,52,1,64,258,73,88,1,420,26,0,26,446
04/03/2023,OAK,CA,AWP,WE,Towers with Radar,304,57,24,1,386,0,6,10,0,16,304,63,34,1,402,0,0,0,402
04/04/2023,OAK,CA,AWP,WE,Towers with Radar,322,57,15,1,395,0,12,62,0,74,322,69,77,1,469,82,0,82,551
04/05/2023,OAK,CA,AWP,WE,Towers with Radar,333,57,15,0,405,0,11,67,0,78,333,68,82,0,483,131,0,131,614
04/06/2023,OAK,CA,AWP,WE,Towers with Radar,354,64,24,0,442,0,13,77,2,92,354,77,101,2,534,158,0,158,692
04/07/2023,OAK,CA,AWP,WE,Towers with Radar,336,85,28,0,449,0,4,3,3,10,336,89,31,3,459,72,16,88,547
04/08/2023,OAK,CA,AWP,WE,Towers with Radar,223,51,26,0,300,0,2,82,1,85,223,53,108,1,385,266,0,266,651
04/09/2023,OAK,CA,AWP,WE,Towers with Radar,256,64,25,0,345,0,8,73,0,81,256,72,98,0,426,107,0,107,533
04/10/2023,OAK,CA,AWP,WE,Towers with Radar,306,40,40,0,386,0,8,52,0,60,306,48,92,0,446,64,0,64,510
04/11/2023,OAK,CA,AWP,WE,Towers with Radar,354,52,22,0,428,0,9,48,0,57,354,61,70,0,485,126,0,126,611
04/12/2023,OAK,CA,AWP,WE,Towers with Radar,361,48,21,2,432,0,11,56,2,69,361,59,77,4,501,94,12,106,607
04/13/2023,OAK,CA,AWP,WE,Towers with Radar,360,61,26,0,447,0,11,62,5,78,360,72,88,5,525,100,12,112,637
04/14/2023,OAK,CA,AWP,WE,Towers with Radar,341,69,27,0,437,0,6,68,0,74,341,75,95,0,511,128,0,128,639
04/15/2023,OAK,CA,AWP,WE,Towers with Radar,230,61,28,0,319,0,0,85,3,88,230,61,113,3,407,60,0,60,467
04/16/2023,OAK,CA,AWP,WE,Towers with Radar,275,70,38,0,383,0,3,69,2,74,275,73,107,2,457,42,0,42,499
04/17/2023,OAK,CA,AWP,WE,Towers with Radar,317,54,37,3,411,0,6,41,1,48,317,60,78,4,459,58,2,60,519
04/18/2023,OAK,CA,AWP,WE,Towers with Radar,350,68,33,0,451,0,13,58,0,71,350,81,91,0,522,138,0,138,660
04/19/2023,OAK,CA,AWP,WE,Towers with Radar,359,63,26,0,448,0,13,85,1,99,359,76,111,1,547,84,0,84,631
04/20/2023,OAK,CA,AWP,WE,Towers with Radar,354,70,33,0,457,0,8,88,2,98,354,78,121,2,555,146,0,146,701
04/21/2023,OAK,CA,AWP,WE,Towers with Radar,349,69,26,0,444,0,8,79,0,87,349,77,105,0,531,212,0,212,743
04/22/2023,OAK,CA,AWP,WE,Towers with Radar,217,46,16,0,279,0,0,80,0,80,217,46,96,0,359,230,0,230,589
04/23/2023,OAK,CA,AWP,WE,Towers with Radar,268,55,39,0,362,0,1,63,0,64,268,56,102,0,426,94,0,94,520
04/24/2023,OAK,CA,AWP,WE,Towers with Radar,323,55,23,0,401,0,11,57,0,68,323,66,80,0,469,162,0,162,631
04/25/2023,OAK,CA,AWP,WE,Towers with Radar,339,56,28,0,423,0,13,90,1,104,339,69,118,1,527,240,0,240,767
04/26/2023,OAK,CA,AWP,WE,Towers with Radar,366,53,35,0,454,0,8,51,12,71,366,61,86,12,525,150,0,150,675
04/27/2023,OAK,CA,AWP,WE,Towers with Radar,363,73,36,0,472,0,18,73,0,91,363,91,109,0,563,156,0,156,719
04/28/2023,OAK,CA,AWP,WE,Towers with Radar,346,79,47,0,472,0,8,63,0,71,346,87,110,0,543,60,0,60,603
04/29/2023,OAK,CA,AWP,WE,Towers with Radar,218,36,24,0,278,0,0,59,0,59,218,36,83,0,337,26,0,26,363
04/30/2023,OAK,CA,AWP,WE,Towers with Radar,269,53,38,0,360,0,7,41,0,48,269,60,79,0,408,26,0,26,434
05/01/2023,OAK,CA,AWP,WE,Towers with Radar,322,62,31,0,415,0,2,20,0,22,322,64,51,0,437,62,0,62,499
05/02/2023,OAK,CA,AWP,WE,Towers with Radar,356,59,29,0,444,0,4,15,0,19,356,63,44,0,463,66,0,66,529
05/03/2023,OAK,CA,AWP,WE,Towers with Radar,359,81,37,0,477,0,6,20,0,26,359,87,57,0,503,54,0,54,557
05/04/2023,OAK,CA,AWP,WE,Towers with Radar,362,73,54,0,489,0,4,41,0,45,362,77,95,0,534,34,0,34,568
05/05/2023,OAK,CA,AWP,WE,Towers with Radar,352,65,18,1,436,0,12,43,0,55,352,77,61,1,491,220,0,220,711
05/06/2023,OAK,CA,AWP,WE,Towers with Radar,218,38,16,1,273,0,3,26,0,29,218,41,42,1,302,214,0,214,516
05/07/2023,OAK,CA,AWP,WE,Towers with Radar,269,52,28,0,349,0,11,93,3,107,269,63,121,3,456,138,0,138,594
05/08/2023,OAK,CA,AWP,WE,Towers with Radar,330,47,32,0,409,0,8,40,0,48,330,55,72,0,457,118,0,118,575
05/09/2023,OAK,CA,AWP,WE,Towers with Radar,358,65,30,0,453,0,8,56,1,65,358,73,86,1,518,110,0,110,628
05/10/2023,OAK,CA,AWP,WE,Towers with Radar,372,76,41,0,489,0,9,54,8,71,372,85,95,8,560,162,0,162,722
05/11/2023,OAK,CA,AWP,WE,Towers with Radar,371,73,32,0,476,0,14,54,2,70,371,87,86,2,546,222,0,222,768
05/12/2023,OAK,CA,AWP,WE,Towers with Radar,343,79,36,0,458,0,7,49,1,57,343,86,85,1,515,68,0,68,583
05/13/2023,OAK,CA,AWP,WE,Towers with Radar,237,47,18,0,302,0,2,70,3,75,237,49,88,3,377,40,0,40,417
05/14/2023,OAK,CA,AWP,WE,Towers with Radar,275,57,28,4,364,0,12,64,1,77,275,69,92,5,441,14,0,14,455
05/15/2023,OAK,CA,AWP,WE,Towers with Radar,331,71,37,0,439,0,13,30,0,43,331,84,67,0,482,68,0,68,550
05/16/2023,OAK,CA,AWP,WE,Towers with Radar,360,64,30,0,454,0,8,45,1,54,360,72,75,1,508,160,0,160,668
05/17/2023,OAK,CA,AWP,WE,Towers with Radar,371,63,28,2,464,0,8,50,3,61,371,71,78,5,525,0,0,0,525
05/18/2023,OAK,CA,AWP,WE,Towers with Radar,356,68,36,4,464,0,10,46,0,56,356,78,82,4,520,170,0,170,690
05/19/2023,OAK,CA,AWP,WE,Towers with Radar,355,71,33,1,460,0,9,31,3,43,355,80,64,4,503,52,0,52,555
05/20/2023,OAK,CA,AWP,WE,Towers with Radar,237,40,31,0,308,0,1,24,0,25,237,41,55,0,333,106,0,106,439
05/21/2023,OAK,CA,AWP,WE,Towers with Radar,280,55,46,0,381,0,5,54,0,59,280,60,100,0,440,114,0,114,554
05/22/2023,OAK,CA,AWP,WE,Towers with Radar,326,47,25,0,398,0,10,48,0,58,326,57,73,0,456,153,0,153,609
05/23/2023,OAK,CA,AWP,WE,Towers with Radar,356,72,32,0,460,0,11,43,2,56,356,83,75,2,516,218,0,218,734
05/24/2023,OAK,CA,AWP,WE,Towers with Radar,370,58,36,0,464,0,4,52,0,56,370,62,88,0,520,260,0,260,780
05/25/2023,OAK,CA,AWP,WE,Towers with Radar,366,63,27,0,456,0,8,34,2,44,366,71,61,2,500,246,0,246,746
05/26/2023,OAK,CA,AWP,WE,Towers with Radar,352,78,38,0,468,0,18,35,0,53,352,96,73,0,521,154,0,154,675
05/27/2023,OAK,CA,AWP,WE,Towers with Radar,227,34,21,5,287,0,0,38,0,38,227,34,59,5,325,92,0,92,417
05/28/2023,OAK,CA,AWP,WE,Towers with Radar,238,33,26,0,297,0,2,17,0,19,238,35,43,0,316,2,0,2,318
05/29/2023,OAK,CA,AWP,WE,Towers with Radar,315,62,38,2,417,0,10,78,0,88,315,72,116,2,505,206,0,206,711
05/30/2023,OAK,CA,AWP,WE,Towers with Radar,317,42,31,0,390,0,14,37,0,51,317,56,68,0,441,104,0,104,545
05/31/2023,OAK,CA,AWP,WE,Towers with Radar,375,67,41,0,483,0,9,45,1,55,375,76,86,1,538,22,0,22,560
06/01/2023,OAK,CA,AWP,WE,Towers with Radar,368,70,38,0,476,0,14,62,1,77,368,84,100,1,553,230,0,230,783
06/02/2023,OAK,CA,AWP,WE,Towers with Radar,356,46,29,0,431,0,11,62,0,73,356,57,91,0,504,226,0,226,730
06/03/2023,OAK,CA,AWP,WE,Towers with Radar,233,34,16,0,283,0,7,57,0,64,233,41,73,0,347,154,0,154,501
06/04/2023,OAK,CA,AWP,WE,Towers with Radar,263,51,31,0,345,0,8,79,0,87,263,59,110,0,432,182,0,182,614
06/05/2023,OAK,CA,AWP,WE,Towers with Radar,322,40,29,0,391,0,8,35,0,43,322,48,64,0,434,64,0,64,498
06/06/2023,OAK,CA,AWP,WE,Towers with Radar,341,67,25,0,433,0,9,24,0,33,341,76,49,0,466,250,0,250,716
06/07/2023,OAK,CA,AWP,WE,Towers with Radar,355,61,48,0,464,0,9,33,6,48,355,70,81,6,512,214,10,224,736
06/08/2023,OAK,CA,AWP,WE,Towers with Radar,359,69,26,0,454,0,11,38,2,51,359,80,64,2,505,124,0,124,629
06/09/2023,OAK,CA,AWP,WE,Towers with Radar,346,61,34,0,441,0,8,54,0,62,346,69,88,0,503,180,0,180,683
06/10/2023,OAK,CA,AWP,WE,Towers with Radar,238,51,25,0,314,0,0,37,0,37,238,51,62,0,351,16,0,16,367
06/11/2023,OAK,CA,AWP,WE,Towers with Radar,264,68,40,0,372,0,6,60,0,66,264,74,100,0,438,98,0,98,536
06/12/2023,OAK,CA,AWP,WE,Towers with Radar,313,63,34,0,410,0,6,45,1,52,313,69,79,1,462,138,0,138,600
06/13/2023,OAK,CA,AWP,WE,Towers with Radar,346,61,29,0,436,0,5,44,0,49,346,66,73,0,485,58,0,58,543
06/14/2023,OAK,CA,AWP,WE,Towers with Radar,362,67,23,0,452,0,7,44,0,51,362,74,67,0,503,84,0,84,587
06/15/2023,OAK,CA,AWP,WE,Towers with Radar,359,67,21,0,447,0,14,61,0,75,359,81,82,0,522,52,0,52,574
06/16/2023,OAK,CA,AWP,WE,Towers with Radar,348,75,35,0,458,1,7,44,0,52,349,82,79,0,510,72,0,72,582
06/17/2023,OAK,CA,AWP,WE,Towers with Radar,247,30,13,0,290,0,3,55,0,58,247,33,68,0,348,32,0,32,380
06/18/2023,OAK,CA,AWP,WE,Towers with Radar,259,55,36,0,350,0,2,53,0,55,259,57,89,0,405,20,0,20,425
06/19/2023,OAK,CA,AWP,WE,Towers with Radar,320,57,39,0,416,0,5,26,0,31,320,62,65,0,447,10,0,10,457
06/20/2023,OAK,CA,AWP,WE,Towers with Radar,343,27,8,0,378,0,1,4,0,5,343,28,12,0,383,0,0,0,383
06/21/2023,OAK,CA,AWP,WE,Towers with Radar,354,54,20,2,430,0,7,56,0,63,354,61,76,2,493,118,0,118,611
06/22/2023,OAK,CA,AWP,WE,Towers with Radar,347,60,30,3,440,0,8,59,0,67,347,68,89,3,507,76,0,76,583
06/23/2023,OAK,CA,AWP,WE,Towers with Radar,349,62,36,0,447,0,8,68,0,76,349,70,104,0,523,154,0,154,677
06/24/2023,OAK,CA,AWP,WE,Towers with Radar,238,49,20,1,308,0,6,47,0,53,238,55,67,1,361,248,0,248,609
06/25/2023,OAK,CA,AWP,WE,Towers with Radar,260,62,36,0,358,0,5,25,0,30,260,67,61,0,388,0,0,0,388
06/26/2023,OAK,CA,AWP,WE,Towers with Radar,317,66,43,0,426,0,4,29,0,33,317,70,72,0,459,80,0,80,539
06/27/2023,OAK,CA,AWP,WE,Towers with Radar,340,72,23,0,435,0,1,29,0,30,340,73,52,0,465,20,0,20,485
06/28/2023,OAK,CA,AWP,WE,Towers with Radar,363,70,32,0,465,0,3,29,0,32,363,73,61,0,497,64,0,64,561
06/29/2023,OAK,CA,AWP,WE,Towers with Radar,358,71,43,0,472,0,3,58,0,61,358,74,101,0,533,24,0,24,557
06/30/2023,OAK,CA,AWP,WE,Towers with Radar,338,69,31,0,438,0,7,64,0,71,338,76,95,0,509,214,0,214,723
07/01/2023,OAK,CA,AWP,WE,Towers with Radar,252,50,23,0,325,0,5,80,0,85,252,55,103,0,410,190,0,190,600
07/02/2023,OAK,CA,AWP,WE,Towers with Radar,261,38,25,0,324,0,1,59,0,60,261,39,84,0,384,108,0,108,492
07/03/2023,OAK,CA,AWP,WE,Towers with Radar,321,38,15,0,374,0,5,45,0,50,321,43,60,0,424,210,0,210,634
07/04/2023,OAK,CA,AWP,WE,Towers with Radar,284,35,13,0,332,0,5,55,1,61,284,40,68,1,393,126,0,126,519
07/05/2023,OAK,CA,AWP,WE,Towers with Radar,360,59,28,0,447,0,11,39,0,50,360,70,67,0,497,204,0,204,701
07/06/2023,OAK,CA,AWP,WE,Towers with Radar,358,52,24,0,434,0,4,35,0,39,358,56,59,0,473,130,0,130,603
07/07/2023,OAK,CA,AWP,WE,Towers with Radar,356,56,27,0,439,0,2,20,0,22,356,58,47,0,461,102,0,102,563
07/08/2023,OAK,CA,AWP,WE,Towers with Radar,243,33,29,0,305,0,0,53,0,53,243,33,82,0,358,64,0,64,422
07/09/2023,OAK,CA,AWP,WE,Towers with Radar,263,54,42,0,359,0,1,29,0,30,263,55,71,0,389,166,0,166,555
07/10/2023,OAK,CA,AWP,WE,Towers with Radar,334,48,29,0,411,0,9,59,0,68,334,57,88,0,479,150,0,150,629
07/11/2023,OAK,CA,AWP,WE,Towers with Radar,348,68,30,0,446,0,13,79,0,92,348,81,109,0,538,174,0,174,712
07/12/2023,OAK,CA,AWP,WE,Towers with Radar,367,69,19,0,455,0,7,71,0,78,367,76,90,0,533,334,0,334,867
07/13/2023,OAK,CA,AWP,WE,Towers with Radar,365,67,33,0,465,0,9,74,0,83,365,76,107,0,548,50,0,50,598
07/14/2023,OAK,CA,AWP,WE,Towers with Radar,366,59,25,2,452,0,6,65,0,71,366,65,90,2,523,162,0,162,685
07/15/2023,OAK,CA,AWP,WE,Towers with Radar,250,43,25,0,318,0,7,60,0,67,250,50,85,0,385,170,0,170,555
07/16/2023,OAK,CA,AWP,WE,Towers with Radar,266,50,31,0,347,0,1,89,0,90,266,51,120,0,437,150,0,150,587
07/17/2023,OAK,CA,AWP,WE,Towers with Radar,336,49,23,1,409,0,5,41,1,47,336,54,64,2,456,44,0,44,500
07/18/2023,OAK,CA,AWP,WE,Towers with Radar,345,47,21,0,413,0,9,50,1,60,345,56,71,1,473,120,0,120,593
07/19/2023,OAK,CA,AWP,WE,Towers with Radar,360,58,30,0,448,0,5,59,2,66,360,63,89,2,514,46,0,46,560
07/20/2023,OAK,CA,AWP,WE,Towers with Radar,350,72,34,0,456,0,5,44,0,49,350,77,78,0,505,120,2,122,627
07/21/2023,OAK,CA,AWP,WE,Towers with Radar,355,62,24,0,441,0,8,69,0,77,355,70,93,0,518,296,0,296,814
07/22/2023,OAK,CA,AWP,WE,Towers with Radar,252,39,18,0,309,0,4,87,10,101,252,43,105,10,410,250,0,250,660
07/23/2023,OAK,CA,AWP,WE,Towers with Radar,271,62,20,0,353,0,3,62,2,67,271,65,82,2,420,84,0,84,504
07/24/2023,OAK,CA,AWP,WE,Towers with Radar,317,58,24,0,399,0,10,52,0,62,317,68,76,0,461,18,0,18,479
07/25/2023,OAK,CA,AWP,WE,Towers with Radar,350,52,24,0,426,0,9,58,1,68,350,61,82,1,494,148,0,148,642
07/26/2023,OAK,CA,AWP,WE,Towers with Radar,361,66,24,0,451,0,7,44,1,52,361,73,68,1,503,134,0,134,637
07/27/2023,OAK,CA,AWP,WE,Towers with Radar,361,56,20,0,437,0,7,71,0,78,361,63,91,0,515,194,0,194,709
07/28/2023,OAK,CA,AWP,WE,Towers with Radar,351,66,26,0,443,0,5,69,2,76,351,71,95,2,519,152,0,152,671
07/29/2023,OAK,CA,AWP,WE,Towers with Radar,244,42,15,0,301,0,2,47,0,49,244,44,62,0,350,184,0,184,534
07/30/2023,OAK,CA,AWP,WE,Towers with Radar,261,53,31,0,345,0,2,63,0,65,261,55,94,0,410,140,0,140,550
07/31/2023,OAK,CA,AWP,WE,Towers with Radar,322,54,25,0,401,0,10,69,0,79,322,64,94,0,480,6,0,6,486
08/01/2023,OAK,CA,AWP,WE,Towers with Radar,350,48,33,0,431,0,9,42,1,52,350,57,75,1,483,164,0,164,647
08/02/2023,OAK,CA,AWP,WE,Towers with Radar,364,50,24,0,438,0,4,25,0,29,364,54,49,0,467,62,16,78,545
08/03/2023,OAK,CA,AWP,WE,Towers with Radar,368,62,34,0,464,0,1,10,0,11,368,63,44,0,475,12,0,12,487
08/04/2023,OAK,CA,AWP,WE,Towers with Radar,349,56,24,0,429,0,5,52,0,57,349,61,76,0,486,94,0,94,580
08/05/2023,OAK,CA,AWP,WE,Towers with Radar,251,42,22,0,315,0,1,60,1,62,251,43,82,1,377,82,0,82,459
08/06/2023,OAK,CA,AWP,WE,Towers with Radar,266,61,24,1,352,0,4,99,0,103,266,65,123,1,455,114,0,114,569
08/07/2023,OAK,CA,AWP,WE,Towers with Radar,327,55,35,0,417,0,6,53,1,60,327,61,88,1,477,24,0,24,501
08/08/2023,OAK,CA,AWP,WE,Towers with Radar,346,53,24,0,423,0,11,59,0,70,346,64,83,0,493,96,0,96,589
08/09/2023,OAK,CA,AWP,WE,Towers with Radar,363,74,42,0,479,0,8,42,0,50,363,82,84,0,529,20,0,20,549
08/10/2023,OAK,CA,AWP,WE,Towers with Radar,356,78,28,0,462,0,5,50,0,55,356,83,78,0,517,88,0,88,605
08/11/2023,OAK,CA,AWP,WE,Towers with Radar,354,82,37,0,473,0,9,55,1,65,354,91,92,1,538,160,0,160,698
08/12/2023,OAK,CA,AWP,WE,Towers with Radar,249,43,25,2,319,0,5,69,3,77,249,48,94,5,396,216,0,216,612
08/13/2023,OAK,CA,AWP,WE,Towers with Radar,266,62,34,1,363,1,4,77,0,82,267,66,111,1,445,128,0,128,573
08/14/2023,OAK,CA,AWP,WE,Towers with Radar,326,60,30,0,416,0,14,55,0,69,326,74,85,0,485,10,0,10,495
08/15/2023,OAK,CA,AWP,WE,Towers with Radar,345,55,32,0,432,0,12,59,2,73,345,67,91,2,505,178,0,178,683
08/16/2023,OAK,CA,AWP,WE,Towers with Radar,351,70,32,1,454,0,22,79,1,102,351,92,111,2,556,240,0,240,796
08/17/2023,OAK,CA,AWP,WE,Towers with Radar,347,67,30,1,445,0,9,57,0,66,347,76,87,1,511,150,0,150,661
08/18/2023,OAK,CA,AWP,WE,Towers with Radar,328,63,15,1,407,0,7,63,1,71,328,70,78,2,478,154,0,154,632
08/19/2023,OAK,CA,AWP,WE,Towers with Radar,234,37,23,0,294,0,1,46,0,47,234,38,69,0,341,60,0,60,401
08/20/2023,OAK,CA,AWP,WE,Towers with Radar,231,50,31,0,312,0,4,61,1,66,231,54,92,1,378,60,0,60,438
08/21/2023,OAK,CA,AWP,WE,Towers with Radar,292,63,27,0,382,0,5,16,1,22,292,68,43,1,404,0,0,0,404
08/22/2023,OAK,CA,AWP,WE,Towers with Radar,333,57,39,1,430,0,13,49,0,62,333,70,88,1,492,124,6,130,622
08/23/2023,OAK,CA,AWP,WE,Towers with Radar,346,64,22,2,434,0,8,54,2,64,346,72,76,4,498,52,0,52,550
08/24/2023,OAK,CA,AWP,WE,Towers with Radar,346,56,19,0,421,0,7,59,2,68,346,63,78,2,489,228,0,228,717
08/25/2023,OAK,CA,AWP,WE,Towers with Radar,340,65,26,1,432,0,4,41,0,45,340,69,67,1,477,148,0,148,625
08/26/2023,OAK,CA,AWP,WE,Towers with Radar,238,55,28,0,321,0,6,60,0,66,238,61,88,0,387,154,0,154,541
08/27/2023,OAK,CA,AWP,WE,Towers with Radar,303,53,31,0,387,0,7,78,0,85,303,60,109,0,472,234,0,234,706
08/28/2023,OAK,CA,AWP,WE,Towers with Radar,315,46,21,0,382,0,12,56,1,69,315,58,77,1,451,14,0,14,465
08/29/2023,OAK,CA,AWP,WE,Towers with Radar,332,59,26,1,418,0,11,71,1,83,332,70,97,2,501,104,0,104,605
08/30/2023,OAK,CA,AWP,WE,Towers with Radar,340,51,24,0,415,0,5,73,0,78,340,56,97,0,493,283,6,289,782
08/31/2023,OAK,CA,AWP,WE,Towers with Radar,348,65,28,0,441,0,7,75,0,82,348,72,103,0,523,152,0,152,675
