01/01/2000,OGG,HI,AWP,WE,Combined TRACON& Tower with Radar,167,14,8,0,189,1,92,37,0,130,168,106,45,0,319,0,0,0,319
01/02/2000,OGG,HI,AWP,WE,Combined TRACON& Tower with Radar,171,15,9,0,195,0,170,28,0,198,171,185,37,0,393,34,0,34,427
01/03/2000,OGG,HI,AWP,WE,Combined TRACON& Tower with Radar,185,17,10,8,220,0,238,67,19,324,185,255,77,27,544,30,9,39,583
01/04/2000,OGG,HI,AWP,WE,Combined TRACON& Tower with Radar,162,13,8,0,183,3,277,53,0,333,165,290,61,0,516,12,0,12,528
01/05/2000,OGG,HI,AWP,WE,Combined TRACON& Tower with Radar,168,14,8,6,196,6,218,42,1,267,174,232,50,7,463,0,0,0,463
01/06/2000,OGG,HI,AWP,WE,Combined TRACON& Tower with Radar,180,16,9,7,212,0,217,40,20,277,180,233,49,27,489,22,20,42,531
01/07/2000,OGG,HI,AWP,WE,Combined TRACON& Tower with Radar,164,14,8,2,188,6,170,30,0,206,170,184,38,2,394,20,0,20,414
01/08/2000,OGG,HI,AWP,WE,Combined TRACON& Tower with Radar,155,13,7,4,179,3,113,32,0,148,158,126,39,4,327,22,0,22,349
01/09/2000,OGG,HI,AWP,WE,Combined TRACON& Tower with Radar,174,15,9,0,198,5,141,13,0,159,179,156,22,0,357,8,0,8,365
01/10/2000,OGG,HI,AWP,WE,Combined TRACON& Tower with Radar,172,15,8,2,197,8,160,52,0,220,180,175,60,2,417,18,0,18,435
01/11/2000,OGG,HI,AWP,WE,Combined TRACON& Tower with Radar,168,14,8,2,192,9,191,24,0,224,177,205,32,2,416,4,2,6,422
01/12/2000,OGG,HI,AWP,WE,Combined TRACON& Tower with Radar,150,13,7,4,174,0,213,18,0,231,150,226,25,4,405,26,2,28,433
01/13/2000,OGG,HI,AWP,WE,Combined TRACON& Tower with Radar,201,18,9,9,237,0,119,59,13,191,201,137,68,22,428,58,0,58,486
01/14/2000,OGG,HI,AWP,WE,Combined TRACON& Tower with Radar,173,15,7,6,201,7,198,33,0,238,180,213,40,6,439,26,0,26,465
01/15/2000,OGG,HI,AWP,WE,Combined TRACON& Tower with Radar,171,15,7,2,195,2,126,14,0,142,173,141,21,2,337,0,0,0,337
01/16/2000,OGG,HI,AWP,WE,Combined TRACON& Tower with Radar,180,16,7,0,203,16,123,14,0,153,196,139,21,0,356,10,0,10,366
01/17/2000,OGG,HI,AWP,WE,Combined TRACON& Tower with Radar,143,12,6,0,161,6,145,31,0,182,149,157,37,0,343,40,0,40,383
01/18/2000,OGG,HI,AWP,WE,Combined TRACON& Tower with Radar,147,12,6,2,167,8,209,18,0,235,155,221,24,2,402,12,4,16,418
01/19/2000,OGG,HI,AWP,WE,Combined TRACON& Tower with Radar,167,14,8,8,197,0,133,20,17,170,167,147,28,25,367,6,17,23,390
01/20/2000,OGG,HI,AWP,WE,Combined TRACON& Tower with Radar,168,15,7,8,198,0,108,21,9,138,168,123,28,17,336,0,3,3,339
01/21/2000,OGG,HI,AWP,WE,Combined TRACON& Tower with Radar,171,17,9,9,206,0,173,42,27,242,171,190,51,36,448,34,14,48,496
01/22/2000,OGG,HI,AWP,WE,Combined TRACON& Tower with Radar,169,14,7,0,190,12,151,35,0,198,181,165,42,0,388,26,0,26,414
01/23/2000,OGG,HI,AWP,WE,Combined TRACON& Tower with Radar,170,14,7,2,193,3,163,41,0,207,173,177,48,2,400,24,0,24,424
01/24/2000,OGG,HI,AWP,WE,Combined TRACON& Tower with Radar,167,13,7,7,194,4,225,62,0,291,171,238,69,7,485,28,2,30,515
01/25/2000,OGG,HI,AWP,WE,Combined TRACON& Tower with Radar,170,14,8,8,200,0,243,45,8,296,170,257,53,16,496,26,8,34,530
01/26/2000,OGG,HI,AWP,WE,Combined TRACON& Tower with Radar,157,13,6,3,179,2,239,40,0,281,159,252,46,3,460,24,0,24,484
01/27/2000,OGG,HI,AWP,WE,Combined TRACON& Tower with Radar,193,17,8,4,222,3,199,64,0,266,196,216,72,4,488,10,0,10,498
01/28/2000,OGG,HI,AWP,WE,Combined TRACON& Tower with Radar,175,15,8,5,203,7,195,39,0,241,182,210,47,5,444,54,0,54,498
01/29/2000,OGG,HI,AWP,WE,Combined TRACON& Tower with Radar,171,15,7,0,193,6,138,44,0,188,177,153,51,0,381,38,0,38,419
01/30/2000,OGG,HI,AWP,WE,Combined TRACON& Tower with Radar,175,15,8,1,199,16,103,42,0,161,191,118,50,1,360,7,0,7,367
01/31/2000,OGG,HI,AWP,WE,Combined TRACON& Tower with Radar,157,13,6,5,181,4,187,20,0,211,161,200,26,5,392,30,0,30,422
02/01/2000,OGG,HI,AWP,WE,Combined TRACON& Tower with Radar,156,15,5,10,186,0,201,32,10,243,156,216,37,20,429,30,0,30,459
02/02/2000,OGG,HI,AWP,WE,Combined TRACON& Tower with Radar,143,14,4,0,161,12,232,39,0,283,155,246,43,0,444,10,0,10,454
02/03/2000,OGG,HI,AWP,WE,Combined TRACON& Tower with Radar,166,17,5,10,198,0,189,52,13,254,166,206,57,23,452,32,0,32,484
02/04/2000,OGG,HI,AWP,WE,Combined TRACON& Tower with Radar,175,19,6,12,212,0,196,52,37,285,175,215,58,49,497,79,3,82,579
02/05/2000,OGG,HI,AWP,WE,Combined TRACON& Tower with Radar,163,15,5,9,192,5,116,28,0,149,168,131,33,9,341,24,2,26,367
02/06/2000,OGG,HI,AWP,WE,Combined TRACON& Tower with Radar,180,17,5,9,211,8,129,20,0,157,188,146,25,9,368,8,0,8,376
02/07/2000,OGG,HI,AWP,WE,Combined TRACON& Tower with Radar,155,14,5,2,176,11,252,32,0,295,166,266,37,2,471,44,0,44,515
02/08/2000,OGG,HI,AWP,WE,Combined TRACON& Tower with Radar,175,17,5,11,208,0,289,35,2,326,175,306,40,13,534,18,0,18,552
02/09/2000,OGG,HI,AWP,WE,Combined TRACON& Tower with Radar,151,15,5,10,181,0,260,41,15,316,151,275,46,25,497,52,4,56,553
02/10/2000,OGG,HI,AWP,WE,Combined TRACON& Tower with Radar,181,18,6,11,216,0,218,73,26,317,181,236,79,37,533,34,14,48,581
02/11/2000,OGG,HI,AWP,WE,Combined TRACON& Tower with Radar,143,14,4,8,169,0,165,56,0,221,143,179,60,8,390,69,0,69,459
02/12/2000,OGG,HI,AWP,WE,Combined TRACON& Tower with Radar,171,16,5,5,197,8,145,34,0,187,179,161,39,5,384,14,0,14,398
02/13/2000,OGG,HI,AWP,WE,Combined TRACON& Tower with Radar,166,16,5,2,189,7,154,35,0,196,173,170,40,2,385,12,0,12,397
02/14/2000,OGG,HI,AWP,WE,Combined TRACON& Tower with Radar,150,13,4,8,175,3,208,78,0,289,153,221,82,8,464,14,4,18,482
02/15/2000,OGG,HI,AWP,WE,Combined TRACON& Tower with Radar,150,13,4,4,171,1,274,82,0,357,151,287,86,4,528,110,28,138,666
02/16/2000,OGG,HI,AWP,WE,Combined TRACON& Tower with Radar,170,15,5,5,195,3,263,40,0,306,173,278,45,5,501,75,0,75,576
02/17/2000,OGG,HI,AWP,WE,Combined TRACON& Tower with Radar,163,15,4,11,193,0,240,59,1,300,163,255,63,12,493,24,0,24,517
02/18/2000,OGG,HI,AWP,WE,Combined TRACON& Tower with Radar,166,15,4,0,185,10,247,55,0,312,176,262,59,0,497,33,0,33,530
02/19/2000,OGG,HI,AWP,WE,Combined TRACON& Tower with Radar,172,15,4,5,196,9,115,17,0,141,181,130,21,5,337,10,0,10,347
02/20/2000,OGG,HI,AWP,WE,Combined TRACON& Tower with Radar,185,16,4,6,211,11,162,26,0,199,196,178,30,6,410,4,0,4,414
02/21/2000,OGG,HI,AWP,WE,Combined TRACON& Tower with Radar,188,17,4,0,209,7,190,23,0,220,195,207,27,0,429,28,0,28,457
02/22/2000,OGG,HI,AWP,WE,Combined TRACON& Tower with Radar,171,16,4,11,202,0,283,48,5,336,171,299,52,16,538,44,6,50,588
02/23/2000,OGG,HI,AWP,WE,Combined TRACON& Tower with Radar,151,13,3,6,173,4,280,26,0,310,155,293,29,6,483,22,10,32,515
02/24/2000,OGG,HI,AWP,WE,Combined TRACON& Tower with Radar,173,16,4,11,204,0,279,87,15,381,173,295,91,26,585,28,12,40,625
02/25/2000,OGG,HI,AWP,WE,Combined TRACON& Tower with Radar,182,18,4,11,215,0,199,43,3,245,182,217,47,14,460,43,12,55,515
02/26/2000,OGG,HI,AWP,WE,Combined TRACON& Tower with Radar,175,16,4,8,203,3,190,27,0,220,178,206,31,8,423,10,0,10,433
02/27/2000,OGG,HI,AWP,WE,Combined TRACON& Tower with Radar,159,14,4,0,177,10,156,29,0,195,169,170,33,0,372,0,0,0,372
02/28/2000,OGG,HI,AWP,WE,Combined TRACON& Tower with Radar,164,15,4,1,184,11,223,24,0,258,175,238,28,1,442,19,0,19,461
02/29/2000,OGG,HI,AWP,WE,Combined TRACON& Tower with Radar,167,15,4,6,192,0,332,42,0,374,167,347,46,6,566,28,14,42,608
03/01/2000,OGG,HI,AWP,WE,Combined TRACON& Tower with Radar,165,10,5,3,183,0,295,39,1,335,165,305,44,4,518,6,14,20,538
03/02/2000,OGG,HI,AWP,WE,Combined TRACON& Tower with Radar,191,11,5,3,210,4,290,37,9,340,195,301,42,12,550,47,0,47,597
03/03/2000,OGG,HI,AWP,WE,Combined TRACON& Tower with Radar,172,9,5,3,189,0,244,59,7,310,172,253,64,10,499,40,4,44,543
03/04/2000,OGG,HI,AWP,WE,Combined TRACON& Tower with Radar,162,9,5,2,178,4,166,38,1,209,166,175,43,3,387,37,0,37,424
03/05/2000,OGG,HI,AWP,WE,Combined TRACON& Tower with Radar,165,9,5,1,180,1,154,41,0,196,166,163,46,1,376,18,0,18,394
03/06/2000,OGG,HI,AWP,WE,Combined TRACON& Tower with Radar,160,10,5,2,177,6,252,55,0,313,166,262,60,2,490,14,0,14,504
03/07/2000,OGG,HI,AWP,WE,Combined TRACON& Tower with Radar,171,11,5,3,190,0,262,47,12,321,171,273,52,15,511,2,22,24,535
03/08/2000,OGG,HI,AWP,WE,Combined TRACON& Tower with Radar,162,10,5,2,179,2,303,31,2,338,164,313,36,4,517,34,6,40,557
03/09/2000,OGG,HI,AWP,WE,Combined TRACON& Tower with Radar,186,11,6,2,205,3,303,67,0,373,189,314,73,2,578,22,0,22,600
03/10/2000,OGG,HI,AWP,WE,Combined TRACON& Tower with Radar,176,11,5,2,194,4,223,52,0,279,180,234,57,2,473,30,5,35,508
03/11/2000,OGG,HI,AWP,WE,Combined TRACON& Tower with Radar,173,10,5,0,188,0,213,53,0,266,173,223,58,0,454,8,0,8,462
03/12/2000,OGG,HI,AWP,WE,Combined TRACON& Tower with Radar,179,11,5,0,195,11,176,33,0,220,190,187,38,0,415,10,0,10,425
03/13/2000,OGG,HI,AWP,WE,Combined TRACON& Tower with Radar,189,12,5,0,206,4,312,47,0,363,193,324,52,0,569,32,0,32,601
03/14/2000,OGG,HI,AWP,WE,Combined TRACON& Tower with Radar,172,12,5,3,192,0,273,60,6,339,172,285,65,9,531,34,10,44,575
03/15/2000,OGG,HI,AWP,WE,Combined TRACON& Tower with Radar,156,10,4,3,173,3,369,30,0,402,159,379,34,3,575,26,0,26,601
03/16/2000,OGG,HI,AWP,WE,Combined TRACON& Tower with Radar,195,12,4,4,215,7,334,76,2,419,202,346,80,6,634,22,0,22,656
03/17/2000,OGG,HI,AWP,WE,Combined TRACON& Tower with Radar,181,10,4,4,199,5,261,57,0,323,186,271,61,4,522,32,0,32,554
03/18/2000,OGG,HI,AWP,WE,Combined TRACON& Tower with Radar,197,11,5,0,213,1,180,29,0,210,198,191,34,0,423,14,0,14,437
03/19/2000,OGG,HI,AWP,WE,Combined TRACON& Tower with Radar,177,10,4,0,191,5,129,27,0,161,182,139,31,0,352,2,0,2,354
03/20/2000,OGG,HI,AWP,WE,Combined TRACON& Tower with Radar,181,10,5,4,200,0,252,74,10,336,181,262,79,14,536,22,0,22,558
03/21/2000,OGG,HI,AWP,WE,Combined TRACON& Tower with Radar,191,11,5,4,211,0,280,60,8,348,191,291,65,12,559,11,4,15,574
03/22/2000,OGG,HI,AWP,WE,Combined TRACON& Tower with Radar,174,9,4,4,191,0,323,52,0,375,174,332,56,4,566,32,0,32,598
03/23/2000,OGG,HI,AWP,WE,Combined TRACON& Tower with Radar,187,11,4,4,206,0,284,60,1,345,187,295,64,5,551,8,0,8,559
03/24/2000,OGG,HI,AWP,WE,Combined TRACON& Tower with Radar,189,11,4,0,204,10,232,47,0,289,199,243,51,0,493,22,0,22,515
03/25/2000,OGG,HI,AWP,WE,Combined TRACON& Tower with Radar,206,12,5,1,224,0,196,72,0,268,206,208,77,1,492,22,0,22,514
03/26/2000,OGG,HI,AWP,WE,Combined TRACON& Tower with Radar,177,10,4,2,193,1,117,23,0,141,178,127,27,2,334,2,2,4,338
03/27/2000,OGG,HI,AWP,WE,Combined TRACON& Tower with Radar,181,11,4,3,199,0,278,45,3,326,181,289,49,6,525,51,1,52,577
03/28/2000,OGG,HI,AWP,WE,Combined TRACON& Tower with Radar,180,11,5,3,199,0,277,75,6,358,180,288,80,9,557,2,0,2,559
03/29/2000,OGG,HI,AWP,WE,Combined TRACON& Tower with Radar,181,12,4,3,200,0,317,61,8,386,181,329,65,11,586,88,4,92,678
03/30/2000,OGG,HI,AWP,WE,Combined TRACON& Tower with Radar,177,11,4,3,195,7,242,90,1,340,184,253,94,4,535,26,0,26,561
03/31/2000,OGG,HI,AWP,WE,Combined TRACON& Tower with Radar,188,12,4,3,207,2,146,36,1,185,190,158,40,4,392,40,0,40,432
04/01/2000,OGG,HI,AWP,WE,Combined TRACON& Tower with Radar,219,16,9,8,252,0,31,20,7,58,219,47,29,15,310,0,0,0,310
04/02/2000,OGG,HI,AWP,WE,Combined TRACON& Tower with Radar,181,11,7,2,201,1,197,25,0,223,182,208,32,2,424,2,0,2,426
04/03/2000,OGG,HI,AWP,WE,Combined TRACON& Tower with Radar,155,10,6,5,176,1,237,52,2,292,156,247,58,7,468,10,1,11,479
04/04/2000,OGG,HI,AWP,WE,Combined TRACON& Tower with Radar,192,13,7,6,218,0,267,36,10,313,192,280,43,16,531,4,4,8,539
04/05/2000,OGG,HI,AWP,WE,Combined TRACON& Tower with Radar,157,10,6,5,178,2,329,15,3,349,159,339,21,8,527,10,2,12,539
04/06/2000,OGG,HI,AWP,WE,Combined TRACON& Tower with Radar,191,13,8,7,219,0,274,103,19,396,191,287,111,26,615,28,18,46,661
04/07/2000,OGG,HI,AWP,WE,Combined TRACON& Tower with Radar,183,12,7,4,206,2,225,64,0,291,185,237,71,4,497,52,0,52,549
04/08/2000,OGG,HI,AWP,WE,Combined TRACON& Tower with Radar,179,11,7,0,197,6,147,42,0,195,185,158,49,0,392,0,0,0,392
04/09/2000,OGG,HI,AWP,WE,Combined TRACON& Tower with Radar,177,12,6,2,197,9,103,27,0,139,186,115,33,2,336,10,0,10,346
04/10/2000,OGG,HI,AWP,WE,Combined TRACON& Tower with Radar,167,11,5,2,185,8,217,62,0,287,175,228,67,2,472,48,0,48,520
04/11/2000,OGG,HI,AWP,WE,Combined TRACON& Tower with Radar,182,12,6,7,207,0,295,17,3,315,182,307,23,10,522,35,8,43,565
04/12/2000,OGG,HI,AWP,WE,Combined TRACON& Tower with Radar,182,11,6,4,203,1,354,42,0,397,183,365,48,4,600,15,4,19,619
04/13/2000,OGG,HI,AWP,WE,Combined TRACON& Tower with Radar,175,12,6,7,200,0,278,96,5,379,175,290,102,12,579,16,0,16,595
04/14/2000,OGG,HI,AWP,WE,Combined TRACON& Tower with Radar,180,12,6,7,205,0,243,57,0,300,180,255,63,7,505,12,4,16,521
04/15/2000,OGG,HI,AWP,WE,Combined TRACON& Tower with Radar,170,10,6,0,186,5,151,60,0,216,175,161,66,0,402,14,0,14,416
04/16/2000,OGG,HI,AWP,WE,Combined TRACON& Tower with Radar,172,10,6,1,189,12,149,34,0,195,184,159,40,1,384,10,0,10,394
04/17/2000,OGG,HI,AWP,WE,Combined TRACON& Tower with Radar,175,10,6,2,193,7,257,27,0,291,182,267,33,2,484,60,4,64,548
04/18/2000,OGG,HI,AWP,WE,Combined TRACON& Tower with Radar,156,9,5,6,176,2,305,53,3,363,158,314,58,9,539,42,2,44,583
04/19/2000,OGG,HI,AWP,WE,Combined TRACON& Tower with Radar,173,11,6,7,197,0,300,71,15,386,173,311,77,22,583,20,0,20,603
04/20/2000,OGG,HI,AWP,WE,Combined TRACON& Tower with Radar,174,10,6,6,196,2,268,82,0,352,176,278,88,6,548,36,0,36,584
04/21/2000,OGG,HI,AWP,WE,Combined TRACON& Tower with Radar,156,9,5,0,170,0,196,52,0,248,156,205,57,0,418,180,0,180,598
04/22/2000,OGG,HI,AWP,WE,Combined TRACON& Tower with Radar,180,12,6,6,204,0,155,39,15,209,180,167,45,21,413,4,4,8,421
04/23/2000,OGG,HI,AWP,WE,Combined TRACON& Tower with Radar,177,12,6,0,195,6,136,37,0,179,183,148,43,0,374,2,0,2,376
04/24/2000,OGG,HI,AWP,WE,Combined TRACON& Tower with Radar,206,13,7,1,227,0,279,64,0,343,206,292,71,1,570,44,0,44,614
04/25/2000,OGG,HI,AWP,WE,Combined TRACON& Tower with Radar,173,11,6,5,195,0,287,39,11,337,173,298,45,16,532,43,2,45,577
04/26/2000,OGG,HI,AWP,WE,Combined TRACON& Tower with Radar,161,11,5,2,179,1,329,48,0,378,162,340,53,2,557,32,0,32,589
04/27/2000,OGG,HI,AWP,WE,Combined TRACON& Tower with Radar,150,11,5,5,171,0,217,97,3,317,150,228,102,8,488,38,2,40,528
04/28/2000,OGG,HI,AWP,WE,Combined TRACON& Tower with Radar,169,11,6,5,191,4,182,49,0,235,173,193,55,5,426,16,2,18,444
04/29/2000,OGG,HI,AWP,WE,Combined TRACON& Tower with Radar,174,11,6,5,196,5,26,32,1,64,179,37,38,6,260,20,0,20,280
04/30/2000,OGG,HI,AWP,WE,Combined TRACON& Tower with Radar,171,11,6,0,188,10,179,39,0,228,181,190,45,0,416,17,1,18,434
05/01/2000,OGG,HI,AWP,WE,Combined TRACON& Tower with Radar,185,11,5,5,206,5,234,67,7,313,190,245,72,12,519,6,4,10,529
05/02/2000,OGG,HI,AWP,WE,Combined TRACON& Tower with Radar,175,9,5,5,194,0,261,34,5,300,175,270,39,10,494,16,3,19,513
05/03/2000,OGG,HI,AWP,WE,Combined TRACON& Tower with Radar,172,10,5,4,191,3,279,39,3,324,175,289,44,7,515,30,0,30,545
05/04/2000,OGG,HI,AWP,WE,Combined TRACON& Tower with Radar,169,10,5,5,189,0,256,100,22,378,169,266,105,27,567,33,0,33,600
05/05/2000,OGG,HI,AWP,WE,Combined TRACON& Tower with Radar,178,10,5,5,198,6,245,67,7,325,184,255,72,12,523,38,4,42,565
05/06/2000,OGG,HI,AWP,WE,Combined TRACON& Tower with Radar,147,9,5,2,163,0,187,38,0,225,147,196,43,2,388,14,0,14,402
05/07/2000,OGG,HI,AWP,WE,Combined TRACON& Tower with Radar,164,9,5,2,180,6,190,43,0,239,170,199,48,2,419,20,0,20,439
05/08/2000,OGG,HI,AWP,WE,Combined TRACON& Tower with Radar,168,10,5,2,185,4,270,50,0,324,172,280,55,2,509,64,0,64,573
05/09/2000,OGG,HI,AWP,WE,Combined TRACON& Tower with Radar,198,12,6,6,222,0,358,68,5,431,198,370,74,11,653,54,0,54,707
05/10/2000,OGG,HI,AWP,WE,Combined TRACON& Tower with Radar,166,10,5,0,181,4,345,42,0,391,170,355,47,0,572,48,0,48,620
05/11/2000,OGG,HI,AWP,WE,Combined TRACON& Tower with Radar,169,10,5,4,188,0,333,36,0,369,169,343,41,4,557,22,8,30,587
05/12/2000,OGG,HI,AWP,WE,Combined TRACON& Tower with Radar,164,10,5,0,179,8,186,57,0,251,172,196,62,0,430,49,1,50,480
05/13/2000,OGG,HI,AWP,WE,Combined TRACON& Tower with Radar,186,11,5,0,202,3,130,55,0,188,189,141,60,0,390,14,0,14,404
05/14/2000,OGG,HI,AWP,WE,Combined TRACON& Tower with Radar,181,10,5,0,196,1,159,36,0,196,182,169,41,0,392,18,0,18,410
05/15/2000,OGG,HI,AWP,WE,Combined TRACON& Tower with Radar,184,11,5,5,205,0,223,87,2,312,184,234,92,7,517,26,1,27,544
05/16/2000,OGG,HI,AWP,WE,Combined TRACON& Tower with Radar,173,10,5,5,193,0,240,58,1,299,173,250,63,6,492,8,0,8,500
05/17/2000,OGG,HI,AWP,WE,Combined TRACON& Tower with Radar,171,9,4,6,190,0,226,40,9,275,171,235,44,15,465,61,40,101,566
05/18/2000,OGG,HI,AWP,WE,Combined TRACON& Tower with Radar,164,9,4,6,183,0,216,112,18,346,164,225,116,24,529,38,19,57,586
05/19/2000,OGG,HI,AWP,WE,Combined TRACON& Tower with Radar,160,8,4,5,177,1,188,60,0,249,161,196,64,5,426,18,19,37,463
05/20/2000,OGG,HI,AWP,WE,Combined TRACON& Tower with Radar,162,8,4,2,176,7,145,44,0,196,169,153,48,2,372,16,0,16,388
05/21/2000,OGG,HI,AWP,WE,Combined TRACON& Tower with Radar,170,9,4,2,185,10,159,24,0,193,180,168,28,2,378,24,2,26,404
05/22/2000,OGG,HI,AWP,WE,Combined TRACON& Tower with Radar,166,9,4,5,184,2,243,61,3,309,168,252,65,8,493,35,0,35,528
05/23/2000,OGG,HI,AWP,WE,Combined TRACON& Tower with Radar,151,8,3,5,167,2,296,56,2,356,153,304,59,7,523,19,0,19,542
05/24/2000,OGG,HI,AWP,WE,Combined TRACON& Tower with Radar,159,8,4,5,176,0,354,66,5,425,159,362,70,10,601,59,6,65,666
05/25/2000,OGG,HI,AWP,WE,Combined TRACON& Tower with Radar,154,8,4,5,171,0,256,80,7,343,154,264,84,12,514,32,8,40,554
05/26/2000,OGG,HI,AWP,WE,Combined TRACON& Tower with Radar,173,9,4,0,186,1,203,64,0,268,174,212,68,0,454,102,0,102,556
05/27/2000,OGG,HI,AWP,WE,Combined TRACON& Tower with Radar,167,9,4,0,180,11,161,27,0,199,178,170,31,0,379,24,0,24,403
05/28/2000,OGG,HI,AWP,WE,Combined TRACON& Tower with Radar,178,10,4,2,194,11,158,32,0,201,189,168,36,2,395,0,0,0,395
05/29/2000,OGG,HI,AWP,WE,Combined TRACON& Tower with Radar,172,10,4,1,187,10,181,37,0,228,182,191,41,1,415,20,0,20,435
05/30/2000,OGG,HI,AWP,WE,Combined TRACON& Tower with Radar,155,9,4,4,172,0,252,46,3,301,155,261,50,7,473,8,0,8,481
05/31/2000,OGG,HI,AWP,WE,Combined TRACON& Tower with Radar,153,8,4,4,169,0,304,40,3,347,153,312,44,7,516,26,8,34,550
06/01/2000,OGG,HI,AWP,WE,Combined TRACON& Tower with Radar,163,7,3,4,177,3,230,80,0,313,166,237,83,4,490,38,6,44,534
06/02/2000,OGG,HI,AWP,WE,Combined TRACON& Tower with Radar,150,6,3,4,163,0,181,47,3,231,150,187,50,7,394,70,12,82,476
06/03/2000,OGG,HI,AWP,WE,Combined TRACON& Tower with Radar,163,6,3,4,176,4,113,37,0,154,167,119,40,4,330,20,0,20,350
06/04/2000,OGG,HI,AWP,WE,Combined TRACON& Tower with Radar,177,7,3,3,190,1,196,38,0,235,178,203,41,3,425,12,0,12,437
06/05/2000,OGG,HI,AWP,WE,Combined TRACON& Tower with Radar,172,7,4,5,188,0,227,63,12,302,172,234,67,17,490,10,0,10,500
06/06/2000,OGG,HI,AWP,WE,Combined TRACON& Tower with Radar,175,8,3,5,191,0,266,62,2,330,175,274,65,7,521,20,1,21,542
06/07/2000,OGG,HI,AWP,WE,Combined TRACON& Tower with Radar,172,8,4,5,189,0,272,55,12,339,172,280,59,17,528,66,0,66,594
06/08/2000,OGG,HI,AWP,WE,Combined TRACON& Tower with Radar,182,9,4,5,200,0,260,106,14,380,182,269,110,19,580,6,0,6,586
06/09/2000,OGG,HI,AWP,WE,Combined TRACON& Tower with Radar,178,7,4,3,192,0,242,48,0,290,178,249,52,3,482,20,0,20,502
06/10/2000,OGG,HI,AWP,WE,Combined TRACON& Tower with Radar,158,7,3,2,170,9,126,42,0,177,167,133,45,2,347,14,0,14,361
06/11/2000,OGG,HI,AWP,WE,Combined TRACON& Tower with Radar,183,8,4,0,195,5,160,28,0,193,188,168,32,0,388,0,0,0,388
06/12/2000,OGG,HI,AWP,WE,Combined TRACON& Tower with Radar,169,8,3,3,183,3,231,70,0,304,172,239,73,3,487,44,0,44,531
06/13/2000,OGG,HI,AWP,WE,Combined TRACON& Tower with Radar,166,8,3,5,182,0,262,46,5,313,166,270,49,10,495,30,0,30,525
06/14/2000,OGG,HI,AWP,WE,Combined TRACON& Tower with Radar,161,7,3,2,173,5,290,39,0,334,166,297,42,2,507,35,0,35,542
06/15/2000,OGG,HI,AWP,WE,Combined TRACON& Tower with Radar,158,7,3,5,173,0,200,101,5,306,158,207,104,10,479,25,0,25,504
06/16/2000,OGG,HI,AWP,WE,Combined TRACON& Tower with Radar,184,8,4,5,201,0,226,43,8,277,184,234,47,13,478,35,0,35,513
06/17/2000,OGG,HI,AWP,WE,Combined TRACON& Tower with Radar,170,7,2,0,179,6,176,50,0,232,176,183,52,0,411,43,0,43,454
06/18/2000,OGG,HI,AWP,WE,Combined TRACON& Tower with Radar,180,6,3,0,189,7,152,41,0,200,187,158,44,0,389,4,0,4,393
06/19/2000,OGG,HI,AWP,WE,Combined TRACON& Tower with Radar,170,7,2,3,182,3,207,51,0,261,173,214,53,3,443,49,0,49,492
06/20/2000,OGG,HI,AWP,WE,Combined TRACON& Tower with Radar,179,7,3,6,195,0,293,44,14,351,179,300,47,20,546,30,10,40,586
06/21/2000,OGG,HI,AWP,WE,Combined TRACON& Tower with Radar,174,7,2,6,189,0,338,58,8,404,174,345,60,14,593,34,0,34,627
06/22/2000,OGG,HI,AWP,WE,Combined TRACON& Tower with Radar,176,7,3,6,192,0,290,115,11,416,176,297,118,17,608,26,2,28,636
06/23/2000,OGG,HI,AWP,WE,Combined TRACON& Tower with Radar,173,7,2,6,188,0,261,69,1,331,173,268,71,7,519,18,0,18,537
06/24/2000,OGG,HI,AWP,WE,Combined TRACON& Tower with Radar,174,8,2,0,184,7,186,57,0,250,181,194,59,0,434,42,0,42,476
06/25/2000,OGG,HI,AWP,WE,Combined TRACON& Tower with Radar,173,8,2,3,186,4,150,36,0,190,177,158,38,3,376,16,0,16,392
06/26/2000,OGG,HI,AWP,WE,Combined TRACON& Tower with Radar,185,8,3,2,198,5,256,79,0,340,190,264,82,2,538,18,0,18,556
06/27/2000,OGG,HI,AWP,WE,Combined TRACON& Tower with Radar,172,8,2,0,182,3,367,50,0,420,175,375,52,0,602,30,8,38,640
06/28/2000,OGG,HI,AWP,WE,Combined TRACON& Tower with Radar,178,7,3,4,192,0,257,23,0,280,178,264,26,4,472,13,0,13,485
06/29/2000,OGG,HI,AWP,WE,Combined TRACON& Tower with Radar,156,7,2,5,170,0,267,95,5,367,156,274,97,10,537,34,0,34,571
06/30/2000,OGG,HI,AWP,WE,Combined TRACON& Tower with Radar,184,8,3,0,195,3,162,47,0,212,187,170,50,0,407,29,0,29,436
07/01/2000,OGG,HI,AWP,WE,Combined TRACON& Tower with Radar,182,7,4,0,193,11,155,39,0,205,193,162,43,0,398,16,0,16,414
07/02/2000,OGG,HI,AWP,WE,Combined TRACON& Tower with Radar,182,6,4,5,197,1,198,26,5,230,183,204,30,10,427,12,0,12,439
07/03/2000,OGG,HI,AWP,WE,Combined TRACON& Tower with Radar,174,6,4,0,184,4,250,31,0,285,178,256,35,0,469,22,0,22,491
07/04/2000,OGG,HI,AWP,WE,Combined TRACON& Tower with Radar,173,6,4,0,183,11,226,27,0,264,184,232,31,0,447,44,0,44,491
07/05/2000,OGG,HI,AWP,WE,Combined TRACON& Tower with Radar,178,7,4,5,194,0,313,40,15,368,178,320,44,20,562,16,0,16,578
07/06/2000,OGG,HI,AWP,WE,Combined TRACON& Tower with Radar,193,7,4,5,209,0,304,80,7,391,193,311,84,12,600,33,1,34,634
07/07/2000,OGG,HI,AWP,WE,Combined TRACON& Tower with Radar,181,7,4,5,197,0,269,76,10,355,181,276,80,15,552,20,0,20,572
07/08/2000,OGG,HI,AWP,WE,Combined TRACON& Tower with Radar,166,7,4,3,180,5,197,24,0,226,171,204,28,3,406,38,0,38,444
07/09/2000,OGG,HI,AWP,WE,Combined TRACON& Tower with Radar,181,7,4,3,195,5,153,30,0,188,186,160,34,3,383,26,2,28,411
07/10/2000,OGG,HI,AWP,WE,Combined TRACON& Tower with Radar,165,7,4,2,178,0,167,75,0,242,165,174,79,2,420,37,2,39,459
07/11/2000,OGG,HI,AWP,WE,Combined TRACON& Tower with Radar,193,8,4,2,207,8,312,33,0,353,201,320,37,2,560,18,12,30,590
07/12/2000,OGG,HI,AWP,WE,Combined TRACON& Tower with Radar,186,8,4,5,203,0,271,60,8,339,186,279,64,13,542,24,2,26,568
07/13/2000,OGG,HI,AWP,WE,Combined TRACON& Tower with Radar,178,7,4,5,194,0,353,73,11,437,178,360,77,16,631,44,0,44,675
07/14/2000,OGG,HI,AWP,WE,Combined TRACON& Tower with Radar,172,7,4,4,187,1,196,65,0,262,173,203,69,4,449,32,0,32,481
07/15/2000,OGG,HI,AWP,WE,Combined TRACON& Tower with Radar,177,7,4,2,190,5,156,29,0,190,182,163,33,2,380,24,0,24,404
07/16/2000,OGG,HI,AWP,WE,Combined TRACON& Tower with Radar,184,7,3,1,195,3,192,29,0,224,187,199,32,1,419,22,0,22,441
07/17/2000,OGG,HI,AWP,WE,Combined TRACON& Tower with Radar,179,7,3,6,195,0,249,82,6,337,179,256,85,12,532,39,4,43,575
07/18/2000,OGG,HI,AWP,WE,Combined TRACON& Tower with Radar,167,8,3,6,184,0,276,90,34,400,167,284,93,40,584,33,16,49,633
07/19/2000,OGG,HI,AWP,WE,Combined TRACON& Tower with Radar,179,7,3,3,192,0,321,57,0,378,179,328,60,3,570,14,0,14,584
07/20/2000,OGG,HI,AWP,WE,Combined TRACON& Tower with Radar,168,6,3,5,182,0,199,83,3,285,168,205,86,8,467,55,6,61,528
07/21/2000,OGG,HI,AWP,WE,Combined TRACON& Tower with Radar,166,6,3,5,180,1,230,64,1,296,167,236,67,6,476,10,14,24,500
07/22/2000,OGG,HI,AWP,WE,Combined TRACON& Tower with Radar,189,7,3,1,200,7,151,55,0,213,196,158,58,1,413,20,1,21,434
07/23/2000,OGG,HI,AWP,WE,Combined TRACON& Tower with Radar,157,5,3,0,165,5,120,35,0,160,162,125,38,0,325,17,0,17,342
07/24/2000,OGG,HI,AWP,WE,Combined TRACON& Tower with Radar,194,7,3,6,210,0,168,53,6,227,194,175,56,12,437,55,0,55,492
07/25/2000,OGG,HI,AWP,WE,Combined TRACON& Tower with Radar,173,6,3,4,186,3,132,48,0,183,176,138,51,4,369,24,0,24,393
07/26/2000,OGG,HI,AWP,WE,Combined TRACON& Tower with Radar,185,7,3,6,201,0,245,40,4,289,185,252,43,10,490,38,8,46,536
07/27/2000,OGG,HI,AWP,WE,Combined TRACON& Tower with Radar,179,7,3,5,194,0,209,59,11,279,179,216,62,16,473,28,0,28,501
07/28/2000,OGG,HI,AWP,WE,Combined TRACON& Tower with Radar,178,7,3,0,188,1,172,62,0,235,179,179,65,0,423,16,0,16,439
07/29/2000,OGG,HI,AWP,WE,Combined TRACON& Tower with Radar,177,7,3,2,189,6,123,42,0,171,183,130,45,2,360,32,0,32,392
07/30/2000,OGG,HI,AWP,WE,Combined TRACON& Tower with Radar,180,7,3,0,190,7,94,9,0,110,187,101,12,0,300,4,0,4,304
07/31/2000,OGG,HI,AWP,WE,Combined TRACON& Tower with Radar,184,7,3,2,196,1,29,5,0,35,185,36,8,2,231,20,2,22,253
08/01/2000,OGG,HI,AWP,WE,Combined TRACON& Tower with Radar,166,8,4,1,179,5,149,17,0,171,171,157,21,1,350,18,0,18,368
08/02/2000,OGG,HI,AWP,WE,Combined TRACON& Tower with Radar,194,10,5,4,213,5,268,35,6,314,199,278,40,10,527,64,2,66,593
08/03/2000,OGG,HI,AWP,WE,Combined TRACON& Tower with Radar,174,9,5,4,192,0,281,75,8,364,174,290,80,12,556,20,0,20,576
08/04/2000,OGG,HI,AWP,WE,Combined TRACON& Tower with Radar,212,10,5,5,232,0,254,85,3,342,212,264,90,8,574,50,0,50,624
08/05/2000,OGG,HI,AWP,WE,Combined TRACON& Tower with Radar,186,9,5,4,204,2,150,55,1,208,188,159,60,5,412,58,0,58,470
08/06/2000,OGG,HI,AWP,WE,Combined TRACON& Tower with Radar,180,8,5,3,196,7,125,43,0,175,187,133,48,3,371,41,0,41,412
08/07/2000,OGG,HI,AWP,WE,Combined TRACON& Tower with Radar,172,9,4,3,188,3,207,75,0,285,175,216,79,3,473,16,0,16,489
08/08/2000,OGG,HI,AWP,WE,Combined TRACON& Tower with Radar,163,8,4,4,179,4,238,39,2,283,167,246,43,6,462,22,2,24,486
08/09/2000,OGG,HI,AWP,WE,Combined TRACON& Tower with Radar,165,8,4,4,181,0,193,34,13,240,165,201,38,17,421,6,4,10,431
08/10/2000,OGG,HI,AWP,WE,Combined TRACON& Tower with Radar,163,9,4,4,180,0,192,43,13,248,163,201,47,17,428,43,4,47,475
08/11/2000,OGG,HI,AWP,WE,Combined TRACON& Tower with Radar,193,10,5,3,211,3,207,46,0,256,196,217,51,3,467,28,0,28,495
08/12/2000,OGG,HI,AWP,WE,Combined TRACON& Tower with Radar,183,9,5,1,198,10,101,45,0,156,193,110,50,1,354,28,0,28,382
08/13/2000,OGG,HI,AWP,WE,Combined TRACON& Tower with Radar,163,8,4,0,175,9,123,25,0,157,172,131,29,0,332,32,0,32,364
08/14/2000,OGG,HI,AWP,WE,Combined TRACON& Tower with Radar,181,7,5,4,197,0,204,98,4,306,181,211,103,8,503,18,10,28,531
08/15/2000,OGG,HI,AWP,WE,Combined TRACON& Tower with Radar,197,9,5,4,215,0,277,46,0,323,197,286,51,4,538,28,0,28,566
08/16/2000,OGG,HI,AWP,WE,Combined TRACON& Tower with Radar,189,8,4,5,206,2,242,31,3,278,191,250,35,8,484,20,8,28,512
08/17/2000,OGG,HI,AWP,WE,Combined TRACON& Tower with Radar,187,8,4,2,201,0,183,78,0,261,187,191,82,2,462,12,0,12,474
08/18/2000,OGG,HI,AWP,WE,Combined TRACON& Tower with Radar,184,7,4,0,195,3,151,42,0,196,187,158,46,0,391,10,0,10,401
08/19/2000,OGG,HI,AWP,WE,Combined TRACON& Tower with Radar,163,7,3,0,173,7,126,51,0,184,170,133,54,0,357,6,0,6,363
08/20/2000,OGG,HI,AWP,WE,Combined TRACON& Tower with Radar,168,7,3,0,178,4,34,16,0,54,172,41,19,0,232,24,0,24,256
08/21/2000,OGG,HI,AWP,WE,Combined TRACON& Tower with Radar,177,8,4,5,194,0,247,69,0,316,177,255,73,5,510,36,0,36,546
08/22/2000,OGG,HI,AWP,WE,Combined TRACON& Tower with Radar,167,9,3,4,183,0,233,43,4,280,167,242,46,8,463,30,1,31,494
08/23/2000,OGG,HI,AWP,WE,Combined TRACON& Tower with Radar,165,8,3,4,180,0,226,92,2,320,165,234,95,6,500,34,0,34,534
08/24/2000,OGG,HI,AWP,WE,Combined TRACON& Tower with Radar,160,9,3,4,176,0,205,107,16,328,160,214,110,20,504,38,0,38,542
08/25/2000,OGG,HI,AWP,WE,Combined TRACON& Tower with Radar,168,8,3,4,183,0,159,51,5,215,168,167,54,9,398,60,2,62,460
08/26/2000,OGG,HI,AWP,WE,Combined TRACON& Tower with Radar,188,9,4,4,205,5,106,39,0,150,193,115,43,4,355,40,1,41,396
08/27/2000,OGG,HI,AWP,WE,Combined TRACON& Tower with Radar,161,8,3,4,176,0,36,42,0,78,161,44,45,4,254,29,1,30,284
08/28/2000,OGG,HI,AWP,WE,Combined TRACON& Tower with Radar,190,9,4,1,204,1,251,39,0,291,191,260,43,1,495,65,11,76,571
08/29/2000,OGG,HI,AWP,WE,Combined TRACON& Tower with Radar,145,7,3,3,158,0,215,41,5,261,145,222,44,8,419,38,10,48,467
08/30/2000,OGG,HI,AWP,WE,Combined TRACON& Tower with Radar,169,8,3,0,180,2,213,62,0,277,171,221,65,0,457,51,0,51,508
08/31/2000,OGG,HI,AWP,WE,Combined TRACON& Tower with Radar,169,8,3,4,184,0,215,59,2,276,169,223,62,6,460,40,0,40,500
09/01/2000,OGG,HI,AWP,WE,Combined TRACON& Tower with Radar,181,8,4,1,194,4,139,56,0,199,185,147,60,1,393,40,0,40,433
09/02/2000,OGG,HI,AWP,WE,Combined TRACON& Tower with Radar,181,7,4,0,192,10,113,41,0,164,191,120,45,0,356,36,0,36,392
09/03/2000,OGG,HI,AWP,WE,Combined TRACON& Tower with Radar,163,7,4,0,174,0,133,39,0,172,163,140,43,0,346,14,0,14,360
09/04/2000,OGG,HI,AWP,WE,Combined TRACON& Tower with Radar,169,7,4,4,184,4,150,36,1,191,173,157,40,5,375,20,0,20,395
09/05/2000,OGG,HI,AWP,WE,Combined TRACON& Tower with Radar,172,7,4,4,187,0,244,50,0,294,172,251,54,4,481,20,0,20,501
09/06/2000,OGG,HI,AWP,WE,Combined TRACON& Tower with Radar,170,7,4,2,183,3,191,55,0,249,173,198,59,2,432,16,0,16,448
09/07/2000,OGG,HI,AWP,WE,Combined TRACON& Tower with Radar,169,8,4,3,184,0,174,49,7,230,169,182,53,10,414,42,2,44,458
09/08/2000,OGG,HI,AWP,WE,Combined TRACON& Tower with Radar,167,7,4,0,178,9,160,43,0,212,176,167,47,0,390,74,0,74,464
09/09/2000,OGG,HI,AWP,WE,Combined TRACON& Tower with Radar,190,8,4,4,206,3,148,57,3,211,193,156,61,7,417,48,0,48,465
09/10/2000,OGG,HI,AWP,WE,Combined TRACON& Tower with Radar,165,7,4,2,178,3,192,42,0,237,168,199,46,2,415,8,0,8,423
09/11/2000,OGG,HI,AWP,WE,Combined TRACON& Tower with Radar,173,8,4,0,185,5,158,83,0,246,178,166,87,0,431,26,8,34,465
09/12/2000,OGG,HI,AWP,WE,Combined TRACON& Tower with Radar,142,6,3,0,151,5,255,29,0,289,147,261,32,0,440,24,0,24,464
09/13/2000,OGG,HI,AWP,WE,Combined TRACON& Tower with Radar,167,7,4,4,182,0,259,47,10,316,167,266,51,14,498,42,42,84,582
09/14/2000,OGG,HI,AWP,WE,Combined TRACON& Tower with Radar,163,7,3,4,177,0,205,100,2,307,163,212,103,6,484,17,11,28,512
09/15/2000,OGG,HI,AWP,WE,Combined TRACON& Tower with Radar,165,7,3,3,178,4,173,35,0,212,169,180,38,3,390,20,0,20,410
09/16/2000,OGG,HI,AWP,WE,Combined TRACON& Tower with Radar,153,6,3,0,162,8,126,53,0,187,161,132,56,0,349,6,0,6,355
09/17/2000,OGG,HI,AWP,WE,Combined TRACON& Tower with Radar,158,7,3,0,168,5,116,42,0,163,163,123,45,0,331,0,0,0,331
09/18/2000,OGG,HI,AWP,WE,Combined TRACON& Tower with Radar,160,6,3,2,171,2,203,99,0,304,162,209,102,2,475,10,0,10,485
09/19/2000,OGG,HI,AWP,WE,Combined TRACON& Tower with Radar,139,5,2,3,149,0,218,80,0,298,139,223,82,3,447,30,0,30,477
09/20/2000,OGG,HI,AWP,WE,Combined TRACON& Tower with Radar,161,6,3,5,175,0,327,42,5,374,161,333,45,10,549,16,0,16,565
09/21/2000,OGG,HI,AWP,WE,Combined TRACON& Tower with Radar,177,8,3,5,193,0,295,85,20,400,177,303,88,25,593,45,2,47,640
09/22/2000,OGG,HI,AWP,WE,Combined TRACON& Tower with Radar,165,6,3,5,179,0,214,55,9,278,165,220,58,14,457,34,0,34,491
09/23/2000,OGG,HI,AWP,WE,Combined TRACON& Tower with Radar,160,6,3,4,173,8,133,43,4,188,168,139,46,8,361,10,0,10,371
09/24/2000,OGG,HI,AWP,WE,Combined TRACON& Tower with Radar,151,6,2,1,160,4,132,30,0,166,155,138,32,1,326,22,0,22,348
09/25/2000,OGG,HI,AWP,WE,Combined TRACON& Tower with Radar,171,6,3,5,185,0,230,42,5,277,171,236,45,10,462,24,2,26,488
09/26/2000,OGG,HI,AWP,WE,Combined TRACON& Tower with Radar,162,7,3,3,175,0,232,55,14,301,162,239,58,17,476,86,2,88,564
09/27/2000,OGG,HI,AWP,WE,Combined TRACON& Tower with Radar,159,7,3,3,172,0,53,18,6,77,159,60,21,9,249,20,0,20,269
09/28/2000,OGG,HI,AWP,WE,Combined TRACON& Tower with Radar,166,7,3,3,179,3,209,94,8,314,169,216,97,11,493,18,0,18,511
09/29/2000,OGG,HI,AWP,WE,Combined TRACON& Tower with Radar,171,8,3,4,186,0,192,108,2,302,171,200,111,6,488,62,0,62,550
09/30/2000,OGG,HI,AWP,WE,Combined TRACON& Tower with Radar,160,7,3,2,172,8,97,31,0,136,168,104,34,2,308,18,0,18,326
10/01/2000,OGG,HI,AWP,WE,Combined TRACON& Tower with Radar,177,6,4,1,188,7,134,25,0,166,184,140,29,1,354,106,0,106,460
10/02/2000,OGG,HI,AWP,WE,Combined TRACON& Tower with Radar,194,6,4,5,209,2,252,60,1,315,196,258,64,6,524,20,0,20,544
10/03/2000,OGG,HI,AWP,WE,Combined TRACON& Tower with Radar,148,6,3,4,161,0,235,54,10,299,148,241,57,14,460,20,1,21,481
10/04/2000,OGG,HI,AWP,WE,Combined TRACON& Tower with Radar,162,6,3,1,172,0,204,71,0,275,162,210,74,1,447,50,0,50,497
10/05/2000,OGG,HI,AWP,WE,Combined TRACON& Tower with Radar,180,6,4,5,195,0,227,63,5,295,180,233,67,10,490,24,8,32,522
10/06/2000,OGG,HI,AWP,WE,Combined TRACON& Tower with Radar,197,7,4,5,213,0,150,48,9,207,197,157,52,14,420,16,0,16,436
10/07/2000,OGG,HI,AWP,WE,Combined TRACON& Tower with Radar,175,6,4,1,186,3,165,57,0,225,178,171,61,1,411,23,4,27,438
10/08/2000,OGG,HI,AWP,WE,Combined TRACON& Tower with Radar,162,6,3,0,171,3,143,22,0,168,165,149,25,0,339,10,0,10,349
10/09/2000,OGG,HI,AWP,WE,Combined TRACON& Tower with Radar,163,7,3,0,173,8,150,37,0,195,171,157,40,0,368,24,0,24,392
10/10/2000,OGG,HI,AWP,WE,Combined TRACON& Tower with Radar,161,7,3,4,175,0,208,41,2,251,161,215,44,6,426,30,10,40,466
10/11/2000,OGG,HI,AWP,WE,Combined TRACON& Tower with Radar,159,6,3,2,170,2,204,55,0,261,161,210,58,2,431,44,6,50,481
10/12/2000,OGG,HI,AWP,WE,Combined TRACON& Tower with Radar,168,7,3,0,178,5,142,45,0,192,173,149,48,0,370,16,0,16,386
10/13/2000,OGG,HI,AWP,WE,Combined TRACON& Tower with Radar,177,6,4,5,192,0,224,72,3,299,177,230,76,8,491,48,0,48,539
10/14/2000,OGG,HI,AWP,WE,Combined TRACON& Tower with Radar,165,7,3,4,179,0,152,32,1,185,165,159,35,5,364,48,0,48,412
10/15/2000,OGG,HI,AWP,WE,Combined TRACON& Tower with Radar,161,7,3,3,174,4,108,31,0,143,165,115,34,3,317,38,0,38,355
10/16/2000,OGG,HI,AWP,WE,Combined TRACON& Tower with Radar,153,6,3,4,166,2,210,56,14,282,155,216,59,18,448,55,2,57,505
10/17/2000,OGG,HI,AWP,WE,Combined TRACON& Tower with Radar,158,7,3,5,173,0,221,82,13,316,158,228,85,18,489,8,9,17,506
10/18/2000,OGG,HI,AWP,WE,Combined TRACON& Tower with Radar,173,7,3,0,183,4,240,65,0,309,177,247,68,0,492,37,4,41,533
10/19/2000,OGG,HI,AWP,WE,Combined TRACON& Tower with Radar,191,7,3,3,204,5,331,49,0,385,196,338,52,3,589,16,2,18,607
10/20/2000,OGG,HI,AWP,WE,Combined TRACON& Tower with Radar,195,8,3,6,212,0,192,48,15,255,195,200,51,21,467,6,0,6,473
10/21/2000,OGG,HI,AWP,WE,Combined TRACON& Tower with Radar,168,7,2,2,179,9,152,30,0,191,177,159,32,2,370,9,0,9,379
10/22/2000,OGG,HI,AWP,WE,Combined TRACON& Tower with Radar,169,7,2,0,178,9,146,36,0,191,178,153,38,0,369,39,0,39,408
10/23/2000,OGG,HI,AWP,WE,Combined TRACON& Tower with Radar,185,7,3,6,201,0,214,72,2,288,185,221,75,8,489,6,0,6,495
10/24/2000,OGG,HI,AWP,WE,Combined TRACON& Tower with Radar,159,7,2,3,171,0,238,62,0,300,159,245,64,3,471,28,4,32,503
10/25/2000,OGG,HI,AWP,WE,Combined TRACON& Tower with Radar,167,7,2,5,181,0,305,45,1,351,167,312,47,6,532,38,2,40,572
10/26/2000,OGG,HI,AWP,WE,Combined TRACON& Tower with Radar,160,6,3,5,174,0,190,112,9,311,160,196,115,14,485,14,0,14,499
10/27/2000,OGG,HI,AWP,WE,Combined TRACON& Tower with Radar,182,6,3,6,197,5,210,38,0,253,187,216,41,6,450,8,4,12,462
10/28/2000,OGG,HI,AWP,WE,Combined TRACON& Tower with Radar,188,6,3,6,203,0,137,34,4,175,188,143,37,10,378,42,0,42,420
10/29/2000,OGG,HI,AWP,WE,Combined TRACON& Tower with Radar,177,6,3,0,186,7,152,47,0,206,184,158,50,0,392,14,0,14,406
10/30/2000,OGG,HI,AWP,WE,Combined TRACON& Tower with Radar,167,6,2,4,179,4,175,92,0,271,171,181,94,4,450,8,0,8,458
10/31/2000,OGG,HI,AWP,WE,Combined TRACON& Tower with Radar,177,5,3,6,191,0,237,76,0,313,177,242,79,6,504,6,0,6,510
11/01/2000,OGG,HI,AWP,WE,Combined TRACON& Tower with Radar,154,9,5,6,174,0,174,74,34,282,154,183,79,40,456,16,12,28,484
11/02/2000,OGG,HI,AWP,WE,Combined TRACON& Tower with Radar,176,8,5,6,195,0,35,8,4,47,176,43,13,10,242,14,10,24,266
11/03/2000,OGG,HI,AWP,WE,Combined TRACON& Tower with Radar,181,8,5,5,199,1,139,42,0,182,182,147,47,5,381,30,1,31,412
11/04/2000,OGG,HI,AWP,WE,Combined TRACON& Tower with Radar,176,9,5,4,194,4,192,44,0,240,180,201,49,4,434,40,2,42,476
11/05/2000,OGG,HI,AWP,WE,Combined TRACON& Tower with Radar,180,9,5,5,199,8,139,20,0,167,188,148,25,5,366,7,0,7,373
11/06/2000,OGG,HI,AWP,WE,Combined TRACON& Tower with Radar,184,9,6,5,204,9,197,60,0,266,193,206,66,5,470,4,16,20,490
11/07/2000,OGG,HI,AWP,WE,Combined TRACON& Tower with Radar,161,8,5,5,179,3,197,47,3,250,164,205,52,8,429,38,4,42,471
11/08/2000,OGG,HI,AWP,WE,Combined TRACON& Tower with Radar,176,9,5,2,192,2,222,76,0,300,178,231,81,2,492,44,0,44,536
11/09/2000,OGG,HI,AWP,WE,Combined TRACON& Tower with Radar,158,8,5,5,176,9,227,80,5,321,167,235,85,10,497,56,2,58,555
11/10/2000,OGG,HI,AWP,WE,Combined TRACON& Tower with Radar,165,8,5,3,181,0,217,103,0,320,165,225,108,3,501,22,0,22,523
11/11/2000,OGG,HI,AWP,WE,Combined TRACON& Tower with Radar,169,8,5,6,188,3,143,45,0,191,172,151,50,6,379,11,5,16,395
11/12/2000,OGG,HI,AWP,WE,Combined TRACON& Tower with Radar,158,8,5,0,171,24,120,26,0,170,182,128,31,0,341,16,0,16,357
11/13/2000,OGG,HI,AWP,WE,Combined TRACON& Tower with Radar,156,8,5,5,174,0,181,84,12,277,156,189,89,17,451,14,12,26,477
11/14/2000,OGG,HI,AWP,WE,Combined TRACON& Tower with Radar,166,9,5,5,185,0,247,35,8,290,166,256,40,13,475,29,7,36,511
11/15/2000,OGG,HI,AWP,WE,Combined TRACON& Tower with Radar,153,6,5,2,166,9,201,60,0,270,162,207,65,2,436,16,0,16,452
11/16/2000,OGG,HI,AWP,WE,Combined TRACON& Tower with Radar,176,7,6,6,195,0,198,64,6,268,176,205,70,12,463,10,22,32,495
11/17/2000,OGG,HI,AWP,WE,Combined TRACON& Tower with Radar,185,8,5,7,205,1,170,46,1,218,186,178,51,8,423,16,0,16,439
11/18/2000,OGG,HI,AWP,WE,Combined TRACON& Tower with Radar,194,9,5,0,208,2,138,54,0,194,196,147,59,0,402,4,0,4,406
11/19/2000,OGG,HI,AWP,WE,Combined TRACON& Tower with Radar,166,7,4,5,182,4,113,39,0,156,170,120,43,5,338,20,0,20,358
11/20/2000,OGG,HI,AWP,WE,Combined TRACON& Tower with Radar,173,8,4,7,192,0,233,95,11,339,173,241,99,18,531,29,0,29,560
11/21/2000,OGG,HI,AWP,WE,Combined TRACON& Tower with Radar,171,8,4,7,190,0,170,67,4,241,171,178,71,11,431,56,8,64,495
11/22/2000,OGG,HI,AWP,WE,Combined TRACON& Tower with Radar,178,8,4,4,194,1,302,102,0,405,179,310,106,4,599,56,0,56,655
11/23/2000,OGG,HI,AWP,WE,Combined TRACON& Tower with Radar,151,6,4,0,161,5,113,19,0,137,156,119,23,0,298,24,0,24,322
11/24/2000,OGG,HI,AWP,WE,Combined TRACON& Tower with Radar,160,8,4,0,172,0,168,57,0,225,160,176,61,0,397,6,8,14,411
11/25/2000,OGG,HI,AWP,WE,Combined TRACON& Tower with Radar,165,8,4,0,177,6,118,32,0,156,171,126,36,0,333,24,0,24,357
11/26/2000,OGG,HI,AWP,WE,Combined TRACON& Tower with Radar,187,9,5,1,202,0,127,59,0,186,187,136,64,1,388,18,0,18,406
11/27/2000,OGG,HI,AWP,WE,Combined TRACON& Tower with Radar,186,10,5,6,207,0,184,71,12,267,186,194,76,18,474,61,3,64,538
11/28/2000,OGG,HI,AWP,WE,Combined TRACON& Tower with Radar,149,7,4,0,160,2,205,45,0,252,151,212,49,0,412,23,0,23,435
11/29/2000,OGG,HI,AWP,WE,Combined TRACON& Tower with Radar,157,8,4,0,169,0,232,55,0,287,157,240,59,0,456,80,0,80,536
11/30/2000,OGG,HI,AWP,WE,Combined TRACON& Tower with Radar,158,8,4,6,176,0,206,57,8,271,158,214,61,14,447,48,6,54,501
12/01/2000,OGG,HI,AWP,WE,Combined TRACON& Tower with Radar,155,7,5,2,169,5,121,49,0,175,160,128,54,2,344,12,2,14,358
12/02/2000,OGG,HI,AWP,WE,Combined TRACON& Tower with Radar,152,6,5,0,163,5,96,28,0,129,157,102,33,0,292,0,0,0,292
12/03/2000,OGG,HI,AWP,WE,Combined TRACON& Tower with Radar,163,7,5,0,175,5,100,26,0,131,168,107,31,0,306,56,0,56,362
12/04/2000,OGG,HI,AWP,WE,Combined TRACON& Tower with Radar,154,7,5,2,168,7,175,83,0,265,161,182,88,2,433,52,0,52,485
12/05/2000,OGG,HI,AWP,WE,Combined TRACON& Tower with Radar,159,7,5,2,173,3,221,50,6,280,162,228,55,8,453,2,4,6,459
12/06/2000,OGG,HI,AWP,WE,Combined TRACON& Tower with Radar,175,8,6,2,191,0,261,58,1,320,175,269,64,3,511,4,0,4,515
12/07/2000,OGG,HI,AWP,WE,Combined TRACON& Tower with Radar,162,7,5,0,174,3,181,71,0,255,165,188,76,0,429,6,2,8,437
12/08/2000,OGG,HI,AWP,WE,Combined TRACON& Tower with Radar,169,7,6,2,184,4,126,26,0,156,173,133,32,2,340,14,0,14,354
12/09/2000,OGG,HI,AWP,WE,Combined TRACON& Tower with Radar,157,7,5,0,169,7,103,40,0,150,164,110,45,0,319,38,0,38,357
12/10/2000,OGG,HI,AWP,WE,Combined TRACON& Tower with Radar,149,6,5,0,160,4,76,23,0,103,153,82,28,0,263,2,0,2,265
12/11/2000,OGG,HI,AWP,WE,Combined TRACON& Tower with Radar,144,6,6,0,156,6,165,84,0,255,150,171,90,0,411,8,0,8,419
12/12/2000,OGG,HI,AWP,WE,Combined TRACON& Tower with Radar,165,7,6,2,180,0,236,46,4,286,165,243,52,6,466,8,2,10,476
12/13/2000,OGG,HI,AWP,WE,Combined TRACON& Tower with Radar,152,7,4,3,166,0,201,56,11,268,152,208,60,14,434,34,0,34,468
12/14/2000,OGG,HI,AWP,WE,Combined TRACON& Tower with Radar,183,7,5,3,198,1,224,18,7,250,184,231,23,10,448,10,10,20,468
12/15/2000,OGG,HI,AWP,WE,Combined TRACON& Tower with Radar,169,7,5,3,184,0,134,65,3,202,169,141,70,6,386,14,0,14,400
12/16/2000,OGG,HI,AWP,WE,Combined TRACON& Tower with Radar,161,7,4,2,174,6,84,29,0,119,167,91,33,2,293,6,1,7,300
12/17/2000,OGG,HI,AWP,WE,Combined TRACON& Tower with Radar,167,6,5,1,179,0,88,22,0,110,167,94,27,1,289,4,0,4,293
12/18/2000,OGG,HI,AWP,WE,Combined TRACON& Tower with Radar,166,6,5,0,177,1,210,43,0,254,167,216,48,0,431,32,0,32,463
12/19/2000,OGG,HI,AWP,WE,Combined TRACON& Tower with Radar,185,7,6,3,201,0,179,56,4,239,185,186,62,7,440,28,4,32,472
12/20/2000,OGG,HI,AWP,WE,Combined TRACON& Tower with Radar,182,8,6,3,199,0,178,95,11,284,182,186,101,14,483,14,6,20,503
12/21/2000,OGG,HI,AWP,WE,Combined TRACON& Tower with Radar,175,7,5,3,190,0,233,61,2,296,175,240,66,5,486,12,14,26,512
12/22/2000,OGG,HI,AWP,WE,Combined TRACON& Tower with Radar,171,7,5,0,183,0,142,78,0,220,171,149,83,0,403,46,0,46,449
12/23/2000,OGG,HI,AWP,WE,Combined TRACON& Tower with Radar,190,7,6,0,203,0,152,41,0,193,190,159,47,0,396,40,0,40,436
12/24/2000,OGG,HI,AWP,WE,Combined TRACON& Tower with Radar,167,7,5,0,179,7,185,11,0,203,174,192,16,0,382,2,0,2,384
12/25/2000,OGG,HI,AWP,WE,Combined TRACON& Tower with Radar,165,7,5,0,177,5,51,18,0,74,170,58,23,0,251,4,0,4,255
12/26/2000,OGG,HI,AWP,WE,Combined TRACON& Tower with Radar,179,8,5,2,194,0,234,37,2,273,179,242,42,4,467,18,6,24,491
12/27/2000,OGG,HI,AWP,WE,Combined TRACON& Tower with Radar,166,7,5,2,180,0,289,58,4,351,166,296,63,6,531,47,0,47,578
12/28/2000,OGG,HI,AWP,WE,Combined TRACON& Tower with Radar,169,7,5,2,183,0,288,67,2,357,169,295,72,4,540,38,0,38,578
12/29/2000,OGG,HI,AWP,WE,Combined TRACON& Tower with Radar,167,7,5,0,179,6,268,94,0,368,173,275,99,0,547,58,0,58,605
12/30/2000,OGG,HI,AWP,WE,Combined TRACON& Tower with Radar,187,8,6,0,201,5,194,39,0,238,192,202,45,0,439,16,0,16,455
12/31/2000,OGG,HI,AWP,WE,Combined TRACON& Tower with Radar,172,8,5,0,185,0,156,41,0,197,172,164,46,0,382,8,0,8,390
01/01/2001,OGG,HI,AWP,WE,Combined TRACON& Tower with Radar,154,10,7,0,171,0,98,34,0,132,154,108,41,0,303,2,0,2,305
01/02/2001,OGG,HI,AWP,WE,Combined TRACON& Tower with Radar,168,9,8,2,187,0,124,49,0,173,168,133,57,2,360,30,0,30,390
01/03/2001,OGG,HI,AWP,WE,Combined TRACON& Tower with Radar,173,9,7,4,193,0,251,84,5,340,173,260,91,9,533,30,15,45,578
01/04/2001,OGG,HI,AWP,WE,Combined TRACON& Tower with Radar,152,8,6,3,169,0,257,47,15,319,152,265,53,18,488,27,14,41,529
01/05/2001,OGG,HI,AWP,WE,Combined TRACON& Tower with Radar,158,9,6,3,176,4,224,44,1,273,162,233,50,4,449,18,0,18,467
01/06/2001,OGG,HI,AWP,WE,Combined TRACON& Tower with Radar,162,9,7,3,181,19,120,28,0,167,181,129,35,3,348,16,0,16,364
01/07/2001,OGG,HI,AWP,WE,Combined TRACON& Tower with Radar,179,10,7,4,200,1,97,45,1,144,180,107,52,5,344,52,4,56,400
01/08/2001,OGG,HI,AWP,WE,Combined TRACON& Tower with Radar,157,9,7,3,176,0,213,82,6,301,157,222,89,9,477,66,6,72,549
01/09/2001,OGG,HI,AWP,WE,Combined TRACON& Tower with Radar,155,9,6,3,173,0,208,66,4,278,155,217,72,7,451,48,0,48,499
01/10/2001,OGG,HI,AWP,WE,Combined TRACON& Tower with Radar,132,8,4,1,145,3,235,53,0,291,135,243,57,1,436,32,0,32,468
01/11/2001,OGG,HI,AWP,WE,Combined TRACON& Tower with Radar,162,9,6,1,178,0,272,77,0,349,162,281,83,1,527,62,0,62,589
01/12/2001,OGG,HI,AWP,WE,Combined TRACON& Tower with Radar,146,8,5,0,159,0,151,53,0,204,146,159,58,0,363,13,0,13,376
01/13/2001,OGG,HI,AWP,WE,Combined TRACON& Tower with Radar,167,10,6,1,184,13,156,31,0,200,180,166,37,1,384,26,0,26,410
01/14/2001,OGG,HI,AWP,WE,Combined TRACON& Tower with Radar,180,10,6,0,196,7,114,47,0,168,187,124,53,0,364,16,0,16,380
01/15/2001,OGG,HI,AWP,WE,Combined TRACON& Tower with Radar,171,10,6,1,188,12,167,36,0,215,183,177,42,1,403,58,0,58,461
01/16/2001,OGG,HI,AWP,WE,Combined TRACON& Tower with Radar,162,9,6,4,181,0,224,101,7,332,162,233,107,11,513,46,2,48,561
01/17/2001,OGG,HI,AWP,WE,Combined TRACON& Tower with Radar,152,9,6,4,171,0,223,87,7,317,152,232,93,11,488,60,5,65,553
01/18/2001,OGG,HI,AWP,WE,Combined TRACON& Tower with Radar,154,9,5,4,172,0,237,85,3,325,154,246,90,7,497,46,2,48,545
01/19/2001,OGG,HI,AWP,WE,Combined TRACON& Tower with Radar,148,7,5,2,162,0,158,76,0,234,148,165,81,2,396,26,0,26,422
01/20/2001,OGG,HI,AWP,WE,Combined TRACON& Tower with Radar,171,9,6,2,188,9,147,41,0,197,180,156,47,2,385,16,0,16,401
01/21/2001,OGG,HI,AWP,WE,Combined TRACON& Tower with Radar,147,7,5,2,161,7,86,25,0,118,154,93,30,2,279,10,0,10,289
01/22/2001,OGG,HI,AWP,WE,Combined TRACON& Tower with Radar,156,8,5,3,172,0,157,129,0,286,156,165,134,3,458,29,0,29,487
01/23/2001,OGG,HI,AWP,WE,Combined TRACON& Tower with Radar,166,8,6,3,183,4,196,80,0,280,170,204,86,3,463,22,0,22,485
01/24/2001,OGG,HI,AWP,WE,Combined TRACON& Tower with Radar,147,7,5,0,159,7,185,75,0,267,154,192,80,0,426,12,0,12,438
01/25/2001,OGG,HI,AWP,WE,Combined TRACON& Tower with Radar,160,8,6,4,178,0,209,66,4,279,160,217,72,8,457,8,0,8,465
01/26/2001,OGG,HI,AWP,WE,Combined TRACON& Tower with Radar,160,8,6,4,178,4,160,41,2,207,164,168,47,6,385,28,0,28,413
01/27/2001,OGG,HI,AWP,WE,Combined TRACON& Tower with Radar,159,8,5,0,172,6,112,36,0,154,165,120,41,0,326,8,0,8,334
01/28/2001,OGG,HI,AWP,WE,Combined TRACON& Tower with Radar,162,8,6,0,176,2,98,28,0,128,164,106,34,0,304,0,0,0,304
01/29/2001,OGG,HI,AWP,WE,Combined TRACON& Tower with Radar,151,9,5,0,165,4,126,110,0,240,155,135,115,0,405,20,0,20,425
01/30/2001,OGG,HI,AWP,WE,Combined TRACON& Tower with Radar,167,10,6,4,187,0,162,89,15,266,167,172,95,19,453,76,0,76,529
01/31/2001,OGG,HI,AWP,WE,Combined TRACON& Tower with Radar,153,9,5,3,170,0,194,107,1,302,153,203,112,4,472,48,0,48,520
02/01/2001,OGG,HI,AWP,WE,Combined TRACON& Tower with Radar,162,8,5,5,180,1,204,70,9,284,163,212,75,14,464,28,10,38,502
02/02/2001,OGG,HI,AWP,WE,Combined TRACON& Tower with Radar,158,7,5,3,173,8,149,52,0,209,166,156,57,3,382,27,2,29,411
02/03/2001,OGG,HI,AWP,WE,Combined TRACON& Tower with Radar,148,8,4,4,164,8,107,23,2,140,156,115,27,6,304,14,0,14,318
02/04/2001,OGG,HI,AWP,WE,Combined TRACON& Tower with Radar,158,7,5,0,170,4,78,14,0,96,162,85,19,0,266,0,0,0,266
02/05/2001,OGG,HI,AWP,WE,Combined TRACON& Tower with Radar,170,9,5,5,189,0,198,67,12,277,170,207,72,17,466,58,6,64,530
02/06/2001,OGG,HI,AWP,WE,Combined TRACON& Tower with Radar,163,8,5,3,179,6,184,123,0,313,169,192,128,3,492,38,0,38,530
02/07/2001,OGG,HI,AWP,WE,Combined TRACON& Tower with Radar,141,8,5,4,158,0,226,56,11,293,141,234,61,15,451,44,12,56,507
02/08/2001,OGG,HI,AWP,WE,Combined TRACON& Tower with Radar,176,9,5,6,196,0,207,59,4,270,176,216,64,10,466,44,5,49,515
02/09/2001,OGG,HI,AWP,WE,Combined TRACON& Tower with Radar,168,9,5,5,187,0,155,60,5,220,168,164,65,10,407,62,0,62,469
02/10/2001,OGG,HI,AWP,WE,Combined TRACON& Tower with Radar,150,8,4,2,164,4,111,27,0,142,154,119,31,2,306,16,0,16,322
02/11/2001,OGG,HI,AWP,WE,Combined TRACON& Tower with Radar,152,8,4,4,168,0,54,14,0,68,152,62,18,4,236,30,0,30,266
02/12/2001,OGG,HI,AWP,WE,Combined TRACON& Tower with Radar,167,9,5,5,186,0,190,79,7,276,167,199,84,12,462,35,0,35,497
02/13/2001,OGG,HI,AWP,WE,Combined TRACON& Tower with Radar,151,8,5,5,169,0,189,58,1,248,151,197,63,6,417,62,4,66,483
02/14/2001,OGG,HI,AWP,WE,Combined TRACON& Tower with Radar,138,7,3,0,148,0,177,92,0,269,138,184,95,0,417,74,0,74,491
02/15/2001,OGG,HI,AWP,WE,Combined TRACON& Tower with Radar,156,7,4,0,167,0,214,100,0,314,156,221,104,0,481,38,0,38,519
02/16/2001,OGG,HI,AWP,WE,Combined TRACON& Tower with Radar,171,9,4,0,184,9,146,59,0,214,180,155,63,0,398,26,0,26,424
02/17/2001,OGG,HI,AWP,WE,Combined TRACON& Tower with Radar,165,7,4,0,176,0,174,57,0,231,165,181,61,0,407,24,0,24,431
02/18/2001,OGG,HI,AWP,WE,Combined TRACON& Tower with Radar,157,7,4,0,168,10,179,61,0,250,167,186,65,0,418,18,0,18,436
02/19/2001,OGG,HI,AWP,WE,Combined TRACON& Tower with Radar,165,7,4,0,176,9,215,74,0,298,174,222,78,0,474,42,0,42,516
02/20/2001,OGG,HI,AWP,WE,Combined TRACON& Tower with Radar,172,8,4,6,190,0,252,118,2,372,172,260,122,8,562,13,3,16,578
02/21/2001,OGG,HI,AWP,WE,Combined TRACON& Tower with Radar,167,8,4,7,186,0,236,80,14,330,167,244,84,21,516,57,32,89,605
02/22/2001,OGG,HI,AWP,WE,Combined TRACON& Tower with Radar,160,6,4,6,176,3,220,77,9,309,163,226,81,15,485,21,1,22,507
02/23/2001,OGG,HI,AWP,WE,Combined TRACON& Tower with Radar,147,7,3,4,161,8,173,65,0,246,155,180,68,4,407,10,0,10,417
02/24/2001,OGG,HI,AWP,WE,Combined TRACON& Tower with Radar,136,7,3,0,146,9,115,42,0,166,145,122,45,0,312,18,0,18,330
02/25/2001,OGG,HI,AWP,WE,Combined TRACON& Tower with Radar,146,8,3,2,159,4,102,38,0,144,150,110,41,2,303,12,0,12,315
02/26/2001,OGG,HI,AWP,WE,Combined TRACON& Tower with Radar,157,8,4,4,173,1,225,102,5,333,158,233,106,9,506,50,4,54,560
02/27/2001,OGG,HI,AWP,WE,Combined TRACON& Tower with Radar,136,8,3,4,151,0,218,99,14,331,136,226,102,18,482,30,9,39,521
02/28/2001,OGG,HI,AWP,WE,Combined TRACON& Tower with Radar,130,6,3,1,140,2,237,57,0,296,132,243,60,1,436,20,0,20,456
03/01/2001,OGG,HI,AWP,WE,Combined TRACON& Tower with Radar,147,8,6,6,167,0,230,93,4,327,147,238,99,10,494,25,0,25,519
03/02/2001,OGG,HI,AWP,WE,Combined TRACON& Tower with Radar,155,7,6,3,171,4,154,85,0,243,159,161,91,3,414,32,0,32,446
03/03/2001,OGG,HI,AWP,WE,Combined TRACON& Tower with Radar,154,8,6,2,170,12,105,55,0,172,166,113,61,2,342,32,0,32,374
03/04/2001,OGG,HI,AWP,WE,Combined TRACON& Tower with Radar,154,8,6,2,170,6,143,25,0,174,160,151,31,2,344,4,0,4,348
03/05/2001,OGG,HI,AWP,WE,Combined TRACON& Tower with Radar,155,10,7,8,180,0,179,97,45,321,155,189,104,53,501,16,0,16,517
03/06/2001,OGG,HI,AWP,WE,Combined TRACON& Tower with Radar,155,8,6,6,175,2,225,105,0,332,157,233,111,6,507,52,6,58,565
03/07/2001,OGG,HI,AWP,WE,Combined TRACON& Tower with Radar,156,8,6,0,170,8,213,114,0,335,164,221,120,0,505,30,0,30,535
03/08/2001,OGG,HI,AWP,WE,Combined TRACON& Tower with Radar,143,7,6,6,162,4,250,60,3,317,147,257,66,9,479,26,3,29,508
03/09/2001,OGG,HI,AWP,WE,Combined TRACON& Tower with Radar,164,9,6,0,179,9,191,46,0,246,173,200,52,0,425,40,0,40,465
03/10/2001,OGG,HI,AWP,WE,Combined TRACON& Tower with Radar,146,7,6,0,159,10,126,41,0,177,156,133,47,0,336,24,0,24,360
03/11/2001,OGG,HI,AWP,WE,Combined TRACON& Tower with Radar,159,8,6,0,173,0,126,32,0,158,159,134,38,0,331,12,0,12,343
03/12/2001,OGG,HI,AWP,WE,Combined TRACON& Tower with Radar,158,8,6,2,174,3,191,88,0,282,161,199,94,2,456,26,12,38,494
03/13/2001,OGG,HI,AWP,WE,Combined TRACON& Tower with Radar,157,8,6,6,177,4,226,96,1,327,161,234,102,7,504,37,16,53,557
03/14/2001,OGG,HI,AWP,WE,Combined TRACON& Tower with Radar,150,8,6,6,170,3,253,121,5,382,153,261,127,11,552,34,0,34,586
03/15/2001,OGG,HI,AWP,WE,Combined TRACON& Tower with Radar,133,7,4,7,151,6,222,79,0,307,139,229,83,7,458,37,0,37,495
03/16/2001,OGG,HI,AWP,WE,Combined TRACON& Tower with Radar,157,7,5,6,175,0,175,80,0,255,157,182,85,6,430,34,2,36,466
03/17/2001,OGG,HI,AWP,WE,Combined TRACON& Tower with Radar,151,7,5,3,166,5,142,31,0,178,156,149,36,3,344,16,0,16,360
03/18/2001,OGG,HI,AWP,WE,Combined TRACON& Tower with Radar,148,6,5,0,159,6,117,35,0,158,154,123,40,0,317,39,0,39,356
03/19/2001,OGG,HI,AWP,WE,Combined TRACON& Tower with Radar,157,7,5,8,177,0,89,83,0,172,157,96,88,8,349,30,0,30,379
03/20/2001,OGG,HI,AWP,WE,Combined TRACON& Tower with Radar,146,8,6,8,168,0,250,62,28,340,146,258,68,36,508,65,0,65,573
03/21/2001,OGG,HI,AWP,WE,Combined TRACON& Tower with Radar,150,7,5,4,166,6,227,56,0,289,156,234,61,4,455,65,8,73,528
03/22/2001,OGG,HI,AWP,WE,Combined TRACON& Tower with Radar,151,7,5,6,169,6,226,71,0,303,157,233,76,6,472,54,18,72,544
03/23/2001,OGG,HI,AWP,WE,Combined TRACON& Tower with Radar,160,7,5,2,174,0,187,52,0,239,160,194,57,2,413,48,4,52,465
03/24/2001,OGG,HI,AWP,WE,Combined TRACON& Tower with Radar,152,8,5,5,170,7,147,34,0,188,159,155,39,5,358,40,3,43,401
03/25/2001,OGG,HI,AWP,WE,Combined TRACON& Tower with Radar,156,8,5,0,169,7,136,26,0,169,163,144,31,0,338,6,0,6,344
03/26/2001,OGG,HI,AWP,WE,Combined TRACON& Tower with Radar,168,8,6,5,187,0,206,83,0,289,168,214,89,5,476,24,12,36,512
03/27/2001,OGG,HI,AWP,WE,Combined TRACON& Tower with Radar,172,11,7,9,199,0,237,130,27,394,172,248,137,36,593,70,10,80,673
03/28/2001,OGG,HI,AWP,WE,Combined TRACON& Tower with Radar,165,8,6,7,186,0,243,58,6,307,165,251,64,13,493,38,0,38,531
03/29/2001,OGG,HI,AWP,WE,Combined TRACON& Tower with Radar,150,7,5,6,168,6,206,113,2,327,156,213,118,8,495,46,0,46,541
03/30/2001,OGG,HI,AWP,WE,Combined TRACON& Tower with Radar,148,7,5,4,164,5,171,54,0,230,153,178,59,4,394,36,1,37,431
03/31/2001,OGG,HI,AWP,WE,Combined TRACON& Tower with Radar,161,8,5,3,177,6,130,57,0,193,167,138,62,3,370,42,0,42,412
04/01/2001,OGG,HI,AWP,WE,Combined TRACON& Tower with Radar,153,7,6,0,166,7,111,26,0,144,160,118,32,0,310,16,0,16,326
04/02/2001,OGG,HI,AWP,WE,Combined TRACON& Tower with Radar,173,7,7,5,192,0,183,71,5,259,173,190,78,10,451,20,0,20,471
04/03/2001,OGG,HI,AWP,WE,Combined TRACON& Tower with Radar,151,6,7,4,168,0,194,102,0,296,151,200,109,4,464,41,0,41,505
04/04/2001,OGG,HI,AWP,WE,Combined TRACON& Tower with Radar,151,6,7,4,168,3,229,44,2,278,154,235,51,6,446,21,0,21,467
04/05/2001,OGG,HI,AWP,WE,Combined TRACON& Tower with Radar,154,6,6,3,169,6,191,95,0,292,160,197,101,3,461,55,0,55,516
04/06/2001,OGG,HI,AWP,WE,Combined TRACON& Tower with Radar,147,6,6,0,159,0,175,40,0,215,147,181,46,0,374,47,0,47,421
04/07/2001,OGG,HI,AWP,WE,Combined TRACON& Tower with Radar,166,7,7,2,182,6,159,56,0,221,172,166,63,2,403,32,0,32,435
04/08/2001,OGG,HI,AWP,WE,Combined TRACON& Tower with Radar,158,7,6,2,173,0,114,35,0,149,158,121,41,2,322,7,0,7,329
04/09/2001,OGG,HI,AWP,WE,Combined TRACON& Tower with Radar,161,8,6,4,179,10,199,90,0,299,171,207,96,4,478,51,0,51,529
04/10/2001,OGG,HI,AWP,WE,Combined TRACON& Tower with Radar,164,7,7,5,183,2,240,100,3,345,166,247,107,8,528,38,2,40,568
04/11/2001,OGG,HI,AWP,WE,Combined TRACON& Tower with Radar,128,6,5,4,143,0,264,46,4,314,128,270,51,8,457,39,10,49,506
04/12/2001,OGG,HI,AWP,WE,Combined TRACON& Tower with Radar,168,8,7,0,183,7,218,70,0,295,175,226,77,0,478,18,0,18,496
04/13/2001,OGG,HI,AWP,WE,Combined TRACON& Tower with Radar,149,7,7,4,167,0,173,27,1,201,149,180,34,5,368,12,2,14,382
04/14/2001,OGG,HI,AWP,WE,Combined TRACON& Tower with Radar,160,8,6,0,174,4,131,23,0,158,164,139,29,0,332,28,0,28,360
04/15/2001,OGG,HI,AWP,WE,Combined TRACON& Tower with Radar,162,8,5,0,175,3,103,11,0,117,165,111,16,0,292,8,0,8,300
04/16/2001,OGG,HI,AWP,WE,Combined TRACON& Tower with Radar,166,7,6,0,179,5,204,116,0,325,171,211,122,0,504,24,0,24,528
04/17/2001,OGG,HI,AWP,WE,Combined TRACON& Tower with Radar,166,8,6,6,186,0,225,70,8,303,166,233,76,14,489,54,4,58,547
04/18/2001,OGG,HI,AWP,WE,Combined TRACON& Tower with Radar,158,8,5,6,177,0,235,81,7,323,158,243,86,13,500,6,0,6,506
04/19/2001,OGG,HI,AWP,WE,Combined TRACON& Tower with Radar,157,8,5,6,176,0,216,38,10,264,157,224,43,16,440,12,20,32,472
04/20/2001,OGG,HI,AWP,WE,Combined TRACON& Tower with Radar,160,7,6,6,179,0,168,54,0,222,160,175,60,6,401,41,0,41,442
04/21/2001,OGG,HI,AWP,WE,Combined TRACON& Tower with Radar,159,6,5,0,170,5,178,54,0,237,164,184,59,0,407,12,4,16,423
04/22/2001,OGG,HI,AWP,WE,Combined TRACON& Tower with Radar,147,6,5,0,158,3,125,27,0,155,150,131,32,0,313,0,0,0,313
04/23/2001,OGG,HI,AWP,WE,Combined TRACON& Tower with Radar,163,7,5,6,181,3,181,79,3,266,166,188,84,9,447,8,2,10,457
04/24/2001,OGG,HI,AWP,WE,Combined TRACON& Tower with Radar,159,7,6,6,178,0,216,85,15,316,159,223,91,21,494,50,6,56,550
04/25/2001,OGG,HI,AWP,WE,Combined TRACON& Tower with Radar,169,8,6,7,190,0,228,81,20,329,169,236,87,27,519,18,26,44,563
04/26/2001,OGG,HI,AWP,WE,Combined TRACON& Tower with Radar,157,7,5,6,175,0,254,27,6,287,157,261,32,12,462,75,2,77,539
04/27/2001,OGG,HI,AWP,WE,Combined TRACON& Tower with Radar,130,5,4,5,144,0,181,43,3,227,130,186,47,8,371,22,0,22,393
04/28/2001,OGG,HI,AWP,WE,Combined TRACON& Tower with Radar,158,7,5,1,171,5,156,50,0,211,163,163,55,1,382,10,0,10,392
04/29/2001,OGG,HI,AWP,WE,Combined TRACON& Tower with Radar,164,7,6,0,177,0,187,46,0,233,164,194,52,0,410,0,0,0,410
04/30/2001,OGG,HI,AWP,WE,Combined TRACON& Tower with Radar,164,7,6,0,177,4,200,83,0,287,168,207,89,0,464,16,0,16,480
05/01/2001,OGG,HI,AWP,WE,Combined TRACON& Tower with Radar,158,9,6,3,176,0,188,107,4,299,158,197,113,7,475,26,4,30,505
05/02/2001,OGG,HI,AWP,WE,Combined TRACON& Tower with Radar,164,9,6,3,182,0,228,83,2,313,164,237,89,5,495,14,10,24,519
05/03/2001,OGG,HI,AWP,WE,Combined TRACON& Tower with Radar,160,9,6,3,178,1,231,65,1,298,161,240,71,4,476,12,0,12,488
05/04/2001,OGG,HI,AWP,WE,Combined TRACON& Tower with Radar,135,8,6,2,151,11,134,36,0,181,146,142,42,2,332,10,0,10,342
05/05/2001,OGG,HI,AWP,WE,Combined TRACON& Tower with Radar,166,10,7,3,186,0,47,10,0,57,166,57,17,3,243,2,0,2,245
05/06/2001,OGG,HI,AWP,WE,Combined TRACON& Tower with Radar,160,9,6,3,178,5,158,47,3,213,165,167,53,6,391,8,0,8,399
05/07/2001,OGG,HI,AWP,WE,Combined TRACON& Tower with Radar,145,8,6,2,161,6,217,120,0,343,151,225,126,2,504,40,2,42,546
05/08/2001,OGG,HI,AWP,WE,Combined TRACON& Tower with Radar,137,8,5,3,153,0,196,106,3,305,137,204,111,6,458,10,0,10,468
05/09/2001,OGG,HI,AWP,WE,Combined TRACON& Tower with Radar,142,8,6,0,156,0,208,78,0,286,142,216,84,0,442,34,2,36,478
05/10/2001,OGG,HI,AWP,WE,Combined TRACON& Tower with Radar,157,9,6,2,174,6,230,71,0,307,163,239,77,2,481,13,0,13,494
05/11/2001,OGG,HI,AWP,WE,Combined TRACON& Tower with Radar,170,10,7,0,187,7,218,63,0,288,177,228,70,0,475,50,0,50,525
05/12/2001,OGG,HI,AWP,WE,Combined TRACON& Tower with Radar,152,9,6,2,169,8,163,33,0,204,160,172,39,2,373,12,0,12,385
05/13/2001,OGG,HI,AWP,WE,Combined TRACON& Tower with Radar,143,7,6,1,157,8,166,18,0,192,151,173,24,1,349,2,0,2,351
05/14/2001,OGG,HI,AWP,WE,Combined TRACON& Tower with Radar,151,9,6,3,169,0,157,123,10,290,151,166,129,13,459,22,0,22,481
05/15/2001,OGG,HI,AWP,WE,Combined TRACON& Tower with Radar,150,9,6,4,169,0,187,117,15,319,150,196,123,19,488,16,4,20,508
05/16/2001,OGG,HI,AWP,WE,Combined TRACON& Tower with Radar,140,9,5,4,158,0,243,64,23,330,140,252,69,27,488,28,11,39,527
05/17/2001,OGG,HI,AWP,WE,Combined TRACON& Tower with Radar,159,10,5,3,177,0,225,60,0,285,159,235,65,3,462,40,0,40,502
05/18/2001,OGG,HI,AWP,WE,Combined TRACON& Tower with Radar,161,9,5,0,175,3,208,51,0,262,164,217,56,0,437,62,0,62,499
05/19/2001,OGG,HI,AWP,WE,Combined TRACON& Tower with Radar,149,7,5,0,161,4,128,40,0,172,153,135,45,0,333,24,0,24,357
05/20/2001,OGG,HI,AWP,WE,Combined TRACON& Tower with Radar,155,9,5,0,169,0,158,57,0,215,155,167,62,0,384,8,0,8,392
05/21/2001,OGG,HI,AWP,WE,Combined TRACON& Tower with Radar,157,8,5,0,170,6,169,115,0,290,163,177,120,0,460,97,0,97,557
05/22/2001,OGG,HI,AWP,WE,Combined TRACON& Tower with Radar,148,7,5,3,163,1,202,100,0,303,149,209,105,3,466,76,0,76,542
05/23/2001,OGG,HI,AWP,WE,Combined TRACON& Tower with Radar,149,8,5,4,166,0,260,82,2,344,149,268,87,6,510,49,10,59,569
05/24/2001,OGG,HI,AWP,WE,Combined TRACON& Tower with Radar,156,8,5,0,169,4,273,55,0,332,160,281,60,0,501,14,0,14,515
05/25/2001,OGG,HI,AWP,WE,Combined TRACON& Tower with Radar,154,8,5,4,171,2,180,62,0,244,156,188,67,4,415,32,4,36,451
05/26/2001,OGG,HI,AWP,WE,Combined TRACON& Tower with Radar,152,7,5,0,164,4,173,61,0,238,156,180,66,0,402,0,0,0,402
05/27/2001,OGG,HI,AWP,WE,Combined TRACON& Tower with Radar,152,7,5,1,165,9,138,39,0,186,161,145,44,1,351,4,0,4,355
05/28/2001,OGG,HI,AWP,WE,Combined TRACON& Tower with Radar,160,9,5,0,174,9,187,46,0,242,169,196,51,0,416,62,0,62,478
05/29/2001,OGG,HI,AWP,WE,Combined TRACON& Tower with Radar,158,10,5,3,176,0,245,131,7,383,158,255,136,10,559,62,0,62,621
05/30/2001,OGG,HI,AWP,WE,Combined TRACON& Tower with Radar,153,9,5,3,170,4,225,79,4,312,157,234,84,7,482,58,8,66,548
05/31/2001,OGG,HI,AWP,WE,Combined TRACON& Tower with Radar,139,8,4,1,152,8,275,53,0,336,147,283,57,1,488,51,0,51,539
06/01/2001,OGG,HI,AWP,WE,Combined TRACON& Tower with Radar,162,8,5,4,179,0,212,43,4,259,162,220,48,8,438,32,0,32,470
06/02/2001,OGG,HI,AWP,WE,Combined TRACON& Tower with Radar,166,8,4,0,178,7,139,33,0,179,173,147,37,0,357,12,0,12,369
06/03/2001,OGG,HI,AWP,WE,Combined TRACON& Tower with Radar,144,7,4,3,158,2,94,35,0,131,146,101,39,3,289,11,0,11,300
06/04/2001,OGG,HI,AWP,WE,Combined TRACON& Tower with Radar,135,7,4,4,150,0,178,80,1,259,135,185,84,5,409,38,0,38,447
06/05/2001,OGG,HI,AWP,WE,Combined TRACON& Tower with Radar,152,8,4,4,168,0,190,60,4,254,152,198,64,8,422,20,4,24,446
06/06/2001,OGG,HI,AWP,WE,Combined TRACON& Tower with Radar,143,7,4,4,158,0,217,92,2,311,143,224,96,6,469,36,4,40,509
06/07/2001,OGG,HI,AWP,WE,Combined TRACON& Tower with Radar,150,7,4,4,165,0,254,54,4,312,150,261,58,8,477,20,6,26,503
06/08/2001,OGG,HI,AWP,WE,Combined TRACON& Tower with Radar,141,7,4,4,156,0,169,46,5,220,141,176,50,9,376,28,6,34,410
06/09/2001,OGG,HI,AWP,WE,Combined TRACON& Tower with Radar,160,8,4,0,172,6,116,53,0,175,166,124,57,0,347,7,0,7,354
06/10/2001,OGG,HI,AWP,WE,Combined TRACON& Tower with Radar,168,8,4,0,180,11,145,51,0,207,179,153,55,0,387,32,0,32,419
06/11/2001,OGG,HI,AWP,WE,Combined TRACON& Tower with Radar,180,8,5,5,198,0,217,81,8,306,180,225,86,13,504,48,1,49,553
06/12/2001,OGG,HI,AWP,WE,Combined TRACON& Tower with Radar,166,8,4,0,178,5,256,66,0,327,171,264,70,0,505,40,0,40,545
06/13/2001,OGG,HI,AWP,WE,Combined TRACON& Tower with Radar,152,8,4,3,167,0,189,119,0,308,152,197,123,3,475,22,6,28,503
06/14/2001,OGG,HI,AWP,WE,Combined TRACON& Tower with Radar,111,5,3,3,122,0,208,34,3,245,111,213,37,6,367,2,6,8,375
06/15/2001,OGG,HI,AWP,WE,Combined TRACON& Tower with Radar,168,9,4,4,185,0,176,55,14,245,168,185,59,18,430,18,0,18,448
06/16/2001,OGG,HI,AWP,WE,Combined TRACON& Tower with Radar,181,8,5,5,199,0,139,48,3,190,181,147,53,8,389,8,4,12,401
06/17/2001,OGG,HI,AWP,WE,Combined TRACON& Tower with Radar,158,7,4,0,169,11,166,36,0,213,169,173,40,0,382,6,0,6,388
06/18/2001,OGG,HI,AWP,WE,Combined TRACON& Tower with Radar,179,8,5,5,197,0,227,81,23,331,179,235,86,28,528,26,4,30,558
06/19/2001,OGG,HI,AWP,WE,Combined TRACON& Tower with Radar,160,7,3,1,171,0,278,67,0,345,160,285,70,1,516,12,0,12,528
06/20/2001,OGG,HI,AWP,WE,Combined TRACON& Tower with Radar,158,7,3,4,172,3,264,54,0,321,161,271,57,4,493,10,2,12,505
06/21/2001,OGG,HI,AWP,WE,Combined TRACON& Tower with Radar,163,7,3,4,177,0,221,88,0,309,163,228,91,4,486,24,0,24,510
06/22/2001,OGG,HI,AWP,WE,Combined TRACON& Tower with Radar,169,8,3,5,185,2,219,66,0,287,171,227,69,5,472,36,0,36,508
06/23/2001,OGG,HI,AWP,WE,Combined TRACON& Tower with Radar,169,8,3,5,185,1,154,61,3,219,170,162,64,8,404,8,2,10,414
06/24/2001,OGG,HI,AWP,WE,Combined TRACON& Tower with Radar,164,8,3,0,175,6,151,59,0,216,170,159,62,0,391,42,0,42,433
06/25/2001,OGG,HI,AWP,WE,Combined TRACON& Tower with Radar,183,8,4,0,195,5,211,99,0,315,188,219,103,0,510,24,0,24,534
06/26/2001,OGG,HI,AWP,WE,Combined TRACON& Tower with Radar,177,9,4,4,194,1,286,73,2,362,178,295,77,6,556,1,4,5,561
06/27/2001,OGG,HI,AWP,WE,Combined TRACON& Tower with Radar,150,7,3,4,164,0,268,92,5,365,150,275,95,9,529,4,0,4,533
06/28/2001,OGG,HI,AWP,WE,Combined TRACON& Tower with Radar,155,8,3,2,168,1,222,121,0,344,156,230,124,2,512,39,0,39,551
06/29/2001,OGG,HI,AWP,WE,Combined TRACON& Tower with Radar,154,8,3,2,167,1,190,72,0,263,155,198,75,2,430,28,0,28,458
06/30/2001,OGG,HI,AWP,WE,Combined TRACON& Tower with Radar,167,8,3,4,182,0,149,44,0,193,167,157,47,4,375,16,0,16,391
07/01/2001,OGG,HI,AWP,WE,Towers with Radar,173,7,5,0,185,0,131,64,0,195,173,138,69,0,380,28,0,28,408
07/02/2001,OGG,HI,AWP,WE,Towers with Radar,173,8,5,6,192,0,192,94,32,318,173,200,99,38,510,20,0,20,530
07/03/2001,OGG,HI,AWP,WE,Towers with Radar,146,6,4,5,161,0,251,89,17,357,146,257,93,22,518,12,0,12,530
07/04/2001,OGG,HI,AWP,WE,Towers with Radar,156,6,4,2,168,6,239,99,0,344,162,245,103,2,512,28,2,30,542
07/05/2001,OGG,HI,AWP,WE,Towers with Radar,178,8,5,5,196,0,213,48,3,264,178,221,53,8,460,22,2,24,484
07/06/2001,OGG,HI,AWP,WE,Towers with Radar,155,7,4,0,166,7,211,36,0,254,162,218,40,0,420,46,0,46,466
07/07/2001,OGG,HI,AWP,WE,Towers with Radar,184,8,5,5,202,0,131,33,2,166,184,139,38,7,368,4,0,4,372
07/08/2001,OGG,HI,AWP,WE,Towers with Radar,162,7,4,2,175,1,150,37,0,188,163,157,41,2,363,8,0,8,371
07/09/2001,OGG,HI,AWP,WE,Towers with Radar,155,7,5,5,172,0,176,96,21,293,155,183,101,26,465,48,4,52,517
07/10/2001,OGG,HI,AWP,WE,Towers with Radar,146,7,4,4,161,3,237,84,0,324,149,244,88,4,485,18,0,18,503
07/11/2001,OGG,HI,AWP,WE,Towers with Radar,168,8,4,1,181,9,257,78,0,344,177,265,82,1,525,36,0,36,561
07/12/2001,OGG,HI,AWP,WE,Towers with Radar,140,6,4,4,154,7,208,115,2,332,147,214,119,6,486,14,0,14,500
07/13/2001,OGG,HI,AWP,WE,Towers with Radar,182,8,5,0,195,7,199,37,0,243,189,207,42,0,438,6,0,6,444
07/14/2001,OGG,HI,AWP,WE,Towers with Radar,178,8,5,3,194,7,162,34,0,203,185,170,39,3,397,10,0,10,407
07/15/2001,OGG,HI,AWP,WE,Towers with Radar,178,8,5,1,192,5,149,22,0,176,183,157,27,1,368,2,0,2,370
07/16/2001,OGG,HI,AWP,WE,Towers with Radar,162,7,3,6,178,0,222,64,1,287,162,229,67,7,465,28,0,28,493
07/17/2001,OGG,HI,AWP,WE,Towers with Radar,163,7,3,6,179,2,253,70,7,332,165,260,73,13,511,40,0,40,551
07/18/2001,OGG,HI,AWP,WE,Towers with Radar,159,6,3,4,172,4,251,104,0,359,163,257,107,4,531,47,0,47,578
07/19/2001,OGG,HI,AWP,WE,Towers with Radar,159,6,3,2,170,0,286,67,0,353,159,292,70,2,523,54,0,54,577
07/20/2001,OGG,HI,AWP,WE,Towers with Radar,149,6,3,0,158,2,193,44,0,239,151,199,47,0,397,52,0,52,449
07/21/2001,OGG,HI,AWP,WE,Towers with Radar,185,7,4,0,196,0,162,39,0,201,185,169,43,0,397,32,0,32,429
07/22/2001,OGG,HI,AWP,WE,Towers with Radar,169,7,3,2,181,3,146,42,0,191,172,153,45,2,372,0,0,0,372
07/23/2001,OGG,HI,AWP,WE,Towers with Radar,178,6,4,4,192,4,221,67,0,292,182,227,71,4,484,44,9,53,537
07/24/2001,OGG,HI,AWP,WE,Towers with Radar,166,6,4,6,182,0,248,62,25,335,166,254,66,31,517,36,0,36,553
07/25/2001,OGG,HI,AWP,WE,Towers with Radar,180,8,4,5,197,5,271,55,0,331,185,279,59,5,528,32,0,32,560
07/26/2001,OGG,HI,AWP,WE,Towers with Radar,168,7,3,1,179,3,269,66,0,338,171,276,69,1,517,34,0,34,551
07/27/2001,OGG,HI,AWP,WE,Towers with Radar,186,8,4,5,203,0,196,44,2,242,186,204,48,7,445,29,0,29,474
07/28/2001,OGG,HI,AWP,WE,Towers with Radar,191,8,4,0,203,7,129,17,0,153,198,137,21,0,356,22,0,22,378
07/29/2001,OGG,HI,AWP,WE,Towers with Radar,178,8,4,0,190,6,137,36,0,179,184,145,40,0,369,18,0,18,387
07/30/2001,OGG,HI,AWP,WE,Towers with Radar,197,9,4,7,217,0,230,76,9,315,197,239,80,16,532,40,10,50,582
07/31/2001,OGG,HI,AWP,WE,Towers with Radar,163,7,3,0,173,4,254,44,0,302,167,261,47,0,475,42,0,42,517
08/01/2001,OGG,HI,AWP,WE,Towers with Radar,154,8,4,6,172,0,259,30,10,299,154,267,34,16,471,70,0,70,541
08/02/2001,OGG,HI,AWP,WE,Towers with Radar,157,6,4,0,167,8,246,56,0,310,165,252,60,0,477,34,0,34,511
08/03/2001,OGG,HI,AWP,WE,Towers with Radar,175,7,4,4,190,3,73,54,0,130,178,80,58,4,320,16,0,16,336
08/04/2001,OGG,HI,AWP,WE,Towers with Radar,186,8,4,2,200,14,181,17,0,212,200,189,21,2,412,14,0,14,426
08/05/2001,OGG,HI,AWP,WE,Towers with Radar,167,7,4,6,184,9,185,51,0,245,176,192,55,6,429,0,0,0,429
08/06/2001,OGG,HI,AWP,WE,Towers with Radar,179,8,4,7,198,0,225,90,14,329,179,233,94,21,527,33,6,39,566
08/07/2001,OGG,HI,AWP,WE,Towers with Radar,150,5,4,4,163,5,264,77,0,346,155,269,81,4,509,60,0,60,569
08/08/2001,OGG,HI,AWP,WE,Towers with Radar,163,7,4,3,177,4,282,87,0,373,167,289,91,3,550,49,0,49,599
08/09/2001,OGG,HI,AWP,WE,Towers with Radar,161,8,4,3,176,0,186,131,0,317,161,194,135,3,493,16,0,16,509
08/10/2001,OGG,HI,AWP,WE,Towers with Radar,180,8,4,8,200,0,188,41,3,232,180,196,45,11,432,20,0,20,452
08/11/2001,OGG,HI,AWP,WE,Towers with Radar,166,8,4,0,178,13,145,17,0,175,179,153,21,0,353,8,0,8,361
08/12/2001,OGG,HI,AWP,WE,Towers with Radar,170,8,4,0,182,5,155,34,0,194,175,163,38,0,376,34,0,34,410
08/13/2001,OGG,HI,AWP,WE,Towers with Radar,181,8,4,8,201,2,193,81,6,282,183,201,85,14,483,16,0,16,499
08/14/2001,OGG,HI,AWP,WE,Towers with Radar,170,8,4,7,189,0,257,76,11,344,170,265,80,18,533,81,0,81,614
08/15/2001,OGG,HI,AWP,WE,Towers with Radar,150,7,4,6,167,7,287,23,6,323,157,294,27,12,490,26,0,26,516
08/16/2001,OGG,HI,AWP,WE,Towers with Radar,161,8,4,7,180,0,262,89,12,363,161,270,93,19,543,52,0,52,595
08/17/2001,OGG,HI,AWP,WE,Towers with Radar,166,8,4,2,180,6,252,51,0,309,172,260,55,2,489,18,0,18,507
08/18/2001,OGG,HI,AWP,WE,Towers with Radar,178,8,3,0,189,1,130,40,0,171,179,138,43,0,360,22,0,22,382
08/19/2001,OGG,HI,AWP,WE,Towers with Radar,172,8,3,0,183,3,206,36,0,245,175,214,39,0,428,8,0,8,436
08/20/2001,OGG,HI,AWP,WE,Towers with Radar,160,7,3,4,174,2,172,94,0,268,162,179,97,4,442,20,2,22,464
08/21/2001,OGG,HI,AWP,WE,Towers with Radar,182,8,4,8,202,0,278,92,2,372,182,286,96,10,574,44,6,50,624
08/22/2001,OGG,HI,AWP,WE,Towers with Radar,166,8,3,8,185,0,190,110,12,312,166,198,113,20,497,34,0,34,531
08/23/2001,OGG,HI,AWP,WE,Towers with Radar,156,7,3,7,173,0,221,89,10,320,156,228,92,17,493,30,8,38,531
08/24/2001,OGG,HI,AWP,WE,Towers with Radar,167,7,3,4,181,3,184,62,0,249,170,191,65,4,430,25,0,25,455
08/25/2001,OGG,HI,AWP,WE,Towers with Radar,179,7,3,0,189,9,127,53,0,189,188,134,56,0,378,24,0,24,402
08/26/2001,OGG,HI,AWP,WE,Towers with Radar,155,6,3,6,170,9,94,32,0,135,164,100,35,6,305,14,0,14,319
08/27/2001,OGG,HI,AWP,WE,Towers with Radar,170,8,4,8,190,0,198,84,25,307,170,206,88,33,497,26,0,26,523
08/28/2001,OGG,HI,AWP,WE,Towers with Radar,184,7,4,8,203,0,260,47,5,312,184,267,51,13,515,40,0,40,555
08/29/2001,OGG,HI,AWP,WE,Towers with Radar,159,7,3,9,178,0,242,46,17,305,159,249,49,26,483,18,7,25,508
08/30/2001,OGG,HI,AWP,WE,Towers with Radar,169,7,3,5,184,0,272,75,0,347,169,279,78,5,531,26,1,27,558
08/31/2001,OGG,HI,AWP,WE,Towers with Radar,163,8,3,6,180,2,127,50,1,180,165,135,53,7,360,14,0,14,374
09/01/2001,OGG,HI,AWP,WE,Towers with Radar,169,9,5,0,183,11,107,39,0,157,180,116,44,0,340,18,0,18,358
09/02/2001,OGG,HI,AWP,WE,Towers with Radar,163,9,5,0,177,13,106,51,0,170,176,115,56,0,347,0,0,0,347
09/03/2001,OGG,HI,AWP,WE,Towers with Radar,157,8,4,2,171,6,137,46,0,189,163,145,50,2,360,12,0,12,372
09/04/2001,OGG,HI,AWP,WE,Towers with Radar,165,8,5,7,185,6,244,56,3,309,171,252,61,10,494,26,0,26,520
09/05/2001,OGG,HI,AWP,WE,Towers with Radar,149,8,4,7,168,0,230,42,4,276,149,238,46,11,444,22,7,29,473
09/06/2001,OGG,HI,AWP,WE,Towers with Radar,181,10,5,8,204,0,161,92,12,265,181,171,97,20,469,65,7,72,541
09/07/2001,OGG,HI,AWP,WE,Towers with Radar,184,10,6,8,208,0,170,49,26,245,184,180,55,34,453,49,6,55,508
09/08/2001,OGG,HI,AWP,WE,Towers with Radar,176,10,5,7,198,5,153,45,2,205,181,163,50,9,403,54,0,54,457
09/09/2001,OGG,HI,AWP,WE,Towers with Radar,163,9,5,3,180,3,121,61,0,185,166,130,66,3,365,48,0,48,413
09/10/2001,OGG,HI,AWP,WE,Towers with Radar,165,8,5,7,185,2,171,63,1,237,167,179,68,8,422,49,6,55,477
09/11/2001,OGG,HI,AWP,WE,Towers with Radar,3,0,0,0,3,0,2,0,0,2,3,2,0,0,5,0,0,0,5
09/12/2001,OGG,HI,AWP,WE,Towers with Radar,0,0,0,0,0,0,6,0,0,6,0,6,0,0,6,0,0,0,6
09/13/2001,OGG,HI,AWP,WE,Towers with Radar,62,4,0,0,66,0,112,0,0,112,62,116,0,0,178,14,0,14,192
09/14/2001,OGG,HI,AWP,WE,Towers with Radar,144,8,2,3,157,5,173,0,0,178,149,181,2,3,335,10,0,10,345
09/15/2001,OGG,HI,AWP,WE,Towers with Radar,177,10,4,7,198,7,90,0,0,97,184,100,4,7,295,0,0,0,295
09/16/2001,OGG,HI,AWP,WE,Towers with Radar,173,9,4,6,192,0,78,0,0,78,173,87,4,6,270,2,0,2,272
09/17/2001,OGG,HI,AWP,WE,Towers with Radar,160,9,4,5,178,1,183,0,0,184,161,192,4,5,362,10,0,10,372
09/18/2001,OGG,HI,AWP,WE,Towers with Radar,154,9,4,7,174,0,154,7,18,179,154,163,11,25,353,22,2,24,377
09/19/2001,OGG,HI,AWP,WE,Towers with Radar,124,7,3,6,140,0,176,7,18,201,124,183,10,24,341,22,2,24,365
09/20/2001,OGG,HI,AWP,WE,Towers with Radar,151,8,4,7,170,0,168,26,9,203,151,176,30,16,373,6,0,6,379
09/21/2001,OGG,HI,AWP,WE,Towers with Radar,154,8,4,7,173,0,156,10,17,183,154,164,14,24,356,10,3,13,369
09/22/2001,OGG,HI,AWP,WE,Towers with Radar,145,7,3,2,157,7,93,22,0,122,152,100,25,2,279,6,0,6,285
09/23/2001,OGG,HI,AWP,WE,Towers with Radar,161,8,4,0,173,9,101,7,0,117,170,109,11,0,290,10,0,10,300
09/24/2001,OGG,HI,AWP,WE,Towers with Radar,143,7,3,6,159,0,196,39,0,235,143,203,42,6,394,44,0,44,438
09/25/2001,OGG,HI,AWP,WE,Towers with Radar,129,7,3,6,145,0,217,54,1,272,129,224,57,7,417,43,1,44,461
09/26/2001,OGG,HI,AWP,WE,Towers with Radar,121,7,3,6,137,0,201,65,12,278,121,208,68,18,415,8,0,8,423
09/27/2001,OGG,HI,AWP,WE,Towers with Radar,127,7,3,5,142,0,181,90,3,274,127,188,93,8,416,23,2,25,441
09/28/2001,OGG,HI,AWP,WE,Towers with Radar,128,7,3,4,142,9,158,54,0,221,137,165,57,4,363,6,0,6,369
09/29/2001,OGG,HI,AWP,WE,Towers with Radar,142,7,3,2,154,8,112,30,0,150,150,119,33,2,304,44,0,44,348
09/30/2001,OGG,HI,AWP,WE,Towers with Radar,150,8,3,2,163,11,97,17,0,125,161,105,20,2,288,52,0,52,340
10/01/2001,OGG,HI,AWP,WE,Towers with Radar,133,24,7,6,170,0,101,22,2,125,133,125,29,8,295,11,0,11,306
10/02/2001,OGG,HI,AWP,WE,Towers with Radar,120,22,6,5,153,0,268,50,13,331,120,290,56,18,484,52,0,52,536
10/03/2001,OGG,HI,AWP,WE,Towers with Radar,113,19,5,1,138,9,239,62,0,310,122,258,67,1,448,46,0,46,494
10/04/2001,OGG,HI,AWP,WE,Towers with Radar,116,19,5,0,140,3,230,50,0,283,119,249,55,0,423,28,0,28,451
10/05/2001,OGG,HI,AWP,WE,Towers with Radar,137,23,6,0,166,8,196,32,0,236,145,219,38,0,402,34,2,36,438
10/06/2001,OGG,HI,AWP,WE,Towers with Radar,124,20,6,2,152,9,134,24,0,167,133,154,30,2,319,10,2,12,331
10/07/2001,OGG,HI,AWP,WE,Towers with Radar,123,20,6,0,149,0,83,1,0,84,123,103,7,0,233,2,0,2,235
10/08/2001,OGG,HI,AWP,WE,Towers with Radar,119,20,5,2,146,8,159,25,0,192,127,179,30,2,338,26,0,26,364
10/09/2001,OGG,HI,AWP,WE,Towers with Radar,102,16,5,4,127,5,209,34,4,252,107,225,39,8,379,43,0,43,422
10/10/2001,OGG,HI,AWP,WE,Towers with Radar,130,21,6,5,162,1,217,66,1,285,131,238,72,6,447,32,6,38,485
10/11/2001,OGG,HI,AWP,WE,Towers with Radar,136,24,7,6,173,0,193,40,18,251,136,217,47,24,424,28,6,34,458
10/12/2001,OGG,HI,AWP,WE,Towers with Radar,128,21,6,2,157,9,220,42,0,271,137,241,48,2,428,0,0,0,428
10/13/2001,OGG,HI,AWP,WE,Towers with Radar,126,20,6,2,154,5,126,30,0,161,131,146,36,2,315,28,0,28,343
10/14/2001,OGG,HI,AWP,WE,Towers with Radar,116,19,5,2,142,11,133,37,0,181,127,152,42,2,323,4,0,4,327
10/15/2001,OGG,HI,AWP,WE,Towers with Radar,124,20,6,0,150,1,222,38,0,261,125,242,44,0,411,16,0,16,427
10/16/2001,OGG,HI,AWP,WE,Towers with Radar,119,20,4,0,143,4,211,24,0,239,123,231,28,0,382,18,0,18,400
10/17/2001,OGG,HI,AWP,WE,Towers with Radar,118,22,5,7,152,0,212,39,11,262,118,234,44,18,414,28,0,28,442
10/18/2001,OGG,HI,AWP,WE,Towers with Radar,130,20,5,6,161,0,240,40,1,281,130,260,45,7,442,8,0,8,450
10/19/2001,OGG,HI,AWP,WE,Towers with Radar,132,21,5,6,164,0,185,53,8,246,132,206,58,14,410,13,0,13,423
10/20/2001,OGG,HI,AWP,WE,Towers with Radar,139,22,5,6,172,3,105,33,0,141,142,127,38,6,313,12,0,12,325
10/21/2001,OGG,HI,AWP,WE,Towers with Radar,125,19,5,0,149,8,132,36,0,176,133,151,41,0,325,8,0,8,333
10/22/2001,OGG,HI,AWP,WE,Towers with Radar,128,21,5,6,160,0,241,50,4,295,128,262,55,10,455,24,6,30,485
10/23/2001,OGG,HI,AWP,WE,Towers with Radar,108,17,4,4,133,2,208,43,0,253,110,225,47,4,386,26,2,28,414
10/24/2001,OGG,HI,AWP,WE,Towers with Radar,117,18,4,1,140,10,207,44,0,261,127,225,48,1,401,46,12,58,459
10/25/2001,OGG,HI,AWP,WE,Towers with Radar,111,18,4,2,135,3,198,30,0,231,114,216,34,2,366,24,6,30,396
10/26/2001,OGG,HI,AWP,WE,Towers with Radar,125,20,5,5,155,1,199,32,3,235,126,219,37,8,390,14,0,14,404
10/27/2001,OGG,HI,AWP,WE,Towers with Radar,133,22,5,0,160,2,91,17,0,110,135,113,22,0,270,0,0,0,270
10/28/2001,OGG,HI,AWP,WE,Towers with Radar,119,20,4,0,143,0,48,10,0,58,119,68,14,0,201,20,0,20,221
10/29/2001,OGG,HI,AWP,WE,Towers with Radar,137,24,5,6,172,0,224,51,0,275,137,248,56,6,447,12,8,20,467
10/30/2001,OGG,HI,AWP,WE,Towers with Radar,133,24,6,6,169,0,212,42,22,276,133,236,48,28,445,18,10,28,473
10/31/2001,OGG,HI,AWP,WE,Towers with Radar,113,19,4,2,138,3,206,37,0,246,116,225,41,2,384,16,6,22,406
11/01/2001,OGG,HI,AWP,WE,Towers with Radar,129,23,9,3,164,0,187,47,10,244,129,210,56,13,408,32,2,34,442
11/02/2001,OGG,HI,AWP,WE,Towers with Radar,131,24,9,0,164,0,162,58,0,220,131,186,67,0,384,22,6,28,412
11/03/2001,OGG,HI,AWP,WE,Towers with Radar,119,20,8,0,147,11,126,28,0,165,130,146,36,0,312,36,0,36,348
11/04/2001,OGG,HI,AWP,WE,Towers with Radar,131,22,9,3,165,6,100,16,3,125,137,122,25,6,290,17,0,17,307
11/05/2001,OGG,HI,AWP,WE,Towers with Radar,142,25,10,4,181,0,170,33,21,224,142,195,43,25,405,24,0,24,429
11/06/2001,OGG,HI,AWP,WE,Towers with Radar,122,20,7,1,150,4,229,46,0,279,126,249,53,1,429,59,0,59,488
11/07/2001,OGG,HI,AWP,WE,Towers with Radar,127,22,7,4,160,3,177,27,0,207,130,199,34,4,367,54,0,54,421
11/08/2001,OGG,HI,AWP,WE,Towers with Radar,132,24,9,4,169,0,95,9,0,104,132,119,18,4,273,28,0,28,301
11/09/2001,OGG,HI,AWP,WE,Towers with Radar,135,24,8,4,171,0,170,41,18,229,135,194,49,22,400,56,32,88,488
11/10/2001,OGG,HI,AWP,WE,Towers with Radar,128,22,7,0,157,2,144,29,0,175,130,166,36,0,332,24,0,24,356
11/11/2001,OGG,HI,AWP,WE,Towers with Radar,130,22,8,0,160,9,133,25,0,167,139,155,33,0,327,4,0,4,331
11/12/2001,OGG,HI,AWP,WE,Towers with Radar,126,21,7,0,154,11,148,41,0,200,137,169,48,0,354,12,0,12,366
11/13/2001,OGG,HI,AWP,WE,Towers with Radar,119,20,7,4,150,0,214,46,1,261,119,234,53,5,411,40,0,40,451
11/14/2001,OGG,HI,AWP,WE,Towers with Radar,121,19,7,4,151,0,208,47,6,261,121,227,54,10,412,32,0,32,444
11/15/2001,OGG,HI,AWP,WE,Towers with Radar,127,20,7,3,157,2,162,39,0,203,129,182,46,3,360,40,0,40,400
11/16/2001,OGG,HI,AWP,WE,Towers with Radar,136,22,8,2,168,0,184,59,0,243,136,206,67,2,411,28,0,28,439
11/17/2001,OGG,HI,AWP,WE,Towers with Radar,136,22,8,0,166,9,118,36,0,163,145,140,44,0,329,12,0,12,341
11/18/2001,OGG,HI,AWP,WE,Towers with Radar,133,21,8,0,162,3,128,29,0,160,136,149,37,0,322,14,0,14,336
11/19/2001,OGG,HI,AWP,WE,Towers with Radar,136,22,8,3,169,1,268,54,0,323,137,290,62,3,492,28,7,35,527
11/20/2001,OGG,HI,AWP,WE,Towers with Radar,144,23,9,1,177,2,211,58,0,271,146,234,67,1,448,30,0,30,478
11/21/2001,OGG,HI,AWP,WE,Towers with Radar,125,21,8,4,158,0,228,76,25,329,125,249,84,29,487,20,0,20,507
11/22/2001,OGG,HI,AWP,WE,Towers with Radar,119,19,7,0,145,1,125,17,0,143,120,144,24,0,288,4,0,4,292
11/23/2001,OGG,HI,AWP,WE,Towers with Radar,131,21,8,0,160,0,149,36,0,185,131,170,44,0,345,64,0,64,409
11/24/2001,OGG,HI,AWP,WE,Towers with Radar,128,23,7,3,161,0,133,55,0,188,128,156,62,3,349,65,0,65,414
11/25/2001,OGG,HI,AWP,WE,Towers with Radar,137,23,8,0,168,2,127,40,0,169,139,150,48,0,337,24,0,24,361
11/26/2001,OGG,HI,AWP,WE,Towers with Radar,130,22,8,3,163,0,146,41,4,191,130,168,49,7,354,62,2,64,418
11/27/2001,OGG,HI,AWP,WE,Towers with Radar,130,23,3,3,159,0,13,0,11,24,130,36,3,14,183,0,6,6,189
11/28/2001,OGG,HI,AWP,WE,Towers with Radar,116,20,6,1,143,0,152,27,0,179,116,172,33,1,322,14,0,14,336
11/29/2001,OGG,HI,AWP,WE,Towers with Radar,131,22,7,3,163,1,172,43,3,219,132,194,50,6,382,23,0,23,405
11/30/2001,OGG,HI,AWP,WE,Towers with Radar,120,20,7,1,148,5,174,36,0,215,125,194,43,1,363,16,0,16,379
12/01/2001,OGG,HI,AWP,WE,Towers with Radar,145,26,10,2,183,6,95,33,0,134,151,121,43,2,317,52,0,52,369
12/02/2001,OGG,HI,AWP,WE,Towers with Radar,141,25,10,3,179,10,83,23,1,117,151,108,33,4,296,4,0,4,300
12/03/2001,OGG,HI,AWP,WE,Towers with Radar,135,24,9,2,170,10,163,38,0,211,145,187,47,2,381,52,0,52,433
12/04/2001,OGG,HI,AWP,WE,Towers with Radar,129,23,9,2,163,10,138,28,0,176,139,161,37,2,339,52,0,52,391
12/05/2001,OGG,HI,AWP,WE,Towers with Radar,134,24,9,1,168,10,147,32,0,189,144,171,41,1,357,113,0,113,470
12/06/2001,OGG,HI,AWP,WE,Towers with Radar,113,21,8,2,144,11,201,29,0,241,124,222,37,2,385,16,0,16,401
12/07/2001,OGG,HI,AWP,WE,Towers with Radar,126,23,9,1,159,0,152,26,0,178,126,175,35,1,337,11,0,11,348
12/08/2001,OGG,HI,AWP,WE,Towers with Radar,129,23,9,0,161,8,90,14,0,112,137,113,23,0,273,4,0,4,277
12/09/2001,OGG,HI,AWP,WE,Towers with Radar,128,22,9,0,159,0,90,23,0,113,128,112,32,0,272,2,0,2,274
12/10/2001,OGG,HI,AWP,WE,Towers with Radar,129,23,9,3,164,0,153,11,7,171,129,176,20,10,335,74,0,74,409
12/11/2001,OGG,HI,AWP,WE,Towers with Radar,135,24,8,4,171,0,129,12,6,147,135,153,20,10,318,53,0,53,371
12/12/2001,OGG,HI,AWP,WE,Towers with Radar,134,25,8,4,171,0,165,29,8,202,134,190,37,12,373,33,4,37,410
12/13/2001,OGG,HI,AWP,WE,Towers with Radar,124,22,7,0,153,1,62,9,0,72,125,84,16,0,225,8,0,8,233
12/14/2001,OGG,HI,AWP,WE,Towers with Radar,147,27,9,0,183,0,69,4,0,73,147,96,13,0,256,4,2,6,262
12/15/2001,OGG,HI,AWP,WE,Towers with Radar,144,25,9,0,178,3,125,13,0,141,147,150,22,0,319,55,0,55,374
12/16/2001,OGG,HI,AWP,WE,Towers with Radar,131,23,8,0,162,8,91,24,0,123,139,114,32,0,285,2,0,2,287
12/17/2001,OGG,HI,AWP,WE,Towers with Radar,135,24,8,4,171,5,166,47,0,218,140,190,55,4,389,54,0,54,443
12/18/2001,OGG,HI,AWP,WE,Towers with Radar,128,21,8,4,161,0,181,30,1,212,128,202,38,5,373,14,20,34,407
12/19/2001,OGG,HI,AWP,WE,Towers with Radar,124,22,8,0,154,0,192,36,0,228,124,214,44,0,382,30,0,30,412
12/20/2001,OGG,HI,AWP,WE,Towers with Radar,136,25,9,4,174,0,174,29,14,217,136,199,38,18,391,24,14,38,429
12/21/2001,OGG,HI,AWP,WE,Towers with Radar,144,25,9,4,182,0,178,61,2,241,144,203,70,6,423,14,8,22,445
12/22/2001,OGG,HI,AWP,WE,Towers with Radar,145,24,9,1,179,5,145,42,0,192,150,169,51,1,371,40,0,40,411
12/23/2001,OGG,HI,AWP,WE,Towers with Radar,155,27,10,1,193,0,113,25,0,138,155,140,35,1,331,4,0,4,335
12/24/2001,OGG,HI,AWP,WE,Towers with Radar,128,22,8,0,158,0,145,37,0,182,128,167,45,0,340,46,0,46,386
12/25/2001,OGG,HI,AWP,WE,Towers with Radar,110,20,6,0,136,6,78,4,0,88,116,98,10,0,224,0,0,0,224
12/26/2001,OGG,HI,AWP,WE,Towers with Radar,139,32,11,4,186,0,205,24,22,251,139,237,35,26,437,6,2,8,445
12/27/2001,OGG,HI,AWP,WE,Towers with Radar,145,27,9,0,181,0,234,71,0,305,145,261,80,0,486,28,0,28,514
12/28/2001,OGG,HI,AWP,WE,Towers with Radar,139,26,9,3,177,0,263,62,3,328,139,289,71,6,505,22,0,22,527
12/29/2001,OGG,HI,AWP,WE,Towers with Radar,147,26,9,0,182,3,55,12,0,70,150,81,21,0,252,4,0,4,256
12/30/2001,OGG,HI,AWP,WE,Towers with Radar,121,23,8,3,155,0,261,52,3,316,121,284,60,6,471,10,0,10,481
12/31/2001,OGG,HI,AWP,WE,Towers with Radar,120,22,7,0,149,7,203,34,0,244,127,225,41,0,393,12,0,12,405
01/01/2002,OGG,HI,AWP,WE,Towers with Radar,104,14,8,0,126,0,141,38,0,179,104,155,46,0,305,2,0,2,307
01/02/2002,OGG,HI,AWP,WE,Towers with Radar,123,20,10,9,162,0,214,105,4,323,123,234,115,13,485,0,0,0,485
01/03/2002,OGG,HI,AWP,WE,Towers with Radar,133,19,10,8,170,1,220,97,6,324,134,239,107,14,494,48,0,48,542
01/04/2002,OGG,HI,AWP,WE,Towers with Radar,144,21,10,4,179,1,239,54,0,294,145,260,64,4,473,45,0,45,518
01/05/2002,OGG,HI,AWP,WE,Towers with Radar,149,21,11,2,183,0,132,39,0,171,149,153,50,2,354,8,0,8,362
01/06/2002,OGG,HI,AWP,WE,Towers with Radar,150,23,11,6,190,0,134,33,0,167,150,157,44,6,357,20,0,20,377
01/07/2002,OGG,HI,AWP,WE,Towers with Radar,144,22,12,10,188,0,183,55,4,242,144,205,67,14,430,52,0,52,482
01/08/2002,OGG,HI,AWP,WE,Towers with Radar,117,17,9,7,150,4,197,22,4,227,121,214,31,11,377,18,6,24,401
01/09/2002,OGG,HI,AWP,WE,Towers with Radar,128,19,9,7,163,0,197,49,0,246,128,216,58,7,409,32,18,50,459
01/10/2002,OGG,HI,AWP,WE,Towers with Radar,122,18,9,9,158,0,190,36,13,239,122,208,45,22,397,42,16,58,455
01/11/2002,OGG,HI,AWP,WE,Towers with Radar,134,18,9,2,163,6,201,47,0,254,140,219,56,2,417,6,0,6,423
01/12/2002,OGG,HI,AWP,WE,Towers with Radar,129,19,8,2,158,8,131,34,0,173,137,150,42,2,331,28,0,28,359
01/13/2002,OGG,HI,AWP,WE,Towers with Radar,128,18,9,2,157,9,121,29,0,159,137,139,38,2,316,22,0,22,338
01/14/2002,OGG,HI,AWP,WE,Towers with Radar,119,16,8,2,145,10,189,25,0,224,129,205,33,2,369,26,0,26,395
01/15/2002,OGG,HI,AWP,WE,Towers with Radar,127,18,9,9,163,4,202,22,3,231,131,220,31,12,394,24,0,24,418
01/16/2002,OGG,HI,AWP,WE,Towers with Radar,140,20,9,10,179,0,215,39,12,266,140,235,48,22,445,26,0,26,471
01/17/2002,OGG,HI,AWP,WE,Towers with Radar,127,18,9,8,162,11,167,52,0,230,138,185,61,8,392,20,0,20,412
01/18/2002,OGG,HI,AWP,WE,Towers with Radar,129,17,9,6,161,1,143,9,0,153,130,160,18,6,314,16,0,16,330
01/19/2002,OGG,HI,AWP,WE,Towers with Radar,131,17,9,8,165,7,115,10,0,132,138,132,19,8,297,2,0,2,299
01/20/2002,OGG,HI,AWP,WE,Towers with Radar,114,15,8,0,137,11,67,8,0,86,125,82,16,0,223,10,0,10,233
01/21/2002,OGG,HI,AWP,WE,Towers with Radar,115,15,8,0,138,7,150,38,0,195,122,165,46,0,333,8,0,8,341
01/22/2002,OGG,HI,AWP,WE,Towers with Radar,113,15,8,2,138,10,208,41,0,259,123,223,49,2,397,26,2,28,425
01/23/2002,OGG,HI,AWP,WE,Towers with Radar,121,19,9,10,159,0,200,37,28,265,121,219,46,38,424,26,2,28,452
01/24/2002,OGG,HI,AWP,WE,Towers with Radar,113,15,7,2,137,4,163,34,0,201,117,178,41,2,338,34,0,34,372
01/25/2002,OGG,HI,AWP,WE,Towers with Radar,133,19,9,6,167,0,168,39,0,207,133,187,48,6,374,4,0,4,378
01/26/2002,OGG,HI,AWP,WE,Towers with Radar,127,18,9,4,158,7,76,21,0,104,134,94,30,4,262,32,0,32,294
01/27/2002,OGG,HI,AWP,WE,Towers with Radar,122,17,8,1,148,7,88,38,0,133,129,105,46,1,281,46,0,46,327
01/28/2002,OGG,HI,AWP,WE,Towers with Radar,115,17,8,8,148,0,164,39,10,213,115,181,47,18,361,30,2,32,393
01/29/2002,OGG,HI,AWP,WE,Towers with Radar,119,19,6,8,152,0,19,0,3,22,119,38,6,11,174,0,13,13,187
01/30/2002,OGG,HI,AWP,WE,Towers with Radar,123,19,9,8,159,0,155,22,30,207,123,174,31,38,366,26,0,26,392
01/31/2002,OGG,HI,AWP,WE,Towers with Radar,129,18,9,8,164,0,172,28,10,210,129,190,37,18,374,70,0,70,444
02/01/2002,OGG,HI,AWP,WE,Towers with Radar,159,22,9,2,192,0,237,69,0,306,159,259,78,2,498,32,0,32,530
02/02/2002,OGG,HI,AWP,WE,Towers with Radar,131,18,7,0,156,10,142,45,0,197,141,160,52,0,353,24,0,24,377
02/03/2002,OGG,HI,AWP,WE,Towers with Radar,132,18,7,0,157,11,159,39,0,209,143,177,46,0,366,2,0,2,368
02/04/2002,OGG,HI,AWP,WE,Towers with Radar,127,18,7,0,152,2,194,54,0,250,129,212,61,0,402,6,0,6,408
02/05/2002,OGG,HI,AWP,WE,Towers with Radar,130,18,8,5,161,0,197,37,10,244,130,215,45,15,405,32,27,59,464
02/06/2002,OGG,HI,AWP,WE,Towers with Radar,128,18,7,4,157,2,211,44,6,263,130,229,51,10,420,16,0,16,436
02/07/2002,OGG,HI,AWP,WE,Towers with Radar,129,18,7,0,154,0,215,47,0,262,129,233,54,0,416,47,0,47,463
02/08/2002,OGG,HI,AWP,WE,Towers with Radar,143,21,8,5,177,0,134,34,0,168,143,155,42,5,345,34,0,34,379
02/09/2002,OGG,HI,AWP,WE,Towers with Radar,140,19,8,4,171,4,135,36,0,175,144,154,44,4,346,34,0,34,380
02/10/2002,OGG,HI,AWP,WE,Towers with Radar,129,18,7,2,156,6,109,26,0,141,135,127,33,2,297,8,0,8,305
02/11/2002,OGG,HI,AWP,WE,Towers with Radar,119,17,7,2,145,1,139,45,0,185,120,156,52,2,330,28,0,28,358
02/12/2002,OGG,HI,AWP,WE,Towers with Radar,128,18,8,3,157,0,169,27,0,196,128,187,35,3,353,26,12,38,391
02/13/2002,OGG,HI,AWP,WE,Towers with Radar,134,20,9,6,169,0,145,25,8,178,134,165,34,14,347,10,29,39,386
02/14/2002,OGG,HI,AWP,WE,Towers with Radar,134,19,7,5,165,0,240,48,13,301,134,259,55,18,466,25,12,37,503
02/15/2002,OGG,HI,AWP,WE,Towers with Radar,144,20,8,2,174,1,196,40,0,237,145,216,48,2,411,10,2,12,423
02/16/2002,OGG,HI,AWP,WE,Towers with Radar,150,21,8,1,180,4,182,56,0,242,154,203,64,1,422,15,0,15,437
02/17/2002,OGG,HI,AWP,WE,Towers with Radar,127,17,6,2,152,5,165,34,0,204,132,182,40,2,356,20,0,20,376
02/18/2002,OGG,HI,AWP,WE,Towers with Radar,129,17,6,1,153,5,195,65,0,265,134,212,71,1,418,0,0,0,418
02/19/2002,OGG,HI,AWP,WE,Towers with Radar,115,15,5,1,136,7,230,39,0,276,122,245,44,1,412,12,0,12,424
02/20/2002,OGG,HI,AWP,WE,Towers with Radar,112,15,5,5,137,0,187,31,5,223,112,202,36,10,360,22,54,76,436
02/21/2002,OGG,HI,AWP,WE,Towers with Radar,124,16,6,3,149,9,253,42,0,304,133,269,48,3,453,37,0,37,490
02/22/2002,OGG,HI,AWP,WE,Towers with Radar,155,21,8,7,191,0,275,49,1,325,155,296,57,8,516,8,0,8,524
02/23/2002,OGG,HI,AWP,WE,Towers with Radar,134,18,6,0,158,2,197,41,0,240,136,215,47,0,398,28,0,28,426
02/24/2002,OGG,HI,AWP,WE,Towers with Radar,128,17,6,0,151,5,123,14,0,142,133,140,20,0,293,10,0,10,303
02/25/2002,OGG,HI,AWP,WE,Towers with Radar,123,16,6,0,145,0,186,37,0,223,123,202,43,0,368,34,0,34,402
02/26/2002,OGG,HI,AWP,WE,Towers with Radar,132,17,6,2,157,8,174,12,0,194,140,191,18,2,351,34,8,42,393
02/27/2002,OGG,HI,AWP,WE,Towers with Radar,124,17,6,6,153,0,220,55,16,291,124,237,61,22,444,48,0,48,492
02/28/2002,OGG,HI,AWP,WE,Towers with Radar,132,20,8,7,167,0,267,35,26,328,132,287,43,33,495,24,0,24,519
03/01/2002,OGG,HI,AWP,WE,Towers with Radar,125,18,6,4,153,9,225,41,0,275,134,243,47,4,428,23,0,23,451
03/02/2002,OGG,HI,AWP,WE,Towers with Radar,132,18,6,3,159,7,175,50,0,232,139,193,56,3,391,30,0,30,421
03/03/2002,OGG,HI,AWP,WE,Towers with Radar,120,17,5,2,144,10,150,12,0,172,130,167,17,2,316,0,0,0,316
03/04/2002,OGG,HI,AWP,WE,Towers with Radar,113,16,5,4,138,7,214,47,0,268,120,230,52,4,406,48,0,48,454
03/05/2002,OGG,HI,AWP,WE,Towers with Radar,120,17,5,2,144,10,209,25,0,244,130,226,30,2,388,20,14,34,422
03/06/2002,OGG,HI,AWP,WE,Towers with Radar,129,18,6,7,160,1,253,25,5,284,130,271,31,12,444,32,0,32,476
03/07/2002,OGG,HI,AWP,WE,Towers with Radar,119,19,6,8,152,0,209,45,24,278,119,228,51,32,430,41,31,72,502
03/08/2002,OGG,HI,AWP,WE,Towers with Radar,153,22,7,9,191,0,227,44,7,278,153,249,51,16,469,28,0,28,497
03/09/2002,OGG,HI,AWP,WE,Towers with Radar,140,20,6,0,166,11,126,28,0,165,151,146,34,0,331,38,0,38,369
03/10/2002,OGG,HI,AWP,WE,Towers with Radar,121,17,5,0,143,10,188,37,0,235,131,205,42,0,378,28,0,28,406
03/11/2002,OGG,HI,AWP,WE,Towers with Radar,125,17,6,7,155,3,241,49,0,293,128,258,55,7,448,53,1,54,502
03/12/2002,OGG,HI,AWP,WE,Towers with Radar,134,19,6,8,167,0,271,26,16,313,134,290,32,24,480,68,20,88,568
03/13/2002,OGG,HI,AWP,WE,Towers with Radar,129,18,6,8,161,1,258,59,4,322,130,276,65,12,483,72,6,78,561
03/14/2002,OGG,HI,AWP,WE,Towers with Radar,122,17,6,0,145,13,245,57,0,315,135,262,63,0,460,44,0,44,504
03/15/2002,OGG,HI,AWP,WE,Towers with Radar,146,21,7,7,181,8,254,31,0,293,154,275,38,7,474,68,2,70,544
03/16/2002,OGG,HI,AWP,WE,Towers with Radar,140,19,5,0,164,8,153,43,0,204,148,172,48,0,368,59,0,59,427
03/17/2002,OGG,HI,AWP,WE,Towers with Radar,131,19,5,1,156,0,26,11,0,37,131,45,16,1,193,10,0,10,203
03/18/2002,OGG,HI,AWP,WE,Towers with Radar,133,23,6,11,173,0,204,25,49,278,133,227,31,60,451,56,6,62,513
03/19/2002,OGG,HI,AWP,WE,Towers with Radar,129,17,5,8,159,5,242,28,7,282,134,259,33,15,441,30,2,32,473
03/20/2002,OGG,HI,AWP,WE,Towers with Radar,130,17,5,8,160,6,242,34,0,282,136,259,39,8,442,31,4,35,477
03/21/2002,OGG,HI,AWP,WE,Towers with Radar,154,21,6,10,191,0,270,29,10,309,154,291,35,20,500,35,0,35,535
03/22/2002,OGG,HI,AWP,WE,Towers with Radar,147,20,6,0,173,4,244,55,0,303,151,264,61,0,476,36,0,36,512
03/23/2002,OGG,HI,AWP,WE,Towers with Radar,166,23,6,10,205,0,185,36,0,221,166,208,42,10,426,40,2,42,468
03/24/2002,OGG,HI,AWP,WE,Towers with Radar,138,19,5,9,171,0,143,33,1,177,138,162,38,10,348,26,0,26,374
03/25/2002,OGG,HI,AWP,WE,Towers with Radar,121,18,5,4,148,0,239,34,0,273,121,257,39,4,421,60,0,60,481
03/26/2002,OGG,HI,AWP,WE,Towers with Radar,126,17,5,8,156,0,216,43,10,269,126,233,48,18,425,32,0,32,457
03/27/2002,OGG,HI,AWP,WE,Towers with Radar,132,18,5,1,156,5,262,50,0,317,137,280,55,1,473,75,0,75,548
03/28/2002,OGG,HI,AWP,WE,Towers with Radar,143,22,6,9,180,0,294,58,26,378,143,316,64,35,558,36,0,36,594
03/29/2002,OGG,HI,AWP,WE,Towers with Radar,162,23,6,9,200,0,208,43,0,251,162,231,49,9,451,30,2,32,483
03/30/2002,OGG,HI,AWP,WE,Towers with Radar,165,26,7,0,198,0,50,17,0,67,165,76,24,0,265,2,0,2,267
03/31/2002,OGG,HI,AWP,WE,Towers with Radar,138,19,5,0,162,3,136,31,0,170,141,155,36,0,332,2,0,2,334
04/01/2002,OGG,HI,AWP,WE,Towers with Radar,126,13,7,7,153,0,217,28,5,250,126,230,35,12,403,78,0,78,481
04/02/2002,OGG,HI,AWP,WE,Towers with Radar,129,15,8,8,160,0,232,50,25,307,129,247,58,33,467,63,0,63,530
04/03/2002,OGG,HI,AWP,WE,Towers with Radar,128,12,7,7,154,1,255,36,2,294,129,267,43,9,448,64,0,64,512
04/04/2002,OGG,HI,AWP,WE,Towers with Radar,160,16,9,8,193,0,258,53,0,311,160,274,62,8,504,38,0,38,542
04/05/2002,OGG,HI,AWP,WE,Towers with Radar,165,19,10,11,205,0,237,43,21,301,165,256,53,32,506,30,0,30,536
04/06/2002,OGG,HI,AWP,WE,Towers with Radar,171,16,9,4,200,1,169,45,0,215,172,185,54,4,415,38,0,38,453
04/07/2002,OGG,HI,AWP,WE,Towers with Radar,141,15,8,6,170,0,38,10,0,48,141,53,18,6,218,22,0,22,240
04/08/2002,OGG,HI,AWP,WE,Towers with Radar,123,12,6,2,143,10,206,32,0,248,133,218,38,2,391,26,0,26,417
04/09/2002,OGG,HI,AWP,WE,Towers with Radar,139,14,7,8,168,3,274,23,0,300,142,288,30,8,468,32,8,40,508
04/10/2002,OGG,HI,AWP,WE,Towers with Radar,128,13,7,7,155,1,249,35,4,289,129,262,42,11,444,19,6,25,469
04/11/2002,OGG,HI,AWP,WE,Towers with Radar,158,16,8,10,192,0,259,47,0,306,158,275,55,10,498,30,0,30,528
04/12/2002,OGG,HI,AWP,WE,Towers with Radar,152,15,8,6,181,9,223,50,0,282,161,238,58,6,463,6,0,6,469
04/13/2002,OGG,HI,AWP,WE,Towers with Radar,147,14,8,2,171,14,134,36,0,184,161,148,44,2,355,10,0,10,365
04/14/2002,OGG,HI,AWP,WE,Towers with Radar,142,14,7,3,166,10,146,27,0,183,152,160,34,3,349,12,0,12,361
04/15/2002,OGG,HI,AWP,WE,Towers with Radar,138,13,6,4,161,11,186,31,0,228,149,199,37,4,389,34,0,34,423
04/16/2002,OGG,HI,AWP,WE,Towers with Radar,143,15,7,10,175,0,239,39,14,292,143,254,46,24,467,36,30,66,533
04/17/2002,OGG,HI,AWP,WE,Towers with Radar,136,13,6,6,161,0,192,39,0,231,136,205,45,6,392,35,10,45,437
04/18/2002,OGG,HI,AWP,WE,Towers with Radar,147,14,7,7,175,2,234,31,0,267,149,248,38,7,442,22,4,26,468
04/19/2002,OGG,HI,AWP,WE,Towers with Radar,145,17,8,0,170,0,182,36,0,218,145,199,44,0,388,8,0,8,396
04/20/2002,OGG,HI,AWP,WE,Towers with Radar,135,12,6,9,162,36,275,47,20,378,171,287,53,29,540,59,0,59,599
04/21/2002,OGG,HI,AWP,WE,Towers with Radar,139,13,6,4,162,8,164,26,0,198,147,177,32,4,360,0,0,0,360
04/22/2002,OGG,HI,AWP,WE,Towers with Radar,139,13,6,3,161,5,167,11,0,183,144,180,17,3,344,26,0,26,370
04/23/2002,OGG,HI,AWP,WE,Towers with Radar,139,12,6,2,159,8,275,53,0,336,147,287,59,2,495,23,0,23,518
04/24/2002,OGG,HI,AWP,WE,Towers with Radar,146,14,7,8,175,12,197,27,1,237,158,211,34,9,412,24,14,38,450
04/25/2002,OGG,HI,AWP,WE,Towers with Radar,131,13,6,7,157,1,229,31,2,263,132,242,37,9,420,34,0,34,454
04/26/2002,OGG,HI,AWP,WE,Towers with Radar,114,11,5,4,134,6,221,44,0,271,120,232,49,4,405,38,0,38,443
04/27/2002,OGG,HI,AWP,WE,Towers with Radar,129,12,6,1,148,19,172,42,0,233,148,184,48,1,381,10,0,10,391
04/28/2002,OGG,HI,AWP,WE,Towers with Radar,137,13,6,4,160,4,117,33,0,154,141,130,39,4,314,10,0,10,324
04/29/2002,OGG,HI,AWP,WE,Towers with Radar,144,16,8,6,174,0,110,45,0,155,144,126,53,6,329,64,0,64,393
04/30/2002,OGG,HI,AWP,WE,Towers with Radar,131,13,6,8,158,0,206,28,22,256,131,219,34,30,414,72,29,101,515
05/01/2002,OGG,HI,AWP,WE,Towers with Radar,111,9,5,6,131,0,231,38,0,269,111,240,43,6,400,26,0,26,426
05/02/2002,OGG,HI,AWP,WE,Towers with Radar,143,11,5,6,165,10,246,20,0,276,153,257,25,6,441,28,0,28,469
05/03/2002,OGG,HI,AWP,WE,Towers with Radar,147,12,6,9,174,0,205,30,12,247,147,217,36,21,421,8,15,23,444
05/04/2002,OGG,HI,AWP,WE,Towers with Radar,146,11,6,0,163,3,110,5,0,118,149,121,11,0,281,28,0,28,309
05/05/2002,OGG,HI,AWP,WE,Towers with Radar,133,10,5,4,152,2,29,9,0,40,135,39,14,4,192,4,0,4,196
05/06/2002,OGG,HI,AWP,WE,Towers with Radar,138,13,6,9,166,0,145,15,13,173,138,158,21,22,339,22,0,22,361
05/07/2002,OGG,HI,AWP,WE,Towers with Radar,133,11,5,7,156,0,266,33,2,301,133,277,38,9,457,76,0,76,533
05/08/2002,OGG,HI,AWP,WE,Towers with Radar,134,12,5,7,158,0,288,31,10,329,134,300,36,17,487,20,0,20,507
05/09/2002,OGG,HI,AWP,WE,Towers with Radar,141,13,6,9,169,0,236,28,19,283,141,249,34,28,452,26,8,34,486
05/10/2002,OGG,HI,AWP,WE,Towers with Radar,165,15,7,10,197,0,203,36,17,256,165,218,43,27,453,40,28,68,521
05/11/2002,OGG,HI,AWP,WE,Towers with Radar,142,12,5,0,159,7,137,18,0,162,149,149,23,0,321,54,0,54,375
05/12/2002,OGG,HI,AWP,WE,Towers with Radar,136,11,5,8,160,6,125,14,0,145,142,136,19,8,305,2,13,15,320
05/13/2002,OGG,HI,AWP,WE,Towers with Radar,142,12,2,0,156,0,25,0,0,25,142,37,2,0,181,0,0,0,181
05/14/2002,OGG,HI,AWP,WE,Towers with Radar,143,12,6,7,168,0,183,29,8,220,143,195,35,15,388,30,15,45,433
05/15/2002,OGG,HI,AWP,WE,Towers with Radar,125,12,6,7,150,0,265,31,30,326,125,277,37,37,476,34,35,69,545
05/16/2002,OGG,HI,AWP,WE,Towers with Radar,132,12,5,7,156,0,244,43,5,292,132,256,48,12,448,18,0,18,466
05/17/2002,OGG,HI,AWP,WE,Towers with Radar,145,12,6,1,164,12,262,37,0,311,157,274,43,1,475,12,0,12,487
05/18/2002,OGG,HI,AWP,WE,Towers with Radar,133,11,5,0,149,10,143,36,0,189,143,154,41,0,338,60,0,60,398
05/19/2002,OGG,HI,AWP,WE,Towers with Radar,125,10,5,0,140,16,181,9,0,206,141,191,14,0,346,12,0,12,358
05/20/2002,OGG,HI,AWP,WE,Towers with Radar,124,9,4,1,138,10,224,34,0,268,134,233,38,1,406,18,0,18,424
05/21/2002,OGG,HI,AWP,WE,Towers with Radar,139,10,4,9,162,2,217,21,1,241,141,227,25,10,403,28,2,30,433
05/22/2002,OGG,HI,AWP,WE,Towers with Radar,133,10,4,2,149,9,244,28,0,281,142,254,32,2,430,59,0,59,489
05/23/2002,OGG,HI,AWP,WE,Towers with Radar,132,10,4,3,149,3,264,35,0,302,135,274,39,3,451,80,0,80,531
05/24/2002,OGG,HI,AWP,WE,Towers with Radar,163,13,5,9,190,0,258,83,0,341,163,271,88,9,531,8,2,10,541
05/25/2002,OGG,HI,AWP,WE,Towers with Radar,134,10,4,1,149,10,221,32,0,263,144,231,36,1,412,42,0,42,454
05/26/2002,OGG,HI,AWP,WE,Towers with Radar,139,10,4,1,154,11,320,33,0,364,150,330,37,1,518,24,0,24,542
05/27/2002,OGG,HI,AWP,WE,Towers with Radar,124,9,4,0,137,12,199,45,0,256,136,208,49,0,393,83,0,83,476
05/28/2002,OGG,HI,AWP,WE,Towers with Radar,138,11,4,8,161,0,215,27,7,249,138,226,31,15,410,34,2,36,446
05/29/2002,OGG,HI,AWP,WE,Towers with Radar,136,11,4,6,157,3,230,30,0,263,139,241,34,6,420,26,0,26,446
05/30/2002,OGG,HI,AWP,WE,Towers with Radar,154,12,5,8,179,1,242,45,2,290,155,254,50,10,469,68,1,69,538
05/31/2002,OGG,HI,AWP,WE,Towers with Radar,143,12,4,8,167,4,217,54,6,281,147,229,58,14,448,34,0,34,482
06/01/2002,OGG,HI,AWP,WE,Towers with Radar,143,8,6,0,157,7,151,20,0,178,150,159,26,0,335,46,0,46,381
06/02/2002,OGG,HI,AWP,WE,Towers with Radar,151,8,6,4,169,0,159,25,0,184,151,167,31,4,353,8,0,8,361
06/03/2002,OGG,HI,AWP,WE,Towers with Radar,146,7,6,6,165,1,252,39,2,294,147,259,45,8,459,34,0,34,493
06/04/2002,OGG,HI,AWP,WE,Towers with Radar,123,6,5,5,139,0,210,27,0,237,123,216,32,5,376,58,0,58,434
06/05/2002,OGG,HI,AWP,WE,Towers with Radar,147,8,7,7,169,0,261,36,19,316,147,269,43,26,485,41,2,43,528
06/06/2002,OGG,HI,AWP,WE,Towers with Radar,125,6,5,1,137,4,267,25,0,296,129,273,30,1,433,18,0,18,451
06/07/2002,OGG,HI,AWP,WE,Towers with Radar,145,9,7,6,167,0,214,37,10,261,145,223,44,16,428,34,2,36,464
06/08/2002,OGG,HI,AWP,WE,Towers with Radar,137,8,6,2,153,4,181,25,0,210,141,189,31,2,363,10,0,10,373
06/09/2002,OGG,HI,AWP,WE,Towers with Radar,150,9,6,4,169,12,165,29,0,206,162,174,35,4,375,0,0,0,375
06/10/2002,OGG,HI,AWP,WE,Towers with Radar,138,8,6,2,154,4,222,20,0,246,142,230,26,2,400,54,0,54,454
06/11/2002,OGG,HI,AWP,WE,Towers with Radar,138,8,6,4,156,1,272,30,0,303,139,280,36,4,459,47,2,49,508
06/12/2002,OGG,HI,AWP,WE,Towers with Radar,151,9,6,2,168,0,300,36,0,336,151,309,42,2,504,30,0,30,534
06/13/2002,OGG,HI,AWP,WE,Towers with Radar,142,9,6,6,163,0,228,42,9,279,142,237,48,15,442,29,23,52,494
06/14/2002,OGG,HI,AWP,WE,Towers with Radar,164,10,8,7,189,0,252,26,19,297,164,262,34,26,486,18,0,18,504
06/15/2002,OGG,HI,AWP,WE,Towers with Radar,152,9,6,0,167,9,197,34,0,240,161,206,40,0,407,16,0,16,423
06/16/2002,OGG,HI,AWP,WE,Towers with Radar,139,8,6,0,153,11,177,20,0,208,150,185,26,0,361,2,0,2,363
06/17/2002,OGG,HI,AWP,WE,Towers with Radar,152,9,7,7,175,0,200,12,9,221,152,209,19,16,396,10,3,13,409
06/18/2002,OGG,HI,AWP,WE,Towers with Radar,151,9,6,6,172,3,254,32,6,295,154,263,38,12,467,48,0,48,515
06/19/2002,OGG,HI,AWP,WE,Towers with Radar,146,9,6,8,169,0,282,24,19,325,146,291,30,27,494,26,0,26,520
06/20/2002,OGG,HI,AWP,WE,Towers with Radar,159,10,6,8,183,0,296,48,15,359,159,306,54,23,542,20,0,20,562
06/21/2002,OGG,HI,AWP,WE,Towers with Radar,175,9,6,4,194,5,265,50,0,320,180,274,56,4,514,53,0,53,567
06/22/2002,OGG,HI,AWP,WE,Towers with Radar,162,9,6,2,179,4,218,32,0,254,166,227,38,2,433,12,0,12,445
06/23/2002,OGG,HI,AWP,WE,Towers with Radar,141,7,5,0,153,14,161,32,0,207,155,168,37,0,360,16,0,16,376
06/24/2002,OGG,HI,AWP,WE,Towers with Radar,152,8,5,4,169,4,220,36,0,260,156,228,41,4,429,44,0,44,473
06/25/2002,OGG,HI,AWP,WE,Towers with Radar,143,7,5,3,158,6,262,35,0,303,149,269,40,3,461,38,0,38,499
06/26/2002,OGG,HI,AWP,WE,Towers with Radar,149,8,5,6,168,5,228,28,0,261,154,236,33,6,429,62,0,62,491
06/27/2002,OGG,HI,AWP,WE,Towers with Radar,158,8,6,8,180,0,240,34,8,282,158,248,40,16,462,54,0,54,516
06/28/2002,OGG,HI,AWP,WE,Towers with Radar,171,9,7,8,195,0,250,46,10,306,171,259,53,18,501,80,0,80,581
06/29/2002,OGG,HI,AWP,WE,Towers with Radar,153,8,5,0,166,9,225,31,0,265,162,233,36,0,431,10,0,10,441
06/30/2002,OGG,HI,AWP,WE,Towers with Radar,139,7,5,0,151,10,175,25,0,210,149,182,30,0,361,2,0,2,363
07/01/2002,OGG,HI,AWP,WE,Towers with Radar,147,9,5,7,168,0,220,26,8,254,147,229,31,15,422,78,0,78,500
07/02/2002,OGG,HI,AWP,WE,Towers with Radar,151,9,5,8,173,0,213,30,20,263,151,222,35,28,436,38,0,38,474
07/03/2002,OGG,HI,AWP,WE,Towers with Radar,161,12,5,9,187,0,208,19,15,242,161,220,24,24,429,92,0,92,521
07/04/2002,OGG,HI,AWP,WE,Towers with Radar,147,10,4,0,161,11,217,22,0,250,158,227,26,0,411,32,0,32,443
07/05/2002,OGG,HI,AWP,WE,Towers with Radar,152,9,5,0,166,1,249,35,0,285,153,258,40,0,451,40,0,40,491
07/06/2002,OGG,HI,AWP,WE,Towers with Radar,149,10,4,0,163,11,155,35,0,201,160,165,39,0,364,4,0,4,368
07/07/2002,OGG,HI,AWP,WE,Towers with Radar,146,10,4,0,160,7,132,23,0,162,153,142,27,0,322,16,0,16,338
07/08/2002,OGG,HI,AWP,WE,Towers with Radar,145,10,4,5,164,12,245,37,0,294,157,255,41,5,458,72,0,72,530
07/09/2002,OGG,HI,AWP,WE,Towers with Radar,159,11,5,8,183,0,249,28,23,300,159,260,33,31,483,12,0,12,495
07/10/2002,OGG,HI,AWP,WE,Towers with Radar,148,10,4,2,164,3,247,44,0,294,151,257,48,2,458,26,0,26,484
07/11/2002,OGG,HI,AWP,WE,Towers with Radar,145,10,4,7,166,10,241,26,2,279,155,251,30,9,445,34,0,34,479
07/12/2002,OGG,HI,AWP,WE,Towers with Radar,154,10,5,3,172,9,193,51,0,253,163,203,56,3,425,24,0,24,449
07/13/2002,OGG,HI,AWP,WE,Towers with Radar,146,10,4,5,165,14,170,26,0,210,160,180,30,5,375,32,0,32,407
07/14/2002,OGG,HI,AWP,WE,Towers with Radar,144,9,4,7,164,9,181,35,1,226,153,190,39,8,390,13,0,13,403
07/15/2002,OGG,HI,AWP,WE,Towers with Radar,153,10,5,7,175,9,249,33,1,292,162,259,38,8,467,16,6,22,489
07/16/2002,OGG,HI,AWP,WE,Towers with Radar,151,11,5,7,174,0,227,18,19,264,151,238,23,26,438,23,0,23,461
07/17/2002,OGG,HI,AWP,WE,Towers with Radar,148,10,5,7,170,0,243,30,14,287,148,253,35,21,457,73,0,73,530
07/18/2002,OGG,HI,AWP,WE,Towers with Radar,159,9,4,7,179,3,250,27,0,280,162,259,31,7,459,16,4,20,479
07/19/2002,OGG,HI,AWP,WE,Towers with Radar,166,9,4,2,181,3,233,21,0,257,169,242,25,2,438,52,0,52,490
07/20/2002,OGG,HI,AWP,WE,Towers with Radar,146,9,3,0,158,17,181,21,0,219,163,190,24,0,377,8,0,8,385
07/21/2002,OGG,HI,AWP,WE,Towers with Radar,141,8,3,0,152,0,121,28,0,149,141,129,31,0,301,54,0,54,355
07/22/2002,OGG,HI,AWP,WE,Towers with Radar,155,9,4,9,177,0,235,31,17,283,155,244,35,26,460,73,3,76,536
07/23/2002,OGG,HI,AWP,WE,Towers with Radar,148,9,4,8,169,0,249,37,20,306,148,258,41,28,475,69,2,71,546
07/24/2002,OGG,HI,AWP,WE,Towers with Radar,142,9,3,8,162,0,291,68,3,362,142,300,71,11,524,67,0,67,591
07/25/2002,OGG,HI,AWP,WE,Towers with Radar,151,8,4,5,168,1,252,22,0,275,152,260,26,5,443,46,0,46,489
07/26/2002,OGG,HI,AWP,WE,Towers with Radar,168,11,5,8,192,0,135,34,0,169,168,146,39,8,361,14,0,14,375
07/27/2002,OGG,HI,AWP,WE,Towers with Radar,140,9,3,0,152,8,181,39,0,228,148,190,42,0,380,10,0,10,390
07/28/2002,OGG,HI,AWP,WE,Towers with Radar,146,9,3,2,160,6,174,30,0,210,152,183,33,2,370,13,0,13,383
07/29/2002,OGG,HI,AWP,WE,Towers with Radar,153,9,4,0,166,2,221,53,0,276,155,230,57,0,442,54,0,54,496
07/30/2002,OGG,HI,AWP,WE,Towers with Radar,149,10,3,7,169,4,208,40,4,256,153,218,43,11,425,25,0,25,450
07/31/2002,OGG,HI,AWP,WE,Towers with Radar,155,10,4,7,176,0,265,42,10,317,155,275,46,17,493,28,16,44,537
08/01/2002,OGG,HI,AWP,WE,Towers with Radar,127,9,5,5,146,11,244,47,0,302,138,253,52,5,448,44,0,44,492
08/02/2002,OGG,HI,AWP,WE,Towers with Radar,155,12,7,8,182,0,213,33,30,276,155,225,40,38,458,73,0,73,531
08/03/2002,OGG,HI,AWP,WE,Towers with Radar,158,11,6,2,177,13,188,19,0,220,171,199,25,2,397,24,0,24,421
08/04/2002,OGG,HI,AWP,WE,Towers with Radar,144,10,6,6,166,4,135,17,5,161,148,145,23,11,327,6,0,6,333
08/05/2002,OGG,HI,AWP,WE,Towers with Radar,153,11,6,7,177,0,248,27,4,279,153,259,33,11,456,42,7,49,505
08/06/2002,OGG,HI,AWP,WE,Towers with Radar,153,10,6,2,171,6,239,26,0,271,159,249,32,2,442,50,0,50,492
08/07/2002,OGG,HI,AWP,WE,Towers with Radar,153,12,7,7,179,0,256,40,24,320,153,268,47,31,499,40,0,40,539
08/08/2002,OGG,HI,AWP,WE,Towers with Radar,150,11,7,7,175,0,204,22,6,232,150,215,29,13,407,68,2,70,477
08/09/2002,OGG,HI,AWP,WE,Towers with Radar,159,10,7,6,182,7,211,32,0,250,166,221,39,6,432,34,16,50,482
08/10/2002,OGG,HI,AWP,WE,Towers with Radar,139,9,6,0,154,8,185,22,0,215,147,194,28,0,369,10,0,10,379
08/11/2002,OGG,HI,AWP,WE,Towers with Radar,145,10,6,1,162,5,167,33,0,205,150,177,39,1,367,3,0,3,370
08/12/2002,OGG,HI,AWP,WE,Towers with Radar,151,10,6,3,170,8,278,29,0,315,159,288,35,3,485,32,0,32,517
08/13/2002,OGG,HI,AWP,WE,Towers with Radar,139,9,6,6,160,1,217,33,8,259,140,226,39,14,419,86,0,86,505
08/14/2002,OGG,HI,AWP,WE,Towers with Radar,147,10,6,7,170,2,266,13,11,292,149,276,19,18,462,57,0,57,519
08/15/2002,OGG,HI,AWP,WE,Towers with Radar,163,11,7,7,188,3,234,36,25,298,166,245,43,32,486,30,0,30,516
08/16/2002,OGG,HI,AWP,WE,Towers with Radar,187,12,8,8,215,2,260,45,0,307,189,272,53,8,522,28,0,28,550
08/17/2002,OGG,HI,AWP,WE,Towers with Radar,150,9,5,4,168,7,186,52,0,245,157,195,57,4,413,20,0,20,433
08/18/2002,OGG,HI,AWP,WE,Towers with Radar,159,10,6,8,183,0,184,21,4,209,159,194,27,12,392,22,0,22,414
08/19/2002,OGG,HI,AWP,WE,Towers with Radar,154,10,5,7,176,5,243,40,0,288,159,253,45,7,464,20,10,30,494
08/20/2002,OGG,HI,AWP,WE,Towers with Radar,138,10,5,7,160,0,224,22,9,255,138,234,27,16,415,20,2,22,437
08/21/2002,OGG,HI,AWP,WE,Towers with Radar,140,9,5,8,162,0,232,36,0,268,140,241,41,8,430,34,4,38,468
08/22/2002,OGG,HI,AWP,WE,Towers with Radar,148,9,5,8,170,0,231,29,8,268,148,240,34,16,438,57,12,69,507
08/23/2002,OGG,HI,AWP,WE,Towers with Radar,151,10,5,2,168,0,195,43,0,238,151,205,48,2,406,20,0,20,426
08/24/2002,OGG,HI,AWP,WE,Towers with Radar,140,8,5,0,153,11,162,29,0,202,151,170,34,0,355,4,0,4,359
08/25/2002,OGG,HI,AWP,WE,Towers with Radar,147,9,5,0,161,9,164,19,0,192,156,173,24,0,353,6,0,6,359
08/26/2002,OGG,HI,AWP,WE,Towers with Radar,162,9,6,8,185,2,198,56,2,258,164,207,62,10,443,38,0,38,481
08/27/2002,OGG,HI,AWP,WE,Towers with Radar,126,8,5,6,145,0,207,22,6,235,126,215,27,12,380,27,22,49,429
08/28/2002,OGG,HI,AWP,WE,Towers with Radar,171,12,6,8,197,0,200,56,0,256,171,212,62,8,453,60,0,60,513
08/29/2002,OGG,HI,AWP,WE,Towers with Radar,158,11,5,6,180,7,211,42,0,260,165,222,47,6,440,60,0,60,500
08/30/2002,OGG,HI,AWP,WE,Towers with Radar,165,12,6,8,191,0,122,34,12,168,165,134,40,20,359,130,0,130,489
08/31/2002,OGG,HI,AWP,WE,Towers with Radar,142,10,5,0,157,6,179,30,0,215,148,189,35,0,372,43,0,43,415
09/01/2002,OGG,HI,AWP,WE,Towers with Radar,129,9,4,0,142,6,165,19,0,190,135,174,23,0,332,4,0,4,336
09/02/2002,OGG,HI,AWP,WE,Towers with Radar,124,8,4,2,138,11,169,40,0,220,135,177,44,2,358,6,0,6,364
09/03/2002,OGG,HI,AWP,WE,Towers with Radar,153,11,4,8,176,0,223,42,11,276,153,234,46,19,452,20,20,40,492
09/04/2002,OGG,HI,AWP,WE,Towers with Radar,131,9,4,6,150,4,227,35,0,266,135,236,39,6,416,65,2,67,483
09/05/2002,OGG,HI,AWP,WE,Towers with Radar,128,9,4,4,145,6,213,25,0,244,134,222,29,4,389,80,0,80,469
09/06/2002,OGG,HI,AWP,WE,Towers with Radar,144,10,4,7,165,0,220,49,2,271,144,230,53,9,436,34,0,34,470
09/07/2002,OGG,HI,AWP,WE,Towers with Radar,146,11,4,3,164,13,117,22,0,152,159,128,26,3,316,20,0,20,336
09/08/2002,OGG,HI,AWP,WE,Towers with Radar,129,9,4,2,144,6,136,2,0,144,135,145,6,2,288,6,0,6,294
09/09/2002,OGG,HI,AWP,WE,Towers with Radar,118,9,3,1,131,9,172,22,0,203,127,181,25,1,334,37,0,37,371
09/10/2002,OGG,HI,AWP,WE,Towers with Radar,142,12,4,7,165,0,213,46,25,284,142,225,50,32,449,34,0,34,483
09/11/2002,OGG,HI,AWP,WE,Towers with Radar,127,9,4,6,146,0,211,34,18,263,127,220,38,24,409,50,14,64,473
09/12/2002,OGG,HI,AWP,WE,Towers with Radar,130,9,4,2,145,5,230,37,0,272,135,239,41,2,417,46,2,48,465
09/13/2002,OGG,HI,AWP,WE,Towers with Radar,154,11,4,7,176,8,184,51,2,245,162,195,55,9,421,24,0,24,445
09/14/2002,OGG,HI,AWP,WE,Towers with Radar,135,9,4,3,151,7,154,27,0,188,142,163,31,3,339,8,0,8,347
09/15/2002,OGG,HI,AWP,WE,Towers with Radar,124,9,4,5,142,2,87,19,3,111,126,96,23,8,253,9,2,11,264
09/16/2002,OGG,HI,AWP,WE,Towers with Radar,131,10,3,5,149,0,198,42,0,240,131,208,45,5,389,26,3,29,418
09/17/2002,OGG,HI,AWP,WE,Towers with Radar,119,8,2,4,133,0,193,24,0,217,119,201,26,4,350,46,0,46,396
09/18/2002,OGG,HI,AWP,WE,Towers with Radar,121,8,2,0,131,0,242,39,0,281,121,250,41,0,412,26,0,26,438
09/19/2002,OGG,HI,AWP,WE,Towers with Radar,136,10,3,7,156,0,254,21,9,284,136,264,24,16,440,18,70,88,528
09/20/2002,OGG,HI,AWP,WE,Towers with Radar,153,10,3,8,174,0,238,42,6,286,153,248,45,14,460,15,0,15,475
09/21/2002,OGG,HI,AWP,WE,Towers with Radar,122,8,2,0,132,13,159,21,0,193,135,167,23,0,325,22,0,22,347
09/22/2002,OGG,HI,AWP,WE,Towers with Radar,120,8,2,0,130,2,132,27,0,161,122,140,29,0,291,30,0,30,321
09/23/2002,OGG,HI,AWP,WE,Towers with Radar,122,8,2,0,132,9,197,43,0,249,131,205,45,0,381,18,0,18,399
09/24/2002,OGG,HI,AWP,WE,Towers with Radar,133,9,3,7,152,0,220,21,1,242,133,229,24,8,394,34,4,38,432
09/25/2002,OGG,HI,AWP,WE,Towers with Radar,132,10,3,9,154,0,233,42,22,297,132,243,45,31,451,38,0,38,489
09/26/2002,OGG,HI,AWP,WE,Towers with Radar,141,11,3,6,161,0,242,20,14,276,141,253,23,20,437,41,0,41,478
09/27/2002,OGG,HI,AWP,WE,Towers with Radar,134,9,3,1,147,0,235,17,0,252,134,244,20,1,399,8,0,8,407
09/28/2002,OGG,HI,AWP,WE,Towers with Radar,140,10,3,0,153,8,182,24,0,214,148,192,27,0,367,19,0,19,386
09/29/2002,OGG,HI,AWP,WE,Towers with Radar,129,9,3,0,141,7,145,22,0,174,136,154,25,0,315,0,0,0,315
09/30/2002,OGG,HI,AWP,WE,Towers with Radar,126,9,3,4,142,9,246,20,0,275,135,255,23,4,417,54,0,54,471
10/01/2002,OGG,HI,AWP,WE,Towers with Radar,123,10,4,5,142,3,222,28,3,256,126,232,32,8,398,27,0,27,425
10/02/2002,OGG,HI,AWP,WE,Towers with Radar,128,10,5,2,145,4,264,26,0,294,132,274,31,2,439,28,0,28,467
10/03/2002,OGG,HI,AWP,WE,Towers with Radar,142,13,5,7,167,0,238,17,26,281,142,251,22,33,448,22,8,30,478
10/04/2002,OGG,HI,AWP,WE,Towers with Radar,138,12,5,5,160,3,221,30,11,265,141,233,35,16,425,13,0,13,438
10/05/2002,OGG,HI,AWP,WE,Towers with Radar,139,12,5,5,161,0,133,15,3,151,139,145,20,8,312,21,0,21,333
10/06/2002,OGG,HI,AWP,WE,Towers with Radar,138,12,5,5,160,0,141,16,6,163,138,153,21,11,323,8,5,13,336
10/07/2002,OGG,HI,AWP,WE,Towers with Radar,135,11,5,1,152,6,223,35,0,264,141,234,40,1,416,30,0,30,446
10/08/2002,OGG,HI,AWP,WE,Towers with Radar,120,10,5,5,140,0,308,35,11,354,120,318,40,16,494,50,0,50,544
10/09/2002,OGG,HI,AWP,WE,Towers with Radar,126,10,5,5,146,0,215,30,2,247,126,225,35,7,393,44,2,46,439
10/10/2002,OGG,HI,AWP,WE,Towers with Radar,133,11,5,5,154,0,198,36,2,236,133,209,41,7,390,64,2,66,456
10/11/2002,OGG,HI,AWP,WE,Towers with Radar,144,12,5,6,167,2,255,23,1,281,146,267,28,7,448,20,0,20,468
10/12/2002,OGG,HI,AWP,WE,Towers with Radar,149,12,5,2,168,2,171,40,0,213,151,183,45,2,381,14,0,14,395
10/13/2002,OGG,HI,AWP,WE,Towers with Radar,125,11,4,0,140,5,138,16,0,159,130,149,20,0,299,26,0,26,325
10/14/2002,OGG,HI,AWP,WE,Towers with Radar,123,10,4,3,140,6,157,23,0,186,129,167,27,3,326,16,0,16,342
10/15/2002,OGG,HI,AWP,WE,Towers with Radar,134,11,5,5,155,0,71,11,3,85,134,82,16,8,240,30,0,30,270
10/16/2002,OGG,HI,AWP,WE,Towers with Radar,126,9,4,2,141,0,80,0,0,80,126,89,4,2,221,2,12,14,235
10/17/2002,OGG,HI,AWP,WE,Towers with Radar,139,11,4,3,157,0,165,7,0,172,139,176,11,3,329,8,0,8,337
10/18/2002,OGG,HI,AWP,WE,Towers with Radar,145,11,4,7,167,0,246,20,4,270,145,257,24,11,437,22,8,30,467
10/19/2002,OGG,HI,AWP,WE,Towers with Radar,145,11,4,0,160,8,202,22,0,232,153,213,26,0,392,62,0,62,454
10/20/2002,OGG,HI,AWP,WE,Towers with Radar,127,9,4,0,140,9,177,9,0,195,136,186,13,0,335,4,0,4,339
10/21/2002,OGG,HI,AWP,WE,Towers with Radar,132,11,4,7,154,0,278,31,16,325,132,289,35,23,479,20,0,20,499
10/22/2002,OGG,HI,AWP,WE,Towers with Radar,121,9,3,6,139,0,268,24,0,292,121,277,27,6,431,63,2,65,496
10/23/2002,OGG,HI,AWP,WE,Towers with Radar,141,11,4,3,159,6,240,37,0,283,147,251,41,3,442,36,0,36,478
10/24/2002,OGG,HI,AWP,WE,Towers with Radar,129,10,4,6,149,0,241,46,6,293,129,251,50,12,442,73,5,78,520
10/25/2002,OGG,HI,AWP,WE,Towers with Radar,152,12,4,3,171,5,212,30,0,247,157,224,34,3,418,29,6,35,453
10/26/2002,OGG,HI,AWP,WE,Towers with Radar,137,11,4,2,154,5,167,32,0,204,142,178,36,2,358,4,0,4,362
10/27/2002,OGG,HI,AWP,WE,Towers with Radar,132,10,4,5,151,1,160,19,1,181,133,170,23,6,332,4,6,10,342
10/28/2002,OGG,HI,AWP,WE,Towers with Radar,116,10,3,4,133,4,223,41,2,270,120,233,44,6,403,12,2,14,417
10/29/2002,OGG,HI,AWP,WE,Towers with Radar,126,11,3,1,141,1,234,32,0,267,127,245,35,1,408,8,0,8,416
10/30/2002,OGG,HI,AWP,WE,Towers with Radar,118,10,3,3,134,0,237,47,0,284,118,247,50,3,418,49,6,55,473
10/31/2002,OGG,HI,AWP,WE,Towers with Radar,125,11,4,5,145,0,187,52,5,244,125,198,56,10,389,32,20,52,441
11/01/2002,OGG,HI,AWP,WE,Towers with Radar,151,13,8,6,178,6,173,37,1,217,157,186,45,7,395,19,2,21,416
11/02/2002,OGG,HI,AWP,WE,Towers with Radar,134,12,7,4,157,0,140,28,0,168,134,152,35,4,325,10,0,10,335
11/03/2002,OGG,HI,AWP,WE,Towers with Radar,128,11,7,5,151,1,114,35,2,152,129,125,42,7,303,10,0,10,313
11/04/2002,OGG,HI,AWP,WE,Towers with Radar,137,13,7,5,162,1,265,39,4,309,138,278,46,9,471,18,0,18,489
11/05/2002,OGG,HI,AWP,WE,Towers with Radar,134,13,8,2,157,0,204,44,0,248,134,217,52,2,405,43,4,47,452
11/06/2002,OGG,HI,AWP,WE,Towers with Radar,115,11,6,4,136,3,235,33,1,272,118,246,39,5,408,27,6,33,441
11/07/2002,OGG,HI,AWP,WE,Towers with Radar,133,13,7,5,158,0,214,47,15,276,133,227,54,20,434,20,16,36,470
11/08/2002,OGG,HI,AWP,WE,Towers with Radar,144,13,8,2,167,3,285,46,0,334,147,298,54,2,501,24,0,24,525
11/09/2002,OGG,HI,AWP,WE,Towers with Radar,135,12,7,0,154,11,189,24,0,224,146,201,31,0,378,4,0,4,382
11/10/2002,OGG,HI,AWP,WE,Towers with Radar,111,10,6,2,129,9,144,22,0,175,120,154,28,2,304,0,0,0,304
11/11/2002,OGG,HI,AWP,WE,Towers with Radar,116,11,7,0,134,0,164,39,0,203,116,175,46,0,337,42,0,42,379
11/12/2002,OGG,HI,AWP,WE,Towers with Radar,115,11,6,4,136,1,245,36,0,282,116,256,42,4,418,32,0,32,450
11/13/2002,OGG,HI,AWP,WE,Towers with Radar,144,13,8,1,166,4,260,28,0,292,148,273,36,1,458,28,0,28,486
11/14/2002,OGG,HI,AWP,WE,Towers with Radar,127,13,6,6,152,0,227,37,10,274,127,240,43,16,426,54,0,54,480
11/15/2002,OGG,HI,AWP,WE,Towers with Radar,123,12,6,6,147,0,214,22,6,242,123,226,28,12,389,32,0,32,421
11/16/2002,OGG,HI,AWP,WE,Towers with Radar,123,10,6,4,143,6,116,27,0,149,129,126,33,4,292,14,0,14,306
11/17/2002,OGG,HI,AWP,WE,Towers with Radar,112,10,6,0,128,4,108,13,0,125,116,118,19,0,253,6,0,6,259
11/18/2002,OGG,HI,AWP,WE,Towers with Radar,136,13,7,7,163,0,184,31,29,244,136,197,38,36,407,42,10,52,459
11/19/2002,OGG,HI,AWP,WE,Towers with Radar,119,10,5,5,139,2,191,25,1,219,121,201,30,6,358,30,6,36,394
11/20/2002,OGG,HI,AWP,WE,Towers with Radar,119,10,6,1,136,4,204,39,0,247,123,214,45,1,383,46,0,46,429
11/21/2002,OGG,HI,AWP,WE,Towers with Radar,134,11,6,6,157,0,194,28,3,225,134,205,34,9,382,14,14,28,410
11/22/2002,OGG,HI,AWP,WE,Towers with Radar,142,12,6,2,162,10,207,47,0,264,152,219,53,2,426,39,0,39,465
11/23/2002,OGG,HI,AWP,WE,Towers with Radar,170,14,9,0,193,10,129,37,0,176,180,143,46,0,369,12,0,12,381
11/24/2002,OGG,HI,AWP,WE,Towers with Radar,120,10,6,0,136,15,133,32,0,180,135,143,38,0,316,6,0,6,322
11/25/2002,OGG,HI,AWP,WE,Towers with Radar,132,11,6,6,155,0,220,26,3,249,132,231,32,9,404,86,4,90,494
11/26/2002,OGG,HI,AWP,WE,Towers with Radar,134,12,7,7,160,0,312,46,13,371,134,324,53,20,531,32,16,48,579
11/27/2002,OGG,HI,AWP,WE,Towers with Radar,126,10,6,0,142,1,290,42,0,333,127,300,48,0,475,37,0,37,512
11/28/2002,OGG,HI,AWP,WE,Towers with Radar,118,10,5,0,133,1,138,23,0,162,119,148,28,0,295,6,0,6,301
11/29/2002,OGG,HI,AWP,WE,Towers with Radar,154,14,7,0,175,0,197,26,0,223,154,211,33,0,398,18,0,18,416
11/30/2002,OGG,HI,AWP,WE,Towers with Radar,162,14,7,6,189,2,191,24,0,217,164,205,31,6,406,8,0,8,414
12/01/2002,OGG,HI,AWP,WE,Towers with Radar,134,13,12,0,159,1,132,48,0,181,135,145,60,0,340,4,0,4,344
12/02/2002,OGG,HI,AWP,WE,Towers with Radar,134,14,11,6,165,0,176,27,3,206,134,190,38,9,371,12,2,14,385
12/03/2002,OGG,HI,AWP,WE,Towers with Radar,118,13,12,6,149,0,221,28,26,275,118,234,40,32,424,20,0,20,444
12/04/2002,OGG,HI,AWP,WE,Towers with Radar,109,11,10,5,135,0,226,31,4,261,109,237,41,9,396,18,0,18,414
12/05/2002,OGG,HI,AWP,WE,Towers with Radar,104,12,10,5,131,0,225,32,24,281,104,237,42,29,412,28,0,28,440
12/06/2002,OGG,HI,AWP,WE,Towers with Radar,109,11,9,0,129,12,230,34,0,276,121,241,43,0,405,32,0,32,437
12/07/2002,OGG,HI,AWP,WE,Towers with Radar,111,11,10,3,135,11,97,6,0,114,122,108,16,3,249,2,0,2,251
12/08/2002,OGG,HI,AWP,WE,Towers with Radar,128,13,11,7,159,0,78,14,8,100,128,91,25,15,259,2,6,8,267
12/09/2002,OGG,HI,AWP,WE,Towers with Radar,120,12,9,5,146,11,214,22,0,247,131,226,31,5,393,33,0,33,426
12/10/2002,OGG,HI,AWP,WE,Towers with Radar,101,10,7,5,123,1,199,23,0,223,102,209,30,5,346,14,0,14,360
12/11/2002,OGG,HI,AWP,WE,Towers with Radar,102,10,7,5,124,0,167,22,0,189,102,177,29,5,313,18,0,18,331
12/12/2002,OGG,HI,AWP,WE,Towers with Radar,110,11,8,6,135,9,229,37,0,275,119,240,45,6,410,38,0,38,448
12/13/2002,OGG,HI,AWP,WE,Towers with Radar,129,13,10,3,155,3,179,29,0,211,132,192,39,3,366,16,0,16,382
12/14/2002,OGG,HI,AWP,WE,Towers with Radar,117,12,9,2,140,11,93,31,0,135,128,105,40,2,275,14,0,14,289
12/15/2002,OGG,HI,AWP,WE,Towers with Radar,111,11,8,0,130,8,82,21,0,111,119,93,29,0,241,8,0,8,249
12/16/2002,OGG,HI,AWP,WE,Towers with Radar,127,12,10,7,156,0,189,16,7,212,127,201,26,14,368,23,0,23,391
12/17/2002,OGG,HI,AWP,WE,Towers with Radar,118,11,10,7,146,0,179,24,8,211,118,190,34,15,357,32,2,34,391
12/18/2002,OGG,HI,AWP,WE,Towers with Radar,124,11,9,7,151,2,229,29,1,261,126,240,38,8,412,38,0,38,450
12/19/2002,OGG,HI,AWP,WE,Towers with Radar,129,11,10,2,152,0,175,35,0,210,129,186,45,2,362,18,12,30,392
12/20/2002,OGG,HI,AWP,WE,Towers with Radar,149,15,12,9,185,0,173,44,9,226,149,188,56,18,411,8,0,8,419
12/21/2002,OGG,HI,AWP,WE,Towers with Radar,146,13,11,1,171,3,129,34,0,166,149,142,45,1,337,14,0,14,351
12/22/2002,OGG,HI,AWP,WE,Towers with Radar,112,10,8,0,130,7,106,36,0,149,119,116,44,0,279,18,0,18,297
12/23/2002,OGG,HI,AWP,WE,Towers with Radar,145,14,13,8,180,0,214,39,6,259,145,228,52,14,439,60,2,62,501
12/24/2002,OGG,HI,AWP,WE,Towers with Radar,144,13,11,2,170,9,294,49,0,352,153,307,60,2,522,45,0,45,567
12/25/2002,OGG,HI,AWP,WE,Towers with Radar,92,9,7,0,108,16,46,7,0,69,108,55,14,0,177,0,0,0,177
12/26/2002,OGG,HI,AWP,WE,Towers with Radar,151,17,13,8,189,0,270,64,6,340,151,287,77,14,529,48,0,48,577
12/27/2002,OGG,HI,AWP,WE,Towers with Radar,153,17,14,6,190,0,209,43,0,252,153,226,57,6,442,20,0,20,462
12/28/2002,OGG,HI,AWP,WE,Towers with Radar,129,12,10,0,151,9,283,37,0,329,138,295,47,0,480,32,0,32,512
12/29/2002,OGG,HI,AWP,WE,Towers with Radar,117,12,9,0,138,7,216,44,0,267,124,228,53,0,405,4,0,4,409
12/30/2002,OGG,HI,AWP,WE,Towers with Radar,116,12,9,6,143,0,258,61,0,319,116,270,70,6,462,41,0,41,503
12/31/2002,OGG,HI,AWP,WE,Towers with Radar,116,12,8,0,136,6,273,61,0,340,122,285,69,0,476,22,0,22,498
01/01/2003,OGG,HI,AWP,WE,Towers with Radar,131,14,10,0,155,3,145,38,0,186,134,159,48,0,341,10,0,10,351
01/02/2003,OGG,HI,AWP,WE,Towers with Radar,142,15,11,3,171,0,237,58,0,295,142,252,69,3,466,40,0,40,506
01/03/2003,OGG,HI,AWP,WE,Towers with Radar,165,20,13,10,208,0,236,49,8,293,165,256,62,18,501,36,8,44,545
01/04/2003,OGG,HI,AWP,WE,Towers with Radar,170,19,13,2,204,0,141,24,0,165,170,160,37,2,369,0,0,0,369
01/05/2003,OGG,HI,AWP,WE,Towers with Radar,123,14,9,2,148,7,114,35,0,156,130,128,44,2,304,19,0,19,323
01/06/2003,OGG,HI,AWP,WE,Towers with Radar,130,15,11,7,163,0,195,33,11,239,130,210,44,18,402,14,19,33,435
01/07/2003,OGG,HI,AWP,WE,Towers with Radar,115,14,10,7,146,0,212,18,21,251,115,226,28,28,397,14,15,29,426
01/08/2003,OGG,HI,AWP,WE,Towers with Radar,108,12,8,6,134,1,232,30,1,264,109,244,38,7,398,36,0,36,434
01/09/2003,OGG,HI,AWP,WE,Towers with Radar,126,14,9,2,151,2,209,42,0,253,128,223,51,2,404,30,0,30,434
01/10/2003,OGG,HI,AWP,WE,Towers with Radar,124,14,10,7,155,0,202,29,18,249,124,216,39,25,404,22,0,22,426
01/11/2003,OGG,HI,AWP,WE,Towers with Radar,116,14,10,7,147,0,37,18,12,67,116,51,28,19,214,50,10,60,274
01/12/2003,OGG,HI,AWP,WE,Towers with Radar,114,12,8,4,138,5,109,16,0,130,119,121,24,4,268,2,0,2,270
01/13/2003,OGG,HI,AWP,WE,Towers with Radar,126,15,10,8,159,0,212,51,17,280,126,227,61,25,439,22,11,33,472
01/14/2003,OGG,HI,AWP,WE,Towers with Radar,89,10,6,3,108,3,190,19,0,212,92,200,25,3,320,28,0,28,348
01/15/2003,OGG,HI,AWP,WE,Towers with Radar,107,12,8,7,134,0,144,9,4,157,107,156,17,11,291,26,8,34,325
01/16/2003,OGG,HI,AWP,WE,Towers with Radar,96,11,6,3,116,8,189,36,0,233,104,200,42,3,349,42,3,45,394
01/17/2003,OGG,HI,AWP,WE,Towers with Radar,128,13,9,8,158,2,204,30,4,240,130,217,39,12,398,52,13,65,463
01/18/2003,OGG,HI,AWP,WE,Towers with Radar,141,15,9,7,172,3,150,16,0,169,144,165,25,7,341,10,0,10,351
01/19/2003,OGG,HI,AWP,WE,Towers with Radar,108,11,7,0,126,20,105,13,0,138,128,116,20,0,264,0,0,0,264
01/20/2003,OGG,HI,AWP,WE,Towers with Radar,114,11,8,1,134,7,84,20,0,111,121,95,28,1,245,26,0,26,271
01/21/2003,OGG,HI,AWP,WE,Towers with Radar,90,9,6,2,107,7,208,31,0,246,97,217,37,2,353,19,0,19,372
01/22/2003,OGG,HI,AWP,WE,Towers with Radar,102,10,8,2,122,4,213,23,0,240,106,223,31,2,362,54,0,54,416
01/23/2003,OGG,HI,AWP,WE,Towers with Radar,107,11,7,6,131,5,210,23,3,241,112,221,30,9,372,20,2,22,394
01/24/2003,OGG,HI,AWP,WE,Towers with Radar,131,14,9,5,159,5,106,0,0,111,136,120,9,5,270,4,0,4,274
01/25/2003,OGG,HI,AWP,WE,Towers with Radar,130,14,9,4,157,11,107,9,0,127,141,121,18,4,284,26,0,26,310
01/26/2003,OGG,HI,AWP,WE,Towers with Radar,129,14,9,3,155,0,75,3,0,78,129,89,12,3,233,18,0,18,251
01/27/2003,OGG,HI,AWP,WE,Towers with Radar,132,16,9,8,165,0,229,40,5,274,132,245,49,13,439,28,5,33,472
01/28/2003,OGG,HI,AWP,WE,Towers with Radar,109,12,7,2,130,7,233,35,0,275,116,245,42,2,405,42,0,42,447
01/29/2003,OGG,HI,AWP,WE,Towers with Radar,109,13,8,7,137,0,173,21,8,202,109,186,29,15,339,16,18,34,373
01/30/2003,OGG,HI,AWP,WE,Towers with Radar,109,13,8,6,136,0,145,36,0,181,109,158,44,6,317,38,0,38,355
01/31/2003,OGG,HI,AWP,WE,Towers with Radar,126,14,8,2,150,7,155,32,0,194,133,169,40,2,344,8,0,8,352
02/01/2003,OGG,HI,AWP,WE,Towers with Radar,129,11,6,7,153,1,184,24,3,212,130,195,30,10,365,10,0,10,375
02/02/2003,OGG,HI,AWP,WE,Towers with Radar,113,10,5,6,134,4,135,30,0,169,117,145,35,6,303,6,0,6,309
02/03/2003,OGG,HI,AWP,WE,Towers with Radar,117,12,6,7,142,0,228,39,14,281,117,240,45,21,423,32,3,35,458
02/04/2003,OGG,HI,AWP,WE,Towers with Radar,98,9,4,4,115,6,210,48,0,264,104,219,52,4,379,57,0,57,436
02/05/2003,OGG,HI,AWP,WE,Towers with Radar,109,10,5,4,128,5,244,29,0,278,114,254,34,4,406,26,4,30,436
02/06/2003,OGG,HI,AWP,WE,Towers with Radar,115,11,5,4,135,5,162,16,0,183,120,173,21,4,318,28,0,28,346
02/07/2003,OGG,HI,AWP,WE,Towers with Radar,130,12,6,3,151,14,170,31,0,215,144,182,37,3,366,20,0,20,386
02/08/2003,OGG,HI,AWP,WE,Towers with Radar,113,10,5,0,128,15,156,48,0,219,128,166,53,0,347,20,0,20,367
02/09/2003,OGG,HI,AWP,WE,Towers with Radar,114,10,5,2,131,8,132,39,0,179,122,142,44,2,310,12,0,12,322
02/10/2003,OGG,HI,AWP,WE,Towers with Radar,121,11,5,6,143,11,214,22,0,247,132,225,27,6,390,30,2,32,422
02/11/2003,OGG,HI,AWP,WE,Towers with Radar,116,12,6,7,141,0,216,33,25,274,116,228,39,32,415,84,16,100,515
02/12/2003,OGG,HI,AWP,WE,Towers with Radar,122,12,6,7,147,0,273,29,12,314,122,285,35,19,461,20,10,30,491
02/13/2003,OGG,HI,AWP,WE,Towers with Radar,131,12,6,8,157,0,227,40,8,275,131,239,46,16,432,24,0,24,456
02/14/2003,OGG,HI,AWP,WE,Towers with Radar,149,12,6,0,167,0,32,4,0,36,149,44,10,0,203,0,0,0,203
02/15/2003,OGG,HI,AWP,WE,Towers with Radar,158,13,6,5,182,0,132,38,0,170,158,145,44,5,352,14,2,16,368
02/16/2003,OGG,HI,AWP,WE,Towers with Radar,121,10,4,0,135,4,182,30,0,216,125,192,34,0,351,21,0,21,372
02/17/2003,OGG,HI,AWP,WE,Towers with Radar,116,10,4,1,131,8,201,37,0,246,124,211,41,1,377,45,0,45,422
02/18/2003,OGG,HI,AWP,WE,Towers with Radar,142,12,5,8,167,7,302,44,0,353,149,314,49,8,520,10,0,10,530
02/19/2003,OGG,HI,AWP,WE,Towers with Radar,118,10,5,8,141,0,280,43,14,337,118,290,48,22,478,36,0,36,514
02/20/2003,OGG,HI,AWP,WE,Towers with Radar,116,10,5,8,139,0,281,43,7,331,116,291,48,15,470,14,0,14,484
02/21/2003,OGG,HI,AWP,WE,Towers with Radar,139,12,5,8,164,0,218,22,0,240,139,230,27,8,404,29,0,29,433
02/22/2003,OGG,HI,AWP,WE,Towers with Radar,145,12,5,0,162,12,203,42,0,257,157,215,47,0,419,14,0,14,433
02/23/2003,OGG,HI,AWP,WE,Towers with Radar,121,10,4,2,137,9,135,29,0,173,130,145,33,2,310,26,0,26,336
02/24/2003,OGG,HI,AWP,WE,Towers with Radar,132,12,5,4,153,0,238,41,0,279,132,250,46,4,432,38,0,38,470
02/25/2003,OGG,HI,AWP,WE,Towers with Radar,125,12,5,7,149,0,227,39,13,279,125,239,44,20,428,20,0,20,448
02/26/2003,OGG,HI,AWP,WE,Towers with Radar,118,12,5,7,142,0,262,37,15,314,118,274,42,22,456,12,3,15,471
02/27/2003,OGG,HI,AWP,WE,Towers with Radar,126,11,4,8,149,5,229,24,1,259,131,240,28,9,408,38,0,38,446
02/28/2003,OGG,HI,AWP,WE,Towers with Radar,132,12,5,7,156,0,178,44,0,222,132,190,49,7,378,32,0,32,410
03/01/2003,OGG,HI,AWP,WE,Towers with Radar,133,11,7,0,151,11,133,34,0,178,144,144,41,0,329,12,0,12,341
03/02/2003,OGG,HI,AWP,WE,Towers with Radar,125,9,6,2,142,11,123,21,0,155,136,132,27,2,297,48,0,48,345
03/03/2003,OGG,HI,AWP,WE,Towers with Radar,127,10,7,5,149,0,269,31,20,320,127,279,38,25,469,26,10,36,505
03/04/2003,OGG,HI,AWP,WE,Towers with Radar,131,9,7,4,151,3,248,40,5,296,134,257,47,9,447,57,24,81,528
03/05/2003,OGG,HI,AWP,WE,Towers with Radar,125,10,7,4,146,0,242,30,8,280,125,252,37,12,426,38,14,52,478
03/06/2003,OGG,HI,AWP,WE,Towers with Radar,133,11,7,4,155,1,211,37,4,253,134,222,44,8,408,25,3,28,436
03/07/2003,OGG,HI,AWP,WE,Towers with Radar,143,11,8,5,167,0,207,40,13,260,143,218,48,18,427,42,0,42,469
03/08/2003,OGG,HI,AWP,WE,Towers with Radar,154,12,8,4,178,0,128,24,0,152,154,140,32,4,330,22,0,22,352
03/09/2003,OGG,HI,AWP,WE,Towers with Radar,136,11,7,0,154,7,159,5,0,171,143,170,12,0,325,12,0,12,337
03/10/2003,OGG,HI,AWP,WE,Towers with Radar,156,12,8,5,181,6,247,37,2,292,162,259,45,7,473,94,1,95,568
03/11/2003,OGG,HI,AWP,WE,Towers with Radar,155,12,8,0,175,9,253,34,0,296,164,265,42,0,471,78,0,78,549
03/12/2003,OGG,HI,AWP,WE,Towers with Radar,133,11,7,4,155,0,289,54,7,350,133,300,61,11,505,46,0,46,551
03/13/2003,OGG,HI,AWP,WE,Towers with Radar,120,10,5,2,137,4,230,53,0,287,124,240,58,2,424,34,0,34,458
03/14/2003,OGG,HI,AWP,WE,Towers with Radar,131,11,6,6,154,0,283,48,14,345,131,294,54,20,499,26,0,26,525
03/15/2003,OGG,HI,AWP,WE,Towers with Radar,138,11,6,2,157,3,231,41,0,275,141,242,47,2,432,6,0,6,438
03/16/2003,OGG,HI,AWP,WE,Towers with Radar,149,12,6,0,167,7,144,35,0,186,156,156,41,0,353,10,0,10,363
03/17/2003,OGG,HI,AWP,WE,Towers with Radar,141,11,6,6,164,0,210,50,0,260,141,221,56,6,424,98,0,98,522
03/18/2003,OGG,HI,AWP,WE,Towers with Radar,139,10,6,0,155,3,263,51,0,317,142,273,57,0,472,34,0,34,506
03/19/2003,OGG,HI,AWP,WE,Towers with Radar,149,11,6,6,172,3,281,58,1,343,152,292,64,7,515,34,0,34,549
03/20/2003,OGG,HI,AWP,WE,Towers with Radar,133,10,6,5,154,0,267,36,5,308,133,277,42,10,462,44,0,44,506
03/21/2003,OGG,HI,AWP,WE,Towers with Radar,148,11,6,6,171,0,243,44,6,293,148,254,50,12,464,53,0,53,517
03/22/2003,OGG,HI,AWP,WE,Towers with Radar,164,12,7,5,188,10,189,25,0,224,174,201,32,5,412,22,0,22,434
03/23/2003,OGG,HI,AWP,WE,Towers with Radar,135,10,6,4,155,2,135,38,0,175,137,145,44,4,330,21,0,21,351
03/24/2003,OGG,HI,AWP,WE,Towers with Radar,152,10,7,1,170,4,220,44,0,268,156,230,51,1,438,50,0,50,488
03/25/2003,OGG,HI,AWP,WE,Towers with Radar,150,11,6,6,173,3,251,44,5,303,153,262,50,11,476,32,0,32,508
03/26/2003,OGG,HI,AWP,WE,Towers with Radar,145,11,6,5,167,0,286,43,0,329,145,297,49,5,496,42,0,42,538
03/27/2003,OGG,HI,AWP,WE,Towers with Radar,155,11,8,6,180,0,214,25,7,246,155,225,33,13,426,31,2,33,459
03/28/2003,OGG,HI,AWP,WE,Towers with Radar,160,14,9,7,190,0,44,14,9,67,160,58,23,16,257,3,2,5,262
03/29/2003,OGG,HI,AWP,WE,Towers with Radar,151,12,7,5,175,0,258,19,0,277,151,270,26,5,452,52,0,52,504
03/30/2003,OGG,HI,AWP,WE,Towers with Radar,151,11,7,0,169,0,177,24,0,201,151,188,31,0,370,0,0,0,370
03/31/2003,OGG,HI,AWP,WE,Towers with Radar,153,12,7,2,174,5,238,18,0,261,158,250,25,2,435,21,0,21,456
04/01/2003,OGG,HI,AWP,WE,Towers with Radar,124,10,7,4,145,0,250,18,10,278,124,260,25,14,423,36,8,44,467
04/02/2003,OGG,HI,AWP,WE,Towers with Radar,119,10,6,4,139,17,289,52,0,358,136,299,58,4,497,26,0,26,523
04/03/2003,OGG,HI,AWP,WE,Towers with Radar,102,9,5,1,117,0,219,49,0,268,102,228,54,1,385,57,0,57,442
04/04/2003,OGG,HI,AWP,WE,Towers with Radar,126,10,7,5,148,0,202,39,5,246,126,212,46,10,394,2,0,2,396
04/05/2003,OGG,HI,AWP,WE,Towers with Radar,141,11,7,5,164,0,201,28,0,229,141,212,35,5,393,4,0,4,397
04/06/2003,OGG,HI,AWP,WE,Towers with Radar,110,8,6,4,128,1,130,16,3,150,111,138,22,7,278,10,0,10,288
04/07/2003,OGG,HI,AWP,WE,Towers with Radar,125,10,7,5,147,0,226,36,10,272,125,236,43,15,419,32,4,36,455
04/08/2003,OGG,HI,AWP,WE,Towers with Radar,142,11,7,5,165,7,283,32,8,330,149,294,39,13,495,43,2,45,540
04/09/2003,OGG,HI,AWP,WE,Towers with Radar,139,11,7,1,158,6,284,32,0,322,145,295,39,1,480,40,0,40,520
04/10/2003,OGG,HI,AWP,WE,Towers with Radar,140,12,8,5,165,0,208,39,21,268,140,220,47,26,433,34,0,34,467
04/11/2003,OGG,HI,AWP,WE,Towers with Radar,168,13,9,6,196,0,275,46,6,327,168,288,55,12,523,52,0,52,575
04/12/2003,OGG,HI,AWP,WE,Towers with Radar,131,10,6,0,147,0,128,31,0,159,131,138,37,0,306,12,0,12,318
04/13/2003,OGG,HI,AWP,WE,Towers with Radar,138,11,6,0,155,4,146,24,0,174,142,157,30,0,329,6,0,6,335
04/14/2003,OGG,HI,AWP,WE,Towers with Radar,132,10,6,0,148,7,225,37,0,269,139,235,43,0,417,34,0,34,451
04/15/2003,OGG,HI,AWP,WE,Towers with Radar,131,9,6,0,146,9,256,30,0,295,140,265,36,0,441,48,0,48,489
04/16/2003,OGG,HI,AWP,WE,Towers with Radar,138,10,6,0,154,2,297,51,0,350,140,307,57,0,504,21,0,21,525
04/17/2003,OGG,HI,AWP,WE,Towers with Radar,134,9,6,6,155,0,206,47,6,259,134,215,53,12,414,19,1,20,434
04/18/2003,OGG,HI,AWP,WE,Towers with Radar,144,10,7,2,163,0,223,40,0,263,144,233,47,2,426,22,0,22,448
04/19/2003,OGG,HI,AWP,WE,Towers with Radar,140,10,6,0,156,0,191,51,0,242,140,201,57,0,398,40,0,40,438
04/20/2003,OGG,HI,AWP,WE,Towers with Radar,128,9,6,0,143,0,112,30,0,142,128,121,36,0,285,0,0,0,285
04/21/2003,OGG,HI,AWP,WE,Towers with Radar,125,9,5,0,139,4,211,32,0,247,129,220,37,0,386,18,0,18,404
04/22/2003,OGG,HI,AWP,WE,Towers with Radar,150,11,6,0,167,10,280,45,0,335,160,291,51,0,502,30,0,30,532
04/23/2003,OGG,HI,AWP,WE,Towers with Radar,121,9,6,5,141,0,299,41,10,350,121,308,47,15,491,34,0,34,525
04/24/2003,OGG,HI,AWP,WE,Towers with Radar,121,10,6,5,142,0,294,41,19,354,121,304,47,24,496,62,0,62,558
04/25/2003,OGG,HI,AWP,WE,Towers with Radar,153,12,7,5,177,3,254,48,3,308,156,266,55,8,485,21,0,21,506
04/26/2003,OGG,HI,AWP,WE,Towers with Radar,123,10,5,0,138,9,187,38,0,234,132,197,43,0,372,20,0,20,392
04/27/2003,OGG,HI,AWP,WE,Towers with Radar,119,9,6,0,134,7,173,29,0,209,126,182,35,0,343,4,0,4,347
04/28/2003,OGG,HI,AWP,WE,Towers with Radar,139,11,6,5,161,2,237,44,2,285,141,248,50,7,446,36,0,36,482
04/29/2003,OGG,HI,AWP,WE,Towers with Radar,124,10,5,4,143,10,219,35,1,265,134,229,40,5,408,61,0,61,469
04/30/2003,OGG,HI,AWP,WE,Towers with Radar,112,9,5,2,128,0,248,46,0,294,112,257,51,2,422,42,0,42,464
05/01/2003,OGG,HI,AWP,WE,Towers with Radar,106,11,4,4,125,1,214,45,0,260,107,225,49,4,385,36,0,36,421
05/02/2003,OGG,HI,AWP,WE,Towers with Radar,139,17,5,9,170,0,208,52,19,279,139,225,57,28,449,14,0,14,463
05/03/2003,OGG,HI,AWP,WE,Towers with Radar,128,14,4,4,150,3,170,20,0,193,131,184,24,4,343,10,0,10,353
05/04/2003,OGG,HI,AWP,WE,Towers with Radar,120,13,4,5,142,9,164,16,0,189,129,177,20,5,331,2,0,2,333
05/05/2003,OGG,HI,AWP,WE,Towers with Radar,122,15,5,8,150,0,192,28,12,232,122,207,33,20,382,22,2,24,406
05/06/2003,OGG,HI,AWP,WE,Towers with Radar,125,14,4,7,150,1,221,30,1,253,126,235,34,8,403,30,0,30,433
05/07/2003,OGG,HI,AWP,WE,Towers with Radar,112,13,4,8,137,0,208,29,13,250,112,221,33,21,387,26,3,29,416
05/08/2003,OGG,HI,AWP,WE,Towers with Radar,108,13,4,8,133,0,244,32,17,293,108,257,36,25,426,76,0,76,502
05/09/2003,OGG,HI,AWP,WE,Towers with Radar,117,12,4,2,135,9,224,26,0,259,126,236,30,2,394,6,0,6,400
05/10/2003,OGG,HI,AWP,WE,Towers with Radar,121,13,4,0,138,11,216,34,0,261,132,229,38,0,399,24,0,24,423
05/11/2003,OGG,HI,AWP,WE,Towers with Radar,107,12,4,0,123,12,196,24,0,232,119,208,28,0,355,10,0,10,365
05/12/2003,OGG,HI,AWP,WE,Towers with Radar,104,11,4,2,121,7,286,32,0,325,111,297,36,2,446,73,0,73,519
05/13/2003,OGG,HI,AWP,WE,Towers with Radar,119,15,5,8,147,0,242,37,13,292,119,257,42,21,439,14,0,14,453
05/14/2003,OGG,HI,AWP,WE,Towers with Radar,116,13,4,7,140,0,214,45,3,262,116,227,49,10,402,26,0,26,428
05/15/2003,OGG,HI,AWP,WE,Towers with Radar,117,14,4,8,143,0,212,32,11,255,117,226,36,19,398,54,0,54,452
05/16/2003,OGG,HI,AWP,WE,Towers with Radar,134,14,5,0,153,0,247,43,0,290,134,261,48,0,443,50,14,64,507
05/17/2003,OGG,HI,AWP,WE,Towers with Radar,121,13,4,0,138,14,186,32,0,232,135,199,36,0,370,26,0,26,396
05/18/2003,OGG,HI,AWP,WE,Towers with Radar,115,11,3,0,129,5,175,35,0,215,120,186,38,0,344,8,0,8,352
05/19/2003,OGG,HI,AWP,WE,Towers with Radar,123,12,3,2,140,3,257,35,0,295,126,269,38,2,435,16,0,16,451
05/20/2003,OGG,HI,AWP,WE,Towers with Radar,136,13,4,5,158,0,217,21,0,238,136,230,25,5,396,30,0,30,426
05/21/2003,OGG,HI,AWP,WE,Towers with Radar,108,12,3,8,131,0,253,24,9,286,108,265,27,17,417,24,0,24,441
05/22/2003,OGG,HI,AWP,WE,Towers with Radar,126,13,4,9,152,0,176,32,6,214,126,189,36,15,366,65,8,73,439
05/23/2003,OGG,HI,AWP,WE,Towers with Radar,119,13,3,8,143,0,212,48,8,268,119,225,51,16,411,16,6,22,433
05/24/2003,OGG,HI,AWP,WE,Towers with Radar,128,13,3,0,144,14,203,25,0,242,142,216,28,0,386,30,0,30,416
05/25/2003,OGG,HI,AWP,WE,Towers with Radar,122,12,3,2,139,4,194,32,0,230,126,206,35,2,369,4,0,4,373
05/26/2003,OGG,HI,AWP,WE,Towers with Radar,112,11,3,2,128,5,202,26,0,233,117,213,29,2,361,4,0,4,365
05/27/2003,OGG,HI,AWP,WE,Towers with Radar,126,14,4,8,152,0,255,31,12,298,126,269,35,20,450,25,1,26,476
05/28/2003,OGG,HI,AWP,WE,Towers with Radar,119,13,3,7,142,1,282,30,7,320,120,295,33,14,462,40,0,40,502
05/29/2003,OGG,HI,AWP,WE,Towers with Radar,115,12,3,7,137,2,207,26,7,242,117,219,29,14,379,62,0,62,441
05/30/2003,OGG,HI,AWP,WE,Towers with Radar,122,12,3,0,137,8,0,0,0,8,130,12,3,0,145,19,0,19,164
05/31/2003,OGG,HI,AWP,WE,Towers with Radar,118,5,3,0,126,13,0,2,0,15,131,5,5,0,141,26,0,26,167
06/01/2003,OGG,HI,AWP,WE,Towers with Radar,128,14,6,0,148,13,165,25,0,203,141,179,31,0,351,12,0,12,363
06/02/2003,OGG,HI,AWP,WE,Towers with Radar,133,15,6,6,160,4,258,29,8,299,137,273,35,14,459,28,7,35,494
06/03/2003,OGG,HI,AWP,WE,Towers with Radar,135,15,6,4,160,9,251,38,0,298,144,266,44,4,458,54,0,54,512
06/04/2003,OGG,HI,AWP,WE,Towers with Radar,117,13,6,5,141,14,243,28,0,285,131,256,34,5,426,26,0,26,452
06/05/2003,OGG,HI,AWP,WE,Towers with Radar,124,14,6,6,150,0,266,25,9,300,124,280,31,15,450,6,2,8,458
06/06/2003,OGG,HI,AWP,WE,Towers with Radar,123,14,6,2,145,6,222,29,0,257,129,236,35,2,402,16,4,20,422
06/07/2003,OGG,HI,AWP,WE,Towers with Radar,133,15,6,5,159,4,179,39,0,222,137,194,45,5,381,31,0,31,412
06/08/2003,OGG,HI,AWP,WE,Towers with Radar,117,13,6,2,138,11,151,32,0,194,128,164,38,2,332,22,0,22,354
06/09/2003,OGG,HI,AWP,WE,Towers with Radar,126,14,6,3,149,9,246,33,0,288,135,260,39,3,437,6,1,7,444
06/10/2003,OGG,HI,AWP,WE,Towers with Radar,134,15,6,7,162,0,255,23,7,285,134,270,29,14,447,12,2,14,461
06/11/2003,OGG,HI,AWP,WE,Towers with Radar,126,15,7,6,154,0,274,32,12,318,126,289,39,18,472,22,0,22,494
06/12/2003,OGG,HI,AWP,WE,Towers with Radar,131,16,7,7,161,0,277,43,15,335,131,293,50,22,496,28,0,28,524
06/13/2003,OGG,HI,AWP,WE,Towers with Radar,133,15,6,0,154,6,199,33,0,238,139,214,39,0,392,28,0,28,420
06/14/2003,OGG,HI,AWP,WE,Towers with Radar,130,14,6,2,152,8,196,27,0,231,138,210,33,2,383,10,0,10,393
06/15/2003,OGG,HI,AWP,WE,Towers with Radar,120,13,6,0,139,0,148,44,0,192,120,161,50,0,331,22,0,22,353
06/16/2003,OGG,HI,AWP,WE,Towers with Radar,144,15,7,7,173,0,250,36,1,287,144,265,43,8,460,23,2,25,485
06/17/2003,OGG,HI,AWP,WE,Towers with Radar,133,14,6,7,160,0,269,25,5,299,133,283,31,12,459,30,0,30,489
06/18/2003,OGG,HI,AWP,WE,Towers with Radar,123,13,5,6,147,2,212,37,6,257,125,225,42,12,404,24,0,24,428
06/19/2003,OGG,HI,AWP,WE,Towers with Radar,126,15,6,7,154,0,195,20,12,227,126,210,26,19,381,24,5,29,410
06/20/2003,OGG,HI,AWP,WE,Towers with Radar,139,15,6,8,168,0,228,37,2,267,139,243,43,10,435,2,19,21,456
06/21/2003,OGG,HI,AWP,WE,Towers with Radar,132,13,5,0,150,4,156,31,0,191,136,169,36,0,341,8,0,8,349
06/22/2003,OGG,HI,AWP,WE,Towers with Radar,116,12,4,0,132,8,151,56,0,215,124,163,60,0,347,12,0,12,359
06/23/2003,OGG,HI,AWP,WE,Towers with Radar,151,17,6,8,182,0,274,37,5,316,151,291,43,13,498,32,0,32,530
06/24/2003,OGG,HI,AWP,WE,Towers with Radar,138,15,6,7,166,0,262,34,13,309,138,277,40,20,475,26,0,26,501
06/25/2003,OGG,HI,AWP,WE,Towers with Radar,119,13,5,5,142,4,237,23,11,275,123,250,28,16,417,20,10,30,447
06/26/2003,OGG,HI,AWP,WE,Towers with Radar,138,15,5,6,164,1,232,26,5,264,139,247,31,11,428,16,0,16,444
06/27/2003,OGG,HI,AWP,WE,Towers with Radar,113,13,4,5,135,0,242,33,1,276,113,255,37,6,411,53,9,62,473
06/28/2003,OGG,HI,AWP,WE,Towers with Radar,128,14,5,0,147,3,159,35,0,197,131,173,40,0,344,18,0,18,362
06/29/2003,OGG,HI,AWP,WE,Towers with Radar,127,14,5,0,146,7,160,32,0,199,134,174,37,0,345,12,0,12,357
06/30/2003,OGG,HI,AWP,WE,Towers with Radar,134,15,5,7,161,0,239,37,7,283,134,254,42,14,444,31,2,33,477
07/01/2003,OGG,HI,AWP,WE,Towers with Radar,147,15,6,9,177,0,274,45,14,333,147,289,51,23,510,32,6,38,548
07/02/2003,OGG,HI,AWP,WE,Towers with Radar,157,15,7,8,187,0,272,46,21,339,157,287,53,29,526,40,0,40,566
07/03/2003,OGG,HI,AWP,WE,Towers with Radar,140,13,5,3,161,7,272,34,0,313,147,285,39,3,474,16,0,16,490
07/04/2003,OGG,HI,AWP,WE,Towers with Radar,117,10,5,0,132,12,214,6,0,232,129,224,11,0,364,8,0,8,372
07/05/2003,OGG,HI,AWP,WE,Towers with Radar,128,12,5,2,147,9,147,21,0,177,137,159,26,2,324,6,0,6,330
07/06/2003,OGG,HI,AWP,WE,Towers with Radar,132,12,5,0,149,14,200,23,0,237,146,212,28,0,386,18,0,18,404
07/07/2003,OGG,HI,AWP,WE,Towers with Radar,136,13,5,7,161,0,193,31,1,225,136,206,36,8,386,36,0,36,422
07/08/2003,OGG,HI,AWP,WE,Towers with Radar,125,12,5,7,149,0,225,30,5,260,125,237,35,12,409,83,0,83,492
07/09/2003,OGG,HI,AWP,WE,Towers with Radar,124,11,5,4,144,0,232,35,0,267,124,243,40,4,411,61,0,61,472
07/10/2003,OGG,HI,AWP,WE,Towers with Radar,145,14,6,7,172,0,272,38,1,311,145,286,44,8,483,19,0,19,502
07/11/2003,OGG,HI,AWP,WE,Towers with Radar,147,13,6,6,172,1,280,45,0,326,148,293,51,6,498,20,0,20,518
07/12/2003,OGG,HI,AWP,WE,Towers with Radar,149,14,6,5,174,0,188,24,0,212,149,202,30,5,386,42,0,42,428
07/13/2003,OGG,HI,AWP,WE,Towers with Radar,154,14,6,5,179,4,217,24,0,245,158,231,30,5,424,24,0,24,448
07/14/2003,OGG,HI,AWP,WE,Towers with Radar,131,12,5,0,148,9,260,39,0,308,140,272,44,0,456,14,0,14,470
07/15/2003,OGG,HI,AWP,WE,Towers with Radar,144,15,6,8,173,0,256,21,19,296,144,271,27,27,469,18,0,18,487
07/16/2003,OGG,HI,AWP,WE,Towers with Radar,139,12,5,7,163,0,245,28,6,279,139,257,33,13,442,22,3,25,467
07/17/2003,OGG,HI,AWP,WE,Towers with Radar,137,14,6,8,165,0,279,26,25,330,137,293,32,33,495,32,0,32,527
07/18/2003,OGG,HI,AWP,WE,Towers with Radar,138,13,5,8,164,0,279,36,12,327,138,292,41,20,491,6,6,12,503
07/19/2003,OGG,HI,AWP,WE,Towers with Radar,132,11,4,0,147,6,155,19,0,180,138,166,23,0,327,8,0,8,335
07/20/2003,OGG,HI,AWP,WE,Towers with Radar,137,12,4,0,153,2,174,28,0,204,139,186,32,0,357,12,0,12,369
07/21/2003,OGG,HI,AWP,WE,Towers with Radar,136,12,4,5,157,9,207,29,0,245,145,219,33,5,402,16,0,16,418
07/22/2003,OGG,HI,AWP,WE,Towers with Radar,157,14,5,8,184,5,278,28,1,312,162,292,33,9,496,35,0,35,531
07/23/2003,OGG,HI,AWP,WE,Towers with Radar,142,12,5,8,167,0,296,36,5,337,142,308,41,13,504,12,0,12,516
07/24/2003,OGG,HI,AWP,WE,Towers with Radar,133,13,5,8,159,0,265,34,23,322,133,278,39,31,481,22,22,44,525
07/25/2003,OGG,HI,AWP,WE,Towers with Radar,143,12,5,7,167,4,221,41,3,269,147,233,46,10,436,20,0,20,456
07/26/2003,OGG,HI,AWP,WE,Towers with Radar,158,15,5,1,179,10,179,22,0,211,168,194,27,1,390,22,0,22,412
07/27/2003,OGG,HI,AWP,WE,Towers with Radar,138,13,4,0,155,11,151,45,0,207,149,164,49,0,362,14,0,14,376
07/28/2003,OGG,HI,AWP,WE,Towers with Radar,145,13,5,2,165,4,252,42,0,298,149,265,47,2,463,65,2,67,530
07/29/2003,OGG,HI,AWP,WE,Towers with Radar,156,14,5,6,181,2,253,55,0,310,158,267,60,6,491,14,0,14,505
07/30/2003,OGG,HI,AWP,WE,Towers with Radar,145,13,5,7,170,5,225,37,11,278,150,238,42,18,448,20,0,20,468
07/31/2003,OGG,HI,AWP,WE,Towers with Radar,128,12,4,6,150,7,231,19,1,258,135,243,23,7,408,14,0,14,422
08/01/2003,OGG,HI,AWP,WE,Towers with Radar,138,13,6,3,160,11,217,52,0,280,149,230,58,3,440,28,0,28,468
08/02/2003,OGG,HI,AWP,WE,Towers with Radar,140,13,6,5,164,7,161,34,0,202,147,174,40,5,366,26,0,26,392
08/03/2003,OGG,HI,AWP,WE,Towers with Radar,143,14,7,8,172,0,155,39,13,207,143,169,46,21,379,32,0,32,411
08/04/2003,OGG,HI,AWP,WE,Towers with Radar,157,15,7,8,187,0,212,27,4,243,157,227,34,12,430,28,0,28,458
08/05/2003,OGG,HI,AWP,WE,Towers with Radar,141,13,6,8,168,1,204,40,1,246,142,217,46,9,414,24,0,24,438
08/06/2003,OGG,HI,AWP,WE,Towers with Radar,142,13,7,7,169,3,202,30,9,244,145,215,37,16,413,28,0,28,441
08/07/2003,OGG,HI,AWP,WE,Towers with Radar,144,14,7,2,167,5,232,41,0,278,149,246,48,2,445,34,16,50,495
08/08/2003,OGG,HI,AWP,WE,Towers with Radar,134,13,6,6,159,4,217,37,0,258,138,230,43,6,417,10,24,34,451
08/09/2003,OGG,HI,AWP,WE,Towers with Radar,131,12,6,5,154,3,166,40,0,209,134,178,46,5,363,22,0,22,385
08/10/2003,OGG,HI,AWP,WE,Towers with Radar,152,14,7,0,173,7,151,31,0,189,159,165,38,0,362,17,0,17,379
08/11/2003,OGG,HI,AWP,WE,Towers with Radar,160,15,7,9,191,6,215,35,6,262,166,230,42,15,453,28,4,32,485
08/12/2003,OGG,HI,AWP,WE,Towers with Radar,165,15,7,9,196,6,262,40,5,313,171,277,47,14,509,50,7,57,566
08/13/2003,OGG,HI,AWP,WE,Towers with Radar,139,13,6,7,165,3,273,38,0,314,142,286,44,7,479,34,0,34,513
08/14/2003,OGG,HI,AWP,WE,Towers with Radar,149,15,8,9,181,0,178,28,31,237,149,193,36,40,418,58,0,58,476
08/15/2003,OGG,HI,AWP,WE,Towers with Radar,133,11,6,6,156,7,247,38,0,292,140,258,44,6,448,26,0,26,474
08/16/2003,OGG,HI,AWP,WE,Towers with Radar,157,14,7,9,187,0,152,24,0,176,157,166,31,9,363,30,0,30,393
08/17/2003,OGG,HI,AWP,WE,Towers with Radar,151,13,7,1,172,12,178,49,0,239,163,191,56,1,411,52,2,54,465
08/18/2003,OGG,HI,AWP,WE,Towers with Radar,149,12,6,6,173,5,220,25,0,250,154,232,31,6,423,38,0,38,461
08/19/2003,OGG,HI,AWP,WE,Towers with Radar,159,14,6,10,189,0,241,46,8,295,159,255,52,18,484,66,4,70,554
08/20/2003,OGG,HI,AWP,WE,Towers with Radar,153,14,6,9,182,0,246,42,5,293,153,260,48,14,475,28,0,28,503
08/21/2003,OGG,HI,AWP,WE,Towers with Radar,138,12,5,3,158,0,223,47,0,270,138,235,52,3,428,8,0,8,436
08/22/2003,OGG,HI,AWP,WE,Towers with Radar,139,12,5,2,158,0,228,24,0,252,139,240,29,2,410,41,2,43,453
08/23/2003,OGG,HI,AWP,WE,Towers with Radar,129,11,5,2,147,2,167,28,0,197,131,178,33,2,344,59,0,59,403
08/24/2003,OGG,HI,AWP,WE,Towers with Radar,135,13,5,1,154,4,146,42,0,192,139,159,47,1,346,32,0,32,378
08/25/2003,OGG,HI,AWP,WE,Towers with Radar,152,15,6,8,181,0,213,43,8,264,152,228,49,16,445,24,2,26,471
08/26/2003,OGG,HI,AWP,WE,Towers with Radar,109,13,5,7,134,0,203,53,25,281,109,216,58,32,415,20,11,31,446
08/27/2003,OGG,HI,AWP,WE,Towers with Radar,114,11,4,2,131,7,215,43,0,265,121,226,47,2,396,18,2,20,416
08/28/2003,OGG,HI,AWP,WE,Towers with Radar,121,13,5,7,146,0,208,33,15,256,121,221,38,22,402,46,0,46,448
08/29/2003,OGG,HI,AWP,WE,Towers with Radar,124,11,5,3,143,3,224,49,0,276,127,235,54,3,419,22,0,22,441
08/30/2003,OGG,HI,AWP,WE,Towers with Radar,129,12,5,0,146,5,151,28,0,184,134,163,33,0,330,14,0,14,344
08/31/2003,OGG,HI,AWP,WE,Towers with Radar,121,11,5,0,137,6,116,35,0,157,127,127,40,0,294,6,0,6,300
09/01/2003,OGG,HI,AWP,WE,Towers with Radar,144,17,4,3,168,11,34,11,0,56,155,51,15,3,224,40,1,41,265
09/02/2003,OGG,HI,AWP,WE,Towers with Radar,129,15,3,9,156,7,192,27,0,226,136,207,30,9,382,16,0,16,398
09/03/2003,OGG,HI,AWP,WE,Towers with Radar,108,13,3,5,129,4,195,28,0,227,112,208,31,5,356,40,0,40,396
09/04/2003,OGG,HI,AWP,WE,Towers with Radar,109,13,3,8,133,0,214,30,6,250,109,227,33,14,383,20,4,24,407
09/05/2003,OGG,HI,AWP,WE,Towers with Radar,121,15,3,2,141,8,179,31,0,218,129,194,34,2,359,32,2,34,393
09/06/2003,OGG,HI,AWP,WE,Towers with Radar,112,13,3,4,132,8,120,25,0,153,120,133,28,4,285,46,0,46,331
09/07/2003,OGG,HI,AWP,WE,Towers with Radar,106,13,3,2,124,9,113,12,0,134,115,126,15,2,258,10,0,10,268
09/08/2003,OGG,HI,AWP,WE,Towers with Radar,119,14,3,8,144,5,135,21,4,165,124,149,24,12,309,34,0,34,343
09/09/2003,OGG,HI,AWP,WE,Towers with Radar,98,11,3,7,119,0,168,19,9,196,98,179,22,16,315,34,2,36,351
09/10/2003,OGG,HI,AWP,WE,Towers with Radar,110,15,3,9,137,0,203,12,13,228,110,218,15,22,365,30,10,40,405
09/11/2003,OGG,HI,AWP,WE,Towers with Radar,109,14,3,8,134,0,210,23,8,241,109,224,26,16,375,28,0,28,403
09/12/2003,OGG,HI,AWP,WE,Towers with Radar,130,15,3,9,157,5,214,23,4,246,135,229,26,13,403,17,12,29,432
09/13/2003,OGG,HI,AWP,WE,Towers with Radar,120,14,3,4,141,8,138,25,0,171,128,152,28,4,312,20,0,20,332
09/14/2003,OGG,HI,AWP,WE,Towers with Radar,115,14,3,5,137,7,138,16,0,161,122,152,19,5,298,10,1,11,309
09/15/2003,OGG,HI,AWP,WE,Towers with Radar,129,14,3,3,149,6,261,27,0,294,135,275,30,3,443,28,1,29,472
09/16/2003,OGG,HI,AWP,WE,Towers with Radar,127,16,2,10,155,0,193,38,16,247,127,209,40,26,402,36,16,52,454
09/17/2003,OGG,HI,AWP,WE,Towers with Radar,112,12,2,9,135,1,225,28,15,269,113,237,30,24,404,24,4,28,432
09/18/2003,OGG,HI,AWP,WE,Towers with Radar,107,15,2,10,134,0,197,27,29,253,107,212,29,39,387,38,6,44,431
09/19/2003,OGG,HI,AWP,WE,Towers with Radar,123,14,2,3,142,6,190,28,0,224,129,204,30,3,366,29,0,29,395
09/20/2003,OGG,HI,AWP,WE,Towers with Radar,122,14,2,6,144,1,168,37,0,206,123,182,39,6,350,22,0,22,372
09/21/2003,OGG,HI,AWP,WE,Towers with Radar,120,13,2,4,139,0,151,38,0,189,120,164,40,4,328,14,0,14,342
09/22/2003,OGG,HI,AWP,WE,Towers with Radar,122,14,2,0,138,7,202,40,0,249,129,216,42,0,387,24,0,24,411
09/23/2003,OGG,HI,AWP,WE,Towers with Radar,103,11,2,6,122,0,179,5,0,184,103,190,7,6,306,22,0,22,328
09/24/2003,OGG,HI,AWP,WE,Towers with Radar,125,15,3,11,154,0,183,40,15,238,125,198,43,26,392,40,12,52,444
09/25/2003,OGG,HI,AWP,WE,Towers with Radar,112,14,2,8,136,0,194,27,3,224,112,208,29,11,360,34,2,36,396
09/26/2003,OGG,HI,AWP,WE,Towers with Radar,129,16,2,10,157,0,208,39,14,261,129,224,41,24,418,34,0,34,452
09/27/2003,OGG,HI,AWP,WE,Towers with Radar,111,13,2,0,126,6,160,36,0,202,117,173,38,0,328,30,0,30,358
09/28/2003,OGG,HI,AWP,WE,Towers with Radar,102,12,2,2,118,7,87,42,0,136,109,99,44,2,254,18,0,18,272
09/29/2003,OGG,HI,AWP,WE,Towers with Radar,115,14,2,8,139,0,168,29,10,207,115,182,31,18,346,32,4,36,382
09/30/2003,OGG,HI,AWP,WE,Towers with Radar,93,11,1,7,112,6,177,37,3,223,99,188,38,10,335,46,0,46,381
10/01/2003,OGG,HI,AWP,WE,Towers with Radar,98,15,5,8,126,0,221,10,24,255,98,236,15,32,381,16,0,16,397
10/02/2003,OGG,HI,AWP,WE,Towers with Radar,121,17,5,10,153,0,201,22,16,239,121,218,27,26,392,40,0,40,432
10/03/2003,OGG,HI,AWP,WE,Towers with Radar,124,18,6,10,158,0,166,37,24,227,124,184,43,34,385,14,2,16,401
10/04/2003,OGG,HI,AWP,WE,Towers with Radar,112,16,5,2,135,13,146,28,0,187,125,162,33,2,322,48,0,48,370
10/05/2003,OGG,HI,AWP,WE,Towers with Radar,103,14,4,8,129,6,132,29,1,168,109,146,33,9,297,19,1,20,317
10/06/2003,OGG,HI,AWP,WE,Towers with Radar,109,15,5,1,130,10,141,35,0,186,119,156,40,1,316,14,0,14,330
10/07/2003,OGG,HI,AWP,WE,Towers with Radar,102,14,4,4,124,8,186,20,0,214,110,200,24,4,338,44,0,44,382
10/08/2003,OGG,HI,AWP,WE,Towers with Radar,97,15,4,8,124,0,174,14,0,188,97,189,18,8,312,8,0,8,320
10/09/2003,OGG,HI,AWP,WE,Towers with Radar,102,14,4,9,129,0,216,13,3,232,102,230,17,12,361,41,6,47,408
10/10/2003,OGG,HI,AWP,WE,Towers with Radar,116,16,5,2,139,15,220,30,0,265,131,236,35,2,404,10,0,10,414
10/11/2003,OGG,HI,AWP,WE,Towers with Radar,111,16,5,4,136,14,47,23,0,84,125,63,28,4,220,21,0,21,241
10/12/2003,OGG,HI,AWP,WE,Towers with Radar,99,14,4,0,117,8,155,17,0,180,107,169,21,0,297,6,0,6,303
10/13/2003,OGG,HI,AWP,WE,Towers with Radar,107,14,5,0,126,7,170,34,0,211,114,184,39,0,337,22,0,22,359
10/14/2003,OGG,HI,AWP,WE,Towers with Radar,112,16,5,8,141,1,209,21,3,234,113,225,26,11,375,40,2,42,417
10/15/2003,OGG,HI,AWP,WE,Towers with Radar,108,13,5,4,130,3,183,25,0,211,111,196,30,4,341,35,0,35,376
10/16/2003,OGG,HI,AWP,WE,Towers with Radar,119,16,4,11,150,0,227,39,8,274,119,243,43,19,424,30,32,62,486
10/17/2003,OGG,HI,AWP,WE,Towers with Radar,113,15,4,3,135,13,220,40,0,273,126,235,44,3,408,40,0,40,448
10/18/2003,OGG,HI,AWP,WE,Towers with Radar,113,15,4,0,132,7,179,32,0,218,120,194,36,0,350,44,0,44,394
10/19/2003,OGG,HI,AWP,WE,Towers with Radar,127,16,4,8,155,2,146,44,0,192,129,162,48,8,347,28,0,28,375
10/20/2003,OGG,HI,AWP,WE,Towers with Radar,130,20,5,13,168,0,216,44,18,278,130,236,49,31,446,22,5,27,473
10/21/2003,OGG,HI,AWP,WE,Towers with Radar,117,17,4,11,149,0,235,28,12,275,117,252,32,23,424,42,6,48,472
10/22/2003,OGG,HI,AWP,WE,Towers with Radar,108,13,4,3,128,3,215,39,0,257,111,228,43,3,385,34,0,34,419
10/23/2003,OGG,HI,AWP,WE,Towers with Radar,92,13,3,6,114,0,233,40,0,273,92,246,43,6,387,37,0,37,424
10/24/2003,OGG,HI,AWP,WE,Towers with Radar,113,15,4,0,132,4,202,39,0,245,117,217,43,0,377,62,0,62,439
10/25/2003,OGG,HI,AWP,WE,Towers with Radar,123,16,4,3,146,0,159,44,0,203,123,175,48,3,349,25,0,25,374
10/26/2003,OGG,HI,AWP,WE,Towers with Radar,104,14,3,0,121,7,116,51,0,174,111,130,54,0,295,10,0,10,305
10/27/2003,OGG,HI,AWP,WE,Towers with Radar,127,18,4,11,160,0,167,38,5,210,127,185,42,16,370,34,0,34,404
10/28/2003,OGG,HI,AWP,WE,Towers with Radar,99,17,4,9,129,0,167,20,32,219,99,184,24,41,348,55,0,55,403
10/29/2003,OGG,HI,AWP,WE,Towers with Radar,92,13,3,0,108,3,184,33,0,220,95,197,36,0,328,45,0,45,373
10/30/2003,OGG,HI,AWP,WE,Towers with Radar,106,16,4,8,134,0,201,27,16,244,106,217,31,24,378,34,4,38,416
10/31/2003,OGG,HI,AWP,WE,Towers with Radar,119,16,4,6,145,1,160,73,0,234,120,176,77,6,379,32,0,32,411
11/01/2003,OGG,HI,AWP,WE,Towers with Radar,115,16,5,4,140,5,109,26,0,140,120,125,31,4,280,35,0,35,315
11/02/2003,OGG,HI,AWP,WE,Towers with Radar,119,17,5,3,144,9,147,62,0,218,128,164,67,3,362,44,0,44,406
11/03/2003,OGG,HI,AWP,WE,Towers with Radar,106,15,5,3,129,0,188,34,5,227,106,203,39,8,356,54,0,54,410
11/04/2003,OGG,HI,AWP,WE,Towers with Radar,124,19,6,4,153,0,186,25,9,220,124,205,31,13,373,30,20,50,423
11/05/2003,OGG,HI,AWP,WE,Towers with Radar,112,16,5,4,137,0,174,41,35,250,112,190,46,39,387,62,0,62,449
11/06/2003,OGG,HI,AWP,WE,Towers with Radar,104,15,5,3,127,1,200,49,3,253,105,215,54,6,380,42,0,42,422
11/07/2003,OGG,HI,AWP,WE,Towers with Radar,119,17,5,4,145,0,190,40,5,235,119,207,45,9,380,66,2,68,448
11/08/2003,OGG,HI,AWP,WE,Towers with Radar,110,16,5,0,131,8,135,39,0,182,118,151,44,0,313,59,6,65,378
11/09/2003,OGG,HI,AWP,WE,Towers with Radar,97,14,4,2,117,4,129,22,0,155,101,143,26,2,272,18,0,18,290
11/10/2003,OGG,HI,AWP,WE,Towers with Radar,115,16,5,1,137,7,179,37,0,223,122,195,42,1,360,28,0,28,388
11/11/2003,OGG,HI,AWP,WE,Towers with Radar,105,15,5,0,125,12,182,25,0,219,117,197,30,0,344,38,0,38,382
11/12/2003,OGG,HI,AWP,WE,Towers with Radar,103,15,4,3,125,2,180,17,23,222,105,195,21,26,347,27,0,27,374
11/13/2003,OGG,HI,AWP,WE,Towers with Radar,114,16,5,4,139,2,163,20,5,190,116,179,25,9,329,30,0,30,359
11/14/2003,OGG,HI,AWP,WE,Towers with Radar,121,19,5,4,149,0,163,26,18,207,121,182,31,22,356,18,0,18,374
11/15/2003,OGG,HI,AWP,WE,Towers with Radar,125,18,4,3,150,10,167,31,0,208,135,185,35,3,358,10,0,10,368
11/16/2003,OGG,HI,AWP,WE,Towers with Radar,103,14,3,1,121,6,91,22,0,119,109,105,25,1,240,9,0,9,249
11/17/2003,OGG,HI,AWP,WE,Towers with Radar,100,14,3,4,121,0,181,21,11,213,100,195,24,15,334,16,9,25,359
11/18/2003,OGG,HI,AWP,WE,Towers with Radar,103,14,3,4,124,0,148,17,2,167,103,162,20,6,291,34,0,34,325
11/19/2003,OGG,HI,AWP,WE,Towers with Radar,105,15,4,5,129,0,94,11,7,112,105,109,15,12,241,13,1,14,255
11/20/2003,OGG,HI,AWP,WE,Towers with Radar,119,16,4,5,144,0,188,27,4,219,119,204,31,9,363,26,1,27,390
11/21/2003,OGG,HI,AWP,WE,Towers with Radar,123,17,4,1,145,0,223,49,0,272,123,240,53,1,417,52,0,52,469
11/22/2003,OGG,HI,AWP,WE,Towers with Radar,128,17,4,0,149,2,143,34,0,179,130,160,38,0,328,40,0,40,368
11/23/2003,OGG,HI,AWP,WE,Towers with Radar,120,16,4,0,140,7,149,35,0,191,127,165,39,0,331,24,0,24,355
11/24/2003,OGG,HI,AWP,WE,Towers with Radar,125,17,4,0,146,3,235,29,0,267,128,252,33,0,413,36,2,38,451
11/25/2003,OGG,HI,AWP,WE,Towers with Radar,114,18,4,4,140,0,225,23,7,255,114,243,27,11,395,30,0,30,425
11/26/2003,OGG,HI,AWP,WE,Towers with Radar,110,16,4,4,134,0,215,50,5,270,110,231,54,9,404,26,5,31,435
11/27/2003,OGG,HI,AWP,WE,Towers with Radar,91,13,3,1,108,7,143,33,0,183,98,156,36,1,291,10,0,10,301
11/28/2003,OGG,HI,AWP,WE,Towers with Radar,119,17,4,1,141,0,184,33,0,217,119,201,37,1,358,14,0,14,372
11/29/2003,OGG,HI,AWP,WE,Towers with Radar,139,20,5,0,164,0,50,50,0,100,139,70,55,0,264,28,0,28,292
11/30/2003,OGG,HI,AWP,WE,Towers with Radar,123,18,4,0,145,0,124,41,0,165,123,142,45,0,310,30,0,30,340
12/01/2003,OGG,HI,AWP,WE,Towers with Radar,124,19,8,8,159,0,77,0,0,77,124,96,8,8,236,24,0,24,260
12/02/2003,OGG,HI,AWP,WE,Towers with Radar,124,24,10,10,168,0,33,8,22,63,124,57,18,32,231,6,0,6,237
12/03/2003,OGG,HI,AWP,WE,Towers with Radar,113,21,9,9,152,0,148,38,21,207,113,169,47,30,359,68,6,74,433
12/04/2003,OGG,HI,AWP,WE,Towers with Radar,124,20,8,8,160,0,168,25,0,193,124,188,33,8,353,36,0,36,389
12/05/2003,OGG,HI,AWP,WE,Towers with Radar,130,20,9,9,168,0,215,21,1,237,130,235,30,10,405,40,0,40,445
12/06/2003,OGG,HI,AWP,WE,Towers with Radar,110,17,7,6,140,9,151,43,0,203,119,168,50,6,343,56,0,56,399
12/07/2003,OGG,HI,AWP,WE,Towers with Radar,99,15,7,6,127,10,122,28,1,161,109,137,35,7,288,41,0,41,329
12/08/2003,OGG,HI,AWP,WE,Towers with Radar,110,17,7,7,141,8,145,13,0,166,118,162,20,7,307,35,4,39,346
12/09/2003,OGG,HI,AWP,WE,Towers with Radar,122,20,8,9,159,0,152,32,5,189,122,172,40,14,348,26,2,28,376
12/10/2003,OGG,HI,AWP,WE,Towers with Radar,119,18,8,8,153,0,114,20,8,142,119,132,28,16,295,18,0,18,313
12/11/2003,OGG,HI,AWP,WE,Towers with Radar,110,17,7,7,141,6,166,28,1,201,116,183,35,8,342,18,0,18,360
12/12/2003,OGG,HI,AWP,WE,Towers with Radar,126,19,8,9,162,2,164,34,8,208,128,183,42,17,370,16,4,20,390
12/13/2003,OGG,HI,AWP,WE,Towers with Radar,119,18,8,0,145,1,127,31,0,159,120,145,39,0,304,14,0,14,318
12/14/2003,OGG,HI,AWP,WE,Towers with Radar,95,15,6,0,116,14,98,19,0,131,109,113,25,0,247,8,0,8,255
12/15/2003,OGG,HI,AWP,WE,Towers with Radar,119,18,8,2,147,8,160,48,0,216,127,178,56,2,363,45,0,45,408
12/16/2003,OGG,HI,AWP,WE,Towers with Radar,119,20,8,9,156,0,163,31,18,212,119,183,39,27,368,24,0,24,392
12/17/2003,OGG,HI,AWP,WE,Towers with Radar,120,19,9,9,157,0,130,23,16,169,120,149,32,25,326,34,6,40,366
12/18/2003,OGG,HI,AWP,WE,Towers with Radar,113,17,7,8,145,6,186,32,0,224,119,203,39,8,369,42,0,42,411
12/19/2003,OGG,HI,AWP,WE,Towers with Radar,144,21,9,0,174,16,229,34,0,279,160,250,43,0,453,40,0,40,493
12/20/2003,OGG,HI,AWP,WE,Towers with Radar,139,20,8,0,167,8,190,41,0,239,147,210,49,0,406,16,0,16,422
12/21/2003,OGG,HI,AWP,WE,Towers with Radar,140,20,8,4,172,14,193,38,0,245,154,213,46,4,417,2,0,2,419
12/22/2003,OGG,HI,AWP,WE,Towers with Radar,171,25,10,12,218,0,206,46,4,256,171,231,56,16,474,26,8,34,508
12/23/2003,OGG,HI,AWP,WE,Towers with Radar,134,21,9,11,175,0,202,23,4,229,134,223,32,15,404,32,6,38,442
12/24/2003,OGG,HI,AWP,WE,Towers with Radar,111,16,6,0,133,15,238,38,0,291,126,254,44,0,424,32,0,32,456
12/25/2003,OGG,HI,AWP,WE,Towers with Radar,97,14,5,0,116,13,41,11,0,65,110,55,16,0,181,4,0,4,185
12/26/2003,OGG,HI,AWP,WE,Towers with Radar,129,19,8,0,156,0,233,66,0,299,129,252,74,0,455,24,0,24,479
12/27/2003,OGG,HI,AWP,WE,Towers with Radar,145,22,8,0,175,7,243,58,0,308,152,265,66,0,483,22,0,22,505
12/28/2003,OGG,HI,AWP,WE,Towers with Radar,113,17,6,0,136,7,193,30,0,230,120,210,36,0,366,28,0,28,394
12/29/2003,OGG,HI,AWP,WE,Towers with Radar,136,22,8,8,174,0,184,44,0,228,136,206,52,8,402,45,0,45,447
12/30/2003,OGG,HI,AWP,WE,Towers with Radar,122,21,8,10,161,0,241,28,15,284,122,262,36,25,445,66,0,66,511
12/31/2003,OGG,HI,AWP,WE,Towers with Radar,111,17,6,0,134,0,147,24,0,171,111,164,30,0,305,22,0,22,327
01/01/2004,OGG,HI,AWP,WE,Towers with Radar,109,16,11,0,136,0,54,24,0,78,109,70,35,0,214,2,0,2,216
01/02/2004,OGG,HI,AWP,WE,Towers with Radar,134,19,11,0,164,0,99,27,0,126,134,118,38,0,290,22,0,22,312
01/03/2004,OGG,HI,AWP,WE,Towers with Radar,166,24,14,0,204,0,12,22,0,34,166,36,36,0,238,0,0,0,238
01/04/2004,OGG,HI,AWP,WE,Towers with Radar,129,16,10,1,156,2,140,73,0,215,131,156,83,1,371,30,0,30,401
01/05/2004,OGG,HI,AWP,WE,Towers with Radar,143,18,11,5,177,9,224,59,0,292,152,242,70,5,469,18,0,18,487
01/06/2004,OGG,HI,AWP,WE,Towers with Radar,117,15,9,6,147,0,239,40,6,285,117,254,49,12,432,43,0,43,475
01/07/2004,OGG,HI,AWP,WE,Towers with Radar,116,15,9,6,146,0,255,62,6,323,116,270,71,12,469,66,0,66,535
01/08/2004,OGG,HI,AWP,WE,Towers with Radar,109,15,9,6,139,0,193,42,11,246,109,208,51,17,385,34,0,34,419
01/09/2004,OGG,HI,AWP,WE,Towers with Radar,118,15,9,4,146,11,200,33,0,244,129,215,42,4,390,30,0,30,420
01/10/2004,OGG,HI,AWP,WE,Towers with Radar,133,17,10,2,162,3,174,49,0,226,136,191,59,2,388,28,0,28,416
01/11/2004,OGG,HI,AWP,WE,Towers with Radar,127,16,10,6,159,0,114,44,0,158,127,130,54,6,317,22,0,22,339
01/12/2004,OGG,HI,AWP,WE,Towers with Radar,129,16,10,0,155,3,176,26,0,205,132,192,36,0,360,18,0,18,378
01/13/2004,OGG,HI,AWP,WE,Towers with Radar,116,16,10,6,148,0,195,26,18,239,116,211,36,24,387,42,2,44,431
01/14/2004,OGG,HI,AWP,WE,Towers with Radar,133,17,11,0,161,0,94,4,0,98,133,111,15,0,259,2,0,2,261
01/15/2004,OGG,HI,AWP,WE,Towers with Radar,120,14,8,7,149,4,235,41,5,285,124,249,49,12,434,26,0,26,460
01/16/2004,OGG,HI,AWP,WE,Towers with Radar,131,15,9,2,157,17,229,33,0,279,148,244,42,2,436,34,0,34,470
01/17/2004,OGG,HI,AWP,WE,Towers with Radar,127,14,9,1,151,11,200,45,0,256,138,214,54,1,407,44,0,44,451
01/18/2004,OGG,HI,AWP,WE,Towers with Radar,116,13,9,0,138,7,160,19,0,186,123,173,28,0,324,15,0,15,339
01/19/2004,OGG,HI,AWP,WE,Towers with Radar,121,14,8,0,143,8,168,30,0,206,129,182,38,0,349,44,0,44,393
01/20/2004,OGG,HI,AWP,WE,Towers with Radar,125,16,9,7,157,0,201,31,20,252,125,217,40,27,409,18,4,22,431
01/21/2004,OGG,HI,AWP,WE,Towers with Radar,120,14,8,1,143,6,187,28,0,221,126,201,36,1,364,28,0,28,392
01/22/2004,OGG,HI,AWP,WE,Towers with Radar,103,12,7,2,124,11,244,33,0,288,114,256,40,2,412,54,0,54,466
01/23/2004,OGG,HI,AWP,WE,Towers with Radar,111,13,8,0,132,13,192,16,0,221,124,205,24,0,353,14,0,14,367
01/24/2004,OGG,HI,AWP,WE,Towers with Radar,117,14,8,2,141,10,113,19,0,142,127,127,27,2,283,46,0,46,329
01/25/2004,OGG,HI,AWP,WE,Towers with Radar,114,13,8,0,135,9,123,23,0,155,123,136,31,0,290,6,0,6,296
01/26/2004,OGG,HI,AWP,WE,Towers with Radar,136,16,10,7,169,2,125,11,7,145,138,141,21,14,314,37,12,49,363
01/27/2004,OGG,HI,AWP,WE,Towers with Radar,111,15,9,7,142,0,177,44,17,238,111,192,53,24,380,64,10,74,454
01/28/2004,OGG,HI,AWP,WE,Towers with Radar,115,14,8,7,144,0,189,42,17,248,115,203,50,24,392,30,2,32,424
01/29/2004,OGG,HI,AWP,WE,Towers with Radar,109,14,7,5,135,4,232,29,11,276,113,246,36,16,411,44,0,44,455
01/30/2004,OGG,HI,AWP,WE,Towers with Radar,136,16,10,7,169,0,162,28,14,204,136,178,38,21,373,51,0,51,424
01/31/2004,OGG,HI,AWP,WE,Towers with Radar,141,17,10,7,175,0,158,35,9,202,141,175,45,16,377,16,0,16,393
02/01/2004,OGG,HI,AWP,WE,Towers with Radar,113,17,6,2,138,13,88,17,0,118,126,105,23,2,256,0,0,0,256
02/02/2004,OGG,HI,AWP,WE,Towers with Radar,121,18,7,3,149,12,155,34,0,201,133,173,41,3,350,34,6,40,390
02/03/2004,OGG,HI,AWP,WE,Towers with Radar,111,17,6,6,140,1,185,27,12,225,112,202,33,18,365,24,18,42,407
02/04/2004,OGG,HI,AWP,WE,Towers with Radar,115,20,7,7,149,0,175,32,25,232,115,195,39,32,381,47,0,47,428
02/05/2004,OGG,HI,AWP,WE,Towers with Radar,102,16,6,3,127,4,198,20,0,222,106,214,26,3,349,25,0,25,374
02/06/2004,OGG,HI,AWP,WE,Towers with Radar,126,19,7,6,158,1,181,34,6,222,127,200,41,12,380,22,0,22,402
02/07/2004,OGG,HI,AWP,WE,Towers with Radar,113,17,6,6,142,4,115,33,5,157,117,132,39,11,299,62,0,62,361
02/08/2004,OGG,HI,AWP,WE,Towers with Radar,115,18,6,2,141,10,143,38,0,191,125,161,44,2,332,19,0,19,351
02/09/2004,OGG,HI,AWP,WE,Towers with Radar,134,21,7,6,168,0,190,35,0,225,134,211,42,6,393,24,0,24,417
02/10/2004,OGG,HI,AWP,WE,Towers with Radar,123,21,7,7,158,0,200,27,23,250,123,221,34,30,408,60,6,66,474
02/11/2004,OGG,HI,AWP,WE,Towers with Radar,107,17,6,0,130,4,182,28,0,214,111,199,34,0,344,26,0,26,370
02/12/2004,OGG,HI,AWP,WE,Towers with Radar,113,17,6,0,136,0,226,60,0,286,113,243,66,0,422,32,0,32,454
02/13/2004,OGG,HI,AWP,WE,Towers with Radar,132,21,7,7,167,0,263,51,3,317,132,284,58,10,484,22,0,22,506
02/14/2004,OGG,HI,AWP,WE,Towers with Radar,129,20,8,0,157,0,236,55,0,291,129,256,63,0,448,10,0,10,458
02/15/2004,OGG,HI,AWP,WE,Towers with Radar,129,20,7,0,156,1,177,40,0,218,130,197,47,0,374,0,0,0,374
02/16/2004,OGG,HI,AWP,WE,Towers with Radar,126,19,7,1,153,0,165,42,0,207,126,184,49,1,360,32,0,32,392
02/17/2004,OGG,HI,AWP,WE,Towers with Radar,113,18,7,6,144,0,202,24,14,240,113,220,31,20,384,44,3,47,431
02/18/2004,OGG,HI,AWP,WE,Towers with Radar,113,16,6,5,140,2,281,50,0,333,115,297,56,5,473,30,10,40,513
02/19/2004,OGG,HI,AWP,WE,Towers with Radar,110,17,5,6,138,0,222,46,0,268,110,239,51,6,406,16,0,16,422
02/20/2004,OGG,HI,AWP,WE,Towers with Radar,121,19,6,8,154,0,226,64,8,298,121,245,70,16,452,36,0,36,488
02/21/2004,OGG,HI,AWP,WE,Towers with Radar,126,18,6,0,150,5,191,42,0,238,131,209,48,0,388,0,0,0,388
02/22/2004,OGG,HI,AWP,WE,Towers with Radar,118,16,6,0,140,2,190,33,0,225,120,206,39,0,365,22,0,22,387
02/23/2004,OGG,HI,AWP,WE,Towers with Radar,133,19,6,3,161,10,233,38,0,281,143,252,44,3,442,10,0,10,452
02/24/2004,OGG,HI,AWP,WE,Towers with Radar,107,16,6,7,136,0,224,37,9,270,107,240,43,16,406,30,14,44,450
02/25/2004,OGG,HI,AWP,WE,Towers with Radar,116,17,6,7,146,0,199,33,8,240,116,216,39,15,386,24,4,28,414
02/26/2004,OGG,HI,AWP,WE,Towers with Radar,115,16,5,0,136,8,189,30,0,227,123,205,35,0,363,14,0,14,377
02/27/2004,OGG,HI,AWP,WE,Towers with Radar,130,19,5,0,154,6,72,0,0,78,136,91,5,0,232,8,0,8,240
02/28/2004,OGG,HI,AWP,WE,Towers with Radar,131,20,6,1,158,0,43,2,0,45,131,63,8,1,203,2,0,2,205
02/29/2004,OGG,HI,AWP,WE,Towers with Radar,123,19,6,2,150,3,146,15,0,164,126,165,21,2,314,4,0,4,318
03/01/2004,OGG,HI,AWP,WE,Towers with Radar,124,25,9,0,158,9,151,29,0,189,133,176,38,0,347,11,0,11,358
03/02/2004,OGG,HI,AWP,WE,Towers with Radar,115,23,8,0,146,8,139,4,0,151,123,162,12,0,297,38,0,38,335
03/03/2004,OGG,HI,AWP,WE,Towers with Radar,112,27,10,6,155,0,42,9,15,66,112,69,19,21,221,6,0,6,227
03/04/2004,OGG,HI,AWP,WE,Towers with Radar,120,25,10,6,161,0,170,27,15,212,120,195,37,21,373,12,0,12,385
03/05/2004,OGG,HI,AWP,WE,Towers with Radar,125,25,9,6,165,7,215,44,6,272,132,240,53,12,437,32,0,32,469
03/06/2004,OGG,HI,AWP,WE,Towers with Radar,117,23,9,2,151,9,176,26,0,211,126,199,35,2,362,44,0,44,406
03/07/2004,OGG,HI,AWP,WE,Towers with Radar,110,22,9,3,144,8,168,22,0,198,118,190,31,3,342,28,0,28,370
03/08/2004,OGG,HI,AWP,WE,Towers with Radar,145,29,10,6,190,6,199,26,0,231,151,228,36,6,421,8,0,8,429
03/09/2004,OGG,HI,AWP,WE,Towers with Radar,109,22,7,4,142,0,229,51,0,280,109,251,58,4,422,22,0,22,444
03/10/2004,OGG,HI,AWP,WE,Towers with Radar,107,23,7,6,143,0,213,50,3,266,107,236,57,9,409,41,0,41,450
03/11/2004,OGG,HI,AWP,WE,Towers with Radar,127,27,9,7,170,0,253,53,4,310,127,280,62,11,480,20,1,21,501
03/12/2004,OGG,HI,AWP,WE,Towers with Radar,119,24,8,7,158,5,241,46,10,302,124,265,54,17,460,14,2,16,476
03/13/2004,OGG,HI,AWP,WE,Towers with Radar,122,25,8,1,156,4,149,18,0,171,126,174,26,1,327,22,0,22,349
03/14/2004,OGG,HI,AWP,WE,Towers with Radar,133,26,9,0,168,0,36,4,0,40,133,62,13,0,208,0,0,0,208
03/15/2004,OGG,HI,AWP,WE,Towers with Radar,120,25,9,7,161,0,186,27,16,229,120,211,36,23,390,41,16,57,447
03/16/2004,OGG,HI,AWP,WE,Towers with Radar,129,25,9,7,170,0,299,22,26,347,129,324,31,33,517,20,14,34,551
03/17/2004,OGG,HI,AWP,WE,Towers with Radar,116,23,8,7,154,0,276,36,2,314,116,299,44,9,468,46,0,46,514
03/18/2004,OGG,HI,AWP,WE,Towers with Radar,122,23,8,7,160,6,299,33,2,340,128,322,41,9,500,30,0,30,530
03/19/2004,OGG,HI,AWP,WE,Towers with Radar,135,27,9,8,179,0,273,54,4,331,135,300,63,12,510,20,12,32,542
03/20/2004,OGG,HI,AWP,WE,Towers with Radar,148,31,11,2,192,0,244,54,0,298,148,275,65,2,490,36,0,36,526
03/21/2004,OGG,HI,AWP,WE,Towers with Radar,139,26,9,0,174,0,95,19,0,114,139,121,28,0,288,10,0,10,298
03/22/2004,OGG,HI,AWP,WE,Towers with Radar,128,29,10,2,169,0,84,11,0,95,128,113,21,2,264,4,0,4,268
03/23/2004,OGG,HI,AWP,WE,Towers with Radar,137,27,9,4,177,5,64,8,0,77,142,91,17,4,254,5,0,5,259
03/24/2004,OGG,HI,AWP,WE,Towers with Radar,109,22,7,5,143,2,267,30,0,299,111,289,37,5,442,30,0,30,472
03/25/2004,OGG,HI,AWP,WE,Towers with Radar,113,23,7,4,147,4,211,26,0,241,117,234,33,4,388,51,0,51,439
03/26/2004,OGG,HI,AWP,WE,Towers with Radar,118,23,8,0,149,13,234,36,0,283,131,257,44,0,432,49,0,49,481
03/27/2004,OGG,HI,AWP,WE,Towers with Radar,136,26,9,0,171,0,165,31,0,196,136,191,40,0,367,18,0,18,385
03/28/2004,OGG,HI,AWP,WE,Towers with Radar,136,27,9,0,172,0,171,31,0,202,136,198,40,0,374,12,0,12,386
03/29/2004,OGG,HI,AWP,WE,Towers with Radar,131,26,9,0,166,4,201,25,0,230,135,227,34,0,396,25,0,25,421
03/30/2004,OGG,HI,AWP,WE,Towers with Radar,119,23,8,6,156,0,226,23,7,256,119,249,31,13,412,26,0,26,438
03/31/2004,OGG,HI,AWP,WE,Towers with Radar,112,23,7,5,147,5,220,44,1,270,117,243,51,6,417,24,0,24,441
04/01/2004,OGG,HI,AWP,WE,Towers with Radar,124,21,8,7,160,0,229,40,17,286,124,250,48,24,446,22,8,30,476
04/02/2004,OGG,HI,AWP,WE,Towers with Radar,129,22,8,3,162,0,213,42,0,255,129,235,50,3,417,24,0,24,441
04/03/2004,OGG,HI,AWP,WE,Towers with Radar,138,24,9,2,173,0,184,54,0,238,138,208,63,2,411,34,0,34,445
04/04/2004,OGG,HI,AWP,WE,Towers with Radar,124,20,8,4,156,1,184,38,0,223,125,204,46,4,379,2,0,2,381
04/05/2004,OGG,HI,AWP,WE,Towers with Radar,124,20,8,7,159,3,242,24,10,279,127,262,32,17,438,48,0,48,486
04/06/2004,OGG,HI,AWP,WE,Towers with Radar,116,20,7,6,149,0,219,37,13,269,116,239,44,19,418,62,0,62,480
04/07/2004,OGG,HI,AWP,WE,Towers with Radar,115,19,7,6,147,2,232,43,1,278,117,251,50,7,425,60,0,60,485
04/08/2004,OGG,HI,AWP,WE,Towers with Radar,124,20,8,1,153,9,245,56,0,310,133,265,64,1,463,33,0,33,496
04/09/2004,OGG,HI,AWP,WE,Towers with Radar,149,25,8,8,190,0,244,28,0,272,149,269,36,8,462,28,0,28,490
04/10/2004,OGG,HI,AWP,WE,Towers with Radar,137,24,8,0,169,0,163,38,0,201,137,187,46,0,370,20,0,20,390
04/11/2004,OGG,HI,AWP,WE,Towers with Radar,144,23,8,0,175,7,156,18,0,181,151,179,26,0,356,10,0,10,366
04/12/2004,OGG,HI,AWP,WE,Towers with Radar,121,20,7,0,148,0,190,31,0,221,121,210,38,0,369,57,0,57,426
04/13/2004,OGG,HI,AWP,WE,Towers with Radar,132,22,7,8,169,5,235,45,8,293,137,257,52,16,462,44,0,44,506
04/14/2004,OGG,HI,AWP,WE,Towers with Radar,105,18,6,6,135,0,272,43,0,315,105,290,49,6,450,32,0,32,482
04/15/2004,OGG,HI,AWP,WE,Towers with Radar,133,22,7,4,166,5,303,38,0,346,138,325,45,4,512,12,16,28,540
04/16/2004,OGG,HI,AWP,WE,Towers with Radar,159,25,9,9,202,0,206,22,7,235,159,231,31,16,437,10,0,10,447
04/17/2004,OGG,HI,AWP,WE,Towers with Radar,142,22,8,3,175,3,167,14,0,184,145,189,22,3,359,8,0,8,367
04/18/2004,OGG,HI,AWP,WE,Towers with Radar,117,18,6,1,142,11,153,14,0,178,128,171,20,1,320,0,0,0,320
04/19/2004,OGG,HI,AWP,WE,Towers with Radar,119,19,7,7,152,0,188,29,7,224,119,207,36,14,376,41,10,51,427
04/20/2004,OGG,HI,AWP,WE,Towers with Radar,129,22,8,9,168,0,298,36,25,359,129,320,44,34,527,28,6,34,561
04/21/2004,OGG,HI,AWP,WE,Towers with Radar,134,21,7,8,170,0,223,68,5,296,134,244,75,13,466,60,15,75,541
04/22/2004,OGG,HI,AWP,WE,Towers with Radar,131,20,7,5,163,4,264,55,0,323,135,284,62,5,486,36,6,42,528
04/23/2004,OGG,HI,AWP,WE,Towers with Radar,125,19,7,7,158,17,231,45,0,293,142,250,52,7,451,48,0,48,499
04/24/2004,OGG,HI,AWP,WE,Towers with Radar,135,21,7,8,171,2,196,58,3,259,137,217,65,11,430,0,0,0,430
04/25/2004,OGG,HI,AWP,WE,Towers with Radar,124,19,7,0,150,11,176,19,0,206,135,195,26,0,356,2,0,2,358
04/26/2004,OGG,HI,AWP,WE,Towers with Radar,121,20,7,4,152,0,72,9,0,81,121,92,16,4,233,17,2,19,252
04/27/2004,OGG,HI,AWP,WE,Towers with Radar,123,20,7,6,156,2,200,26,4,232,125,220,33,10,388,50,0,50,438
04/28/2004,OGG,HI,AWP,WE,Towers with Radar,150,25,9,8,192,0,312,45,10,367,150,337,54,18,559,42,3,45,604
04/29/2004,OGG,HI,AWP,WE,Towers with Radar,122,20,7,6,155,3,255,44,18,320,125,275,51,24,475,48,0,48,523
04/30/2004,OGG,HI,AWP,WE,Towers with Radar,129,21,7,7,164,2,218,57,4,281,131,239,64,11,445,56,8,64,509
05/01/2004,OGG,HI,AWP,WE,Towers with Radar,119,24,6,7,156,7,137,31,11,186,126,161,37,18,342,12,0,12,354
05/02/2004,OGG,HI,AWP,WE,Towers with Radar,111,22,6,3,142,0,155,27,0,182,111,177,33,3,324,0,0,0,324
05/03/2004,OGG,HI,AWP,WE,Towers with Radar,126,25,6,4,161,2,199,44,0,245,128,224,50,4,406,38,6,44,450
05/04/2004,OGG,HI,AWP,WE,Towers with Radar,121,25,6,8,160,0,187,29,8,224,121,212,35,16,384,75,0,75,459
05/05/2004,OGG,HI,AWP,WE,Towers with Radar,121,26,6,7,160,0,209,49,18,276,121,235,55,25,436,40,6,46,482
05/06/2004,OGG,HI,AWP,WE,Towers with Radar,117,25,6,7,155,0,198,27,9,234,117,223,33,16,389,60,0,60,449
05/07/2004,OGG,HI,AWP,WE,Towers with Radar,117,23,6,4,150,9,202,62,0,273,126,225,68,4,423,23,0,23,446
05/08/2004,OGG,HI,AWP,WE,Towers with Radar,100,20,5,0,125,14,155,47,0,216,114,175,52,0,341,9,0,9,350
05/09/2004,OGG,HI,AWP,WE,Towers with Radar,135,26,7,0,168,7,150,47,0,204,142,176,54,0,372,0,0,0,372
05/10/2004,OGG,HI,AWP,WE,Towers with Radar,140,28,7,6,181,3,194,38,0,235,143,222,45,6,416,10,2,12,428
05/11/2004,OGG,HI,AWP,WE,Towers with Radar,112,22,6,6,146,9,174,45,0,228,121,196,51,6,374,25,0,25,399
05/12/2004,OGG,HI,AWP,WE,Towers with Radar,104,21,5,6,136,8,196,34,2,240,112,217,39,8,376,21,0,21,397
05/13/2004,OGG,HI,AWP,WE,Towers with Radar,122,25,6,8,161,0,182,50,12,244,122,207,56,20,405,16,0,16,421
05/14/2004,OGG,HI,AWP,WE,Towers with Radar,118,23,6,7,154,12,247,32,1,292,130,270,38,8,446,18,8,26,472
05/15/2004,OGG,HI,AWP,WE,Towers with Radar,116,22,6,0,144,9,158,6,0,173,125,180,12,0,317,16,0,16,333
05/16/2004,OGG,HI,AWP,WE,Towers with Radar,122,26,5,2,155,0,115,23,0,138,122,141,28,2,293,10,0,10,303
05/17/2004,OGG,HI,AWP,WE,Towers with Radar,114,22,5,2,143,1,193,42,0,236,115,215,47,2,379,52,2,54,433
05/18/2004,OGG,HI,AWP,WE,Towers with Radar,127,24,5,6,162,8,210,35,0,253,135,234,40,6,415,12,0,12,427
05/19/2004,OGG,HI,AWP,WE,Towers with Radar,108,24,5,8,145,0,234,23,13,270,108,258,28,21,415,33,0,33,448
05/20/2004,OGG,HI,AWP,WE,Towers with Radar,120,24,5,8,157,0,240,42,8,290,120,264,47,16,447,10,2,12,459
05/21/2004,OGG,HI,AWP,WE,Towers with Radar,131,25,5,4,165,7,261,66,0,334,138,286,71,4,499,38,2,40,539
05/22/2004,OGG,HI,AWP,WE,Towers with Radar,127,24,5,1,157,15,176,44,0,235,142,200,49,1,392,29,0,29,421
05/23/2004,OGG,HI,AWP,WE,Towers with Radar,114,23,5,1,143,0,154,40,0,194,114,177,45,1,337,15,0,15,352
05/24/2004,OGG,HI,AWP,WE,Towers with Radar,119,23,5,8,155,0,199,26,5,230,119,222,31,13,385,43,6,49,434
05/25/2004,OGG,HI,AWP,WE,Towers with Radar,115,23,5,8,151,0,206,35,2,243,115,229,40,10,394,56,10,66,460
05/26/2004,OGG,HI,AWP,WE,Towers with Radar,102,19,4,1,126,2,203,43,0,248,104,222,47,1,374,2,0,2,376
05/27/2004,OGG,HI,AWP,WE,Towers with Radar,126,26,5,9,166,0,237,45,9,291,126,263,50,18,457,6,4,10,467
05/28/2004,OGG,HI,AWP,WE,Towers with Radar,129,31,6,9,175,0,214,42,24,280,129,245,48,33,455,24,6,30,485
05/29/2004,OGG,HI,AWP,WE,Towers with Radar,106,21,4,0,131,3,151,38,0,192,109,172,42,0,323,22,0,22,345
05/30/2004,OGG,HI,AWP,WE,Towers with Radar,110,23,5,0,138,0,131,12,0,143,110,154,17,0,281,2,0,2,283
05/31/2004,OGG,HI,AWP,WE,Towers with Radar,99,21,4,1,125,0,181,18,0,199,99,202,22,1,324,18,0,18,342
06/01/2004,OGG,HI,AWP,WE,Towers with Radar,103,23,6,7,139,0,215,35,12,262,103,238,41,19,401,22,4,26,427
06/02/2004,OGG,HI,AWP,WE,Towers with Radar,106,26,6,8,146,0,183,63,12,258,106,209,69,20,404,45,2,47,451
06/03/2004,OGG,HI,AWP,WE,Towers with Radar,114,23,5,7,149,0,243,62,9,314,114,266,67,16,463,14,12,26,489
06/04/2004,OGG,HI,AWP,WE,Towers with Radar,121,23,6,8,158,1,223,66,4,294,122,246,72,12,452,32,2,34,486
06/05/2004,OGG,HI,AWP,WE,Towers with Radar,114,22,5,3,144,7,180,31,0,218,121,202,36,3,362,17,0,17,379
06/06/2004,OGG,HI,AWP,WE,Towers with Radar,118,23,6,2,149,11,183,30,0,224,129,206,36,2,373,8,0,8,381
06/07/2004,OGG,HI,AWP,WE,Towers with Radar,134,27,6,2,169,0,217,46,0,263,134,244,52,2,432,25,2,27,459
06/08/2004,OGG,HI,AWP,WE,Towers with Radar,119,23,6,0,148,10,243,31,0,284,129,266,37,0,432,12,0,12,444
06/09/2004,OGG,HI,AWP,WE,Towers with Radar,116,26,6,9,157,0,211,44,16,271,116,237,50,25,428,65,0,65,493
06/10/2004,OGG,HI,AWP,WE,Towers with Radar,123,24,6,5,158,11,231,30,0,272,134,255,36,5,430,30,7,37,467
06/11/2004,OGG,HI,AWP,WE,Towers with Radar,126,25,6,0,157,12,207,42,0,261,138,232,48,0,418,32,0,32,450
06/12/2004,OGG,HI,AWP,WE,Towers with Radar,147,29,7,3,186,9,208,39,0,256,156,237,46,3,442,6,2,8,450
06/13/2004,OGG,HI,AWP,WE,Towers with Radar,136,27,6,0,169,14,154,21,0,189,150,181,27,0,358,30,0,30,388
06/14/2004,OGG,HI,AWP,WE,Towers with Radar,166,34,8,11,219,0,243,43,8,294,166,277,51,19,513,30,5,35,548
06/15/2004,OGG,HI,AWP,WE,Towers with Radar,150,29,6,8,193,7,258,52,0,317,157,287,58,8,510,28,0,28,538
06/16/2004,OGG,HI,AWP,WE,Towers with Radar,169,33,7,12,221,0,291,34,13,338,169,324,41,25,559,33,0,33,592
06/17/2004,OGG,HI,AWP,WE,Towers with Radar,147,27,6,10,190,2,275,44,3,324,149,302,50,13,514,32,0,32,546
06/18/2004,OGG,HI,AWP,WE,Towers with Radar,124,23,5,2,154,14,236,42,0,292,138,259,47,2,446,28,0,28,474
06/19/2004,OGG,HI,AWP,WE,Towers with Radar,144,27,6,4,181,7,204,47,0,258,151,231,53,4,439,12,0,12,451
06/20/2004,OGG,HI,AWP,WE,Towers with Radar,156,29,6,0,191,7,211,38,0,256,163,240,44,0,447,6,0,6,453
06/21/2004,OGG,HI,AWP,WE,Towers with Radar,157,32,7,2,198,0,222,48,0,270,157,254,55,2,468,8,0,8,476
06/22/2004,OGG,HI,AWP,WE,Towers with Radar,163,31,6,10,210,0,243,53,0,296,163,274,59,10,506,25,8,33,539
06/23/2004,OGG,HI,AWP,WE,Towers with Radar,154,29,6,9,198,5,207,48,0,260,159,236,54,9,458,54,0,54,512
06/24/2004,OGG,HI,AWP,WE,Towers with Radar,138,26,5,10,179,9,215,43,2,269,147,241,48,12,448,30,0,30,478
06/25/2004,OGG,HI,AWP,WE,Towers with Radar,152,30,6,12,200,0,248,55,0,303,152,278,61,12,503,50,4,54,557
06/26/2004,OGG,HI,AWP,WE,Towers with Radar,131,25,5,9,170,5,162,45,1,213,136,187,50,10,383,14,6,20,403
06/27/2004,OGG,HI,AWP,WE,Towers with Radar,132,25,5,0,162,12,156,32,0,200,144,181,37,0,362,0,0,0,362
06/28/2004,OGG,HI,AWP,WE,Towers with Radar,166,36,8,13,223,0,243,32,26,301,166,279,40,39,524,10,16,26,550
06/29/2004,OGG,HI,AWP,WE,Towers with Radar,159,32,7,11,209,0,256,20,7,283,159,288,27,18,492,15,4,19,511
06/30/2004,OGG,HI,AWP,WE,Towers with Radar,157,31,7,11,206,0,249,36,9,294,157,280,43,20,500,20,4,24,524
07/01/2004,OGG,HI,AWP,WE,Towers with Radar,165,24,7,4,200,2,259,47,2,310,167,283,54,6,510,16,0,16,526
07/02/2004,OGG,HI,AWP,WE,Towers with Radar,151,25,8,2,186,0,266,49,0,315,151,291,57,2,501,14,0,14,515
07/03/2004,OGG,HI,AWP,WE,Towers with Radar,151,21,7,0,179,2,193,36,0,231,153,214,43,0,410,16,0,16,426
07/04/2004,OGG,HI,AWP,WE,Towers with Radar,140,20,6,2,168,5,165,23,0,193,145,185,29,2,361,10,0,10,371
07/05/2004,OGG,HI,AWP,WE,Towers with Radar,156,23,7,0,186,0,209,50,0,259,156,232,57,0,445,16,0,16,461
07/06/2004,OGG,HI,AWP,WE,Towers with Radar,166,24,7,5,202,0,250,46,2,298,166,274,53,7,500,31,11,42,542
07/07/2004,OGG,HI,AWP,WE,Towers with Radar,154,22,7,0,183,8,226,32,0,266,162,248,39,0,449,14,10,24,473
07/08/2004,OGG,HI,AWP,WE,Towers with Radar,137,19,6,0,162,3,283,41,0,327,140,302,47,0,489,17,0,17,506
07/09/2004,OGG,HI,AWP,WE,Towers with Radar,146,21,7,0,174,12,248,51,0,311,158,269,58,0,485,26,0,26,511
07/10/2004,OGG,HI,AWP,WE,Towers with Radar,165,24,7,5,201,0,199,47,13,259,165,223,54,18,460,34,0,34,494
07/11/2004,OGG,HI,AWP,WE,Towers with Radar,146,21,7,2,176,8,184,36,0,228,154,205,43,2,404,6,0,6,410
07/12/2004,OGG,HI,AWP,WE,Towers with Radar,173,26,7,6,212,0,221,44,1,266,173,247,51,7,478,8,7,15,493
07/13/2004,OGG,HI,AWP,WE,Towers with Radar,161,23,6,5,195,1,169,22,5,197,162,192,28,10,392,24,4,28,420
07/14/2004,OGG,HI,AWP,WE,Towers with Radar,139,21,6,5,171,0,246,36,16,298,139,267,42,21,469,32,4,36,505
07/15/2004,OGG,HI,AWP,WE,Towers with Radar,155,22,6,2,185,6,260,65,0,331,161,282,71,2,516,12,0,12,528
07/16/2004,OGG,HI,AWP,WE,Towers with Radar,147,21,6,5,179,5,274,48,1,328,152,295,54,6,507,14,0,14,521
07/17/2004,OGG,HI,AWP,WE,Towers with Radar,149,22,7,5,183,0,215,45,4,264,149,237,52,9,447,34,0,34,481
07/18/2004,OGG,HI,AWP,WE,Towers with Radar,136,18,5,0,159,12,160,37,0,209,148,178,42,0,368,0,0,0,368
07/19/2004,OGG,HI,AWP,WE,Towers with Radar,159,22,6,3,190,2,243,47,0,292,161,265,53,3,482,14,0,14,496
07/20/2004,OGG,HI,AWP,WE,Towers with Radar,137,19,5,5,166,0,185,36,7,228,137,204,41,12,394,8,0,8,402
07/21/2004,OGG,HI,AWP,WE,Towers with Radar,144,20,5,5,174,0,252,62,0,314,144,272,67,5,488,12,0,12,500
07/22/2004,OGG,HI,AWP,WE,Towers with Radar,144,22,6,5,177,0,258,50,21,329,144,280,56,26,506,24,0,24,530
07/23/2004,OGG,HI,AWP,WE,Towers with Radar,145,20,5,5,175,7,255,35,2,299,152,275,40,7,474,36,0,36,510
07/24/2004,OGG,HI,AWP,WE,Towers with Radar,163,22,7,4,196,10,221,48,0,279,173,243,55,4,475,20,2,22,497
07/25/2004,OGG,HI,AWP,WE,Towers with Radar,152,21,6,0,179,5,206,36,0,247,157,227,42,0,426,16,0,16,442
07/26/2004,OGG,HI,AWP,WE,Towers with Radar,165,23,6,2,196,2,217,39,0,258,167,240,45,2,454,93,0,93,547
07/27/2004,OGG,HI,AWP,WE,Towers with Radar,152,21,6,5,184,0,234,35,6,275,152,255,41,11,459,38,12,50,509
07/28/2004,OGG,HI,AWP,WE,Towers with Radar,152,22,6,5,185,0,264,45,8,317,152,286,51,13,502,59,0,59,561
07/29/2004,OGG,HI,AWP,WE,Towers with Radar,151,21,6,3,181,6,298,41,0,345,157,319,47,3,526,50,0,50,576
07/30/2004,OGG,HI,AWP,WE,Towers with Radar,153,22,6,2,183,0,279,56,0,335,153,301,62,2,518,16,0,16,534
07/31/2004,OGG,HI,AWP,WE,Towers with Radar,155,22,6,2,185,2,170,30,0,202,157,192,36,2,387,6,0,6,393
08/01/2004,OGG,HI,AWP,WE,Towers with Radar,148,28,9,9,194,7,191,37,5,240,155,219,46,14,434,2,8,10,444
08/02/2004,OGG,HI,AWP,WE,Towers with Radar,153,33,10,10,206,0,173,15,10,198,153,206,25,20,404,4,0,4,408
08/03/2004,OGG,HI,AWP,WE,Towers with Radar,154,30,9,10,203,0,164,14,3,181,154,194,23,13,384,18,0,18,402
08/04/2004,OGG,HI,AWP,WE,Towers with Radar,148,29,9,9,195,0,187,37,8,232,148,216,46,17,427,17,0,17,444
08/05/2004,OGG,HI,AWP,WE,Towers with Radar,159,30,10,9,208,0,278,47,15,340,159,308,57,24,548,26,0,26,574
08/06/2004,OGG,HI,AWP,WE,Towers with Radar,151,28,9,3,191,11,259,40,0,310,162,287,49,3,501,32,0,32,533
08/07/2004,OGG,HI,AWP,WE,Towers with Radar,157,35,11,11,214,0,237,47,15,299,157,272,58,26,513,12,2,14,527
08/08/2004,OGG,HI,AWP,WE,Towers with Radar,151,30,9,9,199,0,184,51,0,235,151,214,60,9,434,21,4,25,459
08/09/2004,OGG,HI,AWP,WE,Towers with Radar,161,30,10,7,208,9,247,37,0,293,170,277,47,7,501,12,0,12,513
08/10/2004,OGG,HI,AWP,WE,Towers with Radar,150,30,9,9,198,0,209,36,14,259,150,239,45,23,457,36,7,43,500
08/11/2004,OGG,HI,AWP,WE,Towers with Radar,155,30,9,9,203,1,239,38,15,293,156,269,47,24,496,32,0,32,528
08/12/2004,OGG,HI,AWP,WE,Towers with Radar,145,28,9,8,190,3,283,52,7,345,148,311,61,15,535,41,0,41,576
08/13/2004,OGG,HI,AWP,WE,Towers with Radar,150,29,9,8,196,6,232,55,0,293,156,261,64,8,489,18,0,18,507
08/14/2004,OGG,HI,AWP,WE,Towers with Radar,137,26,8,4,175,12,183,46,0,241,149,209,54,4,416,10,0,10,426
08/15/2004,OGG,HI,AWP,WE,Towers with Radar,120,23,7,2,152,1,163,48,0,212,121,186,55,2,364,2,0,2,366
08/16/2004,OGG,HI,AWP,WE,Towers with Radar,157,30,8,0,195,0,163,52,0,215,157,193,60,0,410,73,0,73,483
08/17/2004,OGG,HI,AWP,WE,Towers with Radar,161,30,8,8,207,7,258,28,0,293,168,288,36,8,500,12,0,12,512
08/18/2004,OGG,HI,AWP,WE,Towers with Radar,164,37,11,12,224,0,297,33,33,363,164,334,44,45,587,14,0,14,601
08/19/2004,OGG,HI,AWP,WE,Towers with Radar,132,24,7,4,167,0,264,47,0,311,132,288,54,4,478,24,0,24,502
08/20/2004,OGG,HI,AWP,WE,Towers with Radar,146,27,8,4,185,11,233,35,0,279,157,260,43,4,464,36,0,36,500
08/21/2004,OGG,HI,AWP,WE,Towers with Radar,180,33,10,1,224,18,194,49,0,261,198,227,59,1,485,51,0,51,536
08/22/2004,OGG,HI,AWP,WE,Towers with Radar,168,32,9,0,209,0,129,41,0,170,168,161,50,0,379,2,0,2,381
08/23/2004,OGG,HI,AWP,WE,Towers with Radar,178,33,10,11,232,0,223,43,3,269,178,256,53,14,501,24,0,24,525
08/24/2004,OGG,HI,AWP,WE,Towers with Radar,159,29,8,10,206,1,250,36,5,292,160,279,44,15,498,74,0,74,572
08/25/2004,OGG,HI,AWP,WE,Towers with Radar,134,25,7,8,174,8,222,41,10,281,142,247,48,18,455,20,0,20,475
08/26/2004,OGG,HI,AWP,WE,Towers with Radar,158,29,8,10,205,0,228,34,1,263,158,257,42,11,468,30,0,30,498
08/27/2004,OGG,HI,AWP,WE,Towers with Radar,149,27,8,0,184,4,228,47,0,279,153,255,55,0,463,20,0,20,483
08/28/2004,OGG,HI,AWP,WE,Towers with Radar,146,27,8,6,187,11,181,22,0,214,157,208,30,6,401,10,0,10,411
08/29/2004,OGG,HI,AWP,WE,Towers with Radar,147,28,8,0,183,0,162,35,0,197,147,190,43,0,380,4,0,4,384
08/30/2004,OGG,HI,AWP,WE,Towers with Radar,171,32,9,7,219,2,156,41,0,199,173,188,50,7,418,22,9,31,449
08/31/2004,OGG,HI,AWP,WE,Towers with Radar,157,30,8,9,204,12,188,28,1,229,169,218,36,10,433,49,4,53,486
09/01/2004,OGG,HI,AWP,WE,Towers with Radar,147,32,5,10,194,0,176,13,12,201,147,208,18,22,395,22,6,28,423
09/02/2004,OGG,HI,AWP,WE,Towers with Radar,137,30,5,9,181,0,161,39,19,219,137,191,44,28,400,8,17,25,425
09/03/2004,OGG,HI,AWP,WE,Towers with Radar,134,29,4,6,173,16,210,28,0,254,150,239,32,6,427,34,0,34,461
09/04/2004,OGG,HI,AWP,WE,Towers with Radar,149,32,5,0,186,18,160,49,0,227,167,192,54,0,413,22,0,22,435
09/05/2004,OGG,HI,AWP,WE,Towers with Radar,150,32,5,0,187,10,161,34,0,205,160,193,39,0,392,0,0,0,392
09/06/2004,OGG,HI,AWP,WE,Towers with Radar,151,32,5,2,190,16,187,58,0,261,167,219,63,2,451,24,0,24,475
09/07/2004,OGG,HI,AWP,WE,Towers with Radar,141,30,5,7,183,0,199,41,0,240,141,229,46,7,423,37,0,37,460
09/08/2004,OGG,HI,AWP,WE,Towers with Radar,115,25,4,2,146,6,217,39,0,262,121,242,43,2,408,31,0,31,439
09/09/2004,OGG,HI,AWP,WE,Towers with Radar,123,26,4,6,159,2,209,21,0,232,125,235,25,6,391,35,2,37,428
09/10/2004,OGG,HI,AWP,WE,Towers with Radar,134,29,4,1,168,12,178,30,0,220,146,207,34,1,388,19,0,19,407
09/11/2004,OGG,HI,AWP,WE,Towers with Radar,125,26,4,0,155,12,142,34,0,188,137,168,38,0,343,38,0,38,381
09/12/2004,OGG,HI,AWP,WE,Towers with Radar,114,24,4,0,142,1,185,22,0,208,115,209,26,0,350,3,0,3,353
09/13/2004,OGG,HI,AWP,WE,Towers with Radar,124,30,5,9,168,0,209,27,3,239,124,239,32,12,407,69,0,69,476
09/14/2004,OGG,HI,AWP,WE,Towers with Radar,118,28,4,9,159,0,227,28,6,261,118,255,32,15,420,6,5,11,431
09/15/2004,OGG,HI,AWP,WE,Towers with Radar,112,28,3,9,152,0,168,56,8,232,112,196,59,17,384,24,1,25,409
09/16/2004,OGG,HI,AWP,WE,Towers with Radar,123,27,3,9,162,0,171,17,1,189,123,198,20,10,351,12,0,12,363
09/17/2004,OGG,HI,AWP,WE,Towers with Radar,150,31,4,0,185,0,211,46,0,257,150,242,50,0,442,73,0,73,515
09/18/2004,OGG,HI,AWP,WE,Towers with Radar,145,29,4,3,181,7,152,24,0,183,152,181,28,3,364,11,0,11,375
09/19/2004,OGG,HI,AWP,WE,Towers with Radar,112,23,3,4,142,9,133,25,0,167,121,156,28,4,309,0,0,0,309
09/20/2004,OGG,HI,AWP,WE,Towers with Radar,133,28,4,10,175,0,197,28,7,232,133,225,32,17,407,35,7,42,449
09/21/2004,OGG,HI,AWP,WE,Towers with Radar,127,28,4,10,169,0,253,37,6,296,127,281,41,16,465,16,0,16,481
09/22/2004,OGG,HI,AWP,WE,Towers with Radar,123,30,4,10,167,0,254,49,30,333,123,284,53,40,500,20,0,20,520
09/23/2004,OGG,HI,AWP,WE,Towers with Radar,132,31,4,10,177,0,264,38,21,323,132,295,42,31,500,15,2,17,517
09/24/2004,OGG,HI,AWP,WE,Towers with Radar,139,29,4,6,178,6,207,58,0,271,145,236,62,6,449,24,0,24,473
09/25/2004,OGG,HI,AWP,WE,Towers with Radar,115,24,3,0,142,15,150,40,0,205,130,174,43,0,347,63,0,63,410
09/26/2004,OGG,HI,AWP,WE,Towers with Radar,122,26,3,2,153,0,154,28,0,182,122,180,31,2,335,16,0,16,351
09/27/2004,OGG,HI,AWP,WE,Towers with Radar,146,32,4,10,192,0,170,26,4,200,146,202,30,14,392,27,10,37,429
09/28/2004,OGG,HI,AWP,WE,Towers with Radar,121,26,3,8,158,0,177,45,0,222,121,203,48,8,380,26,0,26,406
09/29/2004,OGG,HI,AWP,WE,Towers with Radar,129,28,3,8,168,0,175,43,7,225,129,203,46,15,393,56,4,60,453
09/30/2004,OGG,HI,AWP,WE,Towers with Radar,116,24,3,1,144,7,206,50,0,263,123,230,53,1,407,59,0,59,466
10/01/2004,OGG,HI,AWP,WE,Towers with Radar,133,43,6,6,188,0,172,40,1,213,133,215,46,7,401,22,0,22,423
10/02/2004,OGG,HI,AWP,WE,Towers with Radar,132,25,4,7,168,0,147,36,1,184,132,172,40,8,352,16,0,16,368
10/03/2004,OGG,HI,AWP,WE,Towers with Radar,131,28,5,2,166,0,121,32,0,153,131,149,37,2,319,8,0,8,327
10/04/2004,OGG,HI,AWP,WE,Towers with Radar,146,41,11,23,221,0,202,50,0,252,146,243,61,23,473,30,7,37,510
10/05/2004,OGG,HI,AWP,WE,Towers with Radar,130,48,6,4,188,0,188,51,3,242,130,236,57,7,430,62,0,62,492
10/06/2004,OGG,HI,AWP,WE,Towers with Radar,114,42,2,16,174,0,201,45,1,247,114,243,47,17,421,54,0,54,475
10/07/2004,OGG,HI,AWP,WE,Towers with Radar,130,37,3,4,174,0,239,33,1,273,130,276,36,5,447,48,0,48,495
10/08/2004,OGG,HI,AWP,WE,Towers with Radar,143,44,3,0,190,0,205,43,0,248,143,249,46,0,438,10,0,10,448
10/09/2004,OGG,HI,AWP,WE,Towers with Radar,148,34,3,4,189,0,187,41,0,228,148,221,44,4,417,10,0,10,427
10/10/2004,OGG,HI,AWP,WE,Towers with Radar,133,45,1,0,179,0,160,30,0,190,133,205,31,0,369,40,0,40,409
10/11/2004,OGG,HI,AWP,WE,Towers with Radar,137,56,5,1,199,0,209,40,0,249,137,265,45,1,448,40,0,40,488
10/12/2004,OGG,HI,AWP,WE,Towers with Radar,149,37,6,8,200,0,240,44,0,284,149,277,50,8,484,79,4,83,567
10/13/2004,OGG,HI,AWP,WE,Towers with Radar,145,28,8,38,219,0,251,40,2,293,145,279,48,40,512,12,2,14,526
10/14/2004,OGG,HI,AWP,WE,Towers with Radar,140,21,5,14,180,0,235,36,3,274,140,256,41,17,454,58,0,58,512
10/15/2004,OGG,HI,AWP,WE,Towers with Radar,151,20,4,1,176,0,232,37,2,271,151,252,41,3,447,28,0,28,475
10/16/2004,OGG,HI,AWP,WE,Towers with Radar,0,0,0,0,0,131,183,39,0,353,131,183,39,0,353,10,0,10,363
10/17/2004,OGG,HI,AWP,WE,Towers with Radar,117,27,6,0,150,0,141,33,0,174,117,168,39,0,324,80,0,80,404
10/18/2004,OGG,HI,AWP,WE,Towers with Radar,149,43,0,4,196,0,223,39,1,263,149,266,39,5,459,18,0,18,477
10/19/2004,OGG,HI,AWP,WE,Towers with Radar,148,27,5,16,196,0,203,47,5,255,148,230,52,21,451,8,0,8,459
10/20/2004,OGG,HI,AWP,WE,Towers with Radar,126,35,7,14,182,0,190,28,2,220,126,225,35,16,402,58,0,58,460
10/21/2004,OGG,HI,AWP,WE,Towers with Radar,143,30,4,9,186,0,190,33,0,223,143,220,37,9,409,6,0,6,415
10/22/2004,OGG,HI,AWP,WE,Towers with Radar,151,33,3,8,195,0,204,49,1,254,151,237,52,9,449,54,0,54,503
10/23/2004,OGG,HI,AWP,WE,Towers with Radar,162,27,2,0,191,0,171,38,0,209,162,198,40,0,400,44,0,44,444
10/24/2004,OGG,HI,AWP,WE,Towers with Radar,139,49,4,0,192,0,144,36,0,180,139,193,40,0,372,40,0,40,412
10/25/2004,OGG,HI,AWP,WE,Towers with Radar,121,46,2,0,169,0,165,31,0,196,121,211,33,0,365,32,0,32,397
10/26/2004,OGG,HI,AWP,WE,Towers with Radar,133,37,4,20,194,0,170,44,13,227,133,207,48,33,421,14,10,24,445
10/27/2004,OGG,HI,AWP,WE,Towers with Radar,122,45,6,12,185,0,177,50,7,234,122,222,56,19,419,8,0,8,427
10/28/2004,OGG,HI,AWP,WE,Towers with Radar,127,34,5,8,174,0,244,48,1,293,127,278,53,9,467,40,0,40,507
10/29/2004,OGG,HI,AWP,WE,Towers with Radar,146,29,3,0,178,0,208,36,1,245,146,237,39,1,423,22,0,22,445
10/30/2004,OGG,HI,AWP,WE,Towers with Radar,139,27,5,0,171,0,138,45,1,184,139,165,50,1,355,72,0,72,427
10/31/2004,OGG,HI,AWP,WE,Towers with Radar,135,40,9,7,191,0,96,22,1,119,135,136,31,8,310,13,0,13,323
11/01/2004,OGG,HI,AWP,WE,Towers with Radar,139,50,2,17,208,0,127,39,4,170,139,177,41,21,378,48,12,60,438
11/02/2004,OGG,HI,AWP,WE,Towers with Radar,149,34,9,5,197,0,183,41,1,225,149,217,50,6,422,61,6,67,489
11/03/2004,OGG,HI,AWP,WE,Towers with Radar,125,29,3,15,172,0,166,46,2,214,125,195,49,17,386,36,0,36,422
11/04/2004,OGG,HI,AWP,WE,Towers with Radar,150,16,1,30,197,0,173,31,0,204,150,189,32,30,401,36,0,36,437
11/05/2004,OGG,HI,AWP,WE,Towers with Radar,151,39,2,0,192,0,164,18,0,182,151,203,20,0,374,32,0,32,406
11/06/2004,OGG,HI,AWP,WE,Towers with Radar,156,35,4,5,200,0,134,33,0,167,156,169,37,5,367,28,0,28,395
11/07/2004,OGG,HI,AWP,WE,Towers with Radar,146,34,9,2,191,0,123,23,0,146,146,157,32,2,337,22,0,22,359
11/08/2004,OGG,HI,AWP,WE,Towers with Radar,182,45,6,24,257,0,178,81,0,259,182,223,87,24,516,34,0,34,550
11/09/2004,OGG,HI,AWP,WE,Towers with Radar,140,15,6,16,177,0,182,45,2,229,140,197,51,18,406,26,0,26,432
11/10/2004,OGG,HI,AWP,WE,Towers with Radar,146,17,3,32,198,0,208,44,0,252,146,225,47,32,450,20,12,32,482
11/11/2004,OGG,HI,AWP,WE,Towers with Radar,122,25,5,0,152,0,213,49,2,264,122,238,54,2,416,68,0,68,484
11/12/2004,OGG,HI,AWP,WE,Towers with Radar,143,26,7,2,178,0,203,44,0,247,143,229,51,2,425,25,0,25,450
11/13/2004,OGG,HI,AWP,WE,Towers with Radar,0,0,0,0,0,125,202,42,0,369,125,202,42,0,369,40,0,40,409
11/14/2004,OGG,HI,AWP,WE,Towers with Radar,158,71,10,0,239,0,32,2,0,34,158,103,12,0,273,18,0,18,291
11/15/2004,OGG,HI,AWP,WE,Towers with Radar,148,48,4,21,221,0,186,27,0,213,148,234,31,21,434,27,0,27,461
11/16/2004,OGG,HI,AWP,WE,Towers with Radar,144,47,3,32,226,0,158,27,0,185,144,205,30,32,411,79,0,79,490
11/17/2004,OGG,HI,AWP,WE,Towers with Radar,142,33,2,16,193,0,187,30,0,217,142,220,32,16,410,40,2,42,452
11/18/2004,OGG,HI,AWP,WE,Towers with Radar,136,29,3,10,178,0,196,39,0,235,136,225,42,10,413,36,2,38,451
11/19/2004,OGG,HI,AWP,WE,Towers with Radar,167,26,9,4,206,0,175,55,0,230,167,201,64,4,436,32,0,32,468
11/20/2004,OGG,HI,AWP,WE,Towers with Radar,0,0,0,0,0,155,195,44,4,398,155,195,44,4,398,2,0,2,400
11/21/2004,OGG,HI,AWP,WE,Towers with Radar,134,38,5,0,177,0,140,34,2,176,134,178,39,2,353,42,0,42,395
11/22/2004,OGG,HI,AWP,WE,Towers with Radar,151,40,2,3,196,0,240,35,0,275,151,280,37,3,471,52,1,53,524
11/23/2004,OGG,HI,AWP,WE,Towers with Radar,159,38,13,19,229,0,234,42,3,279,159,272,55,22,508,76,4,80,588
11/24/2004,OGG,HI,AWP,WE,Towers with Radar,143,37,7,1,188,0,222,50,2,274,143,259,57,3,462,45,0,45,507
11/25/2004,OGG,HI,AWP,WE,Towers with Radar,134,23,2,0,159,0,164,24,0,188,134,187,26,0,347,6,0,6,353
11/26/2004,OGG,HI,AWP,WE,Towers with Radar,182,20,13,2,217,0,211,43,0,254,182,231,56,2,471,0,0,0,471
11/27/2004,OGG,HI,AWP,WE,Towers with Radar,175,43,13,0,231,0,170,48,0,218,175,213,61,0,449,6,0,6,455
11/28/2004,OGG,HI,AWP,WE,Towers with Radar,0,0,0,0,0,147,199,54,3,403,147,199,54,3,403,8,10,18,421
11/29/2004,OGG,HI,AWP,WE,Towers with Radar,165,40,3,12,220,0,211,53,0,264,165,251,56,12,484,62,0,62,546
11/30/2004,OGG,HI,AWP,WE,Towers with Radar,151,33,6,6,196,0,151,33,0,184,151,184,39,6,380,30,0,30,410
12/01/2004,OGG,HI,AWP,WE,Towers with Radar,136,32,5,23,196,0,149,25,1,175,136,181,30,24,371,8,0,8,379
12/02/2004,OGG,HI,AWP,WE,Towers with Radar,143,23,5,16,187,0,146,32,0,178,143,169,37,16,365,32,0,32,397
12/03/2004,OGG,HI,AWP,WE,Towers with Radar,161,36,2,0,199,0,146,35,0,181,161,182,37,0,380,28,0,28,408
12/04/2004,OGG,HI,AWP,WE,Towers with Radar,0,0,0,0,0,143,144,25,2,314,143,144,25,2,314,6,0,6,320
12/05/2004,OGG,HI,AWP,WE,Towers with Radar,155,36,4,2,197,0,117,18,0,135,155,153,22,2,332,8,0,8,340
12/06/2004,OGG,HI,AWP,WE,Towers with Radar,172,57,5,2,236,0,128,27,0,155,172,185,32,2,391,8,2,10,401
12/07/2004,OGG,HI,AWP,WE,Towers with Radar,155,50,5,34,244,0,140,32,5,177,155,190,37,39,421,24,0,24,445
12/08/2004,OGG,HI,AWP,WE,Towers with Radar,146,25,7,8,186,0,173,56,0,229,146,198,63,8,415,25,0,25,440
12/09/2004,OGG,HI,AWP,WE,Towers with Radar,151,29,1,6,187,0,69,21,0,90,151,98,22,6,277,18,0,18,295
12/10/2004,OGG,HI,AWP,WE,Towers with Radar,164,32,2,0,198,0,186,38,0,224,164,218,40,0,422,18,0,18,440
12/11/2004,OGG,HI,AWP,WE,Towers with Radar,0,0,0,0,0,133,175,35,0,343,133,175,35,0,343,38,0,38,381
12/12/2004,OGG,HI,AWP,WE,Towers with Radar,146,30,8,0,184,0,133,43,7,183,146,163,51,7,367,12,0,12,379
12/13/2004,OGG,HI,AWP,WE,Towers with Radar,147,35,3,10,195,0,141,33,1,175,147,176,36,11,370,46,4,50,420
12/14/2004,OGG,HI,AWP,WE,Towers with Radar,140,22,3,4,169,0,150,25,0,175,140,172,28,4,344,20,2,22,366
12/15/2004,OGG,HI,AWP,WE,Towers with Radar,137,35,6,5,183,0,150,54,0,204,137,185,60,5,387,0,0,0,387
12/16/2004,OGG,HI,AWP,WE,Towers with Radar,161,16,5,8,190,0,206,42,2,250,161,222,47,10,440,44,4,48,488
12/17/2004,OGG,HI,AWP,WE,Towers with Radar,155,28,9,19,211,0,162,29,1,192,155,190,38,20,403,6,0,6,409
12/18/2004,OGG,HI,AWP,WE,Towers with Radar,183,20,16,8,227,0,119,42,0,161,183,139,58,8,388,14,4,18,406
12/19/2004,OGG,HI,AWP,WE,Towers with Radar,169,19,13,0,201,0,160,23,3,186,169,179,36,3,387,0,0,0,387
12/20/2004,OGG,HI,AWP,WE,Towers with Radar,145,50,12,16,223,0,168,37,2,207,145,218,49,18,430,10,0,10,440
12/21/2004,OGG,HI,AWP,WE,Towers with Radar,160,37,17,12,226,0,205,24,0,229,160,242,41,12,455,24,1,25,480
12/22/2004,OGG,HI,AWP,WE,Towers with Radar,147,56,20,5,228,0,214,15,2,231,147,270,35,7,459,6,0,6,465
12/23/2004,OGG,HI,AWP,WE,Towers with Radar,153,25,11,8,197,0,275,38,0,313,153,300,49,8,510,24,0,24,534
12/24/2004,OGG,HI,AWP,WE,Towers with Radar,157,32,2,0,191,0,224,36,0,260,157,256,38,0,451,12,0,12,463
12/25/2004,OGG,HI,AWP,WE,Towers with Radar,0,0,0,0,0,147,78,16,0,241,147,78,16,0,241,0,0,0,241
12/26/2004,OGG,HI,AWP,WE,Towers with Radar,0,0,0,0,0,183,309,71,1,564,183,309,71,1,564,26,0,26,590
12/27/2004,OGG,HI,AWP,WE,Towers with Radar,160,46,27,2,235,0,212,16,0,228,160,258,43,2,463,6,0,6,469
12/28/2004,OGG,HI,AWP,WE,Towers with Radar,161,56,13,24,254,0,193,16,6,215,161,249,29,30,469,0,4,4,473
12/29/2004,OGG,HI,AWP,WE,Towers with Radar,158,31,19,0,208,0,271,46,0,317,158,302,65,0,525,79,0,79,604
12/30/2004,OGG,HI,AWP,WE,Towers with Radar,171,36,23,0,230,0,297,20,0,317,171,333,43,0,547,38,0,38,585
12/31/2004,OGG,HI,AWP,WE,Towers with Radar,174,32,12,0,218,0,205,32,0,237,174,237,44,0,455,36,0,36,491
01/01/2005,OGG,HI,AWP,WE,Towers with Radar,181,35,27,0,243,0,60,1,0,61,181,95,28,0,304,2,0,2,306
01/02/2005,OGG,HI,AWP,WE,Towers with Radar,163,69,37,2,271,0,31,3,0,34,163,100,40,2,305,2,0,2,307
01/03/2005,OGG,HI,AWP,WE,Towers with Radar,172,52,29,0,253,0,231,41,0,272,172,283,70,0,525,36,0,36,561
01/04/2005,OGG,HI,AWP,WE,Towers with Radar,162,31,17,20,230,0,232,35,0,267,162,263,52,20,497,14,8,22,519
01/05/2005,OGG,HI,AWP,WE,Towers with Radar,166,17,9,3,195,0,248,52,0,300,166,265,61,3,495,23,0,23,518
01/06/2005,OGG,HI,AWP,WE,Towers with Radar,167,22,20,2,211,0,192,37,0,229,167,214,57,2,440,30,0,30,470
01/07/2005,OGG,HI,AWP,WE,Towers with Radar,151,28,8,1,188,0,227,42,2,271,151,255,50,3,459,8,0,8,467
01/08/2005,OGG,HI,AWP,WE,Towers with Radar,0,0,0,0,0,166,189,59,3,417,166,189,59,3,417,47,0,47,464
01/09/2005,OGG,HI,AWP,WE,Towers with Radar,169,44,11,7,231,0,29,6,0,35,169,73,17,7,266,26,0,26,292
01/10/2005,OGG,HI,AWP,WE,Towers with Radar,163,39,11,10,223,0,144,32,0,176,163,183,43,10,399,16,0,16,415
01/11/2005,OGG,HI,AWP,WE,Towers with Radar,0,30,2,0,32,158,0,0,8,166,158,30,2,8,198,69,2,71,269
01/12/2005,OGG,HI,AWP,WE,Towers with Radar,139,19,1,15,174,0,229,47,0,276,139,248,48,15,450,67,2,69,519
01/13/2005,OGG,HI,AWP,WE,Towers with Radar,139,23,5,6,173,0,230,32,0,262,139,253,37,6,435,32,0,32,467
01/14/2005,OGG,HI,AWP,WE,Towers with Radar,160,32,6,5,203,0,212,25,0,237,160,244,31,5,440,18,0,18,458
01/15/2005,OGG,HI,AWP,WE,Towers with Radar,170,21,1,0,192,0,178,25,0,203,170,199,26,0,395,34,0,34,429
01/16/2005,OGG,HI,AWP,WE,Towers with Radar,156,33,5,0,194,0,143,23,0,166,156,176,28,0,360,64,0,64,424
01/17/2005,OGG,HI,AWP,WE,Towers with Radar,167,25,9,0,201,0,208,35,1,244,167,233,44,1,445,58,0,58,503
01/18/2005,OGG,HI,AWP,WE,Towers with Radar,168,41,10,11,230,0,143,9,0,152,168,184,19,11,382,64,2,66,448
01/19/2005,OGG,HI,AWP,WE,Towers with Radar,0,25,0,0,25,158,0,0,18,176,158,25,0,18,201,36,0,36,237
01/20/2005,OGG,HI,AWP,WE,Towers with Radar,170,36,5,8,219,0,227,23,2,252,170,263,28,10,471,56,6,62,533
01/21/2005,OGG,HI,AWP,WE,Towers with Radar,171,36,1,9,217,0,165,36,0,201,171,201,37,9,418,38,6,44,462
01/22/2005,OGG,HI,AWP,WE,Towers with Radar,0,0,0,0,0,176,196,59,2,433,176,196,59,2,433,36,2,38,471
01/23/2005,OGG,HI,AWP,WE,Towers with Radar,162,31,3,0,196,0,144,30,1,175,162,175,33,1,371,8,0,8,379
01/24/2005,OGG,HI,AWP,WE,Towers with Radar,194,33,4,20,251,0,209,49,0,258,194,242,53,20,509,56,4,60,569
01/25/2005,OGG,HI,AWP,WE,Towers with Radar,0,42,7,0,49,0,168,34,0,202,0,210,41,0,251,92,0,92,343
01/26/2005,OGG,HI,AWP,WE,Towers with Radar,0,14,4,1,19,0,188,26,0,214,0,202,30,1,233,14,0,14,247
01/27/2005,OGG,HI,AWP,WE,Towers with Radar,149,28,6,0,183,0,137,28,0,165,149,165,34,0,348,18,0,18,366
01/28/2005,OGG,HI,AWP,WE,Towers with Radar,164,20,3,8,195,0,234,46,3,283,164,254,49,11,478,28,0,28,506
01/29/2005,OGG,HI,AWP,WE,Towers with Radar,153,37,2,0,192,0,176,37,0,213,153,213,39,0,405,20,0,20,425
01/30/2005,OGG,HI,AWP,WE,Towers with Radar,175,28,8,0,211,1,167,36,0,204,176,195,44,0,415,51,0,51,466
01/31/2005,OGG,HI,AWP,WE,Towers with Radar,183,43,7,9,242,0,203,29,0,232,183,246,36,9,474,38,2,40,514
02/01/2005,OGG,HI,AWP,WE,Towers with Radar,147,26,6,18,197,0,201,14,0,215,147,227,20,18,412,72,4,76,488
02/02/2005,OGG,HI,AWP,WE,Towers with Radar,166,31,7,0,204,0,140,17,0,157,166,171,24,0,361,77,0,77,438
02/03/2005,OGG,HI,AWP,WE,Towers with Radar,151,43,12,25,231,0,159,11,4,174,151,202,23,29,405,12,0,12,417
02/04/2005,OGG,HI,AWP,WE,Towers with Radar,169,55,4,29,257,0,159,24,5,188,169,214,28,34,445,32,0,32,477
02/05/2005,OGG,HI,AWP,WE,Towers with Radar,0,0,0,0,0,164,189,52,4,409,164,189,52,4,409,55,0,55,464
02/06/2005,OGG,HI,AWP,WE,Towers with Radar,0,0,0,0,0,162,165,51,5,383,162,165,51,5,383,26,0,26,409
02/07/2005,OGG,HI,AWP,WE,Towers with Radar,165,22,7,14,208,0,212,43,0,255,165,234,50,14,463,31,0,31,494
02/08/2005,OGG,HI,AWP,WE,Towers with Radar,0,25,8,3,36,0,194,27,0,221,0,219,35,3,257,44,0,44,301
02/09/2005,OGG,HI,AWP,WE,Towers with Radar,139,23,6,0,168,0,209,34,2,245,139,232,40,2,413,31,0,31,444
02/10/2005,OGG,HI,AWP,WE,Towers with Radar,139,22,9,12,182,0,236,40,0,276,139,258,49,12,458,30,6,36,494
02/11/2005,OGG,HI,AWP,WE,Towers with Radar,187,11,8,10,216,0,219,50,0,269,187,230,58,10,485,13,0,13,498
02/12/2005,OGG,HI,AWP,WE,Towers with Radar,167,26,9,2,204,0,136,16,0,152,167,162,25,2,356,34,0,34,390
02/13/2005,OGG,HI,AWP,WE,Towers with Radar,184,28,5,2,219,0,156,32,2,190,184,184,37,4,409,26,0,26,435
02/14/2005,OGG,HI,AWP,WE,Towers with Radar,187,24,2,0,213,0,221,32,2,255,187,245,34,2,468,35,2,37,505
02/15/2005,OGG,HI,AWP,WE,Towers with Radar,0,35,14,0,49,0,225,22,0,247,0,260,36,0,296,32,0,32,328
02/16/2005,OGG,HI,AWP,WE,Towers with Radar,135,17,2,0,154,0,252,30,3,285,135,269,32,3,439,42,0,42,481
02/17/2005,OGG,HI,AWP,WE,Towers with Radar,151,12,11,2,176,0,234,36,3,273,151,246,47,5,449,26,0,26,475
02/18/2005,OGG,HI,AWP,WE,Towers with Radar,180,31,6,10,227,0,224,46,0,270,180,255,52,10,497,40,0,40,537
02/19/2005,OGG,HI,AWP,WE,Towers with Radar,173,31,7,0,211,0,199,35,0,234,173,230,42,0,445,28,0,28,473
02/20/2005,OGG,HI,AWP,WE,Towers with Radar,171,35,7,0,213,0,191,39,0,230,171,226,46,0,443,18,0,18,461
02/21/2005,OGG,HI,AWP,WE,Towers with Radar,182,21,7,4,214,0,242,40,0,282,182,263,47,4,496,45,4,49,545
02/22/2005,OGG,HI,AWP,WE,Towers with Radar,0,33,4,3,40,0,203,25,0,228,0,236,29,3,268,36,15,51,319
02/23/2005,OGG,HI,AWP,WE,Towers with Radar,161,26,3,22,212,0,239,34,0,273,161,265,37,22,485,20,0,20,505
02/24/2005,OGG,HI,AWP,WE,Towers with Radar,161,14,6,14,195,0,266,50,2,318,161,280,56,16,513,12,0,12,525
02/25/2005,OGG,HI,AWP,WE,Towers with Radar,174,48,7,26,255,0,197,44,0,241,174,245,51,26,496,22,0,22,518
02/26/2005,OGG,HI,AWP,WE,Towers with Radar,0,0,0,0,0,170,243,57,0,470,170,243,57,0,470,14,0,14,484
02/27/2005,OGG,HI,AWP,WE,Towers with Radar,166,35,6,0,207,0,161,14,3,178,166,196,20,3,385,32,0,32,417
02/28/2005,OGG,HI,AWP,WE,Towers with Radar,0,0,0,0,0,178,216,48,15,457,178,216,48,15,457,44,0,44,501
03/01/2005,OGG,HI,AWP,WE,Towers with Radar,176,11,4,8,199,0,197,44,3,244,176,208,48,11,443,34,14,48,491
03/02/2005,OGG,HI,AWP,WE,Towers with Radar,154,12,2,2,170,0,219,31,0,250,154,231,33,2,420,22,0,22,442
03/03/2005,OGG,HI,AWP,WE,Towers with Radar,147,12,20,18,197,0,198,47,0,245,147,210,67,18,442,14,0,14,456
03/04/2005,OGG,HI,AWP,WE,Towers with Radar,177,27,3,2,209,0,237,44,0,281,177,264,47,2,490,16,0,16,506
03/05/2005,OGG,HI,AWP,WE,Towers with Radar,0,0,0,0,0,164,189,40,6,399,164,189,40,6,399,58,0,58,457
03/06/2005,OGG,HI,AWP,WE,Towers with Radar,152,25,3,2,182,0,174,54,0,228,152,199,57,2,410,18,0,18,428
03/07/2005,OGG,HI,AWP,WE,Towers with Radar,0,0,0,0,0,169,276,29,12,486,169,276,29,12,486,20,0,20,506
03/08/2005,OGG,HI,AWP,WE,Towers with Radar,0,34,8,1,43,0,162,28,0,190,0,196,36,1,233,27,4,31,264
03/09/2005,OGG,HI,AWP,WE,Towers with Radar,148,36,2,0,186,0,66,14,0,80,148,102,16,0,266,20,0,20,286
03/10/2005,OGG,HI,AWP,WE,Towers with Radar,147,38,5,8,198,0,29,14,2,45,147,67,19,10,243,0,0,0,243
03/11/2005,OGG,HI,AWP,WE,Towers with Radar,171,35,1,16,223,0,272,43,1,316,171,307,44,17,539,28,6,34,573
03/12/2005,OGG,HI,AWP,WE,Towers with Radar,0,0,0,0,0,156,81,21,0,258,156,81,21,0,258,6,0,6,264
03/13/2005,OGG,HI,AWP,WE,Towers with Radar,0,0,0,0,0,168,204,50,1,423,168,204,50,1,423,22,0,22,445
03/14/2005,OGG,HI,AWP,WE,Towers with Radar,174,21,3,4,202,0,221,17,0,238,174,242,20,4,440,47,0,47,487
03/15/2005,OGG,HI,AWP,WE,Towers with Radar,166,20,10,4,200,0,217,17,2,236,166,237,27,6,436,38,2,40,476
03/16/2005,OGG,HI,AWP,WE,Towers with Radar,161,22,2,2,187,0,268,41,3,312,161,290,43,5,499,30,10,40,539
03/17/2005,OGG,HI,AWP,WE,Towers with Radar,157,40,12,22,231,0,274,43,0,317,157,314,55,22,548,58,6,64,612
03/18/2005,OGG,HI,AWP,WE,Towers with Radar,160,28,14,0,202,0,225,46,6,277,160,253,60,6,479,65,0,65,544
03/19/2005,OGG,HI,AWP,WE,Towers with Radar,157,22,23,0,202,0,195,32,0,227,157,217,55,0,429,47,0,47,476
03/20/2005,OGG,HI,AWP,WE,Towers with Radar,158,16,12,0,186,0,177,35,3,215,158,193,47,3,401,16,0,16,417
03/21/2005,OGG,HI,AWP,WE,Towers with Radar,178,17,4,8,207,0,256,44,2,302,178,273,48,10,509,52,4,56,565
03/22/2005,OGG,HI,AWP,WE,Towers with Radar,174,19,10,2,205,0,268,27,0,295,174,287,37,2,500,39,0,39,539
03/23/2005,OGG,HI,AWP,WE,Towers with Radar,0,24,6,0,30,0,253,40,0,293,0,277,46,0,323,26,0,26,349
03/24/2005,OGG,HI,AWP,WE,Towers with Radar,146,25,10,22,203,0,216,49,2,267,146,241,59,24,470,21,8,29,499
03/25/2005,OGG,HI,AWP,WE,Towers with Radar,179,41,20,1,241,0,187,31,0,218,179,228,51,1,459,12,0,12,471
03/26/2005,OGG,HI,AWP,WE,Towers with Radar,0,0,0,0,0,166,46,24,0,236,166,46,24,0,236,0,0,0,236
03/27/2005,OGG,HI,AWP,WE,Towers with Radar,0,0,0,0,0,188,163,45,0,396,188,163,45,0,396,340,0,340,736
03/28/2005,OGG,HI,AWP,WE,Towers with Radar,0,0,0,0,0,165,254,31,0,450,165,254,31,0,450,32,0,32,482
03/29/2005,OGG,HI,AWP,WE,Towers with Radar,160,28,12,0,200,0,185,38,0,223,160,213,50,0,423,60,0,60,483
03/30/2005,OGG,HI,AWP,WE,Towers with Radar,0,29,20,0,49,0,225,3,0,228,0,254,23,0,277,68,16,84,361
03/31/2005,OGG,HI,AWP,WE,Towers with Radar,161,24,11,26,222,0,229,30,0,259,161,253,41,26,481,38,10,48,529
04/01/2005,OGG,HI,AWP,WE,Towers with Radar,184,31,13,10,238,0,269,25,0,294,184,300,38,10,532,28,0,28,560
04/02/2005,OGG,HI,AWP,WE,Towers with Radar,0,0,0,0,0,183,187,34,2,406,183,187,34,2,406,10,0,10,416
04/03/2005,OGG,HI,AWP,WE,Towers with Radar,182,11,9,4,206,0,152,30,0,182,182,163,39,4,388,18,0,18,406
04/04/2005,OGG,HI,AWP,WE,Towers with Radar,195,19,8,16,238,0,221,43,1,265,195,240,51,17,503,18,0,18,521
04/05/2005,OGG,HI,AWP,WE,Towers with Radar,0,26,2,0,28,0,196,24,0,220,0,222,26,0,248,47,2,49,297
04/06/2005,OGG,HI,AWP,WE,Towers with Radar,152,19,4,20,195,0,258,36,2,296,152,277,40,22,491,78,0,78,569
04/07/2005,OGG,HI,AWP,WE,Towers with Radar,154,29,5,26,214,0,157,31,2,190,154,186,36,28,404,58,4,62,466
04/08/2005,OGG,HI,AWP,WE,Towers with Radar,159,24,6,4,193,0,216,36,3,255,159,240,42,7,448,76,4,80,528
04/09/2005,OGG,HI,AWP,WE,Towers with Radar,0,0,0,0,0,160,219,39,1,419,160,219,39,1,419,16,0,16,435
04/10/2005,OGG,HI,AWP,WE,Towers with Radar,149,36,13,4,202,0,137,29,2,168,149,173,42,6,370,18,2,20,390
04/11/2005,OGG,HI,AWP,WE,Towers with Radar,170,22,1,0,193,0,162,29,1,192,170,184,30,1,385,42,1,43,428
04/12/2005,OGG,HI,AWP,WE,Towers with Radar,164,23,11,0,198,2,202,31,0,235,166,225,42,0,433,22,0,22,455
04/13/2005,OGG,HI,AWP,WE,Towers with Radar,161,15,7,0,183,0,185,38,0,223,161,200,45,0,406,26,0,26,432
04/14/2005,OGG,HI,AWP,WE,Towers with Radar,165,16,9,23,213,0,202,33,0,235,165,218,42,23,448,50,2,52,500
04/15/2005,OGG,HI,AWP,WE,Towers with Radar,174,21,12,0,207,0,204,41,0,245,174,225,53,0,452,46,0,46,498
04/16/2005,OGG,HI,AWP,WE,Towers with Radar,152,27,10,4,193,0,170,51,0,221,152,197,61,4,414,36,0,36,450
04/17/2005,OGG,HI,AWP,WE,Towers with Radar,198,22,11,0,231,0,145,37,0,182,198,167,48,0,413,24,0,24,437
04/18/2005,OGG,HI,AWP,WE,Towers with Radar,0,0,0,0,0,171,195,48,6,420,171,195,48,6,420,49,0,49,469
04/19/2005,OGG,HI,AWP,WE,Towers with Radar,159,17,6,8,190,0,222,24,1,247,159,239,30,9,437,54,6,60,497
04/20/2005,OGG,HI,AWP,WE,Towers with Radar,153,21,4,16,194,0,214,48,0,262,153,235,52,16,456,40,0,40,496
04/21/2005,OGG,HI,AWP,WE,Towers with Radar,142,20,6,8,176,0,268,44,0,312,142,288,50,8,488,54,0,54,542
04/22/2005,OGG,HI,AWP,WE,Towers with Radar,180,21,6,0,207,0,212,49,4,265,180,233,55,4,472,12,0,12,484
04/23/2005,OGG,HI,AWP,WE,Towers with Radar,0,0,0,0,0,160,195,67,2,424,160,195,67,2,424,24,0,24,448
04/24/2005,OGG,HI,AWP,WE,Towers with Radar,148,21,11,0,180,0,164,46,1,211,148,185,57,1,391,36,0,36,427
04/25/2005,OGG,HI,AWP,WE,Towers with Radar,0,0,0,0,0,179,220,31,9,439,179,220,31,9,439,71,0,71,510
04/26/2005,OGG,HI,AWP,WE,Towers with Radar,153,16,9,28,206,0,259,60,0,319,153,275,69,28,525,60,0,60,585
04/27/2005,OGG,HI,AWP,WE,Towers with Radar,156,15,3,26,200,0,192,68,0,260,156,207,71,26,460,46,0,46,506
04/28/2005,OGG,HI,AWP,WE,Towers with Radar,143,32,9,12,196,0,143,43,0,186,143,175,52,12,382,43,0,43,425
04/29/2005,OGG,HI,AWP,WE,Towers with Radar,153,29,7,16,205,0,194,45,0,239,153,223,52,16,444,14,4,18,462
04/30/2005,OGG,HI,AWP,WE,Towers with Radar,0,0,0,0,0,170,170,60,2,402,170,170,60,2,402,37,0,37,439
05/01/2005,OGG,HI,AWP,WE,Towers with Radar,163,23,4,4,194,0,165,37,0,202,163,188,41,4,396,12,0,12,408
05/02/2005,OGG,HI,AWP,WE,Towers with Radar,0,0,0,0,0,193,199,45,2,439,193,199,45,2,439,34,0,34,473
05/03/2005,OGG,HI,AWP,WE,Towers with Radar,0,0,0,0,0,146,216,48,11,421,146,216,48,11,421,29,2,31,452
05/04/2005,OGG,HI,AWP,WE,Towers with Radar,151,16,6,30,203,0,224,43,1,268,151,240,49,31,471,56,0,56,527
05/05/2005,OGG,HI,AWP,WE,Towers with Radar,144,22,11,9,186,0,206,26,1,233,144,228,37,10,419,42,0,42,461
05/06/2005,OGG,HI,AWP,WE,Towers with Radar,143,24,3,12,182,0,197,28,0,225,143,221,31,12,407,24,0,24,431
05/07/2005,OGG,HI,AWP,WE,Towers with Radar,0,0,0,0,0,167,176,43,6,392,167,176,43,6,392,12,0,12,404
05/08/2005,OGG,HI,AWP,WE,Towers with Radar,0,0,0,0,0,174,162,30,7,373,174,162,30,7,373,12,4,16,389
05/09/2005,OGG,HI,AWP,WE,Towers with Radar,178,39,4,6,227,0,201,41,0,242,178,240,45,6,469,16,0,16,485
05/10/2005,OGG,HI,AWP,WE,Towers with Radar,148,27,4,15,194,0,206,33,0,239,148,233,37,15,433,82,0,82,515
05/11/2005,OGG,HI,AWP,WE,Towers with Radar,131,24,2,10,167,0,214,43,4,261,131,238,45,14,428,37,2,39,467
05/12/2005,OGG,HI,AWP,WE,Towers with Radar,148,30,3,0,181,0,214,40,2,256,148,244,43,2,437,44,0,44,481
05/13/2005,OGG,HI,AWP,WE,Towers with Radar,162,39,6,0,207,0,232,38,0,270,162,271,44,0,477,28,0,28,505
05/14/2005,OGG,HI,AWP,WE,Towers with Radar,151,23,7,3,184,0,160,45,1,206,151,183,52,4,390,18,0,18,408
05/15/2005,OGG,HI,AWP,WE,Towers with Radar,176,25,3,0,204,0,147,18,2,167,176,172,21,2,371,22,0,22,393
05/16/2005,OGG,HI,AWP,WE,Towers with Radar,172,38,5,3,218,0,192,32,0,224,172,230,37,3,442,10,0,10,452
05/17/2005,OGG,HI,AWP,WE,Towers with Radar,156,19,13,6,194,0,206,36,0,242,156,225,49,6,436,22,6,28,464
05/18/2005,OGG,HI,AWP,WE,Towers with Radar,151,35,14,9,209,0,201,38,3,242,151,236,52,12,451,38,0,38,489
05/19/2005,OGG,HI,AWP,WE,Towers with Radar,162,26,7,26,221,0,63,16,0,79,162,89,23,26,300,18,0,18,318
05/20/2005,OGG,HI,AWP,WE,Towers with Radar,148,36,4,12,200,0,133,30,0,163,148,169,34,12,363,22,0,22,385
05/21/2005,OGG,HI,AWP,WE,Towers with Radar,170,17,8,0,195,0,170,31,0,201,170,187,39,0,396,32,0,32,428
05/22/2005,OGG,HI,AWP,WE,Towers with Radar,150,22,9,0,181,0,150,21,0,171,150,172,30,0,352,20,0,20,372
05/23/2005,OGG,HI,AWP,WE,Towers with Radar,158,23,0,9,190,0,205,34,1,240,158,228,34,10,430,33,0,33,463
05/24/2005,OGG,HI,AWP,WE,Towers with Radar,162,30,9,20,221,0,213,39,0,252,162,243,48,20,473,22,8,30,503
05/25/2005,OGG,HI,AWP,WE,Towers with Radar,145,28,9,8,190,0,244,42,2,288,145,272,51,10,478,28,8,36,514
05/26/2005,OGG,HI,AWP,WE,Towers with Radar,150,23,12,16,201,0,232,36,0,268,150,255,48,16,469,24,0,24,493
05/27/2005,OGG,HI,AWP,WE,Towers with Radar,152,23,3,2,180,0,210,43,0,253,152,233,46,2,433,24,0,24,457
05/28/2005,OGG,HI,AWP,WE,Towers with Radar,153,25,4,0,182,0,205,30,0,235,153,230,34,0,417,18,0,18,435
05/29/2005,OGG,HI,AWP,WE,Towers with Radar,176,24,1,0,201,0,202,29,0,231,176,226,30,0,432,18,0,18,450
05/30/2005,OGG,HI,AWP,WE,Towers with Radar,162,20,4,0,186,0,253,38,0,291,162,273,42,0,477,30,0,30,507
05/31/2005,OGG,HI,AWP,WE,Towers with Radar,146,17,3,16,182,0,223,31,0,254,146,240,34,16,436,40,0,40,476
06/01/2005,OGG,HI,AWP,WE,Towers with Radar,150,8,5,44,207,0,215,30,2,247,150,223,35,46,454,24,10,34,488
06/02/2005,OGG,HI,AWP,WE,Towers with Radar,144,23,3,16,186,0,221,31,1,253,144,244,34,17,439,54,0,54,493
06/03/2005,OGG,HI,AWP,WE,Towers with Radar,157,24,8,30,219,0,244,31,0,275,157,268,39,30,494,27,10,37,531
06/04/2005,OGG,HI,AWP,WE,Towers with Radar,172,15,10,0,197,0,190,34,4,228,172,205,44,4,425,14,4,18,443
06/05/2005,OGG,HI,AWP,WE,Towers with Radar,167,19,1,0,187,0,170,33,5,208,167,189,34,5,395,26,0,26,421
06/06/2005,OGG,HI,AWP,WE,Towers with Radar,179,26,0,14,219,0,220,36,4,260,179,246,36,18,479,8,4,12,491
06/07/2005,OGG,HI,AWP,WE,Towers with Radar,167,17,1,6,191,0,202,39,0,241,167,219,40,6,432,24,0,24,456
06/08/2005,OGG,HI,AWP,WE,Towers with Radar,168,18,3,4,193,0,226,32,0,258,168,244,35,4,451,56,0,56,507
06/09/2005,OGG,HI,AWP,WE,Towers with Radar,160,31,2,11,204,0,237,43,1,281,160,268,45,12,485,29,0,29,514
06/10/2005,OGG,HI,AWP,WE,Towers with Radar,192,23,4,20,239,0,222,34,0,256,192,245,38,20,495,58,0,58,553
06/11/2005,OGG,HI,AWP,WE,Towers with Radar,178,17,5,2,202,0,108,14,0,122,178,125,19,2,324,18,0,18,342
06/12/2005,OGG,HI,AWP,WE,Towers with Radar,196,11,2,0,209,0,185,17,0,202,196,196,19,0,411,18,0,18,429
06/13/2005,OGG,HI,AWP,WE,Towers with Radar,196,23,7,26,252,0,249,35,1,285,196,272,42,27,537,28,6,34,571
06/14/2005,OGG,HI,AWP,WE,Towers with Radar,171,15,5,10,201,0,239,28,0,267,171,254,33,10,468,54,2,56,524
06/15/2005,OGG,HI,AWP,WE,Towers with Radar,181,15,3,17,216,0,239,45,0,284,181,254,48,17,500,38,0,38,538
06/16/2005,OGG,HI,AWP,WE,Towers with Radar,185,15,4,14,218,0,225,31,1,257,185,240,35,15,475,32,0,32,507
06/17/2005,OGG,HI,AWP,WE,Towers with Radar,167,23,4,4,198,0,222,37,0,259,167,245,41,4,457,12,0,12,469
06/18/2005,OGG,HI,AWP,WE,Towers with Radar,176,22,9,1,208,0,145,28,0,173,176,167,37,1,381,29,4,33,414
06/19/2005,OGG,HI,AWP,WE,Towers with Radar,168,19,4,4,195,0,195,15,3,213,168,214,19,7,408,24,0,24,432
06/20/2005,OGG,HI,AWP,WE,Towers with Radar,190,27,4,14,235,0,200,36,0,236,190,227,40,14,471,34,2,36,507
06/21/2005,OGG,HI,AWP,WE,Towers with Radar,154,21,6,2,183,0,226,27,5,258,154,247,33,7,441,32,0,32,473
06/22/2005,OGG,HI,AWP,WE,Towers with Radar,182,20,4,7,213,0,251,30,4,285,182,271,34,11,498,22,0,22,520
06/23/2005,OGG,HI,AWP,WE,Towers with Radar,180,25,4,1,210,0,263,47,2,312,180,288,51,3,522,36,0,36,558
06/24/2005,OGG,HI,AWP,WE,Towers with Radar,176,37,6,0,219,0,243,48,0,291,176,280,54,0,510,18,0,18,528
06/25/2005,OGG,HI,AWP,WE,Towers with Radar,174,30,4,0,208,0,240,37,0,277,174,270,41,0,485,28,0,28,513
06/26/2005,OGG,HI,AWP,WE,Towers with Radar,193,21,4,0,218,0,166,40,2,208,193,187,44,2,426,12,0,12,438
06/27/2005,OGG,HI,AWP,WE,Towers with Radar,195,24,8,11,238,0,230,40,2,272,195,254,48,13,510,32,0,32,542
06/28/2005,OGG,HI,AWP,WE,Towers with Radar,178,21,10,11,220,0,248,35,1,284,178,269,45,12,504,38,0,38,542
06/29/2005,OGG,HI,AWP,WE,Towers with Radar,187,22,12,2,223,0,235,48,0,283,187,257,60,2,506,30,0,30,536
06/30/2005,OGG,HI,AWP,WE,Towers with Radar,171,27,6,27,231,0,231,47,0,278,171,258,53,27,509,19,0,19,528
07/01/2005,OGG,HI,AWP,WE,Towers with Radar,172,29,5,32,238,0,251,43,0,294,172,280,48,32,532,32,0,32,564
07/02/2005,OGG,HI,AWP,WE,Towers with Radar,183,27,6,0,216,0,163,42,0,205,183,190,48,0,421,20,0,20,441
07/03/2005,OGG,HI,AWP,WE,Towers with Radar,194,15,4,2,215,0,173,36,0,209,194,188,40,2,424,29,0,29,453
07/04/2005,OGG,HI,AWP,WE,Towers with Radar,184,11,4,0,199,0,200,44,2,246,184,211,48,2,445,40,0,40,485
07/05/2005,OGG,HI,AWP,WE,Towers with Radar,194,21,11,4,230,0,248,37,8,293,194,269,48,12,523,26,0,26,549
07/06/2005,OGG,HI,AWP,WE,Towers with Radar,188,26,7,37,258,0,235,53,3,291,188,261,60,40,549,56,0,56,605
07/07/2005,OGG,HI,AWP,WE,Towers with Radar,177,19,4,15,215,0,261,31,4,296,177,280,35,19,511,31,0,31,542
07/08/2005,OGG,HI,AWP,WE,Towers with Radar,165,44,7,30,246,0,190,28,1,219,165,234,35,31,465,42,0,42,507
07/09/2005,OGG,HI,AWP,WE,Towers with Radar,179,24,13,1,217,0,187,23,0,210,179,211,36,1,427,28,0,28,455
07/10/2005,OGG,HI,AWP,WE,Towers with Radar,176,23,4,5,208,0,176,15,0,191,176,199,19,5,399,22,0,22,421
07/11/2005,OGG,HI,AWP,WE,Towers with Radar,180,30,7,6,223,0,193,54,0,247,180,223,61,6,470,38,2,40,510
07/12/2005,OGG,HI,AWP,WE,Towers with Radar,174,25,5,14,218,0,175,24,0,199,174,200,29,14,417,48,0,48,465
07/13/2005,OGG,HI,AWP,WE,Towers with Radar,171,22,0,11,204,0,155,43,1,199,171,177,43,12,403,46,4,50,453
07/14/2005,OGG,HI,AWP,WE,Towers with Radar,159,24,8,18,209,0,224,49,2,275,159,248,57,20,484,48,0,48,532
07/15/2005,OGG,HI,AWP,WE,Towers with Radar,154,49,2,15,220,0,124,38,4,166,154,173,40,19,386,30,0,30,416
07/16/2005,OGG,HI,AWP,WE,Towers with Radar,171,30,9,11,221,0,193,37,0,230,171,223,46,11,451,30,0,30,481
07/17/2005,OGG,HI,AWP,WE,Towers with Radar,192,19,4,2,217,0,204,36,0,240,192,223,40,2,457,24,0,24,481
07/18/2005,OGG,HI,AWP,WE,Towers with Radar,195,32,4,0,231,0,246,54,0,300,195,278,58,0,531,48,0,48,579
07/19/2005,OGG,HI,AWP,WE,Towers with Radar,200,24,11,9,244,0,243,30,4,277,200,267,41,13,521,64,0,64,585
07/20/2005,OGG,HI,AWP,WE,Towers with Radar,166,27,3,6,202,0,249,38,2,289,166,276,41,8,491,33,0,33,524
07/21/2005,OGG,HI,AWP,WE,Towers with Radar,160,41,8,28,237,0,161,27,3,191,160,202,35,31,428,20,6,26,454
07/22/2005,OGG,HI,AWP,WE,Towers with Radar,152,39,4,2,197,0,248,29,0,277,152,287,33,2,474,38,0,38,512
07/23/2005,OGG,HI,AWP,WE,Towers with Radar,157,34,6,0,197,0,205,27,0,232,157,239,33,0,429,15,0,15,444
07/24/2005,OGG,HI,AWP,WE,Towers with Radar,173,27,6,4,210,0,168,29,0,197,173,195,35,4,407,10,0,10,417
07/25/2005,OGG,HI,AWP,WE,Towers with Radar,193,37,4,3,237,0,245,29,36,310,193,282,33,39,547,22,0,22,569
07/26/2005,OGG,HI,AWP,WE,Towers with Radar,180,31,9,13,233,0,240,34,5,279,180,271,43,18,512,14,1,15,527
07/27/2005,OGG,HI,AWP,WE,Towers with Radar,176,31,0,13,220,0,254,33,4,291,176,285,33,17,511,33,0,33,544
07/28/2005,OGG,HI,AWP,WE,Towers with Radar,165,48,9,41,263,0,191,23,1,215,165,239,32,42,478,27,10,37,515
07/29/2005,OGG,HI,AWP,WE,Towers with Radar,150,44,6,27,227,0,196,46,2,244,150,240,52,29,471,8,0,8,479
07/30/2005,OGG,HI,AWP,WE,Towers with Radar,178,33,14,18,243,0,162,30,4,196,178,195,44,22,439,12,10,22,461
07/31/2005,OGG,HI,AWP,WE,Towers with Radar,184,31,11,2,228,0,170,30,1,201,184,201,41,3,429,12,0,12,441
08/01/2005,OGG,HI,AWP,WE,Towers with Radar,187,28,3,8,226,0,257,31,0,288,187,285,34,8,514,32,0,32,546
08/02/2005,OGG,HI,AWP,WE,Towers with Radar,179,28,8,18,233,0,187,22,8,217,179,215,30,26,450,64,0,64,514
08/03/2005,OGG,HI,AWP,WE,Towers with Radar,180,28,4,28,240,0,248,46,3,297,180,276,50,31,537,68,0,68,605
08/04/2005,OGG,HI,AWP,WE,Towers with Radar,185,38,21,8,252,0,233,27,4,264,185,271,48,12,516,36,0,36,552
08/05/2005,OGG,HI,AWP,WE,Towers with Radar,197,35,9,23,264,0,224,49,4,277,197,259,58,27,541,45,0,45,586
08/06/2005,OGG,HI,AWP,WE,Towers with Radar,179,24,9,0,212,0,176,35,0,211,179,200,44,0,423,8,0,8,431
08/07/2005,OGG,HI,AWP,WE,Towers with Radar,156,42,9,6,213,0,167,31,0,198,156,209,40,6,411,8,0,8,419
08/08/2005,OGG,HI,AWP,WE,Towers with Radar,165,27,3,8,203,0,193,28,9,230,165,220,31,17,433,44,8,52,485
08/09/2005,OGG,HI,AWP,WE,Towers with Radar,165,27,7,12,211,0,238,47,4,289,165,265,54,16,500,86,0,86,586
08/10/2005,OGG,HI,AWP,WE,Towers with Radar,176,22,9,18,225,0,269,31,15,315,176,291,40,33,540,65,0,65,605
08/11/2005,OGG,HI,AWP,WE,Towers with Radar,196,19,12,24,251,0,240,45,1,286,196,259,57,25,537,52,0,52,589
08/12/2005,OGG,HI,AWP,WE,Towers with Radar,187,15,6,9,217,0,231,41,2,274,187,246,47,11,491,43,0,43,534
08/13/2005,OGG,HI,AWP,WE,Towers with Radar,166,28,7,0,201,0,194,40,0,234,166,222,47,0,435,16,0,16,451
08/14/2005,OGG,HI,AWP,WE,Towers with Radar,0,0,0,0,0,182,205,27,0,414,182,205,27,0,414,8,0,8,422
08/15/2005,OGG,HI,AWP,WE,Towers with Radar,173,34,3,9,219,0,209,30,0,239,173,243,33,9,458,52,0,52,510
08/16/2005,OGG,HI,AWP,WE,Towers with Radar,189,25,10,11,235,0,258,37,2,297,189,283,47,13,532,65,0,65,597
08/17/2005,OGG,HI,AWP,WE,Towers with Radar,161,19,4,24,208,0,194,50,1,245,161,213,54,25,453,6,6,12,465
08/18/2005,OGG,HI,AWP,WE,Towers with Radar,185,28,8,4,225,0,179,45,4,228,185,207,53,8,453,29,0,29,482
08/19/2005,OGG,HI,AWP,WE,Towers with Radar,167,29,6,14,216,0,157,37,0,194,167,186,43,14,410,28,0,28,438
08/20/2005,OGG,HI,AWP,WE,Towers with Radar,174,36,7,0,217,0,166,25,0,191,174,202,32,0,408,28,0,28,436
08/21/2005,OGG,HI,AWP,WE,Towers with Radar,174,19,6,0,199,0,211,29,0,240,174,230,35,0,439,20,0,20,459
08/22/2005,OGG,HI,AWP,WE,Towers with Radar,196,18,5,6,225,0,215,48,1,264,196,233,53,7,489,40,0,40,529
08/23/2005,OGG,HI,AWP,WE,Towers with Radar,172,22,11,16,221,0,217,30,0,247,172,239,41,16,468,30,10,40,508
08/24/2005,OGG,HI,AWP,WE,Towers with Radar,170,32,6,21,229,0,218,44,1,263,170,250,50,22,492,48,11,59,551
08/25/2005,OGG,HI,AWP,WE,Towers with Radar,170,23,8,11,212,0,156,27,2,185,170,179,35,13,397,24,0,24,421
08/26/2005,OGG,HI,AWP,WE,Towers with Radar,156,25,4,10,195,0,219,48,0,267,156,244,52,10,462,58,0,58,520
08/27/2005,OGG,HI,AWP,WE,Towers with Radar,137,20,8,8,173,0,180,26,0,206,137,200,34,8,379,36,0,36,415
08/28/2005,OGG,HI,AWP,WE,Towers with Radar,0,0,0,0,0,179,169,30,0,378,179,169,30,0,378,15,0,15,393
08/29/2005,OGG,HI,AWP,WE,Towers with Radar,166,19,0,0,185,0,195,52,0,247,166,214,52,0,432,60,0,60,492
08/30/2005,OGG,HI,AWP,WE,Towers with Radar,167,23,9,16,215,0,185,38,1,224,167,208,47,17,439,52,26,78,517
08/31/2005,OGG,HI,AWP,WE,Towers with Radar,147,30,11,5,193,0,205,42,2,249,147,235,53,7,442,50,2,52,494
09/01/2005,OGG,HI,AWP,WE,Towers with Radar,152,24,4,10,190,0,174,26,0,200,152,198,30,10,390,38,0,38,428
09/02/2005,OGG,HI,AWP,WE,Towers with Radar,147,26,5,2,180,0,198,33,0,231,147,224,38,2,411,30,0,30,441
09/03/2005,OGG,HI,AWP,WE,Towers with Radar,0,0,0,0,0,160,154,48,0,362,160,154,48,0,362,6,0,6,368
09/04/2005,OGG,HI,AWP,WE,Towers with Radar,164,9,8,1,182,0,158,32,1,191,164,167,40,2,373,19,4,23,396
09/05/2005,OGG,HI,AWP,WE,Towers with Radar,175,17,14,0,206,0,197,33,0,230,175,214,47,0,436,26,0,26,462
09/06/2005,OGG,HI,AWP,WE,Towers with Radar,165,13,3,10,191,0,218,42,1,261,165,231,45,11,452,20,0,20,472
09/07/2005,OGG,HI,AWP,WE,Towers with Radar,145,23,3,6,177,0,214,39,4,257,145,237,42,10,434,26,2,28,462
09/08/2005,OGG,HI,AWP,WE,Towers with Radar,137,20,9,6,172,0,195,44,3,242,137,215,53,9,414,44,0,44,458
09/09/2005,OGG,HI,AWP,WE,Towers with Radar,145,22,4,12,183,0,223,44,0,267,145,245,48,12,450,4,2,6,456
09/10/2005,OGG,HI,AWP,WE,Towers with Radar,156,18,7,2,183,0,158,32,4,194,156,176,39,6,377,34,4,38,415
09/11/2005,OGG,HI,AWP,WE,Towers with Radar,0,0,0,0,0,154,147,30,3,334,154,147,30,3,334,24,0,24,358
09/12/2005,OGG,HI,AWP,WE,Towers with Radar,161,17,3,5,186,0,164,47,1,212,161,181,50,6,398,660,1,661,1059
09/13/2005,OGG,HI,AWP,WE,Towers with Radar,151,18,4,17,190,0,147,42,5,194,151,165,46,22,384,28,0,28,412
09/14/2005,OGG,HI,AWP,WE,Towers with Radar,141,18,0,38,197,0,182,20,1,203,141,200,20,39,400,28,0,28,428
09/15/2005,OGG,HI,AWP,WE,Towers with Radar,148,23,6,0,177,0,95,25,0,120,148,118,31,0,297,22,0,22,319
09/16/2005,OGG,HI,AWP,WE,Towers with Radar,146,34,2,11,193,0,182,35,0,217,146,216,37,11,410,60,16,76,486
09/17/2005,OGG,HI,AWP,WE,Towers with Radar,0,0,0,0,0,171,213,26,14,424,171,213,26,14,424,14,0,14,438
09/18/2005,OGG,HI,AWP,WE,Towers with Radar,155,15,1,2,173,0,131,16,0,147,155,146,17,2,320,6,0,6,326
09/19/2005,OGG,HI,AWP,WE,Towers with Radar,159,10,0,10,179,0,181,36,0,217,159,191,36,10,396,38,0,38,434
09/20/2005,OGG,HI,AWP,WE,Towers with Radar,163,13,3,15,194,0,203,31,7,241,163,216,34,22,435,63,6,69,504
09/21/2005,OGG,HI,AWP,WE,Towers with Radar,149,12,6,17,184,0,188,28,1,217,149,200,34,18,401,60,0,60,461
09/22/2005,OGG,HI,AWP,WE,Towers with Radar,161,17,5,12,195,0,144,20,0,164,161,161,25,12,359,16,0,16,375
09/23/2005,OGG,HI,AWP,WE,Towers with Radar,157,23,8,22,210,0,162,43,0,205,157,185,51,22,415,80,0,80,495
09/24/2005,OGG,HI,AWP,WE,Towers with Radar,171,12,2,5,190,0,151,24,1,176,171,163,26,6,366,38,10,48,414
09/25/2005,OGG,HI,AWP,WE,Towers with Radar,159,7,4,0,170,0,170,30,1,201,159,177,34,1,371,8,0,8,379
09/26/2005,OGG,HI,AWP,WE,Towers with Radar,0,0,0,0,0,167,209,26,0,402,167,209,26,0,402,34,0,34,436
09/27/2005,OGG,HI,AWP,WE,Towers with Radar,153,18,4,10,185,0,165,28,0,193,153,183,32,10,378,30,0,30,408
09/28/2005,OGG,HI,AWP,WE,Towers with Radar,154,18,2,13,187,0,173,37,0,210,154,191,39,13,397,40,0,40,437
09/29/2005,OGG,HI,AWP,WE,Towers with Radar,159,23,7,14,203,0,183,46,0,229,159,206,53,14,432,26,0,26,458
09/30/2005,OGG,HI,AWP,WE,Towers with Radar,144,37,6,3,190,0,46,11,0,57,144,83,17,3,247,0,0,0,247
10/01/2005,OGG,HI,AWP,WE,Towers with Radar,0,0,0,0,0,142,129,14,6,291,142,129,14,6,291,14,0,14,305
10/02/2005,OGG,HI,AWP,WE,Towers with Radar,146,26,6,3,181,0,150,16,0,166,146,176,22,3,347,10,0,10,357
10/03/2005,OGG,HI,AWP,WE,Towers with Radar,133,28,1,10,172,0,168,24,0,192,133,196,25,10,364,62,0,62,426
10/04/2005,OGG,HI,AWP,WE,Towers with Radar,154,21,7,4,186,0,191,28,20,239,154,212,35,24,425,90,0,90,515
10/05/2005,OGG,HI,AWP,WE,Towers with Radar,142,25,9,11,187,0,151,36,1,188,142,176,45,12,375,48,0,48,423
10/06/2005,OGG,HI,AWP,WE,Towers with Radar,144,14,1,26,185,0,165,36,2,203,144,179,37,28,388,45,0,45,433
10/07/2005,OGG,HI,AWP,WE,Towers with Radar,148,25,4,16,193,0,209,40,0,249,148,234,44,16,442,20,0,20,462
10/08/2005,OGG,HI,AWP,WE,Towers with Radar,125,33,2,0,160,0,174,26,0,200,125,207,28,0,360,41,0,41,401
10/09/2005,OGG,HI,AWP,WE,Towers with Radar,0,0,0,0,0,159,163,24,0,346,159,163,24,0,346,8,0,8,354
10/10/2005,OGG,HI,AWP,WE,Towers with Radar,0,0,0,0,0,134,203,29,0,366,134,203,29,0,366,44,0,44,410
10/11/2005,OGG,HI,AWP,WE,Towers with Radar,141,23,0,7,171,0,213,37,1,251,141,236,37,8,422,19,4,23,445
10/12/2005,OGG,HI,AWP,WE,Towers with Radar,152,13,0,26,191,0,194,38,4,236,152,207,38,30,427,16,0,16,443
10/13/2005,OGG,HI,AWP,WE,Towers with Radar,128,20,3,14,165,0,235,31,5,271,128,255,34,19,436,87,8,95,531
10/14/2005,OGG,HI,AWP,WE,Towers with Radar,138,27,5,3,173,0,211,38,2,251,138,238,43,5,424,0,38,38,462
10/15/2005,OGG,HI,AWP,WE,Towers with Radar,0,0,0,0,0,145,168,34,7,354,145,168,34,7,354,34,0,34,388
10/16/2005,OGG,HI,AWP,WE,Towers with Radar,145,18,11,0,174,0,146,34,0,180,145,164,45,0,354,10,0,10,364
10/17/2005,OGG,HI,AWP,WE,Towers with Radar,179,25,6,0,210,0,224,58,2,284,179,249,64,2,494,33,0,33,527
10/18/2005,OGG,HI,AWP,WE,Towers with Radar,140,19,8,10,177,0,178,29,3,210,140,197,37,13,387,40,0,40,427
10/19/2005,OGG,HI,AWP,WE,Towers with Radar,139,25,4,11,179,0,178,35,1,214,139,203,39,12,393,46,10,56,449
10/20/2005,OGG,HI,AWP,WE,Towers with Radar,134,27,6,26,193,0,210,38,3,251,134,237,44,29,444,32,4,36,480
10/21/2005,OGG,HI,AWP,WE,Towers with Radar,140,34,12,2,188,0,197,45,2,244,140,231,57,4,432,42,0,42,474
10/22/2005,OGG,HI,AWP,WE,Towers with Radar,143,34,5,0,182,0,139,26,0,165,143,173,31,0,347,24,0,24,371
10/23/2005,OGG,HI,AWP,WE,Towers with Radar,141,22,6,0,169,0,43,12,0,55,141,65,18,0,224,18,0,18,242
10/24/2005,OGG,HI,AWP,WE,Towers with Radar,160,21,4,0,185,0,211,43,0,254,160,232,47,0,439,59,0,59,498
10/25/2005,OGG,HI,AWP,WE,Towers with Radar,159,23,10,12,204,0,191,46,1,238,159,214,56,13,442,26,0,26,468
10/26/2005,OGG,HI,AWP,WE,Towers with Radar,127,24,7,4,162,0,223,32,0,255,127,247,39,4,417,70,0,70,487
10/27/2005,OGG,HI,AWP,WE,Towers with Radar,157,26,5,3,191,0,200,53,3,256,157,226,58,6,447,42,0,42,489
10/28/2005,OGG,HI,AWP,WE,Towers with Radar,143,38,8,4,193,0,190,42,0,232,143,228,50,4,425,16,0,16,441
10/29/2005,OGG,HI,AWP,WE,Towers with Radar,136,33,4,0,173,0,137,47,0,184,136,170,51,0,357,10,0,10,367
10/30/2005,OGG,HI,AWP,WE,Towers with Radar,152,25,6,10,193,0,97,28,0,125,152,122,34,10,318,25,0,25,343
10/31/2005,OGG,HI,AWP,WE,Towers with Radar,0,0,0,0,0,132,159,40,2,333,132,159,40,2,333,14,0,14,347
11/01/2005,OGG,HI,AWP,WE,Towers with Radar,149,30,4,21,204,0,98,29,0,127,149,128,33,21,331,25,14,39,370
11/02/2005,OGG,HI,AWP,WE,Towers with Radar,148,33,0,30,211,0,186,33,0,219,148,219,33,30,430,77,6,83,513
11/03/2005,OGG,HI,AWP,WE,Towers with Radar,136,28,10,7,181,0,161,33,3,197,136,189,43,10,378,38,0,38,416
11/04/2005,OGG,HI,AWP,WE,Towers with Radar,147,25,4,37,213,0,161,42,3,206,147,186,46,40,419,40,2,42,461
11/05/2005,OGG,HI,AWP,WE,Towers with Radar,147,19,2,0,168,0,133,30,1,164,147,152,32,1,332,18,0,18,350
11/06/2005,OGG,HI,AWP,WE,Towers with Radar,145,22,9,2,178,0,132,32,0,164,145,154,41,2,342,16,0,16,358
11/07/2005,OGG,HI,AWP,WE,Towers with Radar,149,29,6,4,188,0,182,48,4,234,149,211,54,8,422,28,1,29,451
11/08/2005,OGG,HI,AWP,WE,Towers with Radar,151,20,5,3,179,0,198,23,1,222,151,218,28,4,401,28,1,29,430
11/09/2005,OGG,HI,AWP,WE,Towers with Radar,142,19,9,24,194,0,230,29,1,260,142,249,38,25,454,44,0,44,498
11/10/2005,OGG,HI,AWP,WE,Towers with Radar,136,25,8,4,173,0,216,35,0,251,136,241,43,4,424,44,0,44,468
11/11/2005,OGG,HI,AWP,WE,Towers with Radar,179,25,3,0,207,0,275,46,0,321,179,300,49,0,528,78,0,78,606
11/12/2005,OGG,HI,AWP,WE,Towers with Radar,135,29,6,2,172,0,116,25,0,141,135,145,31,2,313,31,0,31,344
11/13/2005,OGG,HI,AWP,WE,Towers with Radar,139,29,7,4,179,0,113,20,0,133,139,142,27,4,312,20,0,20,332
11/14/2005,OGG,HI,AWP,WE,Towers with Radar,168,18,3,6,195,0,168,36,0,204,168,186,39,6,399,16,0,16,415
11/15/2005,OGG,HI,AWP,WE,Towers with Radar,149,22,10,14,195,0,181,38,2,221,149,203,48,16,416,31,0,31,447
11/16/2005,OGG,HI,AWP,WE,Towers with Radar,153,18,4,15,190,0,167,38,0,205,153,185,42,15,395,51,0,51,446
11/17/2005,OGG,HI,AWP,WE,Towers with Radar,137,29,4,6,176,0,179,25,0,204,137,208,29,6,380,60,4,64,444
11/18/2005,OGG,HI,AWP,WE,Towers with Radar,132,41,8,14,195,0,107,34,0,141,132,148,42,14,336,28,0,28,364
11/19/2005,OGG,HI,AWP,WE,Towers with Radar,0,0,0,0,0,165,185,63,4,417,165,185,63,4,417,48,0,48,465
11/20/2005,OGG,HI,AWP,WE,Towers with Radar,147,15,9,0,171,0,158,23,1,182,147,173,32,1,353,34,0,34,387
11/21/2005,OGG,HI,AWP,WE,Towers with Radar,153,29,9,3,194,0,150,41,1,192,153,179,50,4,386,45,0,45,431
11/22/2005,OGG,HI,AWP,WE,Towers with Radar,172,31,15,8,226,0,180,44,1,225,172,211,59,9,451,51,0,51,502
11/23/2005,OGG,HI,AWP,WE,Towers with Radar,173,43,17,6,239,0,55,23,0,78,173,98,40,6,317,32,0,32,349
11/24/2005,OGG,HI,AWP,WE,Towers with Radar,149,14,5,2,170,0,144,15,3,162,149,158,20,5,332,26,0,26,358
11/25/2005,OGG,HI,AWP,WE,Towers with Radar,147,29,9,2,187,0,215,43,0,258,147,244,52,2,445,50,0,50,495
11/26/2005,OGG,HI,AWP,WE,Towers with Radar,169,31,15,0,215,0,160,42,0,202,169,191,57,0,417,32,0,32,449
11/27/2005,OGG,HI,AWP,WE,Towers with Radar,142,45,24,0,211,0,4,12,0,16,142,49,36,0,227,12,0,12,239
11/28/2005,OGG,HI,AWP,WE,Towers with Radar,0,0,0,0,0,164,211,39,0,414,164,211,39,0,414,12,0,12,426
11/29/2005,OGG,HI,AWP,WE,Towers with Radar,168,18,2,16,204,0,169,35,0,204,168,187,37,16,408,38,0,38,446
11/30/2005,OGG,HI,AWP,WE,Towers with Radar,152,18,1,39,210,0,185,41,2,228,152,203,42,41,438,84,8,92,530
12/01/2005,OGG,HI,AWP,WE,Towers with Radar,149,23,10,0,182,0,165,44,0,209,149,188,54,0,391,32,0,32,423
12/02/2005,OGG,HI,AWP,WE,Towers with Radar,147,30,3,15,195,0,139,38,0,177,147,169,41,15,372,58,0,58,430
12/03/2005,OGG,HI,AWP,WE,Towers with Radar,152,21,2,0,175,0,132,32,2,166,152,153,34,2,341,14,0,14,355
12/04/2005,OGG,HI,AWP,WE,Towers with Radar,143,15,6,1,165,0,156,27,1,184,143,171,33,2,349,17,0,17,366
12/05/2005,OGG,HI,AWP,WE,Towers with Radar,158,31,2,4,195,0,180,34,0,214,158,211,36,4,409,66,0,66,475
12/06/2005,OGG,HI,AWP,WE,Towers with Radar,155,18,3,0,176,0,157,45,0,202,155,175,48,0,378,87,0,87,465
12/07/2005,OGG,HI,AWP,WE,Towers with Radar,148,21,2,2,173,0,183,25,2,210,148,204,27,4,383,50,0,50,433
12/08/2005,OGG,HI,AWP,WE,Towers with Radar,158,33,4,3,198,0,161,31,0,192,158,194,35,3,390,40,0,40,430
12/09/2005,OGG,HI,AWP,WE,Towers with Radar,141,33,4,16,194,0,180,36,0,216,141,213,40,16,410,27,0,27,437
12/10/2005,OGG,HI,AWP,WE,Towers with Radar,150,28,0,4,182,0,130,52,1,183,150,158,52,5,365,81,0,81,446
12/11/2005,OGG,HI,AWP,WE,Towers with Radar,0,0,0,0,0,157,117,13,0,287,157,117,13,0,287,14,0,14,301
12/12/2005,OGG,HI,AWP,WE,Towers with Radar,135,24,1,38,198,0,128,39,0,167,135,152,40,38,365,45,12,57,422
12/13/2005,OGG,HI,AWP,WE,Towers with Radar,145,25,3,18,191,0,142,29,0,171,145,167,32,18,362,32,18,50,412
12/14/2005,OGG,HI,AWP,WE,Towers with Radar,140,31,3,0,174,0,145,33,0,178,140,176,36,0,352,22,0,22,374
12/15/2005,OGG,HI,AWP,WE,Towers with Radar,148,32,6,2,188,0,173,30,0,203,148,205,36,2,391,24,0,24,415
12/16/2005,OGG,HI,AWP,WE,Towers with Radar,160,31,5,4,200,0,151,41,0,192,160,182,46,4,392,30,0,30,422
12/17/2005,OGG,HI,AWP,WE,Towers with Radar,181,40,16,0,237,0,114,27,0,141,181,154,43,0,378,22,0,22,400
12/18/2005,OGG,HI,AWP,WE,Towers with Radar,162,32,6,0,200,0,88,10,0,98,162,120,16,0,298,20,0,20,318
12/19/2005,OGG,HI,AWP,WE,Towers with Radar,172,40,14,16,242,0,239,34,2,275,172,279,48,18,517,45,0,45,562
12/20/2005,OGG,HI,AWP,WE,Towers with Radar,195,26,8,9,238,0,201,36,5,242,195,227,44,14,480,52,4,56,536
12/21/2005,OGG,HI,AWP,WE,Towers with Radar,180,28,9,19,236,0,198,44,1,243,180,226,53,20,479,60,0,60,539
12/22/2005,OGG,HI,AWP,WE,Towers with Radar,155,40,8,1,204,0,179,29,0,208,155,219,37,1,412,92,0,92,504
12/23/2005,OGG,HI,AWP,WE,Towers with Radar,188,23,23,0,234,0,278,42,0,320,188,301,65,0,554,45,0,45,599
12/24/2005,OGG,HI,AWP,WE,Towers with Radar,158,33,8,0,199,0,156,30,0,186,158,189,38,0,385,44,0,44,429
12/25/2005,OGG,HI,AWP,WE,Towers with Radar,0,0,0,0,0,169,55,13,0,237,169,55,13,0,237,0,0,0,237
12/26/2005,OGG,HI,AWP,WE,Towers with Radar,169,15,16,14,214,0,237,49,0,286,169,252,65,14,500,73,0,73,573
12/27/2005,OGG,HI,AWP,WE,Towers with Radar,174,26,14,16,230,0,285,42,0,327,174,311,56,16,557,36,0,36,593
12/28/2005,OGG,HI,AWP,WE,Towers with Radar,162,22,19,13,216,0,241,47,0,288,162,263,66,13,504,76,0,76,580
12/29/2005,OGG,HI,AWP,WE,Towers with Radar,170,23,10,3,206,0,297,57,2,356,170,320,67,5,562,43,0,43,605
12/30/2005,OGG,HI,AWP,WE,Towers with Radar,174,26,17,5,222,0,290,45,0,335,174,316,62,5,557,34,0,34,591
12/31/2005,OGG,HI,AWP,WE,Towers with Radar,0,0,0,0,0,153,213,39,0,405,153,213,39,0,405,28,0,28,433
01/01/2006,OGG,HI,AWP,WE,Towers with Radar,164,19,20,0,203,0,127,15,2,144,164,146,35,2,347,26,0,26,373
01/02/2006,OGG,HI,AWP,WE,Towers with Radar,176,24,15,0,215,0,202,35,1,238,176,226,50,1,453,30,0,30,483
01/03/2006,OGG,HI,AWP,WE,Towers with Radar,178,17,21,17,233,0,268,43,0,311,178,285,64,17,544,52,10,62,606
01/04/2006,OGG,HI,AWP,WE,Towers with Radar,162,25,5,2,194,0,187,29,0,216,162,212,34,2,410,32,0,32,442
01/05/2006,OGG,HI,AWP,WE,Towers with Radar,148,42,7,20,217,0,186,19,3,208,148,228,26,23,425,26,0,26,451
01/06/2006,OGG,HI,AWP,WE,Towers with Radar,153,28,11,8,200,0,153,21,0,174,153,181,32,8,374,24,0,24,398
01/07/2006,OGG,HI,AWP,WE,Towers with Radar,0,0,0,0,0,139,181,24,6,350,139,181,24,6,350,44,0,44,394
01/08/2006,OGG,HI,AWP,WE,Towers with Radar,157,14,6,3,180,0,137,18,3,158,157,151,24,6,338,16,0,16,354
01/09/2006,OGG,HI,AWP,WE,Towers with Radar,0,0,0,0,0,164,124,20,6,314,164,124,20,6,314,15,0,15,329
01/10/2006,OGG,HI,AWP,WE,Towers with Radar,169,16,10,12,207,0,196,31,0,227,169,212,41,12,434,54,0,54,488
01/11/2006,OGG,HI,AWP,WE,Towers with Radar,172,15,8,8,203,0,203,23,3,229,172,218,31,11,432,40,0,40,472
01/12/2006,OGG,HI,AWP,WE,Towers with Radar,158,19,6,10,193,0,187,38,1,226,158,206,44,11,419,58,0,58,477
01/13/2006,OGG,HI,AWP,WE,Towers with Radar,167,26,5,4,202,0,176,19,0,195,167,202,24,4,397,59,0,59,456
01/14/2006,OGG,HI,AWP,WE,Towers with Radar,156,14,5,0,175,0,117,25,3,145,156,131,30,3,320,24,0,24,344
01/15/2006,OGG,HI,AWP,WE,Towers with Radar,0,0,0,0,0,146,143,16,1,306,146,143,16,1,306,14,0,14,320
01/16/2006,OGG,HI,AWP,WE,Towers with Radar,0,0,0,0,0,166,181,27,2,376,166,181,27,2,376,48,0,48,424
01/17/2006,OGG,HI,AWP,WE,Towers with Radar,156,21,3,4,184,0,175,29,2,206,156,196,32,6,390,24,0,24,414
01/18/2006,OGG,HI,AWP,WE,Towers with Radar,132,13,4,6,155,0,196,27,3,226,132,209,31,9,381,34,0,34,415
01/19/2006,OGG,HI,AWP,WE,Towers with Radar,145,17,4,4,170,0,153,28,4,185,145,170,32,8,355,30,0,30,385
01/20/2006,OGG,HI,AWP,WE,Towers with Radar,177,28,2,15,222,0,192,36,2,230,177,220,38,17,452,52,0,52,504
01/21/2006,OGG,HI,AWP,WE,Towers with Radar,0,0,0,0,0,156,178,26,0,360,156,178,26,0,360,42,0,42,402
01/22/2006,OGG,HI,AWP,WE,Towers with Radar,167,14,3,0,184,0,121,30,0,151,167,135,33,0,335,26,0,26,361
01/23/2006,OGG,HI,AWP,WE,Towers with Radar,156,20,9,27,212,0,163,31,2,196,156,183,40,29,408,28,0,28,436
01/24/2006,OGG,HI,AWP,WE,Towers with Radar,170,29,2,39,240,0,141,15,0,156,170,170,17,39,396,14,10,24,420
01/25/2006,OGG,HI,AWP,WE,Towers with Radar,165,30,4,17,216,0,166,19,1,186,165,196,23,18,402,67,24,91,493
01/26/2006,OGG,HI,AWP,WE,Towers with Radar,155,29,8,6,198,0,109,15,0,124,155,138,23,6,322,10,0,10,332
01/27/2006,OGG,HI,AWP,WE,Towers with Radar,174,19,6,11,210,0,173,24,0,197,174,192,30,11,407,34,0,34,441
01/28/2006,OGG,HI,AWP,WE,Towers with Radar,170,9,5,8,192,0,121,24,0,145,170,130,29,8,337,73,0,73,410
01/29/2006,OGG,HI,AWP,WE,Towers with Radar,0,0,0,0,0,166,158,25,0,349,166,158,25,0,349,12,0,12,361
01/30/2006,OGG,HI,AWP,WE,Towers with Radar,154,11,3,10,178,0,204,35,13,252,154,215,38,23,430,20,0,20,450
01/31/2006,OGG,HI,AWP,WE,Towers with Radar,154,9,4,6,173,0,167,36,0,203,154,176,40,6,376,66,0,66,442
02/01/2006,OGG,HI,AWP,WE,Towers with Radar,165,15,6,5,191,0,171,33,6,210,165,186,39,11,401,38,0,38,439
02/02/2006,OGG,HI,AWP,WE,Towers with Radar,155,25,13,22,215,0,185,30,3,218,155,210,43,25,433,30,3,33,466
02/03/2006,OGG,HI,AWP,WE,Towers with Radar,191,22,9,8,230,0,129,14,2,145,191,151,23,10,375,18,0,18,393
02/04/2006,OGG,HI,AWP,WE,Towers with Radar,152,19,6,2,179,0,132,25,2,159,152,151,31,4,338,58,0,58,396
02/05/2006,OGG,HI,AWP,WE,Towers with Radar,159,18,3,1,181,0,109,12,0,121,159,127,15,1,302,52,0,52,354
02/06/2006,OGG,HI,AWP,WE,Towers with Radar,149,15,6,6,176,0,148,28,1,177,149,163,34,7,353,16,0,16,369
02/07/2006,OGG,HI,AWP,WE,Towers with Radar,161,7,10,2,180,0,203,36,7,246,161,210,46,9,426,26,0,26,452
02/08/2006,OGG,HI,AWP,WE,Towers with Radar,169,10,7,6,192,0,119,13,0,132,169,129,20,6,324,46,0,46,370
02/09/2006,OGG,HI,AWP,WE,Towers with Radar,158,12,5,6,181,0,175,36,0,211,158,187,41,6,392,50,0,50,442
02/10/2006,OGG,HI,AWP,WE,Towers with Radar,158,35,1,0,194,0,185,41,0,226,158,220,42,0,420,24,0,24,444
02/11/2006,OGG,HI,AWP,WE,Towers with Radar,147,25,11,0,183,0,134,34,0,168,147,159,45,0,351,18,0,18,369
02/12/2006,OGG,HI,AWP,WE,Towers with Radar,162,30,3,0,195,0,108,30,0,138,162,138,33,0,333,34,0,34,367
02/13/2006,OGG,HI,AWP,WE,Towers with Radar,165,20,4,2,191,0,199,19,4,222,165,219,23,6,413,22,0,22,435
02/14/2006,OGG,HI,AWP,WE,Towers with Radar,141,18,4,11,174,0,188,20,0,208,141,206,24,11,382,42,4,46,428
02/15/2006,OGG,HI,AWP,WE,Towers with Radar,159,12,4,8,183,0,173,46,0,219,159,185,50,8,402,48,0,48,450
02/16/2006,OGG,HI,AWP,WE,Towers with Radar,0,0,0,0,0,150,234,26,2,412,150,234,26,2,412,45,0,45,457
02/17/2006,OGG,HI,AWP,WE,Towers with Radar,179,29,5,10,223,0,189,38,22,249,179,218,43,32,472,32,0,32,504
02/18/2006,OGG,HI,AWP,WE,Towers with Radar,170,37,10,0,217,0,158,32,0,190,170,195,42,0,407,58,0,58,465
02/19/2006,OGG,HI,AWP,WE,Towers with Radar,0,0,0,0,0,154,129,32,8,323,154,129,32,8,323,36,0,36,359
02/20/2006,OGG,HI,AWP,WE,Towers with Radar,176,13,9,0,198,0,188,19,0,207,176,201,28,0,405,78,0,78,483
02/21/2006,OGG,HI,AWP,WE,Towers with Radar,157,14,4,14,189,0,157,31,0,188,157,171,35,14,377,64,0,64,441
02/22/2006,OGG,HI,AWP,WE,Towers with Radar,163,16,2,4,185,0,189,28,4,221,163,205,30,8,406,80,0,80,486
02/23/2006,OGG,HI,AWP,WE,Towers with Radar,169,11,2,5,187,0,274,34,2,310,169,285,36,7,497,60,0,60,557
02/24/2006,OGG,HI,AWP,WE,Towers with Radar,180,25,5,5,215,0,262,29,9,300,180,287,34,14,515,52,0,52,567
02/25/2006,OGG,HI,AWP,WE,Towers with Radar,153,33,17,2,205,0,186,41,0,227,153,219,58,2,432,24,0,24,456
02/26/2006,OGG,HI,AWP,WE,Towers with Radar,159,20,8,2,189,0,128,20,2,150,159,148,28,4,339,27,0,27,366
02/27/2006,OGG,HI,AWP,WE,Towers with Radar,169,13,3,9,194,0,170,20,0,190,169,183,23,9,384,30,0,30,414
02/28/2006,OGG,HI,AWP,WE,Towers with Radar,160,24,11,14,209,0,189,26,0,215,160,213,37,14,424,80,2,82,506
03/01/2006,OGG,HI,AWP,WE,Towers with Radar,159,15,11,6,191,0,202,18,0,220,159,217,29,6,411,83,0,83,494
03/02/2006,OGG,HI,AWP,WE,Towers with Radar,181,12,5,4,202,0,179,13,0,192,181,191,18,4,394,58,0,58,452
03/03/2006,OGG,HI,AWP,WE,Towers with Radar,189,23,7,14,233,0,193,38,2,233,189,216,45,16,466,58,0,58,524
03/04/2006,OGG,HI,AWP,WE,Towers with Radar,165,23,5,13,206,0,162,38,0,200,165,185,43,13,406,31,0,31,437
03/05/2006,OGG,HI,AWP,WE,Towers with Radar,0,0,0,0,0,165,156,31,3,355,165,156,31,3,355,55,0,55,410
03/06/2006,OGG,HI,AWP,WE,Towers with Radar,163,8,1,10,182,0,161,43,0,204,163,169,44,10,386,28,0,28,414
03/07/2006,OGG,HI,AWP,WE,Towers with Radar,162,10,10,8,190,0,203,24,6,233,162,213,34,14,423,34,0,34,457
03/08/2006,OGG,HI,AWP,WE,Towers with Radar,157,11,4,33,205,0,218,34,4,256,157,229,38,37,461,56,0,56,517
03/09/2006,OGG,HI,AWP,WE,Towers with Radar,164,19,13,17,213,0,144,12,2,158,164,163,25,19,371,32,2,34,405
03/10/2006,OGG,HI,AWP,WE,Towers with Radar,183,10,4,4,201,0,200,19,3,222,183,210,23,7,423,34,0,34,457
03/11/2006,OGG,HI,AWP,WE,Towers with Radar,0,0,0,0,0,177,222,30,7,436,177,222,30,7,436,24,0,24,460
03/12/2006,OGG,HI,AWP,WE,Towers with Radar,167,5,6,0,178,0,145,29,0,174,167,150,35,0,352,61,0,61,413
03/13/2006,OGG,HI,AWP,WE,Towers with Radar,163,17,2,10,192,0,218,35,3,256,163,235,37,13,448,30,0,30,478
03/14/2006,OGG,HI,AWP,WE,Towers with Radar,158,14,5,3,180,0,198,18,5,221,158,212,23,8,401,52,0,52,453
03/15/2006,OGG,HI,AWP,WE,Towers with Radar,141,13,4,7,165,0,190,19,1,210,141,203,23,8,375,76,0,76,451
03/16/2006,OGG,HI,AWP,WE,Towers with Radar,159,22,1,3,185,0,216,25,2,243,159,238,26,5,428,40,2,42,470
03/17/2006,OGG,HI,AWP,WE,Towers with Radar,0,0,0,0,0,175,230,58,8,471,175,230,58,8,471,84,0,84,555
03/18/2006,OGG,HI,AWP,WE,Towers with Radar,0,0,0,0,0,162,200,45,8,415,162,200,45,8,415,48,0,48,463
03/19/2006,OGG,HI,AWP,WE,Towers with Radar,172,29,7,0,208,0,26,6,0,32,172,55,13,0,240,17,0,17,257
03/20/2006,OGG,HI,AWP,WE,Towers with Radar,0,0,0,0,0,187,232,37,5,461,187,232,37,5,461,53,0,53,514
03/21/2006,OGG,HI,AWP,WE,Towers with Radar,157,8,2,8,175,0,255,31,3,289,157,263,33,11,464,53,0,53,517
03/22/2006,OGG,HI,AWP,WE,Towers with Radar,174,8,2,11,195,0,198,27,0,225,174,206,29,11,420,76,0,76,496
03/23/2006,OGG,HI,AWP,WE,Towers with Radar,157,20,4,4,185,0,187,12,0,199,157,207,16,4,384,40,0,40,424
03/24/2006,OGG,HI,AWP,WE,Towers with Radar,183,32,7,0,222,0,244,48,2,294,183,276,55,2,516,34,0,34,550
03/25/2006,OGG,HI,AWP,WE,Towers with Radar,0,0,0,0,0,161,186,28,4,379,161,186,28,4,379,32,0,32,411
03/26/2006,OGG,HI,AWP,WE,Towers with Radar,0,0,0,0,0,180,109,16,0,305,180,109,16,0,305,10,0,10,315
03/27/2006,OGG,HI,AWP,WE,Towers with Radar,186,27,8,0,221,0,84,1,4,89,186,111,9,4,310,4,0,4,314
03/28/2006,OGG,HI,AWP,WE,Towers with Radar,153,15,4,11,183,0,201,29,0,230,153,216,33,11,413,63,0,63,476
03/29/2006,OGG,HI,AWP,WE,Towers with Radar,174,34,9,10,227,0,168,25,0,193,174,202,34,10,420,43,0,43,463
03/30/2006,OGG,HI,AWP,WE,Towers with Radar,162,26,6,4,198,0,255,25,5,285,162,281,31,9,483,53,0,53,536
03/31/2006,OGG,HI,AWP,WE,Towers with Radar,171,25,9,4,209,0,184,23,3,210,171,209,32,7,419,50,0,50,469
04/01/2006,OGG,HI,AWP,WE,Towers with Radar,176,24,6,6,212,0,119,21,0,140,176,143,27,6,352,34,0,34,386
04/02/2006,OGG,HI,AWP,WE,Towers with Radar,0,0,0,0,0,166,152,19,1,338,166,152,19,1,338,20,0,20,358
04/03/2006,OGG,HI,AWP,WE,Towers with Radar,178,17,6,3,204,0,178,29,1,208,178,195,35,4,412,16,0,16,428
04/04/2006,OGG,HI,AWP,WE,Towers with Radar,168,6,11,4,189,0,191,6,0,197,168,197,17,4,386,37,0,37,423
04/05/2006,OGG,HI,AWP,WE,Towers with Radar,172,8,5,12,197,0,251,39,0,290,172,259,44,12,487,30,0,30,517
04/06/2006,OGG,HI,AWP,WE,Towers with Radar,172,12,9,10,203,0,209,33,1,243,172,221,42,11,446,46,0,46,492
04/07/2006,OGG,HI,AWP,WE,Towers with Radar,185,11,4,11,211,0,193,26,0,219,185,204,30,11,430,32,16,48,478
04/08/2006,OGG,HI,AWP,WE,Towers with Radar,178,17,22,1,218,0,178,38,2,218,178,195,60,3,436,34,0,34,470
04/09/2006,OGG,HI,AWP,WE,Towers with Radar,180,13,13,0,206,0,146,23,0,169,180,159,36,0,375,52,0,52,427
04/10/2006,OGG,HI,AWP,WE,Towers with Radar,158,13,6,0,177,0,207,21,0,228,158,220,27,0,405,26,0,26,431
04/11/2006,OGG,HI,AWP,WE,Towers with Radar,177,4,2,13,196,0,193,29,1,223,177,197,31,14,419,46,6,52,471
04/12/2006,OGG,HI,AWP,WE,Towers with Radar,173,12,5,13,203,0,234,21,0,255,173,246,26,13,458,10,0,10,468
04/13/2006,OGG,HI,AWP,WE,Towers with Radar,161,17,7,2,187,0,231,32,0,263,161,248,39,2,450,28,0,28,478
04/14/2006,OGG,HI,AWP,WE,Towers with Radar,174,26,5,10,215,0,217,38,1,256,174,243,43,11,471,53,0,53,524
04/15/2006,OGG,HI,AWP,WE,Towers with Radar,0,0,0,0,0,168,188,51,0,407,168,188,51,0,407,22,0,22,429
04/16/2006,OGG,HI,AWP,WE,Towers with Radar,0,0,0,0,0,146,158,39,0,343,146,158,39,0,343,14,0,14,357
04/17/2006,OGG,HI,AWP,WE,Towers with Radar,175,18,10,14,217,0,176,28,0,204,175,194,38,14,421,14,2,16,437
04/18/2006,OGG,HI,AWP,WE,Towers with Radar,172,18,10,10,210,0,199,26,0,225,172,217,36,10,435,32,0,32,467
04/19/2006,OGG,HI,AWP,WE,Towers with Radar,175,11,11,2,199,0,223,21,0,244,175,234,32,2,443,74,0,74,517
04/20/2006,OGG,HI,AWP,WE,Towers with Radar,169,9,9,4,191,0,242,38,1,281,169,251,47,5,472,43,0,43,515
04/21/2006,OGG,HI,AWP,WE,Towers with Radar,184,20,5,6,215,0,182,42,0,224,184,202,47,6,439,38,0,38,477
04/22/2006,OGG,HI,AWP,WE,Towers with Radar,157,25,17,6,205,0,167,49,4,220,157,192,66,10,425,52,0,52,477
04/23/2006,OGG,HI,AWP,WE,Towers with Radar,170,7,16,4,197,0,183,26,2,211,170,190,42,6,408,26,0,26,434
04/24/2006,OGG,HI,AWP,WE,Towers with Radar,154,14,2,14,184,0,181,24,0,205,154,195,26,14,389,34,0,34,423
04/25/2006,OGG,HI,AWP,WE,Towers with Radar,162,9,6,2,179,0,222,34,5,261,162,231,40,7,440,22,0,22,462
04/26/2006,OGG,HI,AWP,WE,Towers with Radar,170,11,7,16,204,0,193,32,0,225,170,204,39,16,429,94,0,94,523
04/27/2006,OGG,HI,AWP,WE,Towers with Radar,165,9,7,16,197,0,226,40,2,268,165,235,47,18,465,20,14,34,499
04/28/2006,OGG,HI,AWP,WE,Towers with Radar,171,23,2,4,200,0,205,43,2,250,171,228,45,6,450,39,0,39,489
04/29/2006,OGG,HI,AWP,WE,Towers with Radar,169,19,5,0,193,0,150,36,0,186,169,169,41,0,379,18,0,18,397
04/30/2006,OGG,HI,AWP,WE,Towers with Radar,168,12,3,0,183,0,132,20,0,152,168,144,23,0,335,44,0,44,379
05/01/2006,OGG,HI,AWP,WE,Towers with Radar,160,12,3,6,181,0,216,36,3,255,160,228,39,9,436,64,0,64,500
05/02/2006,OGG,HI,AWP,WE,Towers with Radar,162,10,2,0,174,0,192,32,3,227,162,202,34,3,401,12,0,12,413
05/03/2006,OGG,HI,AWP,WE,Towers with Radar,160,20,5,8,193,0,173,40,1,214,160,193,45,9,407,14,0,14,421
05/04/2006,OGG,HI,AWP,WE,Towers with Radar,165,30,5,0,200,0,204,25,0,229,165,234,30,0,429,18,0,18,447
05/05/2006,OGG,HI,AWP,WE,Towers with Radar,155,36,1,4,196,0,110,18,0,128,155,146,19,4,324,28,0,28,352
05/06/2006,OGG,HI,AWP,WE,Towers with Radar,0,0,0,0,0,152,205,15,1,373,152,205,15,1,373,12,0,12,385
05/07/2006,OGG,HI,AWP,WE,Towers with Radar,0,0,0,0,0,172,130,19,4,325,172,130,19,4,325,10,0,10,335
05/08/2006,OGG,HI,AWP,WE,Towers with Radar,169,9,2,2,182,0,201,23,0,224,169,210,25,2,406,61,0,61,467
05/09/2006,OGG,HI,AWP,WE,Towers with Radar,168,18,2,8,196,0,175,39,1,215,168,193,41,9,411,34,22,56,467
05/10/2006,OGG,HI,AWP,WE,Towers with Radar,151,13,0,15,179,0,175,34,0,209,151,188,34,15,388,25,1,26,414
05/11/2006,OGG,HI,AWP,WE,Towers with Radar,155,16,3,5,179,0,171,23,0,194,155,187,26,5,373,38,2,40,413
05/12/2006,OGG,HI,AWP,WE,Towers with Radar,186,15,4,12,217,0,179,49,1,229,186,194,53,13,446,53,0,53,499
05/13/2006,OGG,HI,AWP,WE,Towers with Radar,154,9,3,6,172,0,156,39,0,195,154,165,42,6,367,43,4,47,414
05/14/2006,OGG,HI,AWP,WE,Towers with Radar,0,0,0,0,0,172,139,15,1,327,172,139,15,1,327,58,0,58,385
05/15/2006,OGG,HI,AWP,WE,Towers with Radar,159,15,3,1,178,0,200,36,3,239,159,215,39,4,417,24,0,24,441
05/16/2006,OGG,HI,AWP,WE,Towers with Radar,156,18,1,2,177,0,222,30,1,253,156,240,31,3,430,58,0,58,488
05/17/2006,OGG,HI,AWP,WE,Towers with Radar,171,31,4,3,209,0,179,23,4,206,171,210,27,7,415,67,0,67,482
05/18/2006,OGG,HI,AWP,WE,Towers with Radar,140,14,5,0,159,0,166,23,0,189,140,180,28,0,348,22,0,22,370
05/19/2006,OGG,HI,AWP,WE,Towers with Radar,145,25,2,2,174,0,201,46,0,247,145,226,48,2,421,18,0,18,439
05/20/2006,OGG,HI,AWP,WE,Towers with Radar,156,21,3,6,186,0,163,18,0,181,156,184,21,6,367,18,2,20,387
05/21/2006,OGG,HI,AWP,WE,Towers with Radar,0,0,0,0,0,155,159,33,1,348,155,159,33,1,348,4,0,4,352
05/22/2006,OGG,HI,AWP,WE,Towers with Radar,160,18,6,11,195,0,196,24,0,220,160,214,30,11,415,52,0,52,467
05/23/2006,OGG,HI,AWP,WE,Towers with Radar,144,18,4,3,169,0,200,32,1,233,144,218,36,4,402,36,0,36,438
05/24/2006,OGG,HI,AWP,WE,Towers with Radar,165,17,8,6,196,0,191,30,0,221,165,208,38,6,417,64,0,64,481
05/25/2006,OGG,HI,AWP,WE,Towers with Radar,163,18,6,4,191,0,212,34,1,247,163,230,40,5,438,32,0,32,470
05/26/2006,OGG,HI,AWP,WE,Towers with Radar,176,14,3,4,197,0,204,50,0,254,176,218,53,4,451,25,0,25,476
05/27/2006,OGG,HI,AWP,WE,Towers with Radar,0,0,0,0,0,153,170,33,6,362,153,170,33,6,362,34,0,34,396
05/28/2006,OGG,HI,AWP,WE,Towers with Radar,0,0,0,0,0,175,192,34,1,402,175,192,34,1,402,35,0,35,437
05/29/2006,OGG,HI,AWP,WE,Towers with Radar,158,11,8,10,187,0,186,27,0,213,158,197,35,10,400,16,0,16,416
05/30/2006,OGG,HI,AWP,WE,Towers with Radar,182,12,11,0,205,0,217,31,1,249,182,229,42,1,454,20,0,20,474
05/31/2006,OGG,HI,AWP,WE,Towers with Radar,179,5,14,2,200,0,218,40,1,259,179,223,54,3,459,30,0,30,489
06/01/2006,OGG,HI,AWP,WE,Towers with Radar,168,9,7,9,193,0,193,26,3,222,168,202,33,12,415,22,12,34,449
06/02/2006,OGG,HI,AWP,WE,Towers with Radar,185,24,1,12,222,0,201,39,0,240,185,225,40,12,462,42,0,42,504
06/03/2006,OGG,HI,AWP,WE,Towers with Radar,0,0,0,0,0,172,181,20,3,376,172,181,20,3,376,28,0,28,404
06/04/2006,OGG,HI,AWP,WE,Towers with Radar,179,19,3,2,203,0,117,25,0,142,179,136,28,2,345,26,0,26,371
06/05/2006,OGG,HI,AWP,WE,Towers with Radar,157,14,5,10,186,0,224,42,4,270,157,238,47,14,456,53,0,53,509
06/06/2006,OGG,HI,AWP,WE,Towers with Radar,179,8,7,13,207,0,226,45,7,278,179,234,52,20,485,36,4,40,525
06/07/2006,OGG,HI,AWP,WE,Towers with Radar,169,14,0,28,211,0,240,32,0,272,169,254,32,28,483,34,0,34,517
06/08/2006,OGG,HI,AWP,WE,Towers with Radar,177,7,7,0,191,0,269,42,0,311,177,276,49,0,502,28,0,28,530
06/09/2006,OGG,HI,AWP,WE,Towers with Radar,190,14,9,2,215,0,247,34,0,281,190,261,43,2,496,88,0,88,584
06/10/2006,OGG,HI,AWP,WE,Towers with Radar,200,25,5,0,230,0,157,41,1,199,200,182,46,1,429,34,0,34,463
06/11/2006,OGG,HI,AWP,WE,Towers with Radar,0,0,0,0,0,200,171,26,0,397,200,171,26,0,397,26,0,26,423
06/12/2006,OGG,HI,AWP,WE,Towers with Radar,193,3,3,3,202,0,195,27,1,223,193,198,30,4,425,21,0,21,446
06/13/2006,OGG,HI,AWP,WE,Towers with Radar,197,11,7,0,215,0,217,24,2,243,197,228,31,2,458,28,0,28,486
06/14/2006,OGG,HI,AWP,WE,Towers with Radar,191,15,0,2,208,0,226,23,0,249,191,241,23,2,457,39,0,39,496
06/15/2006,OGG,HI,AWP,WE,Towers with Radar,187,16,4,2,209,0,222,34,0,256,187,238,38,2,465,30,0,30,495
06/16/2006,OGG,HI,AWP,WE,Towers with Radar,208,11,5,6,230,0,212,35,0,247,208,223,40,6,477,36,0,36,513
06/17/2006,OGG,HI,AWP,WE,Towers with Radar,0,0,0,0,0,189,181,48,7,425,189,181,48,7,425,54,0,54,479
06/18/2006,OGG,HI,AWP,WE,Towers with Radar,213,9,6,0,228,0,171,29,0,200,213,180,35,0,428,10,0,10,438
06/19/2006,OGG,HI,AWP,WE,Towers with Radar,199,5,5,0,209,0,244,18,0,262,199,249,23,0,471,14,0,14,485
06/20/2006,OGG,HI,AWP,WE,Towers with Radar,204,6,2,8,220,0,226,23,2,251,204,232,25,10,471,28,0,28,499
06/21/2006,OGG,HI,AWP,WE,Towers with Radar,185,13,5,2,205,0,196,25,0,221,185,209,30,2,426,24,0,24,450
06/22/2006,OGG,HI,AWP,WE,Towers with Radar,200,18,4,6,228,0,231,23,0,254,200,249,27,6,482,32,0,32,514
06/23/2006,OGG,HI,AWP,WE,Towers with Radar,227,15,12,0,254,0,229,46,0,275,227,244,58,0,529,32,0,32,561
06/24/2006,OGG,HI,AWP,WE,Towers with Radar,0,0,0,0,0,187,167,40,2,396,187,167,40,2,396,28,0,28,424
06/25/2006,OGG,HI,AWP,WE,Towers with Radar,0,0,0,0,0,207,179,43,2,431,207,179,43,2,431,36,0,36,467
06/26/2006,OGG,HI,AWP,WE,Towers with Radar,202,8,1,0,211,0,219,39,0,258,202,227,40,0,469,19,0,19,488
06/27/2006,OGG,HI,AWP,WE,Towers with Radar,184,12,7,6,209,0,225,20,0,245,184,237,27,6,454,32,0,32,486
06/28/2006,OGG,HI,AWP,WE,Towers with Radar,197,20,1,14,232,0,224,42,0,266,197,244,43,14,498,36,6,42,540
06/29/2006,OGG,HI,AWP,WE,Towers with Radar,202,9,1,22,234,0,256,34,0,290,202,265,35,22,524,33,2,35,559
06/30/2006,OGG,HI,AWP,WE,Towers with Radar,212,20,9,2,243,0,212,35,1,248,212,232,44,3,491,53,2,55,546
07/01/2006,OGG,HI,AWP,WE,Towers with Radar,217,10,6,2,235,0,185,19,0,204,217,195,25,2,439,30,0,30,469
07/02/2006,OGG,HI,AWP,WE,Towers with Radar,225,1,6,1,233,0,179,26,0,205,225,180,32,1,438,30,0,30,468
07/03/2006,OGG,HI,AWP,WE,Towers with Radar,207,10,5,0,222,0,260,38,0,298,207,270,43,0,520,33,0,33,553
07/04/2006,OGG,HI,AWP,WE,Towers with Radar,181,10,3,0,194,0,169,27,0,196,181,179,30,0,390,24,0,24,414
07/05/2006,OGG,HI,AWP,WE,Towers with Radar,212,19,7,2,240,0,202,23,0,225,212,221,30,2,465,32,0,32,497
07/06/2006,OGG,HI,AWP,WE,Towers with Radar,201,20,2,10,233,0,244,18,2,264,201,264,20,12,497,28,6,34,531
07/07/2006,OGG,HI,AWP,WE,Towers with Radar,209,18,4,8,239,0,196,35,0,231,209,214,39,8,470,51,0,51,521
07/08/2006,OGG,HI,AWP,WE,Towers with Radar,0,0,0,0,0,219,182,32,1,434,219,182,32,1,434,31,0,31,465
07/09/2006,OGG,HI,AWP,WE,Towers with Radar,0,0,0,0,0,207,162,30,4,403,207,162,30,4,403,40,0,40,443
07/10/2006,OGG,HI,AWP,WE,Towers with Radar,226,12,6,2,246,0,184,23,0,207,226,196,29,2,453,8,0,8,461
07/11/2006,OGG,HI,AWP,WE,Towers with Radar,221,7,2,2,232,0,186,15,0,201,221,193,17,2,433,32,0,32,465
07/12/2006,OGG,HI,AWP,WE,Towers with Radar,216,10,5,12,243,0,222,31,0,253,216,232,36,12,496,38,0,38,534
07/13/2006,OGG,HI,AWP,WE,Towers with Radar,193,13,6,2,214,0,214,25,0,239,193,227,31,2,453,26,4,30,483
07/14/2006,OGG,HI,AWP,WE,Towers with Radar,219,17,4,7,247,0,231,31,0,262,219,248,35,7,509,67,0,67,576
07/15/2006,OGG,HI,AWP,WE,Towers with Radar,200,6,6,0,212,0,156,15,0,171,200,162,21,0,383,40,0,40,423
07/16/2006,OGG,HI,AWP,WE,Towers with Radar,0,0,0,0,0,218,164,28,0,410,218,164,28,0,410,12,0,12,422
07/17/2006,OGG,HI,AWP,WE,Towers with Radar,202,10,4,0,216,0,252,35,0,287,202,262,39,0,503,22,0,22,525
07/18/2006,OGG,HI,AWP,WE,Towers with Radar,210,17,11,12,250,0,234,35,0,269,210,251,46,12,519,26,0,26,545
07/19/2006,OGG,HI,AWP,WE,Towers with Radar,213,13,6,24,256,0,233,24,0,257,213,246,30,24,513,28,12,40,553
07/20/2006,OGG,HI,AWP,WE,Towers with Radar,208,14,13,6,241,0,227,32,0,259,208,241,45,6,500,36,0,36,536
07/21/2006,OGG,HI,AWP,WE,Towers with Radar,217,15,10,7,249,0,236,40,0,276,217,251,50,7,525,26,0,26,551
07/22/2006,OGG,HI,AWP,WE,Towers with Radar,0,0,0,0,0,218,222,43,1,484,218,222,43,1,484,38,0,38,522
07/23/2006,OGG,HI,AWP,WE,Towers with Radar,0,0,0,0,0,218,146,38,1,403,218,146,38,1,403,22,0,22,425
07/24/2006,OGG,HI,AWP,WE,Towers with Radar,218,11,9,0,238,0,229,26,1,256,218,240,35,1,494,33,0,33,527
07/25/2006,OGG,HI,AWP,WE,Towers with Radar,211,12,7,0,230,0,224,24,2,250,211,236,31,2,480,36,0,36,516
07/26/2006,OGG,HI,AWP,WE,Towers with Radar,205,1,3,13,222,0,243,30,1,274,205,244,33,14,496,32,0,32,528
07/27/2006,OGG,HI,AWP,WE,Towers with Radar,219,6,6,0,231,0,240,26,0,266,219,246,32,0,497,52,0,52,549
07/28/2006,OGG,HI,AWP,WE,Towers with Radar,227,16,12,2,257,0,93,10,2,105,227,109,22,4,362,18,0,18,380
07/29/2006,OGG,HI,AWP,WE,Towers with Radar,208,18,4,0,230,0,192,24,0,216,208,210,28,0,446,42,0,42,488
07/30/2006,OGG,HI,AWP,WE,Towers with Radar,210,8,3,0,221,0,208,22,1,231,210,216,25,1,452,14,0,14,466
07/31/2006,OGG,HI,AWP,WE,Towers with Radar,216,14,10,4,244,0,225,37,0,262,216,239,47,4,506,18,0,18,524
08/01/2006,OGG,HI,AWP,WE,Towers with Radar,207,10,2,8,227,0,234,30,15,279,207,244,32,23,506,30,0,30,536
08/02/2006,OGG,HI,AWP,WE,Towers with Radar,205,4,9,14,232,0,213,20,10,243,205,217,29,24,475,48,0,48,523
08/03/2006,OGG,HI,AWP,WE,Towers with Radar,211,11,7,14,243,0,229,34,0,263,211,240,41,14,506,26,0,26,532
08/04/2006,OGG,HI,AWP,WE,Towers with Radar,225,11,9,2,247,0,282,18,0,300,225,293,27,2,547,51,0,51,598
08/05/2006,OGG,HI,AWP,WE,Towers with Radar,233,8,13,2,256,0,228,38,0,266,233,236,51,2,522,42,0,42,564
08/06/2006,OGG,HI,AWP,WE,Towers with Radar,211,13,9,2,235,0,63,20,0,83,211,76,29,2,318,22,0,22,340
08/07/2006,OGG,HI,AWP,WE,Towers with Radar,204,4,6,0,214,0,252,18,0,270,204,256,24,0,484,24,0,24,508
08/08/2006,OGG,HI,AWP,WE,Towers with Radar,201,10,5,2,218,0,230,25,2,257,201,240,30,4,475,42,0,42,517
08/09/2006,OGG,HI,AWP,WE,Towers with Radar,194,6,4,9,213,0,242,72,0,314,194,248,76,9,527,36,0,36,563
08/10/2006,OGG,HI,AWP,WE,Towers with Radar,211,18,13,0,242,0,227,17,1,245,211,245,30,1,487,26,0,26,513
08/11/2006,OGG,HI,AWP,WE,Towers with Radar,218,10,7,6,241,0,222,24,0,246,218,232,31,6,487,24,0,24,511
08/12/2006,OGG,HI,AWP,WE,Towers with Radar,238,11,11,0,260,0,152,28,2,182,238,163,39,2,442,20,0,20,462
08/13/2006,OGG,HI,AWP,WE,Towers with Radar,0,0,0,0,0,241,184,43,1,469,241,184,43,1,469,25,0,25,494
08/14/2006,OGG,HI,AWP,WE,Towers with Radar,201,17,8,4,230,0,191,21,0,212,201,208,29,4,442,36,0,36,478
08/15/2006,OGG,HI,AWP,WE,Towers with Radar,195,6,6,0,207,0,198,22,0,220,195,204,28,0,427,47,0,47,474
08/16/2006,OGG,HI,AWP,WE,Towers with Radar,221,17,5,0,243,0,213,32,0,245,221,230,37,0,488,37,0,37,525
08/17/2006,OGG,HI,AWP,WE,Towers with Radar,211,17,4,12,244,0,231,25,0,256,211,248,29,12,500,28,0,28,528
08/18/2006,OGG,HI,AWP,WE,Towers with Radar,231,13,9,8,261,0,193,22,2,217,231,206,31,10,478,28,0,28,506
08/19/2006,OGG,HI,AWP,WE,Towers with Radar,228,11,5,2,246,0,149,43,0,192,228,160,48,2,438,14,0,14,452
08/20/2006,OGG,HI,AWP,WE,Towers with Radar,0,0,0,0,0,211,180,35,0,426,211,180,35,0,426,22,0,22,448
08/21/2006,OGG,HI,AWP,WE,Towers with Radar,222,15,10,0,247,0,213,29,0,242,222,228,39,0,489,26,0,26,515
08/22/2006,OGG,HI,AWP,WE,Towers with Radar,215,9,6,0,230,0,211,32,1,244,215,220,38,1,474,25,0,25,499
08/23/2006,OGG,HI,AWP,WE,Towers with Radar,189,15,7,6,217,0,230,29,0,259,189,245,36,6,476,46,0,46,522
08/24/2006,OGG,HI,AWP,WE,Towers with Radar,206,11,10,22,249,0,200,45,0,245,206,211,55,22,494,24,0,24,518
08/25/2006,OGG,HI,AWP,WE,Towers with Radar,210,14,3,10,237,0,177,29,3,209,210,191,32,13,446,42,0,42,488
08/26/2006,OGG,HI,AWP,WE,Towers with Radar,207,6,8,2,223,0,166,31,1,198,207,172,39,3,421,18,0,18,439
08/27/2006,OGG,HI,AWP,WE,Towers with Radar,218,8,9,0,235,0,135,33,2,170,218,143,42,2,405,22,0,22,427
08/28/2006,OGG,HI,AWP,WE,Towers with Radar,199,9,4,0,212,0,178,18,0,196,199,187,22,0,408,32,2,34,442
08/29/2006,OGG,HI,AWP,WE,Towers with Radar,205,9,7,1,222,0,185,11,2,198,205,194,18,3,420,16,0,16,436
08/30/2006,OGG,HI,AWP,WE,Towers with Radar,201,2,3,6,212,0,163,15,0,178,201,165,18,6,390,18,0,18,408
08/31/2006,OGG,HI,AWP,WE,Towers with Radar,175,7,7,3,192,0,141,20,0,161,175,148,27,3,353,4,0,4,357
09/01/2006,OGG,HI,AWP,WE,Towers with Radar,215,5,5,0,225,0,160,43,2,205,215,165,48,2,430,8,0,8,438
09/02/2006,OGG,HI,AWP,WE,Towers with Radar,0,0,0,0,0,191,163,34,18,406,191,163,34,18,406,16,0,16,422
09/03/2006,OGG,HI,AWP,WE,Towers with Radar,0,0,0,0,0,195,144,30,13,382,195,144,30,13,382,49,0,49,431
09/04/2006,OGG,HI,AWP,WE,Towers with Radar,213,5,9,0,227,0,195,42,2,239,213,200,51,2,466,25,2,27,493
09/05/2006,OGG,HI,AWP,WE,Towers with Radar,206,8,4,4,222,0,186,33,0,219,206,194,37,4,441,42,0,42,483
09/06/2006,OGG,HI,AWP,WE,Towers with Radar,208,6,4,4,222,0,167,28,0,195,208,173,32,4,417,70,0,70,487
09/07/2006,OGG,HI,AWP,WE,Towers with Radar,210,12,4,14,240,0,196,24,0,220,210,208,28,14,460,30,0,30,490
09/08/2006,OGG,HI,AWP,WE,Towers with Radar,202,11,3,0,216,0,178,26,0,204,202,189,29,0,420,39,0,39,459
09/09/2006,OGG,HI,AWP,WE,Towers with Radar,204,11,5,1,221,0,132,32,0,164,204,143,37,1,385,44,0,44,429
09/10/2006,OGG,HI,AWP,WE,Towers with Radar,176,0,4,2,182,0,127,32,0,159,176,127,36,2,341,14,0,14,355
09/11/2006,OGG,HI,AWP,WE,Towers with Radar,198,8,1,0,207,0,206,17,2,225,198,214,18,2,432,22,0,22,454
09/12/2006,OGG,HI,AWP,WE,Towers with Radar,174,9,6,0,189,0,199,22,0,221,174,208,28,0,410,26,0,26,436
09/13/2006,OGG,HI,AWP,WE,Towers with Radar,195,13,4,2,214,0,215,43,3,261,195,228,47,5,475,24,0,24,499
09/14/2006,OGG,HI,AWP,WE,Towers with Radar,207,6,2,5,220,0,200,28,4,232,207,206,30,9,452,26,0,26,478
09/15/2006,OGG,HI,AWP,WE,Towers with Radar,189,7,4,4,204,0,145,32,0,177,189,152,36,4,381,28,0,28,409
09/16/2006,OGG,HI,AWP,WE,Towers with Radar,176,6,9,2,193,0,122,27,0,149,176,128,36,2,342,31,0,31,373
09/17/2006,OGG,HI,AWP,WE,Towers with Radar,0,0,0,0,0,192,118,41,3,354,192,118,41,3,354,19,0,19,373
09/18/2006,OGG,HI,AWP,WE,Towers with Radar,194,10,5,0,209,0,159,21,0,180,194,169,26,0,389,24,0,24,413
09/19/2006,OGG,HI,AWP,WE,Towers with Radar,191,5,2,4,202,0,166,10,4,180,191,171,12,8,382,35,0,35,417
09/20/2006,OGG,HI,AWP,WE,Towers with Radar,191,2,3,4,200,0,205,18,1,224,191,207,21,5,424,29,6,35,459
09/21/2006,OGG,HI,AWP,WE,Towers with Radar,202,7,6,8,223,0,235,19,20,274,202,242,25,28,497,20,0,20,517
09/22/2006,OGG,HI,AWP,WE,Towers with Radar,211,6,4,6,227,0,233,50,4,287,211,239,54,10,514,31,2,33,547
09/23/2006,OGG,HI,AWP,WE,Towers with Radar,0,0,0,0,0,203,159,39,5,406,203,159,39,5,406,30,0,30,436
09/24/2006,OGG,HI,AWP,WE,Towers with Radar,211,10,5,0,226,0,153,34,4,191,211,163,39,4,417,40,0,40,457
09/25/2006,OGG,HI,AWP,WE,Towers with Radar,205,16,1,10,232,0,132,19,4,155,205,148,20,14,387,26,0,26,413
09/26/2006,OGG,HI,AWP,WE,Towers with Radar,184,9,17,8,218,0,187,18,3,208,184,196,35,11,426,32,0,32,458
09/27/2006,OGG,HI,AWP,WE,Towers with Radar,176,9,4,0,189,0,211,30,0,241,176,220,34,0,430,54,0,54,484
09/28/2006,OGG,HI,AWP,WE,Towers with Radar,198,10,6,5,219,0,180,20,0,200,198,190,26,5,419,16,0,16,435
09/29/2006,OGG,HI,AWP,WE,Towers with Radar,215,8,3,1,227,0,177,35,5,217,215,185,38,6,444,38,0,38,482
09/30/2006,OGG,HI,AWP,WE,Towers with Radar,222,11,7,2,242,0,158,36,1,195,222,169,43,3,437,6,0,6,443
10/01/2006,OGG,HI,AWP,WE,Towers with Radar,0,0,0,0,0,218,139,48,0,405,218,139,48,0,405,8,2,10,415
10/02/2006,OGG,HI,AWP,WE,Towers with Radar,185,6,5,2,198,0,158,34,0,192,185,164,39,2,390,18,0,18,408
10/03/2006,OGG,HI,AWP,WE,Towers with Radar,184,6,5,5,200,0,162,25,9,196,184,168,30,14,396,12,10,22,418
10/04/2006,OGG,HI,AWP,WE,Towers with Radar,192,5,8,4,209,0,206,23,8,237,192,211,31,12,446,52,8,60,506
10/05/2006,OGG,HI,AWP,WE,Towers with Radar,184,4,4,0,192,0,204,36,2,242,184,208,40,2,434,26,0,26,460
10/06/2006,OGG,HI,AWP,WE,Towers with Radar,190,7,9,0,206,0,178,42,0,220,190,185,51,0,426,24,0,24,450
10/07/2006,OGG,HI,AWP,WE,Towers with Radar,202,4,8,0,214,0,150,30,0,180,202,154,38,0,394,32,0,32,426
10/08/2006,OGG,HI,AWP,WE,Towers with Radar,200,7,5,0,212,0,182,33,0,215,200,189,38,0,427,54,0,54,481
10/09/2006,OGG,HI,AWP,WE,Towers with Radar,185,8,5,0,198,0,190,31,0,221,185,198,36,0,419,37,0,37,456
10/10/2006,OGG,HI,AWP,WE,Towers with Radar,195,13,0,0,208,0,183,18,28,229,195,196,18,28,437,42,0,42,479
10/11/2006,OGG,HI,AWP,WE,Towers with Radar,175,6,3,8,192,0,188,28,0,216,175,194,31,8,408,67,0,67,475
10/12/2006,OGG,HI,AWP,WE,Towers with Radar,180,7,4,12,203,0,200,35,0,235,180,207,39,12,438,70,0,70,508
10/13/2006,OGG,HI,AWP,WE,Towers with Radar,192,3,5,2,202,0,176,36,1,213,192,179,41,3,415,20,0,20,435
10/14/2006,OGG,HI,AWP,WE,Towers with Radar,176,12,2,7,197,0,0,0,0,0,176,12,2,7,197,20,4,24,221
10/15/2006,OGG,HI,AWP,WE,Towers with Radar,141,9,4,2,156,0,78,8,0,86,141,87,12,2,242,14,0,14,256
10/16/2006,OGG,HI,AWP,WE,Towers with Radar,197,32,6,3,238,0,8,0,1,9,197,40,6,4,247,0,0,0,247
10/17/2006,OGG,HI,AWP,WE,Towers with Radar,199,10,1,4,214,0,177,24,0,201,199,187,25,4,415,30,0,30,445
10/18/2006,OGG,HI,AWP,WE,Towers with Radar,193,13,8,4,218,0,148,22,3,173,193,161,30,7,391,20,0,20,411
10/19/2006,OGG,HI,AWP,WE,Towers with Radar,220,13,6,6,245,0,190,20,2,212,220,203,26,8,457,44,0,44,501
10/20/2006,OGG,HI,AWP,WE,Towers with Radar,206,14,8,6,234,0,146,29,2,177,206,160,37,8,411,18,4,22,433
10/21/2006,OGG,HI,AWP,WE,Towers with Radar,0,0,0,0,0,211,147,31,0,389,211,147,31,0,389,48,0,48,437
10/22/2006,OGG,HI,AWP,WE,Towers with Radar,0,0,0,0,0,194,134,26,0,354,194,134,26,0,354,29,0,29,383
10/23/2006,OGG,HI,AWP,WE,Towers with Radar,187,4,0,12,203,0,185,23,0,208,187,189,23,12,411,24,0,24,435
10/24/2006,OGG,HI,AWP,WE,Towers with Radar,183,3,6,15,207,0,210,21,0,231,183,213,27,15,438,38,2,40,478
10/25/2006,OGG,HI,AWP,WE,Towers with Radar,199,6,1,8,214,0,190,41,0,231,199,196,42,8,445,40,0,40,485
10/26/2006,OGG,HI,AWP,WE,Towers with Radar,196,5,4,6,211,0,211,36,1,248,196,216,40,7,459,42,0,42,501
10/27/2006,OGG,HI,AWP,WE,Towers with Radar,222,4,3,6,235,0,218,45,0,263,222,222,48,6,498,42,0,42,540
10/28/2006,OGG,HI,AWP,WE,Towers with Radar,193,8,4,0,205,0,134,28,0,162,193,142,32,0,367,38,0,38,405
10/29/2006,OGG,HI,AWP,WE,Towers with Radar,186,2,2,2,192,0,123,35,0,158,186,125,37,2,350,42,0,42,392
10/30/2006,OGG,HI,AWP,WE,Towers with Radar,188,10,5,8,211,0,130,41,0,171,188,140,46,8,382,62,0,62,444
10/31/2006,OGG,HI,AWP,WE,Towers with Radar,184,9,5,0,198,0,134,23,1,158,184,143,28,1,356,14,0,14,370
11/01/2006,OGG,HI,AWP,WE,Towers with Radar,183,11,7,14,215,0,117,5,0,122,183,128,12,14,337,40,0,40,377
11/02/2006,OGG,HI,AWP,WE,Towers with Radar,194,23,2,0,219,0,31,7,0,38,194,54,9,0,257,12,0,12,269
11/03/2006,OGG,HI,AWP,WE,Towers with Radar,227,15,4,3,249,0,185,31,6,222,227,200,35,9,471,32,0,32,503
11/04/2006,OGG,HI,AWP,WE,Towers with Radar,202,6,2,1,211,0,161,22,0,183,202,167,24,1,394,34,0,34,428
11/05/2006,OGG,HI,AWP,WE,Towers with Radar,0,0,0,0,0,187,149,43,4,383,187,149,43,4,383,43,0,43,426
11/06/2006,OGG,HI,AWP,WE,Towers with Radar,208,13,4,4,229,0,159,28,0,187,208,172,32,4,416,34,0,34,450
11/07/2006,OGG,HI,AWP,WE,Towers with Radar,196,5,8,8,217,0,185,16,4,205,196,190,24,12,422,18,0,18,440
11/08/2006,OGG,HI,AWP,WE,Towers with Radar,189,7,4,15,215,0,169,20,1,190,189,176,24,16,405,37,2,39,444
11/09/2006,OGG,HI,AWP,WE,Towers with Radar,204,11,8,18,241,0,206,36,0,242,204,217,44,18,483,46,0,46,529
11/10/2006,OGG,HI,AWP,WE,Towers with Radar,183,10,15,0,208,0,141,33,0,174,183,151,48,0,382,44,0,44,426
11/11/2006,OGG,HI,AWP,WE,Towers with Radar,207,10,9,0,226,0,144,33,0,177,207,154,42,0,403,20,0,20,423
11/12/2006,OGG,HI,AWP,WE,Towers with Radar,208,3,5,0,216,0,127,27,1,155,208,130,32,1,371,15,0,15,386
11/13/2006,OGG,HI,AWP,WE,Towers with Radar,202,4,8,12,226,0,177,28,4,209,202,181,36,16,435,64,0,64,499
11/14/2006,OGG,HI,AWP,WE,Towers with Radar,192,9,2,16,219,0,144,20,3,167,192,153,22,19,386,10,0,10,396
11/15/2006,OGG,HI,AWP,WE,Towers with Radar,205,3,9,10,227,0,192,27,1,220,205,195,36,11,447,16,0,16,463
11/16/2006,OGG,HI,AWP,WE,Towers with Radar,184,9,0,3,196,0,200,23,3,226,184,209,23,6,422,46,0,46,468
11/17/2006,OGG,HI,AWP,WE,Towers with Radar,218,7,5,1,231,0,201,36,6,243,218,208,41,7,474,24,0,24,498
11/18/2006,OGG,HI,AWP,WE,Towers with Radar,210,10,8,2,230,0,136,27,0,163,210,146,35,2,393,14,0,14,407
11/19/2006,OGG,HI,AWP,WE,Towers with Radar,0,0,0,0,0,202,136,21,2,361,202,136,21,2,361,10,0,10,371
11/20/2006,OGG,HI,AWP,WE,Towers with Radar,214,6,5,2,227,0,161,19,1,181,214,167,24,3,408,43,0,43,451
11/21/2006,OGG,HI,AWP,WE,Towers with Radar,207,10,6,2,225,0,210,32,2,244,207,220,38,4,469,27,0,27,496
11/22/2006,OGG,HI,AWP,WE,Towers with Radar,177,17,6,0,200,0,221,22,1,244,177,238,28,1,444,16,0,16,460
11/23/2006,OGG,HI,AWP,WE,Towers with Radar,201,6,6,0,213,0,135,12,0,147,201,141,18,0,360,42,0,42,402
11/24/2006,OGG,HI,AWP,WE,Towers with Radar,201,10,3,0,214,0,191,38,0,229,201,201,41,0,443,28,0,28,471
11/25/2006,OGG,HI,AWP,WE,Towers with Radar,0,0,0,0,0,214,173,28,0,415,214,173,28,0,415,14,0,14,429
11/26/2006,OGG,HI,AWP,WE,Towers with Radar,213,10,12,0,235,0,133,30,0,163,213,143,42,0,398,20,0,20,418
11/27/2006,OGG,HI,AWP,WE,Towers with Radar,214,13,5,6,238,0,189,30,3,222,214,202,35,9,460,35,0,35,495
11/28/2006,OGG,HI,AWP,WE,Towers with Radar,198,11,1,30,240,0,157,26,2,185,198,168,27,32,425,32,0,32,457
11/29/2006,OGG,HI,AWP,WE,Towers with Radar,186,9,2,8,205,0,155,15,0,170,186,164,17,8,375,24,0,24,399
11/30/2006,OGG,HI,AWP,WE,Towers with Radar,186,15,7,14,222,0,130,16,1,147,186,145,23,15,369,6,4,10,379
12/01/2006,OGG,HI,AWP,WE,Towers with Radar,185,20,6,19,230,0,136,13,2,151,185,156,19,21,381,28,0,28,409
12/02/2006,OGG,HI,AWP,WE,Towers with Radar,190,17,3,17,227,0,16,1,0,17,190,33,4,17,244,0,0,0,244
12/03/2006,OGG,HI,AWP,WE,Towers with Radar,0,0,0,0,0,195,123,19,2,339,195,123,19,2,339,16,0,16,355
12/04/2006,OGG,HI,AWP,WE,Towers with Radar,194,6,6,15,221,0,163,25,2,190,194,169,31,17,411,8,2,10,421
12/05/2006,OGG,HI,AWP,WE,Towers with Radar,187,3,2,4,196,0,167,29,0,196,187,170,31,4,392,28,0,28,420
12/06/2006,OGG,HI,AWP,WE,Towers with Radar,176,8,1,2,187,0,150,37,3,190,176,158,38,5,377,10,0,10,387
12/07/2006,OGG,HI,AWP,WE,Towers with Radar,194,20,7,6,227,0,143,26,0,169,194,163,33,6,396,18,4,22,418
12/08/2006,OGG,HI,AWP,WE,Towers with Radar,190,13,8,4,215,0,163,38,0,201,190,176,46,4,416,46,0,46,462
12/09/2006,OGG,HI,AWP,WE,Towers with Radar,0,0,0,0,0,201,138,14,4,357,201,138,14,4,357,16,0,16,373
12/10/2006,OGG,HI,AWP,WE,Towers with Radar,0,0,0,0,0,204,137,35,1,377,204,137,35,1,377,13,0,13,390
12/11/2006,OGG,HI,AWP,WE,Towers with Radar,197,9,2,0,208,0,143,30,0,173,197,152,32,0,381,10,0,10,391
12/12/2006,OGG,HI,AWP,WE,Towers with Radar,172,6,2,2,182,0,140,23,2,165,172,146,25,4,347,40,0,40,387
12/13/2006,OGG,HI,AWP,WE,Towers with Radar,176,12,0,0,188,0,142,20,1,163,176,154,20,1,351,28,0,28,379
12/14/2006,OGG,HI,AWP,WE,Towers with Radar,179,12,2,7,200,0,139,23,3,165,179,151,25,10,365,36,0,36,401
12/15/2006,OGG,HI,AWP,WE,Towers with Radar,200,15,4,2,221,0,110,24,0,134,200,125,28,2,355,16,0,16,371
12/16/2006,OGG,HI,AWP,WE,Towers with Radar,0,0,0,0,0,211,119,20,0,350,211,119,20,0,350,22,0,22,372
12/17/2006,OGG,HI,AWP,WE,Towers with Radar,0,0,0,0,0,191,115,38,2,346,191,115,38,2,346,56,0,56,402
12/18/2006,OGG,HI,AWP,WE,Towers with Radar,211,12,9,10,242,0,141,25,0,166,211,153,34,10,408,38,0,38,446
12/19/2006,OGG,HI,AWP,WE,Towers with Radar,226,10,11,3,250,0,160,44,8,212,226,170,55,11,462,42,0,42,504
12/20/2006,OGG,HI,AWP,WE,Towers with Radar,200,9,6,0,215,0,192,28,0,220,200,201,34,0,435,60,0,60,495
12/21/2006,OGG,HI,AWP,WE,Towers with Radar,201,10,5,1,217,0,180,25,0,205,201,190,30,1,422,18,0,18,440
12/22/2006,OGG,HI,AWP,WE,Towers with Radar,204,19,18,0,241,0,176,35,0,211,204,195,53,0,452,32,0,32,484
12/23/2006,OGG,HI,AWP,WE,Towers with Radar,0,0,0,0,0,201,205,50,0,456,201,205,50,0,456,11,0,11,467
12/24/2006,OGG,HI,AWP,WE,Towers with Radar,178,26,14,0,218,0,163,21,0,184,178,189,35,0,402,24,0,24,426
12/25/2006,OGG,HI,AWP,WE,Towers with Radar,0,0,0,0,0,171,79,12,0,262,171,79,12,0,262,23,0,23,285
12/26/2006,OGG,HI,AWP,WE,Towers with Radar,196,39,15,4,254,0,257,40,0,297,196,296,55,4,551,31,0,31,582
12/27/2006,OGG,HI,AWP,WE,Towers with Radar,191,32,17,9,249,0,242,45,0,287,191,274,62,9,536,47,4,51,587
12/28/2006,OGG,HI,AWP,WE,Towers with Radar,201,33,15,6,255,0,167,18,0,185,201,200,33,6,440,18,0,18,458
12/29/2006,OGG,HI,AWP,WE,Towers with Radar,198,42,10,4,254,0,243,36,0,279,198,285,46,4,533,28,2,30,563
12/30/2006,OGG,HI,AWP,WE,Towers with Radar,184,50,20,0,254,0,228,25,0,253,184,278,45,0,507,22,0,22,529
12/31/2006,OGG,HI,AWP,WE,Towers with Radar,0,0,0,0,0,151,341,40,0,532,151,341,40,0,532,23,0,23,555
01/01/2007,OGG,HI,AWP,WE,Towers with Radar,172,39,13,1,225,0,187,10,2,199,172,226,23,3,424,18,0,18,442
01/02/2007,OGG,HI,AWP,WE,Towers with Radar,168,29,24,1,222,0,186,21,0,207,168,215,45,1,429,38,0,38,467
01/03/2007,OGG,HI,AWP,WE,Towers with Radar,160,53,10,3,226,0,191,18,0,209,160,244,28,3,435,30,0,30,465
01/04/2007,OGG,HI,AWP,WE,Towers with Radar,200,51,16,7,274,0,173,40,0,213,200,224,56,7,487,22,2,24,511
01/05/2007,OGG,HI,AWP,WE,Towers with Radar,182,54,14,7,257,0,182,32,0,214,182,236,46,7,471,61,10,71,542
01/06/2007,OGG,HI,AWP,WE,Towers with Radar,163,59,24,4,250,0,152,25,0,177,163,211,49,4,427,33,0,33,460
01/07/2007,OGG,HI,AWP,WE,Towers with Radar,153,64,8,0,225,0,88,14,0,102,153,152,22,0,327,18,0,18,345
01/08/2007,OGG,HI,AWP,WE,Towers with Radar,0,0,0,0,0,159,194,30,15,398,159,194,30,15,398,52,8,60,458
01/09/2007,OGG,HI,AWP,WE,Towers with Radar,165,63,7,16,251,0,129,25,0,154,165,192,32,16,405,20,0,20,425
01/10/2007,OGG,HI,AWP,WE,Towers with Radar,125,46,9,11,191,0,142,23,0,165,125,188,32,11,356,34,0,34,390
01/11/2007,OGG,HI,AWP,WE,Towers with Radar,146,53,8,5,212,0,190,22,0,212,146,243,30,5,424,25,0,25,449
01/12/2007,OGG,HI,AWP,WE,Towers with Radar,144,44,5,9,202,0,165,38,0,203,144,209,43,9,405,24,2,26,431
01/13/2007,OGG,HI,AWP,WE,Towers with Radar,164,39,8,0,211,0,143,27,0,170,164,182,35,0,381,20,0,20,401
01/14/2007,OGG,HI,AWP,WE,Towers with Radar,152,37,11,0,200,0,114,22,3,139,152,151,33,3,339,19,0,19,358
01/15/2007,OGG,HI,AWP,WE,Towers with Radar,146,31,10,0,187,0,155,28,0,183,146,186,38,0,370,18,0,18,388
01/16/2007,OGG,HI,AWP,WE,Towers with Radar,178,44,9,14,245,0,169,41,0,210,178,213,50,14,455,50,6,56,511
01/17/2007,OGG,HI,AWP,WE,Towers with Radar,152,28,4,4,188,0,162,22,0,184,152,190,26,4,372,28,12,40,412
01/18/2007,OGG,HI,AWP,WE,Towers with Radar,0,0,0,0,0,150,234,38,5,427,150,234,38,5,427,20,0,20,447
01/19/2007,OGG,HI,AWP,WE,Towers with Radar,0,0,0,0,0,173,199,45,18,435,173,199,45,18,435,34,0,34,469
01/20/2007,OGG,HI,AWP,WE,Towers with Radar,149,40,9,0,198,0,111,47,0,158,149,151,56,0,356,30,0,30,386
01/21/2007,OGG,HI,AWP,WE,Towers with Radar,151,49,8,0,208,0,119,27,0,146,151,168,35,0,354,24,0,24,378
01/22/2007,OGG,HI,AWP,WE,Towers with Radar,169,40,8,5,222,0,177,30,0,207,169,217,38,5,429,63,0,63,492
01/23/2007,OGG,HI,AWP,WE,Towers with Radar,160,39,7,10,216,0,180,41,5,226,160,219,48,15,442,39,0,39,481
01/24/2007,OGG,HI,AWP,WE,Towers with Radar,139,33,3,2,177,0,156,22,2,180,139,189,25,4,357,28,2,30,387
01/25/2007,OGG,HI,AWP,WE,Towers with Radar,0,0,0,0,0,150,207,28,4,389,150,207,28,4,389,33,0,33,422
01/26/2007,OGG,HI,AWP,WE,Towers with Radar,0,0,0,0,0,159,219,36,4,418,159,219,36,4,418,16,0,16,434
01/27/2007,OGG,HI,AWP,WE,Towers with Radar,160,64,1,0,225,0,137,32,0,169,160,201,33,0,394,56,0,56,450
01/28/2007,OGG,HI,AWP,WE,Towers with Radar,135,47,5,0,187,0,131,27,0,158,135,178,32,0,345,13,0,13,358
01/29/2007,OGG,HI,AWP,WE,Towers with Radar,152,51,7,2,212,0,71,13,1,85,152,122,20,3,297,8,2,10,307
01/30/2007,OGG,HI,AWP,WE,Towers with Radar,157,38,3,0,198,0,0,0,0,0,157,38,3,0,198,12,0,12,210
01/31/2007,OGG,HI,AWP,WE,Towers with Radar,135,36,5,2,178,0,103,17,1,121,135,139,22,3,299,6,0,6,305
02/01/2007,OGG,HI,AWP,WE,Towers with Radar,0,0,0,0,0,165,151,12,5,333,165,151,12,5,333,16,13,29,362
02/02/2007,OGG,HI,AWP,WE,Towers with Radar,0,0,0,0,0,207,160,39,4,410,207,160,39,4,410,41,5,46,456
02/03/2007,OGG,HI,AWP,WE,Towers with Radar,169,60,3,0,232,0,147,58,0,205,169,207,61,0,437,36,0,36,473
02/04/2007,OGG,HI,AWP,WE,Towers with Radar,155,36,5,0,196,0,128,20,0,148,155,164,25,0,344,24,0,24,368
02/05/2007,OGG,HI,AWP,WE,Towers with Radar,147,37,6,0,190,2,149,27,0,178,149,186,33,0,368,20,0,20,388
02/06/2007,OGG,HI,AWP,WE,Towers with Radar,136,36,7,4,183,0,147,26,2,175,136,183,33,6,358,48,6,54,412
02/07/2007,OGG,HI,AWP,WE,Towers with Radar,144,27,9,8,188,0,140,33,0,173,144,167,42,8,361,36,0,36,397
02/08/2007,OGG,HI,AWP,WE,Towers with Radar,153,54,6,10,223,0,140,13,4,157,153,194,19,14,380,22,10,32,412
02/09/2007,OGG,HI,AWP,WE,Towers with Radar,159,49,5,19,232,0,172,17,1,190,159,221,22,20,422,10,14,24,446
02/10/2007,OGG,HI,AWP,WE,Towers with Radar,177,39,8,6,230,0,126,15,1,142,177,165,23,7,372,51,0,51,423
02/11/2007,OGG,HI,AWP,WE,Towers with Radar,152,41,3,2,198,0,131,19,0,150,152,172,22,2,348,18,0,18,366
02/12/2007,OGG,HI,AWP,WE,Towers with Radar,170,43,6,2,221,0,178,33,0,211,170,221,39,2,432,31,0,31,463
02/13/2007,OGG,HI,AWP,WE,Towers with Radar,154,43,1,13,211,0,203,25,1,229,154,246,26,14,440,32,4,36,476
02/14/2007,OGG,HI,AWP,WE,Towers with Radar,132,37,6,5,180,0,216,28,0,244,132,253,34,5,424,46,0,46,470
02/15/2007,OGG,HI,AWP,WE,Towers with Radar,0,0,0,0,0,164,251,52,9,476,164,251,52,9,476,50,0,50,526
02/16/2007,OGG,HI,AWP,WE,Towers with Radar,162,44,13,5,224,0,149,17,0,166,162,193,30,5,390,29,6,35,425
02/17/2007,OGG,HI,AWP,WE,Towers with Radar,156,55,13,0,224,0,137,22,0,159,156,192,35,0,383,31,0,31,414
02/18/2007,OGG,HI,AWP,WE,Towers with Radar,150,37,3,1,191,0,124,15,0,139,150,161,18,1,330,8,0,8,338
02/19/2007,OGG,HI,AWP,WE,Towers with Radar,145,35,7,2,189,0,195,33,3,231,145,230,40,5,420,36,10,46,466
02/20/2007,OGG,HI,AWP,WE,Towers with Radar,167,36,2,8,213,0,175,15,3,193,167,211,17,11,406,40,6,46,452
02/21/2007,OGG,HI,AWP,WE,Towers with Radar,162,34,6,4,206,0,200,25,1,226,162,234,31,5,432,32,0,32,464
02/22/2007,OGG,HI,AWP,WE,Towers with Radar,143,51,7,13,214,0,206,18,0,224,143,257,25,13,438,48,22,70,508
02/23/2007,OGG,HI,AWP,WE,Towers with Radar,0,0,0,0,0,169,272,40,12,493,169,272,40,12,493,49,8,57,550
02/24/2007,OGG,HI,AWP,WE,Towers with Radar,162,47,7,0,216,0,170,30,2,202,162,217,37,2,418,20,0,20,438
02/25/2007,OGG,HI,AWP,WE,Towers with Radar,140,48,7,2,197,0,140,30,0,170,140,188,37,2,367,19,0,19,386
02/26/2007,OGG,HI,AWP,WE,Towers with Radar,148,40,9,7,204,0,155,38,0,193,148,195,47,7,397,38,8,46,443
02/27/2007,OGG,HI,AWP,WE,Towers with Radar,164,27,7,2,200,0,107,22,4,133,164,134,29,6,333,26,0,26,359
02/28/2007,OGG,HI,AWP,WE,Towers with Radar,148,33,7,3,191,0,159,36,1,196,148,192,43,4,387,35,6,41,428
03/01/2007,OGG,HI,AWP,WE,Towers with Radar,153,37,11,0,201,0,164,23,0,187,153,201,34,0,388,76,0,76,464
03/02/2007,OGG,HI,AWP,WE,Towers with Radar,0,0,0,0,0,188,188,44,8,428,188,188,44,8,428,38,0,38,466
03/03/2007,OGG,HI,AWP,WE,Towers with Radar,151,48,4,5,208,0,133,25,0,158,151,181,29,5,366,35,1,36,402
03/04/2007,OGG,HI,AWP,WE,Towers with Radar,148,42,5,3,198,0,130,34,0,164,148,172,39,3,362,30,0,30,392
03/05/2007,OGG,HI,AWP,WE,Towers with Radar,156,38,8,11,213,0,174,23,1,198,156,212,31,12,411,37,0,37,448
03/06/2007,OGG,HI,AWP,WE,Towers with Radar,141,30,11,7,189,0,158,39,2,199,141,188,50,9,388,44,4,48,436
03/07/2007,OGG,HI,AWP,WE,Towers with Radar,136,36,5,3,180,0,201,36,0,237,136,237,41,3,417,26,4,30,447
03/08/2007,OGG,HI,AWP,WE,Towers with Radar,155,43,7,11,216,0,205,29,0,234,155,248,36,11,450,19,10,29,479
03/09/2007,OGG,HI,AWP,WE,Towers with Radar,0,0,0,0,0,169,268,35,8,480,169,268,35,8,480,37,0,37,517
03/10/2007,OGG,HI,AWP,WE,Towers with Radar,143,58,11,4,216,0,36,3,1,40,143,94,14,5,256,19,0,19,275
03/11/2007,OGG,HI,AWP,WE,Towers with Radar,158,51,11,1,221,0,148,32,0,180,158,199,43,1,401,67,0,67,468
03/12/2007,OGG,HI,AWP,WE,Towers with Radar,153,50,6,2,211,0,169,32,0,201,153,219,38,2,412,36,2,38,450
03/13/2007,OGG,HI,AWP,WE,Towers with Radar,162,46,9,0,217,0,105,9,1,115,162,151,18,1,332,20,0,20,352
03/14/2007,OGG,HI,AWP,WE,Towers with Radar,152,42,6,11,211,0,55,5,1,61,152,97,11,12,272,2,0,2,274
03/15/2007,OGG,HI,AWP,WE,Towers with Radar,157,39,6,12,214,0,149,15,2,166,157,188,21,14,380,32,18,50,430
03/16/2007,OGG,HI,AWP,WE,Towers with Radar,0,0,0,0,0,172,216,37,4,429,172,216,37,4,429,25,0,25,454
03/17/2007,OGG,HI,AWP,WE,Towers with Radar,152,45,15,0,212,0,127,42,0,169,152,172,57,0,381,22,0,22,403
03/18/2007,OGG,HI,AWP,WE,Towers with Radar,132,46,21,2,201,0,94,20,0,114,132,140,41,2,315,26,0,26,341
03/19/2007,OGG,HI,AWP,WE,Towers with Radar,160,39,7,4,210,0,147,38,0,185,160,186,45,4,395,21,0,21,416
03/20/2007,OGG,HI,AWP,WE,Towers with Radar,145,38,7,7,197,0,130,18,4,152,145,168,25,11,349,24,4,28,377
03/21/2007,OGG,HI,AWP,WE,Towers with Radar,146,40,9,6,201,0,120,40,0,160,146,160,49,6,361,14,6,20,381
03/22/2007,OGG,HI,AWP,WE,Towers with Radar,0,0,0,0,0,146,194,41,8,389,146,194,41,8,389,18,14,32,421
03/23/2007,OGG,HI,AWP,WE,Towers with Radar,0,0,0,0,0,162,248,70,0,480,162,248,70,0,480,32,0,32,512
03/24/2007,OGG,HI,AWP,WE,Towers with Radar,150,58,9,0,217,0,106,22,2,130,150,164,31,2,347,26,0,26,373
03/25/2007,OGG,HI,AWP,WE,Towers with Radar,150,45,11,0,206,0,138,28,0,166,150,183,39,0,372,16,0,16,388
03/26/2007,OGG,HI,AWP,WE,Towers with Radar,170,27,12,2,211,0,160,40,3,203,170,187,52,5,414,28,8,36,450
03/27/2007,OGG,HI,AWP,WE,Towers with Radar,151,38,5,6,200,0,112,37,0,149,151,150,42,6,349,18,0,18,367
03/28/2007,OGG,HI,AWP,WE,Towers with Radar,158,38,4,0,200,0,142,25,0,167,158,180,29,0,367,40,0,40,407
03/29/2007,OGG,HI,AWP,WE,Towers with Radar,134,49,6,0,189,0,135,28,0,163,134,184,34,0,352,41,0,41,393
03/30/2007,OGG,HI,AWP,WE,Towers with Radar,0,0,0,0,0,165,188,46,1,400,165,188,46,1,400,40,0,40,440
03/31/2007,OGG,HI,AWP,WE,Towers with Radar,152,53,19,0,224,0,119,24,0,143,152,172,43,0,367,8,0,8,375
04/01/2007,OGG,HI,AWP,WE,Towers with Radar,129,43,10,0,182,0,107,29,0,136,129,150,39,0,318,19,0,19,337
04/02/2007,OGG,HI,AWP,WE,Towers with Radar,152,41,5,0,198,0,152,30,0,182,152,193,35,0,380,6,0,6,386
04/03/2007,OGG,HI,AWP,WE,Towers with Radar,135,33,12,6,186,0,172,32,2,206,135,205,44,8,392,16,0,16,408
04/04/2007,OGG,HI,AWP,WE,Towers with Radar,131,41,9,5,186,0,171,31,1,203,131,212,40,6,389,23,2,25,414
04/05/2007,OGG,HI,AWP,WE,Towers with Radar,139,48,11,7,205,0,187,47,0,234,139,235,58,7,439,20,4,24,463
04/06/2007,OGG,HI,AWP,WE,Towers with Radar,158,45,20,10,233,0,202,28,0,230,158,247,48,10,463,16,0,16,479
04/07/2007,OGG,HI,AWP,WE,Towers with Radar,141,43,14,0,198,0,109,30,0,139,141,152,44,0,337,53,0,53,390
04/08/2007,OGG,HI,AWP,WE,Towers with Radar,138,35,9,0,182,0,111,31,2,144,138,146,40,2,326,10,0,10,336
04/09/2007,OGG,HI,AWP,WE,Towers with Radar,147,41,6,0,194,0,149,35,0,184,147,190,41,0,378,10,0,10,388
04/10/2007,OGG,HI,AWP,WE,Towers with Radar,141,38,11,1,191,0,192,24,2,218,141,230,35,3,409,28,0,28,437
04/11/2007,OGG,HI,AWP,WE,Towers with Radar,141,41,7,2,191,0,171,33,0,204,141,212,40,2,395,69,2,71,466
04/12/2007,OGG,HI,AWP,WE,Towers with Radar,159,41,7,2,209,0,155,23,5,183,159,196,30,7,392,26,0,26,418
04/13/2007,OGG,HI,AWP,WE,Towers with Radar,169,52,6,3,230,0,185,28,4,217,169,237,34,7,447,42,0,42,489
04/14/2007,OGG,HI,AWP,WE,Towers with Radar,146,54,14,5,219,0,108,23,1,132,146,162,37,6,351,24,0,24,375
04/15/2007,OGG,HI,AWP,WE,Towers with Radar,141,39,12,2,194,0,128,21,0,149,141,167,33,2,343,28,0,28,371
04/16/2007,OGG,HI,AWP,WE,Towers with Radar,154,47,9,5,215,0,156,30,0,186,154,203,39,5,401,39,2,41,442
04/17/2007,OGG,HI,AWP,WE,Towers with Radar,146,46,9,3,204,0,146,28,4,178,146,192,37,7,382,28,2,30,412
04/18/2007,OGG,HI,AWP,WE,Towers with Radar,130,43,5,4,182,0,136,13,1,150,130,179,18,5,332,49,0,49,381
04/19/2007,OGG,HI,AWP,WE,Towers with Radar,130,49,4,4,187,0,142,26,2,170,130,191,30,6,357,20,0,20,377
04/20/2007,OGG,HI,AWP,WE,Towers with Radar,158,53,10,1,222,0,191,33,0,224,158,244,43,1,446,61,2,63,509
04/21/2007,OGG,HI,AWP,WE,Towers with Radar,147,39,7,0,193,0,135,17,1,153,147,174,24,1,346,21,0,21,367
04/22/2007,OGG,HI,AWP,WE,Towers with Radar,142,43,9,3,197,0,129,23,0,152,142,172,32,3,349,41,3,44,393
04/23/2007,OGG,HI,AWP,WE,Towers with Radar,144,39,6,0,189,0,148,16,0,164,144,187,22,0,353,8,0,8,361
04/24/2007,OGG,HI,AWP,WE,Towers with Radar,128,38,5,2,173,1,146,10,0,157,129,184,15,2,330,54,0,54,384
04/25/2007,OGG,HI,AWP,WE,Towers with Radar,127,42,7,10,186,0,141,22,0,163,127,183,29,10,349,16,8,24,373
04/26/2007,OGG,HI,AWP,WE,Towers with Radar,130,48,5,8,191,0,141,35,0,176,130,189,40,8,367,49,2,51,418
04/27/2007,OGG,HI,AWP,WE,Towers with Radar,131,47,6,2,186,0,158,25,1,184,131,205,31,3,370,14,0,14,384
04/28/2007,OGG,HI,AWP,WE,Towers with Radar,138,48,10,2,198,0,130,36,0,166,138,178,46,2,364,20,0,20,384
04/29/2007,OGG,HI,AWP,WE,Towers with Radar,126,44,7,0,177,0,128,29,0,157,126,172,36,0,334,20,0,20,354
04/30/2007,OGG,HI,AWP,WE,Towers with Radar,131,41,2,6,180,0,144,26,0,170,131,185,28,6,350,10,11,21,371
05/01/2007,OGG,HI,AWP,WE,Towers with Radar,125,46,4,3,178,0,148,29,3,180,125,194,33,6,358,22,6,28,386
05/02/2007,OGG,HI,AWP,WE,Towers with Radar,136,38,5,4,183,0,145,13,0,158,136,183,18,4,341,28,0,28,369
05/03/2007,OGG,HI,AWP,WE,Towers with Radar,120,43,7,0,170,0,144,21,2,167,120,187,28,2,337,35,0,35,372
05/04/2007,OGG,HI,AWP,WE,Towers with Radar,128,50,4,0,182,0,131,36,1,168,128,181,40,1,350,23,0,23,373
05/05/2007,OGG,HI,AWP,WE,Towers with Radar,119,48,6,1,174,0,127,28,0,155,119,175,34,1,329,28,0,28,357
05/06/2007,OGG,HI,AWP,WE,Towers with Radar,127,48,4,2,181,0,110,16,0,126,127,158,20,2,307,43,0,43,350
05/07/2007,OGG,HI,AWP,WE,Towers with Radar,125,38,8,1,172,0,128,31,1,160,125,166,39,2,332,25,2,27,359
05/08/2007,OGG,HI,AWP,WE,Towers with Radar,134,37,3,0,174,0,133,18,0,151,134,170,21,0,325,22,0,22,347
05/09/2007,OGG,HI,AWP,WE,Towers with Radar,124,38,2,2,166,0,144,13,0,157,124,182,15,2,323,12,0,12,335
05/10/2007,OGG,HI,AWP,WE,Towers with Radar,146,45,6,3,200,0,129,12,2,143,146,174,18,5,343,12,0,12,355
05/11/2007,OGG,HI,AWP,WE,Towers with Radar,145,40,4,2,191,0,126,26,2,154,145,166,30,4,345,27,2,29,374
05/12/2007,OGG,HI,AWP,WE,Towers with Radar,132,49,2,0,183,0,119,28,0,147,132,168,30,0,330,24,4,28,358
05/13/2007,OGG,HI,AWP,WE,Towers with Radar,124,47,1,0,172,0,123,18,0,141,124,170,19,0,313,59,0,59,372
05/14/2007,OGG,HI,AWP,WE,Towers with Radar,140,35,3,2,180,0,158,27,0,185,140,193,30,2,365,18,0,18,383
05/15/2007,OGG,HI,AWP,WE,Towers with Radar,128,40,3,3,174,0,156,14,5,175,128,196,17,8,349,10,4,14,363
05/16/2007,OGG,HI,AWP,WE,Towers with Radar,125,34,7,5,171,0,158,25,0,183,125,192,32,5,354,10,2,12,366
05/17/2007,OGG,HI,AWP,WE,Towers with Radar,136,40,10,0,186,0,194,27,0,221,136,234,37,0,407,17,0,17,424
05/18/2007,OGG,HI,AWP,WE,Towers with Radar,137,45,7,6,195,0,154,23,0,177,137,199,30,6,372,22,0,22,394
05/19/2007,OGG,HI,AWP,WE,Towers with Radar,140,46,3,0,189,0,131,20,1,152,140,177,23,1,341,16,0,16,357
05/20/2007,OGG,HI,AWP,WE,Towers with Radar,132,47,4,0,183,0,120,36,1,157,132,167,40,1,340,21,0,21,361
05/21/2007,OGG,HI,AWP,WE,Towers with Radar,131,43,5,9,188,0,156,28,0,184,131,199,33,9,372,28,6,34,406
05/22/2007,OGG,HI,AWP,WE,Towers with Radar,110,36,6,5,157,0,147,31,0,178,110,183,37,5,335,15,0,15,350
05/23/2007,OGG,HI,AWP,WE,Towers with Radar,124,37,3,5,169,0,181,22,0,203,124,218,25,5,372,14,2,16,388
05/24/2007,OGG,HI,AWP,WE,Towers with Radar,129,47,6,3,185,0,176,20,1,197,129,223,26,4,382,36,4,40,422
05/25/2007,OGG,HI,AWP,WE,Towers with Radar,137,46,9,19,211,0,184,24,0,208,137,230,33,19,419,20,4,24,443
05/26/2007,OGG,HI,AWP,WE,Towers with Radar,155,45,1,0,201,0,152,33,0,185,155,197,34,0,386,16,0,16,402
05/27/2007,OGG,HI,AWP,WE,Towers with Radar,133,42,2,0,177,0,137,28,0,165,133,179,30,0,342,16,0,16,358
05/28/2007,OGG,HI,AWP,WE,Towers with Radar,130,45,6,1,182,0,181,24,0,205,130,226,30,1,387,22,0,22,409
05/29/2007,OGG,HI,AWP,WE,Towers with Radar,134,38,4,0,176,0,173,18,1,192,134,211,22,1,368,25,0,25,393
05/30/2007,OGG,HI,AWP,WE,Towers with Radar,120,38,6,0,164,0,165,29,0,194,120,203,35,0,358,20,0,20,378
05/31/2007,OGG,HI,AWP,WE,Towers with Radar,134,47,4,5,190,0,181,23,0,204,134,228,27,5,394,14,5,19,413
06/01/2007,OGG,HI,AWP,WE,Towers with Radar,154,49,2,3,208,0,197,38,1,236,154,246,40,4,444,38,0,38,482
06/02/2007,OGG,HI,AWP,WE,Towers with Radar,133,51,6,0,190,0,160,20,1,181,133,211,26,1,371,30,0,30,401
06/03/2007,OGG,HI,AWP,WE,Towers with Radar,134,45,3,0,182,0,143,21,0,164,134,188,24,0,346,12,0,12,358
06/04/2007,OGG,HI,AWP,WE,Towers with Radar,128,56,2,3,189,0,187,23,1,211,128,243,25,4,400,11,4,15,415
06/05/2007,OGG,HI,AWP,WE,Towers with Radar,126,42,5,0,173,0,179,28,0,207,126,221,33,0,380,44,2,46,426
06/06/2007,OGG,HI,AWP,WE,Towers with Radar,122,49,5,7,183,0,208,24,1,233,122,257,29,8,416,58,0,58,474
06/07/2007,OGG,HI,AWP,WE,Towers with Radar,146,46,3,0,195,0,179,17,0,196,146,225,20,0,391,14,0,14,405
06/08/2007,OGG,HI,AWP,WE,Towers with Radar,154,41,1,6,202,0,176,30,0,206,154,217,31,6,408,34,0,34,442
06/09/2007,OGG,HI,AWP,WE,Towers with Radar,142,47,6,2,197,0,147,30,1,178,142,194,36,3,375,42,3,45,420
06/10/2007,OGG,HI,AWP,WE,Towers with Radar,144,55,6,3,208,0,134,34,0,168,144,189,40,3,376,32,0,32,408
06/11/2007,OGG,HI,AWP,WE,Towers with Radar,154,39,2,2,197,0,141,23,0,164,154,180,25,2,361,4,2,6,367
06/12/2007,OGG,HI,AWP,WE,Towers with Radar,149,43,7,3,202,0,195,22,1,218,149,238,29,4,420,24,2,26,446
06/13/2007,OGG,HI,AWP,WE,Towers with Radar,155,49,5,0,209,0,193,22,1,216,155,242,27,1,425,34,0,34,459
06/14/2007,OGG,HI,AWP,WE,Towers with Radar,150,46,14,11,221,0,224,34,2,260,150,270,48,13,481,23,2,25,506
06/15/2007,OGG,HI,AWP,WE,Towers with Radar,156,44,3,13,216,0,211,30,5,246,156,255,33,18,462,49,4,53,515
06/16/2007,OGG,HI,AWP,WE,Towers with Radar,149,45,7,8,209,0,157,28,4,189,149,202,35,12,398,20,4,24,422
06/17/2007,OGG,HI,AWP,WE,Towers with Radar,139,38,3,2,182,0,155,26,0,181,139,193,29,2,363,26,2,28,391
06/18/2007,OGG,HI,AWP,WE,Towers with Radar,145,52,2,4,203,0,181,27,0,208,145,233,29,4,411,14,6,20,431
06/19/2007,OGG,HI,AWP,WE,Towers with Radar,160,32,8,0,200,0,210,22,0,232,160,242,30,0,432,29,0,29,461
06/20/2007,OGG,HI,AWP,WE,Towers with Radar,146,54,5,2,207,0,239,27,0,266,146,293,32,2,473,46,0,46,519
06/21/2007,OGG,HI,AWP,WE,Towers with Radar,151,51,3,16,221,0,255,25,1,281,151,306,28,17,502,35,0,35,537
06/22/2007,OGG,HI,AWP,WE,Towers with Radar,154,47,3,2,206,0,200,26,3,229,154,247,29,5,435,18,2,20,455
06/23/2007,OGG,HI,AWP,WE,Towers with Radar,147,50,1,2,200,0,163,24,0,187,147,213,25,2,387,21,0,21,408
06/24/2007,OGG,HI,AWP,WE,Towers with Radar,141,43,4,2,190,0,149,29,0,178,141,192,33,2,368,16,0,16,384
06/25/2007,OGG,HI,AWP,WE,Towers with Radar,150,43,4,8,205,0,207,31,3,241,150,250,35,11,446,16,0,16,462
06/26/2007,OGG,HI,AWP,WE,Towers with Radar,151,43,4,14,212,0,164,26,0,190,151,207,30,14,402,36,4,40,442
06/27/2007,OGG,HI,AWP,WE,Towers with Radar,137,51,5,2,195,0,184,21,0,205,137,235,26,2,400,18,2,20,420
06/28/2007,OGG,HI,AWP,WE,Towers with Radar,145,51,6,0,202,0,188,24,0,212,145,239,30,0,414,19,0,19,433
06/29/2007,OGG,HI,AWP,WE,Towers with Radar,145,41,3,0,189,0,186,29,2,217,145,227,32,2,406,29,0,29,435
06/30/2007,OGG,HI,AWP,WE,Towers with Radar,152,46,7,0,205,0,144,26,2,172,152,190,33,2,377,18,0,18,395
07/01/2007,OGG,HI,AWP,WE,Towers with Radar,159,58,9,1,227,0,190,30,0,220,159,248,39,1,447,12,0,12,459
07/02/2007,OGG,HI,AWP,WE,Towers with Radar,152,48,8,4,212,0,178,41,1,220,152,226,49,5,432,26,4,30,462
07/03/2007,OGG,HI,AWP,WE,Towers with Radar,151,46,4,4,205,0,206,33,0,239,151,252,37,4,444,22,6,28,472
07/04/2007,OGG,HI,AWP,WE,Towers with Radar,134,37,1,0,172,0,172,8,0,180,134,209,9,0,352,59,0,59,411
07/05/2007,OGG,HI,AWP,WE,Towers with Radar,148,45,4,1,198,0,199,19,0,218,148,244,23,1,416,12,0,12,428
07/06/2007,OGG,HI,AWP,WE,Towers with Radar,159,43,9,6,217,0,241,24,0,265,159,284,33,6,482,14,4,18,500
07/07/2007,OGG,HI,AWP,WE,Towers with Radar,157,49,7,2,215,0,182,27,2,211,157,231,34,4,426,56,0,56,482
07/08/2007,OGG,HI,AWP,WE,Towers with Radar,142,47,6,4,199,0,172,28,0,200,142,219,34,4,399,12,0,12,411
07/09/2007,OGG,HI,AWP,WE,Towers with Radar,137,44,3,1,185,0,192,22,2,216,137,236,25,3,401,43,0,43,444
07/10/2007,OGG,HI,AWP,WE,Towers with Radar,149,43,3,16,211,0,181,21,5,207,149,224,24,21,418,12,0,12,430
07/11/2007,OGG,HI,AWP,WE,Towers with Radar,143,37,1,6,187,0,179,16,1,196,143,216,17,7,383,28,18,46,429
07/12/2007,OGG,HI,AWP,WE,Towers with Radar,155,43,7,15,220,0,210,20,4,234,155,253,27,19,454,31,2,33,487
07/13/2007,OGG,HI,AWP,WE,Towers with Radar,142,34,3,8,187,0,187,16,1,204,142,221,19,9,391,18,24,42,433
07/14/2007,OGG,HI,AWP,WE,Towers with Radar,145,46,7,0,198,0,164,19,0,183,145,210,26,0,381,36,0,36,417
07/15/2007,OGG,HI,AWP,WE,Towers with Radar,135,52,9,0,196,0,160,17,0,177,135,212,26,0,373,12,0,12,385
07/16/2007,OGG,HI,AWP,WE,Towers with Radar,145,50,5,0,200,0,203,19,0,222,145,253,24,0,422,30,0,30,452
07/17/2007,OGG,HI,AWP,WE,Towers with Radar,136,45,10,4,195,0,180,15,0,195,136,225,25,4,390,18,0,18,408
07/18/2007,OGG,HI,AWP,WE,Towers with Radar,146,50,3,8,207,0,193,25,0,218,146,243,28,8,425,8,0,8,433
07/19/2007,OGG,HI,AWP,WE,Towers with Radar,134,50,5,10,199,0,204,26,2,232,134,254,31,12,431,11,2,13,444
07/20/2007,OGG,HI,AWP,WE,Towers with Radar,155,52,4,14,225,0,216,26,0,242,155,268,30,14,467,52,0,52,519
07/21/2007,OGG,HI,AWP,WE,Towers with Radar,146,64,5,0,215,0,102,12,0,114,146,166,17,0,329,14,0,14,343
07/22/2007,OGG,HI,AWP,WE,Towers with Radar,146,45,3,1,195,0,80,9,0,89,146,125,12,1,284,12,0,12,296
07/23/2007,OGG,HI,AWP,WE,Towers with Radar,142,51,3,0,196,0,198,31,0,229,142,249,34,0,425,27,0,27,452
07/24/2007,OGG,HI,AWP,WE,Towers with Radar,155,39,7,12,213,0,192,31,3,226,155,231,38,15,439,28,11,39,478
07/25/2007,OGG,HI,AWP,WE,Towers with Radar,164,47,4,0,215,0,199,27,0,226,164,246,31,0,441,23,0,23,464
07/26/2007,OGG,HI,AWP,WE,Towers with Radar,156,49,6,4,215,0,196,16,0,212,156,245,22,4,427,38,0,38,465
07/27/2007,OGG,HI,AWP,WE,Towers with Radar,171,36,7,2,216,0,219,42,0,261,171,255,49,2,477,42,0,42,519
07/28/2007,OGG,HI,AWP,WE,Towers with Radar,137,39,6,1,183,0,171,25,0,196,137,210,31,1,379,16,0,16,395
07/29/2007,OGG,HI,AWP,WE,Towers with Radar,143,48,7,0,198,0,148,27,0,175,143,196,34,0,373,8,0,8,381
07/30/2007,OGG,HI,AWP,WE,Towers with Radar,150,35,7,4,196,0,168,29,1,198,150,203,36,5,394,34,0,34,428
07/31/2007,OGG,HI,AWP,WE,Towers with Radar,154,42,5,11,212,0,123,15,0,138,154,165,20,11,350,30,0,30,380
08/01/2007,OGG,HI,AWP,WE,Towers with Radar,143,42,6,14,205,0,212,33,0,245,143,254,39,14,450,14,14,28,478
08/02/2007,OGG,HI,AWP,WE,Towers with Radar,157,51,8,16,232,0,206,21,1,228,157,257,29,17,460,56,0,56,516
08/03/2007,OGG,HI,AWP,WE,Towers with Radar,153,41,5,12,211,0,159,25,0,184,153,200,30,12,395,24,10,34,429
08/04/2007,OGG,HI,AWP,WE,Towers with Radar,152,48,6,22,228,0,147,24,0,171,152,195,30,22,399,10,3,13,412
08/05/2007,OGG,HI,AWP,WE,Towers with Radar,146,41,4,2,193,0,168,24,0,192,146,209,28,2,385,14,0,14,399
08/06/2007,OGG,HI,AWP,WE,Towers with Radar,140,42,6,0,188,0,202,39,1,242,140,244,45,1,430,34,0,34,464
08/07/2007,OGG,HI,AWP,WE,Towers with Radar,150,44,5,4,203,0,184,24,2,210,150,228,29,6,413,13,0,13,426
08/08/2007,OGG,HI,AWP,WE,Towers with Radar,140,48,4,8,200,0,218,31,0,249,140,266,35,8,449,28,2,30,479
08/09/2007,OGG,HI,AWP,WE,Towers with Radar,151,42,8,11,212,0,241,35,0,276,151,283,43,11,488,20,12,32,520
08/10/2007,OGG,HI,AWP,WE,Towers with Radar,171,39,4,10,224,0,221,22,1,244,171,260,26,11,468,41,8,49,517
08/11/2007,OGG,HI,AWP,WE,Towers with Radar,137,39,7,8,191,0,143,25,0,168,137,182,32,8,359,29,2,31,390
08/12/2007,OGG,HI,AWP,WE,Towers with Radar,145,45,2,4,196,0,159,30,2,191,145,204,32,6,387,22,3,25,412
08/13/2007,OGG,HI,AWP,WE,Towers with Radar,143,57,5,2,207,0,185,24,4,213,143,242,29,6,420,11,0,11,431
08/14/2007,OGG,HI,AWP,WE,Towers with Radar,144,46,6,2,198,0,101,14,1,116,144,147,20,3,314,20,0,20,334
08/15/2007,OGG,HI,AWP,WE,Towers with Radar,135,48,7,14,204,0,107,8,6,121,135,155,15,20,325,10,0,10,335
08/16/2007,OGG,HI,AWP,WE,Towers with Radar,144,54,4,0,202,0,249,16,6,271,144,303,20,6,473,17,0,17,490
08/17/2007,OGG,HI,AWP,WE,Towers with Radar,158,42,10,2,212,0,224,15,1,240,158,266,25,3,452,6,2,8,460
08/18/2007,OGG,HI,AWP,WE,Towers with Radar,147,45,9,7,208,0,148,12,0,160,147,193,21,7,368,8,6,14,382
08/19/2007,OGG,HI,AWP,WE,Towers with Radar,138,48,12,1,199,0,151,6,0,157,138,199,18,1,356,10,0,10,366
08/20/2007,OGG,HI,AWP,WE,Towers with Radar,146,42,6,2,196,0,151,20,1,172,146,193,26,3,368,18,0,18,386
08/21/2007,OGG,HI,AWP,WE,Towers with Radar,147,42,3,0,192,0,172,19,0,191,147,214,22,0,383,24,0,24,407
08/22/2007,OGG,HI,AWP,WE,Towers with Radar,139,30,5,2,176,0,185,22,1,208,139,215,27,3,384,27,0,27,411
08/23/2007,OGG,HI,AWP,WE,Towers with Radar,160,42,10,0,212,0,176,24,0,200,160,218,34,0,412,24,0,24,436
08/24/2007,OGG,HI,AWP,WE,Towers with Radar,151,44,3,2,200,0,195,21,2,218,151,239,24,4,418,25,0,25,443
08/25/2007,OGG,HI,AWP,WE,Towers with Radar,151,53,3,0,207,0,153,26,0,179,151,206,29,0,386,20,0,20,406
08/26/2007,OGG,HI,AWP,WE,Towers with Radar,147,53,8,0,208,0,139,25,0,164,147,192,33,0,372,21,0,21,393
08/27/2007,OGG,HI,AWP,WE,Towers with Radar,147,34,5,0,186,0,203,32,0,235,147,237,37,0,421,18,0,18,439
08/28/2007,OGG,HI,AWP,WE,Towers with Radar,141,38,5,20,204,0,153,24,4,181,141,191,29,24,385,26,12,38,423
08/29/2007,OGG,HI,AWP,WE,Towers with Radar,140,34,3,11,188,0,172,25,2,199,140,206,28,13,387,29,0,29,416
08/30/2007,OGG,HI,AWP,WE,Towers with Radar,149,42,5,21,217,0,149,20,2,171,149,191,25,23,388,32,16,48,436
08/31/2007,OGG,HI,AWP,WE,Towers with Radar,172,31,5,12,220,0,188,20,0,208,172,219,25,12,428,19,12,31,459
09/01/2007,OGG,HI,AWP,WE,Towers with Radar,135,43,4,0,182,0,146,3,0,149,135,189,7,0,331,28,0,28,359
09/02/2007,OGG,HI,AWP,WE,Towers with Radar,130,43,0,0,173,0,144,24,0,168,130,187,24,0,341,27,0,27,368
09/03/2007,OGG,HI,AWP,WE,Towers with Radar,136,37,6,0,179,0,162,25,0,187,136,199,31,0,366,15,0,15,381
09/04/2007,OGG,HI,AWP,WE,Towers with Radar,140,43,3,2,188,0,160,33,0,193,140,203,36,2,381,41,0,41,422
09/05/2007,OGG,HI,AWP,WE,Towers with Radar,133,51,5,4,193,0,162,22,2,186,133,213,27,6,379,26,3,29,408
09/06/2007,OGG,HI,AWP,WE,Towers with Radar,137,41,6,2,186,0,176,40,1,217,137,217,46,3,403,14,8,22,425
09/07/2007,OGG,HI,AWP,WE,Towers with Radar,152,49,1,17,219,0,173,42,10,225,152,222,43,27,444,28,10,38,482
09/08/2007,OGG,HI,AWP,WE,Towers with Radar,141,46,5,1,193,0,128,32,6,166,141,174,37,7,359,53,0,53,412
09/09/2007,OGG,HI,AWP,WE,Towers with Radar,131,45,0,4,180,0,127,23,4,154,131,172,23,8,334,33,0,33,367
09/10/2007,OGG,HI,AWP,WE,Towers with Radar,134,45,2,1,182,0,144,15,0,159,134,189,17,1,341,6,2,8,349
09/11/2007,OGG,HI,AWP,WE,Towers with Radar,130,29,3,7,169,0,149,22,0,171,130,178,25,7,340,4,6,10,350
09/12/2007,OGG,HI,AWP,WE,Towers with Radar,134,36,2,0,172,0,148,22,0,170,134,184,24,0,342,10,0,10,352
09/13/2007,OGG,HI,AWP,WE,Towers with Radar,132,39,3,4,178,0,162,22,2,186,132,201,25,6,364,2,0,2,366
09/14/2007,OGG,HI,AWP,WE,Towers with Radar,142,40,1,0,183,0,165,70,0,235,142,205,71,0,418,16,0,16,434
09/15/2007,OGG,HI,AWP,WE,Towers with Radar,127,48,6,0,181,0,116,14,0,130,127,164,20,0,311,6,0,6,317
09/16/2007,OGG,HI,AWP,WE,Towers with Radar,130,42,2,0,174,0,117,9,0,126,130,159,11,0,300,8,0,8,308
09/17/2007,OGG,HI,AWP,WE,Towers with Radar,137,37,1,4,179,0,149,13,0,162,137,186,14,4,341,15,12,27,368
09/18/2007,OGG,HI,AWP,WE,Towers with Radar,132,41,4,0,177,0,153,21,0,174,132,194,25,0,351,22,0,22,373
09/19/2007,OGG,HI,AWP,WE,Towers with Radar,133,51,5,3,192,0,166,19,2,187,133,217,24,5,379,40,0,40,419
09/20/2007,OGG,HI,AWP,WE,Towers with Radar,128,43,7,4,182,0,173,27,0,200,128,216,34,4,382,44,2,46,428
09/21/2007,OGG,HI,AWP,WE,Towers with Radar,141,53,4,0,198,0,169,36,0,205,141,222,40,0,403,29,0,29,432
09/22/2007,OGG,HI,AWP,WE,Towers with Radar,122,41,6,0,169,0,106,9,8,123,122,147,15,8,292,30,0,30,322
09/23/2007,OGG,HI,AWP,WE,Towers with Radar,115,39,5,0,159,0,108,10,0,118,115,147,15,0,277,8,0,8,285
09/24/2007,OGG,HI,AWP,WE,Towers with Radar,129,44,7,0,180,0,142,43,0,185,129,186,50,0,365,48,0,48,413
09/25/2007,OGG,HI,AWP,WE,Towers with Radar,134,44,0,0,178,0,186,25,3,214,134,230,25,3,392,17,6,23,415
09/26/2007,OGG,HI,AWP,WE,Towers with Radar,128,40,1,6,175,0,151,11,2,164,128,191,12,8,339,14,16,30,369
09/27/2007,OGG,HI,AWP,WE,Towers with Radar,134,45,3,2,184,0,199,30,1,230,134,244,33,3,414,24,7,31,445
09/28/2007,OGG,HI,AWP,WE,Towers with Radar,135,44,6,6,191,0,160,21,1,182,135,204,27,7,373,23,4,27,400
09/29/2007,OGG,HI,AWP,WE,Towers with Radar,123,56,6,0,185,0,128,19,0,147,123,184,25,0,332,38,0,38,370
09/30/2007,OGG,HI,AWP,WE,Towers with Radar,119,56,9,0,184,0,79,14,0,93,119,135,23,0,277,14,0,14,291
10/01/2007,OGG,HI,AWP,WE,Towers with Radar,127,45,22,2,196,0,97,15,3,115,127,147,37,5,316,11,0,11,331
10/02/2007,OGG,HI,AWP,WE,Towers with Radar,129,38,4,8,179,0,146,25,0,171,129,194,29,8,360,27,0,27,389
10/03/2007,OGG,HI,AWP,WE,Towers with Radar,121,38,17,4,180,0,155,24,3,182,121,203,41,7,372,12,0,12,386
10/04/2007,OGG,HI,AWP,WE,Towers with Radar,123,40,9,11,183,0,206,25,0,231,123,265,34,11,433,18,7,25,458
10/05/2007,OGG,HI,AWP,WE,Towers with Radar,151,47,7,6,211,0,205,29,0,234,151,270,36,6,463,12,0,12,478
10/06/2007,OGG,HI,AWP,WE,Towers with Radar,125,42,2,2,171,0,144,26,0,170,125,191,28,2,346,16,0,16,363
10/07/2007,OGG,HI,AWP,WE,Towers with Radar,125,40,2,0,167,0,132,22,3,157,125,174,24,3,326,4,0,4,333
10/08/2007,OGG,HI,AWP,WE,Towers with Radar,129,39,5,0,173,0,170,21,0,191,129,216,26,0,371,10,0,10,382
10/09/2007,OGG,HI,AWP,WE,Towers with Radar,129,50,5,7,191,0,160,30,1,191,129,218,35,8,390,17,6,23,413
10/10/2007,OGG,HI,AWP,WE,Towers with Radar,133,43,2,0,178,0,184,16,0,200,133,243,18,0,394,18,0,18,414
10/11/2007,OGG,HI,AWP,WE,Towers with Radar,135,36,4,8,183,0,187,20,1,208,135,235,24,9,403,39,6,45,448
10/12/2007,OGG,HI,AWP,WE,Towers with Radar,140,47,5,5,197,0,185,22,3,210,140,244,27,8,419,13,2,15,434
10/13/2007,OGG,HI,AWP,WE,Towers with Radar,115,42,3,9,169,0,123,16,1,140,115,169,19,10,313,26,10,36,349
10/14/2007,OGG,HI,AWP,WE,Towers with Radar,131,46,3,4,184,0,122,14,0,136,131,174,17,4,326,8,0,8,334
10/15/2007,OGG,HI,AWP,WE,Towers with Radar,130,57,0,8,195,0,162,35,0,197,130,233,35,8,406,17,8,25,431
10/16/2007,OGG,HI,AWP,WE,Towers with Radar,138,47,1,8,194,0,188,28,2,218,138,246,29,10,423,12,6,18,441
10/17/2007,OGG,HI,AWP,WE,Towers with Radar,133,36,4,3,176,0,159,28,1,188,133,203,32,4,372,26,0,26,399
10/18/2007,OGG,HI,AWP,WE,Towers with Radar,126,41,8,1,176,0,164,25,0,189,126,208,33,1,368,32,12,44,412
10/19/2007,OGG,HI,AWP,WE,Towers with Radar,128,41,3,15,187,0,159,18,1,178,128,211,21,16,376,8,20,28,405
10/20/2007,OGG,HI,AWP,WE,Towers with Radar,133,44,8,3,188,0,166,31,0,197,133,231,39,3,406,72,2,74,482
10/21/2007,OGG,HI,AWP,WE,Towers with Radar,116,41,3,0,160,0,113,21,0,134,116,158,24,0,298,3,0,3,304
10/22/2007,OGG,HI,AWP,WE,Towers with Radar,135,40,6,6,187,0,161,30,1,192,135,212,36,7,390,36,8,44,436
10/23/2007,OGG,HI,AWP,WE,Towers with Radar,136,38,11,14,199,0,174,30,1,205,136,226,41,15,418,33,8,41,462
10/24/2007,OGG,HI,AWP,WE,Towers with Radar,123,35,3,4,165,0,184,20,0,204,123,231,23,4,381,24,2,26,409
10/25/2007,OGG,HI,AWP,WE,Towers with Radar,134,38,3,2,177,0,158,13,0,171,134,204,16,2,356,12,4,16,372
10/26/2007,OGG,HI,AWP,WE,Towers with Radar,131,41,2,3,177,0,147,25,0,172,131,201,27,3,362,31,2,33,395
10/27/2007,OGG,HI,AWP,WE,Towers with Radar,124,48,4,2,178,0,120,31,0,151,124,177,35,2,338,30,6,36,376
10/28/2007,OGG,HI,AWP,WE,Towers with Radar,126,54,3,0,183,0,122,11,0,133,126,186,14,0,326,9,0,9,337
10/29/2007,OGG,HI,AWP,WE,Towers with Radar,135,41,0,5,181,0,188,26,13,227,135,233,26,18,412,20,12,32,445
10/30/2007,OGG,HI,AWP,WE,Towers with Radar,126,50,4,4,184,0,168,14,2,184,126,236,18,6,386,37,4,41,429
10/31/2007,OGG,HI,AWP,WE,Towers with Radar,128,40,1,2,171,0,155,32,1,188,128,206,33,3,370,29,0,29,399
11/01/2007,OGG,HI,AWP,WE,Towers with Radar,134,43,1,2,180,0,177,31,0,208,134,229,32,2,397,31,0,31,432
11/02/2007,OGG,HI,AWP,WE,Towers with Radar,127,46,2,12,187,0,148,23,0,171,127,202,25,12,366,14,10,24,394
11/03/2007,OGG,HI,AWP,WE,Towers with Radar,128,53,5,1,187,0,140,13,0,153,128,203,18,1,350,25,0,25,376
11/04/2007,OGG,HI,AWP,WE,Towers with Radar,138,39,2,2,181,0,73,0,0,73,138,116,2,2,258,4,0,4,262
11/05/2007,OGG,HI,AWP,WE,Towers with Radar,142,52,2,2,198,0,139,20,1,160,142,196,22,3,363,19,2,21,385
11/06/2007,OGG,HI,AWP,WE,Towers with Radar,131,36,3,0,170,0,146,40,4,190,131,187,43,4,365,20,0,20,388
11/07/2007,OGG,HI,AWP,WE,Towers with Radar,142,38,8,12,200,0,121,27,0,148,142,165,35,12,354,32,10,42,396
11/08/2007,OGG,HI,AWP,WE,Towers with Radar,130,41,10,1,182,0,169,23,6,198,130,222,33,7,392,8,0,8,400
11/09/2007,OGG,HI,AWP,WE,Towers with Radar,142,42,8,6,198,0,148,26,2,176,142,198,34,8,382,12,6,18,400
11/10/2007,OGG,HI,AWP,WE,Towers with Radar,134,43,6,0,183,0,136,20,0,156,134,192,26,0,352,40,0,40,395
11/11/2007,OGG,HI,AWP,WE,Towers with Radar,128,40,4,0,172,0,108,11,0,119,128,153,15,0,296,14,0,14,312
11/12/2007,OGG,HI,AWP,WE,Towers with Radar,136,41,5,0,182,0,170,20,0,190,136,221,25,0,382,26,0,26,409
11/13/2007,OGG,HI,AWP,WE,Towers with Radar,134,45,8,0,187,0,165,29,0,194,134,218,37,0,389,14,0,14,404
11/14/2007,OGG,HI,AWP,WE,Towers with Radar,140,43,1,6,190,0,181,35,3,219,140,238,36,9,423,32,0,32,456
11/15/2007,OGG,HI,AWP,WE,Towers with Radar,149,40,10,9,208,0,187,24,0,211,149,245,34,9,437,38,0,38,476
11/16/2007,OGG,HI,AWP,WE,Towers with Radar,142,50,9,0,201,0,144,22,0,166,142,207,31,0,380,30,0,30,413
11/17/2007,OGG,HI,AWP,WE,Towers with Radar,143,34,9,0,186,0,136,14,0,150,143,177,23,0,343,24,0,24,368
11/18/2007,OGG,HI,AWP,WE,Towers with Radar,143,52,11,0,206,0,123,15,0,138,143,179,26,0,348,6,0,6,355
11/19/2007,OGG,HI,AWP,WE,Towers with Radar,140,46,8,2,196,0,168,38,2,208,140,224,46,4,414,20,0,20,435
11/20/2007,OGG,HI,AWP,WE,Towers with Radar,144,47,4,19,214,0,190,28,1,219,144,249,32,20,445,34,2,36,483
11/21/2007,OGG,HI,AWP,WE,Towers with Radar,131,49,7,0,187,0,194,29,0,223,131,255,36,0,422,24,0,24,447
11/22/2007,OGG,HI,AWP,WE,Towers with Radar,127,40,3,0,170,0,133,14,0,147,127,187,17,0,331,17,0,17,348
11/23/2007,OGG,HI,AWP,WE,Towers with Radar,142,40,5,0,187,0,166,26,0,192,142,221,31,0,394,16,0,16,412
11/24/2007,OGG,HI,AWP,WE,Towers with Radar,139,42,13,0,194,0,142,14,0,156,139,193,27,0,359,28,0,28,387
11/25/2007,OGG,HI,AWP,WE,Towers with Radar,128,48,15,0,191,0,120,12,0,132,128,175,27,0,330,8,0,8,341
11/26/2007,OGG,HI,AWP,WE,Towers with Radar,135,35,8,2,180,0,170,25,3,198,135,215,33,5,388,22,0,22,411
11/27/2007,OGG,HI,AWP,WE,Towers with Radar,131,40,3,2,176,0,147,19,2,168,131,196,22,4,353,36,4,40,393
11/28/2007,OGG,HI,AWP,WE,Towers with Radar,123,47,3,4,177,0,70,9,0,79,123,123,12,4,262,22,0,22,284
11/29/2007,OGG,HI,AWP,WE,Towers with Radar,129,41,9,16,195,0,156,31,1,188,129,213,40,17,399,26,6,32,432
11/30/2007,OGG,HI,AWP,WE,Towers with Radar,145,53,6,9,213,0,110,25,6,141,145,179,31,15,370,22,0,22,393
12/01/2007,OGG,HI,AWP,WE,Towers with Radar,131,48,3,7,189,0,123,18,1,142,131,182,21,8,342,24,10,34,378
12/02/2007,OGG,HI,AWP,WE,Towers with Radar,122,57,6,2,187,0,54,0,0,54,122,113,6,2,243,8,0,8,251
12/03/2007,OGG,HI,AWP,WE,Towers with Radar,121,64,11,4,200,0,22,0,0,22,121,86,11,4,222,0,0,0,222
12/04/2007,OGG,HI,AWP,WE,Towers with Radar,121,50,3,30,204,0,121,11,4,136,121,179,14,34,348,12,6,18,367
12/05/2007,OGG,HI,AWP,WE,Towers with Radar,117,36,0,2,155,0,7,0,0,7,117,43,0,2,162,0,0,0,162
12/06/2007,OGG,HI,AWP,WE,Towers with Radar,135,52,3,2,192,0,50,6,0,56,135,102,9,2,248,30,0,30,278
12/07/2007,OGG,HI,AWP,WE,Towers with Radar,139,58,4,0,201,0,79,12,1,92,139,138,16,1,294,10,0,10,304
12/08/2007,OGG,HI,AWP,WE,Towers with Radar,144,46,3,3,196,0,126,17,0,143,144,174,20,3,341,37,0,37,381
12/09/2007,OGG,HI,AWP,WE,Towers with Radar,128,57,1,1,187,0,124,18,0,142,128,199,19,1,347,15,0,15,362
12/10/2007,OGG,HI,AWP,WE,Towers with Radar,135,48,3,15,201,0,154,34,0,188,135,209,37,15,396,22,12,34,437
12/11/2007,OGG,HI,AWP,WE,Towers with Radar,116,47,10,4,177,0,170,31,5,206,116,229,41,9,395,32,0,32,427
12/12/2007,OGG,HI,AWP,WE,Towers with Radar,134,46,1,8,189,0,156,35,0,191,134,209,36,8,387,64,4,68,455
12/13/2007,OGG,HI,AWP,WE,Towers with Radar,133,44,6,14,197,0,153,30,4,187,133,206,36,18,393,12,6,18,411
12/14/2007,OGG,HI,AWP,WE,Towers with Radar,147,44,5,5,201,0,131,22,4,157,147,186,27,9,369,16,0,16,387
12/15/2007,OGG,HI,AWP,WE,Towers with Radar,146,47,7,2,202,0,102,26,2,130,146,155,33,4,338,25,0,25,364
12/16/2007,OGG,HI,AWP,WE,Towers with Radar,128,44,4,2,178,0,88,8,2,98,128,137,12,4,281,8,0,8,290
12/17/2007,OGG,HI,AWP,WE,Towers with Radar,154,45,11,4,214,0,155,25,2,182,154,208,36,6,404,20,4,24,428
12/18/2007,OGG,HI,AWP,WE,Towers with Radar,137,36,4,5,182,0,136,17,0,153,137,181,21,5,344,16,0,16,360
12/19/2007,OGG,HI,AWP,WE,Towers with Radar,138,41,7,6,192,0,149,17,1,167,138,201,24,7,370,16,2,18,389
12/20/2007,OGG,HI,AWP,WE,Towers with Radar,140,47,10,13,210,0,158,22,5,185,140,216,32,18,406,10,10,20,427
12/21/2007,OGG,HI,AWP,WE,Towers with Radar,151,55,9,4,219,0,161,20,0,181,151,222,29,4,406,30,4,34,440
12/22/2007,OGG,HI,AWP,WE,Towers with Radar,154,46,28,0,228,0,147,15,0,162,154,210,43,0,407,23,0,23,431
12/23/2007,OGG,HI,AWP,WE,Towers with Radar,142,50,9,1,202,0,174,7,0,181,142,232,16,1,391,9,0,9,401
12/24/2007,OGG,HI,AWP,WE,Towers with Radar,141,41,4,0,186,0,136,12,0,148,141,181,16,0,338,34,0,34,372
12/25/2007,OGG,HI,AWP,WE,Towers with Radar,129,30,12,0,171,0,59,1,0,60,129,89,13,0,231,6,0,6,237
12/26/2007,OGG,HI,AWP,WE,Towers with Radar,140,39,20,1,200,0,213,17,0,230,140,262,37,1,440,18,1,19,459
12/27/2007,OGG,HI,AWP,WE,Towers with Radar,149,47,12,7,215,0,214,19,0,233,149,276,31,7,463,17,2,19,482
12/28/2007,OGG,HI,AWP,WE,Towers with Radar,152,45,16,7,220,0,221,20,1,242,152,289,36,8,485,53,6,59,545
12/29/2007,OGG,HI,AWP,WE,Towers with Radar,145,41,15,0,201,0,228,23,0,251,145,282,38,0,465,25,0,25,492
12/30/2007,OGG,HI,AWP,WE,Towers with Radar,141,46,14,0,201,0,185,11,0,196,141,248,25,0,414,10,1,11,426
12/31/2007,OGG,HI,AWP,WE,Towers with Radar,140,44,9,0,193,0,28,2,0,30,140,73,11,0,224,10,0,10,235
01/01/2008,OGG,HI,AWP,WE,Towers with Radar,135,34,12,0,181,0,201,5,0,206,135,254,17,0,406,6,0,6,412
01/02/2008,OGG,HI,AWP,WE,Towers with Radar,135,46,33,0,214,0,211,38,0,249,135,275,71,0,481,20,0,20,502
01/03/2008,OGG,HI,AWP,WE,Towers with Radar,149,44,22,8,223,0,204,23,0,227,149,257,45,8,459,24,14,38,497
01/04/2008,OGG,HI,AWP,WE,Towers with Radar,151,47,17,14,229,0,174,24,0,198,151,231,41,14,437,26,18,44,484
01/05/2008,OGG,HI,AWP,WE,Towers with Radar,150,47,19,1,217,0,149,14,4,167,150,208,33,5,396,4,0,4,400
01/06/2008,OGG,HI,AWP,WE,Towers with Radar,146,45,26,1,218,0,154,11,1,166,146,203,37,2,388,10,0,10,404
01/07/2008,OGG,HI,AWP,WE,Towers with Radar,136,41,14,7,198,0,153,26,2,181,136,196,40,9,381,18,6,24,407
01/08/2008,OGG,HI,AWP,WE,Towers with Radar,121,32,10,2,165,0,189,32,1,222,121,232,42,3,398,32,2,34,433
01/09/2008,OGG,HI,AWP,WE,Towers with Radar,137,41,7,0,185,0,171,29,0,200,137,220,36,0,393,38,0,38,432
01/10/2008,OGG,HI,AWP,WE,Towers with Radar,138,46,14,1,199,0,165,30,2,197,138,228,44,3,413,26,0,26,440
01/11/2008,OGG,HI,AWP,WE,Towers with Radar,138,46,5,20,209,0,179,20,1,200,138,236,25,21,420,10,20,30,450
01/12/2008,OGG,HI,AWP,WE,Towers with Radar,148,36,14,3,201,0,176,42,0,218,148,216,56,3,423,48,2,50,474
01/13/2008,OGG,HI,AWP,WE,Towers with Radar,144,49,13,0,206,0,118,7,0,125,144,174,20,0,338,8,0,8,346
01/14/2008,OGG,HI,AWP,WE,Towers with Radar,139,47,4,10,200,0,131,24,0,155,139,187,28,10,364,31,8,39,403
01/15/2008,OGG,HI,AWP,WE,Towers with Radar,133,41,12,12,198,0,165,22,1,188,133,216,34,13,396,60,0,60,458
01/16/2008,OGG,HI,AWP,WE,Towers with Radar,132,42,1,7,182,0,165,34,3,202,132,216,35,10,393,31,0,31,425
01/17/2008,OGG,HI,AWP,WE,Towers with Radar,130,43,5,0,178,0,166,31,2,199,130,219,36,2,387,38,0,38,425
01/18/2008,OGG,HI,AWP,WE,Towers with Radar,157,43,5,0,205,0,162,26,1,189,157,217,31,1,406,29,0,29,437
01/19/2008,OGG,HI,AWP,WE,Towers with Radar,131,47,4,0,182,0,111,24,0,135,131,166,28,0,325,44,0,44,371
01/20/2008,OGG,HI,AWP,WE,Towers with Radar,138,39,3,0,180,0,132,2,0,134,138,178,5,0,321,2,0,2,323
01/21/2008,OGG,HI,AWP,WE,Towers with Radar,126,29,2,0,157,0,132,19,0,151,126,167,21,0,314,14,0,14,328
01/22/2008,OGG,HI,AWP,WE,Towers with Radar,129,31,2,4,166,0,156,21,3,180,129,198,23,7,357,11,0,11,369
01/23/2008,OGG,HI,AWP,WE,Towers with Radar,125,41,5,6,177,0,166,20,0,186,125,218,25,6,374,38,6,44,418
01/24/2008,OGG,HI,AWP,WE,Towers with Radar,126,35,3,1,165,0,190,28,1,219,126,236,31,2,395,16,0,16,411
01/25/2008,OGG,HI,AWP,WE,Towers with Radar,141,45,5,0,191,0,181,14,0,195,141,238,19,0,398,10,0,10,408
01/26/2008,OGG,HI,AWP,WE,Towers with Radar,148,45,1,0,194,0,134,14,4,152,148,188,15,4,355,18,0,18,373
01/27/2008,OGG,HI,AWP,WE,Towers with Radar,135,34,5,0,174,0,114,3,0,117,135,160,8,0,303,6,0,6,309
01/28/2008,OGG,HI,AWP,WE,Towers with Radar,123,28,2,4,157,0,135,18,0,153,123,171,20,4,318,12,4,16,335
01/29/2008,OGG,HI,AWP,WE,Towers with Radar,125,48,6,0,179,0,76,15,0,91,125,130,21,0,276,8,0,8,284
01/30/2008,OGG,HI,AWP,WE,Towers with Radar,129,35,5,0,169,0,123,12,0,135,129,159,17,0,305,34,0,34,339
01/31/2008,OGG,HI,AWP,WE,Towers with Radar,127,44,7,13,191,0,155,19,3,177,127,201,26,16,370,10,10,20,392
02/01/2008,OGG,HI,AWP,WE,Towers with Radar,146,53,3,8,210,0,151,9,1,161,146,213,12,9,380,7,6,13,393
02/02/2008,OGG,HI,AWP,WE,Towers with Radar,146,48,8,0,202,0,31,4,0,35,146,79,12,0,237,8,0,8,245
02/03/2008,OGG,HI,AWP,WE,Towers with Radar,135,39,6,0,180,0,97,6,0,103,135,139,12,0,286,2,0,2,288
02/04/2008,OGG,HI,AWP,WE,Towers with Radar,140,37,3,6,186,0,124,13,3,140,140,163,16,9,328,12,2,14,343
02/05/2008,OGG,HI,AWP,WE,Towers with Radar,133,37,7,2,179,0,60,16,5,81,133,97,23,7,260,28,0,28,288
02/06/2008,OGG,HI,AWP,WE,Towers with Radar,127,34,3,7,171,0,169,13,3,185,127,216,16,10,369,30,4,34,404
02/07/2008,OGG,HI,AWP,WE,Towers with Radar,138,42,6,11,197,0,194,39,3,236,138,252,45,14,449,42,2,44,494
02/08/2008,OGG,HI,AWP,WE,Towers with Radar,138,37,10,14,199,0,177,23,4,204,138,221,33,18,410,9,16,25,436
02/09/2008,OGG,HI,AWP,WE,Towers with Radar,147,48,6,3,204,0,172,34,0,206,147,229,40,3,419,34,0,34,454
02/10/2008,OGG,HI,AWP,WE,Towers with Radar,129,42,11,2,184,0,253,12,2,267,129,307,23,4,463,16,0,16,479
02/11/2008,OGG,HI,AWP,WE,Towers with Radar,125,32,0,8,165,0,168,19,0,187,125,210,19,8,362,18,6,24,388
02/12/2008,OGG,HI,AWP,WE,Towers with Radar,133,35,1,16,185,0,188,27,1,216,133,233,28,17,411,48,8,56,467
02/13/2008,OGG,HI,AWP,WE,Towers with Radar,131,40,4,4,179,0,173,31,0,204,131,224,35,4,394,29,0,29,423
02/14/2008,OGG,HI,AWP,WE,Towers with Radar,146,40,8,17,211,0,222,24,2,248,146,276,32,19,473,16,16,32,509
02/15/2008,OGG,HI,AWP,WE,Towers with Radar,137,40,5,6,188,0,198,25,5,228,137,256,30,11,434,20,2,22,456
02/16/2008,OGG,HI,AWP,WE,Towers with Radar,144,42,10,4,200,0,171,33,0,204,144,226,43,4,417,22,4,26,443
02/17/2008,OGG,HI,AWP,WE,Towers with Radar,135,40,6,4,185,0,153,15,0,168,135,202,21,4,362,7,2,9,371
02/18/2008,OGG,HI,AWP,WE,Towers with Radar,138,33,8,0,179,0,168,37,0,205,138,216,45,0,399,12,0,12,411
02/19/2008,OGG,HI,AWP,WE,Towers with Radar,141,34,9,2,186,0,191,22,2,215,141,238,31,4,414,17,0,17,431
02/20/2008,OGG,HI,AWP,WE,Towers with Radar,133,38,4,20,195,0,167,24,3,194,133,215,28,23,399,14,12,26,427
02/21/2008,OGG,HI,AWP,WE,Towers with Radar,130,42,5,1,178,0,145,53,0,198,130,201,58,1,390,29,0,29,427
02/22/2008,OGG,HI,AWP,WE,Towers with Radar,146,44,8,6,204,0,189,40,0,229,146,252,48,6,452,11,4,15,472
02/23/2008,OGG,HI,AWP,WE,Towers with Radar,141,46,12,0,199,0,183,33,1,217,141,235,45,1,422,47,0,47,469
02/24/2008,OGG,HI,AWP,WE,Towers with Radar,141,36,6,0,183,0,136,12,0,148,141,180,18,0,339,6,0,6,347
02/25/2008,OGG,HI,AWP,WE,Towers with Radar,153,33,5,0,191,0,113,15,3,131,153,148,20,3,324,0,0,0,324
02/26/2008,OGG,HI,AWP,WE,Towers with Radar,149,34,8,28,219,0,163,23,6,192,149,208,31,34,422,14,29,43,466
02/27/2008,OGG,HI,AWP,WE,Towers with Radar,140,32,4,2,178,0,159,25,1,185,140,199,29,3,371,12,8,20,391
02/28/2008,OGG,HI,AWP,WE,Towers with Radar,137,32,7,11,187,0,170,35,6,211,137,214,42,17,410,24,6,30,440
02/29/2008,OGG,HI,AWP,WE,Towers with Radar,147,45,7,10,209,0,181,28,0,209,147,242,35,10,434,20,10,30,464
03/01/2008,OGG,HI,AWP,WE,Towers with Radar,142,41,8,5,196,0,138,33,0,171,142,188,41,5,376,29,2,31,412
03/02/2008,OGG,HI,AWP,WE,Towers with Radar,130,39,4,0,173,4,140,29,0,173,134,181,33,0,348,14,0,14,365
03/03/2008,OGG,HI,AWP,WE,Towers with Radar,133,37,3,4,177,0,154,32,3,189,133,197,35,7,372,24,4,28,407
03/04/2008,OGG,HI,AWP,WE,Towers with Radar,141,34,2,3,180,0,158,28,5,191,141,198,30,8,377,23,2,25,403
03/05/2008,OGG,HI,AWP,WE,Towers with Radar,144,38,2,4,188,0,172,18,3,193,144,218,20,7,389,26,0,26,417
03/06/2008,OGG,HI,AWP,WE,Towers with Radar,154,43,6,8,211,0,181,28,4,213,154,235,34,12,435,28,2,30,468
03/07/2008,OGG,HI,AWP,WE,Towers with Radar,156,37,8,0,201,0,174,29,1,204,156,222,37,1,416,14,0,14,430
03/08/2008,OGG,HI,AWP,WE,Towers with Radar,153,41,10,0,204,0,144,32,0,176,153,188,42,0,383,46,7,53,437
03/09/2008,OGG,HI,AWP,WE,Towers with Radar,139,34,7,0,180,0,140,31,3,174,139,180,38,3,360,14,0,14,374
03/10/2008,OGG,HI,AWP,WE,Towers with Radar,144,32,8,13,197,0,205,29,0,234,144,243,37,13,437,17,10,27,464
03/11/2008,OGG,HI,AWP,WE,Towers with Radar,144,39,5,9,197,0,207,27,3,237,144,252,32,12,440,10,8,18,460
03/12/2008,OGG,HI,AWP,WE,Towers with Radar,147,41,4,3,195,0,193,15,0,208,147,244,19,3,413,7,0,7,421
03/13/2008,OGG,HI,AWP,WE,Towers with Radar,149,49,8,4,210,0,216,22,9,247,149,276,30,13,468,10,4,14,485
03/14/2008,OGG,HI,AWP,WE,Towers with Radar,147,36,12,17,212,0,195,21,5,221,147,243,33,22,445,8,6,14,461
03/15/2008,OGG,HI,AWP,WE,Towers with Radar,143,41,9,2,195,0,135,30,1,166,143,184,39,3,369,38,2,40,409
03/16/2008,OGG,HI,AWP,WE,Towers with Radar,136,47,5,0,188,0,160,10,0,170,136,218,15,0,369,4,0,4,375
03/17/2008,OGG,HI,AWP,WE,Towers with Radar,138,34,4,8,184,0,190,21,2,213,138,229,25,10,402,7,9,16,419
03/18/2008,OGG,HI,AWP,WE,Towers with Radar,142,35,10,10,197,0,187,23,1,211,142,230,33,11,416,26,10,36,454
03/19/2008,OGG,HI,AWP,WE,Towers with Radar,133,39,11,10,193,0,215,28,0,243,133,268,39,10,450,30,2,32,482
03/20/2008,OGG,HI,AWP,WE,Towers with Radar,141,38,16,2,197,0,230,44,0,274,141,290,60,2,493,23,2,25,518
03/21/2008,OGG,HI,AWP,WE,Towers with Radar,144,38,17,12,211,0,199,23,0,222,144,244,40,12,440,12,8,20,460
03/22/2008,OGG,HI,AWP,WE,Towers with Radar,146,41,20,0,207,0,188,30,0,218,146,235,50,0,431,22,0,22,454
03/23/2008,OGG,HI,AWP,WE,Towers with Radar,134,40,8,0,182,0,191,9,0,200,134,236,17,0,387,8,0,8,395
03/24/2008,OGG,HI,AWP,WE,Towers with Radar,130,34,11,2,177,0,211,28,2,241,130,250,39,4,423,16,0,16,439
03/25/2008,OGG,HI,AWP,WE,Towers with Radar,142,33,5,16,196,0,189,29,3,221,142,232,34,19,427,21,6,27,456
03/26/2008,OGG,HI,AWP,WE,Towers with Radar,138,35,3,4,180,0,217,27,1,245,138,262,30,5,435,34,12,46,481
03/27/2008,OGG,HI,AWP,WE,Towers with Radar,139,39,1,4,183,0,223,28,3,254,139,276,29,7,451,22,2,24,476
03/28/2008,OGG,HI,AWP,WE,Towers with Radar,145,41,10,9,205,0,172,27,2,201,145,223,37,11,416,12,2,14,431
03/29/2008,OGG,HI,AWP,WE,Towers with Radar,154,45,14,0,213,0,154,31,0,185,154,209,45,0,408,12,0,12,421
03/30/2008,OGG,HI,AWP,WE,Towers with Radar,134,40,10,0,184,0,134,4,0,138,134,180,14,0,328,8,0,8,336
03/31/2008,OGG,HI,AWP,WE,Towers with Radar,151,42,3,8,204,0,136,24,2,162,151,183,27,10,371,10,6,16,389
04/01/2008,OGG,HI,AWP,WE,Towers with Radar,114,47,7,4,172,0,157,21,2,180,114,213,28,6,361,21,0,21,382
04/02/2008,OGG,HI,AWP,WE,Towers with Radar,107,52,6,0,165,0,118,12,0,130,107,172,18,0,297,14,0,14,312
04/03/2008,OGG,HI,AWP,WE,Towers with Radar,98,43,12,8,161,0,142,15,1,158,98,185,27,9,319,16,0,16,335
04/04/2008,OGG,HI,AWP,WE,Towers with Radar,99,44,7,1,151,0,159,27,1,187,99,208,34,2,343,10,0,10,353
04/05/2008,OGG,HI,AWP,WE,Towers with Radar,98,55,9,0,162,0,136,26,0,162,98,201,35,0,334,13,0,13,348
04/06/2008,OGG,HI,AWP,WE,Towers with Radar,95,54,12,0,161,0,117,7,0,124,95,176,19,0,290,8,0,8,299
04/07/2008,OGG,HI,AWP,WE,Towers with Radar,104,41,3,0,148,0,176,18,5,199,104,227,21,5,357,6,0,6,365
04/08/2008,OGG,HI,AWP,WE,Towers with Radar,102,40,5,15,162,0,190,28,7,225,102,238,33,22,395,38,0,38,434
04/09/2008,OGG,HI,AWP,WE,Towers with Radar,94,52,6,6,158,0,99,11,0,110,94,161,17,6,278,10,0,10,289
04/10/2008,OGG,HI,AWP,WE,Towers with Radar,97,43,6,6,152,0,138,13,5,156,97,196,19,11,323,18,0,18,341
04/11/2008,OGG,HI,AWP,WE,Towers with Radar,100,55,5,1,161,0,161,19,0,180,100,226,24,1,351,26,0,26,377
04/12/2008,OGG,HI,AWP,WE,Towers with Radar,97,59,6,0,162,0,149,20,0,169,97,216,26,0,339,10,0,10,350
04/13/2008,OGG,HI,AWP,WE,Towers with Radar,91,47,8,0,146,0,149,13,0,162,91,202,21,0,314,4,0,4,318
04/14/2008,OGG,HI,AWP,WE,Towers with Radar,97,47,3,3,150,0,189,33,2,224,97,246,36,5,384,12,0,12,397
04/15/2008,OGG,HI,AWP,WE,Towers with Radar,93,41,5,1,140,0,162,35,0,197,93,211,40,1,345,34,0,34,380
04/16/2008,OGG,HI,AWP,WE,Towers with Radar,88,47,5,6,146,0,178,17,2,197,88,235,22,8,353,26,0,26,379
04/17/2008,OGG,HI,AWP,WE,Towers with Radar,95,41,4,10,150,0,212,22,5,239,95,266,26,15,402,12,2,14,416
04/18/2008,OGG,HI,AWP,WE,Towers with Radar,103,51,8,0,162,0,171,33,1,205,103,231,41,1,376,16,0,16,392
04/19/2008,OGG,HI,AWP,WE,Towers with Radar,100,50,5,0,155,0,146,20,0,166,100,204,25,0,329,35,0,35,366
04/20/2008,OGG,HI,AWP,WE,Towers with Radar,89,46,8,0,143,0,146,12,0,158,89,198,20,0,307,4,0,4,322
04/21/2008,OGG,HI,AWP,WE,Towers with Radar,97,42,10,15,164,0,197,36,12,245,97,248,46,27,418,23,8,31,450
04/22/2008,OGG,HI,AWP,WE,Towers with Radar,97,53,8,2,160,0,179,23,7,209,97,242,31,9,379,21,0,21,401
04/23/2008,OGG,HI,AWP,WE,Towers with Radar,86,38,2,2,128,0,186,28,17,231,86,242,30,19,377,35,0,35,413
04/24/2008,OGG,HI,AWP,WE,Towers with Radar,92,41,5,15,153,0,197,28,7,232,92,252,33,22,399,18,0,18,417
04/25/2008,OGG,HI,AWP,WE,Towers with Radar,93,50,5,3,151,0,176,36,2,214,93,236,41,5,375,23,0,23,399
04/26/2008,OGG,HI,AWP,WE,Towers with Radar,95,51,8,0,154,0,160,23,0,183,95,214,31,0,340,25,0,25,365
04/27/2008,OGG,HI,AWP,WE,Towers with Radar,95,50,3,0,148,0,145,15,0,160,95,199,18,0,312,10,0,10,322
04/28/2008,OGG,HI,AWP,WE,Towers with Radar,90,43,1,8,142,0,140,22,0,162,90,189,23,8,310,34,0,34,346
04/29/2008,OGG,HI,AWP,WE,Towers with Radar,92,46,7,13,158,0,156,12,8,176,92,209,19,21,341,18,0,18,360
04/30/2008,OGG,HI,AWP,WE,Towers with Radar,83,59,5,7,154,0,147,18,3,168,83,220,23,10,336,31,0,31,367
05/01/2008,OGG,HI,AWP,WE,Towers with Radar,87,53,3,12,155,0,166,17,5,188,87,232,20,17,356,13,8,21,377
05/02/2008,OGG,HI,AWP,WE,Towers with Radar,96,53,2,4,155,0,184,17,4,205,96,247,19,8,370,37,0,37,407
05/03/2008,OGG,HI,AWP,WE,Towers with Radar,97,54,2,9,162,0,150,20,3,173,97,216,22,12,347,36,0,36,384
05/04/2008,OGG,HI,AWP,WE,Towers with Radar,83,43,6,0,132,0,90,19,0,109,83,139,25,0,247,10,1,11,259
05/05/2008,OGG,HI,AWP,WE,Towers with Radar,90,41,3,2,136,0,156,31,1,188,90,204,34,3,331,6,0,6,338
05/06/2008,OGG,HI,AWP,WE,Towers with Radar,89,42,1,0,132,0,142,30,1,173,89,190,31,1,311,30,0,30,344
05/07/2008,OGG,HI,AWP,WE,Towers with Radar,94,43,3,5,145,0,171,10,1,182,94,231,13,6,344,15,0,15,359
05/08/2008,OGG,HI,AWP,WE,Towers with Radar,96,49,5,2,152,0,186,18,11,215,96,254,23,13,386,8,0,8,394
05/09/2008,OGG,HI,AWP,WE,Towers with Radar,99,47,5,0,151,0,159,39,6,204,99,219,44,6,368,21,0,21,394
05/10/2008,OGG,HI,AWP,WE,Towers with Radar,95,39,7,1,142,2,132,37,1,172,97,177,44,2,320,34,0,34,359
05/11/2008,OGG,HI,AWP,WE,Towers with Radar,84,49,1,0,134,0,124,19,0,143,84,176,20,0,280,10,1,11,310
05/12/2008,OGG,HI,AWP,WE,Towers with Radar,81,42,3,11,137,0,140,34,2,176,81,196,37,13,327,6,2,8,335
05/13/2008,OGG,HI,AWP,WE,Towers with Radar,92,36,3,2,133,0,151,30,5,186,92,203,33,7,335,34,0,34,371
05/14/2008,OGG,HI,AWP,WE,Towers with Radar,84,46,3,10,143,0,133,32,2,167,84,188,35,12,319,14,0,14,333
05/15/2008,OGG,HI,AWP,WE,Towers with Radar,88,40,4,17,149,0,147,18,3,168,88,194,22,20,324,14,0,14,338
05/16/2008,OGG,HI,AWP,WE,Towers with Radar,95,51,4,9,159,0,153,29,1,183,95,217,33,10,355,23,0,23,378
05/17/2008,OGG,HI,AWP,WE,Towers with Radar,92,48,0,0,140,0,99,26,0,125,92,154,26,0,272,50,0,50,322
05/18/2008,OGG,HI,AWP,WE,Towers with Radar,92,35,1,0,128,0,115,13,0,128,92,155,14,0,261,4,0,4,267
05/19/2008,OGG,HI,AWP,WE,Towers with Radar,93,44,6,2,145,0,162,18,1,181,93,221,24,3,341,12,2,14,357
05/20/2008,OGG,HI,AWP,WE,Towers with Radar,90,45,1,0,136,0,154,28,4,186,90,204,29,4,327,6,0,6,334
05/21/2008,OGG,HI,AWP,WE,Towers with Radar,89,38,3,6,136,0,189,20,0,209,89,241,23,6,359,40,0,40,404
05/22/2008,OGG,HI,AWP,WE,Towers with Radar,93,51,8,7,159,0,0,0,0,0,93,59,8,7,167,54,0,54,222
05/23/2008,OGG,HI,AWP,WE,Towers with Radar,93,52,7,0,152,0,158,36,1,195,93,223,43,1,360,38,0,38,400
05/24/2008,OGG,HI,AWP,WE,Towers with Radar,91,44,4,0,139,0,132,25,3,160,91,182,29,3,305,8,0,8,313
05/25/2008,OGG,HI,AWP,WE,Towers with Radar,86,43,4,0,133,0,158,20,2,180,86,205,24,2,317,10,0,10,328
05/26/2008,OGG,HI,AWP,WE,Towers with Radar,89,36,4,0,129,0,139,33,0,172,89,183,37,0,309,8,0,8,317
05/27/2008,OGG,HI,AWP,WE,Towers with Radar,96,41,4,10,151,0,166,35,3,204,96,218,39,13,366,17,0,17,383
05/28/2008,OGG,HI,AWP,WE,Towers with Radar,93,57,11,0,161,0,171,28,9,208,93,244,39,9,385,26,1,27,414
05/29/2008,OGG,HI,AWP,WE,Towers with Radar,97,52,3,8,160,0,206,21,4,231,97,267,24,12,400,13,0,13,413
05/30/2008,OGG,HI,AWP,WE,Towers with Radar,95,38,4,1,138,0,168,38,1,207,95,212,42,2,351,34,0,34,385
05/31/2008,OGG,HI,AWP,WE,Towers with Radar,78,46,0,0,124,0,119,20,2,141,78,171,20,2,271,38,2,40,314
06/01/2008,OGG,HI,AWP,WE,Towers with Radar,86,46,9,0,141,0,120,12,0,132,86,169,21,0,276,6,0,6,284
06/02/2008,OGG,HI,AWP,WE,Towers with Radar,87,53,0,0,140,0,130,20,0,150,87,188,20,0,295,10,0,10,305
06/03/2008,OGG,HI,AWP,WE,Towers with Radar,99,50,1,6,156,0,150,22,1,173,99,207,23,7,336,20,0,20,361
06/04/2008,OGG,HI,AWP,WE,Towers with Radar,96,52,3,0,151,0,159,32,0,191,96,219,35,0,350,40,0,40,390
06/05/2008,OGG,HI,AWP,WE,Towers with Radar,98,40,1,7,146,0,147,16,0,163,98,194,17,7,316,28,0,28,344
06/06/2008,OGG,HI,AWP,WE,Towers with Radar,99,55,3,0,157,0,140,32,0,172,99,206,35,0,340,24,0,24,364
06/07/2008,OGG,HI,AWP,WE,Towers with Radar,101,59,2,1,163,0,116,21,0,137,101,183,23,1,308,23,0,23,331
06/08/2008,OGG,HI,AWP,WE,Towers with Radar,94,51,5,2,152,0,129,11,0,140,94,188,16,2,300,8,0,8,308
06/09/2008,OGG,HI,AWP,WE,Towers with Radar,100,45,3,8,156,0,177,27,2,206,100,230,30,10,370,26,0,26,397
06/10/2008,OGG,HI,AWP,WE,Towers with Radar,91,53,2,6,152,0,178,38,0,216,91,240,40,6,377,21,2,23,400
06/11/2008,OGG,HI,AWP,WE,Towers with Radar,107,49,2,2,160,0,145,24,0,169,107,197,26,2,332,27,0,27,359
06/12/2008,OGG,HI,AWP,WE,Towers with Radar,88,50,5,8,151,0,180,21,0,201,88,238,26,8,360,70,0,70,430
06/13/2008,OGG,HI,AWP,WE,Towers with Radar,90,55,3,0,148,0,198,14,2,214,90,265,17,2,374,32,0,32,407
06/14/2008,OGG,HI,AWP,WE,Towers with Radar,100,52,4,0,156,0,153,26,0,179,100,217,30,0,347,18,0,18,365
06/15/2008,OGG,HI,AWP,WE,Towers with Radar,96,55,7,0,158,0,148,34,0,182,96,211,41,0,348,8,0,8,357
06/16/2008,OGG,HI,AWP,WE,Towers with Radar,110,53,4,2,169,0,171,23,2,196,110,232,27,4,373,17,0,17,390
06/17/2008,OGG,HI,AWP,WE,Towers with Radar,104,53,5,0,162,0,130,24,1,155,104,189,29,1,323,6,0,6,329
06/18/2008,OGG,HI,AWP,WE,Towers with Radar,101,59,0,1,161,0,164,39,0,203,101,238,39,1,379,12,0,12,392
06/19/2008,OGG,HI,AWP,WE,Towers with Radar,102,59,6,2,169,0,145,23,0,168,102,218,29,2,351,18,0,18,369
06/20/2008,OGG,HI,AWP,WE,Towers with Radar,116,65,4,0,185,0,167,23,0,190,116,243,27,0,386,16,0,16,402
06/21/2008,OGG,HI,AWP,WE,Towers with Radar,122,67,17,0,206,0,126,10,0,136,122,203,27,0,352,30,0,30,383
06/22/2008,OGG,HI,AWP,WE,Towers with Radar,99,58,4,0,161,0,95,5,0,100,99,159,9,0,267,6,0,6,273
06/23/2008,OGG,HI,AWP,WE,Towers with Radar,104,53,2,2,161,0,159,14,0,173,104,216,16,2,338,8,0,8,346
06/24/2008,OGG,HI,AWP,WE,Towers with Radar,110,60,3,6,179,0,174,27,1,202,110,242,30,7,389,10,0,10,399
06/25/2008,OGG,HI,AWP,WE,Towers with Radar,101,67,2,6,176,0,196,27,0,223,101,279,29,6,415,77,0,77,492
06/26/2008,OGG,HI,AWP,WE,Towers with Radar,108,64,4,1,177,0,169,30,0,199,108,251,34,1,394,31,0,31,426
06/27/2008,OGG,HI,AWP,WE,Towers with Radar,113,55,4,0,172,0,142,16,4,162,113,210,20,4,347,25,0,25,372
06/28/2008,OGG,HI,AWP,WE,Towers with Radar,118,49,13,0,180,0,84,25,0,109,118,142,38,0,298,20,0,20,318
06/29/2008,OGG,HI,AWP,WE,Towers with Radar,108,62,6,0,176,0,132,27,0,159,108,205,33,0,346,12,0,12,358
06/30/2008,OGG,HI,AWP,WE,Towers with Radar,109,56,7,4,176,0,147,19,0,166,109,217,26,4,356,20,2,22,378
07/01/2008,OGG,HI,AWP,WE,Towers with Radar,111,67,12,14,204,0,110,8,0,118,111,177,20,14,322,14,0,14,336
07/02/2008,OGG,HI,AWP,WE,Towers with Radar,107,52,2,1,162,0,176,35,1,212,107,228,37,2,374,24,0,24,398
07/03/2008,OGG,HI,AWP,WE,Towers with Radar,107,45,3,0,155,0,156,26,2,184,107,201,29,2,339,50,0,50,389
07/04/2008,OGG,HI,AWP,WE,Towers with Radar,98,58,9,0,165,0,174,27,0,201,98,232,36,0,366,10,0,10,376
07/05/2008,OGG,HI,AWP,WE,Towers with Radar,111,46,8,0,165,0,124,23,2,149,111,170,31,2,314,22,2,24,338
07/06/2008,OGG,HI,AWP,WE,Towers with Radar,92,52,6,0,150,0,143,24,0,167,92,195,30,0,317,2,0,2,319
07/07/2008,OGG,HI,AWP,WE,Towers with Radar,98,51,13,2,164,0,155,40,2,197,98,206,53,4,361,16,6,22,383
07/08/2008,OGG,HI,AWP,WE,Towers with Radar,104,57,4,21,186,0,166,27,1,194,104,223,31,22,380,21,0,21,401
07/09/2008,OGG,HI,AWP,WE,Towers with Radar,95,59,1,15,170,0,163,28,0,191,95,222,29,15,361,12,6,18,379
07/10/2008,OGG,HI,AWP,WE,Towers with Radar,94,50,10,6,160,0,169,32,3,204,94,219,42,9,364,32,4,36,400
07/11/2008,OGG,HI,AWP,WE,Towers with Radar,108,58,13,0,179,0,142,23,0,165,108,200,36,0,344,8,0,8,352
07/12/2008,OGG,HI,AWP,WE,Towers with Radar,90,58,7,0,155,0,129,31,0,160,90,187,38,0,315,31,0,31,346
07/13/2008,OGG,HI,AWP,WE,Towers with Radar,88,55,4,6,153,0,119,25,1,145,88,174,29,7,298,12,2,14,312
07/14/2008,OGG,HI,AWP,WE,Towers with Radar,109,54,6,6,175,0,164,36,3,203,109,218,42,9,378,32,0,32,410
07/15/2008,OGG,HI,AWP,WE,Towers with Radar,107,55,2,1,165,0,146,17,5,168,107,201,19,6,333,31,0,31,364
07/16/2008,OGG,HI,AWP,WE,Towers with Radar,97,58,9,3,167,0,141,23,18,182,97,199,32,21,349,34,0,34,383
07/17/2008,OGG,HI,AWP,WE,Towers with Radar,111,58,9,0,178,0,157,40,1,198,111,215,49,1,376,23,0,23,399
07/18/2008,OGG,HI,AWP,WE,Towers with Radar,101,46,4,0,151,0,155,24,8,187,101,201,28,8,338,18,0,18,356
07/19/2008,OGG,HI,AWP,WE,Towers with Radar,100,43,6,2,151,0,116,14,0,130,100,159,20,2,281,18,2,20,301
07/20/2008,OGG,HI,AWP,WE,Towers with Radar,97,66,5,0,168,0,120,17,0,137,97,186,22,0,305,18,0,18,323
07/21/2008,OGG,HI,AWP,WE,Towers with Radar,110,42,3,2,157,0,178,23,0,201,110,220,26,2,358,14,0,14,372
07/22/2008,OGG,HI,AWP,WE,Towers with Radar,108,49,3,0,160,0,178,17,0,195,108,227,20,0,355,20,0,20,375
07/23/2008,OGG,HI,AWP,WE,Towers with Radar,110,59,7,9,185,0,139,27,2,168,110,198,34,11,353,41,0,41,394
07/24/2008,OGG,HI,AWP,WE,Towers with Radar,116,53,6,4,179,0,201,26,1,228,116,254,32,5,407,22,0,22,429
07/25/2008,OGG,HI,AWP,WE,Towers with Radar,100,46,3,0,149,0,148,25,0,173,100,194,28,0,322,20,0,20,342
07/26/2008,OGG,HI,AWP,WE,Towers with Radar,94,54,2,8,158,0,136,16,0,152,94,190,18,8,310,24,0,24,334
07/27/2008,OGG,HI,AWP,WE,Towers with Radar,86,49,6,1,142,0,124,15,1,140,86,173,21,2,282,14,0,14,296
07/28/2008,OGG,HI,AWP,WE,Towers with Radar,102,58,5,0,165,0,167,29,3,199,102,225,34,3,364,38,0,38,402
07/29/2008,OGG,HI,AWP,WE,Towers with Radar,111,50,3,8,172,0,159,24,2,185,111,209,27,10,357,20,0,20,377
07/30/2008,OGG,HI,AWP,WE,Towers with Radar,115,62,1,0,178,0,166,28,0,194,115,228,29,0,372,20,0,20,392
07/31/2008,OGG,HI,AWP,WE,Towers with Radar,111,58,2,4,175,0,168,39,0,207,111,226,41,4,382,20,0,20,402
08/01/2008,OGG,HI,AWP,WE,Towers with Radar,116,55,8,2,181,0,179,22,2,203,116,234,30,4,384,12,0,12,396
08/02/2008,OGG,HI,AWP,WE,Towers with Radar,123,64,3,0,190,0,160,23,2,185,123,224,26,2,375,14,0,14,389
08/03/2008,OGG,HI,AWP,WE,Towers with Radar,102,59,6,8,175,0,98,9,0,107,102,157,15,8,282,24,0,24,306
08/04/2008,OGG,HI,AWP,WE,Towers with Radar,105,48,5,0,158,0,170,31,0,201,105,218,36,0,359,24,0,24,383
08/05/2008,OGG,HI,AWP,WE,Towers with Radar,103,55,6,2,166,0,175,36,3,214,103,230,42,5,380,12,0,12,392
08/06/2008,OGG,HI,AWP,WE,Towers with Radar,99,58,7,12,176,0,148,14,4,166,99,206,21,16,342,6,2,8,350
08/07/2008,OGG,HI,AWP,WE,Towers with Radar,110,57,8,10,185,0,161,17,3,181,110,218,25,13,366,26,4,30,396
08/08/2008,OGG,HI,AWP,WE,Towers with Radar,110,66,13,2,191,0,156,26,3,185,110,222,39,5,376,12,0,12,388
08/09/2008,OGG,HI,AWP,WE,Towers with Radar,111,51,12,0,174,0,125,31,1,157,111,176,43,1,331,12,0,12,343
08/10/2008,OGG,HI,AWP,WE,Towers with Radar,105,51,7,0,163,0,151,8,0,159,105,202,15,0,322,10,0,10,332
08/11/2008,OGG,HI,AWP,WE,Towers with Radar,103,48,7,2,160,0,150,27,2,179,103,198,34,4,339,10,0,10,349
08/12/2008,OGG,HI,AWP,WE,Towers with Radar,112,53,5,3,173,0,143,36,2,181,112,196,41,5,354,17,0,17,371
08/13/2008,OGG,HI,AWP,WE,Towers with Radar,101,54,3,6,164,0,153,29,1,183,101,207,32,7,347,23,0,23,370
08/14/2008,OGG,HI,AWP,WE,Towers with Radar,113,53,4,12,182,0,161,37,0,198,113,214,41,12,380,40,0,40,420
08/15/2008,OGG,HI,AWP,WE,Towers with Radar,119,59,7,5,190,0,157,43,2,202,119,216,50,7,392,28,0,28,420
08/16/2008,OGG,HI,AWP,WE,Towers with Radar,111,57,12,0,180,0,120,28,0,148,111,177,40,0,328,19,0,19,347
08/17/2008,OGG,HI,AWP,WE,Towers with Radar,112,47,12,0,171,0,125,8,0,133,112,172,20,0,304,10,0,10,314
08/18/2008,OGG,HI,AWP,WE,Towers with Radar,97,47,3,15,162,0,158,32,2,192,97,205,35,17,354,12,0,12,366
08/19/2008,OGG,HI,AWP,WE,Towers with Radar,93,50,12,20,175,0,156,14,4,174,93,206,26,24,349,26,4,30,379
08/20/2008,OGG,HI,AWP,WE,Towers with Radar,115,66,6,12,199,0,156,29,1,186,115,222,35,13,385,20,0,20,405
08/21/2008,OGG,HI,AWP,WE,Towers with Radar,97,52,7,10,166,0,154,20,5,179,97,206,27,15,345,18,2,20,365
08/22/2008,OGG,HI,AWP,WE,Towers with Radar,111,58,3,4,176,0,171,19,3,193,111,229,22,7,369,20,0,20,389
08/23/2008,OGG,HI,AWP,WE,Towers with Radar,110,56,5,0,171,0,121,30,5,156,110,177,35,5,327,30,0,30,357
08/24/2008,OGG,HI,AWP,WE,Towers with Radar,95,55,1,0,151,0,116,20,0,136,95,171,21,0,287,5,0,5,292
08/25/2008,OGG,HI,AWP,WE,Towers with Radar,107,61,13,0,181,0,127,24,0,151,107,188,37,0,332,12,0,12,344
08/26/2008,OGG,HI,AWP,WE,Towers with Radar,103,50,5,0,158,0,98,22,0,120,103,148,27,0,278,24,0,24,302
08/27/2008,OGG,HI,AWP,WE,Towers with Radar,91,54,6,5,156,0,118,24,4,146,91,172,30,9,302,20,0,20,322
08/28/2008,OGG,HI,AWP,WE,Towers with Radar,99,57,5,0,161,0,123,36,1,160,99,180,41,1,321,12,0,12,333
08/29/2008,OGG,HI,AWP,WE,Towers with Radar,105,54,5,4,168,0,140,24,3,167,105,194,29,7,335,4,0,4,339
08/30/2008,OGG,HI,AWP,WE,Towers with Radar,115,50,4,1,170,0,126,17,1,144,115,176,21,2,314,20,0,20,334
08/31/2008,OGG,HI,AWP,WE,Towers with Radar,115,55,3,0,173,0,89,10,2,101,115,144,13,2,274,6,0,6,280
09/01/2008,OGG,HI,AWP,WE,Towers with Radar,103,43,9,0,155,0,127,21,2,150,103,170,30,2,305,8,0,8,313
09/02/2008,OGG,HI,AWP,WE,Towers with Radar,94,49,7,6,156,0,131,18,0,149,94,180,25,6,305,15,0,15,320
09/03/2008,OGG,HI,AWP,WE,Towers with Radar,82,48,1,11,142,0,166,20,1,187,82,214,21,12,329,17,0,17,346
09/04/2008,OGG,HI,AWP,WE,Towers with Radar,91,41,1,6,139,0,121,34,0,155,91,162,35,6,294,20,4,24,318
09/05/2008,OGG,HI,AWP,WE,Towers with Radar,87,55,2,16,160,0,106,23,0,129,87,161,25,16,289,14,0,14,303
09/06/2008,OGG,HI,AWP,WE,Towers with Radar,101,53,0,0,154,0,93,12,0,105,101,146,12,0,259,17,0,17,276
09/07/2008,OGG,HI,AWP,WE,Towers with Radar,90,43,3,1,137,0,67,15,0,82,90,110,18,1,219,0,0,0,219
09/08/2008,OGG,HI,AWP,WE,Towers with Radar,86,37,3,2,128,0,108,17,0,125,86,145,20,2,253,4,0,4,257
09/09/2008,OGG,HI,AWP,WE,Towers with Radar,87,54,0,2,143,0,114,11,0,125,87,168,11,2,268,22,0,22,290
09/10/2008,OGG,HI,AWP,WE,Towers with Radar,86,44,2,0,132,0,131,23,5,159,86,175,25,5,291,12,0,12,303
09/11/2008,OGG,HI,AWP,WE,Towers with Radar,87,51,13,14,165,0,152,20,0,172,87,203,33,14,337,35,14,49,386
09/12/2008,OGG,HI,AWP,WE,Towers with Radar,98,51,5,4,158,0,146,32,2,180,98,197,37,6,338,9,0,9,347
09/13/2008,OGG,HI,AWP,WE,Towers with Radar,94,42,6,0,142,0,87,13,0,100,94,129,19,0,242,4,2,6,248
09/14/2008,OGG,HI,AWP,WE,Towers with Radar,84,49,1,4,138,0,88,7,0,95,84,137,8,4,233,8,4,12,245
09/15/2008,OGG,HI,AWP,WE,Towers with Radar,82,37,1,10,130,0,140,11,0,151,82,177,12,10,281,6,6,12,293
09/16/2008,OGG,HI,AWP,WE,Towers with Radar,83,42,6,9,140,0,147,36,0,183,83,189,42,9,323,18,0,18,341
09/17/2008,OGG,HI,AWP,WE,Towers with Radar,86,40,4,8,138,0,160,24,0,184,86,200,28,8,322,24,0,24,346
09/18/2008,OGG,HI,AWP,WE,Towers with Radar,93,39,2,19,153,0,145,17,1,163,93,184,19,20,316,16,18,34,350
09/19/2008,OGG,HI,AWP,WE,Towers with Radar,98,48,3,0,149,0,108,32,0,140,98,156,35,0,289,28,0,28,317
09/20/2008,OGG,HI,AWP,WE,Towers with Radar,96,50,5,0,151,0,95,34,0,129,96,145,39,0,280,22,0,22,302
09/21/2008,OGG,HI,AWP,WE,Towers with Radar,85,40,7,0,132,0,111,23,0,134,85,151,30,0,266,22,0,22,288
09/22/2008,OGG,HI,AWP,WE,Towers with Radar,94,42,4,12,152,0,131,22,0,153,94,173,26,12,305,6,12,18,323
09/23/2008,OGG,HI,AWP,WE,Towers with Radar,92,45,2,4,143,0,115,27,1,143,92,160,29,5,286,12,2,14,300
09/24/2008,OGG,HI,AWP,WE,Towers with Radar,79,39,3,12,133,0,100,12,0,112,79,139,15,12,245,22,0,22,267
09/25/2008,OGG,HI,AWP,WE,Towers with Radar,86,45,6,12,149,0,181,21,0,202,86,226,27,12,351,37,4,41,392
09/26/2008,OGG,HI,AWP,WE,Towers with Radar,88,46,0,8,142,0,134,34,1,169,88,180,34,9,311,20,2,22,333
09/27/2008,OGG,HI,AWP,WE,Towers with Radar,91,50,2,0,143,0,96,20,0,116,91,146,22,0,259,10,0,10,269
09/28/2008,OGG,HI,AWP,WE,Towers with Radar,87,45,2,0,134,0,93,13,1,107,87,138,15,1,241,4,0,4,245
09/29/2008,OGG,HI,AWP,WE,Towers with Radar,85,42,3,14,144,0,141,10,6,157,85,183,13,20,301,6,10,16,317
09/30/2008,OGG,HI,AWP,WE,Towers with Radar,89,48,1,6,144,0,118,8,0,126,89,166,9,6,270,4,2,6,276
10/01/2008,OGG,HI,AWP,WE,Towers with Radar,79,41,4,6,130,0,129,26,3,158,79,170,30,9,288,10,2,12,300
10/02/2008,OGG,HI,AWP,WE,Towers with Radar,88,37,3,6,134,0,124,29,2,155,88,161,32,8,289,20,0,20,309
10/03/2008,OGG,HI,AWP,WE,Towers with Radar,103,44,6,2,155,0,104,19,1,124,103,148,25,3,279,28,0,28,307
10/04/2008,OGG,HI,AWP,WE,Towers with Radar,94,38,5,1,138,0,92,9,0,101,94,130,14,1,239,6,0,6,245
10/05/2008,OGG,HI,AWP,WE,Towers with Radar,91,39,2,0,132,0,99,11,1,111,91,138,13,1,243,4,0,4,247
10/06/2008,OGG,HI,AWP,WE,Towers with Radar,89,40,1,14,144,0,110,14,4,128,89,150,15,18,272,10,0,10,282
10/07/2008,OGG,HI,AWP,WE,Towers with Radar,80,44,6,6,136,0,119,19,0,138,80,163,25,6,274,16,0,16,290
10/08/2008,OGG,HI,AWP,WE,Towers with Radar,83,45,4,12,144,0,136,24,1,161,83,181,28,13,305,36,8,44,349
10/09/2008,OGG,HI,AWP,WE,Towers with Radar,91,39,3,0,133,0,139,25,1,165,91,178,28,1,298,28,0,28,326
10/10/2008,OGG,HI,AWP,WE,Towers with Radar,99,47,4,0,150,0,132,21,0,153,99,179,25,0,303,38,0,38,341
10/11/2008,OGG,HI,AWP,WE,Towers with Radar,93,49,1,0,143,0,110,22,0,132,93,159,23,0,275,4,0,4,279
10/12/2008,OGG,HI,AWP,WE,Towers with Radar,92,38,5,1,136,0,121,26,1,148,92,159,31,2,284,20,0,20,304
10/13/2008,OGG,HI,AWP,WE,Towers with Radar,86,49,1,0,136,0,146,22,0,168,86,195,23,0,304,14,0,14,318
10/14/2008,OGG,HI,AWP,WE,Towers with Radar,86,40,1,4,131,0,127,13,1,141,86,167,14,5,272,16,0,16,288
10/15/2008,OGG,HI,AWP,WE,Towers with Radar,87,42,3,21,153,0,150,16,0,166,87,192,19,21,319,19,0,19,338
10/16/2008,OGG,HI,AWP,WE,Towers with Radar,89,55,0,0,144,0,136,25,0,161,89,191,25,0,305,15,0,15,320
10/17/2008,OGG,HI,AWP,WE,Towers with Radar,97,62,5,0,164,0,132,20,0,152,97,194,25,0,316,6,0,6,322
10/18/2008,OGG,HI,AWP,WE,Towers with Radar,100,43,3,0,146,0,82,9,0,91,100,125,12,0,237,8,0,8,245
10/19/2008,OGG,HI,AWP,WE,Towers with Radar,95,41,5,0,141,0,103,7,0,110,95,144,12,0,251,2,0,2,253
10/20/2008,OGG,HI,AWP,WE,Towers with Radar,86,43,3,1,133,0,135,22,4,161,86,178,25,5,294,15,4,19,313
10/21/2008,OGG,HI,AWP,WE,Towers with Radar,82,39,7,5,133,0,113,24,5,142,82,152,31,10,275,25,8,33,308
10/22/2008,OGG,HI,AWP,WE,Towers with Radar,92,34,4,11,141,0,125,24,21,170,92,159,28,32,311,42,0,42,353
10/23/2008,OGG,HI,AWP,WE,Towers with Radar,94,47,6,10,157,0,147,18,1,166,94,194,24,11,323,14,0,14,337
10/24/2008,OGG,HI,AWP,WE,Towers with Radar,95,47,4,0,146,0,128,17,0,145,95,175,21,0,291,22,0,22,313
10/25/2008,OGG,HI,AWP,WE,Towers with Radar,100,40,7,0,147,0,100,10,0,110,100,140,17,0,257,31,0,31,288
10/26/2008,OGG,HI,AWP,WE,Towers with Radar,89,43,1,0,133,0,71,13,0,84,89,114,14,0,217,10,0,10,227
10/27/2008,OGG,HI,AWP,WE,Towers with Radar,86,42,4,2,134,0,121,22,0,143,86,163,26,2,277,22,0,22,299
10/28/2008,OGG,HI,AWP,WE,Towers with Radar,92,35,5,4,136,0,104,21,0,125,92,139,26,4,261,29,0,29,290
10/29/2008,OGG,HI,AWP,WE,Towers with Radar,84,43,3,10,140,0,91,21,2,114,84,134,24,12,254,18,2,20,274
10/30/2008,OGG,HI,AWP,WE,Towers with Radar,82,51,8,2,143,0,83,16,0,99,82,134,24,2,242,18,0,18,260
10/31/2008,OGG,HI,AWP,WE,Towers with Radar,100,44,4,2,150,0,111,27,1,139,100,155,31,3,289,16,0,16,305
11/01/2008,OGG,HI,AWP,WE,Towers with Radar,95,48,3,1,147,0,63,5,0,68,95,111,8,1,215,2,0,2,217
11/02/2008,OGG,HI,AWP,WE,Towers with Radar,94,44,3,3,144,0,80,24,0,104,94,124,27,3,248,2,0,2,250
11/03/2008,OGG,HI,AWP,WE,Towers with Radar,89,37,7,0,133,0,126,13,3,142,89,163,20,3,275,6,0,6,281
11/04/2008,OGG,HI,AWP,WE,Towers with Radar,85,54,3,7,149,0,110,17,0,127,85,164,20,7,276,16,0,16,292
11/05/2008,OGG,HI,AWP,WE,Towers with Radar,86,44,7,20,157,0,122,24,0,146,86,166,31,20,303,8,0,8,311
11/06/2008,OGG,HI,AWP,WE,Towers with Radar,85,39,9,4,137,0,151,24,0,175,85,190,33,4,312,12,0,12,324
11/07/2008,OGG,HI,AWP,WE,Towers with Radar,102,43,3,6,154,0,105,26,5,136,102,148,29,11,290,11,0,11,301
11/08/2008,OGG,HI,AWP,WE,Towers with Radar,100,39,2,0,141,0,92,15,0,107,100,131,17,0,248,18,0,18,266
11/09/2008,OGG,HI,AWP,WE,Towers with Radar,100,42,6,0,148,0,103,19,0,122,100,145,25,0,270,4,1,5,275
11/10/2008,OGG,HI,AWP,WE,Towers with Radar,81,33,2,0,116,0,129,21,0,150,81,162,23,0,266,16,0,16,282
11/11/2008,OGG,HI,AWP,WE,Towers with Radar,92,48,3,0,143,0,128,23,0,151,92,176,26,0,294,25,0,25,319
11/12/2008,OGG,HI,AWP,WE,Towers with Radar,93,36,1,10,140,0,144,37,12,193,93,180,38,22,333,58,4,62,395
11/13/2008,OGG,HI,AWP,WE,Towers with Radar,102,56,6,5,169,0,136,43,7,186,102,192,49,12,355,33,0,33,388
11/14/2008,OGG,HI,AWP,WE,Towers with Radar,109,58,6,1,174,0,121,28,6,155,109,179,34,7,329,26,0,26,355
11/15/2008,OGG,HI,AWP,WE,Towers with Radar,97,54,3,6,160,0,122,15,1,138,97,176,18,7,298,6,2,8,306
11/16/2008,OGG,HI,AWP,WE,Towers with Radar,94,63,5,4,166,0,88,5,0,93,94,151,10,4,259,14,0,14,273
11/17/2008,OGG,HI,AWP,WE,Towers with Radar,86,43,3,0,132,0,97,17,0,114,86,140,20,0,246,18,0,18,264
11/18/2008,OGG,HI,AWP,WE,Towers with Radar,87,46,5,0,138,0,54,14,2,70,87,100,19,2,208,18,0,18,226
11/19/2008,OGG,HI,AWP,WE,Towers with Radar,96,49,2,1,148,0,151,32,1,184,96,200,34,2,332,14,0,14,346
11/20/2008,OGG,HI,AWP,WE,Towers with Radar,94,47,5,0,146,0,159,35,8,202,94,206,40,8,348,29,1,30,378
11/21/2008,OGG,HI,AWP,WE,Towers with Radar,100,49,4,6,159,0,111,15,2,128,100,160,19,8,287,43,0,43,330
11/22/2008,OGG,HI,AWP,WE,Towers with Radar,106,59,6,0,171,0,28,5,0,33,106,87,11,0,204,0,0,0,204
11/23/2008,OGG,HI,AWP,WE,Towers with Radar,101,48,8,0,157,0,68,11,0,79,101,116,19,0,236,6,0,6,242
11/24/2008,OGG,HI,AWP,WE,Towers with Radar,91,47,2,2,142,0,130,17,2,149,91,177,19,4,291,8,0,8,299
11/25/2008,OGG,HI,AWP,WE,Towers with Radar,161,42,7,6,216,0,121,16,2,139,161,163,23,8,355,9,2,11,366
11/26/2008,OGG,HI,AWP,WE,Towers with Radar,87,45,8,4,144,0,149,20,0,169,87,194,28,4,313,9,0,9,322
11/27/2008,OGG,HI,AWP,WE,Towers with Radar,90,42,1,0,133,0,107,12,0,119,90,149,13,0,252,4,0,4,256
11/28/2008,OGG,HI,AWP,WE,Towers with Radar,100,54,5,0,159,0,121,13,0,134,100,175,18,0,293,10,0,10,303
11/29/2008,OGG,HI,AWP,WE,Towers with Radar,116,62,8,0,186,0,81,21,0,102,116,143,29,0,288,6,0,6,294
11/30/2008,OGG,HI,AWP,WE,Towers with Radar,97,40,12,0,149,0,106,21,0,127,97,146,33,0,276,10,0,10,286
12/01/2008,OGG,HI,AWP,WE,Towers with Radar,96,40,2,16,154,0,107,15,0,122,96,147,17,16,276,12,0,12,288
12/02/2008,OGG,HI,AWP,WE,Towers with Radar,100,53,5,1,159,0,97,18,6,121,100,150,23,7,280,20,0,20,300
12/03/2008,OGG,HI,AWP,WE,Towers with Radar,96,38,1,5,140,0,107,12,1,120,96,145,13,6,260,3,8,11,271
12/04/2008,OGG,HI,AWP,WE,Towers with Radar,96,47,4,6,153,0,102,19,2,123,96,149,23,8,276,30,0,30,306
12/05/2008,OGG,HI,AWP,WE,Towers with Radar,98,50,1,7,156,0,91,29,0,120,98,141,30,7,276,18,0,18,294
12/06/2008,OGG,HI,AWP,WE,Towers with Radar,99,43,6,2,150,0,86,42,3,131,99,129,48,5,281,2,2,4,285
12/07/2008,OGG,HI,AWP,WE,Towers with Radar,99,44,7,5,155,0,81,11,2,94,99,125,18,7,249,4,0,4,253
12/08/2008,OGG,HI,AWP,WE,Towers with Radar,92,42,3,4,141,0,101,24,0,125,92,143,27,4,266,8,0,8,274
12/09/2008,OGG,HI,AWP,WE,Towers with Radar,87,47,3,15,152,0,86,26,6,118,87,133,29,21,270,24,0,24,294
12/10/2008,OGG,HI,AWP,WE,Towers with Radar,84,41,1,2,128,0,98,18,5,121,84,139,19,7,249,32,0,32,281
12/11/2008,OGG,HI,AWP,WE,Towers with Radar,90,67,5,2,164,0,9,0,0,9,90,76,5,2,173,0,0,0,173
12/12/2008,OGG,HI,AWP,WE,Towers with Radar,89,50,5,6,150,0,125,19,3,147,89,175,24,9,297,18,0,18,315
12/13/2008,OGG,HI,AWP,WE,Towers with Radar,97,58,2,4,161,0,88,21,0,109,97,146,23,4,270,18,0,18,288
12/14/2008,OGG,HI,AWP,WE,Towers with Radar,92,64,1,0,157,0,42,8,0,50,92,106,9,0,207,2,0,2,209
12/15/2008,OGG,HI,AWP,WE,Towers with Radar,85,50,3,12,150,0,83,33,0,116,85,133,36,12,266,15,0,15,281
12/16/2008,OGG,HI,AWP,WE,Towers with Radar,94,50,3,21,168,0,82,24,2,108,94,132,27,23,276,20,2,22,298
12/17/2008,OGG,HI,AWP,WE,Towers with Radar,79,53,2,15,149,0,83,14,0,97,79,136,16,15,246,4,0,4,250
12/18/2008,OGG,HI,AWP,WE,Towers with Radar,98,50,3,0,151,0,97,19,1,117,98,147,22,1,268,14,0,14,282
12/19/2008,OGG,HI,AWP,WE,Towers with Radar,97,49,16,8,170,0,107,22,2,131,97,156,38,10,301,20,4,24,325
12/20/2008,OGG,HI,AWP,WE,Towers with Radar,110,59,15,4,188,0,68,18,0,86,110,127,33,4,274,20,0,20,294
12/21/2008,OGG,HI,AWP,WE,Towers with Radar,98,41,6,2,147,0,94,14,0,108,98,135,20,2,255,12,2,14,269
12/22/2008,OGG,HI,AWP,WE,Towers with Radar,109,53,11,38,211,0,109,24,0,133,109,162,35,38,344,18,14,32,376
12/23/2008,OGG,HI,AWP,WE,Towers with Radar,108,46,14,37,205,0,155,25,1,181,108,201,39,38,386,12,24,36,422
12/24/2008,OGG,HI,AWP,WE,Towers with Radar,77,47,5,6,135,0,129,8,0,137,77,176,13,6,272,11,0,11,283
12/25/2008,OGG,HI,AWP,WE,Towers with Radar,92,53,2,0,147,0,81,5,0,86,92,134,7,0,233,0,0,0,233
12/26/2008,OGG,HI,AWP,WE,Towers with Radar,108,66,26,0,200,0,72,9,0,81,108,138,35,0,281,8,0,8,289
12/27/2008,OGG,HI,AWP,WE,Towers with Radar,100,46,25,0,171,0,180,14,0,194,100,226,39,0,365,8,0,8,373
12/28/2008,OGG,HI,AWP,WE,Towers with Radar,108,40,9,2,159,0,193,19,0,212,108,233,28,2,371,6,0,6,377
12/29/2008,OGG,HI,AWP,WE,Towers with Radar,109,50,12,16,187,0,184,25,0,209,109,234,37,16,396,13,3,16,412
12/30/2008,OGG,HI,AWP,WE,Towers with Radar,108,62,21,4,195,0,138,16,0,154,108,200,37,4,349,10,0,10,359
12/31/2008,OGG,HI,AWP,WE,Towers with Radar,97,49,10,1,157,0,164,16,1,181,97,213,26,2,338,12,1,13,351
01/01/2009,OGG,HI,AWP,WE,Towers with Radar,94,38,11,0,143,0,175,8,0,183,94,213,19,0,326,2,0,2,328
01/02/2009,OGG,HI,AWP,WE,Towers with Radar,102,50,26,0,178,0,140,10,0,150,102,190,36,0,328,4,0,4,332
01/03/2009,OGG,HI,AWP,WE,Towers with Radar,109,47,22,0,178,0,140,15,0,155,109,187,37,0,333,8,0,8,341
01/04/2009,OGG,HI,AWP,WE,Towers with Radar,115,51,19,0,185,0,129,9,0,138,115,180,28,0,323,4,0,4,327
01/05/2009,OGG,HI,AWP,WE,Towers with Radar,102,43,6,8,159,0,118,24,1,143,102,161,30,9,302,8,0,8,310
01/06/2009,OGG,HI,AWP,WE,Towers with Radar,107,39,5,0,151,0,121,27,6,154,107,160,32,6,305,10,0,10,315
01/07/2009,OGG,HI,AWP,WE,Towers with Radar,89,48,3,15,155,0,127,24,2,153,89,175,27,17,308,21,2,23,331
01/08/2009,OGG,HI,AWP,WE,Towers with Radar,97,48,6,9,160,0,117,27,3,147,97,165,33,12,307,14,8,22,329
01/09/2009,OGG,HI,AWP,WE,Towers with Radar,109,45,14,2,170,0,120,33,0,153,109,165,47,2,323,6,0,6,329
01/10/2009,OGG,HI,AWP,WE,Towers with Radar,102,53,14,1,170,0,96,23,1,120,102,149,37,2,290,18,0,18,308
01/11/2009,OGG,HI,AWP,WE,Towers with Radar,102,51,6,2,161,0,58,5,0,63,102,109,11,2,224,16,0,16,240
01/12/2009,OGG,HI,AWP,WE,Towers with Radar,100,48,10,6,164,0,102,21,0,123,100,150,31,6,287,26,2,28,315
01/13/2009,OGG,HI,AWP,WE,Towers with Radar,92,42,9,10,153,0,122,21,4,147,92,164,30,14,300,2,0,2,302
01/14/2009,OGG,HI,AWP,WE,Towers with Radar,94,48,11,31,184,0,136,30,0,166,94,184,41,31,350,20,1,21,371
01/15/2009,OGG,HI,AWP,WE,Towers with Radar,104,49,14,2,169,0,101,10,0,111,104,150,24,2,280,4,0,4,284
01/16/2009,OGG,HI,AWP,WE,Towers with Radar,103,77,5,1,186,0,26,0,1,27,103,103,5,2,213,10,0,10,223
01/17/2009,OGG,HI,AWP,WE,Towers with Radar,107,46,6,0,159,0,102,20,0,122,107,148,26,0,281,4,0,4,285
01/18/2009,OGG,HI,AWP,WE,Towers with Radar,100,47,6,0,153,0,116,11,0,127,100,163,17,0,280,6,0,6,286
01/19/2009,OGG,HI,AWP,WE,Towers with Radar,98,45,3,0,146,0,132,20,0,152,98,177,23,0,298,10,0,10,308
01/20/2009,OGG,HI,AWP,WE,Towers with Radar,99,50,17,1,167,0,115,31,0,146,99,165,48,1,313,56,0,56,369
01/21/2009,OGG,HI,AWP,WE,Towers with Radar,103,46,6,8,163,0,133,22,1,156,103,179,28,9,319,8,0,8,327
01/22/2009,OGG,HI,AWP,WE,Towers with Radar,96,42,6,6,150,0,118,25,4,147,96,160,31,10,297,38,0,38,335
01/23/2009,OGG,HI,AWP,WE,Towers with Radar,117,52,7,8,184,0,121,18,0,139,117,173,25,8,323,26,4,30,353
01/24/2009,OGG,HI,AWP,WE,Towers with Radar,115,47,3,1,166,0,93,18,0,111,115,140,21,1,277,20,0,20,297
01/25/2009,OGG,HI,AWP,WE,Towers with Radar,112,44,4,0,160,0,118,20,0,138,112,162,24,0,298,4,0,4,302
01/26/2009,OGG,HI,AWP,WE,Towers with Radar,105,40,7,10,162,0,116,23,1,140,105,156,30,11,302,6,14,20,322
01/27/2009,OGG,HI,AWP,WE,Towers with Radar,93,77,7,17,194,0,10,0,0,10,93,87,7,17,204,0,0,0,204
01/28/2009,OGG,HI,AWP,WE,Towers with Radar,94,72,5,0,171,0,38,7,0,45,94,110,12,0,216,0,0,0,216
01/29/2009,OGG,HI,AWP,WE,Towers with Radar,96,49,2,6,153,0,147,23,4,174,96,196,25,10,327,4,0,4,331
01/30/2009,OGG,HI,AWP,WE,Towers with Radar,108,50,2,2,162,0,169,27,0,196,108,219,29,2,358,26,2,28,386
01/31/2009,OGG,HI,AWP,WE,Towers with Radar,108,51,1,0,160,0,108,18,0,126,108,159,19,0,286,6,0,6,292
02/01/2009,OGG,HI,AWP,WE,Towers with Radar,110,41,5,0,156,0,82,11,2,95,110,123,16,2,251,6,0,6,257
02/02/2009,OGG,HI,AWP,WE,Towers with Radar,110,47,5,0,162,0,108,17,3,128,110,155,22,3,290,10,0,10,300
02/03/2009,OGG,HI,AWP,WE,Towers with Radar,111,53,5,8,177,0,39,5,2,46,111,92,10,10,223,24,1,25,248
02/04/2009,OGG,HI,AWP,WE,Towers with Radar,108,45,2,12,167,0,113,20,2,135,108,158,22,14,302,19,0,19,321
02/05/2009,OGG,HI,AWP,WE,Towers with Radar,108,48,2,0,158,0,131,23,0,154,108,179,25,0,312,16,0,16,328
02/06/2009,OGG,HI,AWP,WE,Towers with Radar,122,58,4,1,185,0,115,26,4,145,122,173,30,5,330,69,0,69,399
02/07/2009,OGG,HI,AWP,WE,Towers with Radar,111,52,5,0,168,0,76,23,2,101,111,128,28,2,269,21,0,21,290
02/08/2009,OGG,HI,AWP,WE,Towers with Radar,123,32,4,0,159,0,75,18,0,93,123,107,22,0,252,7,0,7,259
02/09/2009,OGG,HI,AWP,WE,Towers with Radar,112,39,3,8,162,0,97,18,1,116,112,136,21,9,278,8,0,8,286
02/10/2009,OGG,HI,AWP,WE,Towers with Radar,115,50,0,16,181,0,130,21,5,156,115,180,21,21,337,6,0,6,343
02/11/2009,OGG,HI,AWP,WE,Towers with Radar,110,46,2,1,159,0,137,25,5,167,110,183,27,6,326,40,0,40,366
02/12/2009,OGG,HI,AWP,WE,Towers with Radar,105,48,0,0,153,0,116,27,7,150,105,164,27,7,303,18,0,18,321
02/13/2009,OGG,HI,AWP,WE,Towers with Radar,122,45,5,10,182,0,106,21,7,134,122,151,26,17,316,34,0,34,350
02/14/2009,OGG,HI,AWP,WE,Towers with Radar,120,54,1,0,175,0,0,0,0,0,120,54,1,0,175,28,0,28,203
02/15/2009,OGG,HI,AWP,WE,Towers with Radar,116,48,0,0,164,0,108,6,0,114,116,156,6,0,278,18,0,18,296
02/16/2009,OGG,HI,AWP,WE,Towers with Radar,113,45,4,0,162,0,121,14,0,135,113,166,18,0,297,6,0,6,303
02/17/2009,OGG,HI,AWP,WE,Towers with Radar,110,44,10,6,170,0,115,37,2,154,110,159,47,8,324,10,0,10,334
02/18/2009,OGG,HI,AWP,WE,Towers with Radar,111,49,6,8,174,0,143,18,1,162,111,192,24,9,336,49,0,49,385
02/19/2009,OGG,HI,AWP,WE,Towers with Radar,104,56,2,8,170,0,117,21,1,139,104,173,23,9,309,15,8,23,332
02/20/2009,OGG,HI,AWP,WE,Towers with Radar,122,55,6,0,183,0,137,17,5,159,122,192,23,5,342,26,0,26,368
02/21/2009,OGG,HI,AWP,WE,Towers with Radar,124,51,6,2,183,0,118,62,2,182,124,169,68,4,365,22,4,26,391
02/22/2009,OGG,HI,AWP,WE,Towers with Radar,114,53,11,2,180,0,92,26,0,118,114,145,37,2,298,2,0,2,300
02/23/2009,OGG,HI,AWP,WE,Towers with Radar,104,41,3,6,154,0,135,25,6,166,104,176,28,12,320,35,8,43,363
02/24/2009,OGG,HI,AWP,WE,Towers with Radar,112,53,11,8,184,0,128,31,2,161,112,181,42,10,345,24,0,24,369
02/25/2009,OGG,HI,AWP,WE,Towers with Radar,106,49,8,13,176,0,122,15,2,139,106,171,23,15,315,34,0,34,349
02/26/2009,OGG,HI,AWP,WE,Towers with Radar,113,47,7,12,179,0,125,20,3,148,113,172,27,15,327,10,14,24,351
02/27/2009,OGG,HI,AWP,WE,Towers with Radar,110,50,7,12,179,0,113,14,0,127,110,163,21,12,306,4,0,4,310
02/28/2009,OGG,HI,AWP,WE,Towers with Radar,130,53,4,0,187,0,63,16,2,81,130,116,20,2,268,22,0,22,290
03/01/2009,OGG,HI,AWP,WE,Towers with Radar,115,56,1,0,172,0,78,3,0,81,115,134,4,0,253,6,0,6,259
03/02/2009,OGG,HI,AWP,WE,Towers with Radar,106,50,3,4,163,0,96,23,0,119,106,146,26,4,282,4,0,4,286
03/03/2009,OGG,HI,AWP,WE,Towers with Radar,102,53,9,10,174,0,102,15,1,118,102,155,24,11,292,8,0,8,300
03/04/2009,OGG,HI,AWP,WE,Towers with Radar,106,54,7,0,167,0,118,24,0,142,106,172,31,0,309,12,0,12,321
03/05/2009,OGG,HI,AWP,WE,Towers with Radar,110,62,5,0,177,0,103,36,1,140,110,165,41,1,317,28,0,28,345
03/06/2009,OGG,HI,AWP,WE,Towers with Radar,115,72,10,12,209,0,111,23,0,134,115,183,33,12,343,6,1,7,350
03/07/2009,OGG,HI,AWP,WE,Towers with Radar,115,68,6,9,198,0,71,15,2,88,115,139,21,11,286,26,0,26,312
03/08/2009,OGG,HI,AWP,WE,Towers with Radar,107,62,6,9,184,0,71,5,0,76,107,133,11,9,260,2,0,2,262
03/09/2009,OGG,HI,AWP,WE,Towers with Radar,103,56,0,8,167,0,92,17,0,109,103,148,17,8,276,32,0,32,308
03/10/2009,OGG,HI,AWP,WE,Towers with Radar,125,57,2,12,196,0,106,27,5,138,125,163,29,17,334,8,0,8,342
03/11/2009,OGG,HI,AWP,WE,Towers with Radar,106,49,6,8,169,0,133,20,3,156,106,182,26,11,325,37,2,39,364
03/12/2009,OGG,HI,AWP,WE,Towers with Radar,118,69,2,28,217,0,20,1,0,21,118,89,3,28,238,10,6,16,254
03/13/2009,OGG,HI,AWP,WE,Towers with Radar,116,57,7,8,188,0,113,34,0,147,116,170,41,8,335,18,6,24,359
03/14/2009,OGG,HI,AWP,WE,Towers with Radar,130,65,13,2,210,0,75,4,0,79,130,140,17,2,289,8,0,8,297
03/15/2009,OGG,HI,AWP,WE,Towers with Radar,105,67,5,2,179,0,31,7,0,38,105,98,12,2,217,12,0,12,229
03/16/2009,OGG,HI,AWP,WE,Towers with Radar,113,52,2,6,173,0,140,28,0,168,113,192,30,6,341,10,2,12,353
03/17/2009,OGG,HI,AWP,WE,Towers with Radar,116,71,10,4,201,0,123,17,2,142,116,194,27,6,343,59,0,59,402
03/18/2009,OGG,HI,AWP,WE,Towers with Radar,106,48,6,13,173,0,153,16,3,172,106,201,22,16,345,20,6,26,371
03/19/2009,OGG,HI,AWP,WE,Towers with Radar,117,68,3,9,197,0,78,8,1,87,117,146,11,10,284,29,0,29,313
03/20/2009,OGG,HI,AWP,WE,Towers with Radar,113,57,6,4,180,0,150,31,2,183,113,207,37,6,363,39,8,47,410
03/21/2009,OGG,HI,AWP,WE,Towers with Radar,122,54,3,8,187,0,107,23,0,130,122,161,26,8,317,24,0,24,341
03/22/2009,OGG,HI,AWP,WE,Towers with Radar,112,48,6,5,171,0,110,18,2,130,112,158,24,7,301,8,0,8,309
03/23/2009,OGG,HI,AWP,WE,Towers with Radar,114,45,6,17,182,0,145,32,18,195,114,190,38,35,377,22,2,24,401
03/24/2009,OGG,HI,AWP,WE,Towers with Radar,123,37,3,4,167,0,145,18,27,190,123,182,21,31,357,20,6,26,383
03/25/2009,OGG,HI,AWP,WE,Towers with Radar,121,50,5,13,189,0,160,29,0,189,121,210,34,13,378,8,0,8,386
03/26/2009,OGG,HI,AWP,WE,Towers with Radar,118,55,4,4,181,0,139,24,4,167,118,194,28,8,348,12,2,14,362
03/27/2009,OGG,HI,AWP,WE,Towers with Radar,125,54,5,1,185,0,137,25,0,162,125,191,30,1,347,10,0,10,357
03/28/2009,OGG,HI,AWP,WE,Towers with Radar,121,57,10,1,189,0,88,22,0,110,121,145,32,1,299,8,0,8,307
03/29/2009,OGG,HI,AWP,WE,Towers with Radar,112,57,4,0,173,0,86,23,0,109,112,143,27,0,282,9,0,9,291
03/30/2009,OGG,HI,AWP,WE,Towers with Radar,120,40,3,8,171,0,129,26,0,155,120,169,29,8,326,18,0,18,344
03/31/2009,OGG,HI,AWP,WE,Towers with Radar,111,54,4,0,169,0,88,16,1,105,111,142,20,1,274,24,0,24,298
04/01/2009,OGG,HI,AWP,WE,Towers with Radar,110,63,6,5,184,0,107,14,0,121,110,170,20,5,305,14,0,14,319
04/02/2009,OGG,HI,AWP,WE,Towers with Radar,110,54,8,3,175,0,89,13,0,102,110,143,21,3,277,14,0,14,291
04/03/2009,OGG,HI,AWP,WE,Towers with Radar,115,55,12,2,184,0,102,24,3,129,115,157,36,5,313,8,4,12,325
04/04/2009,OGG,HI,AWP,WE,Towers with Radar,123,55,13,3,194,0,77,14,0,91,123,132,27,3,285,20,0,20,305
04/05/2009,OGG,HI,AWP,WE,Towers with Radar,122,58,6,8,194,0,55,10,0,65,122,113,16,8,259,0,0,0,259
04/06/2009,OGG,HI,AWP,WE,Towers with Radar,107,43,3,8,161,0,138,11,0,149,107,181,14,8,310,23,4,27,337
04/07/2009,OGG,HI,AWP,WE,Towers with Radar,111,56,5,11,183,0,112,15,3,130,111,168,20,14,313,12,0,12,325
04/08/2009,OGG,HI,AWP,WE,Towers with Radar,104,56,5,10,175,0,136,38,0,174,104,192,43,10,349,13,0,13,362
04/09/2009,OGG,HI,AWP,WE,Towers with Radar,112,63,10,4,189,0,119,14,0,133,112,182,24,4,322,18,0,18,340
04/10/2009,OGG,HI,AWP,WE,Towers with Radar,114,66,10,4,194,0,108,24,0,132,114,174,34,4,326,8,2,10,336
04/11/2009,OGG,HI,AWP,WE,Towers with Radar,119,51,10,14,194,0,87,22,1,110,119,138,32,15,304,19,2,21,325
04/12/2009,OGG,HI,AWP,WE,Towers with Radar,111,63,5,0,179,0,86,6,0,92,111,149,11,0,271,4,0,4,275
04/13/2009,OGG,HI,AWP,WE,Towers with Radar,117,64,5,9,195,0,103,32,1,136,117,167,37,10,331,10,8,18,349
04/14/2009,OGG,HI,AWP,WE,Towers with Radar,115,51,6,21,193,0,135,17,1,153,115,186,23,22,346,14,6,20,366
04/15/2009,OGG,HI,AWP,WE,Towers with Radar,112,62,4,16,194,0,111,19,2,132,112,173,23,18,326,16,0,16,342
04/16/2009,OGG,HI,AWP,WE,Towers with Radar,114,57,3,12,186,0,105,15,1,121,114,162,18,13,307,32,0,32,339
04/17/2009,OGG,HI,AWP,WE,Towers with Radar,127,54,4,10,195,0,115,27,2,144,127,169,31,12,339,12,0,12,351
04/18/2009,OGG,HI,AWP,WE,Towers with Radar,129,54,10,8,201,0,78,18,1,97,129,132,28,9,298,4,6,10,308
04/19/2009,OGG,HI,AWP,WE,Towers with Radar,113,41,4,0,158,0,84,11,0,95,113,125,15,0,253,2,0,2,255
04/20/2009,OGG,HI,AWP,WE,Towers with Radar,110,64,1,12,187,0,97,18,2,117,110,161,19,14,304,8,0,8,312
04/21/2009,OGG,HI,AWP,WE,Towers with Radar,107,51,2,12,172,0,80,18,7,105,107,131,20,19,277,10,0,10,287
04/22/2009,OGG,HI,AWP,WE,Towers with Radar,107,49,2,18,176,0,141,19,17,177,107,190,21,35,353,36,2,38,391
04/23/2009,OGG,HI,AWP,WE,Towers with Radar,105,60,4,7,176,0,122,24,12,158,105,182,28,19,334,12,8,20,354
04/24/2009,OGG,HI,AWP,WE,Towers with Radar,119,65,1,15,200,0,57,17,3,77,119,122,18,18,277,12,4,16,293
04/25/2009,OGG,HI,AWP,WE,Towers with Radar,114,56,2,5,177,0,104,11,9,124,114,160,13,14,301,10,0,10,311
04/26/2009,OGG,HI,AWP,WE,Towers with Radar,109,51,3,2,165,0,118,30,1,149,109,169,33,3,314,10,4,14,328
04/27/2009,OGG,HI,AWP,WE,Towers with Radar,113,44,2,23,182,0,104,39,0,143,113,148,41,23,325,32,0,32,357
04/28/2009,OGG,HI,AWP,WE,Towers with Radar,116,50,0,6,172,0,106,28,0,134,116,156,28,6,306,19,6,25,331
04/29/2009,OGG,HI,AWP,WE,Towers with Radar,107,51,5,6,169,0,96,20,1,117,107,147,25,7,286,6,0,6,292
04/30/2009,OGG,HI,AWP,WE,Towers with Radar,112,60,4,12,188,0,101,22,2,125,112,161,26,14,313,39,0,39,352
05/01/2009,OGG,HI,AWP,WE,Towers with Radar,121,77,3,16,217,0,131,36,0,167,121,208,39,16,384,39,0,39,423
05/02/2009,OGG,HI,AWP,WE,Towers with Radar,116,64,2,15,197,0,68,32,2,102,116,132,34,17,299,0,22,22,321
05/03/2009,OGG,HI,AWP,WE,Towers with Radar,117,60,1,5,183,0,60,8,3,71,117,120,9,8,254,12,0,12,266
05/04/2009,OGG,HI,AWP,WE,Towers with Radar,99,53,2,19,173,0,108,26,0,134,99,161,28,19,307,23,2,25,332
05/05/2009,OGG,HI,AWP,WE,Towers with Radar,109,67,8,21,205,0,87,28,1,116,109,154,36,22,321,10,0,10,331
05/06/2009,OGG,HI,AWP,WE,Towers with Radar,106,59,4,21,190,0,116,22,0,138,106,175,26,21,328,2,0,2,330
05/07/2009,OGG,HI,AWP,WE,Towers with Radar,102,55,5,10,172,0,109,15,3,127,102,164,20,13,299,11,0,11,310
05/08/2009,OGG,HI,AWP,WE,Towers with Radar,114,83,0,7,204,0,107,21,0,128,114,190,21,7,332,4,0,4,336
05/09/2009,OGG,HI,AWP,WE,Towers with Radar,110,53,2,1,166,0,97,15,4,116,110,150,17,5,282,14,12,26,308
05/10/2009,OGG,HI,AWP,WE,Towers with Radar,118,58,3,0,179,0,87,16,1,104,118,145,19,1,283,13,0,13,296
05/11/2009,OGG,HI,AWP,WE,Towers with Radar,109,61,2,12,184,0,93,44,2,139,109,154,46,14,323,21,0,21,344
05/12/2009,OGG,HI,AWP,WE,Towers with Radar,115,54,2,14,185,0,131,19,10,160,115,185,21,24,345,13,2,15,360
05/13/2009,OGG,HI,AWP,WE,Towers with Radar,118,54,1,17,190,0,122,22,22,166,118,176,23,39,356,14,2,16,372
05/14/2009,OGG,HI,AWP,WE,Towers with Radar,99,56,0,10,165,0,125,36,18,179,99,181,36,28,344,10,16,26,370
05/15/2009,OGG,HI,AWP,WE,Towers with Radar,121,64,4,3,192,0,114,26,1,141,121,178,30,4,333,32,2,34,367
05/16/2009,OGG,HI,AWP,WE,Towers with Radar,115,71,2,0,188,0,83,21,0,104,115,154,23,0,292,8,0,8,300
05/17/2009,OGG,HI,AWP,WE,Towers with Radar,112,56,8,1,177,0,83,17,1,101,112,139,25,2,278,20,0,20,298
05/18/2009,OGG,HI,AWP,WE,Towers with Radar,106,63,4,8,181,0,99,8,4,111,106,162,12,12,292,13,0,13,305
05/19/2009,OGG,HI,AWP,WE,Towers with Radar,116,64,1,14,195,0,123,18,3,144,116,187,19,17,339,10,4,14,353
05/20/2009,OGG,HI,AWP,WE,Towers with Radar,111,52,4,9,176,0,126,21,1,148,111,178,25,10,324,21,10,31,355
05/21/2009,OGG,HI,AWP,WE,Towers with Radar,128,58,2,14,202,0,161,24,4,189,128,219,26,18,391,18,12,30,421
05/22/2009,OGG,HI,AWP,WE,Towers with Radar,109,64,7,4,184,0,132,43,3,178,109,196,50,7,362,30,12,42,404
05/23/2009,OGG,HI,AWP,WE,Towers with Radar,129,53,3,0,185,0,102,24,0,126,129,155,27,0,311,10,0,10,321
05/24/2009,OGG,HI,AWP,WE,Towers with Radar,114,63,3,0,180,0,122,16,3,141,114,185,19,3,321,12,0,12,333
05/25/2009,OGG,HI,AWP,WE,Towers with Radar,108,54,0,0,162,0,108,20,0,128,108,162,20,0,290,8,0,8,298
05/26/2009,OGG,HI,AWP,WE,Towers with Radar,113,56,5,4,178,0,108,23,0,131,113,164,28,4,309,8,17,25,334
05/27/2009,OGG,HI,AWP,WE,Towers with Radar,113,74,2,4,193,0,126,20,0,146,113,200,22,4,339,22,1,23,362
05/28/2009,OGG,HI,AWP,WE,Towers with Radar,117,78,4,5,204,0,90,17,3,110,117,168,21,8,314,6,10,16,330
05/29/2009,OGG,HI,AWP,WE,Towers with Radar,121,78,1,6,206,0,124,24,2,150,121,202,25,8,356,18,4,22,378
05/30/2009,OGG,HI,AWP,WE,Towers with Radar,133,59,0,4,196,0,141,41,1,183,133,200,41,5,379,12,0,12,391
05/31/2009,OGG,HI,AWP,WE,Towers with Radar,122,52,2,1,177,0,93,25,1,119,122,145,27,2,296,12,0,12,308
06/01/2009,OGG,HI,AWP,WE,Towers with Radar,110,50,2,8,170,0,147,37,3,187,110,197,39,11,357,14,2,16,373
06/02/2009,OGG,HI,AWP,WE,Towers with Radar,111,48,0,14,173,0,144,38,2,184,111,192,38,16,357,30,0,30,387
06/03/2009,OGG,HI,AWP,WE,Towers with Radar,99,56,4,5,164,0,133,27,0,160,99,189,31,5,324,26,0,26,350
06/04/2009,OGG,HI,AWP,WE,Towers with Radar,122,67,3,16,208,0,115,23,3,141,122,182,26,19,349,25,0,25,374
06/05/2009,OGG,HI,AWP,WE,Towers with Radar,122,65,3,2,192,0,114,26,0,140,122,179,29,2,332,12,0,12,344
06/06/2009,OGG,HI,AWP,WE,Towers with Radar,117,54,3,2,176,0,100,20,0,120,117,154,23,2,296,20,0,20,316
06/07/2009,OGG,HI,AWP,WE,Towers with Radar,123,60,8,7,198,0,104,16,1,121,123,164,24,8,319,8,0,8,327
06/08/2009,OGG,HI,AWP,WE,Towers with Radar,124,60,2,4,190,0,104,25,18,147,124,164,27,22,337,6,0,6,343
06/09/2009,OGG,HI,AWP,WE,Towers with Radar,112,71,2,6,191,0,131,18,12,161,112,202,20,18,352,6,0,6,358
06/10/2009,OGG,HI,AWP,WE,Towers with Radar,108,60,5,7,180,0,143,31,10,184,108,203,36,17,364,36,0,36,400
06/11/2009,OGG,HI,AWP,WE,Towers with Radar,120,63,1,12,196,0,143,22,6,171,120,206,23,18,367,46,2,48,415
06/12/2009,OGG,HI,AWP,WE,Towers with Radar,133,57,2,1,193,0,157,35,1,193,133,214,37,2,386,20,0,20,406
06/13/2009,OGG,HI,AWP,WE,Towers with Radar,112,48,6,0,166,0,119,16,2,137,112,167,22,2,303,6,0,6,309
06/14/2009,OGG,HI,AWP,WE,Towers with Radar,125,51,5,0,181,0,121,18,0,139,125,172,23,0,320,11,0,11,331
06/15/2009,OGG,HI,AWP,WE,Towers with Radar,126,51,1,15,193,0,174,23,0,197,126,225,24,15,390,24,4,28,418
06/16/2009,OGG,HI,AWP,WE,Towers with Radar,118,66,1,14,199,0,141,25,0,166,118,207,26,14,365,32,0,32,397
06/17/2009,OGG,HI,AWP,WE,Towers with Radar,113,67,6,13,199,0,143,32,0,175,113,210,38,13,374,16,9,25,399
06/18/2009,OGG,HI,AWP,WE,Towers with Radar,127,64,8,14,213,0,123,29,0,152,127,187,37,14,365,30,1,31,396
06/19/2009,OGG,HI,AWP,WE,Towers with Radar,127,53,6,4,190,0,156,31,0,187,127,209,37,4,377,20,2,22,399
06/20/2009,OGG,HI,AWP,WE,Towers with Radar,129,52,6,14,201,0,122,28,0,150,129,174,34,14,351,6,0,6,357
06/21/2009,OGG,HI,AWP,WE,Towers with Radar,121,57,3,0,181,0,115,10,0,125,121,172,13,0,306,6,0,6,312
06/22/2009,OGG,HI,AWP,WE,Towers with Radar,132,63,7,8,210,0,54,18,1,73,132,117,25,9,283,2,2,4,287
06/23/2009,OGG,HI,AWP,WE,Towers with Radar,130,67,4,3,204,0,147,15,1,163,130,214,19,4,367,10,0,10,377
06/24/2009,OGG,HI,AWP,WE,Towers with Radar,123,72,8,14,217,0,144,12,0,156,123,216,20,14,373,21,0,21,394
06/25/2009,OGG,HI,AWP,WE,Towers with Radar,131,50,5,26,212,0,153,20,3,176,131,203,25,29,388,18,0,18,406
06/26/2009,OGG,HI,AWP,WE,Towers with Radar,138,70,3,0,211,0,128,27,0,155,138,198,30,0,366,32,0,32,398
06/27/2009,OGG,HI,AWP,WE,Towers with Radar,132,69,2,0,203,0,99,35,0,134,132,168,37,0,337,50,0,50,387
06/28/2009,OGG,HI,AWP,WE,Towers with Radar,131,75,4,0,210,0,113,17,0,130,131,188,21,0,340,10,0,10,350
06/29/2009,OGG,HI,AWP,WE,Towers with Radar,125,75,5,10,215,0,95,14,2,111,125,170,19,12,326,35,0,35,361
06/30/2009,OGG,HI,AWP,WE,Towers with Radar,125,56,6,0,187,0,150,40,8,198,125,206,46,8,385,14,0,14,399
07/01/2009,OGG,HI,AWP,WE,Towers with Radar,118,64,5,10,197,0,166,35,0,201,118,230,40,10,398,16,0,16,414
07/02/2009,OGG,HI,AWP,WE,Towers with Radar,124,64,1,18,207,0,131,16,0,147,124,195,17,18,354,24,2,26,380
07/03/2009,OGG,HI,AWP,WE,Towers with Radar,128,63,23,1,215,0,119,25,0,144,128,182,48,1,359,14,0,14,373
07/04/2009,OGG,HI,AWP,WE,Towers with Radar,135,57,5,0,197,0,106,21,0,127,135,163,26,0,324,8,0,8,332
07/05/2009,OGG,HI,AWP,WE,Towers with Radar,134,55,5,0,194,0,128,14,0,142,134,183,19,0,336,2,0,2,338
07/06/2009,OGG,HI,AWP,WE,Towers with Radar,125,47,3,8,183,0,153,34,1,188,125,200,37,9,371,8,0,8,379
07/07/2009,OGG,HI,AWP,WE,Towers with Radar,129,54,7,17,207,0,120,16,0,136,129,174,23,17,343,15,28,43,386
07/08/2009,OGG,HI,AWP,WE,Towers with Radar,119,56,7,18,200,0,118,13,0,131,119,174,20,18,331,21,0,21,352
07/09/2009,OGG,HI,AWP,WE,Towers with Radar,120,47,2,17,186,0,120,27,0,147,120,167,29,17,333,26,17,43,376
07/10/2009,OGG,HI,AWP,WE,Towers with Radar,137,60,7,34,238,0,100,25,1,126,137,160,32,35,364,18,8,26,390
07/11/2009,OGG,HI,AWP,WE,Towers with Radar,129,56,2,4,191,0,83,11,0,94,129,139,13,4,285,6,0,6,291
07/12/2009,OGG,HI,AWP,WE,Towers with Radar,132,58,3,2,195,0,92,15,0,107,132,150,18,2,302,20,0,20,322
07/13/2009,OGG,HI,AWP,WE,Towers with Radar,119,47,8,16,190,0,105,24,0,129,119,152,32,16,319,12,12,24,343
07/14/2009,OGG,HI,AWP,WE,Towers with Radar,123,57,7,14,201,0,120,21,2,143,123,177,28,16,344,14,0,14,358
07/15/2009,OGG,HI,AWP,WE,Towers with Radar,130,53,3,0,186,0,129,24,2,155,130,182,27,2,341,23,0,23,364
07/16/2009,OGG,HI,AWP,WE,Towers with Radar,129,51,7,5,192,0,156,25,2,183,129,207,32,7,375,28,2,30,405
07/17/2009,OGG,HI,AWP,WE,Towers with Radar,132,58,2,16,208,0,149,23,0,172,132,207,25,16,380,16,6,22,402
07/18/2009,OGG,HI,AWP,WE,Towers with Radar,129,60,3,4,196,0,105,12,2,119,129,165,15,6,315,30,4,34,349
07/19/2009,OGG,HI,AWP,WE,Towers with Radar,133,52,3,0,188,0,128,17,1,146,133,180,20,1,334,10,0,10,344
07/20/2009,OGG,HI,AWP,WE,Towers with Radar,125,45,5,0,175,0,135,26,1,162,125,180,31,1,337,36,0,36,373
07/21/2009,OGG,HI,AWP,WE,Towers with Radar,122,53,2,11,188,0,159,23,16,198,122,212,25,27,386,14,7,21,407
07/22/2009,OGG,HI,AWP,WE,Towers with Radar,130,67,3,13,213,0,32,10,4,46,130,99,13,17,259,13,0,13,272
07/23/2009,OGG,HI,AWP,WE,Towers with Radar,128,54,3,4,189,0,156,20,8,184,128,210,23,12,373,48,0,48,421
07/24/2009,OGG,HI,AWP,WE,Towers with Radar,137,59,1,15,212,0,186,28,4,218,137,245,29,19,430,16,0,16,446
07/25/2009,OGG,HI,AWP,WE,Towers with Radar,137,54,4,5,200,0,127,19,1,147,137,181,23,6,347,24,10,34,381
07/26/2009,OGG,HI,AWP,WE,Towers with Radar,128,58,3,1,190,0,123,12,1,136,128,181,15,2,326,13,12,25,351
07/27/2009,OGG,HI,AWP,WE,Towers with Radar,125,54,6,15,200,0,148,24,0,172,125,202,30,15,372,11,0,11,383
07/28/2009,OGG,HI,AWP,WE,Towers with Radar,112,56,12,12,192,0,139,17,2,158,112,195,29,14,350,20,0,20,370
07/29/2009,OGG,HI,AWP,WE,Towers with Radar,124,47,7,10,188,0,148,12,2,162,124,195,19,12,350,30,0,30,380
07/30/2009,OGG,HI,AWP,WE,Towers with Radar,118,54,5,4,181,0,148,17,0,165,118,202,22,4,346,29,8,37,383
07/31/2009,OGG,HI,AWP,WE,Towers with Radar,140,53,5,6,204,0,107,27,0,134,140,160,32,6,338,10,0,10,348
08/01/2009,OGG,HI,AWP,WE,Towers with Radar,120,69,12,9,210,0,117,18,1,136,120,186,30,10,346,12,2,14,360
08/02/2009,OGG,HI,AWP,WE,Towers with Radar,115,53,3,2,173,0,100,20,0,120,115,153,23,2,293,4,2,6,299
08/03/2009,OGG,HI,AWP,WE,Towers with Radar,124,51,5,18,198,0,146,11,1,158,124,197,16,19,356,12,11,23,379
08/04/2009,OGG,HI,AWP,WE,Towers with Radar,112,48,2,15,177,0,119,11,1,131,112,167,13,16,308,25,0,25,333
08/05/2009,OGG,HI,AWP,WE,Towers with Radar,119,60,6,10,195,0,173,22,0,195,119,233,28,10,390,28,5,33,423
08/06/2009,OGG,HI,AWP,WE,Towers with Radar,121,65,3,16,205,0,149,20,0,169,121,214,23,16,374,24,0,24,398
08/07/2009,OGG,HI,AWP,WE,Towers with Radar,131,57,6,9,203,0,173,19,1,193,131,230,25,10,396,18,6,24,420
08/08/2009,OGG,HI,AWP,WE,Towers with Radar,126,50,4,18,198,0,133,12,2,147,126,183,16,20,345,8,0,8,353
08/09/2009,OGG,HI,AWP,WE,Towers with Radar,125,54,5,12,196,0,131,17,0,148,125,185,22,12,344,16,1,17,361
08/10/2009,OGG,HI,AWP,WE,Towers with Radar,128,65,4,16,213,0,25,7,0,32,128,90,11,16,245,4,0,4,249
08/11/2009,OGG,HI,AWP,WE,Towers with Radar,113,62,5,16,196,0,3,0,0,3,113,65,5,16,199,0,0,0,199
08/12/2009,OGG,HI,AWP,WE,Towers with Radar,119,65,4,2,190,0,68,3,1,72,119,133,7,3,262,8,0,8,270
08/13/2009,OGG,HI,AWP,WE,Towers with Radar,115,60,6,10,191,0,153,23,5,181,115,213,29,15,372,16,0,16,388
08/14/2009,OGG,HI,AWP,WE,Towers with Radar,131,62,8,4,205,0,170,32,3,205,131,232,40,7,410,12,0,12,422
08/15/2009,OGG,HI,AWP,WE,Towers with Radar,136,66,7,0,209,0,121,22,0,143,136,187,29,0,352,6,0,6,358
08/16/2009,OGG,HI,AWP,WE,Towers with Radar,123,54,8,3,188,0,108,16,0,124,123,162,24,3,312,8,0,8,320
08/17/2009,OGG,HI,AWP,WE,Towers with Radar,121,49,7,8,185,0,127,20,0,147,121,176,27,8,332,24,4,28,360
08/18/2009,OGG,HI,AWP,WE,Towers with Radar,118,63,7,32,220,0,109,29,0,138,118,172,36,32,358,6,2,8,366
08/19/2009,OGG,HI,AWP,WE,Towers with Radar,111,50,6,26,193,0,113,21,1,135,111,163,27,27,328,19,0,19,347
08/20/2009,OGG,HI,AWP,WE,Towers with Radar,134,47,0,9,190,0,101,18,2,121,134,148,18,11,311,14,4,18,329
08/21/2009,OGG,HI,AWP,WE,Towers with Radar,121,59,9,10,199,0,106,21,7,134,121,165,30,17,333,12,16,28,361
08/22/2009,OGG,HI,AWP,WE,Towers with Radar,124,43,2,4,173,0,84,19,5,108,124,127,21,9,281,14,0,14,295
08/23/2009,OGG,HI,AWP,WE,Towers with Radar,118,43,8,2,171,0,87,5,0,92,118,130,13,2,263,10,0,10,273
08/24/2009,OGG,HI,AWP,WE,Towers with Radar,116,35,8,6,165,0,123,12,1,136,116,158,20,7,301,8,3,11,312
08/25/2009,OGG,HI,AWP,WE,Towers with Radar,126,42,8,12,188,0,136,20,6,162,126,178,28,18,350,16,5,21,371
08/26/2009,OGG,HI,AWP,WE,Towers with Radar,108,48,5,17,178,0,129,17,0,146,108,177,22,17,324,21,10,31,355
08/27/2009,OGG,HI,AWP,WE,Towers with Radar,116,45,10,4,175,0,115,19,1,135,116,160,29,5,310,26,13,39,349
08/28/2009,OGG,HI,AWP,WE,Towers with Radar,125,39,4,0,168,0,112,15,2,129,125,151,19,2,297,4,0,4,301
08/29/2009,OGG,HI,AWP,WE,Towers with Radar,125,40,6,3,174,0,88,23,0,111,125,128,29,3,285,4,0,4,289
08/30/2009,OGG,HI,AWP,WE,Towers with Radar,119,36,5,0,160,0,102,20,0,122,119,138,25,0,282,10,0,10,292
08/31/2009,OGG,HI,AWP,WE,Towers with Radar,118,41,6,0,165,0,105,19,0,124,118,146,25,0,289,34,0,34,323
09/01/2009,OGG,HI,AWP,WE,Towers with Radar,114,38,6,45,203,0,93,12,8,113,114,131,18,53,316,45,15,60,376
09/02/2009,OGG,HI,AWP,WE,Towers with Radar,112,37,3,16,168,0,113,17,1,131,112,150,20,17,299,30,6,36,335
09/03/2009,OGG,HI,AWP,WE,Towers with Radar,116,43,6,6,171,0,106,16,1,123,116,149,22,7,294,27,8,35,329
09/04/2009,OGG,HI,AWP,WE,Towers with Radar,129,44,3,0,176,0,94,24,2,120,129,138,27,2,296,2,0,2,298
09/05/2009,OGG,HI,AWP,WE,Towers with Radar,122,44,3,0,169,0,85,22,0,107,122,129,25,0,276,2,0,2,278
09/06/2009,OGG,HI,AWP,WE,Towers with Radar,106,39,1,0,146,0,31,12,0,43,106,70,13,0,189,10,0,10,199
09/07/2009,OGG,HI,AWP,WE,Towers with Radar,108,35,3,0,146,0,111,20,0,131,108,146,23,0,277,6,0,6,283
09/08/2009,OGG,HI,AWP,WE,Towers with Radar,108,25,4,4,141,0,122,20,4,146,108,147,24,8,287,20,0,20,307
09/09/2009,OGG,HI,AWP,WE,Towers with Radar,107,38,2,30,177,0,117,14,7,138,107,155,16,37,315,41,6,47,362
09/10/2009,OGG,HI,AWP,WE,Towers with Radar,113,50,2,34,199,0,109,22,11,142,113,159,24,45,341,27,3,30,371
09/11/2009,OGG,HI,AWP,WE,Towers with Radar,120,41,2,6,169,0,109,16,0,125,120,150,18,6,294,28,0,28,322
09/12/2009,OGG,HI,AWP,WE,Towers with Radar,134,39,2,15,190,0,95,27,1,123,134,134,29,16,313,20,6,26,339
09/13/2009,OGG,HI,AWP,WE,Towers with Radar,107,48,2,2,159,0,71,18,0,89,107,119,20,2,248,4,0,4,252
09/14/2009,OGG,HI,AWP,WE,Towers with Radar,113,37,3,12,165,0,118,24,3,145,113,155,27,15,310,18,0,18,328
09/15/2009,OGG,HI,AWP,WE,Towers with Radar,101,36,7,1,145,0,117,34,1,152,101,153,41,2,297,24,8,32,329
09/16/2009,OGG,HI,AWP,WE,Towers with Radar,96,51,2,25,174,0,137,32,1,170,96,188,34,26,344,29,0,29,373
09/17/2009,OGG,HI,AWP,WE,Towers with Radar,108,36,3,2,149,0,118,18,0,136,108,154,21,2,285,31,0,31,316
09/18/2009,OGG,HI,AWP,WE,Towers with Radar,114,39,7,4,164,0,114,17,0,131,114,153,24,4,295,40,0,40,335
09/19/2009,OGG,HI,AWP,WE,Towers with Radar,105,46,3,0,154,0,70,24,0,94,105,116,27,0,248,6,0,6,254
09/20/2009,OGG,HI,AWP,WE,Towers with Radar,104,39,2,0,145,0,92,11,0,103,104,131,13,0,248,2,0,2,250
09/21/2009,OGG,HI,AWP,WE,Towers with Radar,108,32,3,12,155,0,113,20,0,133,108,145,23,12,288,16,0,16,304
09/22/2009,OGG,HI,AWP,WE,Towers with Radar,94,37,3,10,144,0,116,31,2,149,94,153,34,12,293,12,4,16,309
09/23/2009,OGG,HI,AWP,WE,Towers with Radar,109,36,5,4,154,0,127,14,0,141,109,163,19,4,295,50,0,50,345
09/24/2009,OGG,HI,AWP,WE,Towers with Radar,103,40,4,6,153,0,110,15,0,125,103,150,19,6,278,17,0,17,295
09/25/2009,OGG,HI,AWP,WE,Towers with Radar,114,55,2,0,171,0,113,21,0,134,114,168,23,0,305,26,0,26,331
09/26/2009,OGG,HI,AWP,WE,Towers with Radar,121,38,1,4,164,0,72,25,0,97,121,110,26,4,261,10,0,10,271
09/27/2009,OGG,HI,AWP,WE,Towers with Radar,106,50,1,2,159,0,85,24,0,109,106,135,25,2,268,2,4,6,274
09/28/2009,OGG,HI,AWP,WE,Towers with Radar,107,39,1,4,151,0,103,18,3,124,107,142,19,7,275,6,1,7,282
09/29/2009,OGG,HI,AWP,WE,Towers with Radar,95,36,1,0,132,0,126,17,2,145,95,162,18,2,277,6,0,6,283
09/30/2009,OGG,HI,AWP,WE,Towers with Radar,111,37,1,2,151,0,131,11,2,144,111,168,12,4,295,10,0,10,305
10/01/2009,OGG,HI,AWP,WE,Towers with Radar,110,44,7,32,193,0,78,10,0,88,110,122,17,32,281,40,0,40,321
10/02/2009,OGG,HI,AWP,WE,Towers with Radar,112,57,1,0,170,0,109,21,0,130,112,166,22,0,300,6,0,6,306
10/03/2009,OGG,HI,AWP,WE,Towers with Radar,115,49,4,16,184,0,88,13,0,101,115,137,17,16,285,6,0,6,291
10/04/2009,OGG,HI,AWP,WE,Towers with Radar,105,54,2,4,165,0,73,15,0,88,105,127,17,4,253,0,0,0,253
10/05/2009,OGG,HI,AWP,WE,Towers with Radar,109,37,3,4,153,0,123,19,3,145,109,160,22,7,298,8,0,8,306
10/06/2009,OGG,HI,AWP,WE,Towers with Radar,102,44,3,22,171,0,128,25,1,154,102,172,28,23,325,4,0,4,329
10/07/2009,OGG,HI,AWP,WE,Towers with Radar,112,50,2,7,171,0,116,24,0,140,112,166,26,7,311,18,0,18,329
10/08/2009,OGG,HI,AWP,WE,Towers with Radar,109,44,2,7,162,0,117,17,1,135,109,161,19,8,297,30,0,30,327
10/09/2009,OGG,HI,AWP,WE,Towers with Radar,120,49,4,2,175,0,147,29,0,176,120,196,33,2,351,24,0,24,375
10/10/2009,OGG,HI,AWP,WE,Towers with Radar,116,51,5,0,172,0,92,20,1,113,116,143,25,1,285,0,0,0,285
10/11/2009,OGG,HI,AWP,WE,Towers with Radar,104,39,5,0,148,0,63,5,0,68,104,102,10,0,216,0,0,0,216
10/12/2009,OGG,HI,AWP,WE,Towers with Radar,104,40,4,5,153,0,121,13,0,134,104,161,17,5,287,2,0,2,289
10/13/2009,OGG,HI,AWP,WE,Towers with Radar,104,37,6,2,149,0,135,31,2,168,104,172,37,4,317,8,6,14,331
10/14/2009,OGG,HI,AWP,WE,Towers with Radar,118,41,1,14,174,128,12,1,0,141,246,53,2,14,315,32,26,58,373
10/15/2009,OGG,HI,AWP,WE,Towers with Radar,97,35,8,22,162,0,123,20,1,144,97,158,28,23,306,8,0,8,314
10/16/2009,OGG,HI,AWP,WE,Towers with Radar,110,53,8,10,181,0,106,33,0,139,110,159,41,10,320,8,0,8,328
10/17/2009,OGG,HI,AWP,WE,Towers with Radar,98,53,9,7,167,0,105,29,1,135,98,158,38,8,302,19,0,19,321
10/18/2009,OGG,HI,AWP,WE,Towers with Radar,100,39,7,0,146,0,115,21,0,136,100,154,28,0,282,14,0,14,296
10/19/2009,OGG,HI,AWP,WE,Towers with Radar,100,44,4,5,153,0,108,21,1,130,100,152,25,6,283,4,19,23,306
10/20/2009,OGG,HI,AWP,WE,Towers with Radar,100,42,4,8,154,0,99,13,1,113,100,141,17,9,267,4,0,4,271
10/21/2009,OGG,HI,AWP,WE,Towers with Radar,99,32,4,8,143,0,102,8,5,115,99,134,12,13,258,40,14,54,312
10/22/2009,OGG,HI,AWP,WE,Towers with Radar,98,38,5,2,143,0,132,22,6,160,98,170,27,8,303,16,0,16,319
10/23/2009,OGG,HI,AWP,WE,Towers with Radar,105,48,3,0,156,0,124,20,4,148,105,172,23,4,304,18,1,19,323
10/24/2009,OGG,HI,AWP,WE,Towers with Radar,103,51,6,5,165,0,99,22,3,124,103,150,28,8,289,2,0,2,291
10/25/2009,OGG,HI,AWP,WE,Towers with Radar,92,50,9,14,165,0,76,9,1,86,92,126,18,15,251,4,0,4,255
10/26/2009,OGG,HI,AWP,WE,Towers with Radar,91,34,3,18,146,0,107,24,1,132,91,141,27,19,278,1,14,15,293
10/27/2009,OGG,HI,AWP,WE,Towers with Radar,90,43,5,6,144,0,81,18,3,102,90,124,23,9,246,7,0,7,253
10/28/2009,OGG,HI,AWP,WE,Towers with Radar,95,44,6,14,159,0,117,18,1,136,95,161,24,15,295,37,2,39,334
10/29/2009,OGG,HI,AWP,WE,Towers with Radar,96,54,6,2,158,0,89,18,0,107,96,143,24,2,265,12,0,12,277
10/30/2009,OGG,HI,AWP,WE,Towers with Radar,95,52,1,20,168,0,76,34,1,111,95,128,35,21,279,20,1,21,300
10/31/2009,OGG,HI,AWP,WE,Towers with Radar,97,53,3,0,153,0,63,21,0,84,97,116,24,0,237,2,0,2,239
11/01/2009,OGG,HI,AWP,WE,Towers with Radar,97,30,7,0,134,0,68,8,0,76,97,98,15,0,210,8,0,8,218
11/02/2009,OGG,HI,AWP,WE,Towers with Radar,96,33,4,9,142,0,100,25,1,126,96,133,29,10,268,26,0,26,294
11/03/2009,OGG,HI,AWP,WE,Towers with Radar,98,53,7,12,170,0,109,21,0,130,98,162,28,12,300,12,18,30,330
11/04/2009,OGG,HI,AWP,WE,Towers with Radar,89,35,2,29,155,0,108,17,1,126,89,143,19,30,281,8,18,26,307
11/05/2009,OGG,HI,AWP,WE,Towers with Radar,94,41,5,15,155,0,96,28,0,124,94,137,33,15,279,36,6,42,321
11/06/2009,OGG,HI,AWP,WE,Towers with Radar,98,52,4,9,163,0,96,31,0,127,98,148,35,9,290,38,2,40,330
11/07/2009,OGG,HI,AWP,WE,Towers with Radar,103,54,5,8,170,0,69,12,1,82,103,123,17,9,252,26,0,26,278
11/08/2009,OGG,HI,AWP,WE,Towers with Radar,100,43,2,3,148,0,72,26,0,98,100,115,28,3,246,10,0,10,256
11/09/2009,OGG,HI,AWP,WE,Towers with Radar,94,44,1,17,156,0,83,26,1,110,94,127,27,18,266,10,6,16,282
11/10/2009,OGG,HI,AWP,WE,Towers with Radar,89,45,8,9,151,0,127,19,0,146,89,172,27,9,297,8,0,8,305
11/11/2009,OGG,HI,AWP,WE,Towers with Radar,91,43,4,0,138,0,95,16,2,113,91,138,20,2,251,22,6,28,279
11/12/2009,OGG,HI,AWP,WE,Towers with Radar,91,51,3,2,147,0,77,20,0,97,91,128,23,2,244,21,0,21,265
11/13/2009,OGG,HI,AWP,WE,Towers with Radar,97,54,10,8,169,0,115,25,0,140,97,169,35,8,309,10,16,26,335
11/14/2009,OGG,HI,AWP,WE,Towers with Radar,104,47,1,0,152,0,83,26,0,109,104,130,27,0,261,6,0,6,267
11/15/2009,OGG,HI,AWP,WE,Towers with Radar,96,42,2,0,140,0,82,11,0,93,96,124,13,0,233,0,0,0,233
11/16/2009,OGG,HI,AWP,WE,Towers with Radar,93,47,3,4,147,0,97,15,1,113,93,144,18,5,260,15,0,15,275
11/17/2009,OGG,HI,AWP,WE,Towers with Radar,87,39,4,9,139,0,97,9,4,110,87,136,13,13,249,4,2,6,255
11/18/2009,OGG,HI,AWP,WE,Towers with Radar,84,39,5,26,154,0,93,15,0,108,84,132,20,26,262,20,0,20,282
11/19/2009,OGG,HI,AWP,WE,Towers with Radar,92,32,5,12,141,0,100,21,0,121,92,132,26,12,262,0,0,0,262
11/20/2009,OGG,HI,AWP,WE,Towers with Radar,100,44,7,9,160,0,103,19,0,122,100,147,26,9,282,14,0,14,296
11/21/2009,OGG,HI,AWP,WE,Towers with Radar,117,40,9,0,166,0,84,15,3,102,117,124,24,3,268,0,1,1,269
11/22/2009,OGG,HI,AWP,WE,Towers with Radar,102,38,6,1,147,0,77,17,1,95,102,115,23,2,242,0,0,0,242
11/23/2009,OGG,HI,AWP,WE,Towers with Radar,96,40,3,9,148,0,108,35,2,145,96,148,38,11,293,16,0,16,309
11/24/2009,OGG,HI,AWP,WE,Towers with Radar,96,37,14,2,149,0,128,27,0,155,96,165,41,2,304,38,0,38,342
11/25/2009,OGG,HI,AWP,WE,Towers with Radar,91,51,6,3,151,0,105,26,0,131,91,156,32,3,282,29,0,29,311
11/26/2009,OGG,HI,AWP,WE,Towers with Radar,93,48,2,0,143,0,80,10,0,90,93,128,12,0,233,10,0,10,243
11/27/2009,OGG,HI,AWP,WE,Towers with Radar,102,50,3,2,157,0,98,20,0,118,102,148,23,2,275,20,4,24,299
11/28/2009,OGG,HI,AWP,WE,Towers with Radar,117,51,14,0,182,0,102,27,1,130,117,153,41,1,312,2,0,2,314
11/29/2009,OGG,HI,AWP,WE,Towers with Radar,99,51,15,0,165,0,67,12,1,80,99,118,27,1,245,4,0,4,249
11/30/2009,OGG,HI,AWP,WE,Towers with Radar,102,45,3,2,152,0,117,11,0,128,102,162,14,2,280,8,0,8,288
12/01/2009,OGG,HI,AWP,WE,Towers with Radar,87,26,9,7,129,0,87,22,5,114,87,113,31,12,243,28,0,28,271
12/02/2009,OGG,HI,AWP,WE,Towers with Radar,87,41,5,3,136,0,89,25,1,115,87,130,30,4,251,20,0,20,271
12/03/2009,OGG,HI,AWP,WE,Towers with Radar,90,45,6,2,143,0,71,7,0,78,90,116,13,2,221,26,0,26,247
12/04/2009,OGG,HI,AWP,WE,Towers with Radar,103,49,3,4,159,0,64,21,0,85,103,113,24,4,244,18,0,18,262
12/05/2009,OGG,HI,AWP,WE,Towers with Radar,111,40,5,6,162,0,79,28,1,108,111,119,33,7,270,12,0,12,282
12/06/2009,OGG,HI,AWP,WE,Towers with Radar,95,51,5,6,157,0,52,12,1,65,95,103,17,7,222,0,0,0,222
12/07/2009,OGG,HI,AWP,WE,Towers with Radar,93,37,3,5,138,0,90,31,4,125,93,127,34,9,263,6,0,6,269
12/08/2009,OGG,HI,AWP,WE,Towers with Radar,95,34,2,12,143,0,119,29,2,150,95,153,31,14,293,16,0,16,309
12/09/2009,OGG,HI,AWP,WE,Towers with Radar,97,34,7,11,149,0,126,28,2,156,97,160,35,13,305,25,3,28,333
12/10/2009,OGG,HI,AWP,WE,Towers with Radar,96,40,0,14,150,0,109,38,2,149,96,149,38,16,299,11,0,11,310
12/11/2009,OGG,HI,AWP,WE,Towers with Radar,103,42,0,4,149,0,90,30,1,121,103,132,30,5,270,25,0,25,295
12/12/2009,OGG,HI,AWP,WE,Towers with Radar,106,36,3,2,147,0,81,22,0,103,106,117,25,2,250,10,0,10,260
12/13/2009,OGG,HI,AWP,WE,Towers with Radar,91,34,0,0,125,0,72,17,0,89,91,106,17,0,214,0,0,0,214
12/14/2009,OGG,HI,AWP,WE,Towers with Radar,95,38,7,4,144,0,84,26,0,110,95,122,33,4,254,12,4,16,270
12/15/2009,OGG,HI,AWP,WE,Towers with Radar,92,38,3,5,138,0,95,29,0,124,92,133,32,5,262,27,0,27,289
12/16/2009,OGG,HI,AWP,WE,Towers with Radar,83,42,7,4,136,0,79,19,0,98,83,121,26,4,234,21,0,21,255
12/17/2009,OGG,HI,AWP,WE,Towers with Radar,105,34,11,0,150,0,83,17,0,100,105,117,28,0,250,18,2,20,270
12/18/2009,OGG,HI,AWP,WE,Towers with Radar,113,55,5,6,179,0,122,19,0,141,113,177,24,6,320,24,0,24,344
12/19/2009,OGG,HI,AWP,WE,Towers with Radar,118,43,19,0,180,0,65,18,0,83,118,108,37,0,263,30,0,30,293
12/20/2009,OGG,HI,AWP,WE,Towers with Radar,113,50,15,0,178,0,51,9,2,62,113,101,24,2,240,0,0,0,240
12/21/2009,OGG,HI,AWP,WE,Towers with Radar,108,43,14,6,171,0,111,25,2,138,108,154,39,8,309,26,0,26,335
12/22/2009,OGG,HI,AWP,WE,Towers with Radar,108,39,9,12,168,0,141,31,2,174,108,180,40,14,342,22,0,22,364
12/23/2009,OGG,HI,AWP,WE,Towers with Radar,107,45,5,18,175,0,138,20,0,158,107,183,25,18,333,31,16,47,380
12/24/2009,OGG,HI,AWP,WE,Towers with Radar,103,42,7,0,152,0,144,26,0,170,103,186,33,0,322,10,0,10,332
12/25/2009,OGG,HI,AWP,WE,Towers with Radar,109,45,7,0,161,0,95,5,0,100,109,140,12,0,261,0,0,0,261
12/26/2009,OGG,HI,AWP,WE,Towers with Radar,113,49,33,0,195,0,155,23,0,178,113,204,56,0,373,10,0,10,383
12/27/2009,OGG,HI,AWP,WE,Towers with Radar,116,39,23,0,178,0,154,25,0,179,116,193,48,0,357,6,1,7,364
12/28/2009,OGG,HI,AWP,WE,Towers with Radar,115,47,11,0,173,0,170,29,0,199,115,217,40,0,372,10,0,10,382
12/29/2009,OGG,HI,AWP,WE,Towers with Radar,104,38,20,7,169,0,159,25,4,188,104,197,45,11,357,10,6,16,373
12/30/2009,OGG,HI,AWP,WE,Towers with Radar,114,43,25,3,185,0,165,25,0,190,114,208,50,3,375,45,0,45,420
12/31/2009,OGG,HI,AWP,WE,Towers with Radar,106,38,10,0,154,0,185,39,2,226,106,223,49,2,380,13,0,13,393
01/01/2010,OGG,HI,AWP,WE,Towers with Radar,113,41,10,0,164,0,144,5,0,149,113,185,15,0,313,0,0,0,313
01/02/2010,OGG,HI,AWP,WE,Towers with Radar,107,50,39,0,196,0,137,18,0,155,107,187,57,0,351,2,0,2,353
01/03/2010,OGG,HI,AWP,WE,Towers with Radar,116,38,30,0,184,0,127,18,0,145,116,165,48,0,329,44,0,44,373
01/04/2010,OGG,HI,AWP,WE,Towers with Radar,107,46,15,5,173,0,116,23,0,139,107,162,38,5,312,4,0,4,316
01/05/2010,OGG,HI,AWP,WE,Towers with Radar,93,38,12,7,150,0,110,21,1,132,93,148,33,8,282,6,2,8,290
01/06/2010,OGG,HI,AWP,WE,Towers with Radar,96,43,5,4,148,0,114,12,1,127,96,157,17,5,275,20,0,20,295
01/07/2010,OGG,HI,AWP,WE,Towers with Radar,100,42,7,2,151,0,36,8,2,46,100,78,15,4,197,14,2,16,213
01/08/2010,OGG,HI,AWP,WE,Towers with Radar,109,57,7,6,179,0,91,26,1,118,109,148,33,7,297,24,0,24,321
01/09/2010,OGG,HI,AWP,WE,Towers with Radar,100,38,10,6,154,0,118,21,2,141,100,156,31,8,295,3,0,3,298
01/10/2010,OGG,HI,AWP,WE,Towers with Radar,100,40,12,3,155,0,97,3,2,102,100,137,15,5,257,2,0,2,259
01/11/2010,OGG,HI,AWP,WE,Towers with Radar,98,45,7,2,152,0,106,29,3,138,98,151,36,5,290,12,0,12,302
01/12/2010,OGG,HI,AWP,WE,Towers with Radar,97,37,8,12,154,0,95,17,3,115,97,132,25,15,269,26,0,26,295
01/13/2010,OGG,HI,AWP,WE,Towers with Radar,92,27,4,8,131,0,126,18,0,144,92,153,22,8,275,22,0,22,297
01/14/2010,OGG,HI,AWP,WE,Towers with Radar,95,36,4,0,135,0,121,42,1,164,95,157,46,1,299,12,0,12,311
01/15/2010,OGG,HI,AWP,WE,Towers with Radar,102,40,8,4,154,0,112,30,0,142,102,152,38,4,296,33,10,43,339
01/16/2010,OGG,HI,AWP,WE,Towers with Radar,102,43,10,4,159,0,106,34,0,140,102,149,44,4,299,42,0,42,341
01/17/2010,OGG,HI,AWP,WE,Towers with Radar,88,46,6,0,140,0,89,29,0,118,88,135,35,0,258,6,0,6,264
01/18/2010,OGG,HI,AWP,WE,Towers with Radar,95,39,3,3,140,0,104,21,4,129,95,143,24,7,269,6,0,6,275
01/19/2010,OGG,HI,AWP,WE,Towers with Radar,102,32,5,8,147,0,127,27,3,157,102,159,32,11,304,2,0,2,306
01/20/2010,OGG,HI,AWP,WE,Towers with Radar,107,41,5,8,161,0,86,18,0,104,107,127,23,8,265,43,8,51,316
01/21/2010,OGG,HI,AWP,WE,Towers with Radar,95,31,3,12,141,0,126,26,2,154,95,157,29,14,295,6,22,28,323
01/22/2010,OGG,HI,AWP,WE,Towers with Radar,106,34,6,0,146,0,114,29,3,146,106,148,35,3,292,16,0,16,308
01/23/2010,OGG,HI,AWP,WE,Towers with Radar,106,46,6,3,161,0,82,22,0,104,106,128,28,3,265,6,0,6,271
01/24/2010,OGG,HI,AWP,WE,Towers with Radar,101,38,2,0,141,0,91,18,0,109,101,129,20,0,250,2,0,2,252
01/25/2010,OGG,HI,AWP,WE,Towers with Radar,103,44,7,2,156,0,142,33,0,175,103,186,40,2,331,2,6,8,339
01/26/2010,OGG,HI,AWP,WE,Towers with Radar,96,27,3,0,126,0,115,27,1,143,96,142,30,1,269,25,0,25,294
01/27/2010,OGG,HI,AWP,WE,Towers with Radar,94,68,13,1,176,0,21,12,3,36,94,89,25,4,212,15,0,15,227
01/28/2010,OGG,HI,AWP,WE,Towers with Radar,89,52,3,5,149,0,99,19,0,118,89,151,22,5,267,31,0,31,298
01/29/2010,OGG,HI,AWP,WE,Towers with Radar,102,57,7,0,166,0,122,30,0,152,102,179,37,0,318,23,0,23,341
01/30/2010,OGG,HI,AWP,WE,Towers with Radar,117,54,2,6,179,0,33,8,3,44,117,87,10,9,223,2,0,2,225
01/31/2010,OGG,HI,AWP,WE,Towers with Radar,109,43,0,0,152,0,107,6,1,114,109,150,6,1,266,10,0,10,276
02/01/2010,OGG,HI,AWP,WE,Towers with Radar,106,33,0,18,157,0,146,24,0,170,106,179,24,18,327,18,0,18,345
02/02/2010,OGG,HI,AWP,WE,Towers with Radar,98,54,1,12,165,0,72,14,2,88,98,126,15,14,253,5,5,10,263
02/03/2010,OGG,HI,AWP,WE,Towers with Radar,95,31,6,14,146,0,102,32,2,136,95,133,38,16,282,14,0,14,296
02/04/2010,OGG,HI,AWP,WE,Towers with Radar,98,34,9,4,145,0,119,33,0,152,98,153,42,4,297,40,0,40,337
02/05/2010,OGG,HI,AWP,WE,Towers with Radar,108,43,7,0,158,0,138,42,2,182,108,181,49,2,340,32,0,32,372
02/06/2010,OGG,HI,AWP,WE,Towers with Radar,109,35,17,4,165,0,0,0,0,0,109,35,17,4,165,18,0,18,183
02/07/2010,OGG,HI,AWP,WE,Towers with Radar,97,29,2,0,128,0,72,3,0,75,97,101,5,0,203,0,0,0,203
02/08/2010,OGG,HI,AWP,WE,Towers with Radar,101,39,3,4,147,0,101,26,0,127,101,140,29,4,274,5,0,5,279
02/09/2010,OGG,HI,AWP,WE,Towers with Radar,95,41,4,20,160,0,120,27,0,147,95,161,31,20,307,17,0,17,324
02/10/2010,OGG,HI,AWP,WE,Towers with Radar,96,42,7,16,161,0,132,37,1,170,96,174,44,17,331,32,34,66,397
02/11/2010,OGG,HI,AWP,WE,Towers with Radar,109,35,10,12,166,0,111,21,0,132,109,146,31,12,298,28,10,38,336
02/12/2010,OGG,HI,AWP,WE,Towers with Radar,115,51,6,0,172,0,131,27,0,158,115,182,33,0,330,26,0,26,356
02/13/2010,OGG,HI,AWP,WE,Towers with Radar,114,47,4,0,165,0,152,28,0,180,114,199,32,0,345,28,0,28,373
02/14/2010,OGG,HI,AWP,WE,Towers with Radar,92,31,1,0,124,0,168,10,0,178,92,199,11,0,302,2,0,2,304
02/15/2010,OGG,HI,AWP,WE,Towers with Radar,111,36,6,1,154,0,122,26,1,149,111,158,32,2,303,10,0,10,313
02/16/2010,OGG,HI,AWP,WE,Towers with Radar,94,43,7,16,160,0,162,29,0,191,94,205,36,16,351,31,8,39,390
02/17/2010,OGG,HI,AWP,WE,Towers with Radar,96,58,12,16,182,0,139,32,3,174,96,197,44,19,356,19,0,19,375
02/18/2010,OGG,HI,AWP,WE,Towers with Radar,100,43,6,11,160,0,166,33,11,210,100,209,39,22,370,9,0,9,379
02/19/2010,OGG,HI,AWP,WE,Towers with Radar,119,44,8,5,176,0,155,37,10,202,119,199,45,15,378,25,0,25,403
02/20/2010,OGG,HI,AWP,WE,Towers with Radar,113,44,8,8,173,0,115,20,6,141,113,159,28,14,314,14,0,14,328
02/21/2010,OGG,HI,AWP,WE,Towers with Radar,101,47,15,4,167,0,112,17,2,131,101,159,32,6,298,4,0,4,302
02/22/2010,OGG,HI,AWP,WE,Towers with Radar,106,38,4,22,170,0,165,36,0,201,106,203,40,22,371,12,4,16,387
02/23/2010,OGG,HI,AWP,WE,Towers with Radar,101,30,7,6,144,0,134,30,2,166,101,164,37,8,310,18,0,18,328
02/24/2010,OGG,HI,AWP,WE,Towers with Radar,99,37,10,8,154,0,149,23,0,172,99,186,33,8,326,31,0,31,357
02/25/2010,OGG,HI,AWP,WE,Towers with Radar,110,47,5,9,171,0,176,39,0,215,110,223,44,9,386,7,6,13,399
02/26/2010,OGG,HI,AWP,WE,Towers with Radar,118,59,9,0,186,0,169,39,4,212,118,228,48,4,398,20,0,20,418
02/27/2010,OGG,HI,AWP,WE,Towers with Radar,101,30,9,0,140,0,63,28,8,99,101,93,37,8,239,4,0,4,243
02/28/2010,OGG,HI,AWP,WE,Towers with Radar,99,54,10,0,163,0,7,2,0,9,99,61,12,0,172,0,0,0,172
03/01/2010,OGG,HI,AWP,WE,Towers with Radar,91,40,8,27,166,0,101,15,1,117,91,141,23,28,283,2,10,12,295
03/02/2010,OGG,HI,AWP,WE,Towers with Radar,105,32,6,10,153,0,118,18,4,140,105,150,24,14,293,8,2,10,303
03/03/2010,OGG,HI,AWP,WE,Towers with Radar,95,39,4,16,154,0,123,15,0,138,95,162,19,16,292,10,0,10,302
03/04/2010,OGG,HI,AWP,WE,Towers with Radar,104,36,6,4,150,0,112,21,1,134,104,148,27,5,284,32,0,32,316
03/05/2010,OGG,HI,AWP,WE,Towers with Radar,116,58,4,0,178,0,91,37,0,128,116,149,41,0,306,8,0,8,314
03/06/2010,OGG,HI,AWP,WE,Towers with Radar,111,51,4,0,166,0,117,16,3,136,111,168,20,3,302,16,0,16,318
03/07/2010,OGG,HI,AWP,WE,Towers with Radar,107,50,9,4,170,0,92,29,0,121,107,142,38,4,291,4,0,4,295
03/08/2010,OGG,HI,AWP,WE,Towers with Radar,107,39,10,4,160,0,121,25,0,146,107,160,35,4,306,4,0,4,310
03/09/2010,OGG,HI,AWP,WE,Towers with Radar,100,24,9,4,137,0,121,26,6,153,100,145,35,10,290,2,0,2,292
03/10/2010,OGG,HI,AWP,WE,Towers with Radar,100,40,5,6,151,0,123,10,10,143,100,163,15,16,294,4,6,10,304
03/11/2010,OGG,HI,AWP,WE,Towers with Radar,103,36,6,14,159,0,96,14,1,111,103,132,20,15,270,22,0,22,292
03/12/2010,OGG,HI,AWP,WE,Towers with Radar,112,38,7,5,162,0,126,26,0,152,112,164,33,5,314,0,0,0,314
03/13/2010,OGG,HI,AWP,WE,Towers with Radar,98,44,9,0,151,0,86,36,1,123,98,130,45,1,274,13,0,13,287
03/14/2010,OGG,HI,AWP,WE,Towers with Radar,104,38,4,0,146,0,124,15,5,144,104,162,19,5,290,2,0,2,292
03/15/2010,OGG,HI,AWP,WE,Towers with Radar,103,55,5,2,165,0,130,21,0,151,103,185,26,2,316,8,2,10,326
03/16/2010,OGG,HI,AWP,WE,Towers with Radar,106,36,5,12,159,0,116,41,0,157,106,152,46,12,316,27,9,36,352
03/17/2010,OGG,HI,AWP,WE,Towers with Radar,102,27,6,13,148,0,158,29,0,187,102,185,35,13,335,9,0,9,344
03/18/2010,OGG,HI,AWP,WE,Towers with Radar,111,26,3,11,151,0,143,25,1,169,111,169,28,12,320,46,10,56,376
03/19/2010,OGG,HI,AWP,WE,Towers with Radar,117,34,10,10,171,0,154,48,0,202,117,188,58,10,373,14,0,14,387
03/20/2010,OGG,HI,AWP,WE,Towers with Radar,112,42,12,0,166,0,110,34,0,144,112,152,46,0,310,36,0,36,346
03/21/2010,OGG,HI,AWP,WE,Towers with Radar,107,39,8,0,154,0,110,27,0,137,107,149,35,0,291,12,0,12,303
03/22/2010,OGG,HI,AWP,WE,Towers with Radar,113,46,7,5,171,1,68,25,0,94,114,114,32,5,265,20,0,20,285
03/23/2010,OGG,HI,AWP,WE,Towers with Radar,110,38,6,11,165,0,132,22,0,154,110,170,28,11,319,12,14,26,345
03/24/2010,OGG,HI,AWP,WE,Towers with Radar,108,25,6,4,143,0,130,17,2,149,108,155,23,6,292,14,0,14,306
03/25/2010,OGG,HI,AWP,WE,Towers with Radar,113,40,11,2,166,0,138,22,2,162,113,178,33,4,328,17,0,17,345
03/26/2010,OGG,HI,AWP,WE,Towers with Radar,126,47,10,0,183,0,135,31,0,166,126,182,41,0,349,26,0,26,375
03/27/2010,OGG,HI,AWP,WE,Towers with Radar,114,42,13,0,169,0,116,12,0,128,114,158,25,0,297,2,0,2,299
03/28/2010,OGG,HI,AWP,WE,Towers with Radar,110,30,10,0,150,0,116,17,0,133,110,146,27,0,283,1,0,1,284
03/29/2010,OGG,HI,AWP,WE,Towers with Radar,109,33,7,11,160,0,130,27,0,157,109,163,34,11,317,2,0,2,319
03/30/2010,OGG,HI,AWP,WE,Towers with Radar,108,17,6,2,133,0,159,17,0,176,108,176,23,2,309,12,0,12,321
03/31/2010,OGG,HI,AWP,WE,Towers with Radar,94,26,7,2,129,0,133,17,0,150,94,159,24,2,279,29,1,30,309
04/01/2010,OGG,HI,AWP,WE,Towers with Radar,101,35,14,8,158,0,163,17,2,182,101,198,31,10,340,24,0,24,364
04/02/2010,OGG,HI,AWP,WE,Towers with Radar,110,32,16,6,164,0,167,25,0,192,110,199,41,6,356,22,4,26,382
04/03/2010,OGG,HI,AWP,WE,Towers with Radar,118,42,17,0,177,0,123,18,0,141,118,165,35,0,318,18,0,18,336
04/04/2010,OGG,HI,AWP,WE,Towers with Radar,115,37,8,0,160,0,95,13,0,108,115,132,21,0,268,4,0,4,272
04/05/2010,OGG,HI,AWP,WE,Towers with Radar,102,31,7,2,142,0,133,19,2,154,102,164,26,4,296,0,0,0,296
04/06/2010,OGG,HI,AWP,WE,Towers with Radar,107,19,6,4,136,0,159,33,0,192,107,178,39,4,328,28,0,28,356
04/07/2010,OGG,HI,AWP,WE,Towers with Radar,104,29,8,14,155,0,157,30,10,197,104,186,38,24,352,26,0,26,378
04/08/2010,OGG,HI,AWP,WE,Towers with Radar,106,20,5,0,131,0,168,32,0,200,106,188,37,0,331,12,0,12,343
04/09/2010,OGG,HI,AWP,WE,Towers with Radar,122,40,12,2,176,0,148,22,1,171,122,188,34,3,347,18,0,18,365
04/10/2010,OGG,HI,AWP,WE,Towers with Radar,115,38,10,4,167,0,99,25,2,126,115,137,35,6,293,55,0,55,348
04/11/2010,OGG,HI,AWP,WE,Towers with Radar,114,30,5,2,151,0,85,12,2,99,114,115,17,4,250,0,0,0,250
04/12/2010,OGG,HI,AWP,WE,Towers with Radar,106,49,8,10,173,0,64,23,0,87,106,113,31,10,260,8,1,9,269
04/13/2010,OGG,HI,AWP,WE,Towers with Radar,102,48,9,22,181,0,22,3,0,25,102,70,12,22,206,8,0,8,214
04/14/2010,OGG,HI,AWP,WE,Towers with Radar,95,32,9,16,152,0,154,18,1,173,95,186,27,17,325,16,0,16,341
04/15/2010,OGG,HI,AWP,WE,Towers with Radar,104,23,8,12,147,0,167,25,3,195,104,190,33,15,342,39,2,41,383
04/16/2010,OGG,HI,AWP,WE,Towers with Radar,119,38,12,2,171,0,132,20,1,153,119,170,32,3,324,26,0,26,350
04/17/2010,OGG,HI,AWP,WE,Towers with Radar,118,36,4,2,160,0,124,21,0,145,118,160,25,2,305,12,0,12,317
04/18/2010,OGG,HI,AWP,WE,Towers with Radar,113,34,9,1,157,0,103,18,0,121,113,137,27,1,278,4,0,4,282
04/19/2010,OGG,HI,AWP,WE,Towers with Radar,98,44,9,5,156,0,112,36,2,150,98,156,45,7,306,56,0,56,362
04/20/2010,OGG,HI,AWP,WE,Towers with Radar,99,29,6,14,148,0,159,22,6,187,99,188,28,20,335,0,10,10,345
04/21/2010,OGG,HI,AWP,WE,Towers with Radar,93,30,6,4,133,0,130,29,0,159,93,160,35,4,292,13,6,19,311
04/22/2010,OGG,HI,AWP,WE,Towers with Radar,95,41,5,13,154,0,138,15,0,153,95,179,20,13,307,18,0,18,325
04/23/2010,OGG,HI,AWP,WE,Towers with Radar,115,39,3,2,159,0,144,40,2,186,115,183,43,4,345,26,0,26,371
04/24/2010,OGG,HI,AWP,WE,Towers with Radar,105,27,7,2,141,0,101,56,3,160,105,128,63,5,301,16,0,16,317
04/25/2010,OGG,HI,AWP,WE,Towers with Radar,110,37,4,2,153,0,88,26,6,120,110,125,30,8,273,34,0,34,307
04/26/2010,OGG,HI,AWP,WE,Towers with Radar,102,26,5,13,146,0,158,19,21,198,102,184,24,34,344,21,0,21,365
04/27/2010,OGG,HI,AWP,WE,Towers with Radar,95,20,5,10,130,0,134,19,31,184,95,154,24,41,314,10,2,12,326
04/28/2010,OGG,HI,AWP,WE,Towers with Radar,91,26,9,27,153,0,135,17,1,153,91,161,26,28,306,21,0,21,327
04/29/2010,OGG,HI,AWP,WE,Towers with Radar,89,32,7,4,132,0,120,26,0,146,89,152,33,4,278,19,0,19,297
04/30/2010,OGG,HI,AWP,WE,Towers with Radar,109,51,6,2,168,0,117,12,1,130,109,168,18,3,298,11,0,11,309
05/01/2010,OGG,HI,AWP,WE,Towers with Radar,107,42,4,1,154,0,78,31,0,109,107,120,35,1,263,8,0,8,271
05/02/2010,OGG,HI,AWP,WE,Towers with Radar,106,26,2,1,135,0,81,10,1,92,106,107,12,2,227,22,0,22,249
05/03/2010,OGG,HI,AWP,WE,Towers with Radar,95,39,5,15,154,0,114,30,0,144,95,153,35,15,298,8,0,8,306
05/04/2010,OGG,HI,AWP,WE,Towers with Radar,96,41,8,5,150,0,89,14,0,103,96,130,22,5,253,16,0,16,269
05/05/2010,OGG,HI,AWP,WE,Towers with Radar,88,38,5,8,139,0,147,22,0,169,88,185,27,8,308,22,0,22,330
05/06/2010,OGG,HI,AWP,WE,Towers with Radar,97,34,5,0,136,0,120,19,0,139,97,154,24,0,275,16,0,16,291
05/07/2010,OGG,HI,AWP,WE,Towers with Radar,107,53,2,1,163,0,107,25,1,133,107,160,27,2,296,14,0,14,310
05/08/2010,OGG,HI,AWP,WE,Towers with Radar,103,39,4,1,147,0,76,25,0,101,103,115,29,1,248,18,0,18,266
05/09/2010,OGG,HI,AWP,WE,Towers with Radar,107,34,2,8,151,0,91,16,0,107,107,125,18,8,258,0,0,0,258
05/10/2010,OGG,HI,AWP,WE,Towers with Radar,101,27,12,6,146,0,108,47,1,156,101,135,59,7,302,26,0,26,328
05/11/2010,OGG,HI,AWP,WE,Towers with Radar,95,35,8,0,138,0,96,31,8,135,95,131,39,8,273,16,0,16,289
05/12/2010,OGG,HI,AWP,WE,Towers with Radar,87,32,7,4,130,0,131,22,1,154,87,163,29,5,284,32,0,32,316
05/13/2010,OGG,HI,AWP,WE,Towers with Radar,91,30,2,0,123,0,129,15,0,144,91,159,17,0,267,0,0,0,267
05/14/2010,OGG,HI,AWP,WE,Towers with Radar,102,33,7,7,149,0,129,28,0,157,102,162,35,7,306,10,0,10,316
05/15/2010,OGG,HI,AWP,WE,Towers with Radar,117,40,4,0,161,0,94,29,2,125,117,134,33,2,286,124,0,124,410
05/16/2010,OGG,HI,AWP,WE,Towers with Radar,99,42,9,2,152,0,81,16,0,97,99,123,25,2,249,82,0,82,331
05/17/2010,OGG,HI,AWP,WE,Towers with Radar,89,34,2,0,125,0,123,27,1,151,89,157,29,1,276,0,0,0,276
05/18/2010,OGG,HI,AWP,WE,Towers with Radar,98,33,1,0,132,0,132,25,10,167,98,165,26,10,299,16,0,16,315
05/19/2010,OGG,HI,AWP,WE,Towers with Radar,102,34,4,10,150,0,180,28,9,217,102,214,32,19,367,43,10,53,420
05/20/2010,OGG,HI,AWP,WE,Towers with Radar,98,37,5,2,142,0,176,33,14,223,98,213,38,16,365,28,0,28,393
05/21/2010,OGG,HI,AWP,WE,Towers with Radar,111,42,2,2,157,0,124,30,1,155,111,166,32,3,312,18,4,22,334
05/22/2010,OGG,HI,AWP,WE,Towers with Radar,98,33,4,0,135,0,103,14,0,117,98,136,18,0,252,28,0,28,280
05/23/2010,OGG,HI,AWP,WE,Towers with Radar,104,51,4,0,159,0,71,14,0,85,104,122,18,0,244,8,0,8,252
05/24/2010,OGG,HI,AWP,WE,Towers with Radar,95,38,5,6,144,0,130,31,0,161,95,168,36,6,305,11,0,11,316
05/25/2010,OGG,HI,AWP,WE,Towers with Radar,94,29,1,13,137,0,137,25,1,163,94,166,26,14,300,9,0,9,309
05/26/2010,OGG,HI,AWP,WE,Towers with Radar,99,37,2,2,140,0,124,23,0,147,99,161,25,2,287,12,0,12,299
05/27/2010,OGG,HI,AWP,WE,Towers with Radar,97,37,8,2,144,0,121,22,0,143,97,158,30,2,287,26,0,26,313
05/28/2010,OGG,HI,AWP,WE,Towers with Radar,110,43,6,0,159,0,132,35,1,168,110,175,41,1,327,22,0,22,349
05/29/2010,OGG,HI,AWP,WE,Towers with Radar,103,32,5,0,140,0,100,18,1,119,103,132,23,1,259,22,0,22,281
05/30/2010,OGG,HI,AWP,WE,Towers with Radar,100,30,5,0,135,0,84,11,2,97,100,114,16,2,232,6,0,6,238
05/31/2010,OGG,HI,AWP,WE,Towers with Radar,104,35,7,0,146,0,128,18,0,146,104,163,25,0,292,0,0,0,292
06/01/2010,OGG,HI,AWP,WE,Towers with Radar,101,34,2,4,141,0,124,19,0,143,101,158,21,4,284,6,0,6,290
06/02/2010,OGG,HI,AWP,WE,Towers with Radar,103,34,6,8,151,0,131,33,0,164,103,165,39,8,315,32,4,36,351
06/03/2010,OGG,HI,AWP,WE,Towers with Radar,107,25,6,0,138,0,117,22,0,139,107,142,28,0,277,18,0,18,295
06/04/2010,OGG,HI,AWP,WE,Towers with Radar,115,37,6,8,166,0,122,23,0,145,115,159,29,8,311,28,0,28,339
06/05/2010,OGG,HI,AWP,WE,Towers with Radar,111,34,4,2,151,0,100,21,1,122,111,134,25,3,273,14,0,14,287
06/06/2010,OGG,HI,AWP,WE,Towers with Radar,104,33,1,1,139,0,88,18,0,106,104,121,19,1,245,38,0,38,283
06/07/2010,OGG,HI,AWP,WE,Towers with Radar,99,45,6,1,151,0,112,32,0,144,99,157,38,1,295,2,0,2,297
06/08/2010,OGG,HI,AWP,WE,Towers with Radar,105,37,2,0,144,0,140,28,6,174,105,177,30,6,318,16,0,16,334
06/09/2010,OGG,HI,AWP,WE,Towers with Radar,111,42,6,6,165,0,153,18,4,175,111,195,24,10,340,10,0,10,350
06/10/2010,OGG,HI,AWP,WE,Towers with Radar,120,39,4,0,163,0,146,22,2,170,120,185,26,2,333,6,0,6,339
06/11/2010,OGG,HI,AWP,WE,Towers with Radar,121,33,1,0,155,0,143,21,3,167,121,176,22,3,322,8,0,8,330
06/12/2010,OGG,HI,AWP,WE,Towers with Radar,120,33,5,0,158,0,112,24,0,136,120,145,29,0,294,10,0,10,304
06/13/2010,OGG,HI,AWP,WE,Towers with Radar,122,39,3,0,164,0,101,26,0,127,122,140,29,0,291,26,0,26,317
06/14/2010,OGG,HI,AWP,WE,Towers with Radar,123,35,10,13,181,0,149,23,1,173,123,184,33,14,354,13,0,13,367
06/15/2010,OGG,HI,AWP,WE,Towers with Radar,114,38,10,10,172,0,175,20,0,195,114,213,30,10,367,22,1,23,390
06/16/2010,OGG,HI,AWP,WE,Towers with Radar,116,43,4,4,167,0,158,30,1,189,116,201,34,5,356,64,0,64,420
06/17/2010,OGG,HI,AWP,WE,Towers with Radar,117,30,3,4,154,0,160,25,1,186,117,190,28,5,340,40,0,40,380
06/18/2010,OGG,HI,AWP,WE,Towers with Radar,128,34,8,0,170,0,178,26,5,209,128,212,34,5,379,54,0,54,433
06/19/2010,OGG,HI,AWP,WE,Towers with Radar,133,37,6,10,186,0,139,25,4,168,133,176,31,14,354,24,0,24,378
06/20/2010,OGG,HI,AWP,WE,Towers with Radar,126,38,7,0,171,0,132,12,0,144,126,170,19,0,315,0,0,0,315
06/21/2010,OGG,HI,AWP,WE,Towers with Radar,119,35,7,4,165,0,143,27,0,170,119,178,34,4,335,6,2,8,343
06/22/2010,OGG,HI,AWP,WE,Towers with Radar,110,30,2,2,144,0,170,10,2,182,110,200,12,4,326,14,0,14,340
06/23/2010,OGG,HI,AWP,WE,Towers with Radar,121,36,5,5,167,0,113,22,1,136,121,149,27,6,303,18,0,18,321
06/24/2010,OGG,HI,AWP,WE,Towers with Radar,130,38,3,0,171,0,164,28,2,194,130,202,31,2,365,12,0,12,377
06/25/2010,OGG,HI,AWP,WE,Towers with Radar,136,41,5,0,182,0,153,31,0,184,136,194,36,0,366,42,0,42,408
06/26/2010,OGG,HI,AWP,WE,Towers with Radar,126,38,9,0,173,0,138,27,0,165,126,176,36,0,338,40,0,40,378
06/27/2010,OGG,HI,AWP,WE,Towers with Radar,116,33,1,0,150,0,98,15,0,113,116,131,16,0,263,4,0,4,267
06/28/2010,OGG,HI,AWP,WE,Towers with Radar,115,33,6,4,158,0,147,19,4,170,115,180,25,8,328,18,0,18,346
06/29/2010,OGG,HI,AWP,WE,Towers with Radar,129,30,4,2,165,0,123,27,3,153,129,153,31,5,318,10,0,10,328
06/30/2010,OGG,HI,AWP,WE,Towers with Radar,116,39,4,10,169,0,140,14,0,154,116,179,18,10,323,12,0,12,335
07/01/2010,OGG,HI,AWP,WE,Towers with Radar,113,37,5,1,156,0,156,11,3,170,113,193,16,4,326,50,0,50,376
07/02/2010,OGG,HI,AWP,WE,Towers with Radar,128,65,5,3,201,0,128,15,5,148,128,193,20,8,349,8,0,8,357
07/03/2010,OGG,HI,AWP,WE,Towers with Radar,120,47,6,0,173,0,116,23,7,146,120,163,29,7,319,10,0,10,329
07/04/2010,OGG,HI,AWP,WE,Towers with Radar,114,35,5,0,154,0,117,9,0,126,114,152,14,0,280,2,0,2,282
07/05/2010,OGG,HI,AWP,WE,Towers with Radar,107,32,9,1,149,0,153,22,1,176,107,185,31,2,325,2,0,2,327
07/06/2010,OGG,HI,AWP,WE,Towers with Radar,108,32,8,5,153,0,158,20,1,179,108,190,28,6,332,8,0,8,340
07/07/2010,OGG,HI,AWP,WE,Towers with Radar,121,40,6,16,183,0,152,19,5,176,121,192,25,21,359,14,0,14,373
07/08/2010,OGG,HI,AWP,WE,Towers with Radar,124,41,3,16,184,0,152,25,0,177,124,193,28,16,361,20,8,28,389
07/09/2010,OGG,HI,AWP,WE,Towers with Radar,116,52,5,0,173,0,150,24,1,175,116,202,29,1,348,24,0,24,372
07/10/2010,OGG,HI,AWP,WE,Towers with Radar,121,45,14,15,195,0,111,34,0,145,121,156,48,15,340,16,12,28,368
07/11/2010,OGG,HI,AWP,WE,Towers with Radar,121,46,8,4,179,0,94,16,0,110,121,140,24,4,289,0,0,0,289
07/12/2010,OGG,HI,AWP,WE,Towers with Radar,125,37,8,4,174,0,127,18,0,145,125,164,26,4,319,20,0,20,339
07/13/2010,OGG,HI,AWP,WE,Towers with Radar,117,43,6,0,166,0,149,24,0,173,117,192,30,0,339,42,0,42,381
07/14/2010,OGG,HI,AWP,WE,Towers with Radar,128,37,6,0,171,0,173,17,0,190,128,210,23,0,361,32,0,32,393
07/15/2010,OGG,HI,AWP,WE,Towers with Radar,125,37,6,0,168,0,163,31,0,194,125,200,37,0,362,10,0,10,372
07/16/2010,OGG,HI,AWP,WE,Towers with Radar,127,47,4,2,180,0,147,28,0,175,127,194,32,2,355,20,0,20,375
07/17/2010,OGG,HI,AWP,WE,Towers with Radar,111,40,8,0,159,0,91,20,1,112,111,131,28,1,271,34,0,34,305
07/18/2010,OGG,HI,AWP,WE,Towers with Radar,114,36,3,0,153,0,144,18,0,162,114,180,21,0,315,4,0,4,319
07/19/2010,OGG,HI,AWP,WE,Towers with Radar,120,42,7,1,170,0,141,12,8,161,120,183,19,9,331,31,0,31,362
07/20/2010,OGG,HI,AWP,WE,Towers with Radar,120,35,7,0,162,0,181,27,12,220,120,216,34,12,382,40,0,40,422
07/21/2010,OGG,HI,AWP,WE,Towers with Radar,124,34,8,2,168,0,177,23,3,203,124,211,31,5,371,34,0,34,405
07/22/2010,OGG,HI,AWP,WE,Towers with Radar,124,39,10,1,174,0,192,30,2,224,124,231,40,3,398,14,0,14,412
07/23/2010,OGG,HI,AWP,WE,Towers with Radar,125,38,6,0,169,0,179,29,2,210,125,217,35,2,379,4,0,4,383
07/24/2010,OGG,HI,AWP,WE,Towers with Radar,118,38,4,0,160,0,136,33,0,169,118,174,37,0,329,6,0,6,335
07/25/2010,OGG,HI,AWP,WE,Towers with Radar,116,32,3,3,154,0,117,10,0,127,116,149,13,3,281,34,0,34,315
07/26/2010,OGG,HI,AWP,WE,Towers with Radar,122,43,3,4,172,0,153,28,2,183,122,196,31,6,355,12,0,12,367
07/27/2010,OGG,HI,AWP,WE,Towers with Radar,113,32,2,4,151,0,150,20,4,174,113,182,22,8,325,14,0,14,339
07/28/2010,OGG,HI,AWP,WE,Towers with Radar,110,31,6,9,156,0,141,22,0,163,110,172,28,9,319,49,0,49,368
07/29/2010,OGG,HI,AWP,WE,Towers with Radar,118,45,7,0,170,0,153,24,1,178,118,198,31,1,348,28,0,28,376
07/30/2010,OGG,HI,AWP,WE,Towers with Radar,130,42,7,3,182,0,148,25,0,173,130,190,32,3,355,19,0,19,374
07/31/2010,OGG,HI,AWP,WE,Towers with Radar,121,37,11,4,173,0,147,22,0,169,121,184,33,4,342,10,0,10,352
08/01/2010,OGG,HI,AWP,WE,Towers with Radar,119,40,10,0,169,0,122,17,0,139,119,162,27,0,308,0,0,0,308
08/02/2010,OGG,HI,AWP,WE,Towers with Radar,119,51,4,20,194,0,133,30,0,163,119,184,34,20,357,8,0,8,365
08/03/2010,OGG,HI,AWP,WE,Towers with Radar,127,38,4,5,174,0,134,21,3,158,127,172,25,8,332,18,0,18,350
08/04/2010,OGG,HI,AWP,WE,Towers with Radar,115,41,12,10,178,0,185,11,0,196,115,226,23,10,374,10,0,10,384
08/05/2010,OGG,HI,AWP,WE,Towers with Radar,124,39,11,10,184,0,179,27,0,206,124,218,38,10,390,48,0,48,438
08/06/2010,OGG,HI,AWP,WE,Towers with Radar,123,39,9,3,174,0,192,34,0,226,123,231,43,3,400,52,0,52,452
08/07/2010,OGG,HI,AWP,WE,Towers with Radar,117,46,7,1,171,0,140,18,0,158,117,186,25,1,329,20,0,20,349
08/08/2010,OGG,HI,AWP,WE,Towers with Radar,127,42,9,1,179,0,137,24,1,162,127,179,33,2,341,0,0,0,341
08/09/2010,OGG,HI,AWP,WE,Towers with Radar,127,42,5,4,178,0,159,23,0,182,127,201,28,4,360,13,0,13,373
08/10/2010,OGG,HI,AWP,WE,Towers with Radar,111,37,9,1,158,0,176,29,4,209,111,213,38,5,367,2,10,12,379
08/11/2010,OGG,HI,AWP,WE,Towers with Radar,117,32,8,12,169,0,162,24,0,186,117,194,32,12,355,48,0,48,403
08/12/2010,OGG,HI,AWP,WE,Towers with Radar,127,40,2,6,175,0,171,33,0,204,127,211,35,6,379,34,0,34,413
08/13/2010,OGG,HI,AWP,WE,Towers with Radar,129,44,7,6,186,0,157,40,0,197,129,201,47,6,383,36,0,36,419
08/14/2010,OGG,HI,AWP,WE,Towers with Radar,118,34,6,0,158,0,139,33,1,173,118,173,39,1,331,4,0,4,335
08/15/2010,OGG,HI,AWP,WE,Towers with Radar,117,38,8,0,163,0,116,15,0,131,117,154,23,0,294,0,0,0,294
08/16/2010,OGG,HI,AWP,WE,Towers with Radar,114,38,11,9,172,0,141,27,0,168,114,179,38,9,340,0,0,0,340
08/17/2010,OGG,HI,AWP,WE,Towers with Radar,117,34,6,7,164,0,142,19,1,162,117,176,25,8,326,2,0,2,328
08/18/2010,OGG,HI,AWP,WE,Towers with Radar,116,32,3,8,159,0,141,21,5,167,116,173,24,13,326,6,2,8,334
08/19/2010,OGG,HI,AWP,WE,Towers with Radar,126,30,2,12,170,0,173,24,0,197,126,203,26,12,367,0,1,1,368
08/20/2010,OGG,HI,AWP,WE,Towers with Radar,116,41,5,2,164,0,167,27,3,197,116,208,32,5,361,18,0,18,379
08/21/2010,OGG,HI,AWP,WE,Towers with Radar,119,43,7,0,169,0,110,24,0,134,119,153,31,0,303,24,0,24,327
08/22/2010,OGG,HI,AWP,WE,Towers with Radar,119,41,6,0,166,0,115,14,10,139,119,156,20,10,305,4,0,4,309
08/23/2010,OGG,HI,AWP,WE,Towers with Radar,107,31,5,8,151,0,146,22,5,173,107,177,27,13,324,6,0,6,330
08/24/2010,OGG,HI,AWP,WE,Towers with Radar,111,33,1,10,155,0,138,20,10,168,111,171,21,20,323,14,2,16,339
08/25/2010,OGG,HI,AWP,WE,Towers with Radar,105,36,2,16,159,0,132,13,4,149,105,168,15,20,308,4,0,4,312
08/26/2010,OGG,HI,AWP,WE,Towers with Radar,107,38,10,14,169,0,130,28,0,158,107,168,38,14,327,16,1,17,344
08/27/2010,OGG,HI,AWP,WE,Towers with Radar,124,47,2,12,185,0,122,31,0,153,124,169,33,12,338,32,8,40,378
08/28/2010,OGG,HI,AWP,WE,Towers with Radar,115,39,10,4,168,0,104,24,0,128,115,143,34,4,296,4,14,18,314
08/29/2010,OGG,HI,AWP,WE,Towers with Radar,120,44,3,6,173,0,90,28,0,118,120,134,31,6,291,30,8,38,329
08/30/2010,OGG,HI,AWP,WE,Towers with Radar,116,41,4,18,179,0,116,35,1,152,116,157,39,19,331,6,9,15,346
08/31/2010,OGG,HI,AWP,WE,Towers with Radar,102,33,1,10,146,0,106,22,0,128,102,139,23,10,274,10,6,16,290
09/01/2010,OGG,HI,AWP,WE,Towers with Radar,106,40,6,8,160,0,143,27,0,170,106,183,33,8,330,14,0,14,344
09/02/2010,OGG,HI,AWP,WE,Towers with Radar,106,33,5,0,144,0,108,39,0,147,106,141,44,0,291,8,0,8,299
09/03/2010,OGG,HI,AWP,WE,Towers with Radar,117,43,10,0,170,0,139,21,0,160,117,182,31,0,330,7,1,8,338
09/04/2010,OGG,HI,AWP,WE,Towers with Radar,113,37,4,0,154,0,102,17,0,119,113,139,21,0,273,0,0,0,273
09/05/2010,OGG,HI,AWP,WE,Towers with Radar,105,35,6,0,146,0,81,21,0,102,105,116,27,0,248,12,0,12,260
09/06/2010,OGG,HI,AWP,WE,Towers with Radar,111,39,4,0,154,0,112,14,0,126,111,151,18,0,280,4,0,4,284
09/07/2010,OGG,HI,AWP,WE,Towers with Radar,100,20,1,14,135,0,122,26,3,151,100,142,27,17,286,6,0,6,292
09/08/2010,OGG,HI,AWP,WE,Towers with Radar,99,34,6,0,139,0,155,28,0,183,99,189,34,0,322,45,0,45,367
09/09/2010,OGG,HI,AWP,WE,Towers with Radar,107,32,6,8,153,0,130,32,0,162,107,162,38,8,315,14,4,18,333
09/10/2010,OGG,HI,AWP,WE,Towers with Radar,104,43,6,1,154,0,151,28,0,179,104,194,34,1,333,16,0,16,349
09/11/2010,OGG,HI,AWP,WE,Towers with Radar,97,38,2,1,138,0,102,20,0,122,97,140,22,1,260,0,0,0,260
09/12/2010,OGG,HI,AWP,WE,Towers with Radar,93,39,1,1,134,0,85,12,0,97,93,124,13,1,231,36,0,36,267
09/13/2010,OGG,HI,AWP,WE,Towers with Radar,101,29,4,5,139,0,121,13,8,142,101,150,17,13,281,6,4,10,291
09/14/2010,OGG,HI,AWP,WE,Towers with Radar,95,29,4,12,140,0,113,19,15,147,95,142,23,27,287,57,0,57,344
09/15/2010,OGG,HI,AWP,WE,Towers with Radar,90,35,2,21,148,0,122,17,1,140,90,157,19,22,288,22,0,22,310
09/16/2010,OGG,HI,AWP,WE,Towers with Radar,96,47,7,12,162,0,113,25,2,140,96,160,32,14,302,16,0,16,318
09/17/2010,OGG,HI,AWP,WE,Towers with Radar,101,44,7,2,154,0,145,18,0,163,101,189,25,2,317,4,0,4,321
09/18/2010,OGG,HI,AWP,WE,Towers with Radar,101,35,5,0,141,0,93,26,0,119,101,128,31,0,260,20,0,20,280
09/19/2010,OGG,HI,AWP,WE,Towers with Radar,90,50,3,2,145,0,46,10,0,56,90,96,13,2,201,24,0,24,225
09/20/2010,OGG,HI,AWP,WE,Towers with Radar,98,36,1,16,151,0,128,31,0,159,98,164,32,16,310,14,4,18,328
09/21/2010,OGG,HI,AWP,WE,Towers with Radar,96,30,4,12,142,0,118,19,4,141,96,148,23,16,283,16,0,16,299
09/22/2010,OGG,HI,AWP,WE,Towers with Radar,90,42,0,14,146,0,152,19,0,171,90,194,19,14,317,58,2,60,377
09/23/2010,OGG,HI,AWP,WE,Towers with Radar,93,33,5,0,131,0,129,29,1,159,93,162,34,1,290,24,0,24,314
09/24/2010,OGG,HI,AWP,WE,Towers with Radar,103,39,3,0,145,0,113,16,0,129,103,152,19,0,274,28,0,28,302
09/25/2010,OGG,HI,AWP,WE,Towers with Radar,100,30,1,0,131,0,98,19,0,117,100,128,20,0,248,20,0,20,268
09/26/2010,OGG,HI,AWP,WE,Towers with Radar,97,44,2,0,143,0,96,13,0,109,97,140,15,0,252,24,0,24,276
09/27/2010,OGG,HI,AWP,WE,Towers with Radar,95,36,4,6,141,0,103,27,0,130,95,139,31,6,271,6,4,10,281
09/28/2010,OGG,HI,AWP,WE,Towers with Radar,94,33,8,10,145,0,116,29,2,147,94,149,37,12,292,18,0,18,310
09/29/2010,OGG,HI,AWP,WE,Towers with Radar,92,34,3,2,131,0,129,19,3,151,92,163,22,5,282,20,0,20,302
09/30/2010,OGG,HI,AWP,WE,Towers with Radar,99,35,8,4,146,0,103,38,0,141,99,138,46,4,287,8,0,8,295
10/01/2010,OGG,HI,AWP,WE,Towers with Radar,104,45,3,0,152,0,130,19,0,149,104,175,22,0,301,8,0,8,309
10/02/2010,OGG,HI,AWP,WE,Towers with Radar,111,32,0,1,144,0,100,13,0,113,111,132,13,1,257,24,0,24,281
10/03/2010,OGG,HI,AWP,WE,Towers with Radar,104,27,4,6,141,0,71,19,0,90,104,98,23,6,231,6,0,6,237
10/04/2010,OGG,HI,AWP,WE,Towers with Radar,101,46,6,0,153,0,107,26,0,133,101,153,32,0,286,4,0,4,290
10/05/2010,OGG,HI,AWP,WE,Towers with Radar,91,33,6,13,143,0,103,30,2,135,91,136,36,15,278,9,2,11,289
10/06/2010,OGG,HI,AWP,WE,Towers with Radar,98,36,4,0,138,0,149,26,0,175,98,185,30,0,313,30,0,30,343
10/07/2010,OGG,HI,AWP,WE,Towers with Radar,106,41,5,8,160,0,140,28,0,168,106,181,33,8,328,12,0,12,340
10/08/2010,OGG,HI,AWP,WE,Towers with Radar,112,46,8,6,172,0,145,16,0,161,112,191,24,6,333,8,0,8,341
10/09/2010,OGG,HI,AWP,WE,Towers with Radar,107,34,8,2,151,0,99,28,0,127,107,133,36,2,278,4,0,4,282
10/10/2010,OGG,HI,AWP,WE,Towers with Radar,95,40,6,2,143,0,124,6,0,130,95,164,12,2,273,0,0,0,273
10/11/2010,OGG,HI,AWP,WE,Towers with Radar,98,50,6,0,154,0,145,20,0,165,98,195,26,0,319,14,0,14,333
10/12/2010,OGG,HI,AWP,WE,Towers with Radar,96,46,4,8,154,0,160,36,2,198,96,206,40,10,352,22,0,22,374
10/13/2010,OGG,HI,AWP,WE,Towers with Radar,102,39,8,8,157,0,161,19,0,180,102,200,27,8,337,26,0,26,363
10/14/2010,OGG,HI,AWP,WE,Towers with Radar,103,37,5,14,159,0,157,17,0,174,103,194,22,14,333,40,0,40,373
10/15/2010,OGG,HI,AWP,WE,Towers with Radar,109,49,8,4,170,0,139,30,1,170,109,188,38,5,340,18,0,18,358
10/16/2010,OGG,HI,AWP,WE,Towers with Radar,101,32,6,0,139,0,113,18,0,131,101,145,24,0,270,16,0,16,286
10/17/2010,OGG,HI,AWP,WE,Towers with Radar,102,33,5,0,140,0,113,16,0,129,102,146,21,0,269,14,0,14,283
10/18/2010,OGG,HI,AWP,WE,Towers with Radar,97,31,4,6,138,0,122,27,2,151,97,153,31,8,289,10,0,10,299
10/19/2010,OGG,HI,AWP,WE,Towers with Radar,100,40,5,6,151,0,146,32,1,179,100,186,37,7,330,38,0,38,368
10/20/2010,OGG,HI,AWP,WE,Towers with Radar,106,44,8,10,168,0,170,17,10,197,106,214,25,20,365,34,0,34,399
10/21/2010,OGG,HI,AWP,WE,Towers with Radar,102,36,6,7,151,0,184,21,4,209,102,220,27,11,360,14,16,30,390
10/22/2010,OGG,HI,AWP,WE,Towers with Radar,110,41,6,0,157,0,168,30,0,198,110,209,36,0,355,10,0,10,365
10/23/2010,OGG,HI,AWP,WE,Towers with Radar,106,28,6,1,141,0,148,30,1,179,106,176,36,2,320,2,6,8,328
10/24/2010,OGG,HI,AWP,WE,Towers with Radar,107,33,10,0,150,0,116,27,0,143,107,149,37,0,293,28,0,28,321
10/25/2010,OGG,HI,AWP,WE,Towers with Radar,98,48,4,2,152,0,95,17,0,112,98,143,21,2,264,6,0,6,270
10/26/2010,OGG,HI,AWP,WE,Towers with Radar,102,45,10,14,171,0,87,15,0,102,102,132,25,14,273,50,0,50,323
10/27/2010,OGG,HI,AWP,WE,Towers with Radar,98,44,3,2,147,0,92,5,0,97,98,136,8,2,244,8,0,8,252
10/28/2010,OGG,HI,AWP,WE,Towers with Radar,97,38,4,6,145,0,112,25,2,139,97,150,29,8,284,8,14,22,306
10/29/2010,OGG,HI,AWP,WE,Towers with Radar,108,48,9,0,165,0,125,28,0,153,108,173,37,0,318,16,0,16,334
10/30/2010,OGG,HI,AWP,WE,Towers with Radar,110,39,3,0,152,0,107,26,0,133,110,146,29,0,285,12,0,12,297
10/31/2010,OGG,HI,AWP,WE,Towers with Radar,106,42,7,0,155,0,98,37,0,135,106,140,44,0,290,32,0,32,322
11/01/2010,OGG,HI,AWP,WE,Towers with Radar,109,34,12,13,168,0,111,16,1,128,109,145,28,14,296,8,4,12,308
11/02/2010,OGG,HI,AWP,WE,Towers with Radar,118,26,3,4,151,0,147,20,3,170,118,173,23,7,321,33,0,33,354
11/03/2010,OGG,HI,AWP,WE,Towers with Radar,97,44,3,0,144,0,109,21,0,130,97,153,24,0,274,20,0,20,294
11/04/2010,OGG,HI,AWP,WE,Towers with Radar,110,49,4,8,171,0,21,0,0,21,110,70,4,8,192,16,0,16,208
11/05/2010,OGG,HI,AWP,WE,Towers with Radar,114,57,3,2,176,0,73,16,0,89,114,130,19,2,265,26,0,26,291
11/06/2010,OGG,HI,AWP,WE,Towers with Radar,107,37,1,3,148,0,108,18,0,126,107,145,19,3,274,10,0,10,284
11/07/2010,OGG,HI,AWP,WE,Towers with Radar,106,30,8,2,146,0,101,21,1,123,106,131,29,3,269,24,0,24,293
11/08/2010,OGG,HI,AWP,WE,Towers with Radar,109,32,5,4,150,0,131,33,1,165,109,163,38,5,315,18,0,18,333
11/09/2010,OGG,HI,AWP,WE,Towers with Radar,101,33,6,8,148,0,138,30,1,169,101,171,36,9,317,16,0,16,333
11/10/2010,OGG,HI,AWP,WE,Towers with Radar,106,45,7,16,174,0,148,37,0,185,106,193,44,16,359,34,0,34,393
11/11/2010,OGG,HI,AWP,WE,Towers with Radar,108,42,6,0,156,0,141,33,0,174,108,183,39,0,330,18,0,18,348
11/12/2010,OGG,HI,AWP,WE,Towers with Radar,116,41,1,14,172,0,130,32,0,162,116,171,33,14,334,16,0,16,350
11/13/2010,OGG,HI,AWP,WE,Towers with Radar,115,40,9,0,164,0,87,32,0,119,115,127,41,0,283,12,0,12,295
11/14/2010,OGG,HI,AWP,WE,Towers with Radar,105,45,8,0,158,0,89,25,0,114,105,134,33,0,272,8,0,8,280
11/15/2010,OGG,HI,AWP,WE,Towers with Radar,110,38,3,11,162,0,114,22,1,137,110,152,25,12,299,10,0,10,309
11/16/2010,OGG,HI,AWP,WE,Towers with Radar,96,30,6,13,145,0,138,45,1,184,96,168,51,14,329,10,0,10,339
11/17/2010,OGG,HI,AWP,WE,Towers with Radar,93,31,9,7,140,0,132,30,3,165,93,163,39,10,305,12,0,12,317
11/18/2010,OGG,HI,AWP,WE,Towers with Radar,109,37,10,18,174,0,143,18,2,163,109,180,28,20,337,14,0,14,351
11/19/2010,OGG,HI,AWP,WE,Towers with Radar,112,48,11,0,171,0,105,26,0,131,112,153,37,0,302,10,0,10,312
11/20/2010,OGG,HI,AWP,WE,Towers with Radar,131,43,11,0,185,0,124,37,0,161,131,167,48,0,346,12,0,12,358
11/21/2010,OGG,HI,AWP,WE,Towers with Radar,105,44,6,0,155,0,96,27,0,123,105,140,33,0,278,20,0,20,298
11/22/2010,OGG,HI,AWP,WE,Towers with Radar,101,38,2,8,149,0,128,34,0,162,101,166,36,8,311,4,6,10,321
11/23/2010,OGG,HI,AWP,WE,Towers with Radar,103,38,11,6,158,0,139,35,0,174,103,177,46,6,332,38,0,38,370
11/24/2010,OGG,HI,AWP,WE,Towers with Radar,108,45,7,6,166,0,132,34,0,166,108,177,41,6,332,28,0,28,360
11/25/2010,OGG,HI,AWP,WE,Towers with Radar,99,30,1,0,130,0,112,4,0,116,99,142,5,0,246,6,0,6,252
11/26/2010,OGG,HI,AWP,WE,Towers with Radar,121,37,6,0,164,0,127,23,0,150,121,164,29,0,314,2,0,2,316
11/27/2010,OGG,HI,AWP,WE,Towers with Radar,118,37,15,0,170,0,67,33,0,100,118,104,48,0,270,22,0,22,292
11/28/2010,OGG,HI,AWP,WE,Towers with Radar,122,62,21,0,205,0,102,26,0,128,122,164,47,0,333,48,0,48,381
11/29/2010,OGG,HI,AWP,WE,Towers with Radar,110,36,6,5,157,0,129,44,3,176,110,165,50,8,333,8,0,8,341
11/30/2010,OGG,HI,AWP,WE,Towers with Radar,101,35,11,4,151,0,119,23,4,146,101,154,34,8,297,14,0,14,311
12/01/2010,OGG,HI,AWP,WE,Towers with Radar,96,33,9,13,151,0,111,30,2,143,96,144,39,15,294,14,4,18,312
12/02/2010,OGG,HI,AWP,WE,Towers with Radar,92,35,2,6,135,0,77,21,0,98,92,112,23,6,233,2,0,2,235
12/03/2010,OGG,HI,AWP,WE,Towers with Radar,113,51,6,14,184,0,84,18,0,102,113,135,24,14,286,10,2,12,298
12/04/2010,OGG,HI,AWP,WE,Towers with Radar,125,38,13,15,191,0,86,11,1,98,125,124,24,16,289,34,0,34,323
12/05/2010,OGG,HI,AWP,WE,Towers with Radar,100,39,2,1,142,0,81,22,0,103,100,120,24,1,245,4,0,4,249
12/06/2010,OGG,HI,AWP,WE,Towers with Radar,103,31,5,15,154,0,102,37,7,146,103,133,42,22,300,2,4,6,306
12/07/2010,OGG,HI,AWP,WE,Towers with Radar,99,40,6,10,155,0,115,37,0,152,99,155,43,10,307,10,0,10,317
12/08/2010,OGG,HI,AWP,WE,Towers with Radar,101,32,5,14,152,0,151,27,3,181,101,183,32,17,333,30,8,38,371
12/09/2010,OGG,HI,AWP,WE,Towers with Radar,97,29,7,8,141,0,109,19,7,135,97,138,26,15,276,36,8,44,320
12/10/2010,OGG,HI,AWP,WE,Towers with Radar,96,62,1,0,159,0,7,0,0,7,96,69,1,0,166,0,0,0,166
12/11/2010,OGG,HI,AWP,WE,Towers with Radar,112,43,3,1,159,0,86,22,0,108,112,129,25,1,267,18,0,18,285
12/12/2010,OGG,HI,AWP,WE,Towers with Radar,95,46,3,0,144,0,93,24,0,117,95,139,27,0,261,16,0,16,277
12/13/2010,OGG,HI,AWP,WE,Towers with Radar,107,35,2,12,156,0,105,36,2,143,107,140,38,14,299,4,7,11,310
12/14/2010,OGG,HI,AWP,WE,Towers with Radar,100,37,3,17,157,0,117,26,4,147,100,154,29,21,304,12,10,22,326
12/15/2010,OGG,HI,AWP,WE,Towers with Radar,106,35,5,10,156,0,118,11,3,132,106,153,16,13,288,42,0,42,330
12/16/2010,OGG,HI,AWP,WE,Towers with Radar,115,34,6,5,160,0,148,37,0,185,115,182,43,5,345,46,8,54,399
12/17/2010,OGG,HI,AWP,WE,Towers with Radar,116,45,10,5,176,0,110,29,1,140,116,155,39,6,316,28,0,28,344
12/18/2010,OGG,HI,AWP,WE,Towers with Radar,130,40,10,0,180,0,95,28,1,124,130,135,38,1,304,2,0,2,306
12/19/2010,OGG,HI,AWP,WE,Towers with Radar,124,51,10,0,185,0,58,17,0,75,124,109,27,0,260,2,0,2,262
12/20/2010,OGG,HI,AWP,WE,Towers with Radar,120,38,6,8,172,0,105,22,2,129,120,143,28,10,301,18,0,18,319
12/21/2010,OGG,HI,AWP,WE,Towers with Radar,119,45,14,6,184,0,65,19,0,84,119,110,33,6,268,4,6,10,278
12/22/2010,OGG,HI,AWP,WE,Towers with Radar,126,64,14,8,212,0,83,25,4,112,126,147,39,12,324,6,0,6,330
12/23/2010,OGG,HI,AWP,WE,Towers with Radar,118,54,14,2,188,0,156,23,0,179,118,210,37,2,367,12,0,12,379
12/24/2010,OGG,HI,AWP,WE,Towers with Radar,117,51,8,0,176,0,173,27,0,200,117,224,35,0,376,6,0,6,382
12/25/2010,OGG,HI,AWP,WE,Towers with Radar,114,37,8,0,159,0,111,5,0,116,114,148,13,0,275,2,0,2,277
12/26/2010,OGG,HI,AWP,WE,Towers with Radar,113,37,24,0,174,0,193,28,0,221,113,230,52,0,395,12,0,12,407
12/27/2010,OGG,HI,AWP,WE,Towers with Radar,124,45,23,10,202,0,200,32,0,232,124,245,55,10,434,16,0,16,450
12/28/2010,OGG,HI,AWP,WE,Towers with Radar,116,35,15,8,174,0,199,16,1,216,116,234,31,9,390,10,15,25,415
12/29/2010,OGG,HI,AWP,WE,Towers with Radar,117,38,23,14,192,0,191,36,0,227,117,229,59,14,419,36,10,46,465
12/30/2010,OGG,HI,AWP,WE,Towers with Radar,112,50,20,0,182,0,209,23,1,233,112,259,43,1,415,12,0,12,427
12/31/2010,OGG,HI,AWP,WE,Towers with Radar,124,43,16,0,183,0,182,33,0,215,124,225,49,0,398,6,0,6,404
01/01/2011,OGG,HI,AWP,WE,Towers with Radar,115,42,24,0,181,0,156,11,0,167,115,198,35,0,348,0,0,0,348
01/02/2011,OGG,HI,AWP,WE,Towers with Radar,118,39,31,0,188,0,162,18,0,180,118,201,49,0,368,6,0,6,374
01/03/2011,OGG,HI,AWP,WE,Towers with Radar,130,39,13,4,186,0,152,29,4,185,130,191,42,8,371,22,0,22,393
01/04/2011,OGG,HI,AWP,WE,Towers with Radar,90,42,17,14,163,0,157,29,0,186,90,199,46,14,349,8,8,16,365
01/05/2011,OGG,HI,AWP,WE,Towers with Radar,107,30,12,12,161,0,157,50,6,213,107,187,62,18,374,12,0,12,386
01/06/2011,OGG,HI,AWP,WE,Towers with Radar,106,38,13,24,181,0,51,4,1,56,106,89,17,25,237,8,2,10,247
01/07/2011,OGG,HI,AWP,WE,Towers with Radar,115,47,10,2,174,0,147,37,0,184,115,194,47,2,358,31,0,31,389
01/08/2011,OGG,HI,AWP,WE,Towers with Radar,112,39,9,5,165,0,126,17,0,143,112,165,26,5,308,20,0,20,328
01/09/2011,OGG,HI,AWP,WE,Towers with Radar,95,33,8,1,137,0,112,24,1,137,95,145,32,2,274,24,0,24,298
01/10/2011,OGG,HI,AWP,WE,Towers with Radar,99,29,4,7,139,0,82,18,0,100,99,111,22,7,239,4,0,4,243
01/11/2011,OGG,HI,AWP,WE,Towers with Radar,99,36,6,12,153,0,130,32,6,168,99,166,38,18,321,24,30,54,375
01/12/2011,OGG,HI,AWP,WE,Towers with Radar,98,39,5,4,146,0,13,1,0,14,98,52,6,4,160,6,0,6,166
01/13/2011,OGG,HI,AWP,WE,Towers with Radar,101,40,12,0,153,0,45,7,0,52,101,85,19,0,205,4,1,5,210
01/14/2011,OGG,HI,AWP,WE,Towers with Radar,107,50,10,4,171,0,156,25,2,183,107,206,35,6,354,18,0,18,372
01/15/2011,OGG,HI,AWP,WE,Towers with Radar,107,42,5,0,154,0,133,35,0,168,107,175,40,0,322,24,0,24,346
01/16/2011,OGG,HI,AWP,WE,Towers with Radar,94,39,11,0,144,0,119,30,2,151,94,158,41,2,295,0,0,0,295
01/17/2011,OGG,HI,AWP,WE,Towers with Radar,100,29,6,0,135,0,119,22,0,141,100,148,28,0,276,10,0,10,286
01/18/2011,OGG,HI,AWP,WE,Towers with Radar,92,31,2,16,141,0,132,34,0,166,92,163,36,16,307,24,0,24,331
01/19/2011,OGG,HI,AWP,WE,Towers with Radar,103,32,11,2,148,0,123,19,2,144,103,155,30,4,292,8,0,8,300
01/20/2011,OGG,HI,AWP,WE,Towers with Radar,105,30,8,20,163,0,154,58,2,214,105,184,66,22,377,10,4,14,391
01/21/2011,OGG,HI,AWP,WE,Towers with Radar,109,38,5,3,155,0,123,27,0,150,109,161,32,3,305,8,0,8,313
01/22/2011,OGG,HI,AWP,WE,Towers with Radar,101,35,11,2,149,0,118,24,2,144,101,153,35,4,293,30,0,30,323
01/23/2011,OGG,HI,AWP,WE,Towers with Radar,94,34,1,0,129,0,96,29,0,125,94,130,30,0,254,8,0,8,262
01/24/2011,OGG,HI,AWP,WE,Towers with Radar,104,32,8,10,154,0,126,33,4,163,104,158,41,14,317,6,10,16,333
01/25/2011,OGG,HI,AWP,WE,Towers with Radar,94,32,6,12,144,0,126,34,2,162,94,158,40,14,306,15,6,21,327
01/26/2011,OGG,HI,AWP,WE,Towers with Radar,102,38,6,11,157,0,119,36,3,158,102,157,42,14,315,12,0,12,327
01/27/2011,OGG,HI,AWP,WE,Towers with Radar,101,40,7,3,151,0,132,30,3,165,101,172,37,6,316,8,0,8,324
01/28/2011,OGG,HI,AWP,WE,Towers with Radar,111,37,11,3,162,0,126,33,3,162,111,163,44,6,324,27,8,35,359
01/29/2011,OGG,HI,AWP,WE,Towers with Radar,111,33,8,0,152,0,112,37,3,152,111,145,45,3,304,68,0,68,372
01/30/2011,OGG,HI,AWP,WE,Towers with Radar,97,32,3,0,132,0,101,19,0,120,97,133,22,0,252,36,0,36,288
01/31/2011,OGG,HI,AWP,WE,Towers with Radar,108,32,8,0,148,0,91,29,2,122,108,123,37,2,270,18,0,18,288
02/01/2011,OGG,HI,AWP,WE,Towers with Radar,93,32,7,21,153,0,142,25,3,170,93,174,32,24,323,18,0,18,341
02/02/2011,OGG,HI,AWP,WE,Towers with Radar,101,37,6,8,152,0,136,18,0,154,101,173,24,8,306,32,0,32,338
02/03/2011,OGG,HI,AWP,WE,Towers with Radar,97,33,5,4,139,0,131,27,4,162,97,164,32,8,301,55,0,55,356
02/04/2011,OGG,HI,AWP,WE,Towers with Radar,107,48,5,2,162,0,134,68,0,202,107,182,73,2,364,6,0,6,370
02/05/2011,OGG,HI,AWP,WE,Towers with Radar,111,37,10,0,158,0,114,31,0,145,111,151,41,0,303,18,0,18,321
02/06/2011,OGG,HI,AWP,WE,Towers with Radar,100,35,4,1,140,0,66,16,3,85,100,101,20,4,225,0,6,6,231
02/07/2011,OGG,HI,AWP,WE,Towers with Radar,102,40,10,20,172,0,94,18,0,112,102,134,28,20,284,8,4,12,296
02/08/2011,OGG,HI,AWP,WE,Towers with Radar,97,32,5,12,146,0,160,15,7,182,97,192,20,19,328,16,0,16,344
02/09/2011,OGG,HI,AWP,WE,Towers with Radar,101,34,6,17,158,0,146,20,6,172,101,180,26,23,330,26,0,26,356
02/10/2011,OGG,HI,AWP,WE,Towers with Radar,90,40,9,0,139,0,139,21,4,164,90,179,30,4,303,74,0,74,377
02/11/2011,OGG,HI,AWP,WE,Towers with Radar,99,40,6,0,145,0,114,32,3,149,99,154,38,3,294,14,0,14,308
02/12/2011,OGG,HI,AWP,WE,Towers with Radar,113,38,16,4,171,0,76,26,0,102,113,114,42,4,273,22,0,22,295
02/13/2011,OGG,HI,AWP,WE,Towers with Radar,98,27,9,2,136,0,113,15,0,128,98,140,24,2,264,8,2,10,274
02/14/2011,OGG,HI,AWP,WE,Towers with Radar,108,29,6,15,158,0,159,27,2,188,108,188,33,17,346,22,0,22,368
02/15/2011,OGG,HI,AWP,WE,Towers with Radar,100,40,8,17,165,0,174,13,3,190,100,214,21,20,355,12,4,16,371
02/16/2011,OGG,HI,AWP,WE,Towers with Radar,106,36,6,7,155,0,172,20,3,195,106,208,26,10,350,58,0,58,408
02/17/2011,OGG,HI,AWP,WE,Towers with Radar,107,38,10,6,161,0,169,41,4,214,107,207,51,10,375,41,0,41,416
02/18/2011,OGG,HI,AWP,WE,Towers with Radar,113,48,6,5,172,0,126,48,0,174,113,174,54,5,346,40,0,40,386
02/19/2011,OGG,HI,AWP,WE,Towers with Radar,112,34,9,0,155,0,140,28,0,168,112,174,37,0,323,22,0,22,345
02/20/2011,OGG,HI,AWP,WE,Towers with Radar,101,36,10,6,153,0,119,18,0,137,101,155,28,6,290,10,0,10,300
02/21/2011,OGG,HI,AWP,WE,Towers with Radar,101,31,5,6,143,0,162,18,2,182,101,193,23,8,325,18,6,24,349
02/22/2011,OGG,HI,AWP,WE,Towers with Radar,105,46,4,7,162,0,151,21,3,175,105,197,25,10,337,4,0,4,341
02/23/2011,OGG,HI,AWP,WE,Towers with Radar,106,37,10,2,155,0,162,42,0,204,106,199,52,2,359,14,0,14,373
02/24/2011,OGG,HI,AWP,WE,Towers with Radar,104,44,13,2,163,0,154,30,0,184,104,198,43,2,347,42,0,42,389
02/25/2011,OGG,HI,AWP,WE,Towers with Radar,110,41,15,10,176,0,189,40,2,231,110,230,55,12,407,20,0,20,427
02/26/2011,OGG,HI,AWP,WE,Towers with Radar,111,38,12,0,161,0,138,47,1,186,111,176,59,1,347,24,0,24,371
02/27/2011,OGG,HI,AWP,WE,Towers with Radar,98,35,10,1,144,0,127,35,4,166,98,162,45,5,310,18,0,18,328
02/28/2011,OGG,HI,AWP,WE,Towers with Radar,111,29,8,8,156,0,142,27,0,169,111,171,35,8,325,4,0,4,329
03/01/2011,OGG,HI,AWP,WE,Towers with Radar,102,39,6,6,153,0,132,23,0,155,102,171,29,6,308,32,0,32,340
03/02/2011,OGG,HI,AWP,WE,Towers with Radar,110,35,5,2,152,0,157,20,2,179,110,192,25,4,331,16,0,16,347
03/03/2011,OGG,HI,AWP,WE,Towers with Radar,112,34,7,8,161,0,153,23,0,176,112,187,30,8,337,23,0,23,360
03/04/2011,OGG,HI,AWP,WE,Towers with Radar,112,53,4,0,169,0,20,4,0,24,112,73,8,0,193,18,0,18,211
03/05/2011,OGG,HI,AWP,WE,Towers with Radar,117,44,9,2,172,0,91,18,0,109,117,135,27,2,281,12,0,12,293
03/06/2011,OGG,HI,AWP,WE,Towers with Radar,109,31,8,1,149,0,132,28,0,160,109,163,36,1,309,70,0,70,379
03/07/2011,OGG,HI,AWP,WE,Towers with Radar,105,40,1,8,154,0,150,32,0,182,105,190,33,8,336,12,0,12,348
03/08/2011,OGG,HI,AWP,WE,Towers with Radar,98,34,11,24,167,0,187,38,3,228,98,221,49,27,395,24,10,34,429
03/09/2011,OGG,HI,AWP,WE,Towers with Radar,110,32,6,14,162,0,189,26,1,216,110,221,32,15,378,10,0,10,388
03/10/2011,OGG,HI,AWP,WE,Towers with Radar,106,55,6,6,173,0,174,39,2,215,106,229,45,8,388,22,0,22,410
03/11/2011,OGG,HI,AWP,WE,Towers with Radar,108,36,3,0,147,0,98,31,2,131,108,134,34,2,278,10,0,10,288
03/12/2011,OGG,HI,AWP,WE,Towers with Radar,115,42,12,2,171,0,181,32,0,213,115,223,44,2,384,30,0,30,414
03/13/2011,OGG,HI,AWP,WE,Towers with Radar,104,30,4,0,138,0,160,31,0,191,104,190,35,0,329,36,0,36,365
03/14/2011,OGG,HI,AWP,WE,Towers with Radar,106,24,9,4,143,0,202,42,2,246,106,226,51,6,389,22,0,22,411
03/15/2011,OGG,HI,AWP,WE,Towers with Radar,106,26,6,19,157,0,217,36,0,253,106,243,42,19,410,16,16,32,442
03/16/2011,OGG,HI,AWP,WE,Towers with Radar,119,33,7,4,163,0,215,16,0,231,119,248,23,4,394,22,0,22,416
03/17/2011,OGG,HI,AWP,WE,Towers with Radar,108,23,5,6,142,0,227,15,0,242,108,250,20,6,384,8,2,10,394
03/18/2011,OGG,HI,AWP,WE,Towers with Radar,114,39,13,4,170,0,172,28,1,201,114,211,41,5,371,10,8,18,389
03/19/2011,OGG,HI,AWP,WE,Towers with Radar,109,33,15,4,161,0,129,28,1,158,109,162,43,5,319,8,0,8,327
03/20/2011,OGG,HI,AWP,WE,Towers with Radar,109,41,9,0,159,0,146,15,0,161,109,187,24,0,320,24,0,24,344
03/21/2011,OGG,HI,AWP,WE,Towers with Radar,112,42,3,2,159,0,174,22,3,199,112,216,25,5,358,4,0,4,362
03/22/2011,OGG,HI,AWP,WE,Towers with Radar,106,26,1,6,139,0,156,28,0,184,106,182,29,6,323,6,10,16,339
03/23/2011,OGG,HI,AWP,WE,Towers with Radar,109,32,7,12,160,0,160,14,1,175,109,192,21,13,335,21,0,21,356
03/24/2011,OGG,HI,AWP,WE,Towers with Radar,110,40,6,8,164,0,179,25,1,205,110,219,31,9,369,15,0,15,384
03/25/2011,OGG,HI,AWP,WE,Towers with Radar,113,36,3,3,155,0,176,35,0,211,113,212,38,3,366,14,0,14,380
03/26/2011,OGG,HI,AWP,WE,Towers with Radar,111,39,8,4,162,0,142,13,0,155,111,181,21,4,317,40,0,40,357
03/27/2011,OGG,HI,AWP,WE,Towers with Radar,101,28,6,1,136,0,119,13,0,132,101,147,19,1,268,26,0,26,294
03/28/2011,OGG,HI,AWP,WE,Towers with Radar,113,30,5,10,158,0,176,24,2,202,113,206,29,12,360,12,0,12,372
03/29/2011,OGG,HI,AWP,WE,Towers with Radar,100,29,7,6,142,0,149,32,0,181,100,178,39,6,323,40,0,40,363
03/30/2011,OGG,HI,AWP,WE,Towers with Radar,118,35,4,7,164,0,190,30,1,221,118,225,34,8,385,38,0,38,423
03/31/2011,OGG,HI,AWP,WE,Towers with Radar,105,33,8,7,153,0,176,43,5,224,105,209,51,12,377,14,0,14,391
04/01/2011,OGG,HI,AWP,WE,Towers with Radar,116,31,8,6,161,0,154,43,4,201,116,185,51,10,362,6,0,6,368
04/02/2011,OGG,HI,AWP,WE,Towers with Radar,119,26,11,5,161,0,154,26,3,183,119,180,37,8,344,0,1,1,345
04/03/2011,OGG,HI,AWP,WE,Towers with Radar,109,25,6,8,148,0,142,29,3,174,109,167,35,11,322,22,0,22,344
04/04/2011,OGG,HI,AWP,WE,Towers with Radar,111,30,9,1,151,0,177,27,2,206,111,207,36,3,357,48,0,48,405
04/05/2011,OGG,HI,AWP,WE,Towers with Radar,107,32,6,4,149,0,185,30,1,216,107,217,36,5,365,50,0,50,415
04/06/2011,OGG,HI,AWP,WE,Towers with Radar,108,36,4,4,152,0,154,25,3,182,108,190,29,7,334,12,0,12,346
04/07/2011,OGG,HI,AWP,WE,Towers with Radar,104,39,14,2,159,0,127,23,3,153,104,166,37,5,312,40,0,40,352
04/08/2011,OGG,HI,AWP,WE,Towers with Radar,113,38,6,2,159,0,134,14,0,148,113,172,20,2,307,20,0,20,327
04/09/2011,OGG,HI,AWP,WE,Towers with Radar,119,33,8,0,160,0,152,36,1,189,119,185,44,1,349,42,0,42,391
04/10/2011,OGG,HI,AWP,WE,Towers with Radar,94,32,5,0,131,0,132,27,1,160,94,164,32,1,291,4,0,4,295
04/11/2011,OGG,HI,AWP,WE,Towers with Radar,106,45,7,23,181,0,136,34,1,171,106,181,41,24,352,10,8,18,370
04/12/2011,OGG,HI,AWP,WE,Towers with Radar,103,39,4,1,147,0,160,33,3,196,103,199,37,4,343,22,0,22,365
04/13/2011,OGG,HI,AWP,WE,Towers with Radar,107,38,4,5,154,0,180,25,2,207,107,218,29,7,361,45,0,45,406
04/14/2011,OGG,HI,AWP,WE,Towers with Radar,107,41,16,4,168,0,151,40,0,191,107,192,56,4,359,2,0,2,361
04/15/2011,OGG,HI,AWP,WE,Towers with Radar,109,40,4,4,157,0,162,30,0,192,109,202,34,4,349,2,0,2,351
04/16/2011,OGG,HI,AWP,WE,Towers with Radar,104,29,8,0,141,0,126,45,0,171,104,155,53,0,312,17,0,17,329
04/17/2011,OGG,HI,AWP,WE,Towers with Radar,112,39,9,3,163,0,132,21,1,154,112,171,30,4,317,38,0,38,355
04/18/2011,OGG,HI,AWP,WE,Towers with Radar,108,28,1,8,145,0,165,43,2,210,108,193,44,10,355,22,0,22,377
04/19/2011,OGG,HI,AWP,WE,Towers with Radar,97,27,4,10,138,0,191,33,6,230,97,218,37,16,368,24,0,24,392
04/20/2011,OGG,HI,AWP,WE,Towers with Radar,100,29,5,6,140,0,148,48,4,200,100,177,53,10,340,32,0,32,372
04/21/2011,OGG,HI,AWP,WE,Towers with Radar,105,29,7,7,148,0,162,48,0,210,105,191,55,7,358,12,2,14,372
04/22/2011,OGG,HI,AWP,WE,Towers with Radar,112,27,9,1,149,0,186,44,1,231,112,213,53,2,380,42,0,42,422
04/23/2011,OGG,HI,AWP,WE,Towers with Radar,115,32,8,0,155,0,167,32,0,199,115,199,40,0,354,54,0,54,408
04/24/2011,OGG,HI,AWP,WE,Towers with Radar,107,30,4,5,146,0,123,23,1,147,107,153,27,6,293,10,0,10,303
04/25/2011,OGG,HI,AWP,WE,Towers with Radar,108,26,7,8,149,0,135,36,0,171,108,161,43,8,320,40,0,40,360
04/26/2011,OGG,HI,AWP,WE,Towers with Radar,103,21,2,17,143,0,151,17,2,170,103,172,19,19,313,16,0,16,329
04/27/2011,OGG,HI,AWP,WE,Towers with Radar,106,29,5,12,152,0,157,22,0,179,106,186,27,12,331,54,0,54,385
04/28/2011,OGG,HI,AWP,WE,Towers with Radar,101,27,5,5,138,0,156,25,1,182,101,183,30,6,320,10,0,10,330
04/29/2011,OGG,HI,AWP,WE,Towers with Radar,108,30,8,2,148,0,116,30,0,146,108,146,38,2,294,70,0,70,364
04/30/2011,OGG,HI,AWP,WE,Towers with Radar,117,38,2,0,157,0,103,37,0,140,117,141,39,0,297,8,0,8,305
05/01/2011,OGG,HI,AWP,WE,Towers with Radar,91,24,4,4,123,0,104,24,0,128,91,128,28,4,251,34,0,34,285
05/02/2011,OGG,HI,AWP,WE,Towers with Radar,92,27,0,0,119,0,131,32,0,163,92,158,32,0,282,26,0,26,308
05/03/2011,OGG,HI,AWP,WE,Towers with Radar,92,31,4,5,132,0,123,24,3,150,92,154,28,8,282,16,2,18,300
05/04/2011,OGG,HI,AWP,WE,Towers with Radar,101,29,7,13,150,0,128,13,1,142,101,157,20,14,292,28,0,28,320
05/05/2011,OGG,HI,AWP,WE,Towers with Radar,94,47,3,12,156,0,121,11,12,144,94,168,14,24,300,6,0,6,306
05/06/2011,OGG,HI,AWP,WE,Towers with Radar,107,52,2,7,168,0,102,19,0,121,107,154,21,7,289,26,0,26,315
05/07/2011,OGG,HI,AWP,WE,Towers with Radar,96,29,6,0,131,0,103,8,1,112,96,132,14,1,243,0,0,0,243
05/08/2011,OGG,HI,AWP,WE,Towers with Radar,98,32,3,0,133,0,135,12,0,147,98,167,15,0,280,24,0,24,304
05/09/2011,OGG,HI,AWP,WE,Towers with Radar,99,27,4,24,154,0,114,20,2,136,99,141,24,26,290,10,0,10,300
05/10/2011,OGG,HI,AWP,WE,Towers with Radar,91,30,2,20,143,0,136,29,6,171,91,166,31,26,314,18,0,18,332
05/11/2011,OGG,HI,AWP,WE,Towers with Radar,103,23,8,11,145,0,142,30,2,174,103,165,38,13,319,32,0,32,351
05/12/2011,OGG,HI,AWP,WE,Towers with Radar,101,31,6,4,142,0,169,36,0,205,101,200,42,4,347,8,0,8,355
05/13/2011,OGG,HI,AWP,WE,Towers with Radar,106,33,7,6,152,0,147,34,11,192,106,180,41,17,344,28,0,28,372
05/14/2011,OGG,HI,AWP,WE,Towers with Radar,103,36,0,2,141,0,141,30,0,171,103,177,30,2,312,26,0,26,338
05/15/2011,OGG,HI,AWP,WE,Towers with Radar,96,26,6,0,128,0,109,26,0,135,96,135,32,0,263,9,0,9,272
05/16/2011,OGG,HI,AWP,WE,Towers with Radar,98,30,2,12,142,0,113,31,2,146,98,143,33,14,288,6,6,12,300
05/17/2011,OGG,HI,AWP,WE,Towers with Radar,98,31,7,12,148,0,156,29,2,187,98,187,36,14,335,4,2,6,341
05/18/2011,OGG,HI,AWP,WE,Towers with Radar,102,28,5,6,141,0,199,37,3,239,102,227,42,9,380,19,16,35,415
05/19/2011,OGG,HI,AWP,WE,Towers with Radar,100,33,6,10,149,0,208,17,1,226,100,241,23,11,375,57,10,67,442
05/20/2011,OGG,HI,AWP,WE,Towers with Radar,101,32,1,3,137,0,163,25,2,190,101,195,26,5,327,4,0,4,331
05/21/2011,OGG,HI,AWP,WE,Towers with Radar,108,28,8,0,144,0,124,23,0,147,108,152,31,0,291,12,0,12,303
05/22/2011,OGG,HI,AWP,WE,Towers with Radar,93,27,2,0,122,0,92,10,0,102,93,119,12,0,224,10,0,10,234
05/23/2011,OGG,HI,AWP,WE,Towers with Radar,92,32,3,11,138,0,144,21,0,165,92,176,24,11,303,10,0,10,313
05/24/2011,OGG,HI,AWP,WE,Towers with Radar,95,25,1,12,133,0,151,19,4,174,95,176,20,16,307,10,4,14,321
05/25/2011,OGG,HI,AWP,WE,Towers with Radar,91,26,1,13,131,0,151,19,0,170,91,177,20,13,301,17,18,35,336
05/26/2011,OGG,HI,AWP,WE,Towers with Radar,101,33,3,18,155,0,159,35,0,194,101,192,38,18,349,42,0,42,391
05/27/2011,OGG,HI,AWP,WE,Towers with Radar,111,36,7,0,154,0,139,28,0,167,111,175,35,0,321,20,0,20,341
05/28/2011,OGG,HI,AWP,WE,Towers with Radar,103,33,3,0,139,0,121,19,0,140,103,154,22,0,279,2,0,2,281
05/29/2011,OGG,HI,AWP,WE,Towers with Radar,87,35,3,0,125,0,113,9,0,122,87,148,12,0,247,12,0,12,259
05/30/2011,OGG,HI,AWP,WE,Towers with Radar,94,27,9,0,130,0,138,21,0,159,94,165,30,0,289,6,0,6,295
05/31/2011,OGG,HI,AWP,WE,Towers with Radar,101,24,5,6,136,0,133,12,0,145,101,157,17,6,281,16,0,16,297
06/01/2011,OGG,HI,AWP,WE,Towers with Radar,96,31,3,16,146,0,116,25,4,145,96,147,28,20,291,78,2,80,371
06/02/2011,OGG,HI,AWP,WE,Towers with Radar,96,28,6,5,135,0,154,25,4,183,96,182,31,9,318,6,0,6,324
06/03/2011,OGG,HI,AWP,WE,Towers with Radar,112,40,8,1,161,0,121,19,0,140,112,161,27,1,301,22,0,22,323
06/04/2011,OGG,HI,AWP,WE,Towers with Radar,101,34,1,9,145,0,118,14,3,135,101,152,15,12,280,38,0,38,318
06/05/2011,OGG,HI,AWP,WE,Towers with Radar,99,31,5,4,139,0,129,25,0,154,99,160,30,4,293,30,0,30,323
06/06/2011,OGG,HI,AWP,WE,Towers with Radar,111,30,8,0,149,0,141,33,2,176,111,171,41,2,325,17,0,17,342
06/07/2011,OGG,HI,AWP,WE,Towers with Radar,97,43,4,13,157,0,85,30,0,115,97,128,34,13,272,24,6,30,302
06/08/2011,OGG,HI,AWP,WE,Towers with Radar,100,39,6,9,154,0,168,38,1,207,100,207,44,10,361,26,0,26,387
06/09/2011,OGG,HI,AWP,WE,Towers with Radar,103,35,4,15,157,0,142,36,3,181,103,177,40,18,338,16,8,24,362
06/10/2011,OGG,HI,AWP,WE,Towers with Radar,108,31,8,2,149,0,161,27,4,192,108,192,35,6,341,12,0,12,353
06/11/2011,OGG,HI,AWP,WE,Towers with Radar,105,26,11,0,142,0,126,11,0,137,105,152,22,0,279,16,0,16,295
06/12/2011,OGG,HI,AWP,WE,Towers with Radar,96,33,6,0,135,0,122,12,0,134,96,155,18,0,269,0,0,0,269
06/13/2011,OGG,HI,AWP,WE,Towers with Radar,105,30,7,5,147,0,164,21,3,188,105,194,28,8,335,12,2,14,349
06/14/2011,OGG,HI,AWP,WE,Towers with Radar,98,35,0,21,154,0,163,31,20,214,98,198,31,41,368,22,0,22,390
06/15/2011,OGG,HI,AWP,WE,Towers with Radar,106,33,3,13,155,0,165,36,21,222,106,198,39,34,377,30,0,30,407
06/16/2011,OGG,HI,AWP,WE,Towers with Radar,111,48,7,15,181,0,134,28,17,179,111,182,35,32,360,0,4,4,364
06/17/2011,OGG,HI,AWP,WE,Towers with Radar,107,46,3,0,156,0,160,21,0,181,107,206,24,0,337,20,0,20,357
06/18/2011,OGG,HI,AWP,WE,Towers with Radar,110,36,7,0,153,0,129,30,3,162,110,165,37,3,315,8,0,8,323
06/19/2011,OGG,HI,AWP,WE,Towers with Radar,100,43,4,0,147,0,114,24,2,140,100,157,28,2,287,16,0,16,303
06/20/2011,OGG,HI,AWP,WE,Towers with Radar,93,31,7,3,134,0,150,22,1,173,93,181,29,4,307,16,8,24,331
06/21/2011,OGG,HI,AWP,WE,Towers with Radar,117,27,3,20,167,0,162,30,6,198,117,189,33,26,365,12,0,12,377
06/22/2011,OGG,HI,AWP,WE,Towers with Radar,110,31,6,4,151,0,152,34,1,187,110,183,40,5,338,20,8,28,366
06/23/2011,OGG,HI,AWP,WE,Towers with Radar,99,36,1,20,156,0,142,24,1,167,99,178,25,21,323,29,0,29,352
06/24/2011,OGG,HI,AWP,WE,Towers with Radar,107,47,2,6,162,0,148,45,2,195,107,195,47,8,357,27,0,27,384
06/25/2011,OGG,HI,AWP,WE,Towers with Radar,105,33,5,0,143,0,136,23,0,159,105,169,28,0,302,0,0,0,302
06/26/2011,OGG,HI,AWP,WE,Towers with Radar,101,40,3,0,144,0,132,24,0,156,101,172,27,0,300,8,0,8,308
06/27/2011,OGG,HI,AWP,WE,Towers with Radar,114,33,1,1,149,0,152,34,5,191,114,185,35,6,340,28,0,28,368
06/28/2011,OGG,HI,AWP,WE,Towers with Radar,108,28,1,14,151,0,141,19,2,162,108,169,20,16,313,25,2,27,340
06/29/2011,OGG,HI,AWP,WE,Towers with Radar,112,33,5,10,160,0,149,21,0,170,112,182,26,10,330,35,0,35,365
06/30/2011,OGG,HI,AWP,WE,Towers with Radar,118,33,5,4,160,0,183,39,3,225,118,216,44,7,385,14,2,16,401
07/01/2011,OGG,HI,AWP,WE,Towers with Radar,110,37,6,0,153,0,148,51,0,199,110,185,57,0,352,26,0,26,378
07/02/2011,OGG,HI,AWP,WE,Towers with Radar,119,34,6,0,159,0,130,23,0,153,119,164,29,0,312,18,0,18,330
07/03/2011,OGG,HI,AWP,WE,Towers with Radar,108,36,3,1,148,0,141,22,0,163,108,177,25,1,311,68,0,68,379
07/04/2011,OGG,HI,AWP,WE,Towers with Radar,101,40,9,0,150,0,141,29,0,170,101,181,38,0,320,12,0,12,332
07/05/2011,OGG,HI,AWP,WE,Towers with Radar,101,41,7,28,177,0,172,31,2,205,101,213,38,30,382,42,6,48,430
07/06/2011,OGG,HI,AWP,WE,Towers with Radar,100,38,6,8,152,0,167,28,2,197,100,205,34,10,349,22,0,22,371
07/07/2011,OGG,HI,AWP,WE,Towers with Radar,107,48,17,6,178,0,116,13,2,131,107,164,30,8,309,28,0,28,337
07/08/2011,OGG,HI,AWP,WE,Towers with Radar,111,43,5,0,159,0,200,31,2,233,111,243,36,2,392,24,0,24,416
07/09/2011,OGG,HI,AWP,WE,Towers with Radar,113,35,6,2,156,0,178,22,0,200,113,213,28,2,356,6,0,6,362
07/10/2011,OGG,HI,AWP,WE,Towers with Radar,108,34,8,1,151,0,136,30,3,169,108,170,38,4,320,22,0,22,342
07/11/2011,OGG,HI,AWP,WE,Towers with Radar,104,25,7,3,139,0,178,29,0,207,104,203,36,3,346,20,0,20,366
07/12/2011,OGG,HI,AWP,WE,Towers with Radar,116,30,2,18,166,0,198,30,2,230,116,228,32,20,396,33,0,33,429
07/13/2011,OGG,HI,AWP,WE,Towers with Radar,107,32,8,3,150,0,189,24,1,214,107,221,32,4,364,39,0,39,403
07/14/2011,OGG,HI,AWP,WE,Towers with Radar,110,39,8,16,173,0,162,35,3,200,110,201,43,19,373,45,10,55,428
07/15/2011,OGG,HI,AWP,WE,Towers with Radar,108,38,3,0,149,0,184,28,0,212,108,222,31,0,361,4,0,4,365
07/16/2011,OGG,HI,AWP,WE,Towers with Radar,112,30,9,0,151,0,149,17,0,166,112,179,26,0,317,2,0,2,319
07/17/2011,OGG,HI,AWP,WE,Towers with Radar,115,30,7,1,153,0,133,32,2,167,115,163,39,3,320,24,0,24,344
07/18/2011,OGG,HI,AWP,WE,Towers with Radar,104,34,3,7,148,0,156,29,10,195,104,190,32,17,343,16,2,18,361
07/19/2011,OGG,HI,AWP,WE,Towers with Radar,102,38,3,4,147,0,171,22,23,216,102,209,25,27,363,42,0,42,405
07/20/2011,OGG,HI,AWP,WE,Towers with Radar,114,32,10,0,156,0,180,28,10,218,114,212,38,10,374,43,0,43,417
07/21/2011,OGG,HI,AWP,WE,Towers with Radar,105,42,4,12,163,0,145,22,1,168,105,187,26,13,331,12,0,12,343
07/22/2011,OGG,HI,AWP,WE,Towers with Radar,109,41,4,2,156,0,166,22,0,188,109,207,26,2,344,20,0,20,364
07/23/2011,OGG,HI,AWP,WE,Towers with Radar,109,34,6,0,149,0,169,23,0,192,109,203,29,0,341,6,0,6,347
07/24/2011,OGG,HI,AWP,WE,Towers with Radar,103,28,1,0,132,0,130,28,0,158,103,158,29,0,290,6,0,6,296
07/25/2011,OGG,HI,AWP,WE,Towers with Radar,115,37,4,6,162,0,174,34,0,208,115,211,38,6,370,8,0,8,378
07/26/2011,OGG,HI,AWP,WE,Towers with Radar,108,35,3,18,164,0,139,29,3,171,108,174,32,21,335,40,0,40,375
07/27/2011,OGG,HI,AWP,WE,Towers with Radar,114,38,9,3,164,0,174,38,5,217,114,212,47,8,381,10,0,10,391
07/28/2011,OGG,HI,AWP,WE,Towers with Radar,106,40,5,7,158,0,182,25,2,209,106,222,30,9,367,14,0,14,381
07/29/2011,OGG,HI,AWP,WE,Towers with Radar,126,58,6,1,191,0,92,18,0,110,126,150,24,1,301,12,0,12,313
07/30/2011,OGG,HI,AWP,WE,Towers with Radar,118,38,9,0,165,0,159,28,0,187,118,197,37,0,352,12,0,12,364
07/31/2011,OGG,HI,AWP,WE,Towers with Radar,109,37,6,0,152,0,137,14,0,151,109,174,20,0,303,8,0,8,311
08/01/2011,OGG,HI,AWP,WE,Towers with Radar,108,38,4,13,163,0,135,30,2,167,108,173,34,15,330,26,0,26,356
08/02/2011,OGG,HI,AWP,WE,Towers with Radar,103,36,8,7,154,0,158,19,2,179,103,194,27,9,333,10,6,16,349
08/03/2011,OGG,HI,AWP,WE,Towers with Radar,109,24,7,0,140,0,173,12,6,191,109,197,19,6,331,38,0,38,369
08/04/2011,OGG,HI,AWP,WE,Towers with Radar,102,31,4,6,143,0,185,16,3,204,102,216,20,9,347,44,0,44,391
08/05/2011,OGG,HI,AWP,WE,Towers with Radar,124,40,3,4,171,0,146,37,6,189,124,186,40,10,360,14,0,14,374
08/06/2011,OGG,HI,AWP,WE,Towers with Radar,103,40,5,0,148,0,148,28,1,177,103,188,33,1,325,18,0,18,343
08/07/2011,OGG,HI,AWP,WE,Towers with Radar,102,36,7,3,148,0,127,38,0,165,102,163,45,3,313,0,0,0,313
08/08/2011,OGG,HI,AWP,WE,Towers with Radar,110,48,11,10,179,0,129,30,2,161,110,177,41,12,340,6,6,12,352
08/09/2011,OGG,HI,AWP,WE,Towers with Radar,118,38,1,9,166,0,151,26,5,182,118,189,27,14,348,6,4,10,358
08/10/2011,OGG,HI,AWP,WE,Towers with Radar,110,35,6,2,153,0,162,42,1,205,110,197,48,3,358,6,0,6,364
08/11/2011,OGG,HI,AWP,WE,Towers with Radar,112,27,6,6,151,0,165,26,0,191,112,192,32,6,342,20,0,20,362
08/12/2011,OGG,HI,AWP,WE,Towers with Radar,114,43,9,7,173,0,155,36,2,193,114,198,45,9,366,16,0,16,382
08/13/2011,OGG,HI,AWP,WE,Towers with Radar,112,28,9,0,149,0,103,19,0,122,112,131,28,0,271,14,0,14,285
08/14/2011,OGG,HI,AWP,WE,Towers with Radar,102,37,6,2,147,0,128,26,1,155,102,165,32,3,302,26,0,26,328
08/15/2011,OGG,HI,AWP,WE,Towers with Radar,112,37,7,5,161,0,143,14,3,160,112,180,21,8,321,18,0,18,339
08/16/2011,OGG,HI,AWP,WE,Towers with Radar,103,37,8,33,181,0,168,36,4,208,103,205,44,37,389,30,0,30,419
08/17/2011,OGG,HI,AWP,WE,Towers with Radar,106,38,6,2,152,0,189,27,2,218,106,227,33,4,370,22,0,22,392
08/18/2011,OGG,HI,AWP,WE,Towers with Radar,112,33,5,18,168,0,183,26,4,213,112,216,31,22,381,47,0,47,428
08/19/2011,OGG,HI,AWP,WE,Towers with Radar,116,38,3,4,161,0,187,24,3,214,116,225,27,7,375,36,0,36,411
08/20/2011,OGG,HI,AWP,WE,Towers with Radar,114,36,5,3,158,0,140,25,1,166,114,176,30,4,324,32,0,32,356
08/21/2011,OGG,HI,AWP,WE,Towers with Radar,108,37,3,0,148,0,52,16,0,68,108,89,19,0,216,30,0,30,246
08/22/2011,OGG,HI,AWP,WE,Towers with Radar,102,36,6,8,152,0,161,31,0,192,102,197,37,8,344,16,10,26,370
08/23/2011,OGG,HI,AWP,WE,Towers with Radar,98,33,7,11,149,0,162,22,10,194,98,195,29,21,343,24,20,44,387
08/24/2011,OGG,HI,AWP,WE,Towers with Radar,104,39,5,2,150,0,155,31,1,187,104,194,36,3,337,22,0,22,359
08/25/2011,OGG,HI,AWP,WE,Towers with Radar,101,32,3,7,143,0,170,36,7,213,101,202,39,14,356,65,0,65,421
08/26/2011,OGG,HI,AWP,WE,Towers with Radar,106,41,3,11,161,0,150,32,0,182,106,191,35,11,343,12,0,12,355
08/27/2011,OGG,HI,AWP,WE,Towers with Radar,108,34,1,0,143,0,115,26,0,141,108,149,27,0,284,24,0,24,308
08/28/2011,OGG,HI,AWP,WE,Towers with Radar,99,39,0,0,138,0,98,21,2,121,99,137,21,2,259,4,0,4,263
08/29/2011,OGG,HI,AWP,WE,Towers with Radar,106,38,8,6,158,0,148,29,2,179,106,186,37,8,337,26,0,26,363
08/30/2011,OGG,HI,AWP,WE,Towers with Radar,100,31,5,7,143,0,125,21,7,153,100,156,26,14,296,54,0,54,350
08/31/2011,OGG,HI,AWP,WE,Towers with Radar,93,23,1,2,119,0,129,17,0,146,93,152,18,2,265,6,0,6,271
09/01/2011,OGG,HI,AWP,WE,Towers with Radar,105,31,8,8,152,0,142,20,0,162,105,173,28,8,314,22,0,22,336
09/02/2011,OGG,HI,AWP,WE,Towers with Radar,117,35,5,3,160,0,125,37,0,162,117,160,42,3,322,6,0,6,328
09/03/2011,OGG,HI,AWP,WE,Towers with Radar,100,41,5,3,149,0,83,24,0,107,100,124,29,3,256,2,0,2,258
09/04/2011,OGG,HI,AWP,WE,Towers with Radar,103,30,1,0,134,0,119,13,0,132,103,149,14,0,266,14,0,14,280
09/05/2011,OGG,HI,AWP,WE,Towers with Radar,102,29,4,0,135,0,128,23,0,151,102,157,27,0,286,50,0,50,336
09/06/2011,OGG,HI,AWP,WE,Towers with Radar,102,34,4,14,154,0,147,24,1,172,102,181,28,15,326,72,0,72,398
09/07/2011,OGG,HI,AWP,WE,Towers with Radar,95,27,3,6,131,0,157,28,0,185,95,184,31,6,316,29,0,29,345
09/08/2011,OGG,HI,AWP,WE,Towers with Radar,98,28,4,6,136,0,167,36,0,203,98,195,40,6,339,26,0,26,365
09/09/2011,OGG,HI,AWP,WE,Towers with Radar,103,32,5,2,142,0,160,32,0,192,103,192,37,2,334,14,0,14,348
09/10/2011,OGG,HI,AWP,WE,Towers with Radar,98,35,8,2,143,0,116,27,0,143,98,151,35,2,286,34,0,34,320
09/11/2011,OGG,HI,AWP,WE,Towers with Radar,93,35,3,0,131,0,119,14,1,134,93,154,17,1,265,30,0,30,295
09/12/2011,OGG,HI,AWP,WE,Towers with Radar,105,34,1,18,158,0,151,27,0,178,105,185,28,18,336,26,0,26,362
09/13/2011,OGG,HI,AWP,WE,Towers with Radar,96,23,2,13,134,0,148,32,2,182,96,171,34,15,316,23,0,23,339
09/14/2011,OGG,HI,AWP,WE,Towers with Radar,90,23,3,6,122,0,151,38,3,192,90,174,41,9,314,24,0,24,338
09/15/2011,OGG,HI,AWP,WE,Towers with Radar,96,33,0,16,145,0,150,32,6,188,96,183,32,22,333,45,0,45,378
09/16/2011,OGG,HI,AWP,WE,Towers with Radar,104,32,2,8,146,0,147,31,0,178,104,179,33,8,324,24,0,24,348
09/17/2011,OGG,HI,AWP,WE,Towers with Radar,104,27,3,6,140,0,127,30,0,157,104,154,33,6,297,26,0,26,323
09/18/2011,OGG,HI,AWP,WE,Towers with Radar,94,30,0,0,124,0,104,27,0,131,94,134,27,0,255,4,0,4,259
09/19/2011,OGG,HI,AWP,WE,Towers with Radar,101,32,0,13,146,0,126,34,3,163,101,158,34,16,309,26,4,30,339
09/20/2011,OGG,HI,AWP,WE,Towers with Radar,92,34,2,19,147,0,167,25,9,201,92,201,27,28,348,30,0,30,378
09/21/2011,OGG,HI,AWP,WE,Towers with Radar,91,30,4,16,141,0,156,19,6,181,91,186,23,22,322,26,4,30,352
09/22/2011,OGG,HI,AWP,WE,Towers with Radar,96,31,4,26,157,0,150,20,3,173,96,181,24,29,330,32,2,34,364
09/23/2011,OGG,HI,AWP,WE,Towers with Radar,98,29,4,0,131,0,170,29,0,199,98,199,33,0,330,18,0,18,348
09/24/2011,OGG,HI,AWP,WE,Towers with Radar,100,35,0,0,135,0,128,24,0,152,100,163,24,0,287,4,0,4,291
09/25/2011,OGG,HI,AWP,WE,Towers with Radar,94,26,4,0,124,0,95,17,0,112,94,121,21,0,236,20,0,20,256
09/26/2011,OGG,HI,AWP,WE,Towers with Radar,96,27,4,6,133,0,156,38,0,194,96,183,42,6,327,24,0,24,351
09/27/2011,OGG,HI,AWP,WE,Towers with Radar,90,28,3,4,125,0,152,25,4,181,90,180,28,8,306,16,0,16,322
09/28/2011,OGG,HI,AWP,WE,Towers with Radar,91,37,3,11,142,0,134,36,2,172,91,171,39,13,314,52,0,52,366
09/29/2011,OGG,HI,AWP,WE,Towers with Radar,92,35,3,2,132,0,161,18,0,179,92,196,21,2,311,6,0,6,317
09/30/2011,OGG,HI,AWP,WE,Towers with Radar,98,37,1,0,136,0,130,22,0,152,98,167,23,0,288,18,0,18,306
10/01/2011,OGG,HI,AWP,WE,Towers with Radar,103,23,2,1,129,0,104,14,0,118,103,127,16,1,247,4,0,4,251
10/02/2011,OGG,HI,AWP,WE,Towers with Radar,103,26,4,2,135,0,98,15,0,113,103,124,19,2,248,0,0,0,248
10/03/2011,OGG,HI,AWP,WE,Towers with Radar,91,26,5,16,138,0,122,18,2,142,91,148,23,18,280,14,0,14,294
10/04/2011,OGG,HI,AWP,WE,Towers with Radar,96,27,6,0,129,0,139,29,2,170,96,166,35,2,299,23,0,23,322
10/05/2011,OGG,HI,AWP,WE,Towers with Radar,91,26,7,10,134,0,153,39,0,192,91,179,46,10,326,42,8,50,376
10/06/2011,OGG,HI,AWP,WE,Towers with Radar,93,30,4,6,133,0,161,20,0,181,93,191,24,6,314,44,0,44,358
10/07/2011,OGG,HI,AWP,WE,Towers with Radar,102,36,6,0,144,0,140,30,0,170,102,176,36,0,314,28,0,28,342
10/08/2011,OGG,HI,AWP,WE,Towers with Radar,103,29,3,2,137,0,156,16,1,173,103,185,19,3,310,22,0,22,332
10/09/2011,OGG,HI,AWP,WE,Towers with Radar,96,29,4,0,129,0,113,20,0,133,96,142,24,0,262,36,0,36,298
10/10/2011,OGG,HI,AWP,WE,Towers with Radar,88,31,1,0,120,0,134,27,0,161,88,165,28,0,281,20,0,20,301
10/11/2011,OGG,HI,AWP,WE,Towers with Radar,94,28,4,20,146,0,129,33,0,162,94,157,37,20,308,14,9,23,331
10/12/2011,OGG,HI,AWP,WE,Towers with Radar,91,28,1,11,131,0,171,33,13,217,91,199,34,24,348,58,0,58,406
10/13/2011,OGG,HI,AWP,WE,Towers with Radar,94,27,3,4,128,0,152,16,4,172,94,179,19,8,300,26,0,26,326
10/14/2011,OGG,HI,AWP,WE,Towers with Radar,104,32,4,0,140,0,138,21,0,159,104,170,25,0,299,14,0,14,313
10/15/2011,OGG,HI,AWP,WE,Towers with Radar,104,29,5,2,140,0,128,20,0,148,104,157,25,2,288,24,0,24,312
10/16/2011,OGG,HI,AWP,WE,Towers with Radar,91,34,3,0,128,0,105,16,0,121,91,139,19,0,249,2,0,2,251
10/17/2011,OGG,HI,AWP,WE,Towers with Radar,93,28,3,14,138,0,123,33,0,156,93,151,36,14,294,20,0,20,314
10/18/2011,OGG,HI,AWP,WE,Towers with Radar,94,28,1,14,137,0,153,26,3,182,94,181,27,17,319,12,4,16,335
10/19/2011,OGG,HI,AWP,WE,Towers with Radar,91,41,3,15,150,0,153,34,1,188,91,194,37,16,338,32,0,32,370
10/20/2011,OGG,HI,AWP,WE,Towers with Radar,100,28,3,26,157,0,171,25,0,196,100,199,28,26,353,44,0,44,397
10/21/2011,OGG,HI,AWP,WE,Towers with Radar,104,42,6,1,153,0,159,28,0,187,104,201,34,1,340,14,0,14,354
10/22/2011,OGG,HI,AWP,WE,Towers with Radar,97,26,3,0,126,0,128,19,0,147,97,154,22,0,273,18,0,18,291
10/23/2011,OGG,HI,AWP,WE,Towers with Radar,96,30,2,0,128,0,117,25,2,144,96,147,27,2,272,8,0,8,280
10/24/2011,OGG,HI,AWP,WE,Towers with Radar,94,34,8,9,145,0,142,30,3,175,94,176,38,12,320,36,0,36,356
10/25/2011,OGG,HI,AWP,WE,Towers with Radar,96,27,4,7,134,0,154,20,1,175,96,181,24,8,309,4,0,4,313
10/26/2011,OGG,HI,AWP,WE,Towers with Radar,89,28,9,8,134,0,139,20,1,160,89,167,29,9,294,6,0,6,300
10/27/2011,OGG,HI,AWP,WE,Towers with Radar,93,32,2,18,145,0,161,36,5,202,93,193,38,23,347,40,0,40,387
10/28/2011,OGG,HI,AWP,WE,Towers with Radar,100,28,4,12,144,0,136,16,2,154,100,164,20,14,298,18,0,18,316
10/29/2011,OGG,HI,AWP,WE,Towers with Radar,97,32,0,0,129,0,99,14,0,113,97,131,14,0,242,32,0,32,274
10/30/2011,OGG,HI,AWP,WE,Towers with Radar,92,30,3,0,125,0,96,22,0,118,92,126,25,0,243,38,0,38,281
10/31/2011,OGG,HI,AWP,WE,Towers with Radar,98,28,1,4,131,0,104,19,2,125,98,132,20,6,256,0,1,1,257
11/01/2011,OGG,HI,AWP,WE,Towers with Radar,101,26,6,8,141,0,115,23,0,138,101,141,29,8,279,24,2,26,305
11/02/2011,OGG,HI,AWP,WE,Towers with Radar,101,33,2,5,141,0,111,11,1,123,101,144,13,6,264,14,8,22,286
11/03/2011,OGG,HI,AWP,WE,Towers with Radar,103,27,3,4,137,0,118,24,2,144,103,145,27,6,281,12,0,12,293
11/04/2011,OGG,HI,AWP,WE,Towers with Radar,101,37,6,0,144,0,65,8,0,73,101,102,14,0,217,16,0,16,233
11/05/2011,OGG,HI,AWP,WE,Towers with Radar,100,37,7,5,149,0,98,15,0,113,100,135,22,5,262,10,0,10,272
11/06/2011,OGG,HI,AWP,WE,Towers with Radar,95,31,8,3,137,0,112,20,0,132,95,143,28,3,269,48,0,48,317
11/07/2011,OGG,HI,AWP,WE,Towers with Radar,101,30,1,5,137,0,124,23,3,150,101,154,24,8,287,28,0,28,315
11/08/2011,OGG,HI,AWP,WE,Towers with Radar,102,22,3,16,143,0,158,13,0,171,102,180,16,16,314,22,8,30,344
11/09/2011,OGG,HI,AWP,WE,Towers with Radar,101,42,1,15,159,0,141,19,2,162,101,183,20,17,321,20,0,20,341
11/10/2011,OGG,HI,AWP,WE,Towers with Radar,105,39,5,1,150,0,115,19,0,134,105,154,24,1,284,42,0,42,326
11/11/2011,OGG,HI,AWP,WE,Towers with Radar,105,32,9,4,150,0,78,16,1,95,105,110,25,5,245,12,0,12,257
11/12/2011,OGG,HI,AWP,WE,Towers with Radar,116,36,3,1,156,0,100,15,1,116,116,136,18,2,272,12,0,12,284
11/13/2011,OGG,HI,AWP,WE,Towers with Radar,110,30,8,7,155,0,99,37,3,139,110,129,45,10,294,30,0,30,324
11/14/2011,OGG,HI,AWP,WE,Towers with Radar,108,29,5,5,147,0,100,34,0,134,108,129,39,5,281,34,0,34,315
11/15/2011,OGG,HI,AWP,WE,Towers with Radar,100,34,3,3,140,0,129,28,4,161,100,163,31,7,301,56,0,56,357
11/16/2011,OGG,HI,AWP,WE,Towers with Radar,106,37,6,21,170,0,123,34,1,158,106,160,40,22,328,64,0,64,392
11/17/2011,OGG,HI,AWP,WE,Towers with Radar,105,39,2,8,154,0,107,28,0,135,105,146,30,8,289,66,0,66,355
11/18/2011,OGG,HI,AWP,WE,Towers with Radar,110,36,9,0,155,0,90,22,0,112,110,126,31,0,267,10,0,10,277
11/19/2011,OGG,HI,AWP,WE,Towers with Radar,117,28,10,0,155,0,86,5,0,91,117,114,15,0,246,4,0,4,250
11/20/2011,OGG,HI,AWP,WE,Towers with Radar,103,31,8,0,142,0,77,15,0,92,103,108,23,0,234,14,0,14,248
11/21/2011,OGG,HI,AWP,WE,Towers with Radar,100,35,7,6,148,0,114,34,3,151,100,149,41,9,299,8,0,8,307
11/22/2011,OGG,HI,AWP,WE,Towers with Radar,103,33,8,6,150,0,110,44,0,154,103,143,52,6,304,35,0,35,339
11/23/2011,OGG,HI,AWP,WE,Towers with Radar,109,33,4,2,148,0,125,30,1,156,109,158,34,3,304,31,0,31,335
11/24/2011,OGG,HI,AWP,WE,Towers with Radar,93,27,2,0,122,0,0,0,0,0,93,27,2,0,122,0,0,0,122
11/25/2011,OGG,HI,AWP,WE,Towers with Radar,118,33,9,0,160,0,111,22,0,133,118,144,31,0,293,8,0,8,301
11/26/2011,OGG,HI,AWP,WE,Towers with Radar,125,29,7,0,161,0,70,17,0,87,125,99,24,0,248,2,0,2,250
11/27/2011,OGG,HI,AWP,WE,Towers with Radar,111,35,9,0,155,0,74,20,0,94,111,109,29,0,249,10,0,10,259
11/28/2011,OGG,HI,AWP,WE,Towers with Radar,106,34,8,8,156,0,80,13,2,95,106,114,21,10,251,8,0,8,259
11/29/2011,OGG,HI,AWP,WE,Towers with Radar,100,31,5,2,138,0,93,23,0,116,100,124,28,2,254,10,0,10,264
11/30/2011,OGG,HI,AWP,WE,Towers with Radar,106,34,4,11,155,0,93,15,7,115,106,127,19,18,270,4,0,4,274
12/01/2011,OGG,HI,AWP,WE,Towers with Radar,105,30,5,4,144,0,89,16,1,106,105,119,21,5,250,30,0,30,280
12/02/2011,OGG,HI,AWP,WE,Towers with Radar,106,46,4,6,162,0,78,13,2,93,106,124,17,8,255,2,0,2,257
12/03/2011,OGG,HI,AWP,WE,Towers with Radar,110,35,2,1,148,0,80,17,1,98,110,115,19,2,246,32,0,32,278
12/04/2011,OGG,HI,AWP,WE,Towers with Radar,97,29,4,5,135,0,74,19,0,93,97,103,23,5,228,20,0,20,248
12/05/2011,OGG,HI,AWP,WE,Towers with Radar,104,38,0,0,142,0,96,26,2,124,104,134,26,2,266,15,0,15,281
12/06/2011,OGG,HI,AWP,WE,Towers with Radar,102,32,3,2,139,0,88,13,0,101,102,120,16,2,240,27,0,27,267
12/07/2011,OGG,HI,AWP,WE,Towers with Radar,101,26,2,8,137,0,119,17,5,141,101,145,19,13,278,41,0,41,319
12/08/2011,OGG,HI,AWP,WE,Towers with Radar,101,36,5,0,142,0,102,27,0,129,101,138,32,0,271,4,0,4,275
12/09/2011,OGG,HI,AWP,WE,Towers with Radar,108,45,5,4,162,0,83,21,0,104,108,128,26,4,266,6,0,6,272
12/10/2011,OGG,HI,AWP,WE,Towers with Radar,101,36,7,0,144,0,62,12,0,74,101,98,19,0,218,0,0,0,218
12/11/2011,OGG,HI,AWP,WE,Towers with Radar,91,32,1,0,124,0,25,9,0,34,91,57,10,0,158,30,0,30,188
12/12/2011,OGG,HI,AWP,WE,Towers with Radar,107,35,4,4,150,0,99,9,0,108,107,134,13,4,258,10,0,10,268
12/13/2011,OGG,HI,AWP,WE,Towers with Radar,98,39,1,5,143,0,83,15,2,100,98,122,16,7,243,28,0,28,271
12/14/2011,OGG,HI,AWP,WE,Towers with Radar,106,31,4,2,143,0,107,29,1,137,106,138,33,3,280,15,0,15,295
12/15/2011,OGG,HI,AWP,WE,Towers with Radar,116,31,5,6,158,0,106,22,1,129,116,137,27,7,287,8,1,9,296
12/16/2011,OGG,HI,AWP,WE,Towers with Radar,115,54,3,0,172,0,106,23,1,130,115,160,26,1,302,16,0,16,318
12/17/2011,OGG,HI,AWP,WE,Towers with Radar,117,39,9,2,167,0,83,23,0,106,117,122,32,2,273,0,0,0,273
12/18/2011,OGG,HI,AWP,WE,Towers with Radar,106,31,13,0,150,0,85,16,0,101,106,116,29,0,251,20,0,20,271
12/19/2011,OGG,HI,AWP,WE,Towers with Radar,107,47,14,0,168,0,105,12,0,117,107,152,26,0,285,0,0,0,285
12/20/2011,OGG,HI,AWP,WE,Towers with Radar,109,48,14,4,175,0,70,8,3,81,109,118,22,7,256,14,0,14,270
12/21/2011,OGG,HI,AWP,WE,Towers with Radar,119,38,11,5,173,0,132,30,3,165,119,170,41,8,338,6,0,6,344
12/22/2011,OGG,HI,AWP,WE,Towers with Radar,125,38,15,3,181,0,155,22,0,177,125,193,37,3,358,22,0,22,380
12/23/2011,OGG,HI,AWP,WE,Towers with Radar,108,38,10,1,157,0,143,18,0,161,108,181,28,1,318,9,0,9,327
12/24/2011,OGG,HI,AWP,WE,Towers with Radar,115,36,10,0,161,0,131,10,0,141,115,167,20,0,302,28,0,28,330
12/25/2011,OGG,HI,AWP,WE,Towers with Radar,106,31,5,0,142,0,93,10,0,103,106,124,15,0,245,0,0,0,245
12/26/2011,OGG,HI,AWP,WE,Towers with Radar,114,24,17,0,155,0,162,20,0,182,114,186,37,0,337,24,0,24,361
12/27/2011,OGG,HI,AWP,WE,Towers with Radar,123,30,12,4,169,0,160,20,0,180,123,190,32,4,349,4,2,6,355
12/28/2011,OGG,HI,AWP,WE,Towers with Radar,101,36,12,17,166,0,152,30,0,182,101,188,42,17,348,30,0,30,378
12/29/2011,OGG,HI,AWP,WE,Towers with Radar,117,41,16,3,177,0,184,21,0,205,117,225,37,3,382,26,9,35,417
12/30/2011,OGG,HI,AWP,WE,Towers with Radar,114,34,8,0,156,0,176,32,0,208,114,210,40,0,364,14,0,14,378
12/31/2011,OGG,HI,AWP,WE,Towers with Radar,117,33,8,0,158,0,152,16,0,168,117,185,24,0,326,6,0,6,332
01/01/2012,OGG,HI,AWP,WE,Towers with Radar,115,37,32,0,184,0,106,17,0,123,115,143,49,0,307,0,0,0,307
01/02/2012,OGG,HI,AWP,WE,Towers with Radar,115,32,24,0,171,0,149,28,0,177,115,181,52,0,348,14,0,14,362
01/03/2012,OGG,HI,AWP,WE,Towers with Radar,107,36,16,10,169,0,129,23,0,152,107,165,39,10,321,12,2,14,335
01/04/2012,OGG,HI,AWP,WE,Towers with Radar,113,33,12,2,160,0,132,28,0,160,113,165,40,2,320,18,0,18,338
01/05/2012,OGG,HI,AWP,WE,Towers with Radar,112,41,10,9,172,0,137,33,1,171,112,178,43,10,343,30,0,30,373
01/06/2012,OGG,HI,AWP,WE,Towers with Radar,119,39,8,4,170,0,120,38,1,159,119,159,46,5,329,26,0,26,355
01/07/2012,OGG,HI,AWP,WE,Towers with Radar,121,36,12,4,173,0,126,25,0,151,121,162,37,4,324,34,0,34,358
01/08/2012,OGG,HI,AWP,WE,Towers with Radar,106,39,10,4,159,0,89,27,1,117,106,128,37,5,276,18,0,18,294
01/09/2012,OGG,HI,AWP,WE,Towers with Radar,104,34,11,10,159,0,131,38,2,171,104,165,49,12,330,36,0,36,366
01/10/2012,OGG,HI,AWP,WE,Towers with Radar,111,31,9,2,153,0,131,32,0,163,111,162,41,2,316,14,0,14,330
01/11/2012,OGG,HI,AWP,WE,Towers with Radar,109,50,11,10,180,0,126,35,0,161,109,176,46,10,341,32,0,32,373
01/12/2012,OGG,HI,AWP,WE,Towers with Radar,110,43,9,2,164,0,129,43,0,172,110,172,52,2,336,52,0,52,388
01/13/2012,OGG,HI,AWP,WE,Towers with Radar,121,44,8,2,175,0,126,23,1,150,121,170,31,3,325,6,0,6,331
01/14/2012,OGG,HI,AWP,WE,Towers with Radar,115,31,4,2,152,0,103,22,5,130,115,134,26,7,282,8,0,8,290
01/15/2012,OGG,HI,AWP,WE,Towers with Radar,103,45,3,2,153,0,82,26,1,109,103,127,29,3,262,2,0,2,264
01/16/2012,OGG,HI,AWP,WE,Towers with Radar,100,42,7,0,149,0,127,19,1,147,100,169,26,1,296,14,0,14,310
01/17/2012,OGG,HI,AWP,WE,Towers with Radar,105,47,6,12,170,0,127,15,0,142,105,174,21,12,312,22,0,22,334
01/18/2012,OGG,HI,AWP,WE,Towers with Radar,113,38,4,12,167,0,129,17,0,146,113,167,21,12,313,26,0,26,339
01/19/2012,OGG,HI,AWP,WE,Towers with Radar,108,43,10,10,171,0,147,39,2,188,108,190,49,12,359,72,20,92,451
01/20/2012,OGG,HI,AWP,WE,Towers with Radar,108,47,6,8,169,0,136,21,0,157,108,183,27,8,326,34,0,34,360
01/21/2012,OGG,HI,AWP,WE,Towers with Radar,112,44,3,0,159,0,109,15,0,124,112,153,18,0,283,2,0,2,285
01/22/2012,OGG,HI,AWP,WE,Towers with Radar,99,45,6,2,152,0,120,23,0,143,99,165,29,2,295,10,0,10,305
01/23/2012,OGG,HI,AWP,WE,Towers with Radar,107,31,6,10,154,0,143,21,2,166,107,174,27,12,320,10,0,10,330
01/24/2012,OGG,HI,AWP,WE,Towers with Radar,103,47,9,8,167,0,136,31,2,169,103,183,40,10,336,6,0,6,342
01/25/2012,OGG,HI,AWP,WE,Towers with Radar,107,39,6,12,164,0,148,19,3,170,107,187,25,15,334,57,6,63,397
01/26/2012,OGG,HI,AWP,WE,Towers with Radar,114,34,8,6,162,0,169,27,2,198,114,203,35,8,360,50,0,50,410
01/27/2012,OGG,HI,AWP,WE,Towers with Radar,115,50,6,3,174,0,121,31,1,153,115,171,37,4,327,24,0,24,351
01/28/2012,OGG,HI,AWP,WE,Towers with Radar,114,41,10,1,166,0,101,12,0,113,114,142,22,1,279,0,0,0,279
01/29/2012,OGG,HI,AWP,WE,Towers with Radar,102,37,0,0,139,0,88,28,0,116,102,125,28,0,255,0,0,0,255
01/30/2012,OGG,HI,AWP,WE,Towers with Radar,111,47,2,6,166,0,127,26,0,153,111,174,28,6,319,18,0,18,337
01/31/2012,OGG,HI,AWP,WE,Towers with Radar,103,42,10,6,161,0,126,18,0,144,103,168,28,6,305,20,0,20,325
02/01/2012,OGG,HI,AWP,WE,Towers with Radar,110,39,4,11,164,0,117,28,2,147,110,156,32,13,311,36,0,36,347
02/02/2012,OGG,HI,AWP,WE,Towers with Radar,105,48,4,21,178,0,132,34,1,167,105,180,38,22,345,30,0,30,375
02/03/2012,OGG,HI,AWP,WE,Towers with Radar,120,48,4,3,175,0,137,26,0,163,120,185,30,3,338,8,0,8,346
02/04/2012,OGG,HI,AWP,WE,Towers with Radar,105,37,8,4,154,0,98,28,2,128,105,135,36,6,282,26,0,26,308
02/05/2012,OGG,HI,AWP,WE,Towers with Radar,102,33,2,0,137,0,92,17,0,109,102,125,19,0,246,20,0,20,266
02/06/2012,OGG,HI,AWP,WE,Towers with Radar,109,36,3,10,158,0,105,32,2,139,109,141,35,12,297,2,0,2,299
02/07/2012,OGG,HI,AWP,WE,Towers with Radar,102,60,2,12,176,0,81,13,1,95,102,141,15,13,271,0,0,0,271
02/08/2012,OGG,HI,AWP,WE,Towers with Radar,107,50,3,4,164,0,121,28,4,153,107,171,31,8,317,0,0,0,317
02/09/2012,OGG,HI,AWP,WE,Towers with Radar,113,43,4,8,168,0,146,47,4,197,113,189,51,12,365,12,0,12,377
02/10/2012,OGG,HI,AWP,WE,Towers with Radar,114,46,4,5,169,0,137,23,5,165,114,183,27,10,334,28,0,28,362
02/11/2012,OGG,HI,AWP,WE,Towers with Radar,102,36,4,3,145,0,107,23,0,130,102,143,27,3,275,12,0,12,287
02/12/2012,OGG,HI,AWP,WE,Towers with Radar,105,42,6,5,158,0,106,25,0,131,105,148,31,5,289,14,0,14,303
02/13/2012,OGG,HI,AWP,WE,Towers with Radar,112,42,9,20,183,0,151,20,0,171,112,193,29,20,354,2,14,16,370
02/14/2012,OGG,HI,AWP,WE,Towers with Radar,106,44,5,5,160,0,168,23,3,194,106,212,28,8,354,24,8,32,386
02/15/2012,OGG,HI,AWP,WE,Towers with Radar,108,46,5,2,161,0,141,17,0,158,108,187,22,2,319,32,0,32,351
02/16/2012,OGG,HI,AWP,WE,Towers with Radar,118,43,6,22,189,0,143,34,5,182,118,186,40,27,371,12,0,12,383
02/17/2012,OGG,HI,AWP,WE,Towers with Radar,118,43,10,2,173,0,149,25,0,174,118,192,35,2,347,2,0,2,349
02/18/2012,OGG,HI,AWP,WE,Towers with Radar,114,42,5,9,170,0,105,21,1,127,114,147,26,10,297,8,0,8,305
02/19/2012,OGG,HI,AWP,WE,Towers with Radar,110,41,8,1,160,0,183,20,0,203,110,224,28,1,363,28,0,28,391
02/20/2012,OGG,HI,AWP,WE,Towers with Radar,112,38,7,0,157,0,189,33,0,222,112,227,40,0,379,34,0,34,413
02/21/2012,OGG,HI,AWP,WE,Towers with Radar,114,45,8,6,173,0,171,17,4,192,114,216,25,10,365,20,0,20,385
02/22/2012,OGG,HI,AWP,WE,Towers with Radar,113,35,5,3,156,0,184,30,1,215,113,219,35,4,371,58,0,58,429
02/23/2012,OGG,HI,AWP,WE,Towers with Radar,117,39,8,11,175,0,153,32,2,187,117,192,40,13,362,43,0,43,405
02/24/2012,OGG,HI,AWP,WE,Towers with Radar,121,48,7,2,178,0,155,28,3,186,121,203,35,5,364,44,2,46,410
02/25/2012,OGG,HI,AWP,WE,Towers with Radar,117,31,7,4,159,0,111,24,2,137,117,142,31,6,296,26,0,26,322
02/26/2012,OGG,HI,AWP,WE,Towers with Radar,112,38,9,0,159,0,85,24,0,109,112,123,33,0,268,38,0,38,306
02/27/2012,OGG,HI,AWP,WE,Towers with Radar,103,42,4,11,160,0,129,25,3,157,103,171,29,14,317,62,6,68,385
02/28/2012,OGG,HI,AWP,WE,Towers with Radar,112,41,7,15,175,0,135,34,9,178,112,176,41,24,353,38,2,40,393
02/29/2012,OGG,HI,AWP,WE,Towers with Radar,103,43,3,4,153,0,126,24,1,151,103,169,27,5,304,31,0,31,335
03/01/2012,OGG,HI,AWP,WE,Towers with Radar,117,41,5,26,189,0,141,40,0,181,117,182,45,26,370,52,4,56,426
03/02/2012,OGG,HI,AWP,WE,Towers with Radar,113,37,7,16,173,0,155,19,0,174,113,192,26,16,347,66,10,76,423
03/03/2012,OGG,HI,AWP,WE,Towers with Radar,109,41,6,3,159,0,82,17,0,99,109,123,23,3,258,8,0,8,266
03/04/2012,OGG,HI,AWP,WE,Towers with Radar,107,36,7,7,157,0,105,12,0,117,107,141,19,7,274,26,0,26,300
03/05/2012,OGG,HI,AWP,WE,Towers with Radar,117,49,1,1,168,0,86,10,0,96,117,135,11,1,264,68,0,68,332
03/06/2012,OGG,HI,AWP,WE,Towers with Radar,105,54,3,0,162,0,101,14,0,115,105,155,17,0,277,20,0,20,297
03/07/2012,OGG,HI,AWP,WE,Towers with Radar,113,52,7,4,176,0,162,19,4,185,113,214,26,8,361,54,0,54,415
03/08/2012,OGG,HI,AWP,WE,Towers with Radar,119,54,5,1,179,0,25,2,2,29,119,79,7,3,208,24,0,24,232
03/09/2012,OGG,HI,AWP,WE,Towers with Radar,116,50,4,0,170,0,137,7,0,144,116,187,11,0,314,30,0,30,344
03/10/2012,OGG,HI,AWP,WE,Towers with Radar,119,35,14,3,171,0,129,12,0,141,119,164,26,3,312,36,0,36,348
03/11/2012,OGG,HI,AWP,WE,Towers with Radar,123,33,5,2,163,0,114,7,0,121,123,147,12,2,284,20,0,20,304
03/12/2012,OGG,HI,AWP,WE,Towers with Radar,121,45,2,4,172,0,99,6,0,105,121,144,8,4,277,12,0,12,289
03/13/2012,OGG,HI,AWP,WE,Towers with Radar,122,36,5,5,168,0,160,20,0,180,122,196,25,5,348,12,0,12,360
03/14/2012,OGG,HI,AWP,WE,Towers with Radar,132,44,6,15,197,0,174,30,0,204,132,218,36,15,401,14,12,26,427
03/15/2012,OGG,HI,AWP,WE,Towers with Radar,131,42,7,4,184,0,159,23,0,182,131,201,30,4,366,14,0,14,380
03/16/2012,OGG,HI,AWP,WE,Towers with Radar,128,39,5,6,178,0,153,32,0,185,128,192,37,6,363,47,0,47,410
03/17/2012,OGG,HI,AWP,WE,Towers with Radar,126,41,7,7,181,0,138,26,1,165,126,179,33,8,346,2,0,2,348
03/18/2012,OGG,HI,AWP,WE,Towers with Radar,113,41,10,0,164,0,108,21,0,129,113,149,31,0,293,36,0,36,329
03/19/2012,OGG,HI,AWP,WE,Towers with Radar,120,44,7,4,175,0,154,24,0,178,120,198,31,4,353,67,0,67,420
03/20/2012,OGG,HI,AWP,WE,Towers with Radar,120,37,3,3,163,0,153,29,2,184,120,190,32,5,347,16,9,25,372
03/21/2012,OGG,HI,AWP,WE,Towers with Radar,124,38,6,11,179,0,165,25,0,190,124,203,31,11,369,42,0,42,411
03/22/2012,OGG,HI,AWP,WE,Towers with Radar,128,39,8,4,179,0,176,22,0,198,128,215,30,4,377,64,0,64,441
03/23/2012,OGG,HI,AWP,WE,Towers with Radar,135,44,11,3,193,0,148,24,2,174,135,192,35,5,367,4,4,8,375
03/24/2012,OGG,HI,AWP,WE,Towers with Radar,130,44,11,0,185,0,99,15,2,116,130,143,26,2,301,28,0,28,329
03/25/2012,OGG,HI,AWP,WE,Towers with Radar,127,39,16,0,182,0,135,18,1,154,127,174,34,1,336,50,0,50,386
03/26/2012,OGG,HI,AWP,WE,Towers with Radar,118,31,2,7,158,0,137,16,1,154,118,168,18,8,312,16,2,18,330
03/27/2012,OGG,HI,AWP,WE,Towers with Radar,122,37,6,8,173,0,128,24,0,152,122,165,30,8,325,22,4,26,351
03/28/2012,OGG,HI,AWP,WE,Towers with Radar,124,33,6,0,163,0,159,35,0,194,124,192,41,0,357,20,0,20,377
03/29/2012,OGG,HI,AWP,WE,Towers with Radar,125,47,6,5,183,0,161,34,5,200,125,208,40,10,383,58,0,58,441
03/30/2012,OGG,HI,AWP,WE,Towers with Radar,126,42,9,1,178,0,137,37,0,174,126,179,46,1,352,16,0,16,368
03/31/2012,OGG,HI,AWP,WE,Towers with Radar,127,40,9,0,176,0,148,20,1,169,127,188,29,1,345,18,0,18,363
04/01/2012,OGG,HI,AWP,WE,Towers with Radar,123,36,6,0,165,0,121,13,1,135,123,157,19,1,300,26,0,26,326
04/02/2012,OGG,HI,AWP,WE,Towers with Radar,114,41,7,6,168,0,165,26,0,191,114,206,33,6,359,19,0,19,378
04/03/2012,OGG,HI,AWP,WE,Towers with Radar,116,37,7,0,160,0,175,31,3,209,116,212,38,3,369,36,0,36,405
04/04/2012,OGG,HI,AWP,WE,Towers with Radar,121,44,14,0,179,0,155,32,0,187,121,199,46,0,366,34,0,34,400
04/05/2012,OGG,HI,AWP,WE,Towers with Radar,127,41,4,2,174,0,166,30,4,200,127,207,34,6,374,44,18,62,436
04/06/2012,OGG,HI,AWP,WE,Towers with Radar,131,43,14,2,190,0,153,34,0,187,131,196,48,2,377,9,0,9,386
04/07/2012,OGG,HI,AWP,WE,Towers with Radar,126,36,17,0,179,0,141,17,0,158,126,177,34,0,337,6,0,6,343
04/08/2012,OGG,HI,AWP,WE,Towers with Radar,119,40,9,3,171,0,122,20,1,143,119,162,29,4,314,6,0,6,320
04/09/2012,OGG,HI,AWP,WE,Towers with Radar,118,36,8,2,164,0,143,20,0,163,118,179,28,2,327,22,0,22,349
04/10/2012,OGG,HI,AWP,WE,Towers with Radar,122,38,9,7,176,0,156,23,0,179,122,194,32,7,355,54,0,54,409
04/11/2012,OGG,HI,AWP,WE,Towers with Radar,128,40,5,0,173,0,162,48,1,211,128,202,53,1,384,54,0,54,438
04/12/2012,OGG,HI,AWP,WE,Towers with Radar,127,41,8,0,176,0,171,38,4,213,127,212,46,4,389,102,0,102,491
04/13/2012,OGG,HI,AWP,WE,Towers with Radar,121,39,9,4,173,0,163,34,0,197,121,202,43,4,370,31,0,31,401
04/14/2012,OGG,HI,AWP,WE,Towers with Radar,127,44,8,4,183,0,111,18,0,129,127,155,26,4,312,46,0,46,358
04/15/2012,OGG,HI,AWP,WE,Towers with Radar,128,34,3,2,167,0,96,22,4,122,128,130,25,6,289,36,2,38,327
04/16/2012,OGG,HI,AWP,WE,Towers with Radar,120,33,7,1,161,0,121,26,0,147,120,154,33,1,308,38,2,40,348
04/17/2012,OGG,HI,AWP,WE,Towers with Radar,113,45,6,10,174,0,160,13,1,174,113,205,19,11,348,6,2,8,356
04/18/2012,OGG,HI,AWP,WE,Towers with Radar,117,36,2,12,167,0,158,15,0,173,117,194,17,12,340,22,0,22,362
04/19/2012,OGG,HI,AWP,WE,Towers with Radar,113,38,4,2,157,0,176,27,0,203,113,214,31,2,360,14,0,14,374
04/20/2012,OGG,HI,AWP,WE,Towers with Radar,130,42,4,10,186,0,178,42,0,220,130,220,46,10,406,31,0,31,437
04/21/2012,OGG,HI,AWP,WE,Towers with Radar,126,38,4,3,171,0,143,30,1,174,126,181,34,4,345,10,0,10,355
04/22/2012,OGG,HI,AWP,WE,Towers with Radar,119,36,6,0,161,0,133,14,0,147,119,169,20,0,308,7,0,7,315
04/23/2012,OGG,HI,AWP,WE,Towers with Radar,112,41,8,6,167,0,129,11,0,140,112,170,19,6,307,4,0,4,311
04/24/2012,OGG,HI,AWP,WE,Towers with Radar,116,35,6,12,169,0,126,20,0,146,116,161,26,12,315,60,0,60,375
04/25/2012,OGG,HI,AWP,WE,Towers with Radar,118,42,11,10,181,0,146,25,0,171,118,188,36,10,352,52,1,53,405
04/26/2012,OGG,HI,AWP,WE,Towers with Radar,115,42,3,5,165,0,160,20,1,181,115,202,23,6,346,69,0,69,415
04/27/2012,OGG,HI,AWP,WE,Towers with Radar,124,41,5,6,176,0,135,23,2,160,124,176,28,8,336,18,0,18,354
04/28/2012,OGG,HI,AWP,WE,Towers with Radar,125,38,4,4,171,0,125,25,1,151,125,163,29,5,322,28,0,28,350
04/29/2012,OGG,HI,AWP,WE,Towers with Radar,118,36,2,0,156,0,127,21,2,150,118,163,23,2,306,48,0,48,354
04/30/2012,OGG,HI,AWP,WE,Towers with Radar,111,30,3,8,152,0,125,18,2,145,111,155,21,10,297,16,0,16,313
05/01/2012,OGG,HI,AWP,WE,Towers with Radar,110,34,2,2,148,0,141,19,0,160,110,175,21,2,308,15,0,15,323
05/02/2012,OGG,HI,AWP,WE,Towers with Radar,116,41,8,0,165,0,137,17,0,154,116,178,25,0,319,24,0,24,343
05/03/2012,OGG,HI,AWP,WE,Towers with Radar,113,46,10,0,169,0,127,15,0,142,113,173,25,0,311,78,0,78,389
05/04/2012,OGG,HI,AWP,WE,Towers with Radar,117,43,2,2,164,0,107,14,2,123,117,150,16,4,287,8,0,8,295
05/05/2012,OGG,HI,AWP,WE,Towers with Radar,116,33,3,1,153,0,136,20,0,156,116,169,23,1,309,4,0,4,313
05/06/2012,OGG,HI,AWP,WE,Towers with Radar,117,38,9,4,168,0,101,20,1,122,117,139,29,5,290,33,0,33,323
05/07/2012,OGG,HI,AWP,WE,Towers with Radar,115,37,0,0,152,0,129,22,0,151,115,166,22,0,303,12,0,12,315
05/08/2012,OGG,HI,AWP,WE,Towers with Radar,107,47,0,8,162,0,133,15,1,149,107,180,15,9,311,12,0,12,323
05/09/2012,OGG,HI,AWP,WE,Towers with Radar,110,41,1,0,152,0,152,14,1,167,110,193,15,1,319,9,2,11,330
05/10/2012,OGG,HI,AWP,WE,Towers with Radar,117,45,8,5,175,0,159,21,0,180,117,204,29,5,355,17,0,17,372
05/11/2012,OGG,HI,AWP,WE,Towers with Radar,121,43,2,0,166,0,144,33,1,178,121,187,35,1,344,22,0,22,366
05/12/2012,OGG,HI,AWP,WE,Towers with Radar,119,42,1,0,162,0,120,30,0,150,119,162,31,0,312,12,0,12,324
05/13/2012,OGG,HI,AWP,WE,Towers with Radar,121,42,3,0,166,0,110,35,0,145,121,152,38,0,311,34,0,34,345
05/14/2012,OGG,HI,AWP,WE,Towers with Radar,117,39,6,4,166,0,127,28,3,158,117,166,34,7,324,0,0,0,324
05/15/2012,OGG,HI,AWP,WE,Towers with Radar,110,38,7,18,173,0,130,33,3,166,110,168,40,21,339,41,0,41,380
05/16/2012,OGG,HI,AWP,WE,Towers with Radar,112,31,4,9,156,0,136,15,1,152,112,167,19,10,308,35,0,35,343
05/17/2012,OGG,HI,AWP,WE,Towers with Radar,117,43,5,0,165,0,148,25,0,173,117,191,30,0,338,24,0,24,362
05/18/2012,OGG,HI,AWP,WE,Towers with Radar,121,46,3,2,172,0,144,34,0,178,121,190,37,2,350,4,2,6,356
05/19/2012,OGG,HI,AWP,WE,Towers with Radar,118,38,2,0,158,0,144,16,0,160,118,182,18,0,318,0,0,0,318
05/20/2012,OGG,HI,AWP,WE,Towers with Radar,116,38,4,0,158,0,102,19,0,121,116,140,23,0,279,0,0,0,279
05/21/2012,OGG,HI,AWP,WE,Towers with Radar,111,38,0,12,161,0,135,24,1,160,111,173,24,13,321,14,0,14,335
05/22/2012,OGG,HI,AWP,WE,Towers with Radar,114,40,2,10,166,0,128,18,2,148,114,168,20,12,314,18,0,18,332
05/23/2012,OGG,HI,AWP,WE,Towers with Radar,114,38,3,12,167,0,116,6,1,123,114,154,9,13,290,16,0,16,306
05/24/2012,OGG,HI,AWP,WE,Towers with Radar,116,44,7,10,177,0,137,22,11,170,116,181,29,21,347,35,2,37,384
05/25/2012,OGG,HI,AWP,WE,Towers with Radar,109,51,3,0,163,0,144,33,6,183,109,195,36,6,346,36,0,36,382
05/26/2012,OGG,HI,AWP,WE,Towers with Radar,118,41,2,0,161,0,128,12,0,140,118,169,14,0,301,34,0,34,335
05/27/2012,OGG,HI,AWP,WE,Towers with Radar,119,34,9,2,164,0,87,20,0,107,119,121,29,2,271,20,2,22,293
05/28/2012,OGG,HI,AWP,WE,Towers with Radar,117,38,6,0,161,0,139,7,0,146,117,177,13,0,307,0,0,0,307
05/29/2012,OGG,HI,AWP,WE,Towers with Radar,113,38,5,2,158,0,138,11,0,149,113,176,16,2,307,6,0,6,313
05/30/2012,OGG,HI,AWP,WE,Towers with Radar,105,46,4,4,159,0,144,12,0,156,105,190,16,4,315,26,0,26,341
05/31/2012,OGG,HI,AWP,WE,Towers with Radar,113,47,4,0,164,0,120,22,2,144,113,167,26,2,308,32,0,32,340
06/01/2012,OGG,HI,AWP,WE,Towers with Radar,122,37,3,4,166,0,124,17,1,142,122,161,20,5,308,18,0,18,326
06/02/2012,OGG,HI,AWP,WE,Towers with Radar,119,41,6,2,168,0,101,16,0,117,119,142,22,2,285,32,0,32,317
06/03/2012,OGG,HI,AWP,WE,Towers with Radar,123,39,6,2,170,0,115,15,0,130,123,154,21,2,300,26,0,26,326
06/04/2012,OGG,HI,AWP,WE,Towers with Radar,120,44,3,14,181,0,130,21,0,151,120,174,24,14,332,14,4,18,350
06/05/2012,OGG,HI,AWP,WE,Towers with Radar,111,31,5,5,152,0,142,23,1,166,111,173,28,6,318,42,0,42,360
06/06/2012,OGG,HI,AWP,WE,Towers with Radar,116,36,3,7,162,0,148,24,0,172,116,184,27,7,334,8,0,8,342
06/07/2012,OGG,HI,AWP,WE,Towers with Radar,124,38,4,2,168,0,162,22,2,186,124,200,26,4,354,12,0,12,366
06/08/2012,OGG,HI,AWP,WE,Towers with Radar,123,41,8,4,176,0,160,40,0,200,123,201,48,4,376,40,0,40,416
06/09/2012,OGG,HI,AWP,WE,Towers with Radar,127,37,4,8,176,0,138,35,0,173,127,175,39,8,349,26,0,26,375
06/10/2012,OGG,HI,AWP,WE,Towers with Radar,126,44,5,3,178,0,140,29,2,171,126,184,34,5,349,0,0,0,349
06/11/2012,OGG,HI,AWP,WE,Towers with Radar,129,33,3,12,177,0,175,14,6,195,129,208,17,18,372,4,8,12,384
06/12/2012,OGG,HI,AWP,WE,Towers with Radar,122,30,3,7,162,0,175,31,0,206,122,205,34,7,368,64,0,64,432
06/13/2012,OGG,HI,AWP,WE,Towers with Radar,123,28,5,9,165,0,163,18,0,181,123,191,23,9,346,72,0,72,418
06/14/2012,OGG,HI,AWP,WE,Towers with Radar,122,37,8,0,167,0,172,43,1,216,122,209,51,1,383,12,0,12,395
06/15/2012,OGG,HI,AWP,WE,Towers with Radar,124,43,2,2,171,0,164,26,0,190,124,207,28,2,361,20,0,20,381
06/16/2012,OGG,HI,AWP,WE,Towers with Radar,125,41,9,0,175,0,118,13,4,135,125,159,22,4,310,20,0,20,330
06/17/2012,OGG,HI,AWP,WE,Towers with Radar,117,33,5,0,155,0,127,8,0,135,117,160,13,0,290,0,0,0,290
06/18/2012,OGG,HI,AWP,WE,Towers with Radar,121,35,4,0,160,0,163,13,0,176,121,198,17,0,336,6,0,6,342
06/19/2012,OGG,HI,AWP,WE,Towers with Radar,125,38,5,6,174,0,121,14,2,137,125,159,19,8,311,10,0,10,321
06/20/2012,OGG,HI,AWP,WE,Towers with Radar,124,48,4,10,186,0,130,10,0,140,124,178,14,10,326,43,0,43,369
06/21/2012,OGG,HI,AWP,WE,Towers with Radar,126,43,6,2,177,0,202,23,1,226,126,245,29,3,403,6,0,6,409
06/22/2012,OGG,HI,AWP,WE,Towers with Radar,127,44,5,0,176,0,176,25,2,203,127,220,30,2,379,7,0,7,386
06/23/2012,OGG,HI,AWP,WE,Towers with Radar,130,44,5,0,179,0,84,20,3,107,130,128,25,3,286,14,0,14,300
06/24/2012,OGG,HI,AWP,WE,Towers with Radar,120,35,8,0,163,0,144,16,2,162,120,179,24,2,325,4,0,4,329
06/25/2012,OGG,HI,AWP,WE,Towers with Radar,119,39,13,4,175,0,113,8,3,124,119,152,21,7,299,10,0,10,309
06/26/2012,OGG,HI,AWP,WE,Towers with Radar,120,35,1,4,160,0,188,14,14,216,120,223,15,18,376,6,0,6,382
06/27/2012,OGG,HI,AWP,WE,Towers with Radar,130,38,6,2,176,0,144,21,11,176,130,182,27,13,352,23,0,23,375
06/28/2012,OGG,HI,AWP,WE,Towers with Radar,124,51,10,2,187,0,111,11,11,133,124,162,21,13,320,10,0,10,330
06/29/2012,OGG,HI,AWP,WE,Towers with Radar,124,38,3,4,169,0,134,25,1,160,124,172,28,5,329,16,2,18,347
06/30/2012,OGG,HI,AWP,WE,Towers with Radar,125,36,13,0,174,0,164,21,0,185,125,200,34,0,359,42,0,42,401
07/01/2012,OGG,HI,AWP,WE,Towers with Radar,119,34,5,0,158,0,142,15,0,157,119,176,20,0,315,4,0,4,319
07/02/2012,OGG,HI,AWP,WE,Towers with Radar,121,35,6,16,178,0,181,23,3,207,121,216,29,19,385,28,2,30,415
07/03/2012,OGG,HI,AWP,WE,Towers with Radar,133,37,5,12,187,0,157,18,4,179,133,194,23,16,366,18,0,18,384
07/04/2012,OGG,HI,AWP,WE,Towers with Radar,110,27,1,0,138,0,159,25,0,184,110,186,26,0,322,18,1,19,341
07/05/2012,OGG,HI,AWP,WE,Towers with Radar,123,33,9,8,173,0,146,25,1,172,123,179,34,9,345,46,6,52,397
07/06/2012,OGG,HI,AWP,WE,Towers with Radar,135,41,6,4,186,0,194,21,0,215,135,235,27,4,401,32,4,36,437
07/07/2012,OGG,HI,AWP,WE,Towers with Radar,119,37,1,4,161,0,140,20,4,164,119,177,21,8,325,12,0,12,337
07/08/2012,OGG,HI,AWP,WE,Towers with Radar,127,36,8,3,174,0,144,25,0,169,127,180,33,3,343,8,0,8,351
07/09/2012,OGG,HI,AWP,WE,Towers with Radar,131,41,5,4,181,0,168,21,0,189,131,209,26,4,370,14,0,14,384
07/10/2012,OGG,HI,AWP,WE,Towers with Radar,131,37,0,4,172,0,221,21,0,242,131,258,21,4,414,8,2,10,424
07/11/2012,OGG,HI,AWP,WE,Towers with Radar,121,33,3,4,161,0,187,10,2,199,121,220,13,6,360,20,0,20,380
07/12/2012,OGG,HI,AWP,WE,Towers with Radar,124,43,9,2,178,0,153,16,0,169,124,196,25,2,347,6,4,10,357
07/13/2012,OGG,HI,AWP,WE,Towers with Radar,143,41,2,8,194,0,156,10,2,168,143,197,12,10,362,44,1,45,407
07/14/2012,OGG,HI,AWP,WE,Towers with Radar,136,43,4,0,183,0,137,24,0,161,136,180,28,0,344,22,0,22,366
07/15/2012,OGG,HI,AWP,WE,Towers with Radar,131,34,10,0,175,0,145,19,1,165,131,179,29,1,340,2,0,2,342
07/16/2012,OGG,HI,AWP,WE,Towers with Radar,121,38,6,3,168,0,159,23,11,193,121,197,29,14,361,36,0,36,397
07/17/2012,OGG,HI,AWP,WE,Towers with Radar,130,33,6,20,189,0,160,24,10,194,130,193,30,30,383,28,0,28,411
07/18/2012,OGG,HI,AWP,WE,Towers with Radar,116,36,6,14,172,0,174,16,3,193,116,210,22,17,365,16,0,16,381
07/19/2012,OGG,HI,AWP,WE,Towers with Radar,124,44,3,8,179,0,160,24,4,188,124,204,27,12,367,10,12,22,389
07/20/2012,OGG,HI,AWP,WE,Towers with Radar,132,41,8,2,183,0,150,27,1,178,132,191,35,3,361,32,0,32,393
07/21/2012,OGG,HI,AWP,WE,Towers with Radar,135,35,8,6,184,0,146,21,1,168,135,181,29,7,352,18,0,18,370
07/22/2012,OGG,HI,AWP,WE,Towers with Radar,129,32,4,0,165,0,135,20,2,157,129,167,24,2,322,24,0,24,346
07/23/2012,OGG,HI,AWP,WE,Towers with Radar,126,36,4,0,166,0,181,21,2,204,126,217,25,2,370,12,0,12,382
07/24/2012,OGG,HI,AWP,WE,Towers with Radar,119,32,5,2,158,0,163,18,0,181,119,195,23,2,339,22,0,22,361
07/25/2012,OGG,HI,AWP,WE,Towers with Radar,127,43,3,8,181,0,168,15,0,183,127,211,18,8,364,10,0,10,374
07/26/2012,OGG,HI,AWP,WE,Towers with Radar,125,45,9,4,183,0,184,34,1,219,125,229,43,5,402,44,0,44,446
07/27/2012,OGG,HI,AWP,WE,Towers with Radar,132,46,5,10,193,0,162,12,0,174,132,208,17,10,367,22,0,22,389
07/28/2012,OGG,HI,AWP,WE,Towers with Radar,129,42,5,0,176,0,152,14,1,167,129,194,19,1,343,24,0,24,367
07/29/2012,OGG,HI,AWP,WE,Towers with Radar,136,37,5,0,178,0,132,31,0,163,136,169,36,0,341,8,0,8,349
07/30/2012,OGG,HI,AWP,WE,Towers with Radar,118,37,4,6,165,0,147,14,0,161,118,184,18,6,326,34,2,36,362
07/31/2012,OGG,HI,AWP,WE,Towers with Radar,127,33,3,1,164,0,160,11,2,173,127,193,14,3,337,28,0,28,365
08/01/2012,OGG,HI,AWP,WE,Towers with Radar,125,35,7,20,187,0,159,21,0,180,125,194,28,20,367,6,0,6,373
08/02/2012,OGG,HI,AWP,WE,Towers with Radar,127,50,9,12,198,0,163,25,0,188,127,213,34,12,386,6,2,8,394
08/03/2012,OGG,HI,AWP,WE,Towers with Radar,128,37,8,2,175,0,169,38,0,207,128,206,46,2,382,14,0,14,396
08/04/2012,OGG,HI,AWP,WE,Towers with Radar,133,35,1,3,172,0,151,32,1,184,133,186,33,4,356,31,0,31,387
08/05/2012,OGG,HI,AWP,WE,Towers with Radar,119,32,3,2,156,0,133,28,0,161,119,165,31,2,317,10,0,10,327
08/06/2012,OGG,HI,AWP,WE,Towers with Radar,127,31,3,3,164,0,189,21,0,210,127,220,24,3,374,28,0,28,402
08/07/2012,OGG,HI,AWP,WE,Towers with Radar,126,37,8,7,178,0,175,15,4,194,126,212,23,11,372,48,19,67,439
08/08/2012,OGG,HI,AWP,WE,Towers with Radar,128,32,1,3,164,0,191,17,20,228,128,223,18,23,392,16,2,18,410
08/09/2012,OGG,HI,AWP,WE,Towers with Radar,121,47,2,0,170,0,184,29,24,237,121,231,31,24,407,8,0,8,415
08/10/2012,OGG,HI,AWP,WE,Towers with Radar,126,41,2,0,169,0,194,28,12,234,126,235,30,12,403,22,0,22,425
08/11/2012,OGG,HI,AWP,WE,Towers with Radar,127,38,10,0,175,0,155,34,0,189,127,193,44,0,364,7,0,7,371
08/12/2012,OGG,HI,AWP,WE,Towers with Radar,128,34,3,0,165,0,154,16,0,170,128,188,19,0,335,0,0,0,335
08/13/2012,OGG,HI,AWP,WE,Towers with Radar,126,38,5,5,174,0,178,20,2,200,126,216,25,7,374,14,8,22,396
08/14/2012,OGG,HI,AWP,WE,Towers with Radar,114,32,7,6,159,0,187,27,0,214,114,219,34,6,373,12,0,12,385
08/15/2012,OGG,HI,AWP,WE,Towers with Radar,120,34,3,11,168,0,181,15,0,196,120,215,18,11,364,24,0,24,388
08/16/2012,OGG,HI,AWP,WE,Towers with Radar,123,45,3,2,173,0,171,28,4,203,123,216,31,6,376,24,0,24,400
08/17/2012,OGG,HI,AWP,WE,Towers with Radar,131,37,8,9,185,0,169,19,2,190,131,206,27,11,375,8,0,8,383
08/18/2012,OGG,HI,AWP,WE,Towers with Radar,130,40,6,0,176,0,147,35,0,182,130,187,41,0,358,40,0,40,398
08/19/2012,OGG,HI,AWP,WE,Towers with Radar,130,31,3,0,164,0,133,37,0,170,130,164,40,0,334,10,0,10,344
08/20/2012,OGG,HI,AWP,WE,Towers with Radar,123,38,6,0,167,0,149,30,0,179,123,187,36,0,346,12,0,12,358
08/21/2012,OGG,HI,AWP,WE,Towers with Radar,114,36,4,0,154,0,169,14,3,186,114,205,18,3,340,33,0,33,373
08/22/2012,OGG,HI,AWP,WE,Towers with Radar,121,36,3,13,173,0,163,14,1,178,121,199,17,14,351,33,0,33,384
08/23/2012,OGG,HI,AWP,WE,Towers with Radar,119,31,2,0,152,0,165,20,0,185,119,196,22,0,337,8,0,8,345
08/24/2012,OGG,HI,AWP,WE,Towers with Radar,115,35,6,5,161,0,154,20,1,175,115,189,26,6,336,4,0,4,340
08/25/2012,OGG,HI,AWP,WE,Towers with Radar,125,29,7,0,161,0,136,34,0,170,125,165,41,0,331,36,0,36,367
08/26/2012,OGG,HI,AWP,WE,Towers with Radar,118,31,7,0,156,0,123,18,0,141,118,154,25,0,297,6,0,6,303
08/27/2012,OGG,HI,AWP,WE,Towers with Radar,118,34,6,0,158,0,151,17,0,168,118,185,23,0,326,26,0,26,352
08/28/2012,OGG,HI,AWP,WE,Towers with Radar,118,40,5,9,172,0,146,18,0,164,118,186,23,9,336,34,0,34,370
08/29/2012,OGG,HI,AWP,WE,Towers with Radar,112,36,4,6,158,0,135,17,2,154,112,171,21,8,312,12,0,12,324
08/30/2012,OGG,HI,AWP,WE,Towers with Radar,107,37,2,6,152,0,157,18,0,175,107,194,20,6,327,14,0,14,341
08/31/2012,OGG,HI,AWP,WE,Towers with Radar,113,44,8,2,167,0,156,18,0,174,113,200,26,2,341,25,0,25,366
09/01/2012,OGG,HI,AWP,WE,Towers with Radar,110,33,2,4,149,0,121,14,0,135,110,154,16,4,284,4,0,4,288
09/02/2012,OGG,HI,AWP,WE,Towers with Radar,115,35,3,0,153,0,130,20,0,150,115,165,23,0,303,4,0,4,307
09/03/2012,OGG,HI,AWP,WE,Towers with Radar,105,39,3,0,147,0,136,22,2,160,105,175,25,2,307,8,0,8,315
09/04/2012,OGG,HI,AWP,WE,Towers with Radar,113,32,3,4,152,0,160,24,0,184,113,192,27,4,336,20,0,20,356
09/05/2012,OGG,HI,AWP,WE,Towers with Radar,115,27,1,9,152,0,137,27,1,165,115,164,28,10,317,10,12,22,339
09/06/2012,OGG,HI,AWP,WE,Towers with Radar,117,34,2,10,163,0,164,34,6,204,117,198,36,16,367,53,8,61,428
09/07/2012,OGG,HI,AWP,WE,Towers with Radar,116,35,5,0,156,0,143,40,0,183,116,178,45,0,339,20,0,20,359
09/08/2012,OGG,HI,AWP,WE,Towers with Radar,113,40,4,0,157,0,116,42,0,158,113,156,46,0,315,21,0,21,336
09/09/2012,OGG,HI,AWP,WE,Towers with Radar,98,33,2,0,133,0,107,31,0,138,98,140,33,0,271,36,0,36,307
09/10/2012,OGG,HI,AWP,WE,Towers with Radar,112,35,1,2,150,0,130,17,2,149,112,165,18,4,299,8,0,8,307
09/11/2012,OGG,HI,AWP,WE,Towers with Radar,115,32,6,11,164,0,148,28,3,179,115,180,34,14,343,16,0,16,359
09/12/2012,OGG,HI,AWP,WE,Towers with Radar,118,30,4,0,152,0,133,12,18,163,118,163,16,18,315,9,0,9,324
09/13/2012,OGG,HI,AWP,WE,Towers with Radar,113,46,1,10,170,0,159,41,0,200,113,205,42,10,370,11,0,11,381
09/14/2012,OGG,HI,AWP,WE,Towers with Radar,106,42,2,6,156,0,158,29,4,191,106,200,31,10,347,38,0,38,385
09/15/2012,OGG,HI,AWP,WE,Towers with Radar,111,36,11,1,159,0,111,22,0,133,111,147,33,1,292,22,0,22,314
09/16/2012,OGG,HI,AWP,WE,Towers with Radar,115,38,3,2,158,0,117,23,0,140,115,155,26,2,298,0,0,0,298
09/17/2012,OGG,HI,AWP,WE,Towers with Radar,110,33,5,6,154,0,129,21,6,156,110,162,26,12,310,8,0,8,318
09/18/2012,OGG,HI,AWP,WE,Towers with Radar,110,35,4,9,158,0,146,16,5,167,110,181,20,14,325,4,0,4,329
09/19/2012,OGG,HI,AWP,WE,Towers with Radar,110,42,2,7,161,0,133,29,0,162,110,175,31,7,323,34,0,34,357
09/20/2012,OGG,HI,AWP,WE,Towers with Radar,117,40,7,5,169,0,148,15,0,163,117,188,22,5,332,16,0,16,348
09/21/2012,OGG,HI,AWP,WE,Towers with Radar,113,39,4,5,161,0,146,19,1,166,113,185,23,6,327,27,6,33,360
09/22/2012,OGG,HI,AWP,WE,Towers with Radar,103,40,4,0,147,0,120,9,1,130,103,160,13,1,277,56,0,56,333
09/23/2012,OGG,HI,AWP,WE,Towers with Radar,112,34,0,0,146,0,112,17,0,129,112,146,17,0,275,12,0,12,287
09/24/2012,OGG,HI,AWP,WE,Towers with Radar,119,36,7,2,164,0,133,21,0,154,119,169,28,2,318,16,0,16,334
09/25/2012,OGG,HI,AWP,WE,Towers with Radar,114,36,4,8,162,0,152,25,4,181,114,188,29,12,343,14,0,14,357
09/26/2012,OGG,HI,AWP,WE,Towers with Radar,113,30,3,4,150,0,144,26,0,170,113,174,29,4,320,14,0,14,334
09/27/2012,OGG,HI,AWP,WE,Towers with Radar,117,41,8,2,168,0,136,26,1,163,117,177,34,3,331,14,0,14,345
09/28/2012,OGG,HI,AWP,WE,Towers with Radar,115,34,4,0,153,0,153,25,0,178,115,187,29,0,331,8,0,8,339
09/29/2012,OGG,HI,AWP,WE,Towers with Radar,113,33,4,0,150,0,107,18,1,126,113,140,22,1,276,14,0,14,290
09/30/2012,OGG,HI,AWP,WE,Towers with Radar,111,27,6,0,144,0,109,33,0,142,111,136,39,0,286,12,0,12,298
10/01/2012,OGG,HI,AWP,WE,Towers with Radar,118,39,1,0,158,0,148,29,0,177,118,187,30,0,335,20,0,20,355
10/02/2012,OGG,HI,AWP,WE,Towers with Radar,110,29,7,3,149,0,134,27,3,164,110,163,34,6,313,10,0,10,323
10/03/2012,OGG,HI,AWP,WE,Towers with Radar,113,32,4,0,149,0,166,13,4,183,113,198,17,4,332,32,0,32,364
10/04/2012,OGG,HI,AWP,WE,Towers with Radar,119,42,6,0,167,0,161,29,4,194,119,203,35,4,361,30,0,30,391
10/05/2012,OGG,HI,AWP,WE,Towers with Radar,120,43,1,6,170,0,155,32,2,189,120,198,33,8,359,26,0,26,385
10/06/2012,OGG,HI,AWP,WE,Towers with Radar,118,36,3,0,157,0,131,28,0,159,118,167,31,0,316,20,0,20,336
10/07/2012,OGG,HI,AWP,WE,Towers with Radar,118,40,2,0,160,0,127,28,0,155,118,167,30,0,315,6,0,6,321
10/08/2012,OGG,HI,AWP,WE,Towers with Radar,111,34,1,0,146,0,169,28,0,197,111,203,29,0,343,18,0,18,361
10/09/2012,OGG,HI,AWP,WE,Towers with Radar,116,35,5,2,158,0,162,17,1,180,116,197,22,3,338,30,0,30,368
10/10/2012,OGG,HI,AWP,WE,Towers with Radar,119,32,2,4,157,0,186,14,1,201,119,218,16,5,358,31,0,31,389
10/11/2012,OGG,HI,AWP,WE,Towers with Radar,120,28,3,10,161,0,184,35,0,219,120,212,38,10,380,12,0,12,392
10/12/2012,OGG,HI,AWP,WE,Towers with Radar,120,33,2,3,158,0,186,29,0,215,120,219,31,3,373,18,0,18,391
10/13/2012,OGG,HI,AWP,WE,Towers with Radar,113,34,9,3,159,0,143,22,4,169,113,177,31,7,328,30,0,30,358
10/14/2012,OGG,HI,AWP,WE,Towers with Radar,122,34,6,9,171,0,138,23,4,165,122,172,29,13,336,20,0,20,356
10/15/2012,OGG,HI,AWP,WE,Towers with Radar,110,42,5,3,160,0,163,15,8,186,110,205,20,11,346,26,1,27,373
10/16/2012,OGG,HI,AWP,WE,Towers with Radar,118,37,6,0,161,0,149,33,16,198,118,186,39,16,359,16,0,16,375
10/17/2012,OGG,HI,AWP,WE,Towers with Radar,117,32,4,8,161,0,148,25,3,176,117,180,29,11,337,21,0,21,358
10/18/2012,OGG,HI,AWP,WE,Towers with Radar,120,42,4,0,166,0,171,20,6,197,120,213,24,6,363,14,0,14,377
10/19/2012,OGG,HI,AWP,WE,Towers with Radar,119,54,26,2,201,0,184,37,0,221,119,238,63,2,422,29,0,29,451
10/20/2012,OGG,HI,AWP,WE,Towers with Radar,115,41,2,6,164,0,152,16,0,168,115,193,18,6,332,2,0,2,334
10/21/2012,OGG,HI,AWP,WE,Towers with Radar,124,40,4,0,168,0,130,11,0,141,124,170,15,0,309,34,0,34,343
10/22/2012,OGG,HI,AWP,WE,Towers with Radar,126,41,2,0,169,0,157,35,3,195,126,198,37,3,364,14,0,14,378
10/23/2012,OGG,HI,AWP,WE,Towers with Radar,120,33,4,13,170,0,145,28,4,177,120,178,32,17,347,12,0,12,359
10/24/2012,OGG,HI,AWP,WE,Towers with Radar,112,41,7,14,174,0,164,15,0,179,112,205,22,14,353,24,0,24,377
10/25/2012,OGG,HI,AWP,WE,Towers with Radar,118,30,1,0,149,0,150,25,2,177,118,180,26,2,326,38,0,38,364
10/26/2012,OGG,HI,AWP,WE,Towers with Radar,116,47,5,6,174,0,156,31,0,187,116,203,36,6,361,28,0,28,389
10/27/2012,OGG,HI,AWP,WE,Towers with Radar,104,32,6,0,142,0,134,28,0,162,104,166,34,0,304,22,0,22,326
10/28/2012,OGG,HI,AWP,WE,Towers with Radar,119,35,5,0,159,0,128,19,1,148,119,163,24,1,307,10,0,10,317
10/29/2012,OGG,HI,AWP,WE,Towers with Radar,120,34,5,6,165,0,151,32,1,184,120,185,37,7,349,12,0,12,361
10/30/2012,OGG,HI,AWP,WE,Towers with Radar,113,31,9,6,159,0,138,25,0,163,113,169,34,6,322,6,4,10,332
10/31/2012,OGG,HI,AWP,WE,Towers with Radar,121,28,2,3,154,0,126,24,3,153,121,154,26,6,307,8,1,9,316
11/01/2012,OGG,HI,AWP,WE,Towers with Radar,115,31,2,4,152,49,99,14,0,162,164,130,16,4,314,2,0,2,316
11/02/2012,OGG,HI,AWP,WE,Towers with Radar,117,38,4,6,165,0,148,27,4,179,117,186,31,10,344,6,0,6,350
11/03/2012,OGG,HI,AWP,WE,Towers with Radar,121,26,3,2,152,0,102,26,0,128,121,128,29,2,280,0,0,0,280
11/04/2012,OGG,HI,AWP,WE,Towers with Radar,127,32,8,4,171,0,114,20,0,134,127,146,28,4,305,18,0,18,323
11/05/2012,OGG,HI,AWP,WE,Towers with Radar,118,31,5,0,154,0,146,14,1,161,118,177,19,1,315,6,0,6,321
11/06/2012,OGG,HI,AWP,WE,Towers with Radar,114,33,3,4,154,0,146,18,2,166,114,179,21,6,320,18,0,18,338
11/07/2012,OGG,HI,AWP,WE,Towers with Radar,115,35,4,8,162,0,155,29,2,186,115,190,33,10,348,20,0,20,368
11/08/2012,OGG,HI,AWP,WE,Towers with Radar,115,39,8,2,164,0,164,38,0,202,115,203,46,2,366,6,0,6,372
11/09/2012,OGG,HI,AWP,WE,Towers with Radar,124,36,5,4,169,0,145,22,0,167,124,181,27,4,336,24,0,24,360
11/10/2012,OGG,HI,AWP,WE,Towers with Radar,121,34,5,0,160,0,133,19,0,152,121,167,24,0,312,8,0,8,320
11/11/2012,OGG,HI,AWP,WE,Towers with Radar,118,24,4,0,146,0,140,23,0,163,118,164,27,0,309,24,0,24,333
11/12/2012,OGG,HI,AWP,WE,Towers with Radar,111,34,4,0,149,0,161,26,0,187,111,195,30,0,336,12,0,12,348
11/13/2012,OGG,HI,AWP,WE,Towers with Radar,117,35,1,3,156,0,143,23,6,172,117,178,24,9,328,26,0,26,354
11/14/2012,OGG,HI,AWP,WE,Towers with Radar,119,41,7,6,173,0,159,11,2,172,119,200,18,8,345,14,0,14,359
11/15/2012,OGG,HI,AWP,WE,Towers with Radar,124,34,10,1,169,0,144,32,2,178,124,178,42,3,347,16,0,16,363
11/16/2012,OGG,HI,AWP,WE,Towers with Radar,126,43,7,1,177,0,170,27,0,197,126,213,34,1,374,35,0,35,409
11/17/2012,OGG,HI,AWP,WE,Towers with Radar,125,36,5,0,166,0,137,25,0,162,125,173,30,0,328,16,0,16,344
11/18/2012,OGG,HI,AWP,WE,Towers with Radar,120,25,10,1,156,0,120,18,1,139,120,145,28,2,295,0,0,0,295
11/19/2012,OGG,HI,AWP,WE,Towers with Radar,116,37,7,4,164,0,144,20,0,164,116,181,27,4,328,7,0,7,335
11/20/2012,OGG,HI,AWP,WE,Towers with Radar,117,35,9,6,167,18,143,18,2,181,135,178,27,8,348,18,0,18,366
11/21/2012,OGG,HI,AWP,WE,Towers with Radar,125,38,9,4,176,0,178,27,0,205,125,216,36,4,381,22,0,22,403
11/22/2012,OGG,HI,AWP,WE,Towers with Radar,119,33,2,0,154,0,153,13,0,166,119,186,15,0,320,6,0,6,326
11/23/2012,OGG,HI,AWP,WE,Towers with Radar,130,38,3,0,171,0,175,19,0,194,130,213,22,0,365,44,0,44,409
11/24/2012,OGG,HI,AWP,WE,Towers with Radar,118,30,13,0,161,0,152,27,0,179,118,182,40,0,340,16,0,16,356
11/25/2012,OGG,HI,AWP,WE,Towers with Radar,129,40,14,0,183,0,135,31,2,168,129,175,45,2,351,16,0,16,367
11/26/2012,OGG,HI,AWP,WE,Towers with Radar,120,37,5,5,167,0,96,16,2,114,120,133,21,7,281,28,0,28,309
11/27/2012,OGG,HI,AWP,WE,Towers with Radar,109,35,6,1,151,0,117,11,1,129,109,152,17,2,280,28,0,28,308
11/28/2012,OGG,HI,AWP,WE,Towers with Radar,117,44,1,1,163,0,151,17,5,173,117,195,18,6,336,66,0,66,402
11/29/2012,OGG,HI,AWP,WE,Towers with Radar,109,33,7,2,151,0,132,29,3,164,109,165,36,5,315,8,2,10,325
11/30/2012,OGG,HI,AWP,WE,Towers with Radar,115,32,5,5,157,0,147,31,0,178,115,179,36,5,335,72,0,72,407
12/01/2012,OGG,HI,AWP,WE,Towers with Radar,119,25,3,5,152,0,114,18,1,133,119,139,21,6,285,28,0,28,313
12/02/2012,OGG,HI,AWP,WE,Towers with Radar,121,32,2,4,159,0,109,20,3,132,121,141,22,7,291,6,0,6,297
12/03/2012,OGG,HI,AWP,WE,Towers with Radar,105,41,4,2,152,0,107,15,6,128,105,148,19,8,280,14,6,20,300
12/04/2012,OGG,HI,AWP,WE,Towers with Radar,119,39,2,6,166,0,133,31,3,167,119,172,33,9,333,30,0,30,363
12/05/2012,OGG,HI,AWP,WE,Towers with Radar,126,42,4,8,180,0,139,17,2,158,126,181,21,10,338,16,0,16,354
12/06/2012,OGG,HI,AWP,WE,Towers with Radar,115,35,5,0,155,0,133,15,0,148,115,168,20,0,303,10,0,10,313
12/07/2012,OGG,HI,AWP,WE,Towers with Radar,122,40,6,0,168,0,159,18,0,177,122,199,24,0,345,8,0,8,353
12/08/2012,OGG,HI,AWP,WE,Towers with Radar,118,31,4,4,157,0,126,16,0,142,118,157,20,4,299,6,0,6,305
12/09/2012,OGG,HI,AWP,WE,Towers with Radar,126,24,4,1,155,0,134,21,0,155,126,158,25,1,310,2,0,2,312
12/10/2012,OGG,HI,AWP,WE,Towers with Radar,111,38,3,4,156,0,134,30,0,164,111,172,33,4,320,24,0,24,344
12/11/2012,OGG,HI,AWP,WE,Towers with Radar,116,34,3,20,173,0,135,19,2,156,116,169,22,22,329,18,0,18,347
12/12/2012,OGG,HI,AWP,WE,Towers with Radar,116,35,7,5,163,0,115,25,0,140,116,150,32,5,303,12,0,12,315
12/13/2012,OGG,HI,AWP,WE,Towers with Radar,121,34,2,0,157,0,119,20,3,142,121,153,22,3,299,35,0,35,334
12/14/2012,OGG,HI,AWP,WE,Towers with Radar,121,36,2,0,159,0,149,17,0,166,121,185,19,0,325,48,0,48,373
12/15/2012,OGG,HI,AWP,WE,Towers with Radar,126,28,7,1,162,0,130,28,0,158,126,158,35,1,320,2,0,2,322
12/16/2012,OGG,HI,AWP,WE,Towers with Radar,124,31,8,0,163,0,124,17,1,142,124,155,25,1,305,0,0,0,305
12/17/2012,OGG,HI,AWP,WE,Towers with Radar,122,28,5,3,158,0,108,18,1,127,122,136,23,4,285,24,0,24,309
12/18/2012,OGG,HI,AWP,WE,Towers with Radar,120,28,9,6,163,0,155,25,2,182,120,183,34,8,345,28,2,30,375
12/19/2012,OGG,HI,AWP,WE,Towers with Radar,131,37,10,4,182,0,103,14,3,120,131,140,24,7,302,28,0,28,330
12/20/2012,OGG,HI,AWP,WE,Towers with Radar,146,29,10,10,195,0,54,13,0,67,146,83,23,10,262,4,0,4,266
12/21/2012,OGG,HI,AWP,WE,Towers with Radar,137,33,14,0,184,0,171,22,1,194,137,204,36,1,378,46,0,46,424
12/22/2012,OGG,HI,AWP,WE,Towers with Radar,131,19,19,0,169,0,157,23,0,180,131,176,42,0,349,10,0,10,359
12/23/2012,OGG,HI,AWP,WE,Towers with Radar,132,30,6,0,168,0,170,29,0,199,132,200,35,0,367,2,0,2,369
12/24/2012,OGG,HI,AWP,WE,Towers with Radar,122,17,6,0,145,0,158,32,0,190,122,175,38,0,335,20,0,20,355
12/25/2012,OGG,HI,AWP,WE,Towers with Radar,127,23,3,0,153,0,120,1,0,121,127,143,4,0,274,0,0,0,274
12/26/2012,OGG,HI,AWP,WE,Towers with Radar,132,22,25,6,185,0,179,23,0,202,132,201,48,6,387,14,0,14,401
12/27/2012,OGG,HI,AWP,WE,Towers with Radar,126,25,13,17,181,0,211,28,0,239,126,236,41,17,420,14,0,14,434
12/28/2012,OGG,HI,AWP,WE,Towers with Radar,137,33,10,4,184,0,213,35,0,248,137,246,45,4,432,18,0,18,450
12/29/2012,OGG,HI,AWP,WE,Towers with Radar,107,23,15,2,147,0,196,21,0,217,107,219,36,2,364,10,0,10,374
12/30/2012,OGG,HI,AWP,WE,Towers with Radar,123,46,13,0,182,0,137,24,2,163,123,183,37,2,345,32,0,32,377
12/31/2012,OGG,HI,AWP,WE,Towers with Radar,138,33,10,1,182,0,197,16,1,214,138,230,26,2,396,4,0,4,400
01/01/2013,OGG,HI,AWP,WE,Towers with Radar,127,30,23,1,181,0,132,4,1,137,127,162,27,2,318,2,0,2,320
01/02/2013,OGG,HI,AWP,WE,Towers with Radar,131,43,22,6,202,0,166,10,0,176,131,209,32,6,378,10,0,10,388
01/03/2013,OGG,HI,AWP,WE,Towers with Radar,128,47,22,14,211,0,58,7,0,65,128,105,29,14,276,6,4,10,286
01/04/2013,OGG,HI,AWP,WE,Towers with Radar,134,28,24,16,202,0,88,12,0,100,134,116,36,16,302,22,0,22,324
01/05/2013,OGG,HI,AWP,WE,Towers with Radar,104,27,21,3,155,0,91,10,0,101,104,118,31,3,256,16,0,16,272
01/06/2013,OGG,HI,AWP,WE,Towers with Radar,134,15,14,4,167,0,175,23,0,198,134,190,37,4,365,0,0,0,365
01/07/2013,OGG,HI,AWP,WE,Towers with Radar,122,22,13,0,157,0,168,31,0,199,122,190,44,0,356,22,0,22,378
01/08/2013,OGG,HI,AWP,WE,Towers with Radar,116,27,4,2,149,0,169,28,0,197,116,196,32,2,346,18,2,20,366
01/09/2013,OGG,HI,AWP,WE,Towers with Radar,111,23,1,12,147,0,154,28,3,185,111,177,29,15,332,14,0,14,346
01/10/2013,OGG,HI,AWP,WE,Towers with Radar,131,28,4,14,177,0,183,30,1,214,131,211,34,15,391,9,0,9,400
01/11/2013,OGG,HI,AWP,WE,Towers with Radar,134,26,6,3,169,0,150,34,3,187,134,176,40,6,356,6,0,6,362
01/12/2013,OGG,HI,AWP,WE,Towers with Radar,120,27,7,4,158,0,124,23,2,149,120,151,30,6,307,8,0,8,315
01/13/2013,OGG,HI,AWP,WE,Towers with Radar,119,18,7,0,144,0,130,28,0,158,119,148,35,0,302,10,0,10,312
01/14/2013,OGG,HI,AWP,WE,Towers with Radar,127,36,9,0,172,0,125,25,2,152,127,161,34,2,324,28,0,28,352
01/15/2013,OGG,HI,AWP,WE,Towers with Radar,109,33,8,6,156,0,147,27,5,179,109,180,35,11,335,12,8,20,355
01/16/2013,OGG,HI,AWP,WE,Towers with Radar,124,27,10,2,163,0,169,28,8,205,124,196,38,10,368,34,0,34,402
01/17/2013,OGG,HI,AWP,WE,Towers with Radar,119,31,8,6,164,0,151,36,2,189,119,182,44,8,353,12,9,21,374
01/18/2013,OGG,HI,AWP,WE,Towers with Radar,129,26,5,0,160,0,166,37,0,203,129,192,42,0,363,12,0,12,375
01/19/2013,OGG,HI,AWP,WE,Towers with Radar,125,16,6,0,147,0,158,31,0,189,125,174,37,0,336,4,0,4,340
01/20/2013,OGG,HI,AWP,WE,Towers with Radar,120,17,3,0,140,0,137,25,0,162,120,154,28,0,302,20,5,25,327
01/21/2013,OGG,HI,AWP,WE,Towers with Radar,127,29,2,6,164,0,147,27,0,174,127,176,29,6,338,15,16,31,369
01/22/2013,OGG,HI,AWP,WE,Towers with Radar,126,28,7,20,181,0,156,30,3,189,126,184,37,23,370,10,0,10,380
01/23/2013,OGG,HI,AWP,WE,Towers with Radar,117,24,3,12,156,0,128,21,1,150,117,152,24,13,306,30,21,51,357
01/24/2013,OGG,HI,AWP,WE,Towers with Radar,117,26,2,2,147,0,139,19,2,160,117,165,21,4,307,42,0,42,349
01/25/2013,OGG,HI,AWP,WE,Towers with Radar,134,20,4,15,173,0,154,32,1,187,134,174,36,16,360,50,0,50,410
01/26/2013,OGG,HI,AWP,WE,Towers with Radar,124,17,4,0,145,0,156,26,1,183,124,173,30,1,328,21,0,21,349
01/27/2013,OGG,HI,AWP,WE,Towers with Radar,118,15,7,2,142,0,111,17,0,128,118,126,24,2,270,4,0,4,274
01/28/2013,OGG,HI,AWP,WE,Towers with Radar,127,48,5,10,190,0,42,7,2,51,127,90,12,12,241,34,0,34,275
01/29/2013,OGG,HI,AWP,WE,Towers with Radar,121,54,11,2,188,0,56,13,3,72,121,110,24,5,260,10,0,10,270
01/30/2013,OGG,HI,AWP,WE,Towers with Radar,128,37,9,5,179,0,149,38,2,189,128,186,47,7,368,28,0,28,396
01/31/2013,OGG,HI,AWP,WE,Towers with Radar,125,39,9,0,173,0,80,25,0,105,125,119,34,0,278,46,0,46,324
02/01/2013,OGG,HI,AWP,WE,Towers with Radar,128,24,6,0,158,0,167,35,0,202,128,191,41,0,360,29,0,29,389
02/02/2013,OGG,HI,AWP,WE,Towers with Radar,122,20,5,0,147,0,167,33,0,200,122,187,38,0,347,44,0,44,391
02/03/2013,OGG,HI,AWP,WE,Towers with Radar,129,22,6,0,157,0,137,28,0,165,129,159,34,0,322,14,0,14,336
02/04/2013,OGG,HI,AWP,WE,Towers with Radar,122,28,7,9,166,0,150,20,2,172,122,178,27,11,338,30,0,30,368
02/05/2013,OGG,HI,AWP,WE,Towers with Radar,119,39,4,2,164,0,139,26,2,167,119,178,30,4,331,23,0,23,354
02/06/2013,OGG,HI,AWP,WE,Towers with Radar,128,45,5,27,205,0,97,12,5,114,128,142,17,32,319,26,0,26,345
02/07/2013,OGG,HI,AWP,WE,Towers with Radar,118,27,4,0,149,0,131,23,4,158,118,158,27,4,307,26,0,26,333
02/08/2013,OGG,HI,AWP,WE,Towers with Radar,124,21,7,5,157,17,158,35,3,213,141,179,42,8,370,34,0,34,404
02/09/2013,OGG,HI,AWP,WE,Towers with Radar,121,16,3,4,144,0,172,28,4,204,121,188,31,8,348,34,0,34,382
02/10/2013,OGG,HI,AWP,WE,Towers with Radar,118,20,8,4,150,0,143,33,4,180,118,163,41,8,330,6,2,8,338
02/11/2013,OGG,HI,AWP,WE,Towers with Radar,119,25,4,1,149,0,167,32,3,202,119,192,36,4,351,14,0,14,365
02/12/2013,OGG,HI,AWP,WE,Towers with Radar,111,30,3,17,161,0,169,31,5,205,111,199,34,22,366,54,0,54,420
02/13/2013,OGG,HI,AWP,WE,Towers with Radar,126,20,9,5,160,0,172,21,0,193,126,192,30,5,353,40,0,40,393
02/14/2013,OGG,HI,AWP,WE,Towers with Radar,122,34,6,6,168,0,161,31,0,192,122,195,37,6,360,14,0,14,374
02/15/2013,OGG,HI,AWP,WE,Towers with Radar,130,25,8,6,169,0,185,29,1,215,130,210,37,7,384,34,0,34,418
02/16/2013,OGG,HI,AWP,WE,Towers with Radar,101,17,6,2,126,0,158,25,0,183,101,175,31,2,309,4,0,4,313
02/17/2013,OGG,HI,AWP,WE,Towers with Radar,109,35,5,1,150,0,103,14,1,118,109,138,19,2,268,10,0,10,278
02/18/2013,OGG,HI,AWP,WE,Towers with Radar,119,28,4,0,151,0,169,20,0,189,119,197,24,0,340,30,0,30,370
02/19/2013,OGG,HI,AWP,WE,Towers with Radar,112,29,6,4,151,0,175,27,2,204,112,204,33,6,355,36,0,36,391
02/20/2013,OGG,HI,AWP,WE,Towers with Radar,124,29,11,3,167,0,167,20,0,187,124,196,31,3,354,38,0,38,392
02/21/2013,OGG,HI,AWP,WE,Towers with Radar,126,48,13,3,190,0,56,23,0,79,126,104,36,3,269,4,0,4,273
02/22/2013,OGG,HI,AWP,WE,Towers with Radar,134,31,10,2,177,0,152,25,0,177,134,183,35,2,354,6,0,6,360
02/23/2013,OGG,HI,AWP,WE,Towers with Radar,108,17,7,10,142,0,152,27,2,181,108,169,34,12,323,14,0,14,337
02/24/2013,OGG,HI,AWP,WE,Towers with Radar,129,14,11,0,154,0,142,15,0,157,129,156,26,0,311,0,0,0,311
02/25/2013,OGG,HI,AWP,WE,Towers with Radar,122,26,7,18,173,0,159,41,0,200,122,185,48,18,373,22,0,22,395
02/26/2013,OGG,HI,AWP,WE,Towers with Radar,114,22,4,4,144,0,159,28,4,191,114,181,32,8,335,24,0,24,359
02/27/2013,OGG,HI,AWP,WE,Towers with Radar,122,21,8,1,152,0,164,18,1,183,122,185,26,2,335,26,0,26,361
02/28/2013,OGG,HI,AWP,WE,Towers with Radar,107,19,11,5,142,0,160,42,0,202,107,179,53,5,344,28,0,28,372
03/01/2013,OGG,HI,AWP,WE,Towers with Radar,144,21,7,0,172,0,165,27,0,192,144,186,34,0,364,0,0,0,364
03/02/2013,OGG,HI,AWP,WE,Towers with Radar,120,16,8,0,144,0,157,18,0,175,120,173,26,0,319,12,0,12,331
03/03/2013,OGG,HI,AWP,WE,Towers with Radar,123,15,3,0,141,0,134,14,3,151,123,149,17,3,292,10,0,10,302
03/04/2013,OGG,HI,AWP,WE,Towers with Radar,126,22,5,4,157,4,161,35,0,200,130,183,40,4,357,29,11,40,397
03/05/2013,OGG,HI,AWP,WE,Towers with Radar,122,29,5,0,156,0,157,43,2,202,122,186,48,2,358,14,0,14,372
03/06/2013,OGG,HI,AWP,WE,Towers with Radar,120,28,3,0,151,0,171,25,0,196,120,199,28,0,347,30,0,30,377
03/07/2013,OGG,HI,AWP,WE,Towers with Radar,132,25,5,14,176,0,192,31,2,225,132,217,36,16,401,12,0,12,413
03/08/2013,OGG,HI,AWP,WE,Towers with Radar,138,23,8,0,169,0,175,45,4,224,138,198,53,4,393,12,0,12,405
03/09/2013,OGG,HI,AWP,WE,Towers with Radar,125,32,7,0,164,0,132,16,0,148,125,164,23,0,312,14,0,14,326
03/10/2013,OGG,HI,AWP,WE,Towers with Radar,118,29,1,0,148,0,117,12,0,129,118,146,13,0,277,4,0,4,281
03/11/2013,OGG,HI,AWP,WE,Towers with Radar,126,24,1,2,153,0,175,39,0,214,126,199,40,2,367,10,0,10,377
03/12/2013,OGG,HI,AWP,WE,Towers with Radar,117,25,4,6,152,0,170,36,2,208,117,195,40,8,360,44,0,44,404
03/13/2013,OGG,HI,AWP,WE,Towers with Radar,116,25,2,10,153,0,184,51,1,236,116,209,53,11,389,38,0,38,427
03/14/2013,OGG,HI,AWP,WE,Towers with Radar,126,28,7,6,167,0,199,35,0,234,126,227,42,6,401,8,0,8,409
03/15/2013,OGG,HI,AWP,WE,Towers with Radar,122,38,3,2,165,0,175,26,0,201,122,213,29,2,366,4,0,4,370
03/16/2013,OGG,HI,AWP,WE,Towers with Radar,123,26,8,0,157,0,162,27,0,189,123,188,35,0,346,14,0,14,360
03/17/2013,OGG,HI,AWP,WE,Towers with Radar,135,21,5,0,161,0,166,25,0,191,135,187,30,0,352,30,0,30,382
03/18/2013,OGG,HI,AWP,WE,Towers with Radar,124,29,4,10,167,0,188,32,0,220,124,217,36,10,387,11,0,11,398
03/19/2013,OGG,HI,AWP,WE,Towers with Radar,109,24,4,8,145,0,199,18,0,217,109,223,22,8,362,26,0,26,388
03/20/2013,OGG,HI,AWP,WE,Towers with Radar,115,34,3,1,153,0,155,31,1,187,115,189,34,2,340,12,0,12,352
03/21/2013,OGG,HI,AWP,WE,Towers with Radar,128,22,1,6,157,0,173,47,0,220,128,195,48,6,377,16,0,16,393
03/22/2013,OGG,HI,AWP,WE,Towers with Radar,125,22,3,2,152,0,152,23,2,177,125,174,26,4,329,16,0,16,345
03/23/2013,OGG,HI,AWP,WE,Towers with Radar,128,49,17,0,194,0,81,18,0,99,128,130,35,0,293,2,0,2,295
03/24/2013,OGG,HI,AWP,WE,Towers with Radar,120,27,3,0,150,0,142,21,0,163,120,169,24,0,313,36,0,36,349
03/25/2013,OGG,HI,AWP,WE,Towers with Radar,129,28,6,14,177,0,184,41,0,225,129,212,47,14,402,12,0,12,414
03/26/2013,OGG,HI,AWP,WE,Towers with Radar,117,22,2,6,147,0,179,24,3,206,117,201,26,9,353,8,0,8,361
03/27/2013,OGG,HI,AWP,WE,Towers with Radar,121,32,7,8,168,0,168,25,0,193,121,200,32,8,361,26,0,26,387
03/28/2013,OGG,HI,AWP,WE,Towers with Radar,125,26,3,5,159,0,185,30,2,217,125,211,33,7,376,16,3,19,395
03/29/2013,OGG,HI,AWP,WE,Towers with Radar,132,36,15,2,185,0,147,23,0,170,132,183,38,2,355,4,0,4,359
03/30/2013,OGG,HI,AWP,WE,Towers with Radar,127,26,10,5,168,0,149,15,0,164,127,175,25,5,332,10,0,10,342
03/31/2013,OGG,HI,AWP,WE,Towers with Radar,120,18,11,0,149,0,156,18,0,174,120,174,29,0,323,6,0,6,329
04/01/2013,OGG,HI,AWP,WE,Towers with Radar,117,18,9,4,148,0,166,37,1,204,117,184,46,5,352,6,0,6,358
04/02/2013,OGG,HI,AWP,WE,Towers with Radar,101,21,9,8,139,0,192,37,0,229,101,213,46,8,368,12,0,12,380
04/03/2013,OGG,HI,AWP,WE,Towers with Radar,125,28,2,2,157,0,181,45,7,233,125,209,47,9,390,32,0,32,422
04/04/2013,OGG,HI,AWP,WE,Towers with Radar,129,26,5,0,160,0,196,52,0,248,129,222,57,0,408,4,0,4,412
04/05/2013,OGG,HI,AWP,WE,Towers with Radar,133,24,12,2,171,0,197,43,0,240,133,221,55,2,411,16,0,16,427
04/06/2013,OGG,HI,AWP,WE,Towers with Radar,123,20,12,4,159,0,142,24,2,168,123,162,36,6,327,10,0,10,337
04/07/2013,OGG,HI,AWP,WE,Towers with Radar,126,17,8,3,154,0,142,15,1,158,126,159,23,4,312,2,0,2,314
04/08/2013,OGG,HI,AWP,WE,Towers with Radar,129,22,2,12,165,0,151,33,0,184,129,173,35,12,349,26,0,26,375
04/09/2013,OGG,HI,AWP,WE,Towers with Radar,121,28,4,10,163,0,165,34,2,201,121,193,38,12,364,22,0,22,386
04/10/2013,OGG,HI,AWP,WE,Towers with Radar,118,23,3,2,146,0,179,37,2,218,118,202,40,4,364,18,0,18,382
04/11/2013,OGG,HI,AWP,WE,Towers with Radar,124,28,2,4,158,0,168,36,0,204,124,196,38,4,362,20,0,20,382
04/12/2013,OGG,HI,AWP,WE,Towers with Radar,137,27,9,9,182,0,144,30,4,178,137,171,39,13,360,6,0,6,366
04/13/2013,OGG,HI,AWP,WE,Towers with Radar,122,19,2,0,143,0,133,20,0,153,122,152,22,0,296,6,0,6,302
04/14/2013,OGG,HI,AWP,WE,Towers with Radar,128,23,6,0,157,0,121,22,0,143,128,144,28,0,300,6,0,6,306
04/15/2013,OGG,HI,AWP,WE,Towers with Radar,126,34,7,1,168,0,160,30,0,190,126,194,37,1,358,32,0,32,390
04/16/2013,OGG,HI,AWP,WE,Towers with Radar,112,26,4,2,144,0,164,42,4,210,112,190,46,6,354,40,0,40,394
04/17/2013,OGG,HI,AWP,WE,Towers with Radar,110,32,9,15,166,0,177,24,1,202,110,209,33,16,368,30,15,45,413
04/18/2013,OGG,HI,AWP,WE,Towers with Radar,119,27,6,2,154,0,164,38,2,204,119,191,44,4,358,25,0,25,383
04/19/2013,OGG,HI,AWP,WE,Towers with Radar,124,29,6,2,161,0,114,30,0,144,124,143,36,2,305,44,0,44,349
04/20/2013,OGG,HI,AWP,WE,Towers with Radar,122,24,3,0,149,0,136,26,0,162,122,160,29,0,311,14,0,14,325
04/21/2013,OGG,HI,AWP,WE,Towers with Radar,135,26,4,0,165,0,143,27,2,172,135,169,31,2,337,6,0,6,343
04/22/2013,OGG,HI,AWP,WE,Towers with Radar,122,30,2,20,174,0,150,39,0,189,122,180,41,20,363,14,25,39,402
04/23/2013,OGG,HI,AWP,WE,Towers with Radar,113,24,4,17,158,0,148,30,1,179,113,172,34,18,337,4,0,4,341
04/24/2013,OGG,HI,AWP,WE,Towers with Radar,120,27,2,2,151,0,145,23,0,168,120,172,25,2,319,10,0,10,329
04/25/2013,OGG,HI,AWP,WE,Towers with Radar,115,29,4,2,150,0,179,42,2,223,115,208,46,4,373,8,0,8,381
04/26/2013,OGG,HI,AWP,WE,Towers with Radar,125,33,8,8,174,0,169,48,0,217,125,202,56,8,391,14,0,14,405
04/27/2013,OGG,HI,AWP,WE,Towers with Radar,111,24,6,0,141,0,143,54,0,197,111,167,60,0,338,6,0,6,344
04/28/2013,OGG,HI,AWP,WE,Towers with Radar,128,21,3,0,152,0,159,27,1,187,128,180,30,1,339,38,0,38,377
04/29/2013,OGG,HI,AWP,WE,Towers with Radar,115,22,11,10,158,0,127,34,1,162,115,149,45,11,320,0,4,4,324
04/30/2013,OGG,HI,AWP,WE,Towers with Radar,114,26,6,4,150,0,143,30,0,173,114,169,36,4,323,7,0,7,330
05/01/2013,OGG,HI,AWP,WE,Towers with Radar,115,25,4,4,148,0,156,22,4,182,115,181,26,8,330,6,0,6,336
05/02/2013,OGG,HI,AWP,WE,Towers with Radar,120,25,1,2,148,0,162,30,0,192,120,187,31,2,340,6,0,6,346
05/03/2013,OGG,HI,AWP,WE,Towers with Radar,118,26,3,5,152,0,175,21,2,198,118,201,24,7,350,14,2,16,366
05/04/2013,OGG,HI,AWP,WE,Towers with Radar,114,29,2,6,151,0,162,25,0,187,114,191,27,6,338,6,0,6,344
05/05/2013,OGG,HI,AWP,WE,Towers with Radar,102,26,6,8,142,0,96,12,0,108,102,122,18,8,250,0,10,10,260
05/06/2013,OGG,HI,AWP,WE,Towers with Radar,122,55,5,4,186,0,34,3,0,37,122,89,8,4,223,2,0,2,225
05/07/2013,OGG,HI,AWP,WE,Towers with Radar,121,21,2,2,146,0,226,35,0,261,121,247,37,2,407,26,12,38,445
05/08/2013,OGG,HI,AWP,WE,Towers with Radar,110,27,3,2,142,0,176,24,0,200,110,203,27,2,342,6,11,17,359
05/09/2013,OGG,HI,AWP,WE,Towers with Radar,113,25,6,4,148,0,160,35,0,195,113,185,41,4,343,37,0,37,380
05/10/2013,OGG,HI,AWP,WE,Towers with Radar,117,27,1,3,148,0,149,37,1,187,117,176,38,4,335,12,4,16,351
05/11/2013,OGG,HI,AWP,WE,Towers with Radar,113,50,4,4,171,0,30,15,0,45,113,80,19,4,216,4,0,4,220
05/12/2013,OGG,HI,AWP,WE,Towers with Radar,107,52,3,0,162,0,5,4,0,9,107,57,7,0,171,0,0,0,171
05/13/2013,OGG,HI,AWP,WE,Towers with Radar,116,31,0,0,147,0,129,26,0,155,116,160,26,0,302,58,0,58,360
05/14/2013,OGG,HI,AWP,WE,Towers with Radar,112,26,6,0,144,0,184,15,0,199,112,210,21,0,343,16,0,16,359
05/15/2013,OGG,HI,AWP,WE,Towers with Radar,112,33,3,2,150,0,194,17,0,211,112,227,20,2,361,16,0,16,377
05/16/2013,OGG,HI,AWP,WE,Towers with Radar,112,31,4,1,148,0,174,24,4,202,112,205,28,5,350,48,0,48,398
05/17/2013,OGG,HI,AWP,WE,Towers with Radar,113,28,2,0,143,0,148,25,2,175,113,176,27,2,318,44,0,44,362
05/18/2013,OGG,HI,AWP,WE,Towers with Radar,114,27,6,4,151,0,150,19,0,169,114,177,25,4,320,42,0,42,362
05/19/2013,OGG,HI,AWP,WE,Towers with Radar,113,24,10,0,147,0,113,26,0,139,113,137,36,0,286,17,0,17,303
05/20/2013,OGG,HI,AWP,WE,Towers with Radar,119,22,1,6,148,0,160,25,1,186,119,182,26,7,334,6,0,6,340
05/21/2013,OGG,HI,AWP,WE,Towers with Radar,107,25,2,5,139,0,149,18,0,167,107,174,20,5,306,10,0,10,316
05/22/2013,OGG,HI,AWP,WE,Towers with Radar,115,24,5,8,152,0,149,23,9,181,115,173,28,17,333,50,0,50,383
05/23/2013,OGG,HI,AWP,WE,Towers with Radar,118,22,6,1,147,0,189,42,10,241,118,211,48,11,388,10,0,10,398
05/24/2013,OGG,HI,AWP,WE,Towers with Radar,115,18,4,0,137,0,149,18,0,167,115,167,22,0,304,20,0,20,324
05/25/2013,OGG,HI,AWP,WE,Towers with Radar,106,21,6,3,136,0,126,21,1,148,106,147,27,4,284,10,0,10,294
05/26/2013,OGG,HI,AWP,WE,Towers with Radar,113,17,5,0,135,0,136,21,0,157,113,153,26,0,292,27,0,27,319
05/27/2013,OGG,HI,AWP,WE,Towers with Radar,107,22,4,0,133,0,155,16,0,171,107,177,20,0,304,43,0,43,347
05/28/2013,OGG,HI,AWP,WE,Towers with Radar,119,22,12,10,163,0,138,16,0,154,119,160,28,10,317,10,2,12,329
05/29/2013,OGG,HI,AWP,WE,Towers with Radar,110,14,0,11,135,0,158,29,5,192,110,172,29,16,327,20,0,20,347
05/30/2013,OGG,HI,AWP,WE,Towers with Radar,114,19,9,13,155,0,138,30,1,169,114,157,39,14,324,28,0,28,352
05/31/2013,OGG,HI,AWP,WE,Towers with Radar,113,22,4,2,141,0,116,19,0,135,113,138,23,2,276,14,0,14,290
06/01/2013,OGG,HI,AWP,WE,Towers with Radar,119,22,3,4,148,0,129,7,1,137,119,151,10,5,285,6,0,6,291
06/02/2013,OGG,HI,AWP,WE,Towers with Radar,120,25,4,7,156,0,119,9,0,128,120,144,13,7,284,2,0,2,286
06/03/2013,OGG,HI,AWP,WE,Towers with Radar,119,32,6,14,171,0,150,20,3,173,119,182,26,17,344,7,1,8,352
06/04/2013,OGG,HI,AWP,WE,Towers with Radar,114,24,3,9,150,0,167,22,0,189,114,191,25,9,339,14,0,14,353
06/05/2013,OGG,HI,AWP,WE,Towers with Radar,122,27,2,9,160,0,171,18,4,193,122,198,20,13,353,22,0,22,375
06/06/2013,OGG,HI,AWP,WE,Towers with Radar,124,31,2,3,160,0,151,25,8,184,124,182,27,11,344,22,0,22,366
06/07/2013,OGG,HI,AWP,WE,Towers with Radar,130,25,1,0,156,0,150,27,2,179,130,175,28,2,335,12,10,22,357
06/08/2013,OGG,HI,AWP,WE,Towers with Radar,126,28,5,3,162,0,118,21,3,142,126,146,26,6,304,14,0,14,318
06/09/2013,OGG,HI,AWP,WE,Towers with Radar,128,24,6,1,159,0,125,14,0,139,128,149,20,1,298,10,0,10,308
06/10/2013,OGG,HI,AWP,WE,Towers with Radar,132,32,3,3,170,0,144,29,0,173,132,176,32,3,343,6,0,6,349
06/11/2013,OGG,HI,AWP,WE,Towers with Radar,120,21,7,18,166,0,161,30,5,196,120,182,37,23,362,34,19,53,415
06/12/2013,OGG,HI,AWP,WE,Towers with Radar,121,28,4,10,163,0,170,30,5,205,121,198,34,15,368,20,0,20,388
06/13/2013,OGG,HI,AWP,WE,Towers with Radar,122,22,3,9,156,0,153,19,4,176,122,175,22,13,332,26,0,26,358
06/14/2013,OGG,HI,AWP,WE,Towers with Radar,143,37,2,4,186,0,182,25,0,207,143,219,27,4,393,14,0,14,407
06/15/2013,OGG,HI,AWP,WE,Towers with Radar,138,27,5,0,170,0,167,16,0,183,138,194,21,0,353,5,0,5,358
06/16/2013,OGG,HI,AWP,WE,Towers with Radar,122,21,3,2,148,0,156,13,0,169,122,177,16,2,317,22,0,22,339
06/17/2013,OGG,HI,AWP,WE,Towers with Radar,144,26,8,10,188,0,132,23,0,155,144,158,31,10,343,4,6,10,353
06/18/2013,OGG,HI,AWP,WE,Towers with Radar,133,29,6,7,175,0,196,39,5,240,133,225,45,12,415,47,0,47,462
06/19/2013,OGG,HI,AWP,WE,Towers with Radar,126,27,2,12,167,0,165,38,5,208,126,192,40,17,375,35,0,35,410
06/20/2013,OGG,HI,AWP,WE,Towers with Radar,129,22,5,0,156,0,171,39,7,217,129,193,44,7,373,42,0,42,415
06/21/2013,OGG,HI,AWP,WE,Towers with Radar,149,31,9,0,189,0,140,31,2,173,149,171,40,2,362,20,5,25,387
06/22/2013,OGG,HI,AWP,WE,Towers with Radar,138,26,9,0,173,0,133,21,2,156,138,159,30,2,329,24,0,24,353
06/23/2013,OGG,HI,AWP,WE,Towers with Radar,140,26,6,0,172,0,138,20,0,158,140,164,26,0,330,6,0,6,336
06/24/2013,OGG,HI,AWP,WE,Towers with Radar,135,24,7,8,174,0,156,38,3,197,135,180,45,11,371,6,0,6,377
06/25/2013,OGG,HI,AWP,WE,Towers with Radar,131,38,2,2,173,0,134,22,5,161,131,172,24,7,334,32,0,32,366
06/26/2013,OGG,HI,AWP,WE,Towers with Radar,138,28,2,10,178,0,171,21,1,193,138,199,23,11,371,12,4,16,387
06/27/2013,OGG,HI,AWP,WE,Towers with Radar,138,29,6,4,177,0,176,33,0,209,138,205,39,4,386,20,0,20,406
06/28/2013,OGG,HI,AWP,WE,Towers with Radar,153,24,6,4,187,0,182,24,0,206,153,206,30,4,393,16,0,16,409
06/29/2013,OGG,HI,AWP,WE,Towers with Radar,134,23,5,6,168,0,143,26,0,169,134,166,31,6,337,16,0,16,353
06/30/2013,OGG,HI,AWP,WE,Towers with Radar,130,13,3,0,146,0,130,23,1,154,130,143,26,1,300,46,0,46,346
07/01/2013,OGG,HI,AWP,WE,Towers with Radar,146,16,6,4,172,0,166,26,0,192,146,182,32,4,364,43,0,43,407
07/02/2013,OGG,HI,AWP,WE,Towers with Radar,143,22,3,20,188,0,159,22,4,185,143,181,25,24,373,56,0,56,429
07/03/2013,OGG,HI,AWP,WE,Towers with Radar,134,25,10,8,177,0,178,30,0,208,134,203,40,8,385,42,0,42,427
07/04/2013,OGG,HI,AWP,WE,Towers with Radar,127,15,3,0,145,0,168,31,0,199,127,183,34,0,344,38,0,38,382
07/05/2013,OGG,HI,AWP,WE,Towers with Radar,142,23,2,0,167,0,190,15,0,205,142,213,17,0,372,34,0,34,406
07/06/2013,OGG,HI,AWP,WE,Towers with Radar,127,13,3,0,143,0,169,18,0,187,127,182,21,0,330,12,0,12,342
07/07/2013,OGG,HI,AWP,WE,Towers with Radar,132,15,4,0,151,0,141,14,0,155,132,156,18,0,306,4,0,4,310
07/08/2013,OGG,HI,AWP,WE,Towers with Radar,148,20,8,5,181,0,177,30,3,210,148,197,38,8,391,8,0,8,399
07/09/2013,OGG,HI,AWP,WE,Towers with Radar,136,17,10,6,169,0,159,17,0,176,136,176,27,6,345,6,0,6,351
07/10/2013,OGG,HI,AWP,WE,Towers with Radar,136,17,3,11,167,0,159,22,1,182,136,176,25,12,349,24,2,26,375
07/11/2013,OGG,HI,AWP,WE,Towers with Radar,129,22,6,5,162,0,159,19,1,179,129,181,25,6,341,38,16,54,395
07/12/2013,OGG,HI,AWP,WE,Towers with Radar,130,20,10,8,168,0,173,13,2,188,130,193,23,10,356,10,2,12,368
07/13/2013,OGG,HI,AWP,WE,Towers with Radar,138,19,4,2,163,0,139,25,0,164,138,158,29,2,327,10,0,10,337
07/14/2013,OGG,HI,AWP,WE,Towers with Radar,130,19,7,2,158,0,131,29,0,160,130,150,36,2,318,34,0,34,352
07/15/2013,OGG,HI,AWP,WE,Towers with Radar,134,19,4,10,167,0,182,15,0,197,134,201,19,10,364,23,0,23,387
07/16/2013,OGG,HI,AWP,WE,Towers with Radar,136,24,3,6,169,0,163,35,9,207,136,187,38,15,376,8,0,8,384
07/17/2013,OGG,HI,AWP,WE,Towers with Radar,137,25,3,8,173,0,167,15,0,182,137,192,18,8,355,16,0,16,371
07/18/2013,OGG,HI,AWP,WE,Towers with Radar,131,30,3,2,166,0,167,27,3,197,131,197,30,5,363,16,0,16,379
07/19/2013,OGG,HI,AWP,WE,Towers with Radar,143,21,3,6,173,0,174,21,0,195,143,195,24,6,368,12,0,12,380
07/20/2013,OGG,HI,AWP,WE,Towers with Radar,131,24,9,2,166,0,145,29,0,174,131,169,38,2,340,34,0,34,374
07/21/2013,OGG,HI,AWP,WE,Towers with Radar,134,17,4,0,155,0,130,19,0,149,134,147,23,0,304,20,0,20,324
07/22/2013,OGG,HI,AWP,WE,Towers with Radar,140,26,5,3,174,0,129,19,1,149,140,155,24,4,323,18,0,18,341
07/23/2013,OGG,HI,AWP,WE,Towers with Radar,126,31,6,7,170,0,173,28,5,206,126,204,34,12,376,32,0,32,408
07/24/2013,OGG,HI,AWP,WE,Towers with Radar,136,19,4,4,163,0,162,32,4,198,136,181,36,8,361,16,0,16,377
07/25/2013,OGG,HI,AWP,WE,Towers with Radar,139,22,6,5,172,0,179,33,1,213,139,201,39,6,385,28,0,28,413
07/26/2013,OGG,HI,AWP,WE,Towers with Radar,144,44,6,0,194,0,155,23,0,178,144,199,29,0,372,10,0,10,382
07/27/2013,OGG,HI,AWP,WE,Towers with Radar,135,31,6,0,172,0,162,22,0,184,135,193,28,0,356,20,0,20,376
07/28/2013,OGG,HI,AWP,WE,Towers with Radar,129,30,8,0,167,0,158,15,0,173,129,188,23,0,340,16,0,16,356
07/29/2013,OGG,HI,AWP,WE,Towers with Radar,107,58,1,2,168,0,4,0,0,4,107,62,1,2,172,2,0,2,174
07/30/2013,OGG,HI,AWP,WE,Towers with Radar,133,28,6,1,168,0,128,14,2,144,133,156,20,3,312,18,3,21,333
07/31/2013,OGG,HI,AWP,WE,Towers with Radar,138,18,4,3,163,0,167,21,2,190,138,185,25,5,353,8,0,8,361
08/01/2013,OGG,HI,AWP,WE,Towers with Radar,133,19,7,4,163,0,179,31,4,214,133,198,38,8,377,24,7,31,408
08/02/2013,OGG,HI,AWP,WE,Towers with Radar,139,23,7,5,174,0,189,24,4,217,139,212,31,9,391,8,0,8,399
08/03/2013,OGG,HI,AWP,WE,Towers with Radar,128,21,2,2,153,0,152,14,6,172,128,173,16,8,325,28,0,28,353
08/04/2013,OGG,HI,AWP,WE,Towers with Radar,125,14,4,2,145,0,145,21,0,166,125,159,25,2,311,4,0,4,315
08/05/2013,OGG,HI,AWP,WE,Towers with Radar,140,27,4,13,184,0,174,23,0,197,140,201,27,13,381,6,5,11,392
08/06/2013,OGG,HI,AWP,WE,Towers with Radar,131,25,3,4,163,0,180,21,4,205,131,205,24,8,368,30,0,30,398
08/07/2013,OGG,HI,AWP,WE,Towers with Radar,133,19,4,6,162,0,172,40,8,220,133,191,44,14,382,62,2,64,446
08/08/2013,OGG,HI,AWP,WE,Towers with Radar,129,32,9,16,186,0,177,25,2,204,129,209,34,18,390,26,0,26,416
08/09/2013,OGG,HI,AWP,WE,Towers with Radar,126,31,7,10,174,0,145,16,2,163,126,176,23,12,337,26,10,36,373
08/10/2013,OGG,HI,AWP,WE,Towers with Radar,124,43,6,0,173,0,48,5,0,53,124,91,11,0,226,6,0,6,232
08/11/2013,OGG,HI,AWP,WE,Towers with Radar,128,20,6,0,154,0,191,23,2,216,128,211,29,2,370,22,0,22,392
08/12/2013,OGG,HI,AWP,WE,Towers with Radar,129,25,5,6,165,0,174,23,4,201,129,199,28,10,366,16,0,16,382
08/13/2013,OGG,HI,AWP,WE,Towers with Radar,115,27,4,16,162,0,183,26,5,214,115,210,30,21,376,22,11,33,409
08/14/2013,OGG,HI,AWP,WE,Towers with Radar,126,32,7,8,173,0,171,29,3,203,126,203,36,11,376,22,0,22,398
08/15/2013,OGG,HI,AWP,WE,Towers with Radar,126,23,14,8,171,0,183,23,3,209,126,206,37,11,380,66,0,66,446
08/16/2013,OGG,HI,AWP,WE,Towers with Radar,129,27,5,4,165,0,167,28,2,197,129,194,33,6,362,42,0,42,404
08/17/2013,OGG,HI,AWP,WE,Towers with Radar,125,28,3,0,156,0,130,22,0,152,125,158,25,0,308,8,0,8,316
08/18/2013,OGG,HI,AWP,WE,Towers with Radar,127,16,10,0,153,0,133,21,0,154,127,149,31,0,307,28,0,28,335
08/19/2013,OGG,HI,AWP,WE,Towers with Radar,135,18,4,6,163,0,142,22,1,165,135,160,26,7,328,10,0,10,338
08/20/2013,OGG,HI,AWP,WE,Towers with Radar,126,22,2,8,158,0,151,32,2,185,126,173,34,10,343,52,0,52,395
08/21/2013,OGG,HI,AWP,WE,Towers with Radar,110,27,4,12,153,0,140,32,0,172,110,167,36,12,325,20,0,20,345
08/22/2013,OGG,HI,AWP,WE,Towers with Radar,123,30,8,0,161,0,160,32,3,195,123,190,40,3,356,42,0,42,398
08/23/2013,OGG,HI,AWP,WE,Towers with Radar,122,29,7,2,160,0,137,37,2,176,122,166,44,4,336,10,0,10,346
08/24/2013,OGG,HI,AWP,WE,Towers with Radar,121,27,12,0,160,0,107,19,1,127,121,134,31,1,287,8,0,8,295
08/25/2013,OGG,HI,AWP,WE,Towers with Radar,108,27,5,1,141,0,117,13,1,131,108,144,18,2,272,27,6,33,305
08/26/2013,OGG,HI,AWP,WE,Towers with Radar,124,34,1,6,165,0,121,24,1,146,124,155,25,7,311,46,0,46,357
08/27/2013,OGG,HI,AWP,WE,Towers with Radar,116,32,4,3,155,0,121,53,3,177,116,153,57,6,332,45,0,45,377
08/28/2013,OGG,HI,AWP,WE,Towers with Radar,107,29,5,2,143,0,145,35,2,182,107,174,40,4,325,46,0,46,371
08/29/2013,OGG,HI,AWP,WE,Towers with Radar,118,33,3,10,164,0,122,46,0,168,118,155,49,10,332,84,4,88,420
08/30/2013,OGG,HI,AWP,WE,Towers with Radar,114,26,3,2,145,0,134,35,2,171,114,160,38,4,316,20,0,20,336
08/31/2013,OGG,HI,AWP,WE,Towers with Radar,116,30,3,2,151,0,109,35,2,146,116,139,38,4,297,14,0,14,311
09/01/2013,OGG,HI,AWP,WE,Towers with Radar,114,29,4,0,147,0,115,28,1,144,114,144,32,1,291,14,0,14,305
09/02/2013,OGG,HI,AWP,WE,Towers with Radar,123,25,6,0,154,0,105,26,1,132,123,130,32,1,286,6,0,6,292
09/03/2013,OGG,HI,AWP,WE,Towers with Radar,114,24,3,10,151,0,117,30,3,150,114,141,33,13,301,14,0,14,315
09/04/2013,OGG,HI,AWP,WE,Towers with Radar,112,28,3,18,161,0,126,31,1,158,112,154,34,19,319,68,0,68,387
09/05/2013,OGG,HI,AWP,WE,Towers with Radar,115,24,7,6,152,0,146,41,7,194,115,170,48,13,346,12,0,12,358
09/06/2013,OGG,HI,AWP,WE,Towers with Radar,124,18,1,2,145,0,126,46,0,172,124,144,47,2,317,20,0,20,337
09/07/2013,OGG,HI,AWP,WE,Towers with Radar,97,34,5,2,138,0,99,7,6,112,97,133,12,8,250,1,0,1,251
09/08/2013,OGG,HI,AWP,WE,Towers with Radar,108,31,2,0,141,0,97,29,0,126,108,128,31,0,267,26,0,26,293
09/09/2013,OGG,HI,AWP,WE,Towers with Radar,117,27,2,12,158,0,116,21,0,137,117,143,23,12,295,22,0,22,317
09/10/2013,OGG,HI,AWP,WE,Towers with Radar,116,35,9,15,175,0,122,36,3,161,116,157,45,18,336,76,12,88,424
09/11/2013,OGG,HI,AWP,WE,Towers with Radar,108,29,5,0,142,0,119,30,2,151,108,148,35,2,293,24,0,24,317
09/12/2013,OGG,HI,AWP,WE,Towers with Radar,115,32,9,12,168,0,121,21,0,142,115,153,30,12,310,9,0,9,319
09/13/2013,OGG,HI,AWP,WE,Towers with Radar,113,30,0,2,145,0,137,35,0,172,113,167,35,2,317,37,0,37,354
09/14/2013,OGG,HI,AWP,WE,Towers with Radar,118,26,2,0,146,0,109,28,3,140,118,135,30,3,286,38,0,38,324
09/15/2013,OGG,HI,AWP,WE,Towers with Radar,101,22,0,4,127,0,136,23,2,161,101,158,23,6,288,14,0,14,302
09/16/2013,OGG,HI,AWP,WE,Towers with Radar,115,31,1,10,157,0,137,21,0,158,115,168,22,10,315,32,4,36,351
09/17/2013,OGG,HI,AWP,WE,Towers with Radar,109,29,9,4,151,0,115,23,2,140,109,144,32,6,291,34,0,34,325
09/18/2013,OGG,HI,AWP,WE,Towers with Radar,114,29,1,3,147,0,131,24,3,158,114,160,25,6,305,28,0,28,333
09/19/2013,OGG,HI,AWP,WE,Towers with Radar,109,22,7,6,144,0,137,30,4,171,109,159,37,10,315,20,0,20,335
09/20/2013,OGG,HI,AWP,WE,Towers with Radar,115,27,2,6,150,0,143,46,1,190,115,170,48,7,340,6,6,12,352
09/21/2013,OGG,HI,AWP,WE,Towers with Radar,114,31,4,14,163,0,110,17,0,127,114,141,21,14,290,2,0,2,292
09/22/2013,OGG,HI,AWP,WE,Towers with Radar,108,30,3,0,141,0,107,13,3,123,108,137,16,3,264,4,0,4,268
09/23/2013,OGG,HI,AWP,WE,Towers with Radar,115,23,1,0,139,0,142,26,0,168,115,165,27,0,307,31,0,31,338
09/24/2013,OGG,HI,AWP,WE,Towers with Radar,117,28,7,2,154,0,145,27,5,177,117,173,34,7,331,8,0,8,339
09/25/2013,OGG,HI,AWP,WE,Towers with Radar,113,20,1,0,134,0,135,25,6,166,113,155,26,6,300,92,0,92,392
09/26/2013,OGG,HI,AWP,WE,Towers with Radar,120,33,3,13,169,0,135,25,5,165,120,168,28,18,334,34,0,34,368
09/27/2013,OGG,HI,AWP,WE,Towers with Radar,104,24,3,0,131,0,134,29,0,163,104,158,32,0,294,26,0,26,320
09/28/2013,OGG,HI,AWP,WE,Towers with Radar,123,37,5,0,165,0,102,23,0,125,123,139,28,0,290,20,0,20,310
09/29/2013,OGG,HI,AWP,WE,Towers with Radar,104,25,4,0,133,0,115,18,0,133,104,140,22,0,266,50,0,50,316
09/30/2013,OGG,HI,AWP,WE,Towers with Radar,116,18,1,0,135,0,138,28,0,166,116,156,29,0,301,23,0,23,324
10/01/2013,OGG,HI,AWP,WE,Towers with Radar,106,27,6,4,143,0,124,20,4,148,106,151,26,8,291,58,2,60,351
10/02/2013,OGG,HI,AWP,WE,Towers with Radar,105,20,5,0,130,0,146,23,0,169,105,166,28,0,299,28,0,28,327
10/03/2013,OGG,HI,AWP,WE,Towers with Radar,115,21,3,4,143,0,139,29,0,168,115,160,32,4,311,38,2,40,351
10/04/2013,OGG,HI,AWP,WE,Towers with Radar,114,32,7,14,167,0,122,32,0,154,114,154,39,14,321,4,0,4,325
10/05/2013,OGG,HI,AWP,WE,Towers with Radar,119,24,5,4,152,0,122,16,0,138,119,146,21,4,290,12,0,12,302
10/06/2013,OGG,HI,AWP,WE,Towers with Radar,112,16,5,0,133,0,121,7,0,128,112,137,12,0,261,26,0,26,287
10/07/2013,OGG,HI,AWP,WE,Towers with Radar,110,24,7,2,143,0,129,22,3,154,110,153,29,5,297,34,0,34,331
10/08/2013,OGG,HI,AWP,WE,Towers with Radar,111,35,10,4,160,0,148,27,0,175,111,183,37,4,335,18,0,18,353
10/09/2013,OGG,HI,AWP,WE,Towers with Radar,117,23,5,0,145,0,155,18,2,175,117,178,23,2,320,20,0,20,340
10/10/2013,OGG,HI,AWP,WE,Towers with Radar,115,28,4,12,159,0,145,41,0,186,115,173,45,12,345,4,0,4,349
10/11/2013,OGG,HI,AWP,WE,Towers with Radar,116,20,9,2,147,0,163,38,0,201,116,183,47,2,348,36,0,36,384
10/12/2013,OGG,HI,AWP,WE,Towers with Radar,124,35,12,0,171,0,129,21,0,150,124,164,33,0,321,4,0,4,325
10/13/2013,OGG,HI,AWP,WE,Towers with Radar,113,23,3,0,139,0,145,23,0,168,113,168,26,0,307,44,0,44,351
10/14/2013,OGG,HI,AWP,WE,Towers with Radar,112,23,7,0,142,0,152,35,1,188,112,175,42,1,330,32,2,34,364
10/15/2013,OGG,HI,AWP,WE,Towers with Radar,114,40,3,6,163,0,148,25,4,177,114,188,28,10,340,26,0,26,366
10/16/2013,OGG,HI,AWP,WE,Towers with Radar,112,32,2,14,160,0,139,25,0,164,112,171,27,14,324,12,0,12,336
10/17/2013,OGG,HI,AWP,WE,Towers with Radar,110,18,8,3,139,0,147,23,5,175,110,165,31,8,314,8,20,28,342
10/18/2013,OGG,HI,AWP,WE,Towers with Radar,119,23,4,23,169,0,159,36,0,195,119,182,40,23,364,20,11,31,395
10/19/2013,OGG,HI,AWP,WE,Towers with Radar,113,36,2,0,151,0,131,18,0,149,113,167,20,0,300,6,0,6,306
10/20/2013,OGG,HI,AWP,WE,Towers with Radar,111,23,5,0,139,0,112,13,0,125,111,135,18,0,264,14,0,14,278
10/21/2013,OGG,HI,AWP,WE,Towers with Radar,119,21,3,16,159,0,147,35,0,182,119,168,38,16,341,62,0,62,403
10/22/2013,OGG,HI,AWP,WE,Towers with Radar,120,20,4,8,152,0,151,36,5,192,120,171,40,13,344,8,30,38,382
10/23/2013,OGG,HI,AWP,WE,Towers with Radar,116,30,2,2,150,0,129,33,1,163,116,159,35,3,313,42,0,42,355
10/24/2013,OGG,HI,AWP,WE,Towers with Radar,120,29,6,4,159,0,149,57,0,206,120,178,63,4,365,6,0,6,371
10/25/2013,OGG,HI,AWP,WE,Towers with Radar,119,17,5,6,147,0,134,40,2,176,119,151,45,8,323,24,9,33,356
10/26/2013,OGG,HI,AWP,WE,Towers with Radar,112,25,1,3,141,0,122,29,1,152,112,147,30,4,293,8,2,10,303
10/27/2013,OGG,HI,AWP,WE,Towers with Radar,107,26,1,4,138,0,110,31,0,141,107,136,32,4,279,2,6,8,287
10/28/2013,OGG,HI,AWP,WE,Towers with Radar,116,27,11,14,168,0,133,26,0,159,116,160,37,14,327,6,0,6,333
10/29/2013,OGG,HI,AWP,WE,Towers with Radar,109,18,2,8,137,0,126,31,3,160,109,144,33,11,297,22,6,28,325
10/30/2013,OGG,HI,AWP,WE,Towers with Radar,115,36,13,5,169,0,114,27,2,143,115,150,40,7,312,30,0,30,342
10/31/2013,OGG,HI,AWP,WE,Towers with Radar,110,23,3,1,137,0,119,29,5,153,110,142,32,6,290,14,0,14,304
11/01/2013,OGG,HI,AWP,WE,Towers with Radar,115,28,5,2,150,0,113,30,4,147,115,141,35,6,297,2,0,2,299
11/02/2013,OGG,HI,AWP,WE,Towers with Radar,116,25,4,0,145,0,89,28,2,119,116,114,32,2,264,18,0,18,282
11/03/2013,OGG,HI,AWP,WE,Towers with Radar,127,27,5,0,159,0,100,18,1,119,127,127,23,1,278,16,0,16,294
11/04/2013,OGG,HI,AWP,WE,Towers with Radar,128,30,6,8,172,0,106,34,1,141,128,136,40,9,313,42,2,44,357
11/05/2013,OGG,HI,AWP,WE,Towers with Radar,118,26,2,3,149,0,124,23,10,157,118,150,25,13,306,60,0,60,366
11/06/2013,OGG,HI,AWP,WE,Towers with Radar,129,29,4,2,164,0,158,27,5,190,129,187,31,7,354,40,0,40,394
11/07/2013,OGG,HI,AWP,WE,Towers with Radar,127,43,3,12,185,0,125,41,0,166,127,168,44,12,351,48,0,48,399
11/08/2013,OGG,HI,AWP,WE,Towers with Radar,133,23,4,5,165,0,147,35,2,184,133,170,39,7,349,18,4,22,371
11/09/2013,OGG,HI,AWP,WE,Towers with Radar,0,0,0,0,0,0,0,0,0,0,0,0,0,0,0,0,0,0,0
11/10/2013,OGG,HI,AWP,WE,Towers with Radar,0,0,0,0,0,0,0,0,0,0,0,0,0,0,0,0,0,0,0
11/11/2013,OGG,HI,AWP,WE,Towers with Radar,0,0,0,0,0,0,0,0,0,0,0,0,0,0,0,0,0,0,0
11/12/2013,OGG,HI,AWP,WE,Towers with Radar,119,24,4,8,155,0,153,32,1,186,119,177,36,9,341,12,6,18,359
11/13/2013,OGG,HI,AWP,WE,Towers with Radar,119,35,6,8,168,0,142,34,4,180,119,177,40,12,348,44,0,44,392
11/14/2013,OGG,HI,AWP,WE,Towers with Radar,120,40,6,4,170,0,70,4,1,75,120,110,10,5,245,50,0,50,295
11/15/2013,OGG,HI,AWP,WE,Towers with Radar,132,24,4,14,174,0,118,18,0,136,132,142,22,14,310,22,0,22,332
11/16/2013,OGG,HI,AWP,WE,Towers with Radar,135,32,6,3,176,0,119,30,5,154,135,151,36,8,330,22,0,22,352
11/17/2013,OGG,HI,AWP,WE,Towers with Radar,129,31,3,1,164,0,82,12,2,96,129,113,15,3,260,0,0,0,260
11/18/2013,OGG,HI,AWP,WE,Towers with Radar,129,25,1,6,161,0,105,37,2,144,129,130,38,8,305,12,0,12,317
11/19/2013,OGG,HI,AWP,WE,Towers with Radar,114,27,5,26,172,0,122,37,4,163,114,149,42,30,335,4,0,4,339
11/20/2013,OGG,HI,AWP,WE,Towers with Radar,117,28,4,9,158,0,101,29,1,131,117,129,33,10,289,4,0,4,293
11/21/2013,OGG,HI,AWP,WE,Towers with Radar,132,33,7,12,184,0,103,30,0,133,132,136,37,12,317,4,0,4,321
11/22/2013,OGG,HI,AWP,WE,Towers with Radar,137,30,9,7,183,0,109,32,8,149,137,139,41,15,332,12,0,12,344
11/23/2013,OGG,HI,AWP,WE,Towers with Radar,131,32,14,2,179,0,105,29,0,134,131,137,43,2,313,6,0,6,319
11/24/2013,OGG,HI,AWP,WE,Towers with Radar,125,25,4,0,154,0,96,24,0,120,125,121,28,0,274,31,6,37,311
11/25/2013,OGG,HI,AWP,WE,Towers with Radar,122,24,3,14,163,0,125,31,0,156,122,149,34,14,319,44,0,44,363
11/26/2013,OGG,HI,AWP,WE,Towers with Radar,113,24,10,4,151,0,116,20,4,140,113,140,30,8,291,16,0,16,307
11/27/2013,OGG,HI,AWP,WE,Towers with Radar,123,30,6,8,167,0,139,30,6,175,123,169,36,14,342,36,0,36,378
11/28/2013,OGG,HI,AWP,WE,Towers with Radar,118,21,5,0,144,0,129,19,0,148,118,150,24,0,292,6,0,6,298
11/29/2013,OGG,HI,AWP,WE,Towers with Radar,132,26,9,0,167,0,114,9,0,123,132,140,18,0,290,12,0,12,302
11/30/2013,OGG,HI,AWP,WE,Towers with Radar,120,29,11,0,160,0,101,14,0,115,120,130,25,0,275,24,0,24,299
12/01/2013,OGG,HI,AWP,WE,Towers with Radar,128,27,9,0,164,0,94,13,0,107,128,121,22,0,271,16,0,16,287
12/02/2013,OGG,HI,AWP,WE,Towers with Radar,116,26,4,13,159,0,104,36,6,146,116,130,40,19,305,6,0,6,311
12/03/2013,OGG,HI,AWP,WE,Towers with Radar,116,25,4,4,149,0,121,27,9,157,116,146,31,13,306,18,0,18,324
12/04/2013,OGG,HI,AWP,WE,Towers with Radar,120,22,8,0,150,0,113,34,4,151,120,135,42,4,301,22,0,22,323
12/05/2013,OGG,HI,AWP,WE,Towers with Radar,130,28,10,8,176,0,113,39,3,155,130,141,49,11,331,14,0,14,345
12/06/2013,OGG,HI,AWP,WE,Towers with Radar,136,26,3,0,165,0,121,38,2,161,136,147,41,2,326,8,0,8,334
12/07/2013,OGG,HI,AWP,WE,Towers with Radar,128,30,7,2,167,0,100,10,4,114,128,130,17,6,281,0,0,0,281
12/08/2013,OGG,HI,AWP,WE,Towers with Radar,124,18,12,2,156,0,101,28,1,130,124,119,40,3,286,6,0,6,292
12/09/2013,OGG,HI,AWP,WE,Towers with Radar,128,27,9,6,170,0,102,25,0,127,128,129,34,6,297,0,0,0,297
12/10/2013,OGG,HI,AWP,WE,Towers with Radar,111,24,4,1,140,0,116,38,3,157,111,140,42,4,297,20,0,20,317
12/11/2013,OGG,HI,AWP,WE,Towers with Radar,124,30,2,5,161,0,121,15,9,145,124,151,17,14,306,26,0,26,332
12/12/2013,OGG,HI,AWP,WE,Towers with Radar,123,33,7,4,167,0,115,29,8,152,123,148,36,12,319,30,0,30,349
12/13/2013,OGG,HI,AWP,WE,Towers with Radar,139,27,8,3,177,0,122,31,0,153,139,149,39,3,330,18,0,18,348
12/14/2013,OGG,HI,AWP,WE,Towers with Radar,128,19,6,0,153,17,109,32,3,161,145,128,38,3,314,22,0,22,336
12/15/2013,OGG,HI,AWP,WE,Towers with Radar,139,39,6,0,184,0,93,5,0,98,139,132,11,0,282,2,0,2,284
12/16/2013,OGG,HI,AWP,WE,Towers with Radar,128,21,6,6,161,0,108,25,2,135,128,129,31,8,296,18,0,18,314
12/17/2013,OGG,HI,AWP,WE,Towers with Radar,126,22,5,9,162,0,112,38,1,151,126,134,43,10,313,18,0,18,331
12/18/2013,OGG,HI,AWP,WE,Towers with Radar,122,22,1,3,148,0,122,32,3,157,122,144,33,6,305,2,0,2,307
12/19/2013,OGG,HI,AWP,WE,Towers with Radar,140,22,8,0,170,0,142,23,0,165,140,164,31,0,335,18,0,18,353
12/20/2013,OGG,HI,AWP,WE,Towers with Radar,148,29,18,8,203,0,178,23,0,201,148,207,41,8,404,18,2,20,424
12/21/2013,OGG,HI,AWP,WE,Towers with Radar,152,34,22,0,208,0,130,40,0,170,152,164,62,0,378,4,0,4,382
12/22/2013,OGG,HI,AWP,WE,Towers with Radar,147,23,11,0,181,0,134,16,0,150,147,157,27,0,331,6,0,6,337
12/23/2013,OGG,HI,AWP,WE,Towers with Radar,144,28,11,2,185,0,157,16,0,173,144,185,27,2,358,12,4,16,374
12/24/2013,OGG,HI,AWP,WE,Towers with Radar,122,29,7,1,159,0,161,18,0,179,122,190,25,1,338,12,0,12,350
12/25/2013,OGG,HI,AWP,WE,Towers with Radar,134,29,9,0,172,0,142,10,0,152,134,171,19,0,324,0,0,0,324
12/26/2013,OGG,HI,AWP,WE,Towers with Radar,147,37,21,1,206,0,171,18,1,190,147,208,39,2,396,2,0,2,398
12/27/2013,OGG,HI,AWP,WE,Towers with Radar,146,43,17,12,218,0,162,48,0,210,146,205,65,12,428,22,0,22,450
12/28/2013,OGG,HI,AWP,WE,Towers with Radar,131,37,15,5,188,0,176,19,0,195,131,213,34,5,383,34,0,34,417
12/29/2013,OGG,HI,AWP,WE,Towers with Radar,144,35,8,0,187,0,144,9,0,153,144,179,17,0,340,30,0,30,370
12/30/2013,OGG,HI,AWP,WE,Towers with Radar,141,53,7,13,214,0,136,19,1,156,141,189,26,14,370,20,10,30,400
12/31/2013,OGG,HI,AWP,WE,Towers with Radar,121,38,6,2,167,0,180,19,0,199,121,218,25,2,366,4,0,4,370
01/01/2014,OGG,HI,AWP,WE,Towers with Radar,125,18,7,0,150,0,179,22,0,201,125,197,29,0,351,18,0,18,369
01/02/2014,OGG,HI,AWP,WE,Towers with Radar,140,29,19,0,188,0,166,43,0,209,140,195,62,0,397,4,0,4,401
01/03/2014,OGG,HI,AWP,WE,Towers with Radar,136,38,24,0,198,0,139,26,0,165,136,177,50,0,363,20,0,20,383
01/04/2014,OGG,HI,AWP,WE,Towers with Radar,132,27,25,4,188,0,152,27,0,179,132,179,52,4,367,0,0,0,367
01/05/2014,OGG,HI,AWP,WE,Towers with Radar,129,23,14,4,170,0,133,37,5,175,129,156,51,9,345,6,0,6,351
01/06/2014,OGG,HI,AWP,WE,Towers with Radar,148,25,7,0,180,0,159,31,0,190,148,184,38,0,370,0,0,0,370
01/07/2014,OGG,HI,AWP,WE,Towers with Radar,118,29,6,9,162,3,133,29,1,166,121,162,35,10,328,10,0,10,338
01/08/2014,OGG,HI,AWP,WE,Towers with Radar,130,44,9,4,187,0,148,25,0,173,130,192,34,4,360,14,0,14,374
01/09/2014,OGG,HI,AWP,WE,Towers with Radar,132,26,10,12,180,0,150,29,2,181,132,176,39,14,361,0,0,0,361
01/10/2014,OGG,HI,AWP,WE,Towers with Radar,133,21,6,5,165,0,136,34,2,172,133,157,40,7,337,8,0,8,345
01/11/2014,OGG,HI,AWP,WE,Towers with Radar,120,25,3,3,151,0,119,21,0,140,120,144,24,3,291,0,0,0,291
01/12/2014,OGG,HI,AWP,WE,Towers with Radar,126,17,8,4,155,0,95,23,2,120,126,112,31,6,275,0,0,0,275
01/13/2014,OGG,HI,AWP,WE,Towers with Radar,126,33,2,4,165,17,108,21,2,148,143,141,23,6,313,36,0,36,349
01/14/2014,OGG,HI,AWP,WE,Towers with Radar,118,37,9,24,188,0,109,14,6,129,118,146,23,30,317,2,0,2,319
01/15/2014,OGG,HI,AWP,WE,Towers with Radar,119,43,6,10,178,0,142,18,3,163,119,185,24,13,341,6,0,6,347
01/16/2014,OGG,HI,AWP,WE,Towers with Radar,123,31,7,9,170,0,148,26,4,178,123,179,33,13,348,12,0,12,360
01/17/2014,OGG,HI,AWP,WE,Towers with Radar,139,27,6,4,176,0,156,30,4,190,139,183,36,8,366,8,0,8,374
01/18/2014,OGG,HI,AWP,WE,Towers with Radar,134,27,3,0,164,0,146,30,0,176,134,173,33,0,340,12,0,12,352
01/19/2014,OGG,HI,AWP,WE,Towers with Radar,129,24,5,0,158,0,136,25,0,161,129,160,30,0,319,6,0,6,325
01/20/2014,OGG,HI,AWP,WE,Towers with Radar,129,26,8,2,165,0,136,24,0,160,129,162,32,2,325,10,0,10,335
01/21/2014,OGG,HI,AWP,WE,Towers with Radar,114,40,6,8,168,0,118,26,1,145,114,158,32,9,313,6,0,6,319
01/22/2014,OGG,HI,AWP,WE,Towers with Radar,122,75,5,25,227,0,35,29,1,65,122,110,34,26,292,8,0,8,300
01/23/2014,OGG,HI,AWP,WE,Towers with Radar,129,60,6,6,201,0,110,38,8,156,129,170,44,14,357,19,0,19,376
01/24/2014,OGG,HI,AWP,WE,Towers with Radar,140,72,0,12,224,0,120,43,0,163,140,192,43,12,387,10,8,18,405
01/25/2014,OGG,HI,AWP,WE,Towers with Radar,130,64,2,0,196,0,85,22,0,107,130,149,24,0,303,0,0,0,303
01/26/2014,OGG,HI,AWP,WE,Towers with Radar,132,74,7,0,213,0,74,15,0,89,132,148,22,0,302,12,0,12,314
01/27/2014,OGG,HI,AWP,WE,Towers with Radar,123,69,8,6,206,0,0,1,0,1,123,69,9,6,207,0,0,0,207
01/28/2014,OGG,HI,AWP,WE,Towers with Radar,125,63,6,1,195,0,7,4,3,14,125,70,10,4,209,4,0,4,213
01/29/2014,OGG,HI,AWP,WE,Towers with Radar,117,64,3,2,186,0,18,6,0,24,117,82,9,2,210,28,0,28,238
01/30/2014,OGG,HI,AWP,WE,Towers with Radar,143,52,4,25,224,0,143,43,4,190,143,195,47,29,414,6,0,6,420
01/31/2014,OGG,HI,AWP,WE,Towers with Radar,144,66,4,0,214,0,109,31,6,146,144,175,35,6,360,8,0,8,368
02/01/2014,OGG,HI,AWP,WE,Towers with Radar,132,76,5,0,213,0,44,6,2,52,132,120,11,2,265,6,0,6,271
02/02/2014,OGG,HI,AWP,WE,Towers with Radar,139,63,1,0,203,0,11,6,0,17,139,74,7,0,220,10,0,10,230
02/03/2014,OGG,HI,AWP,WE,Towers with Radar,127,69,9,4,209,0,80,14,0,94,127,149,23,4,303,0,0,0,303
02/04/2014,OGG,HI,AWP,WE,Towers with Radar,126,67,8,12,213,0,78,20,0,98,126,145,28,12,311,52,4,56,367
02/05/2014,OGG,HI,AWP,WE,Towers with Radar,119,75,4,11,209,0,105,32,1,138,119,180,36,12,347,8,4,12,359
02/06/2014,OGG,HI,AWP,WE,Towers with Radar,128,70,2,8,208,0,71,31,7,109,128,141,33,15,317,12,0,12,329
02/07/2014,OGG,HI,AWP,WE,Towers with Radar,135,72,2,1,210,0,62,25,6,93,135,134,27,7,303,8,0,8,311
02/08/2014,OGG,HI,AWP,WE,Towers with Radar,119,66,4,2,191,0,25,21,8,54,119,91,25,10,245,10,0,10,255
02/09/2014,OGG,HI,AWP,WE,Towers with Radar,129,62,5,1,197,0,83,20,0,103,129,145,25,1,300,12,0,12,312
02/10/2014,OGG,HI,AWP,WE,Towers with Radar,138,68,7,2,215,0,86,36,5,127,138,154,43,7,342,0,0,0,342
02/11/2014,OGG,HI,AWP,WE,Towers with Radar,116,64,4,16,200,0,114,45,1,160,116,178,49,17,360,8,0,8,368
02/12/2014,OGG,HI,AWP,WE,Towers with Radar,127,50,10,10,197,0,139,27,2,168,127,189,37,12,365,10,0,10,375
02/13/2014,OGG,HI,AWP,WE,Towers with Radar,132,29,9,27,197,0,149,55,3,207,132,178,64,30,404,40,0,40,444
02/14/2014,OGG,HI,AWP,WE,Towers with Radar,148,37,14,0,199,0,138,36,0,174,148,175,50,0,373,40,0,40,413
02/15/2014,OGG,HI,AWP,WE,Towers with Radar,135,29,5,0,169,0,127,17,0,144,135,156,22,0,313,68,0,68,381
02/16/2014,OGG,HI,AWP,WE,Towers with Radar,128,36,9,3,176,0,117,15,1,133,128,153,24,4,309,20,0,20,329
02/17/2014,OGG,HI,AWP,WE,Towers with Radar,135,27,12,0,174,0,122,23,0,145,135,149,35,0,319,10,0,10,329
02/18/2014,OGG,HI,AWP,WE,Towers with Radar,118,41,7,12,178,0,109,26,7,142,118,150,33,19,320,20,0,20,340
02/19/2014,OGG,HI,AWP,WE,Towers with Radar,127,25,10,0,162,0,181,33,3,217,127,206,43,3,379,18,0,18,397
02/20/2014,OGG,HI,AWP,WE,Towers with Radar,140,19,6,20,185,0,203,33,0,236,140,222,39,20,421,26,6,32,453
02/21/2014,OGG,HI,AWP,WE,Towers with Radar,145,28,10,4,187,0,170,36,0,206,145,198,46,4,393,30,6,36,429
02/22/2014,OGG,HI,AWP,WE,Towers with Radar,135,22,6,0,163,0,140,24,1,165,135,162,30,1,328,5,0,5,333
02/23/2014,OGG,HI,AWP,WE,Towers with Radar,127,24,7,0,158,0,164,24,0,188,127,188,31,0,346,23,5,28,374
02/24/2014,OGG,HI,AWP,WE,Towers with Radar,137,29,11,7,184,0,201,18,10,229,137,230,29,17,413,22,14,36,449
02/25/2014,OGG,HI,AWP,WE,Towers with Radar,123,45,8,8,184,0,88,20,0,108,123,133,28,8,292,2,0,2,294
02/26/2014,OGG,HI,AWP,WE,Towers with Radar,137,22,4,4,167,0,191,21,6,218,137,213,25,10,385,6,10,16,401
02/27/2014,OGG,HI,AWP,WE,Towers with Radar,137,24,9,15,185,0,179,36,5,220,137,203,45,20,405,6,0,6,411
02/28/2014,OGG,HI,AWP,WE,Towers with Radar,139,46,9,6,200,0,127,38,3,168,139,173,47,9,368,24,0,24,392
03/01/2014,OGG,HI,AWP,WE,Towers with Radar,134,56,3,1,194,0,77,9,1,87,134,133,12,2,281,2,0,2,283
03/02/2014,OGG,HI,AWP,WE,Towers with Radar,129,74,10,8,221,0,7,3,0,10,129,81,13,8,231,0,0,0,231
03/03/2014,OGG,HI,AWP,WE,Towers with Radar,134,47,3,8,192,0,69,19,2,90,134,116,22,10,282,10,0,10,292
03/04/2014,OGG,HI,AWP,WE,Towers with Radar,115,23,4,7,149,0,162,47,0,209,115,185,51,7,358,64,0,64,422
03/05/2014,OGG,HI,AWP,WE,Towers with Radar,135,19,3,7,164,0,168,48,3,219,135,187,51,10,383,10,0,10,393
03/06/2014,OGG,HI,AWP,WE,Towers with Radar,139,27,6,12,184,0,162,37,1,200,139,189,43,13,384,5,0,5,389
03/07/2014,OGG,HI,AWP,WE,Towers with Radar,146,53,8,6,213,0,85,13,0,98,146,138,21,6,311,54,0,54,365
03/08/2014,OGG,HI,AWP,WE,Towers with Radar,134,46,3,2,185,0,85,18,0,103,134,131,21,2,288,10,0,10,298
03/09/2014,OGG,HI,AWP,WE,Towers with Radar,141,40,2,2,185,0,117,8,0,125,141,157,10,2,310,8,0,8,318
03/10/2014,OGG,HI,AWP,WE,Towers with Radar,143,28,2,12,185,0,157,33,0,190,143,185,35,12,375,14,0,14,389
03/11/2014,OGG,HI,AWP,WE,Towers with Radar,126,28,9,10,173,0,178,43,5,226,126,206,52,15,399,36,0,36,435
03/12/2014,OGG,HI,AWP,WE,Towers with Radar,131,32,5,0,168,0,158,28,0,186,131,190,33,0,354,7,0,7,361
03/13/2014,OGG,HI,AWP,WE,Towers with Radar,135,20,5,15,175,0,178,46,2,226,135,198,51,17,401,80,2,82,483
03/14/2014,OGG,HI,AWP,WE,Towers with Radar,149,35,3,7,194,0,159,23,1,183,149,194,26,8,377,50,6,56,433
03/15/2014,OGG,HI,AWP,WE,Towers with Radar,141,58,15,0,214,0,33,3,0,36,141,91,18,0,250,2,0,2,252
03/16/2014,OGG,HI,AWP,WE,Towers with Radar,160,38,3,0,201,0,116,12,0,128,160,154,15,0,329,8,0,8,337
03/17/2014,OGG,HI,AWP,WE,Towers with Radar,133,30,1,4,168,0,153,27,6,186,133,183,28,10,354,14,0,14,368
03/18/2014,OGG,HI,AWP,WE,Towers with Radar,132,26,13,0,171,0,162,26,8,196,132,188,39,8,367,2,0,2,369
03/19/2014,OGG,HI,AWP,WE,Towers with Radar,126,19,2,10,157,0,180,33,3,216,126,199,35,13,373,20,0,20,393
03/20/2014,OGG,HI,AWP,WE,Towers with Radar,139,33,8,7,187,0,172,48,0,220,139,205,56,7,407,20,0,20,427
03/21/2014,OGG,HI,AWP,WE,Towers with Radar,149,74,15,12,250,0,35,11,0,46,149,109,26,12,296,18,0,18,314
03/22/2014,OGG,HI,AWP,WE,Towers with Radar,142,59,7,0,208,0,25,5,0,30,142,84,12,0,238,6,0,6,244
03/23/2014,OGG,HI,AWP,WE,Towers with Radar,139,34,6,0,179,0,152,11,0,163,139,186,17,0,342,0,0,0,342
03/24/2014,OGG,HI,AWP,WE,Towers with Radar,142,31,6,8,187,0,142,17,2,161,142,173,23,10,348,38,0,38,386
03/25/2014,OGG,HI,AWP,WE,Towers with Radar,126,24,5,10,165,0,177,41,4,222,126,201,46,14,387,39,2,41,428
03/26/2014,OGG,HI,AWP,WE,Towers with Radar,138,24,3,0,165,0,172,23,0,195,138,196,26,0,360,45,0,45,405
03/27/2014,OGG,HI,AWP,WE,Towers with Radar,143,33,12,6,194,0,192,46,5,243,143,225,58,11,437,36,4,40,477
03/28/2014,OGG,HI,AWP,WE,Towers with Radar,139,55,7,13,214,0,92,17,1,110,139,147,24,14,324,48,12,60,384
03/29/2014,OGG,HI,AWP,WE,Towers with Radar,141,45,9,0,195,0,122,17,0,139,141,167,26,0,334,8,0,8,342
03/30/2014,OGG,HI,AWP,WE,Towers with Radar,136,34,12,0,182,0,130,18,1,149,136,164,30,1,331,12,0,12,343
03/31/2014,OGG,HI,AWP,WE,Towers with Radar,145,36,14,4,199,0,125,20,3,148,145,161,34,7,347,2,0,2,349
04/01/2014,OGG,HI,AWP,WE,Towers with Radar,129,44,10,12,195,0,100,8,2,110,129,144,18,14,305,52,8,60,365
04/02/2014,OGG,HI,AWP,WE,Towers with Radar,137,30,4,0,171,0,152,34,0,186,137,182,38,0,357,10,0,10,367
04/03/2014,OGG,HI,AWP,WE,Towers with Radar,131,30,5,4,170,0,151,28,6,185,131,181,33,10,355,8,2,10,365
04/04/2014,OGG,HI,AWP,WE,Towers with Radar,153,20,5,2,180,0,159,34,0,193,153,179,39,2,373,28,0,28,401
04/05/2014,OGG,HI,AWP,WE,Towers with Radar,146,18,12,2,178,0,126,45,0,171,146,144,57,2,349,6,0,6,355
04/06/2014,OGG,HI,AWP,WE,Towers with Radar,137,12,7,1,157,0,123,25,2,150,137,135,32,3,307,4,0,4,311
04/07/2014,OGG,HI,AWP,WE,Towers with Radar,143,60,12,7,222,0,11,5,1,17,143,71,17,8,239,6,0,6,245
04/08/2014,OGG,HI,AWP,WE,Towers with Radar,133,21,9,12,175,0,153,27,7,187,133,174,36,19,362,4,0,4,366
04/09/2014,OGG,HI,AWP,WE,Towers with Radar,130,19,5,0,154,0,175,17,2,194,130,194,22,2,348,4,0,4,352
04/10/2014,OGG,HI,AWP,WE,Towers with Radar,138,17,5,2,162,0,163,17,2,182,138,180,22,4,344,12,0,12,356
04/11/2014,OGG,HI,AWP,WE,Towers with Radar,151,22,7,3,183,0,146,34,1,181,151,168,41,4,364,10,0,10,374
04/12/2014,OGG,HI,AWP,WE,Towers with Radar,146,32,12,4,194,0,90,15,0,105,146,122,27,4,299,44,0,44,343
04/13/2014,OGG,HI,AWP,WE,Towers with Radar,136,18,8,0,162,0,124,9,0,133,136,142,17,0,295,4,0,4,299
04/14/2014,OGG,HI,AWP,WE,Towers with Radar,133,29,3,1,166,0,164,22,1,187,133,193,25,2,353,38,0,38,391
04/15/2014,OGG,HI,AWP,WE,Towers with Radar,130,32,5,3,170,0,134,11,6,151,130,166,16,9,321,0,0,0,321
04/16/2014,OGG,HI,AWP,WE,Towers with Radar,128,14,6,2,150,0,182,20,2,204,128,196,26,4,354,4,0,4,358
04/17/2014,OGG,HI,AWP,WE,Towers with Radar,143,29,14,0,186,0,178,20,0,198,143,207,34,0,384,2,0,2,386
04/18/2014,OGG,HI,AWP,WE,Towers with Radar,142,25,4,4,175,0,157,22,0,179,142,182,26,4,354,8,0,8,362
04/19/2014,OGG,HI,AWP,WE,Towers with Radar,138,32,9,0,179,0,102,20,0,122,138,134,29,0,301,19,0,19,320
04/20/2014,OGG,HI,AWP,WE,Towers with Radar,143,32,6,0,181,0,142,9,0,151,143,174,15,0,332,0,0,0,332
04/21/2014,OGG,HI,AWP,WE,Towers with Radar,138,37,6,2,183,0,107,7,0,114,138,144,13,2,297,2,0,2,299
04/22/2014,OGG,HI,AWP,WE,Towers with Radar,128,24,3,6,161,0,158,14,0,172,128,182,17,6,333,18,0,18,351
04/23/2014,OGG,HI,AWP,WE,Towers with Radar,137,21,1,12,171,0,154,14,0,168,137,175,15,12,339,28,0,28,367
04/24/2014,OGG,HI,AWP,WE,Towers with Radar,130,36,6,6,178,0,151,16,2,169,130,187,22,8,347,44,0,44,391
04/25/2014,OGG,HI,AWP,WE,Towers with Radar,146,32,2,0,180,0,151,6,0,157,146,183,8,0,337,4,0,4,341
04/26/2014,OGG,HI,AWP,WE,Towers with Radar,142,21,8,1,172,0,127,8,1,136,142,148,16,2,308,10,2,12,320
04/27/2014,OGG,HI,AWP,WE,Towers with Radar,134,21,4,0,159,0,122,15,0,137,134,143,19,0,296,8,0,8,304
04/28/2014,OGG,HI,AWP,WE,Towers with Radar,127,23,2,1,153,0,148,15,0,163,127,171,17,1,316,28,0,28,344
04/29/2014,OGG,HI,AWP,WE,Towers with Radar,126,27,11,7,171,0,113,18,5,136,126,140,29,12,307,8,0,8,315
04/30/2014,OGG,HI,AWP,WE,Towers with Radar,123,19,3,7,152,0,132,24,1,157,123,151,27,8,309,46,6,52,361
05/01/2014,OGG,HI,AWP,WE,Towers with Radar,128,44,5,12,189,0,97,12,0,109,128,141,17,12,298,12,0,12,310
05/02/2014,OGG,HI,AWP,WE,Towers with Radar,145,35,7,0,187,0,111,25,0,136,145,146,32,0,323,2,0,2,325
05/03/2014,OGG,HI,AWP,WE,Towers with Radar,127,18,7,2,154,0,127,16,1,144,127,145,23,3,298,26,0,26,324
05/04/2014,OGG,HI,AWP,WE,Towers with Radar,132,12,6,2,152,0,150,11,2,163,132,162,17,4,315,0,0,0,315
05/05/2014,OGG,HI,AWP,WE,Towers with Radar,130,19,8,7,164,0,157,26,4,187,130,176,34,11,351,8,0,8,359
05/06/2014,OGG,HI,AWP,WE,Towers with Radar,121,16,4,15,156,0,183,22,12,217,121,199,26,27,373,26,0,26,399
05/07/2014,OGG,HI,AWP,WE,Towers with Radar,126,21,5,3,155,0,177,18,4,199,126,198,23,7,354,34,0,34,388
05/08/2014,OGG,HI,AWP,WE,Towers with Radar,129,34,5,0,168,0,174,40,0,214,129,208,45,0,382,42,0,42,424
05/09/2014,OGG,HI,AWP,WE,Towers with Radar,127,21,6,0,154,0,173,28,0,201,127,194,34,0,355,50,0,50,405
05/10/2014,OGG,HI,AWP,WE,Towers with Radar,139,18,6,0,163,0,117,17,0,134,139,135,23,0,297,6,0,6,303
05/11/2014,OGG,HI,AWP,WE,Towers with Radar,124,16,1,0,141,0,131,13,0,144,124,147,14,0,285,14,0,14,299
05/12/2014,OGG,HI,AWP,WE,Towers with Radar,148,62,5,4,219,0,51,15,0,66,148,113,20,4,285,16,0,16,301
05/13/2014,OGG,HI,AWP,WE,Towers with Radar,120,43,7,10,180,0,56,13,1,70,120,99,20,11,250,2,0,2,252
05/14/2014,OGG,HI,AWP,WE,Towers with Radar,116,57,4,10,187,0,9,1,0,10,116,66,5,10,197,6,0,6,203
05/15/2014,OGG,HI,AWP,WE,Towers with Radar,120,25,5,12,162,0,168,36,4,208,120,193,41,16,370,12,0,12,382
05/16/2014,OGG,HI,AWP,WE,Towers with Radar,124,22,4,0,150,0,172,27,0,199,124,194,31,0,349,4,0,4,353
05/17/2014,OGG,HI,AWP,WE,Towers with Radar,133,18,5,0,156,0,162,22,0,184,133,180,27,0,340,16,0,16,356
05/18/2014,OGG,HI,AWP,WE,Towers with Radar,132,16,7,0,155,0,146,21,0,167,132,162,28,0,322,0,0,0,322
05/19/2014,OGG,HI,AWP,WE,Towers with Radar,127,18,4,2,151,0,158,25,3,186,127,176,29,5,337,34,0,34,371
05/20/2014,OGG,HI,AWP,WE,Towers with Radar,121,33,4,4,162,0,157,35,7,199,121,190,39,11,361,24,0,24,385
05/21/2014,OGG,HI,AWP,WE,Towers with Radar,122,27,5,6,160,0,147,11,1,159,122,174,16,7,319,18,0,18,337
05/22/2014,OGG,HI,AWP,WE,Towers with Radar,124,17,12,6,159,0,174,18,1,193,124,191,30,7,352,40,0,40,392
05/23/2014,OGG,HI,AWP,WE,Towers with Radar,137,27,6,0,170,0,153,33,0,186,137,180,39,0,356,50,0,50,406
05/24/2014,OGG,HI,AWP,WE,Towers with Radar,133,19,8,0,160,0,133,15,0,148,133,152,23,0,308,14,0,14,322
05/25/2014,OGG,HI,AWP,WE,Towers with Radar,126,20,11,0,157,0,118,8,0,126,126,138,19,0,283,0,0,0,283
05/26/2014,OGG,HI,AWP,WE,Towers with Radar,128,24,6,0,158,0,104,13,0,117,128,128,19,0,275,6,0,6,281
05/27/2014,OGG,HI,AWP,WE,Towers with Radar,123,14,7,1,145,0,147,26,1,174,123,161,33,2,319,24,2,26,345
05/28/2014,OGG,HI,AWP,WE,Towers with Radar,131,22,4,11,168,0,163,25,3,191,131,185,29,14,359,76,0,76,435
05/29/2014,OGG,HI,AWP,WE,Towers with Radar,131,12,8,5,156,0,166,19,6,191,131,178,27,11,347,12,0,12,359
05/30/2014,OGG,HI,AWP,WE,Towers with Radar,124,16,6,1,147,0,156,25,6,187,124,172,31,7,334,2,0,2,336
05/31/2014,OGG,HI,AWP,WE,Towers with Radar,141,17,5,0,163,0,133,28,0,161,141,150,33,0,324,12,0,12,336
06/01/2014,OGG,HI,AWP,WE,Towers with Radar,130,13,3,0,146,0,122,20,0,142,130,135,23,0,288,12,0,12,300
06/02/2014,OGG,HI,AWP,WE,Towers with Radar,134,21,3,9,167,0,149,23,3,175,134,170,26,12,342,24,0,24,366
06/03/2014,OGG,HI,AWP,WE,Towers with Radar,140,12,5,9,166,0,165,19,7,191,140,177,24,16,357,10,0,10,367
06/04/2014,OGG,HI,AWP,WE,Towers with Radar,132,14,5,8,159,0,168,27,5,200,132,182,32,13,359,6,0,6,365
06/05/2014,OGG,HI,AWP,WE,Towers with Radar,143,16,6,18,183,0,152,25,3,180,143,168,31,21,363,12,0,12,375
06/06/2014,OGG,HI,AWP,WE,Towers with Radar,145,21,1,0,167,0,154,24,4,182,145,175,25,4,349,14,0,14,363
06/07/2014,OGG,HI,AWP,WE,Towers with Radar,149,20,4,3,176,0,151,22,1,174,149,171,26,4,350,2,0,2,352
06/08/2014,OGG,HI,AWP,WE,Towers with Radar,126,21,4,2,153,0,137,15,2,154,126,158,19,4,307,2,0,2,309
06/09/2014,OGG,HI,AWP,WE,Towers with Radar,144,17,7,5,173,0,159,20,3,182,144,176,27,8,355,45,2,47,402
06/10/2014,OGG,HI,AWP,WE,Towers with Radar,132,38,4,5,179,0,52,14,2,68,132,90,18,7,247,20,2,22,269
06/11/2014,OGG,HI,AWP,WE,Towers with Radar,151,19,6,0,176,0,201,30,0,231,151,220,36,0,407,6,0,6,413
06/12/2014,OGG,HI,AWP,WE,Towers with Radar,144,18,6,6,174,0,174,23,0,197,144,192,29,6,371,26,0,26,397
06/13/2014,OGG,HI,AWP,WE,Towers with Radar,147,27,3,4,181,0,183,22,2,207,147,210,25,6,388,16,0,16,404
06/14/2014,OGG,HI,AWP,WE,Towers with Radar,145,15,11,0,171,0,122,14,2,138,145,137,25,2,309,6,0,6,315
06/15/2014,OGG,HI,AWP,WE,Towers with Radar,129,21,11,5,166,0,144,26,1,171,129,165,37,6,337,2,0,2,339
06/16/2014,OGG,HI,AWP,WE,Towers with Radar,139,13,6,2,160,0,175,32,2,209,139,188,38,4,369,8,0,8,377
06/17/2014,OGG,HI,AWP,WE,Towers with Radar,138,29,9,5,181,0,152,16,3,171,138,181,25,8,352,2,0,2,354
06/18/2014,OGG,HI,AWP,WE,Towers with Radar,141,14,5,4,164,0,179,32,7,218,141,193,37,11,382,24,0,24,406
06/19/2014,OGG,HI,AWP,WE,Towers with Radar,149,25,7,8,189,0,161,30,3,194,149,186,37,11,383,8,0,8,391
06/20/2014,OGG,HI,AWP,WE,Towers with Radar,149,12,5,4,170,0,166,27,2,195,149,178,32,6,365,24,0,24,389
06/21/2014,OGG,HI,AWP,WE,Towers with Radar,141,20,5,0,166,0,158,43,0,201,141,178,48,0,367,6,0,6,373
06/22/2014,OGG,HI,AWP,WE,Towers with Radar,136,14,4,0,154,0,157,27,2,186,136,171,31,2,340,4,0,4,344
06/23/2014,OGG,HI,AWP,WE,Towers with Radar,145,26,2,4,177,0,162,15,1,178,145,188,17,5,355,10,0,10,365
06/24/2014,OGG,HI,AWP,WE,Towers with Radar,137,15,2,0,154,0,163,20,1,184,137,178,22,1,338,6,0,6,344
06/25/2014,OGG,HI,AWP,WE,Towers with Radar,152,17,4,0,173,0,158,14,0,172,152,175,18,0,345,34,0,34,379
06/26/2014,OGG,HI,AWP,WE,Towers with Radar,142,23,9,24,198,0,157,24,8,189,142,180,33,32,387,8,0,8,395
06/27/2014,OGG,HI,AWP,WE,Towers with Radar,148,34,9,2,193,0,139,22,0,161,148,173,31,2,354,40,0,40,394
06/28/2014,OGG,HI,AWP,WE,Towers with Radar,149,24,7,4,184,0,140,26,1,167,149,164,33,5,351,22,0,22,373
06/29/2014,OGG,HI,AWP,WE,Towers with Radar,140,10,2,3,155,0,146,24,1,171,140,156,26,4,326,2,4,6,332
06/30/2014,OGG,HI,AWP,WE,Towers with Radar,148,20,0,0,168,0,176,24,2,202,148,196,24,2,370,12,0,12,382
07/01/2014,OGG,HI,AWP,WE,Towers with Radar,137,26,4,4,171,0,137,24,4,165,137,163,28,8,336,6,0,6,342
07/02/2014,OGG,HI,AWP,WE,Towers with Radar,147,32,3,8,190,0,158,18,14,190,147,190,21,22,380,31,0,31,411
07/03/2014,OGG,HI,AWP,WE,Towers with Radar,154,17,7,0,178,0,165,23,2,190,154,182,30,2,368,13,0,13,381
07/04/2014,OGG,HI,AWP,WE,Towers with Radar,141,20,4,0,165,0,152,12,0,164,141,172,16,0,329,2,0,2,331
07/05/2014,OGG,HI,AWP,WE,Towers with Radar,155,19,0,0,174,0,146,12,0,158,155,165,12,0,332,0,0,0,332
07/06/2014,OGG,HI,AWP,WE,Towers with Radar,142,19,5,3,169,0,167,19,0,186,142,186,24,3,355,8,0,8,363
07/07/2014,OGG,HI,AWP,WE,Towers with Radar,161,25,9,0,195,0,162,21,0,183,161,187,30,0,378,12,0,12,390
07/08/2014,OGG,HI,AWP,WE,Towers with Radar,147,27,5,6,185,0,166,19,5,190,147,193,24,11,375,6,0,6,381
07/09/2014,OGG,HI,AWP,WE,Towers with Radar,147,24,5,18,194,0,152,18,2,172,147,176,23,20,366,22,2,24,390
07/10/2014,OGG,HI,AWP,WE,Towers with Radar,150,28,4,12,194,0,167,23,3,193,150,195,27,15,387,22,0,22,409
07/11/2014,OGG,HI,AWP,WE,Towers with Radar,151,37,4,0,192,0,162,28,2,192,151,199,32,2,384,16,0,16,400
07/12/2014,OGG,HI,AWP,WE,Towers with Radar,142,31,2,4,179,0,140,15,3,158,142,171,17,7,337,12,4,16,353
07/13/2014,OGG,HI,AWP,WE,Towers with Radar,152,28,2,3,185,0,113,13,0,126,152,141,15,3,311,0,0,0,311
07/14/2014,OGG,HI,AWP,WE,Towers with Radar,155,43,6,8,212,0,119,14,0,133,155,162,20,8,345,4,0,4,349
07/15/2014,OGG,HI,AWP,WE,Towers with Radar,143,41,5,19,208,0,153,20,3,176,143,194,25,22,384,10,0,10,394
07/16/2014,OGG,HI,AWP,WE,Towers with Radar,145,31,3,3,182,0,156,19,0,175,145,187,22,3,357,14,0,14,371
07/17/2014,OGG,HI,AWP,WE,Towers with Radar,153,40,4,0,197,0,171,14,5,190,153,211,18,5,387,20,0,20,407
07/18/2014,OGG,HI,AWP,WE,Towers with Radar,145,29,7,0,181,0,170,24,0,194,145,199,31,0,375,26,0,26,401
07/19/2014,OGG,HI,AWP,WE,Towers with Radar,157,39,7,0,203,0,105,15,0,120,157,144,22,0,323,14,0,14,337
07/20/2014,OGG,HI,AWP,WE,Towers with Radar,142,78,5,0,225,0,4,0,0,4,142,82,5,0,229,0,0,0,229
07/21/2014,OGG,HI,AWP,WE,Towers with Radar,152,57,0,4,213,0,101,13,4,118,152,158,13,8,331,14,0,14,345
07/22/2014,OGG,HI,AWP,WE,Towers with Radar,149,46,6,6,207,0,169,14,2,185,149,215,20,8,392,58,10,68,460
07/23/2014,OGG,HI,AWP,WE,Towers with Radar,147,30,3,2,182,0,193,21,0,214,147,223,24,2,396,2,0,2,398
07/24/2014,OGG,HI,AWP,WE,Towers with Radar,157,29,7,2,195,0,197,19,2,218,157,226,26,4,413,4,0,4,417
07/25/2014,OGG,HI,AWP,WE,Towers with Radar,157,24,6,6,193,0,203,14,0,217,157,227,20,6,410,28,0,28,438
07/26/2014,OGG,HI,AWP,WE,Towers with Radar,153,36,4,2,195,0,160,25,0,185,153,196,29,2,380,18,0,18,398
07/27/2014,OGG,HI,AWP,WE,Towers with Radar,145,34,2,0,181,0,153,21,0,174,145,187,23,0,355,14,0,14,369
07/28/2014,OGG,HI,AWP,WE,Towers with Radar,149,27,3,2,181,0,187,30,0,217,149,214,33,2,398,18,0,18,416
07/29/2014,OGG,HI,AWP,WE,Towers with Radar,147,23,3,3,176,0,169,34,1,204,147,192,37,4,380,27,0,27,407
07/30/2014,OGG,HI,AWP,WE,Towers with Radar,147,27,5,0,179,0,173,16,0,189,147,200,21,0,368,4,0,4,372
07/31/2014,OGG,HI,AWP,WE,Towers with Radar,150,29,5,0,184,0,185,30,2,217,150,214,35,2,401,6,0,6,407
08/01/2014,OGG,HI,AWP,WE,Towers with Radar,147,39,11,0,197,0,134,33,2,169,147,173,44,2,366,20,0,20,386
08/02/2014,OGG,HI,AWP,WE,Towers with Radar,149,25,3,0,177,0,142,29,0,171,149,167,32,0,348,14,0,14,362
08/03/2014,OGG,HI,AWP,WE,Towers with Radar,154,24,5,4,187,0,173,26,2,201,154,197,31,6,388,4,0,4,392
08/04/2014,OGG,HI,AWP,WE,Towers with Radar,153,30,6,4,193,0,163,25,2,190,153,193,31,6,383,10,8,18,401
08/05/2014,OGG,HI,AWP,WE,Towers with Radar,142,28,3,0,173,0,190,24,2,216,142,218,27,2,389,36,0,36,425
08/06/2014,OGG,HI,AWP,WE,Towers with Radar,143,18,9,0,170,0,194,20,0,214,143,212,29,0,384,38,0,38,422
08/07/2014,OGG,HI,AWP,WE,Towers with Radar,121,21,9,0,151,0,45,1,0,46,121,66,10,0,197,2,0,2,199
08/08/2014,OGG,HI,AWP,WE,Towers with Radar,127,16,5,0,148,0,14,1,0,15,127,30,6,0,163,0,0,0,163
08/09/2014,OGG,HI,AWP,WE,Towers with Radar,152,29,16,0,197,0,82,7,0,89,152,111,23,0,286,20,0,20,306
08/10/2014,OGG,HI,AWP,WE,Towers with Radar,138,23,3,0,164,0,89,8,0,97,138,112,11,0,261,8,0,8,269
08/11/2014,OGG,HI,AWP,WE,Towers with Radar,157,24,10,3,194,0,156,19,0,175,157,180,29,3,369,19,0,19,388
08/12/2014,OGG,HI,AWP,WE,Towers with Radar,153,31,5,6,195,0,162,12,8,182,153,193,17,14,377,52,0,52,429
08/13/2014,OGG,HI,AWP,WE,Towers with Radar,154,29,4,2,189,0,203,30,2,235,154,232,34,4,424,38,0,38,462
08/14/2014,OGG,HI,AWP,WE,Towers with Radar,159,35,7,8,209,0,181,28,1,210,159,216,35,9,419,54,0,54,473
08/15/2014,OGG,HI,AWP,WE,Towers with Radar,156,21,3,8,188,0,162,20,2,184,156,183,23,10,372,4,0,4,376
08/16/2014,OGG,HI,AWP,WE,Towers with Radar,154,33,7,0,194,0,137,14,1,152,154,170,21,1,346,4,0,4,350
08/17/2014,OGG,HI,AWP,WE,Towers with Radar,152,25,3,0,180,0,142,15,0,157,152,167,18,0,337,4,0,4,341
08/18/2014,OGG,HI,AWP,WE,Towers with Radar,144,26,2,12,184,0,175,15,5,195,144,201,17,17,379,18,0,18,397
08/19/2014,OGG,HI,AWP,WE,Towers with Radar,128,27,5,1,161,0,169,21,11,201,128,196,26,12,362,14,0,14,376
08/20/2014,OGG,HI,AWP,WE,Towers with Radar,141,33,4,24,202,0,170,17,2,189,141,203,21,26,391,26,0,26,417
08/21/2014,OGG,HI,AWP,WE,Towers with Radar,139,48,8,0,195,0,103,15,0,118,139,151,23,0,313,17,0,17,330
08/22/2014,OGG,HI,AWP,WE,Towers with Radar,135,35,3,2,175,0,168,19,0,187,135,203,22,2,362,32,0,32,394
08/23/2014,OGG,HI,AWP,WE,Towers with Radar,137,20,5,0,162,0,137,26,0,163,137,157,31,0,325,8,0,8,333
08/24/2014,OGG,HI,AWP,WE,Towers with Radar,134,20,2,0,156,0,143,6,0,149,134,163,8,0,305,2,0,2,307
08/25/2014,OGG,HI,AWP,WE,Towers with Radar,151,29,3,5,188,0,193,14,0,207,151,222,17,5,395,18,0,18,413
08/26/2014,OGG,HI,AWP,WE,Towers with Radar,140,25,4,6,175,0,147,14,0,161,140,172,18,6,336,10,8,18,354
08/27/2014,OGG,HI,AWP,WE,Towers with Radar,141,26,3,7,177,0,154,20,0,174,141,180,23,7,351,24,0,24,375
08/28/2014,OGG,HI,AWP,WE,Towers with Radar,142,20,5,2,169,0,156,28,4,188,142,176,33,6,357,62,16,78,435
08/29/2014,OGG,HI,AWP,WE,Towers with Radar,138,33,8,0,179,0,126,25,4,155,138,159,33,4,334,18,0,18,352
08/30/2014,OGG,HI,AWP,WE,Towers with Radar,141,22,4,0,167,0,119,27,0,146,141,141,31,0,313,8,0,8,321
08/31/2014,OGG,HI,AWP,WE,Towers with Radar,134,21,1,0,156,0,125,19,0,144,134,146,20,0,300,16,0,16,316
09/01/2014,OGG,HI,AWP,WE,Towers with Radar,133,29,6,0,168,0,120,31,0,151,133,149,37,0,319,2,0,2,321
09/02/2014,OGG,HI,AWP,WE,Towers with Radar,133,27,2,6,168,0,140,19,7,166,133,167,21,13,334,55,0,55,389
09/03/2014,OGG,HI,AWP,WE,Towers with Radar,131,26,2,4,163,0,125,14,0,139,131,151,16,4,302,36,0,36,338
09/04/2014,OGG,HI,AWP,WE,Towers with Radar,133,29,10,2,174,0,137,24,2,163,133,166,34,4,337,64,0,64,401
09/05/2014,OGG,HI,AWP,WE,Towers with Radar,141,31,3,8,183,0,135,22,0,157,141,166,25,8,340,18,0,18,358
09/06/2014,OGG,HI,AWP,WE,Towers with Radar,140,26,4,4,174,0,103,10,0,113,140,129,14,4,287,8,0,8,295
09/07/2014,OGG,HI,AWP,WE,Towers with Radar,140,32,4,1,177,0,100,24,0,124,140,132,28,1,301,72,0,72,373
09/08/2014,OGG,HI,AWP,WE,Towers with Radar,132,40,3,7,182,0,129,28,1,158,132,169,31,8,340,16,48,64,404
09/09/2014,OGG,HI,AWP,WE,Towers with Radar,123,32,3,13,171,0,135,15,4,154,123,167,18,17,325,26,0,26,351
09/10/2014,OGG,HI,AWP,WE,Towers with Radar,118,29,1,6,154,0,129,19,0,148,118,158,20,6,302,8,0,8,310
09/11/2014,OGG,HI,AWP,WE,Towers with Radar,130,25,4,18,177,0,159,26,0,185,130,184,30,18,362,22,0,22,384
09/12/2014,OGG,HI,AWP,WE,Towers with Radar,143,24,1,3,171,0,168,28,1,197,143,192,29,4,368,2,0,2,370
09/13/2014,OGG,HI,AWP,WE,Towers with Radar,132,34,5,0,171,0,103,24,0,127,132,137,29,0,298,2,0,2,300
09/14/2014,OGG,HI,AWP,WE,Towers with Radar,129,33,4,0,166,0,107,21,0,128,129,140,25,0,294,0,0,0,294
09/15/2014,OGG,HI,AWP,WE,Towers with Radar,135,37,1,6,179,0,144,23,4,171,135,181,24,10,350,8,0,8,358
09/16/2014,OGG,HI,AWP,WE,Towers with Radar,127,22,1,2,152,0,143,12,0,155,127,165,13,2,307,4,4,8,315
09/17/2014,OGG,HI,AWP,WE,Towers with Radar,124,35,2,2,163,0,131,17,3,151,124,166,19,5,314,4,0,4,318
09/18/2014,OGG,HI,AWP,WE,Towers with Radar,132,30,1,6,169,0,144,12,4,160,132,174,13,10,329,4,0,4,333
09/19/2014,OGG,HI,AWP,WE,Towers with Radar,133,27,1,1,162,0,171,17,1,189,133,198,18,2,351,8,0,8,359
09/20/2014,OGG,HI,AWP,WE,Towers with Radar,123,30,8,2,163,0,120,22,2,144,123,150,30,4,307,8,0,8,315
09/21/2014,OGG,HI,AWP,WE,Towers with Radar,125,21,1,0,147,0,132,17,0,149,125,153,18,0,296,4,0,4,300
09/22/2014,OGG,HI,AWP,WE,Towers with Radar,138,25,2,3,168,0,144,12,1,157,138,169,14,4,325,6,0,6,331
09/23/2014,OGG,HI,AWP,WE,Towers with Radar,127,24,4,10,165,0,144,25,2,171,127,168,29,12,336,10,0,10,346
09/24/2014,OGG,HI,AWP,WE,Towers with Radar,132,23,1,9,165,0,174,20,4,198,132,197,21,13,363,42,8,50,413
09/25/2014,OGG,HI,AWP,WE,Towers with Radar,128,54,6,13,201,0,65,23,3,91,128,119,29,16,292,36,0,36,328
09/26/2014,OGG,HI,AWP,WE,Towers with Radar,130,41,0,0,171,0,168,13,1,182,130,209,13,1,353,60,0,60,413
09/27/2014,OGG,HI,AWP,WE,Towers with Radar,130,45,3,0,178,0,105,14,0,119,130,150,17,0,297,8,0,8,305
09/28/2014,OGG,HI,AWP,WE,Towers with Radar,119,44,3,3,169,0,62,16,1,79,119,106,19,4,248,0,0,0,248
09/29/2014,OGG,HI,AWP,WE,Towers with Radar,142,30,3,18,193,0,131,17,0,148,142,161,20,18,341,22,0,22,363
09/30/2014,OGG,HI,AWP,WE,Towers with Radar,128,28,2,0,158,0,156,19,0,175,128,184,21,0,333,8,0,8,341
10/01/2014,OGG,HI,AWP,WE,Towers with Radar,126,21,3,8,158,0,167,19,2,188,126,188,22,10,346,32,0,32,378
10/02/2014,OGG,HI,AWP,WE,Towers with Radar,128,27,4,10,169,0,145,19,1,165,128,172,23,11,334,12,0,12,346
10/03/2014,OGG,HI,AWP,WE,Towers with Radar,136,33,2,1,172,0,164,17,2,183,136,197,19,3,355,6,0,6,361
10/04/2014,OGG,HI,AWP,WE,Towers with Radar,144,33,5,5,187,0,137,14,3,154,144,170,19,8,341,8,0,8,349
10/05/2014,OGG,HI,AWP,WE,Towers with Radar,125,27,3,2,157,0,112,14,4,130,125,139,17,6,287,12,0,12,299
10/06/2014,OGG,HI,AWP,WE,Towers with Radar,129,32,6,2,169,0,139,19,0,158,129,171,25,2,327,6,0,6,333
10/07/2014,OGG,HI,AWP,WE,Towers with Radar,126,36,9,6,177,0,146,19,2,167,126,182,28,8,344,20,2,22,366
10/08/2014,OGG,HI,AWP,WE,Towers with Radar,129,35,4,4,172,0,143,20,2,165,129,178,24,6,337,24,0,24,361
10/09/2014,OGG,HI,AWP,WE,Towers with Radar,138,34,6,7,185,0,154,22,3,179,138,188,28,10,364,10,0,10,374
10/10/2014,OGG,HI,AWP,WE,Towers with Radar,138,30,5,19,192,8,144,23,1,176,146,174,28,20,368,10,0,10,378
10/11/2014,OGG,HI,AWP,WE,Towers with Radar,134,28,6,0,168,0,115,26,0,141,134,143,32,0,309,4,0,4,313
10/12/2014,OGG,HI,AWP,WE,Towers with Radar,128,31,1,0,160,0,118,30,0,148,128,149,31,0,308,2,0,2,310
10/13/2014,OGG,HI,AWP,WE,Towers with Radar,136,46,6,0,188,0,127,21,0,148,136,173,27,0,336,10,0,10,346
10/14/2014,OGG,HI,AWP,WE,Towers with Radar,136,31,7,14,188,0,145,18,0,163,136,176,25,14,351,8,0,8,359
10/15/2014,OGG,HI,AWP,WE,Towers with Radar,117,43,0,8,168,0,117,17,2,136,117,160,17,10,304,24,3,27,331
10/16/2014,OGG,HI,AWP,WE,Towers with Radar,128,36,8,2,174,0,179,22,1,202,128,215,30,3,376,26,0,26,402
10/17/2014,OGG,HI,AWP,WE,Towers with Radar,145,39,1,0,185,0,75,8,0,83,145,114,9,0,268,16,0,16,284
10/18/2014,OGG,HI,AWP,WE,Towers with Radar,125,57,0,0,182,0,6,0,0,6,125,63,0,0,188,0,0,0,188
10/19/2014,OGG,HI,AWP,WE,Towers with Radar,114,31,1,0,146,0,38,9,0,47,114,69,10,0,193,2,0,2,195
10/20/2014,OGG,HI,AWP,WE,Towers with Radar,145,27,0,4,176,0,159,12,0,171,145,186,12,4,347,30,0,30,377
10/21/2014,OGG,HI,AWP,WE,Towers with Radar,125,27,3,8,163,0,157,18,12,187,125,184,21,20,350,33,0,33,383
10/22/2014,OGG,HI,AWP,WE,Towers with Radar,135,39,1,3,178,0,96,18,4,118,135,135,19,7,296,0,0,0,296
10/23/2014,OGG,HI,AWP,WE,Towers with Radar,136,31,3,5,175,0,158,23,1,182,136,189,26,6,357,44,0,44,401
10/24/2014,OGG,HI,AWP,WE,Towers with Radar,138,33,7,2,180,0,152,13,0,165,138,185,20,2,345,12,0,12,357
10/25/2014,OGG,HI,AWP,WE,Towers with Radar,140,23,3,0,166,0,104,18,0,122,140,127,21,0,288,4,0,4,292
10/26/2014,OGG,HI,AWP,WE,Towers with Radar,140,25,3,0,168,0,117,23,0,140,140,142,26,0,308,2,0,2,310
10/27/2014,OGG,HI,AWP,WE,Towers with Radar,137,28,9,13,187,0,131,23,0,154,137,159,32,13,341,12,0,12,353
10/28/2014,OGG,HI,AWP,WE,Towers with Radar,130,27,6,4,167,0,148,26,3,177,130,175,32,7,344,10,0,10,354
10/29/2014,OGG,HI,AWP,WE,Towers with Radar,132,28,0,5,165,0,126,32,4,162,132,154,32,9,327,2,0,2,329
10/30/2014,OGG,HI,AWP,WE,Towers with Radar,133,29,4,13,179,0,139,25,6,170,133,168,29,19,349,30,0,30,379
10/31/2014,OGG,HI,AWP,WE,Towers with Radar,134,30,1,2,167,0,105,10,0,115,134,135,11,2,282,24,0,24,306
11/01/2014,OGG,HI,AWP,WE,Towers with Radar,134,24,4,0,162,0,94,6,0,100,134,118,10,0,262,10,0,10,272
11/02/2014,OGG,HI,AWP,WE,Towers with Radar,136,30,9,0,175,0,84,10,0,94,136,114,19,0,269,12,0,12,281
11/03/2014,OGG,HI,AWP,WE,Towers with Radar,148,29,2,2,181,0,118,24,4,146,148,147,26,6,327,26,0,26,353
11/04/2014,OGG,HI,AWP,WE,Towers with Radar,126,31,6,9,172,0,127,17,7,151,126,158,23,16,323,10,20,30,353
11/05/2014,OGG,HI,AWP,WE,Towers with Radar,120,63,1,3,187,0,138,17,4,159,120,201,18,7,346,36,0,36,382
11/06/2014,OGG,HI,AWP,WE,Towers with Radar,142,30,5,10,187,0,141,16,2,159,142,171,21,12,346,16,0,16,362
11/07/2014,OGG,HI,AWP,WE,Towers with Radar,139,34,9,2,184,0,138,19,4,161,139,172,28,6,345,4,0,4,349
11/08/2014,OGG,HI,AWP,WE,Towers with Radar,141,55,12,0,208,0,32,6,0,38,141,87,18,0,246,8,0,8,254
11/09/2014,OGG,HI,AWP,WE,Towers with Radar,138,35,2,2,177,0,119,8,0,127,138,154,10,2,304,2,0,2,306
11/10/2014,OGG,HI,AWP,WE,Towers with Radar,140,30,5,2,177,0,157,18,0,175,140,187,23,2,352,4,0,4,356
11/11/2014,OGG,HI,AWP,WE,Towers with Radar,138,22,3,0,163,0,165,22,0,187,138,187,25,0,350,2,0,2,352
11/12/2014,OGG,HI,AWP,WE,Towers with Radar,127,41,2,0,170,0,125,17,12,154,127,166,19,12,324,16,0,16,340
11/13/2014,OGG,HI,AWP,WE,Towers with Radar,131,65,10,14,220,0,77,13,0,90,131,142,23,14,310,34,0,34,344
11/14/2014,OGG,HI,AWP,WE,Towers with Radar,143,32,4,4,183,0,133,20,0,153,143,165,24,4,336,14,0,14,350
11/15/2014,OGG,HI,AWP,WE,Towers with Radar,141,40,8,3,192,0,69,9,5,83,141,109,17,8,275,12,0,12,287
11/16/2014,OGG,HI,AWP,WE,Towers with Radar,130,43,7,0,180,0,65,14,1,80,130,108,21,1,260,4,0,4,264
11/17/2014,OGG,HI,AWP,WE,Towers with Radar,144,30,7,1,182,0,118,19,1,138,144,148,26,2,320,12,2,14,334
11/18/2014,OGG,HI,AWP,WE,Towers with Radar,132,28,9,0,169,0,137,20,0,157,132,165,29,0,326,10,0,10,336
11/19/2014,OGG,HI,AWP,WE,Towers with Radar,131,37,8,2,178,0,118,8,2,128,131,155,16,4,306,28,6,34,340
11/20/2014,OGG,HI,AWP,WE,Towers with Radar,142,31,5,5,183,0,118,23,1,142,142,149,28,6,325,18,0,18,343
11/21/2014,OGG,HI,AWP,WE,Towers with Radar,142,27,12,8,189,0,95,21,0,116,142,122,33,8,305,120,2,122,427
11/22/2014,OGG,HI,AWP,WE,Towers with Radar,145,25,10,0,180,0,108,16,0,124,145,133,26,0,304,106,0,106,410
11/23/2014,OGG,HI,AWP,WE,Towers with Radar,131,27,6,1,165,0,119,33,2,154,131,146,39,3,319,6,0,6,325
11/24/2014,OGG,HI,AWP,WE,Towers with Radar,142,51,9,4,206,0,107,15,4,126,142,158,24,8,332,12,0,12,344
11/25/2014,OGG,HI,AWP,WE,Towers with Radar,135,45,10,7,197,0,101,21,5,127,135,146,31,12,324,44,0,44,368
11/26/2014,OGG,HI,AWP,WE,Towers with Radar,145,37,8,1,191,0,172,21,1,194,145,209,29,2,385,28,0,28,413
11/27/2014,OGG,HI,AWP,WE,Towers with Radar,141,26,2,0,169,0,140,6,0,146,141,166,8,0,315,2,0,2,317
11/28/2014,OGG,HI,AWP,WE,Towers with Radar,149,42,3,0,194,0,94,15,0,109,149,136,18,0,303,14,0,14,317
11/29/2014,OGG,HI,AWP,WE,Towers with Radar,139,33,11,0,183,0,111,14,0,125,139,144,25,0,308,28,0,28,336
11/30/2014,OGG,HI,AWP,WE,Towers with Radar,151,33,14,0,198,0,137,19,2,158,151,170,33,2,356,50,0,50,406
12/01/2014,OGG,HI,AWP,WE,Towers with Radar,159,31,3,10,203,0,115,15,0,130,159,146,18,10,333,0,0,0,333
12/02/2014,OGG,HI,AWP,WE,Towers with Radar,128,30,9,18,185,0,122,25,2,149,128,152,34,20,334,36,0,36,370
12/03/2014,OGG,HI,AWP,WE,Towers with Radar,132,44,6,11,193,0,51,13,1,65,132,95,19,12,258,6,6,12,270
12/04/2014,OGG,HI,AWP,WE,Towers with Radar,134,31,2,14,181,0,124,27,0,151,134,155,29,14,332,18,0,18,350
12/05/2014,OGG,HI,AWP,WE,Towers with Radar,136,30,9,4,179,0,121,28,0,149,136,151,37,4,328,16,0,16,344
12/06/2014,OGG,HI,AWP,WE,Towers with Radar,142,34,6,4,186,0,99,27,4,130,142,133,33,8,316,22,0,22,338
12/07/2014,OGG,HI,AWP,WE,Towers with Radar,139,35,7,4,185,0,109,36,0,145,139,144,43,4,330,10,0,10,340
12/08/2014,OGG,HI,AWP,WE,Towers with Radar,139,32,7,4,182,0,119,19,4,142,139,151,26,8,324,4,0,4,328
12/09/2014,OGG,HI,AWP,WE,Towers with Radar,129,25,2,17,173,0,127,23,4,154,129,152,25,21,327,22,0,22,349
12/10/2014,OGG,HI,AWP,WE,Towers with Radar,135,24,3,15,177,0,122,23,2,147,135,146,26,17,324,28,0,28,352
12/11/2014,OGG,HI,AWP,WE,Towers with Radar,142,44,10,12,208,0,64,14,1,79,142,108,24,13,287,28,0,28,315
12/12/2014,OGG,HI,AWP,WE,Towers with Radar,149,35,7,3,194,0,139,23,1,163,149,174,30,4,357,30,0,30,387
12/13/2014,OGG,HI,AWP,WE,Towers with Radar,147,24,3,0,174,0,104,16,2,122,147,128,19,2,296,12,0,12,308
12/14/2014,OGG,HI,AWP,WE,Towers with Radar,139,52,6,0,197,0,31,6,1,38,139,83,12,1,235,0,0,0,235
12/15/2014,OGG,HI,AWP,WE,Towers with Radar,133,35,9,7,184,0,134,22,1,157,133,169,31,8,341,26,0,26,367
12/16/2014,OGG,HI,AWP,WE,Towers with Radar,128,37,8,20,193,0,101,9,2,112,128,138,17,22,305,14,0,14,319
12/17/2014,OGG,HI,AWP,WE,Towers with Radar,141,36,12,4,193,0,129,13,0,142,141,165,25,4,335,4,0,4,339
12/18/2014,OGG,HI,AWP,WE,Towers with Radar,160,31,6,6,203,0,93,29,0,122,160,124,35,6,325,12,0,12,337
12/19/2014,OGG,HI,AWP,WE,Towers with Radar,157,31,10,3,201,0,140,13,2,155,157,171,23,5,356,18,0,18,374
12/20/2014,OGG,HI,AWP,WE,Towers with Radar,153,41,20,0,214,0,125,30,0,155,153,166,50,0,369,34,0,34,403
12/21/2014,OGG,HI,AWP,WE,Towers with Radar,137,33,12,0,182,0,128,22,0,150,137,161,34,0,332,0,0,0,332
12/22/2014,OGG,HI,AWP,WE,Towers with Radar,159,41,5,2,207,0,125,17,1,143,159,166,22,3,350,30,10,40,390
12/23/2014,OGG,HI,AWP,WE,Towers with Radar,144,70,15,3,232,0,11,4,0,15,144,81,19,3,247,44,0,44,291
12/24/2014,OGG,HI,AWP,WE,Towers with Radar,141,40,9,0,190,0,162,12,0,174,141,202,21,0,364,20,0,20,384
12/25/2014,OGG,HI,AWP,WE,Towers with Radar,147,33,4,0,184,0,139,5,0,144,147,172,9,0,328,0,0,0,328
12/26/2014,OGG,HI,AWP,WE,Towers with Radar,159,32,22,0,213,0,177,36,0,213,159,209,58,0,426,4,0,4,430
12/27/2014,OGG,HI,AWP,WE,Towers with Radar,144,41,21,0,206,0,196,50,0,246,144,237,71,0,452,10,0,10,462
12/28/2014,OGG,HI,AWP,WE,Towers with Radar,156,40,19,0,215,0,184,26,2,212,156,224,45,2,427,0,0,0,427
12/29/2014,OGG,HI,AWP,WE,Towers with Radar,149,30,10,4,193,0,202,28,0,230,149,232,38,4,423,19,0,19,442
12/30/2014,OGG,HI,AWP,WE,Towers with Radar,158,45,12,1,216,0,158,18,0,176,158,203,30,1,392,24,0,24,416
12/31/2014,OGG,HI,AWP,WE,Towers with Radar,146,27,9,0,182,0,196,35,0,231,146,223,44,0,413,16,0,16,429
01/01/2015,OGG,HI,AWP,WE,Towers with Radar,138,30,11,0,179,0,181,19,0,200,138,211,30,0,379,12,0,12,391
01/02/2015,OGG,HI,AWP,WE,Towers with Radar,160,47,25,0,232,0,130,21,0,151,160,177,46,0,383,0,0,0,383
01/03/2015,OGG,HI,AWP,WE,Towers with Radar,135,33,32,0,200,0,161,20,0,181,135,194,52,0,381,20,0,20,401
01/04/2015,OGG,HI,AWP,WE,Towers with Radar,144,37,32,0,213,0,179,20,0,199,144,216,52,0,412,4,0,4,416
01/05/2015,OGG,HI,AWP,WE,Towers with Radar,145,31,6,12,194,0,197,31,0,228,145,228,37,12,422,14,0,14,436
01/06/2015,OGG,HI,AWP,WE,Towers with Radar,136,39,8,9,192,0,157,21,2,180,136,196,29,11,372,20,4,24,396
01/07/2015,OGG,HI,AWP,WE,Towers with Radar,144,32,4,5,185,0,176,24,3,203,144,208,28,8,388,8,0,8,396
01/08/2015,OGG,HI,AWP,WE,Towers with Radar,155,31,4,24,214,0,152,27,0,179,155,183,31,24,393,6,0,6,399
01/09/2015,OGG,HI,AWP,WE,Towers with Radar,155,30,5,8,198,0,162,34,0,196,155,192,39,8,394,14,10,24,418
01/10/2015,OGG,HI,AWP,WE,Towers with Radar,141,28,10,2,181,0,123,29,0,152,141,151,39,2,333,2,0,2,335
01/11/2015,OGG,HI,AWP,WE,Towers with Radar,143,39,5,2,189,0,127,25,0,152,143,166,30,2,341,30,2,32,373
01/12/2015,OGG,HI,AWP,WE,Towers with Radar,141,29,4,2,176,0,159,34,0,193,141,188,38,2,369,34,0,34,403
01/13/2015,OGG,HI,AWP,WE,Towers with Radar,122,30,3,6,161,0,131,29,5,165,122,161,32,11,326,20,0,20,346
01/14/2015,OGG,HI,AWP,WE,Towers with Radar,138,35,4,6,183,0,144,16,0,160,138,179,20,6,343,50,0,50,393
01/15/2015,OGG,HI,AWP,WE,Towers with Radar,143,32,6,6,187,0,142,24,0,166,143,174,30,6,353,18,0,18,371
01/16/2015,OGG,HI,AWP,WE,Towers with Radar,145,33,7,0,185,0,139,17,0,156,145,172,24,0,341,14,0,14,355
01/17/2015,OGG,HI,AWP,WE,Towers with Radar,128,46,5,0,179,0,146,19,0,165,128,192,24,0,344,30,0,30,374
01/18/2015,OGG,HI,AWP,WE,Towers with Radar,133,30,5,0,168,0,109,24,0,133,133,139,29,0,301,4,0,4,305
01/19/2015,OGG,HI,AWP,WE,Towers with Radar,138,29,3,9,179,0,140,21,1,162,138,169,24,10,341,8,4,12,353
01/20/2015,OGG,HI,AWP,WE,Towers with Radar,131,25,6,8,170,11,148,27,2,188,142,173,33,10,358,26,0,26,384
01/21/2015,OGG,HI,AWP,WE,Towers with Radar,147,24,6,2,179,0,180,34,0,214,147,204,40,2,393,14,0,14,407
01/22/2015,OGG,HI,AWP,WE,Towers with Radar,146,28,4,6,184,0,175,24,2,201,146,203,28,8,385,14,0,14,399
01/23/2015,OGG,HI,AWP,WE,Towers with Radar,156,32,2,8,198,0,143,17,12,172,156,175,19,20,370,26,0,26,396
01/24/2015,OGG,HI,AWP,WE,Towers with Radar,149,74,6,0,229,0,4,0,0,4,149,78,6,0,233,0,0,0,233
01/25/2015,OGG,HI,AWP,WE,Towers with Radar,142,66,8,0,216,0,16,2,0,18,142,82,10,0,234,10,0,10,244
01/26/2015,OGG,HI,AWP,WE,Towers with Radar,148,30,8,0,186,0,173,14,0,187,148,203,22,0,373,12,0,12,385
01/27/2015,OGG,HI,AWP,WE,Towers with Radar,130,26,8,2,166,0,161,19,1,181,130,187,27,3,347,48,0,48,395
01/28/2015,OGG,HI,AWP,WE,Towers with Radar,143,28,4,2,177,0,177,20,2,199,143,205,24,4,376,18,0,18,394
01/29/2015,OGG,HI,AWP,WE,Towers with Radar,138,25,6,4,173,0,151,17,2,170,138,176,23,6,343,6,0,6,349
01/30/2015,OGG,HI,AWP,WE,Towers with Radar,146,31,7,1,185,0,139,25,2,166,146,170,32,3,351,20,0,20,371
01/31/2015,OGG,HI,AWP,WE,Towers with Radar,139,31,4,3,177,0,121,20,1,142,139,152,24,4,319,21,0,21,340
02/01/2015,OGG,HI,AWP,WE,Towers with Radar,133,64,1,6,204,0,16,3,0,19,133,80,4,6,223,0,0,0,223
02/02/2015,OGG,HI,AWP,WE,Towers with Radar,141,31,3,4,179,0,118,20,4,142,141,149,23,8,321,12,6,18,339
02/03/2015,OGG,HI,AWP,WE,Towers with Radar,138,57,1,6,202,0,52,5,0,57,138,109,6,6,259,2,0,2,261
02/04/2015,OGG,HI,AWP,WE,Towers with Radar,137,33,3,12,185,0,98,24,0,122,137,131,27,12,307,58,0,58,365
02/05/2015,OGG,HI,AWP,WE,Towers with Radar,144,27,1,19,191,0,149,17,3,169,144,176,18,22,360,12,0,12,372
02/06/2015,OGG,HI,AWP,WE,Towers with Radar,156,30,1,6,193,0,180,17,5,202,156,210,18,11,395,22,0,22,417
02/07/2015,OGG,HI,AWP,WE,Towers with Radar,144,28,7,6,185,0,144,25,0,169,144,172,32,6,354,18,0,18,372
02/08/2015,OGG,HI,AWP,WE,Towers with Radar,143,21,7,2,173,0,150,21,5,176,143,171,28,7,349,4,0,4,353
02/09/2015,OGG,HI,AWP,WE,Towers with Radar,141,39,6,2,188,0,125,19,0,144,141,164,25,2,332,4,0,4,336
02/10/2015,OGG,HI,AWP,WE,Towers with Radar,135,48,5,12,200,0,112,4,5,121,135,160,9,17,321,58,0,58,379
02/11/2015,OGG,HI,AWP,WE,Towers with Radar,138,24,2,10,174,0,170,25,4,199,138,194,27,14,373,16,0,16,389
02/12/2015,OGG,HI,AWP,WE,Towers with Radar,150,27,6,5,188,0,183,17,7,207,150,210,23,12,395,0,0,0,395
02/13/2015,OGG,HI,AWP,WE,Towers with Radar,158,34,8,0,200,0,58,4,0,62,158,92,12,0,262,0,0,0,262
02/14/2015,OGG,HI,AWP,WE,Towers with Radar,160,58,5,0,223,0,7,1,0,8,160,65,6,0,231,0,0,0,231
02/15/2015,OGG,HI,AWP,WE,Towers with Radar,142,32,9,2,185,0,142,8,0,150,142,174,17,2,335,2,0,2,337
02/16/2015,OGG,HI,AWP,WE,Towers with Radar,147,27,7,6,187,0,164,17,1,182,147,191,24,7,369,8,0,8,377
02/17/2015,OGG,HI,AWP,WE,Towers with Radar,128,31,6,1,166,0,165,42,4,211,128,196,48,5,377,26,0,26,403
02/18/2015,OGG,HI,AWP,WE,Towers with Radar,139,36,8,7,190,0,173,24,2,199,139,209,32,9,389,16,0,16,405
02/19/2015,OGG,HI,AWP,WE,Towers with Radar,137,32,7,14,190,11,200,24,1,236,148,232,31,15,426,12,0,12,438
02/20/2015,OGG,HI,AWP,WE,Towers with Radar,168,39,2,8,217,0,101,7,0,108,168,140,9,8,325,12,0,12,337
02/21/2015,OGG,HI,AWP,WE,Towers with Radar,152,28,9,0,189,0,120,22,0,142,152,148,31,0,331,36,0,36,367
02/22/2015,OGG,HI,AWP,WE,Towers with Radar,140,36,11,2,189,0,154,15,4,173,140,190,26,6,362,4,4,8,370
02/23/2015,OGG,HI,AWP,WE,Towers with Radar,159,21,5,1,186,0,165,25,1,191,159,186,30,2,377,4,0,4,381
02/24/2015,OGG,HI,AWP,WE,Towers with Radar,142,31,5,14,192,0,161,23,0,184,142,192,28,14,376,2,0,2,378
02/25/2015,OGG,HI,AWP,WE,Towers with Radar,138,27,8,1,174,0,157,22,3,182,138,184,30,4,356,8,0,8,364
02/26/2015,OGG,HI,AWP,WE,Towers with Radar,156,29,6,0,191,0,158,22,0,180,156,187,28,0,371,18,0,18,389
02/27/2015,OGG,HI,AWP,WE,Towers with Radar,150,34,1,2,187,0,150,17,0,167,150,184,18,2,354,18,0,18,372
02/28/2015,OGG,HI,AWP,WE,Towers with Radar,149,57,2,2,210,0,49,8,0,57,149,106,10,2,267,6,0,6,273
03/01/2015,OGG,HI,AWP,WE,Towers with Radar,148,36,9,0,193,0,105,17,2,124,148,141,26,2,317,2,0,2,319
03/02/2015,OGG,HI,AWP,WE,Towers with Radar,163,37,2,2,204,0,146,19,2,167,163,183,21,4,371,20,0,20,391
03/03/2015,OGG,HI,AWP,WE,Towers with Radar,143,34,7,11,195,0,183,25,1,209,143,217,32,12,404,16,2,18,422
03/04/2015,OGG,HI,AWP,WE,Towers with Radar,137,56,3,4,200,0,16,2,0,18,137,72,5,4,218,0,0,0,218
03/05/2015,OGG,HI,AWP,WE,Towers with Radar,146,37,5,15,203,0,125,10,3,138,146,162,15,18,341,31,0,31,372
03/06/2015,OGG,HI,AWP,WE,Towers with Radar,178,45,13,2,238,0,35,14,0,49,178,80,27,2,287,14,0,14,301
03/07/2015,OGG,HI,AWP,WE,Towers with Radar,149,32,7,4,192,0,148,12,0,160,149,180,19,4,352,2,0,2,354
03/08/2015,OGG,HI,AWP,WE,Towers with Radar,141,57,6,2,206,0,36,7,2,45,141,93,13,4,251,8,0,8,259
03/09/2015,OGG,HI,AWP,WE,Towers with Radar,156,30,3,6,195,0,146,22,0,168,156,176,25,6,363,15,0,15,378
03/10/2015,OGG,HI,AWP,WE,Towers with Radar,134,26,7,2,169,20,180,30,4,234,154,206,37,6,403,6,0,6,409
03/11/2015,OGG,HI,AWP,WE,Towers with Radar,136,46,4,2,188,0,90,10,3,103,136,136,14,5,291,17,0,17,308
03/12/2015,OGG,HI,AWP,WE,Towers with Radar,143,49,6,4,202,0,111,14,0,125,143,160,20,4,327,64,0,64,391
03/13/2015,OGG,HI,AWP,WE,Towers with Radar,145,26,10,0,181,0,177,25,0,202,145,203,35,0,383,14,0,14,397
03/14/2015,OGG,HI,AWP,WE,Towers with Radar,133,26,7,4,170,0,161,20,1,182,133,187,27,5,352,14,0,14,366
03/15/2015,OGG,HI,AWP,WE,Towers with Radar,135,27,12,2,176,0,169,30,0,199,135,196,42,2,375,10,0,10,385
03/16/2015,OGG,HI,AWP,WE,Towers with Radar,153,27,5,11,196,0,182,27,0,209,153,209,32,11,405,26,2,28,433
03/17/2015,OGG,HI,AWP,WE,Towers with Radar,144,37,12,8,201,0,205,27,1,233,144,242,39,9,434,6,0,6,440
03/18/2015,OGG,HI,AWP,WE,Towers with Radar,139,34,9,4,186,0,195,31,3,229,139,229,40,7,415,68,0,68,483
03/19/2015,OGG,HI,AWP,WE,Towers with Radar,150,21,11,11,193,0,190,24,11,225,150,211,35,22,418,6,0,6,424
03/20/2015,OGG,HI,AWP,WE,Towers with Radar,152,35,12,14,213,0,182,24,9,215,152,217,36,23,428,20,0,20,448
03/21/2015,OGG,HI,AWP,WE,Towers with Radar,144,33,15,0,192,0,131,17,0,148,144,164,32,0,340,2,0,2,342
03/22/2015,OGG,HI,AWP,WE,Towers with Radar,146,24,7,0,177,0,126,21,2,149,146,150,28,2,326,2,0,2,328
03/23/2015,OGG,HI,AWP,WE,Towers with Radar,163,19,7,11,200,0,161,13,1,175,163,180,20,12,375,6,6,12,387
03/24/2015,OGG,HI,AWP,WE,Towers with Radar,135,27,4,3,169,0,170,28,5,203,135,197,32,8,372,26,0,26,398
03/25/2015,OGG,HI,AWP,WE,Towers with Radar,138,25,2,0,165,0,162,26,0,188,138,187,28,0,353,48,0,48,401
03/26/2015,OGG,HI,AWP,WE,Towers with Radar,140,31,11,9,191,0,96,15,0,111,140,127,26,9,302,12,0,12,314
03/27/2015,OGG,HI,AWP,WE,Towers with Radar,147,35,9,4,195,0,158,23,3,184,147,193,32,7,379,10,0,10,389
03/28/2015,OGG,HI,AWP,WE,Towers with Radar,149,31,15,0,195,0,133,16,0,149,149,164,31,0,344,12,0,12,356
03/29/2015,OGG,HI,AWP,WE,Towers with Radar,149,38,5,0,192,0,111,19,0,130,149,149,24,0,322,10,0,10,332
03/30/2015,OGG,HI,AWP,WE,Towers with Radar,146,32,6,4,188,0,140,20,3,163,146,172,26,7,351,18,0,18,369
03/31/2015,OGG,HI,AWP,WE,Towers with Radar,147,30,2,15,194,0,178,32,2,212,147,208,34,17,406,28,0,28,434
04/01/2015,OGG,HI,AWP,WE,Towers with Radar,134,29,9,14,186,0,189,32,7,228,134,218,41,21,414,26,0,26,440
04/02/2015,OGG,HI,AWP,WE,Towers with Radar,141,36,8,2,187,0,212,31,5,248,141,248,39,7,435,44,2,46,481
04/03/2015,OGG,HI,AWP,WE,Towers with Radar,147,27,10,3,187,0,181,40,1,222,147,208,50,4,409,12,0,12,421
04/04/2015,OGG,HI,AWP,WE,Towers with Radar,142,34,12,0,188,9,130,15,0,154,151,164,27,0,342,2,0,2,344
04/05/2015,OGG,HI,AWP,WE,Towers with Radar,132,36,7,0,175,0,139,10,0,149,132,175,17,0,324,28,0,28,352
04/06/2015,OGG,HI,AWP,WE,Towers with Radar,153,36,4,7,200,0,173,18,3,194,153,209,22,10,394,17,0,17,411
04/07/2015,OGG,HI,AWP,WE,Towers with Radar,135,47,4,8,194,0,141,29,1,171,135,188,33,9,365,24,22,46,411
04/08/2015,OGG,HI,AWP,WE,Towers with Radar,141,36,3,2,182,0,190,19,0,209,141,226,22,2,391,28,0,28,419
04/09/2015,OGG,HI,AWP,WE,Towers with Radar,143,39,7,14,203,0,184,27,4,215,143,223,34,18,418,33,3,36,454
04/10/2015,OGG,HI,AWP,WE,Towers with Radar,143,46,11,0,200,0,166,30,2,198,143,212,41,2,398,18,0,18,416
04/11/2015,OGG,HI,AWP,WE,Towers with Radar,134,45,12,2,193,0,142,36,0,178,134,187,48,2,371,20,0,20,391
04/12/2015,OGG,HI,AWP,WE,Towers with Radar,149,26,5,2,182,0,144,24,2,170,149,170,29,4,352,12,0,12,364
04/13/2015,OGG,HI,AWP,WE,Towers with Radar,145,46,7,6,204,0,140,16,1,157,145,186,23,7,361,22,0,22,383
04/14/2015,OGG,HI,AWP,WE,Towers with Radar,133,36,8,7,184,0,130,13,5,148,133,166,21,12,332,60,0,60,392
04/15/2015,OGG,HI,AWP,WE,Towers with Radar,131,35,6,3,175,0,135,24,2,161,131,170,30,5,336,18,4,22,358
04/16/2015,OGG,HI,AWP,WE,Towers with Radar,141,35,6,12,194,0,144,23,4,171,141,179,29,16,365,62,0,62,427
04/17/2015,OGG,HI,AWP,WE,Towers with Radar,145,35,6,1,187,0,176,24,1,201,145,211,30,2,388,30,0,30,418
04/18/2015,OGG,HI,AWP,WE,Towers with Radar,155,30,1,0,186,0,157,14,2,173,155,187,15,2,359,6,0,6,365
04/19/2015,OGG,HI,AWP,WE,Towers with Radar,134,36,2,0,172,0,105,21,0,126,134,141,23,0,298,10,0,10,308
04/20/2015,OGG,HI,AWP,WE,Towers with Radar,142,47,4,12,205,0,127,17,0,144,142,174,21,12,349,0,0,0,349
04/21/2015,OGG,HI,AWP,WE,Towers with Radar,135,24,1,19,179,0,171,14,9,194,135,195,15,28,373,6,0,6,379
04/22/2015,OGG,HI,AWP,WE,Towers with Radar,139,32,5,8,184,0,169,15,0,184,139,201,20,8,368,18,0,18,386
04/23/2015,OGG,HI,AWP,WE,Towers with Radar,146,27,5,8,186,0,191,23,4,218,146,218,28,12,404,18,0,18,422
04/24/2015,OGG,HI,AWP,WE,Towers with Radar,150,39,8,0,197,0,147,22,8,177,150,186,30,8,374,8,0,8,382
04/25/2015,OGG,HI,AWP,WE,Towers with Radar,141,37,8,1,187,0,124,23,3,150,141,161,31,4,337,28,10,38,375
04/26/2015,OGG,HI,AWP,WE,Towers with Radar,138,42,8,0,188,0,112,25,7,144,138,154,33,7,332,18,0,18,350
04/27/2015,OGG,HI,AWP,WE,Towers with Radar,149,92,7,4,252,0,19,5,0,24,149,111,12,4,276,2,0,2,278
04/28/2015,OGG,HI,AWP,WE,Towers with Radar,134,42,3,1,180,0,164,15,4,183,134,206,18,5,363,10,0,10,373
04/29/2015,OGG,HI,AWP,WE,Towers with Radar,129,35,9,11,184,0,197,26,3,226,129,232,35,14,410,14,0,14,424
04/30/2015,OGG,HI,AWP,WE,Towers with Radar,136,31,4,6,177,0,177,11,4,192,136,208,15,10,369,16,0,16,385
05/01/2015,OGG,HI,AWP,WE,Towers with Radar,138,65,3,2,208,0,62,9,1,72,138,127,12,3,280,12,0,12,292
05/02/2015,OGG,HI,AWP,WE,Towers with Radar,137,28,8,2,175,0,165,14,2,181,137,193,22,4,356,6,0,6,362
05/03/2015,OGG,HI,AWP,WE,Towers with Radar,135,25,7,2,169,0,166,19,0,185,135,191,26,2,354,2,0,2,356
05/04/2015,OGG,HI,AWP,WE,Towers with Radar,139,33,4,8,184,0,166,22,2,190,139,199,26,10,374,10,0,10,384
05/05/2015,OGG,HI,AWP,WE,Towers with Radar,125,35,9,4,173,0,138,30,1,169,125,173,39,5,342,40,0,40,382
05/06/2015,OGG,HI,AWP,WE,Towers with Radar,129,36,6,4,175,0,167,24,3,194,129,203,30,7,369,14,0,14,383
05/07/2015,OGG,HI,AWP,WE,Towers with Radar,142,30,6,2,180,0,134,20,1,155,142,164,26,3,335,8,0,8,343
05/08/2015,OGG,HI,AWP,WE,Towers with Radar,121,57,5,0,183,0,93,20,0,113,121,150,25,0,296,6,0,6,302
05/09/2015,OGG,HI,AWP,WE,Towers with Radar,121,44,5,0,170,0,113,16,0,129,121,157,21,0,299,2,0,2,301
05/10/2015,OGG,HI,AWP,WE,Towers with Radar,131,32,3,0,166,0,118,7,0,125,131,150,10,0,291,13,3,16,307
05/11/2015,OGG,HI,AWP,WE,Towers with Radar,133,44,3,0,180,0,136,28,0,164,133,180,31,0,344,4,0,4,348
05/12/2015,OGG,HI,AWP,WE,Towers with Radar,137,32,3,3,175,0,125,27,0,152,137,157,30,3,327,26,0,26,353
05/13/2015,OGG,HI,AWP,WE,Towers with Radar,143,41,4,6,194,0,150,26,0,176,143,191,30,6,370,14,0,14,384
05/14/2015,OGG,HI,AWP,WE,Towers with Radar,137,32,9,5,183,0,137,27,1,165,137,169,36,6,348,10,0,10,358
05/15/2015,OGG,HI,AWP,WE,Towers with Radar,129,42,6,1,178,0,173,11,2,186,129,215,17,3,364,6,0,6,370
05/16/2015,OGG,HI,AWP,WE,Towers with Radar,129,26,7,0,162,0,128,18,0,146,129,154,25,0,308,20,0,20,328
05/17/2015,OGG,HI,AWP,WE,Towers with Radar,125,32,3,0,160,0,132,10,0,142,125,164,13,0,302,2,0,2,304
05/18/2015,OGG,HI,AWP,WE,Towers with Radar,133,42,3,19,197,0,151,20,1,172,133,193,23,20,369,4,8,12,381
05/19/2015,OGG,HI,AWP,WE,Towers with Radar,133,35,7,8,183,0,172,17,4,193,133,207,24,12,376,33,0,33,409
05/20/2015,OGG,HI,AWP,WE,Towers with Radar,129,41,1,4,175,0,153,23,0,176,129,194,24,4,351,16,0,16,367
05/21/2015,OGG,HI,AWP,WE,Towers with Radar,136,27,7,10,180,0,156,26,2,184,136,183,33,12,364,8,0,8,372
05/22/2015,OGG,HI,AWP,WE,Towers with Radar,150,47,1,3,201,0,153,28,1,182,150,200,29,4,383,24,0,24,407
05/23/2015,OGG,HI,AWP,WE,Towers with Radar,123,53,7,1,184,0,132,12,0,144,123,185,19,1,328,6,0,6,334
05/24/2015,OGG,HI,AWP,WE,Towers with Radar,129,26,4,1,160,0,166,16,1,183,129,192,20,2,343,0,6,6,349
05/25/2015,OGG,HI,AWP,WE,Towers with Radar,128,32,3,0,163,0,151,33,0,184,128,183,36,0,347,12,0,12,359
05/26/2015,OGG,HI,AWP,WE,Towers with Radar,136,48,4,10,198,0,162,43,1,206,136,210,47,11,404,18,0,18,422
05/27/2015,OGG,HI,AWP,WE,Towers with Radar,136,56,6,2,200,0,153,31,0,184,136,209,37,2,384,6,0,6,390
05/28/2015,OGG,HI,AWP,WE,Towers with Radar,140,59,4,4,207,0,168,27,7,202,140,227,31,11,409,12,0,12,421
05/29/2015,OGG,HI,AWP,WE,Towers with Radar,132,36,4,4,176,0,183,21,1,205,132,219,25,5,381,8,0,8,389
05/30/2015,OGG,HI,AWP,WE,Towers with Radar,132,33,5,1,171,0,142,29,2,173,132,175,34,3,344,20,0,20,364
05/31/2015,OGG,HI,AWP,WE,Towers with Radar,131,43,7,1,182,0,83,14,1,98,131,126,21,2,280,0,0,0,280
06/01/2015,OGG,HI,AWP,WE,Towers with Radar,137,58,6,4,205,0,68,8,0,76,137,126,14,4,281,8,0,8,289
06/02/2015,OGG,HI,AWP,WE,Towers with Radar,122,34,5,22,183,0,193,23,3,219,122,227,28,25,402,10,0,10,412
06/03/2015,OGG,HI,AWP,WE,Towers with Radar,142,52,4,4,202,0,59,23,1,83,142,111,27,5,285,10,0,10,295
06/04/2015,OGG,HI,AWP,WE,Towers with Radar,133,40,5,2,180,0,193,15,3,211,133,233,20,5,391,2,0,2,393
06/05/2015,OGG,HI,AWP,WE,Towers with Radar,143,27,2,0,172,0,170,24,0,194,143,197,26,0,366,4,0,4,370
06/06/2015,OGG,HI,AWP,WE,Towers with Radar,142,27,6,3,178,0,164,24,4,192,142,191,30,7,370,2,2,4,374
06/07/2015,OGG,HI,AWP,WE,Towers with Radar,144,37,3,3,187,0,134,7,0,141,144,171,10,3,328,2,0,2,330
06/08/2015,OGG,HI,AWP,WE,Towers with Radar,144,40,3,2,189,0,211,30,0,241,144,251,33,2,430,20,0,20,450
06/09/2015,OGG,HI,AWP,WE,Towers with Radar,139,26,4,11,180,0,184,33,2,219,139,210,37,13,399,32,0,32,431
06/10/2015,OGG,HI,AWP,WE,Towers with Radar,140,33,2,2,177,0,204,22,4,230,140,237,24,6,407,22,0,22,429
06/11/2015,OGG,HI,AWP,WE,Towers with Radar,153,27,2,8,190,0,187,22,2,211,153,214,24,10,401,22,0,22,423
06/12/2015,OGG,HI,AWP,WE,Towers with Radar,126,25,6,0,157,0,173,23,0,196,126,198,29,0,353,32,0,32,385
06/13/2015,OGG,HI,AWP,WE,Towers with Radar,147,30,8,0,185,0,159,26,0,185,147,189,34,0,370,2,0,2,372
06/14/2015,OGG,HI,AWP,WE,Towers with Radar,129,43,8,0,180,0,142,21,1,164,129,185,29,1,344,0,0,0,344
06/15/2015,OGG,HI,AWP,WE,Towers with Radar,141,28,5,6,180,0,203,21,0,224,141,231,26,6,404,4,0,4,408
06/16/2015,OGG,HI,AWP,WE,Towers with Radar,141,24,8,6,179,0,197,25,3,225,141,221,33,9,404,10,12,22,426
06/17/2015,OGG,HI,AWP,WE,Towers with Radar,137,36,3,15,191,0,166,23,2,191,137,202,26,17,382,16,0,16,398
06/18/2015,OGG,HI,AWP,WE,Towers with Radar,148,31,7,8,194,0,200,24,6,230,148,231,31,14,424,18,0,18,442
06/19/2015,OGG,HI,AWP,WE,Towers with Radar,146,48,4,4,202,0,150,25,0,175,146,198,29,4,377,26,0,26,403
06/20/2015,OGG,HI,AWP,WE,Towers with Radar,156,35,6,0,197,0,161,54,0,215,156,196,60,0,412,4,0,4,416
06/21/2015,OGG,HI,AWP,WE,Towers with Radar,152,25,4,0,181,0,181,18,0,199,152,206,22,0,380,32,0,32,412
06/22/2015,OGG,HI,AWP,WE,Towers with Radar,149,37,2,0,188,0,191,26,2,219,149,228,28,2,407,20,0,20,427
06/23/2015,OGG,HI,AWP,WE,Towers with Radar,137,34,4,8,183,0,179,28,2,209,137,213,32,10,392,8,0,8,400
06/24/2015,OGG,HI,AWP,WE,Towers with Radar,132,48,3,2,185,0,157,17,0,174,132,205,20,2,359,10,0,10,369
06/25/2015,OGG,HI,AWP,WE,Towers with Radar,138,35,8,2,183,0,170,22,3,195,138,205,30,5,378,12,0,12,390
06/26/2015,OGG,HI,AWP,WE,Towers with Radar,147,40,1,0,188,0,196,19,2,217,147,236,20,2,405,18,0,18,423
06/27/2015,OGG,HI,AWP,WE,Towers with Radar,149,31,2,0,182,0,159,20,0,179,149,190,22,0,361,10,0,10,371
06/28/2015,OGG,HI,AWP,WE,Towers with Radar,142,24,4,0,170,0,173,16,0,189,142,197,20,0,359,4,0,4,363
06/29/2015,OGG,HI,AWP,WE,Towers with Radar,147,35,7,8,197,0,185,26,0,211,147,220,33,8,408,12,0,12,420
06/30/2015,OGG,HI,AWP,WE,Towers with Radar,149,24,4,9,186,0,159,15,1,175,149,183,19,10,361,10,6,16,377
07/01/2015,OGG,HI,AWP,WE,Towers with Radar,150,34,2,7,193,0,163,24,1,188,150,197,26,8,381,14,0,14,395
07/02/2015,OGG,HI,AWP,WE,Towers with Radar,147,36,5,6,194,0,180,47,3,230,147,216,52,9,424,30,0,30,454
07/03/2015,OGG,HI,AWP,WE,Towers with Radar,156,28,3,0,187,0,209,23,0,232,156,237,26,0,419,14,0,14,433
07/04/2015,OGG,HI,AWP,WE,Towers with Radar,160,19,7,0,186,0,163,17,0,180,160,182,24,0,366,2,0,2,368
07/05/2015,OGG,HI,AWP,WE,Towers with Radar,152,29,13,0,194,0,182,20,1,203,152,211,33,1,397,4,0,4,401
07/06/2015,OGG,HI,AWP,WE,Towers with Radar,149,29,7,0,185,0,181,18,2,201,149,210,25,2,386,33,0,33,419
07/07/2015,OGG,HI,AWP,WE,Towers with Radar,144,52,3,2,201,0,156,10,0,166,144,208,13,2,367,60,0,60,427
07/08/2015,OGG,HI,AWP,WE,Towers with Radar,150,39,2,8,199,0,183,9,2,194,150,222,11,10,393,10,8,18,411
07/09/2015,OGG,HI,AWP,WE,Towers with Radar,141,50,5,5,201,0,159,18,3,180,141,209,23,8,381,2,0,2,383
07/10/2015,OGG,HI,AWP,WE,Towers with Radar,136,44,5,0,185,0,108,18,0,126,136,152,23,0,311,17,0,17,328
07/11/2015,OGG,HI,AWP,WE,Towers with Radar,145,56,9,1,211,0,94,8,0,102,145,150,17,1,313,12,0,12,325
07/12/2015,OGG,HI,AWP,WE,Towers with Radar,137,30,2,5,174,0,151,12,0,163,137,181,14,5,337,10,0,10,347
07/13/2015,OGG,HI,AWP,WE,Towers with Radar,150,53,6,17,226,0,155,13,1,169,150,208,19,18,395,18,0,18,413
07/14/2015,OGG,HI,AWP,WE,Towers with Radar,143,35,5,9,192,0,185,24,3,212,143,220,29,12,404,10,0,10,414
07/15/2015,OGG,HI,AWP,WE,Towers with Radar,145,26,5,8,184,0,201,10,0,211,145,227,15,8,395,8,0,8,403
07/16/2015,OGG,HI,AWP,WE,Towers with Radar,146,45,11,1,203,0,132,17,4,153,146,177,28,5,356,8,0,8,364
07/17/2015,OGG,HI,AWP,WE,Towers with Radar,146,48,5,0,199,0,186,16,0,202,146,234,21,0,401,2,0,2,403
07/18/2015,OGG,HI,AWP,WE,Towers with Radar,147,33,11,0,191,0,157,20,0,177,147,190,31,0,368,14,0,14,382
07/19/2015,OGG,HI,AWP,WE,Towers with Radar,148,38,5,4,195,0,171,19,2,192,148,209,24,6,387,14,0,14,401
07/20/2015,OGG,HI,AWP,WE,Towers with Radar,156,33,4,5,198,0,166,18,1,185,156,199,22,6,383,27,4,31,414
07/21/2015,OGG,HI,AWP,WE,Towers with Radar,149,29,6,14,198,0,189,16,2,207,149,218,22,16,405,10,0,10,415
07/22/2015,OGG,HI,AWP,WE,Towers with Radar,142,30,10,2,184,0,167,14,2,183,142,197,24,4,367,30,0,30,397
07/23/2015,OGG,HI,AWP,WE,Towers with Radar,153,27,4,4,188,0,184,22,0,206,153,211,26,4,394,24,0,24,418
07/24/2015,OGG,HI,AWP,WE,Towers with Radar,140,37,3,2,182,0,175,20,0,195,140,212,23,2,377,18,0,18,395
07/25/2015,OGG,HI,AWP,WE,Towers with Radar,156,35,5,0,196,0,187,26,0,213,156,222,31,0,409,8,0,8,417
07/26/2015,OGG,HI,AWP,WE,Towers with Radar,144,23,5,0,172,0,190,12,0,202,144,213,17,0,374,0,0,0,374
07/27/2015,OGG,HI,AWP,WE,Towers with Radar,144,27,2,2,175,0,193,21,0,214,144,220,23,2,389,22,0,22,411
07/28/2015,OGG,HI,AWP,WE,Towers with Radar,130,32,1,13,176,0,190,25,3,218,130,222,26,16,394,10,12,22,416
07/29/2015,OGG,HI,AWP,WE,Towers with Radar,129,30,2,4,165,0,180,11,4,195,129,210,13,8,360,10,0,10,370
07/30/2015,OGG,HI,AWP,WE,Towers with Radar,143,36,6,0,185,0,194,18,0,212,143,230,24,0,397,16,0,16,413
07/31/2015,OGG,HI,AWP,WE,Towers with Radar,143,31,4,3,181,0,168,21,1,190,143,199,25,4,371,28,0,28,399
08/01/2015,OGG,HI,AWP,WE,Towers with Radar,148,35,3,0,186,0,147,19,0,166,148,182,22,0,352,2,0,2,354
08/02/2015,OGG,HI,AWP,WE,Towers with Radar,142,27,6,0,175,0,179,25,0,204,142,206,31,0,379,22,0,22,401
08/03/2015,OGG,HI,AWP,WE,Towers with Radar,150,61,5,10,226,0,146,28,0,174,150,207,33,10,400,8,0,8,408
08/04/2015,OGG,HI,AWP,WE,Towers with Radar,133,34,7,24,198,0,182,21,1,204,133,216,28,25,402,32,6,38,440
08/05/2015,OGG,HI,AWP,WE,Towers with Radar,148,39,3,12,202,0,109,13,3,125,148,148,16,15,327,14,0,14,341
08/06/2015,OGG,HI,AWP,WE,Towers with Radar,136,46,3,11,196,0,55,8,2,65,136,101,11,13,261,10,0,10,271
08/07/2015,OGG,HI,AWP,WE,Towers with Radar,146,45,5,4,200,0,162,18,5,185,146,207,23,9,385,8,0,8,393
08/08/2015,OGG,HI,AWP,WE,Towers with Radar,155,24,5,2,186,0,201,21,5,227,155,225,26,7,413,2,0,2,415
08/09/2015,OGG,HI,AWP,WE,Towers with Radar,152,35,7,2,196,0,181,30,0,211,152,216,37,2,407,2,0,2,409
08/10/2015,OGG,HI,AWP,WE,Towers with Radar,155,35,9,8,207,0,193,32,0,225,155,228,41,8,432,14,0,14,446
08/11/2015,OGG,HI,AWP,WE,Towers with Radar,130,34,5,1,170,0,149,26,1,176,130,183,31,2,346,12,0,12,358
08/12/2015,OGG,HI,AWP,WE,Towers with Radar,142,27,5,0,174,0,188,24,0,212,142,215,29,0,386,24,0,24,410
08/13/2015,OGG,HI,AWP,WE,Towers with Radar,141,36,4,1,182,0,127,14,4,145,141,163,18,5,327,6,0,6,333
08/14/2015,OGG,HI,AWP,WE,Towers with Radar,147,49,5,0,201,0,134,26,2,162,147,183,31,2,363,22,0,22,385
08/15/2015,OGG,HI,AWP,WE,Towers with Radar,161,37,4,2,204,0,164,25,0,189,161,201,29,2,393,6,0,6,399
08/16/2015,OGG,HI,AWP,WE,Towers with Radar,152,37,5,1,195,0,151,10,0,161,152,188,15,1,356,0,0,0,356
08/17/2015,OGG,HI,AWP,WE,Towers with Radar,146,35,7,9,197,0,143,29,6,178,146,178,36,15,375,2,0,2,377
08/18/2015,OGG,HI,AWP,WE,Towers with Radar,132,38,4,0,174,0,134,10,0,144,132,172,14,0,318,44,0,44,362
08/19/2015,OGG,HI,AWP,WE,Towers with Radar,130,28,4,12,174,0,165,15,2,182,130,193,19,14,356,24,0,24,380
08/20/2015,OGG,HI,AWP,WE,Towers with Radar,133,26,9,4,172,0,167,19,1,187,133,193,28,5,359,2,0,2,361
08/21/2015,OGG,HI,AWP,WE,Towers with Radar,142,31,2,2,177,0,156,18,2,176,142,187,20,4,353,10,0,10,363
08/22/2015,OGG,HI,AWP,WE,Towers with Radar,155,34,13,0,202,0,142,19,0,161,155,176,32,0,363,0,0,0,363
08/23/2015,OGG,HI,AWP,WE,Towers with Radar,129,44,6,1,180,0,102,5,1,108,129,146,11,2,288,10,0,10,298
08/24/2015,OGG,HI,AWP,WE,Towers with Radar,132,32,4,8,176,0,20,0,1,21,132,52,4,9,197,12,0,12,209
08/25/2015,OGG,HI,AWP,WE,Towers with Radar,128,31,4,14,177,0,141,17,4,162,128,172,21,18,339,26,0,26,365
08/26/2015,OGG,HI,AWP,WE,Towers with Radar,138,35,7,3,183,0,178,19,3,200,138,213,26,6,383,40,0,40,423
08/27/2015,OGG,HI,AWP,WE,Towers with Radar,145,35,5,3,188,0,177,28,4,209,145,212,33,7,397,26,0,26,423
08/28/2015,OGG,HI,AWP,WE,Towers with Radar,135,30,3,4,172,0,152,31,0,183,135,182,34,4,355,12,0,12,367
08/29/2015,OGG,HI,AWP,WE,Towers with Radar,140,32,2,0,174,0,131,20,0,151,140,163,22,0,325,22,0,22,347
08/30/2015,OGG,HI,AWP,WE,Towers with Radar,131,38,5,0,174,0,102,7,2,111,131,140,12,2,285,0,0,0,285
08/31/2015,OGG,HI,AWP,WE,Towers with Radar,138,31,10,6,185,0,99,19,1,119,138,130,29,7,304,4,0,4,308
09/01/2015,OGG,HI,AWP,WE,Towers with Radar,132,24,4,3,163,0,123,13,5,141,132,147,17,8,304,18,6,24,328
09/02/2015,OGG,HI,AWP,WE,Towers with Radar,141,31,1,8,181,0,104,15,0,119,141,135,16,8,300,14,0,14,314
09/03/2015,OGG,HI,AWP,WE,Towers with Radar,135,33,6,1,175,0,86,9,3,98,135,119,15,4,273,12,2,14,287
09/04/2015,OGG,HI,AWP,WE,Towers with Radar,145,30,2,0,177,0,170,21,0,191,145,200,23,0,368,8,0,8,376
09/05/2015,OGG,HI,AWP,WE,Towers with Radar,141,23,3,3,170,0,139,20,0,159,141,162,23,3,329,32,0,32,361
09/06/2015,OGG,HI,AWP,WE,Towers with Radar,132,24,9,0,165,0,114,15,0,129,132,138,24,0,294,16,0,16,310
09/07/2015,OGG,HI,AWP,WE,Towers with Radar,136,35,5,0,176,0,134,16,0,150,136,169,21,0,326,6,0,6,332
09/08/2015,OGG,HI,AWP,WE,Towers with Radar,139,25,4,4,172,0,159,25,0,184,139,184,29,4,356,6,0,6,362
09/09/2015,OGG,HI,AWP,WE,Towers with Radar,130,22,3,2,157,0,134,10,0,144,130,156,13,2,301,28,0,28,329
09/10/2015,OGG,HI,AWP,WE,Towers with Radar,139,35,1,10,185,0,123,9,0,132,139,158,10,10,317,22,0,22,339
09/11/2015,OGG,HI,AWP,WE,Towers with Radar,125,27,4,1,157,0,146,11,1,158,125,173,15,2,315,22,0,22,337
09/12/2015,OGG,HI,AWP,WE,Towers with Radar,142,21,2,2,167,0,107,22,0,129,142,128,24,2,296,10,0,10,306
09/13/2015,OGG,HI,AWP,WE,Towers with Radar,129,44,5,2,180,0,109,10,1,120,129,153,15,3,300,0,0,0,300
09/14/2015,OGG,HI,AWP,WE,Towers with Radar,128,17,2,0,147,0,136,16,5,157,128,153,18,5,304,2,0,2,306
09/15/2015,OGG,HI,AWP,WE,Towers with Radar,132,37,1,18,188,0,102,11,2,115,132,139,12,20,303,20,0,20,323
09/16/2015,OGG,HI,AWP,WE,Towers with Radar,128,17,3,12,160,0,138,11,3,152,128,155,14,15,312,16,0,16,328
09/17/2015,OGG,HI,AWP,WE,Towers with Radar,137,24,3,14,178,0,184,25,0,209,137,208,28,14,387,18,0,18,405
09/18/2015,OGG,HI,AWP,WE,Towers with Radar,121,34,1,4,160,0,124,25,0,149,121,158,26,4,309,10,0,10,319
09/19/2015,OGG,HI,AWP,WE,Towers with Radar,133,23,2,0,158,0,132,22,0,154,133,155,24,0,312,4,0,4,316
09/20/2015,OGG,HI,AWP,WE,Towers with Radar,138,36,2,0,176,0,119,5,0,124,138,155,7,0,300,18,0,18,318
09/21/2015,OGG,HI,AWP,WE,Towers with Radar,144,39,5,23,211,0,113,7,5,125,144,152,12,28,336,16,0,16,352
09/22/2015,OGG,HI,AWP,WE,Towers with Radar,127,24,4,7,162,0,144,22,2,168,127,168,26,9,330,30,0,30,360
09/23/2015,OGG,HI,AWP,WE,Towers with Radar,126,26,4,9,165,0,152,17,4,173,126,178,21,13,338,22,0,22,360
09/24/2015,OGG,HI,AWP,WE,Towers with Radar,126,28,5,10,169,0,165,21,3,189,126,193,26,13,358,12,0,12,370
09/25/2015,OGG,HI,AWP,WE,Towers with Radar,129,22,6,6,163,0,154,20,0,174,129,176,26,6,337,30,0,30,367
09/26/2015,OGG,HI,AWP,WE,Towers with Radar,149,25,7,2,183,0,102,8,0,110,149,127,15,2,293,4,0,4,297
09/27/2015,OGG,HI,AWP,WE,Towers with Radar,132,35,10,0,177,0,82,3,0,85,132,117,13,0,262,14,0,14,276
09/28/2015,OGG,HI,AWP,WE,Towers with Radar,134,32,4,2,172,0,104,10,1,115,134,136,14,3,287,18,0,18,305
09/29/2015,OGG,HI,AWP,WE,Towers with Radar,127,24,6,7,164,0,142,14,0,156,127,166,20,7,320,2,0,2,322
09/30/2015,OGG,HI,AWP,WE,Towers with Radar,124,21,0,11,156,0,168,19,2,189,124,189,19,13,345,10,8,18,363
10/01/2015,OGG,HI,AWP,WE,Towers with Radar,130,34,1,14,179,0,150,23,0,173,130,184,24,14,352,13,0,13,365
10/02/2015,OGG,HI,AWP,WE,Towers with Radar,137,26,0,4,167,0,156,19,0,175,137,182,19,4,342,4,0,4,346
10/03/2015,OGG,HI,AWP,WE,Towers with Radar,147,24,1,2,174,0,124,22,0,146,147,148,23,2,320,0,0,0,320
10/04/2015,OGG,HI,AWP,WE,Towers with Radar,135,57,2,2,196,0,5,2,0,7,135,62,4,2,203,0,0,0,203
10/05/2015,OGG,HI,AWP,WE,Towers with Radar,132,37,2,2,173,0,131,10,0,141,132,168,12,2,314,8,0,8,322
10/06/2015,OGG,HI,AWP,WE,Towers with Radar,133,31,2,3,169,0,151,9,0,160,133,182,11,3,329,6,0,6,335
10/07/2015,OGG,HI,AWP,WE,Towers with Radar,130,21,1,11,163,0,161,15,1,177,130,182,16,12,340,42,0,42,382
10/08/2015,OGG,HI,AWP,WE,Towers with Radar,129,26,4,12,171,0,177,32,0,209,129,203,36,12,380,8,0,8,388
10/09/2015,OGG,HI,AWP,WE,Towers with Radar,139,24,1,13,177,0,168,22,2,192,139,192,23,15,369,24,0,24,393
10/10/2015,OGG,HI,AWP,WE,Towers with Radar,147,27,8,1,183,0,133,13,1,147,147,160,21,2,330,40,0,40,370
10/11/2015,OGG,HI,AWP,WE,Towers with Radar,147,26,8,0,181,0,126,17,0,143,147,152,25,0,324,12,0,12,336
10/12/2015,OGG,HI,AWP,WE,Towers with Radar,139,24,5,6,174,0,153,22,0,175,139,177,27,6,349,2,0,2,351
10/13/2015,OGG,HI,AWP,WE,Towers with Radar,122,19,5,10,156,0,141,21,4,166,122,160,26,14,322,42,0,42,364
10/14/2015,OGG,HI,AWP,WE,Towers with Radar,136,33,6,11,186,0,151,19,3,173,136,184,25,14,359,16,0,16,375
10/15/2015,OGG,HI,AWP,WE,Towers with Radar,137,33,8,7,185,0,118,19,0,137,137,151,27,7,322,32,0,32,354
10/16/2015,OGG,HI,AWP,WE,Towers with Radar,133,44,11,2,190,0,60,20,0,80,133,104,31,2,270,20,0,20,290
10/17/2015,OGG,HI,AWP,WE,Towers with Radar,150,37,2,2,191,0,126,10,0,136,150,163,12,2,327,12,0,12,339
10/18/2015,OGG,HI,AWP,WE,Towers with Radar,144,17,5,0,166,0,138,22,0,160,144,155,27,0,326,4,0,4,330
10/19/2015,OGG,HI,AWP,WE,Towers with Radar,143,22,2,9,176,0,173,20,3,196,143,195,22,12,372,40,0,40,412
10/20/2015,OGG,HI,AWP,WE,Towers with Radar,134,20,7,2,163,11,127,22,3,163,145,147,29,5,326,20,0,20,346
10/21/2015,OGG,HI,AWP,WE,Towers with Radar,137,21,4,5,167,0,154,25,7,186,137,175,29,12,353,8,0,8,361
10/22/2015,OGG,HI,AWP,WE,Towers with Radar,132,24,2,6,164,0,165,28,2,195,132,189,30,8,359,16,0,16,375
10/23/2015,OGG,HI,AWP,WE,Towers with Radar,149,40,3,4,196,0,144,27,0,171,149,184,30,4,367,14,0,14,381
10/24/2015,OGG,HI,AWP,WE,Towers with Radar,151,32,4,0,187,0,129,22,0,151,151,161,26,0,338,14,0,14,352
10/25/2015,OGG,HI,AWP,WE,Towers with Radar,139,16,2,0,157,0,118,22,0,140,139,134,24,0,297,2,0,2,299
10/26/2015,OGG,HI,AWP,WE,Towers with Radar,148,30,4,6,188,0,121,24,2,147,148,151,28,8,335,16,0,16,351
10/27/2015,OGG,HI,AWP,WE,Towers with Radar,127,22,7,2,158,0,147,21,0,168,127,169,28,2,326,8,0,8,334
10/28/2015,OGG,HI,AWP,WE,Towers with Radar,129,27,0,2,158,0,168,8,0,176,129,195,8,2,334,12,0,12,346
10/29/2015,OGG,HI,AWP,WE,Towers with Radar,141,27,7,2,177,0,149,18,6,173,141,176,25,8,350,2,0,2,352
10/30/2015,OGG,HI,AWP,WE,Towers with Radar,146,30,2,8,186,0,154,19,0,173,146,184,21,8,359,8,0,8,367
10/31/2015,OGG,HI,AWP,WE,Towers with Radar,136,26,1,0,163,0,81,13,0,94,136,107,14,0,257,0,0,0,257
11/01/2015,OGG,HI,AWP,WE,Towers with Radar,143,23,4,0,170,0,97,17,0,114,143,120,21,0,284,0,0,0,284
11/02/2015,OGG,HI,AWP,WE,Towers with Radar,144,25,2,18,189,0,131,24,0,155,144,156,26,18,344,18,0,18,362
11/03/2015,OGG,HI,AWP,WE,Towers with Radar,145,30,3,12,190,0,151,22,3,176,145,181,25,15,366,10,0,10,376
11/04/2015,OGG,HI,AWP,WE,Towers with Radar,142,28,3,7,180,0,148,13,0,161,142,176,16,7,341,8,0,8,349
11/05/2015,OGG,HI,AWP,WE,Towers with Radar,137,37,11,12,197,0,111,11,2,124,137,148,22,14,321,20,0,20,341
11/06/2015,OGG,HI,AWP,WE,Towers with Radar,147,19,0,16,182,0,138,20,0,158,147,157,20,16,340,28,4,32,372
11/07/2015,OGG,HI,AWP,WE,Towers with Radar,149,22,7,2,180,0,106,16,2,124,149,128,23,4,304,2,0,2,306
11/08/2015,OGG,HI,AWP,WE,Towers with Radar,127,18,3,2,150,0,128,10,2,140,127,146,13,4,290,8,0,8,298
11/09/2015,OGG,HI,AWP,WE,Towers with Radar,143,27,3,10,183,0,170,12,0,182,143,197,15,10,365,65,4,69,434
11/10/2015,OGG,HI,AWP,WE,Towers with Radar,132,28,4,19,183,0,146,14,2,162,132,174,18,21,345,32,0,32,377
11/11/2015,OGG,HI,AWP,WE,Towers with Radar,136,23,9,0,168,0,141,21,0,162,136,164,30,0,330,24,0,24,354
11/12/2015,OGG,HI,AWP,WE,Towers with Radar,148,22,0,16,186,0,160,22,8,190,148,182,22,24,376,16,16,32,408
11/13/2015,OGG,HI,AWP,WE,Towers with Radar,150,39,3,2,194,0,135,14,0,149,150,174,17,2,343,24,0,24,367
11/14/2015,OGG,HI,AWP,WE,Towers with Radar,153,26,6,5,190,0,137,21,1,159,153,163,27,6,349,28,0,28,377
11/15/2015,OGG,HI,AWP,WE,Towers with Radar,150,21,2,1,174,0,127,6,0,133,150,148,8,1,307,4,0,4,311
11/16/2015,OGG,HI,AWP,WE,Towers with Radar,145,23,3,16,187,0,161,31,0,192,145,184,34,16,379,0,0,0,379
11/17/2015,OGG,HI,AWP,WE,Towers with Radar,140,21,3,6,170,0,140,21,2,163,140,161,24,8,333,46,0,46,379
11/18/2015,OGG,HI,AWP,WE,Towers with Radar,141,29,8,6,184,0,142,24,0,166,141,171,32,6,350,80,0,80,430
11/19/2015,OGG,HI,AWP,WE,Towers with Radar,142,36,4,0,182,0,116,13,2,131,142,152,17,2,313,86,0,86,399
11/20/2015,OGG,HI,AWP,WE,Towers with Radar,152,46,5,4,207,0,68,9,2,79,152,114,14,6,286,84,0,84,370
11/21/2015,OGG,HI,AWP,WE,Towers with Radar,155,35,14,0,204,0,100,12,0,112,155,135,26,0,316,14,0,14,330
11/22/2015,OGG,HI,AWP,WE,Towers with Radar,149,34,9,2,194,0,110,10,0,120,149,144,19,2,314,14,0,14,328
11/23/2015,OGG,HI,AWP,WE,Towers with Radar,144,30,5,4,183,0,158,8,0,166,144,188,13,4,349,12,0,12,361
11/24/2015,OGG,HI,AWP,WE,Towers with Radar,146,72,14,6,238,0,3,0,0,3,146,75,14,6,241,0,0,0,241
11/25/2015,OGG,HI,AWP,WE,Towers with Radar,149,57,12,2,220,0,97,23,0,120,149,154,35,2,340,9,0,9,349
11/26/2015,OGG,HI,AWP,WE,Towers with Radar,143,25,5,0,173,0,176,17,0,193,143,201,22,0,366,13,0,13,379
11/27/2015,OGG,HI,AWP,WE,Towers with Radar,152,31,11,0,194,0,188,19,0,207,152,219,30,0,401,10,0,10,411
11/28/2015,OGG,HI,AWP,WE,Towers with Radar,164,26,15,3,208,0,167,28,1,196,164,193,43,4,404,20,0,20,424
11/29/2015,OGG,HI,AWP,WE,Towers with Radar,140,24,13,0,177,0,158,22,0,180,140,182,35,0,357,24,0,24,381
11/30/2015,OGG,HI,AWP,WE,Towers with Radar,147,23,7,6,183,0,167,25,2,194,147,190,32,8,377,10,0,10,387
12/01/2015,OGG,HI,AWP,WE,Towers with Radar,136,28,7,20,191,0,142,27,5,174,136,170,34,25,365,6,14,20,385
12/02/2015,OGG,HI,AWP,WE,Towers with Radar,142,25,7,6,180,0,136,23,0,159,142,161,30,6,339,2,0,2,341
12/03/2015,OGG,HI,AWP,WE,Towers with Radar,144,29,5,2,180,0,121,17,7,145,144,150,22,9,325,12,0,12,337
12/04/2015,OGG,HI,AWP,WE,Towers with Radar,150,25,7,4,186,0,141,21,0,162,150,166,28,4,348,6,0,6,354
12/05/2015,OGG,HI,AWP,WE,Towers with Radar,157,25,7,6,195,0,113,25,0,138,157,138,32,6,333,29,0,29,362
12/06/2015,OGG,HI,AWP,WE,Towers with Radar,147,28,1,3,179,0,129,19,0,148,147,157,20,3,327,12,0,12,339
12/07/2015,OGG,HI,AWP,WE,Towers with Radar,139,28,2,9,178,0,130,19,1,150,139,158,21,10,328,12,0,12,340
12/08/2015,OGG,HI,AWP,WE,Towers with Radar,139,28,3,12,182,0,136,17,0,153,139,164,20,12,335,8,0,8,343
12/09/2015,OGG,HI,AWP,WE,Towers with Radar,139,42,9,2,192,0,100,19,0,119,139,142,28,2,311,14,0,14,325
12/10/2015,OGG,HI,AWP,WE,Towers with Radar,135,38,5,6,184,0,113,17,2,132,135,151,22,8,316,22,0,22,338
12/11/2015,OGG,HI,AWP,WE,Towers with Radar,157,28,2,3,190,0,125,19,2,146,157,153,21,5,336,26,0,26,362
12/12/2015,OGG,HI,AWP,WE,Towers with Radar,164,23,4,0,191,0,101,14,1,116,164,124,18,1,307,10,0,10,317
12/13/2015,OGG,HI,AWP,WE,Towers with Radar,157,14,4,0,175,0,109,19,0,128,157,123,23,0,303,0,0,0,303
12/14/2015,OGG,HI,AWP,WE,Towers with Radar,150,27,4,16,197,0,132,19,2,153,150,159,23,18,350,6,0,6,356
12/15/2015,OGG,HI,AWP,WE,Towers with Radar,148,30,9,12,199,0,155,27,5,187,148,185,36,17,386,50,0,50,436
12/16/2015,OGG,HI,AWP,WE,Towers with Radar,139,26,2,14,181,0,142,22,5,169,139,168,24,19,350,18,0,18,368
12/17/2015,OGG,HI,AWP,WE,Towers with Radar,161,30,6,9,206,0,138,23,1,162,161,168,29,10,368,4,0,4,372
12/18/2015,OGG,HI,AWP,WE,Towers with Radar,170,36,16,1,223,0,115,26,2,143,170,151,42,3,366,10,0,10,376
12/19/2015,OGG,HI,AWP,WE,Towers with Radar,181,32,12,0,225,0,102,12,0,114,181,134,24,0,339,0,0,0,339
12/20/2015,OGG,HI,AWP,WE,Towers with Radar,164,30,11,0,205,0,99,13,0,112,164,129,24,0,317,8,0,8,325
12/21/2015,OGG,HI,AWP,WE,Towers with Radar,175,34,10,2,221,0,133,16,0,149,175,167,26,2,370,20,0,20,390
12/22/2015,OGG,HI,AWP,WE,Towers with Radar,161,37,13,11,222,0,138,17,5,160,161,175,30,16,382,12,0,12,394
12/23/2015,OGG,HI,AWP,WE,Towers with Radar,162,38,14,2,216,0,227,34,2,263,162,265,48,4,479,10,0,10,489
12/24/2015,OGG,HI,AWP,WE,Towers with Radar,165,32,5,0,202,0,226,17,0,243,165,258,22,0,445,8,0,8,453
12/25/2015,OGG,HI,AWP,WE,Towers with Radar,166,25,5,0,196,0,195,8,0,203,166,220,13,0,399,4,0,4,403
12/26/2015,OGG,HI,AWP,WE,Towers with Radar,171,52,27,0,250,0,153,17,0,170,171,205,44,0,420,12,0,12,432
12/27/2015,OGG,HI,AWP,WE,Towers with Radar,160,30,20,0,210,0,210,14,0,224,160,240,34,0,434,14,0,14,448
12/28/2015,OGG,HI,AWP,WE,Towers with Radar,150,33,5,4,192,0,213,16,0,229,150,246,21,4,421,4,2,6,427
12/29/2015,OGG,HI,AWP,WE,Towers with Radar,165,29,11,4,209,0,242,30,0,272,165,271,41,4,481,24,0,24,505
12/30/2015,OGG,HI,AWP,WE,Towers with Radar,171,50,5,4,230,0,211,24,0,235,171,261,29,4,465,24,0,24,489
12/31/2015,OGG,HI,AWP,WE,Towers with Radar,157,37,13,0,207,0,226,29,0,255,157,263,42,0,462,20,0,20,482
01/01/2016,OGG,HI,AWP,WE,Towers with Radar,167,31,10,0,208,0,214,7,0,221,167,245,17,0,429,2,0,2,431
01/02/2016,OGG,HI,AWP,WE,Towers with Radar,133,31,31,2,197,0,191,23,0,214,133,222,54,2,411,26,0,26,437
01/03/2016,OGG,HI,AWP,WE,Towers with Radar,158,28,29,0,215,0,185,21,0,206,158,213,50,0,421,22,0,22,443
01/04/2016,OGG,HI,AWP,WE,Towers with Radar,171,33,13,0,217,0,157,21,0,178,171,190,34,0,395,8,0,8,403
01/05/2016,OGG,HI,AWP,WE,Towers with Radar,147,32,10,4,193,0,174,16,4,194,147,206,26,8,387,32,0,32,419
01/06/2016,OGG,HI,AWP,WE,Towers with Radar,148,32,3,12,195,0,157,18,0,175,148,189,21,12,370,4,0,4,374
01/07/2016,OGG,HI,AWP,WE,Towers with Radar,154,28,9,6,197,0,168,29,3,200,154,196,38,9,397,28,4,32,429
01/08/2016,OGG,HI,AWP,WE,Towers with Radar,153,19,12,7,191,0,167,31,2,200,153,186,43,9,391,54,0,54,445
01/09/2016,OGG,HI,AWP,WE,Towers with Radar,154,26,6,7,193,0,135,15,1,151,154,161,21,8,344,0,4,4,348
01/10/2016,OGG,HI,AWP,WE,Towers with Radar,153,23,9,4,189,0,116,27,3,146,153,139,36,7,335,10,0,10,345
01/11/2016,OGG,HI,AWP,WE,Towers with Radar,149,21,6,4,180,0,121,28,0,149,149,142,34,4,329,14,0,14,343
01/12/2016,OGG,HI,AWP,WE,Towers with Radar,141,24,5,0,170,0,136,30,0,166,141,160,35,0,336,4,0,4,340
01/13/2016,OGG,HI,AWP,WE,Towers with Radar,143,25,6,4,178,0,158,20,0,178,143,183,26,4,356,20,0,20,376
01/14/2016,OGG,HI,AWP,WE,Towers with Radar,150,28,6,8,192,0,141,29,0,170,150,169,35,8,362,8,0,8,370
01/15/2016,OGG,HI,AWP,WE,Towers with Radar,144,29,6,0,179,0,154,21,0,175,144,183,27,0,354,16,0,16,370
01/16/2016,OGG,HI,AWP,WE,Towers with Radar,154,28,2,0,184,0,140,24,2,166,154,168,26,2,350,0,0,0,350
01/17/2016,OGG,HI,AWP,WE,Towers with Radar,147,15,3,0,165,0,122,8,4,134,147,137,11,4,299,0,0,0,299
01/18/2016,OGG,HI,AWP,WE,Towers with Radar,146,22,7,0,175,0,124,31,0,155,146,146,38,0,330,16,0,16,346
01/19/2016,OGG,HI,AWP,WE,Towers with Radar,146,18,6,1,171,0,167,24,2,193,146,185,30,3,364,14,0,14,378
01/20/2016,OGG,HI,AWP,WE,Towers with Radar,140,22,6,5,173,0,113,15,0,128,140,135,21,5,301,6,0,6,307
01/21/2016,OGG,HI,AWP,WE,Towers with Radar,144,37,12,2,195,0,138,19,6,163,144,175,31,8,358,8,0,8,366
01/22/2016,OGG,HI,AWP,WE,Towers with Radar,165,24,5,6,200,0,166,23,0,189,165,190,28,6,389,32,0,32,421
01/23/2016,OGG,HI,AWP,WE,Towers with Radar,150,24,1,0,175,0,115,26,0,141,150,139,27,0,316,32,0,32,348
01/24/2016,OGG,HI,AWP,WE,Towers with Radar,143,18,4,0,165,0,103,22,4,129,143,121,26,4,294,16,0,16,310
01/25/2016,OGG,HI,AWP,WE,Towers with Radar,154,36,5,0,195,0,147,17,2,166,154,183,22,2,361,14,0,14,375
01/26/2016,OGG,HI,AWP,WE,Towers with Radar,154,32,5,20,211,0,132,14,8,154,154,164,19,28,365,38,0,38,403
01/27/2016,OGG,HI,AWP,WE,Towers with Radar,151,28,4,0,183,0,155,19,2,176,151,183,23,2,359,30,0,30,389
01/28/2016,OGG,HI,AWP,WE,Towers with Radar,134,26,8,6,174,0,157,21,0,178,134,183,29,6,352,46,0,46,398
01/29/2016,OGG,HI,AWP,WE,Towers with Radar,155,32,6,1,194,0,134,27,3,164,155,166,33,4,358,58,0,58,416
01/30/2016,OGG,HI,AWP,WE,Towers with Radar,144,32,5,0,181,0,104,24,2,130,144,136,29,2,311,2,0,2,313
01/31/2016,OGG,HI,AWP,WE,Towers with Radar,146,17,4,0,167,0,98,21,2,121,146,115,25,2,288,0,0,0,288
02/01/2016,OGG,HI,AWP,WE,Towers with Radar,151,26,6,12,195,0,166,29,1,196,151,192,35,13,391,46,0,46,437
02/02/2016,OGG,HI,AWP,WE,Towers with Radar,151,21,3,0,175,0,143,25,2,170,151,164,28,2,345,30,0,30,375
02/03/2016,OGG,HI,AWP,WE,Towers with Radar,149,27,3,5,184,0,151,29,7,187,149,178,32,12,371,62,0,62,433
02/04/2016,OGG,HI,AWP,WE,Towers with Radar,146,28,2,10,186,0,175,23,10,208,146,203,25,20,394,78,2,80,474
02/05/2016,OGG,HI,AWP,WE,Towers with Radar,151,34,5,2,192,0,153,19,5,177,151,187,24,7,369,38,0,38,407
02/06/2016,OGG,HI,AWP,WE,Towers with Radar,148,48,3,0,199,0,87,18,6,111,148,135,21,6,310,32,0,32,342
02/07/2016,OGG,HI,AWP,WE,Towers with Radar,151,28,11,0,190,0,60,0,2,62,151,88,11,2,252,6,0,6,258
02/08/2016,OGG,HI,AWP,WE,Towers with Radar,146,25,4,4,179,0,152,37,0,189,146,177,41,4,368,30,0,30,398
02/09/2016,OGG,HI,AWP,WE,Towers with Radar,136,30,6,8,180,0,158,40,2,200,136,188,46,10,380,8,0,8,388
02/10/2016,OGG,HI,AWP,WE,Towers with Radar,149,29,14,4,196,0,160,32,2,194,149,189,46,6,390,24,0,24,414
02/11/2016,OGG,HI,AWP,WE,Towers with Radar,172,21,9,1,203,0,181,29,3,213,172,202,38,4,416,10,0,10,426
02/12/2016,OGG,HI,AWP,WE,Towers with Radar,164,30,9,0,203,0,151,28,0,179,164,181,37,0,382,12,0,12,394
02/13/2016,OGG,HI,AWP,WE,Towers with Radar,158,25,6,0,189,0,118,20,1,139,158,143,26,1,328,10,0,10,338
02/14/2016,OGG,HI,AWP,WE,Towers with Radar,152,20,4,0,176,0,160,17,0,177,152,180,21,0,353,6,0,6,359
02/15/2016,OGG,HI,AWP,WE,Towers with Radar,158,27,3,3,191,0,175,19,2,196,158,202,22,5,387,37,0,37,424
02/16/2016,OGG,HI,AWP,WE,Towers with Radar,150,25,3,8,186,0,154,12,0,166,150,179,15,8,352,54,0,54,406
02/17/2016,OGG,HI,AWP,WE,Towers with Radar,145,41,1,0,187,0,114,7,6,127,145,155,8,6,314,26,0,26,340
02/18/2016,OGG,HI,AWP,WE,Towers with Radar,156,26,5,1,188,0,180,16,4,200,156,206,21,5,388,12,0,12,400
02/19/2016,OGG,HI,AWP,WE,Towers with Radar,168,23,18,2,211,0,162,36,6,204,168,185,54,8,415,88,0,88,503
02/20/2016,OGG,HI,AWP,WE,Towers with Radar,148,29,9,2,188,0,167,12,2,181,148,196,21,4,369,26,0,26,395
02/21/2016,OGG,HI,AWP,WE,Towers with Radar,147,21,6,4,178,0,128,6,4,138,147,149,12,8,316,8,4,12,328
02/22/2016,OGG,HI,AWP,WE,Towers with Radar,158,16,4,10,188,0,195,24,4,223,158,211,28,14,411,38,0,38,449
02/23/2016,OGG,HI,AWP,WE,Towers with Radar,151,16,3,6,176,0,201,24,6,231,151,217,27,12,407,12,0,12,419
02/24/2016,OGG,HI,AWP,WE,Towers with Radar,139,24,1,4,168,0,165,17,0,182,139,189,18,4,350,22,0,22,372
02/25/2016,OGG,HI,AWP,WE,Towers with Radar,161,26,8,2,197,0,185,28,0,213,161,211,36,2,410,22,2,24,434
02/26/2016,OGG,HI,AWP,WE,Towers with Radar,160,15,5,3,183,0,163,35,3,201,160,178,40,6,384,34,0,34,418
02/27/2016,OGG,HI,AWP,WE,Towers with Radar,153,15,4,0,172,0,135,25,0,160,153,150,29,0,332,20,0,20,352
02/28/2016,OGG,HI,AWP,WE,Towers with Radar,145,27,5,0,177,0,128,22,1,151,145,155,27,1,328,4,0,4,332
02/29/2016,OGG,HI,AWP,WE,Towers with Radar,159,20,5,9,193,0,153,24,1,178,159,173,29,10,371,34,0,34,405
03/01/2016,OGG,HI,AWP,WE,Towers with Radar,155,22,3,0,180,0,142,21,4,167,155,164,24,4,347,8,0,8,355
03/02/2016,OGG,HI,AWP,WE,Towers with Radar,161,25,4,16,206,0,131,27,1,159,161,156,31,17,365,24,0,24,389
03/03/2016,OGG,HI,AWP,WE,Towers with Radar,164,25,3,10,202,0,139,23,1,163,164,164,26,11,365,6,0,6,371
03/04/2016,OGG,HI,AWP,WE,Towers with Radar,155,26,7,4,192,0,150,25,0,175,155,176,32,4,367,20,0,20,387
03/05/2016,OGG,HI,AWP,WE,Towers with Radar,147,27,4,2,180,0,113,23,1,137,147,140,27,3,317,14,0,14,331
03/06/2016,OGG,HI,AWP,WE,Towers with Radar,158,27,4,6,195,0,125,11,3,139,158,152,15,9,334,0,0,0,334
03/07/2016,OGG,HI,AWP,WE,Towers with Radar,150,22,5,10,187,9,132,22,0,163,159,154,27,10,350,12,0,12,362
03/08/2016,OGG,HI,AWP,WE,Towers with Radar,142,37,4,0,183,0,118,14,3,135,142,155,18,3,318,12,0,12,330
03/09/2016,OGG,HI,AWP,WE,Towers with Radar,144,25,4,6,179,0,103,9,0,112,144,128,13,6,291,20,0,20,311
03/10/2016,OGG,HI,AWP,WE,Towers with Radar,161,20,7,16,204,0,154,13,3,170,161,174,20,19,374,16,0,16,390
03/11/2016,OGG,HI,AWP,WE,Towers with Radar,153,26,8,8,195,0,137,17,2,156,153,163,25,10,351,30,0,30,381
03/12/2016,OGG,HI,AWP,WE,Towers with Radar,160,23,5,0,188,0,127,21,0,148,160,150,26,0,336,12,0,12,348
03/13/2016,OGG,HI,AWP,WE,Towers with Radar,161,18,7,0,186,0,144,10,4,158,161,162,17,4,344,4,0,4,348
03/14/2016,OGG,HI,AWP,WE,Towers with Radar,168,18,2,1,189,0,190,33,0,223,168,208,35,1,412,50,0,50,462
03/15/2016,OGG,HI,AWP,WE,Towers with Radar,138,20,8,6,172,0,202,31,3,236,138,222,39,9,408,26,0,26,434
03/16/2016,OGG,HI,AWP,WE,Towers with Radar,132,68,11,6,217,0,20,3,0,23,132,88,14,6,240,10,0,10,250
03/17/2016,OGG,HI,AWP,WE,Towers with Radar,157,16,12,2,187,0,176,28,0,204,157,192,40,2,391,36,0,36,427
03/18/2016,OGG,HI,AWP,WE,Towers with Radar,150,46,12,7,215,0,100,20,2,122,150,146,32,9,337,10,0,10,347
03/19/2016,OGG,HI,AWP,WE,Towers with Radar,149,33,8,2,192,0,166,22,1,189,149,199,30,3,381,14,0,14,395
03/20/2016,OGG,HI,AWP,WE,Towers with Radar,144,22,8,0,174,0,170,16,0,186,144,192,24,0,360,2,0,2,362
03/21/2016,OGG,HI,AWP,WE,Towers with Radar,159,25,5,2,191,0,140,25,0,165,159,165,30,2,356,34,14,48,404
03/22/2016,OGG,HI,AWP,WE,Towers with Radar,150,30,8,6,194,0,148,21,0,169,150,178,29,6,363,36,0,36,399
03/23/2016,OGG,HI,AWP,WE,Towers with Radar,149,24,4,4,181,0,176,21,4,201,149,200,25,8,382,46,2,48,430
03/24/2016,OGG,HI,AWP,WE,Towers with Radar,160,18,8,0,186,0,197,25,2,224,160,215,33,2,410,30,0,30,440
03/25/2016,OGG,HI,AWP,WE,Towers with Radar,147,26,13,6,192,0,109,18,1,128,147,135,31,7,320,24,0,24,344
03/26/2016,OGG,HI,AWP,WE,Towers with Radar,158,25,8,0,191,0,155,27,2,184,158,180,35,2,375,28,0,28,403
03/27/2016,OGG,HI,AWP,WE,Towers with Radar,128,16,7,0,151,0,158,11,0,169,128,174,18,0,320,8,0,8,328
03/28/2016,OGG,HI,AWP,WE,Towers with Radar,147,18,5,7,177,0,177,31,2,210,147,195,36,9,387,20,0,20,407
03/29/2016,OGG,HI,AWP,WE,Towers with Radar,132,22,5,0,159,0,158,21,3,182,132,180,26,3,341,13,0,13,354
03/30/2016,OGG,HI,AWP,WE,Towers with Radar,127,14,12,4,157,0,169,25,0,194,127,183,37,4,351,22,0,22,373
03/31/2016,OGG,HI,AWP,WE,Towers with Radar,142,20,6,2,170,0,194,29,1,224,142,214,35,3,394,10,0,10,404
04/01/2016,OGG,HI,AWP,WE,Towers with Radar,172,32,6,3,213,0,164,20,0,184,172,196,26,3,397,24,0,24,421
04/02/2016,OGG,HI,AWP,WE,Towers with Radar,149,21,8,2,180,0,138,24,2,164,149,159,32,4,344,4,0,4,348
04/03/2016,OGG,HI,AWP,WE,Towers with Radar,150,18,9,5,182,0,145,13,3,161,150,163,22,8,343,16,0,16,359
04/04/2016,OGG,HI,AWP,WE,Towers with Radar,142,14,6,0,162,0,166,27,0,193,142,180,33,0,355,4,0,4,359
04/05/2016,OGG,HI,AWP,WE,Towers with Radar,134,19,11,6,170,0,178,22,1,201,134,197,33,7,371,30,0,30,401
04/06/2016,OGG,HI,AWP,WE,Towers with Radar,145,63,6,2,216,0,10,2,0,12,145,73,8,2,228,2,0,2,230
04/07/2016,OGG,HI,AWP,WE,Towers with Radar,151,51,4,10,216,0,109,11,2,122,151,160,15,12,338,10,0,10,348
04/08/2016,OGG,HI,AWP,WE,Towers with Radar,147,30,9,1,187,0,156,20,2,178,147,186,29,3,365,35,0,35,400
04/09/2016,OGG,HI,AWP,WE,Towers with Radar,158,21,13,2,194,0,143,18,0,161,158,164,31,2,355,6,0,6,361
04/10/2016,OGG,HI,AWP,WE,Towers with Radar,156,18,6,0,180,0,162,23,0,185,156,180,29,0,365,6,0,6,371
04/11/2016,OGG,HI,AWP,WE,Towers with Radar,145,15,7,0,167,0,151,10,0,161,145,166,17,0,328,22,0,22,350
04/12/2016,OGG,HI,AWP,WE,Towers with Radar,134,19,7,2,162,0,165,26,1,192,134,184,33,3,354,12,0,12,366
04/13/2016,OGG,HI,AWP,WE,Towers with Radar,136,15,4,2,157,0,172,14,0,186,136,187,18,2,343,4,0,4,347
04/14/2016,OGG,HI,AWP,WE,Towers with Radar,138,25,5,0,168,0,145,31,0,176,138,170,36,0,344,8,0,8,352
04/15/2016,OGG,HI,AWP,WE,Towers with Radar,150,20,1,1,172,0,183,44,1,228,150,203,45,2,400,12,0,12,412
04/16/2016,OGG,HI,AWP,WE,Towers with Radar,159,24,6,0,189,0,164,34,0,198,159,188,40,0,387,16,0,16,403
04/17/2016,OGG,HI,AWP,WE,Towers with Radar,142,15,4,1,162,0,131,20,1,152,142,146,24,2,314,4,0,4,318
04/18/2016,OGG,HI,AWP,WE,Towers with Radar,139,26,11,4,180,0,122,27,0,149,139,148,38,4,329,10,2,12,341
04/19/2016,OGG,HI,AWP,WE,Towers with Radar,140,22,1,8,171,0,146,20,6,172,140,168,21,14,343,26,0,26,369
04/20/2016,OGG,HI,AWP,WE,Towers with Radar,132,25,9,6,172,0,144,26,0,170,132,169,35,6,342,12,0,12,354
04/21/2016,OGG,HI,AWP,WE,Towers with Radar,142,15,6,4,167,0,170,26,0,196,142,185,32,4,363,20,0,20,383
04/22/2016,OGG,HI,AWP,WE,Towers with Radar,136,18,4,0,158,0,160,33,0,193,136,178,37,0,351,30,0,30,381
04/23/2016,OGG,HI,AWP,WE,Towers with Radar,164,52,5,0,221,0,91,13,0,104,164,143,18,0,325,18,0,18,343
04/24/2016,OGG,HI,AWP,WE,Towers with Radar,149,30,5,0,184,0,110,17,0,127,149,140,22,0,311,0,0,0,311
04/25/2016,OGG,HI,AWP,WE,Towers with Radar,153,11,5,3,172,0,188,36,1,225,153,199,41,4,397,26,0,26,423
04/26/2016,OGG,HI,AWP,WE,Towers with Radar,145,17,6,2,170,0,176,33,5,214,145,193,39,7,384,36,0,36,420
04/27/2016,OGG,HI,AWP,WE,Towers with Radar,142,18,5,0,165,0,154,16,0,170,142,172,21,0,335,20,0,20,355
04/28/2016,OGG,HI,AWP,WE,Towers with Radar,135,21,6,2,164,0,165,17,2,184,135,186,23,4,348,4,0,4,352
04/29/2016,OGG,HI,AWP,WE,Towers with Radar,142,13,11,7,173,0,120,19,1,140,142,133,30,8,313,30,0,30,343
04/30/2016,OGG,HI,AWP,WE,Towers with Radar,158,19,1,0,178,0,101,18,1,120,158,120,19,1,298,4,0,4,302
05/01/2016,OGG,HI,AWP,WE,Towers with Radar,151,8,6,1,166,0,111,14,0,125,151,119,20,1,291,14,0,14,305
05/02/2016,OGG,HI,AWP,WE,Towers with Radar,138,22,4,14,178,0,120,16,0,136,138,142,20,14,314,38,0,38,352
05/03/2016,OGG,HI,AWP,WE,Towers with Radar,136,14,5,14,169,0,148,22,1,171,136,162,27,15,340,16,0,16,356
05/04/2016,OGG,HI,AWP,WE,Towers with Radar,125,30,4,2,161,0,85,16,2,103,125,115,20,4,264,42,8,50,314
05/05/2016,OGG,HI,AWP,WE,Towers with Radar,140,12,8,6,166,0,171,26,4,201,140,183,34,10,367,6,0,6,373
05/06/2016,OGG,HI,AWP,WE,Towers with Radar,152,28,7,6,193,0,141,26,0,167,152,169,33,6,360,24,0,24,384
05/07/2016,OGG,HI,AWP,WE,Towers with Radar,152,47,6,0,205,0,28,9,0,37,152,75,15,0,242,66,0,66,308
05/08/2016,OGG,HI,AWP,WE,Towers with Radar,142,48,5,0,195,0,17,4,0,21,142,65,9,0,216,30,0,30,246
05/09/2016,OGG,HI,AWP,WE,Towers with Radar,136,66,8,4,214,0,67,5,0,72,136,133,13,4,286,0,0,0,286
05/10/2016,OGG,HI,AWP,WE,Towers with Radar,118,50,1,12,181,0,87,10,2,99,118,137,11,14,280,18,0,18,298
05/11/2016,OGG,HI,AWP,WE,Towers with Radar,127,39,4,8,178,0,126,25,0,151,127,165,29,8,329,52,0,52,381
05/12/2016,OGG,HI,AWP,WE,Towers with Radar,136,24,1,0,161,0,193,20,4,217,136,217,21,4,378,20,0,20,398
05/13/2016,OGG,HI,AWP,WE,Towers with Radar,145,34,1,4,184,0,163,17,4,184,145,197,18,8,368,64,0,64,432
05/14/2016,OGG,HI,AWP,WE,Towers with Radar,156,26,3,5,190,0,114,10,3,127,156,140,13,8,317,32,0,32,349
05/15/2016,OGG,HI,AWP,WE,Towers with Radar,131,10,4,2,147,0,144,32,1,177,131,154,36,3,324,28,0,28,352
05/16/2016,OGG,HI,AWP,WE,Towers with Radar,133,22,2,2,159,0,160,26,0,186,133,182,28,2,345,43,0,43,388
05/17/2016,OGG,HI,AWP,WE,Towers with Radar,127,24,3,4,158,0,162,24,1,187,127,186,27,5,345,46,0,46,391
05/18/2016,OGG,HI,AWP,WE,Towers with Radar,123,16,3,4,146,0,159,31,5,195,123,175,34,9,341,16,0,16,357
05/19/2016,OGG,HI,AWP,WE,Towers with Radar,137,27,6,14,184,0,190,31,11,232,137,217,37,25,416,24,0,24,440
05/20/2016,OGG,HI,AWP,WE,Towers with Radar,155,28,3,13,199,0,152,21,1,174,155,180,24,14,373,37,8,45,418
05/21/2016,OGG,HI,AWP,WE,Towers with Radar,137,19,1,0,157,0,124,28,0,152,137,143,29,0,309,14,0,14,323
05/22/2016,OGG,HI,AWP,WE,Towers with Radar,137,15,9,0,161,0,138,20,2,160,137,153,29,2,321,8,4,12,333
05/23/2016,OGG,HI,AWP,WE,Towers with Radar,132,23,3,2,160,0,177,23,0,200,132,200,26,2,360,28,0,28,388
05/24/2016,OGG,HI,AWP,WE,Towers with Radar,127,25,3,3,158,0,170,25,1,196,127,195,28,4,354,42,0,42,396
05/25/2016,OGG,HI,AWP,WE,Towers with Radar,133,40,11,6,190,0,123,15,0,138,133,163,26,6,328,38,0,38,366
05/26/2016,OGG,HI,AWP,WE,Towers with Radar,144,22,4,5,175,0,184,19,2,205,144,206,23,7,380,35,0,35,415
05/27/2016,OGG,HI,AWP,WE,Towers with Radar,150,21,2,0,173,0,218,31,0,249,150,239,33,0,422,28,0,28,450
05/28/2016,OGG,HI,AWP,WE,Towers with Radar,145,29,1,0,175,0,155,29,0,184,145,184,30,0,359,42,0,42,401
05/29/2016,OGG,HI,AWP,WE,Towers with Radar,142,16,8,3,169,0,162,18,1,181,142,178,26,4,350,38,0,38,388
05/30/2016,OGG,HI,AWP,WE,Towers with Radar,128,20,1,0,149,0,156,27,0,183,128,176,28,0,332,12,0,12,344
05/31/2016,OGG,HI,AWP,WE,Towers with Radar,146,42,4,5,197,0,74,10,2,86,146,116,14,7,283,10,0,10,293
06/01/2016,OGG,HI,AWP,WE,Towers with Radar,142,25,3,5,175,0,143,15,0,158,142,168,18,5,333,14,0,14,347
06/02/2016,OGG,HI,AWP,WE,Towers with Radar,147,27,2,12,188,0,177,7,2,186,147,204,9,14,374,12,6,18,392
06/03/2016,OGG,HI,AWP,WE,Towers with Radar,148,21,7,3,179,0,167,33,0,200,148,188,40,3,379,16,0,16,395
06/04/2016,OGG,HI,AWP,WE,Towers with Radar,148,27,7,3,185,0,120,17,5,142,148,147,24,8,327,0,4,4,331
06/05/2016,OGG,HI,AWP,WE,Towers with Radar,142,17,2,2,163,0,150,13,2,165,142,167,15,4,328,0,0,0,328
06/06/2016,OGG,HI,AWP,WE,Towers with Radar,146,39,1,18,204,0,155,18,0,173,146,194,19,18,377,18,0,18,395
06/07/2016,OGG,HI,AWP,WE,Towers with Radar,146,20,6,5,177,0,172,13,1,186,146,192,19,6,363,28,0,28,391
06/08/2016,OGG,HI,AWP,WE,Towers with Radar,151,19,11,4,185,0,215,23,0,238,151,234,34,4,423,16,0,16,439
06/09/2016,OGG,HI,AWP,WE,Towers with Radar,150,23,6,2,181,0,118,13,1,132,150,141,19,3,313,25,0,25,338
06/10/2016,OGG,HI,AWP,WE,Towers with Radar,159,18,0,9,186,0,196,18,4,218,159,214,18,13,404,36,0,36,440
06/11/2016,OGG,HI,AWP,WE,Towers with Radar,152,18,11,2,183,0,165,28,2,195,152,183,39,4,378,6,0,6,384
06/12/2016,OGG,HI,AWP,WE,Towers with Radar,154,16,7,0,177,0,169,4,0,173,154,185,11,0,350,20,0,20,370
06/13/2016,OGG,HI,AWP,WE,Towers with Radar,148,23,7,7,185,0,153,3,5,161,148,176,10,12,346,10,0,10,356
06/14/2016,OGG,HI,AWP,WE,Towers with Radar,141,30,6,6,183,0,153,6,3,162,141,183,12,9,345,14,12,26,371
06/15/2016,OGG,HI,AWP,WE,Towers with Radar,148,20,3,9,180,0,196,18,1,215,148,216,21,10,395,22,0,22,417
06/16/2016,OGG,HI,AWP,WE,Towers with Radar,141,19,8,5,173,0,226,29,9,264,141,245,37,14,437,8,0,8,445
06/17/2016,OGG,HI,AWP,WE,Towers with Radar,148,22,4,0,174,0,178,22,16,216,148,200,26,16,390,26,0,26,416
06/18/2016,OGG,HI,AWP,WE,Towers with Radar,149,21,4,0,174,0,151,12,0,163,149,172,16,0,337,2,0,2,339
06/19/2016,OGG,HI,AWP,WE,Towers with Radar,161,15,2,0,178,0,156,10,0,166,161,171,12,0,344,2,0,2,346
06/20/2016,OGG,HI,AWP,WE,Towers with Radar,143,24,5,2,174,0,181,16,0,197,143,205,21,2,371,38,2,40,411
06/21/2016,OGG,HI,AWP,WE,Towers with Radar,139,16,4,4,163,0,165,20,22,207,139,181,24,26,370,10,6,16,386
06/22/2016,OGG,HI,AWP,WE,Towers with Radar,143,16,2,11,172,0,187,14,4,205,143,203,16,15,377,26,14,40,417
06/23/2016,OGG,HI,AWP,WE,Towers with Radar,141,19,9,7,176,0,232,16,5,253,141,251,25,12,429,14,0,14,443
06/24/2016,OGG,HI,AWP,WE,Towers with Radar,142,23,8,0,173,0,174,27,0,201,142,197,35,0,374,16,0,16,390
06/25/2016,OGG,HI,AWP,WE,Towers with Radar,150,22,3,0,175,0,145,39,2,186,150,167,42,2,361,36,0,36,397
06/26/2016,OGG,HI,AWP,WE,Towers with Radar,148,16,2,0,166,0,145,25,0,170,148,161,27,0,336,0,0,0,336
06/27/2016,OGG,HI,AWP,WE,Towers with Radar,151,22,7,6,186,0,159,17,4,180,151,181,24,10,366,18,0,18,384
06/28/2016,OGG,HI,AWP,WE,Towers with Radar,154,16,9,4,183,0,196,19,0,215,154,212,28,4,398,4,0,4,402
06/29/2016,OGG,HI,AWP,WE,Towers with Radar,143,19,7,3,172,0,172,23,1,196,143,191,30,4,368,8,0,8,376
06/30/2016,OGG,HI,AWP,WE,Towers with Radar,145,25,3,0,173,0,185,23,2,210,145,210,26,2,383,18,0,18,401
07/01/2016,OGG,HI,AWP,WE,Towers with Radar,165,27,5,2,199,0,187,15,3,205,165,214,20,5,404,12,0,12,416
07/02/2016,OGG,HI,AWP,WE,Towers with Radar,133,28,4,0,165,0,169,17,3,189,133,197,21,3,354,20,0,20,374
07/03/2016,OGG,HI,AWP,WE,Towers with Radar,153,33,2,2,190,0,105,6,0,111,153,138,8,2,301,26,0,26,327
07/04/2016,OGG,HI,AWP,WE,Towers with Radar,147,23,1,0,171,0,165,22,0,187,147,188,23,0,358,2,0,2,360
07/05/2016,OGG,HI,AWP,WE,Towers with Radar,161,32,7,3,203,0,154,20,1,175,161,186,27,4,378,22,0,22,400
07/06/2016,OGG,HI,AWP,WE,Towers with Radar,150,17,5,1,173,0,202,22,1,225,150,219,27,2,398,62,0,62,460
07/07/2016,OGG,HI,AWP,WE,Towers with Radar,147,24,11,2,184,0,227,30,0,257,147,251,41,2,441,6,0,6,447
07/08/2016,OGG,HI,AWP,WE,Towers with Radar,144,14,3,1,162,0,186,31,2,219,144,200,34,3,381,44,0,44,425
07/09/2016,OGG,HI,AWP,WE,Towers with Radar,157,21,5,2,185,0,192,18,0,210,157,213,23,2,395,24,0,24,419
07/10/2016,OGG,HI,AWP,WE,Towers with Radar,161,19,6,7,193,0,168,24,1,193,161,187,30,8,386,60,3,63,449
07/11/2016,OGG,HI,AWP,WE,Towers with Radar,158,20,6,2,186,0,170,21,3,194,158,190,27,5,380,54,0,54,434
07/12/2016,OGG,HI,AWP,WE,Towers with Radar,151,25,4,9,189,0,170,20,1,191,151,195,24,10,380,10,6,16,396
07/13/2016,OGG,HI,AWP,WE,Towers with Radar,149,18,5,6,178,0,166,23,0,189,149,184,28,6,367,80,0,80,447
07/14/2016,OGG,HI,AWP,WE,Towers with Radar,144,18,6,2,170,0,174,21,5,200,144,192,27,7,370,22,0,22,392
07/15/2016,OGG,HI,AWP,WE,Towers with Radar,166,24,7,2,199,0,172,27,0,199,166,196,34,2,398,84,0,84,482
07/16/2016,OGG,HI,AWP,WE,Towers with Radar,157,34,5,2,198,0,53,6,2,61,157,87,11,4,259,54,7,61,320
07/17/2016,OGG,HI,AWP,WE,Towers with Radar,153,27,1,0,181,0,168,17,0,185,153,195,18,0,366,38,0,38,404
07/18/2016,OGG,HI,AWP,WE,Towers with Radar,148,18,0,4,170,0,213,19,0,232,148,231,19,4,402,2,0,2,404
07/19/2016,OGG,HI,AWP,WE,Towers with Radar,139,21,2,2,164,0,181,26,0,207,139,202,28,2,371,10,0,10,381
07/20/2016,OGG,HI,AWP,WE,Towers with Radar,145,21,3,1,170,0,211,27,0,238,145,232,30,1,408,36,0,36,444
07/21/2016,OGG,HI,AWP,WE,Towers with Radar,146,20,4,3,173,0,191,22,10,223,146,211,26,13,396,12,6,18,414
07/22/2016,OGG,HI,AWP,WE,Towers with Radar,152,20,5,2,179,0,211,16,1,228,152,231,21,3,407,12,0,12,419
07/23/2016,OGG,HI,AWP,WE,Towers with Radar,154,57,4,0,215,0,9,0,0,9,154,66,4,0,224,0,0,0,224
07/24/2016,OGG,HI,AWP,WE,Towers with Radar,152,44,4,0,200,0,26,1,0,27,152,70,5,0,227,22,0,22,249
07/25/2016,OGG,HI,AWP,WE,Towers with Radar,151,18,6,8,183,0,196,23,4,223,151,214,29,12,406,10,0,10,416
07/26/2016,OGG,HI,AWP,WE,Towers with Radar,144,19,4,7,174,0,203,17,2,222,144,222,21,9,396,69,0,69,465
07/27/2016,OGG,HI,AWP,WE,Towers with Radar,144,14,8,3,169,0,220,34,10,264,144,234,42,13,433,32,0,32,465
07/28/2016,OGG,HI,AWP,WE,Towers with Radar,149,19,4,4,176,0,196,15,7,218,149,215,19,11,394,12,0,12,406
07/29/2016,OGG,HI,AWP,WE,Towers with Radar,153,24,4,5,186,0,196,26,4,226,153,220,30,9,412,40,0,40,452
07/30/2016,OGG,HI,AWP,WE,Towers with Radar,148,19,4,0,171,0,174,20,1,195,148,193,24,1,366,12,0,12,378
07/31/2016,OGG,HI,AWP,WE,Towers with Radar,157,34,7,0,198,0,60,15,4,79,157,94,22,4,277,10,0,10,287
08/01/2016,OGG,HI,AWP,WE,Towers with Radar,144,25,5,5,179,0,199,21,1,221,144,224,26,6,400,24,0,24,424
08/02/2016,OGG,HI,AWP,WE,Towers with Radar,144,25,5,2,176,0,174,15,2,191,144,199,20,4,367,32,0,32,399
08/03/2016,OGG,HI,AWP,WE,Towers with Radar,148,16,4,6,174,0,201,16,0,217,148,217,20,6,391,12,0,12,403
08/04/2016,OGG,HI,AWP,WE,Towers with Radar,153,25,3,0,181,0,176,21,2,199,153,201,24,2,380,14,0,14,394
08/05/2016,OGG,HI,AWP,WE,Towers with Radar,162,19,4,1,186,0,206,18,5,229,162,225,22,6,415,36,6,42,457
08/06/2016,OGG,HI,AWP,WE,Towers with Radar,151,27,12,2,192,0,116,26,0,142,151,143,38,2,334,30,0,30,364
08/07/2016,OGG,HI,AWP,WE,Towers with Radar,142,24,10,2,178,0,151,11,0,162,142,175,21,2,340,10,0,10,350
08/08/2016,OGG,HI,AWP,WE,Towers with Radar,152,23,8,4,187,0,172,24,0,196,152,195,32,4,383,20,0,20,403
08/09/2016,OGG,HI,AWP,WE,Towers with Radar,140,21,7,4,172,0,197,17,4,218,140,218,24,8,390,18,0,18,408
08/10/2016,OGG,HI,AWP,WE,Towers with Radar,144,16,8,0,168,0,197,30,1,228,144,213,38,1,396,36,0,36,432
08/11/2016,OGG,HI,AWP,WE,Towers with Radar,141,19,3,8,171,0,189,23,4,216,141,208,26,12,387,26,0,26,413
08/12/2016,OGG,HI,AWP,WE,Towers with Radar,159,24,5,1,189,0,173,28,8,209,159,197,33,9,398,22,0,22,420
08/13/2016,OGG,HI,AWP,WE,Towers with Radar,141,34,10,0,185,0,135,18,6,159,141,169,28,6,344,20,0,20,364
08/14/2016,OGG,HI,AWP,WE,Towers with Radar,158,23,5,0,186,0,176,19,0,195,158,199,24,0,381,4,0,4,385
08/15/2016,OGG,HI,AWP,WE,Towers with Radar,151,19,6,4,180,0,160,7,0,167,151,179,13,4,347,2,0,2,349
08/16/2016,OGG,HI,AWP,WE,Towers with Radar,141,25,12,6,184,0,161,12,2,175,141,186,24,8,359,20,0,20,379
08/17/2016,OGG,HI,AWP,WE,Towers with Radar,133,22,3,7,165,0,194,17,3,214,133,216,20,10,379,28,0,28,407
08/18/2016,OGG,HI,AWP,WE,Towers with Radar,144,29,5,2,180,0,147,16,4,167,144,176,21,6,347,7,0,7,354
08/19/2016,OGG,HI,AWP,WE,Towers with Radar,161,22,4,0,187,0,190,39,0,229,161,212,43,0,416,16,0,16,432
08/20/2016,OGG,HI,AWP,WE,Towers with Radar,147,22,3,0,172,0,125,12,0,137,147,147,15,0,309,30,0,30,339
08/21/2016,OGG,HI,AWP,WE,Towers with Radar,165,21,5,0,191,0,124,17,0,141,165,145,22,0,332,4,0,4,336
08/22/2016,OGG,HI,AWP,WE,Towers with Radar,149,43,7,4,203,0,60,11,0,71,149,103,18,4,274,86,0,86,360
08/23/2016,OGG,HI,AWP,WE,Towers with Radar,144,23,1,9,177,0,189,13,1,203,144,212,14,10,380,56,0,56,436
08/24/2016,OGG,HI,AWP,WE,Towers with Radar,133,24,4,8,169,0,182,22,0,204,133,206,26,8,373,22,0,22,395
08/25/2016,OGG,HI,AWP,WE,Towers with Radar,136,27,2,2,167,0,179,20,0,199,136,206,22,2,366,24,2,26,392
08/26/2016,OGG,HI,AWP,WE,Towers with Radar,152,32,6,0,190,0,158,23,7,188,152,190,29,7,378,38,0,38,416
08/27/2016,OGG,HI,AWP,WE,Towers with Radar,153,38,4,0,195,0,122,22,2,146,153,160,26,2,341,28,0,28,369
08/28/2016,OGG,HI,AWP,WE,Towers with Radar,159,32,6,0,197,0,124,13,0,137,159,156,19,0,334,32,0,32,366
08/29/2016,OGG,HI,AWP,WE,Towers with Radar,137,23,1,2,163,0,162,18,2,182,137,185,19,4,345,20,0,20,365
08/30/2016,OGG,HI,AWP,WE,Towers with Radar,127,38,3,2,170,0,60,17,0,77,127,98,20,2,247,28,10,38,285
08/31/2016,OGG,HI,AWP,WE,Towers with Radar,152,31,3,6,192,0,82,8,0,90,152,113,11,6,282,8,0,8,290
09/01/2016,OGG,HI,AWP,WE,Towers with Radar,139,18,5,3,165,0,126,9,1,136,139,144,14,4,301,14,0,14,315
09/02/2016,OGG,HI,AWP,WE,Towers with Radar,143,24,2,0,169,0,148,10,0,158,143,172,12,0,327,2,0,2,329
09/03/2016,OGG,HI,AWP,WE,Towers with Radar,144,31,2,0,177,0,62,2,0,64,144,93,4,0,241,14,0,14,255
09/04/2016,OGG,HI,AWP,WE,Towers with Radar,141,28,3,0,172,0,102,15,0,117,141,130,18,0,289,34,0,34,323
09/05/2016,OGG,HI,AWP,WE,Towers with Radar,123,18,2,2,145,0,148,20,0,168,123,166,22,2,313,4,0,4,317
09/06/2016,OGG,HI,AWP,WE,Towers with Radar,133,11,2,4,150,0,153,26,0,179,133,164,28,4,329,14,0,14,343
09/07/2016,OGG,HI,AWP,WE,Towers with Radar,124,13,2,5,144,0,177,29,1,207,124,190,31,6,351,46,0,46,397
09/08/2016,OGG,HI,AWP,WE,Towers with Radar,130,20,5,2,157,0,179,24,4,207,130,199,29,6,364,74,0,74,438
09/09/2016,OGG,HI,AWP,WE,Towers with Radar,133,18,1,4,156,0,138,20,0,158,133,156,21,4,314,50,0,50,364
09/10/2016,OGG,HI,AWP,WE,Towers with Radar,152,15,4,2,173,0,138,25,2,165,152,153,29,4,338,26,0,26,364
09/11/2016,OGG,HI,AWP,WE,Towers with Radar,145,18,3,10,176,0,110,20,1,131,145,128,23,11,307,36,0,36,343
09/12/2016,OGG,HI,AWP,WE,Towers with Radar,118,36,5,2,161,0,132,9,2,143,118,168,14,4,304,8,0,8,312
09/13/2016,OGG,HI,AWP,WE,Towers with Radar,114,36,8,3,161,0,103,9,2,114,114,139,17,5,275,14,0,14,289
09/14/2016,OGG,HI,AWP,WE,Towers with Radar,130,38,3,2,173,0,57,8,3,68,130,95,11,5,241,6,0,6,247
09/15/2016,OGG,HI,AWP,WE,Towers with Radar,122,26,2,6,156,0,161,17,1,179,122,187,19,7,335,26,0,26,361
09/16/2016,OGG,HI,AWP,WE,Towers with Radar,138,25,6,0,169,0,152,21,0,173,138,177,27,0,342,16,0,16,358
09/17/2016,OGG,HI,AWP,WE,Towers with Radar,140,25,7,2,174,0,169,17,5,191,140,194,24,7,365,6,0,6,371
09/18/2016,OGG,HI,AWP,WE,Towers with Radar,132,17,6,0,155,0,155,22,0,177,132,172,28,0,332,0,0,0,332
09/19/2016,OGG,HI,AWP,WE,Towers with Radar,132,14,5,0,151,0,189,16,3,208,132,203,21,3,359,18,0,18,377
09/20/2016,OGG,HI,AWP,WE,Towers with Radar,119,30,6,4,159,0,172,21,2,195,119,202,27,6,354,48,0,48,402
09/21/2016,OGG,HI,AWP,WE,Towers with Radar,133,18,0,5,156,0,163,24,3,190,133,181,24,8,346,38,0,38,384
09/22/2016,OGG,HI,AWP,WE,Towers with Radar,132,13,6,6,157,0,206,15,8,229,132,219,21,14,386,8,0,8,394
09/23/2016,OGG,HI,AWP,WE,Towers with Radar,130,17,5,0,152,0,182,29,0,211,130,199,34,0,363,22,0,22,385
09/24/2016,OGG,HI,AWP,WE,Towers with Radar,139,17,7,0,163,0,151,8,1,160,139,168,15,1,323,16,0,16,339
09/25/2016,OGG,HI,AWP,WE,Towers with Radar,134,22,7,0,163,0,151,26,1,178,134,173,33,1,341,16,0,16,357
09/26/2016,OGG,HI,AWP,WE,Towers with Radar,136,17,4,10,167,0,150,19,5,174,136,167,23,15,341,2,0,2,343
09/27/2016,OGG,HI,AWP,WE,Towers with Radar,126,17,8,4,155,0,154,12,8,174,126,171,20,12,329,6,0,6,335
09/28/2016,OGG,HI,AWP,WE,Towers with Radar,130,17,9,7,163,0,190,18,1,209,130,207,27,8,372,30,0,30,402
09/29/2016,OGG,HI,AWP,WE,Towers with Radar,133,15,6,9,163,0,201,33,5,239,133,216,39,14,402,30,0,30,432
09/30/2016,OGG,HI,AWP,WE,Towers with Radar,121,23,4,0,148,0,157,23,1,181,121,180,27,1,329,10,0,10,339
10/01/2016,OGG,HI,AWP,WE,Towers with Radar,129,17,6,2,154,0,126,13,0,139,129,143,19,2,293,8,0,8,301
10/02/2016,OGG,HI,AWP,WE,Towers with Radar,127,15,6,6,154,0,96,18,0,114,127,111,24,6,268,16,0,16,284
10/03/2016,OGG,HI,AWP,WE,Towers with Radar,140,16,3,3,162,0,112,13,1,126,140,128,16,4,288,10,0,10,298
10/04/2016,OGG,HI,AWP,WE,Towers with Radar,129,15,1,1,146,0,121,18,3,142,129,136,19,4,288,33,0,33,321
10/05/2016,OGG,HI,AWP,WE,Towers with Radar,127,13,2,0,142,0,149,15,1,165,127,162,17,1,307,12,0,12,319
10/06/2016,OGG,HI,AWP,WE,Towers with Radar,124,19,10,4,157,0,164,22,0,186,124,183,32,4,343,26,0,26,369
10/07/2016,OGG,HI,AWP,WE,Towers with Radar,141,20,1,0,162,0,168,24,2,194,141,188,25,2,356,8,0,8,364
10/08/2016,OGG,HI,AWP,WE,Towers with Radar,142,19,5,0,166,0,158,19,5,182,142,177,24,5,348,10,0,10,358
10/09/2016,OGG,HI,AWP,WE,Towers with Radar,133,15,3,0,151,0,151,31,0,182,133,166,34,0,333,14,0,14,347
10/10/2016,OGG,HI,AWP,WE,Towers with Radar,133,19,7,0,159,0,180,22,2,204,133,199,29,2,363,32,0,32,395
10/11/2016,OGG,HI,AWP,WE,Towers with Radar,118,17,4,2,141,2,160,27,5,194,120,177,31,7,335,14,0,14,349
10/12/2016,OGG,HI,AWP,WE,Towers with Radar,139,17,2,2,160,0,192,11,2,205,139,209,13,4,365,26,0,26,391
10/13/2016,OGG,HI,AWP,WE,Towers with Radar,130,23,8,0,161,0,179,16,0,195,130,202,24,0,356,16,0,16,372
10/14/2016,OGG,HI,AWP,WE,Towers with Radar,130,18,4,4,156,0,169,14,4,187,130,187,18,8,343,14,0,14,357
10/15/2016,OGG,HI,AWP,WE,Towers with Radar,143,27,5,4,179,0,160,19,11,190,143,187,24,15,369,2,0,2,371
10/16/2016,OGG,HI,AWP,WE,Towers with Radar,132,26,2,0,160,0,150,21,2,173,132,176,23,2,333,30,0,30,363
10/17/2016,OGG,HI,AWP,WE,Towers with Radar,129,24,7,5,165,0,182,18,2,202,129,206,25,7,367,6,0,6,373
10/18/2016,OGG,HI,AWP,WE,Towers with Radar,125,27,5,4,161,0,129,11,5,145,125,156,16,9,306,50,0,50,356
10/19/2016,OGG,HI,AWP,WE,Towers with Radar,126,21,4,8,159,0,166,17,2,185,126,187,21,10,344,16,0,16,360
10/20/2016,OGG,HI,AWP,WE,Towers with Radar,121,12,6,6,145,0,207,22,1,230,121,219,28,7,375,8,0,8,383
10/21/2016,OGG,HI,AWP,WE,Towers with Radar,132,32,3,0,167,0,145,23,0,168,132,177,26,0,335,30,0,30,365
10/22/2016,OGG,HI,AWP,WE,Towers with Radar,138,14,4,0,156,0,147,20,1,168,138,161,24,1,324,16,0,16,340
10/23/2016,OGG,HI,AWP,WE,Towers with Radar,125,19,3,3,150,0,131,33,2,166,125,150,36,5,316,22,0,22,338
10/24/2016,OGG,HI,AWP,WE,Towers with Radar,138,27,17,4,186,0,123,19,0,142,138,150,36,4,328,28,0,28,356
10/25/2016,OGG,HI,AWP,WE,Towers with Radar,119,19,3,2,143,0,171,24,0,195,119,190,27,2,338,44,0,44,382
10/26/2016,OGG,HI,AWP,WE,Towers with Radar,133,28,13,4,178,0,143,13,0,156,133,171,26,4,334,22,0,22,356
10/27/2016,OGG,HI,AWP,WE,Towers with Radar,126,20,10,4,160,0,181,19,0,200,126,201,29,4,360,0,0,0,360
10/28/2016,OGG,HI,AWP,WE,Towers with Radar,133,19,6,0,158,0,162,24,2,188,133,181,30,2,346,64,0,64,410
10/29/2016,OGG,HI,AWP,WE,Towers with Radar,152,31,6,0,189,0,111,14,2,127,152,142,20,2,316,16,0,16,332
10/30/2016,OGG,HI,AWP,WE,Towers with Radar,136,23,7,0,166,0,118,25,2,145,136,141,32,2,311,42,0,42,353
10/31/2016,OGG,HI,AWP,WE,Towers with Radar,130,19,3,0,152,0,108,17,0,125,130,127,20,0,277,26,0,26,303
11/01/2016,OGG,HI,AWP,WE,Towers with Radar,122,20,2,4,148,0,101,14,4,119,122,121,16,8,267,14,0,14,281
11/02/2016,OGG,HI,AWP,WE,Towers with Radar,138,23,9,0,170,0,167,26,0,193,138,190,35,0,363,80,0,80,443
11/03/2016,OGG,HI,AWP,WE,Towers with Radar,143,17,15,2,177,0,180,16,0,196,143,197,31,2,373,24,0,24,397
11/04/2016,OGG,HI,AWP,WE,Towers with Radar,108,10,5,4,127,0,172,30,3,205,108,182,35,7,332,128,0,128,460
11/05/2016,OGG,HI,AWP,WE,Towers with Radar,144,16,4,2,166,0,146,8,1,155,144,162,12,3,321,56,0,56,377
11/06/2016,OGG,HI,AWP,WE,Towers with Radar,136,17,8,2,163,0,124,19,0,143,136,141,27,2,306,28,0,28,334
11/07/2016,OGG,HI,AWP,WE,Towers with Radar,145,33,6,5,189,0,118,23,1,142,145,151,29,6,331,8,0,8,339
11/08/2016,OGG,HI,AWP,WE,Towers with Radar,136,22,2,6,166,0,110,23,10,143,136,132,25,16,309,37,0,37,346
11/09/2016,OGG,HI,AWP,WE,Towers with Radar,140,19,4,6,169,0,135,28,5,168,140,154,32,11,337,104,0,104,441
11/10/2016,OGG,HI,AWP,WE,Towers with Radar,141,22,8,0,171,0,168,29,1,198,141,190,37,1,369,62,0,62,431
11/11/2016,OGG,HI,AWP,WE,Towers with Radar,157,17,4,0,178,0,164,32,1,197,157,181,36,1,375,32,0,32,407
11/12/2016,OGG,HI,AWP,WE,Towers with Radar,146,25,3,0,174,0,145,33,0,178,146,170,36,0,352,12,0,12,364
11/13/2016,OGG,HI,AWP,WE,Towers with Radar,134,17,5,0,156,0,126,21,0,147,134,143,26,0,303,18,0,18,321
11/14/2016,OGG,HI,AWP,WE,Towers with Radar,140,18,4,0,162,0,146,18,0,164,140,164,22,0,326,16,0,16,342
11/15/2016,OGG,HI,AWP,WE,Towers with Radar,126,30,3,3,162,0,139,22,2,163,126,169,25,5,325,40,0,40,365
11/16/2016,OGG,HI,AWP,WE,Towers with Radar,141,25,0,8,174,0,172,23,2,197,141,197,23,10,371,30,0,30,401
11/17/2016,OGG,HI,AWP,WE,Towers with Radar,149,19,5,4,177,0,163,25,0,188,149,182,30,4,365,62,0,62,427
11/18/2016,OGG,HI,AWP,WE,Towers with Radar,150,37,4,5,196,0,144,32,0,176,150,181,36,5,372,28,0,28,400
11/19/2016,OGG,HI,AWP,WE,Towers with Radar,145,30,19,1,195,0,101,11,0,112,145,131,30,1,307,8,0,8,315
11/20/2016,OGG,HI,AWP,WE,Towers with Radar,136,31,12,0,179,0,123,24,0,147,136,154,36,0,326,20,0,20,346
11/21/2016,OGG,HI,AWP,WE,Towers with Radar,138,30,15,7,190,0,65,19,0,84,138,95,34,7,274,30,0,30,304
11/22/2016,OGG,HI,AWP,WE,Towers with Radar,140,21,6,13,180,0,184,23,1,208,140,205,29,14,388,16,0,16,404
11/23/2016,OGG,HI,AWP,WE,Towers with Radar,142,24,11,4,181,0,206,21,0,227,142,230,32,4,408,14,0,14,422
11/24/2016,OGG,HI,AWP,WE,Towers with Radar,136,34,2,0,172,0,138,5,0,143,136,172,7,0,315,34,0,34,349
11/25/2016,OGG,HI,AWP,WE,Towers with Radar,144,28,7,0,179,0,154,23,0,177,144,182,30,0,356,28,0,28,384
11/26/2016,OGG,HI,AWP,WE,Towers with Radar,154,25,14,0,193,0,139,21,0,160,154,164,35,0,353,22,0,22,375
11/27/2016,OGG,HI,AWP,WE,Towers with Radar,132,31,20,0,183,0,139,21,0,160,132,170,41,0,343,20,0,20,363
11/28/2016,OGG,HI,AWP,WE,Towers with Radar,152,24,6,8,190,0,167,19,0,186,152,191,25,8,376,20,0,20,396
11/29/2016,OGG,HI,AWP,WE,Towers with Radar,133,27,3,0,163,0,117,22,1,140,133,144,25,1,303,42,0,42,345
11/30/2016,OGG,HI,AWP,WE,Towers with Radar,137,21,3,7,168,0,120,12,1,133,137,141,15,8,301,94,0,94,395
12/01/2016,OGG,HI,AWP,WE,Towers with Radar,148,49,4,7,208,0,37,4,3,44,148,86,8,10,252,26,6,32,284
12/02/2016,OGG,HI,AWP,WE,Towers with Radar,123,28,6,0,157,0,123,30,2,155,123,151,36,2,312,54,2,56,368
12/03/2016,OGG,HI,AWP,WE,Towers with Radar,136,21,5,3,165,0,123,21,0,144,136,144,26,3,309,30,0,30,339
12/04/2016,OGG,HI,AWP,WE,Towers with Radar,125,30,3,2,160,0,79,13,0,92,125,109,16,2,252,36,0,36,288
12/05/2016,OGG,HI,AWP,WE,Towers with Radar,138,28,4,4,174,0,116,19,0,135,138,144,23,4,309,36,0,36,345
12/06/2016,OGG,HI,AWP,WE,Towers with Radar,122,21,7,0,150,0,151,26,0,177,122,172,33,0,327,30,0,30,357
12/07/2016,OGG,HI,AWP,WE,Towers with Radar,141,18,9,3,171,0,146,22,1,169,141,164,31,4,340,26,0,26,366
12/08/2016,OGG,HI,AWP,WE,Towers with Radar,140,54,2,0,196,0,45,8,3,56,140,99,10,3,252,20,0,20,272
12/09/2016,OGG,HI,AWP,WE,Towers with Radar,137,51,3,4,195,0,86,18,1,105,137,137,21,5,300,38,0,38,338
12/10/2016,OGG,HI,AWP,WE,Towers with Radar,140,63,4,0,207,0,16,1,0,17,140,79,5,0,224,0,0,0,224
12/11/2016,OGG,HI,AWP,WE,Towers with Radar,126,31,4,0,161,0,106,23,0,129,126,137,27,0,290,2,0,2,292
12/12/2016,OGG,HI,AWP,WE,Towers with Radar,138,21,2,4,165,0,131,20,0,151,138,152,22,4,316,21,0,21,337
12/13/2016,OGG,HI,AWP,WE,Towers with Radar,128,22,3,6,159,0,164,26,2,192,128,186,29,8,351,16,0,16,367
12/14/2016,OGG,HI,AWP,WE,Towers with Radar,131,25,8,1,165,0,176,30,0,206,131,201,38,1,371,37,0,37,408
12/15/2016,OGG,HI,AWP,WE,Towers with Radar,139,36,10,6,191,0,99,13,1,113,139,135,23,7,304,6,0,6,310
12/16/2016,OGG,HI,AWP,WE,Towers with Radar,151,28,9,2,190,0,111,21,3,135,151,139,30,5,325,38,0,38,363
12/17/2016,OGG,HI,AWP,WE,Towers with Radar,140,27,15,1,183,0,134,14,5,153,140,161,29,6,336,12,0,12,348
12/18/2016,OGG,HI,AWP,WE,Towers with Radar,155,34,12,0,201,0,96,12,6,114,155,130,24,6,315,8,0,8,323
12/19/2016,OGG,HI,AWP,WE,Towers with Radar,146,22,10,16,194,0,153,28,1,182,146,175,38,17,376,40,11,51,427
12/20/2016,OGG,HI,AWP,WE,Towers with Radar,159,27,19,5,210,0,162,21,0,183,159,189,40,5,393,32,0,32,425
12/21/2016,OGG,HI,AWP,WE,Towers with Radar,156,22,11,6,195,0,187,22,4,213,156,209,33,10,408,10,4,14,422
12/22/2016,OGG,HI,AWP,WE,Towers with Radar,152,27,18,2,199,0,191,22,2,215,152,218,40,4,414,26,0,26,440
12/23/2016,OGG,HI,AWP,WE,Towers with Radar,161,22,16,1,200,0,222,29,0,251,161,244,45,1,451,18,0,18,469
12/24/2016,OGG,HI,AWP,WE,Towers with Radar,157,29,9,0,195,0,180,25,0,205,157,209,34,0,400,34,0,34,434
12/25/2016,OGG,HI,AWP,WE,Towers with Radar,156,18,7,0,181,0,161,12,0,173,156,179,19,0,354,2,0,2,356
12/26/2016,OGG,HI,AWP,WE,Towers with Radar,149,30,29,0,208,0,198,24,0,222,149,228,53,0,430,6,0,6,436
12/27/2016,OGG,HI,AWP,WE,Towers with Radar,174,15,26,0,215,0,235,22,1,258,174,250,48,1,473,6,0,6,479
12/28/2016,OGG,HI,AWP,WE,Towers with Radar,161,23,16,0,200,0,246,29,3,278,161,269,45,3,478,40,0,40,518
12/29/2016,OGG,HI,AWP,WE,Towers with Radar,156,27,13,7,203,0,295,19,6,320,156,322,32,13,523,14,0,14,537
12/30/2016,OGG,HI,AWP,WE,Towers with Radar,168,69,16,0,253,0,19,15,0,34,168,88,31,0,287,34,0,34,321
12/31/2016,OGG,HI,AWP,WE,Towers with Radar,138,72,13,0,223,0,18,0,0,18,138,90,13,0,241,0,0,0,241
01/01/2017,OGG,HI,AWP,WE,Towers with Radar,158,53,24,0,235,0,68,9,0,77,158,121,33,0,312,8,0,8,320
01/02/2017,OGG,HI,AWP,WE,Towers with Radar,155,37,28,0,220,0,244,35,0,279,155,281,63,0,499,8,0,8,507
01/03/2017,OGG,HI,AWP,WE,Towers with Radar,154,18,13,5,190,0,230,21,1,252,154,248,34,6,442,30,0,30,472
01/04/2017,OGG,HI,AWP,WE,Towers with Radar,162,18,10,5,195,0,197,28,4,229,162,215,38,9,424,28,0,28,452
01/05/2017,OGG,HI,AWP,WE,Towers with Radar,153,26,11,2,192,0,221,32,0,253,153,247,43,2,445,6,0,6,451
01/06/2017,OGG,HI,AWP,WE,Towers with Radar,148,26,10,2,186,0,200,34,4,238,148,226,44,6,424,46,0,46,470
01/07/2017,OGG,HI,AWP,WE,Towers with Radar,136,24,9,0,169,0,158,33,7,198,136,182,42,7,367,54,0,54,421
01/08/2017,OGG,HI,AWP,WE,Towers with Radar,151,16,17,2,186,0,132,25,8,165,151,148,42,10,351,6,0,6,357
01/09/2017,OGG,HI,AWP,WE,Towers with Radar,146,28,8,4,186,0,155,24,0,179,146,183,32,4,365,12,0,12,377
01/10/2017,OGG,HI,AWP,WE,Towers with Radar,137,15,6,3,161,0,144,24,4,172,137,159,30,7,333,18,0,18,351
01/11/2017,OGG,HI,AWP,WE,Towers with Radar,141,29,10,0,180,0,158,19,3,180,141,187,29,3,360,12,0,12,372
01/12/2017,OGG,HI,AWP,WE,Towers with Radar,150,19,7,2,178,0,196,23,2,221,150,215,30,4,399,38,0,38,437
01/13/2017,OGG,HI,AWP,WE,Towers with Radar,144,25,9,0,178,0,174,36,4,214,144,199,45,4,392,20,0,20,412
01/14/2017,OGG,HI,AWP,WE,Towers with Radar,154,21,10,3,188,0,153,32,4,189,154,174,42,7,377,14,0,14,391
01/15/2017,OGG,HI,AWP,WE,Towers with Radar,145,14,6,4,169,0,120,25,2,147,145,134,31,6,316,22,0,22,338
01/16/2017,OGG,HI,AWP,WE,Towers with Radar,152,18,5,1,176,0,183,25,1,209,152,201,30,2,385,9,0,9,394
01/17/2017,OGG,HI,AWP,WE,Towers with Radar,151,18,5,5,179,0,190,35,1,226,151,208,40,6,405,10,0,10,415
01/18/2017,OGG,HI,AWP,WE,Towers with Radar,145,15,8,7,175,0,163,31,0,194,145,178,39,7,369,32,4,36,405
01/19/2017,OGG,HI,AWP,WE,Towers with Radar,141,17,9,20,187,0,178,24,4,206,141,195,33,24,393,36,0,36,429
01/20/2017,OGG,HI,AWP,WE,Towers with Radar,149,37,1,0,187,0,136,17,2,155,149,173,18,2,342,58,0,58,400
01/21/2017,OGG,HI,AWP,WE,Towers with Radar,160,26,9,0,195,0,106,10,0,116,160,132,19,0,311,22,0,22,333
01/22/2017,OGG,HI,AWP,WE,Towers with Radar,141,17,5,0,163,0,103,4,4,111,141,120,9,4,274,8,0,8,282
01/23/2017,OGG,HI,AWP,WE,Towers with Radar,147,17,1,2,167,0,180,24,2,206,147,197,25,4,373,22,0,22,395
01/24/2017,OGG,HI,AWP,WE,Towers with Radar,143,33,5,15,196,0,132,21,5,158,143,165,26,20,354,30,0,30,384
01/25/2017,OGG,HI,AWP,WE,Towers with Radar,143,16,6,5,170,0,165,25,7,197,143,181,31,12,367,14,0,14,381
01/26/2017,OGG,HI,AWP,WE,Towers with Radar,129,12,5,2,148,0,191,28,5,224,129,203,33,7,372,34,0,34,406
01/27/2017,OGG,HI,AWP,WE,Towers with Radar,149,18,4,4,175,0,200,31,4,235,149,218,35,8,410,48,0,48,458
01/28/2017,OGG,HI,AWP,WE,Towers with Radar,152,9,4,2,167,0,125,30,3,158,152,134,34,5,325,2,0,2,327
01/29/2017,OGG,HI,AWP,WE,Towers with Radar,142,37,4,4,187,0,41,4,2,47,142,78,8,6,234,14,0,14,248
01/30/2017,OGG,HI,AWP,WE,Towers with Radar,140,21,4,6,171,0,173,22,0,195,140,194,26,6,366,12,0,12,378
01/31/2017,OGG,HI,AWP,WE,Towers with Radar,145,15,5,3,168,0,158,21,2,181,145,173,26,5,349,38,0,38,387
02/01/2017,OGG,HI,AWP,WE,Towers with Radar,152,20,4,2,178,0,168,23,2,193,152,188,27,4,371,4,0,4,375
02/02/2017,OGG,HI,AWP,WE,Towers with Radar,152,23,5,8,188,0,205,26,3,234,152,228,31,11,422,16,0,16,438
02/03/2017,OGG,HI,AWP,WE,Towers with Radar,157,22,3,3,185,0,201,28,5,234,157,223,31,8,419,28,0,28,447
02/04/2017,OGG,HI,AWP,WE,Towers with Radar,157,19,7,0,183,0,184,20,2,206,157,203,27,2,389,58,0,58,447
02/05/2017,OGG,HI,AWP,WE,Towers with Radar,147,15,5,2,169,0,110,16,0,126,147,125,21,2,295,4,0,4,299
02/06/2017,OGG,HI,AWP,WE,Towers with Radar,145,38,3,3,189,0,57,7,0,64,145,95,10,3,253,18,0,18,271
02/07/2017,OGG,HI,AWP,WE,Towers with Radar,144,19,9,10,182,0,183,12,5,200,144,202,21,15,382,42,0,42,424
02/08/2017,OGG,HI,AWP,WE,Towers with Radar,147,16,6,0,169,0,213,32,2,247,147,229,38,2,416,42,0,42,458
02/09/2017,OGG,HI,AWP,WE,Towers with Radar,151,15,6,2,174,0,214,26,0,240,151,229,32,2,414,30,0,30,444
02/10/2017,OGG,HI,AWP,WE,Towers with Radar,155,27,6,3,191,0,148,23,2,173,155,175,29,5,364,88,0,88,452
02/11/2017,OGG,HI,AWP,WE,Towers with Radar,148,55,4,3,210,0,32,6,0,38,148,87,10,3,248,30,0,30,278
02/12/2017,OGG,HI,AWP,WE,Towers with Radar,154,30,4,5,193,0,109,16,6,131,154,139,20,11,324,18,0,18,342
02/13/2017,OGG,HI,AWP,WE,Towers with Radar,162,21,5,6,194,0,207,29,0,236,162,228,34,6,430,12,0,12,442
02/14/2017,OGG,HI,AWP,WE,Towers with Radar,132,15,3,5,155,0,206,13,0,219,132,221,16,5,374,30,0,30,404
02/15/2017,OGG,HI,AWP,WE,Towers with Radar,134,26,10,3,173,0,156,14,2,172,134,182,24,5,345,54,0,54,399
02/16/2017,OGG,HI,AWP,WE,Towers with Radar,150,42,7,4,203,0,142,24,2,168,150,184,31,6,371,36,0,36,407
02/17/2017,OGG,HI,AWP,WE,Towers with Radar,172,30,11,0,213,0,170,39,0,209,172,200,50,0,422,24,0,24,446
02/18/2017,OGG,HI,AWP,WE,Towers with Radar,153,24,8,2,187,0,161,20,4,185,153,185,28,6,372,20,0,20,392
02/19/2017,OGG,HI,AWP,WE,Towers with Radar,157,30,3,0,190,0,118,10,0,128,157,148,13,0,318,6,0,6,324
02/20/2017,OGG,HI,AWP,WE,Towers with Radar,148,29,10,4,191,0,184,25,2,211,148,213,35,6,402,26,0,26,428
02/21/2017,OGG,HI,AWP,WE,Towers with Radar,149,19,8,0,176,0,166,16,0,182,149,185,24,0,358,16,0,16,374
02/22/2017,OGG,HI,AWP,WE,Towers with Radar,157,19,11,4,191,0,207,21,1,229,157,226,32,5,420,26,0,26,446
02/23/2017,OGG,HI,AWP,WE,Towers with Radar,156,23,3,5,187,0,180,24,5,209,156,203,27,10,396,16,0,16,412
02/24/2017,OGG,HI,AWP,WE,Towers with Radar,166,20,8,1,195,0,179,32,3,214,166,199,40,4,409,50,0,50,459
02/25/2017,OGG,HI,AWP,WE,Towers with Radar,157,14,9,0,180,0,157,24,9,190,157,171,33,9,370,16,0,16,386
02/26/2017,OGG,HI,AWP,WE,Towers with Radar,165,21,14,0,200,0,152,19,6,177,165,173,33,6,377,2,0,2,379
02/27/2017,OGG,HI,AWP,WE,Towers with Radar,158,13,4,2,177,0,152,29,10,191,158,165,33,12,368,50,0,50,418
02/28/2017,OGG,HI,AWP,WE,Towers with Radar,149,26,3,6,184,0,119,11,0,130,149,145,14,6,314,14,0,14,328
03/01/2017,OGG,HI,AWP,WE,Towers with Radar,152,55,4,2,213,0,57,4,2,63,152,112,8,4,276,6,0,6,282
03/02/2017,OGG,HI,AWP,WE,Towers with Radar,160,17,5,9,191,0,162,27,2,191,160,179,32,11,382,82,0,82,464
03/03/2017,OGG,HI,AWP,WE,Towers with Radar,164,24,6,2,196,0,194,38,0,232,164,218,44,2,428,32,0,32,460
03/04/2017,OGG,HI,AWP,WE,Towers with Radar,165,23,8,6,202,0,174,16,2,192,165,197,24,8,394,10,0,10,404
03/05/2017,OGG,HI,AWP,WE,Towers with Radar,171,19,5,0,195,0,135,7,0,142,171,154,12,0,337,34,0,34,371
03/06/2017,OGG,HI,AWP,WE,Towers with Radar,168,24,6,3,201,0,190,21,1,212,168,214,27,4,413,34,0,34,447
03/07/2017,OGG,HI,AWP,WE,Towers with Radar,126,34,8,6,174,0,142,18,0,160,126,176,26,6,334,4,0,4,338
03/08/2017,OGG,HI,AWP,WE,Towers with Radar,154,47,5,6,212,0,110,7,1,118,154,157,12,7,330,20,0,20,350
03/09/2017,OGG,HI,AWP,WE,Towers with Radar,158,34,4,3,199,0,182,13,1,196,158,216,17,4,395,24,8,32,427
03/10/2017,OGG,HI,AWP,WE,Towers with Radar,176,24,12,0,212,0,162,24,0,186,176,186,36,0,398,26,0,26,424
03/11/2017,OGG,HI,AWP,WE,Towers with Radar,168,17,13,0,198,0,243,12,0,255,168,260,25,0,453,34,0,34,487
03/12/2017,OGG,HI,AWP,WE,Towers with Radar,165,23,3,0,191,0,196,30,0,226,165,219,33,0,417,8,0,8,425
03/13/2017,OGG,HI,AWP,WE,Towers with Radar,155,19,3,0,177,0,207,19,0,226,155,226,22,0,403,28,0,28,431
03/14/2017,OGG,HI,AWP,WE,Towers with Radar,148,24,11,7,190,0,226,10,0,236,148,250,21,7,426,23,13,36,462
03/15/2017,OGG,HI,AWP,WE,Towers with Radar,159,19,4,2,184,0,224,31,0,255,159,243,35,2,439,16,0,16,455
03/16/2017,OGG,HI,AWP,WE,Towers with Radar,140,17,7,0,164,0,245,24,2,271,140,262,31,2,435,14,0,14,449
03/17/2017,OGG,HI,AWP,WE,Towers with Radar,167,67,8,0,242,0,55,10,0,65,167,122,18,0,307,8,0,8,315
03/18/2017,OGG,HI,AWP,WE,Towers with Radar,164,24,13,0,201,0,196,28,0,224,164,220,41,0,425,14,0,14,439
03/19/2017,OGG,HI,AWP,WE,Towers with Radar,163,17,12,0,192,0,169,29,0,198,163,186,41,0,390,0,0,0,390
03/20/2017,OGG,HI,AWP,WE,Towers with Radar,164,16,3,2,185,0,162,21,2,185,164,178,24,4,370,2,0,2,372
03/21/2017,OGG,HI,AWP,WE,Towers with Radar,152,19,3,6,180,0,215,24,2,241,152,234,27,8,421,8,0,8,429
03/22/2017,OGG,HI,AWP,WE,Towers with Radar,162,14,5,5,186,0,210,15,3,228,162,224,20,8,414,8,0,8,422
03/23/2017,OGG,HI,AWP,WE,Towers with Radar,149,20,9,6,184,0,182,22,2,206,149,202,31,8,390,30,6,36,426
03/24/2017,OGG,HI,AWP,WE,Towers with Radar,170,29,10,1,210,0,157,30,1,188,170,186,40,2,398,52,0,52,450
03/25/2017,OGG,HI,AWP,WE,Towers with Radar,168,20,6,0,194,0,211,21,3,235,168,231,27,3,429,8,0,8,437
03/26/2017,OGG,HI,AWP,WE,Towers with Radar,172,13,8,0,193,0,190,16,0,206,172,203,24,0,399,8,0,8,407
03/27/2017,OGG,HI,AWP,WE,Towers with Radar,173,19,17,0,209,0,193,28,1,222,173,212,45,1,431,12,0,12,443
03/28/2017,OGG,HI,AWP,WE,Towers with Radar,151,20,7,2,180,0,194,19,0,213,151,214,26,2,393,16,0,16,409
03/29/2017,OGG,HI,AWP,WE,Towers with Radar,159,19,2,0,180,0,184,21,0,205,159,203,23,0,385,14,0,14,399
03/30/2017,OGG,HI,AWP,WE,Towers with Radar,156,19,11,0,186,0,216,22,5,243,156,235,33,5,429,22,0,22,451
03/31/2017,OGG,HI,AWP,WE,Towers with Radar,167,15,7,3,192,0,212,50,4,266,167,227,57,7,458,18,0,18,476
04/01/2017,OGG,HI,AWP,WE,Towers with Radar,162,15,10,2,189,0,168,19,0,187,162,183,29,2,376,24,0,24,400
04/02/2017,OGG,HI,AWP,WE,Towers with Radar,170,12,3,2,187,0,191,30,2,223,170,203,33,4,410,34,0,34,444
04/03/2017,OGG,HI,AWP,WE,Towers with Radar,176,19,4,0,199,0,208,36,0,244,176,227,40,0,443,54,0,54,497
04/04/2017,OGG,HI,AWP,WE,Towers with Radar,150,21,5,2,178,0,179,29,1,209,150,200,34,3,387,22,0,22,409
04/05/2017,OGG,HI,AWP,WE,Towers with Radar,154,14,3,4,175,0,187,25,0,212,154,201,28,4,387,32,0,32,419
04/06/2017,OGG,HI,AWP,WE,Towers with Radar,151,14,3,1,169,0,202,33,3,238,151,216,36,4,407,24,0,24,431
04/07/2017,OGG,HI,AWP,WE,Towers with Radar,172,19,5,0,196,0,177,21,7,205,172,196,26,7,401,30,0,30,431
04/08/2017,OGG,HI,AWP,WE,Towers with Radar,170,19,13,0,202,0,175,18,2,195,170,194,31,2,397,6,0,6,403
04/09/2017,OGG,HI,AWP,WE,Towers with Radar,159,19,13,0,191,0,174,23,0,197,159,193,36,0,388,8,0,8,396
04/10/2017,OGG,HI,AWP,WE,Towers with Radar,168,18,6,0,192,0,174,13,0,187,168,192,19,0,379,11,0,11,390
04/11/2017,OGG,HI,AWP,WE,Towers with Radar,161,18,7,2,188,0,194,15,2,211,161,212,22,4,399,14,0,14,413
04/12/2017,OGG,HI,AWP,WE,Towers with Radar,156,17,6,2,181,0,195,19,2,216,156,212,25,4,397,18,0,18,415
04/13/2017,OGG,HI,AWP,WE,Towers with Radar,158,47,12,1,218,0,192,11,7,210,158,239,23,8,428,2,0,2,430
04/14/2017,OGG,HI,AWP,WE,Towers with Radar,161,26,6,0,193,0,192,35,0,227,161,218,41,0,420,4,0,4,424
04/15/2017,OGG,HI,AWP,WE,Towers with Radar,178,20,10,0,208,0,171,27,0,198,178,191,37,0,406,8,0,8,414
04/16/2017,OGG,HI,AWP,WE,Towers with Radar,156,22,9,0,187,0,167,16,0,183,156,189,25,0,370,6,0,6,376
04/17/2017,OGG,HI,AWP,WE,Towers with Radar,168,30,9,2,209,0,174,8,0,182,168,204,17,2,391,14,0,14,405
04/18/2017,OGG,HI,AWP,WE,Towers with Radar,168,19,4,1,192,0,202,23,1,226,168,221,27,2,418,34,0,34,452
04/19/2017,OGG,HI,AWP,WE,Towers with Radar,148,12,1,3,164,0,179,24,0,203,148,191,25,3,367,14,0,14,381
04/20/2017,OGG,HI,AWP,WE,Towers with Radar,147,32,6,1,186,0,142,20,0,162,147,174,26,1,348,22,0,22,370
04/21/2017,OGG,HI,AWP,WE,Towers with Radar,167,47,4,1,219,0,112,34,0,146,167,159,38,1,365,14,0,14,379
04/22/2017,OGG,HI,AWP,WE,Towers with Radar,157,21,8,0,186,0,187,29,0,216,157,208,37,0,402,10,0,10,412
04/23/2017,OGG,HI,AWP,WE,Towers with Radar,160,18,5,3,186,0,169,29,1,199,160,187,34,4,385,6,0,6,391
04/24/2017,OGG,HI,AWP,WE,Towers with Radar,152,24,3,5,184,10,210,15,3,238,162,234,18,8,422,12,0,12,434
04/25/2017,OGG,HI,AWP,WE,Towers with Radar,157,15,7,4,183,0,178,31,0,209,157,193,38,4,392,52,0,52,444
04/26/2017,OGG,HI,AWP,WE,Towers with Radar,151,19,5,4,179,0,217,20,2,239,151,236,25,6,418,12,0,12,430
04/27/2017,OGG,HI,AWP,WE,Towers with Radar,152,26,1,0,179,0,179,24,4,207,152,205,25,4,386,14,0,14,400
04/28/2017,OGG,HI,AWP,WE,Towers with Radar,146,29,4,3,182,0,173,15,1,189,146,202,19,4,371,30,0,30,401
04/29/2017,OGG,HI,AWP,WE,Towers with Radar,167,62,3,6,238,0,1,0,0,1,167,63,3,6,239,0,0,0,239
04/30/2017,OGG,HI,AWP,WE,Towers with Radar,161,53,4,0,218,0,19,2,0,21,161,72,6,0,239,6,0,6,245
05/01/2017,OGG,HI,AWP,WE,Towers with Radar,153,21,2,9,185,0,177,12,0,189,153,198,14,9,374,22,0,22,396
05/02/2017,OGG,HI,AWP,WE,Towers with Radar,137,7,1,0,145,0,180,18,0,198,137,187,19,0,343,23,0,23,366
05/03/2017,OGG,HI,AWP,WE,Towers with Radar,141,17,4,2,164,0,183,13,0,196,141,200,17,2,360,34,0,34,394
05/04/2017,OGG,HI,AWP,WE,Towers with Radar,152,6,5,3,166,0,207,17,0,224,152,213,22,3,390,18,0,18,408
05/05/2017,OGG,HI,AWP,WE,Towers with Radar,156,12,7,0,175,0,181,25,3,209,156,193,32,3,384,12,0,12,396
05/06/2017,OGG,HI,AWP,WE,Towers with Radar,163,10,6,4,183,0,175,23,2,200,163,185,29,6,383,14,0,14,397
05/07/2017,OGG,HI,AWP,WE,Towers with Radar,150,16,2,4,172,0,202,30,2,234,150,218,32,6,406,40,0,40,446
05/08/2017,OGG,HI,AWP,WE,Towers with Radar,152,27,5,5,189,0,166,9,4,179,152,193,14,9,368,68,0,68,436
05/09/2017,OGG,HI,AWP,WE,Towers with Radar,131,14,6,7,158,0,223,22,5,250,131,237,28,12,408,42,0,42,450
05/10/2017,OGG,HI,AWP,WE,Towers with Radar,149,12,4,8,173,0,196,20,1,217,149,208,24,9,390,36,0,36,426
05/11/2017,OGG,HI,AWP,WE,Towers with Radar,140,7,6,5,158,0,204,27,1,232,140,211,33,6,390,32,0,32,422
05/12/2017,OGG,HI,AWP,WE,Towers with Radar,142,21,4,0,167,0,165,25,0,190,142,186,29,0,357,28,0,28,385
05/13/2017,OGG,HI,AWP,WE,Towers with Radar,150,8,10,1,169,0,130,20,1,151,150,138,30,2,320,28,0,28,348
05/14/2017,OGG,HI,AWP,WE,Towers with Radar,149,12,3,3,167,0,83,15,5,103,149,95,18,8,270,16,0,16,286
05/15/2017,OGG,HI,AWP,WE,Towers with Radar,149,15,6,4,174,0,196,21,2,219,149,211,27,6,393,14,0,14,407
05/16/2017,OGG,HI,AWP,WE,Towers with Radar,133,13,2,2,150,0,183,26,0,209,133,196,28,2,359,24,0,24,383
05/17/2017,OGG,HI,AWP,WE,Towers with Radar,141,20,3,4,168,0,158,27,2,187,141,178,30,6,355,38,10,48,403
05/18/2017,OGG,HI,AWP,WE,Towers with Radar,145,16,2,2,165,0,229,32,7,268,145,245,34,9,433,36,0,36,469
05/19/2017,OGG,HI,AWP,WE,Towers with Radar,169,22,0,2,193,0,210,36,2,248,169,232,36,4,441,66,0,66,507
05/20/2017,OGG,HI,AWP,WE,Towers with Radar,151,19,3,2,175,0,190,39,2,231,151,209,42,4,406,40,0,40,446
05/21/2017,OGG,HI,AWP,WE,Towers with Radar,159,20,4,1,184,0,189,28,2,219,159,209,32,3,403,34,0,34,437
05/22/2017,OGG,HI,AWP,WE,Towers with Radar,157,20,4,1,182,0,195,14,2,211,157,215,18,3,393,30,0,30,423
05/23/2017,OGG,HI,AWP,WE,Towers with Radar,143,24,3,3,173,0,142,15,4,161,143,166,18,7,334,24,0,24,358
05/24/2017,OGG,HI,AWP,WE,Towers with Radar,144,12,2,2,160,0,211,21,1,233,144,223,23,3,393,42,0,42,435
05/25/2017,OGG,HI,AWP,WE,Towers with Radar,154,13,5,4,176,0,212,46,4,262,154,225,51,8,438,38,0,38,476
05/26/2017,OGG,HI,AWP,WE,Towers with Radar,146,27,7,0,180,0,204,38,0,242,146,231,45,0,422,12,0,12,434
05/27/2017,OGG,HI,AWP,WE,Towers with Radar,171,17,10,0,198,0,194,25,2,221,171,211,35,2,419,12,0,12,431
05/28/2017,OGG,HI,AWP,WE,Towers with Radar,166,19,3,0,188,0,162,27,0,189,166,181,30,0,377,62,0,62,439
05/29/2017,OGG,HI,AWP,WE,Towers with Radar,148,26,4,0,178,0,209,35,1,245,148,235,39,1,423,31,0,31,454
05/30/2017,OGG,HI,AWP,WE,Towers with Radar,142,15,7,2,166,0,220,23,0,243,142,235,30,2,409,26,0,26,435
05/31/2017,OGG,HI,AWP,WE,Towers with Radar,162,14,7,4,187,0,202,20,4,226,162,216,27,8,413,14,0,14,427
06/01/2017,OGG,HI,AWP,WE,Towers with Radar,161,15,9,4,189,0,200,25,6,231,161,215,34,10,420,18,0,18,438
06/02/2017,OGG,HI,AWP,WE,Towers with Radar,158,19,2,0,179,0,197,26,0,223,158,216,28,0,402,20,0,20,422
06/03/2017,OGG,HI,AWP,WE,Towers with Radar,158,23,4,5,190,0,163,24,0,187,158,186,28,5,377,12,2,14,391
06/04/2017,OGG,HI,AWP,WE,Towers with Radar,169,15,6,2,192,0,171,16,0,187,169,186,22,2,379,44,0,44,423
06/05/2017,OGG,HI,AWP,WE,Towers with Radar,142,15,6,0,163,0,177,26,0,203,142,192,32,0,366,20,0,20,386
06/06/2017,OGG,HI,AWP,WE,Towers with Radar,157,10,5,0,172,0,206,17,3,226,157,216,22,3,398,36,0,36,434
06/07/2017,OGG,HI,AWP,WE,Towers with Radar,156,16,3,5,180,0,208,31,0,239,156,224,34,5,419,30,0,30,449
06/08/2017,OGG,HI,AWP,WE,Towers with Radar,163,19,5,2,189,0,226,20,3,249,163,245,25,5,438,20,0,20,458
06/09/2017,OGG,HI,AWP,WE,Towers with Radar,163,22,4,2,191,0,198,24,7,229,163,220,28,9,420,42,0,42,462
06/10/2017,OGG,HI,AWP,WE,Towers with Radar,154,43,10,0,207,0,99,18,0,117,154,142,28,0,324,26,0,26,350
06/11/2017,OGG,HI,AWP,WE,Towers with Radar,156,26,4,0,186,0,179,18,0,197,156,205,22,0,383,30,0,30,413
06/12/2017,OGG,HI,AWP,WE,Towers with Radar,152,18,6,0,176,0,132,12,0,144,152,150,18,0,320,44,0,44,364
06/13/2017,OGG,HI,AWP,WE,Towers with Radar,156,15,9,2,182,0,191,23,4,218,156,206,32,6,400,4,0,4,404
06/14/2017,OGG,HI,AWP,WE,Towers with Radar,152,16,6,0,174,0,188,20,0,208,152,204,26,0,382,20,0,20,402
06/15/2017,OGG,HI,AWP,WE,Towers with Radar,168,17,7,0,192,0,254,21,0,275,168,271,28,0,467,32,0,32,499
06/16/2017,OGG,HI,AWP,WE,Towers with Radar,161,27,2,3,193,0,202,17,1,220,161,229,19,4,413,48,0,48,461
06/17/2017,OGG,HI,AWP,WE,Towers with Radar,166,21,14,0,201,0,159,11,0,170,166,180,25,0,371,10,0,10,381
06/18/2017,OGG,HI,AWP,WE,Towers with Radar,141,16,9,0,166,0,181,21,4,206,141,197,30,4,372,16,0,16,388
06/19/2017,OGG,HI,AWP,WE,Towers with Radar,149,8,8,2,167,0,213,32,2,247,149,221,40,4,414,36,6,42,456
06/20/2017,OGG,HI,AWP,WE,Towers with Radar,156,19,0,0,175,0,212,22,0,234,156,231,22,0,409,22,0,22,431
06/21/2017,OGG,HI,AWP,WE,Towers with Radar,160,24,3,0,187,0,214,27,2,243,160,238,30,2,430,50,0,50,480
06/22/2017,OGG,HI,AWP,WE,Towers with Radar,167,20,3,4,194,0,220,23,4,247,167,240,26,8,441,20,0,20,461
06/23/2017,OGG,HI,AWP,WE,Towers with Radar,168,18,7,0,193,0,218,33,0,251,168,236,40,0,444,18,0,18,462
06/24/2017,OGG,HI,AWP,WE,Towers with Radar,176,15,8,0,199,0,199,30,0,229,176,214,38,0,428,2,0,2,430
06/25/2017,OGG,HI,AWP,WE,Towers with Radar,152,18,11,0,181,0,204,24,2,230,152,222,35,2,411,40,0,40,451
06/26/2017,OGG,HI,AWP,WE,Towers with Radar,167,13,5,6,191,0,213,13,3,229,167,226,18,9,420,10,0,10,430
06/27/2017,OGG,HI,AWP,WE,Towers with Radar,160,17,2,2,181,0,209,25,8,242,160,226,27,10,423,36,0,36,459
06/28/2017,OGG,HI,AWP,WE,Towers with Radar,157,9,11,7,184,0,208,17,1,226,157,217,28,8,410,44,0,44,454
06/29/2017,OGG,HI,AWP,WE,Towers with Radar,168,14,2,8,192,0,206,18,6,230,168,220,20,14,422,19,0,19,441
06/30/2017,OGG,HI,AWP,WE,Towers with Radar,165,24,7,3,199,0,210,35,0,245,165,234,42,3,444,24,0,24,468
07/01/2017,OGG,HI,AWP,WE,Towers with Radar,146,13,8,1,168,0,148,11,2,161,146,161,19,3,329,30,0,30,359
07/02/2017,OGG,HI,AWP,WE,Towers with Radar,171,23,13,0,207,0,222,27,0,249,171,245,40,0,456,24,0,24,480
07/03/2017,OGG,HI,AWP,WE,Towers with Radar,157,14,6,1,178,0,218,15,0,233,157,232,21,1,411,8,0,8,419
07/04/2017,OGG,HI,AWP,WE,Towers with Radar,148,9,3,0,160,0,201,5,0,206,148,210,8,0,366,30,0,30,396
07/05/2017,OGG,HI,AWP,WE,Towers with Radar,166,17,11,2,196,0,253,14,7,274,166,270,25,9,470,16,0,16,486
07/06/2017,OGG,HI,AWP,WE,Towers with Radar,160,14,8,0,182,0,227,31,1,259,160,241,39,1,441,18,0,18,459
07/07/2017,OGG,HI,AWP,WE,Towers with Radar,171,20,5,2,198,0,243,26,1,270,171,263,31,3,468,26,0,26,494
07/08/2017,OGG,HI,AWP,WE,Towers with Radar,163,17,2,2,184,0,169,25,1,195,163,186,27,3,379,18,0,18,397
07/09/2017,OGG,HI,AWP,WE,Towers with Radar,153,17,14,2,186,0,189,20,0,209,153,206,34,2,395,4,0,4,399
07/10/2017,OGG,HI,AWP,WE,Towers with Radar,163,21,9,2,195,0,248,21,0,269,163,269,30,2,464,2,0,2,466
07/11/2017,OGG,HI,AWP,WE,Towers with Radar,156,22,1,2,181,0,211,26,1,238,156,233,27,3,419,12,0,12,431
07/12/2017,OGG,HI,AWP,WE,Towers with Radar,159,22,8,6,195,0,212,17,0,229,159,234,25,6,424,28,0,28,452
07/13/2017,OGG,HI,AWP,WE,Towers with Radar,149,19,6,3,177,0,210,14,1,225,149,229,20,4,402,26,0,26,428
07/14/2017,OGG,HI,AWP,WE,Towers with Radar,156,14,7,6,183,0,205,20,0,225,156,219,27,6,408,16,0,16,424
07/15/2017,OGG,HI,AWP,WE,Towers with Radar,132,12,3,0,147,0,184,16,0,200,132,196,19,0,347,8,0,8,355
07/16/2017,OGG,HI,AWP,WE,Towers with Radar,160,14,5,1,180,0,189,15,7,211,160,203,20,8,391,20,0,20,411
07/17/2017,OGG,HI,AWP,WE,Towers with Radar,169,29,6,3,207,0,223,25,0,248,169,252,31,3,455,16,0,16,471
07/18/2017,OGG,HI,AWP,WE,Towers with Radar,164,19,5,4,192,0,239,19,2,260,164,258,24,6,452,22,0,22,474
07/19/2017,OGG,HI,AWP,WE,Towers with Radar,154,23,4,6,187,0,189,13,7,209,154,212,17,13,396,20,0,20,416
07/20/2017,OGG,HI,AWP,WE,Towers with Radar,161,18,6,0,185,0,242,24,4,270,161,260,30,4,455,30,0,30,485
07/21/2017,OGG,HI,AWP,WE,Towers with Radar,163,33,7,1,204,0,194,16,0,210,163,227,23,1,414,6,0,6,420
07/22/2017,OGG,HI,AWP,WE,Towers with Radar,152,26,5,1,184,0,172,18,8,198,152,198,23,9,382,16,0,16,398
07/23/2017,OGG,HI,AWP,WE,Towers with Radar,152,23,7,0,182,17,180,15,1,213,169,203,22,1,395,18,0,18,413
07/24/2017,OGG,HI,AWP,WE,Towers with Radar,163,31,6,0,200,0,185,17,3,205,163,216,23,3,405,6,0,6,411
07/25/2017,OGG,HI,AWP,WE,Towers with Radar,164,19,3,2,188,0,222,15,6,243,164,241,18,8,431,18,0,18,449
07/26/2017,OGG,HI,AWP,WE,Towers with Radar,155,20,10,1,186,0,252,23,10,285,155,272,33,11,471,80,0,80,551
07/27/2017,OGG,HI,AWP,WE,Towers with Radar,165,30,3,2,200,0,260,26,1,287,165,290,29,3,487,12,0,12,499
07/28/2017,OGG,HI,AWP,WE,Towers with Radar,168,43,6,2,219,0,117,17,2,136,168,160,23,4,355,10,0,10,365
07/29/2017,OGG,HI,AWP,WE,Towers with Radar,163,21,4,0,188,0,253,25,3,281,163,274,29,3,469,18,0,18,487
07/30/2017,OGG,HI,AWP,WE,Towers with Radar,165,16,7,0,188,0,227,21,0,248,165,243,28,0,436,6,0,6,442
07/31/2017,OGG,HI,AWP,WE,Towers with Radar,162,18,7,4,191,0,244,18,0,262,162,262,25,4,453,42,0,42,495
08/01/2017,OGG,HI,AWP,WE,Towers with Radar,159,12,7,0,178,0,231,23,2,256,159,243,30,2,434,14,0,14,448
08/02/2017,OGG,HI,AWP,WE,Towers with Radar,165,19,2,1,187,0,240,9,1,250,165,259,11,2,437,10,0,10,447
08/03/2017,OGG,HI,AWP,WE,Towers with Radar,164,20,2,1,187,0,222,26,6,254,164,242,28,7,441,26,0,26,467
08/04/2017,OGG,HI,AWP,WE,Towers with Radar,159,17,10,1,187,0,238,39,10,287,159,255,49,11,474,36,0,36,510
08/05/2017,OGG,HI,AWP,WE,Towers with Radar,163,19,11,10,203,0,222,18,5,245,163,241,29,15,448,32,0,32,480
08/06/2017,OGG,HI,AWP,WE,Towers with Radar,180,18,8,2,208,0,204,25,6,235,180,222,33,8,443,12,0,12,455
08/07/2017,OGG,HI,AWP,WE,Towers with Radar,162,22,8,2,194,25,199,21,0,245,187,221,29,2,439,22,0,22,461
08/08/2017,OGG,HI,AWP,WE,Towers with Radar,154,17,6,4,181,0,217,14,4,235,154,234,20,8,416,26,0,26,442
08/09/2017,OGG,HI,AWP,WE,Towers with Radar,162,13,2,5,182,0,210,14,2,226,162,223,16,7,408,22,12,34,442
08/10/2017,OGG,HI,AWP,WE,Towers with Radar,169,14,1,4,188,0,203,14,2,219,169,217,15,6,407,34,0,34,441
08/11/2017,OGG,HI,AWP,WE,Towers with Radar,163,27,5,1,196,0,209,17,3,229,163,236,22,4,425,22,0,22,447
08/12/2017,OGG,HI,AWP,WE,Towers with Radar,173,16,7,0,196,0,226,27,4,257,173,242,34,4,453,22,0,22,475
08/13/2017,OGG,HI,AWP,WE,Towers with Radar,157,11,7,0,175,0,175,17,2,194,157,186,24,2,369,2,0,2,371
08/14/2017,OGG,HI,AWP,WE,Towers with Radar,150,19,5,7,181,0,217,16,4,237,150,236,21,11,418,24,0,24,442
08/15/2017,OGG,HI,AWP,WE,Towers with Radar,142,14,6,4,166,0,196,16,7,219,142,210,22,11,385,44,0,44,429
08/16/2017,OGG,HI,AWP,WE,Towers with Radar,137,25,7,4,173,0,179,20,0,199,137,204,27,4,372,9,0,9,381
08/17/2017,OGG,HI,AWP,WE,Towers with Radar,159,18,6,2,185,0,198,17,2,217,159,216,23,4,402,18,2,20,422
08/18/2017,OGG,HI,AWP,WE,Towers with Radar,157,15,6,0,178,0,188,25,0,213,157,203,31,0,391,6,0,6,397
08/19/2017,OGG,HI,AWP,WE,Towers with Radar,151,26,9,0,186,0,149,16,1,166,151,175,25,1,352,16,0,16,368
08/20/2017,OGG,HI,AWP,WE,Towers with Radar,144,21,8,0,173,0,149,18,0,167,144,170,26,0,340,0,0,0,340
08/21/2017,OGG,HI,AWP,WE,Towers with Radar,134,19,8,1,162,0,180,18,2,200,134,199,26,3,362,6,0,6,368
08/22/2017,OGG,HI,AWP,WE,Towers with Radar,144,28,6,3,181,0,122,22,0,144,144,150,28,3,325,24,0,24,349
08/23/2017,OGG,HI,AWP,WE,Towers with Radar,149,14,2,0,165,0,209,23,0,232,149,223,25,0,397,30,0,30,427
08/24/2017,OGG,HI,AWP,WE,Towers with Radar,152,28,7,2,189,0,223,15,1,239,152,251,22,3,428,28,0,28,456
08/25/2017,OGG,HI,AWP,WE,Towers with Radar,155,28,9,1,193,0,178,12,1,191,155,206,21,2,384,38,0,38,422
08/26/2017,OGG,HI,AWP,WE,Towers with Radar,159,20,12,0,191,0,195,10,0,205,159,215,22,0,396,16,0,16,412
08/27/2017,OGG,HI,AWP,WE,Towers with Radar,152,19,11,2,184,0,140,10,0,150,152,159,21,2,334,0,0,0,334
08/28/2017,OGG,HI,AWP,WE,Towers with Radar,156,11,8,0,175,0,156,24,0,180,156,167,32,0,355,30,0,30,385
08/29/2017,OGG,HI,AWP,WE,Towers with Radar,145,12,4,5,166,0,163,7,1,171,145,175,11,6,337,52,0,52,389
08/30/2017,OGG,HI,AWP,WE,Towers with Radar,149,14,7,2,172,0,183,11,0,194,149,197,18,2,366,16,0,16,382
08/31/2017,OGG,HI,AWP,WE,Towers with Radar,144,17,6,5,172,0,174,21,1,196,144,191,27,6,368,8,0,8,376
09/01/2017,OGG,HI,AWP,WE,Towers with Radar,155,17,3,0,175,0,174,28,0,202,155,191,31,0,377,12,0,12,389
09/02/2017,OGG,HI,AWP,WE,Towers with Radar,149,16,5,2,172,0,163,21,0,184,149,179,26,2,356,8,0,8,364
09/03/2017,OGG,HI,AWP,WE,Towers with Radar,149,19,4,0,172,0,160,15,2,177,149,179,19,2,349,6,0,6,355
09/04/2017,OGG,HI,AWP,WE,Towers with Radar,146,19,3,3,171,0,174,15,1,190,146,193,18,4,361,26,0,26,387
09/05/2017,OGG,HI,AWP,WE,Towers with Radar,150,17,11,2,180,0,198,16,2,216,150,215,27,4,396,48,0,48,444
09/06/2017,OGG,HI,AWP,WE,Towers with Radar,140,16,4,0,160,0,186,14,0,200,140,202,18,0,360,10,0,10,370
09/07/2017,OGG,HI,AWP,WE,Towers with Radar,149,20,6,4,179,0,184,26,2,212,149,204,32,6,391,40,0,40,431
09/08/2017,OGG,HI,AWP,WE,Towers with Radar,143,22,5,2,172,0,175,24,3,202,143,197,29,5,374,10,0,10,384
09/09/2017,OGG,HI,AWP,WE,Towers with Radar,153,19,3,1,176,0,148,23,0,171,153,167,26,1,347,8,0,8,355
09/10/2017,OGG,HI,AWP,WE,Towers with Radar,150,23,1,2,176,0,132,13,2,147,150,155,14,4,323,4,0,4,327
09/11/2017,OGG,HI,AWP,WE,Towers with Radar,142,26,0,2,170,0,162,21,0,183,142,188,21,2,353,26,0,26,379
09/12/2017,OGG,HI,AWP,WE,Towers with Radar,129,17,4,19,169,0,165,40,0,205,129,182,44,19,374,4,0,4,378
09/13/2017,OGG,HI,AWP,WE,Towers with Radar,145,21,2,1,169,0,156,12,5,173,145,177,14,6,342,12,0,12,354
09/14/2017,OGG,HI,AWP,WE,Towers with Radar,139,15,1,0,155,0,166,17,2,185,139,181,18,2,340,10,0,10,350
09/15/2017,OGG,HI,AWP,WE,Towers with Radar,141,15,0,0,156,0,178,27,0,205,141,193,27,0,361,18,0,18,379
09/16/2017,OGG,HI,AWP,WE,Towers with Radar,151,5,4,0,160,0,157,21,0,178,151,162,25,0,338,28,0,28,366
09/17/2017,OGG,HI,AWP,WE,Towers with Radar,134,7,2,0,143,0,144,15,0,159,134,151,17,0,302,20,0,20,322
09/18/2017,OGG,HI,AWP,WE,Towers with Radar,144,8,1,1,154,0,197,22,0,219,144,205,23,1,373,16,0,16,389
09/19/2017,OGG,HI,AWP,WE,Towers with Radar,126,6,5,2,139,0,161,17,0,178,126,167,22,2,317,18,0,18,335
09/20/2017,OGG,HI,AWP,WE,Towers with Radar,131,16,2,3,152,0,183,22,0,205,131,199,24,3,357,6,0,6,363
09/21/2017,OGG,HI,AWP,WE,Towers with Radar,148,10,7,6,171,0,204,28,0,232,148,214,35,6,403,4,0,4,407
09/22/2017,OGG,HI,AWP,WE,Towers with Radar,142,9,5,2,158,0,172,29,3,204,142,181,34,5,362,6,0,6,368
09/23/2017,OGG,HI,AWP,WE,Towers with Radar,137,15,5,0,157,0,174,11,1,186,137,189,16,1,343,2,0,2,345
09/24/2017,OGG,HI,AWP,WE,Towers with Radar,147,12,5,0,164,0,147,17,0,164,147,159,22,0,328,0,0,0,328
09/25/2017,OGG,HI,AWP,WE,Towers with Radar,144,14,1,0,159,0,168,34,0,202,144,182,35,0,361,6,0,6,367
09/26/2017,OGG,HI,AWP,WE,Towers with Radar,132,4,4,2,142,0,178,9,0,187,132,182,13,2,329,12,0,12,341
09/27/2017,OGG,HI,AWP,WE,Towers with Radar,143,8,5,0,156,0,170,17,0,187,143,178,22,0,343,12,0,12,355
09/28/2017,OGG,HI,AWP,WE,Towers with Radar,144,11,1,2,158,0,181,30,4,215,144,192,31,6,373,6,0,6,379
09/29/2017,OGG,HI,AWP,WE,Towers with Radar,145,11,3,2,161,0,180,23,2,205,145,191,26,4,366,40,12,52,418
09/30/2017,OGG,HI,AWP,WE,Towers with Radar,142,13,6,0,161,0,157,25,0,182,142,170,31,0,343,14,0,14,357
10/01/2017,OGG,HI,AWP,WE,Towers with Radar,138,11,4,0,153,0,153,20,0,173,138,164,24,0,326,0,0,0,326
10/02/2017,OGG,HI,AWP,WE,Towers with Radar,132,11,9,2,154,0,178,16,0,194,132,189,25,2,348,2,0,2,350
10/03/2017,OGG,HI,AWP,WE,Towers with Radar,134,12,6,4,156,0,182,12,0,194,134,194,18,4,350,24,0,24,374
10/04/2017,OGG,HI,AWP,WE,Towers with Radar,132,12,6,4,154,0,179,12,0,191,132,191,18,4,345,6,0,6,351
10/05/2017,OGG,HI,AWP,WE,Towers with Radar,144,19,5,6,174,0,188,21,2,211,144,207,26,8,385,16,0,16,401
10/06/2017,OGG,HI,AWP,WE,Towers with Radar,150,14,4,0,168,0,195,23,3,221,150,209,27,3,389,10,0,10,399
10/07/2017,OGG,HI,AWP,WE,Towers with Radar,150,13,6,0,169,12,148,21,0,181,162,161,27,0,350,2,0,2,352
10/08/2017,OGG,HI,AWP,WE,Towers with Radar,142,11,3,0,156,0,179,14,0,193,142,190,17,0,349,22,0,22,371
10/09/2017,OGG,HI,AWP,WE,Towers with Radar,135,8,9,0,152,0,181,11,2,194,135,189,20,2,346,6,0,6,352
10/10/2017,OGG,HI,AWP,WE,Towers with Radar,128,23,4,4,159,0,198,15,0,213,128,221,19,4,372,24,0,24,396
10/11/2017,OGG,HI,AWP,WE,Towers with Radar,142,11,4,0,157,0,188,22,0,210,142,199,26,0,367,8,0,8,375
10/12/2017,OGG,HI,AWP,WE,Towers with Radar,135,25,3,1,164,0,153,16,2,171,135,178,19,3,335,44,0,44,379
10/13/2017,OGG,HI,AWP,WE,Towers with Radar,143,25,4,4,176,0,163,15,4,182,143,188,19,8,358,20,0,20,378
10/14/2017,OGG,HI,AWP,WE,Towers with Radar,149,8,7,2,166,0,129,19,0,148,149,137,26,2,314,8,0,8,322
10/15/2017,OGG,HI,AWP,WE,Towers with Radar,150,10,2,2,164,0,156,7,0,163,150,166,9,2,327,6,0,6,333
10/16/2017,OGG,HI,AWP,WE,Towers with Radar,158,12,7,2,179,0,179,15,4,198,158,191,22,6,377,5,0,5,382
10/17/2017,OGG,HI,AWP,WE,Towers with Radar,132,15,1,0,148,0,179,17,0,196,132,194,18,0,344,8,0,8,352
10/18/2017,OGG,HI,AWP,WE,Towers with Radar,132,17,2,10,161,0,169,14,0,183,132,186,16,10,344,37,0,37,381
10/19/2017,OGG,HI,AWP,WE,Towers with Radar,143,14,6,5,168,0,227,36,1,264,143,241,42,6,432,8,0,8,440
10/20/2017,OGG,HI,AWP,WE,Towers with Radar,144,28,5,1,178,0,182,25,3,210,144,210,30,4,388,2,0,2,390
10/21/2017,OGG,HI,AWP,WE,Towers with Radar,150,14,3,0,167,0,146,19,0,165,150,160,22,0,332,2,0,2,334
10/22/2017,OGG,HI,AWP,WE,Towers with Radar,137,8,3,0,148,0,160,38,0,198,137,168,41,0,346,6,0,6,352
10/23/2017,OGG,HI,AWP,WE,Towers with Radar,126,20,6,2,154,0,137,17,0,154,126,157,23,2,308,12,0,12,320
10/24/2017,OGG,HI,AWP,WE,Towers with Radar,127,44,3,11,185,0,19,4,1,24,127,63,7,12,209,2,0,2,211
10/25/2017,OGG,HI,AWP,WE,Towers with Radar,150,59,3,2,214,0,4,4,0,8,150,63,7,2,222,24,0,24,246
10/26/2017,OGG,HI,AWP,WE,Towers with Radar,142,31,10,7,190,0,188,20,4,212,142,219,30,11,402,8,0,8,410
10/27/2017,OGG,HI,AWP,WE,Towers with Radar,135,18,3,0,156,0,200,17,5,222,135,218,20,5,378,26,0,26,404
10/28/2017,OGG,HI,AWP,WE,Towers with Radar,145,15,1,4,165,0,178,20,0,198,145,193,21,4,363,8,0,8,371
10/29/2017,OGG,HI,AWP,WE,Towers with Radar,143,16,1,9,169,0,142,39,0,181,143,158,40,9,350,4,0,4,354
10/30/2017,OGG,HI,AWP,WE,Towers with Radar,143,22,5,0,170,0,182,15,0,197,143,204,20,0,367,12,0,12,379
10/31/2017,OGG,HI,AWP,WE,Towers with Radar,113,18,2,4,137,0,149,21,0,170,113,167,23,4,307,52,0,52,359
11/01/2017,OGG,HI,AWP,WE,Towers with Radar,144,21,3,6,174,0,166,21,2,189,144,187,24,8,363,52,0,52,415
11/02/2017,OGG,HI,AWP,WE,Towers with Radar,146,16,4,0,166,0,190,38,0,228,146,206,42,0,394,64,0,64,458
11/03/2017,OGG,HI,AWP,WE,Towers with Radar,146,12,1,0,159,0,169,24,1,194,146,181,25,1,353,81,0,81,434
11/04/2017,OGG,HI,AWP,WE,Towers with Radar,151,15,3,2,171,0,130,15,0,145,151,145,18,2,316,40,0,40,356
11/05/2017,OGG,HI,AWP,WE,Towers with Radar,162,18,2,2,184,0,141,17,2,160,162,159,19,4,344,46,0,46,390
11/06/2017,OGG,HI,AWP,WE,Towers with Radar,140,7,7,0,154,0,163,31,0,194,140,170,38,0,348,50,0,50,398
11/07/2017,OGG,HI,AWP,WE,Towers with Radar,144,11,7,0,162,0,173,29,2,204,144,184,36,2,366,26,0,26,392
11/08/2017,OGG,HI,AWP,WE,Towers with Radar,147,23,6,0,176,0,193,23,2,218,147,216,29,2,394,16,0,16,410
11/09/2017,OGG,HI,AWP,WE,Towers with Radar,155,19,10,1,185,0,210,25,2,237,155,229,35,3,422,46,0,46,468
11/10/2017,OGG,HI,AWP,WE,Towers with Radar,161,30,8,0,199,0,118,25,0,143,161,148,33,0,342,28,0,28,370
11/11/2017,OGG,HI,AWP,WE,Towers with Radar,134,36,5,0,175,0,78,20,0,98,134,114,25,0,273,20,0,20,293
11/12/2017,OGG,HI,AWP,WE,Towers with Radar,135,29,7,0,171,0,177,20,2,199,135,206,27,2,370,24,0,24,394
11/13/2017,OGG,HI,AWP,WE,Towers with Radar,140,17,7,3,167,0,189,28,1,218,140,206,35,4,385,20,0,20,405
11/14/2017,OGG,HI,AWP,WE,Towers with Radar,131,12,2,1,146,0,168,11,5,184,131,180,13,6,330,110,0,110,440
11/15/2017,OGG,HI,AWP,WE,Towers with Radar,131,15,1,4,151,0,143,21,0,164,131,158,22,4,315,70,4,74,389
11/16/2017,OGG,HI,AWP,WE,Towers with Radar,132,20,3,5,160,0,189,21,6,216,132,209,24,11,376,98,0,98,474
11/17/2017,OGG,HI,AWP,WE,Towers with Radar,150,13,7,2,172,0,192,37,2,231,150,205,44,4,403,34,0,34,437
11/18/2017,OGG,HI,AWP,WE,Towers with Radar,120,15,10,0,145,0,169,23,0,192,120,184,33,0,337,60,0,60,397
11/19/2017,OGG,HI,AWP,WE,Towers with Radar,152,18,8,0,178,0,156,24,0,180,152,174,32,0,358,6,0,6,364
11/20/2017,OGG,HI,AWP,WE,Towers with Radar,136,17,12,3,168,12,199,24,2,237,148,216,36,5,405,16,0,16,421
11/21/2017,OGG,HI,AWP,WE,Towers with Radar,136,10,3,12,161,0,229,36,2,267,136,239,39,14,428,62,0,62,490
11/22/2017,OGG,HI,AWP,WE,Towers with Radar,135,29,14,6,184,0,201,19,0,220,135,230,33,6,404,18,0,18,422
11/23/2017,OGG,HI,AWP,WE,Towers with Radar,133,15,1,0,149,0,158,13,0,171,133,173,14,0,320,6,0,6,326
11/24/2017,OGG,HI,AWP,WE,Towers with Radar,147,15,7,0,169,0,184,21,0,205,147,199,28,0,374,8,0,8,382
11/25/2017,OGG,HI,AWP,WE,Towers with Radar,143,24,13,0,180,0,119,14,0,133,143,143,27,0,313,4,0,4,317
11/26/2017,OGG,HI,AWP,WE,Towers with Radar,142,29,18,0,189,0,142,7,0,149,142,171,25,0,338,42,0,42,380
11/27/2017,OGG,HI,AWP,WE,Towers with Radar,145,33,4,5,187,0,49,9,1,59,145,82,13,6,246,82,0,82,328
11/28/2017,OGG,HI,AWP,WE,Towers with Radar,128,28,3,4,163,0,86,14,3,103,128,114,17,7,266,28,0,28,294
11/29/2017,OGG,HI,AWP,WE,Towers with Radar,136,22,3,4,165,0,175,16,0,191,136,197,19,4,356,40,0,40,396
11/30/2017,OGG,HI,AWP,WE,Towers with Radar,135,26,8,6,175,0,156,24,3,183,135,182,32,9,358,32,0,32,390
12/01/2017,OGG,HI,AWP,WE,Towers with Radar,150,21,3,1,175,0,146,28,0,174,150,167,31,1,349,18,0,18,367
12/02/2017,OGG,HI,AWP,WE,Towers with Radar,139,32,8,2,181,0,70,11,3,84,139,102,19,5,265,46,0,46,311
12/03/2017,OGG,HI,AWP,WE,Towers with Radar,144,24,7,2,177,0,127,15,0,142,144,151,22,2,319,2,0,2,321
12/04/2017,OGG,HI,AWP,WE,Towers with Radar,137,12,4,2,155,0,161,29,0,190,137,173,33,2,345,42,0,42,387
12/05/2017,OGG,HI,AWP,WE,Towers with Radar,127,15,4,0,146,0,113,16,0,129,127,128,20,0,275,24,0,24,299
12/06/2017,OGG,HI,AWP,WE,Towers with Radar,131,6,5,2,144,0,160,20,2,182,131,166,25,4,326,26,0,26,352
12/07/2017,OGG,HI,AWP,WE,Towers with Radar,141,9,3,3,156,0,192,23,3,218,141,201,26,6,374,44,0,44,418
12/08/2017,OGG,HI,AWP,WE,Towers with Radar,147,15,3,0,165,0,173,33,1,207,147,188,36,1,372,52,0,52,424
12/09/2017,OGG,HI,AWP,WE,Towers with Radar,142,17,3,0,162,0,154,14,0,168,142,171,17,0,330,72,0,72,402
12/10/2017,OGG,HI,AWP,WE,Towers with Radar,147,37,8,0,192,0,81,15,0,96,147,118,23,0,288,6,0,6,294
12/11/2017,OGG,HI,AWP,WE,Towers with Radar,143,10,3,1,157,0,168,32,1,201,143,178,35,2,358,28,0,28,386
12/12/2017,OGG,HI,AWP,WE,Towers with Radar,113,17,4,4,138,0,154,26,1,181,113,171,30,5,319,22,0,22,341
12/13/2017,OGG,HI,AWP,WE,Towers with Radar,137,17,6,3,163,0,163,15,1,179,137,180,21,4,342,26,0,26,368
12/14/2017,OGG,HI,AWP,WE,Towers with Radar,150,23,9,0,182,0,180,9,3,192,150,203,18,3,374,28,0,28,402
12/15/2017,OGG,HI,AWP,WE,Towers with Radar,161,17,7,1,186,0,141,20,1,162,161,158,27,2,348,34,0,34,382
12/16/2017,OGG,HI,AWP,WE,Towers with Radar,146,32,14,0,192,0,116,18,1,135,146,148,32,1,327,36,0,36,363
12/17/2017,OGG,HI,AWP,WE,Towers with Radar,156,25,13,0,194,0,184,31,2,217,156,209,44,2,411,8,0,8,419
12/18/2017,OGG,HI,AWP,WE,Towers with Radar,145,14,4,2,165,0,185,23,0,208,145,199,27,2,373,14,0,14,387
12/19/2017,OGG,HI,AWP,WE,Towers with Radar,141,44,5,0,190,0,98,0,0,98,141,142,5,0,288,36,0,36,324
12/20/2017,OGG,HI,AWP,WE,Towers with Radar,151,73,7,6,237,0,3,0,0,3,151,76,7,6,240,0,0,0,240
12/21/2017,OGG,HI,AWP,WE,Towers with Radar,166,42,11,1,220,0,88,29,1,118,166,130,40,2,338,4,0,4,342
12/22/2017,OGG,HI,AWP,WE,Towers with Radar,173,29,20,0,222,0,261,37,0,298,173,290,57,0,520,12,0,12,532
12/23/2017,OGG,HI,AWP,WE,Towers with Radar,165,28,20,0,213,0,247,30,2,279,165,275,50,2,492,4,0,4,496
12/24/2017,OGG,HI,AWP,WE,Towers with Radar,153,14,12,0,179,0,263,16,0,279,153,277,28,0,458,12,0,12,470
12/25/2017,OGG,HI,AWP,WE,Towers with Radar,159,14,9,0,182,0,200,9,2,211,159,214,18,2,393,2,0,2,395
12/26/2017,OGG,HI,AWP,WE,Towers with Radar,148,14,28,0,190,0,291,26,1,318,148,305,54,1,508,86,0,86,594
12/27/2017,OGG,HI,AWP,WE,Towers with Radar,150,30,29,2,211,0,231,38,0,269,150,261,67,2,480,6,0,6,486
12/28/2017,OGG,HI,AWP,WE,Towers with Radar,160,35,15,0,210,0,260,35,0,295,160,295,50,0,505,58,0,58,563
12/29/2017,OGG,HI,AWP,WE,Towers with Radar,167,39,9,0,215,0,250,26,1,277,167,289,35,1,492,14,0,14,506
12/30/2017,OGG,HI,AWP,WE,Towers with Radar,148,22,17,0,187,0,282,29,0,311,148,304,46,0,498,8,0,8,506
12/31/2017,OGG,HI,AWP,WE,Towers with Radar,160,24,21,0,205,0,281,9,0,290,160,305,30,0,495,4,0,4,499
01/01/2018,OGG,HI,AWP,WE,Towers with Radar,147,23,23,0,193,0,242,18,0,260,147,265,41,0,453,2,0,2,455
01/02/2018,OGG,HI,AWP,WE,Towers with Radar,148,38,33,0,219,0,246,29,0,275,148,284,62,0,494,14,0,14,508
01/03/2018,OGG,HI,AWP,WE,Towers with Radar,150,24,21,0,195,0,262,29,0,291,150,286,50,0,486,12,0,12,498
01/04/2018,OGG,HI,AWP,WE,Towers with Radar,164,31,25,0,220,0,255,37,2,294,164,286,62,2,514,12,0,12,526
01/05/2018,OGG,HI,AWP,WE,Towers with Radar,157,31,13,2,203,0,221,36,4,261,157,252,49,6,464,6,0,6,470
01/06/2018,OGG,HI,AWP,WE,Towers with Radar,155,23,15,3,196,0,200,24,1,225,155,223,39,4,421,16,0,16,437
01/07/2018,OGG,HI,AWP,WE,Towers with Radar,152,20,14,2,188,0,169,22,6,197,152,189,36,8,385,16,0,16,401
01/08/2018,OGG,HI,AWP,WE,Towers with Radar,142,25,20,3,190,0,174,25,1,200,142,199,45,4,390,4,0,4,394
01/09/2018,OGG,HI,AWP,WE,Towers with Radar,135,18,7,2,162,0,172,25,2,199,135,190,32,4,361,42,0,42,403
01/10/2018,OGG,HI,AWP,WE,Towers with Radar,137,23,8,10,178,0,206,10,1,217,137,229,18,11,395,20,0,20,415
01/11/2018,OGG,HI,AWP,WE,Towers with Radar,139,27,7,5,178,0,208,22,1,231,139,235,29,6,409,52,0,52,461
01/12/2018,OGG,HI,AWP,WE,Towers with Radar,145,26,11,0,182,0,213,28,3,244,145,239,39,3,426,70,0,70,496
01/13/2018,OGG,HI,AWP,WE,Towers with Radar,130,19,12,0,161,0,157,21,0,178,130,176,33,0,339,36,0,36,375
01/14/2018,OGG,HI,AWP,WE,Towers with Radar,131,24,5,4,164,0,141,24,1,166,131,165,29,5,330,30,0,30,360
01/15/2018,OGG,HI,AWP,WE,Towers with Radar,121,16,2,0,139,0,171,26,0,197,121,187,28,0,336,52,0,52,388
01/16/2018,OGG,HI,AWP,WE,Towers with Radar,133,30,8,1,172,0,192,28,2,222,133,222,36,3,394,24,0,24,418
01/17/2018,OGG,HI,AWP,WE,Towers with Radar,141,16,8,3,168,0,168,24,0,192,141,184,32,3,360,8,0,8,368
01/18/2018,OGG,HI,AWP,WE,Towers with Radar,141,32,5,3,181,0,164,19,5,188,141,196,24,8,369,28,0,28,397
01/19/2018,OGG,HI,AWP,WE,Towers with Radar,152,24,8,0,184,0,146,14,6,166,152,170,22,6,350,20,0,20,370
01/20/2018,OGG,HI,AWP,WE,Towers with Radar,137,33,11,0,181,0,130,23,0,153,137,163,34,0,334,4,0,4,338
01/21/2018,OGG,HI,AWP,WE,Towers with Radar,135,27,10,0,172,0,136,12,0,148,135,163,22,0,320,22,0,22,342
01/22/2018,OGG,HI,AWP,WE,Towers with Radar,137,32,8,2,179,0,185,16,0,201,137,217,24,2,380,22,0,22,402
01/23/2018,OGG,HI,AWP,WE,Towers with Radar,134,45,10,0,189,0,126,7,2,135,134,171,17,2,324,30,0,30,354
01/24/2018,OGG,HI,AWP,WE,Towers with Radar,144,24,3,2,173,0,211,9,2,222,144,235,12,4,395,14,0,14,409
01/25/2018,OGG,HI,AWP,WE,Towers with Radar,137,28,8,1,174,0,147,21,2,170,137,175,29,3,344,36,0,36,380
01/26/2018,OGG,HI,AWP,WE,Towers with Radar,137,35,5,0,177,0,183,23,0,206,137,218,28,0,383,52,0,52,435
01/27/2018,OGG,HI,AWP,WE,Towers with Radar,134,52,3,0,189,0,146,15,0,161,134,198,18,0,350,58,0,58,408
01/28/2018,OGG,HI,AWP,WE,Towers with Radar,128,20,6,0,154,0,139,17,2,158,128,159,23,2,312,20,0,20,332
01/29/2018,OGG,HI,AWP,WE,Towers with Radar,144,22,2,0,168,0,162,35,0,197,144,184,37,0,365,19,0,19,384
01/30/2018,OGG,HI,AWP,WE,Towers with Radar,129,17,5,2,153,0,185,21,1,207,129,202,26,3,360,5,0,5,365
01/31/2018,OGG,HI,AWP,WE,Towers with Radar,136,18,6,0,160,0,167,7,1,175,136,185,13,1,335,20,0,20,355
02/01/2018,OGG,HI,AWP,WE,Towers with Radar,140,28,9,11,188,0,169,25,4,198,140,197,34,15,386,33,4,37,423
02/02/2018,OGG,HI,AWP,WE,Towers with Radar,150,36,8,0,194,0,180,24,2,206,150,216,32,2,400,14,0,14,414
02/03/2018,OGG,HI,AWP,WE,Towers with Radar,132,22,3,0,157,0,161,25,3,189,132,183,28,3,346,24,0,24,370
02/04/2018,OGG,HI,AWP,WE,Towers with Radar,121,36,4,0,161,0,129,16,3,148,121,165,20,3,309,8,0,8,317
02/05/2018,OGG,HI,AWP,WE,Towers with Radar,137,45,3,4,189,0,89,16,1,106,137,134,19,5,295,4,0,4,299
02/06/2018,OGG,HI,AWP,WE,Towers with Radar,132,23,10,1,166,0,130,7,1,138,132,153,17,2,304,14,0,14,318
02/07/2018,OGG,HI,AWP,WE,Towers with Radar,147,23,5,0,175,0,217,17,0,234,147,240,22,0,409,44,0,44,453
02/08/2018,OGG,HI,AWP,WE,Towers with Radar,140,33,9,12,194,0,186,13,0,199,140,219,22,12,393,42,0,42,435
02/09/2018,OGG,HI,AWP,WE,Towers with Radar,149,29,10,0,188,0,207,34,0,241,149,236,44,0,429,56,0,56,485
02/10/2018,OGG,HI,AWP,WE,Towers with Radar,138,26,5,4,173,0,164,21,4,189,138,190,26,8,362,6,0,6,368
02/11/2018,OGG,HI,AWP,WE,Towers with Radar,135,23,4,4,166,0,168,22,3,193,135,191,26,7,359,34,0,34,393
02/12/2018,OGG,HI,AWP,WE,Towers with Radar,141,25,7,2,175,0,198,32,0,230,141,223,39,2,405,45,9,54,459
02/13/2018,OGG,HI,AWP,WE,Towers with Radar,138,35,5,1,179,0,206,23,0,229,138,241,28,1,408,64,0,64,472
02/14/2018,OGG,HI,AWP,WE,Towers with Radar,145,42,6,2,195,0,148,4,0,152,145,190,10,2,347,18,0,18,365
02/15/2018,OGG,HI,AWP,WE,Towers with Radar,151,71,13,2,237,0,14,6,4,24,151,85,19,6,261,80,0,80,341
02/16/2018,OGG,HI,AWP,WE,Towers with Radar,146,60,7,0,213,0,226,48,3,277,146,286,55,3,490,46,0,46,536
02/17/2018,OGG,HI,AWP,WE,Towers with Radar,132,42,10,0,184,0,151,17,0,168,132,193,27,0,352,30,0,30,382
02/18/2018,OGG,HI,AWP,WE,Towers with Radar,131,59,8,2,200,0,101,12,1,114,131,160,20,3,314,70,0,70,384
02/19/2018,OGG,HI,AWP,WE,Towers with Radar,139,27,4,0,170,0,204,32,0,236,139,231,36,0,406,50,0,50,456
02/20/2018,OGG,HI,AWP,WE,Towers with Radar,143,23,6,2,174,0,207,33,3,243,143,230,39,5,417,12,0,12,429
02/21/2018,OGG,HI,AWP,WE,Towers with Radar,137,33,3,4,177,17,194,29,1,241,154,227,32,5,418,44,0,44,462
02/22/2018,OGG,HI,AWP,WE,Towers with Radar,146,36,6,6,194,18,166,22,4,210,164,202,28,10,404,12,0,12,416
02/23/2018,OGG,HI,AWP,WE,Towers with Radar,148,31,7,1,187,0,197,19,3,219,148,228,26,4,406,40,0,40,446
02/24/2018,OGG,HI,AWP,WE,Towers with Radar,142,48,11,1,202,0,144,8,4,156,142,192,19,5,358,12,0,12,370
02/25/2018,OGG,HI,AWP,WE,Towers with Radar,134,34,9,0,177,0,134,12,0,146,134,168,21,0,323,8,0,8,331
02/26/2018,OGG,HI,AWP,WE,Towers with Radar,154,26,9,3,192,0,192,15,1,208,154,218,24,4,400,6,0,6,406
02/27/2018,OGG,HI,AWP,WE,Towers with Radar,134,26,7,6,173,0,186,26,0,212,134,212,33,6,385,18,0,18,403
02/28/2018,OGG,HI,AWP,WE,Towers with Radar,146,18,5,2,171,0,168,13,0,181,146,186,18,2,352,24,0,24,376
03/01/2018,OGG,HI,AWP,WE,Towers with Radar,155,27,6,4,192,0,213,16,0,229,155,240,22,4,421,24,0,24,445
03/02/2018,OGG,HI,AWP,WE,Towers with Radar,156,38,2,0,196,0,185,29,0,214,156,223,31,0,410,16,0,16,426
03/03/2018,OGG,HI,AWP,WE,Towers with Radar,141,26,5,2,174,0,160,13,0,173,141,186,18,2,347,20,0,20,367
03/04/2018,OGG,HI,AWP,WE,Towers with Radar,147,21,2,0,170,0,167,32,0,199,147,188,34,0,369,8,0,8,377
03/05/2018,OGG,HI,AWP,WE,Towers with Radar,140,20,7,0,167,0,174,17,0,191,140,194,24,0,358,18,0,18,376
03/06/2018,OGG,HI,AWP,WE,Towers with Radar,138,12,5,0,155,0,175,20,0,195,138,187,25,0,350,60,0,60,410
03/07/2018,OGG,HI,AWP,WE,Towers with Radar,147,15,3,8,173,0,211,28,0,239,147,226,31,8,412,36,0,36,448
03/08/2018,OGG,HI,AWP,WE,Towers with Radar,154,28,5,2,189,0,179,16,1,196,154,207,21,3,385,28,0,28,413
03/09/2018,OGG,HI,AWP,WE,Towers with Radar,160,24,5,1,190,0,201,31,2,234,160,225,36,3,424,54,0,54,478
03/10/2018,OGG,HI,AWP,WE,Towers with Radar,154,20,5,0,179,0,203,15,0,218,154,223,20,0,397,2,0,2,399
03/11/2018,OGG,HI,AWP,WE,Towers with Radar,154,18,10,0,182,0,199,24,2,225,154,217,34,2,407,4,0,4,411
03/12/2018,OGG,HI,AWP,WE,Towers with Radar,142,50,10,7,209,0,70,11,6,87,142,120,21,13,296,16,0,16,312
03/13/2018,OGG,HI,AWP,WE,Towers with Radar,148,50,6,4,208,0,156,6,2,164,148,206,12,6,372,24,0,24,396
03/14/2018,OGG,HI,AWP,WE,Towers with Radar,151,37,4,2,194,0,186,7,0,193,151,223,11,2,387,6,0,6,393
03/15/2018,OGG,HI,AWP,WE,Towers with Radar,157,8,8,0,173,0,258,22,4,284,157,266,30,4,457,14,0,14,471
03/16/2018,OGG,HI,AWP,WE,Towers with Radar,156,29,7,0,192,0,210,37,4,251,156,239,44,4,443,23,0,23,466
03/17/2018,OGG,HI,AWP,WE,Towers with Radar,134,21,5,0,160,0,198,27,0,225,134,219,32,0,385,26,0,26,411
03/18/2018,OGG,HI,AWP,WE,Towers with Radar,145,58,11,0,214,0,84,16,2,102,145,142,27,2,316,47,0,47,363
03/19/2018,OGG,HI,AWP,WE,Towers with Radar,163,35,3,4,205,0,89,7,0,96,163,124,10,4,301,60,0,60,361
03/20/2018,OGG,HI,AWP,WE,Towers with Radar,140,20,10,2,172,0,193,24,3,220,140,213,34,5,392,4,0,4,396
03/21/2018,OGG,HI,AWP,WE,Towers with Radar,149,14,11,4,178,0,197,22,0,219,149,211,33,4,397,10,0,10,407
03/22/2018,OGG,HI,AWP,WE,Towers with Radar,147,30,12,4,193,0,155,13,5,173,147,185,25,9,366,14,0,14,380
03/23/2018,OGG,HI,AWP,WE,Towers with Radar,152,19,16,7,194,0,207,20,3,230,152,226,36,10,424,8,0,8,432
03/24/2018,OGG,HI,AWP,WE,Towers with Radar,154,72,13,0,239,0,23,4,0,27,154,95,17,0,266,4,0,4,270
03/25/2018,OGG,HI,AWP,WE,Towers with Radar,142,11,10,0,163,0,147,10,0,157,142,158,20,0,320,24,0,24,344
03/26/2018,OGG,HI,AWP,WE,Towers with Radar,147,33,8,0,188,0,153,10,2,165,147,186,18,2,353,26,0,26,379
03/27/2018,OGG,HI,AWP,WE,Towers with Radar,146,12,7,2,167,0,226,17,0,243,146,238,24,2,410,16,0,16,426
03/28/2018,OGG,HI,AWP,WE,Towers with Radar,137,6,10,2,155,0,246,32,0,278,137,252,42,2,433,48,0,48,481
03/29/2018,OGG,HI,AWP,WE,Towers with Radar,149,22,12,4,187,0,254,40,0,294,149,276,52,4,481,26,0,26,507
03/30/2018,OGG,HI,AWP,WE,Towers with Radar,159,21,11,0,191,0,257,33,0,290,159,278,44,0,481,20,0,20,501
03/31/2018,OGG,HI,AWP,WE,Towers with Radar,148,22,11,0,181,0,203,13,2,218,148,225,24,2,399,26,0,26,425
04/01/2018,OGG,HI,AWP,WE,Towers with Radar,156,26,7,0,189,0,155,16,0,171,156,181,23,0,360,12,0,12,372
04/02/2018,OGG,HI,AWP,WE,Towers with Radar,163,37,17,6,223,0,112,7,0,119,163,149,24,6,342,2,0,2,344
04/03/2018,OGG,HI,AWP,WE,Towers with Radar,157,17,11,0,185,0,221,25,8,254,157,238,36,8,439,6,0,6,445
04/04/2018,OGG,HI,AWP,WE,Towers with Radar,150,22,7,4,183,0,163,21,2,186,150,185,28,6,369,16,0,16,385
04/05/2018,OGG,HI,AWP,WE,Towers with Radar,151,31,14,3,199,0,197,27,1,225,151,228,41,4,424,28,0,28,452
04/06/2018,OGG,HI,AWP,WE,Towers with Radar,153,69,6,2,230,0,11,4,0,15,153,80,10,2,245,0,0,0,245
04/07/2018,OGG,HI,AWP,WE,Towers with Radar,144,69,10,1,224,0,12,2,0,14,144,81,12,1,238,4,0,4,242
04/08/2018,OGG,HI,AWP,WE,Towers with Radar,153,54,16,2,225,0,71,6,0,77,153,125,22,2,302,46,0,46,348
04/09/2018,OGG,HI,AWP,WE,Towers with Radar,136,66,9,0,211,0,58,4,0,62,136,124,13,0,273,4,0,4,277
04/10/2018,OGG,HI,AWP,WE,Towers with Radar,143,20,8,12,183,0,201,26,0,227,143,221,34,12,410,38,0,38,448
04/11/2018,OGG,HI,AWP,WE,Towers with Radar,138,29,6,1,174,0,183,17,1,201,138,212,23,2,375,42,0,42,417
04/12/2018,OGG,HI,AWP,WE,Towers with Radar,148,16,8,0,172,0,212,13,2,227,148,228,21,2,399,82,0,82,481
04/13/2018,OGG,HI,AWP,WE,Towers with Radar,156,19,7,2,184,0,196,35,0,231,156,215,42,2,415,24,0,24,439
04/14/2018,OGG,HI,AWP,WE,Towers with Radar,149,16,8,0,173,0,153,14,0,167,149,169,22,0,340,32,0,32,372
04/15/2018,OGG,HI,AWP,WE,Towers with Radar,148,14,8,0,170,0,151,21,0,172,148,165,29,0,342,14,0,14,356
04/16/2018,OGG,HI,AWP,WE,Towers with Radar,155,14,6,4,179,0,179,23,2,204,155,193,29,6,383,18,0,18,401
04/17/2018,OGG,HI,AWP,WE,Towers with Radar,141,19,4,6,170,0,182,24,6,212,141,201,28,12,382,18,0,18,400
04/18/2018,OGG,HI,AWP,WE,Towers with Radar,137,13,5,5,160,0,208,24,1,233,137,221,29,6,393,28,0,28,421
04/19/2018,OGG,HI,AWP,WE,Towers with Radar,145,15,7,0,167,0,142,32,4,178,145,157,39,4,345,20,0,20,365
04/20/2018,OGG,HI,AWP,WE,Towers with Radar,153,13,8,2,176,0,164,17,4,185,153,177,25,6,361,33,0,33,394
04/21/2018,OGG,HI,AWP,WE,Towers with Radar,153,17,9,1,180,0,177,29,0,206,153,194,38,1,386,12,0,12,398
04/22/2018,OGG,HI,AWP,WE,Towers with Radar,138,16,3,0,157,0,142,14,0,156,138,158,17,0,313,16,0,16,329
04/23/2018,OGG,HI,AWP,WE,Towers with Radar,144,12,2,0,158,0,180,33,0,213,144,192,35,0,371,4,0,4,375
04/24/2018,OGG,HI,AWP,WE,Towers with Radar,141,38,7,0,186,0,122,20,4,146,141,160,27,4,332,21,0,21,353
04/25/2018,OGG,HI,AWP,WE,Towers with Radar,130,17,10,6,163,0,216,29,0,245,130,233,39,6,408,40,2,42,450
04/26/2018,OGG,HI,AWP,WE,Towers with Radar,154,29,5,0,188,0,170,23,4,197,154,199,28,4,385,8,0,8,393
04/27/2018,OGG,HI,AWP,WE,Towers with Radar,152,27,9,3,191,0,145,30,1,176,152,172,39,4,367,18,0,18,385
04/28/2018,OGG,HI,AWP,WE,Towers with Radar,138,74,7,0,219,0,19,8,0,27,138,93,15,0,246,0,0,0,246
04/29/2018,OGG,HI,AWP,WE,Towers with Radar,143,53,8,0,204,0,149,22,0,171,143,202,30,0,375,24,0,24,399
04/30/2018,OGG,HI,AWP,WE,Towers with Radar,142,26,3,9,180,0,167,18,3,188,142,193,21,12,368,2,4,6,374
05/01/2018,OGG,HI,AWP,WE,Towers with Radar,144,9,5,8,166,0,191,29,0,220,144,200,34,8,386,16,0,16,402
05/02/2018,OGG,HI,AWP,WE,Towers with Radar,134,18,5,6,163,0,157,26,0,183,134,175,31,6,346,60,0,60,406
05/03/2018,OGG,HI,AWP,WE,Towers with Radar,149,38,8,0,195,0,127,25,2,154,149,165,33,2,349,20,0,20,369
05/04/2018,OGG,HI,AWP,WE,Towers with Radar,141,40,9,0,190,0,162,14,4,180,141,202,23,4,370,54,0,54,424
05/05/2018,OGG,HI,AWP,WE,Towers with Radar,139,23,3,2,167,0,155,17,2,174,139,178,20,4,341,4,0,4,345
05/06/2018,OGG,HI,AWP,WE,Towers with Radar,136,36,7,2,181,0,126,14,2,142,136,162,21,4,323,2,0,2,325
05/07/2018,OGG,HI,AWP,WE,Towers with Radar,139,64,4,2,209,0,12,7,0,19,139,76,11,2,228,0,0,0,228
05/08/2018,OGG,HI,AWP,WE,Towers with Radar,131,59,3,2,195,0,22,7,2,31,131,81,10,4,226,24,0,24,250
05/09/2018,OGG,HI,AWP,WE,Towers with Radar,140,21,6,2,169,0,239,27,2,268,140,260,33,4,437,12,0,12,449
05/10/2018,OGG,HI,AWP,WE,Towers with Radar,146,53,0,0,199,0,160,23,0,183,146,213,23,0,382,10,0,10,392
05/11/2018,OGG,HI,AWP,WE,Towers with Radar,144,11,7,0,162,0,207,29,2,238,144,218,36,2,400,0,0,0,400
05/12/2018,OGG,HI,AWP,WE,Towers with Radar,138,14,0,4,156,0,193,30,2,225,138,207,30,6,381,14,8,22,403
05/13/2018,OGG,HI,AWP,WE,Towers with Radar,138,11,4,0,153,0,133,25,0,158,138,144,29,0,311,4,0,4,315
05/14/2018,OGG,HI,AWP,WE,Towers with Radar,145,22,0,2,169,0,136,21,0,157,145,158,21,2,326,32,0,32,358
05/15/2018,OGG,HI,AWP,WE,Towers with Radar,135,21,4,0,160,0,199,25,0,224,135,220,29,0,384,6,0,6,390
05/16/2018,OGG,HI,AWP,WE,Towers with Radar,143,15,2,4,164,0,175,35,0,210,143,190,37,4,374,8,0,8,382
05/17/2018,OGG,HI,AWP,WE,Towers with Radar,139,21,5,4,169,0,194,26,2,222,139,215,31,6,391,10,0,10,401
05/18/2018,OGG,HI,AWP,WE,Towers with Radar,151,12,5,4,172,0,218,23,2,243,151,230,28,6,415,4,0,4,419
05/19/2018,OGG,HI,AWP,WE,Towers with Radar,139,14,10,0,163,0,181,19,0,200,139,195,29,0,363,4,0,4,367
05/20/2018,OGG,HI,AWP,WE,Towers with Radar,144,30,8,0,182,0,122,12,0,134,144,152,20,0,316,26,0,26,342
05/21/2018,OGG,HI,AWP,WE,Towers with Radar,141,18,5,6,170,0,204,23,0,227,141,222,28,6,397,16,0,16,413
05/22/2018,OGG,HI,AWP,WE,Towers with Radar,140,11,4,2,157,0,173,30,2,205,140,184,34,4,362,6,0,6,368
05/23/2018,OGG,HI,AWP,WE,Towers with Radar,145,19,7,4,175,0,194,29,0,223,145,213,36,4,398,10,0,10,408
05/24/2018,OGG,HI,AWP,WE,Towers with Radar,148,11,8,12,179,0,210,32,0,242,148,221,40,12,421,10,0,10,431
05/25/2018,OGG,HI,AWP,WE,Towers with Radar,161,15,3,7,186,0,214,38,5,257,161,229,41,12,443,26,0,26,469
05/26/2018,OGG,HI,AWP,WE,Towers with Radar,147,25,4,0,176,0,166,17,0,183,147,191,21,0,359,10,0,10,369
05/27/2018,OGG,HI,AWP,WE,Towers with Radar,137,21,6,0,164,0,146,21,1,168,137,167,27,1,332,32,1,33,365
05/28/2018,OGG,HI,AWP,WE,Towers with Radar,145,15,9,0,169,0,174,34,0,208,145,189,43,0,377,18,0,18,395
05/29/2018,OGG,HI,AWP,WE,Towers with Radar,138,33,11,2,184,0,165,20,4,189,138,198,31,6,373,48,0,48,421
05/30/2018,OGG,HI,AWP,WE,Towers with Radar,141,20,0,6,167,0,192,24,0,216,141,212,24,6,383,38,0,38,421
05/31/2018,OGG,HI,AWP,WE,Towers with Radar,141,16,2,6,165,0,231,31,4,266,141,247,33,10,431,16,0,16,447
06/01/2018,OGG,HI,AWP,WE,Towers with Radar,148,16,4,8,176,0,220,33,2,255,148,236,37,10,431,32,0,32,463
06/02/2018,OGG,HI,AWP,WE,Towers with Radar,139,15,5,1,160,0,162,30,0,192,139,177,35,1,352,12,0,12,364
06/03/2018,OGG,HI,AWP,WE,Towers with Radar,147,12,4,2,165,0,161,21,0,182,147,173,25,2,347,12,0,12,359
06/04/2018,OGG,HI,AWP,WE,Towers with Radar,148,9,4,8,169,0,199,23,1,223,148,208,27,9,392,2,0,2,394
06/05/2018,OGG,HI,AWP,WE,Towers with Radar,145,23,3,5,176,0,235,36,2,273,145,258,39,7,449,4,0,4,453
06/06/2018,OGG,HI,AWP,WE,Towers with Radar,152,12,4,6,174,0,232,34,1,267,152,244,38,7,441,42,0,42,483
06/07/2018,OGG,HI,AWP,WE,Towers with Radar,163,20,3,0,186,0,205,44,3,252,163,225,47,3,438,38,0,38,476
06/08/2018,OGG,HI,AWP,WE,Towers with Radar,151,15,6,2,174,0,195,37,2,234,151,210,43,4,408,26,0,26,434
06/09/2018,OGG,HI,AWP,WE,Towers with Radar,153,16,5,3,177,0,183,26,1,210,153,199,31,4,387,36,0,36,423
06/10/2018,OGG,HI,AWP,WE,Towers with Radar,146,15,3,0,164,0,165,16,0,181,146,180,19,0,345,8,0,8,353
06/11/2018,OGG,HI,AWP,WE,Towers with Radar,161,8,2,2,173,0,203,26,0,229,161,211,28,2,402,14,0,14,416
06/12/2018,OGG,HI,AWP,WE,Towers with Radar,150,17,1,0,168,0,225,28,2,255,150,242,29,2,423,30,0,30,453
06/13/2018,OGG,HI,AWP,WE,Towers with Radar,155,11,3,0,169,0,205,23,2,230,155,216,26,2,399,16,0,16,415
06/14/2018,OGG,HI,AWP,WE,Towers with Radar,148,23,1,5,177,0,205,24,2,231,148,228,25,7,408,50,0,50,458
06/15/2018,OGG,HI,AWP,WE,Towers with Radar,142,17,6,0,165,0,212,24,2,238,142,229,30,2,403,2,0,2,405
06/16/2018,OGG,HI,AWP,WE,Towers with Radar,150,23,9,0,182,0,174,20,0,194,150,197,29,0,376,44,0,44,420
06/17/2018,OGG,HI,AWP,WE,Towers with Radar,148,15,6,0,169,0,178,13,0,191,148,193,19,0,360,18,0,18,378
06/18/2018,OGG,HI,AWP,WE,Towers with Radar,150,8,7,1,166,0,182,23,1,206,150,190,30,2,372,32,0,32,404
06/19/2018,OGG,HI,AWP,WE,Towers with Radar,146,9,1,0,156,0,222,37,4,263,146,231,38,4,419,42,0,42,461
06/20/2018,OGG,HI,AWP,WE,Towers with Radar,146,12,0,2,160,0,235,29,0,264,146,247,29,2,424,44,0,44,468
06/21/2018,OGG,HI,AWP,WE,Towers with Radar,156,17,1,0,174,0,225,43,6,274,156,242,44,6,448,32,0,32,480
06/22/2018,OGG,HI,AWP,WE,Towers with Radar,159,14,3,0,176,0,214,34,0,248,159,228,37,0,424,25,0,25,449
06/23/2018,OGG,HI,AWP,WE,Towers with Radar,145,9,7,6,167,0,187,20,5,212,145,196,27,11,379,26,0,26,405
06/24/2018,OGG,HI,AWP,WE,Towers with Radar,153,14,4,0,171,0,201,22,0,223,153,215,26,0,394,10,0,10,404
06/25/2018,OGG,HI,AWP,WE,Towers with Radar,145,13,7,2,167,0,217,16,0,233,145,230,23,2,400,8,0,8,408
06/26/2018,OGG,HI,AWP,WE,Towers with Radar,150,17,5,1,173,0,211,29,1,241,150,228,34,2,414,21,0,21,435
06/27/2018,OGG,HI,AWP,WE,Towers with Radar,151,13,4,0,168,0,212,23,0,235,151,225,27,0,403,58,0,58,461
06/28/2018,OGG,HI,AWP,WE,Towers with Radar,160,30,3,0,193,0,157,25,4,186,160,187,28,4,379,48,0,48,427
06/29/2018,OGG,HI,AWP,WE,Towers with Radar,158,15,7,0,180,0,232,26,3,261,158,247,33,3,441,40,0,40,481
06/30/2018,OGG,HI,AWP,WE,Towers with Radar,156,12,6,0,174,0,196,30,1,227,156,208,36,1,401,48,0,48,449
07/01/2018,OGG,HI,AWP,WE,Towers with Radar,149,14,5,0,168,0,193,22,0,215,149,207,27,0,383,66,0,66,449
07/02/2018,OGG,HI,AWP,WE,Towers with Radar,159,31,2,4,196,0,206,17,0,223,159,237,19,4,419,37,0,37,456
07/03/2018,OGG,HI,AWP,WE,Towers with Radar,152,13,3,0,168,0,246,26,2,274,152,259,29,2,442,48,0,48,490
07/04/2018,OGG,HI,AWP,WE,Towers with Radar,146,13,3,0,162,0,229,18,0,247,146,242,21,0,409,6,0,6,415
07/05/2018,OGG,HI,AWP,WE,Towers with Radar,154,19,8,3,184,0,267,29,1,297,154,286,37,4,481,36,0,36,517
07/06/2018,OGG,HI,AWP,WE,Towers with Radar,158,11,5,0,174,0,258,25,0,283,158,269,30,0,457,32,0,32,489
07/07/2018,OGG,HI,AWP,WE,Towers with Radar,147,38,12,4,201,0,101,17,0,118,147,139,29,4,319,6,0,6,325
07/08/2018,OGG,HI,AWP,WE,Towers with Radar,149,19,5,2,175,0,216,35,2,253,149,235,40,4,428,10,0,10,438
07/09/2018,OGG,HI,AWP,WE,Towers with Radar,164,6,7,1,178,0,233,31,0,264,164,239,38,1,442,28,0,28,470
07/10/2018,OGG,HI,AWP,WE,Towers with Radar,155,9,6,0,170,0,231,22,0,253,155,240,28,0,423,30,0,30,453
07/11/2018,OGG,HI,AWP,WE,Towers with Radar,156,12,3,0,171,0,237,30,4,271,156,249,33,4,442,32,0,32,474
07/12/2018,OGG,HI,AWP,WE,Towers with Radar,156,27,3,1,187,0,213,36,5,254,156,240,39,6,441,83,0,83,524
07/13/2018,OGG,HI,AWP,WE,Towers with Radar,155,37,7,2,201,0,230,36,3,269,155,267,43,5,470,42,0,42,512
07/14/2018,OGG,HI,AWP,WE,Towers with Radar,150,21,13,12,196,0,186,17,3,206,150,207,30,15,402,20,0,20,422
07/15/2018,OGG,HI,AWP,WE,Towers with Radar,150,18,5,0,173,0,198,21,2,221,150,216,26,2,394,60,0,60,454
07/16/2018,OGG,HI,AWP,WE,Towers with Radar,151,11,5,1,168,0,257,18,0,275,151,268,23,1,443,13,0,13,456
07/17/2018,OGG,HI,AWP,WE,Towers with Radar,156,23,8,6,193,0,265,37,5,307,156,288,45,11,500,42,0,42,542
07/18/2018,OGG,HI,AWP,WE,Towers with Radar,149,16,12,1,178,0,246,26,6,278,149,262,38,7,456,46,0,46,502
07/19/2018,OGG,HI,AWP,WE,Towers with Radar,153,8,3,2,166,0,246,30,2,278,153,254,33,4,444,34,0,34,478
07/20/2018,OGG,HI,AWP,WE,Towers with Radar,150,12,3,0,165,0,234,44,6,284,150,246,47,6,449,34,0,34,483
07/21/2018,OGG,HI,AWP,WE,Towers with Radar,139,28,4,0,171,0,175,17,6,198,139,203,21,6,369,30,0,30,399
07/22/2018,OGG,HI,AWP,WE,Towers with Radar,147,20,9,0,176,0,204,31,2,237,147,224,40,2,413,26,0,26,439
07/23/2018,OGG,HI,AWP,WE,Towers with Radar,141,23,10,6,180,0,201,27,0,228,141,224,37,6,408,30,0,30,438
07/24/2018,OGG,HI,AWP,WE,Towers with Radar,153,6,5,0,164,0,230,31,2,263,153,236,36,2,427,31,0,31,458
07/25/2018,OGG,HI,AWP,WE,Towers with Radar,152,20,13,2,187,0,217,27,0,244,152,237,40,2,431,22,0,22,453
07/26/2018,OGG,HI,AWP,WE,Towers with Radar,153,16,13,4,186,0,213,29,3,245,153,229,42,7,431,40,0,40,471
07/27/2018,OGG,HI,AWP,WE,Towers with Radar,154,15,5,4,178,0,259,27,0,286,154,274,32,4,464,44,0,44,508
07/28/2018,OGG,HI,AWP,WE,Towers with Radar,144,11,10,0,165,0,224,18,2,244,144,235,28,2,409,2,0,2,411
07/29/2018,OGG,HI,AWP,WE,Towers with Radar,146,17,5,0,168,0,215,21,0,236,146,232,26,0,404,32,0,32,436
07/30/2018,OGG,HI,AWP,WE,Towers with Radar,147,14,5,5,171,0,206,30,5,241,147,220,35,10,412,18,0,18,430
07/31/2018,OGG,HI,AWP,WE,Towers with Radar,155,8,3,0,166,0,230,26,2,258,155,238,29,2,424,14,0,14,438
08/01/2018,OGG,HI,AWP,WE,Towers with Radar,153,18,12,1,184,0,220,10,0,230,153,238,22,1,414,74,0,74,488
08/02/2018,OGG,HI,AWP,WE,Towers with Radar,144,14,5,2,165,0,231,37,3,271,144,245,42,5,436,70,0,70,506
08/03/2018,OGG,HI,AWP,WE,Towers with Radar,143,20,3,4,170,0,227,28,2,257,143,247,31,6,427,50,0,50,477
08/04/2018,OGG,HI,AWP,WE,Towers with Radar,156,27,7,2,192,0,175,18,3,196,156,202,25,5,388,48,0,48,436
08/05/2018,OGG,HI,AWP,WE,Towers with Radar,143,11,10,6,170,0,204,13,8,225,143,215,23,14,395,12,0,12,407
08/06/2018,OGG,HI,AWP,WE,Towers with Radar,159,9,5,6,179,0,226,29,0,255,159,235,34,6,434,40,0,40,474
08/07/2018,OGG,HI,AWP,WE,Towers with Radar,161,9,5,0,175,0,259,12,3,274,161,268,17,3,449,22,0,22,471
08/08/2018,OGG,HI,AWP,WE,Towers with Radar,150,39,7,7,203,0,137,18,1,156,150,176,25,8,359,20,0,20,379
08/09/2018,OGG,HI,AWP,WE,Towers with Radar,148,86,8,5,247,0,23,4,6,33,148,109,12,11,280,2,0,2,282
08/10/2018,OGG,HI,AWP,WE,Towers with Radar,161,31,10,5,207,0,200,35,6,241,161,231,45,11,448,18,0,18,466
08/11/2018,OGG,HI,AWP,WE,Towers with Radar,155,12,5,0,172,0,210,22,2,234,155,222,27,2,406,10,0,10,416
08/12/2018,OGG,HI,AWP,WE,Towers with Radar,160,9,5,0,174,0,234,25,0,259,160,243,30,0,433,52,0,52,485
08/13/2018,OGG,HI,AWP,WE,Towers with Radar,146,11,4,17,178,0,219,24,2,245,146,230,28,19,423,8,0,8,431
08/14/2018,OGG,HI,AWP,WE,Towers with Radar,147,14,6,1,168,0,231,26,2,259,147,245,32,3,427,40,0,40,467
08/15/2018,OGG,HI,AWP,WE,Towers with Radar,149,20,6,5,180,0,218,39,0,257,149,238,45,5,437,26,0,26,463
08/16/2018,OGG,HI,AWP,WE,Towers with Radar,149,18,4,0,171,0,206,45,0,251,149,224,49,0,422,18,0,18,440
08/17/2018,OGG,HI,AWP,WE,Towers with Radar,151,19,6,1,177,0,190,25,3,218,151,209,31,4,395,48,0,48,443
08/18/2018,OGG,HI,AWP,WE,Towers with Radar,147,23,9,0,179,0,175,15,3,193,147,198,24,3,372,80,0,80,452
08/19/2018,OGG,HI,AWP,WE,Towers with Radar,139,19,4,1,163,0,162,24,0,186,139,181,28,1,349,42,0,42,391
08/20/2018,OGG,HI,AWP,WE,Towers with Radar,147,13,3,4,167,0,206,39,1,246,147,219,42,5,413,2,0,2,415
08/21/2018,OGG,HI,AWP,WE,Towers with Radar,135,34,7,1,177,0,166,24,3,193,135,200,31,4,370,14,0,14,384
08/22/2018,OGG,HI,AWP,WE,Towers with Radar,131,27,6,1,165,0,112,9,2,123,131,139,15,3,288,22,0,22,310
08/23/2018,OGG,HI,AWP,WE,Towers with Radar,133,31,8,0,172,0,21,0,0,21,133,52,8,0,193,0,0,0,193
08/24/2018,OGG,HI,AWP,WE,Towers with Radar,95,29,0,0,124,0,16,1,0,17,95,45,1,0,141,4,0,4,145
08/25/2018,OGG,HI,AWP,WE,Towers with Radar,148,44,3,0,195,0,38,4,2,44,148,82,7,2,239,34,0,34,273
08/26/2018,OGG,HI,AWP,WE,Towers with Radar,143,33,4,4,184,0,53,14,0,67,143,86,18,4,251,20,0,20,271
08/27/2018,OGG,HI,AWP,WE,Towers with Radar,148,19,5,2,174,0,140,18,2,160,148,159,23,4,334,70,0,70,404
08/28/2018,OGG,HI,AWP,WE,Towers with Radar,145,16,4,5,170,0,157,33,3,193,145,173,37,8,363,6,0,6,369
08/29/2018,OGG,HI,AWP,WE,Towers with Radar,139,7,0,0,146,0,159,21,0,180,139,166,21,0,326,6,0,6,332
08/30/2018,OGG,HI,AWP,WE,Towers with Radar,138,9,4,2,153,0,162,30,6,198,138,171,34,8,351,34,6,40,391
08/31/2018,OGG,HI,AWP,WE,Towers with Radar,146,22,8,0,176,0,195,23,2,220,146,217,31,2,396,38,0,38,434
09/01/2018,OGG,HI,AWP,WE,Towers with Radar,141,8,4,0,153,0,174,24,4,202,141,182,28,4,355,62,0,62,417
09/02/2018,OGG,HI,AWP,WE,Towers with Radar,135,14,3,1,153,0,175,27,1,203,135,189,30,2,356,106,2,108,464
09/03/2018,OGG,HI,AWP,WE,Towers with Radar,137,19,6,2,164,0,179,22,1,202,137,198,28,3,366,2,0,2,368
09/04/2018,OGG,HI,AWP,WE,Towers with Radar,139,42,6,4,191,0,148,13,0,161,139,190,19,4,352,10,0,10,362
09/05/2018,OGG,HI,AWP,WE,Towers with Radar,137,16,5,4,162,0,204,14,4,222,137,220,19,8,384,22,0,22,406
09/06/2018,OGG,HI,AWP,WE,Towers with Radar,139,15,0,0,154,0,183,23,4,210,139,198,23,4,364,50,0,50,414
09/07/2018,OGG,HI,AWP,WE,Towers with Radar,141,32,4,0,177,0,139,21,3,163,141,171,25,3,340,12,0,12,352
09/08/2018,OGG,HI,AWP,WE,Towers with Radar,137,7,6,3,153,0,159,19,1,179,137,166,25,4,332,16,0,16,348
09/09/2018,OGG,HI,AWP,WE,Towers with Radar,130,8,4,2,144,0,154,25,1,180,130,162,29,3,324,30,0,30,354
09/10/2018,OGG,HI,AWP,WE,Towers with Radar,139,12,4,2,157,0,209,26,2,237,139,221,30,4,394,6,0,6,400
09/11/2018,OGG,HI,AWP,WE,Towers with Radar,135,54,3,0,192,0,23,8,0,31,135,77,11,0,223,2,0,2,225
09/12/2018,OGG,HI,AWP,WE,Towers with Radar,131,48,0,0,179,0,8,0,3,11,131,56,0,3,190,8,0,8,198
09/13/2018,OGG,HI,AWP,WE,Towers with Radar,145,29,1,0,175,0,123,18,6,147,145,152,19,6,322,24,0,24,346
09/14/2018,OGG,HI,AWP,WE,Towers with Radar,135,19,0,0,154,0,222,24,6,252,135,241,24,6,406,54,0,54,460
09/15/2018,OGG,HI,AWP,WE,Towers with Radar,145,22,3,0,170,0,173,13,5,191,145,195,16,5,361,4,0,4,365
09/16/2018,OGG,HI,AWP,WE,Towers with Radar,143,12,4,2,161,0,179,16,3,198,143,191,20,5,359,4,0,4,363
09/17/2018,OGG,HI,AWP,WE,Towers with Radar,138,29,5,2,174,0,197,18,0,215,138,226,23,2,389,4,0,4,393
09/18/2018,OGG,HI,AWP,WE,Towers with Radar,137,29,5,0,171,0,187,16,3,206,137,216,21,3,377,28,4,32,409
09/19/2018,OGG,HI,AWP,WE,Towers with Radar,143,20,3,8,174,0,232,26,0,258,143,252,29,8,432,8,0,8,440
09/20/2018,OGG,HI,AWP,WE,Towers with Radar,143,17,5,4,169,0,201,34,0,235,143,218,39,4,404,10,0,10,414
09/21/2018,OGG,HI,AWP,WE,Towers with Radar,107,10,0,1,118,0,181,31,1,213,107,191,31,2,331,12,0,12,343
09/22/2018,OGG,HI,AWP,WE,Towers with Radar,141,10,9,0,160,0,183,28,3,214,141,193,37,3,374,2,0,2,376
09/23/2018,OGG,HI,AWP,WE,Towers with Radar,133,17,7,0,157,0,165,19,0,184,133,182,26,0,341,50,0,50,391
09/24/2018,OGG,HI,AWP,WE,Towers with Radar,139,14,0,12,165,0,183,30,2,215,139,197,30,14,380,20,2,22,402
09/25/2018,OGG,HI,AWP,WE,Towers with Radar,138,13,2,0,153,0,214,37,4,255,138,227,39,4,408,40,0,40,448
09/26/2018,OGG,HI,AWP,WE,Towers with Radar,133,11,4,7,155,0,200,38,1,239,133,211,42,8,394,82,10,92,486
09/27/2018,OGG,HI,AWP,WE,Towers with Radar,141,49,3,0,193,0,57,7,0,64,141,106,10,0,257,42,0,42,299
09/28/2018,OGG,HI,AWP,WE,Towers with Radar,139,17,2,0,158,0,204,35,0,239,139,221,37,0,397,18,0,18,415
09/29/2018,OGG,HI,AWP,WE,Towers with Radar,144,24,4,0,172,0,178,21,0,199,144,202,25,0,371,28,0,28,399
09/30/2018,OGG,HI,AWP,WE,Towers with Radar,136,15,9,0,160,0,159,22,0,181,136,174,31,0,341,2,0,2,343
10/01/2018,OGG,HI,AWP,WE,Towers with Radar,132,12,3,0,147,0,175,44,0,219,132,187,47,0,366,46,0,46,412
10/02/2018,OGG,HI,AWP,WE,Towers with Radar,135,17,9,0,161,0,188,28,4,220,135,205,37,4,381,16,0,16,397
10/03/2018,OGG,HI,AWP,WE,Towers with Radar,144,12,2,0,158,0,202,46,2,250,144,214,48,2,408,16,2,18,426
10/04/2018,OGG,HI,AWP,WE,Towers with Radar,141,19,4,3,167,0,190,39,4,233,141,209,43,7,400,40,0,40,440
10/05/2018,OGG,HI,AWP,WE,Towers with Radar,141,19,10,0,170,0,210,25,1,236,141,229,35,1,406,28,0,28,434
10/06/2018,OGG,HI,AWP,WE,Towers with Radar,151,20,5,0,176,0,166,30,2,198,151,186,35,2,374,42,0,42,416
10/07/2018,OGG,HI,AWP,WE,Towers with Radar,138,22,3,2,165,0,166,18,0,184,138,188,21,2,349,8,0,8,357
10/08/2018,OGG,HI,AWP,WE,Towers with Radar,130,19,5,0,154,0,186,41,0,227,130,205,46,0,381,54,0,54,435
10/09/2018,OGG,HI,AWP,WE,Towers with Radar,132,16,7,0,155,0,202,29,0,231,132,218,36,0,386,52,0,52,438
10/10/2018,OGG,HI,AWP,WE,Towers with Radar,125,15,5,8,153,0,184,38,2,224,125,199,43,10,377,80,0,80,457
10/11/2018,OGG,HI,AWP,WE,Towers with Radar,139,22,5,1,167,0,199,38,8,245,139,221,43,9,412,128,6,134,546
10/12/2018,OGG,HI,AWP,WE,Towers with Radar,135,35,6,0,176,0,152,20,2,174,135,187,26,2,350,4,0,4,354
10/13/2018,OGG,HI,AWP,WE,Towers with Radar,147,28,7,2,184,0,115,13,0,128,147,143,20,2,312,22,0,22,334
10/14/2018,OGG,HI,AWP,WE,Towers with Radar,142,15,11,2,170,0,172,27,2,201,142,187,38,4,371,10,0,10,381
10/15/2018,OGG,HI,AWP,WE,Towers with Radar,138,29,5,0,172,0,166,26,0,192,138,195,31,0,364,34,0,34,398
10/16/2018,OGG,HI,AWP,WE,Towers with Radar,125,23,5,0,153,0,195,34,0,229,125,218,39,0,382,44,0,44,426
10/17/2018,OGG,HI,AWP,WE,Towers with Radar,135,36,1,7,179,0,166,27,2,195,135,202,28,9,374,18,0,18,392
10/18/2018,OGG,HI,AWP,WE,Towers with Radar,135,43,6,4,188,0,215,17,2,234,135,258,23,6,422,44,0,44,466
10/19/2018,OGG,HI,AWP,WE,Towers with Radar,143,32,5,1,181,0,197,34,1,232,143,229,39,2,413,48,0,48,461
10/20/2018,OGG,HI,AWP,WE,Towers with Radar,141,28,5,0,174,0,171,15,2,188,141,199,20,2,362,14,0,14,376
10/21/2018,OGG,HI,AWP,WE,Towers with Radar,141,22,7,0,170,0,144,27,0,171,141,166,34,0,341,10,0,10,351
10/22/2018,OGG,HI,AWP,WE,Towers with Radar,129,19,4,0,152,0,188,29,0,217,129,207,33,0,369,52,0,52,421
10/23/2018,OGG,HI,AWP,WE,Towers with Radar,122,21,7,0,150,0,194,28,2,224,122,215,35,2,374,24,0,24,398
10/24/2018,OGG,HI,AWP,WE,Towers with Radar,139,18,4,2,163,0,219,37,3,259,139,237,41,5,422,52,0,52,474
10/25/2018,OGG,HI,AWP,WE,Towers with Radar,139,39,4,1,183,0,196,38,2,236,139,235,42,3,419,36,0,36,455
10/26/2018,OGG,HI,AWP,WE,Towers with Radar,138,30,7,0,175,0,191,33,0,224,138,221,40,0,399,42,0,42,441
10/27/2018,OGG,HI,AWP,WE,Towers with Radar,136,11,4,0,151,0,163,26,0,189,136,174,30,0,340,10,0,10,350
10/28/2018,OGG,HI,AWP,WE,Towers with Radar,139,18,6,3,166,0,133,28,3,164,139,151,34,6,330,24,0,24,354
10/29/2018,OGG,HI,AWP,WE,Towers with Radar,136,23,4,0,163,0,147,37,0,184,136,170,41,0,347,36,0,36,383
10/30/2018,OGG,HI,AWP,WE,Towers with Radar,146,59,2,1,208,0,84,8,1,93,146,143,10,2,301,42,0,42,343
10/31/2018,OGG,HI,AWP,WE,Towers with Radar,123,25,6,1,155,0,173,18,1,192,123,198,24,2,347,142,2,144,491
11/01/2018,OGG,HI,AWP,WE,Towers with Radar,136,27,7,0,170,0,167,23,0,190,136,194,30,0,360,140,0,140,500
11/02/2018,OGG,HI,AWP,WE,Towers with Radar,134,20,8,1,163,0,171,32,3,206,134,191,40,4,369,36,0,36,405
11/03/2018,OGG,HI,AWP,WE,Towers with Radar,146,13,5,3,167,0,130,26,0,156,146,143,31,3,323,26,0,26,349
11/04/2018,OGG,HI,AWP,WE,Towers with Radar,139,20,10,5,174,0,162,13,1,176,139,182,23,6,350,8,0,8,358
11/05/2018,OGG,HI,AWP,WE,Towers with Radar,138,23,5,1,167,0,172,28,3,203,138,195,33,4,370,26,0,26,396
11/06/2018,OGG,HI,AWP,WE,Towers with Radar,136,21,6,0,163,0,185,22,4,211,136,206,28,4,374,24,0,24,398
11/07/2018,OGG,HI,AWP,WE,Towers with Radar,138,20,3,2,163,0,166,28,3,197,138,186,31,5,360,6,6,12,372
11/08/2018,OGG,HI,AWP,WE,Towers with Radar,145,27,6,5,183,0,209,29,3,241,145,236,35,8,424,34,0,34,458
11/09/2018,OGG,HI,AWP,WE,Towers with Radar,155,20,5,0,180,0,204,28,0,232,155,224,33,0,412,26,0,26,438
11/10/2018,OGG,HI,AWP,WE,Towers with Radar,153,62,6,0,221,0,54,8,2,64,153,116,14,2,285,20,0,20,305
11/11/2018,OGG,HI,AWP,WE,Towers with Radar,147,25,6,0,178,0,156,23,0,179,147,181,29,0,357,40,0,40,397
11/12/2018,OGG,HI,AWP,WE,Towers with Radar,134,26,5,2,167,0,189,26,2,217,134,215,31,4,384,61,0,61,445
11/13/2018,OGG,HI,AWP,WE,Towers with Radar,136,18,12,3,169,0,207,31,1,239,136,225,43,4,408,34,0,34,442
11/14/2018,OGG,HI,AWP,WE,Towers with Radar,140,22,5,0,167,0,179,58,3,240,140,201,63,3,407,48,0,48,455
11/15/2018,OGG,HI,AWP,WE,Towers with Radar,147,22,8,0,177,0,196,27,0,223,147,218,35,0,400,82,0,82,482
11/16/2018,OGG,HI,AWP,WE,Towers with Radar,153,25,12,2,192,0,185,40,2,227,153,210,52,4,419,78,0,78,497
11/17/2018,OGG,HI,AWP,WE,Towers with Radar,151,68,19,0,238,0,36,3,0,39,151,104,22,0,277,30,0,30,307
11/18/2018,OGG,HI,AWP,WE,Towers with Radar,144,25,11,0,180,0,157,41,0,198,144,182,52,0,378,48,0,48,426
11/19/2018,OGG,HI,AWP,WE,Towers with Radar,137,25,8,1,171,0,184,29,1,214,137,209,37,2,385,38,0,38,423
11/20/2018,OGG,HI,AWP,WE,Towers with Radar,145,32,9,1,187,18,192,24,2,236,163,224,33,3,423,68,0,68,491
11/21/2018,OGG,HI,AWP,WE,Towers with Radar,149,19,11,6,185,0,224,32,0,256,149,243,43,6,441,12,0,12,453
11/22/2018,OGG,HI,AWP,WE,Towers with Radar,145,23,5,0,173,0,138,14,1,153,145,161,19,1,326,24,0,24,350
11/23/2018,OGG,HI,AWP,WE,Towers with Radar,148,19,4,0,171,0,213,29,2,244,148,232,33,2,415,14,0,14,429
11/24/2018,OGG,HI,AWP,WE,Towers with Radar,148,14,12,0,174,0,178,20,2,200,148,192,32,2,374,38,0,38,412
11/25/2018,OGG,HI,AWP,WE,Towers with Radar,139,19,11,0,169,0,168,27,3,198,139,187,38,3,367,20,0,20,387
11/26/2018,OGG,HI,AWP,WE,Towers with Radar,145,28,6,5,184,0,154,31,2,187,145,182,37,7,371,8,0,8,379
11/27/2018,OGG,HI,AWP,WE,Towers with Radar,138,14,8,0,160,0,177,30,1,208,138,191,38,1,368,142,0,142,510
11/28/2018,OGG,HI,AWP,WE,Towers with Radar,143,16,8,2,169,0,164,18,2,184,143,180,26,4,353,68,0,68,421
11/29/2018,OGG,HI,AWP,WE,Towers with Radar,138,20,7,0,165,0,186,30,2,218,138,206,37,2,383,10,0,10,393
11/30/2018,OGG,HI,AWP,WE,Towers with Radar,153,16,9,5,183,0,155,20,1,176,153,171,29,6,359,53,2,55,414
12/01/2018,OGG,HI,AWP,WE,Towers with Radar,150,36,3,3,192,0,104,12,5,121,150,140,15,8,313,0,0,0,313
12/02/2018,OGG,HI,AWP,WE,Towers with Radar,145,24,8,2,179,0,109,18,0,127,145,133,26,2,306,4,0,4,310
12/03/2018,OGG,HI,AWP,WE,Towers with Radar,145,22,6,8,181,0,165,40,0,205,145,187,46,8,386,18,0,18,404
12/04/2018,OGG,HI,AWP,WE,Towers with Radar,143,21,8,2,174,0,156,27,3,186,143,177,35,5,360,72,2,74,434
12/05/2018,OGG,HI,AWP,WE,Towers with Radar,135,21,6,0,162,0,177,32,0,209,135,198,38,0,371,30,0,30,401
12/06/2018,OGG,HI,AWP,WE,Towers with Radar,145,16,4,4,169,0,196,29,1,226,145,212,33,5,395,8,0,8,403
12/07/2018,OGG,HI,AWP,WE,Towers with Radar,152,27,8,0,187,0,193,41,0,234,152,220,49,0,421,20,0,20,441
12/08/2018,OGG,HI,AWP,WE,Towers with Radar,146,30,10,0,186,0,126,13,2,141,146,156,23,2,327,18,0,18,345
12/09/2018,OGG,HI,AWP,WE,Towers with Radar,150,24,6,0,180,0,128,25,0,153,150,152,31,0,333,0,0,0,333
12/10/2018,OGG,HI,AWP,WE,Towers with Radar,145,21,3,5,174,0,148,20,1,169,145,169,23,6,343,24,2,26,369
12/11/2018,OGG,HI,AWP,WE,Towers with Radar,138,31,2,0,171,0,124,19,0,143,138,155,21,0,314,48,0,48,362
12/12/2018,OGG,HI,AWP,WE,Towers with Radar,142,24,3,1,170,0,172,25,0,197,142,196,28,1,367,42,0,42,409
12/13/2018,OGG,HI,AWP,WE,Towers with Radar,142,19,3,0,164,0,152,22,0,174,142,171,25,0,338,40,0,40,378
12/14/2018,OGG,HI,AWP,WE,Towers with Radar,154,19,4,4,181,0,141,24,1,166,154,160,28,5,347,22,0,22,369
12/15/2018,OGG,HI,AWP,WE,Towers with Radar,148,18,9,0,175,0,133,25,2,160,148,151,34,2,335,24,0,24,359
12/16/2018,OGG,HI,AWP,WE,Towers with Radar,144,14,8,0,166,0,151,14,0,165,144,165,22,0,331,34,0,34,365
12/17/2018,OGG,HI,AWP,WE,Towers with Radar,144,20,6,0,170,0,160,24,0,184,144,180,30,0,354,4,0,4,358
12/18/2018,OGG,HI,AWP,WE,Towers with Radar,130,22,9,0,161,0,185,24,0,209,130,207,33,0,370,84,0,84,454
12/19/2018,OGG,HI,AWP,WE,Towers with Radar,167,48,13,1,229,0,121,12,0,133,167,169,25,1,362,42,0,42,404
12/20/2018,OGG,HI,AWP,WE,Towers with Radar,164,34,9,2,209,0,188,33,4,225,164,222,42,6,434,72,0,72,506
12/21/2018,OGG,HI,AWP,WE,Towers with Radar,173,38,16,2,229,0,197,30,1,228,173,235,46,3,457,34,0,34,491
12/22/2018,OGG,HI,AWP,WE,Towers with Radar,176,18,19,0,213,0,209,38,0,247,176,227,57,0,460,18,0,18,478
12/23/2018,OGG,HI,AWP,WE,Towers with Radar,166,20,12,0,198,0,224,16,0,240,166,244,28,0,438,16,0,16,454
12/24/2018,OGG,HI,AWP,WE,Towers with Radar,176,52,9,0,237,0,80,17,0,97,176,132,26,0,334,4,0,4,338
12/25/2018,OGG,HI,AWP,WE,Towers with Radar,155,26,6,0,187,0,144,15,0,159,155,170,21,0,346,4,0,4,350
12/26/2018,OGG,HI,AWP,WE,Towers with Radar,170,23,26,3,222,0,297,34,1,332,170,320,60,4,554,22,2,24,578
12/27/2018,OGG,HI,AWP,WE,Towers with Radar,171,31,19,2,223,0,308,34,0,342,171,339,53,2,565,16,0,16,581
12/28/2018,OGG,HI,AWP,WE,Towers with Radar,184,33,9,0,226,0,255,29,0,284,184,288,38,0,510,42,0,42,552
12/29/2018,OGG,HI,AWP,WE,Towers with Radar,157,33,10,1,201,0,272,31,1,304,157,305,41,2,505,10,0,10,515
12/30/2018,OGG,HI,AWP,WE,Towers with Radar,169,21,17,0,207,0,279,29,0,308,169,300,46,0,515,50,0,50,565
12/31/2018,OGG,HI,AWP,WE,Towers with Radar,171,25,9,0,205,0,252,25,0,277,171,277,34,0,482,12,11,23,505
01/01/2019,OGG,HI,AWP,WE,Towers with Radar,152,19,17,0,188,0,200,19,0,219,152,219,36,0,407,32,0,32,439
01/02/2019,OGG,HI,AWP,WE,Towers with Radar,171,28,28,0,227,0,278,44,0,322,171,306,72,0,549,36,0,36,585
01/03/2019,OGG,HI,AWP,WE,Towers with Radar,164,27,14,0,205,0,250,26,0,276,164,277,40,0,481,8,0,8,489
01/04/2019,OGG,HI,AWP,WE,Towers with Radar,168,30,22,0,220,0,213,24,0,237,168,243,46,0,457,18,0,18,475
01/05/2019,OGG,HI,AWP,WE,Towers with Radar,158,23,21,2,204,0,193,26,3,222,158,216,47,5,426,18,0,18,444
01/06/2019,OGG,HI,AWP,WE,Towers with Radar,153,26,14,5,198,0,154,27,1,182,153,180,41,6,380,44,0,44,424
01/07/2019,OGG,HI,AWP,WE,Towers with Radar,142,19,15,10,186,0,201,37,0,238,142,220,52,10,424,2,0,2,426
01/08/2019,OGG,HI,AWP,WE,Towers with Radar,139,15,12,14,180,0,188,42,1,231,139,203,54,15,411,24,0,24,435
01/09/2019,OGG,HI,AWP,WE,Towers with Radar,148,37,11,3,199,0,139,29,5,173,148,176,40,8,372,64,2,66,438
01/10/2019,OGG,HI,AWP,WE,Towers with Radar,140,22,15,3,180,0,225,33,1,259,140,247,48,4,439,62,0,62,501
01/11/2019,OGG,HI,AWP,WE,Towers with Radar,148,20,10,5,183,0,177,31,2,210,148,197,41,7,393,18,0,18,411
01/12/2019,OGG,HI,AWP,WE,Towers with Radar,147,27,13,2,189,0,135,17,0,152,147,162,30,2,341,24,0,24,365
01/13/2019,OGG,HI,AWP,WE,Towers with Radar,145,21,8,1,175,0,140,20,0,160,145,161,28,1,335,10,0,10,345
01/14/2019,OGG,HI,AWP,WE,Towers with Radar,133,20,6,2,161,0,151,42,0,193,133,171,48,2,354,26,0,26,380
01/15/2019,OGG,HI,AWP,WE,Towers with Radar,136,17,12,0,165,0,196,31,0,227,136,213,43,0,392,48,0,48,440
01/16/2019,OGG,HI,AWP,WE,Towers with Radar,147,20,8,3,178,0,183,33,1,217,147,203,41,4,395,34,0,34,429
01/17/2019,OGG,HI,AWP,WE,Towers with Radar,141,29,7,6,183,0,226,25,3,254,141,255,32,9,437,30,6,36,473
01/18/2019,OGG,HI,AWP,WE,Towers with Radar,154,23,4,4,185,0,178,18,2,198,154,201,22,6,383,8,0,8,391
01/19/2019,OGG,HI,AWP,WE,Towers with Radar,150,22,10,0,182,0,163,34,2,199,150,185,44,2,381,40,0,40,421
01/20/2019,OGG,HI,AWP,WE,Towers with Radar,137,17,3,1,158,0,147,43,1,191,137,164,46,2,349,22,0,22,371
01/21/2019,OGG,HI,AWP,WE,Towers with Radar,142,18,6,0,166,0,201,27,0,228,142,219,33,0,394,48,0,48,442
01/22/2019,OGG,HI,AWP,WE,Towers with Radar,142,22,5,4,173,0,196,35,2,233,142,218,40,6,406,28,0,28,434
01/23/2019,OGG,HI,AWP,WE,Towers with Radar,154,15,8,1,178,0,199,46,3,248,154,214,54,4,426,10,0,10,436
01/24/2019,OGG,HI,AWP,WE,Towers with Radar,151,22,13,9,195,0,196,37,3,236,151,218,50,12,431,31,0,31,462
01/25/2019,OGG,HI,AWP,WE,Towers with Radar,150,16,5,1,172,0,206,34,1,241,150,222,39,2,413,28,0,28,441
01/26/2019,OGG,HI,AWP,WE,Towers with Radar,151,21,3,0,175,0,160,25,2,187,151,181,28,2,362,12,0,12,374
01/27/2019,OGG,HI,AWP,WE,Towers with Radar,147,19,6,1,173,0,141,12,1,154,147,160,18,2,327,10,0,10,337
01/28/2019,OGG,HI,AWP,WE,Towers with Radar,149,19,9,10,187,0,178,24,0,202,149,197,33,10,389,32,0,32,421
01/29/2019,OGG,HI,AWP,WE,Towers with Radar,139,35,9,8,191,0,136,18,6,160,139,171,27,14,351,75,0,75,426
01/30/2019,OGG,HI,AWP,WE,Towers with Radar,144,40,5,1,190,0,152,20,2,174,144,192,25,3,364,86,0,86,450
01/31/2019,OGG,HI,AWP,WE,Towers with Radar,144,66,10,4,224,0,28,5,0,33,144,94,15,4,257,0,0,0,257
02/01/2019,OGG,HI,AWP,WE,Towers with Radar,146,34,7,6,193,0,159,43,2,204,146,193,50,8,397,52,0,52,449
02/02/2019,OGG,HI,AWP,WE,Towers with Radar,144,87,8,2,241,0,6,2,0,8,144,93,10,2,249,0,0,0,249
02/03/2019,OGG,HI,AWP,WE,Towers with Radar,138,28,0,2,168,0,86,12,0,98,138,114,12,2,266,12,0,12,278
02/04/2019,OGG,HI,AWP,WE,Towers with Radar,151,16,10,2,179,0,199,47,2,248,151,215,57,4,427,46,0,46,473
02/05/2019,OGG,HI,AWP,WE,Towers with Radar,138,19,11,10,178,0,197,36,5,238,138,216,47,15,416,64,0,64,480
02/06/2019,OGG,HI,AWP,WE,Towers with Radar,139,14,7,16,176,0,183,29,1,213,139,197,36,17,389,52,6,58,447
02/07/2019,OGG,HI,AWP,WE,Towers with Radar,145,16,4,5,170,18,176,16,4,214,163,192,20,9,384,34,4,38,422
02/08/2019,OGG,HI,AWP,WE,Towers with Radar,144,24,6,2,176,0,184,28,4,216,144,208,34,6,392,36,0,36,428
02/09/2019,OGG,HI,AWP,WE,Towers with Radar,163,21,2,6,192,0,154,9,4,167,163,175,11,10,359,6,0,6,365
02/10/2019,OGG,HI,AWP,WE,Towers with Radar,133,45,4,0,182,0,31,0,5,36,133,76,4,5,218,12,0,12,230
02/11/2019,OGG,HI,AWP,WE,Towers with Radar,143,22,13,0,178,0,151,24,0,175,143,173,37,0,353,42,0,42,395
02/12/2019,OGG,HI,AWP,WE,Towers with Radar,136,24,8,1,169,0,211,33,3,247,136,235,41,4,416,26,0,26,442
02/13/2019,OGG,HI,AWP,WE,Towers with Radar,148,38,9,0,195,0,128,18,0,146,148,166,27,0,341,40,1,41,382
02/14/2019,OGG,HI,AWP,WE,Towers with Radar,143,35,10,0,188,0,148,8,0,156,143,183,18,0,344,18,0,18,362
02/15/2019,OGG,HI,AWP,WE,Towers with Radar,148,26,11,0,185,0,182,10,0,192,148,208,21,0,377,40,0,40,417
02/16/2019,OGG,HI,AWP,WE,Towers with Radar,152,22,13,0,187,0,186,31,2,219,152,208,44,2,406,20,0,20,426
02/17/2019,OGG,HI,AWP,WE,Towers with Radar,150,27,6,0,183,0,146,23,0,169,150,173,29,0,352,12,0,12,364
02/18/2019,OGG,HI,AWP,WE,Towers with Radar,149,20,5,0,174,0,203,39,0,242,149,223,44,0,416,26,0,26,442
02/19/2019,OGG,HI,AWP,WE,Towers with Radar,145,82,6,2,235,0,5,0,0,5,145,87,6,2,240,0,0,0,240
02/20/2019,OGG,HI,AWP,WE,Towers with Radar,150,30,13,4,197,0,246,44,0,290,150,276,57,4,487,94,0,94,581
02/21/2019,OGG,HI,AWP,WE,Towers with Radar,145,18,15,7,185,0,237,47,3,287,145,255,62,10,472,46,0,46,518
02/22/2019,OGG,HI,AWP,WE,Towers with Radar,152,29,3,2,186,0,223,35,2,260,152,252,38,4,446,6,0,6,452
02/23/2019,OGG,HI,AWP,WE,Towers with Radar,154,40,15,0,209,0,120,20,2,142,154,160,35,2,351,62,0,62,413
02/24/2019,OGG,HI,AWP,WE,Towers with Radar,152,23,7,0,182,0,248,26,0,274,152,271,33,0,456,10,0,10,466
02/25/2019,OGG,HI,AWP,WE,Towers with Radar,140,15,4,9,168,0,279,35,4,318,140,294,39,13,486,10,2,12,498
02/26/2019,OGG,HI,AWP,WE,Towers with Radar,144,58,11,0,213,0,86,8,0,94,144,144,19,0,307,12,0,12,319
02/27/2019,OGG,HI,AWP,WE,Towers with Radar,148,19,7,3,177,0,270,31,1,302,148,289,38,4,479,18,0,18,497
02/28/2019,OGG,HI,AWP,WE,Towers with Radar,150,19,8,1,178,0,225,40,1,266,150,244,48,2,444,48,0,48,492
03/01/2019,OGG,HI,AWP,WE,Towers with Radar,153,16,13,4,186,0,214,39,0,253,153,230,52,4,439,26,0,26,465
03/02/2019,OGG,HI,AWP,WE,Towers with Radar,168,9,11,3,191,0,209,32,0,241,168,218,43,3,432,6,0,6,438
03/03/2019,OGG,HI,AWP,WE,Towers with Radar,145,15,7,2,169,0,161,34,2,197,145,176,41,4,366,26,0,26,392
03/04/2019,OGG,HI,AWP,WE,Towers with Radar,151,17,8,4,180,0,186,36,0,222,151,203,44,4,402,18,0,18,420
03/05/2019,OGG,HI,AWP,WE,Towers with Radar,136,15,11,3,165,0,184,37,3,224,136,199,48,6,389,38,0,38,427
03/06/2019,OGG,HI,AWP,WE,Towers with Radar,161,33,12,0,206,0,123,12,0,135,161,156,24,0,341,44,0,44,385
03/07/2019,OGG,HI,AWP,WE,Towers with Radar,152,22,4,11,189,0,188,30,0,218,152,210,34,11,407,46,0,46,453
03/08/2019,OGG,HI,AWP,WE,Towers with Radar,161,26,6,0,193,0,200,19,0,219,161,226,25,0,412,16,0,16,428
03/09/2019,OGG,HI,AWP,WE,Towers with Radar,141,19,11,1,172,0,186,20,1,207,141,205,31,2,379,6,0,6,385
03/10/2019,OGG,HI,AWP,WE,Towers with Radar,153,25,7,0,185,0,148,15,0,163,153,173,22,0,348,4,0,4,352
03/11/2019,OGG,HI,AWP,WE,Towers with Radar,147,23,6,2,178,0,187,33,1,221,147,210,39,3,399,6,2,8,407
03/12/2019,OGG,HI,AWP,WE,Towers with Radar,138,14,4,1,157,0,221,34,5,260,138,235,38,6,417,14,0,14,431
03/13/2019,OGG,HI,AWP,WE,Towers with Radar,142,18,3,3,166,0,234,25,1,260,142,252,28,4,426,46,5,51,477
03/14/2019,OGG,HI,AWP,WE,Towers with Radar,151,21,8,1,181,0,232,33,4,269,151,253,41,5,450,12,0,12,462
03/15/2019,OGG,HI,AWP,WE,Towers with Radar,160,16,7,0,183,0,219,48,0,267,160,235,55,0,450,14,0,14,464
03/16/2019,OGG,HI,AWP,WE,Towers with Radar,141,21,6,0,168,0,208,27,0,235,141,229,33,0,403,22,0,22,425
03/17/2019,OGG,HI,AWP,WE,Towers with Radar,150,20,12,0,182,0,179,20,0,199,150,199,32,0,381,34,0,34,415
03/18/2019,OGG,HI,AWP,WE,Towers with Radar,143,12,5,0,160,0,216,27,0,243,143,228,32,0,403,20,0,20,423
03/19/2019,OGG,HI,AWP,WE,Towers with Radar,138,15,10,2,165,0,221,30,4,255,138,236,40,6,420,36,0,36,456
03/20/2019,OGG,HI,AWP,WE,Towers with Radar,137,20,5,3,165,0,261,49,1,311,137,281,54,4,476,20,0,20,496
03/21/2019,OGG,HI,AWP,WE,Towers with Radar,143,14,7,0,164,0,237,36,0,273,143,251,43,0,437,30,0,30,467
03/22/2019,OGG,HI,AWP,WE,Towers with Radar,156,19,11,0,186,0,239,32,0,271,156,258,43,0,457,26,0,26,483
03/23/2019,OGG,HI,AWP,WE,Towers with Radar,133,20,8,0,161,0,192,24,3,219,133,212,32,3,380,8,0,8,388
03/24/2019,OGG,HI,AWP,WE,Towers with Radar,157,24,11,0,192,0,178,31,0,209,157,202,42,0,401,24,0,24,425
03/25/2019,OGG,HI,AWP,WE,Towers with Radar,152,32,7,1,192,0,202,19,1,222,152,234,26,2,414,2,0,2,416
03/26/2019,OGG,HI,AWP,WE,Towers with Radar,138,14,4,2,158,0,214,36,6,256,138,228,40,8,414,14,0,14,428
03/27/2019,OGG,HI,AWP,WE,Towers with Radar,157,13,9,1,180,0,263,38,1,302,157,276,47,2,482,56,0,56,538
03/28/2019,OGG,HI,AWP,WE,Towers with Radar,146,9,7,4,166,0,267,38,2,307,146,276,45,6,473,66,0,66,539
03/29/2019,OGG,HI,AWP,WE,Towers with Radar,142,9,11,0,162,0,239,34,5,278,142,248,45,5,440,20,0,20,460
03/30/2019,OGG,HI,AWP,WE,Towers with Radar,154,9,10,1,174,0,188,23,4,215,154,197,33,5,389,4,4,8,397
03/31/2019,OGG,HI,AWP,WE,Towers with Radar,144,15,7,0,166,0,154,16,0,170,144,169,23,0,336,30,0,30,366
04/01/2019,OGG,HI,AWP,WE,Towers with Radar,143,12,7,3,165,0,206,36,6,248,143,218,43,9,413,20,2,22,435
04/02/2019,OGG,HI,AWP,WE,Towers with Radar,140,17,8,6,171,0,210,24,2,236,140,227,32,8,407,22,0,22,429
04/03/2019,OGG,HI,AWP,WE,Towers with Radar,148,14,7,3,172,0,226,26,0,252,148,240,33,3,424,30,0,30,454
04/04/2019,OGG,HI,AWP,WE,Towers with Radar,145,16,9,5,175,0,242,37,1,280,145,258,46,6,455,24,0,24,479
04/05/2019,OGG,HI,AWP,WE,Towers with Radar,160,23,10,1,194,0,233,28,2,263,160,256,38,3,457,38,0,38,495
04/06/2019,OGG,HI,AWP,WE,Towers with Radar,152,7,8,3,170,0,204,46,3,253,152,211,54,6,423,16,0,16,439
04/07/2019,OGG,HI,AWP,WE,Towers with Radar,151,12,6,2,171,0,162,37,0,199,151,174,43,2,370,20,0,20,390
04/08/2019,OGG,HI,AWP,WE,Towers with Radar,143,14,5,1,163,0,196,41,1,238,143,210,46,2,401,16,0,16,417
04/09/2019,OGG,HI,AWP,WE,Towers with Radar,144,15,5,2,166,0,194,23,2,219,144,209,28,4,385,20,0,20,405
04/10/2019,OGG,HI,AWP,WE,Towers with Radar,141,17,9,0,167,0,230,32,0,262,141,247,41,0,429,26,0,26,455
04/11/2019,OGG,HI,AWP,WE,Towers with Radar,143,19,4,3,169,0,197,12,2,211,143,216,16,5,380,58,0,58,438
04/12/2019,OGG,HI,AWP,WE,Towers with Radar,155,21,9,0,185,0,223,18,0,241,155,244,27,0,426,30,0,30,456
04/13/2019,OGG,HI,AWP,WE,Towers with Radar,155,25,7,0,187,0,252,18,4,274,155,277,25,4,461,12,7,19,480
04/14/2019,OGG,HI,AWP,WE,Towers with Radar,161,16,11,0,188,0,211,21,2,234,161,227,32,2,422,12,0,12,434
04/15/2019,OGG,HI,AWP,WE,Towers with Radar,152,15,10,2,179,0,235,28,0,263,152,250,38,2,442,62,0,62,504
04/16/2019,OGG,HI,AWP,WE,Towers with Radar,149,21,6,1,177,0,224,29,3,256,149,245,35,4,433,22,0,22,455
04/17/2019,OGG,HI,AWP,WE,Towers with Radar,150,11,8,0,169,0,270,16,0,286,150,281,24,0,455,40,0,40,495
04/18/2019,OGG,HI,AWP,WE,Towers with Radar,148,16,7,2,173,0,240,17,2,259,148,256,24,4,432,6,0,6,438
04/19/2019,OGG,HI,AWP,WE,Towers with Radar,149,13,10,0,172,0,230,35,2,267,149,243,45,2,439,28,0,28,467
04/20/2019,OGG,HI,AWP,WE,Towers with Radar,153,14,7,1,175,0,185,8,1,194,153,199,15,2,369,6,4,10,379
04/21/2019,OGG,HI,AWP,WE,Towers with Radar,148,13,6,0,167,0,179,28,0,207,148,192,34,0,374,16,0,16,390
04/22/2019,OGG,HI,AWP,WE,Towers with Radar,149,11,4,0,164,0,209,41,0,250,149,220,45,0,414,24,0,24,438
04/23/2019,OGG,HI,AWP,WE,Towers with Radar,150,15,10,1,176,0,219,25,9,253,150,234,35,10,429,21,0,21,450
04/24/2019,OGG,HI,AWP,WE,Towers with Radar,137,21,11,4,173,0,234,30,6,270,137,255,41,10,443,42,0,42,485
04/25/2019,OGG,HI,AWP,WE,Towers with Radar,146,18,6,0,170,0,238,28,2,268,146,256,34,2,438,30,0,30,468
04/26/2019,OGG,HI,AWP,WE,Towers with Radar,143,18,5,0,166,0,193,36,0,229,143,211,41,0,395,39,0,39,434
04/27/2019,OGG,HI,AWP,WE,Towers with Radar,157,11,4,1,173,0,185,33,1,219,157,196,37,2,392,26,0,26,418
04/28/2019,OGG,HI,AWP,WE,Towers with Radar,167,17,5,0,189,0,153,19,0,172,167,170,24,0,361,10,0,10,371
04/29/2019,OGG,HI,AWP,WE,Towers with Radar,147,17,6,0,170,0,222,30,2,254,147,239,36,2,424,46,2,48,472
04/30/2019,OGG,HI,AWP,WE,Towers with Radar,154,12,5,0,171,0,201,34,10,245,154,213,39,10,416,42,0,42,458
05/01/2019,OGG,HI,AWP,WE,Towers with Radar,149,11,7,7,174,0,183,34,1,218,149,194,41,8,392,44,10,54,446
05/02/2019,OGG,HI,AWP,WE,Towers with Radar,152,39,9,2,202,0,125,16,0,141,152,164,25,2,343,30,0,30,373
05/03/2019,OGG,HI,AWP,WE,Towers with Radar,154,12,3,3,172,0,150,31,3,184,154,162,34,6,356,48,0,48,404
05/04/2019,OGG,HI,AWP,WE,Towers with Radar,169,36,6,2,213,0,82,5,0,87,169,118,11,2,300,14,0,14,314
05/05/2019,OGG,HI,AWP,WE,Towers with Radar,150,13,7,7,177,0,189,7,0,196,150,202,14,7,373,16,0,16,389
05/06/2019,OGG,HI,AWP,WE,Towers with Radar,138,15,6,2,161,0,229,32,2,263,138,244,38,4,424,22,0,22,446
05/07/2019,OGG,HI,AWP,WE,Towers with Radar,149,7,3,1,160,0,223,32,2,257,149,230,35,3,417,32,0,32,449
05/08/2019,OGG,HI,AWP,WE,Towers with Radar,139,11,4,0,154,0,215,30,0,245,139,226,34,0,399,64,0,64,463
05/09/2019,OGG,HI,AWP,WE,Towers with Radar,148,10,5,4,167,0,216,26,2,244,148,226,31,6,411,59,0,59,470
05/10/2019,OGG,HI,AWP,WE,Towers with Radar,151,9,6,0,166,0,210,40,1,251,151,219,46,1,417,56,0,56,473
05/11/2019,OGG,HI,AWP,WE,Towers with Radar,160,9,6,1,176,0,165,27,2,194,160,174,33,3,370,34,0,34,404
05/12/2019,OGG,HI,AWP,WE,Towers with Radar,146,25,6,0,177,0,161,12,0,173,146,186,18,0,350,12,0,12,362
05/13/2019,OGG,HI,AWP,WE,Towers with Radar,141,16,5,0,162,0,212,22,0,234,141,228,27,0,396,28,0,28,424
05/14/2019,OGG,HI,AWP,WE,Towers with Radar,154,27,7,9,197,0,193,34,1,228,154,220,41,10,425,16,0,16,441
05/15/2019,OGG,HI,AWP,WE,Towers with Radar,146,26,2,5,179,0,196,25,1,222,146,222,27,6,401,54,0,54,455
05/16/2019,OGG,HI,AWP,WE,Towers with Radar,150,50,9,3,212,0,137,17,3,157,150,187,26,6,369,22,6,28,397
05/17/2019,OGG,HI,AWP,WE,Towers with Radar,151,31,6,0,188,0,199,27,1,227,151,230,33,1,415,28,4,32,447
05/18/2019,OGG,HI,AWP,WE,Towers with Radar,155,14,4,0,173,0,182,24,2,208,155,196,28,2,381,54,0,54,435
05/19/2019,OGG,HI,AWP,WE,Towers with Radar,149,14,5,0,168,0,172,8,3,183,149,186,13,3,351,18,0,18,369
05/20/2019,OGG,HI,AWP,WE,Towers with Radar,167,17,5,3,192,0,193,31,3,227,167,210,36,6,419,30,0,30,449
05/21/2019,OGG,HI,AWP,WE,Towers with Radar,147,20,9,5,181,0,222,50,2,274,147,242,59,7,455,109,0,109,564
05/22/2019,OGG,HI,AWP,WE,Towers with Radar,157,13,3,0,173,0,222,40,0,262,157,235,43,0,435,60,0,60,495
05/23/2019,OGG,HI,AWP,WE,Towers with Radar,162,9,4,1,176,0,245,21,0,266,162,254,25,1,442,38,0,38,480
05/24/2019,OGG,HI,AWP,WE,Towers with Radar,159,18,9,0,186,0,218,37,2,257,159,236,46,2,443,54,0,54,497
05/25/2019,OGG,HI,AWP,WE,Towers with Radar,164,12,4,1,181,0,177,28,0,205,164,189,32,1,386,8,0,8,394
05/26/2019,OGG,HI,AWP,WE,Towers with Radar,158,11,4,2,175,0,201,25,0,226,158,212,29,2,401,24,0,24,425
05/27/2019,OGG,HI,AWP,WE,Towers with Radar,144,10,5,0,159,0,231,20,2,253,144,241,25,2,412,34,0,34,446
05/28/2019,OGG,HI,AWP,WE,Towers with Radar,153,17,3,1,174,0,235,23,3,261,153,252,26,4,435,42,0,42,477
05/29/2019,OGG,HI,AWP,WE,Towers with Radar,163,7,7,0,177,0,243,29,1,273,163,250,36,1,450,48,0,48,498
05/30/2019,OGG,HI,AWP,WE,Towers with Radar,167,5,6,0,178,0,227,37,2,266,167,232,43,2,444,48,0,48,492
05/31/2019,OGG,HI,AWP,WE,Towers with Radar,174,14,6,1,195,0,217,25,0,242,174,231,31,1,437,22,0,22,459
06/01/2019,OGG,HI,AWP,WE,Towers with Radar,166,12,3,2,183,0,232,23,0,255,166,244,26,2,438,10,0,10,448
06/02/2019,OGG,HI,AWP,WE,Towers with Radar,155,23,2,2,182,0,192,20,0,212,155,215,22,2,394,12,0,12,406
06/03/2019,OGG,HI,AWP,WE,Towers with Radar,148,15,4,7,174,0,202,22,1,225,148,217,26,8,399,56,4,60,459
06/04/2019,OGG,HI,AWP,WE,Towers with Radar,163,30,1,4,198,0,146,15,2,163,163,176,16,6,361,40,0,40,401
06/05/2019,OGG,HI,AWP,WE,Towers with Radar,156,24,6,10,196,0,224,25,6,255,156,248,31,16,451,74,0,74,525
06/06/2019,OGG,HI,AWP,WE,Towers with Radar,165,23,7,1,196,0,164,17,2,183,165,187,24,3,379,60,0,60,439
06/07/2019,OGG,HI,AWP,WE,Towers with Radar,174,17,8,1,200,0,264,39,4,307,174,281,47,5,507,50,0,50,557
06/08/2019,OGG,HI,AWP,WE,Towers with Radar,161,21,5,0,187,0,217,19,2,238,161,238,24,2,425,30,0,30,455
06/09/2019,OGG,HI,AWP,WE,Towers with Radar,161,13,6,0,180,0,199,28,2,229,161,212,34,2,409,6,0,6,415
06/10/2019,OGG,HI,AWP,WE,Towers with Radar,151,16,7,0,174,0,204,21,0,225,151,220,28,0,399,34,0,34,433
06/11/2019,OGG,HI,AWP,WE,Towers with Radar,170,15,2,0,187,0,235,38,2,275,170,250,40,2,462,50,0,50,512
06/12/2019,OGG,HI,AWP,WE,Towers with Radar,151,13,1,2,167,0,233,35,1,269,151,246,36,3,436,62,0,62,498
06/13/2019,OGG,HI,AWP,WE,Towers with Radar,161,19,3,4,187,0,228,33,2,263,161,247,36,6,450,44,0,44,494
06/14/2019,OGG,HI,AWP,WE,Towers with Radar,175,8,5,0,188,0,225,35,5,265,175,233,40,5,453,20,0,20,473
06/15/2019,OGG,HI,AWP,WE,Towers with Radar,146,12,5,0,163,0,174,29,3,206,146,186,34,3,369,20,0,20,389
06/16/2019,OGG,HI,AWP,WE,Towers with Radar,168,16,9,0,193,0,183,21,4,208,168,199,30,4,401,34,0,34,435
06/17/2019,OGG,HI,AWP,WE,Towers with Radar,149,16,6,4,175,0,190,37,0,227,149,206,43,4,402,10,0,10,412
06/18/2019,OGG,HI,AWP,WE,Towers with Radar,166,14,2,0,182,0,215,23,3,241,166,229,25,3,423,76,0,76,499
06/19/2019,OGG,HI,AWP,WE,Towers with Radar,168,17,8,2,195,0,271,29,1,301,168,288,37,3,496,28,0,28,524
06/20/2019,OGG,HI,AWP,WE,Towers with Radar,159,21,3,10,193,0,254,46,4,304,159,275,49,14,497,94,0,94,591
06/21/2019,OGG,HI,AWP,WE,Towers with Radar,176,12,3,3,194,0,232,34,6,272,176,244,37,9,466,54,0,54,520
06/22/2019,OGG,HI,AWP,WE,Towers with Radar,160,11,10,0,181,0,193,33,2,228,160,204,43,2,409,48,0,48,457
06/23/2019,OGG,HI,AWP,WE,Towers with Radar,152,13,2,0,167,0,178,27,1,206,152,191,29,1,373,56,0,56,429
06/24/2019,OGG,HI,AWP,WE,Towers with Radar,155,15,7,2,179,0,205,25,0,230,155,220,32,2,409,24,0,24,433
06/25/2019,OGG,HI,AWP,WE,Towers with Radar,168,23,5,0,196,0,204,19,0,223,168,227,24,0,419,28,0,28,447
06/26/2019,OGG,HI,AWP,WE,Towers with Radar,167,23,12,3,205,0,187,18,3,208,167,210,30,6,413,32,0,32,445
06/27/2019,OGG,HI,AWP,WE,Towers with Radar,168,22,9,1,200,0,253,26,3,282,168,275,35,4,482,26,0,26,508
06/28/2019,OGG,HI,AWP,WE,Towers with Radar,156,20,9,0,185,0,214,20,0,234,156,234,29,0,419,68,0,68,487
06/29/2019,OGG,HI,AWP,WE,Towers with Radar,161,13,11,1,186,0,200,22,1,223,161,213,33,2,409,54,0,54,463
06/30/2019,OGG,HI,AWP,WE,Towers with Radar,168,23,15,0,206,0,189,23,2,214,168,212,38,2,420,40,0,40,460
07/01/2019,OGG,HI,AWP,WE,Towers with Radar,148,9,6,0,163,0,229,15,0,244,148,238,21,0,407,36,0,36,443
07/02/2019,OGG,HI,AWP,WE,Towers with Radar,167,14,8,3,192,0,233,40,6,279,167,247,48,9,471,52,0,52,523
07/03/2019,OGG,HI,AWP,WE,Towers with Radar,164,12,10,3,189,0,263,29,1,293,164,275,39,4,482,26,0,26,508
07/04/2019,OGG,HI,AWP,WE,Towers with Radar,147,8,3,1,159,0,245,33,1,279,147,253,36,2,438,6,0,6,444
07/05/2019,OGG,HI,AWP,WE,Towers with Radar,160,11,3,0,174,0,257,27,0,284,160,268,30,0,458,18,0,18,476
07/06/2019,OGG,HI,AWP,WE,Towers with Radar,155,13,13,0,181,0,216,31,0,247,155,229,44,0,428,12,0,12,440
07/07/2019,OGG,HI,AWP,WE,Towers with Radar,160,17,9,0,186,0,205,22,0,227,160,222,31,0,413,22,0,22,435
07/08/2019,OGG,HI,AWP,WE,Towers with Radar,149,35,12,7,203,0,128,4,1,133,149,163,16,8,336,4,0,4,340
07/09/2019,OGG,HI,AWP,WE,Towers with Radar,154,13,5,6,178,0,206,22,2,230,154,219,27,8,408,18,0,18,426
07/10/2019,OGG,HI,AWP,WE,Towers with Radar,162,19,8,1,190,0,220,26,1,247,162,239,34,2,437,28,0,28,465
07/11/2019,OGG,HI,AWP,WE,Towers with Radar,140,17,9,1,167,0,245,26,11,282,140,262,35,12,449,28,0,28,477
07/12/2019,OGG,HI,AWP,WE,Towers with Radar,168,18,9,0,195,0,198,17,6,221,168,216,26,6,416,26,0,26,442
07/13/2019,OGG,HI,AWP,WE,Towers with Radar,161,10,5,1,177,0,216,30,0,246,161,226,35,1,423,38,0,38,461
07/14/2019,OGG,HI,AWP,WE,Towers with Radar,171,16,7,0,194,0,197,25,0,222,171,213,32,0,416,24,0,24,440
07/15/2019,OGG,HI,AWP,WE,Towers with Radar,160,7,6,3,176,0,196,20,1,217,160,203,26,4,393,34,0,34,427
07/16/2019,OGG,HI,AWP,WE,Towers with Radar,158,22,7,4,191,0,216,31,0,247,158,238,38,4,438,34,0,34,472
07/17/2019,OGG,HI,AWP,WE,Towers with Radar,146,21,6,10,183,0,196,21,2,219,146,217,27,12,402,14,0,14,416
07/18/2019,OGG,HI,AWP,WE,Towers with Radar,161,18,5,3,187,0,247,14,3,264,161,265,19,6,451,78,0,78,529
07/19/2019,OGG,HI,AWP,WE,Towers with Radar,162,13,7,2,184,0,269,23,2,294,162,282,30,4,478,34,0,34,512
07/20/2019,OGG,HI,AWP,WE,Towers with Radar,163,12,5,1,181,0,189,20,1,210,163,201,25,2,391,36,0,36,427
07/21/2019,OGG,HI,AWP,WE,Towers with Radar,158,10,4,0,172,0,179,21,0,200,158,189,25,0,372,8,0,8,380
07/22/2019,OGG,HI,AWP,WE,Towers with Radar,155,24,7,0,186,0,181,24,2,207,155,205,31,2,393,44,0,44,437
07/23/2019,OGG,HI,AWP,WE,Towers with Radar,172,11,11,1,195,0,246,24,9,279,172,257,35,10,474,12,0,12,486
07/24/2019,OGG,HI,AWP,WE,Towers with Radar,174,14,5,0,193,0,232,27,0,259,174,246,32,0,452,20,0,20,472
07/25/2019,OGG,HI,AWP,WE,Towers with Radar,168,15,4,3,190,0,222,43,1,266,168,237,47,4,456,40,0,40,496
07/26/2019,OGG,HI,AWP,WE,Towers with Radar,175,15,4,0,194,0,228,43,2,273,175,243,47,2,467,18,0,18,485
07/27/2019,OGG,HI,AWP,WE,Towers with Radar,167,16,9,0,192,0,201,34,1,236,167,217,43,1,428,14,0,14,442
07/28/2019,OGG,HI,AWP,WE,Towers with Radar,159,18,8,0,185,0,190,37,1,228,159,208,45,1,413,14,0,14,427
07/29/2019,OGG,HI,AWP,WE,Towers with Radar,154,6,10,9,179,0,221,39,0,260,154,227,49,9,439,30,0,30,469
07/30/2019,OGG,HI,AWP,WE,Towers with Radar,167,13,5,0,185,0,239,22,3,264,167,252,27,3,449,24,0,24,473
07/31/2019,OGG,HI,AWP,WE,Towers with Radar,162,11,9,6,188,0,233,18,0,251,162,244,27,6,439,50,0,50,489
08/01/2019,OGG,HI,AWP,WE,Towers with Radar,170,27,9,5,211,0,238,16,8,262,170,265,25,13,473,44,0,44,517
08/02/2019,OGG,HI,AWP,WE,Towers with Radar,174,37,5,3,219,0,111,7,3,121,174,148,12,6,340,8,0,8,348
08/03/2019,OGG,HI,AWP,WE,Towers with Radar,164,16,7,7,194,0,207,25,0,232,164,223,32,7,426,44,0,44,470
08/04/2019,OGG,HI,AWP,WE,Towers with Radar,168,13,7,9,197,0,239,26,3,268,168,252,33,12,465,16,0,16,481
08/05/2019,OGG,HI,AWP,WE,Towers with Radar,160,31,10,6,207,0,108,13,0,121,160,139,23,6,328,48,0,48,376
08/06/2019,OGG,HI,AWP,WE,Towers with Radar,169,25,4,2,200,0,166,16,1,183,169,191,20,3,383,48,0,48,431
08/07/2019,OGG,HI,AWP,WE,Towers with Radar,162,12,3,5,182,0,286,42,0,328,162,298,45,5,510,56,0,56,566
08/08/2019,OGG,HI,AWP,WE,Towers with Radar,163,13,7,4,187,0,272,46,8,326,163,285,53,12,513,46,0,46,559
08/09/2019,OGG,HI,AWP,WE,Towers with Radar,164,10,9,2,185,0,262,33,4,299,164,272,42,6,484,86,0,86,570
08/10/2019,OGG,HI,AWP,WE,Towers with Radar,152,14,7,0,173,8,208,24,0,240,160,222,31,0,413,10,0,10,423
08/11/2019,OGG,HI,AWP,WE,Towers with Radar,165,19,2,0,186,0,228,17,0,245,165,247,19,0,431,14,0,14,445
08/12/2019,OGG,HI,AWP,WE,Towers with Radar,157,19,5,4,185,0,251,34,2,287,157,270,39,6,472,42,0,42,514
08/13/2019,OGG,HI,AWP,WE,Towers with Radar,157,18,6,2,183,0,228,26,0,254,157,246,32,2,437,44,0,44,481
08/14/2019,OGG,HI,AWP,WE,Towers with Radar,164,15,13,1,193,0,258,19,0,277,164,273,32,1,470,32,0,32,502
08/15/2019,OGG,HI,AWP,WE,Towers with Radar,163,13,8,2,186,0,237,28,2,267,163,250,36,4,453,44,0,44,497
08/16/2019,OGG,HI,AWP,WE,Towers with Radar,155,14,3,1,173,0,263,14,2,279,155,277,17,3,452,48,0,48,500
08/17/2019,OGG,HI,AWP,WE,Towers with Radar,160,21,8,3,192,0,198,26,3,227,160,219,34,6,419,32,0,32,451
08/18/2019,OGG,HI,AWP,WE,Towers with Radar,159,10,7,0,176,0,177,28,0,205,159,187,35,0,381,8,0,8,389
08/19/2019,OGG,HI,AWP,WE,Towers with Radar,162,17,6,3,188,0,187,33,2,222,162,204,39,5,410,40,0,40,450
08/20/2019,OGG,HI,AWP,WE,Towers with Radar,144,13,2,5,164,0,218,32,3,253,144,231,34,8,417,16,0,16,433
08/21/2019,OGG,HI,AWP,WE,Towers with Radar,143,17,5,6,171,0,215,22,2,239,143,232,27,8,410,34,0,34,444
08/22/2019,OGG,HI,AWP,WE,Towers with Radar,150,12,14,0,176,0,180,21,2,203,150,192,35,2,379,38,0,38,417
08/23/2019,OGG,HI,AWP,WE,Towers with Radar,151,28,10,0,189,0,190,21,2,213,151,218,31,2,402,26,0,26,428
08/24/2019,OGG,HI,AWP,WE,Towers with Radar,147,17,8,0,172,0,179,27,2,208,147,196,35,2,380,28,0,28,408
08/25/2019,OGG,HI,AWP,WE,Towers with Radar,140,14,4,0,158,0,141,25,0,166,140,155,29,0,324,10,0,10,334
08/26/2019,OGG,HI,AWP,WE,Towers with Radar,140,21,5,0,166,0,184,18,3,205,140,205,23,3,371,10,0,10,381
08/27/2019,OGG,HI,AWP,WE,Towers with Radar,147,14,3,3,167,0,174,21,1,196,147,188,24,4,363,6,0,6,369
08/28/2019,OGG,HI,AWP,WE,Towers with Radar,148,18,7,6,179,0,180,29,4,213,148,198,36,10,392,18,0,18,410
08/29/2019,OGG,HI,AWP,WE,Towers with Radar,141,18,9,0,168,0,223,29,2,254,141,241,38,2,422,10,1,11,433
08/30/2019,OGG,HI,AWP,WE,Towers with Radar,147,14,3,0,164,0,207,24,0,231,147,221,27,0,395,13,0,13,408
08/31/2019,OGG,HI,AWP,WE,Towers with Radar,149,15,2,0,166,0,164,18,2,184,149,179,20,2,350,14,0,14,364
09/01/2019,OGG,HI,AWP,WE,Towers with Radar,141,14,5,1,161,0,162,18,0,180,141,176,23,1,341,24,0,24,365
09/02/2019,OGG,HI,AWP,WE,Towers with Radar,141,21,8,0,170,0,186,29,0,215,141,207,37,0,385,44,0,44,429
09/03/2019,OGG,HI,AWP,WE,Towers with Radar,145,17,3,2,167,0,211,38,4,253,145,228,41,6,420,34,0,34,454
09/04/2019,OGG,HI,AWP,WE,Towers with Radar,149,20,2,2,173,0,191,19,0,210,149,211,21,2,383,40,0,40,423
09/05/2019,OGG,HI,AWP,WE,Towers with Radar,142,13,4,6,165,0,216,26,5,247,142,229,30,11,412,44,10,54,466
09/06/2019,OGG,HI,AWP,WE,Towers with Radar,144,15,11,4,174,0,198,19,0,217,144,213,30,4,391,28,0,28,419
09/07/2019,OGG,HI,AWP,WE,Towers with Radar,142,11,5,4,162,0,167,12,0,179,142,178,17,4,341,12,0,12,353
09/08/2019,OGG,HI,AWP,WE,Towers with Radar,141,16,4,5,166,0,169,6,6,181,141,185,10,11,347,6,0,6,353
09/09/2019,OGG,HI,AWP,WE,Towers with Radar,148,15,9,2,174,0,185,28,1,214,148,200,37,3,388,38,0,38,426
09/10/2019,OGG,HI,AWP,WE,Towers with Radar,146,15,2,6,169,0,189,23,4,216,146,204,25,10,385,30,0,30,415
09/11/2019,OGG,HI,AWP,WE,Towers with Radar,143,21,3,3,170,0,185,16,2,203,143,206,19,5,373,26,0,26,399
09/12/2019,OGG,HI,AWP,WE,Towers with Radar,136,16,5,2,159,0,209,28,1,238,136,225,33,3,397,22,2,24,421
09/13/2019,OGG,HI,AWP,WE,Towers with Radar,150,12,5,3,170,0,201,25,4,230,150,213,30,7,400,18,0,18,418
09/14/2019,OGG,HI,AWP,WE,Towers with Radar,154,12,2,2,170,0,163,27,0,190,154,175,29,2,360,18,0,18,378
09/15/2019,OGG,HI,AWP,WE,Towers with Radar,151,18,3,2,174,0,154,27,0,181,151,172,30,2,355,18,0,18,373
09/16/2019,OGG,HI,AWP,WE,Towers with Radar,141,14,2,6,163,0,176,20,0,196,141,190,22,6,359,32,0,32,391
09/17/2019,OGG,HI,AWP,WE,Towers with Radar,147,19,8,0,174,0,191,25,0,216,147,210,33,0,390,22,0,22,412
09/18/2019,OGG,HI,AWP,WE,Towers with Radar,152,13,6,3,174,0,201,27,1,229,152,214,33,4,403,34,0,34,437
09/19/2019,OGG,HI,AWP,WE,Towers with Radar,155,10,9,0,174,0,201,22,0,223,155,211,31,0,397,68,0,68,465
09/20/2019,OGG,HI,AWP,WE,Towers with Radar,154,23,6,0,183,0,207,23,0,230,154,230,29,0,413,48,0,48,461
09/21/2019,OGG,HI,AWP,WE,Towers with Radar,139,21,7,0,167,0,169,21,5,195,139,190,28,5,362,18,0,18,380
09/22/2019,OGG,HI,AWP,WE,Towers with Radar,141,15,9,0,165,0,158,21,0,179,141,173,30,0,344,34,0,34,378
09/23/2019,OGG,HI,AWP,WE,Towers with Radar,150,14,5,0,169,0,171,26,2,199,150,185,31,2,368,4,0,4,372
09/24/2019,OGG,HI,AWP,WE,Towers with Radar,139,15,5,4,163,0,211,29,7,247,139,226,34,11,410,52,0,52,462
09/25/2019,OGG,HI,AWP,WE,Towers with Radar,147,20,3,4,174,0,214,30,0,244,147,234,33,4,418,34,0,34,452
09/26/2019,OGG,HI,AWP,WE,Towers with Radar,149,16,8,0,173,0,218,28,2,248,149,234,36,2,421,30,0,30,451
09/27/2019,OGG,HI,AWP,WE,Towers with Radar,151,27,13,0,191,0,202,25,2,229,151,229,38,2,420,26,4,30,450
09/28/2019,OGG,HI,AWP,WE,Towers with Radar,147,23,2,0,172,0,142,21,0,163,147,165,23,0,335,24,0,24,359
09/29/2019,OGG,HI,AWP,WE,Towers with Radar,144,19,7,0,170,0,158,24,0,182,144,177,31,0,352,18,0,18,370
09/30/2019,OGG,HI,AWP,WE,Towers with Radar,145,13,10,4,172,0,155,30,0,185,145,168,40,4,357,20,0,20,377
10/01/2019,OGG,HI,AWP,WE,Towers with Radar,158,13,5,1,177,0,166,29,3,198,158,179,34,4,375,26,0,26,401
10/02/2019,OGG,HI,AWP,WE,Towers with Radar,144,13,9,10,176,0,185,23,2,210,144,198,32,12,386,34,0,34,420
10/03/2019,OGG,HI,AWP,WE,Towers with Radar,158,28,7,2,195,0,168,30,6,204,158,196,37,8,399,44,0,44,443
10/04/2019,OGG,HI,AWP,WE,Towers with Radar,146,26,7,0,179,0,202,24,2,228,146,228,31,2,407,14,0,14,421
10/05/2019,OGG,HI,AWP,WE,Towers with Radar,148,21,3,0,172,0,153,28,2,183,148,174,31,2,355,0,0,0,355
10/06/2019,OGG,HI,AWP,WE,Towers with Radar,147,17,1,1,166,0,169,32,2,203,147,186,33,3,369,2,0,2,371
10/07/2019,OGG,HI,AWP,WE,Towers with Radar,145,12,5,6,168,0,209,25,2,236,145,221,30,8,404,2,0,2,406
10/08/2019,OGG,HI,AWP,WE,Towers with Radar,150,13,2,2,167,0,193,27,4,224,150,206,29,6,391,47,0,47,438
10/09/2019,OGG,HI,AWP,WE,Towers with Radar,150,12,4,1,167,0,217,17,3,237,150,229,21,4,404,40,0,40,444
10/10/2019,OGG,HI,AWP,WE,Towers with Radar,164,17,5,0,186,0,227,25,1,253,164,244,30,1,439,22,0,22,461
10/11/2019,OGG,HI,AWP,WE,Towers with Radar,155,33,4,0,192,0,175,20,2,197,155,208,24,2,389,4,0,4,393
10/12/2019,OGG,HI,AWP,WE,Towers with Radar,170,22,7,0,199,0,187,13,0,200,170,209,20,0,399,0,0,0,399
10/13/2019,OGG,HI,AWP,WE,Towers with Radar,152,15,5,1,173,0,181,28,1,210,152,196,33,2,383,20,0,20,403
10/14/2019,OGG,HI,AWP,WE,Towers with Radar,139,16,6,0,161,0,195,16,1,212,139,211,22,1,373,8,0,8,381
10/15/2019,OGG,HI,AWP,WE,Towers with Radar,144,27,4,9,184,0,228,15,1,244,144,255,19,10,428,18,0,18,446
10/16/2019,OGG,HI,AWP,WE,Towers with Radar,152,29,2,2,185,0,246,10,5,261,152,275,12,7,446,32,0,32,478
10/17/2019,OGG,HI,AWP,WE,Towers with Radar,137,23,5,2,167,0,234,17,3,254,137,257,22,5,421,8,0,8,429
10/18/2019,OGG,HI,AWP,WE,Towers with Radar,146,18,9,1,174,0,247,23,3,273,146,265,32,4,447,10,0,10,457
10/19/2019,OGG,HI,AWP,WE,Towers with Radar,155,8,4,0,167,0,202,26,2,230,155,210,30,2,397,4,0,4,401
10/20/2019,OGG,HI,AWP,WE,Towers with Radar,151,30,4,0,185,0,164,20,0,184,151,194,24,0,369,48,0,48,417
10/21/2019,OGG,HI,AWP,WE,Towers with Radar,151,14,5,5,175,0,203,26,1,230,151,217,31,6,405,36,0,36,441
10/22/2019,OGG,HI,AWP,WE,Towers with Radar,158,14,6,5,183,0,240,35,3,278,158,254,41,8,461,42,0,42,503
10/23/2019,OGG,HI,AWP,WE,Towers with Radar,155,16,4,10,185,0,213,37,2,252,155,229,41,12,437,18,2,20,457
10/24/2019,OGG,HI,AWP,WE,Towers with Radar,153,21,4,2,180,0,221,35,5,261,153,242,39,7,441,18,0,18,459
10/25/2019,OGG,HI,AWP,WE,Towers with Radar,149,24,6,1,180,0,225,33,4,262,149,249,39,5,442,14,0,14,456
10/26/2019,OGG,HI,AWP,WE,Towers with Radar,164,11,7,0,182,0,179,28,0,207,164,190,35,0,389,0,0,0,389
10/27/2019,OGG,HI,AWP,WE,Towers with Radar,158,24,7,0,189,0,168,21,2,191,158,192,28,2,380,8,6,14,394
10/28/2019,OGG,HI,AWP,WE,Towers with Radar,143,21,7,0,171,0,180,15,0,195,143,201,22,0,366,22,0,22,388
10/29/2019,OGG,HI,AWP,WE,Towers with Radar,149,9,8,0,166,0,183,22,2,207,149,192,30,2,373,56,0,56,429
10/30/2019,OGG,HI,AWP,WE,Towers with Radar,163,13,4,4,184,0,190,30,2,222,163,203,34,6,406,46,12,58,464
10/31/2019,OGG,HI,AWP,WE,Towers with Radar,143,14,2,3,162,0,164,13,6,183,143,178,15,9,345,16,0,16,361
11/01/2019,OGG,HI,AWP,WE,Towers with Radar,166,16,10,0,192,0,159,27,3,189,166,175,37,3,381,12,0,12,393
11/02/2019,OGG,HI,AWP,WE,Towers with Radar,161,11,2,4,178,0,151,10,0,161,161,162,12,4,339,16,0,16,355
11/03/2019,OGG,HI,AWP,WE,Towers with Radar,142,13,5,3,163,0,152,15,4,171,142,165,20,7,334,16,0,16,350
11/04/2019,OGG,HI,AWP,WE,Towers with Radar,139,23,2,3,167,0,182,27,6,215,139,205,29,9,382,16,4,20,402
11/05/2019,OGG,HI,AWP,WE,Towers with Radar,153,18,3,3,177,0,189,23,3,215,153,207,26,6,392,4,0,4,396
11/06/2019,OGG,HI,AWP,WE,Towers with Radar,152,12,6,0,170,0,183,14,0,197,152,195,20,0,367,18,0,18,385
11/07/2019,OGG,HI,AWP,WE,Towers with Radar,150,20,8,0,178,0,172,32,0,204,150,192,40,0,382,25,0,25,407
11/08/2019,OGG,HI,AWP,WE,Towers with Radar,161,23,1,0,185,0,190,34,0,224,161,213,35,0,409,2,0,2,411
11/09/2019,OGG,HI,AWP,WE,Towers with Radar,163,17,6,1,187,0,165,37,1,203,163,182,43,2,390,24,0,24,414
11/10/2019,OGG,HI,AWP,WE,Towers with Radar,156,14,11,0,181,0,171,31,0,202,156,185,42,0,383,88,4,92,475
11/11/2019,OGG,HI,AWP,WE,Towers with Radar,146,23,6,0,175,0,162,29,0,191,146,185,35,0,366,87,0,87,453
11/12/2019,OGG,HI,AWP,WE,Towers with Radar,148,15,2,6,171,0,171,22,7,200,148,186,24,13,371,50,2,52,423
11/13/2019,OGG,HI,AWP,WE,Towers with Radar,152,15,3,7,177,0,202,32,1,235,152,217,35,8,412,32,0,32,444
11/14/2019,OGG,HI,AWP,WE,Towers with Radar,156,23,10,0,189,0,194,27,1,222,156,217,37,1,411,12,0,12,423
11/15/2019,OGG,HI,AWP,WE,Towers with Radar,161,18,11,1,191,0,189,29,1,219,161,207,40,2,410,18,0,18,428
11/16/2019,OGG,HI,AWP,WE,Towers with Radar,161,19,5,0,185,0,166,20,0,186,161,185,25,0,371,60,0,60,431
11/17/2019,OGG,HI,AWP,WE,Towers with Radar,140,33,9,0,182,0,114,15,0,129,140,147,24,0,311,4,0,4,315
11/18/2019,OGG,HI,AWP,WE,Towers with Radar,149,22,8,0,179,0,130,20,0,150,149,152,28,0,329,40,0,40,369
11/19/2019,OGG,HI,AWP,WE,Towers with Radar,146,19,5,2,172,0,187,18,0,205,146,206,23,2,377,30,2,32,409
11/20/2019,OGG,HI,AWP,WE,Towers with Radar,156,18,4,2,180,0,189,24,2,215,156,207,28,4,395,42,0,42,437
11/21/2019,OGG,HI,AWP,WE,Towers with Radar,158,22,7,5,192,0,190,29,7,226,158,212,36,12,418,28,0,28,446
11/22/2019,OGG,HI,AWP,WE,Towers with Radar,169,34,14,0,217,0,156,11,1,168,169,190,25,1,385,20,0,20,405
11/23/2019,OGG,HI,AWP,WE,Towers with Radar,170,28,17,0,215,0,82,8,4,94,170,110,25,4,309,32,0,32,341
11/24/2019,OGG,HI,AWP,WE,Towers with Radar,161,22,13,0,196,0,164,22,3,189,161,186,35,3,385,34,0,34,419
11/25/2019,OGG,HI,AWP,WE,Towers with Radar,163,20,5,0,188,0,182,37,2,221,163,202,42,2,409,46,0,46,455
11/26/2019,OGG,HI,AWP,WE,Towers with Radar,154,20,10,0,184,0,219,44,6,269,154,239,54,6,453,80,0,80,533
11/27/2019,OGG,HI,AWP,WE,Towers with Radar,166,25,11,0,202,0,208,20,1,229,166,233,31,1,431,24,0,24,455
11/28/2019,OGG,HI,AWP,WE,Towers with Radar,162,25,15,0,202,0,171,14,0,185,162,196,29,0,387,8,0,8,395
11/29/2019,OGG,HI,AWP,WE,Towers with Radar,169,25,11,0,205,0,222,34,0,256,169,247,45,0,461,30,0,30,491
11/30/2019,OGG,HI,AWP,WE,Towers with Radar,182,22,23,0,227,0,174,20,2,196,182,196,43,2,423,0,0,0,423
12/01/2019,OGG,HI,AWP,WE,Towers with Radar,163,39,15,0,217,0,55,12,0,67,163,94,27,0,284,2,0,2,286
12/02/2019,OGG,HI,AWP,WE,Towers with Radar,150,22,7,0,179,0,181,29,0,210,150,203,36,0,389,0,0,0,389
12/03/2019,OGG,HI,AWP,WE,Towers with Radar,159,18,9,4,190,0,182,25,5,212,159,200,34,9,402,24,0,24,426
12/04/2019,OGG,HI,AWP,WE,Towers with Radar,161,22,11,3,197,0,164,19,3,186,161,186,30,6,383,54,0,54,437
12/05/2019,OGG,HI,AWP,WE,Towers with Radar,164,26,9,0,199,0,179,24,0,203,164,205,33,0,402,32,0,32,434
12/06/2019,OGG,HI,AWP,WE,Towers with Radar,167,42,4,0,213,0,109,10,2,121,167,151,14,2,334,36,0,36,370
12/07/2019,OGG,HI,AWP,WE,Towers with Radar,159,19,4,0,182,0,152,22,0,174,159,171,26,0,356,6,0,6,362
12/08/2019,OGG,HI,AWP,WE,Towers with Radar,156,19,6,0,181,0,164,28,0,192,156,183,34,0,373,18,0,18,391
12/09/2019,OGG,HI,AWP,WE,Towers with Radar,162,17,3,0,182,0,186,28,2,216,162,203,31,2,398,16,0,16,414
12/10/2019,OGG,HI,AWP,WE,Towers with Radar,161,21,5,1,188,0,198,36,9,243,161,219,41,10,431,81,4,85,516
12/11/2019,OGG,HI,AWP,WE,Towers with Radar,170,18,4,4,196,0,177,22,2,201,170,195,26,6,397,88,2,90,487
12/12/2019,OGG,HI,AWP,WE,Towers with Radar,160,23,9,5,197,0,194,34,4,232,160,217,43,9,429,38,0,38,467
12/13/2019,OGG,HI,AWP,WE,Towers with Radar,173,29,5,0,207,0,154,23,0,177,173,183,28,0,384,34,0,34,418
12/14/2019,OGG,HI,AWP,WE,Towers with Radar,179,23,8,0,210,0,172,11,2,185,179,195,19,2,395,36,0,36,431
12/15/2019,OGG,HI,AWP,WE,Towers with Radar,167,23,6,0,196,0,187,29,1,217,167,210,35,1,413,12,0,12,425
12/16/2019,OGG,HI,AWP,WE,Towers with Radar,165,26,4,1,196,0,171,26,1,198,165,197,30,2,394,34,2,36,430
12/17/2019,OGG,HI,AWP,WE,Towers with Radar,152,27,6,7,192,0,190,20,1,211,152,217,26,8,403,40,0,40,443
12/18/2019,OGG,HI,AWP,WE,Towers with Radar,176,25,6,0,207,0,203,22,2,227,176,228,28,2,434,24,0,24,458
12/19/2019,OGG,HI,AWP,WE,Towers with Radar,172,28,8,2,210,0,200,45,2,247,172,228,53,4,457,46,0,46,503
12/20/2019,OGG,HI,AWP,WE,Towers with Radar,182,26,16,0,224,0,188,24,2,214,182,214,40,2,438,10,0,10,448
12/21/2019,OGG,HI,AWP,WE,Towers with Radar,187,62,20,0,269,0,26,5,0,31,187,88,25,0,300,0,0,0,300
12/22/2019,OGG,HI,AWP,WE,Towers with Radar,184,40,12,0,236,0,197,17,0,214,184,237,29,0,450,8,0,8,458
12/23/2019,OGG,HI,AWP,WE,Towers with Radar,184,26,11,3,224,0,246,28,1,275,184,272,39,4,499,18,0,18,517
12/24/2019,OGG,HI,AWP,WE,Towers with Radar,180,43,14,0,237,0,235,19,0,254,180,278,33,0,491,30,0,30,521
12/25/2019,OGG,HI,AWP,WE,Towers with Radar,182,35,2,0,219,0,77,10,0,87,182,112,12,0,306,6,0,6,312
12/26/2019,OGG,HI,AWP,WE,Towers with Radar,177,36,22,4,239,0,258,20,0,278,177,294,42,4,517,16,0,16,533
12/27/2019,OGG,HI,AWP,WE,Towers with Radar,190,32,34,4,260,0,298,35,4,337,190,330,69,8,597,32,0,32,629
12/28/2019,OGG,HI,AWP,WE,Towers with Radar,186,18,29,0,233,0,280,33,0,313,186,298,62,0,546,8,0,8,554
12/29/2019,OGG,HI,AWP,WE,Towers with Radar,177,28,12,0,217,0,260,21,0,281,177,288,33,0,498,2,0,2,500
12/30/2019,OGG,HI,AWP,WE,Towers with Radar,182,29,10,0,221,0,284,37,0,321,182,313,47,0,542,12,0,12,554
12/31/2019,OGG,HI,AWP,WE,Towers with Radar,183,22,7,0,212,0,230,31,0,261,183,252,38,0,473,44,0,44,517
01/01/2020,OGG,HI,AWP,WE,Towers with Radar,181,30,18,0,229,0,162,23,0,185,181,192,41,0,414,36,0,36,450
01/02/2020,OGG,HI,AWP,WE,Towers with Radar,180,35,26,3,244,0,201,32,1,234,180,236,58,4,478,18,0,18,496
01/03/2020,OGG,HI,AWP,WE,Towers with Radar,183,50,26,0,259,0,98,19,4,121,183,148,45,4,380,38,0,38,418
01/04/2020,OGG,HI,AWP,WE,Towers with Radar,181,30,31,2,244,0,144,16,0,160,181,174,47,2,404,26,0,26,430
01/05/2020,OGG,HI,AWP,WE,Towers with Radar,181,24,26,0,231,0,143,28,1,172,181,167,54,1,403,8,0,8,411
01/06/2020,OGG,HI,AWP,WE,Towers with Radar,169,26,10,0,205,0,157,20,0,177,169,183,30,0,382,34,0,34,416
01/07/2020,OGG,HI,AWP,WE,Towers with Radar,162,30,4,0,196,0,126,8,2,136,162,156,12,2,332,26,0,26,358
01/08/2020,OGG,HI,AWP,WE,Towers with Radar,163,24,9,2,198,0,149,6,3,158,163,173,15,5,356,16,0,16,372
01/09/2020,OGG,HI,AWP,WE,Towers with Radar,165,36,17,5,223,0,85,16,1,102,165,121,33,6,325,20,2,22,347
01/10/2020,OGG,HI,AWP,WE,Towers with Radar,169,33,12,0,214,0,102,7,3,112,169,135,19,3,326,2,0,2,328
01/11/2020,OGG,HI,AWP,WE,Towers with Radar,169,38,8,4,219,0,55,14,4,73,169,93,22,8,292,26,2,28,320
01/12/2020,OGG,HI,AWP,WE,Towers with Radar,163,60,9,3,235,0,29,0,2,31,163,89,9,5,266,8,0,8,274
01/13/2020,OGG,HI,AWP,WE,Towers with Radar,151,39,8,0,198,0,147,19,0,166,151,186,27,0,364,16,0,16,380
01/14/2020,OGG,HI,AWP,WE,Towers with Radar,149,26,8,4,187,0,161,12,4,177,149,187,20,8,364,20,0,20,384
01/15/2020,OGG,HI,AWP,WE,Towers with Radar,149,17,2,10,178,0,137,25,3,165,149,154,27,13,343,44,0,44,387
01/16/2020,OGG,HI,AWP,WE,Towers with Radar,165,28,3,2,198,0,98,26,0,124,165,126,29,2,322,63,0,63,385
01/17/2020,OGG,HI,AWP,WE,Towers with Radar,164,50,8,1,223,0,115,16,0,131,164,165,24,1,354,48,0,48,402
01/18/2020,OGG,HI,AWP,WE,Towers with Radar,162,30,9,2,203,0,134,28,7,169,162,164,37,9,372,6,0,6,378
01/19/2020,OGG,HI,AWP,WE,Towers with Radar,158,30,5,0,193,0,149,21,0,170,158,179,26,0,363,28,0,28,391
01/20/2020,OGG,HI,AWP,WE,Towers with Radar,144,17,8,0,169,0,154,32,0,186,144,171,40,0,355,14,0,14,369
01/21/2020,OGG,HI,AWP,WE,Towers with Radar,162,18,6,0,186,0,173,27,0,200,162,191,33,0,386,56,0,56,442
01/22/2020,OGG,HI,AWP,WE,Towers with Radar,157,18,2,4,181,0,179,48,3,230,157,197,50,7,411,42,0,42,453
01/23/2020,OGG,HI,AWP,WE,Towers with Radar,167,26,3,4,200,0,175,37,2,214,167,201,40,6,414,16,0,16,430
01/24/2020,OGG,HI,AWP,WE,Towers with Radar,164,22,7,7,200,0,148,41,3,192,164,170,48,10,392,46,0,46,438
01/25/2020,OGG,HI,AWP,WE,Towers with Radar,164,18,5,0,187,0,132,27,0,159,164,150,32,0,346,24,0,24,370
01/26/2020,OGG,HI,AWP,WE,Towers with Radar,162,13,7,0,182,0,130,20,5,155,162,143,27,5,337,2,0,2,339
01/27/2020,OGG,HI,AWP,WE,Towers with Radar,181,29,6,3,219,0,124,24,1,149,181,153,30,4,368,32,0,32,400
01/28/2020,OGG,HI,AWP,WE,Towers with Radar,154,15,7,0,176,0,170,27,2,199,154,185,34,2,375,8,0,8,383
01/29/2020,OGG,HI,AWP,WE,Towers with Radar,162,11,2,5,180,0,129,21,2,152,162,140,23,7,332,32,0,32,364
01/30/2020,OGG,HI,AWP,WE,Towers with Radar,164,16,3,7,190,0,128,28,3,159,164,144,31,10,349,84,0,84,433
01/31/2020,OGG,HI,AWP,WE,Towers with Radar,163,20,0,0,183,0,123,29,0,152,163,143,29,0,335,66,0,66,401
02/01/2020,OGG,HI,AWP,WE,Towers with Radar,156,21,4,0,181,0,112,31,0,143,156,133,35,0,324,16,0,16,340
02/02/2020,OGG,HI,AWP,WE,Towers with Radar,164,18,10,0,192,0,110,28,0,138,164,128,38,0,330,10,0,10,340
02/03/2020,OGG,HI,AWP,WE,Towers with Radar,161,13,7,0,181,0,161,34,2,197,161,174,41,2,378,30,0,30,408
02/04/2020,OGG,HI,AWP,WE,Towers with Radar,167,20,4,0,191,0,156,24,2,182,167,176,28,2,373,54,0,54,427
02/05/2020,OGG,HI,AWP,WE,Towers with Radar,152,21,8,6,187,0,167,18,6,191,152,188,26,12,378,59,0,59,437
02/06/2020,OGG,HI,AWP,WE,Towers with Radar,162,65,11,5,243,0,50,9,8,67,162,115,20,13,310,30,0,30,340
02/07/2020,OGG,HI,AWP,WE,Towers with Radar,174,25,1,2,202,0,136,24,4,164,174,161,25,6,366,26,0,26,392
02/08/2020,OGG,HI,AWP,WE,Towers with Radar,177,15,9,2,203,0,142,15,5,162,177,157,24,7,365,2,0,2,367
02/09/2020,OGG,HI,AWP,WE,Towers with Radar,149,14,8,4,175,0,122,7,0,129,149,136,15,4,304,51,0,51,355
02/10/2020,OGG,HI,AWP,WE,Towers with Radar,146,50,1,0,197,0,89,3,0,92,146,139,4,0,289,32,0,32,321
02/11/2020,OGG,HI,AWP,WE,Towers with Radar,159,32,10,0,201,0,151,17,2,170,159,183,27,2,371,64,0,64,435
02/12/2020,OGG,HI,AWP,WE,Towers with Radar,159,17,14,0,190,0,145,34,0,179,159,162,48,0,369,64,0,64,433
02/13/2020,OGG,HI,AWP,WE,Towers with Radar,166,28,6,7,207,0,152,41,2,195,166,180,47,9,402,32,0,32,434
02/14/2020,OGG,HI,AWP,WE,Towers with Radar,164,20,5,0,189,0,163,31,0,194,164,183,36,0,383,19,0,19,402
02/15/2020,OGG,HI,AWP,WE,Towers with Radar,156,16,13,1,186,0,127,30,1,158,156,143,43,2,344,50,0,50,394
02/16/2020,OGG,HI,AWP,WE,Towers with Radar,151,18,12,0,181,0,120,20,0,140,151,138,32,0,321,25,0,25,346
02/17/2020,OGG,HI,AWP,WE,Towers with Radar,162,13,6,1,182,0,163,32,1,196,162,176,38,2,378,26,0,26,404
02/18/2020,OGG,HI,AWP,WE,Towers with Radar,155,25,3,2,185,0,176,21,0,197,155,201,24,2,382,10,0,10,392
02/19/2020,OGG,HI,AWP,WE,Towers with Radar,155,25,9,2,191,0,128,16,3,147,155,153,25,5,338,64,0,64,402
02/20/2020,OGG,HI,AWP,WE,Towers with Radar,158,25,7,0,190,0,142,18,2,162,158,167,25,2,352,34,0,34,386
02/21/2020,OGG,HI,AWP,WE,Towers with Radar,173,20,9,5,207,0,116,25,1,142,173,136,34,6,349,15,0,15,364
02/22/2020,OGG,HI,AWP,WE,Towers with Radar,178,15,11,0,204,0,122,21,1,144,178,137,32,1,348,34,0,34,382
02/23/2020,OGG,HI,AWP,WE,Towers with Radar,154,28,6,0,188,0,133,54,0,187,154,161,60,0,375,28,0,28,403
02/24/2020,OGG,HI,AWP,WE,Towers with Radar,151,23,4,2,180,0,168,37,0,205,151,191,41,2,385,41,0,41,426
02/25/2020,OGG,HI,AWP,WE,Towers with Radar,158,36,4,0,198,0,185,39,0,224,158,221,43,0,422,14,0,14,436
02/26/2020,OGG,HI,AWP,WE,Towers with Radar,152,26,6,4,188,0,196,22,7,225,152,222,28,11,413,14,0,14,427
02/27/2020,OGG,HI,AWP,WE,Towers with Radar,175,32,8,9,224,0,199,29,1,229,175,231,37,10,453,45,0,45,498
02/28/2020,OGG,HI,AWP,WE,Towers with Radar,161,25,4,0,190,0,169,19,2,190,161,194,23,2,380,18,0,18,398
02/29/2020,OGG,HI,AWP,WE,Towers with Radar,167,24,6,0,197,0,95,21,1,117,167,119,27,1,314,16,0,16,330
03/01/2020,OGG,HI,AWP,WE,Towers with Radar,163,16,7,0,186,0,94,8,0,102,163,110,15,0,288,18,0,18,306
03/02/2020,OGG,HI,AWP,WE,Towers with Radar,160,19,8,0,187,0,123,44,1,168,160,142,52,1,355,66,0,66,421
03/03/2020,OGG,HI,AWP,WE,Towers with Radar,154,26,8,9,197,0,170,40,5,215,154,196,48,14,412,32,0,32,444
03/04/2020,OGG,HI,AWP,WE,Towers with Radar,157,26,10,5,198,0,137,34,4,175,157,163,44,9,373,30,0,30,403
03/05/2020,OGG,HI,AWP,WE,Towers with Radar,177,10,4,0,191,0,146,47,2,195,177,156,51,2,386,30,0,30,416
03/06/2020,OGG,HI,AWP,WE,Towers with Radar,164,22,9,0,195,0,111,32,0,143,164,133,41,0,338,60,0,60,398
03/07/2020,OGG,HI,AWP,WE,Towers with Radar,179,28,5,2,214,0,94,14,2,110,179,122,19,4,324,18,0,18,342
03/08/2020,OGG,HI,AWP,WE,Towers with Radar,176,11,6,3,196,0,114,21,1,136,176,125,27,4,332,26,0,26,358
03/09/2020,OGG,HI,AWP,WE,Towers with Radar,142,24,9,6,181,0,130,27,0,157,142,154,36,6,338,50,0,50,388
03/10/2020,OGG,HI,AWP,WE,Towers with Radar,156,17,6,2,181,0,153,46,2,201,156,170,52,4,382,54,0,54,436
03/11/2020,OGG,HI,AWP,WE,Towers with Radar,165,24,8,7,204,0,143,38,1,182,165,167,46,8,386,48,0,48,434
03/12/2020,OGG,HI,AWP,WE,Towers with Radar,170,17,9,3,199,0,165,28,4,197,170,182,37,7,396,99,0,99,495
03/13/2020,OGG,HI,AWP,WE,Towers with Radar,168,40,9,0,217,0,112,18,2,132,168,152,27,2,349,54,0,54,403
03/14/2020,OGG,HI,AWP,WE,Towers with Radar,177,28,5,0,210,0,105,11,0,116,177,133,16,0,326,70,0,70,396
03/15/2020,OGG,HI,AWP,WE,Towers with Radar,174,26,12,0,212,0,115,5,0,120,174,141,17,0,332,98,0,98,430
03/16/2020,OGG,HI,AWP,WE,Towers with Radar,146,27,15,0,188,0,112,12,0,124,146,139,27,0,312,62,0,62,374
03/17/2020,OGG,HI,AWP,WE,Towers with Radar,161,45,5,0,211,0,73,11,0,84,161,118,16,0,295,6,0,6,301
03/18/2020,OGG,HI,AWP,WE,Towers with Radar,168,26,15,5,214,0,135,28,0,163,168,161,43,5,377,60,2,62,439
03/19/2020,OGG,HI,AWP,WE,Towers with Radar,162,24,12,1,199,0,122,24,1,147,162,146,36,2,346,48,0,48,394
03/20/2020,OGG,HI,AWP,WE,Towers with Radar,176,16,10,0,202,0,72,18,2,92,176,88,28,2,294,54,0,54,348
03/21/2020,OGG,HI,AWP,WE,Towers with Radar,180,16,6,0,202,0,51,19,0,70,180,67,25,0,272,16,0,16,288
03/22/2020,OGG,HI,AWP,WE,Towers with Radar,170,12,3,4,189,0,48,12,0,60,170,60,15,4,249,50,0,50,299
03/23/2020,OGG,HI,AWP,WE,Towers with Radar,149,21,3,0,173,0,55,17,0,72,149,76,20,0,245,48,0,48,293
03/24/2020,OGG,HI,AWP,WE,Towers with Radar,129,19,8,7,163,0,48,14,5,67,129,67,22,12,230,72,0,72,302
03/25/2020,OGG,HI,AWP,WE,Towers with Radar,121,18,8,0,147,0,29,5,2,36,121,47,13,2,183,20,0,20,203
03/26/2020,OGG,HI,AWP,WE,Towers with Radar,96,19,2,2,119,0,35,10,0,45,96,54,12,2,164,32,0,32,196
03/27/2020,OGG,HI,AWP,WE,Towers with Radar,69,13,6,0,88,0,43,12,1,56,69,56,18,1,144,83,0,83,227
03/28/2020,OGG,HI,AWP,WE,Towers with Radar,60,7,1,0,68,0,26,11,1,38,60,33,12,1,106,14,0,14,120
03/29/2020,OGG,HI,AWP,WE,Towers with Radar,60,6,5,0,71,0,24,5,0,29,60,30,10,0,100,0,0,0,100
03/30/2020,OGG,HI,AWP,WE,Towers with Radar,49,10,4,0,63,0,41,23,1,65,49,51,27,1,128,36,0,36,164
03/31/2020,OGG,HI,AWP,WE,Towers with Radar,49,16,2,0,67,0,25,17,4,46,49,41,19,4,113,64,0,64,177
04/01/2020,OGG,HI,AWP,WE,Towers with Radar,36,10,1,0,47,0,31,27,0,58,36,41,28,0,105,66,0,66,171
04/02/2020,OGG,HI,AWP,WE,Towers with Radar,36,5,2,0,43,0,35,26,0,61,36,40,28,0,104,51,0,51,155
04/03/2020,OGG,HI,AWP,WE,Towers with Radar,37,4,4,0,45,0,30,29,0,59,37,34,33,0,104,38,0,38,142
04/04/2020,OGG,HI,AWP,WE,Towers with Radar,26,5,1,1,33,0,21,22,1,44,26,26,23,2,77,26,0,26,103
04/05/2020,OGG,HI,AWP,WE,Towers with Radar,29,0,0,0,29,0,13,4,0,17,29,13,4,0,46,14,0,14,60
04/06/2020,OGG,HI,AWP,WE,Towers with Radar,20,18,4,0,42,0,23,20,0,43,20,41,24,0,85,14,0,14,99
04/07/2020,OGG,HI,AWP,WE,Towers with Radar,20,7,0,8,35,0,19,11,4,34,20,26,11,12,69,30,16,46,115
04/08/2020,OGG,HI,AWP,WE,Towers with Radar,24,13,2,4,43,0,29,32,2,63,24,42,34,6,106,14,0,14,120
04/09/2020,OGG,HI,AWP,WE,Towers with Radar,21,8,4,0,33,0,22,16,4,42,21,30,20,4,75,38,0,38,113
04/10/2020,OGG,HI,AWP,WE,Towers with Radar,22,10,3,0,35,0,34,13,3,50,22,44,16,3,85,46,0,46,131
04/11/2020,OGG,HI,AWP,WE,Towers with Radar,16,3,2,0,21,0,21,4,0,25,16,24,6,0,46,20,0,20,66
04/12/2020,OGG,HI,AWP,WE,Towers with Radar,17,4,0,0,21,0,6,1,0,7,17,10,1,0,28,6,0,6,34
04/13/2020,OGG,HI,AWP,WE,Towers with Radar,16,14,3,0,33,0,23,18,0,41,16,37,21,0,74,94,0,94,168
04/14/2020,OGG,HI,AWP,WE,Towers with Radar,23,5,6,0,34,0,24,14,2,40,23,29,20,2,74,10,0,10,84
04/15/2020,OGG,HI,AWP,WE,Towers with Radar,18,6,1,0,25,0,23,21,0,44,18,29,22,0,69,55,1,56,125
04/16/2020,OGG,HI,AWP,WE,Towers with Radar,18,6,2,0,26,0,25,23,0,48,18,31,25,0,74,38,0,38,112
04/17/2020,OGG,HI,AWP,WE,Towers with Radar,18,10,7,6,41,0,24,21,12,57,18,34,28,18,98,46,10,56,154
04/18/2020,OGG,HI,AWP,WE,Towers with Radar,15,5,1,0,21,0,15,21,8,44,15,20,22,8,65,34,0,34,99
04/19/2020,OGG,HI,AWP,WE,Towers with Radar,16,2,5,0,23,0,21,15,0,36,16,23,20,0,59,21,0,21,80
04/20/2020,OGG,HI,AWP,WE,Towers with Radar,14,6,3,13,36,0,25,27,2,54,14,31,30,15,90,92,0,92,182
04/21/2020,OGG,HI,AWP,WE,Towers with Radar,19,5,6,7,37,0,17,24,2,43,19,22,30,9,80,52,10,62,142
04/22/2020,OGG,HI,AWP,WE,Towers with Radar,18,9,2,1,30,0,25,12,2,39,18,34,14,3,69,101,0,101,170
04/23/2020,OGG,HI,AWP,WE,Towers with Radar,19,6,2,2,29,0,20,12,7,39,19,26,14,9,68,30,0,30,98
04/24/2020,OGG,HI,AWP,WE,Towers with Radar,17,7,8,0,32,0,23,14,0,37,17,30,22,0,69,22,0,22,91
04/25/2020,OGG,HI,AWP,WE,Towers with Radar,20,3,3,0,26,0,21,19,1,41,20,24,22,1,67,60,0,60,127
04/26/2020,OGG,HI,AWP,WE,Towers with Radar,17,8,5,0,30,0,19,8,3,30,17,27,13,3,60,10,0,10,70
04/27/2020,OGG,HI,AWP,WE,Towers with Radar,22,4,6,1,33,0,24,21,4,49,22,28,27,5,82,84,0,84,166
04/28/2020,OGG,HI,AWP,WE,Towers with Radar,17,5,4,6,32,0,22,19,2,43,17,27,23,8,75,56,0,56,131
04/29/2020,OGG,HI,AWP,WE,Towers with Radar,17,6,7,0,30,0,27,13,6,46,17,33,20,6,76,18,0,18,94
04/30/2020,OGG,HI,AWP,WE,Towers with Radar,19,4,5,1,29,0,21,18,4,43,19,25,23,5,72,22,0,22,94
05/01/2020,OGG,HI,AWP,WE,Towers with Radar,21,9,4,6,40,0,26,15,0,41,21,35,19,6,81,85,0,85,166
05/02/2020,OGG,HI,AWP,WE,Towers with Radar,14,2,2,0,18,0,14,2,0,16,14,16,4,0,34,42,0,42,76
05/03/2020,OGG,HI,AWP,WE,Towers with Radar,17,7,2,0,26,0,12,19,0,31,17,19,21,0,57,22,0,22,79
05/04/2020,OGG,HI,AWP,WE,Towers with Radar,23,11,5,6,45,0,29,12,4,45,23,40,17,10,90,60,0,60,150
05/05/2020,OGG,HI,AWP,WE,Towers with Radar,19,4,2,6,31,0,21,24,8,53,19,25,26,14,84,21,4,25,109
05/06/2020,OGG,HI,AWP,WE,Towers with Radar,22,7,5,0,34,0,34,26,0,60,22,41,31,0,94,44,0,44,138
05/07/2020,OGG,HI,AWP,WE,Towers with Radar,19,6,10,0,35,0,26,18,4,48,19,32,28,4,83,48,0,48,131
05/08/2020,OGG,HI,AWP,WE,Towers with Radar,19,4,10,0,33,0,18,11,3,32,19,22,21,3,65,0,0,0,65
05/09/2020,OGG,HI,AWP,WE,Towers with Radar,16,10,4,1,31,0,18,19,1,38,16,28,23,2,69,4,0,4,73
05/10/2020,OGG,HI,AWP,WE,Towers with Radar,21,4,5,0,30,0,25,12,1,38,21,29,17,1,68,10,4,14,82
05/11/2020,OGG,HI,AWP,WE,Towers with Radar,23,12,5,0,40,0,35,23,0,58,23,47,28,0,98,60,0,60,158
05/12/2020,OGG,HI,AWP,WE,Towers with Radar,15,5,5,4,29,0,26,12,0,38,15,31,17,4,67,62,0,62,129
05/13/2020,OGG,HI,AWP,WE,Towers with Radar,20,3,2,0,25,0,29,25,6,60,20,32,27,6,85,20,0,20,105
05/14/2020,OGG,HI,AWP,WE,Towers with Radar,18,7,7,5,37,0,20,23,3,46,18,27,30,8,83,120,36,156,239
05/15/2020,OGG,HI,AWP,WE,Towers with Radar,25,8,6,3,42,0,18,29,2,49,25,26,35,5,91,52,4,56,147
05/16/2020,OGG,HI,AWP,WE,Towers with Radar,17,4,3,0,24,0,23,20,0,43,17,27,23,0,67,76,0,76,143
05/17/2020,OGG,HI,AWP,WE,Towers with Radar,21,1,1,2,25,1,21,20,2,44,22,22,21,4,69,16,4,20,89
05/18/2020,OGG,HI,AWP,WE,Towers with Radar,22,9,2,2,35,0,27,7,1,35,22,36,9,3,70,70,0,70,140
05/19/2020,OGG,HI,AWP,WE,Towers with Radar,19,5,6,2,32,0,29,23,2,54,19,34,29,4,86,66,0,66,152
05/20/2020,OGG,HI,AWP,WE,Towers with Radar,22,4,2,3,31,0,33,19,5,57,22,37,21,8,88,86,0,86,174
05/21/2020,OGG,HI,AWP,WE,Towers with Radar,19,6,1,4,30,0,27,30,0,57,19,33,31,4,87,160,0,160,247
05/22/2020,OGG,HI,AWP,WE,Towers with Radar,24,6,7,2,39,0,29,16,3,48,24,35,23,5,87,34,0,34,121
05/23/2020,OGG,HI,AWP,WE,Towers with Radar,21,5,4,0,30,0,24,31,0,55,21,29,35,0,85,44,0,44,129
05/24/2020,OGG,HI,AWP,WE,Towers with Radar,21,1,1,0,23,0,16,14,0,30,21,17,15,0,53,20,0,20,73
05/25/2020,OGG,HI,AWP,WE,Towers with Radar,17,3,1,0,21,0,28,33,3,64,17,31,34,3,85,50,0,50,135
05/26/2020,OGG,HI,AWP,WE,Towers with Radar,24,6,6,2,38,0,26,36,3,65,24,32,42,5,103,16,0,16,119
05/27/2020,OGG,HI,AWP,WE,Towers with Radar,19,12,12,2,45,0,28,24,0,52,19,40,36,2,97,46,0,46,143
05/28/2020,OGG,HI,AWP,WE,Towers with Radar,21,7,1,2,31,0,26,21,8,55,21,33,22,10,86,46,0,46,132
05/29/2020,OGG,HI,AWP,WE,Towers with Radar,21,9,4,0,34,0,37,34,0,71,21,46,38,0,105,136,0,136,241
05/30/2020,OGG,HI,AWP,WE,Towers with Radar,16,6,5,3,30,0,26,30,0,56,16,32,35,3,86,13,0,13,99
05/31/2020,OGG,HI,AWP,WE,Towers with Radar,19,2,5,0,26,0,16,11,0,27,19,18,16,0,53,24,0,24,77
06/01/2020,OGG,HI,AWP,WE,Towers with Radar,26,9,2,0,37,0,39,21,0,60,26,48,23,0,97,66,0,66,163
06/02/2020,OGG,HI,AWP,WE,Towers with Radar,20,14,7,0,41,0,41,17,3,61,20,55,24,3,102,14,0,14,116
06/03/2020,OGG,HI,AWP,WE,Towers with Radar,22,9,8,5,44,0,33,25,0,58,22,42,33,5,102,14,0,14,116
06/04/2020,OGG,HI,AWP,WE,Towers with Radar,25,8,4,6,43,0,42,24,2,68,25,50,28,8,111,54,0,54,165
06/05/2020,OGG,HI,AWP,WE,Towers with Radar,29,8,4,2,43,0,43,37,2,82,29,51,41,4,125,22,0,22,147
06/06/2020,OGG,HI,AWP,WE,Towers with Radar,21,5,6,1,33,0,16,12,3,31,21,21,18,4,64,22,0,22,86
06/07/2020,OGG,HI,AWP,WE,Towers with Radar,27,1,1,1,30,0,26,19,1,46,27,27,20,2,76,4,0,4,80
06/08/2020,OGG,HI,AWP,WE,Towers with Radar,26,6,3,2,37,0,44,29,3,76,26,50,32,5,113,12,0,12,125
06/09/2020,OGG,HI,AWP,WE,Towers with Radar,28,7,2,9,46,0,41,16,0,57,28,48,18,9,103,10,0,10,113
06/10/2020,OGG,HI,AWP,WE,Towers with Radar,27,9,1,0,37,0,36,18,3,57,27,45,19,3,94,6,0,6,100
06/11/2020,OGG,HI,AWP,WE,Towers with Radar,24,3,3,4,34,0,44,15,2,61,24,47,18,6,95,18,0,18,113
06/12/2020,OGG,HI,AWP,WE,Towers with Radar,28,6,1,2,37,0,37,13,3,53,28,43,14,5,90,4,0,4,94
06/13/2020,OGG,HI,AWP,WE,Towers with Radar,23,9,3,1,36,0,22,8,1,31,23,31,11,2,67,60,0,60,127
06/14/2020,OGG,HI,AWP,WE,Towers with Radar,26,4,5,0,35,0,22,16,0,38,26,26,21,0,73,38,0,38,111
06/15/2020,OGG,HI,AWP,WE,Towers with Radar,27,8,4,0,39,0,48,29,0,77,27,56,33,0,116,70,0,70,186
06/16/2020,OGG,HI,AWP,WE,Towers with Radar,30,10,6,9,55,0,47,23,1,71,30,57,29,10,126,38,0,38,164
06/17/2020,OGG,HI,AWP,WE,Towers with Radar,27,8,5,4,44,0,45,31,4,80,27,53,36,8,124,42,0,42,166
06/18/2020,OGG,HI,AWP,WE,Towers with Radar,30,7,2,4,43,0,46,19,0,65,30,53,21,4,108,10,0,10,118
06/19/2020,OGG,HI,AWP,WE,Towers with Radar,32,8,4,4,48,0,48,23,4,75,32,56,27,8,123,12,0,12,135
06/20/2020,OGG,HI,AWP,WE,Towers with Radar,30,9,7,1,47,0,28,27,1,56,30,37,34,2,103,14,0,14,117
06/21/2020,OGG,HI,AWP,WE,Towers with Radar,31,3,0,0,34,0,45,12,0,57,31,48,12,0,91,20,0,20,111
06/22/2020,OGG,HI,AWP,WE,Towers with Radar,35,14,4,3,56,0,56,31,1,88,35,70,35,4,144,34,0,34,178
06/23/2020,OGG,HI,AWP,WE,Towers with Radar,33,5,1,1,40,0,55,20,4,79,33,60,21,5,119,32,0,32,151
06/24/2020,OGG,HI,AWP,WE,Towers with Radar,30,6,4,0,40,0,48,28,7,83,30,54,32,7,123,2,0,2,125
06/25/2020,OGG,HI,AWP,WE,Towers with Radar,32,10,4,6,52,0,59,21,2,82,32,69,25,8,134,28,0,28,162
06/26/2020,OGG,HI,AWP,WE,Towers with Radar,31,5,1,1,38,0,66,30,2,98,31,71,31,3,136,30,0,30,166
06/27/2020,OGG,HI,AWP,WE,Towers with Radar,28,7,3,1,39,0,37,20,1,58,28,44,23,2,97,10,0,10,107
06/28/2020,OGG,HI,AWP,WE,Towers with Radar,37,3,4,0,44,0,42,20,0,62,37,45,24,0,106,10,0,10,116
06/29/2020,OGG,HI,AWP,WE,Towers with Radar,40,7,3,6,56,0,54,32,2,88,40,61,35,8,144,30,0,30,174
06/30/2020,OGG,HI,AWP,WE,Towers with Radar,38,11,7,0,56,0,59,20,0,79,38,70,27,0,135,20,0,20,155
07/01/2020,OGG,HI,AWP,WE,Towers with Radar,40,3,2,3,48,0,46,16,4,66,40,49,18,7,114,6,0,6,120
07/02/2020,OGG,HI,AWP,WE,Towers with Radar,54,8,0,0,62,0,56,21,0,77,54,64,21,0,139,16,0,16,155
07/03/2020,OGG,HI,AWP,WE,Towers with Radar,47,19,5,0,71,0,44,20,0,64,47,63,25,0,135,56,0,56,191
07/04/2020,OGG,HI,AWP,WE,Towers with Radar,34,2,0,0,36,0,33,21,0,54,34,35,21,0,90,65,0,65,155
07/05/2020,OGG,HI,AWP,WE,Towers with Radar,41,2,6,0,49,0,58,13,1,72,41,60,19,1,121,8,0,8,129
07/06/2020,OGG,HI,AWP,WE,Towers with Radar,48,8,5,1,62,0,70,18,2,90,48,78,23,3,152,24,0,24,176
07/07/2020,OGG,HI,AWP,WE,Towers with Radar,49,7,3,2,61,0,57,17,2,76,49,64,20,4,137,50,0,50,187
07/08/2020,OGG,HI,AWP,WE,Towers with Radar,39,7,3,1,50,0,66,17,5,88,39,73,20,6,138,74,0,74,212
07/09/2020,OGG,HI,AWP,WE,Towers with Radar,54,16,3,1,74,0,59,13,1,73,54,75,16,2,147,20,0,20,167
07/10/2020,OGG,HI,AWP,WE,Towers with Radar,45,16,10,4,75,0,61,26,5,92,45,77,36,9,167,38,0,38,205
07/11/2020,OGG,HI,AWP,WE,Towers with Radar,38,2,2,1,43,0,45,20,2,67,38,47,22,3,110,8,0,8,118
07/12/2020,OGG,HI,AWP,WE,Towers with Radar,48,3,1,6,58,0,41,23,0,64,48,44,24,6,122,14,2,16,138
07/13/2020,OGG,HI,AWP,WE,Towers with Radar,47,15,0,2,64,0,52,24,0,76,47,67,24,2,140,12,0,12,152
07/14/2020,OGG,HI,AWP,WE,Towers with Radar,47,8,7,1,63,0,48,9,1,58,47,56,16,2,121,38,0,38,159
07/15/2020,OGG,HI,AWP,WE,Towers with Radar,51,13,13,8,85,0,57,16,2,75,51,70,29,10,160,24,0,24,184
07/16/2020,OGG,HI,AWP,WE,Towers with Radar,54,7,1,4,66,0,57,29,2,88,54,64,30,6,154,30,0,30,184
07/17/2020,OGG,HI,AWP,WE,Towers with Radar,53,12,5,1,71,0,56,28,3,87,53,68,33,4,158,32,0,32,190
07/18/2020,OGG,HI,AWP,WE,Towers with Radar,47,5,0,0,52,0,34,31,3,68,47,39,31,3,120,6,0,6,126
07/19/2020,OGG,HI,AWP,WE,Towers with Radar,51,2,1,0,54,0,44,14,0,58,51,46,15,0,112,36,0,36,148
07/20/2020,OGG,HI,AWP,WE,Towers with Radar,55,6,7,6,74,0,52,14,0,66,55,58,21,6,140,58,0,58,198
07/21/2020,OGG,HI,AWP,WE,Towers with Radar,51,4,0,4,59,0,44,15,2,61,51,48,15,6,120,34,0,34,154
07/22/2020,OGG,HI,AWP,WE,Towers with Radar,46,7,1,2,56,0,49,29,0,78,46,56,30,2,134,2,0,2,136
07/23/2020,OGG,HI,AWP,WE,Towers with Radar,53,8,6,3,70,0,51,27,4,82,53,59,33,7,152,26,0,26,178
07/24/2020,OGG,HI,AWP,WE,Towers with Radar,55,4,6,4,69,0,51,23,3,77,55,55,29,7,146,40,0,40,186
07/25/2020,OGG,HI,AWP,WE,Towers with Radar,45,1,5,0,51,0,45,9,0,54,45,46,14,0,105,8,2,10,115
07/26/2020,OGG,HI,AWP,WE,Towers with Radar,3,3,0,0,6,0,0,0,0,0,3,3,0,0,6,0,0,0,6
07/27/2020,OGG,HI,AWP,WE,Towers with Radar,44,11,6,1,62,0,44,12,2,58,44,55,18,3,120,66,0,66,186
07/28/2020,OGG,HI,AWP,WE,Towers with Radar,54,12,7,0,73,0,48,9,2,59,54,60,16,2,132,60,0,60,192
07/29/2020,OGG,HI,AWP,WE,Towers with Radar,45,11,3,1,60,0,48,20,3,71,45,59,23,4,131,18,0,18,149
07/30/2020,OGG,HI,AWP,WE,Towers with Radar,51,5,4,2,62,0,50,24,0,74,51,55,28,2,136,54,0,54,190
07/31/2020,OGG,HI,AWP,WE,Towers with Radar,53,4,1,0,58,0,59,25,2,86,53,63,26,2,144,24,2,26,170
08/01/2020,OGG,HI,AWP,WE,Towers with Radar,46,3,3,4,56,0,48,24,6,78,46,51,27,10,134,48,0,48,182
08/02/2020,OGG,HI,AWP,WE,Towers with Radar,51,6,2,0,59,0,44,14,7,65,51,50,16,7,124,26,0,26,150
08/03/2020,OGG,HI,AWP,WE,Towers with Radar,53,7,3,1,64,0,66,12,6,84,53,73,15,7,148,84,0,84,232
08/04/2020,OGG,HI,AWP,WE,Towers with Radar,50,9,1,8,68,0,63,27,2,92,50,72,28,10,160,32,2,34,194
08/05/2020,OGG,HI,AWP,WE,Towers with Radar,52,9,2,0,63,0,49,24,0,73,52,58,26,0,136,14,0,14,150
08/06/2020,OGG,HI,AWP,WE,Towers with Radar,60,9,3,3,75,0,47,15,7,69,60,56,18,10,144,28,0,28,172
08/07/2020,OGG,HI,AWP,WE,Towers with Radar,56,15,3,2,76,0,54,22,5,81,56,69,25,7,157,32,0,32,189
08/08/2020,OGG,HI,AWP,WE,Towers with Radar,46,9,8,1,64,0,38,16,3,57,46,47,24,4,121,8,2,10,131
08/09/2020,OGG,HI,AWP,WE,Towers with Radar,50,10,3,0,63,0,42,16,2,60,50,52,19,2,123,0,0,0,123
08/10/2020,OGG,HI,AWP,WE,Towers with Radar,47,14,2,0,63,0,40,23,2,65,47,54,25,2,128,42,0,42,170
08/11/2020,OGG,HI,AWP,WE,Towers with Radar,47,11,5,1,64,0,28,26,2,56,47,39,31,3,120,38,0,38,158
08/12/2020,OGG,HI,AWP,WE,Towers with Radar,29,7,4,2,42,0,43,23,0,66,29,50,27,2,108,8,0,8,116
08/13/2020,OGG,HI,AWP,WE,Towers with Radar,38,10,2,10,60,0,51,31,0,82,38,61,33,10,142,24,0,24,166
08/14/2020,OGG,HI,AWP,WE,Towers with Radar,34,8,4,0,46,0,36,28,6,70,34,44,32,6,116,22,0,22,138
08/15/2020,OGG,HI,AWP,WE,Towers with Radar,37,6,3,2,48,0,17,22,0,39,37,23,25,2,87,2,0,2,89
08/16/2020,OGG,HI,AWP,WE,Towers with Radar,38,5,3,0,46,0,21,27,0,48,38,26,30,0,94,12,0,12,106
08/17/2020,OGG,HI,AWP,WE,Towers with Radar,41,3,2,2,48,0,31,25,0,56,41,34,27,2,104,54,0,54,158
08/18/2020,OGG,HI,AWP,WE,Towers with Radar,35,5,3,1,44,0,39,21,2,62,35,44,24,3,106,42,0,42,148
08/19/2020,OGG,HI,AWP,WE,Towers with Radar,33,10,4,1,48,0,34,22,5,61,33,44,26,6,109,23,0,23,132
08/20/2020,OGG,HI,AWP,WE,Towers with Radar,30,7,1,8,46,0,30,17,6,53,30,37,18,14,99,99,0,99,198
08/21/2020,OGG,HI,AWP,WE,Towers with Radar,38,9,4,4,55,0,25,36,0,61,38,34,40,4,116,46,0,46,162
08/22/2020,OGG,HI,AWP,WE,Towers with Radar,34,6,4,3,47,0,23,26,1,50,34,29,30,4,97,68,0,68,165
08/23/2020,OGG,HI,AWP,WE,Towers with Radar,35,1,2,0,38,0,20,13,2,35,35,21,15,2,73,40,0,40,113
08/24/2020,OGG,HI,AWP,WE,Towers with Radar,38,7,1,0,46,0,30,16,2,48,38,37,17,2,94,46,0,46,140
08/25/2020,OGG,HI,AWP,WE,Towers with Radar,37,2,5,0,44,0,29,33,4,66,37,31,38,4,110,48,0,48,158
08/26/2020,OGG,HI,AWP,WE,Towers with Radar,31,7,0,3,41,0,23,20,3,46,31,30,20,6,87,42,0,42,129
08/27/2020,OGG,HI,AWP,WE,Towers with Radar,30,5,0,3,38,0,27,23,1,51,30,32,23,4,89,40,0,40,129
08/28/2020,OGG,HI,AWP,WE,Towers with Radar,37,13,1,3,54,0,40,20,5,65,37,53,21,8,119,72,0,72,191
08/29/2020,OGG,HI,AWP,WE,Towers with Radar,34,10,3,0,47,0,18,21,0,39,34,28,24,0,86,42,0,42,128
08/30/2020,OGG,HI,AWP,WE,Towers with Radar,36,1,0,0,37,0,26,10,0,36,36,27,10,0,73,30,0,30,103
08/31/2020,OGG,HI,AWP,WE,Towers with Radar,40,8,6,6,60,0,37,16,0,53,40,45,22,6,113,78,0,78,191
09/01/2020,OGG,HI,AWP,WE,Towers with Radar,31,9,5,0,45,0,20,16,0,36,31,29,21,0,81,60,0,60,141
09/02/2020,OGG,HI,AWP,WE,Towers with Radar,31,5,4,1,41,0,25,25,4,54,31,30,29,5,95,58,0,58,153
09/03/2020,OGG,HI,AWP,WE,Towers with Radar,35,6,10,2,53,0,31,19,4,54,35,37,29,6,107,60,2,62,169
09/04/2020,OGG,HI,AWP,WE,Towers with Radar,34,4,4,0,42,0,34,24,0,58,34,38,28,0,100,26,0,26,126
09/05/2020,OGG,HI,AWP,WE,Towers with Radar,26,2,3,0,31,0,15,22,0,37,26,17,25,0,68,40,0,40,108
09/06/2020,OGG,HI,AWP,WE,Towers with Radar,27,4,1,0,32,0,10,19,0,29,27,14,20,0,61,18,0,18,79
09/07/2020,OGG,HI,AWP,WE,Towers with Radar,27,3,6,0,36,0,20,27,0,47,27,23,33,0,83,24,0,24,107
09/08/2020,OGG,HI,AWP,WE,Towers with Radar,29,7,7,3,46,0,33,24,3,60,29,40,31,6,106,74,2,76,182
09/09/2020,OGG,HI,AWP,WE,Towers with Radar,28,5,5,1,39,0,23,13,3,39,28,28,18,4,78,38,0,38,116
09/10/2020,OGG,HI,AWP,WE,Towers with Radar,31,9,2,0,42,0,31,11,0,42,31,40,13,0,84,30,0,30,114
09/11/2020,OGG,HI,AWP,WE,Towers with Radar,31,6,8,0,45,0,23,28,3,54,31,29,36,3,99,36,0,36,135
09/12/2020,OGG,HI,AWP,WE,Towers with Radar,26,8,9,0,43,0,28,19,0,47,26,36,28,0,90,94,0,94,184
09/13/2020,OGG,HI,AWP,WE,Towers with Radar,26,1,2,0,29,0,20,24,0,44,26,21,26,0,73,50,0,50,123
09/14/2020,OGG,HI,AWP,WE,Towers with Radar,33,5,3,0,41,0,32,19,0,51,33,37,22,0,92,80,0,80,172
09/15/2020,OGG,HI,AWP,WE,Towers with Radar,26,6,13,0,45,0,31,21,0,52,26,37,34,0,97,76,0,76,173
09/16/2020,OGG,HI,AWP,WE,Towers with Radar,27,5,7,2,41,0,33,15,5,53,27,38,22,7,94,114,0,114,208
09/17/2020,OGG,HI,AWP,WE,Towers with Radar,31,9,5,1,46,0,25,23,1,49,31,34,28,2,95,104,0,104,199
09/18/2020,OGG,HI,AWP,WE,Towers with Radar,30,7,3,2,42,0,27,25,2,54,30,34,28,4,96,54,0,54,150
09/19/2020,OGG,HI,AWP,WE,Towers with Radar,25,13,6,0,44,0,15,19,0,34,25,28,25,0,78,112,0,112,190
09/20/2020,OGG,HI,AWP,WE,Towers with Radar,26,3,3,0,32,0,25,20,0,45,26,28,23,0,77,28,0,28,105
09/21/2020,OGG,HI,AWP,WE,Towers with Radar,31,6,2,7,46,0,30,12,1,43,31,36,14,8,89,92,0,92,181
09/22/2020,OGG,HI,AWP,WE,Towers with Radar,30,6,2,2,40,0,38,27,0,65,30,44,29,2,105,20,2,22,127
09/23/2020,OGG,HI,AWP,WE,Towers with Radar,32,9,2,8,51,0,31,12,2,45,32,40,14,10,96,76,0,76,172
09/24/2020,OGG,HI,AWP,WE,Towers with Radar,33,7,2,2,44,0,26,21,0,47,33,33,23,2,91,78,0,78,169
09/25/2020,OGG,HI,AWP,WE,Towers with Radar,30,8,1,0,39,0,34,30,6,70,30,42,31,6,109,44,0,44,153
09/26/2020,OGG,HI,AWP,WE,Towers with Radar,25,11,0,0,36,0,13,13,0,26,25,24,13,0,62,0,0,0,62
09/27/2020,OGG,HI,AWP,WE,Towers with Radar,25,3,5,0,33,0,12,24,0,36,25,15,29,0,69,50,0,50,119
09/28/2020,OGG,HI,AWP,WE,Towers with Radar,25,8,1,1,35,0,36,21,1,58,25,44,22,2,93,72,0,72,165
09/29/2020,OGG,HI,AWP,WE,Towers with Radar,27,8,7,4,46,0,27,20,0,47,27,35,27,4,93,38,0,38,131
09/30/2020,OGG,HI,AWP,WE,Towers with Radar,28,11,8,7,54,2,44,22,1,69,30,55,30,8,123,54,0,54,177
10/01/2020,OGG,HI,AWP,WE,Towers with Radar,28,11,4,9,52,0,26,8,2,36,28,37,12,11,88,4,0,4,92
10/02/2020,OGG,HI,AWP,WE,Towers with Radar,37,9,0,0,46,0,28,20,0,48,37,37,20,0,94,22,0,22,116
10/03/2020,OGG,HI,AWP,WE,Towers with Radar,28,9,2,0,39,0,26,15,0,41,28,35,17,0,80,26,0,26,106
10/04/2020,OGG,HI,AWP,WE,Towers with Radar,27,7,4,0,38,0,24,18,0,42,27,31,22,0,80,12,0,12,92
10/05/2020,OGG,HI,AWP,WE,Towers with Radar,36,10,7,1,54,0,34,38,1,73,36,44,45,2,127,16,0,16,143
10/06/2020,OGG,HI,AWP,WE,Towers with Radar,24,15,4,0,43,0,51,19,4,74,24,66,23,4,117,20,0,20,137
10/07/2020,OGG,HI,AWP,WE,Towers with Radar,27,6,3,3,39,0,29,30,1,60,27,35,33,4,99,26,8,34,133
10/08/2020,OGG,HI,AWP,WE,Towers with Radar,31,7,4,4,46,0,33,28,0,61,31,40,32,4,107,48,0,48,155
10/09/2020,OGG,HI,AWP,WE,Towers with Radar,34,7,4,8,53,0,31,28,3,62,34,38,32,11,115,54,0,54,169
10/10/2020,OGG,HI,AWP,WE,Towers with Radar,27,6,0,0,33,0,14,30,2,46,27,20,30,2,79,60,0,60,139
10/11/2020,OGG,HI,AWP,WE,Towers with Radar,26,8,2,0,36,0,15,7,2,24,26,23,9,2,60,100,0,100,160
10/12/2020,OGG,HI,AWP,WE,Towers with Radar,34,3,3,3,43,0,41,12,1,54,34,44,15,4,97,72,0,72,169
10/13/2020,OGG,HI,AWP,WE,Towers with Radar,36,6,6,1,49,0,50,24,3,77,36,56,30,4,126,54,4,58,184
10/14/2020,OGG,HI,AWP,WE,Towers with Radar,34,8,3,7,52,0,43,29,8,80,34,51,32,15,132,62,0,62,194
10/15/2020,OGG,HI,AWP,WE,Towers with Radar,59,12,6,0,77,0,33,28,2,63,59,45,34,2,140,88,0,88,228
10/16/2020,OGG,HI,AWP,WE,Towers with Radar,62,12,9,0,83,0,42,21,2,65,62,54,30,2,148,54,0,54,202
10/17/2020,OGG,HI,AWP,WE,Towers with Radar,59,6,12,0,77,0,22,23,0,45,59,28,35,0,122,82,0,82,204
10/18/2020,OGG,HI,AWP,WE,Towers with Radar,51,7,2,0,60,0,29,16,0,45,51,36,18,0,105,32,0,32,137
10/19/2020,OGG,HI,AWP,WE,Towers with Radar,59,13,7,2,81,0,41,18,0,59,59,54,25,2,140,86,0,86,226
10/20/2020,OGG,HI,AWP,WE,Towers with Radar,64,14,4,0,82,0,36,25,0,61,64,50,29,0,143,62,0,62,205
10/21/2020,OGG,HI,AWP,WE,Towers with Radar,55,11,4,0,70,0,63,36,0,99,55,74,40,0,169,24,0,24,193
10/22/2020,OGG,HI,AWP,WE,Towers with Radar,57,6,7,10,80,0,55,26,4,85,57,61,33,14,165,80,12,92,257
10/23/2020,OGG,HI,AWP,WE,Towers with Radar,54,10,8,6,78,0,59,34,0,93,54,69,42,6,171,34,0,34,205
10/24/2020,OGG,HI,AWP,WE,Towers with Radar,57,15,3,0,75,0,35,27,4,66,57,50,30,4,141,74,0,74,215
10/25/2020,OGG,HI,AWP,WE,Towers with Radar,51,8,12,0,71,0,49,22,0,71,51,57,34,0,142,8,0,8,150
10/26/2020,OGG,HI,AWP,WE,Towers with Radar,53,11,5,4,73,0,49,18,0,67,53,60,23,4,140,38,0,38,178
10/27/2020,OGG,HI,AWP,WE,Towers with Radar,53,14,5,2,74,0,38,6,4,48,53,52,11,6,122,25,0,25,147
10/28/2020,OGG,HI,AWP,WE,Towers with Radar,51,9,6,1,67,0,39,13,0,52,51,48,19,1,119,22,0,22,141
10/29/2020,OGG,HI,AWP,WE,Towers with Radar,59,22,4,0,85,0,36,9,0,45,59,58,13,0,130,34,0,34,164
10/30/2020,OGG,HI,AWP,WE,Towers with Radar,55,12,4,2,73,0,50,26,2,78,55,62,30,4,151,16,0,16,167
10/31/2020,OGG,HI,AWP,WE,Towers with Radar,51,8,11,0,70,0,42,27,2,71,51,50,38,2,141,32,10,42,183
11/01/2020,OGG,HI,AWP,WE,Towers with Radar,63,9,10,0,82,0,31,27,2,60,63,40,37,2,142,18,0,18,160
11/02/2020,OGG,HI,AWP,WE,Towers with Radar,70,7,6,1,84,0,53,34,6,93,70,60,40,7,177,82,0,82,259
11/03/2020,OGG,HI,AWP,WE,Towers with Radar,69,10,9,3,91,0,30,16,1,47,69,40,25,4,138,64,0,64,202
11/04/2020,OGG,HI,AWP,WE,Towers with Radar,68,14,7,0,89,0,52,30,0,82,68,66,37,0,171,68,3,71,242
11/05/2020,OGG,HI,AWP,WE,Towers with Radar,68,11,8,4,91,0,45,38,6,89,68,56,46,10,180,46,0,46,226
11/06/2020,OGG,HI,AWP,WE,Towers with Radar,65,12,6,0,83,0,55,25,1,81,65,67,31,1,164,42,0,42,206
11/07/2020,OGG,HI,AWP,WE,Towers with Radar,73,10,6,0,89,0,41,25,0,66,73,51,31,0,155,42,0,42,197
11/08/2020,OGG,HI,AWP,WE,Towers with Radar,69,5,6,0,80,0,50,14,0,64,69,55,20,0,144,38,0,38,182
11/09/2020,OGG,HI,AWP,WE,Towers with Radar,78,14,7,4,103,0,42,27,4,73,78,56,34,8,176,46,2,48,224
11/10/2020,OGG,HI,AWP,WE,Towers with Radar,71,8,2,0,81,0,43,21,3,67,71,51,23,3,148,92,0,92,240
11/11/2020,OGG,HI,AWP,WE,Towers with Radar,72,12,1,2,87,0,48,17,0,65,72,60,18,2,152,38,0,38,190
11/12/2020,OGG,HI,AWP,WE,Towers with Radar,79,10,5,3,97,0,44,21,1,66,79,54,26,4,163,36,0,36,199
11/13/2020,OGG,HI,AWP,WE,Towers with Radar,79,22,6,0,107,0,68,27,4,99,79,90,33,4,206,56,0,56,262
11/14/2020,OGG,HI,AWP,WE,Towers with Radar,72,8,7,0,87,0,39,29,0,68,72,47,36,0,155,100,0,100,255
11/15/2020,OGG,HI,AWP,WE,Towers with Radar,73,12,7,0,92,0,54,26,1,81,73,66,33,1,173,32,0,32,205
11/16/2020,OGG,HI,AWP,WE,Towers with Radar,76,15,7,5,103,0,58,16,1,75,76,73,23,6,178,50,0,50,228
11/17/2020,OGG,HI,AWP,WE,Towers with Radar,69,10,12,2,93,0,65,27,0,92,69,75,39,2,185,42,0,42,227
11/18/2020,OGG,HI,AWP,WE,Towers with Radar,72,23,9,5,109,0,40,16,1,57,72,63,25,6,166,90,0,90,256
11/19/2020,OGG,HI,AWP,WE,Towers with Radar,83,12,7,2,104,0,56,20,2,78,83,68,27,4,182,40,0,40,222
11/20/2020,OGG,HI,AWP,WE,Towers with Radar,100,24,16,3,143,0,59,15,4,78,100,83,31,7,221,4,0,4,225
11/21/2020,OGG,HI,AWP,WE,Towers with Radar,94,18,19,0,131,0,47,19,0,66,94,65,38,0,197,8,0,8,205
11/22/2020,OGG,HI,AWP,WE,Towers with Radar,93,12,13,0,118,0,44,17,2,63,93,56,30,2,181,0,0,0,181
11/23/2020,OGG,HI,AWP,WE,Towers with Radar,87,14,9,2,112,0,41,33,0,74,87,55,42,2,186,50,0,50,236
11/24/2020,OGG,HI,AWP,WE,Towers with Radar,86,15,3,1,105,0,28,11,1,40,86,43,14,2,145,66,0,66,211
11/25/2020,OGG,HI,AWP,WE,Towers with Radar,87,17,6,2,112,0,62,35,1,98,87,79,41,3,210,16,18,34,244
11/26/2020,OGG,HI,AWP,WE,Towers with Radar,90,5,3,0,98,0,41,22,2,65,90,46,25,2,163,16,0,16,179
11/27/2020,OGG,HI,AWP,WE,Towers with Radar,97,10,3,0,110,0,51,30,0,81,97,61,33,0,191,26,0,26,217
11/28/2020,OGG,HI,AWP,WE,Towers with Radar,94,12,10,0,116,0,59,32,0,91,94,71,42,0,207,90,0,90,297
11/29/2020,OGG,HI,AWP,WE,Towers with Radar,90,9,12,0,111,0,55,16,2,73,90,64,28,2,184,13,0,13,197
11/30/2020,OGG,HI,AWP,WE,Towers with Radar,102,8,7,1,118,0,77,40,3,120,102,85,47,4,238,10,0,10,248
12/01/2020,OGG,HI,AWP,WE,Towers with Radar,96,10,12,5,123,0,42,44,0,86,96,52,56,5,209,96,0,96,305
12/02/2020,OGG,HI,AWP,WE,Towers with Radar,88,14,3,0,105,0,48,61,4,113,88,62,64,4,218,28,0,28,246
12/03/2020,OGG,HI,AWP,WE,Towers with Radar,90,7,10,2,109,0,56,42,8,106,90,63,52,10,215,50,2,52,267
12/04/2020,OGG,HI,AWP,WE,Towers with Radar,88,10,4,1,103,0,61,33,3,97,88,71,37,4,200,50,0,50,250
12/05/2020,OGG,HI,AWP,WE,Towers with Radar,92,13,12,1,118,0,54,50,7,111,92,67,62,8,229,60,2,62,291
12/06/2020,OGG,HI,AWP,WE,Towers with Radar,81,8,7,2,98,0,51,39,10,100,81,59,46,12,198,46,0,46,244
12/07/2020,OGG,HI,AWP,WE,Towers with Radar,86,6,6,3,101,0,62,23,4,89,86,68,29,7,190,70,0,70,260
12/08/2020,OGG,HI,AWP,WE,Towers with Radar,90,3,4,0,97,0,59,21,0,80,90,62,25,0,177,22,0,22,199
12/09/2020,OGG,HI,AWP,WE,Towers with Radar,98,10,5,2,115,0,62,32,1,95,98,72,37,3,210,8,0,8,218
12/10/2020,OGG,HI,AWP,WE,Towers with Radar,91,8,3,0,102,0,55,37,0,92,91,63,40,0,194,46,0,46,240
12/11/2020,OGG,HI,AWP,WE,Towers with Radar,85,5,7,3,100,0,54,31,1,86,85,59,38,4,186,76,0,76,262
12/12/2020,OGG,HI,AWP,WE,Towers with Radar,93,10,12,0,115,0,46,37,0,83,93,56,49,0,198,64,0,64,262
12/13/2020,OGG,HI,AWP,WE,Towers with Radar,86,8,6,0,100,0,42,27,0,69,86,50,33,0,169,38,0,38,207
12/14/2020,OGG,HI,AWP,WE,Towers with Radar,94,12,5,2,113,0,50,30,4,84,94,62,35,6,197,34,0,34,231
12/15/2020,OGG,HI,AWP,WE,Towers with Radar,91,10,8,0,109,0,52,27,0,79,91,62,35,0,188,38,0,38,226
12/16/2020,OGG,HI,AWP,WE,Towers with Radar,94,7,9,2,112,0,52,20,2,74,94,59,29,4,186,32,0,32,218
12/17/2020,OGG,HI,AWP,WE,Towers with Radar,108,3,9,0,120,0,66,28,0,94,108,69,37,0,214,30,0,30,244
12/18/2020,OGG,HI,AWP,WE,Towers with Radar,111,15,14,0,140,0,64,18,3,85,111,79,32,3,225,2,0,2,227
12/19/2020,OGG,HI,AWP,WE,Towers with Radar,129,13,10,0,152,0,46,28,0,74,129,59,38,0,226,34,0,34,260
12/20/2020,OGG,HI,AWP,WE,Towers with Radar,124,9,11,2,146,0,49,22,0,71,124,58,33,2,217,26,0,26,243
12/21/2020,OGG,HI,AWP,WE,Towers with Radar,119,10,3,2,134,0,76,30,0,106,119,86,33,2,240,47,0,47,287
12/22/2020,OGG,HI,AWP,WE,Towers with Radar,122,10,7,0,139,0,78,46,0,124,122,88,53,0,263,12,0,12,275
12/23/2020,OGG,HI,AWP,WE,Towers with Radar,118,12,13,0,143,0,99,39,1,139,118,111,52,1,282,34,0,34,316
12/24/2020,OGG,HI,AWP,WE,Towers with Radar,118,3,15,0,136,0,98,33,0,131,118,101,48,0,267,37,0,37,304
12/25/2020,OGG,HI,AWP,WE,Towers with Radar,100,4,2,0,106,0,51,15,0,66,100,55,17,0,172,2,0,2,174
12/26/2020,OGG,HI,AWP,WE,Towers with Radar,105,28,16,0,149,0,52,33,2,87,105,80,49,2,236,6,0,6,242
12/27/2020,OGG,HI,AWP,WE,Towers with Radar,114,12,18,0,144,0,89,24,0,113,114,101,42,0,257,4,0,4,261
12/28/2020,OGG,HI,AWP,WE,Towers with Radar,119,14,8,0,141,0,101,50,2,153,119,115,58,2,294,48,0,48,342
12/29/2020,OGG,HI,AWP,WE,Towers with Radar,118,19,17,0,154,0,96,34,1,131,118,115,51,1,285,25,0,25,310
12/30/2020,OGG,HI,AWP,WE,Towers with Radar,116,12,12,1,141,0,118,46,1,165,116,130,58,2,306,40,0,40,346
12/31/2020,OGG,HI,AWP,WE,Towers with Radar,117,13,10,0,140,0,87,29,0,116,117,100,39,0,256,56,0,56,312
01/01/2021,OGG,HI,AWP,WE,Towers with Radar,103,11,6,0,120,0,75,20,0,95,103,86,26,0,215,22,0,22,237
01/02/2021,OGG,HI,AWP,WE,Towers with Radar,108,15,20,0,143,0,69,32,0,101,108,84,52,0,244,22,0,22,266
01/03/2021,OGG,HI,AWP,WE,Towers with Radar,116,10,17,0,143,2,87,21,0,110,118,97,38,0,253,20,0,20,273
01/04/2021,OGG,HI,AWP,WE,Towers with Radar,115,10,14,0,139,0,83,22,0,105,115,93,36,0,244,41,0,41,285
01/05/2021,OGG,HI,AWP,WE,Towers with Radar,101,15,12,3,131,0,81,32,1,114,101,96,44,4,245,26,0,26,271
01/06/2021,OGG,HI,AWP,WE,Towers with Radar,105,16,7,0,128,0,73,33,0,106,105,89,40,0,234,36,0,36,270
01/07/2021,OGG,HI,AWP,WE,Towers with Radar,101,9,21,2,133,0,78,32,6,116,101,87,53,8,249,90,0,90,339
01/08/2021,OGG,HI,AWP,WE,Towers with Radar,117,13,16,4,150,0,75,39,3,117,117,88,55,7,267,0,0,0,267
01/09/2021,OGG,HI,AWP,WE,Towers with Radar,101,17,13,1,132,0,40,30,1,71,101,57,43,2,203,56,0,56,259
01/10/2021,OGG,HI,AWP,WE,Towers with Radar,101,7,8,0,116,4,46,36,0,86,105,53,44,0,202,4,0,4,206
01/11/2021,OGG,HI,AWP,WE,Towers with Radar,90,9,8,0,107,0,50,30,0,80,90,59,38,0,187,48,0,48,235
01/12/2021,OGG,HI,AWP,WE,Towers with Radar,95,11,4,1,111,0,62,41,2,105,95,73,45,3,216,86,0,86,302
01/13/2021,OGG,HI,AWP,WE,Towers with Radar,97,7,10,6,120,0,53,20,4,77,97,60,30,10,197,30,0,30,227
01/14/2021,OGG,HI,AWP,WE,Towers with Radar,94,4,9,1,108,0,72,37,2,111,94,76,46,3,219,34,0,34,253
01/15/2021,OGG,HI,AWP,WE,Towers with Radar,103,13,7,3,126,0,74,26,3,103,103,87,33,6,229,100,0,100,329
01/16/2021,OGG,HI,AWP,WE,Towers with Radar,106,14,7,1,128,0,68,44,1,113,106,82,51,2,241,38,0,38,279
01/17/2021,OGG,HI,AWP,WE,Towers with Radar,107,21,15,0,143,0,34,24,0,58,107,55,39,0,201,28,0,28,229
01/18/2021,OGG,HI,AWP,WE,Towers with Radar,100,39,13,0,152,0,7,1,1,9,100,46,14,1,161,12,0,12,173
01/19/2021,OGG,HI,AWP,WE,Towers with Radar,96,17,3,0,116,0,53,9,2,64,96,70,12,2,180,82,0,82,262
01/20/2021,OGG,HI,AWP,WE,Towers with Radar,103,9,3,5,120,0,69,23,2,94,103,78,26,7,214,44,0,44,258
01/21/2021,OGG,HI,AWP,WE,Towers with Radar,96,10,10,2,118,0,73,21,9,103,96,83,31,11,221,42,8,50,271
01/22/2021,OGG,HI,AWP,WE,Towers with Radar,102,15,12,1,130,0,74,21,2,97,102,89,33,3,227,56,6,62,289
01/23/2021,OGG,HI,AWP,WE,Towers with Radar,100,3,11,0,114,0,53,12,6,71,100,56,23,6,185,48,0,48,233
01/24/2021,OGG,HI,AWP,WE,Towers with Radar,99,14,16,0,129,0,62,31,0,93,99,76,47,0,222,44,0,44,266
01/25/2021,OGG,HI,AWP,WE,Towers with Radar,108,17,9,0,134,0,48,5,2,55,108,65,14,2,189,4,0,4,193
01/26/2021,OGG,HI,AWP,WE,Towers with Radar,91,8,7,6,112,0,56,8,2,66,91,64,15,8,178,60,0,60,238
01/27/2021,OGG,HI,AWP,WE,Towers with Radar,86,9,6,3,104,0,72,15,3,90,86,81,21,6,194,30,0,30,224
01/28/2021,OGG,HI,AWP,WE,Towers with Radar,96,16,11,4,127,0,62,17,1,80,96,78,28,5,207,14,0,14,221
01/29/2021,OGG,HI,AWP,WE,Towers with Radar,108,20,7,1,136,0,69,22,3,94,108,89,29,4,230,12,0,12,242
01/30/2021,OGG,HI,AWP,WE,Towers with Radar,99,12,8,0,119,0,32,20,4,56,99,44,28,4,175,32,0,32,207
01/31/2021,OGG,HI,AWP,WE,Towers with Radar,96,6,6,1,109,0,52,26,4,82,96,58,32,5,191,32,0,32,223
02/01/2021,OGG,HI,AWP,WE,Towers with Radar,94,15,8,2,119,0,69,35,0,104,94,84,43,2,223,40,0,40,263
02/02/2021,OGG,HI,AWP,WE,Towers with Radar,84,9,3,3,99,0,78,32,5,115,84,87,35,8,214,55,0,55,269
02/03/2021,OGG,HI,AWP,WE,Towers with Radar,91,15,7,2,115,0,39,2,0,41,91,54,9,2,156,0,0,0,156
02/04/2021,OGG,HI,AWP,WE,Towers with Radar,89,16,11,6,122,0,81,20,7,108,89,97,31,13,230,90,0,90,320
02/05/2021,OGG,HI,AWP,WE,Towers with Radar,99,12,5,1,117,0,99,25,1,125,99,111,30,2,242,54,0,54,296
02/06/2021,OGG,HI,AWP,WE,Towers with Radar,90,10,10,0,110,0,58,44,0,102,90,68,54,0,212,8,0,8,220
02/07/2021,OGG,HI,AWP,WE,Towers with Radar,89,10,10,0,109,0,69,32,0,101,89,79,42,0,210,26,0,26,236
02/08/2021,OGG,HI,AWP,WE,Towers with Radar,101,15,3,2,121,0,72,29,1,102,101,87,32,3,223,8,0,8,231
02/09/2021,OGG,HI,AWP,WE,Towers with Radar,87,8,7,5,107,0,75,15,3,93,87,83,22,8,200,50,2,52,252
02/10/2021,OGG,HI,AWP,WE,Towers with Radar,89,12,7,6,114,0,113,32,4,149,89,125,39,10,263,20,0,20,283
02/11/2021,OGG,HI,AWP,WE,Towers with Radar,94,23,10,3,130,0,104,37,5,146,94,127,47,8,276,48,8,56,332
02/12/2021,OGG,HI,AWP,WE,Towers with Radar,111,10,8,4,133,0,110,29,7,146,111,120,37,11,279,28,0,28,307
02/13/2021,OGG,HI,AWP,WE,Towers with Radar,95,10,14,0,119,0,60,30,13,103,95,70,44,13,222,54,0,54,276
02/14/2021,OGG,HI,AWP,WE,Towers with Radar,98,7,6,0,111,0,62,33,11,106,98,69,39,11,217,44,0,44,261
02/15/2021,OGG,HI,AWP,WE,Towers with Radar,97,5,14,1,117,0,107,44,9,160,97,112,58,10,277,58,0,58,335
02/16/2021,OGG,HI,AWP,WE,Towers with Radar,97,8,11,0,116,0,95,29,15,139,97,103,40,15,255,54,0,54,309
02/17/2021,OGG,HI,AWP,WE,Towers with Radar,95,24,5,0,124,0,58,12,0,70,95,82,17,0,194,4,0,4,198
02/18/2021,OGG,HI,AWP,WE,Towers with Radar,85,18,11,3,117,0,66,24,5,95,85,84,35,8,212,48,0,48,260
02/19/2021,OGG,HI,AWP,WE,Towers with Radar,107,11,12,0,130,0,93,28,4,125,107,104,40,4,255,52,0,52,307
02/20/2021,OGG,HI,AWP,WE,Towers with Radar,96,13,19,2,130,0,68,40,0,108,96,81,59,2,238,34,0,34,272
02/21/2021,OGG,HI,AWP,WE,Towers with Radar,106,13,13,2,134,0,75,33,0,108,106,88,46,2,242,40,0,40,282
02/22/2021,OGG,HI,AWP,WE,Towers with Radar,100,12,3,2,117,0,95,23,0,118,100,107,26,2,235,44,0,44,279
02/23/2021,OGG,HI,AWP,WE,Towers with Radar,95,15,14,4,128,0,94,22,1,117,95,109,36,5,245,14,2,16,261
02/24/2021,OGG,HI,AWP,WE,Towers with Radar,95,14,9,8,126,0,89,10,0,99,95,103,19,8,225,22,10,32,257
02/25/2021,OGG,HI,AWP,WE,Towers with Radar,101,9,9,7,126,0,81,21,7,109,101,90,30,14,235,4,0,4,239
02/26/2021,OGG,HI,AWP,WE,Towers with Radar,113,9,8,3,133,0,108,20,3,131,113,117,28,6,264,22,0,22,286
02/27/2021,OGG,HI,AWP,WE,Towers with Radar,100,11,8,0,119,0,65,11,1,77,100,76,19,1,196,74,0,74,270
02/28/2021,OGG,HI,AWP,WE,Towers with Radar,101,7,8,1,117,0,65,29,4,98,101,72,37,5,215,32,0,32,247
03/01/2021,OGG,HI,AWP,WE,Towers with Radar,107,7,13,2,129,0,90,13,9,112,107,97,26,11,241,8,0,8,249
03/02/2021,OGG,HI,AWP,WE,Towers with Radar,98,11,10,0,119,0,83,16,0,99,98,94,26,0,218,42,0,42,260
03/03/2021,OGG,HI,AWP,WE,Towers with Radar,106,14,0,5,125,0,89,29,1,119,106,103,29,6,244,38,0,38,282
03/04/2021,OGG,HI,AWP,WE,Towers with Radar,106,15,11,3,135,0,100,39,0,139,106,115,50,3,274,61,0,61,335
03/05/2021,OGG,HI,AWP,WE,Towers with Radar,118,16,10,2,146,0,96,21,4,121,118,112,31,6,267,6,0,6,273
03/06/2021,OGG,HI,AWP,WE,Towers with Radar,106,12,16,0,134,0,70,25,0,95,106,82,41,0,229,74,0,74,303
03/07/2021,OGG,HI,AWP,WE,Towers with Radar,117,10,9,2,138,0,89,43,2,134,117,99,52,4,272,30,2,32,304
03/08/2021,OGG,HI,AWP,WE,Towers with Radar,111,29,6,0,146,0,34,5,0,39,111,63,11,0,185,0,0,0,185
03/09/2021,OGG,HI,AWP,WE,Towers with Radar,105,10,7,1,123,0,69,14,2,85,105,79,21,3,208,58,11,69,277
03/10/2021,OGG,HI,AWP,WE,Towers with Radar,108,11,18,5,142,0,108,19,1,128,108,119,37,6,270,64,0,64,334
03/11/2021,OGG,HI,AWP,WE,Towers with Radar,108,26,17,3,154,0,107,34,13,154,108,133,51,16,308,48,2,50,358
03/12/2021,OGG,HI,AWP,WE,Towers with Radar,117,33,9,3,162,0,93,22,7,122,117,126,31,10,284,46,0,46,330
03/13/2021,OGG,HI,AWP,WE,Towers with Radar,114,47,11,9,181,0,23,5,2,30,114,70,16,11,211,4,0,4,215
03/14/2021,OGG,HI,AWP,WE,Towers with Radar,117,13,10,0,140,0,106,24,0,130,117,119,34,0,270,60,0,60,330
03/15/2021,OGG,HI,AWP,WE,Towers with Radar,118,18,11,0,147,0,141,22,0,163,118,159,33,0,310,120,0,120,430
03/16/2021,OGG,HI,AWP,WE,Towers with Radar,114,24,10,0,148,0,113,42,0,155,114,137,52,0,303,46,0,46,349
03/17/2021,OGG,HI,AWP,WE,Towers with Radar,119,27,11,0,157,0,71,10,2,83,119,98,21,2,240,14,0,14,254
03/18/2021,OGG,HI,AWP,WE,Towers with Radar,117,22,8,1,148,0,78,16,5,99,117,100,24,6,247,29,0,29,276
03/19/2021,OGG,HI,AWP,WE,Towers with Radar,126,15,10,0,151,0,143,35,1,179,126,158,45,1,330,22,0,22,352
03/20/2021,OGG,HI,AWP,WE,Towers with Radar,118,22,14,0,154,0,120,16,0,136,118,142,30,0,290,32,0,32,322
03/21/2021,OGG,HI,AWP,WE,Towers with Radar,113,19,9,0,141,0,98,20,1,119,113,117,29,1,260,66,0,66,326
03/22/2021,OGG,HI,AWP,WE,Towers with Radar,118,10,10,2,140,0,125,44,0,169,118,135,54,2,309,80,0,80,389
03/23/2021,OGG,HI,AWP,WE,Towers with Radar,116,8,10,0,134,0,143,59,0,202,116,151,69,0,336,80,12,92,428
03/24/2021,OGG,HI,AWP,WE,Towers with Radar,116,15,6,0,137,0,132,26,0,158,116,147,32,0,295,65,0,65,360
03/25/2021,OGG,HI,AWP,WE,Towers with Radar,115,18,14,3,150,0,150,28,1,179,115,168,42,4,329,56,0,56,385
03/26/2021,OGG,HI,AWP,WE,Towers with Radar,123,11,13,1,148,0,142,42,3,187,123,153,55,4,335,2,0,2,337
03/27/2021,OGG,HI,AWP,WE,Towers with Radar,121,13,13,3,150,0,137,34,1,172,121,150,47,4,322,7,0,7,329
03/28/2021,OGG,HI,AWP,WE,Towers with Radar,121,5,15,1,142,0,127,13,1,141,121,132,28,2,283,26,0,26,309
03/29/2021,OGG,HI,AWP,WE,Towers with Radar,116,15,5,4,140,0,133,31,0,164,116,148,36,4,304,34,0,34,338
03/30/2021,OGG,HI,AWP,WE,Towers with Radar,110,20,8,2,140,0,122,39,0,161,110,142,47,2,301,12,0,12,313
03/31/2021,OGG,HI,AWP,WE,Towers with Radar,112,19,9,6,146,0,139,19,2,160,112,158,28,8,306,98,2,100,406
04/01/2021,OGG,HI,AWP,WE,Towers with Radar,112,21,11,0,144,0,144,44,2,190,112,165,55,2,334,20,0,20,354
04/02/2021,OGG,HI,AWP,WE,Towers with Radar,132,12,14,1,159,0,160,37,4,201,132,172,51,5,360,28,0,28,388
04/03/2021,OGG,HI,AWP,WE,Towers with Radar,126,16,16,1,159,0,119,28,2,149,126,135,44,3,308,40,0,40,348
04/04/2021,OGG,HI,AWP,WE,Towers with Radar,118,13,4,0,135,0,88,13,0,101,118,101,17,0,236,2,0,2,238
04/05/2021,OGG,HI,AWP,WE,Towers with Radar,114,14,12,0,140,0,137,22,3,162,114,151,34,3,302,10,0,10,312
04/06/2021,OGG,HI,AWP,WE,Towers with Radar,112,12,6,0,130,0,148,32,0,180,112,160,38,0,310,12,0,12,322
04/07/2021,OGG,HI,AWP,WE,Towers with Radar,120,12,9,1,142,0,152,35,2,189,120,164,44,3,331,46,0,46,377
04/08/2021,OGG,HI,AWP,WE,Towers with Radar,127,10,10,0,147,0,157,38,2,197,127,167,48,2,344,32,0,32,376
04/09/2021,OGG,HI,AWP,WE,Towers with Radar,142,14,11,0,167,0,167,35,0,202,142,181,46,0,369,4,0,4,373
04/10/2021,OGG,HI,AWP,WE,Towers with Radar,131,21,22,6,180,0,136,40,0,176,131,157,62,6,356,10,0,10,366
04/11/2021,OGG,HI,AWP,WE,Towers with Radar,118,15,20,2,155,0,126,27,0,153,118,141,47,2,308,4,0,4,312
04/12/2021,OGG,HI,AWP,WE,Towers with Radar,127,14,24,6,171,0,139,24,0,163,127,153,48,6,334,46,0,46,380
04/13/2021,OGG,HI,AWP,WE,Towers with Radar,120,11,10,5,146,0,152,40,3,195,120,163,50,8,341,70,0,70,411
04/14/2021,OGG,HI,AWP,WE,Towers with Radar,127,6,14,0,147,0,143,50,7,200,127,149,64,7,347,52,0,52,399
04/15/2021,OGG,HI,AWP,WE,Towers with Radar,131,9,6,7,153,0,144,42,5,191,131,153,48,12,344,62,0,62,406
04/16/2021,OGG,HI,AWP,WE,Towers with Radar,125,7,9,2,143,0,147,37,4,188,125,154,46,6,331,4,0,4,335
04/17/2021,OGG,HI,AWP,WE,Towers with Radar,122,9,7,0,138,0,127,27,2,156,122,136,34,2,294,29,0,29,323
04/18/2021,OGG,HI,AWP,WE,Towers with Radar,129,10,15,0,154,0,137,38,0,175,129,147,53,0,329,14,0,14,343
04/19/2021,OGG,HI,AWP,WE,Towers with Radar,126,2,10,9,147,0,148,35,3,186,126,150,45,12,333,56,0,56,389
04/20/2021,OGG,HI,AWP,WE,Towers with Radar,123,14,5,1,143,0,155,35,3,193,123,169,40,4,336,6,0,6,342
04/21/2021,OGG,HI,AWP,WE,Towers with Radar,123,8,12,4,147,0,163,35,0,198,123,171,47,4,345,16,0,16,361
04/22/2021,OGG,HI,AWP,WE,Towers with Radar,131,13,13,1,158,0,155,36,3,194,131,168,49,4,352,16,0,16,368
04/23/2021,OGG,HI,AWP,WE,Towers with Radar,137,13,10,0,160,13,144,34,3,194,150,157,44,3,354,12,0,12,366
04/24/2021,OGG,HI,AWP,WE,Towers with Radar,139,10,11,0,160,0,130,16,0,146,139,140,27,0,306,26,0,26,332
04/25/2021,OGG,HI,AWP,WE,Towers with Radar,123,10,6,0,139,0,128,27,2,157,123,138,33,2,296,26,0,26,322
04/26/2021,OGG,HI,AWP,WE,Towers with Radar,121,15,6,0,142,0,143,30,0,173,121,158,36,0,315,18,0,18,333
04/27/2021,OGG,HI,AWP,WE,Towers with Radar,116,20,8,0,144,0,137,30,2,169,116,157,38,2,313,46,0,46,359
04/28/2021,OGG,HI,AWP,WE,Towers with Radar,125,8,7,4,144,0,152,30,1,183,125,160,37,5,327,46,2,48,375
04/29/2021,OGG,HI,AWP,WE,Towers with Radar,128,14,8,4,154,0,141,27,0,168,128,155,35,4,322,42,0,42,364
04/30/2021,OGG,HI,AWP,WE,Towers with Radar,136,30,8,8,182,0,137,28,3,168,136,167,36,11,350,4,0,4,354
05/01/2021,OGG,HI,AWP,WE,Towers with Radar,140,19,14,4,177,0,140,24,1,165,140,159,38,5,342,14,0,14,356
05/02/2021,OGG,HI,AWP,WE,Towers with Radar,128,19,15,0,162,0,109,26,0,135,128,128,41,0,297,2,0,2,299
05/03/2021,OGG,HI,AWP,WE,Towers with Radar,129,15,8,0,152,0,136,30,2,168,129,151,38,2,320,2,0,2,322
05/04/2021,OGG,HI,AWP,WE,Towers with Radar,118,10,5,2,135,0,171,34,5,210,118,181,39,7,345,60,0,60,405
05/05/2021,OGG,HI,AWP,WE,Towers with Radar,133,15,4,1,153,0,158,37,3,198,133,173,41,4,351,32,0,32,383
05/06/2021,OGG,HI,AWP,WE,Towers with Radar,128,11,9,1,149,0,147,27,2,176,128,158,36,3,325,76,0,76,401
05/07/2021,OGG,HI,AWP,WE,Towers with Radar,144,15,3,2,164,0,155,25,1,181,144,170,28,3,345,6,0,6,351
05/08/2021,OGG,HI,AWP,WE,Towers with Radar,142,8,4,0,154,0,125,35,1,161,142,133,39,1,315,20,0,20,335
05/09/2021,OGG,HI,AWP,WE,Towers with Radar,132,12,4,1,149,0,127,31,0,158,132,139,35,1,307,8,0,8,315
05/10/2021,OGG,HI,AWP,WE,Towers with Radar,130,12,9,1,152,0,125,42,3,170,130,137,51,4,322,20,0,20,342
05/11/2021,OGG,HI,AWP,WE,Towers with Radar,127,14,9,5,155,0,161,32,1,194,127,175,41,6,349,50,0,50,399
05/12/2021,OGG,HI,AWP,WE,Towers with Radar,129,11,11,0,151,0,161,43,2,206,129,172,54,2,357,20,0,20,377
05/13/2021,OGG,HI,AWP,WE,Towers with Radar,135,12,8,1,156,0,158,32,3,193,135,170,40,4,349,56,0,56,405
05/14/2021,OGG,HI,AWP,WE,Towers with Radar,134,14,6,1,155,0,153,44,3,200,134,167,50,4,355,26,10,36,391
05/15/2021,OGG,HI,AWP,WE,Towers with Radar,128,14,8,0,150,0,141,28,2,171,128,155,36,2,321,30,0,30,351
05/16/2021,OGG,HI,AWP,WE,Towers with Radar,136,11,7,0,154,0,142,20,2,164,136,153,27,2,318,68,0,68,386
05/17/2021,OGG,HI,AWP,WE,Towers with Radar,136,21,8,1,166,0,184,43,1,228,136,205,51,2,394,80,0,80,474
05/18/2021,OGG,HI,AWP,WE,Towers with Radar,128,8,6,2,144,0,162,42,4,208,128,170,48,6,352,10,0,10,362
05/19/2021,OGG,HI,AWP,WE,Towers with Radar,143,12,4,4,163,0,179,29,0,208,143,191,33,4,371,16,0,16,387
05/20/2021,OGG,HI,AWP,WE,Towers with Radar,126,20,16,4,166,0,154,35,1,190,126,174,51,5,356,38,0,38,394
05/21/2021,OGG,HI,AWP,WE,Towers with Radar,142,16,12,1,171,0,152,41,3,196,142,168,53,4,367,74,0,74,441
05/22/2021,OGG,HI,AWP,WE,Towers with Radar,128,12,12,0,152,0,150,30,4,184,128,162,42,4,336,28,12,40,376
05/23/2021,OGG,HI,AWP,WE,Towers with Radar,140,16,6,0,162,0,116,40,0,156,140,132,46,0,318,54,0,54,372
05/24/2021,OGG,HI,AWP,WE,Towers with Radar,133,18,10,0,161,0,169,27,0,196,133,187,37,0,357,49,0,49,406
05/25/2021,OGG,HI,AWP,WE,Towers with Radar,136,11,14,0,161,0,179,33,2,214,136,190,47,2,375,154,0,154,529
05/26/2021,OGG,HI,AWP,WE,Towers with Radar,132,14,17,8,171,0,183,45,1,229,132,197,62,9,400,46,0,46,446
05/27/2021,OGG,HI,AWP,WE,Towers with Radar,130,15,13,17,175,2,184,34,4,224,132,199,47,21,399,106,0,106,505
05/28/2021,OGG,HI,AWP,WE,Towers with Radar,147,13,14,0,174,0,195,45,0,240,147,208,59,0,414,34,0,34,448
05/29/2021,OGG,HI,AWP,WE,Towers with Radar,126,11,14,0,151,0,155,40,2,197,126,166,54,2,348,57,8,65,413
05/30/2021,OGG,HI,AWP,WE,Towers with Radar,141,12,8,0,161,0,136,30,1,167,141,148,38,1,328,28,0,28,356
05/31/2021,OGG,HI,AWP,WE,Towers with Radar,133,7,11,0,151,0,164,37,0,201,133,171,48,0,352,26,0,26,378
06/01/2021,OGG,HI,AWP,WE,Towers with Radar,154,17,8,8,187,0,198,52,0,250,154,215,60,8,437,32,0,32,469
06/02/2021,OGG,HI,AWP,WE,Towers with Radar,158,12,12,4,186,0,190,36,5,231,158,202,48,9,417,104,0,104,521
06/03/2021,OGG,HI,AWP,WE,Towers with Radar,171,13,11,0,195,0,182,30,0,212,171,195,41,0,407,71,0,71,478
06/04/2021,OGG,HI,AWP,WE,Towers with Radar,182,9,11,0,202,0,194,40,2,236,182,203,51,2,438,35,0,35,473
06/05/2021,OGG,HI,AWP,WE,Towers with Radar,156,11,8,2,177,0,164,35,0,199,156,175,43,2,376,26,0,26,402
06/06/2021,OGG,HI,AWP,WE,Towers with Radar,156,14,12,2,184,0,152,21,0,173,156,166,33,2,357,24,0,24,381
06/07/2021,OGG,HI,AWP,WE,Towers with Radar,168,9,11,1,189,0,169,30,0,199,168,178,41,1,388,62,0,62,450
06/08/2021,OGG,HI,AWP,WE,Towers with Radar,156,15,10,0,181,0,191,26,4,221,156,206,36,4,402,60,0,60,462
06/09/2021,OGG,HI,AWP,WE,Towers with Radar,177,10,11,3,201,9,166,22,3,200,186,176,33,6,401,62,4,66,467
06/10/2021,OGG,HI,AWP,WE,Towers with Radar,160,22,7,2,191,0,189,23,7,219,160,211,30,9,410,46,0,46,456
06/11/2021,OGG,HI,AWP,WE,Towers with Radar,180,11,8,2,201,0,218,29,0,247,180,229,37,2,448,48,0,48,496
06/12/2021,OGG,HI,AWP,WE,Towers with Radar,159,16,10,0,185,0,154,29,2,185,159,170,39,2,370,8,2,10,380
06/13/2021,OGG,HI,AWP,WE,Towers with Radar,176,18,8,0,202,0,177,25,0,202,176,195,33,0,404,17,0,17,421
06/14/2021,OGG,HI,AWP,WE,Towers with Radar,182,10,5,1,198,0,195,39,1,235,182,205,44,2,433,20,0,20,453
06/15/2021,OGG,HI,AWP,WE,Towers with Radar,170,13,4,0,187,0,197,31,2,230,170,210,35,2,417,12,0,12,429
06/16/2021,OGG,HI,AWP,WE,Towers with Radar,172,12,4,1,189,0,190,37,1,228,172,202,41,2,417,14,0,14,431
06/17/2021,OGG,HI,AWP,WE,Towers with Radar,179,17,8,3,207,0,201,30,11,242,179,218,38,14,449,48,6,54,503
06/18/2021,OGG,HI,AWP,WE,Towers with Radar,178,12,7,0,197,0,192,40,0,232,178,204,47,0,429,10,0,10,439
06/19/2021,OGG,HI,AWP,WE,Towers with Radar,170,16,6,1,193,0,177,33,2,212,170,193,39,3,405,6,0,6,411
06/20/2021,OGG,HI,AWP,WE,Towers with Radar,170,15,6,0,191,0,166,29,0,195,170,181,35,0,386,0,0,0,386
06/21/2021,OGG,HI,AWP,WE,Towers with Radar,181,18,13,1,213,0,207,22,2,231,181,225,35,3,444,16,0,16,460
06/22/2021,OGG,HI,AWP,WE,Towers with Radar,179,7,4,0,190,0,182,43,4,229,179,189,47,4,419,26,0,26,445
06/23/2021,OGG,HI,AWP,WE,Towers with Radar,170,12,8,6,196,0,214,31,1,246,170,226,39,7,442,8,0,8,450
06/24/2021,OGG,HI,AWP,WE,Towers with Radar,188,9,10,2,209,0,198,38,0,236,188,207,48,2,445,18,0,18,463
06/25/2021,OGG,HI,AWP,WE,Towers with Radar,176,12,5,0,193,0,193,53,0,246,176,205,58,0,439,30,0,30,469
06/26/2021,OGG,HI,AWP,WE,Towers with Radar,167,13,11,0,191,0,159,48,0,207,167,172,59,0,398,20,0,20,418
06/27/2021,OGG,HI,AWP,WE,Towers with Radar,175,12,14,0,201,0,161,25,4,190,175,173,39,4,391,18,0,18,409
06/28/2021,OGG,HI,AWP,WE,Towers with Radar,169,13,4,8,194,0,192,45,2,239,169,205,49,10,433,42,4,46,479
06/29/2021,OGG,HI,AWP,WE,Towers with Radar,171,14,9,1,195,0,182,50,5,237,171,196,59,6,432,32,8,40,472
06/30/2021,OGG,HI,AWP,WE,Towers with Radar,159,11,5,3,178,0,193,35,3,231,159,204,40,6,409,24,0,24,433
07/01/2021,OGG,HI,AWP,WE,Towers with Radar,186,17,13,3,219,0,198,47,4,249,186,215,60,7,468,36,0,36,504
07/02/2021,OGG,HI,AWP,WE,Towers with Radar,177,25,14,0,216,0,171,31,0,202,177,196,45,0,418,8,0,8,426
07/03/2021,OGG,HI,AWP,WE,Towers with Radar,166,12,10,0,188,0,169,39,0,208,166,181,49,0,396,12,0,12,408
07/04/2021,OGG,HI,AWP,WE,Towers with Radar,172,3,10,0,185,0,160,52,0,212,172,163,62,0,397,18,0,18,415
07/05/2021,OGG,HI,AWP,WE,Towers with Radar,178,25,6,0,209,0,160,30,0,190,178,185,36,0,399,12,0,12,411
07/06/2021,OGG,HI,AWP,WE,Towers with Radar,189,12,9,2,212,0,201,37,0,238,189,213,46,2,450,16,0,16,466
07/07/2021,OGG,HI,AWP,WE,Towers with Radar,177,20,13,2,212,0,211,56,0,267,177,231,69,2,479,26,0,26,505
07/08/2021,OGG,HI,AWP,WE,Towers with Radar,189,15,11,1,216,0,236,37,2,275,189,251,48,3,491,42,0,42,533
07/09/2021,OGG,HI,AWP,WE,Towers with Radar,190,15,9,0,214,0,218,25,4,247,190,233,34,4,461,34,0,34,495
07/10/2021,OGG,HI,AWP,WE,Towers with Radar,185,15,5,2,207,0,182,47,0,229,185,197,52,2,436,20,0,20,456
07/11/2021,OGG,HI,AWP,WE,Towers with Radar,182,14,8,1,205,0,187,36,0,223,182,201,44,1,428,30,0,30,458
07/12/2021,OGG,HI,AWP,WE,Towers with Radar,182,14,8,0,204,0,181,30,0,211,182,195,38,0,415,20,0,20,435
07/13/2021,OGG,HI,AWP,WE,Towers with Radar,180,14,5,1,200,0,185,41,1,227,180,199,46,2,427,14,0,14,441
07/14/2021,OGG,HI,AWP,WE,Towers with Radar,185,18,4,5,212,0,206,38,3,247,185,224,42,8,459,24,0,24,483
07/15/2021,OGG,HI,AWP,WE,Towers with Radar,190,12,7,5,214,0,230,48,1,279,190,242,55,6,493,20,0,20,513
07/16/2021,OGG,HI,AWP,WE,Towers with Radar,163,16,11,0,190,0,199,37,1,237,163,215,48,1,427,12,0,12,439
07/17/2021,OGG,HI,AWP,WE,Towers with Radar,182,22,10,0,214,0,188,30,2,220,182,210,40,2,434,14,0,14,448
07/18/2021,OGG,HI,AWP,WE,Towers with Radar,185,30,17,2,234,0,158,19,1,178,185,188,36,3,412,8,0,8,420
07/19/2021,OGG,HI,AWP,WE,Towers with Radar,169,14,14,1,198,0,178,38,3,219,169,192,52,4,417,50,0,50,467
07/20/2021,OGG,HI,AWP,WE,Towers with Radar,177,15,4,3,199,0,162,35,7,204,177,177,39,10,403,26,0,26,429
07/21/2021,OGG,HI,AWP,WE,Towers with Radar,193,21,4,7,225,0,209,20,3,232,193,230,24,10,457,18,0,18,475
07/22/2021,OGG,HI,AWP,WE,Towers with Radar,184,25,11,2,222,0,224,50,4,278,184,249,61,6,500,52,0,52,552
07/23/2021,OGG,HI,AWP,WE,Towers with Radar,177,20,11,6,214,0,220,37,0,257,177,240,48,6,471,12,0,12,483
07/24/2021,OGG,HI,AWP,WE,Towers with Radar,184,25,12,0,221,0,182,27,0,209,184,207,39,0,430,10,0,10,440
07/25/2021,OGG,HI,AWP,WE,Towers with Radar,176,26,2,0,204,0,182,25,0,207,176,208,27,0,411,28,0,28,439
07/26/2021,OGG,HI,AWP,WE,Towers with Radar,182,23,7,1,213,0,189,23,1,213,182,212,30,2,426,60,0,60,486
07/27/2021,OGG,HI,AWP,WE,Towers with Radar,174,20,1,2,197,0,203,48,0,251,174,223,49,2,448,24,0,24,472
07/28/2021,OGG,HI,AWP,WE,Towers with Radar,172,27,11,0,210,0,210,38,1,249,172,237,49,1,459,58,0,58,517
07/29/2021,OGG,HI,AWP,WE,Towers with Radar,186,29,7,0,222,0,182,30,0,212,186,211,37,0,434,6,0,6,440
07/30/2021,OGG,HI,AWP,WE,Towers with Radar,180,19,11,3,213,0,195,24,1,220,180,214,35,4,433,34,0,34,467
07/31/2021,OGG,HI,AWP,WE,Towers with Radar,172,16,16,2,206,0,180,26,0,206,172,196,42,2,412,12,0,12,424
08/01/2021,OGG,HI,AWP,WE,Towers with Radar,186,13,8,0,207,0,172,33,0,205,186,185,41,0,412,32,0,32,444
08/02/2021,OGG,HI,AWP,WE,Towers with Radar,186,20,8,0,214,0,179,23,1,203,186,199,31,1,417,12,0,12,429
08/03/2021,OGG,HI,AWP,WE,Towers with Radar,178,22,13,0,213,0,179,27,6,212,178,201,40,6,425,42,0,42,467
08/04/2021,OGG,HI,AWP,WE,Towers with Radar,188,13,8,1,210,0,194,36,1,231,188,207,44,2,441,12,0,12,453
08/05/2021,OGG,HI,AWP,WE,Towers with Radar,181,15,8,6,210,0,170,35,6,211,181,185,43,12,421,40,0,40,461
08/06/2021,OGG,HI,AWP,WE,Towers with Radar,187,23,13,0,223,0,205,34,0,239,187,228,47,0,462,20,0,20,482
08/07/2021,OGG,HI,AWP,WE,Towers with Radar,184,14,8,2,208,0,192,40,3,235,184,206,48,5,443,22,0,22,465
08/08/2021,OGG,HI,AWP,WE,Towers with Radar,174,14,7,4,199,0,191,30,0,221,174,205,37,4,420,24,0,24,444
08/09/2021,OGG,HI,AWP,WE,Towers with Radar,178,18,16,0,212,0,205,38,0,243,178,223,54,0,455,12,0,12,467
08/10/2021,OGG,HI,AWP,WE,Towers with Radar,181,27,4,0,212,0,176,25,6,207,181,203,29,6,419,28,0,28,447
08/11/2021,OGG,HI,AWP,WE,Towers with Radar,175,15,7,3,200,0,204,49,2,255,175,219,56,5,455,34,12,46,501
08/12/2021,OGG,HI,AWP,WE,Towers with Radar,187,18,11,4,220,0,211,30,4,245,187,229,41,8,465,12,0,12,477
08/13/2021,OGG,HI,AWP,WE,Towers with Radar,185,17,9,4,215,0,194,26,0,220,185,211,35,4,435,30,0,30,465
08/14/2021,OGG,HI,AWP,WE,Towers with Radar,179,14,19,0,212,0,197,30,0,227,179,211,49,0,439,10,0,10,449
08/15/2021,OGG,HI,AWP,WE,Towers with Radar,192,17,15,0,224,0,151,24,0,175,192,168,39,0,399,8,0,8,407
08/16/2021,OGG,HI,AWP,WE,Towers with Radar,181,12,5,8,206,0,205,37,1,243,181,217,42,9,449,40,0,40,489
08/17/2021,OGG,HI,AWP,WE,Towers with Radar,175,19,6,4,204,0,188,28,0,216,175,207,34,4,420,24,0,24,444
08/18/2021,OGG,HI,AWP,WE,Towers with Radar,180,16,12,2,210,0,210,39,1,250,180,226,51,3,460,44,0,44,504
08/19/2021,OGG,HI,AWP,WE,Towers with Radar,188,14,6,3,211,0,190,38,1,229,188,204,44,4,440,20,0,20,460
08/20/2021,OGG,HI,AWP,WE,Towers with Radar,176,17,8,0,201,0,201,35,0,236,176,218,43,0,437,12,0,12,449
08/21/2021,OGG,HI,AWP,WE,Towers with Radar,175,10,9,0,194,0,190,38,4,232,175,200,47,4,426,32,0,32,458
08/22/2021,OGG,HI,AWP,WE,Towers with Radar,182,29,8,0,219,0,131,21,0,152,182,160,29,0,371,42,0,42,413
08/23/2021,OGG,HI,AWP,WE,Towers with Radar,187,38,14,1,240,0,19,4,3,26,187,57,18,4,266,4,0,4,270
08/24/2021,OGG,HI,AWP,WE,Towers with Radar,176,12,8,2,198,0,173,28,13,214,176,185,36,15,412,8,0,8,420
08/25/2021,OGG,HI,AWP,WE,Towers with Radar,170,8,5,4,187,0,164,36,3,203,170,172,41,7,390,18,0,18,408
08/26/2021,OGG,HI,AWP,WE,Towers with Radar,185,17,8,0,210,0,189,37,1,227,185,206,45,1,437,22,0,22,459
08/27/2021,OGG,HI,AWP,WE,Towers with Radar,177,9,16,0,202,0,174,38,2,214,177,183,54,2,416,4,0,4,420
08/28/2021,OGG,HI,AWP,WE,Towers with Radar,183,18,7,0,208,0,146,30,0,176,183,164,37,0,384,12,0,12,396
08/29/2021,OGG,HI,AWP,WE,Towers with Radar,170,15,8,1,194,0,141,26,1,168,170,156,34,2,362,14,6,20,382
08/30/2021,OGG,HI,AWP,WE,Towers with Radar,172,12,6,3,193,0,169,30,1,200,172,181,36,4,393,44,0,44,437
08/31/2021,OGG,HI,AWP,WE,Towers with Radar,178,16,7,3,204,0,169,46,1,216,178,185,53,4,420,19,0,19,439
09/01/2021,OGG,HI,AWP,WE,Towers with Radar,174,9,9,2,194,0,152,36,0,188,174,161,45,2,382,28,0,28,410
09/02/2021,OGG,HI,AWP,WE,Towers with Radar,178,10,12,1,201,0,157,33,3,193,178,167,45,4,394,10,0,10,404
09/03/2021,OGG,HI,AWP,WE,Towers with Radar,189,17,6,0,212,0,165,20,1,186,189,182,26,1,398,4,0,4,402
09/04/2021,OGG,HI,AWP,WE,Towers with Radar,181,11,7,2,201,0,154,37,4,195,181,165,44,6,396,26,0,26,422
09/05/2021,OGG,HI,AWP,WE,Towers with Radar,186,21,7,2,216,0,130,29,3,162,186,151,36,5,378,38,0,38,416
09/06/2021,OGG,HI,AWP,WE,Towers with Radar,186,10,6,2,204,0,172,26,3,201,186,182,32,5,405,4,0,4,409
09/07/2021,OGG,HI,AWP,WE,Towers with Radar,172,9,1,0,182,0,163,25,1,189,172,172,26,1,371,33,0,33,404
09/08/2021,OGG,HI,AWP,WE,Towers with Radar,162,11,9,2,184,0,152,47,1,200,162,163,56,3,384,50,0,50,434
09/09/2021,OGG,HI,AWP,WE,Towers with Radar,178,8,5,5,196,0,172,36,1,209,178,180,41,6,405,48,0,48,453
09/10/2021,OGG,HI,AWP,WE,Towers with Radar,156,8,3,3,170,0,166,27,5,198,156,174,30,8,368,12,0,12,380
09/11/2021,OGG,HI,AWP,WE,Towers with Radar,167,12,2,0,181,0,124,35,5,164,167,136,37,5,345,48,0,48,393
09/12/2021,OGG,HI,AWP,WE,Towers with Radar,160,13,3,0,176,0,116,31,0,147,160,129,34,0,323,36,0,36,359
09/13/2021,OGG,HI,AWP,WE,Towers with Radar,153,15,3,0,171,0,131,23,1,155,153,146,26,1,326,36,0,36,362
09/14/2021,OGG,HI,AWP,WE,Towers with Radar,156,13,10,3,182,0,154,23,10,187,156,167,33,13,369,46,0,46,415
09/15/2021,OGG,HI,AWP,WE,Towers with Radar,169,8,2,1,180,0,170,36,8,214,169,178,38,9,394,42,0,42,436
09/16/2021,OGG,HI,AWP,WE,Towers with Radar,171,11,6,4,192,0,181,24,7,212,171,192,30,11,404,0,0,0,404
09/17/2021,OGG,HI,AWP,WE,Towers with Radar,173,12,5,5,195,0,163,34,4,201,173,175,39,9,396,12,0,12,408
09/18/2021,OGG,HI,AWP,WE,Towers with Radar,158,10,3,0,171,0,125,15,0,140,158,135,18,0,311,56,0,56,367
09/19/2021,OGG,HI,AWP,WE,Towers with Radar,166,9,2,0,177,0,134,25,1,160,166,143,27,1,337,26,0,26,363
09/20/2021,OGG,HI,AWP,WE,Towers with Radar,162,20,6,0,188,0,144,27,0,171,162,164,33,0,359,40,0,40,399
09/21/2021,OGG,HI,AWP,WE,Towers with Radar,162,12,6,2,182,0,148,29,4,181,162,160,35,6,363,52,0,52,415
09/22/2021,OGG,HI,AWP,WE,Towers with Radar,159,14,6,2,181,0,172,53,2,227,159,186,59,4,408,18,0,18,426
09/23/2021,OGG,HI,AWP,WE,Towers with Radar,166,6,9,5,186,0,173,28,2,203,166,179,37,7,389,36,6,42,431
09/24/2021,OGG,HI,AWP,WE,Towers with Radar,174,14,6,3,197,0,152,33,2,187,174,166,39,5,384,24,0,24,408
09/25/2021,OGG,HI,AWP,WE,Towers with Radar,173,16,4,0,193,0,148,38,0,186,173,164,42,0,379,50,0,50,429
09/26/2021,OGG,HI,AWP,WE,Towers with Radar,161,12,7,1,181,0,132,27,0,159,161,144,34,1,340,28,0,28,368
09/27/2021,OGG,HI,AWP,WE,Towers with Radar,159,9,3,1,172,0,148,30,1,179,159,157,33,2,351,12,0,12,363
09/28/2021,OGG,HI,AWP,WE,Towers with Radar,160,8,4,4,176,0,146,33,5,184,160,154,37,9,360,45,2,47,407
09/29/2021,OGG,HI,AWP,WE,Towers with Radar,161,10,1,3,175,0,158,32,3,193,161,168,33,6,368,26,0,26,394
09/30/2021,OGG,HI,AWP,WE,Towers with Radar,168,26,1,6,201,0,133,28,0,161,168,159,29,6,362,62,0,62,424
10/01/2021,OGG,HI,AWP,WE,Towers with Radar,162,10,6,0,178,0,146,39,0,185,162,156,45,0,363,32,0,32,395
10/02/2021,OGG,HI,AWP,WE,Towers with Radar,143,8,7,4,162,0,123,25,0,148,143,131,32,4,310,20,0,20,330
10/03/2021,OGG,HI,AWP,WE,Towers with Radar,157,12,7,1,177,0,100,35,1,136,157,112,42,2,313,40,0,40,353
10/04/2021,OGG,HI,AWP,WE,Towers with Radar,159,10,4,0,173,0,140,33,1,174,159,150,37,1,347,8,0,8,355
10/05/2021,OGG,HI,AWP,WE,Towers with Radar,159,10,7,5,181,0,171,30,2,203,159,181,37,7,384,8,2,10,394
10/06/2021,OGG,HI,AWP,WE,Towers with Radar,157,6,7,2,172,0,148,32,2,182,157,154,39,4,354,4,0,4,358
10/07/2021,OGG,HI,AWP,WE,Towers with Radar,171,12,7,1,191,0,161,33,0,194,171,173,40,1,385,36,0,36,421
10/08/2021,OGG,HI,AWP,WE,Towers with Radar,167,15,2,1,185,0,153,22,2,177,167,168,24,3,362,8,0,8,370
10/09/2021,OGG,HI,AWP,WE,Towers with Radar,160,32,5,2,199,0,57,12,0,69,160,89,17,2,268,0,2,2,270
10/10/2021,OGG,HI,AWP,WE,Towers with Radar,148,17,2,0,167,0,135,9,2,146,148,152,11,2,313,22,0,22,335
10/11/2021,OGG,HI,AWP,WE,Towers with Radar,149,18,6,0,173,0,146,15,0,161,149,164,21,0,334,52,0,52,386
10/12/2021,OGG,HI,AWP,WE,Towers with Radar,163,15,10,0,188,0,126,16,0,142,163,141,26,0,330,34,0,34,364
10/13/2021,OGG,HI,AWP,WE,Towers with Radar,156,16,11,3,186,0,160,27,1,188,156,176,38,4,374,38,0,38,412
10/14/2021,OGG,HI,AWP,WE,Towers with Radar,166,18,13,0,197,0,157,29,1,187,166,175,42,1,384,20,0,20,404
10/15/2021,OGG,HI,AWP,WE,Towers with Radar,167,13,6,0,186,0,167,20,2,189,167,180,26,2,375,40,0,40,415
10/16/2021,OGG,HI,AWP,WE,Towers with Radar,166,12,3,1,182,0,143,32,6,181,166,155,35,7,363,10,0,10,373
10/17/2021,OGG,HI,AWP,WE,Towers with Radar,160,9,2,1,172,0,140,25,3,168,160,149,27,4,340,28,0,28,368
10/18/2021,OGG,HI,AWP,WE,Towers with Radar,156,13,6,0,175,0,157,21,0,178,156,170,27,0,353,14,0,14,367
10/19/2021,OGG,HI,AWP,WE,Towers with Radar,162,10,15,2,189,0,173,37,0,210,162,183,52,2,399,50,0,50,449
10/20/2021,OGG,HI,AWP,WE,Towers with Radar,160,10,6,0,176,0,172,29,0,201,160,182,35,0,377,34,0,34,411
10/21/2021,OGG,HI,AWP,WE,Towers with Radar,160,9,13,4,186,0,156,28,4,188,160,165,41,8,374,38,2,40,414
10/22/2021,OGG,HI,AWP,WE,Towers with Radar,161,16,6,0,183,0,142,28,3,173,161,158,34,3,356,14,0,14,370
10/23/2021,OGG,HI,AWP,WE,Towers with Radar,174,12,4,0,190,0,139,25,0,164,174,151,29,0,354,30,0,30,384
10/24/2021,OGG,HI,AWP,WE,Towers with Radar,161,16,2,0,179,0,138,31,5,174,161,154,33,5,353,20,0,20,373
10/25/2021,OGG,HI,AWP,WE,Towers with Radar,157,8,10,5,180,0,139,32,1,172,157,147,42,6,352,30,0,30,382
10/26/2021,OGG,HI,AWP,WE,Towers with Radar,154,8,9,7,178,0,147,38,8,193,154,155,47,15,371,46,0,46,417
10/27/2021,OGG,HI,AWP,WE,Towers with Radar,153,9,9,0,171,0,159,42,0,201,153,168,51,0,372,36,0,36,408
10/28/2021,OGG,HI,AWP,WE,Towers with Radar,163,22,8,4,197,0,159,34,4,197,163,181,42,8,394,78,0,78,472
10/29/2021,OGG,HI,AWP,WE,Towers with Radar,161,16,9,0,186,0,159,40,2,201,161,175,49,2,387,40,0,40,427
10/30/2021,OGG,HI,AWP,WE,Towers with Radar,160,13,8,4,185,0,135,34,3,172,160,148,42,7,357,42,0,42,399
10/31/2021,OGG,HI,AWP,WE,Towers with Radar,151,8,9,0,168,0,103,34,0,137,151,111,43,0,305,36,0,36,341
11/01/2021,OGG,HI,AWP,WE,Towers with Radar,166,16,7,0,189,0,144,42,0,186,166,160,49,0,375,11,0,11,386
11/02/2021,OGG,HI,AWP,WE,Towers with Radar,165,18,8,6,197,0,136,49,5,190,165,154,57,11,387,34,0,34,421
11/03/2021,OGG,HI,AWP,WE,Towers with Radar,160,16,3,0,179,0,130,53,2,185,160,146,56,2,364,18,0,18,382
11/04/2021,OGG,HI,AWP,WE,Towers with Radar,162,7,8,2,179,0,144,33,4,181,162,151,41,6,360,24,0,24,384
11/05/2021,OGG,HI,AWP,WE,Towers with Radar,181,10,12,0,203,0,154,45,1,200,181,164,57,1,403,12,0,12,415
11/06/2021,OGG,HI,AWP,WE,Towers with Radar,167,6,5,2,180,0,133,21,0,154,167,139,26,2,334,36,0,36,370
11/07/2021,OGG,HI,AWP,WE,Towers with Radar,165,6,11,2,184,0,106,23,1,130,165,112,34,3,314,50,0,50,364
11/08/2021,OGG,HI,AWP,WE,Towers with Radar,173,6,5,0,184,0,151,21,2,174,173,157,26,2,358,18,0,18,376
11/09/2021,OGG,HI,AWP,WE,Towers with Radar,165,12,13,0,190,0,146,35,0,181,165,158,48,0,371,26,0,26,397
11/10/2021,OGG,HI,AWP,WE,Towers with Radar,162,10,3,3,178,0,169,42,1,212,162,179,45,4,390,18,0,18,408
11/11/2021,OGG,HI,AWP,WE,Towers with Radar,165,5,5,1,176,0,151,46,2,199,165,156,51,3,375,8,0,8,383
11/12/2021,OGG,HI,AWP,WE,Towers with Radar,166,10,5,0,181,0,154,26,0,180,166,164,31,0,361,48,0,48,409
11/13/2021,OGG,HI,AWP,WE,Towers with Radar,163,10,11,2,186,0,140,31,2,173,163,150,42,4,359,22,2,24,383
11/14/2021,OGG,HI,AWP,WE,Towers with Radar,163,25,14,0,202,0,50,3,0,53,163,75,17,0,255,6,0,6,261
11/15/2021,OGG,HI,AWP,WE,Towers with Radar,181,16,7,0,204,0,145,15,0,160,181,161,22,0,364,4,0,4,368
11/16/2021,OGG,HI,AWP,WE,Towers with Radar,165,7,10,3,185,0,146,18,3,167,165,153,28,6,352,28,2,30,382
11/17/2021,OGG,HI,AWP,WE,Towers with Radar,160,14,8,2,184,0,155,23,2,180,160,169,31,4,364,50,0,50,414
11/18/2021,OGG,HI,AWP,WE,Towers with Radar,177,13,10,3,203,0,144,28,1,173,177,157,38,4,376,52,0,52,428
11/19/2021,OGG,HI,AWP,WE,Towers with Radar,163,13,22,0,198,0,177,32,2,211,163,190,54,2,409,44,0,44,453
11/20/2021,OGG,HI,AWP,WE,Towers with Radar,170,10,14,0,194,0,142,40,0,182,170,152,54,0,376,16,0,16,392
11/21/2021,OGG,HI,AWP,WE,Towers with Radar,167,13,11,1,192,0,142,53,1,196,167,155,64,2,388,18,0,18,406
11/22/2021,OGG,HI,AWP,WE,Towers with Radar,175,19,6,9,209,0,105,21,5,131,175,124,27,14,340,48,2,50,390
11/23/2021,OGG,HI,AWP,WE,Towers with Radar,175,13,10,2,200,0,239,53,6,298,175,252,63,8,498,26,0,26,524
11/24/2021,OGG,HI,AWP,WE,Towers with Radar,169,11,5,2,187,0,208,45,0,253,169,219,50,2,440,38,0,38,478
11/25/2021,OGG,HI,AWP,WE,Towers with Radar,163,3,4,0,170,0,153,11,0,164,163,156,15,0,334,32,0,32,366
11/26/2021,OGG,HI,AWP,WE,Towers with Radar,166,7,13,2,188,0,203,54,2,259,166,210,67,4,447,32,0,32,479
11/27/2021,OGG,HI,AWP,WE,Towers with Radar,176,18,22,0,216,0,181,39,2,222,176,199,61,2,438,6,2,8,446
11/28/2021,OGG,HI,AWP,WE,Towers with Radar,173,30,21,0,224,0,154,32,0,186,173,184,53,0,410,46,0,46,456
11/29/2021,OGG,HI,AWP,WE,Towers with Radar,172,23,7,2,204,0,104,12,0,116,172,127,19,2,320,24,0,24,344
11/30/2021,OGG,HI,AWP,WE,Towers with Radar,167,14,9,2,192,0,154,28,0,182,167,168,37,2,374,34,0,34,408
12/01/2021,OGG,HI,AWP,WE,Towers with Radar,172,9,11,2,194,0,150,22,1,173,172,159,33,3,367,40,0,40,407
12/02/2021,OGG,HI,AWP,WE,Towers with Radar,169,10,6,10,195,0,166,35,1,202,169,176,41,11,397,4,0,4,401
12/03/2021,OGG,HI,AWP,WE,Towers with Radar,165,54,5,3,227,0,41,5,2,48,165,95,10,5,275,4,0,4,279
12/04/2021,OGG,HI,AWP,WE,Towers with Radar,169,23,8,4,204,0,109,7,0,116,169,132,15,4,320,42,0,42,362
12/05/2021,OGG,HI,AWP,WE,Towers with Radar,153,37,7,0,197,0,31,4,0,35,153,68,11,0,232,12,0,12,244
12/06/2021,OGG,HI,AWP,WE,Towers with Radar,168,23,10,0,201,0,33,10,0,43,168,56,20,0,244,2,0,2,246
12/07/2021,OGG,HI,AWP,WE,Towers with Radar,163,30,6,10,209,0,42,1,4,47,163,72,7,14,256,4,0,4,260
12/08/2021,OGG,HI,AWP,WE,Towers with Radar,165,15,10,9,199,0,177,27,3,207,165,192,37,12,406,20,0,20,426
12/09/2021,OGG,HI,AWP,WE,Towers with Radar,175,13,8,0,196,0,192,36,11,239,175,205,44,11,435,11,0,11,446
12/10/2021,OGG,HI,AWP,WE,Towers with Radar,173,11,12,0,196,0,157,40,0,197,173,168,52,0,393,20,0,20,413
12/11/2021,OGG,HI,AWP,WE,Towers with Radar,169,11,10,0,190,0,164,19,7,190,169,175,29,7,380,70,0,70,450
12/12/2021,OGG,HI,AWP,WE,Towers with Radar,171,10,6,0,187,0,128,39,5,172,171,138,45,5,359,12,0,12,371
12/13/2021,OGG,HI,AWP,WE,Towers with Radar,164,24,7,4,199,0,125,26,2,153,164,149,33,6,352,40,0,40,392
12/14/2021,OGG,HI,AWP,WE,Towers with Radar,169,8,9,2,188,0,159,36,3,198,169,167,45,5,386,50,0,50,436
12/15/2021,OGG,HI,AWP,WE,Towers with Radar,176,9,8,5,198,0,169,27,11,207,176,178,35,16,405,34,0,34,439
12/16/2021,OGG,HI,AWP,WE,Towers with Radar,185,13,10,2,210,0,165,26,7,198,185,178,36,9,408,38,0,38,446
12/17/2021,OGG,HI,AWP,WE,Towers with Radar,190,25,17,2,234,0,182,30,7,219,190,207,47,9,453,80,0,80,533
12/18/2021,OGG,HI,AWP,WE,Towers with Radar,175,13,23,2,213,0,151,35,2,188,175,164,58,4,401,78,0,78,479
12/19/2021,OGG,HI,AWP,WE,Towers with Radar,176,33,22,1,232,0,117,16,0,133,176,150,38,1,365,46,0,46,411
12/20/2021,OGG,HI,AWP,WE,Towers with Radar,203,12,13,0,228,0,202,26,3,231,203,214,39,3,459,34,0,34,493
12/21/2021,OGG,HI,AWP,WE,Towers with Radar,196,35,6,0,237,0,119,23,4,146,196,154,29,4,383,52,0,52,435
12/22/2021,OGG,HI,AWP,WE,Towers with Radar,178,36,13,0,227,0,95,8,0,103,178,131,21,0,330,26,0,26,356
12/23/2021,OGG,HI,AWP,WE,Towers with Radar,199,20,12,0,231,0,224,45,0,269,199,244,57,0,500,68,0,68,568
12/24/2021,OGG,HI,AWP,WE,Towers with Radar,186,14,13,0,213,0,218,34,2,254,186,232,47,2,467,14,0,14,481
12/25/2021,OGG,HI,AWP,WE,Towers with Radar,175,6,14,0,195,0,134,21,0,155,175,140,35,0,350,4,0,4,354
12/26/2021,OGG,HI,AWP,WE,Towers with Radar,180,25,28,0,233,0,227,50,2,279,180,252,78,2,512,44,0,44,556
12/27/2021,OGG,HI,AWP,WE,Towers with Radar,192,21,29,0,242,0,216,46,2,264,192,237,75,2,506,0,0,0,506
12/28/2021,OGG,HI,AWP,WE,Towers with Radar,186,31,19,1,237,0,203,54,1,258,186,234,73,2,495,40,0,40,535
12/29/2021,OGG,HI,AWP,WE,Towers with Radar,181,15,13,0,209,0,204,41,0,245,181,219,54,0,454,30,0,30,484
12/30/2021,OGG,HI,AWP,WE,Towers with Radar,181,18,9,0,208,0,179,49,0,228,181,197,58,0,436,62,0,62,498
12/31/2021,OGG,HI,AWP,WE,Towers with Radar,168,35,9,0,212,0,132,22,0,154,168,167,31,0,366,64,0,64,430
01/01/2022,OGG,HI,AWP,WE,Towers with Radar,171,23,35,0,229,0,169,18,0,187,171,192,53,0,416,0,0,0,416
01/02/2022,OGG,HI,AWP,WE,Towers with Radar,182,20,31,0,233,0,152,25,0,177,182,172,56,0,410,36,0,36,446
01/03/2022,OGG,HI,AWP,WE,Towers with Radar,174,23,20,0,217,0,169,32,0,201,174,192,52,0,418,38,0,38,456
01/04/2022,OGG,HI,AWP,WE,Towers with Radar,163,15,15,0,193,0,159,47,2,208,163,174,62,2,401,36,0,36,437
01/05/2022,OGG,HI,AWP,WE,Towers with Radar,168,16,18,5,207,0,177,46,0,223,168,193,64,5,430,52,0,52,482
01/06/2022,OGG,HI,AWP,WE,Towers with Radar,167,18,19,4,208,0,185,46,0,231,167,203,65,4,439,14,0,14,453
01/07/2022,OGG,HI,AWP,WE,Towers with Radar,166,10,15,3,194,0,170,53,5,228,166,180,68,8,422,2,0,2,424
01/08/2022,OGG,HI,AWP,WE,Towers with Radar,159,17,12,5,193,0,111,33,1,145,159,128,45,6,338,38,4,42,380
01/09/2022,OGG,HI,AWP,WE,Towers with Radar,169,17,12,1,199,0,112,32,1,145,169,129,44,2,344,44,0,44,388
01/10/2022,OGG,HI,AWP,WE,Towers with Radar,153,15,16,2,186,0,152,22,0,174,153,167,38,2,360,16,0,16,376
01/11/2022,OGG,HI,AWP,WE,Towers with Radar,153,16,17,1,187,0,154,29,5,188,153,170,46,6,375,26,0,26,401
01/12/2022,OGG,HI,AWP,WE,Towers with Radar,161,12,17,1,191,0,170,25,1,196,161,182,42,2,387,64,0,64,451
01/13/2022,OGG,HI,AWP,WE,Towers with Radar,167,13,12,7,199,0,151,32,7,190,167,164,44,14,389,20,0,20,409
01/14/2022,OGG,HI,AWP,WE,Towers with Radar,156,10,14,0,180,0,162,39,2,203,156,172,53,2,383,36,0,36,419
01/15/2022,OGG,HI,AWP,WE,Towers with Radar,137,14,9,0,160,0,142,44,2,188,137,156,53,2,348,38,0,38,386
01/16/2022,OGG,HI,AWP,WE,Towers with Radar,148,9,9,0,166,0,124,45,2,171,148,133,54,2,337,18,0,18,355
01/17/2022,OGG,HI,AWP,WE,Towers with Radar,156,15,7,0,178,0,160,31,0,191,156,175,38,0,369,10,0,10,379
01/18/2022,OGG,HI,AWP,WE,Towers with Radar,140,5,5,3,153,0,155,22,3,180,140,160,27,6,333,46,11,57,390
01/19/2022,OGG,HI,AWP,WE,Towers with Radar,151,16,14,0,181,0,162,24,0,186,151,178,38,0,367,10,0,10,377
01/20/2022,OGG,HI,AWP,WE,Towers with Radar,156,15,13,2,186,0,156,38,1,195,156,171,51,3,381,8,0,8,389
01/21/2022,OGG,HI,AWP,WE,Towers with Radar,162,10,11,1,184,0,152,40,3,195,162,162,51,4,379,24,0,24,403
01/22/2022,OGG,HI,AWP,WE,Towers with Radar,153,3,10,0,166,0,113,32,0,145,153,116,42,0,311,12,0,12,323
01/23/2022,OGG,HI,AWP,WE,Towers with Radar,147,14,12,1,174,0,110,23,1,134,147,124,35,2,308,10,4,14,322
01/24/2022,OGG,HI,AWP,WE,Towers with Radar,148,15,7,1,171,0,137,20,1,158,148,152,27,2,329,26,0,26,355
01/25/2022,OGG,HI,AWP,WE,Towers with Radar,144,13,5,1,163,0,157,28,2,187,144,170,33,3,350,56,0,56,406
01/26/2022,OGG,HI,AWP,WE,Towers with Radar,158,8,5,18,189,0,137,26,0,163,158,145,31,18,352,40,0,40,392
01/27/2022,OGG,HI,AWP,WE,Towers with Radar,151,14,7,0,172,0,168,30,2,200,151,182,37,2,372,2,0,2,374
01/28/2022,OGG,HI,AWP,WE,Towers with Radar,152,10,19,0,181,0,156,40,1,197,152,166,59,1,378,14,0,14,392
01/29/2022,OGG,HI,AWP,WE,Towers with Radar,149,11,5,0,165,0,135,31,2,168,149,146,36,2,333,16,0,16,349
01/30/2022,OGG,HI,AWP,WE,Towers with Radar,151,15,3,0,169,0,85,38,7,130,151,100,41,7,299,26,0,26,325
01/31/2022,OGG,HI,AWP,WE,Towers with Radar,154,15,6,4,179,0,141,29,4,174,154,156,35,8,353,42,2,44,397
02/01/2022,OGG,HI,AWP,WE,Towers with Radar,157,9,4,7,177,0,123,25,5,153,157,132,29,12,330,22,0,22,352
02/02/2022,OGG,HI,AWP,WE,Towers with Radar,164,11,5,0,180,0,142,22,0,164,164,153,27,0,344,18,0,18,362
02/03/2022,OGG,HI,AWP,WE,Towers with Radar,154,16,11,7,188,0,137,35,1,173,154,153,46,8,361,30,0,30,391
02/04/2022,OGG,HI,AWP,WE,Towers with Radar,160,12,8,0,180,0,162,26,14,202,160,174,34,14,382,10,0,10,392
02/05/2022,OGG,HI,AWP,WE,Towers with Radar,151,12,8,2,173,0,128,33,3,164,151,140,41,5,337,6,0,6,343
02/06/2022,OGG,HI,AWP,WE,Towers with Radar,162,9,7,2,180,0,115,26,1,142,162,124,33,3,322,30,0,30,352
02/07/2022,OGG,HI,AWP,WE,Towers with Radar,154,9,9,0,172,0,138,40,3,181,154,147,49,3,353,30,0,30,383
02/08/2022,OGG,HI,AWP,WE,Towers with Radar,155,10,8,1,174,0,141,33,5,179,155,151,41,6,353,28,6,34,387
02/09/2022,OGG,HI,AWP,WE,Towers with Radar,158,1,6,2,167,0,139,26,2,167,158,140,32,4,334,32,0,32,366
02/10/2022,OGG,HI,AWP,WE,Towers with Radar,164,13,11,7,195,0,173,42,9,224,164,186,53,16,419,24,0,24,443
02/11/2022,OGG,HI,AWP,WE,Towers with Radar,162,5,3,0,170,0,180,44,4,228,162,185,47,4,398,16,0,16,414
02/12/2022,OGG,HI,AWP,WE,Towers with Radar,165,6,8,0,179,0,149,32,1,182,165,155,40,1,361,16,0,16,377
02/13/2022,OGG,HI,AWP,WE,Towers with Radar,167,11,7,0,185,0,114,33,1,148,167,125,40,1,333,20,0,20,353
02/14/2022,OGG,HI,AWP,WE,Towers with Radar,160,14,12,0,186,0,182,34,0,216,160,196,46,0,402,6,0,6,408
02/15/2022,OGG,HI,AWP,WE,Towers with Radar,151,12,8,3,174,0,184,35,9,228,151,196,43,12,402,14,0,14,416
02/16/2022,OGG,HI,AWP,WE,Towers with Radar,168,12,12,4,196,0,169,28,2,199,168,181,40,6,395,18,0,18,413
02/17/2022,OGG,HI,AWP,WE,Towers with Radar,182,10,8,0,200,0,178,42,4,224,182,188,50,4,424,30,0,30,454
02/18/2022,OGG,HI,AWP,WE,Towers with Radar,157,23,19,0,199,0,145,45,2,192,157,168,64,2,391,8,0,8,399
02/19/2022,OGG,HI,AWP,WE,Towers with Radar,167,5,18,0,190,0,147,38,0,185,167,152,56,0,375,39,0,39,414
02/20/2022,OGG,HI,AWP,WE,Towers with Radar,163,20,14,0,197,0,97,37,0,134,163,117,51,0,331,46,0,46,377
02/21/2022,OGG,HI,AWP,WE,Towers with Radar,166,18,15,2,201,0,176,22,1,199,166,194,37,3,400,33,0,33,433
02/22/2022,OGG,HI,AWP,WE,Towers with Radar,160,5,8,9,182,0,177,40,4,221,160,182,48,13,403,28,0,28,431
02/23/2022,OGG,HI,AWP,WE,Towers with Radar,167,15,9,6,197,0,172,38,2,212,167,187,47,8,409,8,0,8,417
02/24/2022,OGG,HI,AWP,WE,Towers with Radar,178,15,13,3,209,0,194,38,0,232,178,209,51,3,441,58,0,58,499
02/25/2022,OGG,HI,AWP,WE,Towers with Radar,166,13,13,0,192,0,176,23,1,200,166,189,36,1,392,14,0,14,406
02/26/2022,OGG,HI,AWP,WE,Towers with Radar,170,11,13,0,194,0,164,28,4,196,170,175,41,4,390,28,0,28,418
02/27/2022,OGG,HI,AWP,WE,Towers with Radar,168,18,15,1,202,0,132,41,9,182,168,150,56,10,384,6,0,6,390
02/28/2022,OGG,HI,AWP,WE,Towers with Radar,166,6,11,0,183,0,142,33,0,175,166,148,44,0,358,20,0,20,378
03/01/2022,OGG,HI,AWP,WE,Towers with Radar,161,24,8,3,196,0,158,25,2,185,161,182,33,5,381,32,0,32,413
03/02/2022,OGG,HI,AWP,WE,Towers with Radar,170,13,4,1,188,0,176,35,5,216,170,189,39,6,404,10,0,10,414
03/03/2022,OGG,HI,AWP,WE,Towers with Radar,179,13,5,5,202,0,165,28,1,194,179,178,33,6,396,2,0,2,398
03/04/2022,OGG,HI,AWP,WE,Towers with Radar,167,15,5,0,187,0,169,38,0,207,167,184,43,0,394,36,0,36,430
03/05/2022,OGG,HI,AWP,WE,Towers with Radar,169,8,9,3,189,0,138,41,4,183,169,146,50,7,372,32,0,32,404
03/06/2022,OGG,HI,AWP,WE,Towers with Radar,162,8,13,2,185,0,118,34,0,152,162,126,47,2,337,18,0,18,355
03/07/2022,OGG,HI,AWP,WE,Towers with Radar,167,14,2,2,185,0,159,48,0,207,167,173,50,2,392,28,0,28,420
03/08/2022,OGG,HI,AWP,WE,Towers with Radar,162,10,3,0,175,0,163,30,3,196,162,173,33,3,371,30,0,30,401
03/09/2022,OGG,HI,AWP,WE,Towers with Radar,179,10,6,0,195,0,151,35,0,186,179,161,41,0,381,34,0,34,415
03/10/2022,OGG,HI,AWP,WE,Towers with Radar,175,13,2,3,193,0,164,40,7,211,175,177,42,10,404,46,0,46,450
03/11/2022,OGG,HI,AWP,WE,Towers with Radar,164,5,7,0,176,0,164,45,0,209,164,169,52,0,385,24,0,24,409
03/12/2022,OGG,HI,AWP,WE,Towers with Radar,155,10,11,1,177,0,139,18,1,158,155,149,29,2,335,34,0,34,369
03/13/2022,OGG,HI,AWP,WE,Towers with Radar,177,10,4,0,191,0,139,40,0,179,177,149,44,0,370,4,0,4,374
03/14/2022,OGG,HI,AWP,WE,Towers with Radar,175,16,7,1,199,0,199,31,4,234,175,215,38,5,433,4,6,10,443
03/15/2022,OGG,HI,AWP,WE,Towers with Radar,168,18,5,3,194,0,193,35,1,229,168,211,40,4,423,40,0,40,463
03/16/2022,OGG,HI,AWP,WE,Towers with Radar,181,12,5,4,202,0,224,30,0,254,181,236,35,4,456,56,0,56,512
03/17/2022,OGG,HI,AWP,WE,Towers with Radar,179,5,3,7,194,0,223,38,1,262,179,228,41,8,456,67,0,67,523
03/18/2022,OGG,HI,AWP,WE,Towers with Radar,175,29,7,0,211,0,234,31,2,267,175,263,38,2,478,30,0,30,508
03/19/2022,OGG,HI,AWP,WE,Towers with Radar,173,17,16,2,208,0,158,28,2,188,173,175,44,4,396,36,0,36,432
03/20/2022,OGG,HI,AWP,WE,Towers with Radar,170,14,11,0,195,0,170,32,2,204,170,184,43,2,399,54,0,54,453
03/21/2022,OGG,HI,AWP,WE,Towers with Radar,173,14,4,2,193,0,184,46,2,232,173,198,50,4,425,30,0,30,455
03/22/2022,OGG,HI,AWP,WE,Towers with Radar,163,16,7,0,186,0,189,29,2,220,163,205,36,2,406,36,0,36,442
03/23/2022,OGG,HI,AWP,WE,Towers with Radar,183,12,5,0,200,0,173,15,0,188,183,185,20,0,388,18,0,18,406
03/24/2022,OGG,HI,AWP,WE,Towers with Radar,180,7,10,0,197,0,189,15,0,204,180,196,25,0,401,16,0,16,417
03/25/2022,OGG,HI,AWP,WE,Towers with Radar,177,10,17,0,204,0,197,29,2,228,177,207,46,2,432,12,0,12,444
03/26/2022,OGG,HI,AWP,WE,Towers with Radar,176,25,21,0,222,0,99,26,0,125,176,124,47,0,347,10,0,10,357
03/27/2022,OGG,HI,AWP,WE,Towers with Radar,170,13,14,0,197,0,135,37,3,175,170,148,51,3,372,22,0,22,394
03/28/2022,OGG,HI,AWP,WE,Towers with Radar,175,8,5,3,191,0,174,38,1,213,175,182,43,4,404,34,0,34,438
03/29/2022,OGG,HI,AWP,WE,Towers with Radar,174,13,11,0,198,0,186,30,3,219,174,199,41,3,417,4,0,4,421
03/30/2022,OGG,HI,AWP,WE,Towers with Radar,166,23,12,2,203,0,176,28,0,204,166,199,40,2,407,8,0,8,415
03/31/2022,OGG,HI,AWP,WE,Towers with Radar,180,27,10,3,220,0,183,25,1,209,180,210,35,4,429,92,0,92,521
04/01/2022,OGG,HI,AWP,WE,Towers with Radar,171,18,10,0,199,0,157,28,0,185,171,175,38,0,384,0,0,0,384
04/02/2022,OGG,HI,AWP,WE,Towers with Radar,166,7,9,0,182,0,148,22,0,170,166,155,31,0,352,38,0,38,390
04/03/2022,OGG,HI,AWP,WE,Towers with Radar,162,14,13,0,189,0,148,18,0,166,162,162,31,0,355,0,0,0,355
04/04/2022,OGG,HI,AWP,WE,Towers with Radar,170,11,7,0,188,0,160,27,0,187,170,171,34,0,375,54,0,54,429
04/05/2022,OGG,HI,AWP,WE,Towers with Radar,159,14,2,0,175,0,168,25,3,196,159,182,27,3,371,14,0,14,385
04/06/2022,OGG,HI,AWP,WE,Towers with Radar,168,21,8,3,200,0,190,28,1,219,168,211,36,4,419,64,0,64,483
04/07/2022,OGG,HI,AWP,WE,Towers with Radar,161,12,5,0,178,0,182,30,2,214,161,194,35,2,392,18,0,18,410
04/08/2022,OGG,HI,AWP,WE,Towers with Radar,175,34,5,4,218,0,99,18,0,117,175,133,23,4,335,18,0,18,353
04/09/2022,OGG,HI,AWP,WE,Towers with Radar,176,20,14,2,212,0,151,20,2,173,176,171,34,4,385,6,0,6,391
04/10/2022,OGG,HI,AWP,WE,Towers with Radar,178,14,6,2,200,0,156,34,0,190,178,170,40,2,390,46,0,46,436
04/11/2022,OGG,HI,AWP,WE,Towers with Radar,189,18,9,3,219,0,177,30,1,208,189,195,39,4,427,12,2,14,441
04/12/2022,OGG,HI,AWP,WE,Towers with Radar,166,25,9,1,201,0,172,25,3,200,166,197,34,4,401,46,0,46,447
04/13/2022,OGG,HI,AWP,WE,Towers with Radar,179,15,9,2,205,0,192,31,0,223,179,207,40,2,428,13,0,13,441
04/14/2022,OGG,HI,AWP,WE,Towers with Radar,175,17,11,7,210,0,174,20,4,198,175,191,31,11,408,24,2,26,434
04/15/2022,OGG,HI,AWP,WE,Towers with Radar,158,23,7,2,190,0,185,42,0,227,158,208,49,2,417,16,0,16,433
04/16/2022,OGG,HI,AWP,WE,Towers with Radar,164,31,17,0,212,0,62,5,0,67,164,93,22,0,279,6,0,6,285
04/17/2022,OGG,HI,AWP,WE,Towers with Radar,169,17,4,5,195,0,153,25,1,179,169,170,29,6,374,76,0,76,450
04/18/2022,OGG,HI,AWP,WE,Towers with Radar,156,13,7,0,176,0,174,24,0,198,156,187,31,0,374,6,0,6,380
04/19/2022,OGG,HI,AWP,WE,Towers with Radar,172,14,5,2,193,0,209,27,8,244,172,223,32,10,437,16,0,16,453
04/20/2022,OGG,HI,AWP,WE,Towers with Radar,166,11,3,4,184,0,222,27,0,249,166,233,30,4,433,10,0,10,443
04/21/2022,OGG,HI,AWP,WE,Towers with Radar,179,15,7,0,201,0,190,46,4,240,179,205,53,4,441,2,0,2,443
04/22/2022,OGG,HI,AWP,WE,Towers with Radar,175,27,16,0,218,0,154,23,1,178,175,181,39,1,396,8,0,8,404
04/23/2022,OGG,HI,AWP,WE,Towers with Radar,169,18,8,2,197,0,161,21,9,191,169,179,29,11,388,8,0,8,396
04/24/2022,OGG,HI,AWP,WE,Towers with Radar,174,11,2,0,187,0,147,28,3,178,174,158,30,3,365,40,0,40,405
04/25/2022,OGG,HI,AWP,WE,Towers with Radar,166,16,11,0,193,0,182,15,1,198,166,198,26,1,391,34,0,34,425
04/26/2022,OGG,HI,AWP,WE,Towers with Radar,168,16,7,0,191,0,176,23,0,199,168,192,30,0,390,26,0,26,416
04/27/2022,OGG,HI,AWP,WE,Towers with Radar,179,15,9,1,204,0,151,14,3,168,179,166,23,4,372,56,2,58,430
04/28/2022,OGG,HI,AWP,WE,Towers with Radar,195,20,2,0,217,0,195,40,0,235,195,215,42,0,452,6,0,6,458
04/29/2022,OGG,HI,AWP,WE,Towers with Radar,174,19,12,1,206,0,169,38,4,211,174,188,50,5,417,12,0,12,429
04/30/2022,OGG,HI,AWP,WE,Towers with Radar,154,12,6,0,172,0,147,24,0,171,154,159,30,0,343,24,0,24,367
05/01/2022,OGG,HI,AWP,WE,Towers with Radar,165,31,7,1,204,0,110,13,0,123,165,141,20,1,327,0,0,0,327
05/02/2022,OGG,HI,AWP,WE,Towers with Radar,172,25,5,1,203,0,164,11,1,176,172,189,16,2,379,22,0,22,401
05/03/2022,OGG,HI,AWP,WE,Towers with Radar,168,20,4,2,194,0,152,14,2,168,168,172,18,4,362,0,0,0,362
05/04/2022,OGG,HI,AWP,WE,Towers with Radar,175,21,7,0,203,0,181,28,0,209,175,202,35,0,412,12,0,12,424
05/05/2022,OGG,HI,AWP,WE,Towers with Radar,171,22,5,1,199,0,186,31,2,219,171,208,36,3,418,28,0,28,446
05/06/2022,OGG,HI,AWP,WE,Towers with Radar,177,21,6,0,204,0,142,28,0,170,177,163,34,0,374,24,0,24,398
05/07/2022,OGG,HI,AWP,WE,Towers with Radar,169,12,11,0,192,0,131,13,2,146,169,143,24,2,338,8,16,24,362
05/08/2022,OGG,HI,AWP,WE,Towers with Radar,156,5,5,0,166,0,147,31,0,178,156,152,36,0,344,44,0,44,388
05/09/2022,OGG,HI,AWP,WE,Towers with Radar,156,9,5,5,175,0,166,33,3,202,156,175,38,8,377,14,0,14,391
05/10/2022,OGG,HI,AWP,WE,Towers with Radar,156,8,10,3,177,0,170,33,4,207,156,178,43,7,384,18,0,18,402
05/11/2022,OGG,HI,AWP,WE,Towers with Radar,165,8,2,6,181,0,172,29,2,203,165,180,31,8,384,70,0,70,454
05/12/2022,OGG,HI,AWP,WE,Towers with Radar,172,6,4,1,183,0,199,38,5,242,172,205,42,6,425,16,0,16,441
05/13/2022,OGG,HI,AWP,WE,Towers with Radar,160,7,2,1,170,0,174,30,3,207,160,181,32,4,377,28,0,28,405
05/14/2022,OGG,HI,AWP,WE,Towers with Radar,179,6,7,0,192,0,158,27,4,189,179,164,34,4,381,22,0,22,403
05/15/2022,OGG,HI,AWP,WE,Towers with Radar,163,10,7,1,181,0,162,48,1,211,163,172,55,2,392,18,0,18,410
05/16/2022,OGG,HI,AWP,WE,Towers with Radar,156,9,9,0,174,0,169,35,0,204,156,178,44,0,378,24,0,24,402
05/17/2022,OGG,HI,AWP,WE,Towers with Radar,170,9,5,0,184,0,187,24,0,211,170,196,29,0,395,2,0,2,397
05/18/2022,OGG,HI,AWP,WE,Towers with Radar,155,13,2,2,172,0,184,33,0,217,155,197,35,2,389,20,0,20,409
05/19/2022,OGG,HI,AWP,WE,Towers with Radar,176,16,9,0,201,0,194,22,2,218,176,210,31,2,419,24,0,24,443
05/20/2022,OGG,HI,AWP,WE,Towers with Radar,163,15,2,0,180,0,166,24,0,190,163,181,26,0,370,12,0,12,382
05/21/2022,OGG,HI,AWP,WE,Towers with Radar,161,2,5,0,168,0,152,26,0,178,161,154,31,0,346,8,0,8,354
05/22/2022,OGG,HI,AWP,WE,Towers with Radar,152,8,7,0,167,0,158,50,0,208,152,166,57,0,375,18,0,18,393
05/23/2022,OGG,HI,AWP,WE,Towers with Radar,161,7,5,0,173,0,178,30,4,212,161,185,35,4,385,44,0,44,429
05/24/2022,OGG,HI,AWP,WE,Towers with Radar,163,6,7,1,177,0,182,29,4,215,163,188,36,5,392,10,0,10,402
05/25/2022,OGG,HI,AWP,WE,Towers with Radar,168,12,6,8,194,0,187,42,2,231,168,199,48,10,425,38,2,40,465
05/26/2022,OGG,HI,AWP,WE,Towers with Radar,170,9,8,0,187,0,204,31,4,239,170,213,39,4,426,16,0,16,442
05/27/2022,OGG,HI,AWP,WE,Towers with Radar,175,17,4,0,196,0,190,33,0,223,175,207,37,0,419,2,0,2,421
05/28/2022,OGG,HI,AWP,WE,Towers with Radar,173,15,4,0,192,0,150,19,0,169,173,165,23,0,361,6,0,6,367
05/29/2022,OGG,HI,AWP,WE,Towers with Radar,164,8,10,0,182,0,149,20,0,169,164,157,30,0,351,26,0,26,377
05/30/2022,OGG,HI,AWP,WE,Towers with Radar,172,7,8,1,188,0,192,26,2,220,172,199,34,3,408,28,4,32,440
05/31/2022,OGG,HI,AWP,WE,Towers with Radar,181,8,11,2,202,0,198,23,2,223,181,206,34,4,425,8,0,8,433
06/01/2022,OGG,HI,AWP,WE,Towers with Radar,165,13,10,0,188,0,199,23,2,224,165,212,33,2,412,36,0,36,448
06/02/2022,OGG,HI,AWP,WE,Towers with Radar,167,20,8,4,199,0,126,34,6,166,167,146,42,10,365,50,0,50,415
06/03/2022,OGG,HI,AWP,WE,Towers with Radar,171,12,16,2,201,0,218,31,1,250,171,230,47,3,451,20,0,20,471
06/04/2022,OGG,HI,AWP,WE,Towers with Radar,170,11,6,3,190,0,176,24,1,201,170,187,30,4,391,10,0,10,401
06/05/2022,OGG,HI,AWP,WE,Towers with Radar,176,12,6,1,195,0,145,34,0,179,176,157,40,1,374,56,0,56,430
06/06/2022,OGG,HI,AWP,WE,Towers with Radar,169,4,4,7,184,0,203,36,1,240,169,207,40,8,424,41,0,41,465
06/07/2022,OGG,HI,AWP,WE,Towers with Radar,180,12,3,1,196,0,227,21,3,251,180,239,24,4,447,8,0,8,455
06/08/2022,OGG,HI,AWP,WE,Towers with Radar,188,10,3,0,201,0,227,27,1,255,188,237,30,1,456,28,0,28,484
06/09/2022,OGG,HI,AWP,WE,Towers with Radar,181,21,6,1,209,0,205,37,3,245,181,226,43,4,454,16,0,16,470
06/10/2022,OGG,HI,AWP,WE,Towers with Radar,182,10,8,2,202,0,175,33,4,212,182,185,41,6,414,6,0,6,420
06/11/2022,OGG,HI,AWP,WE,Towers with Radar,170,3,9,1,183,0,171,30,3,204,170,174,39,4,387,4,0,4,391
06/12/2022,OGG,HI,AWP,WE,Towers with Radar,183,10,9,0,202,0,155,24,0,179,183,165,33,0,381,27,6,33,414
06/13/2022,OGG,HI,AWP,WE,Towers with Radar,176,11,8,0,195,0,205,34,2,241,176,216,42,2,436,4,0,4,440
06/14/2022,OGG,HI,AWP,WE,Towers with Radar,175,10,2,3,190,0,151,32,5,188,175,161,34,8,378,26,0,26,404
06/15/2022,OGG,HI,AWP,WE,Towers with Radar,183,20,6,1,210,0,121,17,3,141,183,141,23,4,351,6,0,6,357
06/16/2022,OGG,HI,AWP,WE,Towers with Radar,176,20,12,0,208,0,201,29,0,230,176,221,41,0,438,42,0,42,480
06/17/2022,OGG,HI,AWP,WE,Towers with Radar,172,8,6,0,186,0,211,31,0,242,172,219,37,0,428,4,0,4,432
06/18/2022,OGG,HI,AWP,WE,Towers with Radar,186,9,7,0,202,0,195,26,1,222,186,204,33,1,424,18,2,20,444
06/19/2022,OGG,HI,AWP,WE,Towers with Radar,175,9,9,0,193,0,156,34,0,190,175,165,43,0,383,2,0,2,385
06/20/2022,OGG,HI,AWP,WE,Towers with Radar,169,15,9,0,193,0,180,31,0,211,169,195,40,0,404,10,0,10,414
06/21/2022,OGG,HI,AWP,WE,Towers with Radar,174,8,3,2,187,0,198,25,4,227,174,206,28,6,414,9,0,9,423
06/22/2022,OGG,HI,AWP,WE,Towers with Radar,177,12,13,2,204,0,187,30,2,219,177,199,43,4,423,14,0,14,437
06/23/2022,OGG,HI,AWP,WE,Towers with Radar,177,16,5,4,202,0,218,37,4,259,177,234,42,8,461,4,4,8,469
06/24/2022,OGG,HI,AWP,WE,Towers with Radar,177,11,8,1,197,0,179,31,1,211,177,190,39,2,408,6,0,6,414
06/25/2022,OGG,HI,AWP,WE,Towers with Radar,175,12,7,0,194,0,177,29,0,206,175,189,36,0,400,4,0,4,404
06/26/2022,OGG,HI,AWP,WE,Towers with Radar,168,12,10,1,191,0,164,41,0,205,168,176,51,1,396,20,0,20,416
06/27/2022,OGG,HI,AWP,WE,Towers with Radar,162,9,7,0,178,0,199,33,0,232,162,208,40,0,410,14,0,14,424
06/28/2022,OGG,HI,AWP,WE,Towers with Radar,179,6,10,0,195,0,205,44,3,252,179,211,54,3,447,20,0,20,467
06/29/2022,OGG,HI,AWP,WE,Towers with Radar,182,14,8,5,209,0,204,46,1,251,182,218,54,6,460,22,0,22,482
06/30/2022,OGG,HI,AWP,WE,Towers with Radar,188,10,6,0,204,0,174,29,2,205,188,184,35,2,409,22,0,22,431
07/01/2022,OGG,HI,AWP,WE,Towers with Radar,170,9,9,3,191,0,190,25,1,216,170,199,34,4,407,2,0,2,409
07/02/2022,OGG,HI,AWP,WE,Towers with Radar,189,10,6,1,206,0,174,20,1,195,189,184,26,2,401,0,0,0,401
07/03/2022,OGG,HI,AWP,WE,Towers with Radar,179,15,3,0,197,0,134,18,0,152,179,149,21,0,349,0,0,0,349
07/04/2022,OGG,HI,AWP,WE,Towers with Radar,175,16,1,0,192,0,178,23,1,202,175,194,24,1,394,8,0,8,402
07/05/2022,OGG,HI,AWP,WE,Towers with Radar,179,15,8,4,206,0,177,26,0,203,179,192,34,4,409,48,0,48,457
07/06/2022,OGG,HI,AWP,WE,Towers with Radar,182,11,12,0,205,0,182,23,0,205,182,193,35,0,410,14,0,14,424
07/07/2022,OGG,HI,AWP,WE,Towers with Radar,182,8,9,1,200,0,196,33,0,229,182,204,42,1,429,76,0,76,505
07/08/2022,OGG,HI,AWP,WE,Towers with Radar,185,15,5,0,205,0,196,24,0,220,185,211,29,0,425,8,0,8,433
07/09/2022,OGG,HI,AWP,WE,Towers with Radar,186,9,6,5,206,0,182,25,0,207,186,191,31,5,413,32,0,32,445
07/10/2022,OGG,HI,AWP,WE,Towers with Radar,184,10,8,5,207,0,159,24,1,184,184,169,32,6,391,20,0,20,411
07/11/2022,OGG,HI,AWP,WE,Towers with Radar,188,17,6,0,211,0,212,26,0,238,188,229,32,0,449,36,0,36,485
07/12/2022,OGG,HI,AWP,WE,Towers with Radar,184,9,2,2,197,0,166,30,4,200,184,175,32,6,397,21,0,21,418
07/13/2022,OGG,HI,AWP,WE,Towers with Radar,181,19,8,0,208,0,149,28,2,179,181,168,36,2,387,22,0,22,409
07/14/2022,OGG,HI,AWP,WE,Towers with Radar,184,11,3,1,199,0,222,14,11,247,184,233,17,12,446,46,0,46,492
07/15/2022,OGG,HI,AWP,WE,Towers with Radar,181,8,8,0,197,0,191,25,0,216,181,199,33,0,413,2,0,2,415
07/16/2022,OGG,HI,AWP,WE,Towers with Radar,177,22,5,0,204,0,148,16,0,164,177,170,21,0,368,4,0,4,372
07/17/2022,OGG,HI,AWP,WE,Towers with Radar,184,11,3,0,198,0,149,20,0,169,184,160,23,0,367,24,0,24,391
07/18/2022,OGG,HI,AWP,WE,Towers with Radar,184,9,3,7,203,0,193,29,5,227,184,202,32,12,430,26,0,26,456
07/19/2022,OGG,HI,AWP,WE,Towers with Radar,188,10,4,3,205,0,180,31,1,212,188,190,35,4,417,12,0,12,429
07/20/2022,OGG,HI,AWP,WE,Towers with Radar,181,11,5,2,199,0,211,32,5,248,181,222,37,7,447,36,0,36,483
07/21/2022,OGG,HI,AWP,WE,Towers with Radar,180,14,7,1,202,0,169,29,1,199,180,183,36,2,401,36,0,36,437
07/22/2022,OGG,HI,AWP,WE,Towers with Radar,191,8,4,0,203,0,198,31,0,229,191,206,35,0,432,18,0,18,450
07/23/2022,OGG,HI,AWP,WE,Towers with Radar,187,10,12,0,209,0,189,30,2,221,187,199,42,2,430,20,0,20,450
07/24/2022,OGG,HI,AWP,WE,Towers with Radar,176,7,8,1,192,0,171,31,0,202,176,178,39,1,394,36,0,36,430
07/25/2022,OGG,HI,AWP,WE,Towers with Radar,179,14,8,2,203,0,181,41,2,224,179,195,49,4,427,28,0,28,455
07/26/2022,OGG,HI,AWP,WE,Towers with Radar,182,10,7,1,200,0,169,20,3,192,182,179,27,4,392,24,0,24,416
07/27/2022,OGG,HI,AWP,WE,Towers with Radar,186,4,6,2,198,17,199,28,0,244,203,203,34,2,442,48,0,48,490
07/28/2022,OGG,HI,AWP,WE,Towers with Radar,175,10,2,6,193,0,218,47,0,265,175,228,49,6,458,52,0,52,510
07/29/2022,OGG,HI,AWP,WE,Towers with Radar,185,6,6,0,197,0,191,25,4,220,185,197,31,4,417,36,0,36,453
07/30/2022,OGG,HI,AWP,WE,Towers with Radar,186,10,5,0,201,0,172,24,0,196,186,182,29,0,397,16,0,16,413
07/31/2022,OGG,HI,AWP,WE,Towers with Radar,182,14,13,0,209,0,163,36,0,199,182,177,49,0,408,32,0,32,440
08/01/2022,OGG,HI,AWP,WE,Towers with Radar,182,16,2,2,202,0,173,28,2,203,182,189,30,4,405,16,0,16,421
08/02/2022,OGG,HI,AWP,WE,Towers with Radar,177,21,9,4,211,0,182,38,4,224,177,203,47,8,435,40,0,40,475
08/03/2022,OGG,HI,AWP,WE,Towers with Radar,181,12,5,4,202,0,198,30,2,230,181,210,35,6,432,38,0,38,470
08/04/2022,OGG,HI,AWP,WE,Towers with Radar,181,8,7,0,196,0,190,36,0,226,181,198,43,0,422,32,0,32,454
08/05/2022,OGG,HI,AWP,WE,Towers with Radar,187,6,10,5,208,0,186,39,1,226,187,192,49,6,434,18,0,18,452
08/06/2022,OGG,HI,AWP,WE,Towers with Radar,188,7,7,2,204,0,165,24,0,189,188,172,31,2,393,8,0,8,401
08/07/2022,OGG,HI,AWP,WE,Towers with Radar,176,4,6,2,188,0,126,40,0,166,176,130,46,2,354,6,0,6,360
08/08/2022,OGG,HI,AWP,WE,Towers with Radar,168,10,7,3,188,0,201,30,1,232,168,211,37,4,420,8,0,8,428
08/09/2022,OGG,HI,AWP,WE,Towers with Radar,181,4,11,0,196,0,183,27,3,213,181,187,38,3,409,6,0,6,415
08/10/2022,OGG,HI,AWP,WE,Towers with Radar,182,19,5,1,207,0,183,21,4,208,182,202,26,5,415,6,0,6,421
08/11/2022,OGG,HI,AWP,WE,Towers with Radar,172,9,11,0,192,0,193,32,8,233,172,202,43,8,425,8,0,8,433
08/12/2022,OGG,HI,AWP,WE,Towers with Radar,171,8,7,0,186,0,193,24,3,220,171,201,31,3,406,12,0,12,418
08/13/2022,OGG,HI,AWP,WE,Towers with Radar,174,7,7,0,188,0,166,28,1,195,174,173,35,1,383,48,0,48,431
08/14/2022,OGG,HI,AWP,WE,Towers with Radar,190,13,3,0,206,0,155,35,0,190,190,168,38,0,396,4,0,4,400
08/15/2022,OGG,HI,AWP,WE,Towers with Radar,172,16,12,3,203,0,212,37,1,250,172,228,49,4,453,24,0,24,477
08/16/2022,OGG,HI,AWP,WE,Towers with Radar,170,10,7,3,190,0,165,37,5,207,170,175,44,8,397,18,0,18,415
08/17/2022,OGG,HI,AWP,WE,Towers with Radar,172,9,5,4,190,0,176,40,4,220,172,185,45,8,410,10,0,10,420
08/18/2022,OGG,HI,AWP,WE,Towers with Radar,175,9,3,4,191,0,176,29,6,211,175,185,32,10,402,4,0,4,406
08/19/2022,OGG,HI,AWP,WE,Towers with Radar,168,7,2,0,177,0,170,26,2,198,168,177,28,2,375,8,0,8,383
08/20/2022,OGG,HI,AWP,WE,Towers with Radar,168,7,3,1,179,0,159,26,0,185,168,166,29,1,364,14,0,14,378
08/21/2022,OGG,HI,AWP,WE,Towers with Radar,160,9,3,0,172,0,147,36,0,183,160,156,39,0,355,38,0,38,393
08/22/2022,OGG,HI,AWP,WE,Towers with Radar,169,31,3,3,206,0,168,28,0,196,169,199,31,3,402,4,0,4,406
08/23/2022,OGG,HI,AWP,WE,Towers with Radar,171,22,8,4,205,0,147,15,0,162,171,169,23,4,367,28,0,28,395
08/24/2022,OGG,HI,AWP,WE,Towers with Radar,168,5,7,9,189,0,180,25,5,210,168,185,32,14,399,20,0,20,419
08/25/2022,OGG,HI,AWP,WE,Towers with Radar,171,13,10,1,195,0,189,38,3,230,171,202,48,4,425,10,0,10,435
08/26/2022,OGG,HI,AWP,WE,Towers with Radar,173,15,4,0,192,0,172,29,2,203,173,187,33,2,395,0,0,0,395
08/27/2022,OGG,HI,AWP,WE,Towers with Radar,170,7,6,0,183,0,165,30,4,199,170,172,36,4,382,14,0,14,396
08/28/2022,OGG,HI,AWP,WE,Towers with Radar,170,10,3,0,183,0,153,38,3,194,170,163,41,3,377,10,0,10,387
08/29/2022,OGG,HI,AWP,WE,Towers with Radar,175,14,6,2,197,0,175,41,1,217,175,189,47,3,414,4,0,4,418
08/30/2022,OGG,HI,AWP,WE,Towers with Radar,160,7,4,7,178,0,149,31,5,185,160,156,35,12,363,36,0,36,399
08/31/2022,OGG,HI,AWP,WE,Towers with Radar,162,8,10,5,185,0,176,38,1,215,162,184,48,6,400,26,0,26,426
09/01/2022,OGG,HI,AWP,WE,Towers with Radar,170,14,11,2,197,0,181,25,0,206,170,195,36,2,403,24,0,24,427
09/02/2022,OGG,HI,AWP,WE,Towers with Radar,171,17,7,0,195,0,179,27,0,206,171,196,34,0,401,2,0,2,403
09/03/2022,OGG,HI,AWP,WE,Towers with Radar,181,17,9,0,207,0,113,22,0,135,181,130,31,0,342,12,0,12,354
09/04/2022,OGG,HI,AWP,WE,Towers with Radar,173,13,2,8,196,0,162,28,0,190,173,175,30,8,386,0,0,0,386
09/05/2022,OGG,HI,AWP,WE,Towers with Radar,158,15,10,5,188,0,165,25,1,191,158,180,35,6,379,22,0,22,401
09/06/2022,OGG,HI,AWP,WE,Towers with Radar,151,13,7,1,172,0,181,32,1,214,151,194,39,2,386,16,0,16,402
09/07/2022,OGG,HI,AWP,WE,Towers with Radar,153,12,6,1,172,0,160,24,2,186,153,172,30,3,358,60,0,60,418
09/08/2022,OGG,HI,AWP,WE,Towers with Radar,157,7,9,5,178,0,172,41,2,215,157,179,50,7,393,42,0,42,435
09/09/2022,OGG,HI,AWP,WE,Towers with Radar,167,19,7,2,195,0,142,45,0,187,167,161,52,2,382,10,0,10,392
09/10/2022,OGG,HI,AWP,WE,Towers with Radar,161,6,3,1,171,0,152,28,1,181,161,158,31,2,352,12,0,12,364
09/11/2022,OGG,HI,AWP,WE,Towers with Radar,159,6,6,1,172,0,153,32,2,187,159,159,38,3,359,64,0,64,423
09/12/2022,OGG,HI,AWP,WE,Towers with Radar,169,15,1,2,187,0,171,31,0,202,169,186,32,2,389,14,0,14,403
09/13/2022,OGG,HI,AWP,WE,Towers with Radar,158,11,0,4,173,0,120,26,2,148,158,131,26,6,321,34,0,34,355
09/14/2022,OGG,HI,AWP,WE,Towers with Radar,166,7,6,6,185,0,163,40,2,205,166,170,46,8,390,6,0,6,396
09/15/2022,OGG,HI,AWP,WE,Towers with Radar,153,10,10,0,173,0,157,24,2,183,153,167,34,2,356,2,0,2,358
09/16/2022,OGG,HI,AWP,WE,Towers with Radar,164,16,1,0,181,0,178,33,0,211,164,194,34,0,392,26,0,26,418
09/17/2022,OGG,HI,AWP,WE,Towers with Radar,171,11,2,0,184,0,153,35,0,188,171,164,37,0,372,26,0,26,398
09/18/2022,OGG,HI,AWP,WE,Towers with Radar,169,12,6,0,187,0,146,34,6,186,169,158,40,6,373,18,0,18,391
09/19/2022,OGG,HI,AWP,WE,Towers with Radar,169,11,6,3,189,0,170,22,1,193,169,181,28,4,382,44,0,44,426
09/20/2022,OGG,HI,AWP,WE,Towers with Radar,156,7,4,4,171,0,153,28,0,181,156,160,32,4,352,8,0,8,360
09/21/2022,OGG,HI,AWP,WE,Towers with Radar,162,18,5,4,189,0,169,28,1,198,162,187,33,5,387,32,0,32,419
09/22/2022,OGG,HI,AWP,WE,Towers with Radar,160,16,3,1,180,0,162,24,0,186,160,178,27,1,366,4,0,4,370
09/23/2022,OGG,HI,AWP,WE,Towers with Radar,164,7,5,0,176,0,195,39,0,234,164,202,44,0,410,4,0,4,414
09/24/2022,OGG,HI,AWP,WE,Towers with Radar,170,13,7,0,190,0,149,26,1,176,170,162,33,1,366,52,0,52,418
09/25/2022,OGG,HI,AWP,WE,Towers with Radar,161,9,7,0,177,0,147,45,0,192,161,156,52,0,369,20,0,20,389
09/26/2022,OGG,HI,AWP,WE,Towers with Radar,161,12,11,0,184,0,168,30,1,199,161,180,41,1,383,26,0,26,409
09/27/2022,OGG,HI,AWP,WE,Towers with Radar,162,10,2,0,174,1,166,27,2,196,163,176,29,2,370,32,0,32,402
09/28/2022,OGG,HI,AWP,WE,Towers with Radar,160,7,4,1,172,0,166,24,1,191,160,173,28,2,363,26,0,26,389
09/29/2022,OGG,HI,AWP,WE,Towers with Radar,158,15,3,1,177,0,124,25,2,151,158,139,28,3,328,36,0,36,364
09/30/2022,OGG,HI,AWP,WE,Towers with Radar,167,7,2,1,177,0,173,42,1,216,167,180,44,2,393,12,0,12,405
10/01/2022,OGG,HI,AWP,WE,Towers with Radar,162,10,3,4,179,0,145,29,0,174,162,155,32,4,353,38,0,38,391
10/02/2022,OGG,HI,AWP,WE,Towers with Radar,159,23,1,2,185,0,80,16,0,96,159,103,17,2,281,14,0,14,295
10/03/2022,OGG,HI,AWP,WE,Towers with Radar,156,32,7,2,197,0,43,13,0,56,156,75,20,2,253,0,0,0,253
10/04/2022,OGG,HI,AWP,WE,Towers with Radar,160,22,6,10,198,0,146,28,8,182,160,168,34,18,380,39,0,39,419
10/05/2022,OGG,HI,AWP,WE,Towers with Radar,154,19,4,2,179,0,200,25,2,227,154,219,29,4,406,36,0,36,442
10/06/2022,OGG,HI,AWP,WE,Towers with Radar,152,10,6,2,170,0,170,46,1,217,152,180,52,3,387,30,0,30,417
10/07/2022,OGG,HI,AWP,WE,Towers with Radar,154,24,9,0,187,0,167,33,0,200,154,191,42,0,387,8,0,8,395
10/08/2022,OGG,HI,AWP,WE,Towers with Radar,169,15,2,0,186,0,136,19,0,155,169,151,21,0,341,14,0,14,355
10/09/2022,OGG,HI,AWP,WE,Towers with Radar,159,16,3,0,178,0,140,21,0,161,159,156,24,0,339,24,0,24,363
10/10/2022,OGG,HI,AWP,WE,Towers with Radar,160,16,2,2,180,0,165,18,0,183,160,181,20,2,363,25,0,25,388
10/11/2022,OGG,HI,AWP,WE,Towers with Radar,170,14,9,6,199,0,176,25,0,201,170,190,34,6,400,24,0,24,424
10/12/2022,OGG,HI,AWP,WE,Towers with Radar,158,19,7,1,185,0,178,33,0,211,158,197,40,1,396,24,0,24,420
10/13/2022,OGG,HI,AWP,WE,Towers with Radar,154,15,4,0,173,0,162,31,6,199,154,177,35,6,372,18,0,18,390
10/14/2022,OGG,HI,AWP,WE,Towers with Radar,163,19,5,0,187,0,183,40,2,225,163,202,45,2,412,24,0,24,436
10/15/2022,OGG,HI,AWP,WE,Towers with Radar,163,15,3,1,182,0,143,20,5,168,163,158,23,6,350,46,0,46,396
10/16/2022,OGG,HI,AWP,WE,Towers with Radar,156,11,3,1,171,0,121,24,2,147,156,132,27,3,318,34,0,34,352
10/17/2022,OGG,HI,AWP,WE,Towers with Radar,149,18,6,6,179,0,178,31,0,209,149,196,37,6,388,30,0,30,418
10/18/2022,OGG,HI,AWP,WE,Towers with Radar,152,16,7,3,178,0,157,21,1,179,152,173,28,4,357,52,0,52,409
10/19/2022,OGG,HI,AWP,WE,Towers with Radar,163,14,9,5,191,0,181,34,2,217,163,195,43,7,408,14,0,14,422
10/20/2022,OGG,HI,AWP,WE,Towers with Radar,150,28,7,0,185,0,158,31,0,189,150,186,38,0,374,10,0,10,384
10/21/2022,OGG,HI,AWP,WE,Towers with Radar,166,17,4,5,192,0,164,35,2,201,166,181,39,7,393,20,0,20,413
10/22/2022,OGG,HI,AWP,WE,Towers with Radar,161,17,8,0,186,0,143,29,0,172,161,160,37,0,358,32,0,32,390
10/23/2022,OGG,HI,AWP,WE,Towers with Radar,158,12,4,0,174,0,133,22,0,155,158,145,26,0,329,2,0,2,331
10/24/2022,OGG,HI,AWP,WE,Towers with Radar,176,14,4,0,194,0,174,20,1,195,176,188,24,1,389,10,0,10,399
10/25/2022,OGG,HI,AWP,WE,Towers with Radar,163,13,7,2,185,0,168,31,7,206,163,181,38,9,391,6,0,6,397
10/26/2022,OGG,HI,AWP,WE,Towers with Radar,157,19,4,0,180,0,118,20,1,139,157,137,24,1,319,12,0,12,331
10/27/2022,OGG,HI,AWP,WE,Towers with Radar,149,14,2,0,165,0,158,23,7,188,149,172,25,7,353,12,0,12,365
10/28/2022,OGG,HI,AWP,WE,Towers with Radar,148,17,8,1,174,0,165,39,2,206,148,182,47,3,380,22,0,22,402
10/29/2022,OGG,HI,AWP,WE,Towers with Radar,169,15,6,4,194,0,139,23,0,162,169,154,29,4,356,38,0,38,394
10/30/2022,OGG,HI,AWP,WE,Towers with Radar,157,17,5,0,179,0,114,24,0,138,157,131,29,0,317,28,0,28,345
10/31/2022,OGG,HI,AWP,WE,Towers with Radar,147,12,8,3,170,0,142,28,3,173,147,154,36,6,343,10,0,10,353
11/01/2022,OGG,HI,AWP,WE,Towers with Radar,152,12,11,3,178,0,138,19,3,160,152,150,30,6,338,4,0,4,342
11/02/2022,OGG,HI,AWP,WE,Towers with Radar,160,14,4,4,182,0,160,26,2,188,160,174,30,6,370,72,0,72,442
11/03/2022,OGG,HI,AWP,WE,Towers with Radar,147,15,5,0,167,0,144,15,4,163,147,159,20,4,330,18,0,18,348
11/04/2022,OGG,HI,AWP,WE,Towers with Radar,162,16,5,3,186,0,149,25,1,175,162,165,30,4,361,60,2,62,423
11/05/2022,OGG,HI,AWP,WE,Towers with Radar,169,8,7,2,186,0,125,18,2,145,169,133,25,4,331,28,0,28,359
11/06/2022,OGG,HI,AWP,WE,Towers with Radar,150,16,6,6,178,0,112,35,0,147,150,128,41,6,325,26,0,26,351
11/07/2022,OGG,HI,AWP,WE,Towers with Radar,165,17,4,1,187,0,166,29,7,202,165,183,33,8,389,8,0,8,397
11/08/2022,OGG,HI,AWP,WE,Towers with Radar,172,17,7,1,197,0,142,32,1,175,172,159,39,2,372,40,0,40,412
11/09/2022,OGG,HI,AWP,WE,Towers with Radar,155,17,3,1,176,0,161,29,1,191,155,178,32,2,367,56,0,56,423
11/10/2022,OGG,HI,AWP,WE,Towers with Radar,160,18,10,1,189,0,148,42,1,191,160,166,52,2,380,24,0,24,404
11/11/2022,OGG,HI,AWP,WE,Towers with Radar,174,13,9,0,196,0,148,22,0,170,174,161,31,0,366,36,0,36,402
11/12/2022,OGG,HI,AWP,WE,Towers with Radar,157,28,8,0,193,0,115,18,0,133,157,143,26,0,326,34,0,34,360
11/13/2022,OGG,HI,AWP,WE,Towers with Radar,169,10,9,0,188,0,136,23,1,160,169,146,32,1,348,28,0,28,376
11/14/2022,OGG,HI,AWP,WE,Towers with Radar,180,17,3,0,200,0,158,29,2,189,180,175,32,2,389,12,0,12,401
11/15/2022,OGG,HI,AWP,WE,Towers with Radar,155,15,11,2,183,0,141,21,1,163,155,156,32,3,346,22,0,22,368
11/16/2022,OGG,HI,AWP,WE,Towers with Radar,180,16,11,0,207,0,166,45,0,211,180,182,56,0,418,26,0,26,444
11/17/2022,OGG,HI,AWP,WE,Towers with Radar,172,16,3,1,192,0,165,29,1,195,172,181,32,2,387,14,0,14,401
11/18/2022,OGG,HI,AWP,WE,Towers with Radar,180,24,8,0,212,0,164,24,0,188,180,188,32,0,400,14,0,14,414
11/19/2022,OGG,HI,AWP,WE,Towers with Radar,187,28,16,0,231,0,125,30,3,158,187,153,46,3,389,18,1,19,408
11/20/2022,OGG,HI,AWP,WE,Towers with Radar,167,16,12,0,195,0,131,19,0,150,167,147,31,0,345,4,0,4,349
11/21/2022,OGG,HI,AWP,WE,Towers with Radar,173,14,4,0,191,0,165,33,0,198,173,179,37,0,389,26,0,26,415
11/22/2022,OGG,HI,AWP,WE,Towers with Radar,222,13,8,4,247,0,166,25,6,197,222,179,33,10,444,14,0,14,458
11/23/2022,OGG,HI,AWP,WE,Towers with Radar,185,19,11,0,215,0,172,35,0,207,185,191,46,0,422,34,0,34,456
11/24/2022,OGG,HI,AWP,WE,Towers with Radar,177,32,4,0,213,0,24,2,0,26,177,56,6,0,239,2,0,2,241
11/25/2022,OGG,HI,AWP,WE,Towers with Radar,176,19,17,0,212,0,171,15,0,186,176,190,32,0,398,48,0,48,446
11/26/2022,OGG,HI,AWP,WE,Towers with Radar,185,24,23,0,232,0,147,24,0,171,185,171,47,0,403,22,0,22,425
11/27/2022,OGG,HI,AWP,WE,Towers with Radar,174,18,10,0,202,0,114,23,0,137,174,132,33,0,339,54,0,54,393
11/28/2022,OGG,HI,AWP,WE,Towers with Radar,175,39,10,0,224,0,99,5,2,106,175,138,15,2,330,30,0,30,360
11/29/2022,OGG,HI,AWP,WE,Towers with Radar,176,9,8,8,201,0,146,29,4,179,176,155,37,12,380,62,0,62,442
11/30/2022,OGG,HI,AWP,WE,Towers with Radar,180,13,9,10,212,0,125,27,0,152,180,138,36,10,364,28,0,28,392
12/01/2022,OGG,HI,AWP,WE,Towers with Radar,169,11,6,0,186,0,148,26,0,174,169,159,32,0,360,34,0,34,394
12/02/2022,OGG,HI,AWP,WE,Towers with Radar,182,26,4,0,212,0,121,26,1,148,182,147,30,1,360,70,0,70,430
12/03/2022,OGG,HI,AWP,WE,Towers with Radar,184,17,8,0,209,0,138,45,1,184,184,155,53,1,393,76,0,76,469
12/04/2022,OGG,HI,AWP,WE,Towers with Radar,169,6,12,0,187,0,126,34,0,160,169,132,46,0,347,14,0,14,361
12/05/2022,OGG,HI,AWP,WE,Towers with Radar,168,17,3,3,191,0,156,32,1,189,168,173,35,4,380,32,0,32,412
12/06/2022,OGG,HI,AWP,WE,Towers with Radar,183,18,4,5,210,0,119,25,1,145,183,137,29,6,355,20,0,20,375
12/07/2022,OGG,HI,AWP,WE,Towers with Radar,182,19,8,4,213,0,143,25,0,168,182,162,33,4,381,22,0,22,403
12/08/2022,OGG,HI,AWP,WE,Towers with Radar,176,15,7,0,198,0,161,20,6,187,176,176,27,6,385,4,0,4,389
12/09/2022,OGG,HI,AWP,WE,Towers with Radar,184,11,3,1,199,0,149,21,4,174,184,160,24,5,373,6,0,6,379
12/10/2022,OGG,HI,AWP,WE,Towers with Radar,167,9,8,1,185,0,135,24,1,160,167,144,32,2,345,38,0,38,383
12/11/2022,OGG,HI,AWP,WE,Towers with Radar,164,10,2,0,176,0,122,17,0,139,164,132,19,0,315,0,0,0,315
12/12/2022,OGG,HI,AWP,WE,Towers with Radar,174,27,7,0,208,0,121,20,0,141,174,148,27,0,349,28,0,28,377
12/13/2022,OGG,HI,AWP,WE,Towers with Radar,159,20,3,2,184,0,140,20,8,168,159,160,23,10,352,70,2,72,424
12/14/2022,OGG,HI,AWP,WE,Towers with Radar,175,12,13,1,201,6,167,41,8,222,181,179,54,9,423,58,6,64,487
12/15/2022,OGG,HI,AWP,WE,Towers with Radar,186,18,12,1,217,0,150,46,4,200,186,168,58,5,417,28,0,28,445
12/16/2022,OGG,HI,AWP,WE,Towers with Radar,184,24,11,0,219,1,136,27,14,178,185,160,38,14,397,46,0,46,443
12/17/2022,OGG,HI,AWP,WE,Towers with Radar,190,60,9,0,259,0,107,32,1,140,190,167,41,1,399,24,0,24,423
12/18/2022,OGG,HI,AWP,WE,Towers with Radar,174,18,5,0,197,0,13,0,0,13,174,31,5,0,210,20,0,20,230
12/19/2022,OGG,HI,AWP,WE,Towers with Radar,163,33,6,0,202,0,22,0,1,23,163,55,6,1,225,0,0,0,225
12/20/2022,OGG,HI,AWP,WE,Towers with Radar,170,39,8,2,219,0,121,10,0,131,170,160,18,2,350,2,0,2,352
12/21/2022,OGG,HI,AWP,WE,Towers with Radar,186,72,11,0,269,0,169,42,3,214,186,241,53,3,483,22,0,22,505
12/22/2022,OGG,HI,AWP,WE,Towers with Radar,174,13,10,0,197,0,222,39,0,261,174,235,49,0,458,20,0,20,478
12/23/2022,OGG,HI,AWP,WE,Towers with Radar,165,13,9,0,187,0,198,34,0,232,165,211,43,0,419,2,0,2,421
12/24/2022,OGG,HI,AWP,WE,Towers with Radar,160,7,10,0,177,0,175,26,0,201,160,182,36,0,378,10,0,10,388
12/25/2022,OGG,HI,AWP,WE,Towers with Radar,160,6,16,0,182,0,80,12,0,92,160,86,28,0,274,4,0,4,278
12/26/2022,OGG,HI,AWP,WE,Towers with Radar,170,19,15,3,207,0,201,36,0,237,170,220,51,3,444,26,0,26,470
12/27/2022,OGG,HI,AWP,WE,Towers with Radar,183,24,14,5,226,0,220,55,2,277,183,244,69,7,503,34,0,34,537
12/28/2022,OGG,HI,AWP,WE,Towers with Radar,190,53,19,2,264,0,195,43,3,241,190,248,62,5,505,44,0,44,549
12/29/2022,OGG,HI,AWP,WE,Towers with Radar,193,23,10,0,226,0,229,37,0,266,193,252,47,0,492,46,0,46,538
12/30/2022,OGG,HI,AWP,WE,Towers with Radar,204,15,9,0,228,0,228,24,0,252,204,243,33,0,480,24,0,24,504
12/31/2022,OGG,HI,AWP,WE,Towers with Radar,198,8,10,0,216,0,208,15,0,223,198,216,25,0,439,10,0,10,449
01/01/2023,OGG,HI,AWP,WE,Towers with Radar,175,13,20,0,208,0,157,11,0,168,175,170,31,0,376,2,0,2,378
01/02/2023,OGG,HI,AWP,WE,Towers with Radar,186,32,30,0,248,0,178,29,0,207,186,210,59,0,455,42,0,42,497
01/03/2023,OGG,HI,AWP,WE,Towers with Radar,181,20,27,0,228,0,155,43,0,198,181,175,70,0,426,60,0,60,486
01/04/2023,OGG,HI,AWP,WE,Towers with Radar,195,36,13,0,244,0,109,27,0,136,195,145,40,0,380,14,0,14,394
01/05/2023,OGG,HI,AWP,WE,Towers with Radar,171,12,13,2,198,0,178,31,5,214,171,190,44,7,412,26,0,26,438
01/06/2023,OGG,HI,AWP,WE,Towers with Radar,181,13,14,0,208,0,191,25,2,218,181,204,39,2,426,46,0,46,472
01/07/2023,OGG,HI,AWP,WE,Towers with Radar,174,10,22,3,209,0,139,25,2,166,174,149,47,5,375,50,0,50,425
01/08/2023,OGG,HI,AWP,WE,Towers with Radar,169,18,12,4,203,0,139,29,0,168,169,157,41,4,371,26,0,26,397
01/09/2023,OGG,HI,AWP,WE,Towers with Radar,180,17,8,0,205,0,184,35,0,219,180,201,43,0,424,44,0,44,468
01/10/2023,OGG,HI,AWP,WE,Towers with Radar,150,26,11,0,187,0,168,42,3,213,150,194,53,3,400,44,0,44,444
01/11/2023,OGG,HI,AWP,WE,Towers with Radar,153,36,15,1,205,0,156,31,2,189,153,192,46,3,394,54,0,54,448
01/12/2023,OGG,HI,AWP,WE,Towers with Radar,166,16,8,0,190,0,165,27,4,196,166,181,35,4,386,56,0,56,442
01/13/2023,OGG,HI,AWP,WE,Towers with Radar,179,24,13,0,216,0,112,36,0,148,179,136,49,0,364,64,0,64,428
01/14/2023,OGG,HI,AWP,WE,Towers with Radar,180,36,10,4,230,0,111,40,0,151,180,147,50,4,381,22,0,22,403
01/15/2023,OGG,HI,AWP,WE,Towers with Radar,173,32,6,6,217,0,106,36,0,142,173,138,42,6,359,14,0,14,373
01/16/2023,OGG,HI,AWP,WE,Towers with Radar,174,35,6,0,215,0,139,25,0,164,174,174,31,0,379,82,0,82,461
01/17/2023,OGG,HI,AWP,WE,Towers with Radar,162,28,12,1,203,0,152,40,1,193,162,180,52,2,396,44,0,44,440
01/18/2023,OGG,HI,AWP,WE,Towers with Radar,161,10,8,3,182,0,150,49,5,204,161,160,57,8,386,70,0,70,456
01/19/2023,OGG,HI,AWP,WE,Towers with Radar,185,23,3,1,212,0,168,25,1,194,185,191,28,2,406,62,0,62,468
01/20/2023,OGG,HI,AWP,WE,Towers with Radar,179,24,7,3,213,0,145,49,2,196,179,169,56,5,409,32,0,32,441
01/21/2023,OGG,HI,AWP,WE,Towers with Radar,175,28,5,1,209,0,89,27,3,119,175,117,32,4,328,48,0,48,376
01/22/2023,OGG,HI,AWP,WE,Towers with Radar,161,18,20,5,204,0,104,25,5,134,161,122,45,10,338,2,0,2,340
01/23/2023,OGG,HI,AWP,WE,Towers with Radar,181,11,6,4,202,0,169,35,2,206,181,180,41,6,408,34,0,34,442
01/24/2023,OGG,HI,AWP,WE,Towers with Radar,164,19,8,0,191,0,161,24,2,187,164,180,32,2,378,38,0,38,416
01/25/2023,OGG,HI,AWP,WE,Towers with Radar,165,25,4,0,194,0,146,29,0,175,165,171,33,0,369,6,0,6,375
01/26/2023,OGG,HI,AWP,WE,Towers with Radar,169,42,1,0,212,0,82,8,3,93,169,124,9,3,305,22,0,22,327
01/27/2023,OGG,HI,AWP,WE,Towers with Radar,176,62,9,2,249,0,25,6,0,31,176,87,15,2,280,6,0,6,286
01/28/2023,OGG,HI,AWP,WE,Towers with Radar,187,48,6,0,241,0,15,0,0,15,187,63,6,0,256,10,0,10,266
01/29/2023,OGG,HI,AWP,WE,Towers with Radar,173,28,9,0,210,0,28,2,0,30,173,56,11,0,240,0,0,0,240
01/30/2023,OGG,HI,AWP,WE,Towers with Radar,166,47,9,6,228,0,29,1,2,32,166,76,10,8,260,6,0,6,266
01/31/2023,OGG,HI,AWP,WE,Towers with Radar,157,19,10,1,187,0,126,34,0,160,157,145,44,1,347,26,0,26,373
02/01/2023,OGG,HI,AWP,WE,Towers with Radar,164,15,7,0,186,0,146,28,0,174,164,161,35,0,360,4,0,4,364
02/02/2023,OGG,HI,AWP,WE,Towers with Radar,177,31,11,0,219,0,151,41,0,192,177,182,52,0,411,50,0,50,461
02/03/2023,OGG,HI,AWP,WE,Towers with Radar,171,32,13,2,218,0,162,26,0,188,171,194,39,2,406,38,0,38,444
02/04/2023,OGG,HI,AWP,WE,Towers with Radar,171,25,13,2,211,0,89,10,0,99,171,114,23,2,310,0,0,0,310
02/05/2023,OGG,HI,AWP,WE,Towers with Radar,170,13,4,2,189,0,137,23,2,162,170,150,27,4,351,2,0,2,353
02/06/2023,OGG,HI,AWP,WE,Towers with Radar,174,21,5,0,200,0,155,27,0,182,174,176,32,0,382,10,0,10,392
02/07/2023,OGG,HI,AWP,WE,Towers with Radar,158,18,3,3,182,0,145,32,10,187,158,163,35,13,369,40,0,40,409
02/08/2023,OGG,HI,AWP,WE,Towers with Radar,166,18,6,2,192,0,145,19,2,166,166,163,25,4,358,18,0,18,376
02/09/2023,OGG,HI,AWP,WE,Towers with Radar,160,17,5,0,182,0,126,10,2,138,160,143,15,2,320,4,0,4,324
02/10/2023,OGG,HI,AWP,WE,Towers with Radar,189,29,6,0,224,0,124,7,0,131,189,153,13,0,355,6,0,6,361
02/11/2023,OGG,HI,AWP,WE,Towers with Radar,175,26,8,0,209,0,123,13,0,136,175,149,21,0,345,20,0,20,365
02/12/2023,OGG,HI,AWP,WE,Towers with Radar,172,31,6,0,209,0,83,9,0,92,172,114,15,0,301,0,0,0,301
02/13/2023,OGG,HI,AWP,WE,Towers with Radar,185,22,4,1,212,0,174,28,1,203,185,196,32,2,415,68,0,68,483
02/14/2023,OGG,HI,AWP,WE,Towers with Radar,167,24,4,4,199,0,131,24,3,158,167,155,28,7,357,8,0,8,365
02/15/2023,OGG,HI,AWP,WE,Towers with Radar,176,35,6,1,218,3,174,35,0,212,179,209,41,1,430,56,0,56,486
02/16/2023,OGG,HI,AWP,WE,Towers with Radar,182,13,2,0,197,0,129,17,0,146,182,142,19,0,343,12,0,12,355
02/17/2023,OGG,HI,AWP,WE,Towers with Radar,174,31,10,0,215,0,22,3,0,25,174,53,13,0,240,10,0,10,250
02/18/2023,OGG,HI,AWP,WE,Towers with Radar,179,23,8,0,210,0,96,9,0,105,179,119,17,0,315,8,0,8,323
02/19/2023,OGG,HI,AWP,WE,Towers with Radar,169,25,11,0,205,0,119,17,4,140,169,144,28,4,345,10,0,10,355
02/20/2023,OGG,HI,AWP,WE,Towers with Radar,167,17,9,0,193,0,151,16,0,167,167,168,25,0,360,6,0,6,366
02/21/2023,OGG,HI,AWP,WE,Towers with Radar,178,18,5,3,204,0,178,20,0,198,178,196,25,3,402,18,0,18,420
02/22/2023,OGG,HI,AWP,WE,Towers with Radar,167,9,10,2,188,0,144,24,1,169,167,153,34,3,357,14,0,14,371
02/23/2023,OGG,HI,AWP,WE,Towers with Radar,176,23,8,0,207,0,162,23,0,185,176,185,31,0,392,4,0,4,396
02/24/2023,OGG,HI,AWP,WE,Towers with Radar,181,27,8,0,216,0,154,41,0,195,181,181,49,0,411,4,0,4,415
02/25/2023,OGG,HI,AWP,WE,Towers with Radar,163,19,11,0,193,0,156,14,2,172,163,175,25,2,365,28,0,28,393
02/26/2023,OGG,HI,AWP,WE,Towers with Radar,183,19,7,0,209,0,169,20,0,189,183,188,27,0,398,0,0,0,398
02/27/2023,OGG,HI,AWP,WE,Towers with Radar,179,21,2,0,202,0,202,23,1,226,179,223,25,1,428,26,0,26,454
02/28/2023,OGG,HI,AWP,WE,Towers with Radar,168,17,1,1,187,0,168,22,1,191,168,185,23,2,378,24,0,24,402
03/01/2023,OGG,HI,AWP,WE,Towers with Radar,173,27,5,4,209,0,91,8,2,101,173,118,13,6,310,2,0,2,312
03/02/2023,OGG,HI,AWP,WE,Towers with Radar,185,27,4,0,216,0,105,10,5,120,185,132,14,5,336,12,0,12,348
03/03/2023,OGG,HI,AWP,WE,Towers with Radar,170,18,6,0,194,0,152,32,0,184,170,170,38,0,378,24,0,24,402
03/04/2023,OGG,HI,AWP,WE,Towers with Radar,178,39,3,2,222,0,92,17,1,110,178,131,20,3,332,29,0,29,361
03/05/2023,OGG,HI,AWP,WE,Towers with Radar,171,16,5,2,194,0,113,28,1,142,171,129,33,3,336,14,0,14,350
03/06/2023,OGG,HI,AWP,WE,Towers with Radar,166,28,5,0,199,0,100,19,0,119,166,128,24,0,318,10,0,10,328
03/07/2023,OGG,HI,AWP,WE,Towers with Radar,164,23,8,0,195,0,130,23,2,155,164,153,31,2,350,22,0,22,372
03/08/2023,OGG,HI,AWP,WE,Towers with Radar,175,38,4,0,217,0,28,2,1,31,175,66,6,1,248,2,0,2,250
03/09/2023,OGG,HI,AWP,WE,Towers with Radar,182,21,8,1,212,0,161,28,7,196,182,182,36,8,408,44,0,44,452
03/10/2023,OGG,HI,AWP,WE,Towers with Radar,190,18,11,0,219,0,158,38,0,196,190,176,49,0,415,30,0,30,445
03/11/2023,OGG,HI,AWP,WE,Towers with Radar,173,12,10,0,195,0,170,53,2,225,173,182,63,2,420,22,0,22,442
03/12/2023,OGG,HI,AWP,WE,Towers with Radar,189,20,7,0,216,0,139,30,0,169,189,159,37,0,385,28,0,28,413
03/13/2023,OGG,HI,AWP,WE,Towers with Radar,173,11,4,1,189,0,184,48,3,235,173,195,52,4,424,14,0,14,438
03/14/2023,OGG,HI,AWP,WE,Towers with Radar,170,12,3,0,185,0,181,34,0,215,170,193,37,0,400,51,0,51,451
03/15/2023,OGG,HI,AWP,WE,Towers with Radar,179,11,4,0,194,0,201,31,2,234,179,212,35,2,428,36,0,36,464
03/16/2023,OGG,HI,AWP,WE,Towers with Radar,184,20,9,0,213,0,185,48,4,237,184,205,57,4,450,20,0,20,470
03/17/2023,OGG,HI,AWP,WE,Towers with Radar,185,22,7,0,214,0,195,33,0,228,185,217,40,0,442,34,0,34,476
03/18/2023,OGG,HI,AWP,WE,Towers with Radar,200,20,12,0,232,0,174,39,0,213,200,194,51,0,445,18,0,18,463
03/19/2023,OGG,HI,AWP,WE,Towers with Radar,181,18,7,0,206,0,142,16,0,158,181,160,23,0,364,2,0,2,366
03/20/2023,OGG,HI,AWP,WE,Towers with Radar,181,21,5,1,208,0,153,26,3,182,181,174,31,4,390,54,0,54,444
03/21/2023,OGG,HI,AWP,WE,Towers with Radar,187,12,3,2,204,0,168,29,0,197,187,180,32,2,401,18,0,18,419
03/22/2023,OGG,HI,AWP,WE,Towers with Radar,186,20,6,2,214,0,158,21,0,179,186,178,27,2,393,48,0,48,441
03/23/2023,OGG,HI,AWP,WE,Towers with Radar,180,15,7,0,202,0,150,16,0,166,180,165,23,0,368,45,0,45,413
03/24/2023,OGG,HI,AWP,WE,Towers with Radar,191,7,9,0,207,0,156,29,1,186,191,163,38,1,393,14,0,14,407
03/25/2023,OGG,HI,AWP,WE,Towers with Radar,184,18,8,1,211,0,148,45,0,193,184,166,53,1,404,4,0,4,408
03/26/2023,OGG,HI,AWP,WE,Towers with Radar,164,15,6,1,186,0,153,22,0,175,164,168,28,1,361,16,0,16,377
03/27/2023,OGG,HI,AWP,WE,Towers with Radar,173,13,4,0,190,0,170,37,0,207,173,183,41,0,397,76,0,76,473
03/28/2023,OGG,HI,AWP,WE,Towers with Radar,178,14,6,1,199,0,154,27,1,182,178,168,33,2,381,24,0,24,405
03/29/2023,OGG,HI,AWP,WE,Towers with Radar,164,10,5,2,181,0,147,18,0,165,164,157,23,2,346,54,0,54,400
03/30/2023,OGG,HI,AWP,WE,Towers with Radar,193,13,15,5,226,0,178,27,1,206,193,191,42,6,432,29,0,29,461
03/31/2023,OGG,HI,AWP,WE,Towers with Radar,181,13,10,1,205,0,155,26,1,182,181,168,36,2,387,52,0,52,439
04/01/2023,OGG,HI,AWP,WE,Towers with Radar,184,9,9,2,204,0,147,20,0,167,184,156,29,2,371,40,0,40,411
04/02/2023,OGG,HI,AWP,WE,Towers with Radar,179,19,8,1,207,0,95,8,0,103,179,114,16,1,310,24,0,24,334
04/03/2023,OGG,HI,AWP,WE,Towers with Radar,192,12,7,0,211,0,176,19,0,195,192,188,26,0,406,18,0,18,424
04/04/2023,OGG,HI,AWP,WE,Towers with Radar,177,5,4,8,194,0,167,21,2,190,177,172,25,10,384,52,0,52,436
04/05/2023,OGG,HI,AWP,WE,Towers with Radar,177,8,4,2,191,0,188,33,2,223,177,196,37,4,414,46,0,46,460
04/06/2023,OGG,HI,AWP,WE,Towers with Radar,189,15,4,2,210,0,169,23,1,193,189,184,27,3,403,14,0,14,417
04/07/2023,OGG,HI,AWP,WE,Towers with Radar,182,12,8,0,202,0,160,27,0,187,182,172,35,0,389,32,0,32,421
04/08/2023,OGG,HI,AWP,WE,Towers with Radar,183,11,10,0,204,0,121,31,0,152,183,132,41,0,356,36,0,36,392
04/09/2023,OGG,HI,AWP,WE,Towers with Radar,180,5,6,0,191,0,124,11,0,135,180,129,17,0,326,5,7,12,338
04/10/2023,OGG,HI,AWP,WE,Towers with Radar,184,8,6,6,204,0,159,31,0,190,184,167,37,6,394,20,0,20,414
04/11/2023,OGG,HI,AWP,WE,Towers with Radar,184,9,8,4,205,0,165,23,5,193,184,174,31,9,398,54,0,54,452
04/12/2023,OGG,HI,AWP,WE,Towers with Radar,172,13,9,2,196,0,173,21,0,194,172,186,30,2,390,54,0,54,444
04/13/2023,OGG,HI,AWP,WE,Towers with Radar,178,9,5,0,192,0,167,27,6,200,178,176,32,6,392,34,0,34,426
04/14/2023,OGG,HI,AWP,WE,Towers with Radar,187,9,2,1,199,0,177,46,2,225,187,186,48,3,424,62,0,62,486
04/15/2023,OGG,HI,AWP,WE,Towers with Radar,173,11,15,0,199,0,140,37,2,179,173,151,52,2,378,42,0,42,420
04/16/2023,OGG,HI,AWP,WE,Towers with Radar,179,11,6,0,196,0,127,21,0,148,179,138,27,0,344,22,0,22,366
04/17/2023,OGG,HI,AWP,WE,Towers with Radar,170,10,16,0,196,0,158,29,0,187,170,168,45,0,383,44,0,44,427
04/18/2023,OGG,HI,AWP,WE,Towers with Radar,170,15,7,1,193,0,166,29,2,197,170,181,36,3,390,16,0,16,406
04/19/2023,OGG,HI,AWP,WE,Towers with Radar,162,32,7,3,204,0,41,2,1,44,162,73,9,4,248,4,0,4,252
04/20/2023,OGG,HI,AWP,WE,Towers with Radar,179,16,6,1,202,0,132,30,0,162,179,148,36,1,364,22,0,22,386
04/21/2023,OGG,HI,AWP,WE,Towers with Radar,168,8,5,0,181,0,148,33,1,182,168,156,38,1,363,28,0,28,391
04/22/2023,OGG,HI,AWP,WE,Towers with Radar,180,13,5,0,198,0,138,26,4,168,180,151,31,4,366,68,0,68,434
04/23/2023,OGG,HI,AWP,WE,Towers with Radar,177,7,11,2,197,0,122,26,4,152,177,129,37,6,349,6,0,6,355
04/24/2023,OGG,HI,AWP,WE,Towers with Radar,173,11,5,5,194,0,188,22,2,212,173,199,27,7,406,26,0,26,432
04/25/2023,OGG,HI,AWP,WE,Towers with Radar,174,24,6,3,207,0,142,23,1,166,174,166,29,4,373,36,0,36,409
04/26/2023,OGG,HI,AWP,WE,Towers with Radar,171,13,2,3,189,0,98,31,0,129,171,111,33,3,318,24,0,24,342
04/27/2023,OGG,HI,AWP,WE,Towers with Radar,174,23,8,4,209,0,94,20,3,117,174,117,28,7,326,56,0,56,382
04/28/2023,OGG,HI,AWP,WE,Towers with Radar,171,12,5,1,189,0,153,21,0,174,171,165,26,1,363,54,0,54,417
04/29/2023,OGG,HI,AWP,WE,Towers with Radar,166,14,6,1,187,0,155,30,0,185,166,169,36,1,372,14,0,14,386
04/30/2023,OGG,HI,AWP,WE,Towers with Radar,160,9,4,0,173,0,129,27,0,156,160,138,31,0,329,16,0,16,345
05/01/2023,OGG,HI,AWP,WE,Towers with Radar,181,8,7,3,199,0,154,32,1,187,181,162,39,4,386,10,0,10,396
05/02/2023,OGG,HI,AWP,WE,Towers with Radar,171,11,3,1,186,0,171,28,2,201,171,182,31,3,387,48,0,48,435
05/03/2023,OGG,HI,AWP,WE,Towers with Radar,170,8,2,0,180,0,146,23,0,169,170,154,25,0,349,2,0,2,351
05/04/2023,OGG,HI,AWP,WE,Towers with Radar,169,5,4,4,182,0,165,26,1,192,169,170,30,5,374,48,0,48,422
05/05/2023,OGG,HI,AWP,WE,Towers with Radar,177,8,7,0,192,0,143,20,2,165,177,151,27,2,357,20,0,20,377
05/06/2023,OGG,HI,AWP,WE,Towers with Radar,178,10,2,2,192,0,122,21,1,144,178,132,23,3,336,46,0,46,382
05/07/2023,OGG,HI,AWP,WE,Towers with Radar,161,6,4,3,174,0,106,8,0,114,161,112,12,3,288,0,0,0,288
05/08/2023,OGG,HI,AWP,WE,Towers with Radar,172,12,5,1,190,0,178,24,2,204,172,190,29,3,394,67,0,67,461
05/09/2023,OGG,HI,AWP,WE,Towers with Radar,161,13,3,1,178,0,149,21,7,177,161,162,24,8,355,28,0,28,383
05/10/2023,OGG,HI,AWP,WE,Towers with Radar,174,7,8,2,191,0,170,17,0,187,174,177,25,2,378,36,0,36,414
05/11/2023,OGG,HI,AWP,WE,Towers with Radar,173,6,1,1,181,0,156,26,1,183,173,162,27,2,364,55,0,55,419
05/12/2023,OGG,HI,AWP,WE,Towers with Radar,145,12,2,0,159,0,159,27,2,188,145,171,29,2,347,28,0,28,375
05/13/2023,OGG,HI,AWP,WE,Towers with Radar,173,11,10,0,194,0,137,31,0,168,173,148,41,0,362,22,0,22,384
05/14/2023,OGG,HI,AWP,WE,Towers with Radar,164,10,5,2,181,0,112,27,0,139,164,122,32,2,320,0,0,0,320
05/15/2023,OGG,HI,AWP,WE,Towers with Radar,177,12,6,0,195,0,158,28,0,186,177,170,34,0,381,40,0,40,421
05/16/2023,OGG,HI,AWP,WE,Towers with Radar,157,10,3,1,171,0,162,41,3,206,157,172,44,4,377,30,0,30,407
05/17/2023,OGG,HI,AWP,WE,Towers with Radar,163,3,2,0,168,0,154,34,1,189,163,157,36,1,357,24,0,24,381
05/18/2023,OGG,HI,AWP,WE,Towers with Radar,150,11,7,5,173,0,140,28,0,168,150,151,35,5,341,32,0,32,373
05/19/2023,OGG,HI,AWP,WE,Towers with Radar,149,15,7,0,171,0,150,18,0,168,149,165,25,0,339,10,0,10,349
05/20/2023,OGG,HI,AWP,WE,Towers with Radar,157,5,3,0,165,0,158,36,0,194,157,163,39,0,359,30,0,30,389
05/21/2023,OGG,HI,AWP,WE,Towers with Radar,166,4,6,0,176,0,127,24,0,151,166,131,30,0,327,10,0,10,337
05/22/2023,OGG,HI,AWP,WE,Towers with Radar,169,11,11,0,191,0,159,34,0,193,169,170,45,0,384,16,0,16,400
05/23/2023,OGG,HI,AWP,WE,Towers with Radar,160,5,3,2,170,0,156,31,0,187,160,161,34,2,357,30,0,30,387
05/24/2023,OGG,HI,AWP,WE,Towers with Radar,167,11,6,2,186,0,170,42,0,212,167,181,48,2,398,10,0,10,408
05/25/2023,OGG,HI,AWP,WE,Towers with Radar,182,16,4,1,203,0,161,27,5,193,182,177,31,6,396,22,0,22,418
05/26/2023,OGG,HI,AWP,WE,Towers with Radar,179,14,8,0,201,0,175,27,0,202,179,189,35,0,403,8,0,8,411
05/27/2023,OGG,HI,AWP,WE,Towers with Radar,169,10,4,0,183,0,155,27,0,182,169,165,31,0,365,34,0,34,399
05/28/2023,OGG,HI,AWP,WE,Towers with Radar,170,5,7,0,182,0,139,30,0,169,170,144,37,0,351,36,0,36,387
05/29/2023,OGG,HI,AWP,WE,Towers with Radar,164,10,9,0,183,0,157,32,0,189,164,167,41,0,372,34,0,34,406
05/30/2023,OGG,HI,AWP,WE,Towers with Radar,158,22,6,2,188,0,155,34,0,189,158,177,40,2,377,20,0,20,397
05/31/2023,OGG,HI,AWP,WE,Towers with Radar,166,13,10,0,189,0,163,50,0,213,166,176,60,0,402,16,0,16,418
06/01/2023,OGG,HI,AWP,WE,Towers with Radar,180,21,2,0,203,0,152,38,0,190,180,173,40,0,393,34,0,34,427
06/02/2023,OGG,HI,AWP,WE,Towers with Radar,173,6,9,0,188,0,155,23,0,178,173,161,32,0,366,2,0,2,368
06/03/2023,OGG,HI,AWP,WE,Towers with Radar,184,11,9,2,206,0,140,28,1,169,184,151,37,3,375,44,0,44,419
06/04/2023,OGG,HI,AWP,WE,Towers with Radar,173,7,3,2,185,0,120,24,0,144,173,127,27,2,329,12,0,12,341
06/05/2023,OGG,HI,AWP,WE,Towers with Radar,180,9,5,2,196,0,168,40,0,208,180,177,45,2,404,33,0,33,437
06/06/2023,OGG,HI,AWP,WE,Towers with Radar,169,8,0,4,181,0,160,25,1,186,169,168,25,5,367,50,0,50,417
06/07/2023,OGG,HI,AWP,WE,Towers with Radar,173,8,0,0,181,0,173,28,0,201,173,181,28,0,382,46,0,46,428
06/08/2023,OGG,HI,AWP,WE,Towers with Radar,173,6,3,0,182,0,174,26,0,200,173,180,29,0,382,26,0,26,408
06/09/2023,OGG,HI,AWP,WE,Towers with Radar,184,11,2,0,197,0,179,30,0,209,184,190,32,0,406,53,0,53,459
06/10/2023,OGG,HI,AWP,WE,Towers with Radar,173,11,6,0,190,0,146,19,0,165,173,157,25,0,355,10,0,10,365
06/11/2023,OGG,HI,AWP,WE,Towers with Radar,163,8,5,0,176,0,128,18,0,146,163,136,23,0,322,6,0,6,328
06/12/2023,OGG,HI,AWP,WE,Towers with Radar,177,11,5,0,193,0,164,33,0,197,177,175,38,0,390,4,0,4,394
06/13/2023,OGG,HI,AWP,WE,Towers with Radar,172,8,2,0,182,0,166,22,2,190,172,174,24,2,372,40,0,40,412
06/14/2023,OGG,HI,AWP,WE,Towers with Radar,173,11,3,4,191,0,173,23,1,197,173,184,26,5,388,18,0,18,406
06/15/2023,OGG,HI,AWP,WE,Towers with Radar,169,5,4,2,180,0,183,35,0,218,169,188,39,2,398,54,0,54,452
06/16/2023,OGG,HI,AWP,WE,Towers with Radar,183,14,6,0,203,0,173,35,0,208,183,187,41,0,411,18,0,18,429
06/17/2023,OGG,HI,AWP,WE,Towers with Radar,186,6,9,0,201,0,150,16,0,166,186,156,25,0,367,57,0,57,424
06/18/2023,OGG,HI,AWP,WE,Towers with Radar,179,19,6,0,204,0,135,28,0,163,179,154,34,0,367,6,0,6,373
06/19/2023,OGG,HI,AWP,WE,Towers with Radar,186,10,7,0,203,0,187,37,0,224,186,197,44,0,427,43,0,43,470
06/20/2023,OGG,HI,AWP,WE,Towers with Radar,163,9,6,2,180,0,161,22,2,185,163,170,28,4,365,26,0,26,391
06/21/2023,OGG,HI,AWP,WE,Towers with Radar,177,7,7,0,191,0,160,43,0,203,177,167,50,0,394,45,0,45,439
06/22/2023,OGG,HI,AWP,WE,Towers with Radar,177,4,9,0,190,0,178,30,3,211,177,182,39,3,401,24,0,24,425
06/23/2023,OGG,HI,AWP,WE,Towers with Radar,168,13,6,1,188,0,170,23,3,196,168,183,29,4,384,8,0,8,392
06/24/2023,OGG,HI,AWP,WE,Towers with Radar,181,12,4,0,197,0,147,19,0,166,181,159,23,0,363,18,0,18,381
06/25/2023,OGG,HI,AWP,WE,Towers with Radar,163,9,5,0,177,0,128,6,0,134,163,137,11,0,311,30,0,30,341
06/26/2023,OGG,HI,AWP,WE,Towers with Radar,179,15,4,2,200,0,170,17,4,191,179,185,21,6,391,50,0,50,441
06/27/2023,OGG,HI,AWP,WE,Towers with Radar,170,6,4,5,185,0,170,28,3,201,170,176,32,8,386,46,0,46,432
06/28/2023,OGG,HI,AWP,WE,Towers with Radar,163,7,1,0,171,0,154,46,2,202,163,161,47,2,373,69,0,69,442
06/29/2023,OGG,HI,AWP,WE,Towers with Radar,183,7,7,4,201,0,174,37,0,211,183,181,44,4,412,65,0,65,477
06/30/2023,OGG,HI,AWP,WE,Towers with Radar,185,16,4,0,205,0,152,28,0,180,185,168,32,0,385,24,0,24,409
07/01/2023,OGG,HI,AWP,WE,Towers with Radar,183,10,10,0,203,0,145,45,0,190,183,155,55,0,393,46,0,46,439
07/02/2023,OGG,HI,AWP,WE,Towers with Radar,186,7,6,0,199,0,140,24,0,164,186,147,30,0,363,6,0,6,369
07/03/2023,OGG,HI,AWP,WE,Towers with Radar,187,6,6,0,199,0,157,22,0,179,187,163,28,0,378,62,0,62,440
07/04/2023,OGG,HI,AWP,WE,Towers with Radar,166,3,1,0,170,0,158,27,0,185,166,161,28,0,355,56,0,56,411
07/05/2023,OGG,HI,AWP,WE,Towers with Radar,176,7,6,0,189,0,172,31,4,207,176,179,37,4,396,82,0,82,478
07/06/2023,OGG,HI,AWP,WE,Towers with Radar,184,15,1,0,200,0,172,23,6,201,184,187,24,6,401,47,0,47,448
07/07/2023,OGG,HI,AWP,WE,Towers with Radar,164,15,3,0,182,0,136,40,0,176,164,151,43,0,358,38,0,38,396
07/08/2023,OGG,HI,AWP,WE,Towers with Radar,189,13,7,2,211,0,125,22,0,147,189,138,29,2,358,66,0,66,424
07/09/2023,OGG,HI,AWP,WE,Towers with Radar,179,6,7,0,192,0,130,34,1,165,179,136,41,1,357,17,0,17,374
07/10/2023,OGG,HI,AWP,WE,Towers with Radar,176,8,6,4,194,0,155,42,0,197,176,163,48,4,391,46,0,46,437
07/11/2023,OGG,HI,AWP,WE,Towers with Radar,182,5,3,1,191,0,168,44,1,213,182,173,47,2,404,30,0,30,434
07/12/2023,OGG,HI,AWP,WE,Towers with Radar,178,13,5,4,200,0,187,27,0,214,178,200,32,4,414,122,0,122,536
07/13/2023,OGG,HI,AWP,WE,Towers with Radar,183,8,3,0,194,0,176,28,2,206,183,184,31,2,400,48,0,48,448
07/14/2023,OGG,HI,AWP,WE,Towers with Radar,181,8,5,1,195,0,154,26,3,183,181,162,31,4,378,88,0,88,466
07/15/2023,OGG,HI,AWP,WE,Towers with Radar,177,7,3,0,187,0,148,29,0,177,177,155,32,0,364,6,0,6,370
07/16/2023,OGG,HI,AWP,WE,Towers with Radar,181,4,4,0,189,0,144,19,0,163,181,148,23,0,352,0,0,0,352
07/17/2023,OGG,HI,AWP,WE,Towers with Radar,166,13,9,0,188,0,153,28,0,181,166,166,37,0,369,40,0,40,409
07/18/2023,OGG,HI,AWP,WE,Towers with Radar,180,11,4,0,195,0,158,24,2,184,180,169,28,2,379,44,0,44,423
07/19/2023,OGG,HI,AWP,WE,Towers with Radar,178,30,5,0,213,0,21,2,1,24,178,51,7,1,237,2,0,2,239
07/20/2023,OGG,HI,AWP,WE,Towers with Radar,188,13,4,7,212,0,135,22,4,161,188,148,26,11,373,68,0,68,441
07/21/2023,OGG,HI,AWP,WE,Towers with Radar,164,8,7,5,184,0,167,23,2,192,164,175,30,7,376,58,0,58,434
07/22/2023,OGG,HI,AWP,WE,Towers with Radar,185,7,7,1,200,0,150,32,0,182,185,157,39,1,382,48,0,48,430
07/23/2023,OGG,HI,AWP,WE,Towers with Radar,177,4,6,0,187,0,140,21,0,161,177,144,27,0,348,16,0,16,364
07/24/2023,OGG,HI,AWP,WE,Towers with Radar,170,14,3,4,191,0,160,27,1,188,170,174,30,5,379,22,0,22,401
07/25/2023,OGG,HI,AWP,WE,Towers with Radar,187,9,11,5,212,0,171,30,5,206,187,180,41,10,418,32,0,32,450
07/26/2023,OGG,HI,AWP,WE,Towers with Radar,180,13,9,4,206,0,155,27,0,182,180,168,36,4,388,10,0,10,398
07/27/2023,OGG,HI,AWP,WE,Towers with Radar,179,10,6,2,197,0,179,44,0,223,179,189,50,2,420,62,0,62,482
07/28/2023,OGG,HI,AWP,WE,Towers with Radar,179,9,10,0,198,0,156,35,0,191,179,165,45,0,389,66,0,66,455
07/29/2023,OGG,HI,AWP,WE,Towers with Radar,183,6,7,3,199,0,146,37,1,184,183,152,44,4,383,14,0,14,397
07/30/2023,OGG,HI,AWP,WE,Towers with Radar,170,3,7,0,180,0,125,15,0,140,170,128,22,0,320,0,0,0,320
07/31/2023,OGG,HI,AWP,WE,Towers with Radar,167,9,11,3,190,0,166,28,1,195,167,175,39,4,385,46,0,46,431
08/01/2023,OGG,HI,AWP,WE,Towers with Radar,181,9,11,1,202,0,164,26,0,190,181,173,37,1,392,24,0,24,416
08/02/2023,OGG,HI,AWP,WE,Towers with Radar,182,8,5,4,199,0,171,24,2,197,182,179,29,6,396,18,0,18,414
08/03/2023,OGG,HI,AWP,WE,Towers with Radar,189,8,7,1,205,0,171,31,0,202,189,179,38,1,407,52,0,52,459
08/04/2023,OGG,HI,AWP,WE,Towers with Radar,173,9,5,1,188,0,158,28,0,186,173,167,33,1,374,42,0,42,416
08/05/2023,OGG,HI,AWP,WE,Towers with Radar,178,8,10,1,197,0,151,33,2,186,178,159,43,3,383,16,2,18,401
08/06/2023,OGG,HI,AWP,WE,Towers with Radar,175,4,10,1,190,0,139,21,1,161,175,143,31,2,351,10,0,10,361
08/07/2023,OGG,HI,AWP,WE,Towers with Radar,174,10,4,6,194,0,139,12,2,153,174,149,16,8,347,18,0,18,365
08/08/2023,OGG,HI,AWP,WE,Towers with Radar,176,11,4,0,191,0,104,7,2,113,176,115,11,2,304,15,0,15,319
08/09/2023,OGG,HI,AWP,WE,Towers with Radar,181,19,16,4,220,0,114,30,33,177,181,133,46,37,397,6,0,6,403
08/10/2023,OGG,HI,AWP,WE,Towers with Radar,201,17,20,1,239,0,186,29,18,233,201,203,49,19,472,20,1,21,493
08/11/2023,OGG,HI,AWP,WE,Towers with Radar,187,6,14,3,210,0,203,88,5,296,187,209,102,8,506,8,0,8,514
08/12/2023,OGG,HI,AWP,WE,Towers with Radar,186,8,11,2,207,0,134,106,3,243,186,142,117,5,450,18,0,18,468
08/13/2023,OGG,HI,AWP,WE,Towers with Radar,169,5,5,0,179,0,116,38,0,154,169,121,43,0,333,24,0,24,357
08/14/2023,OGG,HI,AWP,WE,Towers with Radar,172,13,9,11,205,0,99,69,2,170,172,112,78,13,375,0,0,0,375
08/15/2023,OGG,HI,AWP,WE,Towers with Radar,182,15,6,4,207,0,98,41,2,141,182,113,47,6,348,32,2,34,382
08/16/2023,OGG,HI,AWP,WE,Towers with Radar,167,8,11,2,188,0,93,34,9,136,167,101,45,11,324,8,0,8,332
08/17/2023,OGG,HI,AWP,WE,Towers with Radar,179,11,6,6,202,0,89,36,4,129,179,100,42,10,331,10,0,10,341
08/18/2023,OGG,HI,AWP,WE,Towers with Radar,190,9,2,0,201,0,87,22,0,109,190,96,24,0,310,44,0,44,354
08/19/2023,OGG,HI,AWP,WE,Towers with Radar,170,5,0,10,185,0,65,28,4,97,170,70,28,14,282,2,0,2,284
08/20/2023,OGG,HI,AWP,WE,Towers with Radar,180,1,4,7,192,0,69,20,0,89,180,70,24,7,281,6,0,6,287
08/21/2023,OGG,HI,AWP,WE,Towers with Radar,171,13,4,9,197,0,38,5,14,57,171,51,9,23,254,4,0,4,258
08/22/2023,OGG,HI,AWP,WE,Towers with Radar,177,7,3,2,189,0,83,21,3,107,177,90,24,5,296,30,0,30,326
08/23/2023,OGG,HI,AWP,WE,Towers with Radar,166,13,2,3,184,0,84,36,0,120,166,97,38,3,304,24,0,24,328
08/24/2023,OGG,HI,AWP,WE,Towers with Radar,177,12,6,10,205,0,90,20,1,111,177,102,26,11,316,38,0,38,354
08/25/2023,OGG,HI,AWP,WE,Towers with Radar,166,6,3,0,175,0,82,33,0,115,166,88,36,0,290,26,0,26,316
08/26/2023,OGG,HI,AWP,WE,Towers with Radar,172,5,2,2,181,0,70,18,6,94,172,75,20,8,275,16,0,16,291
08/27/2023,OGG,HI,AWP,WE,Towers with Radar,171,1,2,4,178,0,70,15,0,85,171,71,17,4,263,4,0,4,267
08/28/2023,OGG,HI,AWP,WE,Towers with Radar,168,12,4,8,192,0,68,40,3,111,168,80,44,11,303,22,0,22,325
08/29/2023,OGG,HI,AWP,WE,Towers with Radar,171,10,2,1,184,0,74,35,0,109,171,84,37,1,293,26,0,26,319
08/30/2023,OGG,HI,AWP,WE,Towers with Radar,167,7,0,3,177,0,78,15,1,94,167,85,15,4,271,32,0,32,303
08/31/2023,OGG,HI,AWP,WE,Towers with Radar,176,8,3,2,189,0,73,10,2,85,176,81,13,4,274,12,0,12,286
