01/01/2000,OKC,OK,ASW,CE,Towers with Radar,65,1,48,25,139,33,0,35,0,68,98,1,83,25,207,0,0,0,207
01/02/2000,OKC,OK,ASW,CE,Towers with Radar,82,5,62,23,172,40,0,50,0,90,122,5,112,23,262,0,0,0,262
01/03/2000,OKC,OK,ASW,CE,Towers with Radar,149,12,111,78,350,12,0,8,56,76,161,12,119,134,426,0,0,0,426
01/04/2000,OKC,OK,ASW,CE,Towers with Radar,164,18,122,87,391,0,2,0,20,22,164,20,122,107,413,33,30,63,476
01/05/2000,OKC,OK,ASW,CE,Towers with Radar,159,17,119,84,379,1,6,54,12,73,160,23,173,96,452,0,0,0,452
01/06/2000,OKC,OK,ASW,CE,Towers with Radar,157,21,142,97,417,0,1,62,0,63,157,22,204,97,480,9,6,15,495
01/07/2000,OKC,OK,ASW,CE,Towers with Radar,182,23,154,89,448,0,13,68,0,81,182,36,222,89,529,56,66,122,651
01/08/2000,OKC,OK,ASW,CE,Towers with Radar,104,12,62,41,219,41,1,0,0,42,145,13,62,41,261,2,0,2,263
01/09/2000,OKC,OK,ASW,CE,Towers with Radar,113,4,85,48,250,11,0,4,0,15,124,4,89,48,265,14,2,16,281
01/10/2000,OKC,OK,ASW,CE,Towers with Radar,175,13,161,85,434,0,0,10,0,10,175,13,171,85,444,70,68,138,582
01/11/2000,OKC,OK,ASW,CE,Towers with Radar,200,18,178,126,522,0,0,5,55,60,200,18,183,181,582,31,58,89,671
01/12/2000,OKC,OK,ASW,CE,Towers with Radar,171,18,181,108,478,0,0,29,0,29,171,18,210,108,507,0,0,0,507
01/13/2000,OKC,OK,ASW,CE,Towers with Radar,186,23,189,134,532,0,0,7,26,33,186,23,196,160,565,36,92,128,693
01/14/2000,OKC,OK,ASW,CE,Towers with Radar,160,21,148,104,433,0,8,42,19,69,160,29,190,123,502,1,35,36,538
01/15/2000,OKC,OK,ASW,CE,Towers with Radar,136,12,102,53,303,26,0,53,0,79,162,12,155,53,382,0,0,0,382
01/16/2000,OKC,OK,ASW,CE,Towers with Radar,95,3,63,38,199,37,0,0,0,37,132,3,63,38,236,2,0,2,238
01/17/2000,OKC,OK,ASW,CE,Towers with Radar,106,2,60,55,223,82,0,0,10,92,188,2,60,65,315,2,0,2,317
01/18/2000,OKC,OK,ASW,CE,Towers with Radar,165,15,129,92,401,0,0,33,10,43,165,15,162,102,444,4,106,110,554
01/19/2000,OKC,OK,ASW,CE,Towers with Radar,182,23,166,105,476,0,8,24,0,32,182,31,190,105,508,0,0,0,508
01/20/2000,OKC,OK,ASW,CE,Towers with Radar,179,26,206,147,558,0,0,36,41,77,179,26,242,188,635,22,58,80,715
01/21/2000,OKC,OK,ASW,CE,Towers with Radar,229,27,189,126,571,0,7,44,0,51,229,34,233,126,622,84,0,84,706
01/22/2000,OKC,OK,ASW,CE,Towers with Radar,142,15,104,58,319,7,5,24,0,36,149,20,128,58,355,0,0,0,355
01/23/2000,OKC,OK,ASW,CE,Towers with Radar,114,12,83,42,251,23,2,21,0,46,137,14,104,42,297,0,0,0,297
01/24/2000,OKC,OK,ASW,CE,Towers with Radar,167,20,159,102,448,0,0,0,0,0,167,20,159,102,448,16,60,76,524
01/25/2000,OKC,OK,ASW,CE,Towers with Radar,171,26,177,126,500,0,0,40,61,101,171,26,217,187,601,30,62,92,693
01/26/2000,OKC,OK,ASW,CE,Towers with Radar,66,6,25,34,131,91,18,0,16,125,157,24,25,50,256,0,0,0,256
01/27/2000,OKC,OK,ASW,CE,Towers with Radar,44,4,25,18,91,77,13,0,0,90,121,17,25,18,181,0,0,0,181
01/28/2000,OKC,OK,ASW,CE,Towers with Radar,98,10,72,52,232,81,18,6,7,112,179,28,78,59,344,8,0,8,352
01/29/2000,OKC,OK,ASW,CE,Towers with Radar,78,8,57,37,180,34,6,9,0,49,112,14,66,37,229,0,0,0,229
01/30/2000,OKC,OK,ASW,CE,Towers with Radar,65,3,47,26,141,54,0,9,0,63,119,3,56,26,204,8,0,8,212
01/31/2000,OKC,OK,ASW,CE,Towers with Radar,183,13,140,99,435,0,0,14,13,27,183,13,154,112,462,18,24,42,504
02/01/2000,OKC,OK,ASW,CE,Towers with Radar,150,19,94,75,338,27,4,0,1,32,177,23,94,76,370,0,0,0,370
02/02/2000,OKC,OK,ASW,CE,Towers with Radar,169,23,155,90,437,0,2,0,29,31,169,25,155,119,468,20,62,82,550
02/03/2000,OKC,OK,ASW,CE,Towers with Radar,163,18,157,82,420,0,0,56,0,56,163,18,213,82,476,38,16,54,530
02/04/2000,OKC,OK,ASW,CE,Towers with Radar,177,20,199,110,506,0,0,4,0,4,177,20,203,110,510,6,18,24,534
02/05/2000,OKC,OK,ASW,CE,Towers with Radar,122,15,107,42,286,11,0,55,0,66,133,15,162,42,352,10,0,10,362
02/06/2000,OKC,OK,ASW,CE,Towers with Radar,116,4,102,41,263,7,0,59,0,66,123,4,161,41,329,14,8,22,351
02/07/2000,OKC,OK,ASW,CE,Towers with Radar,176,24,191,109,500,0,0,67,11,78,176,24,258,120,578,24,10,34,612
02/08/2000,OKC,OK,ASW,CE,Towers with Radar,168,31,211,120,530,0,2,53,72,127,168,33,264,192,657,20,28,48,705
02/09/2000,OKC,OK,ASW,CE,Towers with Radar,157,24,164,95,440,0,6,30,15,51,157,30,194,110,491,0,10,10,501
02/10/2000,OKC,OK,ASW,CE,Towers with Radar,162,23,161,93,439,0,6,42,35,83,162,29,203,128,522,20,56,76,598
02/11/2000,OKC,OK,ASW,CE,Towers with Radar,141,18,123,71,353,10,4,12,21,47,151,22,135,92,400,32,32,64,464
02/12/2000,OKC,OK,ASW,CE,Towers with Radar,100,12,87,51,250,30,0,39,1,70,130,12,126,52,320,40,54,94,414
02/13/2000,OKC,OK,ASW,CE,Towers with Radar,81,4,71,34,190,48,0,0,0,48,129,4,71,34,238,0,0,0,238
02/14/2000,OKC,OK,ASW,CE,Towers with Radar,143,17,128,73,361,0,0,23,17,40,143,17,151,90,401,14,68,82,483
02/15/2000,OKC,OK,ASW,CE,Towers with Radar,175,27,210,121,533,0,0,28,3,31,175,27,238,124,564,10,56,66,630
02/16/2000,OKC,OK,ASW,CE,Towers with Radar,166,25,178,99,468,0,4,29,0,33,166,29,207,99,501,48,40,88,589
02/17/2000,OKC,OK,ASW,CE,Towers with Radar,82,10,70,40,202,73,14,0,0,87,155,24,70,40,289,2,0,2,291
02/18/2000,OKC,OK,ASW,CE,Towers with Radar,145,18,108,76,347,0,4,0,2,6,145,22,108,78,353,6,0,6,359
02/19/2000,OKC,OK,ASW,CE,Towers with Radar,116,13,100,28,257,11,0,34,0,45,127,13,134,28,302,102,0,102,404
02/20/2000,OKC,OK,ASW,CE,Towers with Radar,101,1,86,25,213,21,0,53,0,74,122,1,139,25,287,56,0,56,343
02/21/2000,OKC,OK,ASW,CE,Towers with Radar,152,8,131,56,347,51,0,1,0,52,203,8,132,56,399,0,0,0,399
02/22/2000,OKC,OK,ASW,CE,Towers with Radar,136,16,94,64,310,25,6,0,0,31,161,22,94,64,341,0,4,4,345
02/23/2000,OKC,OK,ASW,CE,Towers with Radar,178,23,163,95,459,0,15,20,14,49,178,38,183,109,508,72,34,106,614
02/24/2000,OKC,OK,ASW,CE,Towers with Radar,170,23,165,92,450,0,3,0,0,3,170,26,165,92,453,0,30,30,483
02/25/2000,OKC,OK,ASW,CE,Towers with Radar,129,15,101,65,310,19,9,0,21,49,148,24,101,86,359,44,4,48,407
02/26/2000,OKC,OK,ASW,CE,Towers with Radar,103,12,88,44,247,42,4,24,0,70,145,16,112,44,317,8,0,8,325
02/27/2000,OKC,OK,ASW,CE,Towers with Radar,153,2,131,48,334,4,0,61,0,65,157,2,192,48,399,24,0,24,423
02/28/2000,OKC,OK,ASW,CE,Towers with Radar,156,16,139,81,392,0,0,28,5,33,156,16,167,86,425,46,64,110,535
02/29/2000,OKC,OK,ASW,CE,Towers with Radar,132,16,113,66,327,36,8,23,20,87,168,24,136,86,414,0,0,0,414
03/01/2000,OKC,OK,ASW,CE,Towers with Radar,172,30,197,88,487,0,1,50,0,51,172,31,247,88,538,22,44,66,604
03/02/2000,OKC,OK,ASW,CE,Towers with Radar,90,12,58,39,199,70,12,0,20,102,160,24,58,59,301,0,0,0,301
03/03/2000,OKC,OK,ASW,CE,Towers with Radar,171,23,125,75,394,0,22,0,19,41,171,45,125,94,435,0,0,0,435
03/04/2000,OKC,OK,ASW,CE,Towers with Radar,158,18,143,36,355,0,0,70,0,70,158,18,213,36,425,46,0,46,471
03/05/2000,OKC,OK,ASW,CE,Towers with Radar,111,7,94,36,248,25,0,43,0,68,136,7,137,36,316,30,0,30,346
03/06/2000,OKC,OK,ASW,CE,Towers with Radar,155,10,153,79,397,0,0,8,30,38,155,10,161,109,435,8,42,50,485
03/07/2000,OKC,OK,ASW,CE,Towers with Radar,163,24,148,81,416,0,6,0,4,10,163,30,148,85,426,0,0,0,426
03/08/2000,OKC,OK,ASW,CE,Towers with Radar,160,23,147,76,406,0,4,23,27,54,160,27,170,103,460,26,0,26,486
03/09/2000,OKC,OK,ASW,CE,Towers with Radar,181,24,223,117,545,0,0,106,19,125,181,24,329,136,670,44,54,98,768
03/10/2000,OKC,OK,ASW,CE,Towers with Radar,182,25,149,84,440,0,0,0,4,4,182,25,149,88,444,48,2,50,494
03/11/2000,OKC,OK,ASW,CE,Towers with Radar,165,8,141,73,387,0,0,40,18,58,165,8,181,91,445,40,48,88,533
03/12/2000,OKC,OK,ASW,CE,Towers with Radar,120,3,102,40,265,13,0,39,0,52,133,3,141,40,317,8,0,8,325
03/13/2000,OKC,OK,ASW,CE,Towers with Radar,143,8,121,53,325,3,0,26,0,29,146,8,147,53,354,0,0,0,354
03/14/2000,OKC,OK,ASW,CE,Towers with Radar,167,21,141,71,400,11,3,32,0,46,178,24,173,71,446,6,10,16,462
03/15/2000,OKC,OK,ASW,CE,Towers with Radar,153,23,153,80,409,0,2,21,4,27,153,25,174,84,436,52,12,64,500
03/16/2000,OKC,OK,ASW,CE,Towers with Radar,88,11,74,39,212,72,8,0,13,93,160,19,74,52,305,2,0,2,307
03/17/2000,OKC,OK,ASW,CE,Towers with Radar,133,16,91,59,299,42,9,0,6,57,175,25,91,65,356,0,0,0,356
03/18/2000,OKC,OK,ASW,CE,Towers with Radar,93,11,52,27,183,40,4,0,0,44,133,15,52,27,227,0,0,0,227
03/19/2000,OKC,OK,ASW,CE,Towers with Radar,133,6,110,58,307,14,0,29,1,44,147,6,139,59,351,0,0,0,351
03/20/2000,OKC,OK,ASW,CE,Towers with Radar,144,21,141,74,380,0,2,53,31,86,144,23,194,105,466,64,48,112,578
03/21/2000,OKC,OK,ASW,CE,Towers with Radar,138,17,101,61,317,26,11,0,12,49,164,28,101,73,366,34,8,42,408
03/22/2000,OKC,OK,ASW,CE,Towers with Radar,106,14,70,47,237,55,7,0,25,87,161,21,70,72,324,0,0,0,324
03/23/2000,OKC,OK,ASW,CE,Towers with Radar,127,16,106,55,304,37,6,11,6,60,164,22,117,61,364,0,0,0,364
03/24/2000,OKC,OK,ASW,CE,Towers with Radar,146,21,143,67,377,0,3,69,0,72,146,24,212,67,449,34,28,62,511
03/25/2000,OKC,OK,ASW,CE,Towers with Radar,123,15,104,39,281,0,0,35,0,35,123,15,139,39,316,104,0,104,420
03/26/2000,OKC,OK,ASW,CE,Towers with Radar,91,2,75,36,204,38,0,17,0,55,129,2,92,36,259,26,0,26,285
03/27/2000,OKC,OK,ASW,CE,Towers with Radar,148,15,156,64,383,0,0,43,0,43,148,15,199,64,426,22,8,30,456
03/28/2000,OKC,OK,ASW,CE,Towers with Radar,169,22,155,81,427,0,0,2,16,18,169,22,157,97,445,28,8,36,481
03/29/2000,OKC,OK,ASW,CE,Towers with Radar,172,21,141,76,410,0,6,0,8,14,172,27,141,84,424,0,10,10,434
03/30/2000,OKC,OK,ASW,CE,Towers with Radar,161,22,150,71,404,0,0,6,0,6,161,22,156,71,410,0,0,0,410
03/31/2000,OKC,OK,ASW,CE,Towers with Radar,194,30,207,76,507,0,0,10,0,10,194,30,217,76,517,0,0,0,517
04/01/2000,OKC,OK,ASW,CE,Towers with Radar,61,7,55,28,151,56,0,0,7,63,117,7,55,35,214,0,0,0,214
04/02/2000,OKC,OK,ASW,CE,Towers with Radar,97,1,88,38,224,23,0,1,0,24,120,1,89,38,248,0,0,0,248
04/03/2000,OKC,OK,ASW,CE,Towers with Radar,145,14,137,71,367,0,0,3,6,9,145,14,140,77,376,82,46,128,504
04/04/2000,OKC,OK,ASW,CE,Towers with Radar,168,19,192,97,476,0,0,51,7,58,168,19,243,104,534,40,24,64,598
04/05/2000,OKC,OK,ASW,CE,Towers with Radar,157,19,144,73,393,0,1,21,8,30,157,20,165,81,423,30,42,72,495
04/06/2000,OKC,OK,ASW,CE,Towers with Radar,166,26,197,100,489,0,1,2,8,11,166,27,199,108,500,12,34,46,546
04/07/2000,OKC,OK,ASW,CE,Towers with Radar,141,17,129,65,352,12,1,14,7,34,153,18,143,72,386,22,16,38,424
04/08/2000,OKC,OK,ASW,CE,Towers with Radar,128,9,120,38,295,0,0,15,0,15,128,9,135,38,310,24,0,24,334
04/09/2000,OKC,OK,ASW,CE,Towers with Radar,86,3,79,39,207,33,0,29,0,62,119,3,108,39,269,10,18,28,297
04/10/2000,OKC,OK,ASW,CE,Towers with Radar,153,13,139,71,376,4,0,13,13,30,157,13,152,84,406,20,26,46,452
04/11/2000,OKC,OK,ASW,CE,Towers with Radar,157,19,140,73,389,49,16,0,10,75,206,35,140,83,464,28,10,38,502
04/12/2000,OKC,OK,ASW,CE,Towers with Radar,162,20,133,69,384,2,3,0,0,5,164,23,133,69,389,2,0,2,391
04/13/2000,OKC,OK,ASW,CE,Towers with Radar,182,25,200,102,509,0,0,17,1,18,182,25,217,103,527,4,10,14,541
04/14/2000,OKC,OK,ASW,CE,Towers with Radar,147,16,121,69,353,9,9,0,18,36,156,25,121,87,389,20,8,28,417
04/15/2000,OKC,OK,ASW,CE,Towers with Radar,111,12,65,39,227,14,2,0,0,16,125,14,65,39,243,0,0,0,243
04/16/2000,OKC,OK,ASW,CE,Towers with Radar,92,10,78,34,214,29,6,0,0,35,121,16,78,34,249,8,0,8,257
04/17/2000,OKC,OK,ASW,CE,Towers with Radar,141,21,168,87,417,0,4,34,7,45,141,25,202,94,462,10,10,20,482
04/18/2000,OKC,OK,ASW,CE,Towers with Radar,174,22,180,93,469,0,5,52,5,62,174,27,232,98,531,20,4,24,555
04/19/2000,OKC,OK,ASW,CE,Towers with Radar,154,17,139,72,382,0,16,22,33,71,154,33,161,105,453,0,12,12,465
04/20/2000,OKC,OK,ASW,CE,Towers with Radar,153,18,149,77,397,0,3,31,37,71,153,21,180,114,468,54,28,82,550
04/21/2000,OKC,OK,ASW,CE,Towers with Radar,156,21,173,89,439,0,17,103,16,136,156,38,276,105,575,88,0,88,663
04/22/2000,OKC,OK,ASW,CE,Towers with Radar,131,16,128,56,331,0,1,36,0,37,131,17,164,56,368,24,0,24,392
04/23/2000,OKC,OK,ASW,CE,Towers with Radar,79,9,71,36,195,72,8,1,5,86,151,17,72,41,281,0,0,0,281
04/24/2000,OKC,OK,ASW,CE,Towers with Radar,133,18,163,84,398,0,0,53,30,83,133,18,216,114,481,56,44,100,581
04/25/2000,OKC,OK,ASW,CE,Towers with Radar,177,23,186,69,455,0,9,31,0,40,177,32,217,69,495,0,0,0,495
04/26/2000,OKC,OK,ASW,CE,Towers with Radar,164,21,168,68,421,0,5,83,0,88,164,26,251,68,509,0,0,0,509
04/27/2000,OKC,OK,ASW,CE,Towers with Radar,162,20,161,74,417,0,8,20,0,28,162,28,181,74,445,26,26,52,497
04/28/2000,OKC,OK,ASW,CE,Towers with Radar,178,21,173,66,438,0,4,9,0,13,178,25,182,66,451,36,0,36,487
04/29/2000,OKC,OK,ASW,CE,Towers with Radar,91,7,82,33,213,27,0,4,0,31,118,7,86,33,244,20,0,20,264
04/30/2000,OKC,OK,ASW,CE,Towers with Radar,60,3,34,28,125,66,0,0,10,76,126,3,34,38,201,0,0,0,201
05/01/2000,OKC,OK,ASW,CE,Towers with Radar,157,20,115,65,357,0,0,0,0,0,157,20,115,65,357,28,40,68,425
05/02/2000,OKC,OK,ASW,CE,Towers with Radar,166,25,162,124,477,0,1,0,19,20,166,26,162,143,497,0,0,0,497
05/03/2000,OKC,OK,ASW,CE,Towers with Radar,174,21,152,103,450,1,8,42,0,51,175,29,194,103,501,0,12,12,513
05/04/2000,OKC,OK,ASW,CE,Towers with Radar,164,23,165,112,464,0,5,55,2,62,164,28,220,114,526,18,38,56,582
05/05/2000,OKC,OK,ASW,CE,Towers with Radar,129,15,94,77,315,35,10,0,31,76,164,25,94,108,391,14,0,14,405
05/06/2000,OKC,OK,ASW,CE,Towers with Radar,91,8,78,48,225,31,0,0,0,31,122,8,78,48,256,2,18,20,276
05/07/2000,OKC,OK,ASW,CE,Towers with Radar,92,10,76,45,223,28,4,0,0,32,120,14,76,45,255,0,0,0,255
05/08/2000,OKC,OK,ASW,CE,Towers with Radar,156,13,146,98,413,0,0,27,37,64,156,13,173,135,477,0,20,20,497
05/09/2000,OKC,OK,ASW,CE,Towers with Radar,157,26,146,102,431,1,3,16,1,21,158,29,162,103,452,6,6,12,464
05/10/2000,OKC,OK,ASW,CE,Towers with Radar,175,22,196,110,503,0,0,2,0,2,175,22,198,110,505,0,2,2,507
05/11/2000,OKC,OK,ASW,CE,Towers with Radar,156,19,148,100,423,0,4,12,53,69,156,23,160,153,492,8,118,126,618
05/12/2000,OKC,OK,ASW,CE,Towers with Radar,138,18,137,72,365,0,2,41,0,43,138,20,178,72,408,0,0,0,408
05/13/2000,OKC,OK,ASW,CE,Towers with Radar,102,11,88,40,241,19,6,42,0,67,121,17,130,40,308,0,0,0,308
05/14/2000,OKC,OK,ASW,CE,Towers with Radar,89,8,77,38,212,32,0,53,0,85,121,8,130,38,297,6,14,20,317
05/15/2000,OKC,OK,ASW,CE,Towers with Radar,138,14,154,104,410,0,0,1,73,74,138,14,155,177,484,16,92,108,592
05/16/2000,OKC,OK,ASW,CE,Towers with Radar,165,21,160,109,455,0,3,18,4,25,165,24,178,113,480,12,8,20,500
05/17/2000,OKC,OK,ASW,CE,Towers with Radar,136,15,113,80,344,14,7,0,53,74,150,22,113,133,418,10,92,102,520
05/18/2000,OKC,OK,ASW,CE,Towers with Radar,172,20,156,106,454,0,17,3,9,29,172,37,159,115,483,42,38,80,563
05/19/2000,OKC,OK,ASW,CE,Towers with Radar,180,21,154,109,464,0,16,0,13,29,180,37,154,122,493,18,80,98,591
05/20/2000,OKC,OK,ASW,CE,Towers with Radar,110,12,95,43,260,12,4,42,0,58,122,16,137,43,318,8,0,8,326
05/21/2000,OKC,OK,ASW,CE,Towers with Radar,114,13,99,48,274,26,9,11,0,46,140,22,110,48,320,0,0,0,320
05/22/2000,OKC,OK,ASW,CE,Towers with Radar,137,18,139,90,384,0,10,51,0,61,137,28,190,90,445,24,54,78,523
05/23/2000,OKC,OK,ASW,CE,Towers with Radar,161,20,156,106,443,0,10,17,40,67,161,30,173,146,510,52,80,132,642
05/24/2000,OKC,OK,ASW,CE,Towers with Radar,157,18,142,93,410,0,8,65,0,73,157,26,207,93,483,0,0,0,483
05/25/2000,OKC,OK,ASW,CE,Towers with Radar,137,15,106,80,338,27,5,0,5,37,164,20,106,85,375,0,0,0,375
05/26/2000,OKC,OK,ASW,CE,Towers with Radar,140,16,114,66,336,23,16,0,0,39,163,32,114,66,375,0,36,36,411
05/27/2000,OKC,OK,ASW,CE,Towers with Radar,117,13,98,38,266,14,6,0,0,20,131,19,98,38,286,32,4,36,322
05/28/2000,OKC,OK,ASW,CE,Towers with Radar,92,7,79,33,211,23,0,26,0,49,115,7,105,33,260,0,0,0,260
05/29/2000,OKC,OK,ASW,CE,Towers with Radar,94,11,81,34,220,33,3,31,0,67,127,14,112,34,287,0,0,0,287
05/30/2000,OKC,OK,ASW,CE,Towers with Radar,141,18,137,83,379,0,3,5,0,8,141,21,142,83,387,0,0,0,387
05/31/2000,OKC,OK,ASW,CE,Towers with Radar,171,21,162,107,461,0,9,30,0,39,171,30,192,107,500,14,80,94,594
06/01/2000,OKC,OK,ASW,CE,Towers with Radar,156,19,136,94,405,0,0,33,10,43,156,19,169,104,448,12,12,24,472
06/02/2000,OKC,OK,ASW,CE,Towers with Radar,128,16,102,70,316,33,12,14,3,62,161,28,116,73,378,4,0,4,382
06/03/2000,OKC,OK,ASW,CE,Towers with Radar,76,10,37,41,164,52,3,0,9,64,128,13,37,50,228,0,0,0,228
06/04/2000,OKC,OK,ASW,CE,Towers with Radar,78,7,49,42,176,40,0,0,6,46,118,7,49,48,222,0,0,0,222
06/05/2000,OKC,OK,ASW,CE,Towers with Radar,160,23,148,102,433,0,0,17,5,22,160,23,165,107,455,14,64,78,533
06/06/2000,OKC,OK,ASW,CE,Towers with Radar,188,24,153,98,463,0,1,26,0,27,188,25,179,98,490,0,20,20,510
06/07/2000,OKC,OK,ASW,CE,Towers with Radar,164,20,166,115,465,0,0,27,2,29,164,20,193,117,494,8,14,22,516
06/08/2000,OKC,OK,ASW,CE,Towers with Radar,161,23,147,101,432,0,3,35,17,55,161,26,182,118,487,20,6,26,513
06/09/2000,OKC,OK,ASW,CE,Towers with Radar,172,24,154,61,411,0,4,17,0,21,172,28,171,61,432,10,0,10,442
06/10/2000,OKC,OK,ASW,CE,Towers with Radar,109,13,88,56,266,36,0,2,0,38,145,13,90,56,304,0,0,0,304
06/11/2000,OKC,OK,ASW,CE,Towers with Radar,109,4,71,45,229,20,0,0,0,20,129,4,71,45,249,0,0,0,249
06/12/2000,OKC,OK,ASW,CE,Towers with Radar,149,9,119,78,355,3,0,11,0,14,152,9,130,78,369,14,12,26,395
06/13/2000,OKC,OK,ASW,CE,Towers with Radar,151,21,136,94,402,0,4,18,14,36,151,25,154,108,438,0,44,44,482
06/14/2000,OKC,OK,ASW,CE,Towers with Radar,159,22,134,99,414,0,17,0,25,42,159,39,134,124,456,8,8,16,472
06/15/2000,OKC,OK,ASW,CE,Towers with Radar,157,25,160,110,452,0,13,79,18,110,157,38,239,128,562,26,36,62,624
06/16/2000,OKC,OK,ASW,CE,Towers with Radar,127,16,100,70,313,8,9,13,29,59,135,25,113,99,372,59,28,87,459
06/17/2000,OKC,OK,ASW,CE,Towers with Radar,54,6,20,30,110,61,9,0,9,79,115,15,20,39,189,0,0,0,189
06/18/2000,OKC,OK,ASW,CE,Towers with Radar,97,9,69,54,229,21,0,0,19,40,118,9,69,73,269,0,0,0,269
06/19/2000,OKC,OK,ASW,CE,Towers with Radar,122,14,92,67,295,21,4,0,15,40,143,18,92,82,335,0,0,0,335
06/20/2000,OKC,OK,ASW,CE,Towers with Radar,172,27,174,125,498,0,11,0,32,43,172,38,174,157,541,54,32,86,627
06/21/2000,OKC,OK,ASW,CE,Towers with Radar,150,18,112,83,363,30,9,0,0,39,180,27,112,83,402,26,28,54,456
06/22/2000,OKC,OK,ASW,CE,Towers with Radar,167,20,134,95,416,0,5,0,21,26,167,25,134,116,442,0,66,66,508
06/23/2000,OKC,OK,ASW,CE,Towers with Radar,151,20,135,60,366,0,30,72,0,102,151,50,207,60,468,10,0,10,478
06/24/2000,OKC,OK,ASW,CE,Towers with Radar,154,18,121,52,345,3,1,42,0,46,157,19,163,52,391,56,0,56,447
06/25/2000,OKC,OK,ASW,CE,Towers with Radar,93,11,73,51,228,39,2,18,2,61,132,13,91,53,289,26,0,26,315
06/26/2000,OKC,OK,ASW,CE,Towers with Radar,173,20,140,88,421,0,0,4,0,4,173,20,144,88,425,6,24,30,455
06/27/2000,OKC,OK,ASW,CE,Towers with Radar,168,23,150,92,433,0,9,0,0,9,168,32,150,92,442,8,42,50,492
06/28/2000,OKC,OK,ASW,CE,Towers with Radar,152,19,112,88,371,0,13,0,2,15,152,32,112,90,386,20,18,38,424
06/29/2000,OKC,OK,ASW,CE,Towers with Radar,167,24,157,105,453,0,10,50,0,60,167,34,207,105,513,12,8,20,533
06/30/2000,OKC,OK,ASW,CE,Towers with Radar,178,21,144,99,442,0,16,18,4,38,178,37,162,103,480,0,0,0,480
07/01/2000,OKC,OK,ASW,CE,Towers with Radar,100,19,98,38,255,24,2,0,0,26,124,21,98,38,281,6,0,6,287
07/02/2000,OKC,OK,ASW,CE,Towers with Radar,59,6,59,30,154,48,0,8,0,56,107,6,67,30,210,0,0,0,210
07/03/2000,OKC,OK,ASW,CE,Towers with Radar,68,13,68,34,183,35,0,28,0,63,103,13,96,34,246,0,4,4,250
07/04/2000,OKC,OK,ASW,CE,Towers with Radar,112,12,60,28,212,3,9,13,1,26,115,21,73,29,238,0,0,0,238
07/05/2000,OKC,OK,ASW,CE,Towers with Radar,151,30,185,117,483,0,0,0,39,39,151,30,185,156,522,16,38,54,576
07/06/2000,OKC,OK,ASW,CE,Towers with Radar,155,29,168,106,458,0,10,38,19,67,155,39,206,125,525,6,14,20,545
07/07/2000,OKC,OK,ASW,CE,Towers with Radar,165,29,165,104,463,6,7,46,5,64,171,36,211,109,527,32,64,96,623
07/08/2000,OKC,OK,ASW,CE,Towers with Radar,99,17,99,55,270,30,11,20,0,61,129,28,119,55,331,20,0,20,351
07/09/2000,OKC,OK,ASW,CE,Towers with Radar,101,17,98,63,279,17,1,0,10,28,118,18,98,73,307,0,0,0,307
07/10/2000,OKC,OK,ASW,CE,Towers with Radar,135,23,136,85,379,0,2,37,4,43,135,25,173,89,422,38,32,70,492
07/11/2000,OKC,OK,ASW,CE,Towers with Radar,153,33,181,114,481,0,13,30,29,72,153,46,211,143,553,0,47,47,600
07/12/2000,OKC,OK,ASW,CE,Towers with Radar,150,27,157,94,428,0,17,34,0,51,150,44,191,94,479,6,6,12,491
07/13/2000,OKC,OK,ASW,CE,Towers with Radar,161,31,175,77,444,0,9,8,0,17,161,40,183,77,461,70,18,88,549
07/14/2000,OKC,OK,ASW,CE,Towers with Radar,153,31,176,74,434,0,1,15,0,16,153,32,191,74,450,38,32,70,520
07/15/2000,OKC,OK,ASW,CE,Towers with Radar,101,18,101,48,268,14,17,46,0,77,115,35,147,48,345,0,0,0,345
07/16/2000,OKC,OK,ASW,CE,Towers with Radar,90,14,91,55,250,28,0,39,0,67,118,14,130,55,317,60,0,60,377
07/17/2000,OKC,OK,ASW,CE,Towers with Radar,134,24,124,116,398,0,4,11,2,17,134,28,135,118,415,10,28,38,453
07/18/2000,OKC,OK,ASW,CE,Towers with Radar,158,42,186,124,510,0,8,16,8,32,158,50,202,132,542,6,16,22,564
07/19/2000,OKC,OK,ASW,CE,Towers with Radar,151,28,156,98,433,0,7,7,27,41,151,35,163,125,474,6,38,44,518
07/20/2000,OKC,OK,ASW,CE,Towers with Radar,147,27,157,95,426,0,9,37,0,46,147,36,194,95,472,0,26,26,498
07/21/2000,OKC,OK,ASW,CE,Towers with Radar,168,29,168,105,470,21,12,42,10,85,189,41,210,115,555,24,0,24,579
07/22/2000,OKC,OK,ASW,CE,Towers with Radar,125,22,125,67,339,18,16,0,0,34,143,38,125,67,373,24,0,24,397
07/23/2000,OKC,OK,ASW,CE,Towers with Radar,106,18,93,67,284,15,5,0,12,32,121,23,93,79,316,36,0,36,352
07/24/2000,OKC,OK,ASW,CE,Towers with Radar,133,23,182,115,453,0,0,12,25,37,133,23,194,140,490,14,32,46,536
07/25/2000,OKC,OK,ASW,CE,Towers with Radar,164,29,175,114,482,0,0,0,19,19,164,29,175,133,501,8,62,70,571
07/26/2000,OKC,OK,ASW,CE,Towers with Radar,160,33,171,117,481,0,5,0,20,25,160,38,171,137,506,8,106,114,620
07/27/2000,OKC,OK,ASW,CE,Towers with Radar,170,31,161,108,470,2,6,0,10,18,172,37,161,118,488,24,40,64,552
07/28/2000,OKC,OK,ASW,CE,Towers with Radar,131,31,178,86,426,0,12,25,0,37,131,43,203,86,463,44,10,54,517
07/29/2000,OKC,OK,ASW,CE,Towers with Radar,111,19,111,53,294,24,6,8,0,38,135,25,119,53,332,2,0,2,334
07/30/2000,OKC,OK,ASW,CE,Towers with Radar,110,19,110,67,306,2,1,35,3,41,112,20,145,70,347,0,0,0,347
07/31/2000,OKC,OK,ASW,CE,Towers with Radar,130,25,143,90,388,0,1,0,26,27,130,26,143,116,415,0,0,0,415
08/01/2000,OKC,OK,ASW,CE,Towers with Radar,153,33,179,103,468,0,8,39,0,47,153,41,218,103,515,30,48,78,593
08/02/2000,OKC,OK,ASW,CE,Towers with Radar,155,34,182,109,480,0,0,33,16,49,155,34,215,125,529,0,0,0,529
08/03/2000,OKC,OK,ASW,CE,Towers with Radar,154,31,166,99,450,0,6,39,17,62,154,37,205,116,512,18,42,60,572
08/04/2000,OKC,OK,ASW,CE,Towers with Radar,135,27,143,76,381,13,9,35,0,57,148,36,178,76,438,26,20,46,484
08/05/2000,OKC,OK,ASW,CE,Towers with Radar,82,16,87,49,234,29,12,23,0,64,111,28,110,49,298,0,0,0,298
08/06/2000,OKC,OK,ASW,CE,Towers with Radar,84,15,90,54,243,23,0,7,20,50,107,15,97,74,293,0,0,0,293
08/07/2000,OKC,OK,ASW,CE,Towers with Radar,119,24,126,76,345,16,3,23,9,51,135,27,149,85,396,0,0,0,396
08/08/2000,OKC,OK,ASW,CE,Towers with Radar,151,32,169,101,453,0,4,19,13,36,151,36,188,114,489,0,0,0,489
08/09/2000,OKC,OK,ASW,CE,Towers with Radar,155,32,169,101,457,0,9,24,17,50,155,41,193,118,507,0,0,0,507
08/10/2000,OKC,OK,ASW,CE,Towers with Radar,144,29,152,92,417,0,15,6,17,38,144,44,158,109,455,6,28,34,489
08/11/2000,OKC,OK,ASW,CE,Towers with Radar,144,29,152,91,416,8,9,49,10,76,152,38,201,101,492,14,14,28,520
08/12/2000,OKC,OK,ASW,CE,Towers with Radar,113,18,104,57,292,1,11,15,6,33,114,29,119,63,325,0,0,0,325
08/13/2000,OKC,OK,ASW,CE,Towers with Radar,87,18,91,49,245,20,3,54,0,77,107,21,145,49,322,2,38,40,362
08/14/2000,OKC,OK,ASW,CE,Towers with Radar,145,30,160,95,430,0,30,0,17,47,145,60,160,112,477,0,44,44,521
08/15/2000,OKC,OK,ASW,CE,Towers with Radar,142,31,167,99,439,0,11,12,2,25,142,42,179,101,464,0,4,4,468
08/16/2000,OKC,OK,ASW,CE,Towers with Radar,164,34,183,107,488,0,7,16,2,25,164,41,199,109,513,14,2,16,529
08/17/2000,OKC,OK,ASW,CE,Towers with Radar,162,36,192,77,467,0,5,0,0,5,162,41,192,77,472,12,56,68,540
08/18/2000,OKC,OK,ASW,CE,Towers with Radar,166,37,198,110,511,0,12,13,0,25,166,49,211,110,536,14,14,28,564
08/19/2000,OKC,OK,ASW,CE,Towers with Radar,101,20,106,43,270,28,8,21,0,57,129,28,127,43,327,0,0,0,327
08/20/2000,OKC,OK,ASW,CE,Towers with Radar,103,21,109,58,291,24,2,31,0,57,127,23,140,58,348,22,0,22,370
08/21/2000,OKC,OK,ASW,CE,Towers with Radar,139,26,149,92,406,0,0,0,36,36,139,26,149,128,442,0,44,44,486
08/22/2000,OKC,OK,ASW,CE,Towers with Radar,167,35,181,91,474,0,10,21,0,31,167,45,202,91,505,50,36,86,591
08/23/2000,OKC,OK,ASW,CE,Towers with Radar,154,31,163,97,445,4,1,12,16,33,158,32,175,113,478,0,0,0,478
08/24/2000,OKC,OK,ASW,CE,Towers with Radar,162,39,209,124,534,0,6,12,9,27,162,45,221,133,561,16,24,40,601
08/25/2000,OKC,OK,ASW,CE,Towers with Radar,131,26,138,83,378,9,14,36,12,71,140,40,174,95,449,76,32,108,557
08/26/2000,OKC,OK,ASW,CE,Towers with Radar,99,19,104,43,265,20,0,43,0,63,119,19,147,43,328,0,0,0,328
08/27/2000,OKC,OK,ASW,CE,Towers with Radar,79,14,83,46,222,38,0,29,0,67,117,14,112,46,289,0,0,0,289
08/28/2000,OKC,OK,ASW,CE,Towers with Radar,143,29,171,102,445,0,0,11,26,37,143,29,182,128,482,18,60,78,560
08/29/2000,OKC,OK,ASW,CE,Towers with Radar,150,35,176,108,469,0,3,0,9,12,150,38,176,117,481,46,28,74,555
08/30/2000,OKC,OK,ASW,CE,Towers with Radar,153,33,175,105,466,0,11,4,23,38,153,44,179,128,504,20,24,44,548
08/31/2000,OKC,OK,ASW,CE,Towers with Radar,147,29,157,93,426,0,9,18,16,43,147,38,175,109,469,10,30,40,509
09/01/2000,OKC,OK,ASW,CE,Towers with Radar,135,29,144,76,384,4,11,45,0,60,139,40,189,76,444,4,20,24,468
09/02/2000,OKC,OK,ASW,CE,Towers with Radar,80,17,85,41,223,22,7,24,0,53,102,24,109,41,276,2,0,2,278
09/03/2000,OKC,OK,ASW,CE,Towers with Radar,52,11,56,31,150,31,3,28,0,62,83,14,84,31,212,0,0,0,212
09/04/2000,OKC,OK,ASW,CE,Towers with Radar,78,17,82,41,218,26,0,2,0,28,104,17,84,41,246,0,0,0,246
09/05/2000,OKC,OK,ASW,CE,Towers with Radar,130,35,170,109,444,0,0,0,68,68,130,35,170,177,512,22,56,78,590
09/06/2000,OKC,OK,ASW,CE,Towers with Radar,150,32,161,95,438,0,20,31,16,67,150,52,192,111,505,0,16,16,521
09/07/2000,OKC,OK,ASW,CE,Towers with Radar,147,34,172,101,454,0,4,14,17,35,147,38,186,118,489,28,50,78,567
09/08/2000,OKC,OK,ASW,CE,Towers with Radar,144,30,152,82,408,4,10,21,0,35,148,40,173,82,443,20,0,20,463
09/09/2000,OKC,OK,ASW,CE,Towers with Radar,117,18,124,67,326,16,0,6,0,22,133,18,130,67,348,24,10,34,382
09/10/2000,OKC,OK,ASW,CE,Towers with Radar,109,9,115,67,300,14,0,52,0,66,123,9,167,67,366,8,0,8,374
09/11/2000,OKC,OK,ASW,CE,Towers with Radar,133,23,168,99,423,0,0,15,52,67,133,23,183,151,490,0,0,0,490
09/12/2000,OKC,OK,ASW,CE,Towers with Radar,153,35,171,98,457,0,1,2,0,3,153,36,173,98,460,56,66,122,582
09/13/2000,OKC,OK,ASW,CE,Towers with Radar,167,30,189,100,486,0,0,7,0,7,167,30,196,100,493,66,18,84,577
09/14/2000,OKC,OK,ASW,CE,Towers with Radar,166,35,175,102,478,1,4,3,0,8,167,39,178,102,486,0,0,0,486
09/15/2000,OKC,OK,ASW,CE,Towers with Radar,144,32,164,96,436,0,13,32,3,48,144,45,196,99,484,14,26,40,524
09/16/2000,OKC,OK,ASW,CE,Towers with Radar,108,21,115,42,286,0,0,47,0,47,108,21,162,42,333,0,0,0,333
09/17/2000,OKC,OK,ASW,CE,Towers with Radar,113,24,114,70,321,9,4,0,0,13,122,28,114,70,334,24,18,42,376
09/18/2000,OKC,OK,ASW,CE,Towers with Radar,140,35,182,95,452,0,8,8,0,16,140,43,190,95,468,60,64,124,592
09/19/2000,OKC,OK,ASW,CE,Towers with Radar,172,30,165,123,490,0,7,31,16,54,172,37,196,139,544,12,10,22,566
09/20/2000,OKC,OK,ASW,CE,Towers with Radar,139,32,166,99,436,0,13,9,52,74,139,45,175,151,510,24,116,140,650
09/21/2000,OKC,OK,ASW,CE,Towers with Radar,155,32,187,111,485,0,0,56,14,70,155,32,243,125,555,48,90,138,693
09/22/2000,OKC,OK,ASW,CE,Towers with Radar,136,27,144,86,393,6,15,20,16,57,142,42,164,102,450,8,8,16,466
09/23/2000,OKC,OK,ASW,CE,Towers with Radar,111,22,64,49,246,40,24,0,0,64,151,46,64,49,310,12,14,26,336
09/24/2000,OKC,OK,ASW,CE,Towers with Radar,84,7,62,53,206,44,0,0,13,57,128,7,62,66,263,20,12,32,295
09/25/2000,OKC,OK,ASW,CE,Towers with Radar,126,26,135,80,367,9,3,12,11,35,135,29,147,91,402,28,38,66,468
09/26/2000,OKC,OK,ASW,CE,Towers with Radar,162,36,179,110,487,0,6,0,4,10,162,42,179,114,497,0,0,0,497
09/27/2000,OKC,OK,ASW,CE,Towers with Radar,159,39,205,102,505,0,3,0,0,3,159,42,205,102,508,0,0,0,508
09/28/2000,OKC,OK,ASW,CE,Towers with Radar,148,34,180,99,461,0,6,96,0,102,148,40,276,99,563,42,14,56,619
09/29/2000,OKC,OK,ASW,CE,Towers with Radar,133,28,142,64,367,15,22,80,0,117,148,50,222,64,484,0,0,0,484
09/30/2000,OKC,OK,ASW,CE,Towers with Radar,111,22,118,41,292,20,4,57,0,81,131,26,175,41,373,44,22,66,439
10/01/2000,OKC,OK,ASW,CE,Towers with Radar,84,18,73,45,220,34,6,28,0,68,118,24,101,45,288,0,0,0,288
10/02/2000,OKC,OK,ASW,CE,Towers with Radar,129,25,131,74,359,0,0,29,0,29,129,25,160,74,388,28,8,36,424
10/03/2000,OKC,OK,ASW,CE,Towers with Radar,151,36,165,117,469,0,0,26,16,42,151,36,191,133,511,50,50,100,611
10/04/2000,OKC,OK,ASW,CE,Towers with Radar,154,39,183,112,488,0,0,51,0,51,154,39,234,112,539,20,16,36,575
10/05/2000,OKC,OK,ASW,CE,Towers with Radar,144,41,164,118,467,0,0,0,41,41,144,41,164,159,508,92,78,170,678
10/06/2000,OKC,OK,ASW,CE,Towers with Radar,149,33,119,71,372,0,9,0,0,9,149,42,119,71,381,49,0,49,430
10/07/2000,OKC,OK,ASW,CE,Towers with Radar,89,19,78,55,241,22,12,12,0,46,111,31,90,55,287,0,0,0,287
10/08/2000,OKC,OK,ASW,CE,Towers with Radar,119,26,98,73,316,32,2,0,0,34,151,28,98,73,350,0,0,0,350
10/09/2000,OKC,OK,ASW,CE,Towers with Radar,123,13,89,53,278,1,4,45,6,56,124,17,134,59,334,0,0,0,334
10/10/2000,OKC,OK,ASW,CE,Towers with Radar,173,28,157,114,472,1,2,33,18,54,174,30,190,132,526,16,6,22,548
10/11/2000,OKC,OK,ASW,CE,Towers with Radar,146,33,134,94,407,0,10,73,2,85,146,43,207,96,492,40,28,68,560
10/12/2000,OKC,OK,ASW,CE,Towers with Radar,144,34,138,94,410,0,6,37,0,43,144,40,175,94,453,26,60,86,539
10/13/2000,OKC,OK,ASW,CE,Towers with Radar,133,28,117,76,354,15,16,21,0,52,148,44,138,76,406,16,12,28,434
10/14/2000,OKC,OK,ASW,CE,Towers with Radar,73,16,55,43,187,39,16,0,0,55,112,32,55,43,242,6,10,16,258
10/15/2000,OKC,OK,ASW,CE,Towers with Radar,68,7,54,41,170,59,0,0,12,71,127,7,54,53,241,0,0,0,241
10/16/2000,OKC,OK,ASW,CE,Towers with Radar,152,20,131,102,405,0,0,0,29,29,152,20,131,131,434,32,12,44,478
10/17/2000,OKC,OK,ASW,CE,Towers with Radar,156,43,181,133,513,0,0,0,0,0,156,43,181,133,513,100,4,104,617
10/18/2000,OKC,OK,ASW,CE,Towers with Radar,148,44,181,128,501,0,3,21,31,55,148,47,202,159,556,104,36,140,696
10/19/2000,OKC,OK,ASW,CE,Towers with Radar,128,26,162,90,406,0,3,21,1,25,128,29,183,91,431,0,14,14,445
10/20/2000,OKC,OK,ASW,CE,Towers with Radar,134,28,116,77,355,4,8,30,0,42,138,36,146,77,397,0,0,0,397
10/21/2000,OKC,OK,ASW,CE,Towers with Radar,73,16,50,43,182,71,8,0,0,79,144,24,50,43,261,0,0,0,261
10/22/2000,OKC,OK,ASW,CE,Towers with Radar,70,15,31,43,159,41,3,0,17,61,111,18,31,60,220,6,20,26,246
10/23/2000,OKC,OK,ASW,CE,Towers with Radar,122,26,105,74,327,21,8,1,21,51,143,34,106,95,378,0,0,0,378
10/24/2000,OKC,OK,ASW,CE,Towers with Radar,151,35,117,104,407,0,5,0,2,7,151,40,117,106,414,28,20,48,462
10/25/2000,OKC,OK,ASW,CE,Towers with Radar,92,20,76,57,245,56,16,0,13,85,148,36,76,70,330,8,0,8,338
10/26/2000,OKC,OK,ASW,CE,Towers with Radar,126,27,109,77,339,19,23,10,0,52,145,50,119,77,391,46,2,48,439
10/27/2000,OKC,OK,ASW,CE,Towers with Radar,130,29,113,80,352,16,10,22,6,54,146,39,135,86,406,0,0,0,406
10/28/2000,OKC,OK,ASW,CE,Towers with Radar,111,23,96,68,298,11,17,66,10,104,122,40,162,78,402,34,12,46,448
10/29/2000,OKC,OK,ASW,CE,Towers with Radar,113,20,97,54,284,23,0,12,0,35,136,20,109,54,319,27,2,29,348
10/30/2000,OKC,OK,ASW,CE,Towers with Radar,141,39,175,112,467,0,0,25,0,25,141,39,200,112,492,22,31,53,545
10/31/2000,OKC,OK,ASW,CE,Towers with Radar,171,45,162,98,476,0,0,0,0,0,171,45,162,98,476,16,22,38,514
11/01/2000,OKC,OK,ASW,CE,Towers with Radar,162,35,88,98,383,0,18,0,32,50,162,53,88,130,433,0,0,0,433
11/02/2000,OKC,OK,ASW,CE,Towers with Radar,157,40,169,110,476,0,3,103,1,107,157,43,272,111,583,52,38,90,673
11/03/2000,OKC,OK,ASW,CE,Towers with Radar,130,28,104,78,340,15,12,0,5,32,145,40,104,83,372,0,28,28,400
11/04/2000,OKC,OK,ASW,CE,Towers with Radar,87,19,44,52,202,49,16,0,9,74,136,35,44,61,276,10,20,30,306
11/05/2000,OKC,OK,ASW,CE,Towers with Radar,93,12,68,56,229,51,0,0,5,56,144,12,68,61,285,0,0,0,285
11/06/2000,OKC,OK,ASW,CE,Towers with Radar,174,30,165,119,488,0,0,0,0,0,174,30,165,119,488,24,0,24,512
11/07/2000,OKC,OK,ASW,CE,Towers with Radar,121,26,112,71,330,45,9,17,20,91,166,35,129,91,421,0,0,0,421
11/08/2000,OKC,OK,ASW,CE,Towers with Radar,67,14,45,40,166,73,23,0,19,115,140,37,45,59,281,38,0,38,319
11/09/2000,OKC,OK,ASW,CE,Towers with Radar,138,33,138,88,397,0,8,19,0,27,138,41,157,88,424,0,0,0,424
11/10/2000,OKC,OK,ASW,CE,Towers with Radar,136,30,131,63,360,0,24,93,0,117,136,54,224,63,477,0,0,0,477
11/11/2000,OKC,OK,ASW,CE,Towers with Radar,122,26,112,48,308,31,16,0,0,47,153,42,112,48,355,28,0,28,383
11/12/2000,OKC,OK,ASW,CE,Towers with Radar,77,7,69,47,200,71,0,0,4,75,148,7,69,51,275,20,10,30,305
11/13/2000,OKC,OK,ASW,CE,Towers with Radar,140,28,162,100,430,0,0,60,0,60,140,28,222,100,490,0,14,14,504
11/14/2000,OKC,OK,ASW,CE,Towers with Radar,161,40,186,95,482,0,0,23,0,23,161,40,209,95,505,54,64,118,623
11/15/2000,OKC,OK,ASW,CE,Towers with Radar,142,37,154,101,434,0,8,1,9,18,142,45,155,110,452,6,32,38,490
11/16/2000,OKC,OK,ASW,CE,Towers with Radar,144,44,185,121,494,0,7,24,14,45,144,51,209,135,539,34,0,34,573
11/17/2000,OKC,OK,ASW,CE,Towers with Radar,145,39,164,94,442,0,0,56,0,56,145,39,220,94,498,12,16,28,526
11/18/2000,OKC,OK,ASW,CE,Towers with Radar,120,25,109,71,325,0,27,19,0,46,120,52,128,71,371,30,0,30,401
11/19/2000,OKC,OK,ASW,CE,Towers with Radar,121,23,110,73,327,8,0,23,6,37,129,23,133,79,364,0,0,0,364
11/20/2000,OKC,OK,ASW,CE,Towers with Radar,133,38,174,114,459,0,0,18,21,39,133,38,192,135,498,56,34,90,588
11/21/2000,OKC,OK,ASW,CE,Towers with Radar,145,41,178,117,481,0,0,55,25,80,145,41,233,142,561,10,64,74,635
11/22/2000,OKC,OK,ASW,CE,Towers with Radar,143,34,147,90,414,0,5,41,0,46,143,39,188,90,460,14,0,14,474
11/23/2000,OKC,OK,ASW,CE,Towers with Radar,38,8,17,23,86,53,10,0,12,75,91,18,17,35,161,0,0,0,161
11/24/2000,OKC,OK,ASW,CE,Towers with Radar,52,11,32,32,127,65,11,0,6,82,117,22,32,38,209,0,0,0,209
11/25/2000,OKC,OK,ASW,CE,Towers with Radar,103,22,94,47,266,23,3,15,0,41,126,25,109,47,307,0,0,0,307
11/26/2000,OKC,OK,ASW,CE,Towers with Radar,114,25,103,39,281,34,1,31,0,66,148,26,134,39,347,0,0,0,347
11/27/2000,OKC,OK,ASW,CE,Towers with Radar,137,28,149,88,402,0,0,0,0,0,137,28,149,88,402,8,32,40,442
11/28/2000,OKC,OK,ASW,CE,Towers with Radar,179,41,179,106,505,0,0,4,0,4,179,41,183,106,509,66,34,100,609
11/29/2000,OKC,OK,ASW,CE,Towers with Radar,144,35,148,93,420,0,6,28,0,34,144,41,176,93,454,40,22,62,516
11/30/2000,OKC,OK,ASW,CE,Towers with Radar,143,39,166,107,455,0,1,46,48,95,143,40,212,155,550,0,0,0,550
12/01/2000,OKC,OK,ASW,CE,Towers with Radar,146,35,134,90,405,0,1,73,0,74,146,36,207,90,479,0,0,0,479
12/02/2000,OKC,OK,ASW,CE,Towers with Radar,93,17,68,49,227,28,17,17,8,70,121,34,85,57,297,20,0,20,317
12/03/2000,OKC,OK,ASW,CE,Towers with Radar,128,18,101,60,307,0,0,59,0,59,128,18,160,60,366,8,0,8,374
12/04/2000,OKC,OK,ASW,CE,Towers with Radar,155,26,168,95,444,0,0,4,0,4,155,26,172,95,448,26,28,54,502
12/05/2000,OKC,OK,ASW,CE,Towers with Radar,168,37,179,125,509,0,0,3,7,10,168,37,182,132,519,30,30,60,579
12/06/2000,OKC,OK,ASW,CE,Towers with Radar,143,26,106,74,349,0,7,13,10,30,143,33,119,84,379,12,14,26,405
12/07/2000,OKC,OK,ASW,CE,Towers with Radar,150,38,150,104,442,0,6,44,20,70,150,44,194,124,512,32,40,72,584
12/08/2000,OKC,OK,ASW,CE,Towers with Radar,143,34,134,93,404,0,7,46,0,53,143,41,180,93,457,20,0,20,477
12/09/2000,OKC,OK,ASW,CE,Towers with Radar,103,20,76,52,251,2,11,11,11,35,105,31,87,63,286,16,30,46,332
12/10/2000,OKC,OK,ASW,CE,Towers with Radar,101,10,72,52,235,20,0,0,0,20,121,10,72,52,255,16,30,46,301
12/11/2000,OKC,OK,ASW,CE,Towers with Radar,112,21,75,58,266,20,3,0,2,25,132,24,75,60,291,0,16,16,307
12/12/2000,OKC,OK,ASW,CE,Towers with Radar,114,22,72,55,263,20,15,0,0,35,134,37,72,55,298,10,26,36,334
12/13/2000,OKC,OK,ASW,CE,Towers with Radar,52,9,28,26,115,53,10,0,5,68,105,19,28,31,183,0,0,0,183
12/14/2000,OKC,OK,ASW,CE,Towers with Radar,140,26,103,72,341,12,11,57,0,80,152,37,160,72,421,0,0,0,421
12/15/2000,OKC,OK,ASW,CE,Towers with Radar,57,10,33,29,129,15,5,0,5,25,72,15,33,34,154,32,0,32,186
12/16/2000,OKC,OK,ASW,CE,Towers with Radar,85,15,59,41,200,47,0,0,0,47,132,15,59,41,247,0,0,0,247
12/17/2000,OKC,OK,ASW,CE,Towers with Radar,123,19,101,59,302,0,0,39,0,39,123,19,140,59,341,36,4,40,381
12/18/2000,OKC,OK,ASW,CE,Towers with Radar,133,22,152,102,409,0,0,0,0,0,133,22,152,102,409,36,32,68,477
12/19/2000,OKC,OK,ASW,CE,Towers with Radar,144,36,173,97,450,0,0,30,0,30,144,36,203,97,480,14,24,38,518
12/20/2000,OKC,OK,ASW,CE,Towers with Radar,143,38,154,109,444,0,2,7,20,29,143,40,161,129,473,0,0,0,473
12/21/2000,OKC,OK,ASW,CE,Towers with Radar,149,37,146,103,435,0,2,26,41,69,149,39,172,144,504,4,20,24,528
12/22/2000,OKC,OK,ASW,CE,Towers with Radar,138,26,104,61,329,0,11,69,0,80,138,37,173,61,409,0,0,0,409
12/23/2000,OKC,OK,ASW,CE,Towers with Radar,110,20,80,55,265,7,6,35,0,48,117,26,115,55,313,0,0,0,313
12/24/2000,OKC,OK,ASW,CE,Towers with Radar,76,13,55,39,183,42,25,2,0,69,118,38,57,39,252,0,0,0,252
12/25/2000,OKC,OK,ASW,CE,Towers with Radar,20,1,4,9,34,38,0,0,5,43,58,1,4,14,77,0,0,0,77
12/26/2000,OKC,OK,ASW,CE,Towers with Radar,20,3,11,8,42,20,5,0,0,25,40,8,11,8,67,0,0,0,67
12/27/2000,OKC,OK,ASW,CE,Towers with Radar,59,11,21,31,122,68,9,0,12,89,127,20,21,43,211,0,0,0,211
12/28/2000,OKC,OK,ASW,CE,Towers with Radar,94,18,66,49,227,59,16,0,9,84,153,34,66,58,311,0,0,0,311
12/29/2000,OKC,OK,ASW,CE,Towers with Radar,110,20,80,51,261,35,19,14,0,68,145,39,94,51,329,0,8,8,337
12/30/2000,OKC,OK,ASW,CE,Towers with Radar,83,15,60,34,192,36,17,10,0,63,119,32,70,34,255,0,0,0,255
12/31/2000,OKC,OK,ASW,CE,Towers with Radar,41,7,7,20,75,77,0,0,5,82,118,7,7,25,157,0,0,0,157
01/01/2001,OKC,OK,ASW,CE,Towers with Radar,45,6,33,30,114,61,0,0,0,61,106,6,33,30,175,0,0,0,175
01/02/2001,OKC,OK,ASW,CE,Towers with Radar,77,15,45,52,189,65,11,0,9,85,142,26,45,61,274,0,0,0,274
01/03/2001,OKC,OK,ASW,CE,Towers with Radar,135,27,100,90,352,12,9,9,0,30,147,36,109,90,382,0,60,60,442
01/04/2001,OKC,OK,ASW,CE,Towers with Radar,180,40,146,134,500,0,9,22,24,55,180,49,168,158,555,24,30,54,609
01/05/2001,OKC,OK,ASW,CE,Towers with Radar,145,33,123,114,415,0,13,22,0,35,145,46,145,114,450,20,84,104,554
01/06/2001,OKC,OK,ASW,CE,Towers with Radar,128,29,104,96,357,0,2,25,30,57,128,31,129,126,414,24,86,110,524
01/07/2001,OKC,OK,ASW,CE,Towers with Radar,121,24,90,74,309,35,4,27,0,66,156,28,117,74,375,14,0,14,389
01/08/2001,OKC,OK,ASW,CE,Towers with Radar,135,21,129,148,433,0,3,34,5,42,135,24,163,153,475,6,110,116,591
01/09/2001,OKC,OK,ASW,CE,Towers with Radar,148,33,169,108,458,0,6,17,7,30,148,39,186,115,488,44,82,126,614
01/10/2001,OKC,OK,ASW,CE,Towers with Radar,142,28,124,115,409,0,0,0,13,13,142,28,124,128,422,28,10,38,460
01/11/2001,OKC,OK,ASW,CE,Towers with Radar,156,32,115,119,422,0,0,0,0,0,156,32,115,119,422,66,52,118,540
01/12/2001,OKC,OK,ASW,CE,Towers with Radar,112,23,36,69,240,38,5,0,0,43,150,28,36,69,283,0,0,0,283
01/13/2001,OKC,OK,ASW,CE,Towers with Radar,58,11,23,38,130,52,10,0,7,69,110,21,23,45,199,10,20,30,229
01/14/2001,OKC,OK,ASW,CE,Towers with Radar,119,27,98,68,312,0,0,38,0,38,119,27,136,68,350,24,26,50,400
01/15/2001,OKC,OK,ASW,CE,Towers with Radar,112,20,84,49,265,12,0,60,0,72,124,20,144,49,337,0,0,0,337
01/16/2001,OKC,OK,ASW,CE,Towers with Radar,91,20,50,62,223,50,14,0,5,69,141,34,50,67,292,16,0,16,308
01/17/2001,OKC,OK,ASW,CE,Towers with Radar,116,23,70,80,289,52,18,0,11,81,168,41,70,91,370,0,8,8,378
01/18/2001,OKC,OK,ASW,CE,Towers with Radar,149,35,128,119,431,0,9,9,28,46,149,44,137,147,477,16,124,140,617
01/19/2001,OKC,OK,ASW,CE,Towers with Radar,164,43,155,145,507,0,8,6,14,28,164,51,161,159,535,28,80,108,643
01/20/2001,OKC,OK,ASW,CE,Towers with Radar,132,34,124,49,339,0,9,50,0,59,132,43,174,49,398,0,0,0,398
01/21/2001,OKC,OK,ASW,CE,Towers with Radar,110,18,80,56,264,35,0,10,0,45,145,18,90,56,309,18,4,22,331
01/22/2001,OKC,OK,ASW,CE,Towers with Radar,130,42,150,125,447,0,1,18,0,19,130,43,168,125,466,8,46,54,520
01/23/2001,OKC,OK,ASW,CE,Towers with Radar,146,46,174,160,526,0,2,11,2,15,146,48,185,162,541,24,100,124,665
01/24/2001,OKC,OK,ASW,CE,Towers with Radar,146,36,160,148,490,0,0,39,31,70,146,36,199,179,560,12,146,158,718
01/25/2001,OKC,OK,ASW,CE,Towers with Radar,183,42,157,146,528,0,16,0,60,76,183,58,157,206,604,40,140,180,784
01/26/2001,OKC,OK,ASW,CE,Towers with Radar,136,31,109,79,355,0,17,82,0,99,136,48,191,79,454,52,44,96,550
01/27/2001,OKC,OK,ASW,CE,Towers with Radar,84,17,60,55,216,25,6,21,9,61,109,23,81,64,277,0,44,44,321
01/28/2001,OKC,OK,ASW,CE,Towers with Radar,43,8,15,27,93,61,6,0,7,74,104,14,15,34,167,0,0,0,167
01/29/2001,OKC,OK,ASW,CE,Towers with Radar,125,23,59,102,309,0,3,2,3,8,125,26,61,105,317,0,60,60,377
01/30/2001,OKC,OK,ASW,CE,Towers with Radar,132,38,150,103,423,0,3,15,1,19,132,41,165,104,442,26,94,120,562
01/31/2001,OKC,OK,ASW,CE,Towers with Radar,142,33,121,111,407,0,15,38,10,63,142,48,159,121,470,0,0,0,470
02/01/2001,OKC,OK,ASW,CE,Towers with Radar,153,47,189,151,540,0,0,37,38,75,153,47,226,189,615,32,98,130,745
02/02/2001,OKC,OK,ASW,CE,Towers with Radar,136,38,144,115,433,0,4,40,15,59,136,42,184,130,492,90,52,142,634
02/03/2001,OKC,OK,ASW,CE,Towers with Radar,112,29,107,50,298,0,13,50,0,63,112,42,157,50,361,12,0,12,373
02/04/2001,OKC,OK,ASW,CE,Towers with Radar,129,19,99,73,320,1,0,17,0,18,130,19,116,73,338,24,10,34,372
02/05/2001,OKC,OK,ASW,CE,Towers with Radar,124,22,114,92,352,0,0,7,21,28,124,22,121,113,380,16,34,50,430
02/06/2001,OKC,OK,ASW,CE,Towers with Radar,166,36,183,126,511,0,0,67,0,67,166,36,250,126,578,30,48,78,656
02/07/2001,OKC,OK,ASW,CE,Towers with Radar,151,31,111,86,379,0,10,0,0,10,151,41,111,86,389,2,4,6,395
02/08/2001,OKC,OK,ASW,CE,Towers with Radar,127,25,73,79,304,19,23,0,12,54,146,48,73,91,358,14,16,30,388
02/09/2001,OKC,OK,ASW,CE,Towers with Radar,95,19,73,56,243,45,23,2,0,70,140,42,75,56,313,8,0,8,321
02/10/2001,OKC,OK,ASW,CE,Towers with Radar,125,26,96,48,295,0,5,22,0,27,125,31,118,48,322,0,10,10,332
02/11/2001,OKC,OK,ASW,CE,Towers with Radar,93,20,71,57,241,18,8,7,8,41,111,28,78,65,282,0,6,6,288
02/12/2001,OKC,OK,ASW,CE,Towers with Radar,127,26,42,58,253,3,0,0,1,4,130,26,42,59,257,10,0,10,267
02/13/2001,OKC,OK,ASW,CE,Towers with Radar,93,19,41,55,208,70,0,0,0,70,163,19,41,55,278,0,0,0,278
02/14/2001,OKC,OK,ASW,CE,Towers with Radar,81,17,55,50,203,54,12,0,4,70,135,29,55,54,273,0,0,0,273
02/15/2001,OKC,OK,ASW,CE,Towers with Radar,65,14,28,40,147,73,7,0,19,99,138,21,28,59,246,0,0,0,246
02/16/2001,OKC,OK,ASW,CE,Towers with Radar,152,32,109,88,381,13,6,0,0,19,165,38,109,88,400,28,12,40,440
02/17/2001,OKC,OK,ASW,CE,Towers with Radar,111,27,108,66,312,0,0,41,0,41,111,27,149,66,353,36,0,36,389
02/18/2001,OKC,OK,ASW,CE,Towers with Radar,104,22,80,52,258,8,12,8,0,28,112,34,88,52,286,0,0,0,286
02/19/2001,OKC,OK,ASW,CE,Towers with Radar,136,22,106,83,347,0,0,27,0,27,136,22,133,83,374,48,4,52,426
02/20/2001,OKC,OK,ASW,CE,Towers with Radar,123,25,90,75,313,18,12,0,20,50,141,37,90,95,363,0,0,0,363
02/21/2001,OKC,OK,ASW,CE,Towers with Radar,161,41,121,120,443,0,5,0,38,43,161,46,121,158,486,48,58,106,592
02/22/2001,OKC,OK,ASW,CE,Towers with Radar,154,42,161,77,434,0,0,47,0,47,154,42,208,77,481,84,0,84,565
02/23/2001,OKC,OK,ASW,CE,Towers with Radar,73,14,45,43,175,56,21,0,0,77,129,35,45,43,252,0,0,0,252
02/24/2001,OKC,OK,ASW,CE,Towers with Radar,64,13,29,39,145,56,18,0,11,85,120,31,29,50,230,0,0,0,230
02/25/2001,OKC,OK,ASW,CE,Towers with Radar,116,25,105,84,330,0,0,42,18,60,116,25,147,102,390,23,36,59,449
02/26/2001,OKC,OK,ASW,CE,Towers with Radar,153,41,177,143,514,0,0,65,20,85,153,41,242,163,599,54,132,186,785
02/27/2001,OKC,OK,ASW,CE,Towers with Radar,135,29,88,72,324,2,3,0,1,6,137,32,88,73,330,0,0,0,330
02/28/2001,OKC,OK,ASW,CE,Towers with Radar,66,13,30,40,149,80,20,0,18,118,146,33,30,58,267,0,0,0,267
03/01/2001,OKC,OK,ASW,CE,Towers with Radar,112,24,78,75,289,52,21,0,39,112,164,45,78,114,401,0,0,0,401
03/02/2001,OKC,OK,ASW,CE,Towers with Radar,157,43,200,92,492,0,2,0,0,2,157,45,200,92,494,40,10,50,544
03/03/2001,OKC,OK,ASW,CE,Towers with Radar,127,34,165,68,394,0,0,5,0,5,127,34,170,68,399,192,10,202,601
03/04/2001,OKC,OK,ASW,CE,Towers with Radar,135,26,119,94,374,0,0,0,0,0,135,26,119,94,374,26,0,26,400
03/05/2001,OKC,OK,ASW,CE,Towers with Radar,142,41,196,121,500,0,6,23,0,29,142,47,219,121,529,54,54,108,637
03/06/2001,OKC,OK,ASW,CE,Towers with Radar,150,37,183,119,489,0,14,30,6,50,150,51,213,125,539,14,52,66,605
03/07/2001,OKC,OK,ASW,CE,Towers with Radar,157,41,177,112,487,0,10,0,0,10,157,51,177,112,497,120,70,190,687
03/08/2001,OKC,OK,ASW,CE,Towers with Radar,163,38,139,123,463,0,17,0,39,56,163,55,139,162,519,24,46,70,589
03/09/2001,OKC,OK,ASW,CE,Towers with Radar,142,35,174,108,459,0,3,74,0,77,142,38,248,108,536,44,80,124,660
03/10/2001,OKC,OK,ASW,CE,Towers with Radar,96,19,100,64,279,16,18,39,5,78,112,37,139,69,357,36,0,36,393
03/11/2001,OKC,OK,ASW,CE,Towers with Radar,60,12,19,40,131,62,0,0,9,71,122,12,19,49,202,26,0,26,228
03/12/2001,OKC,OK,ASW,CE,Towers with Radar,138,29,159,81,407,0,0,0,0,0,138,29,159,81,407,26,28,54,461
03/13/2001,OKC,OK,ASW,CE,Towers with Radar,138,35,201,116,490,4,8,26,5,43,142,43,227,121,533,46,74,120,653
03/14/2001,OKC,OK,ASW,CE,Towers with Radar,133,33,137,79,382,4,2,8,5,19,137,35,145,84,401,18,12,30,431
03/15/2001,OKC,OK,ASW,CE,Towers with Radar,140,31,57,72,300,4,4,0,2,10,144,35,57,74,310,0,0,0,310
03/16/2001,OKC,OK,ASW,CE,Towers with Radar,135,28,141,93,397,0,9,53,11,73,135,37,194,104,470,0,0,0,470
03/17/2001,OKC,OK,ASW,CE,Towers with Radar,90,18,94,47,249,27,0,14,0,41,117,18,108,47,290,0,0,0,290
03/18/2001,OKC,OK,ASW,CE,Towers with Radar,75,16,78,49,218,48,2,10,0,60,123,18,88,49,278,18,0,18,296
03/19/2001,OKC,OK,ASW,CE,Towers with Radar,128,24,131,87,370,8,0,19,10,37,136,24,150,97,407,58,104,162,569
03/20/2001,OKC,OK,ASW,CE,Towers with Radar,163,35,200,132,530,0,0,91,12,103,163,35,291,144,633,80,62,142,775
03/21/2001,OKC,OK,ASW,CE,Towers with Radar,158,39,182,120,499,0,10,122,8,140,158,49,304,128,639,52,100,152,791
03/22/2001,OKC,OK,ASW,CE,Towers with Radar,151,36,163,87,437,0,5,57,0,62,151,41,220,87,499,54,8,62,561
03/23/2001,OKC,OK,ASW,CE,Towers with Radar,123,27,127,83,360,15,12,23,6,56,138,39,150,89,416,54,32,86,502
03/24/2001,OKC,OK,ASW,CE,Towers with Radar,71,14,73,46,204,42,2,11,2,57,113,16,84,48,261,4,0,4,265
03/25/2001,OKC,OK,ASW,CE,Towers with Radar,78,16,81,52,227,34,15,23,9,81,112,31,104,61,308,30,0,30,338
03/26/2001,OKC,OK,ASW,CE,Towers with Radar,140,20,104,59,323,3,5,34,3,45,143,25,138,62,368,12,0,12,380
03/27/2001,OKC,OK,ASW,CE,Towers with Radar,141,43,102,144,430,3,5,4,3,15,144,48,106,147,445,20,128,148,593
03/28/2001,OKC,OK,ASW,CE,Towers with Radar,119,26,90,66,301,9,4,0,0,13,128,30,90,66,314,14,2,16,330
03/29/2001,OKC,OK,ASW,CE,Towers with Radar,152,31,153,111,447,0,0,0,29,29,152,31,153,140,476,41,28,69,545
03/30/2001,OKC,OK,ASW,CE,Towers with Radar,138,29,141,91,399,0,14,22,23,59,138,43,163,114,458,36,18,54,512
03/31/2001,OKC,OK,ASW,CE,Towers with Radar,94,19,97,61,271,29,1,37,3,70,123,20,134,64,341,0,0,0,341
04/01/2001,OKC,OK,ASW,CE,Towers with Radar,98,23,98,69,288,10,6,9,8,33,108,29,107,77,321,24,10,34,355
04/02/2001,OKC,OK,ASW,CE,Towers with Radar,148,39,169,121,477,0,3,35,23,61,148,42,204,144,538,30,11,41,579
04/03/2001,OKC,OK,ASW,CE,Towers with Radar,149,50,150,126,475,0,8,10,5,23,149,58,160,131,498,5,100,105,603
04/04/2001,OKC,OK,ASW,CE,Towers with Radar,116,27,114,82,339,15,16,0,4,35,131,43,114,86,374,27,40,67,441
04/05/2001,OKC,OK,ASW,CE,Towers with Radar,146,37,148,111,442,0,7,0,17,24,146,44,148,128,466,9,10,19,485
04/06/2001,OKC,OK,ASW,CE,Towers with Radar,106,26,62,76,270,37,24,0,5,66,143,50,62,81,336,0,10,10,346
04/07/2001,OKC,OK,ASW,CE,Towers with Radar,92,22,91,65,270,21,7,19,6,53,113,29,110,71,323,0,6,6,329
04/08/2001,OKC,OK,ASW,CE,Towers with Radar,93,23,93,66,275,21,5,3,10,39,114,28,96,76,314,14,5,19,333
04/09/2001,OKC,OK,ASW,CE,Towers with Radar,139,26,140,139,444,0,4,30,5,39,139,30,170,144,483,30,22,52,535
04/10/2001,OKC,OK,ASW,CE,Towers with Radar,153,46,122,137,458,0,0,11,5,16,153,46,133,142,474,72,82,154,628
04/11/2001,OKC,OK,ASW,CE,Towers with Radar,106,25,106,76,313,21,18,8,4,51,127,43,114,80,364,3,18,21,385
04/12/2001,OKC,OK,ASW,CE,Towers with Radar,148,41,175,104,468,0,8,55,0,63,148,49,230,104,531,34,35,69,600
04/13/2001,OKC,OK,ASW,CE,Towers with Radar,140,40,167,83,430,0,5,93,0,98,140,45,260,83,528,13,0,13,541
04/14/2001,OKC,OK,ASW,CE,Towers with Radar,70,17,55,41,183,61,9,0,0,70,131,26,55,41,253,0,0,0,253
04/15/2001,OKC,OK,ASW,CE,Towers with Radar,108,27,99,56,290,22,1,0,0,23,130,28,99,56,313,0,0,0,313
04/16/2001,OKC,OK,ASW,CE,Towers with Radar,160,34,229,164,587,0,0,30,40,70,160,34,259,204,657,43,46,89,746
04/17/2001,OKC,OK,ASW,CE,Towers with Radar,153,42,259,129,583,0,5,36,5,46,153,47,295,134,629,80,23,103,732
04/18/2001,OKC,OK,ASW,CE,Towers with Radar,138,37,158,99,432,0,13,50,0,63,138,50,208,99,495,0,0,0,495
04/19/2001,OKC,OK,ASW,CE,Towers with Radar,138,33,128,101,400,0,9,0,95,104,138,42,128,196,504,20,94,114,618
04/20/2001,OKC,OK,ASW,CE,Towers with Radar,132,33,138,73,376,0,12,2,0,14,132,45,140,73,390,29,0,29,419
04/21/2001,OKC,OK,ASW,CE,Towers with Radar,97,23,97,70,287,18,1,0,18,37,115,24,97,88,324,10,3,13,337
04/22/2001,OKC,OK,ASW,CE,Towers with Radar,62,14,48,44,168,51,10,0,5,66,113,24,48,49,234,0,0,0,234
04/23/2001,OKC,OK,ASW,CE,Towers with Radar,128,29,130,93,380,6,0,26,5,37,134,29,156,98,417,10,22,32,449
04/24/2001,OKC,OK,ASW,CE,Towers with Radar,146,36,189,103,474,0,9,35,5,49,146,45,224,108,523,50,39,89,612
04/25/2001,OKC,OK,ASW,CE,Towers with Radar,142,38,173,114,467,0,0,56,0,56,142,38,229,114,523,39,23,62,585
04/26/2001,OKC,OK,ASW,CE,Towers with Radar,141,41,173,116,471,0,9,28,0,37,141,50,201,116,508,0,23,23,531
04/27/2001,OKC,OK,ASW,CE,Towers with Radar,153,42,178,95,468,0,3,56,0,59,153,45,234,95,527,4,4,8,535
04/28/2001,OKC,OK,ASW,CE,Towers with Radar,115,22,144,103,384,0,0,22,30,52,115,22,166,133,436,12,15,27,463
04/29/2001,OKC,OK,ASW,CE,Towers with Radar,104,26,106,52,288,12,7,28,0,47,116,33,134,52,335,0,0,0,335
04/30/2001,OKC,OK,ASW,CE,Towers with Radar,130,36,123,108,397,0,3,0,14,17,130,39,123,122,414,5,23,28,442
05/01/2001,OKC,OK,ASW,CE,Towers with Radar,156,38,177,91,462,0,2,21,0,23,156,40,198,91,485,29,77,106,591
05/02/2001,OKC,OK,ASW,CE,Towers with Radar,144,34,125,112,415,0,6,0,10,16,144,40,125,122,431,2,25,27,458
05/03/2001,OKC,OK,ASW,CE,Towers with Radar,135,30,100,97,362,10,10,0,9,29,145,40,100,106,391,25,44,69,460
05/04/2001,OKC,OK,ASW,CE,Towers with Radar,130,28,94,94,346,7,11,0,62,80,137,39,94,156,426,17,17,34,460
05/05/2001,OKC,OK,ASW,CE,Towers with Radar,82,18,85,31,216,44,6,0,0,50,126,24,85,31,266,22,5,27,293
05/06/2001,OKC,OK,ASW,CE,Towers with Radar,82,18,86,59,245,38,3,5,5,51,120,21,91,64,296,2,4,6,302
05/07/2001,OKC,OK,ASW,CE,Towers with Radar,141,31,137,101,410,10,5,0,2,17,151,36,137,103,427,16,35,51,478
05/08/2001,OKC,OK,ASW,CE,Towers with Radar,149,35,169,80,433,0,5,49,0,54,149,40,218,80,487,0,0,0,487
05/09/2001,OKC,OK,ASW,CE,Towers with Radar,141,38,178,83,440,0,3,72,0,75,141,41,250,83,515,0,0,0,515
05/10/2001,OKC,OK,ASW,CE,Towers with Radar,143,38,181,124,486,0,11,14,45,70,143,49,195,169,556,14,79,93,649
05/11/2001,OKC,OK,ASW,CE,Towers with Radar,146,33,155,100,434,0,9,20,0,29,146,42,175,100,463,21,28,49,512
05/12/2001,OKC,OK,ASW,CE,Towers with Radar,107,24,113,40,284,15,2,64,0,81,122,26,177,40,365,39,0,39,404
05/13/2001,OKC,OK,ASW,CE,Towers with Radar,94,18,99,48,259,20,0,37,0,57,114,18,136,48,316,14,0,14,330
05/14/2001,OKC,OK,ASW,CE,Towers with Radar,133,28,166,115,442,0,0,36,14,50,133,28,202,129,492,15,57,72,564
05/15/2001,OKC,OK,ASW,CE,Towers with Radar,150,42,196,135,523,0,1,5,31,37,150,43,201,166,560,19,45,64,624
05/16/2001,OKC,OK,ASW,CE,Towers with Radar,133,35,168,111,447,0,10,21,0,31,133,45,189,111,478,29,32,61,539
05/17/2001,OKC,OK,ASW,CE,Towers with Radar,148,39,186,129,502,0,7,8,41,56,148,46,194,170,558,26,87,113,671
05/18/2001,OKC,OK,ASW,CE,Towers with Radar,135,29,140,96,400,4,8,34,0,46,139,37,174,96,446,20,21,41,487
05/19/2001,OKC,OK,ASW,CE,Towers with Radar,79,18,82,52,231,34,17,7,0,58,113,35,89,52,289,16,0,16,305
05/20/2001,OKC,OK,ASW,CE,Towers with Radar,79,13,76,56,224,43,0,0,0,43,122,13,76,56,267,0,0,0,267
05/21/2001,OKC,OK,ASW,CE,Towers with Radar,94,21,90,67,272,35,3,0,0,38,129,24,90,67,310,0,10,10,320
05/22/2001,OKC,OK,ASW,CE,Towers with Radar,141,37,178,124,480,0,17,37,13,67,141,54,215,137,547,6,19,25,572
05/23/2001,OKC,OK,ASW,CE,Towers with Radar,134,35,168,117,454,0,7,55,1,63,134,42,223,118,517,0,0,0,517
05/24/2001,OKC,OK,ASW,CE,Towers with Radar,124,31,161,77,393,0,0,51,0,51,124,31,212,77,444,24,23,47,491
05/25/2001,OKC,OK,ASW,CE,Towers with Radar,155,39,184,128,506,0,13,39,4,56,155,52,223,132,562,20,20,40,602
05/26/2001,OKC,OK,ASW,CE,Towers with Radar,93,20,92,44,249,40,14,0,0,54,133,34,92,44,303,2,0,2,305
05/27/2001,OKC,OK,ASW,CE,Towers with Radar,68,13,58,45,184,42,0,0,0,42,110,13,58,45,226,0,0,0,226
05/28/2001,OKC,OK,ASW,CE,Towers with Radar,82,16,72,48,218,35,0,0,0,35,117,16,72,48,253,0,0,0,253
05/29/2001,OKC,OK,ASW,CE,Towers with Radar,100,23,72,72,267,28,9,0,27,64,128,32,72,99,331,0,20,20,351
05/30/2001,OKC,OK,ASW,CE,Towers with Radar,144,38,174,122,478,0,4,0,49,53,144,42,174,171,531,1,40,41,572
05/31/2001,OKC,OK,ASW,CE,Towers with Radar,145,40,201,138,524,0,0,26,18,44,145,40,227,156,568,26,24,50,618
06/01/2001,OKC,OK,ASW,CE,Towers with Radar,144,42,184,201,571,0,23,0,13,36,144,65,184,214,607,10,29,39,646
06/02/2001,OKC,OK,ASW,CE,Towers with Radar,94,23,102,68,287,46,8,22,0,76,140,31,124,68,363,22,0,22,385
06/03/2001,OKC,OK,ASW,CE,Towers with Radar,82,10,72,92,256,42,0,0,57,99,124,10,72,149,355,0,50,50,405
06/04/2001,OKC,OK,ASW,CE,Towers with Radar,164,26,90,186,466,0,0,0,155,155,164,26,90,341,621,2,102,104,725
06/05/2001,OKC,OK,ASW,CE,Towers with Radar,155,43,163,205,566,0,8,0,74,82,155,51,163,279,648,34,76,110,758
06/06/2001,OKC,OK,ASW,CE,Towers with Radar,141,42,152,199,534,0,10,0,151,161,141,52,152,350,695,2,157,159,854
06/07/2001,OKC,OK,ASW,CE,Towers with Radar,140,35,162,168,505,0,7,38,54,99,140,42,200,222,604,0,0,0,604
06/08/2001,OKC,OK,ASW,CE,Towers with Radar,134,41,185,193,553,0,0,4,87,91,134,41,189,280,644,10,73,83,727
06/09/2001,OKC,OK,ASW,CE,Towers with Radar,120,24,129,79,352,30,0,0,0,30,150,24,129,79,382,39,23,62,444
06/10/2001,OKC,OK,ASW,CE,Towers with Radar,105,14,114,94,327,32,0,36,0,68,137,14,150,94,395,0,15,15,410
06/11/2001,OKC,OK,ASW,CE,Towers with Radar,127,28,151,157,463,0,0,13,8,21,127,28,164,165,484,81,44,125,609
06/12/2001,OKC,OK,ASW,CE,Towers with Radar,141,34,159,164,498,0,11,37,0,48,141,45,196,164,546,12,38,50,596
06/13/2001,OKC,OK,ASW,CE,Towers with Radar,131,30,141,114,416,2,20,44,0,66,133,50,185,114,482,22,11,33,515
06/14/2001,OKC,OK,ASW,CE,Towers with Radar,100,23,87,111,321,18,11,0,0,29,118,34,87,111,350,11,35,46,396
06/15/2001,OKC,OK,ASW,CE,Towers with Radar,150,37,177,128,492,0,44,72,0,116,150,81,249,128,608,11,4,15,623
06/16/2001,OKC,OK,ASW,CE,Towers with Radar,108,21,116,74,319,18,0,22,0,40,126,21,138,74,359,12,0,12,371
06/17/2001,OKC,OK,ASW,CE,Towers with Radar,84,17,89,66,256,31,0,15,0,46,115,17,104,66,302,0,0,0,302
06/18/2001,OKC,OK,ASW,CE,Towers with Radar,131,35,160,169,495,0,0,13,33,46,131,35,173,202,541,28,49,77,618
06/19/2001,OKC,OK,ASW,CE,Towers with Radar,135,34,152,161,482,0,9,37,15,61,135,43,189,176,543,20,78,98,641
06/20/2001,OKC,OK,ASW,CE,Towers with Radar,137,36,168,174,515,0,11,23,0,34,137,47,191,174,549,7,27,34,583
06/21/2001,OKC,OK,ASW,CE,Towers with Radar,155,38,172,181,546,0,24,14,10,48,155,62,186,191,594,15,30,45,639
06/22/2001,OKC,OK,ASW,CE,Towers with Radar,136,41,188,150,515,0,15,21,0,36,136,56,209,150,551,3,21,24,575
06/23/2001,OKC,OK,ASW,CE,Towers with Radar,114,29,130,69,342,0,2,53,0,55,114,31,183,69,397,23,5,28,425
06/24/2001,OKC,OK,ASW,CE,Towers with Radar,93,22,99,74,288,49,1,40,0,90,142,23,139,74,378,11,0,11,389
06/25/2001,OKC,OK,ASW,CE,Towers with Radar,133,31,154,132,450,0,0,36,0,36,133,31,190,132,486,18,71,89,575
06/26/2001,OKC,OK,ASW,CE,Towers with Radar,140,35,157,142,474,0,11,55,0,66,140,46,212,142,540,26,18,44,584
06/27/2001,OKC,OK,ASW,CE,Towers with Radar,124,29,132,122,407,8,14,43,0,65,132,43,175,122,472,34,36,70,542
06/28/2001,OKC,OK,ASW,CE,Towers with Radar,134,31,117,144,426,7,10,0,0,17,141,41,117,144,443,0,11,11,454
06/29/2001,OKC,OK,ASW,CE,Towers with Radar,141,34,136,142,453,0,15,0,0,15,141,49,136,142,468,24,22,46,514
06/30/2001,OKC,OK,ASW,CE,Towers with Radar,111,19,119,48,297,17,0,19,0,36,128,19,138,48,333,1,0,1,334
07/01/2001,OKC,OK,ASW,CE,Towers with Radar,88,18,114,78,298,49,0,10,0,59,137,18,124,78,357,0,0,0,357
07/02/2001,OKC,OK,ASW,CE,Towers with Radar,133,21,170,168,492,0,5,7,12,24,133,26,177,180,516,40,79,119,635
07/03/2001,OKC,OK,ASW,CE,Towers with Radar,164,46,209,297,716,0,2,10,9,21,164,48,219,306,737,54,107,161,898
07/04/2001,OKC,OK,ASW,CE,Towers with Radar,104,23,71,35,233,0,4,3,5,12,104,27,74,40,245,13,16,29,274
07/05/2001,OKC,OK,ASW,CE,Towers with Radar,150,36,180,193,559,0,0,0,12,12,150,36,180,205,571,3,31,34,605
07/06/2001,OKC,OK,ASW,CE,Towers with Radar,131,34,189,135,489,0,13,19,0,32,131,47,208,135,521,30,29,59,580
07/07/2001,OKC,OK,ASW,CE,Towers with Radar,120,27,152,77,376,7,2,11,0,20,127,29,163,77,396,19,0,19,415
07/08/2001,OKC,OK,ASW,CE,Towers with Radar,72,16,92,66,246,39,5,23,0,67,111,21,115,66,313,0,0,0,313
07/09/2001,OKC,OK,ASW,CE,Towers with Radar,133,27,193,178,531,0,0,0,94,94,133,27,193,272,625,28,77,105,730
07/10/2001,OKC,OK,ASW,CE,Towers with Radar,136,31,172,156,495,4,9,41,11,65,140,40,213,167,560,59,86,145,705
07/11/2001,OKC,OK,ASW,CE,Towers with Radar,144,33,181,165,523,1,16,26,60,103,145,49,207,225,626,63,95,158,784
07/12/2001,OKC,OK,ASW,CE,Towers with Radar,136,38,217,194,585,0,4,4,0,8,136,42,221,194,593,40,44,84,677
07/13/2001,OKC,OK,ASW,CE,Towers with Radar,139,33,181,165,518,0,14,39,27,80,139,47,220,192,598,16,42,58,656
07/14/2001,OKC,OK,ASW,CE,Towers with Radar,81,18,88,51,238,39,3,0,0,42,120,21,88,51,280,14,17,31,311
07/15/2001,OKC,OK,ASW,CE,Towers with Radar,61,13,78,63,215,46,1,13,0,60,107,14,91,63,275,0,0,0,275
07/16/2001,OKC,OK,ASW,CE,Towers with Radar,125,25,147,214,511,0,7,7,5,19,125,32,154,219,530,16,90,106,636
07/17/2001,OKC,OK,ASW,CE,Towers with Radar,135,41,217,184,577,0,4,11,8,23,135,45,228,192,600,32,85,117,717
07/18/2001,OKC,OK,ASW,CE,Towers with Radar,141,37,207,175,560,0,13,34,0,47,141,50,241,175,607,21,34,55,662
07/19/2001,OKC,OK,ASW,CE,Towers with Radar,137,36,199,181,553,0,8,11,4,23,137,44,210,185,576,19,38,57,633
07/20/2001,OKC,OK,ASW,CE,Towers with Radar,137,33,183,139,492,0,12,37,0,49,137,45,220,139,541,34,24,58,599
07/21/2001,OKC,OK,ASW,CE,Towers with Radar,113,26,142,66,347,12,3,43,0,58,125,29,185,66,405,0,0,0,405
07/22/2001,OKC,OK,ASW,CE,Towers with Radar,70,16,89,75,250,48,2,2,0,52,118,18,91,75,302,0,0,0,302
07/23/2001,OKC,OK,ASW,CE,Towers with Radar,128,29,161,143,461,4,2,47,0,53,132,31,208,143,514,22,8,30,544
07/24/2001,OKC,OK,ASW,CE,Towers with Radar,147,37,202,184,570,0,13,6,46,65,147,50,208,230,635,16,92,108,743
07/25/2001,OKC,OK,ASW,CE,Towers with Radar,139,33,189,165,526,0,23,25,0,48,139,56,214,165,574,25,21,46,620
07/26/2001,OKC,OK,ASW,CE,Towers with Radar,170,42,282,297,791,0,0,0,152,152,170,42,282,449,943,9,102,111,1054
07/27/2001,OKC,OK,ASW,CE,Towers with Radar,157,43,244,191,635,0,3,20,0,23,157,46,264,191,658,58,51,109,767
07/28/2001,OKC,OK,ASW,CE,Towers with Radar,105,23,131,62,321,28,6,45,0,79,133,29,176,62,400,0,0,0,400
07/29/2001,OKC,OK,ASW,CE,Towers with Radar,75,15,93,79,262,35,0,1,0,36,110,15,94,79,298,23,9,32,330
07/30/2001,OKC,OK,ASW,CE,Towers with Radar,128,29,126,144,427,4,3,0,38,45,132,32,126,182,472,8,41,49,521
07/31/2001,OKC,OK,ASW,CE,Towers with Radar,136,33,189,145,503,0,19,23,0,42,136,52,212,145,545,24,36,60,605
08/01/2001,OKC,OK,ASW,CE,Towers with Radar,145,46,209,207,607,0,14,40,21,75,145,60,249,228,682,24,106,130,812
08/02/2001,OKC,OK,ASW,CE,Towers with Radar,166,49,224,210,649,0,21,12,0,33,166,70,236,210,682,14,25,39,721
08/03/2001,OKC,OK,ASW,CE,Towers with Radar,146,49,225,177,597,0,1,15,0,16,146,50,240,177,613,44,138,182,795
08/04/2001,OKC,OK,ASW,CE,Towers with Radar,110,17,142,74,343,0,0,23,0,23,110,17,165,74,366,72,32,104,470
08/05/2001,OKC,OK,ASW,CE,Towers with Radar,82,15,100,80,277,27,0,15,0,42,109,15,115,80,319,40,0,40,359
08/06/2001,OKC,OK,ASW,CE,Towers with Radar,108,25,131,129,393,31,0,39,11,81,139,25,170,140,474,40,0,40,514
08/07/2001,OKC,OK,ASW,CE,Towers with Radar,141,39,176,162,518,0,4,35,0,39,141,43,211,162,557,82,126,208,765
08/08/2001,OKC,OK,ASW,CE,Towers with Radar,162,47,220,218,647,0,3,37,10,50,162,50,257,228,697,18,30,48,745
08/09/2001,OKC,OK,ASW,CE,Towers with Radar,126,33,152,150,461,2,19,58,19,98,128,52,210,169,559,30,32,62,621
08/10/2001,OKC,OK,ASW,CE,Towers with Radar,159,40,161,190,550,8,7,0,31,46,167,47,161,221,596,36,38,74,670
08/11/2001,OKC,OK,ASW,CE,Towers with Radar,76,19,91,85,271,46,7,26,0,79,122,26,117,85,350,6,10,16,366
08/12/2001,OKC,OK,ASW,CE,Towers with Radar,63,11,56,67,197,54,0,0,0,54,117,11,56,67,251,28,10,38,289
08/13/2001,OKC,OK,ASW,CE,Towers with Radar,130,33,156,156,475,7,4,78,5,94,137,37,234,161,569,102,94,196,765
08/14/2001,OKC,OK,ASW,CE,Towers with Radar,138,44,184,176,542,0,5,22,3,30,138,49,206,179,572,22,76,98,670
08/15/2001,OKC,OK,ASW,CE,Towers with Radar,154,44,204,203,605,0,8,5,11,24,154,52,209,214,629,30,16,46,675
08/16/2001,OKC,OK,ASW,CE,Towers with Radar,141,47,221,185,594,0,14,58,0,72,141,61,279,185,666,20,54,74,740
08/17/2001,OKC,OK,ASW,CE,Towers with Radar,139,39,152,149,479,0,24,0,0,24,139,63,152,149,503,20,20,40,543
08/18/2001,OKC,OK,ASW,CE,Towers with Radar,104,23,125,75,327,20,0,30,0,50,124,23,155,75,377,44,60,104,481
08/19/2001,OKC,OK,ASW,CE,Towers with Radar,74,16,73,87,250,38,0,0,0,38,112,16,73,87,288,0,2,2,290
08/20/2001,OKC,OK,ASW,CE,Towers with Radar,117,31,140,138,426,15,2,28,10,55,132,33,168,148,481,0,86,86,567
08/21/2001,OKC,OK,ASW,CE,Towers with Radar,136,36,168,167,507,0,10,0,10,20,136,46,168,177,527,18,102,120,647
08/22/2001,OKC,OK,ASW,CE,Towers with Radar,137,36,144,162,479,7,7,0,51,65,144,43,144,213,544,18,158,176,720
08/23/2001,OKC,OK,ASW,CE,Towers with Radar,156,52,213,238,659,0,3,0,149,152,156,55,213,387,811,16,128,144,955
08/24/2001,OKC,OK,ASW,CE,Towers with Radar,168,48,220,218,654,0,9,10,41,60,168,57,230,259,714,60,90,150,864
08/25/2001,OKC,OK,ASW,CE,Towers with Radar,86,23,103,67,279,43,7,47,0,97,129,30,150,67,376,0,10,10,386
08/26/2001,OKC,OK,ASW,CE,Towers with Radar,64,15,76,75,230,40,0,10,14,64,104,15,86,89,294,0,0,0,294
08/27/2001,OKC,OK,ASW,CE,Towers with Radar,146,41,161,188,536,0,5,10,4,19,146,46,171,192,555,16,64,80,635
08/28/2001,OKC,OK,ASW,CE,Towers with Radar,158,49,221,209,637,0,10,19,0,29,158,59,240,209,666,28,52,80,746
08/29/2001,OKC,OK,ASW,CE,Towers with Radar,150,49,222,197,618,0,6,0,0,6,150,55,222,197,624,26,134,160,784
08/30/2001,OKC,OK,ASW,CE,Towers with Radar,150,40,200,201,591,0,0,1,2,3,150,40,201,203,594,18,54,72,666
08/31/2001,OKC,OK,ASW,CE,Towers with Radar,167,43,211,222,643,0,0,0,52,52,167,43,211,274,695,0,4,4,699
09/01/2001,OKC,OK,ASW,CE,Towers with Radar,103,24,111,54,292,4,5,10,0,19,107,29,121,54,311,0,0,0,311
09/02/2001,OKC,OK,ASW,CE,Towers with Radar,59,20,67,49,195,38,2,23,0,63,97,22,90,49,258,0,0,0,258
09/03/2001,OKC,OK,ASW,CE,Towers with Radar,76,17,82,64,239,71,0,0,0,71,147,17,82,64,310,0,0,0,310
09/04/2001,OKC,OK,ASW,CE,Towers with Radar,130,33,145,81,389,0,6,7,0,13,130,39,152,81,402,4,24,28,430
09/05/2001,OKC,OK,ASW,CE,Towers with Radar,156,51,113,94,414,0,5,10,1,16,156,56,123,95,430,6,26,32,462
09/06/2001,OKC,OK,ASW,CE,Towers with Radar,132,56,138,169,495,0,0,2,0,2,132,56,140,169,497,6,4,10,507
09/07/2001,OKC,OK,ASW,CE,Towers with Radar,93,32,99,77,301,34,16,0,0,50,127,48,99,77,351,4,0,4,355
09/08/2001,OKC,OK,ASW,CE,Towers with Radar,118,30,136,112,396,3,0,12,68,83,121,30,148,180,479,20,108,128,607
09/09/2001,OKC,OK,ASW,CE,Towers with Radar,90,24,104,85,303,28,0,24,86,138,118,24,128,171,441,8,70,78,519
09/10/2001,OKC,OK,ASW,CE,Towers with Radar,116,37,182,121,456,0,4,24,0,28,116,41,206,121,484,0,0,0,484
09/11/2001,OKC,OK,ASW,CE,Towers with Radar,29,9,30,21,89,9,5,0,0,14,38,14,30,21,103,0,0,0,103
09/12/2001,OKC,OK,ASW,CE,Towers with Radar,2,0,4,10,16,0,0,0,0,0,2,0,4,10,16,0,0,0,16
09/13/2001,OKC,OK,ASW,CE,Towers with Radar,23,17,19,29,88,0,23,0,0,23,23,40,19,29,111,0,0,0,111
09/14/2001,OKC,OK,ASW,CE,Towers with Radar,77,33,30,85,225,0,37,0,78,115,77,70,30,163,340,0,30,30,370
09/15/2001,OKC,OK,ASW,CE,Towers with Radar,39,14,22,35,110,41,12,0,16,69,80,26,22,51,179,0,0,0,179
09/16/2001,OKC,OK,ASW,CE,Towers with Radar,63,23,32,59,177,22,12,0,12,46,85,35,32,71,223,0,0,0,223
09/17/2001,OKC,OK,ASW,CE,Towers with Radar,110,37,108,227,482,0,0,0,0,0,110,37,108,227,482,12,184,196,678
09/18/2001,OKC,OK,ASW,CE,Towers with Radar,125,54,131,84,394,0,0,0,0,0,125,54,131,84,394,10,0,10,404
09/19/2001,OKC,OK,ASW,CE,Towers with Radar,138,69,223,121,551,0,0,0,0,0,138,69,223,121,551,4,6,10,561
09/20/2001,OKC,OK,ASW,CE,Towers with Radar,137,61,202,165,565,0,12,1,9,22,137,73,203,174,587,14,32,46,633
09/21/2001,OKC,OK,ASW,CE,Towers with Radar,116,56,189,98,459,0,0,0,0,0,116,56,189,98,459,20,31,51,510
09/22/2001,OKC,OK,ASW,CE,Towers with Radar,106,38,116,79,339,0,0,0,0,0,106,38,116,79,339,0,0,0,339
09/23/2001,OKC,OK,ASW,CE,Towers with Radar,87,29,99,81,296,6,1,6,21,34,93,30,105,102,330,0,0,0,330
09/24/2001,OKC,OK,ASW,CE,Towers with Radar,115,39,167,136,457,0,0,19,3,22,115,39,186,139,479,0,8,8,487
09/25/2001,OKC,OK,ASW,CE,Towers with Radar,114,51,174,123,462,0,5,7,0,12,114,56,181,123,474,8,42,50,524
09/26/2001,OKC,OK,ASW,CE,Towers with Radar,136,51,194,129,510,0,13,15,0,28,136,64,209,129,538,2,8,10,548
09/27/2001,OKC,OK,ASW,CE,Towers with Radar,125,52,192,120,489,0,0,66,0,66,125,52,258,120,555,16,2,18,573
09/28/2001,OKC,OK,ASW,CE,Towers with Radar,126,46,153,92,417,0,20,56,0,76,126,66,209,92,493,30,32,62,555
09/29/2001,OKC,OK,ASW,CE,Towers with Radar,95,33,116,57,301,0,13,105,0,118,95,46,221,57,419,0,0,0,419
09/30/2001,OKC,OK,ASW,CE,Towers with Radar,78,26,89,65,258,11,0,48,0,59,89,26,137,65,317,0,0,0,317
10/01/2001,OKC,OK,ASW,CE,Towers with Radar,109,42,129,94,374,0,4,11,0,15,109,46,140,94,389,8,0,8,397
10/02/2001,OKC,OK,ASW,CE,Towers with Radar,118,50,150,129,447,0,12,10,0,22,118,62,160,129,469,18,36,54,523
10/03/2001,OKC,OK,ASW,CE,Towers with Radar,123,47,137,121,428,0,12,0,0,12,123,59,137,121,440,34,28,62,502
10/04/2001,OKC,OK,ASW,CE,Towers with Radar,118,54,147,159,478,0,0,0,44,44,118,54,147,203,522,0,134,134,656
10/05/2001,OKC,OK,ASW,CE,Towers with Radar,114,47,112,135,408,0,17,0,76,93,114,64,112,211,501,0,12,12,513
10/06/2001,OKC,OK,ASW,CE,Towers with Radar,75,28,94,78,275,17,9,19,0,45,92,37,113,78,320,20,0,20,340
10/07/2001,OKC,OK,ASW,CE,Towers with Radar,64,24,80,60,228,27,5,27,0,59,91,29,107,60,287,22,0,22,309
10/08/2001,OKC,OK,ASW,CE,Towers with Radar,98,23,112,66,299,0,0,4,0,4,98,23,116,66,303,18,12,30,333
10/09/2001,OKC,OK,ASW,CE,Towers with Radar,138,49,67,138,392,0,0,3,0,3,138,49,70,138,395,0,28,28,423
10/10/2001,OKC,OK,ASW,CE,Towers with Radar,81,30,90,87,288,35,14,0,26,75,116,44,90,113,363,20,70,90,453
10/11/2001,OKC,OK,ASW,CE,Towers with Radar,113,50,193,119,475,0,0,58,0,58,113,50,251,119,533,8,68,76,609
10/12/2001,OKC,OK,ASW,CE,Towers with Radar,124,46,158,81,409,8,14,21,0,43,132,60,179,81,452,46,54,100,552
10/13/2001,OKC,OK,ASW,CE,Towers with Radar,69,25,87,74,255,24,12,35,11,82,93,37,122,85,337,12,6,18,355
10/14/2001,OKC,OK,ASW,CE,Towers with Radar,64,24,79,57,224,21,1,52,0,74,85,25,131,57,298,4,4,8,306
10/15/2001,OKC,OK,ASW,CE,Towers with Radar,131,34,119,117,401,0,0,8,0,8,131,34,127,117,409,12,38,50,459
10/16/2001,OKC,OK,ASW,CE,Towers with Radar,144,57,289,210,700,0,4,38,6,48,144,61,327,216,748,50,34,84,832
10/17/2001,OKC,OK,ASW,CE,Towers with Radar,122,46,218,154,540,0,2,21,0,23,122,48,239,154,563,42,16,58,621
10/18/2001,OKC,OK,ASW,CE,Towers with Radar,116,48,214,180,558,0,0,22,0,22,116,48,236,180,580,24,46,70,650
10/19/2001,OKC,OK,ASW,CE,Towers with Radar,113,45,155,130,443,0,4,23,18,45,113,49,178,148,488,16,52,68,556
10/20/2001,OKC,OK,ASW,CE,Towers with Radar,81,30,102,68,281,14,21,1,0,36,95,51,103,68,317,0,0,0,317
10/21/2001,OKC,OK,ASW,CE,Towers with Radar,75,27,94,80,276,20,2,22,11,55,95,29,116,91,331,4,36,40,371
10/22/2001,OKC,OK,ASW,CE,Towers with Radar,99,29,135,89,352,0,7,9,0,16,99,36,144,89,368,0,40,40,408
10/23/2001,OKC,OK,ASW,CE,Towers with Radar,118,46,168,110,442,0,3,16,0,19,118,49,184,110,461,26,28,54,515
10/24/2001,OKC,OK,ASW,CE,Towers with Radar,113,43,157,132,445,0,0,4,5,9,113,43,161,137,454,0,12,12,466
10/25/2001,OKC,OK,ASW,CE,Towers with Radar,128,50,217,143,538,0,13,19,2,34,128,63,236,145,572,0,0,0,572
10/26/2001,OKC,OK,ASW,CE,Towers with Radar,116,46,191,142,495,0,0,42,0,42,116,46,233,142,537,0,0,0,537
10/27/2001,OKC,OK,ASW,CE,Towers with Radar,88,31,114,74,307,4,7,40,0,51,92,38,154,74,358,0,0,0,358
10/28/2001,OKC,OK,ASW,CE,Towers with Radar,74,27,97,81,279,13,0,13,0,26,87,27,110,81,305,0,0,0,305
10/29/2001,OKC,OK,ASW,CE,Towers with Radar,94,35,144,115,388,0,5,9,0,14,94,40,153,115,402,26,60,86,488
10/30/2001,OKC,OK,ASW,CE,Towers with Radar,123,50,168,152,493,0,41,0,28,69,123,91,168,180,562,0,104,104,666
10/31/2001,OKC,OK,ASW,CE,Towers with Radar,114,42,152,127,435,0,10,1,35,46,114,52,153,162,481,0,10,10,491
11/01/2001,OKC,OK,ASW,CE,Towers with Radar,112,52,235,167,566,0,2,13,5,20,112,54,248,172,586,4,80,84,670
11/02/2001,OKC,OK,ASW,CE,Towers with Radar,114,43,168,84,409,0,7,8,0,15,114,50,176,84,424,0,0,0,424
11/03/2001,OKC,OK,ASW,CE,Towers with Radar,69,24,84,66,243,23,15,0,3,41,92,39,84,69,284,0,12,12,296
11/04/2001,OKC,OK,ASW,CE,Towers with Radar,119,28,108,91,346,0,11,17,3,31,119,39,125,94,377,8,0,8,385
11/05/2001,OKC,OK,ASW,CE,Towers with Radar,137,50,176,145,508,0,6,0,39,45,137,56,176,184,553,4,24,28,581
11/06/2001,OKC,OK,ASW,CE,Towers with Radar,124,49,306,161,640,0,11,8,8,27,124,60,314,169,667,0,26,26,693
11/07/2001,OKC,OK,ASW,CE,Towers with Radar,126,41,229,167,563,0,0,46,37,83,126,41,275,204,646,0,28,28,674
11/08/2001,OKC,OK,ASW,CE,Towers with Radar,133,53,194,159,539,0,0,0,43,43,133,53,194,202,582,20,44,64,646
11/09/2001,OKC,OK,ASW,CE,Towers with Radar,120,47,206,114,487,0,0,74,0,74,120,47,280,114,561,8,24,32,593
11/10/2001,OKC,OK,ASW,CE,Towers with Radar,94,41,163,81,379,0,12,57,0,69,94,53,220,81,448,0,0,0,448
11/11/2001,OKC,OK,ASW,CE,Towers with Radar,80,27,111,68,286,16,6,56,0,78,96,33,167,68,364,12,2,14,378
11/12/2001,OKC,OK,ASW,CE,Towers with Radar,101,32,113,73,319,8,0,0,0,8,109,32,113,73,327,0,0,0,327
11/13/2001,OKC,OK,ASW,CE,Towers with Radar,137,65,145,132,479,0,0,0,3,3,137,65,145,135,482,0,10,10,492
11/14/2001,OKC,OK,ASW,CE,Towers with Radar,133,57,182,180,552,0,0,7,5,12,133,57,189,185,564,0,46,46,610
11/15/2001,OKC,OK,ASW,CE,Towers with Radar,145,52,230,155,582,0,0,7,0,7,145,52,237,155,589,8,50,58,647
11/16/2001,OKC,OK,ASW,CE,Towers with Radar,114,48,214,119,495,0,0,23,0,23,114,48,237,119,518,18,0,18,536
11/17/2001,OKC,OK,ASW,CE,Towers with Radar,75,25,102,58,260,17,5,2,0,24,92,30,104,58,284,0,0,0,284
11/18/2001,OKC,OK,ASW,CE,Towers with Radar,79,27,109,67,282,27,10,13,0,50,106,37,122,67,332,0,0,0,332
11/19/2001,OKC,OK,ASW,CE,Towers with Radar,104,34,150,160,448,0,0,3,3,6,104,34,153,163,454,66,64,130,584
11/20/2001,OKC,OK,ASW,CE,Towers with Radar,122,50,202,146,520,0,7,61,0,68,122,57,263,146,588,54,78,132,720
11/21/2001,OKC,OK,ASW,CE,Towers with Radar,114,47,193,129,483,0,5,36,0,41,114,52,229,129,524,48,44,92,616
11/22/2001,OKC,OK,ASW,CE,Towers with Radar,50,16,68,45,179,33,7,0,4,44,83,23,68,49,223,0,0,0,223
11/23/2001,OKC,OK,ASW,CE,Towers with Radar,55,17,75,42,189,8,13,9,0,30,63,30,84,42,219,0,0,0,219
11/24/2001,OKC,OK,ASW,CE,Towers with Radar,60,19,82,56,217,25,11,7,9,52,85,30,89,65,269,10,0,10,279
11/25/2001,OKC,OK,ASW,CE,Towers with Radar,90,30,125,76,321,34,6,21,0,61,124,36,146,76,382,0,0,0,382
11/26/2001,OKC,OK,ASW,CE,Towers with Radar,114,47,151,262,574,0,3,6,3,12,114,50,157,265,586,0,60,60,646
11/27/2001,OKC,OK,ASW,CE,Towers with Radar,95,31,125,94,345,24,14,0,28,66,119,45,125,122,411,0,56,56,467
11/28/2001,OKC,OK,ASW,CE,Towers with Radar,44,15,19,40,118,81,17,0,14,112,125,32,19,54,230,0,0,0,230
11/29/2001,OKC,OK,ASW,CE,Towers with Radar,124,43,175,143,485,0,0,0,85,85,124,43,175,228,570,46,174,220,790
11/30/2001,OKC,OK,ASW,CE,Towers with Radar,117,50,191,90,448,0,5,10,3,18,117,55,201,93,466,4,0,4,470
12/01/2001,OKC,OK,ASW,CE,Towers with Radar,89,34,108,100,331,0,4,41,5,50,89,38,149,105,381,0,0,0,381
12/02/2001,OKC,OK,ASW,CE,Towers with Radar,37,13,43,27,120,21,0,14,0,35,58,13,57,27,155,0,0,0,155
12/03/2001,OKC,OK,ASW,CE,Towers with Radar,110,41,111,59,321,0,0,0,0,0,110,41,111,59,321,0,0,0,321
12/04/2001,OKC,OK,ASW,CE,Towers with Radar,129,51,154,174,508,0,0,3,3,6,129,51,157,177,514,4,46,50,564
12/05/2001,OKC,OK,ASW,CE,Towers with Radar,127,48,130,124,429,0,0,2,3,5,127,48,132,127,434,0,34,34,468
12/06/2001,OKC,OK,ASW,CE,Towers with Radar,147,49,233,190,619,0,0,9,0,9,147,49,242,190,628,10,54,64,692
12/07/2001,OKC,OK,ASW,CE,Towers with Radar,112,48,154,132,446,0,4,52,0,56,112,52,206,132,502,36,12,48,550
12/08/2001,OKC,OK,ASW,CE,Towers with Radar,85,28,93,82,288,8,5,70,13,96,93,33,163,95,384,8,0,8,392
12/09/2001,OKC,OK,ASW,CE,Towers with Radar,77,26,85,67,255,34,0,38,0,72,111,26,123,67,327,16,0,16,343
12/10/2001,OKC,OK,ASW,CE,Towers with Radar,131,40,171,171,513,0,3,30,3,36,131,43,201,174,549,18,76,94,643
12/11/2001,OKC,OK,ASW,CE,Towers with Radar,141,46,191,149,527,0,0,2,3,5,141,46,193,152,532,0,44,44,576
12/12/2001,OKC,OK,ASW,CE,Towers with Radar,67,24,51,63,205,45,18,0,2,65,112,42,51,65,270,0,0,0,270
12/13/2001,OKC,OK,ASW,CE,Towers with Radar,128,51,77,74,330,0,0,0,1,1,128,51,77,75,331,0,0,0,331
12/14/2001,OKC,OK,ASW,CE,Towers with Radar,117,56,180,157,510,0,0,13,0,13,117,56,193,157,523,0,0,0,523
12/15/2001,OKC,OK,ASW,CE,Towers with Radar,83,29,87,67,266,7,4,0,0,11,90,33,87,67,277,0,0,0,277
12/16/2001,OKC,OK,ASW,CE,Towers with Radar,116,33,35,65,249,0,0,0,1,1,116,33,35,66,250,0,0,0,250
12/17/2001,OKC,OK,ASW,CE,Towers with Radar,119,50,220,191,580,0,0,40,0,40,119,50,260,191,620,0,0,0,620
12/18/2001,OKC,OK,ASW,CE,Towers with Radar,133,60,191,293,677,0,2,31,5,38,133,62,222,298,715,0,0,0,715
12/19/2001,OKC,OK,ASW,CE,Towers with Radar,123,56,199,180,558,0,0,12,19,31,123,56,211,199,589,0,0,0,589
12/20/2001,OKC,OK,ASW,CE,Towers with Radar,126,51,158,142,477,0,1,13,40,54,126,52,171,182,531,0,0,0,531
12/21/2001,OKC,OK,ASW,CE,Towers with Radar,112,43,134,115,404,0,4,25,0,29,112,47,159,115,433,0,0,0,433
12/22/2001,OKC,OK,ASW,CE,Towers with Radar,65,23,72,63,223,28,15,11,6,60,93,38,83,69,283,0,0,0,283
12/23/2001,OKC,OK,ASW,CE,Towers with Radar,61,21,69,59,210,27,7,24,5,63,88,28,93,64,273,0,0,0,273
12/24/2001,OKC,OK,ASW,CE,Towers with Radar,50,17,55,43,165,23,15,0,0,38,73,32,55,43,203,0,0,0,203
12/25/2001,OKC,OK,ASW,CE,Towers with Radar,45,16,50,42,153,19,7,22,0,48,64,23,72,42,201,0,0,0,201
12/26/2001,OKC,OK,ASW,CE,Towers with Radar,89,31,98,66,284,11,8,4,0,23,100,39,102,66,307,0,0,0,307
12/27/2001,OKC,OK,ASW,CE,Towers with Radar,99,35,109,97,340,14,13,5,14,46,113,48,114,111,386,0,20,20,406
12/28/2001,OKC,OK,ASW,CE,Towers with Radar,88,32,91,86,297,18,8,0,9,35,106,40,91,95,332,2,48,50,382
12/29/2001,OKC,OK,ASW,CE,Towers with Radar,75,27,83,65,250,25,8,14,0,47,100,35,97,65,297,0,0,0,297
12/30/2001,OKC,OK,ASW,CE,Towers with Radar,38,13,15,35,101,38,15,0,11,64,76,28,15,46,165,0,0,0,165
12/31/2001,OKC,OK,ASW,CE,Towers with Radar,51,18,50,49,168,24,18,0,8,50,75,36,50,57,218,0,0,0,218
01/01/2002,OKC,OK,ASW,CE,Towers with Radar,43,16,40,46,145,40,32,0,0,72,83,48,40,46,217,0,0,0,217
01/02/2002,OKC,OK,ASW,CE,Towers with Radar,127,45,106,125,403,0,1,7,6,14,127,46,113,131,417,16,22,38,455
01/03/2002,OKC,OK,ASW,CE,Towers with Radar,107,42,148,121,418,0,6,16,6,28,107,48,164,127,446,8,24,32,478
01/04/2002,OKC,OK,ASW,CE,Towers with Radar,103,44,120,126,393,0,8,0,6,14,103,52,120,132,407,0,56,56,463
01/05/2002,OKC,OK,ASW,CE,Towers with Radar,69,23,69,65,226,22,6,0,33,61,91,29,69,98,287,6,32,38,325
01/06/2002,OKC,OK,ASW,CE,Towers with Radar,86,29,95,64,274,18,6,0,0,24,104,35,95,64,298,0,0,0,298
01/07/2002,OKC,OK,ASW,CE,Towers with Radar,112,34,212,142,500,0,5,17,3,25,112,39,229,145,525,36,66,102,627
01/08/2002,OKC,OK,ASW,CE,Towers with Radar,110,50,200,203,563,0,6,10,6,22,110,56,210,209,585,0,0,0,585
01/09/2002,OKC,OK,ASW,CE,Towers with Radar,114,53,183,154,504,0,3,17,4,24,114,56,200,158,528,62,20,82,610
01/10/2002,OKC,OK,ASW,CE,Towers with Radar,111,49,189,241,590,0,2,25,4,31,111,51,214,245,621,88,180,268,889
01/11/2002,OKC,OK,ASW,CE,Towers with Radar,107,49,198,138,492,0,0,35,0,35,107,49,233,138,527,62,62,124,651
01/12/2002,OKC,OK,ASW,CE,Towers with Radar,90,29,115,86,320,0,0,66,0,66,90,29,181,86,386,0,0,0,386
01/13/2002,OKC,OK,ASW,CE,Towers with Radar,82,26,97,81,286,5,0,30,1,36,87,26,127,82,322,10,20,30,352
01/14/2002,OKC,OK,ASW,CE,Towers with Radar,104,38,198,226,566,0,4,11,4,19,104,42,209,230,585,22,120,142,727
01/15/2002,OKC,OK,ASW,CE,Towers with Radar,108,44,161,127,440,0,8,13,5,26,108,52,174,132,466,2,78,80,546
01/16/2002,OKC,OK,ASW,CE,Towers with Radar,112,45,205,154,516,0,0,12,6,18,112,45,217,160,534,12,68,80,614
01/17/2002,OKC,OK,ASW,CE,Towers with Radar,116,42,133,221,512,0,5,5,6,16,116,47,138,227,528,24,164,188,716
01/18/2002,OKC,OK,ASW,CE,Towers with Radar,58,20,46,54,178,47,16,0,3,66,105,36,46,57,244,0,8,8,252
01/19/2002,OKC,OK,ASW,CE,Towers with Radar,115,40,118,61,334,0,16,7,2,25,115,56,125,63,359,50,0,50,409
01/20/2002,OKC,OK,ASW,CE,Towers with Radar,62,21,70,59,212,37,5,6,9,57,99,26,76,68,269,24,9,33,302
01/21/2002,OKC,OK,ASW,CE,Towers with Radar,83,28,96,52,259,15,3,38,0,56,98,31,134,52,315,24,0,24,339
01/22/2002,OKC,OK,ASW,CE,Towers with Radar,106,45,163,177,491,0,2,16,2,20,106,47,179,179,511,28,162,190,701
01/23/2002,OKC,OK,ASW,CE,Towers with Radar,111,51,130,98,390,0,3,6,2,11,111,54,136,100,401,2,40,42,443
01/24/2002,OKC,OK,ASW,CE,Towers with Radar,109,55,140,134,438,0,3,3,3,9,109,58,143,137,447,20,46,66,513
01/25/2002,OKC,OK,ASW,CE,Towers with Radar,128,57,153,167,505,0,6,11,2,19,128,63,164,169,524,12,72,84,608
01/26/2002,OKC,OK,ASW,CE,Towers with Radar,114,32,130,90,366,0,4,22,4,30,114,36,152,94,396,4,0,4,400
01/27/2002,OKC,OK,ASW,CE,Towers with Radar,79,28,92,72,271,19,2,24,0,45,98,30,116,72,316,14,0,14,330
01/28/2002,OKC,OK,ASW,CE,Towers with Radar,126,49,280,117,572,0,2,20,2,24,126,51,300,119,596,24,52,76,672
01/29/2002,OKC,OK,ASW,CE,Towers with Radar,106,50,129,76,361,0,4,1,3,8,106,54,130,79,369,0,0,0,369
01/30/2002,OKC,OK,ASW,CE,Towers with Radar,29,8,21,21,79,29,16,0,5,50,58,24,21,26,129,0,0,0,129
01/31/2002,OKC,OK,ASW,CE,Towers with Radar,89,39,57,40,225,0,0,8,3,11,89,39,65,43,236,0,0,0,236
02/01/2002,OKC,OK,ASW,CE,Towers with Radar,136,50,215,87,488,17,22,74,0,113,153,72,289,87,601,16,0,16,617
02/02/2002,OKC,OK,ASW,CE,Towers with Radar,90,34,150,67,341,0,8,85,0,93,90,42,235,67,434,100,0,100,534
02/03/2002,OKC,OK,ASW,CE,Towers with Radar,65,22,105,53,245,31,17,38,7,93,96,39,143,60,338,32,0,32,370
02/04/2002,OKC,OK,ASW,CE,Towers with Radar,97,35,168,120,420,1,9,3,15,28,98,44,171,135,448,52,64,116,564
02/05/2002,OKC,OK,ASW,CE,Towers with Radar,96,31,35,75,237,1,2,0,9,12,97,33,35,84,249,0,0,0,249
02/06/2002,OKC,OK,ASW,CE,Towers with Radar,102,41,68,61,272,1,1,0,9,11,103,42,68,70,283,0,0,0,283
02/07/2002,OKC,OK,ASW,CE,Towers with Radar,109,45,219,148,521,1,8,4,11,24,110,53,223,159,545,0,190,190,735
02/08/2002,OKC,OK,ASW,CE,Towers with Radar,109,49,216,77,451,1,4,5,13,23,110,53,221,90,474,0,54,54,528
02/09/2002,OKC,OK,ASW,CE,Towers with Radar,107,20,72,66,265,1,5,6,11,23,108,25,78,77,288,0,12,12,300
02/10/2002,OKC,OK,ASW,CE,Towers with Radar,104,24,69,91,288,1,2,0,9,12,105,26,69,100,300,0,0,0,300
02/11/2002,OKC,OK,ASW,CE,Towers with Radar,140,42,233,150,565,0,0,0,15,15,140,42,233,165,580,34,96,130,710
02/12/2002,OKC,OK,ASW,CE,Towers with Radar,119,45,194,103,461,0,4,26,0,30,119,49,220,103,491,36,48,84,575
02/13/2002,OKC,OK,ASW,CE,Towers with Radar,113,43,217,156,529,1,12,5,12,30,114,55,222,168,559,10,170,180,739
02/14/2002,OKC,OK,ASW,CE,Towers with Radar,111,43,158,100,412,1,5,3,9,18,112,48,161,109,430,20,58,78,508
02/15/2002,OKC,OK,ASW,CE,Towers with Radar,103,36,160,89,388,6,16,7,0,29,109,52,167,89,417,0,0,0,417
02/16/2002,OKC,OK,ASW,CE,Towers with Radar,91,32,143,62,328,8,0,22,0,30,99,32,165,62,358,30,20,50,408
02/17/2002,OKC,OK,ASW,CE,Towers with Radar,71,25,113,61,270,22,7,16,0,45,93,32,129,61,315,0,0,0,315
02/18/2002,OKC,OK,ASW,CE,Towers with Radar,90,28,89,43,250,1,2,2,11,16,91,30,91,54,266,0,0,0,266
02/19/2002,OKC,OK,ASW,CE,Towers with Radar,103,35,137,201,476,1,6,0,9,16,104,41,137,210,492,36,160,196,688
02/20/2002,OKC,OK,ASW,CE,Towers with Radar,116,46,210,117,489,1,9,6,13,29,117,55,216,130,518,16,64,80,598
02/21/2002,OKC,OK,ASW,CE,Towers with Radar,112,46,216,123,497,1,5,5,10,21,113,51,221,133,518,16,76,92,610
02/22/2002,OKC,OK,ASW,CE,Towers with Radar,138,62,294,141,635,0,0,27,0,27,138,62,321,141,662,106,6,112,774
02/23/2002,OKC,OK,ASW,CE,Towers with Radar,98,37,163,75,373,0,6,79,0,85,98,43,242,75,458,10,0,10,468
02/24/2002,OKC,OK,ASW,CE,Towers with Radar,59,21,90,50,220,26,10,0,12,48,85,31,90,62,268,0,0,0,268
02/25/2002,OKC,OK,ASW,CE,Towers with Radar,93,34,87,117,331,1,2,0,8,11,94,36,87,125,342,60,96,156,498
02/26/2002,OKC,OK,ASW,CE,Towers with Radar,105,47,91,74,317,1,3,12,11,27,106,50,103,85,344,16,4,20,364
02/27/2002,OKC,OK,ASW,CE,Towers with Radar,111,51,218,129,509,0,10,2,0,12,111,61,220,129,521,32,48,80,601
02/28/2002,OKC,OK,ASW,CE,Towers with Radar,126,56,278,166,626,2,3,13,9,27,128,59,291,175,653,50,36,86,739
03/01/2002,OKC,OK,ASW,CE,Towers with Radar,128,51,105,115,399,0,1,9,0,10,128,52,114,115,409,12,0,12,421
03/02/2002,OKC,OK,ASW,CE,Towers with Radar,49,17,20,47,133,50,15,0,26,91,99,32,20,73,224,0,0,0,224
03/03/2002,OKC,OK,ASW,CE,Towers with Radar,57,21,55,56,189,27,4,0,4,35,84,25,55,60,224,0,0,0,224
03/04/2002,OKC,OK,ASW,CE,Towers with Radar,111,41,161,147,460,0,1,15,0,16,111,42,176,147,476,18,50,68,544
03/05/2002,OKC,OK,ASW,CE,Towers with Radar,111,49,231,120,511,0,2,19,0,21,111,51,250,120,532,54,24,78,610
03/06/2002,OKC,OK,ASW,CE,Towers with Radar,114,49,161,128,452,0,1,16,0,17,114,50,177,128,469,56,32,88,557
03/07/2002,OKC,OK,ASW,CE,Towers with Radar,118,55,126,139,438,0,4,2,0,6,118,59,128,139,444,18,36,54,498
03/08/2002,OKC,OK,ASW,CE,Towers with Radar,122,53,95,107,377,0,3,3,0,6,122,56,98,107,383,0,28,28,411
03/09/2002,OKC,OK,ASW,CE,Towers with Radar,66,25,73,56,220,24,0,35,0,59,90,25,108,56,279,0,0,0,279
03/10/2002,OKC,OK,ASW,CE,Towers with Radar,84,28,130,86,328,0,16,15,0,31,84,44,145,86,359,36,0,36,395
03/11/2002,OKC,OK,ASW,CE,Towers with Radar,107,49,152,279,587,0,6,26,0,32,107,55,178,279,619,56,176,232,851
03/12/2002,OKC,OK,ASW,CE,Towers with Radar,106,46,162,143,457,0,5,15,0,20,106,51,177,143,477,80,84,164,641
03/13/2002,OKC,OK,ASW,CE,Towers with Radar,104,42,156,136,438,0,8,9,3,20,104,50,165,139,458,20,52,72,530
03/14/2002,OKC,OK,ASW,CE,Towers with Radar,108,55,119,145,427,0,1,11,1,13,108,56,130,146,440,2,66,68,508
03/15/2002,OKC,OK,ASW,CE,Towers with Radar,113,55,158,151,477,0,9,0,21,30,113,64,158,172,507,32,140,172,679
03/16/2002,OKC,OK,ASW,CE,Towers with Radar,93,39,116,104,352,0,11,69,0,80,93,50,185,104,432,30,0,30,462
03/17/2002,OKC,OK,ASW,CE,Towers with Radar,88,27,83,91,289,0,1,15,0,16,88,28,98,91,305,6,34,40,345
03/18/2002,OKC,OK,ASW,CE,Towers with Radar,108,38,69,88,303,0,1,0,0,1,108,39,69,88,304,0,0,0,304
03/19/2002,OKC,OK,ASW,CE,Towers with Radar,79,30,62,82,253,45,17,0,20,82,124,47,62,102,335,0,0,0,335
03/20/2002,OKC,OK,ASW,CE,Towers with Radar,119,58,156,157,490,0,0,0,0,0,119,58,156,157,490,52,36,88,578
03/21/2002,OKC,OK,ASW,CE,Towers with Radar,116,46,153,142,457,0,0,0,4,4,116,46,153,146,461,44,94,138,599
03/22/2002,OKC,OK,ASW,CE,Towers with Radar,112,51,173,127,463,0,4,35,0,39,112,55,208,127,502,22,36,58,560
03/23/2002,OKC,OK,ASW,CE,Towers with Radar,73,29,81,72,255,26,15,46,0,87,99,44,127,72,342,0,0,0,342
03/24/2002,OKC,OK,ASW,CE,Towers with Radar,64,24,70,66,224,25,16,11,21,73,89,40,81,87,297,8,24,32,329
03/25/2002,OKC,OK,ASW,CE,Towers with Radar,85,33,60,88,266,10,5,0,41,56,95,38,60,129,322,0,0,0,322
03/26/2002,OKC,OK,ASW,CE,Towers with Radar,118,50,169,115,452,0,6,17,2,25,118,56,186,117,477,30,60,90,567
03/27/2002,OKC,OK,ASW,CE,Towers with Radar,111,50,184,114,459,0,15,16,7,38,111,65,200,121,497,14,20,34,531
03/28/2002,OKC,OK,ASW,CE,Towers with Radar,111,44,193,154,502,0,0,21,0,21,111,44,214,154,523,50,44,94,617
03/29/2002,OKC,OK,ASW,CE,Towers with Radar,121,49,149,94,413,0,5,64,0,69,121,54,213,94,482,12,0,12,494
03/30/2002,OKC,OK,ASW,CE,Towers with Radar,54,19,59,54,186,33,13,0,13,59,87,32,59,67,245,8,0,8,253
03/31/2002,OKC,OK,ASW,CE,Towers with Radar,62,22,67,58,209,30,5,0,0,35,92,27,67,58,244,0,0,0,244
04/01/2002,OKC,OK,ASW,CE,Towers with Radar,111,49,134,87,381,0,5,8,5,18,111,54,142,92,399,30,8,38,437
04/02/2002,OKC,OK,ASW,CE,Towers with Radar,113,43,92,154,402,0,1,12,2,15,113,44,104,156,417,0,56,56,473
04/03/2002,OKC,OK,ASW,CE,Towers with Radar,121,60,187,113,481,0,2,12,4,18,121,62,199,117,499,12,32,44,543
04/04/2002,OKC,OK,ASW,CE,Towers with Radar,111,43,231,110,495,0,6,25,3,34,111,49,256,113,529,0,0,0,529
04/05/2002,OKC,OK,ASW,CE,Towers with Radar,138,65,216,120,539,0,5,36,0,41,138,70,252,120,580,30,8,38,618
04/06/2002,OKC,OK,ASW,CE,Towers with Radar,76,26,65,67,234,10,10,0,3,23,86,36,65,70,257,0,0,0,257
04/07/2002,OKC,OK,ASW,CE,Towers with Radar,42,13,26,33,114,51,10,0,21,82,93,23,26,54,196,0,0,0,196
04/08/2002,OKC,OK,ASW,CE,Towers with Radar,115,36,110,86,347,0,0,1,1,2,115,36,111,87,349,8,0,8,357
04/09/2002,OKC,OK,ASW,CE,Towers with Radar,121,54,199,106,480,0,5,10,3,18,121,59,209,109,498,90,22,112,610
04/10/2002,OKC,OK,ASW,CE,Towers with Radar,124,49,178,204,555,0,12,24,8,44,124,61,202,212,599,30,122,152,751
04/11/2002,OKC,OK,ASW,CE,Towers with Radar,111,48,172,199,530,0,4,10,1,15,111,52,182,200,545,16,176,192,737
04/12/2002,OKC,OK,ASW,CE,Towers with Radar,100,34,115,91,340,25,9,46,0,80,125,43,161,91,420,36,4,40,460
04/13/2002,OKC,OK,ASW,CE,Towers with Radar,57,18,53,48,176,37,22,0,25,84,94,40,53,73,260,0,0,0,260
04/14/2002,OKC,OK,ASW,CE,Towers with Radar,77,20,85,69,251,23,0,13,10,46,100,20,98,79,297,0,0,0,297
04/15/2002,OKC,OK,ASW,CE,Towers with Radar,109,33,178,110,430,0,11,10,1,22,109,44,188,111,452,0,0,0,452
04/16/2002,OKC,OK,ASW,CE,Towers with Radar,136,52,116,117,421,0,1,12,2,15,136,53,128,119,436,4,16,20,456
04/17/2002,OKC,OK,ASW,CE,Towers with Radar,139,60,168,159,526,0,6,11,1,18,139,66,179,160,544,12,22,34,578
04/18/2002,OKC,OK,ASW,CE,Towers with Radar,109,48,168,105,430,0,0,11,0,11,109,48,179,105,441,0,20,20,461
04/19/2002,OKC,OK,ASW,CE,Towers with Radar,115,40,134,97,386,13,17,45,0,75,128,57,179,97,461,18,20,38,499
04/20/2002,OKC,OK,ASW,CE,Towers with Radar,57,19,42,50,168,34,10,0,45,89,91,29,42,95,257,0,4,4,261
04/21/2002,OKC,OK,ASW,CE,Towers with Radar,93,33,106,87,319,10,6,1,0,17,103,39,107,87,336,54,0,54,390
04/22/2002,OKC,OK,ASW,CE,Towers with Radar,106,39,252,121,518,0,4,40,0,44,106,43,292,121,562,20,82,102,664
04/23/2002,OKC,OK,ASW,CE,Towers with Radar,118,44,164,100,426,0,0,4,2,6,118,44,168,102,432,0,14,14,446
04/24/2002,OKC,OK,ASW,CE,Towers with Radar,115,61,148,207,531,0,0,9,5,14,115,61,157,212,545,16,118,134,679
04/25/2002,OKC,OK,ASW,CE,Towers with Radar,120,51,185,118,474,0,1,30,0,31,120,52,215,118,505,4,12,16,521
04/26/2002,OKC,OK,ASW,CE,Towers with Radar,93,33,106,76,308,19,12,9,0,40,112,45,115,76,348,60,10,70,418
04/27/2002,OKC,OK,ASW,CE,Towers with Radar,78,23,77,72,250,14,0,0,10,24,92,23,77,82,274,12,52,64,338
04/28/2002,OKC,OK,ASW,CE,Towers with Radar,103,26,183,125,437,0,0,13,0,13,103,26,196,125,450,20,54,74,524
04/29/2002,OKC,OK,ASW,CE,Towers with Radar,103,37,124,125,389,0,2,21,0,23,103,39,145,125,412,12,22,34,446
04/30/2002,OKC,OK,ASW,CE,Towers with Radar,116,46,171,183,516,0,0,13,0,13,116,46,184,183,529,0,0,0,529
05/01/2002,OKC,OK,ASW,CE,Towers with Radar,110,58,179,172,519,0,5,16,2,23,110,63,195,174,542,0,146,146,688
05/02/2002,OKC,OK,ASW,CE,Towers with Radar,113,46,190,184,533,0,3,26,0,29,113,49,216,184,562,80,80,160,722
05/03/2002,OKC,OK,ASW,CE,Towers with Radar,109,41,140,132,422,0,13,31,0,44,109,54,171,132,466,0,0,0,466
05/04/2002,OKC,OK,ASW,CE,Towers with Radar,93,26,162,60,341,0,5,5,0,10,93,31,167,60,351,0,0,0,351
05/05/2002,OKC,OK,ASW,CE,Towers with Radar,89,21,63,71,244,0,1,11,0,12,89,22,74,71,256,0,0,0,256
05/06/2002,OKC,OK,ASW,CE,Towers with Radar,98,38,95,203,434,0,0,5,0,5,98,38,100,203,439,8,162,170,609
05/07/2002,OKC,OK,ASW,CE,Towers with Radar,114,40,121,127,402,0,2,4,0,6,114,42,125,127,408,14,32,46,454
05/08/2002,OKC,OK,ASW,CE,Towers with Radar,119,45,133,105,402,0,1,14,4,19,119,46,147,109,421,0,0,0,421
05/09/2002,OKC,OK,ASW,CE,Towers with Radar,111,44,164,209,528,0,7,28,0,35,111,51,192,209,563,18,48,66,629
05/10/2002,OKC,OK,ASW,CE,Towers with Radar,98,34,119,90,341,24,22,15,0,61,122,56,134,90,402,0,0,0,402
05/11/2002,OKC,OK,ASW,CE,Towers with Radar,55,19,65,61,200,34,9,8,5,56,89,28,73,66,256,24,0,24,280
05/12/2002,OKC,OK,ASW,CE,Towers with Radar,44,14,27,48,133,46,4,0,21,71,90,18,27,69,204,10,0,10,214
05/13/2002,OKC,OK,ASW,CE,Towers with Radar,121,49,262,195,627,0,0,17,0,17,121,49,279,195,644,20,92,112,756
05/14/2002,OKC,OK,ASW,CE,Towers with Radar,113,46,203,103,465,0,2,25,2,29,113,48,228,105,494,4,18,22,516
05/15/2002,OKC,OK,ASW,CE,Towers with Radar,106,47,139,161,453,0,6,4,2,12,106,53,143,163,465,4,108,112,577
05/16/2002,OKC,OK,ASW,CE,Towers with Radar,111,42,149,140,442,0,4,23,20,47,111,46,172,160,489,0,38,38,527
05/17/2002,OKC,OK,ASW,CE,Towers with Radar,97,34,118,102,351,18,13,3,0,34,115,47,121,102,385,12,0,12,397
05/18/2002,OKC,OK,ASW,CE,Towers with Radar,108,37,132,120,397,3,6,77,0,86,111,43,209,120,483,0,0,0,483
05/19/2002,OKC,OK,ASW,CE,Towers with Radar,78,27,93,76,274,18,4,43,0,65,96,31,136,76,339,0,0,0,339
05/20/2002,OKC,OK,ASW,CE,Towers with Radar,103,37,143,87,370,0,7,40,4,51,103,44,183,91,421,4,12,16,437
05/21/2002,OKC,OK,ASW,CE,Towers with Radar,113,46,188,162,509,0,2,10,2,14,113,48,198,164,523,6,18,24,547
05/22/2002,OKC,OK,ASW,CE,Towers with Radar,110,45,152,175,482,0,0,0,52,52,110,45,152,227,534,6,62,68,602
05/23/2002,OKC,OK,ASW,CE,Towers with Radar,110,43,140,140,433,0,2,0,13,15,110,45,140,153,448,0,34,34,482
05/24/2002,OKC,OK,ASW,CE,Towers with Radar,91,34,112,106,343,12,8,6,10,36,103,42,118,116,379,0,0,0,379
05/25/2002,OKC,OK,ASW,CE,Towers with Radar,59,22,69,67,217,37,9,0,8,54,96,31,69,75,271,0,0,0,271
05/26/2002,OKC,OK,ASW,CE,Towers with Radar,47,17,56,53,173,30,13,1,10,54,77,30,57,63,227,8,2,10,237
05/27/2002,OKC,OK,ASW,CE,Towers with Radar,81,26,42,59,208,0,5,7,0,12,81,31,49,59,220,0,0,0,220
05/28/2002,OKC,OK,ASW,CE,Towers with Radar,109,43,127,109,388,0,4,14,0,18,109,47,141,109,406,2,33,35,441
05/29/2002,OKC,OK,ASW,CE,Towers with Radar,117,49,156,209,531,0,1,9,0,10,117,50,165,209,541,0,0,0,541
05/30/2002,OKC,OK,ASW,CE,Towers with Radar,112,43,215,177,547,0,0,5,0,5,112,43,220,177,552,2,37,39,591
05/31/2002,OKC,OK,ASW,CE,Towers with Radar,119,48,214,157,538,0,6,38,0,44,119,54,252,157,582,8,28,36,618
06/01/2002,OKC,OK,ASW,CE,Towers with Radar,144,42,184,201,571,0,23,0,13,36,144,65,184,214,607,10,29,39,646
06/02/2002,OKC,OK,ASW,CE,Towers with Radar,94,23,102,68,287,46,8,22,0,76,140,31,124,68,363,22,0,22,385
06/03/2002,OKC,OK,ASW,CE,Towers with Radar,82,10,72,92,256,42,0,0,57,99,124,10,72,149,355,0,50,50,405
06/04/2002,OKC,OK,ASW,CE,Towers with Radar,164,26,90,186,466,0,0,0,155,155,164,26,90,341,621,2,102,104,725
06/05/2002,OKC,OK,ASW,CE,Towers with Radar,155,43,163,205,566,0,8,0,74,82,155,51,163,279,648,34,76,110,758
06/06/2002,OKC,OK,ASW,CE,Towers with Radar,141,42,152,199,534,0,10,0,151,161,141,52,152,350,695,2,157,159,854
06/07/2002,OKC,OK,ASW,CE,Towers with Radar,140,35,162,168,505,0,7,38,54,99,140,42,200,222,604,0,0,0,604
06/08/2002,OKC,OK,ASW,CE,Towers with Radar,134,41,185,193,553,0,0,4,87,91,134,41,189,280,644,10,73,83,727
06/09/2002,OKC,OK,ASW,CE,Towers with Radar,120,24,129,79,352,30,0,0,0,30,150,24,129,79,382,39,23,62,444
06/10/2002,OKC,OK,ASW,CE,Towers with Radar,105,14,114,94,327,32,0,36,0,68,137,14,150,94,395,0,15,15,410
06/11/2002,OKC,OK,ASW,CE,Towers with Radar,127,28,151,157,463,0,0,13,8,21,127,28,164,165,484,81,44,125,609
06/12/2002,OKC,OK,ASW,CE,Towers with Radar,141,34,159,164,498,0,11,37,0,48,141,45,196,164,546,12,38,50,596
06/13/2002,OKC,OK,ASW,CE,Towers with Radar,131,30,141,114,416,2,20,44,0,66,133,50,185,114,482,22,11,33,515
06/14/2002,OKC,OK,ASW,CE,Towers with Radar,100,23,87,111,321,18,11,0,0,29,118,34,87,111,350,11,35,46,396
06/15/2002,OKC,OK,ASW,CE,Towers with Radar,150,37,177,128,492,0,44,72,0,116,150,81,249,128,608,11,4,15,623
06/16/2002,OKC,OK,ASW,CE,Towers with Radar,108,21,116,74,319,18,0,22,0,40,126,21,138,74,359,12,0,12,371
06/17/2002,OKC,OK,ASW,CE,Towers with Radar,84,17,89,66,256,31,0,15,0,46,115,17,104,66,302,0,0,0,302
06/18/2002,OKC,OK,ASW,CE,Towers with Radar,131,35,160,169,495,0,0,13,33,46,131,35,173,202,541,28,49,77,618
06/19/2002,OKC,OK,ASW,CE,Towers with Radar,135,34,152,161,482,0,9,37,15,61,135,43,189,176,543,20,78,98,641
06/20/2002,OKC,OK,ASW,CE,Towers with Radar,137,36,168,174,515,0,11,23,0,34,137,47,191,174,549,7,27,34,583
06/21/2002,OKC,OK,ASW,CE,Towers with Radar,155,38,172,181,546,0,24,14,10,48,155,62,186,191,594,15,30,45,639
06/22/2002,OKC,OK,ASW,CE,Towers with Radar,136,41,188,150,515,0,15,21,0,36,136,56,209,150,551,3,21,24,575
06/23/2002,OKC,OK,ASW,CE,Towers with Radar,114,29,130,69,342,0,2,53,0,55,114,31,183,69,397,23,5,28,425
06/24/2002,OKC,OK,ASW,CE,Towers with Radar,93,22,99,74,288,49,1,40,0,90,142,23,139,74,378,11,0,11,389
06/25/2002,OKC,OK,ASW,CE,Towers with Radar,133,31,154,132,450,0,0,36,0,36,133,31,190,132,486,18,71,89,575
06/26/2002,OKC,OK,ASW,CE,Towers with Radar,140,35,157,142,474,0,11,55,0,66,140,46,212,142,540,26,18,44,584
06/27/2002,OKC,OK,ASW,CE,Towers with Radar,124,29,132,122,407,8,14,43,0,65,132,43,175,122,472,34,36,70,542
06/28/2002,OKC,OK,ASW,CE,Towers with Radar,134,31,117,144,426,7,10,0,0,17,141,41,117,144,443,0,11,11,454
06/29/2002,OKC,OK,ASW,CE,Towers with Radar,141,34,136,142,453,0,15,0,0,15,141,49,136,142,468,24,22,46,514
06/30/2002,OKC,OK,ASW,CE,Towers with Radar,111,19,119,48,297,17,0,19,0,36,128,19,138,48,333,1,0,1,334
07/01/2002,OKC,OK,ASW,CE,Towers with Radar,93,41,52,78,264,4,0,0,0,4,97,41,52,78,268,0,0,0,268
07/02/2002,OKC,OK,ASW,CE,Towers with Radar,117,55,136,104,412,0,0,0,0,0,117,55,136,104,412,0,30,30,442
07/03/2002,OKC,OK,ASW,CE,Towers with Radar,119,44,117,78,358,0,11,9,0,20,119,55,126,78,378,0,0,0,378
07/04/2002,OKC,OK,ASW,CE,Towers with Radar,52,20,71,51,194,40,9,0,9,58,92,29,71,60,252,0,0,0,252
07/05/2002,OKC,OK,ASW,CE,Towers with Radar,64,25,88,63,240,21,16,20,15,72,85,41,108,78,312,0,0,0,312
07/06/2002,OKC,OK,ASW,CE,Towers with Radar,52,20,65,52,189,36,14,0,11,61,88,34,65,63,250,0,0,0,250
07/07/2002,OKC,OK,ASW,CE,Towers with Radar,71,27,96,66,260,24,19,25,0,68,95,46,121,66,328,0,0,0,328
07/08/2002,OKC,OK,ASW,CE,Towers with Radar,104,49,178,108,439,0,8,27,0,35,104,57,205,108,474,44,8,52,526
07/09/2002,OKC,OK,ASW,CE,Towers with Radar,124,51,270,118,563,0,2,16,1,19,124,53,286,119,582,24,4,28,610
07/10/2002,OKC,OK,ASW,CE,Towers with Radar,122,62,219,182,585,0,4,10,1,15,122,66,229,183,600,0,0,0,600
07/11/2002,OKC,OK,ASW,CE,Towers with Radar,114,50,249,106,519,0,6,7,2,15,114,56,256,108,534,14,48,62,596
07/12/2002,OKC,OK,ASW,CE,Towers with Radar,123,51,179,132,485,0,8,14,58,80,123,59,193,190,565,20,58,78,643
07/13/2002,OKC,OK,ASW,CE,Towers with Radar,73,28,99,72,272,12,6,24,8,50,85,34,123,80,322,30,108,138,460
07/14/2002,OKC,OK,ASW,CE,Towers with Radar,84,32,111,74,301,0,4,8,0,12,84,36,119,74,313,0,0,0,313
07/15/2002,OKC,OK,ASW,CE,Towers with Radar,101,46,165,106,418,0,1,22,0,23,101,47,187,106,441,16,6,22,463
07/16/2002,OKC,OK,ASW,CE,Towers with Radar,98,47,174,110,429,0,1,10,0,11,98,48,184,110,440,38,46,84,524
07/17/2002,OKC,OK,ASW,CE,Towers with Radar,117,51,137,121,426,0,4,3,1,8,117,55,140,122,434,30,54,84,518
07/18/2002,OKC,OK,ASW,CE,Towers with Radar,107,51,200,160,518,0,9,6,0,15,107,60,206,160,533,2,66,68,601
07/19/2002,OKC,OK,ASW,CE,Towers with Radar,106,50,176,116,448,0,0,6,0,6,106,50,182,116,454,30,18,48,502
07/20/2002,OKC,OK,ASW,CE,Towers with Radar,78,32,108,73,291,13,2,60,0,75,91,34,168,73,366,10,0,10,376
07/21/2002,OKC,OK,ASW,CE,Towers with Radar,86,30,123,83,322,0,2,5,0,7,86,32,128,83,329,0,0,0,329
07/22/2002,OKC,OK,ASW,CE,Towers with Radar,95,45,138,117,395,0,8,0,0,8,95,53,138,117,403,0,46,46,449
07/23/2002,OKC,OK,ASW,CE,Towers with Radar,109,50,151,150,460,0,1,0,1,2,109,51,151,151,462,28,50,78,540
07/24/2002,OKC,OK,ASW,CE,Towers with Radar,103,51,153,159,466,0,4,7,0,11,103,55,160,159,477,22,146,168,645
07/25/2002,OKC,OK,ASW,CE,Towers with Radar,108,50,203,107,468,0,0,27,0,27,108,50,230,107,495,36,0,36,531
07/26/2002,OKC,OK,ASW,CE,Towers with Radar,104,52,205,112,473,0,3,5,1,9,104,55,210,113,482,6,34,40,522
07/27/2002,OKC,OK,ASW,CE,Towers with Radar,69,28,97,70,264,17,7,45,0,69,86,35,142,70,333,130,0,130,463
07/28/2002,OKC,OK,ASW,CE,Towers with Radar,84,29,74,121,308,0,7,1,0,8,84,36,75,121,316,0,170,170,486
07/29/2002,OKC,OK,ASW,CE,Towers with Radar,97,39,108,118,362,0,1,7,0,8,97,40,115,118,370,0,0,0,370
07/30/2002,OKC,OK,ASW,CE,Towers with Radar,120,48,187,164,519,0,5,5,1,11,120,53,192,165,530,10,8,18,548
07/31/2002,OKC,OK,ASW,CE,Towers with Radar,111,48,154,145,458,0,2,10,4,16,111,50,164,149,474,8,20,28,502
08/01/2002,OKC,OK,ASW,CE,Towers with Radar,101,46,165,129,441,0,18,4,0,22,101,64,169,129,463,16,6,22,485
08/02/2002,OKC,OK,ASW,CE,Towers with Radar,105,48,126,152,431,0,15,0,60,75,105,63,126,212,506,24,88,112,618
08/03/2002,OKC,OK,ASW,CE,Towers with Radar,64,23,84,67,238,26,8,57,0,91,90,31,141,67,329,0,0,0,329
08/04/2002,OKC,OK,ASW,CE,Towers with Radar,90,30,105,70,295,0,5,7,1,13,90,35,112,71,308,12,8,20,328
08/05/2002,OKC,OK,ASW,CE,Towers with Radar,123,41,138,174,476,0,2,28,0,30,123,43,166,174,506,56,52,108,614
08/06/2002,OKC,OK,ASW,CE,Towers with Radar,107,47,160,207,521,0,10,23,2,35,107,57,183,209,556,78,150,228,784
08/07/2002,OKC,OK,ASW,CE,Towers with Radar,119,49,171,140,479,0,6,32,0,38,119,55,203,140,517,0,0,0,517
08/08/2002,OKC,OK,ASW,CE,Towers with Radar,107,50,173,155,485,0,0,3,10,13,107,50,176,165,498,0,20,20,518
08/09/2002,OKC,OK,ASW,CE,Towers with Radar,102,52,167,114,435,0,4,17,0,21,102,56,184,114,456,18,0,18,474
08/10/2002,OKC,OK,ASW,CE,Towers with Radar,57,22,76,68,223,37,16,16,0,69,94,38,92,68,292,0,0,0,292
08/11/2002,OKC,OK,ASW,CE,Towers with Radar,65,24,87,80,256,41,16,9,20,86,106,40,96,100,342,0,52,52,394
08/12/2002,OKC,OK,ASW,CE,Towers with Radar,96,34,121,127,378,0,0,0,39,39,96,34,121,166,417,64,92,156,573
08/13/2002,OKC,OK,ASW,CE,Towers with Radar,99,38,81,68,286,0,4,6,0,10,99,42,87,68,296,0,0,0,296
08/14/2002,OKC,OK,ASW,CE,Towers with Radar,98,37,157,83,375,0,2,7,1,10,98,39,164,84,385,6,8,14,399
08/15/2002,OKC,OK,ASW,CE,Towers with Radar,99,41,168,152,460,0,0,0,4,4,99,41,168,156,464,0,14,14,478
08/16/2002,OKC,OK,ASW,CE,Towers with Radar,102,49,144,110,405,0,5,0,0,5,102,54,144,110,410,0,0,0,410
08/17/2002,OKC,OK,ASW,CE,Towers with Radar,68,26,90,82,266,19,12,12,15,58,87,38,102,97,324,30,30,60,384
08/18/2002,OKC,OK,ASW,CE,Towers with Radar,58,22,77,71,228,28,8,35,2,73,86,30,112,73,301,12,0,12,313
08/19/2002,OKC,OK,ASW,CE,Towers with Radar,108,41,175,131,455,0,0,8,0,8,108,41,183,131,463,4,10,14,477
08/20/2002,OKC,OK,ASW,CE,Towers with Radar,109,43,229,143,524,0,8,35,1,44,109,51,264,144,568,0,0,0,568
08/21/2002,OKC,OK,ASW,CE,Towers with Radar,105,41,140,130,416,0,1,15,0,16,105,42,155,130,432,0,28,28,460
08/22/2002,OKC,OK,ASW,CE,Towers with Radar,103,40,194,135,472,0,0,44,0,44,103,40,238,135,516,36,20,56,572
08/23/2002,OKC,OK,ASW,CE,Towers with Radar,107,43,161,131,442,0,0,64,0,64,107,43,225,131,506,14,12,26,532
08/24/2002,OKC,OK,ASW,CE,Towers with Radar,56,21,74,68,219,39,13,19,15,86,95,34,93,83,305,20,0,20,325
08/25/2002,OKC,OK,ASW,CE,Towers with Radar,55,21,59,68,203,46,11,0,15,72,101,32,59,83,275,0,0,0,275
08/26/2002,OKC,OK,ASW,CE,Towers with Radar,99,38,166,158,461,0,0,0,39,39,99,38,166,197,500,2,102,104,604
08/27/2002,OKC,OK,ASW,CE,Towers with Radar,116,42,175,156,489,0,0,4,6,10,116,42,179,162,499,52,42,94,593
08/28/2002,OKC,OK,ASW,CE,Towers with Radar,108,45,167,145,465,0,5,16,4,25,108,50,183,149,490,40,42,82,572
08/29/2002,OKC,OK,ASW,CE,Towers with Radar,103,48,182,170,503,0,3,13,2,18,103,51,195,172,521,0,0,0,521
08/30/2002,OKC,OK,ASW,CE,Towers with Radar,102,42,143,94,381,0,2,21,0,23,102,44,164,94,404,8,24,32,436
08/31/2002,OKC,OK,ASW,CE,Towers with Radar,70,26,93,61,250,18,9,49,0,76,88,35,142,61,326,0,0,0,326
09/01/2002,OKC,OK,ASW,CE,Towers with Radar,42,16,71,48,177,20,9,11,7,47,62,25,82,55,224,0,0,0,224
09/02/2002,OKC,OK,ASW,CE,Towers with Radar,57,24,92,61,234,26,5,20,5,56,83,29,112,66,290,40,0,40,330
09/03/2002,OKC,OK,ASW,CE,Towers with Radar,98,38,144,100,380,0,4,37,4,45,98,42,181,104,425,16,42,58,483
09/04/2002,OKC,OK,ASW,CE,Towers with Radar,105,42,172,157,476,0,2,19,5,26,105,44,191,162,502,0,18,18,520
09/05/2002,OKC,OK,ASW,CE,Towers with Radar,109,45,200,133,487,0,2,15,11,28,109,47,215,144,515,32,102,134,649
09/06/2002,OKC,OK,ASW,CE,Towers with Radar,108,55,238,140,541,0,0,0,0,0,108,55,238,140,541,4,20,24,565
09/07/2002,OKC,OK,ASW,CE,Towers with Radar,79,34,131,87,331,0,6,112,0,118,79,40,243,87,449,0,0,0,449
09/08/2002,OKC,OK,ASW,CE,Towers with Radar,60,26,91,66,243,35,14,0,4,53,95,40,91,70,296,0,0,0,296
09/09/2002,OKC,OK,ASW,CE,Towers with Radar,93,38,147,95,373,5,0,0,0,5,98,38,147,95,378,54,22,76,454
09/10/2002,OKC,OK,ASW,CE,Towers with Radar,110,42,208,143,503,0,2,16,3,21,110,44,224,146,524,0,0,0,524
09/11/2002,OKC,OK,ASW,CE,Towers with Radar,98,34,185,118,435,0,2,30,6,38,98,36,215,124,473,8,8,16,489
09/12/2002,OKC,OK,ASW,CE,Towers with Radar,99,43,175,93,410,0,0,0,0,0,99,43,175,93,410,8,12,20,430
09/13/2002,OKC,OK,ASW,CE,Towers with Radar,99,42,115,110,366,2,11,0,2,15,101,53,115,112,381,4,10,14,395
09/14/2002,OKC,OK,ASW,CE,Towers with Radar,47,21,77,52,197,31,14,21,18,84,78,35,98,70,281,0,12,12,293
09/15/2002,OKC,OK,ASW,CE,Towers with Radar,94,33,94,78,299,0,0,5,2,7,94,33,99,80,306,0,12,12,318
09/16/2002,OKC,OK,ASW,CE,Towers with Radar,96,41,136,118,391,0,0,0,70,70,96,41,136,188,461,32,128,160,621
09/17/2002,OKC,OK,ASW,CE,Towers with Radar,102,50,168,152,472,0,1,8,7,16,102,51,176,159,488,0,34,34,522
09/18/2002,OKC,OK,ASW,CE,Towers with Radar,103,48,164,113,428,0,3,12,2,17,103,51,176,115,445,0,20,20,465
09/19/2002,OKC,OK,ASW,CE,Towers with Radar,93,46,150,129,418,0,0,0,0,0,93,46,150,129,418,12,10,22,440
09/20/2002,OKC,OK,ASW,CE,Towers with Radar,104,50,191,134,479,0,0,0,3,3,104,50,191,137,482,20,44,64,546
09/21/2002,OKC,OK,ASW,CE,Towers with Radar,80,34,137,66,317,0,12,38,0,50,80,46,175,66,367,0,0,0,367
09/22/2002,OKC,OK,ASW,CE,Towers with Radar,88,29,154,99,370,0,2,8,2,12,88,31,162,101,382,0,0,0,382
09/23/2002,OKC,OK,ASW,CE,Towers with Radar,102,40,182,114,438,0,2,18,1,21,102,42,200,115,459,58,40,98,557
09/24/2002,OKC,OK,ASW,CE,Towers with Radar,110,45,180,141,476,0,5,10,5,20,110,50,190,146,496,6,6,12,508
09/25/2002,OKC,OK,ASW,CE,Towers with Radar,102,45,196,109,452,0,6,8,5,19,102,51,204,114,471,54,44,98,569
09/26/2002,OKC,OK,ASW,CE,Towers with Radar,106,48,176,149,479,0,0,11,3,14,106,48,187,152,493,0,24,24,517
09/27/2002,OKC,OK,ASW,CE,Towers with Radar,104,45,178,123,450,0,13,78,5,96,104,58,256,128,546,20,0,20,566
09/28/2002,OKC,OK,ASW,CE,Towers with Radar,84,34,137,83,338,1,8,17,0,26,85,42,154,83,364,4,4,8,372
09/29/2002,OKC,OK,ASW,CE,Towers with Radar,66,27,108,73,274,21,11,21,18,71,87,38,129,91,345,14,0,14,359
09/30/2002,OKC,OK,ASW,CE,Towers with Radar,104,35,132,85,356,0,11,6,3,20,104,46,138,88,376,0,0,0,376
10/01/2002,OKC,OK,ASW,CE,Towers with Radar,106,40,135,116,397,0,4,17,1,22,106,44,152,117,419,0,10,10,429
10/02/2002,OKC,OK,ASW,CE,Towers with Radar,106,49,147,143,445,0,3,16,18,37,106,52,163,161,482,0,74,74,556
10/03/2002,OKC,OK,ASW,CE,Towers with Radar,121,51,173,168,513,0,0,5,68,73,121,51,178,236,586,4,250,254,840
10/04/2002,OKC,OK,ASW,CE,Towers with Radar,127,47,161,157,492,0,0,15,1,16,127,47,176,158,508,16,32,48,556
10/05/2002,OKC,OK,ASW,CE,Towers with Radar,82,33,100,74,289,0,14,95,0,109,82,47,195,74,398,36,10,46,444
10/06/2002,OKC,OK,ASW,CE,Towers with Radar,60,23,67,66,216,29,7,12,0,48,89,30,79,66,264,0,0,0,264
10/07/2002,OKC,OK,ASW,CE,Towers with Radar,101,41,134,100,376,0,2,11,0,13,101,43,145,100,389,6,8,14,403
10/08/2002,OKC,OK,ASW,CE,Towers with Radar,103,42,89,87,321,0,0,4,0,4,103,42,93,87,325,0,0,0,325
10/09/2002,OKC,OK,ASW,CE,Towers with Radar,106,37,123,96,362,0,0,2,0,2,106,37,125,96,364,0,0,0,364
10/10/2002,OKC,OK,ASW,CE,Towers with Radar,107,39,109,105,360,0,0,0,0,0,107,39,109,105,360,0,8,8,368
10/11/2002,OKC,OK,ASW,CE,Towers with Radar,103,46,141,133,423,0,0,11,0,11,103,46,152,133,434,8,88,96,530
10/12/2002,OKC,OK,ASW,CE,Towers with Radar,58,23,64,66,211,25,12,0,14,51,83,35,64,80,262,0,0,0,262
10/13/2002,OKC,OK,ASW,CE,Towers with Radar,92,34,104,90,320,5,0,22,0,27,97,34,126,90,347,0,20,20,367
10/14/2002,OKC,OK,ASW,CE,Towers with Radar,91,32,143,96,362,0,2,13,0,15,91,34,156,96,377,10,0,10,387
10/15/2002,OKC,OK,ASW,CE,Towers with Radar,106,39,169,110,424,0,0,12,3,15,106,39,181,113,439,44,40,84,523
10/16/2002,OKC,OK,ASW,CE,Towers with Radar,106,41,177,152,476,0,3,14,0,17,106,44,191,152,493,34,106,140,633
10/17/2002,OKC,OK,ASW,CE,Towers with Radar,122,57,210,150,539,0,0,37,0,37,122,57,247,150,576,2,32,34,610
10/18/2002,OKC,OK,ASW,CE,Towers with Radar,99,40,112,118,369,0,3,0,4,7,99,43,112,122,376,72,0,72,448
10/19/2002,OKC,OK,ASW,CE,Towers with Radar,58,21,58,66,203,46,19,0,0,65,104,40,58,66,268,0,0,0,268
10/20/2002,OKC,OK,ASW,CE,Towers with Radar,89,34,102,93,318,13,1,27,0,41,102,35,129,93,359,0,0,0,359
10/21/2002,OKC,OK,ASW,CE,Towers with Radar,95,37,91,141,364,0,12,9,0,21,95,49,100,141,385,0,0,0,385
10/22/2002,OKC,OK,ASW,CE,Towers with Radar,104,47,134,113,398,0,1,4,0,5,104,48,138,113,403,10,16,26,429
10/23/2002,OKC,OK,ASW,CE,Towers with Radar,94,37,108,98,337,14,8,31,0,53,108,45,139,98,390,0,2,2,392
10/24/2002,OKC,OK,ASW,CE,Towers with Radar,70,27,54,80,231,43,21,0,16,80,113,48,54,96,311,0,0,0,311
10/25/2002,OKC,OK,ASW,CE,Towers with Radar,101,42,162,130,435,0,0,7,0,7,101,42,169,130,442,0,0,0,442
10/26/2002,OKC,OK,ASW,CE,Towers with Radar,92,35,106,105,338,6,10,33,12,61,98,45,139,117,399,10,20,30,429
10/27/2002,OKC,OK,ASW,CE,Towers with Radar,62,25,70,71,228,21,13,4,17,55,83,38,74,88,283,0,0,0,283
10/28/2002,OKC,OK,ASW,CE,Towers with Radar,81,31,64,86,262,47,7,0,0,54,128,38,64,86,316,0,0,0,316
10/29/2002,OKC,OK,ASW,CE,Towers with Radar,92,35,77,105,309,15,13,0,14,42,107,48,77,119,351,0,8,8,359
10/30/2002,OKC,OK,ASW,CE,Towers with Radar,106,45,144,155,450,0,0,0,25,25,106,45,144,180,475,34,50,84,559
10/31/2002,OKC,OK,ASW,CE,Towers with Radar,139,44,115,182,480,0,0,0,25,25,139,44,115,207,505,20,170,190,695
11/01/2002,OKC,OK,ASW,CE,Towers with Radar,58,24,92,83,257,48,16,2,29,95,106,40,94,112,352,0,0,0,352
11/02/2002,OKC,OK,ASW,CE,Towers with Radar,47,18,68,63,196,38,13,6,8,65,85,31,74,71,261,0,16,16,277
11/03/2002,OKC,OK,ASW,CE,Towers with Radar,56,21,63,75,215,29,14,0,9,52,85,35,63,84,267,4,0,4,271
11/04/2002,OKC,OK,ASW,CE,Towers with Radar,90,35,132,110,367,8,3,13,0,24,98,38,145,110,391,4,26,30,421
11/05/2002,OKC,OK,ASW,CE,Towers with Radar,111,42,134,163,450,0,0,13,3,16,111,42,147,166,466,24,52,76,542
11/06/2002,OKC,OK,ASW,CE,Towers with Radar,109,47,194,175,525,0,0,28,27,55,109,47,222,202,580,38,108,146,726
11/07/2002,OKC,OK,ASW,CE,Towers with Radar,105,43,198,143,489,0,7,18,0,25,105,50,216,143,514,16,64,80,594
11/08/2002,OKC,OK,ASW,CE,Towers with Radar,105,46,168,148,467,0,1,24,0,25,105,47,192,148,492,16,44,60,552
11/09/2002,OKC,OK,ASW,CE,Towers with Radar,71,28,104,71,274,23,8,11,0,42,94,36,115,71,316,32,0,32,348
11/10/2002,OKC,OK,ASW,CE,Towers with Radar,68,27,99,90,284,27,9,37,8,81,95,36,136,98,365,0,24,24,389
11/11/2002,OKC,OK,ASW,CE,Towers with Radar,72,28,105,71,276,26,13,22,0,61,98,41,127,71,337,24,0,24,361
11/12/2002,OKC,OK,ASW,CE,Towers with Radar,101,44,166,134,445,0,9,16,0,25,101,53,182,134,470,0,20,20,490
11/13/2002,OKC,OK,ASW,CE,Towers with Radar,123,48,199,177,547,0,0,0,0,0,123,48,199,177,547,10,40,50,597
11/14/2002,OKC,OK,ASW,CE,Towers with Radar,107,44,179,171,501,0,0,0,6,6,107,44,179,177,507,0,0,0,507
11/15/2002,OKC,OK,ASW,CE,Towers with Radar,101,48,150,129,428,0,5,1,0,6,101,53,151,129,434,0,0,0,434
11/16/2002,OKC,OK,ASW,CE,Towers with Radar,86,36,132,96,350,0,3,50,0,53,86,39,182,96,403,0,18,18,421
11/17/2002,OKC,OK,ASW,CE,Towers with Radar,86,34,126,108,354,21,1,25,0,47,107,35,151,108,401,0,0,0,401
11/18/2002,OKC,OK,ASW,CE,Towers with Radar,100,46,153,157,456,0,1,0,31,32,100,47,153,188,488,0,20,20,508
11/19/2002,OKC,OK,ASW,CE,Towers with Radar,105,52,197,137,491,0,0,33,0,33,105,52,230,137,524,16,12,28,552
11/20/2002,OKC,OK,ASW,CE,Towers with Radar,105,46,231,181,563,0,4,12,2,18,105,50,243,183,581,8,52,60,641
11/21/2002,OKC,OK,ASW,CE,Towers with Radar,117,40,189,150,496,0,2,15,2,19,117,42,204,152,515,16,18,34,549
11/22/2002,OKC,OK,ASW,CE,Towers with Radar,109,43,211,109,472,0,2,28,1,31,109,45,239,110,503,0,0,0,503
11/23/2002,OKC,OK,ASW,CE,Towers with Radar,89,35,129,114,367,5,12,53,0,70,94,47,182,114,437,2,0,2,439
11/24/2002,OKC,OK,ASW,CE,Towers with Radar,85,34,115,112,346,8,10,0,110,128,93,44,115,222,474,0,30,30,504
11/25/2002,OKC,OK,ASW,CE,Towers with Radar,96,35,94,152,377,0,2,8,4,14,96,37,102,156,391,0,34,34,425
11/26/2002,OKC,OK,ASW,CE,Towers with Radar,109,48,136,191,484,0,0,0,30,30,109,48,136,221,514,10,72,82,596
11/27/2002,OKC,OK,ASW,CE,Towers with Radar,113,47,146,143,449,0,10,12,2,24,113,57,158,145,473,0,18,18,491
11/28/2002,OKC,OK,ASW,CE,Towers with Radar,43,17,64,58,182,21,12,23,1,57,64,29,87,59,239,0,0,0,239
11/29/2002,OKC,OK,ASW,CE,Towers with Radar,65,26,95,64,250,1,10,37,0,48,66,36,132,64,298,2,0,2,300
11/30/2002,OKC,OK,ASW,CE,Towers with Radar,64,26,96,62,248,39,13,6,0,58,103,39,102,62,306,0,0,0,306
12/01/2002,OKC,OK,ASW,CE,Towers with Radar,68,34,86,72,260,18,0,29,0,47,86,34,115,72,307,0,0,0,307
12/02/2002,OKC,OK,ASW,CE,Towers with Radar,93,35,117,111,356,3,0,11,24,38,96,35,128,135,394,0,0,0,394
12/03/2002,OKC,OK,ASW,CE,Towers with Radar,72,37,71,75,255,49,7,0,0,56,121,44,71,75,311,10,0,10,321
12/04/2002,OKC,OK,ASW,CE,Towers with Radar,109,42,40,97,288,2,1,0,6,9,111,43,40,103,297,0,0,0,297
12/05/2002,OKC,OK,ASW,CE,Towers with Radar,106,51,156,102,415,0,0,0,0,0,106,51,156,102,415,4,0,4,419
12/06/2002,OKC,OK,ASW,CE,Towers with Radar,87,47,119,99,352,0,18,26,0,44,87,65,145,99,396,0,0,0,396
12/07/2002,OKC,OK,ASW,CE,Towers with Radar,81,46,126,120,373,0,0,43,30,73,81,46,169,150,446,42,48,90,536
12/08/2002,OKC,OK,ASW,CE,Towers with Radar,64,31,81,75,251,19,10,14,4,47,83,41,95,79,298,0,0,0,298
12/09/2002,OKC,OK,ASW,CE,Towers with Radar,86,45,51,105,287,2,2,0,6,10,88,47,51,111,297,0,0,0,297
12/10/2002,OKC,OK,ASW,CE,Towers with Radar,94,52,134,137,417,0,0,0,24,24,94,52,134,161,441,0,38,38,479
12/11/2002,OKC,OK,ASW,CE,Towers with Radar,107,59,123,144,433,0,0,0,0,0,107,59,123,144,433,0,0,0,433
12/12/2002,OKC,OK,ASW,CE,Towers with Radar,100,54,91,121,366,1,4,3,8,16,101,58,94,129,382,0,0,0,382
12/13/2002,OKC,OK,ASW,CE,Towers with Radar,97,65,162,157,481,0,1,21,3,25,97,66,183,160,506,10,44,54,560
12/14/2002,OKC,OK,ASW,CE,Towers with Radar,91,58,150,98,397,0,0,80,0,80,91,58,230,98,477,0,0,0,477
12/15/2002,OKC,OK,ASW,CE,Towers with Radar,74,35,168,158,435,1,1,17,7,26,75,36,185,165,461,20,51,71,532
12/16/2002,OKC,OK,ASW,CE,Towers with Radar,87,58,185,184,514,0,0,22,43,65,87,58,207,227,579,38,108,146,725
12/17/2002,OKC,OK,ASW,CE,Towers with Radar,99,56,155,158,468,0,0,0,0,0,99,56,155,158,468,16,28,44,512
12/18/2002,OKC,OK,ASW,CE,Towers with Radar,96,45,149,162,452,1,1,1,7,10,97,46,150,169,462,4,20,24,486
12/19/2002,OKC,OK,ASW,CE,Towers with Radar,101,54,150,176,481,1,12,18,8,39,102,66,168,184,520,0,60,60,580
12/20/2002,OKC,OK,ASW,CE,Towers with Radar,100,59,154,149,462,0,0,18,0,18,100,59,172,149,480,0,50,50,530
12/21/2002,OKC,OK,ASW,CE,Towers with Radar,62,30,76,67,235,16,6,33,0,55,78,36,109,67,290,0,0,0,290
12/22/2002,OKC,OK,ASW,CE,Towers with Radar,70,37,115,67,289,2,9,13,6,30,72,46,128,73,319,0,0,0,319
12/23/2002,OKC,OK,ASW,CE,Towers with Radar,70,43,30,69,212,2,0,4,5,11,72,43,34,74,223,4,0,4,227
12/24/2002,OKC,OK,ASW,CE,Towers with Radar,33,18,21,38,110,44,20,0,26,90,77,38,21,64,200,0,0,0,200
12/25/2002,OKC,OK,ASW,CE,Towers with Radar,33,18,39,38,128,16,20,0,16,52,49,38,39,54,180,0,0,0,180
12/26/2002,OKC,OK,ASW,CE,Towers with Radar,59,31,61,66,217,27,24,0,0,51,86,55,61,66,268,0,0,0,268
12/27/2002,OKC,OK,ASW,CE,Towers with Radar,77,39,98,84,298,11,13,3,0,27,88,52,101,84,325,12,0,12,337
12/28/2002,OKC,OK,ASW,CE,Towers with Radar,64,34,81,62,241,15,9,28,0,52,79,43,109,62,293,4,4,8,301
12/29/2002,OKC,OK,ASW,CE,Towers with Radar,45,22,60,54,181,31,17,0,18,66,76,39,60,72,247,0,0,0,247
12/30/2002,OKC,OK,ASW,CE,Towers with Radar,76,38,67,89,270,18,6,0,0,24,94,44,67,89,294,0,0,0,294
12/31/2002,OKC,OK,ASW,CE,Towers with Radar,86,51,86,86,309,2,4,4,5,15,88,55,90,91,324,12,0,12,336
01/01/2003,OKC,OK,ASW,CE,Towers with Radar,28,20,32,46,126,26,26,0,8,60,54,46,32,54,186,24,36,60,246
01/02/2003,OKC,OK,ASW,CE,Towers with Radar,75,45,95,114,329,31,0,0,21,52,106,45,95,135,381,0,0,0,381
01/03/2003,OKC,OK,ASW,CE,Towers with Radar,79,54,104,120,357,10,9,0,2,21,89,63,104,122,378,4,14,18,396
01/04/2003,OKC,OK,ASW,CE,Towers with Radar,56,38,83,65,242,21,3,48,0,72,77,41,131,65,314,0,0,0,314
01/05/2003,OKC,OK,ASW,CE,Towers with Radar,49,34,72,77,232,23,3,33,4,63,72,37,105,81,295,20,0,20,315
01/06/2003,OKC,OK,ASW,CE,Towers with Radar,68,47,72,104,291,11,1,0,70,82,79,48,72,174,373,0,18,18,391
01/07/2003,OKC,OK,ASW,CE,Towers with Radar,94,60,142,151,447,0,0,0,51,51,94,60,142,202,498,28,64,92,590
01/08/2003,OKC,OK,ASW,CE,Towers with Radar,92,71,159,147,469,0,0,33,0,33,92,71,192,147,502,0,52,52,554
01/09/2003,OKC,OK,ASW,CE,Towers with Radar,84,58,126,133,401,0,5,20,30,55,84,63,146,163,456,0,0,0,456
01/10/2003,OKC,OK,ASW,CE,Towers with Radar,85,71,158,181,495,0,0,0,0,0,85,71,158,181,495,4,52,56,551
01/11/2003,OKC,OK,ASW,CE,Towers with Radar,66,44,97,74,281,10,6,27,0,43,76,50,124,74,324,12,0,12,336
01/12/2003,OKC,OK,ASW,CE,Towers with Radar,39,26,58,62,185,30,24,0,11,65,69,50,58,73,250,0,0,0,250
01/13/2003,OKC,OK,ASW,CE,Towers with Radar,75,52,85,119,331,0,12,0,22,34,75,64,85,141,365,0,0,0,365
01/14/2003,OKC,OK,ASW,CE,Towers with Radar,84,72,157,156,469,0,0,41,0,41,84,72,198,156,510,30,52,82,592
01/15/2003,OKC,OK,ASW,CE,Towers with Radar,88,59,119,170,436,0,0,0,0,0,88,59,119,170,436,0,0,0,436
01/16/2003,OKC,OK,ASW,CE,Towers with Radar,84,58,76,132,350,0,4,0,37,41,84,62,76,169,391,0,0,0,391
01/17/2003,OKC,OK,ASW,CE,Towers with Radar,93,67,145,121,426,0,8,28,0,36,93,75,173,121,462,0,42,42,504
01/18/2003,OKC,OK,ASW,CE,Towers with Radar,63,42,91,69,265,6,11,54,0,71,69,53,145,69,336,0,0,0,336
01/19/2003,OKC,OK,ASW,CE,Towers with Radar,50,34,74,75,233,16,9,37,0,62,66,43,111,75,295,20,0,20,315
01/20/2003,OKC,OK,ASW,CE,Towers with Radar,67,44,96,64,271,9,20,61,0,90,76,64,157,64,361,0,0,0,361
01/21/2003,OKC,OK,ASW,CE,Towers with Radar,93,72,164,170,499,0,0,0,0,0,93,72,164,170,499,0,68,68,567
01/22/2003,OKC,OK,ASW,CE,Towers with Radar,91,55,147,189,482,0,0,0,36,36,91,55,147,225,518,0,0,0,518
01/23/2003,OKC,OK,ASW,CE,Towers with Radar,91,61,126,109,387,0,1,9,1,11,91,62,135,110,398,0,12,12,410
01/24/2003,OKC,OK,ASW,CE,Towers with Radar,86,66,144,151,447,0,6,45,23,74,86,72,189,174,521,28,64,92,613
01/25/2003,OKC,OK,ASW,CE,Towers with Radar,54,37,78,55,224,7,19,57,0,83,61,56,135,55,307,0,0,0,307
01/26/2003,OKC,OK,ASW,CE,Towers with Radar,69,43,85,77,274,0,7,5,0,12,69,50,90,77,286,0,0,0,286
01/27/2003,OKC,OK,ASW,CE,Towers with Radar,79,63,138,107,387,0,2,8,1,11,79,65,146,108,398,4,0,4,402
01/28/2003,OKC,OK,ASW,CE,Towers with Radar,85,67,151,118,421,0,0,0,0,0,85,67,151,118,421,16,28,44,465
01/29/2003,OKC,OK,ASW,CE,Towers with Radar,87,72,129,143,431,0,0,0,0,0,87,72,129,143,431,0,0,0,431
01/30/2003,OKC,OK,ASW,CE,Towers with Radar,85,68,116,131,400,0,1,2,3,6,85,69,118,134,406,12,36,48,454
01/31/2003,OKC,OK,ASW,CE,Towers with Radar,83,60,176,164,483,0,6,11,2,19,83,66,187,166,502,0,44,44,546
02/01/2003,OKC,OK,ASW,CE,Towers with Radar,61,46,102,77,286,1,5,10,0,16,62,51,112,77,302,0,0,0,302
02/02/2003,OKC,OK,ASW,CE,Towers with Radar,66,53,60,73,252,0,0,8,0,8,66,53,68,73,260,0,0,0,260
02/03/2003,OKC,OK,ASW,CE,Towers with Radar,73,58,111,137,379,0,0,0,25,25,73,58,111,162,404,8,60,68,472
02/04/2003,OKC,OK,ASW,CE,Towers with Radar,87,74,166,177,504,0,2,21,0,23,87,76,187,177,527,50,68,118,645
02/05/2003,OKC,OK,ASW,CE,Towers with Radar,88,70,168,182,508,0,0,31,18,49,88,70,199,200,557,0,0,0,557
02/06/2003,OKC,OK,ASW,CE,Towers with Radar,82,58,29,75,244,0,0,5,0,5,82,58,34,75,249,0,0,0,249
02/07/2003,OKC,OK,ASW,CE,Towers with Radar,92,71,193,101,457,0,2,22,0,24,92,73,215,101,481,94,0,94,575
02/08/2003,OKC,OK,ASW,CE,Towers with Radar,60,49,88,97,294,0,7,31,0,38,60,56,119,97,332,16,52,68,400
02/09/2003,OKC,OK,ASW,CE,Towers with Radar,30,20,7,41,98,31,14,0,12,57,61,34,7,53,155,0,0,0,155
02/10/2003,OKC,OK,ASW,CE,Towers with Radar,77,68,145,173,463,0,5,30,0,35,77,73,175,173,498,56,70,126,624
02/11/2003,OKC,OK,ASW,CE,Towers with Radar,82,65,169,161,477,0,0,79,0,79,82,65,248,161,556,16,86,102,658
02/12/2003,OKC,OK,ASW,CE,Towers with Radar,91,59,236,191,577,0,5,28,0,33,91,64,264,191,610,8,78,86,696
02/13/2003,OKC,OK,ASW,CE,Towers with Radar,74,69,115,80,338,0,0,8,0,8,74,69,123,80,346,0,0,0,346
02/14/2003,OKC,OK,ASW,CE,Towers with Radar,79,69,127,116,391,0,1,0,0,1,79,70,127,116,392,0,0,0,392
02/15/2003,OKC,OK,ASW,CE,Towers with Radar,45,31,24,62,162,22,12,0,18,52,67,43,24,80,214,0,0,0,214
02/16/2003,OKC,OK,ASW,CE,Towers with Radar,53,38,65,68,224,11,8,0,0,19,64,46,65,68,243,0,0,0,243
02/17/2003,OKC,OK,ASW,CE,Towers with Radar,72,54,148,76,350,0,1,29,0,30,72,55,177,76,380,4,0,4,384
02/18/2003,OKC,OK,ASW,CE,Towers with Radar,85,55,198,157,495,0,0,23,0,23,85,55,221,157,518,24,28,52,570
02/19/2003,OKC,OK,ASW,CE,Towers with Radar,81,70,158,172,481,0,0,18,1,19,81,70,176,173,500,0,60,60,560
02/20/2003,OKC,OK,ASW,CE,Towers with Radar,81,68,230,194,573,0,0,21,0,21,81,68,251,194,594,36,92,128,722
02/21/2003,OKC,OK,ASW,CE,Towers with Radar,81,62,73,95,311,0,0,5,0,5,81,62,78,95,316,0,0,0,316
02/22/2003,OKC,OK,ASW,CE,Towers with Radar,72,51,91,92,306,2,9,11,0,22,74,60,102,92,328,0,0,0,328
02/23/2003,OKC,OK,ASW,CE,Towers with Radar,52,37,50,73,212,50,19,0,5,74,102,56,50,78,286,0,0,0,286
02/24/2003,OKC,OK,ASW,CE,Towers with Radar,78,58,114,163,413,0,4,16,0,20,78,62,130,163,433,8,40,48,481
02/25/2003,OKC,OK,ASW,CE,Towers with Radar,80,50,105,118,353,9,0,31,9,49,89,50,136,127,402,0,18,18,420
02/26/2003,OKC,OK,ASW,CE,Towers with Radar,49,35,36,71,191,40,28,0,30,98,89,63,36,101,289,0,0,0,289
02/27/2003,OKC,OK,ASW,CE,Towers with Radar,62,44,65,90,261,19,29,0,29,77,81,73,65,119,338,0,0,0,338
02/28/2003,OKC,OK,ASW,CE,Towers with Radar,60,41,47,87,235,22,26,0,19,67,82,67,47,106,302,0,0,0,302
03/01/2003,OKC,OK,ASW,CE,Towers with Radar,36,28,59,66,189,28,37,0,28,93,64,65,59,94,282,0,0,0,282
03/02/2003,OKC,OK,ASW,CE,Towers with Radar,44,34,74,69,221,26,19,0,4,49,70,53,74,73,270,0,0,0,270
03/03/2003,OKC,OK,ASW,CE,Towers with Radar,76,54,172,119,421,0,3,12,5,20,76,57,184,124,441,0,0,0,441
03/04/2003,OKC,OK,ASW,CE,Towers with Radar,81,62,127,244,514,0,2,7,6,15,81,64,134,250,529,46,32,78,607
03/05/2003,OKC,OK,ASW,CE,Towers with Radar,65,51,99,107,322,17,20,0,19,56,82,71,99,126,378,24,0,24,402
03/06/2003,OKC,OK,ASW,CE,Towers with Radar,85,79,190,145,499,0,0,41,0,41,85,79,231,145,540,78,28,106,646
03/07/2003,OKC,OK,ASW,CE,Towers with Radar,80,79,183,146,488,0,7,58,0,65,80,86,241,146,553,8,24,32,585
03/08/2003,OKC,OK,ASW,CE,Towers with Radar,58,52,120,85,315,0,4,39,0,43,58,56,159,85,358,0,6,6,364
03/09/2003,OKC,OK,ASW,CE,Towers with Radar,72,54,120,115,361,5,1,0,21,27,77,55,120,136,388,12,32,44,432
03/10/2003,OKC,OK,ASW,CE,Towers with Radar,91,67,222,160,540,0,12,35,7,54,91,79,257,167,594,24,0,24,618
03/11/2003,OKC,OK,ASW,CE,Towers with Radar,84,71,164,196,515,0,0,18,5,23,84,71,182,201,538,10,138,148,686
03/12/2003,OKC,OK,ASW,CE,Towers with Radar,78,58,195,81,412,0,1,4,4,9,78,59,199,85,421,0,0,0,421
03/13/2003,OKC,OK,ASW,CE,Towers with Radar,87,74,195,95,451,0,0,13,6,19,87,74,208,101,470,0,0,0,470
03/14/2003,OKC,OK,ASW,CE,Towers with Radar,84,69,215,181,549,0,0,48,0,48,84,69,263,181,597,12,20,32,629
03/15/2003,OKC,OK,ASW,CE,Towers with Radar,64,55,132,79,330,0,0,17,0,17,64,55,149,79,347,8,0,8,355
03/16/2003,OKC,OK,ASW,CE,Towers with Radar,59,47,71,97,274,14,15,0,23,52,73,62,71,120,326,0,24,24,350
03/17/2003,OKC,OK,ASW,CE,Towers with Radar,75,64,104,145,388,0,9,6,5,20,75,73,110,150,408,12,90,102,510
03/18/2003,OKC,OK,ASW,CE,Towers with Radar,77,65,64,106,312,0,0,2,4,6,77,65,66,110,318,16,0,16,334
03/19/2003,OKC,OK,ASW,CE,Towers with Radar,79,61,114,301,555,0,2,5,6,13,79,63,119,307,568,0,24,24,592
03/20/2003,OKC,OK,ASW,CE,Towers with Radar,76,61,113,134,384,0,0,0,45,45,76,61,113,179,429,0,24,24,453
03/21/2003,OKC,OK,ASW,CE,Towers with Radar,79,65,158,144,446,0,0,34,0,34,79,65,192,144,480,8,0,8,488
03/22/2003,OKC,OK,ASW,CE,Towers with Radar,62,48,113,102,325,1,8,21,7,37,63,56,134,109,362,12,0,12,374
03/23/2003,OKC,OK,ASW,CE,Towers with Radar,58,45,104,88,295,13,14,23,0,50,71,59,127,88,345,0,0,0,345
03/24/2003,OKC,OK,ASW,CE,Towers with Radar,76,63,145,121,405,0,1,15,7,23,76,64,160,128,428,0,20,20,448
03/25/2003,OKC,OK,ASW,CE,Towers with Radar,83,66,138,146,433,0,1,7,4,12,83,67,145,150,445,0,16,16,461
03/26/2003,OKC,OK,ASW,CE,Towers with Radar,81,66,201,179,527,0,3,21,5,29,81,69,222,184,556,0,96,96,652
03/27/2003,OKC,OK,ASW,CE,Towers with Radar,74,58,129,116,377,9,12,0,0,21,83,70,129,116,398,8,28,36,434
03/28/2003,OKC,OK,ASW,CE,Towers with Radar,81,71,167,139,458,0,0,0,0,0,81,71,167,139,458,6,32,38,496
03/29/2003,OKC,OK,ASW,CE,Towers with Radar,49,38,88,71,246,15,7,58,0,80,64,45,146,71,326,0,0,0,326
03/30/2003,OKC,OK,ASW,CE,Towers with Radar,52,41,94,78,265,13,11,16,0,40,65,52,110,78,305,0,0,0,305
03/31/2003,OKC,OK,ASW,CE,Towers with Radar,73,59,144,132,408,0,4,15,6,25,73,63,159,138,433,20,48,68,501
04/01/2003,OKC,OK,ASW,CE,Towers with Radar,80,61,139,105,385,0,5,15,3,23,80,66,154,108,408,0,32,32,440
04/02/2003,OKC,OK,ASW,CE,Towers with Radar,81,58,154,174,467,0,1,10,0,11,81,59,164,174,478,16,102,118,596
04/03/2003,OKC,OK,ASW,CE,Towers with Radar,78,56,152,90,376,0,3,6,2,11,78,59,158,92,387,6,4,10,397
04/04/2003,OKC,OK,ASW,CE,Towers with Radar,78,64,220,157,519,0,8,15,0,23,78,72,235,157,542,8,44,52,594
04/05/2003,OKC,OK,ASW,CE,Towers with Radar,75,45,131,92,343,0,3,4,2,9,75,48,135,94,352,32,0,32,384
04/06/2003,OKC,OK,ASW,CE,Towers with Radar,59,30,69,104,262,0,4,6,1,11,59,34,75,105,273,0,46,46,319
04/07/2003,OKC,OK,ASW,CE,Towers with Radar,74,60,197,234,565,0,3,15,0,18,74,63,212,234,583,52,80,132,715
04/08/2003,OKC,OK,ASW,CE,Towers with Radar,87,71,144,140,442,0,4,16,2,22,87,75,160,142,464,4,88,92,556
04/09/2003,OKC,OK,ASW,CE,Towers with Radar,83,72,200,141,496,0,4,17,2,23,83,76,217,143,519,6,0,6,525
04/10/2003,OKC,OK,ASW,CE,Towers with Radar,80,71,179,105,435,0,4,22,1,27,80,75,201,106,462,16,0,16,478
04/11/2003,OKC,OK,ASW,CE,Towers with Radar,77,69,218,220,584,0,2,19,2,23,77,71,237,222,607,4,68,72,679
04/12/2003,OKC,OK,ASW,CE,Towers with Radar,61,45,139,88,333,0,6,5,1,12,61,51,144,89,345,0,0,0,345
04/13/2003,OKC,OK,ASW,CE,Towers with Radar,69,59,100,81,309,0,7,6,1,14,69,66,106,82,323,0,0,0,323
04/14/2003,OKC,OK,ASW,CE,Towers with Radar,68,60,148,115,391,0,4,13,1,18,68,64,161,116,409,0,6,6,415
04/15/2003,OKC,OK,ASW,CE,Towers with Radar,87,69,119,152,427,0,2,12,3,17,87,71,131,155,444,0,20,20,464
04/16/2003,OKC,OK,ASW,CE,Towers with Radar,78,61,79,79,297,0,0,3,1,4,78,61,82,80,301,4,0,4,305
04/17/2003,OKC,OK,ASW,CE,Towers with Radar,77,69,241,204,591,0,5,19,1,25,77,74,260,205,616,0,104,104,720
04/18/2003,OKC,OK,ASW,CE,Towers with Radar,87,69,189,170,515,0,6,11,0,17,87,75,200,170,532,30,116,146,678
04/19/2003,OKC,OK,ASW,CE,Towers with Radar,59,52,37,98,246,0,8,0,1,9,59,60,37,99,255,26,0,26,281
04/20/2003,OKC,OK,ASW,CE,Towers with Radar,61,46,83,111,301,0,8,6,0,14,61,54,89,111,315,120,0,120,435
04/21/2003,OKC,OK,ASW,CE,Towers with Radar,74,67,190,207,538,0,7,23,2,32,74,74,213,209,570,0,34,34,604
04/22/2003,OKC,OK,ASW,CE,Towers with Radar,83,69,199,146,497,0,8,22,1,31,83,77,221,147,528,30,54,84,612
04/23/2003,OKC,OK,ASW,CE,Towers with Radar,86,64,60,94,304,0,1,2,0,3,86,65,62,94,307,0,0,0,307
04/24/2003,OKC,OK,ASW,CE,Towers with Radar,80,62,148,136,426,0,2,12,1,15,80,64,160,137,441,0,12,12,453
04/25/2003,OKC,OK,ASW,CE,Towers with Radar,83,69,194,148,494,0,8,16,0,24,83,77,210,148,518,0,4,4,522
04/26/2003,OKC,OK,ASW,CE,Towers with Radar,61,45,139,80,325,0,9,13,5,27,61,54,152,85,352,0,12,12,364
04/27/2003,OKC,OK,ASW,CE,Towers with Radar,62,43,110,95,310,0,3,4,2,9,62,46,114,97,319,10,12,22,341
04/28/2003,OKC,OK,ASW,CE,Towers with Radar,76,51,143,151,421,0,1,26,0,27,76,52,169,151,448,16,50,66,514
04/29/2003,OKC,OK,ASW,CE,Towers with Radar,82,62,154,140,438,0,8,20,1,29,82,70,174,141,467,58,38,96,563
04/30/2003,OKC,OK,ASW,CE,Towers with Radar,78,67,190,108,443,0,1,16,6,23,78,68,206,114,466,0,0,0,466
05/01/2003,OKC,OK,ASW,CE,Towers with Radar,77,76,196,127,476,0,3,18,1,22,77,79,214,128,498,0,0,0,498
05/02/2003,OKC,OK,ASW,CE,Towers with Radar,77,65,174,149,465,0,5,16,0,21,77,70,190,149,486,10,82,92,578
05/03/2003,OKC,OK,ASW,CE,Towers with Radar,59,45,91,111,306,0,4,10,4,18,59,49,101,115,324,0,68,68,392
05/04/2003,OKC,OK,ASW,CE,Towers with Radar,62,39,73,100,274,0,4,5,2,11,62,43,78,102,285,8,0,8,293
05/05/2003,OKC,OK,ASW,CE,Towers with Radar,67,49,176,139,431,0,3,19,0,22,67,52,195,139,453,56,32,88,541
05/06/2003,OKC,OK,ASW,CE,Towers with Radar,74,50,182,262,568,0,12,48,0,60,74,62,230,262,628,0,0,0,628
05/07/2003,OKC,OK,ASW,CE,Towers with Radar,72,62,171,125,430,0,3,17,2,22,72,65,188,127,452,2,2,4,456
05/08/2003,OKC,OK,ASW,CE,Towers with Radar,67,65,132,131,395,0,1,12,0,13,67,66,144,131,408,0,0,0,408
05/09/2003,OKC,OK,ASW,CE,Towers with Radar,81,68,127,123,399,0,4,11,3,18,81,72,138,126,417,0,0,0,417
05/10/2003,OKC,OK,ASW,CE,Towers with Radar,53,47,75,85,260,0,4,4,2,10,53,51,79,87,270,0,0,0,270
05/11/2003,OKC,OK,ASW,CE,Towers with Radar,60,52,88,100,300,0,4,6,3,13,60,56,94,103,313,4,0,4,317
05/12/2003,OKC,OK,ASW,CE,Towers with Radar,60,53,181,170,464,0,1,22,1,24,60,54,203,171,488,8,18,26,514
05/13/2003,OKC,OK,ASW,CE,Towers with Radar,75,60,173,212,520,0,2,3,0,5,75,62,176,212,525,46,56,102,627
05/14/2003,OKC,OK,ASW,CE,Towers with Radar,76,63,104,171,414,0,1,5,0,6,76,64,109,171,420,12,0,12,432
05/15/2003,OKC,OK,ASW,CE,Towers with Radar,73,63,194,206,536,0,4,10,14,28,73,67,204,220,564,6,30,36,600
05/16/2003,OKC,OK,ASW,CE,Towers with Radar,77,71,70,102,320,0,0,5,0,5,77,71,75,102,325,0,0,0,325
05/17/2003,OKC,OK,ASW,CE,Towers with Radar,54,48,78,80,260,0,2,5,1,8,54,50,83,81,268,0,0,0,268
05/18/2003,OKC,OK,ASW,CE,Towers with Radar,56,45,99,118,318,0,4,10,1,15,56,49,109,119,333,8,68,76,409
05/19/2003,OKC,OK,ASW,CE,Towers with Radar,59,45,130,151,385,0,4,13,0,17,59,49,143,151,402,36,6,42,444
05/20/2003,OKC,OK,ASW,CE,Towers with Radar,69,57,109,120,355,0,2,7,1,10,69,59,116,121,365,0,8,8,373
05/21/2003,OKC,OK,ASW,CE,Towers with Radar,71,53,156,142,422,0,8,10,1,19,71,61,166,143,441,12,68,80,521
05/22/2003,OKC,OK,ASW,CE,Towers with Radar,80,62,200,170,512,0,2,14,0,16,80,64,214,170,528,60,46,106,634
05/23/2003,OKC,OK,ASW,CE,Towers with Radar,74,64,146,120,404,0,2,13,0,15,74,66,159,120,419,16,36,52,471
05/24/2003,OKC,OK,ASW,CE,Towers with Radar,57,44,54,76,231,0,5,0,0,5,57,49,54,76,236,2,0,2,238
05/25/2003,OKC,OK,ASW,CE,Towers with Radar,49,47,37,84,217,0,3,4,0,7,49,50,41,84,224,4,0,4,228
05/26/2003,OKC,OK,ASW,CE,Towers with Radar,50,43,55,99,247,0,4,8,4,16,50,47,63,103,263,0,0,0,263
05/27/2003,OKC,OK,ASW,CE,Towers with Radar,66,62,177,208,513,0,3,28,4,35,66,65,205,212,548,0,0,0,548
05/28/2003,OKC,OK,ASW,CE,Towers with Radar,71,58,215,157,501,0,3,20,1,24,71,61,235,158,525,42,20,62,587
05/29/2003,OKC,OK,ASW,CE,Towers with Radar,78,56,162,141,437,0,4,20,0,24,78,60,182,141,461,16,28,44,505
05/30/2003,OKC,OK,ASW,CE,Towers with Radar,73,75,192,201,541,0,4,20,6,30,73,79,212,207,571,16,44,60,631
05/31/2003,OKC,OK,ASW,CE,Towers with Radar,60,47,126,87,320,0,6,17,3,26,60,53,143,90,346,8,0,8,354
06/01/2003,OKC,OK,ASW,CE,Towers with Radar,60,46,92,103,301,0,5,5,1,11,60,51,97,104,312,0,0,0,312
06/02/2003,OKC,OK,ASW,CE,Towers with Radar,67,50,84,158,359,0,0,10,1,11,67,50,94,159,370,0,40,40,410
06/03/2003,OKC,OK,ASW,CE,Towers with Radar,75,60,136,272,543,0,1,12,1,14,75,61,148,273,557,20,148,168,725
06/04/2003,OKC,OK,ASW,CE,Towers with Radar,70,61,99,164,394,0,2,1,0,3,70,63,100,164,397,0,0,0,397
06/05/2003,OKC,OK,ASW,CE,Towers with Radar,69,60,66,133,328,0,3,3,1,7,69,63,69,134,335,0,20,20,355
06/06/2003,OKC,OK,ASW,CE,Towers with Radar,69,66,158,158,451,0,2,10,1,13,69,68,168,159,464,26,20,46,510
06/07/2003,OKC,OK,ASW,CE,Towers with Radar,55,50,102,100,307,0,8,8,0,16,55,58,110,100,323,44,20,64,387
06/08/2003,OKC,OK,ASW,CE,Towers with Radar,58,47,70,114,289,0,3,8,1,12,58,50,78,115,301,4,10,14,315
06/09/2003,OKC,OK,ASW,CE,Towers with Radar,65,50,123,163,401,0,6,6,1,13,65,56,129,164,414,12,12,24,438
06/10/2003,OKC,OK,ASW,CE,Towers with Radar,77,57,169,173,476,0,0,6,2,8,77,57,175,175,484,0,12,12,496
06/11/2003,OKC,OK,ASW,CE,Towers with Radar,78,59,128,143,408,0,7,17,0,24,78,66,145,143,432,0,30,30,462
06/12/2003,OKC,OK,ASW,CE,Towers with Radar,78,58,139,164,439,0,4,11,3,18,78,62,150,167,457,2,40,42,499
06/13/2003,OKC,OK,ASW,CE,Towers with Radar,71,62,139,138,410,0,1,12,1,14,71,63,151,139,424,0,12,12,436
06/14/2003,OKC,OK,ASW,CE,Towers with Radar,59,50,73,89,271,0,8,4,0,12,59,58,77,89,283,8,0,8,291
06/15/2003,OKC,OK,ASW,CE,Towers with Radar,58,47,112,99,316,0,4,10,0,14,58,51,122,99,330,4,0,4,334
06/16/2003,OKC,OK,ASW,CE,Towers with Radar,67,55,167,145,434,0,3,17,1,21,67,58,184,146,455,40,0,40,495
06/17/2003,OKC,OK,ASW,CE,Towers with Radar,82,61,145,209,497,0,6,8,1,15,82,67,153,210,512,2,64,66,578
06/18/2003,OKC,OK,ASW,CE,Towers with Radar,74,54,188,194,510,0,3,8,4,15,74,57,196,198,525,12,16,28,553
06/19/2003,OKC,OK,ASW,CE,Towers with Radar,72,54,163,347,636,0,2,9,3,14,72,56,172,350,650,0,402,402,1052
06/20/2003,OKC,OK,ASW,CE,Towers with Radar,76,60,137,204,477,0,4,10,3,17,76,64,147,207,494,10,58,68,562
06/21/2003,OKC,OK,ASW,CE,Towers with Radar,55,52,67,86,260,0,3,6,2,11,55,55,73,88,271,0,0,0,271
06/22/2003,OKC,OK,ASW,CE,Towers with Radar,54,49,105,97,305,0,4,11,1,16,54,53,116,98,321,0,0,0,321
06/23/2003,OKC,OK,ASW,CE,Towers with Radar,64,58,139,118,379,0,4,7,1,12,64,62,146,119,391,0,0,0,391
06/24/2003,OKC,OK,ASW,CE,Towers with Radar,69,59,201,173,502,0,5,19,0,24,69,64,220,173,526,6,20,26,552
06/25/2003,OKC,OK,ASW,CE,Towers with Radar,78,65,183,236,562,0,3,19,20,42,78,68,202,256,604,8,94,102,706
06/26/2003,OKC,OK,ASW,CE,Towers with Radar,67,57,189,152,465,0,1,15,0,16,67,58,204,152,481,32,32,64,545
06/27/2003,OKC,OK,ASW,CE,Towers with Radar,68,65,211,128,472,0,7,21,2,30,68,72,232,130,502,8,30,38,540
06/28/2003,OKC,OK,ASW,CE,Towers with Radar,64,53,138,102,357,0,7,18,1,26,64,60,156,103,383,0,10,10,393
06/29/2003,OKC,OK,ASW,CE,Towers with Radar,68,48,109,141,366,0,6,5,1,12,68,54,114,142,378,0,28,28,406
06/30/2003,OKC,OK,ASW,CE,Towers with Radar,65,49,107,182,403,0,3,23,0,26,65,52,130,182,429,4,40,44,473
07/01/2003,OKC,OK,ASW,CE,Towers with Radar,82,56,156,228,522,0,4,16,0,20,82,60,172,228,542,0,40,40,582
07/02/2003,OKC,OK,ASW,CE,Towers with Radar,86,62,217,267,632,0,5,22,0,27,86,67,239,267,659,82,72,154,813
07/03/2003,OKC,OK,ASW,CE,Towers with Radar,78,60,196,98,432,0,8,30,1,39,78,68,226,99,471,0,0,0,471
07/04/2003,OKC,OK,ASW,CE,Towers with Radar,48,38,82,67,235,0,5,9,0,14,48,43,91,67,249,0,0,0,249
07/05/2003,OKC,OK,ASW,CE,Towers with Radar,47,43,79,88,257,0,4,6,1,11,47,47,85,89,268,4,0,4,272
07/06/2003,OKC,OK,ASW,CE,Towers with Radar,62,48,105,74,289,0,4,5,6,15,62,52,110,80,304,0,0,0,304
07/07/2003,OKC,OK,ASW,CE,Towers with Radar,66,50,132,203,451,0,3,11,2,16,66,53,143,205,467,0,116,116,583
07/08/2003,OKC,OK,ASW,CE,Towers with Radar,71,58,144,171,444,0,3,16,2,21,71,61,160,173,465,20,68,88,553
07/09/2003,OKC,OK,ASW,CE,Towers with Radar,71,60,171,191,493,0,5,10,14,29,71,65,181,205,522,0,0,0,522
07/10/2003,OKC,OK,ASW,CE,Towers with Radar,68,55,152,225,500,0,3,23,5,31,68,58,175,230,531,0,51,51,582
07/11/2003,OKC,OK,ASW,CE,Towers with Radar,64,65,201,122,452,0,4,15,3,22,64,69,216,125,474,40,22,62,536
07/12/2003,OKC,OK,ASW,CE,Towers with Radar,60,50,88,191,389,0,3,5,0,8,60,53,93,191,397,0,28,28,425
07/13/2003,OKC,OK,ASW,CE,Towers with Radar,59,47,123,100,329,0,3,5,3,11,59,50,128,103,340,0,0,0,340
07/14/2003,OKC,OK,ASW,CE,Towers with Radar,68,55,138,189,450,0,4,10,0,14,68,59,148,189,464,0,40,40,504
07/15/2003,OKC,OK,ASW,CE,Towers with Radar,75,63,172,201,511,0,5,35,3,43,75,68,207,204,554,16,92,108,662
07/16/2003,OKC,OK,ASW,CE,Towers with Radar,77,62,195,171,505,0,18,21,6,45,77,80,216,177,550,78,52,130,680
07/17/2003,OKC,OK,ASW,CE,Towers with Radar,73,63,127,214,477,0,0,22,0,22,73,63,149,214,499,8,68,76,575
07/18/2003,OKC,OK,ASW,CE,Towers with Radar,69,64,178,199,510,0,6,30,1,37,69,70,208,200,547,62,76,138,685
07/19/2003,OKC,OK,ASW,CE,Towers with Radar,57,49,99,93,298,0,3,4,1,8,57,52,103,94,306,0,0,0,306
07/20/2003,OKC,OK,ASW,CE,Towers with Radar,56,49,108,122,335,0,3,9,0,12,56,52,117,122,347,8,12,20,367
07/21/2003,OKC,OK,ASW,CE,Towers with Radar,70,52,121,273,516,0,2,13,2,17,70,54,134,275,533,0,0,0,533
07/22/2003,OKC,OK,ASW,CE,Towers with Radar,73,61,177,185,496,0,3,28,1,32,73,64,205,186,528,8,108,116,644
07/23/2003,OKC,OK,ASW,CE,Towers with Radar,79,60,184,260,583,0,4,38,6,48,79,64,222,266,631,12,76,88,719
07/24/2003,OKC,OK,ASW,CE,Towers with Radar,69,60,206,244,579,0,6,34,16,56,69,66,240,260,635,24,134,158,793
07/25/2003,OKC,OK,ASW,CE,Towers with Radar,65,57,145,213,480,0,0,13,11,24,65,57,158,224,504,4,116,120,624
07/26/2003,OKC,OK,ASW,CE,Towers with Radar,55,52,132,76,315,0,3,11,0,14,55,55,143,76,329,4,0,4,333
07/27/2003,OKC,OK,ASW,CE,Towers with Radar,54,41,91,172,358,0,4,8,0,12,54,45,99,172,370,0,0,0,370
07/28/2003,OKC,OK,ASW,CE,Towers with Radar,75,55,115,171,416,0,2,17,1,20,75,57,132,172,436,0,74,74,510
07/29/2003,OKC,OK,ASW,CE,Towers with Radar,77,59,155,146,437,0,3,16,1,20,77,62,171,147,457,48,24,72,529
07/30/2003,OKC,OK,ASW,CE,Towers with Radar,70,55,147,151,423,0,4,9,4,17,70,59,156,155,440,50,24,74,514
07/31/2003,OKC,OK,ASW,CE,Towers with Radar,74,55,134,160,423,0,2,12,0,14,74,57,146,160,437,16,0,16,453
08/01/2003,OKC,OK,ASW,CE,Towers with Radar,72,61,127,225,485,0,3,15,5,23,72,64,142,230,508,0,0,0,508
08/02/2003,OKC,OK,ASW,CE,Towers with Radar,62,57,75,84,278,0,4,13,0,17,62,61,88,84,295,16,0,16,311
08/03/2003,OKC,OK,ASW,CE,Towers with Radar,53,39,80,88,260,0,5,7,1,13,53,44,87,89,273,0,0,0,273
08/04/2003,OKC,OK,ASW,CE,Towers with Radar,65,54,90,181,390,0,3,10,1,14,65,57,100,182,404,0,23,23,427
08/05/2003,OKC,OK,ASW,CE,Towers with Radar,72,60,128,175,435,0,5,11,0,16,72,65,139,175,451,2,16,18,469
08/06/2003,OKC,OK,ASW,CE,Towers with Radar,74,63,148,214,499,0,5,16,1,22,74,68,164,215,521,0,38,38,559
08/07/2003,OKC,OK,ASW,CE,Towers with Radar,73,61,172,158,464,0,6,13,1,20,73,67,185,159,484,52,32,84,568
08/08/2003,OKC,OK,ASW,CE,Towers with Radar,68,62,172,182,484,0,4,31,2,37,68,66,203,184,521,18,20,38,559
08/09/2003,OKC,OK,ASW,CE,Towers with Radar,59,51,84,94,288,0,3,7,0,10,59,54,91,94,298,0,0,0,298
08/10/2003,OKC,OK,ASW,CE,Towers with Radar,58,53,90,84,285,0,5,4,1,10,58,58,94,85,295,0,0,0,295
08/11/2003,OKC,OK,ASW,CE,Towers with Radar,102,83,147,164,496,0,6,10,1,17,102,89,157,165,513,20,24,44,557
08/12/2003,OKC,OK,ASW,CE,Towers with Radar,76,77,157,193,503,0,5,20,11,36,76,82,177,204,539,60,64,124,663
08/13/2003,OKC,OK,ASW,CE,Towers with Radar,81,64,176,137,458,0,5,10,0,15,81,69,186,137,473,6,48,54,527
08/14/2003,OKC,OK,ASW,CE,Towers with Radar,74,62,114,167,417,0,3,28,4,35,74,65,142,171,452,4,52,56,508
08/15/2003,OKC,OK,ASW,CE,Towers with Radar,78,60,141,138,417,0,4,13,2,19,78,64,154,140,436,4,0,4,440
08/16/2003,OKC,OK,ASW,CE,Towers with Radar,56,51,118,130,355,0,2,9,0,11,56,53,127,130,366,0,0,0,366
08/17/2003,OKC,OK,ASW,CE,Towers with Radar,60,58,121,122,361,0,5,12,2,19,60,63,133,124,380,6,32,38,418
08/18/2003,OKC,OK,ASW,CE,Towers with Radar,69,62,129,206,466,0,2,14,0,16,69,64,143,206,482,60,42,102,584
08/19/2003,OKC,OK,ASW,CE,Towers with Radar,73,67,158,216,514,0,5,19,2,26,73,72,177,218,540,0,52,52,592
08/20/2003,OKC,OK,ASW,CE,Towers with Radar,77,65,176,193,511,0,6,21,1,28,77,71,197,194,539,0,0,0,539
08/21/2003,OKC,OK,ASW,CE,Towers with Radar,75,61,187,179,502,0,2,17,2,21,75,63,204,181,523,0,32,32,555
08/22/2003,OKC,OK,ASW,CE,Towers with Radar,85,45,153,215,498,0,0,8,1,9,85,45,161,216,507,38,68,106,613
08/23/2003,OKC,OK,ASW,CE,Towers with Radar,71,32,100,94,297,0,5,5,3,13,71,37,105,97,310,8,24,32,342
08/24/2003,OKC,OK,ASW,CE,Towers with Radar,86,32,100,154,372,0,2,2,1,5,86,34,102,155,377,0,0,0,377
08/25/2003,OKC,OK,ASW,CE,Towers with Radar,85,36,118,199,438,0,3,33,0,36,85,39,151,199,474,8,20,28,502
08/26/2003,OKC,OK,ASW,CE,Towers with Radar,147,40,132,215,534,0,0,17,4,21,147,40,149,219,555,64,80,144,699
08/27/2003,OKC,OK,ASW,CE,Towers with Radar,94,54,141,234,523,0,1,2,3,6,94,55,143,237,529,6,50,56,585
08/28/2003,OKC,OK,ASW,CE,Towers with Radar,91,43,160,296,590,0,3,11,2,16,91,46,171,298,606,50,216,266,872
08/29/2003,OKC,OK,ASW,CE,Towers with Radar,88,43,136,99,366,0,2,4,0,6,88,45,140,99,372,12,0,12,384
08/30/2003,OKC,OK,ASW,CE,Towers with Radar,65,31,39,78,213,0,2,3,0,5,65,33,42,78,218,0,0,0,218
08/31/2003,OKC,OK,ASW,CE,Towers with Radar,50,24,30,71,175,0,0,0,0,0,50,24,30,71,175,0,0,0,175
09/01/2003,OKC,OK,ASW,CE,Towers with Radar,74,36,59,85,254,0,2,1,0,3,74,38,60,85,257,0,0,0,257
09/02/2003,OKC,OK,ASW,CE,Towers with Radar,87,38,137,244,506,0,2,0,5,7,87,40,137,249,513,0,80,80,593
09/03/2003,OKC,OK,ASW,CE,Towers with Radar,95,39,175,168,477,0,4,13,3,20,95,43,188,171,497,12,56,68,565
09/04/2003,OKC,OK,ASW,CE,Towers with Radar,103,51,178,204,536,0,3,19,4,26,103,54,197,208,562,30,50,80,642
09/05/2003,OKC,OK,ASW,CE,Towers with Radar,99,44,179,281,603,0,2,31,0,33,99,46,210,281,636,0,46,46,682
09/06/2003,OKC,OK,ASW,CE,Towers with Radar,70,35,142,77,324,0,3,13,1,17,70,38,155,78,341,0,0,0,341
09/07/2003,OKC,OK,ASW,CE,Towers with Radar,75,39,154,97,365,0,4,6,5,15,75,43,160,102,380,0,0,0,380
09/08/2003,OKC,OK,ASW,CE,Towers with Radar,87,35,156,153,431,0,2,12,1,15,87,37,168,154,446,62,76,138,584
09/09/2003,OKC,OK,ASW,CE,Towers with Radar,89,53,186,193,521,0,2,25,1,28,89,55,211,194,549,36,74,110,659
09/10/2003,OKC,OK,ASW,CE,Towers with Radar,86,41,176,238,541,0,3,10,3,16,86,44,186,241,557,0,76,76,633
09/11/2003,OKC,OK,ASW,CE,Towers with Radar,96,41,83,139,359,0,0,4,0,4,96,41,87,139,363,0,6,6,369
09/12/2003,OKC,OK,ASW,CE,Towers with Radar,94,46,152,191,483,0,0,7,0,7,94,46,159,191,490,32,52,84,574
09/13/2003,OKC,OK,ASW,CE,Towers with Radar,71,35,102,87,295,0,1,8,1,10,71,36,110,88,305,0,0,0,305
09/14/2003,OKC,OK,ASW,CE,Towers with Radar,73,28,118,178,397,0,0,8,3,11,73,28,126,181,408,0,88,88,496
09/15/2003,OKC,OK,ASW,CE,Towers with Radar,85,35,137,210,467,0,3,12,4,19,85,38,149,214,486,0,0,0,486
09/16/2003,OKC,OK,ASW,CE,Towers with Radar,88,44,132,275,539,0,1,18,5,24,88,45,150,280,563,12,92,104,667
09/17/2003,OKC,OK,ASW,CE,Towers with Radar,96,44,157,243,540,0,3,19,6,28,96,47,176,249,568,8,44,52,620
09/18/2003,OKC,OK,ASW,CE,Towers with Radar,106,44,111,229,490,0,0,4,0,4,106,44,115,229,494,0,8,8,502
09/19/2003,OKC,OK,ASW,CE,Towers with Radar,82,39,161,137,419,0,0,17,0,17,82,39,178,137,436,20,0,20,456
09/20/2003,OKC,OK,ASW,CE,Towers with Radar,65,37,204,87,393,0,1,10,4,15,65,38,214,91,408,0,0,0,408
09/21/2003,OKC,OK,ASW,CE,Towers with Radar,69,27,73,90,259,0,0,6,0,6,69,27,79,90,265,0,0,0,265
09/22/2003,OKC,OK,ASW,CE,Towers with Radar,85,40,143,138,406,0,0,9,3,12,85,40,152,141,418,48,30,78,496
09/23/2003,OKC,OK,ASW,CE,Towers with Radar,89,46,139,153,427,0,6,14,2,22,89,52,153,155,449,22,60,82,531
09/24/2003,OKC,OK,ASW,CE,Towers with Radar,90,40,141,181,452,0,0,11,4,15,90,40,152,185,467,0,20,20,487
09/25/2003,OKC,OK,ASW,CE,Towers with Radar,87,42,174,209,512,0,1,35,2,38,87,43,209,211,550,0,0,0,550
09/26/2003,OKC,OK,ASW,CE,Towers with Radar,90,47,190,140,467,0,0,19,0,19,90,47,209,140,486,18,0,18,504
09/27/2003,OKC,OK,ASW,CE,Towers with Radar,64,32,126,76,298,0,0,5,2,7,64,32,131,78,305,4,0,4,309
09/28/2003,OKC,OK,ASW,CE,Towers with Radar,73,30,124,97,324,0,0,14,0,14,73,30,138,97,338,72,0,72,410
09/29/2003,OKC,OK,ASW,CE,Towers with Radar,83,30,106,95,314,0,2,9,0,11,83,32,115,95,325,0,0,0,325
09/30/2003,OKC,OK,ASW,CE,Towers with Radar,89,41,131,132,393,0,1,10,2,13,89,42,141,134,406,0,4,4,410
10/01/2003,OKC,OK,ASW,CE,Towers with Radar,88,40,153,171,452,0,0,8,0,8,88,40,161,171,460,0,12,12,472
10/02/2003,OKC,OK,ASW,CE,Towers with Radar,88,42,201,170,501,0,3,17,2,22,88,45,218,172,523,40,59,99,622
10/03/2003,OKC,OK,ASW,CE,Towers with Radar,95,43,148,154,440,0,9,51,6,66,95,52,199,160,506,4,120,124,630
10/04/2003,OKC,OK,ASW,CE,Towers with Radar,62,35,99,83,279,0,6,18,2,26,62,41,117,85,305,0,0,0,305
10/05/2003,OKC,OK,ASW,CE,Towers with Radar,72,28,119,104,323,0,3,16,4,23,72,31,135,108,346,0,0,0,346
10/06/2003,OKC,OK,ASW,CE,Towers with Radar,94,42,146,245,527,0,4,17,0,21,94,46,163,245,548,0,0,0,548
10/07/2003,OKC,OK,ASW,CE,Towers with Radar,93,47,141,215,496,0,4,5,4,13,93,51,146,219,509,0,0,0,509
10/08/2003,OKC,OK,ASW,CE,Towers with Radar,101,53,186,224,564,0,4,9,2,15,101,57,195,226,579,20,28,48,627
10/09/2003,OKC,OK,ASW,CE,Towers with Radar,89,46,154,166,455,0,0,5,4,9,89,46,159,170,464,0,0,0,464
10/10/2003,OKC,OK,ASW,CE,Towers with Radar,105,51,172,157,485,0,2,15,1,18,105,53,187,158,503,0,20,20,523
10/11/2003,OKC,OK,ASW,CE,Towers with Radar,68,38,72,95,273,0,2,9,2,13,68,40,81,97,286,4,0,4,290
10/12/2003,OKC,OK,ASW,CE,Towers with Radar,74,29,107,85,295,0,0,9,0,9,74,29,116,85,304,4,4,8,312
10/13/2003,OKC,OK,ASW,CE,Towers with Radar,80,38,115,94,327,0,4,12,1,17,80,42,127,95,344,0,0,0,344
10/14/2003,OKC,OK,ASW,CE,Towers with Radar,100,41,162,143,446,0,2,16,7,25,100,43,178,150,471,58,16,74,545
10/15/2003,OKC,OK,ASW,CE,Towers with Radar,88,41,203,178,510,0,2,27,2,31,88,43,230,180,541,16,16,32,573
10/16/2003,OKC,OK,ASW,CE,Towers with Radar,84,37,149,158,428,0,2,11,4,17,84,39,160,162,445,10,8,18,463
10/17/2003,OKC,OK,ASW,CE,Towers with Radar,96,48,206,190,540,0,2,19,1,22,96,50,225,191,562,16,52,68,630
10/18/2003,OKC,OK,ASW,CE,Towers with Radar,62,35,175,90,362,0,5,15,0,20,62,40,190,90,382,0,8,8,390
10/19/2003,OKC,OK,ASW,CE,Towers with Radar,73,32,175,95,375,0,4,3,2,9,73,36,178,97,384,0,22,22,406
10/20/2003,OKC,OK,ASW,CE,Towers with Radar,83,40,145,169,437,0,5,16,0,21,83,45,161,169,458,0,0,0,458
10/21/2003,OKC,OK,ASW,CE,Towers with Radar,93,46,207,159,505,0,9,28,3,40,93,55,235,162,545,36,44,80,625
10/22/2003,OKC,OK,ASW,CE,Towers with Radar,90,56,181,153,480,0,2,12,3,17,90,58,193,156,497,22,4,26,523
10/23/2003,OKC,OK,ASW,CE,Towers with Radar,95,44,224,186,549,0,7,18,1,26,95,51,242,187,575,8,0,8,583
10/24/2003,OKC,OK,ASW,CE,Towers with Radar,101,53,163,172,489,0,1,19,1,21,101,54,182,173,510,0,32,32,542
10/25/2003,OKC,OK,ASW,CE,Towers with Radar,67,41,62,86,256,0,1,3,1,5,67,42,65,87,261,0,0,0,261
10/26/2003,OKC,OK,ASW,CE,Towers with Radar,77,31,137,137,382,0,4,10,0,14,77,35,147,137,396,0,8,8,404
10/27/2003,OKC,OK,ASW,CE,Towers with Radar,89,42,163,197,491,0,2,23,1,26,89,44,186,198,517,0,10,10,527
10/28/2003,OKC,OK,ASW,CE,Towers with Radar,101,47,200,190,538,0,3,22,1,26,101,50,222,191,564,10,24,34,598
10/29/2003,OKC,OK,ASW,CE,Towers with Radar,99,39,174,259,571,0,3,18,3,24,99,42,192,262,595,12,16,28,623
10/30/2003,OKC,OK,ASW,CE,Towers with Radar,83,37,184,176,480,0,2,9,4,15,83,39,193,180,495,56,40,96,591
10/31/2003,OKC,OK,ASW,CE,Towers with Radar,85,43,188,199,515,0,2,13,0,15,85,45,201,199,530,0,8,8,538
11/01/2003,OKC,OK,ASW,CE,Towers with Radar,63,41,131,108,343,0,1,0,0,1,63,42,131,108,344,0,0,0,344
11/02/2003,OKC,OK,ASW,CE,Towers with Radar,71,32,111,128,342,0,4,6,0,10,71,36,117,128,352,14,0,14,366
11/03/2003,OKC,OK,ASW,CE,Towers with Radar,76,32,143,148,399,0,1,3,0,4,76,33,146,148,403,0,0,0,403
11/04/2003,OKC,OK,ASW,CE,Towers with Radar,83,38,155,248,524,0,1,5,0,6,83,39,160,248,530,0,68,68,598
11/05/2003,OKC,OK,ASW,CE,Towers with Radar,84,37,178,149,448,0,1,6,0,7,84,38,184,149,455,0,0,0,455
11/06/2003,OKC,OK,ASW,CE,Towers with Radar,82,36,139,163,420,0,4,3,5,12,82,40,142,168,432,8,36,44,476
11/07/2003,OKC,OK,ASW,CE,Towers with Radar,86,44,167,134,431,0,6,13,1,20,86,50,180,135,451,8,0,8,459
11/08/2003,OKC,OK,ASW,CE,Towers with Radar,65,29,93,85,272,0,0,0,1,1,65,29,93,86,273,0,0,0,273
11/09/2003,OKC,OK,ASW,CE,Towers with Radar,71,25,73,100,269,0,2,2,3,7,71,27,75,103,276,0,0,0,276
11/10/2003,OKC,OK,ASW,CE,Towers with Radar,73,35,102,107,317,0,0,1,0,1,73,35,103,107,318,10,0,10,328
11/11/2003,OKC,OK,ASW,CE,Towers with Radar,82,37,180,99,398,0,1,11,0,12,82,38,191,99,410,0,12,12,422
11/12/2003,OKC,OK,ASW,CE,Towers with Radar,86,50,161,151,448,0,7,19,5,31,86,57,180,156,479,8,0,8,487
11/13/2003,OKC,OK,ASW,CE,Towers with Radar,82,37,179,272,570,0,1,21,1,23,82,38,200,273,593,4,10,14,607
11/14/2003,OKC,OK,ASW,CE,Towers with Radar,82,52,107,124,365,0,0,2,2,4,82,52,109,126,369,0,0,0,369
11/15/2003,OKC,OK,ASW,CE,Towers with Radar,66,32,107,86,291,0,3,7,0,10,66,35,114,86,301,0,0,0,301
11/16/2003,OKC,OK,ASW,CE,Towers with Radar,68,29,101,107,305,0,2,9,0,11,68,31,110,107,316,8,10,18,334
11/17/2003,OKC,OK,ASW,CE,Towers with Radar,67,34,59,94,254,0,2,3,0,5,67,36,62,94,259,0,0,0,259
11/18/2003,OKC,OK,ASW,CE,Towers with Radar,89,51,114,200,454,0,2,17,3,22,89,53,131,203,476,72,12,84,560
11/19/2003,OKC,OK,ASW,CE,Towers with Radar,92,36,278,296,702,0,10,16,1,27,92,46,294,297,729,6,18,24,753
11/20/2003,OKC,OK,ASW,CE,Towers with Radar,84,40,232,288,644,0,1,21,3,25,84,41,253,291,669,0,60,60,729
11/21/2003,OKC,OK,ASW,CE,Towers with Radar,90,41,217,193,541,0,2,11,1,14,90,43,228,194,555,0,0,0,555
11/22/2003,OKC,OK,ASW,CE,Towers with Radar,66,33,132,78,309,0,5,7,0,12,66,38,139,78,321,0,0,0,321
11/23/2003,OKC,OK,ASW,CE,Towers with Radar,71,29,57,100,257,0,1,9,8,18,71,30,66,108,275,0,8,8,283
11/24/2003,OKC,OK,ASW,CE,Towers with Radar,73,31,176,216,496,0,4,19,1,24,73,35,195,217,520,16,46,62,582
11/25/2003,OKC,OK,ASW,CE,Towers with Radar,92,39,199,222,552,0,2,16,2,20,92,41,215,224,572,12,20,32,604
11/26/2003,OKC,OK,ASW,CE,Towers with Radar,89,43,163,183,478,0,7,10,0,17,89,50,173,183,495,0,22,22,517
11/27/2003,OKC,OK,ASW,CE,Towers with Radar,46,20,61,76,203,0,1,6,1,8,46,21,67,77,211,0,0,0,211
11/28/2003,OKC,OK,ASW,CE,Towers with Radar,62,27,122,80,291,0,3,13,2,18,62,30,135,82,309,12,0,12,321
11/29/2003,OKC,OK,ASW,CE,Towers with Radar,57,33,75,81,246,0,1,9,2,12,57,34,84,83,258,0,0,0,258
11/30/2003,OKC,OK,ASW,CE,Towers with Radar,73,30,145,102,350,0,4,12,1,17,73,34,157,103,367,0,0,0,367
12/01/2003,OKC,OK,ASW,CE,Towers with Radar,52,21,48,68,189,27,18,94,160,299,79,39,142,228,488,0,40,40,528
12/02/2003,OKC,OK,ASW,CE,Towers with Radar,90,30,74,103,297,0,19,68,126,213,90,49,142,229,510,24,124,148,658
12/03/2003,OKC,OK,ASW,CE,Towers with Radar,66,31,85,80,262,24,3,85,154,266,90,34,170,234,528,4,32,36,564
12/04/2003,OKC,OK,ASW,CE,Towers with Radar,73,18,45,77,213,16,23,168,106,313,89,41,213,183,526,4,2,6,532
12/05/2003,OKC,OK,ASW,CE,Towers with Radar,86,28,100,201,415,0,11,105,3,119,86,39,205,204,534,4,22,26,560
12/06/2003,OKC,OK,ASW,CE,Towers with Radar,68,30,114,90,302,0,0,46,0,46,68,30,160,90,348,4,0,4,352
12/07/2003,OKC,OK,ASW,CE,Towers with Radar,71,29,146,109,355,0,2,5,1,8,71,31,151,110,363,0,8,8,371
12/08/2003,OKC,OK,ASW,CE,Towers with Radar,74,31,164,216,485,0,3,11,0,14,74,34,175,216,499,40,88,128,627
12/09/2003,OKC,OK,ASW,CE,Towers with Radar,81,37,50,83,251,0,1,1,0,2,81,38,51,83,253,0,0,0,253
12/10/2003,OKC,OK,ASW,CE,Towers with Radar,91,34,190,263,578,0,1,19,2,22,91,35,209,265,600,0,0,0,600
12/11/2003,OKC,OK,ASW,CE,Towers with Radar,94,37,226,289,646,0,5,14,4,23,94,42,240,293,669,26,42,68,737
12/12/2003,OKC,OK,ASW,CE,Towers with Radar,83,35,64,113,295,0,2,3,0,5,83,37,67,113,300,0,0,0,300
12/13/2003,OKC,OK,ASW,CE,Towers with Radar,70,29,17,71,187,0,0,1,0,1,70,29,18,71,188,0,0,0,188
12/14/2003,OKC,OK,ASW,CE,Towers with Radar,70,30,94,122,316,0,1,6,0,7,70,31,100,122,323,16,30,46,369
12/15/2003,OKC,OK,ASW,CE,Towers with Radar,72,28,128,188,416,0,3,11,4,18,72,31,139,192,434,0,4,4,438
12/16/2003,OKC,OK,ASW,CE,Towers with Radar,72,27,152,327,578,0,1,13,6,20,72,28,165,333,598,16,106,122,720
12/17/2003,OKC,OK,ASW,CE,Towers with Radar,93,38,244,241,616,0,5,21,0,26,93,43,265,241,642,0,0,0,642
12/18/2003,OKC,OK,ASW,CE,Towers with Radar,91,35,220,233,579,0,5,15,3,23,91,40,235,236,602,0,60,60,662
12/19/2003,OKC,OK,ASW,CE,Towers with Radar,95,41,220,245,601,0,1,35,2,38,95,42,255,247,639,26,84,110,749
12/20/2003,OKC,OK,ASW,CE,Towers with Radar,63,28,122,93,306,0,3,9,0,12,63,31,131,93,318,0,0,0,318
12/21/2003,OKC,OK,ASW,CE,Towers with Radar,73,27,107,87,294,0,8,22,1,31,73,35,129,88,325,0,0,0,325
12/22/2003,OKC,OK,ASW,CE,Towers with Radar,0,0,0,0,0,0,0,0,0,0,0,0,0,0,0,0,0,0,0
12/23/2003,OKC,OK,ASW,CE,Towers with Radar,0,0,0,0,0,0,0,0,0,0,0,0,0,0,0,0,0,0,0
12/24/2003,OKC,OK,ASW,CE,Towers with Radar,0,0,0,0,0,0,0,0,0,0,0,0,0,0,0,0,0,0,0
12/25/2003,OKC,OK,ASW,CE,Towers with Radar,0,0,0,0,0,0,0,0,0,0,0,0,0,0,0,0,0,0,0
12/26/2003,OKC,OK,ASW,CE,Towers with Radar,0,0,0,0,0,0,0,0,0,0,0,0,0,0,0,0,0,0,0
12/27/2003,OKC,OK,ASW,CE,Towers with Radar,0,0,0,0,0,0,0,0,0,0,0,0,0,0,0,0,0,0,0
12/28/2003,OKC,OK,ASW,CE,Towers with Radar,0,0,0,0,0,0,0,0,0,0,0,0,0,0,0,0,0,0,0
12/29/2003,OKC,OK,ASW,CE,Towers with Radar,0,0,0,0,0,0,0,0,0,0,0,0,0,0,0,0,0,0,0
12/30/2003,OKC,OK,ASW,CE,Towers with Radar,0,0,0,0,0,0,0,0,0,0,0,0,0,0,0,0,0,0,0
12/31/2003,OKC,OK,ASW,CE,Towers with Radar,0,0,0,0,0,0,0,0,0,0,0,0,0,0,0,0,0,0,0
01/01/2004,OKC,OK,ASW,CE,Towers with Radar,67,62,19,0,148,0,0,3,0,3,67,62,22,0,151,0,0,0,151
01/02/2004,OKC,OK,ASW,CE,Towers with Radar,133,81,16,2,232,0,0,6,0,6,133,81,22,2,238,0,0,0,238
01/03/2004,OKC,OK,ASW,CE,Towers with Radar,81,80,20,1,182,0,3,7,0,10,81,83,27,1,192,0,0,0,192
01/04/2004,OKC,OK,ASW,CE,Towers with Radar,86,68,17,1,172,0,0,4,1,5,86,68,21,2,177,0,0,0,177
01/05/2004,OKC,OK,ASW,CE,Towers with Radar,138,83,25,33,279,0,3,17,2,22,138,86,42,35,301,12,120,132,433
01/06/2004,OKC,OK,ASW,CE,Towers with Radar,107,83,31,44,265,0,4,24,4,32,107,87,55,48,297,0,16,16,313
01/07/2004,OKC,OK,ASW,CE,Towers with Radar,100,102,45,60,307,0,5,22,15,42,100,107,67,75,349,0,68,68,417
01/08/2004,OKC,OK,ASW,CE,Towers with Radar,105,106,25,45,281,0,1,31,4,36,105,107,56,49,317,4,32,36,353
01/09/2004,OKC,OK,ASW,CE,Towers with Radar,95,104,34,29,262,0,0,48,0,48,95,104,82,29,310,6,0,6,316
01/10/2004,OKC,OK,ASW,CE,Towers with Radar,58,89,11,3,161,0,3,13,0,16,58,92,24,3,177,5,0,5,182
01/11/2004,OKC,OK,ASW,CE,Towers with Radar,75,83,12,27,197,0,0,12,1,13,75,83,24,28,210,34,81,115,325
01/12/2004,OKC,OK,ASW,CE,Towers with Radar,88,99,36,59,282,0,2,25,11,38,88,101,61,70,320,0,8,8,328
01/13/2004,OKC,OK,ASW,CE,Towers with Radar,94,108,56,41,299,0,0,22,5,27,94,108,78,46,326,22,26,48,374
01/14/2004,OKC,OK,ASW,CE,Towers with Radar,92,91,39,53,275,0,0,36,10,46,92,91,75,63,321,22,16,38,359
01/15/2004,OKC,OK,ASW,CE,Towers with Radar,101,107,47,43,298,0,0,35,4,39,101,107,82,47,337,0,0,0,337
01/16/2004,OKC,OK,ASW,CE,Towers with Radar,86,51,22,4,163,0,0,0,0,0,86,51,22,4,163,0,0,0,163
01/17/2004,OKC,OK,ASW,CE,Towers with Radar,67,84,30,2,183,0,0,0,0,0,67,84,30,2,183,0,0,0,183
01/18/2004,OKC,OK,ASW,CE,Towers with Radar,77,80,9,5,171,0,0,21,0,21,77,80,30,5,192,0,0,0,192
01/19/2004,OKC,OK,ASW,CE,Towers with Radar,89,91,35,5,220,0,0,39,0,39,89,91,74,5,259,0,0,0,259
01/20/2004,OKC,OK,ASW,CE,Towers with Radar,98,95,41,44,278,0,2,31,2,35,98,97,72,46,313,0,0,0,313
01/21/2004,OKC,OK,ASW,CE,Towers with Radar,93,106,45,44,288,0,3,37,0,40,93,109,82,44,328,8,4,12,340
01/22/2004,OKC,OK,ASW,CE,Towers with Radar,98,106,43,47,294,0,4,42,1,47,98,110,85,48,341,4,50,54,395
01/23/2004,OKC,OK,ASW,CE,Towers with Radar,93,101,39,57,290,0,2,38,0,40,93,103,77,57,330,0,0,0,330
01/24/2004,OKC,OK,ASW,CE,Towers with Radar,116,103,36,4,259,0,1,2,0,3,116,104,38,4,262,8,0,8,270
01/25/2004,OKC,OK,ASW,CE,Towers with Radar,81,73,23,37,214,0,0,13,5,18,81,73,36,42,232,0,138,138,370
01/26/2004,OKC,OK,ASW,CE,Towers with Radar,87,82,16,1,186,0,1,3,0,4,87,83,19,1,190,0,0,0,190
01/27/2004,OKC,OK,ASW,CE,Towers with Radar,99,96,35,26,256,0,7,34,22,63,99,103,69,48,319,6,38,44,363
01/28/2004,OKC,OK,ASW,CE,Towers with Radar,94,90,43,35,262,0,1,34,2,37,94,91,77,37,299,0,0,0,299
01/29/2004,OKC,OK,ASW,CE,Towers with Radar,104,102,52,28,286,0,0,1,0,1,104,102,53,28,287,0,14,14,301
01/30/2004,OKC,OK,ASW,CE,Towers with Radar,103,104,43,79,329,0,0,43,1,44,103,104,86,80,373,0,0,0,373
01/31/2004,OKC,OK,ASW,CE,Towers with Radar,78,78,13,0,169,0,0,3,0,3,78,78,16,0,172,0,0,0,172
02/01/2004,OKC,OK,ASW,CE,Towers with Radar,41,35,1,0,77,0,0,0,0,0,41,35,1,0,77,0,0,0,77
02/02/2004,OKC,OK,ASW,CE,Towers with Radar,51,58,15,18,142,0,0,6,3,9,51,58,21,21,151,0,0,0,151
02/03/2004,OKC,OK,ASW,CE,Towers with Radar,73,62,31,32,198,0,1,31,7,39,73,63,62,39,237,0,0,0,237
02/04/2004,OKC,OK,ASW,CE,Towers with Radar,100,100,23,5,228,0,0,1,0,1,100,100,24,5,229,0,0,0,229
02/05/2004,OKC,OK,ASW,CE,Towers with Radar,103,109,27,10,249,2,0,0,0,2,105,109,27,10,251,0,0,0,251
02/06/2004,OKC,OK,ASW,CE,Towers with Radar,73,69,38,38,218,2,2,21,0,25,75,71,59,38,243,0,0,0,243
02/07/2004,OKC,OK,ASW,CE,Towers with Radar,71,78,16,2,167,0,1,40,0,41,71,79,56,2,208,0,0,0,208
02/08/2004,OKC,OK,ASW,CE,Towers with Radar,76,80,8,14,178,0,0,6,0,6,76,80,14,14,184,0,0,0,184
02/09/2004,OKC,OK,ASW,CE,Towers with Radar,91,99,46,36,272,0,0,7,6,13,91,99,53,42,285,0,0,0,285
02/10/2004,OKC,OK,ASW,CE,Towers with Radar,100,116,34,86,336,0,8,52,6,66,100,124,86,92,402,0,0,0,402
02/11/2004,OKC,OK,ASW,CE,Towers with Radar,23,24,6,1,54,0,0,5,0,5,23,24,11,1,59,0,0,0,59
02/12/2004,OKC,OK,ASW,CE,Towers with Radar,100,107,48,78,333,0,0,25,9,34,100,107,73,87,367,0,0,0,367
02/13/2004,OKC,OK,ASW,CE,Towers with Radar,104,124,36,38,302,0,1,28,1,30,104,125,64,39,332,0,0,0,332
02/14/2004,OKC,OK,ASW,CE,Towers with Radar,77,81,15,1,174,0,1,9,0,10,77,82,24,1,184,0,0,0,184
02/15/2004,OKC,OK,ASW,CE,Towers with Radar,79,69,16,0,164,0,0,14,0,14,79,69,30,0,178,0,0,0,178
02/16/2004,OKC,OK,ASW,CE,Towers with Radar,88,89,15,7,199,0,0,17,0,17,88,89,32,7,216,0,0,0,216
02/17/2004,OKC,OK,ASW,CE,Towers with Radar,99,101,37,39,276,0,3,29,2,34,99,104,66,41,310,0,0,0,310
02/18/2004,OKC,OK,ASW,CE,Towers with Radar,104,109,34,43,290,0,1,34,2,37,104,110,68,45,327,0,0,0,327
02/19/2004,OKC,OK,ASW,CE,Towers with Radar,101,108,34,35,278,0,0,18,6,24,101,108,52,41,302,0,0,0,302
02/20/2004,OKC,OK,ASW,CE,Towers with Radar,96,111,21,22,250,0,0,41,1,42,96,111,62,23,292,0,0,0,292
02/21/2004,OKC,OK,ASW,CE,Towers with Radar,81,83,25,19,208,0,0,58,2,60,81,83,83,21,268,0,0,0,268
02/22/2004,OKC,OK,ASW,CE,Towers with Radar,77,90,20,25,212,0,0,11,1,12,77,90,31,26,224,0,0,0,224
02/23/2004,OKC,OK,ASW,CE,Towers with Radar,89,93,59,11,252,0,0,1,0,1,89,93,60,11,253,0,0,0,253
02/24/2004,OKC,OK,ASW,CE,Towers with Radar,95,108,55,13,271,0,0,4,3,7,95,108,59,16,278,0,0,0,278
02/25/2004,OKC,OK,ASW,CE,Towers with Radar,101,110,43,36,290,0,2,19,2,23,101,112,62,38,313,0,0,0,313
02/26/2004,OKC,OK,ASW,CE,Towers with Radar,99,103,58,29,289,0,1,30,1,32,99,104,88,30,321,0,0,0,321
02/27/2004,OKC,OK,ASW,CE,Towers with Radar,93,112,41,39,285,0,1,37,4,42,93,113,78,43,327,0,20,20,347
02/28/2004,OKC,OK,ASW,CE,Towers with Radar,83,86,17,9,195,0,1,4,0,5,83,87,21,9,200,0,0,0,200
02/29/2004,OKC,OK,ASW,CE,Towers with Radar,76,78,21,18,193,0,0,2,1,3,76,78,23,19,196,0,0,0,196
03/01/2004,OKC,OK,ASW,CE,Towers with Radar,91,98,21,32,242,0,1,43,14,58,91,99,64,46,300,0,0,0,300
03/02/2004,OKC,OK,ASW,CE,Towers with Radar,97,119,33,27,276,0,3,16,4,23,97,122,49,31,299,0,0,0,299
03/03/2004,OKC,OK,ASW,CE,Towers with Radar,97,113,25,0,235,0,0,0,0,0,97,113,25,0,235,0,0,0,235
03/04/2004,OKC,OK,ASW,CE,Towers with Radar,96,110,33,0,239,0,0,2,0,2,96,110,35,0,241,0,0,0,241
03/05/2004,OKC,OK,ASW,CE,Towers with Radar,97,109,73,39,318,0,3,40,1,44,97,112,113,40,362,0,0,0,362
03/06/2004,OKC,OK,ASW,CE,Towers with Radar,78,85,22,0,185,0,1,31,1,33,78,86,53,1,218,0,0,0,218
03/07/2004,OKC,OK,ASW,CE,Towers with Radar,76,83,22,8,189,0,0,16,2,18,76,83,38,10,207,0,0,0,207
03/08/2004,OKC,OK,ASW,CE,Towers with Radar,97,96,46,38,277,0,4,34,5,43,97,100,80,43,320,0,0,0,320
03/09/2004,OKC,OK,ASW,CE,Towers with Radar,95,110,47,35,287,0,5,58,1,64,95,115,105,36,351,0,0,0,351
03/10/2004,OKC,OK,ASW,CE,Towers with Radar,105,102,50,36,293,0,0,22,2,24,105,102,72,38,317,2,0,2,319
03/11/2004,OKC,OK,ASW,CE,Towers with Radar,104,113,55,37,309,0,4,33,4,41,104,117,88,41,350,22,56,78,428
03/12/2004,OKC,OK,ASW,CE,Towers with Radar,101,114,44,40,299,0,0,25,0,25,101,114,69,40,324,0,86,86,410
03/13/2004,OKC,OK,ASW,CE,Towers with Radar,80,88,17,3,188,0,0,1,0,1,80,88,18,3,189,0,0,0,189
03/14/2004,OKC,OK,ASW,CE,Towers with Radar,81,79,22,3,185,0,0,6,1,7,81,79,28,4,192,0,0,0,192
03/15/2004,OKC,OK,ASW,CE,Towers with Radar,93,101,49,40,283,0,1,12,5,18,93,102,61,45,301,32,0,32,333
03/16/2004,OKC,OK,ASW,CE,Towers with Radar,122,120,36,68,346,0,4,37,9,50,122,124,73,77,396,12,130,142,538
03/17/2004,OKC,OK,ASW,CE,Towers with Radar,108,99,35,33,275,0,1,24,0,25,108,100,59,33,300,0,0,0,300
03/18/2004,OKC,OK,ASW,CE,Towers with Radar,109,101,46,42,298,0,3,48,1,52,109,104,94,43,350,12,42,54,404
03/19/2004,OKC,OK,ASW,CE,Towers with Radar,97,109,65,12,283,0,1,8,0,9,97,110,73,12,292,20,16,36,328
03/20/2004,OKC,OK,ASW,CE,Towers with Radar,129,124,31,4,288,0,4,21,2,27,129,128,52,6,315,20,0,20,335
03/21/2004,OKC,OK,ASW,CE,Towers with Radar,87,89,18,9,203,0,2,23,1,26,87,91,41,10,229,0,0,0,229
03/22/2004,OKC,OK,ASW,CE,Towers with Radar,90,90,27,50,257,0,1,39,8,48,90,91,66,58,305,16,24,40,345
03/23/2004,OKC,OK,ASW,CE,Towers with Radar,95,116,54,55,320,0,2,18,15,35,95,118,72,70,355,0,98,98,453
03/24/2004,OKC,OK,ASW,CE,Towers with Radar,110,120,67,49,346,0,3,6,11,20,110,123,73,60,366,0,0,0,366
03/25/2004,OKC,OK,ASW,CE,Towers with Radar,107,107,67,83,364,0,1,6,3,10,107,108,73,86,374,0,134,134,508
03/26/2004,OKC,OK,ASW,CE,Towers with Radar,95,109,48,82,334,0,2,14,9,25,95,111,62,91,359,24,284,308,667
03/27/2004,OKC,OK,ASW,CE,Towers with Radar,85,80,9,1,175,0,0,0,1,1,85,80,9,2,176,0,0,0,176
03/28/2004,OKC,OK,ASW,CE,Towers with Radar,76,79,20,22,197,0,3,16,4,23,76,82,36,26,220,0,18,18,238
03/29/2004,OKC,OK,ASW,CE,Towers with Radar,96,100,33,60,289,0,1,42,0,43,96,101,75,60,332,24,84,108,440
03/30/2004,OKC,OK,ASW,CE,Towers with Radar,104,116,44,38,302,0,2,72,1,75,104,118,116,39,377,32,8,40,417
03/31/2004,OKC,OK,ASW,CE,Towers with Radar,103,114,59,22,298,0,2,68,5,75,103,116,127,27,373,34,10,44,417
04/01/2004,OKC,OK,ASW,CE,Towers with Radar,117,7,54,35,213,0,0,1,0,1,117,7,55,35,214,0,0,0,214
04/02/2004,OKC,OK,ASW,CE,Towers with Radar,120,1,82,38,241,0,0,7,0,7,120,1,89,38,248,0,0,0,248
04/03/2004,OKC,OK,ASW,CE,Towers with Radar,145,13,128,75,361,0,1,12,2,15,145,14,140,77,376,82,46,128,504
04/04/2004,OKC,OK,ASW,CE,Towers with Radar,168,19,204,100,491,0,0,39,4,43,168,19,243,104,534,40,24,64,598
04/05/2004,OKC,OK,ASW,CE,Towers with Radar,157,20,144,77,398,0,0,21,4,25,157,20,165,81,423,30,42,72,495
04/06/2004,OKC,OK,ASW,CE,Towers with Radar,166,26,186,97,475,0,1,13,11,25,166,27,199,108,500,12,34,46,546
04/07/2004,OKC,OK,ASW,CE,Towers with Radar,153,18,124,70,365,0,0,19,2,21,153,18,143,72,386,22,16,38,424
04/08/2004,OKC,OK,ASW,CE,Towers with Radar,128,9,113,37,287,0,0,22,1,23,128,9,135,38,310,24,0,24,334
04/09/2004,OKC,OK,ASW,CE,Towers with Radar,119,3,87,39,248,0,0,21,0,21,119,3,108,39,269,10,18,28,297
04/10/2004,OKC,OK,ASW,CE,Towers with Radar,157,13,122,78,370,0,0,30,6,36,157,13,152,84,406,20,26,46,452
04/11/2004,OKC,OK,ASW,CE,Towers with Radar,206,35,126,82,449,0,0,14,1,15,206,35,140,83,464,28,10,38,502
04/12/2004,OKC,OK,ASW,CE,Towers with Radar,164,23,124,69,380,0,0,9,0,9,164,23,133,69,389,2,0,2,391
04/13/2004,OKC,OK,ASW,CE,Towers with Radar,182,25,203,99,509,0,0,14,4,18,182,25,217,103,527,4,10,14,541
04/14/2004,OKC,OK,ASW,CE,Towers with Radar,156,25,115,86,382,0,0,6,1,7,156,25,121,87,389,20,8,28,417
04/15/2004,OKC,OK,ASW,CE,Towers with Radar,125,14,61,39,239,0,0,4,0,4,125,14,65,39,243,0,0,0,243
04/16/2004,OKC,OK,ASW,CE,Towers with Radar,121,16,62,34,233,0,0,16,0,16,121,16,78,34,249,8,0,8,257
04/17/2004,OKC,OK,ASW,CE,Towers with Radar,141,14,174,86,415,0,11,28,8,47,141,25,202,94,462,10,10,20,482
04/18/2004,OKC,OK,ASW,CE,Towers with Radar,174,20,215,95,504,0,7,17,3,27,174,27,232,98,531,20,4,24,555
04/19/2004,OKC,OK,ASW,CE,Towers with Radar,154,29,150,101,434,0,4,11,4,19,154,33,161,105,453,0,12,12,465
04/20/2004,OKC,OK,ASW,CE,Towers with Radar,153,17,154,109,433,0,4,26,5,35,153,21,180,114,468,54,28,82,550
04/21/2004,OKC,OK,ASW,CE,Towers with Radar,156,33,193,98,480,0,5,83,7,95,156,38,276,105,575,88,0,88,663
04/22/2004,OKC,OK,ASW,CE,Towers with Radar,131,10,142,56,339,0,7,22,0,29,131,17,164,56,368,24,0,24,392
04/23/2004,OKC,OK,ASW,CE,Towers with Radar,151,4,60,40,255,0,13,12,1,26,151,17,72,41,281,0,0,0,281
04/24/2004,OKC,OK,ASW,CE,Towers with Radar,133,14,194,111,452,0,4,22,3,29,133,18,216,114,481,56,44,100,581
04/25/2004,OKC,OK,ASW,CE,Towers with Radar,177,30,192,69,468,0,2,25,0,27,177,32,217,69,495,0,0,0,495
04/26/2004,OKC,OK,ASW,CE,Towers with Radar,164,23,234,65,486,0,3,17,3,23,164,26,251,68,509,0,0,0,509
04/27/2004,OKC,OK,ASW,CE,Towers with Radar,162,26,165,74,427,0,2,16,0,18,162,28,181,74,445,26,26,52,497
04/28/2004,OKC,OK,ASW,CE,Towers with Radar,178,22,165,63,428,0,3,17,3,23,178,25,182,66,451,36,0,36,487
04/29/2004,OKC,OK,ASW,CE,Towers with Radar,118,7,79,33,237,0,0,7,0,7,118,7,86,33,244,20,0,20,264
04/30/2004,OKC,OK,ASW,CE,Towers with Radar,126,1,32,38,197,0,2,2,0,4,126,3,34,38,201,0,0,0,201
05/01/2004,OKC,OK,ASW,CE,Towers with Radar,73,82,34,5,194,0,1,12,2,15,73,83,46,7,209,0,4,4,213
05/02/2004,OKC,OK,ASW,CE,Towers with Radar,84,82,19,11,196,0,0,21,4,25,84,82,40,15,221,6,3,9,230
05/03/2004,OKC,OK,ASW,CE,Towers with Radar,99,93,28,45,265,0,1,38,9,48,99,94,66,54,313,0,46,46,359
05/04/2004,OKC,OK,ASW,CE,Towers with Radar,105,103,36,41,285,0,4,48,0,52,105,107,84,41,337,12,16,28,365
05/05/2004,OKC,OK,ASW,CE,Towers with Radar,97,109,46,30,282,0,2,37,0,39,97,111,83,30,321,0,52,52,373
05/06/2004,OKC,OK,ASW,CE,Towers with Radar,101,109,28,32,270,0,2,25,4,31,101,111,53,36,301,0,116,116,417
05/07/2004,OKC,OK,ASW,CE,Towers with Radar,99,109,55,43,306,0,1,32,1,34,99,110,87,44,340,4,64,68,408
05/08/2004,OKC,OK,ASW,CE,Towers with Radar,84,85,25,5,199,0,0,39,2,41,84,85,64,7,240,8,0,8,248
05/09/2004,OKC,OK,ASW,CE,Towers with Radar,78,76,14,13,181,0,0,9,1,10,78,76,23,14,191,4,0,4,195
05/10/2004,OKC,OK,ASW,CE,Towers with Radar,97,97,44,41,279,0,1,16,3,20,97,98,60,44,299,0,28,28,327
05/11/2004,OKC,OK,ASW,CE,Towers with Radar,105,106,67,70,348,0,2,14,1,17,105,108,81,71,365,0,0,0,365
05/12/2004,OKC,OK,ASW,CE,Towers with Radar,105,104,51,71,331,0,1,11,2,14,105,105,62,73,345,0,0,0,345
05/13/2004,OKC,OK,ASW,CE,Towers with Radar,91,106,30,5,232,0,0,6,2,8,91,106,36,7,240,0,0,0,240
05/14/2004,OKC,OK,ASW,CE,Towers with Radar,77,66,42,9,194,0,0,5,0,5,77,66,47,9,199,0,0,0,199
05/15/2004,OKC,OK,ASW,CE,Towers with Radar,49,55,16,11,131,0,1,13,0,14,49,56,29,11,145,0,0,0,145
05/16/2004,OKC,OK,ASW,CE,Towers with Radar,77,73,11,22,183,0,3,6,4,13,77,76,17,26,196,0,0,0,196
05/17/2004,OKC,OK,ASW,CE,Towers with Radar,88,94,35,32,249,0,0,17,2,19,88,94,52,34,268,12,32,44,312
05/18/2004,OKC,OK,ASW,CE,Towers with Radar,100,101,44,74,319,0,2,20,0,22,100,103,64,74,341,18,96,114,455
05/19/2004,OKC,OK,ASW,CE,Towers with Radar,103,111,43,43,300,0,1,22,1,24,103,112,65,44,324,4,144,148,472
05/20/2004,OKC,OK,ASW,CE,Towers with Radar,103,110,40,21,274,0,2,44,4,50,103,112,84,25,324,14,4,18,342
05/21/2004,OKC,OK,ASW,CE,Towers with Radar,104,94,42,28,268,0,3,10,0,13,104,97,52,28,281,12,16,28,309
05/22/2004,OKC,OK,ASW,CE,Towers with Radar,44,62,22,10,138,0,0,2,0,2,44,62,24,10,140,0,76,76,216
05/23/2004,OKC,OK,ASW,CE,Towers with Radar,85,76,13,9,183,0,0,10,6,16,85,76,23,15,199,0,0,0,199
05/24/2004,OKC,OK,ASW,CE,Towers with Radar,89,96,38,28,251,0,1,33,2,36,89,97,71,30,287,0,0,0,287
05/25/2004,OKC,OK,ASW,CE,Towers with Radar,98,102,37,17,254,0,3,9,2,14,98,105,46,19,268,0,0,0,268
05/26/2004,OKC,OK,ASW,CE,Towers with Radar,97,111,42,29,279,0,0,27,0,27,97,111,69,29,306,26,84,110,416
05/27/2004,OKC,OK,ASW,CE,Towers with Radar,119,111,49,34,313,0,1,44,11,56,119,112,93,45,369,12,8,20,389
05/28/2004,OKC,OK,ASW,CE,Towers with Radar,117,111,43,1,272,0,3,35,1,39,117,114,78,2,311,0,0,0,311
05/29/2004,OKC,OK,ASW,CE,Towers with Radar,77,80,5,0,162,0,1,13,0,14,77,81,18,0,176,0,0,0,176
05/30/2004,OKC,OK,ASW,CE,Towers with Radar,73,66,11,0,150,0,0,25,0,25,73,66,36,0,175,22,0,22,197
05/31/2004,OKC,OK,ASW,CE,Towers with Radar,74,80,5,0,159,0,3,30,1,34,74,83,35,1,193,0,0,0,193
06/01/2004,OKC,OK,ASW,CE,Towers with Radar,98,97,39,26,260,0,9,11,17,37,98,106,50,43,297,12,68,80,377
06/02/2004,OKC,OK,ASW,CE,Towers with Radar,98,95,39,12,244,16,10,32,0,58,114,105,71,12,302,20,0,20,322
06/03/2004,OKC,OK,ASW,CE,Towers with Radar,114,112,46,16,288,0,2,14,0,16,114,114,60,16,304,4,0,4,308
06/04/2004,OKC,OK,ASW,CE,Towers with Radar,96,94,38,9,237,1,14,21,0,36,97,108,59,9,273,0,0,0,273
06/05/2004,OKC,OK,ASW,CE,Towers with Radar,58,57,22,13,150,16,23,6,0,45,74,80,28,13,195,0,0,0,195
06/06/2004,OKC,OK,ASW,CE,Towers with Radar,66,65,15,4,150,23,12,0,0,35,89,77,15,4,185,0,0,0,185
06/07/2004,OKC,OK,ASW,CE,Towers with Radar,90,88,36,24,238,4,5,7,4,20,94,93,43,28,258,0,0,0,258
06/08/2004,OKC,OK,ASW,CE,Towers with Radar,100,107,47,31,285,0,0,4,8,12,100,107,51,39,297,0,0,0,297
06/09/2004,OKC,OK,ASW,CE,Towers with Radar,85,83,28,20,216,18,15,0,0,33,103,98,28,20,249,0,0,0,249
06/10/2004,OKC,OK,ASW,CE,Towers with Radar,108,105,52,24,289,0,0,22,0,22,108,105,74,24,311,0,44,44,355
06/11/2004,OKC,OK,ASW,CE,Towers with Radar,100,101,44,29,274,0,0,26,3,29,100,101,70,32,303,8,28,36,339
06/12/2004,OKC,OK,ASW,CE,Towers with Radar,65,64,26,15,170,14,17,10,0,41,79,81,36,15,211,4,14,18,229
06/13/2004,OKC,OK,ASW,CE,Towers with Radar,67,65,26,8,166,9,11,15,0,35,76,76,41,8,201,0,0,0,201
06/14/2004,OKC,OK,ASW,CE,Towers with Radar,84,80,34,21,219,9,4,23,12,48,93,84,57,33,267,8,56,64,331
06/15/2004,OKC,OK,ASW,CE,Towers with Radar,100,104,46,25,275,0,0,40,0,40,100,104,86,25,315,0,0,0,315
06/16/2004,OKC,OK,ASW,CE,Towers with Radar,103,99,52,34,288,0,0,14,50,64,103,99,66,84,352,12,132,144,496
06/17/2004,OKC,OK,ASW,CE,Towers with Radar,107,101,48,31,287,0,0,32,11,43,107,101,80,42,330,2,16,18,348
06/18/2004,OKC,OK,ASW,CE,Towers with Radar,93,89,38,15,235,8,15,59,0,82,101,104,97,15,317,0,0,0,317
06/19/2004,OKC,OK,ASW,CE,Towers with Radar,60,57,21,11,149,18,19,0,0,37,78,76,21,11,186,0,0,0,186
06/20/2004,OKC,OK,ASW,CE,Towers with Radar,56,53,23,1,133,18,24,56,0,98,74,77,79,1,231,0,0,0,231
06/21/2004,OKC,OK,ASW,CE,Towers with Radar,64,61,26,17,168,7,6,15,7,35,71,67,41,24,203,0,0,0,203
06/22/2004,OKC,OK,ASW,CE,Towers with Radar,95,91,38,11,235,7,1,22,0,30,102,92,60,11,265,0,0,0,265
06/23/2004,OKC,OK,ASW,CE,Towers with Radar,94,83,39,25,241,0,0,43,12,55,94,83,82,37,296,0,0,0,296
06/24/2004,OKC,OK,ASW,CE,Towers with Radar,97,94,49,32,272,0,0,66,18,84,97,94,115,50,356,0,0,0,356
06/25/2004,OKC,OK,ASW,CE,Towers with Radar,108,101,49,31,289,0,0,44,27,71,108,101,93,58,360,0,0,0,360
06/26/2004,OKC,OK,ASW,CE,Towers with Radar,60,57,23,6,146,18,24,38,0,80,78,81,61,6,226,0,0,0,226
06/27/2004,OKC,OK,ASW,CE,Towers with Radar,125,118,26,37,306,0,0,0,35,35,125,118,26,72,341,0,0,0,341
06/28/2004,OKC,OK,ASW,CE,Towers with Radar,102,83,41,27,253,3,0,41,21,65,105,83,82,48,318,0,28,28,346
06/29/2004,OKC,OK,ASW,CE,Towers with Radar,101,100,42,25,268,0,0,40,0,40,101,100,82,25,308,0,32,32,340
06/30/2004,OKC,OK,ASW,CE,Towers with Radar,100,102,47,15,264,0,0,20,0,20,100,102,67,15,284,0,0,0,284
07/01/2004,OKC,OK,ASW,CE,Towers with Radar,101,106,37,38,282,0,0,19,17,36,101,106,56,55,318,0,0,0,318
07/02/2004,OKC,OK,ASW,CE,Towers with Radar,93,96,33,17,239,13,14,13,0,40,106,110,46,17,279,0,12,12,291
07/03/2004,OKC,OK,ASW,CE,Towers with Radar,49,51,17,5,122,23,17,20,0,60,72,68,37,5,182,26,2,28,210
07/04/2004,OKC,OK,ASW,CE,Towers with Radar,43,45,14,6,108,21,32,0,0,53,64,77,14,6,161,0,0,0,161
07/05/2004,OKC,OK,ASW,CE,Towers with Radar,53,55,13,10,131,19,21,0,0,40,72,76,13,10,171,0,0,0,171
07/06/2004,OKC,OK,ASW,CE,Towers with Radar,86,89,30,30,235,3,11,11,11,36,89,100,41,41,271,0,0,0,271
07/07/2004,OKC,OK,ASW,CE,Towers with Radar,102,105,37,37,281,0,0,9,30,39,102,105,46,67,320,0,60,60,380
07/08/2004,OKC,OK,ASW,CE,Towers with Radar,98,106,37,37,278,0,2,24,5,31,98,108,61,42,309,20,56,76,385
07/09/2004,OKC,OK,ASW,CE,Towers with Radar,103,113,39,32,287,0,0,20,0,20,103,113,59,32,307,16,32,48,355
07/10/2004,OKC,OK,ASW,CE,Towers with Radar,59,61,21,12,153,18,20,9,0,47,77,81,30,12,200,0,0,0,200
07/11/2004,OKC,OK,ASW,CE,Towers with Radar,68,71,25,25,189,16,13,13,14,56,84,84,38,39,245,0,0,0,245
07/12/2004,OKC,OK,ASW,CE,Towers with Radar,93,95,36,35,259,0,0,39,10,49,93,95,75,45,308,40,50,90,398
07/13/2004,OKC,OK,ASW,CE,Towers with Radar,95,93,36,36,260,0,0,20,19,39,95,93,56,55,299,8,0,8,307
07/14/2004,OKC,OK,ASW,CE,Towers with Radar,92,95,37,37,261,0,0,25,13,38,92,95,62,50,299,0,0,0,299
07/15/2004,OKC,OK,ASW,CE,Towers with Radar,109,108,38,38,293,3,0,53,6,62,112,108,91,44,355,0,0,0,355
07/16/2004,OKC,OK,ASW,CE,Towers with Radar,99,107,40,39,285,0,0,16,3,19,99,107,56,42,304,0,34,34,338
07/17/2004,OKC,OK,ASW,CE,Towers with Radar,58,59,21,8,146,16,24,21,0,61,74,83,42,8,207,0,0,0,207
07/18/2004,OKC,OK,ASW,CE,Towers with Radar,71,72,26,25,194,13,11,6,20,50,84,83,32,45,244,0,0,0,244
07/19/2004,OKC,OK,ASW,CE,Towers with Radar,91,91,33,32,247,2,0,34,5,41,93,91,67,37,288,6,56,62,350
07/20/2004,OKC,OK,ASW,CE,Towers with Radar,103,96,38,38,275,0,0,16,40,56,103,96,54,78,331,0,4,4,335
07/21/2004,OKC,OK,ASW,CE,Towers with Radar,100,110,42,42,294,0,0,41,34,75,100,110,83,76,369,20,16,36,405
07/22/2004,OKC,OK,ASW,CE,Towers with Radar,98,110,39,38,285,0,0,30,17,47,98,110,69,55,332,0,0,0,332
07/23/2004,OKC,OK,ASW,CE,Towers with Radar,96,97,35,18,246,8,7,33,0,48,104,104,68,18,294,22,16,38,332
07/24/2004,OKC,OK,ASW,CE,Towers with Radar,74,77,27,1,179,0,3,26,0,29,74,80,53,1,208,12,8,20,228
07/25/2004,OKC,OK,ASW,CE,Towers with Radar,80,81,28,15,204,1,1,23,0,25,81,82,51,15,229,0,0,0,229
07/26/2004,OKC,OK,ASW,CE,Towers with Radar,93,92,38,38,261,0,0,27,11,38,93,92,65,49,299,8,4,12,311
07/27/2004,OKC,OK,ASW,CE,Towers with Radar,100,101,43,43,287,0,0,36,11,47,100,101,79,54,334,0,84,84,418
07/28/2004,OKC,OK,ASW,CE,Towers with Radar,103,104,36,18,261,0,2,20,0,22,103,106,56,18,283,32,0,32,315
07/29/2004,OKC,OK,ASW,CE,Towers with Radar,114,106,49,49,318,0,0,11,2,13,114,106,60,51,331,6,0,6,337
07/30/2004,OKC,OK,ASW,CE,Towers with Radar,106,101,45,38,290,0,0,16,0,16,106,101,61,38,306,0,0,0,306
07/31/2004,OKC,OK,ASW,CE,Towers with Radar,65,66,23,23,177,16,17,9,8,50,81,83,32,31,227,0,0,0,227
08/01/2004,OKC,OK,ASW,CE,Towers with Radar,64,62,24,27,177,18,19,5,0,42,82,81,29,27,219,0,20,20,239
08/02/2004,OKC,OK,ASW,CE,Towers with Radar,85,84,32,36,237,5,5,16,19,45,90,89,48,55,282,0,112,112,394
08/03/2004,OKC,OK,ASW,CE,Towers with Radar,105,98,44,48,295,0,0,25,28,53,105,98,69,76,348,0,0,0,348
08/04/2004,OKC,OK,ASW,CE,Towers with Radar,105,101,39,44,289,1,0,17,2,20,106,101,56,46,309,20,132,152,461
08/05/2004,OKC,OK,ASW,CE,Towers with Radar,104,105,46,52,307,0,0,42,4,46,104,105,88,56,353,0,0,0,353
08/06/2004,OKC,OK,ASW,CE,Towers with Radar,107,96,40,47,290,0,0,16,8,24,107,96,56,55,314,14,92,106,420
08/07/2004,OKC,OK,ASW,CE,Towers with Radar,64,63,23,16,166,11,20,23,0,54,75,83,46,16,220,4,16,20,240
08/08/2004,OKC,OK,ASW,CE,Towers with Radar,62,61,21,10,154,20,21,0,0,41,82,82,21,10,195,0,0,0,195
08/09/2004,OKC,OK,ASW,CE,Towers with Radar,93,84,35,35,247,0,0,20,0,20,93,84,55,35,267,0,0,0,267
08/10/2004,OKC,OK,ASW,CE,Towers with Radar,101,110,42,48,301,0,0,29,26,55,101,110,71,74,356,0,46,46,402
08/11/2004,OKC,OK,ASW,CE,Towers with Radar,97,98,38,19,252,0,0,50,0,50,97,98,88,19,302,4,28,32,334
08/12/2004,OKC,OK,ASW,CE,Towers with Radar,102,98,38,38,276,3,0,40,0,43,105,98,78,38,319,0,0,0,319
08/13/2004,OKC,OK,ASW,CE,Towers with Radar,52,52,19,10,133,2,5,21,0,28,54,57,40,10,161,0,0,0,161
08/14/2004,OKC,OK,ASW,CE,Towers with Radar,54,54,20,23,151,8,16,18,5,47,62,70,38,28,198,0,0,0,198
08/15/2004,OKC,OK,ASW,CE,Towers with Radar,58,58,21,12,149,20,20,0,0,40,78,78,21,12,189,0,0,0,189
08/16/2004,OKC,OK,ASW,CE,Towers with Radar,85,79,31,34,229,8,0,35,0,43,93,79,66,34,272,4,36,40,312
08/17/2004,OKC,OK,ASW,CE,Towers with Radar,102,107,42,48,299,0,0,47,2,49,102,107,89,50,348,0,0,0,348
08/18/2004,OKC,OK,ASW,CE,Towers with Radar,92,98,37,41,268,0,1,38,0,39,92,99,75,41,307,0,16,16,323
08/19/2004,OKC,OK,ASW,CE,Towers with Radar,102,96,37,24,259,3,0,14,0,17,105,96,51,24,276,0,54,54,330
08/20/2004,OKC,OK,ASW,CE,Towers with Radar,107,93,43,43,286,0,0,21,0,21,107,93,64,43,307,0,0,0,307
08/21/2004,OKC,OK,ASW,CE,Towers with Radar,63,60,23,27,173,11,19,21,1,52,74,79,44,28,225,0,0,0,225
08/22/2004,OKC,OK,ASW,CE,Towers with Radar,65,62,19,26,172,16,14,0,0,30,81,76,19,26,202,0,0,0,202
08/23/2004,OKC,OK,ASW,CE,Towers with Radar,90,88,33,39,250,0,0,4,26,30,90,88,37,65,280,4,46,50,330
08/24/2004,OKC,OK,ASW,CE,Towers with Radar,101,104,42,49,296,0,0,36,47,83,101,104,78,96,379,34,110,144,523
08/25/2004,OKC,OK,ASW,CE,Towers with Radar,94,96,42,48,280,0,0,46,29,75,94,96,88,77,355,0,0,0,355
08/26/2004,OKC,OK,ASW,CE,Towers with Radar,109,96,42,49,296,0,0,28,8,36,109,96,70,57,332,0,0,0,332
08/27/2004,OKC,OK,ASW,CE,Towers with Radar,104,99,37,38,278,6,0,36,0,42,110,99,73,38,320,0,0,0,320
08/28/2004,OKC,OK,ASW,CE,Towers with Radar,50,48,18,20,136,26,26,4,0,56,76,74,22,20,192,0,0,0,192
08/29/2004,OKC,OK,ASW,CE,Towers with Radar,66,63,24,26,179,11,22,9,0,42,77,85,33,26,221,0,0,0,221
08/30/2004,OKC,OK,ASW,CE,Towers with Radar,92,89,38,44,263,0,0,29,34,63,92,89,67,78,326,0,130,130,456
08/31/2004,OKC,OK,ASW,CE,Towers with Radar,98,106,44,42,290,0,0,42,0,42,98,106,86,42,332,0,0,0,332
09/01/2004,OKC,OK,ASW,CE,Towers with Radar,98,98,39,32,267,0,0,50,24,74,98,98,89,56,341,10,88,98,439
09/02/2004,OKC,OK,ASW,CE,Towers with Radar,102,105,41,32,280,0,0,33,4,37,102,105,74,36,317,0,0,0,317
09/03/2004,OKC,OK,ASW,CE,Towers with Radar,96,96,34,9,235,11,8,49,0,68,107,104,83,9,303,0,20,20,323
09/04/2004,OKC,OK,ASW,CE,Towers with Radar,58,58,20,5,141,11,16,7,0,34,69,74,27,5,175,0,12,12,187
09/05/2004,OKC,OK,ASW,CE,Towers with Radar,48,48,16,5,117,12,21,0,0,33,60,69,16,5,150,0,0,0,150
09/06/2004,OKC,OK,ASW,CE,Towers with Radar,53,53,18,1,125,22,22,8,0,52,75,75,26,1,177,10,0,10,187
09/07/2004,OKC,OK,ASW,CE,Towers with Radar,89,96,34,19,238,0,0,25,0,25,89,96,59,19,263,0,24,24,287
09/08/2004,OKC,OK,ASW,CE,Towers with Radar,100,105,37,30,272,0,0,17,3,20,100,105,54,33,292,0,116,116,408
09/09/2004,OKC,OK,ASW,CE,Towers with Radar,113,106,44,35,298,0,0,37,16,53,113,106,81,51,351,0,100,100,451
09/10/2004,OKC,OK,ASW,CE,Towers with Radar,101,100,45,34,280,0,0,37,17,54,101,100,82,51,334,32,12,44,378
09/11/2004,OKC,OK,ASW,CE,Towers with Radar,57,57,21,15,150,9,18,22,11,60,66,75,43,26,210,0,0,0,210
09/12/2004,OKC,OK,ASW,CE,Towers with Radar,68,68,24,18,178,18,8,10,0,36,86,76,34,18,214,0,0,0,214
09/13/2004,OKC,OK,ASW,CE,Towers with Radar,92,92,33,25,242,3,3,29,26,61,95,95,62,51,303,16,44,60,363
09/14/2004,OKC,OK,ASW,CE,Towers with Radar,114,103,46,35,298,0,0,32,73,105,114,103,78,108,403,0,150,150,553
09/15/2004,OKC,OK,ASW,CE,Towers with Radar,119,131,47,36,333,0,0,25,15,40,119,131,72,51,373,0,46,46,419
09/16/2004,OKC,OK,ASW,CE,Towers with Radar,99,110,40,30,279,0,10,35,6,51,99,120,75,36,330,0,16,16,346
09/17/2004,OKC,OK,ASW,CE,Towers with Radar,109,107,39,28,283,2,2,36,0,40,111,109,75,28,323,0,0,0,323
09/18/2004,OKC,OK,ASW,CE,Towers with Radar,73,74,27,1,175,0,8,29,0,37,73,82,56,1,212,0,0,0,212
09/19/2004,OKC,OK,ASW,CE,Towers with Radar,74,72,26,19,191,17,10,2,0,29,91,82,28,19,220,0,0,0,220
09/20/2004,OKC,OK,ASW,CE,Towers with Radar,94,92,36,28,250,0,0,26,28,54,94,92,62,56,304,0,78,78,382
09/21/2004,OKC,OK,ASW,CE,Towers with Radar,102,106,38,30,276,0,4,30,22,56,102,110,68,52,332,31,122,153,485
09/22/2004,OKC,OK,ASW,CE,Towers with Radar,98,104,42,33,277,0,0,39,6,45,98,104,81,39,322,0,108,108,430
09/23/2004,OKC,OK,ASW,CE,Towers with Radar,104,96,43,15,258,0,0,35,0,35,104,96,78,15,293,38,20,58,351
09/24/2004,OKC,OK,ASW,CE,Towers with Radar,101,100,40,26,267,0,0,46,0,46,101,100,86,26,313,12,56,68,381
09/25/2004,OKC,OK,ASW,CE,Towers with Radar,59,57,21,15,152,11,22,18,0,51,70,79,39,15,203,8,36,44,247
09/26/2004,OKC,OK,ASW,CE,Towers with Radar,63,61,22,16,162,20,18,7,0,45,83,79,29,16,207,0,0,0,207
09/27/2004,OKC,OK,ASW,CE,Towers with Radar,77,77,26,21,201,14,13,14,0,41,91,90,40,21,242,0,80,80,322
09/28/2004,OKC,OK,ASW,CE,Towers with Radar,90,90,31,11,222,11,10,36,0,57,101,100,67,11,279,8,12,20,299
09/29/2004,OKC,OK,ASW,CE,Towers with Radar,91,90,31,1,213,14,12,30,0,56,105,102,61,1,269,0,0,0,269
09/30/2004,OKC,OK,ASW,CE,Towers with Radar,90,89,31,17,227,10,11,34,0,55,100,100,65,17,282,0,28,28,310
10/01/2004,OKC,OK,ASW,CE,Combined TRACON& Tower with Radar,120,85,51,31,287,0,0,2,1,3,120,85,53,32,290,0,0,0,290
10/02/2004,OKC,OK,ASW,CE,Combined TRACON& Tower with Radar,83,62,18,5,168,0,0,24,2,26,83,62,42,7,194,0,0,0,194
10/03/2004,OKC,OK,ASW,CE,Combined TRACON& Tower with Radar,84,59,17,3,163,0,0,9,0,9,84,59,26,3,172,0,0,0,172
10/04/2004,OKC,OK,ASW,CE,Combined TRACON& Tower with Radar,99,75,51,45,270,0,1,10,6,17,99,76,61,51,287,0,0,0,287
10/05/2004,OKC,OK,ASW,CE,Combined TRACON& Tower with Radar,120,108,35,63,326,1,7,43,4,55,121,115,78,67,381,0,0,0,381
10/06/2004,OKC,OK,ASW,CE,Combined TRACON& Tower with Radar,114,88,35,51,288,0,5,19,4,28,114,93,54,55,316,0,0,0,316
10/07/2004,OKC,OK,ASW,CE,Combined TRACON& Tower with Radar,117,103,32,9,261,0,3,9,5,17,117,106,41,14,278,0,0,0,278
10/08/2004,OKC,OK,ASW,CE,Combined TRACON& Tower with Radar,123,98,42,28,291,0,2,18,0,20,123,100,60,28,311,0,0,0,311
10/09/2004,OKC,OK,ASW,CE,Combined TRACON& Tower with Radar,88,66,14,4,172,0,0,1,0,1,88,66,15,4,173,0,0,0,173
10/10/2004,OKC,OK,ASW,CE,Combined TRACON& Tower with Radar,100,68,12,2,182,0,0,0,0,0,100,68,12,2,182,0,0,0,182
10/11/2004,OKC,OK,ASW,CE,Combined TRACON& Tower with Radar,104,76,54,4,238,0,0,0,0,0,104,76,54,4,238,0,0,0,238
10/12/2004,OKC,OK,ASW,CE,Combined TRACON& Tower with Radar,116,78,39,38,271,0,9,28,3,40,116,87,67,41,311,0,0,0,311
10/13/2004,OKC,OK,ASW,CE,Combined TRACON& Tower with Radar,113,81,47,36,277,0,3,23,2,28,113,84,70,38,305,0,0,0,305
10/14/2004,OKC,OK,ASW,CE,Combined TRACON& Tower with Radar,118,87,59,20,284,0,813,901,200,1914,118,900,960,220,2198,0,0,0,2198
10/15/2004,OKC,OK,ASW,CE,Combined TRACON& Tower with Radar,117,93,45,26,281,2,3,43,1,49,119,96,88,27,330,0,0,0,330
10/16/2004,OKC,OK,ASW,CE,Combined TRACON& Tower with Radar,89,68,15,6,178,0,1,42,1,44,89,69,57,7,222,0,0,0,222
10/17/2004,OKC,OK,ASW,CE,Combined TRACON& Tower with Radar,101,64,16,7,188,0,0,23,0,23,101,64,39,7,211,0,0,0,211
10/18/2004,OKC,OK,ASW,CE,Combined TRACON& Tower with Radar,106,77,31,55,269,0,2,26,7,35,106,79,57,62,304,0,0,0,304
10/19/2004,OKC,OK,ASW,CE,Combined TRACON& Tower with Radar,116,111,87,9,323,0,3,13,1,17,116,114,100,10,340,0,0,0,340
10/20/2004,OKC,OK,ASW,CE,Combined TRACON& Tower with Radar,109,109,46,49,313,0,1,27,0,28,109,110,73,49,341,0,0,0,341
10/21/2004,OKC,OK,ASW,CE,Combined TRACON& Tower with Radar,115,95,62,49,321,0,2,29,0,31,115,97,91,49,352,0,0,0,352
10/22/2004,OKC,OK,ASW,CE,Combined TRACON& Tower with Radar,103,88,50,28,269,0,1,11,0,12,103,89,61,28,281,0,0,0,281
10/23/2004,OKC,OK,ASW,CE,Combined TRACON& Tower with Radar,89,65,33,12,199,0,2,10,0,12,89,67,43,12,211,0,0,0,211
10/24/2004,OKC,OK,ASW,CE,Combined TRACON& Tower with Radar,75,63,21,26,185,20,1,12,2,35,95,64,33,28,220,6,22,28,248
10/25/2004,OKC,OK,ASW,CE,Combined TRACON& Tower with Radar,110,77,43,42,272,0,12,6,1,19,110,89,49,43,291,0,0,0,291
10/26/2004,OKC,OK,ASW,CE,Combined TRACON& Tower with Radar,108,112,61,60,341,0,0,0,0,0,108,112,61,60,341,0,0,0,341
10/27/2004,OKC,OK,ASW,CE,Combined TRACON& Tower with Radar,109,91,35,7,242,0,1,4,1,6,109,92,39,8,248,0,0,0,248
10/28/2004,OKC,OK,ASW,CE,Combined TRACON& Tower with Radar,121,98,69,45,333,0,0,11,0,11,121,98,80,45,344,6,16,22,366
10/29/2004,OKC,OK,ASW,CE,Combined TRACON& Tower with Radar,118,104,48,29,299,1,0,16,1,18,119,104,64,30,317,0,0,0,317
10/30/2004,OKC,OK,ASW,CE,Combined TRACON& Tower with Radar,87,60,45,25,217,0,3,18,2,23,87,63,63,27,240,0,0,0,240
10/31/2004,OKC,OK,ASW,CE,Combined TRACON& Tower with Radar,88,61,23,2,174,0,0,6,0,6,88,61,29,2,180,0,0,0,180
11/01/2004,OKC,OK,ASW,CE,Combined TRACON& Tower with Radar,109,72,49,48,278,0,1,3,0,4,109,73,52,48,282,4,12,16,298
11/02/2004,OKC,OK,ASW,CE,Combined TRACON& Tower with Radar,111,86,37,18,252,0,0,0,0,0,111,86,37,18,252,18,6,24,276
11/03/2004,OKC,OK,ASW,CE,Combined TRACON& Tower with Radar,110,82,83,11,286,0,0,0,0,0,110,82,83,11,286,0,0,0,286
11/04/2004,OKC,OK,ASW,CE,Combined TRACON& Tower with Radar,112,79,88,30,309,0,4,20,4,28,112,83,108,34,337,0,0,0,337
11/05/2004,OKC,OK,ASW,CE,Combined TRACON& Tower with Radar,114,90,64,27,295,0,3,22,5,30,114,93,86,32,325,0,0,0,325
11/06/2004,OKC,OK,ASW,CE,Combined TRACON& Tower with Radar,87,61,28,7,183,0,0,0,0,0,87,61,28,7,183,0,0,0,183
11/07/2004,OKC,OK,ASW,CE,Combined TRACON& Tower with Radar,104,68,25,12,209,0,1,16,1,18,104,69,41,13,227,0,0,0,227
11/08/2004,OKC,OK,ASW,CE,Combined TRACON& Tower with Radar,104,84,58,24,270,0,0,0,0,0,104,84,58,24,270,0,0,0,270
11/09/2004,OKC,OK,ASW,CE,Combined TRACON& Tower with Radar,108,96,79,55,338,0,2,26,7,35,108,98,105,62,373,0,0,0,373
11/10/2004,OKC,OK,ASW,CE,Combined TRACON& Tower with Radar,106,85,58,43,292,0,0,6,1,7,106,85,64,44,299,0,0,0,299
11/11/2004,OKC,OK,ASW,CE,Combined TRACON& Tower with Radar,109,81,52,0,242,0,1,3,1,5,109,82,55,1,247,0,0,0,247
11/12/2004,OKC,OK,ASW,CE,Combined TRACON& Tower with Radar,119,91,67,6,283,0,0,16,4,20,119,91,83,10,303,0,0,0,303
11/13/2004,OKC,OK,ASW,CE,Combined TRACON& Tower with Radar,86,63,25,13,187,0,0,13,0,13,86,63,38,13,200,0,0,0,200
11/14/2004,OKC,OK,ASW,CE,Combined TRACON& Tower with Radar,96,66,23,5,190,0,0,4,0,4,96,66,27,5,194,0,0,0,194
11/15/2004,OKC,OK,ASW,CE,Combined TRACON& Tower with Radar,106,95,35,9,245,0,0,0,0,0,106,95,35,9,245,0,0,0,245
11/16/2004,OKC,OK,ASW,CE,Combined TRACON& Tower with Radar,105,95,38,2,240,0,0,0,0,0,105,95,38,2,240,0,0,0,240
11/17/2004,OKC,OK,ASW,CE,Combined TRACON& Tower with Radar,106,86,76,7,275,0,0,0,0,0,106,86,76,7,275,0,0,0,275
11/18/2004,OKC,OK,ASW,CE,Combined TRACON& Tower with Radar,116,98,72,13,299,0,0,5,2,7,116,98,77,15,306,0,0,0,306
11/19/2004,OKC,OK,ASW,CE,Combined TRACON& Tower with Radar,111,94,93,33,331,0,1,9,1,11,111,95,102,34,342,0,0,0,342
11/20/2004,OKC,OK,ASW,CE,Combined TRACON& Tower with Radar,90,67,49,72,278,0,1,7,0,8,90,68,56,72,286,0,0,0,286
11/21/2004,OKC,OK,ASW,CE,Combined TRACON& Tower with Radar,91,66,25,17,199,0,0,0,0,0,91,66,25,17,199,0,0,0,199
11/22/2004,OKC,OK,ASW,CE,Combined TRACON& Tower with Radar,107,83,26,5,221,0,0,0,0,0,107,83,26,5,221,0,0,0,221
11/23/2004,OKC,OK,ASW,CE,Combined TRACON& Tower with Radar,103,91,48,1,243,0,0,0,0,0,103,91,48,1,243,0,0,0,243
11/24/2004,OKC,OK,ASW,CE,Combined TRACON& Tower with Radar,111,88,41,24,264,0,0,26,3,29,111,88,67,27,293,12,26,38,331
11/25/2004,OKC,OK,ASW,CE,Combined TRACON& Tower with Radar,68,63,9,0,140,0,3,12,0,15,68,66,21,0,155,0,0,0,155
11/26/2004,OKC,OK,ASW,CE,Combined TRACON& Tower with Radar,91,57,18,0,166,0,3,7,0,10,91,60,25,0,176,0,0,0,176
11/27/2004,OKC,OK,ASW,CE,Combined TRACON& Tower with Radar,85,67,21,4,177,0,0,12,0,12,85,67,33,4,189,0,0,0,189
11/28/2004,OKC,OK,ASW,CE,Combined TRACON& Tower with Radar,100,70,25,4,199,0,0,0,0,0,100,70,25,4,199,0,0,0,199
11/29/2004,OKC,OK,ASW,CE,Combined TRACON& Tower with Radar,105,86,29,19,239,0,0,0,0,0,105,86,29,19,239,0,0,0,239
11/30/2004,OKC,OK,ASW,CE,Combined TRACON& Tower with Radar,123,93,65,80,361,0,1,13,2,16,123,94,78,82,377,0,0,0,377
12/01/2004,OKC,OK,ASW,CE,Combined TRACON& Tower with Radar,116,87,80,55,338,0,2,25,11,38,116,89,105,66,376,0,0,0,376
12/02/2004,OKC,OK,ASW,CE,Combined TRACON& Tower with Radar,118,85,81,118,402,0,6,23,2,31,118,91,104,120,433,0,0,0,433
12/03/2004,OKC,OK,ASW,CE,Combined TRACON& Tower with Radar,113,92,86,55,346,0,3,27,0,30,113,95,113,55,376,12,16,28,404
12/04/2004,OKC,OK,ASW,CE,Combined TRACON& Tower with Radar,90,54,26,31,201,2,1,26,2,31,92,55,52,33,232,0,0,0,232
12/05/2004,OKC,OK,ASW,CE,Combined TRACON& Tower with Radar,95,67,28,30,220,0,0,0,0,0,95,67,28,30,220,20,22,42,262
12/06/2004,OKC,OK,ASW,CE,Combined TRACON& Tower with Radar,105,72,39,26,242,0,0,6,2,8,105,72,45,28,250,0,0,0,250
12/07/2004,OKC,OK,ASW,CE,Combined TRACON& Tower with Radar,118,89,66,51,324,0,1,22,4,27,118,90,88,55,351,0,0,0,351
12/08/2004,OKC,OK,ASW,CE,Combined TRACON& Tower with Radar,112,83,33,54,282,0,1,20,8,29,112,84,53,62,311,0,0,0,311
12/09/2004,OKC,OK,ASW,CE,Combined TRACON& Tower with Radar,118,88,70,86,362,0,3,30,4,37,118,91,100,90,399,0,0,0,399
12/10/2004,OKC,OK,ASW,CE,Combined TRACON& Tower with Radar,119,80,47,34,280,0,1,19,1,21,119,81,66,35,301,0,0,0,301
12/11/2004,OKC,OK,ASW,CE,Combined TRACON& Tower with Radar,88,58,50,35,231,0,6,12,1,19,88,64,62,36,250,0,0,0,250
12/12/2004,OKC,OK,ASW,CE,Combined TRACON& Tower with Radar,90,63,26,40,219,0,0,14,0,14,90,63,40,40,233,0,0,0,233
12/13/2004,OKC,OK,ASW,CE,Combined TRACON& Tower with Radar,101,77,42,35,255,0,1,16,5,22,101,78,58,40,277,0,0,0,277
12/14/2004,OKC,OK,ASW,CE,Combined TRACON& Tower with Radar,115,76,79,84,354,0,2,19,4,25,115,78,98,88,379,0,0,0,379
12/15/2004,OKC,OK,ASW,CE,Combined TRACON& Tower with Radar,115,99,54,59,327,0,2,31,3,36,115,101,85,62,363,0,0,0,363
12/16/2004,OKC,OK,ASW,CE,Combined TRACON& Tower with Radar,113,88,48,59,308,0,2,29,12,43,113,90,77,71,351,0,0,0,351
12/17/2004,OKC,OK,ASW,CE,Combined TRACON& Tower with Radar,122,78,48,41,289,0,3,29,2,34,122,81,77,43,323,0,0,0,323
12/18/2004,OKC,OK,ASW,CE,Combined TRACON& Tower with Radar,86,58,21,12,177,0,2,13,0,15,86,60,34,12,192,0,0,0,192
12/19/2004,OKC,OK,ASW,CE,Combined TRACON& Tower with Radar,0,0,0,0,0,0,0,0,0,0,0,0,0,0,0,0,0,0,0
12/20/2004,OKC,OK,ASW,CE,Combined TRACON& Tower with Radar,103,75,50,45,273,0,2,19,3,24,103,77,69,48,297,0,0,0,297
12/21/2004,OKC,OK,ASW,CE,Combined TRACON& Tower with Radar,111,83,45,54,293,0,2,29,9,40,111,85,74,63,333,0,0,0,333
12/22/2004,OKC,OK,ASW,CE,Combined TRACON& Tower with Radar,107,88,20,3,218,0,0,8,0,8,107,88,28,3,226,0,0,0,226
12/23/2004,OKC,OK,ASW,CE,Combined TRACON& Tower with Radar,95,78,26,0,199,0,1,23,0,24,95,79,49,0,223,0,0,0,223
12/24/2004,OKC,OK,ASW,CE,Combined TRACON& Tower with Radar,107,59,7,0,173,0,3,11,0,14,107,62,18,0,187,0,0,0,187
12/25/2004,OKC,OK,ASW,CE,Combined TRACON& Tower with Radar,83,40,4,0,127,0,1,10,0,11,83,41,14,0,138,0,0,0,138
12/26/2004,OKC,OK,ASW,CE,Combined TRACON& Tower with Radar,95,54,15,0,164,0,1,14,0,15,95,55,29,0,179,0,0,0,179
12/27/2004,OKC,OK,ASW,CE,Combined TRACON& Tower with Radar,104,61,24,12,201,0,2,14,2,18,104,63,38,14,219,0,0,0,219
12/28/2004,OKC,OK,ASW,CE,Combined TRACON& Tower with Radar,103,84,26,25,238,0,1,14,7,22,103,85,40,32,260,0,0,0,260
12/29/2004,OKC,OK,ASW,CE,Combined TRACON& Tower with Radar,104,75,47,34,260,0,1,20,0,21,104,76,67,34,281,4,24,28,309
12/30/2004,OKC,OK,ASW,CE,Combined TRACON& Tower with Radar,112,81,28,1,222,0,0,9,0,9,112,81,37,1,231,0,0,0,231
12/31/2004,OKC,OK,ASW,CE,Combined TRACON& Tower with Radar,94,72,20,0,186,0,3,8,0,11,94,75,28,0,197,0,0,0,197
01/01/2005,OKC,OK,ASW,CE,Combined TRACON& Tower with Radar,88,46,5,1,140,0,0,0,3,3,88,46,5,4,143,0,0,0,143
01/02/2005,OKC,OK,ASW,CE,Combined TRACON& Tower with Radar,117,68,31,3,219,0,0,1,0,1,117,68,32,3,220,0,0,0,220
01/03/2005,OKC,OK,ASW,CE,Combined TRACON& Tower with Radar,106,66,33,16,221,0,0,0,0,0,106,66,33,16,221,0,0,0,221
01/04/2005,OKC,OK,ASW,CE,Combined TRACON& Tower with Radar,107,82,33,1,223,0,0,0,0,0,107,82,33,1,223,0,0,0,223
01/05/2005,OKC,OK,ASW,CE,Combined TRACON& Tower with Radar,142,66,21,0,229,0,0,1,0,1,142,66,22,0,230,0,0,0,230
01/06/2005,OKC,OK,ASW,CE,Combined TRACON& Tower with Radar,117,84,65,1,267,0,0,0,0,0,117,84,65,1,267,0,0,0,267
01/07/2005,OKC,OK,ASW,CE,Combined TRACON& Tower with Radar,106,84,43,7,240,0,5,12,0,17,106,89,55,7,257,0,0,0,257
01/08/2005,OKC,OK,ASW,CE,Combined TRACON& Tower with Radar,89,56,16,0,161,0,0,7,0,7,89,56,23,0,168,0,0,0,168
01/09/2005,OKC,OK,ASW,CE,Combined TRACON& Tower with Radar,91,52,34,2,179,0,1,12,0,13,91,53,46,2,192,0,0,0,192
01/10/2005,OKC,OK,ASW,CE,Combined TRACON& Tower with Radar,106,71,79,14,270,0,2,11,0,13,106,73,90,14,283,0,0,0,283
01/11/2005,OKC,OK,ASW,CE,Combined TRACON& Tower with Radar,52,31,52,10,145,0,0,7,0,7,52,31,59,10,152,0,0,0,152
01/12/2005,OKC,OK,ASW,CE,Combined TRACON& Tower with Radar,107,77,74,42,300,0,1,9,0,10,107,78,83,42,310,0,0,0,310
01/13/2005,OKC,OK,ASW,CE,Combined TRACON& Tower with Radar,111,83,69,104,367,0,1,22,2,25,111,84,91,106,392,0,0,0,392
01/14/2005,OKC,OK,ASW,CE,Combined TRACON& Tower with Radar,112,85,72,57,326,0,0,21,0,21,112,85,93,57,347,0,0,0,347
01/15/2005,OKC,OK,ASW,CE,Combined TRACON& Tower with Radar,81,57,24,13,175,0,1,8,2,11,81,58,32,15,186,0,0,0,186
01/16/2005,OKC,OK,ASW,CE,Combined TRACON& Tower with Radar,89,59,22,7,177,0,0,12,1,13,89,59,34,8,190,0,0,0,190
01/17/2005,OKC,OK,ASW,CE,Combined TRACON& Tower with Radar,95,60,31,10,196,0,1,20,0,21,95,61,51,10,217,0,0,0,217
01/18/2005,OKC,OK,ASW,CE,Combined TRACON& Tower with Radar,105,65,46,47,263,0,5,14,4,23,105,70,60,51,286,0,0,0,286
01/19/2005,OKC,OK,ASW,CE,Combined TRACON& Tower with Radar,101,90,64,78,333,0,3,25,3,31,101,93,89,81,364,0,0,0,364
01/20/2005,OKC,OK,ASW,CE,Combined TRACON& Tower with Radar,104,84,84,62,334,13,1,21,2,37,117,85,105,64,371,0,0,0,371
01/21/2005,OKC,OK,ASW,CE,Combined TRACON& Tower with Radar,111,82,76,37,306,19,1,23,0,43,130,83,99,37,349,32,23,55,404
01/22/2005,OKC,OK,ASW,CE,Combined TRACON& Tower with Radar,86,60,20,13,179,0,1,16,0,17,86,61,36,13,196,0,0,0,196
01/23/2005,OKC,OK,ASW,CE,Combined TRACON& Tower with Radar,88,57,14,6,165,0,0,24,4,28,88,57,38,10,193,30,0,30,223
01/24/2005,OKC,OK,ASW,CE,Combined TRACON& Tower with Radar,97,66,68,22,253,0,10,35,8,53,97,76,103,30,306,14,40,54,360
01/25/2005,OKC,OK,ASW,CE,Combined TRACON& Tower with Radar,104,75,80,19,278,0,0,48,12,60,104,75,128,31,338,20,20,40,378
01/26/2005,OKC,OK,ASW,CE,Combined TRACON& Tower with Radar,110,76,78,16,280,0,4,36,9,49,110,80,114,25,329,0,0,0,329
01/27/2005,OKC,OK,ASW,CE,Combined TRACON& Tower with Radar,109,82,70,126,387,0,0,14,0,14,109,82,84,126,401,0,0,0,401
01/28/2005,OKC,OK,ASW,CE,Combined TRACON& Tower with Radar,100,83,31,3,217,0,0,2,0,2,100,83,33,3,219,0,0,0,219
01/29/2005,OKC,OK,ASW,CE,Combined TRACON& Tower with Radar,74,57,18,1,150,0,1,6,0,7,74,58,24,1,157,0,0,0,157
01/30/2005,OKC,OK,ASW,CE,Combined TRACON& Tower with Radar,86,54,10,2,152,0,0,0,0,0,86,54,10,2,152,10,10,20,172
01/31/2005,OKC,OK,ASW,CE,Combined TRACON& Tower with Radar,103,62,35,81,281,0,0,0,0,0,103,62,35,81,281,0,0,0,281
02/01/2005,OKC,OK,ASW,CE,Combined TRACON& Tower with Radar,118,75,39,32,264,0,0,0,0,0,118,75,39,32,264,10,10,20,284
02/02/2005,OKC,OK,ASW,CE,Combined TRACON& Tower with Radar,119,87,41,57,304,0,1,0,8,9,119,88,41,65,313,0,38,38,351
02/03/2005,OKC,OK,ASW,CE,Combined TRACON& Tower with Radar,131,82,80,53,346,0,4,39,6,49,131,86,119,59,395,6,28,34,429
02/04/2005,OKC,OK,ASW,CE,Combined TRACON& Tower with Radar,126,79,60,26,291,0,1,30,0,31,126,80,90,26,322,4,10,14,336
02/05/2005,OKC,OK,ASW,CE,Combined TRACON& Tower with Radar,106,52,44,12,214,0,3,23,14,40,106,55,67,26,254,0,4,4,258
02/06/2005,OKC,OK,ASW,CE,Combined TRACON& Tower with Radar,102,46,19,11,178,0,0,0,0,0,102,46,19,11,178,10,0,10,188
02/07/2005,OKC,OK,ASW,CE,Combined TRACON& Tower with Radar,114,62,49,27,252,0,1,3,0,4,114,63,52,27,256,0,0,0,256
02/08/2005,OKC,OK,ASW,CE,Combined TRACON& Tower with Radar,124,69,41,30,264,0,0,0,0,0,124,69,41,30,264,0,0,0,264
02/09/2005,OKC,OK,ASW,CE,Combined TRACON& Tower with Radar,118,74,87,52,331,0,5,32,9,46,118,79,119,61,377,15,44,59,436
02/10/2005,OKC,OK,ASW,CE,Combined TRACON& Tower with Radar,126,83,90,67,366,0,3,29,2,34,126,86,119,69,400,6,70,76,476
02/11/2005,OKC,OK,ASW,CE,Combined TRACON& Tower with Radar,118,79,81,40,318,0,6,26,0,32,118,85,107,40,350,0,26,26,376
02/12/2005,OKC,OK,ASW,CE,Combined TRACON& Tower with Radar,100,51,34,14,199,0,0,8,0,8,100,51,42,14,207,10,0,10,217
02/13/2005,OKC,OK,ASW,CE,Combined TRACON& Tower with Radar,99,59,46,25,229,0,0,19,2,21,99,59,65,27,250,2,0,2,252
02/14/2005,OKC,OK,ASW,CE,Combined TRACON& Tower with Radar,120,65,47,23,255,0,1,18,0,19,120,66,65,23,274,4,0,4,278
02/15/2005,OKC,OK,ASW,CE,Combined TRACON& Tower with Radar,121,78,76,44,319,0,0,0,0,0,121,78,76,44,319,4,51,55,374
02/16/2005,OKC,OK,ASW,CE,Combined TRACON& Tower with Radar,117,71,68,54,310,0,4,32,0,36,117,75,100,54,346,2,84,86,432
02/17/2005,OKC,OK,ASW,CE,Combined TRACON& Tower with Radar,124,78,120,53,375,0,4,40,2,46,124,82,160,55,421,13,75,88,509
02/18/2005,OKC,OK,ASW,CE,Combined TRACON& Tower with Radar,127,78,121,53,379,0,4,41,2,47,127,82,162,55,426,0,0,0,426
02/19/2005,OKC,OK,ASW,CE,Combined TRACON& Tower with Radar,106,54,20,1,181,0,0,0,0,0,106,54,20,1,181,0,0,0,181
02/20/2005,OKC,OK,ASW,CE,Combined TRACON& Tower with Radar,101,41,30,12,184,0,2,19,0,21,101,43,49,12,205,28,12,40,245
02/21/2005,OKC,OK,ASW,CE,Combined TRACON& Tower with Radar,119,64,63,17,263,0,2,8,0,10,119,66,71,17,273,0,0,0,273
02/22/2005,OKC,OK,ASW,CE,Combined TRACON& Tower with Radar,121,59,60,15,255,0,1,9,2,12,121,60,69,17,267,0,0,0,267
02/23/2005,OKC,OK,ASW,CE,Combined TRACON& Tower with Radar,116,69,62,19,266,1044,0,1,1,1046,1160,69,63,20,1312,0,0,0,1312
02/24/2005,OKC,OK,ASW,CE,Combined TRACON& Tower with Radar,119,69,65,19,272,0,0,1,1,2,119,69,66,20,274,17,77,94,368
02/25/2005,OKC,OK,ASW,CE,Combined TRACON& Tower with Radar,124,65,84,40,313,0,6,37,3,46,124,71,121,43,359,0,0,0,359
02/26/2005,OKC,OK,ASW,CE,Combined TRACON& Tower with Radar,97,47,47,1,192,0,4,22,0,26,97,51,69,1,218,2,0,2,220
02/27/2005,OKC,OK,ASW,CE,Combined TRACON& Tower with Radar,99,55,35,11,200,0,0,1,0,1,99,55,36,11,201,4,12,16,217
02/28/2005,OKC,OK,ASW,CE,Combined TRACON& Tower with Radar,112,58,77,37,284,0,2,48,12,62,112,60,125,49,346,34,54,88,434
03/01/2005,OKC,OK,ASW,CE,Combined TRACON& Tower with Radar,119,70,97,39,325,0,5,38,0,43,119,75,135,39,368,12,0,12,380
03/02/2005,OKC,OK,ASW,CE,Combined TRACON& Tower with Radar,121,74,84,9,288,0,8,36,3,47,121,82,120,12,335,15,8,23,358
03/03/2005,OKC,OK,ASW,CE,Combined TRACON& Tower with Radar,117,82,68,30,297,0,2,8,11,21,117,84,76,41,318,0,0,0,318
03/04/2005,OKC,OK,ASW,CE,Combined TRACON& Tower with Radar,128,80,62,43,313,0,3,37,4,44,128,83,99,47,357,66,60,126,483
03/05/2005,OKC,OK,ASW,CE,Combined TRACON& Tower with Radar,101,53,29,18,201,0,0,26,2,28,101,53,55,20,229,0,0,0,229
03/06/2005,OKC,OK,ASW,CE,Combined TRACON& Tower with Radar,105,53,32,14,204,0,1,14,1,16,105,54,46,15,220,0,0,0,220
03/07/2005,OKC,OK,ASW,CE,Combined TRACON& Tower with Radar,115,70,55,69,309,0,1,30,8,39,115,71,85,77,348,6,60,66,414
03/08/2005,OKC,OK,ASW,CE,Combined TRACON& Tower with Radar,122,68,70,23,283,0,5,43,2,50,122,73,113,25,333,40,0,40,373
03/09/2005,OKC,OK,ASW,CE,Combined TRACON& Tower with Radar,153,95,74,36,358,0,6,28,10,44,153,101,102,46,402,10,16,26,428
03/10/2005,OKC,OK,ASW,CE,Combined TRACON& Tower with Radar,127,76,58,21,282,0,2,36,10,48,127,78,94,31,330,8,24,32,362
03/11/2005,OKC,OK,ASW,CE,Combined TRACON& Tower with Radar,123,80,58,38,299,0,0,40,0,40,123,80,98,38,339,0,0,0,339
03/12/2005,OKC,OK,ASW,CE,Combined TRACON& Tower with Radar,103,54,34,17,208,0,5,38,0,43,103,59,72,17,251,0,0,0,251
03/13/2005,OKC,OK,ASW,CE,Combined TRACON& Tower with Radar,104,48,30,18,200,0,0,34,0,34,104,48,64,18,234,24,0,24,258
03/14/2005,OKC,OK,ASW,CE,Combined TRACON& Tower with Radar,116,69,66,41,292,0,5,25,1,31,116,74,91,42,323,0,0,0,323
03/15/2005,OKC,OK,ASW,CE,Combined TRACON& Tower with Radar,124,71,49,13,257,0,1,6,0,7,124,72,55,13,264,0,0,0,264
03/16/2005,OKC,OK,ASW,CE,Combined TRACON& Tower with Radar,135,75,85,34,329,1,2,15,6,24,136,77,100,40,353,10,22,32,385
03/17/2005,OKC,OK,ASW,CE,Combined TRACON& Tower with Radar,124,80,69,40,313,0,3,26,1,30,124,83,95,41,343,13,28,41,384
03/18/2005,OKC,OK,ASW,CE,Combined TRACON& Tower with Radar,124,82,77,45,328,0,4,22,2,28,124,86,99,47,356,0,0,0,356
03/19/2005,OKC,OK,ASW,CE,Combined TRACON& Tower with Radar,108,57,56,1,222,0,4,13,1,18,108,61,69,2,240,0,0,0,240
03/20/2005,OKC,OK,ASW,CE,Combined TRACON& Tower with Radar,112,58,22,23,215,0,3,7,5,15,112,61,29,28,230,0,6,6,236
03/21/2005,OKC,OK,ASW,CE,Combined TRACON& Tower with Radar,116,71,27,53,267,0,4,1,0,5,116,75,28,53,272,0,0,0,272
03/22/2005,OKC,OK,ASW,CE,Combined TRACON& Tower with Radar,128,76,70,15,289,0,2,15,0,17,128,78,85,15,306,20,0,20,326
03/23/2005,OKC,OK,ASW,CE,Combined TRACON& Tower with Radar,128,75,74,81,358,0,0,10,13,23,128,75,84,94,381,14,24,38,419
03/24/2005,OKC,OK,ASW,CE,Combined TRACON& Tower with Radar,120,73,85,48,326,0,0,17,3,20,120,73,102,51,346,12,30,42,388
03/25/2005,OKC,OK,ASW,CE,Combined TRACON& Tower with Radar,125,76,81,61,343,0,3,8,0,11,125,79,89,61,354,0,0,0,354
03/26/2005,OKC,OK,ASW,CE,Combined TRACON& Tower with Radar,129,76,82,65,352,0,3,8,0,11,129,79,90,65,363,0,0,0,363
03/27/2005,OKC,OK,ASW,CE,Combined TRACON& Tower with Radar,103,48,20,19,190,0,3,8,0,11,103,51,28,19,201,0,40,40,241
03/28/2005,OKC,OK,ASW,CE,Combined TRACON& Tower with Radar,111,68,63,55,297,0,2,31,1,34,111,70,94,56,331,10,50,60,391
03/29/2005,OKC,OK,ASW,CE,Combined TRACON& Tower with Radar,122,74,47,31,274,0,2,15,4,21,122,76,62,35,295,0,25,25,320
03/30/2005,OKC,OK,ASW,CE,Combined TRACON& Tower with Radar,131,74,41,18,264,0,3,14,3,20,131,77,55,21,284,6,12,18,302
03/31/2005,OKC,OK,ASW,CE,Combined TRACON& Tower with Radar,127,79,57,28,291,0,3,11,4,18,127,82,68,32,309,0,4,4,313
04/01/2005,OKC,OK,ASW,CE,Combined TRACON& Tower with Radar,127,72,56,24,279,0,4,25,1,30,127,76,81,25,309,0,0,0,309
04/02/2005,OKC,OK,ASW,CE,Combined TRACON& Tower with Radar,102,56,56,8,222,0,0,28,0,28,102,56,84,8,250,0,0,0,250
04/03/2005,OKC,OK,ASW,CE,Combined TRACON& Tower with Radar,102,58,56,8,224,0,0,30,0,30,102,58,86,8,254,20,0,20,274
04/04/2005,OKC,OK,ASW,CE,Combined TRACON& Tower with Radar,116,66,38,45,265,0,1,13,4,18,116,67,51,49,283,0,25,25,308
04/05/2005,OKC,OK,ASW,CE,Combined TRACON& Tower with Radar,119,83,44,60,306,0,3,10,3,16,119,86,54,63,322,0,25,25,347
04/06/2005,OKC,OK,ASW,CE,Combined TRACON& Tower with Radar,125,69,53,39,286,0,4,5,5,14,125,73,58,44,300,0,16,16,316
04/07/2005,OKC,OK,ASW,CE,Combined TRACON& Tower with Radar,127,71,73,33,304,0,3,17,5,25,127,74,90,38,329,4,24,28,357
04/08/2005,OKC,OK,ASW,CE,Combined TRACON& Tower with Radar,125,71,67,40,303,0,3,18,1,22,125,74,85,41,325,12,66,78,403
04/09/2005,OKC,OK,ASW,CE,Combined TRACON& Tower with Radar,98,53,23,4,178,0,1,9,0,10,98,54,32,4,188,0,0,0,188
04/10/2005,OKC,OK,ASW,CE,Combined TRACON& Tower with Radar,98,53,23,4,178,0,1,9,0,10,98,54,32,4,188,10,10,20,208
04/11/2005,OKC,OK,ASW,CE,Combined TRACON& Tower with Radar,115,60,65,54,294,0,8,16,1,25,115,68,81,55,319,18,76,94,413
04/12/2005,OKC,OK,ASW,CE,Combined TRACON& Tower with Radar,125,74,70,34,303,2,1,18,5,26,127,75,88,39,329,38,44,82,411
04/13/2005,OKC,OK,ASW,CE,Combined TRACON& Tower with Radar,124,75,87,30,316,0,5,17,6,28,124,80,104,36,344,20,70,90,434
04/14/2005,OKC,OK,ASW,CE,Combined TRACON& Tower with Radar,124,70,57,44,295,0,6,20,0,26,124,76,77,44,321,0,10,10,331
04/15/2005,OKC,OK,ASW,CE,Combined TRACON& Tower with Radar,131,73,59,39,302,0,2,18,5,25,131,75,77,44,327,46,46,92,419
04/16/2005,OKC,OK,ASW,CE,Combined TRACON& Tower with Radar,131,73,59,39,302,0,2,19,5,26,131,75,78,44,328,0,0,0,328
04/17/2005,OKC,OK,ASW,CE,Combined TRACON& Tower with Radar,109,51,17,15,192,0,2,7,2,11,109,53,24,17,203,24,4,28,231
04/18/2005,OKC,OK,ASW,CE,Combined TRACON& Tower with Radar,117,59,52,48,276,0,2,20,0,22,117,61,72,48,298,22,36,58,356
04/19/2005,OKC,OK,ASW,CE,Combined TRACON& Tower with Radar,123,75,51,85,334,0,1,10,0,11,123,76,61,85,345,50,50,100,445
04/20/2005,OKC,OK,ASW,CE,Combined TRACON& Tower with Radar,120,71,63,53,307,0,3,16,3,22,120,74,79,56,329,8,14,22,351
04/21/2005,OKC,OK,ASW,CE,Combined TRACON& Tower with Radar,126,81,71,59,337,0,5,21,2,28,126,86,92,61,365,14,24,38,403
04/22/2005,OKC,OK,ASW,CE,Combined TRACON& Tower with Radar,129,75,44,23,271,0,4,27,1,32,129,79,71,24,303,0,0,0,303
04/23/2005,OKC,OK,ASW,CE,Combined TRACON& Tower with Radar,99,48,25,20,192,0,2,15,10,27,99,50,40,30,219,0,20,20,239
04/24/2005,OKC,OK,ASW,CE,Combined TRACON& Tower with Radar,112,59,26,28,225,0,1,52,0,53,112,60,78,28,278,4,32,36,314
04/25/2005,OKC,OK,ASW,CE,Combined TRACON& Tower with Radar,127,63,35,50,275,0,2,8,0,10,127,65,43,50,285,20,182,202,487
04/26/2005,OKC,OK,ASW,CE,Combined TRACON& Tower with Radar,129,76,55,69,329,0,3,19,7,29,129,79,74,76,358,55,106,161,519
04/27/2005,OKC,OK,ASW,CE,Combined TRACON& Tower with Radar,126,76,53,35,290,0,4,25,4,33,126,80,78,39,323,8,24,32,355
04/28/2005,OKC,OK,ASW,CE,Combined TRACON& Tower with Radar,132,73,93,67,365,0,3,19,3,25,132,76,112,70,390,16,38,54,444
04/29/2005,OKC,OK,ASW,CE,Combined TRACON& Tower with Radar,125,72,73,93,363,0,2,4,2,8,125,74,77,95,371,0,0,0,371
04/30/2005,OKC,OK,ASW,CE,Combined TRACON& Tower with Radar,105,57,38,1,201,20,17,39,94,170,125,74,77,95,371,12,0,12,383
05/01/2005,OKC,OK,ASW,CE,Combined TRACON& Tower with Radar,115,57,30,47,249,0,0,13,1,14,115,57,43,48,263,6,48,54,317
05/02/2005,OKC,OK,ASW,CE,Combined TRACON& Tower with Radar,113,62,39,16,230,0,2,4,3,9,113,64,43,19,239,34,42,76,315
05/03/2005,OKC,OK,ASW,CE,Combined TRACON& Tower with Radar,123,68,78,38,307,0,3,21,5,29,123,71,99,43,336,28,100,128,464
05/04/2005,OKC,OK,ASW,CE,Combined TRACON& Tower with Radar,120,68,56,33,277,0,3,12,7,22,120,71,68,40,299,6,52,58,357
05/05/2005,OKC,OK,ASW,CE,Combined TRACON& Tower with Radar,127,70,57,35,289,0,5,5,2,12,127,75,62,37,301,2,20,22,323
05/06/2005,OKC,OK,ASW,CE,Combined TRACON& Tower with Radar,126,67,49,22,264,0,0,20,2,22,126,67,69,24,286,12,0,12,298
05/07/2005,OKC,OK,ASW,CE,Combined TRACON& Tower with Radar,105,66,20,7,198,0,3,17,0,20,105,69,37,7,218,2,6,8,226
05/08/2005,OKC,OK,ASW,CE,Combined TRACON& Tower with Radar,109,57,12,5,183,0,1,6,0,7,109,58,18,5,190,10,10,20,210
05/09/2005,OKC,OK,ASW,CE,Combined TRACON& Tower with Radar,115,73,60,19,267,0,2,13,1,16,115,75,73,20,283,0,34,34,317
05/10/2005,OKC,OK,ASW,CE,Combined TRACON& Tower with Radar,118,77,72,43,310,0,2,19,0,21,118,79,91,43,331,30,61,91,422
05/11/2005,OKC,OK,ASW,CE,Combined TRACON& Tower with Radar,126,81,51,52,310,0,0,0,0,0,126,81,51,52,310,7,52,59,369
05/12/2005,OKC,OK,ASW,CE,Combined TRACON& Tower with Radar,128,87,54,76,345,0,4,13,0,17,128,91,67,76,362,6,70,76,438
05/13/2005,OKC,OK,ASW,CE,Combined TRACON& Tower with Radar,128,80,44,15,267,0,0,9,0,9,128,80,53,15,276,0,24,24,300
05/14/2005,OKC,OK,ASW,CE,Combined TRACON& Tower with Radar,107,61,44,12,224,0,1,8,1,10,107,62,52,13,234,6,0,6,240
05/15/2005,OKC,OK,ASW,CE,Combined TRACON& Tower with Radar,111,56,34,29,230,0,0,26,2,28,111,56,60,31,258,68,32,100,358
05/16/2005,OKC,OK,ASW,CE,Combined TRACON& Tower with Radar,113,75,57,42,287,0,1,21,2,24,113,76,78,44,311,12,38,50,361
05/17/2005,OKC,OK,ASW,CE,Combined TRACON& Tower with Radar,123,76,53,61,313,0,2,36,2,40,123,78,89,63,353,22,32,54,407
05/18/2005,OKC,OK,ASW,CE,Combined TRACON& Tower with Radar,120,82,40,66,308,0,2,13,4,19,120,84,53,70,327,14,24,38,365
05/19/2005,OKC,OK,ASW,CE,Combined TRACON& Tower with Radar,125,76,68,49,318,0,2,18,4,24,125,78,86,53,342,12,82,94,436
05/20/2005,OKC,OK,ASW,CE,Combined TRACON& Tower with Radar,127,83,50,42,302,0,0,25,4,29,127,83,75,46,331,12,48,60,391
05/21/2005,OKC,OK,ASW,CE,Combined TRACON& Tower with Radar,109,62,30,9,210,0,1,31,0,32,109,63,61,9,242,0,10,10,252
05/22/2005,OKC,OK,ASW,CE,Combined TRACON& Tower with Radar,0,0,0,0,0,0,0,0,0,0,0,0,0,0,0,12,24,36,36
05/23/2005,OKC,OK,ASW,CE,Combined TRACON& Tower with Radar,112,52,22,6,192,0,3,13,1,17,112,55,35,7,209,12,20,32,241
05/24/2005,OKC,OK,ASW,CE,Combined TRACON& Tower with Radar,122,79,50,44,295,0,3,12,7,22,122,82,62,51,317,0,0,0,317
05/25/2005,OKC,OK,ASW,CE,Combined TRACON& Tower with Radar,130,89,69,19,307,0,3,12,1,16,130,92,81,20,323,8,24,32,355
05/26/2005,OKC,OK,ASW,CE,Combined TRACON& Tower with Radar,131,88,81,24,324,0,2,21,2,25,131,90,102,26,349,32,88,120,469
05/27/2005,OKC,OK,ASW,CE,Combined TRACON& Tower with Radar,131,90,81,26,328,0,5,29,0,34,131,95,110,26,362,0,0,0,362
05/28/2005,OKC,OK,ASW,CE,Combined TRACON& Tower with Radar,115,56,13,9,193,0,2,14,4,20,115,58,27,13,213,2,14,16,229
05/29/2005,OKC,OK,ASW,CE,Combined TRACON& Tower with Radar,103,54,8,0,165,0,0,12,1,13,103,54,20,1,178,48,0,48,226
05/30/2005,OKC,OK,ASW,CE,Combined TRACON& Tower with Radar,100,54,23,4,181,0,0,8,0,8,100,54,31,4,189,20,20,40,229
05/31/2005,OKC,OK,ASW,CE,Combined TRACON& Tower with Radar,109,78,59,24,270,0,0,11,1,12,109,78,70,25,282,10,10,20,302
06/01/2005,OKC,OK,ASW,CE,Combined TRACON& Tower with Radar,124,87,91,61,363,0,2,21,5,28,124,89,112,66,391,10,106,116,507
06/02/2005,OKC,OK,ASW,CE,Combined TRACON& Tower with Radar,126,71,52,43,292,0,2,22,0,24,126,73,74,43,316,0,68,68,384
06/03/2005,OKC,OK,ASW,CE,Combined TRACON& Tower with Radar,120,82,54,12,268,0,1,18,0,19,120,83,72,12,287,6,9,15,302
06/04/2005,OKC,OK,ASW,CE,Combined TRACON& Tower with Radar,111,57,31,1,200,0,4,7,0,11,111,61,38,1,211,0,0,0,211
06/05/2005,OKC,OK,ASW,CE,Combined TRACON& Tower with Radar,112,59,17,10,198,0,1,6,2,9,112,60,23,12,207,12,16,28,235
06/06/2005,OKC,OK,ASW,CE,Combined TRACON& Tower with Radar,121,68,53,24,266,0,3,12,0,15,121,71,65,24,281,5,0,5,286
06/07/2005,OKC,OK,ASW,CE,Combined TRACON& Tower with Radar,120,84,63,78,345,0,1,15,4,20,120,85,78,82,365,4,84,88,453
06/08/2005,OKC,OK,ASW,CE,Combined TRACON& Tower with Radar,120,79,49,73,321,0,3,13,3,19,120,82,62,76,340,18,48,66,406
06/09/2005,OKC,OK,ASW,CE,Combined TRACON& Tower with Radar,128,88,47,25,288,0,3,6,1,10,128,91,53,26,298,6,18,24,322
06/10/2005,OKC,OK,ASW,CE,Combined TRACON& Tower with Radar,123,89,36,21,269,0,3,20,0,23,123,92,56,21,292,4,0,4,296
06/11/2005,OKC,OK,ASW,CE,Combined TRACON& Tower with Radar,101,71,28,4,204,0,1,10,0,11,101,72,38,4,215,0,0,0,215
06/12/2005,OKC,OK,ASW,CE,Combined TRACON& Tower with Radar,99,59,25,13,196,0,0,12,0,12,99,59,37,13,208,0,7,7,215
06/13/2005,OKC,OK,ASW,CE,Combined TRACON& Tower with Radar,119,71,43,42,275,0,1,7,1,9,119,72,50,43,284,4,92,96,380
06/14/2005,OKC,OK,ASW,CE,Combined TRACON& Tower with Radar,125,88,60,33,306,0,2,26,3,31,125,90,86,36,337,10,44,54,391
06/15/2005,OKC,OK,ASW,CE,Combined TRACON& Tower with Radar,117,92,73,37,319,0,2,16,3,21,117,94,89,40,340,45,34,79,419
06/16/2005,OKC,OK,ASW,CE,Combined TRACON& Tower with Radar,124,90,43,24,281,0,0,20,0,20,124,90,63,24,301,6,16,22,323
06/17/2005,OKC,OK,ASW,CE,Combined TRACON& Tower with Radar,124,89,43,24,280,0,1,20,0,21,124,90,63,24,301,6,0,6,307
06/18/2005,OKC,OK,ASW,CE,Combined TRACON& Tower with Radar,124,89,43,24,280,0,1,20,0,21,124,90,63,24,301,6,0,6,307
06/19/2005,OKC,OK,ASW,CE,Combined TRACON& Tower with Radar,105,61,19,14,199,0,1,18,1,20,105,62,37,15,219,0,0,0,219
06/20/2005,OKC,OK,ASW,CE,Combined TRACON& Tower with Radar,111,72,30,8,221,0,2,19,1,22,111,74,49,9,243,0,0,0,243
06/21/2005,OKC,OK,ASW,CE,Combined TRACON& Tower with Radar,118,79,62,53,312,0,1,18,5,24,118,80,80,58,336,10,82,92,428
06/22/2005,OKC,OK,ASW,CE,Combined TRACON& Tower with Radar,119,79,46,37,281,0,4,23,5,32,119,83,69,42,313,0,8,8,321
06/23/2005,OKC,OK,ASW,CE,Combined TRACON& Tower with Radar,129,77,52,48,306,0,5,35,1,41,129,82,87,49,347,4,6,10,357
06/24/2005,OKC,OK,ASW,CE,Combined TRACON& Tower with Radar,130,77,53,48,308,0,5,35,1,41,130,82,88,49,349,0,84,84,433
06/25/2005,OKC,OK,ASW,CE,Combined TRACON& Tower with Radar,130,77,53,48,308,8,5,35,1,49,138,82,88,49,357,1,0,1,358
06/26/2005,OKC,OK,ASW,CE,Combined TRACON& Tower with Radar,105,59,15,9,188,0,0,0,0,0,105,59,15,9,188,0,6,6,194
06/27/2005,OKC,OK,ASW,CE,Combined TRACON& Tower with Radar,105,59,15,9,188,0,1,14,1,16,105,60,29,10,204,0,12,12,216
06/28/2005,OKC,OK,ASW,CE,Combined TRACON& Tower with Radar,114,82,45,63,304,3,5,26,3,37,117,87,71,66,341,4,30,34,375
06/29/2005,OKC,OK,ASW,CE,Combined TRACON& Tower with Radar,119,78,47,73,317,0,4,22,4,30,119,82,69,77,347,0,0,0,347
06/30/2005,OKC,OK,ASW,CE,Combined TRACON& Tower with Radar,125,77,56,49,307,0,6,37,11,54,125,83,93,60,361,4,45,49,410
07/01/2005,OKC,OK,ASW,CE,Combined TRACON& Tower with Radar,123,82,53,51,309,0,4,36,1,41,123,86,89,52,350,0,0,0,350
07/02/2005,OKC,OK,ASW,CE,Combined TRACON& Tower with Radar,101,57,18,0,176,0,4,14,2,20,101,61,32,2,196,6,2,8,204
07/03/2005,OKC,OK,ASW,CE,Combined TRACON& Tower with Radar,93,44,7,0,144,0,2,7,4,13,93,46,14,4,157,0,0,0,157
07/04/2005,OKC,OK,ASW,CE,Combined TRACON& Tower with Radar,97,52,7,2,158,0,2,9,0,11,97,54,16,2,169,0,0,0,169
07/05/2005,OKC,OK,ASW,CE,Combined TRACON& Tower with Radar,108,73,47,50,278,0,6,19,4,29,108,79,66,54,307,9,31,40,347
07/06/2005,OKC,OK,ASW,CE,Combined TRACON& Tower with Radar,125,84,58,48,315,0,4,23,3,30,125,88,81,51,345,0,32,32,377
07/07/2005,OKC,OK,ASW,CE,Combined TRACON& Tower with Radar,154,77,48,74,353,0,14,20,6,40,154,91,68,80,393,4,17,21,414
07/08/2005,OKC,OK,ASW,CE,Combined TRACON& Tower with Radar,121,83,51,29,284,0,3,20,3,26,121,86,71,32,310,0,53,53,363
07/09/2005,OKC,OK,ASW,CE,Combined TRACON& Tower with Radar,107,57,30,18,212,0,2,21,3,26,107,59,51,21,238,14,2,16,254
07/10/2005,OKC,OK,ASW,CE,Combined TRACON& Tower with Radar,111,59,22,32,224,1,0,9,4,14,112,59,31,36,238,0,0,0,238
07/11/2005,OKC,OK,ASW,CE,Combined TRACON& Tower with Radar,119,73,57,64,313,0,3,23,3,29,119,76,80,67,342,18,22,40,382
07/12/2005,OKC,OK,ASW,CE,Combined TRACON& Tower with Radar,133,83,51,43,310,0,3,20,3,26,133,86,71,46,336,0,0,0,336
07/13/2005,OKC,OK,ASW,CE,Combined TRACON& Tower with Radar,118,78,68,21,285,2,8,25,0,35,120,86,93,21,320,0,0,0,320
07/14/2005,OKC,OK,ASW,CE,Combined TRACON& Tower with Radar,120,80,51,12,263,0,3,21,3,27,120,83,72,15,290,2,44,46,336
07/15/2005,OKC,OK,ASW,CE,Combined TRACON& Tower with Radar,133,86,64,21,304,0,4,32,0,36,133,90,96,21,340,8,8,16,356
07/16/2005,OKC,OK,ASW,CE,Combined TRACON& Tower with Radar,104,52,26,7,189,0,2,19,1,22,104,54,45,8,211,4,10,14,225
07/17/2005,OKC,OK,ASW,CE,Combined TRACON& Tower with Radar,102,55,28,14,199,0,3,10,1,14,102,58,38,15,213,0,2,2,215
07/18/2005,OKC,OK,ASW,CE,Combined TRACON& Tower with Radar,118,68,49,52,287,0,4,6,1,11,118,72,55,53,298,0,14,14,312
07/19/2005,OKC,OK,ASW,CE,Combined TRACON& Tower with Radar,113,86,58,65,322,0,2,24,2,28,113,88,82,67,350,0,95,95,445
07/20/2005,OKC,OK,ASW,CE,Combined TRACON& Tower with Radar,122,84,36,27,269,0,4,27,0,31,122,88,63,27,300,4,6,10,310
07/21/2005,OKC,OK,ASW,CE,Combined TRACON& Tower with Radar,124,80,64,44,312,0,7,34,2,43,124,87,98,46,355,0,10,10,365
07/22/2005,OKC,OK,ASW,CE,Combined TRACON& Tower with Radar,123,87,78,27,315,0,3,32,2,37,123,90,110,29,352,10,6,16,368
07/23/2005,OKC,OK,ASW,CE,Combined TRACON& Tower with Radar,123,87,78,27,315,0,3,32,2,37,123,90,110,29,352,10,6,16,368
07/24/2005,OKC,OK,ASW,CE,Combined TRACON& Tower with Radar,108,55,19,1,183,0,0,13,1,14,108,55,32,2,197,4,0,4,201
07/25/2005,OKC,OK,ASW,CE,Combined TRACON& Tower with Radar,108,68,40,21,237,0,2,27,0,29,108,70,67,21,266,0,16,16,282
07/26/2005,OKC,OK,ASW,CE,Combined TRACON& Tower with Radar,123,82,46,83,334,0,1,17,3,21,123,83,63,86,355,0,140,140,495
07/27/2005,OKC,OK,ASW,CE,Combined TRACON& Tower with Radar,120,78,57,42,297,0,4,18,0,22,120,82,75,42,319,10,66,76,395
07/28/2005,OKC,OK,ASW,CE,Combined TRACON& Tower with Radar,129,82,53,68,332,0,2,22,6,30,129,84,75,74,362,2,75,77,439
07/29/2005,OKC,OK,ASW,CE,Combined TRACON& Tower with Radar,120,85,38,26,269,0,1,20,3,24,120,86,58,29,293,0,0,0,293
07/30/2005,OKC,OK,ASW,CE,Combined TRACON& Tower with Radar,104,58,20,0,182,0,2,29,3,34,104,60,49,3,216,0,0,0,216
07/31/2005,OKC,OK,ASW,CE,Combined TRACON& Tower with Radar,109,52,17,17,195,0,1,38,0,39,109,53,55,17,234,0,0,0,234
08/01/2005,OKC,OK,ASW,CE,Combined TRACON& Tower with Radar,116,72,24,49,261,0,1,22,3,26,116,73,46,52,287,0,12,12,299
08/02/2005,OKC,OK,ASW,CE,Combined TRACON& Tower with Radar,116,89,42,50,297,0,3,23,4,30,116,92,65,54,327,16,44,60,387
08/03/2005,OKC,OK,ASW,CE,Combined TRACON& Tower with Radar,123,73,44,35,275,0,8,21,5,34,123,81,65,40,309,14,34,48,357
08/04/2005,OKC,OK,ASW,CE,Combined TRACON& Tower with Radar,130,75,35,36,276,0,13,22,8,43,130,88,57,44,319,0,16,16,335
08/05/2005,OKC,OK,ASW,CE,Combined TRACON& Tower with Radar,135,75,47,52,309,0,4,21,5,30,135,79,68,57,339,0,20,20,359
08/06/2005,OKC,OK,ASW,CE,Combined TRACON& Tower with Radar,107,55,28,14,204,0,2,14,0,16,107,57,42,14,220,0,10,10,230
08/07/2005,OKC,OK,ASW,CE,Combined TRACON& Tower with Radar,114,56,16,30,216,0,1,17,2,20,114,57,33,32,236,0,0,0,236
08/08/2005,OKC,OK,ASW,CE,Combined TRACON& Tower with Radar,123,64,40,72,299,0,3,25,2,30,123,67,65,74,329,8,76,84,413
08/09/2005,OKC,OK,ASW,CE,Combined TRACON& Tower with Radar,122,84,52,36,294,0,6,25,3,34,122,90,77,39,328,0,11,11,339
08/10/2005,OKC,OK,ASW,CE,Combined TRACON& Tower with Radar,129,79,50,54,312,0,3,23,5,31,129,82,73,59,343,8,6,14,357
08/11/2005,OKC,OK,ASW,CE,Combined TRACON& Tower with Radar,130,71,49,42,292,0,3,24,6,33,130,74,73,48,325,14,24,38,363
08/12/2005,OKC,OK,ASW,CE,Combined TRACON& Tower with Radar,125,81,27,22,255,0,5,18,0,23,125,86,45,22,278,0,0,0,278
08/13/2005,OKC,OK,ASW,CE,Combined TRACON& Tower with Radar,129,81,28,22,260,0,5,18,0,23,129,86,46,22,283,0,0,0,283
08/14/2005,OKC,OK,ASW,CE,Combined TRACON& Tower with Radar,131,55,12,10,208,0,0,2,0,2,131,55,14,10,210,0,29,29,239
08/15/2005,OKC,OK,ASW,CE,Combined TRACON& Tower with Radar,132,59,37,13,241,0,2,1,1,4,132,61,38,14,245,0,0,0,245
08/16/2005,OKC,OK,ASW,CE,Combined TRACON& Tower with Radar,153,73,73,31,330,1,1,8,3,13,154,74,81,34,343,0,4,4,347
08/17/2005,OKC,OK,ASW,CE,Combined TRACON& Tower with Radar,123,83,76,35,317,0,4,19,0,23,123,87,95,35,340,0,16,16,356
08/18/2005,OKC,OK,ASW,CE,Combined TRACON& Tower with Radar,128,80,52,51,311,0,7,24,5,36,128,87,76,56,347,0,52,52,399
08/19/2005,OKC,OK,ASW,CE,Combined TRACON& Tower with Radar,129,78,46,41,294,0,3,27,1,31,129,81,73,42,325,10,46,56,381
08/20/2005,OKC,OK,ASW,CE,Combined TRACON& Tower with Radar,98,51,28,10,187,0,2,24,3,29,98,53,52,13,216,0,0,0,216
08/21/2005,OKC,OK,ASW,CE,Combined TRACON& Tower with Radar,106,51,10,2,169,0,1,8,3,12,106,52,18,5,181,0,0,0,181
08/22/2005,OKC,OK,ASW,CE,Combined TRACON& Tower with Radar,115,65,44,63,287,0,2,11,1,14,115,67,55,64,301,2,90,92,393
08/23/2005,OKC,OK,ASW,CE,Combined TRACON& Tower with Radar,129,75,42,20,266,0,2,16,4,22,129,77,58,24,288,0,0,0,288
08/24/2005,OKC,OK,ASW,CE,Combined TRACON& Tower with Radar,137,76,61,25,299,0,5,19,5,29,137,81,80,30,328,0,27,27,355
08/25/2005,OKC,OK,ASW,CE,Combined TRACON& Tower with Radar,130,79,45,70,324,0,4,20,4,28,130,83,65,74,352,4,42,46,398
08/26/2005,OKC,OK,ASW,CE,Combined TRACON& Tower with Radar,123,82,42,39,286,0,4,27,3,34,123,86,69,42,320,0,0,0,320
08/27/2005,OKC,OK,ASW,CE,Combined TRACON& Tower with Radar,102,50,18,4,174,0,2,9,1,12,102,52,27,5,186,2,5,7,193
08/28/2005,OKC,OK,ASW,CE,Combined TRACON& Tower with Radar,110,46,23,5,184,0,2,15,0,17,110,48,38,5,201,8,0,8,209
08/29/2005,OKC,OK,ASW,CE,Combined TRACON& Tower with Radar,122,68,47,44,281,0,7,25,5,37,122,75,72,49,318,30,6,36,354
08/30/2005,OKC,OK,ASW,CE,Combined TRACON& Tower with Radar,126,71,54,27,278,0,6,26,7,39,126,77,80,34,317,6,18,24,341
08/31/2005,OKC,OK,ASW,CE,Combined TRACON& Tower with Radar,127,71,54,27,279,0,6,26,7,39,127,77,80,34,318,6,26,32,350
09/01/2005,OKC,OK,ASW,CE,Combined TRACON& Tower with Radar,132,72,42,44,290,0,4,28,1,33,132,76,70,45,323,0,18,18,341
09/02/2005,OKC,OK,ASW,CE,Combined TRACON& Tower with Radar,129,71,38,39,277,0,3,18,1,22,129,74,56,40,299,0,64,64,363
09/03/2005,OKC,OK,ASW,CE,Combined TRACON& Tower with Radar,94,53,8,15,170,0,2,7,2,11,94,55,15,17,181,8,2,10,191
09/04/2005,OKC,OK,ASW,CE,Combined TRACON& Tower with Radar,93,41,13,7,154,0,0,10,2,12,93,41,23,9,166,0,0,0,166
09/05/2005,OKC,OK,ASW,CE,Combined TRACON& Tower with Radar,93,41,16,9,159,0,0,7,0,7,93,41,23,9,166,0,0,0,166
09/06/2005,OKC,OK,ASW,CE,Combined TRACON& Tower with Radar,101,55,16,16,188,0,0,12,0,12,101,55,28,16,200,0,0,0,200
09/07/2005,OKC,OK,ASW,CE,Combined TRACON& Tower with Radar,126,64,23,70,283,0,4,17,9,30,126,68,40,79,313,0,68,68,381
09/08/2005,OKC,OK,ASW,CE,Combined TRACON& Tower with Radar,132,66,35,45,278,0,4,12,3,19,132,70,47,48,297,4,24,28,325
09/09/2005,OKC,OK,ASW,CE,Combined TRACON& Tower with Radar,126,80,27,64,297,0,4,15,2,21,126,84,42,66,318,0,28,28,346
09/10/2005,OKC,OK,ASW,CE,Combined TRACON& Tower with Radar,96,52,14,20,182,0,4,5,3,12,96,56,19,23,194,0,1,1,195
09/11/2005,OKC,OK,ASW,CE,Combined TRACON& Tower with Radar,104,43,7,24,178,0,1,10,1,12,104,44,17,25,190,0,0,0,190
09/12/2005,OKC,OK,ASW,CE,Combined TRACON& Tower with Radar,119,63,33,32,247,0,2,16,0,18,119,65,49,32,265,0,0,0,265
09/13/2005,OKC,OK,ASW,CE,Combined TRACON& Tower with Radar,119,63,33,32,247,0,2,16,0,18,119,65,49,32,265,0,12,12,277
09/14/2005,OKC,OK,ASW,CE,Combined TRACON& Tower with Radar,128,71,41,14,254,0,4,7,0,11,128,75,48,14,265,0,4,4,269
09/15/2005,OKC,OK,ASW,CE,Combined TRACON& Tower with Radar,148,75,52,37,312,0,4,8,1,13,148,79,60,38,325,0,24,24,349
09/16/2005,OKC,OK,ASW,CE,Combined TRACON& Tower with Radar,132,74,33,49,288,0,5,18,1,24,132,79,51,50,312,0,14,14,326
09/17/2005,OKC,OK,ASW,CE,Combined TRACON& Tower with Radar,96,44,10,53,203,0,1,9,4,14,96,45,19,57,217,0,20,20,237
09/18/2005,OKC,OK,ASW,CE,Combined TRACON& Tower with Radar,109,51,13,17,190,0,1,20,0,21,109,52,33,17,211,2,12,14,225
09/19/2005,OKC,OK,ASW,CE,Combined TRACON& Tower with Radar,113,56,33,42,244,0,6,16,1,23,113,62,49,43,267,0,22,22,289
09/20/2005,OKC,OK,ASW,CE,Combined TRACON& Tower with Radar,128,71,42,66,307,0,6,14,5,25,128,77,56,71,332,0,12,12,344
09/21/2005,OKC,OK,ASW,CE,Combined TRACON& Tower with Radar,125,68,34,41,268,0,5,30,0,35,125,73,64,41,303,0,76,76,379
09/22/2005,OKC,OK,ASW,CE,Combined TRACON& Tower with Radar,128,85,32,59,304,0,6,26,7,39,128,91,58,66,343,14,72,86,429
09/23/2005,OKC,OK,ASW,CE,Combined TRACON& Tower with Radar,124,69,48,38,279,0,4,19,2,25,124,73,67,40,304,0,4,4,308
09/24/2005,OKC,OK,ASW,CE,Combined TRACON& Tower with Radar,92,43,23,6,164,0,2,9,0,11,92,45,32,6,175,0,0,0,175
09/25/2005,OKC,OK,ASW,CE,Combined TRACON& Tower with Radar,101,45,24,7,177,0,0,13,0,13,101,45,37,7,190,0,12,12,202
09/26/2005,OKC,OK,ASW,CE,Combined TRACON& Tower with Radar,125,68,39,41,273,0,2,9,6,17,125,70,48,47,290,2,20,22,312
09/27/2005,OKC,OK,ASW,CE,Combined TRACON& Tower with Radar,123,69,52,19,263,0,7,16,1,24,123,76,68,20,287,2,8,10,297
09/28/2005,OKC,OK,ASW,CE,Combined TRACON& Tower with Radar,57,39,12,2,110,0,0,0,0,0,57,39,12,2,110,0,0,0,110
09/29/2005,OKC,OK,ASW,CE,Combined TRACON& Tower with Radar,144,77,47,2,270,0,4,21,4,29,144,81,68,6,299,0,0,0,299
09/30/2005,OKC,OK,ASW,CE,Combined TRACON& Tower with Radar,125,71,29,6,231,0,5,16,1,22,125,76,45,7,253,0,0,0,253
10/01/2005,OKC,OK,ASW,CE,Combined TRACON& Tower with Radar,112,58,14,5,189,8,1,4,0,13,120,59,18,5,202,32,0,32,234
10/02/2005,OKC,OK,ASW,CE,Combined TRACON& Tower with Radar,107,48,19,2,176,0,3,23,0,26,107,51,42,2,202,0,0,0,202
10/03/2005,OKC,OK,ASW,CE,Combined TRACON& Tower with Radar,118,71,36,47,272,0,2,16,3,21,118,73,52,50,293,0,12,12,305
10/04/2005,OKC,OK,ASW,CE,Combined TRACON& Tower with Radar,133,74,42,36,285,0,6,20,2,28,133,80,62,38,313,0,48,48,361
10/05/2005,OKC,OK,ASW,CE,Combined TRACON& Tower with Radar,123,76,49,36,284,0,7,5,1,13,123,83,54,37,297,0,0,0,297
10/06/2005,OKC,OK,ASW,CE,Combined TRACON& Tower with Radar,133,71,52,23,279,0,5,9,1,15,133,76,61,24,294,0,0,0,294
10/07/2005,OKC,OK,ASW,CE,Combined TRACON& Tower with Radar,134,74,41,22,271,0,3,15,0,18,134,77,56,22,289,0,84,84,373
10/08/2005,OKC,OK,ASW,CE,Combined TRACON& Tower with Radar,101,43,12,4,160,0,1,13,3,17,101,44,25,7,177,0,0,0,177
10/09/2005,OKC,OK,ASW,CE,Combined TRACON& Tower with Radar,98,53,19,5,175,0,0,7,0,7,98,53,26,5,182,4,3,7,189
10/10/2005,OKC,OK,ASW,CE,Combined TRACON& Tower with Radar,110,63,18,22,213,0,2,10,0,12,110,65,28,22,225,0,0,0,225
10/11/2005,OKC,OK,ASW,CE,Combined TRACON& Tower with Radar,128,79,36,32,275,0,2,8,4,14,128,81,44,36,289,0,0,0,289
10/12/2005,OKC,OK,ASW,CE,Combined TRACON& Tower with Radar,128,70,54,20,272,0,4,27,5,36,128,74,81,25,308,0,0,0,308
10/13/2005,OKC,OK,ASW,CE,Combined TRACON& Tower with Radar,129,92,49,38,308,0,5,17,9,31,129,97,66,47,339,20,20,40,379
10/14/2005,OKC,OK,ASW,CE,Combined TRACON& Tower with Radar,131,93,50,38,312,0,5,17,9,31,131,98,67,47,343,24,40,64,407
10/15/2005,OKC,OK,ASW,CE,Combined TRACON& Tower with Radar,131,93,50,38,312,0,5,17,9,31,131,98,67,47,343,24,40,64,407
10/16/2005,OKC,OK,ASW,CE,Combined TRACON& Tower with Radar,131,93,50,38,312,0,5,17,9,31,131,98,67,47,343,24,40,64,407
10/17/2005,OKC,OK,ASW,CE,Combined TRACON& Tower with Radar,122,71,35,11,239,0,3,12,6,21,122,74,47,17,260,0,0,0,260
10/18/2005,OKC,OK,ASW,CE,Combined TRACON& Tower with Radar,119,74,34,9,236,0,4,10,5,19,119,78,44,14,255,0,0,0,255
10/19/2005,OKC,OK,ASW,CE,Combined TRACON& Tower with Radar,126,83,46,14,269,0,8,14,6,28,126,91,60,20,297,2,16,18,315
10/20/2005,OKC,OK,ASW,CE,Combined TRACON& Tower with Radar,133,79,36,22,270,0,2,14,3,19,133,81,50,25,289,2,18,20,309
10/21/2005,OKC,OK,ASW,CE,Combined TRACON& Tower with Radar,113,79,36,22,250,20,2,14,3,39,133,81,50,25,289,2,18,20,309
10/22/2005,OKC,OK,ASW,CE,Combined TRACON& Tower with Radar,133,79,36,22,270,0,2,14,3,19,133,81,50,25,289,2,18,20,309
10/23/2005,OKC,OK,ASW,CE,Combined TRACON& Tower with Radar,103,48,19,5,175,0,1,12,2,15,103,49,31,7,190,0,0,0,190
10/24/2005,OKC,OK,ASW,CE,Combined TRACON& Tower with Radar,122,61,41,47,271,0,3,18,6,27,122,64,59,53,298,6,112,118,416
10/25/2005,OKC,OK,ASW,CE,Combined TRACON& Tower with Radar,120,64,50,18,252,0,4,18,6,28,120,68,68,24,280,20,34,54,334
10/26/2005,OKC,OK,ASW,CE,Combined TRACON& Tower with Radar,130,68,51,29,278,0,7,16,4,27,130,75,67,33,305,0,142,142,447
10/27/2005,OKC,OK,ASW,CE,Combined TRACON& Tower with Radar,130,73,39,29,271,0,3,24,4,31,130,76,63,33,302,6,10,16,318
10/28/2005,OKC,OK,ASW,CE,Combined TRACON& Tower with Radar,129,72,34,42,277,0,4,28,0,32,129,76,62,42,309,2,30,32,341
10/29/2005,OKC,OK,ASW,CE,Combined TRACON& Tower with Radar,103,46,12,5,166,0,0,4,1,5,103,46,16,6,171,2,4,6,177
10/30/2005,OKC,OK,ASW,CE,Combined TRACON& Tower with Radar,101,48,25,14,188,0,0,7,3,10,101,48,32,17,198,0,0,0,198
10/31/2005,OKC,OK,ASW,CE,Combined TRACON& Tower with Radar,127,65,24,23,239,0,3,8,1,12,127,68,32,24,251,4,16,20,271
11/01/2005,OKC,OK,ASW,CE,Combined TRACON& Tower with Radar,119,69,39,30,257,0,7,17,2,26,119,76,56,32,283,12,20,32,315
11/02/2005,OKC,OK,ASW,CE,Combined TRACON& Tower with Radar,121,76,53,43,293,0,4,17,6,27,121,80,70,49,320,0,72,72,392
11/03/2005,OKC,OK,ASW,CE,Combined TRACON& Tower with Radar,125,75,28,42,270,0,4,29,12,45,125,79,57,54,315,0,82,82,397
11/04/2005,OKC,OK,ASW,CE,Combined TRACON& Tower with Radar,124,80,37,35,276,0,4,22,1,27,124,84,59,36,303,0,24,24,327
11/05/2005,OKC,OK,ASW,CE,Combined TRACON& Tower with Radar,125,81,37,35,278,0,4,22,1,27,125,85,59,36,305,0,24,24,329
11/06/2005,OKC,OK,ASW,CE,Combined TRACON& Tower with Radar,91,59,29,23,202,0,1,31,20,52,91,60,60,43,254,0,0,0,254
11/07/2005,OKC,OK,ASW,CE,Combined TRACON& Tower with Radar,123,64,39,15,241,0,2,12,4,18,123,66,51,19,259,0,8,8,267
11/08/2005,OKC,OK,ASW,CE,Combined TRACON& Tower with Radar,120,68,29,47,264,0,5,13,2,20,120,73,42,49,284,12,0,12,296
11/09/2005,OKC,OK,ASW,CE,Combined TRACON& Tower with Radar,124,71,59,34,288,0,3,19,47,69,124,74,78,81,357,0,64,64,421
11/10/2005,OKC,OK,ASW,CE,Combined TRACON& Tower with Radar,127,71,47,13,258,0,3,15,0,18,127,74,62,13,276,20,20,40,316
11/11/2005,OKC,OK,ASW,CE,Combined TRACON& Tower with Radar,120,70,34,4,228,0,1,17,4,22,120,71,51,8,250,0,0,0,250
11/12/2005,OKC,OK,ASW,CE,Combined TRACON& Tower with Radar,111,39,13,5,168,0,0,5,2,7,111,39,18,7,175,1,1,2,177
11/13/2005,OKC,OK,ASW,CE,Combined TRACON& Tower with Radar,101,58,34,1,194,0,0,19,2,21,101,58,53,3,215,0,0,0,215
11/14/2005,OKC,OK,ASW,CE,Combined TRACON& Tower with Radar,111,68,40,30,249,0,3,17,5,25,111,71,57,35,274,0,28,28,302
11/15/2005,OKC,OK,ASW,CE,Combined TRACON& Tower with Radar,117,67,36,23,243,0,0,8,2,10,117,67,44,25,253,0,0,0,253
11/16/2005,OKC,OK,ASW,CE,Combined TRACON& Tower with Radar,121,76,56,45,298,0,5,20,3,28,121,81,76,48,326,0,94,94,420
11/17/2005,OKC,OK,ASW,CE,Combined TRACON& Tower with Radar,130,79,64,48,321,0,0,22,3,25,130,79,86,51,346,12,22,34,380
11/18/2005,OKC,OK,ASW,CE,Combined TRACON& Tower with Radar,131,84,56,40,311,0,6,21,2,29,131,90,77,42,340,0,78,78,418
11/19/2005,OKC,OK,ASW,CE,Combined TRACON& Tower with Radar,107,41,38,8,194,0,0,17,0,17,107,41,55,8,211,0,4,4,215
11/20/2005,OKC,OK,ASW,CE,Combined TRACON& Tower with Radar,96,52,30,26,204,0,0,9,3,12,96,52,39,29,216,0,10,10,226
11/21/2005,OKC,OK,ASW,CE,Combined TRACON& Tower with Radar,112,81,26,71,290,0,2,29,5,36,112,83,55,76,326,0,199,199,525
11/22/2005,OKC,OK,ASW,CE,Combined TRACON& Tower with Radar,122,85,15,36,258,0,4,16,4,24,122,89,31,40,282,0,42,42,324
11/23/2005,OKC,OK,ASW,CE,Combined TRACON& Tower with Radar,121,73,40,14,248,0,7,14,4,25,121,80,54,18,273,4,0,4,277
11/24/2005,OKC,OK,ASW,CE,Combined TRACON& Tower with Radar,87,53,3,0,143,0,0,8,0,8,87,53,11,0,151,0,0,0,151
11/25/2005,OKC,OK,ASW,CE,Combined TRACON& Tower with Radar,93,58,9,3,163,0,0,12,0,12,93,58,21,3,175,13,0,13,188
11/26/2005,OKC,OK,ASW,CE,Combined TRACON& Tower with Radar,93,58,9,3,163,0,0,12,0,12,93,58,21,3,175,13,0,13,188
11/27/2005,OKC,OK,ASW,CE,Combined TRACON& Tower with Radar,99,60,18,1,178,0,2,1,0,3,99,62,19,1,181,0,0,0,181
11/28/2005,OKC,OK,ASW,CE,Combined TRACON& Tower with Radar,101,60,18,1,180,0,2,1,0,3,101,62,19,1,183,0,0,0,183
11/29/2005,OKC,OK,ASW,CE,Combined TRACON& Tower with Radar,101,60,18,1,180,0,2,1,0,3,101,62,19,1,183,0,0,0,183
11/30/2005,OKC,OK,ASW,CE,Combined TRACON& Tower with Radar,119,67,46,58,290,0,3,15,4,22,119,70,61,62,312,0,124,124,436
12/01/2005,OKC,OK,ASW,CE,Combined TRACON& Tower with Radar,128,75,43,28,274,0,6,22,3,31,128,81,65,31,305,0,62,62,367
12/02/2005,OKC,OK,ASW,CE,Combined TRACON& Tower with Radar,124,81,38,22,265,0,4,20,0,24,124,85,58,22,289,4,24,28,317
12/03/2005,OKC,OK,ASW,CE,Combined TRACON& Tower with Radar,102,41,16,9,168,0,5,17,1,23,102,46,33,10,191,0,0,0,191
12/04/2005,OKC,OK,ASW,CE,Combined TRACON& Tower with Radar,101,57,17,16,191,0,0,6,1,7,101,57,23,17,198,0,14,14,212
12/05/2005,OKC,OK,ASW,CE,Combined TRACON& Tower with Radar,124,66,34,60,284,0,3,14,0,17,124,69,48,60,301,0,70,70,371
12/06/2005,OKC,OK,ASW,CE,Combined TRACON& Tower with Radar,114,69,56,57,296,0,5,23,0,28,114,74,79,57,324,10,12,22,346
12/07/2005,OKC,OK,ASW,CE,Combined TRACON& Tower with Radar,104,81,41,17,243,0,2,4,0,6,104,83,45,17,249,0,8,8,257
12/08/2005,OKC,OK,ASW,CE,Combined TRACON& Tower with Radar,122,75,34,32,263,0,2,6,0,8,122,77,40,32,271,8,67,75,346
12/09/2005,OKC,OK,ASW,CE,Combined TRACON& Tower with Radar,113,70,42,30,255,0,1,13,0,14,113,71,55,30,269,0,48,48,317
12/10/2005,OKC,OK,ASW,CE,Combined TRACON& Tower with Radar,104,44,16,35,199,1,0,13,1,15,105,44,29,36,214,0,24,24,238
12/11/2005,OKC,OK,ASW,CE,Combined TRACON& Tower with Radar,99,52,17,32,200,0,0,13,3,16,99,52,30,35,216,0,25,25,241
12/12/2005,OKC,OK,ASW,CE,Combined TRACON& Tower with Radar,119,63,44,40,266,0,6,20,2,28,119,69,64,42,294,4,56,60,354
12/13/2005,OKC,OK,ASW,CE,Combined TRACON& Tower with Radar,129,66,50,58,303,0,3,32,5,40,129,69,82,63,343,10,92,102,445
12/14/2005,OKC,OK,ASW,CE,Combined TRACON& Tower with Radar,122,63,64,47,296,0,0,0,0,0,122,63,64,47,296,36,9,45,341
12/15/2005,OKC,OK,ASW,CE,Combined TRACON& Tower with Radar,120,72,56,50,298,0,5,26,7,38,120,77,82,57,336,0,60,60,396
12/16/2005,OKC,OK,ASW,CE,Combined TRACON& Tower with Radar,117,87,43,39,286,0,5,23,1,29,117,92,66,40,315,0,36,36,351
12/17/2005,OKC,OK,ASW,CE,Combined TRACON& Tower with Radar,117,87,43,39,286,0,5,23,1,29,117,92,66,40,315,0,36,36,351
12/18/2005,OKC,OK,ASW,CE,Combined TRACON& Tower with Radar,92,63,28,1,184,0,0,0,0,0,92,63,28,1,184,0,0,0,184
12/19/2005,OKC,OK,ASW,CE,Combined TRACON& Tower with Radar,104,66,14,5,189,0,2,1,0,3,104,68,15,5,192,0,0,0,192
12/20/2005,OKC,OK,ASW,CE,Combined TRACON& Tower with Radar,120,88,29,23,260,0,3,1,0,4,120,91,30,23,264,0,0,0,264
12/21/2005,OKC,OK,ASW,CE,Combined TRACON& Tower with Radar,105,81,29,10,225,0,6,13,5,24,105,87,42,15,249,0,28,28,277
12/22/2005,OKC,OK,ASW,CE,Combined TRACON& Tower with Radar,118,90,45,41,294,0,7,20,0,27,118,97,65,41,321,0,68,68,389
12/23/2005,OKC,OK,ASW,CE,Combined TRACON& Tower with Radar,111,79,28,0,218,0,7,19,0,26,111,86,47,0,244,8,0,8,252
12/24/2005,OKC,OK,ASW,CE,Combined TRACON& Tower with Radar,87,58,10,0,155,0,1,9,0,10,87,59,19,0,165,4,0,4,169
12/25/2005,OKC,OK,ASW,CE,Combined TRACON& Tower with Radar,88,58,10,0,156,0,1,10,0,11,88,59,20,0,167,4,0,4,171
12/26/2005,OKC,OK,ASW,CE,Combined TRACON& Tower with Radar,97,71,11,0,179,0,0,2,0,2,97,71,13,0,181,0,0,0,181
12/27/2005,OKC,OK,ASW,CE,Combined TRACON& Tower with Radar,102,66,22,3,193,0,10,7,3,20,102,76,29,6,213,0,12,12,225
12/28/2005,OKC,OK,ASW,CE,Combined TRACON& Tower with Radar,105,77,33,3,218,0,6,18,5,29,105,83,51,8,247,0,0,0,247
12/29/2005,OKC,OK,ASW,CE,Combined TRACON& Tower with Radar,105,77,33,3,218,0,6,18,5,29,105,83,51,8,247,0,0,0,247
12/30/2005,OKC,OK,ASW,CE,Combined TRACON& Tower with Radar,116,87,21,0,224,0,6,14,0,20,116,93,35,0,244,0,0,0,244
12/31/2005,OKC,OK,ASW,CE,Combined TRACON& Tower with Radar,85,62,6,0,153,0,1,11,2,14,85,63,17,2,167,0,0,0,167
01/01/2006,OKC,OK,ASW,CE,Combined TRACON& Tower with Radar,76,54,6,0,136,0,2,5,0,7,76,56,11,0,143,0,0,0,143
01/02/2006,OKC,OK,ASW,CE,Combined TRACON& Tower with Radar,94,66,12,0,172,0,1,7,0,8,94,67,19,0,180,0,0,0,180
01/03/2006,OKC,OK,ASW,CE,Combined TRACON& Tower with Radar,106,74,29,21,230,0,2,8,2,12,106,76,37,23,242,0,20,20,262
01/04/2006,OKC,OK,ASW,CE,Combined TRACON& Tower with Radar,113,72,34,68,287,0,2,19,5,26,113,74,53,73,313,8,120,128,441
01/05/2006,OKC,OK,ASW,CE,Combined TRACON& Tower with Radar,115,84,33,43,275,0,8,20,12,40,115,92,53,55,315,0,32,32,347
01/06/2006,OKC,OK,ASW,CE,Combined TRACON& Tower with Radar,108,77,26,26,237,0,6,18,1,25,108,83,44,27,262,6,8,14,276
01/07/2006,OKC,OK,ASW,CE,Combined TRACON& Tower with Radar,86,51,14,23,174,0,2,9,0,11,86,53,23,23,185,0,28,28,213
01/08/2006,OKC,OK,ASW,CE,Combined TRACON& Tower with Radar,83,57,7,51,198,0,0,7,0,7,83,57,14,51,205,6,44,50,255
01/09/2006,OKC,OK,ASW,CE,Combined TRACON& Tower with Radar,102,75,44,53,274,0,3,12,0,15,102,78,56,53,289,0,142,142,431
01/10/2006,OKC,OK,ASW,CE,Combined TRACON& Tower with Radar,104,88,70,35,297,0,0,15,7,22,104,88,85,42,319,0,10,10,329
01/11/2006,OKC,OK,ASW,CE,Combined TRACON& Tower with Radar,103,70,39,72,284,0,8,25,4,37,103,78,64,76,321,8,104,112,433
01/12/2006,OKC,OK,ASW,CE,Combined TRACON& Tower with Radar,112,80,32,44,268,0,2,20,12,34,112,82,52,56,302,0,64,64,366
01/13/2006,OKC,OK,ASW,CE,Combined TRACON& Tower with Radar,107,84,44,42,277,0,2,18,0,20,107,86,62,42,297,0,52,52,349
01/14/2006,OKC,OK,ASW,CE,Combined TRACON& Tower with Radar,88,50,13,1,152,0,2,14,0,16,88,52,27,1,168,6,0,6,174
01/15/2006,OKC,OK,ASW,CE,Combined TRACON& Tower with Radar,88,53,13,7,161,0,1,6,2,9,88,54,19,9,170,0,10,10,180
01/16/2006,OKC,OK,ASW,CE,Combined TRACON& Tower with Radar,96,60,22,4,182,0,0,7,1,8,96,60,29,5,190,2,0,2,192
01/17/2006,OKC,OK,ASW,CE,Combined TRACON& Tower with Radar,105,79,44,55,283,0,1,16,5,22,105,80,60,60,305,0,82,82,387
01/18/2006,OKC,OK,ASW,CE,Combined TRACON& Tower with Radar,103,82,47,82,314,0,7,19,5,31,103,89,66,87,345,2,130,132,477
01/19/2006,OKC,OK,ASW,CE,Combined TRACON& Tower with Radar,105,76,42,46,269,0,9,13,7,29,105,85,55,53,298,8,101,109,407
01/20/2006,OKC,OK,ASW,CE,Combined TRACON& Tower with Radar,105,74,34,96,309,0,0,10,0,10,105,74,44,96,319,0,127,127,446
01/21/2006,OKC,OK,ASW,CE,Combined TRACON& Tower with Radar,82,46,30,7,165,0,0,11,5,16,82,46,41,12,181,0,6,6,187
01/22/2006,OKC,OK,ASW,CE,Combined TRACON& Tower with Radar,80,57,11,22,170,0,0,12,0,12,80,57,23,22,182,0,20,20,202
01/23/2006,OKC,OK,ASW,CE,Combined TRACON& Tower with Radar,98,80,30,48,256,0,3,29,0,32,98,83,59,48,288,10,136,146,434
01/24/2006,OKC,OK,ASW,CE,Combined TRACON& Tower with Radar,108,71,36,30,245,0,7,23,5,35,108,78,59,35,280,0,10,10,290
01/25/2006,OKC,OK,ASW,CE,Combined TRACON& Tower with Radar,108,72,31,47,258,0,8,17,4,29,108,80,48,51,287,20,84,104,391
01/26/2006,OKC,OK,ASW,CE,Combined TRACON& Tower with Radar,112,87,34,56,289,0,4,6,7,17,112,91,40,63,306,0,88,88,394
01/27/2006,OKC,OK,ASW,CE,Combined TRACON& Tower with Radar,112,82,38,24,256,0,5,10,0,15,112,87,48,24,271,0,0,0,271
01/28/2006,OKC,OK,ASW,CE,Combined TRACON& Tower with Radar,86,55,13,4,158,0,1,9,1,11,86,56,22,5,169,0,0,0,169
01/29/2006,OKC,OK,ASW,CE,Combined TRACON& Tower with Radar,85,60,12,24,181,0,0,24,2,26,85,60,36,26,207,6,10,16,223
01/30/2006,OKC,OK,ASW,CE,Combined TRACON& Tower with Radar,103,62,30,42,237,0,5,24,4,33,103,67,54,46,270,0,132,132,402
01/31/2006,OKC,OK,ASW,CE,Combined TRACON& Tower with Radar,108,83,36,16,243,0,8,20,5,33,108,91,56,21,276,0,0,0,276
02/01/2006,OKC,OK,ASW,CE,Combined TRACON& Tower with Radar,111,77,29,28,245,0,6,25,3,34,111,83,54,31,279,0,0,0,279
02/02/2006,OKC,OK,ASW,CE,Combined TRACON& Tower with Radar,116,74,32,57,279,0,3,15,3,21,116,77,47,60,300,0,80,80,380
02/03/2006,OKC,OK,ASW,CE,Combined TRACON& Tower with Radar,110,77,44,40,271,0,3,16,1,20,110,80,60,41,291,0,72,72,363
02/04/2006,OKC,OK,ASW,CE,Combined TRACON& Tower with Radar,87,52,32,16,187,0,1,19,3,23,87,53,51,19,210,0,0,0,210
02/05/2006,OKC,OK,ASW,CE,Combined TRACON& Tower with Radar,87,56,14,15,172,0,4,17,0,21,87,60,31,15,193,0,0,0,193
02/06/2006,OKC,OK,ASW,CE,Combined TRACON& Tower with Radar,98,62,33,29,222,0,7,12,5,24,98,69,45,34,246,0,18,18,264
02/07/2006,OKC,OK,ASW,CE,Combined TRACON& Tower with Radar,113,74,30,37,254,0,3,16,5,24,113,77,46,42,278,2,32,34,312
02/08/2006,OKC,OK,ASW,CE,Combined TRACON& Tower with Radar,106,72,40,31,249,0,4,17,3,24,106,76,57,34,273,0,65,65,338
02/09/2006,OKC,OK,ASW,CE,Combined TRACON& Tower with Radar,112,94,44,41,291,0,2,16,3,21,112,96,60,44,312,0,18,18,330
02/10/2006,OKC,OK,ASW,CE,Combined TRACON& Tower with Radar,110,91,39,28,268,0,4,6,0,10,110,95,45,28,278,0,0,0,278
02/11/2006,OKC,OK,ASW,CE,Combined TRACON& Tower with Radar,85,58,24,5,172,0,0,7,1,8,85,58,31,6,180,0,0,0,180
02/12/2006,OKC,OK,ASW,CE,Combined TRACON& Tower with Radar,85,60,17,8,170,0,0,10,1,11,85,60,27,9,181,0,0,0,181
02/13/2006,OKC,OK,ASW,CE,Combined TRACON& Tower with Radar,103,75,24,56,258,0,0,19,3,22,103,75,43,59,280,0,86,86,366
02/14/2006,OKC,OK,ASW,CE,Combined TRACON& Tower with Radar,106,78,28,39,251,0,2,15,3,20,106,80,43,42,271,4,22,26,297
02/15/2006,OKC,OK,ASW,CE,Combined TRACON& Tower with Radar,107,71,34,48,260,0,1,16,4,21,107,72,50,52,281,6,42,48,329
02/16/2006,OKC,OK,ASW,CE,Combined TRACON& Tower with Radar,109,81,39,57,286,0,3,3,10,16,109,84,42,67,302,0,124,124,426
02/17/2006,OKC,OK,ASW,CE,Combined TRACON& Tower with Radar,105,95,37,5,242,0,3,8,1,12,105,98,45,6,254,0,0,0,254
02/18/2006,OKC,OK,ASW,CE,Combined TRACON& Tower with Radar,68,67,19,2,156,0,2,2,4,8,68,69,21,6,164,0,0,0,164
02/19/2006,OKC,OK,ASW,CE,Combined TRACON& Tower with Radar,75,69,12,0,156,0,0,0,0,0,75,69,12,0,156,0,0,0,156
02/20/2006,OKC,OK,ASW,CE,Combined TRACON& Tower with Radar,99,81,28,5,213,0,0,0,0,0,99,81,28,5,213,0,0,0,213
02/21/2006,OKC,OK,ASW,CE,Combined TRACON& Tower with Radar,108,83,43,7,241,0,0,0,0,0,108,83,43,7,241,0,0,0,241
02/22/2006,OKC,OK,ASW,CE,Combined TRACON& Tower with Radar,108,83,43,7,241,0,0,0,0,0,108,83,43,7,241,0,0,0,241
02/23/2006,OKC,OK,ASW,CE,Combined TRACON& Tower with Radar,108,91,54,58,311,0,7,15,2,24,108,98,69,60,335,0,46,46,381
02/24/2006,OKC,OK,ASW,CE,Combined TRACON& Tower with Radar,100,99,41,56,296,0,3,20,2,25,100,102,61,58,321,0,58,58,379
02/25/2006,OKC,OK,ASW,CE,Combined TRACON& Tower with Radar,80,68,21,4,173,0,2,5,0,7,80,70,26,4,180,0,0,0,180
02/26/2006,OKC,OK,ASW,CE,Combined TRACON& Tower with Radar,84,76,6,0,166,0,1,13,0,14,84,77,19,0,180,0,0,0,180
02/27/2006,OKC,OK,ASW,CE,Combined TRACON& Tower with Radar,101,80,22,25,228,0,2,7,5,14,101,82,29,30,242,0,24,24,266
02/28/2006,OKC,OK,ASW,CE,Combined TRACON& Tower with Radar,102,97,36,34,269,0,3,22,3,28,102,100,58,37,297,0,52,52,349
03/01/2006,OKC,OK,ASW,CE,Combined TRACON& Tower with Radar,104,91,29,37,261,0,7,29,1,37,104,98,58,38,298,0,56,56,354
03/02/2006,OKC,OK,ASW,CE,Combined TRACON& Tower with Radar,111,98,40,30,279,0,4,6,1,11,111,102,46,31,290,0,0,0,290
03/03/2006,OKC,OK,ASW,CE,Combined TRACON& Tower with Radar,106,98,42,9,255,0,4,11,2,17,106,102,53,11,272,0,0,0,272
03/04/2006,OKC,OK,ASW,CE,Combined TRACON& Tower with Radar,75,75,20,6,176,0,2,13,1,16,75,77,33,7,192,0,0,0,192
03/05/2006,OKC,OK,ASW,CE,Combined TRACON& Tower with Radar,75,75,20,6,176,0,2,13,1,16,75,77,33,7,192,0,0,0,192
03/06/2006,OKC,OK,ASW,CE,Combined TRACON& Tower with Radar,100,91,38,28,257,0,1,10,3,14,100,92,48,31,271,0,36,36,307
03/07/2006,OKC,OK,ASW,CE,Combined TRACON& Tower with Radar,101,91,43,35,270,0,4,11,2,17,101,95,54,37,287,4,32,36,323
03/08/2006,OKC,OK,ASW,CE,Combined TRACON& Tower with Radar,104,95,40,17,256,0,5,17,0,22,104,100,57,17,278,0,0,0,278
03/09/2006,OKC,OK,ASW,CE,Combined TRACON& Tower with Radar,111,99,38,45,293,0,4,5,0,9,111,103,43,45,302,0,13,13,315
03/10/2006,OKC,OK,ASW,CE,Combined TRACON& Tower with Radar,107,96,29,27,259,0,4,22,2,28,107,100,51,29,287,0,10,10,297
03/11/2006,OKC,OK,ASW,CE,Combined TRACON& Tower with Radar,85,78,30,5,198,0,0,18,3,21,85,78,48,8,219,0,0,0,219
03/12/2006,OKC,OK,ASW,CE,Combined TRACON& Tower with Radar,86,79,14,3,182,0,1,0,0,1,86,80,14,3,183,0,0,0,183
03/13/2006,OKC,OK,ASW,CE,Combined TRACON& Tower with Radar,102,86,33,56,277,0,3,19,3,25,102,89,52,59,302,0,120,120,422
03/14/2006,OKC,OK,ASW,CE,Combined TRACON& Tower with Radar,104,90,20,53,267,0,4,16,3,23,104,94,36,56,290,0,72,72,362
03/15/2006,OKC,OK,ASW,CE,Combined TRACON& Tower with Radar,105,98,29,32,264,0,7,10,85,102,105,105,39,117,366,0,44,44,410
03/16/2006,OKC,OK,ASW,CE,Combined TRACON& Tower with Radar,114,89,29,16,248,0,5,20,1,26,114,94,49,17,274,0,0,0,274
03/17/2006,OKC,OK,ASW,CE,Combined TRACON& Tower with Radar,108,90,33,22,253,0,4,11,14,29,108,94,44,36,282,0,30,30,312
03/18/2006,OKC,OK,ASW,CE,Combined TRACON& Tower with Radar,79,78,24,0,181,0,0,0,0,0,79,78,24,0,181,0,0,0,181
03/19/2006,OKC,OK,ASW,CE,Combined TRACON& Tower with Radar,84,88,23,1,196,0,0,0,0,0,84,88,23,1,196,0,0,0,196
03/20/2006,OKC,OK,ASW,CE,Combined TRACON& Tower with Radar,100,82,42,30,254,0,0,3,0,3,100,82,45,30,257,0,0,0,257
03/21/2006,OKC,OK,ASW,CE,Combined TRACON& Tower with Radar,114,96,41,30,281,0,3,5,1,9,114,99,46,31,290,12,42,54,344
03/22/2006,OKC,OK,ASW,CE,Combined TRACON& Tower with Radar,103,97,55,48,303,0,3,5,0,8,103,100,60,48,311,6,126,132,443
03/23/2006,OKC,OK,ASW,CE,Combined TRACON& Tower with Radar,110,102,49,20,281,0,2,12,1,15,110,104,61,21,296,3,4,7,303
03/24/2006,OKC,OK,ASW,CE,Combined TRACON& Tower with Radar,106,97,63,49,315,0,4,31,0,35,106,101,94,49,350,0,78,78,428
03/25/2006,OKC,OK,ASW,CE,Combined TRACON& Tower with Radar,77,69,25,4,175,0,0,13,1,14,77,69,38,5,189,0,0,0,189
03/26/2006,OKC,OK,ASW,CE,Combined TRACON& Tower with Radar,86,77,19,26,208,0,0,9,0,9,86,77,28,26,217,0,0,0,217
03/27/2006,OKC,OK,ASW,CE,Combined TRACON& Tower with Radar,103,90,34,15,242,0,2,18,8,28,103,92,52,23,270,0,68,68,338
03/28/2006,OKC,OK,ASW,CE,Combined TRACON& Tower with Radar,103,93,48,28,272,0,3,23,4,30,103,96,71,32,302,0,8,8,310
03/29/2006,OKC,OK,ASW,CE,Combined TRACON& Tower with Radar,103,95,61,34,293,0,3,3,1,7,103,98,64,35,300,0,0,0,300
03/30/2006,OKC,OK,ASW,CE,Combined TRACON& Tower with Radar,103,95,61,34,293,0,3,3,1,7,103,98,64,35,300,0,0,0,300
03/31/2006,OKC,OK,ASW,CE,Combined TRACON& Tower with Radar,104,90,55,19,268,0,3,17,1,21,104,93,72,20,289,0,0,0,289
04/01/2006,OKC,OK,ASW,CE,Combined TRACON& Tower with Radar,72,75,16,9,172,0,0,0,0,0,72,75,16,9,172,0,0,0,172
04/02/2006,OKC,OK,ASW,CE,Combined TRACON& Tower with Radar,86,69,21,7,183,0,0,8,0,8,86,69,29,7,191,0,0,0,191
04/03/2006,OKC,OK,ASW,CE,Combined TRACON& Tower with Radar,93,85,25,39,242,0,4,9,1,14,93,89,34,40,256,0,80,80,336
04/04/2006,OKC,OK,ASW,CE,Combined TRACON& Tower with Radar,105,84,29,20,238,1,3,8,2,14,106,87,37,22,252,0,0,0,252
04/05/2006,OKC,OK,ASW,CE,Combined TRACON& Tower with Radar,108,90,39,44,281,0,6,10,3,19,108,96,49,47,300,2,184,186,486
04/06/2006,OKC,OK,ASW,CE,Combined TRACON& Tower with Radar,111,97,41,7,256,0,2,5,0,7,111,99,46,7,263,0,0,0,263
04/07/2006,OKC,OK,ASW,CE,Combined TRACON& Tower with Radar,108,92,31,36,267,0,2,9,3,14,108,94,40,39,281,0,0,0,281
04/08/2006,OKC,OK,ASW,CE,Combined TRACON& Tower with Radar,87,77,27,29,220,0,1,7,3,11,87,78,34,32,231,0,0,0,231
04/09/2006,OKC,OK,ASW,CE,Combined TRACON& Tower with Radar,88,75,14,10,187,0,0,10,1,11,88,75,24,11,198,0,0,0,198
04/10/2006,OKC,OK,ASW,CE,Combined TRACON& Tower with Radar,105,85,28,9,227,0,2,16,2,20,105,87,44,11,247,28,18,46,293
04/11/2006,OKC,OK,ASW,CE,Combined TRACON& Tower with Radar,101,84,42,35,262,0,4,11,8,23,101,88,53,43,285,0,96,96,381
04/12/2006,OKC,OK,ASW,CE,Combined TRACON& Tower with Radar,106,93,43,27,269,0,5,28,8,41,106,98,71,35,310,8,20,28,338
04/13/2006,OKC,OK,ASW,CE,Combined TRACON& Tower with Radar,108,96,60,32,296,0,4,27,13,44,108,100,87,45,340,0,52,52,392
04/14/2006,OKC,OK,ASW,CE,Combined TRACON& Tower with Radar,106,87,31,16,240,0,3,21,2,26,106,90,52,18,266,4,26,30,296
04/15/2006,OKC,OK,ASW,CE,Combined TRACON& Tower with Radar,81,67,16,0,164,0,0,3,0,3,81,67,19,0,167,0,0,0,167
04/16/2006,OKC,OK,ASW,CE,Combined TRACON& Tower with Radar,94,70,7,2,173,0,0,3,0,3,94,70,10,2,176,0,0,0,176
04/17/2006,OKC,OK,ASW,CE,Combined TRACON& Tower with Radar,98,92,31,41,262,0,5,18,5,28,98,97,49,46,290,0,128,128,418
04/18/2006,OKC,OK,ASW,CE,Combined TRACON& Tower with Radar,104,89,42,51,286,0,4,16,2,22,104,93,58,53,308,0,23,23,331
04/19/2006,OKC,OK,ASW,CE,Combined TRACON& Tower with Radar,105,91,39,19,254,0,6,14,3,23,105,97,53,22,277,0,16,16,293
04/20/2006,OKC,OK,ASW,CE,Combined TRACON& Tower with Radar,105,87,47,104,343,0,3,20,82,105,105,90,67,186,448,0,36,36,484
04/21/2006,OKC,OK,ASW,CE,Combined TRACON& Tower with Radar,104,99,38,20,261,0,4,20,4,28,104,103,58,24,289,0,0,0,289
04/22/2006,OKC,OK,ASW,CE,Combined TRACON& Tower with Radar,86,68,14,10,178,0,1,22,0,23,86,69,36,10,201,2,10,12,213
04/23/2006,OKC,OK,ASW,CE,Combined TRACON& Tower with Radar,84,71,19,55,229,0,0,10,1,11,84,71,29,56,240,0,46,46,286
04/24/2006,OKC,OK,ASW,CE,Combined TRACON& Tower with Radar,96,82,24,22,224,0,1,11,2,14,96,83,35,24,238,0,94,94,332
04/25/2006,OKC,OK,ASW,CE,Combined TRACON& Tower with Radar,107,102,45,55,309,0,2,6,2,10,107,104,51,57,319,0,0,0,319
04/26/2006,OKC,OK,ASW,CE,Combined TRACON& Tower with Radar,105,99,70,53,327,0,2,17,2,21,105,101,87,55,348,18,2,20,368
04/27/2006,OKC,OK,ASW,CE,Combined TRACON& Tower with Radar,106,94,43,48,291,0,6,28,12,46,106,100,71,60,337,0,8,8,345
04/28/2006,OKC,OK,ASW,CE,Combined TRACON& Tower with Radar,98,90,29,31,248,0,2,7,0,9,98,92,36,31,257,0,48,48,305
04/29/2006,OKC,OK,ASW,CE,Combined TRACON& Tower with Radar,85,80,24,1,190,0,0,3,0,3,85,80,27,1,193,0,0,0,193
04/30/2006,OKC,OK,ASW,CE,Combined TRACON& Tower with Radar,89,74,12,11,186,0,1,21,0,22,89,75,33,11,208,101,8,109,317
05/01/2006,OKC,OK,ASW,CE,Combined TRACON& Tower with Radar,97,91,34,37,259,0,7,17,6,30,97,98,51,43,289,2,86,88,377
05/02/2006,OKC,OK,ASW,CE,Combined TRACON& Tower with Radar,98,87,34,40,259,0,7,9,3,19,98,94,43,43,278,0,62,62,340
05/03/2006,OKC,OK,ASW,CE,Combined TRACON& Tower with Radar,107,90,24,35,256,0,4,8,5,17,107,94,32,40,273,0,24,24,297
05/04/2006,OKC,OK,ASW,CE,Combined TRACON& Tower with Radar,107,90,24,10,231,0,4,8,0,12,107,94,32,10,243,0,19,19,262
05/05/2006,OKC,OK,ASW,CE,Combined TRACON& Tower with Radar,109,100,42,45,296,0,2,8,0,10,109,102,50,45,306,0,40,40,346
05/06/2006,OKC,OK,ASW,CE,Combined TRACON& Tower with Radar,109,100,43,45,297,0,2,8,0,10,109,102,51,45,307,0,40,40,347
05/07/2006,OKC,OK,ASW,CE,Combined TRACON& Tower with Radar,89,70,22,22,203,0,0,4,0,4,89,70,26,22,207,0,2,2,209
05/08/2006,OKC,OK,ASW,CE,Combined TRACON& Tower with Radar,95,92,28,82,297,0,1,11,1,13,95,93,39,83,310,0,98,98,408
05/09/2006,OKC,OK,ASW,CE,Combined TRACON& Tower with Radar,104,90,50,53,297,0,5,16,1,22,104,95,66,54,319,0,12,12,331
05/10/2006,OKC,OK,ASW,CE,Combined TRACON& Tower with Radar,103,86,58,67,314,0,6,11,4,21,103,92,69,71,335,0,46,46,381
05/11/2006,OKC,OK,ASW,CE,Combined TRACON& Tower with Radar,108,97,46,55,306,0,4,23,1,28,108,101,69,56,334,0,24,24,358
05/12/2006,OKC,OK,ASW,CE,Combined TRACON& Tower with Radar,104,95,29,23,251,0,4,25,0,29,104,99,54,23,280,0,0,0,280
05/13/2006,OKC,OK,ASW,CE,Combined TRACON& Tower with Radar,77,70,13,3,163,0,0,22,1,23,77,70,35,4,186,12,0,12,198
05/14/2006,OKC,OK,ASW,CE,Combined TRACON& Tower with Radar,85,72,12,11,180,0,0,10,1,11,85,72,22,12,191,0,0,0,191
05/15/2006,OKC,OK,ASW,CE,Combined TRACON& Tower with Radar,103,87,25,38,253,0,4,30,2,36,103,91,55,40,289,0,17,17,306
05/16/2006,OKC,OK,ASW,CE,Combined TRACON& Tower with Radar,104,96,48,44,292,0,3,31,2,36,104,99,79,46,328,0,14,14,342
05/17/2006,OKC,OK,ASW,CE,Combined TRACON& Tower with Radar,106,92,54,22,274,0,7,24,3,34,106,99,78,25,308,0,0,0,308
05/18/2006,OKC,OK,ASW,CE,Combined TRACON& Tower with Radar,113,95,54,44,306,0,4,25,6,35,113,99,79,50,341,15,57,72,413
05/19/2006,OKC,OK,ASW,CE,Combined TRACON& Tower with Radar,106,99,33,46,284,0,3,25,3,31,106,102,58,49,315,0,82,82,397
05/20/2006,OKC,OK,ASW,CE,Combined TRACON& Tower with Radar,107,99,33,46,285,0,3,25,3,31,107,102,58,49,316,0,82,82,398
05/21/2006,OKC,OK,ASW,CE,Combined TRACON& Tower with Radar,92,80,11,12,195,0,2,9,2,13,92,82,20,14,208,0,0,0,208
05/22/2006,OKC,OK,ASW,CE,Combined TRACON& Tower with Radar,99,94,27,28,248,0,1,25,3,29,99,95,52,31,277,0,10,10,287
05/23/2006,OKC,OK,ASW,CE,Combined TRACON& Tower with Radar,101,89,30,44,264,0,6,16,1,23,101,95,46,45,287,0,70,70,357
05/24/2006,OKC,OK,ASW,CE,Combined TRACON& Tower with Radar,101,99,43,20,263,0,5,10,1,16,101,104,53,21,279,0,40,40,319
05/25/2006,OKC,OK,ASW,CE,Combined TRACON& Tower with Radar,114,91,23,53,281,0,4,15,8,27,114,95,38,61,308,0,44,44,352
05/26/2006,OKC,OK,ASW,CE,Combined TRACON& Tower with Radar,107,98,34,4,243,0,4,15,1,20,107,102,49,5,263,0,0,0,263
05/27/2006,OKC,OK,ASW,CE,Combined TRACON& Tower with Radar,85,77,16,1,179,0,2,16,0,18,85,79,32,1,197,0,0,0,197
05/28/2006,OKC,OK,ASW,CE,Combined TRACON& Tower with Radar,83,66,17,3,169,0,0,3,1,4,83,66,20,4,173,0,0,0,173
05/29/2006,OKC,OK,ASW,CE,Combined TRACON& Tower with Radar,74,65,5,0,144,0,1,5,0,6,74,66,10,0,150,0,0,0,150
05/30/2006,OKC,OK,ASW,CE,Combined TRACON& Tower with Radar,97,94,29,39,259,0,4,16,5,25,97,98,45,44,284,6,80,86,370
05/31/2006,OKC,OK,ASW,CE,Combined TRACON& Tower with Radar,108,90,47,21,266,0,2,9,1,12,108,92,56,22,278,12,14,26,304
06/01/2006,OKC,OK,ASW,CE,Combined TRACON& Tower with Radar,113,89,26,10,238,0,5,20,2,27,113,94,46,12,265,0,10,10,275
06/02/2006,OKC,OK,ASW,CE,Combined TRACON& Tower with Radar,108,93,39,41,281,0,4,17,4,25,108,97,56,45,306,0,58,58,364
06/03/2006,OKC,OK,ASW,CE,Combined TRACON& Tower with Radar,84,73,16,0,173,0,0,16,2,18,84,73,32,2,191,0,0,0,191
06/04/2006,OKC,OK,ASW,CE,Combined TRACON& Tower with Radar,103,75,17,7,202,0,0,11,2,13,103,75,28,9,215,0,0,0,215
06/05/2006,OKC,OK,ASW,CE,Combined TRACON& Tower with Radar,96,89,25,17,227,0,3,11,4,18,96,92,36,21,245,0,0,0,245
06/06/2006,OKC,OK,ASW,CE,Combined TRACON& Tower with Radar,106,95,50,37,288,0,4,9,6,19,106,99,59,43,307,0,62,62,369
06/07/2006,OKC,OK,ASW,CE,Combined TRACON& Tower with Radar,108,92,49,26,275,0,5,17,2,24,108,97,66,28,299,0,16,16,315
06/08/2006,OKC,OK,ASW,CE,Combined TRACON& Tower with Radar,102,114,36,51,303,0,5,25,8,38,102,119,61,59,341,0,54,54,395
06/09/2006,OKC,OK,ASW,CE,Combined TRACON& Tower with Radar,99,112,41,30,282,0,6,24,2,32,99,118,65,32,314,30,44,74,388
06/10/2006,OKC,OK,ASW,CE,Combined TRACON& Tower with Radar,76,87,22,6,191,0,0,8,3,11,76,87,30,9,202,5,8,13,215
06/11/2006,OKC,OK,ASW,CE,Combined TRACON& Tower with Radar,84,80,14,7,185,0,0,4,1,5,84,80,18,8,190,2,0,2,192
06/12/2006,OKC,OK,ASW,CE,Combined TRACON& Tower with Radar,95,89,18,36,238,0,3,13,2,18,95,92,31,38,256,28,56,84,340
06/13/2006,OKC,OK,ASW,CE,Combined TRACON& Tower with Radar,104,93,34,61,292,0,4,9,4,17,104,97,43,65,309,0,80,80,389
06/14/2006,OKC,OK,ASW,CE,Combined TRACON& Tower with Radar,97,103,37,38,275,0,7,11,6,24,97,110,48,44,299,0,24,24,323
06/15/2006,OKC,OK,ASW,CE,Combined TRACON& Tower with Radar,103,108,42,62,315,0,4,17,2,23,103,112,59,64,338,4,54,58,396
06/16/2006,OKC,OK,ASW,CE,Combined TRACON& Tower with Radar,98,100,35,42,275,0,3,7,2,12,98,103,42,44,287,0,112,112,399
06/17/2006,OKC,OK,ASW,CE,Combined TRACON& Tower with Radar,84,88,23,11,206,0,0,2,0,2,84,88,25,11,208,0,10,10,218
06/18/2006,OKC,OK,ASW,CE,Combined TRACON& Tower with Radar,87,82,7,13,189,0,0,13,5,18,87,82,20,18,207,0,0,0,207
06/19/2006,OKC,OK,ASW,CE,Combined TRACON& Tower with Radar,91,86,21,36,234,0,3,12,7,22,91,89,33,43,256,0,106,106,362
06/20/2006,OKC,OK,ASW,CE,Combined TRACON& Tower with Radar,103,108,48,27,286,1,6,17,1,25,104,114,65,28,311,0,36,36,347
06/21/2006,OKC,OK,ASW,CE,Combined TRACON& Tower with Radar,103,105,44,40,292,0,9,15,4,28,103,114,59,44,320,0,68,68,388
06/22/2006,OKC,OK,ASW,CE,Combined TRACON& Tower with Radar,98,102,42,28,270,0,3,13,4,20,98,105,55,32,290,0,46,46,336
06/23/2006,OKC,OK,ASW,CE,Combined TRACON& Tower with Radar,98,102,42,28,270,0,3,13,4,20,98,105,55,32,290,0,46,46,336
06/24/2006,OKC,OK,ASW,CE,Combined TRACON& Tower with Radar,78,79,15,4,176,0,0,13,1,14,78,79,28,5,190,0,0,0,190
06/25/2006,OKC,OK,ASW,CE,Combined TRACON& Tower with Radar,81,78,14,16,189,0,2,10,0,12,81,80,24,16,201,0,0,0,201
06/26/2006,OKC,OK,ASW,CE,Combined TRACON& Tower with Radar,93,88,52,24,257,0,2,27,4,33,93,90,79,28,290,0,28,28,318
06/27/2006,OKC,OK,ASW,CE,Combined TRACON& Tower with Radar,101,99,44,15,259,0,4,20,8,32,101,103,64,23,291,0,0,0,291
06/28/2006,OKC,OK,ASW,CE,Combined TRACON& Tower with Radar,102,109,41,44,296,0,6,32,0,38,102,115,73,44,334,30,38,68,402
06/29/2006,OKC,OK,ASW,CE,Combined TRACON& Tower with Radar,104,105,49,75,333,0,6,11,4,21,104,111,60,79,354,0,58,58,412
06/30/2006,OKC,OK,ASW,CE,Combined TRACON& Tower with Radar,102,105,32,75,314,0,4,23,0,27,102,109,55,75,341,0,58,58,399
07/01/2006,OKC,OK,ASW,CE,Combined TRACON& Tower with Radar,102,105,32,75,314,0,4,23,0,27,102,109,55,75,341,0,58,58,399
07/02/2006,OKC,OK,ASW,CE,Combined TRACON& Tower with Radar,87,73,9,1,170,0,2,13,0,15,87,75,22,1,185,0,0,0,185
07/03/2006,OKC,OK,ASW,CE,Combined TRACON& Tower with Radar,69,71,14,1,155,0,2,12,0,14,69,73,26,1,169,2,10,12,181
07/04/2006,OKC,OK,ASW,CE,Combined TRACON& Tower with Radar,96,71,7,0,174,0,1,5,0,6,96,72,12,0,180,0,0,0,180
07/05/2006,OKC,OK,ASW,CE,Combined TRACON& Tower with Radar,110,97,36,45,288,0,2,16,0,18,110,99,52,45,306,0,88,88,394
07/06/2006,OKC,OK,ASW,CE,Combined TRACON& Tower with Radar,102,98,34,57,291,0,4,14,1,19,102,102,48,58,310,4,96,100,410
07/07/2006,OKC,OK,ASW,CE,Combined TRACON& Tower with Radar,99,96,33,39,267,0,4,24,2,30,99,100,57,41,297,2,50,52,349
07/08/2006,OKC,OK,ASW,CE,Combined TRACON& Tower with Radar,77,82,29,15,203,0,0,22,0,22,77,82,51,15,225,2,6,8,233
07/09/2006,OKC,OK,ASW,CE,Combined TRACON& Tower with Radar,86,74,20,15,195,0,0,13,0,13,86,74,33,15,208,0,18,18,226
07/10/2006,OKC,OK,ASW,CE,Combined TRACON& Tower with Radar,96,97,46,91,330,0,0,13,4,17,96,97,59,95,347,0,85,85,432
07/11/2006,OKC,OK,ASW,CE,Combined TRACON& Tower with Radar,0,0,0,0,0,106,101,51,45,303,106,101,51,45,303,9,1,10,313
07/12/2006,OKC,OK,ASW,CE,Combined TRACON& Tower with Radar,100,98,30,42,270,0,5,15,5,25,100,103,45,47,295,4,44,48,343
07/13/2006,OKC,OK,ASW,CE,Combined TRACON& Tower with Radar,102,103,33,41,279,0,6,20,4,30,102,109,53,45,309,0,100,100,409
07/14/2006,OKC,OK,ASW,CE,Combined TRACON& Tower with Radar,102,91,28,26,247,0,2,17,1,20,102,93,45,27,267,0,60,60,327
07/15/2006,OKC,OK,ASW,CE,Combined TRACON& Tower with Radar,83,86,21,12,202,0,0,18,7,25,83,86,39,19,227,0,0,0,227
07/16/2006,OKC,OK,ASW,CE,Combined TRACON& Tower with Radar,96,82,13,16,207,0,2,13,5,20,96,84,26,21,227,0,0,0,227
07/17/2006,OKC,OK,ASW,CE,Combined TRACON& Tower with Radar,92,87,24,34,237,0,5,21,2,28,92,92,45,36,265,0,2,2,267
07/18/2006,OKC,OK,ASW,CE,Combined TRACON& Tower with Radar,100,102,38,73,313,0,0,18,4,22,100,102,56,77,335,0,128,128,463
07/19/2006,OKC,OK,ASW,CE,Combined TRACON& Tower with Radar,98,89,49,36,272,0,8,17,8,33,98,97,66,44,305,8,42,50,355
07/20/2006,OKC,OK,ASW,CE,Combined TRACON& Tower with Radar,103,98,52,59,312,0,4,25,10,39,103,102,77,69,351,0,106,106,457
07/21/2006,OKC,OK,ASW,CE,Combined TRACON& Tower with Radar,105,99,46,42,292,0,4,9,0,13,105,103,55,42,305,0,32,32,337
07/22/2006,OKC,OK,ASW,CE,Combined TRACON& Tower with Radar,83,87,14,11,195,0,3,18,0,21,83,90,32,11,216,0,0,0,216
07/23/2006,OKC,OK,ASW,CE,Combined TRACON& Tower with Radar,88,74,25,13,200,0,1,10,1,12,88,75,35,14,212,37,38,75,287
07/24/2006,OKC,OK,ASW,CE,Combined TRACON& Tower with Radar,96,91,26,54,267,0,2,14,2,18,96,93,40,56,285,0,0,0,285
07/25/2006,OKC,OK,ASW,CE,Combined TRACON& Tower with Radar,100,93,33,31,257,0,4,11,5,20,100,97,44,36,277,0,104,104,381
07/26/2006,OKC,OK,ASW,CE,Combined TRACON& Tower with Radar,98,99,32,44,273,0,6,9,4,19,98,105,41,48,292,0,84,84,376
07/27/2006,OKC,OK,ASW,CE,Combined TRACON& Tower with Radar,107,95,47,71,320,0,6,20,7,33,107,101,67,78,353,0,183,183,536
07/28/2006,OKC,OK,ASW,CE,Combined TRACON& Tower with Radar,109,95,47,71,322,0,6,20,7,33,109,101,67,78,355,0,183,183,538
07/29/2006,OKC,OK,ASW,CE,Combined TRACON& Tower with Radar,80,78,17,0,175,0,2,17,0,19,80,80,34,0,194,0,0,0,194
07/30/2006,OKC,OK,ASW,CE,Combined TRACON& Tower with Radar,89,78,14,16,197,0,0,0,0,0,89,78,14,16,197,0,0,0,197
07/31/2006,OKC,OK,ASW,CE,Combined TRACON& Tower with Radar,88,93,9,35,225,0,3,13,4,20,88,96,22,39,245,10,40,50,295
08/01/2006,OKC,OK,ASW,CE,Combined TRACON& Tower with Radar,100,103,30,29,262,0,5,11,6,22,100,108,41,35,284,0,0,0,284
08/02/2006,OKC,OK,ASW,CE,Combined TRACON& Tower with Radar,107,99,41,29,276,0,3,18,8,29,107,102,59,37,305,0,42,42,347
08/03/2006,OKC,OK,ASW,CE,Combined TRACON& Tower with Radar,108,91,47,34,280,0,0,17,2,19,108,91,64,36,299,0,0,0,299
08/04/2006,OKC,OK,ASW,CE,Combined TRACON& Tower with Radar,108,98,49,11,266,0,3,17,1,21,108,101,66,12,287,0,0,0,287
08/05/2006,OKC,OK,ASW,CE,Combined TRACON& Tower with Radar,83,79,21,8,191,0,0,13,6,19,83,79,34,14,210,10,6,16,226
08/06/2006,OKC,OK,ASW,CE,Combined TRACON& Tower with Radar,113,91,15,24,243,0,1,10,0,11,113,92,25,24,254,0,0,0,254
08/07/2006,OKC,OK,ASW,CE,Combined TRACON& Tower with Radar,116,92,30,49,287,0,3,12,17,32,116,95,42,66,319,0,42,42,361
08/08/2006,OKC,OK,ASW,CE,Combined TRACON& Tower with Radar,106,92,47,25,270,0,6,11,2,19,106,98,58,27,289,0,6,6,295
08/09/2006,OKC,OK,ASW,CE,Combined TRACON& Tower with Radar,99,91,43,23,256,0,7,22,7,36,99,98,65,30,292,0,0,0,292
08/10/2006,OKC,OK,ASW,CE,Combined TRACON& Tower with Radar,98,88,36,43,265,0,6,24,2,32,98,94,60,45,297,10,64,74,371
08/11/2006,OKC,OK,ASW,CE,Combined TRACON& Tower with Radar,108,103,43,30,284,0,4,21,1,26,108,107,64,31,310,20,26,46,356
08/12/2006,OKC,OK,ASW,CE,Combined TRACON& Tower with Radar,91,76,26,25,218,1,0,16,2,19,92,76,42,27,237,0,8,8,245
08/13/2006,OKC,OK,ASW,CE,Combined TRACON& Tower with Radar,89,83,15,17,204,0,3,8,3,14,89,86,23,20,218,0,8,8,226
08/14/2006,OKC,OK,ASW,CE,Combined TRACON& Tower with Radar,95,91,28,56,270,0,4,16,4,24,95,95,44,60,294,4,130,134,428
08/15/2006,OKC,OK,ASW,CE,Combined TRACON& Tower with Radar,110,90,41,42,283,0,5,9,1,15,110,95,50,43,298,2,42,44,342
08/16/2006,OKC,OK,ASW,CE,Combined TRACON& Tower with Radar,104,102,30,61,297,0,3,15,0,18,104,105,45,61,315,0,106,106,421
08/17/2006,OKC,OK,ASW,CE,Combined TRACON& Tower with Radar,105,93,37,15,250,0,8,19,0,27,105,101,56,15,277,0,4,4,281
08/18/2006,OKC,OK,ASW,CE,Combined TRACON& Tower with Radar,102,90,40,23,255,0,8,14,3,25,102,98,54,26,280,30,0,30,310
08/19/2006,OKC,OK,ASW,CE,Combined TRACON& Tower with Radar,103,98,40,23,264,0,0,14,3,17,103,98,54,26,281,30,0,30,311
08/20/2006,OKC,OK,ASW,CE,Combined TRACON& Tower with Radar,86,74,12,1,173,0,2,17,1,20,86,76,29,2,193,0,0,0,193
08/21/2006,OKC,OK,ASW,CE,Combined TRACON& Tower with Radar,96,83,34,33,246,4,4,14,4,26,100,87,48,37,272,0,24,24,296
08/22/2006,OKC,OK,ASW,CE,Combined TRACON& Tower with Radar,102,88,50,22,262,0,2,16,2,20,102,90,66,24,282,0,26,26,308
08/23/2006,OKC,OK,ASW,CE,Combined TRACON& Tower with Radar,101,90,39,18,248,0,4,10,3,17,101,94,49,21,265,4,74,78,343
08/24/2006,OKC,OK,ASW,CE,Combined TRACON& Tower with Radar,104,82,36,19,241,0,4,18,2,24,104,86,54,21,265,0,0,0,265
08/25/2006,OKC,OK,ASW,CE,Combined TRACON& Tower with Radar,101,93,31,27,252,0,7,6,0,13,101,100,37,27,265,0,40,40,305
08/26/2006,OKC,OK,ASW,CE,Combined TRACON& Tower with Radar,101,10,32,27,170,0,0,6,0,6,101,10,38,27,176,0,40,40,216
08/27/2006,OKC,OK,ASW,CE,Combined TRACON& Tower with Radar,91,82,16,5,194,0,5,10,0,15,91,87,26,5,209,0,0,0,209
08/28/2006,OKC,OK,ASW,CE,Combined TRACON& Tower with Radar,93,91,35,27,246,0,6,6,2,14,93,97,41,29,260,0,20,20,280
08/29/2006,OKC,OK,ASW,CE,Combined TRACON& Tower with Radar,100,91,43,71,305,0,2,10,0,12,100,93,53,71,317,2,206,208,525
08/30/2006,OKC,OK,ASW,CE,Combined TRACON& Tower with Radar,98,91,33,31,253,0,3,19,4,26,98,94,52,35,279,0,42,42,321
08/31/2006,OKC,OK,ASW,CE,Combined TRACON& Tower with Radar,104,95,31,30,260,0,5,24,4,33,104,100,55,34,293,0,4,4,297
09/01/2006,OKC,OK,ASW,CE,Combined TRACON& Tower with Radar,98,95,40,42,275,0,4,17,2,23,98,99,57,44,298,4,32,36,334
09/02/2006,OKC,OK,ASW,CE,Combined TRACON& Tower with Radar,82,74,14,3,173,0,1,4,0,5,82,75,18,3,178,6,68,74,252
09/03/2006,OKC,OK,ASW,CE,Combined TRACON& Tower with Radar,67,69,14,1,151,0,2,6,0,8,67,71,20,1,159,0,0,0,159
09/04/2006,OKC,OK,ASW,CE,Combined TRACON& Tower with Radar,76,80,19,0,175,0,1,4,0,5,76,81,23,0,180,0,0,0,180
09/05/2006,OKC,OK,ASW,CE,Combined TRACON& Tower with Radar,94,93,51,26,264,0,3,13,1,17,94,96,64,27,281,0,28,28,309
09/06/2006,OKC,OK,ASW,CE,Combined TRACON& Tower with Radar,107,78,54,26,265,0,5,21,5,31,107,83,75,31,296,10,2,12,308
09/07/2006,OKC,OK,ASW,CE,Combined TRACON& Tower with Radar,107,78,54,26,265,0,5,21,5,31,107,83,75,31,296,10,2,12,308
09/08/2006,OKC,OK,ASW,CE,Combined TRACON& Tower with Radar,103,83,41,58,285,0,4,17,4,25,103,87,58,62,310,11,104,115,425
09/09/2006,OKC,OK,ASW,CE,Combined TRACON& Tower with Radar,86,59,23,15,183,0,5,20,14,39,86,64,43,29,222,0,4,4,226
09/10/2006,OKC,OK,ASW,CE,Combined TRACON& Tower with Radar,86,59,23,15,183,0,5,20,14,39,86,64,43,29,222,0,2,2,224
09/11/2006,OKC,OK,ASW,CE,Combined TRACON& Tower with Radar,121,80,32,69,302,0,1,13,4,18,121,81,45,73,320,0,46,46,366
09/12/2006,OKC,OK,ASW,CE,Combined TRACON& Tower with Radar,106,75,42,76,299,0,4,34,7,45,106,79,76,83,344,0,120,120,464
09/13/2006,OKC,OK,ASW,CE,Combined TRACON& Tower with Radar,121,80,32,69,302,0,1,13,4,18,121,81,45,73,320,0,46,46,366
09/14/2006,OKC,OK,ASW,CE,Combined TRACON& Tower with Radar,108,89,48,35,280,0,6,18,5,29,108,95,66,40,309,12,32,44,353
09/15/2006,OKC,OK,ASW,CE,Combined TRACON& Tower with Radar,108,89,48,35,280,0,6,18,5,29,108,95,66,40,309,12,32,44,353
09/16/2006,OKC,OK,ASW,CE,Combined TRACON& Tower with Radar,84,57,7,22,170,0,1,19,0,20,84,58,26,22,190,0,0,0,190
09/17/2006,OKC,OK,ASW,CE,Combined TRACON& Tower with Radar,109,57,9,6,181,0,0,3,0,3,109,57,12,6,184,0,0,0,184
09/18/2006,OKC,OK,ASW,CE,Combined TRACON& Tower with Radar,104,82,30,61,277,0,2,13,8,23,104,84,43,69,300,28,28,56,356
09/19/2006,OKC,OK,ASW,CE,Combined TRACON& Tower with Radar,114,78,42,37,271,0,7,23,3,33,114,85,65,40,304,0,40,40,344
09/20/2006,OKC,OK,ASW,CE,Combined TRACON& Tower with Radar,101,88,39,51,279,0,4,19,4,27,101,92,58,55,306,0,74,74,380
09/21/2006,OKC,OK,ASW,CE,Combined TRACON& Tower with Radar,111,89,42,12,254,0,5,8,0,13,111,94,50,12,267,0,8,8,275
09/22/2006,OKC,OK,ASW,CE,Combined TRACON& Tower with Radar,115,75,42,44,276,0,2,22,0,24,115,77,64,44,300,2,16,18,318
09/23/2006,OKC,OK,ASW,CE,Combined TRACON& Tower with Radar,100,61,23,8,192,0,1,19,0,20,100,62,42,8,212,10,10,20,232
09/24/2006,OKC,OK,ASW,CE,Combined TRACON& Tower with Radar,88,65,19,12,184,0,2,14,3,19,88,67,33,15,203,2,6,8,211
09/25/2006,OKC,OK,ASW,CE,Combined TRACON& Tower with Radar,109,81,35,26,251,0,7,11,0,18,109,88,46,26,269,0,28,28,297
09/26/2006,OKC,OK,ASW,CE,Combined TRACON& Tower with Radar,106,86,48,96,336,0,4,26,3,33,106,90,74,99,369,12,142,154,523
09/27/2006,OKC,OK,ASW,CE,Combined TRACON& Tower with Radar,112,69,37,73,291,0,6,29,7,42,112,75,66,80,333,6,66,72,405
09/28/2006,OKC,OK,ASW,CE,Combined TRACON& Tower with Radar,108,77,39,35,259,0,4,22,3,29,108,81,61,38,288,0,2,2,290
09/29/2006,OKC,OK,ASW,CE,Combined TRACON& Tower with Radar,110,79,43,35,267,0,4,22,3,29,110,83,65,38,296,0,2,2,298
09/30/2006,OKC,OK,ASW,CE,Combined TRACON& Tower with Radar,85,64,17,1,167,0,1,20,2,23,85,65,37,3,190,15,1,16,206
10/01/2006,OKC,OK,ASW,CE,Combined TRACON& Tower with Radar,87,66,16,0,169,0,0,14,1,15,87,66,30,1,184,0,0,0,184
10/02/2006,OKC,OK,ASW,CE,Combined TRACON& Tower with Radar,101,75,32,51,259,0,2,11,3,16,101,77,43,54,275,0,38,38,313
10/03/2006,OKC,OK,ASW,CE,Combined TRACON& Tower with Radar,107,80,41,75,303,0,5,18,8,31,107,85,59,83,334,0,0,0,334
10/04/2006,OKC,OK,ASW,CE,Combined TRACON& Tower with Radar,109,76,33,68,286,0,2,27,8,37,109,78,60,76,323,14,174,188,511
10/05/2006,OKC,OK,ASW,CE,Combined TRACON& Tower with Radar,116,87,33,59,295,0,0,0,0,0,116,87,33,59,295,21,2,23,318
10/06/2006,OKC,OK,ASW,CE,Combined TRACON& Tower with Radar,111,87,38,17,253,0,6,14,1,21,111,93,52,18,274,0,50,50,324
10/07/2006,OKC,OK,ASW,CE,Combined TRACON& Tower with Radar,111,87,38,17,253,0,6,14,1,21,111,93,52,18,274,0,50,50,324
10/08/2006,OKC,OK,ASW,CE,Combined TRACON& Tower with Radar,87,67,7,9,170,0,0,7,1,8,87,67,14,10,178,0,0,0,178
10/09/2006,OKC,OK,ASW,CE,Combined TRACON& Tower with Radar,99,76,20,3,198,0,2,11,0,13,99,78,31,3,211,0,0,0,211
10/10/2006,OKC,OK,ASW,CE,Combined TRACON& Tower with Radar,131,75,37,41,284,0,4,6,2,12,131,79,43,43,296,0,14,14,310
10/11/2006,OKC,OK,ASW,CE,Combined TRACON& Tower with Radar,112,83,45,53,293,0,4,13,3,20,112,87,58,56,313,1,106,107,420
10/12/2006,OKC,OK,ASW,CE,Combined TRACON& Tower with Radar,112,89,51,81,333,0,4,26,3,33,112,93,77,84,366,0,253,253,619
10/13/2006,OKC,OK,ASW,CE,Combined TRACON& Tower with Radar,118,78,47,34,277,0,3,38,2,43,118,81,85,36,320,0,16,16,336
10/14/2006,OKC,OK,ASW,CE,Combined TRACON& Tower with Radar,88,49,13,34,184,0,0,20,12,32,88,49,33,46,216,12,4,16,232
10/15/2006,OKC,OK,ASW,CE,Combined TRACON& Tower with Radar,86,80,21,10,197,0,0,1,0,1,86,80,22,10,198,0,0,0,198
10/16/2006,OKC,OK,ASW,CE,Combined TRACON& Tower with Radar,99,74,56,61,290,0,1,0,2,3,99,75,56,63,293,0,0,0,293
10/17/2006,OKC,OK,ASW,CE,Combined TRACON& Tower with Radar,105,69,38,39,251,0,5,12,3,20,105,74,50,42,271,0,104,104,375
10/18/2006,OKC,OK,ASW,CE,Combined TRACON& Tower with Radar,112,90,85,38,325,0,4,13,4,21,112,94,98,42,346,0,10,10,356
10/19/2006,OKC,OK,ASW,CE,Combined TRACON& Tower with Radar,110,87,59,69,325,0,4,19,5,28,110,91,78,74,353,14,164,178,531
10/20/2006,OKC,OK,ASW,CE,Combined TRACON& Tower with Radar,110,87,59,69,325,0,4,19,5,28,110,91,78,74,353,14,164,178,531
10/21/2006,OKC,OK,ASW,CE,Combined TRACON& Tower with Radar,87,59,22,14,182,0,2,4,3,9,87,61,26,17,191,0,0,0,191
10/22/2006,OKC,OK,ASW,CE,Combined TRACON& Tower with Radar,87,78,27,17,209,0,0,18,0,18,87,78,45,17,227,10,20,30,257
10/23/2006,OKC,OK,ASW,CE,Combined TRACON& Tower with Radar,98,77,52,105,332,0,0,19,4,23,98,77,71,109,355,2,199,201,556
10/24/2006,OKC,OK,ASW,CE,Combined TRACON& Tower with Radar,109,75,47,37,268,0,4,15,1,20,109,79,62,38,288,14,66,80,368
10/25/2006,OKC,OK,ASW,CE,Combined TRACON& Tower with Radar,112,85,38,22,257,0,0,0,1,1,112,85,38,23,258,0,0,0,258
10/26/2006,OKC,OK,ASW,CE,Combined TRACON& Tower with Radar,105,78,52,49,284,0,0,19,5,24,105,78,71,54,308,6,58,64,372
10/27/2006,OKC,OK,ASW,CE,Combined TRACON& Tower with Radar,123,88,33,46,290,0,2,15,1,18,123,90,48,47,308,4,126,130,438
10/28/2006,OKC,OK,ASW,CE,Combined TRACON& Tower with Radar,87,53,15,2,157,0,1,20,0,21,87,54,35,2,178,8,0,8,186
10/29/2006,OKC,OK,ASW,CE,Combined TRACON& Tower with Radar,85,61,19,18,183,0,3,17,1,21,85,64,36,19,204,20,4,24,228
10/30/2006,OKC,OK,ASW,CE,Combined TRACON& Tower with Radar,104,78,39,48,269,0,2,36,3,41,104,80,75,51,310,0,176,176,486
10/31/2006,OKC,OK,ASW,CE,Combined TRACON& Tower with Radar,109,69,47,39,264,0,2,14,1,17,109,71,61,40,281,0,48,48,329
11/01/2006,OKC,OK,ASW,CE,Combined TRACON& Tower with Radar,112,81,55,44,292,0,6,24,18,48,112,87,79,62,340,6,22,28,368
11/02/2006,OKC,OK,ASW,CE,Combined TRACON& Tower with Radar,110,80,41,72,303,0,5,26,2,33,110,85,67,74,336,10,118,128,464
11/03/2006,OKC,OK,ASW,CE,Combined TRACON& Tower with Radar,112,77,40,43,272,0,4,29,5,38,112,81,69,48,310,18,82,100,410
11/04/2006,OKC,OK,ASW,CE,Combined TRACON& Tower with Radar,87,50,21,13,171,0,0,10,5,15,87,50,31,18,186,0,12,12,198
11/05/2006,OKC,OK,ASW,CE,Combined TRACON& Tower with Radar,92,58,14,2,166,0,0,1,0,1,92,58,15,2,167,0,0,0,167
11/06/2006,OKC,OK,ASW,CE,Combined TRACON& Tower with Radar,105,85,60,41,291,0,0,4,1,5,105,85,64,42,296,0,26,26,322
11/07/2006,OKC,OK,ASW,CE,Combined TRACON& Tower with Radar,112,94,51,54,311,0,0,22,4,26,112,94,73,58,337,0,90,90,427
11/08/2006,OKC,OK,ASW,CE,Combined TRACON& Tower with Radar,110,82,45,25,262,0,2,20,1,23,110,84,65,26,285,30,30,60,345
11/09/2006,OKC,OK,ASW,CE,Combined TRACON& Tower with Radar,111,82,45,25,263,0,2,22,1,25,111,84,67,26,288,30,0,30,318
11/10/2006,OKC,OK,ASW,CE,Combined TRACON& Tower with Radar,107,78,45,2,232,0,3,14,1,18,107,81,59,3,250,10,10,20,270
11/11/2006,OKC,OK,ASW,CE,Combined TRACON& Tower with Radar,83,53,21,4,161,0,0,19,2,21,83,53,40,6,182,33,22,55,237
11/12/2006,OKC,OK,ASW,CE,Combined TRACON& Tower with Radar,89,55,16,3,163,0,0,9,1,10,89,55,25,4,173,10,10,20,193
11/13/2006,OKC,OK,ASW,CE,Combined TRACON& Tower with Radar,104,78,34,83,299,0,2,13,2,17,104,80,47,85,316,0,109,109,425
11/14/2006,OKC,OK,ASW,CE,Combined TRACON& Tower with Radar,110,80,55,75,320,0,7,20,1,28,110,87,75,76,348,0,134,134,482
11/15/2006,OKC,OK,ASW,CE,Combined TRACON& Tower with Radar,102,91,42,31,266,0,4,3,3,10,102,95,45,34,276,0,0,0,276
11/16/2006,OKC,OK,ASW,CE,Combined TRACON& Tower with Radar,108,94,40,58,300,0,6,15,3,24,108,100,55,61,324,0,158,158,482
11/17/2006,OKC,OK,ASW,CE,Combined TRACON& Tower with Radar,113,86,40,71,310,0,5,20,1,26,113,91,60,72,336,0,76,76,412
11/18/2006,OKC,OK,ASW,CE,Combined TRACON& Tower with Radar,83,51,14,20,168,0,1,23,0,24,83,52,37,20,192,0,50,50,242
11/19/2006,OKC,OK,ASW,CE,Combined TRACON& Tower with Radar,95,62,25,12,194,0,4,9,2,15,95,66,34,14,209,0,20,20,229
11/20/2006,OKC,OK,ASW,CE,Combined TRACON& Tower with Radar,95,63,25,12,195,0,4,9,2,15,95,67,34,14,210,0,0,0,210
11/21/2006,OKC,OK,ASW,CE,Combined TRACON& Tower with Radar,110,90,21,13,234,0,4,16,6,26,110,94,37,19,260,0,24,24,284
11/22/2006,OKC,OK,ASW,CE,Combined TRACON& Tower with Radar,108,80,32,34,254,0,8,19,2,29,108,88,51,36,283,12,22,34,317
11/23/2006,OKC,OK,ASW,CE,Combined TRACON& Tower with Radar,79,57,11,0,147,0,3,6,1,10,79,60,17,1,157,0,0,0,157
11/24/2006,OKC,OK,ASW,CE,Combined TRACON& Tower with Radar,82,56,7,1,146,0,6,3,0,9,82,62,10,1,155,0,0,0,155
11/25/2006,OKC,OK,ASW,CE,Combined TRACON& Tower with Radar,82,60,10,0,152,0,1,5,1,7,82,61,15,1,159,0,0,0,159
11/26/2006,OKC,OK,ASW,CE,Combined TRACON& Tower with Radar,97,74,19,0,190,0,0,5,0,5,97,74,24,0,195,0,0,0,195
11/27/2006,OKC,OK,ASW,CE,Combined TRACON& Tower with Radar,105,76,28,65,274,0,0,6,1,7,105,76,34,66,281,10,126,136,417
11/28/2006,OKC,OK,ASW,CE,Combined TRACON& Tower with Radar,117,79,48,50,294,0,4,17,3,24,117,83,65,53,318,10,46,56,374
11/29/2006,OKC,OK,ASW,CE,Combined TRACON& Tower with Radar,98,76,31,4,209,0,1,0,0,1,98,77,31,4,210,0,12,12,222
11/30/2006,OKC,OK,ASW,CE,Combined TRACON& Tower with Radar,64,49,18,0,131,0,0,0,0,0,64,49,18,0,131,0,0,0,131
12/01/2006,OKC,OK,ASW,CE,Combined TRACON& Tower with Radar,114,63,41,4,222,0,1,8,1,10,114,64,49,5,232,0,0,0,232
12/02/2006,OKC,OK,ASW,CE,Combined TRACON& Tower with Radar,117,64,42,4,227,0,1,8,1,10,117,65,50,5,237,0,20,20,257
12/03/2006,OKC,OK,ASW,CE,Combined TRACON& Tower with Radar,92,64,32,5,193,0,2,16,0,18,92,66,48,5,211,2,6,8,219
12/04/2006,OKC,OK,ASW,CE,Combined TRACON& Tower with Radar,110,81,28,40,259,0,2,11,5,18,110,83,39,45,277,0,94,94,371
12/05/2006,OKC,OK,ASW,CE,Combined TRACON& Tower with Radar,115,71,23,61,270,0,3,19,12,34,115,74,42,73,304,0,117,117,421
12/06/2006,OKC,OK,ASW,CE,Combined TRACON& Tower with Radar,109,86,57,52,304,0,5,19,9,33,109,91,76,61,337,0,142,142,479
12/07/2006,OKC,OK,ASW,CE,Combined TRACON& Tower with Radar,112,87,53,52,304,3,1,15,6,25,115,88,68,58,329,6,66,72,401
12/08/2006,OKC,OK,ASW,CE,Combined TRACON& Tower with Radar,116,84,33,71,304,0,5,5,3,13,116,89,38,74,317,0,210,210,527
12/09/2006,OKC,OK,ASW,CE,Combined TRACON& Tower with Radar,91,48,18,22,179,0,0,9,4,13,91,48,27,26,192,0,40,40,232
12/10/2006,OKC,OK,ASW,CE,Combined TRACON& Tower with Radar,88,61,21,6,176,0,0,6,0,6,88,61,27,6,182,0,0,0,182
12/11/2006,OKC,OK,ASW,CE,Combined TRACON& Tower with Radar,110,80,26,52,268,0,5,4,4,13,110,85,30,56,281,0,54,54,335
12/12/2006,OKC,OK,ASW,CE,Combined TRACON& Tower with Radar,115,71,57,42,285,0,4,27,5,36,115,75,84,47,321,0,38,38,359
12/13/2006,OKC,OK,ASW,CE,Combined TRACON& Tower with Radar,108,80,32,59,279,0,4,19,11,34,108,84,51,70,313,0,216,216,529
12/14/2006,OKC,OK,ASW,CE,Combined TRACON& Tower with Radar,115,80,43,49,287,0,5,22,6,33,115,85,65,55,320,0,104,104,424
12/15/2006,OKC,OK,ASW,CE,Combined TRACON& Tower with Radar,116,80,44,49,289,0,5,22,6,33,116,85,66,55,322,0,128,128,450
12/16/2006,OKC,OK,ASW,CE,Combined TRACON& Tower with Radar,87,64,11,1,163,0,4,14,1,19,87,68,25,2,182,0,0,0,182
12/17/2006,OKC,OK,ASW,CE,Combined TRACON& Tower with Radar,87,64,17,3,171,0,0,4,0,4,87,64,21,3,175,0,0,0,175
12/18/2006,OKC,OK,ASW,CE,Combined TRACON& Tower with Radar,102,78,23,45,248,0,2,3,1,6,102,80,26,46,254,0,74,74,328
12/19/2006,OKC,OK,ASW,CE,Combined TRACON& Tower with Radar,113,90,39,49,291,0,0,3,0,3,113,90,42,49,294,0,2,2,296
12/20/2006,OKC,OK,ASW,CE,Combined TRACON& Tower with Radar,106,98,20,55,279,0,0,4,4,8,106,98,24,59,287,0,10,10,297
12/21/2006,OKC,OK,ASW,CE,Combined TRACON& Tower with Radar,93,90,35,43,261,0,3,20,1,24,93,93,55,44,285,0,92,92,377
12/22/2006,OKC,OK,ASW,CE,Combined TRACON& Tower with Radar,102,81,32,6,221,0,4,25,1,30,102,85,57,7,251,0,0,0,251
12/23/2006,OKC,OK,ASW,CE,Combined TRACON& Tower with Radar,90,67,24,0,181,0,1,24,0,25,90,68,48,0,206,0,0,0,206
12/24/2006,OKC,OK,ASW,CE,Combined TRACON& Tower with Radar,73,63,15,0,151,0,0,8,0,8,73,63,23,0,159,0,0,0,159
12/25/2006,OKC,OK,ASW,CE,Combined TRACON& Tower with Radar,74,63,6,0,143,0,1,0,0,1,74,64,6,0,144,0,0,0,144
12/26/2006,OKC,OK,ASW,CE,Combined TRACON& Tower with Radar,95,89,14,2,200,0,2,12,0,14,95,91,26,2,214,4,0,4,218
12/27/2006,OKC,OK,ASW,CE,Combined TRACON& Tower with Radar,107,99,13,10,229,0,3,10,1,14,107,102,23,11,243,0,10,10,253
12/28/2006,OKC,OK,ASW,CE,Combined TRACON& Tower with Radar,105,83,22,21,231,0,12,110,32,154,105,95,132,53,385,44,3,47,432
12/29/2006,OKC,OK,ASW,CE,Combined TRACON& Tower with Radar,103,85,13,4,205,0,0,0,0,0,103,85,13,4,205,0,0,0,205
12/30/2006,OKC,OK,ASW,CE,Combined TRACON& Tower with Radar,113,71,12,0,196,0,0,0,0,0,113,71,12,0,196,0,0,0,196
12/31/2006,OKC,OK,ASW,CE,Combined TRACON& Tower with Radar,70,64,15,0,149,1,3,2,0,6,71,67,17,0,155,0,0,0,155
01/01/2007,OKC,OK,ASW,CE,Combined TRACON& Tower with Radar,83,72,11,0,166,0,3,10,0,13,83,75,21,0,179,0,0,0,179
01/02/2007,OKC,OK,ASW,CE,Combined TRACON& Tower with Radar,112,93,17,2,224,0,1,4,0,5,112,94,21,2,229,0,0,0,229
01/03/2007,OKC,OK,ASW,CE,Combined TRACON& Tower with Radar,118,84,21,24,247,0,5,10,1,16,118,89,31,25,263,0,26,26,289
01/04/2007,OKC,OK,ASW,CE,Combined TRACON& Tower with Radar,113,89,31,33,266,0,1,0,0,1,113,90,31,33,267,16,24,40,307
01/05/2007,OKC,OK,ASW,CE,Combined TRACON& Tower with Radar,109,88,27,17,241,0,0,0,0,0,109,88,27,17,241,0,0,0,241
01/06/2007,OKC,OK,ASW,CE,Combined TRACON& Tower with Radar,85,69,20,11,185,0,0,12,0,12,85,69,32,11,197,6,10,16,213
01/07/2007,OKC,OK,ASW,CE,Combined TRACON& Tower with Radar,86,68,17,5,176,0,0,15,0,15,86,68,32,5,191,34,21,55,246
01/08/2007,OKC,OK,ASW,CE,Combined TRACON& Tower with Radar,98,81,15,47,241,0,3,18,2,23,98,84,33,49,264,0,88,88,352
01/09/2007,OKC,OK,ASW,CE,Combined TRACON& Tower with Radar,110,72,43,63,288,0,2,19,7,28,110,74,62,70,316,43,145,188,504
01/10/2007,OKC,OK,ASW,CE,Combined TRACON& Tower with Radar,104,81,23,58,266,0,4,17,11,32,104,85,40,69,298,0,104,104,402
01/11/2007,OKC,OK,ASW,CE,Combined TRACON& Tower with Radar,107,90,34,42,273,0,4,14,4,22,107,94,48,46,295,0,34,34,329
01/12/2007,OKC,OK,ASW,CE,Combined TRACON& Tower with Radar,53,42,17,2,114,0,1,2,0,3,53,43,19,2,117,0,0,0,117
01/13/2007,OKC,OK,ASW,CE,Combined TRACON& Tower with Radar,9,13,5,0,27,0,0,0,0,0,9,13,5,0,27,0,0,0,27
01/14/2007,OKC,OK,ASW,CE,Combined TRACON& Tower with Radar,14,6,4,2,26,0,0,0,0,0,14,6,4,2,26,0,0,0,26
01/15/2007,OKC,OK,ASW,CE,Combined TRACON& Tower with Radar,89,68,18,4,179,0,3,5,0,8,89,71,23,4,187,0,0,0,187
01/16/2007,OKC,OK,ASW,CE,Combined TRACON& Tower with Radar,102,70,34,5,211,0,2,12,0,14,102,72,46,5,225,0,0,0,225
01/17/2007,OKC,OK,ASW,CE,Combined TRACON& Tower with Radar,94,79,30,8,211,0,0,3,0,3,94,79,33,8,214,0,0,0,214
01/18/2007,OKC,OK,ASW,CE,Combined TRACON& Tower with Radar,106,89,44,28,267,0,2,13,0,15,106,91,57,28,282,8,30,38,320
01/19/2007,OKC,OK,ASW,CE,Combined TRACON& Tower with Radar,106,91,24,21,242,0,5,7,0,12,106,96,31,21,254,2,0,2,256
01/20/2007,OKC,OK,ASW,CE,Combined TRACON& Tower with Radar,64,36,9,1,110,1,0,2,0,3,65,36,11,1,113,0,0,0,113
01/21/2007,OKC,OK,ASW,CE,Combined TRACON& Tower with Radar,81,58,12,1,152,0,1,1,0,2,81,59,13,1,154,0,0,0,154
01/22/2007,OKC,OK,ASW,CE,Combined TRACON& Tower with Radar,100,76,23,81,280,0,4,8,2,14,100,80,31,83,294,0,106,106,400
01/23/2007,OKC,OK,ASW,CE,Combined TRACON& Tower with Radar,107,81,31,67,286,0,4,15,5,24,107,85,46,72,310,20,196,216,526
01/24/2007,OKC,OK,ASW,CE,Combined TRACON& Tower with Radar,104,89,43,75,311,0,3,27,9,39,104,92,70,84,350,0,102,102,452
01/25/2007,OKC,OK,ASW,CE,Combined TRACON& Tower with Radar,105,95,42,69,311,0,1,9,6,16,105,96,51,75,327,0,86,86,413
01/26/2007,OKC,OK,ASW,CE,Combined TRACON& Tower with Radar,108,85,29,78,300,0,4,16,2,22,108,89,45,80,322,0,116,116,438
01/27/2007,OKC,OK,ASW,CE,Combined TRACON& Tower with Radar,80,67,18,2,167,0,1,4,0,5,80,68,22,2,172,2,18,20,192
01/28/2007,OKC,OK,ASW,CE,Combined TRACON& Tower with Radar,81,66,19,25,191,0,3,6,1,10,81,69,25,26,201,0,0,0,201
01/29/2007,OKC,OK,ASW,CE,Combined TRACON& Tower with Radar,99,87,32,65,283,1,3,15,6,25,100,90,47,71,308,0,98,98,406
01/30/2007,OKC,OK,ASW,CE,Combined TRACON& Tower with Radar,0,0,0,0,0,106,85,56,63,310,106,85,56,63,310,2,22,24,334
01/31/2007,OKC,OK,ASW,CE,Combined TRACON& Tower with Radar,101,69,33,31,234,1,3,1,0,5,102,72,34,31,239,0,84,84,323
02/01/2007,OKC,OK,ASW,CE,Combined TRACON& Tower with Radar,104,80,33,0,217,0,0,1,0,1,104,80,34,0,218,0,0,0,218
02/02/2007,OKC,OK,ASW,CE,Combined TRACON& Tower with Radar,106,87,38,47,278,0,2,20,1,23,106,89,58,48,301,0,96,96,397
02/03/2007,OKC,OK,ASW,CE,Combined TRACON& Tower with Radar,0,1,0,0,1,0,0,0,0,0,0,1,0,0,1,0,14,14,15
02/04/2007,OKC,OK,ASW,CE,Combined TRACON& Tower with Radar,64,53,7,15,139,0,0,8,0,8,64,53,15,15,147,0,0,0,147
02/05/2007,OKC,OK,ASW,CE,Combined TRACON& Tower with Radar,103,71,40,27,241,0,2,18,0,20,103,73,58,27,261,0,0,0,261
02/06/2007,OKC,OK,ASW,CE,Combined TRACON& Tower with Radar,103,71,40,27,241,0,2,18,0,20,103,73,58,27,261,2,33,35,296
02/07/2007,OKC,OK,ASW,CE,Combined TRACON& Tower with Radar,106,93,38,80,317,0,1,11,0,12,106,94,49,80,329,0,184,184,513
02/08/2007,OKC,OK,ASW,CE,Combined TRACON& Tower with Radar,105,99,39,35,278,0,0,5,0,5,105,99,44,35,283,0,14,14,297
02/09/2007,OKC,OK,ASW,CE,Combined TRACON& Tower with Radar,109,96,28,31,264,0,4,2,0,6,109,100,30,31,270,0,0,0,270
02/10/2007,OKC,OK,ASW,CE,Combined TRACON& Tower with Radar,79,60,13,41,193,0,0,2,0,2,79,60,15,41,195,0,30,30,225
02/11/2007,OKC,OK,ASW,CE,Combined TRACON& Tower with Radar,83,68,19,12,182,0,0,8,0,8,83,68,27,12,190,0,0,0,190
02/12/2007,OKC,OK,ASW,CE,Combined TRACON& Tower with Radar,99,79,42,5,225,0,0,0,0,0,99,79,42,5,225,0,0,0,225
02/13/2007,OKC,OK,ASW,CE,Combined TRACON& Tower with Radar,103,67,43,42,255,0,1,3,1,5,103,68,46,43,260,0,16,16,276
02/14/2007,OKC,OK,ASW,CE,Combined TRACON& Tower with Radar,103,82,43,24,252,0,0,2,0,2,103,82,45,24,254,0,0,0,254
02/15/2007,OKC,OK,ASW,CE,Combined TRACON& Tower with Radar,102,93,40,9,244,0,0,4,0,4,102,93,44,9,248,0,0,0,248
02/16/2007,OKC,OK,ASW,CE,Combined TRACON& Tower with Radar,102,86,34,31,253,0,4,7,0,11,102,90,41,31,264,0,48,48,312
02/17/2007,OKC,OK,ASW,CE,Combined TRACON& Tower with Radar,81,64,13,39,197,0,0,17,0,17,81,64,30,39,214,12,60,72,286
02/18/2007,OKC,OK,ASW,CE,Combined TRACON& Tower with Radar,81,61,13,13,168,0,0,5,0,5,81,61,18,13,173,16,39,55,228
02/19/2007,OKC,OK,ASW,CE,Combined TRACON& Tower with Radar,96,83,34,15,228,0,2,16,4,22,96,85,50,19,250,58,0,58,308
02/20/2007,OKC,OK,ASW,CE,Combined TRACON& Tower with Radar,105,92,37,63,297,0,6,22,10,38,105,98,59,73,335,28,103,131,466
02/21/2007,OKC,OK,ASW,CE,Combined TRACON& Tower with Radar,103,99,42,60,304,1,4,37,6,48,104,103,79,66,352,0,0,0,352
02/22/2007,OKC,OK,ASW,CE,Combined TRACON& Tower with Radar,101,98,41,49,289,1,2,19,18,40,102,100,60,67,329,0,154,154,483
02/23/2007,OKC,OK,ASW,CE,Combined TRACON& Tower with Radar,102,79,41,50,272,0,5,7,13,25,102,84,48,63,297,0,56,56,353
02/24/2007,OKC,OK,ASW,CE,Combined TRACON& Tower with Radar,74,66,18,4,162,0,2,1,0,3,74,68,19,4,165,0,0,0,165
02/25/2007,OKC,OK,ASW,CE,Combined TRACON& Tower with Radar,83,62,16,12,173,0,0,11,1,12,83,62,27,13,185,0,2,2,187
02/26/2007,OKC,OK,ASW,CE,Combined TRACON& Tower with Radar,99,83,49,91,322,2,5,12,19,38,101,88,61,110,360,0,114,114,474
02/27/2007,OKC,OK,ASW,CE,Combined TRACON& Tower with Radar,106,94,39,34,273,0,6,19,2,27,106,100,58,36,300,0,0,0,300
02/28/2007,OKC,OK,ASW,CE,Combined TRACON& Tower with Radar,105,86,43,51,285,0,3,8,16,27,105,89,51,67,312,0,92,92,404
03/01/2007,OKC,OK,ASW,CE,Combined TRACON& Tower with Radar,106,98,41,63,308,0,0,0,0,0,106,98,41,63,308,22,2,24,332
03/02/2007,OKC,OK,ASW,CE,Combined TRACON& Tower with Radar,103,100,31,65,299,0,2,14,10,26,103,102,45,75,325,0,60,60,385
03/03/2007,OKC,OK,ASW,CE,Combined TRACON& Tower with Radar,75,80,25,13,193,0,1,6,8,15,75,81,31,21,208,0,28,28,236
03/04/2007,OKC,OK,ASW,CE,Combined TRACON& Tower with Radar,81,86,23,15,205,0,0,9,1,10,81,86,32,16,215,0,0,0,215
03/05/2007,OKC,OK,ASW,CE,Combined TRACON& Tower with Radar,97,91,31,32,251,1,7,17,20,45,98,98,48,52,296,0,92,92,388
03/06/2007,OKC,OK,ASW,CE,Combined TRACON& Tower with Radar,100,105,53,38,296,1,10,20,110,141,101,115,73,148,437,0,46,46,483
03/07/2007,OKC,OK,ASW,CE,Combined TRACON& Tower with Radar,100,103,66,43,312,0,10,27,14,51,100,113,93,57,363,8,100,108,471
03/08/2007,OKC,OK,ASW,CE,Combined TRACON& Tower with Radar,101,102,40,50,293,1,3,24,12,40,102,105,64,62,333,4,42,46,379
03/09/2007,OKC,OK,ASW,CE,Combined TRACON& Tower with Radar,0,8,22,0,30,101,114,62,65,342,101,122,84,65,372,0,182,182,554
03/10/2007,OKC,OK,ASW,CE,Combined TRACON& Tower with Radar,73,82,44,7,206,1,1,27,0,29,74,83,71,7,235,0,0,0,235
03/11/2007,OKC,OK,ASW,CE,Combined TRACON& Tower with Radar,86,82,31,1,200,0,0,1,0,1,86,82,32,1,201,0,0,0,201
03/12/2007,OKC,OK,ASW,CE,Combined TRACON& Tower with Radar,92,90,22,41,245,1,1,14,9,25,93,91,36,50,270,11,22,33,303
03/13/2007,OKC,OK,ASW,CE,Combined TRACON& Tower with Radar,102,106,32,40,280,0,5,7,15,27,102,111,39,55,307,22,46,68,375
03/14/2007,OKC,OK,ASW,CE,Combined TRACON& Tower with Radar,107,87,68,19,281,0,2,35,4,41,107,89,103,23,322,0,0,0,322
03/15/2007,OKC,OK,ASW,CE,Combined TRACON& Tower with Radar,107,88,47,47,289,0,3,15,10,28,107,91,62,57,317,0,50,50,367
03/16/2007,OKC,OK,ASW,CE,Combined TRACON& Tower with Radar,107,88,47,47,289,0,3,15,10,28,107,91,62,57,317,0,50,50,367
03/17/2007,OKC,OK,ASW,CE,Combined TRACON& Tower with Radar,81,84,25,14,204,1,1,15,1,18,82,85,40,15,222,0,0,0,222
03/18/2007,OKC,OK,ASW,CE,Combined TRACON& Tower with Radar,82,75,18,5,180,0,0,14,0,14,82,75,32,5,194,0,0,0,194
03/19/2007,OKC,OK,ASW,CE,Combined TRACON& Tower with Radar,96,91,30,56,273,0,0,5,38,43,96,91,35,94,316,0,56,56,372
03/20/2007,OKC,OK,ASW,CE,Combined TRACON& Tower with Radar,103,108,34,74,319,0,4,4,4,12,103,112,38,78,331,0,54,54,385
03/21/2007,OKC,OK,ASW,CE,Combined TRACON& Tower with Radar,102,90,30,70,292,0,4,5,17,26,102,94,35,87,318,0,146,146,464
03/22/2007,OKC,OK,ASW,CE,Combined TRACON& Tower with Radar,104,84,31,40,259,2,2,10,16,30,106,86,41,56,289,12,106,118,407
03/23/2007,OKC,OK,ASW,CE,Combined TRACON& Tower with Radar,102,97,40,36,275,2,8,6,2,18,104,105,46,38,293,0,10,10,303
03/24/2007,OKC,OK,ASW,CE,Combined TRACON& Tower with Radar,81,82,20,3,186,0,4,2,1,7,81,86,22,4,193,0,0,0,193
03/25/2007,OKC,OK,ASW,CE,Combined TRACON& Tower with Radar,77,78,14,3,172,0,0,1,0,1,77,78,15,3,173,0,0,0,173
03/26/2007,OKC,OK,ASW,CE,Combined TRACON& Tower with Radar,93,90,32,39,254,0,1,5,0,6,93,91,37,39,260,0,0,0,260
03/27/2007,OKC,OK,ASW,CE,Combined TRACON& Tower with Radar,101,93,43,58,295,0,2,2,7,11,101,95,45,65,306,0,32,32,338
03/28/2007,OKC,OK,ASW,CE,Combined TRACON& Tower with Radar,99,95,39,31,264,1,8,5,4,18,100,103,44,35,282,0,16,16,298
03/29/2007,OKC,OK,ASW,CE,Combined TRACON& Tower with Radar,100,97,27,0,224,1,2,1,0,4,101,99,28,0,228,0,0,0,228
03/30/2007,OKC,OK,ASW,CE,Combined TRACON& Tower with Radar,123,86,26,9,244,0,0,4,0,4,123,86,30,9,248,0,0,0,248
03/31/2007,OKC,OK,ASW,CE,Combined TRACON& Tower with Radar,91,79,27,6,203,1,0,6,0,7,92,79,33,6,210,0,0,0,210
04/01/2007,OKC,OK,ASW,CE,Combined TRACON& Tower with Radar,73,82,15,7,177,0,1,11,2,14,73,83,26,9,191,0,0,0,191
04/02/2007,OKC,OK,ASW,CE,Combined TRACON& Tower with Radar,92,82,24,21,219,0,4,20,13,37,92,86,44,34,256,0,26,26,282
04/03/2007,OKC,OK,ASW,CE,Combined TRACON& Tower with Radar,105,96,49,62,312,0,5,8,10,23,105,101,57,72,335,2,84,86,421
04/04/2007,OKC,OK,ASW,CE,Combined TRACON& Tower with Radar,101,94,60,44,299,0,6,14,18,38,101,100,74,62,337,30,198,228,565
04/05/2007,OKC,OK,ASW,CE,Combined TRACON& Tower with Radar,105,97,55,29,286,0,2,19,5,26,105,99,74,34,312,4,36,40,352
04/06/2007,OKC,OK,ASW,CE,Combined TRACON& Tower with Radar,101,88,34,15,238,0,2,3,0,5,101,90,37,15,243,0,0,0,243
04/07/2007,OKC,OK,ASW,CE,Combined TRACON& Tower with Radar,78,65,24,3,170,1,0,11,1,13,79,65,35,4,183,0,0,0,183
04/08/2007,OKC,OK,ASW,CE,Combined TRACON& Tower with Radar,79,71,14,0,164,0,4,9,0,13,79,75,23,0,177,0,0,0,177
04/09/2007,OKC,OK,ASW,CE,Combined TRACON& Tower with Radar,96,81,29,48,254,0,2,9,8,19,96,83,38,56,273,0,44,44,317
04/10/2007,OKC,OK,ASW,CE,Combined TRACON& Tower with Radar,0,0,0,0,0,98,90,39,53,280,98,90,39,53,280,10,20,30,310
04/11/2007,OKC,OK,ASW,CE,Combined TRACON& Tower with Radar,100,88,55,71,314,1,0,12,12,25,101,88,67,83,339,10,200,210,549
04/12/2007,OKC,OK,ASW,CE,Combined TRACON& Tower with Radar,103,92,50,47,292,2,2,21,5,30,105,94,71,52,322,0,34,34,356
04/13/2007,OKC,OK,ASW,CE,Combined TRACON& Tower with Radar,103,92,50,47,292,2,2,21,5,30,105,94,71,52,322,0,34,34,356
04/14/2007,OKC,OK,ASW,CE,Combined TRACON& Tower with Radar,90,79,15,16,200,0,0,1,5,6,90,79,16,21,206,0,10,10,216
04/15/2007,OKC,OK,ASW,CE,Combined TRACON& Tower with Radar,42,38,1,23,104,0,3,7,4,14,42,41,8,27,118,0,0,0,118
04/16/2007,OKC,OK,ASW,CE,Combined TRACON& Tower with Radar,90,102,28,22,242,0,3,27,3,33,90,105,55,25,275,0,0,0,275
04/17/2007,OKC,OK,ASW,CE,Combined TRACON& Tower with Radar,115,96,36,34,281,0,2,8,0,10,115,98,44,34,291,0,0,0,291
04/18/2007,OKC,OK,ASW,CE,Combined TRACON& Tower with Radar,100,110,48,49,307,0,3,14,11,28,100,113,62,60,335,12,32,44,379
04/19/2007,OKC,OK,ASW,CE,Combined TRACON& Tower with Radar,104,98,42,39,283,0,6,28,5,39,104,104,70,44,322,6,24,30,352
04/20/2007,OKC,OK,ASW,CE,Combined TRACON& Tower with Radar,104,100,36,26,266,0,2,14,14,30,104,102,50,40,296,0,142,142,438
04/21/2007,OKC,OK,ASW,CE,Combined TRACON& Tower with Radar,91,76,21,0,188,1,3,13,0,17,92,79,34,0,205,0,0,0,205
04/22/2007,OKC,OK,ASW,CE,Combined TRACON& Tower with Radar,87,82,20,25,214,0,0,3,1,4,87,82,23,26,218,0,0,0,218
04/23/2007,OKC,OK,ASW,CE,Combined TRACON& Tower with Radar,95,88,42,53,278,0,3,9,11,23,95,91,51,64,301,0,18,18,319
04/24/2007,OKC,OK,ASW,CE,Combined TRACON& Tower with Radar,102,104,43,23,272,2,0,3,5,10,104,104,46,28,282,0,0,0,282
04/25/2007,OKC,OK,ASW,CE,Combined TRACON& Tower with Radar,114,113,54,78,359,0,3,4,11,18,114,116,58,89,377,0,18,18,395
04/26/2007,OKC,OK,ASW,CE,Combined TRACON& Tower with Radar,104,96,52,59,311,0,2,18,10,30,104,98,70,69,341,0,68,68,409
04/27/2007,OKC,OK,ASW,CE,Combined TRACON& Tower with Radar,102,96,47,26,271,2,7,19,4,32,104,103,66,30,303,6,14,20,323
04/28/2007,OKC,OK,ASW,CE,Combined TRACON& Tower with Radar,84,77,16,10,187,0,1,9,1,11,84,78,25,11,198,0,0,0,198
04/29/2007,OKC,OK,ASW,CE,Combined TRACON& Tower with Radar,82,80,20,6,188,1,1,20,1,23,83,81,40,7,211,0,0,0,211
04/30/2007,OKC,OK,ASW,CE,Combined TRACON& Tower with Radar,95,92,16,34,237,2,4,8,11,25,97,96,24,45,262,6,70,76,338
05/01/2007,OKC,OK,ASW,CE,Combined TRACON& Tower with Radar,98,98,32,41,269,3,3,6,9,21,101,101,38,50,290,0,16,16,306
05/02/2007,OKC,OK,ASW,CE,Combined TRACON& Tower with Radar,117,106,40,69,332,1,2,7,2,12,118,108,47,71,344,0,4,4,348
05/03/2007,OKC,OK,ASW,CE,Combined TRACON& Tower with Radar,109,99,42,33,283,0,4,2,7,13,109,103,44,40,296,0,38,38,334
05/04/2007,OKC,OK,ASW,CE,Combined TRACON& Tower with Radar,112,94,36,34,276,0,24,170,85,279,112,118,206,119,555,104,13,117,672
05/05/2007,OKC,OK,ASW,CE,Combined TRACON& Tower with Radar,90,76,23,6,195,0,3,8,1,12,90,79,31,7,207,0,0,0,207
05/06/2007,OKC,OK,ASW,CE,Combined TRACON& Tower with Radar,81,79,12,12,184,1,2,4,6,13,82,81,16,18,197,0,0,0,197
05/07/2007,OKC,OK,ASW,CE,Combined TRACON& Tower with Radar,101,102,16,25,244,1,1,4,6,12,102,103,20,31,256,0,0,0,256
05/08/2007,OKC,OK,ASW,CE,Combined TRACON& Tower with Radar,103,111,38,39,291,0,1,6,3,10,103,112,44,42,301,0,16,16,317
05/09/2007,OKC,OK,ASW,CE,Combined TRACON& Tower with Radar,120,112,47,31,310,2,4,5,11,22,122,116,52,42,332,0,66,66,398
05/10/2007,OKC,OK,ASW,CE,Combined TRACON& Tower with Radar,110,110,42,33,295,0,6,5,9,20,110,116,47,42,315,0,50,50,365
05/11/2007,OKC,OK,ASW,CE,Combined TRACON& Tower with Radar,109,112,37,14,272,0,4,13,2,19,109,116,50,16,291,8,6,14,305
05/12/2007,OKC,OK,ASW,CE,Combined TRACON& Tower with Radar,93,82,22,0,197,2,9,15,2,28,95,91,37,2,225,0,0,0,225
05/13/2007,OKC,OK,ASW,CE,Combined TRACON& Tower with Radar,105,87,12,0,204,0,2,7,0,9,105,89,19,0,213,0,0,0,213
05/14/2007,OKC,OK,ASW,CE,Combined TRACON& Tower with Radar,102,104,32,23,261,1,3,19,13,36,103,107,51,36,297,6,52,58,355
05/15/2007,OKC,OK,ASW,CE,Combined TRACON& Tower with Radar,106,109,45,49,309,2,7,20,7,36,108,116,65,56,345,10,58,68,413
05/16/2007,OKC,OK,ASW,CE,Combined TRACON& Tower with Radar,106,110,32,25,273,0,2,21,10,33,106,112,53,35,306,30,78,108,414
05/17/2007,OKC,OK,ASW,CE,Combined TRACON& Tower with Radar,107,106,44,11,268,0,3,27,8,38,107,109,71,19,306,0,46,46,352
05/18/2007,OKC,OK,ASW,CE,Combined TRACON& Tower with Radar,107,100,34,37,278,1,5,15,1,22,108,105,49,38,300,0,0,0,300
05/19/2007,OKC,OK,ASW,CE,Combined TRACON& Tower with Radar,86,88,20,14,208,0,1,16,0,17,86,89,36,14,225,0,0,0,225
05/20/2007,OKC,OK,ASW,CE,Combined TRACON& Tower with Radar,86,85,11,6,188,1,2,17,3,23,87,87,28,9,211,0,0,0,211
05/21/2007,OKC,OK,ASW,CE,Combined TRACON& Tower with Radar,105,108,16,45,274,1,5,5,6,17,106,113,21,51,291,8,52,60,351
05/22/2007,OKC,OK,ASW,CE,Combined TRACON& Tower with Radar,102,113,39,99,353,3,3,3,9,18,105,116,42,108,371,29,112,141,512
05/23/2007,OKC,OK,ASW,CE,Combined TRACON& Tower with Radar,110,111,28,61,310,1,5,7,12,25,111,116,35,73,335,0,50,50,385
05/24/2007,OKC,OK,ASW,CE,Combined TRACON& Tower with Radar,101,120,32,25,278,1,3,0,0,4,102,123,32,25,282,0,0,0,282
05/25/2007,OKC,OK,ASW,CE,Combined TRACON& Tower with Radar,115,113,35,25,288,0,3,6,0,9,115,116,41,25,297,0,0,0,297
05/26/2007,OKC,OK,ASW,CE,Combined TRACON& Tower with Radar,0,0,0,0,0,93,96,16,3,208,93,96,16,3,208,0,0,0,208
05/27/2007,OKC,OK,ASW,CE,Combined TRACON& Tower with Radar,73,84,12,8,177,0,1,4,0,5,73,85,16,8,182,10,20,30,212
05/28/2007,OKC,OK,ASW,CE,Combined TRACON& Tower with Radar,82,86,13,7,188,0,0,0,0,0,82,86,13,7,188,4,0,4,192
05/29/2007,OKC,OK,ASW,CE,Combined TRACON& Tower with Radar,96,105,39,70,310,0,3,6,9,18,96,108,45,79,328,18,166,184,512
05/30/2007,OKC,OK,ASW,CE,Combined TRACON& Tower with Radar,111,124,34,32,301,1,4,2,7,14,112,128,36,39,315,0,8,8,323
05/31/2007,OKC,OK,ASW,CE,Combined TRACON& Tower with Radar,107,105,45,39,296,0,8,10,14,32,107,113,55,53,328,0,64,64,392
06/01/2007,OKC,OK,ASW,CE,Combined TRACON& Tower with Radar,110,111,31,75,327,2,7,8,32,49,112,118,39,107,376,4,266,270,646
06/02/2007,OKC,OK,ASW,CE,Combined TRACON& Tower with Radar,91,94,19,2,206,0,6,14,6,26,91,100,33,8,232,0,0,0,232
06/03/2007,OKC,OK,ASW,CE,Combined TRACON& Tower with Radar,100,102,15,0,217,0,1,3,12,16,100,103,18,12,233,0,16,16,249
06/04/2007,OKC,OK,ASW,CE,Combined TRACON& Tower with Radar,152,109,40,32,333,0,0,16,11,27,152,109,56,43,360,10,82,92,452
06/05/2007,OKC,OK,ASW,CE,Combined TRACON& Tower with Radar,106,111,43,37,297,0,5,19,13,37,106,116,62,50,334,0,246,246,580
06/06/2007,OKC,OK,ASW,CE,Combined TRACON& Tower with Radar,103,106,37,28,274,1,6,23,11,41,104,112,60,39,315,0,78,78,393
06/07/2007,OKC,OK,ASW,CE,Combined TRACON& Tower with Radar,109,105,34,38,286,0,3,10,17,30,109,108,44,55,316,0,80,80,396
06/08/2007,OKC,OK,ASW,CE,Combined TRACON& Tower with Radar,109,106,42,43,300,0,2,16,3,21,109,108,58,46,321,0,82,82,403
06/09/2007,OKC,OK,ASW,CE,Combined TRACON& Tower with Radar,86,92,24,25,227,3,1,9,6,19,89,93,33,31,246,0,42,42,288
06/10/2007,OKC,OK,ASW,CE,Combined TRACON& Tower with Radar,96,108,14,10,228,0,0,6,2,8,96,108,20,12,236,0,0,0,236
06/11/2007,OKC,OK,ASW,CE,Combined TRACON& Tower with Radar,105,103,21,72,301,0,9,9,102,120,105,112,30,174,421,5,214,219,640
06/12/2007,OKC,OK,ASW,CE,Combined TRACON& Tower with Radar,107,116,30,38,291,0,10,10,7,27,107,126,40,45,318,0,48,48,366
06/13/2007,OKC,OK,ASW,CE,Combined TRACON& Tower with Radar,111,115,32,80,338,1,3,8,50,62,112,118,40,130,400,0,174,174,574
06/14/2007,OKC,OK,ASW,CE,Combined TRACON& Tower with Radar,106,104,44,31,285,0,2,5,4,11,106,106,49,35,296,0,30,30,326
06/15/2007,OKC,OK,ASW,CE,Combined TRACON& Tower with Radar,110,108,30,5,253,0,6,7,0,13,110,114,37,5,266,0,0,0,266
06/16/2007,OKC,OK,ASW,CE,Combined TRACON& Tower with Radar,94,83,16,4,197,0,0,6,0,6,94,83,22,4,203,0,0,0,203
06/17/2007,OKC,OK,ASW,CE,Combined TRACON& Tower with Radar,85,99,13,6,203,0,1,2,0,3,85,100,15,6,206,0,0,0,206
06/18/2007,OKC,OK,ASW,CE,Combined TRACON& Tower with Radar,108,92,25,47,272,0,0,4,2,6,108,92,29,49,278,0,0,0,278
06/19/2007,OKC,OK,ASW,CE,Combined TRACON& Tower with Radar,111,103,47,81,342,0,5,9,27,41,111,108,56,108,383,0,270,270,653
06/20/2007,OKC,OK,ASW,CE,Combined TRACON& Tower with Radar,110,102,52,58,322,0,3,6,13,22,110,105,58,71,344,0,62,62,406
06/21/2007,OKC,OK,ASW,CE,Combined TRACON& Tower with Radar,109,110,39,25,283,2,5,6,0,13,111,115,45,25,296,2,0,2,298
06/22/2007,OKC,OK,ASW,CE,Combined TRACON& Tower with Radar,113,119,39,35,306,0,1,18,4,23,113,120,57,39,329,0,0,0,329
06/23/2007,OKC,OK,ASW,CE,Combined TRACON& Tower with Radar,92,86,15,6,199,1,2,9,0,12,93,88,24,6,211,10,0,10,221
06/24/2007,OKC,OK,ASW,CE,Combined TRACON& Tower with Radar,92,96,11,6,205,0,1,7,1,9,92,97,18,7,214,0,0,0,214
06/25/2007,OKC,OK,ASW,CE,Combined TRACON& Tower with Radar,92,96,11,6,205,0,1,7,1,9,92,97,18,7,214,0,0,0,214
06/26/2007,OKC,OK,ASW,CE,Combined TRACON& Tower with Radar,92,96,11,6,205,0,1,7,1,9,92,97,18,7,214,0,0,0,214
06/27/2007,OKC,OK,ASW,CE,Combined TRACON& Tower with Radar,117,109,44,44,314,0,0,4,3,7,117,109,48,47,321,0,10,10,331
06/28/2007,OKC,OK,ASW,CE,Combined TRACON& Tower with Radar,117,109,44,44,314,0,0,4,3,7,117,109,48,47,321,0,10,10,331
06/29/2007,OKC,OK,ASW,CE,Combined TRACON& Tower with Radar,118,115,32,11,276,0,0,0,0,0,118,115,32,11,276,0,0,0,276
06/30/2007,OKC,OK,ASW,CE,Combined TRACON& Tower with Radar,103,95,20,4,222,0,0,3,0,3,103,95,23,4,225,0,0,0,225
07/01/2007,OKC,OK,ASW,CE,Combined TRACON& Tower with Radar,107,99,11,12,229,0,0,4,1,5,107,99,15,13,234,0,0,0,234
07/02/2007,OKC,OK,ASW,CE,Combined TRACON& Tower with Radar,117,101,20,26,264,0,2,5,1,8,117,103,25,27,272,6,46,52,324
07/03/2007,OKC,OK,ASW,CE,Combined TRACON& Tower with Radar,117,104,32,39,292,1,2,14,9,26,118,106,46,48,318,0,54,54,372
07/04/2007,OKC,OK,ASW,CE,Combined TRACON& Tower with Radar,83,78,10,3,174,0,2,2,0,4,83,80,12,3,178,0,0,0,178
07/05/2007,OKC,OK,ASW,CE,Combined TRACON& Tower with Radar,113,90,23,7,233,0,4,8,11,23,113,94,31,18,256,0,28,28,284
07/06/2007,OKC,OK,ASW,CE,Combined TRACON& Tower with Radar,113,90,23,7,233,0,4,8,11,23,113,94,31,18,256,0,28,28,284
07/07/2007,OKC,OK,ASW,CE,Combined TRACON& Tower with Radar,91,80,22,0,193,0,0,15,0,15,91,80,37,0,208,0,0,0,208
07/08/2007,OKC,OK,ASW,CE,Combined TRACON& Tower with Radar,99,103,16,0,218,0,2,10,0,12,99,105,26,0,230,0,0,0,230
07/09/2007,OKC,OK,ASW,CE,Combined TRACON& Tower with Radar,99,104,33,43,279,1,1,10,55,67,100,105,43,98,346,0,12,12,358
07/10/2007,OKC,OK,ASW,CE,Combined TRACON& Tower with Radar,120,112,53,56,341,0,2,15,20,37,120,114,68,76,378,2,212,214,592
07/11/2007,OKC,OK,ASW,CE,Combined TRACON& Tower with Radar,127,122,38,62,349,0,3,26,30,59,127,125,64,92,408,10,334,344,752
07/12/2007,OKC,OK,ASW,CE,Combined TRACON& Tower with Radar,110,110,52,20,292,0,3,10,4,17,110,113,62,24,309,0,28,28,337
07/13/2007,OKC,OK,ASW,CE,Combined TRACON& Tower with Radar,114,103,45,47,309,0,4,3,4,11,114,107,48,51,320,0,44,44,364
07/14/2007,OKC,OK,ASW,CE,Combined TRACON& Tower with Radar,90,83,18,26,217,0,2,15,6,23,90,85,33,32,240,0,12,12,252
07/15/2007,OKC,OK,ASW,CE,Combined TRACON& Tower with Radar,87,88,23,34,232,1,2,11,1,15,88,90,34,35,247,12,0,12,259
07/16/2007,OKC,OK,ASW,CE,Combined TRACON& Tower with Radar,110,104,25,60,299,0,3,17,19,39,110,107,42,79,338,0,122,122,460
07/17/2007,OKC,OK,ASW,CE,Combined TRACON& Tower with Radar,111,95,50,61,317,2,11,13,41,67,113,106,63,102,384,0,72,72,456
07/18/2007,OKC,OK,ASW,CE,Combined TRACON& Tower with Radar,109,104,36,74,323,2,6,14,8,30,111,110,50,82,353,26,202,228,581
07/19/2007,OKC,OK,ASW,CE,Combined TRACON& Tower with Radar,107,101,50,58,316,0,6,34,42,82,107,107,84,100,398,0,10,10,408
07/20/2007,OKC,OK,ASW,CE,Combined TRACON& Tower with Radar,119,108,35,73,335,1,4,12,17,34,120,112,47,90,369,0,108,108,477
07/21/2007,OKC,OK,ASW,CE,Combined TRACON& Tower with Radar,89,88,18,27,222,0,3,6,4,13,89,91,24,31,235,0,0,0,235
07/22/2007,OKC,OK,ASW,CE,Combined TRACON& Tower with Radar,99,87,17,4,207,1,4,19,11,35,100,91,36,15,242,50,20,70,312
07/23/2007,OKC,OK,ASW,CE,Combined TRACON& Tower with Radar,114,97,36,45,292,0,3,17,8,28,114,100,53,53,320,0,0,0,320
07/24/2007,OKC,OK,ASW,CE,Combined TRACON& Tower with Radar,104,98,30,60,292,1,9,23,44,77,105,107,53,104,369,0,200,200,569
07/25/2007,OKC,OK,ASW,CE,Combined TRACON& Tower with Radar,107,112,48,36,303,0,13,23,28,64,107,125,71,64,367,0,76,76,443
07/26/2007,OKC,OK,ASW,CE,Combined TRACON& Tower with Radar,107,112,48,36,303,0,0,0,0,0,107,112,48,36,303,28,18,46,349
07/27/2007,OKC,OK,ASW,CE,Combined TRACON& Tower with Radar,113,106,48,43,310,0,4,23,9,36,113,110,71,52,346,0,16,16,362
07/28/2007,OKC,OK,ASW,CE,Combined TRACON& Tower with Radar,95,82,16,18,211,0,4,7,3,14,95,86,23,21,225,0,24,24,249
07/29/2007,OKC,OK,ASW,CE,Combined TRACON& Tower with Radar,125,97,11,17,250,1,0,9,1,11,126,97,20,18,261,0,0,0,261
07/30/2007,OKC,OK,ASW,CE,Combined TRACON& Tower with Radar,106,94,31,25,256,1,2,11,2,16,107,96,42,27,272,10,20,30,302
07/31/2007,OKC,OK,ASW,CE,Combined TRACON& Tower with Radar,114,114,49,74,351,1,5,2,15,23,115,119,51,89,374,0,100,100,474
08/01/2007,OKC,OK,ASW,CE,Combined TRACON& Tower with Radar,107,116,25,36,284,0,5,7,5,17,107,121,32,41,301,0,16,16,317
08/02/2007,OKC,OK,ASW,CE,Combined TRACON& Tower with Radar,116,114,26,50,306,0,0,0,0,0,116,114,26,50,306,30,18,48,354
08/03/2007,OKC,OK,ASW,CE,Combined TRACON& Tower with Radar,109,114,30,68,321,1,11,5,28,45,110,125,35,96,366,0,56,56,422
08/04/2007,OKC,OK,ASW,CE,Combined TRACON& Tower with Radar,94,87,12,17,210,1,10,19,1,31,95,97,31,18,241,0,0,0,241
08/05/2007,OKC,OK,ASW,CE,Combined TRACON& Tower with Radar,94,104,13,27,238,1,7,12,2,22,95,111,25,29,260,0,0,0,260
08/06/2007,OKC,OK,ASW,CE,Combined TRACON& Tower with Radar,107,105,30,61,303,1,3,10,30,44,108,108,40,91,347,0,62,62,409
08/07/2007,OKC,OK,ASW,CE,Combined TRACON& Tower with Radar,107,96,34,64,301,2,13,18,22,55,109,109,52,86,356,0,58,58,414
08/08/2007,OKC,OK,ASW,CE,Combined TRACON& Tower with Radar,112,101,50,53,316,1,13,18,18,50,113,114,68,71,366,32,66,98,464
08/09/2007,OKC,OK,ASW,CE,Combined TRACON& Tower with Radar,107,103,43,36,289,0,4,21,25,50,107,107,64,61,339,0,86,86,425
08/10/2007,OKC,OK,ASW,CE,Combined TRACON& Tower with Radar,116,106,27,34,283,0,9,21,11,41,116,115,48,45,324,0,44,44,368
08/11/2007,OKC,OK,ASW,CE,Combined TRACON& Tower with Radar,99,90,13,23,225,0,5,32,12,49,99,95,45,35,274,20,14,34,308
08/12/2007,OKC,OK,ASW,CE,Combined TRACON& Tower with Radar,87,89,11,7,194,2,4,8,3,17,89,93,19,10,211,0,0,0,211
08/13/2007,OKC,OK,ASW,CE,Combined TRACON& Tower with Radar,106,93,12,50,261,184,7,11,43,245,290,100,23,93,506,0,97,97,603
08/14/2007,OKC,OK,ASW,CE,Combined TRACON& Tower with Radar,109,95,30,64,298,1,7,25,55,88,110,102,55,119,386,0,116,116,502
08/15/2007,OKC,OK,ASW,CE,Combined TRACON& Tower with Radar,110,105,35,73,323,2,4,21,17,44,112,109,56,90,367,0,58,58,425
08/16/2007,OKC,OK,ASW,CE,Combined TRACON& Tower with Radar,115,102,37,8,262,0,0,0,0,0,115,102,37,8,262,0,0,0,262
08/17/2007,OKC,OK,ASW,CE,Combined TRACON& Tower with Radar,131,98,33,94,356,2,6,21,31,60,133,104,54,125,416,0,70,70,486
08/18/2007,OKC,OK,ASW,CE,Combined TRACON& Tower with Radar,95,89,20,6,210,1,4,6,3,14,96,93,26,9,224,8,0,8,232
08/19/2007,OKC,OK,ASW,CE,Combined TRACON& Tower with Radar,89,89,11,8,197,2,4,5,2,13,91,93,16,10,210,0,0,0,210
08/20/2007,OKC,OK,ASW,CE,Combined TRACON& Tower with Radar,104,95,23,76,298,2,7,17,44,70,106,102,40,120,368,6,146,152,520
08/21/2007,OKC,OK,ASW,CE,Combined TRACON& Tower with Radar,110,94,27,85,316,0,11,16,46,73,110,105,43,131,389,10,278,288,677
08/22/2007,OKC,OK,ASW,CE,Combined TRACON& Tower with Radar,109,102,32,38,281,0,9,11,23,43,109,111,43,61,324,0,62,62,386
08/23/2007,OKC,OK,ASW,CE,Combined TRACON& Tower with Radar,109,102,32,38,281,0,15,125,126,266,109,117,157,164,547,219,21,240,787
08/24/2007,OKC,OK,ASW,CE,Combined TRACON& Tower with Radar,109,102,32,38,281,0,9,11,23,43,109,111,43,61,324,0,62,62,386
08/25/2007,OKC,OK,ASW,CE,Combined TRACON& Tower with Radar,92,79,17,2,190,0,6,12,1,19,92,85,29,3,209,0,0,0,209
08/26/2007,OKC,OK,ASW,CE,Combined TRACON& Tower with Radar,92,88,14,14,208,0,4,35,2,41,92,92,49,16,249,2,40,42,291
08/27/2007,OKC,OK,ASW,CE,Combined TRACON& Tower with Radar,105,96,43,28,272,0,5,19,12,36,105,101,62,40,308,2,0,2,310
08/28/2007,OKC,OK,ASW,CE,Combined TRACON& Tower with Radar,109,103,33,79,324,3,9,31,8,51,112,112,64,87,375,0,8,8,383
08/29/2007,OKC,OK,ASW,CE,Combined TRACON& Tower with Radar,115,102,40,93,350,1,11,27,95,134,116,113,67,188,484,0,90,90,574
08/30/2007,OKC,OK,ASW,CE,Combined TRACON& Tower with Radar,135,122,61,98,416,0,11,8,19,38,135,133,69,117,454,0,24,24,478
08/31/2007,OKC,OK,ASW,CE,Combined TRACON& Tower with Radar,117,105,36,58,316,0,12,25,26,63,117,117,61,84,379,0,28,28,407
09/01/2007,OKC,OK,ASW,CE,Combined TRACON& Tower with Radar,95,75,13,4,187,1,10,20,3,34,96,85,33,7,221,0,0,0,221
09/02/2007,OKC,OK,ASW,CE,Combined TRACON& Tower with Radar,72,72,10,1,155,0,8,12,3,23,72,80,22,4,178,0,0,0,178
09/03/2007,OKC,OK,ASW,CE,Combined TRACON& Tower with Radar,86,94,14,6,200,3,2,18,0,23,89,96,32,6,223,42,0,42,265
09/04/2007,OKC,OK,ASW,CE,Combined TRACON& Tower with Radar,110,105,27,41,283,3,1,12,4,20,113,106,39,45,303,0,10,10,313
09/05/2007,OKC,OK,ASW,CE,Combined TRACON& Tower with Radar,105,100,49,66,320,2,7,6,17,32,107,107,55,83,352,0,40,40,392
09/06/2007,OKC,OK,ASW,CE,Combined TRACON& Tower with Radar,105,100,49,66,320,2,7,6,17,32,107,107,55,83,352,0,40,40,392
09/07/2007,OKC,OK,ASW,CE,Combined TRACON& Tower with Radar,116,114,30,22,282,2,2,8,20,32,118,116,38,42,314,0,94,94,408
09/08/2007,OKC,OK,ASW,CE,Combined TRACON& Tower with Radar,89,95,14,5,203,0,4,8,3,15,89,99,22,8,218,0,0,0,218
09/09/2007,OKC,OK,ASW,CE,Combined TRACON& Tower with Radar,102,100,28,7,237,1,0,2,2,5,103,100,30,9,242,0,0,0,242
09/10/2007,OKC,OK,ASW,CE,Combined TRACON& Tower with Radar,111,100,41,63,315,0,2,6,2,10,111,102,47,65,325,10,78,88,413
09/11/2007,OKC,OK,ASW,CE,Combined TRACON& Tower with Radar,119,103,31,81,334,0,7,16,25,48,119,110,47,106,382,0,88,88,470
09/12/2007,OKC,OK,ASW,CE,Combined TRACON& Tower with Radar,106,101,36,56,299,1,11,20,42,74,107,112,56,98,373,0,50,50,423
09/13/2007,OKC,OK,ASW,CE,Combined TRACON& Tower with Radar,107,109,38,33,287,1,13,13,17,44,108,122,51,50,331,0,16,16,347
09/14/2007,OKC,OK,ASW,CE,Combined TRACON& Tower with Radar,112,110,71,54,347,2,3,6,10,21,114,113,77,64,368,0,36,36,404
09/15/2007,OKC,OK,ASW,CE,Combined TRACON& Tower with Radar,98,79,13,18,208,0,9,5,6,20,98,88,18,24,228,0,0,0,228
09/16/2007,OKC,OK,ASW,CE,Combined TRACON& Tower with Radar,91,86,11,4,192,2,4,10,5,21,93,90,21,9,213,0,34,34,247
09/17/2007,OKC,OK,ASW,CE,Combined TRACON& Tower with Radar,103,103,29,52,287,0,3,19,12,34,103,106,48,64,321,0,38,38,359
09/18/2007,OKC,OK,ASW,CE,Combined TRACON& Tower with Radar,111,112,35,69,327,1,4,16,7,28,112,116,51,76,355,12,36,48,403
09/19/2007,OKC,OK,ASW,CE,Combined TRACON& Tower with Radar,107,110,26,64,307,1,9,10,3,23,108,119,36,67,330,0,0,0,330
09/20/2007,OKC,OK,ASW,CE,Combined TRACON& Tower with Radar,107,118,37,51,313,2,8,20,10,40,109,126,57,61,353,0,56,56,409
09/21/2007,OKC,OK,ASW,CE,Combined TRACON& Tower with Radar,112,113,29,56,310,1,12,30,16,59,113,125,59,72,369,0,20,20,389
09/22/2007,OKC,OK,ASW,CE,Combined TRACON& Tower with Radar,88,76,13,0,177,1,4,19,1,25,89,80,32,1,202,0,0,0,202
09/23/2007,OKC,OK,ASW,CE,Combined TRACON& Tower with Radar,94,86,17,8,205,0,4,19,2,25,94,90,36,10,230,0,0,0,230
09/24/2007,OKC,OK,ASW,CE,Combined TRACON& Tower with Radar,103,101,12,46,262,2,3,20,22,47,105,104,32,68,309,6,64,70,379
09/25/2007,OKC,OK,ASW,CE,Combined TRACON& Tower with Radar,110,101,48,8,267,0,5,10,2,17,110,106,58,10,284,6,0,6,290
09/26/2007,OKC,OK,ASW,CE,Combined TRACON& Tower with Radar,107,113,62,87,369,0,5,10,1,16,107,118,72,88,385,0,0,0,385
09/27/2007,OKC,OK,ASW,CE,Combined TRACON& Tower with Radar,103,116,38,10,267,2,4,3,0,9,105,120,41,10,276,0,0,0,276
09/28/2007,OKC,OK,ASW,CE,Combined TRACON& Tower with Radar,111,110,32,1,254,1,7,32,0,40,112,117,64,1,294,0,0,0,294
09/29/2007,OKC,OK,ASW,CE,Combined TRACON& Tower with Radar,88,79,17,1,185,1,5,18,0,24,89,84,35,1,209,0,0,0,209
09/30/2007,OKC,OK,ASW,CE,Combined TRACON& Tower with Radar,90,90,21,1,202,1,3,3,1,8,91,93,24,2,210,0,0,0,210
10/01/2007,OKC,OK,ASW,CE,Combined TRACON& Tower with Radar,109,100,29,62,300,0,5,24,14,43,109,105,53,76,343,10,92,102,445
10/02/2007,OKC,OK,ASW,CE,Combined TRACON& Tower with Radar,106,101,40,26,273,0,7,23,24,54,106,108,63,50,327,10,116,126,453
10/03/2007,OKC,OK,ASW,CE,Combined TRACON& Tower with Radar,111,117,34,64,326,0,8,18,2,28,111,125,52,66,354,36,134,170,524
10/04/2007,OKC,OK,ASW,CE,Combined TRACON& Tower with Radar,115,123,41,58,337,0,1,0,0,1,115,124,41,58,338,24,5,29,367
10/05/2007,OKC,OK,ASW,CE,Combined TRACON& Tower with Radar,111,115,26,44,296,0,10,11,2,23,111,125,37,46,319,0,0,0,319
10/06/2007,OKC,OK,ASW,CE,Combined TRACON& Tower with Radar,90,81,15,2,188,0,0,6,0,6,90,81,21,2,194,0,0,0,194
10/07/2007,OKC,OK,ASW,CE,Combined TRACON& Tower with Radar,84,104,12,1,201,0,4,11,1,16,84,108,23,2,217,0,0,0,217
10/08/2007,OKC,OK,ASW,CE,Combined TRACON& Tower with Radar,120,101,42,15,278,0,3,11,4,18,120,104,53,19,296,0,0,0,296
10/09/2007,OKC,OK,ASW,CE,Combined TRACON& Tower with Radar,109,119,42,88,358,0,6,42,18,66,109,125,84,106,424,0,226,226,650
10/10/2007,OKC,OK,ASW,CE,Combined TRACON& Tower with Radar,103,117,51,32,303,0,8,30,8,46,103,125,81,40,349,6,78,84,433
10/11/2007,OKC,OK,ASW,CE,Combined TRACON& Tower with Radar,108,117,43,57,325,0,17,16,1,34,108,134,59,58,359,20,20,40,399
10/12/2007,OKC,OK,ASW,CE,Combined TRACON& Tower with Radar,113,112,56,73,354,0,15,150,142,307,113,127,206,215,661,170,13,183,844
10/13/2007,OKC,OK,ASW,CE,Combined TRACON& Tower with Radar,84,91,21,12,208,0,7,11,2,20,84,98,32,14,228,0,2,2,230
10/14/2007,OKC,OK,ASW,CE,Combined TRACON& Tower with Radar,90,95,15,24,224,3,2,13,3,21,93,97,28,27,245,0,0,0,245
10/15/2007,OKC,OK,ASW,CE,Combined TRACON& Tower with Radar,119,116,40,40,315,0,1,19,4,24,119,117,59,44,339,8,16,24,363
10/16/2007,OKC,OK,ASW,CE,Combined TRACON& Tower with Radar,113,118,43,52,326,0,11,12,5,28,113,129,55,57,354,0,16,16,370
10/17/2007,OKC,OK,ASW,CE,Combined TRACON& Tower with Radar,107,118,32,0,257,0,0,8,1,9,107,118,40,1,266,0,0,0,266
10/18/2007,OKC,OK,ASW,CE,Combined TRACON& Tower with Radar,116,113,37,33,299,0,6,29,14,49,116,119,66,47,348,0,30,30,378
10/19/2007,OKC,OK,ASW,CE,Combined TRACON& Tower with Radar,115,120,38,21,294,0,7,29,0,36,115,127,67,21,330,0,0,0,330
10/20/2007,OKC,OK,ASW,CE,Combined TRACON& Tower with Radar,91,79,10,9,189,0,3,6,1,10,91,82,16,10,199,0,0,0,199
10/21/2007,OKC,OK,ASW,CE,Combined TRACON& Tower with Radar,94,94,30,21,239,0,4,6,2,12,94,98,36,23,251,0,0,0,251
10/22/2007,OKC,OK,ASW,CE,Combined TRACON& Tower with Radar,123,107,68,35,333,0,2,0,1,3,123,109,68,36,336,0,0,0,336
10/23/2007,OKC,OK,ASW,CE,Combined TRACON& Tower with Radar,119,115,59,102,395,0,4,34,17,55,119,119,93,119,450,42,188,230,680
10/24/2007,OKC,OK,ASW,CE,Combined TRACON& Tower with Radar,131,110,47,93,381,0,9,33,14,56,131,119,80,107,437,0,72,72,509
10/25/2007,OKC,OK,ASW,CE,Combined TRACON& Tower with Radar,146,117,64,71,398,0,11,16,6,33,146,128,80,77,431,0,0,0,431
10/26/2007,OKC,OK,ASW,CE,Combined TRACON& Tower with Radar,128,111,30,61,330,0,4,26,33,63,128,115,56,94,393,0,132,132,525
10/27/2007,OKC,OK,ASW,CE,Combined TRACON& Tower with Radar,85,80,30,2,197,0,5,27,0,32,85,85,57,2,229,0,0,0,229
10/28/2007,OKC,OK,ASW,CE,Combined TRACON& Tower with Radar,89,92,16,6,203,0,5,14,0,19,89,97,30,6,222,8,0,8,230
10/29/2007,OKC,OK,ASW,CE,Combined TRACON& Tower with Radar,106,105,44,54,309,0,11,20,26,57,106,116,64,80,366,64,280,344,710
10/30/2007,OKC,OK,ASW,CE,Combined TRACON& Tower with Radar,107,108,39,77,331,0,11,26,32,69,107,119,65,109,400,6,148,154,554
10/31/2007,OKC,OK,ASW,CE,Combined TRACON& Tower with Radar,104,109,37,93,343,0,7,20,19,46,104,116,57,112,389,0,36,36,425
11/01/2007,OKC,OK,ASW,CE,Combined TRACON& Tower with Radar,111,120,50,102,383,0,5,15,1,21,111,125,65,103,404,0,6,6,410
11/02/2007,OKC,OK,ASW,CE,Combined TRACON& Tower with Radar,111,123,40,58,332,0,13,20,15,48,111,136,60,73,380,0,160,160,540
11/03/2007,OKC,OK,ASW,CE,Combined TRACON& Tower with Radar,83,81,10,12,186,0,8,26,3,37,83,89,36,15,223,0,0,0,223
11/04/2007,OKC,OK,ASW,CE,Combined TRACON& Tower with Radar,85,107,7,18,217,0,6,11,1,18,85,113,18,19,235,10,0,10,245
11/05/2007,OKC,OK,ASW,CE,Combined TRACON& Tower with Radar,103,112,41,79,335,0,3,18,41,62,103,115,59,120,397,0,76,76,473
11/06/2007,OKC,OK,ASW,CE,Combined TRACON& Tower with Radar,106,112,48,78,344,0,6,24,5,35,106,118,72,83,379,6,24,30,409
11/07/2007,OKC,OK,ASW,CE,Combined TRACON& Tower with Radar,107,107,40,56,310,0,8,21,23,52,107,115,61,79,362,0,80,80,442
11/08/2007,OKC,OK,ASW,CE,Combined TRACON& Tower with Radar,109,112,37,50,308,0,9,22,5,36,109,121,59,55,344,0,360,360,704
11/09/2007,OKC,OK,ASW,CE,Combined TRACON& Tower with Radar,109,128,42,61,340,0,7,17,6,30,109,135,59,67,370,0,12,12,382
11/10/2007,OKC,OK,ASW,CE,Combined TRACON& Tower with Radar,89,87,18,3,197,0,4,7,0,11,89,91,25,3,208,0,0,0,208
11/11/2007,OKC,OK,ASW,CE,Combined TRACON& Tower with Radar,88,99,20,4,211,0,5,10,0,15,88,104,30,4,226,0,0,0,226
11/12/2007,OKC,OK,ASW,CE,Combined TRACON& Tower with Radar,100,95,33,1,229,0,4,23,0,27,100,99,56,1,256,0,0,0,256
11/13/2007,OKC,OK,ASW,CE,Combined TRACON& Tower with Radar,111,115,39,49,314,0,7,25,17,49,111,122,64,66,363,0,78,78,441
11/14/2007,OKC,OK,ASW,CE,Combined TRACON& Tower with Radar,109,110,63,58,340,0,4,19,6,29,109,114,82,64,369,0,6,6,375
11/15/2007,OKC,OK,ASW,CE,Combined TRACON& Tower with Radar,110,116,68,58,352,0,8,35,5,48,110,124,103,63,400,0,38,38,438
11/16/2007,OKC,OK,ASW,CE,Combined TRACON& Tower with Radar,113,126,35,24,298,0,7,23,8,38,113,133,58,32,336,0,32,32,368
11/17/2007,OKC,OK,ASW,CE,Combined TRACON& Tower with Radar,96,84,25,5,210,0,3,14,1,18,96,87,39,6,228,0,0,0,228
11/18/2007,OKC,OK,ASW,CE,Combined TRACON& Tower with Radar,94,92,17,9,212,0,6,29,1,36,94,98,46,10,248,0,0,0,248
11/19/2007,OKC,OK,ASW,CE,Combined TRACON& Tower with Radar,107,101,45,21,274,0,2,8,1,11,107,103,53,22,285,0,0,0,285
11/20/2007,OKC,OK,ASW,CE,Combined TRACON& Tower with Radar,118,112,20,39,289,0,7,8,7,22,118,119,28,46,311,0,4,4,315
11/21/2007,OKC,OK,ASW,CE,Combined TRACON& Tower with Radar,118,112,20,39,289,0,7,8,7,22,118,119,28,46,311,0,4,4,315
11/22/2007,OKC,OK,ASW,CE,Combined TRACON& Tower with Radar,75,80,10,2,167,0,3,3,0,6,75,83,13,2,173,0,0,0,173
11/23/2007,OKC,OK,ASW,CE,Combined TRACON& Tower with Radar,91,78,5,0,174,0,9,19,0,28,91,87,24,0,202,0,0,0,202
11/24/2007,OKC,OK,ASW,CE,Combined TRACON& Tower with Radar,92,77,14,0,183,0,1,0,0,1,92,78,14,0,184,0,0,0,184
11/25/2007,OKC,OK,ASW,CE,Combined TRACON& Tower with Radar,94,111,29,0,234,0,0,9,0,9,94,111,38,0,243,0,0,0,243
11/26/2007,OKC,OK,ASW,CE,Combined TRACON& Tower with Radar,104,110,24,55,293,0,4,20,10,34,104,114,44,65,327,0,80,80,407
11/27/2007,OKC,OK,ASW,CE,Combined TRACON& Tower with Radar,111,106,35,76,328,0,9,26,21,56,111,115,61,97,384,0,126,126,510
11/28/2007,OKC,OK,ASW,CE,Combined TRACON& Tower with Radar,104,106,44,32,286,0,8,26,17,51,104,114,70,49,337,0,46,46,383
11/29/2007,OKC,OK,ASW,CE,Combined TRACON& Tower with Radar,107,108,42,43,300,0,3,9,9,21,107,111,51,52,321,12,22,34,355
11/30/2007,OKC,OK,ASW,CE,Combined TRACON& Tower with Radar,103,111,52,19,285,0,11,18,0,29,103,122,70,19,314,16,0,16,330
12/01/2007,OKC,OK,ASW,CE,Combined TRACON& Tower with Radar,75,76,17,0,168,0,0,0,0,0,75,76,17,0,168,0,0,0,168
12/02/2007,OKC,OK,ASW,CE,Combined TRACON& Tower with Radar,87,89,51,33,260,0,3,18,6,27,87,92,69,39,287,0,0,0,287
12/03/2007,OKC,OK,ASW,CE,Combined TRACON& Tower with Radar,99,106,31,45,281,0,7,24,30,61,99,113,55,75,342,0,130,130,472
12/04/2007,OKC,OK,ASW,CE,Combined TRACON& Tower with Radar,104,97,40,55,296,0,5,22,28,55,104,102,62,83,351,0,82,82,433
12/05/2007,OKC,OK,ASW,CE,Combined TRACON& Tower with Radar,101,92,53,95,341,0,4,33,29,66,101,96,86,124,407,0,124,124,531
12/06/2007,OKC,OK,ASW,CE,Combined TRACON& Tower with Radar,109,106,37,37,289,0,0,12,29,41,109,106,49,66,330,0,6,6,336
12/07/2007,OKC,OK,ASW,CE,Combined TRACON& Tower with Radar,112,111,42,10,275,0,0,0,0,0,112,111,42,10,275,0,0,0,275
12/08/2007,OKC,OK,ASW,CE,Combined TRACON& Tower with Radar,84,70,19,5,178,0,0,0,0,0,84,70,19,5,178,0,0,0,178
12/09/2007,OKC,OK,ASW,CE,Combined TRACON& Tower with Radar,66,59,17,0,142,0,0,0,0,0,66,59,17,0,142,0,0,0,142
12/10/2007,OKC,OK,ASW,CE,Combined TRACON& Tower with Radar,22,28,6,0,56,0,0,0,0,0,22,28,6,0,56,0,0,0,56
12/11/2007,OKC,OK,ASW,CE,Combined TRACON& Tower with Radar,79,97,20,2,198,0,0,0,0,0,79,97,20,2,198,0,0,0,198
12/12/2007,OKC,OK,ASW,CE,Combined TRACON& Tower with Radar,106,117,35,22,280,0,0,5,0,5,106,117,40,22,285,0,0,0,285
12/13/2007,OKC,OK,ASW,CE,Combined TRACON& Tower with Radar,109,112,36,21,278,0,0,0,0,0,109,112,36,21,278,0,0,0,278
12/14/2007,OKC,OK,ASW,CE,Combined TRACON& Tower with Radar,111,74,12,3,200,0,0,0,0,0,111,74,12,3,200,0,0,0,200
12/15/2007,OKC,OK,ASW,CE,Combined TRACON& Tower with Radar,85,60,25,5,175,0,0,2,0,2,85,60,27,5,177,0,0,0,177
12/16/2007,OKC,OK,ASW,CE,Combined TRACON& Tower with Radar,90,91,10,1,192,0,4,28,0,32,90,95,38,1,224,0,0,0,224
12/17/2007,OKC,OK,ASW,CE,Combined TRACON& Tower with Radar,109,96,33,85,323,0,2,12,15,29,109,98,45,100,352,6,160,166,518
12/18/2007,OKC,OK,ASW,CE,Combined TRACON& Tower with Radar,113,96,44,88,341,0,4,14,31,49,113,100,58,119,390,0,122,122,512
12/19/2007,OKC,OK,ASW,CE,Combined TRACON& Tower with Radar,107,100,46,87,340,0,5,26,15,46,107,105,72,102,386,0,22,22,408
12/20/2007,OKC,OK,ASW,CE,Combined TRACON& Tower with Radar,115,107,44,52,318,0,5,9,4,18,115,112,53,56,336,8,0,8,344
12/21/2007,OKC,OK,ASW,CE,Combined TRACON& Tower with Radar,114,98,29,25,266,0,4,16,0,20,114,102,45,25,286,0,20,20,306
12/22/2007,OKC,OK,ASW,CE,Combined TRACON& Tower with Radar,90,94,15,1,200,0,2,4,0,6,90,96,19,1,206,0,0,0,206
12/23/2007,OKC,OK,ASW,CE,Combined TRACON& Tower with Radar,93,91,16,0,200,0,5,22,3,30,93,96,38,3,230,0,0,0,230
12/24/2007,OKC,OK,ASW,CE,Combined TRACON& Tower with Radar,86,85,10,0,181,0,1,16,1,18,86,86,26,1,199,0,0,0,199
12/25/2007,OKC,OK,ASW,CE,Combined TRACON& Tower with Radar,73,77,4,0,154,0,6,16,2,24,73,83,20,2,178,0,0,0,178
12/26/2007,OKC,OK,ASW,CE,Combined TRACON& Tower with Radar,113,101,27,0,241,0,1,6,0,7,113,102,33,0,248,0,0,0,248
12/27/2007,OKC,OK,ASW,CE,Combined TRACON& Tower with Radar,93,96,23,2,214,0,2,0,0,2,93,98,23,2,216,0,0,0,216
12/28/2007,OKC,OK,ASW,CE,Combined TRACON& Tower with Radar,111,111,35,1,258,0,4,8,3,15,111,115,43,4,273,0,0,0,273
12/29/2007,OKC,OK,ASW,CE,Combined TRACON& Tower with Radar,89,88,16,0,193,0,4,8,0,12,89,92,24,0,205,0,0,0,205
12/30/2007,OKC,OK,ASW,CE,Combined TRACON& Tower with Radar,97,92,12,0,201,0,4,9,2,15,97,96,21,2,216,0,0,0,216
12/31/2007,OKC,OK,ASW,CE,Combined TRACON& Tower with Radar,95,90,13,0,198,0,9,7,0,16,95,99,20,0,214,0,0,0,214
01/01/2008,OKC,OK,ASW,CE,Combined TRACON& Tower with Radar,78,83,12,0,173,0,5,11,0,16,78,88,23,0,189,0,0,0,189
01/02/2008,OKC,OK,ASW,CE,Combined TRACON& Tower with Radar,105,105,19,1,230,0,3,19,0,22,105,108,38,1,252,0,0,0,252
01/03/2008,OKC,OK,ASW,CE,Combined TRACON& Tower with Radar,123,127,26,33,309,0,4,7,12,23,123,131,33,45,332,0,100,100,432
01/04/2008,OKC,OK,ASW,CE,Combined TRACON& Tower with Radar,106,116,24,84,330,0,4,11,25,40,106,120,35,109,370,2,166,168,538
01/05/2008,OKC,OK,ASW,CE,Combined TRACON& Tower with Radar,84,86,11,4,185,0,5,14,1,20,84,91,25,5,205,0,16,16,221
01/06/2008,OKC,OK,ASW,CE,Combined TRACON& Tower with Radar,87,100,11,24,222,0,6,2,1,9,87,106,13,25,231,0,0,0,231
01/07/2008,OKC,OK,ASW,CE,Combined TRACON& Tower with Radar,97,103,21,61,282,0,3,14,14,31,97,106,35,75,313,0,42,42,355
01/08/2008,OKC,OK,ASW,CE,Combined TRACON& Tower with Radar,102,109,52,103,366,0,2,16,39,57,102,111,68,142,423,0,368,368,791
01/09/2008,OKC,OK,ASW,CE,Combined TRACON& Tower with Radar,99,94,40,96,329,0,10,9,17,36,99,104,49,113,365,0,126,126,491
01/10/2008,OKC,OK,ASW,CE,Combined TRACON& Tower with Radar,103,117,52,40,312,0,3,24,5,32,103,120,76,45,344,0,0,0,344
01/11/2008,OKC,OK,ASW,CE,Combined TRACON& Tower with Radar,100,118,32,67,317,0,5,14,18,37,100,123,46,85,354,0,84,84,438
01/12/2008,OKC,OK,ASW,CE,Combined TRACON& Tower with Radar,80,77,19,12,188,0,2,16,0,18,80,79,35,12,206,0,0,0,206
01/13/2008,OKC,OK,ASW,CE,Combined TRACON& Tower with Radar,84,101,9,15,209,0,5,24,1,30,84,106,33,16,239,10,32,42,281
01/14/2008,OKC,OK,ASW,CE,Combined TRACON& Tower with Radar,95,109,21,65,290,0,4,12,24,40,95,113,33,89,330,0,132,132,462
01/15/2008,OKC,OK,ASW,CE,Combined TRACON& Tower with Radar,101,114,35,64,314,1,1,29,12,43,102,115,64,76,357,18,222,240,597
01/16/2008,OKC,OK,ASW,CE,Combined TRACON& Tower with Radar,100,107,67,71,345,0,3,6,28,37,100,110,73,99,382,0,176,176,558
01/17/2008,OKC,OK,ASW,CE,Combined TRACON& Tower with Radar,101,113,43,27,284,0,4,21,7,32,101,117,64,34,316,4,38,42,358
01/18/2008,OKC,OK,ASW,CE,Combined TRACON& Tower with Radar,104,126,41,48,319,0,3,22,18,43,104,129,63,66,362,8,118,126,488
01/19/2008,OKC,OK,ASW,CE,Combined TRACON& Tower with Radar,72,75,22,0,169,0,8,12,4,24,72,83,34,4,193,0,0,0,193
01/20/2008,OKC,OK,ASW,CE,Combined TRACON& Tower with Radar,83,91,11,5,190,2,4,20,3,29,85,95,31,8,219,6,0,6,225
01/21/2008,OKC,OK,ASW,CE,Combined TRACON& Tower with Radar,92,105,17,2,216,1,2,6,1,10,93,107,23,3,226,2,0,2,228
01/22/2008,OKC,OK,ASW,CE,Combined TRACON& Tower with Radar,105,99,45,55,304,0,0,14,22,36,105,99,59,77,340,4,12,16,356
01/23/2008,OKC,OK,ASW,CE,Combined TRACON& Tower with Radar,97,115,41,60,313,0,4,14,19,37,97,119,55,79,350,4,188,192,542
01/24/2008,OKC,OK,ASW,CE,Combined TRACON& Tower with Radar,96,129,53,76,354,1,8,13,8,30,97,137,66,84,384,0,102,102,486
01/25/2008,OKC,OK,ASW,CE,Combined TRACON& Tower with Radar,94,118,21,8,241,0,0,11,3,14,94,118,32,11,255,0,2,2,257
01/26/2008,OKC,OK,ASW,CE,Combined TRACON& Tower with Radar,24,23,5,0,52,0,0,1,0,1,24,23,6,0,53,0,0,0,53
01/27/2008,OKC,OK,ASW,CE,Combined TRACON& Tower with Radar,98,103,7,1,209,0,11,36,1,48,98,114,43,2,257,0,0,0,257
01/28/2008,OKC,OK,ASW,CE,Combined TRACON& Tower with Radar,94,103,31,18,246,0,2,9,0,11,94,105,40,18,257,24,76,100,357
01/29/2008,OKC,OK,ASW,CE,Combined TRACON& Tower with Radar,98,94,35,55,282,0,2,3,7,12,98,96,38,62,294,0,36,36,330
01/30/2008,OKC,OK,ASW,CE,Combined TRACON& Tower with Radar,99,105,45,56,305,0,2,13,13,28,99,107,58,69,333,4,142,146,479
01/31/2008,OKC,OK,ASW,CE,Combined TRACON& Tower with Radar,100,106,34,1,241,0,3,2,0,5,100,109,36,1,246,0,0,0,246
02/01/2008,OKC,OK,ASW,CE,Combined TRACON& Tower with Radar,102,119,37,30,288,0,3,12,5,20,102,122,49,35,308,0,28,28,336
02/02/2008,OKC,OK,ASW,CE,Combined TRACON& Tower with Radar,80,78,19,6,183,0,4,23,0,27,80,82,42,6,210,0,0,0,210
02/03/2008,OKC,OK,ASW,CE,Combined TRACON& Tower with Radar,86,94,4,11,195,0,0,17,2,19,86,94,21,13,214,0,0,0,214
02/04/2008,OKC,OK,ASW,CE,Combined TRACON& Tower with Radar,93,113,16,46,268,0,8,11,14,33,93,121,27,60,301,11,113,124,425
02/05/2008,OKC,OK,ASW,CE,Combined TRACON& Tower with Radar,111,106,53,4,274,0,0,2,0,2,111,106,55,4,276,0,0,0,276
02/06/2008,OKC,OK,ASW,CE,Combined TRACON& Tower with Radar,98,108,34,54,294,0,4,14,19,37,98,112,48,73,331,0,112,112,443
02/07/2008,OKC,OK,ASW,CE,Combined TRACON& Tower with Radar,103,119,38,105,365,0,0,9,15,24,103,119,47,120,389,0,160,160,549
02/08/2008,OKC,OK,ASW,CE,Combined TRACON& Tower with Radar,98,127,47,70,342,2,5,21,17,45,100,132,68,87,387,0,142,142,529
02/09/2008,OKC,OK,ASW,CE,Combined TRACON& Tower with Radar,74,83,13,0,170,0,3,12,0,15,74,86,25,0,185,0,0,0,185
02/10/2008,OKC,OK,ASW,CE,Combined TRACON& Tower with Radar,84,91,10,0,185,0,4,10,1,15,84,95,20,1,200,0,0,0,200
02/11/2008,OKC,OK,ASW,CE,Combined TRACON& Tower with Radar,101,113,40,80,334,0,1,3,11,15,101,114,43,91,349,0,158,158,507
02/12/2008,OKC,OK,ASW,CE,Combined TRACON& Tower with Radar,94,106,40,90,330,0,3,15,9,27,94,109,55,99,357,0,22,22,379
02/13/2008,OKC,OK,ASW,CE,Combined TRACON& Tower with Radar,94,103,33,61,291,0,7,31,22,60,94,110,64,83,351,0,154,154,505
02/14/2008,OKC,OK,ASW,CE,Combined TRACON& Tower with Radar,107,112,39,130,388,0,7,19,24,50,107,119,58,154,438,0,232,232,670
02/15/2008,OKC,OK,ASW,CE,Combined TRACON& Tower with Radar,101,136,47,4,288,0,0,3,0,3,101,136,50,4,291,0,0,0,291
02/16/2008,OKC,OK,ASW,CE,Combined TRACON& Tower with Radar,66,90,7,1,164,0,0,0,0,0,66,90,7,1,164,0,0,0,164
02/17/2008,OKC,OK,ASW,CE,Combined TRACON& Tower with Radar,76,92,27,0,195,0,0,9,0,9,76,92,36,0,204,0,0,0,204
02/18/2008,OKC,OK,ASW,CE,Combined TRACON& Tower with Radar,90,103,26,9,228,0,4,17,0,21,90,107,43,9,249,0,0,0,249
02/19/2008,OKC,OK,ASW,CE,Combined TRACON& Tower with Radar,98,112,33,60,303,0,17,20,17,54,98,129,53,77,357,0,168,168,525
02/20/2008,OKC,OK,ASW,CE,Combined TRACON& Tower with Radar,105,132,42,66,345,0,4,6,12,22,105,136,48,78,367,0,110,110,477
02/21/2008,OKC,OK,ASW,CE,Combined TRACON& Tower with Radar,94,107,39,0,240,0,0,0,0,0,94,107,39,0,240,0,0,0,240
02/22/2008,OKC,OK,ASW,CE,Combined TRACON& Tower with Radar,108,129,46,96,379,0,7,16,8,31,108,136,62,104,410,2,46,48,458
02/23/2008,OKC,OK,ASW,CE,Combined TRACON& Tower with Radar,72,95,14,7,188,0,0,10,3,13,72,95,24,10,201,0,0,0,201
02/24/2008,OKC,OK,ASW,CE,Combined TRACON& Tower with Radar,78,101,8,21,208,1,2,11,0,14,79,103,19,21,222,0,0,0,222
02/25/2008,OKC,OK,ASW,CE,Combined TRACON& Tower with Radar,95,122,29,116,362,0,2,23,17,42,95,124,52,133,404,0,124,124,528
02/26/2008,OKC,OK,ASW,CE,Combined TRACON& Tower with Radar,98,118,33,83,332,0,16,15,10,41,98,134,48,93,373,0,290,290,663
02/27/2008,OKC,OK,ASW,CE,Combined TRACON& Tower with Radar,96,125,48,72,341,0,2,30,21,53,96,127,78,93,394,0,122,122,516
02/28/2008,OKC,OK,ASW,CE,Combined TRACON& Tower with Radar,98,133,25,97,353,0,9,22,16,47,98,142,47,113,400,0,94,94,494
02/29/2008,OKC,OK,ASW,CE,Combined TRACON& Tower with Radar,101,125,47,90,363,0,4,34,13,51,101,129,81,103,414,0,10,10,424
03/01/2008,OKC,OK,ASW,CE,Combined TRACON& Tower with Radar,82,99,17,9,207,0,0,12,0,12,82,99,29,9,219,0,0,0,219
03/02/2008,OKC,OK,ASW,CE,Combined TRACON& Tower with Radar,84,92,10,6,192,0,3,3,0,6,84,95,13,6,198,0,0,0,198
03/03/2008,OKC,OK,ASW,CE,Combined TRACON& Tower with Radar,92,127,24,16,259,0,0,4,4,8,92,127,28,20,267,0,0,0,267
03/04/2008,OKC,OK,ASW,CE,Combined TRACON& Tower with Radar,104,121,27,88,340,0,8,26,19,53,104,129,53,107,393,0,154,154,547
03/05/2008,OKC,OK,ASW,CE,Combined TRACON& Tower with Radar,104,122,42,82,350,0,10,15,21,46,104,132,57,103,396,0,78,78,474
03/06/2008,OKC,OK,ASW,CE,Combined TRACON& Tower with Radar,98,135,49,68,350,0,2,10,3,15,98,137,59,71,365,0,42,42,407
03/07/2008,OKC,OK,ASW,CE,Combined TRACON& Tower with Radar,108,128,44,51,331,0,7,7,7,21,108,135,51,58,352,10,46,56,408
03/08/2008,OKC,OK,ASW,CE,Combined TRACON& Tower with Radar,85,93,17,18,213,0,0,13,8,21,85,93,30,26,234,0,22,22,256
03/09/2008,OKC,OK,ASW,CE,Combined TRACON& Tower with Radar,90,99,17,8,214,0,4,14,2,20,90,103,31,10,234,0,0,0,234
03/10/2008,OKC,OK,ASW,CE,Combined TRACON& Tower with Radar,104,110,38,61,313,0,9,32,4,45,104,119,70,65,358,0,46,46,404
03/11/2008,OKC,OK,ASW,CE,Combined TRACON& Tower with Radar,114,115,49,42,320,0,4,23,11,38,114,119,72,53,358,10,24,34,392
03/12/2008,OKC,OK,ASW,CE,Combined TRACON& Tower with Radar,101,116,41,50,308,0,11,19,2,32,101,127,60,52,340,24,14,38,378
03/13/2008,OKC,OK,ASW,CE,Combined TRACON& Tower with Radar,101,132,51,107,391,0,3,41,24,68,101,135,92,131,459,0,144,144,603
03/14/2008,OKC,OK,ASW,CE,Combined TRACON& Tower with Radar,110,138,29,93,370,0,8,18,40,66,110,146,47,133,436,2,82,84,520
03/15/2008,OKC,OK,ASW,CE,Combined TRACON& Tower with Radar,93,94,27,11,225,0,0,7,4,11,93,94,34,15,236,0,0,0,236
03/16/2008,OKC,OK,ASW,CE,Combined TRACON& Tower with Radar,86,90,16,17,209,0,2,11,0,13,86,92,27,17,222,0,0,0,222
03/17/2008,OKC,OK,ASW,CE,Combined TRACON& Tower with Radar,97,109,19,2,227,0,2,11,4,17,97,111,30,6,244,0,0,0,244
03/18/2008,OKC,OK,ASW,CE,Combined TRACON& Tower with Radar,128,106,19,22,275,0,0,0,0,0,128,106,19,22,275,0,10,10,285
03/19/2008,OKC,OK,ASW,CE,Combined TRACON& Tower with Radar,105,125,33,79,342,0,5,34,4,43,105,130,67,83,385,0,54,54,439
03/20/2008,OKC,OK,ASW,CE,Combined TRACON& Tower with Radar,103,119,31,45,298,0,7,16,8,31,103,126,47,53,329,2,62,64,393
03/21/2008,OKC,OK,ASW,CE,Combined TRACON& Tower with Radar,105,117,37,53,312,0,14,18,6,38,105,131,55,59,350,0,116,116,466
03/22/2008,OKC,OK,ASW,CE,Combined TRACON& Tower with Radar,82,94,19,1,196,0,6,8,1,15,82,100,27,2,211,0,0,0,211
03/23/2008,OKC,OK,ASW,CE,Combined TRACON& Tower with Radar,83,95,13,8,199,0,2,19,1,22,83,97,32,9,221,0,0,0,221
03/24/2008,OKC,OK,ASW,CE,Combined TRACON& Tower with Radar,103,119,25,99,346,0,6,23,18,47,103,125,48,117,393,0,146,146,539
03/25/2008,OKC,OK,ASW,CE,Combined TRACON& Tower with Radar,101,122,33,55,311,0,7,44,10,61,101,129,77,65,372,6,86,92,464
03/26/2008,OKC,OK,ASW,CE,Combined TRACON& Tower with Radar,108,137,50,72,367,0,10,23,16,49,108,147,73,88,416,0,10,10,426
03/27/2008,OKC,OK,ASW,CE,Combined TRACON& Tower with Radar,101,117,37,78,333,0,7,39,19,65,101,124,76,97,398,0,158,158,556
03/28/2008,OKC,OK,ASW,CE,Combined TRACON& Tower with Radar,118,121,44,43,326,0,2,10,2,14,118,123,54,45,340,0,0,0,340
03/29/2008,OKC,OK,ASW,CE,Combined TRACON& Tower with Radar,84,89,13,4,190,0,0,5,1,6,84,89,18,5,196,0,0,0,196
03/30/2008,OKC,OK,ASW,CE,Combined TRACON& Tower with Radar,82,88,17,15,202,0,0,3,0,3,82,88,20,15,205,0,0,0,205
03/31/2008,OKC,OK,ASW,CE,Combined TRACON& Tower with Radar,105,107,14,29,255,3,8,5,1,17,108,115,19,30,272,22,86,108,380
04/01/2008,OKC,OK,ASW,CE,Combined TRACON& Tower with Radar,117,112,45,61,335,0,8,29,19,56,117,120,74,80,391,18,198,216,607
04/02/2008,OKC,OK,ASW,CE,Combined TRACON& Tower with Radar,107,126,20,34,287,0,3,17,2,22,107,129,37,36,309,0,0,0,309
04/03/2008,OKC,OK,ASW,CE,Combined TRACON& Tower with Radar,108,127,22,17,274,0,0,4,0,4,108,127,26,17,278,0,0,0,278
04/04/2008,OKC,OK,ASW,CE,Combined TRACON& Tower with Radar,107,126,29,54,316,0,7,51,23,81,107,133,80,77,397,0,0,0,397
04/05/2008,OKC,OK,ASW,CE,Combined TRACON& Tower with Radar,89,90,16,16,211,0,7,14,6,27,89,97,30,22,238,0,20,20,258
04/06/2008,OKC,OK,ASW,CE,Combined TRACON& Tower with Radar,88,93,11,5,197,0,6,14,1,21,88,99,25,6,218,0,0,0,218
04/07/2008,OKC,OK,ASW,CE,Combined TRACON& Tower with Radar,99,120,29,21,269,0,7,23,7,37,99,127,52,28,306,0,34,34,340
04/08/2008,OKC,OK,ASW,CE,Combined TRACON& Tower with Radar,99,129,60,93,381,0,4,22,3,29,99,133,82,96,410,6,12,18,428
04/09/2008,OKC,OK,ASW,CE,Combined TRACON& Tower with Radar,95,116,46,12,269,0,6,9,1,16,95,122,55,13,285,4,0,4,289
04/10/2008,OKC,OK,ASW,CE,Combined TRACON& Tower with Radar,91,132,49,24,296,1,2,3,2,8,92,134,52,26,304,0,0,0,304
04/11/2008,OKC,OK,ASW,CE,Combined TRACON& Tower with Radar,102,131,57,33,323,0,5,16,3,24,102,136,73,36,347,8,12,20,367
04/12/2008,OKC,OK,ASW,CE,Combined TRACON& Tower with Radar,93,83,12,15,203,0,1,17,5,23,93,84,29,20,226,4,34,38,264
04/13/2008,OKC,OK,ASW,CE,Combined TRACON& Tower with Radar,92,92,15,5,204,0,4,14,1,19,92,96,29,6,223,0,0,0,223
04/14/2008,OKC,OK,ASW,CE,Combined TRACON& Tower with Radar,99,123,38,46,306,0,12,12,29,53,99,135,50,75,359,0,154,154,513
04/15/2008,OKC,OK,ASW,CE,Combined TRACON& Tower with Radar,106,118,43,84,351,0,8,46,9,63,106,126,89,93,414,0,236,236,650
04/16/2008,OKC,OK,ASW,CE,Combined TRACON& Tower with Radar,109,104,26,35,274,1,13,19,11,44,110,117,45,46,318,0,72,72,390
04/17/2008,OKC,OK,ASW,CE,Combined TRACON& Tower with Radar,118,116,37,74,345,0,17,20,23,60,118,133,57,97,405,0,116,116,521
04/18/2008,OKC,OK,ASW,CE,Combined TRACON& Tower with Radar,123,120,40,72,355,0,1,27,12,40,123,121,67,84,395,0,160,160,555
04/19/2008,OKC,OK,ASW,CE,Combined TRACON& Tower with Radar,96,72,17,1,186,0,6,26,2,34,96,78,43,3,220,0,0,0,220
04/20/2008,OKC,OK,ASW,CE,Combined TRACON& Tower with Radar,90,84,8,7,189,0,5,12,0,17,90,89,20,7,206,0,0,0,206
04/21/2008,OKC,OK,ASW,CE,Combined TRACON& Tower with Radar,109,101,38,58,306,0,5,12,2,19,109,106,50,60,325,8,0,8,333
04/22/2008,OKC,OK,ASW,CE,Combined TRACON& Tower with Radar,107,131,55,46,339,0,6,13,1,20,107,137,68,47,359,8,0,8,367
04/23/2008,OKC,OK,ASW,CE,Combined TRACON& Tower with Radar,112,98,34,9,253,0,6,1,0,7,112,104,35,9,260,0,0,0,260
04/24/2008,OKC,OK,ASW,CE,Combined TRACON& Tower with Radar,139,108,50,52,349,0,4,9,13,26,139,112,59,65,375,8,102,110,485
04/25/2008,OKC,OK,ASW,CE,Combined TRACON& Tower with Radar,116,112,37,28,293,0,11,9,4,24,116,123,46,32,317,0,48,48,365
04/26/2008,OKC,OK,ASW,CE,Combined TRACON& Tower with Radar,100,69,25,37,231,0,6,15,14,35,100,75,40,51,266,0,42,42,308
04/27/2008,OKC,OK,ASW,CE,Combined TRACON& Tower with Radar,96,79,12,13,200,0,8,14,4,26,96,87,26,17,226,0,0,0,226
04/28/2008,OKC,OK,ASW,CE,Combined TRACON& Tower with Radar,110,101,32,37,280,0,10,38,5,53,110,111,70,42,333,0,0,0,333
04/29/2008,OKC,OK,ASW,CE,Combined TRACON& Tower with Radar,106,98,41,32,277,1,1,59,12,73,107,99,100,44,350,10,178,188,538
04/30/2008,OKC,OK,ASW,CE,Combined TRACON& Tower with Radar,104,98,43,60,305,0,2,42,39,83,104,100,85,99,388,14,122,136,524
05/01/2008,OKC,OK,ASW,CE,Combined TRACON& Tower with Radar,117,99,30,39,285,0,0,29,18,47,117,99,59,57,332,20,56,76,408
05/02/2008,OKC,OK,ASW,CE,Combined TRACON& Tower with Radar,124,119,34,40,317,0,13,26,3,42,124,132,60,43,359,0,50,50,409
05/03/2008,OKC,OK,ASW,CE,Combined TRACON& Tower with Radar,104,68,12,0,184,0,9,14,0,23,104,77,26,0,207,0,0,0,207
05/04/2008,OKC,OK,ASW,CE,Combined TRACON& Tower with Radar,96,69,12,24,201,0,10,14,3,27,96,79,26,27,228,0,0,0,228
05/05/2008,OKC,OK,ASW,CE,Combined TRACON& Tower with Radar,113,75,27,5,220,0,2,14,1,17,113,77,41,6,237,4,0,4,241
05/06/2008,OKC,OK,ASW,CE,Combined TRACON& Tower with Radar,114,103,34,32,283,0,4,7,1,12,114,107,41,33,295,0,0,0,295
05/07/2008,OKC,OK,ASW,CE,Combined TRACON& Tower with Radar,107,100,22,1,230,0,0,2,0,2,107,100,24,1,232,0,0,0,232
05/08/2008,OKC,OK,ASW,CE,Combined TRACON& Tower with Radar,117,102,41,59,319,0,10,22,0,32,117,112,63,59,351,16,20,36,387
05/09/2008,OKC,OK,ASW,CE,Combined TRACON& Tower with Radar,120,94,43,93,350,0,12,40,18,70,120,106,83,111,420,32,156,188,608
05/10/2008,OKC,OK,ASW,CE,Combined TRACON& Tower with Radar,96,65,15,0,176,0,16,22,2,40,96,81,37,2,216,0,0,0,216
05/11/2008,OKC,OK,ASW,CE,Combined TRACON& Tower with Radar,94,72,17,0,183,0,6,14,2,22,94,78,31,2,205,0,0,0,205
05/12/2008,OKC,OK,ASW,CE,Combined TRACON& Tower with Radar,110,101,25,34,270,0,6,37,21,64,110,107,62,55,334,16,192,208,542
05/13/2008,OKC,OK,ASW,CE,Combined TRACON& Tower with Radar,109,98,70,46,323,0,10,17,14,41,109,108,87,60,364,2,34,36,400
05/14/2008,OKC,OK,ASW,CE,Combined TRACON& Tower with Radar,110,99,52,42,303,0,6,29,7,42,110,105,81,49,345,0,0,0,345
05/15/2008,OKC,OK,ASW,CE,Combined TRACON& Tower with Radar,119,94,46,44,303,0,3,20,11,34,119,97,66,55,337,2,52,54,391
05/16/2008,OKC,OK,ASW,CE,Combined TRACON& Tower with Radar,115,97,25,51,288,0,4,24,6,34,115,101,49,57,322,0,32,32,354
05/17/2008,OKC,OK,ASW,CE,Combined TRACON& Tower with Radar,95,66,16,34,211,0,2,13,5,20,95,68,29,39,231,0,18,18,249
05/18/2008,OKC,OK,ASW,CE,Combined TRACON& Tower with Radar,98,73,12,3,186,0,1,5,2,8,98,74,17,5,194,0,0,0,194
05/19/2008,OKC,OK,ASW,CE,Combined TRACON& Tower with Radar,107,80,19,45,251,0,7,22,8,37,107,87,41,53,288,0,42,42,330
05/20/2008,OKC,OK,ASW,CE,Combined TRACON& Tower with Radar,108,95,46,84,333,0,9,27,6,42,108,104,73,90,375,10,130,140,515
05/21/2008,OKC,OK,ASW,CE,Combined TRACON& Tower with Radar,113,103,25,78,319,0,3,19,26,48,113,106,44,104,367,0,70,70,437
05/22/2008,OKC,OK,ASW,CE,Combined TRACON& Tower with Radar,116,95,54,38,303,0,6,22,4,32,116,101,76,42,335,0,0,0,335
05/23/2008,OKC,OK,ASW,CE,Combined TRACON& Tower with Radar,123,100,20,32,275,0,6,12,19,37,123,106,32,51,312,0,40,40,352
05/24/2008,OKC,OK,ASW,CE,Combined TRACON& Tower with Radar,101,63,14,21,199,0,4,14,2,20,101,67,28,23,219,0,0,0,219
05/25/2008,OKC,OK,ASW,CE,Combined TRACON& Tower with Radar,90,61,13,6,170,0,0,12,2,14,90,61,25,8,184,0,0,0,184
05/26/2008,OKC,OK,ASW,CE,Combined TRACON& Tower with Radar,89,75,10,1,175,0,8,14,2,24,89,83,24,3,199,0,0,0,199
05/27/2008,OKC,OK,ASW,CE,Combined TRACON& Tower with Radar,122,102,33,29,286,1,3,18,6,28,123,105,51,35,314,30,30,60,374
05/28/2008,OKC,OK,ASW,CE,Combined TRACON& Tower with Radar,114,101,41,80,336,0,0,39,39,78,114,101,80,119,414,40,302,342,756
05/29/2008,OKC,OK,ASW,CE,Combined TRACON& Tower with Radar,121,103,40,31,295,0,7,11,5,23,121,110,51,36,318,0,0,0,318
05/30/2008,OKC,OK,ASW,CE,Combined TRACON& Tower with Radar,119,111,32,40,302,0,4,16,15,35,119,115,48,55,337,0,78,78,415
05/31/2008,OKC,OK,ASW,CE,Combined TRACON& Tower with Radar,101,67,16,32,216,0,2,20,10,32,101,69,36,42,248,0,20,20,268
06/01/2008,OKC,OK,ASW,CE,Combined TRACON& Tower with Radar,107,83,19,7,216,2,6,8,1,17,109,89,27,8,233,10,78,88,321
06/02/2008,OKC,OK,ASW,CE,Combined TRACON& Tower with Radar,114,93,25,35,267,0,10,16,11,37,114,103,41,46,304,2,180,182,486
06/03/2008,OKC,OK,ASW,CE,Combined TRACON& Tower with Radar,113,100,45,27,285,0,5,13,10,28,113,105,58,37,313,0,6,6,319
06/04/2008,OKC,OK,ASW,CE,Combined TRACON& Tower with Radar,122,95,59,29,305,0,2,12,6,20,122,97,71,35,325,0,8,8,333
06/05/2008,OKC,OK,ASW,CE,Combined TRACON& Tower with Radar,106,100,50,36,292,0,7,6,9,22,106,107,56,45,314,7,107,114,428
06/06/2008,OKC,OK,ASW,CE,Combined TRACON& Tower with Radar,109,117,39,25,290,0,2,11,7,20,109,119,50,32,310,0,0,0,310
06/07/2008,OKC,OK,ASW,CE,Combined TRACON& Tower with Radar,93,77,17,5,192,0,7,6,0,13,93,84,23,5,205,0,0,0,205
06/08/2008,OKC,OK,ASW,CE,Combined TRACON& Tower with Radar,82,75,12,3,172,0,3,8,2,13,82,78,20,5,185,0,0,0,185
06/09/2008,OKC,OK,ASW,CE,Combined TRACON& Tower with Radar,113,111,29,9,262,0,0,14,0,14,113,111,43,9,276,0,0,0,276
06/10/2008,OKC,OK,ASW,CE,Combined TRACON& Tower with Radar,103,98,32,75,308,0,0,24,24,48,103,98,56,99,356,8,128,136,492
06/11/2008,OKC,OK,ASW,CE,Combined TRACON& Tower with Radar,108,109,43,57,317,0,5,23,22,50,108,114,66,79,367,0,156,156,523
06/12/2008,OKC,OK,ASW,CE,Combined TRACON& Tower with Radar,104,107,41,91,343,0,3,23,34,60,104,110,64,125,403,0,195,195,598
06/13/2008,OKC,OK,ASW,CE,Combined TRACON& Tower with Radar,103,102,36,32,273,0,7,23,10,40,103,109,59,42,313,36,34,70,383
06/14/2008,OKC,OK,ASW,CE,Combined TRACON& Tower with Radar,91,84,13,2,190,0,2,19,0,21,91,86,32,2,211,0,0,0,211
06/15/2008,OKC,OK,ASW,CE,Combined TRACON& Tower with Radar,85,85,15,16,201,0,12,6,1,19,85,97,21,17,220,0,0,0,220
06/16/2008,OKC,OK,ASW,CE,Combined TRACON& Tower with Radar,103,104,43,44,294,0,5,22,2,29,103,109,65,46,323,6,6,12,335
06/17/2008,OKC,OK,ASW,CE,Combined TRACON& Tower with Radar,110,104,39,15,268,0,0,8,1,9,110,104,47,16,277,0,0,0,277
06/18/2008,OKC,OK,ASW,CE,Combined TRACON& Tower with Radar,106,107,52,48,313,0,9,43,6,58,106,116,95,54,371,26,78,104,475
06/19/2008,OKC,OK,ASW,CE,Combined TRACON& Tower with Radar,105,111,46,50,312,0,4,36,5,45,105,115,82,55,357,0,0,0,357
06/20/2008,OKC,OK,ASW,CE,Combined TRACON& Tower with Radar,113,102,57,112,384,0,6,30,23,59,113,108,87,135,443,22,260,282,725
06/21/2008,OKC,OK,ASW,CE,Combined TRACON& Tower with Radar,86,94,14,8,202,0,15,26,2,43,86,109,40,10,245,0,0,0,245
06/22/2008,OKC,OK,ASW,CE,Combined TRACON& Tower with Radar,89,78,10,12,189,0,8,14,5,27,89,86,24,17,216,2,34,36,252
06/23/2008,OKC,OK,ASW,CE,Combined TRACON& Tower with Radar,107,115,38,85,345,0,12,29,2,43,107,127,67,87,388,30,18,48,436
06/24/2008,OKC,OK,ASW,CE,Combined TRACON& Tower with Radar,106,108,43,52,309,0,18,41,18,77,106,126,84,70,386,4,154,158,544
06/25/2008,OKC,OK,ASW,CE,Combined TRACON& Tower with Radar,117,110,34,44,305,0,12,15,40,67,117,122,49,84,372,0,134,134,506
06/26/2008,OKC,OK,ASW,CE,Combined TRACON& Tower with Radar,123,98,44,44,309,0,8,37,26,71,123,106,81,70,380,0,34,34,414
06/27/2008,OKC,OK,ASW,CE,Combined TRACON& Tower with Radar,107,110,34,33,284,0,7,24,2,33,107,117,58,35,317,4,10,14,331
06/28/2008,OKC,OK,ASW,CE,Combined TRACON& Tower with Radar,115,84,10,5,214,0,13,9,0,22,115,97,19,5,236,0,0,0,236
06/29/2008,OKC,OK,ASW,CE,Combined TRACON& Tower with Radar,87,87,22,13,209,0,6,17,7,30,87,93,39,20,239,0,12,12,251
06/30/2008,OKC,OK,ASW,CE,Combined TRACON& Tower with Radar,104,101,18,86,309,0,15,17,76,108,104,116,35,162,417,6,264,270,687
07/01/2008,OKC,OK,ASW,CE,Combined TRACON& Tower with Radar,105,100,22,84,311,0,16,11,0,27,105,116,33,84,338,0,156,156,494
07/02/2008,OKC,OK,ASW,CE,Combined TRACON& Tower with Radar,111,103,40,59,313,0,12,24,1,37,111,115,64,60,350,0,47,47,397
07/03/2008,OKC,OK,ASW,CE,Combined TRACON& Tower with Radar,105,99,21,73,298,0,18,15,14,47,105,117,36,87,345,0,90,90,435
07/04/2008,OKC,OK,ASW,CE,Combined TRACON& Tower with Radar,79,70,8,1,158,0,0,14,0,14,79,70,22,1,172,0,0,0,172
07/05/2008,OKC,OK,ASW,CE,Combined TRACON& Tower with Radar,83,63,9,2,157,0,2,5,6,13,83,65,14,8,170,0,0,0,170
07/06/2008,OKC,OK,ASW,CE,Combined TRACON& Tower with Radar,87,77,12,5,181,0,2,11,0,13,87,79,23,5,194,0,0,0,194
07/07/2008,OKC,OK,ASW,CE,Combined TRACON& Tower with Radar,108,100,40,16,264,0,9,19,2,30,108,109,59,18,294,6,0,6,300
07/08/2008,OKC,OK,ASW,CE,Combined TRACON& Tower with Radar,138,102,48,148,436,0,5,15,7,27,138,107,63,155,463,0,246,246,709
07/09/2008,OKC,OK,ASW,CE,Combined TRACON& Tower with Radar,108,103,42,74,327,0,0,6,14,20,108,103,48,88,347,0,116,116,463
07/10/2008,OKC,OK,ASW,CE,Combined TRACON& Tower with Radar,103,106,43,117,369,0,4,16,0,20,103,110,59,117,389,0,152,152,541
07/11/2008,OKC,OK,ASW,CE,Combined TRACON& Tower with Radar,108,111,42,65,326,0,8,25,1,34,108,119,67,66,360,36,64,100,460
07/12/2008,OKC,OK,ASW,CE,Combined TRACON& Tower with Radar,85,78,15,3,181,0,2,9,2,13,85,80,24,5,194,14,0,14,208
07/13/2008,OKC,OK,ASW,CE,Combined TRACON& Tower with Radar,83,82,25,2,192,0,4,3,0,7,83,86,28,2,199,0,0,0,199
07/14/2008,OKC,OK,ASW,CE,Combined TRACON& Tower with Radar,109,94,38,27,268,0,11,24,3,38,109,105,62,30,306,10,0,10,316
07/15/2008,OKC,OK,ASW,CE,Combined TRACON& Tower with Radar,117,115,53,73,358,0,8,23,5,36,117,123,76,78,394,0,92,92,486
07/16/2008,OKC,OK,ASW,CE,Combined TRACON& Tower with Radar,108,105,45,140,398,0,14,24,18,56,108,119,69,158,454,8,228,236,690
07/17/2008,OKC,OK,ASW,CE,Combined TRACON& Tower with Radar,104,106,32,95,337,0,12,22,2,36,104,118,54,97,373,4,413,417,790
07/18/2008,OKC,OK,ASW,CE,Combined TRACON& Tower with Radar,111,107,32,109,359,0,7,16,0,23,111,114,48,109,382,2,238,240,622
07/19/2008,OKC,OK,ASW,CE,Combined TRACON& Tower with Radar,85,68,21,2,176,0,0,13,0,13,85,68,34,2,189,6,0,6,195
07/20/2008,OKC,OK,ASW,CE,Combined TRACON& Tower with Radar,85,82,8,10,185,0,7,24,2,33,85,89,32,12,218,0,4,4,222
07/21/2008,OKC,OK,ASW,CE,Combined TRACON& Tower with Radar,104,94,23,180,401,0,4,25,3,32,104,98,48,183,433,0,317,317,750
07/22/2008,OKC,OK,ASW,CE,Combined TRACON& Tower with Radar,104,103,25,56,288,0,10,29,4,43,104,113,54,60,331,0,8,8,339
07/23/2008,OKC,OK,ASW,CE,Combined TRACON& Tower with Radar,104,111,43,151,409,0,5,36,21,62,104,116,79,172,471,0,194,194,665
07/24/2008,OKC,OK,ASW,CE,Combined TRACON& Tower with Radar,111,100,29,122,362,0,7,32,3,42,111,107,61,125,404,0,154,154,558
07/25/2008,OKC,OK,ASW,CE,Combined TRACON& Tower with Radar,112,111,51,124,398,0,13,26,3,42,112,124,77,127,440,0,244,244,684
07/26/2008,OKC,OK,ASW,CE,Combined TRACON& Tower with Radar,87,79,13,7,186,0,6,16,1,23,87,85,29,8,209,4,0,4,213
07/27/2008,OKC,OK,ASW,CE,Combined TRACON& Tower with Radar,88,81,12,3,184,0,7,15,1,23,88,88,27,4,207,0,0,0,207
07/28/2008,OKC,OK,ASW,CE,Combined TRACON& Tower with Radar,102,90,34,68,294,0,2,17,5,24,102,92,51,73,318,0,0,0,318
07/29/2008,OKC,OK,ASW,CE,Combined TRACON& Tower with Radar,110,100,29,31,270,0,0,28,2,30,110,100,57,33,300,14,0,14,314
07/30/2008,OKC,OK,ASW,CE,Combined TRACON& Tower with Radar,124,104,35,76,339,0,4,14,4,22,124,108,49,80,361,0,20,20,381
07/31/2008,OKC,OK,ASW,CE,Combined TRACON& Tower with Radar,106,105,54,99,364,0,7,19,6,32,106,112,73,105,396,6,218,224,620
08/01/2008,OKC,OK,ASW,CE,Combined TRACON& Tower with Radar,113,103,34,72,322,0,5,11,5,21,113,108,45,77,343,0,74,74,417
08/02/2008,OKC,OK,ASW,CE,Combined TRACON& Tower with Radar,83,79,20,1,183,0,8,16,0,24,83,87,36,1,207,0,10,10,217
08/03/2008,OKC,OK,ASW,CE,Combined TRACON& Tower with Radar,86,78,12,17,193,0,2,14,0,16,86,80,26,17,209,0,0,0,209
08/04/2008,OKC,OK,ASW,CE,Combined TRACON& Tower with Radar,103,87,21,49,260,0,7,14,11,32,103,94,35,60,292,0,132,132,424
08/05/2008,OKC,OK,ASW,CE,Combined TRACON& Tower with Radar,105,80,37,52,274,0,13,20,3,36,105,93,57,55,310,14,36,50,360
08/06/2008,OKC,OK,ASW,CE,Combined TRACON& Tower with Radar,102,95,49,143,389,0,5,22,239,266,102,100,71,382,655,0,120,120,775
08/07/2008,OKC,OK,ASW,CE,Combined TRACON& Tower with Radar,110,113,43,88,354,0,2,12,0,14,110,115,55,88,368,10,82,92,460
08/08/2008,OKC,OK,ASW,CE,Combined TRACON& Tower with Radar,109,94,35,93,331,0,4,11,0,15,109,98,46,93,346,2,112,114,460
08/09/2008,OKC,OK,ASW,CE,Combined TRACON& Tower with Radar,88,75,14,52,229,0,4,9,0,13,88,79,23,52,242,0,26,26,268
08/10/2008,OKC,OK,ASW,CE,Combined TRACON& Tower with Radar,89,86,17,19,211,0,7,7,0,14,89,93,24,19,225,0,20,20,245
08/11/2008,OKC,OK,ASW,CE,Combined TRACON& Tower with Radar,103,100,58,37,298,0,3,8,1,12,103,103,66,38,310,0,0,0,310
08/12/2008,OKC,OK,ASW,CE,Combined TRACON& Tower with Radar,100,101,73,93,367,0,7,19,1,27,100,108,92,94,394,0,32,32,426
08/13/2008,OKC,OK,ASW,CE,Combined TRACON& Tower with Radar,108,101,61,121,391,0,9,26,8,43,108,110,87,129,434,10,210,220,654
08/14/2008,OKC,OK,ASW,CE,Combined TRACON& Tower with Radar,105,107,55,85,352,0,4,20,21,45,105,111,75,106,397,14,262,276,673
08/15/2008,OKC,OK,ASW,CE,Combined TRACON& Tower with Radar,111,111,39,23,284,2,4,17,1,24,113,115,56,24,308,0,0,0,308
08/16/2008,OKC,OK,ASW,CE,Combined TRACON& Tower with Radar,86,79,22,6,193,0,4,8,0,12,86,83,30,6,205,0,0,0,205
08/17/2008,OKC,OK,ASW,CE,Combined TRACON& Tower with Radar,87,83,12,24,206,0,2,22,3,27,87,85,34,27,233,0,8,8,241
08/18/2008,OKC,OK,ASW,CE,Combined TRACON& Tower with Radar,95,98,36,6,235,0,0,12,0,12,95,98,48,6,247,0,0,0,247
08/19/2008,OKC,OK,ASW,CE,Combined TRACON& Tower with Radar,103,104,58,38,303,0,0,1,0,1,103,104,59,38,304,20,0,20,324
08/20/2008,OKC,OK,ASW,CE,Combined TRACON& Tower with Radar,104,114,51,69,338,0,2,11,2,15,104,116,62,71,353,0,0,0,353
08/21/2008,OKC,OK,ASW,CE,Combined TRACON& Tower with Radar,106,114,50,84,354,0,0,8,1,9,106,114,58,85,363,2,38,40,403
08/22/2008,OKC,OK,ASW,CE,Combined TRACON& Tower with Radar,109,106,43,39,297,0,6,21,8,35,109,112,64,47,332,0,0,0,332
08/23/2008,OKC,OK,ASW,CE,Combined TRACON& Tower with Radar,84,73,21,0,178,0,10,11,4,25,84,83,32,4,203,0,0,0,203
08/24/2008,OKC,OK,ASW,CE,Combined TRACON& Tower with Radar,86,69,25,1,181,0,6,20,0,26,86,75,45,1,207,0,0,0,207
08/25/2008,OKC,OK,ASW,CE,Combined TRACON& Tower with Radar,101,89,27,117,334,0,8,34,1,43,101,97,61,118,377,0,202,202,579
08/26/2008,OKC,OK,ASW,CE,Combined TRACON& Tower with Radar,98,98,47,47,290,0,4,26,2,32,98,102,73,49,322,0,50,50,372
08/27/2008,OKC,OK,ASW,CE,Combined TRACON& Tower with Radar,110,103,43,131,387,0,8,26,8,42,110,111,69,139,429,18,142,160,589
08/28/2008,OKC,OK,ASW,CE,Combined TRACON& Tower with Radar,102,107,63,97,369,0,12,37,0,49,102,119,100,97,418,0,128,128,546
08/29/2008,OKC,OK,ASW,CE,Combined TRACON& Tower with Radar,123,100,49,22,294,0,0,17,0,17,123,100,66,22,311,4,2,6,317
08/30/2008,OKC,OK,ASW,CE,Combined TRACON& Tower with Radar,82,72,16,2,172,0,0,11,0,11,82,72,27,2,183,0,0,0,183
08/31/2008,OKC,OK,ASW,CE,Combined TRACON& Tower with Radar,68,55,13,5,141,0,0,5,1,6,68,55,18,6,147,0,0,0,147
09/01/2008,OKC,OK,ASW,CE,Combined TRACON& Tower with Radar,85,82,13,3,183,0,6,10,0,16,85,88,23,3,199,0,296,296,495
09/02/2008,OKC,OK,ASW,CE,Combined TRACON& Tower with Radar,98,90,41,73,302,0,7,51,2,60,98,97,92,75,362,0,248,248,610
09/03/2008,OKC,OK,ASW,CE,Combined TRACON& Tower with Radar,102,87,63,40,292,0,0,0,0,0,102,87,63,40,292,0,0,0,292
09/04/2008,OKC,OK,ASW,CE,Combined TRACON& Tower with Radar,98,80,53,112,343,0,5,27,2,34,98,85,80,114,377,14,134,148,525
09/05/2008,OKC,OK,ASW,CE,Combined TRACON& Tower with Radar,107,87,39,96,329,0,18,27,13,58,107,105,66,109,387,2,82,84,471
09/06/2008,OKC,OK,ASW,CE,Combined TRACON& Tower with Radar,84,56,18,16,174,0,8,8,2,18,84,64,26,18,192,0,0,0,192
09/07/2008,OKC,OK,ASW,CE,Combined TRACON& Tower with Radar,84,69,17,29,199,0,2,11,0,13,84,71,28,29,212,0,20,20,232
09/08/2008,OKC,OK,ASW,CE,Combined TRACON& Tower with Radar,99,89,25,130,343,0,18,26,1,45,99,107,51,131,388,0,196,196,584
09/09/2008,OKC,OK,ASW,CE,Combined TRACON& Tower with Radar,104,72,64,58,298,0,5,7,0,12,104,77,71,58,310,0,0,0,310
09/10/2008,OKC,OK,ASW,CE,Combined TRACON& Tower with Radar,102,83,60,15,260,0,0,4,0,4,102,83,64,15,264,0,0,0,264
09/11/2008,OKC,OK,ASW,CE,Combined TRACON& Tower with Radar,99,106,69,13,287,0,0,3,0,3,99,106,72,13,290,0,0,0,290
09/12/2008,OKC,OK,ASW,CE,Combined TRACON& Tower with Radar,92,81,29,13,215,0,3,15,0,18,92,84,44,13,233,12,10,22,255
09/13/2008,OKC,OK,ASW,CE,Combined TRACON& Tower with Radar,69,43,14,4,130,0,0,0,0,0,69,43,14,4,130,0,0,0,130
09/14/2008,OKC,OK,ASW,CE,Combined TRACON& Tower with Radar,71,65,18,16,170,0,0,18,1,19,71,65,36,17,189,0,16,16,205
09/15/2008,OKC,OK,ASW,CE,Combined TRACON& Tower with Radar,87,80,38,78,283,0,7,37,38,82,87,87,75,116,365,2,70,72,437
09/16/2008,OKC,OK,ASW,CE,Combined TRACON& Tower with Radar,102,92,52,82,328,0,17,21,0,38,102,109,73,82,366,0,56,56,422
09/17/2008,OKC,OK,ASW,CE,Combined TRACON& Tower with Radar,96,87,52,65,300,0,2,28,2,32,96,89,80,67,332,0,202,202,534
09/18/2008,OKC,OK,ASW,CE,Combined TRACON& Tower with Radar,106,81,63,76,326,0,7,28,1,36,106,88,91,77,362,34,104,138,500
09/19/2008,OKC,OK,ASW,CE,Combined TRACON& Tower with Radar,98,85,38,71,292,0,9,24,0,33,98,94,62,71,325,0,130,130,455
09/20/2008,OKC,OK,ASW,CE,Combined TRACON& Tower with Radar,73,62,17,20,172,0,2,14,3,19,73,64,31,23,191,0,0,0,191
09/21/2008,OKC,OK,ASW,CE,Combined TRACON& Tower with Radar,80,74,20,0,174,0,1,26,0,27,80,75,46,0,201,6,0,6,207
09/22/2008,OKC,OK,ASW,CE,Combined TRACON& Tower with Radar,93,76,29,29,227,0,7,18,0,25,93,83,47,29,252,10,5,15,267
09/23/2008,OKC,OK,ASW,CE,Combined TRACON& Tower with Radar,105,84,49,39,277,0,12,33,0,45,105,96,82,39,322,0,0,0,322
09/24/2008,OKC,OK,ASW,CE,Combined TRACON& Tower with Radar,95,87,41,62,285,0,13,51,1,65,95,100,92,63,350,0,78,78,428
09/25/2008,OKC,OK,ASW,CE,Combined TRACON& Tower with Radar,103,89,40,92,324,0,17,29,0,46,103,106,69,92,370,18,122,140,510
09/26/2008,OKC,OK,ASW,CE,Combined TRACON& Tower with Radar,101,94,42,30,267,0,11,30,4,45,101,105,72,34,312,0,0,0,312
09/27/2008,OKC,OK,ASW,CE,Combined TRACON& Tower with Radar,76,57,9,31,173,0,6,11,1,18,76,63,20,32,191,0,0,0,191
09/28/2008,OKC,OK,ASW,CE,Combined TRACON& Tower with Radar,81,72,14,9,176,0,4,26,3,33,81,76,40,12,209,0,0,0,209
09/29/2008,OKC,OK,ASW,CE,Combined TRACON& Tower with Radar,93,81,51,72,297,0,6,34,2,42,93,87,85,74,339,0,150,150,489
09/30/2008,OKC,OK,ASW,CE,Combined TRACON& Tower with Radar,102,80,56,41,279,0,10,33,0,43,102,90,89,41,322,0,0,0,322
10/01/2008,OKC,OK,ASW,CE,Combined TRACON& Tower with Radar,96,94,44,31,265,0,9,41,2,52,96,103,85,33,317,0,0,0,317
10/02/2008,OKC,OK,ASW,CE,Combined TRACON& Tower with Radar,101,102,54,61,318,0,4,44,0,48,101,106,98,61,366,20,50,70,436
10/03/2008,OKC,OK,ASW,CE,Combined TRACON& Tower with Radar,103,84,32,18,237,0,8,21,1,30,103,92,53,19,267,0,0,0,267
10/04/2008,OKC,OK,ASW,CE,Combined TRACON& Tower with Radar,74,58,12,8,152,0,4,7,7,18,74,62,19,15,170,0,0,0,170
10/05/2008,OKC,OK,ASW,CE,Combined TRACON& Tower with Radar,79,69,18,15,181,0,2,18,0,20,79,71,36,15,201,0,0,0,201
10/06/2008,OKC,OK,ASW,CE,Combined TRACON& Tower with Radar,107,77,37,75,296,0,3,17,0,20,107,80,54,75,316,0,16,16,332
10/07/2008,OKC,OK,ASW,CE,Combined TRACON& Tower with Radar,106,72,38,147,363,0,5,17,4,26,106,77,55,151,389,0,462,462,851
10/08/2008,OKC,OK,ASW,CE,Combined TRACON& Tower with Radar,107,69,30,121,327,0,4,62,1,67,107,73,92,122,394,16,412,428,822
10/09/2008,OKC,OK,ASW,CE,Combined TRACON& Tower with Radar,113,74,40,58,285,0,11,34,11,56,113,85,74,69,341,0,90,90,431
10/10/2008,OKC,OK,ASW,CE,Combined TRACON& Tower with Radar,107,72,27,21,227,0,3,14,1,18,107,75,41,22,245,0,0,0,245
10/11/2008,OKC,OK,ASW,CE,Combined TRACON& Tower with Radar,80,51,8,3,142,0,0,19,1,20,80,51,27,4,162,0,0,0,162
10/12/2008,OKC,OK,ASW,CE,Combined TRACON& Tower with Radar,96,65,12,5,178,0,8,17,2,27,96,73,29,7,205,0,10,10,215
10/13/2008,OKC,OK,ASW,CE,Combined TRACON& Tower with Radar,113,65,51,0,229,0,2,4,0,6,113,67,55,0,235,0,0,0,235
10/14/2008,OKC,OK,ASW,CE,Combined TRACON& Tower with Radar,109,78,43,32,262,0,0,0,0,0,109,78,43,32,262,0,30,30,292
10/15/2008,OKC,OK,ASW,CE,Combined TRACON& Tower with Radar,114,74,76,43,307,0,0,3,0,3,114,74,79,43,310,0,0,0,310
10/16/2008,OKC,OK,ASW,CE,Combined TRACON& Tower with Radar,114,72,38,128,352,0,8,28,2,38,114,80,66,130,390,0,92,92,482
10/17/2008,OKC,OK,ASW,CE,Combined TRACON& Tower with Radar,119,78,35,26,258,0,2,21,24,47,119,80,56,50,305,8,44,52,357
10/18/2008,OKC,OK,ASW,CE,Combined TRACON& Tower with Radar,84,50,13,2,149,2,2,4,0,8,86,52,17,2,157,12,0,12,169
10/19/2008,OKC,OK,ASW,CE,Combined TRACON& Tower with Radar,92,57,12,5,166,0,6,25,1,32,92,63,37,6,198,0,0,0,198
10/20/2008,OKC,OK,ASW,CE,Combined TRACON& Tower with Radar,108,68,51,136,363,0,2,47,14,63,108,70,98,150,426,14,102,116,542
10/21/2008,OKC,OK,ASW,CE,Combined TRACON& Tower with Radar,108,73,50,91,322,0,3,26,1,30,108,76,76,92,352,0,372,372,724
10/22/2008,OKC,OK,ASW,CE,Combined TRACON& Tower with Radar,107,71,47,5,230,0,2,6,0,8,107,73,53,5,238,0,305,305,543
10/23/2008,OKC,OK,ASW,CE,Combined TRACON& Tower with Radar,110,80,65,66,321,0,2,14,0,16,110,82,79,66,337,0,50,50,387
10/24/2008,OKC,OK,ASW,CE,Combined TRACON& Tower with Radar,106,72,48,109,335,0,2,24,39,65,106,74,72,148,400,0,12,12,412
10/25/2008,OKC,OK,ASW,CE,Combined TRACON& Tower with Radar,85,49,32,2,168,0,0,10,0,10,85,49,42,2,178,0,2,2,180
10/26/2008,OKC,OK,ASW,CE,Combined TRACON& Tower with Radar,86,63,20,3,172,0,1,23,1,25,86,64,43,4,197,0,0,0,197
10/27/2008,OKC,OK,ASW,CE,Combined TRACON& Tower with Radar,101,68,50,224,443,0,2,31,86,119,101,70,81,310,562,0,589,589,1151
10/28/2008,OKC,OK,ASW,CE,Combined TRACON& Tower with Radar,106,67,45,134,352,0,3,26,5,34,106,70,71,139,386,6,424,430,816
10/29/2008,OKC,OK,ASW,CE,Combined TRACON& Tower with Radar,107,62,47,155,371,0,9,23,0,32,107,71,70,155,403,0,140,140,543
10/30/2008,OKC,OK,ASW,CE,Combined TRACON& Tower with Radar,108,73,78,109,368,0,1,21,2,24,108,74,99,111,392,0,118,118,510
10/31/2008,OKC,OK,ASW,CE,Combined TRACON& Tower with Radar,114,66,37,108,325,0,20,35,3,58,114,86,72,111,383,18,94,112,495
11/01/2008,OKC,OK,ASW,CE,Combined TRACON& Tower with Radar,84,43,30,0,157,0,1,19,2,22,84,44,49,2,179,0,0,0,179
11/02/2008,OKC,OK,ASW,CE,Combined TRACON& Tower with Radar,93,66,15,1,175,0,5,8,0,13,93,71,23,1,188,0,0,0,188
11/03/2008,OKC,OK,ASW,CE,Combined TRACON& Tower with Radar,96,61,29,141,327,0,11,25,1,37,96,72,54,142,364,0,68,68,432
11/04/2008,OKC,OK,ASW,CE,Combined TRACON& Tower with Radar,100,62,30,57,249,0,5,17,0,22,100,67,47,57,271,0,120,120,391
11/05/2008,OKC,OK,ASW,CE,Combined TRACON& Tower with Radar,105,70,21,76,272,0,4,20,1,25,105,74,41,77,297,0,348,348,645
11/06/2008,OKC,OK,ASW,CE,Combined TRACON& Tower with Radar,110,93,68,113,384,0,3,40,2,45,110,96,108,115,429,0,196,196,625
11/07/2008,OKC,OK,ASW,CE,Combined TRACON& Tower with Radar,106,78,41,51,276,0,3,27,4,34,106,81,68,55,310,0,78,78,388
11/08/2008,OKC,OK,ASW,CE,Combined TRACON& Tower with Radar,83,53,24,6,166,0,2,11,0,13,83,55,35,6,179,0,0,0,179
11/09/2008,OKC,OK,ASW,CE,Combined TRACON& Tower with Radar,86,68,51,12,217,0,10,12,0,22,86,78,63,12,239,0,0,0,239
11/10/2008,OKC,OK,ASW,CE,Combined TRACON& Tower with Radar,104,70,32,0,206,0,0,4,1,5,104,70,36,1,211,0,0,0,211
11/11/2008,OKC,OK,ASW,CE,Combined TRACON& Tower with Radar,116,74,49,2,241,0,10,22,1,33,116,84,71,3,274,0,0,0,274
11/12/2008,OKC,OK,ASW,CE,Combined TRACON& Tower with Radar,104,84,77,103,368,0,5,42,0,47,104,89,119,103,415,0,104,104,519
11/13/2008,OKC,OK,ASW,CE,Combined TRACON& Tower with Radar,110,72,52,94,328,0,3,38,1,42,110,75,90,95,370,0,92,92,462
11/14/2008,OKC,OK,ASW,CE,Combined TRACON& Tower with Radar,103,81,40,152,376,0,6,13,1,20,103,87,53,153,396,0,153,153,549
11/15/2008,OKC,OK,ASW,CE,Combined TRACON& Tower with Radar,83,40,14,0,137,0,4,17,0,21,83,44,31,0,158,0,0,0,158
11/16/2008,OKC,OK,ASW,CE,Combined TRACON& Tower with Radar,89,57,23,2,171,0,1,16,0,17,89,58,39,2,188,0,0,0,188
11/17/2008,OKC,OK,ASW,CE,Combined TRACON& Tower with Radar,97,68,44,135,344,0,1,25,1,27,97,69,69,136,371,0,96,96,467
11/18/2008,OKC,OK,ASW,CE,Combined TRACON& Tower with Radar,104,73,71,254,502,0,3,37,0,40,104,76,108,254,542,14,260,274,816
11/19/2008,OKC,OK,ASW,CE,Combined TRACON& Tower with Radar,105,70,69,267,511,0,1,40,0,41,105,71,109,267,552,0,586,586,1138
11/20/2008,OKC,OK,ASW,CE,Combined TRACON& Tower with Radar,106,75,48,142,371,0,0,17,0,17,106,75,65,142,388,2,74,76,464
11/21/2008,OKC,OK,ASW,CE,Combined TRACON& Tower with Radar,103,74,82,31,290,0,1,26,0,27,103,75,108,31,317,12,106,118,435
11/22/2008,OKC,OK,ASW,CE,Combined TRACON& Tower with Radar,87,48,28,4,167,0,4,17,3,24,87,52,45,7,191,0,0,0,191
11/23/2008,OKC,OK,ASW,CE,Combined TRACON& Tower with Radar,92,59,32,51,234,0,0,7,0,7,92,59,39,51,241,0,0,0,241
11/24/2008,OKC,OK,ASW,CE,Combined TRACON& Tower with Radar,103,67,27,168,365,0,5,50,64,119,103,72,77,232,484,4,68,72,556
11/25/2008,OKC,OK,ASW,CE,Combined TRACON& Tower with Radar,109,73,42,150,374,0,5,17,5,27,109,78,59,155,401,6,54,60,461
11/26/2008,OKC,OK,ASW,CE,Combined TRACON& Tower with Radar,104,74,33,68,279,0,5,44,0,49,104,79,77,68,328,6,62,68,396
11/27/2008,OKC,OK,ASW,CE,Combined TRACON& Tower with Radar,61,40,6,0,107,0,0,8,0,8,61,40,14,0,115,0,0,0,115
11/28/2008,OKC,OK,ASW,CE,Combined TRACON& Tower with Radar,81,42,11,3,137,0,3,12,1,16,81,45,23,4,153,0,0,0,153
11/29/2008,OKC,OK,ASW,CE,Combined TRACON& Tower with Radar,90,54,7,0,151,0,2,4,0,6,90,56,11,0,157,0,0,0,157
11/30/2008,OKC,OK,ASW,CE,Combined TRACON& Tower with Radar,93,71,15,9,188,0,0,2,0,2,93,71,17,9,190,0,0,0,190
12/01/2008,OKC,OK,ASW,CE,Combined TRACON& Tower with Radar,98,73,44,128,343,0,2,25,1,28,98,75,69,129,371,0,10,10,381
12/02/2008,OKC,OK,ASW,CE,Combined TRACON& Tower with Radar,109,79,37,117,342,0,5,22,8,35,109,84,59,125,377,0,246,246,623
12/03/2008,OKC,OK,ASW,CE,Combined TRACON& Tower with Radar,107,75,39,101,322,0,2,12,0,14,107,77,51,101,336,0,58,58,394
12/04/2008,OKC,OK,ASW,CE,Combined TRACON& Tower with Radar,103,70,38,180,391,0,3,31,0,34,103,73,69,180,425,14,120,134,559
12/05/2008,OKC,OK,ASW,CE,Combined TRACON& Tower with Radar,107,72,46,84,309,0,1,6,0,7,107,73,52,84,316,2,393,395,711
12/06/2008,OKC,OK,ASW,CE,Combined TRACON& Tower with Radar,80,43,32,10,165,0,0,18,0,18,80,43,50,10,183,0,0,0,183
12/07/2008,OKC,OK,ASW,CE,Combined TRACON& Tower with Radar,98,66,29,10,203,0,0,24,6,30,98,66,53,16,233,0,0,0,233
12/08/2008,OKC,OK,ASW,CE,Combined TRACON& Tower with Radar,97,77,16,145,335,0,3,5,29,37,97,80,21,174,372,0,100,100,472
12/09/2008,OKC,OK,ASW,CE,Combined TRACON& Tower with Radar,107,94,37,2,240,0,1,2,0,3,107,95,39,2,243,0,0,0,243
12/10/2008,OKC,OK,ASW,CE,Combined TRACON& Tower with Radar,108,73,62,92,335,0,3,43,1,47,108,76,105,93,382,4,56,60,442
12/11/2008,OKC,OK,ASW,CE,Combined TRACON& Tower with Radar,108,79,56,264,507,0,1,37,8,46,108,80,93,272,553,2,248,250,803
12/12/2008,OKC,OK,ASW,CE,Combined TRACON& Tower with Radar,102,82,33,253,470,0,2,37,2,41,102,84,70,255,511,4,154,158,669
12/13/2008,OKC,OK,ASW,CE,Combined TRACON& Tower with Radar,78,46,7,1,132,0,3,5,0,8,78,49,12,1,140,0,0,0,140
12/14/2008,OKC,OK,ASW,CE,Combined TRACON& Tower with Radar,88,64,7,58,217,2,0,1,0,3,90,64,8,58,220,0,0,0,220
12/15/2008,OKC,OK,ASW,CE,Combined TRACON& Tower with Radar,96,77,29,176,378,0,1,23,0,24,96,78,52,176,402,10,154,164,566
12/16/2008,OKC,OK,ASW,CE,Combined TRACON& Tower with Radar,97,73,38,1,209,0,0,0,0,0,97,73,38,1,209,0,0,0,209
12/17/2008,OKC,OK,ASW,CE,Combined TRACON& Tower with Radar,115,72,38,10,235,0,0,28,0,28,115,72,66,10,263,0,0,0,263
12/18/2008,OKC,OK,ASW,CE,Combined TRACON& Tower with Radar,55,41,13,0,109,0,0,0,0,0,55,41,13,0,109,0,0,0,109
12/19/2008,OKC,OK,ASW,CE,Combined TRACON& Tower with Radar,98,74,46,192,410,0,3,43,0,46,98,77,89,192,456,58,200,258,714
12/20/2008,OKC,OK,ASW,CE,Combined TRACON& Tower with Radar,75,63,29,26,193,0,0,8,1,9,75,63,37,27,202,0,0,0,202
12/21/2008,OKC,OK,ASW,CE,Combined TRACON& Tower with Radar,83,65,21,13,182,0,2,17,0,19,83,67,38,13,201,0,0,0,201
12/22/2008,OKC,OK,ASW,CE,Combined TRACON& Tower with Radar,98,71,25,218,412,0,1,27,5,33,98,72,52,223,445,0,164,164,609
12/23/2008,OKC,OK,ASW,CE,Combined TRACON& Tower with Radar,94,83,26,3,206,0,0,0,0,0,94,83,26,3,206,0,0,0,206
12/24/2008,OKC,OK,ASW,CE,Combined TRACON& Tower with Radar,84,72,6,1,163,0,1,7,0,8,84,73,13,1,171,0,0,0,171
12/25/2008,OKC,OK,ASW,CE,Combined TRACON& Tower with Radar,72,48,6,0,126,0,2,6,1,9,72,50,12,1,135,0,0,0,135
12/26/2008,OKC,OK,ASW,CE,Combined TRACON& Tower with Radar,92,75,4,0,171,0,0,0,0,0,92,75,4,0,171,0,0,0,171
12/27/2008,OKC,OK,ASW,CE,Combined TRACON& Tower with Radar,81,63,11,0,155,0,0,9,0,9,81,63,20,0,164,0,0,0,164
12/28/2008,OKC,OK,ASW,CE,Combined TRACON& Tower with Radar,92,74,8,0,174,0,4,2,0,6,92,78,10,0,180,0,0,0,180
12/29/2008,OKC,OK,ASW,CE,Combined TRACON& Tower with Radar,93,67,18,1,179,0,1,18,0,19,93,68,36,1,198,0,0,0,198
12/30/2008,OKC,OK,ASW,CE,Combined TRACON& Tower with Radar,101,71,24,3,199,0,1,7,1,9,101,72,31,4,208,0,0,0,208
12/31/2008,OKC,OK,ASW,CE,Combined TRACON& Tower with Radar,82,65,20,1,168,0,3,25,0,28,82,68,45,1,196,0,0,0,196
01/01/2009,OKC,OK,ASW,CE,Combined TRACON& Tower with Radar,70,54,2,0,126,0,2,8,1,11,70,56,10,1,137,0,0,0,137
01/02/2009,OKC,OK,ASW,CE,Combined TRACON& Tower with Radar,95,70,10,0,175,0,4,2,0,6,95,74,12,0,181,0,0,0,181
01/03/2009,OKC,OK,ASW,CE,Combined TRACON& Tower with Radar,78,61,14,3,156,0,6,26,1,33,78,67,40,4,189,0,0,0,189
01/04/2009,OKC,OK,ASW,CE,Combined TRACON& Tower with Radar,81,81,9,0,171,0,2,8,2,12,81,83,17,2,183,0,0,0,183
01/05/2009,OKC,OK,ASW,CE,Combined TRACON& Tower with Radar,85,76,22,144,327,0,3,2,3,8,85,79,24,147,335,0,138,138,473
01/06/2009,OKC,OK,ASW,CE,Combined TRACON& Tower with Radar,110,81,34,179,404,0,2,29,4,35,110,83,63,183,439,8,631,639,1078
01/07/2009,OKC,OK,ASW,CE,Combined TRACON& Tower with Radar,104,77,33,200,414,0,7,49,6,62,104,84,82,206,476,8,238,246,722
01/08/2009,OKC,OK,ASW,CE,Combined TRACON& Tower with Radar,100,83,31,84,298,0,5,36,0,41,100,88,67,84,339,12,62,74,413
01/09/2009,OKC,OK,ASW,CE,Combined TRACON& Tower with Radar,112,94,37,106,349,0,7,48,3,58,112,101,85,109,407,24,84,108,515
01/10/2009,OKC,OK,ASW,CE,Combined TRACON& Tower with Radar,76,53,20,1,150,0,4,11,0,15,76,57,31,1,165,0,0,0,165
01/11/2009,OKC,OK,ASW,CE,Combined TRACON& Tower with Radar,81,63,18,11,173,0,2,21,1,24,81,65,39,12,197,0,0,0,197
01/12/2009,OKC,OK,ASW,CE,Combined TRACON& Tower with Radar,87,72,48,139,346,0,4,12,1,17,87,76,60,140,363,0,64,64,427
01/13/2009,OKC,OK,ASW,CE,Combined TRACON& Tower with Radar,114,75,84,65,338,0,5,62,5,72,114,80,146,70,410,26,80,106,516
01/14/2009,OKC,OK,ASW,CE,Combined TRACON& Tower with Radar,95,77,61,156,389,0,2,48,2,52,95,79,109,158,441,0,120,120,561
01/15/2009,OKC,OK,ASW,CE,Combined TRACON& Tower with Radar,97,83,66,287,533,0,4,13,162,179,97,87,79,449,712,0,116,116,828
01/16/2009,OKC,OK,ASW,CE,Combined TRACON& Tower with Radar,98,82,33,169,382,0,11,15,20,46,98,93,48,189,428,0,200,200,628
01/17/2009,OKC,OK,ASW,CE,Combined TRACON& Tower with Radar,68,56,20,3,147,0,5,15,0,20,68,61,35,3,167,0,0,0,167
01/18/2009,OKC,OK,ASW,CE,Combined TRACON& Tower with Radar,75,54,17,11,157,0,0,9,1,10,75,54,26,12,167,0,0,0,167
01/19/2009,OKC,OK,ASW,CE,Combined TRACON& Tower with Radar,90,67,20,0,177,0,4,24,1,29,90,71,44,1,206,0,0,0,206
01/20/2009,OKC,OK,ASW,CE,Combined TRACON& Tower with Radar,98,75,25,219,417,0,5,32,3,40,98,80,57,222,457,10,434,444,901
01/21/2009,OKC,OK,ASW,CE,Combined TRACON& Tower with Radar,97,74,50,165,386,0,5,38,15,58,97,79,88,180,444,0,132,132,576
01/22/2009,OKC,OK,ASW,CE,Combined TRACON& Tower with Radar,95,80,50,139,364,0,3,21,7,31,95,83,71,146,395,0,150,150,545
01/23/2009,OKC,OK,ASW,CE,Combined TRACON& Tower with Radar,94,79,45,174,392,0,3,19,1,23,94,82,64,175,415,34,469,503,918
01/24/2009,OKC,OK,ASW,CE,Combined TRACON& Tower with Radar,76,48,19,35,178,0,0,26,1,27,76,48,45,36,205,0,0,0,205
01/25/2009,OKC,OK,ASW,CE,Combined TRACON& Tower with Radar,81,59,16,36,192,0,2,31,0,33,81,61,47,36,225,0,20,20,245
01/26/2009,OKC,OK,ASW,CE,Combined TRACON& Tower with Radar,52,54,10,5,121,0,0,8,0,8,52,54,18,5,129,0,0,0,129
01/27/2009,OKC,OK,ASW,CE,Combined TRACON& Tower with Radar,40,30,8,0,78,0,0,0,0,0,40,30,8,0,78,0,0,0,78
01/28/2009,OKC,OK,ASW,CE,Combined TRACON& Tower with Radar,94,66,24,2,186,0,6,15,3,24,94,72,39,5,210,0,0,0,210
01/29/2009,OKC,OK,ASW,CE,Combined TRACON& Tower with Radar,107,90,37,96,330,0,3,40,2,45,107,93,77,98,375,4,47,51,426
01/30/2009,OKC,OK,ASW,CE,Combined TRACON& Tower with Radar,96,90,43,90,319,0,1,36,9,46,96,91,79,99,365,0,50,50,415
01/31/2009,OKC,OK,ASW,CE,Combined TRACON& Tower with Radar,69,57,16,32,174,0,0,14,0,14,69,57,30,32,188,0,12,12,200
02/01/2009,OKC,OK,ASW,CE,Combined TRACON& Tower with Radar,74,61,6,33,174,0,2,22,1,25,74,63,28,34,199,0,0,0,199
02/02/2009,OKC,OK,ASW,CE,Combined TRACON& Tower with Radar,86,74,47,158,365,0,3,43,26,72,86,77,90,184,437,16,130,146,583
02/03/2009,OKC,OK,ASW,CE,Combined TRACON& Tower with Radar,96,73,57,139,365,0,3,48,1,52,96,76,105,140,417,10,580,590,1007
02/04/2009,OKC,OK,ASW,CE,Combined TRACON& Tower with Radar,99,78,41,185,403,0,5,44,0,49,99,83,85,185,452,0,56,56,508
02/05/2009,OKC,OK,ASW,CE,Combined TRACON& Tower with Radar,96,79,40,96,311,0,5,50,0,55,96,84,90,96,366,6,330,336,702
02/06/2009,OKC,OK,ASW,CE,Combined TRACON& Tower with Radar,92,76,35,133,336,0,5,11,2,18,92,81,46,135,354,0,102,102,456
02/07/2009,OKC,OK,ASW,CE,Combined TRACON& Tower with Radar,73,57,23,12,165,0,0,4,2,6,73,57,27,14,171,0,0,0,171
02/08/2009,OKC,OK,ASW,CE,Combined TRACON& Tower with Radar,74,65,14,21,174,0,0,4,0,4,74,65,18,21,178,0,0,0,178
02/09/2009,OKC,OK,ASW,CE,Combined TRACON& Tower with Radar,97,77,25,150,349,0,6,18,14,38,97,83,43,164,387,0,144,144,531
02/10/2009,OKC,OK,ASW,CE,Combined TRACON& Tower with Radar,95,81,43,99,318,0,4,10,0,14,95,85,53,99,332,0,212,212,544
02/11/2009,OKC,OK,ASW,CE,Combined TRACON& Tower with Radar,101,66,51,62,280,0,0,22,3,25,101,66,73,65,305,0,154,154,459
02/12/2009,OKC,OK,ASW,CE,Combined TRACON& Tower with Radar,95,89,42,173,399,0,4,30,1,35,95,93,72,174,434,12,212,224,658
02/13/2009,OKC,OK,ASW,CE,Combined TRACON& Tower with Radar,91,88,22,122,323,0,3,10,3,16,91,91,32,125,339,0,108,108,447
02/14/2009,OKC,OK,ASW,CE,Combined TRACON& Tower with Radar,68,61,19,10,158,0,0,14,0,14,68,61,33,10,172,0,10,10,182
02/15/2009,OKC,OK,ASW,CE,Combined TRACON& Tower with Radar,67,68,16,2,153,0,6,17,0,23,67,74,33,2,176,0,0,0,176
02/16/2009,OKC,OK,ASW,CE,Combined TRACON& Tower with Radar,84,82,15,3,184,0,2,12,0,14,84,84,27,3,198,0,0,0,198
02/17/2009,OKC,OK,ASW,CE,Combined TRACON& Tower with Radar,91,84,22,97,294,0,2,15,0,17,91,86,37,97,311,0,337,337,648
02/18/2009,OKC,OK,ASW,CE,Combined TRACON& Tower with Radar,99,82,22,234,437,0,5,30,5,40,99,87,52,239,477,0,150,150,627
02/19/2009,OKC,OK,ASW,CE,Combined TRACON& Tower with Radar,97,85,27,211,420,0,4,31,12,47,97,89,58,223,467,0,301,301,768
02/20/2009,OKC,OK,ASW,CE,Combined TRACON& Tower with Radar,88,90,33,183,394,0,5,47,0,52,88,95,80,183,446,16,94,110,556
02/21/2009,OKC,OK,ASW,CE,Combined TRACON& Tower with Radar,68,59,18,5,150,0,2,25,3,30,68,61,43,8,180,0,0,0,180
02/22/2009,OKC,OK,ASW,CE,Combined TRACON& Tower with Radar,71,70,14,6,161,0,3,17,0,20,71,73,31,6,181,0,0,0,181
02/23/2009,OKC,OK,ASW,CE,Combined TRACON& Tower with Radar,86,74,25,163,348,0,3,22,3,28,86,77,47,166,376,0,120,120,496
02/24/2009,OKC,OK,ASW,CE,Combined TRACON& Tower with Radar,93,85,33,93,304,0,3,29,0,32,93,88,62,93,336,4,16,20,356
02/25/2009,OKC,OK,ASW,CE,Combined TRACON& Tower with Radar,94,91,51,64,300,0,0,25,0,25,94,91,76,64,325,0,0,0,325
02/26/2009,OKC,OK,ASW,CE,Combined TRACON& Tower with Radar,93,83,39,103,318,0,0,16,2,18,93,83,55,105,336,0,12,12,348
02/27/2009,OKC,OK,ASW,CE,Combined TRACON& Tower with Radar,94,83,42,86,305,0,8,37,0,45,94,91,79,86,350,8,48,56,406
02/28/2009,OKC,OK,ASW,CE,Combined TRACON& Tower with Radar,70,70,10,9,159,0,2,19,1,22,70,72,29,10,181,9,0,9,190
03/01/2009,OKC,OK,ASW,CE,Combined TRACON& Tower with Radar,80,66,24,48,218,0,2,20,1,23,80,68,44,49,241,0,14,14,255
03/02/2009,OKC,OK,ASW,CE,Combined TRACON& Tower with Radar,86,79,27,212,404,0,1,25,14,40,86,80,52,226,444,0,179,179,623
03/03/2009,OKC,OK,ASW,CE,Combined TRACON& Tower with Radar,92,75,38,115,320,0,1,61,12,74,92,76,99,127,394,0,46,46,440
03/04/2009,OKC,OK,ASW,CE,Combined TRACON& Tower with Radar,88,86,46,178,398,0,4,59,0,63,88,90,105,178,461,30,164,194,655
03/05/2009,OKC,OK,ASW,CE,Combined TRACON& Tower with Radar,89,98,32,140,359,0,2,22,1,25,89,100,54,141,384,2,89,91,475
03/06/2009,OKC,OK,ASW,CE,Combined TRACON& Tower with Radar,95,86,29,137,347,0,4,29,1,34,95,90,58,138,381,2,188,190,571
03/07/2009,OKC,OK,ASW,CE,Combined TRACON& Tower with Radar,62,60,2,11,135,0,7,11,0,18,62,67,13,11,153,0,8,8,161
03/08/2009,OKC,OK,ASW,CE,Combined TRACON& Tower with Radar,75,74,4,1,154,0,11,14,0,25,75,85,18,1,179,0,0,0,179
03/09/2009,OKC,OK,ASW,CE,Combined TRACON& Tower with Radar,85,96,30,209,420,0,18,45,0,63,85,114,75,209,483,4,186,190,673
03/10/2009,OKC,OK,ASW,CE,Combined TRACON& Tower with Radar,100,94,39,103,336,0,6,37,2,45,100,100,76,105,381,0,14,14,395
03/11/2009,OKC,OK,ASW,CE,Combined TRACON& Tower with Radar,95,99,56,77,327,4,5,56,5,70,99,104,112,82,397,34,54,88,485
03/12/2009,OKC,OK,ASW,CE,Combined TRACON& Tower with Radar,85,92,38,0,215,0,1,6,0,7,85,93,44,0,222,0,0,0,222
03/13/2009,OKC,OK,ASW,CE,Combined TRACON& Tower with Radar,87,97,40,21,245,0,0,8,0,8,87,97,48,21,253,0,0,0,253
03/14/2009,OKC,OK,ASW,CE,Combined TRACON& Tower with Radar,68,69,43,0,180,0,3,10,0,13,68,72,53,0,193,0,0,0,193
03/15/2009,OKC,OK,ASW,CE,Combined TRACON& Tower with Radar,82,76,23,29,210,3,2,26,4,35,85,78,49,33,245,0,0,0,245
03/16/2009,OKC,OK,ASW,CE,Combined TRACON& Tower with Radar,80,73,30,158,341,0,1,26,6,33,80,74,56,164,374,6,110,116,490
03/17/2009,OKC,OK,ASW,CE,Combined TRACON& Tower with Radar,90,80,20,105,295,0,0,41,0,41,90,80,61,105,336,0,40,40,376
03/18/2009,OKC,OK,ASW,CE,Combined TRACON& Tower with Radar,91,84,31,252,458,0,0,40,0,40,91,84,71,252,498,40,535,575,1073
03/19/2009,OKC,OK,ASW,CE,Combined TRACON& Tower with Radar,88,86,38,38,250,0,0,23,5,28,88,86,61,43,278,0,4,4,282
03/20/2009,OKC,OK,ASW,CE,Combined TRACON& Tower with Radar,87,90,41,228,446,0,0,22,3,25,87,90,63,231,471,0,254,254,725
03/21/2009,OKC,OK,ASW,CE,Combined TRACON& Tower with Radar,67,68,11,1,147,0,6,5,0,11,67,74,16,1,158,0,0,0,158
03/22/2009,OKC,OK,ASW,CE,Combined TRACON& Tower with Radar,80,71,18,44,213,0,6,11,0,17,80,77,29,44,230,0,16,16,246
03/23/2009,OKC,OK,ASW,CE,Combined TRACON& Tower with Radar,82,78,25,25,210,0,2,1,0,3,82,80,26,25,213,0,0,0,213
03/24/2009,OKC,OK,ASW,CE,Combined TRACON& Tower with Radar,90,90,39,174,393,0,0,38,11,49,90,90,77,185,442,0,108,108,550
03/25/2009,OKC,OK,ASW,CE,Combined TRACON& Tower with Radar,124,90,34,191,439,0,3,35,16,54,124,93,69,207,493,26,174,200,693
03/26/2009,OKC,OK,ASW,CE,Combined TRACON& Tower with Radar,80,78,64,13,235,0,0,3,0,3,80,78,67,13,238,10,0,10,248
03/27/2009,OKC,OK,ASW,CE,Combined TRACON& Tower with Radar,85,74,11,2,172,0,0,1,0,1,85,74,12,2,173,0,0,0,173
03/28/2009,OKC,OK,ASW,CE,Combined TRACON& Tower with Radar,62,45,2,0,109,0,0,0,0,0,62,45,2,0,109,0,0,0,109
03/29/2009,OKC,OK,ASW,CE,Combined TRACON& Tower with Radar,79,65,18,2,164,0,0,28,0,28,79,65,46,2,192,0,0,0,192
03/30/2009,OKC,OK,ASW,CE,Combined TRACON& Tower with Radar,85,72,38,93,288,0,0,15,1,16,85,72,53,94,304,0,102,102,406
03/31/2009,OKC,OK,ASW,CE,Combined TRACON& Tower with Radar,97,83,46,171,397,0,5,42,3,50,97,88,88,174,447,0,110,110,557
04/01/2009,OKC,OK,ASW,CE,Combined TRACON& Tower with Radar,91,77,42,25,235,0,1,51,1,53,91,78,93,26,288,10,24,34,322
04/02/2009,OKC,OK,ASW,CE,Combined TRACON& Tower with Radar,91,79,29,158,357,0,2,4,0,6,91,81,33,158,363,0,25,25,388
04/03/2009,OKC,OK,ASW,CE,Combined TRACON& Tower with Radar,87,81,34,122,324,0,2,43,16,61,87,83,77,138,385,0,78,78,463
04/04/2009,OKC,OK,ASW,CE,Combined TRACON& Tower with Radar,66,60,9,6,141,0,6,8,0,14,66,66,17,6,155,0,0,0,155
04/05/2009,OKC,OK,ASW,CE,Combined TRACON& Tower with Radar,75,70,3,6,154,0,0,2,0,2,75,70,5,6,156,0,0,0,156
04/06/2009,OKC,OK,ASW,CE,Combined TRACON& Tower with Radar,87,81,22,87,277,0,5,15,2,22,87,86,37,89,299,0,66,66,365
04/07/2009,OKC,OK,ASW,CE,Combined TRACON& Tower with Radar,89,81,36,168,374,0,9,28,4,41,89,90,64,172,415,21,565,586,1001
04/08/2009,OKC,OK,ASW,CE,Combined TRACON& Tower with Radar,90,82,36,163,371,0,9,32,16,57,90,91,68,179,428,0,132,132,560
04/09/2009,OKC,OK,ASW,CE,Combined TRACON& Tower with Radar,90,84,30,148,352,0,0,12,3,15,90,84,42,151,367,0,200,200,567
04/10/2009,OKC,OK,ASW,CE,Combined TRACON& Tower with Radar,87,85,43,98,313,0,1,24,0,25,87,86,67,98,338,6,72,78,416
04/11/2009,OKC,OK,ASW,CE,Combined TRACON& Tower with Radar,72,55,9,0,136,0,7,17,0,24,72,62,26,0,160,0,0,0,160
04/12/2009,OKC,OK,ASW,CE,Combined TRACON& Tower with Radar,72,72,6,0,150,0,0,1,0,1,72,72,7,0,151,0,0,0,151
04/13/2009,OKC,OK,ASW,CE,Combined TRACON& Tower with Radar,85,75,55,119,334,0,1,21,8,30,85,76,76,127,364,0,0,0,364
04/14/2009,OKC,OK,ASW,CE,Combined TRACON& Tower with Radar,83,87,45,119,334,0,10,35,11,56,83,97,80,130,390,0,533,533,923
04/15/2009,OKC,OK,ASW,CE,Combined TRACON& Tower with Radar,91,78,50,121,340,0,5,48,7,60,91,83,98,128,400,0,116,116,516
04/16/2009,OKC,OK,ASW,CE,Combined TRACON& Tower with Radar,86,107,34,159,386,0,6,32,5,43,86,113,66,164,429,28,150,178,607
04/17/2009,OKC,OK,ASW,CE,Combined TRACON& Tower with Radar,108,90,41,20,259,2,4,6,0,12,110,94,47,20,271,0,0,0,271
04/18/2009,OKC,OK,ASW,CE,Combined TRACON& Tower with Radar,72,62,19,27,180,0,4,1,0,5,72,66,20,27,185,0,10,10,195
04/19/2009,OKC,OK,ASW,CE,Combined TRACON& Tower with Radar,76,72,19,35,202,0,0,1,0,1,76,72,20,35,203,0,0,0,203
04/20/2009,OKC,OK,ASW,CE,Combined TRACON& Tower with Radar,83,76,37,155,351,0,3,37,5,45,83,79,74,160,396,0,84,84,480
04/21/2009,OKC,OK,ASW,CE,Combined TRACON& Tower with Radar,85,87,47,71,290,0,7,27,34,68,85,94,74,105,358,10,12,22,380
04/22/2009,OKC,OK,ASW,CE,Combined TRACON& Tower with Radar,88,75,49,177,389,0,11,62,6,79,88,86,111,183,468,0,86,86,554
04/23/2009,OKC,OK,ASW,CE,Combined TRACON& Tower with Radar,86,80,31,165,362,0,3,24,6,33,86,83,55,171,395,0,102,102,497
04/24/2009,OKC,OK,ASW,CE,Combined TRACON& Tower with Radar,89,82,51,64,286,0,5,21,2,28,89,87,72,66,314,0,0,0,314
04/25/2009,OKC,OK,ASW,CE,Combined TRACON& Tower with Radar,68,53,9,0,130,0,2,5,3,10,68,55,14,3,140,0,0,0,140
04/26/2009,OKC,OK,ASW,CE,Combined TRACON& Tower with Radar,76,63,12,12,163,0,0,1,0,1,76,63,13,12,164,0,0,0,164
04/27/2009,OKC,OK,ASW,CE,Combined TRACON& Tower with Radar,89,79,38,36,242,0,0,4,0,4,89,79,42,36,246,0,0,0,246
04/28/2009,OKC,OK,ASW,CE,Combined TRACON& Tower with Radar,85,84,73,73,315,0,0,1,4,5,85,84,74,77,320,0,0,0,320
04/29/2009,OKC,OK,ASW,CE,Combined TRACON& Tower with Radar,86,88,51,30,255,0,1,25,13,39,86,89,76,43,294,6,18,24,318
04/30/2009,OKC,OK,ASW,CE,Combined TRACON& Tower with Radar,91,100,60,95,346,0,5,25,10,40,91,105,85,105,386,16,44,60,446
05/01/2009,OKC,OK,ASW,CE,Combined TRACON& Tower with Radar,91,86,30,38,245,0,0,3,2,5,91,86,33,40,250,0,0,0,250
05/02/2009,OKC,OK,ASW,CE,Combined TRACON& Tower with Radar,91,61,17,6,175,0,0,0,0,0,91,61,17,6,175,0,0,0,175
05/03/2009,OKC,OK,ASW,CE,Combined TRACON& Tower with Radar,83,68,23,15,189,0,0,1,0,1,83,68,24,15,190,0,0,0,190
05/04/2009,OKC,OK,ASW,CE,Combined TRACON& Tower with Radar,95,73,38,128,334,0,2,16,18,36,95,75,54,146,370,26,112,138,508
05/05/2009,OKC,OK,ASW,CE,Combined TRACON& Tower with Radar,99,68,32,9,208,0,0,2,0,2,99,68,34,9,210,0,125,125,335
05/06/2009,OKC,OK,ASW,CE,Combined TRACON& Tower with Radar,99,77,68,48,292,0,7,22,7,36,99,84,90,55,328,10,0,10,338
05/07/2009,OKC,OK,ASW,CE,Combined TRACON& Tower with Radar,100,93,37,42,272,0,0,11,7,18,100,93,48,49,290,0,0,0,290
05/08/2009,OKC,OK,ASW,CE,Combined TRACON& Tower with Radar,100,84,61,95,340,0,0,63,11,74,100,84,124,106,414,12,44,56,470
05/09/2009,OKC,OK,ASW,CE,Combined TRACON& Tower with Radar,75,51,14,6,146,0,6,19,24,49,75,57,33,30,195,0,4,4,199
05/10/2009,OKC,OK,ASW,CE,Combined TRACON& Tower with Radar,83,64,4,26,177,0,0,12,15,27,83,64,16,41,204,0,0,0,204
05/11/2009,OKC,OK,ASW,CE,Combined TRACON& Tower with Radar,91,76,25,9,201,0,0,6,20,26,91,76,31,29,227,0,0,0,227
05/12/2009,OKC,OK,ASW,CE,Combined TRACON& Tower with Radar,99,80,41,9,229,0,0,3,4,7,99,80,44,13,236,0,0,0,236
05/13/2009,OKC,OK,ASW,CE,Combined TRACON& Tower with Radar,100,67,32,40,239,0,0,39,12,51,100,67,71,52,290,0,0,0,290
05/14/2009,OKC,OK,ASW,CE,Combined TRACON& Tower with Radar,112,85,46,75,318,0,6,38,10,54,112,91,84,85,372,44,40,84,456
05/15/2009,OKC,OK,ASW,CE,Combined TRACON& Tower with Radar,103,84,42,155,384,0,9,65,5,79,103,93,107,160,463,48,186,234,697
05/16/2009,OKC,OK,ASW,CE,Combined TRACON& Tower with Radar,74,53,6,2,135,0,2,4,0,6,74,55,10,2,141,0,0,0,141
05/17/2009,OKC,OK,ASW,CE,Combined TRACON& Tower with Radar,86,66,14,16,182,0,9,23,0,32,86,75,37,16,214,0,0,0,214
05/18/2009,OKC,OK,ASW,CE,Combined TRACON& Tower with Radar,95,77,26,76,274,0,1,63,19,83,95,78,89,95,357,14,12,26,383
05/19/2009,OKC,OK,ASW,CE,Combined TRACON& Tower with Radar,96,82,37,108,323,0,8,45,1,54,96,90,82,109,377,0,551,551,928
05/20/2009,OKC,OK,ASW,CE,Combined TRACON& Tower with Radar,100,78,36,165,379,0,6,54,12,72,100,84,90,177,451,0,36,36,487
05/21/2009,OKC,OK,ASW,CE,Combined TRACON& Tower with Radar,96,79,34,109,318,0,2,18,7,27,96,81,52,116,345,0,0,0,345
05/22/2009,OKC,OK,ASW,CE,Combined TRACON& Tower with Radar,102,77,22,22,223,0,2,49,5,56,102,79,71,27,279,0,0,0,279
05/23/2009,OKC,OK,ASW,CE,Combined TRACON& Tower with Radar,72,49,7,0,128,0,4,2,0,6,72,53,9,0,134,0,0,0,134
05/24/2009,OKC,OK,ASW,CE,Combined TRACON& Tower with Radar,63,53,17,2,135,0,0,13,0,13,63,53,30,2,148,0,0,0,148
05/25/2009,OKC,OK,ASW,CE,Combined TRACON& Tower with Radar,83,71,7,2,163,0,2,13,2,17,83,73,20,4,180,0,0,0,180
05/26/2009,OKC,OK,ASW,CE,Combined TRACON& Tower with Radar,97,85,23,177,382,0,5,17,30,52,97,90,40,207,434,0,6,6,440
05/27/2009,OKC,OK,ASW,CE,Combined TRACON& Tower with Radar,105,74,53,138,370,0,9,21,6,36,105,83,74,144,406,0,48,48,454
05/28/2009,OKC,OK,ASW,CE,Combined TRACON& Tower with Radar,97,75,64,140,376,0,4,29,11,44,97,79,93,151,420,0,0,0,420
05/29/2009,OKC,OK,ASW,CE,Combined TRACON& Tower with Radar,98,85,39,63,285,0,3,32,2,37,98,88,71,65,322,0,0,0,322
05/30/2009,OKC,OK,ASW,CE,Combined TRACON& Tower with Radar,81,53,20,6,160,0,2,15,0,17,81,55,35,6,177,0,0,0,177
05/31/2009,OKC,OK,ASW,CE,Combined TRACON& Tower with Radar,89,61,29,15,194,0,7,14,2,23,89,68,43,17,217,0,0,0,217
06/01/2009,OKC,OK,ASW,CE,Combined TRACON& Tower with Radar,90,73,21,121,305,0,7,25,11,43,90,80,46,132,348,0,88,88,436
06/02/2009,OKC,OK,ASW,CE,Combined TRACON& Tower with Radar,104,71,33,146,354,0,6,37,6,49,104,77,70,152,403,0,124,124,527
06/03/2009,OKC,OK,ASW,CE,Combined TRACON& Tower with Radar,116,74,69,56,315,0,0,8,3,11,116,74,77,59,326,0,0,0,326
06/04/2009,OKC,OK,ASW,CE,Combined TRACON& Tower with Radar,99,81,44,144,368,0,0,24,11,35,99,81,68,155,403,0,172,172,575
06/05/2009,OKC,OK,ASW,CE,Combined TRACON& Tower with Radar,95,74,49,89,307,0,0,44,4,48,95,74,93,93,355,0,52,52,407
06/06/2009,OKC,OK,ASW,CE,Combined TRACON& Tower with Radar,76,58,12,7,153,0,6,20,8,34,76,64,32,15,187,0,0,0,187
06/07/2009,OKC,OK,ASW,CE,Combined TRACON& Tower with Radar,77,72,13,10,172,0,12,9,6,27,77,84,22,16,199,0,0,0,199
06/08/2009,OKC,OK,ASW,CE,Combined TRACON& Tower with Radar,96,80,48,8,232,0,3,19,26,48,96,83,67,34,280,20,79,99,379
06/09/2009,OKC,OK,ASW,CE,Combined TRACON& Tower with Radar,98,80,53,14,245,0,15,23,22,60,98,95,76,36,305,0,0,0,305
06/10/2009,OKC,OK,ASW,CE,Combined TRACON& Tower with Radar,110,80,24,2,216,0,8,35,7,50,110,88,59,9,266,6,0,6,272
06/11/2009,OKC,OK,ASW,CE,Combined TRACON& Tower with Radar,155,89,47,6,297,0,5,23,7,35,155,94,70,13,332,0,0,0,332
06/12/2009,OKC,OK,ASW,CE,Combined TRACON& Tower with Radar,96,95,50,13,254,0,3,55,11,69,96,98,105,24,323,0,10,10,333
06/13/2009,OKC,OK,ASW,CE,Combined TRACON& Tower with Radar,77,60,18,0,155,0,0,7,3,10,77,60,25,3,165,0,0,0,165
06/14/2009,OKC,OK,ASW,CE,Combined TRACON& Tower with Radar,87,82,9,1,179,0,2,1,2,5,87,84,10,3,184,0,0,0,184
06/15/2009,OKC,OK,ASW,CE,Combined TRACON& Tower with Radar,92,93,36,18,239,0,2,30,3,35,92,95,66,21,274,4,0,4,278
06/16/2009,OKC,OK,ASW,CE,Combined TRACON& Tower with Radar,96,80,44,17,237,0,8,39,9,56,96,88,83,26,293,0,0,0,293
06/17/2009,OKC,OK,ASW,CE,Combined TRACON& Tower with Radar,97,87,52,18,254,0,8,35,12,55,97,95,87,30,309,0,24,24,333
06/18/2009,OKC,OK,ASW,CE,Combined TRACON& Tower with Radar,107,97,51,8,263,0,3,27,4,34,107,100,78,12,297,0,0,0,297
06/19/2009,OKC,OK,ASW,CE,Combined TRACON& Tower with Radar,96,89,44,37,266,0,1,16,9,26,96,90,60,46,292,0,0,0,292
06/20/2009,OKC,OK,ASW,CE,Combined TRACON& Tower with Radar,77,61,11,13,162,0,3,15,4,22,77,64,26,17,184,0,0,0,184
06/21/2009,OKC,OK,ASW,CE,Combined TRACON& Tower with Radar,83,78,21,1,183,0,6,9,2,17,83,84,30,3,200,0,0,0,200
06/22/2009,OKC,OK,ASW,CE,Combined TRACON& Tower with Radar,95,92,22,20,229,0,2,31,1,34,95,94,53,21,263,0,20,20,283
06/23/2009,OKC,OK,ASW,CE,Combined TRACON& Tower with Radar,98,84,34,17,233,0,7,54,4,65,98,91,88,21,298,6,0,6,304
06/24/2009,OKC,OK,ASW,CE,Combined TRACON& Tower with Radar,111,86,49,17,263,0,15,44,10,69,111,101,93,27,332,8,0,8,340
06/25/2009,OKC,OK,ASW,CE,Combined TRACON& Tower with Radar,95,85,42,60,282,0,4,24,4,32,95,89,66,64,314,0,36,36,350
06/26/2009,OKC,OK,ASW,CE,Combined TRACON& Tower with Radar,99,87,43,117,346,0,2,39,3,44,99,89,82,120,390,18,96,114,504
06/27/2009,OKC,OK,ASW,CE,Combined TRACON& Tower with Radar,71,66,14,0,151,0,0,11,0,11,71,66,25,0,162,0,0,0,162
06/28/2009,OKC,OK,ASW,CE,Combined TRACON& Tower with Radar,83,74,17,62,236,0,0,7,2,9,83,74,24,64,245,0,20,20,265
06/29/2009,OKC,OK,ASW,CE,Combined TRACON& Tower with Radar,91,83,18,244,436,0,0,27,11,38,91,83,45,255,474,0,324,324,798
06/30/2009,OKC,OK,ASW,CE,Combined TRACON& Tower with Radar,103,87,39,109,338,0,1,29,8,38,103,88,68,117,376,0,0,0,376
07/01/2009,OKC,OK,ASW,CE,Combined TRACON& Tower with Radar,94,86,35,182,397,0,3,18,7,28,94,89,53,189,425,0,146,146,571
07/02/2009,OKC,OK,ASW,CE,Combined TRACON& Tower with Radar,97,83,47,171,398,0,4,41,0,45,97,87,88,171,443,64,146,210,653
07/03/2009,OKC,OK,ASW,CE,Combined TRACON& Tower with Radar,86,65,14,6,171,0,4,31,0,35,86,69,45,6,206,0,0,0,206
07/04/2009,OKC,OK,ASW,CE,Combined TRACON& Tower with Radar,55,50,9,0,114,0,2,8,0,10,55,52,17,0,124,0,0,0,124
07/05/2009,OKC,OK,ASW,CE,Combined TRACON& Tower with Radar,85,71,19,17,192,0,4,12,1,17,85,75,31,18,209,0,0,0,209
07/06/2009,OKC,OK,ASW,CE,Combined TRACON& Tower with Radar,95,71,29,5,200,0,1,30,3,34,95,72,59,8,234,0,0,0,234
07/07/2009,OKC,OK,ASW,CE,Combined TRACON& Tower with Radar,103,90,38,117,348,0,0,23,5,28,103,90,61,122,376,6,42,48,424
07/08/2009,OKC,OK,ASW,CE,Combined TRACON& Tower with Radar,103,77,31,155,366,0,1,39,3,43,103,78,70,158,409,0,188,188,597
07/09/2009,OKC,OK,ASW,CE,Combined TRACON& Tower with Radar,99,86,46,187,418,0,0,42,29,71,99,86,88,216,489,8,96,104,593
07/10/2009,OKC,OK,ASW,CE,Combined TRACON& Tower with Radar,96,88,33,188,405,0,0,41,8,49,96,88,74,196,454,16,124,140,594
07/11/2009,OKC,OK,ASW,CE,Combined TRACON& Tower with Radar,69,62,12,41,184,0,3,14,9,26,69,65,26,50,210,0,0,0,210
07/12/2009,OKC,OK,ASW,CE,Combined TRACON& Tower with Radar,82,72,22,46,222,0,5,33,12,50,82,77,55,58,272,0,0,0,272
07/13/2009,OKC,OK,ASW,CE,Combined TRACON& Tower with Radar,92,78,41,163,374,0,2,28,9,39,92,80,69,172,413,0,122,122,535
07/14/2009,OKC,OK,ASW,CE,Combined TRACON& Tower with Radar,94,86,41,359,580,0,7,66,15,88,94,93,107,374,668,0,134,134,802
07/15/2009,OKC,OK,ASW,CE,Combined TRACON& Tower with Radar,97,78,41,364,580,0,0,65,9,74,97,78,106,373,654,0,260,260,914
07/16/2009,OKC,OK,ASW,CE,Combined TRACON& Tower with Radar,100,91,52,290,533,0,4,52,3,59,100,95,104,293,592,32,216,248,840
07/17/2009,OKC,OK,ASW,CE,Combined TRACON& Tower with Radar,100,76,36,285,497,0,5,35,0,40,100,81,71,285,537,0,270,270,807
07/18/2009,OKC,OK,ASW,CE,Combined TRACON& Tower with Radar,75,61,25,27,188,0,2,19,7,28,75,63,44,34,216,8,0,8,224
07/19/2009,OKC,OK,ASW,CE,Combined TRACON& Tower with Radar,91,69,13,27,200,0,2,14,0,16,91,71,27,27,216,0,0,0,216
07/20/2009,OKC,OK,ASW,CE,Combined TRACON& Tower with Radar,99,70,25,211,405,0,2,21,5,28,99,72,46,216,433,0,144,144,577
07/21/2009,OKC,OK,ASW,CE,Combined TRACON& Tower with Radar,96,95,39,70,300,0,2,20,4,26,96,97,59,74,326,0,16,16,342
07/22/2009,OKC,OK,ASW,CE,Combined TRACON& Tower with Radar,97,88,41,134,360,0,8,33,10,51,97,96,74,144,411,0,68,68,479
07/23/2009,OKC,OK,ASW,CE,Combined TRACON& Tower with Radar,97,80,45,179,401,0,2,41,24,67,97,82,86,203,468,29,178,207,675
07/24/2009,OKC,OK,ASW,CE,Combined TRACON& Tower with Radar,98,81,30,130,339,0,1,33,4,38,98,82,63,134,377,6,106,112,489
07/25/2009,OKC,OK,ASW,CE,Combined TRACON& Tower with Radar,71,65,22,31,189,0,12,27,0,39,71,77,49,31,228,0,0,0,228
07/26/2009,OKC,OK,ASW,CE,Combined TRACON& Tower with Radar,95,71,7,53,226,0,10,15,2,27,95,81,22,55,253,0,0,0,253
07/27/2009,OKC,OK,ASW,CE,Combined TRACON& Tower with Radar,98,73,28,13,212,0,0,6,7,13,98,73,34,20,225,0,0,0,225
07/28/2009,OKC,OK,ASW,CE,Combined TRACON& Tower with Radar,97,87,38,113,335,0,0,10,1,11,97,87,48,114,346,0,26,26,372
07/29/2009,OKC,OK,ASW,CE,Combined TRACON& Tower with Radar,99,83,45,43,270,0,6,10,6,22,99,89,55,49,292,0,0,0,292
07/30/2009,OKC,OK,ASW,CE,Combined TRACON& Tower with Radar,99,86,42,25,252,0,3,26,3,32,99,89,68,28,284,0,0,0,284
07/31/2009,OKC,OK,ASW,CE,Combined TRACON& Tower with Radar,103,78,33,47,261,0,2,30,8,40,103,80,63,55,301,0,0,0,301
08/01/2009,OKC,OK,ASW,CE,Combined TRACON& Tower with Radar,82,65,17,21,185,0,3,13,9,25,82,68,30,30,210,0,0,0,210
08/02/2009,OKC,OK,ASW,CE,Combined TRACON& Tower with Radar,94,72,9,23,198,0,0,20,7,27,94,72,29,30,225,0,0,0,225
08/03/2009,OKC,OK,ASW,CE,Combined TRACON& Tower with Radar,92,75,20,129,316,0,8,29,4,41,92,83,49,133,357,0,60,60,417
08/04/2009,OKC,OK,ASW,CE,Combined TRACON& Tower with Radar,102,75,39,170,386,0,7,38,18,63,102,82,77,188,449,0,158,158,607
08/05/2009,OKC,OK,ASW,CE,Combined TRACON& Tower with Radar,118,81,28,62,289,0,3,57,4,64,118,84,85,66,353,0,0,0,353
08/06/2009,OKC,OK,ASW,CE,Combined TRACON& Tower with Radar,103,81,40,55,279,0,2,32,2,36,103,83,72,57,315,24,0,24,339
08/07/2009,OKC,OK,ASW,CE,Combined TRACON& Tower with Radar,107,89,16,131,343,0,10,34,1,45,107,99,50,132,388,0,88,88,476
08/08/2009,OKC,OK,ASW,CE,Combined TRACON& Tower with Radar,76,62,11,6,155,0,5,8,0,13,76,67,19,6,168,2,0,2,170
08/09/2009,OKC,OK,ASW,CE,Combined TRACON& Tower with Radar,86,73,9,4,172,0,6,9,0,15,86,79,18,4,187,0,0,0,187
08/10/2009,OKC,OK,ASW,CE,Combined TRACON& Tower with Radar,100,83,29,127,339,0,2,26,7,35,100,85,55,134,374,0,0,0,374
08/11/2009,OKC,OK,ASW,CE,Combined TRACON& Tower with Radar,104,94,44,51,293,0,1,11,16,28,104,95,55,67,321,0,0,0,321
08/12/2009,OKC,OK,ASW,CE,Combined TRACON& Tower with Radar,99,79,25,41,244,0,9,43,14,66,99,88,68,55,310,2,15,17,327
08/13/2009,OKC,OK,ASW,CE,Combined TRACON& Tower with Radar,100,83,31,50,264,0,4,37,14,55,100,87,68,64,319,6,0,6,325
08/14/2009,OKC,OK,ASW,CE,Combined TRACON& Tower with Radar,103,78,27,206,414,0,2,27,13,42,103,80,54,219,456,6,104,110,566
08/15/2009,OKC,OK,ASW,CE,Combined TRACON& Tower with Radar,71,64,10,21,166,0,7,18,2,27,71,71,28,23,193,0,12,12,205
08/16/2009,OKC,OK,ASW,CE,Combined TRACON& Tower with Radar,80,73,15,13,181,0,4,10,4,18,80,77,25,17,199,0,4,4,203
08/17/2009,OKC,OK,ASW,CE,Combined TRACON& Tower with Radar,95,70,28,257,450,0,7,31,10,48,95,77,59,267,498,0,200,200,698
08/18/2009,OKC,OK,ASW,CE,Combined TRACON& Tower with Radar,94,71,26,52,243,0,4,13,4,21,94,75,39,56,264,0,0,0,264
08/19/2009,OKC,OK,ASW,CE,Combined TRACON& Tower with Radar,100,75,31,141,347,0,9,18,6,33,100,84,49,147,380,0,96,96,476
08/20/2009,OKC,OK,ASW,CE,Combined TRACON& Tower with Radar,100,86,21,32,239,0,8,6,9,23,100,94,27,41,262,0,0,0,262
08/21/2009,OKC,OK,ASW,CE,Combined TRACON& Tower with Radar,106,79,21,53,259,0,12,25,6,43,106,91,46,59,302,0,8,8,310
08/22/2009,OKC,OK,ASW,CE,Combined TRACON& Tower with Radar,73,59,15,31,178,0,6,18,4,28,73,65,33,35,206,0,0,0,206
08/23/2009,OKC,OK,ASW,CE,Combined TRACON& Tower with Radar,80,65,13,13,171,0,3,10,1,14,80,68,23,14,185,0,0,0,185
08/24/2009,OKC,OK,ASW,CE,Combined TRACON& Tower with Radar,96,70,21,33,220,0,2,17,1,20,96,72,38,34,240,4,70,74,314
08/25/2009,OKC,OK,ASW,CE,Combined TRACON& Tower with Radar,97,79,66,100,342,0,2,37,7,46,97,81,103,107,388,0,76,76,464
08/26/2009,OKC,OK,ASW,CE,Combined TRACON& Tower with Radar,101,88,28,201,418,0,7,20,3,30,101,95,48,204,448,0,206,206,654
08/27/2009,OKC,OK,ASW,CE,Combined TRACON& Tower with Radar,101,83,36,161,381,0,1,26,4,31,101,84,62,165,412,0,298,298,710
08/28/2009,OKC,OK,ASW,CE,Combined TRACON& Tower with Radar,104,81,35,83,303,0,6,27,8,41,104,87,62,91,344,26,28,54,398
08/29/2009,OKC,OK,ASW,CE,Combined TRACON& Tower with Radar,75,59,10,11,155,0,2,24,2,28,75,61,34,13,183,0,0,0,183
08/30/2009,OKC,OK,ASW,CE,Combined TRACON& Tower with Radar,85,66,17,9,177,0,1,11,0,12,85,67,28,9,189,0,8,8,197
08/31/2009,OKC,OK,ASW,CE,Combined TRACON& Tower with Radar,126,69,48,89,332,0,4,22,26,52,126,73,70,115,384,0,0,0,384
09/01/2009,OKC,OK,ASW,CE,Combined TRACON& Tower with Radar,108,62,28,127,325,0,2,22,6,30,108,64,50,133,355,0,16,16,371
09/02/2009,OKC,OK,ASW,CE,Combined TRACON& Tower with Radar,107,75,59,166,407,0,8,32,19,59,107,83,91,185,466,14,64,78,544
09/03/2009,OKC,OK,ASW,CE,Combined TRACON& Tower with Radar,105,68,33,153,359,0,2,13,5,20,105,70,46,158,379,0,188,188,567
09/04/2009,OKC,OK,ASW,CE,Combined TRACON& Tower with Radar,110,77,51,191,429,0,4,7,42,53,110,81,58,233,482,0,36,36,518
09/05/2009,OKC,OK,ASW,CE,Combined TRACON& Tower with Radar,83,45,22,1,151,0,4,19,2,25,83,49,41,3,176,0,0,0,176
09/06/2009,OKC,OK,ASW,CE,Combined TRACON& Tower with Radar,69,34,8,1,112,0,6,3,3,12,69,40,11,4,124,0,0,0,124
09/07/2009,OKC,OK,ASW,CE,Combined TRACON& Tower with Radar,90,58,13,2,163,0,2,14,1,17,90,60,27,3,180,0,0,0,180
09/08/2009,OKC,OK,ASW,CE,Combined TRACON& Tower with Radar,100,70,19,255,444,0,1,13,15,29,100,71,32,270,473,0,126,126,599
09/09/2009,OKC,OK,ASW,CE,Combined TRACON& Tower with Radar,109,73,33,265,480,0,6,8,14,28,109,79,41,279,508,0,168,168,676
09/10/2009,OKC,OK,ASW,CE,Combined TRACON& Tower with Radar,130,87,57,21,295,0,4,11,4,19,130,91,68,25,314,10,4,14,328
09/11/2009,OKC,OK,ASW,CE,Combined TRACON& Tower with Radar,128,73,31,40,272,0,0,5,0,5,128,73,36,40,277,0,0,0,277
09/12/2009,OKC,OK,ASW,CE,Combined TRACON& Tower with Radar,82,44,17,4,147,0,0,1,0,1,82,44,18,4,148,0,0,0,148
09/13/2009,OKC,OK,ASW,CE,Combined TRACON& Tower with Radar,96,56,20,15,187,0,0,0,0,0,96,56,20,15,187,0,0,0,187
09/14/2009,OKC,OK,ASW,CE,Combined TRACON& Tower with Radar,102,71,41,53,267,0,0,0,0,0,102,71,41,53,267,0,0,0,267
09/15/2009,OKC,OK,ASW,CE,Combined TRACON& Tower with Radar,114,69,47,129,359,0,3,13,5,21,114,72,60,134,380,0,80,80,460
09/16/2009,OKC,OK,ASW,CE,Combined TRACON& Tower with Radar,108,72,66,101,347,0,6,14,4,24,108,78,80,105,371,0,22,22,393
09/17/2009,OKC,OK,ASW,CE,Combined TRACON& Tower with Radar,110,80,43,39,272,0,8,15,4,27,110,88,58,43,299,0,0,0,299
09/18/2009,OKC,OK,ASW,CE,Combined TRACON& Tower with Radar,115,69,35,32,251,0,1,23,3,27,115,70,58,35,278,0,0,0,278
09/19/2009,OKC,OK,ASW,CE,Combined TRACON& Tower with Radar,86,48,29,8,171,0,7,8,2,17,86,55,37,10,188,0,0,0,188
09/20/2009,OKC,OK,ASW,CE,Combined TRACON& Tower with Radar,88,65,12,7,172,0,2,20,0,22,88,67,32,7,194,0,0,0,194
09/21/2009,OKC,OK,ASW,CE,Combined TRACON& Tower with Radar,119,75,10,69,273,0,0,7,0,7,119,75,17,69,280,0,18,18,298
09/22/2009,OKC,OK,ASW,CE,Combined TRACON& Tower with Radar,108,70,26,71,275,0,1,21,3,25,108,71,47,74,300,8,0,8,308
09/23/2009,OKC,OK,ASW,CE,Combined TRACON& Tower with Radar,103,74,30,164,371,0,2,33,5,40,103,76,63,169,411,4,148,152,563
09/24/2009,OKC,OK,ASW,CE,Combined TRACON& Tower with Radar,109,73,50,61,293,0,2,18,7,27,109,75,68,68,320,0,12,12,332
09/25/2009,OKC,OK,ASW,CE,Combined TRACON& Tower with Radar,107,69,31,54,261,0,4,21,7,32,107,73,52,61,293,0,0,0,293
09/26/2009,OKC,OK,ASW,CE,Combined TRACON& Tower with Radar,86,50,14,6,156,2,2,13,7,24,88,52,27,13,180,0,0,0,180
09/27/2009,OKC,OK,ASW,CE,Combined TRACON& Tower with Radar,94,66,11,2,173,2,9,6,2,19,96,75,17,4,192,0,0,0,192
09/28/2009,OKC,OK,ASW,CE,Combined TRACON& Tower with Radar,105,67,38,119,329,0,11,33,7,51,105,78,71,126,380,0,40,40,420
09/29/2009,OKC,OK,ASW,CE,Combined TRACON& Tower with Radar,102,66,37,142,347,0,11,40,12,63,102,77,77,154,410,0,120,120,530
09/30/2009,OKC,OK,ASW,CE,Combined TRACON& Tower with Radar,107,71,35,9,222,0,13,36,11,60,107,84,71,20,282,0,0,0,282
10/01/2009,OKC,OK,ASW,CE,Combined TRACON& Tower with Radar,126,76,34,135,371,0,5,26,1,32,126,81,60,136,403,0,68,68,471
10/02/2009,OKC,OK,ASW,CE,Combined TRACON& Tower with Radar,108,74,40,136,358,0,3,32,26,61,108,77,72,162,419,6,76,82,501
10/03/2009,OKC,OK,ASW,CE,Combined TRACON& Tower with Radar,89,49,11,17,166,0,4,21,11,36,89,53,32,28,202,6,10,16,218
10/04/2009,OKC,OK,ASW,CE,Combined TRACON& Tower with Radar,98,54,22,8,182,0,0,0,0,0,98,54,22,8,182,0,0,0,182
10/05/2009,OKC,OK,ASW,CE,Combined TRACON& Tower with Radar,101,64,29,24,218,0,0,0,0,0,101,64,29,24,218,0,0,0,218
10/06/2009,OKC,OK,ASW,CE,Combined TRACON& Tower with Radar,121,72,51,59,303,0,1,21,2,24,121,73,72,61,327,0,40,40,367
10/07/2009,OKC,OK,ASW,CE,Combined TRACON& Tower with Radar,107,83,42,29,261,0,0,10,8,18,107,83,52,37,279,0,0,0,279
10/08/2009,OKC,OK,ASW,CE,Combined TRACON& Tower with Radar,104,82,27,4,217,0,0,0,1,1,104,82,27,5,218,0,0,0,218
10/09/2009,OKC,OK,ASW,CE,Combined TRACON& Tower with Radar,115,71,73,36,295,0,0,5,0,5,115,71,78,36,300,0,0,0,300
10/10/2009,OKC,OK,ASW,CE,Combined TRACON& Tower with Radar,91,55,31,4,181,0,0,7,2,9,91,55,38,6,190,0,0,0,190
10/11/2009,OKC,OK,ASW,CE,Combined TRACON& Tower with Radar,100,55,21,5,181,0,0,3,4,7,100,55,24,9,188,0,0,0,188
10/12/2009,OKC,OK,ASW,CE,Combined TRACON& Tower with Radar,102,72,11,2,187,0,0,1,0,1,102,72,12,2,188,0,0,0,188
10/13/2009,OKC,OK,ASW,CE,Combined TRACON& Tower with Radar,105,64,40,7,216,0,0,0,0,0,105,64,40,7,216,0,0,0,216
10/14/2009,OKC,OK,ASW,CE,Combined TRACON& Tower with Radar,107,72,51,8,238,0,0,0,0,0,107,72,51,8,238,0,0,0,238
10/15/2009,OKC,OK,ASW,CE,Combined TRACON& Tower with Radar,107,70,54,29,260,0,2,18,0,20,107,72,72,29,280,0,12,12,292
10/16/2009,OKC,OK,ASW,CE,Combined TRACON& Tower with Radar,105,79,31,52,267,0,0,33,3,36,105,79,64,55,303,10,14,24,327
10/17/2009,OKC,OK,ASW,CE,Combined TRACON& Tower with Radar,91,48,12,2,153,0,1,14,2,17,91,49,26,4,170,0,0,0,170
10/18/2009,OKC,OK,ASW,CE,Combined TRACON& Tower with Radar,99,62,19,37,217,0,0,13,0,13,99,62,32,37,230,0,22,22,252
10/19/2009,OKC,OK,ASW,CE,Combined TRACON& Tower with Radar,104,79,40,74,297,0,0,22,0,22,104,79,62,74,319,0,12,12,331
10/20/2009,OKC,OK,ASW,CE,Combined TRACON& Tower with Radar,105,69,49,106,329,0,1,18,4,23,105,70,67,110,352,28,102,130,482
10/21/2009,OKC,OK,ASW,CE,Combined TRACON& Tower with Radar,107,69,56,6,238,0,0,6,0,6,107,69,62,6,244,0,0,0,244
10/22/2009,OKC,OK,ASW,CE,Combined TRACON& Tower with Radar,102,74,42,67,285,0,1,6,1,8,102,75,48,68,293,0,0,0,293
10/23/2009,OKC,OK,ASW,CE,Combined TRACON& Tower with Radar,109,67,59,86,321,0,1,25,15,41,109,68,84,101,362,6,42,48,410
10/24/2009,OKC,OK,ASW,CE,Combined TRACON& Tower with Radar,86,50,32,11,179,0,0,24,3,27,86,50,56,14,206,0,0,0,206
10/25/2009,OKC,OK,ASW,CE,Combined TRACON& Tower with Radar,96,53,22,30,201,0,0,11,2,13,96,53,33,32,214,0,0,0,214
10/26/2009,OKC,OK,ASW,CE,Combined TRACON& Tower with Radar,111,66,43,109,329,0,0,19,4,23,111,66,62,113,352,12,72,84,436
10/27/2009,OKC,OK,ASW,CE,Combined TRACON& Tower with Radar,106,65,57,95,323,0,1,24,6,31,106,66,81,101,354,0,98,98,452
10/28/2009,OKC,OK,ASW,CE,Combined TRACON& Tower with Radar,100,67,53,65,285,0,0,24,12,36,100,67,77,77,321,16,0,16,337
10/29/2009,OKC,OK,ASW,CE,Combined TRACON& Tower with Radar,101,68,53,32,254,0,3,6,0,9,101,71,59,32,263,0,0,0,263
10/30/2009,OKC,OK,ASW,CE,Combined TRACON& Tower with Radar,115,72,37,11,235,0,0,18,8,26,115,72,55,19,261,0,0,0,261
10/31/2009,OKC,OK,ASW,CE,Combined TRACON& Tower with Radar,94,45,14,2,155,0,0,19,0,19,94,45,33,2,174,0,0,0,174
11/01/2009,OKC,OK,ASW,CE,Combined TRACON& Tower with Radar,104,55,17,9,185,0,0,15,0,15,104,55,32,9,200,0,0,0,200
11/02/2009,OKC,OK,ASW,CE,Combined TRACON& Tower with Radar,103,65,34,65,267,0,1,26,4,31,103,66,60,69,298,4,42,46,344
11/03/2009,OKC,OK,ASW,CE,Combined TRACON& Tower with Radar,56,39,33,32,160,0,0,19,20,39,56,39,52,52,199,22,10,32,231
11/04/2009,OKC,OK,ASW,CE,Combined TRACON& Tower with Radar,105,75,44,74,298,0,0,23,1,24,105,75,67,75,322,0,30,30,352
11/05/2009,OKC,OK,ASW,CE,Combined TRACON& Tower with Radar,107,82,39,28,256,0,1,22,2,25,107,83,61,30,281,0,0,0,281
11/06/2009,OKC,OK,ASW,CE,Combined TRACON& Tower with Radar,111,71,23,31,236,0,2,18,2,22,111,73,41,33,258,0,0,0,258
11/07/2009,OKC,OK,ASW,CE,Combined TRACON& Tower with Radar,85,54,17,9,165,0,1,23,4,28,85,55,40,13,193,0,0,0,193
11/08/2009,OKC,OK,ASW,CE,Combined TRACON& Tower with Radar,103,59,22,6,190,0,0,15,12,27,103,59,37,18,217,0,0,0,217
11/09/2009,OKC,OK,ASW,CE,Combined TRACON& Tower with Radar,104,72,31,9,216,0,0,17,7,24,104,72,48,16,240,0,0,0,240
11/10/2009,OKC,OK,ASW,CE,Combined TRACON& Tower with Radar,105,75,72,18,270,0,0,4,0,4,105,75,76,18,274,0,0,0,274
11/11/2009,OKC,OK,ASW,CE,Combined TRACON& Tower with Radar,109,73,35,0,217,0,0,9,2,11,109,73,44,2,228,0,0,0,228
11/12/2009,OKC,OK,ASW,CE,Combined TRACON& Tower with Radar,108,90,42,10,250,0,0,25,5,30,108,90,67,15,280,0,0,0,280
11/13/2009,OKC,OK,ASW,CE,Combined TRACON& Tower with Radar,113,85,34,33,265,0,1,29,5,35,113,86,63,38,300,0,0,0,300
11/14/2009,OKC,OK,ASW,CE,Combined TRACON& Tower with Radar,87,57,18,4,166,0,0,2,0,2,87,57,20,4,168,0,0,0,168
11/15/2009,OKC,OK,ASW,CE,Combined TRACON& Tower with Radar,109,59,15,4,187,0,0,0,0,0,109,59,15,4,187,0,0,0,187
11/16/2009,OKC,OK,ASW,CE,Combined TRACON& Tower with Radar,108,64,71,36,279,0,0,7,1,8,108,64,78,37,287,0,0,0,287
11/17/2009,OKC,OK,ASW,CE,Combined TRACON& Tower with Radar,111,70,50,87,318,0,0,21,6,27,111,70,71,93,345,0,174,174,519
11/18/2009,OKC,OK,ASW,CE,Combined TRACON& Tower with Radar,107,69,43,35,254,0,0,38,6,44,107,69,81,41,298,12,32,44,342
11/19/2009,OKC,OK,ASW,CE,Combined TRACON& Tower with Radar,113,74,39,58,284,0,0,23,13,36,113,74,62,71,320,12,0,12,332
11/20/2009,OKC,OK,ASW,CE,Combined TRACON& Tower with Radar,112,72,53,72,309,0,2,1,1,4,112,74,54,73,313,0,0,0,313
11/21/2009,OKC,OK,ASW,CE,Combined TRACON& Tower with Radar,94,49,19,9,171,0,0,2,0,2,94,49,21,9,173,0,0,0,173
11/22/2009,OKC,OK,ASW,CE,Combined TRACON& Tower with Radar,99,53,16,12,180,0,0,7,1,8,99,53,23,13,188,6,0,6,194
11/23/2009,OKC,OK,ASW,CE,Combined TRACON& Tower with Radar,105,58,31,18,212,0,0,8,6,14,105,58,39,24,226,0,0,0,226
11/24/2009,OKC,OK,ASW,CE,Combined TRACON& Tower with Radar,110,69,46,80,305,0,1,33,22,56,110,70,79,102,361,0,166,166,527
11/25/2009,OKC,OK,ASW,CE,Combined TRACON& Tower with Radar,112,71,35,60,278,0,1,20,12,33,112,72,55,72,311,0,38,38,349
11/26/2009,OKC,OK,ASW,CE,Combined TRACON& Tower with Radar,73,44,5,0,122,0,0,8,0,8,73,44,13,0,130,0,0,0,130
11/27/2009,OKC,OK,ASW,CE,Combined TRACON& Tower with Radar,79,42,17,1,139,0,1,14,2,17,79,43,31,3,156,24,0,24,180
11/28/2009,OKC,OK,ASW,CE,Combined TRACON& Tower with Radar,89,57,10,3,159,0,1,10,1,12,89,58,20,4,171,0,0,0,171
11/29/2009,OKC,OK,ASW,CE,Combined TRACON& Tower with Radar,101,63,15,8,187,0,0,0,0,0,101,63,15,8,187,0,0,0,187
11/30/2009,OKC,OK,ASW,CE,Combined TRACON& Tower with Radar,106,77,40,43,266,0,0,15,7,22,106,77,55,50,288,0,118,118,406
12/01/2009,OKC,OK,ASW,CE,Combined TRACON& Tower with Radar,105,64,45,87,301,0,0,19,4,23,105,64,64,91,324,0,130,130,454
12/02/2009,OKC,OK,ASW,CE,Combined TRACON& Tower with Radar,106,77,48,88,319,0,1,13,78,92,106,78,61,166,411,8,66,74,485
12/03/2009,OKC,OK,ASW,CE,Combined TRACON& Tower with Radar,113,74,58,76,321,0,1,23,3,27,113,75,81,79,348,0,133,133,481
12/04/2009,OKC,OK,ASW,CE,Combined TRACON& Tower with Radar,107,61,44,42,254,0,0,24,69,93,107,61,68,111,347,8,32,40,387
12/05/2009,OKC,OK,ASW,CE,Combined TRACON& Tower with Radar,88,46,16,16,166,0,0,9,0,9,88,46,25,16,175,0,0,0,175
12/06/2009,OKC,OK,ASW,CE,Combined TRACON& Tower with Radar,98,56,10,20,184,0,0,9,0,9,98,56,19,20,193,0,0,0,193
12/07/2009,OKC,OK,ASW,CE,Combined TRACON& Tower with Radar,109,63,38,60,270,0,1,4,0,5,109,64,42,60,275,4,106,110,385
12/08/2009,OKC,OK,ASW,CE,Combined TRACON& Tower with Radar,109,58,23,0,190,0,0,1,0,1,109,58,24,0,191,0,0,0,191
12/09/2009,OKC,OK,ASW,CE,Combined TRACON& Tower with Radar,105,66,33,89,293,0,0,27,2,29,105,66,60,91,322,8,102,110,432
12/10/2009,OKC,OK,ASW,CE,Combined TRACON& Tower with Radar,107,69,37,61,274,0,2,18,6,26,107,71,55,67,300,0,68,68,368
12/11/2009,OKC,OK,ASW,CE,Combined TRACON& Tower with Radar,110,77,29,55,271,0,2,10,2,14,110,79,39,57,285,0,90,90,375
12/12/2009,OKC,OK,ASW,CE,Combined TRACON& Tower with Radar,90,38,11,0,139,0,0,1,0,1,90,38,12,0,140,0,0,0,140
12/13/2009,OKC,OK,ASW,CE,Combined TRACON& Tower with Radar,98,49,17,10,174,0,0,9,0,9,98,49,26,10,183,0,0,0,183
12/14/2009,OKC,OK,ASW,CE,Combined TRACON& Tower with Radar,102,69,27,84,282,0,0,21,9,30,102,69,48,93,312,0,25,25,337
12/15/2009,OKC,OK,ASW,CE,Combined TRACON& Tower with Radar,107,63,41,97,308,0,0,24,6,30,107,63,65,103,338,10,90,100,438
12/16/2009,OKC,OK,ASW,CE,Combined TRACON& Tower with Radar,110,81,60,87,338,0,0,28,6,34,110,81,88,93,372,14,114,128,500
12/17/2009,OKC,OK,ASW,CE,Combined TRACON& Tower with Radar,112,64,57,99,332,0,3,21,7,31,112,67,78,106,363,0,70,70,433
12/18/2009,OKC,OK,ASW,CE,Combined TRACON& Tower with Radar,103,64,40,88,295,0,0,18,32,50,103,64,58,120,345,0,88,88,433
12/19/2009,OKC,OK,ASW,CE,Combined TRACON& Tower with Radar,86,48,20,35,189,0,1,6,1,8,86,49,26,36,197,0,52,52,249
12/20/2009,OKC,OK,ASW,CE,Combined TRACON& Tower with Radar,87,53,15,17,172,0,0,20,0,20,87,53,35,17,192,0,32,32,224
12/21/2009,OKC,OK,ASW,CE,Combined TRACON& Tower with Radar,97,62,22,72,253,0,2,33,6,41,97,64,55,78,294,0,40,40,334
12/22/2009,OKC,OK,ASW,CE,Combined TRACON& Tower with Radar,112,63,19,59,253,0,2,3,0,5,112,65,22,59,258,0,0,0,258
12/23/2009,OKC,OK,ASW,CE,Combined TRACON& Tower with Radar,106,67,22,2,197,0,0,0,0,0,106,67,22,2,197,0,0,0,197
12/24/2009,OKC,OK,ASW,CE,Combined TRACON& Tower with Radar,31,22,9,0,62,0,0,0,0,0,31,22,9,0,62,0,0,0,62
12/25/2009,OKC,OK,ASW,CE,Combined TRACON& Tower with Radar,45,35,13,0,93,0,2,11,2,15,45,37,24,2,108,0,0,0,108
12/26/2009,OKC,OK,ASW,CE,Combined TRACON& Tower with Radar,95,58,28,0,181,0,1,11,0,12,95,59,39,0,193,0,0,0,193
12/27/2009,OKC,OK,ASW,CE,Combined TRACON& Tower with Radar,96,61,17,0,174,0,0,4,0,4,96,61,21,0,178,0,0,0,178
12/28/2009,OKC,OK,ASW,CE,Combined TRACON& Tower with Radar,101,65,22,2,190,0,0,6,2,8,101,65,28,4,198,10,0,10,208
12/29/2009,OKC,OK,ASW,CE,Combined TRACON& Tower with Radar,98,58,17,4,177,0,0,2,0,2,98,58,19,4,179,0,0,0,179
12/30/2009,OKC,OK,ASW,CE,Combined TRACON& Tower with Radar,102,62,13,6,183,0,0,1,0,1,102,62,14,6,184,0,0,0,184
12/31/2009,OKC,OK,ASW,CE,Combined TRACON& Tower with Radar,97,60,8,0,165,0,0,1,0,1,97,60,9,0,166,0,0,0,166
01/01/2010,OKC,OK,ASW,CE,Combined TRACON& Tower with Radar,71,55,5,0,131,0,4,8,0,12,71,59,13,0,143,0,0,0,143
01/02/2010,OKC,OK,ASW,CE,Combined TRACON& Tower with Radar,94,52,15,2,163,0,0,7,0,7,94,52,22,2,170,0,0,0,170
01/03/2010,OKC,OK,ASW,CE,Combined TRACON& Tower with Radar,88,61,11,0,160,0,0,5,0,5,88,61,16,0,165,0,0,0,165
01/04/2010,OKC,OK,ASW,CE,Combined TRACON& Tower with Radar,104,57,23,0,184,0,0,5,0,5,104,57,28,0,189,0,0,0,189
01/05/2010,OKC,OK,ASW,CE,Combined TRACON& Tower with Radar,102,72,32,11,217,0,0,0,7,7,102,72,32,18,224,2,4,6,230
01/06/2010,OKC,OK,ASW,CE,Combined TRACON& Tower with Radar,104,58,34,106,302,0,0,12,60,72,104,58,46,166,374,0,38,38,412
01/07/2010,OKC,OK,ASW,CE,Combined TRACON& Tower with Radar,101,66,34,122,323,0,1,15,4,20,101,67,49,126,343,0,176,176,519
01/08/2010,OKC,OK,ASW,CE,Combined TRACON& Tower with Radar,97,61,25,72,255,0,0,25,1,26,97,61,50,73,281,0,30,30,311
01/09/2010,OKC,OK,ASW,CE,Combined TRACON& Tower with Radar,79,44,7,0,130,0,0,6,6,12,79,44,13,6,142,0,0,0,142
01/10/2010,OKC,OK,ASW,CE,Combined TRACON& Tower with Radar,80,55,7,9,151,0,4,6,5,15,80,59,13,14,166,0,0,0,166
01/11/2010,OKC,OK,ASW,CE,Combined TRACON& Tower with Radar,98,60,43,125,326,0,2,22,5,29,98,62,65,130,355,0,90,90,445
01/12/2010,OKC,OK,ASW,CE,Combined TRACON& Tower with Radar,102,73,34,113,322,0,1,23,8,32,102,74,57,121,354,0,218,218,572
01/13/2010,OKC,OK,ASW,CE,Combined TRACON& Tower with Radar,107,62,36,133,338,0,1,17,4,22,107,63,53,137,360,18,182,200,560
01/14/2010,OKC,OK,ASW,CE,Combined TRACON& Tower with Radar,101,73,45,80,299,0,0,6,0,6,101,73,51,80,305,0,0,0,305
01/15/2010,OKC,OK,ASW,CE,Combined TRACON& Tower with Radar,101,63,31,31,226,0,0,0,0,0,101,63,31,31,226,0,0,0,226
01/16/2010,OKC,OK,ASW,CE,Combined TRACON& Tower with Radar,85,41,11,5,142,0,0,0,0,0,85,41,11,5,142,0,0,0,142
01/17/2010,OKC,OK,ASW,CE,Combined TRACON& Tower with Radar,87,46,10,18,161,0,1,5,0,6,87,47,15,18,167,0,0,0,167
01/18/2010,OKC,OK,ASW,CE,Combined TRACON& Tower with Radar,106,57,16,10,189,0,0,16,0,16,106,57,32,10,205,0,0,0,205
01/19/2010,OKC,OK,ASW,CE,Combined TRACON& Tower with Radar,104,58,64,22,248,0,0,16,6,22,104,58,80,28,270,0,0,0,270
01/20/2010,OKC,OK,ASW,CE,Combined TRACON& Tower with Radar,103,64,38,108,313,0,0,18,3,21,103,64,56,111,334,0,158,158,492
01/21/2010,OKC,OK,ASW,CE,Combined TRACON& Tower with Radar,103,68,43,108,322,0,0,23,11,34,103,68,66,119,356,0,4,4,360
01/22/2010,OKC,OK,ASW,CE,Combined TRACON& Tower with Radar,103,67,28,94,292,0,3,26,5,34,103,70,54,99,326,0,66,66,392
01/23/2010,OKC,OK,ASW,CE,Combined TRACON& Tower with Radar,81,42,15,17,155,0,2,8,3,13,81,44,23,20,168,0,10,10,178
01/24/2010,OKC,OK,ASW,CE,Combined TRACON& Tower with Radar,86,51,32,5,174,0,1,18,1,20,86,52,50,6,194,0,0,0,194
01/25/2010,OKC,OK,ASW,CE,Combined TRACON& Tower with Radar,100,54,23,70,247,0,5,20,3,28,100,59,43,73,275,0,178,178,453
01/26/2010,OKC,OK,ASW,CE,Combined TRACON& Tower with Radar,100,65,46,84,295,0,1,21,34,56,100,66,67,118,351,20,88,108,459
01/27/2010,OKC,OK,ASW,CE,Combined TRACON& Tower with Radar,111,64,51,92,318,0,0,14,48,62,111,64,65,140,380,10,299,309,689
01/28/2010,OKC,OK,ASW,CE,Combined TRACON& Tower with Radar,26,23,6,0,55,0,0,0,0,0,26,23,6,0,55,0,0,0,55
01/29/2010,OKC,OK,ASW,CE,Combined TRACON& Tower with Radar,1,5,2,0,8,0,0,0,0,0,1,5,2,0,8,0,0,0,8
01/30/2010,OKC,OK,ASW,CE,Combined TRACON& Tower with Radar,57,33,11,2,103,0,0,0,0,0,57,33,11,2,103,0,0,0,103
01/31/2010,OKC,OK,ASW,CE,Combined TRACON& Tower with Radar,99,52,13,0,164,0,0,0,0,0,99,52,13,0,164,0,0,0,164
02/01/2010,OKC,OK,ASW,CE,Combined TRACON& Tower with Radar,96,71,19,3,189,0,0,0,0,0,96,71,19,3,189,0,0,0,189
02/02/2010,OKC,OK,ASW,CE,Combined TRACON& Tower with Radar,104,65,33,60,262,0,0,0,1,1,104,65,33,61,263,0,0,0,263
02/03/2010,OKC,OK,ASW,CE,Combined TRACON& Tower with Radar,107,59,42,20,228,0,0,0,0,0,107,59,42,20,228,0,0,0,228
02/04/2010,OKC,OK,ASW,CE,Combined TRACON& Tower with Radar,109,71,34,7,221,0,0,0,0,0,109,71,34,7,221,0,0,0,221
02/05/2010,OKC,OK,ASW,CE,Combined TRACON& Tower with Radar,103,81,44,79,307,0,2,24,0,26,103,83,68,79,333,8,180,188,521
02/06/2010,OKC,OK,ASW,CE,Combined TRACON& Tower with Radar,74,42,13,13,142,0,0,4,0,4,74,42,17,13,146,0,0,0,146
02/07/2010,OKC,OK,ASW,CE,Combined TRACON& Tower with Radar,84,61,3,6,154,0,0,1,0,1,84,61,4,6,155,0,0,0,155
02/08/2010,OKC,OK,ASW,CE,Combined TRACON& Tower with Radar,90,61,21,0,172,0,0,0,0,0,90,61,21,0,172,0,0,0,172
02/09/2010,OKC,OK,ASW,CE,Combined TRACON& Tower with Radar,105,57,42,130,334,0,3,20,8,31,105,60,62,138,365,22,628,650,1015
02/10/2010,OKC,OK,ASW,CE,Combined TRACON& Tower with Radar,104,59,53,68,284,0,0,24,5,29,104,59,77,73,313,6,88,94,407
02/11/2010,OKC,OK,ASW,CE,Combined TRACON& Tower with Radar,100,58,49,32,239,0,0,6,0,6,100,58,55,32,245,0,0,0,245
02/12/2010,OKC,OK,ASW,CE,Combined TRACON& Tower with Radar,104,68,39,51,262,0,0,13,0,13,104,68,52,51,275,0,0,0,275
02/13/2010,OKC,OK,ASW,CE,Combined TRACON& Tower with Radar,79,51,12,1,143,0,0,6,0,6,79,51,18,1,149,0,0,0,149
02/14/2010,OKC,OK,ASW,CE,Combined TRACON& Tower with Radar,85,55,11,0,151,0,0,1,0,1,85,55,12,0,152,0,0,0,152
02/15/2010,OKC,OK,ASW,CE,Combined TRACON& Tower with Radar,100,59,27,10,196,0,0,8,0,8,100,59,35,10,204,0,0,0,204
02/16/2010,OKC,OK,ASW,CE,Combined TRACON& Tower with Radar,104,65,58,94,321,0,3,32,16,51,104,68,90,110,372,43,527,570,942
02/17/2010,OKC,OK,ASW,CE,Combined TRACON& Tower with Radar,104,57,47,125,333,0,2,32,14,48,104,59,79,139,381,46,262,308,689
02/18/2010,OKC,OK,ASW,CE,Combined TRACON& Tower with Radar,106,78,46,125,355,0,1,30,8,39,106,79,76,133,394,0,166,166,560
02/19/2010,OKC,OK,ASW,CE,Combined TRACON& Tower with Radar,108,70,50,109,337,0,0,9,2,11,108,70,59,111,348,18,128,146,494
02/20/2010,OKC,OK,ASW,CE,Combined TRACON& Tower with Radar,77,56,10,0,143,0,0,0,0,0,77,56,10,0,143,0,0,0,143
02/21/2010,OKC,OK,ASW,CE,Combined TRACON& Tower with Radar,86,57,12,4,159,0,0,0,0,0,86,57,12,4,159,0,0,0,159
02/22/2010,OKC,OK,ASW,CE,Combined TRACON& Tower with Radar,103,60,51,59,273,0,0,3,0,3,103,60,54,59,276,8,114,122,398
02/23/2010,OKC,OK,ASW,CE,Combined TRACON& Tower with Radar,105,75,38,95,313,0,5,13,7,25,105,80,51,102,338,0,138,138,476
02/24/2010,OKC,OK,ASW,CE,Combined TRACON& Tower with Radar,99,73,32,81,285,0,1,18,5,24,99,74,50,86,309,18,42,60,369
02/25/2010,OKC,OK,ASW,CE,Combined TRACON& Tower with Radar,113,71,35,55,274,0,0,13,4,17,113,71,48,59,291,0,156,156,447
02/26/2010,OKC,OK,ASW,CE,Combined TRACON& Tower with Radar,106,65,33,38,242,0,0,5,0,5,106,65,38,38,247,0,0,0,247
02/27/2010,OKC,OK,ASW,CE,Combined TRACON& Tower with Radar,79,52,5,8,144,0,0,13,1,14,79,52,18,9,158,0,0,0,158
02/28/2010,OKC,OK,ASW,CE,Combined TRACON& Tower with Radar,85,72,7,15,179,0,1,4,0,5,85,73,11,15,184,0,0,0,184
03/01/2010,OKC,OK,ASW,CE,Combined TRACON& Tower with Radar,98,74,32,50,254,0,0,7,0,7,98,74,39,50,261,0,12,12,273
03/02/2010,OKC,OK,ASW,CE,Combined TRACON& Tower with Radar,102,74,56,126,358,0,0,16,4,20,102,74,72,130,378,0,124,124,502
03/03/2010,OKC,OK,ASW,CE,Combined TRACON& Tower with Radar,111,59,38,81,289,0,4,21,6,31,111,63,59,87,320,6,182,188,508
03/04/2010,OKC,OK,ASW,CE,Combined TRACON& Tower with Radar,106,69,38,67,280,0,1,28,4,33,106,70,66,71,313,0,58,58,371
03/05/2010,OKC,OK,ASW,CE,Combined TRACON& Tower with Radar,111,70,39,42,262,0,1,16,6,23,111,71,55,48,285,12,86,98,383
03/06/2010,OKC,OK,ASW,CE,Combined TRACON& Tower with Radar,80,57,15,0,152,0,0,9,30,39,80,57,24,30,191,0,0,0,191
03/07/2010,OKC,OK,ASW,CE,Combined TRACON& Tower with Radar,82,62,17,6,167,0,2,2,16,20,82,64,19,22,187,0,0,0,187
03/08/2010,OKC,OK,ASW,CE,Combined TRACON& Tower with Radar,110,64,21,4,199,0,0,0,0,0,110,64,21,4,199,0,0,0,199
03/09/2010,OKC,OK,ASW,CE,Combined TRACON& Tower with Radar,99,77,45,80,301,0,1,15,4,20,99,78,60,84,321,45,140,185,506
03/10/2010,OKC,OK,ASW,CE,Combined TRACON& Tower with Radar,129,69,30,189,417,0,1,17,2,20,129,70,47,191,437,0,260,260,697
03/11/2010,OKC,OK,ASW,CE,Combined TRACON& Tower with Radar,109,64,58,86,317,0,0,20,5,25,109,64,78,91,342,0,92,92,434
03/12/2010,OKC,OK,ASW,CE,Combined TRACON& Tower with Radar,106,66,42,97,311,0,3,19,1,23,106,69,61,98,334,0,122,122,456
03/13/2010,OKC,OK,ASW,CE,Combined TRACON& Tower with Radar,81,58,17,21,177,0,0,8,2,10,81,58,25,23,187,0,18,18,205
03/14/2010,OKC,OK,ASW,CE,Combined TRACON& Tower with Radar,84,48,14,31,177,0,0,2,0,2,84,48,16,31,179,0,0,0,179
03/15/2010,OKC,OK,ASW,CE,Combined TRACON& Tower with Radar,103,74,41,63,281,0,0,3,4,7,103,74,44,67,288,0,10,10,298
03/16/2010,OKC,OK,ASW,CE,Combined TRACON& Tower with Radar,117,58,47,64,286,0,0,7,2,9,117,58,54,66,295,8,0,8,303
03/17/2010,OKC,OK,ASW,CE,Combined TRACON& Tower with Radar,109,56,58,79,302,0,1,14,2,17,109,57,72,81,319,0,4,4,323
03/18/2010,OKC,OK,ASW,CE,Combined TRACON& Tower with Radar,103,78,48,60,289,0,4,19,8,31,103,82,67,68,320,36,134,170,490
03/19/2010,OKC,OK,ASW,CE,Combined TRACON& Tower with Radar,115,67,35,32,249,0,3,9,1,13,115,70,44,33,262,26,56,82,344
03/20/2010,OKC,OK,ASW,CE,Combined TRACON& Tower with Radar,78,42,14,0,134,0,0,0,0,0,78,42,14,0,134,0,0,0,134
03/21/2010,OKC,OK,ASW,CE,Combined TRACON& Tower with Radar,90,65,15,11,181,0,1,2,0,3,90,66,17,11,184,0,0,0,184
03/22/2010,OKC,OK,ASW,CE,Combined TRACON& Tower with Radar,107,64,44,101,316,0,1,29,1,31,107,65,73,102,347,10,92,102,449
03/23/2010,OKC,OK,ASW,CE,Combined TRACON& Tower with Radar,101,58,30,131,320,0,2,21,11,34,101,60,51,142,354,39,505,544,898
03/24/2010,OKC,OK,ASW,CE,Combined TRACON& Tower with Radar,116,69,69,130,384,0,2,24,5,31,116,71,93,135,415,0,0,0,415
03/25/2010,OKC,OK,ASW,CE,Combined TRACON& Tower with Radar,107,65,59,52,283,0,1,18,5,24,107,66,77,57,307,18,0,18,325
03/26/2010,OKC,OK,ASW,CE,Combined TRACON& Tower with Radar,108,60,72,57,297,0,5,35,5,45,108,65,107,62,342,0,56,56,398
03/27/2010,OKC,OK,ASW,CE,Combined TRACON& Tower with Radar,88,51,14,0,153,0,0,3,0,3,88,51,17,0,156,0,0,0,156
03/28/2010,OKC,OK,ASW,CE,Combined TRACON& Tower with Radar,87,55,14,22,178,0,0,2,2,4,87,55,16,24,182,0,0,0,182
03/29/2010,OKC,OK,ASW,CE,Combined TRACON& Tower with Radar,105,52,30,74,261,0,1,16,3,20,105,53,46,77,281,22,200,222,503
03/30/2010,OKC,OK,ASW,CE,Combined TRACON& Tower with Radar,102,60,53,103,318,0,1,30,0,31,102,61,83,103,349,34,96,130,479
03/31/2010,OKC,OK,ASW,CE,Combined TRACON& Tower with Radar,110,62,76,108,356,0,3,8,1,12,110,65,84,109,368,12,190,202,570
04/01/2010,OKC,OK,ASW,CE,Combined TRACON& Tower with Radar,113,79,40,60,292,0,1,12,0,13,113,80,52,60,305,0,10,10,315
04/02/2010,OKC,OK,ASW,CE,Combined TRACON& Tower with Radar,108,63,37,47,255,0,4,14,4,22,108,67,51,51,277,2,42,44,321
04/03/2010,OKC,OK,ASW,CE,Combined TRACON& Tower with Radar,84,51,3,0,138,0,6,4,0,10,84,57,7,0,148,0,0,0,148
04/04/2010,OKC,OK,ASW,CE,Combined TRACON& Tower with Radar,90,51,12,3,156,0,3,10,0,13,90,54,22,3,169,0,0,0,169
04/05/2010,OKC,OK,ASW,CE,Combined TRACON& Tower with Radar,108,56,47,103,314,0,2,7,4,13,108,58,54,107,327,0,0,0,327
04/06/2010,OKC,OK,ASW,CE,Combined TRACON& Tower with Radar,107,62,30,154,353,0,1,4,4,9,107,63,34,158,362,19,554,573,935
04/07/2010,OKC,OK,ASW,CE,Combined TRACON& Tower with Radar,114,59,29,133,335,0,1,9,2,12,114,60,38,135,347,0,154,154,501
04/08/2010,OKC,OK,ASW,CE,Combined TRACON& Tower with Radar,121,84,51,92,348,0,1,21,12,34,121,85,72,104,382,8,558,566,948
04/09/2010,OKC,OK,ASW,CE,Combined TRACON& Tower with Radar,116,73,36,53,278,0,1,21,7,29,116,74,57,60,307,0,50,50,357
04/10/2010,OKC,OK,ASW,CE,Combined TRACON& Tower with Radar,98,52,8,5,163,0,2,8,3,13,98,54,16,8,176,0,0,0,176
04/11/2010,OKC,OK,ASW,CE,Combined TRACON& Tower with Radar,94,52,10,9,165,0,0,8,0,8,94,52,18,9,173,0,0,0,173
04/12/2010,OKC,OK,ASW,CE,Combined TRACON& Tower with Radar,117,61,35,66,279,0,1,15,2,18,117,62,50,68,297,10,120,130,427
04/13/2010,OKC,OK,ASW,CE,Combined TRACON& Tower with Radar,114,67,37,80,298,0,2,24,5,31,114,69,61,85,329,60,214,274,603
04/14/2010,OKC,OK,ASW,CE,Combined TRACON& Tower with Radar,114,72,50,108,344,0,6,48,5,59,114,78,98,113,403,0,666,666,1069
04/15/2010,OKC,OK,ASW,CE,Combined TRACON& Tower with Radar,115,81,57,60,313,0,3,17,7,27,115,84,74,67,340,0,6,6,346
04/16/2010,OKC,OK,ASW,CE,Combined TRACON& Tower with Radar,120,66,38,25,249,0,0,4,0,4,120,66,42,25,253,28,24,52,305
04/17/2010,OKC,OK,ASW,CE,Combined TRACON& Tower with Radar,96,49,23,0,168,0,0,1,1,2,96,49,24,1,170,0,0,0,170
04/18/2010,OKC,OK,ASW,CE,Combined TRACON& Tower with Radar,101,55,20,11,187,0,0,1,0,1,101,55,21,11,188,0,0,0,188
04/19/2010,OKC,OK,ASW,CE,Combined TRACON& Tower with Radar,114,60,44,87,305,0,1,19,4,24,114,61,63,91,329,14,78,92,421
04/20/2010,OKC,OK,ASW,CE,Combined TRACON& Tower with Radar,109,59,42,99,309,0,2,16,7,25,109,61,58,106,334,0,697,697,1031
04/21/2010,OKC,OK,ASW,CE,Combined TRACON& Tower with Radar,113,61,71,52,297,0,4,23,0,27,113,65,94,52,324,4,138,142,466
04/22/2010,OKC,OK,ASW,CE,Combined TRACON& Tower with Radar,111,77,32,81,301,0,0,13,9,22,111,77,45,90,323,0,306,306,629
04/23/2010,OKC,OK,ASW,CE,Combined TRACON& Tower with Radar,117,53,35,76,281,0,4,12,4,20,117,57,47,80,301,0,138,138,439
04/24/2010,OKC,OK,ASW,CE,Combined TRACON& Tower with Radar,94,44,18,21,177,0,0,8,1,9,94,44,26,22,186,0,0,0,186
04/25/2010,OKC,OK,ASW,CE,Combined TRACON& Tower with Radar,100,48,14,14,176,0,0,8,0,8,100,48,22,14,184,0,0,0,184
04/26/2010,OKC,OK,ASW,CE,Combined TRACON& Tower with Radar,109,57,44,92,302,0,2,21,4,27,109,59,65,96,329,0,46,46,375
04/27/2010,OKC,OK,ASW,CE,Combined TRACON& Tower with Radar,104,78,53,91,326,0,2,27,3,32,104,80,80,94,358,0,56,56,414
04/28/2010,OKC,OK,ASW,CE,Combined TRACON& Tower with Radar,116,69,42,56,283,0,2,17,61,80,116,71,59,117,363,0,138,138,501
04/29/2010,OKC,OK,ASW,CE,Combined TRACON& Tower with Radar,108,68,27,82,285,0,1,9,0,10,108,69,36,82,295,0,176,176,471
04/30/2010,OKC,OK,ASW,CE,Combined TRACON& Tower with Radar,109,74,42,40,265,0,2,13,0,15,109,76,55,40,280,0,50,50,330
05/01/2010,OKC,OK,ASW,CE,Combined TRACON& Tower with Radar,97,46,20,2,165,0,0,15,7,22,97,46,35,9,187,0,0,0,187
05/02/2010,OKC,OK,ASW,CE,Combined TRACON& Tower with Radar,96,59,21,6,182,0,2,14,5,21,96,61,35,11,203,0,0,0,203
05/03/2010,OKC,OK,ASW,CE,Combined TRACON& Tower with Radar,122,72,53,97,344,0,0,31,5,36,122,72,84,102,380,8,46,54,434
05/04/2010,OKC,OK,ASW,CE,Combined TRACON& Tower with Radar,118,56,58,99,331,0,3,35,0,38,118,59,93,99,369,6,239,245,614
05/05/2010,OKC,OK,ASW,CE,Combined TRACON& Tower with Radar,114,61,58,98,331,0,3,41,46,90,114,64,99,144,421,6,56,62,483
05/06/2010,OKC,OK,ASW,CE,Combined TRACON& Tower with Radar,113,65,59,89,326,0,2,25,6,33,113,67,84,95,359,6,120,126,485
05/07/2010,OKC,OK,ASW,CE,Combined TRACON& Tower with Radar,120,62,32,106,320,0,0,27,1,28,120,62,59,107,348,0,238,238,586
05/08/2010,OKC,OK,ASW,CE,Combined TRACON& Tower with Radar,95,39,20,22,176,0,2,10,2,14,95,41,30,24,190,0,0,0,190
05/09/2010,OKC,OK,ASW,CE,Combined TRACON& Tower with Radar,97,55,5,5,162,0,0,0,0,0,97,55,5,5,162,0,0,0,162
05/10/2010,OKC,OK,ASW,CE,Combined TRACON& Tower with Radar,110,69,52,6,237,0,1,1,0,2,110,70,53,6,239,0,0,0,239
05/11/2010,OKC,OK,ASW,CE,Combined TRACON& Tower with Radar,115,66,61,58,300,0,0,4,0,4,115,66,65,58,304,0,0,0,304
05/12/2010,OKC,OK,ASW,CE,Combined TRACON& Tower with Radar,117,56,67,67,307,0,0,9,2,11,117,56,76,69,318,12,134,146,464
05/13/2010,OKC,OK,ASW,CE,Combined TRACON& Tower with Radar,116,65,46,62,289,0,1,6,0,7,116,66,52,62,296,0,0,0,296
05/14/2010,OKC,OK,ASW,CE,Combined TRACON& Tower with Radar,110,63,27,8,208,0,1,2,0,3,110,64,29,8,211,0,0,0,211
05/15/2010,OKC,OK,ASW,CE,Combined TRACON& Tower with Radar,107,50,25,7,189,0,0,1,0,1,107,50,26,7,190,0,0,0,190
05/16/2010,OKC,OK,ASW,CE,Combined TRACON& Tower with Radar,102,53,9,1,165,0,0,6,0,6,102,53,15,1,171,0,0,0,171
05/17/2010,OKC,OK,ASW,CE,Combined TRACON& Tower with Radar,115,64,72,86,337,0,1,27,30,58,115,65,99,116,395,24,0,24,419
05/18/2010,OKC,OK,ASW,CE,Combined TRACON& Tower with Radar,122,50,34,44,250,0,1,13,5,19,122,51,47,49,269,0,12,12,281
05/19/2010,OKC,OK,ASW,CE,Combined TRACON& Tower with Radar,119,68,33,9,229,0,1,1,0,2,119,69,34,9,231,0,0,0,231
05/20/2010,OKC,OK,ASW,CE,Combined TRACON& Tower with Radar,117,74,45,45,281,0,2,21,7,30,117,76,66,52,311,0,76,76,387
05/21/2010,OKC,OK,ASW,CE,Combined TRACON& Tower with Radar,115,60,38,37,250,0,2,18,4,24,115,62,56,41,274,20,50,70,344
05/22/2010,OKC,OK,ASW,CE,Combined TRACON& Tower with Radar,103,43,10,3,159,0,0,1,0,1,103,43,11,3,160,0,0,0,160
05/23/2010,OKC,OK,ASW,CE,Combined TRACON& Tower with Radar,98,55,12,22,187,0,0,4,0,4,98,55,16,22,191,0,0,0,191
05/24/2010,OKC,OK,ASW,CE,Combined TRACON& Tower with Radar,107,53,42,19,221,0,1,15,1,17,107,54,57,20,238,0,347,347,585
05/25/2010,OKC,OK,ASW,CE,Combined TRACON& Tower with Radar,113,72,52,51,288,0,4,15,5,24,113,76,67,56,312,0,237,237,549
05/26/2010,OKC,OK,ASW,CE,Combined TRACON& Tower with Radar,116,61,59,30,266,0,1,21,9,31,116,62,80,39,297,32,313,345,642
05/27/2010,OKC,OK,ASW,CE,Combined TRACON& Tower with Radar,111,68,46,25,250,0,0,12,4,16,111,68,58,29,266,0,16,16,282
05/28/2010,OKC,OK,ASW,CE,Combined TRACON& Tower with Radar,113,71,29,37,250,0,1,14,1,16,113,72,43,38,266,0,34,34,300
05/29/2010,OKC,OK,ASW,CE,Combined TRACON& Tower with Radar,96,36,9,0,141,0,0,12,1,13,96,36,21,1,154,0,0,0,154
05/30/2010,OKC,OK,ASW,CE,Combined TRACON& Tower with Radar,86,33,8,6,133,0,1,3,2,6,86,34,11,8,139,0,0,0,139
05/31/2010,OKC,OK,ASW,CE,Combined TRACON& Tower with Radar,93,56,16,0,165,0,0,4,0,4,93,56,20,0,169,0,0,0,169
06/01/2010,OKC,OK,ASW,CE,Combined TRACON& Tower with Radar,123,62,24,21,230,0,1,24,3,28,123,63,48,24,258,0,172,172,430
06/02/2010,OKC,OK,ASW,CE,Combined TRACON& Tower with Radar,135,62,39,22,258,0,1,25,10,36,135,63,64,32,294,10,36,46,340
06/03/2010,OKC,OK,ASW,CE,Combined TRACON& Tower with Radar,118,66,46,21,251,0,1,22,2,25,118,67,68,23,276,25,176,201,477
06/04/2010,OKC,OK,ASW,CE,Combined TRACON& Tower with Radar,117,67,40,37,261,0,1,19,5,25,117,68,59,42,286,0,0,0,286
06/05/2010,OKC,OK,ASW,CE,Combined TRACON& Tower with Radar,95,47,23,48,213,0,0,14,11,25,95,47,37,59,238,0,10,10,248
06/06/2010,OKC,OK,ASW,CE,Combined TRACON& Tower with Radar,111,51,18,3,183,0,0,5,2,7,111,51,23,5,190,4,0,4,194
06/07/2010,OKC,OK,ASW,CE,Combined TRACON& Tower with Radar,114,68,34,16,232,0,1,16,1,18,114,69,50,17,250,0,18,18,268
06/08/2010,OKC,OK,ASW,CE,Combined TRACON& Tower with Radar,119,57,42,18,236,0,1,14,4,19,119,58,56,22,255,0,0,0,255
06/09/2010,OKC,OK,ASW,CE,Combined TRACON& Tower with Radar,114,64,42,27,247,0,0,13,1,14,114,64,55,28,261,35,57,92,353
06/10/2010,OKC,OK,ASW,CE,Combined TRACON& Tower with Radar,123,85,40,32,280,0,1,10,0,11,123,86,50,32,291,0,18,18,309
06/11/2010,OKC,OK,ASW,CE,Combined TRACON& Tower with Radar,117,65,51,15,248,0,3,9,5,17,117,68,60,20,265,8,28,36,301
06/12/2010,OKC,OK,ASW,CE,Combined TRACON& Tower with Radar,107,45,21,17,190,0,0,8,0,8,107,45,29,17,198,0,0,0,198
06/13/2010,OKC,OK,ASW,CE,Combined TRACON& Tower with Radar,113,40,18,35,206,0,1,5,2,8,113,41,23,37,214,0,0,0,214
06/14/2010,OKC,OK,ASW,CE,Combined TRACON& Tower with Radar,106,57,22,0,185,0,0,0,0,0,106,57,22,0,185,0,0,0,185
06/15/2010,OKC,OK,ASW,CE,Combined TRACON& Tower with Radar,122,67,40,4,233,0,0,9,4,13,122,67,49,8,246,0,0,0,246
06/16/2010,OKC,OK,ASW,CE,Combined TRACON& Tower with Radar,114,71,37,32,254,0,1,19,0,20,114,72,56,32,274,0,0,0,274
06/17/2010,OKC,OK,ASW,CE,Combined TRACON& Tower with Radar,123,68,50,63,304,0,2,19,3,24,123,70,69,66,328,8,43,51,379
06/18/2010,OKC,OK,ASW,CE,Combined TRACON& Tower with Radar,122,65,35,46,268,0,1,18,6,25,122,66,53,52,293,50,405,455,748
06/19/2010,OKC,OK,ASW,CE,Combined TRACON& Tower with Radar,104,41,9,26,180,0,0,16,3,19,104,41,25,29,199,0,0,0,199
06/20/2010,OKC,OK,ASW,CE,Combined TRACON& Tower with Radar,108,50,10,32,200,0,0,10,2,12,108,50,20,34,212,14,34,48,260
06/21/2010,OKC,OK,ASW,CE,Combined TRACON& Tower with Radar,123,74,37,29,263,0,2,15,1,18,123,76,52,30,281,0,0,0,281
06/22/2010,OKC,OK,ASW,CE,Combined TRACON& Tower with Radar,126,58,31,60,275,0,2,25,3,30,126,60,56,63,305,0,0,0,305
06/23/2010,OKC,OK,ASW,CE,Combined TRACON& Tower with Radar,123,64,48,39,274,0,5,20,2,27,123,69,68,41,301,8,14,22,323
06/24/2010,OKC,OK,ASW,CE,Combined TRACON& Tower with Radar,128,59,42,64,293,0,1,43,2,46,128,60,85,66,339,18,0,18,357
06/25/2010,OKC,OK,ASW,CE,Combined TRACON& Tower with Radar,129,60,35,50,274,0,3,25,6,34,129,63,60,56,308,0,52,52,360
06/26/2010,OKC,OK,ASW,CE,Combined TRACON& Tower with Radar,101,41,16,40,198,0,0,10,0,10,101,41,26,40,208,0,0,0,208
06/27/2010,OKC,OK,ASW,CE,Combined TRACON& Tower with Radar,107,46,12,15,180,0,1,10,2,13,107,47,22,17,193,0,0,0,193
06/28/2010,OKC,OK,ASW,CE,Combined TRACON& Tower with Radar,152,55,50,27,284,0,0,1,1,2,152,55,51,28,286,2,26,28,314
06/29/2010,OKC,OK,ASW,CE,Combined TRACON& Tower with Radar,118,62,46,78,304,0,2,19,1,22,118,64,65,79,326,14,12,26,352
06/30/2010,OKC,OK,ASW,CE,Combined TRACON& Tower with Radar,135,74,72,65,346,0,0,31,3,34,135,74,103,68,380,0,20,20,400
07/01/2010,OKC,OK,ASW,CE,Combined TRACON& Tower with Radar,120,62,49,40,271,0,2,21,6,29,120,64,70,46,300,6,12,18,318
07/02/2010,OKC,OK,ASW,CE,Combined TRACON& Tower with Radar,122,59,33,4,218,0,0,5,3,8,122,59,38,7,226,0,0,0,226
07/03/2010,OKC,OK,ASW,CE,Combined TRACON& Tower with Radar,125,36,20,0,181,0,0,1,0,1,125,36,21,0,182,0,0,0,182
07/04/2010,OKC,OK,ASW,CE,Combined TRACON& Tower with Radar,76,35,8,1,120,0,0,0,0,0,76,35,8,1,120,0,0,0,120
07/05/2010,OKC,OK,ASW,CE,Combined TRACON& Tower with Radar,111,58,17,1,187,0,0,11,0,11,111,58,28,1,198,8,0,8,206
07/06/2010,OKC,OK,ASW,CE,Combined TRACON& Tower with Radar,120,56,27,54,257,0,0,12,0,12,120,56,39,54,269,0,280,280,549
07/07/2010,OKC,OK,ASW,CE,Combined TRACON& Tower with Radar,124,59,33,31,247,0,0,7,3,10,124,59,40,34,257,0,0,0,257
07/08/2010,OKC,OK,ASW,CE,Combined TRACON& Tower with Radar,120,64,37,29,250,0,1,8,1,10,120,65,45,30,260,0,0,0,260
07/09/2010,OKC,OK,ASW,CE,Combined TRACON& Tower with Radar,135,62,38,28,263,0,0,6,2,8,135,62,44,30,271,0,0,0,271
07/10/2010,OKC,OK,ASW,CE,Combined TRACON& Tower with Radar,110,34,19,19,182,0,0,5,4,9,110,34,24,23,191,0,0,0,191
07/11/2010,OKC,OK,ASW,CE,Combined TRACON& Tower with Radar,109,36,27,53,225,0,0,9,14,23,109,36,36,67,248,0,0,0,248
07/12/2010,OKC,OK,ASW,CE,Combined TRACON& Tower with Radar,114,58,27,37,236,0,0,10,2,12,114,58,37,39,248,0,32,32,280
07/13/2010,OKC,OK,ASW,CE,Combined TRACON& Tower with Radar,127,68,32,37,264,0,0,9,1,10,127,68,41,38,274,0,276,276,550
07/14/2010,OKC,OK,ASW,CE,Combined TRACON& Tower with Radar,121,59,51,36,267,0,2,9,7,18,121,61,60,43,285,24,243,267,552
07/15/2010,OKC,OK,ASW,CE,Combined TRACON& Tower with Radar,123,73,49,61,306,0,0,18,7,25,123,73,67,68,331,0,72,72,403
07/16/2010,OKC,OK,ASW,CE,Combined TRACON& Tower with Radar,118,64,26,22,230,0,1,25,6,32,118,65,51,28,262,0,0,0,262
07/17/2010,OKC,OK,ASW,CE,Combined TRACON& Tower with Radar,109,29,8,9,155,0,0,8,4,12,109,29,16,13,167,0,10,10,177
07/18/2010,OKC,OK,ASW,CE,Combined TRACON& Tower with Radar,119,40,5,16,180,0,0,5,5,10,119,40,10,21,190,0,0,0,190
07/19/2010,OKC,OK,ASW,CE,Combined TRACON& Tower with Radar,115,56,32,40,243,0,1,24,3,28,115,57,56,43,271,0,0,0,271
07/20/2010,OKC,OK,ASW,CE,Combined TRACON& Tower with Radar,123,61,32,25,241,0,4,23,8,35,123,65,55,33,276,4,0,4,280
07/21/2010,OKC,OK,ASW,CE,Combined TRACON& Tower with Radar,118,70,43,39,270,0,1,24,10,35,118,71,67,49,305,0,50,50,355
07/22/2010,OKC,OK,ASW,CE,Combined TRACON& Tower with Radar,120,67,37,59,283,0,3,26,9,38,120,70,63,68,321,0,0,0,321
07/23/2010,OKC,OK,ASW,CE,Combined TRACON& Tower with Radar,131,61,38,37,267,0,0,20,5,25,131,61,58,42,292,0,0,0,292
07/24/2010,OKC,OK,ASW,CE,Combined TRACON& Tower with Radar,101,39,9,31,180,0,0,4,1,5,101,39,13,32,185,0,0,0,185
07/25/2010,OKC,OK,ASW,CE,Combined TRACON& Tower with Radar,117,43,18,6,184,0,0,5,2,7,117,43,23,8,191,0,0,0,191
07/26/2010,OKC,OK,ASW,CE,Combined TRACON& Tower with Radar,120,59,27,28,234,0,0,22,22,44,120,59,49,50,278,0,209,209,487
07/27/2010,OKC,OK,ASW,CE,Combined TRACON& Tower with Radar,126,69,38,41,274,0,1,22,5,28,126,70,60,46,302,0,66,66,368
07/28/2010,OKC,OK,ASW,CE,Combined TRACON& Tower with Radar,119,64,55,60,298,0,0,25,4,29,119,64,80,64,327,0,88,88,415
07/29/2010,OKC,OK,ASW,CE,Combined TRACON& Tower with Radar,121,69,40,65,295,0,2,24,2,28,121,71,64,67,323,8,14,22,345
07/30/2010,OKC,OK,ASW,CE,Combined TRACON& Tower with Radar,120,58,33,51,262,0,1,24,3,28,120,59,57,54,290,18,0,18,308
07/31/2010,OKC,OK,ASW,CE,Combined TRACON& Tower with Radar,116,31,10,11,168,0,0,15,1,16,116,31,25,12,184,0,0,0,184
08/01/2010,OKC,OK,ASW,CE,Combined TRACON& Tower with Radar,115,34,14,3,166,0,0,15,0,15,115,34,29,3,181,0,0,0,181
08/02/2010,OKC,OK,ASW,CE,Combined TRACON& Tower with Radar,117,53,40,44,254,0,3,29,8,40,117,56,69,52,294,0,34,34,328
08/03/2010,OKC,OK,ASW,CE,Combined TRACON& Tower with Radar,124,57,45,36,262,0,1,10,2,13,124,58,55,38,275,0,70,70,345
08/04/2010,OKC,OK,ASW,CE,Combined TRACON& Tower with Radar,124,67,29,63,283,0,2,20,1,23,124,69,49,64,306,0,268,268,574
08/05/2010,OKC,OK,ASW,CE,Combined TRACON& Tower with Radar,123,70,49,51,293,0,1,22,5,28,123,71,71,56,321,0,40,40,361
08/06/2010,OKC,OK,ASW,CE,Combined TRACON& Tower with Radar,140,65,30,76,311,0,0,25,1,26,140,65,55,77,337,46,154,200,537
08/07/2010,OKC,OK,ASW,CE,Combined TRACON& Tower with Radar,108,32,15,17,172,0,1,15,4,20,108,33,30,21,192,0,0,0,192
08/08/2010,OKC,OK,ASW,CE,Combined TRACON& Tower with Radar,110,39,6,3,158,0,2,13,6,21,110,41,19,9,179,0,0,0,179
08/09/2010,OKC,OK,ASW,CE,Combined TRACON& Tower with Radar,116,59,44,51,270,0,0,17,4,21,116,59,61,55,291,0,20,20,311
08/10/2010,OKC,OK,ASW,CE,Combined TRACON& Tower with Radar,129,66,41,67,303,0,0,13,10,23,129,66,54,77,326,0,306,306,632
08/11/2010,OKC,OK,ASW,CE,Combined TRACON& Tower with Radar,120,67,31,70,288,0,0,25,3,28,120,67,56,73,316,10,164,174,490
08/12/2010,OKC,OK,ASW,CE,Combined TRACON& Tower with Radar,120,77,31,58,286,0,1,19,11,31,120,78,50,69,317,0,92,92,409
08/13/2010,OKC,OK,ASW,CE,Combined TRACON& Tower with Radar,129,67,33,82,311,0,0,17,5,22,129,67,50,87,333,0,100,100,433
08/14/2010,OKC,OK,ASW,CE,Combined TRACON& Tower with Radar,106,39,4,37,186,0,1,15,5,21,106,40,19,42,207,0,10,10,217
08/15/2010,OKC,OK,ASW,CE,Combined TRACON& Tower with Radar,111,45,12,16,184,0,0,4,0,4,111,45,16,16,188,0,0,0,188
08/16/2010,OKC,OK,ASW,CE,Combined TRACON& Tower with Radar,117,54,29,103,303,0,0,17,5,22,117,54,46,108,325,0,42,42,367
08/17/2010,OKC,OK,ASW,CE,Combined TRACON& Tower with Radar,124,57,38,64,283,0,0,8,2,10,124,57,46,66,293,0,84,84,377
08/18/2010,OKC,OK,ASW,CE,Combined TRACON& Tower with Radar,123,63,49,84,319,0,2,15,1,18,123,65,64,85,337,44,56,100,437
08/19/2010,OKC,OK,ASW,CE,Combined TRACON& Tower with Radar,118,74,33,78,303,0,0,16,5,21,118,74,49,83,324,0,48,48,372
08/20/2010,OKC,OK,ASW,CE,Combined TRACON& Tower with Radar,118,67,41,73,299,0,1,17,5,23,118,68,58,78,322,0,20,20,342
08/21/2010,OKC,OK,ASW,CE,Combined TRACON& Tower with Radar,104,39,6,28,177,0,2,1,1,4,104,41,7,29,181,0,0,0,181
08/22/2010,OKC,OK,ASW,CE,Combined TRACON& Tower with Radar,107,43,15,16,181,0,0,10,7,17,107,43,25,23,198,0,0,0,198
08/23/2010,OKC,OK,ASW,CE,Combined TRACON& Tower with Radar,116,58,55,61,290,0,0,12,4,16,116,58,67,65,306,0,58,58,364
08/24/2010,OKC,OK,ASW,CE,Combined TRACON& Tower with Radar,116,61,37,64,278,0,0,7,3,10,116,61,44,67,288,0,0,0,288
08/25/2010,OKC,OK,ASW,CE,Combined TRACON& Tower with Radar,115,67,36,73,291,0,0,20,8,28,115,67,56,81,319,0,102,102,421
08/26/2010,OKC,OK,ASW,CE,Combined TRACON& Tower with Radar,123,85,30,36,274,0,1,28,8,37,123,86,58,44,311,0,50,50,361
08/27/2010,OKC,OK,ASW,CE,Combined TRACON& Tower with Radar,117,77,35,61,290,0,1,31,35,67,117,78,66,96,357,0,36,36,393
08/28/2010,OKC,OK,ASW,CE,Combined TRACON& Tower with Radar,100,46,8,5,159,0,0,3,1,4,100,46,11,6,163,0,0,0,163
08/29/2010,OKC,OK,ASW,CE,Combined TRACON& Tower with Radar,106,46,8,24,184,0,0,7,0,7,106,46,15,24,191,0,0,0,191
08/30/2010,OKC,OK,ASW,CE,Combined TRACON& Tower with Radar,123,53,33,47,256,0,0,9,5,14,123,53,42,52,270,0,24,24,294
08/31/2010,OKC,OK,ASW,CE,Combined TRACON& Tower with Radar,129,62,27,77,295,0,2,22,3,27,129,64,49,80,322,0,98,98,420
09/01/2010,OKC,OK,ASW,CE,Combined TRACON& Tower with Radar,130,63,34,64,291,0,1,10,1,12,130,64,44,65,303,0,172,172,475
09/02/2010,OKC,OK,ASW,CE,Combined TRACON& Tower with Radar,120,72,31,73,296,0,0,10,2,12,120,72,41,75,308,0,22,22,330
09/03/2010,OKC,OK,ASW,CE,Combined TRACON& Tower with Radar,121,64,41,66,292,0,2,16,2,20,121,66,57,68,312,0,84,84,396
09/04/2010,OKC,OK,ASW,CE,Combined TRACON& Tower with Radar,106,40,4,5,155,4,0,9,0,13,110,40,13,5,168,0,0,0,168
09/05/2010,OKC,OK,ASW,CE,Combined TRACON& Tower with Radar,79,35,7,2,123,0,0,4,0,4,79,35,11,2,127,12,0,12,139
09/06/2010,OKC,OK,ASW,CE,Combined TRACON& Tower with Radar,103,51,9,15,178,0,0,3,1,4,103,51,12,16,182,0,0,0,182
09/07/2010,OKC,OK,ASW,CE,Combined TRACON& Tower with Radar,127,65,44,15,251,0,0,7,6,13,127,65,51,21,264,0,0,0,264
09/08/2010,OKC,OK,ASW,CE,Combined TRACON& Tower with Radar,117,64,19,0,200,0,0,0,1,1,117,64,19,1,201,0,0,0,201
09/09/2010,OKC,OK,ASW,CE,Combined TRACON& Tower with Radar,119,70,49,86,324,0,0,11,3,14,119,70,60,89,338,6,18,24,362
09/10/2010,OKC,OK,ASW,CE,Combined TRACON& Tower with Radar,116,58,28,118,320,0,2,12,9,23,116,60,40,127,343,0,346,346,689
09/11/2010,OKC,OK,ASW,CE,Combined TRACON& Tower with Radar,107,42,17,23,189,0,0,6,11,17,107,42,23,34,206,0,0,0,206
09/12/2010,OKC,OK,ASW,CE,Combined TRACON& Tower with Radar,98,46,16,7,167,0,0,3,4,7,98,46,19,11,174,0,0,0,174
09/13/2010,OKC,OK,ASW,CE,Combined TRACON& Tower with Radar,112,56,32,136,336,0,0,22,2,24,112,56,54,138,360,0,214,214,574
09/14/2010,OKC,OK,ASW,CE,Combined TRACON& Tower with Radar,113,68,39,113,333,0,1,15,7,23,113,69,54,120,356,0,130,130,486
09/15/2010,OKC,OK,ASW,CE,Combined TRACON& Tower with Radar,115,77,33,119,344,0,1,9,4,14,115,78,42,123,358,4,120,124,482
09/16/2010,OKC,OK,ASW,CE,Combined TRACON& Tower with Radar,111,79,43,60,293,0,1,9,1,11,111,80,52,61,304,0,142,142,446
09/17/2010,OKC,OK,ASW,CE,Combined TRACON& Tower with Radar,115,71,23,68,277,0,3,23,10,36,115,74,46,78,313,34,22,56,369
09/18/2010,OKC,OK,ASW,CE,Combined TRACON& Tower with Radar,103,36,8,0,147,0,2,4,2,8,103,38,12,2,155,8,0,8,163
09/19/2010,OKC,OK,ASW,CE,Combined TRACON& Tower with Radar,93,47,9,31,180,0,0,10,6,16,93,47,19,37,196,0,0,0,196
09/20/2010,OKC,OK,ASW,CE,Combined TRACON& Tower with Radar,111,70,38,115,334,0,0,29,2,31,111,70,67,117,365,38,300,338,703
09/21/2010,OKC,OK,ASW,CE,Combined TRACON& Tower with Radar,120,62,50,64,296,0,0,29,3,32,120,62,79,67,328,46,88,134,462
09/22/2010,OKC,OK,ASW,CE,Combined TRACON& Tower with Radar,113,68,46,110,337,0,2,20,4,26,113,70,66,114,363,62,166,228,591
09/23/2010,OKC,OK,ASW,CE,Combined TRACON& Tower with Radar,115,70,47,160,392,0,1,11,2,14,115,71,58,162,406,4,200,204,610
09/24/2010,OKC,OK,ASW,CE,Combined TRACON& Tower with Radar,118,65,42,97,322,0,1,11,6,18,118,66,53,103,340,6,94,100,440
09/25/2010,OKC,OK,ASW,CE,Combined TRACON& Tower with Radar,94,40,12,18,164,0,0,6,2,8,94,40,18,20,172,0,0,0,172
09/26/2010,OKC,OK,ASW,CE,Combined TRACON& Tower with Radar,100,48,14,29,191,0,2,12,2,16,100,50,26,31,207,0,0,0,207
09/27/2010,OKC,OK,ASW,CE,Combined TRACON& Tower with Radar,114,59,44,134,351,0,0,24,1,25,114,59,68,135,376,0,132,132,508
09/28/2010,OKC,OK,ASW,CE,Combined TRACON& Tower with Radar,113,69,44,123,349,0,1,31,6,38,113,70,75,129,387,8,252,260,647
09/29/2010,OKC,OK,ASW,CE,Combined TRACON& Tower with Radar,119,65,43,65,292,0,1,34,4,39,119,66,77,69,331,20,20,40,371
09/30/2010,OKC,OK,ASW,CE,Combined TRACON& Tower with Radar,115,83,41,48,287,0,1,28,4,33,115,84,69,52,320,12,0,12,332
10/01/2010,OKC,OK,ASW,CE,Combined TRACON& Tower with Radar,114,74,27,68,283,0,1,19,0,20,114,75,46,68,303,0,122,122,425
10/02/2010,OKC,OK,ASW,CE,Combined TRACON& Tower with Radar,93,41,16,6,156,0,1,10,2,13,93,42,26,8,169,0,0,0,169
10/03/2010,OKC,OK,ASW,CE,Combined TRACON& Tower with Radar,96,47,18,3,164,0,0,8,1,9,96,47,26,4,173,0,0,0,173
10/04/2010,OKC,OK,ASW,CE,Combined TRACON& Tower with Radar,112,63,24,68,267,0,0,9,2,11,112,63,33,70,278,0,122,122,400
10/05/2010,OKC,OK,ASW,CE,Combined TRACON& Tower with Radar,114,66,44,70,294,0,0,22,0,22,114,66,66,70,316,38,62,100,416
10/06/2010,OKC,OK,ASW,CE,Combined TRACON& Tower with Radar,114,69,24,87,294,0,0,17,2,19,114,69,41,89,313,0,110,110,423
10/07/2010,OKC,OK,ASW,CE,Combined TRACON& Tower with Radar,111,90,37,90,328,0,3,21,5,29,111,93,58,95,357,0,172,172,529
10/08/2010,OKC,OK,ASW,CE,Combined TRACON& Tower with Radar,116,63,42,70,291,0,1,26,2,29,116,64,68,72,320,0,166,166,486
10/09/2010,OKC,OK,ASW,CE,Combined TRACON& Tower with Radar,99,46,13,2,160,0,0,7,2,9,99,46,20,4,169,0,0,0,169
10/10/2010,OKC,OK,ASW,CE,Combined TRACON& Tower with Radar,95,60,21,3,179,0,1,2,1,4,95,61,23,4,183,0,0,0,183
10/11/2010,OKC,OK,ASW,CE,Combined TRACON& Tower with Radar,106,63,20,8,197,0,0,17,4,21,106,63,37,12,218,0,0,0,218
10/12/2010,OKC,OK,ASW,CE,Combined TRACON& Tower with Radar,127,59,34,82,302,0,3,23,9,35,127,62,57,91,337,10,54,64,401
10/13/2010,OKC,OK,ASW,CE,Combined TRACON& Tower with Radar,122,66,45,85,318,0,2,21,7,30,122,68,66,92,348,0,22,22,370
10/14/2010,OKC,OK,ASW,CE,Combined TRACON& Tower with Radar,121,83,42,82,328,0,1,22,7,30,121,84,64,89,358,0,0,0,358
10/15/2010,OKC,OK,ASW,CE,Combined TRACON& Tower with Radar,120,71,30,57,278,0,7,27,9,43,120,78,57,66,321,0,0,0,321
10/16/2010,OKC,OK,ASW,CE,Combined TRACON& Tower with Radar,93,41,17,13,164,0,1,9,4,14,93,42,26,17,178,0,0,0,178
10/17/2010,OKC,OK,ASW,CE,Combined TRACON& Tower with Radar,93,53,12,2,160,0,0,5,7,12,93,53,17,9,172,0,0,0,172
10/18/2010,OKC,OK,ASW,CE,Combined TRACON& Tower with Radar,107,67,38,67,279,0,0,26,7,33,107,67,64,74,312,0,56,56,368
10/19/2010,OKC,OK,ASW,CE,Combined TRACON& Tower with Radar,119,65,47,43,274,0,1,14,3,18,119,66,61,46,292,0,0,0,292
10/20/2010,OKC,OK,ASW,CE,Combined TRACON& Tower with Radar,117,72,38,63,290,0,0,19,4,23,117,72,57,67,313,0,0,0,313
10/21/2010,OKC,OK,ASW,CE,Combined TRACON& Tower with Radar,113,66,53,80,312,0,2,15,3,20,113,68,68,83,332,8,104,112,444
10/22/2010,OKC,OK,ASW,CE,Combined TRACON& Tower with Radar,118,77,18,25,238,0,0,3,0,3,118,77,21,25,241,0,0,0,241
10/23/2010,OKC,OK,ASW,CE,Combined TRACON& Tower with Radar,106,55,9,0,170,0,1,3,0,4,106,56,12,0,174,0,0,0,174
10/24/2010,OKC,OK,ASW,CE,Combined TRACON& Tower with Radar,99,59,17,9,184,0,1,9,0,10,99,60,26,9,194,8,0,8,202
10/25/2010,OKC,OK,ASW,CE,Combined TRACON& Tower with Radar,110,62,45,97,314,0,2,16,1,19,110,64,61,98,333,0,162,162,495
10/26/2010,OKC,OK,ASW,CE,Combined TRACON& Tower with Radar,118,63,42,98,321,0,1,31,9,41,118,64,73,107,362,0,60,60,422
10/27/2010,OKC,OK,ASW,CE,Combined TRACON& Tower with Radar,110,65,51,77,303,0,2,30,3,35,110,67,81,80,338,10,72,82,420
10/28/2010,OKC,OK,ASW,CE,Combined TRACON& Tower with Radar,117,92,55,96,360,0,1,27,6,34,117,93,82,102,394,12,58,70,464
10/29/2010,OKC,OK,ASW,CE,Combined TRACON& Tower with Radar,117,70,22,65,274,0,1,24,3,28,117,71,46,68,302,0,38,38,340
10/30/2010,OKC,OK,ASW,CE,Combined TRACON& Tower with Radar,93,46,11,17,167,0,3,26,0,29,93,49,37,17,196,0,0,0,196
10/31/2010,OKC,OK,ASW,CE,Combined TRACON& Tower with Radar,95,53,16,9,173,0,2,16,0,18,95,55,32,9,191,0,0,0,191
11/01/2010,OKC,OK,ASW,CE,Combined TRACON& Tower with Radar,113,61,40,96,310,0,1,18,4,23,113,62,58,100,333,0,76,76,409
11/02/2010,OKC,OK,ASW,CE,Combined TRACON& Tower with Radar,118,66,39,69,292,0,2,20,3,25,118,68,59,72,317,22,60,82,399
11/03/2010,OKC,OK,ASW,CE,Combined TRACON& Tower with Radar,118,70,36,70,294,0,0,24,2,26,118,70,60,72,320,0,0,0,320
11/04/2010,OKC,OK,ASW,CE,Combined TRACON& Tower with Radar,112,76,69,96,353,0,1,42,3,46,112,77,111,99,399,10,0,10,409
11/05/2010,OKC,OK,ASW,CE,Combined TRACON& Tower with Radar,119,67,35,54,275,0,3,23,0,26,119,70,58,54,301,0,0,0,301
11/06/2010,OKC,OK,ASW,CE,Combined TRACON& Tower with Radar,92,45,10,3,150,0,1,11,9,21,92,46,21,12,171,6,0,6,177
11/07/2010,OKC,OK,ASW,CE,Combined TRACON& Tower with Radar,98,51,16,3,168,0,1,7,4,12,98,52,23,7,180,0,0,0,180
11/08/2010,OKC,OK,ASW,CE,Combined TRACON& Tower with Radar,101,64,46,61,272,0,0,13,0,13,101,64,59,61,285,0,78,78,363
11/09/2010,OKC,OK,ASW,CE,Combined TRACON& Tower with Radar,109,72,36,62,279,0,1,18,0,19,109,73,54,62,298,12,192,204,502
11/10/2010,OKC,OK,ASW,CE,Combined TRACON& Tower with Radar,110,67,49,83,309,0,0,32,8,40,110,67,81,91,349,18,188,206,555
11/11/2010,OKC,OK,ASW,CE,Combined TRACON& Tower with Radar,114,81,37,2,234,0,3,5,0,8,114,84,42,2,242,0,0,0,242
11/12/2010,OKC,OK,ASW,CE,Combined TRACON& Tower with Radar,112,65,32,6,215,0,0,1,0,1,112,65,33,6,216,0,0,0,216
11/13/2010,OKC,OK,ASW,CE,Combined TRACON& Tower with Radar,95,51,23,25,194,0,0,8,0,8,95,51,31,25,202,0,0,0,202
11/14/2010,OKC,OK,ASW,CE,Combined TRACON& Tower with Radar,95,55,12,16,178,0,0,11,2,13,95,55,23,18,191,0,0,0,191
11/15/2010,OKC,OK,ASW,CE,Combined TRACON& Tower with Radar,104,60,45,39,248,0,0,8,0,8,104,60,53,39,256,0,64,64,320
11/16/2010,OKC,OK,ASW,CE,Combined TRACON& Tower with Radar,113,64,41,59,277,0,0,20,9,29,113,64,61,68,306,0,186,186,492
11/17/2010,OKC,OK,ASW,CE,Combined TRACON& Tower with Radar,103,66,36,68,273,0,1,16,0,17,103,67,52,68,290,0,134,134,424
11/18/2010,OKC,OK,ASW,CE,Combined TRACON& Tower with Radar,108,65,78,82,333,0,0,13,7,20,108,65,91,89,353,8,46,54,407
11/19/2010,OKC,OK,ASW,CE,Combined TRACON& Tower with Radar,108,72,45,49,274,0,0,9,0,9,108,72,54,49,283,0,188,188,471
11/20/2010,OKC,OK,ASW,CE,Combined TRACON& Tower with Radar,95,43,15,0,153,0,2,14,0,16,95,45,29,0,169,0,0,0,169
11/21/2010,OKC,OK,ASW,CE,Combined TRACON& Tower with Radar,100,40,16,21,177,0,0,2,0,2,100,40,18,21,179,0,8,8,187
11/22/2010,OKC,OK,ASW,CE,Combined TRACON& Tower with Radar,106,58,34,53,251,0,1,6,2,9,106,59,40,55,260,0,112,112,372
11/23/2010,OKC,OK,ASW,CE,Combined TRACON& Tower with Radar,112,67,43,101,323,0,1,20,10,31,112,68,63,111,354,8,30,38,392
11/24/2010,OKC,OK,ASW,CE,Combined TRACON& Tower with Radar,114,70,25,39,248,0,0,5,0,5,114,70,30,39,253,0,20,20,273
11/25/2010,OKC,OK,ASW,CE,Combined TRACON& Tower with Radar,76,43,2,0,121,0,2,0,0,2,76,45,2,0,123,0,0,0,123
11/26/2010,OKC,OK,ASW,CE,Combined TRACON& Tower with Radar,77,50,10,0,137,0,0,4,0,4,77,50,14,0,141,0,0,0,141
11/27/2010,OKC,OK,ASW,CE,Combined TRACON& Tower with Radar,94,50,11,0,155,0,0,17,0,17,94,50,28,0,172,0,0,0,172
11/28/2010,OKC,OK,ASW,CE,Combined TRACON& Tower with Radar,101,54,9,0,164,0,0,2,0,2,101,54,11,0,166,0,0,0,166
11/29/2010,OKC,OK,ASW,CE,Combined TRACON& Tower with Radar,110,64,54,65,293,0,0,26,9,35,110,64,80,74,328,10,48,58,386
11/30/2010,OKC,OK,ASW,CE,Combined TRACON& Tower with Radar,110,76,44,85,315,0,1,20,2,23,110,77,64,87,338,0,26,26,364
12/01/2010,OKC,OK,ASW,CE,Combined TRACON& Tower with Radar,112,64,39,59,274,0,3,27,6,36,112,67,66,65,310,58,454,512,822
12/02/2010,OKC,OK,ASW,CE,Combined TRACON& Tower with Radar,110,75,44,72,301,0,4,26,1,31,110,79,70,73,332,0,0,0,332
12/03/2010,OKC,OK,ASW,CE,Combined TRACON& Tower with Radar,108,80,29,90,307,0,2,14,4,20,108,82,43,94,327,2,128,130,457
12/04/2010,OKC,OK,ASW,CE,Combined TRACON& Tower with Radar,96,45,38,11,190,0,1,12,0,13,96,46,50,11,203,0,0,0,203
12/05/2010,OKC,OK,ASW,CE,Combined TRACON& Tower with Radar,91,51,30,10,182,0,0,10,9,19,91,51,40,19,201,0,4,4,205
12/06/2010,OKC,OK,ASW,CE,Combined TRACON& Tower with Radar,100,63,30,94,287,0,0,25,3,28,100,63,55,97,315,0,266,266,581
12/07/2010,OKC,OK,ASW,CE,Combined TRACON& Tower with Radar,109,67,57,140,373,0,0,11,8,19,109,67,68,148,392,0,128,128,520
12/08/2010,OKC,OK,ASW,CE,Combined TRACON& Tower with Radar,106,76,40,114,336,0,4,17,4,25,106,80,57,118,361,0,114,114,475
12/09/2010,OKC,OK,ASW,CE,Combined TRACON& Tower with Radar,107,73,46,119,345,0,4,30,3,37,107,77,76,122,382,0,186,186,568
12/10/2010,OKC,OK,ASW,CE,Combined TRACON& Tower with Radar,110,63,52,83,308,0,3,14,8,25,110,66,66,91,333,0,62,62,395
12/11/2010,OKC,OK,ASW,CE,Combined TRACON& Tower with Radar,102,47,3,18,170,0,0,4,0,4,102,47,7,18,174,0,0,0,174
12/12/2010,OKC,OK,ASW,CE,Combined TRACON& Tower with Radar,91,31,15,10,147,0,0,3,0,3,91,31,18,10,150,0,0,0,150
12/13/2010,OKC,OK,ASW,CE,Combined TRACON& Tower with Radar,100,70,36,61,267,0,3,19,2,24,100,73,55,63,291,8,66,74,365
12/14/2010,OKC,OK,ASW,CE,Combined TRACON& Tower with Radar,109,56,32,68,265,0,3,17,6,26,109,59,49,74,291,8,81,89,380
12/15/2010,OKC,OK,ASW,CE,Combined TRACON& Tower with Radar,111,62,52,138,363,0,1,14,3,18,111,63,66,141,381,0,12,12,393
12/16/2010,OKC,OK,ASW,CE,Combined TRACON& Tower with Radar,112,62,39,94,307,0,3,25,2,30,112,65,64,96,337,0,14,14,351
12/17/2010,OKC,OK,ASW,CE,Combined TRACON& Tower with Radar,115,73,44,32,264,0,1,7,1,9,115,74,51,33,273,0,4,4,277
12/18/2010,OKC,OK,ASW,CE,Combined TRACON& Tower with Radar,100,54,6,2,162,0,0,7,0,7,100,54,13,2,169,0,0,0,169
12/19/2010,OKC,OK,ASW,CE,Combined TRACON& Tower with Radar,92,49,12,12,165,0,0,5,2,7,92,49,17,14,172,0,0,0,172
12/20/2010,OKC,OK,ASW,CE,Combined TRACON& Tower with Radar,107,60,38,51,256,0,3,14,2,19,107,63,52,53,275,0,0,0,275
12/21/2010,OKC,OK,ASW,CE,Combined TRACON& Tower with Radar,110,70,37,99,316,0,1,3,2,6,110,71,40,101,322,4,0,4,326
12/22/2010,OKC,OK,ASW,CE,Combined TRACON& Tower with Radar,115,70,35,65,285,0,0,21,1,22,115,70,56,66,307,0,114,114,421
12/23/2010,OKC,OK,ASW,CE,Combined TRACON& Tower with Radar,117,77,18,10,222,0,0,4,1,5,117,77,22,11,227,14,0,14,241
12/24/2010,OKC,OK,ASW,CE,Combined TRACON& Tower with Radar,91,60,3,0,154,0,0,0,0,0,91,60,3,0,154,0,0,0,154
12/25/2010,OKC,OK,ASW,CE,Combined TRACON& Tower with Radar,70,41,3,0,114,0,1,1,0,2,70,42,4,0,116,0,0,0,116
12/26/2010,OKC,OK,ASW,CE,Combined TRACON& Tower with Radar,96,54,14,2,166,0,0,6,0,6,96,54,20,2,172,0,0,0,172
12/27/2010,OKC,OK,ASW,CE,Combined TRACON& Tower with Radar,107,66,22,1,196,0,5,31,0,36,107,71,53,1,232,0,0,0,232
12/28/2010,OKC,OK,ASW,CE,Combined TRACON& Tower with Radar,114,72,31,2,219,0,0,2,0,2,114,72,33,2,221,0,0,0,221
12/29/2010,OKC,OK,ASW,CE,Combined TRACON& Tower with Radar,113,65,23,2,203,0,1,2,0,3,113,66,25,2,206,0,12,12,218
12/30/2010,OKC,OK,ASW,CE,Combined TRACON& Tower with Radar,119,63,34,7,223,0,2,16,0,18,119,65,50,7,241,4,14,18,259
12/31/2010,OKC,OK,ASW,CE,Combined TRACON& Tower with Radar,103,56,17,0,176,0,1,1,0,2,103,57,18,0,178,0,0,0,178
01/01/2011,OKC,OK,ASW,CE,Combined TRACON& Tower with Radar,73,54,4,0,131,0,0,6,0,6,73,54,10,0,137,0,0,0,137
01/02/2011,OKC,OK,ASW,CE,Combined TRACON& Tower with Radar,108,56,15,0,179,0,0,6,0,6,108,56,21,0,185,0,0,0,185
01/03/2011,OKC,OK,ASW,CE,Combined TRACON& Tower with Radar,106,56,23,4,189,0,2,11,3,16,106,58,34,7,205,8,6,14,219
01/04/2011,OKC,OK,ASW,CE,Combined TRACON& Tower with Radar,107,64,33,40,244,0,1,16,0,17,107,65,49,40,261,8,104,112,373
01/05/2011,OKC,OK,ASW,CE,Combined TRACON& Tower with Radar,108,55,31,82,276,0,3,25,4,32,108,58,56,86,308,10,112,122,430
01/06/2011,OKC,OK,ASW,CE,Combined TRACON& Tower with Radar,111,67,29,148,355,0,4,26,2,32,111,71,55,150,387,0,180,180,567
01/07/2011,OKC,OK,ASW,CE,Combined TRACON& Tower with Radar,111,60,27,55,253,0,4,24,4,32,111,64,51,59,285,0,0,0,285
01/08/2011,OKC,OK,ASW,CE,Combined TRACON& Tower with Radar,107,40,14,22,183,0,2,11,2,15,107,42,25,24,198,0,0,0,198
01/09/2011,OKC,OK,ASW,CE,Combined TRACON& Tower with Radar,90,39,6,1,136,0,0,5,0,5,90,39,11,1,141,0,0,0,141
01/10/2011,OKC,OK,ASW,CE,Combined TRACON& Tower with Radar,100,62,24,2,188,0,0,0,0,0,100,62,24,2,188,0,0,0,188
01/11/2011,OKC,OK,ASW,CE,Combined TRACON& Tower with Radar,103,58,41,15,217,0,2,12,1,15,103,60,53,16,232,0,105,105,337
01/12/2011,OKC,OK,ASW,CE,Combined TRACON& Tower with Radar,105,56,34,154,349,0,4,21,1,26,105,60,55,155,375,0,52,52,427
01/13/2011,OKC,OK,ASW,CE,Combined TRACON& Tower with Radar,113,71,42,93,319,0,4,19,4,27,113,75,61,97,346,0,86,86,432
01/14/2011,OKC,OK,ASW,CE,Combined TRACON& Tower with Radar,112,64,33,129,338,0,1,31,2,34,112,65,64,131,372,10,76,86,458
01/15/2011,OKC,OK,ASW,CE,Combined TRACON& Tower with Radar,103,35,8,5,151,0,0,6,0,6,103,35,14,5,157,0,0,0,157
01/16/2011,OKC,OK,ASW,CE,Combined TRACON& Tower with Radar,93,39,12,10,154,0,2,12,2,16,93,41,24,12,170,0,0,0,170
01/17/2011,OKC,OK,ASW,CE,Combined TRACON& Tower with Radar,103,49,24,9,185,0,0,2,0,2,103,49,26,9,187,0,0,0,187
01/18/2011,OKC,OK,ASW,CE,Combined TRACON& Tower with Radar,116,55,30,91,292,0,1,15,3,19,116,56,45,94,311,0,40,40,351
01/19/2011,OKC,OK,ASW,CE,Combined TRACON& Tower with Radar,102,65,43,122,332,0,0,14,0,14,102,65,57,122,346,0,22,22,368
01/20/2011,OKC,OK,ASW,CE,Combined TRACON& Tower with Radar,113,68,21,7,209,0,1,2,0,3,113,69,23,7,212,0,0,0,212
01/21/2011,OKC,OK,ASW,CE,Combined TRACON& Tower with Radar,115,61,39,115,330,0,2,19,2,23,115,63,58,117,353,0,114,114,467
01/22/2011,OKC,OK,ASW,CE,Combined TRACON& Tower with Radar,101,39,16,8,164,0,0,4,1,5,101,39,20,9,169,0,0,0,169
01/23/2011,OKC,OK,ASW,CE,Combined TRACON& Tower with Radar,103,45,29,15,192,0,2,1,2,5,103,47,30,17,197,0,0,0,197
01/24/2011,OKC,OK,ASW,CE,Combined TRACON& Tower with Radar,103,61,27,130,321,0,1,27,8,36,103,62,54,138,357,0,164,164,521
01/25/2011,OKC,OK,ASW,CE,Combined TRACON& Tower with Radar,113,61,41,138,353,0,1,25,0,26,113,62,66,138,379,0,138,138,517
01/26/2011,OKC,OK,ASW,CE,Combined TRACON& Tower with Radar,110,47,22,108,287,0,6,22,10,38,110,53,44,118,325,0,126,126,451
01/27/2011,OKC,OK,ASW,CE,Combined TRACON& Tower with Radar,116,59,41,92,308,0,6,21,2,29,116,65,62,94,337,20,26,46,383
01/28/2011,OKC,OK,ASW,CE,Combined TRACON& Tower with Radar,109,57,49,59,274,0,5,21,0,26,109,62,70,59,300,0,0,0,300
01/29/2011,OKC,OK,ASW,CE,Combined TRACON& Tower with Radar,95,33,9,29,166,0,1,12,2,15,95,34,21,31,181,0,0,0,181
01/30/2011,OKC,OK,ASW,CE,Combined TRACON& Tower with Radar,96,44,17,28,185,0,0,0,0,0,96,44,17,28,185,0,0,0,185
01/31/2011,OKC,OK,ASW,CE,Combined TRACON& Tower with Radar,93,62,29,57,241,0,0,3,0,3,93,62,32,57,244,0,0,0,244
02/01/2011,OKC,OK,ASW,CE,Combined TRACON& Tower with Radar,4,3,1,0,8,0,0,0,0,0,4,3,1,0,8,0,0,0,8
02/02/2011,OKC,OK,ASW,CE,Combined TRACON& Tower with Radar,58,25,9,0,92,0,6,6,0,12,58,31,15,0,104,0,0,0,104
02/03/2011,OKC,OK,ASW,CE,Combined TRACON& Tower with Radar,104,65,28,37,234,0,1,8,0,9,104,66,36,37,243,0,0,0,243
02/04/2011,OKC,OK,ASW,CE,Combined TRACON& Tower with Radar,86,52,14,1,153,0,0,4,0,4,86,52,18,1,157,0,0,0,157
02/05/2011,OKC,OK,ASW,CE,Combined TRACON& Tower with Radar,95,41,12,0,148,0,2,5,0,7,95,43,17,0,155,0,0,0,155
02/06/2011,OKC,OK,ASW,CE,Combined TRACON& Tower with Radar,95,39,4,2,140,0,0,1,0,1,95,39,5,2,141,0,0,0,141
02/07/2011,OKC,OK,ASW,CE,Combined TRACON& Tower with Radar,103,63,41,136,343,2,1,31,0,34,105,64,72,136,377,12,206,218,595
02/08/2011,OKC,OK,ASW,CE,Combined TRACON& Tower with Radar,108,71,39,9,227,0,1,12,1,14,108,72,51,10,241,0,0,0,241
02/09/2011,OKC,OK,ASW,CE,Combined TRACON& Tower with Radar,75,38,15,0,128,0,2,0,0,2,75,40,15,0,130,0,0,0,130
02/10/2011,OKC,OK,ASW,CE,Combined TRACON& Tower with Radar,104,68,41,15,228,0,2,17,8,27,104,70,58,23,255,0,22,22,277
02/11/2011,OKC,OK,ASW,CE,Combined TRACON& Tower with Radar,124,71,28,43,266,0,2,28,1,31,124,73,56,44,297,0,0,0,297
02/12/2011,OKC,OK,ASW,CE,Combined TRACON& Tower with Radar,98,37,10,20,165,0,1,13,1,15,98,38,23,21,180,0,12,12,192
02/13/2011,OKC,OK,ASW,CE,Combined TRACON& Tower with Radar,93,43,13,37,186,0,0,5,9,14,93,43,18,46,200,0,0,0,200
02/14/2011,OKC,OK,ASW,CE,Combined TRACON& Tower with Radar,111,56,74,111,352,0,2,14,3,19,111,58,88,114,371,0,522,522,893
02/15/2011,OKC,OK,ASW,CE,Combined TRACON& Tower with Radar,110,68,56,128,362,0,4,23,6,33,110,72,79,134,395,20,438,458,853
02/16/2011,OKC,OK,ASW,CE,Combined TRACON& Tower with Radar,104,63,50,123,340,0,2,23,2,27,104,65,73,125,367,0,0,0,367
02/17/2011,OKC,OK,ASW,CE,Combined TRACON& Tower with Radar,108,79,37,117,341,0,1,10,6,17,108,80,47,123,358,0,10,10,368
02/18/2011,OKC,OK,ASW,CE,Combined TRACON& Tower with Radar,113,71,48,102,334,0,2,29,32,63,113,73,77,134,397,16,116,132,529
02/19/2011,OKC,OK,ASW,CE,Combined TRACON& Tower with Radar,85,46,18,52,201,0,0,4,0,4,85,46,22,52,205,0,0,0,205
02/20/2011,OKC,OK,ASW,CE,Combined TRACON& Tower with Radar,89,43,13,54,199,0,1,3,1,5,89,44,16,55,204,0,208,208,412
02/21/2011,OKC,OK,ASW,CE,Combined TRACON& Tower with Radar,101,52,50,48,251,0,1,20,3,24,101,53,70,51,275,0,0,0,275
02/22/2011,OKC,OK,ASW,CE,Combined TRACON& Tower with Radar,111,73,43,101,328,0,1,23,4,28,111,74,66,105,356,0,298,298,654
02/23/2011,OKC,OK,ASW,CE,Combined TRACON& Tower with Radar,109,69,78,91,347,0,0,19,2,21,109,69,97,93,368,38,14,52,420
02/24/2011,OKC,OK,ASW,CE,Combined TRACON& Tower with Radar,107,68,42,30,247,0,0,0,0,0,107,68,42,30,247,0,0,0,247
02/25/2011,OKC,OK,ASW,CE,Combined TRACON& Tower with Radar,110,60,55,51,276,0,0,13,0,13,110,60,68,51,289,12,18,30,319
02/26/2011,OKC,OK,ASW,CE,Combined TRACON& Tower with Radar,84,42,24,1,151,0,0,7,0,7,84,42,31,1,158,0,0,0,158
02/27/2011,OKC,OK,ASW,CE,Combined TRACON& Tower with Radar,94,47,14,27,182,0,0,3,0,3,94,47,17,27,185,0,70,70,255
02/28/2011,OKC,OK,ASW,CE,Combined TRACON& Tower with Radar,110,78,53,78,319,0,1,29,5,35,110,79,82,83,354,0,108,108,462
03/01/2011,OKC,OK,ASW,CE,Combined TRACON& Tower with Radar,109,68,34,98,309,0,1,23,4,28,109,69,57,102,337,0,134,134,471
03/02/2011,OKC,OK,ASW,CE,Combined TRACON& Tower with Radar,112,72,48,79,311,0,1,17,2,20,112,73,65,81,331,0,126,126,457
03/03/2011,OKC,OK,ASW,CE,Combined TRACON& Tower with Radar,116,64,57,118,355,0,4,23,8,35,116,68,80,126,390,0,206,206,596
03/04/2011,OKC,OK,ASW,CE,Combined TRACON& Tower with Radar,107,68,36,59,270,0,2,17,2,21,107,70,53,61,291,0,60,60,351
03/05/2011,OKC,OK,ASW,CE,Combined TRACON& Tower with Radar,92,50,12,19,173,0,0,13,21,34,92,50,25,40,207,0,12,12,219
03/06/2011,OKC,OK,ASW,CE,Combined TRACON& Tower with Radar,99,44,13,19,175,0,0,14,5,19,99,44,27,24,194,0,0,0,194
03/07/2011,OKC,OK,ASW,CE,Combined TRACON& Tower with Radar,108,61,47,146,362,4,1,20,0,25,112,62,67,146,387,8,162,170,557
03/08/2011,OKC,OK,ASW,CE,Combined TRACON& Tower with Radar,111,69,31,81,292,0,0,3,0,3,111,69,34,81,295,0,0,0,295
03/09/2011,OKC,OK,ASW,CE,Combined TRACON& Tower with Radar,109,74,39,159,381,0,1,29,9,39,109,75,68,168,420,0,118,118,538
03/10/2011,OKC,OK,ASW,CE,Combined TRACON& Tower with Radar,109,83,39,137,368,0,2,30,20,52,109,85,69,157,420,0,118,118,538
03/11/2011,OKC,OK,ASW,CE,Combined TRACON& Tower with Radar,118,65,40,96,319,0,3,16,1,20,118,68,56,97,339,0,92,92,431
03/12/2011,OKC,OK,ASW,CE,Combined TRACON& Tower with Radar,93,59,47,3,202,0,3,41,2,46,93,62,88,5,248,0,0,0,248
03/13/2011,OKC,OK,ASW,CE,Combined TRACON& Tower with Radar,93,44,19,3,159,0,0,1,2,3,93,44,20,5,162,0,0,0,162
03/14/2011,OKC,OK,ASW,CE,Combined TRACON& Tower with Radar,111,65,31,133,340,0,0,8,0,8,111,65,39,133,348,0,271,271,619
03/15/2011,OKC,OK,ASW,CE,Combined TRACON& Tower with Radar,121,59,24,144,348,0,1,27,8,36,121,60,51,152,384,0,224,224,608
03/16/2011,OKC,OK,ASW,CE,Combined TRACON& Tower with Radar,108,66,39,99,312,0,5,17,14,36,108,71,56,113,348,20,510,530,878
03/17/2011,OKC,OK,ASW,CE,Combined TRACON& Tower with Radar,114,65,37,64,280,0,0,6,1,7,114,65,43,65,287,0,16,16,303
03/18/2011,OKC,OK,ASW,CE,Combined TRACON& Tower with Radar,123,66,52,84,325,0,1,12,3,16,123,67,64,87,341,20,44,64,405
03/19/2011,OKC,OK,ASW,CE,Combined TRACON& Tower with Radar,98,49,18,3,168,0,0,10,2,12,98,49,28,5,180,0,0,0,180
03/20/2011,OKC,OK,ASW,CE,Combined TRACON& Tower with Radar,96,62,17,2,177,0,0,6,1,7,96,62,23,3,184,0,0,0,184
03/21/2011,OKC,OK,ASW,CE,Combined TRACON& Tower with Radar,110,58,51,29,248,0,1,7,3,11,110,59,58,32,259,0,204,204,463
03/22/2011,OKC,OK,ASW,CE,Combined TRACON& Tower with Radar,110,75,36,46,267,0,0,12,3,15,110,75,48,49,282,0,76,76,358
03/23/2011,OKC,OK,ASW,CE,Combined TRACON& Tower with Radar,109,75,36,101,321,0,2,27,9,38,109,77,63,110,359,18,302,320,679
03/24/2011,OKC,OK,ASW,CE,Combined TRACON& Tower with Radar,115,65,39,120,339,0,2,15,4,21,115,67,54,124,360,0,120,120,480
03/25/2011,OKC,OK,ASW,CE,Combined TRACON& Tower with Radar,120,56,34,83,293,0,4,13,9,26,120,60,47,92,319,16,100,116,435
03/26/2011,OKC,OK,ASW,CE,Combined TRACON& Tower with Radar,99,45,35,3,182,0,0,3,2,5,99,45,38,5,187,18,0,18,205
03/27/2011,OKC,OK,ASW,CE,Combined TRACON& Tower with Radar,97,47,19,8,171,0,0,0,0,0,97,47,19,8,171,0,0,0,171
03/28/2011,OKC,OK,ASW,CE,Combined TRACON& Tower with Radar,116,63,31,51,261,0,0,2,0,2,116,63,33,51,263,42,0,42,305
03/29/2011,OKC,OK,ASW,CE,Combined TRACON& Tower with Radar,117,71,44,106,338,0,0,4,0,4,117,71,48,106,342,0,0,0,342
03/30/2011,OKC,OK,ASW,CE,Combined TRACON& Tower with Radar,107,64,71,149,391,0,0,13,2,15,107,64,84,151,406,16,78,94,500
03/31/2011,OKC,OK,ASW,CE,Combined TRACON& Tower with Radar,115,71,55,104,345,0,3,15,9,27,115,74,70,113,372,22,128,150,522
04/01/2011,OKC,OK,ASW,CE,Combined TRACON& Tower with Radar,115,58,43,114,330,0,3,37,4,44,115,61,80,118,374,0,296,296,670
04/02/2011,OKC,OK,ASW,CE,Combined TRACON& Tower with Radar,91,40,12,9,152,0,1,8,0,9,91,41,20,9,161,0,0,0,161
04/03/2011,OKC,OK,ASW,CE,Combined TRACON& Tower with Radar,103,36,16,17,172,0,0,11,4,15,103,36,27,21,187,0,0,0,187
04/04/2011,OKC,OK,ASW,CE,Combined TRACON& Tower with Radar,123,55,21,136,335,0,0,9,5,14,123,55,30,141,349,0,200,200,549
04/05/2011,OKC,OK,ASW,CE,Combined TRACON& Tower with Radar,124,51,37,84,296,0,1,25,2,28,124,52,62,86,324,10,484,494,818
04/06/2011,OKC,OK,ASW,CE,Combined TRACON& Tower with Radar,127,44,42,88,301,0,2,36,4,42,127,46,78,92,343,8,242,250,593
04/07/2011,OKC,OK,ASW,CE,Combined TRACON& Tower with Radar,131,58,41,113,343,0,1,22,12,35,131,59,63,125,378,0,92,92,470
04/08/2011,OKC,OK,ASW,CE,Combined TRACON& Tower with Radar,129,48,38,78,293,0,1,17,3,21,129,49,55,81,314,0,38,38,352
04/09/2011,OKC,OK,ASW,CE,Combined TRACON& Tower with Radar,110,37,7,3,157,0,1,8,1,10,110,38,15,4,167,0,0,0,167
04/10/2011,OKC,OK,ASW,CE,Combined TRACON& Tower with Radar,102,42,9,4,157,0,0,2,0,2,102,42,11,4,159,0,0,0,159
04/11/2011,OKC,OK,ASW,CE,Combined TRACON& Tower with Radar,133,58,35,101,327,0,1,19,0,20,133,59,54,101,347,10,190,200,547
04/12/2011,OKC,OK,ASW,CE,Combined TRACON& Tower with Radar,127,49,36,54,266,0,3,22,5,30,127,52,58,59,296,10,126,136,432
04/13/2011,OKC,OK,ASW,CE,Combined TRACON& Tower with Radar,123,52,43,71,289,0,2,29,3,34,123,54,72,74,323,0,66,66,389
04/14/2011,OKC,OK,ASW,CE,Combined TRACON& Tower with Radar,134,50,51,83,318,0,0,16,1,17,134,50,67,84,335,0,32,32,367
04/15/2011,OKC,OK,ASW,CE,Combined TRACON& Tower with Radar,133,67,36,9,245,0,1,4,0,5,133,68,40,9,250,0,0,0,250
04/16/2011,OKC,OK,ASW,CE,Combined TRACON& Tower with Radar,108,27,13,3,151,0,1,16,1,18,108,28,29,4,169,0,0,0,169
04/17/2011,OKC,OK,ASW,CE,Combined TRACON& Tower with Radar,110,34,8,17,169,0,1,7,0,8,110,35,15,17,177,0,0,0,177
04/18/2011,OKC,OK,ASW,CE,Combined TRACON& Tower with Radar,127,50,35,93,305,0,2,31,1,34,127,52,66,94,339,0,32,32,371
04/19/2011,OKC,OK,ASW,CE,Combined TRACON& Tower with Radar,137,42,54,99,332,0,0,26,0,26,137,42,80,99,358,0,182,182,540
04/20/2011,OKC,OK,ASW,CE,Combined TRACON& Tower with Radar,129,61,39,74,303,0,2,25,9,36,129,63,64,83,339,0,96,96,435
04/21/2011,OKC,OK,ASW,CE,Combined TRACON& Tower with Radar,147,56,54,81,338,0,0,9,0,9,147,56,63,81,347,0,0,0,347
04/22/2011,OKC,OK,ASW,CE,Combined TRACON& Tower with Radar,127,50,28,151,356,0,0,17,5,22,127,50,45,156,378,0,36,36,414
04/23/2011,OKC,OK,ASW,CE,Combined TRACON& Tower with Radar,105,33,13,1,152,0,2,3,2,7,105,35,16,3,159,0,0,0,159
04/24/2011,OKC,OK,ASW,CE,Combined TRACON& Tower with Radar,107,32,10,1,150,0,0,4,0,4,107,32,14,1,154,0,0,0,154
04/25/2011,OKC,OK,ASW,CE,Combined TRACON& Tower with Radar,145,50,35,52,282,0,0,3,0,3,145,50,38,52,285,0,0,0,285
04/26/2011,OKC,OK,ASW,CE,Combined TRACON& Tower with Radar,137,48,38,109,332,0,0,15,0,15,137,48,53,109,347,0,600,600,947
04/27/2011,OKC,OK,ASW,CE,Combined TRACON& Tower with Radar,132,55,44,37,268,0,0,14,1,15,132,55,58,38,283,10,0,10,293
04/28/2011,OKC,OK,ASW,CE,Combined TRACON& Tower with Radar,142,52,58,48,300,0,2,28,4,34,142,54,86,52,334,0,94,94,428
04/29/2011,OKC,OK,ASW,CE,Combined TRACON& Tower with Radar,130,43,21,53,247,0,1,18,14,33,130,44,39,67,280,12,172,184,464
04/30/2011,OKC,OK,ASW,CE,Combined TRACON& Tower with Radar,111,32,19,1,163,0,2,7,5,14,111,34,26,6,177,6,0,6,183
05/01/2011,OKC,OK,ASW,CE,Combined TRACON& Tower with Radar,110,43,14,1,168,0,0,2,0,2,110,43,16,1,170,0,0,0,170
05/02/2011,OKC,OK,ASW,CE,Combined TRACON& Tower with Radar,131,40,26,38,235,0,2,21,0,23,131,42,47,38,258,0,340,340,598
05/03/2011,OKC,OK,ASW,CE,Combined TRACON& Tower with Radar,127,49,34,56,266,0,1,36,3,40,127,50,70,59,306,0,246,246,552
05/04/2011,OKC,OK,ASW,CE,Combined TRACON& Tower with Radar,130,49,42,88,309,0,0,25,6,31,130,49,67,94,340,0,276,276,616
05/05/2011,OKC,OK,ASW,CE,Combined TRACON& Tower with Radar,131,49,48,114,342,0,3,24,7,34,131,52,72,121,376,0,100,100,476
05/06/2011,OKC,OK,ASW,CE,Combined TRACON& Tower with Radar,133,50,42,54,279,0,1,19,5,25,133,51,61,59,304,2,58,60,364
05/07/2011,OKC,OK,ASW,CE,Combined TRACON& Tower with Radar,119,30,16,8,173,0,0,11,4,15,119,30,27,12,188,0,6,6,194
05/08/2011,OKC,OK,ASW,CE,Combined TRACON& Tower with Radar,109,36,9,2,156,0,0,7,0,7,109,36,16,2,163,0,0,0,163
05/09/2011,OKC,OK,ASW,CE,Combined TRACON& Tower with Radar,133,51,39,39,262,0,0,19,1,20,133,51,58,40,282,22,6,28,310
05/10/2011,OKC,OK,ASW,CE,Combined TRACON& Tower with Radar,139,49,41,100,329,0,0,18,3,21,139,49,59,103,350,2,314,316,666
05/11/2011,OKC,OK,ASW,CE,Combined TRACON& Tower with Radar,134,43,27,25,229,0,0,8,0,8,134,43,35,25,237,10,0,10,247
05/12/2011,OKC,OK,ASW,CE,Combined TRACON& Tower with Radar,135,61,64,65,325,0,1,14,6,21,135,62,78,71,346,2,40,42,388
05/13/2011,OKC,OK,ASW,CE,Combined TRACON& Tower with Radar,129,46,53,86,314,0,0,13,2,15,129,46,66,88,329,0,50,50,379
05/14/2011,OKC,OK,ASW,CE,Combined TRACON& Tower with Radar,104,34,21,18,177,0,0,21,4,25,104,34,42,22,202,0,0,0,202
05/15/2011,OKC,OK,ASW,CE,Combined TRACON& Tower with Radar,118,35,26,8,187,0,0,3,3,6,118,35,29,11,193,0,0,0,193
05/16/2011,OKC,OK,ASW,CE,Combined TRACON& Tower with Radar,128,48,50,92,318,0,0,18,4,22,128,48,68,96,340,0,102,102,442
05/17/2011,OKC,OK,ASW,CE,Combined TRACON& Tower with Radar,123,50,74,53,300,0,1,101,3,105,123,51,175,56,405,16,102,118,523
05/18/2011,OKC,OK,ASW,CE,Combined TRACON& Tower with Radar,126,55,34,48,263,0,0,72,3,75,126,55,106,51,338,32,108,140,478
05/19/2011,OKC,OK,ASW,CE,Combined TRACON& Tower with Radar,122,51,42,49,264,0,0,0,5,5,122,51,42,54,269,0,80,80,349
05/20/2011,OKC,OK,ASW,CE,Combined TRACON& Tower with Radar,121,58,21,8,208,0,0,3,0,3,121,58,24,8,211,0,0,0,211
05/21/2011,OKC,OK,ASW,CE,Combined TRACON& Tower with Radar,120,31,20,1,172,2,0,16,2,20,122,31,36,3,192,2,0,2,194
05/22/2011,OKC,OK,ASW,CE,Combined TRACON& Tower with Radar,122,38,17,3,180,0,1,7,1,9,122,39,24,4,189,0,0,0,189
05/23/2011,OKC,OK,ASW,CE,Combined TRACON& Tower with Radar,154,55,32,59,300,0,0,17,2,19,154,55,49,61,319,10,294,304,623
05/24/2011,OKC,OK,ASW,CE,Combined TRACON& Tower with Radar,139,55,29,35,258,0,6,4,0,10,139,61,33,35,268,0,20,20,288
05/25/2011,OKC,OK,ASW,CE,Combined TRACON& Tower with Radar,135,53,45,28,261,0,1,21,4,26,135,54,66,32,287,0,0,0,287
05/26/2011,OKC,OK,ASW,CE,Combined TRACON& Tower with Radar,131,78,49,41,299,0,0,38,11,49,131,78,87,52,348,2,94,96,444
05/27/2011,OKC,OK,ASW,CE,Combined TRACON& Tower with Radar,127,52,45,51,275,0,1,13,5,19,127,53,58,56,294,0,8,8,302
05/28/2011,OKC,OK,ASW,CE,Combined TRACON& Tower with Radar,112,30,10,0,152,0,2,5,0,7,112,32,15,0,159,0,0,0,159
05/29/2011,OKC,OK,ASW,CE,Combined TRACON& Tower with Radar,89,17,9,2,117,0,0,4,0,4,89,17,13,2,121,0,0,0,121
05/30/2011,OKC,OK,ASW,CE,Combined TRACON& Tower with Radar,108,28,10,2,148,0,0,4,0,4,108,28,14,2,152,0,0,0,152
05/31/2011,OKC,OK,ASW,CE,Combined TRACON& Tower with Radar,133,44,36,41,254,0,0,13,2,15,133,44,49,43,269,6,0,6,275
06/01/2011,OKC,OK,ASW,CE,Combined TRACON& Tower with Radar,123,47,51,76,297,0,0,26,0,26,123,47,77,76,323,8,172,180,503
06/02/2011,OKC,OK,ASW,CE,Combined TRACON& Tower with Radar,131,62,40,82,315,0,1,27,1,29,131,63,67,83,344,0,38,38,382
06/03/2011,OKC,OK,ASW,CE,Combined TRACON& Tower with Radar,130,54,47,39,270,0,2,13,1,16,130,56,60,40,286,4,44,48,334
06/04/2011,OKC,OK,ASW,CE,Combined TRACON& Tower with Radar,106,32,8,15,161,0,0,9,2,11,106,32,17,17,172,0,0,0,172
06/05/2011,OKC,OK,ASW,CE,Combined TRACON& Tower with Radar,115,45,18,12,190,0,0,10,7,17,115,45,28,19,207,0,0,0,207
06/06/2011,OKC,OK,ASW,CE,Combined TRACON& Tower with Radar,132,47,49,69,297,0,1,15,5,21,132,48,64,74,318,8,240,248,566
06/07/2011,OKC,OK,ASW,CE,Combined TRACON& Tower with Radar,133,45,42,70,290,0,0,25,2,27,133,45,67,72,317,0,488,488,805
06/08/2011,OKC,OK,ASW,CE,Combined TRACON& Tower with Radar,132,61,34,80,307,0,5,15,6,26,132,66,49,86,333,8,98,106,439
06/09/2011,OKC,OK,ASW,CE,Combined TRACON& Tower with Radar,130,70,55,80,335,0,3,21,3,27,130,73,76,83,362,0,152,152,514
06/10/2011,OKC,OK,ASW,CE,Combined TRACON& Tower with Radar,122,64,45,50,281,0,0,4,11,15,122,64,49,61,296,0,98,98,394
06/11/2011,OKC,OK,ASW,CE,Combined TRACON& Tower with Radar,108,43,17,7,175,0,0,20,2,22,108,43,37,9,197,0,0,0,197
06/12/2011,OKC,OK,ASW,CE,Combined TRACON& Tower with Radar,100,43,20,31,194,0,3,9,2,14,100,46,29,33,208,0,0,0,208
06/13/2011,OKC,OK,ASW,CE,Combined TRACON& Tower with Radar,118,62,30,68,278,0,0,10,1,11,118,62,40,69,289,0,348,348,637
06/14/2011,OKC,OK,ASW,CE,Combined TRACON& Tower with Radar,127,71,52,72,322,0,1,32,6,39,127,72,84,78,361,6,266,272,633
06/15/2011,OKC,OK,ASW,CE,Combined TRACON& Tower with Radar,132,69,36,50,287,0,0,105,0,105,132,69,141,50,392,94,278,372,764
06/16/2011,OKC,OK,ASW,CE,Combined TRACON& Tower with Radar,131,68,40,103,342,0,1,6,6,13,131,69,46,109,355,0,76,76,431
06/17/2011,OKC,OK,ASW,CE,Combined TRACON& Tower with Radar,134,60,34,69,297,0,1,9,1,11,134,61,43,70,308,0,84,84,392
06/18/2011,OKC,OK,ASW,CE,Combined TRACON& Tower with Radar,105,37,12,2,156,0,0,1,5,6,105,37,13,7,162,0,0,0,162
06/19/2011,OKC,OK,ASW,CE,Combined TRACON& Tower with Radar,118,43,12,28,201,0,0,7,3,10,118,43,19,31,211,4,0,4,215
06/20/2011,OKC,OK,ASW,CE,Combined TRACON& Tower with Radar,120,59,23,62,264,0,0,8,1,9,120,59,31,63,273,0,292,292,565
06/21/2011,OKC,OK,ASW,CE,Combined TRACON& Tower with Radar,123,72,41,114,350,0,1,28,16,45,123,73,69,130,395,22,564,586,981
06/22/2011,OKC,OK,ASW,CE,Combined TRACON& Tower with Radar,129,62,32,126,349,0,0,122,8,130,129,62,154,134,479,6,50,56,535
06/23/2011,OKC,OK,ASW,CE,Combined TRACON& Tower with Radar,134,67,48,88,337,0,2,75,8,85,134,69,123,96,422,0,54,54,476
06/24/2011,OKC,OK,ASW,CE,Combined TRACON& Tower with Radar,128,55,23,52,258,0,0,50,2,52,128,55,73,54,310,0,8,8,318
06/25/2011,OKC,OK,ASW,CE,Combined TRACON& Tower with Radar,107,46,6,1,160,0,0,9,2,11,107,46,15,3,171,0,0,0,171
06/26/2011,OKC,OK,ASW,CE,Combined TRACON& Tower with Radar,108,43,12,8,171,0,0,2,0,2,108,43,14,8,173,0,0,0,173
06/27/2011,OKC,OK,ASW,CE,Combined TRACON& Tower with Radar,122,58,30,53,263,0,3,19,6,28,122,61,49,59,291,24,288,312,603
06/28/2011,OKC,OK,ASW,CE,Combined TRACON& Tower with Radar,127,66,31,38,262,0,4,24,5,33,127,70,55,43,295,0,0,0,295
06/29/2011,OKC,OK,ASW,CE,Combined TRACON& Tower with Radar,129,51,34,78,292,0,0,19,5,24,129,51,53,83,316,0,0,0,316
06/30/2011,OKC,OK,ASW,CE,Combined TRACON& Tower with Radar,125,61,39,69,294,0,0,21,4,25,125,61,60,73,319,0,106,106,425
07/01/2011,OKC,OK,ASW,CE,Combined TRACON& Tower with Radar,131,53,30,9,223,0,0,10,6,16,131,53,40,15,239,16,0,16,255
07/02/2011,OKC,OK,ASW,CE,Combined TRACON& Tower with Radar,106,40,7,5,158,0,0,4,0,4,106,40,11,5,162,0,0,0,162
07/03/2011,OKC,OK,ASW,CE,Combined TRACON& Tower with Radar,89,33,3,3,128,0,0,3,1,4,89,33,6,4,132,0,0,0,132
07/04/2011,OKC,OK,ASW,CE,Combined TRACON& Tower with Radar,106,37,7,2,152,0,1,5,2,8,106,38,12,4,160,0,0,0,160
07/05/2011,OKC,OK,ASW,CE,Combined TRACON& Tower with Radar,121,53,18,59,251,0,0,10,0,10,121,53,28,59,261,0,16,16,277
07/06/2011,OKC,OK,ASW,CE,Combined TRACON& Tower with Radar,128,53,34,121,336,0,1,38,3,42,128,54,72,124,378,2,170,172,550
07/07/2011,OKC,OK,ASW,CE,Combined TRACON& Tower with Radar,120,60,35,123,338,0,1,23,5,29,120,61,58,128,367,22,172,194,561
07/08/2011,OKC,OK,ASW,CE,Combined TRACON& Tower with Radar,118,44,32,68,262,0,1,25,9,35,118,45,57,77,297,8,142,150,447
07/09/2011,OKC,OK,ASW,CE,Combined TRACON& Tower with Radar,110,45,9,28,192,0,3,8,4,15,110,48,17,32,207,0,0,0,207
07/10/2011,OKC,OK,ASW,CE,Combined TRACON& Tower with Radar,109,48,25,22,204,0,0,11,3,14,109,48,36,25,218,0,0,0,218
07/11/2011,OKC,OK,ASW,CE,Combined TRACON& Tower with Radar,118,52,33,63,266,0,1,20,3,24,118,53,53,66,290,0,66,66,356
07/12/2011,OKC,OK,ASW,CE,Combined TRACON& Tower with Radar,132,54,41,52,279,0,3,29,1,33,132,57,70,53,312,62,294,356,668
07/13/2011,OKC,OK,ASW,CE,Combined TRACON& Tower with Radar,128,64,33,35,260,0,0,29,0,29,128,64,62,35,289,0,90,90,379
07/14/2011,OKC,OK,ASW,CE,Combined TRACON& Tower with Radar,126,68,47,78,319,0,0,31,0,31,126,68,78,78,350,10,186,196,546
07/15/2011,OKC,OK,ASW,CE,Combined TRACON& Tower with Radar,121,50,37,73,281,0,2,35,6,43,121,52,72,79,324,0,0,0,324
07/16/2011,OKC,OK,ASW,CE,Combined TRACON& Tower with Radar,109,33,11,8,161,0,0,21,2,23,109,33,32,10,184,0,0,0,184
07/17/2011,OKC,OK,ASW,CE,Combined TRACON& Tower with Radar,116,46,13,14,189,0,0,23,1,24,116,46,36,15,213,0,0,0,213
07/18/2011,OKC,OK,ASW,CE,Combined TRACON& Tower with Radar,124,59,41,34,258,0,2,15,1,18,124,61,56,35,276,0,0,0,276
07/19/2011,OKC,OK,ASW,CE,Combined TRACON& Tower with Radar,125,56,38,92,311,0,0,34,9,43,125,56,72,101,354,0,0,0,354
07/20/2011,OKC,OK,ASW,CE,Combined TRACON& Tower with Radar,135,60,41,70,306,0,0,26,0,26,135,60,67,70,332,0,0,0,332
07/21/2011,OKC,OK,ASW,CE,Combined TRACON& Tower with Radar,128,69,28,56,281,0,0,12,0,12,128,69,40,56,293,0,0,0,293
07/22/2011,OKC,OK,ASW,CE,Combined TRACON& Tower with Radar,123,61,19,72,275,0,0,12,3,15,123,61,31,75,290,0,0,0,290
07/23/2011,OKC,OK,ASW,CE,Combined TRACON& Tower with Radar,96,35,5,19,155,0,0,10,7,17,96,35,15,26,172,0,0,0,172
07/24/2011,OKC,OK,ASW,CE,Combined TRACON& Tower with Radar,115,43,20,25,203,0,0,9,5,14,115,43,29,30,217,0,0,0,217
07/25/2011,OKC,OK,ASW,CE,Combined TRACON& Tower with Radar,115,61,36,99,311,0,2,12,1,15,115,63,48,100,326,0,0,0,326
07/26/2011,OKC,OK,ASW,CE,Combined TRACON& Tower with Radar,135,55,42,79,311,0,2,17,4,23,135,57,59,83,334,0,0,0,334
07/27/2011,OKC,OK,ASW,CE,Combined TRACON& Tower with Radar,124,55,20,51,250,0,2,27,2,31,124,57,47,53,281,0,0,0,281
07/28/2011,OKC,OK,ASW,CE,Combined TRACON& Tower with Radar,131,53,65,62,311,0,1,26,2,29,131,54,91,64,340,0,0,0,340
07/29/2011,OKC,OK,ASW,CE,Combined TRACON& Tower with Radar,122,57,42,126,347,0,3,16,2,21,122,60,58,128,368,10,220,230,598
07/30/2011,OKC,OK,ASW,CE,Combined TRACON& Tower with Radar,108,39,7,24,178,0,0,0,10,10,108,39,7,34,188,0,0,0,188
07/31/2011,OKC,OK,ASW,CE,Combined TRACON& Tower with Radar,114,51,17,16,198,0,0,13,0,13,114,51,30,16,211,0,0,0,211
08/01/2011,OKC,OK,ASW,CE,Combined TRACON& Tower with Radar,124,55,29,24,232,0,2,26,2,30,124,57,55,26,262,18,20,38,300
08/02/2011,OKC,OK,ASW,CE,Combined TRACON& Tower with Radar,127,60,45,116,348,0,2,27,0,29,127,62,72,116,377,0,0,0,377
08/03/2011,OKC,OK,ASW,CE,Combined TRACON& Tower with Radar,129,65,46,47,287,0,1,22,0,23,129,66,68,47,310,0,0,0,310
08/04/2011,OKC,OK,ASW,CE,Combined TRACON& Tower with Radar,132,77,65,139,413,0,2,30,0,32,132,79,95,139,445,0,0,0,445
08/05/2011,OKC,OK,ASW,CE,Combined TRACON& Tower with Radar,129,58,45,46,278,0,4,16,7,27,129,62,61,53,305,0,0,0,305
08/06/2011,OKC,OK,ASW,CE,Combined TRACON& Tower with Radar,95,41,13,4,153,0,1,7,2,10,95,42,20,6,163,0,0,0,163
08/07/2011,OKC,OK,ASW,CE,Combined TRACON& Tower with Radar,116,52,19,11,198,0,0,8,4,12,116,52,27,15,210,0,0,0,210
08/08/2011,OKC,OK,ASW,CE,Combined TRACON& Tower with Radar,120,59,36,73,288,0,0,9,3,12,120,59,45,76,300,0,58,58,358
08/09/2011,OKC,OK,ASW,CE,Combined TRACON& Tower with Radar,123,59,37,66,285,0,4,33,0,37,123,63,70,66,322,6,76,82,404
08/10/2011,OKC,OK,ASW,CE,Combined TRACON& Tower with Radar,132,61,49,69,311,0,4,28,1,33,132,65,77,70,344,2,84,86,430
08/11/2011,OKC,OK,ASW,CE,Combined TRACON& Tower with Radar,130,64,43,9,246,0,2,7,1,10,130,66,50,10,256,0,188,188,444
08/12/2011,OKC,OK,ASW,CE,Combined TRACON& Tower with Radar,121,56,27,97,301,0,2,18,5,25,121,58,45,102,326,0,260,260,586
08/13/2011,OKC,OK,ASW,CE,Combined TRACON& Tower with Radar,98,35,9,4,146,0,0,19,0,19,98,35,28,4,165,0,0,0,165
08/14/2011,OKC,OK,ASW,CE,Combined TRACON& Tower with Radar,112,55,17,24,208,0,0,10,1,11,112,55,27,25,219,0,0,0,219
08/15/2011,OKC,OK,ASW,CE,Combined TRACON& Tower with Radar,123,62,47,138,370,0,0,14,1,15,123,62,61,139,385,0,428,428,813
08/16/2011,OKC,OK,ASW,CE,Combined TRACON& Tower with Radar,123,53,33,101,310,0,1,14,2,17,123,54,47,103,327,0,590,590,917
08/17/2011,OKC,OK,ASW,CE,Combined TRACON& Tower with Radar,123,64,39,46,272,0,3,18,3,24,123,67,57,49,296,4,60,64,360
08/18/2011,OKC,OK,ASW,CE,Combined TRACON& Tower with Radar,117,83,43,103,346,0,2,22,2,26,117,85,65,105,372,10,322,332,704
08/19/2011,OKC,OK,ASW,CE,Combined TRACON& Tower with Radar,131,59,40,43,273,0,1,25,4,30,131,60,65,47,303,0,80,80,383
08/20/2011,OKC,OK,ASW,CE,Combined TRACON& Tower with Radar,100,38,11,23,172,0,2,5,6,13,100,40,16,29,185,0,0,0,185
08/21/2011,OKC,OK,ASW,CE,Combined TRACON& Tower with Radar,112,33,18,3,166,0,0,5,0,5,112,33,23,3,171,0,0,0,171
08/22/2011,OKC,OK,ASW,CE,Combined TRACON& Tower with Radar,121,55,28,140,344,0,3,18,4,25,121,58,46,144,369,36,234,270,639
08/23/2011,OKC,OK,ASW,CE,Combined TRACON& Tower with Radar,121,57,28,113,319,0,2,23,2,27,121,59,51,115,346,10,80,90,436
08/24/2011,OKC,OK,ASW,CE,Combined TRACON& Tower with Radar,123,57,34,41,255,0,2,19,7,28,123,59,53,48,283,0,88,88,371
08/25/2011,OKC,OK,ASW,CE,Combined TRACON& Tower with Radar,122,59,48,66,295,0,2,26,7,35,122,61,74,73,330,0,411,411,741
08/26/2011,OKC,OK,ASW,CE,Combined TRACON& Tower with Radar,129,62,41,46,278,0,3,20,2,25,129,65,61,48,303,16,82,98,401
08/27/2011,OKC,OK,ASW,CE,Combined TRACON& Tower with Radar,94,30,12,2,138,0,1,11,2,14,94,31,23,4,152,0,0,0,152
08/28/2011,OKC,OK,ASW,CE,Combined TRACON& Tower with Radar,113,30,16,6,165,0,0,2,16,18,113,30,18,22,183,0,0,0,183
08/29/2011,OKC,OK,ASW,CE,Combined TRACON& Tower with Radar,118,58,29,47,252,0,1,41,1,43,118,59,70,48,295,6,24,30,325
08/30/2011,OKC,OK,ASW,CE,Combined TRACON& Tower with Radar,122,66,44,119,351,0,2,24,3,29,122,68,68,122,380,0,190,190,570
08/31/2011,OKC,OK,ASW,CE,Combined TRACON& Tower with Radar,122,70,40,85,317,0,2,31,4,37,122,72,71,89,354,0,223,223,577
09/01/2011,OKC,OK,ASW,CE,Combined TRACON& Tower with Radar,125,69,45,50,289,0,4,20,12,36,125,73,65,62,325,0,102,102,427
09/02/2011,OKC,OK,ASW,CE,Combined TRACON& Tower with Radar,132,58,23,39,252,0,3,22,0,25,132,61,45,39,277,28,64,92,369
09/03/2011,OKC,OK,ASW,CE,Combined TRACON& Tower with Radar,82,42,7,0,131,0,2,14,0,16,82,44,21,0,147,22,0,22,169
09/04/2011,OKC,OK,ASW,CE,Combined TRACON& Tower with Radar,79,25,9,1,114,0,0,9,1,10,79,25,18,2,124,0,0,0,124
09/05/2011,OKC,OK,ASW,CE,Combined TRACON& Tower with Radar,107,53,11,17,188,0,1,12,3,16,107,54,23,20,204,0,0,0,204
09/06/2011,OKC,OK,ASW,CE,Combined TRACON& Tower with Radar,116,66,40,123,345,0,1,19,6,26,116,67,59,129,371,10,54,64,435
09/07/2011,OKC,OK,ASW,CE,Combined TRACON& Tower with Radar,117,59,43,82,301,0,4,28,3,35,117,63,71,85,336,0,68,68,404
09/08/2011,OKC,OK,ASW,CE,Combined TRACON& Tower with Radar,125,64,37,118,344,0,2,37,2,41,125,66,74,120,385,40,144,184,569
09/09/2011,OKC,OK,ASW,CE,Combined TRACON& Tower with Radar,125,60,38,38,261,0,2,18,3,23,125,62,56,41,284,6,64,70,354
09/10/2011,OKC,OK,ASW,CE,Combined TRACON& Tower with Radar,93,35,20,5,153,0,1,9,0,10,93,36,29,5,163,0,0,0,163
09/11/2011,OKC,OK,ASW,CE,Combined TRACON& Tower with Radar,107,49,16,33,205,0,0,18,3,21,107,49,34,36,226,0,0,0,226
09/12/2011,OKC,OK,ASW,CE,Combined TRACON& Tower with Radar,121,64,65,118,368,0,2,30,2,34,121,66,95,120,402,18,400,418,820
09/13/2011,OKC,OK,ASW,CE,Combined TRACON& Tower with Radar,103,71,49,113,336,0,3,24,4,31,103,74,73,117,367,4,116,120,487
09/14/2011,OKC,OK,ASW,CE,Combined TRACON& Tower with Radar,117,57,25,123,322,0,1,22,2,25,117,58,47,125,347,6,246,252,599
09/15/2011,OKC,OK,ASW,CE,Combined TRACON& Tower with Radar,131,74,46,42,293,0,0,8,2,10,131,74,54,44,303,4,94,98,401
09/16/2011,OKC,OK,ASW,CE,Combined TRACON& Tower with Radar,148,66,49,17,280,0,0,4,2,6,148,66,53,19,286,0,0,0,286
09/17/2011,OKC,OK,ASW,CE,Combined TRACON& Tower with Radar,93,44,17,5,159,0,0,3,2,5,93,44,20,7,164,0,0,0,164
09/18/2011,OKC,OK,ASW,CE,Combined TRACON& Tower with Radar,128,45,13,21,207,0,0,9,0,9,128,45,22,21,216,0,0,0,216
09/19/2011,OKC,OK,ASW,CE,Combined TRACON& Tower with Radar,119,57,38,98,312,0,1,26,1,28,119,58,64,99,340,6,200,206,546
09/20/2011,OKC,OK,ASW,CE,Combined TRACON& Tower with Radar,114,69,41,126,350,0,2,33,2,37,114,71,74,128,387,0,10,10,397
09/21/2011,OKC,OK,ASW,CE,Combined TRACON& Tower with Radar,118,58,48,122,346,0,1,34,1,36,118,59,82,123,382,0,0,0,382
09/22/2011,OKC,OK,ASW,CE,Combined TRACON& Tower with Radar,119,69,62,62,312,0,1,14,2,17,119,70,76,64,329,0,0,0,329
09/23/2011,OKC,OK,ASW,CE,Combined TRACON& Tower with Radar,121,55,30,52,258,0,1,46,2,49,121,56,76,54,307,12,88,100,407
09/24/2011,OKC,OK,ASW,CE,Combined TRACON& Tower with Radar,90,41,18,14,163,0,1,7,2,10,90,42,25,16,173,0,0,0,173
09/25/2011,OKC,OK,ASW,CE,Combined TRACON& Tower with Radar,106,41,23,8,178,0,2,12,0,14,106,43,35,8,192,0,0,0,192
09/26/2011,OKC,OK,ASW,CE,Combined TRACON& Tower with Radar,118,59,33,83,293,0,1,25,0,26,118,60,58,83,319,0,6,6,325
09/27/2011,OKC,OK,ASW,CE,Combined TRACON& Tower with Radar,110,54,58,91,313,0,2,36,10,48,110,56,94,101,361,0,28,28,389
09/28/2011,OKC,OK,ASW,CE,Combined TRACON& Tower with Radar,128,51,26,73,278,0,2,26,3,31,128,53,52,76,309,34,24,58,367
09/29/2011,OKC,OK,ASW,CE,Combined TRACON& Tower with Radar,141,69,50,80,340,0,1,30,3,34,141,70,80,83,374,0,16,16,390
09/30/2011,OKC,OK,ASW,CE,Combined TRACON& Tower with Radar,126,66,34,27,253,0,3,24,0,27,126,69,58,27,280,0,0,0,280
10/01/2011,OKC,OK,ASW,CE,Combined TRACON& Tower with Radar,99,36,15,2,152,0,3,21,0,24,99,39,36,2,176,22,0,22,198
10/02/2011,OKC,OK,ASW,CE,Combined TRACON& Tower with Radar,112,46,18,2,178,0,0,12,0,12,112,46,30,2,190,0,0,0,190
10/03/2011,OKC,OK,ASW,CE,Combined TRACON& Tower with Radar,120,62,31,123,336,0,3,8,0,11,120,65,39,123,347,0,240,240,587
10/04/2011,OKC,OK,ASW,CE,Combined TRACON& Tower with Radar,118,61,44,119,342,0,3,47,0,50,118,64,91,119,392,0,8,8,400
10/05/2011,OKC,OK,ASW,CE,Combined TRACON& Tower with Radar,115,63,38,83,299,0,4,20,4,28,115,67,58,87,327,0,44,44,371
10/06/2011,OKC,OK,ASW,CE,Combined TRACON& Tower with Radar,126,60,51,71,308,0,2,21,3,26,126,62,72,74,334,24,36,60,394
10/07/2011,OKC,OK,ASW,CE,Combined TRACON& Tower with Radar,128,59,45,5,237,0,2,13,0,15,128,61,58,5,252,8,0,8,260
10/08/2011,OKC,OK,ASW,CE,Combined TRACON& Tower with Radar,94,35,10,0,139,0,1,2,0,3,94,36,12,0,142,0,0,0,142
10/09/2011,OKC,OK,ASW,CE,Combined TRACON& Tower with Radar,109,49,20,0,178,0,0,0,0,0,109,49,20,0,178,0,0,0,178
10/10/2011,OKC,OK,ASW,CE,Combined TRACON& Tower with Radar,122,59,27,9,217,0,2,5,0,7,122,61,32,9,224,0,0,0,224
10/11/2011,OKC,OK,ASW,CE,Combined TRACON& Tower with Radar,123,58,44,77,302,0,5,22,0,27,123,63,66,77,329,26,172,198,527
10/12/2011,OKC,OK,ASW,CE,Combined TRACON& Tower with Radar,128,57,51,73,309,0,2,32,0,34,128,59,83,73,343,10,20,30,373
10/13/2011,OKC,OK,ASW,CE,Combined TRACON& Tower with Radar,129,64,55,90,338,0,3,23,2,28,129,67,78,92,366,42,94,136,502
10/14/2011,OKC,OK,ASW,CE,Combined TRACON& Tower with Radar,125,57,39,45,266,0,3,25,3,31,125,60,64,48,297,0,40,40,337
10/15/2011,OKC,OK,ASW,CE,Combined TRACON& Tower with Radar,91,43,22,6,162,0,1,16,1,18,91,44,38,7,180,12,0,12,192
10/16/2011,OKC,OK,ASW,CE,Combined TRACON& Tower with Radar,108,48,15,9,180,0,1,7,4,12,108,49,22,13,192,0,0,0,192
10/17/2011,OKC,OK,ASW,CE,Combined TRACON& Tower with Radar,136,63,24,62,285,0,3,16,0,19,136,66,40,62,304,0,54,54,358
10/18/2011,OKC,OK,ASW,CE,Combined TRACON& Tower with Radar,128,49,27,75,279,0,4,22,0,26,128,53,49,75,305,10,88,98,403
10/19/2011,OKC,OK,ASW,CE,Combined TRACON& Tower with Radar,116,60,38,94,308,0,5,33,4,42,116,65,71,98,350,38,124,162,512
10/20/2011,OKC,OK,ASW,CE,Combined TRACON& Tower with Radar,123,65,51,85,324,0,4,23,8,35,123,69,74,93,359,4,172,176,535
10/21/2011,OKC,OK,ASW,CE,Combined TRACON& Tower with Radar,129,64,45,37,275,0,2,13,2,17,129,66,58,39,292,0,60,60,352
10/22/2011,OKC,OK,ASW,CE,Combined TRACON& Tower with Radar,94,39,11,19,163,0,1,19,3,23,94,40,30,22,186,0,8,8,194
10/23/2011,OKC,OK,ASW,CE,Combined TRACON& Tower with Radar,107,49,22,18,196,0,1,10,3,14,107,50,32,21,210,0,0,0,210
10/24/2011,OKC,OK,ASW,CE,Combined TRACON& Tower with Radar,125,56,36,104,321,0,2,28,1,31,125,58,64,105,352,12,112,124,476
10/25/2011,OKC,OK,ASW,CE,Combined TRACON& Tower with Radar,123,53,34,73,283,0,3,22,0,25,123,56,56,73,308,0,0,0,308
10/26/2011,OKC,OK,ASW,CE,Combined TRACON& Tower with Radar,119,57,29,64,269,0,3,10,7,20,119,60,39,71,289,0,100,100,389
10/27/2011,OKC,OK,ASW,CE,Combined TRACON& Tower with Radar,126,73,40,35,274,0,0,4,1,5,126,73,44,36,279,0,0,0,279
10/28/2011,OKC,OK,ASW,CE,Combined TRACON& Tower with Radar,134,53,31,46,264,0,1,23,4,28,134,54,54,50,292,0,76,76,368
10/29/2011,OKC,OK,ASW,CE,Combined TRACON& Tower with Radar,92,41,8,23,164,0,2,9,5,16,92,43,17,28,180,0,0,0,180
10/30/2011,OKC,OK,ASW,CE,Combined TRACON& Tower with Radar,111,45,22,17,195,0,0,19,4,23,111,45,41,21,218,4,0,4,222
10/31/2011,OKC,OK,ASW,CE,Combined TRACON& Tower with Radar,120,53,21,46,240,0,2,21,2,25,120,55,42,48,265,0,0,0,265
11/01/2011,OKC,OK,ASW,CE,Combined TRACON& Tower with Radar,128,51,39,83,301,0,4,30,4,38,128,55,69,87,339,0,256,256,595
11/02/2011,OKC,OK,ASW,CE,Combined TRACON& Tower with Radar,120,66,57,20,263,0,2,11,0,13,120,68,68,20,276,0,0,0,276
11/03/2011,OKC,OK,ASW,CE,Combined TRACON& Tower with Radar,123,58,57,35,273,0,3,33,4,40,123,61,90,39,313,16,0,16,329
11/04/2011,OKC,OK,ASW,CE,Combined TRACON& Tower with Radar,127,63,44,83,317,0,3,21,6,30,127,66,65,89,347,0,208,208,555
11/05/2011,OKC,OK,ASW,CE,Combined TRACON& Tower with Radar,99,35,21,16,171,0,2,0,1,3,99,37,21,17,174,0,0,0,174
11/06/2011,OKC,OK,ASW,CE,Combined TRACON& Tower with Radar,104,49,27,34,214,0,0,4,11,15,104,49,31,45,229,0,0,0,229
11/07/2011,OKC,OK,ASW,CE,Combined TRACON& Tower with Radar,118,61,33,2,214,0,0,2,0,2,118,61,35,2,216,16,0,16,232
11/08/2011,OKC,OK,ASW,CE,Combined TRACON& Tower with Radar,120,79,56,10,265,0,0,3,0,3,120,79,59,10,268,0,0,0,268
11/09/2011,OKC,OK,ASW,CE,Combined TRACON& Tower with Radar,125,60,64,102,351,0,9,46,5,60,125,69,110,107,411,0,0,0,411
11/10/2011,OKC,OK,ASW,CE,Combined TRACON& Tower with Radar,123,63,60,107,353,0,3,23,8,34,123,66,83,115,387,4,56,60,447
11/11/2011,OKC,OK,ASW,CE,Combined TRACON& Tower with Radar,128,66,26,20,240,0,2,18,4,24,128,68,44,24,264,0,0,0,264
11/12/2011,OKC,OK,ASW,CE,Combined TRACON& Tower with Radar,96,45,15,8,164,0,1,11,0,12,96,46,26,8,176,0,0,0,176
11/13/2011,OKC,OK,ASW,CE,Combined TRACON& Tower with Radar,107,56,15,2,180,0,0,8,3,11,107,56,23,5,191,0,0,0,191
11/14/2011,OKC,OK,ASW,CE,Combined TRACON& Tower with Radar,116,64,38,133,351,0,3,20,2,25,116,67,58,135,376,0,352,352,728
11/15/2011,OKC,OK,ASW,CE,Combined TRACON& Tower with Radar,123,54,45,162,384,0,4,32,153,189,123,58,77,315,573,0,242,242,815
11/16/2011,OKC,OK,ASW,CE,Combined TRACON& Tower with Radar,121,53,54,115,343,0,2,25,3,30,121,55,79,118,373,2,68,70,443
11/17/2011,OKC,OK,ASW,CE,Combined TRACON& Tower with Radar,126,72,63,98,359,0,3,40,2,45,126,75,103,100,404,40,60,100,504
11/18/2011,OKC,OK,ASW,CE,Combined TRACON& Tower with Radar,125,58,40,46,269,0,3,19,6,28,125,61,59,52,297,0,58,58,355
11/19/2011,OKC,OK,ASW,CE,Combined TRACON& Tower with Radar,101,40,22,0,163,0,0,7,0,7,101,40,29,0,170,0,0,0,170
11/20/2011,OKC,OK,ASW,CE,Combined TRACON& Tower with Radar,106,44,7,21,178,0,0,1,0,1,106,44,8,21,179,0,0,0,179
11/21/2011,OKC,OK,ASW,CE,Combined TRACON& Tower with Radar,126,44,43,24,237,0,0,2,2,4,126,44,45,26,241,0,88,88,329
11/22/2011,OKC,OK,ASW,CE,Combined TRACON& Tower with Radar,127,56,60,47,290,0,0,5,3,8,127,56,65,50,298,0,54,54,352
11/23/2011,OKC,OK,ASW,CE,Combined TRACON& Tower with Radar,129,67,23,44,263,0,3,24,3,30,129,70,47,47,293,0,14,14,307
11/24/2011,OKC,OK,ASW,CE,Combined TRACON& Tower with Radar,80,33,1,0,114,0,1,8,0,9,80,34,9,0,123,0,0,0,123
11/25/2011,OKC,OK,ASW,CE,Combined TRACON& Tower with Radar,90,40,4,0,134,0,2,3,0,5,90,42,7,0,139,0,0,0,139
11/26/2011,OKC,OK,ASW,CE,Combined TRACON& Tower with Radar,107,55,2,0,164,0,1,0,0,1,107,56,2,0,165,0,0,0,165
11/27/2011,OKC,OK,ASW,CE,Combined TRACON& Tower with Radar,114,56,26,0,196,0,1,11,1,13,114,57,37,1,209,0,0,0,209
11/28/2011,OKC,OK,ASW,CE,Combined TRACON& Tower with Radar,127,53,37,77,294,0,2,27,3,32,127,55,64,80,326,0,150,150,476
11/29/2011,OKC,OK,ASW,CE,Combined TRACON& Tower with Radar,117,47,89,138,391,0,3,26,10,39,117,50,115,148,430,0,135,135,565
11/30/2011,OKC,OK,ASW,CE,Combined TRACON& Tower with Radar,116,54,48,94,312,0,3,23,6,32,116,57,71,100,344,8,114,122,466
12/01/2011,OKC,OK,ASW,CE,Combined TRACON& Tower with Radar,120,57,54,139,370,0,8,33,8,49,120,65,87,147,419,0,96,96,515
12/02/2011,OKC,OK,ASW,CE,Combined TRACON& Tower with Radar,121,57,26,95,299,0,1,8,0,9,121,58,34,95,308,0,100,100,408
12/03/2011,OKC,OK,ASW,CE,Combined TRACON& Tower with Radar,96,35,17,2,150,0,0,2,0,2,96,35,19,2,152,0,0,0,152
12/04/2011,OKC,OK,ASW,CE,Combined TRACON& Tower with Radar,112,31,24,6,173,0,0,3,0,3,112,31,27,6,176,0,0,0,176
12/05/2011,OKC,OK,ASW,CE,Combined TRACON& Tower with Radar,116,65,47,133,361,0,1,5,16,22,116,66,52,149,383,0,302,302,685
12/06/2011,OKC,OK,ASW,CE,Combined TRACON& Tower with Radar,122,54,67,17,260,0,2,10,3,15,122,56,77,20,275,0,20,20,295
12/07/2011,OKC,OK,ASW,CE,Combined TRACON& Tower with Radar,118,60,46,73,297,0,3,19,5,27,118,63,65,78,324,0,124,124,448
12/08/2011,OKC,OK,ASW,CE,Combined TRACON& Tower with Radar,117,79,38,48,282,0,4,41,3,48,117,83,79,51,330,0,20,20,350
12/09/2011,OKC,OK,ASW,CE,Combined TRACON& Tower with Radar,120,60,45,65,290,0,0,12,2,14,120,60,57,67,304,0,52,52,356
12/10/2011,OKC,OK,ASW,CE,Combined TRACON& Tower with Radar,97,36,25,6,164,0,0,18,3,21,97,36,43,9,185,6,8,14,199
12/11/2011,OKC,OK,ASW,CE,Combined TRACON& Tower with Radar,108,33,22,23,186,0,0,6,0,6,108,33,28,23,192,0,0,0,192
12/12/2011,OKC,OK,ASW,CE,Combined TRACON& Tower with Radar,114,61,34,118,327,0,0,14,0,14,114,61,48,118,341,14,156,170,511
12/13/2011,OKC,OK,ASW,CE,Combined TRACON& Tower with Radar,121,64,49,20,254,0,0,6,2,8,121,64,55,22,262,0,0,0,262
12/14/2011,OKC,OK,ASW,CE,Combined TRACON& Tower with Radar,119,64,40,52,275,0,0,9,2,11,119,64,49,54,286,0,0,0,286
12/15/2011,OKC,OK,ASW,CE,Combined TRACON& Tower with Radar,133,56,92,126,407,0,2,29,4,35,133,58,121,130,442,12,164,176,618
12/16/2011,OKC,OK,ASW,CE,Combined TRACON& Tower with Radar,129,50,35,59,273,0,1,26,2,29,129,51,61,61,302,0,138,138,440
12/17/2011,OKC,OK,ASW,CE,Combined TRACON& Tower with Radar,105,30,16,15,166,0,1,27,6,34,105,31,43,21,200,12,4,16,216
12/18/2011,OKC,OK,ASW,CE,Combined TRACON& Tower with Radar,107,50,5,44,206,0,0,6,0,6,107,50,11,44,212,20,8,28,240
12/19/2011,OKC,OK,ASW,CE,Combined TRACON& Tower with Radar,129,56,25,0,210,0,2,0,0,2,129,58,25,0,212,0,0,0,212
12/20/2011,OKC,OK,ASW,CE,Combined TRACON& Tower with Radar,130,51,48,8,237,0,0,7,0,7,130,51,55,8,244,0,0,0,244
12/21/2011,OKC,OK,ASW,CE,Combined TRACON& Tower with Radar,128,49,35,108,320,0,2,16,9,27,128,51,51,117,347,10,74,84,431
12/22/2011,OKC,OK,ASW,CE,Combined TRACON& Tower with Radar,125,65,31,59,280,0,0,2,0,2,125,65,33,59,282,0,82,82,364
12/23/2011,OKC,OK,ASW,CE,Combined TRACON& Tower with Radar,133,55,21,0,209,0,3,5,0,8,133,58,26,0,217,0,0,0,217
12/24/2011,OKC,OK,ASW,CE,Combined TRACON& Tower with Radar,84,28,8,0,120,0,0,4,0,4,84,28,12,0,124,14,0,14,138
12/25/2011,OKC,OK,ASW,CE,Combined TRACON& Tower with Radar,84,32,4,0,120,0,0,3,0,3,84,32,7,0,123,0,0,0,123
12/26/2011,OKC,OK,ASW,CE,Combined TRACON& Tower with Radar,116,48,12,0,176,0,1,1,0,2,116,49,13,0,178,0,0,0,178
12/27/2011,OKC,OK,ASW,CE,Combined TRACON& Tower with Radar,127,47,27,4,205,0,1,24,0,25,127,48,51,4,230,30,0,30,260
12/28/2011,OKC,OK,ASW,CE,Combined TRACON& Tower with Radar,131,45,30,10,216,0,5,22,0,27,131,50,52,10,243,0,0,0,243
12/29/2011,OKC,OK,ASW,CE,Combined TRACON& Tower with Radar,127,54,27,4,212,0,2,13,0,15,127,56,40,4,227,0,0,0,227
12/30/2011,OKC,OK,ASW,CE,Combined TRACON& Tower with Radar,119,45,31,7,202,0,2,17,4,23,119,47,48,11,225,0,18,18,243
12/31/2011,OKC,OK,ASW,CE,Combined TRACON& Tower with Radar,111,25,6,0,142,0,1,10,0,11,111,26,16,0,153,0,0,0,153
01/01/2012,OKC,OK,ASW,CE,Combined TRACON& Tower with Radar,97,31,12,0,140,0,0,12,0,12,97,31,24,0,152,0,0,0,152
01/02/2012,OKC,OK,ASW,CE,Combined TRACON& Tower with Radar,121,45,20,0,186,0,5,12,0,17,121,50,32,0,203,0,0,0,203
01/03/2012,OKC,OK,ASW,CE,Combined TRACON& Tower with Radar,132,60,27,42,261,0,5,17,0,22,132,65,44,42,283,20,50,70,353
01/04/2012,OKC,OK,ASW,CE,Combined TRACON& Tower with Radar,109,48,49,91,297,0,2,26,4,32,109,50,75,95,329,8,148,156,485
01/05/2012,OKC,OK,ASW,CE,Combined TRACON& Tower with Radar,115,57,43,57,272,0,2,24,8,34,115,59,67,65,306,0,0,0,306
01/06/2012,OKC,OK,ASW,CE,Combined TRACON& Tower with Radar,113,50,36,88,287,0,1,20,3,24,113,51,56,91,311,0,116,116,427
01/07/2012,OKC,OK,ASW,CE,Combined TRACON& Tower with Radar,91,36,16,22,165,0,1,11,5,17,91,37,27,27,182,0,16,16,198
01/08/2012,OKC,OK,ASW,CE,Combined TRACON& Tower with Radar,103,48,17,25,193,0,0,1,4,5,103,48,18,29,198,0,76,76,274
01/09/2012,OKC,OK,ASW,CE,Combined TRACON& Tower with Radar,112,62,43,99,316,0,0,12,3,15,112,62,55,102,331,26,280,306,637
01/10/2012,OKC,OK,ASW,CE,Combined TRACON& Tower with Radar,112,53,48,43,256,0,1,21,2,24,112,54,69,45,280,0,0,0,280
01/11/2012,OKC,OK,ASW,CE,Combined TRACON& Tower with Radar,109,61,46,82,298,0,1,15,2,18,109,62,61,84,316,6,114,120,436
01/12/2012,OKC,OK,ASW,CE,Combined TRACON& Tower with Radar,117,64,36,65,282,0,3,5,2,10,117,67,41,67,292,0,32,32,324
01/13/2012,OKC,OK,ASW,CE,Combined TRACON& Tower with Radar,112,52,34,96,294,0,2,22,5,29,112,54,56,101,323,0,192,192,515
01/14/2012,OKC,OK,ASW,CE,Combined TRACON& Tower with Radar,82,25,18,14,139,0,2,7,7,16,82,27,25,21,155,0,0,0,155
01/15/2012,OKC,OK,ASW,CE,Combined TRACON& Tower with Radar,96,39,9,26,170,0,0,10,0,10,96,39,19,26,180,0,0,0,180
01/16/2012,OKC,OK,ASW,CE,Combined TRACON& Tower with Radar,112,57,15,3,187,0,1,7,0,8,112,58,22,3,195,0,0,0,195
01/17/2012,OKC,OK,ASW,CE,Combined TRACON& Tower with Radar,112,53,54,100,319,0,8,30,2,40,112,61,84,102,359,0,246,246,605
01/18/2012,OKC,OK,ASW,CE,Combined TRACON& Tower with Radar,110,50,37,79,276,0,2,17,5,24,110,52,54,84,300,10,168,178,478
01/19/2012,OKC,OK,ASW,CE,Combined TRACON& Tower with Radar,113,61,37,97,308,0,4,27,5,36,113,65,64,102,344,0,66,66,410
01/20/2012,OKC,OK,ASW,CE,Combined TRACON& Tower with Radar,107,60,63,105,335,0,2,33,7,42,107,62,96,112,377,8,216,224,601
01/21/2012,OKC,OK,ASW,CE,Combined TRACON& Tower with Radar,86,28,10,13,137,0,2,11,9,22,86,30,21,22,159,0,0,0,159
01/22/2012,OKC,OK,ASW,CE,Combined TRACON& Tower with Radar,101,44,14,12,171,0,1,0,2,3,101,45,14,14,174,0,0,0,174
01/23/2012,OKC,OK,ASW,CE,Combined TRACON& Tower with Radar,117,56,35,101,309,0,4,24,4,32,117,60,59,105,341,0,272,272,613
01/24/2012,OKC,OK,ASW,CE,Combined TRACON& Tower with Radar,112,50,32,26,220,0,1,8,4,13,112,51,40,30,233,0,0,0,233
01/25/2012,OKC,OK,ASW,CE,Combined TRACON& Tower with Radar,106,58,29,53,246,0,0,1,0,1,106,58,30,53,247,0,0,0,247
01/26/2012,OKC,OK,ASW,CE,Combined TRACON& Tower with Radar,121,65,46,130,362,0,2,9,3,14,121,67,55,133,376,0,50,50,426
01/27/2012,OKC,OK,ASW,CE,Combined TRACON& Tower with Radar,116,58,25,80,279,0,3,14,11,28,116,61,39,91,307,0,46,46,353
01/28/2012,OKC,OK,ASW,CE,Combined TRACON& Tower with Radar,81,30,6,11,128,0,2,14,0,16,81,32,20,11,144,0,0,0,144
01/29/2012,OKC,OK,ASW,CE,Combined TRACON& Tower with Radar,97,48,11,21,177,0,0,7,3,10,97,48,18,24,187,0,0,0,187
01/30/2012,OKC,OK,ASW,CE,Combined TRACON& Tower with Radar,113,60,33,81,287,0,2,22,1,25,113,62,55,82,312,0,196,196,508
01/31/2012,OKC,OK,ASW,CE,Combined TRACON& Tower with Radar,112,55,33,56,256,0,0,16,2,18,112,55,49,58,274,0,130,130,404
02/01/2012,OKC,OK,ASW,CE,Combined TRACON& Tower with Radar,111,59,63,65,298,0,4,23,2,29,111,63,86,67,327,10,260,270,597
02/02/2012,OKC,OK,ASW,CE,Combined TRACON& Tower with Radar,115,75,48,57,295,0,1,19,7,27,115,76,67,64,322,0,110,110,432
02/03/2012,OKC,OK,ASW,CE,Combined TRACON& Tower with Radar,117,61,27,26,231,0,0,1,0,1,117,61,28,26,232,0,0,0,232
02/04/2012,OKC,OK,ASW,CE,Combined TRACON& Tower with Radar,83,39,33,1,156,0,0,5,0,5,83,39,38,1,161,0,0,0,161
02/05/2012,OKC,OK,ASW,CE,Combined TRACON& Tower with Radar,96,49,11,36,192,0,1,3,2,6,96,50,14,38,198,0,86,86,284
02/06/2012,OKC,OK,ASW,CE,Combined TRACON& Tower with Radar,110,47,36,104,297,0,3,23,1,27,110,50,59,105,324,0,184,184,508
02/07/2012,OKC,OK,ASW,CE,Combined TRACON& Tower with Radar,109,55,55,65,284,0,0,18,4,22,109,55,73,69,306,0,0,0,306
02/08/2012,OKC,OK,ASW,CE,Combined TRACON& Tower with Radar,111,52,34,48,245,0,4,10,0,14,111,56,44,48,259,0,18,18,277
02/09/2012,OKC,OK,ASW,CE,Combined TRACON& Tower with Radar,116,67,36,101,320,0,1,8,2,11,116,68,44,103,331,0,164,164,495
02/10/2012,OKC,OK,ASW,CE,Combined TRACON& Tower with Radar,109,49,41,68,267,0,1,8,3,12,109,50,49,71,279,0,0,0,279
02/11/2012,OKC,OK,ASW,CE,Combined TRACON& Tower with Radar,89,37,8,41,175,0,4,15,5,24,89,41,23,46,199,8,56,64,263
02/12/2012,OKC,OK,ASW,CE,Combined TRACON& Tower with Radar,100,42,20,37,199,0,0,5,0,5,100,42,25,37,204,0,12,12,216
02/13/2012,OKC,OK,ASW,CE,Combined TRACON& Tower with Radar,121,58,10,39,228,0,1,0,0,1,121,59,10,39,229,0,0,0,229
02/14/2012,OKC,OK,ASW,CE,Combined TRACON& Tower with Radar,115,56,34,67,272,0,0,2,0,2,115,56,36,67,274,0,0,0,274
02/15/2012,OKC,OK,ASW,CE,Combined TRACON& Tower with Radar,116,62,24,88,290,0,1,11,0,12,116,63,35,88,302,8,36,44,346
02/16/2012,OKC,OK,ASW,CE,Combined TRACON& Tower with Radar,125,54,37,121,337,0,1,25,6,32,125,55,62,127,369,0,52,52,421
02/17/2012,OKC,OK,ASW,CE,Combined TRACON& Tower with Radar,124,48,52,77,301,0,0,7,2,9,124,48,59,79,310,0,102,102,412
02/18/2012,OKC,OK,ASW,CE,Combined TRACON& Tower with Radar,89,38,23,2,152,0,0,0,0,0,89,38,23,2,152,0,0,0,152
02/19/2012,OKC,OK,ASW,CE,Combined TRACON& Tower with Radar,104,40,21,2,167,0,0,8,5,13,104,40,29,7,180,0,0,0,180
02/20/2012,OKC,OK,ASW,CE,Combined TRACON& Tower with Radar,118,43,16,3,180,0,5,1,0,6,118,48,17,3,186,0,0,0,186
02/21/2012,OKC,OK,ASW,CE,Combined TRACON& Tower with Radar,124,61,34,58,277,0,0,18,4,22,124,61,52,62,299,6,86,92,391
02/22/2012,OKC,OK,ASW,CE,Combined TRACON& Tower with Radar,117,48,64,103,332,0,4,14,12,30,117,52,78,115,362,0,80,80,442
02/23/2012,OKC,OK,ASW,CE,Combined TRACON& Tower with Radar,129,62,52,106,349,0,3,14,4,21,129,65,66,110,370,42,110,152,522
02/24/2012,OKC,OK,ASW,CE,Combined TRACON& Tower with Radar,119,55,44,68,286,0,4,18,3,25,119,59,62,71,311,0,134,134,445
02/25/2012,OKC,OK,ASW,CE,Combined TRACON& Tower with Radar,90,39,21,6,156,0,4,15,1,20,90,43,36,7,176,0,0,0,176
02/26/2012,OKC,OK,ASW,CE,Combined TRACON& Tower with Radar,108,42,18,47,215,0,0,6,0,6,108,42,24,47,221,0,0,0,221
02/27/2012,OKC,OK,ASW,CE,Combined TRACON& Tower with Radar,119,60,38,62,279,0,2,20,1,23,119,62,58,63,302,0,76,76,378
02/28/2012,OKC,OK,ASW,CE,Combined TRACON& Tower with Radar,118,51,16,61,246,0,0,4,3,7,118,51,20,64,253,0,0,0,253
02/29/2012,OKC,OK,ASW,CE,Combined TRACON& Tower with Radar,119,58,65,131,373,0,5,49,5,59,119,63,114,136,432,0,150,150,582
03/01/2012,OKC,OK,ASW,CE,Combined TRACON& Tower with Radar,121,60,45,52,278,0,3,37,8,48,121,63,82,60,326,40,80,120,446
03/02/2012,OKC,OK,ASW,CE,Combined TRACON& Tower with Radar,134,63,45,115,357,0,2,36,6,44,134,65,81,121,401,0,152,152,553
03/03/2012,OKC,OK,ASW,CE,Combined TRACON& Tower with Radar,88,37,27,15,167,0,1,19,3,23,88,38,46,18,190,0,0,0,190
03/04/2012,OKC,OK,ASW,CE,Combined TRACON& Tower with Radar,120,43,22,28,213,0,2,21,0,23,120,45,43,28,236,4,0,4,240
03/05/2012,OKC,OK,ASW,CE,Combined TRACON& Tower with Radar,126,49,44,43,262,0,1,32,0,33,126,50,76,43,295,0,70,70,365
03/06/2012,OKC,OK,ASW,CE,Combined TRACON& Tower with Radar,118,62,42,39,261,0,2,10,4,16,118,64,52,43,277,0,166,166,443
03/07/2012,OKC,OK,ASW,CE,Combined TRACON& Tower with Radar,122,55,50,56,283,0,0,9,0,9,122,55,59,56,292,0,90,90,382
03/08/2012,OKC,OK,ASW,CE,Combined TRACON& Tower with Radar,128,52,34,7,221,0,0,2,0,2,128,52,36,7,223,0,0,0,223
03/09/2012,OKC,OK,ASW,CE,Combined TRACON& Tower with Radar,131,48,65,103,347,0,1,11,7,19,131,49,76,110,366,0,102,102,468
03/10/2012,OKC,OK,ASW,CE,Combined TRACON& Tower with Radar,97,39,8,8,152,0,0,1,1,2,97,39,9,9,154,0,0,0,154
03/11/2012,OKC,OK,ASW,CE,Combined TRACON& Tower with Radar,112,31,19,18,180,0,0,5,1,6,112,31,24,19,186,0,0,0,186
03/12/2012,OKC,OK,ASW,CE,Combined TRACON& Tower with Radar,124,49,30,117,320,0,1,22,1,24,124,50,52,118,344,2,274,276,620
03/13/2012,OKC,OK,ASW,CE,Combined TRACON& Tower with Radar,112,50,33,108,303,0,2,20,0,22,112,52,53,108,325,0,114,114,439
03/14/2012,OKC,OK,ASW,CE,Combined TRACON& Tower with Radar,125,58,58,89,330,0,5,15,6,26,125,63,73,95,356,0,0,0,356
03/15/2012,OKC,OK,ASW,CE,Combined TRACON& Tower with Radar,127,56,62,167,412,0,2,10,4,16,127,58,72,171,428,0,70,70,498
03/16/2012,OKC,OK,ASW,CE,Combined TRACON& Tower with Radar,136,51,44,77,308,0,1,8,0,9,136,52,52,77,317,0,0,0,317
03/17/2012,OKC,OK,ASW,CE,Combined TRACON& Tower with Radar,111,36,25,17,189,0,0,4,1,5,111,36,29,18,194,0,0,0,194
03/18/2012,OKC,OK,ASW,CE,Combined TRACON& Tower with Radar,114,31,25,10,180,0,0,2,0,2,114,31,27,10,182,0,6,6,188
03/19/2012,OKC,OK,ASW,CE,Combined TRACON& Tower with Radar,133,43,12,5,193,0,0,4,0,4,133,43,16,5,197,0,10,10,207
03/20/2012,OKC,OK,ASW,CE,Combined TRACON& Tower with Radar,123,54,31,97,305,0,2,7,3,12,123,56,38,100,317,12,12,24,341
03/21/2012,OKC,OK,ASW,CE,Combined TRACON& Tower with Radar,124,52,25,43,244,0,1,4,3,8,124,53,29,46,252,0,16,16,268
03/22/2012,OKC,OK,ASW,CE,Combined TRACON& Tower with Radar,136,40,29,24,229,0,1,4,0,5,136,41,33,24,234,0,0,0,234
03/23/2012,OKC,OK,ASW,CE,Combined TRACON& Tower with Radar,133,43,61,93,330,0,4,21,11,36,133,47,82,104,366,2,116,118,484
03/24/2012,OKC,OK,ASW,CE,Combined TRACON& Tower with Radar,103,33,16,10,162,0,1,14,5,20,103,34,30,15,182,0,0,0,182
03/25/2012,OKC,OK,ASW,CE,Combined TRACON& Tower with Radar,117,40,26,19,202,0,0,10,1,11,117,40,36,20,213,0,0,0,213
03/26/2012,OKC,OK,ASW,CE,Combined TRACON& Tower with Radar,126,46,29,63,264,0,3,18,5,26,126,49,47,68,290,0,78,78,368
03/27/2012,OKC,OK,ASW,CE,Combined TRACON& Tower with Radar,123,46,54,61,284,0,2,26,8,36,123,48,80,69,320,0,48,48,368
03/28/2012,OKC,OK,ASW,CE,Combined TRACON& Tower with Radar,116,58,50,125,349,0,2,22,7,31,116,60,72,132,380,34,204,238,618
03/29/2012,OKC,OK,ASW,CE,Combined TRACON& Tower with Radar,131,53,42,73,299,0,1,18,8,27,131,54,60,81,326,0,54,54,380
03/30/2012,OKC,OK,ASW,CE,Combined TRACON& Tower with Radar,131,60,45,52,288,0,1,10,10,21,131,61,55,62,309,0,68,68,377
03/31/2012,OKC,OK,ASW,CE,Combined TRACON& Tower with Radar,98,35,31,28,192,0,1,8,4,13,98,36,39,32,205,0,28,28,233
04/01/2012,OKC,OK,ASW,CE,Combined TRACON& Tower with Radar,106,58,12,23,199,0,1,17,8,26,106,59,29,31,225,0,52,52,277
04/02/2012,OKC,OK,ASW,CE,Combined TRACON& Tower with Radar,125,59,27,71,282,0,3,22,4,29,125,62,49,75,311,0,330,330,641
04/03/2012,OKC,OK,ASW,CE,Combined TRACON& Tower with Radar,102,57,44,12,215,0,0,4,1,5,102,57,48,13,220,0,0,0,220
04/04/2012,OKC,OK,ASW,CE,Combined TRACON& Tower with Radar,110,67,64,99,340,0,2,29,8,39,110,69,93,107,379,10,16,26,405
04/05/2012,OKC,OK,ASW,CE,Combined TRACON& Tower with Radar,114,78,51,140,383,0,2,7,2,11,114,80,58,142,394,20,126,146,540
04/06/2012,OKC,OK,ASW,CE,Combined TRACON& Tower with Radar,114,53,57,32,256,0,4,5,2,11,114,57,62,34,267,0,24,24,291
04/07/2012,OKC,OK,ASW,CE,Combined TRACON& Tower with Radar,90,39,11,5,145,0,1,3,4,8,90,40,14,9,153,0,0,0,153
04/08/2012,OKC,OK,ASW,CE,Combined TRACON& Tower with Radar,115,48,35,0,198,0,0,2,0,2,115,48,37,0,200,0,0,0,200
04/09/2012,OKC,OK,ASW,CE,Combined TRACON& Tower with Radar,126,59,43,39,267,0,0,2,3,5,126,59,45,42,272,0,0,0,272
04/10/2012,OKC,OK,ASW,CE,Combined TRACON& Tower with Radar,118,60,65,89,332,0,1,16,3,20,118,61,81,92,352,0,0,0,352
04/11/2012,OKC,OK,ASW,CE,Combined TRACON& Tower with Radar,113,71,48,41,273,0,0,10,9,19,113,71,58,50,292,12,0,12,304
04/12/2012,OKC,OK,ASW,CE,Combined TRACON& Tower with Radar,124,73,61,124,382,0,1,11,2,14,124,74,72,126,396,0,212,212,608
04/13/2012,OKC,OK,ASW,CE,Combined TRACON& Tower with Radar,124,56,42,38,260,0,1,5,0,6,124,57,47,38,266,0,0,0,266
04/14/2012,OKC,OK,ASW,CE,Combined TRACON& Tower with Radar,94,37,14,8,153,0,2,2,1,5,94,39,16,9,158,0,0,0,158
04/15/2012,OKC,OK,ASW,CE,Combined TRACON& Tower with Radar,110,40,7,5,162,0,2,0,7,9,110,42,7,12,171,0,0,0,171
04/16/2012,OKC,OK,ASW,CE,Combined TRACON& Tower with Radar,126,71,49,64,310,0,2,39,4,45,126,73,88,68,355,0,0,0,355
04/17/2012,OKC,OK,ASW,CE,Combined TRACON& Tower with Radar,116,54,41,66,277,0,4,31,142,177,116,58,72,208,454,0,48,48,502
04/18/2012,OKC,OK,ASW,CE,Combined TRACON& Tower with Radar,115,59,56,49,279,0,3,33,2,38,115,62,89,51,317,0,62,62,379
04/19/2012,OKC,OK,ASW,CE,Combined TRACON& Tower with Radar,116,67,36,51,270,0,2,12,4,18,116,69,48,55,288,0,0,0,288
04/20/2012,OKC,OK,ASW,CE,Combined TRACON& Tower with Radar,123,58,40,56,277,0,4,15,9,28,123,62,55,65,305,0,0,0,305
04/21/2012,OKC,OK,ASW,CE,Combined TRACON& Tower with Radar,93,37,14,30,174,0,1,17,1,19,93,38,31,31,193,16,22,38,231
04/22/2012,OKC,OK,ASW,CE,Combined TRACON& Tower with Radar,106,47,4,23,180,0,1,14,3,18,106,48,18,26,198,0,0,0,198
04/23/2012,OKC,OK,ASW,CE,Combined TRACON& Tower with Radar,120,58,46,99,323,2,3,27,3,35,122,61,73,102,358,14,194,208,566
04/24/2012,OKC,OK,ASW,CE,Combined TRACON& Tower with Radar,122,60,41,83,306,0,4,28,9,41,122,64,69,92,347,0,130,130,477
04/25/2012,OKC,OK,ASW,CE,Combined TRACON& Tower with Radar,120,58,39,79,296,0,5,15,4,24,120,63,54,83,320,0,84,84,404
04/26/2012,OKC,OK,ASW,CE,Combined TRACON& Tower with Radar,121,66,44,85,316,0,2,18,1,21,121,68,62,86,337,0,24,24,361
04/27/2012,OKC,OK,ASW,CE,Combined TRACON& Tower with Radar,124,66,39,29,258,0,4,30,0,34,124,70,69,29,292,22,42,64,356
04/28/2012,OKC,OK,ASW,CE,Combined TRACON& Tower with Radar,102,39,17,7,165,0,0,6,0,6,102,39,23,7,171,0,0,0,171
04/29/2012,OKC,OK,ASW,CE,Combined TRACON& Tower with Radar,110,56,20,33,219,0,2,6,2,10,110,58,26,35,229,0,0,0,229
04/30/2012,OKC,OK,ASW,CE,Combined TRACON& Tower with Radar,114,58,30,75,277,0,1,8,5,14,114,59,38,80,291,10,137,147,438
05/01/2012,OKC,OK,ASW,CE,Combined TRACON& Tower with Radar,122,56,32,91,301,0,2,25,4,31,122,58,57,95,332,0,0,0,332
05/02/2012,OKC,OK,ASW,CE,Combined TRACON& Tower with Radar,128,61,47,88,324,0,2,13,34,49,128,63,60,122,373,0,72,72,445
05/03/2012,OKC,OK,ASW,CE,Combined TRACON& Tower with Radar,130,58,50,74,312,0,4,22,1,27,130,62,72,75,339,8,204,212,551
05/04/2012,OKC,OK,ASW,CE,Combined TRACON& Tower with Radar,128,61,34,65,288,0,3,11,2,16,128,64,45,67,304,12,96,108,412
05/05/2012,OKC,OK,ASW,CE,Combined TRACON& Tower with Radar,108,38,11,11,168,0,0,14,0,14,108,38,25,11,182,0,0,0,182
05/06/2012,OKC,OK,ASW,CE,Combined TRACON& Tower with Radar,113,48,22,16,199,0,0,10,1,11,113,48,32,17,210,14,20,34,244
05/07/2012,OKC,OK,ASW,CE,Combined TRACON& Tower with Radar,127,57,49,149,382,0,0,0,1,1,127,57,49,150,383,0,0,0,383
05/08/2012,OKC,OK,ASW,CE,Combined TRACON& Tower with Radar,120,52,59,90,321,0,1,38,9,48,120,53,97,99,369,0,50,50,419
05/09/2012,OKC,OK,ASW,CE,Combined TRACON& Tower with Radar,127,52,56,123,358,0,2,28,4,34,127,54,84,127,392,16,150,166,558
05/10/2012,OKC,OK,ASW,CE,Combined TRACON& Tower with Radar,130,72,53,80,335,0,1,23,3,27,130,73,76,83,362,0,118,118,480
05/11/2012,OKC,OK,ASW,CE,Combined TRACON& Tower with Radar,134,65,76,31,306,0,0,3,0,3,134,65,79,31,309,0,80,80,389
05/12/2012,OKC,OK,ASW,CE,Combined TRACON& Tower with Radar,99,45,53,2,199,0,1,34,3,38,99,46,87,5,237,6,0,6,243
05/13/2012,OKC,OK,ASW,CE,Combined TRACON& Tower with Radar,113,38,13,35,199,0,0,7,6,13,113,38,20,41,212,0,0,0,212
05/14/2012,OKC,OK,ASW,CE,Combined TRACON& Tower with Radar,124,54,49,124,351,0,2,62,0,64,124,56,111,124,415,0,198,198,613
05/15/2012,OKC,OK,ASW,CE,Combined TRACON& Tower with Radar,125,51,50,134,360,0,1,35,10,46,125,52,85,144,406,12,230,242,648
05/16/2012,OKC,OK,ASW,CE,Combined TRACON& Tower with Radar,133,44,47,81,305,0,2,32,12,46,133,46,79,93,351,6,28,34,385
05/17/2012,OKC,OK,ASW,CE,Combined TRACON& Tower with Radar,133,53,49,132,367,0,2,13,2,17,133,55,62,134,384,0,148,148,532
05/18/2012,OKC,OK,ASW,CE,Combined TRACON& Tower with Radar,133,57,44,47,281,0,3,28,5,36,133,60,72,52,317,0,46,46,363
05/19/2012,OKC,OK,ASW,CE,Combined TRACON& Tower with Radar,106,39,10,37,192,0,1,2,6,9,106,40,12,43,201,0,0,0,201
05/20/2012,OKC,OK,ASW,CE,Combined TRACON& Tower with Radar,120,44,8,16,188,0,0,4,0,4,120,44,12,16,192,0,0,0,192
05/21/2012,OKC,OK,ASW,CE,Combined TRACON& Tower with Radar,126,46,51,66,289,0,2,31,0,33,126,48,82,66,322,0,58,58,380
05/22/2012,OKC,OK,ASW,CE,Combined TRACON& Tower with Radar,131,54,53,65,303,0,3,33,2,38,131,57,86,67,341,0,134,134,475
05/23/2012,OKC,OK,ASW,CE,Combined TRACON& Tower with Radar,130,45,39,46,260,0,3,11,1,15,130,48,50,47,275,0,108,108,383
05/24/2012,OKC,OK,ASW,CE,Combined TRACON& Tower with Radar,128,51,40,90,309,0,0,15,1,16,128,51,55,91,325,2,150,152,477
05/25/2012,OKC,OK,ASW,CE,Combined TRACON& Tower with Radar,135,52,35,0,222,0,1,12,2,15,135,53,47,2,237,0,0,0,237
05/26/2012,OKC,OK,ASW,CE,Combined TRACON& Tower with Radar,101,34,19,0,154,0,1,19,2,22,101,35,38,2,176,0,0,0,176
05/27/2012,OKC,OK,ASW,CE,Combined TRACON& Tower with Radar,90,25,6,0,121,0,3,8,0,11,90,28,14,0,132,0,0,0,132
05/28/2012,OKC,OK,ASW,CE,Combined TRACON& Tower with Radar,119,44,11,0,174,0,2,4,2,8,119,46,15,2,182,0,22,22,204
05/29/2012,OKC,OK,ASW,CE,Combined TRACON& Tower with Radar,125,52,32,55,264,0,3,13,3,19,125,55,45,58,283,0,48,48,331
05/30/2012,OKC,OK,ASW,CE,Combined TRACON& Tower with Radar,154,57,26,64,301,0,1,15,18,34,154,58,41,82,335,0,0,0,335
05/31/2012,OKC,OK,ASW,CE,Combined TRACON& Tower with Radar,133,61,53,113,360,0,3,11,3,17,133,64,64,116,377,0,78,78,455
06/01/2012,OKC,OK,ASW,CE,Combined TRACON& Tower with Radar,133,49,45,50,277,0,2,14,3,19,133,51,59,53,296,0,46,46,342
06/02/2012,OKC,OK,ASW,CE,Combined TRACON& Tower with Radar,103,40,38,13,194,0,2,20,10,32,103,42,58,23,226,12,0,12,238
06/03/2012,OKC,OK,ASW,CE,Combined TRACON& Tower with Radar,125,40,18,8,191,0,0,8,0,8,125,40,26,8,199,0,0,0,199
06/04/2012,OKC,OK,ASW,CE,Combined TRACON& Tower with Radar,126,54,32,85,297,0,3,13,1,17,126,57,45,86,314,0,92,92,406
06/05/2012,OKC,OK,ASW,CE,Combined TRACON& Tower with Radar,136,45,45,76,302,0,3,7,2,12,136,48,52,78,314,0,126,126,440
06/06/2012,OKC,OK,ASW,CE,Combined TRACON& Tower with Radar,128,52,51,21,252,0,2,5,0,7,128,54,56,21,259,0,0,0,259
06/07/2012,OKC,OK,ASW,CE,Combined TRACON& Tower with Radar,130,84,39,105,358,0,2,5,1,8,130,86,44,106,366,0,8,8,374
06/08/2012,OKC,OK,ASW,CE,Combined TRACON& Tower with Radar,126,82,43,53,304,0,1,13,2,16,126,83,56,55,320,0,90,90,410
06/09/2012,OKC,OK,ASW,CE,Combined TRACON& Tower with Radar,106,38,16,7,167,0,1,12,2,15,106,39,28,9,182,0,0,0,182
06/10/2012,OKC,OK,ASW,CE,Combined TRACON& Tower with Radar,113,55,14,16,198,0,0,3,2,5,113,55,17,18,203,0,0,0,203
06/11/2012,OKC,OK,ASW,CE,Combined TRACON& Tower with Radar,124,62,44,126,356,0,1,8,2,11,124,63,52,128,367,0,146,146,513
06/12/2012,OKC,OK,ASW,CE,Combined TRACON& Tower with Radar,130,67,49,91,337,0,2,10,3,15,130,69,59,94,352,0,108,108,460
06/13/2012,OKC,OK,ASW,CE,Combined TRACON& Tower with Radar,134,69,44,42,289,0,3,11,1,15,134,72,55,43,304,0,0,0,304
06/14/2012,OKC,OK,ASW,CE,Combined TRACON& Tower with Radar,139,84,64,77,364,0,3,21,1,25,139,87,85,78,389,0,242,242,631
06/15/2012,OKC,OK,ASW,CE,Combined TRACON& Tower with Radar,134,66,46,55,301,0,1,21,1,23,134,67,67,56,324,0,0,0,324
06/16/2012,OKC,OK,ASW,CE,Combined TRACON& Tower with Radar,101,44,16,10,171,0,1,8,3,12,101,45,24,13,183,0,22,22,205
06/17/2012,OKC,OK,ASW,CE,Combined TRACON& Tower with Radar,113,59,9,30,211,0,1,8,0,9,113,60,17,30,220,0,0,0,220
06/18/2012,OKC,OK,ASW,CE,Combined TRACON& Tower with Radar,121,67,43,106,337,0,1,22,3,26,121,68,65,109,363,28,184,212,575
06/19/2012,OKC,OK,ASW,CE,Combined TRACON& Tower with Radar,119,54,40,74,287,0,1,15,0,16,119,55,55,74,303,0,62,62,365
06/20/2012,OKC,OK,ASW,CE,Combined TRACON& Tower with Radar,122,67,53,139,381,0,4,14,2,20,122,71,67,141,401,0,116,116,517
06/21/2012,OKC,OK,ASW,CE,Combined TRACON& Tower with Radar,121,64,55,11,251,0,4,9,2,15,121,68,64,13,266,0,0,0,266
06/22/2012,OKC,OK,ASW,CE,Combined TRACON& Tower with Radar,121,62,32,57,272,0,3,22,8,33,121,65,54,65,305,0,0,0,305
06/23/2012,OKC,OK,ASW,CE,Combined TRACON& Tower with Radar,99,54,9,20,182,0,1,14,2,17,99,55,23,22,199,0,0,0,199
06/24/2012,OKC,OK,ASW,CE,Combined TRACON& Tower with Radar,116,55,15,17,203,0,1,14,2,17,116,56,29,19,220,0,0,0,220
06/25/2012,OKC,OK,ASW,CE,Combined TRACON& Tower with Radar,117,72,42,68,299,0,4,30,4,38,117,76,72,72,337,10,34,44,381
06/26/2012,OKC,OK,ASW,CE,Combined TRACON& Tower with Radar,122,69,40,74,305,0,2,31,6,39,122,71,71,80,344,0,146,146,490
06/27/2012,OKC,OK,ASW,CE,Combined TRACON& Tower with Radar,124,64,50,83,321,0,2,18,4,24,124,66,68,87,345,0,44,44,389
06/28/2012,OKC,OK,ASW,CE,Combined TRACON& Tower with Radar,124,69,57,116,366,0,4,25,4,33,124,73,82,120,399,10,160,170,569
06/29/2012,OKC,OK,ASW,CE,Combined TRACON& Tower with Radar,119,65,32,75,291,0,2,27,4,33,119,67,59,79,324,0,98,98,422
06/30/2012,OKC,OK,ASW,CE,Combined TRACON& Tower with Radar,100,48,11,7,166,0,3,16,6,25,100,51,27,13,191,0,0,0,191
07/01/2012,OKC,OK,ASW,CE,Combined TRACON& Tower with Radar,119,52,10,9,190,0,0,3,2,5,119,52,13,11,195,0,6,6,201
07/02/2012,OKC,OK,ASW,CE,Combined TRACON& Tower with Radar,108,54,28,62,252,0,1,14,0,15,108,55,42,62,267,0,230,230,497
07/03/2012,OKC,OK,ASW,CE,Combined TRACON& Tower with Radar,116,48,30,60,254,0,2,18,2,22,116,50,48,62,276,16,183,199,475
07/04/2012,OKC,OK,ASW,CE,Combined TRACON& Tower with Radar,89,43,7,0,139,0,1,9,0,10,89,44,16,0,149,0,0,0,149
07/05/2012,OKC,OK,ASW,CE,Combined TRACON& Tower with Radar,119,44,33,6,202,0,1,13,0,14,119,45,46,6,216,0,0,0,216
07/06/2012,OKC,OK,ASW,CE,Combined TRACON& Tower with Radar,114,51,29,31,225,0,2,17,2,21,114,53,46,33,246,0,60,60,306
07/07/2012,OKC,OK,ASW,CE,Combined TRACON& Tower with Radar,138,42,13,3,196,0,1,5,3,9,138,43,18,6,205,0,0,0,205
07/08/2012,OKC,OK,ASW,CE,Combined TRACON& Tower with Radar,112,61,22,2,197,0,0,4,0,4,112,61,26,2,201,0,0,0,201
07/09/2012,OKC,OK,ASW,CE,Combined TRACON& Tower with Radar,117,61,34,74,286,0,0,4,20,24,117,61,38,94,310,8,176,184,494
07/10/2012,OKC,OK,ASW,CE,Combined TRACON& Tower with Radar,136,60,54,44,294,0,1,14,0,15,136,61,68,44,309,0,38,38,347
07/11/2012,OKC,OK,ASW,CE,Combined TRACON& Tower with Radar,122,69,64,91,346,0,3,20,0,23,122,72,84,91,369,0,132,132,501
07/12/2012,OKC,OK,ASW,CE,Combined TRACON& Tower with Radar,124,71,47,77,319,0,1,28,2,31,124,72,75,79,350,10,0,10,360
07/13/2012,OKC,OK,ASW,CE,Combined TRACON& Tower with Radar,119,56,48,128,351,0,4,25,3,32,119,60,73,131,383,0,30,30,413
07/14/2012,OKC,OK,ASW,CE,Combined TRACON& Tower with Radar,113,46,22,23,204,0,2,20,16,38,113,48,42,39,242,0,0,0,242
07/15/2012,OKC,OK,ASW,CE,Combined TRACON& Tower with Radar,106,58,13,38,215,0,0,9,3,12,106,58,22,41,227,0,40,40,267
07/16/2012,OKC,OK,ASW,CE,Combined TRACON& Tower with Radar,120,69,43,106,338,0,0,18,4,22,120,69,61,110,360,0,0,0,360
07/17/2012,OKC,OK,ASW,CE,Combined TRACON& Tower with Radar,122,65,39,68,294,0,3,21,1,25,122,68,60,69,319,6,70,76,395
07/18/2012,OKC,OK,ASW,CE,Combined TRACON& Tower with Radar,117,65,47,71,300,0,0,34,4,38,117,65,81,75,338,4,42,46,384
07/19/2012,OKC,OK,ASW,CE,Combined TRACON& Tower with Radar,126,84,48,60,318,0,1,13,3,17,126,85,61,63,335,0,0,0,335
07/20/2012,OKC,OK,ASW,CE,Combined TRACON& Tower with Radar,147,62,33,90,332,0,1,27,1,29,147,63,60,91,361,0,46,46,407
07/21/2012,OKC,OK,ASW,CE,Combined TRACON& Tower with Radar,112,45,12,26,195,0,0,6,3,9,112,45,18,29,204,0,0,0,204
07/22/2012,OKC,OK,ASW,CE,Combined TRACON& Tower with Radar,111,59,22,44,236,0,1,14,3,18,111,60,36,47,254,0,96,96,350
07/23/2012,OKC,OK,ASW,CE,Combined TRACON& Tower with Radar,121,68,35,86,310,0,3,11,4,18,121,71,46,90,328,0,204,204,532
07/24/2012,OKC,OK,ASW,CE,Combined TRACON& Tower with Radar,119,61,37,55,272,0,2,28,2,32,119,63,65,57,304,0,26,26,330
07/25/2012,OKC,OK,ASW,CE,Combined TRACON& Tower with Radar,124,68,37,86,315,0,2,20,0,22,124,70,57,86,337,0,86,86,423
07/26/2012,OKC,OK,ASW,CE,Combined TRACON& Tower with Radar,127,71,42,61,301,0,1,22,0,23,127,72,64,61,324,0,0,0,324
07/27/2012,OKC,OK,ASW,CE,Combined TRACON& Tower with Radar,121,71,26,73,291,0,3,14,11,28,121,74,40,84,319,0,34,34,353
07/28/2012,OKC,OK,ASW,CE,Combined TRACON& Tower with Radar,100,48,19,19,186,0,1,12,4,17,100,49,31,23,203,0,0,0,203
07/29/2012,OKC,OK,ASW,CE,Combined TRACON& Tower with Radar,115,53,16,36,220,0,0,5,0,5,115,53,21,36,225,0,0,0,225
07/30/2012,OKC,OK,ASW,CE,Combined TRACON& Tower with Radar,119,70,16,108,313,0,1,15,4,20,119,71,31,112,333,0,196,196,529
07/31/2012,OKC,OK,ASW,CE,Combined TRACON& Tower with Radar,121,59,28,66,274,0,2,10,2,14,121,61,38,68,288,0,16,16,304
08/01/2012,OKC,OK,ASW,CE,Combined TRACON& Tower with Radar,123,71,71,49,314,0,1,49,2,52,123,72,120,51,366,0,20,20,386
08/02/2012,OKC,OK,ASW,CE,Combined TRACON& Tower with Radar,124,70,37,67,298,0,2,26,5,33,124,72,63,72,331,0,84,84,415
08/03/2012,OKC,OK,ASW,CE,Combined TRACON& Tower with Radar,126,69,38,44,277,0,5,23,2,30,126,74,61,46,307,0,16,16,323
08/04/2012,OKC,OK,ASW,CE,Combined TRACON& Tower with Radar,104,39,12,15,170,0,0,14,5,19,104,39,26,20,189,14,0,14,203
08/05/2012,OKC,OK,ASW,CE,Combined TRACON& Tower with Radar,106,54,4,37,201,0,0,8,5,13,106,54,12,42,214,0,20,20,234
08/06/2012,OKC,OK,ASW,CE,Combined TRACON& Tower with Radar,115,70,38,95,318,0,2,21,1,24,115,72,59,96,342,0,182,182,524
08/07/2012,OKC,OK,ASW,CE,Combined TRACON& Tower with Radar,123,62,32,41,258,0,3,10,1,14,123,65,42,42,272,10,68,78,350
08/08/2012,OKC,OK,ASW,CE,Combined TRACON& Tower with Radar,124,72,45,108,349,0,2,27,13,42,124,74,72,121,391,0,0,0,391
08/09/2012,OKC,OK,ASW,CE,Combined TRACON& Tower with Radar,117,68,54,96,335,0,2,24,4,30,117,70,78,100,365,44,28,72,437
08/10/2012,OKC,OK,ASW,CE,Combined TRACON& Tower with Radar,125,57,47,89,318,0,4,32,2,38,125,61,79,91,356,0,202,202,558
08/11/2012,OKC,OK,ASW,CE,Combined TRACON& Tower with Radar,103,51,46,28,228,0,1,9,0,10,103,52,55,28,238,0,0,0,238
08/12/2012,OKC,OK,ASW,CE,Combined TRACON& Tower with Radar,121,52,8,31,212,0,0,4,1,5,121,52,12,32,217,0,12,12,229
08/13/2012,OKC,OK,ASW,CE,Combined TRACON& Tower with Radar,119,62,38,69,288,0,1,28,6,35,119,63,66,75,323,2,20,22,345
08/14/2012,OKC,OK,ASW,CE,Combined TRACON& Tower with Radar,121,51,38,76,286,0,2,29,3,34,121,53,67,79,320,0,94,94,414
08/15/2012,OKC,OK,ASW,CE,Combined TRACON& Tower with Radar,120,64,38,53,275,0,1,18,5,24,120,65,56,58,299,0,0,0,299
08/16/2012,OKC,OK,ASW,CE,Combined TRACON& Tower with Radar,118,56,50,69,293,0,2,16,3,21,118,58,66,72,314,16,132,148,462
08/17/2012,OKC,OK,ASW,CE,Combined TRACON& Tower with Radar,126,55,38,62,281,0,2,21,2,25,126,57,59,64,306,0,96,96,402
08/18/2012,OKC,OK,ASW,CE,Combined TRACON& Tower with Radar,113,28,10,5,156,0,0,6,0,6,113,28,16,5,162,0,0,0,162
08/19/2012,OKC,OK,ASW,CE,Combined TRACON& Tower with Radar,110,47,14,3,174,0,1,10,1,12,110,48,24,4,186,0,0,0,186
08/20/2012,OKC,OK,ASW,CE,Combined TRACON& Tower with Radar,120,64,46,95,325,0,0,39,1,40,120,64,85,96,365,10,166,176,541
08/21/2012,OKC,OK,ASW,CE,Combined TRACON& Tower with Radar,118,62,60,59,299,0,1,38,6,45,118,63,98,65,344,32,212,244,588
08/22/2012,OKC,OK,ASW,CE,Combined TRACON& Tower with Radar,126,59,35,114,334,0,1,25,2,28,126,60,60,116,362,0,190,190,552
08/23/2012,OKC,OK,ASW,CE,Combined TRACON& Tower with Radar,120,61,56,49,286,0,2,50,2,54,120,63,106,51,340,0,172,172,512
08/24/2012,OKC,OK,ASW,CE,Combined TRACON& Tower with Radar,126,53,45,27,251,0,1,10,4,15,126,54,55,31,266,30,26,56,322
08/25/2012,OKC,OK,ASW,CE,Combined TRACON& Tower with Radar,94,33,12,18,157,0,2,7,0,9,94,35,19,18,166,0,0,0,166
08/26/2012,OKC,OK,ASW,CE,Combined TRACON& Tower with Radar,111,44,13,37,205,0,0,5,3,8,111,44,18,40,213,0,0,0,213
08/27/2012,OKC,OK,ASW,CE,Combined TRACON& Tower with Radar,132,49,34,96,311,0,1,36,3,40,132,50,70,99,351,0,102,102,453
08/28/2012,OKC,OK,ASW,CE,Combined TRACON& Tower with Radar,132,48,51,103,334,0,1,38,4,43,132,49,89,107,377,82,100,182,559
08/29/2012,OKC,OK,ASW,CE,Combined TRACON& Tower with Radar,128,53,44,122,347,0,5,52,33,90,128,58,96,155,437,0,50,50,487
08/30/2012,OKC,OK,ASW,CE,Combined TRACON& Tower with Radar,121,69,57,62,309,0,1,27,2,30,121,70,84,64,339,4,86,90,429
08/31/2012,OKC,OK,ASW,CE,Combined TRACON& Tower with Radar,127,57,32,133,349,0,3,22,5,30,127,60,54,138,379,0,206,206,585
09/01/2012,OKC,OK,ASW,CE,Combined TRACON& Tower with Radar,86,32,23,18,159,0,3,10,1,14,86,35,33,19,173,4,4,8,181
09/02/2012,OKC,OK,ASW,CE,Combined TRACON& Tower with Radar,81,21,11,5,118,0,2,14,0,16,81,23,25,5,134,0,0,0,134
09/03/2012,OKC,OK,ASW,CE,Combined TRACON& Tower with Radar,105,44,7,16,172,0,0,14,0,14,105,44,21,16,186,0,0,0,186
09/04/2012,OKC,OK,ASW,CE,Combined TRACON& Tower with Radar,111,53,29,130,323,0,2,11,7,20,111,55,40,137,343,28,70,98,441
09/05/2012,OKC,OK,ASW,CE,Combined TRACON& Tower with Radar,116,51,28,88,283,1,1,21,2,25,117,52,49,90,308,0,0,0,308
09/06/2012,OKC,OK,ASW,CE,Combined TRACON& Tower with Radar,114,60,30,58,262,0,1,18,3,22,114,61,48,61,284,0,0,0,284
09/07/2012,OKC,OK,ASW,CE,Combined TRACON& Tower with Radar,122,53,39,47,261,0,0,17,3,20,122,53,56,50,281,0,36,36,317
09/08/2012,OKC,OK,ASW,CE,Combined TRACON& Tower with Radar,93,30,28,31,182,0,0,17,1,18,93,30,45,32,200,0,12,12,212
09/09/2012,OKC,OK,ASW,CE,Combined TRACON& Tower with Radar,111,47,20,26,204,0,0,10,0,10,111,47,30,26,214,0,0,0,214
09/10/2012,OKC,OK,ASW,CE,Combined TRACON& Tower with Radar,120,52,44,128,344,0,1,21,6,28,120,53,65,134,372,0,0,0,372
09/11/2012,OKC,OK,ASW,CE,Combined TRACON& Tower with Radar,119,45,39,85,288,0,4,19,6,29,119,49,58,91,317,0,52,52,369
09/12/2012,OKC,OK,ASW,CE,Combined TRACON& Tower with Radar,130,59,54,102,345,0,2,23,6,31,130,61,77,108,376,0,198,198,574
09/13/2012,OKC,OK,ASW,CE,Combined TRACON& Tower with Radar,117,66,62,51,296,0,1,2,3,6,117,67,64,54,302,0,0,0,302
09/14/2012,OKC,OK,ASW,CE,Combined TRACON& Tower with Radar,123,63,83,24,293,0,0,1,0,1,123,63,84,24,294,0,0,0,294
09/15/2012,OKC,OK,ASW,CE,Combined TRACON& Tower with Radar,93,34,20,11,158,0,0,2,2,4,93,34,22,13,162,0,0,0,162
09/16/2012,OKC,OK,ASW,CE,Combined TRACON& Tower with Radar,109,50,18,16,193,0,0,8,0,8,109,50,26,16,201,0,0,0,201
09/17/2012,OKC,OK,ASW,CE,Combined TRACON& Tower with Radar,116,63,37,80,296,0,2,13,3,18,116,65,50,83,314,0,0,0,314
09/18/2012,OKC,OK,ASW,CE,Combined TRACON& Tower with Radar,119,42,47,70,278,0,1,20,10,31,119,43,67,80,309,0,0,0,309
09/19/2012,OKC,OK,ASW,CE,Combined TRACON& Tower with Radar,122,56,44,110,332,0,2,35,11,48,122,58,79,121,380,0,0,0,380
09/20/2012,OKC,OK,ASW,CE,Combined TRACON& Tower with Radar,119,61,47,69,296,0,4,32,4,40,119,65,79,73,336,0,70,70,406
09/21/2012,OKC,OK,ASW,CE,Combined TRACON& Tower with Radar,119,77,42,105,343,0,4,24,2,30,119,81,66,107,373,0,84,84,457
09/22/2012,OKC,OK,ASW,CE,Combined TRACON& Tower with Radar,100,31,22,17,170,0,1,13,4,18,100,32,35,21,188,0,0,0,188
09/23/2012,OKC,OK,ASW,CE,Combined TRACON& Tower with Radar,115,52,19,9,195,0,0,17,3,20,115,52,36,12,215,0,0,0,215
09/24/2012,OKC,OK,ASW,CE,Combined TRACON& Tower with Radar,117,59,25,61,262,0,4,17,5,26,117,63,42,66,288,0,182,182,470
09/25/2012,OKC,OK,ASW,CE,Combined TRACON& Tower with Radar,124,58,37,81,300,0,1,15,6,22,124,59,52,87,322,0,0,0,322
09/26/2012,OKC,OK,ASW,CE,Combined TRACON& Tower with Radar,119,57,28,62,266,0,2,18,4,24,119,59,46,66,290,0,48,48,338
09/27/2012,OKC,OK,ASW,CE,Combined TRACON& Tower with Radar,123,66,35,21,245,0,0,7,3,10,123,66,42,24,255,0,0,0,255
09/28/2012,OKC,OK,ASW,CE,Combined TRACON& Tower with Radar,126,60,59,45,290,0,3,6,2,11,126,63,65,47,301,0,46,46,347
09/29/2012,OKC,OK,ASW,CE,Combined TRACON& Tower with Radar,91,29,21,5,146,0,0,0,0,0,91,29,21,5,146,0,0,0,146
09/30/2012,OKC,OK,ASW,CE,Combined TRACON& Tower with Radar,111,56,36,6,209,0,0,8,0,8,111,56,44,6,217,0,0,0,217
10/01/2012,OKC,OK,ASW,CE,Combined TRACON& Tower with Radar,124,63,32,82,301,0,0,15,3,18,124,63,47,85,319,0,68,68,387
10/02/2012,OKC,OK,ASW,CE,Combined TRACON& Tower with Radar,122,46,60,82,310,0,3,13,3,19,122,49,73,85,329,0,0,0,329
10/03/2012,OKC,OK,ASW,CE,Combined TRACON& Tower with Radar,121,49,38,67,275,0,2,17,3,22,121,51,55,70,297,0,52,52,349
10/04/2012,OKC,OK,ASW,CE,Combined TRACON& Tower with Radar,124,63,49,69,305,0,2,7,3,12,124,65,56,72,317,0,66,66,383
10/05/2012,OKC,OK,ASW,CE,Combined TRACON& Tower with Radar,132,48,48,64,292,0,1,6,6,13,132,49,54,70,305,8,0,8,313
10/06/2012,OKC,OK,ASW,CE,Combined TRACON& Tower with Radar,96,30,4,2,132,0,0,6,0,6,96,30,10,2,138,0,0,0,138
10/07/2012,OKC,OK,ASW,CE,Combined TRACON& Tower with Radar,120,42,10,9,181,0,0,5,0,5,120,42,15,9,186,0,0,0,186
10/08/2012,OKC,OK,ASW,CE,Combined TRACON& Tower with Radar,126,54,14,19,213,0,1,14,1,16,126,55,28,20,229,0,0,0,229
10/09/2012,OKC,OK,ASW,CE,Combined TRACON& Tower with Radar,125,53,38,51,267,0,1,21,6,28,125,54,59,57,295,0,0,0,295
10/10/2012,OKC,OK,ASW,CE,Combined TRACON& Tower with Radar,128,59,57,52,296,0,0,19,4,23,128,59,76,56,319,0,28,28,347
10/11/2012,OKC,OK,ASW,CE,Combined TRACON& Tower with Radar,122,58,61,65,306,0,2,17,1,20,122,60,78,66,326,0,0,0,326
10/12/2012,OKC,OK,ASW,CE,Combined TRACON& Tower with Radar,130,50,40,22,242,0,1,4,0,5,130,51,44,22,247,0,0,0,247
10/13/2012,OKC,OK,ASW,CE,Combined TRACON& Tower with Radar,97,28,4,1,130,0,0,0,2,2,97,28,4,3,132,0,0,0,132
10/14/2012,OKC,OK,ASW,CE,Combined TRACON& Tower with Radar,119,39,30,15,203,0,0,16,4,20,119,39,46,19,223,0,0,0,223
10/15/2012,OKC,OK,ASW,CE,Combined TRACON& Tower with Radar,128,48,27,58,261,0,1,15,6,22,128,49,42,64,283,0,0,0,283
10/16/2012,OKC,OK,ASW,CE,Combined TRACON& Tower with Radar,121,53,40,59,273,0,2,15,6,23,121,55,55,65,296,0,80,80,376
10/17/2012,OKC,OK,ASW,CE,Combined TRACON& Tower with Radar,113,53,34,33,233,1,1,21,5,28,114,54,55,38,261,16,60,76,337
10/18/2012,OKC,OK,ASW,CE,Combined TRACON& Tower with Radar,130,55,38,39,262,0,1,22,2,25,130,56,60,41,287,22,80,102,389
10/19/2012,OKC,OK,ASW,CE,Combined TRACON& Tower with Radar,133,51,34,70,288,1,6,20,5,32,134,57,54,75,320,0,60,60,380
10/20/2012,OKC,OK,ASW,CE,Combined TRACON& Tower with Radar,97,26,18,33,174,0,1,16,6,23,97,27,34,39,197,0,0,0,197
10/21/2012,OKC,OK,ASW,CE,Combined TRACON& Tower with Radar,118,34,18,23,193,0,0,8,0,8,118,34,26,23,201,0,0,0,201
10/22/2012,OKC,OK,ASW,CE,Combined TRACON& Tower with Radar,125,51,44,40,260,0,1,11,2,14,125,52,55,42,274,0,0,0,274
10/23/2012,OKC,OK,ASW,CE,Combined TRACON& Tower with Radar,125,44,58,37,264,0,4,11,7,22,125,48,69,44,286,0,0,0,286
10/24/2012,OKC,OK,ASW,CE,Combined TRACON& Tower with Radar,125,47,56,37,265,0,2,17,2,21,125,49,73,39,286,0,0,0,286
10/25/2012,OKC,OK,ASW,CE,Combined TRACON& Tower with Radar,124,49,46,63,282,0,4,12,3,19,124,53,58,66,301,0,0,0,301
10/26/2012,OKC,OK,ASW,CE,Combined TRACON& Tower with Radar,124,45,59,59,287,0,1,16,9,26,124,46,75,68,313,0,64,64,377
10/27/2012,OKC,OK,ASW,CE,Combined TRACON& Tower with Radar,97,39,26,21,183,0,0,21,0,21,97,39,47,21,204,0,0,0,204
10/28/2012,OKC,OK,ASW,CE,Combined TRACON& Tower with Radar,120,48,33,16,217,0,0,22,4,26,120,48,55,20,243,0,0,0,243
10/29/2012,OKC,OK,ASW,CE,Combined TRACON& Tower with Radar,117,45,29,63,254,0,3,27,3,33,117,48,56,66,287,0,50,50,337
10/30/2012,OKC,OK,ASW,CE,Combined TRACON& Tower with Radar,117,50,33,74,274,0,4,24,4,32,117,54,57,78,306,0,80,80,386
10/31/2012,OKC,OK,ASW,CE,Combined TRACON& Tower with Radar,114,39,46,55,254,0,2,30,6,38,114,41,76,61,292,0,0,0,292
11/01/2012,OKC,OK,ASW,CE,Combined TRACON& Tower with Radar,125,46,57,64,292,0,5,17,3,25,125,51,74,67,317,6,22,28,345
11/02/2012,OKC,OK,ASW,CE,Combined TRACON& Tower with Radar,129,45,42,54,270,0,2,14,4,20,129,47,56,58,290,0,148,148,438
11/03/2012,OKC,OK,ASW,CE,Combined TRACON& Tower with Radar,100,29,24,18,171,0,1,11,4,16,100,30,35,22,187,0,0,0,187
11/04/2012,OKC,OK,ASW,CE,Combined TRACON& Tower with Radar,114,33,34,16,197,0,0,18,0,18,114,33,52,16,215,0,0,0,215
11/05/2012,OKC,OK,ASW,CE,Combined TRACON& Tower with Radar,122,51,50,82,305,0,1,22,1,24,122,52,72,83,329,0,100,100,429
11/06/2012,OKC,OK,ASW,CE,Combined TRACON& Tower with Radar,118,43,64,66,291,0,5,14,3,22,118,48,78,69,313,0,20,20,333
11/07/2012,OKC,OK,ASW,CE,Combined TRACON& Tower with Radar,123,51,46,43,263,0,5,32,2,39,123,56,78,45,302,0,12,12,314
11/08/2012,OKC,OK,ASW,CE,Combined TRACON& Tower with Radar,124,54,57,48,283,0,4,22,1,27,124,58,79,49,310,0,0,0,310
11/09/2012,OKC,OK,ASW,CE,Combined TRACON& Tower with Radar,122,44,51,47,264,0,2,18,2,22,122,46,69,49,286,0,110,110,396
11/10/2012,OKC,OK,ASW,CE,Combined TRACON& Tower with Radar,100,28,17,4,149,0,1,9,0,10,100,29,26,4,159,0,0,0,159
11/11/2012,OKC,OK,ASW,CE,Combined TRACON& Tower with Radar,113,50,32,2,197,0,1,9,2,12,113,51,41,4,209,0,0,0,209
11/12/2012,OKC,OK,ASW,CE,Combined TRACON& Tower with Radar,125,51,27,0,203,0,1,16,0,17,125,52,43,0,220,0,0,0,220
11/13/2012,OKC,OK,ASW,CE,Combined TRACON& Tower with Radar,122,48,72,85,327,0,2,34,2,38,122,50,106,87,365,22,80,102,467
11/14/2012,OKC,OK,ASW,CE,Combined TRACON& Tower with Radar,125,54,54,19,252,0,2,25,1,28,125,56,79,20,280,0,0,0,280
11/15/2012,OKC,OK,ASW,CE,Combined TRACON& Tower with Radar,124,48,49,55,276,0,4,41,6,51,124,52,90,61,327,32,96,128,455
11/16/2012,OKC,OK,ASW,CE,Combined TRACON& Tower with Radar,134,40,50,58,282,6,1,34,3,44,140,41,84,61,326,0,0,0,326
11/17/2012,OKC,OK,ASW,CE,Combined TRACON& Tower with Radar,102,29,39,12,182,0,1,39,3,43,102,30,78,15,225,0,0,0,225
11/18/2012,OKC,OK,ASW,CE,Combined TRACON& Tower with Radar,110,36,26,5,177,0,0,15,0,15,110,36,41,5,192,0,0,0,192
11/19/2012,OKC,OK,ASW,CE,Combined TRACON& Tower with Radar,109,38,54,54,255,0,1,40,5,46,109,39,94,59,301,0,18,18,319
11/20/2012,OKC,OK,ASW,CE,Combined TRACON& Tower with Radar,121,45,52,19,237,0,1,25,4,30,121,46,77,23,267,0,0,0,267
11/21/2012,OKC,OK,ASW,CE,Combined TRACON& Tower with Radar,126,44,32,63,265,0,1,24,0,25,126,45,56,63,290,0,0,0,290
11/22/2012,OKC,OK,ASW,CE,Combined TRACON& Tower with Radar,67,17,2,0,86,0,1,11,0,12,67,18,13,0,98,0,0,0,98
11/23/2012,OKC,OK,ASW,CE,Combined TRACON& Tower with Radar,88,24,7,0,119,0,0,15,0,15,88,24,22,0,134,0,0,0,134
11/24/2012,OKC,OK,ASW,CE,Combined TRACON& Tower with Radar,105,34,11,0,150,0,0,9,0,9,105,34,20,0,159,0,0,0,159
11/25/2012,OKC,OK,ASW,CE,Combined TRACON& Tower with Radar,122,40,14,0,176,0,0,23,0,23,122,40,37,0,199,0,0,0,199
11/26/2012,OKC,OK,ASW,CE,Combined TRACON& Tower with Radar,119,49,34,44,246,0,1,24,4,29,119,50,58,48,275,0,0,0,275
11/27/2012,OKC,OK,ASW,CE,Combined TRACON& Tower with Radar,121,41,39,53,254,0,1,24,6,31,121,42,63,59,285,0,208,208,493
11/28/2012,OKC,OK,ASW,CE,Combined TRACON& Tower with Radar,116,43,51,52,262,0,4,27,2,33,116,47,78,54,295,0,26,26,321
11/29/2012,OKC,OK,ASW,CE,Combined TRACON& Tower with Radar,120,49,39,24,232,0,3,38,15,56,120,52,77,39,288,0,78,78,366
11/30/2012,OKC,OK,ASW,CE,Combined TRACON& Tower with Radar,117,53,52,68,290,0,2,25,4,31,117,55,77,72,321,0,22,22,343
12/01/2012,OKC,OK,ASW,CE,Combined TRACON& Tower with Radar,97,34,22,2,155,0,0,6,0,6,97,34,28,2,161,0,0,0,161
12/02/2012,OKC,OK,ASW,CE,Combined TRACON& Tower with Radar,108,46,20,13,187,0,0,10,1,11,108,46,30,14,198,0,0,0,198
12/03/2012,OKC,OK,ASW,CE,Combined TRACON& Tower with Radar,116,46,55,76,293,0,2,17,2,21,116,48,72,78,314,0,48,48,362
12/04/2012,OKC,OK,ASW,CE,Combined TRACON& Tower with Radar,112,42,79,22,255,0,4,51,7,62,112,46,130,29,317,24,0,24,341
12/05/2012,OKC,OK,ASW,CE,Combined TRACON& Tower with Radar,119,47,38,80,284,0,1,38,4,43,119,48,76,84,327,0,48,48,375
12/06/2012,OKC,OK,ASW,CE,Combined TRACON& Tower with Radar,117,44,53,45,259,0,2,38,4,44,117,46,91,49,303,0,8,8,311
12/07/2012,OKC,OK,ASW,CE,Combined TRACON& Tower with Radar,118,42,59,48,267,0,1,2,0,3,118,43,61,48,270,0,0,0,270
12/08/2012,OKC,OK,ASW,CE,Combined TRACON& Tower with Radar,99,22,45,9,175,0,0,2,0,2,99,22,47,9,177,0,0,0,177
12/09/2012,OKC,OK,ASW,CE,Combined TRACON& Tower with Radar,111,37,20,9,177,0,0,10,0,10,111,37,30,9,187,0,0,0,187
12/10/2012,OKC,OK,ASW,CE,Combined TRACON& Tower with Radar,113,39,56,64,272,0,1,27,0,28,113,40,83,64,300,0,52,52,352
12/11/2012,OKC,OK,ASW,CE,Combined TRACON& Tower with Radar,113,49,45,67,274,0,2,28,2,32,113,51,73,69,306,12,78,90,396
12/12/2012,OKC,OK,ASW,CE,Combined TRACON& Tower with Radar,121,51,52,90,314,0,2,20,2,24,121,53,72,92,338,14,0,14,352
12/13/2012,OKC,OK,ASW,CE,Combined TRACON& Tower with Radar,121,50,51,41,263,0,2,39,5,46,121,52,90,46,309,0,0,0,309
12/14/2012,OKC,OK,ASW,CE,Combined TRACON& Tower with Radar,120,47,45,35,247,0,1,4,0,5,120,48,49,35,252,0,74,74,326
12/15/2012,OKC,OK,ASW,CE,Combined TRACON& Tower with Radar,96,27,13,2,138,0,0,9,1,10,96,27,22,3,148,0,0,0,148
12/16/2012,OKC,OK,ASW,CE,Combined TRACON& Tower with Radar,111,39,8,10,168,0,3,2,2,7,111,42,10,12,175,0,0,0,175
12/17/2012,OKC,OK,ASW,CE,Combined TRACON& Tower with Radar,113,49,29,59,250,0,2,19,1,22,113,51,48,60,272,0,106,106,378
12/18/2012,OKC,OK,ASW,CE,Combined TRACON& Tower with Radar,126,45,45,72,288,0,5,24,5,34,126,50,69,77,322,0,112,112,434
12/19/2012,OKC,OK,ASW,CE,Combined TRACON& Tower with Radar,126,61,39,32,258,0,2,14,0,16,126,63,53,32,274,0,0,0,274
12/20/2012,OKC,OK,ASW,CE,Combined TRACON& Tower with Radar,115,61,40,46,262,0,3,29,4,36,115,64,69,50,298,0,0,0,298
12/21/2012,OKC,OK,ASW,CE,Combined TRACON& Tower with Radar,116,51,23,9,199,0,4,19,2,25,116,55,42,11,224,0,0,0,224
12/22/2012,OKC,OK,ASW,CE,Combined TRACON& Tower with Radar,106,33,24,1,164,0,1,21,0,22,106,34,45,1,186,0,0,0,186
12/23/2012,OKC,OK,ASW,CE,Combined TRACON& Tower with Radar,104,41,11,1,157,0,1,11,0,12,104,42,22,1,169,0,0,0,169
12/24/2012,OKC,OK,ASW,CE,Combined TRACON& Tower with Radar,95,39,6,0,140,0,0,13,0,13,95,39,19,0,153,0,0,0,153
12/25/2012,OKC,OK,ASW,CE,Combined TRACON& Tower with Radar,74,27,4,0,105,0,0,0,0,0,74,27,4,0,105,0,0,0,105
12/26/2012,OKC,OK,ASW,CE,Combined TRACON& Tower with Radar,115,58,29,0,202,0,3,17,2,22,115,61,46,2,224,0,0,0,224
12/27/2012,OKC,OK,ASW,CE,Combined TRACON& Tower with Radar,110,49,46,6,211,0,1,9,0,10,110,50,55,6,221,0,0,0,221
12/28/2012,OKC,OK,ASW,CE,Combined TRACON& Tower with Radar,118,57,26,0,201,0,1,3,0,4,118,58,29,0,205,0,0,0,205
12/29/2012,OKC,OK,ASW,CE,Combined TRACON& Tower with Radar,97,31,16,0,144,0,1,19,2,22,97,32,35,2,166,0,0,0,166
12/30/2012,OKC,OK,ASW,CE,Combined TRACON& Tower with Radar,104,38,6,0,148,0,0,11,3,14,104,38,17,3,162,0,0,0,162
12/31/2012,OKC,OK,ASW,CE,Combined TRACON& Tower with Radar,95,41,6,0,142,0,0,0,0,0,95,41,6,0,142,0,0,0,142
01/01/2013,OKC,OK,ASW,CE,Combined TRACON& Tower with Radar,92,39,14,0,145,0,0,0,0,0,92,39,14,0,145,0,0,0,145
01/02/2013,OKC,OK,ASW,CE,Combined TRACON& Tower with Radar,116,51,35,17,219,0,5,10,2,17,116,56,45,19,236,0,16,16,252
01/03/2013,OKC,OK,ASW,CE,Combined TRACON& Tower with Radar,120,48,30,47,245,0,5,13,0,18,120,53,43,47,263,0,76,76,339
01/04/2013,OKC,OK,ASW,CE,Combined TRACON& Tower with Radar,120,45,43,37,245,0,0,24,7,31,120,45,67,44,276,28,54,82,358
01/05/2013,OKC,OK,ASW,CE,Combined TRACON& Tower with Radar,100,27,13,10,150,0,0,12,3,15,100,27,25,13,165,0,0,0,165
01/06/2013,OKC,OK,ASW,CE,Combined TRACON& Tower with Radar,108,38,15,8,169,0,0,7,2,9,108,38,22,10,178,0,0,0,178
01/07/2013,OKC,OK,ASW,CE,Combined TRACON& Tower with Radar,118,39,20,99,276,0,2,18,5,25,118,41,38,104,301,0,26,26,327
01/08/2013,OKC,OK,ASW,CE,Combined TRACON& Tower with Radar,125,38,39,70,272,0,0,11,4,15,125,38,50,74,287,0,0,0,287
01/09/2013,OKC,OK,ASW,CE,Combined TRACON& Tower with Radar,123,39,49,27,238,0,0,0,0,0,123,39,49,27,238,0,0,0,238
01/10/2013,OKC,OK,ASW,CE,Combined TRACON& Tower with Radar,121,42,33,49,245,0,1,0,0,1,121,43,33,49,246,0,0,0,246
01/11/2013,OKC,OK,ASW,CE,Combined TRACON& Tower with Radar,120,39,21,56,236,0,2,12,7,21,120,41,33,63,257,0,114,114,371
01/12/2013,OKC,OK,ASW,CE,Combined TRACON& Tower with Radar,89,20,6,14,129,0,1,3,5,9,89,21,9,19,138,0,0,0,138
01/13/2013,OKC,OK,ASW,CE,Combined TRACON& Tower with Radar,102,40,6,5,153,0,0,7,0,7,102,40,13,5,160,0,0,0,160
01/14/2013,OKC,OK,ASW,CE,Combined TRACON& Tower with Radar,117,41,34,51,243,0,2,26,1,29,117,43,60,52,272,0,4,4,276
01/15/2013,OKC,OK,ASW,CE,Combined TRACON& Tower with Radar,114,38,52,70,274,0,1,18,3,22,114,39,70,73,296,0,10,10,306
01/16/2013,OKC,OK,ASW,CE,Combined TRACON& Tower with Radar,120,44,46,35,245,0,2,19,1,22,120,46,65,36,267,6,10,16,283
01/17/2013,OKC,OK,ASW,CE,Combined TRACON& Tower with Radar,125,41,55,40,261,0,2,20,1,23,125,43,75,41,284,0,72,72,356
01/18/2013,OKC,OK,ASW,CE,Combined TRACON& Tower with Radar,122,46,41,40,249,0,4,40,0,44,122,50,81,40,293,78,118,196,489
01/19/2013,OKC,OK,ASW,CE,Combined TRACON& Tower with Radar,75,28,7,6,116,0,1,23,3,27,75,29,30,9,143,0,0,0,143
01/20/2013,OKC,OK,ASW,CE,Combined TRACON& Tower with Radar,100,28,24,1,153,0,1,28,1,30,100,29,52,2,183,0,0,0,183
01/21/2013,OKC,OK,ASW,CE,Combined TRACON& Tower with Radar,119,52,32,12,215,0,2,17,1,20,119,54,49,13,235,0,0,0,235
01/22/2013,OKC,OK,ASW,CE,Combined TRACON& Tower with Radar,119,51,50,34,254,0,5,29,2,36,119,56,79,36,290,0,52,52,342
01/23/2013,OKC,OK,ASW,CE,Combined TRACON& Tower with Radar,118,50,34,45,247,0,2,23,5,30,118,52,57,50,277,0,80,80,357
01/24/2013,OKC,OK,ASW,CE,Combined TRACON& Tower with Radar,114,51,55,30,250,0,2,9,7,18,114,53,64,37,268,0,0,0,268
01/25/2013,OKC,OK,ASW,CE,Combined TRACON& Tower with Radar,120,45,50,33,248,0,1,18,1,20,120,46,68,34,268,0,0,0,268
01/26/2013,OKC,OK,ASW,CE,Combined TRACON& Tower with Radar,76,31,15,3,125,0,0,2,0,2,76,31,17,3,127,0,0,0,127
01/27/2013,OKC,OK,ASW,CE,Combined TRACON& Tower with Radar,106,40,21,0,167,0,0,7,0,7,106,40,28,0,174,0,0,0,174
01/28/2013,OKC,OK,ASW,CE,Combined TRACON& Tower with Radar,119,48,42,33,242,0,1,13,2,16,119,49,55,35,258,0,0,0,258
01/29/2013,OKC,OK,ASW,CE,Combined TRACON& Tower with Radar,128,76,31,75,310,0,0,8,0,8,128,76,39,75,318,0,0,0,318
01/30/2013,OKC,OK,ASW,CE,Combined TRACON& Tower with Radar,117,46,29,50,242,0,1,15,2,18,117,47,44,52,260,0,0,0,260
01/31/2013,OKC,OK,ASW,CE,Combined TRACON& Tower with Radar,130,50,43,84,307,0,2,28,10,40,130,52,71,94,347,0,72,72,419
02/01/2013,OKC,OK,ASW,CE,Combined TRACON& Tower with Radar,132,45,31,17,225,0,1,34,0,35,132,46,65,17,260,0,10,10,270
02/02/2013,OKC,OK,ASW,CE,Combined TRACON& Tower with Radar,80,25,12,3,120,0,2,21,0,23,80,27,33,3,143,0,0,0,143
02/03/2013,OKC,OK,ASW,CE,Combined TRACON& Tower with Radar,107,40,14,5,166,0,1,17,0,18,107,41,31,5,184,0,0,0,184
02/04/2013,OKC,OK,ASW,CE,Combined TRACON& Tower with Radar,117,48,46,55,266,0,5,20,1,26,117,53,66,56,292,0,108,108,400
02/05/2013,OKC,OK,ASW,CE,Combined TRACON& Tower with Radar,115,49,46,65,275,0,2,16,5,23,115,51,62,70,298,6,90,96,394
02/06/2013,OKC,OK,ASW,CE,Combined TRACON& Tower with Radar,123,50,33,1,207,0,0,0,0,0,123,50,33,1,207,0,0,0,207
02/07/2013,OKC,OK,ASW,CE,Combined TRACON& Tower with Radar,118,48,34,56,256,0,5,4,0,9,118,53,38,56,265,0,0,0,265
02/08/2013,OKC,OK,ASW,CE,Combined TRACON& Tower with Radar,126,39,36,107,308,0,2,27,2,31,126,41,63,109,339,0,196,196,535
02/09/2013,OKC,OK,ASW,CE,Combined TRACON& Tower with Radar,83,23,10,12,128,0,2,1,0,3,83,25,11,12,131,0,0,0,131
02/10/2013,OKC,OK,ASW,CE,Combined TRACON& Tower with Radar,107,40,24,2,173,0,0,20,1,21,107,40,44,3,194,28,0,28,222
02/11/2013,OKC,OK,ASW,CE,Combined TRACON& Tower with Radar,122,39,46,79,286,0,1,27,3,31,122,40,73,82,317,6,148,154,471
02/12/2013,OKC,OK,ASW,CE,Combined TRACON& Tower with Radar,116,53,39,2,210,0,0,0,0,0,116,53,39,2,210,0,0,0,210
02/13/2013,OKC,OK,ASW,CE,Combined TRACON& Tower with Radar,123,44,90,50,307,0,2,21,1,24,123,46,111,51,331,30,44,74,405
02/14/2013,OKC,OK,ASW,CE,Combined TRACON& Tower with Radar,126,60,54,98,338,0,2,29,3,34,126,62,83,101,372,0,228,228,600
02/15/2013,OKC,OK,ASW,CE,Combined TRACON& Tower with Radar,134,50,42,75,301,0,1,29,2,32,134,51,71,77,333,0,174,174,507
02/16/2013,OKC,OK,ASW,CE,Combined TRACON& Tower with Radar,88,33,9,0,130,0,1,15,2,18,88,34,24,2,148,0,0,0,148
02/17/2013,OKC,OK,ASW,CE,Combined TRACON& Tower with Radar,101,37,17,11,166,0,1,16,1,18,101,38,33,12,184,0,0,0,184
02/18/2013,OKC,OK,ASW,CE,Combined TRACON& Tower with Radar,121,47,23,4,195,0,2,17,0,19,121,49,40,4,214,0,0,0,214
02/19/2013,OKC,OK,ASW,CE,Combined TRACON& Tower with Radar,129,46,58,44,277,0,3,33,2,38,129,49,91,46,315,0,42,42,357
02/20/2013,OKC,OK,ASW,CE,Combined TRACON& Tower with Radar,123,66,28,2,219,0,0,0,0,0,123,66,28,2,219,0,0,0,219
02/21/2013,OKC,OK,ASW,CE,Combined TRACON& Tower with Radar,121,59,30,5,215,0,1,0,0,1,121,60,30,5,216,0,0,0,216
02/22/2013,OKC,OK,ASW,CE,Combined TRACON& Tower with Radar,126,47,59,74,306,0,1,26,0,27,126,48,85,74,333,0,162,162,495
02/23/2013,OKC,OK,ASW,CE,Combined TRACON& Tower with Radar,90,31,16,22,159,0,1,16,2,19,90,32,32,24,178,0,0,0,178
02/24/2013,OKC,OK,ASW,CE,Combined TRACON& Tower with Radar,99,39,17,25,180,0,0,20,1,21,99,39,37,26,201,0,0,0,201
02/25/2013,OKC,OK,ASW,CE,Combined TRACON& Tower with Radar,108,44,20,2,174,0,0,0,0,0,108,44,20,2,174,0,0,0,174
02/26/2013,OKC,OK,ASW,CE,Combined TRACON& Tower with Radar,113,42,48,6,209,0,1,36,2,39,113,43,84,8,248,10,0,10,258
02/27/2013,OKC,OK,ASW,CE,Combined TRACON& Tower with Radar,121,60,78,25,284,0,4,48,1,53,121,64,126,26,337,4,54,58,395
02/28/2013,OKC,OK,ASW,CE,Combined TRACON& Tower with Radar,127,53,57,131,368,0,8,36,3,47,127,61,93,134,415,46,147,193,608
03/01/2013,OKC,OK,ASW,CE,Combined TRACON& Tower with Radar,123,48,64,72,307,0,2,49,1,52,123,50,113,73,359,33,105,138,497
03/02/2013,OKC,OK,ASW,CE,Combined TRACON& Tower with Radar,92,30,10,2,134,0,1,17,0,18,92,31,27,2,152,0,0,0,152
03/03/2013,OKC,OK,ASW,CE,Combined TRACON& Tower with Radar,110,50,14,30,204,0,0,15,0,15,110,50,29,30,219,0,0,0,219
03/04/2013,OKC,OK,ASW,CE,Combined TRACON& Tower with Radar,120,58,28,129,335,0,1,32,3,36,120,59,60,132,371,20,78,98,469
03/05/2013,OKC,OK,ASW,CE,Combined TRACON& Tower with Radar,120,50,62,88,320,0,3,27,1,31,120,53,89,89,351,0,130,130,481
03/06/2013,OKC,OK,ASW,CE,Combined TRACON& Tower with Radar,123,59,58,82,322,0,7,16,4,27,123,66,74,86,349,42,140,182,531
03/07/2013,OKC,OK,ASW,CE,Combined TRACON& Tower with Radar,123,74,37,65,299,0,2,21,6,29,123,76,58,71,328,0,0,0,328
03/08/2013,OKC,OK,ASW,CE,Combined TRACON& Tower with Radar,122,69,38,60,289,0,0,10,2,12,122,69,48,62,301,0,12,12,313
03/09/2013,OKC,OK,ASW,CE,Combined TRACON& Tower with Radar,110,37,9,3,159,0,0,2,0,2,110,37,11,3,161,0,0,0,161
03/10/2013,OKC,OK,ASW,CE,Combined TRACON& Tower with Radar,116,45,24,0,185,0,0,11,0,11,116,45,35,0,196,0,0,0,196
03/11/2013,OKC,OK,ASW,CE,Combined TRACON& Tower with Radar,122,45,42,164,373,0,3,29,6,38,122,48,71,170,411,0,222,222,633
03/12/2013,OKC,OK,ASW,CE,Combined TRACON& Tower with Radar,126,45,49,49,269,0,3,32,2,37,126,48,81,51,306,0,34,34,340
03/13/2013,OKC,OK,ASW,CE,Combined TRACON& Tower with Radar,124,67,54,65,310,0,5,43,7,55,124,72,97,72,365,0,100,100,465
03/14/2013,OKC,OK,ASW,CE,Combined TRACON& Tower with Radar,158,74,50,132,414,0,2,42,11,55,158,76,92,143,469,60,64,124,593
03/15/2013,OKC,OK,ASW,CE,Combined TRACON& Tower with Radar,126,41,35,45,247,0,3,38,2,43,126,44,73,47,290,14,132,146,436
03/16/2013,OKC,OK,ASW,CE,Combined TRACON& Tower with Radar,94,35,15,9,153,0,3,20,0,23,94,38,35,9,176,0,0,0,176
03/17/2013,OKC,OK,ASW,CE,Combined TRACON& Tower with Radar,117,50,13,34,214,0,0,9,2,11,117,50,22,36,225,0,0,0,225
03/18/2013,OKC,OK,ASW,CE,Combined TRACON& Tower with Radar,118,50,45,68,281,0,1,23,0,24,118,51,68,68,305,0,0,0,305
03/19/2013,OKC,OK,ASW,CE,Combined TRACON& Tower with Radar,132,43,40,89,304,0,1,22,2,25,132,44,62,91,329,0,88,88,417
03/20/2013,OKC,OK,ASW,CE,Combined TRACON& Tower with Radar,121,60,53,61,295,0,4,36,1,41,121,64,89,62,336,0,80,80,416
03/21/2013,OKC,OK,ASW,CE,Combined TRACON& Tower with Radar,126,50,29,103,308,0,3,14,3,20,126,53,43,106,328,0,90,90,418
03/22/2013,OKC,OK,ASW,CE,Combined TRACON& Tower with Radar,121,57,28,89,295,0,0,4,2,6,121,57,32,91,301,0,0,0,301
03/23/2013,OKC,OK,ASW,CE,Combined TRACON& Tower with Radar,100,38,14,2,154,0,0,0,0,0,100,38,14,2,154,0,0,0,154
03/24/2013,OKC,OK,ASW,CE,Combined TRACON& Tower with Radar,115,48,28,14,205,0,0,7,0,7,115,48,35,14,212,0,0,0,212
03/25/2013,OKC,OK,ASW,CE,Combined TRACON& Tower with Radar,116,60,39,89,304,0,1,27,6,34,116,61,66,95,338,0,44,44,382
03/26/2013,OKC,OK,ASW,CE,Combined TRACON& Tower with Radar,127,52,48,63,290,0,3,25,9,37,127,55,73,72,327,26,122,148,475
03/27/2013,OKC,OK,ASW,CE,Combined TRACON& Tower with Radar,131,58,30,72,291,0,2,18,2,22,131,60,48,74,313,24,88,112,425
03/28/2013,OKC,OK,ASW,CE,Combined TRACON& Tower with Radar,131,57,37,47,272,0,1,23,7,31,131,58,60,54,303,8,54,62,365
03/29/2013,OKC,OK,ASW,CE,Combined TRACON& Tower with Radar,124,53,38,22,237,0,2,15,0,17,124,55,53,22,254,0,0,0,254
03/30/2013,OKC,OK,ASW,CE,Combined TRACON& Tower with Radar,93,30,8,2,133,0,0,14,3,17,93,30,22,5,150,0,0,0,150
03/31/2013,OKC,OK,ASW,CE,Combined TRACON& Tower with Radar,107,49,17,0,173,0,0,13,0,13,107,49,30,0,186,0,0,0,186
04/01/2013,OKC,OK,ASW,CE,Combined TRACON& Tower with Radar,125,52,37,42,256,0,2,39,2,43,125,54,76,44,299,0,272,272,571
04/02/2013,OKC,OK,ASW,CE,Combined TRACON& Tower with Radar,128,56,53,3,240,0,0,0,0,0,128,56,53,3,240,0,0,0,240
04/03/2013,OKC,OK,ASW,CE,Combined TRACON& Tower with Radar,126,57,46,2,231,0,0,0,0,0,126,57,46,2,231,0,0,0,231
04/04/2013,OKC,OK,ASW,CE,Combined TRACON& Tower with Radar,127,61,78,79,345,0,3,22,0,25,127,64,100,79,370,0,20,20,390
04/05/2013,OKC,OK,ASW,CE,Combined TRACON& Tower with Radar,128,60,37,51,276,0,2,34,19,55,128,62,71,70,331,0,126,126,457
04/06/2013,OKC,OK,ASW,CE,Combined TRACON& Tower with Radar,96,40,19,14,169,0,1,11,5,17,96,41,30,19,186,0,0,0,186
04/07/2013,OKC,OK,ASW,CE,Combined TRACON& Tower with Radar,114,49,28,25,216,0,0,7,0,7,114,49,35,25,223,0,0,0,223
04/08/2013,OKC,OK,ASW,CE,Combined TRACON& Tower with Radar,121,52,36,58,267,0,0,6,1,7,121,52,42,59,274,0,48,48,322
04/09/2013,OKC,OK,ASW,CE,Combined TRACON& Tower with Radar,114,49,47,38,248,0,0,8,2,10,114,49,55,40,258,4,30,34,292
04/10/2013,OKC,OK,ASW,CE,Combined TRACON& Tower with Radar,115,54,36,8,213,0,1,5,0,6,115,55,41,8,219,0,60,60,279
04/11/2013,OKC,OK,ASW,CE,Combined TRACON& Tower with Radar,125,55,58,73,311,0,8,31,2,41,125,63,89,75,352,8,66,74,426
04/12/2013,OKC,OK,ASW,CE,Combined TRACON& Tower with Radar,119,54,43,34,250,0,2,22,2,26,119,56,65,36,276,0,78,78,354
04/13/2013,OKC,OK,ASW,CE,Combined TRACON& Tower with Radar,103,42,11,4,160,0,2,17,1,20,103,44,28,5,180,4,0,4,184
04/14/2013,OKC,OK,ASW,CE,Combined TRACON& Tower with Radar,108,50,11,48,217,0,0,18,0,18,108,50,29,48,235,0,0,0,235
04/15/2013,OKC,OK,ASW,CE,Combined TRACON& Tower with Radar,125,54,45,66,290,0,2,23,6,31,125,56,68,72,321,0,6,6,327
04/16/2013,OKC,OK,ASW,CE,Combined TRACON& Tower with Radar,116,50,65,125,356,0,4,9,1,14,116,54,74,126,370,0,0,0,370
04/17/2013,OKC,OK,ASW,CE,Combined TRACON& Tower with Radar,114,51,41,43,249,0,0,7,1,8,114,51,48,44,257,0,0,0,257
04/18/2013,OKC,OK,ASW,CE,Combined TRACON& Tower with Radar,130,55,37,2,224,0,1,13,0,14,130,56,50,2,238,0,0,0,238
04/19/2013,OKC,OK,ASW,CE,Combined TRACON& Tower with Radar,126,47,57,80,310,0,6,23,6,35,126,53,80,86,345,6,158,164,509
04/20/2013,OKC,OK,ASW,CE,Combined TRACON& Tower with Radar,93,42,18,19,172,0,1,33,1,35,93,43,51,20,207,2,0,2,209
04/21/2013,OKC,OK,ASW,CE,Combined TRACON& Tower with Radar,107,47,15,30,199,0,0,23,0,23,107,47,38,30,222,0,0,0,222
04/22/2013,OKC,OK,ASW,CE,Combined TRACON& Tower with Radar,123,62,32,63,280,0,1,26,3,30,123,63,58,66,310,0,136,136,446
04/23/2013,OKC,OK,ASW,CE,Combined TRACON& Tower with Radar,123,60,28,8,219,0,0,5,0,5,123,60,33,8,224,0,0,0,224
04/24/2013,OKC,OK,ASW,CE,Combined TRACON& Tower with Radar,129,50,76,71,326,0,1,37,8,46,129,51,113,79,372,10,244,254,626
04/25/2013,OKC,OK,ASW,CE,Combined TRACON& Tower with Radar,130,66,55,27,278,0,3,35,0,38,130,69,90,27,316,12,46,58,374
04/26/2013,OKC,OK,ASW,CE,Combined TRACON& Tower with Radar,124,54,22,26,226,0,0,15,1,16,124,54,37,27,242,0,0,0,242
04/27/2013,OKC,OK,ASW,CE,Combined TRACON& Tower with Radar,99,40,29,7,175,0,0,6,0,6,99,40,35,7,181,0,0,0,181
04/28/2013,OKC,OK,ASW,CE,Combined TRACON& Tower with Radar,114,51,19,3,187,0,0,20,0,20,114,51,39,3,207,0,0,0,207
04/29/2013,OKC,OK,ASW,CE,Combined TRACON& Tower with Radar,120,50,29,14,213,0,1,30,2,33,120,51,59,16,246,18,12,30,276
04/30/2013,OKC,OK,ASW,CE,Combined TRACON& Tower with Radar,129,50,29,69,277,0,4,48,1,53,129,54,77,70,330,0,84,84,414
05/01/2013,OKC,OK,ASW,CE,Combined TRACON& Tower with Radar,125,53,62,90,330,0,1,19,0,20,125,54,81,90,350,0,28,28,378
05/02/2013,OKC,OK,ASW,CE,Combined TRACON& Tower with Radar,133,58,28,1,220,0,1,0,1,2,133,59,28,2,222,0,0,0,222
05/03/2013,OKC,OK,ASW,CE,Combined TRACON& Tower with Radar,124,54,42,85,305,0,2,30,6,38,124,56,72,91,343,0,100,100,443
05/04/2013,OKC,OK,ASW,CE,Combined TRACON& Tower with Radar,98,41,22,23,184,0,1,10,9,20,98,42,32,32,204,0,0,0,204
05/05/2013,OKC,OK,ASW,CE,Combined TRACON& Tower with Radar,117,43,29,23,212,0,0,15,0,15,117,43,44,23,227,0,0,0,227
05/06/2013,OKC,OK,ASW,CE,Combined TRACON& Tower with Radar,120,64,37,87,308,0,1,33,145,179,120,65,70,232,487,0,96,96,583
05/07/2013,OKC,OK,ASW,CE,Combined TRACON& Tower with Radar,116,54,68,57,295,0,6,35,3,44,116,60,103,60,339,0,0,0,339
05/08/2013,OKC,OK,ASW,CE,Combined TRACON& Tower with Radar,127,52,46,57,282,0,2,30,45,77,127,54,76,102,359,0,114,114,473
05/09/2013,OKC,OK,ASW,CE,Combined TRACON& Tower with Radar,128,65,38,117,348,0,0,15,0,15,128,65,53,117,363,0,256,256,619
05/10/2013,OKC,OK,ASW,CE,Combined TRACON& Tower with Radar,121,52,46,104,323,0,0,30,5,35,121,52,76,109,358,0,0,0,358
05/11/2013,OKC,OK,ASW,CE,Combined TRACON& Tower with Radar,93,40,11,4,148,0,0,10,0,10,93,40,21,4,158,0,0,0,158
05/12/2013,OKC,OK,ASW,CE,Combined TRACON& Tower with Radar,116,43,15,30,204,0,0,23,2,25,116,43,38,32,229,0,0,0,229
05/13/2013,OKC,OK,ASW,CE,Combined TRACON& Tower with Radar,128,54,37,73,292,0,1,52,4,57,128,55,89,77,349,26,192,218,567
05/14/2013,OKC,OK,ASW,CE,Combined TRACON& Tower with Radar,119,60,61,93,333,0,2,37,6,45,119,62,98,99,378,0,52,52,430
05/15/2013,OKC,OK,ASW,CE,Combined TRACON& Tower with Radar,128,68,64,21,281,0,1,14,1,16,128,69,78,22,297,0,14,14,311
05/16/2013,OKC,OK,ASW,CE,Combined TRACON& Tower with Radar,135,82,85,61,363,0,3,17,5,25,135,85,102,66,388,14,22,36,424
05/17/2013,OKC,OK,ASW,CE,Combined TRACON& Tower with Radar,125,59,37,37,258,0,0,1,0,1,125,59,38,37,259,0,0,0,259
05/18/2013,OKC,OK,ASW,CE,Combined TRACON& Tower with Radar,91,42,9,13,155,0,0,4,3,7,91,42,13,16,162,0,66,66,228
05/19/2013,OKC,OK,ASW,CE,Combined TRACON& Tower with Radar,114,55,13,9,191,0,0,6,3,9,114,55,19,12,200,0,0,0,200
05/20/2013,OKC,OK,ASW,CE,Combined TRACON& Tower with Radar,107,53,38,51,249,0,1,15,1,17,107,54,53,52,266,0,0,0,266
05/21/2013,OKC,OK,ASW,CE,Combined TRACON& Tower with Radar,115,60,41,8,224,0,5,19,12,36,115,65,60,20,260,0,0,0,260
05/22/2013,OKC,OK,ASW,CE,Combined TRACON& Tower with Radar,122,64,72,14,272,0,2,57,7,66,122,66,129,21,338,0,0,0,338
05/23/2013,OKC,OK,ASW,CE,Combined TRACON& Tower with Radar,120,56,46,4,226,0,5,9,1,15,120,61,55,5,241,0,0,0,241
05/24/2013,OKC,OK,ASW,CE,Combined TRACON& Tower with Radar,139,61,71,0,271,0,2,14,4,20,139,63,85,4,291,0,0,0,291
05/25/2013,OKC,OK,ASW,CE,Combined TRACON& Tower with Radar,98,40,9,0,147,0,0,9,0,9,98,40,18,0,156,0,0,0,156
05/26/2013,OKC,OK,ASW,CE,Combined TRACON& Tower with Radar,90,28,7,0,125,0,0,5,0,5,90,28,12,0,130,0,0,0,130
05/27/2013,OKC,OK,ASW,CE,Combined TRACON& Tower with Radar,110,48,8,0,166,0,0,7,0,7,110,48,15,0,173,0,0,0,173
05/28/2013,OKC,OK,ASW,CE,Combined TRACON& Tower with Radar,121,64,58,50,293,0,3,6,5,14,121,67,64,55,307,0,44,44,351
05/29/2013,OKC,OK,ASW,CE,Combined TRACON& Tower with Radar,129,62,59,23,273,0,3,5,9,17,129,65,64,32,290,20,0,20,310
05/30/2013,OKC,OK,ASW,CE,Combined TRACON& Tower with Radar,123,58,47,45,273,0,1,7,10,18,123,59,54,55,291,0,0,0,291
05/31/2013,OKC,OK,ASW,CE,Combined TRACON& Tower with Radar,89,45,39,11,184,0,1,10,10,21,89,46,49,21,205,36,0,36,241
06/01/2013,OKC,OK,ASW,CE,Combined TRACON& Tower with Radar,78,40,17,0,135,0,0,33,1,34,78,40,50,1,169,0,0,0,169
06/02/2013,OKC,OK,ASW,CE,Combined TRACON& Tower with Radar,118,44,33,0,195,0,0,36,0,36,118,44,69,0,231,0,0,0,231
06/03/2013,OKC,OK,ASW,CE,Combined TRACON& Tower with Radar,122,56,51,27,256,0,1,29,1,31,122,57,80,28,287,0,0,0,287
06/04/2013,OKC,OK,ASW,CE,Combined TRACON& Tower with Radar,115,51,41,17,224,0,3,14,2,19,115,54,55,19,243,0,0,0,243
06/05/2013,OKC,OK,ASW,CE,Combined TRACON& Tower with Radar,119,58,33,27,237,0,2,17,0,19,119,60,50,27,256,8,84,92,348
06/06/2013,OKC,OK,ASW,CE,Combined TRACON& Tower with Radar,125,67,56,17,265,0,1,28,2,31,125,68,84,19,296,0,56,56,352
06/07/2013,OKC,OK,ASW,CE,Combined TRACON& Tower with Radar,123,54,58,14,249,0,3,39,1,43,123,57,97,15,292,38,58,96,388
06/08/2013,OKC,OK,ASW,CE,Combined TRACON& Tower with Radar,92,40,19,23,174,0,1,12,4,17,92,41,31,27,191,0,10,10,201
06/09/2013,OKC,OK,ASW,CE,Combined TRACON& Tower with Radar,129,51,14,9,203,0,0,10,4,14,129,51,24,13,217,0,0,0,217
06/10/2013,OKC,OK,ASW,CE,Combined TRACON& Tower with Radar,122,64,45,62,293,0,1,31,4,36,122,65,76,66,329,10,0,10,339
06/11/2013,OKC,OK,ASW,CE,Combined TRACON& Tower with Radar,130,64,52,64,310,0,4,22,3,29,130,68,74,67,339,8,32,40,379
06/12/2013,OKC,OK,ASW,CE,Combined TRACON& Tower with Radar,114,71,21,73,279,0,3,29,2,34,114,74,50,75,313,0,50,50,363
06/13/2013,OKC,OK,ASW,CE,Combined TRACON& Tower with Radar,116,71,53,66,306,0,2,39,0,41,116,73,92,66,347,58,0,58,405
06/14/2013,OKC,OK,ASW,CE,Combined TRACON& Tower with Radar,120,70,25,24,239,0,2,37,3,42,120,72,62,27,281,0,16,16,297
06/15/2013,OKC,OK,ASW,CE,Combined TRACON& Tower with Radar,97,47,11,1,156,0,1,5,1,7,97,48,16,2,163,0,0,0,163
06/16/2013,OKC,OK,ASW,CE,Combined TRACON& Tower with Radar,113,47,11,20,191,0,0,5,1,6,113,47,16,21,197,0,22,22,219
06/17/2013,OKC,OK,ASW,CE,Combined TRACON& Tower with Radar,118,60,52,58,288,0,2,16,0,18,118,62,68,58,306,0,0,0,306
06/18/2013,OKC,OK,ASW,CE,Combined TRACON& Tower with Radar,129,58,64,63,314,0,2,41,7,50,129,60,105,70,364,6,0,6,370
06/19/2013,OKC,OK,ASW,CE,Combined TRACON& Tower with Radar,125,66,49,94,334,0,2,27,6,35,125,68,76,100,369,0,56,56,425
06/20/2013,OKC,OK,ASW,CE,Combined TRACON& Tower with Radar,120,69,42,63,294,0,3,48,1,52,120,72,90,64,346,0,0,0,346
06/21/2013,OKC,OK,ASW,CE,Combined TRACON& Tower with Radar,117,57,54,49,277,0,2,39,7,48,117,59,93,56,325,0,32,32,357
06/22/2013,OKC,OK,ASW,CE,Combined TRACON& Tower with Radar,96,42,16,9,163,0,2,15,0,17,96,44,31,9,180,0,0,0,180
06/23/2013,OKC,OK,ASW,CE,Combined TRACON& Tower with Radar,107,56,15,11,189,0,0,13,1,14,107,56,28,12,203,0,0,0,203
06/24/2013,OKC,OK,ASW,CE,Combined TRACON& Tower with Radar,114,59,49,89,311,0,2,24,8,34,114,61,73,97,345,0,88,88,433
06/25/2013,OKC,OK,ASW,CE,Combined TRACON& Tower with Radar,118,79,58,89,344,0,4,26,2,32,118,83,84,91,376,8,90,98,474
06/26/2013,OKC,OK,ASW,CE,Combined TRACON& Tower with Radar,119,74,61,79,333,0,2,49,80,131,119,76,110,159,464,0,0,0,464
06/27/2013,OKC,OK,ASW,CE,Combined TRACON& Tower with Radar,120,69,62,74,325,0,5,30,6,41,120,74,92,80,366,0,210,210,576
06/28/2013,OKC,OK,ASW,CE,Combined TRACON& Tower with Radar,117,61,51,51,280,0,2,19,16,37,117,63,70,67,317,0,106,106,423
06/29/2013,OKC,OK,ASW,CE,Combined TRACON& Tower with Radar,94,45,12,22,173,0,5,20,4,29,94,50,32,26,202,0,0,0,202
06/30/2013,OKC,OK,ASW,CE,Combined TRACON& Tower with Radar,110,48,20,10,188,0,0,19,0,19,110,48,39,10,207,0,0,0,207
07/01/2013,OKC,OK,ASW,CE,Combined TRACON& Tower with Radar,111,52,45,57,265,0,2,36,49,87,111,54,81,106,352,0,0,0,352
07/02/2013,OKC,OK,ASW,CE,Combined TRACON& Tower with Radar,112,58,44,81,295,0,2,30,6,38,112,60,74,87,333,0,62,62,395
07/03/2013,OKC,OK,ASW,CE,Combined TRACON& Tower with Radar,112,53,30,17,212,0,2,31,0,33,112,55,61,17,245,0,0,0,245
07/04/2013,OKC,OK,ASW,CE,Combined TRACON& Tower with Radar,73,40,8,13,134,0,1,26,0,27,73,41,34,13,161,0,0,0,161
07/05/2013,OKC,OK,ASW,CE,Combined TRACON& Tower with Radar,93,43,20,0,156,0,1,11,0,12,93,44,31,0,168,0,0,0,168
07/06/2013,OKC,OK,ASW,CE,Combined TRACON& Tower with Radar,92,42,12,0,146,0,1,30,0,31,92,43,42,0,177,0,0,0,177
07/07/2013,OKC,OK,ASW,CE,Combined TRACON& Tower with Radar,101,53,13,6,173,0,0,11,0,11,101,53,24,6,184,0,0,0,184
07/08/2013,OKC,OK,ASW,CE,Combined TRACON& Tower with Radar,120,61,29,40,250,0,1,20,3,24,120,62,49,43,274,0,26,26,300
07/09/2013,OKC,OK,ASW,CE,Combined TRACON& Tower with Radar,123,66,49,44,282,0,2,23,2,27,123,68,72,46,309,0,20,20,329
07/10/2013,OKC,OK,ASW,CE,Combined TRACON& Tower with Radar,117,63,45,51,276,0,2,22,0,24,117,65,67,51,300,0,0,0,300
07/11/2013,OKC,OK,ASW,CE,Combined TRACON& Tower with Radar,135,68,31,23,257,0,0,12,4,16,135,68,43,27,273,0,0,0,273
07/12/2013,OKC,OK,ASW,CE,Combined TRACON& Tower with Radar,115,65,38,36,254,0,3,29,2,34,115,68,67,38,288,0,40,40,328
07/13/2013,OKC,OK,ASW,CE,Combined TRACON& Tower with Radar,101,46,17,24,188,0,3,13,8,24,101,49,30,32,212,0,0,0,212
07/14/2013,OKC,OK,ASW,CE,Combined TRACON& Tower with Radar,108,58,9,12,187,0,0,5,5,10,108,58,14,17,197,0,0,0,197
07/15/2013,OKC,OK,ASW,CE,Combined TRACON& Tower with Radar,120,67,48,36,271,0,2,2,3,7,120,69,50,39,278,0,0,0,278
07/16/2013,OKC,OK,ASW,CE,Combined TRACON& Tower with Radar,128,71,55,3,257,0,0,3,0,3,128,71,58,3,260,0,0,0,260
07/17/2013,OKC,OK,ASW,CE,Combined TRACON& Tower with Radar,116,64,48,71,299,0,1,20,5,26,116,65,68,76,325,6,72,78,403
07/18/2013,OKC,OK,ASW,CE,Combined TRACON& Tower with Radar,119,65,37,69,290,0,3,12,3,18,119,68,49,72,308,0,96,96,404
07/19/2013,OKC,OK,ASW,CE,Combined TRACON& Tower with Radar,130,63,33,58,284,0,3,15,0,18,130,66,48,58,302,0,66,66,368
07/20/2013,OKC,OK,ASW,CE,Combined TRACON& Tower with Radar,118,43,11,33,205,0,1,8,1,10,118,44,19,34,215,0,0,0,215
07/21/2013,OKC,OK,ASW,CE,Combined TRACON& Tower with Radar,104,60,33,25,222,0,0,16,0,16,104,60,49,25,238,0,116,116,354
07/22/2013,OKC,OK,ASW,CE,Combined TRACON& Tower with Radar,118,60,28,69,275,0,1,22,6,29,118,61,50,75,304,0,12,12,316
07/23/2013,OKC,OK,ASW,CE,Combined TRACON& Tower with Radar,117,63,52,50,282,0,4,21,6,31,117,67,73,56,313,4,8,12,325
07/24/2013,OKC,OK,ASW,CE,Combined TRACON& Tower with Radar,121,73,49,42,285,0,4,25,3,32,121,77,74,45,317,0,0,0,317
07/25/2013,OKC,OK,ASW,CE,Combined TRACON& Tower with Radar,119,64,71,30,284,0,1,22,5,28,119,65,93,35,312,0,14,14,326
07/26/2013,OKC,OK,ASW,CE,Combined TRACON& Tower with Radar,116,64,42,31,253,0,0,9,0,9,116,64,51,31,262,0,0,0,262
07/27/2013,OKC,OK,ASW,CE,Combined TRACON& Tower with Radar,97,47,12,1,157,0,0,14,5,19,97,47,26,6,176,0,0,0,176
07/28/2013,OKC,OK,ASW,CE,Combined TRACON& Tower with Radar,105,54,23,24,206,0,3,6,3,12,105,57,29,27,218,0,0,0,218
07/29/2013,OKC,OK,ASW,CE,Combined TRACON& Tower with Radar,113,54,30,64,261,0,1,11,5,17,113,55,41,69,278,0,52,52,330
07/30/2013,OKC,OK,ASW,CE,Combined TRACON& Tower with Radar,119,61,30,68,278,0,2,22,4,28,119,63,52,72,306,8,36,44,350
07/31/2013,OKC,OK,ASW,CE,Combined TRACON& Tower with Radar,121,66,49,30,266,0,2,14,5,21,121,68,63,35,287,0,0,0,287
08/01/2013,OKC,OK,ASW,CE,Combined TRACON& Tower with Radar,116,64,42,42,264,0,2,25,8,35,116,66,67,50,299,0,116,116,415
08/02/2013,OKC,OK,ASW,CE,Combined TRACON& Tower with Radar,117,59,38,103,317,0,2,12,1,15,117,61,50,104,332,8,4,12,344
08/03/2013,OKC,OK,ASW,CE,Combined TRACON& Tower with Radar,91,57,12,7,167,0,2,24,6,32,91,59,36,13,199,0,0,0,199
08/04/2013,OKC,OK,ASW,CE,Combined TRACON& Tower with Radar,103,60,18,21,202,0,2,10,11,23,103,62,28,32,225,0,0,0,225
08/05/2013,OKC,OK,ASW,CE,Combined TRACON& Tower with Radar,114,63,30,77,284,0,1,31,10,42,114,64,61,87,326,0,0,0,326
08/06/2013,OKC,OK,ASW,CE,Combined TRACON& Tower with Radar,126,73,50,52,301,0,2,36,0,38,126,75,86,52,339,0,0,0,339
08/07/2013,OKC,OK,ASW,CE,Combined TRACON& Tower with Radar,120,62,44,32,258,0,2,16,4,22,120,64,60,36,280,0,0,0,280
08/08/2013,OKC,OK,ASW,CE,Combined TRACON& Tower with Radar,114,64,57,71,306,0,1,20,2,23,114,65,77,73,329,0,166,166,495
08/09/2013,OKC,OK,ASW,CE,Combined TRACON& Tower with Radar,124,62,30,152,368,0,1,7,88,96,124,63,37,240,464,0,124,124,588
08/10/2013,OKC,OK,ASW,CE,Combined TRACON& Tower with Radar,97,51,7,15,170,0,0,9,2,11,97,51,16,17,181,0,0,0,181
08/11/2013,OKC,OK,ASW,CE,Combined TRACON& Tower with Radar,101,58,18,15,192,0,0,14,2,16,101,58,32,17,208,0,0,0,208
08/12/2013,OKC,OK,ASW,CE,Combined TRACON& Tower with Radar,112,66,50,78,306,0,0,15,1,16,112,66,65,79,322,0,20,20,342
08/13/2013,OKC,OK,ASW,CE,Combined TRACON& Tower with Radar,148,60,33,8,249,0,2,2,0,4,148,62,35,8,253,0,0,0,253
08/14/2013,OKC,OK,ASW,CE,Combined TRACON& Tower with Radar,118,61,39,54,272,0,3,23,56,82,118,64,62,110,354,2,16,18,372
08/15/2013,OKC,OK,ASW,CE,Combined TRACON& Tower with Radar,115,85,38,18,256,0,2,18,4,24,115,87,56,22,280,0,26,26,306
08/16/2013,OKC,OK,ASW,CE,Combined TRACON& Tower with Radar,114,61,23,58,256,0,2,11,2,15,114,63,34,60,271,0,170,170,441
08/17/2013,OKC,OK,ASW,CE,Combined TRACON& Tower with Radar,87,49,9,13,158,0,1,13,1,15,87,50,22,14,173,0,0,0,173
08/18/2013,OKC,OK,ASW,CE,Combined TRACON& Tower with Radar,100,52,13,9,174,0,0,25,0,25,100,52,38,9,199,0,0,0,199
08/19/2013,OKC,OK,ASW,CE,Combined TRACON& Tower with Radar,110,60,38,52,260,0,1,24,6,31,110,61,62,58,291,0,80,80,371
08/20/2013,OKC,OK,ASW,CE,Combined TRACON& Tower with Radar,104,61,43,35,243,0,2,20,0,22,104,63,63,35,265,6,52,58,323
08/21/2013,OKC,OK,ASW,CE,Combined TRACON& Tower with Radar,110,62,30,36,238,0,2,41,0,43,110,64,71,36,281,22,62,84,365
08/22/2013,OKC,OK,ASW,CE,Combined TRACON& Tower with Radar,108,70,54,28,260,0,2,38,6,46,108,72,92,34,306,20,114,134,440
08/23/2013,OKC,OK,ASW,CE,Combined TRACON& Tower with Radar,110,64,51,32,257,0,1,31,0,32,110,65,82,32,289,20,126,146,435
08/24/2013,OKC,OK,ASW,CE,Combined TRACON& Tower with Radar,79,39,6,37,161,0,1,15,2,18,79,40,21,39,179,0,0,0,179
08/25/2013,OKC,OK,ASW,CE,Combined TRACON& Tower with Radar,97,46,15,26,184,0,0,25,0,25,97,46,40,26,209,0,0,0,209
08/26/2013,OKC,OK,ASW,CE,Combined TRACON& Tower with Radar,109,68,41,53,271,0,1,27,0,28,109,69,68,53,299,0,254,254,553
08/27/2013,OKC,OK,ASW,CE,Combined TRACON& Tower with Radar,106,66,52,74,298,0,1,19,0,20,106,67,71,74,318,0,78,78,396
08/28/2013,OKC,OK,ASW,CE,Combined TRACON& Tower with Radar,106,71,44,45,266,0,2,32,0,34,106,73,76,45,300,0,0,0,300
08/29/2013,OKC,OK,ASW,CE,Combined TRACON& Tower with Radar,108,74,54,103,339,0,2,21,2,25,108,76,75,105,364,0,66,66,430
08/30/2013,OKC,OK,ASW,CE,Combined TRACON& Tower with Radar,101,64,49,32,246,0,2,11,0,13,101,66,60,32,259,0,48,48,307
08/31/2013,OKC,OK,ASW,CE,Combined TRACON& Tower with Radar,70,39,15,2,126,0,1,13,0,14,70,40,28,2,140,0,0,0,140
09/01/2013,OKC,OK,ASW,CE,Combined TRACON& Tower with Radar,64,27,10,0,101,0,1,6,0,7,64,28,16,0,108,0,0,0,108
09/02/2013,OKC,OK,ASW,CE,Combined TRACON& Tower with Radar,91,62,23,0,176,0,0,23,0,23,91,62,46,0,199,0,0,0,199
09/03/2013,OKC,OK,ASW,CE,Combined TRACON& Tower with Radar,101,69,28,60,258,0,1,27,1,29,101,70,55,61,287,0,0,0,287
09/04/2013,OKC,OK,ASW,CE,Combined TRACON& Tower with Radar,109,54,43,36,242,1,5,20,0,26,110,59,63,36,268,0,92,92,360
09/05/2013,OKC,OK,ASW,CE,Combined TRACON& Tower with Radar,104,62,51,64,281,0,2,24,1,27,104,64,75,65,308,0,0,0,308
09/06/2013,OKC,OK,ASW,CE,Combined TRACON& Tower with Radar,106,61,30,68,265,0,3,24,0,27,106,64,54,68,292,0,0,0,292
09/07/2013,OKC,OK,ASW,CE,Combined TRACON& Tower with Radar,78,38,11,28,155,0,1,13,1,15,78,39,24,29,170,0,0,0,170
09/08/2013,OKC,OK,ASW,CE,Combined TRACON& Tower with Radar,98,49,27,52,226,0,0,19,0,19,98,49,46,52,245,0,0,0,245
09/09/2013,OKC,OK,ASW,CE,Combined TRACON& Tower with Radar,101,64,26,55,246,0,0,14,0,14,101,64,40,55,260,0,0,0,260
09/10/2013,OKC,OK,ASW,CE,Combined TRACON& Tower with Radar,104,67,52,84,307,0,2,23,2,27,104,69,75,86,334,0,0,0,334
09/11/2013,OKC,OK,ASW,CE,Combined TRACON& Tower with Radar,112,61,46,92,311,0,1,21,4,26,112,62,67,96,337,0,0,0,337
09/12/2013,OKC,OK,ASW,CE,Combined TRACON& Tower with Radar,104,73,45,89,311,0,0,24,0,24,104,73,69,89,335,0,42,42,377
09/13/2013,OKC,OK,ASW,CE,Combined TRACON& Tower with Radar,101,71,48,80,300,0,0,42,0,42,101,71,90,80,342,12,24,36,378
09/14/2013,OKC,OK,ASW,CE,Combined TRACON& Tower with Radar,77,38,11,22,148,0,1,21,4,26,77,39,32,26,174,0,0,0,174
09/15/2013,OKC,OK,ASW,CE,Combined TRACON& Tower with Radar,92,65,17,12,186,0,1,15,2,18,92,66,32,14,204,0,24,24,228
09/16/2013,OKC,OK,ASW,CE,Combined TRACON& Tower with Radar,102,68,29,68,267,0,6,21,1,28,102,74,50,69,295,0,90,90,385
09/17/2013,OKC,OK,ASW,CE,Combined TRACON& Tower with Radar,101,69,47,72,289,0,2,25,0,27,101,71,72,72,316,0,84,84,400
09/18/2013,OKC,OK,ASW,CE,Combined TRACON& Tower with Radar,107,58,62,71,298,0,1,21,2,24,107,59,83,73,322,0,0,0,322
09/19/2013,OKC,OK,ASW,CE,Combined TRACON& Tower with Radar,121,68,53,46,288,0,0,27,0,27,121,68,80,46,315,0,122,122,437
09/20/2013,OKC,OK,ASW,CE,Combined TRACON& Tower with Radar,100,74,62,30,266,0,0,9,0,9,100,74,71,30,275,0,0,0,275
09/21/2013,OKC,OK,ASW,CE,Combined TRACON& Tower with Radar,77,48,9,4,138,0,0,12,2,14,77,48,21,6,152,0,0,0,152
09/22/2013,OKC,OK,ASW,CE,Combined TRACON& Tower with Radar,97,57,29,0,183,0,0,18,0,18,97,57,47,0,201,0,0,0,201
09/23/2013,OKC,OK,ASW,CE,Combined TRACON& Tower with Radar,104,62,36,51,253,0,0,24,0,24,104,62,60,51,277,6,150,156,433
09/24/2013,OKC,OK,ASW,CE,Combined TRACON& Tower with Radar,105,56,52,59,272,0,2,26,1,29,105,58,78,60,301,16,40,56,357
09/25/2013,OKC,OK,ASW,CE,Combined TRACON& Tower with Radar,108,59,62,47,276,0,2,26,5,33,108,61,88,52,309,0,140,140,449
09/26/2013,OKC,OK,ASW,CE,Combined TRACON& Tower with Radar,111,71,44,56,282,0,2,28,0,30,111,73,72,56,312,32,126,158,470
09/27/2013,OKC,OK,ASW,CE,Combined TRACON& Tower with Radar,116,59,54,15,244,0,1,15,3,19,116,60,69,18,263,0,4,4,267
09/28/2013,OKC,OK,ASW,CE,Combined TRACON& Tower with Radar,94,41,20,2,157,0,0,5,0,5,94,41,25,2,162,6,0,6,168
09/29/2013,OKC,OK,ASW,CE,Combined TRACON& Tower with Radar,122,49,26,3,200,0,0,20,2,22,122,49,46,5,222,0,0,0,222
09/30/2013,OKC,OK,ASW,CE,Combined TRACON& Tower with Radar,105,65,20,4,194,0,1,20,0,21,105,66,40,4,215,0,0,0,215
10/01/2013,OKC,OK,ASW,CE,Combined TRACON& Tower with Radar,106,61,29,64,260,0,4,17,3,24,106,65,46,67,284,0,0,0,284
10/02/2013,OKC,OK,ASW,CE,Combined TRACON& Tower with Radar,107,59,50,78,294,0,0,14,0,14,107,59,64,78,308,0,36,36,344
10/03/2013,OKC,OK,ASW,CE,Combined TRACON& Tower with Radar,110,59,35,93,297,0,1,22,2,25,110,60,57,95,322,0,62,62,384
10/04/2013,OKC,OK,ASW,CE,Combined TRACON& Tower with Radar,106,61,36,100,303,0,1,27,1,29,106,62,63,101,332,0,108,108,440
10/05/2013,OKC,OK,ASW,CE,Combined TRACON& Tower with Radar,87,44,25,61,217,0,0,7,2,9,87,44,32,63,226,0,0,0,226
10/06/2013,OKC,OK,ASW,CE,Combined TRACON& Tower with Radar,103,48,35,33,219,0,0,20,1,21,103,48,55,34,240,0,0,0,240
10/07/2013,OKC,OK,ASW,CE,Combined TRACON& Tower with Radar,109,59,48,133,349,0,1,28,1,30,109,60,76,134,379,0,228,228,607
10/08/2013,OKC,OK,ASW,CE,Combined TRACON& Tower with Radar,106,61,71,81,319,0,2,23,4,29,106,63,94,85,348,14,96,110,458
10/09/2013,OKC,OK,ASW,CE,Combined TRACON& Tower with Radar,110,60,53,135,358,0,3,29,1,33,110,63,82,136,391,4,76,80,471
10/10/2013,OKC,OK,ASW,CE,Combined TRACON& Tower with Radar,109,54,68,82,313,0,1,14,0,15,109,55,82,82,328,0,118,118,446
10/11/2013,OKC,OK,ASW,CE,Combined TRACON& Tower with Radar,112,69,45,67,293,0,1,27,0,28,112,70,72,67,321,12,106,118,439
10/12/2013,OKC,OK,ASW,CE,Combined TRACON& Tower with Radar,78,39,23,6,146,0,0,11,0,11,78,39,34,6,157,0,0,0,157
10/13/2013,OKC,OK,ASW,CE,Combined TRACON& Tower with Radar,108,45,29,0,182,0,0,3,0,3,108,45,32,0,185,0,0,0,185
10/14/2013,OKC,OK,ASW,CE,Combined TRACON& Tower with Radar,111,64,37,0,212,0,0,0,0,0,111,64,37,0,212,0,0,0,212
10/15/2013,OKC,OK,ASW,CE,Combined TRACON& Tower with Radar,106,55,69,77,307,0,0,12,0,12,106,55,81,77,319,0,0,0,319
10/16/2013,OKC,OK,ASW,CE,Combined TRACON& Tower with Radar,109,57,88,53,307,0,0,17,6,23,109,57,105,59,330,0,0,0,330
10/17/2013,OKC,OK,ASW,CE,Combined TRACON& Tower with Radar,109,64,42,105,320,0,1,27,0,28,109,65,69,105,348,60,38,98,446
10/18/2013,OKC,OK,ASW,CE,Combined TRACON& Tower with Radar,113,54,54,71,292,0,3,4,0,7,113,57,58,71,299,0,12,12,311
10/19/2013,OKC,OK,ASW,CE,Combined TRACON& Tower with Radar,80,45,7,25,157,0,0,17,0,17,80,45,24,25,174,0,0,0,174
10/20/2013,OKC,OK,ASW,CE,Combined TRACON& Tower with Radar,111,52,31,37,231,0,0,24,3,27,111,52,55,40,258,2,0,2,260
10/21/2013,OKC,OK,ASW,CE,Combined TRACON& Tower with Radar,106,55,58,114,333,0,1,24,0,25,106,56,82,114,358,8,0,8,366
10/22/2013,OKC,OK,ASW,CE,Combined TRACON& Tower with Radar,101,60,58,93,312,0,3,26,3,32,101,63,84,96,344,10,84,94,438
10/23/2013,OKC,OK,ASW,CE,Combined TRACON& Tower with Radar,108,58,35,72,273,0,2,31,2,35,108,60,66,74,308,0,0,0,308
10/24/2013,OKC,OK,ASW,CE,Combined TRACON& Tower with Radar,115,67,74,79,335,0,2,43,1,46,115,69,117,80,381,10,26,36,417
10/25/2013,OKC,OK,ASW,CE,Combined TRACON& Tower with Radar,110,60,67,99,336,0,1,21,1,23,110,61,88,100,359,8,82,90,449
10/26/2013,OKC,OK,ASW,CE,Combined TRACON& Tower with Radar,81,42,23,15,161,0,0,6,0,6,81,42,29,15,167,0,0,0,167
10/27/2013,OKC,OK,ASW,CE,Combined TRACON& Tower with Radar,108,53,42,23,226,0,0,8,1,9,108,53,50,24,235,0,14,14,249
10/28/2013,OKC,OK,ASW,CE,Combined TRACON& Tower with Radar,106,60,52,65,283,0,0,3,0,3,106,60,55,65,286,0,0,0,286
10/29/2013,OKC,OK,ASW,CE,Combined TRACON& Tower with Radar,109,67,54,143,373,0,0,6,0,6,109,67,60,143,379,6,12,18,397
10/30/2013,OKC,OK,ASW,CE,Combined TRACON& Tower with Radar,113,57,33,81,284,0,0,6,0,6,113,57,39,81,290,0,0,0,290
10/31/2013,OKC,OK,ASW,CE,Combined TRACON& Tower with Radar,96,63,34,101,294,0,3,24,0,27,96,66,58,101,321,0,166,166,487
11/01/2013,OKC,OK,ASW,CE,Combined TRACON& Tower with Radar,106,55,60,110,331,0,2,39,4,45,106,57,99,114,376,6,76,82,458
11/02/2013,OKC,OK,ASW,CE,Combined TRACON& Tower with Radar,79,37,20,28,164,0,1,19,10,30,79,38,39,38,194,0,0,0,194
11/03/2013,OKC,OK,ASW,CE,Combined TRACON& Tower with Radar,105,42,23,23,193,0,0,12,1,13,105,42,35,24,206,0,48,48,254
11/04/2013,OKC,OK,ASW,CE,Combined TRACON& Tower with Radar,106,62,58,75,301,0,2,15,1,18,106,64,73,76,319,8,88,96,415
11/05/2013,OKC,OK,ASW,CE,Combined TRACON& Tower with Radar,104,71,54,67,296,0,0,0,0,0,104,71,54,67,296,0,0,0,296
11/06/2013,OKC,OK,ASW,CE,Combined TRACON& Tower with Radar,110,64,84,105,363,0,1,25,0,26,110,65,109,105,389,20,70,90,479
11/07/2013,OKC,OK,ASW,CE,Combined TRACON& Tower with Radar,110,65,78,75,328,0,1,27,4,32,110,66,105,79,360,40,206,246,606
11/08/2013,OKC,OK,ASW,CE,Combined TRACON& Tower with Radar,109,68,34,57,268,0,4,22,7,33,109,72,56,64,301,4,60,64,365
11/09/2013,OKC,OK,ASW,CE,Combined TRACON& Tower with Radar,90,48,17,2,157,0,1,8,4,13,90,49,25,6,170,0,0,0,170
11/10/2013,OKC,OK,ASW,CE,Combined TRACON& Tower with Radar,97,49,30,0,176,0,1,7,7,15,97,50,37,7,191,0,0,0,191
11/11/2013,OKC,OK,ASW,CE,Combined TRACON& Tower with Radar,105,58,16,1,180,0,0,12,0,12,105,58,28,1,192,0,0,0,192
11/12/2013,OKC,OK,ASW,CE,Combined TRACON& Tower with Radar,106,66,60,89,321,0,0,36,3,39,106,66,96,92,360,0,116,116,476
11/13/2013,OKC,OK,ASW,CE,Combined TRACON& Tower with Radar,110,62,42,49,263,0,5,37,5,47,110,67,79,54,310,0,72,72,382
11/14/2013,OKC,OK,ASW,CE,Combined TRACON& Tower with Radar,110,70,60,81,321,0,1,53,4,58,110,71,113,85,379,6,58,64,443
11/15/2013,OKC,OK,ASW,CE,Combined TRACON& Tower with Radar,108,79,37,87,311,0,2,47,5,54,108,81,84,92,365,0,170,170,535
11/16/2013,OKC,OK,ASW,CE,Combined TRACON& Tower with Radar,90,49,12,6,157,0,0,8,2,10,90,49,20,8,167,0,2,2,169
11/17/2013,OKC,OK,ASW,CE,Combined TRACON& Tower with Radar,97,55,24,29,205,0,0,9,2,11,97,55,33,31,216,0,0,0,216
11/18/2013,OKC,OK,ASW,CE,Combined TRACON& Tower with Radar,111,60,42,52,265,0,3,37,0,40,111,63,79,52,305,0,200,200,505
11/19/2013,OKC,OK,ASW,CE,Combined TRACON& Tower with Radar,107,65,60,84,316,0,0,23,6,29,107,65,83,90,345,28,48,76,421
11/20/2013,OKC,OK,ASW,CE,Combined TRACON& Tower with Radar,110,76,58,36,280,0,1,24,2,27,110,77,82,38,307,0,24,24,331
11/21/2013,OKC,OK,ASW,CE,Combined TRACON& Tower with Radar,118,67,70,24,279,0,0,0,0,0,118,67,70,24,279,0,0,0,279
11/22/2013,OKC,OK,ASW,CE,Combined TRACON& Tower with Radar,101,58,19,0,178,0,0,1,0,1,101,58,20,0,179,0,0,0,179
11/23/2013,OKC,OK,ASW,CE,Combined TRACON& Tower with Radar,95,46,18,48,207,0,0,13,0,13,95,46,31,48,220,0,0,0,220
11/24/2013,OKC,OK,ASW,CE,Combined TRACON& Tower with Radar,85,48,20,2,155,0,0,4,0,4,85,48,24,2,159,0,0,0,159
11/25/2013,OKC,OK,ASW,CE,Combined TRACON& Tower with Radar,90,48,31,6,175,0,1,6,1,8,90,49,37,7,183,0,0,0,183
11/26/2013,OKC,OK,ASW,CE,Combined TRACON& Tower with Radar,105,53,64,50,272,0,2,35,8,45,105,55,99,58,317,28,90,118,435
11/27/2013,OKC,OK,ASW,CE,Combined TRACON& Tower with Radar,111,61,29,43,244,0,3,34,0,37,111,64,63,43,281,6,40,46,327
11/28/2013,OKC,OK,ASW,CE,Combined TRACON& Tower with Radar,68,28,5,2,103,0,1,11,1,13,68,29,16,3,116,0,0,0,116
11/29/2013,OKC,OK,ASW,CE,Combined TRACON& Tower with Radar,91,37,15,0,143,0,0,33,0,33,91,37,48,0,176,0,0,0,176
11/30/2013,OKC,OK,ASW,CE,Combined TRACON& Tower with Radar,95,52,15,2,164,0,0,13,0,13,95,52,28,2,177,0,0,0,177
12/01/2013,OKC,OK,ASW,CE,Combined TRACON& Tower with Radar,98,50,33,4,185,0,0,8,0,8,98,50,41,4,193,0,0,0,193
12/02/2013,OKC,OK,ASW,CE,Combined TRACON& Tower with Radar,109,55,48,54,266,0,1,22,0,23,109,56,70,54,289,36,54,90,379
12/03/2013,OKC,OK,ASW,CE,Combined TRACON& Tower with Radar,106,57,54,38,255,0,1,43,0,44,106,58,97,38,299,30,10,40,339
12/04/2013,OKC,OK,ASW,CE,Combined TRACON& Tower with Radar,106,54,54,95,309,0,3,17,4,24,106,57,71,99,333,0,0,0,333
12/05/2013,OKC,OK,ASW,CE,Combined TRACON& Tower with Radar,103,50,28,31,212,0,0,8,0,8,103,50,36,31,220,14,26,40,260
12/06/2013,OKC,OK,ASW,CE,Combined TRACON& Tower with Radar,89,49,13,7,158,0,0,2,0,2,89,49,15,7,160,0,0,0,160
12/07/2013,OKC,OK,ASW,CE,Combined TRACON& Tower with Radar,77,34,12,15,138,0,3,9,2,14,77,37,21,17,152,0,0,0,152
12/08/2013,OKC,OK,ASW,CE,Combined TRACON& Tower with Radar,88,45,17,1,151,0,0,3,0,3,88,45,20,1,154,0,0,0,154
12/09/2013,OKC,OK,ASW,CE,Combined TRACON& Tower with Radar,101,53,52,51,257,0,0,12,0,12,101,53,64,51,269,8,82,90,359
12/10/2013,OKC,OK,ASW,CE,Combined TRACON& Tower with Radar,110,58,50,94,312,0,2,27,1,30,110,60,77,95,342,24,84,108,450
12/11/2013,OKC,OK,ASW,CE,Combined TRACON& Tower with Radar,107,59,63,99,328,0,3,52,1,56,107,62,115,100,384,0,6,6,390
12/12/2013,OKC,OK,ASW,CE,Combined TRACON& Tower with Radar,114,70,58,79,321,0,1,15,0,16,114,71,73,79,337,0,274,274,611
12/13/2013,OKC,OK,ASW,CE,Combined TRACON& Tower with Radar,112,68,39,30,249,0,1,9,0,10,112,69,48,30,259,0,96,96,355
12/14/2013,OKC,OK,ASW,CE,Combined TRACON& Tower with Radar,86,37,22,8,153,0,0,16,2,18,86,37,38,10,171,0,0,0,171
12/15/2013,OKC,OK,ASW,CE,Combined TRACON& Tower with Radar,99,45,19,9,172,0,0,24,4,28,99,45,43,13,200,20,0,20,220
12/16/2013,OKC,OK,ASW,CE,Combined TRACON& Tower with Radar,106,53,35,90,284,0,1,19,9,29,106,54,54,99,313,42,108,150,463
12/17/2013,OKC,OK,ASW,CE,Combined TRACON& Tower with Radar,106,51,64,126,347,0,2,35,2,39,106,53,99,128,386,20,80,100,486
12/18/2013,OKC,OK,ASW,CE,Combined TRACON& Tower with Radar,113,58,63,85,319,0,1,27,2,30,113,59,90,87,349,0,58,58,407
12/19/2013,OKC,OK,ASW,CE,Combined TRACON& Tower with Radar,108,56,64,48,276,0,1,10,1,12,108,57,74,49,288,0,208,208,496
12/20/2013,OKC,OK,ASW,CE,Combined TRACON& Tower with Radar,98,64,42,63,267,0,0,5,0,5,98,64,47,63,272,0,0,0,272
12/21/2013,OKC,OK,ASW,CE,Combined TRACON& Tower with Radar,58,28,9,0,95,0,0,0,0,0,58,28,9,0,95,0,0,0,95
12/22/2013,OKC,OK,ASW,CE,Combined TRACON& Tower with Radar,109,46,11,0,166,0,0,14,0,14,109,46,25,0,180,0,0,0,180
12/23/2013,OKC,OK,ASW,CE,Combined TRACON& Tower with Radar,107,64,42,2,215,0,0,9,0,9,107,64,51,2,224,0,0,0,224
12/24/2013,OKC,OK,ASW,CE,Combined TRACON& Tower with Radar,93,39,4,0,136,0,0,5,0,5,93,39,9,0,141,0,0,0,141
12/25/2013,OKC,OK,ASW,CE,Combined TRACON& Tower with Radar,84,29,2,0,115,0,0,2,0,2,84,29,4,0,117,0,0,0,117
12/26/2013,OKC,OK,ASW,CE,Combined TRACON& Tower with Radar,104,57,31,0,192,0,3,21,2,26,104,60,52,2,218,12,0,12,230
12/27/2013,OKC,OK,ASW,CE,Combined TRACON& Tower with Radar,119,48,40,8,215,0,4,11,4,19,119,52,51,12,234,14,0,14,248
12/28/2013,OKC,OK,ASW,CE,Combined TRACON& Tower with Radar,102,40,29,0,171,0,1,17,0,18,102,41,46,0,189,0,0,0,189
12/29/2013,OKC,OK,ASW,CE,Combined TRACON& Tower with Radar,102,37,7,0,146,0,0,3,0,3,102,37,10,0,149,0,0,0,149
12/30/2013,OKC,OK,ASW,CE,Combined TRACON& Tower with Radar,109,50,26,0,185,0,0,9,0,9,109,50,35,0,194,0,0,0,194
12/31/2013,OKC,OK,ASW,CE,Combined TRACON& Tower with Radar,111,44,7,0,162,0,0,16,0,16,111,44,23,0,178,0,0,0,178
01/01/2014,OKC,OK,ASW,CE,Combined TRACON& Tower with Radar,93,45,16,0,154,0,0,12,0,12,93,45,28,0,166,0,0,0,166
01/02/2014,OKC,OK,ASW,CE,Combined TRACON& Tower with Radar,112,48,25,31,216,0,0,13,3,16,112,48,38,34,232,0,102,102,334
01/03/2014,OKC,OK,ASW,CE,Combined TRACON& Tower with Radar,121,44,29,98,292,0,6,9,1,16,121,50,38,99,308,0,228,228,536
01/04/2014,OKC,OK,ASW,CE,Combined TRACON& Tower with Radar,97,40,14,1,152,0,1,10,1,12,97,41,24,2,164,0,0,0,164
01/05/2014,OKC,OK,ASW,CE,Combined TRACON& Tower with Radar,97,38,17,0,152,0,0,11,0,11,97,38,28,0,163,0,0,0,163
01/06/2014,OKC,OK,ASW,CE,Combined TRACON& Tower with Radar,94,36,25,72,227,0,1,19,2,22,94,37,44,74,249,0,126,126,375
01/07/2014,OKC,OK,ASW,CE,Combined TRACON& Tower with Radar,97,35,45,74,251,0,1,15,7,23,97,36,60,81,274,0,178,178,452
01/08/2014,OKC,OK,ASW,CE,Combined TRACON& Tower with Radar,101,49,43,69,262,0,0,8,0,8,101,49,51,69,270,0,0,0,270
01/09/2014,OKC,OK,ASW,CE,Combined TRACON& Tower with Radar,105,45,19,5,174,0,0,0,0,0,105,45,19,5,174,0,0,0,174
01/10/2014,OKC,OK,ASW,CE,Combined TRACON& Tower with Radar,102,49,51,82,284,0,1,7,0,8,102,50,58,82,292,0,0,0,292
01/11/2014,OKC,OK,ASW,CE,Combined TRACON& Tower with Radar,78,33,16,56,183,0,5,17,23,45,78,38,33,79,228,0,96,96,324
01/12/2014,OKC,OK,ASW,CE,Combined TRACON& Tower with Radar,100,44,29,13,186,0,2,6,2,10,100,46,35,15,196,0,0,0,196
01/13/2014,OKC,OK,ASW,CE,Combined TRACON& Tower with Radar,102,55,54,118,329,0,1,40,4,45,102,56,94,122,374,0,12,12,386
01/14/2014,OKC,OK,ASW,CE,Combined TRACON& Tower with Radar,95,51,49,116,311,0,2,39,3,44,95,53,88,119,355,0,224,224,579
01/15/2014,OKC,OK,ASW,CE,Combined TRACON& Tower with Radar,101,50,48,118,317,0,2,37,1,40,101,52,85,119,357,12,200,212,569
01/16/2014,OKC,OK,ASW,CE,Combined TRACON& Tower with Radar,108,52,52,114,326,0,1,33,6,40,108,53,85,120,366,0,132,132,498
01/17/2014,OKC,OK,ASW,CE,Combined TRACON& Tower with Radar,103,56,54,62,275,0,3,20,4,27,103,59,74,66,302,0,164,164,466
01/18/2014,OKC,OK,ASW,CE,Combined TRACON& Tower with Radar,70,35,10,36,151,0,1,19,0,20,70,36,29,36,171,0,46,46,217
01/19/2014,OKC,OK,ASW,CE,Combined TRACON& Tower with Radar,97,38,10,39,184,0,0,10,1,11,97,38,20,40,195,0,0,0,195
01/20/2014,OKC,OK,ASW,CE,Combined TRACON& Tower with Radar,101,61,64,3,229,0,1,27,0,28,101,62,91,3,257,0,0,0,257
01/21/2014,OKC,OK,ASW,CE,Combined TRACON& Tower with Radar,100,57,61,102,320,0,2,33,5,40,100,59,94,107,360,6,86,92,452
01/22/2014,OKC,OK,ASW,CE,Combined TRACON& Tower with Radar,105,58,71,78,312,0,1,23,1,25,105,59,94,79,337,8,110,118,455
01/23/2014,OKC,OK,ASW,CE,Combined TRACON& Tower with Radar,104,60,46,88,298,0,0,20,2,22,104,60,66,90,320,0,64,64,384
01/24/2014,OKC,OK,ASW,CE,Combined TRACON& Tower with Radar,102,50,30,43,225,0,0,34,1,35,102,50,64,44,260,0,70,70,330
01/25/2014,OKC,OK,ASW,CE,Combined TRACON& Tower with Radar,69,31,20,44,164,0,1,27,5,33,69,32,47,49,197,0,20,20,217
01/26/2014,OKC,OK,ASW,CE,Combined TRACON& Tower with Radar,99,31,33,18,181,0,0,4,3,7,99,31,37,21,188,0,0,0,188
01/27/2014,OKC,OK,ASW,CE,Combined TRACON& Tower with Radar,105,48,55,54,262,0,0,16,1,17,105,48,71,55,279,0,76,76,355
01/28/2014,OKC,OK,ASW,CE,Combined TRACON& Tower with Radar,89,40,40,20,189,0,0,21,2,23,89,40,61,22,212,12,44,56,268
01/29/2014,OKC,OK,ASW,CE,Combined TRACON& Tower with Radar,84,55,36,57,232,0,1,23,9,33,84,56,59,66,265,4,148,152,417
01/30/2014,OKC,OK,ASW,CE,Combined TRACON& Tower with Radar,97,46,38,63,244,0,0,26,1,27,97,46,64,64,271,0,0,0,271
01/31/2014,OKC,OK,ASW,CE,Combined TRACON& Tower with Radar,102,68,39,35,244,0,0,2,0,2,102,68,41,35,246,0,0,0,246
02/01/2014,OKC,OK,ASW,CE,Combined TRACON& Tower with Radar,70,33,13,5,121,0,0,10,2,12,70,33,23,7,133,0,0,0,133
02/02/2014,OKC,OK,ASW,CE,Combined TRACON& Tower with Radar,87,35,9,4,135,0,1,0,0,1,87,36,9,4,136,0,0,0,136
02/03/2014,OKC,OK,ASW,CE,Combined TRACON& Tower with Radar,104,55,38,21,218,0,0,8,0,8,104,55,46,21,226,20,8,28,254
02/04/2014,OKC,OK,ASW,CE,Combined TRACON& Tower with Radar,98,41,20,2,161,0,0,2,0,2,98,41,22,2,163,0,0,0,163
02/05/2014,OKC,OK,ASW,CE,Combined TRACON& Tower with Radar,104,57,39,88,288,0,0,19,4,23,104,57,58,92,311,0,132,132,443
02/06/2014,OKC,OK,ASW,CE,Combined TRACON& Tower with Radar,102,59,46,26,233,0,0,12,0,12,102,59,58,26,245,0,0,0,245
02/07/2014,OKC,OK,ASW,CE,Combined TRACON& Tower with Radar,104,56,34,38,232,0,0,11,0,11,104,56,45,38,243,0,0,0,243
02/08/2014,OKC,OK,ASW,CE,Combined TRACON& Tower with Radar,81,30,17,5,133,0,0,0,0,0,81,30,17,5,133,0,0,0,133
02/09/2014,OKC,OK,ASW,CE,Combined TRACON& Tower with Radar,99,41,22,0,162,0,0,0,0,0,99,41,22,0,162,0,0,0,162
02/10/2014,OKC,OK,ASW,CE,Combined TRACON& Tower with Radar,100,62,24,11,197,0,0,5,0,5,100,62,29,11,202,0,0,0,202
02/11/2014,OKC,OK,ASW,CE,Combined TRACON& Tower with Radar,90,49,50,45,234,0,0,7,2,9,90,49,57,47,243,0,0,0,243
02/12/2014,OKC,OK,ASW,CE,Combined TRACON& Tower with Radar,89,60,62,146,357,0,1,22,2,25,89,61,84,148,382,8,174,182,564
02/13/2014,OKC,OK,ASW,CE,Combined TRACON& Tower with Radar,99,56,69,161,385,0,0,17,2,19,99,56,86,163,404,12,98,110,514
02/14/2014,OKC,OK,ASW,CE,Combined TRACON& Tower with Radar,107,38,49,94,288,0,0,26,1,27,107,38,75,95,315,4,144,148,463
02/15/2014,OKC,OK,ASW,CE,Combined TRACON& Tower with Radar,73,32,26,15,146,0,0,9,4,13,73,32,35,19,159,0,16,16,175
02/16/2014,OKC,OK,ASW,CE,Combined TRACON& Tower with Radar,99,41,24,18,182,0,0,11,7,18,99,41,35,25,200,0,6,6,206
02/17/2014,OKC,OK,ASW,CE,Combined TRACON& Tower with Radar,103,47,41,26,217,0,1,21,0,22,103,48,62,26,239,0,0,0,239
02/18/2014,OKC,OK,ASW,CE,Combined TRACON& Tower with Radar,108,54,90,154,406,0,0,24,6,30,108,54,114,160,436,14,60,74,510
02/19/2014,OKC,OK,ASW,CE,Combined TRACON& Tower with Radar,110,58,50,69,287,0,0,1,1,2,110,58,51,70,289,0,62,62,351
02/20/2014,OKC,OK,ASW,CE,Combined TRACON& Tower with Radar,107,54,38,108,307,0,1,14,5,20,107,55,52,113,327,0,140,140,467
02/21/2014,OKC,OK,ASW,CE,Combined TRACON& Tower with Radar,106,59,34,107,306,0,0,26,2,28,106,59,60,109,334,0,226,226,560
02/22/2014,OKC,OK,ASW,CE,Combined TRACON& Tower with Radar,77,35,14,40,166,0,2,14,3,19,77,37,28,43,185,8,0,8,193
02/23/2014,OKC,OK,ASW,CE,Combined TRACON& Tower with Radar,94,41,45,26,206,0,3,15,2,20,94,44,60,28,226,6,10,16,242
02/24/2014,OKC,OK,ASW,CE,Combined TRACON& Tower with Radar,109,56,42,162,369,0,0,15,0,15,109,56,57,162,384,20,156,176,560
02/25/2014,OKC,OK,ASW,CE,Combined TRACON& Tower with Radar,101,58,36,135,330,0,0,21,3,24,101,58,57,138,354,16,138,154,508
02/26/2014,OKC,OK,ASW,CE,Combined TRACON& Tower with Radar,106,58,51,166,381,0,2,41,0,43,106,60,92,166,424,26,166,192,616
02/27/2014,OKC,OK,ASW,CE,Combined TRACON& Tower with Radar,113,60,51,94,318,0,3,45,6,54,113,63,96,100,372,30,228,258,630
02/28/2014,OKC,OK,ASW,CE,Combined TRACON& Tower with Radar,116,67,50,105,338,0,0,43,4,47,116,67,93,109,385,8,146,154,539
03/01/2014,OKC,OK,ASW,CE,Combined TRACON& Tower with Radar,76,32,14,11,133,0,0,0,0,0,76,32,14,11,133,0,0,0,133
03/02/2014,OKC,OK,ASW,CE,Combined TRACON& Tower with Radar,80,30,8,0,118,0,0,0,0,0,80,30,8,0,118,0,0,0,118
03/03/2014,OKC,OK,ASW,CE,Combined TRACON& Tower with Radar,102,52,23,4,181,0,1,18,0,19,102,53,41,4,200,0,0,0,200
03/04/2014,OKC,OK,ASW,CE,Combined TRACON& Tower with Radar,110,56,63,70,299,0,0,34,6,40,110,56,97,76,339,0,72,72,411
03/05/2014,OKC,OK,ASW,CE,Combined TRACON& Tower with Radar,109,65,55,74,303,0,0,14,14,28,109,65,69,88,331,14,52,66,397
03/06/2014,OKC,OK,ASW,CE,Combined TRACON& Tower with Radar,109,67,35,60,271,0,0,26,2,28,109,67,61,62,299,0,164,164,463
03/07/2014,OKC,OK,ASW,CE,Combined TRACON& Tower with Radar,109,62,41,57,269,0,2,23,7,32,109,64,64,64,301,2,168,170,471
03/08/2014,OKC,OK,ASW,CE,Combined TRACON& Tower with Radar,93,42,10,0,145,0,0,0,5,5,93,42,10,5,150,0,0,0,150
03/09/2014,OKC,OK,ASW,CE,Combined TRACON& Tower with Radar,102,56,29,15,202,0,4,4,4,12,102,60,33,19,214,0,0,0,214
03/10/2014,OKC,OK,ASW,CE,Combined TRACON& Tower with Radar,105,55,52,72,284,0,1,37,20,58,105,56,89,92,342,0,116,116,458
03/11/2014,OKC,OK,ASW,CE,Combined TRACON& Tower with Radar,109,66,40,44,259,0,2,22,8,32,109,68,62,52,291,0,0,0,291
03/12/2014,OKC,OK,ASW,CE,Combined TRACON& Tower with Radar,112,72,46,65,295,0,0,38,7,45,112,72,84,72,340,12,94,106,446
03/13/2014,OKC,OK,ASW,CE,Combined TRACON& Tower with Radar,110,71,62,67,310,0,2,65,10,77,110,73,127,77,387,10,54,64,451
03/14/2014,OKC,OK,ASW,CE,Combined TRACON& Tower with Radar,109,64,72,54,299,0,0,51,3,54,109,64,123,57,353,10,62,72,425
03/15/2014,OKC,OK,ASW,CE,Combined TRACON& Tower with Radar,100,44,15,9,168,0,0,0,5,5,100,44,15,14,173,0,0,0,173
03/16/2014,OKC,OK,ASW,CE,Combined TRACON& Tower with Radar,103,48,11,19,181,0,0,4,3,7,103,48,15,22,188,0,0,0,188
03/17/2014,OKC,OK,ASW,CE,Combined TRACON& Tower with Radar,112,57,54,126,349,0,2,19,35,56,112,59,73,161,405,0,62,62,467
03/18/2014,OKC,OK,ASW,CE,Combined TRACON& Tower with Radar,119,68,39,26,252,0,0,17,3,20,119,68,56,29,272,0,98,98,370
03/19/2014,OKC,OK,ASW,CE,Combined TRACON& Tower with Radar,118,55,59,75,307,0,1,24,12,37,118,56,83,87,344,2,200,202,546
03/20/2014,OKC,OK,ASW,CE,Combined TRACON& Tower with Radar,112,65,34,76,287,0,2,24,15,41,112,67,58,91,328,4,74,78,406
03/21/2014,OKC,OK,ASW,CE,Combined TRACON& Tower with Radar,112,65,54,54,285,0,1,22,3,26,112,66,76,57,311,0,116,116,427
03/22/2014,OKC,OK,ASW,CE,Combined TRACON& Tower with Radar,92,54,26,2,174,0,1,8,4,13,92,55,34,6,187,0,0,0,187
03/23/2014,OKC,OK,ASW,CE,Combined TRACON& Tower with Radar,104,60,46,18,228,0,0,13,2,15,104,60,59,20,243,0,0,0,243
03/24/2014,OKC,OK,ASW,CE,Combined TRACON& Tower with Radar,110,68,45,73,296,0,4,23,18,45,110,72,68,91,341,12,148,160,501
03/25/2014,OKC,OK,ASW,CE,Combined TRACON& Tower with Radar,112,61,52,117,342,0,0,37,16,53,112,61,89,133,395,0,120,120,515
03/26/2014,OKC,OK,ASW,CE,Combined TRACON& Tower with Radar,113,62,48,97,320,0,0,8,13,21,113,62,56,110,341,0,104,104,445
03/27/2014,OKC,OK,ASW,CE,Combined TRACON& Tower with Radar,113,58,61,46,278,0,0,10,3,13,113,58,71,49,291,44,2,46,337
03/28/2014,OKC,OK,ASW,CE,Combined TRACON& Tower with Radar,110,66,51,97,324,0,1,18,1,20,110,67,69,98,344,14,0,14,358
03/29/2014,OKC,OK,ASW,CE,Combined TRACON& Tower with Radar,90,42,15,38,185,0,0,11,4,15,90,42,26,42,200,0,0,0,200
03/30/2014,OKC,OK,ASW,CE,Combined TRACON& Tower with Radar,101,48,9,67,225,0,2,7,0,9,101,50,16,67,234,0,40,40,274
03/31/2014,OKC,OK,ASW,CE,Combined TRACON& Tower with Radar,105,54,41,124,324,0,2,17,7,26,105,56,58,131,350,0,174,174,524
04/01/2014,OKC,OK,ASW,CE,Combined TRACON& Tower with Radar,107,48,55,85,295,0,1,4,6,11,107,49,59,91,306,0,52,52,358
04/02/2014,OKC,OK,ASW,CE,Combined TRACON& Tower with Radar,110,54,57,127,348,0,1,8,6,15,110,55,65,133,363,0,32,32,395
04/03/2014,OKC,OK,ASW,CE,Combined TRACON& Tower with Radar,146,59,46,170,421,0,2,11,6,19,146,61,57,176,440,0,246,246,686
04/04/2014,OKC,OK,ASW,CE,Combined TRACON& Tower with Radar,110,48,54,75,287,0,0,18,3,21,110,48,72,78,308,0,56,56,364
04/05/2014,OKC,OK,ASW,CE,Combined TRACON& Tower with Radar,87,38,17,21,163,0,0,7,9,16,87,38,24,30,179,0,0,0,179
04/06/2014,OKC,OK,ASW,CE,Combined TRACON& Tower with Radar,133,43,29,44,249,0,0,4,5,9,133,43,33,49,258,0,0,0,258
04/07/2014,OKC,OK,ASW,CE,Combined TRACON& Tower with Radar,122,56,53,69,300,0,0,15,3,18,122,56,68,72,318,0,34,34,352
04/08/2014,OKC,OK,ASW,CE,Combined TRACON& Tower with Radar,106,52,54,80,292,0,1,22,2,25,106,53,76,82,317,0,88,88,405
04/09/2014,OKC,OK,ASW,CE,Combined TRACON& Tower with Radar,113,49,63,73,298,0,1,20,1,22,113,50,83,74,320,6,172,178,498
04/10/2014,OKC,OK,ASW,CE,Combined TRACON& Tower with Radar,119,56,52,94,321,0,1,19,9,29,119,57,71,103,350,6,20,26,376
04/11/2014,OKC,OK,ASW,CE,Combined TRACON& Tower with Radar,118,46,38,102,304,0,0,9,5,14,118,46,47,107,318,10,184,194,512
04/12/2014,OKC,OK,ASW,CE,Combined TRACON& Tower with Radar,93,44,17,8,162,0,0,13,1,14,93,44,30,9,176,0,0,0,176
04/13/2014,OKC,OK,ASW,CE,Combined TRACON& Tower with Radar,108,51,29,5,193,0,1,0,0,1,108,52,29,5,194,0,0,0,194
04/14/2014,OKC,OK,ASW,CE,Combined TRACON& Tower with Radar,114,68,40,65,287,0,0,11,6,17,114,68,51,71,304,0,30,30,334
04/15/2014,OKC,OK,ASW,CE,Combined TRACON& Tower with Radar,114,53,43,85,295,0,1,33,4,38,114,54,76,89,333,44,152,196,529
04/16/2014,OKC,OK,ASW,CE,Combined TRACON& Tower with Radar,116,59,36,17,228,0,2,10,4,16,116,61,46,21,244,0,142,142,386
04/17/2014,OKC,OK,ASW,CE,Combined TRACON& Tower with Radar,126,58,71,85,340,0,1,16,4,21,126,59,87,89,361,0,60,60,421
04/18/2014,OKC,OK,ASW,CE,Combined TRACON& Tower with Radar,117,41,45,22,225,0,0,36,4,40,117,41,81,26,265,8,34,42,307
04/19/2014,OKC,OK,ASW,CE,Combined TRACON& Tower with Radar,86,34,9,2,131,0,0,10,6,16,86,34,19,8,147,4,0,4,151
04/20/2014,OKC,OK,ASW,CE,Combined TRACON& Tower with Radar,102,37,10,4,153,0,0,6,2,8,102,37,16,6,161,0,0,0,161
04/21/2014,OKC,OK,ASW,CE,Combined TRACON& Tower with Radar,117,43,63,13,236,0,0,13,3,16,117,43,76,16,252,16,0,16,268
04/22/2014,OKC,OK,ASW,CE,Combined TRACON& Tower with Radar,114,44,53,101,312,0,0,34,14,48,114,44,87,115,360,42,174,216,576
04/23/2014,OKC,OK,ASW,CE,Combined TRACON& Tower with Radar,122,46,48,96,312,0,1,28,15,44,122,47,76,111,356,0,102,102,458
04/24/2014,OKC,OK,ASW,CE,Combined TRACON& Tower with Radar,123,57,50,81,311,0,1,19,3,23,123,58,69,84,334,6,172,178,512
04/25/2014,OKC,OK,ASW,CE,Combined TRACON& Tower with Radar,120,44,41,46,251,0,2,22,6,30,120,46,63,52,281,0,94,94,375
04/26/2014,OKC,OK,ASW,CE,Combined TRACON& Tower with Radar,92,36,22,19,169,0,0,13,7,20,92,36,35,26,189,0,0,0,189
04/27/2014,OKC,OK,ASW,CE,Combined TRACON& Tower with Radar,117,44,16,14,191,2,0,4,2,8,119,44,20,16,199,0,0,0,199
04/28/2014,OKC,OK,ASW,CE,Combined TRACON& Tower with Radar,120,53,39,37,249,0,0,29,4,33,120,53,68,41,282,0,0,0,282
04/29/2014,OKC,OK,ASW,CE,Combined TRACON& Tower with Radar,113,52,53,146,364,0,0,33,12,45,113,52,86,158,409,0,134,134,543
04/30/2014,OKC,OK,ASW,CE,Combined TRACON& Tower with Radar,124,58,52,114,348,0,0,30,3,33,124,58,82,117,381,0,136,136,517
05/01/2014,OKC,OK,ASW,CE,Combined TRACON& Tower with Radar,130,52,35,56,273,0,1,32,10,43,130,53,67,66,316,56,122,178,494
05/02/2014,OKC,OK,ASW,CE,Combined TRACON& Tower with Radar,131,44,42,82,299,0,1,30,11,42,131,45,72,93,341,58,86,144,485
05/03/2014,OKC,OK,ASW,CE,Combined TRACON& Tower with Radar,101,42,23,23,189,0,0,15,8,23,101,42,38,31,212,0,24,24,236
05/04/2014,OKC,OK,ASW,CE,Combined TRACON& Tower with Radar,115,54,27,39,235,0,0,16,7,23,115,54,43,46,258,2,20,22,280
05/05/2014,OKC,OK,ASW,CE,Combined TRACON& Tower with Radar,117,51,26,105,299,0,0,31,11,42,117,51,57,116,341,0,62,62,403
05/06/2014,OKC,OK,ASW,CE,Combined TRACON& Tower with Radar,119,65,43,65,292,0,0,29,10,39,119,65,72,75,331,22,0,22,353
05/07/2014,OKC,OK,ASW,CE,Combined TRACON& Tower with Radar,123,58,56,78,315,0,0,24,12,36,123,58,80,90,351,0,74,74,425
05/08/2014,OKC,OK,ASW,CE,Combined TRACON& Tower with Radar,154,56,42,46,298,0,1,14,4,19,154,57,56,50,317,6,34,40,357
05/09/2014,OKC,OK,ASW,CE,Combined TRACON& Tower with Radar,132,46,45,98,321,0,0,22,12,34,132,46,67,110,355,0,174,174,529
05/10/2014,OKC,OK,ASW,CE,Combined TRACON& Tower with Radar,114,43,20,6,183,0,0,9,12,21,114,43,29,18,204,0,0,0,204
05/11/2014,OKC,OK,ASW,CE,Combined TRACON& Tower with Radar,125,47,14,28,214,0,0,7,4,11,125,47,21,32,225,0,24,24,249
05/12/2014,OKC,OK,ASW,CE,Combined TRACON& Tower with Radar,130,55,62,38,285,0,0,11,1,12,130,55,73,39,297,30,0,30,327
05/13/2014,OKC,OK,ASW,CE,Combined TRACON& Tower with Radar,111,52,71,114,348,0,4,26,11,41,111,56,97,125,389,0,138,138,527
05/14/2014,OKC,OK,ASW,CE,Combined TRACON& Tower with Radar,136,52,57,101,346,0,0,19,13,32,136,52,76,114,378,14,160,174,552
05/15/2014,OKC,OK,ASW,CE,Combined TRACON& Tower with Radar,132,55,57,48,292,0,0,15,10,25,132,55,72,58,317,0,174,174,491
05/16/2014,OKC,OK,ASW,CE,Combined TRACON& Tower with Radar,132,57,46,62,297,0,0,26,12,38,132,57,72,74,335,10,104,114,449
05/17/2014,OKC,OK,ASW,CE,Combined TRACON& Tower with Radar,106,35,14,21,176,0,0,12,4,16,106,35,26,25,192,10,34,44,236
05/18/2014,OKC,OK,ASW,CE,Combined TRACON& Tower with Radar,124,41,27,34,226,0,0,8,2,10,124,41,35,36,236,0,70,70,306
05/19/2014,OKC,OK,ASW,CE,Combined TRACON& Tower with Radar,125,52,35,104,316,0,0,25,12,37,125,52,60,116,353,14,204,218,571
05/20/2014,OKC,OK,ASW,CE,Combined TRACON& Tower with Radar,129,64,46,142,381,0,1,27,14,42,129,65,73,156,423,42,304,346,769
05/21/2014,OKC,OK,ASW,CE,Combined TRACON& Tower with Radar,125,57,56,106,344,0,2,14,13,29,125,59,70,119,373,12,146,158,531
05/22/2014,OKC,OK,ASW,CE,Combined TRACON& Tower with Radar,130,58,57,81,326,0,0,23,9,32,130,58,80,90,358,0,138,138,496
05/23/2014,OKC,OK,ASW,CE,Combined TRACON& Tower with Radar,139,52,49,7,247,0,0,5,2,7,139,52,54,9,254,0,0,0,254
05/24/2014,OKC,OK,ASW,CE,Combined TRACON& Tower with Radar,105,34,13,9,161,0,0,3,2,5,105,34,16,11,166,0,0,0,166
05/25/2014,OKC,OK,ASW,CE,Combined TRACON& Tower with Radar,131,26,28,0,185,0,1,1,6,8,131,27,29,6,193,0,0,0,193
05/26/2014,OKC,OK,ASW,CE,Combined TRACON& Tower with Radar,128,56,8,0,192,0,0,3,0,3,128,56,11,0,195,0,0,0,195
05/27/2014,OKC,OK,ASW,CE,Combined TRACON& Tower with Radar,126,58,72,18,274,0,0,3,2,5,126,58,75,20,279,0,0,0,279
05/28/2014,OKC,OK,ASW,CE,Combined TRACON& Tower with Radar,132,61,59,76,328,0,2,31,4,37,132,63,90,80,365,10,16,26,391
05/29/2014,OKC,OK,ASW,CE,Combined TRACON& Tower with Radar,140,58,38,101,337,0,6,27,5,38,140,64,65,106,375,0,84,84,459
05/30/2014,OKC,OK,ASW,CE,Combined TRACON& Tower with Radar,136,55,45,74,310,0,0,18,8,26,136,55,63,82,336,0,80,80,416
05/31/2014,OKC,OK,ASW,CE,Combined TRACON& Tower with Radar,117,40,24,48,229,0,0,3,7,10,117,40,27,55,239,0,16,16,255
06/01/2014,OKC,OK,ASW,CE,Combined TRACON& Tower with Radar,126,48,22,14,210,0,0,7,5,12,126,48,29,19,222,0,0,0,222
06/02/2014,OKC,OK,ASW,CE,Combined TRACON& Tower with Radar,130,49,42,86,307,0,2,11,15,28,130,51,53,101,335,14,122,136,471
06/03/2014,OKC,OK,ASW,CE,Combined TRACON& Tower with Radar,123,61,59,67,310,0,0,25,8,33,123,61,84,75,343,0,126,126,469
06/04/2014,OKC,OK,ASW,CE,Combined TRACON& Tower with Radar,132,55,40,68,295,0,0,14,12,26,132,55,54,80,321,0,126,126,447
06/05/2014,OKC,OK,ASW,CE,Combined TRACON& Tower with Radar,135,56,49,77,317,0,0,30,21,51,135,56,79,98,368,2,26,28,396
06/06/2014,OKC,OK,ASW,CE,Combined TRACON& Tower with Radar,130,54,42,21,247,0,0,10,3,13,130,54,52,24,260,0,0,0,260
06/07/2014,OKC,OK,ASW,CE,Combined TRACON& Tower with Radar,115,31,20,33,199,0,0,6,9,15,115,31,26,42,214,12,0,12,226
06/08/2014,OKC,OK,ASW,CE,Combined TRACON& Tower with Radar,111,46,15,23,195,0,0,0,7,7,111,46,15,30,202,0,0,0,202
06/09/2014,OKC,OK,ASW,CE,Combined TRACON& Tower with Radar,133,51,32,81,297,0,0,15,5,20,133,51,47,86,317,0,20,20,337
06/10/2014,OKC,OK,ASW,CE,Combined TRACON& Tower with Radar,142,57,69,65,333,0,1,20,10,31,142,58,89,75,364,4,72,76,440
06/11/2014,OKC,OK,ASW,CE,Combined TRACON& Tower with Radar,129,61,56,78,324,0,1,23,5,29,129,62,79,83,353,0,152,152,505
06/12/2014,OKC,OK,ASW,CE,Combined TRACON& Tower with Radar,133,66,56,72,327,0,0,23,5,28,133,66,79,77,355,0,58,58,413
06/13/2014,OKC,OK,ASW,CE,Combined TRACON& Tower with Radar,128,70,47,33,278,0,2,21,16,39,128,72,68,49,317,4,112,116,433
06/14/2014,OKC,OK,ASW,CE,Combined TRACON& Tower with Radar,118,35,4,3,160,0,0,6,18,24,118,35,10,21,184,0,0,0,184
06/15/2014,OKC,OK,ASW,CE,Combined TRACON& Tower with Radar,114,53,28,24,219,0,0,4,24,28,114,53,32,48,247,2,72,74,321
06/16/2014,OKC,OK,ASW,CE,Combined TRACON& Tower with Radar,127,57,54,107,345,0,0,33,8,41,127,57,87,115,386,6,172,178,564
06/17/2014,OKC,OK,ASW,CE,Combined TRACON& Tower with Radar,130,62,43,97,332,0,0,21,7,28,130,62,64,104,360,0,32,32,392
06/18/2014,OKC,OK,ASW,CE,Combined TRACON& Tower with Radar,124,51,49,73,297,0,1,21,10,32,124,52,70,83,329,18,120,138,467
06/19/2014,OKC,OK,ASW,CE,Combined TRACON& Tower with Radar,117,59,42,54,272,0,1,5,3,9,117,60,47,57,281,0,0,0,281
06/20/2014,OKC,OK,ASW,CE,Combined TRACON& Tower with Radar,123,55,29,26,233,0,1,18,13,32,123,56,47,39,265,0,112,112,377
06/21/2014,OKC,OK,ASW,CE,Combined TRACON& Tower with Radar,106,33,17,0,156,0,1,8,0,9,106,34,25,0,165,0,10,10,175
06/22/2014,OKC,OK,ASW,CE,Combined TRACON& Tower with Radar,106,42,13,35,196,0,1,6,6,13,106,43,19,41,209,0,4,4,213
06/23/2014,OKC,OK,ASW,CE,Combined TRACON& Tower with Radar,123,46,45,96,310,0,0,15,12,27,123,46,60,108,337,8,166,174,511
06/24/2014,OKC,OK,ASW,CE,Combined TRACON& Tower with Radar,146,61,51,107,365,0,0,18,14,32,146,61,69,121,397,18,362,380,777
06/25/2014,OKC,OK,ASW,CE,Combined TRACON& Tower with Radar,134,48,72,84,338,0,0,29,10,39,134,48,101,94,377,14,30,44,421
06/26/2014,OKC,OK,ASW,CE,Combined TRACON& Tower with Radar,138,64,76,127,405,0,1,16,2,19,138,65,92,129,424,10,330,340,764
06/27/2014,OKC,OK,ASW,CE,Combined TRACON& Tower with Radar,122,55,60,68,305,0,0,23,8,31,122,55,83,76,336,10,68,78,414
06/28/2014,OKC,OK,ASW,CE,Combined TRACON& Tower with Radar,104,45,27,13,189,0,0,9,2,11,104,45,36,15,200,10,0,10,210
06/29/2014,OKC,OK,ASW,CE,Combined TRACON& Tower with Radar,106,53,23,23,205,0,0,8,12,20,106,53,31,35,225,0,36,36,261
06/30/2014,OKC,OK,ASW,CE,Combined TRACON& Tower with Radar,112,55,30,42,239,0,0,19,7,26,112,55,49,49,265,20,90,110,375
07/01/2014,OKC,OK,ASW,CE,Combined TRACON& Tower with Radar,127,51,44,71,293,0,0,17,7,24,127,51,61,78,317,0,108,108,425
07/02/2014,OKC,OK,ASW,CE,Combined TRACON& Tower with Radar,117,55,44,60,276,0,1,22,15,38,117,56,66,75,314,32,106,138,452
07/03/2014,OKC,OK,ASW,CE,Combined TRACON& Tower with Radar,125,49,39,61,274,0,0,21,7,28,125,49,60,68,302,0,202,202,504
07/04/2014,OKC,OK,ASW,CE,Combined TRACON& Tower with Radar,81,34,8,0,123,0,1,8,6,15,81,35,16,6,138,0,0,0,138
07/05/2014,OKC,OK,ASW,CE,Combined TRACON& Tower with Radar,85,34,10,0,129,0,2,5,7,14,85,36,15,7,143,0,0,0,143
07/06/2014,OKC,OK,ASW,CE,Combined TRACON& Tower with Radar,115,42,15,2,174,0,0,13,2,15,115,42,28,4,189,0,0,0,189
07/07/2014,OKC,OK,ASW,CE,Combined TRACON& Tower with Radar,122,61,27,8,218,0,1,15,6,22,122,62,42,14,240,0,0,0,240
07/08/2014,OKC,OK,ASW,CE,Combined TRACON& Tower with Radar,121,64,48,79,312,0,0,19,4,23,121,64,67,83,335,0,30,30,365
07/09/2014,OKC,OK,ASW,CE,Combined TRACON& Tower with Radar,128,61,36,54,279,0,0,13,9,22,128,61,49,63,301,0,0,0,301
07/10/2014,OKC,OK,ASW,CE,Combined TRACON& Tower with Radar,120,62,42,39,263,0,1,18,7,26,120,63,60,46,289,0,0,0,289
07/11/2014,OKC,OK,ASW,CE,Combined TRACON& Tower with Radar,123,56,20,57,256,0,0,23,6,29,123,56,43,63,285,6,108,114,399
07/12/2014,OKC,OK,ASW,CE,Combined TRACON& Tower with Radar,103,38,8,11,160,0,0,13,26,39,103,38,21,37,199,0,10,10,209
07/13/2014,OKC,OK,ASW,CE,Combined TRACON& Tower with Radar,114,44,14,0,172,0,1,10,6,17,114,45,24,6,189,0,0,0,189
07/14/2014,OKC,OK,ASW,CE,Combined TRACON& Tower with Radar,140,55,46,53,294,0,0,23,3,26,140,55,69,56,320,0,12,12,332
07/15/2014,OKC,OK,ASW,CE,Combined TRACON& Tower with Radar,125,57,38,31,251,0,0,24,12,36,125,57,62,43,287,36,72,108,395
07/16/2014,OKC,OK,ASW,CE,Combined TRACON& Tower with Radar,128,62,39,15,244,0,1,14,5,20,128,63,53,20,264,0,0,0,264
07/17/2014,OKC,OK,ASW,CE,Combined TRACON& Tower with Radar,119,59,48,9,235,0,0,0,0,0,119,59,48,9,235,0,0,0,235
07/18/2014,OKC,OK,ASW,CE,Combined TRACON& Tower with Radar,121,52,46,31,250,0,0,6,1,7,121,52,52,32,257,2,10,12,269
07/19/2014,OKC,OK,ASW,CE,Combined TRACON& Tower with Radar,110,38,28,25,201,0,0,7,3,10,110,38,35,28,211,40,10,50,261
07/20/2014,OKC,OK,ASW,CE,Combined TRACON& Tower with Radar,117,47,27,12,203,0,2,11,2,15,117,49,38,14,218,0,0,0,218
07/21/2014,OKC,OK,ASW,CE,Combined TRACON& Tower with Radar,123,54,30,48,255,0,0,8,5,13,123,54,38,53,268,0,18,18,286
07/22/2014,OKC,OK,ASW,CE,Combined TRACON& Tower with Radar,127,64,38,38,267,0,1,20,8,29,127,65,58,46,296,0,0,0,296
07/23/2014,OKC,OK,ASW,CE,Combined TRACON& Tower with Radar,128,71,84,37,320,0,1,27,12,40,128,72,111,49,360,0,36,36,396
07/24/2014,OKC,OK,ASW,CE,Combined TRACON& Tower with Radar,125,68,32,7,232,0,0,25,16,41,125,68,57,23,273,0,0,0,273
07/25/2014,OKC,OK,ASW,CE,Combined TRACON& Tower with Radar,121,54,42,47,264,0,1,20,12,33,121,55,62,59,297,2,126,128,425
07/26/2014,OKC,OK,ASW,CE,Combined TRACON& Tower with Radar,101,39,23,12,175,0,1,21,3,25,101,40,44,15,200,4,0,4,204
07/27/2014,OKC,OK,ASW,CE,Combined TRACON& Tower with Radar,112,46,15,12,185,0,0,10,11,21,112,46,25,23,206,0,0,0,206
07/28/2014,OKC,OK,ASW,CE,Combined TRACON& Tower with Radar,120,64,44,55,283,0,1,10,8,19,120,65,54,63,302,0,96,96,398
07/29/2014,OKC,OK,ASW,CE,Combined TRACON& Tower with Radar,128,79,47,79,333,0,1,15,12,28,128,80,62,91,361,18,162,180,541
07/30/2014,OKC,OK,ASW,CE,Combined TRACON& Tower with Radar,128,53,40,17,238,0,0,0,0,0,128,53,40,17,238,0,0,0,238
07/31/2014,OKC,OK,ASW,CE,Combined TRACON& Tower with Radar,124,68,39,23,254,0,0,8,7,15,124,68,47,30,269,0,8,8,277
08/01/2014,OKC,OK,ASW,CE,Combined TRACON& Tower with Radar,127,53,36,35,251,0,3,9,10,22,127,56,45,45,273,32,0,32,305
08/02/2014,OKC,OK,ASW,CE,Combined TRACON& Tower with Radar,110,36,8,21,175,0,1,5,2,8,110,37,13,23,183,0,0,0,183
08/03/2014,OKC,OK,ASW,CE,Combined TRACON& Tower with Radar,115,42,16,20,193,0,0,7,5,12,115,42,23,25,205,0,4,4,209
08/04/2014,OKC,OK,ASW,CE,Combined TRACON& Tower with Radar,125,58,32,54,269,0,0,17,7,24,125,58,49,61,293,0,184,184,477
08/05/2014,OKC,OK,ASW,CE,Combined TRACON& Tower with Radar,130,75,53,52,310,0,0,25,8,33,130,75,78,60,343,10,92,102,445
08/06/2014,OKC,OK,ASW,CE,Combined TRACON& Tower with Radar,127,72,37,51,287,0,0,11,3,14,127,72,48,54,301,0,84,84,385
08/07/2014,OKC,OK,ASW,CE,Combined TRACON& Tower with Radar,131,72,35,44,282,0,0,5,7,12,131,72,40,51,294,0,22,22,316
08/08/2014,OKC,OK,ASW,CE,Combined TRACON& Tower with Radar,132,54,46,69,301,0,0,23,1,24,132,54,69,70,325,24,160,184,509
08/09/2014,OKC,OK,ASW,CE,Combined TRACON& Tower with Radar,104,40,15,12,171,0,1,8,11,20,104,41,23,23,191,0,0,0,191
08/10/2014,OKC,OK,ASW,CE,Combined TRACON& Tower with Radar,141,49,24,10,224,0,0,7,13,20,141,49,31,23,244,0,0,0,244
08/11/2014,OKC,OK,ASW,CE,Combined TRACON& Tower with Radar,121,60,51,73,305,0,0,22,16,38,121,60,73,89,343,0,68,68,411
08/12/2014,OKC,OK,ASW,CE,Combined TRACON& Tower with Radar,122,61,65,48,296,0,0,29,7,36,122,61,94,55,332,0,72,72,404
08/13/2014,OKC,OK,ASW,CE,Combined TRACON& Tower with Radar,125,67,52,40,284,0,1,37,10,48,125,68,89,50,332,0,70,70,402
08/14/2014,OKC,OK,ASW,CE,Combined TRACON& Tower with Radar,123,61,50,30,264,0,1,21,6,28,123,62,71,36,292,6,22,28,320
08/15/2014,OKC,OK,ASW,CE,Combined TRACON& Tower with Radar,120,52,44,44,260,0,0,19,4,23,120,52,63,48,283,0,84,84,367
08/16/2014,OKC,OK,ASW,CE,Combined TRACON& Tower with Radar,128,36,14,13,191,0,0,4,9,13,128,36,18,22,204,0,0,0,204
08/17/2014,OKC,OK,ASW,CE,Combined TRACON& Tower with Radar,130,52,12,9,203,0,2,9,14,25,130,54,21,23,228,0,0,0,228
08/18/2014,OKC,OK,ASW,CE,Combined TRACON& Tower with Radar,122,69,33,65,289,0,0,10,7,17,122,69,43,72,306,0,144,144,450
08/19/2014,OKC,OK,ASW,CE,Combined TRACON& Tower with Radar,118,55,63,42,278,0,0,25,6,31,118,55,88,48,309,8,79,87,396
08/20/2014,OKC,OK,ASW,CE,Combined TRACON& Tower with Radar,127,56,53,57,293,0,0,25,7,32,127,56,78,64,325,4,128,132,457
08/21/2014,OKC,OK,ASW,CE,Combined TRACON& Tower with Radar,123,63,50,47,283,0,0,27,13,40,123,63,77,60,323,0,40,40,363
08/22/2014,OKC,OK,ASW,CE,Combined TRACON& Tower with Radar,122,50,31,56,259,0,0,30,6,36,122,50,61,62,295,30,0,30,325
08/23/2014,OKC,OK,ASW,CE,Combined TRACON& Tower with Radar,93,32,8,23,156,0,0,14,7,21,93,32,22,30,177,0,0,0,177
08/24/2014,OKC,OK,ASW,CE,Combined TRACON& Tower with Radar,106,46,17,1,170,0,0,11,13,24,106,46,28,14,194,0,0,0,194
08/25/2014,OKC,OK,ASW,CE,Combined TRACON& Tower with Radar,116,48,36,84,284,0,0,12,13,25,116,48,48,97,309,0,34,34,343
08/26/2014,OKC,OK,ASW,CE,Combined TRACON& Tower with Radar,120,59,31,108,318,0,5,24,8,37,120,64,55,116,355,8,88,96,451
08/27/2014,OKC,OK,ASW,CE,Combined TRACON& Tower with Radar,126,48,56,57,287,0,0,15,2,17,126,48,71,59,304,0,86,86,390
08/28/2014,OKC,OK,ASW,CE,Combined TRACON& Tower with Radar,118,59,40,40,257,0,0,13,3,16,118,59,53,43,273,4,120,124,397
08/29/2014,OKC,OK,ASW,CE,Combined TRACON& Tower with Radar,132,40,41,50,263,0,0,7,6,13,132,40,48,56,276,0,66,66,342
08/30/2014,OKC,OK,ASW,CE,Combined TRACON& Tower with Radar,87,33,15,0,135,0,0,14,2,16,87,33,29,2,151,0,0,0,151
08/31/2014,OKC,OK,ASW,CE,Combined TRACON& Tower with Radar,93,18,10,0,121,0,0,7,6,13,93,18,17,6,134,0,0,0,134
09/01/2014,OKC,OK,ASW,CE,Combined TRACON& Tower with Radar,112,33,28,6,179,0,0,3,7,10,112,33,31,13,189,0,0,0,189
09/02/2014,OKC,OK,ASW,CE,Combined TRACON& Tower with Radar,125,50,48,72,295,0,0,13,11,24,125,50,61,83,319,0,12,12,331
09/03/2014,OKC,OK,ASW,CE,Combined TRACON& Tower with Radar,119,56,30,45,250,0,0,20,9,29,119,56,50,54,279,8,4,12,291
09/04/2014,OKC,OK,ASW,CE,Combined TRACON& Tower with Radar,118,61,56,59,294,0,1,28,12,41,118,62,84,71,335,2,82,84,419
09/05/2014,OKC,OK,ASW,CE,Combined TRACON& Tower with Radar,118,44,44,37,243,0,0,18,5,23,118,44,62,42,266,0,24,24,290
09/06/2014,OKC,OK,ASW,CE,Combined TRACON& Tower with Radar,85,28,14,29,156,0,0,0,2,2,85,28,14,31,158,0,0,0,158
09/07/2014,OKC,OK,ASW,CE,Combined TRACON& Tower with Radar,113,46,19,34,212,0,0,4,3,7,113,46,23,37,219,0,0,0,219
09/08/2014,OKC,OK,ASW,CE,Combined TRACON& Tower with Radar,122,60,50,111,343,0,1,26,6,33,122,61,76,117,376,0,68,68,444
09/09/2014,OKC,OK,ASW,CE,Combined TRACON& Tower with Radar,119,57,66,75,317,0,1,18,11,30,119,58,84,86,347,14,102,116,463
09/10/2014,OKC,OK,ASW,CE,Combined TRACON& Tower with Radar,127,51,57,67,302,0,2,19,5,26,127,53,76,72,328,0,50,50,378
09/11/2014,OKC,OK,ASW,CE,Combined TRACON& Tower with Radar,123,56,80,100,359,0,1,8,5,14,123,57,88,105,373,0,10,10,383
09/12/2014,OKC,OK,ASW,CE,Combined TRACON& Tower with Radar,126,49,65,32,272,0,0,0,0,0,126,49,65,32,272,0,6,6,278
09/13/2014,OKC,OK,ASW,CE,Combined TRACON& Tower with Radar,92,40,21,26,179,0,0,6,5,11,92,40,27,31,190,0,0,0,190
09/14/2014,OKC,OK,ASW,CE,Combined TRACON& Tower with Radar,115,48,24,33,220,0,0,8,2,10,115,48,32,35,230,0,22,22,252
09/15/2014,OKC,OK,ASW,CE,Combined TRACON& Tower with Radar,123,48,47,88,306,0,0,27,8,35,123,48,74,96,341,2,14,16,357
09/16/2014,OKC,OK,ASW,CE,Combined TRACON& Tower with Radar,127,53,75,41,296,0,2,27,13,42,127,55,102,54,338,0,0,0,338
09/17/2014,OKC,OK,ASW,CE,Combined TRACON& Tower with Radar,122,58,51,53,284,0,2,43,8,53,122,60,94,61,337,0,12,12,349
09/18/2014,OKC,OK,ASW,CE,Combined TRACON& Tower with Radar,128,62,66,60,316,0,0,25,5,30,128,62,91,65,346,4,10,14,360
09/19/2014,OKC,OK,ASW,CE,Combined TRACON& Tower with Radar,136,51,42,82,311,0,0,15,6,21,136,51,57,88,332,0,12,12,344
09/20/2014,OKC,OK,ASW,CE,Combined TRACON& Tower with Radar,100,32,25,13,170,0,0,4,6,10,100,32,29,19,180,0,0,0,180
09/21/2014,OKC,OK,ASW,CE,Combined TRACON& Tower with Radar,113,56,29,11,209,0,0,5,12,17,113,56,34,23,226,0,0,0,226
09/22/2014,OKC,OK,ASW,CE,Combined TRACON& Tower with Radar,117,42,24,73,256,0,0,22,11,33,117,42,46,84,289,12,146,158,447
09/23/2014,OKC,OK,ASW,CE,Combined TRACON& Tower with Radar,128,46,56,86,316,0,1,33,8,42,128,47,89,94,358,74,120,194,552
09/24/2014,OKC,OK,ASW,CE,Combined TRACON& Tower with Radar,131,46,56,99,332,0,0,28,5,33,131,46,84,104,365,0,92,92,457
09/25/2014,OKC,OK,ASW,CE,Combined TRACON& Tower with Radar,128,49,46,66,289,0,2,23,11,36,128,51,69,77,325,10,80,90,415
09/26/2014,OKC,OK,ASW,CE,Combined TRACON& Tower with Radar,116,44,51,72,283,0,4,22,14,40,116,48,73,86,323,16,135,151,474
09/27/2014,OKC,OK,ASW,CE,Combined TRACON& Tower with Radar,93,28,7,41,169,0,2,4,9,15,93,30,11,50,184,0,4,4,188
09/28/2014,OKC,OK,ASW,CE,Combined TRACON& Tower with Radar,114,45,23,23,205,0,2,19,7,28,114,47,42,30,233,0,18,18,251
09/29/2014,OKC,OK,ASW,CE,Combined TRACON& Tower with Radar,116,44,35,47,242,0,2,22,6,30,116,46,57,53,272,0,82,82,354
09/30/2014,OKC,OK,ASW,CE,Combined TRACON& Tower with Radar,126,49,63,10,248,0,3,36,15,54,126,52,99,25,302,34,14,48,350
10/01/2014,OKC,OK,ASW,CE,Combined TRACON& Tower with Radar,125,58,58,101,342,0,3,20,3,26,125,61,78,104,368,0,42,42,410
10/02/2014,OKC,OK,ASW,CE,Combined TRACON& Tower with Radar,132,52,50,99,333,0,0,12,8,20,132,52,62,107,353,0,46,46,399
10/03/2014,OKC,OK,ASW,CE,Combined TRACON& Tower with Radar,130,49,38,72,289,0,3,12,10,25,130,52,50,82,314,0,2,2,316
10/04/2014,OKC,OK,ASW,CE,Combined TRACON& Tower with Radar,102,35,15,40,192,0,3,16,5,24,102,38,31,45,216,0,0,0,216
10/05/2014,OKC,OK,ASW,CE,Combined TRACON& Tower with Radar,112,49,17,78,256,0,1,6,8,15,112,50,23,86,271,0,24,24,295
10/06/2014,OKC,OK,ASW,CE,Combined TRACON& Tower with Radar,137,59,32,117,345,0,0,13,8,21,137,59,45,125,366,0,88,88,454
10/07/2014,OKC,OK,ASW,CE,Combined TRACON& Tower with Radar,129,42,36,84,291,0,0,27,4,31,129,42,63,88,322,0,86,86,408
10/08/2014,OKC,OK,ASW,CE,Combined TRACON& Tower with Radar,132,46,50,69,297,0,1,27,3,31,132,47,77,72,328,26,130,156,484
10/09/2014,OKC,OK,ASW,CE,Combined TRACON& Tower with Radar,128,52,41,129,350,0,2,16,10,28,128,54,57,139,378,0,118,118,496
10/10/2014,OKC,OK,ASW,CE,Combined TRACON& Tower with Radar,126,40,32,12,210,0,0,1,0,1,126,40,33,12,211,8,0,8,219
10/11/2014,OKC,OK,ASW,CE,Combined TRACON& Tower with Radar,100,25,5,2,132,0,0,2,1,3,100,25,7,3,135,0,0,0,135
10/12/2014,OKC,OK,ASW,CE,Combined TRACON& Tower with Radar,113,51,25,2,191,0,0,16,6,22,113,51,41,8,213,0,0,0,213
10/13/2014,OKC,OK,ASW,CE,Combined TRACON& Tower with Radar,130,54,24,4,212,0,2,0,1,3,130,56,24,5,215,0,0,0,215
10/14/2014,OKC,OK,ASW,CE,Combined TRACON& Tower with Radar,127,59,44,57,287,0,2,37,9,48,127,61,81,66,335,12,142,154,489
10/15/2014,OKC,OK,ASW,CE,Combined TRACON& Tower with Radar,130,59,53,55,297,0,1,36,8,45,130,60,89,63,342,20,108,128,470
10/16/2014,OKC,OK,ASW,CE,Combined TRACON& Tower with Radar,132,50,42,74,298,0,3,24,12,39,132,53,66,86,337,4,200,204,541
10/17/2014,OKC,OK,ASW,CE,Combined TRACON& Tower with Radar,129,44,57,64,294,0,0,29,20,49,129,44,86,84,343,0,104,104,447
10/18/2014,OKC,OK,ASW,CE,Combined TRACON& Tower with Radar,101,29,21,12,163,0,0,15,11,26,101,29,36,23,189,0,0,0,189
10/19/2014,OKC,OK,ASW,CE,Combined TRACON& Tower with Radar,117,45,23,0,185,0,0,13,11,24,117,45,36,11,209,0,0,0,209
10/20/2014,OKC,OK,ASW,CE,Combined TRACON& Tower with Radar,126,45,32,18,221,0,2,24,4,30,126,47,56,22,251,2,0,2,253
10/21/2014,OKC,OK,ASW,CE,Combined TRACON& Tower with Radar,128,46,45,111,330,0,3,33,9,45,128,49,78,120,375,0,140,140,515
10/22/2014,OKC,OK,ASW,CE,Combined TRACON& Tower with Radar,128,41,59,54,282,0,1,30,0,31,128,42,89,54,313,0,126,126,439
10/23/2014,OKC,OK,ASW,CE,Combined TRACON& Tower with Radar,129,56,41,67,293,0,1,17,2,20,129,57,58,69,313,4,206,210,523
10/24/2014,OKC,OK,ASW,CE,Combined TRACON& Tower with Radar,131,48,45,69,293,0,3,31,6,40,131,51,76,75,333,0,38,38,371
10/25/2014,OKC,OK,ASW,CE,Combined TRACON& Tower with Radar,100,28,5,3,136,0,1,17,6,24,100,29,22,9,160,0,0,0,160
10/26/2014,OKC,OK,ASW,CE,Combined TRACON& Tower with Radar,114,47,12,17,190,0,0,5,13,18,114,47,17,30,208,0,0,0,208
10/27/2014,OKC,OK,ASW,CE,Combined TRACON& Tower with Radar,127,51,42,78,298,0,1,18,5,24,127,52,60,83,322,0,26,26,348
10/28/2014,OKC,OK,ASW,CE,Combined TRACON& Tower with Radar,123,42,58,68,291,0,0,37,19,56,123,42,95,87,347,9,62,71,418
10/29/2014,OKC,OK,ASW,CE,Combined TRACON& Tower with Radar,124,46,67,115,352,0,1,36,7,44,124,47,103,122,396,40,194,234,630
10/30/2014,OKC,OK,ASW,CE,Combined TRACON& Tower with Radar,120,58,65,80,323,0,1,24,5,30,120,59,89,85,353,0,16,16,369
10/31/2014,OKC,OK,ASW,CE,Combined TRACON& Tower with Radar,114,48,50,8,220,0,1,19,2,22,114,49,69,10,242,0,20,20,262
11/01/2014,OKC,OK,ASW,CE,Combined TRACON& Tower with Radar,95,42,31,28,196,0,2,21,3,26,95,44,52,31,222,0,0,0,222
11/02/2014,OKC,OK,ASW,CE,Combined TRACON& Tower with Radar,107,39,27,2,175,0,1,9,14,24,107,40,36,16,199,0,0,0,199
11/03/2014,OKC,OK,ASW,CE,Combined TRACON& Tower with Radar,120,54,31,88,293,0,1,9,0,10,120,55,40,88,303,0,74,74,377
11/04/2014,OKC,OK,ASW,CE,Combined TRACON& Tower with Radar,126,64,57,37,284,0,0,9,4,13,126,64,66,41,297,2,0,2,299
11/05/2014,OKC,OK,ASW,CE,Combined TRACON& Tower with Radar,121,62,60,103,346,0,0,26,7,33,121,62,86,110,379,0,150,150,529
11/06/2014,OKC,OK,ASW,CE,Combined TRACON& Tower with Radar,124,54,56,69,303,0,1,48,6,55,124,55,104,75,358,2,90,92,450
11/07/2014,OKC,OK,ASW,CE,Combined TRACON& Tower with Radar,126,58,39,110,333,0,2,24,9,35,126,60,63,119,368,0,180,180,548
11/08/2014,OKC,OK,ASW,CE,Combined TRACON& Tower with Radar,94,34,31,8,167,0,4,16,10,30,94,38,47,18,197,0,0,0,197
11/09/2014,OKC,OK,ASW,CE,Combined TRACON& Tower with Radar,107,41,23,7,178,0,2,17,3,22,107,43,40,10,200,0,0,0,200
11/10/2014,OKC,OK,ASW,CE,Combined TRACON& Tower with Radar,120,36,23,40,219,0,1,22,6,29,120,37,45,46,248,0,62,62,310
11/11/2014,OKC,OK,ASW,CE,Combined TRACON& Tower with Radar,120,52,30,0,202,0,4,15,5,24,120,56,45,5,226,0,0,0,226
11/12/2014,OKC,OK,ASW,CE,Combined TRACON& Tower with Radar,122,59,59,111,351,0,4,21,10,35,122,63,80,121,386,0,68,68,454
11/13/2014,OKC,OK,ASW,CE,Combined TRACON& Tower with Radar,127,60,53,92,332,0,2,12,8,22,127,62,65,100,354,0,78,78,432
11/14/2014,OKC,OK,ASW,CE,Combined TRACON& Tower with Radar,129,56,53,54,292,0,2,23,6,31,129,58,76,60,323,0,50,50,373
11/15/2014,OKC,OK,ASW,CE,Combined TRACON& Tower with Radar,96,31,17,19,163,0,2,5,0,7,96,33,22,19,170,0,0,0,170
11/16/2014,OKC,OK,ASW,CE,Combined TRACON& Tower with Radar,111,39,14,0,164,0,0,2,0,2,111,39,16,0,166,0,0,0,166
11/17/2014,OKC,OK,ASW,CE,Combined TRACON& Tower with Radar,121,56,43,25,245,0,1,10,8,19,121,57,53,33,264,0,8,8,272
11/18/2014,OKC,OK,ASW,CE,Combined TRACON& Tower with Radar,117,52,47,54,270,0,3,28,7,38,117,55,75,61,308,0,38,38,346
11/19/2014,OKC,OK,ASW,CE,Combined TRACON& Tower with Radar,121,67,57,80,325,0,1,25,3,29,121,68,82,83,354,0,106,106,460
11/20/2014,OKC,OK,ASW,CE,Combined TRACON& Tower with Radar,129,52,69,78,328,0,1,33,75,109,129,53,102,153,437,0,22,22,459
11/21/2014,OKC,OK,ASW,CE,Combined TRACON& Tower with Radar,122,53,46,18,239,0,0,4,1,5,122,53,50,19,244,0,0,0,244
11/22/2014,OKC,OK,ASW,CE,Combined TRACON& Tower with Radar,100,32,8,4,144,0,0,0,0,0,100,32,8,4,144,0,0,0,144
11/23/2014,OKC,OK,ASW,CE,Combined TRACON& Tower with Radar,103,31,15,16,165,0,0,4,3,7,103,31,19,19,172,0,0,0,172
11/24/2014,OKC,OK,ASW,CE,Combined TRACON& Tower with Radar,104,34,51,73,262,0,6,19,9,34,104,40,70,82,296,0,60,60,356
11/25/2014,OKC,OK,ASW,CE,Combined TRACON& Tower with Radar,116,42,42,111,311,0,3,34,9,46,116,45,76,120,357,6,48,54,411
11/26/2014,OKC,OK,ASW,CE,Combined TRACON& Tower with Radar,123,50,19,45,237,0,5,15,10,30,123,55,34,55,267,2,86,88,355
11/27/2014,OKC,OK,ASW,CE,Combined TRACON& Tower with Radar,72,29,4,0,105,0,1,6,5,12,72,30,10,5,117,0,0,0,117
11/28/2014,OKC,OK,ASW,CE,Combined TRACON& Tower with Radar,104,28,13,0,145,0,0,6,7,13,104,28,19,7,158,0,0,0,158
11/29/2014,OKC,OK,ASW,CE,Combined TRACON& Tower with Radar,116,42,13,2,173,0,0,13,12,25,116,42,26,14,198,0,0,0,198
11/30/2014,OKC,OK,ASW,CE,Combined TRACON& Tower with Radar,120,36,18,4,178,0,0,5,4,9,120,36,23,8,187,0,0,0,187
12/01/2014,OKC,OK,ASW,CE,Combined TRACON& Tower with Radar,131,43,35,82,291,0,0,14,6,20,131,43,49,88,311,0,0,0,311
12/02/2014,OKC,OK,ASW,CE,Combined TRACON& Tower with Radar,118,49,41,82,290,0,0,10,4,14,118,49,51,86,304,0,120,120,424
12/03/2014,OKC,OK,ASW,CE,Combined TRACON& Tower with Radar,128,38,45,53,264,0,0,7,0,7,128,38,52,53,271,0,0,0,271
12/04/2014,OKC,OK,ASW,CE,Combined TRACON& Tower with Radar,120,43,45,3,211,0,0,0,0,0,120,43,45,3,211,0,0,0,211
12/05/2014,OKC,OK,ASW,CE,Combined TRACON& Tower with Radar,115,54,59,50,278,0,0,2,0,2,115,54,61,50,280,0,12,12,292
12/06/2014,OKC,OK,ASW,CE,Combined TRACON& Tower with Radar,89,34,18,6,147,0,0,0,0,0,89,34,18,6,147,0,0,0,147
12/07/2014,OKC,OK,ASW,CE,Combined TRACON& Tower with Radar,106,35,24,5,170,0,0,2,0,2,106,35,26,5,172,0,0,0,172
12/08/2014,OKC,OK,ASW,CE,Combined TRACON& Tower with Radar,120,46,52,53,271,0,5,27,6,38,120,51,79,59,309,0,10,10,319
12/09/2014,OKC,OK,ASW,CE,Combined TRACON& Tower with Radar,122,44,64,82,312,0,3,35,12,50,122,47,99,94,362,0,0,0,362
12/10/2014,OKC,OK,ASW,CE,Combined TRACON& Tower with Radar,122,47,48,111,328,0,1,27,5,33,122,48,75,116,361,32,204,236,597
12/11/2014,OKC,OK,ASW,CE,Combined TRACON& Tower with Radar,133,58,58,84,333,0,1,13,5,19,133,59,71,89,352,0,100,100,452
12/12/2014,OKC,OK,ASW,CE,Combined TRACON& Tower with Radar,113,45,29,8,195,0,0,0,0,0,113,45,29,8,195,0,0,0,195
12/13/2014,OKC,OK,ASW,CE,Combined TRACON& Tower with Radar,104,19,8,1,132,0,0,0,0,0,104,19,8,1,132,0,0,0,132
12/14/2014,OKC,OK,ASW,CE,Combined TRACON& Tower with Radar,110,41,16,0,167,0,0,0,4,4,110,41,16,4,171,0,0,0,171
12/15/2014,OKC,OK,ASW,CE,Combined TRACON& Tower with Radar,122,49,61,49,281,0,1,23,3,27,122,50,84,52,308,0,0,0,308
12/16/2014,OKC,OK,ASW,CE,Combined TRACON& Tower with Radar,124,44,52,57,277,0,3,25,7,35,124,47,77,64,312,0,68,68,380
12/17/2014,OKC,OK,ASW,CE,Combined TRACON& Tower with Radar,119,53,40,27,239,0,3,18,5,26,119,56,58,32,265,0,0,0,265
12/18/2014,OKC,OK,ASW,CE,Combined TRACON& Tower with Radar,128,55,40,31,254,0,0,2,0,2,128,55,42,31,256,0,0,0,256
12/19/2014,OKC,OK,ASW,CE,Combined TRACON& Tower with Radar,127,43,30,40,240,0,0,0,0,0,127,43,30,40,240,0,0,0,240
12/20/2014,OKC,OK,ASW,CE,Combined TRACON& Tower with Radar,116,38,28,20,202,0,0,1,3,4,116,38,29,23,206,4,0,4,210
12/21/2014,OKC,OK,ASW,CE,Combined TRACON& Tower with Radar,115,42,9,6,172,0,0,0,0,0,115,42,9,6,172,0,0,0,172
12/22/2014,OKC,OK,ASW,CE,Combined TRACON& Tower with Radar,122,46,57,62,287,0,1,13,4,18,122,47,70,66,305,8,12,20,325
12/23/2014,OKC,OK,ASW,CE,Combined TRACON& Tower with Radar,141,43,38,67,289,0,1,23,4,28,141,44,61,71,317,2,172,174,491
12/24/2014,OKC,OK,ASW,CE,Combined TRACON& Tower with Radar,111,38,13,0,162,0,0,11,4,15,111,38,24,4,177,0,0,0,177
12/25/2014,OKC,OK,ASW,CE,Combined TRACON& Tower with Radar,96,23,2,0,121,0,0,0,3,3,96,23,2,3,124,0,0,0,124
12/26/2014,OKC,OK,ASW,CE,Combined TRACON& Tower with Radar,128,36,12,0,176,0,0,4,0,4,128,36,16,0,180,0,0,0,180
12/27/2014,OKC,OK,ASW,CE,Combined TRACON& Tower with Radar,117,32,11,0,160,0,0,2,2,4,117,32,13,2,164,0,0,0,164
12/28/2014,OKC,OK,ASW,CE,Combined TRACON& Tower with Radar,124,22,15,1,162,0,0,9,7,16,124,22,24,8,178,0,0,0,178
12/29/2014,OKC,OK,ASW,CE,Combined TRACON& Tower with Radar,123,32,16,1,172,0,1,22,11,34,123,33,38,12,206,0,0,0,206
12/30/2014,OKC,OK,ASW,CE,Combined TRACON& Tower with Radar,123,43,42,1,209,0,0,3,5,8,123,43,45,6,217,0,26,26,243
12/31/2014,OKC,OK,ASW,CE,Combined TRACON& Tower with Radar,115,22,18,0,155,0,0,3,6,9,115,22,21,6,164,0,0,0,164
01/01/2015,OKC,OK,ASW,CE,Combined TRACON& Tower with Radar,98,18,5,0,121,0,0,0,0,0,98,18,5,0,121,0,0,0,121
01/02/2015,OKC,OK,ASW,CE,Combined TRACON& Tower with Radar,119,35,21,0,175,0,0,0,0,0,119,35,21,0,175,0,0,0,175
01/03/2015,OKC,OK,ASW,CE,Combined TRACON& Tower with Radar,113,34,11,0,158,0,0,3,0,3,113,34,14,0,161,0,0,0,161
01/04/2015,OKC,OK,ASW,CE,Combined TRACON& Tower with Radar,113,39,11,1,164,0,0,20,4,24,113,39,31,5,188,0,0,0,188
01/05/2015,OKC,OK,ASW,CE,Combined TRACON& Tower with Radar,119,40,29,78,266,0,1,22,34,57,119,41,51,112,323,14,146,160,483
01/06/2015,OKC,OK,ASW,CE,Combined TRACON& Tower with Radar,118,28,43,67,256,0,7,21,9,37,118,35,64,76,293,16,114,130,423
01/07/2015,OKC,OK,ASW,CE,Combined TRACON& Tower with Radar,110,31,29,76,246,0,3,26,4,33,110,34,55,80,279,0,262,262,541
01/08/2015,OKC,OK,ASW,CE,Combined TRACON& Tower with Radar,116,46,28,50,240,0,5,33,5,43,116,51,61,55,283,0,110,110,393
01/09/2015,OKC,OK,ASW,CE,Combined TRACON& Tower with Radar,113,30,37,87,267,0,2,31,0,33,113,32,68,87,300,0,216,216,516
01/10/2015,OKC,OK,ASW,CE,Combined TRACON& Tower with Radar,91,19,9,18,137,0,1,14,11,26,91,20,23,29,163,34,8,42,205
01/11/2015,OKC,OK,ASW,CE,Combined TRACON& Tower with Radar,102,28,11,10,151,0,0,0,0,0,102,28,11,10,151,0,0,0,151
01/12/2015,OKC,OK,ASW,CE,Combined TRACON& Tower with Radar,115,46,28,37,226,0,3,4,3,10,115,49,32,40,236,4,44,48,284
01/13/2015,OKC,OK,ASW,CE,Combined TRACON& Tower with Radar,109,50,63,137,359,0,1,31,13,45,109,51,94,150,404,0,174,174,578
01/14/2015,OKC,OK,ASW,CE,Combined TRACON& Tower with Radar,114,44,55,93,306,0,3,26,13,42,114,47,81,106,348,0,204,204,552
01/15/2015,OKC,OK,ASW,CE,Combined TRACON& Tower with Radar,118,44,48,81,291,0,6,20,7,33,118,50,68,88,324,4,108,112,436
01/16/2015,OKC,OK,ASW,CE,Combined TRACON& Tower with Radar,115,36,32,62,245,0,2,21,5,28,115,38,53,67,273,6,80,86,359
01/17/2015,OKC,OK,ASW,CE,Combined TRACON& Tower with Radar,94,12,17,9,132,0,2,18,2,22,94,14,35,11,154,18,0,18,172
01/18/2015,OKC,OK,ASW,CE,Combined TRACON& Tower with Radar,107,19,15,18,159,0,3,10,13,26,107,22,25,31,185,12,0,12,197
01/19/2015,OKC,OK,ASW,CE,Combined TRACON& Tower with Radar,108,31,36,9,184,0,1,24,8,33,108,32,60,17,217,12,0,12,229
01/20/2015,OKC,OK,ASW,CE,Combined TRACON& Tower with Radar,112,46,55,140,353,0,2,25,8,35,112,48,80,148,388,42,166,208,596
01/21/2015,OKC,OK,ASW,CE,Combined TRACON& Tower with Radar,110,29,40,140,319,0,1,21,23,45,110,30,61,163,364,0,146,146,510
01/22/2015,OKC,OK,ASW,CE,Combined TRACON& Tower with Radar,112,33,57,89,291,0,0,9,10,19,112,33,66,99,310,8,52,60,370
01/23/2015,OKC,OK,ASW,CE,Combined TRACON& Tower with Radar,116,36,60,54,266,0,1,37,4,42,116,37,97,58,308,8,74,82,390
01/24/2015,OKC,OK,ASW,CE,Combined TRACON& Tower with Radar,89,18,19,7,133,0,1,14,7,22,89,19,33,14,155,0,0,0,155
01/25/2015,OKC,OK,ASW,CE,Combined TRACON& Tower with Radar,112,21,25,31,189,0,0,17,6,23,112,21,42,37,212,8,0,8,220
01/26/2015,OKC,OK,ASW,CE,Combined TRACON& Tower with Radar,111,27,43,70,251,0,3,22,1,26,111,30,65,71,277,8,136,144,421
01/27/2015,OKC,OK,ASW,CE,Combined TRACON& Tower with Radar,114,34,42,119,309,0,3,14,8,25,114,37,56,127,334,0,76,76,410
01/28/2015,OKC,OK,ASW,CE,Combined TRACON& Tower with Radar,109,34,49,68,260,0,2,24,7,33,109,36,73,75,293,10,78,88,381
01/29/2015,OKC,OK,ASW,CE,Combined TRACON& Tower with Radar,114,46,50,98,308,0,2,19,1,22,114,48,69,99,330,0,166,166,496
01/30/2015,OKC,OK,ASW,CE,Combined TRACON& Tower with Radar,111,29,31,32,203,0,0,14,6,20,111,29,45,38,223,0,110,110,333
01/31/2015,OKC,OK,ASW,CE,Combined TRACON& Tower with Radar,85,19,7,1,112,0,0,4,0,4,85,19,11,1,116,0,0,0,116
02/01/2015,OKC,OK,ASW,CE,Combined TRACON& Tower with Radar,99,22,10,4,135,0,0,1,5,6,99,22,11,9,141,0,0,0,141
02/02/2015,OKC,OK,ASW,CE,Combined TRACON& Tower with Radar,110,32,40,78,260,0,1,20,7,28,110,33,60,85,288,6,124,130,418
02/03/2015,OKC,OK,ASW,CE,Combined TRACON& Tower with Radar,115,31,42,107,295,0,1,33,7,41,115,32,75,114,336,22,94,116,452
02/04/2015,OKC,OK,ASW,CE,Combined TRACON& Tower with Radar,113,38,58,12,221,0,0,8,4,12,113,38,66,16,233,28,14,42,275
02/05/2015,OKC,OK,ASW,CE,Combined TRACON& Tower with Radar,117,41,45,87,290,0,0,34,2,36,117,41,79,89,326,0,56,56,382
02/06/2015,OKC,OK,ASW,CE,Combined TRACON& Tower with Radar,117,26,34,50,227,0,1,12,3,16,117,27,46,53,243,0,90,90,333
02/07/2015,OKC,OK,ASW,CE,Combined TRACON& Tower with Radar,89,15,20,8,132,0,1,17,7,25,89,16,37,15,157,0,0,0,157
02/08/2015,OKC,OK,ASW,CE,Combined TRACON& Tower with Radar,111,21,10,16,158,0,4,18,6,28,111,25,28,22,186,26,10,36,222
02/09/2015,OKC,OK,ASW,CE,Combined TRACON& Tower with Radar,119,23,35,125,302,0,3,29,8,40,119,26,64,133,342,8,150,158,500
02/10/2015,OKC,OK,ASW,CE,Combined TRACON& Tower with Radar,115,35,61,111,322,0,2,39,6,47,115,37,100,117,369,12,138,150,519
02/11/2015,OKC,OK,ASW,CE,Combined TRACON& Tower with Radar,111,44,56,84,295,0,2,20,4,26,111,46,76,88,321,0,114,114,435
02/12/2015,OKC,OK,ASW,CE,Combined TRACON& Tower with Radar,125,45,40,119,329,0,3,29,4,36,125,48,69,123,365,0,84,84,449
02/13/2015,OKC,OK,ASW,CE,Combined TRACON& Tower with Radar,121,33,54,87,295,0,2,19,4,25,121,35,73,91,320,16,8,24,344
02/14/2015,OKC,OK,ASW,CE,Combined TRACON& Tower with Radar,84,24,16,24,148,0,1,9,9,19,84,25,25,33,167,2,28,30,197
02/15/2015,OKC,OK,ASW,CE,Combined TRACON& Tower with Radar,94,30,10,2,136,0,0,3,5,8,94,30,13,7,144,0,0,0,144
02/16/2015,OKC,OK,ASW,CE,Combined TRACON& Tower with Radar,109,42,28,0,179,0,0,0,9,9,109,42,28,9,188,0,0,0,188
02/17/2015,OKC,OK,ASW,CE,Combined TRACON& Tower with Radar,117,30,23,97,267,0,5,25,14,44,117,35,48,111,311,0,62,62,373
02/18/2015,OKC,OK,ASW,CE,Combined TRACON& Tower with Radar,123,33,44,51,251,0,4,33,5,42,123,37,77,56,293,0,4,4,297
02/19/2015,OKC,OK,ASW,CE,Combined TRACON& Tower with Radar,114,47,43,79,283,0,3,31,6,40,114,50,74,85,323,16,110,126,449
02/20/2015,OKC,OK,ASW,CE,Combined TRACON& Tower with Radar,117,27,47,74,265,0,0,4,0,4,117,27,51,74,269,0,0,0,269
02/21/2015,OKC,OK,ASW,CE,Combined TRACON& Tower with Radar,80,37,23,42,182,0,0,11,6,17,80,37,34,48,199,0,0,0,199
02/22/2015,OKC,OK,ASW,CE,Combined TRACON& Tower with Radar,110,20,12,6,148,0,0,1,2,3,110,20,13,8,151,0,0,0,151
02/23/2015,OKC,OK,ASW,CE,Combined TRACON& Tower with Radar,102,35,17,4,158,0,0,2,0,2,102,35,19,4,160,0,0,0,160
02/24/2015,OKC,OK,ASW,CE,Combined TRACON& Tower with Radar,111,58,48,75,292,0,0,30,12,42,111,58,78,87,334,16,108,124,458
02/25/2015,OKC,OK,ASW,CE,Combined TRACON& Tower with Radar,117,46,71,114,348,0,1,43,12,56,117,47,114,126,404,6,256,262,666
02/26/2015,OKC,OK,ASW,CE,Combined TRACON& Tower with Radar,115,42,60,129,346,0,2,34,10,46,115,44,94,139,392,2,144,146,538
02/27/2015,OKC,OK,ASW,CE,Combined TRACON& Tower with Radar,115,47,24,10,196,0,1,6,6,13,115,48,30,16,209,12,0,12,221
02/28/2015,OKC,OK,ASW,CE,Combined TRACON& Tower with Radar,60,24,2,0,86,0,0,1,0,1,60,24,3,0,87,0,0,0,87
03/01/2015,OKC,OK,ASW,CE,Combined TRACON& Tower with Radar,92,22,27,0,141,0,0,0,0,0,92,22,27,0,141,0,0,0,141
03/02/2015,OKC,OK,ASW,CE,Combined TRACON& Tower with Radar,116,36,46,135,333,0,0,7,3,10,116,36,53,138,343,0,28,28,371
03/03/2015,OKC,OK,ASW,CE,Combined TRACON& Tower with Radar,113,33,34,91,271,0,0,16,3,19,113,33,50,94,290,0,14,14,304
03/04/2015,OKC,OK,ASW,CE,Combined TRACON& Tower with Radar,80,34,11,0,125,0,0,3,0,3,80,34,14,0,128,0,0,0,128
03/05/2015,OKC,OK,ASW,CE,Combined TRACON& Tower with Radar,108,39,44,53,244,0,4,20,10,34,108,43,64,63,278,14,22,36,314
03/06/2015,OKC,OK,ASW,CE,Combined TRACON& Tower with Radar,120,29,32,32,213,0,4,28,1,33,120,33,60,33,246,10,14,24,270
03/07/2015,OKC,OK,ASW,CE,Combined TRACON& Tower with Radar,108,17,21,7,153,0,1,9,12,22,108,18,30,19,175,0,0,0,175
03/08/2015,OKC,OK,ASW,CE,Combined TRACON& Tower with Radar,114,24,20,14,172,0,1,6,18,25,114,25,26,32,197,0,16,16,213
03/09/2015,OKC,OK,ASW,CE,Combined TRACON& Tower with Radar,117,38,35,21,211,0,0,1,1,2,117,38,36,22,213,0,0,0,213
03/10/2015,OKC,OK,ASW,CE,Combined TRACON& Tower with Radar,129,40,63,34,266,0,3,24,3,30,129,43,87,37,296,0,22,22,318
03/11/2015,OKC,OK,ASW,CE,Combined TRACON& Tower with Radar,126,45,61,79,311,0,3,58,11,72,126,48,119,90,383,10,48,58,441
03/12/2015,OKC,OK,ASW,CE,Combined TRACON& Tower with Radar,130,39,70,90,329,0,4,39,9,52,130,43,109,99,381,6,174,180,561
03/13/2015,OKC,OK,ASW,CE,Combined TRACON& Tower with Radar,128,32,62,58,280,0,0,19,2,21,128,32,81,60,301,0,0,0,301
03/14/2015,OKC,OK,ASW,CE,Combined TRACON& Tower with Radar,105,25,25,3,158,0,1,6,4,11,105,26,31,7,169,0,0,0,169
03/15/2015,OKC,OK,ASW,CE,Combined TRACON& Tower with Radar,120,24,20,6,170,0,0,7,8,15,120,24,27,14,185,0,0,0,185
03/16/2015,OKC,OK,ASW,CE,Combined TRACON& Tower with Radar,123,22,33,78,256,0,0,23,13,36,123,22,56,91,292,18,64,82,374
03/17/2015,OKC,OK,ASW,CE,Combined TRACON& Tower with Radar,125,29,44,89,287,0,2,18,1,21,125,31,62,90,308,12,124,136,444
03/18/2015,OKC,OK,ASW,CE,Combined TRACON& Tower with Radar,129,29,39,94,291,0,3,15,2,20,129,32,54,96,311,0,0,0,311
03/19/2015,OKC,OK,ASW,CE,Combined TRACON& Tower with Radar,125,35,43,9,212,0,0,0,0,0,125,35,43,9,212,0,0,0,212
03/20/2015,OKC,OK,ASW,CE,Combined TRACON& Tower with Radar,125,26,35,62,248,0,0,20,2,22,125,26,55,64,270,42,6,48,318
03/21/2015,OKC,OK,ASW,CE,Combined TRACON& Tower with Radar,103,27,34,3,167,0,0,8,1,9,103,27,42,4,176,0,0,0,176
03/22/2015,OKC,OK,ASW,CE,Combined TRACON& Tower with Radar,119,21,37,13,190,0,1,9,3,13,119,22,46,16,203,0,0,0,203
03/23/2015,OKC,OK,ASW,CE,Combined TRACON& Tower with Radar,122,36,38,69,265,0,1,26,4,31,122,37,64,73,296,68,56,124,420
03/24/2015,OKC,OK,ASW,CE,Combined TRACON& Tower with Radar,131,27,49,97,304,0,2,36,93,131,131,29,85,190,435,0,78,78,513
03/25/2015,OKC,OK,ASW,CE,Combined TRACON& Tower with Radar,133,36,49,27,245,0,1,11,1,13,133,37,60,28,258,0,0,0,258
03/26/2015,OKC,OK,ASW,CE,Combined TRACON& Tower with Radar,133,41,65,59,298,0,1,25,7,33,133,42,90,66,331,20,36,56,387
03/27/2015,OKC,OK,ASW,CE,Combined TRACON& Tower with Radar,131,36,46,27,240,0,1,24,3,28,131,37,70,30,268,8,0,8,276
03/28/2015,OKC,OK,ASW,CE,Combined TRACON& Tower with Radar,113,24,15,36,188,0,1,10,5,16,113,25,25,41,204,24,20,44,248
03/29/2015,OKC,OK,ASW,CE,Combined TRACON& Tower with Radar,116,26,16,13,171,0,0,12,7,19,116,26,28,20,190,0,0,0,190
03/30/2015,OKC,OK,ASW,CE,Combined TRACON& Tower with Radar,128,41,34,117,320,0,4,23,4,31,128,45,57,121,351,0,196,196,547
03/31/2015,OKC,OK,ASW,CE,Combined TRACON& Tower with Radar,129,44,26,55,254,0,2,8,5,15,129,46,34,60,269,0,80,80,349
04/01/2015,OKC,OK,ASW,CE,Combined TRACON& Tower with Radar,131,29,51,92,303,0,4,16,3,23,131,33,67,95,326,8,242,250,576
04/02/2015,OKC,OK,ASW,CE,Combined TRACON& Tower with Radar,138,40,38,90,306,0,2,13,16,31,138,42,51,106,337,64,202,266,603
04/03/2015,OKC,OK,ASW,CE,Combined TRACON& Tower with Radar,131,23,31,61,246,0,2,12,13,27,131,25,43,74,273,20,136,156,429
04/04/2015,OKC,OK,ASW,CE,Combined TRACON& Tower with Radar,99,10,14,1,124,0,1,10,12,23,99,11,24,13,147,8,0,8,155
04/05/2015,OKC,OK,ASW,CE,Combined TRACON& Tower with Radar,111,21,12,4,148,0,0,0,4,4,111,21,12,8,152,0,0,0,152
04/06/2015,OKC,OK,ASW,CE,Combined TRACON& Tower with Radar,126,26,30,74,256,0,1,15,6,22,126,27,45,80,278,0,48,48,326
04/07/2015,OKC,OK,ASW,CE,Combined TRACON& Tower with Radar,131,36,52,124,343,0,2,18,8,28,131,38,70,132,371,0,226,226,597
04/08/2015,OKC,OK,ASW,CE,Combined TRACON& Tower with Radar,122,32,35,60,249,0,3,8,4,15,122,35,43,64,264,0,76,76,340
04/09/2015,OKC,OK,ASW,CE,Combined TRACON& Tower with Radar,129,39,62,140,370,0,4,18,12,34,129,43,80,152,404,20,64,84,488
04/10/2015,OKC,OK,ASW,CE,Combined TRACON& Tower with Radar,124,27,44,30,225,0,1,23,3,27,124,28,67,33,252,0,54,54,306
04/11/2015,OKC,OK,ASW,CE,Combined TRACON& Tower with Radar,108,28,18,21,175,0,3,7,12,22,108,31,25,33,197,0,36,36,233
04/12/2015,OKC,OK,ASW,CE,Combined TRACON& Tower with Radar,122,29,19,23,193,0,0,6,4,10,122,29,25,27,203,2,0,2,205
04/13/2015,OKC,OK,ASW,CE,Combined TRACON& Tower with Radar,114,31,25,3,173,0,0,4,2,6,114,31,29,5,179,0,0,0,179
04/14/2015,OKC,OK,ASW,CE,Combined TRACON& Tower with Radar,129,34,44,35,242,0,0,16,1,17,129,34,60,36,259,0,0,0,259
04/15/2015,OKC,OK,ASW,CE,Combined TRACON& Tower with Radar,135,32,43,43,253,0,1,27,2,30,135,33,70,45,283,0,20,20,303
04/16/2015,OKC,OK,ASW,CE,Combined TRACON& Tower with Radar,136,39,52,113,340,0,0,15,12,27,136,39,67,125,367,0,122,122,489
04/17/2015,OKC,OK,ASW,CE,Combined TRACON& Tower with Radar,132,30,34,5,201,0,0,0,4,4,132,30,34,9,205,0,0,0,205
04/18/2015,OKC,OK,ASW,CE,Combined TRACON& Tower with Radar,108,12,25,21,166,0,1,2,1,4,108,13,27,22,170,0,0,0,170
04/19/2015,OKC,OK,ASW,CE,Combined TRACON& Tower with Radar,112,26,27,33,198,0,2,9,5,16,112,28,36,38,214,0,0,0,214
04/20/2015,OKC,OK,ASW,CE,Combined TRACON& Tower with Radar,124,40,52,69,285,0,2,43,6,51,124,42,95,75,336,14,26,40,376
04/21/2015,OKC,OK,ASW,CE,Combined TRACON& Tower with Radar,124,50,64,45,283,0,3,30,6,39,124,53,94,51,322,0,20,20,342
04/22/2015,OKC,OK,ASW,CE,Combined TRACON& Tower with Radar,124,31,52,27,234,0,1,9,4,14,124,32,61,31,248,6,0,6,254
04/23/2015,OKC,OK,ASW,CE,Combined TRACON& Tower with Radar,131,41,55,46,273,0,0,13,1,14,131,41,68,47,287,0,0,0,287
04/24/2015,OKC,OK,ASW,CE,Combined TRACON& Tower with Radar,135,41,37,89,302,0,0,8,1,9,135,41,45,90,311,22,28,50,361
04/25/2015,OKC,OK,ASW,CE,Combined TRACON& Tower with Radar,103,13,10,62,188,0,3,16,13,32,103,16,26,75,220,14,10,24,244
04/26/2015,OKC,OK,ASW,CE,Combined TRACON& Tower with Radar,117,25,30,49,221,0,2,1,5,8,117,27,31,54,229,0,0,0,229
04/27/2015,OKC,OK,ASW,CE,Combined TRACON& Tower with Radar,121,29,30,2,182,0,2,0,0,2,121,31,30,2,184,0,0,0,184
04/28/2015,OKC,OK,ASW,CE,Combined TRACON& Tower with Radar,125,25,49,16,215,0,2,19,1,22,125,27,68,17,237,0,0,0,237
04/29/2015,OKC,OK,ASW,CE,Combined TRACON& Tower with Radar,123,35,49,69,276,0,2,45,10,57,123,37,94,79,333,6,0,6,339
04/30/2015,OKC,OK,ASW,CE,Combined TRACON& Tower with Radar,126,32,52,61,271,0,2,29,10,41,126,34,81,71,312,4,80,84,396
05/01/2015,OKC,OK,ASW,CE,Combined TRACON& Tower with Radar,126,37,42,75,280,0,4,23,2,29,126,41,65,77,309,16,38,54,363
05/02/2015,OKC,OK,ASW,CE,Combined TRACON& Tower with Radar,105,16,22,12,155,0,2,15,9,26,105,18,37,21,181,0,0,0,181
05/03/2015,OKC,OK,ASW,CE,Combined TRACON& Tower with Radar,114,22,12,23,171,0,0,13,5,18,114,22,25,28,189,0,18,18,207
05/04/2015,OKC,OK,ASW,CE,Combined TRACON& Tower with Radar,115,22,50,113,300,0,1,15,6,22,115,23,65,119,322,0,24,24,346
05/05/2015,OKC,OK,ASW,CE,Combined TRACON& Tower with Radar,126,36,34,28,224,0,1,14,5,20,126,37,48,33,244,8,52,60,304
05/06/2015,OKC,OK,ASW,CE,Combined TRACON& Tower with Radar,87,31,29,49,196,0,0,5,0,5,87,31,34,49,201,0,0,0,201
05/07/2015,OKC,OK,ASW,CE,Combined TRACON& Tower with Radar,117,42,38,23,220,0,2,11,0,13,117,44,49,23,233,0,0,0,233
05/08/2015,OKC,OK,ASW,CE,Combined TRACON& Tower with Radar,127,31,32,40,230,0,0,3,2,5,127,31,35,42,235,0,0,0,235
05/09/2015,OKC,OK,ASW,CE,Combined TRACON& Tower with Radar,105,20,5,3,133,0,0,0,0,0,105,20,5,3,133,0,0,0,133
05/10/2015,OKC,OK,ASW,CE,Combined TRACON& Tower with Radar,115,21,15,11,162,0,1,2,5,8,115,22,17,16,170,0,0,0,170
05/11/2015,OKC,OK,ASW,CE,Combined TRACON& Tower with Radar,121,31,50,51,253,0,0,23,8,31,121,31,73,59,284,0,32,32,316
05/12/2015,OKC,OK,ASW,CE,Combined TRACON& Tower with Radar,125,30,44,97,296,0,1,27,4,32,125,31,71,101,328,8,46,54,382
05/13/2015,OKC,OK,ASW,CE,Combined TRACON& Tower with Radar,126,36,45,54,261,0,0,3,2,5,126,36,48,56,266,6,4,10,276
05/14/2015,OKC,OK,ASW,CE,Combined TRACON& Tower with Radar,138,41,69,91,339,0,5,23,11,39,138,46,92,102,378,0,0,0,378
05/15/2015,OKC,OK,ASW,CE,Combined TRACON& Tower with Radar,123,27,47,122,319,0,0,25,1,26,123,27,72,123,345,0,222,222,567
05/16/2015,OKC,OK,ASW,CE,Combined TRACON& Tower with Radar,109,16,8,2,135,0,0,2,0,2,109,16,10,2,137,0,0,0,137
05/17/2015,OKC,OK,ASW,CE,Combined TRACON& Tower with Radar,127,26,24,5,182,0,0,16,3,19,127,26,40,8,201,0,10,10,211
05/18/2015,OKC,OK,ASW,CE,Combined TRACON& Tower with Radar,126,37,50,64,277,0,0,26,1,27,126,37,76,65,304,0,166,166,470
05/19/2015,OKC,OK,ASW,CE,Combined TRACON& Tower with Radar,129,45,68,17,259,0,0,7,2,9,129,45,75,19,268,0,0,0,268
05/20/2015,OKC,OK,ASW,CE,Combined TRACON& Tower with Radar,125,34,83,42,284,0,0,11,1,12,125,34,94,43,296,0,24,24,320
05/21/2015,OKC,OK,ASW,CE,Combined TRACON& Tower with Radar,134,51,68,84,337,0,0,29,4,33,134,51,97,88,370,6,136,142,512
05/22/2015,OKC,OK,ASW,CE,Combined TRACON& Tower with Radar,130,40,41,5,216,0,2,0,1,3,130,42,41,6,219,0,0,0,219
05/23/2015,OKC,OK,ASW,CE,Combined TRACON& Tower with Radar,109,11,4,0,124,0,0,0,0,0,109,11,4,0,124,0,0,0,124
05/24/2015,OKC,OK,ASW,CE,Combined TRACON& Tower with Radar,106,23,5,0,134,0,0,3,0,3,106,23,8,0,137,0,0,0,137
05/25/2015,OKC,OK,ASW,CE,Combined TRACON& Tower with Radar,104,24,13,1,142,0,0,0,2,2,104,24,13,3,144,0,0,0,144
05/26/2015,OKC,OK,ASW,CE,Combined TRACON& Tower with Radar,121,41,44,28,234,0,2,16,0,18,121,43,60,28,252,0,6,6,258
05/27/2015,OKC,OK,ASW,CE,Combined TRACON& Tower with Radar,130,28,46,56,260,0,2,17,4,23,130,30,63,60,283,0,88,88,371
05/28/2015,OKC,OK,ASW,CE,Combined TRACON& Tower with Radar,137,27,45,96,305,0,0,19,1,20,137,27,64,97,325,0,66,66,391
05/29/2015,OKC,OK,ASW,CE,Combined TRACON& Tower with Radar,129,31,25,128,313,0,0,15,7,22,129,31,40,135,335,8,390,398,733
05/30/2015,OKC,OK,ASW,CE,Combined TRACON& Tower with Radar,107,26,30,34,197,0,0,14,7,21,107,26,44,41,218,14,20,34,252
05/31/2015,OKC,OK,ASW,CE,Combined TRACON& Tower with Radar,121,29,19,21,190,0,2,11,5,18,121,31,30,26,208,8,2,10,218
06/01/2015,OKC,OK,ASW,CE,Combined TRACON& Tower with Radar,126,26,58,48,258,0,1,18,6,25,126,27,76,54,283,18,56,74,357
06/02/2015,OKC,OK,ASW,CE,Combined TRACON& Tower with Radar,130,29,44,64,267,0,2,23,2,27,130,31,67,66,294,0,100,100,394
06/03/2015,OKC,OK,ASW,CE,Combined TRACON& Tower with Radar,127,31,62,123,343,0,4,21,5,30,127,35,83,128,373,6,132,138,511
06/04/2015,OKC,OK,ASW,CE,Combined TRACON& Tower with Radar,141,31,37,73,282,0,3,15,3,21,141,34,52,76,303,0,104,104,407
06/05/2015,OKC,OK,ASW,CE,Combined TRACON& Tower with Radar,138,21,32,80,271,0,3,27,11,41,138,24,59,91,312,0,80,80,392
06/06/2015,OKC,OK,ASW,CE,Combined TRACON& Tower with Radar,116,21,15,12,164,0,2,17,9,28,116,23,32,21,192,0,14,14,206
06/07/2015,OKC,OK,ASW,CE,Combined TRACON& Tower with Radar,131,19,13,10,173,0,2,9,4,15,131,21,22,14,188,0,0,0,188
06/08/2015,OKC,OK,ASW,CE,Combined TRACON& Tower with Radar,128,25,43,43,239,0,1,27,4,32,128,26,70,47,271,10,48,58,329
06/09/2015,OKC,OK,ASW,CE,Combined TRACON& Tower with Radar,135,29,65,84,313,0,0,31,6,37,135,29,96,90,350,6,104,110,460
06/10/2015,OKC,OK,ASW,CE,Combined TRACON& Tower with Radar,129,32,42,51,254,0,4,14,8,26,129,36,56,59,280,0,138,138,418
06/11/2015,OKC,OK,ASW,CE,Combined TRACON& Tower with Radar,136,37,72,54,299,0,0,28,2,30,136,37,100,56,329,12,80,92,421
06/12/2015,OKC,OK,ASW,CE,Combined TRACON& Tower with Radar,120,21,47,73,261,0,0,30,5,35,120,21,77,78,296,4,90,94,390
06/13/2015,OKC,OK,ASW,CE,Combined TRACON& Tower with Radar,131,19,21,11,182,0,0,0,4,4,131,19,21,15,186,0,0,0,186
06/14/2015,OKC,OK,ASW,CE,Combined TRACON& Tower with Radar,127,22,19,10,178,0,0,2,5,7,127,22,21,15,185,0,0,0,185
06/15/2015,OKC,OK,ASW,CE,Combined TRACON& Tower with Radar,129,26,50,22,227,0,0,9,3,12,129,26,59,25,239,0,6,6,245
06/16/2015,OKC,OK,ASW,CE,Combined TRACON& Tower with Radar,123,44,45,46,258,0,1,3,2,6,123,45,48,48,264,0,0,0,264
06/17/2015,OKC,OK,ASW,CE,Combined TRACON& Tower with Radar,137,34,32,19,222,0,0,6,0,6,137,34,38,19,228,0,0,0,228
06/18/2015,OKC,OK,ASW,CE,Combined TRACON& Tower with Radar,141,26,48,61,276,0,0,15,3,18,141,26,63,64,294,0,0,0,294
06/19/2015,OKC,OK,ASW,CE,Combined TRACON& Tower with Radar,135,31,35,39,240,0,1,30,3,34,135,32,65,42,274,2,92,94,368
06/20/2015,OKC,OK,ASW,CE,Combined TRACON& Tower with Radar,120,12,19,18,169,0,1,15,6,22,120,13,34,24,191,0,0,0,191
06/21/2015,OKC,OK,ASW,CE,Combined TRACON& Tower with Radar,127,16,9,7,159,0,2,2,8,12,127,18,11,15,171,14,0,14,185
06/22/2015,OKC,OK,ASW,CE,Combined TRACON& Tower with Radar,134,33,36,58,261,0,1,21,4,26,134,34,57,62,287,0,0,0,287
06/23/2015,OKC,OK,ASW,CE,Combined TRACON& Tower with Radar,134,32,45,66,277,0,2,37,1,40,134,34,82,67,317,2,120,122,439
06/24/2015,OKC,OK,ASW,CE,Combined TRACON& Tower with Radar,133,30,54,51,268,0,2,35,3,40,133,32,89,54,308,6,6,12,320
06/25/2015,OKC,OK,ASW,CE,Combined TRACON& Tower with Radar,139,37,47,116,339,0,2,34,8,44,139,39,81,124,383,10,174,184,567
06/26/2015,OKC,OK,ASW,CE,Combined TRACON& Tower with Radar,136,39,40,52,267,0,1,18,3,22,136,40,58,55,289,20,98,118,407
06/27/2015,OKC,OK,ASW,CE,Combined TRACON& Tower with Radar,120,15,27,27,189,0,0,11,7,18,120,15,38,34,207,0,0,0,207
06/28/2015,OKC,OK,ASW,CE,Combined TRACON& Tower with Radar,130,20,16,26,192,0,1,8,2,11,130,21,24,28,203,0,0,0,203
06/29/2015,OKC,OK,ASW,CE,Combined TRACON& Tower with Radar,136,33,50,73,292,0,4,22,6,32,136,37,72,79,324,20,66,86,410
06/30/2015,OKC,OK,ASW,CE,Combined TRACON& Tower with Radar,133,27,34,86,280,0,1,44,3,48,133,28,78,89,328,0,302,302,630
07/01/2015,OKC,OK,ASW,CE,Combined TRACON& Tower with Radar,141,35,51,127,354,0,2,27,11,40,141,37,78,138,394,16,144,160,554
07/02/2015,OKC,OK,ASW,CE,Combined TRACON& Tower with Radar,138,28,45,15,226,0,3,15,9,27,138,31,60,24,253,0,24,24,277
07/03/2015,OKC,OK,ASW,CE,Combined TRACON& Tower with Radar,129,22,17,1,169,0,0,3,3,6,129,22,20,4,175,0,0,0,175
07/04/2015,OKC,OK,ASW,CE,Combined TRACON& Tower with Radar,102,10,0,0,112,0,0,1,5,6,102,10,1,5,118,0,0,0,118
07/05/2015,OKC,OK,ASW,CE,Combined TRACON& Tower with Radar,116,28,13,7,164,0,0,12,7,19,116,28,25,14,183,0,0,0,183
07/06/2015,OKC,OK,ASW,CE,Combined TRACON& Tower with Radar,137,24,28,77,266,0,1,13,2,16,137,25,41,79,282,6,118,124,406
07/07/2015,OKC,OK,ASW,CE,Combined TRACON& Tower with Radar,140,20,38,64,262,0,0,4,0,4,140,20,42,64,266,0,0,0,266
07/08/2015,OKC,OK,ASW,CE,Combined TRACON& Tower with Radar,134,34,74,40,282,0,0,7,0,7,134,34,81,40,289,0,0,0,289
07/09/2015,OKC,OK,ASW,CE,Combined TRACON& Tower with Radar,139,40,48,29,256,0,1,15,2,18,139,41,63,31,274,6,30,36,310
07/10/2015,OKC,OK,ASW,CE,Combined TRACON& Tower with Radar,137,24,47,81,289,0,1,33,7,41,137,25,80,88,330,12,170,182,512
07/11/2015,OKC,OK,ASW,CE,Combined TRACON& Tower with Radar,118,20,20,22,180,0,1,17,5,23,118,21,37,27,203,0,0,0,203
07/12/2015,OKC,OK,ASW,CE,Combined TRACON& Tower with Radar,125,27,21,29,202,0,0,13,5,18,125,27,34,34,220,0,0,0,220
07/13/2015,OKC,OK,ASW,CE,Combined TRACON& Tower with Radar,133,24,34,95,286,0,3,20,6,29,133,27,54,101,315,4,180,184,499
07/14/2015,OKC,OK,ASW,CE,Combined TRACON& Tower with Radar,141,28,40,84,293,0,9,28,4,41,141,37,68,88,334,32,0,32,366
07/15/2015,OKC,OK,ASW,CE,Combined TRACON& Tower with Radar,138,30,43,15,226,0,3,33,10,46,138,33,76,25,272,0,12,12,284
07/16/2015,OKC,OK,ASW,CE,Combined TRACON& Tower with Radar,145,39,47,54,285,0,5,29,5,39,145,44,76,59,324,0,0,0,324
07/17/2015,OKC,OK,ASW,CE,Combined TRACON& Tower with Radar,141,25,36,55,257,0,4,16,4,24,141,29,52,59,281,6,100,106,387
07/18/2015,OKC,OK,ASW,CE,Combined TRACON& Tower with Radar,116,16,22,32,186,0,2,23,6,31,116,18,45,38,217,4,18,22,239
07/19/2015,OKC,OK,ASW,CE,Combined TRACON& Tower with Radar,122,25,9,21,177,0,0,11,8,19,122,25,20,29,196,0,0,0,196
07/20/2015,OKC,OK,ASW,CE,Combined TRACON& Tower with Radar,140,22,45,33,240,0,1,23,5,29,140,23,68,38,269,0,0,0,269
07/21/2015,OKC,OK,ASW,CE,Combined TRACON& Tower with Radar,134,24,37,52,247,0,0,12,9,21,134,24,49,61,268,0,0,0,268
07/22/2015,OKC,OK,ASW,CE,Combined TRACON& Tower with Radar,137,31,32,65,265,0,2,23,3,28,137,33,55,68,293,22,74,96,389
07/23/2015,OKC,OK,ASW,CE,Combined TRACON& Tower with Radar,145,24,39,104,312,0,2,24,15,41,145,26,63,119,353,62,48,110,463
07/24/2015,OKC,OK,ASW,CE,Combined TRACON& Tower with Radar,141,26,32,69,268,0,2,28,6,36,141,28,60,75,304,6,58,64,368
07/25/2015,OKC,OK,ASW,CE,Combined TRACON& Tower with Radar,114,18,16,25,173,0,1,10,10,21,114,19,26,35,194,0,10,10,204
07/26/2015,OKC,OK,ASW,CE,Combined TRACON& Tower with Radar,130,18,17,11,176,0,0,3,4,7,130,18,20,15,183,0,0,0,183
07/27/2015,OKC,OK,ASW,CE,Combined TRACON& Tower with Radar,139,22,45,52,258,0,3,24,4,31,139,25,69,56,289,0,0,0,289
07/28/2015,OKC,OK,ASW,CE,Combined TRACON& Tower with Radar,134,27,48,60,269,0,3,34,5,42,134,30,82,65,311,0,54,54,365
07/29/2015,OKC,OK,ASW,CE,Combined TRACON& Tower with Radar,136,23,47,61,267,0,5,41,3,49,136,28,88,64,316,28,98,126,442
07/30/2015,OKC,OK,ASW,CE,Combined TRACON& Tower with Radar,140,26,61,16,243,0,2,34,11,47,140,28,95,27,290,0,76,76,366
07/31/2015,OKC,OK,ASW,CE,Combined TRACON& Tower with Radar,137,35,30,28,230,0,1,8,2,11,137,36,38,30,241,0,20,20,261
08/01/2015,OKC,OK,ASW,CE,Combined TRACON& Tower with Radar,115,19,15,25,174,0,3,8,12,23,115,22,23,37,197,0,0,0,197
08/02/2015,OKC,OK,ASW,CE,Combined TRACON& Tower with Radar,132,28,12,17,189,0,0,8,9,17,132,28,20,26,206,0,12,12,218
08/03/2015,OKC,OK,ASW,CE,Combined TRACON& Tower with Radar,142,34,45,98,319,0,2,27,6,35,142,36,72,104,354,12,14,26,380
08/04/2015,OKC,OK,ASW,CE,Combined TRACON& Tower with Radar,133,27,32,147,339,0,2,23,12,37,133,29,55,159,376,32,40,72,448
08/05/2015,OKC,OK,ASW,CE,Combined TRACON& Tower with Radar,139,30,36,94,299,0,3,27,8,38,139,33,63,102,337,0,210,210,547
08/06/2015,OKC,OK,ASW,CE,Combined TRACON& Tower with Radar,148,28,37,112,325,0,2,37,2,41,148,30,74,114,366,0,132,132,498
08/07/2015,OKC,OK,ASW,CE,Combined TRACON& Tower with Radar,136,17,42,51,246,0,14,28,4,46,136,31,70,55,292,2,50,52,344
08/08/2015,OKC,OK,ASW,CE,Combined TRACON& Tower with Radar,120,14,10,6,150,0,1,16,10,27,120,15,26,16,177,0,0,0,177
08/09/2015,OKC,OK,ASW,CE,Combined TRACON& Tower with Radar,129,21,28,35,213,0,0,8,5,13,129,21,36,40,226,0,0,0,226
08/10/2015,OKC,OK,ASW,CE,Combined TRACON& Tower with Radar,138,24,46,103,311,0,1,24,3,28,138,25,70,106,339,0,129,129,468
08/11/2015,OKC,OK,ASW,CE,Combined TRACON& Tower with Radar,139,27,39,114,319,0,3,23,16,42,139,30,62,130,361,4,118,122,483
08/12/2015,OKC,OK,ASW,CE,Combined TRACON& Tower with Radar,137,21,47,140,345,0,3,45,13,61,137,24,92,153,406,4,156,160,566
08/13/2015,OKC,OK,ASW,CE,Combined TRACON& Tower with Radar,141,23,39,110,313,0,10,32,4,46,141,33,71,114,359,6,64,70,429
08/14/2015,OKC,OK,ASW,CE,Combined TRACON& Tower with Radar,138,16,33,22,209,0,4,16,0,20,138,20,49,22,229,12,0,12,241
08/15/2015,OKC,OK,ASW,CE,Combined TRACON& Tower with Radar,115,9,17,17,158,0,1,15,10,26,115,10,32,27,184,0,0,0,184
08/16/2015,OKC,OK,ASW,CE,Combined TRACON& Tower with Radar,136,12,18,17,183,0,0,15,5,20,136,12,33,22,203,0,0,0,203
08/17/2015,OKC,OK,ASW,CE,Combined TRACON& Tower with Radar,138,35,41,158,372,0,1,32,5,38,138,36,73,163,410,46,110,156,566
08/18/2015,OKC,OK,ASW,CE,Combined TRACON& Tower with Radar,133,34,46,127,340,0,2,25,5,32,133,36,71,132,372,0,108,108,480
08/19/2015,OKC,OK,ASW,CE,Combined TRACON& Tower with Radar,134,34,41,54,263,0,4,15,5,24,134,38,56,59,287,0,0,0,287
08/20/2015,OKC,OK,ASW,CE,Combined TRACON& Tower with Radar,136,41,54,96,327,0,3,38,14,55,136,44,92,110,382,54,18,72,454
08/21/2015,OKC,OK,ASW,CE,Combined TRACON& Tower with Radar,133,43,52,20,248,0,0,24,2,26,133,43,76,22,274,0,14,14,288
08/22/2015,OKC,OK,ASW,CE,Combined TRACON& Tower with Radar,104,22,11,37,174,0,1,5,22,28,104,23,16,59,202,0,0,0,202
08/23/2015,OKC,OK,ASW,CE,Combined TRACON& Tower with Radar,122,28,17,23,190,0,1,6,4,11,122,29,23,27,201,0,0,0,201
08/24/2015,OKC,OK,ASW,CE,Combined TRACON& Tower with Radar,131,33,47,76,287,0,6,13,5,24,131,39,60,81,311,0,38,38,349
08/25/2015,OKC,OK,ASW,CE,Combined TRACON& Tower with Radar,132,37,57,94,320,0,3,24,3,30,132,40,81,97,350,0,14,14,364
08/26/2015,OKC,OK,ASW,CE,Combined TRACON& Tower with Radar,129,25,45,60,259,0,3,35,5,43,129,28,80,65,302,10,90,100,402
08/27/2015,OKC,OK,ASW,CE,Combined TRACON& Tower with Radar,140,35,69,96,340,0,2,23,7,32,140,37,92,103,372,4,120,124,496
08/28/2015,OKC,OK,ASW,CE,Combined TRACON& Tower with Radar,138,31,35,87,291,0,2,14,7,23,138,33,49,94,314,4,124,128,442
08/29/2015,OKC,OK,ASW,CE,Combined TRACON& Tower with Radar,101,15,19,13,148,0,1,18,5,24,101,16,37,18,172,0,0,0,172
08/30/2015,OKC,OK,ASW,CE,Combined TRACON& Tower with Radar,117,24,22,25,188,0,0,11,3,14,117,24,33,28,202,6,0,6,208
08/31/2015,OKC,OK,ASW,CE,Combined TRACON& Tower with Radar,132,25,35,79,271,0,2,22,10,34,132,27,57,89,305,0,44,44,349
09/01/2015,OKC,OK,ASW,CE,Combined TRACON& Tower with Radar,131,28,38,90,287,0,2,30,20,52,131,30,68,110,339,6,152,158,497
09/02/2015,OKC,OK,ASW,CE,Combined TRACON& Tower with Radar,133,31,42,48,254,0,3,20,3,26,133,34,62,51,280,6,60,66,346
09/03/2015,OKC,OK,ASW,CE,Combined TRACON& Tower with Radar,138,30,38,62,268,0,5,23,9,37,138,35,61,71,305,0,0,0,305
09/04/2015,OKC,OK,ASW,CE,Combined TRACON& Tower with Radar,138,23,33,3,197,0,1,16,3,20,138,24,49,6,217,0,0,0,217
09/05/2015,OKC,OK,ASW,CE,Combined TRACON& Tower with Radar,89,8,14,0,111,0,6,10,17,33,89,14,24,17,144,0,0,0,144
09/06/2015,OKC,OK,ASW,CE,Combined TRACON& Tower with Radar,92,11,9,1,113,0,2,11,16,29,92,13,20,17,142,0,0,0,142
09/07/2015,OKC,OK,ASW,CE,Combined TRACON& Tower with Radar,123,24,16,0,163,0,1,14,5,20,123,25,30,5,183,0,0,0,183
09/08/2015,OKC,OK,ASW,CE,Combined TRACON& Tower with Radar,125,31,34,87,277,0,1,15,8,24,125,32,49,95,301,6,112,118,419
09/09/2015,OKC,OK,ASW,CE,Combined TRACON& Tower with Radar,131,27,52,73,283,0,1,18,4,23,131,28,70,77,306,0,52,52,358
09/10/2015,OKC,OK,ASW,CE,Combined TRACON& Tower with Radar,126,39,32,88,285,0,4,26,1,31,126,43,58,89,316,40,98,138,454
09/11/2015,OKC,OK,ASW,CE,Combined TRACON& Tower with Radar,137,40,37,137,351,0,1,16,9,26,137,41,53,146,377,0,40,40,417
09/12/2015,OKC,OK,ASW,CE,Combined TRACON& Tower with Radar,90,25,12,43,170,0,6,17,20,43,90,31,29,63,213,0,36,36,249
09/13/2015,OKC,OK,ASW,CE,Combined TRACON& Tower with Radar,129,31,22,19,201,0,0,4,15,19,129,31,26,34,220,0,0,0,220
09/14/2015,OKC,OK,ASW,CE,Combined TRACON& Tower with Radar,138,25,52,53,268,0,1,13,14,28,138,26,65,67,296,0,16,16,312
09/15/2015,OKC,OK,ASW,CE,Combined TRACON& Tower with Radar,128,26,48,39,241,0,8,31,6,45,128,34,79,45,286,0,78,78,364
09/16/2015,OKC,OK,ASW,CE,Combined TRACON& Tower with Radar,133,23,47,79,282,0,3,19,19,41,133,26,66,98,323,10,36,46,369
09/17/2015,OKC,OK,ASW,CE,Combined TRACON& Tower with Radar,136,34,50,84,304,0,4,23,9,36,136,38,73,93,340,0,78,78,418
09/18/2015,OKC,OK,ASW,CE,Combined TRACON& Tower with Radar,138,30,35,13,216,0,2,23,3,28,138,32,58,16,244,0,14,14,258
09/19/2015,OKC,OK,ASW,CE,Combined TRACON& Tower with Radar,90,14,18,8,130,0,1,10,7,18,90,15,28,15,148,4,0,4,152
09/20/2015,OKC,OK,ASW,CE,Combined TRACON& Tower with Radar,119,35,22,5,181,0,0,0,1,1,119,35,22,6,182,0,0,0,182
09/21/2015,OKC,OK,ASW,CE,Combined TRACON& Tower with Radar,131,28,33,93,285,0,3,12,7,22,131,31,45,100,307,0,64,64,371
09/22/2015,OKC,OK,ASW,CE,Combined TRACON& Tower with Radar,134,27,40,142,343,0,1,30,9,40,134,28,70,151,383,56,68,124,507
09/23/2015,OKC,OK,ASW,CE,Combined TRACON& Tower with Radar,132,27,40,109,308,0,6,21,8,35,132,33,61,117,343,18,122,140,483
09/24/2015,OKC,OK,ASW,CE,Combined TRACON& Tower with Radar,143,35,43,104,325,0,6,22,13,41,143,41,65,117,366,36,218,254,620
09/25/2015,OKC,OK,ASW,CE,Combined TRACON& Tower with Radar,146,25,40,72,283,0,2,12,7,21,146,27,52,79,304,14,104,118,422
09/26/2015,OKC,OK,ASW,CE,Combined TRACON& Tower with Radar,94,24,14,9,141,0,3,5,4,12,94,27,19,13,153,0,0,0,153
09/27/2015,OKC,OK,ASW,CE,Combined TRACON& Tower with Radar,112,27,15,29,183,24,1,15,4,44,136,28,30,33,227,0,28,28,255
09/28/2015,OKC,OK,ASW,CE,Combined TRACON& Tower with Radar,133,37,42,103,315,0,2,31,4,37,133,39,73,107,352,76,46,122,474
09/29/2015,OKC,OK,ASW,CE,Combined TRACON& Tower with Radar,128,33,55,46,262,0,5,31,10,46,128,38,86,56,308,26,0,26,334
09/30/2015,OKC,OK,ASW,CE,Combined TRACON& Tower with Radar,129,25,48,10,212,0,1,23,4,28,129,26,71,14,240,16,0,16,256
10/01/2015,OKC,OK,ASW,CE,Combined TRACON& Tower with Radar,140,34,41,154,369,0,2,12,9,23,140,36,53,163,392,8,0,8,400
10/02/2015,OKC,OK,ASW,CE,Combined TRACON& Tower with Radar,141,31,37,70,279,2,0,32,9,43,143,31,69,79,322,28,76,104,426
10/03/2015,OKC,OK,ASW,CE,Combined TRACON& Tower with Radar,94,18,11,22,145,0,0,5,10,15,94,18,16,32,160,0,26,26,186
10/04/2015,OKC,OK,ASW,CE,Combined TRACON& Tower with Radar,118,31,16,14,179,0,1,12,9,22,118,32,28,23,201,0,12,12,213
10/05/2015,OKC,OK,ASW,CE,Combined TRACON& Tower with Radar,130,24,42,169,365,0,0,18,9,27,130,24,60,178,392,0,128,128,520
10/06/2015,OKC,OK,ASW,CE,Combined TRACON& Tower with Radar,133,32,54,135,354,0,1,14,2,17,133,33,68,137,371,22,80,102,473
10/07/2015,OKC,OK,ASW,CE,Combined TRACON& Tower with Radar,130,39,51,90,310,0,4,15,15,34,130,43,66,105,344,4,0,4,348
10/08/2015,OKC,OK,ASW,CE,Combined TRACON& Tower with Radar,135,40,58,66,299,0,2,26,10,38,135,42,84,76,337,48,40,88,425
10/09/2015,OKC,OK,ASW,CE,Combined TRACON& Tower with Radar,133,38,46,47,264,0,1,15,6,22,133,39,61,53,286,34,116,150,436
10/10/2015,OKC,OK,ASW,CE,Combined TRACON& Tower with Radar,94,21,14,6,135,0,0,12,6,18,94,21,26,12,153,0,0,0,153
10/11/2015,OKC,OK,ASW,CE,Combined TRACON& Tower with Radar,114,46,12,0,172,0,0,7,6,13,114,46,19,6,185,0,0,0,185
10/12/2015,OKC,OK,ASW,CE,Combined TRACON& Tower with Radar,130,43,19,0,192,0,1,6,11,18,130,44,25,11,210,0,0,0,210
10/13/2015,OKC,OK,ASW,CE,Combined TRACON& Tower with Radar,129,41,50,117,337,0,1,29,9,39,129,42,79,126,376,2,224,226,602
10/14/2015,OKC,OK,ASW,CE,Combined TRACON& Tower with Radar,128,40,48,137,353,0,0,22,10,32,128,40,70,147,385,6,114,120,505
10/15/2015,OKC,OK,ASW,CE,Combined TRACON& Tower with Radar,136,42,49,137,364,0,0,31,5,36,136,42,80,142,400,10,160,170,570
10/16/2015,OKC,OK,ASW,CE,Combined TRACON& Tower with Radar,137,27,53,64,281,0,0,23,9,32,137,27,76,73,313,6,82,88,401
10/17/2015,OKC,OK,ASW,CE,Combined TRACON& Tower with Radar,104,17,12,14,147,3,0,11,3,17,107,17,23,17,164,12,22,34,198
10/18/2015,OKC,OK,ASW,CE,Combined TRACON& Tower with Radar,115,33,33,26,207,0,0,11,7,18,115,33,44,33,225,0,0,0,225
10/19/2015,OKC,OK,ASW,CE,Combined TRACON& Tower with Radar,133,32,36,91,292,0,0,17,4,21,133,32,53,95,313,4,182,186,499
10/20/2015,OKC,OK,ASW,CE,Combined TRACON& Tower with Radar,131,29,47,91,298,0,1,30,5,36,131,30,77,96,334,18,56,74,408
10/21/2015,OKC,OK,ASW,CE,Combined TRACON& Tower with Radar,131,30,66,45,272,0,0,17,4,21,131,30,83,49,293,10,0,10,303
10/22/2015,OKC,OK,ASW,CE,Combined TRACON& Tower with Radar,140,44,48,10,242,0,0,7,2,9,140,44,55,12,251,0,30,30,281
10/23/2015,OKC,OK,ASW,CE,Combined TRACON& Tower with Radar,143,33,35,89,300,0,0,4,1,5,143,33,39,90,305,0,56,56,361
10/24/2015,OKC,OK,ASW,CE,Combined TRACON& Tower with Radar,101,19,12,12,144,0,0,13,5,18,101,19,25,17,162,0,0,0,162
10/25/2015,OKC,OK,ASW,CE,Combined TRACON& Tower with Radar,118,26,21,16,181,0,0,14,4,18,118,26,35,20,199,0,0,0,199
10/26/2015,OKC,OK,ASW,CE,Combined TRACON& Tower with Radar,132,43,25,97,297,0,0,30,11,41,132,43,55,108,338,0,6,6,344
10/27/2015,OKC,OK,ASW,CE,Combined TRACON& Tower with Radar,126,36,55,116,333,0,0,19,10,29,126,36,74,126,362,20,120,140,502
10/28/2015,OKC,OK,ASW,CE,Combined TRACON& Tower with Radar,131,35,54,63,283,0,0,32,7,39,131,35,86,70,322,0,92,92,414
10/29/2015,OKC,OK,ASW,CE,Combined TRACON& Tower with Radar,140,41,54,107,342,0,0,35,11,46,140,41,89,118,388,18,56,74,462
10/30/2015,OKC,OK,ASW,CE,Combined TRACON& Tower with Radar,141,35,23,3,202,0,0,2,0,2,141,35,25,3,204,0,0,0,204
10/31/2015,OKC,OK,ASW,CE,Combined TRACON& Tower with Radar,87,17,16,18,138,0,0,2,1,3,87,17,18,19,141,0,0,0,141
11/01/2015,OKC,OK,ASW,CE,Combined TRACON& Tower with Radar,121,28,20,6,175,0,0,14,2,16,121,28,34,8,191,18,8,26,217
11/02/2015,OKC,OK,ASW,CE,Combined TRACON& Tower with Radar,126,37,41,90,294,0,0,15,7,22,126,37,56,97,316,0,60,60,376
11/03/2015,OKC,OK,ASW,CE,Combined TRACON& Tower with Radar,123,34,37,92,286,0,0,27,8,35,123,34,64,100,321,0,32,32,353
11/04/2015,OKC,OK,ASW,CE,Combined TRACON& Tower with Radar,141,36,65,132,374,0,1,10,4,15,141,37,75,136,389,0,42,42,431
11/05/2015,OKC,OK,ASW,CE,Combined TRACON& Tower with Radar,133,54,38,49,274,0,0,2,4,6,133,54,40,53,280,0,0,0,280
11/06/2015,OKC,OK,ASW,CE,Combined TRACON& Tower with Radar,141,36,41,93,311,0,0,42,12,54,141,36,83,105,365,0,0,0,365
11/07/2015,OKC,OK,ASW,CE,Combined TRACON& Tower with Radar,92,15,27,5,139,0,1,9,9,19,92,16,36,14,158,0,0,0,158
11/08/2015,OKC,OK,ASW,CE,Combined TRACON& Tower with Radar,121,22,30,15,188,0,0,18,16,34,121,22,48,31,222,0,0,0,222
11/09/2015,OKC,OK,ASW,CE,Combined TRACON& Tower with Radar,131,50,40,115,336,0,2,17,0,19,131,52,57,115,355,0,138,138,493
11/10/2015,OKC,OK,ASW,CE,Combined TRACON& Tower with Radar,126,27,65,107,325,0,0,27,4,31,126,27,92,111,356,4,172,176,532
11/11/2015,OKC,OK,ASW,CE,Combined TRACON& Tower with Radar,128,36,39,0,203,0,0,4,2,6,128,36,43,2,209,0,0,0,209
11/12/2015,OKC,OK,ASW,CE,Combined TRACON& Tower with Radar,136,50,49,105,340,0,0,25,7,32,136,50,74,112,372,0,32,32,404
11/13/2015,OKC,OK,ASW,CE,Combined TRACON& Tower with Radar,138,33,45,27,243,0,0,38,6,44,138,33,83,33,287,18,10,28,315
11/14/2015,OKC,OK,ASW,CE,Combined TRACON& Tower with Radar,94,17,18,24,153,0,0,9,10,19,94,17,27,34,172,0,0,0,172
11/15/2015,OKC,OK,ASW,CE,Combined TRACON& Tower with Radar,122,21,30,10,183,0,1,6,5,12,122,22,36,15,195,0,0,0,195
11/16/2015,OKC,OK,ASW,CE,Combined TRACON& Tower with Radar,126,46,51,41,264,0,0,0,0,0,126,46,51,41,264,0,0,0,264
11/17/2015,OKC,OK,ASW,CE,Combined TRACON& Tower with Radar,125,42,50,125,342,0,1,20,2,23,125,43,70,127,365,4,214,218,583
11/18/2015,OKC,OK,ASW,CE,Combined TRACON& Tower with Radar,135,33,55,83,306,0,4,24,2,30,135,37,79,85,336,0,146,146,482
11/19/2015,OKC,OK,ASW,CE,Combined TRACON& Tower with Radar,135,62,58,112,367,0,17,34,5,56,135,79,92,117,423,12,210,222,645
11/20/2015,OKC,OK,ASW,CE,Combined TRACON& Tower with Radar,136,38,50,74,298,0,3,16,5,24,136,41,66,79,322,26,56,82,404
11/21/2015,OKC,OK,ASW,CE,Combined TRACON& Tower with Radar,93,18,10,19,140,0,0,4,5,9,93,18,14,24,149,0,0,0,149
11/22/2015,OKC,OK,ASW,CE,Combined TRACON& Tower with Radar,122,26,24,9,181,0,0,14,12,26,122,26,38,21,207,0,0,0,207
11/23/2015,OKC,OK,ASW,CE,Combined TRACON& Tower with Radar,126,28,28,82,264,0,0,28,13,41,126,28,56,95,305,2,128,130,435
11/24/2015,OKC,OK,ASW,CE,Combined TRACON& Tower with Radar,127,39,34,81,281,0,1,18,8,27,127,40,52,89,308,0,54,54,362
11/25/2015,OKC,OK,ASW,CE,Combined TRACON& Tower with Radar,134,34,36,46,250,0,0,2,4,6,134,34,38,50,256,12,20,32,288
11/26/2015,OKC,OK,ASW,CE,Combined TRACON& Tower with Radar,83,14,6,0,103,0,0,0,0,0,83,14,6,0,103,0,0,0,103
11/27/2015,OKC,OK,ASW,CE,Combined TRACON& Tower with Radar,91,22,0,0,113,0,0,0,0,0,91,22,0,0,113,0,0,0,113
11/28/2015,OKC,OK,ASW,CE,Combined TRACON& Tower with Radar,107,10,14,0,131,0,0,0,0,0,107,10,14,0,131,0,0,0,131
11/29/2015,OKC,OK,ASW,CE,Combined TRACON& Tower with Radar,139,30,16,2,187,0,0,0,0,0,139,30,16,2,187,0,0,0,187
11/30/2015,OKC,OK,ASW,CE,Combined TRACON& Tower with Radar,138,29,45,72,284,0,0,9,3,12,138,29,54,75,296,10,0,10,306
12/01/2015,OKC,OK,ASW,CE,Combined TRACON& Tower with Radar,118,37,55,31,241,0,3,33,10,46,118,40,88,41,287,12,56,68,355
12/02/2015,OKC,OK,ASW,CE,Combined TRACON& Tower with Radar,128,31,39,41,239,0,3,33,15,51,128,34,72,56,290,4,68,72,362
12/03/2015,OKC,OK,ASW,CE,Combined TRACON& Tower with Radar,133,35,44,82,294,0,5,31,14,50,133,40,75,96,344,20,134,154,498
12/04/2015,OKC,OK,ASW,CE,Combined TRACON& Tower with Radar,135,29,41,28,233,0,1,21,10,32,135,30,62,38,265,0,0,0,265
12/05/2015,OKC,OK,ASW,CE,Combined TRACON& Tower with Radar,99,20,14,8,141,0,2,9,8,19,99,22,23,16,160,0,0,0,160
12/06/2015,OKC,OK,ASW,CE,Combined TRACON& Tower with Radar,117,21,24,4,166,0,2,19,6,27,117,23,43,10,193,0,0,0,193
12/07/2015,OKC,OK,ASW,CE,Combined TRACON& Tower with Radar,127,37,58,97,319,0,4,29,9,42,127,41,87,106,361,18,154,172,533
12/08/2015,OKC,OK,ASW,CE,Combined TRACON& Tower with Radar,121,39,57,105,322,0,2,29,7,38,121,41,86,112,360,0,100,100,460
12/09/2015,OKC,OK,ASW,CE,Combined TRACON& Tower with Radar,124,31,46,67,268,0,3,33,5,41,124,34,79,72,309,8,74,82,391
12/10/2015,OKC,OK,ASW,CE,Combined TRACON& Tower with Radar,139,38,59,77,313,0,1,23,3,27,139,39,82,80,340,0,0,0,340
12/11/2015,OKC,OK,ASW,CE,Combined TRACON& Tower with Radar,132,33,35,104,304,0,2,16,7,25,132,35,51,111,329,0,138,138,467
12/12/2015,OKC,OK,ASW,CE,Combined TRACON& Tower with Radar,102,24,3,3,132,0,0,0,2,2,102,24,3,5,134,0,0,0,134
12/13/2015,OKC,OK,ASW,CE,Combined TRACON& Tower with Radar,117,34,22,0,173,0,0,1,1,2,117,34,23,1,175,0,0,0,175
12/14/2015,OKC,OK,ASW,CE,Combined TRACON& Tower with Radar,128,28,50,74,280,0,1,24,8,33,128,29,74,82,313,14,76,90,403
12/15/2015,OKC,OK,ASW,CE,Combined TRACON& Tower with Radar,120,35,57,79,291,0,4,26,10,40,120,39,83,89,331,20,28,48,379
12/16/2015,OKC,OK,ASW,CE,Combined TRACON& Tower with Radar,129,34,43,78,284,0,1,35,11,47,129,35,78,89,331,14,120,134,465
12/17/2015,OKC,OK,ASW,CE,Combined TRACON& Tower with Radar,124,35,43,52,254,0,0,22,0,22,124,35,65,52,276,0,78,78,354
12/18/2015,OKC,OK,ASW,CE,Combined TRACON& Tower with Radar,126,33,41,72,272,0,0,19,3,22,126,33,60,75,294,0,12,12,306
12/19/2015,OKC,OK,ASW,CE,Combined TRACON& Tower with Radar,117,21,16,1,155,0,0,17,9,26,117,21,33,10,181,0,0,0,181
12/20/2015,OKC,OK,ASW,CE,Combined TRACON& Tower with Radar,121,32,10,0,163,0,0,5,6,11,121,32,15,6,174,0,0,0,174
12/21/2015,OKC,OK,ASW,CE,Combined TRACON& Tower with Radar,117,38,24,96,275,0,5,22,16,43,117,43,46,112,318,0,66,66,384
12/22/2015,OKC,OK,ASW,CE,Combined TRACON& Tower with Radar,128,46,25,52,251,0,1,12,3,16,128,47,37,55,267,0,0,0,267
12/23/2015,OKC,OK,ASW,CE,Combined TRACON& Tower with Radar,120,39,21,0,180,0,2,18,2,22,120,41,39,2,202,0,0,0,202
12/24/2015,OKC,OK,ASW,CE,Combined TRACON& Tower with Radar,108,26,8,0,142,0,1,11,9,21,108,27,19,9,163,0,0,0,163
12/25/2015,OKC,OK,ASW,CE,Combined TRACON& Tower with Radar,90,16,5,0,111,0,0,6,1,7,90,16,11,1,118,0,0,0,118
12/26/2015,OKC,OK,ASW,CE,Combined TRACON& Tower with Radar,110,30,11,0,151,0,0,0,0,0,110,30,11,0,151,0,0,0,151
12/27/2015,OKC,OK,ASW,CE,Combined TRACON& Tower with Radar,87,15,8,0,110,0,0,0,0,0,87,15,8,0,110,0,0,0,110
12/28/2015,OKC,OK,ASW,CE,Combined TRACON& Tower with Radar,83,39,17,0,139,0,0,0,4,4,83,39,17,4,143,0,0,0,143
12/29/2015,OKC,OK,ASW,CE,Combined TRACON& Tower with Radar,128,47,25,0,200,0,0,5,4,9,128,47,30,4,209,0,0,0,209
12/30/2015,OKC,OK,ASW,CE,Combined TRACON& Tower with Radar,132,34,34,22,222,0,0,5,0,5,132,34,39,22,227,0,0,0,227
12/31/2015,OKC,OK,ASW,CE,Combined TRACON& Tower with Radar,111,26,25,0,162,0,0,0,2,2,111,26,25,2,164,0,0,0,164
01/01/2016,OKC,OK,ASW,CE,Combined TRACON& Tower with Radar,111,27,7,0,145,0,0,14,4,18,111,27,21,4,163,0,0,0,163
01/02/2016,OKC,OK,ASW,CE,Combined TRACON& Tower with Radar,122,28,19,0,169,0,0,11,4,15,122,28,30,4,184,0,0,0,184
01/03/2016,OKC,OK,ASW,CE,Combined TRACON& Tower with Radar,120,31,23,0,174,0,1,15,8,24,120,32,38,8,198,0,0,0,198
01/04/2016,OKC,OK,ASW,CE,Combined TRACON& Tower with Radar,125,33,31,49,238,0,6,18,7,31,125,39,49,56,269,12,52,64,333
01/05/2016,OKC,OK,ASW,CE,Combined TRACON& Tower with Radar,112,49,29,131,321,0,8,21,6,35,112,57,50,137,356,0,142,142,498
01/06/2016,OKC,OK,ASW,CE,Combined TRACON& Tower with Radar,114,36,37,72,259,0,0,4,1,5,114,36,41,73,264,0,0,0,264
01/07/2016,OKC,OK,ASW,CE,Combined TRACON& Tower with Radar,127,51,34,56,268,0,0,7,1,8,127,51,41,57,276,0,0,0,276
01/08/2016,OKC,OK,ASW,CE,Combined TRACON& Tower with Radar,111,36,67,56,270,0,0,0,0,0,111,36,67,56,270,0,0,0,270
01/09/2016,OKC,OK,ASW,CE,Combined TRACON& Tower with Radar,82,22,7,13,124,0,0,0,6,6,82,22,7,19,130,0,0,0,130
01/10/2016,OKC,OK,ASW,CE,Combined TRACON& Tower with Radar,105,19,12,25,161,0,0,8,13,21,105,19,20,38,182,12,20,32,214
01/11/2016,OKC,OK,ASW,CE,Combined TRACON& Tower with Radar,116,43,38,79,276,0,15,26,7,48,116,58,64,86,324,0,78,78,402
01/12/2016,OKC,OK,ASW,CE,Combined TRACON& Tower with Radar,115,43,44,133,335,0,0,25,14,39,115,43,69,147,374,12,154,166,540
01/13/2016,OKC,OK,ASW,CE,Combined TRACON& Tower with Radar,123,36,51,139,349,1,15,37,19,72,124,51,88,158,421,4,128,132,553
01/14/2016,OKC,OK,ASW,CE,Combined TRACON& Tower with Radar,121,45,47,79,292,0,0,36,5,41,121,45,83,84,333,0,50,50,383
01/15/2016,OKC,OK,ASW,CE,Combined TRACON& Tower with Radar,126,38,49,63,276,0,0,40,6,46,126,38,89,69,322,0,114,114,436
01/16/2016,OKC,OK,ASW,CE,Combined TRACON& Tower with Radar,82,16,13,15,126,0,0,3,2,5,82,16,16,17,131,0,0,0,131
01/17/2016,OKC,OK,ASW,CE,Combined TRACON& Tower with Radar,100,25,15,7,147,0,5,1,2,8,100,30,16,9,155,0,0,0,155
01/18/2016,OKC,OK,ASW,CE,Combined TRACON& Tower with Radar,120,38,26,0,184,0,0,8,2,10,120,38,34,2,194,28,0,28,222
01/19/2016,OKC,OK,ASW,CE,Combined TRACON& Tower with Radar,123,38,44,80,285,0,0,11,2,13,123,38,55,82,298,0,0,0,298
01/20/2016,OKC,OK,ASW,CE,Combined TRACON& Tower with Radar,120,42,37,40,239,0,0,11,5,16,120,42,48,45,255,0,18,18,273
01/21/2016,OKC,OK,ASW,CE,Combined TRACON& Tower with Radar,118,42,38,21,219,0,0,8,5,13,118,42,46,26,232,10,0,10,242
01/22/2016,OKC,OK,ASW,CE,Combined TRACON& Tower with Radar,114,43,38,41,236,0,0,12,0,12,114,43,50,41,248,2,116,118,366
01/23/2016,OKC,OK,ASW,CE,Combined TRACON& Tower with Radar,80,23,19,14,136,0,0,19,4,23,80,23,38,18,159,10,16,26,185
01/24/2016,OKC,OK,ASW,CE,Combined TRACON& Tower with Radar,106,23,21,17,167,0,0,10,8,18,106,23,31,25,185,0,0,0,185
01/25/2016,OKC,OK,ASW,CE,Combined TRACON& Tower with Radar,114,31,32,107,284,0,11,26,8,45,114,42,58,115,329,0,56,56,385
01/26/2016,OKC,OK,ASW,CE,Combined TRACON& Tower with Radar,115,38,52,86,291,0,1,29,16,46,115,39,81,102,337,8,84,92,429
01/27/2016,OKC,OK,ASW,CE,Combined TRACON& Tower with Radar,120,41,47,119,327,0,2,34,6,42,120,43,81,125,369,0,146,146,515
01/28/2016,OKC,OK,ASW,CE,Combined TRACON& Tower with Radar,127,45,43,113,328,0,4,20,14,38,127,49,63,127,366,10,22,32,398
01/29/2016,OKC,OK,ASW,CE,Combined TRACON& Tower with Radar,120,27,37,39,223,0,0,23,7,30,120,27,60,46,253,0,0,0,253
01/30/2016,OKC,OK,ASW,CE,Combined TRACON& Tower with Radar,84,26,16,33,159,0,4,12,9,25,84,30,28,42,184,0,0,0,184
01/31/2016,OKC,OK,ASW,CE,Combined TRACON& Tower with Radar,103,16,13,27,159,0,2,13,8,23,103,18,26,35,182,8,0,8,190
02/01/2016,OKC,OK,ASW,CE,Combined TRACON& Tower with Radar,113,31,31,76,251,0,0,13,10,23,113,31,44,86,274,0,130,130,404
02/02/2016,OKC,OK,ASW,CE,Combined TRACON& Tower with Radar,124,29,44,23,220,0,1,30,2,33,124,30,74,25,253,0,158,158,411
02/03/2016,OKC,OK,ASW,CE,Combined TRACON& Tower with Radar,117,31,45,120,313,0,4,31,20,55,117,35,76,140,368,10,144,154,522
02/04/2016,OKC,OK,ASW,CE,Combined TRACON& Tower with Radar,127,36,38,47,248,0,4,27,8,39,127,40,65,55,287,0,154,154,441
02/05/2016,OKC,OK,ASW,CE,Combined TRACON& Tower with Radar,130,24,49,85,288,0,1,30,8,39,130,25,79,93,327,0,100,100,427
02/06/2016,OKC,OK,ASW,CE,Combined TRACON& Tower with Radar,82,14,25,11,132,0,1,12,10,23,82,15,37,21,155,0,0,0,155
02/07/2016,OKC,OK,ASW,CE,Combined TRACON& Tower with Radar,97,11,17,2,127,0,4,3,6,13,97,15,20,8,140,0,0,0,140
02/08/2016,OKC,OK,ASW,CE,Combined TRACON& Tower with Radar,116,29,38,103,286,0,1,8,7,16,116,30,46,110,302,0,156,156,458
02/09/2016,OKC,OK,ASW,CE,Combined TRACON& Tower with Radar,120,40,46,71,277,0,4,37,17,58,120,44,83,88,335,12,172,184,519
02/10/2016,OKC,OK,ASW,CE,Combined TRACON& Tower with Radar,119,39,44,71,273,0,9,28,12,49,119,48,72,83,322,14,120,134,456
02/11/2016,OKC,OK,ASW,CE,Combined TRACON& Tower with Radar,124,38,44,93,299,0,4,31,11,46,124,42,75,104,345,0,88,88,433
02/12/2016,OKC,OK,ASW,CE,Combined TRACON& Tower with Radar,116,31,41,144,332,0,2,34,15,51,116,33,75,159,383,2,122,124,507
02/13/2016,OKC,OK,ASW,CE,Combined TRACON& Tower with Radar,86,23,14,0,123,0,1,10,5,16,86,24,24,5,139,0,0,0,139
02/14/2016,OKC,OK,ASW,CE,Combined TRACON& Tower with Radar,103,21,19,5,148,0,0,10,12,22,103,21,29,17,170,0,0,0,170
02/15/2016,OKC,OK,ASW,CE,Combined TRACON& Tower with Radar,116,32,41,4,193,0,4,8,8,20,116,36,49,12,213,0,0,0,213
02/16/2016,OKC,OK,ASW,CE,Combined TRACON& Tower with Radar,125,35,48,108,316,0,3,27,8,38,125,38,75,116,354,4,80,84,438
02/17/2016,OKC,OK,ASW,CE,Combined TRACON& Tower with Radar,123,43,55,112,333,0,7,22,16,45,123,50,77,128,378,0,202,202,580
02/18/2016,OKC,OK,ASW,CE,Combined TRACON& Tower with Radar,131,46,33,61,271,0,2,27,17,46,131,48,60,78,317,0,138,138,455
02/19/2016,OKC,OK,ASW,CE,Combined TRACON& Tower with Radar,119,41,30,74,264,0,1,26,6,33,119,42,56,80,297,0,126,126,423
02/20/2016,OKC,OK,ASW,CE,Combined TRACON& Tower with Radar,99,17,16,46,178,0,0,22,16,38,99,17,38,62,216,0,0,0,216
02/21/2016,OKC,OK,ASW,CE,Combined TRACON& Tower with Radar,114,21,34,17,186,0,0,11,12,23,114,21,45,29,209,0,0,0,209
02/22/2016,OKC,OK,ASW,CE,Combined TRACON& Tower with Radar,116,36,39,128,319,0,0,20,8,28,116,36,59,136,347,0,54,54,401
02/23/2016,OKC,OK,ASW,CE,Combined TRACON& Tower with Radar,121,33,25,34,213,0,1,4,2,7,121,34,29,36,220,0,0,0,220
02/24/2016,OKC,OK,ASW,CE,Combined TRACON& Tower with Radar,115,37,30,160,342,0,7,24,4,35,115,44,54,164,377,0,74,74,451
02/25/2016,OKC,OK,ASW,CE,Combined TRACON& Tower with Radar,133,41,36,65,275,0,2,25,2,29,133,43,61,67,304,0,16,16,320
02/26/2016,OKC,OK,ASW,CE,Combined TRACON& Tower with Radar,121,37,49,83,290,0,2,30,7,39,121,39,79,90,329,0,12,12,341
02/27/2016,OKC,OK,ASW,CE,Combined TRACON& Tower with Radar,96,19,29,12,156,0,1,7,4,12,96,20,36,16,168,0,30,30,198
02/28/2016,OKC,OK,ASW,CE,Combined TRACON& Tower with Radar,117,30,15,0,162,0,0,6,13,19,117,30,21,13,181,0,0,0,181
02/29/2016,OKC,OK,ASW,CE,Combined TRACON& Tower with Radar,122,41,28,86,277,0,2,27,8,37,122,43,55,94,314,32,62,94,408
03/01/2016,OKC,OK,ASW,CE,Combined TRACON& Tower with Radar,111,39,51,98,299,0,6,31,5,42,111,45,82,103,341,0,60,60,401
03/02/2016,OKC,OK,ASW,CE,Combined TRACON& Tower with Radar,115,36,58,98,307,0,2,24,6,32,115,38,82,104,339,0,0,0,339
03/03/2016,OKC,OK,ASW,CE,Combined TRACON& Tower with Radar,129,55,65,67,316,0,9,29,8,46,129,64,94,75,362,8,26,34,396
03/04/2016,OKC,OK,ASW,CE,Combined TRACON& Tower with Radar,118,49,41,46,254,0,1,39,4,44,118,50,80,50,298,0,58,58,356
03/05/2016,OKC,OK,ASW,CE,Combined TRACON& Tower with Radar,98,24,14,22,158,0,1,10,4,15,98,25,24,26,173,0,28,28,201
03/06/2016,OKC,OK,ASW,CE,Combined TRACON& Tower with Radar,109,30,18,12,169,0,0,2,11,13,109,30,20,23,182,0,20,20,202
03/07/2016,OKC,OK,ASW,CE,Combined TRACON& Tower with Radar,120,49,38,59,266,0,0,3,2,5,120,49,41,61,271,0,0,0,271
03/08/2016,OKC,OK,ASW,CE,Combined TRACON& Tower with Radar,115,41,35,68,259,0,0,14,4,18,115,41,49,72,277,0,0,0,277
03/09/2016,OKC,OK,ASW,CE,Combined TRACON& Tower with Radar,110,48,35,53,246,0,1,6,4,11,110,49,41,57,257,0,0,0,257
03/10/2016,OKC,OK,ASW,CE,Combined TRACON& Tower with Radar,123,48,68,45,284,0,4,16,5,25,123,52,84,50,309,0,4,4,313
03/11/2016,OKC,OK,ASW,CE,Combined TRACON& Tower with Radar,124,47,58,36,265,0,0,19,1,20,124,47,77,37,285,0,0,0,285
03/12/2016,OKC,OK,ASW,CE,Combined TRACON& Tower with Radar,100,36,23,13,172,0,0,1,1,2,100,36,24,14,174,0,0,0,174
03/13/2016,OKC,OK,ASW,CE,Combined TRACON& Tower with Radar,115,25,22,5,167,0,0,8,5,13,115,25,30,10,180,0,0,0,180
03/14/2016,OKC,OK,ASW,CE,Combined TRACON& Tower with Radar,119,39,32,119,309,0,3,22,14,39,119,42,54,133,348,48,24,72,420
03/15/2016,OKC,OK,ASW,CE,Combined TRACON& Tower with Radar,121,36,33,49,239,0,4,15,15,34,121,40,48,64,273,0,66,66,339
03/16/2016,OKC,OK,ASW,CE,Combined TRACON& Tower with Radar,128,43,50,67,288,0,5,28,12,45,128,48,78,79,333,14,36,50,383
03/17/2016,OKC,OK,ASW,CE,Combined TRACON& Tower with Radar,133,36,35,64,268,0,3,19,8,30,133,39,54,72,298,0,40,40,338
03/18/2016,OKC,OK,ASW,CE,Combined TRACON& Tower with Radar,124,45,39,110,318,0,0,9,7,16,124,45,48,117,334,24,42,66,400
03/19/2016,OKC,OK,ASW,CE,Combined TRACON& Tower with Radar,104,31,24,7,166,0,0,18,8,26,104,31,42,15,192,0,12,12,204
03/20/2016,OKC,OK,ASW,CE,Combined TRACON& Tower with Radar,110,50,40,0,200,0,0,18,2,20,110,50,58,2,220,0,0,0,220
03/21/2016,OKC,OK,ASW,CE,Combined TRACON& Tower with Radar,122,44,45,50,261,0,2,15,6,23,122,46,60,56,284,2,60,62,346
03/22/2016,OKC,OK,ASW,CE,Combined TRACON& Tower with Radar,118,41,44,61,264,0,2,19,16,37,118,43,63,77,301,0,6,6,307
03/23/2016,OKC,OK,ASW,CE,Combined TRACON& Tower with Radar,116,44,30,10,200,0,1,16,6,23,116,45,46,16,223,22,4,26,249
03/24/2016,OKC,OK,ASW,CE,Combined TRACON& Tower with Radar,125,37,51,84,297,0,3,29,8,40,125,40,80,92,337,0,78,78,415
03/25/2016,OKC,OK,ASW,CE,Combined TRACON& Tower with Radar,114,39,48,60,261,0,2,22,11,35,114,41,70,71,296,0,58,58,354
03/26/2016,OKC,OK,ASW,CE,Combined TRACON& Tower with Radar,102,26,23,12,163,0,1,3,6,10,102,27,26,18,173,0,0,0,173
03/27/2016,OKC,OK,ASW,CE,Combined TRACON& Tower with Radar,119,26,16,2,163,0,0,2,3,5,119,26,18,5,168,0,0,0,168
03/28/2016,OKC,OK,ASW,CE,Combined TRACON& Tower with Radar,115,36,40,91,282,0,4,46,8,58,115,40,86,99,340,52,52,104,444
03/29/2016,OKC,OK,ASW,CE,Combined TRACON& Tower with Radar,107,36,40,87,270,0,4,13,8,25,107,40,53,95,295,0,88,88,383
03/30/2016,OKC,OK,ASW,CE,Combined TRACON& Tower with Radar,116,44,31,58,249,0,2,9,7,18,116,46,40,65,267,0,0,0,267
03/31/2016,OKC,OK,ASW,CE,Combined TRACON& Tower with Radar,124,44,47,91,306,0,3,47,10,60,124,47,94,101,366,66,98,164,530
04/01/2016,OKC,OK,ASW,CE,Combined TRACON& Tower with Radar,116,42,38,66,262,0,2,27,9,38,116,44,65,75,300,34,96,130,430
04/02/2016,OKC,OK,ASW,CE,Combined TRACON& Tower with Radar,100,19,14,18,151,0,2,15,7,24,100,21,29,25,175,0,10,10,185
04/03/2016,OKC,OK,ASW,CE,Combined TRACON& Tower with Radar,116,41,19,30,206,0,0,15,26,41,116,41,34,56,247,0,16,16,263
04/04/2016,OKC,OK,ASW,CE,Combined TRACON& Tower with Radar,117,36,36,171,360,0,3,18,13,34,117,39,54,184,394,0,18,18,412
04/05/2016,OKC,OK,ASW,CE,Combined TRACON& Tower with Radar,120,42,39,129,330,0,2,15,16,33,120,44,54,145,363,12,98,110,473
04/06/2016,OKC,OK,ASW,CE,Combined TRACON& Tower with Radar,118,37,31,97,283,0,9,31,5,45,118,46,62,102,328,0,38,38,366
04/07/2016,OKC,OK,ASW,CE,Combined TRACON& Tower with Radar,125,28,37,81,271,0,1,29,12,42,125,29,66,93,313,6,62,68,381
04/08/2016,OKC,OK,ASW,CE,Combined TRACON& Tower with Radar,121,26,41,86,274,0,0,24,9,33,121,26,65,95,307,0,68,68,375
04/09/2016,OKC,OK,ASW,CE,Combined TRACON& Tower with Radar,98,14,15,23,150,0,2,16,8,26,98,16,31,31,176,0,0,0,176
04/10/2016,OKC,OK,ASW,CE,Combined TRACON& Tower with Radar,115,22,20,5,162,0,0,4,1,5,115,22,24,6,167,0,0,0,167
04/11/2016,OKC,OK,ASW,CE,Combined TRACON& Tower with Radar,135,50,60,62,307,0,2,9,2,13,135,52,69,64,320,0,0,0,320
04/12/2016,OKC,OK,ASW,CE,Combined TRACON& Tower with Radar,139,39,48,96,322,0,0,38,7,45,139,39,86,103,367,40,10,50,417
04/13/2016,OKC,OK,ASW,CE,Combined TRACON& Tower with Radar,129,33,50,70,282,0,1,20,0,21,129,34,70,70,303,24,0,24,327
04/14/2016,OKC,OK,ASW,CE,Combined TRACON& Tower with Radar,127,34,60,98,319,0,2,13,12,27,127,36,73,110,346,20,12,32,378
04/15/2016,OKC,OK,ASW,CE,Combined TRACON& Tower with Radar,124,39,62,68,293,0,1,20,7,28,124,40,82,75,321,0,0,0,321
04/16/2016,OKC,OK,ASW,CE,Combined TRACON& Tower with Radar,90,12,14,36,152,0,1,1,6,8,90,13,15,42,160,0,0,0,160
04/17/2016,OKC,OK,ASW,CE,Combined TRACON& Tower with Radar,107,18,13,7,145,0,0,0,0,0,107,18,13,7,145,0,10,10,155
04/18/2016,OKC,OK,ASW,CE,Combined TRACON& Tower with Radar,111,38,57,127,333,0,0,4,6,10,111,38,61,133,343,0,28,28,371
04/19/2016,OKC,OK,ASW,CE,Combined TRACON& Tower with Radar,125,31,51,16,223,0,0,3,0,3,125,31,54,16,226,0,0,0,226
04/20/2016,OKC,OK,ASW,CE,Combined TRACON& Tower with Radar,123,37,49,51,260,0,3,44,9,56,123,40,93,60,316,16,18,34,350
04/21/2016,OKC,OK,ASW,CE,Combined TRACON& Tower with Radar,129,43,58,83,313,0,3,46,6,55,129,46,104,89,368,8,80,88,456
04/22/2016,OKC,OK,ASW,CE,Combined TRACON& Tower with Radar,121,34,53,31,239,0,6,43,6,55,121,40,96,37,294,0,0,0,294
04/23/2016,OKC,OK,ASW,CE,Combined TRACON& Tower with Radar,102,10,25,14,151,0,3,17,15,35,102,13,42,29,186,0,0,0,186
04/24/2016,OKC,OK,ASW,CE,Combined TRACON& Tower with Radar,116,18,20,8,162,0,0,12,3,15,116,18,32,11,177,0,14,14,191
04/25/2016,OKC,OK,ASW,CE,Combined TRACON& Tower with Radar,117,36,40,77,270,0,1,13,7,21,117,37,53,84,291,12,60,72,363
04/26/2016,OKC,OK,ASW,CE,Combined TRACON& Tower with Radar,113,33,43,40,229,0,0,7,3,10,113,33,50,43,239,0,94,94,333
04/27/2016,OKC,OK,ASW,CE,Combined TRACON& Tower with Radar,129,41,72,63,305,0,6,22,18,46,129,47,94,81,351,8,4,12,363
04/28/2016,OKC,OK,ASW,CE,Combined TRACON& Tower with Radar,125,34,34,68,261,0,1,27,9,37,125,35,61,77,298,2,0,2,300
04/29/2016,OKC,OK,ASW,CE,Combined TRACON& Tower with Radar,122,32,24,11,189,0,0,0,1,1,122,32,24,12,190,0,0,0,190
04/30/2016,OKC,OK,ASW,CE,Combined TRACON& Tower with Radar,100,11,18,15,144,0,0,10,16,26,100,11,28,31,170,0,52,52,222
05/01/2016,OKC,OK,ASW,CE,Combined TRACON& Tower with Radar,115,15,17,32,179,0,0,15,11,26,115,15,32,43,205,0,0,0,205
05/02/2016,OKC,OK,ASW,CE,Combined TRACON& Tower with Radar,120,31,54,81,286,0,0,23,14,37,120,31,77,95,323,10,186,196,519
05/03/2016,OKC,OK,ASW,CE,Combined TRACON& Tower with Radar,124,40,43,46,253,0,2,28,5,35,124,42,71,51,288,0,0,0,288
05/04/2016,OKC,OK,ASW,CE,Combined TRACON& Tower with Radar,124,27,56,58,265,0,3,69,12,84,124,30,125,70,349,20,54,74,423
05/05/2016,OKC,OK,ASW,CE,Combined TRACON& Tower with Radar,141,29,42,33,245,0,2,39,3,44,141,31,81,36,289,0,4,4,293
05/06/2016,OKC,OK,ASW,CE,Combined TRACON& Tower with Radar,140,24,61,49,274,0,3,27,2,32,140,27,88,51,306,0,68,68,374
05/07/2016,OKC,OK,ASW,CE,Combined TRACON& Tower with Radar,96,21,17,10,144,0,1,18,8,27,96,22,35,18,171,0,0,0,171
05/08/2016,OKC,OK,ASW,CE,Combined TRACON& Tower with Radar,123,25,14,23,185,0,0,3,3,6,123,25,17,26,191,0,0,0,191
05/09/2016,OKC,OK,ASW,CE,Combined TRACON& Tower with Radar,133,30,24,82,269,0,1,23,7,31,133,31,47,89,300,8,16,24,324
05/10/2016,OKC,OK,ASW,CE,Combined TRACON& Tower with Radar,149,39,54,89,331,0,1,47,14,62,149,40,101,103,393,2,84,86,479
05/11/2016,OKC,OK,ASW,CE,Combined TRACON& Tower with Radar,138,32,42,66,278,0,0,14,1,15,138,32,56,67,293,0,0,0,293
05/12/2016,OKC,OK,ASW,CE,Combined TRACON& Tower with Radar,144,27,58,33,262,0,4,28,14,46,144,31,86,47,308,0,36,36,344
05/13/2016,OKC,OK,ASW,CE,Combined TRACON& Tower with Radar,131,23,47,46,247,0,2,22,3,27,131,25,69,49,274,0,0,0,274
05/14/2016,OKC,OK,ASW,CE,Combined TRACON& Tower with Radar,107,14,29,9,159,0,0,11,7,18,107,14,40,16,177,18,0,18,195
05/15/2016,OKC,OK,ASW,CE,Combined TRACON& Tower with Radar,126,18,19,46,209,0,0,3,0,3,126,18,22,46,212,0,6,6,218
05/16/2016,OKC,OK,ASW,CE,Combined TRACON& Tower with Radar,124,29,44,184,381,0,0,9,0,9,124,29,53,184,390,0,56,56,446
05/17/2016,OKC,OK,ASW,CE,Combined TRACON& Tower with Radar,131,48,54,78,311,0,0,5,0,5,131,48,59,78,316,0,12,12,328
05/18/2016,OKC,OK,ASW,CE,Combined TRACON& Tower with Radar,140,37,70,100,347,0,2,19,6,27,140,39,89,106,374,0,16,16,390
05/19/2016,OKC,OK,ASW,CE,Combined TRACON& Tower with Radar,135,49,56,138,378,0,0,6,1,7,135,49,62,139,385,0,40,40,425
05/20/2016,OKC,OK,ASW,CE,Combined TRACON& Tower with Radar,136,35,68,72,311,0,2,5,3,10,136,37,73,75,321,6,18,24,345
05/21/2016,OKC,OK,ASW,CE,Combined TRACON& Tower with Radar,103,18,23,24,168,0,3,18,6,27,103,21,41,30,195,0,0,0,195
05/22/2016,OKC,OK,ASW,CE,Combined TRACON& Tower with Radar,123,29,65,20,237,0,0,19,6,25,123,29,84,26,262,0,0,0,262
05/23/2016,OKC,OK,ASW,CE,Combined TRACON& Tower with Radar,132,37,46,108,323,0,4,6,0,10,132,41,52,108,333,0,100,100,433
05/24/2016,OKC,OK,ASW,CE,Combined TRACON& Tower with Radar,129,57,87,68,341,0,2,21,4,27,129,59,108,72,368,0,52,52,420
05/25/2016,OKC,OK,ASW,CE,Combined TRACON& Tower with Radar,135,35,48,97,315,0,0,6,0,6,135,35,54,97,321,30,94,124,445
05/26/2016,OKC,OK,ASW,CE,Combined TRACON& Tower with Radar,133,41,47,63,284,0,0,17,1,18,133,41,64,64,302,0,22,22,324
05/27/2016,OKC,OK,ASW,CE,Combined TRACON& Tower with Radar,140,28,33,12,213,0,0,5,1,6,140,28,38,13,219,0,8,8,227
05/28/2016,OKC,OK,ASW,CE,Combined TRACON& Tower with Radar,99,13,40,0,152,0,0,10,8,18,99,13,50,8,170,6,0,6,176
05/29/2016,OKC,OK,ASW,CE,Combined TRACON& Tower with Radar,134,19,10,2,165,0,0,7,7,14,134,19,17,9,179,0,0,0,179
05/30/2016,OKC,OK,ASW,CE,Combined TRACON& Tower with Radar,115,22,13,0,150,0,0,8,7,15,115,22,21,7,165,0,0,0,165
05/31/2016,OKC,OK,ASW,CE,Combined TRACON& Tower with Radar,126,35,49,59,269,0,0,7,1,8,126,35,56,60,277,18,0,18,295
06/01/2016,OKC,OK,ASW,CE,Combined TRACON& Tower with Radar,139,39,35,16,229,0,0,4,0,4,139,39,39,16,233,0,0,0,233
06/02/2016,OKC,OK,ASW,CE,Combined TRACON& Tower with Radar,141,33,41,27,242,0,1,13,3,17,141,34,54,30,259,12,0,12,271
06/03/2016,OKC,OK,ASW,CE,Combined TRACON& Tower with Radar,138,34,71,68,311,0,0,18,5,23,138,34,89,73,334,0,0,0,334
06/04/2016,OKC,OK,ASW,CE,Combined TRACON& Tower with Radar,100,26,32,39,197,0,0,16,7,23,100,26,48,46,220,0,0,0,220
06/05/2016,OKC,OK,ASW,CE,Combined TRACON& Tower with Radar,122,21,37,47,227,0,0,11,14,25,122,21,48,61,252,20,26,46,298
06/06/2016,OKC,OK,ASW,CE,Combined TRACON& Tower with Radar,134,33,44,86,297,0,15,42,8,65,134,48,86,94,362,46,216,262,624
06/07/2016,OKC,OK,ASW,CE,Combined TRACON& Tower with Radar,133,36,64,103,336,0,25,31,12,68,133,61,95,115,404,0,228,228,632
06/08/2016,OKC,OK,ASW,CE,Combined TRACON& Tower with Radar,132,38,58,114,342,0,15,38,7,60,132,53,96,121,402,10,70,80,482
06/09/2016,OKC,OK,ASW,CE,Combined TRACON& Tower with Radar,139,33,54,109,335,0,16,42,15,73,139,49,96,124,408,22,78,100,508
06/10/2016,OKC,OK,ASW,CE,Combined TRACON& Tower with Radar,132,31,49,91,303,0,2,34,5,41,132,33,83,96,344,4,70,74,418
06/11/2016,OKC,OK,ASW,CE,Combined TRACON& Tower with Radar,117,21,10,35,183,0,1,6,8,15,117,22,16,43,198,0,24,24,222
06/12/2016,OKC,OK,ASW,CE,Combined TRACON& Tower with Radar,154,28,19,20,221,0,0,7,5,12,154,28,26,25,233,0,20,20,253
06/13/2016,OKC,OK,ASW,CE,Combined TRACON& Tower with Radar,155,47,39,64,305,0,3,7,4,14,155,50,46,68,319,10,0,10,329
06/14/2016,OKC,OK,ASW,CE,Combined TRACON& Tower with Radar,131,31,56,59,277,0,2,20,9,31,131,33,76,68,308,0,34,34,342
06/15/2016,OKC,OK,ASW,CE,Combined TRACON& Tower with Radar,136,42,50,65,293,0,4,36,20,60,136,46,86,85,353,0,102,102,455
06/16/2016,OKC,OK,ASW,CE,Combined TRACON& Tower with Radar,135,49,53,87,324,0,4,36,7,47,135,53,89,94,371,0,30,30,401
06/17/2016,OKC,OK,ASW,CE,Combined TRACON& Tower with Radar,141,35,43,83,302,0,2,23,5,30,141,37,66,88,332,2,100,102,434
06/18/2016,OKC,OK,ASW,CE,Combined TRACON& Tower with Radar,104,24,15,30,173,0,0,7,11,18,104,24,22,41,191,0,4,4,195
06/19/2016,OKC,OK,ASW,CE,Combined TRACON& Tower with Radar,123,27,16,42,208,0,0,14,6,20,123,27,30,48,228,0,32,32,260
06/20/2016,OKC,OK,ASW,CE,Combined TRACON& Tower with Radar,131,27,34,77,269,0,1,21,4,26,131,28,55,81,295,0,194,194,489
06/21/2016,OKC,OK,ASW,CE,Combined TRACON& Tower with Radar,131,38,49,101,319,0,4,30,9,43,131,42,79,110,362,8,118,126,488
06/22/2016,OKC,OK,ASW,CE,Combined TRACON& Tower with Radar,130,38,45,90,303,0,1,29,3,33,130,39,74,93,336,14,204,218,554
06/23/2016,OKC,OK,ASW,CE,Combined TRACON& Tower with Radar,134,35,51,115,335,0,1,16,7,24,134,36,67,122,359,46,186,232,591
06/24/2016,OKC,OK,ASW,CE,Combined TRACON& Tower with Radar,132,28,38,131,329,0,2,38,7,47,132,30,76,138,376,0,112,112,488
06/25/2016,OKC,OK,ASW,CE,Combined TRACON& Tower with Radar,108,21,17,80,226,0,0,14,6,20,108,21,31,86,246,2,30,32,278
06/26/2016,OKC,OK,ASW,CE,Combined TRACON& Tower with Radar,119,24,23,24,190,0,0,8,10,18,119,24,31,34,208,0,10,10,218
06/27/2016,OKC,OK,ASW,CE,Combined TRACON& Tower with Radar,147,45,53,39,284,0,5,35,17,57,147,50,88,56,341,2,46,48,389
06/28/2016,OKC,OK,ASW,CE,Combined TRACON& Tower with Radar,133,39,40,60,272,0,2,22,26,50,133,41,62,86,322,0,40,40,362
06/29/2016,OKC,OK,ASW,CE,Combined TRACON& Tower with Radar,129,36,45,142,352,0,16,31,23,70,129,52,76,165,422,12,170,182,604
06/30/2016,OKC,OK,ASW,CE,Combined TRACON& Tower with Radar,132,37,53,82,304,0,7,25,15,47,132,44,78,97,351,0,70,70,421
07/01/2016,OKC,OK,ASW,CE,Combined TRACON& Tower with Radar,138,36,38,104,316,0,2,8,9,19,138,38,46,113,335,0,100,100,435
07/02/2016,OKC,OK,ASW,CE,Combined TRACON& Tower with Radar,111,16,12,18,157,0,0,4,4,8,111,16,16,22,165,0,0,0,165
07/03/2016,OKC,OK,ASW,CE,Combined TRACON& Tower with Radar,104,17,9,6,136,0,5,4,4,13,104,22,13,10,149,0,0,0,149
07/04/2016,OKC,OK,ASW,CE,Combined TRACON& Tower with Radar,127,11,14,0,152,0,0,8,11,19,127,11,22,11,171,0,0,0,171
07/05/2016,OKC,OK,ASW,CE,Combined TRACON& Tower with Radar,125,35,44,2,206,0,1,24,6,31,125,36,68,8,237,22,20,42,279
07/06/2016,OKC,OK,ASW,CE,Combined TRACON& Tower with Radar,123,33,42,72,270,0,5,27,19,51,123,38,69,91,321,0,98,98,419
07/07/2016,OKC,OK,ASW,CE,Combined TRACON& Tower with Radar,133,40,63,96,332,0,11,39,14,64,133,51,102,110,396,0,120,120,516
07/08/2016,OKC,OK,ASW,CE,Combined TRACON& Tower with Radar,121,31,48,82,282,0,4,14,12,30,121,35,62,94,312,12,298,310,622
07/09/2016,OKC,OK,ASW,CE,Combined TRACON& Tower with Radar,128,20,31,41,220,0,2,29,5,36,128,22,60,46,256,0,24,24,280
07/10/2016,OKC,OK,ASW,CE,Combined TRACON& Tower with Radar,123,29,25,47,224,0,0,15,10,25,123,29,40,57,249,0,20,20,269
07/11/2016,OKC,OK,ASW,CE,Combined TRACON& Tower with Radar,121,37,58,103,319,0,1,48,4,53,121,38,106,107,372,8,52,60,432
07/12/2016,OKC,OK,ASW,CE,Combined TRACON& Tower with Radar,132,49,76,130,387,0,17,50,11,78,132,66,126,141,465,0,126,126,591
07/13/2016,OKC,OK,ASW,CE,Combined TRACON& Tower with Radar,127,50,78,57,312,0,8,45,8,61,127,58,123,65,373,6,70,76,449
07/14/2016,OKC,OK,ASW,CE,Combined TRACON& Tower with Radar,147,43,44,64,298,0,2,70,3,75,147,45,114,67,373,26,0,26,399
07/15/2016,OKC,OK,ASW,CE,Combined TRACON& Tower with Radar,136,35,58,64,293,0,0,25,4,29,136,35,83,68,322,0,60,60,382
07/16/2016,OKC,OK,ASW,CE,Combined TRACON& Tower with Radar,108,23,17,33,181,0,2,10,7,19,108,25,27,40,200,0,22,22,222
07/17/2016,OKC,OK,ASW,CE,Combined TRACON& Tower with Radar,120,30,23,47,220,0,0,5,12,17,120,30,28,59,237,4,0,4,241
07/18/2016,OKC,OK,ASW,CE,Combined TRACON& Tower with Radar,118,31,34,46,229,0,1,20,6,27,118,32,54,52,256,0,0,0,256
07/19/2016,OKC,OK,ASW,CE,Combined TRACON& Tower with Radar,137,43,61,68,309,0,4,55,5,64,137,47,116,73,373,0,24,24,397
07/20/2016,OKC,OK,ASW,CE,Combined TRACON& Tower with Radar,118,35,43,64,260,0,4,74,8,86,118,39,117,72,346,26,8,34,380
07/21/2016,OKC,OK,ASW,CE,Combined TRACON& Tower with Radar,96,58,45,58,257,0,9,27,12,48,96,67,72,70,305,0,0,0,305
07/22/2016,OKC,OK,ASW,CE,Combined TRACON& Tower with Radar,98,47,55,67,267,0,3,40,6,49,98,50,95,73,316,0,14,14,330
07/23/2016,OKC,OK,ASW,CE,Combined TRACON& Tower with Radar,83,42,35,14,174,0,1,21,3,25,83,43,56,17,199,0,0,0,199
07/24/2016,OKC,OK,ASW,CE,Combined TRACON& Tower with Radar,100,57,14,14,185,0,0,13,5,18,100,57,27,19,203,0,0,0,203
07/25/2016,OKC,OK,ASW,CE,Combined TRACON& Tower with Radar,108,63,45,12,228,0,8,18,4,30,108,71,63,16,258,20,78,98,356
07/26/2016,OKC,OK,ASW,CE,Combined TRACON& Tower with Radar,114,75,45,49,283,1,3,19,7,30,115,78,64,56,313,0,0,0,313
07/27/2016,OKC,OK,ASW,CE,Combined TRACON& Tower with Radar,117,73,48,58,296,0,8,25,12,45,117,81,73,70,341,0,90,90,431
07/28/2016,OKC,OK,ASW,CE,Combined TRACON& Tower with Radar,108,62,37,54,261,0,4,21,6,31,108,66,58,60,292,0,16,16,308
07/29/2016,OKC,OK,ASW,CE,Combined TRACON& Tower with Radar,104,68,31,39,242,0,1,10,9,20,104,69,41,48,262,0,0,0,262
07/30/2016,OKC,OK,ASW,CE,Combined TRACON& Tower with Radar,87,42,16,17,162,0,0,9,13,22,87,42,25,30,184,0,0,0,184
07/31/2016,OKC,OK,ASW,CE,Combined TRACON& Tower with Radar,89,57,12,31,189,0,1,4,3,8,89,58,16,34,197,0,0,0,197
08/01/2016,OKC,OK,ASW,CE,Combined TRACON& Tower with Radar,107,58,35,29,229,0,1,33,3,37,107,59,68,32,266,26,32,58,324
08/02/2016,OKC,OK,ASW,CE,Combined TRACON& Tower with Radar,105,65,53,59,282,0,6,37,7,50,105,71,90,66,332,30,52,82,414
08/03/2016,OKC,OK,ASW,CE,Combined TRACON& Tower with Radar,107,53,45,27,232,0,5,34,6,45,107,58,79,33,277,0,0,0,277
08/04/2016,OKC,OK,ASW,CE,Combined TRACON& Tower with Radar,111,58,34,25,228,0,5,14,8,27,111,63,48,33,255,0,0,0,255
08/05/2016,OKC,OK,ASW,CE,Combined TRACON& Tower with Radar,100,61,36,53,250,0,1,15,1,17,100,62,51,54,267,0,0,0,267
08/06/2016,OKC,OK,ASW,CE,Combined TRACON& Tower with Radar,85,49,9,31,174,0,1,8,6,15,85,50,17,37,189,0,0,0,189
08/07/2016,OKC,OK,ASW,CE,Combined TRACON& Tower with Radar,98,57,8,30,193,0,0,19,23,42,98,57,27,53,235,0,16,16,251
08/08/2016,OKC,OK,ASW,CE,Combined TRACON& Tower with Radar,96,56,46,63,261,0,0,33,6,39,96,56,79,69,300,34,64,98,398
08/09/2016,OKC,OK,ASW,CE,Combined TRACON& Tower with Radar,105,56,65,48,274,0,5,35,5,45,105,61,100,53,319,34,30,64,383
08/10/2016,OKC,OK,ASW,CE,Combined TRACON& Tower with Radar,105,63,39,157,364,0,3,25,9,37,105,66,64,166,401,0,112,112,513
08/11/2016,OKC,OK,ASW,CE,Combined TRACON& Tower with Radar,107,58,46,111,322,0,5,18,13,36,107,63,64,124,358,0,66,66,424
08/12/2016,OKC,OK,ASW,CE,Combined TRACON& Tower with Radar,134,61,35,65,295,0,0,17,2,19,134,61,52,67,314,0,88,88,402
08/13/2016,OKC,OK,ASW,CE,Combined TRACON& Tower with Radar,86,35,22,23,166,0,0,20,2,22,86,35,42,25,188,0,60,60,248
08/14/2016,OKC,OK,ASW,CE,Combined TRACON& Tower with Radar,101,58,19,43,221,0,0,10,8,18,101,58,29,51,239,0,34,34,273
08/15/2016,OKC,OK,ASW,CE,Combined TRACON& Tower with Radar,104,55,36,81,276,0,3,30,6,39,104,58,66,87,315,0,72,72,387
08/16/2016,OKC,OK,ASW,CE,Combined TRACON& Tower with Radar,101,64,56,118,339,0,0,28,14,42,101,64,84,132,381,0,30,30,411
08/17/2016,OKC,OK,ASW,CE,Combined TRACON& Tower with Radar,100,69,76,104,349,0,0,22,6,28,100,69,98,110,377,0,70,70,447
08/18/2016,OKC,OK,ASW,CE,Combined TRACON& Tower with Radar,104,65,55,128,352,0,1,16,7,24,104,66,71,135,376,0,52,52,428
08/19/2016,OKC,OK,ASW,CE,Combined TRACON& Tower with Radar,125,64,39,54,282,0,0,8,3,11,125,64,47,57,293,0,46,46,339
08/20/2016,OKC,OK,ASW,CE,Combined TRACON& Tower with Radar,77,36,27,13,153,0,0,10,7,17,77,36,37,20,170,0,0,0,170
08/21/2016,OKC,OK,ASW,CE,Combined TRACON& Tower with Radar,95,47,23,13,178,0,0,14,12,26,95,47,37,25,204,0,22,22,226
08/22/2016,OKC,OK,ASW,CE,Combined TRACON& Tower with Radar,99,60,39,98,296,0,0,30,9,39,99,60,69,107,335,24,32,56,391
08/23/2016,OKC,OK,ASW,CE,Combined TRACON& Tower with Radar,99,62,55,89,305,0,0,9,2,11,99,62,64,91,316,32,40,72,388
08/24/2016,OKC,OK,ASW,CE,Combined TRACON& Tower with Radar,102,65,43,100,310,0,2,20,8,30,102,67,63,108,340,0,60,60,400
08/25/2016,OKC,OK,ASW,CE,Combined TRACON& Tower with Radar,103,63,44,106,316,0,2,21,5,28,103,65,65,111,344,0,36,36,380
08/26/2016,OKC,OK,ASW,CE,Combined TRACON& Tower with Radar,98,64,27,56,245,0,1,15,6,22,98,65,42,62,267,4,0,4,271
08/27/2016,OKC,OK,ASW,CE,Combined TRACON& Tower with Radar,87,34,20,31,172,0,0,15,6,21,87,34,35,37,193,0,0,0,193
08/28/2016,OKC,OK,ASW,CE,Combined TRACON& Tower with Radar,93,49,18,34,194,0,2,7,9,18,93,51,25,43,212,0,0,0,212
08/29/2016,OKC,OK,ASW,CE,Combined TRACON& Tower with Radar,106,63,17,110,296,0,5,20,9,34,106,68,37,119,330,0,36,36,366
08/30/2016,OKC,OK,ASW,CE,Combined TRACON& Tower with Radar,99,62,46,85,292,0,5,39,13,57,99,67,85,98,349,16,74,90,439
08/31/2016,OKC,OK,ASW,CE,Combined TRACON& Tower with Radar,101,75,50,51,277,0,0,20,10,30,101,75,70,61,307,0,44,44,351
09/01/2016,OKC,OK,ASW,CE,Combined TRACON& Tower with Radar,98,70,46,63,277,0,0,10,2,12,98,70,56,65,289,0,0,0,289
09/02/2016,OKC,OK,ASW,CE,Combined TRACON& Tower with Radar,101,58,43,5,207,0,1,15,2,18,101,59,58,7,225,4,10,14,239
09/03/2016,OKC,OK,ASW,CE,Combined TRACON& Tower with Radar,63,31,16,0,110,0,0,12,11,23,63,31,28,11,133,0,0,0,133
09/04/2016,OKC,OK,ASW,CE,Combined TRACON& Tower with Radar,64,40,19,1,124,0,3,5,6,14,64,43,24,7,138,0,0,0,138
09/05/2016,OKC,OK,ASW,CE,Combined TRACON& Tower with Radar,91,54,11,0,156,0,0,20,6,26,91,54,31,6,182,0,0,0,182
09/06/2016,OKC,OK,ASW,CE,Combined TRACON& Tower with Radar,89,64,40,55,248,0,0,21,12,33,89,64,61,67,281,0,64,64,345
09/07/2016,OKC,OK,ASW,CE,Combined TRACON& Tower with Radar,94,65,40,62,261,0,0,25,14,39,94,65,65,76,300,0,36,36,336
09/08/2016,OKC,OK,ASW,CE,Combined TRACON& Tower with Radar,99,66,46,120,331,0,3,29,8,40,99,69,75,128,371,0,20,20,391
09/09/2016,OKC,OK,ASW,CE,Combined TRACON& Tower with Radar,101,53,40,89,283,0,0,17,9,26,101,53,57,98,309,0,20,20,329
09/10/2016,OKC,OK,ASW,CE,Combined TRACON& Tower with Radar,80,43,15,13,151,0,0,17,4,21,80,43,32,17,172,0,0,0,172
09/11/2016,OKC,OK,ASW,CE,Combined TRACON& Tower with Radar,103,43,31,18,195,0,2,20,11,33,103,45,51,29,228,0,0,0,228
09/12/2016,OKC,OK,ASW,CE,Combined TRACON& Tower with Radar,100,58,29,72,259,0,4,32,8,44,100,62,61,80,303,0,52,52,355
09/13/2016,OKC,OK,ASW,CE,Combined TRACON& Tower with Radar,102,59,47,63,271,0,5,17,7,29,102,64,64,70,300,0,24,24,324
09/14/2016,OKC,OK,ASW,CE,Combined TRACON& Tower with Radar,110,63,39,14,226,0,1,12,5,18,110,64,51,19,244,0,0,0,244
09/15/2016,OKC,OK,ASW,CE,Combined TRACON& Tower with Radar,134,57,39,47,277,0,10,28,6,44,134,67,67,53,321,0,110,110,431
09/16/2016,OKC,OK,ASW,CE,Combined TRACON& Tower with Radar,137,54,55,79,325,0,0,12,4,16,137,54,67,83,341,8,8,16,357
09/17/2016,OKC,OK,ASW,CE,Combined TRACON& Tower with Radar,97,22,21,14,154,0,0,12,8,20,97,22,33,22,174,0,16,16,190
09/18/2016,OKC,OK,ASW,CE,Combined TRACON& Tower with Radar,134,40,46,8,228,0,0,27,4,31,134,40,73,12,259,0,0,0,259
09/19/2016,OKC,OK,ASW,CE,Combined TRACON& Tower with Radar,129,34,47,65,275,0,1,29,8,38,129,35,76,73,313,36,156,192,505
09/20/2016,OKC,OK,ASW,CE,Combined TRACON& Tower with Radar,127,39,56,80,302,0,10,40,7,57,127,49,96,87,359,10,0,10,369
09/21/2016,OKC,OK,ASW,CE,Combined TRACON& Tower with Radar,122,44,47,71,284,0,2,37,12,51,122,46,84,83,335,0,6,6,341
09/22/2016,OKC,OK,ASW,CE,Combined TRACON& Tower with Radar,128,47,61,49,285,0,2,31,9,42,128,49,92,58,327,0,28,28,355
09/23/2016,OKC,OK,ASW,CE,Combined TRACON& Tower with Radar,128,34,31,61,254,0,0,23,7,30,128,34,54,68,284,10,72,82,366
09/24/2016,OKC,OK,ASW,CE,Combined TRACON& Tower with Radar,91,19,15,6,131,0,0,5,7,12,91,19,20,13,143,0,0,0,143
09/25/2016,OKC,OK,ASW,CE,Combined TRACON& Tower with Radar,120,33,11,18,182,0,0,6,0,6,120,33,17,18,188,6,0,6,194
09/26/2016,OKC,OK,ASW,CE,Combined TRACON& Tower with Radar,124,36,41,83,284,0,1,20,3,24,124,37,61,86,308,14,0,14,322
09/27/2016,OKC,OK,ASW,CE,Combined TRACON& Tower with Radar,121,41,54,68,284,0,4,53,6,63,121,45,107,74,347,52,36,88,435
09/28/2016,OKC,OK,ASW,CE,Combined TRACON& Tower with Radar,133,38,36,73,280,0,7,28,5,40,133,45,64,78,320,16,6,22,342
09/29/2016,OKC,OK,ASW,CE,Combined TRACON& Tower with Radar,130,50,28,73,281,1,4,31,3,39,131,54,59,76,320,14,32,46,366
09/30/2016,OKC,OK,ASW,CE,Combined TRACON& Tower with Radar,126,41,34,58,259,0,2,30,5,37,126,43,64,63,296,0,10,10,306
10/01/2016,OKC,OK,ASW,CE,Combined TRACON& Tower with Radar,102,25,27,3,157,0,3,26,7,36,102,28,53,10,193,36,0,36,229
10/02/2016,OKC,OK,ASW,CE,Combined TRACON& Tower with Radar,123,21,19,7,170,0,1,11,9,21,123,22,30,16,191,10,24,34,225
10/03/2016,OKC,OK,ASW,CE,Combined TRACON& Tower with Radar,127,37,38,111,313,0,7,28,8,43,127,44,66,119,356,12,32,44,400
10/04/2016,OKC,OK,ASW,CE,Combined TRACON& Tower with Radar,132,42,51,81,306,0,0,10,6,16,132,42,61,87,322,0,80,80,402
10/05/2016,OKC,OK,ASW,CE,Combined TRACON& Tower with Radar,126,43,63,99,331,0,1,34,11,46,126,44,97,110,377,6,194,200,577
10/06/2016,OKC,OK,ASW,CE,Combined TRACON& Tower with Radar,130,23,59,49,261,0,0,13,7,20,130,23,72,56,281,8,90,98,379
10/07/2016,OKC,OK,ASW,CE,Combined TRACON& Tower with Radar,141,32,26,27,226,0,1,18,2,21,141,33,44,29,247,0,0,0,247
10/08/2016,OKC,OK,ASW,CE,Combined TRACON& Tower with Radar,99,13,16,7,135,0,0,10,9,19,99,13,26,16,154,24,24,48,202
10/09/2016,OKC,OK,ASW,CE,Combined TRACON& Tower with Radar,128,20,18,0,166,0,0,9,2,11,128,20,27,2,177,0,0,0,177
10/10/2016,OKC,OK,ASW,CE,Combined TRACON& Tower with Radar,133,27,37,13,210,0,2,21,2,25,133,29,58,15,235,24,0,24,259
10/11/2016,OKC,OK,ASW,CE,Combined TRACON& Tower with Radar,135,43,58,59,295,0,16,29,14,59,135,59,87,73,354,42,78,120,474
10/12/2016,OKC,OK,ASW,CE,Combined TRACON& Tower with Radar,136,33,57,94,320,0,0,9,3,12,136,33,66,97,332,8,158,166,498
10/13/2016,OKC,OK,ASW,CE,Combined TRACON& Tower with Radar,140,30,102,51,323,0,0,6,3,9,140,30,108,54,332,0,0,0,332
10/14/2016,OKC,OK,ASW,CE,Combined TRACON& Tower with Radar,142,26,55,119,342,0,0,34,3,37,142,26,89,122,379,48,56,104,483
10/15/2016,OKC,OK,ASW,CE,Combined TRACON& Tower with Radar,94,20,14,29,157,0,0,7,4,11,94,20,21,33,168,16,0,16,184
10/16/2016,OKC,OK,ASW,CE,Combined TRACON& Tower with Radar,133,18,15,15,181,0,0,5,7,12,133,18,20,22,193,0,18,18,211
10/17/2016,OKC,OK,ASW,CE,Combined TRACON& Tower with Radar,136,19,42,47,244,0,3,18,7,28,136,22,60,54,272,0,102,102,374
10/18/2016,OKC,OK,ASW,CE,Combined TRACON& Tower with Radar,133,31,44,104,312,0,8,37,7,52,133,39,81,111,364,26,222,248,612
10/19/2016,OKC,OK,ASW,CE,Combined TRACON& Tower with Radar,135,36,46,40,257,0,0,42,10,52,135,36,88,50,309,118,36,154,463
10/20/2016,OKC,OK,ASW,CE,Combined TRACON& Tower with Radar,137,38,42,65,282,0,1,81,7,89,137,39,123,72,371,120,72,192,563
10/21/2016,OKC,OK,ASW,CE,Combined TRACON& Tower with Radar,141,34,30,91,296,0,3,17,2,22,141,37,47,93,318,8,302,310,628
10/22/2016,OKC,OK,ASW,CE,Combined TRACON& Tower with Radar,98,11,26,17,152,0,1,11,2,14,98,12,37,19,166,8,0,8,174
10/23/2016,OKC,OK,ASW,CE,Combined TRACON& Tower with Radar,129,27,14,9,179,0,0,16,5,21,129,27,30,14,200,8,0,8,208
10/24/2016,OKC,OK,ASW,CE,Combined TRACON& Tower with Radar,136,28,40,74,278,0,4,27,17,48,136,32,67,91,326,4,98,102,428
10/25/2016,OKC,OK,ASW,CE,Combined TRACON& Tower with Radar,130,29,56,91,306,0,3,31,16,50,130,32,87,107,356,12,66,78,434
10/26/2016,OKC,OK,ASW,CE,Combined TRACON& Tower with Radar,134,38,38,90,300,0,3,21,13,37,134,41,59,103,337,0,152,152,489
10/27/2016,OKC,OK,ASW,CE,Combined TRACON& Tower with Radar,141,31,52,75,299,0,2,15,12,29,141,33,67,87,328,0,62,62,390
10/28/2016,OKC,OK,ASW,CE,Combined TRACON& Tower with Radar,140,36,34,114,324,0,2,26,37,65,140,38,60,151,389,2,132,134,523
10/29/2016,OKC,OK,ASW,CE,Combined TRACON& Tower with Radar,97,17,20,14,148,0,0,8,6,14,97,17,28,20,162,0,0,0,162
10/30/2016,OKC,OK,ASW,CE,Combined TRACON& Tower with Radar,130,11,35,21,197,0,0,8,1,9,130,11,43,22,206,0,0,0,206
10/31/2016,OKC,OK,ASW,CE,Combined TRACON& Tower with Radar,130,20,44,71,265,0,0,24,4,28,130,20,68,75,293,14,48,62,355
11/01/2016,OKC,OK,ASW,CE,Combined TRACON& Tower with Radar,135,27,74,106,342,0,0,24,11,35,135,27,98,117,377,12,158,170,547
11/02/2016,OKC,OK,ASW,CE,Combined TRACON& Tower with Radar,137,27,54,128,346,0,0,13,7,20,137,27,67,135,366,0,18,18,384
11/03/2016,OKC,OK,ASW,CE,Combined TRACON& Tower with Radar,142,36,65,128,371,0,1,17,14,32,142,37,82,142,403,0,90,90,493
11/04/2016,OKC,OK,ASW,CE,Combined TRACON& Tower with Radar,145,26,57,45,273,0,0,2,2,4,145,26,59,47,277,0,0,0,277
11/05/2016,OKC,OK,ASW,CE,Combined TRACON& Tower with Radar,99,17,20,50,186,0,0,16,10,26,99,17,36,60,212,0,120,120,332
11/06/2016,OKC,OK,ASW,CE,Combined TRACON& Tower with Radar,135,14,15,24,188,0,0,8,1,9,135,14,23,25,197,0,40,40,237
11/07/2016,OKC,OK,ASW,CE,Combined TRACON& Tower with Radar,147,29,58,49,283,0,0,1,0,1,147,29,59,49,284,0,0,0,284
11/08/2016,OKC,OK,ASW,CE,Combined TRACON& Tower with Radar,130,28,52,98,308,0,0,6,2,8,130,28,58,100,316,0,12,12,328
11/09/2016,OKC,OK,ASW,CE,Combined TRACON& Tower with Radar,146,30,45,128,349,0,0,24,13,37,146,30,69,141,386,2,120,122,508
11/10/2016,OKC,OK,ASW,CE,Combined TRACON& Tower with Radar,147,26,57,122,352,0,0,25,6,31,147,26,82,128,383,23,0,23,406
11/11/2016,OKC,OK,ASW,CE,Combined TRACON& Tower with Radar,149,22,39,13,223,0,0,22,8,30,149,22,61,21,253,0,0,0,253
11/12/2016,OKC,OK,ASW,CE,Combined TRACON& Tower with Radar,94,13,26,1,134,0,0,20,8,28,94,13,46,9,162,0,0,0,162
11/13/2016,OKC,OK,ASW,CE,Combined TRACON& Tower with Radar,140,20,31,5,196,0,0,27,6,33,140,20,58,11,229,6,0,6,235
11/14/2016,OKC,OK,ASW,CE,Combined TRACON& Tower with Radar,142,21,44,79,286,0,1,32,11,44,142,22,76,90,330,0,0,0,330
11/15/2016,OKC,OK,ASW,CE,Combined TRACON& Tower with Radar,92,19,41,79,231,0,3,30,11,44,92,22,71,90,275,0,118,118,393
11/16/2016,OKC,OK,ASW,CE,Combined TRACON& Tower with Radar,153,26,68,72,319,0,1,36,4,41,153,27,104,76,360,6,102,108,468
11/17/2016,OKC,OK,ASW,CE,Combined TRACON& Tower with Radar,147,28,48,103,326,0,2,17,5,24,147,30,65,108,350,10,216,226,576
11/18/2016,OKC,OK,ASW,CE,Combined TRACON& Tower with Radar,149,21,37,100,307,0,2,11,3,16,149,23,48,103,323,0,80,80,403
11/19/2016,OKC,OK,ASW,CE,Combined TRACON& Tower with Radar,103,16,22,21,162,0,7,22,0,29,103,23,44,21,191,0,0,0,191
11/20/2016,OKC,OK,ASW,CE,Combined TRACON& Tower with Radar,141,11,14,35,201,0,2,11,5,18,141,13,25,40,219,0,28,28,247
11/21/2016,OKC,OK,ASW,CE,Combined TRACON& Tower with Radar,135,18,41,93,287,0,7,38,11,56,135,25,79,104,343,34,206,240,583
11/22/2016,OKC,OK,ASW,CE,Combined TRACON& Tower with Radar,134,25,52,79,290,0,4,24,2,30,134,29,76,81,320,0,48,48,368
11/23/2016,OKC,OK,ASW,CE,Combined TRACON& Tower with Radar,147,27,39,55,268,0,6,13,0,19,147,33,52,55,287,0,90,90,377
11/24/2016,OKC,OK,ASW,CE,Combined TRACON& Tower with Radar,79,8,3,1,91,0,10,2,0,12,79,18,5,1,103,0,0,0,103
11/25/2016,OKC,OK,ASW,CE,Combined TRACON& Tower with Radar,105,8,11,0,124,0,4,5,1,10,105,12,16,1,134,0,0,0,134
11/26/2016,OKC,OK,ASW,CE,Combined TRACON& Tower with Radar,149,9,11,0,169,0,6,13,1,20,149,15,24,1,189,0,0,0,189
11/27/2016,OKC,OK,ASW,CE,Combined TRACON& Tower with Radar,145,17,16,0,178,0,3,0,0,3,145,20,16,0,181,0,0,0,181
11/28/2016,OKC,OK,ASW,CE,Combined TRACON& Tower with Radar,157,15,31,138,341,0,13,23,6,42,157,28,54,144,383,6,94,100,483
11/29/2016,OKC,OK,ASW,CE,Combined TRACON& Tower with Radar,139,22,55,117,333,0,8,38,5,51,139,30,93,122,384,6,150,156,540
11/30/2016,OKC,OK,ASW,CE,Combined TRACON& Tower with Radar,135,20,46,114,315,0,2,31,8,41,135,22,77,122,356,0,120,120,476
12/01/2016,OKC,OK,ASW,CE,Combined TRACON& Tower with Radar,140,31,44,68,283,0,0,16,4,20,140,31,60,72,303,0,106,106,409
12/02/2016,OKC,OK,ASW,CE,Combined TRACON& Tower with Radar,130,18,46,74,268,0,5,11,2,18,130,23,57,76,286,0,116,116,402
12/03/2016,OKC,OK,ASW,CE,Combined TRACON& Tower with Radar,98,16,9,0,123,0,1,0,0,1,98,17,9,0,124,0,0,0,124
12/04/2016,OKC,OK,ASW,CE,Combined TRACON& Tower with Radar,121,21,25,58,225,0,2,7,1,10,121,23,32,59,235,0,0,0,235
12/05/2016,OKC,OK,ASW,CE,Combined TRACON& Tower with Radar,135,18,53,77,283,0,2,10,1,13,135,20,63,78,296,14,0,14,310
12/06/2016,OKC,OK,ASW,CE,Combined TRACON& Tower with Radar,131,19,66,59,275,0,2,25,6,33,131,21,91,65,308,14,16,30,338
12/07/2016,OKC,OK,ASW,CE,Combined TRACON& Tower with Radar,130,27,62,25,244,0,0,12,0,12,130,27,74,25,256,14,116,130,386
12/08/2016,OKC,OK,ASW,CE,Combined TRACON& Tower with Radar,140,22,52,111,325,0,9,20,10,39,140,31,72,121,364,0,0,0,364
12/09/2016,OKC,OK,ASW,CE,Combined TRACON& Tower with Radar,133,16,49,59,257,0,6,8,2,16,133,22,57,61,273,0,70,70,343
12/10/2016,OKC,OK,ASW,CE,Combined TRACON& Tower with Radar,98,6,23,20,147,0,13,3,1,17,98,19,26,21,164,0,0,0,164
12/11/2016,OKC,OK,ASW,CE,Combined TRACON& Tower with Radar,119,14,32,10,175,0,0,6,0,6,119,14,38,10,181,0,0,0,181
12/12/2016,OKC,OK,ASW,CE,Combined TRACON& Tower with Radar,132,10,56,99,297,0,5,30,9,44,132,15,86,108,341,22,164,186,527
12/13/2016,OKC,OK,ASW,CE,Combined TRACON& Tower with Radar,140,15,48,43,246,0,5,24,9,38,140,20,72,52,284,0,40,40,324
12/14/2016,OKC,OK,ASW,CE,Combined TRACON& Tower with Radar,135,18,38,78,269,0,3,23,1,27,135,21,61,79,296,0,0,0,296
12/15/2016,OKC,OK,ASW,CE,Combined TRACON& Tower with Radar,137,23,23,49,232,0,2,14,0,16,137,25,37,49,248,0,54,54,302
12/16/2016,OKC,OK,ASW,CE,Combined TRACON& Tower with Radar,129,26,24,60,239,0,1,2,4,7,129,27,26,64,246,0,0,0,246
12/17/2016,OKC,OK,ASW,CE,Combined TRACON& Tower with Radar,100,22,6,1,129,0,0,0,0,0,100,22,6,1,129,0,0,0,129
12/18/2016,OKC,OK,ASW,CE,Combined TRACON& Tower with Radar,119,17,19,29,184,0,2,16,6,24,119,19,35,35,208,8,0,8,216
12/19/2016,OKC,OK,ASW,CE,Combined TRACON& Tower with Radar,131,12,29,82,254,0,3,15,5,23,131,15,44,87,277,0,70,70,347
12/20/2016,OKC,OK,ASW,CE,Combined TRACON& Tower with Radar,129,26,34,76,265,0,1,28,4,33,129,27,62,80,298,14,26,40,338
12/21/2016,OKC,OK,ASW,CE,Combined TRACON& Tower with Radar,129,24,31,147,331,0,2,26,15,43,129,26,57,162,374,0,36,36,410
12/22/2016,OKC,OK,ASW,CE,Combined TRACON& Tower with Radar,131,33,42,109,315,0,6,11,0,17,131,39,53,109,332,16,120,136,468
12/23/2016,OKC,OK,ASW,CE,Combined TRACON& Tower with Radar,127,17,27,21,192,0,4,10,0,14,127,21,37,21,206,0,44,44,250
12/24/2016,OKC,OK,ASW,CE,Combined TRACON& Tower with Radar,106,15,3,0,124,0,0,0,0,0,106,15,3,0,124,0,0,0,124
12/25/2016,OKC,OK,ASW,CE,Combined TRACON& Tower with Radar,91,20,4,0,115,0,1,3,5,9,91,21,7,5,124,8,0,8,132
12/26/2016,OKC,OK,ASW,CE,Combined TRACON& Tower with Radar,121,28,16,0,165,0,4,5,2,11,121,32,21,2,176,0,0,0,176
12/27/2016,OKC,OK,ASW,CE,Combined TRACON& Tower with Radar,134,24,32,3,193,0,4,14,6,24,134,28,46,9,217,12,0,12,229
12/28/2016,OKC,OK,ASW,CE,Combined TRACON& Tower with Radar,132,20,21,0,173,0,3,10,4,17,132,23,31,4,190,0,8,8,198
12/29/2016,OKC,OK,ASW,CE,Combined TRACON& Tower with Radar,136,23,36,3,198,0,1,25,1,27,136,24,61,4,225,0,0,0,225
12/30/2016,OKC,OK,ASW,CE,Combined TRACON& Tower with Radar,135,15,12,2,164,0,5,10,0,15,135,20,22,2,179,0,0,0,179
12/31/2016,OKC,OK,ASW,CE,Combined TRACON& Tower with Radar,101,17,15,0,133,0,6,14,2,22,101,23,29,2,155,0,0,0,155
01/01/2017,OKC,OK,ASW,CE,Combined TRACON& Tower with Radar,117,15,12,0,144,0,6,3,1,10,117,21,15,1,154,0,0,0,154
01/02/2017,OKC,OK,ASW,CE,Combined TRACON& Tower with Radar,110,19,23,0,152,0,2,14,0,16,110,21,37,0,168,0,0,0,168
01/03/2017,OKC,OK,ASW,CE,Combined TRACON& Tower with Radar,134,22,38,64,258,0,0,6,1,7,134,22,44,65,265,0,0,0,265
01/04/2017,OKC,OK,ASW,CE,Combined TRACON& Tower with Radar,119,22,26,120,287,0,3,15,3,21,119,25,41,123,308,0,182,182,490
01/05/2017,OKC,OK,ASW,CE,Combined TRACON& Tower with Radar,124,18,40,72,254,0,3,15,0,18,124,21,55,72,272,2,128,130,402
01/06/2017,OKC,OK,ASW,CE,Combined TRACON& Tower with Radar,118,17,29,4,168,0,4,5,2,11,118,21,34,6,179,0,0,0,179
01/07/2017,OKC,OK,ASW,CE,Combined TRACON& Tower with Radar,78,18,23,20,139,0,4,13,3,20,78,22,36,23,159,4,2,6,165
01/08/2017,OKC,OK,ASW,CE,Combined TRACON& Tower with Radar,109,11,19,13,152,0,5,10,4,19,109,16,29,17,171,12,0,12,183
01/09/2017,OKC,OK,ASW,CE,Combined TRACON& Tower with Radar,122,15,27,173,337,1,8,7,6,22,123,23,34,179,359,0,140,140,499
01/10/2017,OKC,OK,ASW,CE,Combined TRACON& Tower with Radar,125,15,52,160,352,0,6,15,14,35,125,21,67,174,387,0,70,70,457
01/11/2017,OKC,OK,ASW,CE,Combined TRACON& Tower with Radar,121,18,43,131,313,0,4,23,5,32,121,22,66,136,345,8,32,40,385
01/12/2017,OKC,OK,ASW,CE,Combined TRACON& Tower with Radar,131,26,52,86,295,0,1,67,11,79,131,27,119,97,374,82,34,116,490
01/13/2017,OKC,OK,ASW,CE,Combined TRACON& Tower with Radar,115,6,2,0,123,0,0,0,0,0,115,6,2,0,123,0,0,0,123
01/14/2017,OKC,OK,ASW,CE,Combined TRACON& Tower with Radar,76,10,2,0,88,0,0,0,0,0,76,10,2,0,88,0,0,0,88
01/15/2017,OKC,OK,ASW,CE,Combined TRACON& Tower with Radar,105,5,12,0,122,0,0,0,0,0,105,5,12,0,122,0,0,0,122
01/16/2017,OKC,OK,ASW,CE,Combined TRACON& Tower with Radar,126,22,24,1,173,0,3,1,0,4,126,25,25,1,177,0,0,0,177
01/17/2017,OKC,OK,ASW,CE,Combined TRACON& Tower with Radar,122,23,41,148,334,0,3,16,28,47,122,26,57,176,381,0,70,70,451
01/18/2017,OKC,OK,ASW,CE,Combined TRACON& Tower with Radar,121,32,73,139,365,0,0,31,7,38,121,32,104,146,403,0,144,144,547
01/19/2017,OKC,OK,ASW,CE,Combined TRACON& Tower with Radar,126,32,67,137,362,0,2,9,8,19,126,34,76,145,381,0,12,12,393
01/20/2017,OKC,OK,ASW,CE,Combined TRACON& Tower with Radar,128,18,47,119,312,0,2,13,4,19,128,20,60,123,331,0,12,12,343
01/21/2017,OKC,OK,ASW,CE,Combined TRACON& Tower with Radar,82,11,19,60,172,0,7,10,8,25,82,18,29,68,197,0,2,2,199
01/22/2017,OKC,OK,ASW,CE,Combined TRACON& Tower with Radar,110,5,14,14,143,0,2,4,0,6,110,7,18,14,149,0,0,0,149
01/23/2017,OKC,OK,ASW,CE,Combined TRACON& Tower with Radar,122,21,57,97,297,0,10,32,6,48,122,31,89,103,345,24,58,82,427
01/24/2017,OKC,OK,ASW,CE,Combined TRACON& Tower with Radar,123,23,42,41,229,0,11,16,2,29,123,34,58,43,258,0,4,4,262
01/25/2017,OKC,OK,ASW,CE,Combined TRACON& Tower with Radar,122,21,44,124,311,0,3,31,6,40,122,24,75,130,351,2,48,50,401
01/26/2017,OKC,OK,ASW,CE,Combined TRACON& Tower with Radar,140,16,52,57,265,0,7,27,5,39,140,23,79,62,304,0,0,0,304
01/27/2017,OKC,OK,ASW,CE,Combined TRACON& Tower with Radar,125,27,40,62,254,0,1,22,1,24,125,28,62,63,278,2,42,44,322
01/28/2017,OKC,OK,ASW,CE,Combined TRACON& Tower with Radar,85,17,14,23,139,0,11,12,1,24,85,28,26,24,163,10,0,10,173
01/29/2017,OKC,OK,ASW,CE,Combined TRACON& Tower with Radar,105,18,21,13,157,0,5,16,1,22,105,23,37,14,179,6,0,6,185
01/30/2017,OKC,OK,ASW,CE,Combined TRACON& Tower with Radar,123,16,39,58,236,0,3,22,9,34,123,19,61,67,270,32,44,76,346
01/31/2017,OKC,OK,ASW,CE,Combined TRACON& Tower with Radar,123,26,47,69,265,0,6,38,9,53,123,32,85,78,318,14,0,14,332
02/01/2017,OKC,OK,ASW,CE,Combined TRACON& Tower with Radar,122,20,46,72,260,0,7,38,10,55,122,27,84,82,315,0,70,70,385
02/02/2017,OKC,OK,ASW,CE,Combined TRACON& Tower with Radar,127,23,46,66,262,0,3,23,4,30,127,26,69,70,292,8,22,30,322
02/03/2017,OKC,OK,ASW,CE,Combined TRACON& Tower with Radar,127,16,55,58,256,0,10,46,0,56,127,26,101,58,312,82,74,156,468
02/04/2017,OKC,OK,ASW,CE,Combined TRACON& Tower with Radar,76,18,19,18,131,0,9,6,0,15,76,27,25,18,146,0,0,0,146
02/05/2017,OKC,OK,ASW,CE,Combined TRACON& Tower with Radar,115,10,13,4,142,1,1,0,0,2,116,11,13,4,144,0,0,0,144
02/06/2017,OKC,OK,ASW,CE,Combined TRACON& Tower with Radar,119,20,38,86,263,0,4,18,13,35,119,24,56,99,298,6,26,32,330
02/07/2017,OKC,OK,ASW,CE,Combined TRACON& Tower with Radar,128,20,46,100,294,0,5,33,13,51,128,25,79,113,345,0,50,50,395
02/08/2017,OKC,OK,ASW,CE,Combined TRACON& Tower with Radar,123,26,54,91,294,0,5,26,38,69,123,31,80,129,363,0,114,114,477
02/09/2017,OKC,OK,ASW,CE,Combined TRACON& Tower with Radar,133,22,51,105,311,0,9,24,15,48,133,31,75,120,359,8,44,52,411
02/10/2017,OKC,OK,ASW,CE,Combined TRACON& Tower with Radar,125,19,28,104,276,0,11,17,1,29,125,30,45,105,305,0,60,60,365
02/11/2017,OKC,OK,ASW,CE,Combined TRACON& Tower with Radar,100,18,27,17,162,0,16,15,2,33,100,34,42,19,195,12,0,12,207
02/12/2017,OKC,OK,ASW,CE,Combined TRACON& Tower with Radar,112,12,22,16,162,0,2,9,2,13,112,14,31,18,175,0,0,0,175
02/13/2017,OKC,OK,ASW,CE,Combined TRACON& Tower with Radar,122,20,40,105,287,0,2,8,3,13,122,22,48,108,300,24,14,38,338
02/14/2017,OKC,OK,ASW,CE,Combined TRACON& Tower with Radar,116,21,53,27,217,0,1,2,0,3,116,22,55,27,220,0,0,0,220
02/15/2017,OKC,OK,ASW,CE,Combined TRACON& Tower with Radar,124,21,35,71,251,0,7,40,3,50,124,28,75,74,301,0,84,84,385
02/16/2017,OKC,OK,ASW,CE,Combined TRACON& Tower with Radar,138,21,48,124,331,0,5,17,3,25,138,26,65,127,356,18,106,124,480
02/17/2017,OKC,OK,ASW,CE,Combined TRACON& Tower with Radar,127,18,43,102,290,0,8,13,1,22,127,26,56,103,312,0,148,148,460
02/18/2017,OKC,OK,ASW,CE,Combined TRACON& Tower with Radar,80,14,25,1,120,0,8,10,0,18,80,22,35,1,138,0,0,0,138
02/19/2017,OKC,OK,ASW,CE,Combined TRACON& Tower with Radar,106,14,11,0,131,0,1,0,0,1,106,15,11,0,132,0,0,0,132
02/20/2017,OKC,OK,ASW,CE,Combined TRACON& Tower with Radar,122,14,26,0,162,0,4,9,0,13,122,18,35,0,175,0,0,0,175
02/21/2017,OKC,OK,ASW,CE,Combined TRACON& Tower with Radar,129,26,47,95,297,0,5,43,4,52,129,31,90,99,349,6,135,141,490
02/22/2017,OKC,OK,ASW,CE,Combined TRACON& Tower with Radar,131,15,43,120,309,0,8,24,0,32,131,23,67,120,341,5,92,97,438
02/23/2017,OKC,OK,ASW,CE,Combined TRACON& Tower with Radar,143,25,49,102,319,0,3,39,5,47,143,28,88,107,366,0,128,128,494
02/24/2017,OKC,OK,ASW,CE,Combined TRACON& Tower with Radar,134,14,37,128,313,0,5,30,32,67,134,19,67,160,380,6,102,108,488
02/25/2017,OKC,OK,ASW,CE,Combined TRACON& Tower with Radar,89,17,18,7,131,0,8,25,1,34,89,25,43,8,165,0,0,0,165
02/26/2017,OKC,OK,ASW,CE,Combined TRACON& Tower with Radar,122,21,13,38,194,0,4,7,1,12,122,25,20,39,206,6,68,74,280
02/27/2017,OKC,OK,ASW,CE,Combined TRACON& Tower with Radar,126,21,33,45,225,0,1,11,3,15,126,22,44,48,240,0,20,20,260
02/28/2017,OKC,OK,ASW,CE,Combined TRACON& Tower with Radar,132,28,58,130,348,0,4,11,4,19,132,32,69,134,367,8,60,68,435
03/01/2017,OKC,OK,ASW,CE,Combined TRACON& Tower with Radar,129,13,50,120,312,0,9,34,0,43,129,22,84,120,355,8,128,136,491
03/02/2017,OKC,OK,ASW,CE,Combined TRACON& Tower with Radar,140,21,48,96,305,2,3,33,6,44,142,24,81,102,349,2,56,58,407
03/03/2017,OKC,OK,ASW,CE,Combined TRACON& Tower with Radar,128,18,47,64,257,0,6,20,7,33,128,24,67,71,290,0,72,72,362
03/04/2017,OKC,OK,ASW,CE,Combined TRACON& Tower with Radar,85,18,28,30,161,0,16,3,0,19,85,34,31,30,180,0,20,20,200
03/05/2017,OKC,OK,ASW,CE,Combined TRACON& Tower with Radar,117,19,30,33,199,0,0,0,0,0,117,19,30,33,199,0,0,0,199
03/06/2017,OKC,OK,ASW,CE,Combined TRACON& Tower with Radar,138,19,32,24,213,0,2,9,0,11,138,21,41,24,224,0,0,0,224
03/07/2017,OKC,OK,ASW,CE,Combined TRACON& Tower with Radar,129,22,63,142,356,0,4,33,5,42,129,26,96,147,398,0,64,64,462
03/08/2017,OKC,OK,ASW,CE,Combined TRACON& Tower with Radar,125,23,42,109,299,0,7,26,8,41,125,30,68,117,340,0,78,78,418
03/09/2017,OKC,OK,ASW,CE,Combined TRACON& Tower with Radar,140,19,50,81,290,0,2,24,15,41,140,21,74,96,331,0,18,18,349
03/10/2017,OKC,OK,ASW,CE,Combined TRACON& Tower with Radar,138,14,50,37,239,0,2,45,4,51,138,16,95,41,290,24,32,56,346
03/11/2017,OKC,OK,ASW,CE,Combined TRACON& Tower with Radar,99,15,22,4,140,0,4,0,0,4,99,19,22,4,144,0,0,0,144
03/12/2017,OKC,OK,ASW,CE,Combined TRACON& Tower with Radar,123,18,27,10,178,0,0,3,0,3,123,18,30,10,181,0,0,0,181
03/13/2017,OKC,OK,ASW,CE,Combined TRACON& Tower with Radar,130,14,30,102,276,0,5,15,4,24,130,19,45,106,300,0,64,64,364
03/14/2017,OKC,OK,ASW,CE,Combined TRACON& Tower with Radar,126,12,39,78,255,2,8,30,9,49,128,20,69,87,304,4,98,102,406
03/15/2017,OKC,OK,ASW,CE,Combined TRACON& Tower with Radar,143,18,31,134,326,0,3,19,13,35,143,21,50,147,361,0,32,32,393
03/16/2017,OKC,OK,ASW,CE,Combined TRACON& Tower with Radar,141,12,66,100,319,0,7,16,5,28,141,19,82,105,347,10,36,46,393
03/17/2017,OKC,OK,ASW,CE,Combined TRACON& Tower with Radar,140,8,55,58,261,0,6,12,1,19,140,14,67,59,280,8,30,38,318
03/18/2017,OKC,OK,ASW,CE,Combined TRACON& Tower with Radar,94,21,19,3,137,0,14,13,0,27,94,35,32,3,164,0,38,38,202
03/19/2017,OKC,OK,ASW,CE,Combined TRACON& Tower with Radar,123,28,17,13,181,0,5,14,4,23,123,33,31,17,204,0,12,12,216
03/20/2017,OKC,OK,ASW,CE,Combined TRACON& Tower with Radar,133,19,35,145,332,0,6,28,6,40,133,25,63,151,372,4,60,64,436
03/21/2017,OKC,OK,ASW,CE,Combined TRACON& Tower with Radar,137,21,34,99,291,0,10,25,11,46,137,31,59,110,337,10,74,84,421
03/22/2017,OKC,OK,ASW,CE,Combined TRACON& Tower with Radar,143,17,68,105,333,0,5,17,7,29,143,22,85,112,362,8,0,8,370
03/23/2017,OKC,OK,ASW,CE,Combined TRACON& Tower with Radar,143,21,56,49,269,0,4,16,2,22,143,25,72,51,291,0,0,0,291
03/24/2017,OKC,OK,ASW,CE,Combined TRACON& Tower with Radar,134,17,60,158,369,0,6,5,9,20,134,23,65,167,389,0,190,190,579
03/25/2017,OKC,OK,ASW,CE,Combined TRACON& Tower with Radar,104,17,40,20,181,0,6,11,2,19,104,23,51,22,200,0,8,8,208
03/26/2017,OKC,OK,ASW,CE,Combined TRACON& Tower with Radar,147,30,26,27,230,0,1,7,1,9,147,31,33,28,239,0,76,76,315
03/27/2017,OKC,OK,ASW,CE,Combined TRACON& Tower with Radar,133,16,63,138,350,1,4,10,4,19,134,20,73,142,369,10,70,80,449
03/28/2017,OKC,OK,ASW,CE,Combined TRACON& Tower with Radar,119,24,33,45,221,0,1,5,12,18,119,25,38,57,239,0,0,0,239
03/29/2017,OKC,OK,ASW,CE,Combined TRACON& Tower with Radar,141,22,46,162,371,0,7,5,5,17,141,29,51,167,388,0,0,0,388
03/30/2017,OKC,OK,ASW,CE,Combined TRACON& Tower with Radar,143,38,70,167,418,0,3,19,7,29,143,41,89,174,447,8,184,192,639
03/31/2017,OKC,OK,ASW,CE,Combined TRACON& Tower with Radar,137,12,35,24,208,0,11,21,2,34,137,23,56,26,242,8,16,24,266
04/01/2017,OKC,OK,ASW,CE,Combined TRACON& Tower with Radar,99,18,12,18,147,0,5,6,3,14,99,23,18,21,161,0,14,14,175
04/02/2017,OKC,OK,ASW,CE,Combined TRACON& Tower with Radar,123,20,10,13,166,0,0,0,1,1,123,20,10,14,167,0,0,0,167
04/03/2017,OKC,OK,ASW,CE,Combined TRACON& Tower with Radar,131,11,49,46,237,0,12,42,4,58,131,23,91,50,295,14,20,34,329
04/04/2017,OKC,OK,ASW,CE,Combined TRACON& Tower with Radar,139,24,42,50,255,0,2,14,0,16,139,26,56,50,271,0,17,17,288
04/05/2017,OKC,OK,ASW,CE,Combined TRACON& Tower with Radar,127,16,23,80,246,0,1,19,11,31,127,17,42,91,277,0,62,62,339
04/06/2017,OKC,OK,ASW,CE,Combined TRACON& Tower with Radar,115,36,43,66,260,0,15,43,4,62,115,51,86,70,322,18,107,125,447
04/07/2017,OKC,OK,ASW,CE,Combined TRACON& Tower with Radar,128,23,65,51,267,0,10,32,2,44,128,33,97,53,311,34,98,132,443
04/08/2017,OKC,OK,ASW,CE,Combined TRACON& Tower with Radar,91,22,10,8,131,0,7,14,0,21,91,29,24,8,152,0,6,6,158
04/09/2017,OKC,OK,ASW,CE,Combined TRACON& Tower with Radar,126,24,25,9,184,0,5,7,3,15,126,29,32,12,199,0,10,10,209
04/10/2017,OKC,OK,ASW,CE,Combined TRACON& Tower with Radar,148,19,25,102,294,0,15,17,0,32,148,34,42,102,326,0,0,0,326
04/11/2017,OKC,OK,ASW,CE,Combined TRACON& Tower with Radar,136,21,45,94,296,0,14,31,10,55,136,35,76,104,351,20,24,44,395
04/12/2017,OKC,OK,ASW,CE,Combined TRACON& Tower with Radar,140,19,57,93,309,0,8,20,1,29,140,27,77,94,338,3,18,21,359
04/13/2017,OKC,OK,ASW,CE,Combined TRACON& Tower with Radar,137,18,41,16,212,0,0,6,3,9,137,18,47,19,221,8,10,18,239
04/14/2017,OKC,OK,ASW,CE,Combined TRACON& Tower with Radar,134,16,27,94,271,0,3,22,3,28,134,19,49,97,299,0,162,162,461
04/15/2017,OKC,OK,ASW,CE,Combined TRACON& Tower with Radar,88,11,12,0,111,0,10,8,0,18,88,21,20,0,129,0,0,0,129
04/16/2017,OKC,OK,ASW,CE,Combined TRACON& Tower with Radar,124,15,2,2,143,0,5,0,0,5,124,20,2,2,148,0,0,0,148
04/17/2017,OKC,OK,ASW,CE,Combined TRACON& Tower with Radar,163,32,25,73,293,0,9,11,4,24,163,41,36,77,317,2,16,18,335
04/18/2017,OKC,OK,ASW,CE,Combined TRACON& Tower with Radar,136,15,58,63,272,0,9,37,6,52,136,24,95,69,324,16,0,16,340
04/19/2017,OKC,OK,ASW,CE,Combined TRACON& Tower with Radar,136,21,60,116,333,0,19,12,9,40,136,40,72,125,373,20,0,20,393
04/20/2017,OKC,OK,ASW,CE,Combined TRACON& Tower with Radar,134,27,51,41,253,0,4,40,3,47,134,31,91,44,300,50,4,54,354
04/21/2017,OKC,OK,ASW,CE,Combined TRACON& Tower with Radar,137,23,39,2,201,0,1,2,0,3,137,24,41,2,204,0,0,0,204
04/22/2017,OKC,OK,ASW,CE,Combined TRACON& Tower with Radar,90,18,29,9,146,0,3,8,0,11,90,21,37,9,157,0,0,0,157
04/23/2017,OKC,OK,ASW,CE,Combined TRACON& Tower with Radar,126,30,38,14,208,0,0,21,12,33,126,30,59,26,241,0,0,0,241
04/24/2017,OKC,OK,ASW,CE,Combined TRACON& Tower with Radar,135,27,38,74,274,0,14,23,6,43,135,41,61,80,317,8,108,116,433
04/25/2017,OKC,OK,ASW,CE,Combined TRACON& Tower with Radar,132,15,42,120,309,0,3,15,4,22,132,18,57,124,331,0,58,58,389
04/26/2017,OKC,OK,ASW,CE,Combined TRACON& Tower with Radar,152,25,47,109,333,0,3,7,9,19,152,28,54,118,352,0,20,20,372
04/27/2017,OKC,OK,ASW,CE,Combined TRACON& Tower with Radar,137,21,49,104,311,0,7,30,5,42,137,28,79,109,353,18,98,116,469
04/28/2017,OKC,OK,ASW,CE,Combined TRACON& Tower with Radar,135,17,33,96,281,0,8,8,4,20,135,25,41,100,301,0,28,28,329
04/29/2017,OKC,OK,ASW,CE,Combined TRACON& Tower with Radar,105,10,7,1,123,0,0,0,0,0,105,10,7,1,123,0,0,0,123
04/30/2017,OKC,OK,ASW,CE,Combined TRACON& Tower with Radar,127,13,17,0,157,0,8,0,0,8,127,21,17,0,165,0,0,0,165
05/01/2017,OKC,OK,ASW,CE,Combined TRACON& Tower with Radar,138,20,34,70,262,0,11,31,13,55,138,31,65,83,317,0,52,52,369
05/02/2017,OKC,OK,ASW,CE,Combined TRACON& Tower with Radar,133,22,53,70,278,0,8,22,4,34,133,30,75,74,312,0,54,54,366
05/03/2017,OKC,OK,ASW,CE,Combined TRACON& Tower with Radar,137,24,40,154,355,0,1,10,1,12,137,25,50,155,367,0,20,20,387
05/04/2017,OKC,OK,ASW,CE,Combined TRACON& Tower with Radar,140,25,36,76,277,0,8,20,6,34,140,33,56,82,311,6,24,30,341
05/05/2017,OKC,OK,ASW,CE,Combined TRACON& Tower with Radar,136,10,42,84,272,0,4,31,6,41,136,14,73,90,313,0,68,68,381
05/06/2017,OKC,OK,ASW,CE,Combined TRACON& Tower with Radar,106,17,21,33,177,0,21,55,17,93,106,38,76,50,270,38,14,52,322
05/07/2017,OKC,OK,ASW,CE,Combined TRACON& Tower with Radar,139,17,22,39,217,0,7,17,10,34,139,24,39,49,251,0,0,0,251
05/08/2017,OKC,OK,ASW,CE,Combined TRACON& Tower with Radar,134,20,43,97,294,0,7,23,23,53,134,27,66,120,347,2,130,132,479
05/09/2017,OKC,OK,ASW,CE,Combined TRACON& Tower with Radar,145,23,34,126,328,0,14,22,25,61,145,37,56,151,389,44,205,249,638
05/10/2017,OKC,OK,ASW,CE,Combined TRACON& Tower with Radar,142,22,43,68,275,0,3,10,0,13,142,25,53,68,288,0,4,4,292
05/11/2017,OKC,OK,ASW,CE,Combined TRACON& Tower with Radar,150,26,35,43,254,0,0,16,2,18,150,26,51,45,272,2,108,110,382
05/12/2017,OKC,OK,ASW,CE,Combined TRACON& Tower with Radar,143,21,36,23,223,0,2,42,2,46,143,23,78,25,269,0,6,6,275
05/13/2017,OKC,OK,ASW,CE,Combined TRACON& Tower with Radar,107,10,21,0,138,0,9,15,3,27,107,19,36,3,165,0,0,0,165
05/14/2017,OKC,OK,ASW,CE,Combined TRACON& Tower with Radar,141,8,16,1,166,0,2,24,3,29,141,10,40,4,195,0,0,0,195
05/15/2017,OKC,OK,ASW,CE,Combined TRACON& Tower with Radar,137,15,28,121,301,0,5,40,11,56,137,20,68,132,357,4,76,80,437
05/16/2017,OKC,OK,ASW,CE,Combined TRACON& Tower with Radar,143,20,34,104,301,0,1,9,2,12,143,21,43,106,313,0,0,0,313
05/17/2017,OKC,OK,ASW,CE,Combined TRACON& Tower with Radar,139,21,34,35,229,0,1,19,2,22,139,22,53,37,251,2,148,150,401
05/18/2017,OKC,OK,ASW,CE,Combined TRACON& Tower with Radar,133,28,35,40,236,0,1,2,4,7,133,29,37,44,243,0,0,0,243
05/19/2017,OKC,OK,ASW,CE,Combined TRACON& Tower with Radar,140,25,16,11,192,0,4,2,0,6,140,29,18,11,198,0,0,0,198
05/20/2017,OKC,OK,ASW,CE,Combined TRACON& Tower with Radar,111,15,23,33,182,0,0,20,4,24,111,15,43,37,206,4,8,12,218
05/21/2017,OKC,OK,ASW,CE,Combined TRACON& Tower with Radar,142,10,28,12,192,0,1,34,0,35,142,11,62,12,227,0,0,0,227
05/22/2017,OKC,OK,ASW,CE,Combined TRACON& Tower with Radar,138,18,27,30,213,0,11,13,7,31,138,29,40,37,244,6,40,46,290
05/23/2017,OKC,OK,ASW,CE,Combined TRACON& Tower with Radar,146,21,40,97,304,2,2,13,7,24,148,23,53,104,328,0,54,54,382
05/24/2017,OKC,OK,ASW,CE,Combined TRACON& Tower with Radar,139,25,41,90,295,0,6,45,10,61,139,31,86,100,356,38,64,102,458
05/25/2017,OKC,OK,ASW,CE,Combined TRACON& Tower with Radar,150,32,64,76,322,0,8,22,15,45,150,40,86,91,367,0,98,98,465
05/26/2017,OKC,OK,ASW,CE,Combined TRACON& Tower with Radar,142,7,27,0,176,0,6,20,2,28,142,13,47,2,204,0,0,0,204
05/27/2017,OKC,OK,ASW,CE,Combined TRACON& Tower with Radar,109,16,13,0,138,0,1,2,0,3,109,17,15,0,141,10,0,10,151
05/28/2017,OKC,OK,ASW,CE,Combined TRACON& Tower with Radar,121,8,10,13,152,0,2,4,0,6,121,10,14,13,158,0,0,0,158
05/29/2017,OKC,OK,ASW,CE,Combined TRACON& Tower with Radar,129,7,15,15,166,0,2,18,2,22,129,9,33,17,188,0,16,16,204
05/30/2017,OKC,OK,ASW,CE,Combined TRACON& Tower with Radar,140,25,29,96,290,0,10,39,14,63,140,35,68,110,353,10,166,176,529
05/31/2017,OKC,OK,ASW,CE,Combined TRACON& Tower with Radar,140,18,56,64,278,0,9,16,14,39,140,27,72,78,317,0,42,42,359
06/01/2017,OKC,OK,ASW,CE,Combined TRACON& Tower with Radar,161,25,45,66,297,0,4,18,7,29,161,29,63,73,326,4,42,46,372
06/02/2017,OKC,OK,ASW,CE,Combined TRACON& Tower with Radar,139,26,36,8,209,0,1,3,0,4,139,27,39,8,213,0,0,0,213
06/03/2017,OKC,OK,ASW,CE,Combined TRACON& Tower with Radar,105,14,21,8,148,0,1,0,0,1,105,15,21,8,149,0,0,0,149
06/04/2017,OKC,OK,ASW,CE,Combined TRACON& Tower with Radar,159,11,26,2,198,0,3,0,3,6,159,14,26,5,204,4,0,4,208
06/05/2017,OKC,OK,ASW,CE,Combined TRACON& Tower with Radar,150,15,38,92,295,0,5,22,13,40,150,20,60,105,335,0,14,14,349
06/06/2017,OKC,OK,ASW,CE,Combined TRACON& Tower with Radar,146,18,51,113,328,0,7,27,15,49,146,25,78,128,377,0,36,36,413
06/07/2017,OKC,OK,ASW,CE,Combined TRACON& Tower with Radar,148,24,59,76,307,0,6,26,4,36,148,30,85,80,343,0,54,54,397
06/08/2017,OKC,OK,ASW,CE,Combined TRACON& Tower with Radar,150,16,34,95,295,0,4,19,14,37,150,20,53,109,332,0,76,76,408
06/09/2017,OKC,OK,ASW,CE,Combined TRACON& Tower with Radar,152,14,52,60,278,0,5,22,6,33,152,19,74,66,311,6,38,44,355
06/10/2017,OKC,OK,ASW,CE,Combined TRACON& Tower with Radar,109,16,16,30,171,0,1,5,14,20,109,17,21,44,191,0,18,18,209
06/11/2017,OKC,OK,ASW,CE,Combined TRACON& Tower with Radar,142,15,14,12,183,0,0,12,3,15,142,15,26,15,198,0,0,0,198
06/12/2017,OKC,OK,ASW,CE,Combined TRACON& Tower with Radar,148,18,35,121,322,0,5,24,21,50,148,23,59,142,372,0,88,88,460
06/13/2017,OKC,OK,ASW,CE,Combined TRACON& Tower with Radar,147,17,46,120,330,0,7,25,4,36,147,24,71,124,366,10,38,48,414
06/14/2017,OKC,OK,ASW,CE,Combined TRACON& Tower with Radar,146,30,42,118,336,0,3,19,6,28,146,33,61,124,364,0,77,77,441
06/15/2017,OKC,OK,ASW,CE,Combined TRACON& Tower with Radar,164,27,40,94,325,0,4,21,10,35,164,31,61,104,360,0,24,24,384
06/16/2017,OKC,OK,ASW,CE,Combined TRACON& Tower with Radar,155,12,27,44,238,0,10,20,2,32,155,22,47,46,270,0,14,14,284
06/17/2017,OKC,OK,ASW,CE,Combined TRACON& Tower with Radar,109,10,17,0,136,0,3,17,0,20,109,13,34,0,156,0,0,0,156
06/18/2017,OKC,OK,ASW,CE,Combined TRACON& Tower with Radar,143,11,14,13,181,0,5,3,0,8,143,16,17,13,189,0,0,0,189
06/19/2017,OKC,OK,ASW,CE,Combined TRACON& Tower with Radar,155,19,40,77,291,0,16,29,13,58,155,35,69,90,349,14,88,102,451
06/20/2017,OKC,OK,ASW,CE,Combined TRACON& Tower with Radar,154,26,54,175,409,0,9,32,18,59,154,35,86,193,468,46,124,170,638
06/21/2017,OKC,OK,ASW,CE,Combined TRACON& Tower with Radar,159,19,54,128,360,0,14,34,11,59,159,33,88,139,419,2,78,80,499
06/22/2017,OKC,OK,ASW,CE,Combined TRACON& Tower with Radar,155,12,43,91,301,0,6,32,8,46,155,18,75,99,347,0,138,138,485
06/23/2017,OKC,OK,ASW,CE,Combined TRACON& Tower with Radar,159,12,42,87,300,0,8,10,6,24,159,20,52,93,324,0,72,72,396
06/24/2017,OKC,OK,ASW,CE,Combined TRACON& Tower with Radar,126,21,20,11,178,0,3,11,10,24,126,24,31,21,202,0,10,10,212
06/25/2017,OKC,OK,ASW,CE,Combined TRACON& Tower with Radar,149,17,23,5,194,0,0,11,2,13,149,17,34,7,207,0,0,0,207
06/26/2017,OKC,OK,ASW,CE,Combined TRACON& Tower with Radar,153,9,46,109,317,0,5,27,12,44,153,14,73,121,361,0,82,82,443
06/27/2017,OKC,OK,ASW,CE,Combined TRACON& Tower with Radar,181,20,69,101,371,0,15,17,22,54,181,35,86,123,425,0,144,144,569
06/28/2017,OKC,OK,ASW,CE,Combined TRACON& Tower with Radar,150,15,57,74,296,2,2,16,9,29,152,17,73,83,325,22,59,81,406
06/29/2017,OKC,OK,ASW,CE,Combined TRACON& Tower with Radar,155,18,60,153,386,0,5,29,3,37,155,23,89,156,423,0,106,106,529
06/30/2017,OKC,OK,ASW,CE,Combined TRACON& Tower with Radar,149,13,43,109,314,0,1,7,0,8,149,14,50,109,322,0,38,38,360
07/01/2017,OKC,OK,ASW,CE,Combined TRACON& Tower with Radar,110,20,28,0,158,0,5,19,0,24,110,25,47,0,182,0,0,0,182
07/02/2017,OKC,OK,ASW,CE,Combined TRACON& Tower with Radar,123,15,12,4,154,0,3,3,0,6,123,18,15,4,160,0,0,0,160
07/03/2017,OKC,OK,ASW,CE,Combined TRACON& Tower with Radar,111,9,15,0,135,0,8,5,0,13,111,17,20,0,148,0,0,0,148
07/04/2017,OKC,OK,ASW,CE,Combined TRACON& Tower with Radar,112,7,8,0,127,0,2,3,0,5,112,9,11,0,132,0,0,0,132
07/05/2017,OKC,OK,ASW,CE,Combined TRACON& Tower with Radar,195,15,26,95,331,0,1,6,10,17,195,16,32,105,348,6,64,70,418
07/06/2017,OKC,OK,ASW,CE,Combined TRACON& Tower with Radar,183,11,49,114,357,0,3,27,13,43,183,14,76,127,400,64,60,124,524
07/07/2017,OKC,OK,ASW,CE,Combined TRACON& Tower with Radar,149,10,34,66,259,0,9,23,0,32,149,19,57,66,291,16,54,70,361
07/08/2017,OKC,OK,ASW,CE,Combined TRACON& Tower with Radar,133,10,12,28,183,0,5,4,1,10,133,15,16,29,193,0,0,0,193
07/09/2017,OKC,OK,ASW,CE,Combined TRACON& Tower with Radar,151,11,24,15,201,0,6,11,2,19,151,17,35,17,220,10,6,16,236
07/10/2017,OKC,OK,ASW,CE,Combined TRACON& Tower with Radar,151,9,35,114,309,0,10,16,10,36,151,19,51,124,345,0,48,48,393
07/11/2017,OKC,OK,ASW,CE,Combined TRACON& Tower with Radar,155,18,42,97,312,0,6,25,15,46,155,24,67,112,358,0,74,74,432
07/12/2017,OKC,OK,ASW,CE,Combined TRACON& Tower with Radar,144,23,43,100,310,0,9,21,2,32,144,32,64,102,342,0,58,58,400
07/13/2017,OKC,OK,ASW,CE,Combined TRACON& Tower with Radar,155,18,47,156,376,0,8,24,7,39,155,26,71,163,415,0,66,66,481
07/14/2017,OKC,OK,ASW,CE,Combined TRACON& Tower with Radar,154,5,42,78,279,0,6,24,0,30,154,11,66,78,309,0,52,52,361
07/15/2017,OKC,OK,ASW,CE,Combined TRACON& Tower with Radar,120,9,20,4,153,0,4,12,2,18,120,13,32,6,171,0,0,0,171
07/16/2017,OKC,OK,ASW,CE,Combined TRACON& Tower with Radar,143,14,12,12,181,0,5,4,0,9,143,19,16,12,190,0,6,6,196
07/17/2017,OKC,OK,ASW,CE,Combined TRACON& Tower with Radar,147,14,39,75,275,0,1,20,13,34,147,15,59,88,309,0,40,40,349
07/18/2017,OKC,OK,ASW,CE,Combined TRACON& Tower with Radar,155,17,51,118,341,0,8,22,35,65,155,25,73,153,406,0,72,72,478
07/19/2017,OKC,OK,ASW,CE,Combined TRACON& Tower with Radar,150,27,47,102,326,0,7,19,21,47,150,34,66,123,373,2,54,56,429
07/20/2017,OKC,OK,ASW,CE,Combined TRACON& Tower with Radar,155,23,41,121,340,0,6,22,15,43,155,29,63,136,383,4,38,42,425
07/21/2017,OKC,OK,ASW,CE,Combined TRACON& Tower with Radar,150,13,38,77,278,0,7,23,11,41,150,20,61,88,319,2,16,18,337
07/22/2017,OKC,OK,ASW,CE,Combined TRACON& Tower with Radar,116,19,24,2,161,0,10,12,1,23,116,29,36,3,184,0,0,0,184
07/23/2017,OKC,OK,ASW,CE,Combined TRACON& Tower with Radar,145,18,18,2,183,0,5,6,4,15,145,23,24,6,198,0,0,0,198
07/24/2017,OKC,OK,ASW,CE,Combined TRACON& Tower with Radar,184,7,45,111,347,0,3,35,40,78,184,10,80,151,425,0,58,58,483
07/25/2017,OKC,OK,ASW,CE,Combined TRACON& Tower with Radar,151,17,53,134,355,0,6,17,23,46,151,23,70,157,401,0,80,80,481
07/26/2017,OKC,OK,ASW,CE,Combined TRACON& Tower with Radar,158,15,52,121,346,0,6,22,25,53,158,21,74,146,399,0,78,78,477
07/27/2017,OKC,OK,ASW,CE,Combined TRACON& Tower with Radar,157,16,29,121,323,0,6,17,12,35,157,22,46,133,358,0,62,62,420
07/28/2017,OKC,OK,ASW,CE,Combined TRACON& Tower with Radar,157,9,37,48,251,0,8,4,0,12,157,17,41,48,263,0,42,42,305
07/29/2017,OKC,OK,ASW,CE,Combined TRACON& Tower with Radar,125,15,12,2,154,0,2,10,1,13,125,17,22,3,167,0,0,0,167
07/30/2017,OKC,OK,ASW,CE,Combined TRACON& Tower with Radar,143,16,20,27,206,0,2,13,4,19,143,18,33,31,225,8,10,18,243
07/31/2017,OKC,OK,ASW,CE,Combined TRACON& Tower with Radar,153,20,38,150,361,0,5,36,12,53,153,25,74,162,414,4,42,46,460
08/01/2017,OKC,OK,ASW,CE,Combined TRACON& Tower with Radar,147,20,35,174,376,0,6,8,3,17,147,26,43,177,393,0,22,22,415
08/02/2017,OKC,OK,ASW,CE,Combined TRACON& Tower with Radar,154,19,41,150,364,0,7,19,11,37,154,26,60,161,401,2,93,95,496
08/03/2017,OKC,OK,ASW,CE,Combined TRACON& Tower with Radar,153,25,35,91,304,0,7,27,8,42,153,32,62,99,346,2,72,74,420
08/04/2017,OKC,OK,ASW,CE,Combined TRACON& Tower with Radar,149,19,35,67,270,0,6,14,7,27,149,25,49,74,297,8,42,50,347
08/05/2017,OKC,OK,ASW,CE,Combined TRACON& Tower with Radar,117,11,21,0,149,0,4,12,0,16,117,15,33,0,165,0,0,0,165
08/06/2017,OKC,OK,ASW,CE,Combined TRACON& Tower with Radar,140,13,10,23,186,0,3,3,2,8,140,16,13,25,194,0,18,18,212
08/07/2017,OKC,OK,ASW,CE,Combined TRACON& Tower with Radar,157,19,33,99,308,0,2,12,11,25,157,21,45,110,333,0,54,54,387
08/08/2017,OKC,OK,ASW,CE,Combined TRACON& Tower with Radar,151,26,49,105,331,0,9,16,6,31,151,35,65,111,362,0,40,40,402
08/09/2017,OKC,OK,ASW,CE,Combined TRACON& Tower with Radar,148,22,39,126,335,0,3,18,13,34,148,25,57,139,369,6,52,58,427
08/10/2017,OKC,OK,ASW,CE,Combined TRACON& Tower with Radar,156,21,26,109,312,0,4,7,6,17,156,25,33,115,329,0,68,68,397
08/11/2017,OKC,OK,ASW,CE,Combined TRACON& Tower with Radar,152,16,25,99,292,0,4,8,4,16,152,20,33,103,308,0,18,18,326
08/12/2017,OKC,OK,ASW,CE,Combined TRACON& Tower with Radar,150,11,2,1,164,0,2,2,0,4,150,13,4,1,168,0,0,0,168
08/13/2017,OKC,OK,ASW,CE,Combined TRACON& Tower with Radar,153,13,24,32,222,0,2,11,0,13,153,15,35,32,235,4,0,4,239
08/14/2017,OKC,OK,ASW,CE,Combined TRACON& Tower with Radar,144,26,39,98,307,1,11,17,24,53,145,37,56,122,360,6,30,36,396
08/15/2017,OKC,OK,ASW,CE,Combined TRACON& Tower with Radar,150,18,48,99,315,0,3,17,4,24,150,21,65,103,339,0,88,88,427
08/16/2017,OKC,OK,ASW,CE,Combined TRACON& Tower with Radar,145,22,41,107,315,0,5,23,16,44,145,27,64,123,359,0,94,94,453
08/17/2017,OKC,OK,ASW,CE,Combined TRACON& Tower with Radar,158,19,46,99,322,0,12,27,24,63,158,31,73,123,385,0,54,54,439
08/18/2017,OKC,OK,ASW,CE,Combined TRACON& Tower with Radar,153,24,39,112,328,0,9,19,9,37,153,33,58,121,365,6,90,96,461
08/19/2017,OKC,OK,ASW,CE,Combined TRACON& Tower with Radar,113,17,21,49,200,1,2,9,1,13,114,19,30,50,213,0,50,50,263
08/20/2017,OKC,OK,ASW,CE,Combined TRACON& Tower with Radar,145,6,16,23,190,0,2,9,3,14,145,8,25,26,204,0,0,0,204
08/21/2017,OKC,OK,ASW,CE,Combined TRACON& Tower with Radar,144,14,43,106,307,0,4,15,17,36,144,18,58,123,343,0,94,94,437
08/22/2017,OKC,OK,ASW,CE,Combined TRACON& Tower with Radar,143,24,47,55,269,0,9,20,14,43,143,33,67,69,312,0,86,86,398
08/23/2017,OKC,OK,ASW,CE,Combined TRACON& Tower with Radar,153,29,36,83,301,0,4,22,9,35,153,33,58,92,336,10,10,20,356
08/24/2017,OKC,OK,ASW,CE,Combined TRACON& Tower with Radar,155,16,35,115,321,0,4,16,1,21,155,20,51,116,342,4,26,30,372
08/25/2017,OKC,OK,ASW,CE,Combined TRACON& Tower with Radar,149,11,26,20,206,0,4,11,1,16,149,15,37,21,222,0,28,28,250
08/26/2017,OKC,OK,ASW,CE,Combined TRACON& Tower with Radar,99,5,8,16,128,0,5,4,13,22,99,10,12,29,150,0,10,10,160
08/27/2017,OKC,OK,ASW,CE,Combined TRACON& Tower with Radar,135,11,31,36,213,0,3,23,3,29,135,14,54,39,242,0,0,0,242
08/28/2017,OKC,OK,ASW,CE,Combined TRACON& Tower with Radar,117,14,55,70,256,0,2,15,0,17,117,16,70,70,273,0,58,58,331
08/29/2017,OKC,OK,ASW,CE,Combined TRACON& Tower with Radar,132,15,56,83,286,0,9,23,16,48,132,24,79,99,334,0,122,122,456
08/30/2017,OKC,OK,ASW,CE,Combined TRACON& Tower with Radar,126,13,28,101,268,0,5,26,50,81,126,18,54,151,349,12,132,144,493
08/31/2017,OKC,OK,ASW,CE,Combined TRACON& Tower with Radar,127,19,33,103,282,0,6,21,4,31,127,25,54,107,313,0,88,88,401
09/01/2017,OKC,OK,ASW,CE,Combined TRACON& Tower with Radar,133,15,36,6,190,0,4,27,4,35,133,19,63,10,225,2,18,20,245
09/02/2017,OKC,OK,ASW,CE,Combined TRACON& Tower with Radar,99,4,11,0,114,0,3,4,2,9,99,7,15,2,123,0,0,0,123
09/03/2017,OKC,OK,ASW,CE,Combined TRACON& Tower with Radar,102,0,14,0,116,0,6,7,2,15,102,6,21,2,131,20,0,20,151
09/04/2017,OKC,OK,ASW,CE,Combined TRACON& Tower with Radar,127,18,11,4,160,0,12,6,2,20,127,30,17,6,180,0,0,0,180
09/05/2017,OKC,OK,ASW,CE,Combined TRACON& Tower with Radar,130,8,37,61,236,0,4,18,9,31,130,12,55,70,267,0,18,18,285
09/06/2017,OKC,OK,ASW,CE,Combined TRACON& Tower with Radar,132,17,49,151,349,0,6,31,20,57,132,23,80,171,406,8,78,86,492
09/07/2017,OKC,OK,ASW,CE,Combined TRACON& Tower with Radar,146,9,45,78,278,0,6,17,20,43,146,15,62,98,321,0,70,70,391
09/08/2017,OKC,OK,ASW,CE,Combined TRACON& Tower with Radar,151,15,44,144,354,0,10,17,6,33,151,25,61,150,387,0,96,96,483
09/09/2017,OKC,OK,ASW,CE,Combined TRACON& Tower with Radar,103,3,15,25,146,0,7,12,13,32,103,10,27,38,178,14,20,34,212
09/10/2017,OKC,OK,ASW,CE,Combined TRACON& Tower with Radar,151,8,29,23,211,0,11,7,5,23,151,19,36,28,234,0,10,10,244
09/11/2017,OKC,OK,ASW,CE,Combined TRACON& Tower with Radar,139,15,29,89,272,0,10,14,16,40,139,25,43,105,312,12,28,40,352
09/12/2017,OKC,OK,ASW,CE,Combined TRACON& Tower with Radar,146,14,64,104,328,0,6,29,6,41,146,20,93,110,369,158,18,176,545
09/13/2017,OKC,OK,ASW,CE,Combined TRACON& Tower with Radar,143,18,49,74,284,0,17,20,15,52,143,35,69,89,336,12,44,56,392
09/14/2017,OKC,OK,ASW,CE,Combined TRACON& Tower with Radar,152,18,55,133,358,0,2,20,20,42,152,20,75,153,400,22,34,56,456
09/15/2017,OKC,OK,ASW,CE,Combined TRACON& Tower with Radar,152,7,45,61,265,0,11,19,12,42,152,18,64,73,307,0,32,32,339
09/16/2017,OKC,OK,ASW,CE,Combined TRACON& Tower with Radar,100,8,13,7,128,0,9,11,5,25,100,17,24,12,153,0,4,4,157
09/17/2017,OKC,OK,ASW,CE,Combined TRACON& Tower with Radar,135,11,18,8,172,0,2,5,2,9,135,13,23,10,181,0,0,0,181
09/18/2017,OKC,OK,ASW,CE,Combined TRACON& Tower with Radar,148,17,33,48,246,0,4,20,13,37,148,21,53,61,283,8,8,16,299
09/19/2017,OKC,OK,ASW,CE,Combined TRACON& Tower with Radar,146,15,41,94,296,0,5,27,25,57,146,20,68,119,353,0,140,140,493
09/20/2017,OKC,OK,ASW,CE,Combined TRACON& Tower with Radar,144,20,37,118,319,0,9,28,17,54,144,29,65,135,373,44,68,112,485
09/21/2017,OKC,OK,ASW,CE,Combined TRACON& Tower with Radar,154,22,59,80,315,0,9,36,31,76,154,31,95,111,391,20,172,192,583
09/22/2017,OKC,OK,ASW,CE,Combined TRACON& Tower with Radar,152,21,41,74,288,0,9,25,6,40,152,30,66,80,328,0,104,104,432
09/23/2017,OKC,OK,ASW,CE,Combined TRACON& Tower with Radar,99,7,34,8,148,0,1,10,3,14,99,8,44,11,162,0,14,14,176
09/24/2017,OKC,OK,ASW,CE,Combined TRACON& Tower with Radar,137,17,29,29,212,0,9,21,0,30,137,26,50,29,242,0,22,22,264
09/25/2017,OKC,OK,ASW,CE,Combined TRACON& Tower with Radar,145,15,36,36,232,0,1,20,5,26,145,16,56,41,258,12,50,62,320
09/26/2017,OKC,OK,ASW,CE,Combined TRACON& Tower with Radar,148,24,40,13,225,0,0,0,0,0,148,24,40,13,225,0,0,0,225
09/27/2017,OKC,OK,ASW,CE,Combined TRACON& Tower with Radar,143,21,51,27,242,0,0,0,0,0,143,21,51,27,242,0,0,0,242
09/28/2017,OKC,OK,ASW,CE,Combined TRACON& Tower with Radar,161,17,58,41,277,0,6,27,8,41,161,23,85,49,318,38,20,58,376
09/29/2017,OKC,OK,ASW,CE,Combined TRACON& Tower with Radar,149,13,47,27,236,0,5,37,4,46,149,18,84,31,282,6,56,62,344
09/30/2017,OKC,OK,ASW,CE,Combined TRACON& Tower with Radar,99,5,13,0,117,0,11,20,2,33,99,16,33,2,150,2,0,2,152
10/01/2017,OKC,OK,ASW,CE,Combined TRACON& Tower with Radar,139,3,30,3,175,0,6,9,2,17,139,9,39,5,192,4,0,4,196
10/02/2017,OKC,OK,ASW,CE,Combined TRACON& Tower with Radar,148,5,23,113,289,0,9,15,22,46,148,14,38,135,335,0,84,84,419
10/03/2017,OKC,OK,ASW,CE,Combined TRACON& Tower with Radar,155,16,58,170,399,0,2,8,11,21,155,18,66,181,420,0,0,0,420
10/04/2017,OKC,OK,ASW,CE,Combined TRACON& Tower with Radar,146,17,40,15,218,0,1,0,0,1,146,18,40,15,219,0,0,0,219
10/05/2017,OKC,OK,ASW,CE,Combined TRACON& Tower with Radar,156,22,40,82,300,0,11,24,21,56,156,33,64,103,356,0,86,86,442
10/06/2017,OKC,OK,ASW,CE,Combined TRACON& Tower with Radar,149,11,49,46,255,0,5,23,6,34,149,16,72,52,289,4,140,144,433
10/07/2017,OKC,OK,ASW,CE,Combined TRACON& Tower with Radar,96,10,10,2,118,0,10,13,0,23,96,20,23,2,141,0,0,0,141
10/08/2017,OKC,OK,ASW,CE,Combined TRACON& Tower with Radar,138,7,39,0,184,0,8,12,0,20,138,15,51,0,204,0,0,0,204
10/09/2017,OKC,OK,ASW,CE,Combined TRACON& Tower with Radar,148,9,26,4,187,0,10,12,0,22,148,19,38,4,209,0,0,0,209
10/10/2017,OKC,OK,ASW,CE,Combined TRACON& Tower with Radar,145,16,59,87,307,0,13,4,18,35,145,29,63,105,342,0,50,50,392
10/11/2017,OKC,OK,ASW,CE,Combined TRACON& Tower with Radar,155,29,67,87,338,0,6,23,23,52,155,35,90,110,390,0,62,62,452
10/12/2017,OKC,OK,ASW,CE,Combined TRACON& Tower with Radar,161,22,36,66,285,0,9,10,8,27,161,31,46,74,312,0,68,68,380
10/13/2017,OKC,OK,ASW,CE,Combined TRACON& Tower with Radar,172,19,45,40,276,0,14,13,4,31,172,33,58,44,307,0,0,0,307
10/14/2017,OKC,OK,ASW,CE,Combined TRACON& Tower with Radar,95,7,8,20,130,0,5,2,5,12,95,12,10,25,142,4,0,4,146
10/15/2017,OKC,OK,ASW,CE,Combined TRACON& Tower with Radar,140,17,22,17,196,0,5,8,3,16,140,22,30,20,212,0,0,0,212
10/16/2017,OKC,OK,ASW,CE,Combined TRACON& Tower with Radar,150,20,31,77,278,0,3,44,4,51,150,23,75,81,329,8,118,126,455
10/17/2017,OKC,OK,ASW,CE,Combined TRACON& Tower with Radar,148,23,69,69,309,0,5,17,5,27,148,28,86,74,336,0,26,26,362
10/18/2017,OKC,OK,ASW,CE,Combined TRACON& Tower with Radar,151,16,43,116,326,0,16,13,9,38,151,32,56,125,364,0,72,72,436
10/19/2017,OKC,OK,ASW,CE,Combined TRACON& Tower with Radar,166,16,52,89,323,0,8,13,4,25,166,24,65,93,348,0,80,80,428
10/20/2017,OKC,OK,ASW,CE,Combined TRACON& Tower with Radar,161,11,33,59,264,0,6,12,3,21,161,17,45,62,285,0,30,30,315
10/21/2017,OKC,OK,ASW,CE,Combined TRACON& Tower with Radar,98,11,8,4,121,0,3,0,3,6,98,14,8,7,127,0,0,0,127
10/22/2017,OKC,OK,ASW,CE,Combined TRACON& Tower with Radar,141,14,10,24,189,0,5,7,5,17,141,19,17,29,206,0,0,0,206
10/23/2017,OKC,OK,ASW,CE,Combined TRACON& Tower with Radar,150,26,34,111,321,0,8,20,5,33,150,34,54,116,354,0,128,128,482
10/24/2017,OKC,OK,ASW,CE,Combined TRACON& Tower with Radar,143,12,46,131,332,0,14,36,30,80,143,26,82,161,412,0,38,38,450
10/25/2017,OKC,OK,ASW,CE,Combined TRACON& Tower with Radar,147,26,74,132,379,0,9,29,9,47,147,35,103,141,426,0,58,58,484
10/26/2017,OKC,OK,ASW,CE,Combined TRACON& Tower with Radar,167,19,48,112,346,0,7,19,23,49,167,26,67,135,395,12,98,110,505
10/27/2017,OKC,OK,ASW,CE,Combined TRACON& Tower with Radar,155,30,36,45,266,0,12,6,2,20,155,42,42,47,286,0,91,91,377
10/28/2017,OKC,OK,ASW,CE,Combined TRACON& Tower with Radar,97,5,29,13,144,0,8,11,2,21,97,13,40,15,165,8,0,8,173
10/29/2017,OKC,OK,ASW,CE,Combined TRACON& Tower with Radar,144,16,18,30,208,0,14,15,6,35,144,30,33,36,243,0,0,0,243
10/30/2017,OKC,OK,ASW,CE,Combined TRACON& Tower with Radar,141,12,57,113,323,1,7,18,33,59,142,19,75,146,382,0,72,72,454
10/31/2017,OKC,OK,ASW,CE,Combined TRACON& Tower with Radar,135,7,53,103,298,0,10,23,15,48,135,17,76,118,346,14,128,142,488
11/01/2017,OKC,OK,ASW,CE,Combined TRACON& Tower with Radar,151,16,57,123,347,0,4,23,20,47,151,20,80,143,394,6,48,54,448
11/02/2017,OKC,OK,ASW,CE,Combined TRACON& Tower with Radar,149,31,52,132,364,0,11,21,17,49,149,42,73,149,413,0,70,70,483
11/03/2017,OKC,OK,ASW,CE,Combined TRACON& Tower with Radar,145,19,35,45,244,0,2,0,0,2,145,21,35,45,246,0,0,0,246
11/04/2017,OKC,OK,ASW,CE,Combined TRACON& Tower with Radar,111,18,21,16,166,0,8,12,5,25,111,26,33,21,191,0,8,8,199
11/05/2017,OKC,OK,ASW,CE,Combined TRACON& Tower with Radar,139,17,17,17,190,0,3,7,3,13,139,20,24,20,203,0,0,0,203
11/06/2017,OKC,OK,ASW,CE,Combined TRACON& Tower with Radar,142,20,48,29,239,0,5,8,2,15,142,25,56,31,254,6,13,19,273
11/07/2017,OKC,OK,ASW,CE,Combined TRACON& Tower with Radar,145,21,77,79,322,0,8,5,4,17,145,29,82,83,339,0,0,0,339
11/08/2017,OKC,OK,ASW,CE,Combined TRACON& Tower with Radar,152,28,58,60,298,0,4,13,21,38,152,32,71,81,336,0,18,18,354
11/09/2017,OKC,OK,ASW,CE,Combined TRACON& Tower with Radar,156,30,54,100,340,0,3,27,13,43,156,33,81,113,383,0,56,56,439
11/10/2017,OKC,OK,ASW,CE,Combined TRACON& Tower with Radar,146,19,44,7,216,0,1,15,2,18,146,20,59,9,234,0,0,0,234
11/11/2017,OKC,OK,ASW,CE,Combined TRACON& Tower with Radar,114,17,27,12,170,0,1,0,2,3,114,18,27,14,173,0,0,0,173
11/12/2017,OKC,OK,ASW,CE,Combined TRACON& Tower with Radar,140,16,51,5,212,0,2,1,2,5,140,18,52,7,217,0,0,0,217
11/13/2017,OKC,OK,ASW,CE,Combined TRACON& Tower with Radar,148,28,56,98,330,0,2,13,20,35,148,30,69,118,365,10,94,104,469
11/14/2017,OKC,OK,ASW,CE,Combined TRACON& Tower with Radar,142,28,52,33,255,0,2,5,8,15,142,30,57,41,270,10,14,24,294
11/15/2017,OKC,OK,ASW,CE,Combined TRACON& Tower with Radar,145,19,82,98,344,0,3,25,8,36,145,22,107,106,380,2,74,76,456
11/16/2017,OKC,OK,ASW,CE,Combined TRACON& Tower with Radar,148,28,72,39,287,0,6,3,1,10,148,34,75,40,297,0,52,52,349
11/17/2017,OKC,OK,ASW,CE,Combined TRACON& Tower with Radar,156,21,50,22,249,0,16,20,0,36,156,37,70,22,285,14,6,20,305
11/18/2017,OKC,OK,ASW,CE,Combined TRACON& Tower with Radar,123,7,18,15,163,0,1,5,0,6,123,8,23,15,169,0,0,0,169
11/19/2017,OKC,OK,ASW,CE,Combined TRACON& Tower with Radar,142,11,12,10,175,0,4,13,7,24,142,15,25,17,199,6,0,6,205
11/20/2017,OKC,OK,ASW,CE,Combined TRACON& Tower with Radar,136,21,30,20,207,0,9,18,9,36,136,30,48,29,243,12,48,60,303
11/21/2017,OKC,OK,ASW,CE,Combined TRACON& Tower with Radar,150,18,34,61,263,0,8,26,17,51,150,26,60,78,314,0,100,100,414
11/22/2017,OKC,OK,ASW,CE,Combined TRACON& Tower with Radar,160,15,32,34,241,0,5,23,4,32,160,20,55,38,273,8,78,86,359
11/23/2017,OKC,OK,ASW,CE,Combined TRACON& Tower with Radar,83,4,6,0,93,0,2,8,1,11,83,6,14,1,104,0,0,0,104
11/24/2017,OKC,OK,ASW,CE,Combined TRACON& Tower with Radar,121,10,18,2,151,0,6,14,0,20,121,16,32,2,171,0,0,0,171
11/25/2017,OKC,OK,ASW,CE,Combined TRACON& Tower with Radar,139,10,12,3,164,0,7,6,0,13,139,17,18,3,177,8,0,8,185
11/26/2017,OKC,OK,ASW,CE,Combined TRACON& Tower with Radar,150,10,17,1,178,1,8,15,4,28,151,18,32,5,206,0,0,0,206
11/27/2017,OKC,OK,ASW,CE,Combined TRACON& Tower with Radar,148,15,46,51,260,0,1,25,20,46,148,16,71,71,306,6,74,80,386
11/28/2017,OKC,OK,ASW,CE,Combined TRACON& Tower with Radar,143,18,45,39,245,0,3,13,10,26,143,21,58,49,271,0,140,140,411
11/29/2017,OKC,OK,ASW,CE,Combined TRACON& Tower with Radar,144,28,64,78,314,0,3,26,0,29,144,31,90,78,343,0,64,64,407
11/30/2017,OKC,OK,ASW,CE,Combined TRACON& Tower with Radar,146,27,36,38,247,0,9,30,14,53,146,36,66,52,300,20,6,26,326
12/01/2017,OKC,OK,ASW,CE,Combined TRACON& Tower with Radar,145,4,51,65,265,0,4,22,7,33,145,8,73,72,298,14,46,60,358
12/02/2017,OKC,OK,ASW,CE,Combined TRACON& Tower with Radar,114,6,33,22,175,2,6,11,3,22,116,12,44,25,197,0,18,18,215
12/03/2017,OKC,OK,ASW,CE,Combined TRACON& Tower with Radar,134,16,16,5,171,0,4,9,0,13,134,20,25,5,184,6,0,6,190
12/04/2017,OKC,OK,ASW,CE,Combined TRACON& Tower with Radar,137,8,38,47,230,0,5,14,7,26,137,13,52,54,256,24,34,58,314
12/05/2017,OKC,OK,ASW,CE,Combined TRACON& Tower with Radar,148,18,51,23,240,0,5,32,22,59,148,23,83,45,299,0,2,2,301
12/06/2017,OKC,OK,ASW,CE,Combined TRACON& Tower with Radar,141,24,52,90,307,0,8,29,21,58,141,32,81,111,365,0,40,40,405
12/07/2017,OKC,OK,ASW,CE,Combined TRACON& Tower with Radar,143,21,35,74,273,0,10,23,12,45,143,31,58,86,318,18,50,68,386
12/08/2017,OKC,OK,ASW,CE,Combined TRACON& Tower with Radar,141,18,41,99,299,0,5,17,2,24,141,23,58,101,323,0,44,44,367
12/09/2017,OKC,OK,ASW,CE,Combined TRACON& Tower with Radar,107,9,16,46,178,0,9,7,3,19,107,18,23,49,197,0,0,0,197
12/10/2017,OKC,OK,ASW,CE,Combined TRACON& Tower with Radar,136,9,26,20,191,0,9,15,3,27,136,18,41,23,218,0,0,0,218
12/11/2017,OKC,OK,ASW,CE,Combined TRACON& Tower with Radar,142,18,36,111,307,0,11,17,22,50,142,29,53,133,357,4,70,74,431
12/12/2017,OKC,OK,ASW,CE,Combined TRACON& Tower with Radar,142,21,30,104,297,0,6,20,17,43,142,27,50,121,340,0,152,152,492
12/13/2017,OKC,OK,ASW,CE,Combined TRACON& Tower with Radar,144,15,57,60,276,0,7,35,30,72,144,22,92,90,348,0,72,72,420
12/14/2017,OKC,OK,ASW,CE,Combined TRACON& Tower with Radar,145,22,44,93,304,0,10,19,7,36,145,32,63,100,340,6,86,92,432
12/15/2017,OKC,OK,ASW,CE,Combined TRACON& Tower with Radar,143,15,47,78,283,0,6,18,5,29,143,21,65,83,312,0,10,10,322
12/16/2017,OKC,OK,ASW,CE,Combined TRACON& Tower with Radar,112,6,3,55,176,0,3,6,8,17,112,9,9,63,193,0,0,0,193
12/17/2017,OKC,OK,ASW,CE,Combined TRACON& Tower with Radar,118,8,23,13,162,0,0,0,2,2,118,8,23,15,164,0,0,0,164
12/18/2017,OKC,OK,ASW,CE,Combined TRACON& Tower with Radar,136,25,31,39,231,0,0,2,1,3,136,25,33,40,234,0,0,0,234
12/19/2017,OKC,OK,ASW,CE,Combined TRACON& Tower with Radar,143,22,40,59,264,0,1,1,1,3,143,23,41,60,267,0,0,0,267
12/20/2017,OKC,OK,ASW,CE,Combined TRACON& Tower with Radar,139,33,35,30,237,0,0,1,2,3,139,33,36,32,240,0,0,0,240
12/21/2017,OKC,OK,ASW,CE,Combined TRACON& Tower with Radar,140,25,38,88,291,0,0,18,8,26,140,25,56,96,317,0,20,20,337
12/22/2017,OKC,OK,ASW,CE,Combined TRACON& Tower with Radar,138,23,19,0,180,0,0,1,2,3,138,23,20,2,183,0,0,0,183
12/23/2017,OKC,OK,ASW,CE,Combined TRACON& Tower with Radar,133,17,11,0,161,0,0,13,0,13,133,17,24,0,174,0,0,0,174
12/24/2017,OKC,OK,ASW,CE,Combined TRACON& Tower with Radar,108,12,1,2,123,0,0,2,4,6,108,12,3,6,129,0,0,0,129
12/25/2017,OKC,OK,ASW,CE,Combined TRACON& Tower with Radar,100,18,7,0,125,0,4,9,0,13,100,22,16,0,138,0,0,0,138
12/26/2017,OKC,OK,ASW,CE,Combined TRACON& Tower with Radar,130,15,25,0,170,0,8,8,2,18,130,23,33,2,188,0,0,0,188
12/27/2017,OKC,OK,ASW,CE,Combined TRACON& Tower with Radar,137,22,27,4,190,0,0,7,1,8,137,22,34,5,198,0,0,0,198
12/28/2017,OKC,OK,ASW,CE,Combined TRACON& Tower with Radar,132,18,32,2,184,0,2,2,2,6,132,20,34,4,190,6,0,6,196
12/29/2017,OKC,OK,ASW,CE,Combined TRACON& Tower with Radar,142,25,16,4,187,0,0,1,1,2,142,25,17,5,189,0,0,0,189
12/30/2017,OKC,OK,ASW,CE,Combined TRACON& Tower with Radar,151,22,6,0,179,0,0,1,1,2,151,22,7,1,181,0,0,0,181
12/31/2017,OKC,OK,ASW,CE,Combined TRACON& Tower with Radar,106,16,5,0,127,0,3,9,3,15,106,19,14,3,142,0,0,0,142
01/01/2018,OKC,OK,ASW,CE,Combined TRACON& Tower with Radar,114,11,10,0,135,0,7,15,1,23,114,18,25,1,158,0,0,0,158
01/02/2018,OKC,OK,ASW,CE,Combined TRACON& Tower with Radar,152,22,36,8,218,0,6,8,0,14,152,28,44,8,232,0,0,0,232
01/03/2018,OKC,OK,ASW,CE,Combined TRACON& Tower with Radar,139,18,42,64,263,0,8,15,19,42,139,26,57,83,305,10,28,38,343
01/04/2018,OKC,OK,ASW,CE,Combined TRACON& Tower with Radar,120,23,30,83,256,0,4,25,20,49,120,27,55,103,305,0,82,82,387
01/05/2018,OKC,OK,ASW,CE,Combined TRACON& Tower with Radar,127,20,35,67,249,0,5,24,12,41,127,25,59,79,290,4,68,72,362
01/06/2018,OKC,OK,ASW,CE,Combined TRACON& Tower with Radar,102,16,17,26,161,0,6,9,8,23,102,22,26,34,184,2,4,6,190
01/07/2018,OKC,OK,ASW,CE,Combined TRACON& Tower with Radar,119,14,9,1,143,0,2,0,0,2,119,16,9,1,145,0,0,0,145
01/08/2018,OKC,OK,ASW,CE,Combined TRACON& Tower with Radar,130,22,22,93,267,0,9,24,22,55,130,31,46,115,322,0,46,46,368
01/09/2018,OKC,OK,ASW,CE,Combined TRACON& Tower with Radar,134,23,38,86,281,0,3,11,17,31,134,26,49,103,312,8,84,92,404
01/10/2018,OKC,OK,ASW,CE,Combined TRACON& Tower with Radar,125,36,39,86,286,0,2,16,11,29,125,38,55,97,315,0,8,8,323
01/11/2018,OKC,OK,ASW,CE,Combined TRACON& Tower with Radar,127,36,18,9,190,0,8,8,6,22,127,44,26,15,212,0,0,0,212
01/12/2018,OKC,OK,ASW,CE,Combined TRACON& Tower with Radar,127,19,33,54,233,0,5,31,12,48,127,24,64,66,281,8,64,72,353
01/13/2018,OKC,OK,ASW,CE,Combined TRACON& Tower with Radar,98,13,13,3,127,0,3,13,0,16,98,16,26,3,143,0,0,0,143
01/14/2018,OKC,OK,ASW,CE,Combined TRACON& Tower with Radar,103,14,12,6,135,0,6,14,1,21,103,20,26,7,156,20,0,20,176
01/15/2018,OKC,OK,ASW,CE,Combined TRACON& Tower with Radar,120,28,20,1,169,0,10,2,4,16,120,38,22,5,185,0,0,0,185
01/16/2018,OKC,OK,ASW,CE,Combined TRACON& Tower with Radar,109,36,34,75,254,0,9,22,5,36,109,45,56,80,290,0,65,65,355
01/17/2018,OKC,OK,ASW,CE,Combined TRACON& Tower with Radar,117,29,45,68,259,0,6,27,9,42,117,35,72,77,301,0,138,138,439
01/18/2018,OKC,OK,ASW,CE,Combined TRACON& Tower with Radar,122,25,38,90,275,0,7,24,6,37,122,32,62,96,312,0,96,96,408
01/19/2018,OKC,OK,ASW,CE,Combined TRACON& Tower with Radar,129,19,31,59,238,0,11,19,7,37,129,30,50,66,275,0,0,0,275
01/20/2018,OKC,OK,ASW,CE,Combined TRACON& Tower with Radar,96,14,15,58,183,0,5,5,2,12,96,19,20,60,195,0,0,0,195
01/21/2018,OKC,OK,ASW,CE,Combined TRACON& Tower with Radar,120,17,16,52,205,0,2,0,0,2,120,19,16,52,207,0,0,0,207
01/22/2018,OKC,OK,ASW,CE,Combined TRACON& Tower with Radar,121,16,23,18,178,0,4,14,2,20,121,20,37,20,198,6,0,6,204
01/23/2018,OKC,OK,ASW,CE,Combined TRACON& Tower with Radar,122,14,46,63,245,0,20,32,6,58,122,34,78,69,303,2,82,84,387
01/24/2018,OKC,OK,ASW,CE,Combined TRACON& Tower with Radar,124,14,31,104,273,1,6,40,9,56,125,20,71,113,329,0,142,142,471
01/25/2018,OKC,OK,ASW,CE,Combined TRACON& Tower with Radar,127,21,35,63,246,0,6,15,3,24,127,27,50,66,270,0,116,116,386
01/26/2018,OKC,OK,ASW,CE,Combined TRACON& Tower with Radar,128,24,36,67,255,0,4,15,4,23,128,28,51,71,278,0,40,40,318
01/27/2018,OKC,OK,ASW,CE,Combined TRACON& Tower with Radar,89,23,17,44,173,0,4,15,1,20,89,27,32,45,193,0,26,26,219
01/28/2018,OKC,OK,ASW,CE,Combined TRACON& Tower with Radar,110,12,24,23,169,0,7,21,1,29,110,19,45,24,198,10,38,48,246
01/29/2018,OKC,OK,ASW,CE,Combined TRACON& Tower with Radar,127,25,33,31,216,0,5,40,7,52,127,30,73,38,268,8,98,106,374
01/30/2018,OKC,OK,ASW,CE,Combined TRACON& Tower with Radar,122,24,53,72,271,0,2,19,15,36,122,26,72,87,307,0,130,130,437
01/31/2018,OKC,OK,ASW,CE,Combined TRACON& Tower with Radar,123,23,36,57,239,0,9,23,9,41,123,32,59,66,280,0,40,40,320
02/01/2018,OKC,OK,ASW,CE,Combined TRACON& Tower with Radar,123,21,40,41,225,0,15,21,4,40,123,36,61,45,265,0,71,71,336
02/02/2018,OKC,OK,ASW,CE,Combined TRACON& Tower with Radar,134,15,29,35,213,0,8,24,2,34,134,23,53,37,247,8,148,156,403
02/03/2018,OKC,OK,ASW,CE,Combined TRACON& Tower with Radar,92,16,10,8,126,0,4,0,9,13,92,20,10,17,139,0,0,0,139
02/04/2018,OKC,OK,ASW,CE,Combined TRACON& Tower with Radar,100,16,11,3,130,0,5,0,4,9,100,21,11,7,139,0,0,0,139
02/05/2018,OKC,OK,ASW,CE,Combined TRACON& Tower with Radar,130,16,37,51,234,1,6,18,5,30,131,22,55,56,264,14,113,127,391
02/06/2018,OKC,OK,ASW,CE,Combined TRACON& Tower with Radar,140,23,43,55,261,0,4,11,25,40,140,27,54,80,301,0,120,120,421
02/07/2018,OKC,OK,ASW,CE,Combined TRACON& Tower with Radar,121,22,68,32,243,0,7,33,11,51,121,29,101,43,294,0,46,46,340
02/08/2018,OKC,OK,ASW,CE,Combined TRACON& Tower with Radar,126,22,29,34,211,0,3,30,8,41,126,25,59,42,252,4,82,86,338
02/09/2018,OKC,OK,ASW,CE,Combined TRACON& Tower with Radar,123,26,39,30,218,0,5,21,4,30,123,31,60,34,248,0,104,104,352
02/10/2018,OKC,OK,ASW,CE,Combined TRACON& Tower with Radar,93,26,4,7,130,0,1,0,0,1,93,27,4,7,131,0,0,0,131
02/11/2018,OKC,OK,ASW,CE,Combined TRACON& Tower with Radar,109,24,19,6,158,0,1,4,2,7,109,25,23,8,165,0,0,0,165
02/12/2018,OKC,OK,ASW,CE,Combined TRACON& Tower with Radar,128,28,46,50,252,0,5,26,8,39,128,33,72,58,291,0,80,80,371
02/13/2018,OKC,OK,ASW,CE,Combined TRACON& Tower with Radar,134,33,58,32,257,0,6,8,8,22,134,39,66,40,279,2,40,42,321
02/14/2018,OKC,OK,ASW,CE,Combined TRACON& Tower with Radar,120,28,54,21,223,0,2,19,16,37,120,30,73,37,260,0,16,16,276
02/15/2018,OKC,OK,ASW,CE,Combined TRACON& Tower with Radar,142,37,57,49,285,0,4,34,10,48,142,41,91,59,333,0,80,80,413
02/16/2018,OKC,OK,ASW,CE,Combined TRACON& Tower with Radar,136,29,49,40,254,0,4,23,3,30,136,33,72,43,284,0,144,144,428
02/17/2018,OKC,OK,ASW,CE,Combined TRACON& Tower with Radar,104,15,28,0,147,0,3,20,4,27,104,18,48,4,174,0,0,0,174
02/18/2018,OKC,OK,ASW,CE,Combined TRACON& Tower with Radar,109,32,12,0,153,0,1,8,2,11,109,33,20,2,164,0,0,0,164
02/19/2018,OKC,OK,ASW,CE,Combined TRACON& Tower with Radar,137,32,23,2,194,0,3,1,0,4,137,35,24,2,198,0,0,0,198
02/20/2018,OKC,OK,ASW,CE,Combined TRACON& Tower with Radar,64,13,27,1,105,0,0,0,0,0,64,13,27,1,105,0,0,0,105
02/21/2018,OKC,OK,ASW,CE,Combined TRACON& Tower with Radar,42,7,9,0,58,0,0,0,0,0,42,7,9,0,58,0,0,0,58
02/22/2018,OKC,OK,ASW,CE,Combined TRACON& Tower with Radar,111,32,12,0,155,0,0,0,0,0,111,32,12,0,155,0,0,0,155
02/23/2018,OKC,OK,ASW,CE,Combined TRACON& Tower with Radar,137,24,16,7,184,0,0,0,0,0,137,24,16,7,184,0,0,0,184
02/24/2018,OKC,OK,ASW,CE,Combined TRACON& Tower with Radar,102,13,18,13,146,0,3,4,0,7,102,16,22,13,153,0,0,0,153
02/25/2018,OKC,OK,ASW,CE,Combined TRACON& Tower with Radar,129,21,41,19,210,0,2,24,3,29,129,23,65,22,239,0,27,27,266
02/26/2018,OKC,OK,ASW,CE,Combined TRACON& Tower with Radar,134,27,45,84,290,0,5,27,16,48,134,32,72,100,338,2,74,76,414
02/27/2018,OKC,OK,ASW,CE,Combined TRACON& Tower with Radar,130,42,46,17,235,0,1,0,0,1,130,43,46,17,236,0,0,0,236
02/28/2018,OKC,OK,ASW,CE,Combined TRACON& Tower with Radar,138,42,51,95,326,0,2,12,30,44,138,44,63,125,370,14,108,122,492
03/01/2018,OKC,OK,ASW,CE,Combined TRACON& Tower with Radar,151,36,75,52,314,0,2,23,16,41,151,38,98,68,355,0,4,4,359
03/02/2018,OKC,OK,ASW,CE,Combined TRACON& Tower with Radar,144,40,56,54,294,1,11,26,22,60,145,51,82,76,354,0,76,76,430
03/03/2018,OKC,OK,ASW,CE,Combined TRACON& Tower with Radar,98,24,19,16,157,0,7,16,1,24,98,31,35,17,181,0,0,0,181
03/04/2018,OKC,OK,ASW,CE,Combined TRACON& Tower with Radar,119,17,35,6,177,0,0,0,0,0,119,17,35,6,177,0,0,0,177
03/05/2018,OKC,OK,ASW,CE,Combined TRACON& Tower with Radar,140,17,45,63,265,0,5,26,17,48,140,22,71,80,313,7,63,70,383
03/06/2018,OKC,OK,ASW,CE,Combined TRACON& Tower with Radar,137,18,64,76,295,0,13,15,19,47,137,31,79,95,342,0,18,18,360
03/07/2018,OKC,OK,ASW,CE,Combined TRACON& Tower with Radar,142,26,57,68,293,0,16,42,19,77,142,42,99,87,370,52,58,110,480
03/08/2018,OKC,OK,ASW,CE,Combined TRACON& Tower with Radar,145,31,48,117,341,0,10,35,23,68,145,41,83,140,409,2,92,94,503
03/09/2018,OKC,OK,ASW,CE,Combined TRACON& Tower with Radar,139,33,46,34,252,0,9,26,5,40,139,42,72,39,292,0,14,14,306
03/10/2018,OKC,OK,ASW,CE,Combined TRACON& Tower with Radar,105,20,40,23,188,0,3,11,1,15,105,23,51,24,203,10,2,12,215
03/11/2018,OKC,OK,ASW,CE,Combined TRACON& Tower with Radar,119,18,33,51,221,0,6,12,2,20,119,24,45,53,241,4,13,17,258
03/12/2018,OKC,OK,ASW,CE,Combined TRACON& Tower with Radar,138,22,50,121,331,0,7,27,12,46,138,29,77,133,377,0,94,94,471
03/13/2018,OKC,OK,ASW,CE,Combined TRACON& Tower with Radar,134,23,49,75,281,0,4,40,11,55,134,27,89,86,336,20,62,82,418
03/14/2018,OKC,OK,ASW,CE,Combined TRACON& Tower with Radar,134,20,70,73,297,0,7,26,7,40,134,27,96,80,337,0,120,120,457
03/15/2018,OKC,OK,ASW,CE,Combined TRACON& Tower with Radar,134,27,47,63,271,0,8,22,11,41,134,35,69,74,312,0,132,132,444
03/16/2018,OKC,OK,ASW,CE,Combined TRACON& Tower with Radar,141,26,40,35,242,0,0,15,2,17,141,26,55,37,259,0,0,0,259
03/17/2018,OKC,OK,ASW,CE,Combined TRACON& Tower with Radar,112,12,29,7,160,0,9,19,6,34,112,21,48,13,194,0,0,0,194
03/18/2018,OKC,OK,ASW,CE,Combined TRACON& Tower with Radar,112,15,22,1,150,0,9,3,5,17,112,24,25,6,167,0,0,0,167
03/19/2018,OKC,OK,ASW,CE,Combined TRACON& Tower with Radar,129,22,34,70,255,0,8,9,2,19,129,30,43,72,274,0,50,50,324
03/20/2018,OKC,OK,ASW,CE,Combined TRACON& Tower with Radar,132,18,41,51,242,0,7,22,23,52,132,25,63,74,294,0,6,6,300
03/21/2018,OKC,OK,ASW,CE,Combined TRACON& Tower with Radar,132,17,37,52,238,0,7,16,16,39,132,24,53,68,277,4,0,4,281
03/22/2018,OKC,OK,ASW,CE,Combined TRACON& Tower with Radar,126,19,37,38,220,0,5,26,22,53,126,24,63,60,273,0,17,17,290
03/23/2018,OKC,OK,ASW,CE,Combined TRACON& Tower with Radar,133,25,32,41,231,0,7,21,14,42,133,32,53,55,273,0,72,72,345
03/24/2018,OKC,OK,ASW,CE,Combined TRACON& Tower with Radar,118,16,49,5,188,0,4,18,3,25,118,20,67,8,213,0,0,0,213
03/25/2018,OKC,OK,ASW,CE,Combined TRACON& Tower with Radar,120,33,28,38,219,0,6,11,8,25,120,39,39,46,244,0,0,0,244
03/26/2018,OKC,OK,ASW,CE,Combined TRACON& Tower with Radar,127,22,43,28,220,0,0,6,0,6,127,22,49,28,226,0,0,0,226
03/27/2018,OKC,OK,ASW,CE,Combined TRACON& Tower with Radar,131,32,35,43,241,0,0,0,2,2,131,32,35,45,243,0,0,0,243
03/28/2018,OKC,OK,ASW,CE,Combined TRACON& Tower with Radar,130,23,64,53,270,0,0,7,7,14,130,23,71,60,284,0,0,0,284
03/29/2018,OKC,OK,ASW,CE,Combined TRACON& Tower with Radar,136,27,67,122,352,0,5,17,7,29,136,32,84,129,381,0,6,6,387
03/30/2018,OKC,OK,ASW,CE,Combined TRACON& Tower with Radar,149,20,38,91,298,0,10,33,9,52,149,30,71,100,350,8,52,60,410
03/31/2018,OKC,OK,ASW,CE,Combined TRACON& Tower with Radar,112,16,8,4,140,0,5,10,4,19,112,21,18,8,159,0,0,0,159
04/01/2018,OKC,OK,ASW,CE,Combined TRACON& Tower with Radar,109,18,18,0,145,0,0,1,2,3,109,18,19,2,148,0,0,0,148
04/02/2018,OKC,OK,ASW,CE,Combined TRACON& Tower with Radar,140,22,39,81,282,0,0,4,4,8,140,22,43,85,290,0,16,16,306
04/03/2018,OKC,OK,ASW,CE,Combined TRACON& Tower with Radar,149,27,41,78,295,0,5,13,8,26,149,32,54,86,321,8,24,32,353
04/04/2018,OKC,OK,ASW,CE,Combined TRACON& Tower with Radar,166,25,56,123,370,0,17,37,10,64,166,42,93,133,434,0,0,0,434
04/05/2018,OKC,OK,ASW,CE,Combined TRACON& Tower with Radar,131,34,53,94,312,0,12,16,12,40,131,46,69,106,352,0,34,34,386
04/06/2018,OKC,OK,ASW,CE,Combined TRACON& Tower with Radar,147,35,35,9,226,0,0,0,4,4,147,35,35,13,230,0,0,0,230
04/07/2018,OKC,OK,ASW,CE,Combined TRACON& Tower with Radar,109,18,22,20,169,0,3,12,0,15,109,21,34,20,184,0,2,2,186
04/08/2018,OKC,OK,ASW,CE,Combined TRACON& Tower with Radar,132,15,18,26,191,0,4,9,3,16,132,19,27,29,207,0,0,0,207
04/09/2018,OKC,OK,ASW,CE,Combined TRACON& Tower with Radar,156,27,49,113,345,0,14,51,26,91,156,41,100,139,436,4,30,34,470
04/10/2018,OKC,OK,ASW,CE,Combined TRACON& Tower with Radar,151,24,51,93,319,0,8,25,22,55,151,32,76,115,374,0,0,0,374
04/11/2018,OKC,OK,ASW,CE,Combined TRACON& Tower with Radar,147,25,66,60,298,0,6,11,6,23,147,31,77,66,321,0,0,0,321
04/12/2018,OKC,OK,ASW,CE,Combined TRACON& Tower with Radar,137,43,54,53,287,0,9,12,6,27,137,52,66,59,314,0,0,0,314
04/13/2018,OKC,OK,ASW,CE,Combined TRACON& Tower with Radar,137,27,41,11,216,0,5,9,3,17,137,32,50,14,233,0,0,0,233
04/14/2018,OKC,OK,ASW,CE,Combined TRACON& Tower with Radar,107,23,9,11,150,0,7,13,3,23,107,30,22,14,173,0,8,8,181
04/15/2018,OKC,OK,ASW,CE,Combined TRACON& Tower with Radar,136,15,28,34,213,0,7,13,0,20,136,22,41,34,233,0,0,0,233
04/16/2018,OKC,OK,ASW,CE,Combined TRACON& Tower with Radar,153,20,46,67,286,0,5,24,7,36,153,25,70,74,322,0,30,30,352
04/17/2018,OKC,OK,ASW,CE,Combined TRACON& Tower with Radar,142,18,43,58,261,0,10,22,13,45,142,28,65,71,306,0,16,16,322
04/18/2018,OKC,OK,ASW,CE,Combined TRACON& Tower with Radar,142,21,64,48,275,0,6,35,17,58,142,27,99,65,333,4,30,34,367
04/19/2018,OKC,OK,ASW,CE,Combined TRACON& Tower with Radar,148,17,53,25,243,0,18,44,15,77,148,35,97,40,320,8,0,8,328
04/20/2018,OKC,OK,ASW,CE,Combined TRACON& Tower with Radar,152,17,50,37,256,0,4,21,20,45,152,21,71,57,301,6,66,72,373
04/21/2018,OKC,OK,ASW,CE,Combined TRACON& Tower with Radar,104,9,18,1,132,0,0,0,0,0,104,9,18,1,132,0,0,0,132
04/22/2018,OKC,OK,ASW,CE,Combined TRACON& Tower with Radar,124,19,33,12,188,0,6,0,2,8,124,25,33,14,196,0,0,0,196
04/23/2018,OKC,OK,ASW,CE,Combined TRACON& Tower with Radar,158,31,50,91,330,0,7,51,9,67,158,38,101,100,397,16,146,162,559
04/24/2018,OKC,OK,ASW,CE,Combined TRACON& Tower with Radar,153,35,55,80,323,0,14,36,12,62,153,49,91,92,385,2,110,112,497
04/25/2018,OKC,OK,ASW,CE,Combined TRACON& Tower with Radar,136,26,44,91,297,0,0,4,5,9,136,26,48,96,306,10,0,10,316
04/26/2018,OKC,OK,ASW,CE,Combined TRACON& Tower with Radar,150,30,46,88,314,0,9,32,14,55,150,39,78,102,369,0,36,36,405
04/27/2018,OKC,OK,ASW,CE,Combined TRACON& Tower with Radar,155,14,29,82,280,0,11,29,9,49,155,25,58,91,329,0,52,52,381
04/28/2018,OKC,OK,ASW,CE,Combined TRACON& Tower with Radar,117,12,14,38,181,0,5,18,13,36,117,17,32,51,217,0,6,6,223
04/29/2018,OKC,OK,ASW,CE,Combined TRACON& Tower with Radar,134,13,17,10,174,0,5,11,0,16,134,18,28,10,190,0,0,0,190
04/30/2018,OKC,OK,ASW,CE,Combined TRACON& Tower with Radar,149,26,44,48,267,0,5,22,9,36,149,31,66,57,303,4,26,30,333
05/01/2018,OKC,OK,ASW,CE,Combined TRACON& Tower with Radar,143,31,40,93,307,0,1,14,4,19,143,32,54,97,326,0,0,0,326
05/02/2018,OKC,OK,ASW,CE,Combined TRACON& Tower with Radar,139,27,32,81,279,0,9,8,1,18,139,36,40,82,297,0,0,0,297
05/03/2018,OKC,OK,ASW,CE,Combined TRACON& Tower with Radar,138,29,31,33,231,0,4,25,5,34,138,33,56,38,265,0,0,0,265
05/04/2018,OKC,OK,ASW,CE,Combined TRACON& Tower with Radar,163,25,30,93,311,0,11,27,12,50,163,36,57,105,361,0,12,12,373
05/05/2018,OKC,OK,ASW,CE,Combined TRACON& Tower with Radar,127,12,11,41,191,0,7,16,7,30,127,19,27,48,221,0,6,6,227
05/06/2018,OKC,OK,ASW,CE,Combined TRACON& Tower with Radar,151,14,21,19,205,0,4,8,5,17,151,18,29,24,222,0,6,6,228
05/07/2018,OKC,OK,ASW,CE,Combined TRACON& Tower with Radar,150,18,28,53,249,0,4,27,18,49,150,22,55,71,298,8,34,42,340
05/08/2018,OKC,OK,ASW,CE,Combined TRACON& Tower with Radar,148,23,45,101,317,0,7,12,25,44,148,30,57,126,361,12,54,66,427
05/09/2018,OKC,OK,ASW,CE,Combined TRACON& Tower with Radar,155,30,45,89,319,0,12,23,29,64,155,42,68,118,383,0,40,40,423
05/10/2018,OKC,OK,ASW,CE,Combined TRACON& Tower with Radar,159,27,52,50,288,0,8,14,7,29,159,35,66,57,317,0,24,24,341
05/11/2018,OKC,OK,ASW,CE,Combined TRACON& Tower with Radar,158,24,20,35,237,0,8,8,5,21,158,32,28,40,258,0,4,4,262
05/12/2018,OKC,OK,ASW,CE,Combined TRACON& Tower with Radar,115,20,18,0,153,0,3,8,0,11,115,23,26,0,164,0,0,0,164
05/13/2018,OKC,OK,ASW,CE,Combined TRACON& Tower with Radar,141,17,19,32,209,0,10,7,0,17,141,27,26,32,226,0,0,0,226
05/14/2018,OKC,OK,ASW,CE,Combined TRACON& Tower with Radar,139,18,25,17,199,0,2,18,6,26,139,20,43,23,225,10,0,10,235
05/15/2018,OKC,OK,ASW,CE,Combined TRACON& Tower with Radar,149,33,32,44,258,0,4,9,1,14,149,37,41,45,272,0,38,38,310
05/16/2018,OKC,OK,ASW,CE,Combined TRACON& Tower with Radar,150,24,51,80,305,0,8,19,18,45,150,32,70,98,350,6,18,24,374
05/17/2018,OKC,OK,ASW,CE,Combined TRACON& Tower with Radar,164,42,39,68,313,0,9,15,17,41,164,51,54,85,354,6,68,74,428
05/18/2018,OKC,OK,ASW,CE,Combined TRACON& Tower with Radar,155,27,31,123,336,0,4,15,17,36,155,31,46,140,372,6,136,142,514
05/19/2018,OKC,OK,ASW,CE,Combined TRACON& Tower with Radar,117,15,15,13,160,0,5,4,2,11,117,20,19,15,171,0,0,0,171
05/20/2018,OKC,OK,ASW,CE,Combined TRACON& Tower with Radar,137,23,25,0,185,0,4,3,0,7,137,27,28,0,192,0,0,0,192
05/21/2018,OKC,OK,ASW,CE,Combined TRACON& Tower with Radar,165,24,27,67,283,0,4,22,31,57,165,28,49,98,340,0,38,38,378
05/22/2018,OKC,OK,ASW,CE,Combined TRACON& Tower with Radar,157,23,27,40,247,0,4,17,10,31,157,27,44,50,278,0,30,30,308
05/23/2018,OKC,OK,ASW,CE,Combined TRACON& Tower with Radar,153,23,41,79,296,0,3,19,8,30,153,26,60,87,326,6,36,42,368
05/24/2018,OKC,OK,ASW,CE,Combined TRACON& Tower with Radar,140,35,32,77,284,0,10,22,21,53,140,45,54,98,337,0,136,136,473
05/25/2018,OKC,OK,ASW,CE,Combined TRACON& Tower with Radar,152,21,20,12,205,0,8,10,4,22,152,29,30,16,227,0,0,0,227
05/26/2018,OKC,OK,ASW,CE,Combined TRACON& Tower with Radar,112,9,9,0,130,0,5,12,0,17,112,14,21,0,147,0,0,0,147
05/27/2018,OKC,OK,ASW,CE,Combined TRACON& Tower with Radar,116,14,7,0,137,0,9,8,0,17,116,23,15,0,154,0,0,0,154
05/28/2018,OKC,OK,ASW,CE,Combined TRACON& Tower with Radar,134,16,9,0,159,0,9,13,0,22,134,25,22,0,181,0,0,0,181
05/29/2018,OKC,OK,ASW,CE,Combined TRACON& Tower with Radar,141,41,15,73,270,0,8,16,9,33,141,49,31,82,303,4,76,80,383
05/30/2018,OKC,OK,ASW,CE,Combined TRACON& Tower with Radar,143,28,37,48,256,0,3,24,6,33,143,31,61,54,289,0,32,32,321
05/31/2018,OKC,OK,ASW,CE,Combined TRACON& Tower with Radar,140,15,49,48,252,0,5,9,13,27,140,20,58,61,279,0,0,0,279
06/01/2018,OKC,OK,ASW,CE,Combined TRACON& Tower with Radar,151,15,39,18,223,0,2,20,13,35,151,17,59,31,258,0,0,0,258
06/02/2018,OKC,OK,ASW,CE,Combined TRACON& Tower with Radar,114,8,23,22,167,0,2,11,4,17,114,10,34,26,184,0,0,0,184
06/03/2018,OKC,OK,ASW,CE,Combined TRACON& Tower with Radar,140,14,31,20,205,2,5,15,2,24,142,19,46,22,229,0,0,0,229
06/04/2018,OKC,OK,ASW,CE,Combined TRACON& Tower with Radar,168,22,27,74,291,0,13,32,19,64,168,35,59,93,355,0,18,18,373
06/05/2018,OKC,OK,ASW,CE,Combined TRACON& Tower with Radar,147,29,47,47,270,0,15,25,13,53,147,44,72,60,323,0,16,16,339
06/06/2018,OKC,OK,ASW,CE,Combined TRACON& Tower with Radar,152,26,28,80,286,0,6,17,19,42,152,32,45,99,328,10,122,132,460
06/07/2018,OKC,OK,ASW,CE,Combined TRACON& Tower with Radar,137,23,27,40,227,0,15,12,10,37,137,38,39,50,264,4,10,14,278
06/08/2018,OKC,OK,ASW,CE,Combined TRACON& Tower with Radar,160,26,33,62,281,0,17,21,8,46,160,43,54,70,327,0,40,40,367
06/09/2018,OKC,OK,ASW,CE,Combined TRACON& Tower with Radar,133,13,12,29,187,0,13,9,2,24,133,26,21,31,211,0,0,0,211
06/10/2018,OKC,OK,ASW,CE,Combined TRACON& Tower with Radar,152,27,30,12,221,0,10,13,9,32,152,37,43,21,253,0,16,16,269
06/11/2018,OKC,OK,ASW,CE,Combined TRACON& Tower with Radar,155,14,39,41,249,0,4,25,12,41,155,18,64,53,290,0,8,8,298
06/12/2018,OKC,OK,ASW,CE,Combined TRACON& Tower with Radar,153,24,39,67,283,0,13,24,5,42,153,37,63,72,325,0,48,48,373
06/13/2018,OKC,OK,ASW,CE,Combined TRACON& Tower with Radar,149,28,37,61,275,0,18,28,17,63,149,46,65,78,338,0,52,52,390
06/14/2018,OKC,OK,ASW,CE,Combined TRACON& Tower with Radar,160,17,25,36,238,0,11,31,20,62,160,28,56,56,300,0,52,52,352
06/15/2018,OKC,OK,ASW,CE,Combined TRACON& Tower with Radar,154,17,29,31,231,0,5,15,13,33,154,22,44,44,264,0,42,42,306
06/16/2018,OKC,OK,ASW,CE,Combined TRACON& Tower with Radar,118,13,14,11,156,0,6,10,2,18,118,19,24,13,174,0,0,0,174
06/17/2018,OKC,OK,ASW,CE,Combined TRACON& Tower with Radar,126,19,15,14,174,0,5,8,0,13,126,24,23,14,187,20,0,20,207
06/18/2018,OKC,OK,ASW,CE,Combined TRACON& Tower with Radar,141,23,39,49,252,0,15,11,7,33,141,38,50,56,285,6,32,38,323
06/19/2018,OKC,OK,ASW,CE,Combined TRACON& Tower with Radar,140,19,50,36,245,0,15,17,5,37,140,34,67,41,282,0,25,25,307
06/20/2018,OKC,OK,ASW,CE,Combined TRACON& Tower with Radar,160,30,51,58,299,0,9,15,27,51,160,39,66,85,350,12,40,52,402
06/21/2018,OKC,OK,ASW,CE,Combined TRACON& Tower with Radar,160,20,34,47,261,0,16,24,6,46,160,36,58,53,307,0,58,58,365
06/22/2018,OKC,OK,ASW,CE,Combined TRACON& Tower with Radar,150,19,29,10,208,0,5,15,2,22,150,24,44,12,230,0,0,0,230
06/23/2018,OKC,OK,ASW,CE,Combined TRACON& Tower with Radar,135,17,1,4,157,0,8,8,1,17,135,25,9,5,174,0,0,0,174
06/24/2018,OKC,OK,ASW,CE,Combined TRACON& Tower with Radar,141,23,10,4,178,0,10,2,3,15,141,33,12,7,193,0,0,0,193
06/25/2018,OKC,OK,ASW,CE,Combined TRACON& Tower with Radar,153,20,36,43,252,0,7,12,8,27,153,27,48,51,279,6,26,32,311
06/26/2018,OKC,OK,ASW,CE,Combined TRACON& Tower with Radar,148,20,56,72,296,0,5,28,8,41,148,25,84,80,337,28,130,158,495
06/27/2018,OKC,OK,ASW,CE,Combined TRACON& Tower with Radar,157,23,53,32,265,0,11,32,16,59,157,34,85,48,324,16,2,18,342
06/28/2018,OKC,OK,ASW,CE,Combined TRACON& Tower with Radar,154,26,38,26,244,0,15,37,8,60,154,41,75,34,304,0,16,16,320
06/29/2018,OKC,OK,ASW,CE,Combined TRACON& Tower with Radar,158,27,36,50,271,0,7,15,14,36,158,34,51,64,307,4,10,14,321
06/30/2018,OKC,OK,ASW,CE,Combined TRACON& Tower with Radar,134,16,13,10,173,0,2,6,1,9,134,18,19,11,182,0,0,0,182
07/01/2018,OKC,OK,ASW,CE,Combined TRACON& Tower with Radar,138,18,22,0,178,0,3,3,0,6,138,21,25,0,184,0,0,0,184
07/02/2018,OKC,OK,ASW,CE,Combined TRACON& Tower with Radar,139,10,31,30,210,0,2,28,10,40,139,12,59,40,250,32,107,139,389
07/03/2018,OKC,OK,ASW,CE,Combined TRACON& Tower with Radar,135,16,31,38,220,0,10,13,4,27,135,26,44,42,247,8,74,82,329
07/04/2018,OKC,OK,ASW,CE,Combined TRACON& Tower with Radar,111,8,12,6,137,0,4,5,0,9,111,12,17,6,146,8,0,8,154
07/05/2018,OKC,OK,ASW,CE,Combined TRACON& Tower with Radar,136,14,21,5,176,0,4,14,1,19,136,18,35,6,195,54,0,54,249
07/06/2018,OKC,OK,ASW,CE,Combined TRACON& Tower with Radar,159,25,22,49,255,0,5,10,7,22,159,30,32,56,277,0,20,20,297
07/07/2018,OKC,OK,ASW,CE,Combined TRACON& Tower with Radar,137,11,9,0,157,0,8,5,0,13,137,19,14,0,170,22,0,22,192
07/08/2018,OKC,OK,ASW,CE,Combined TRACON& Tower with Radar,147,16,17,4,184,0,2,15,1,18,147,18,32,5,202,0,0,0,202
07/09/2018,OKC,OK,ASW,CE,Combined TRACON& Tower with Radar,161,22,30,56,269,0,10,24,5,39,161,32,54,61,308,4,32,36,344
07/10/2018,OKC,OK,ASW,CE,Combined TRACON& Tower with Radar,174,31,32,45,282,0,16,35,5,56,174,47,67,50,338,0,91,91,429
07/11/2018,OKC,OK,ASW,CE,Combined TRACON& Tower with Radar,155,24,45,20,244,0,9,28,4,41,155,33,73,24,285,0,0,0,285
07/12/2018,OKC,OK,ASW,CE,Combined TRACON& Tower with Radar,186,20,36,38,280,0,6,24,5,35,186,26,60,43,315,0,3,3,318
07/13/2018,OKC,OK,ASW,CE,Combined TRACON& Tower with Radar,154,23,19,55,251,0,5,19,3,27,154,28,38,58,278,6,34,40,318
07/14/2018,OKC,OK,ASW,CE,Combined TRACON& Tower with Radar,135,13,9,13,170,0,5,8,3,16,135,18,17,16,186,0,0,0,186
07/15/2018,OKC,OK,ASW,CE,Combined TRACON& Tower with Radar,141,19,21,33,214,0,2,7,1,10,141,21,28,34,224,0,10,10,234
07/16/2018,OKC,OK,ASW,CE,Combined TRACON& Tower with Radar,146,13,26,66,251,0,2,19,8,29,146,15,45,74,280,0,78,78,358
07/17/2018,OKC,OK,ASW,CE,Combined TRACON& Tower with Radar,155,17,36,52,260,0,9,23,5,37,155,26,59,57,297,0,0,0,297
07/18/2018,OKC,OK,ASW,CE,Combined TRACON& Tower with Radar,159,20,53,55,287,0,5,30,10,45,159,25,83,65,332,0,38,38,370
07/19/2018,OKC,OK,ASW,CE,Combined TRACON& Tower with Radar,157,16,37,45,255,0,9,29,13,51,157,25,66,58,306,0,66,66,372
07/20/2018,OKC,OK,ASW,CE,Combined TRACON& Tower with Radar,158,13,33,48,252,0,6,16,10,32,158,19,49,58,284,18,58,76,360
07/21/2018,OKC,OK,ASW,CE,Combined TRACON& Tower with Radar,141,10,16,19,186,0,3,13,0,16,141,13,29,19,202,0,0,0,202
07/22/2018,OKC,OK,ASW,CE,Combined TRACON& Tower with Radar,143,18,25,27,213,0,0,9,3,12,143,18,34,30,225,0,0,0,225
07/23/2018,OKC,OK,ASW,CE,Combined TRACON& Tower with Radar,148,19,35,43,245,0,4,26,16,46,148,23,61,59,291,0,16,16,307
07/24/2018,OKC,OK,ASW,CE,Combined TRACON& Tower with Radar,155,16,35,44,250,0,5,39,18,62,155,21,74,62,312,0,14,14,326
07/25/2018,OKC,OK,ASW,CE,Combined TRACON& Tower with Radar,153,27,36,75,291,0,12,27,20,59,153,39,63,95,350,0,72,72,422
07/26/2018,OKC,OK,ASW,CE,Combined TRACON& Tower with Radar,148,24,32,88,292,0,12,29,14,55,148,36,61,102,347,0,194,194,541
07/27/2018,OKC,OK,ASW,CE,Combined TRACON& Tower with Radar,152,18,44,93,307,0,4,28,1,33,152,22,72,94,340,0,54,54,394
07/28/2018,OKC,OK,ASW,CE,Combined TRACON& Tower with Radar,131,24,12,25,192,0,7,3,3,13,131,31,15,28,205,0,8,8,213
07/29/2018,OKC,OK,ASW,CE,Combined TRACON& Tower with Radar,145,46,33,48,272,0,2,9,3,14,145,48,42,51,286,0,14,14,300
07/30/2018,OKC,OK,ASW,CE,Combined TRACON& Tower with Radar,141,29,31,126,327,0,9,24,6,39,141,38,55,132,366,0,82,82,448
07/31/2018,OKC,OK,ASW,CE,Combined TRACON& Tower with Radar,152,19,44,76,291,0,9,32,9,50,152,28,76,85,341,16,74,90,431
08/01/2018,OKC,OK,ASW,CE,Combined TRACON& Tower with Radar,153,22,30,94,299,0,3,21,12,36,153,25,51,106,335,0,29,29,364
08/02/2018,OKC,OK,ASW,CE,Combined TRACON& Tower with Radar,152,22,43,59,276,2,4,24,12,42,154,26,67,71,318,0,70,70,388
08/03/2018,OKC,OK,ASW,CE,Combined TRACON& Tower with Radar,155,30,18,74,277,0,11,23,5,39,155,41,41,79,316,0,60,60,376
08/04/2018,OKC,OK,ASW,CE,Combined TRACON& Tower with Radar,137,5,13,66,221,0,8,16,3,27,137,13,29,69,248,0,0,0,248
08/05/2018,OKC,OK,ASW,CE,Combined TRACON& Tower with Radar,146,15,13,10,184,0,4,7,6,17,146,19,20,16,201,0,0,0,201
08/06/2018,OKC,OK,ASW,CE,Combined TRACON& Tower with Radar,148,26,32,93,299,0,5,24,7,36,148,31,56,100,335,0,100,100,435
08/07/2018,OKC,OK,ASW,CE,Combined TRACON& Tower with Radar,149,17,38,49,253,0,4,19,12,35,149,21,57,61,288,24,112,136,424
08/08/2018,OKC,OK,ASW,CE,Combined TRACON& Tower with Radar,142,17,32,25,216,0,10,24,5,39,142,27,56,30,255,0,16,16,271
08/09/2018,OKC,OK,ASW,CE,Combined TRACON& Tower with Radar,170,21,37,61,289,0,4,60,7,71,170,25,97,68,360,16,26,42,402
08/10/2018,OKC,OK,ASW,CE,Combined TRACON& Tower with Radar,157,14,27,46,244,0,9,11,5,25,157,23,38,51,269,6,86,92,361
08/11/2018,OKC,OK,ASW,CE,Combined TRACON& Tower with Radar,124,13,7,2,146,0,3,6,1,10,124,16,13,3,156,6,0,6,162
08/12/2018,OKC,OK,ASW,CE,Combined TRACON& Tower with Radar,146,21,11,4,182,0,0,1,0,1,146,21,12,4,183,0,0,0,183
08/13/2018,OKC,OK,ASW,CE,Combined TRACON& Tower with Radar,141,25,26,31,223,0,2,13,1,16,141,27,39,32,239,0,14,14,253
08/14/2018,OKC,OK,ASW,CE,Combined TRACON& Tower with Radar,133,19,35,21,208,0,3,6,0,9,133,22,41,21,217,0,156,156,373
08/15/2018,OKC,OK,ASW,CE,Combined TRACON& Tower with Radar,164,28,31,69,292,0,5,25,9,39,164,33,56,78,331,0,78,78,409
08/16/2018,OKC,OK,ASW,CE,Combined TRACON& Tower with Radar,154,33,28,11,226,0,7,27,9,43,154,40,55,20,269,8,0,8,277
08/17/2018,OKC,OK,ASW,CE,Combined TRACON& Tower with Radar,155,19,26,41,241,0,11,27,7,45,155,30,53,48,286,0,0,0,286
08/18/2018,OKC,OK,ASW,CE,Combined TRACON& Tower with Radar,140,14,11,22,187,0,5,7,2,14,140,19,18,24,201,0,4,4,205
08/19/2018,OKC,OK,ASW,CE,Combined TRACON& Tower with Radar,141,19,23,7,190,0,3,5,0,8,141,22,28,7,198,0,4,4,202
08/20/2018,OKC,OK,ASW,CE,Combined TRACON& Tower with Radar,150,17,39,70,276,0,13,22,13,48,150,30,61,83,324,0,142,142,466
08/21/2018,OKC,OK,ASW,CE,Combined TRACON& Tower with Radar,143,36,47,68,294,0,11,27,12,50,143,47,74,80,344,28,30,58,402
08/22/2018,OKC,OK,ASW,CE,Combined TRACON& Tower with Radar,155,31,45,59,290,0,5,20,11,36,155,36,65,70,326,6,88,94,420
08/23/2018,OKC,OK,ASW,CE,Combined TRACON& Tower with Radar,155,20,41,48,264,0,9,14,8,31,155,29,55,56,295,0,68,68,363
08/24/2018,OKC,OK,ASW,CE,Combined TRACON& Tower with Radar,158,21,43,26,248,0,11,20,13,44,158,32,63,39,292,26,34,60,352
08/25/2018,OKC,OK,ASW,CE,Combined TRACON& Tower with Radar,125,11,13,8,157,0,13,12,3,28,125,24,25,11,185,0,0,0,185
08/26/2018,OKC,OK,ASW,CE,Combined TRACON& Tower with Radar,144,12,14,49,219,0,6,11,5,22,144,18,25,54,241,0,28,28,269
08/27/2018,OKC,OK,ASW,CE,Combined TRACON& Tower with Radar,151,24,20,61,256,0,9,13,19,41,151,33,33,80,297,8,30,38,335
08/28/2018,OKC,OK,ASW,CE,Combined TRACON& Tower with Radar,148,26,34,57,265,0,8,24,26,58,148,34,58,83,323,0,88,88,411
08/29/2018,OKC,OK,ASW,CE,Combined TRACON& Tower with Radar,156,30,31,87,304,0,10,24,19,53,156,40,55,106,357,10,92,102,459
08/30/2018,OKC,OK,ASW,CE,Combined TRACON& Tower with Radar,160,24,29,21,234,0,9,34,12,55,160,33,63,33,289,0,0,0,289
08/31/2018,OKC,OK,ASW,CE,Combined TRACON& Tower with Radar,155,26,29,8,218,0,9,28,9,46,155,35,57,17,264,2,6,8,272
09/01/2018,OKC,OK,ASW,CE,Combined TRACON& Tower with Radar,118,9,11,1,139,0,8,16,4,28,118,17,27,5,167,18,0,18,185
09/02/2018,OKC,OK,ASW,CE,Combined TRACON& Tower with Radar,109,14,15,2,140,0,9,5,0,14,109,23,20,2,154,0,4,4,158
09/03/2018,OKC,OK,ASW,CE,Combined TRACON& Tower with Radar,133,21,25,0,179,0,6,2,5,13,133,27,27,5,192,0,0,0,192
09/04/2018,OKC,OK,ASW,CE,Combined TRACON& Tower with Radar,142,16,18,40,216,0,3,5,0,8,142,19,23,40,224,20,0,20,244
09/05/2018,OKC,OK,ASW,CE,Combined TRACON& Tower with Radar,151,25,38,46,260,0,2,8,2,12,151,27,46,48,272,2,16,18,290
09/06/2018,OKC,OK,ASW,CE,Combined TRACON& Tower with Radar,151,21,36,34,242,0,0,8,0,8,151,21,44,34,250,24,10,34,284
09/07/2018,OKC,OK,ASW,CE,Combined TRACON& Tower with Radar,162,27,40,12,241,0,0,1,1,2,162,27,41,13,243,0,0,0,243
09/08/2018,OKC,OK,ASW,CE,Combined TRACON& Tower with Radar,126,16,27,52,221,0,2,0,2,4,126,18,27,54,225,0,0,0,225
09/09/2018,OKC,OK,ASW,CE,Combined TRACON& Tower with Radar,143,21,20,5,189,0,4,8,2,14,143,25,28,7,203,0,0,0,203
09/10/2018,OKC,OK,ASW,CE,Combined TRACON& Tower with Radar,150,24,35,77,286,0,10,29,17,56,150,34,64,94,342,0,126,126,468
09/11/2018,OKC,OK,ASW,CE,Combined TRACON& Tower with Radar,156,24,20,47,247,0,5,13,9,27,156,29,33,56,274,0,136,136,410
09/12/2018,OKC,OK,ASW,CE,Combined TRACON& Tower with Radar,148,32,38,78,296,0,2,10,8,20,148,34,48,86,316,14,62,76,392
09/13/2018,OKC,OK,ASW,CE,Combined TRACON& Tower with Radar,157,18,71,67,313,0,4,23,12,39,157,22,94,79,352,0,0,0,352
09/14/2018,OKC,OK,ASW,CE,Combined TRACON& Tower with Radar,171,23,36,48,278,0,10,24,11,45,171,33,60,59,323,0,34,34,357
09/15/2018,OKC,OK,ASW,CE,Combined TRACON& Tower with Radar,130,16,30,13,189,0,7,9,3,19,130,23,39,16,208,0,10,10,218
09/16/2018,OKC,OK,ASW,CE,Combined TRACON& Tower with Radar,136,23,27,37,223,0,4,5,14,23,136,27,32,51,246,0,4,4,250
09/17/2018,OKC,OK,ASW,CE,Combined TRACON& Tower with Radar,153,28,52,110,343,0,11,33,19,63,153,39,85,129,406,8,178,186,592
09/18/2018,OKC,OK,ASW,CE,Combined TRACON& Tower with Radar,144,26,48,126,344,0,9,28,23,60,144,35,76,149,404,0,72,72,476
09/19/2018,OKC,OK,ASW,CE,Combined TRACON& Tower with Radar,148,35,39,114,336,0,12,20,25,57,148,47,59,139,393,14,223,237,630
09/20/2018,OKC,OK,ASW,CE,Combined TRACON& Tower with Radar,171,32,45,80,328,0,4,27,10,41,171,36,72,90,369,0,114,114,483
09/21/2018,OKC,OK,ASW,CE,Combined TRACON& Tower with Radar,170,20,22,5,217,0,0,3,0,3,170,20,25,5,220,0,0,0,220
09/22/2018,OKC,OK,ASW,CE,Combined TRACON& Tower with Radar,125,12,27,13,177,0,13,2,1,16,125,25,29,14,193,6,0,6,199
09/23/2018,OKC,OK,ASW,CE,Combined TRACON& Tower with Radar,143,17,34,6,200,0,0,0,3,3,143,17,34,9,203,0,0,0,203
09/24/2018,OKC,OK,ASW,CE,Combined TRACON& Tower with Radar,158,16,52,40,266,0,2,8,0,10,158,18,60,40,276,30,0,30,306
09/25/2018,OKC,OK,ASW,CE,Combined TRACON& Tower with Radar,151,20,34,75,280,0,3,26,8,37,151,23,60,83,317,52,57,109,426
09/26/2018,OKC,OK,ASW,CE,Combined TRACON& Tower with Radar,151,25,28,19,223,0,3,29,2,34,151,28,57,21,257,0,0,0,257
09/27/2018,OKC,OK,ASW,CE,Combined TRACON& Tower with Radar,164,24,46,41,275,0,4,29,16,49,164,28,75,57,324,20,40,60,384
09/28/2018,OKC,OK,ASW,CE,Combined TRACON& Tower with Radar,158,25,55,37,275,0,7,10,5,22,158,32,65,42,297,0,22,22,319
09/29/2018,OKC,OK,ASW,CE,Combined TRACON& Tower with Radar,125,7,18,4,154,0,0,0,0,0,125,7,18,4,154,0,0,0,154
09/30/2018,OKC,OK,ASW,CE,Combined TRACON& Tower with Radar,140,18,23,19,200,1,1,1,0,3,141,19,24,19,203,0,10,10,213
10/01/2018,OKC,OK,ASW,CE,Combined TRACON& Tower with Radar,152,19,40,39,250,0,5,13,11,29,152,24,53,50,279,12,118,130,409
10/02/2018,OKC,OK,ASW,CE,Combined TRACON& Tower with Radar,143,24,49,63,279,0,5,18,1,24,143,29,67,64,303,14,0,14,317
10/03/2018,OKC,OK,ASW,CE,Combined TRACON& Tower with Radar,157,25,58,63,303,0,3,17,21,41,157,28,75,84,344,0,31,31,375
10/04/2018,OKC,OK,ASW,CE,Combined TRACON& Tower with Radar,163,21,46,70,300,0,6,8,1,15,163,27,54,71,315,0,20,20,335
10/05/2018,OKC,OK,ASW,CE,Combined TRACON& Tower with Radar,155,27,34,122,338,0,3,6,6,15,155,30,40,128,353,0,84,84,437
10/06/2018,OKC,OK,ASW,CE,Combined TRACON& Tower with Radar,121,12,6,4,143,0,4,1,1,6,121,16,7,5,149,0,0,0,149
10/07/2018,OKC,OK,ASW,CE,Combined TRACON& Tower with Radar,151,29,20,5,205,0,0,0,0,0,151,29,20,5,205,0,0,0,205
10/08/2018,OKC,OK,ASW,CE,Combined TRACON& Tower with Radar,148,17,22,7,194,0,0,3,3,6,148,17,25,10,200,0,0,0,200
10/09/2018,OKC,OK,ASW,CE,Combined TRACON& Tower with Radar,160,28,37,48,273,0,0,3,3,6,160,28,40,51,279,20,0,20,299
10/10/2018,OKC,OK,ASW,CE,Combined TRACON& Tower with Radar,149,34,56,61,300,0,9,29,19,57,149,43,85,80,357,0,48,48,405
10/11/2018,OKC,OK,ASW,CE,Combined TRACON& Tower with Radar,149,20,55,57,281,0,6,33,18,57,149,26,88,75,338,0,0,0,338
10/12/2018,OKC,OK,ASW,CE,Combined TRACON& Tower with Radar,154,18,37,95,304,0,0,7,0,7,154,18,44,95,311,8,14,22,333
10/13/2018,OKC,OK,ASW,CE,Combined TRACON& Tower with Radar,138,13,15,17,183,0,1,1,2,4,138,14,16,19,187,4,0,4,191
10/14/2018,OKC,OK,ASW,CE,Combined TRACON& Tower with Radar,150,18,13,10,191,0,0,0,0,0,150,18,13,10,191,0,0,0,191
10/15/2018,OKC,OK,ASW,CE,Combined TRACON& Tower with Radar,148,16,32,73,269,0,2,15,8,25,148,18,47,81,294,0,2,2,296
10/16/2018,OKC,OK,ASW,CE,Combined TRACON& Tower with Radar,154,34,50,63,301,0,5,26,10,41,154,39,76,73,342,8,41,49,391
10/17/2018,OKC,OK,ASW,CE,Combined TRACON& Tower with Radar,152,43,37,74,306,0,6,21,16,43,152,49,58,90,349,6,84,90,439
10/18/2018,OKC,OK,ASW,CE,Combined TRACON& Tower with Radar,162,30,52,67,311,0,8,26,19,53,162,38,78,86,364,4,20,24,388
10/19/2018,OKC,OK,ASW,CE,Combined TRACON& Tower with Radar,155,34,35,62,286,0,0,0,0,0,155,34,35,62,286,0,16,16,302
10/20/2018,OKC,OK,ASW,CE,Combined TRACON& Tower with Radar,130,14,36,16,196,1,1,17,1,20,131,15,53,17,216,0,0,0,216
10/21/2018,OKC,OK,ASW,CE,Combined TRACON& Tower with Radar,147,24,17,14,202,0,5,5,4,14,147,29,22,18,216,0,4,4,220
10/22/2018,OKC,OK,ASW,CE,Combined TRACON& Tower with Radar,150,22,60,52,284,0,8,48,14,70,150,30,108,66,354,38,48,86,440
10/23/2018,OKC,OK,ASW,CE,Combined TRACON& Tower with Radar,153,31,53,102,339,0,6,29,10,45,153,37,82,112,384,0,0,0,384
10/24/2018,OKC,OK,ASW,CE,Combined TRACON& Tower with Radar,150,29,39,89,307,0,3,11,5,19,150,32,50,94,326,0,16,16,342
10/25/2018,OKC,OK,ASW,CE,Combined TRACON& Tower with Radar,155,27,45,86,313,0,0,9,1,10,155,27,54,87,323,0,4,4,327
10/26/2018,OKC,OK,ASW,CE,Combined TRACON& Tower with Radar,156,18,36,96,306,0,3,30,6,39,156,21,66,102,345,0,18,18,363
10/27/2018,OKC,OK,ASW,CE,Combined TRACON& Tower with Radar,116,12,20,4,152,0,8,14,1,23,116,20,34,5,175,0,0,0,175
10/28/2018,OKC,OK,ASW,CE,Combined TRACON& Tower with Radar,147,13,23,27,210,0,8,19,9,36,147,21,42,36,246,0,0,0,246
10/29/2018,OKC,OK,ASW,CE,Combined TRACON& Tower with Radar,139,20,33,64,256,0,8,27,13,48,139,28,60,77,304,0,0,0,304
10/30/2018,OKC,OK,ASW,CE,Combined TRACON& Tower with Radar,141,32,64,79,316,0,1,16,3,20,141,33,80,82,336,0,56,56,392
10/31/2018,OKC,OK,ASW,CE,Combined TRACON& Tower with Radar,125,27,31,41,224,0,2,8,3,13,125,29,39,44,237,0,0,0,237
11/01/2018,OKC,OK,ASW,CE,Combined TRACON& Tower with Radar,145,27,48,76,296,0,5,36,16,57,145,32,84,92,353,0,42,42,395
11/02/2018,OKC,OK,ASW,CE,Combined TRACON& Tower with Radar,146,30,44,64,284,0,9,26,7,42,146,39,70,71,326,6,4,10,336
11/03/2018,OKC,OK,ASW,CE,Combined TRACON& Tower with Radar,122,16,19,37,194,0,2,8,4,14,122,18,27,41,208,0,22,22,230
11/04/2018,OKC,OK,ASW,CE,Combined TRACON& Tower with Radar,154,22,27,6,209,0,2,11,10,23,154,24,38,16,232,28,0,28,260
11/05/2018,OKC,OK,ASW,CE,Combined TRACON& Tower with Radar,143,21,42,89,295,0,5,28,16,49,143,26,70,105,344,0,50,50,394
11/06/2018,OKC,OK,ASW,CE,Combined TRACON& Tower with Radar,144,30,43,133,350,0,7,44,16,67,144,37,87,149,417,0,0,0,417
11/07/2018,OKC,OK,ASW,CE,Combined TRACON& Tower with Radar,145,28,57,103,333,0,5,24,1,30,145,33,81,104,363,4,6,10,373
11/08/2018,OKC,OK,ASW,CE,Combined TRACON& Tower with Radar,184,29,54,11,278,0,2,2,2,6,184,31,56,13,284,0,0,0,284
11/09/2018,OKC,OK,ASW,CE,Combined TRACON& Tower with Radar,158,22,46,75,301,0,7,8,3,18,158,29,54,78,319,0,16,16,335
11/10/2018,OKC,OK,ASW,CE,Combined TRACON& Tower with Radar,122,18,24,3,167,0,5,10,1,16,122,23,34,4,183,0,0,0,183
11/11/2018,OKC,OK,ASW,CE,Combined TRACON& Tower with Radar,149,22,34,6,211,0,2,11,0,13,149,24,45,6,224,8,0,8,232
11/12/2018,OKC,OK,ASW,CE,Combined TRACON& Tower with Radar,151,17,22,0,190,0,3,0,0,3,151,20,22,0,193,0,0,0,193
11/13/2018,OKC,OK,ASW,CE,Combined TRACON& Tower with Radar,152,26,41,12,231,0,7,23,0,30,152,33,64,12,261,0,0,0,261
11/14/2018,OKC,OK,ASW,CE,Combined TRACON& Tower with Radar,153,21,43,81,298,0,6,30,10,46,153,27,73,91,344,0,50,50,394
11/15/2018,OKC,OK,ASW,CE,Combined TRACON& Tower with Radar,159,18,44,63,284,0,10,12,12,34,159,28,56,75,318,0,0,0,318
11/16/2018,OKC,OK,ASW,CE,Combined TRACON& Tower with Radar,165,16,38,87,306,0,8,11,11,30,165,24,49,98,336,0,20,20,356
11/17/2018,OKC,OK,ASW,CE,Combined TRACON& Tower with Radar,130,15,12,12,169,0,13,10,5,28,130,28,22,17,197,0,0,0,197
11/18/2018,OKC,OK,ASW,CE,Combined TRACON& Tower with Radar,150,10,12,0,172,0,0,0,4,4,150,10,12,4,176,0,0,0,176
11/19/2018,OKC,OK,ASW,CE,Combined TRACON& Tower with Radar,142,15,28,81,266,0,5,25,15,45,142,20,53,96,311,5,9,14,325
11/20/2018,OKC,OK,ASW,CE,Combined TRACON& Tower with Radar,169,24,20,44,257,0,9,13,10,32,169,33,33,54,289,0,16,16,305
11/21/2018,OKC,OK,ASW,CE,Combined TRACON& Tower with Radar,174,18,31,25,248,0,2,9,3,14,174,20,40,28,262,0,34,34,296
11/22/2018,OKC,OK,ASW,CE,Combined TRACON& Tower with Radar,94,7,7,0,108,0,5,5,3,13,94,12,12,3,121,0,0,0,121
11/23/2018,OKC,OK,ASW,CE,Combined TRACON& Tower with Radar,121,10,11,0,142,0,6,11,0,17,121,16,22,0,159,0,0,0,159
11/24/2018,OKC,OK,ASW,CE,Combined TRACON& Tower with Radar,162,13,9,0,184,0,8,14,1,23,162,21,23,1,207,0,0,0,207
11/25/2018,OKC,OK,ASW,CE,Combined TRACON& Tower with Radar,167,21,12,0,200,0,2,2,0,4,167,23,14,0,204,0,0,0,204
11/26/2018,OKC,OK,ASW,CE,Combined TRACON& Tower with Radar,164,17,39,58,278,0,5,26,11,42,164,22,65,69,320,2,64,66,386
11/27/2018,OKC,OK,ASW,CE,Combined TRACON& Tower with Radar,156,25,55,59,295,0,8,26,16,50,156,33,81,75,345,28,5,33,378
11/28/2018,OKC,OK,ASW,CE,Combined TRACON& Tower with Radar,146,20,47,86,299,0,8,20,11,39,146,28,67,97,338,14,0,14,352
11/29/2018,OKC,OK,ASW,CE,Combined TRACON& Tower with Radar,156,25,36,103,320,0,5,21,15,41,156,30,57,118,361,18,210,228,589
11/30/2018,OKC,OK,ASW,CE,Combined TRACON& Tower with Radar,158,28,46,9,241,0,0,9,5,14,158,28,55,14,255,0,0,0,255
12/01/2018,OKC,OK,ASW,CE,Combined TRACON& Tower with Radar,115,21,30,13,179,0,0,9,4,13,115,21,39,17,192,6,0,6,198
12/02/2018,OKC,OK,ASW,CE,Combined TRACON& Tower with Radar,154,24,29,25,232,0,0,15,11,26,154,24,44,36,258,0,28,28,286
12/03/2018,OKC,OK,ASW,CE,Combined TRACON& Tower with Radar,139,19,39,75,272,0,9,14,2,25,139,28,53,77,297,10,18,28,325
12/04/2018,OKC,OK,ASW,CE,Combined TRACON& Tower with Radar,146,28,45,34,253,0,9,12,10,31,146,37,57,44,284,0,0,0,284
12/05/2018,OKC,OK,ASW,CE,Combined TRACON& Tower with Radar,147,24,54,0,225,0,6,25,7,38,147,30,79,7,263,0,0,0,263
12/06/2018,OKC,OK,ASW,CE,Combined TRACON& Tower with Radar,160,24,59,40,283,0,2,9,11,22,160,26,68,51,305,0,64,64,369
12/07/2018,OKC,OK,ASW,CE,Combined TRACON& Tower with Radar,160,31,27,1,219,0,4,0,0,4,160,35,27,1,223,0,0,0,223
12/08/2018,OKC,OK,ASW,CE,Combined TRACON& Tower with Radar,117,14,4,2,137,0,2,0,3,5,117,16,4,5,142,0,0,0,142
12/09/2018,OKC,OK,ASW,CE,Combined TRACON& Tower with Radar,149,14,33,7,203,0,1,24,2,27,149,15,57,9,230,12,0,12,242
12/10/2018,OKC,OK,ASW,CE,Combined TRACON& Tower with Radar,143,34,37,72,286,0,13,29,19,61,143,47,66,91,347,0,76,76,423
12/11/2018,OKC,OK,ASW,CE,Combined TRACON& Tower with Radar,147,29,47,87,310,0,11,13,14,38,147,40,60,101,348,0,38,38,386
12/12/2018,OKC,OK,ASW,CE,Combined TRACON& Tower with Radar,146,29,48,81,304,0,5,18,3,26,146,34,66,84,330,2,10,12,342
12/13/2018,OKC,OK,ASW,CE,Combined TRACON& Tower with Radar,155,29,28,16,228,0,0,1,0,1,155,29,29,16,229,0,0,0,229
12/14/2018,OKC,OK,ASW,CE,Combined TRACON& Tower with Radar,149,16,27,61,253,0,4,7,9,20,149,20,34,70,273,0,0,0,273
12/15/2018,OKC,OK,ASW,CE,Combined TRACON& Tower with Radar,115,8,12,20,155,0,3,17,3,23,115,11,29,23,178,0,0,0,178
12/16/2018,OKC,OK,ASW,CE,Combined TRACON& Tower with Radar,152,8,12,7,179,0,6,10,0,16,152,14,22,7,195,0,4,4,199
12/17/2018,OKC,OK,ASW,CE,Combined TRACON& Tower with Radar,150,19,27,60,256,0,9,15,8,32,150,28,42,68,288,26,46,72,360
12/18/2018,OKC,OK,ASW,CE,Combined TRACON& Tower with Radar,151,20,30,57,258,0,7,21,10,38,151,27,51,67,296,0,94,94,390
12/19/2018,OKC,OK,ASW,CE,Combined TRACON& Tower with Radar,149,39,21,14,223,0,13,4,7,24,149,52,25,21,247,0,16,16,263
12/20/2018,OKC,OK,ASW,CE,Combined TRACON& Tower with Radar,155,37,48,55,295,0,6,24,12,42,155,43,72,67,337,0,140,140,477
12/21/2018,OKC,OK,ASW,CE,Combined TRACON& Tower with Radar,152,20,12,87,271,0,9,16,4,29,152,29,28,91,300,0,140,140,440
12/22/2018,OKC,OK,ASW,CE,Combined TRACON& Tower with Radar,131,23,17,0,171,0,7,14,6,27,131,30,31,6,198,0,0,0,198
12/23/2018,OKC,OK,ASW,CE,Combined TRACON& Tower with Radar,145,21,27,0,193,0,4,10,0,14,145,25,37,0,207,0,0,0,207
12/24/2018,OKC,OK,ASW,CE,Combined TRACON& Tower with Radar,124,13,4,0,141,0,6,3,0,9,124,19,7,0,150,0,0,0,150
12/25/2018,OKC,OK,ASW,CE,Combined TRACON& Tower with Radar,108,19,5,0,132,0,0,1,0,1,108,19,6,0,133,0,0,0,133
12/26/2018,OKC,OK,ASW,CE,Combined TRACON& Tower with Radar,137,22,10,0,169,0,0,0,1,1,137,22,10,1,170,0,0,0,170
12/27/2018,OKC,OK,ASW,CE,Combined TRACON& Tower with Radar,160,24,29,15,228,0,3,6,8,17,160,27,35,23,245,4,8,12,257
12/28/2018,OKC,OK,ASW,CE,Combined TRACON& Tower with Radar,147,22,24,7,200,0,9,11,3,23,147,31,35,10,223,0,16,16,239
12/29/2018,OKC,OK,ASW,CE,Combined TRACON& Tower with Radar,127,23,5,0,155,0,7,5,2,14,127,30,10,2,169,0,0,0,169
12/30/2018,OKC,OK,ASW,CE,Combined TRACON& Tower with Radar,158,20,18,0,196,0,2,2,3,7,158,22,20,3,203,0,0,0,203
12/31/2018,OKC,OK,ASW,CE,Combined TRACON& Tower with Radar,121,19,8,0,148,0,5,1,4,10,121,24,9,4,158,0,0,0,158
01/01/2019,OKC,OK,ASW,CE,Combined TRACON& Tower with Radar,108,24,9,0,141,0,4,1,6,11,108,28,10,6,152,0,0,0,152
01/02/2019,OKC,OK,ASW,CE,Combined TRACON& Tower with Radar,144,25,16,6,191,0,3,1,0,4,144,28,17,6,195,6,0,6,201
01/03/2019,OKC,OK,ASW,CE,Combined TRACON& Tower with Radar,91,22,10,0,123,0,0,0,0,0,91,22,10,0,123,0,0,0,123
01/04/2019,OKC,OK,ASW,CE,Combined TRACON& Tower with Radar,149,30,22,51,252,0,11,20,6,37,149,41,42,57,289,0,8,8,297
01/05/2019,OKC,OK,ASW,CE,Combined TRACON& Tower with Radar,109,27,10,18,164,1,9,14,4,28,110,36,24,22,192,0,12,12,204
01/06/2019,OKC,OK,ASW,CE,Combined TRACON& Tower with Radar,132,22,22,30,206,0,7,18,3,28,132,29,40,33,234,0,20,20,254
01/07/2019,OKC,OK,ASW,CE,Combined TRACON& Tower with Radar,129,17,22,80,248,0,7,27,8,42,129,24,49,88,290,0,50,50,340
01/08/2019,OKC,OK,ASW,CE,Combined TRACON& Tower with Radar,142,21,33,79,275,0,11,25,12,48,142,32,58,91,323,6,86,92,415
01/09/2019,OKC,OK,ASW,CE,Combined TRACON& Tower with Radar,134,29,29,81,273,0,7,27,15,49,134,36,56,96,322,0,6,6,328
01/10/2019,OKC,OK,ASW,CE,Combined TRACON& Tower with Radar,133,33,38,88,292,0,5,28,5,38,133,38,66,93,330,0,156,156,486
01/11/2019,OKC,OK,ASW,CE,Combined TRACON& Tower with Radar,144,24,20,40,228,0,0,2,2,4,144,24,22,42,232,0,0,0,232
01/12/2019,OKC,OK,ASW,CE,Combined TRACON& Tower with Radar,91,18,7,5,121,0,2,1,5,8,91,20,8,10,129,0,0,0,129
01/13/2019,OKC,OK,ASW,CE,Combined TRACON& Tower with Radar,121,16,7,11,155,0,2,0,4,6,121,18,7,15,161,0,0,0,161
01/14/2019,OKC,OK,ASW,CE,Combined TRACON& Tower with Radar,128,19,20,143,310,0,6,13,9,28,128,25,33,152,338,0,76,76,414
01/15/2019,OKC,OK,ASW,CE,Combined TRACON& Tower with Radar,129,30,64,103,326,0,3,17,10,30,129,33,81,113,356,0,168,168,524
01/16/2019,OKC,OK,ASW,CE,Combined TRACON& Tower with Radar,139,34,47,42,262,0,3,1,0,4,139,37,48,42,266,0,0,0,266
01/17/2019,OKC,OK,ASW,CE,Combined TRACON& Tower with Radar,136,41,60,108,345,0,10,14,18,42,136,51,74,126,387,0,58,58,445
01/18/2019,OKC,OK,ASW,CE,Combined TRACON& Tower with Radar,139,27,45,60,271,0,8,1,4,13,139,35,46,64,284,0,0,0,284
01/19/2019,OKC,OK,ASW,CE,Combined TRACON& Tower with Radar,83,24,18,2,127,0,9,2,1,12,83,33,20,3,139,0,0,0,139
01/20/2019,OKC,OK,ASW,CE,Combined TRACON& Tower with Radar,110,23,23,2,158,0,10,10,3,23,110,33,33,5,181,8,0,8,189
01/21/2019,OKC,OK,ASW,CE,Combined TRACON& Tower with Radar,122,24,23,1,170,0,2,5,0,7,122,26,28,1,177,0,0,0,177
01/22/2019,OKC,OK,ASW,CE,Combined TRACON& Tower with Radar,136,24,31,12,203,0,0,5,1,6,136,24,36,13,209,6,0,6,215
01/23/2019,OKC,OK,ASW,CE,Combined TRACON& Tower with Radar,136,27,47,97,307,0,9,25,19,53,136,36,72,116,360,6,172,178,538
01/24/2019,OKC,OK,ASW,CE,Combined TRACON& Tower with Radar,139,37,43,132,351,0,8,9,18,35,139,45,52,150,386,0,280,280,666
01/25/2019,OKC,OK,ASW,CE,Combined TRACON& Tower with Radar,141,25,38,80,284,0,11,15,15,41,141,36,53,95,325,0,134,134,459
01/26/2019,OKC,OK,ASW,CE,Combined TRACON& Tower with Radar,94,18,23,6,141,0,10,21,5,36,94,28,44,11,177,0,0,0,177
01/27/2019,OKC,OK,ASW,CE,Combined TRACON& Tower with Radar,117,23,26,19,185,0,11,14,2,27,117,34,40,21,212,8,30,38,250
01/28/2019,OKC,OK,ASW,CE,Combined TRACON& Tower with Radar,136,30,25,92,283,0,8,19,26,53,136,38,44,118,336,0,166,166,502
01/29/2019,OKC,OK,ASW,CE,Combined TRACON& Tower with Radar,139,29,47,36,251,0,9,29,15,53,139,38,76,51,304,8,108,116,420
01/30/2019,OKC,OK,ASW,CE,Combined TRACON& Tower with Radar,128,24,38,58,248,0,11,22,15,48,128,35,60,73,296,16,82,98,394
01/31/2019,OKC,OK,ASW,CE,Combined TRACON& Tower with Radar,126,24,55,45,250,0,8,16,7,31,126,32,71,52,281,14,20,34,315
02/01/2019,OKC,OK,ASW,CE,Combined TRACON& Tower with Radar,137,18,34,14,203,0,1,0,2,3,137,19,34,16,206,0,0,0,206
02/02/2019,OKC,OK,ASW,CE,Combined TRACON& Tower with Radar,104,11,26,12,153,0,1,2,4,7,104,12,28,16,160,0,0,0,160
02/03/2019,OKC,OK,ASW,CE,Combined TRACON& Tower with Radar,105,20,22,11,158,0,5,4,4,13,105,25,26,15,171,0,0,0,171
02/04/2019,OKC,OK,ASW,CE,Combined TRACON& Tower with Radar,130,24,33,85,272,0,2,5,5,12,130,26,38,90,284,0,4,4,288
02/05/2019,OKC,OK,ASW,CE,Combined TRACON& Tower with Radar,126,23,25,1,175,0,0,0,0,0,126,23,25,1,175,0,0,0,175
02/06/2019,OKC,OK,ASW,CE,Combined TRACON& Tower with Radar,137,22,25,4,188,0,0,0,0,0,137,22,25,4,188,0,0,0,188
02/07/2019,OKC,OK,ASW,CE,Combined TRACON& Tower with Radar,139,34,53,30,256,0,3,16,14,33,139,37,69,44,289,0,0,0,289
02/08/2019,OKC,OK,ASW,CE,Combined TRACON& Tower with Radar,146,18,46,78,288,0,7,36,8,51,146,25,82,86,339,0,0,0,339
02/09/2019,OKC,OK,ASW,CE,Combined TRACON& Tower with Radar,94,16,18,33,161,0,1,10,2,13,94,17,28,35,174,0,12,12,186
02/10/2019,OKC,OK,ASW,CE,Combined TRACON& Tower with Radar,125,20,12,0,157,0,0,0,0,0,125,20,12,0,157,0,0,0,157
02/11/2019,OKC,OK,ASW,CE,Combined TRACON& Tower with Radar,130,23,22,61,236,0,0,4,5,9,130,23,26,66,245,0,10,10,255
02/12/2019,OKC,OK,ASW,CE,Combined TRACON& Tower with Radar,145,27,45,105,322,0,3,35,19,57,145,30,80,124,379,14,142,156,535
02/13/2019,OKC,OK,ASW,CE,Combined TRACON& Tower with Radar,148,23,43,84,298,0,9,25,20,54,148,32,68,104,352,2,216,218,570
02/14/2019,OKC,OK,ASW,CE,Combined TRACON& Tower with Radar,141,32,24,100,297,0,5,26,26,57,141,37,50,126,354,6,92,98,452
02/15/2019,OKC,OK,ASW,CE,Combined TRACON& Tower with Radar,141,31,31,26,229,0,6,5,0,11,141,37,36,26,240,0,0,0,240
02/16/2019,OKC,OK,ASW,CE,Combined TRACON& Tower with Radar,101,13,2,2,118,0,0,0,0,0,101,13,2,2,118,0,0,0,118
02/17/2019,OKC,OK,ASW,CE,Combined TRACON& Tower with Radar,116,11,19,8,154,0,7,9,3,19,116,18,28,11,173,0,4,4,177
02/18/2019,OKC,OK,ASW,CE,Combined TRACON& Tower with Radar,127,24,55,9,215,0,6,23,4,33,127,30,78,13,248,6,0,6,254
02/19/2019,OKC,OK,ASW,CE,Combined TRACON& Tower with Radar,138,19,23,8,188,0,5,3,0,8,138,24,26,8,196,0,0,0,196
02/20/2019,OKC,OK,ASW,CE,Combined TRACON& Tower with Radar,131,36,41,114,322,0,13,28,3,44,131,49,69,117,366,0,0,0,366
02/21/2019,OKC,OK,ASW,CE,Combined TRACON& Tower with Radar,147,32,55,113,347,0,8,49,9,66,147,40,104,122,413,0,0,0,413
02/22/2019,OKC,OK,ASW,CE,Combined TRACON& Tower with Radar,133,32,36,23,224,0,0,3,1,4,133,32,39,24,228,0,0,0,228
02/23/2019,OKC,OK,ASW,CE,Combined TRACON& Tower with Radar,106,17,2,8,133,0,0,0,3,3,106,17,2,11,136,0,0,0,136
02/24/2019,OKC,OK,ASW,CE,Combined TRACON& Tower with Radar,127,17,32,25,201,0,5,26,4,35,127,22,58,29,236,0,0,0,236
02/25/2019,OKC,OK,ASW,CE,Combined TRACON& Tower with Radar,137,15,33,85,270,0,8,25,6,39,137,23,58,91,309,0,100,100,409
02/26/2019,OKC,OK,ASW,CE,Combined TRACON& Tower with Radar,135,22,42,30,229,0,5,8,0,13,135,27,50,30,242,0,0,0,242
02/27/2019,OKC,OK,ASW,CE,Combined TRACON& Tower with Radar,138,24,14,0,176,0,0,0,0,0,138,24,14,0,176,0,0,0,176
02/28/2019,OKC,OK,ASW,CE,Combined TRACON& Tower with Radar,140,22,46,23,231,0,0,9,1,10,140,22,55,24,241,0,0,0,241
03/01/2019,OKC,OK,ASW,CE,Combined TRACON& Tower with Radar,150,27,37,38,252,0,3,7,1,11,150,30,44,39,263,0,0,0,263
03/02/2019,OKC,OK,ASW,CE,Combined TRACON& Tower with Radar,94,27,13,13,147,0,1,0,2,3,94,28,13,15,150,0,0,0,150
03/03/2019,OKC,OK,ASW,CE,Combined TRACON& Tower with Radar,134,12,35,2,183,0,2,2,4,8,134,14,37,6,191,0,0,0,191
03/04/2019,OKC,OK,ASW,CE,Combined TRACON& Tower with Radar,142,17,27,44,230,0,2,30,4,36,142,19,57,48,266,14,0,14,280
03/05/2019,OKC,OK,ASW,CE,Combined TRACON& Tower with Radar,143,29,32,107,311,0,7,38,7,52,143,36,70,114,363,0,64,64,427
03/06/2019,OKC,OK,ASW,CE,Combined TRACON& Tower with Radar,140,26,43,130,339,0,6,41,9,56,140,32,84,139,395,0,88,88,483
03/07/2019,OKC,OK,ASW,CE,Combined TRACON& Tower with Radar,150,39,46,99,334,0,7,36,15,58,150,46,82,114,392,0,148,148,540
03/08/2019,OKC,OK,ASW,CE,Combined TRACON& Tower with Radar,147,33,59,47,286,0,0,0,3,3,147,33,59,50,289,0,0,0,289
03/09/2019,OKC,OK,ASW,CE,Combined TRACON& Tower with Radar,117,35,12,26,190,0,2,9,8,19,117,37,21,34,209,10,0,10,219
03/10/2019,OKC,OK,ASW,CE,Combined TRACON& Tower with Radar,138,25,35,13,211,0,3,15,3,21,138,28,50,16,232,18,46,64,296
03/11/2019,OKC,OK,ASW,CE,Combined TRACON& Tower with Radar,141,31,26,105,303,0,0,15,25,40,141,31,41,130,343,8,24,32,375
03/12/2019,OKC,OK,ASW,CE,Combined TRACON& Tower with Radar,145,35,23,3,206,0,1,0,0,1,145,36,23,3,207,0,0,0,207
03/13/2019,OKC,OK,ASW,CE,Combined TRACON& Tower with Radar,127,19,24,33,203,0,0,5,7,12,127,19,29,40,215,0,0,0,215
03/14/2019,OKC,OK,ASW,CE,Combined TRACON& Tower with Radar,138,36,35,37,246,0,8,24,14,46,138,44,59,51,292,5,10,15,307
03/15/2019,OKC,OK,ASW,CE,Combined TRACON& Tower with Radar,145,27,47,84,303,0,10,29,25,64,145,37,76,109,367,0,82,82,449
03/16/2019,OKC,OK,ASW,CE,Combined TRACON& Tower with Radar,106,29,41,33,209,0,7,21,5,33,106,36,62,38,242,12,0,12,254
03/17/2019,OKC,OK,ASW,CE,Combined TRACON& Tower with Radar,138,22,30,11,201,0,5,12,6,23,138,27,42,17,224,0,0,0,224
03/18/2019,OKC,OK,ASW,CE,Combined TRACON& Tower with Radar,135,23,41,64,263,0,10,18,21,49,135,33,59,85,312,0,68,68,380
03/19/2019,OKC,OK,ASW,CE,Combined TRACON& Tower with Radar,138,26,18,83,265,0,2,15,17,34,138,28,33,100,299,0,88,88,387
03/20/2019,OKC,OK,ASW,CE,Combined TRACON& Tower with Radar,139,29,34,76,278,0,2,21,23,46,139,31,55,99,324,0,110,110,434
03/21/2019,OKC,OK,ASW,CE,Combined TRACON& Tower with Radar,146,24,40,73,283,0,2,21,12,35,146,26,61,85,318,6,70,76,394
03/22/2019,OKC,OK,ASW,CE,Combined TRACON& Tower with Radar,138,19,35,114,306,0,17,29,12,58,138,36,64,126,364,0,188,188,552
03/23/2019,OKC,OK,ASW,CE,Combined TRACON& Tower with Radar,108,26,23,14,171,0,7,3,0,10,108,33,26,14,181,0,10,10,191
03/24/2019,OKC,OK,ASW,CE,Combined TRACON& Tower with Radar,143,30,28,40,241,0,4,5,6,15,143,34,33,46,256,0,12,12,268
03/25/2019,OKC,OK,ASW,CE,Combined TRACON& Tower with Radar,136,25,37,58,256,0,8,15,10,33,136,33,52,68,289,0,30,30,319
03/26/2019,OKC,OK,ASW,CE,Combined TRACON& Tower with Radar,146,31,62,116,355,0,8,27,11,46,146,39,89,127,401,0,116,116,517
03/27/2019,OKC,OK,ASW,CE,Combined TRACON& Tower with Radar,133,41,37,74,285,0,16,30,15,61,133,57,67,89,346,0,40,40,386
03/28/2019,OKC,OK,ASW,CE,Combined TRACON& Tower with Radar,144,31,45,95,315,0,9,18,20,47,144,40,63,115,362,4,129,133,495
03/29/2019,OKC,OK,ASW,CE,Combined TRACON& Tower with Radar,135,21,33,91,280,0,6,13,7,26,135,27,46,98,306,0,40,40,346
03/30/2019,OKC,OK,ASW,CE,Combined TRACON& Tower with Radar,105,16,11,34,166,0,5,2,3,10,105,21,13,37,176,0,12,12,188
03/31/2019,OKC,OK,ASW,CE,Combined TRACON& Tower with Radar,141,30,34,40,245,0,9,18,0,27,141,39,52,40,272,0,26,26,298
04/01/2019,OKC,OK,ASW,CE,Combined TRACON& Tower with Radar,140,25,36,61,262,0,8,29,10,47,140,33,65,71,309,0,44,44,353
04/02/2019,OKC,OK,ASW,CE,Combined TRACON& Tower with Radar,146,31,37,117,331,0,10,42,12,64,146,41,79,129,395,0,148,148,543
04/03/2019,OKC,OK,ASW,CE,Combined TRACON& Tower with Radar,148,26,38,72,284,0,4,19,12,35,148,30,57,84,319,0,218,218,537
04/04/2019,OKC,OK,ASW,CE,Combined TRACON& Tower with Radar,157,38,34,58,287,0,6,23,6,35,157,44,57,64,322,0,26,26,348
04/05/2019,OKC,OK,ASW,CE,Combined TRACON& Tower with Radar,156,21,56,55,288,0,12,31,7,50,156,33,87,62,338,0,130,130,468
04/06/2019,OKC,OK,ASW,CE,Combined TRACON& Tower with Radar,127,17,9,19,172,0,2,2,4,8,127,19,11,23,180,0,0,0,180
04/07/2019,OKC,OK,ASW,CE,Combined TRACON& Tower with Radar,155,14,35,13,217,0,0,5,0,5,155,14,40,13,222,0,0,0,222
04/08/2019,OKC,OK,ASW,CE,Combined TRACON& Tower with Radar,149,25,35,87,296,0,5,36,7,48,149,30,71,94,344,4,58,62,406
04/09/2019,OKC,OK,ASW,CE,Combined TRACON& Tower with Radar,152,32,49,82,315,0,9,35,10,54,152,41,84,92,369,0,0,0,369
04/10/2019,OKC,OK,ASW,CE,Combined TRACON& Tower with Radar,139,30,34,94,297,0,4,18,14,36,139,34,52,108,333,0,4,4,337
04/11/2019,OKC,OK,ASW,CE,Combined TRACON& Tower with Radar,149,36,37,33,255,0,11,28,7,46,149,47,65,40,301,0,2,2,303
04/12/2019,OKC,OK,ASW,CE,Combined TRACON& Tower with Radar,147,21,30,75,273,0,10,28,13,51,147,31,58,88,324,14,64,78,402
04/13/2019,OKC,OK,ASW,CE,Combined TRACON& Tower with Radar,128,13,6,3,150,0,1,0,0,1,128,14,6,3,151,0,0,0,151
04/14/2019,OKC,OK,ASW,CE,Combined TRACON& Tower with Radar,129,18,27,16,190,0,6,7,3,16,129,24,34,19,206,0,0,0,206
04/15/2019,OKC,OK,ASW,CE,Combined TRACON& Tower with Radar,144,19,37,65,265,0,5,23,18,46,144,24,60,83,311,8,50,58,369
04/16/2019,OKC,OK,ASW,CE,Combined TRACON& Tower with Radar,143,27,37,85,292,1,5,23,9,38,144,32,60,94,330,0,70,70,400
04/17/2019,OKC,OK,ASW,CE,Combined TRACON& Tower with Radar,131,38,32,69,270,0,3,12,2,17,131,41,44,71,287,0,20,20,307
04/18/2019,OKC,OK,ASW,CE,Combined TRACON& Tower with Radar,153,36,38,55,282,0,10,22,6,38,153,46,60,61,320,0,24,24,344
04/19/2019,OKC,OK,ASW,CE,Combined TRACON& Tower with Radar,156,29,32,74,291,0,10,26,11,47,156,39,58,85,338,0,38,38,376
04/20/2019,OKC,OK,ASW,CE,Combined TRACON& Tower with Radar,118,16,15,12,161,0,4,15,7,26,118,20,30,19,187,0,0,0,187
04/21/2019,OKC,OK,ASW,CE,Combined TRACON& Tower with Radar,139,19,14,14,186,0,9,8,3,20,139,28,22,17,206,0,0,0,206
04/22/2019,OKC,OK,ASW,CE,Combined TRACON& Tower with Radar,143,34,22,81,280,0,8,12,6,26,143,42,34,87,306,0,8,8,314
04/23/2019,OKC,OK,ASW,CE,Combined TRACON& Tower with Radar,147,35,27,10,219,0,0,0,1,1,147,35,27,11,220,0,0,0,220
04/24/2019,OKC,OK,ASW,CE,Combined TRACON& Tower with Radar,142,38,53,56,289,0,2,13,1,16,142,40,66,57,305,8,0,8,313
04/25/2019,OKC,OK,ASW,CE,Combined TRACON& Tower with Radar,152,34,29,33,248,0,13,17,13,43,152,47,46,46,291,0,78,78,369
04/26/2019,OKC,OK,ASW,CE,Combined TRACON& Tower with Radar,152,34,23,68,277,0,14,23,8,45,152,48,46,76,322,6,8,14,336
04/27/2019,OKC,OK,ASW,CE,Combined TRACON& Tower with Radar,119,13,6,13,151,0,11,17,7,35,119,24,23,20,186,10,0,10,196
04/28/2019,OKC,OK,ASW,CE,Combined TRACON& Tower with Radar,138,27,25,27,217,0,15,7,16,38,138,42,32,43,255,0,8,8,263
04/29/2019,OKC,OK,ASW,CE,Combined TRACON& Tower with Radar,152,33,40,77,302,0,0,11,8,19,152,33,51,85,321,0,98,98,419
04/30/2019,OKC,OK,ASW,CE,Combined TRACON& Tower with Radar,141,28,20,5,194,0,1,0,1,2,141,29,20,6,196,0,0,0,196
05/01/2019,OKC,OK,ASW,CE,Combined TRACON& Tower with Radar,148,35,39,36,258,0,2,0,4,6,148,37,39,40,264,0,0,0,264
05/02/2019,OKC,OK,ASW,CE,Combined TRACON& Tower with Radar,158,33,33,51,275,0,1,9,4,14,158,34,42,55,289,2,0,2,291
05/03/2019,OKC,OK,ASW,CE,Combined TRACON& Tower with Radar,144,20,23,1,188,0,0,1,2,3,144,20,24,3,191,0,0,0,191
05/04/2019,OKC,OK,ASW,CE,Combined TRACON& Tower with Radar,118,20,26,51,215,0,1,9,5,15,118,21,35,56,230,0,24,24,254
05/05/2019,OKC,OK,ASW,CE,Combined TRACON& Tower with Radar,151,25,18,20,214,0,11,10,7,28,151,36,28,27,242,0,0,0,242
05/06/2019,OKC,OK,ASW,CE,Combined TRACON& Tower with Radar,149,25,32,84,290,0,6,15,10,31,149,31,47,94,321,0,28,28,349
05/07/2019,OKC,OK,ASW,CE,Combined TRACON& Tower with Radar,156,26,33,137,352,0,3,17,4,24,156,29,50,141,376,8,192,200,576
05/08/2019,OKC,OK,ASW,CE,Combined TRACON& Tower with Radar,145,38,20,88,291,0,10,10,18,38,145,48,30,106,329,0,66,66,395
05/09/2019,OKC,OK,ASW,CE,Combined TRACON& Tower with Radar,161,35,33,65,294,0,1,7,12,20,161,36,40,77,314,0,0,0,314
05/10/2019,OKC,OK,ASW,CE,Combined TRACON& Tower with Radar,158,19,39,74,290,0,2,19,9,30,158,21,58,83,320,0,42,42,362
05/11/2019,OKC,OK,ASW,CE,Combined TRACON& Tower with Radar,119,14,15,23,171,0,3,1,16,20,119,17,16,39,191,0,0,0,191
05/12/2019,OKC,OK,ASW,CE,Combined TRACON& Tower with Radar,153,23,28,10,214,0,13,11,5,29,153,36,39,15,243,12,0,12,255
05/13/2019,OKC,OK,ASW,CE,Combined TRACON& Tower with Radar,153,25,40,47,265,0,12,25,9,46,153,37,65,56,311,6,44,50,361
05/14/2019,OKC,OK,ASW,CE,Combined TRACON& Tower with Radar,162,28,39,77,306,0,13,28,14,55,162,41,67,91,361,0,34,34,395
05/15/2019,OKC,OK,ASW,CE,Combined TRACON& Tower with Radar,153,16,31,43,243,0,11,22,20,53,153,27,53,63,296,8,68,76,372
05/16/2019,OKC,OK,ASW,CE,Combined TRACON& Tower with Radar,161,35,36,88,320,0,9,19,23,51,161,44,55,111,371,0,0,0,371
05/17/2019,OKC,OK,ASW,CE,Combined TRACON& Tower with Radar,153,30,19,64,266,0,15,15,3,33,153,45,34,67,299,0,134,134,433
05/18/2019,OKC,OK,ASW,CE,Combined TRACON& Tower with Radar,117,9,9,15,150,0,6,1,2,9,117,15,10,17,159,0,0,0,159
05/19/2019,OKC,OK,ASW,CE,Combined TRACON& Tower with Radar,145,32,45,16,238,0,8,21,4,33,145,40,66,20,271,0,44,44,315
05/20/2019,OKC,OK,ASW,CE,Combined TRACON& Tower with Radar,128,22,8,1,159,0,3,0,0,3,128,25,8,1,162,0,0,0,162
05/21/2019,OKC,OK,ASW,CE,Combined TRACON& Tower with Radar,147,24,25,20,216,0,6,6,12,24,147,30,31,32,240,0,0,0,240
05/22/2019,OKC,OK,ASW,CE,Combined TRACON& Tower with Radar,152,31,36,41,260,0,5,12,6,23,152,36,48,47,283,0,0,0,283
05/23/2019,OKC,OK,ASW,CE,Combined TRACON& Tower with Radar,166,26,35,100,327,0,0,21,9,30,166,26,56,109,357,0,80,80,437
05/24/2019,OKC,OK,ASW,CE,Combined TRACON& Tower with Radar,148,24,32,7,211,0,1,6,3,10,148,25,38,10,221,0,10,10,231
05/25/2019,OKC,OK,ASW,CE,Combined TRACON& Tower with Radar,126,14,12,6,158,0,4,4,3,11,126,18,16,9,169,0,58,58,227
05/26/2019,OKC,OK,ASW,CE,Combined TRACON& Tower with Radar,142,15,13,0,170,0,6,17,5,28,142,21,30,5,198,0,0,0,198
05/27/2019,OKC,OK,ASW,CE,Combined TRACON& Tower with Radar,128,14,16,0,158,0,4,4,3,11,128,18,20,3,169,0,0,0,169
05/28/2019,OKC,OK,ASW,CE,Combined TRACON& Tower with Radar,157,26,29,80,292,0,6,2,3,11,157,32,31,83,303,0,122,122,425
05/29/2019,OKC,OK,ASW,CE,Combined TRACON& Tower with Radar,154,25,20,53,252,0,2,5,4,11,154,27,25,57,263,0,0,0,263
05/30/2019,OKC,OK,ASW,CE,Combined TRACON& Tower with Radar,165,28,50,117,360,0,6,30,20,56,165,34,80,137,416,0,22,22,438
05/31/2019,OKC,OK,ASW,CE,Combined TRACON& Tower with Radar,148,24,19,92,283,0,7,19,14,40,148,31,38,106,323,0,10,10,333
06/01/2019,OKC,OK,ASW,CE,Combined TRACON& Tower with Radar,141,12,8,8,169,0,3,2,8,13,141,15,10,16,182,0,0,0,182
06/02/2019,OKC,OK,ASW,CE,Combined TRACON& Tower with Radar,164,25,18,9,216,0,6,11,0,17,164,31,29,9,233,0,0,0,233
06/03/2019,OKC,OK,ASW,CE,Combined TRACON& Tower with Radar,156,24,26,121,327,0,5,17,12,34,156,29,43,133,361,16,42,58,419
06/04/2019,OKC,OK,ASW,CE,Combined TRACON& Tower with Radar,163,26,37,75,301,0,7,16,12,35,163,33,53,87,336,0,0,0,336
06/05/2019,OKC,OK,ASW,CE,Combined TRACON& Tower with Radar,151,33,17,54,255,0,6,15,33,54,151,39,32,87,309,0,180,180,489
06/06/2019,OKC,OK,ASW,CE,Combined TRACON& Tower with Radar,156,24,25,46,251,0,1,0,1,2,156,25,25,47,253,0,0,0,253
06/07/2019,OKC,OK,ASW,CE,Combined TRACON& Tower with Radar,141,23,13,116,293,0,5,11,7,23,141,28,24,123,316,0,0,0,316
06/08/2019,OKC,OK,ASW,CE,Combined TRACON& Tower with Radar,118,14,9,26,167,0,4,18,2,24,118,18,27,28,191,16,0,16,207
06/09/2019,OKC,OK,ASW,CE,Combined TRACON& Tower with Radar,161,22,20,12,215,0,4,3,2,9,161,26,23,14,224,0,0,0,224
06/10/2019,OKC,OK,ASW,CE,Combined TRACON& Tower with Radar,140,25,24,58,247,0,8,31,10,49,140,33,55,68,296,0,20,20,316
06/11/2019,OKC,OK,ASW,CE,Combined TRACON& Tower with Radar,156,35,40,120,351,0,12,23,11,46,156,47,63,131,397,0,60,60,457
06/12/2019,OKC,OK,ASW,CE,Combined TRACON& Tower with Radar,151,33,32,61,277,0,3,28,15,46,151,36,60,76,323,0,16,16,339
06/13/2019,OKC,OK,ASW,CE,Combined TRACON& Tower with Radar,152,38,37,104,331,2,10,26,17,55,154,48,63,121,386,8,80,88,474
06/14/2019,OKC,OK,ASW,CE,Combined TRACON& Tower with Radar,146,28,23,88,285,0,12,12,6,30,146,40,35,94,315,0,20,20,335
06/15/2019,OKC,OK,ASW,CE,Combined TRACON& Tower with Radar,124,12,6,13,155,0,9,7,2,18,124,21,13,15,173,0,0,0,173
06/16/2019,OKC,OK,ASW,CE,Combined TRACON& Tower with Radar,154,27,18,19,218,0,2,3,5,10,154,29,21,24,228,0,0,0,228
06/17/2019,OKC,OK,ASW,CE,Combined TRACON& Tower with Radar,146,25,50,104,325,0,8,20,19,47,146,33,70,123,372,32,104,136,508
06/18/2019,OKC,OK,ASW,CE,Combined TRACON& Tower with Radar,161,28,40,62,291,0,6,34,23,63,161,34,74,85,354,16,24,40,394
06/19/2019,OKC,OK,ASW,CE,Combined TRACON& Tower with Radar,149,34,32,65,280,0,4,16,12,32,149,38,48,77,312,0,8,8,320
06/20/2019,OKC,OK,ASW,CE,Combined TRACON& Tower with Radar,159,30,33,72,294,0,13,18,24,55,159,43,51,96,349,0,54,54,403
06/21/2019,OKC,OK,ASW,CE,Combined TRACON& Tower with Radar,147,27,25,49,248,0,3,16,5,24,147,30,41,54,272,0,44,44,316
06/22/2019,OKC,OK,ASW,CE,Combined TRACON& Tower with Radar,126,15,14,4,159,0,2,1,3,6,126,17,15,7,165,0,0,0,165
06/23/2019,OKC,OK,ASW,CE,Combined TRACON& Tower with Radar,148,25,15,4,192,0,9,9,1,19,148,34,24,5,211,0,0,0,211
06/24/2019,OKC,OK,ASW,CE,Combined TRACON& Tower with Radar,147,28,30,97,302,0,10,16,8,34,147,38,46,105,336,14,42,56,392
06/25/2019,OKC,OK,ASW,CE,Combined TRACON& Tower with Radar,164,29,39,93,325,0,9,24,14,47,164,38,63,107,372,0,32,32,404
06/26/2019,OKC,OK,ASW,CE,Combined TRACON& Tower with Radar,156,34,43,79,312,0,12,31,22,65,156,46,74,101,377,26,10,36,413
06/27/2019,OKC,OK,ASW,CE,Combined TRACON& Tower with Radar,159,20,29,49,257,0,4,23,11,38,159,24,52,60,295,14,0,14,309
06/28/2019,OKC,OK,ASW,CE,Combined TRACON& Tower with Radar,146,29,23,97,295,0,5,24,18,47,146,34,47,115,342,0,72,72,414
06/29/2019,OKC,OK,ASW,CE,Combined TRACON& Tower with Radar,130,15,21,52,218,0,3,10,10,23,130,18,31,62,241,0,44,44,285
06/30/2019,OKC,OK,ASW,CE,Combined TRACON& Tower with Radar,145,21,23,45,234,0,6,6,2,14,145,27,29,47,248,0,0,0,248
07/01/2019,OKC,OK,ASW,CE,Combined TRACON& Tower with Radar,142,21,28,55,246,0,2,20,12,34,142,23,48,67,280,0,20,20,300
07/02/2019,OKC,OK,ASW,CE,Combined TRACON& Tower with Radar,152,20,27,88,287,0,5,12,11,28,152,25,39,99,315,0,18,18,333
07/03/2019,OKC,OK,ASW,CE,Combined TRACON& Tower with Radar,147,23,29,28,227,0,0,17,11,28,147,23,46,39,255,0,0,0,255
07/04/2019,OKC,OK,ASW,CE,Combined TRACON& Tower with Radar,110,11,3,0,124,0,0,2,1,3,110,11,5,1,127,0,0,0,127
07/05/2019,OKC,OK,ASW,CE,Combined TRACON& Tower with Radar,126,10,12,2,150,0,7,3,3,13,126,17,15,5,163,0,0,0,163
07/06/2019,OKC,OK,ASW,CE,Combined TRACON& Tower with Radar,128,18,13,0,159,0,5,7,0,12,128,23,20,0,171,0,0,0,171
07/07/2019,OKC,OK,ASW,CE,Combined TRACON& Tower with Radar,158,22,25,4,209,0,7,4,2,13,158,29,29,6,222,0,0,0,222
07/08/2019,OKC,OK,ASW,CE,Combined TRACON& Tower with Radar,154,26,38,107,325,0,4,21,10,35,154,30,59,117,360,0,20,20,380
07/09/2019,OKC,OK,ASW,CE,Combined TRACON& Tower with Radar,159,26,52,68,305,0,5,22,16,43,159,31,74,84,348,0,60,60,408
07/10/2019,OKC,OK,ASW,CE,Combined TRACON& Tower with Radar,178,33,65,83,359,0,8,24,12,44,178,41,89,95,403,0,6,6,409
07/11/2019,OKC,OK,ASW,CE,Combined TRACON& Tower with Radar,156,24,37,73,290,0,6,26,17,49,156,30,63,90,339,0,30,30,369
07/12/2019,OKC,OK,ASW,CE,Combined TRACON& Tower with Radar,145,21,37,131,334,0,18,31,29,78,145,39,68,160,412,0,18,18,430
07/13/2019,OKC,OK,ASW,CE,Combined TRACON& Tower with Radar,126,14,19,50,209,0,17,5,7,29,126,31,24,57,238,0,52,52,290
07/14/2019,OKC,OK,ASW,CE,Combined TRACON& Tower with Radar,164,17,23,7,211,0,2,2,8,12,164,19,25,15,223,0,0,0,223
07/15/2019,OKC,OK,ASW,CE,Combined TRACON& Tower with Radar,142,29,36,118,325,0,15,19,25,59,142,44,55,143,384,26,142,168,552
07/16/2019,OKC,OK,ASW,CE,Combined TRACON& Tower with Radar,159,27,22,83,291,0,4,15,14,33,159,31,37,97,324,0,64,64,388
07/17/2019,OKC,OK,ASW,CE,Combined TRACON& Tower with Radar,150,31,18,122,321,0,10,15,27,52,150,41,33,149,373,16,62,78,451
07/18/2019,OKC,OK,ASW,CE,Combined TRACON& Tower with Radar,157,24,34,89,304,0,13,13,17,43,157,37,47,106,347,0,92,92,439
07/19/2019,OKC,OK,ASW,CE,Combined TRACON& Tower with Radar,139,26,23,85,273,0,9,14,12,35,139,35,37,97,308,4,52,56,364
07/20/2019,OKC,OK,ASW,CE,Combined TRACON& Tower with Radar,128,21,19,16,184,0,11,6,5,22,128,32,25,21,206,0,0,0,206
07/21/2019,OKC,OK,ASW,CE,Combined TRACON& Tower with Radar,165,17,18,37,237,0,4,8,4,16,165,21,26,41,253,0,0,0,253
07/22/2019,OKC,OK,ASW,CE,Combined TRACON& Tower with Radar,158,19,48,76,301,0,5,11,11,27,158,24,59,87,328,0,12,12,340
07/23/2019,OKC,OK,ASW,CE,Combined TRACON& Tower with Radar,157,29,37,104,327,0,5,17,17,39,157,34,54,121,366,8,166,174,540
07/24/2019,OKC,OK,ASW,CE,Combined TRACON& Tower with Radar,150,25,44,81,300,0,9,26,20,55,150,34,70,101,355,0,12,12,367
07/25/2019,OKC,OK,ASW,CE,Combined TRACON& Tower with Radar,157,31,44,86,318,0,9,17,19,45,157,40,61,105,363,0,6,6,369
07/26/2019,OKC,OK,ASW,CE,Combined TRACON& Tower with Radar,149,22,25,95,291,0,5,14,17,36,149,27,39,112,327,0,0,0,327
07/27/2019,OKC,OK,ASW,CE,Combined TRACON& Tower with Radar,127,19,9,20,175,0,13,15,11,39,127,32,24,31,214,0,10,10,224
07/28/2019,OKC,OK,ASW,CE,Combined TRACON& Tower with Radar,160,21,21,39,241,0,9,12,4,25,160,30,33,43,266,0,0,0,266
07/29/2019,OKC,OK,ASW,CE,Combined TRACON& Tower with Radar,143,27,34,78,282,0,10,20,16,46,143,37,54,94,328,20,92,112,440
07/30/2019,OKC,OK,ASW,CE,Combined TRACON& Tower with Radar,159,29,26,86,300,0,7,23,5,35,159,36,49,91,335,0,4,4,339
07/31/2019,OKC,OK,ASW,CE,Combined TRACON& Tower with Radar,154,22,28,111,315,0,10,18,22,50,154,32,46,133,365,10,100,110,475
08/01/2019,OKC,OK,ASW,CE,Combined TRACON& Tower with Radar,170,32,41,163,406,5,10,5,20,40,175,42,46,183,446,0,86,86,532
08/02/2019,OKC,OK,ASW,CE,Combined TRACON& Tower with Radar,144,12,32,96,284,0,6,16,13,35,144,18,48,109,319,0,0,0,319
08/03/2019,OKC,OK,ASW,CE,Combined TRACON& Tower with Radar,132,17,12,9,170,0,4,2,16,22,132,21,14,25,192,0,6,6,198
08/04/2019,OKC,OK,ASW,CE,Combined TRACON& Tower with Radar,158,30,24,28,240,0,5,8,5,18,158,35,32,33,258,12,4,16,274
08/05/2019,OKC,OK,ASW,CE,Combined TRACON& Tower with Radar,150,30,32,94,306,0,4,10,13,27,150,34,42,107,333,0,116,116,449
08/06/2019,OKC,OK,ASW,CE,Combined TRACON& Tower with Radar,167,25,29,132,353,0,6,16,18,40,167,31,45,150,393,0,6,6,399
08/07/2019,OKC,OK,ASW,CE,Combined TRACON& Tower with Radar,152,25,34,81,292,1,5,16,11,33,153,30,50,92,325,0,34,34,359
08/08/2019,OKC,OK,ASW,CE,Combined TRACON& Tower with Radar,160,28,28,18,234,0,4,14,7,25,160,32,42,25,259,0,12,12,271
08/09/2019,OKC,OK,ASW,CE,Combined TRACON& Tower with Radar,153,28,18,33,232,0,5,4,4,13,153,33,22,37,245,0,6,6,251
08/10/2019,OKC,OK,ASW,CE,Combined TRACON& Tower with Radar,121,24,12,7,164,0,17,8,8,33,121,41,20,15,197,4,4,8,205
08/11/2019,OKC,OK,ASW,CE,Combined TRACON& Tower with Radar,151,26,27,65,269,0,6,13,5,24,151,32,40,70,293,0,24,24,317
08/12/2019,OKC,OK,ASW,CE,Combined TRACON& Tower with Radar,150,24,22,86,282,0,10,13,19,42,150,34,35,105,324,0,74,74,398
08/13/2019,OKC,OK,ASW,CE,Combined TRACON& Tower with Radar,155,41,22,46,264,0,12,18,7,37,155,53,40,53,301,0,4,4,305
08/14/2019,OKC,OK,ASW,CE,Combined TRACON& Tower with Radar,154,39,33,27,253,0,11,17,17,45,154,50,50,44,298,0,0,0,298
08/15/2019,OKC,OK,ASW,CE,Combined TRACON& Tower with Radar,164,36,30,62,292,0,6,14,19,39,164,42,44,81,331,0,86,86,417
08/16/2019,OKC,OK,ASW,CE,Combined TRACON& Tower with Radar,151,28,26,106,311,0,6,18,8,32,151,34,44,114,343,0,48,48,391
08/17/2019,OKC,OK,ASW,CE,Combined TRACON& Tower with Radar,115,24,19,7,165,1,1,5,9,16,116,25,24,16,181,0,30,30,211
08/18/2019,OKC,OK,ASW,CE,Combined TRACON& Tower with Radar,147,23,12,10,192,0,3,6,3,12,147,26,18,13,204,0,0,0,204
08/19/2019,OKC,OK,ASW,CE,Combined TRACON& Tower with Radar,146,21,34,78,279,0,6,28,11,45,146,27,62,89,324,0,0,0,324
08/20/2019,OKC,OK,ASW,CE,Combined TRACON& Tower with Radar,150,16,43,141,350,0,9,22,20,51,150,25,65,161,401,0,0,0,401
08/21/2019,OKC,OK,ASW,CE,Combined TRACON& Tower with Radar,146,31,41,123,341,0,8,18,25,51,146,39,59,148,392,0,66,66,458
08/22/2019,OKC,OK,ASW,CE,Combined TRACON& Tower with Radar,152,39,43,43,277,0,1,21,12,34,152,40,64,55,311,0,0,0,311
08/23/2019,OKC,OK,ASW,CE,Combined TRACON& Tower with Radar,146,32,28,60,266,0,3,11,3,17,146,35,39,63,283,0,0,0,283
08/24/2019,OKC,OK,ASW,CE,Combined TRACON& Tower with Radar,124,24,16,5,169,0,6,2,2,10,124,30,18,7,179,0,0,0,179
08/25/2019,OKC,OK,ASW,CE,Combined TRACON& Tower with Radar,144,28,15,31,218,0,2,9,5,16,144,30,24,36,234,0,0,0,234
08/26/2019,OKC,OK,ASW,CE,Combined TRACON& Tower with Radar,125,22,22,96,265,0,11,14,4,29,125,33,36,100,294,0,46,46,340
08/27/2019,OKC,OK,ASW,CE,Combined TRACON& Tower with Radar,163,41,69,48,321,0,3,15,17,35,163,44,84,65,356,16,16,32,388
08/28/2019,OKC,OK,ASW,CE,Combined TRACON& Tower with Radar,152,29,52,103,336,0,8,20,17,45,152,37,72,120,381,0,24,24,405
08/29/2019,OKC,OK,ASW,CE,Combined TRACON& Tower with Radar,164,26,39,31,260,0,6,21,19,46,164,32,60,50,306,0,0,0,306
08/30/2019,OKC,OK,ASW,CE,Combined TRACON& Tower with Radar,187,24,27,2,240,0,13,15,1,29,187,37,42,3,269,0,0,0,269
08/31/2019,OKC,OK,ASW,CE,Combined TRACON& Tower with Radar,103,15,16,0,134,0,2,0,4,6,103,17,16,4,140,0,0,0,140
09/01/2019,OKC,OK,ASW,CE,Combined TRACON& Tower with Radar,113,17,6,2,138,0,6,7,3,16,113,23,13,5,154,0,0,0,154
09/02/2019,OKC,OK,ASW,CE,Combined TRACON& Tower with Radar,127,20,21,14,182,0,5,10,7,22,127,25,31,21,204,0,8,8,212
09/03/2019,OKC,OK,ASW,CE,Combined TRACON& Tower with Radar,145,22,10,41,218,0,11,26,11,48,145,33,36,52,266,4,30,34,300
09/04/2019,OKC,OK,ASW,CE,Combined TRACON& Tower with Radar,148,23,30,83,284,0,4,22,8,34,148,27,52,91,318,0,30,30,348
09/05/2019,OKC,OK,ASW,CE,Combined TRACON& Tower with Radar,153,33,26,50,262,0,17,23,18,58,153,50,49,68,320,10,4,14,334
09/06/2019,OKC,OK,ASW,CE,Combined TRACON& Tower with Radar,144,20,22,105,291,0,12,13,12,37,144,32,35,117,328,2,0,2,330
09/07/2019,OKC,OK,ASW,CE,Combined TRACON& Tower with Radar,121,16,16,56,209,0,7,7,28,42,121,23,23,84,251,4,0,4,255
09/08/2019,OKC,OK,ASW,CE,Combined TRACON& Tower with Radar,146,19,17,25,207,0,7,10,9,26,146,26,27,34,233,14,8,22,255
09/09/2019,OKC,OK,ASW,CE,Combined TRACON& Tower with Radar,148,21,33,91,293,1,13,18,28,60,149,34,51,119,353,0,30,30,383
09/10/2019,OKC,OK,ASW,CE,Combined TRACON& Tower with Radar,146,28,21,144,339,0,22,14,28,64,146,50,35,172,403,34,86,120,523
09/11/2019,OKC,OK,ASW,CE,Combined TRACON& Tower with Radar,154,34,44,46,278,0,7,21,20,48,154,41,65,66,326,0,26,26,352
09/12/2019,OKC,OK,ASW,CE,Combined TRACON& Tower with Radar,154,32,42,29,257,0,9,12,6,27,154,41,54,35,284,0,0,0,284
09/13/2019,OKC,OK,ASW,CE,Combined TRACON& Tower with Radar,155,22,28,52,257,0,7,10,18,35,155,29,38,70,292,0,20,20,312
09/14/2019,OKC,OK,ASW,CE,Combined TRACON& Tower with Radar,116,33,20,7,176,0,10,4,13,27,116,43,24,20,203,0,0,0,203
09/15/2019,OKC,OK,ASW,CE,Combined TRACON& Tower with Radar,146,31,32,47,256,0,4,15,11,30,146,35,47,58,286,0,0,0,286
09/16/2019,OKC,OK,ASW,CE,Combined TRACON& Tower with Radar,153,24,22,71,270,0,12,13,18,43,153,36,35,89,313,0,32,32,345
09/17/2019,OKC,OK,ASW,CE,Combined TRACON& Tower with Radar,149,24,42,81,296,0,7,34,9,50,149,31,76,90,346,0,2,2,348
09/18/2019,OKC,OK,ASW,CE,Combined TRACON& Tower with Radar,148,22,42,84,296,0,5,21,12,38,148,27,63,96,334,0,14,14,348
09/19/2019,OKC,OK,ASW,CE,Combined TRACON& Tower with Radar,146,29,38,127,340,0,3,17,13,33,146,32,55,140,373,0,0,0,373
09/20/2019,OKC,OK,ASW,CE,Combined TRACON& Tower with Radar,148,27,40,61,276,0,0,8,1,9,148,27,48,62,285,0,0,0,285
09/21/2019,OKC,OK,ASW,CE,Combined TRACON& Tower with Radar,110,14,12,45,181,0,5,3,2,10,110,19,15,47,191,0,4,4,195
09/22/2019,OKC,OK,ASW,CE,Combined TRACON& Tower with Radar,143,19,20,9,191,0,2,1,2,5,143,21,21,11,196,0,0,0,196
09/23/2019,OKC,OK,ASW,CE,Combined TRACON& Tower with Radar,160,24,46,46,276,0,3,10,2,15,160,27,56,48,291,4,8,12,303
09/24/2019,OKC,OK,ASW,CE,Combined TRACON& Tower with Radar,155,25,32,91,303,0,5,17,9,31,155,30,49,100,334,4,36,40,374
09/25/2019,OKC,OK,ASW,CE,Combined TRACON& Tower with Radar,150,30,40,96,316,0,20,20,14,54,150,50,60,110,370,0,34,34,404
09/26/2019,OKC,OK,ASW,CE,Combined TRACON& Tower with Radar,161,27,38,66,292,0,8,27,10,45,161,35,65,76,337,6,0,6,343
09/27/2019,OKC,OK,ASW,CE,Combined TRACON& Tower with Radar,149,29,22,77,277,0,10,14,17,41,149,39,36,94,318,0,78,78,396
09/28/2019,OKC,OK,ASW,CE,Combined TRACON& Tower with Radar,113,29,21,22,185,0,12,10,11,33,113,41,31,33,218,0,0,0,218
09/29/2019,OKC,OK,ASW,CE,Combined TRACON& Tower with Radar,144,22,10,15,191,0,6,7,0,13,144,28,17,15,204,0,0,0,204
09/30/2019,OKC,OK,ASW,CE,Combined TRACON& Tower with Radar,148,35,41,60,284,0,2,19,7,28,148,37,60,67,312,8,126,134,446
10/01/2019,OKC,OK,ASW,CE,Combined TRACON& Tower with Radar,153,31,25,55,264,0,18,14,20,52,153,49,39,75,316,0,42,42,358
10/02/2019,OKC,OK,ASW,CE,Combined TRACON& Tower with Radar,156,24,33,86,299,0,13,16,12,41,156,37,49,98,340,0,36,36,376
10/03/2019,OKC,OK,ASW,CE,Combined TRACON& Tower with Radar,161,45,24,103,333,0,0,3,11,14,161,45,27,114,347,0,0,0,347
10/04/2019,OKC,OK,ASW,CE,Combined TRACON& Tower with Radar,152,33,32,112,329,0,8,19,6,33,152,41,51,118,362,0,0,0,362
10/05/2019,OKC,OK,ASW,CE,Combined TRACON& Tower with Radar,116,14,9,13,152,0,5,2,7,14,116,19,11,20,166,0,0,0,166
10/06/2019,OKC,OK,ASW,CE,Combined TRACON& Tower with Radar,161,18,32,15,226,0,0,4,3,7,161,18,36,18,233,0,0,0,233
10/07/2019,OKC,OK,ASW,CE,Combined TRACON& Tower with Radar,151,26,41,62,280,0,10,11,14,35,151,36,52,76,315,0,0,0,315
10/08/2019,OKC,OK,ASW,CE,Combined TRACON& Tower with Radar,154,38,34,118,344,0,13,21,24,58,154,51,55,142,402,0,62,62,464
10/09/2019,OKC,OK,ASW,CE,Combined TRACON& Tower with Radar,152,36,37,114,339,0,7,18,23,48,152,43,55,137,387,0,0,0,387
10/10/2019,OKC,OK,ASW,CE,Combined TRACON& Tower with Radar,172,33,30,58,293,0,4,20,7,31,172,37,50,65,324,0,0,0,324
10/11/2019,OKC,OK,ASW,CE,Combined TRACON& Tower with Radar,166,29,30,116,341,0,11,10,14,35,166,40,40,130,376,0,156,156,532
10/12/2019,OKC,OK,ASW,CE,Combined TRACON& Tower with Radar,121,12,12,12,157,0,7,2,10,19,121,19,14,22,176,0,0,0,176
10/13/2019,OKC,OK,ASW,CE,Combined TRACON& Tower with Radar,145,20,17,1,183,0,5,9,14,28,145,25,26,15,211,0,0,0,211
10/14/2019,OKC,OK,ASW,CE,Combined TRACON& Tower with Radar,146,25,21,2,194,0,8,12,8,28,146,33,33,10,222,0,0,0,222
10/15/2019,OKC,OK,ASW,CE,Combined TRACON& Tower with Radar,150,38,51,62,301,0,8,24,14,46,150,46,75,76,347,0,0,0,347
10/16/2019,OKC,OK,ASW,CE,Combined TRACON& Tower with Radar,152,32,42,60,286,0,6,22,17,45,152,38,64,77,331,0,16,16,347
10/17/2019,OKC,OK,ASW,CE,Combined TRACON& Tower with Radar,155,29,47,58,289,0,10,19,15,44,155,39,66,73,333,0,22,22,355
10/18/2019,OKC,OK,ASW,CE,Combined TRACON& Tower with Radar,160,31,28,55,274,0,14,12,45,71,160,45,40,100,345,0,36,36,381
10/19/2019,OKC,OK,ASW,CE,Combined TRACON& Tower with Radar,117,18,18,23,176,0,2,12,16,30,117,20,30,39,206,0,0,0,206
10/20/2019,OKC,OK,ASW,CE,Combined TRACON& Tower with Radar,143,19,31,42,235,0,5,8,2,15,143,24,39,44,250,0,0,0,250
10/21/2019,OKC,OK,ASW,CE,Combined TRACON& Tower with Radar,176,17,35,81,309,0,12,32,17,61,176,29,67,98,370,0,76,76,446
10/22/2019,OKC,OK,ASW,CE,Combined TRACON& Tower with Radar,150,31,55,87,323,0,10,20,31,61,150,41,75,118,384,0,6,6,390
10/23/2019,OKC,OK,ASW,CE,Combined TRACON& Tower with Radar,149,23,41,107,320,0,11,23,20,54,149,34,64,127,374,0,38,38,412
10/24/2019,OKC,OK,ASW,CE,Combined TRACON& Tower with Radar,157,23,29,6,215,0,0,0,0,0,157,23,29,6,215,0,0,0,215
10/25/2019,OKC,OK,ASW,CE,Combined TRACON& Tower with Radar,152,26,38,10,226,0,0,1,0,1,152,26,39,10,227,0,0,0,227
10/26/2019,OKC,OK,ASW,CE,Combined TRACON& Tower with Radar,119,20,34,11,184,0,4,15,2,21,119,24,49,13,205,0,0,0,205
10/27/2019,OKC,OK,ASW,CE,Combined TRACON& Tower with Radar,143,29,17,24,213,0,4,16,5,25,143,33,33,29,238,0,0,0,238
10/28/2019,OKC,OK,ASW,CE,Combined TRACON& Tower with Radar,133,26,29,97,285,0,2,13,1,16,133,28,42,98,301,0,50,50,351
10/29/2019,OKC,OK,ASW,CE,Combined TRACON& Tower with Radar,151,20,30,60,261,0,2,4,0,6,151,22,34,60,267,0,0,0,267
10/30/2019,OKC,OK,ASW,CE,Combined TRACON& Tower with Radar,140,21,26,2,189,0,0,3,3,6,140,21,29,5,195,0,0,0,195
10/31/2019,OKC,OK,ASW,CE,Combined TRACON& Tower with Radar,132,29,48,122,331,0,5,23,18,46,132,34,71,140,377,0,0,0,377
11/01/2019,OKC,OK,ASW,CE,Combined TRACON& Tower with Radar,152,32,35,96,315,0,11,24,8,43,152,43,59,104,358,0,0,0,358
11/02/2019,OKC,OK,ASW,CE,Combined TRACON& Tower with Radar,114,16,25,21,176,0,6,27,17,50,114,22,52,38,226,0,8,8,234
11/03/2019,OKC,OK,ASW,CE,Combined TRACON& Tower with Radar,153,21,24,23,221,0,6,5,3,14,153,27,29,26,235,0,0,0,235
11/04/2019,OKC,OK,ASW,CE,Combined TRACON& Tower with Radar,148,35,28,68,279,0,5,25,10,40,148,40,53,78,319,0,0,0,319
11/05/2019,OKC,OK,ASW,CE,Combined TRACON& Tower with Radar,148,29,31,88,296,0,3,17,8,28,148,32,48,96,324,0,40,40,364
11/06/2019,OKC,OK,ASW,CE,Combined TRACON& Tower with Radar,149,32,25,58,264,0,0,0,14,14,149,32,25,72,278,0,0,0,278
11/07/2019,OKC,OK,ASW,CE,Combined TRACON& Tower with Radar,162,36,43,13,254,1,0,10,6,17,163,36,53,19,271,0,0,0,271
11/08/2019,OKC,OK,ASW,CE,Combined TRACON& Tower with Radar,154,21,43,80,298,0,6,29,6,41,154,27,72,86,339,0,0,0,339
11/09/2019,OKC,OK,ASW,CE,Combined TRACON& Tower with Radar,110,23,21,0,154,0,10,11,8,29,110,33,32,8,183,0,0,0,183
11/10/2019,OKC,OK,ASW,CE,Combined TRACON& Tower with Radar,148,20,32,7,207,0,2,10,6,18,148,22,42,13,225,0,0,0,225
11/11/2019,OKC,OK,ASW,CE,Combined TRACON& Tower with Radar,138,26,10,0,174,0,2,0,0,2,138,28,10,0,176,0,0,0,176
11/12/2019,OKC,OK,ASW,CE,Combined TRACON& Tower with Radar,156,27,45,60,288,0,14,27,12,53,156,41,72,72,341,0,0,0,341
11/13/2019,OKC,OK,ASW,CE,Combined TRACON& Tower with Radar,162,30,47,38,277,0,4,26,27,57,162,34,73,65,334,0,56,56,390
11/14/2019,OKC,OK,ASW,CE,Combined TRACON& Tower with Radar,157,32,52,97,338,0,10,25,11,46,157,42,77,108,384,0,66,66,450
11/15/2019,OKC,OK,ASW,CE,Combined TRACON& Tower with Radar,166,30,38,50,284,0,3,19,12,34,166,33,57,62,318,0,0,0,318
11/16/2019,OKC,OK,ASW,CE,Combined TRACON& Tower with Radar,108,23,15,20,166,0,5,18,8,31,108,28,33,28,197,0,0,0,197
11/17/2019,OKC,OK,ASW,CE,Combined TRACON& Tower with Radar,158,27,26,35,246,0,1,10,5,16,158,28,36,40,262,0,0,0,262
11/18/2019,OKC,OK,ASW,CE,Combined TRACON& Tower with Radar,152,28,27,72,279,0,5,24,12,41,152,33,51,84,320,0,54,54,374
11/19/2019,OKC,OK,ASW,CE,Combined TRACON& Tower with Radar,151,24,35,99,309,0,7,26,20,53,151,31,61,119,362,0,22,22,384
11/20/2019,OKC,OK,ASW,CE,Combined TRACON& Tower with Radar,149,26,37,45,257,0,0,8,3,11,149,26,45,48,268,0,0,0,268
11/21/2019,OKC,OK,ASW,CE,Combined TRACON& Tower with Radar,165,30,50,54,299,0,2,7,2,11,165,32,57,56,310,0,0,0,310
11/22/2019,OKC,OK,ASW,CE,Combined TRACON& Tower with Radar,154,37,39,20,250,0,0,2,3,5,154,37,41,23,255,0,0,0,255
11/23/2019,OKC,OK,ASW,CE,Combined TRACON& Tower with Radar,122,26,23,3,174,1,5,8,3,17,123,31,31,6,191,0,0,0,191
11/24/2019,OKC,OK,ASW,CE,Combined TRACON& Tower with Radar,150,20,16,3,189,0,8,16,5,29,150,28,32,8,218,0,0,0,218
11/25/2019,OKC,OK,ASW,CE,Combined TRACON& Tower with Radar,141,25,30,43,239,0,4,23,16,43,141,29,53,59,282,0,0,0,282
11/26/2019,OKC,OK,ASW,CE,Combined TRACON& Tower with Radar,147,26,37,12,222,0,15,21,15,51,147,41,58,27,273,0,0,0,273
11/27/2019,OKC,OK,ASW,CE,Combined TRACON& Tower with Radar,155,20,20,74,269,0,10,10,13,33,155,30,30,87,302,0,12,12,314
11/28/2019,OKC,OK,ASW,CE,Combined TRACON& Tower with Radar,86,14,2,0,102,0,0,0,0,0,86,14,2,0,102,0,0,0,102
11/29/2019,OKC,OK,ASW,CE,Combined TRACON& Tower with Radar,111,13,4,0,128,0,0,0,0,0,111,13,4,0,128,0,0,0,128
11/30/2019,OKC,OK,ASW,CE,Combined TRACON& Tower with Radar,137,19,12,0,168,0,6,3,3,12,137,25,15,3,180,0,0,0,180
12/01/2019,OKC,OK,ASW,CE,Combined TRACON& Tower with Radar,157,28,28,4,217,0,1,8,4,13,157,29,36,8,230,0,0,0,230
12/02/2019,OKC,OK,ASW,CE,Combined TRACON& Tower with Radar,160,21,41,60,282,0,6,21,12,39,160,27,62,72,321,2,92,94,415
12/03/2019,OKC,OK,ASW,CE,Combined TRACON& Tower with Radar,158,36,48,101,343,0,11,34,20,65,158,47,82,121,408,0,42,42,450
12/04/2019,OKC,OK,ASW,CE,Combined TRACON& Tower with Radar,158,38,39,100,335,0,11,26,25,62,158,49,65,125,397,0,78,78,475
12/05/2019,OKC,OK,ASW,CE,Combined TRACON& Tower with Radar,172,44,34,109,359,0,8,27,28,63,172,52,61,137,422,0,118,118,540
12/06/2019,OKC,OK,ASW,CE,Combined TRACON& Tower with Radar,157,50,37,90,334,0,12,27,9,48,157,62,64,99,382,0,12,12,394
12/07/2019,OKC,OK,ASW,CE,Combined TRACON& Tower with Radar,111,16,24,40,191,0,7,4,25,36,111,23,28,65,227,0,0,0,227
12/08/2019,OKC,OK,ASW,CE,Combined TRACON& Tower with Radar,155,22,29,12,218,0,5,20,6,31,155,27,49,18,249,10,0,10,259
12/09/2019,OKC,OK,ASW,CE,Combined TRACON& Tower with Radar,144,31,42,62,279,0,8,17,11,36,144,39,59,73,315,14,42,56,371
12/10/2019,OKC,OK,ASW,CE,Combined TRACON& Tower with Radar,147,44,64,95,350,0,11,27,19,57,147,55,91,114,407,2,28,30,437
12/11/2019,OKC,OK,ASW,CE,Combined TRACON& Tower with Radar,151,39,52,75,317,0,12,24,20,56,151,51,76,95,373,0,100,100,473
12/12/2019,OKC,OK,ASW,CE,Combined TRACON& Tower with Radar,158,21,40,75,294,0,3,29,11,43,158,24,69,86,337,0,210,210,547
12/13/2019,OKC,OK,ASW,CE,Combined TRACON& Tower with Radar,151,23,35,24,233,0,6,37,6,49,151,29,72,30,282,8,0,8,290
12/14/2019,OKC,OK,ASW,CE,Combined TRACON& Tower with Radar,106,26,16,30,178,0,6,8,4,18,106,32,24,34,196,0,0,0,196
12/15/2019,OKC,OK,ASW,CE,Combined TRACON& Tower with Radar,153,15,13,10,191,0,0,0,0,0,153,15,13,10,191,0,0,0,191
12/16/2019,OKC,OK,ASW,CE,Combined TRACON& Tower with Radar,143,22,22,5,192,0,0,5,0,5,143,22,27,5,197,0,0,0,197
12/17/2019,OKC,OK,ASW,CE,Combined TRACON& Tower with Radar,143,35,35,55,268,0,8,54,13,75,143,43,89,68,343,4,16,20,363
12/18/2019,OKC,OK,ASW,CE,Combined TRACON& Tower with Radar,151,33,49,56,289,0,20,27,16,63,151,53,76,72,352,0,70,70,422
12/19/2019,OKC,OK,ASW,CE,Combined TRACON& Tower with Radar,178,15,38,47,278,0,5,23,12,40,178,20,61,59,318,0,108,108,426
12/20/2019,OKC,OK,ASW,CE,Combined TRACON& Tower with Radar,154,13,25,86,278,0,5,5,5,15,154,18,30,91,293,0,48,48,341
12/21/2019,OKC,OK,ASW,CE,Combined TRACON& Tower with Radar,127,11,27,0,165,0,0,0,0,0,127,11,27,0,165,0,0,0,165
12/22/2019,OKC,OK,ASW,CE,Combined TRACON& Tower with Radar,155,15,13,2,185,0,0,8,0,8,155,15,21,2,193,0,0,0,193
12/23/2019,OKC,OK,ASW,CE,Combined TRACON& Tower with Radar,158,18,17,8,201,0,8,16,11,35,158,26,33,19,236,0,8,8,244
12/24/2019,OKC,OK,ASW,CE,Combined TRACON& Tower with Radar,125,12,0,0,137,0,12,5,4,21,125,24,5,4,158,0,0,0,158
12/25/2019,OKC,OK,ASW,CE,Combined TRACON& Tower with Radar,115,10,4,0,129,0,11,5,8,24,115,21,9,8,153,0,0,0,153
12/26/2019,OKC,OK,ASW,CE,Combined TRACON& Tower with Radar,165,16,17,0,198,0,5,7,3,15,165,21,24,3,213,0,0,0,213
12/27/2019,OKC,OK,ASW,CE,Combined TRACON& Tower with Radar,157,16,21,1,195,0,1,1,0,2,157,17,22,1,197,0,0,0,197
12/28/2019,OKC,OK,ASW,CE,Combined TRACON& Tower with Radar,134,16,11,0,161,0,0,1,0,1,134,16,12,0,162,0,0,0,162
12/29/2019,OKC,OK,ASW,CE,Combined TRACON& Tower with Radar,158,24,23,0,205,0,10,11,6,27,158,34,34,6,232,0,0,0,232
12/30/2019,OKC,OK,ASW,CE,Combined TRACON& Tower with Radar,148,22,21,4,195,0,5,22,6,33,148,27,43,10,228,0,0,0,228
12/31/2019,OKC,OK,ASW,CE,Combined TRACON& Tower with Radar,132,10,9,0,151,0,12,22,4,38,132,22,31,4,189,0,6,6,195
01/01/2020,OKC,OK,ASW,CE,Combined TRACON& Tower with Radar,122,11,9,0,142,0,5,4,0,9,122,16,13,0,151,0,0,0,151
01/02/2020,OKC,OK,ASW,CE,Combined TRACON& Tower with Radar,155,18,34,0,207,0,2,11,1,14,155,20,45,1,221,0,0,0,221
01/03/2020,OKC,OK,ASW,CE,Combined TRACON& Tower with Radar,151,18,21,35,225,0,7,8,11,26,151,25,29,46,251,6,80,86,337
01/04/2020,OKC,OK,ASW,CE,Combined TRACON& Tower with Radar,123,27,29,7,186,0,5,10,2,17,123,32,39,9,203,0,0,0,203
01/05/2020,OKC,OK,ASW,CE,Combined TRACON& Tower with Radar,154,9,23,3,189,0,7,11,5,23,154,16,34,8,212,0,0,0,212
01/06/2020,OKC,OK,ASW,CE,Combined TRACON& Tower with Radar,141,10,21,56,228,0,6,32,21,59,141,16,53,77,287,16,104,120,407
01/07/2020,OKC,OK,ASW,CE,Combined TRACON& Tower with Radar,151,14,21,71,257,0,12,26,16,54,151,26,47,87,311,0,32,32,343
01/08/2020,OKC,OK,ASW,CE,Combined TRACON& Tower with Radar,148,22,35,78,283,0,11,19,14,44,148,33,54,92,327,0,146,146,473
01/09/2020,OKC,OK,ASW,CE,Combined TRACON& Tower with Radar,151,28,30,82,291,0,7,8,7,22,151,35,38,89,313,0,20,20,333
01/10/2020,OKC,OK,ASW,CE,Combined TRACON& Tower with Radar,143,21,22,16,202,0,1,0,0,1,143,22,22,16,203,0,0,0,203
01/11/2020,OKC,OK,ASW,CE,Combined TRACON& Tower with Radar,91,16,6,0,113,0,3,4,4,11,91,19,10,4,124,0,0,0,124
01/12/2020,OKC,OK,ASW,CE,Combined TRACON& Tower with Radar,142,19,17,10,188,0,4,13,6,23,142,23,30,16,211,0,14,14,225
01/13/2020,OKC,OK,ASW,CE,Combined TRACON& Tower with Radar,138,16,34,24,212,0,0,0,1,1,138,16,34,25,213,0,0,0,213
01/14/2020,OKC,OK,ASW,CE,Combined TRACON& Tower with Radar,137,33,41,74,285,0,3,16,8,27,137,36,57,82,312,4,2,6,318
01/15/2020,OKC,OK,ASW,CE,Combined TRACON& Tower with Radar,148,37,51,129,365,0,5,24,9,38,148,42,75,138,403,0,84,84,487
01/16/2020,OKC,OK,ASW,CE,Combined TRACON& Tower with Radar,152,28,31,3,214,0,4,16,3,23,152,32,47,6,237,0,36,36,273
01/17/2020,OKC,OK,ASW,CE,Combined TRACON& Tower with Radar,142,30,19,34,225,0,0,0,0,0,142,30,19,34,225,0,0,0,225
01/18/2020,OKC,OK,ASW,CE,Combined TRACON& Tower with Radar,95,26,10,2,133,0,10,11,4,25,95,36,21,6,158,0,0,0,158
01/19/2020,OKC,OK,ASW,CE,Combined TRACON& Tower with Radar,133,19,38,0,190,0,4,17,2,23,133,23,55,2,213,8,0,8,221
01/20/2020,OKC,OK,ASW,CE,Combined TRACON& Tower with Radar,130,25,37,18,210,0,3,18,22,43,130,28,55,40,253,0,52,52,305
01/21/2020,OKC,OK,ASW,CE,Combined TRACON& Tower with Radar,138,32,49,83,302,0,7,35,9,51,138,39,84,92,353,0,120,120,473
01/22/2020,OKC,OK,ASW,CE,Combined TRACON& Tower with Radar,143,26,27,8,204,0,0,0,0,0,143,26,27,8,204,0,0,0,204
01/23/2020,OKC,OK,ASW,CE,Combined TRACON& Tower with Radar,150,29,41,169,389,0,0,20,20,40,150,29,61,189,429,0,124,124,553
01/24/2020,OKC,OK,ASW,CE,Combined TRACON& Tower with Radar,146,25,49,172,392,0,7,41,6,54,146,32,90,178,446,0,194,194,640
01/25/2020,OKC,OK,ASW,CE,Combined TRACON& Tower with Radar,91,20,19,15,145,0,10,16,6,32,91,30,35,21,177,0,0,0,177
01/26/2020,OKC,OK,ASW,CE,Combined TRACON& Tower with Radar,135,14,29,30,208,0,11,18,3,32,135,25,47,33,240,48,0,48,288
01/27/2020,OKC,OK,ASW,CE,Combined TRACON& Tower with Radar,156,16,36,98,306,0,8,22,69,99,156,24,58,167,405,4,138,142,547
01/28/2020,OKC,OK,ASW,CE,Combined TRACON& Tower with Radar,136,25,29,1,191,0,1,0,0,1,136,26,29,1,192,0,0,0,192
01/29/2020,OKC,OK,ASW,CE,Combined TRACON& Tower with Radar,138,29,35,86,288,0,0,9,2,11,138,29,44,88,299,0,10,10,309
01/30/2020,OKC,OK,ASW,CE,Combined TRACON& Tower with Radar,146,29,41,161,377,0,3,15,4,22,146,32,56,165,399,12,106,118,517
01/31/2020,OKC,OK,ASW,CE,Combined TRACON& Tower with Radar,154,25,41,127,347,0,5,30,12,47,154,30,71,139,394,8,94,102,496
02/01/2020,OKC,OK,ASW,CE,Combined TRACON& Tower with Radar,97,22,22,40,181,0,6,15,12,33,97,28,37,52,214,0,0,0,214
02/02/2020,OKC,OK,ASW,CE,Combined TRACON& Tower with Radar,129,15,21,24,189,0,15,12,3,30,129,30,33,27,219,0,0,0,219
02/03/2020,OKC,OK,ASW,CE,Combined TRACON& Tower with Radar,135,28,30,93,286,0,6,35,9,50,135,34,65,102,336,6,44,50,386
02/04/2020,OKC,OK,ASW,CE,Combined TRACON& Tower with Radar,137,25,38,7,207,0,1,0,0,1,137,26,38,7,208,0,0,0,208
02/05/2020,OKC,OK,ASW,CE,Combined TRACON& Tower with Radar,123,14,14,5,156,0,1,0,0,1,123,15,14,5,157,0,0,0,157
02/06/2020,OKC,OK,ASW,CE,Combined TRACON& Tower with Radar,141,47,33,42,263,0,11,28,24,63,141,58,61,66,326,0,24,24,350
02/07/2020,OKC,OK,ASW,CE,Combined TRACON& Tower with Radar,147,22,37,90,296,1,9,36,8,54,148,31,73,98,350,26,70,96,446
02/08/2020,OKC,OK,ASW,CE,Combined TRACON& Tower with Radar,95,19,34,28,176,0,9,10,11,30,95,28,44,39,206,0,28,28,234
02/09/2020,OKC,OK,ASW,CE,Combined TRACON& Tower with Radar,130,18,23,32,203,0,3,6,3,12,130,21,29,35,215,10,34,44,259
02/10/2020,OKC,OK,ASW,CE,Combined TRACON& Tower with Radar,140,19,27,91,277,0,3,11,5,19,140,22,38,96,296,0,80,80,376
02/11/2020,OKC,OK,ASW,CE,Combined TRACON& Tower with Radar,149,26,32,134,341,0,4,27,2,33,149,30,59,136,374,0,30,30,404
02/12/2020,OKC,OK,ASW,CE,Combined TRACON& Tower with Radar,144,24,19,50,237,0,0,0,3,3,144,24,19,53,240,0,0,0,240
02/13/2020,OKC,OK,ASW,CE,Combined TRACON& Tower with Radar,156,22,36,121,335,0,3,22,11,36,156,25,58,132,371,0,130,130,501
02/14/2020,OKC,OK,ASW,CE,Combined TRACON& Tower with Radar,149,23,29,65,266,0,12,17,9,38,149,35,46,74,304,18,66,84,388
02/15/2020,OKC,OK,ASW,CE,Combined TRACON& Tower with Radar,100,9,10,1,120,0,14,14,7,35,100,23,24,8,155,0,0,0,155
02/16/2020,OKC,OK,ASW,CE,Combined TRACON& Tower with Radar,122,14,21,0,157,0,1,3,0,4,122,15,24,0,161,12,20,32,193
02/17/2020,OKC,OK,ASW,CE,Combined TRACON& Tower with Radar,132,26,30,36,224,0,2,5,0,7,132,28,35,36,231,30,36,66,297
02/18/2020,OKC,OK,ASW,CE,Combined TRACON& Tower with Radar,140,43,51,175,409,0,8,22,18,48,140,51,73,193,457,18,214,232,689
02/19/2020,OKC,OK,ASW,CE,Combined TRACON& Tower with Radar,139,28,37,190,394,0,5,26,24,55,139,33,63,214,449,4,266,270,719
02/20/2020,OKC,OK,ASW,CE,Combined TRACON& Tower with Radar,146,31,30,48,255,0,6,10,9,25,146,37,40,57,280,0,20,20,300
02/21/2020,OKC,OK,ASW,CE,Combined TRACON& Tower with Radar,144,14,43,94,295,0,4,36,15,55,144,18,79,109,350,6,2,8,358
02/22/2020,OKC,OK,ASW,CE,Combined TRACON& Tower with Radar,106,5,31,6,148,0,7,8,7,22,106,12,39,13,170,0,0,0,170
02/23/2020,OKC,OK,ASW,CE,Combined TRACON& Tower with Radar,134,26,29,8,197,0,7,3,1,11,134,33,32,9,208,0,50,50,258
02/24/2020,OKC,OK,ASW,CE,Combined TRACON& Tower with Radar,140,15,33,98,286,0,1,0,11,12,140,16,33,109,298,0,0,0,298
02/25/2020,OKC,OK,ASW,CE,Combined TRACON& Tower with Radar,140,26,55,90,311,0,4,38,24,66,140,30,93,114,377,0,36,36,413
02/26/2020,OKC,OK,ASW,CE,Combined TRACON& Tower with Radar,147,19,63,75,304,0,2,23,15,40,147,21,86,90,344,16,36,52,396
02/27/2020,OKC,OK,ASW,CE,Combined TRACON& Tower with Radar,155,14,42,99,310,0,2,29,18,49,155,16,71,117,359,8,76,84,443
02/28/2020,OKC,OK,ASW,CE,Combined TRACON& Tower with Radar,140,16,38,139,333,0,6,24,7,37,140,22,62,146,370,0,48,48,418
02/29/2020,OKC,OK,ASW,CE,Combined TRACON& Tower with Radar,106,8,27,6,147,0,0,17,2,19,106,8,44,8,166,0,0,0,166
03/01/2020,OKC,OK,ASW,CE,Combined TRACON& Tower with Radar,137,21,20,44,222,0,4,7,2,13,137,25,27,46,235,0,0,0,235
03/02/2020,OKC,OK,ASW,CE,Combined TRACON& Tower with Radar,143,21,33,129,326,0,5,22,8,35,143,26,55,137,361,0,34,34,395
03/03/2020,OKC,OK,ASW,CE,Combined TRACON& Tower with Radar,149,25,34,132,340,0,10,27,18,55,149,35,61,150,395,12,80,92,487
03/04/2020,OKC,OK,ASW,CE,Combined TRACON& Tower with Radar,151,25,48,134,358,0,10,22,14,46,151,35,70,148,404,0,28,28,432
03/05/2020,OKC,OK,ASW,CE,Combined TRACON& Tower with Radar,146,35,52,104,337,0,4,29,8,41,146,39,81,112,378,0,50,50,428
03/06/2020,OKC,OK,ASW,CE,Combined TRACON& Tower with Radar,147,31,32,77,287,0,21,29,9,59,147,52,61,86,346,4,224,228,574
03/07/2020,OKC,OK,ASW,CE,Combined TRACON& Tower with Radar,107,22,27,11,167,0,5,8,10,23,107,27,35,21,190,0,56,56,246
03/08/2020,OKC,OK,ASW,CE,Combined TRACON& Tower with Radar,138,11,32,50,231,0,4,3,1,8,138,15,35,51,239,0,0,0,239
03/09/2020,OKC,OK,ASW,CE,Combined TRACON& Tower with Radar,148,28,31,100,307,0,7,9,7,23,148,35,40,107,330,0,6,6,336
03/10/2020,OKC,OK,ASW,CE,Combined TRACON& Tower with Radar,155,28,46,162,391,0,4,23,25,52,155,32,69,187,443,0,232,232,675
03/11/2020,OKC,OK,ASW,CE,Combined TRACON& Tower with Radar,162,31,23,100,316,0,5,17,10,32,162,36,40,110,348,0,116,116,464
03/12/2020,OKC,OK,ASW,CE,Combined TRACON& Tower with Radar,149,34,36,98,317,0,6,23,11,40,149,40,59,109,357,0,108,108,465
03/13/2020,OKC,OK,ASW,CE,Combined TRACON& Tower with Radar,148,19,17,10,194,0,3,0,2,5,148,22,17,12,199,2,0,2,201
03/14/2020,OKC,OK,ASW,CE,Combined TRACON& Tower with Radar,117,23,24,30,194,0,0,0,0,0,117,23,24,30,194,0,0,0,194
03/15/2020,OKC,OK,ASW,CE,Combined TRACON& Tower with Radar,145,22,21,15,203,0,0,3,1,4,145,22,24,16,207,0,0,0,207
03/16/2020,OKC,OK,ASW,CE,Combined TRACON& Tower with Radar,147,14,17,25,203,0,0,0,0,0,147,14,17,25,203,0,0,0,203
03/17/2020,OKC,OK,ASW,CE,Combined TRACON& Tower with Radar,141,22,8,1,172,0,0,0,0,0,141,22,8,1,172,0,0,0,172
03/18/2020,OKC,OK,ASW,CE,Combined TRACON& Tower with Radar,141,18,17,14,190,0,0,10,3,13,141,18,27,17,203,0,0,0,203
03/19/2020,OKC,OK,ASW,CE,Combined TRACON& Tower with Radar,157,18,13,10,198,0,0,9,7,16,157,18,22,17,214,0,0,0,214
03/20/2020,OKC,OK,ASW,CE,Combined TRACON& Tower with Radar,135,25,19,51,230,0,2,8,5,15,135,27,27,56,245,38,20,58,303
03/21/2020,OKC,OK,ASW,CE,Combined TRACON& Tower with Radar,100,14,7,13,134,0,1,1,11,13,100,15,8,24,147,0,0,0,147
03/22/2020,OKC,OK,ASW,CE,Combined TRACON& Tower with Radar,110,11,9,10,140,0,0,2,0,2,110,11,11,10,142,0,0,0,142
03/23/2020,OKC,OK,ASW,CE,Combined TRACON& Tower with Radar,122,14,16,2,154,0,0,2,0,2,122,14,18,2,156,0,0,0,156
03/24/2020,OKC,OK,ASW,CE,Combined TRACON& Tower with Radar,104,15,24,84,227,0,3,21,4,28,104,18,45,88,255,0,270,270,525
03/25/2020,OKC,OK,ASW,CE,Combined TRACON& Tower with Radar,106,14,24,55,199,0,0,17,6,23,106,14,41,61,222,0,54,54,276
03/26/2020,OKC,OK,ASW,CE,Combined TRACON& Tower with Radar,97,7,26,84,214,0,5,28,10,43,97,12,54,94,257,0,68,68,325
03/27/2020,OKC,OK,ASW,CE,Combined TRACON& Tower with Radar,89,8,17,112,226,0,1,8,3,12,89,9,25,115,238,0,34,34,272
03/28/2020,OKC,OK,ASW,CE,Combined TRACON& Tower with Radar,72,9,5,0,86,0,5,6,5,16,72,14,11,5,102,0,0,0,102
03/29/2020,OKC,OK,ASW,CE,Combined TRACON& Tower with Radar,97,8,11,0,116,0,4,12,0,16,97,12,23,0,132,0,0,0,132
03/30/2020,OKC,OK,ASW,CE,Combined TRACON& Tower with Radar,84,3,8,2,97,0,2,4,6,12,84,5,12,8,109,0,12,12,121
03/31/2020,OKC,OK,ASW,CE,Combined TRACON& Tower with Radar,96,9,28,49,182,0,0,9,3,12,96,9,37,52,194,8,0,8,202
04/01/2020,OKC,OK,ASW,CE,Combined TRACON& Tower with Radar,82,12,21,50,165,0,5,14,10,29,82,17,35,60,194,0,20,20,214
04/02/2020,OKC,OK,ASW,CE,Combined TRACON& Tower with Radar,88,8,18,68,182,0,4,8,5,17,88,12,26,73,199,0,6,6,205
04/03/2020,OKC,OK,ASW,CE,Combined TRACON& Tower with Radar,86,5,6,1,98,0,0,0,0,0,86,5,6,1,98,0,0,0,98
04/04/2020,OKC,OK,ASW,CE,Combined TRACON& Tower with Radar,64,6,14,0,84,0,0,0,0,0,64,6,14,0,84,0,0,0,84
04/05/2020,OKC,OK,ASW,CE,Combined TRACON& Tower with Radar,70,5,9,0,84,0,2,5,0,7,70,7,14,0,91,0,0,0,91
04/06/2020,OKC,OK,ASW,CE,Combined TRACON& Tower with Radar,84,4,8,63,159,0,1,4,4,9,84,5,12,67,168,0,10,10,178
04/07/2020,OKC,OK,ASW,CE,Combined TRACON& Tower with Radar,74,5,11,13,103,0,0,15,16,31,74,5,26,29,134,0,0,0,134
04/08/2020,OKC,OK,ASW,CE,Combined TRACON& Tower with Radar,68,16,27,47,158,0,12,14,26,52,68,28,41,73,210,0,22,22,232
04/09/2020,OKC,OK,ASW,CE,Combined TRACON& Tower with Radar,71,9,17,18,115,0,3,19,17,39,71,12,36,35,154,0,6,6,160
04/10/2020,OKC,OK,ASW,CE,Combined TRACON& Tower with Radar,68,9,20,79,176,0,6,18,27,51,68,15,38,106,227,0,60,60,287
04/11/2020,OKC,OK,ASW,CE,Combined TRACON& Tower with Radar,54,9,4,14,81,0,2,0,0,2,54,11,4,14,83,0,0,0,83
04/12/2020,OKC,OK,ASW,CE,Combined TRACON& Tower with Radar,59,1,0,8,68,0,0,0,4,4,59,1,0,12,72,0,0,0,72
04/13/2020,OKC,OK,ASW,CE,Combined TRACON& Tower with Radar,60,9,16,33,118,0,3,16,12,31,60,12,32,45,149,0,0,0,149
04/14/2020,OKC,OK,ASW,CE,Combined TRACON& Tower with Radar,63,6,12,19,100,0,1,8,3,12,63,7,20,22,112,0,0,0,112
04/15/2020,OKC,OK,ASW,CE,Combined TRACON& Tower with Radar,63,9,21,22,115,0,0,28,15,43,63,9,49,37,158,0,0,0,158
04/16/2020,OKC,OK,ASW,CE,Combined TRACON& Tower with Radar,74,6,25,8,113,0,4,12,14,30,74,10,37,22,143,0,6,6,149
04/17/2020,OKC,OK,ASW,CE,Combined TRACON& Tower with Radar,60,1,13,42,116,0,1,9,3,13,60,2,22,45,129,0,18,18,147
04/18/2020,OKC,OK,ASW,CE,Combined TRACON& Tower with Radar,47,2,13,3,65,0,0,8,9,17,47,2,21,12,82,0,0,0,82
04/19/2020,OKC,OK,ASW,CE,Combined TRACON& Tower with Radar,50,3,15,0,68,0,2,2,2,6,50,5,17,2,74,0,0,0,74
04/20/2020,OKC,OK,ASW,CE,Combined TRACON& Tower with Radar,64,3,15,33,115,0,6,20,14,40,64,9,35,47,155,12,4,16,171
04/21/2020,OKC,OK,ASW,CE,Combined TRACON& Tower with Radar,59,10,25,67,161,0,1,16,14,31,59,11,41,81,192,0,2,2,194
04/22/2020,OKC,OK,ASW,CE,Combined TRACON& Tower with Radar,62,16,13,7,98,0,0,3,0,3,62,16,16,7,101,0,0,0,101
04/23/2020,OKC,OK,ASW,CE,Combined TRACON& Tower with Radar,53,8,27,71,159,0,0,26,12,38,53,8,53,83,197,0,24,24,221
04/24/2020,OKC,OK,ASW,CE,Combined TRACON& Tower with Radar,49,11,20,109,189,0,2,15,12,29,49,13,35,121,218,0,36,36,254
04/25/2020,OKC,OK,ASW,CE,Combined TRACON& Tower with Radar,49,10,20,21,100,0,7,18,5,30,49,17,38,26,130,0,0,0,130
04/26/2020,OKC,OK,ASW,CE,Combined TRACON& Tower with Radar,45,3,14,2,64,0,6,3,4,13,45,9,17,6,77,0,0,0,77
04/27/2020,OKC,OK,ASW,CE,Combined TRACON& Tower with Radar,57,4,7,21,89,0,4,12,17,33,57,8,19,38,122,0,0,0,122
04/28/2020,OKC,OK,ASW,CE,Combined TRACON& Tower with Radar,59,7,13,27,106,0,2,9,17,28,59,9,22,44,134,0,30,30,164
04/29/2020,OKC,OK,ASW,CE,Combined TRACON& Tower with Radar,56,9,29,34,128,0,7,20,13,40,56,16,49,47,168,2,0,2,170
04/30/2020,OKC,OK,ASW,CE,Combined TRACON& Tower with Radar,54,7,25,14,100,0,6,20,23,49,54,13,45,37,149,0,6,6,155
05/01/2020,OKC,OK,ASW,CE,Combined TRACON& Tower with Radar,70,9,18,16,113,0,2,12,17,31,70,11,30,33,144,0,0,0,144
05/02/2020,OKC,OK,ASW,CE,Combined TRACON& Tower with Radar,41,2,15,13,71,0,5,19,19,43,41,7,34,32,114,0,62,62,176
05/03/2020,OKC,OK,ASW,CE,Combined TRACON& Tower with Radar,62,5,28,0,95,0,2,2,0,4,62,7,30,0,99,0,0,0,99
05/04/2020,OKC,OK,ASW,CE,Combined TRACON& Tower with Radar,63,4,17,79,163,0,4,13,16,33,63,8,30,95,196,0,16,16,212
05/05/2020,OKC,OK,ASW,CE,Combined TRACON& Tower with Radar,52,6,21,81,160,0,4,19,17,40,52,10,40,98,200,0,18,18,218
05/06/2020,OKC,OK,ASW,CE,Combined TRACON& Tower with Radar,59,5,14,70,148,0,3,16,22,41,59,8,30,92,189,0,6,6,195
05/07/2020,OKC,OK,ASW,CE,Combined TRACON& Tower with Radar,58,6,17,27,108,0,3,22,16,41,58,9,39,43,149,4,0,4,153
05/08/2020,OKC,OK,ASW,CE,Combined TRACON& Tower with Radar,62,11,15,100,188,0,3,11,13,27,62,14,26,113,215,16,12,28,243
05/09/2020,OKC,OK,ASW,CE,Combined TRACON& Tower with Radar,49,0,11,23,83,0,2,15,12,29,49,2,26,35,112,0,48,48,160
05/10/2020,OKC,OK,ASW,CE,Combined TRACON& Tower with Radar,50,1,4,0,55,0,12,4,7,23,50,13,8,7,78,0,0,0,78
05/11/2020,OKC,OK,ASW,CE,Combined TRACON& Tower with Radar,56,3,15,83,157,0,4,19,19,42,56,7,34,102,199,0,46,46,245
05/12/2020,OKC,OK,ASW,CE,Combined TRACON& Tower with Radar,56,8,4,64,132,0,0,0,0,0,56,8,4,64,132,0,0,0,132
05/13/2020,OKC,OK,ASW,CE,Combined TRACON& Tower with Radar,58,17,6,63,144,0,2,8,0,10,58,19,14,63,154,0,6,6,160
05/14/2020,OKC,OK,ASW,CE,Combined TRACON& Tower with Radar,65,5,38,109,217,0,12,32,6,50,65,17,70,115,267,6,52,58,325
05/15/2020,OKC,OK,ASW,CE,Combined TRACON& Tower with Radar,56,7,12,27,102,0,1,4,2,7,56,8,16,29,109,0,0,0,109
05/16/2020,OKC,OK,ASW,CE,Combined TRACON& Tower with Radar,51,1,13,8,73,0,3,9,7,19,51,4,22,15,92,0,6,6,98
05/17/2020,OKC,OK,ASW,CE,Combined TRACON& Tower with Radar,56,2,15,24,97,0,2,8,3,13,56,4,23,27,110,0,0,0,110
05/18/2020,OKC,OK,ASW,CE,Combined TRACON& Tower with Radar,60,6,23,40,129,0,8,19,19,46,60,14,42,59,175,0,0,0,175
05/19/2020,OKC,OK,ASW,CE,Combined TRACON& Tower with Radar,54,2,32,47,135,0,7,20,27,54,54,9,52,74,189,4,8,12,201
05/20/2020,OKC,OK,ASW,CE,Combined TRACON& Tower with Radar,55,11,38,68,172,0,3,16,36,55,55,14,54,104,227,0,74,74,301
05/21/2020,OKC,OK,ASW,CE,Combined TRACON& Tower with Radar,58,7,32,152,249,0,1,10,9,20,58,8,42,161,269,0,22,22,291
05/22/2020,OKC,OK,ASW,CE,Combined TRACON& Tower with Radar,57,3,14,17,91,0,2,7,17,26,57,5,21,34,117,0,22,22,139
05/23/2020,OKC,OK,ASW,CE,Combined TRACON& Tower with Radar,52,7,8,0,67,0,2,4,1,7,52,9,12,1,74,0,0,0,74
05/24/2020,OKC,OK,ASW,CE,Combined TRACON& Tower with Radar,54,2,8,1,65,0,2,0,3,5,54,4,8,4,70,0,0,0,70
05/25/2020,OKC,OK,ASW,CE,Combined TRACON& Tower with Radar,51,9,4,1,65,0,0,0,1,1,51,9,4,2,66,0,0,0,66
05/26/2020,OKC,OK,ASW,CE,Combined TRACON& Tower with Radar,53,11,19,76,159,0,3,2,10,15,53,14,21,86,174,0,16,16,190
05/27/2020,OKC,OK,ASW,CE,Combined TRACON& Tower with Radar,57,11,28,75,171,0,6,57,21,84,57,17,85,96,255,0,0,0,255
05/28/2020,OKC,OK,ASW,CE,Combined TRACON& Tower with Radar,58,15,32,130,235,0,6,14,26,46,58,21,46,156,281,0,62,62,343
05/29/2020,OKC,OK,ASW,CE,Combined TRACON& Tower with Radar,56,9,22,71,158,0,6,17,24,47,56,15,39,95,205,4,24,28,233
05/30/2020,OKC,OK,ASW,CE,Combined TRACON& Tower with Radar,50,6,5,12,73,0,1,16,2,19,50,7,21,14,92,6,0,6,98
05/31/2020,OKC,OK,ASW,CE,Combined TRACON& Tower with Radar,54,2,11,2,69,0,0,8,0,8,54,2,19,2,77,0,0,0,77
06/01/2020,OKC,OK,ASW,CE,Combined TRACON& Tower with Radar,55,9,33,72,169,0,6,14,20,40,55,15,47,92,209,0,29,29,238
06/02/2020,OKC,OK,ASW,CE,Combined TRACON& Tower with Radar,76,16,23,82,197,0,5,25,17,47,76,21,48,99,244,0,28,28,272
06/03/2020,OKC,OK,ASW,CE,Combined TRACON& Tower with Radar,60,13,31,121,225,0,7,19,21,47,60,20,50,142,272,10,36,46,318
06/04/2020,OKC,OK,ASW,CE,Combined TRACON& Tower with Radar,59,17,37,58,171,0,5,19,20,44,59,22,56,78,215,0,30,30,245
06/05/2020,OKC,OK,ASW,CE,Combined TRACON& Tower with Radar,57,13,31,119,220,0,4,20,17,41,57,17,51,136,261,0,28,28,289
06/06/2020,OKC,OK,ASW,CE,Combined TRACON& Tower with Radar,51,10,12,29,102,0,9,16,11,36,51,19,28,40,138,0,26,26,164
06/07/2020,OKC,OK,ASW,CE,Combined TRACON& Tower with Radar,66,6,11,0,83,0,4,15,1,20,66,10,26,1,103,0,8,8,111
06/08/2020,OKC,OK,ASW,CE,Combined TRACON& Tower with Radar,65,8,25,97,195,0,7,32,14,53,65,15,57,111,248,0,53,53,301
06/09/2020,OKC,OK,ASW,CE,Combined TRACON& Tower with Radar,66,14,29,9,118,0,2,12,11,25,66,16,41,20,143,6,0,6,149
06/10/2020,OKC,OK,ASW,CE,Combined TRACON& Tower with Radar,68,20,34,112,234,0,9,21,19,49,68,29,55,131,283,0,91,91,374
06/11/2020,OKC,OK,ASW,CE,Combined TRACON& Tower with Radar,70,14,32,145,261,0,6,24,27,57,70,20,56,172,318,0,64,64,382
06/12/2020,OKC,OK,ASW,CE,Combined TRACON& Tower with Radar,64,10,28,82,184,0,5,16,11,32,64,15,44,93,216,0,114,114,330
06/13/2020,OKC,OK,ASW,CE,Combined TRACON& Tower with Radar,61,7,19,13,100,0,16,14,6,36,61,23,33,19,136,0,10,10,146
06/14/2020,OKC,OK,ASW,CE,Combined TRACON& Tower with Radar,71,13,12,0,96,0,4,5,3,12,71,17,17,3,108,0,0,0,108
06/15/2020,OKC,OK,ASW,CE,Combined TRACON& Tower with Radar,66,9,13,93,181,0,2,20,23,45,66,11,33,116,226,8,32,40,266
06/16/2020,OKC,OK,ASW,CE,Combined TRACON& Tower with Radar,69,16,26,34,145,0,7,71,32,110,69,23,97,66,255,10,4,14,269
06/17/2020,OKC,OK,ASW,CE,Combined TRACON& Tower with Radar,67,17,35,91,210,0,5,49,49,103,67,22,84,140,313,2,12,14,327
06/18/2020,OKC,OK,ASW,CE,Combined TRACON& Tower with Radar,68,11,37,87,203,0,6,23,42,71,68,17,60,129,274,0,12,12,286
06/19/2020,OKC,OK,ASW,CE,Combined TRACON& Tower with Radar,69,11,14,6,100,0,5,3,4,12,69,16,17,10,112,0,0,0,112
06/20/2020,OKC,OK,ASW,CE,Combined TRACON& Tower with Radar,64,9,10,2,85,0,1,8,0,9,64,10,18,2,94,6,0,6,100
06/21/2020,OKC,OK,ASW,CE,Combined TRACON& Tower with Radar,69,12,17,1,99,0,5,6,1,12,69,17,23,2,111,0,0,0,111
06/22/2020,OKC,OK,ASW,CE,Combined TRACON& Tower with Radar,66,12,39,117,234,0,3,25,3,31,66,15,64,120,265,0,0,0,265
06/23/2020,OKC,OK,ASW,CE,Combined TRACON& Tower with Radar,70,13,41,97,221,0,2,27,13,42,70,15,68,110,263,6,0,6,269
06/24/2020,OKC,OK,ASW,CE,Combined TRACON& Tower with Radar,69,11,36,100,216,0,5,37,25,67,69,16,73,125,283,14,32,46,329
06/25/2020,OKC,OK,ASW,CE,Combined TRACON& Tower with Radar,74,14,30,136,254,0,2,17,21,40,74,16,47,157,294,0,34,34,328
06/26/2020,OKC,OK,ASW,CE,Combined TRACON& Tower with Radar,68,5,41,87,201,0,4,11,21,36,68,9,52,108,237,0,114,114,351
06/27/2020,OKC,OK,ASW,CE,Combined TRACON& Tower with Radar,66,12,14,28,120,0,7,7,3,17,66,19,21,31,137,0,16,16,153
06/28/2020,OKC,OK,ASW,CE,Combined TRACON& Tower with Radar,72,12,13,35,132,0,6,4,4,14,72,18,17,39,146,0,0,0,146
06/29/2020,OKC,OK,ASW,CE,Combined TRACON& Tower with Radar,74,8,36,71,189,0,8,17,8,33,74,16,53,79,222,0,10,10,232
06/30/2020,OKC,OK,ASW,CE,Combined TRACON& Tower with Radar,70,10,19,91,190,0,5,10,14,29,70,15,29,105,219,8,0,8,227
07/01/2020,OKC,OK,ASW,CE,Combined TRACON& Tower with Radar,76,11,26,84,197,0,2,14,22,38,76,13,40,106,235,0,46,46,281
07/02/2020,OKC,OK,ASW,CE,Combined TRACON& Tower with Radar,87,15,24,48,174,0,6,7,7,20,87,21,31,55,194,0,20,20,214
07/03/2020,OKC,OK,ASW,CE,Combined TRACON& Tower with Radar,68,9,7,1,85,0,2,9,5,16,68,11,16,6,101,4,0,4,105
07/04/2020,OKC,OK,ASW,CE,Combined TRACON& Tower with Radar,58,3,5,0,66,0,1,5,2,8,58,4,10,2,74,0,0,0,74
07/05/2020,OKC,OK,ASW,CE,Combined TRACON& Tower with Radar,87,11,28,1,127,0,0,13,3,16,87,11,41,4,143,0,0,0,143
07/06/2020,OKC,OK,ASW,CE,Combined TRACON& Tower with Radar,96,15,22,7,140,0,2,16,6,24,96,17,38,13,164,8,8,16,180
07/07/2020,OKC,OK,ASW,CE,Combined TRACON& Tower with Radar,89,20,31,71,211,0,6,17,20,43,89,26,48,91,254,0,14,14,268
07/08/2020,OKC,OK,ASW,CE,Combined TRACON& Tower with Radar,91,16,23,85,215,0,4,22,21,47,91,20,45,106,262,0,52,52,314
07/09/2020,OKC,OK,ASW,CE,Combined TRACON& Tower with Radar,94,17,23,46,180,0,11,25,24,60,94,28,48,70,240,0,30,30,270
07/10/2020,OKC,OK,ASW,CE,Combined TRACON& Tower with Radar,94,6,19,34,153,0,4,17,16,37,94,10,36,50,190,14,14,28,218
07/11/2020,OKC,OK,ASW,CE,Combined TRACON& Tower with Radar,87,8,8,8,111,0,4,6,12,22,87,12,14,20,133,0,6,6,139
07/12/2020,OKC,OK,ASW,CE,Combined TRACON& Tower with Radar,87,9,19,10,125,0,1,6,5,12,87,10,25,15,137,0,0,0,137
07/13/2020,OKC,OK,ASW,CE,Combined TRACON& Tower with Radar,89,27,30,48,194,0,1,16,15,32,89,28,46,63,226,0,0,0,226
07/14/2020,OKC,OK,ASW,CE,Combined TRACON& Tower with Radar,88,11,32,133,264,0,5,17,10,32,88,16,49,143,296,0,36,36,332
07/15/2020,OKC,OK,ASW,CE,Combined TRACON& Tower with Radar,92,6,32,68,198,0,1,14,18,33,92,7,46,86,231,2,42,44,275
07/16/2020,OKC,OK,ASW,CE,Combined TRACON& Tower with Radar,95,27,37,104,263,0,4,26,23,53,95,31,63,127,316,0,92,92,408
07/17/2020,OKC,OK,ASW,CE,Combined TRACON& Tower with Radar,95,20,26,34,175,0,6,32,12,50,95,26,58,46,225,10,32,42,267
07/18/2020,OKC,OK,ASW,CE,Combined TRACON& Tower with Radar,86,6,12,39,143,0,0,9,7,16,86,6,21,46,159,0,108,108,267
07/19/2020,OKC,OK,ASW,CE,Combined TRACON& Tower with Radar,92,8,18,4,122,0,4,12,1,17,92,12,30,5,139,4,0,4,143
07/20/2020,OKC,OK,ASW,CE,Combined TRACON& Tower with Radar,89,15,21,83,208,0,7,13,13,33,89,22,34,96,241,4,42,46,287
07/21/2020,OKC,OK,ASW,CE,Combined TRACON& Tower with Radar,91,11,32,39,173,0,15,24,13,52,91,26,56,52,225,0,12,12,237
07/22/2020,OKC,OK,ASW,CE,Combined TRACON& Tower with Radar,92,15,43,72,222,0,5,23,19,47,92,20,66,91,269,0,104,104,373
07/23/2020,OKC,OK,ASW,CE,Combined TRACON& Tower with Radar,100,16,36,49,201,0,3,12,5,20,100,19,48,54,221,0,2,2,223
07/24/2020,OKC,OK,ASW,CE,Combined TRACON& Tower with Radar,94,15,25,71,205,0,9,25,14,48,94,24,50,85,253,6,30,36,289
07/25/2020,OKC,OK,ASW,CE,Combined TRACON& Tower with Radar,90,8,29,24,151,0,2,12,12,26,90,10,41,36,177,12,22,34,211
07/26/2020,OKC,OK,ASW,CE,Combined TRACON& Tower with Radar,95,11,18,23,147,0,7,10,10,27,95,18,28,33,174,16,0,16,190
07/27/2020,OKC,OK,ASW,CE,Combined TRACON& Tower with Radar,103,12,19,41,175,0,8,15,12,35,103,20,34,53,210,0,38,38,248
07/28/2020,OKC,OK,ASW,CE,Combined TRACON& Tower with Radar,92,19,37,89,237,0,2,33,3,38,92,21,70,92,275,0,20,20,295
07/29/2020,OKC,OK,ASW,CE,Combined TRACON& Tower with Radar,92,13,27,45,177,0,1,12,4,17,92,14,39,49,194,8,10,18,212
07/30/2020,OKC,OK,ASW,CE,Combined TRACON& Tower with Radar,94,17,31,30,172,0,4,16,8,28,94,21,47,38,200,0,26,26,226
07/31/2020,OKC,OK,ASW,CE,Combined TRACON& Tower with Radar,96,21,36,94,247,0,5,16,13,34,96,26,52,107,281,6,34,40,321
08/01/2020,OKC,OK,ASW,CE,Combined TRACON& Tower with Radar,84,6,17,21,128,0,3,11,6,20,84,9,28,27,148,0,0,0,148
08/02/2020,OKC,OK,ASW,CE,Combined TRACON& Tower with Radar,93,10,14,4,121,0,4,16,1,21,93,14,30,5,142,0,0,0,142
08/03/2020,OKC,OK,ASW,CE,Combined TRACON& Tower with Radar,92,15,32,64,203,0,6,41,22,69,92,21,73,86,272,8,40,48,320
08/04/2020,OKC,OK,ASW,CE,Combined TRACON& Tower with Radar,88,12,32,66,198,0,7,16,13,36,88,19,48,79,234,0,28,28,262
08/05/2020,OKC,OK,ASW,CE,Combined TRACON& Tower with Radar,90,15,30,75,210,0,4,39,25,68,90,19,69,100,278,29,52,81,359
08/06/2020,OKC,OK,ASW,CE,Combined TRACON& Tower with Radar,102,14,36,76,228,0,5,22,10,37,102,19,58,86,265,10,116,126,391
08/07/2020,OKC,OK,ASW,CE,Combined TRACON& Tower with Radar,97,6,27,102,232,0,4,50,75,129,97,10,77,177,361,0,70,70,431
08/08/2020,OKC,OK,ASW,CE,Combined TRACON& Tower with Radar,80,9,14,20,123,0,8,18,8,34,80,17,32,28,157,0,8,8,165
08/09/2020,OKC,OK,ASW,CE,Combined TRACON& Tower with Radar,97,6,8,23,134,0,5,18,1,24,97,11,26,24,158,4,0,4,162
08/10/2020,OKC,OK,ASW,CE,Combined TRACON& Tower with Radar,96,9,20,111,236,0,8,12,19,39,96,17,32,130,275,6,132,138,413
08/11/2020,OKC,OK,ASW,CE,Combined TRACON& Tower with Radar,95,16,27,48,186,0,1,17,35,53,95,17,44,83,239,6,66,72,311
08/12/2020,OKC,OK,ASW,CE,Combined TRACON& Tower with Radar,93,10,59,65,227,0,0,14,7,21,93,10,73,72,248,0,138,138,386
08/13/2020,OKC,OK,ASW,CE,Combined TRACON& Tower with Radar,109,21,20,73,223,0,3,16,20,39,109,24,36,93,262,0,158,158,420
08/14/2020,OKC,OK,ASW,CE,Combined TRACON& Tower with Radar,99,9,32,93,233,0,0,28,20,48,99,9,60,113,281,4,88,92,373
08/15/2020,OKC,OK,ASW,CE,Combined TRACON& Tower with Radar,87,10,6,40,143,0,5,3,11,19,87,15,9,51,162,0,0,0,162
08/16/2020,OKC,OK,ASW,CE,Combined TRACON& Tower with Radar,127,7,13,13,160,0,9,4,4,17,127,16,17,17,177,0,0,0,177
08/17/2020,OKC,OK,ASW,CE,Combined TRACON& Tower with Radar,102,13,15,56,186,0,4,12,13,29,102,17,27,69,215,0,58,58,273
08/18/2020,OKC,OK,ASW,CE,Combined TRACON& Tower with Radar,98,13,35,60,206,0,4,25,21,50,98,17,60,81,256,0,16,16,272
08/19/2020,OKC,OK,ASW,CE,Combined TRACON& Tower with Radar,95,27,28,97,247,0,12,30,20,62,95,39,58,117,309,0,60,60,369
08/20/2020,OKC,OK,ASW,CE,Combined TRACON& Tower with Radar,113,8,27,88,236,0,3,27,21,51,113,11,54,109,287,0,34,34,321
08/21/2020,OKC,OK,ASW,CE,Combined TRACON& Tower with Radar,106,7,16,134,263,0,5,22,25,52,106,12,38,159,315,0,94,94,409
08/22/2020,OKC,OK,ASW,CE,Combined TRACON& Tower with Radar,84,7,13,38,142,0,3,15,11,29,84,10,28,49,171,14,14,28,199
08/23/2020,OKC,OK,ASW,CE,Combined TRACON& Tower with Radar,114,8,13,25,160,0,4,20,3,27,114,12,33,28,187,16,0,16,203
08/24/2020,OKC,OK,ASW,CE,Combined TRACON& Tower with Radar,102,12,13,71,198,0,2,6,21,29,102,14,19,92,227,0,10,10,237
08/25/2020,OKC,OK,ASW,CE,Combined TRACON& Tower with Radar,101,11,30,129,271,0,4,18,34,56,101,15,48,163,327,0,22,22,349
08/26/2020,OKC,OK,ASW,CE,Combined TRACON& Tower with Radar,110,14,23,95,242,0,4,59,20,83,110,18,82,115,325,0,44,44,369
08/27/2020,OKC,OK,ASW,CE,Combined TRACON& Tower with Radar,106,17,21,34,178,0,8,29,24,61,106,25,50,58,239,0,16,16,255
08/28/2020,OKC,OK,ASW,CE,Combined TRACON& Tower with Radar,103,12,19,170,304,0,5,16,16,37,103,17,35,186,341,0,0,0,341
08/29/2020,OKC,OK,ASW,CE,Combined TRACON& Tower with Radar,97,19,11,13,140,0,3,5,5,13,97,22,16,18,153,0,0,0,153
08/30/2020,OKC,OK,ASW,CE,Combined TRACON& Tower with Radar,102,12,19,41,174,0,4,9,7,20,102,16,28,48,194,0,12,12,206
08/31/2020,OKC,OK,ASW,CE,Combined TRACON& Tower with Radar,99,10,19,21,149,0,4,6,9,19,99,14,25,30,168,0,34,34,202
09/01/2020,OKC,OK,ASW,CE,Combined TRACON& Tower with Radar,98,13,20,15,146,0,0,11,5,16,98,13,31,20,162,0,0,0,162
09/02/2020,OKC,OK,ASW,CE,Combined TRACON& Tower with Radar,99,10,25,35,169,0,0,7,3,10,99,10,32,38,179,0,0,0,179
09/03/2020,OKC,OK,ASW,CE,Combined TRACON& Tower with Radar,112,14,56,41,223,0,2,23,9,34,112,16,79,50,257,10,0,10,267
09/04/2020,OKC,OK,ASW,CE,Combined TRACON& Tower with Radar,101,11,26,21,159,0,4,21,3,28,101,15,47,24,187,20,0,20,207
09/05/2020,OKC,OK,ASW,CE,Combined TRACON& Tower with Radar,113,5,11,1,130,0,4,9,4,17,113,9,20,5,147,0,0,0,147
09/06/2020,OKC,OK,ASW,CE,Combined TRACON& Tower with Radar,82,2,7,0,91,0,7,9,2,18,82,9,16,2,109,0,0,0,109
09/07/2020,OKC,OK,ASW,CE,Combined TRACON& Tower with Radar,82,6,12,0,100,0,1,26,0,27,82,7,38,0,127,14,0,14,141
09/08/2020,OKC,OK,ASW,CE,Combined TRACON& Tower with Radar,80,6,28,66,180,0,4,2,18,24,80,10,30,84,204,0,10,10,214
09/09/2020,OKC,OK,ASW,CE,Combined TRACON& Tower with Radar,90,6,21,36,153,0,0,0,0,0,90,6,21,36,153,0,0,0,153
09/10/2020,OKC,OK,ASW,CE,Combined TRACON& Tower with Radar,96,18,37,134,285,0,0,0,2,2,96,18,37,136,287,0,0,0,287
09/11/2020,OKC,OK,ASW,CE,Combined TRACON& Tower with Radar,92,7,42,80,221,0,0,3,9,12,92,7,45,89,233,0,16,16,249
09/12/2020,OKC,OK,ASW,CE,Combined TRACON& Tower with Radar,83,2,15,35,135,0,3,10,15,28,83,5,25,50,163,10,22,32,195
09/13/2020,OKC,OK,ASW,CE,Combined TRACON& Tower with Radar,90,7,5,39,141,0,5,9,14,28,90,12,14,53,169,2,12,14,183
09/14/2020,OKC,OK,ASW,CE,Combined TRACON& Tower with Radar,115,13,36,76,240,0,11,17,35,63,115,24,53,111,303,0,28,28,331
09/15/2020,OKC,OK,ASW,CE,Combined TRACON& Tower with Radar,95,9,56,133,293,0,5,21,23,49,95,14,77,156,342,0,6,6,348
09/16/2020,OKC,OK,ASW,CE,Combined TRACON& Tower with Radar,88,13,34,25,160,0,8,19,15,42,88,21,53,40,202,0,14,14,216
09/17/2020,OKC,OK,ASW,CE,Combined TRACON& Tower with Radar,128,14,23,69,234,0,0,24,24,48,128,14,47,93,282,0,50,50,332
09/18/2020,OKC,OK,ASW,CE,Combined TRACON& Tower with Radar,93,11,31,94,229,0,2,24,10,36,93,13,55,104,265,0,0,0,265
09/19/2020,OKC,OK,ASW,CE,Combined TRACON& Tower with Radar,83,5,9,73,170,0,5,10,17,32,83,10,19,90,202,0,12,12,214
09/20/2020,OKC,OK,ASW,CE,Combined TRACON& Tower with Radar,95,3,13,17,128,0,1,7,4,12,95,4,20,21,140,0,0,0,140
09/21/2020,OKC,OK,ASW,CE,Combined TRACON& Tower with Radar,95,15,21,115,246,0,7,28,24,59,95,22,49,139,305,4,30,34,339
09/22/2020,OKC,OK,ASW,CE,Combined TRACON& Tower with Radar,90,16,31,74,211,0,1,0,3,4,90,17,31,77,215,0,0,0,215
09/23/2020,OKC,OK,ASW,CE,Combined TRACON& Tower with Radar,91,21,29,83,224,0,2,9,4,15,91,23,38,87,239,0,0,0,239
09/24/2020,OKC,OK,ASW,CE,Combined TRACON& Tower with Radar,111,25,38,102,276,0,4,29,13,46,111,29,67,115,322,0,34,34,356
09/25/2020,OKC,OK,ASW,CE,Combined TRACON& Tower with Radar,92,14,37,126,269,0,7,21,13,41,92,21,58,139,310,0,0,0,310
09/26/2020,OKC,OK,ASW,CE,Combined TRACON& Tower with Radar,85,15,17,11,128,0,8,9,4,21,85,23,26,15,149,4,0,4,153
09/27/2020,OKC,OK,ASW,CE,Combined TRACON& Tower with Radar,92,15,24,15,146,0,6,2,6,14,92,21,26,21,160,0,20,20,180
09/28/2020,OKC,OK,ASW,CE,Combined TRACON& Tower with Radar,87,18,30,48,183,0,4,20,12,36,87,22,50,60,219,0,50,50,269
09/29/2020,OKC,OK,ASW,CE,Combined TRACON& Tower with Radar,93,12,37,72,214,0,5,25,20,50,93,17,62,92,264,0,0,0,264
09/30/2020,OKC,OK,ASW,CE,Combined TRACON& Tower with Radar,91,26,34,81,232,0,8,20,18,46,91,34,54,99,278,0,0,0,278
10/01/2020,OKC,OK,ASW,CE,Combined TRACON& Tower with Radar,101,20,25,52,198,0,6,19,19,44,101,26,44,71,242,0,8,8,250
10/02/2020,OKC,OK,ASW,CE,Combined TRACON& Tower with Radar,100,14,20,95,229,0,2,9,29,40,100,16,29,124,269,0,38,38,307
10/03/2020,OKC,OK,ASW,CE,Combined TRACON& Tower with Radar,88,12,11,31,142,0,5,8,8,21,88,17,19,39,163,0,40,40,203
10/04/2020,OKC,OK,ASW,CE,Combined TRACON& Tower with Radar,91,8,22,63,184,0,2,14,34,50,91,10,36,97,234,0,0,0,234
10/05/2020,OKC,OK,ASW,CE,Combined TRACON& Tower with Radar,85,17,31,71,204,0,8,19,21,48,85,25,50,92,252,0,78,78,330
10/06/2020,OKC,OK,ASW,CE,Combined TRACON& Tower with Radar,91,22,27,49,189,0,4,44,22,70,91,26,71,71,259,28,124,152,411
10/07/2020,OKC,OK,ASW,CE,Combined TRACON& Tower with Radar,93,34,28,68,223,0,3,14,18,35,93,37,42,86,258,0,20,20,278
10/08/2020,OKC,OK,ASW,CE,Combined TRACON& Tower with Radar,102,26,37,133,298,0,9,21,21,51,102,35,58,154,349,10,76,86,435
10/09/2020,OKC,OK,ASW,CE,Combined TRACON& Tower with Radar,93,14,20,83,210,0,7,12,4,23,93,21,32,87,233,0,62,62,295
10/10/2020,OKC,OK,ASW,CE,Combined TRACON& Tower with Radar,79,7,21,7,114,0,2,12,0,14,79,9,33,7,128,0,0,0,128
10/11/2020,OKC,OK,ASW,CE,Combined TRACON& Tower with Radar,97,7,21,16,141,0,4,5,11,20,97,11,26,27,161,0,0,0,161
10/12/2020,OKC,OK,ASW,CE,Combined TRACON& Tower with Radar,90,19,32,9,150,0,6,11,10,27,90,25,43,19,177,0,0,0,177
10/13/2020,OKC,OK,ASW,CE,Combined TRACON& Tower with Radar,87,26,20,112,245,0,13,19,18,50,87,39,39,130,295,0,106,106,401
10/14/2020,OKC,OK,ASW,CE,Combined TRACON& Tower with Radar,88,15,32,110,245,0,8,22,12,42,88,23,54,122,287,0,70,70,357
10/15/2020,OKC,OK,ASW,CE,Combined TRACON& Tower with Radar,98,18,39,33,188,0,4,21,14,39,98,22,60,47,227,0,52,52,279
10/16/2020,OKC,OK,ASW,CE,Combined TRACON& Tower with Radar,92,16,27,69,204,0,5,23,23,51,92,21,50,92,255,6,72,78,333
10/17/2020,OKC,OK,ASW,CE,Combined TRACON& Tower with Radar,85,11,15,31,142,0,2,4,9,15,85,13,19,40,157,0,0,0,157
10/18/2020,OKC,OK,ASW,CE,Combined TRACON& Tower with Radar,101,14,25,33,173,0,1,0,0,1,101,15,25,33,174,0,0,0,174
10/19/2020,OKC,OK,ASW,CE,Combined TRACON& Tower with Radar,91,18,24,104,237,0,2,14,1,17,91,20,38,105,254,4,10,14,268
10/20/2020,OKC,OK,ASW,CE,Combined TRACON& Tower with Radar,84,27,46,83,240,0,0,10,9,19,84,27,56,92,259,6,4,10,269
10/21/2020,OKC,OK,ASW,CE,Combined TRACON& Tower with Radar,86,17,28,165,296,0,8,18,25,51,86,25,46,190,347,0,86,86,433
10/22/2020,OKC,OK,ASW,CE,Combined TRACON& Tower with Radar,102,17,28,59,206,0,5,16,18,39,102,22,44,77,245,0,36,36,281
10/23/2020,OKC,OK,ASW,CE,Combined TRACON& Tower with Radar,99,11,20,111,241,0,3,3,1,7,99,14,23,112,248,0,0,0,248
10/24/2020,OKC,OK,ASW,CE,Combined TRACON& Tower with Radar,79,5,16,40,140,0,7,18,5,30,79,12,34,45,170,0,0,0,170
10/25/2020,OKC,OK,ASW,CE,Combined TRACON& Tower with Radar,86,9,14,35,144,0,3,0,20,23,86,12,14,55,167,0,0,0,167
10/26/2020,OKC,OK,ASW,CE,Combined TRACON& Tower with Radar,56,17,8,0,81,0,0,0,0,0,56,17,8,0,81,0,0,0,81
10/27/2020,OKC,OK,ASW,CE,Combined TRACON& Tower with Radar,51,4,3,0,58,0,0,0,0,0,51,4,3,0,58,0,0,0,58
10/28/2020,OKC,OK,ASW,CE,Combined TRACON& Tower with Radar,76,17,9,0,102,0,0,0,0,0,76,17,9,0,102,0,0,0,102
10/29/2020,OKC,OK,ASW,CE,Combined TRACON& Tower with Radar,90,25,22,64,201,0,0,18,6,24,90,25,40,70,225,0,30,30,255
10/30/2020,OKC,OK,ASW,CE,Combined TRACON& Tower with Radar,90,14,25,83,212,0,4,19,15,38,90,18,44,98,250,0,24,24,274
10/31/2020,OKC,OK,ASW,CE,Combined TRACON& Tower with Radar,70,10,8,31,119,0,5,7,7,19,70,15,15,38,138,0,0,0,138
11/01/2020,OKC,OK,ASW,CE,Combined TRACON& Tower with Radar,84,11,22,10,127,0,9,15,6,30,84,20,37,16,157,0,0,0,157
11/02/2020,OKC,OK,ASW,CE,Combined TRACON& Tower with Radar,85,15,19,87,206,0,8,38,14,60,85,23,57,101,266,0,114,114,380
11/03/2020,OKC,OK,ASW,CE,Combined TRACON& Tower with Radar,73,21,28,46,168,0,21,18,26,65,73,42,46,72,233,0,82,82,315
11/04/2020,OKC,OK,ASW,CE,Combined TRACON& Tower with Radar,80,26,34,116,256,0,3,33,45,81,80,29,67,161,337,0,86,86,423
11/05/2020,OKC,OK,ASW,CE,Combined TRACON& Tower with Radar,98,35,37,125,295,0,5,27,14,46,98,40,64,139,341,10,100,110,451
11/06/2020,OKC,OK,ASW,CE,Combined TRACON& Tower with Radar,97,15,28,126,266,0,4,23,14,41,97,19,51,140,307,0,92,92,399
11/07/2020,OKC,OK,ASW,CE,Combined TRACON& Tower with Radar,78,16,15,44,153,0,8,7,7,22,78,24,22,51,175,10,14,24,199
11/08/2020,OKC,OK,ASW,CE,Combined TRACON& Tower with Radar,94,19,15,28,156,0,3,10,16,29,94,22,25,44,185,6,10,16,201
11/09/2020,OKC,OK,ASW,CE,Combined TRACON& Tower with Radar,93,12,17,124,246,0,0,9,9,18,93,12,26,133,264,0,0,0,264
11/10/2020,OKC,OK,ASW,CE,Combined TRACON& Tower with Radar,98,20,28,104,250,0,0,16,6,22,98,20,44,110,272,6,32,38,310
11/11/2020,OKC,OK,ASW,CE,Combined TRACON& Tower with Radar,78,23,18,10,129,0,5,6,0,11,78,28,24,10,140,0,0,0,140
11/12/2020,OKC,OK,ASW,CE,Combined TRACON& Tower with Radar,99,24,26,89,238,0,4,11,14,29,99,28,37,103,267,0,0,0,267
11/13/2020,OKC,OK,ASW,CE,Combined TRACON& Tower with Radar,97,21,29,73,220,0,4,9,8,21,97,25,38,81,241,0,42,42,283
11/14/2020,OKC,OK,ASW,CE,Combined TRACON& Tower with Radar,77,20,9,0,106,0,3,4,4,11,77,23,13,4,117,0,0,0,117
11/15/2020,OKC,OK,ASW,CE,Combined TRACON& Tower with Radar,94,13,13,4,124,0,5,19,4,28,94,18,32,8,152,0,8,8,160
11/16/2020,OKC,OK,ASW,CE,Combined TRACON& Tower with Radar,90,20,25,33,168,0,7,29,19,55,90,27,54,52,223,2,24,26,249
11/17/2020,OKC,OK,ASW,CE,Combined TRACON& Tower with Radar,79,25,29,70,203,0,10,34,8,52,79,35,63,78,255,0,8,8,263
11/18/2020,OKC,OK,ASW,CE,Combined TRACON& Tower with Radar,85,22,18,50,175,0,5,23,16,44,85,27,41,66,219,0,34,34,253
11/19/2020,OKC,OK,ASW,CE,Combined TRACON& Tower with Radar,106,22,14,78,220,0,1,12,20,33,106,23,26,98,253,0,0,0,253
11/20/2020,OKC,OK,ASW,CE,Combined TRACON& Tower with Radar,103,27,18,59,207,0,11,11,19,41,103,38,29,78,248,0,0,0,248
11/21/2020,OKC,OK,ASW,CE,Combined TRACON& Tower with Radar,91,16,38,34,179,0,0,0,2,2,91,16,38,36,181,0,0,0,181
11/22/2020,OKC,OK,ASW,CE,Combined TRACON& Tower with Radar,99,11,12,9,131,0,1,1,0,2,99,12,13,9,133,0,0,0,133
11/23/2020,OKC,OK,ASW,CE,Combined TRACON& Tower with Radar,89,25,19,127,260,0,7,9,7,23,89,32,28,134,283,0,12,12,295
11/24/2020,OKC,OK,ASW,CE,Combined TRACON& Tower with Radar,112,16,27,25,180,0,0,0,0,0,112,16,27,25,180,0,0,0,180
11/25/2020,OKC,OK,ASW,CE,Combined TRACON& Tower with Radar,118,19,19,48,204,0,4,20,15,39,118,23,39,63,243,0,10,10,253
11/26/2020,OKC,OK,ASW,CE,Combined TRACON& Tower with Radar,46,10,0,0,56,0,3,3,0,6,46,13,3,0,62,0,0,0,62
11/27/2020,OKC,OK,ASW,CE,Combined TRACON& Tower with Radar,85,16,14,0,115,0,7,12,2,21,85,23,26,2,136,0,0,0,136
11/28/2020,OKC,OK,ASW,CE,Combined TRACON& Tower with Radar,93,13,14,0,120,0,0,10,2,12,93,13,24,2,132,0,0,0,132
11/29/2020,OKC,OK,ASW,CE,Combined TRACON& Tower with Radar,102,23,16,8,149,0,2,3,0,5,102,25,19,8,154,0,0,0,154
11/30/2020,OKC,OK,ASW,CE,Combined TRACON& Tower with Radar,99,16,28,83,226,0,10,21,13,44,99,26,49,96,270,0,24,24,294
12/01/2020,OKC,OK,ASW,CE,Combined TRACON& Tower with Radar,90,20,32,38,180,0,10,7,14,31,90,30,39,52,211,0,6,6,217
12/02/2020,OKC,OK,ASW,CE,Combined TRACON& Tower with Radar,79,14,14,3,110,0,2,0,2,4,79,16,14,5,114,0,0,0,114
12/03/2020,OKC,OK,ASW,CE,Combined TRACON& Tower with Radar,93,15,27,20,155,0,0,0,1,1,93,15,27,21,156,0,0,0,156
12/04/2020,OKC,OK,ASW,CE,Combined TRACON& Tower with Radar,92,16,22,37,167,0,8,39,37,84,92,24,61,74,251,0,0,0,251
12/05/2020,OKC,OK,ASW,CE,Combined TRACON& Tower with Radar,73,13,17,23,126,0,12,15,4,31,73,25,32,27,157,0,0,0,157
12/06/2020,OKC,OK,ASW,CE,Combined TRACON& Tower with Radar,88,8,14,10,120,0,7,13,10,30,88,15,27,20,150,0,0,0,150
12/07/2020,OKC,OK,ASW,CE,Combined TRACON& Tower with Radar,94,16,20,74,204,0,14,16,18,48,94,30,36,92,252,4,40,44,296
12/08/2020,OKC,OK,ASW,CE,Combined TRACON& Tower with Radar,80,23,27,91,221,0,17,28,12,57,80,40,55,103,278,0,24,24,302
12/09/2020,OKC,OK,ASW,CE,Combined TRACON& Tower with Radar,78,26,24,59,187,0,4,6,31,41,78,30,30,90,228,0,6,6,234
12/10/2020,OKC,OK,ASW,CE,Combined TRACON& Tower with Radar,97,25,24,54,200,0,14,16,25,55,97,39,40,79,255,0,62,62,317
12/11/2020,OKC,OK,ASW,CE,Combined TRACON& Tower with Radar,97,21,36,106,260,0,7,8,19,34,97,28,44,125,294,0,60,60,354
12/12/2020,OKC,OK,ASW,CE,Combined TRACON& Tower with Radar,75,6,20,45,146,0,2,6,2,10,75,8,26,47,156,0,66,66,222
12/13/2020,OKC,OK,ASW,CE,Combined TRACON& Tower with Radar,86,9,6,1,102,0,2,0,0,2,86,11,6,1,104,0,0,0,104
12/14/2020,OKC,OK,ASW,CE,Combined TRACON& Tower with Radar,98,7,35,26,166,0,2,11,22,35,98,9,46,48,201,0,4,4,205
12/15/2020,OKC,OK,ASW,CE,Combined TRACON& Tower with Radar,78,9,18,1,106,0,0,0,0,0,78,9,18,1,106,0,0,0,106
12/16/2020,OKC,OK,ASW,CE,Combined TRACON& Tower with Radar,83,23,44,47,197,0,6,16,8,30,83,29,60,55,227,22,26,48,275
12/17/2020,OKC,OK,ASW,CE,Combined TRACON& Tower with Radar,104,23,15,45,187,0,2,15,11,28,104,25,30,56,215,0,58,58,273
12/18/2020,OKC,OK,ASW,CE,Combined TRACON& Tower with Radar,105,19,21,42,187,0,9,12,14,35,105,28,33,56,222,0,0,0,222
12/19/2020,OKC,OK,ASW,CE,Combined TRACON& Tower with Radar,91,10,3,15,119,0,3,21,5,29,91,13,24,20,148,0,0,0,148
12/20/2020,OKC,OK,ASW,CE,Combined TRACON& Tower with Radar,116,9,9,6,140,0,5,11,0,16,116,14,20,6,156,0,0,0,156
12/21/2020,OKC,OK,ASW,CE,Combined TRACON& Tower with Radar,105,24,8,59,196,0,1,20,17,38,105,25,28,76,234,14,78,92,326
12/22/2020,OKC,OK,ASW,CE,Combined TRACON& Tower with Radar,108,19,24,89,240,0,9,14,19,42,108,28,38,108,282,0,20,20,302
12/23/2020,OKC,OK,ASW,CE,Combined TRACON& Tower with Radar,108,22,34,1,165,0,0,10,5,15,108,22,44,6,180,0,0,0,180
12/24/2020,OKC,OK,ASW,CE,Combined TRACON& Tower with Radar,73,9,2,0,84,0,5,5,0,10,73,14,7,0,94,0,0,0,94
12/25/2020,OKC,OK,ASW,CE,Combined TRACON& Tower with Radar,63,7,2,0,72,0,5,4,1,10,63,12,6,1,82,0,0,0,82
12/26/2020,OKC,OK,ASW,CE,Combined TRACON& Tower with Radar,88,13,6,0,107,0,8,6,3,17,88,21,12,3,124,0,0,0,124
12/27/2020,OKC,OK,ASW,CE,Combined TRACON& Tower with Radar,79,18,22,0,119,0,0,8,0,8,79,18,30,0,127,0,0,0,127
12/28/2020,OKC,OK,ASW,CE,Combined TRACON& Tower with Radar,95,18,21,13,147,0,6,4,14,24,95,24,25,27,171,0,0,0,171
12/29/2020,OKC,OK,ASW,CE,Combined TRACON& Tower with Radar,95,8,27,3,133,0,0,0,0,0,95,8,27,3,133,0,0,0,133
12/30/2020,OKC,OK,ASW,CE,Combined TRACON& Tower with Radar,120,15,16,4,155,0,3,0,5,8,120,18,16,9,163,0,0,0,163
12/31/2020,OKC,OK,ASW,CE,Combined TRACON& Tower with Radar,68,10,12,0,90,0,1,2,4,7,68,11,14,4,97,0,0,0,97
01/01/2021,OKC,OK,ASW,CE,Combined TRACON& Tower with Radar,65,15,3,1,84,0,0,0,0,0,65,15,3,1,84,0,0,0,84
01/02/2021,OKC,OK,ASW,CE,Combined TRACON& Tower with Radar,103,17,16,0,136,0,7,9,0,16,103,24,25,0,152,0,0,0,152
01/03/2021,OKC,OK,ASW,CE,Combined TRACON& Tower with Radar,101,18,15,4,138,0,4,7,1,12,101,22,22,5,150,0,0,0,150
01/04/2021,OKC,OK,ASW,CE,Combined TRACON& Tower with Radar,100,18,19,29,166,0,7,7,25,39,100,25,26,54,205,0,0,0,205
01/05/2021,OKC,OK,ASW,CE,Combined TRACON& Tower with Radar,90,21,11,57,179,0,9,5,30,44,90,30,16,87,223,0,48,48,271
01/06/2021,OKC,OK,ASW,CE,Combined TRACON& Tower with Radar,93,20,17,33,163,0,0,0,2,2,93,20,17,35,165,0,0,0,165
01/07/2021,OKC,OK,ASW,CE,Combined TRACON& Tower with Radar,97,18,13,39,167,0,1,1,1,3,97,19,14,40,170,0,0,0,170
01/08/2021,OKC,OK,ASW,CE,Combined TRACON& Tower with Radar,92,19,26,99,236,0,3,7,21,31,92,22,33,120,267,0,90,90,357
01/09/2021,OKC,OK,ASW,CE,Combined TRACON& Tower with Radar,74,21,8,2,105,0,7,12,8,27,74,28,20,10,132,0,6,6,138
01/10/2021,OKC,OK,ASW,CE,Combined TRACON& Tower with Radar,88,15,10,8,121,0,1,1,0,2,88,16,11,8,123,0,0,0,123
01/11/2021,OKC,OK,ASW,CE,Combined TRACON& Tower with Radar,89,16,19,57,181,0,2,9,26,37,89,18,28,83,218,0,0,0,218
01/12/2021,OKC,OK,ASW,CE,Combined TRACON& Tower with Radar,93,16,35,90,234,0,3,13,47,63,93,19,48,137,297,0,114,114,411
01/13/2021,OKC,OK,ASW,CE,Combined TRACON& Tower with Radar,89,17,26,69,201,0,8,15,15,38,89,25,41,84,239,2,56,58,297
01/14/2021,OKC,OK,ASW,CE,Combined TRACON& Tower with Radar,100,16,15,70,201,0,10,6,11,27,100,26,21,81,228,0,34,34,262
01/15/2021,OKC,OK,ASW,CE,Combined TRACON& Tower with Radar,95,19,21,27,162,0,4,0,4,8,95,23,21,31,170,0,0,0,170
01/16/2021,OKC,OK,ASW,CE,Combined TRACON& Tower with Radar,73,15,13,5,106,0,9,7,2,18,73,24,20,7,124,0,0,0,124
01/17/2021,OKC,OK,ASW,CE,Combined TRACON& Tower with Radar,90,6,9,19,124,0,10,16,7,33,90,16,25,26,157,10,0,10,167
01/18/2021,OKC,OK,ASW,CE,Combined TRACON& Tower with Radar,82,11,11,2,106,0,5,9,3,17,82,16,20,5,123,0,0,0,123
01/19/2021,OKC,OK,ASW,CE,Combined TRACON& Tower with Radar,85,14,19,96,214,0,2,12,32,46,85,16,31,128,260,0,128,128,388
01/20/2021,OKC,OK,ASW,CE,Combined TRACON& Tower with Radar,86,14,9,157,266,0,8,3,12,23,86,22,12,169,289,0,8,8,297
01/21/2021,OKC,OK,ASW,CE,Combined TRACON& Tower with Radar,96,17,29,95,237,0,1,4,19,24,96,18,33,114,261,0,0,0,261
01/22/2021,OKC,OK,ASW,CE,Combined TRACON& Tower with Radar,104,23,25,110,262,0,4,13,17,34,104,27,38,127,296,0,14,14,310
01/23/2021,OKC,OK,ASW,CE,Combined TRACON& Tower with Radar,71,11,5,52,139,0,0,2,1,3,71,11,7,53,142,0,0,0,142
01/24/2021,OKC,OK,ASW,CE,Combined TRACON& Tower with Radar,86,17,10,60,173,0,0,0,0,0,86,17,10,60,173,0,0,0,173
01/25/2021,OKC,OK,ASW,CE,Combined TRACON& Tower with Radar,89,13,32,25,159,0,4,3,10,17,89,17,35,35,176,0,0,0,176
01/26/2021,OKC,OK,ASW,CE,Combined TRACON& Tower with Radar,89,13,19,126,247,0,4,1,9,14,89,17,20,135,261,0,22,22,283
01/27/2021,OKC,OK,ASW,CE,Combined TRACON& Tower with Radar,86,15,28,153,282,0,2,8,15,25,86,17,36,168,307,0,98,98,405
01/28/2021,OKC,OK,ASW,CE,Combined TRACON& Tower with Radar,102,23,19,73,217,0,6,22,22,50,102,29,41,95,267,8,132,140,407
01/29/2021,OKC,OK,ASW,CE,Combined TRACON& Tower with Radar,94,20,22,91,227,0,10,6,20,36,94,30,28,111,263,0,136,136,399
01/30/2021,OKC,OK,ASW,CE,Combined TRACON& Tower with Radar,80,14,5,12,111,0,4,7,0,11,80,18,12,12,122,0,0,0,122
01/31/2021,OKC,OK,ASW,CE,Combined TRACON& Tower with Radar,88,16,12,16,132,0,7,10,2,19,88,23,22,18,151,0,0,0,151
02/01/2021,OKC,OK,ASW,CE,Combined TRACON& Tower with Radar,90,19,14,74,197,1,9,25,19,54,91,28,39,93,251,0,52,52,303
02/02/2021,OKC,OK,ASW,CE,Combined TRACON& Tower with Radar,89,23,37,58,207,0,20,6,27,53,89,43,43,85,260,0,68,68,328
02/03/2021,OKC,OK,ASW,CE,Combined TRACON& Tower with Radar,88,17,33,54,192,0,11,4,22,37,88,28,37,76,229,2,86,88,317
02/04/2021,OKC,OK,ASW,CE,Combined TRACON& Tower with Radar,101,20,17,73,211,0,3,5,30,38,101,23,22,103,249,0,48,48,297
02/05/2021,OKC,OK,ASW,CE,Combined TRACON& Tower with Radar,97,24,35,111,267,0,7,19,26,52,97,31,54,137,319,6,74,80,399
02/06/2021,OKC,OK,ASW,CE,Combined TRACON& Tower with Radar,72,20,5,55,152,0,0,0,0,0,72,20,5,55,152,0,0,0,152
02/07/2021,OKC,OK,ASW,CE,Combined TRACON& Tower with Radar,87,7,7,7,108,0,1,0,0,1,87,8,7,7,109,0,0,0,109
02/08/2021,OKC,OK,ASW,CE,Combined TRACON& Tower with Radar,94,16,16,2,128,0,0,0,0,0,94,16,16,2,128,0,0,0,128
02/09/2021,OKC,OK,ASW,CE,Combined TRACON& Tower with Radar,89,15,19,6,129,0,0,0,0,0,89,15,19,6,129,0,0,0,129
02/10/2021,OKC,OK,ASW,CE,Combined TRACON& Tower with Radar,87,29,22,0,138,0,0,0,0,0,87,29,22,0,138,0,0,0,138
02/11/2021,OKC,OK,ASW,CE,Combined TRACON& Tower with Radar,103,19,24,13,159,0,0,0,0,0,103,19,24,13,159,0,0,0,159
02/12/2021,OKC,OK,ASW,CE,Combined TRACON& Tower with Radar,102,19,21,0,142,0,0,0,0,0,102,19,21,0,142,0,0,0,142
02/13/2021,OKC,OK,ASW,CE,Combined TRACON& Tower with Radar,74,14,16,0,104,0,4,2,0,6,74,18,18,0,110,0,0,0,110
02/14/2021,OKC,OK,ASW,CE,Combined TRACON& Tower with Radar,14,10,3,0,27,0,0,0,0,0,14,10,3,0,27,0,0,0,27
02/15/2021,OKC,OK,ASW,CE,Combined TRACON& Tower with Radar,51,13,4,0,68,0,5,1,2,8,51,18,5,2,76,0,0,0,76
02/16/2021,OKC,OK,ASW,CE,Combined TRACON& Tower with Radar,40,14,8,2,64,0,0,4,1,5,40,14,12,3,69,0,0,0,69
02/17/2021,OKC,OK,ASW,CE,Combined TRACON& Tower with Radar,44,15,3,10,72,0,3,5,0,8,44,18,8,10,80,0,0,0,80
02/18/2021,OKC,OK,ASW,CE,Combined TRACON& Tower with Radar,82,20,10,14,126,0,6,4,3,13,82,26,14,17,139,0,0,0,139
02/19/2021,OKC,OK,ASW,CE,Combined TRACON& Tower with Radar,91,25,20,78,214,0,2,4,40,46,91,27,24,118,260,0,12,12,272
02/20/2021,OKC,OK,ASW,CE,Combined TRACON& Tower with Radar,74,18,22,28,142,1,1,15,13,30,75,19,37,41,172,0,0,0,172
02/21/2021,OKC,OK,ASW,CE,Combined TRACON& Tower with Radar,92,14,10,16,132,0,9,12,6,27,92,23,22,22,159,0,30,30,189
02/22/2021,OKC,OK,ASW,CE,Combined TRACON& Tower with Radar,99,21,17,120,257,0,9,22,46,77,99,30,39,166,334,0,78,78,412
02/23/2021,OKC,OK,ASW,CE,Combined TRACON& Tower with Radar,98,24,30,156,308,0,8,38,86,132,98,32,68,242,440,0,100,100,540
02/24/2021,OKC,OK,ASW,CE,Combined TRACON& Tower with Radar,92,28,24,109,253,0,7,16,37,60,92,35,40,146,313,0,6,6,319
02/25/2021,OKC,OK,ASW,CE,Combined TRACON& Tower with Radar,98,16,36,132,282,0,3,20,44,67,98,19,56,176,349,0,90,90,439
02/26/2021,OKC,OK,ASW,CE,Combined TRACON& Tower with Radar,102,30,37,84,253,0,7,3,22,32,102,37,40,106,285,0,0,0,285
02/27/2021,OKC,OK,ASW,CE,Combined TRACON& Tower with Radar,84,12,17,7,120,0,0,0,0,0,84,12,17,7,120,0,0,0,120
02/28/2021,OKC,OK,ASW,CE,Combined TRACON& Tower with Radar,112,11,25,21,169,0,2,22,0,24,112,13,47,21,193,8,26,34,227
03/01/2021,OKC,OK,ASW,CE,Combined TRACON& Tower with Radar,93,25,19,140,277,0,4,15,34,53,93,29,34,174,330,0,128,128,458
03/02/2021,OKC,OK,ASW,CE,Combined TRACON& Tower with Radar,96,17,28,92,233,0,4,13,36,53,96,21,41,128,286,0,51,51,337
03/03/2021,OKC,OK,ASW,CE,Combined TRACON& Tower with Radar,93,29,27,55,204,0,13,26,43,82,93,42,53,98,286,0,138,138,424
03/04/2021,OKC,OK,ASW,CE,Combined TRACON& Tower with Radar,103,21,24,69,217,0,4,14,27,45,103,25,38,96,262,0,82,82,344
03/05/2021,OKC,OK,ASW,CE,Combined TRACON& Tower with Radar,104,19,29,51,203,0,0,10,9,19,104,19,39,60,222,12,22,34,256
03/06/2021,OKC,OK,ASW,CE,Combined TRACON& Tower with Radar,83,15,14,51,163,0,5,21,5,31,83,20,35,56,194,0,40,40,234
03/07/2021,OKC,OK,ASW,CE,Combined TRACON& Tower with Radar,103,5,22,20,150,0,4,17,2,23,103,9,39,22,173,0,0,0,173
03/08/2021,OKC,OK,ASW,CE,Combined TRACON& Tower with Radar,106,14,20,152,292,0,2,15,42,59,106,16,35,194,351,0,58,58,409
03/09/2021,OKC,OK,ASW,CE,Combined TRACON& Tower with Radar,99,19,29,98,245,2,4,4,30,40,101,23,33,128,285,0,0,0,285
03/10/2021,OKC,OK,ASW,CE,Combined TRACON& Tower with Radar,100,24,29,101,254,0,8,4,38,50,100,32,33,139,304,4,0,4,308
03/11/2021,OKC,OK,ASW,CE,Combined TRACON& Tower with Radar,111,22,48,103,284,0,0,4,23,27,111,22,52,126,311,0,0,0,311
03/12/2021,OKC,OK,ASW,CE,Combined TRACON& Tower with Radar,107,14,39,16,176,0,0,0,2,2,107,14,39,18,178,0,0,0,178
03/13/2021,OKC,OK,ASW,CE,Combined TRACON& Tower with Radar,86,20,18,0,124,0,1,2,0,3,86,21,20,0,127,0,0,0,127
03/14/2021,OKC,OK,ASW,CE,Combined TRACON& Tower with Radar,99,13,24,28,164,0,5,14,6,25,99,18,38,34,189,0,54,54,243
03/15/2021,OKC,OK,ASW,CE,Combined TRACON& Tower with Radar,100,18,12,58,188,0,6,15,39,60,100,24,27,97,248,0,0,0,248
03/16/2021,OKC,OK,ASW,CE,Combined TRACON& Tower with Radar,111,26,27,104,268,0,5,23,29,57,111,31,50,133,325,0,92,92,417
03/17/2021,OKC,OK,ASW,CE,Combined TRACON& Tower with Radar,103,16,9,16,144,0,0,0,1,1,103,16,9,17,145,0,0,0,145
03/18/2021,OKC,OK,ASW,CE,Combined TRACON& Tower with Radar,111,13,28,108,260,0,0,10,23,33,111,13,38,131,293,4,26,30,323
03/19/2021,OKC,OK,ASW,CE,Combined TRACON& Tower with Radar,114,18,28,97,257,0,3,20,24,47,114,21,48,121,304,0,30,30,334
03/20/2021,OKC,OK,ASW,CE,Combined TRACON& Tower with Radar,91,16,16,31,154,0,2,32,1,35,91,18,48,32,189,0,0,0,189
03/21/2021,OKC,OK,ASW,CE,Combined TRACON& Tower with Radar,105,15,27,22,169,0,4,14,4,22,105,19,41,26,191,8,0,8,199
03/22/2021,OKC,OK,ASW,CE,Combined TRACON& Tower with Radar,99,18,23,25,165,0,0,0,2,2,99,18,23,27,167,0,0,0,167
03/23/2021,OKC,OK,ASW,CE,Combined TRACON& Tower with Radar,111,15,21,106,253,0,5,12,24,41,111,20,33,130,294,0,0,0,294
03/24/2021,OKC,OK,ASW,CE,Combined TRACON& Tower with Radar,115,18,34,172,339,0,5,18,20,43,115,23,52,192,382,0,74,74,456
03/25/2021,OKC,OK,ASW,CE,Combined TRACON& Tower with Radar,112,26,36,116,290,0,8,27,51,86,112,34,63,167,376,0,10,10,386
03/26/2021,OKC,OK,ASW,CE,Combined TRACON& Tower with Radar,118,11,29,123,281,0,8,24,35,67,118,19,53,158,348,0,90,90,438
03/27/2021,OKC,OK,ASW,CE,Combined TRACON& Tower with Radar,83,18,18,167,286,0,0,21,5,26,83,18,39,172,312,0,104,104,416
03/28/2021,OKC,OK,ASW,CE,Combined TRACON& Tower with Radar,104,24,24,25,177,0,5,19,3,27,104,29,43,28,204,0,0,0,204
03/29/2021,OKC,OK,ASW,CE,Combined TRACON& Tower with Radar,101,20,19,74,214,0,12,12,29,53,101,32,31,103,267,0,0,0,267
03/30/2021,OKC,OK,ASW,CE,Combined TRACON& Tower with Radar,110,25,53,85,273,0,8,12,36,56,110,33,65,121,329,0,40,40,369
03/31/2021,OKC,OK,ASW,CE,Combined TRACON& Tower with Radar,104,14,25,110,253,0,2,17,30,49,104,16,42,140,302,0,8,8,310
04/01/2021,OKC,OK,ASW,CE,Combined TRACON& Tower with Radar,115,26,26,99,266,1,0,20,29,50,116,26,46,128,316,0,34,34,350
04/02/2021,OKC,OK,ASW,CE,Combined TRACON& Tower with Radar,114,18,18,76,226,0,5,17,17,39,114,23,35,93,265,0,24,24,289
04/03/2021,OKC,OK,ASW,CE,Combined TRACON& Tower with Radar,83,11,5,8,107,0,3,19,1,23,83,14,24,9,130,0,0,0,130
04/04/2021,OKC,OK,ASW,CE,Combined TRACON& Tower with Radar,105,9,12,27,153,0,12,7,3,22,105,21,19,30,175,0,0,0,175
04/05/2021,OKC,OK,ASW,CE,Combined TRACON& Tower with Radar,113,26,24,157,320,0,5,10,23,38,113,31,34,180,358,0,88,88,446
04/06/2021,OKC,OK,ASW,CE,Combined TRACON& Tower with Radar,117,19,32,149,317,0,6,5,19,30,117,25,37,168,347,4,44,48,395
04/07/2021,OKC,OK,ASW,CE,Combined TRACON& Tower with Radar,113,19,34,102,268,0,7,9,27,43,113,26,43,129,311,4,14,18,329
04/08/2021,OKC,OK,ASW,CE,Combined TRACON& Tower with Radar,113,22,24,167,326,0,6,20,24,50,113,28,44,191,376,0,67,67,443
04/09/2021,OKC,OK,ASW,CE,Combined TRACON& Tower with Radar,118,25,48,67,258,0,13,9,4,26,118,38,57,71,284,0,0,0,284
04/10/2021,OKC,OK,ASW,CE,Combined TRACON& Tower with Radar,92,17,16,9,134,0,8,11,3,22,92,25,27,12,156,0,0,0,156
04/11/2021,OKC,OK,ASW,CE,Combined TRACON& Tower with Radar,107,17,14,49,187,0,2,16,9,27,107,19,30,58,214,0,0,0,214
04/12/2021,OKC,OK,ASW,CE,Combined TRACON& Tower with Radar,107,24,15,193,339,0,2,17,31,50,107,26,32,224,389,0,94,94,483
04/13/2021,OKC,OK,ASW,CE,Combined TRACON& Tower with Radar,96,23,25,35,179,0,3,15,9,27,96,26,40,44,206,0,20,20,226
04/14/2021,OKC,OK,ASW,CE,Combined TRACON& Tower with Radar,100,26,32,93,251,0,2,25,9,36,100,28,57,102,287,0,10,10,297
04/15/2021,OKC,OK,ASW,CE,Combined TRACON& Tower with Radar,108,26,39,29,202,0,2,14,10,26,108,28,53,39,228,0,0,0,228
04/16/2021,OKC,OK,ASW,CE,Combined TRACON& Tower with Radar,125,11,26,38,200,0,0,0,0,0,125,11,26,38,200,0,0,0,200
04/17/2021,OKC,OK,ASW,CE,Combined TRACON& Tower with Radar,96,11,21,56,184,0,1,17,3,21,96,12,38,59,205,0,0,0,205
04/18/2021,OKC,OK,ASW,CE,Combined TRACON& Tower with Radar,99,14,25,6,144,0,3,24,8,35,99,17,49,14,179,0,0,0,179
04/19/2021,OKC,OK,ASW,CE,Combined TRACON& Tower with Radar,107,15,29,114,265,0,10,29,43,82,107,25,58,157,347,0,38,38,385
04/20/2021,OKC,OK,ASW,CE,Combined TRACON& Tower with Radar,99,17,29,119,264,0,8,11,16,35,99,25,40,135,299,0,0,0,299
04/21/2021,OKC,OK,ASW,CE,Combined TRACON& Tower with Radar,97,15,37,97,246,0,11,34,23,68,97,26,71,120,314,0,48,48,362
04/22/2021,OKC,OK,ASW,CE,Combined TRACON& Tower with Radar,109,22,35,148,314,0,3,11,19,33,109,25,46,167,347,0,0,0,347
04/23/2021,OKC,OK,ASW,CE,Combined TRACON& Tower with Radar,129,14,27,25,195,0,1,2,3,6,129,15,29,28,201,0,0,0,201
04/24/2021,OKC,OK,ASW,CE,Combined TRACON& Tower with Radar,94,11,31,4,140,0,7,30,0,37,94,18,61,4,177,0,0,0,177
04/25/2021,OKC,OK,ASW,CE,Combined TRACON& Tower with Radar,99,13,17,37,166,0,6,13,13,32,99,19,30,50,198,0,0,0,198
04/26/2021,OKC,OK,ASW,CE,Combined TRACON& Tower with Radar,106,17,21,134,278,0,4,3,23,30,106,21,24,157,308,0,26,26,334
04/27/2021,OKC,OK,ASW,CE,Combined TRACON& Tower with Radar,97,24,43,73,237,0,5,0,17,22,97,29,43,90,259,0,0,0,259
04/28/2021,OKC,OK,ASW,CE,Combined TRACON& Tower with Radar,98,13,25,28,164,0,0,0,0,0,98,13,25,28,164,0,0,0,164
04/29/2021,OKC,OK,ASW,CE,Combined TRACON& Tower with Radar,107,32,41,170,350,0,10,19,15,44,107,42,60,185,394,20,16,36,430
04/30/2021,OKC,OK,ASW,CE,Combined TRACON& Tower with Radar,109,44,27,162,342,0,15,35,25,75,109,59,62,187,417,10,170,180,597
05/01/2021,OKC,OK,ASW,CE,Combined TRACON& Tower with Radar,94,26,52,38,210,0,7,9,11,27,94,33,61,49,237,0,0,0,237
05/02/2021,OKC,OK,ASW,CE,Combined TRACON& Tower with Radar,102,27,44,35,208,0,13,10,4,27,102,40,54,39,235,0,22,22,257
05/03/2021,OKC,OK,ASW,CE,Combined TRACON& Tower with Radar,126,16,28,40,210,0,6,6,10,22,126,22,34,50,232,0,0,0,232
05/04/2021,OKC,OK,ASW,CE,Combined TRACON& Tower with Radar,108,24,39,71,242,0,8,18,39,65,108,32,57,110,307,4,14,18,325
05/05/2021,OKC,OK,ASW,CE,Combined TRACON& Tower with Radar,105,20,34,129,288,0,3,33,45,81,105,23,67,174,369,0,46,46,415
05/06/2021,OKC,OK,ASW,CE,Combined TRACON& Tower with Radar,114,18,29,82,243,0,5,17,29,51,114,23,46,111,294,0,44,44,338
05/07/2021,OKC,OK,ASW,CE,Combined TRACON& Tower with Radar,114,14,20,71,219,0,2,27,41,70,114,16,47,112,289,0,66,66,355
05/08/2021,OKC,OK,ASW,CE,Combined TRACON& Tower with Radar,107,16,10,27,160,0,2,5,5,12,107,18,15,32,172,0,0,0,172
05/09/2021,OKC,OK,ASW,CE,Combined TRACON& Tower with Radar,113,14,8,20,155,0,9,6,4,19,113,23,14,24,174,0,0,0,174
05/10/2021,OKC,OK,ASW,CE,Combined TRACON& Tower with Radar,144,12,48,139,343,0,2,14,18,34,144,14,62,157,377,0,30,30,407
05/11/2021,OKC,OK,ASW,CE,Combined TRACON& Tower with Radar,142,40,38,11,231,0,0,2,4,6,142,40,40,15,237,0,0,0,237
05/12/2021,OKC,OK,ASW,CE,Combined TRACON& Tower with Radar,114,33,34,82,263,0,6,9,17,32,114,39,43,99,295,0,24,24,319
05/13/2021,OKC,OK,ASW,CE,Combined TRACON& Tower with Radar,119,30,24,80,253,0,9,25,35,69,119,39,49,115,322,0,56,56,378
05/14/2021,OKC,OK,ASW,CE,Combined TRACON& Tower with Radar,119,15,32,88,254,0,13,19,19,51,119,28,51,107,305,0,46,46,351
05/15/2021,OKC,OK,ASW,CE,Combined TRACON& Tower with Radar,106,12,36,15,169,0,3,16,1,20,106,15,52,16,189,0,14,14,203
05/16/2021,OKC,OK,ASW,CE,Combined TRACON& Tower with Radar,120,10,14,5,149,0,1,5,1,7,120,11,19,6,156,0,0,0,156
05/17/2021,OKC,OK,ASW,CE,Combined TRACON& Tower with Radar,112,17,35,62,226,0,3,9,11,23,112,20,44,73,249,0,0,0,249
05/18/2021,OKC,OK,ASW,CE,Combined TRACON& Tower with Radar,126,16,23,86,251,0,1,5,16,22,126,17,28,102,273,0,36,36,309
05/19/2021,OKC,OK,ASW,CE,Combined TRACON& Tower with Radar,108,23,39,138,308,0,8,6,22,36,108,31,45,160,344,0,0,0,344
05/20/2021,OKC,OK,ASW,CE,Combined TRACON& Tower with Radar,118,32,29,201,380,0,3,5,26,34,118,35,34,227,414,0,66,66,480
05/21/2021,OKC,OK,ASW,CE,Combined TRACON& Tower with Radar,117,16,23,60,216,0,4,7,5,16,117,20,30,65,232,0,0,0,232
05/22/2021,OKC,OK,ASW,CE,Combined TRACON& Tower with Radar,105,9,15,9,138,0,0,0,0,0,105,9,15,9,138,0,0,0,138
05/23/2021,OKC,OK,ASW,CE,Combined TRACON& Tower with Radar,109,9,17,15,150,0,5,2,1,8,109,14,19,16,158,0,0,0,158
05/24/2021,OKC,OK,ASW,CE,Combined TRACON& Tower with Radar,136,8,38,49,231,0,0,2,6,8,136,8,40,55,239,0,0,0,239
05/25/2021,OKC,OK,ASW,CE,Combined TRACON& Tower with Radar,116,13,26,33,188,0,0,6,24,30,116,13,32,57,218,0,0,0,218
05/26/2021,OKC,OK,ASW,CE,Combined TRACON& Tower with Radar,112,19,34,30,195,0,4,6,11,21,112,23,40,41,216,0,0,0,216
05/27/2021,OKC,OK,ASW,CE,Combined TRACON& Tower with Radar,116,19,34,15,184,0,1,6,4,11,116,20,40,19,195,0,0,0,195
05/28/2021,OKC,OK,ASW,CE,Combined TRACON& Tower with Radar,118,14,40,16,188,0,3,18,23,44,118,17,58,39,232,0,0,0,232
05/29/2021,OKC,OK,ASW,CE,Combined TRACON& Tower with Radar,100,12,18,1,131,0,1,22,0,23,100,13,40,1,154,0,0,0,154
05/30/2021,OKC,OK,ASW,CE,Combined TRACON& Tower with Radar,107,7,12,1,127,0,8,11,1,20,107,15,23,2,147,0,0,0,147
05/31/2021,OKC,OK,ASW,CE,Combined TRACON& Tower with Radar,99,6,9,12,126,0,0,0,0,0,99,6,9,12,126,0,0,0,126
06/01/2021,OKC,OK,ASW,CE,Combined TRACON& Tower with Radar,116,15,32,82,245,0,1,9,48,58,116,16,41,130,303,0,0,0,303
06/02/2021,OKC,OK,ASW,CE,Combined TRACON& Tower with Radar,115,18,37,109,279,0,4,16,41,61,115,22,53,150,340,0,66,66,406
06/03/2021,OKC,OK,ASW,CE,Combined TRACON& Tower with Radar,114,41,30,130,315,0,3,26,46,75,114,44,56,176,390,0,48,48,438
06/04/2021,OKC,OK,ASW,CE,Combined TRACON& Tower with Radar,122,28,37,151,338,0,12,27,26,65,122,40,64,177,403,0,0,0,403
06/05/2021,OKC,OK,ASW,CE,Combined TRACON& Tower with Radar,119,31,20,29,199,0,0,6,7,13,119,31,26,36,212,0,0,0,212
06/06/2021,OKC,OK,ASW,CE,Combined TRACON& Tower with Radar,126,16,30,4,176,0,0,4,4,8,126,16,34,8,184,0,0,0,184
06/07/2021,OKC,OK,ASW,CE,Combined TRACON& Tower with Radar,141,26,46,131,344,0,4,6,15,25,141,30,52,146,369,0,0,0,369
06/08/2021,OKC,OK,ASW,CE,Combined TRACON& Tower with Radar,120,25,32,77,254,0,4,14,17,35,120,29,46,94,289,0,0,0,289
06/09/2021,OKC,OK,ASW,CE,Combined TRACON& Tower with Radar,133,23,37,85,278,0,5,18,30,53,133,28,55,115,331,0,0,0,331
06/10/2021,OKC,OK,ASW,CE,Combined TRACON& Tower with Radar,118,16,25,87,246,0,9,17,14,40,118,25,42,101,286,0,0,0,286
06/11/2021,OKC,OK,ASW,CE,Combined TRACON& Tower with Radar,123,23,27,131,304,0,5,7,26,38,123,28,34,157,342,0,22,22,364
06/12/2021,OKC,OK,ASW,CE,Combined TRACON& Tower with Radar,123,16,19,39,197,0,9,18,5,32,123,25,37,44,229,0,0,0,229
06/13/2021,OKC,OK,ASW,CE,Combined TRACON& Tower with Radar,121,16,8,7,152,0,0,9,2,11,121,16,17,9,163,0,0,0,163
06/14/2021,OKC,OK,ASW,CE,Combined TRACON& Tower with Radar,142,23,35,150,350,0,16,24,26,66,142,39,59,176,416,0,68,68,484
06/15/2021,OKC,OK,ASW,CE,Combined TRACON& Tower with Radar,113,19,23,89,244,0,11,25,24,60,113,30,48,113,304,8,168,176,480
06/16/2021,OKC,OK,ASW,CE,Combined TRACON& Tower with Radar,111,21,35,104,271,0,9,17,51,77,111,30,52,155,348,0,44,44,392
06/17/2021,OKC,OK,ASW,CE,Combined TRACON& Tower with Radar,129,31,32,87,279,0,10,16,23,49,129,41,48,110,328,0,0,0,328
06/18/2021,OKC,OK,ASW,CE,Combined TRACON& Tower with Radar,114,17,18,12,161,0,9,12,7,28,114,26,30,19,189,0,0,0,189
06/19/2021,OKC,OK,ASW,CE,Combined TRACON& Tower with Radar,115,29,23,3,170,0,9,29,3,41,115,38,52,6,211,0,0,0,211
06/20/2021,OKC,OK,ASW,CE,Combined TRACON& Tower with Radar,125,28,17,5,175,0,5,12,0,17,125,33,29,5,192,0,0,0,192
06/21/2021,OKC,OK,ASW,CE,Combined TRACON& Tower with Radar,125,18,29,39,211,0,3,18,21,42,125,21,47,60,253,28,30,58,311
06/22/2021,OKC,OK,ASW,CE,Combined TRACON& Tower with Radar,120,25,29,90,264,0,11,29,37,77,120,36,58,127,341,50,20,70,411
06/23/2021,OKC,OK,ASW,CE,Combined TRACON& Tower with Radar,120,31,37,57,245,0,6,18,19,43,120,37,55,76,288,0,0,0,288
06/24/2021,OKC,OK,ASW,CE,Combined TRACON& Tower with Radar,119,41,29,73,262,0,4,30,21,55,119,45,59,94,317,18,12,30,347
06/25/2021,OKC,OK,ASW,CE,Combined TRACON& Tower with Radar,119,32,26,72,249,0,5,19,19,43,119,37,45,91,292,1,64,65,357
06/26/2021,OKC,OK,ASW,CE,Combined TRACON& Tower with Radar,114,32,14,1,161,0,2,1,2,5,114,34,15,3,166,0,0,0,166
06/27/2021,OKC,OK,ASW,CE,Combined TRACON& Tower with Radar,126,19,18,52,215,0,0,6,0,6,126,19,24,52,221,0,0,0,221
06/28/2021,OKC,OK,ASW,CE,Combined TRACON& Tower with Radar,142,16,16,65,239,0,0,0,10,10,142,16,16,75,249,0,18,18,267
06/29/2021,OKC,OK,ASW,CE,Combined TRACON& Tower with Radar,121,21,27,42,211,0,0,3,3,6,121,21,30,45,217,0,38,38,255
06/30/2021,OKC,OK,ASW,CE,Combined TRACON& Tower with Radar,115,39,15,147,316,0,7,17,29,53,115,46,32,176,369,2,66,68,437
07/01/2021,OKC,OK,ASW,CE,Combined TRACON& Tower with Radar,150,24,31,40,245,0,0,8,14,22,150,24,39,54,267,0,14,14,281
07/02/2021,OKC,OK,ASW,CE,Combined TRACON& Tower with Radar,123,35,24,8,190,0,0,10,1,11,123,35,34,9,201,0,0,0,201
07/03/2021,OKC,OK,ASW,CE,Combined TRACON& Tower with Radar,117,19,10,5,151,0,2,12,2,16,117,21,22,7,167,0,0,0,167
07/04/2021,OKC,OK,ASW,CE,Combined TRACON& Tower with Radar,119,17,9,0,145,0,1,23,0,24,119,18,32,0,169,0,0,0,169
07/05/2021,OKC,OK,ASW,CE,Combined TRACON& Tower with Radar,111,24,11,0,146,0,0,15,2,17,111,24,26,2,163,0,0,0,163
07/06/2021,OKC,OK,ASW,CE,Combined TRACON& Tower with Radar,139,20,21,104,284,0,0,26,19,45,139,20,47,123,329,0,6,6,335
07/07/2021,OKC,OK,ASW,CE,Combined TRACON& Tower with Radar,125,44,31,100,300,0,7,33,38,78,125,51,64,138,378,0,20,20,398
07/08/2021,OKC,OK,ASW,CE,Combined TRACON& Tower with Radar,126,37,37,109,309,0,2,42,33,77,126,39,79,142,386,26,60,86,472
07/09/2021,OKC,OK,ASW,CE,Combined TRACON& Tower with Radar,126,30,28,204,388,0,1,33,37,71,126,31,61,241,459,4,94,98,557
07/10/2021,OKC,OK,ASW,CE,Combined TRACON& Tower with Radar,120,12,20,21,173,0,2,19,5,26,120,14,39,26,199,4,0,4,203
07/11/2021,OKC,OK,ASW,CE,Combined TRACON& Tower with Radar,131,25,26,50,232,0,0,24,4,28,131,25,50,54,260,0,8,8,268
07/12/2021,OKC,OK,ASW,CE,Combined TRACON& Tower with Radar,120,25,32,99,276,0,0,34,22,56,120,25,66,121,332,0,56,56,388
07/13/2021,OKC,OK,ASW,CE,Combined TRACON& Tower with Radar,125,35,33,65,258,0,2,22,25,49,125,37,55,90,307,0,46,46,353
07/14/2021,OKC,OK,ASW,CE,Combined TRACON& Tower with Radar,127,26,34,120,307,0,11,29,22,62,127,37,63,142,369,0,2,2,371
07/15/2021,OKC,OK,ASW,CE,Combined TRACON& Tower with Radar,134,32,37,129,332,0,3,19,27,49,134,35,56,156,381,0,22,22,403
07/16/2021,OKC,OK,ASW,CE,Combined TRACON& Tower with Radar,129,24,17,85,255,0,1,19,10,30,129,25,36,95,285,0,16,16,301
07/17/2021,OKC,OK,ASW,CE,Combined TRACON& Tower with Radar,115,17,20,4,156,0,1,20,3,24,115,18,40,7,180,0,8,8,188
07/18/2021,OKC,OK,ASW,CE,Combined TRACON& Tower with Radar,131,15,22,12,180,0,0,19,1,20,131,15,41,13,200,0,0,0,200
07/19/2021,OKC,OK,ASW,CE,Combined TRACON& Tower with Radar,140,28,29,126,323,0,0,23,48,71,140,28,52,174,394,26,0,26,420
07/20/2021,OKC,OK,ASW,CE,Combined TRACON& Tower with Radar,129,33,50,116,328,0,8,38,39,85,129,41,88,155,413,0,44,44,457
07/21/2021,OKC,OK,ASW,CE,Combined TRACON& Tower with Radar,121,30,42,143,336,0,3,38,42,83,121,33,80,185,419,0,62,62,481
07/22/2021,OKC,OK,ASW,CE,Combined TRACON& Tower with Radar,137,35,40,87,299,0,1,28,33,62,137,36,68,120,361,14,24,38,399
07/23/2021,OKC,OK,ASW,CE,Combined TRACON& Tower with Radar,127,18,18,71,234,0,4,30,18,52,127,22,48,89,286,0,42,42,328
07/24/2021,OKC,OK,ASW,CE,Combined TRACON& Tower with Radar,115,19,14,12,160,0,1,35,6,42,115,20,49,18,202,0,0,0,202
07/25/2021,OKC,OK,ASW,CE,Combined TRACON& Tower with Radar,141,18,13,2,174,0,0,20,0,20,141,18,33,2,194,0,0,0,194
07/26/2021,OKC,OK,ASW,CE,Combined TRACON& Tower with Radar,120,22,26,38,206,0,4,9,30,43,120,26,35,68,249,12,18,30,279
07/27/2021,OKC,OK,ASW,CE,Combined TRACON& Tower with Radar,136,40,27,101,304,0,7,16,23,46,136,47,43,124,350,0,90,90,440
07/28/2021,OKC,OK,ASW,CE,Combined TRACON& Tower with Radar,129,21,24,106,280,0,1,24,23,48,129,22,48,129,328,0,22,22,350
07/29/2021,OKC,OK,ASW,CE,Combined TRACON& Tower with Radar,138,30,26,97,291,0,2,31,26,59,138,32,57,123,350,0,38,38,388
07/30/2021,OKC,OK,ASW,CE,Combined TRACON& Tower with Radar,124,19,30,107,280,0,6,31,29,66,124,25,61,136,346,0,32,32,378
07/31/2021,OKC,OK,ASW,CE,Combined TRACON& Tower with Radar,121,25,20,24,190,0,1,10,4,15,121,26,30,28,205,0,0,0,205
08/01/2021,OKC,OK,ASW,CE,Combined TRACON& Tower with Radar,188,22,12,8,230,0,2,18,0,20,188,24,30,8,250,0,0,0,250
08/02/2021,OKC,OK,ASW,CE,Combined TRACON& Tower with Radar,121,24,19,92,256,0,0,38,27,65,121,24,57,119,321,16,52,68,389
08/03/2021,OKC,OK,ASW,CE,Combined TRACON& Tower with Radar,130,27,28,109,294,0,6,40,38,84,130,33,68,147,378,0,10,10,388
08/04/2021,OKC,OK,ASW,CE,Combined TRACON& Tower with Radar,135,16,34,90,275,0,4,26,32,62,135,20,60,122,337,0,46,46,383
08/05/2021,OKC,OK,ASW,CE,Combined TRACON& Tower with Radar,152,24,22,84,282,0,3,16,15,34,152,27,38,99,316,0,10,10,326
08/06/2021,OKC,OK,ASW,CE,Combined TRACON& Tower with Radar,128,18,24,140,310,0,7,33,23,63,128,25,57,163,373,0,36,36,409
08/07/2021,OKC,OK,ASW,CE,Combined TRACON& Tower with Radar,125,20,19,24,188,0,0,29,10,39,125,20,48,34,227,0,38,38,265
08/08/2021,OKC,OK,ASW,CE,Combined TRACON& Tower with Radar,137,18,15,7,177,0,4,12,0,16,137,22,27,7,193,0,8,8,201
08/09/2021,OKC,OK,ASW,CE,Combined TRACON& Tower with Radar,130,18,21,75,244,1,0,23,31,55,131,18,44,106,299,16,70,86,385
08/10/2021,OKC,OK,ASW,CE,Combined TRACON& Tower with Radar,128,19,39,79,265,0,2,25,33,60,128,21,64,112,325,0,26,26,351
08/11/2021,OKC,OK,ASW,CE,Combined TRACON& Tower with Radar,131,38,15,83,267,0,6,27,22,55,131,44,42,105,322,0,32,32,354
08/12/2021,OKC,OK,ASW,CE,Combined TRACON& Tower with Radar,135,35,17,79,266,0,1,28,29,58,135,36,45,108,324,12,26,38,362
08/13/2021,OKC,OK,ASW,CE,Combined TRACON& Tower with Radar,126,23,21,41,211,0,0,9,25,34,126,23,30,66,245,28,6,34,279
08/14/2021,OKC,OK,ASW,CE,Combined TRACON& Tower with Radar,125,9,11,14,159,0,0,20,4,24,125,9,31,18,183,8,0,8,191
08/15/2021,OKC,OK,ASW,CE,Combined TRACON& Tower with Radar,129,21,22,24,196,0,0,23,2,25,129,21,45,26,221,0,24,24,245
08/16/2021,OKC,OK,ASW,CE,Combined TRACON& Tower with Radar,130,22,20,65,237,0,3,35,21,59,130,25,55,86,296,24,40,64,360
08/17/2021,OKC,OK,ASW,CE,Combined TRACON& Tower with Radar,112,14,18,43,187,0,0,14,17,31,112,14,32,60,218,8,16,24,242
08/18/2021,OKC,OK,ASW,CE,Combined TRACON& Tower with Radar,124,29,19,108,280,0,0,8,11,19,124,29,27,119,299,0,28,28,327
08/19/2021,OKC,OK,ASW,CE,Combined TRACON& Tower with Radar,141,24,17,37,219,0,0,2,9,11,141,24,19,46,230,0,0,0,230
08/20/2021,OKC,OK,ASW,CE,Combined TRACON& Tower with Radar,129,19,29,139,316,0,6,19,33,58,129,25,48,172,374,0,90,90,464
08/21/2021,OKC,OK,ASW,CE,Combined TRACON& Tower with Radar,117,14,19,13,163,0,4,15,5,24,117,18,34,18,187,0,0,0,187
08/22/2021,OKC,OK,ASW,CE,Combined TRACON& Tower with Radar,137,14,13,10,174,0,0,17,0,17,137,14,30,10,191,0,0,0,191
08/23/2021,OKC,OK,ASW,CE,Combined TRACON& Tower with Radar,130,24,25,94,273,0,4,16,26,46,130,28,41,120,319,0,22,22,341
08/24/2021,OKC,OK,ASW,CE,Combined TRACON& Tower with Radar,122,30,24,109,285,0,2,19,30,51,122,32,43,139,336,0,42,42,378
08/25/2021,OKC,OK,ASW,CE,Combined TRACON& Tower with Radar,122,18,25,111,276,0,1,33,39,73,122,19,58,150,349,0,20,20,369
08/26/2021,OKC,OK,ASW,CE,Combined TRACON& Tower with Radar,146,19,21,67,253,0,4,28,31,63,146,23,49,98,316,14,56,70,386
08/27/2021,OKC,OK,ASW,CE,Combined TRACON& Tower with Radar,135,11,20,105,271,0,0,26,27,53,135,11,46,132,324,22,56,78,402
08/28/2021,OKC,OK,ASW,CE,Combined TRACON& Tower with Radar,118,14,6,40,178,0,0,18,7,25,118,14,24,47,203,0,0,0,203
08/29/2021,OKC,OK,ASW,CE,Combined TRACON& Tower with Radar,134,17,23,32,206,0,1,15,9,25,134,18,38,41,231,0,18,18,249
08/30/2021,OKC,OK,ASW,CE,Combined TRACON& Tower with Radar,126,11,24,87,248,0,2,23,27,52,126,13,47,114,300,8,24,32,332
08/31/2021,OKC,OK,ASW,CE,Combined TRACON& Tower with Radar,129,24,21,95,269,0,1,43,23,67,129,25,64,118,336,0,60,60,396
09/01/2021,OKC,OK,ASW,CE,Combined TRACON& Tower with Radar,121,23,31,119,294,0,1,32,50,83,121,24,63,169,377,0,102,102,479
09/02/2021,OKC,OK,ASW,CE,Combined TRACON& Tower with Radar,139,22,25,73,259,0,0,26,12,38,139,22,51,85,297,0,8,8,305
09/03/2021,OKC,OK,ASW,CE,Combined TRACON& Tower with Radar,133,12,27,18,190,0,0,21,11,32,133,12,48,29,222,0,0,0,222
09/04/2021,OKC,OK,ASW,CE,Combined TRACON& Tower with Radar,118,10,6,0,134,0,0,8,1,9,118,10,14,1,143,0,0,0,143
09/05/2021,OKC,OK,ASW,CE,Combined TRACON& Tower with Radar,119,14,4,0,137,0,0,8,2,10,119,14,12,2,147,0,0,0,147
09/06/2021,OKC,OK,ASW,CE,Combined TRACON& Tower with Radar,114,10,17,0,141,0,0,17,2,19,114,10,34,2,160,0,0,0,160
09/07/2021,OKC,OK,ASW,CE,Combined TRACON& Tower with Radar,117,22,23,165,327,0,1,10,34,45,117,23,33,199,372,0,228,228,600
09/08/2021,OKC,OK,ASW,CE,Combined TRACON& Tower with Radar,128,18,28,107,281,0,1,20,26,47,128,19,48,133,328,0,0,0,328
09/09/2021,OKC,OK,ASW,CE,Combined TRACON& Tower with Radar,136,34,31,85,286,0,7,21,23,51,136,41,52,108,337,0,14,14,351
09/10/2021,OKC,OK,ASW,CE,Combined TRACON& Tower with Radar,128,31,27,71,257,1,0,12,12,25,129,31,39,83,282,0,0,0,282
09/11/2021,OKC,OK,ASW,CE,Combined TRACON& Tower with Radar,115,25,13,24,177,0,3,22,10,35,115,28,35,34,212,0,20,20,232
09/12/2021,OKC,OK,ASW,CE,Combined TRACON& Tower with Radar,143,21,18,5,187,0,0,14,1,15,143,21,32,6,202,0,0,0,202
09/13/2021,OKC,OK,ASW,CE,Combined TRACON& Tower with Radar,125,20,15,92,252,0,3,18,29,50,125,23,33,121,302,0,24,24,326
09/14/2021,OKC,OK,ASW,CE,Combined TRACON& Tower with Radar,117,22,26,134,299,0,0,32,22,54,117,22,58,156,353,0,84,84,437
09/15/2021,OKC,OK,ASW,CE,Combined TRACON& Tower with Radar,124,26,27,75,252,0,5,24,35,64,124,31,51,110,316,0,20,20,336
09/16/2021,OKC,OK,ASW,CE,Combined TRACON& Tower with Radar,138,30,32,85,285,0,4,33,23,60,138,34,65,108,345,6,72,78,423
09/17/2021,OKC,OK,ASW,CE,Combined TRACON& Tower with Radar,141,25,32,117,315,0,6,25,28,59,141,31,57,145,374,6,54,60,434
09/18/2021,OKC,OK,ASW,CE,Combined TRACON& Tower with Radar,119,24,21,36,200,0,0,16,5,21,119,24,37,41,221,0,0,0,221
09/19/2021,OKC,OK,ASW,CE,Combined TRACON& Tower with Radar,144,27,34,13,218,0,0,22,8,30,144,27,56,21,248,0,0,0,248
09/20/2021,OKC,OK,ASW,CE,Combined TRACON& Tower with Radar,137,16,13,95,261,0,1,20,44,65,137,17,33,139,326,6,62,68,394
09/21/2021,OKC,OK,ASW,CE,Combined TRACON& Tower with Radar,118,35,18,113,284,0,0,23,31,54,118,35,41,144,338,20,52,72,410
09/22/2021,OKC,OK,ASW,CE,Combined TRACON& Tower with Radar,122,20,16,105,263,0,7,20,44,71,122,27,36,149,334,12,74,86,420
09/23/2021,OKC,OK,ASW,CE,Combined TRACON& Tower with Radar,148,34,37,37,256,0,0,13,28,41,148,34,50,65,297,0,22,22,319
09/24/2021,OKC,OK,ASW,CE,Combined TRACON& Tower with Radar,133,38,26,41,238,0,11,26,16,53,133,49,52,57,291,0,46,46,337
09/25/2021,OKC,OK,ASW,CE,Combined TRACON& Tower with Radar,114,18,37,3,172,0,6,29,4,39,114,24,66,7,211,8,6,14,225
09/26/2021,OKC,OK,ASW,CE,Combined TRACON& Tower with Radar,141,15,43,13,212,0,1,22,6,29,141,16,65,19,241,0,0,0,241
09/27/2021,OKC,OK,ASW,CE,Combined TRACON& Tower with Radar,128,17,37,114,296,0,1,28,27,56,128,18,65,141,352,0,0,0,352
09/28/2021,OKC,OK,ASW,CE,Combined TRACON& Tower with Radar,123,33,21,93,270,0,1,10,30,41,123,34,31,123,311,0,0,0,311
09/29/2021,OKC,OK,ASW,CE,Combined TRACON& Tower with Radar,119,32,25,123,299,0,11,16,15,42,119,43,41,138,341,0,142,142,483
09/30/2021,OKC,OK,ASW,CE,Combined TRACON& Tower with Radar,136,17,15,8,176,0,1,7,0,8,136,18,22,8,184,0,0,0,184
10/01/2021,OKC,OK,ASW,CE,Combined TRACON& Tower with Radar,136,22,28,103,289,0,0,11,0,11,136,22,39,103,300,0,0,0,300
10/02/2021,OKC,OK,ASW,CE,Combined TRACON& Tower with Radar,117,11,12,31,171,0,1,10,2,13,117,12,22,33,184,8,8,16,200
10/03/2021,OKC,OK,ASW,CE,Combined TRACON& Tower with Radar,145,10,23,3,181,0,0,12,0,12,145,10,35,3,193,0,0,0,193
10/04/2021,OKC,OK,ASW,CE,Combined TRACON& Tower with Radar,127,26,32,139,324,0,0,30,21,51,127,26,62,160,375,0,20,20,395
10/05/2021,OKC,OK,ASW,CE,Combined TRACON& Tower with Radar,121,28,42,117,308,0,7,20,25,52,121,35,62,142,360,30,56,86,446
10/06/2021,OKC,OK,ASW,CE,Combined TRACON& Tower with Radar,134,35,50,167,386,0,6,25,40,71,134,41,75,207,457,8,40,48,505
10/07/2021,OKC,OK,ASW,CE,Combined TRACON& Tower with Radar,139,36,33,102,310,0,6,20,23,49,139,42,53,125,359,0,20,20,379
10/08/2021,OKC,OK,ASW,CE,Combined TRACON& Tower with Radar,134,27,23,104,288,0,0,24,6,30,134,27,47,110,318,0,10,10,328
10/09/2021,OKC,OK,ASW,CE,Combined TRACON& Tower with Radar,105,19,9,22,155,0,4,13,15,32,105,23,22,37,187,0,0,0,187
10/10/2021,OKC,OK,ASW,CE,Combined TRACON& Tower with Radar,121,15,24,0,160,0,1,8,0,9,121,16,32,0,169,0,0,0,169
10/11/2021,OKC,OK,ASW,CE,Combined TRACON& Tower with Radar,124,15,25,2,166,0,2,25,0,27,124,17,50,2,193,0,0,0,193
10/12/2021,OKC,OK,ASW,CE,Combined TRACON& Tower with Radar,120,23,34,34,211,0,1,15,7,23,120,24,49,41,234,0,0,0,234
10/13/2021,OKC,OK,ASW,CE,Combined TRACON& Tower with Radar,135,35,38,76,284,0,0,8,16,24,135,35,46,92,308,0,10,10,318
10/14/2021,OKC,OK,ASW,CE,Combined TRACON& Tower with Radar,138,39,37,62,276,0,5,4,6,15,138,44,41,68,291,0,0,0,291
10/15/2021,OKC,OK,ASW,CE,Combined TRACON& Tower with Radar,132,18,37,36,223,0,3,33,19,55,132,21,70,55,278,0,0,0,278
10/16/2021,OKC,OK,ASW,CE,Combined TRACON& Tower with Radar,111,17,11,15,154,0,0,24,5,29,111,17,35,20,183,0,0,0,183
10/17/2021,OKC,OK,ASW,CE,Combined TRACON& Tower with Radar,143,18,33,24,218,0,0,27,7,34,143,18,60,31,252,0,0,0,252
10/18/2021,OKC,OK,ASW,CE,Combined TRACON& Tower with Radar,126,26,27,57,236,0,5,16,26,47,126,31,43,83,283,0,26,26,309
10/19/2021,OKC,OK,ASW,CE,Combined TRACON& Tower with Radar,125,32,28,79,264,0,2,29,24,55,125,34,57,103,319,14,0,14,333
10/20/2021,OKC,OK,ASW,CE,Combined TRACON& Tower with Radar,120,27,40,59,246,0,3,24,21,48,120,30,64,80,294,6,22,28,322
10/21/2021,OKC,OK,ASW,CE,Combined TRACON& Tower with Radar,127,24,30,95,276,0,11,25,25,61,127,35,55,120,337,0,48,48,385
10/22/2021,OKC,OK,ASW,CE,Combined TRACON& Tower with Radar,121,19,35,61,236,0,0,25,16,41,121,19,60,77,277,8,0,8,285
10/23/2021,OKC,OK,ASW,CE,Combined TRACON& Tower with Radar,109,19,8,7,143,0,4,23,0,27,109,23,31,7,170,0,0,0,170
10/24/2021,OKC,OK,ASW,CE,Combined TRACON& Tower with Radar,164,17,21,39,241,0,0,9,0,9,164,17,30,39,250,0,4,4,254
10/25/2021,OKC,OK,ASW,CE,Combined TRACON& Tower with Radar,131,21,24,95,271,0,5,22,36,63,131,26,46,131,334,0,2,2,336
10/26/2021,OKC,OK,ASW,CE,Combined TRACON& Tower with Radar,127,20,46,39,232,0,1,17,15,33,127,21,63,54,265,0,0,0,265
10/27/2021,OKC,OK,ASW,CE,Combined TRACON& Tower with Radar,127,27,36,61,251,0,0,3,6,9,127,27,39,67,260,0,20,20,280
10/28/2021,OKC,OK,ASW,CE,Combined TRACON& Tower with Radar,134,30,26,39,229,0,1,3,9,13,134,31,29,48,242,0,0,0,242
10/29/2021,OKC,OK,ASW,CE,Combined TRACON& Tower with Radar,138,27,11,52,228,0,6,15,17,38,138,33,26,69,266,0,0,0,266
10/30/2021,OKC,OK,ASW,CE,Combined TRACON& Tower with Radar,104,20,8,2,134,0,0,17,1,18,104,20,25,3,152,0,4,4,156
10/31/2021,OKC,OK,ASW,CE,Combined TRACON& Tower with Radar,132,15,15,11,173,0,2,29,2,33,132,17,44,13,206,0,0,0,206
11/01/2021,OKC,OK,ASW,CE,Combined TRACON& Tower with Radar,124,12,42,132,310,0,3,25,20,48,124,15,67,152,358,0,38,38,396
11/02/2021,OKC,OK,ASW,CE,Combined TRACON& Tower with Radar,125,26,40,72,263,0,0,2,3,5,125,26,42,75,268,0,0,0,268
11/03/2021,OKC,OK,ASW,CE,Combined TRACON& Tower with Radar,122,14,36,41,213,0,0,1,3,4,122,14,37,44,217,0,0,0,217
11/04/2021,OKC,OK,ASW,CE,Combined TRACON& Tower with Radar,148,15,70,98,331,0,1,20,16,37,148,16,90,114,368,0,0,0,368
11/05/2021,OKC,OK,ASW,CE,Combined TRACON& Tower with Radar,138,31,46,80,295,0,2,42,17,61,138,33,88,97,356,10,50,60,416
11/06/2021,OKC,OK,ASW,CE,Combined TRACON& Tower with Radar,110,12,19,24,165,0,2,42,9,53,110,14,61,33,218,0,14,14,232
11/07/2021,OKC,OK,ASW,CE,Combined TRACON& Tower with Radar,138,17,33,25,213,0,1,37,9,47,138,18,70,34,260,0,0,0,260
11/08/2021,OKC,OK,ASW,CE,Combined TRACON& Tower with Radar,129,21,34,61,245,0,4,30,38,72,129,25,64,99,317,0,22,22,339
11/09/2021,OKC,OK,ASW,CE,Combined TRACON& Tower with Radar,116,32,38,54,240,0,1,15,26,42,116,33,53,80,282,0,0,0,282
11/10/2021,OKC,OK,ASW,CE,Combined TRACON& Tower with Radar,134,20,49,50,253,0,0,3,6,9,134,20,52,56,262,0,2,2,264
11/11/2021,OKC,OK,ASW,CE,Combined TRACON& Tower with Radar,150,32,32,10,224,0,7,38,0,45,150,39,70,10,269,0,22,22,291
11/12/2021,OKC,OK,ASW,CE,Combined TRACON& Tower with Radar,134,30,31,122,317,0,2,16,7,25,134,32,47,129,342,0,44,44,386
11/13/2021,OKC,OK,ASW,CE,Combined TRACON& Tower with Radar,109,15,27,18,169,0,0,35,5,40,109,15,62,23,209,0,14,14,223
11/14/2021,OKC,OK,ASW,CE,Combined TRACON& Tower with Radar,137,19,19,30,205,0,0,23,4,27,137,19,42,34,232,0,22,22,254
11/15/2021,OKC,OK,ASW,CE,Combined TRACON& Tower with Radar,129,20,28,66,243,0,1,28,30,59,129,21,56,96,302,12,62,74,376
11/16/2021,OKC,OK,ASW,CE,Combined TRACON& Tower with Radar,125,34,30,40,229,0,1,22,31,54,125,35,52,71,283,0,0,0,283
11/17/2021,OKC,OK,ASW,CE,Combined TRACON& Tower with Radar,124,29,39,135,327,0,1,22,22,45,124,30,61,157,372,0,4,4,376
11/18/2021,OKC,OK,ASW,CE,Combined TRACON& Tower with Radar,152,36,38,108,334,0,2,38,21,61,152,38,76,129,395,0,0,0,395
11/19/2021,OKC,OK,ASW,CE,Combined TRACON& Tower with Radar,136,25,36,96,293,0,7,26,25,58,136,32,62,121,351,0,26,26,377
11/20/2021,OKC,OK,ASW,CE,Combined TRACON& Tower with Radar,109,26,17,25,177,0,4,23,6,33,109,30,40,31,210,0,32,32,242
11/21/2021,OKC,OK,ASW,CE,Combined TRACON& Tower with Radar,126,13,12,34,185,0,0,11,4,15,126,13,23,38,200,0,10,10,210
11/22/2021,OKC,OK,ASW,CE,Combined TRACON& Tower with Radar,129,23,21,99,272,0,3,25,21,49,129,26,46,120,321,0,0,0,321
11/23/2021,OKC,OK,ASW,CE,Combined TRACON& Tower with Radar,145,27,34,58,264,0,4,10,20,34,145,31,44,78,298,0,0,0,298
11/24/2021,OKC,OK,ASW,CE,Combined TRACON& Tower with Radar,155,23,17,55,250,0,0,14,10,24,155,23,31,65,274,0,6,6,280
11/25/2021,OKC,OK,ASW,CE,Combined TRACON& Tower with Radar,80,15,3,0,98,0,0,11,0,11,80,15,14,0,109,0,0,0,109
11/26/2021,OKC,OK,ASW,CE,Combined TRACON& Tower with Radar,115,11,16,0,142,0,0,22,4,26,115,11,38,4,168,0,0,0,168
11/27/2021,OKC,OK,ASW,CE,Combined TRACON& Tower with Radar,119,25,23,0,167,0,0,13,2,15,119,25,36,2,182,0,0,0,182
11/28/2021,OKC,OK,ASW,CE,Combined TRACON& Tower with Radar,139,19,29,0,187,0,1,25,2,28,139,20,54,2,215,0,0,0,215
11/29/2021,OKC,OK,ASW,CE,Combined TRACON& Tower with Radar,139,27,36,72,274,0,0,13,30,43,139,27,49,102,317,0,74,74,391
11/30/2021,OKC,OK,ASW,CE,Combined TRACON& Tower with Radar,137,19,35,85,276,0,2,40,33,75,137,21,75,118,351,0,0,0,351
12/01/2021,OKC,OK,ASW,CE,Combined TRACON& Tower with Radar,132,41,27,107,307,0,3,20,30,53,132,44,47,137,360,0,66,66,426
12/02/2021,OKC,OK,ASW,CE,Combined TRACON& Tower with Radar,143,25,20,83,271,0,3,36,26,65,143,28,56,109,336,0,44,44,380
12/03/2021,OKC,OK,ASW,CE,Combined TRACON& Tower with Radar,140,29,35,56,260,0,2,24,13,39,140,31,59,69,299,0,0,0,299
12/04/2021,OKC,OK,ASW,CE,Combined TRACON& Tower with Radar,104,27,29,36,196,0,2,14,1,17,104,29,43,37,213,0,0,0,213
12/05/2021,OKC,OK,ASW,CE,Combined TRACON& Tower with Radar,126,33,21,18,198,0,0,17,15,32,126,33,38,33,230,0,10,10,240
12/06/2021,OKC,OK,ASW,CE,Combined TRACON& Tower with Radar,124,28,27,93,272,0,1,15,29,45,124,29,42,122,317,0,0,0,317
12/07/2021,OKC,OK,ASW,CE,Combined TRACON& Tower with Radar,128,26,35,89,278,0,1,13,24,38,128,27,48,113,316,0,68,68,384
12/08/2021,OKC,OK,ASW,CE,Combined TRACON& Tower with Radar,121,21,25,105,272,0,0,19,54,73,121,21,44,159,345,0,12,12,357
12/09/2021,OKC,OK,ASW,CE,Combined TRACON& Tower with Radar,129,37,27,103,296,0,2,35,31,68,129,39,62,134,364,0,34,34,398
12/10/2021,OKC,OK,ASW,CE,Combined TRACON& Tower with Radar,123,23,15,18,179,0,2,9,13,24,123,25,24,31,203,0,10,10,213
12/11/2021,OKC,OK,ASW,CE,Combined TRACON& Tower with Radar,97,22,18,11,148,0,4,35,0,39,97,26,53,11,187,0,0,0,187
12/12/2021,OKC,OK,ASW,CE,Combined TRACON& Tower with Radar,120,23,14,21,178,0,1,17,5,23,120,24,31,26,201,0,0,0,201
12/13/2021,OKC,OK,ASW,CE,Combined TRACON& Tower with Radar,117,33,26,64,240,0,4,28,36,68,117,37,54,100,308,0,20,20,328
12/14/2021,OKC,OK,ASW,CE,Combined TRACON& Tower with Radar,115,24,34,26,199,0,2,14,25,41,115,26,48,51,240,0,0,0,240
12/15/2021,OKC,OK,ASW,CE,Combined TRACON& Tower with Radar,116,25,44,18,203,0,0,1,9,10,116,25,45,27,213,0,0,0,213
12/16/2021,OKC,OK,ASW,CE,Combined TRACON& Tower with Radar,116,44,54,101,315,0,2,52,25,79,116,46,106,126,394,4,28,32,426
12/17/2021,OKC,OK,ASW,CE,Combined TRACON& Tower with Radar,128,43,26,111,308,0,2,24,12,38,128,45,50,123,346,0,14,14,360
12/18/2021,OKC,OK,ASW,CE,Combined TRACON& Tower with Radar,107,28,25,15,175,0,0,40,12,52,107,28,65,27,227,0,0,0,227
12/19/2021,OKC,OK,ASW,CE,Combined TRACON& Tower with Radar,131,20,14,20,185,0,0,22,1,23,131,20,36,21,208,0,0,0,208
12/20/2021,OKC,OK,ASW,CE,Combined TRACON& Tower with Radar,125,18,24,76,243,0,2,28,13,43,125,20,52,89,286,0,6,6,292
12/21/2021,OKC,OK,ASW,CE,Combined TRACON& Tower with Radar,139,19,18,93,269,0,1,41,14,56,139,20,59,107,325,0,24,24,349
12/22/2021,OKC,OK,ASW,CE,Combined TRACON& Tower with Radar,131,19,17,60,227,0,8,49,9,66,131,27,66,69,293,0,0,0,293
12/23/2021,OKC,OK,ASW,CE,Combined TRACON& Tower with Radar,126,15,23,0,164,0,0,25,2,27,126,15,48,2,191,0,0,0,191
12/24/2021,OKC,OK,ASW,CE,Combined TRACON& Tower with Radar,105,9,5,0,119,0,0,1,2,3,105,9,6,2,122,0,0,0,122
12/25/2021,OKC,OK,ASW,CE,Combined TRACON& Tower with Radar,91,12,5,0,108,0,0,10,2,12,91,12,15,2,120,0,0,0,120
12/26/2021,OKC,OK,ASW,CE,Combined TRACON& Tower with Radar,114,18,11,0,143,0,2,14,0,16,114,20,25,0,159,0,0,0,159
12/27/2021,OKC,OK,ASW,CE,Combined TRACON& Tower with Radar,118,23,15,7,163,0,0,27,15,42,118,23,42,22,205,0,0,0,205
12/28/2021,OKC,OK,ASW,CE,Combined TRACON& Tower with Radar,132,23,20,3,178,0,0,39,14,53,132,23,59,17,231,0,0,0,231
12/29/2021,OKC,OK,ASW,CE,Combined TRACON& Tower with Radar,139,22,27,6,194,0,2,23,8,33,139,24,50,14,227,0,8,8,235
12/30/2021,OKC,OK,ASW,CE,Combined TRACON& Tower with Radar,141,26,25,0,192,0,0,23,0,23,141,26,48,0,215,0,0,0,215
12/31/2021,OKC,OK,ASW,CE,Combined TRACON& Tower with Radar,99,20,9,2,130,0,0,8,0,8,99,20,17,2,138,0,0,0,138
01/01/2022,OKC,OK,ASW,CE,Combined TRACON& Tower with Radar,86,13,5,0,104,0,0,2,0,2,86,13,7,0,106,0,0,0,106
01/02/2022,OKC,OK,ASW,CE,Combined TRACON& Tower with Radar,113,20,17,0,150,0,0,9,0,9,113,20,26,0,159,0,0,0,159
01/03/2022,OKC,OK,ASW,CE,Combined TRACON& Tower with Radar,109,16,19,0,144,0,0,18,4,22,109,16,37,4,166,0,0,0,166
01/04/2022,OKC,OK,ASW,CE,Combined TRACON& Tower with Radar,101,26,20,24,171,0,1,18,15,34,101,27,38,39,205,18,26,44,249
01/05/2022,OKC,OK,ASW,CE,Combined TRACON& Tower with Radar,105,22,24,63,214,0,6,18,19,43,105,28,42,82,257,0,0,0,257
01/06/2022,OKC,OK,ASW,CE,Combined TRACON& Tower with Radar,130,19,27,124,300,0,4,9,16,29,130,23,36,140,329,0,194,194,523
01/07/2022,OKC,OK,ASW,CE,Combined TRACON& Tower with Radar,110,23,31,94,258,0,1,8,19,28,110,24,39,113,286,0,24,24,310
01/08/2022,OKC,OK,ASW,CE,Combined TRACON& Tower with Radar,99,9,7,12,127,0,0,0,0,0,99,9,7,12,127,0,0,0,127
01/09/2022,OKC,OK,ASW,CE,Combined TRACON& Tower with Radar,116,17,19,50,202,0,2,18,10,30,116,19,37,60,232,0,28,28,260
01/10/2022,OKC,OK,ASW,CE,Combined TRACON& Tower with Radar,116,22,20,77,235,0,4,16,24,44,116,26,36,101,279,0,38,38,317
01/11/2022,OKC,OK,ASW,CE,Combined TRACON& Tower with Radar,101,31,21,106,259,0,2,24,26,52,101,33,45,132,311,0,50,50,361
01/12/2022,OKC,OK,ASW,CE,Combined TRACON& Tower with Radar,112,35,22,81,250,0,7,20,33,60,112,42,42,114,310,18,0,18,328
01/13/2022,OKC,OK,ASW,CE,Combined TRACON& Tower with Radar,118,27,22,62,229,0,2,16,25,43,118,29,38,87,272,0,0,0,272
01/14/2022,OKC,OK,ASW,CE,Combined TRACON& Tower with Radar,116,30,27,77,250,0,1,24,11,36,116,31,51,88,286,0,58,58,344
01/15/2022,OKC,OK,ASW,CE,Combined TRACON& Tower with Radar,89,17,6,3,115,0,0,0,1,1,89,17,6,4,116,0,0,0,116
01/16/2022,OKC,OK,ASW,CE,Combined TRACON& Tower with Radar,99,25,13,2,139,0,0,15,0,15,99,25,28,2,154,0,0,0,154
01/17/2022,OKC,OK,ASW,CE,Combined TRACON& Tower with Radar,107,26,18,3,154,0,10,20,2,32,107,36,38,5,186,0,0,0,186
01/18/2022,OKC,OK,ASW,CE,Combined TRACON& Tower with Radar,104,23,17,54,198,0,7,30,26,63,104,30,47,80,261,0,10,10,271
01/19/2022,OKC,OK,ASW,CE,Combined TRACON& Tower with Radar,107,22,20,40,189,0,2,7,19,28,107,24,27,59,217,0,0,0,217
01/20/2022,OKC,OK,ASW,CE,Combined TRACON& Tower with Radar,115,18,26,85,244,0,0,15,27,42,115,18,41,112,286,0,0,0,286
01/21/2022,OKC,OK,ASW,CE,Combined TRACON& Tower with Radar,119,16,21,102,258,0,0,25,14,39,119,16,46,116,297,0,18,18,315
01/22/2022,OKC,OK,ASW,CE,Combined TRACON& Tower with Radar,96,17,8,25,146,0,1,21,3,25,96,18,29,28,171,0,0,0,171
01/23/2022,OKC,OK,ASW,CE,Combined TRACON& Tower with Radar,113,21,10,10,154,0,2,13,2,17,113,23,23,12,171,0,0,0,171
01/24/2022,OKC,OK,ASW,CE,Combined TRACON& Tower with Radar,109,25,31,104,269,0,3,28,18,49,109,28,59,122,318,0,92,92,410
01/25/2022,OKC,OK,ASW,CE,Combined TRACON& Tower with Radar,102,34,24,130,290,0,3,25,16,44,102,37,49,146,334,0,118,118,452
01/26/2022,OKC,OK,ASW,CE,Combined TRACON& Tower with Radar,104,21,38,48,211,0,0,21,6,27,104,21,59,54,238,0,56,56,294
01/27/2022,OKC,OK,ASW,CE,Combined TRACON& Tower with Radar,120,24,20,68,232,0,2,11,18,31,120,26,31,86,263,0,32,32,295
01/28/2022,OKC,OK,ASW,CE,Combined TRACON& Tower with Radar,118,26,24,109,277,0,7,38,23,68,118,33,62,132,345,6,50,56,401
01/29/2022,OKC,OK,ASW,CE,Combined TRACON& Tower with Radar,90,12,7,54,163,0,0,25,5,30,90,12,32,59,193,0,0,0,193
01/30/2022,OKC,OK,ASW,CE,Combined TRACON& Tower with Radar,106,29,17,10,162,0,0,21,4,25,106,29,38,14,187,0,0,0,187
01/31/2022,OKC,OK,ASW,CE,Combined TRACON& Tower with Radar,106,17,26,93,242,0,1,20,26,47,106,18,46,119,289,0,8,8,297
02/01/2022,OKC,OK,ASW,CE,Combined TRACON& Tower with Radar,100,43,29,88,260,0,0,3,8,11,100,43,32,96,271,0,16,16,287
02/02/2022,OKC,OK,ASW,CE,Combined TRACON& Tower with Radar,62,13,11,0,86,0,0,0,0,0,62,13,11,0,86,0,0,0,86
02/03/2022,OKC,OK,ASW,CE,Combined TRACON& Tower with Radar,44,12,9,0,65,0,0,0,0,0,44,12,9,0,65,0,0,0,65
02/04/2022,OKC,OK,ASW,CE,Combined TRACON& Tower with Radar,93,17,35,11,156,0,0,19,2,21,93,17,54,13,177,0,0,0,177
02/05/2022,OKC,OK,ASW,CE,Combined TRACON& Tower with Radar,85,15,8,35,143,0,1,9,11,21,85,16,17,46,164,0,20,20,184
02/06/2022,OKC,OK,ASW,CE,Combined TRACON& Tower with Radar,114,19,26,2,161,0,0,17,1,18,114,19,43,3,179,0,0,0,179
02/07/2022,OKC,OK,ASW,CE,Combined TRACON& Tower with Radar,113,22,34,77,246,0,0,13,31,44,113,22,47,108,290,0,18,18,308
02/08/2022,OKC,OK,ASW,CE,Combined TRACON& Tower with Radar,107,25,20,83,235,0,0,25,30,55,107,25,45,113,290,0,54,54,344
02/09/2022,OKC,OK,ASW,CE,Combined TRACON& Tower with Radar,111,15,33,58,217,0,2,29,30,61,111,17,62,88,278,0,62,62,340
02/10/2022,OKC,OK,ASW,CE,Combined TRACON& Tower with Radar,116,35,25,35,211,0,0,24,27,51,116,35,49,62,262,14,50,64,326
02/11/2022,OKC,OK,ASW,CE,Combined TRACON& Tower with Radar,111,21,36,88,256,0,0,22,31,53,111,21,58,119,309,12,44,56,365
02/12/2022,OKC,OK,ASW,CE,Combined TRACON& Tower with Radar,94,19,14,51,178,0,2,24,4,30,94,21,38,55,208,12,18,30,238
02/13/2022,OKC,OK,ASW,CE,Combined TRACON& Tower with Radar,104,12,15,44,175,0,4,9,10,23,104,16,24,54,198,0,62,62,260
02/14/2022,OKC,OK,ASW,CE,Combined TRACON& Tower with Radar,112,25,13,46,196,0,2,21,37,60,112,27,34,83,256,0,24,24,280
02/15/2022,OKC,OK,ASW,CE,Combined TRACON& Tower with Radar,112,24,25,67,228,0,1,23,26,50,112,25,48,93,278,0,32,32,310
02/16/2022,OKC,OK,ASW,CE,Combined TRACON& Tower with Radar,107,20,23,88,238,0,0,1,20,21,107,20,24,108,259,0,0,0,259
02/17/2022,OKC,OK,ASW,CE,Combined TRACON& Tower with Radar,119,32,21,6,178,0,0,8,7,15,119,32,29,13,193,0,0,0,193
02/18/2022,OKC,OK,ASW,CE,Combined TRACON& Tower with Radar,125,29,26,33,213,0,0,24,22,46,125,29,50,55,259,0,24,24,283
02/19/2022,OKC,OK,ASW,CE,Combined TRACON& Tower with Radar,100,15,15,6,136,0,0,14,0,14,100,15,29,6,150,0,0,0,150
02/20/2022,OKC,OK,ASW,CE,Combined TRACON& Tower with Radar,113,16,9,6,144,0,0,8,0,8,113,16,17,6,152,0,0,0,152
02/21/2022,OKC,OK,ASW,CE,Combined TRACON& Tower with Radar,101,21,17,1,140,0,0,10,0,10,101,21,27,1,150,0,0,0,150
02/22/2022,OKC,OK,ASW,CE,Combined TRACON& Tower with Radar,106,41,44,64,255,0,6,22,28,56,106,47,66,92,311,6,20,26,337
02/23/2022,OKC,OK,ASW,CE,Combined TRACON& Tower with Radar,43,13,15,0,71,0,0,2,0,2,43,13,17,0,73,0,0,0,73
02/24/2022,OKC,OK,ASW,CE,Combined TRACON& Tower with Radar,83,18,21,0,122,0,0,0,2,2,83,18,21,2,124,0,0,0,124
02/25/2022,OKC,OK,ASW,CE,Combined TRACON& Tower with Radar,120,40,24,19,203,0,0,4,12,16,120,40,28,31,219,0,8,8,227
02/26/2022,OKC,OK,ASW,CE,Combined TRACON& Tower with Radar,96,15,20,2,133,0,0,11,0,11,96,15,31,2,144,0,0,0,144
02/27/2022,OKC,OK,ASW,CE,Combined TRACON& Tower with Radar,118,15,28,13,174,0,4,30,6,40,118,19,58,19,214,14,14,28,242
02/28/2022,OKC,OK,ASW,CE,Combined TRACON& Tower with Radar,116,25,21,81,243,0,5,32,27,64,116,30,53,108,307,0,62,62,369
03/01/2022,OKC,OK,ASW,CE,Combined TRACON& Tower with Radar,114,30,32,117,293,0,3,31,36,70,114,33,63,153,363,0,28,28,391
03/02/2022,OKC,OK,ASW,CE,Combined TRACON& Tower with Radar,107,26,39,108,280,0,4,31,26,61,107,30,70,134,341,0,32,32,373
03/03/2022,OKC,OK,ASW,CE,Combined TRACON& Tower with Radar,120,26,43,73,262,0,6,29,33,68,120,32,72,106,330,8,24,32,362
03/04/2022,OKC,OK,ASW,CE,Combined TRACON& Tower with Radar,121,28,31,118,298,0,2,42,14,58,121,30,73,132,356,0,0,0,356
03/05/2022,OKC,OK,ASW,CE,Combined TRACON& Tower with Radar,101,37,19,66,223,0,0,20,6,26,101,37,39,72,249,0,2,2,251
03/06/2022,OKC,OK,ASW,CE,Combined TRACON& Tower with Radar,110,22,23,27,182,0,0,3,0,3,110,22,26,27,185,0,0,0,185
03/07/2022,OKC,OK,ASW,CE,Combined TRACON& Tower with Radar,105,31,30,59,225,0,6,24,29,59,105,37,54,88,284,0,48,48,332
03/08/2022,OKC,OK,ASW,CE,Combined TRACON& Tower with Radar,105,37,21,131,294,0,3,27,25,55,105,40,48,156,349,22,42,64,413
03/09/2022,OKC,OK,ASW,CE,Combined TRACON& Tower with Radar,115,34,30,110,289,0,1,22,17,40,115,35,52,127,329,0,68,68,397
03/10/2022,OKC,OK,ASW,CE,Combined TRACON& Tower with Radar,122,37,34,101,294,0,0,16,11,27,122,37,50,112,321,0,146,146,467
03/11/2022,OKC,OK,ASW,CE,Combined TRACON& Tower with Radar,120,19,32,5,176,0,0,4,0,4,120,19,36,5,180,0,0,0,180
03/12/2022,OKC,OK,ASW,CE,Combined TRACON& Tower with Radar,100,26,15,16,157,0,3,24,6,33,100,29,39,22,190,0,0,0,190
03/13/2022,OKC,OK,ASW,CE,Combined TRACON& Tower with Radar,115,23,22,14,174,0,0,19,2,21,115,23,41,16,195,0,0,0,195
03/14/2022,OKC,OK,ASW,CE,Combined TRACON& Tower with Radar,153,20,16,118,307,0,1,18,18,37,153,21,34,136,344,0,0,0,344
03/15/2022,OKC,OK,ASW,CE,Combined TRACON& Tower with Radar,113,20,12,95,240,0,3,25,23,51,113,23,37,118,291,0,34,34,325
03/16/2022,OKC,OK,ASW,CE,Combined TRACON& Tower with Radar,117,30,32,53,232,0,0,18,26,44,117,30,50,79,276,0,2,2,278
03/17/2022,OKC,OK,ASW,CE,Combined TRACON& Tower with Radar,120,25,15,59,219,0,0,15,20,35,120,25,30,79,254,0,30,30,284
03/18/2022,OKC,OK,ASW,CE,Combined TRACON& Tower with Radar,125,16,23,91,255,0,2,8,4,14,125,18,31,95,269,0,0,0,269
03/19/2022,OKC,OK,ASW,CE,Combined TRACON& Tower with Radar,93,27,19,34,173,0,0,36,11,47,93,27,55,45,220,0,0,0,220
03/20/2022,OKC,OK,ASW,CE,Combined TRACON& Tower with Radar,119,28,17,23,187,0,4,27,8,39,119,32,44,31,226,0,6,6,232
03/21/2022,OKC,OK,ASW,CE,Combined TRACON& Tower with Radar,108,26,15,2,151,0,0,7,6,13,108,26,22,8,164,0,0,0,164
03/22/2022,OKC,OK,ASW,CE,Combined TRACON& Tower with Radar,113,41,27,48,229,0,1,2,7,10,113,42,29,55,239,0,0,0,239
03/23/2022,OKC,OK,ASW,CE,Combined TRACON& Tower with Radar,119,41,32,149,341,0,3,17,37,57,119,44,49,186,398,0,0,0,398
03/24/2022,OKC,OK,ASW,CE,Combined TRACON& Tower with Radar,121,44,37,107,309,0,2,44,26,72,121,46,81,133,381,0,0,0,381
03/25/2022,OKC,OK,ASW,CE,Combined TRACON& Tower with Radar,124,24,23,79,250,0,1,17,18,36,124,25,40,97,286,0,36,36,322
03/26/2022,OKC,OK,ASW,CE,Combined TRACON& Tower with Radar,100,15,15,10,140,0,2,27,5,34,100,17,42,15,174,0,0,0,174
03/27/2022,OKC,OK,ASW,CE,Combined TRACON& Tower with Radar,118,21,28,26,193,0,0,17,7,24,118,21,45,33,217,0,10,10,227
03/28/2022,OKC,OK,ASW,CE,Combined TRACON& Tower with Radar,113,17,34,104,268,0,4,30,19,53,113,21,64,123,321,0,134,134,455
03/29/2022,OKC,OK,ASW,CE,Combined TRACON& Tower with Radar,119,25,19,53,216,0,6,20,12,38,119,31,39,65,254,0,0,0,254
03/30/2022,OKC,OK,ASW,CE,Combined TRACON& Tower with Radar,115,33,34,78,260,0,0,5,30,35,115,33,39,108,295,0,0,0,295
03/31/2022,OKC,OK,ASW,CE,Combined TRACON& Tower with Radar,119,33,28,77,257,0,4,26,23,53,119,37,54,100,310,8,0,8,318
04/01/2022,OKC,OK,ASW,CE,Combined TRACON& Tower with Radar,123,31,29,80,263,0,1,15,14,30,123,32,44,94,293,0,0,0,293
04/02/2022,OKC,OK,ASW,CE,Combined TRACON& Tower with Radar,94,16,15,49,174,0,5,36,10,51,94,21,51,59,225,0,4,4,229
04/03/2022,OKC,OK,ASW,CE,Combined TRACON& Tower with Radar,118,23,19,43,203,0,1,23,6,30,118,24,42,49,233,0,0,0,233
04/04/2022,OKC,OK,ASW,CE,Combined TRACON& Tower with Radar,109,18,11,8,146,0,0,1,0,1,109,18,12,8,147,0,0,0,147
04/05/2022,OKC,OK,ASW,CE,Combined TRACON& Tower with Radar,120,23,36,29,208,0,3,16,15,34,120,26,52,44,242,36,4,40,282
04/06/2022,OKC,OK,ASW,CE,Combined TRACON& Tower with Radar,122,39,34,107,302,0,2,16,37,55,122,41,50,144,357,0,0,0,357
04/07/2022,OKC,OK,ASW,CE,Combined TRACON& Tower with Radar,121,30,11,61,223,0,1,7,18,26,121,31,18,79,249,0,54,54,303
04/08/2022,OKC,OK,ASW,CE,Combined TRACON& Tower with Radar,120,30,31,76,257,0,1,11,9,21,120,31,42,85,278,0,4,4,282
04/09/2022,OKC,OK,ASW,CE,Combined TRACON& Tower with Radar,98,22,13,11,144,0,0,19,5,24,98,22,32,16,168,0,0,0,168
04/10/2022,OKC,OK,ASW,CE,Combined TRACON& Tower with Radar,116,22,21,53,212,0,0,10,5,15,116,22,31,58,227,0,0,0,227
04/11/2022,OKC,OK,ASW,CE,Combined TRACON& Tower with Radar,113,21,36,88,258,0,2,12,21,35,113,23,48,109,293,0,12,12,305
04/12/2022,OKC,OK,ASW,CE,Combined TRACON& Tower with Radar,137,29,25,86,277,0,2,8,18,28,137,31,33,104,305,8,40,48,353
04/13/2022,OKC,OK,ASW,CE,Combined TRACON& Tower with Radar,126,40,9,108,283,0,2,18,30,50,126,42,27,138,333,0,32,32,365
04/14/2022,OKC,OK,ASW,CE,Combined TRACON& Tower with Radar,130,25,35,106,296,0,0,23,25,48,130,25,58,131,344,0,58,58,402
04/15/2022,OKC,OK,ASW,CE,Combined TRACON& Tower with Radar,119,24,30,75,248,0,0,20,14,34,119,24,50,89,282,0,0,0,282
04/16/2022,OKC,OK,ASW,CE,Combined TRACON& Tower with Radar,94,26,10,0,130,0,0,10,2,12,94,26,20,2,142,0,0,0,142
04/17/2022,OKC,OK,ASW,CE,Combined TRACON& Tower with Radar,111,16,16,0,143,0,0,22,0,22,111,16,38,0,165,0,0,0,165
04/18/2022,OKC,OK,ASW,CE,Combined TRACON& Tower with Radar,111,23,49,99,282,0,9,23,19,51,111,32,72,118,333,30,24,54,387
04/19/2022,OKC,OK,ASW,CE,Combined TRACON& Tower with Radar,118,36,24,83,261,0,0,19,26,45,118,36,43,109,306,0,0,0,306
04/20/2022,OKC,OK,ASW,CE,Combined TRACON& Tower with Radar,115,30,39,118,302,0,0,18,29,47,115,30,57,147,349,0,44,44,393
04/21/2022,OKC,OK,ASW,CE,Combined TRACON& Tower with Radar,118,33,45,160,356,0,0,11,18,29,118,33,56,178,385,0,0,0,385
04/22/2022,OKC,OK,ASW,CE,Combined TRACON& Tower with Radar,115,21,25,87,248,0,2,5,4,11,115,23,30,91,259,0,100,100,359
04/23/2022,OKC,OK,ASW,CE,Combined TRACON& Tower with Radar,92,18,5,5,120,0,0,5,0,5,92,18,10,5,125,0,0,0,125
04/24/2022,OKC,OK,ASW,CE,Combined TRACON& Tower with Radar,107,25,21,6,159,0,0,4,0,4,107,25,25,6,163,0,0,0,163
04/25/2022,OKC,OK,ASW,CE,Combined TRACON& Tower with Radar,110,21,26,57,214,0,3,39,29,71,110,24,65,86,285,0,0,0,285
04/26/2022,OKC,OK,ASW,CE,Combined TRACON& Tower with Radar,114,41,28,94,277,0,0,29,29,58,114,41,57,123,335,0,26,26,361
04/27/2022,OKC,OK,ASW,CE,Combined TRACON& Tower with Radar,113,39,21,158,331,0,3,15,31,49,113,42,36,189,380,0,80,80,460
04/28/2022,OKC,OK,ASW,CE,Combined TRACON& Tower with Radar,124,31,27,65,247,0,2,10,18,30,124,33,37,83,277,0,14,14,291
04/29/2022,OKC,OK,ASW,CE,Combined TRACON& Tower with Radar,116,27,16,83,242,0,4,5,9,18,116,31,21,92,260,0,32,32,292
04/30/2022,OKC,OK,ASW,CE,Combined TRACON& Tower with Radar,99,14,11,2,126,1,2,18,1,22,100,16,29,3,148,0,0,0,148
05/01/2022,OKC,OK,ASW,CE,Combined TRACON& Tower with Radar,112,20,12,2,146,0,5,18,4,27,112,25,30,6,173,0,0,0,173
05/02/2022,OKC,OK,ASW,CE,Combined TRACON& Tower with Radar,118,28,21,24,191,1,0,5,5,11,119,28,26,29,202,0,0,0,202
05/03/2022,OKC,OK,ASW,CE,Combined TRACON& Tower with Radar,120,31,35,88,274,0,1,16,22,39,120,32,51,110,313,8,76,84,397
05/04/2022,OKC,OK,ASW,CE,Combined TRACON& Tower with Radar,111,18,12,2,143,0,0,0,0,0,111,18,12,2,143,0,0,0,143
05/05/2022,OKC,OK,ASW,CE,Combined TRACON& Tower with Radar,124,31,44,29,228,0,0,2,11,13,124,31,46,40,241,0,32,32,273
05/06/2022,OKC,OK,ASW,CE,Combined TRACON& Tower with Radar,123,33,29,107,292,0,7,24,29,60,123,40,53,136,352,6,20,26,378
05/07/2022,OKC,OK,ASW,CE,Combined TRACON& Tower with Radar,98,21,16,5,140,0,2,30,3,35,98,23,46,8,175,0,0,0,175
05/08/2022,OKC,OK,ASW,CE,Combined TRACON& Tower with Radar,105,31,19,4,159,0,1,11,0,12,105,32,30,4,171,0,0,0,171
05/09/2022,OKC,OK,ASW,CE,Combined TRACON& Tower with Radar,122,24,35,63,244,0,3,24,40,67,122,27,59,103,311,0,98,98,409
05/10/2022,OKC,OK,ASW,CE,Combined TRACON& Tower with Radar,121,32,32,45,230,0,4,19,30,53,121,36,51,75,283,0,40,40,323
05/11/2022,OKC,OK,ASW,CE,Combined TRACON& Tower with Radar,115,29,36,70,250,0,0,23,33,56,115,29,59,103,306,0,54,54,360
05/12/2022,OKC,OK,ASW,CE,Combined TRACON& Tower with Radar,138,38,24,64,264,0,7,30,22,59,138,45,54,86,323,0,0,0,323
05/13/2022,OKC,OK,ASW,CE,Combined TRACON& Tower with Radar,124,34,32,63,253,0,4,25,4,33,124,38,57,67,286,0,4,4,290
05/14/2022,OKC,OK,ASW,CE,Combined TRACON& Tower with Radar,97,24,12,24,157,0,0,25,10,35,97,24,37,34,192,0,8,8,200
05/15/2022,OKC,OK,ASW,CE,Combined TRACON& Tower with Radar,113,27,23,26,189,0,1,22,3,26,113,28,45,29,215,0,8,8,223
05/16/2022,OKC,OK,ASW,CE,Combined TRACON& Tower with Radar,125,29,32,75,261,0,3,29,57,89,125,32,61,132,350,0,0,0,350
05/17/2022,OKC,OK,ASW,CE,Combined TRACON& Tower with Radar,123,26,32,159,340,0,1,17,32,50,123,27,49,191,390,12,86,98,488
05/18/2022,OKC,OK,ASW,CE,Combined TRACON& Tower with Radar,120,32,28,55,235,0,1,25,14,40,120,33,53,69,275,0,16,16,291
05/19/2022,OKC,OK,ASW,CE,Combined TRACON& Tower with Radar,125,37,31,66,259,0,3,28,27,58,125,40,59,93,317,0,12,12,329
05/20/2022,OKC,OK,ASW,CE,Combined TRACON& Tower with Radar,123,25,28,41,217,0,0,24,15,39,123,25,52,56,256,0,0,0,256
05/21/2022,OKC,OK,ASW,CE,Combined TRACON& Tower with Radar,97,21,13,0,131,0,0,8,0,8,97,21,21,0,139,0,0,0,139
05/22/2022,OKC,OK,ASW,CE,Combined TRACON& Tower with Radar,114,27,22,5,168,0,3,12,0,15,114,30,34,5,183,0,0,0,183
05/23/2022,OKC,OK,ASW,CE,Combined TRACON& Tower with Radar,116,12,16,6,150,0,0,4,0,4,116,12,20,6,154,0,0,0,154
05/24/2022,OKC,OK,ASW,CE,Combined TRACON& Tower with Radar,129,13,8,8,158,0,0,0,0,0,129,13,8,8,158,0,0,0,158
05/25/2022,OKC,OK,ASW,CE,Combined TRACON& Tower with Radar,123,22,21,28,194,0,0,0,12,12,123,22,21,40,206,0,6,6,212
05/26/2022,OKC,OK,ASW,CE,Combined TRACON& Tower with Radar,123,35,31,103,292,0,4,27,26,57,123,39,58,129,349,0,130,130,479
05/27/2022,OKC,OK,ASW,CE,Combined TRACON& Tower with Radar,118,25,28,4,175,0,1,22,9,32,118,26,50,13,207,0,0,0,207
05/28/2022,OKC,OK,ASW,CE,Combined TRACON& Tower with Radar,100,20,15,1,136,0,2,11,0,13,100,22,26,1,149,0,0,0,149
05/29/2022,OKC,OK,ASW,CE,Combined TRACON& Tower with Radar,112,18,11,0,141,0,0,14,3,17,112,18,25,3,158,0,0,0,158
05/30/2022,OKC,OK,ASW,CE,Combined TRACON& Tower with Radar,118,13,16,0,147,0,0,8,2,10,118,13,24,2,157,0,0,0,157
05/31/2022,OKC,OK,ASW,CE,Combined TRACON& Tower with Radar,118,23,15,66,222,0,1,16,13,30,118,24,31,79,252,0,18,18,270
06/01/2022,OKC,OK,ASW,CE,Combined TRACON& Tower with Radar,127,25,10,9,171,0,0,1,9,10,127,25,11,18,181,2,6,8,189
06/02/2022,OKC,OK,ASW,CE,Combined TRACON& Tower with Radar,134,29,36,83,282,0,1,19,19,39,134,30,55,102,321,0,16,16,337
06/03/2022,OKC,OK,ASW,CE,Combined TRACON& Tower with Radar,124,31,26,75,256,0,0,21,15,36,124,31,47,90,292,0,0,0,292
06/04/2022,OKC,OK,ASW,CE,Combined TRACON& Tower with Radar,101,32,12,14,159,0,0,17,9,26,101,32,29,23,185,0,0,0,185
06/05/2022,OKC,OK,ASW,CE,Combined TRACON& Tower with Radar,116,26,29,54,225,0,5,12,6,23,116,31,41,60,248,0,58,58,306
06/06/2022,OKC,OK,ASW,CE,Combined TRACON& Tower with Radar,116,32,29,106,283,0,2,37,30,69,116,34,66,136,352,0,76,76,428
06/07/2022,OKC,OK,ASW,CE,Combined TRACON& Tower with Radar,130,46,27,64,267,0,0,26,19,45,130,46,53,83,312,0,0,0,312
06/08/2022,OKC,OK,ASW,CE,Combined TRACON& Tower with Radar,124,42,29,39,234,0,0,11,15,26,124,42,40,54,260,0,0,0,260
06/09/2022,OKC,OK,ASW,CE,Combined TRACON& Tower with Radar,125,36,48,117,326,0,4,40,27,71,125,40,88,144,397,0,18,18,415
06/10/2022,OKC,OK,ASW,CE,Combined TRACON& Tower with Radar,127,36,36,209,408,0,0,17,30,47,127,36,53,239,455,0,46,46,501
06/11/2022,OKC,OK,ASW,CE,Combined TRACON& Tower with Radar,103,29,13,56,201,0,2,27,14,43,103,31,40,70,244,0,0,0,244
06/12/2022,OKC,OK,ASW,CE,Combined TRACON& Tower with Radar,119,33,18,35,205,0,2,15,8,25,119,35,33,43,230,0,0,0,230
06/13/2022,OKC,OK,ASW,CE,Combined TRACON& Tower with Radar,122,32,26,93,273,0,8,31,24,63,122,40,57,117,336,8,36,44,380
06/14/2022,OKC,OK,ASW,CE,Combined TRACON& Tower with Radar,120,57,20,111,308,0,0,25,25,50,120,57,45,136,358,0,36,36,394
06/15/2022,OKC,OK,ASW,CE,Combined TRACON& Tower with Radar,123,37,33,132,325,0,4,26,27,57,123,41,59,159,382,0,14,14,396
06/16/2022,OKC,OK,ASW,CE,Combined TRACON& Tower with Radar,124,38,22,138,322,0,2,25,21,48,124,40,47,159,370,0,50,50,420
06/17/2022,OKC,OK,ASW,CE,Combined TRACON& Tower with Radar,126,34,27,84,271,0,0,31,10,41,126,34,58,94,312,6,0,6,318
06/18/2022,OKC,OK,ASW,CE,Combined TRACON& Tower with Radar,105,35,21,7,168,0,0,25,0,25,105,35,46,7,193,0,0,0,193
06/19/2022,OKC,OK,ASW,CE,Combined TRACON& Tower with Radar,113,30,18,2,163,0,0,14,0,14,113,30,32,2,177,0,0,0,177
06/20/2022,OKC,OK,ASW,CE,Combined TRACON& Tower with Radar,118,36,30,2,186,0,3,27,3,33,118,39,57,5,219,0,0,0,219
06/21/2022,OKC,OK,ASW,CE,Combined TRACON& Tower with Radar,122,46,25,75,268,0,2,26,35,63,122,48,51,110,331,16,10,26,357
06/22/2022,OKC,OK,ASW,CE,Combined TRACON& Tower with Radar,121,44,32,119,316,0,6,23,31,60,121,50,55,150,376,0,22,22,398
06/23/2022,OKC,OK,ASW,CE,Combined TRACON& Tower with Radar,127,48,30,118,323,0,2,22,20,44,127,50,52,138,367,0,50,50,417
06/24/2022,OKC,OK,ASW,CE,Combined TRACON& Tower with Radar,113,38,40,124,315,0,2,19,20,41,113,40,59,144,356,0,34,34,390
06/25/2022,OKC,OK,ASW,CE,Combined TRACON& Tower with Radar,104,29,19,48,200,0,0,16,8,24,104,29,35,56,224,0,18,18,242
06/26/2022,OKC,OK,ASW,CE,Combined TRACON& Tower with Radar,112,35,20,79,246,0,0,11,3,14,112,35,31,82,260,0,4,4,264
06/27/2022,OKC,OK,ASW,CE,Combined TRACON& Tower with Radar,115,42,21,140,318,0,2,30,23,55,115,44,51,163,373,0,18,18,391
06/28/2022,OKC,OK,ASW,CE,Combined TRACON& Tower with Radar,115,37,27,93,272,0,2,24,33,59,115,39,51,126,331,0,24,24,355
06/29/2022,OKC,OK,ASW,CE,Combined TRACON& Tower with Radar,120,40,19,79,258,0,5,15,31,51,120,45,34,110,309,0,20,20,329
06/30/2022,OKC,OK,ASW,CE,Combined TRACON& Tower with Radar,117,46,56,78,297,0,2,20,28,50,117,48,76,106,347,0,66,66,413
07/01/2022,OKC,OK,ASW,CE,Combined TRACON& Tower with Radar,120,26,23,5,174,0,2,14,10,26,120,28,37,15,200,0,0,0,200
07/02/2022,OKC,OK,ASW,CE,Combined TRACON& Tower with Radar,109,25,6,0,140,0,0,17,2,19,109,25,23,2,159,0,0,0,159
07/03/2022,OKC,OK,ASW,CE,Combined TRACON& Tower with Radar,106,27,12,1,146,0,1,10,1,12,106,28,22,2,158,0,0,0,158
07/04/2022,OKC,OK,ASW,CE,Combined TRACON& Tower with Radar,105,23,4,0,132,0,0,21,1,22,105,23,25,1,154,0,0,0,154
07/05/2022,OKC,OK,ASW,CE,Combined TRACON& Tower with Radar,108,49,11,152,320,0,0,15,12,27,108,49,26,164,347,10,148,158,505
07/06/2022,OKC,OK,ASW,CE,Combined TRACON& Tower with Radar,112,41,19,98,270,0,6,20,30,56,112,47,39,128,326,0,8,8,334
07/07/2022,OKC,OK,ASW,CE,Combined TRACON& Tower with Radar,120,36,17,81,254,0,3,29,27,59,120,39,46,108,313,0,16,16,329
07/08/2022,OKC,OK,ASW,CE,Combined TRACON& Tower with Radar,115,39,11,43,208,0,6,20,22,48,115,45,31,65,256,0,30,30,286
07/09/2022,OKC,OK,ASW,CE,Combined TRACON& Tower with Radar,106,29,10,30,175,0,3,48,6,57,106,32,58,36,232,0,0,0,232
07/10/2022,OKC,OK,ASW,CE,Combined TRACON& Tower with Radar,109,31,17,23,180,0,0,21,2,23,109,31,38,25,203,2,0,2,205
07/11/2022,OKC,OK,ASW,CE,Combined TRACON& Tower with Radar,124,37,26,121,308,0,0,25,14,39,124,37,51,135,347,2,28,30,377
07/12/2022,OKC,OK,ASW,CE,Combined TRACON& Tower with Radar,130,37,24,86,277,0,0,19,24,43,130,37,43,110,320,16,68,84,404
07/13/2022,OKC,OK,ASW,CE,Combined TRACON& Tower with Radar,115,31,36,85,267,0,3,34,30,67,115,34,70,115,334,0,68,68,402
07/14/2022,OKC,OK,ASW,CE,Combined TRACON& Tower with Radar,125,38,37,87,287,0,4,30,16,50,125,42,67,103,337,0,4,4,341
07/15/2022,OKC,OK,ASW,CE,Combined TRACON& Tower with Radar,120,26,20,63,229,0,7,24,12,43,120,33,44,75,272,0,10,10,282
07/16/2022,OKC,OK,ASW,CE,Combined TRACON& Tower with Radar,108,37,8,40,193,0,1,10,6,17,108,38,18,46,210,0,0,0,210
07/17/2022,OKC,OK,ASW,CE,Combined TRACON& Tower with Radar,112,29,14,43,198,0,0,7,45,52,112,29,21,88,250,0,24,24,274
07/18/2022,OKC,OK,ASW,CE,Combined TRACON& Tower with Radar,113,41,20,50,224,0,0,25,21,46,113,41,45,71,270,0,14,14,284
07/19/2022,OKC,OK,ASW,CE,Combined TRACON& Tower with Radar,118,51,12,79,260,0,1,10,13,24,118,52,22,92,284,0,20,20,304
07/20/2022,OKC,OK,ASW,CE,Combined TRACON& Tower with Radar,127,34,32,51,244,0,8,24,21,53,127,42,56,72,297,0,0,0,297
07/21/2022,OKC,OK,ASW,CE,Combined TRACON& Tower with Radar,117,60,27,83,287,0,0,14,20,34,117,60,41,103,321,0,30,30,351
07/22/2022,OKC,OK,ASW,CE,Combined TRACON& Tower with Radar,127,35,15,61,238,0,6,10,21,37,127,41,25,82,275,0,6,6,281
07/23/2022,OKC,OK,ASW,CE,Combined TRACON& Tower with Radar,104,30,9,3,146,0,5,29,3,37,104,35,38,6,183,0,0,0,183
07/24/2022,OKC,OK,ASW,CE,Combined TRACON& Tower with Radar,105,30,17,15,167,0,3,11,3,17,105,33,28,18,184,0,0,0,184
07/25/2022,OKC,OK,ASW,CE,Combined TRACON& Tower with Radar,123,40,7,70,240,0,6,23,23,52,123,46,30,93,292,0,0,0,292
07/26/2022,OKC,OK,ASW,CE,Combined TRACON& Tower with Radar,109,37,11,24,181,0,4,19,23,46,109,41,30,47,227,0,0,0,227
07/27/2022,OKC,OK,ASW,CE,Combined TRACON& Tower with Radar,123,40,20,40,223,0,0,12,13,25,123,40,32,53,248,0,0,0,248
07/28/2022,OKC,OK,ASW,CE,Combined TRACON& Tower with Radar,126,37,18,31,212,0,1,15,9,25,126,38,33,40,237,0,0,0,237
07/29/2022,OKC,OK,ASW,CE,Combined TRACON& Tower with Radar,132,37,15,46,230,0,1,4,14,19,132,38,19,60,249,0,8,8,257
07/30/2022,OKC,OK,ASW,CE,Combined TRACON& Tower with Radar,107,42,6,2,157,0,0,6,2,8,107,42,12,4,165,0,0,0,165
07/31/2022,OKC,OK,ASW,CE,Combined TRACON& Tower with Radar,112,29,20,14,175,0,0,14,2,16,112,29,34,16,191,0,24,24,215
08/01/2022,OKC,OK,ASW,CE,Combined TRACON& Tower with Radar,119,32,18,27,196,0,0,24,22,46,119,32,42,49,242,0,0,0,242
08/02/2022,OKC,OK,ASW,CE,Combined TRACON& Tower with Radar,113,43,21,43,220,0,3,18,19,40,113,46,39,62,260,0,18,18,278
08/03/2022,OKC,OK,ASW,CE,Combined TRACON& Tower with Radar,119,37,18,73,247,0,0,30,19,49,119,37,48,92,296,0,24,24,320
08/04/2022,OKC,OK,ASW,CE,Combined TRACON& Tower with Radar,118,37,17,51,223,0,7,18,17,42,118,44,35,68,265,0,0,0,265
08/05/2022,OKC,OK,ASW,CE,Combined TRACON& Tower with Radar,114,43,15,55,227,0,1,17,10,28,114,44,32,65,255,16,4,20,275
08/06/2022,OKC,OK,ASW,CE,Combined TRACON& Tower with Radar,103,38,14,40,195,0,2,20,5,27,103,40,34,45,222,0,0,0,222
08/07/2022,OKC,OK,ASW,CE,Combined TRACON& Tower with Radar,110,34,22,24,190,0,2,13,1,16,110,36,35,25,206,0,0,0,206
08/08/2022,OKC,OK,ASW,CE,Combined TRACON& Tower with Radar,116,31,29,43,219,0,1,15,22,38,116,32,44,65,257,0,0,0,257
08/09/2022,OKC,OK,ASW,CE,Combined TRACON& Tower with Radar,126,33,25,80,264,0,2,11,16,29,126,35,36,96,293,16,0,16,309
08/10/2022,OKC,OK,ASW,CE,Combined TRACON& Tower with Radar,144,36,28,107,315,0,1,20,13,34,144,37,48,120,349,0,2,2,351
08/11/2022,OKC,OK,ASW,CE,Combined TRACON& Tower with Radar,126,43,32,94,295,0,3,20,11,34,126,46,52,105,329,0,0,0,329
08/12/2022,OKC,OK,ASW,CE,Combined TRACON& Tower with Radar,121,47,13,117,298,0,1,27,7,35,121,48,40,124,333,8,22,30,363
08/13/2022,OKC,OK,ASW,CE,Combined TRACON& Tower with Radar,105,44,14,27,190,0,3,31,6,40,105,47,45,33,230,16,0,16,246
08/14/2022,OKC,OK,ASW,CE,Combined TRACON& Tower with Radar,111,32,11,26,180,0,0,18,0,18,111,32,29,26,198,0,0,0,198
08/15/2022,OKC,OK,ASW,CE,Combined TRACON& Tower with Radar,111,45,25,104,285,0,3,15,22,40,111,48,40,126,325,0,20,20,345
08/16/2022,OKC,OK,ASW,CE,Combined TRACON& Tower with Radar,118,56,8,103,285,0,3,13,21,37,118,59,21,124,322,0,52,52,374
08/17/2022,OKC,OK,ASW,CE,Combined TRACON& Tower with Radar,138,34,40,138,350,0,0,6,14,20,138,34,46,152,370,0,0,0,370
08/18/2022,OKC,OK,ASW,CE,Combined TRACON& Tower with Radar,125,50,44,189,408,0,4,19,18,41,125,54,63,207,449,0,38,38,487
08/19/2022,OKC,OK,ASW,CE,Combined TRACON& Tower with Radar,120,29,23,173,345,0,0,18,28,46,120,29,41,201,391,0,16,16,407
08/20/2022,OKC,OK,ASW,CE,Combined TRACON& Tower with Radar,100,24,15,33,172,0,0,15,11,26,100,24,30,44,198,0,0,0,198
08/21/2022,OKC,OK,ASW,CE,Combined TRACON& Tower with Radar,127,25,19,5,176,0,0,5,0,5,127,25,24,5,181,0,0,0,181
08/22/2022,OKC,OK,ASW,CE,Combined TRACON& Tower with Radar,135,35,28,86,284,0,5,22,14,41,135,40,50,100,325,0,0,0,325
08/23/2022,OKC,OK,ASW,CE,Combined TRACON& Tower with Radar,109,42,20,134,305,0,2,16,31,49,109,44,36,165,354,0,2,2,356
08/24/2022,OKC,OK,ASW,CE,Combined TRACON& Tower with Radar,117,59,39,88,303,0,0,25,22,47,117,59,64,110,350,0,8,8,358
08/25/2022,OKC,OK,ASW,CE,Combined TRACON& Tower with Radar,118,46,44,64,272,0,3,21,24,48,118,49,65,88,320,0,0,0,320
08/26/2022,OKC,OK,ASW,CE,Combined TRACON& Tower with Radar,111,29,27,104,271,0,3,20,8,31,111,32,47,112,302,4,14,18,320
08/27/2022,OKC,OK,ASW,CE,Combined TRACON& Tower with Radar,101,27,11,78,217,0,0,30,4,34,101,27,41,82,251,0,0,0,251
08/28/2022,OKC,OK,ASW,CE,Combined TRACON& Tower with Radar,106,22,21,26,175,0,0,15,2,17,106,22,36,28,192,0,0,0,192
08/29/2022,OKC,OK,ASW,CE,Combined TRACON& Tower with Radar,113,25,18,10,166,0,0,17,15,32,113,25,35,25,198,0,0,0,198
08/30/2022,OKC,OK,ASW,CE,Combined TRACON& Tower with Radar,129,84,25,53,291,0,0,27,19,46,129,84,52,72,337,0,62,62,399
08/31/2022,OKC,OK,ASW,CE,Combined TRACON& Tower with Radar,115,37,19,67,238,0,2,21,35,58,115,39,40,102,296,0,0,0,296
09/01/2022,OKC,OK,ASW,CE,Combined TRACON& Tower with Radar,125,33,20,25,203,0,0,4,6,10,125,33,24,31,213,0,0,0,213
09/02/2022,OKC,OK,ASW,CE,Combined TRACON& Tower with Radar,119,28,15,16,178,0,0,3,9,12,119,28,18,25,190,0,4,4,194
09/03/2022,OKC,OK,ASW,CE,Combined TRACON& Tower with Radar,121,27,9,0,157,0,0,14,2,16,121,27,23,2,173,0,0,0,173
09/04/2022,OKC,OK,ASW,CE,Combined TRACON& Tower with Radar,117,32,8,2,159,0,0,26,8,34,117,32,34,10,193,0,0,0,193
09/05/2022,OKC,OK,ASW,CE,Combined TRACON& Tower with Radar,105,33,9,1,148,0,10,27,0,37,105,43,36,1,185,0,0,0,185
09/06/2022,OKC,OK,ASW,CE,Combined TRACON& Tower with Radar,121,37,34,71,263,0,6,27,30,63,121,43,61,101,326,0,18,18,344
09/07/2022,OKC,OK,ASW,CE,Combined TRACON& Tower with Radar,124,38,19,72,253,0,5,27,24,56,124,43,46,96,309,0,16,16,325
09/08/2022,OKC,OK,ASW,CE,Combined TRACON& Tower with Radar,127,44,16,69,256,0,7,28,30,65,127,51,44,99,321,24,0,24,345
09/09/2022,OKC,OK,ASW,CE,Combined TRACON& Tower with Radar,132,28,20,129,309,0,4,13,15,32,132,32,33,144,341,0,32,32,373
09/10/2022,OKC,OK,ASW,CE,Combined TRACON& Tower with Radar,100,24,10,29,163,0,0,19,6,25,100,24,29,35,188,0,20,20,208
09/11/2022,OKC,OK,ASW,CE,Combined TRACON& Tower with Radar,121,34,28,20,203,0,2,28,2,32,121,36,56,22,235,0,34,34,269
09/12/2022,OKC,OK,ASW,CE,Combined TRACON& Tower with Radar,121,46,30,53,250,0,0,39,34,73,121,46,69,87,323,0,4,4,327
09/13/2022,OKC,OK,ASW,CE,Combined TRACON& Tower with Radar,118,44,30,42,234,0,5,29,25,59,118,49,59,67,293,0,0,0,293
09/14/2022,OKC,OK,ASW,CE,Combined TRACON& Tower with Radar,122,38,28,76,264,0,5,40,27,72,122,43,68,103,336,0,0,0,336
09/15/2022,OKC,OK,ASW,CE,Combined TRACON& Tower with Radar,138,36,33,36,243,0,2,32,18,52,138,38,65,54,295,0,0,0,295
09/16/2022,OKC,OK,ASW,CE,Combined TRACON& Tower with Radar,134,24,31,66,255,0,2,28,19,49,134,26,59,85,304,0,38,38,342
09/17/2022,OKC,OK,ASW,CE,Combined TRACON& Tower with Radar,100,21,17,3,141,0,0,15,0,15,100,21,32,3,156,0,0,0,156
09/18/2022,OKC,OK,ASW,CE,Combined TRACON& Tower with Radar,122,29,14,22,187,0,0,17,0,17,122,29,31,22,204,0,0,0,204
09/19/2022,OKC,OK,ASW,CE,Combined TRACON& Tower with Radar,123,39,18,71,251,0,0,49,20,69,123,39,67,91,320,0,0,0,320
09/20/2022,OKC,OK,ASW,CE,Combined TRACON& Tower with Radar,122,41,37,29,229,0,1,17,16,34,122,42,54,45,263,0,4,4,267
09/21/2022,OKC,OK,ASW,CE,Combined TRACON& Tower with Radar,122,39,36,58,255,0,2,26,20,48,122,41,62,78,303,0,20,20,323
09/22/2022,OKC,OK,ASW,CE,Combined TRACON& Tower with Radar,126,57,35,116,334,0,8,34,23,65,126,65,69,139,399,0,26,26,425
09/23/2022,OKC,OK,ASW,CE,Combined TRACON& Tower with Radar,126,36,33,86,281,0,0,24,10,34,126,36,57,96,315,0,12,12,327
09/24/2022,OKC,OK,ASW,CE,Combined TRACON& Tower with Radar,117,45,18,30,210,0,1,20,4,25,117,46,38,34,235,0,34,34,269
09/25/2022,OKC,OK,ASW,CE,Combined TRACON& Tower with Radar,139,29,25,22,215,0,1,17,5,23,139,30,42,27,238,0,0,0,238
09/26/2022,OKC,OK,ASW,CE,Combined TRACON& Tower with Radar,122,32,26,69,249,0,1,29,16,46,122,33,55,85,295,36,0,36,331
09/27/2022,OKC,OK,ASW,CE,Combined TRACON& Tower with Radar,138,44,28,69,279,0,2,32,31,65,138,46,60,100,344,0,74,74,418
09/28/2022,OKC,OK,ASW,CE,Combined TRACON& Tower with Radar,133,43,24,63,263,0,0,31,23,54,133,43,55,86,317,0,0,0,317
09/29/2022,OKC,OK,ASW,CE,Combined TRACON& Tower with Radar,143,30,24,61,258,0,3,20,23,46,143,33,44,84,304,0,26,26,330
09/30/2022,OKC,OK,ASW,CE,Combined TRACON& Tower with Radar,130,34,38,60,262,0,3,25,10,38,130,37,63,70,300,0,0,0,300
10/01/2022,OKC,OK,ASW,CE,Combined TRACON& Tower with Radar,101,28,17,10,156,0,3,28,9,40,101,31,45,19,196,0,0,0,196
10/02/2022,OKC,OK,ASW,CE,Combined TRACON& Tower with Radar,125,23,22,13,183,0,1,13,2,16,125,24,35,15,199,6,0,6,205
10/03/2022,OKC,OK,ASW,CE,Combined TRACON& Tower with Radar,126,25,25,54,230,0,3,23,23,49,126,28,48,77,279,0,14,14,293
10/04/2022,OKC,OK,ASW,CE,Combined TRACON& Tower with Radar,124,24,29,69,246,0,2,31,16,49,124,26,60,85,295,8,0,8,303
10/05/2022,OKC,OK,ASW,CE,Combined TRACON& Tower with Radar,126,30,23,82,261,0,0,28,22,50,126,30,51,104,311,0,70,70,381
10/06/2022,OKC,OK,ASW,CE,Combined TRACON& Tower with Radar,138,41,23,51,253,0,3,22,28,53,138,44,45,79,306,0,26,26,332
10/07/2022,OKC,OK,ASW,CE,Combined TRACON& Tower with Radar,134,33,31,21,219,0,1,12,10,23,134,34,43,31,242,0,0,0,242
10/08/2022,OKC,OK,ASW,CE,Combined TRACON& Tower with Radar,100,25,19,5,149,0,3,18,5,26,100,28,37,10,175,0,0,0,175
10/09/2022,OKC,OK,ASW,CE,Combined TRACON& Tower with Radar,124,22,16,4,166,0,2,10,0,12,124,24,26,4,178,24,0,24,202
10/10/2022,OKC,OK,ASW,CE,Combined TRACON& Tower with Radar,121,28,33,0,182,0,0,12,0,12,121,28,45,0,194,0,0,0,194
10/11/2022,OKC,OK,ASW,CE,Combined TRACON& Tower with Radar,123,33,29,46,231,0,1,8,18,27,123,34,37,64,258,0,0,0,258
10/12/2022,OKC,OK,ASW,CE,Combined TRACON& Tower with Radar,126,33,33,64,256,0,2,27,37,66,126,35,60,101,322,0,20,20,342
10/13/2022,OKC,OK,ASW,CE,Combined TRACON& Tower with Radar,130,39,38,55,262,0,5,23,18,46,130,44,61,73,308,0,12,12,320
10/14/2022,OKC,OK,ASW,CE,Combined TRACON& Tower with Radar,129,25,32,57,243,0,0,35,8,43,129,25,67,65,286,0,16,16,302
10/15/2022,OKC,OK,ASW,CE,Combined TRACON& Tower with Radar,97,28,19,9,153,0,1,18,0,19,97,29,37,9,172,0,0,0,172
10/16/2022,OKC,OK,ASW,CE,Combined TRACON& Tower with Radar,125,30,27,9,191,0,0,8,1,9,125,30,35,10,200,0,0,0,200
10/17/2022,OKC,OK,ASW,CE,Combined TRACON& Tower with Radar,120,23,29,86,258,0,5,32,24,61,120,28,61,110,319,0,14,14,333
10/18/2022,OKC,OK,ASW,CE,Combined TRACON& Tower with Radar,125,32,43,121,321,0,1,24,28,53,125,33,67,149,374,0,6,6,380
10/19/2022,OKC,OK,ASW,CE,Combined TRACON& Tower with Radar,131,30,30,96,287,0,1,29,27,57,131,31,59,123,344,0,0,0,344
10/20/2022,OKC,OK,ASW,CE,Combined TRACON& Tower with Radar,133,30,33,62,258,0,0,29,25,54,133,30,62,87,312,0,2,2,314
10/21/2022,OKC,OK,ASW,CE,Combined TRACON& Tower with Radar,131,25,23,37,216,0,3,25,3,31,131,28,48,40,247,0,10,10,257
10/22/2022,OKC,OK,ASW,CE,Combined TRACON& Tower with Radar,107,19,5,16,147,0,1,14,2,17,107,20,19,18,164,0,12,12,176
10/23/2022,OKC,OK,ASW,CE,Combined TRACON& Tower with Radar,127,22,13,16,178,0,0,13,5,18,127,22,26,21,196,0,0,0,196
10/24/2022,OKC,OK,ASW,CE,Combined TRACON& Tower with Radar,150,30,17,51,248,0,1,7,1,9,150,31,24,52,257,0,0,0,257
10/25/2022,OKC,OK,ASW,CE,Combined TRACON& Tower with Radar,123,32,28,61,244,0,2,14,19,35,123,34,42,80,279,0,4,4,283
10/26/2022,OKC,OK,ASW,CE,Combined TRACON& Tower with Radar,125,40,39,44,248,0,3,31,19,53,125,43,70,63,301,0,0,0,301
10/27/2022,OKC,OK,ASW,CE,Combined TRACON& Tower with Radar,133,24,27,44,228,0,2,19,19,40,133,26,46,63,268,0,0,0,268
10/28/2022,OKC,OK,ASW,CE,Combined TRACON& Tower with Radar,142,24,29,73,268,0,0,5,15,20,142,24,34,88,288,0,4,4,292
10/29/2022,OKC,OK,ASW,CE,Combined TRACON& Tower with Radar,102,14,28,3,147,0,0,14,1,15,102,14,42,4,162,0,0,0,162
10/30/2022,OKC,OK,ASW,CE,Combined TRACON& Tower with Radar,117,29,19,13,178,0,0,23,3,26,117,29,42,16,204,0,0,0,204
10/31/2022,OKC,OK,ASW,CE,Combined TRACON& Tower with Radar,113,28,21,43,205,0,1,14,25,40,113,29,35,68,245,0,6,6,251
11/01/2022,OKC,OK,ASW,CE,Combined TRACON& Tower with Radar,122,27,23,93,265,0,3,19,36,58,122,30,42,129,323,0,58,58,381
11/02/2022,OKC,OK,ASW,CE,Combined TRACON& Tower with Radar,126,29,27,70,252,0,0,6,10,16,126,29,33,80,268,0,0,0,268
11/03/2022,OKC,OK,ASW,CE,Combined TRACON& Tower with Radar,122,36,58,29,245,0,0,8,8,16,122,36,66,37,261,0,0,0,261
11/04/2022,OKC,OK,ASW,CE,Combined TRACON& Tower with Radar,134,25,14,11,184,0,0,1,1,2,134,25,15,12,186,12,0,12,198
11/05/2022,OKC,OK,ASW,CE,Combined TRACON& Tower with Radar,101,26,22,13,162,0,2,33,8,43,101,28,55,21,205,0,0,0,205
11/06/2022,OKC,OK,ASW,CE,Combined TRACON& Tower with Radar,112,31,36,19,198,0,1,23,2,26,112,32,59,21,224,0,0,0,224
11/07/2022,OKC,OK,ASW,CE,Combined TRACON& Tower with Radar,121,24,60,45,250,0,0,3,20,23,121,24,63,65,273,0,0,0,273
11/08/2022,OKC,OK,ASW,CE,Combined TRACON& Tower with Radar,120,25,37,57,239,0,0,6,11,17,120,25,43,68,256,0,0,0,256
11/09/2022,OKC,OK,ASW,CE,Combined TRACON& Tower with Radar,122,21,32,84,259,0,0,8,27,35,122,21,40,111,294,0,14,14,308
11/10/2022,OKC,OK,ASW,CE,Combined TRACON& Tower with Radar,122,27,31,80,260,0,0,0,0,0,122,27,31,80,260,0,0,0,260
11/11/2022,OKC,OK,ASW,CE,Combined TRACON& Tower with Radar,143,20,31,2,196,0,0,12,0,12,143,20,43,2,208,0,0,0,208
11/12/2022,OKC,OK,ASW,CE,Combined TRACON& Tower with Radar,102,28,21,2,153,0,0,21,0,21,102,28,42,2,174,0,0,0,174
11/13/2022,OKC,OK,ASW,CE,Combined TRACON& Tower with Radar,106,22,20,0,148,0,2,14,4,20,106,24,34,4,168,0,0,0,168
11/14/2022,OKC,OK,ASW,CE,Combined TRACON& Tower with Radar,122,29,23,5,179,0,2,11,9,22,122,31,34,14,201,0,6,6,207
11/15/2022,OKC,OK,ASW,CE,Combined TRACON& Tower with Radar,114,31,32,30,207,0,4,18,31,53,114,35,50,61,260,0,0,0,260
11/16/2022,OKC,OK,ASW,CE,Combined TRACON& Tower with Radar,124,30,30,55,239,0,5,24,33,62,124,35,54,88,301,8,66,74,375
11/17/2022,OKC,OK,ASW,CE,Combined TRACON& Tower with Radar,127,33,39,95,294,0,2,37,14,53,127,35,76,109,347,0,0,0,347
11/18/2022,OKC,OK,ASW,CE,Combined TRACON& Tower with Radar,122,36,24,43,225,0,1,17,8,26,122,37,41,51,251,0,26,26,277
11/19/2022,OKC,OK,ASW,CE,Combined TRACON& Tower with Radar,102,17,16,22,157,0,1,22,3,26,102,18,38,25,183,0,26,26,209
11/20/2022,OKC,OK,ASW,CE,Combined TRACON& Tower with Radar,119,18,18,1,156,0,0,23,1,24,119,18,41,2,180,0,0,0,180
11/21/2022,OKC,OK,ASW,CE,Combined TRACON& Tower with Radar,120,25,20,60,225,0,3,18,19,40,120,28,38,79,265,6,4,10,275
11/22/2022,OKC,OK,ASW,CE,Combined TRACON& Tower with Radar,133,21,20,47,221,0,2,16,17,35,133,23,36,64,256,0,8,8,264
11/23/2022,OKC,OK,ASW,CE,Combined TRACON& Tower with Radar,131,19,12,24,186,0,0,1,2,3,131,19,13,26,189,0,0,0,189
11/24/2022,OKC,OK,ASW,CE,Combined TRACON& Tower with Radar,85,9,2,0,96,0,0,0,0,0,85,9,2,0,96,0,0,0,96
11/25/2022,OKC,OK,ASW,CE,Combined TRACON& Tower with Radar,114,30,10,0,154,0,0,17,0,17,114,30,27,0,171,0,0,0,171
11/26/2022,OKC,OK,ASW,CE,Combined TRACON& Tower with Radar,100,12,17,0,129,0,0,0,0,0,100,12,17,0,129,0,0,0,129
11/27/2022,OKC,OK,ASW,CE,Combined TRACON& Tower with Radar,116,29,20,0,165,0,1,16,2,19,116,30,36,2,184,0,0,0,184
11/28/2022,OKC,OK,ASW,CE,Combined TRACON& Tower with Radar,132,32,23,47,234,0,3,15,20,38,132,35,38,67,272,0,26,26,298
11/29/2022,OKC,OK,ASW,CE,Combined TRACON& Tower with Radar,129,28,33,78,268,0,0,9,29,38,129,28,42,107,306,0,0,0,306
11/30/2022,OKC,OK,ASW,CE,Combined TRACON& Tower with Radar,127,27,26,36,216,0,1,28,39,68,127,28,54,75,284,0,0,0,284
12/01/2022,OKC,OK,ASW,CE,Combined TRACON& Tower with Radar,124,34,34,33,225,0,5,14,17,36,124,39,48,50,261,0,0,0,261
12/02/2022,OKC,OK,ASW,CE,Combined TRACON& Tower with Radar,132,21,19,46,218,0,0,6,4,10,132,21,25,50,228,0,0,0,228
12/03/2022,OKC,OK,ASW,CE,Combined TRACON& Tower with Radar,105,19,12,1,137,0,1,16,0,17,105,20,28,1,154,0,0,0,154
12/04/2022,OKC,OK,ASW,CE,Combined TRACON& Tower with Radar,121,20,15,19,175,0,0,9,1,10,121,20,24,20,185,0,0,0,185
12/05/2022,OKC,OK,ASW,CE,Combined TRACON& Tower with Radar,123,26,34,123,306,0,5,13,42,60,123,31,47,165,366,0,24,24,390
12/06/2022,OKC,OK,ASW,CE,Combined TRACON& Tower with Radar,123,25,39,78,265,0,0,1,2,3,123,25,40,80,268,0,0,0,268
12/07/2022,OKC,OK,ASW,CE,Combined TRACON& Tower with Radar,125,31,32,72,260,0,0,1,0,1,125,31,33,72,261,0,0,0,261
12/08/2022,OKC,OK,ASW,CE,Combined TRACON& Tower with Radar,134,36,33,44,247,0,0,0,10,10,134,36,33,54,257,0,0,0,257
12/09/2022,OKC,OK,ASW,CE,Combined TRACON& Tower with Radar,145,28,17,89,279,0,6,17,32,55,145,34,34,121,334,0,0,0,334
12/10/2022,OKC,OK,ASW,CE,Combined TRACON& Tower with Radar,103,26,15,2,146,0,0,0,1,1,103,26,15,3,147,0,0,0,147
12/11/2022,OKC,OK,ASW,CE,Combined TRACON& Tower with Radar,121,27,15,7,170,0,0,0,0,0,121,27,15,7,170,0,0,0,170
12/12/2022,OKC,OK,ASW,CE,Combined TRACON& Tower with Radar,125,23,23,21,192,0,0,0,4,4,125,23,23,25,196,0,0,0,196
12/13/2022,OKC,OK,ASW,CE,Combined TRACON& Tower with Radar,122,44,29,62,257,0,5,28,33,66,122,49,57,95,323,0,32,32,355
12/14/2022,OKC,OK,ASW,CE,Combined TRACON& Tower with Radar,134,30,40,82,286,0,2,22,24,48,134,32,62,106,334,0,14,14,348
12/15/2022,OKC,OK,ASW,CE,Combined TRACON& Tower with Radar,120,25,27,74,246,0,2,45,27,74,120,27,72,101,320,0,20,20,340
12/16/2022,OKC,OK,ASW,CE,Combined TRACON& Tower with Radar,137,35,19,38,229,0,0,24,20,44,137,35,43,58,273,10,18,28,301
12/17/2022,OKC,OK,ASW,CE,Combined TRACON& Tower with Radar,105,27,18,23,173,0,0,28,3,31,105,27,46,26,204,0,0,0,204
12/18/2022,OKC,OK,ASW,CE,Combined TRACON& Tower with Radar,122,17,10,0,149,0,2,15,0,17,122,19,25,0,166,0,0,0,166
12/19/2022,OKC,OK,ASW,CE,Combined TRACON& Tower with Radar,122,26,28,80,256,0,1,18,18,37,122,27,46,98,293,0,98,98,391
12/20/2022,OKC,OK,ASW,CE,Combined TRACON& Tower with Radar,120,27,14,54,215,0,0,4,4,8,120,27,18,58,223,30,0,30,253
12/21/2022,OKC,OK,ASW,CE,Combined TRACON& Tower with Radar,136,34,16,28,214,0,0,6,5,11,136,34,22,33,225,0,0,0,225
12/22/2022,OKC,OK,ASW,CE,Combined TRACON& Tower with Radar,109,21,11,0,141,0,0,1,0,1,109,21,12,0,142,0,0,0,142
12/23/2022,OKC,OK,ASW,CE,Combined TRACON& Tower with Radar,102,36,10,0,148,0,1,11,3,15,102,37,21,3,163,0,0,0,163
12/24/2022,OKC,OK,ASW,CE,Combined TRACON& Tower with Radar,88,16,2,0,106,0,2,9,5,16,88,18,11,5,122,0,0,0,122
12/25/2022,OKC,OK,ASW,CE,Combined TRACON& Tower with Radar,71,12,4,0,87,0,0,5,4,9,71,12,9,4,96,0,0,0,96
12/26/2022,OKC,OK,ASW,CE,Combined TRACON& Tower with Radar,80,28,10,0,118,0,2,12,5,19,80,30,22,5,137,0,0,0,137
12/27/2022,OKC,OK,ASW,CE,Combined TRACON& Tower with Radar,102,21,18,11,152,0,0,17,7,24,102,21,35,18,176,0,16,16,192
12/28/2022,OKC,OK,ASW,CE,Combined TRACON& Tower with Radar,104,25,14,16,159,0,0,16,5,21,104,25,30,21,180,0,0,0,180
12/29/2022,OKC,OK,ASW,CE,Combined TRACON& Tower with Radar,104,19,10,14,147,0,3,18,18,39,104,22,28,32,186,0,0,0,186
12/30/2022,OKC,OK,ASW,CE,Combined TRACON& Tower with Radar,127,28,14,4,173,0,1,19,6,26,127,29,33,10,199,0,0,0,199
12/31/2022,OKC,OK,ASW,CE,Combined TRACON& Tower with Radar,91,15,8,0,114,0,1,12,2,15,91,16,20,2,129,4,0,4,133
01/01/2023,OKC,OK,ASW,CE,Combined TRACON& Tower with Radar,99,16,9,2,126,0,1,8,2,11,99,17,17,4,137,0,0,0,137
01/02/2023,OKC,OK,ASW,CE,Combined TRACON& Tower with Radar,109,11,11,0,131,0,0,4,0,4,109,11,15,0,135,0,0,0,135
01/03/2023,OKC,OK,ASW,CE,Combined TRACON& Tower with Radar,133,19,35,55,242,0,1,24,15,40,133,20,59,70,282,0,24,24,306
01/04/2023,OKC,OK,ASW,CE,Combined TRACON& Tower with Radar,117,20,21,75,233,0,3,20,35,58,117,23,41,110,291,0,82,82,373
01/05/2023,OKC,OK,ASW,CE,Combined TRACON& Tower with Radar,118,30,22,114,284,0,1,19,33,53,118,31,41,147,337,0,36,36,373
01/06/2023,OKC,OK,ASW,CE,Combined TRACON& Tower with Radar,120,29,29,76,254,0,0,16,22,38,120,29,45,98,292,0,62,62,354
01/07/2023,OKC,OK,ASW,CE,Combined TRACON& Tower with Radar,89,30,19,33,171,0,2,32,10,44,89,32,51,43,215,0,28,28,243
01/08/2023,OKC,OK,ASW,CE,Combined TRACON& Tower with Radar,106,18,12,40,176,0,1,19,5,25,106,19,31,45,201,0,46,46,247
01/09/2023,OKC,OK,ASW,CE,Combined TRACON& Tower with Radar,124,24,16,64,228,0,2,28,30,60,124,26,44,94,288,0,38,38,326
01/10/2023,OKC,OK,ASW,CE,Combined TRACON& Tower with Radar,124,33,14,52,223,0,8,12,17,37,124,41,26,69,260,0,0,0,260
01/11/2023,OKC,OK,ASW,CE,Combined TRACON& Tower with Radar,121,26,19,106,272,0,4,17,25,46,121,30,36,131,318,6,76,82,400
01/12/2023,OKC,OK,ASW,CE,Combined TRACON& Tower with Radar,127,33,20,130,310,0,5,13,20,38,127,38,33,150,348,0,38,38,386
01/13/2023,OKC,OK,ASW,CE,Combined TRACON& Tower with Radar,133,34,21,81,269,0,0,20,17,37,133,34,41,98,306,0,130,130,436
01/14/2023,OKC,OK,ASW,CE,Combined TRACON& Tower with Radar,94,13,22,1,130,0,2,16,0,18,94,15,38,1,148,0,0,0,148
01/15/2023,OKC,OK,ASW,CE,Combined TRACON& Tower with Radar,103,11,2,5,121,0,1,12,0,13,103,12,14,5,134,0,0,0,134
01/16/2023,OKC,OK,ASW,CE,Combined TRACON& Tower with Radar,119,23,12,1,155,0,2,16,0,18,119,25,28,1,173,0,0,0,173
01/17/2023,OKC,OK,ASW,CE,Combined TRACON& Tower with Radar,117,31,22,96,266,0,4,14,28,46,117,35,36,124,312,0,16,16,328
01/18/2023,OKC,OK,ASW,CE,Combined TRACON& Tower with Radar,125,26,19,105,275,0,1,12,19,32,125,27,31,124,307,0,20,20,327
01/19/2023,OKC,OK,ASW,CE,Combined TRACON& Tower with Radar,133,32,16,78,259,0,6,18,29,53,133,38,34,107,312,0,20,20,332
01/20/2023,OKC,OK,ASW,CE,Combined TRACON& Tower with Radar,132,28,23,65,248,0,1,40,20,61,132,29,63,85,309,26,34,60,369
01/21/2023,OKC,OK,ASW,CE,Combined TRACON& Tower with Radar,93,17,4,5,119,0,0,12,1,13,93,17,16,6,132,0,0,0,132
01/22/2023,OKC,OK,ASW,CE,Combined TRACON& Tower with Radar,114,17,11,33,175,0,4,3,0,7,114,21,14,33,182,0,0,0,182
01/23/2023,OKC,OK,ASW,CE,Combined TRACON& Tower with Radar,122,28,32,89,271,0,10,20,30,60,122,38,52,119,331,0,40,40,371
01/24/2023,OKC,OK,ASW,CE,Combined TRACON& Tower with Radar,114,21,18,0,153,0,0,0,0,0,114,21,18,0,153,0,0,0,153
01/25/2023,OKC,OK,ASW,CE,Combined TRACON& Tower with Radar,129,21,22,74,246,0,0,6,23,29,129,21,28,97,275,6,12,18,293
01/26/2023,OKC,OK,ASW,CE,Combined TRACON& Tower with Radar,126,30,46,48,250,0,6,41,36,83,126,36,87,84,333,0,8,8,341
01/27/2023,OKC,OK,ASW,CE,Combined TRACON& Tower with Radar,153,31,27,61,272,0,0,25,30,55,153,31,52,91,327,4,28,32,359
01/28/2023,OKC,OK,ASW,CE,Combined TRACON& Tower with Radar,109,11,16,9,145,0,4,12,2,18,109,15,28,11,163,0,8,8,171
01/29/2023,OKC,OK,ASW,CE,Combined TRACON& Tower with Radar,110,22,13,4,149,0,0,0,0,0,110,22,13,4,149,0,0,0,149
01/30/2023,OKC,OK,ASW,CE,Combined TRACON& Tower with Radar,117,13,16,0,146,0,0,1,0,1,117,13,17,0,147,0,0,0,147
01/31/2023,OKC,OK,ASW,CE,Combined TRACON& Tower with Radar,125,28,19,8,180,0,0,2,1,3,125,28,21,9,183,0,0,0,183
02/01/2023,OKC,OK,ASW,CE,Combined TRACON& Tower with Radar,99,20,20,15,154,0,2,12,36,50,99,22,32,51,204,6,36,42,246
02/02/2023,OKC,OK,ASW,CE,Combined TRACON& Tower with Radar,120,40,37,51,248,0,4,9,21,34,120,44,46,72,282,0,0,0,282
02/03/2023,OKC,OK,ASW,CE,Combined TRACON& Tower with Radar,128,19,32,86,265,0,2,23,39,64,128,21,55,125,329,20,44,64,393
02/04/2023,OKC,OK,ASW,CE,Combined TRACON& Tower with Radar,92,12,5,20,129,0,3,2,13,18,92,15,7,33,147,0,0,0,147
02/05/2023,OKC,OK,ASW,CE,Combined TRACON& Tower with Radar,115,16,12,27,170,0,0,14,3,17,115,16,26,30,187,0,0,0,187
02/06/2023,OKC,OK,ASW,CE,Combined TRACON& Tower with Radar,117,17,26,69,229,0,8,31,37,76,117,25,57,106,305,0,18,18,323
02/07/2023,OKC,OK,ASW,CE,Combined TRACON& Tower with Radar,116,18,19,46,199,0,0,0,13,13,116,18,19,59,212,0,18,18,230
02/08/2023,OKC,OK,ASW,CE,Combined TRACON& Tower with Radar,111,21,26,51,209,0,1,0,0,1,111,22,26,51,210,0,0,0,210
02/09/2023,OKC,OK,ASW,CE,Combined TRACON& Tower with Radar,126,35,37,75,273,0,2,19,47,68,126,37,56,122,341,0,0,0,341
02/10/2023,OKC,OK,ASW,CE,Combined TRACON& Tower with Radar,118,38,35,82,273,0,4,31,28,63,118,42,66,110,336,10,34,44,380
02/11/2023,OKC,OK,ASW,CE,Combined TRACON& Tower with Radar,106,23,19,16,164,0,0,32,2,34,106,23,51,18,198,26,0,26,224
02/12/2023,OKC,OK,ASW,CE,Combined TRACON& Tower with Radar,108,15,14,13,150,0,1,7,1,9,108,16,21,14,159,0,0,0,159
02/13/2023,OKC,OK,ASW,CE,Combined TRACON& Tower with Radar,123,28,18,88,257,0,2,16,40,58,123,30,34,128,315,0,18,18,333
02/14/2023,OKC,OK,ASW,CE,Combined TRACON& Tower with Radar,121,17,14,25,177,0,0,4,6,10,121,17,18,31,187,0,0,0,187
02/15/2023,OKC,OK,ASW,CE,Combined TRACON& Tower with Radar,125,31,22,119,297,0,0,17,49,66,125,31,39,168,363,0,94,94,457
02/16/2023,OKC,OK,ASW,CE,Combined TRACON& Tower with Radar,131,31,28,108,298,0,1,13,38,52,131,32,41,146,350,0,0,0,350
02/17/2023,OKC,OK,ASW,CE,Combined TRACON& Tower with Radar,129,26,30,58,243,0,1,22,12,35,129,27,52,70,278,0,0,0,278
02/18/2023,OKC,OK,ASW,CE,Combined TRACON& Tower with Radar,108,20,6,2,136,0,2,20,2,24,108,22,26,4,160,0,0,0,160
02/19/2023,OKC,OK,ASW,CE,Combined TRACON& Tower with Radar,113,21,12,4,150,0,2,19,0,21,113,23,31,4,171,0,0,0,171
02/20/2023,OKC,OK,ASW,CE,Combined TRACON& Tower with Radar,121,18,29,54,222,0,4,27,0,31,121,22,56,54,253,0,0,0,253
02/21/2023,OKC,OK,ASW,CE,Combined TRACON& Tower with Radar,126,33,29,65,253,0,1,20,34,55,126,34,49,99,308,0,0,0,308
02/22/2023,OKC,OK,ASW,CE,Combined TRACON& Tower with Radar,121,34,26,26,207,0,0,10,26,36,121,34,36,52,243,0,10,10,253
02/23/2023,OKC,OK,ASW,CE,Combined TRACON& Tower with Radar,139,23,28,103,293,0,9,30,35,74,139,32,58,138,367,0,0,0,367
02/24/2023,OKC,OK,ASW,CE,Combined TRACON& Tower with Radar,132,15,13,68,228,0,0,2,3,5,132,15,15,71,233,0,0,0,233
02/25/2023,OKC,OK,ASW,CE,Combined TRACON& Tower with Radar,111,10,23,3,147,0,0,0,0,0,111,10,23,3,147,0,0,0,147
02/26/2023,OKC,OK,ASW,CE,Combined TRACON& Tower with Radar,109,14,13,0,136,0,0,0,0,0,109,14,13,0,136,0,0,0,136
02/27/2023,OKC,OK,ASW,CE,Combined TRACON& Tower with Radar,124,30,27,85,266,0,0,27,32,59,124,30,54,117,325,22,12,34,359
02/28/2023,OKC,OK,ASW,CE,Combined TRACON& Tower with Radar,135,33,44,62,274,0,5,19,17,41,135,38,63,79,315,0,0,0,315
03/01/2023,OKC,OK,ASW,CE,Combined TRACON& Tower with Radar,120,36,27,101,284,0,6,24,39,69,120,42,51,140,353,18,118,136,489
03/02/2023,OKC,OK,ASW,CE,Combined TRACON& Tower with Radar,131,34,41,37,243,0,0,1,8,9,131,34,42,45,252,0,0,0,252
03/03/2023,OKC,OK,ASW,CE,Combined TRACON& Tower with Radar,130,17,28,67,242,0,0,12,21,33,130,17,40,88,275,0,0,0,275
03/04/2023,OKC,OK,ASW,CE,Combined TRACON& Tower with Radar,102,24,22,9,157,0,9,23,6,38,102,33,45,15,195,0,0,0,195
03/05/2023,OKC,OK,ASW,CE,Combined TRACON& Tower with Radar,122,11,25,21,179,0,3,18,5,26,122,14,43,26,205,0,10,10,215
03/06/2023,OKC,OK,ASW,CE,Combined TRACON& Tower with Radar,130,13,34,39,216,0,1,28,36,65,130,14,62,75,281,0,28,28,309
03/07/2023,OKC,OK,ASW,CE,Combined TRACON& Tower with Radar,127,21,29,35,212,0,2,10,18,30,127,23,39,53,242,0,10,10,252
03/08/2023,OKC,OK,ASW,CE,Combined TRACON& Tower with Radar,128,27,23,79,257,0,0,6,16,22,128,27,29,95,279,0,0,0,279
03/09/2023,OKC,OK,ASW,CE,Combined TRACON& Tower with Radar,161,37,31,72,301,0,2,0,6,8,161,39,31,78,309,0,0,0,309
03/10/2023,OKC,OK,ASW,CE,Combined TRACON& Tower with Radar,141,26,35,49,251,0,2,29,15,46,141,28,64,64,297,0,20,20,317
03/11/2023,OKC,OK,ASW,CE,Combined TRACON& Tower with Radar,105,14,28,23,170,0,0,9,0,9,105,14,37,23,179,0,0,0,179
03/12/2023,OKC,OK,ASW,CE,Combined TRACON& Tower with Radar,129,21,28,24,202,0,0,12,5,17,129,21,40,29,219,0,0,0,219
03/13/2023,OKC,OK,ASW,CE,Combined TRACON& Tower with Radar,133,9,21,44,207,0,0,13,34,47,133,9,34,78,254,0,18,18,272
03/14/2023,OKC,OK,ASW,CE,Combined TRACON& Tower with Radar,134,13,23,34,204,0,4,19,20,43,134,17,42,54,247,32,6,38,285
03/15/2023,OKC,OK,ASW,CE,Combined TRACON& Tower with Radar,135,19,8,66,228,0,2,8,31,41,135,21,16,97,269,0,40,40,309
03/16/2023,OKC,OK,ASW,CE,Combined TRACON& Tower with Radar,187,16,7,13,223,0,0,2,4,6,187,16,9,17,229,0,6,6,235
03/17/2023,OKC,OK,ASW,CE,Combined TRACON& Tower with Radar,140,20,11,34,205,0,3,11,16,30,140,23,22,50,235,0,0,0,235
03/18/2023,OKC,OK,ASW,CE,Combined TRACON& Tower with Radar,103,21,8,1,133,0,0,12,5,17,103,21,20,6,150,0,0,0,150
03/19/2023,OKC,OK,ASW,CE,Combined TRACON& Tower with Radar,130,24,25,7,186,0,2,23,8,33,130,26,48,15,219,0,10,10,229
03/20/2023,OKC,OK,ASW,CE,Combined TRACON& Tower with Radar,133,27,8,48,216,0,2,17,25,44,133,29,25,73,260,0,32,32,292
03/21/2023,OKC,OK,ASW,CE,Combined TRACON& Tower with Radar,135,23,26,48,232,0,2,0,13,15,135,25,26,61,247,0,0,0,247
03/22/2023,OKC,OK,ASW,CE,Combined TRACON& Tower with Radar,133,32,40,92,297,0,10,17,27,54,133,42,57,119,351,0,0,0,351
03/23/2023,OKC,OK,ASW,CE,Combined TRACON& Tower with Radar,140,19,21,16,196,0,0,5,3,8,140,19,26,19,204,0,0,0,204
03/24/2023,OKC,OK,ASW,CE,Combined TRACON& Tower with Radar,154,13,20,39,226,0,0,3,4,7,154,13,23,43,233,0,0,0,233
03/25/2023,OKC,OK,ASW,CE,Combined TRACON& Tower with Radar,105,18,13,28,164,0,4,27,7,38,105,22,40,35,202,0,0,0,202
03/26/2023,OKC,OK,ASW,CE,Combined TRACON& Tower with Radar,122,22,12,18,174,0,5,18,5,28,122,27,30,23,202,0,0,0,202
03/27/2023,OKC,OK,ASW,CE,Combined TRACON& Tower with Radar,133,24,29,28,214,0,6,33,18,57,133,30,62,46,271,38,0,38,309
03/28/2023,OKC,OK,ASW,CE,Combined TRACON& Tower with Radar,139,24,32,70,265,0,4,20,11,35,139,28,52,81,300,0,0,0,300
03/29/2023,OKC,OK,ASW,CE,Combined TRACON& Tower with Radar,128,29,25,48,230,0,4,33,37,74,128,33,58,85,304,24,10,34,338
03/30/2023,OKC,OK,ASW,CE,Combined TRACON& Tower with Radar,140,27,28,83,278,0,2,7,10,19,140,29,35,93,297,0,0,0,297
03/31/2023,OKC,OK,ASW,CE,Combined TRACON& Tower with Radar,135,15,16,2,168,0,0,8,3,11,135,15,24,5,179,0,0,0,179
04/01/2023,OKC,OK,ASW,CE,Combined TRACON& Tower with Radar,102,20,12,21,155,0,2,29,22,53,102,22,41,43,208,0,0,0,208
04/02/2023,OKC,OK,ASW,CE,Combined TRACON& Tower with Radar,133,14,6,43,196,0,3,10,4,17,133,17,16,47,213,0,10,10,223
04/03/2023,OKC,OK,ASW,CE,Combined TRACON& Tower with Radar,131,29,29,134,323,0,7,17,35,59,131,36,46,169,382,0,50,50,432
04/04/2023,OKC,OK,ASW,CE,Combined TRACON& Tower with Radar,137,21,23,55,236,0,5,11,16,32,137,26,34,71,268,0,60,60,328
04/05/2023,OKC,OK,ASW,CE,Combined TRACON& Tower with Radar,135,29,21,89,274,0,8,15,21,44,135,37,36,110,318,12,80,92,410
04/06/2023,OKC,OK,ASW,CE,Combined TRACON& Tower with Radar,139,24,47,89,299,0,9,16,20,45,139,33,63,109,344,0,18,18,362
04/07/2023,OKC,OK,ASW,CE,Combined TRACON& Tower with Radar,141,20,17,69,247,0,5,17,12,34,141,25,34,81,281,0,0,0,281
04/08/2023,OKC,OK,ASW,CE,Combined TRACON& Tower with Radar,104,6,8,17,135,0,7,21,4,32,104,13,29,21,167,0,0,0,167
04/09/2023,OKC,OK,ASW,CE,Combined TRACON& Tower with Radar,125,14,9,6,154,0,1,5,1,7,125,15,14,7,161,0,0,0,161
04/10/2023,OKC,OK,ASW,CE,Combined TRACON& Tower with Radar,134,15,32,67,248,0,4,9,23,36,134,19,41,90,284,8,46,54,338
04/11/2023,OKC,OK,ASW,CE,Combined TRACON& Tower with Radar,140,20,30,48,238,0,2,19,28,49,140,22,49,76,287,0,46,46,333
04/12/2023,OKC,OK,ASW,CE,Combined TRACON& Tower with Radar,138,18,41,58,255,0,8,13,27,48,138,26,54,85,303,0,0,0,303
04/13/2023,OKC,OK,ASW,CE,Combined TRACON& Tower with Radar,141,23,33,31,228,0,7,22,31,60,141,30,55,62,288,6,12,18,306
04/14/2023,OKC,OK,ASW,CE,Combined TRACON& Tower with Radar,135,33,22,51,241,0,4,12,14,30,135,37,34,65,271,28,24,52,323
04/15/2023,OKC,OK,ASW,CE,Combined TRACON& Tower with Radar,116,16,17,9,158,0,1,30,0,31,116,17,47,9,189,0,0,0,189
04/16/2023,OKC,OK,ASW,CE,Combined TRACON& Tower with Radar,129,24,21,17,191,0,1,16,7,24,129,25,37,24,215,0,0,0,215
04/17/2023,OKC,OK,ASW,CE,Combined TRACON& Tower with Radar,135,16,30,70,251,0,0,21,24,45,135,16,51,94,296,10,12,22,318
04/18/2023,OKC,OK,ASW,CE,Combined TRACON& Tower with Radar,133,22,29,116,300,0,0,14,16,30,133,22,43,132,330,0,62,62,392
04/19/2023,OKC,OK,ASW,CE,Combined TRACON& Tower with Radar,125,29,25,25,204,0,2,3,9,14,125,31,28,34,218,0,0,0,218
04/20/2023,OKC,OK,ASW,CE,Combined TRACON& Tower with Radar,180,34,38,64,316,0,8,22,24,54,180,42,60,88,370,22,20,42,412
04/21/2023,OKC,OK,ASW,CE,Combined TRACON& Tower with Radar,149,31,24,52,256,0,6,21,5,32,149,37,45,57,288,10,2,12,300
04/22/2023,OKC,OK,ASW,CE,Combined TRACON& Tower with Radar,118,19,19,4,160,0,1,14,5,20,118,20,33,9,180,0,0,0,180
04/23/2023,OKC,OK,ASW,CE,Combined TRACON& Tower with Radar,128,18,14,18,178,0,0,9,0,9,128,18,23,18,187,4,0,4,191
04/24/2023,OKC,OK,ASW,CE,Combined TRACON& Tower with Radar,134,18,37,62,251,0,4,9,16,29,134,22,46,78,280,30,24,54,334
04/25/2023,OKC,OK,ASW,CE,Combined TRACON& Tower with Radar,134,19,29,12,194,0,0,0,6,6,134,19,29,18,200,0,0,0,200
04/26/2023,OKC,OK,ASW,CE,Combined TRACON& Tower with Radar,132,21,11,30,194,0,0,0,0,0,132,21,11,30,194,0,0,0,194
04/27/2023,OKC,OK,ASW,CE,Combined TRACON& Tower with Radar,141,22,43,86,292,0,2,4,4,10,141,24,47,90,302,0,20,20,322
04/28/2023,OKC,OK,ASW,CE,Combined TRACON& Tower with Radar,140,17,41,29,227,0,1,5,7,13,140,18,46,36,240,0,16,16,256
04/29/2023,OKC,OK,ASW,CE,Combined TRACON& Tower with Radar,154,12,20,1,187,0,7,30,4,41,154,19,50,5,228,26,4,30,258
04/30/2023,OKC,OK,ASW,CE,Combined TRACON& Tower with Radar,143,16,23,6,188,0,0,23,3,26,143,16,46,9,214,0,0,0,214
05/01/2023,OKC,OK,ASW,CE,Combined TRACON& Tower with Radar,163,18,24,41,246,0,9,13,26,48,163,27,37,67,294,16,94,110,404
05/02/2023,OKC,OK,ASW,CE,Combined TRACON& Tower with Radar,128,26,21,52,227,0,9,21,29,59,128,35,42,81,286,0,0,0,286
05/03/2023,OKC,OK,ASW,CE,Combined TRACON& Tower with Radar,131,27,32,32,222,0,3,20,18,41,131,30,52,50,263,0,18,18,281
05/04/2023,OKC,OK,ASW,CE,Combined TRACON& Tower with Radar,147,22,15,6,190,0,0,3,8,11,147,22,18,14,201,0,0,0,201
05/05/2023,OKC,OK,ASW,CE,Combined TRACON& Tower with Radar,149,15,19,37,220,0,2,13,19,34,149,17,32,56,254,0,0,0,254
05/06/2023,OKC,OK,ASW,CE,Combined TRACON& Tower with Radar,136,15,16,28,195,0,1,19,7,27,136,16,35,35,222,0,0,0,222
05/07/2023,OKC,OK,ASW,CE,Combined TRACON& Tower with Radar,135,30,13,0,178,0,0,17,3,20,135,30,30,3,198,0,0,0,198
05/08/2023,OKC,OK,ASW,CE,Combined TRACON& Tower with Radar,136,17,27,83,263,0,2,25,30,57,136,19,52,113,320,0,0,0,320
05/09/2023,OKC,OK,ASW,CE,Combined TRACON& Tower with Radar,135,32,27,64,258,0,3,14,16,33,135,35,41,80,291,32,8,40,331
05/10/2023,OKC,OK,ASW,CE,Combined TRACON& Tower with Radar,135,30,30,33,228,0,2,13,19,34,135,32,43,52,262,0,16,16,278
05/11/2023,OKC,OK,ASW,CE,Combined TRACON& Tower with Radar,150,27,19,13,209,0,1,6,1,8,150,28,25,14,217,0,0,0,217
05/12/2023,OKC,OK,ASW,CE,Combined TRACON& Tower with Radar,141,31,34,57,263,0,3,6,6,15,141,34,40,63,278,0,12,12,290
05/13/2023,OKC,OK,ASW,CE,Combined TRACON& Tower with Radar,124,12,12,22,170,0,0,2,0,2,124,12,14,22,172,0,20,20,192
05/14/2023,OKC,OK,ASW,CE,Combined TRACON& Tower with Radar,128,11,11,12,162,0,0,2,0,2,128,11,13,12,164,0,0,0,164
05/15/2023,OKC,OK,ASW,CE,Combined TRACON& Tower with Radar,137,20,23,67,247,0,0,0,9,9,137,20,23,76,256,0,12,12,268
05/16/2023,OKC,OK,ASW,CE,Combined TRACON& Tower with Radar,138,26,31,109,304,0,2,16,28,46,138,28,47,137,350,0,114,114,464
05/17/2023,OKC,OK,ASW,CE,Combined TRACON& Tower with Radar,134,21,23,112,290,0,7,29,38,74,134,28,52,150,364,0,6,6,370
05/18/2023,OKC,OK,ASW,CE,Combined TRACON& Tower with Radar,134,35,36,76,281,0,2,16,26,44,134,37,52,102,325,8,26,34,359
05/19/2023,OKC,OK,ASW,CE,Combined TRACON& Tower with Radar,156,22,22,45,245,0,0,4,10,14,156,22,26,55,259,0,4,4,263
05/20/2023,OKC,OK,ASW,CE,Combined TRACON& Tower with Radar,128,11,14,6,159,0,3,26,4,33,128,14,40,10,192,0,10,10,202
05/21/2023,OKC,OK,ASW,CE,Combined TRACON& Tower with Radar,132,19,13,13,177,0,0,19,1,20,132,19,32,14,197,0,0,0,197
05/22/2023,OKC,OK,ASW,CE,Combined TRACON& Tower with Radar,133,23,22,97,275,0,2,23,20,45,133,25,45,117,320,0,62,62,382
05/23/2023,OKC,OK,ASW,CE,Combined TRACON& Tower with Radar,133,22,21,35,211,0,1,9,11,21,133,23,30,46,232,24,6,30,262
05/24/2023,OKC,OK,ASW,CE,Combined TRACON& Tower with Radar,135,27,32,57,251,0,7,16,26,49,135,34,48,83,300,38,6,44,344
05/25/2023,OKC,OK,ASW,CE,Combined TRACON& Tower with Radar,141,25,31,37,234,0,2,14,15,31,141,27,45,52,265,0,0,0,265
05/26/2023,OKC,OK,ASW,CE,Combined TRACON& Tower with Radar,134,23,21,0,178,0,0,26,0,26,134,23,47,0,204,10,0,10,214
05/27/2023,OKC,OK,ASW,CE,Combined TRACON& Tower with Radar,122,13,15,1,151,0,1,10,0,11,122,14,25,1,162,0,0,0,162
05/28/2023,OKC,OK,ASW,CE,Combined TRACON& Tower with Radar,127,18,6,0,151,0,2,6,0,8,127,20,12,0,159,0,0,0,159
05/29/2023,OKC,OK,ASW,CE,Combined TRACON& Tower with Radar,127,20,9,0,156,0,2,8,0,10,127,22,17,0,166,0,0,0,166
05/30/2023,OKC,OK,ASW,CE,Combined TRACON& Tower with Radar,142,22,25,77,266,0,1,22,22,45,142,23,47,99,311,12,0,12,323
05/31/2023,OKC,OK,ASW,CE,Combined TRACON& Tower with Radar,136,23,40,58,257,0,3,32,34,69,136,26,72,92,326,28,44,72,398
06/01/2023,OKC,OK,ASW,CE,Combined TRACON& Tower with Radar,141,26,28,45,240,0,0,17,19,36,141,26,45,64,276,0,0,0,276
06/02/2023,OKC,OK,ASW,CE,Combined TRACON& Tower with Radar,134,25,21,37,217,0,5,11,32,48,134,30,32,69,265,0,22,22,287
06/03/2023,OKC,OK,ASW,CE,Combined TRACON& Tower with Radar,143,35,29,0,207,0,0,8,0,8,143,35,37,0,215,0,0,0,215
06/04/2023,OKC,OK,ASW,CE,Combined TRACON& Tower with Radar,142,21,21,14,198,0,0,7,1,8,142,21,28,15,206,0,0,0,206
06/05/2023,OKC,OK,ASW,CE,Combined TRACON& Tower with Radar,141,35,32,47,255,1,8,11,41,61,142,43,43,88,316,0,0,0,316
06/06/2023,OKC,OK,ASW,CE,Combined TRACON& Tower with Radar,153,29,24,62,268,0,2,18,31,51,153,31,42,93,319,4,28,32,351
06/07/2023,OKC,OK,ASW,CE,Combined TRACON& Tower with Radar,145,35,21,49,250,0,6,26,35,67,145,41,47,84,317,10,14,24,341
06/08/2023,OKC,OK,ASW,CE,Combined TRACON& Tower with Radar,145,38,29,92,304,0,1,11,34,46,145,39,40,126,350,0,0,0,350
06/09/2023,OKC,OK,ASW,CE,Combined TRACON& Tower with Radar,155,17,24,88,284,0,9,25,18,52,155,26,49,106,336,0,4,4,340
06/10/2023,OKC,OK,ASW,CE,Combined TRACON& Tower with Radar,128,17,9,1,155,0,2,13,3,18,128,19,22,4,173,0,0,0,173
06/11/2023,OKC,OK,ASW,CE,Combined TRACON& Tower with Radar,180,21,29,18,248,0,6,26,8,40,180,27,55,26,288,0,0,0,288
06/12/2023,OKC,OK,ASW,CE,Combined TRACON& Tower with Radar,143,19,30,14,206,1,0,0,3,4,144,19,30,17,210,0,0,0,210
06/13/2023,OKC,OK,ASW,CE,Combined TRACON& Tower with Radar,147,25,39,56,267,0,3,6,21,30,147,28,45,77,297,0,0,0,297
06/14/2023,OKC,OK,ASW,CE,Combined TRACON& Tower with Radar,137,27,32,52,248,0,6,19,26,51,137,33,51,78,299,0,0,0,299
06/15/2023,OKC,OK,ASW,CE,Combined TRACON& Tower with Radar,144,25,20,14,203,0,6,21,15,42,144,31,41,29,245,0,0,0,245
06/16/2023,OKC,OK,ASW,CE,Combined TRACON& Tower with Radar,142,29,32,44,247,0,5,19,8,32,142,34,51,52,279,0,0,0,279
06/17/2023,OKC,OK,ASW,CE,Combined TRACON& Tower with Radar,127,15,18,0,160,0,1,24,2,27,127,16,42,2,187,0,0,0,187
06/18/2023,OKC,OK,ASW,CE,Combined TRACON& Tower with Radar,146,28,12,3,189,0,3,6,3,12,146,31,18,6,201,0,0,0,201
06/19/2023,OKC,OK,ASW,CE,Combined TRACON& Tower with Radar,132,24,39,11,206,0,2,29,0,31,132,26,68,11,237,0,0,0,237
06/20/2023,OKC,OK,ASW,CE,Combined TRACON& Tower with Radar,143,21,36,24,224,0,6,20,24,50,143,27,56,48,274,0,0,0,274
06/21/2023,OKC,OK,ASW,CE,Combined TRACON& Tower with Radar,158,22,38,51,269,0,1,14,17,32,158,23,52,68,301,0,0,0,301
06/22/2023,OKC,OK,ASW,CE,Combined TRACON& Tower with Radar,147,29,33,87,296,0,1,21,20,42,147,30,54,107,338,0,0,0,338
06/23/2023,OKC,OK,ASW,CE,Combined TRACON& Tower with Radar,146,36,15,25,222,0,4,24,14,42,146,40,39,39,264,0,0,0,264
06/24/2023,OKC,OK,ASW,CE,Combined TRACON& Tower with Radar,126,17,26,2,171,0,2,18,2,22,126,19,44,4,193,10,0,10,203
06/25/2023,OKC,OK,ASW,CE,Combined TRACON& Tower with Radar,131,21,15,17,184,0,3,10,8,21,131,24,25,25,205,0,0,0,205
06/26/2023,OKC,OK,ASW,CE,Combined TRACON& Tower with Radar,139,14,18,62,233,0,0,19,15,34,139,14,37,77,267,0,12,12,279
06/27/2023,OKC,OK,ASW,CE,Combined TRACON& Tower with Radar,138,28,29,58,253,0,2,15,24,41,138,30,44,82,294,6,8,14,308
06/28/2023,OKC,OK,ASW,CE,Combined TRACON& Tower with Radar,135,37,33,68,273,0,1,33,23,57,135,38,66,91,330,0,0,0,330
06/29/2023,OKC,OK,ASW,CE,Combined TRACON& Tower with Radar,140,36,26,118,320,0,1,17,25,43,140,37,43,143,363,6,26,32,395
06/30/2023,OKC,OK,ASW,CE,Combined TRACON& Tower with Radar,132,29,22,21,204,0,2,21,11,34,132,31,43,32,238,0,0,0,238
07/01/2023,OKC,OK,ASW,CE,Combined TRACON& Tower with Radar,132,15,6,5,158,0,0,12,2,14,132,15,18,7,172,0,0,0,172
07/02/2023,OKC,OK,ASW,CE,Combined TRACON& Tower with Radar,138,10,9,1,158,0,3,30,4,37,138,13,39,5,195,0,0,0,195
07/03/2023,OKC,OK,ASW,CE,Combined TRACON& Tower with Radar,122,15,5,2,144,0,0,19,5,24,122,15,24,7,168,0,0,0,168
07/04/2023,OKC,OK,ASW,CE,Combined TRACON& Tower with Radar,103,13,5,1,122,0,0,15,2,17,103,13,20,3,139,0,0,0,139
07/05/2023,OKC,OK,ASW,CE,Combined TRACON& Tower with Radar,129,22,12,62,225,0,0,15,8,23,129,22,27,70,248,8,24,32,280
07/06/2023,OKC,OK,ASW,CE,Combined TRACON& Tower with Radar,163,23,27,35,248,0,1,20,13,34,163,24,47,48,282,0,0,0,282
07/07/2023,OKC,OK,ASW,CE,Combined TRACON& Tower with Radar,133,17,19,48,217,0,2,9,3,14,133,19,28,51,231,0,34,34,265
07/08/2023,OKC,OK,ASW,CE,Combined TRACON& Tower with Radar,138,26,7,17,188,0,4,21,8,33,138,30,28,25,221,0,0,0,221
07/09/2023,OKC,OK,ASW,CE,Combined TRACON& Tower with Radar,143,32,16,20,211,0,2,9,0,11,143,34,25,20,222,0,0,0,222
07/10/2023,OKC,OK,ASW,CE,Combined TRACON& Tower with Radar,136,25,20,49,230,0,5,10,17,32,136,30,30,66,262,0,0,0,262
07/11/2023,OKC,OK,ASW,CE,Combined TRACON& Tower with Radar,140,25,21,82,268,0,5,13,27,45,140,30,34,109,313,0,22,22,335
07/12/2023,OKC,OK,ASW,CE,Combined TRACON& Tower with Radar,136,32,39,70,277,0,3,23,25,51,136,35,62,95,328,34,2,36,364
07/13/2023,OKC,OK,ASW,CE,Combined TRACON& Tower with Radar,149,41,35,87,312,0,0,11,34,45,149,41,46,121,357,0,0,0,357
07/14/2023,OKC,OK,ASW,CE,Combined TRACON& Tower with Radar,150,19,25,65,259,0,1,7,19,27,150,20,32,84,286,0,26,26,312
07/15/2023,OKC,OK,ASW,CE,Combined TRACON& Tower with Radar,131,15,7,4,157,0,3,11,2,16,131,18,18,6,173,20,0,20,193
07/16/2023,OKC,OK,ASW,CE,Combined TRACON& Tower with Radar,136,16,9,6,167,0,1,13,0,14,136,17,22,6,181,0,0,0,181
07/17/2023,OKC,OK,ASW,CE,Combined TRACON& Tower with Radar,146,17,17,105,285,0,8,32,19,59,146,25,49,124,344,0,18,18,362
07/18/2023,OKC,OK,ASW,CE,Combined TRACON& Tower with Radar,138,26,29,91,284,0,2,23,29,54,138,28,52,120,338,0,0,0,338
07/19/2023,OKC,OK,ASW,CE,Combined TRACON& Tower with Radar,141,26,11,69,247,0,5,24,32,61,141,31,35,101,308,0,0,0,308
07/20/2023,OKC,OK,ASW,CE,Combined TRACON& Tower with Radar,144,44,34,34,256,0,4,25,22,51,144,48,59,56,307,0,0,0,307
07/21/2023,OKC,OK,ASW,CE,Combined TRACON& Tower with Radar,148,24,37,36,245,0,2,13,22,37,148,26,50,58,282,0,4,4,286
07/22/2023,OKC,OK,ASW,CE,Combined TRACON& Tower with Radar,130,22,22,6,180,0,4,12,4,20,130,26,34,10,200,0,0,0,200
07/23/2023,OKC,OK,ASW,CE,Combined TRACON& Tower with Radar,134,24,26,6,190,0,0,14,4,18,134,24,40,10,208,0,0,0,208
07/24/2023,OKC,OK,ASW,CE,Combined TRACON& Tower with Radar,135,24,20,27,206,0,2,24,19,45,135,26,44,46,251,0,0,0,251
07/25/2023,OKC,OK,ASW,CE,Combined TRACON& Tower with Radar,149,43,18,27,237,0,2,14,22,38,149,45,32,49,275,10,8,18,293
07/26/2023,OKC,OK,ASW,CE,Combined TRACON& Tower with Radar,163,24,27,10,224,0,5,17,20,42,163,29,44,30,266,0,0,0,266
07/27/2023,OKC,OK,ASW,CE,Combined TRACON& Tower with Radar,165,27,21,70,283,0,6,27,30,63,165,33,48,100,346,12,36,48,394
07/28/2023,OKC,OK,ASW,CE,Combined TRACON& Tower with Radar,139,18,20,38,215,0,0,20,9,29,139,18,40,47,244,0,8,8,252
07/29/2023,OKC,OK,ASW,CE,Combined TRACON& Tower with Radar,131,11,16,2,160,0,0,18,4,22,131,11,34,6,182,0,0,0,182
07/30/2023,OKC,OK,ASW,CE,Combined TRACON& Tower with Radar,141,20,19,10,190,0,2,16,0,18,141,22,35,10,208,0,0,0,208
07/31/2023,OKC,OK,ASW,CE,Combined TRACON& Tower with Radar,141,21,13,31,206,0,0,23,19,42,141,21,36,50,248,0,0,0,248
08/01/2023,OKC,OK,ASW,CE,Combined TRACON& Tower with Radar,142,23,12,25,202,0,8,14,20,42,142,31,26,45,244,0,0,0,244
08/02/2023,OKC,OK,ASW,CE,Combined TRACON& Tower with Radar,135,20,19,63,237,0,4,17,23,44,135,24,36,86,281,4,12,16,297
08/03/2023,OKC,OK,ASW,CE,Combined TRACON& Tower with Radar,143,24,22,29,218,0,3,7,26,36,143,27,29,55,254,0,8,8,262
08/04/2023,OKC,OK,ASW,CE,Combined TRACON& Tower with Radar,147,30,15,38,230,0,3,18,15,36,147,33,33,53,266,0,0,0,266
08/05/2023,OKC,OK,ASW,CE,Combined TRACON& Tower with Radar,137,20,4,11,172,0,0,7,6,13,137,20,11,17,185,0,8,8,193
08/06/2023,OKC,OK,ASW,CE,Combined TRACON& Tower with Radar,132,12,27,11,182,0,0,15,7,22,132,12,42,18,204,0,0,0,204
08/07/2023,OKC,OK,ASW,CE,Combined TRACON& Tower with Radar,141,24,13,16,194,0,4,14,29,47,141,28,27,45,241,18,4,22,263
08/08/2023,OKC,OK,ASW,CE,Combined TRACON& Tower with Radar,149,23,26,72,270,0,4,15,30,49,149,27,41,102,319,0,4,4,323
08/09/2023,OKC,OK,ASW,CE,Combined TRACON& Tower with Radar,149,24,35,53,261,0,6,15,20,41,149,30,50,73,302,0,0,0,302
08/10/2023,OKC,OK,ASW,CE,Combined TRACON& Tower with Radar,144,22,24,53,243,0,0,20,28,48,144,22,44,81,291,24,10,34,325
08/11/2023,OKC,OK,ASW,CE,Combined TRACON& Tower with Radar,139,24,21,19,203,0,0,22,12,34,139,24,43,31,237,0,0,0,237
08/12/2023,OKC,OK,ASW,CE,Combined TRACON& Tower with Radar,130,15,9,0,154,0,0,2,0,2,130,15,11,0,156,0,0,0,156
08/13/2023,OKC,OK,ASW,CE,Combined TRACON& Tower with Radar,138,23,12,8,181,0,1,9,2,12,138,24,21,10,193,0,6,6,199
08/14/2023,OKC,OK,ASW,CE,Combined TRACON& Tower with Radar,136,21,22,19,198,0,4,12,17,33,136,25,34,36,231,0,0,0,231
08/15/2023,OKC,OK,ASW,CE,Combined TRACON& Tower with Radar,148,32,23,44,247,0,2,20,31,53,148,34,43,75,300,0,0,0,300
08/16/2023,OKC,OK,ASW,CE,Combined TRACON& Tower with Radar,146,22,26,72,266,0,2,17,37,56,146,24,43,109,322,0,10,10,332
08/17/2023,OKC,OK,ASW,CE,Combined TRACON& Tower with Radar,147,38,29,34,248,0,4,12,27,43,147,42,41,61,291,0,0,0,291
08/18/2023,OKC,OK,ASW,CE,Combined TRACON& Tower with Radar,142,18,27,35,222,0,2,28,14,44,142,20,55,49,266,0,0,0,266
08/19/2023,OKC,OK,ASW,CE,Combined TRACON& Tower with Radar,126,15,10,22,173,0,4,21,8,33,126,19,31,30,206,34,0,34,240
08/20/2023,OKC,OK,ASW,CE,Combined TRACON& Tower with Radar,138,14,12,15,179,0,2,23,9,34,138,16,35,24,213,0,0,0,213
08/21/2023,OKC,OK,ASW,CE,Combined TRACON& Tower with Radar,143,23,40,49,255,0,1,18,16,35,143,24,58,65,290,0,0,0,290
08/22/2023,OKC,OK,ASW,CE,Combined TRACON& Tower with Radar,147,19,29,72,267,0,1,24,16,41,147,20,53,88,308,0,0,0,308
08/23/2023,OKC,OK,ASW,CE,Combined TRACON& Tower with Radar,143,21,27,43,234,0,5,9,20,34,143,26,36,63,268,0,0,0,268
08/24/2023,OKC,OK,ASW,CE,Combined TRACON& Tower with Radar,148,22,30,36,236,0,5,17,21,43,148,27,47,57,279,0,0,0,279
08/25/2023,OKC,OK,ASW,CE,Combined TRACON& Tower with Radar,142,20,12,57,231,0,2,30,16,48,142,22,42,73,279,0,0,0,279
08/26/2023,OKC,OK,ASW,CE,Combined TRACON& Tower with Radar,126,13,12,14,165,0,2,13,5,20,126,15,25,19,185,0,14,14,199
08/27/2023,OKC,OK,ASW,CE,Combined TRACON& Tower with Radar,163,12,16,8,199,0,1,7,0,8,163,13,23,8,207,0,0,0,207
08/28/2023,OKC,OK,ASW,CE,Combined TRACON& Tower with Radar,138,34,19,92,283,0,2,18,22,42,138,36,37,114,325,0,8,8,333
08/29/2023,OKC,OK,ASW,CE,Combined TRACON& Tower with Radar,144,24,21,59,248,0,2,10,24,36,144,26,31,83,284,0,12,12,296
08/30/2023,OKC,OK,ASW,CE,Combined TRACON& Tower with Radar,150,33,35,49,267,0,5,30,29,64,150,38,65,78,331,2,4,6,337
08/31/2023,OKC,OK,ASW,CE,Combined TRACON& Tower with Radar,152,20,33,52,257,0,6,32,33,71,152,26,65,85,328,0,4,4,332
