01/01/2000,OLM,WA,ANM,WE,Federal Contract Tower,0,0,6,0,6,0,0,54,0,54,0,0,60,0,60,40,0,40,100
01/02/2000,OLM,WA,ANM,WE,Federal Contract Tower,0,2,8,1,11,0,0,77,1,78,0,2,85,2,89,128,2,130,219
01/03/2000,OLM,WA,ANM,WE,Federal Contract Tower,0,2,3,0,5,0,2,21,0,23,0,4,24,0,28,0,0,0,28
01/04/2000,OLM,WA,ANM,WE,Federal Contract Tower,0,9,16,0,25,0,7,21,0,28,0,16,37,0,53,24,0,24,77
01/05/2000,OLM,WA,ANM,WE,Federal Contract Tower,0,10,23,1,34,0,0,100,5,105,0,10,123,6,139,118,0,118,257
01/06/2000,OLM,WA,ANM,WE,Federal Contract Tower,0,10,21,1,32,0,2,31,3,36,0,12,52,4,68,88,0,88,156
01/07/2000,OLM,WA,ANM,WE,Federal Contract Tower,0,7,14,1,22,0,5,29,1,35,0,12,43,2,57,44,0,44,101
01/08/2000,OLM,WA,ANM,WE,Federal Contract Tower,0,1,11,1,13,0,0,17,11,28,0,1,28,12,41,60,0,60,101
01/09/2000,OLM,WA,ANM,WE,Federal Contract Tower,0,0,0,0,0,0,0,4,0,4,0,0,4,0,4,0,0,0,4
01/10/2000,OLM,WA,ANM,WE,Federal Contract Tower,0,6,7,0,13,0,8,0,0,8,0,14,7,0,21,0,0,0,21
01/11/2000,OLM,WA,ANM,WE,Federal Contract Tower,0,13,30,2,45,0,10,17,4,31,0,23,47,6,76,70,0,70,146
01/12/2000,OLM,WA,ANM,WE,Federal Contract Tower,0,6,4,0,10,0,11,0,0,11,0,17,4,0,21,38,0,38,59
01/13/2000,OLM,WA,ANM,WE,Federal Contract Tower,0,7,15,0,22,0,4,27,4,35,0,11,42,4,57,106,0,106,163
01/14/2000,OLM,WA,ANM,WE,Federal Contract Tower,0,6,14,0,20,0,1,14,0,15,0,7,28,0,35,64,0,64,99
01/15/2000,OLM,WA,ANM,WE,Federal Contract Tower,0,4,25,0,29,0,0,125,0,125,0,4,150,0,154,232,0,232,386
01/16/2000,OLM,WA,ANM,WE,Federal Contract Tower,0,0,2,0,2,0,0,5,0,5,0,0,7,0,7,0,0,0,7
01/17/2000,OLM,WA,ANM,WE,Federal Contract Tower,0,5,15,0,20,0,0,145,0,145,0,5,160,0,165,74,0,74,239
01/18/2000,OLM,WA,ANM,WE,Federal Contract Tower,0,13,31,0,44,0,3,61,0,64,0,16,92,0,108,74,0,74,182
01/19/2000,OLM,WA,ANM,WE,Federal Contract Tower,0,7,23,2,32,0,0,87,2,89,0,7,110,4,121,88,0,88,209
01/20/2000,OLM,WA,ANM,WE,Federal Contract Tower,0,7,27,2,36,0,0,32,2,34,0,7,59,4,70,10,0,10,80
01/21/2000,OLM,WA,ANM,WE,Federal Contract Tower,0,8,22,0,30,0,0,34,12,46,0,8,56,12,76,20,0,20,96
01/22/2000,OLM,WA,ANM,WE,Federal Contract Tower,0,2,17,0,19,0,0,114,0,114,0,2,131,0,133,222,0,222,355
01/23/2000,OLM,WA,ANM,WE,Federal Contract Tower,0,2,7,0,9,0,0,156,0,156,0,2,163,0,165,152,0,152,317
01/24/2000,OLM,WA,ANM,WE,Federal Contract Tower,0,4,11,0,15,0,12,92,0,104,0,16,103,0,119,92,0,92,211
01/25/2000,OLM,WA,ANM,WE,Federal Contract Tower,0,11,27,2,40,0,1,23,2,26,0,12,50,4,66,10,0,10,76
01/26/2000,OLM,WA,ANM,WE,Federal Contract Tower,0,8,29,0,37,0,0,52,0,52,0,8,81,0,89,122,0,122,211
01/27/2000,OLM,WA,ANM,WE,Federal Contract Tower,0,3,22,0,25,0,0,7,0,7,0,3,29,0,32,0,0,0,32
01/28/2000,OLM,WA,ANM,WE,Federal Contract Tower,0,5,12,0,17,0,4,88,7,99,0,9,100,7,116,62,14,76,192
01/29/2000,OLM,WA,ANM,WE,Federal Contract Tower,0,0,31,0,31,0,0,215,0,215,0,0,246,0,246,162,0,162,408
01/30/2000,OLM,WA,ANM,WE,Federal Contract Tower,0,6,16,0,22,0,0,105,0,105,0,6,121,0,127,154,0,154,281
01/31/2000,OLM,WA,ANM,WE,Federal Contract Tower,0,5,13,0,18,0,18,39,2,59,0,23,52,2,77,36,0,36,113
02/01/2000,OLM,WA,ANM,WE,Federal Contract Tower,0,3,8,0,11,0,9,1,0,10,0,12,9,0,21,0,0,0,21
02/02/2000,OLM,WA,ANM,WE,Federal Contract Tower,0,9,25,1,35,0,0,34,3,37,0,9,59,4,72,74,0,74,146
02/03/2000,OLM,WA,ANM,WE,Federal Contract Tower,0,8,16,1,25,0,4,55,9,68,0,12,71,10,93,10,0,10,103
02/04/2000,OLM,WA,ANM,WE,Federal Contract Tower,0,14,27,1,42,0,1,128,1,130,0,15,155,2,172,110,0,110,282
02/05/2000,OLM,WA,ANM,WE,Federal Contract Tower,0,3,26,1,30,0,0,197,17,214,0,3,223,18,244,244,0,244,488
02/06/2000,OLM,WA,ANM,WE,Federal Contract Tower,0,4,15,0,19,0,0,101,0,101,0,4,116,0,120,166,0,166,286
02/07/2000,OLM,WA,ANM,WE,Federal Contract Tower,0,5,8,1,14,0,11,38,7,56,0,16,46,8,70,102,4,106,176
02/08/2000,OLM,WA,ANM,WE,Federal Contract Tower,0,16,30,0,46,0,4,27,0,31,0,20,57,0,77,82,0,82,159
02/09/2000,OLM,WA,ANM,WE,Federal Contract Tower,0,10,28,1,39,0,0,65,3,68,0,10,93,4,107,12,0,12,119
02/10/2000,OLM,WA,ANM,WE,Federal Contract Tower,0,12,25,0,37,0,0,83,0,83,0,12,108,0,120,66,0,66,186
02/11/2000,OLM,WA,ANM,WE,Federal Contract Tower,0,15,29,1,45,0,19,57,9,85,0,34,86,10,130,132,0,132,262
02/12/2000,OLM,WA,ANM,WE,Federal Contract Tower,0,7,12,1,20,0,7,58,3,68,0,14,70,4,88,118,0,118,206
02/13/2000,OLM,WA,ANM,WE,Federal Contract Tower,0,7,13,0,20,0,1,166,0,167,0,8,179,0,187,102,0,102,289
02/14/2000,OLM,WA,ANM,WE,Federal Contract Tower,0,2,6,0,8,0,16,9,0,25,0,18,15,0,33,0,0,0,33
02/15/2000,OLM,WA,ANM,WE,Federal Contract Tower,0,14,26,0,40,0,4,84,8,96,0,18,110,8,136,74,0,74,210
02/16/2000,OLM,WA,ANM,WE,Federal Contract Tower,0,18,35,3,56,0,10,82,3,95,0,28,117,6,151,32,0,32,183
02/17/2000,OLM,WA,ANM,WE,Federal Contract Tower,0,13,26,0,39,0,15,186,8,209,0,28,212,8,248,198,4,202,450
02/18/2000,OLM,WA,ANM,WE,Federal Contract Tower,0,14,26,0,40,0,7,116,2,125,0,21,142,2,165,134,0,134,299
02/19/2000,OLM,WA,ANM,WE,Federal Contract Tower,0,0,12,0,12,0,0,157,0,157,0,0,169,0,169,166,0,166,335
02/20/2000,OLM,WA,ANM,WE,Federal Contract Tower,0,0,10,0,10,0,0,180,0,180,0,0,190,0,190,162,0,162,352
02/21/2000,OLM,WA,ANM,WE,Federal Contract Tower,0,5,10,0,15,0,0,54,0,54,0,5,64,0,69,50,0,50,119
02/22/2000,OLM,WA,ANM,WE,Federal Contract Tower,0,5,11,0,16,0,5,11,16,32,0,10,22,16,48,20,0,20,68
02/23/2000,OLM,WA,ANM,WE,Federal Contract Tower,0,9,24,0,33,0,0,36,10,46,0,9,60,10,79,34,0,34,113
02/24/2000,OLM,WA,ANM,WE,Federal Contract Tower,0,14,28,0,42,0,0,62,8,70,0,14,90,8,112,46,0,46,158
02/25/2000,OLM,WA,ANM,WE,Federal Contract Tower,0,4,8,0,12,0,6,12,6,24,0,10,20,6,36,26,0,26,62
02/26/2000,OLM,WA,ANM,WE,Federal Contract Tower,0,2,19,0,21,0,0,47,0,47,0,2,66,0,68,36,0,36,104
02/27/2000,OLM,WA,ANM,WE,Federal Contract Tower,0,2,10,0,12,0,0,112,2,114,0,2,122,2,126,172,0,172,298
02/28/2000,OLM,WA,ANM,WE,Federal Contract Tower,0,8,15,0,23,0,4,33,0,37,0,12,48,0,60,20,0,20,80
02/29/2000,OLM,WA,ANM,WE,Federal Contract Tower,0,4,10,0,14,0,9,6,2,17,0,13,16,2,31,0,0,0,31
03/01/2000,OLM,WA,ANM,WE,Federal Contract Tower,0,10,33,3,46,0,0,69,15,84,0,10,102,18,130,46,0,46,176
03/02/2000,OLM,WA,ANM,WE,Federal Contract Tower,0,12,32,2,46,0,5,47,0,52,0,17,79,2,98,48,0,48,146
03/03/2000,OLM,WA,ANM,WE,Federal Contract Tower,0,3,6,1,10,0,7,38,3,48,0,10,44,4,58,76,0,76,134
03/04/2000,OLM,WA,ANM,WE,Federal Contract Tower,0,0,6,1,7,0,0,42,5,47,0,0,48,6,54,52,0,52,106
03/05/2000,OLM,WA,ANM,WE,Federal Contract Tower,0,4,11,1,16,0,0,112,1,113,0,4,123,2,129,130,0,130,259
03/06/2000,OLM,WA,ANM,WE,Federal Contract Tower,0,5,10,0,15,0,3,70,0,73,0,8,80,0,88,70,0,70,158
03/07/2000,OLM,WA,ANM,WE,Federal Contract Tower,0,9,24,2,35,0,0,83,4,87,0,9,107,6,122,38,0,38,160
03/08/2000,OLM,WA,ANM,WE,Federal Contract Tower,0,5,14,1,20,0,0,43,5,48,0,5,57,6,68,82,0,82,150
03/09/2000,OLM,WA,ANM,WE,Federal Contract Tower,0,12,39,3,54,0,0,55,11,66,0,12,94,14,120,98,0,98,218
03/10/2000,OLM,WA,ANM,WE,Federal Contract Tower,0,11,28,2,41,0,4,75,10,89,0,15,103,12,130,100,0,100,230
03/11/2000,OLM,WA,ANM,WE,Federal Contract Tower,0,2,17,2,21,0,0,95,4,99,0,2,112,6,120,68,0,68,188
03/12/2000,OLM,WA,ANM,WE,Federal Contract Tower,0,1,6,0,7,0,0,95,0,95,0,1,101,0,102,152,0,152,254
03/13/2000,OLM,WA,ANM,WE,Federal Contract Tower,0,6,15,0,21,0,13,69,0,82,0,19,84,0,103,74,0,74,177
03/14/2000,OLM,WA,ANM,WE,Federal Contract Tower,0,8,25,2,35,0,0,38,8,46,0,8,63,10,81,72,0,72,153
03/15/2000,OLM,WA,ANM,WE,Federal Contract Tower,0,7,32,3,42,0,0,102,5,107,0,7,134,8,149,42,0,42,191
03/16/2000,OLM,WA,ANM,WE,Federal Contract Tower,0,4,9,1,14,0,10,10,1,21,0,14,19,2,35,28,0,28,63
03/17/2000,OLM,WA,ANM,WE,Federal Contract Tower,0,3,8,0,11,0,10,21,0,31,0,13,29,0,42,28,0,28,70
03/18/2000,OLM,WA,ANM,WE,Federal Contract Tower,0,0,11,0,11,0,0,15,0,15,0,0,26,0,26,12,0,12,38
03/19/2000,OLM,WA,ANM,WE,Federal Contract Tower,0,0,10,0,10,0,0,75,0,75,0,0,85,0,85,96,0,96,181
03/20/2000,OLM,WA,ANM,WE,Federal Contract Tower,0,11,28,1,40,0,1,84,1,86,0,12,112,2,126,118,0,118,244
03/21/2000,OLM,WA,ANM,WE,Federal Contract Tower,0,12,31,1,44,0,0,79,7,86,0,12,110,8,130,84,0,84,214
03/22/2000,OLM,WA,ANM,WE,Federal Contract Tower,0,6,15,0,21,0,4,6,0,10,0,10,21,0,31,38,0,38,69
03/23/2000,OLM,WA,ANM,WE,Federal Contract Tower,0,9,24,1,34,0,15,46,7,68,0,24,70,8,102,128,6,134,236
03/24/2000,OLM,WA,ANM,WE,Federal Contract Tower,0,11,29,1,41,0,0,99,1,100,0,11,128,2,141,120,0,120,261
03/25/2000,OLM,WA,ANM,WE,Federal Contract Tower,0,0,22,0,22,0,0,173,0,173,0,0,195,0,195,194,0,194,389
03/26/2000,OLM,WA,ANM,WE,Federal Contract Tower,0,8,22,0,30,0,20,154,0,174,0,28,176,0,204,148,0,148,352
03/27/2000,OLM,WA,ANM,WE,Federal Contract Tower,0,5,11,0,16,0,4,52,0,56,0,9,63,0,72,12,0,12,84
03/28/2000,OLM,WA,ANM,WE,Federal Contract Tower,0,10,24,1,35,0,5,37,3,45,0,15,61,4,80,12,0,12,92
03/29/2000,OLM,WA,ANM,WE,Federal Contract Tower,0,11,48,2,61,0,0,68,8,76,0,11,116,10,137,78,0,78,215
03/30/2000,OLM,WA,ANM,WE,Federal Contract Tower,0,12,33,0,45,0,9,124,0,133,0,21,157,0,178,52,0,52,230
03/31/2000,OLM,WA,ANM,WE,Federal Contract Tower,0,13,31,1,45,0,5,92,3,100,0,18,123,4,145,80,0,80,225
04/01/2000,OLM,WA,ANM,WE,Federal Contract Tower,0,1,21,0,22,0,0,117,0,117,0,1,138,0,139,130,0,130,269
04/02/2000,OLM,WA,ANM,WE,Federal Contract Tower,0,1,19,1,21,0,0,116,13,129,0,1,135,14,150,132,0,132,282
04/03/2000,OLM,WA,ANM,WE,Federal Contract Tower,0,2,36,2,40,0,17,73,0,90,0,19,109,2,130,104,0,104,234
04/04/2000,OLM,WA,ANM,WE,Federal Contract Tower,0,4,39,1,44,0,14,7,5,26,0,18,46,6,70,42,0,42,112
04/05/2000,OLM,WA,ANM,WE,Federal Contract Tower,0,3,23,0,26,0,10,27,0,37,0,13,50,0,63,66,0,66,129
04/06/2000,OLM,WA,ANM,WE,Federal Contract Tower,0,5,31,0,36,0,12,16,4,32,0,17,47,4,68,28,0,28,96
04/07/2000,OLM,WA,ANM,WE,Federal Contract Tower,0,4,33,0,37,0,3,85,2,90,0,7,118,2,127,94,0,94,221
04/08/2000,OLM,WA,ANM,WE,Federal Contract Tower,0,1,28,0,29,0,0,198,0,198,0,1,226,0,227,126,0,126,353
04/09/2000,OLM,WA,ANM,WE,Federal Contract Tower,0,1,14,0,15,0,14,202,0,216,0,15,216,0,231,168,0,168,399
04/10/2000,OLM,WA,ANM,WE,Federal Contract Tower,0,2,18,0,20,0,11,80,4,95,0,13,98,4,115,38,0,38,153
04/11/2000,OLM,WA,ANM,WE,Federal Contract Tower,0,6,43,1,50,0,6,76,29,111,0,12,119,30,161,72,0,72,233
04/12/2000,OLM,WA,ANM,WE,Federal Contract Tower,0,7,48,1,56,0,8,88,7,103,0,15,136,8,159,96,0,96,255
04/13/2000,OLM,WA,ANM,WE,Federal Contract Tower,0,4,24,2,30,0,9,0,0,9,0,13,24,2,39,0,0,0,39
04/14/2000,OLM,WA,ANM,WE,Federal Contract Tower,0,4,30,2,36,0,6,6,0,12,0,10,36,2,48,30,0,30,78
04/15/2000,OLM,WA,ANM,WE,Federal Contract Tower,0,6,44,0,50,0,2,44,0,46,0,8,88,0,96,90,0,90,186
04/16/2000,OLM,WA,ANM,WE,Federal Contract Tower,0,4,23,0,27,0,0,85,0,85,0,4,108,0,112,146,0,146,258
04/17/2000,OLM,WA,ANM,WE,Federal Contract Tower,0,3,19,0,22,0,6,45,0,51,0,9,64,0,73,54,0,54,127
04/18/2000,OLM,WA,ANM,WE,Federal Contract Tower,0,9,66,3,78,0,4,95,3,102,0,13,161,6,180,42,0,42,222
04/19/2000,OLM,WA,ANM,WE,Federal Contract Tower,0,3,17,1,21,0,6,89,1,96,0,9,106,2,117,132,0,132,249
04/20/2000,OLM,WA,ANM,WE,Federal Contract Tower,0,6,41,2,49,0,11,76,2,89,0,17,117,4,138,90,0,90,228
04/21/2000,OLM,WA,ANM,WE,Federal Contract Tower,0,6,43,2,51,0,12,74,14,100,0,18,117,16,151,106,0,106,257
04/22/2000,OLM,WA,ANM,WE,Federal Contract Tower,0,6,40,0,46,0,6,66,0,72,0,12,106,0,118,154,0,154,272
04/23/2000,OLM,WA,ANM,WE,Federal Contract Tower,0,1,6,0,7,0,0,28,0,28,0,1,34,0,35,30,0,30,65
04/24/2000,OLM,WA,ANM,WE,Federal Contract Tower,0,3,22,0,25,0,8,82,0,90,0,11,104,0,115,106,0,106,221
04/25/2000,OLM,WA,ANM,WE,Federal Contract Tower,0,4,27,0,31,0,6,0,0,6,0,10,27,0,37,28,0,28,65
04/26/2000,OLM,WA,ANM,WE,Federal Contract Tower,0,5,35,2,42,0,6,77,2,85,0,11,112,4,127,138,0,138,265
04/27/2000,OLM,WA,ANM,WE,Federal Contract Tower,0,4,24,1,29,0,6,10,1,17,0,10,34,2,46,48,0,48,94
04/28/2000,OLM,WA,ANM,WE,Federal Contract Tower,0,7,45,2,54,0,12,24,2,38,0,19,69,4,92,102,0,102,194
04/29/2000,OLM,WA,ANM,WE,Federal Contract Tower,0,2,30,2,34,0,0,135,2,137,0,2,165,4,171,210,0,210,381
04/30/2000,OLM,WA,ANM,WE,Federal Contract Tower,0,3,20,0,23,0,3,130,0,133,0,6,150,0,156,158,0,158,314
05/01/2000,OLM,WA,ANM,WE,Federal Contract Tower,0,2,8,0,10,0,12,74,0,86,0,14,82,0,96,86,0,86,182
05/02/2000,OLM,WA,ANM,WE,Federal Contract Tower,0,8,18,0,26,0,15,71,0,86,0,23,89,0,112,110,0,110,222
05/03/2000,OLM,WA,ANM,WE,Federal Contract Tower,0,10,21,1,32,0,12,47,1,60,0,22,68,2,92,32,0,32,124
05/04/2000,OLM,WA,ANM,WE,Federal Contract Tower,0,15,34,2,51,0,0,42,4,46,0,15,76,6,97,46,0,46,143
05/05/2000,OLM,WA,ANM,WE,Federal Contract Tower,0,9,20,1,30,0,0,52,3,55,0,9,72,4,85,50,0,50,135
05/06/2000,OLM,WA,ANM,WE,Federal Contract Tower,0,3,18,1,22,0,0,141,1,142,0,3,159,2,164,140,0,140,304
05/07/2000,OLM,WA,ANM,WE,Federal Contract Tower,0,4,17,1,22,0,0,222,1,223,0,4,239,2,245,172,0,172,417
05/08/2000,OLM,WA,ANM,WE,Federal Contract Tower,0,7,15,0,22,0,5,29,0,34,0,12,44,0,56,60,0,60,116
05/09/2000,OLM,WA,ANM,WE,Federal Contract Tower,0,2,5,1,8,0,12,49,1,62,0,14,54,2,70,32,0,32,102
05/10/2000,OLM,WA,ANM,WE,Federal Contract Tower,0,5,12,1,18,0,6,41,9,56,0,11,53,10,74,24,0,24,98
05/11/2000,OLM,WA,ANM,WE,Federal Contract Tower,0,8,16,0,24,0,10,61,0,71,0,18,77,0,95,62,0,62,157
05/12/2000,OLM,WA,ANM,WE,Federal Contract Tower,0,11,46,2,59,0,0,160,8,168,0,11,206,10,227,84,0,84,311
05/13/2000,OLM,WA,ANM,WE,Federal Contract Tower,0,1,19,0,20,0,0,135,0,135,0,1,154,0,155,120,0,120,275
05/14/2000,OLM,WA,ANM,WE,Federal Contract Tower,0,2,24,0,26,0,0,173,0,173,0,2,197,0,199,122,0,122,321
05/15/2000,OLM,WA,ANM,WE,Federal Contract Tower,0,9,21,0,30,0,21,85,0,106,0,30,106,0,136,54,0,54,190
05/16/2000,OLM,WA,ANM,WE,Federal Contract Tower,0,8,19,0,27,0,3,127,4,134,0,11,146,4,161,132,0,132,293
05/17/2000,OLM,WA,ANM,WE,Federal Contract Tower,0,10,22,0,32,0,6,120,8,134,0,16,142,8,166,16,0,16,182
05/18/2000,OLM,WA,ANM,WE,Federal Contract Tower,0,13,30,2,45,0,12,72,4,88,0,25,102,6,133,58,0,58,191
05/19/2000,OLM,WA,ANM,WE,Federal Contract Tower,0,11,40,2,53,0,0,59,6,65,0,11,99,8,118,56,0,56,174
05/20/2000,OLM,WA,ANM,WE,Federal Contract Tower,0,0,25,2,27,0,0,139,7,146,0,0,164,9,173,115,0,115,288
05/21/2000,OLM,WA,ANM,WE,Federal Contract Tower,0,0,7,0,7,0,0,135,0,135,0,0,142,0,142,66,0,66,208
05/22/2000,OLM,WA,ANM,WE,Federal Contract Tower,0,15,33,2,50,0,17,89,2,108,0,32,122,4,158,58,0,58,216
05/23/2000,OLM,WA,ANM,WE,Federal Contract Tower,0,14,37,1,52,0,0,146,61,207,0,14,183,62,259,116,0,116,375
05/24/2000,OLM,WA,ANM,WE,Federal Contract Tower,0,8,19,0,27,0,5,189,29,223,0,13,208,29,250,38,0,38,288
05/25/2000,OLM,WA,ANM,WE,Federal Contract Tower,0,15,33,1,49,0,11,165,9,185,0,26,198,10,234,112,0,112,346
05/26/2000,OLM,WA,ANM,WE,Federal Contract Tower,0,12,28,0,40,0,7,32,0,39,0,19,60,0,79,18,0,18,97
05/27/2000,OLM,WA,ANM,WE,Federal Contract Tower,0,0,2,0,2,0,0,24,0,24,0,0,26,0,26,85,0,85,111
05/28/2000,OLM,WA,ANM,WE,Federal Contract Tower,0,0,14,0,14,0,0,48,0,48,0,0,62,0,62,82,0,82,144
05/29/2000,OLM,WA,ANM,WE,Federal Contract Tower,0,3,19,0,22,0,0,117,0,117,0,3,136,0,139,84,0,84,223
05/30/2000,OLM,WA,ANM,WE,Federal Contract Tower,0,8,17,0,25,0,6,62,4,72,0,14,79,4,97,142,0,142,239
05/31/2000,OLM,WA,ANM,WE,Federal Contract Tower,0,11,25,0,36,0,7,66,0,73,0,18,91,0,109,62,0,62,171
06/01/2000,OLM,WA,ANM,WE,Federal Contract Tower,0,13,41,0,54,0,1,76,6,83,0,14,117,6,137,48,0,48,185
06/02/2000,OLM,WA,ANM,WE,Federal Contract Tower,0,11,33,0,44,0,4,106,6,116,0,15,139,6,160,84,0,84,244
06/03/2000,OLM,WA,ANM,WE,Federal Contract Tower,0,3,36,0,39,0,0,183,0,183,0,3,219,0,222,92,0,92,314
06/04/2000,OLM,WA,ANM,WE,Federal Contract Tower,0,2,9,0,11,0,0,158,0,158,0,2,167,0,169,148,0,148,317
06/05/2000,OLM,WA,ANM,WE,Federal Contract Tower,0,10,31,0,41,0,12,49,4,65,0,22,80,4,106,58,0,58,164
06/06/2000,OLM,WA,ANM,WE,Federal Contract Tower,0,7,22,0,29,0,11,42,8,61,0,18,64,8,90,14,0,14,104
06/07/2000,OLM,WA,ANM,WE,Federal Contract Tower,0,3,8,0,11,0,21,51,0,72,0,24,59,0,83,92,0,92,175
06/08/2000,OLM,WA,ANM,WE,Federal Contract Tower,0,11,34,0,45,0,2,49,4,55,0,13,83,4,100,66,0,66,166
06/09/2000,OLM,WA,ANM,WE,Federal Contract Tower,0,15,47,0,62,0,8,51,0,59,0,23,98,0,121,84,0,84,205
06/10/2000,OLM,WA,ANM,WE,Federal Contract Tower,0,0,16,0,16,0,0,64,2,66,0,0,80,2,82,88,0,88,170
06/11/2000,OLM,WA,ANM,WE,Federal Contract Tower,0,6,20,1,27,0,1,49,3,53,0,7,69,4,80,56,0,56,136
06/12/2000,OLM,WA,ANM,WE,Federal Contract Tower,0,4,16,1,21,0,6,10,3,19,0,10,26,4,40,14,0,14,54
06/13/2000,OLM,WA,ANM,WE,Federal Contract Tower,0,7,23,1,31,0,1,82,11,94,0,8,105,12,125,122,0,122,247
06/14/2000,OLM,WA,ANM,WE,Federal Contract Tower,0,6,23,1,30,0,0,98,3,101,0,6,121,4,131,22,0,22,153
06/15/2000,OLM,WA,ANM,WE,Federal Contract Tower,0,6,22,1,29,0,7,111,1,119,0,13,133,2,148,140,0,140,288
06/16/2000,OLM,WA,ANM,WE,Federal Contract Tower,0,8,29,1,38,0,5,217,3,225,0,13,246,4,263,186,0,186,449
06/17/2000,OLM,WA,ANM,WE,Federal Contract Tower,0,0,2,1,3,0,0,754,5,759,0,0,756,6,762,316,0,316,1078
06/18/2000,OLM,WA,ANM,WE,Federal Contract Tower,0,0,10,0,10,0,0,349,0,349,0,0,359,0,359,158,0,158,517
06/19/2000,OLM,WA,ANM,WE,Federal Contract Tower,0,5,21,0,26,0,0,170,4,174,0,5,191,4,200,124,0,124,324
06/20/2000,OLM,WA,ANM,WE,Federal Contract Tower,0,7,28,0,35,0,0,131,0,131,0,7,159,0,166,42,0,42,208
06/21/2000,OLM,WA,ANM,WE,Federal Contract Tower,0,5,19,0,24,0,0,129,0,129,0,5,148,0,153,42,0,42,195
06/22/2000,OLM,WA,ANM,WE,Federal Contract Tower,0,9,34,0,43,0,15,87,0,102,0,24,121,0,145,86,0,86,231
06/23/2000,OLM,WA,ANM,WE,Federal Contract Tower,0,9,35,0,44,0,0,175,4,179,0,9,210,4,223,90,0,90,313
06/24/2000,OLM,WA,ANM,WE,Federal Contract Tower,0,0,17,0,17,0,0,107,0,107,0,0,124,0,124,186,0,186,310
06/25/2000,OLM,WA,ANM,WE,Federal Contract Tower,0,0,17,0,17,0,0,167,0,167,0,0,184,0,184,164,0,164,348
06/26/2000,OLM,WA,ANM,WE,Federal Contract Tower,0,5,24,0,29,0,0,217,0,217,0,5,241,0,246,88,0,88,334
06/27/2000,OLM,WA,ANM,WE,Federal Contract Tower,0,6,20,0,26,0,0,197,4,201,0,6,217,4,227,136,0,136,363
06/28/2000,OLM,WA,ANM,WE,Federal Contract Tower,0,5,20,0,25,0,0,190,4,194,0,5,210,4,219,232,0,232,451
06/29/2000,OLM,WA,ANM,WE,Federal Contract Tower,0,5,20,0,25,0,4,122,0,126,0,9,142,0,151,152,0,152,303
06/30/2000,OLM,WA,ANM,WE,Federal Contract Tower,0,12,43,0,55,0,1,125,0,126,0,13,168,0,181,100,0,100,281
07/01/2000,OLM,WA,ANM,WE,Federal Contract Tower,0,0,25,0,25,0,0,127,0,127,0,0,152,0,152,186,0,186,338
07/02/2000,OLM,WA,ANM,WE,Federal Contract Tower,0,0,29,0,29,0,0,118,0,118,0,0,147,0,147,180,0,180,327
07/03/2000,OLM,WA,ANM,WE,Federal Contract Tower,0,2,13,1,16,0,4,85,3,92,0,6,98,4,108,160,0,160,268
07/04/2000,OLM,WA,ANM,WE,Federal Contract Tower,0,0,11,0,11,0,0,112,0,112,0,0,123,0,123,110,0,110,233
07/05/2000,OLM,WA,ANM,WE,Federal Contract Tower,0,5,29,2,36,0,0,118,2,120,0,5,147,4,156,178,0,178,334
07/06/2000,OLM,WA,ANM,WE,Federal Contract Tower,0,8,39,2,49,0,11,197,6,214,0,19,236,8,263,146,0,146,409
07/07/2000,OLM,WA,ANM,WE,Federal Contract Tower,0,8,41,2,51,0,5,157,8,170,0,13,198,10,221,108,0,108,329
07/08/2000,OLM,WA,ANM,WE,Federal Contract Tower,0,2,9,0,11,0,0,231,0,231,0,2,240,0,242,276,0,276,518
07/09/2000,OLM,WA,ANM,WE,Federal Contract Tower,0,0,17,1,18,0,0,175,3,178,0,0,192,4,196,282,0,282,478
07/10/2000,OLM,WA,ANM,WE,Federal Contract Tower,0,5,21,0,26,0,5,104,0,109,0,10,125,0,135,168,0,168,303
07/11/2000,OLM,WA,ANM,WE,Federal Contract Tower,0,5,28,2,35,0,5,123,0,128,0,10,151,2,163,186,0,186,349
07/12/2000,OLM,WA,ANM,WE,Federal Contract Tower,0,5,25,0,30,0,1,215,0,216,0,6,240,0,246,158,0,158,404
07/13/2000,OLM,WA,ANM,WE,Federal Contract Tower,0,4,17,1,22,0,4,140,7,151,0,8,157,8,173,96,0,96,269
07/14/2000,OLM,WA,ANM,WE,Federal Contract Tower,0,6,33,2,41,0,3,161,0,164,0,9,194,2,205,120,0,120,325
07/15/2000,OLM,WA,ANM,WE,Federal Contract Tower,0,0,20,1,21,0,0,178,9,187,0,0,198,10,208,86,0,86,294
07/16/2000,OLM,WA,ANM,WE,Federal Contract Tower,0,0,11,1,12,0,0,219,1,220,0,0,230,2,232,196,0,196,428
07/17/2000,OLM,WA,ANM,WE,Federal Contract Tower,0,4,19,1,24,0,1,167,1,169,0,5,186,2,193,162,0,162,355
07/18/2000,OLM,WA,ANM,WE,Federal Contract Tower,0,5,27,0,32,0,6,182,0,188,0,11,209,0,220,154,0,154,374
07/19/2000,OLM,WA,ANM,WE,Federal Contract Tower,0,5,22,0,27,0,2,189,0,191,0,7,211,0,218,122,0,122,340
07/20/2000,OLM,WA,ANM,WE,Federal Contract Tower,0,5,37,1,43,0,0,148,3,151,0,5,185,4,194,100,0,100,294
07/21/2000,OLM,WA,ANM,WE,Federal Contract Tower,0,7,40,1,48,0,6,162,5,173,0,13,202,6,221,146,0,146,367
07/22/2000,OLM,WA,ANM,WE,Federal Contract Tower,0,2,11,0,13,0,0,56,0,56,0,2,67,0,69,86,0,86,155
07/23/2000,OLM,WA,ANM,WE,Federal Contract Tower,0,0,14,0,14,0,0,191,2,193,0,0,205,2,207,254,0,254,461
07/24/2000,OLM,WA,ANM,WE,Federal Contract Tower,0,4,20,0,24,0,1,206,2,209,0,5,226,2,233,134,0,134,367
07/25/2000,OLM,WA,ANM,WE,Federal Contract Tower,0,3,15,0,18,0,5,97,2,104,0,8,112,2,122,130,0,130,252
07/26/2000,OLM,WA,ANM,WE,Federal Contract Tower,0,6,35,0,41,0,0,168,0,168,0,6,203,0,209,132,0,132,341
07/27/2000,OLM,WA,ANM,WE,Federal Contract Tower,0,8,42,1,51,0,3,94,11,108,0,11,136,12,159,110,0,110,269
07/28/2000,OLM,WA,ANM,WE,Federal Contract Tower,0,8,48,1,57,0,0,121,13,134,0,8,169,14,191,114,0,114,305
07/29/2000,OLM,WA,ANM,WE,Federal Contract Tower,0,0,28,0,28,0,0,136,0,136,0,0,164,0,164,188,0,188,352
07/30/2000,OLM,WA,ANM,WE,Federal Contract Tower,0,0,9,0,9,0,0,177,0,177,0,0,186,0,186,96,0,96,282
07/31/2000,OLM,WA,ANM,WE,Federal Contract Tower,0,5,25,0,30,0,0,146,0,146,0,5,171,0,176,100,0,100,276
08/01/2000,OLM,WA,ANM,WE,Federal Contract Tower,0,3,24,1,28,0,7,145,7,159,0,10,169,8,187,204,0,204,391
08/02/2000,OLM,WA,ANM,WE,Federal Contract Tower,0,4,29,1,34,0,2,162,7,171,0,6,191,8,205,168,0,168,373
08/03/2000,OLM,WA,ANM,WE,Federal Contract Tower,0,7,48,1,56,0,0,173,7,180,0,7,221,8,236,196,0,196,432
08/04/2000,OLM,WA,ANM,WE,Federal Contract Tower,0,4,19,1,24,0,1,176,3,180,0,5,195,4,204,122,0,122,326
08/05/2000,OLM,WA,ANM,WE,Federal Contract Tower,0,2,49,1,52,0,0,134,3,137,0,2,183,4,189,128,0,128,317
08/06/2000,OLM,WA,ANM,WE,Federal Contract Tower,0,0,33,1,34,0,0,141,1,142,0,0,174,2,176,104,0,104,280
08/07/2000,OLM,WA,ANM,WE,Federal Contract Tower,0,4,21,1,26,0,1,104,1,106,0,5,125,2,132,112,0,112,244
08/08/2000,OLM,WA,ANM,WE,Federal Contract Tower,0,4,19,0,23,0,4,140,0,144,0,8,159,0,167,232,0,232,399
08/09/2000,OLM,WA,ANM,WE,Federal Contract Tower,0,4,21,1,26,0,4,122,5,131,0,8,143,6,157,110,0,110,267
08/10/2000,OLM,WA,ANM,WE,Federal Contract Tower,0,6,30,1,37,0,2,144,1,147,0,8,174,2,184,167,0,167,351
08/11/2000,OLM,WA,ANM,WE,Federal Contract Tower,0,7,35,0,42,0,2,125,0,127,0,9,160,0,169,140,0,140,309
08/12/2000,OLM,WA,ANM,WE,Federal Contract Tower,0,2,17,1,20,0,0,193,1,194,0,2,210,2,214,178,0,178,392
08/13/2000,OLM,WA,ANM,WE,Federal Contract Tower,0,0,9,0,9,0,0,159,0,159,0,0,168,0,168,302,0,302,470
08/14/2000,OLM,WA,ANM,WE,Federal Contract Tower,0,4,22,1,27,0,3,128,1,132,0,7,150,2,159,186,0,186,345
08/15/2000,OLM,WA,ANM,WE,Federal Contract Tower,0,4,23,0,27,0,14,71,0,85,0,18,94,0,112,212,0,212,324
08/16/2000,OLM,WA,ANM,WE,Federal Contract Tower,0,4,22,0,26,0,1,154,0,155,0,5,176,0,181,138,0,138,319
08/17/2000,OLM,WA,ANM,WE,Federal Contract Tower,0,7,39,0,46,0,5,154,0,159,0,12,193,0,205,96,0,96,301
08/18/2000,OLM,WA,ANM,WE,Federal Contract Tower,0,5,36,0,41,0,0,53,1,54,0,5,89,1,95,46,0,46,141
08/19/2000,OLM,WA,ANM,WE,Federal Contract Tower,0,0,11,0,11,0,0,82,0,82,0,0,93,0,93,114,0,114,207
08/20/2000,OLM,WA,ANM,WE,Federal Contract Tower,0,0,18,0,18,0,0,178,2,180,0,0,196,2,198,112,0,112,310
08/21/2000,OLM,WA,ANM,WE,Federal Contract Tower,0,5,30,0,35,0,0,156,2,158,0,5,186,2,193,258,0,258,451
08/22/2000,OLM,WA,ANM,WE,Federal Contract Tower,0,5,29,0,34,0,2,136,8,146,0,7,165,8,180,172,0,172,352
08/23/2000,OLM,WA,ANM,WE,Federal Contract Tower,0,9,49,0,58,0,6,152,2,160,0,15,201,2,218,108,0,108,326
08/24/2000,OLM,WA,ANM,WE,Federal Contract Tower,0,7,53,0,60,0,0,113,4,117,0,7,166,4,177,72,0,72,249
08/25/2000,OLM,WA,ANM,WE,Federal Contract Tower,0,5,25,0,30,0,0,117,0,117,0,5,142,0,147,150,0,150,297
08/26/2000,OLM,WA,ANM,WE,Federal Contract Tower,0,0,35,0,35,0,0,125,2,127,0,0,160,2,162,164,0,164,326
08/27/2000,OLM,WA,ANM,WE,Federal Contract Tower,0,0,22,0,22,0,0,209,0,209,0,0,231,0,231,178,0,178,409
08/28/2000,OLM,WA,ANM,WE,Federal Contract Tower,0,3,15,0,18,0,2,186,0,188,0,5,201,0,206,44,0,44,250
08/29/2000,OLM,WA,ANM,WE,Federal Contract Tower,0,4,22,0,26,0,3,166,24,193,0,7,188,24,219,94,0,94,313
08/30/2000,OLM,WA,ANM,WE,Federal Contract Tower,0,4,20,0,24,0,3,138,2,143,0,7,158,2,167,164,0,164,331
08/31/2000,OLM,WA,ANM,WE,Federal Contract Tower,0,8,41,0,49,0,1,70,4,75,0,9,111,4,124,98,0,98,222
09/01/2000,OLM,WA,ANM,WE,Federal Contract Tower,0,4,29,0,33,0,3,79,0,82,0,7,108,0,115,78,0,78,193
09/02/2000,OLM,WA,ANM,WE,Federal Contract Tower,0,0,17,1,18,0,0,69,1,70,0,0,86,2,88,194,0,194,282
09/03/2000,OLM,WA,ANM,WE,Federal Contract Tower,0,0,21,1,22,0,0,96,1,97,0,0,117,2,119,110,10,120,239
09/04/2000,OLM,WA,ANM,WE,Federal Contract Tower,0,0,20,0,20,0,0,161,0,161,0,0,181,0,181,280,0,280,461
09/05/2000,OLM,WA,ANM,WE,Federal Contract Tower,0,4,23,1,28,0,2,93,1,96,0,6,116,2,124,97,0,97,221
09/06/2000,OLM,WA,ANM,WE,Federal Contract Tower,0,4,21,1,26,0,1,66,3,70,0,5,87,4,96,118,0,118,214
09/07/2000,OLM,WA,ANM,WE,Federal Contract Tower,0,5,30,1,36,0,1,64,1,66,0,6,94,2,102,94,0,94,196
09/08/2000,OLM,WA,ANM,WE,Federal Contract Tower,0,4,24,1,29,0,4,40,7,51,0,8,64,8,80,88,0,88,168
09/09/2000,OLM,WA,ANM,WE,Federal Contract Tower,0,2,12,1,15,0,0,74,3,77,0,2,86,4,92,136,0,136,228
09/10/2000,OLM,WA,ANM,WE,Federal Contract Tower,0,0,6,0,6,0,0,43,0,43,0,0,49,0,49,90,0,90,139
09/11/2000,OLM,WA,ANM,WE,Federal Contract Tower,0,5,30,0,35,0,0,122,0,122,0,5,152,0,157,242,0,242,399
09/12/2000,OLM,WA,ANM,WE,Federal Contract Tower,0,3,16,0,19,0,5,129,0,134,0,8,145,0,153,166,0,166,319
09/13/2000,OLM,WA,ANM,WE,Federal Contract Tower,0,4,25,0,29,0,2,172,0,174,0,6,197,0,203,115,0,115,318
09/14/2000,OLM,WA,ANM,WE,Federal Contract Tower,0,5,31,1,37,0,9,106,9,124,0,14,137,10,161,76,0,76,237
09/15/2000,OLM,WA,ANM,WE,Federal Contract Tower,0,5,40,0,45,0,0,98,2,100,0,5,138,2,145,84,0,84,229
09/16/2000,OLM,WA,ANM,WE,Federal Contract Tower,0,0,34,0,34,0,0,191,6,197,0,0,225,6,231,254,0,254,485
09/17/2000,OLM,WA,ANM,WE,Federal Contract Tower,0,0,9,0,9,0,0,136,6,142,0,0,145,6,151,144,0,144,295
09/18/2000,OLM,WA,ANM,WE,Federal Contract Tower,0,5,29,0,34,0,2,100,0,102,0,7,129,0,136,26,0,26,162
09/19/2000,OLM,WA,ANM,WE,Federal Contract Tower,0,3,17,0,20,0,6,90,2,98,0,9,107,2,118,76,0,76,194
09/20/2000,OLM,WA,ANM,WE,Federal Contract Tower,0,4,22,0,26,0,3,68,9,80,0,7,90,9,106,38,0,38,144
09/21/2000,OLM,WA,ANM,WE,Federal Contract Tower,0,5,29,0,34,0,2,142,10,154,0,7,171,10,188,80,4,84,272
09/22/2000,OLM,WA,ANM,WE,Federal Contract Tower,0,5,29,0,34,0,0,103,4,107,0,5,132,4,141,76,0,76,217
09/23/2000,OLM,WA,ANM,WE,Federal Contract Tower,0,0,31,0,31,0,0,186,0,186,0,0,217,0,217,170,0,170,387
09/24/2000,OLM,WA,ANM,WE,Federal Contract Tower,0,0,17,0,17,0,0,272,0,272,0,0,289,0,289,256,0,256,545
09/25/2000,OLM,WA,ANM,WE,Federal Contract Tower,0,5,30,0,35,0,0,209,6,215,0,5,239,6,250,188,0,188,438
09/26/2000,OLM,WA,ANM,WE,Federal Contract Tower,0,4,26,0,30,0,3,134,2,139,0,7,160,2,169,70,0,70,239
09/27/2000,OLM,WA,ANM,WE,Federal Contract Tower,0,5,32,0,37,0,2,129,2,133,0,7,161,2,170,86,0,86,256
09/28/2000,OLM,WA,ANM,WE,Federal Contract Tower,0,8,59,0,67,0,0,77,0,77,0,8,136,0,144,62,0,62,206
09/29/2000,OLM,WA,ANM,WE,Federal Contract Tower,0,6,38,0,44,0,3,55,2,60,0,9,93,2,104,46,0,46,150
09/30/2000,OLM,WA,ANM,WE,Federal Contract Tower,0,0,17,0,17,0,0,63,0,63,0,0,80,0,80,62,0,62,142
10/01/2000,OLM,WA,ANM,WE,Federal Contract Tower,0,0,48,0,48,0,0,124,0,124,0,0,172,0,172,188,0,188,360
10/02/2000,OLM,WA,ANM,WE,Federal Contract Tower,0,5,35,0,40,0,0,93,0,93,0,5,128,0,133,82,0,82,215
10/03/2000,OLM,WA,ANM,WE,Federal Contract Tower,0,6,39,1,46,0,5,141,3,149,0,11,180,4,195,60,0,60,255
10/04/2000,OLM,WA,ANM,WE,Federal Contract Tower,0,3,19,0,22,0,7,98,0,105,0,10,117,0,127,56,0,56,183
10/05/2000,OLM,WA,ANM,WE,Federal Contract Tower,0,3,22,1,26,0,5,148,5,158,0,8,170,6,184,56,0,56,240
10/06/2000,OLM,WA,ANM,WE,Federal Contract Tower,0,7,45,1,53,0,0,109,1,110,0,7,154,2,163,148,0,148,311
10/07/2000,OLM,WA,ANM,WE,Federal Contract Tower,0,2,28,1,31,0,0,235,1,236,0,2,263,2,267,234,0,234,501
10/08/2000,OLM,WA,ANM,WE,Federal Contract Tower,0,0,6,0,6,0,0,154,0,154,0,0,160,0,160,252,0,252,412
10/09/2000,OLM,WA,ANM,WE,Federal Contract Tower,0,1,10,0,11,0,9,30,0,39,0,10,40,0,50,0,0,0,50
10/10/2000,OLM,WA,ANM,WE,Federal Contract Tower,0,2,11,0,13,0,7,73,0,80,0,9,84,0,93,18,0,18,111
10/11/2000,OLM,WA,ANM,WE,Federal Contract Tower,0,3,22,1,26,0,1,106,3,110,0,4,128,4,136,78,0,78,214
10/12/2000,OLM,WA,ANM,WE,Federal Contract Tower,0,3,22,1,26,0,4,70,3,77,0,7,92,4,103,124,0,124,227
10/13/2000,OLM,WA,ANM,WE,Federal Contract Tower,0,8,49,0,57,0,1,1,0,2,0,9,50,0,59,0,0,0,59
10/14/2000,OLM,WA,ANM,WE,Federal Contract Tower,0,0,30,0,30,0,0,120,0,120,0,0,150,0,150,156,0,156,306
10/15/2000,OLM,WA,ANM,WE,Federal Contract Tower,0,4,42,0,46,0,0,60,0,60,0,4,102,0,106,114,0,114,220
10/16/2000,OLM,WA,ANM,WE,Federal Contract Tower,0,5,32,0,37,0,0,3,0,3,0,5,35,0,40,0,0,0,40
10/17/2000,OLM,WA,ANM,WE,Federal Contract Tower,0,4,29,0,33,0,3,79,2,84,0,7,108,2,117,34,0,34,151
10/18/2000,OLM,WA,ANM,WE,Federal Contract Tower,0,5,29,0,34,0,2,57,6,65,0,7,86,6,99,14,0,14,113
10/19/2000,OLM,WA,ANM,WE,Federal Contract Tower,0,2,18,0,20,0,4,66,4,74,0,6,84,4,94,42,0,42,136
10/20/2000,OLM,WA,ANM,WE,Federal Contract Tower,0,6,41,0,47,0,15,21,2,38,0,21,62,2,85,4,0,4,89
10/21/2000,OLM,WA,ANM,WE,Federal Contract Tower,0,0,25,0,25,0,0,152,8,160,0,0,177,8,185,210,6,216,401
10/22/2000,OLM,WA,ANM,WE,Federal Contract Tower,0,4,24,0,28,0,0,159,6,165,0,4,183,6,193,108,0,108,301
10/23/2000,OLM,WA,ANM,WE,Federal Contract Tower,0,4,28,0,32,0,1,104,0,105,0,5,132,0,137,76,0,76,213
10/24/2000,OLM,WA,ANM,WE,Federal Contract Tower,0,6,35,0,41,0,1,62,6,69,0,7,97,6,110,48,0,48,158
10/25/2000,OLM,WA,ANM,WE,Federal Contract Tower,0,6,37,0,43,0,3,43,10,56,0,9,80,10,99,63,0,63,162
10/26/2000,OLM,WA,ANM,WE,Federal Contract Tower,0,3,20,0,23,0,4,58,2,64,0,7,78,2,87,42,0,42,129
10/27/2000,OLM,WA,ANM,WE,Federal Contract Tower,0,5,42,0,47,0,0,78,2,80,0,5,120,2,127,76,0,76,203
10/28/2000,OLM,WA,ANM,WE,Federal Contract Tower,0,0,10,0,10,0,0,44,2,46,0,0,54,2,56,50,0,50,106
10/29/2000,OLM,WA,ANM,WE,Federal Contract Tower,0,0,19,0,19,0,0,142,0,142,0,0,161,0,161,242,0,242,403
10/30/2000,OLM,WA,ANM,WE,Federal Contract Tower,0,1,10,0,11,0,7,38,6,51,0,8,48,6,62,48,0,48,110
10/31/2000,OLM,WA,ANM,WE,Federal Contract Tower,0,3,20,0,23,0,7,60,8,75,0,10,80,8,98,56,0,56,154
11/01/2000,OLM,WA,ANM,WE,Federal Contract Tower,0,4,24,1,29,0,12,78,9,99,0,16,102,10,128,62,0,62,190
11/02/2000,OLM,WA,ANM,WE,Federal Contract Tower,0,7,37,0,44,0,1,85,0,86,0,8,122,0,130,126,0,126,256
11/03/2000,OLM,WA,ANM,WE,Federal Contract Tower,0,4,21,0,25,0,3,105,0,108,0,7,126,0,133,66,0,66,199
11/04/2000,OLM,WA,ANM,WE,Federal Contract Tower,0,0,24,1,25,0,0,60,5,65,0,0,84,6,90,96,0,96,186
11/05/2000,OLM,WA,ANM,WE,Federal Contract Tower,0,0,3,0,3,0,0,32,0,32,0,0,35,0,35,4,0,4,39
11/06/2000,OLM,WA,ANM,WE,Federal Contract Tower,0,3,14,1,18,0,2,59,3,64,0,5,73,4,82,30,0,30,112
11/07/2000,OLM,WA,ANM,WE,Federal Contract Tower,0,6,42,0,48,0,5,39,0,44,0,11,81,0,92,44,0,44,136
11/08/2000,OLM,WA,ANM,WE,Federal Contract Tower,0,3,20,2,25,0,2,64,2,68,0,5,84,4,93,44,0,44,137
11/09/2000,OLM,WA,ANM,WE,Federal Contract Tower,0,4,25,2,31,0,4,69,14,87,0,8,94,16,118,46,0,46,164
11/10/2000,OLM,WA,ANM,WE,Federal Contract Tower,0,4,28,0,32,0,1,134,0,135,0,5,162,0,167,100,0,100,267
11/11/2000,OLM,WA,ANM,WE,Federal Contract Tower,0,2,47,0,49,0,0,208,0,208,0,2,255,0,257,132,0,132,389
11/12/2000,OLM,WA,ANM,WE,Federal Contract Tower,0,0,15,0,15,0,0,204,0,204,0,0,219,0,219,151,0,151,370
11/13/2000,OLM,WA,ANM,WE,Federal Contract Tower,0,9,55,0,64,0,1,94,0,95,0,10,149,0,159,64,0,64,223
11/14/2000,OLM,WA,ANM,WE,Federal Contract Tower,0,5,29,2,36,0,2,140,12,154,0,7,169,14,190,48,0,48,238
11/15/2000,OLM,WA,ANM,WE,Federal Contract Tower,0,3,24,2,29,0,2,131,8,141,0,5,155,10,170,98,0,98,268
11/16/2000,OLM,WA,ANM,WE,Federal Contract Tower,0,3,21,1,25,0,6,81,9,96,0,9,102,10,121,140,0,140,261
11/17/2000,OLM,WA,ANM,WE,Federal Contract Tower,0,5,32,1,38,0,0,59,9,68,0,5,91,10,106,38,0,38,144
11/18/2000,OLM,WA,ANM,WE,Federal Contract Tower,0,1,25,1,27,0,0,47,3,50,0,1,72,4,77,24,0,24,101
11/19/2000,OLM,WA,ANM,WE,Federal Contract Tower,0,0,40,1,41,0,0,131,3,134,0,0,171,4,175,128,0,128,303
11/20/2000,OLM,WA,ANM,WE,Federal Contract Tower,0,5,30,1,36,0,3,73,3,79,0,8,103,4,115,82,0,82,197
11/21/2000,OLM,WA,ANM,WE,Federal Contract Tower,0,6,39,1,46,0,2,135,3,140,0,8,174,4,186,188,0,188,374
11/22/2000,OLM,WA,ANM,WE,Federal Contract Tower,0,4,28,1,33,0,4,126,3,133,0,8,154,4,166,56,4,60,226
11/23/2000,OLM,WA,ANM,WE,Federal Contract Tower,0,0,1,0,1,0,0,3,4,7,0,0,4,4,8,0,0,0,8
11/24/2000,OLM,WA,ANM,WE,Federal Contract Tower,0,3,26,1,30,0,0,43,5,48,0,3,69,6,78,52,0,52,130
11/25/2000,OLM,WA,ANM,WE,Federal Contract Tower,0,0,9,0,9,0,0,11,0,11,0,0,20,0,20,20,0,20,40
11/26/2000,OLM,WA,ANM,WE,Federal Contract Tower,0,0,18,0,18,0,0,37,0,37,0,0,55,0,55,18,0,18,73
11/27/2000,OLM,WA,ANM,WE,Federal Contract Tower,0,5,44,2,51,0,0,109,2,111,0,5,153,4,162,64,0,64,226
11/28/2000,OLM,WA,ANM,WE,Federal Contract Tower,0,3,22,0,25,0,5,56,0,61,0,8,78,0,86,82,0,82,168
11/29/2000,OLM,WA,ANM,WE,Federal Contract Tower,0,4,27,1,32,0,2,37,1,40,0,6,64,2,72,28,0,28,100
11/30/2000,OLM,WA,ANM,WE,Federal Contract Tower,0,4,29,1,34,0,2,77,19,98,0,6,106,20,132,96,0,96,228
12/01/2000,OLM,WA,ANM,WE,Federal Contract Tower,0,7,29,1,37,0,0,51,11,62,0,7,80,12,99,54,0,54,153
12/02/2000,OLM,WA,ANM,WE,Federal Contract Tower,0,0,40,2,42,0,0,106,6,112,0,0,146,8,154,180,0,180,334
12/03/2000,OLM,WA,ANM,WE,Federal Contract Tower,0,0,17,1,18,0,0,110,1,111,0,0,127,2,129,100,0,100,229
12/04/2000,OLM,WA,ANM,WE,Federal Contract Tower,0,5,29,2,36,0,0,98,0,98,0,5,127,2,134,92,0,92,226
12/05/2000,OLM,WA,ANM,WE,Federal Contract Tower,0,6,28,0,34,0,1,165,0,166,0,7,193,0,200,184,0,184,384
12/06/2000,OLM,WA,ANM,WE,Federal Contract Tower,0,1,6,1,8,0,9,61,11,81,0,10,67,12,89,88,0,88,177
12/07/2000,OLM,WA,ANM,WE,Federal Contract Tower,0,2,13,0,15,0,0,2,0,2,0,2,15,0,17,0,0,0,17
12/08/2000,OLM,WA,ANM,WE,Federal Contract Tower,0,4,36,0,40,0,0,7,0,7,0,4,43,0,47,22,0,22,69
12/09/2000,OLM,WA,ANM,WE,Federal Contract Tower,0,0,19,0,19,0,0,83,0,83,0,0,102,0,102,130,0,130,232
12/10/2000,OLM,WA,ANM,WE,Federal Contract Tower,0,0,34,3,37,0,0,107,9,116,0,0,141,12,153,216,0,216,369
12/11/2000,OLM,WA,ANM,WE,Federal Contract Tower,0,5,26,2,33,0,0,86,4,90,0,5,112,6,123,92,0,92,215
12/12/2000,OLM,WA,ANM,WE,Federal Contract Tower,0,7,36,3,46,0,0,149,11,160,0,7,185,14,206,113,0,113,319
12/13/2000,OLM,WA,ANM,WE,Federal Contract Tower,0,3,13,0,16,0,4,47,0,51,0,7,60,0,67,90,0,90,157
12/14/2000,OLM,WA,ANM,WE,Federal Contract Tower,0,2,9,0,11,0,4,27,0,31,0,6,36,0,42,0,0,0,42
12/15/2000,OLM,WA,ANM,WE,Federal Contract Tower,0,6,32,3,41,0,3,59,3,65,0,9,91,6,106,144,4,148,254
12/16/2000,OLM,WA,ANM,WE,Federal Contract Tower,0,4,15,0,19,0,0,2,0,2,0,4,17,0,21,34,0,34,55
12/17/2000,OLM,WA,ANM,WE,Federal Contract Tower,0,0,29,0,29,0,0,119,0,119,0,0,148,0,148,172,0,172,320
12/18/2000,OLM,WA,ANM,WE,Federal Contract Tower,0,6,26,2,34,0,1,62,4,67,0,7,88,6,101,50,0,50,151
12/19/2000,OLM,WA,ANM,WE,Federal Contract Tower,0,2,11,1,14,0,5,14,5,24,0,7,25,6,38,28,0,28,66
12/20/2000,OLM,WA,ANM,WE,Federal Contract Tower,0,5,47,0,52,0,0,7,0,7,0,5,54,0,59,0,0,0,59
12/21/2000,OLM,WA,ANM,WE,Federal Contract Tower,0,3,19,1,23,0,4,43,7,54,0,7,62,8,77,68,0,68,145
12/22/2000,OLM,WA,ANM,WE,Federal Contract Tower,0,6,33,0,39,0,3,6,0,9,0,9,39,0,48,26,0,26,74
12/23/2000,OLM,WA,ANM,WE,Federal Contract Tower,0,0,30,0,30,0,0,17,0,17,0,0,47,0,47,46,0,46,93
12/24/2000,OLM,WA,ANM,WE,Federal Contract Tower,0,0,12,0,12,0,0,31,0,31,0,0,43,0,43,56,0,56,99
12/25/2000,OLM,WA,ANM,WE,Federal Contract Tower,0,0,6,0,6,0,0,36,0,36,0,0,42,0,42,26,0,26,68
12/26/2000,OLM,WA,ANM,WE,Federal Contract Tower,0,2,34,2,38,0,0,84,8,92,0,2,118,10,130,86,2,88,218
12/27/2000,OLM,WA,ANM,WE,Federal Contract Tower,0,2,14,0,16,0,0,54,8,62,0,2,68,8,78,62,0,62,140
12/28/2000,OLM,WA,ANM,WE,Federal Contract Tower,0,4,22,1,27,0,0,47,5,52,0,4,69,6,79,96,0,96,175
12/29/2000,OLM,WA,ANM,WE,Federal Contract Tower,0,4,36,2,42,0,0,84,2,86,0,4,120,4,128,64,0,64,192
12/30/2000,OLM,WA,ANM,WE,Federal Contract Tower,0,8,46,0,54,0,0,9,0,9,0,8,55,0,63,10,0,10,73
12/31/2000,OLM,WA,ANM,WE,Federal Contract Tower,0,3,0,0,3,0,38,0,0,38,0,41,0,0,41,30,0,30,71
01/01/2001,OLM,WA,ANM,WE,Federal Contract Tower,0,0,2,0,2,0,0,13,0,13,0,0,15,0,15,0,0,0,15
01/02/2001,OLM,WA,ANM,WE,Federal Contract Tower,0,2,24,0,26,0,6,147,0,153,0,8,171,0,179,148,0,148,327
01/03/2001,OLM,WA,ANM,WE,Federal Contract Tower,0,3,19,1,23,0,2,74,1,77,0,5,93,2,100,36,0,36,136
01/04/2001,OLM,WA,ANM,WE,Federal Contract Tower,0,4,20,0,24,0,3,23,2,28,0,7,43,2,52,0,0,0,52
01/05/2001,OLM,WA,ANM,WE,Federal Contract Tower,0,4,33,2,39,0,1,42,2,45,0,5,75,4,84,30,0,30,114
01/06/2001,OLM,WA,ANM,WE,Federal Contract Tower,0,0,49,3,52,0,0,113,9,122,0,0,162,12,174,86,0,86,260
01/07/2001,OLM,WA,ANM,WE,Federal Contract Tower,0,0,42,3,45,0,0,125,29,154,0,0,167,32,199,138,0,138,337
01/08/2001,OLM,WA,ANM,WE,Federal Contract Tower,0,6,43,3,52,0,8,37,7,52,0,14,80,10,104,42,0,42,146
01/09/2001,OLM,WA,ANM,WE,Federal Contract Tower,0,2,12,0,14,0,2,23,0,25,0,4,35,0,39,8,0,8,47
01/10/2001,OLM,WA,ANM,WE,Federal Contract Tower,0,5,29,2,36,0,1,106,7,114,0,6,135,9,150,124,8,132,282
01/11/2001,OLM,WA,ANM,WE,Federal Contract Tower,0,6,37,2,45,0,0,84,6,90,0,6,121,8,135,82,0,82,217
01/12/2001,OLM,WA,ANM,WE,Federal Contract Tower,0,4,26,0,30,0,2,69,0,71,0,6,95,0,101,112,0,112,213
01/13/2001,OLM,WA,ANM,WE,Federal Contract Tower,0,0,30,0,30,0,0,7,0,7,0,0,37,0,37,0,0,0,37
01/14/2001,OLM,WA,ANM,WE,Federal Contract Tower,0,0,12,0,12,0,0,5,0,5,0,0,17,0,17,0,0,0,17
01/15/2001,OLM,WA,ANM,WE,Federal Contract Tower,0,6,38,0,44,0,0,110,0,110,0,6,148,0,154,112,0,112,266
01/16/2001,OLM,WA,ANM,WE,Federal Contract Tower,0,6,34,0,40,0,0,2,0,2,0,6,36,0,42,0,0,0,42
01/17/2001,OLM,WA,ANM,WE,Federal Contract Tower,0,6,36,2,44,0,3,59,12,74,0,9,95,14,118,66,0,66,184
01/18/2001,OLM,WA,ANM,WE,Federal Contract Tower,0,4,27,0,31,0,3,45,0,48,0,7,72,0,79,102,0,102,181
01/19/2001,OLM,WA,ANM,WE,Federal Contract Tower,0,5,41,3,49,0,0,69,5,74,0,5,110,8,123,62,0,62,185
01/20/2001,OLM,WA,ANM,WE,Federal Contract Tower,0,0,30,1,31,0,0,54,3,57,0,0,84,4,88,74,0,74,162
01/21/2001,OLM,WA,ANM,WE,Federal Contract Tower,0,0,14,0,14,0,0,34,4,38,0,0,48,4,52,84,0,84,136
01/22/2001,OLM,WA,ANM,WE,Federal Contract Tower,0,0,38,0,38,0,0,137,0,137,0,0,175,0,175,82,0,82,257
01/23/2001,OLM,WA,ANM,WE,Federal Contract Tower,0,6,36,1,43,0,1,126,5,132,0,7,162,6,175,112,0,112,287
01/24/2001,OLM,WA,ANM,WE,Federal Contract Tower,0,4,29,1,34,0,6,32,3,41,0,10,61,4,75,4,0,4,79
01/25/2001,OLM,WA,ANM,WE,Federal Contract Tower,0,4,29,1,34,0,3,65,16,84,0,7,94,17,118,54,0,54,172
01/26/2001,OLM,WA,ANM,WE,Federal Contract Tower,0,6,43,2,51,0,1,140,2,143,0,7,183,4,194,190,0,190,384
01/27/2001,OLM,WA,ANM,WE,Federal Contract Tower,0,0,30,0,30,0,0,63,0,63,0,0,93,0,93,90,0,90,183
01/28/2001,OLM,WA,ANM,WE,Federal Contract Tower,0,4,31,1,36,0,0,140,3,143,0,4,171,4,179,134,0,134,313
01/29/2001,OLM,WA,ANM,WE,Federal Contract Tower,0,3,15,0,18,0,2,23,2,27,0,5,38,2,45,0,0,0,45
01/30/2001,OLM,WA,ANM,WE,Federal Contract Tower,0,7,40,1,48,0,0,16,1,17,0,7,56,2,65,4,0,4,69
01/31/2001,OLM,WA,ANM,WE,Federal Contract Tower,0,3,16,0,19,0,6,106,10,122,0,9,122,10,141,104,0,104,245
02/01/2001,OLM,WA,ANM,WE,Federal Contract Tower,0,6,24,2,32,0,1,98,8,107,0,7,122,10,139,58,0,58,197
02/02/2001,OLM,WA,ANM,WE,Federal Contract Tower,0,4,20,3,27,0,1,30,1,32,0,5,50,4,59,42,0,42,101
02/03/2001,OLM,WA,ANM,WE,Federal Contract Tower,0,0,27,3,30,0,0,70,9,79,0,0,97,12,109,66,0,66,175
02/04/2001,OLM,WA,ANM,WE,Federal Contract Tower,0,0,13,2,15,0,0,20,0,20,0,0,33,2,35,48,0,48,83
02/05/2001,OLM,WA,ANM,WE,Federal Contract Tower,0,5,25,3,33,0,0,52,3,55,0,5,77,6,88,74,0,74,162
02/06/2001,OLM,WA,ANM,WE,Federal Contract Tower,0,3,20,3,26,0,4,94,1,99,0,7,114,4,125,68,0,68,193
02/07/2001,OLM,WA,ANM,WE,Federal Contract Tower,0,4,21,3,28,0,10,145,5,160,0,14,166,8,188,160,0,160,348
02/08/2001,OLM,WA,ANM,WE,Federal Contract Tower,0,2,10,2,14,0,5,8,8,21,0,7,18,10,35,14,0,14,49
02/09/2001,OLM,WA,ANM,WE,Federal Contract Tower,0,6,41,5,52,0,0,109,5,114,0,6,150,10,166,126,0,126,292
02/10/2001,OLM,WA,ANM,WE,Federal Contract Tower,0,5,26,0,31,0,3,122,0,125,0,8,148,0,156,132,0,132,288
02/11/2001,OLM,WA,ANM,WE,Federal Contract Tower,0,0,20,2,22,0,0,108,0,108,0,0,128,2,130,126,0,126,256
02/12/2001,OLM,WA,ANM,WE,Federal Contract Tower,0,6,34,4,44,0,1,98,0,99,0,7,132,4,143,78,0,78,221
02/13/2001,OLM,WA,ANM,WE,Federal Contract Tower,0,3,21,2,26,0,0,84,2,86,0,3,105,4,112,46,0,46,158
02/14/2001,OLM,WA,ANM,WE,Federal Contract Tower,0,4,19,0,23,0,7,73,0,80,0,11,92,0,103,64,0,64,167
02/15/2001,OLM,WA,ANM,WE,Federal Contract Tower,0,3,21,2,26,0,6,39,4,49,0,9,60,6,75,10,0,10,85
02/16/2001,OLM,WA,ANM,WE,Federal Contract Tower,0,2,13,0,15,0,2,1,0,3,0,4,14,0,18,0,0,0,18
02/17/2001,OLM,WA,ANM,WE,Federal Contract Tower,0,0,32,3,35,0,0,74,1,75,0,0,106,4,110,90,0,90,200
02/18/2001,OLM,WA,ANM,WE,Federal Contract Tower,0,0,24,0,24,0,0,100,0,100,0,0,124,0,124,68,0,68,192
02/19/2001,OLM,WA,ANM,WE,Federal Contract Tower,0,2,40,2,44,0,0,97,0,97,0,2,137,2,141,46,0,46,187
02/20/2001,OLM,WA,ANM,WE,Federal Contract Tower,0,4,22,2,28,0,6,82,0,88,0,10,104,2,116,92,0,92,208
02/21/2001,OLM,WA,ANM,WE,Federal Contract Tower,0,5,29,3,37,0,6,67,15,88,0,11,96,18,125,100,0,100,225
02/22/2001,OLM,WA,ANM,WE,Federal Contract Tower,0,2,13,1,16,0,4,71,5,80,0,6,84,6,96,62,0,62,158
02/23/2001,OLM,WA,ANM,WE,Federal Contract Tower,0,4,24,2,30,0,4,48,5,57,0,8,72,7,87,110,0,110,197
02/24/2001,OLM,WA,ANM,WE,Federal Contract Tower,0,4,24,0,28,0,0,66,0,66,0,4,90,0,94,68,0,68,162
02/25/2001,OLM,WA,ANM,WE,Federal Contract Tower,0,0,21,0,21,0,0,180,0,180,0,0,201,0,201,188,0,188,389
02/26/2001,OLM,WA,ANM,WE,Federal Contract Tower,0,5,45,0,50,0,0,103,0,103,0,5,148,0,153,149,0,149,302
02/27/2001,OLM,WA,ANM,WE,Federal Contract Tower,0,9,47,4,60,0,2,135,6,143,0,11,182,10,203,54,12,66,269
02/28/2001,OLM,WA,ANM,WE,Federal Contract Tower,0,3,20,2,25,0,4,126,4,134,0,7,146,6,159,134,0,134,293
03/01/2001,OLM,WA,ANM,WE,Federal Contract Tower,0,4,15,1,20,0,5,35,7,47,0,9,50,8,67,14,0,14,81
03/02/2001,OLM,WA,ANM,WE,Federal Contract Tower,0,5,26,2,33,0,1,38,9,48,0,6,64,11,81,26,4,30,111
03/03/2001,OLM,WA,ANM,WE,Federal Contract Tower,0,0,22,1,23,0,0,96,6,102,0,0,118,7,125,90,8,98,223
03/04/2001,OLM,WA,ANM,WE,Federal Contract Tower,0,0,18,1,19,0,0,140,5,145,0,0,158,6,164,150,0,150,314
03/05/2001,OLM,WA,ANM,WE,Federal Contract Tower,0,5,23,1,29,0,5,95,3,103,0,10,118,4,132,84,0,84,216
03/06/2001,OLM,WA,ANM,WE,Federal Contract Tower,0,7,35,2,44,0,0,147,0,147,0,7,182,2,191,220,0,220,411
03/07/2001,OLM,WA,ANM,WE,Federal Contract Tower,0,6,30,2,38,0,4,118,2,124,0,10,148,4,162,172,0,172,334
03/08/2001,OLM,WA,ANM,WE,Federal Contract Tower,0,6,23,1,30,0,6,73,3,82,0,12,96,4,112,110,0,110,222
03/09/2001,OLM,WA,ANM,WE,Federal Contract Tower,0,10,50,3,63,0,3,110,3,116,0,13,160,6,179,104,0,104,283
03/10/2001,OLM,WA,ANM,WE,Federal Contract Tower,0,0,27,0,27,0,0,77,0,77,0,0,104,0,104,86,0,86,190
03/11/2001,OLM,WA,ANM,WE,Federal Contract Tower,0,2,29,0,31,0,0,127,0,127,0,2,156,0,158,148,0,148,306
03/12/2001,OLM,WA,ANM,WE,Federal Contract Tower,0,6,29,2,37,0,5,10,2,17,0,11,39,4,54,60,0,60,114
03/13/2001,OLM,WA,ANM,WE,Federal Contract Tower,0,3,11,0,14,0,4,6,0,10,0,7,17,0,24,16,0,16,40
03/14/2001,OLM,WA,ANM,WE,Federal Contract Tower,0,10,43,2,55,0,6,93,2,101,0,16,136,4,156,70,0,70,226
03/15/2001,OLM,WA,ANM,WE,Federal Contract Tower,0,5,20,0,25,0,1,32,0,33,0,6,52,0,58,12,0,12,70
03/16/2001,OLM,WA,ANM,WE,Federal Contract Tower,0,5,39,1,45,0,0,37,3,40,0,5,76,4,85,64,0,64,149
03/17/2001,OLM,WA,ANM,WE,Federal Contract Tower,0,0,37,0,37,0,0,32,0,32,0,0,69,0,69,86,0,86,155
03/18/2001,OLM,WA,ANM,WE,Federal Contract Tower,0,0,18,0,18,0,0,6,6,12,0,0,24,6,30,14,4,18,48
03/19/2001,OLM,WA,ANM,WE,Federal Contract Tower,0,8,37,1,46,0,1,39,1,41,0,9,76,2,87,22,0,22,109
03/20/2001,OLM,WA,ANM,WE,Federal Contract Tower,0,5,25,1,31,0,2,120,3,125,0,7,145,4,156,122,0,122,278
03/21/2001,OLM,WA,ANM,WE,Federal Contract Tower,0,4,17,0,21,0,6,133,2,141,0,10,150,2,162,174,0,174,336
03/22/2001,OLM,WA,ANM,WE,Federal Contract Tower,0,6,30,1,37,0,8,142,7,157,0,14,172,8,194,190,0,190,384
03/23/2001,OLM,WA,ANM,WE,Federal Contract Tower,0,3,15,0,18,0,2,127,4,133,0,5,142,4,151,104,0,104,255
03/24/2001,OLM,WA,ANM,WE,Federal Contract Tower,0,0,32,0,32,0,0,120,0,120,0,0,152,0,152,52,0,52,204
03/25/2001,OLM,WA,ANM,WE,Federal Contract Tower,0,0,14,0,14,0,0,33,0,33,0,0,47,0,47,8,0,8,55
03/26/2001,OLM,WA,ANM,WE,Federal Contract Tower,0,3,16,0,19,0,6,50,0,56,0,9,66,0,75,82,0,82,157
03/27/2001,OLM,WA,ANM,WE,Federal Contract Tower,0,4,19,0,23,0,3,7,0,10,0,7,26,0,33,26,0,26,59
03/28/2001,OLM,WA,ANM,WE,Federal Contract Tower,0,6,31,1,38,0,2,52,9,63,0,8,83,10,101,90,0,90,191
03/29/2001,OLM,WA,ANM,WE,Federal Contract Tower,0,5,25,1,31,0,2,59,1,62,0,7,84,2,93,94,0,94,187
03/30/2001,OLM,WA,ANM,WE,Federal Contract Tower,0,5,28,0,33,0,0,95,0,95,0,5,123,0,128,122,0,122,250
03/31/2001,OLM,WA,ANM,WE,Federal Contract Tower,0,0,16,0,16,0,0,17,0,17,0,0,33,0,33,22,0,22,55
04/01/2001,OLM,WA,ANM,WE,Federal Contract Tower,0,0,27,0,27,0,0,112,0,112,0,0,139,0,139,144,0,144,283
04/02/2001,OLM,WA,ANM,WE,Federal Contract Tower,0,4,20,0,24,0,3,58,0,61,0,7,78,0,85,36,0,36,121
04/03/2001,OLM,WA,ANM,WE,Federal Contract Tower,0,5,40,2,47,0,1,84,0,85,0,6,124,2,132,119,0,119,251
04/04/2001,OLM,WA,ANM,WE,Federal Contract Tower,0,5,29,2,36,0,3,216,4,223,0,8,245,6,259,204,0,204,463
04/05/2001,OLM,WA,ANM,WE,Federal Contract Tower,0,6,21,1,28,0,3,65,5,73,0,9,86,6,101,32,0,32,133
04/06/2001,OLM,WA,ANM,WE,Federal Contract Tower,0,4,49,6,59,0,1,44,0,45,0,5,93,6,104,32,0,32,136
04/07/2001,OLM,WA,ANM,WE,Federal Contract Tower,0,0,15,0,15,0,0,97,0,97,0,0,112,0,112,144,0,144,256
04/08/2001,OLM,WA,ANM,WE,Federal Contract Tower,0,0,21,0,21,0,0,57,2,59,0,0,78,2,80,136,0,136,216
04/09/2001,OLM,WA,ANM,WE,Federal Contract Tower,0,4,42,2,48,0,1,64,0,65,0,5,106,2,113,112,0,112,225
04/10/2001,OLM,WA,ANM,WE,Federal Contract Tower,0,10,19,3,32,0,1,5,7,13,0,11,24,10,45,24,0,24,69
04/11/2001,OLM,WA,ANM,WE,Federal Contract Tower,0,9,58,4,71,0,5,157,4,166,0,14,215,8,237,140,0,140,377
04/12/2001,OLM,WA,ANM,WE,Federal Contract Tower,0,9,34,0,43,0,0,52,2,54,0,9,86,2,97,78,0,78,175
04/13/2001,OLM,WA,ANM,WE,Federal Contract Tower,0,5,36,0,41,0,0,73,6,79,0,5,109,6,120,68,0,68,188
04/14/2001,OLM,WA,ANM,WE,Federal Contract Tower,0,0,45,0,45,0,0,154,0,154,0,0,199,0,199,128,0,128,327
04/15/2001,OLM,WA,ANM,WE,Federal Contract Tower,0,0,12,1,13,0,0,151,1,152,0,0,163,2,165,58,0,58,223
04/16/2001,OLM,WA,ANM,WE,Federal Contract Tower,0,4,36,0,40,0,0,125,0,125,0,4,161,0,165,64,0,64,229
04/17/2001,OLM,WA,ANM,WE,Federal Contract Tower,0,3,22,0,25,0,0,34,0,34,0,3,56,0,59,22,0,22,81
04/18/2001,OLM,WA,ANM,WE,Federal Contract Tower,0,4,18,3,25,0,0,79,5,84,0,4,97,8,109,52,0,52,161
04/19/2001,OLM,WA,ANM,WE,Federal Contract Tower,0,8,18,1,27,0,1,87,3,91,0,9,105,4,118,48,0,48,166
04/20/2001,OLM,WA,ANM,WE,Federal Contract Tower,0,7,42,0,49,0,3,130,0,133,0,10,172,0,182,70,0,70,252
04/21/2001,OLM,WA,ANM,WE,Federal Contract Tower,0,0,36,0,36,0,0,177,0,177,0,0,213,0,213,198,0,198,411
04/22/2001,OLM,WA,ANM,WE,Federal Contract Tower,0,0,25,0,25,0,0,69,0,69,0,0,94,0,94,52,0,52,146
04/23/2001,OLM,WA,ANM,WE,Federal Contract Tower,0,4,44,4,52,0,0,56,2,58,0,4,100,6,110,24,0,24,134
04/24/2001,OLM,WA,ANM,WE,Federal Contract Tower,0,2,48,2,52,0,0,157,6,163,0,2,205,8,215,232,0,232,447
04/25/2001,OLM,WA,ANM,WE,Federal Contract Tower,0,3,16,1,20,0,2,131,5,138,0,5,147,6,158,36,0,36,194
04/26/2001,OLM,WA,ANM,WE,Federal Contract Tower,0,10,30,6,46,0,0,85,0,85,0,10,115,6,131,132,0,132,263
04/27/2001,OLM,WA,ANM,WE,Federal Contract Tower,0,8,31,0,39,0,1,84,0,85,0,9,115,0,124,68,0,68,192
04/28/2001,OLM,WA,ANM,WE,Federal Contract Tower,0,0,23,0,23,0,0,37,0,37,0,0,60,0,60,20,0,20,80
04/29/2001,OLM,WA,ANM,WE,Federal Contract Tower,0,0,5,0,5,0,0,13,0,13,0,0,18,0,18,44,0,44,62
04/30/2001,OLM,WA,ANM,WE,Federal Contract Tower,0,5,4,0,9,0,0,7,0,7,0,5,11,0,16,0,0,0,16
05/01/2001,OLM,WA,ANM,WE,Federal Contract Tower,0,6,21,0,27,0,0,46,4,50,0,6,67,4,77,128,0,128,205
05/02/2001,OLM,WA,ANM,WE,Federal Contract Tower,0,7,41,0,48,0,0,105,4,109,0,7,146,4,157,208,0,208,365
05/03/2001,OLM,WA,ANM,WE,Federal Contract Tower,0,6,8,0,14,0,1,150,6,157,0,7,158,6,171,78,0,78,249
05/04/2001,OLM,WA,ANM,WE,Federal Contract Tower,0,2,37,4,43,0,1,66,2,69,0,3,103,6,112,76,0,76,188
05/05/2001,OLM,WA,ANM,WE,Federal Contract Tower,0,0,23,4,27,0,0,109,4,113,0,0,132,8,140,174,0,174,314
05/06/2001,OLM,WA,ANM,WE,Federal Contract Tower,0,0,23,0,23,0,0,200,0,200,0,0,223,0,223,220,0,220,443
05/07/2001,OLM,WA,ANM,WE,Federal Contract Tower,0,7,45,0,52,0,0,126,2,128,0,7,171,2,180,204,0,204,384
05/08/2001,OLM,WA,ANM,WE,Federal Contract Tower,0,7,28,0,35,0,0,85,0,85,0,7,113,0,120,136,0,136,256
05/09/2001,OLM,WA,ANM,WE,Federal Contract Tower,0,7,16,2,25,0,2,117,8,127,0,9,133,10,152,112,0,112,264
05/10/2001,OLM,WA,ANM,WE,Federal Contract Tower,0,7,22,0,29,0,0,116,14,130,0,7,138,14,159,146,0,146,305
05/11/2001,OLM,WA,ANM,WE,Federal Contract Tower,0,5,53,0,58,0,0,158,6,164,0,5,211,6,222,160,0,160,382
05/12/2001,OLM,WA,ANM,WE,Federal Contract Tower,0,2,33,0,35,0,0,138,0,138,0,2,171,0,173,108,0,108,281
05/13/2001,OLM,WA,ANM,WE,Federal Contract Tower,0,0,8,0,8,0,0,68,2,70,0,0,76,2,78,92,0,92,170
05/14/2001,OLM,WA,ANM,WE,Federal Contract Tower,0,5,8,0,13,0,0,11,0,11,0,5,19,0,24,8,0,8,32
05/15/2001,OLM,WA,ANM,WE,Federal Contract Tower,0,7,27,0,34,0,0,29,0,29,0,7,56,0,63,32,0,32,95
05/16/2001,OLM,WA,ANM,WE,Federal Contract Tower,0,7,10,0,17,0,2,72,10,84,0,9,82,10,101,114,0,114,215
05/17/2001,OLM,WA,ANM,WE,Federal Contract Tower,0,2,21,3,26,0,0,73,3,76,0,2,94,6,102,98,0,98,200
05/18/2001,OLM,WA,ANM,WE,Federal Contract Tower,0,5,54,2,61,0,0,103,4,107,0,5,157,6,168,68,0,68,236
05/19/2001,OLM,WA,ANM,WE,Federal Contract Tower,0,1,40,0,41,0,0,118,0,118,0,1,158,0,159,80,0,80,239
05/20/2001,OLM,WA,ANM,WE,Federal Contract Tower,0,0,35,0,35,0,0,244,0,244,0,0,279,0,279,228,0,228,507
05/21/2001,OLM,WA,ANM,WE,Federal Contract Tower,0,5,27,0,32,0,0,163,0,163,0,5,190,0,195,148,0,148,343
05/22/2001,OLM,WA,ANM,WE,Federal Contract Tower,0,7,28,0,35,0,0,157,2,159,0,7,185,2,194,132,0,132,326
05/23/2001,OLM,WA,ANM,WE,Federal Contract Tower,0,7,28,1,36,0,0,136,11,147,0,7,164,12,183,120,0,120,303
05/24/2001,OLM,WA,ANM,WE,Federal Contract Tower,0,7,19,0,26,0,5,107,2,114,0,12,126,2,140,152,0,152,292
05/25/2001,OLM,WA,ANM,WE,Federal Contract Tower,0,5,48,0,53,0,1,166,4,171,0,6,214,4,224,72,0,72,296
05/26/2001,OLM,WA,ANM,WE,Federal Contract Tower,0,0,20,0,20,0,0,145,2,147,0,0,165,2,167,174,0,174,341
05/27/2001,OLM,WA,ANM,WE,Federal Contract Tower,0,0,16,0,16,0,0,112,0,112,0,0,128,0,128,118,0,118,246
05/28/2001,OLM,WA,ANM,WE,Federal Contract Tower,0,0,7,0,7,0,0,19,0,19,0,0,26,0,26,47,0,47,73
05/29/2001,OLM,WA,ANM,WE,Federal Contract Tower,0,6,44,0,50,0,0,133,0,133,0,6,177,0,183,86,0,86,269
05/30/2001,OLM,WA,ANM,WE,Federal Contract Tower,0,9,36,0,45,0,2,117,10,129,0,11,153,10,174,166,0,166,340
05/31/2001,OLM,WA,ANM,WE,Federal Contract Tower,0,7,20,0,27,0,0,175,0,175,0,7,195,0,202,272,0,272,474
06/01/2001,OLM,WA,ANM,WE,Federal Contract Tower,0,6,42,4,52,0,0,32,0,32,0,6,74,4,84,18,0,18,102
06/02/2001,OLM,WA,ANM,WE,Federal Contract Tower,0,2,13,0,15,0,0,45,6,51,0,2,58,6,66,60,0,60,126
06/03/2001,OLM,WA,ANM,WE,Federal Contract Tower,0,1,23,0,24,0,0,125,4,129,0,1,148,4,153,100,0,100,253
06/04/2001,OLM,WA,ANM,WE,Federal Contract Tower,0,9,15,0,24,0,0,109,0,109,0,9,124,0,133,134,0,134,267
06/05/2001,OLM,WA,ANM,WE,Federal Contract Tower,0,7,44,0,51,0,0,26,6,32,0,7,70,6,83,118,0,118,201
06/06/2001,OLM,WA,ANM,WE,Federal Contract Tower,0,9,54,0,63,0,4,151,7,162,0,13,205,7,225,202,0,202,427
06/07/2001,OLM,WA,ANM,WE,Federal Contract Tower,0,7,46,1,54,0,6,202,1,209,0,13,248,2,263,188,0,188,451
06/08/2001,OLM,WA,ANM,WE,Federal Contract Tower,0,5,49,0,54,0,0,101,0,101,0,5,150,0,155,12,0,12,167
06/09/2001,OLM,WA,ANM,WE,Federal Contract Tower,0,0,44,0,44,0,0,99,0,99,0,0,143,0,143,94,0,94,237
06/10/2001,OLM,WA,ANM,WE,Federal Contract Tower,0,0,29,0,29,0,0,63,2,65,0,0,92,2,94,80,0,80,174
06/11/2001,OLM,WA,ANM,WE,Federal Contract Tower,0,9,21,0,30,0,0,20,0,20,0,9,41,0,50,54,0,54,104
06/12/2001,OLM,WA,ANM,WE,Federal Contract Tower,0,7,50,0,57,0,0,109,6,115,0,7,159,6,172,80,0,80,252
06/13/2001,OLM,WA,ANM,WE,Federal Contract Tower,0,7,25,3,35,0,1,127,2,130,0,8,152,5,165,156,0,156,321
06/14/2001,OLM,WA,ANM,WE,Federal Contract Tower,0,7,18,0,25,0,0,97,0,97,0,7,115,0,122,116,0,116,238
06/15/2001,OLM,WA,ANM,WE,Federal Contract Tower,0,13,40,0,53,0,2,149,10,161,0,15,189,10,214,196,0,196,410
06/16/2001,OLM,WA,ANM,WE,Federal Contract Tower,0,0,41,0,41,0,0,185,2,187,0,0,226,2,228,40,0,40,268
06/17/2001,OLM,WA,ANM,WE,Federal Contract Tower,0,0,18,0,18,0,0,158,0,158,0,0,176,0,176,60,0,60,236
06/18/2001,OLM,WA,ANM,WE,Federal Contract Tower,0,5,21,0,26,0,0,121,0,121,0,5,142,0,147,98,0,98,245
06/19/2001,OLM,WA,ANM,WE,Federal Contract Tower,0,7,53,8,68,0,0,154,2,156,0,7,207,10,224,104,4,108,332
06/20/2001,OLM,WA,ANM,WE,Federal Contract Tower,0,6,22,3,31,0,1,184,5,190,0,7,206,8,221,244,0,244,465
06/21/2001,OLM,WA,ANM,WE,Federal Contract Tower,0,10,56,4,70,0,2,96,2,100,0,12,152,6,170,142,0,142,312
06/22/2001,OLM,WA,ANM,WE,Federal Contract Tower,0,5,41,1,47,0,0,105,0,105,0,5,146,1,152,58,0,58,210
06/23/2001,OLM,WA,ANM,WE,Federal Contract Tower,0,0,16,3,19,0,0,835,0,835,0,0,851,3,854,320,0,320,1174
06/24/2001,OLM,WA,ANM,WE,Federal Contract Tower,0,0,33,0,33,0,0,63,1,64,0,0,96,1,97,28,0,28,125
06/25/2001,OLM,WA,ANM,WE,Federal Contract Tower,0,5,24,2,31,0,0,132,2,134,0,5,156,4,165,92,0,92,257
06/26/2001,OLM,WA,ANM,WE,Federal Contract Tower,0,6,33,4,43,0,1,145,4,150,0,7,178,8,193,141,0,141,334
06/27/2001,OLM,WA,ANM,WE,Federal Contract Tower,0,4,4,1,9,0,3,38,3,44,0,7,42,4,53,42,0,42,95
06/28/2001,OLM,WA,ANM,WE,Federal Contract Tower,0,7,15,1,23,0,1,75,3,79,0,8,90,4,102,92,0,92,194
06/29/2001,OLM,WA,ANM,WE,Federal Contract Tower,0,5,24,0,29,0,0,103,0,103,0,5,127,0,132,110,0,110,242
06/30/2001,OLM,WA,ANM,WE,Federal Contract Tower,0,0,27,0,27,0,0,152,4,156,0,0,179,4,183,102,0,102,285
07/01/2001,OLM,WA,ANM,WE,Federal Contract Tower,0,0,26,0,26,0,0,167,0,167,0,0,193,0,193,137,0,137,330
07/02/2001,OLM,WA,ANM,WE,Federal Contract Tower,0,9,24,4,37,0,1,133,0,134,0,10,157,4,171,98,0,98,269
07/03/2001,OLM,WA,ANM,WE,Federal Contract Tower,0,7,36,0,43,0,0,134,2,136,0,7,170,2,179,110,0,110,289
07/04/2001,OLM,WA,ANM,WE,Federal Contract Tower,0,0,12,0,12,0,0,112,2,114,0,0,124,2,126,18,0,18,144
07/05/2001,OLM,WA,ANM,WE,Federal Contract Tower,0,7,40,0,47,0,0,95,0,95,0,7,135,0,142,128,0,128,270
07/06/2001,OLM,WA,ANM,WE,Federal Contract Tower,0,5,30,0,35,0,0,134,1,135,0,5,164,1,170,138,0,138,308
07/07/2001,OLM,WA,ANM,WE,Federal Contract Tower,0,0,13,4,17,0,0,159,4,163,0,0,172,8,180,144,0,144,324
07/08/2001,OLM,WA,ANM,WE,Federal Contract Tower,0,0,26,0,26,0,0,179,0,179,0,0,205,0,205,120,0,120,325
07/09/2001,OLM,WA,ANM,WE,Federal Contract Tower,0,5,27,6,38,0,0,138,4,142,0,5,165,10,180,112,0,112,292
07/10/2001,OLM,WA,ANM,WE,Federal Contract Tower,0,7,20,4,31,0,0,120,0,120,0,7,140,4,151,158,0,158,309
07/11/2001,OLM,WA,ANM,WE,Federal Contract Tower,0,7,37,2,46,0,0,118,2,120,0,7,155,4,166,162,0,162,328
07/12/2001,OLM,WA,ANM,WE,Federal Contract Tower,0,7,40,0,47,0,0,100,0,100,0,7,140,0,147,104,0,104,251
07/13/2001,OLM,WA,ANM,WE,Federal Contract Tower,0,5,50,0,55,0,0,120,0,120,0,5,170,0,175,100,0,100,275
07/14/2001,OLM,WA,ANM,WE,Federal Contract Tower,0,0,43,0,43,0,0,88,4,92,0,0,131,4,135,72,0,72,207
07/15/2001,OLM,WA,ANM,WE,Federal Contract Tower,0,0,70,4,74,0,0,59,2,61,0,0,129,6,135,54,0,54,189
07/16/2001,OLM,WA,ANM,WE,Federal Contract Tower,0,5,37,0,42,0,0,112,0,112,0,5,149,0,154,90,0,90,244
07/17/2001,OLM,WA,ANM,WE,Federal Contract Tower,0,11,45,0,56,0,0,130,12,142,0,11,175,12,198,188,0,188,386
07/18/2001,OLM,WA,ANM,WE,Federal Contract Tower,0,8,32,3,43,0,0,80,3,83,0,8,112,6,126,114,0,114,240
07/19/2001,OLM,WA,ANM,WE,Federal Contract Tower,0,7,19,4,30,0,0,113,4,117,0,7,132,8,147,152,0,152,299
07/20/2001,OLM,WA,ANM,WE,Federal Contract Tower,0,5,43,0,48,0,0,95,0,95,0,5,138,0,143,122,0,122,265
07/21/2001,OLM,WA,ANM,WE,Federal Contract Tower,0,0,36,0,36,0,0,85,4,89,0,0,121,4,125,144,0,144,269
07/22/2001,OLM,WA,ANM,WE,Federal Contract Tower,0,0,34,0,34,0,0,112,0,112,0,0,146,0,146,44,0,44,190
07/23/2001,OLM,WA,ANM,WE,Federal Contract Tower,0,2,21,0,23,0,0,115,0,115,0,2,136,0,138,88,0,88,226
07/24/2001,OLM,WA,ANM,WE,Federal Contract Tower,0,8,15,0,23,0,8,70,0,78,0,16,85,0,101,44,0,44,145
07/25/2001,OLM,WA,ANM,WE,Federal Contract Tower,0,9,25,1,35,0,0,114,5,119,0,9,139,6,154,142,0,142,296
07/26/2001,OLM,WA,ANM,WE,Federal Contract Tower,0,5,22,0,27,0,2,112,0,114,0,7,134,0,141,72,0,72,213
07/27/2001,OLM,WA,ANM,WE,Federal Contract Tower,0,3,25,2,30,0,0,76,2,78,0,3,101,4,108,100,0,100,208
07/28/2001,OLM,WA,ANM,WE,Federal Contract Tower,0,0,21,2,23,0,0,49,0,49,0,0,70,2,72,42,0,42,114
07/29/2001,OLM,WA,ANM,WE,Federal Contract Tower,0,0,24,0,24,0,0,51,0,51,0,0,75,0,75,46,0,46,121
07/30/2001,OLM,WA,ANM,WE,Federal Contract Tower,0,2,23,0,25,0,1,117,4,122,0,3,140,4,147,66,0,66,213
07/31/2001,OLM,WA,ANM,WE,Federal Contract Tower,0,5,51,0,56,0,0,124,4,128,0,5,175,4,184,84,0,84,268
08/01/2001,OLM,WA,ANM,WE,Federal Contract Tower,0,5,29,0,34,0,0,122,7,129,0,5,151,7,163,26,0,26,189
08/02/2001,OLM,WA,ANM,WE,Federal Contract Tower,0,4,21,1,26,0,2,82,1,85,0,6,103,2,111,64,0,64,175
08/03/2001,OLM,WA,ANM,WE,Federal Contract Tower,0,3,33,2,38,0,0,67,0,67,0,3,100,2,105,70,0,70,175
08/04/2001,OLM,WA,ANM,WE,Federal Contract Tower,0,0,54,4,58,0,0,113,0,113,0,0,167,4,171,100,0,100,271
08/05/2001,OLM,WA,ANM,WE,Federal Contract Tower,0,0,25,2,27,0,0,95,0,95,0,0,120,2,122,108,0,108,230
08/06/2001,OLM,WA,ANM,WE,Federal Contract Tower,0,3,29,0,32,0,2,94,0,96,0,5,123,0,128,102,0,102,230
08/07/2001,OLM,WA,ANM,WE,Federal Contract Tower,0,5,18,12,35,0,0,100,12,112,0,5,118,24,147,124,8,132,279
08/08/2001,OLM,WA,ANM,WE,Federal Contract Tower,0,1,14,0,15,0,0,129,0,129,0,1,143,0,144,84,0,84,228
08/09/2001,OLM,WA,ANM,WE,Federal Contract Tower,0,0,17,1,18,0,0,112,1,113,0,0,129,2,131,48,0,48,179
08/10/2001,OLM,WA,ANM,WE,Federal Contract Tower,0,5,29,2,36,0,0,161,4,165,0,5,190,6,201,132,0,132,333
08/11/2001,OLM,WA,ANM,WE,Federal Contract Tower,0,0,28,2,30,0,0,114,0,114,0,0,142,2,144,56,0,56,200
08/12/2001,OLM,WA,ANM,WE,Federal Contract Tower,0,0,14,0,14,0,0,135,0,135,0,0,149,0,149,58,0,58,207
08/13/2001,OLM,WA,ANM,WE,Federal Contract Tower,0,3,31,0,34,0,0,94,0,94,0,3,125,0,128,96,0,96,224
08/14/2001,OLM,WA,ANM,WE,Federal Contract Tower,0,5,33,0,38,0,0,95,0,95,0,5,128,0,133,30,0,30,163
08/15/2001,OLM,WA,ANM,WE,Federal Contract Tower,0,4,16,0,20,0,1,108,0,109,0,5,124,0,129,94,0,94,223
08/16/2001,OLM,WA,ANM,WE,Federal Contract Tower,0,4,13,0,17,0,3,94,6,103,0,7,107,6,120,110,0,110,230
08/17/2001,OLM,WA,ANM,WE,Federal Contract Tower,0,3,29,0,32,0,0,131,0,131,0,3,160,0,163,48,0,48,211
08/18/2001,OLM,WA,ANM,WE,Federal Contract Tower,0,2,32,0,34,0,0,122,2,124,0,2,154,2,158,80,0,80,238
08/19/2001,OLM,WA,ANM,WE,Federal Contract Tower,0,0,16,0,16,0,0,154,0,154,0,0,170,0,170,84,0,84,254
08/20/2001,OLM,WA,ANM,WE,Federal Contract Tower,0,2,32,0,34,0,0,136,12,148,0,2,168,12,182,158,0,158,340
08/21/2001,OLM,WA,ANM,WE,Federal Contract Tower,0,9,22,0,31,0,0,16,0,16,0,9,38,0,47,6,0,6,53
08/22/2001,OLM,WA,ANM,WE,Federal Contract Tower,0,11,28,0,39,0,0,6,0,6,0,11,34,0,45,16,0,16,61
08/23/2001,OLM,WA,ANM,WE,Federal Contract Tower,0,5,6,0,11,0,0,58,2,60,0,5,64,2,71,50,0,50,121
08/24/2001,OLM,WA,ANM,WE,Federal Contract Tower,0,5,45,0,50,0,1,105,4,110,0,6,150,4,160,74,0,74,234
08/25/2001,OLM,WA,ANM,WE,Federal Contract Tower,0,0,50,0,50,0,0,120,16,136,0,0,170,16,186,72,0,72,258
08/26/2001,OLM,WA,ANM,WE,Federal Contract Tower,0,2,16,0,18,0,2,156,0,158,0,4,172,0,176,142,0,142,318
08/27/2001,OLM,WA,ANM,WE,Federal Contract Tower,0,6,33,4,43,0,2,112,18,132,0,8,145,22,175,136,0,136,311
08/28/2001,OLM,WA,ANM,WE,Federal Contract Tower,0,5,46,4,55,0,0,147,22,169,0,5,193,26,224,128,0,128,352
08/29/2001,OLM,WA,ANM,WE,Federal Contract Tower,0,3,20,4,27,0,0,127,19,146,0,3,147,23,173,94,8,102,275
08/30/2001,OLM,WA,ANM,WE,Federal Contract Tower,0,4,27,7,38,0,1,170,19,190,0,5,197,26,228,52,0,52,280
08/31/2001,OLM,WA,ANM,WE,Federal Contract Tower,0,3,48,0,51,0,0,81,0,81,0,3,129,0,132,86,0,86,218
09/01/2001,OLM,WA,ANM,WE,Federal Contract Tower,0,0,39,0,39,0,0,61,0,61,0,0,100,0,100,116,0,116,216
09/02/2001,OLM,WA,ANM,WE,Federal Contract Tower,0,1,13,0,14,0,2,128,0,130,0,3,141,0,144,72,0,72,216
09/03/2001,OLM,WA,ANM,WE,Federal Contract Tower,0,2,44,0,46,0,0,67,0,67,0,2,111,0,113,68,0,68,181
09/04/2001,OLM,WA,ANM,WE,Federal Contract Tower,0,4,47,7,58,0,1,122,1,124,0,5,169,8,182,80,0,80,262
09/05/2001,OLM,WA,ANM,WE,Federal Contract Tower,0,5,24,1,30,0,2,98,1,101,0,7,122,2,131,74,0,74,205
09/06/2001,OLM,WA,ANM,WE,Federal Contract Tower,0,13,56,6,75,0,1,76,0,77,0,14,132,6,152,136,0,136,288
09/07/2001,OLM,WA,ANM,WE,Federal Contract Tower,0,17,42,2,61,0,0,111,2,113,0,17,153,4,174,78,0,78,252
09/08/2001,OLM,WA,ANM,WE,Federal Contract Tower,0,0,39,0,39,0,0,270,2,272,0,0,309,2,311,208,0,208,519
09/09/2001,OLM,WA,ANM,WE,Federal Contract Tower,0,0,32,2,34,0,0,199,4,203,0,0,231,6,237,66,0,66,303
09/10/2001,OLM,WA,ANM,WE,Federal Contract Tower,0,3,31,0,34,0,0,91,0,91,0,3,122,0,125,88,0,88,213
09/11/2001,OLM,WA,ANM,WE,Federal Contract Tower,0,0,6,2,8,0,0,1,0,1,0,0,7,2,9,0,0,0,9
09/12/2001,OLM,WA,ANM,WE,Federal Contract Tower,0,0,2,0,2,0,0,2,0,2,0,0,4,0,4,0,0,0,4
09/13/2001,OLM,WA,ANM,WE,Federal Contract Tower,0,0,6,0,6,0,0,2,8,10,0,0,8,8,16,0,0,0,16
09/14/2001,OLM,WA,ANM,WE,Federal Contract Tower,0,0,6,0,6,0,1,0,2,3,0,1,6,2,9,0,0,0,9
09/15/2001,OLM,WA,ANM,WE,Federal Contract Tower,0,0,0,0,0,0,0,14,0,14,0,0,14,0,14,0,0,0,14
09/16/2001,OLM,WA,ANM,WE,Federal Contract Tower,0,0,22,0,22,0,2,0,0,2,0,2,22,0,24,0,0,0,24
09/17/2001,OLM,WA,ANM,WE,Federal Contract Tower,0,2,39,0,41,0,3,0,0,3,0,5,39,0,44,0,0,0,44
09/18/2001,OLM,WA,ANM,WE,Federal Contract Tower,0,5,27,0,32,0,0,4,0,4,0,5,31,0,36,0,0,0,36
09/19/2001,OLM,WA,ANM,WE,Federal Contract Tower,0,5,99,0,104,0,9,2,2,13,0,14,101,2,117,0,0,0,117
09/20/2001,OLM,WA,ANM,WE,Federal Contract Tower,0,8,46,0,54,0,5,50,2,57,0,13,96,2,111,0,0,0,111
09/21/2001,OLM,WA,ANM,WE,Federal Contract Tower,0,7,75,0,82,0,0,35,0,35,0,7,110,0,117,14,0,14,131
09/22/2001,OLM,WA,ANM,WE,Federal Contract Tower,0,0,66,0,66,0,0,79,0,79,0,0,145,0,145,44,0,44,189
09/23/2001,OLM,WA,ANM,WE,Federal Contract Tower,0,2,57,0,59,0,0,93,0,93,0,2,150,0,152,8,0,8,160
09/24/2001,OLM,WA,ANM,WE,Federal Contract Tower,0,3,45,0,48,0,0,69,0,69,0,3,114,0,117,134,0,134,251
09/25/2001,OLM,WA,ANM,WE,Federal Contract Tower,0,5,61,3,69,0,5,43,9,57,0,10,104,12,126,92,0,92,218
09/26/2001,OLM,WA,ANM,WE,Federal Contract Tower,0,4,37,0,41,0,3,39,4,46,0,7,76,4,87,44,0,44,131
09/27/2001,OLM,WA,ANM,WE,Federal Contract Tower,0,4,45,1,50,0,2,93,5,100,0,6,138,6,150,94,0,94,244
09/28/2001,OLM,WA,ANM,WE,Federal Contract Tower,0,8,86,1,95,0,0,79,7,86,0,8,165,8,181,110,0,110,291
09/29/2001,OLM,WA,ANM,WE,Federal Contract Tower,0,0,73,0,73,0,0,69,0,69,0,0,142,0,142,144,0,144,286
09/30/2001,OLM,WA,ANM,WE,Federal Contract Tower,0,3,48,0,51,0,0,108,0,108,0,3,156,0,159,86,0,86,245
10/01/2001,OLM,WA,ANM,WE,Federal Contract Tower,0,4,33,0,37,0,0,81,0,81,0,4,114,0,118,134,0,134,252
10/02/2001,OLM,WA,ANM,WE,Federal Contract Tower,0,5,38,2,45,0,0,63,0,63,0,5,101,2,108,125,0,125,233
10/03/2001,OLM,WA,ANM,WE,Federal Contract Tower,0,5,46,0,51,0,4,105,0,109,0,9,151,0,160,156,0,156,316
10/04/2001,OLM,WA,ANM,WE,Federal Contract Tower,0,6,38,1,45,0,2,96,1,99,0,8,134,2,144,68,0,68,212
10/05/2001,OLM,WA,ANM,WE,Federal Contract Tower,0,3,44,0,47,0,1,100,0,101,0,4,144,0,148,68,0,68,216
10/06/2001,OLM,WA,ANM,WE,Federal Contract Tower,0,0,20,0,20,0,0,51,0,51,0,0,71,0,71,66,0,66,137
10/07/2001,OLM,WA,ANM,WE,Federal Contract Tower,0,2,52,0,54,0,0,43,0,43,0,2,95,0,97,112,0,112,209
10/08/2001,OLM,WA,ANM,WE,Federal Contract Tower,0,3,33,0,36,0,0,57,0,57,0,3,90,0,93,56,0,56,149
10/09/2001,OLM,WA,ANM,WE,Federal Contract Tower,0,4,41,0,45,0,1,61,0,62,0,5,102,0,107,34,0,34,141
10/10/2001,OLM,WA,ANM,WE,Federal Contract Tower,0,3,6,2,11,0,4,9,2,15,0,7,15,4,26,0,0,0,26
10/11/2001,OLM,WA,ANM,WE,Federal Contract Tower,0,4,42,3,49,0,1,65,9,75,0,5,107,12,124,72,0,72,196
10/12/2001,OLM,WA,ANM,WE,Federal Contract Tower,0,5,22,0,27,0,0,4,2,6,0,5,26,2,33,12,0,12,45
10/13/2001,OLM,WA,ANM,WE,Federal Contract Tower,0,0,48,2,50,0,0,57,0,57,0,0,105,2,107,138,0,138,245
10/14/2001,OLM,WA,ANM,WE,Federal Contract Tower,0,0,26,4,30,0,0,40,4,44,0,0,66,8,74,128,0,128,202
10/15/2001,OLM,WA,ANM,WE,Federal Contract Tower,0,3,55,0,58,0,0,69,0,69,0,3,124,0,127,118,0,118,245
10/16/2001,OLM,WA,ANM,WE,Federal Contract Tower,0,5,39,6,50,0,0,16,0,16,0,5,55,6,66,80,0,80,146
10/17/2001,OLM,WA,ANM,WE,Federal Contract Tower,0,5,41,0,46,0,1,131,0,132,0,6,172,0,178,252,0,252,430
10/18/2001,OLM,WA,ANM,WE,Federal Contract Tower,0,5,36,0,41,0,1,40,8,49,0,6,76,8,90,44,6,50,140
10/19/2001,OLM,WA,ANM,WE,Federal Contract Tower,0,3,39,0,42,0,5,12,0,17,0,8,51,0,59,0,0,0,59
10/20/2001,OLM,WA,ANM,WE,Federal Contract Tower,0,2,39,0,41,0,1,67,0,68,0,3,106,0,109,202,0,202,311
10/21/2001,OLM,WA,ANM,WE,Federal Contract Tower,0,0,13,0,13,0,0,0,0,0,0,0,13,0,13,0,0,0,13
10/22/2001,OLM,WA,ANM,WE,Federal Contract Tower,0,3,21,0,24,0,1,3,0,4,0,4,24,0,28,10,0,10,38
10/23/2001,OLM,WA,ANM,WE,Federal Contract Tower,0,5,31,0,36,0,0,15,0,15,0,5,46,0,51,32,0,32,83
10/24/2001,OLM,WA,ANM,WE,Federal Contract Tower,0,3,10,0,13,0,3,50,10,63,0,6,60,10,76,0,0,0,76
10/25/2001,OLM,WA,ANM,WE,Federal Contract Tower,0,5,29,0,34,0,0,55,2,57,0,5,84,2,91,134,0,134,225
10/26/2001,OLM,WA,ANM,WE,Federal Contract Tower,0,2,44,2,48,0,0,49,2,51,0,2,93,4,99,134,0,134,233
10/27/2001,OLM,WA,ANM,WE,Federal Contract Tower,0,0,27,0,27,0,0,3,0,3,0,0,30,0,30,8,0,8,38
10/28/2001,OLM,WA,ANM,WE,Federal Contract Tower,0,0,61,0,61,0,0,164,0,164,0,0,225,0,225,182,0,182,407
10/29/2001,OLM,WA,ANM,WE,Federal Contract Tower,0,2,38,2,42,0,2,68,2,72,0,4,106,4,114,62,0,62,176
10/30/2001,OLM,WA,ANM,WE,Federal Contract Tower,0,5,43,0,48,0,0,0,0,0,0,5,43,0,48,0,0,0,48
10/31/2001,OLM,WA,ANM,WE,Federal Contract Tower,0,4,4,0,8,0,2,37,2,41,0,6,41,2,49,8,0,8,57
11/01/2001,OLM,WA,ANM,WE,Federal Contract Tower,0,3,51,2,56,0,0,12,0,12,0,3,63,2,68,104,0,104,172
11/02/2001,OLM,WA,ANM,WE,Federal Contract Tower,0,6,33,2,41,0,0,60,0,60,0,6,93,2,101,62,0,62,163
11/03/2001,OLM,WA,ANM,WE,Federal Contract Tower,0,0,41,2,43,0,0,3,0,3,0,0,44,2,46,0,0,0,46
11/04/2001,OLM,WA,ANM,WE,Federal Contract Tower,0,0,32,6,38,0,0,33,0,33,0,0,65,6,71,32,0,32,103
11/05/2001,OLM,WA,ANM,WE,Federal Contract Tower,0,5,30,0,35,0,0,57,0,57,0,5,87,0,92,140,0,140,232
11/06/2001,OLM,WA,ANM,WE,Federal Contract Tower,0,5,46,4,55,0,1,54,4,59,0,6,100,8,114,64,0,64,178
11/07/2001,OLM,WA,ANM,WE,Federal Contract Tower,0,4,21,2,27,0,0,143,3,146,0,4,164,5,173,174,0,174,347
11/08/2001,OLM,WA,ANM,WE,Federal Contract Tower,0,0,26,3,29,0,1,101,1,103,0,1,127,4,132,136,0,136,268
11/09/2001,OLM,WA,ANM,WE,Federal Contract Tower,0,2,21,0,23,0,1,119,0,120,0,3,140,0,143,116,0,116,259
11/10/2001,OLM,WA,ANM,WE,Federal Contract Tower,0,0,62,0,62,0,0,78,0,78,0,0,140,0,140,94,0,94,234
11/11/2001,OLM,WA,ANM,WE,Federal Contract Tower,0,0,20,0,20,0,0,40,0,40,0,0,60,0,60,94,0,94,154
11/12/2001,OLM,WA,ANM,WE,Federal Contract Tower,0,1,19,0,20,0,0,0,0,0,0,1,19,0,20,12,0,12,32
11/13/2001,OLM,WA,ANM,WE,Federal Contract Tower,0,0,16,1,17,0,0,13,7,20,0,0,29,8,37,16,0,16,53
11/14/2001,OLM,WA,ANM,WE,Federal Contract Tower,0,1,6,2,9,0,0,9,0,9,0,1,15,2,18,0,0,0,18
11/15/2001,OLM,WA,ANM,WE,Federal Contract Tower,0,5,29,1,35,0,1,7,1,9,0,6,36,2,44,4,0,4,48
11/16/2001,OLM,WA,ANM,WE,Federal Contract Tower,0,3,55,1,59,0,0,31,1,32,0,3,86,2,91,88,0,88,179
11/17/2001,OLM,WA,ANM,WE,Federal Contract Tower,0,0,31,0,31,0,0,179,0,179,0,0,210,0,210,292,0,292,502
11/18/2001,OLM,WA,ANM,WE,Federal Contract Tower,0,0,28,0,28,0,0,107,0,107,0,0,135,0,135,138,0,138,273
11/19/2001,OLM,WA,ANM,WE,Federal Contract Tower,0,5,26,2,33,0,0,6,0,6,0,5,32,2,39,0,0,0,39
11/20/2001,OLM,WA,ANM,WE,Federal Contract Tower,0,2,30,1,33,0,0,34,3,37,0,2,64,4,70,66,0,66,136
11/21/2001,OLM,WA,ANM,WE,Federal Contract Tower,0,5,34,3,42,0,0,24,3,27,0,5,58,6,69,44,0,44,113
11/22/2001,OLM,WA,ANM,WE,Federal Contract Tower,0,0,2,0,2,0,0,3,0,3,0,0,5,0,5,0,0,0,5
11/23/2001,OLM,WA,ANM,WE,Federal Contract Tower,0,4,38,1,43,0,0,87,3,90,0,4,125,4,133,152,0,152,285
11/24/2001,OLM,WA,ANM,WE,Federal Contract Tower,0,0,45,0,45,0,0,55,0,55,0,0,100,0,100,98,0,98,198
11/25/2001,OLM,WA,ANM,WE,Federal Contract Tower,0,1,31,0,32,0,0,15,0,15,0,1,46,0,47,44,0,44,91
11/26/2001,OLM,WA,ANM,WE,Federal Contract Tower,0,3,17,0,20,0,0,49,0,49,0,3,66,0,69,38,0,38,107
11/27/2001,OLM,WA,ANM,WE,Federal Contract Tower,0,5,29,1,35,0,0,83,3,86,0,5,112,4,121,114,0,114,235
11/28/2001,OLM,WA,ANM,WE,Federal Contract Tower,0,4,5,2,11,0,0,1,0,1,0,4,6,2,12,0,0,0,12
11/29/2001,OLM,WA,ANM,WE,Federal Contract Tower,0,5,26,5,36,0,0,25,1,26,0,5,51,6,62,114,0,114,176
11/30/2001,OLM,WA,ANM,WE,Federal Contract Tower,0,3,39,3,45,0,0,17,5,22,0,3,56,8,67,26,0,26,93
12/01/2001,OLM,WA,ANM,WE,Federal Contract Tower,0,0,3,0,3,0,0,1,2,3,0,0,4,2,6,0,0,0,6
12/02/2001,OLM,WA,ANM,WE,Federal Contract Tower,0,0,39,0,39,0,0,43,0,43,0,0,82,0,82,66,0,66,148
12/03/2001,OLM,WA,ANM,WE,Federal Contract Tower,0,3,16,0,19,0,0,86,0,86,0,3,102,0,105,138,0,138,243
12/04/2001,OLM,WA,ANM,WE,Federal Contract Tower,0,5,21,3,29,0,0,13,2,15,0,5,34,5,44,58,8,66,110
12/05/2001,OLM,WA,ANM,WE,Federal Contract Tower,0,5,31,0,36,0,0,31,2,33,0,5,62,2,69,86,0,86,155
12/06/2001,OLM,WA,ANM,WE,Federal Contract Tower,0,5,21,0,26,0,0,19,4,23,0,5,40,4,49,40,0,40,89
12/07/2001,OLM,WA,ANM,WE,Federal Contract Tower,0,4,41,0,45,0,1,93,0,94,0,5,134,0,139,126,0,126,265
12/08/2001,OLM,WA,ANM,WE,Federal Contract Tower,0,0,24,0,24,0,0,29,0,29,0,0,53,0,53,74,0,74,127
12/09/2001,OLM,WA,ANM,WE,Federal Contract Tower,0,0,52,0,52,0,0,119,0,119,0,0,171,0,171,176,0,176,347
12/10/2001,OLM,WA,ANM,WE,Federal Contract Tower,0,3,17,4,24,0,0,16,0,16,0,3,33,4,40,10,2,12,52
12/11/2001,OLM,WA,ANM,WE,Federal Contract Tower,0,2,13,0,15,0,1,5,4,10,0,3,18,4,25,8,0,8,33
12/12/2001,OLM,WA,ANM,WE,Federal Contract Tower,0,8,19,0,27,0,0,3,6,9,0,8,22,6,36,46,0,46,82
12/13/2001,OLM,WA,ANM,WE,Federal Contract Tower,0,5,10,0,15,0,0,1,0,1,0,5,11,0,16,0,0,0,16
12/14/2001,OLM,WA,ANM,WE,Federal Contract Tower,0,1,17,0,18,0,2,36,2,40,0,3,53,2,58,76,0,76,134
12/15/2001,OLM,WA,ANM,WE,Federal Contract Tower,0,0,10,0,10,0,0,16,4,20,0,0,26,4,30,14,0,14,44
12/16/2001,OLM,WA,ANM,WE,Federal Contract Tower,0,0,0,0,0,0,0,0,0,0,0,0,0,0,0,0,0,0,0
12/17/2001,OLM,WA,ANM,WE,Federal Contract Tower,0,4,56,0,60,0,1,82,4,87,0,5,138,4,147,186,0,186,333
12/18/2001,OLM,WA,ANM,WE,Federal Contract Tower,0,3,39,0,42,0,4,7,2,13,0,7,46,2,55,0,0,0,55
12/19/2001,OLM,WA,ANM,WE,Federal Contract Tower,0,1,26,2,29,0,0,6,2,8,0,1,32,4,37,0,0,0,37
12/20/2001,OLM,WA,ANM,WE,Federal Contract Tower,0,3,74,0,77,0,0,8,0,8,0,3,82,0,85,0,0,0,85
12/21/2001,OLM,WA,ANM,WE,Federal Contract Tower,0,5,45,0,50,0,0,62,0,62,0,5,107,0,112,116,0,116,228
12/22/2001,OLM,WA,ANM,WE,Federal Contract Tower,0,0,57,0,57,0,0,76,0,76,0,0,133,0,133,110,0,110,243
12/23/2001,OLM,WA,ANM,WE,Federal Contract Tower,0,0,24,0,24,0,0,112,0,112,0,0,136,0,136,166,0,166,302
12/24/2001,OLM,WA,ANM,WE,Federal Contract Tower,0,0,17,0,17,0,0,57,0,57,0,0,74,0,74,70,0,70,144
12/25/2001,OLM,WA,ANM,WE,Federal Contract Tower,0,0,12,0,12,0,0,22,0,22,0,0,34,0,34,18,0,18,52
12/26/2001,OLM,WA,ANM,WE,Federal Contract Tower,0,0,42,2,44,0,0,11,0,11,0,0,53,2,55,0,0,0,55
12/27/2001,OLM,WA,ANM,WE,Federal Contract Tower,0,0,62,0,62,0,0,108,0,108,0,0,170,0,170,88,0,88,258
12/28/2001,OLM,WA,ANM,WE,Federal Contract Tower,0,0,56,0,56,0,0,99,0,99,0,0,155,0,155,126,0,126,281
12/29/2001,OLM,WA,ANM,WE,Federal Contract Tower,0,0,30,0,30,0,0,14,0,14,0,0,44,0,44,58,0,58,102
12/30/2001,OLM,WA,ANM,WE,Federal Contract Tower,0,0,10,0,10,0,0,4,0,4,0,0,14,0,14,0,0,0,14
12/31/2001,OLM,WA,ANM,WE,Federal Contract Tower,0,0,45,0,45,0,0,40,0,40,0,0,85,0,85,78,0,78,163
01/01/2002,OLM,WA,ANM,WE,Federal Contract Tower,0,0,13,0,13,0,0,5,0,5,0,0,18,0,18,12,0,12,30
01/02/2002,OLM,WA,ANM,WE,Federal Contract Tower,0,0,41,0,41,0,0,94,8,102,0,0,135,8,143,56,0,56,199
01/03/2002,OLM,WA,ANM,WE,Federal Contract Tower,0,0,38,0,38,0,0,103,0,103,0,0,141,0,141,76,0,76,217
01/04/2002,OLM,WA,ANM,WE,Federal Contract Tower,0,0,39,4,43,0,0,80,2,82,0,0,119,6,125,76,0,76,201
01/05/2002,OLM,WA,ANM,WE,Federal Contract Tower,0,0,41,7,48,0,0,20,0,20,0,0,61,7,68,60,0,60,128
01/06/2002,OLM,WA,ANM,WE,Federal Contract Tower,0,0,12,0,12,0,0,0,0,0,0,0,12,0,12,0,0,0,12
01/07/2002,OLM,WA,ANM,WE,Federal Contract Tower,0,3,5,0,8,0,0,2,0,2,0,3,7,0,10,0,0,0,10
01/08/2002,OLM,WA,ANM,WE,Federal Contract Tower,0,5,37,0,42,0,0,27,3,30,0,5,64,3,72,16,0,16,88
01/09/2002,OLM,WA,ANM,WE,Federal Contract Tower,0,7,26,2,35,0,0,77,4,81,0,7,103,6,116,142,2,144,260
01/10/2002,OLM,WA,ANM,WE,Federal Contract Tower,0,5,66,4,75,0,0,62,0,62,0,5,128,4,137,164,0,164,301
01/11/2002,OLM,WA,ANM,WE,Federal Contract Tower,0,3,41,0,44,0,0,80,4,84,0,3,121,4,128,130,0,130,258
01/12/2002,OLM,WA,ANM,WE,Federal Contract Tower,0,0,10,2,12,0,0,22,0,22,0,0,32,2,34,10,0,10,44
01/13/2002,OLM,WA,ANM,WE,Federal Contract Tower,0,0,56,0,56,0,0,82,0,82,0,0,138,0,138,182,0,182,320
01/14/2002,OLM,WA,ANM,WE,Federal Contract Tower,0,3,32,0,35,0,0,47,6,53,0,3,79,6,88,94,0,94,182
01/15/2002,OLM,WA,ANM,WE,Federal Contract Tower,0,5,41,0,46,0,0,79,0,79,0,5,120,0,125,142,0,142,267
01/16/2002,OLM,WA,ANM,WE,Federal Contract Tower,0,8,32,2,42,0,0,6,2,8,0,8,38,4,50,0,0,0,50
01/17/2002,OLM,WA,ANM,WE,Federal Contract Tower,0,5,53,0,58,0,1,68,6,75,0,6,121,6,133,92,0,92,225
01/18/2002,OLM,WA,ANM,WE,Federal Contract Tower,0,4,20,5,29,0,0,6,1,7,0,4,26,6,36,14,0,14,50
01/19/2002,OLM,WA,ANM,WE,Federal Contract Tower,0,0,38,0,38,0,0,47,0,47,0,0,85,0,85,92,0,92,177
01/20/2002,OLM,WA,ANM,WE,Federal Contract Tower,0,0,2,0,2,0,0,16,0,16,0,0,18,0,18,28,0,28,46
01/21/2002,OLM,WA,ANM,WE,Federal Contract Tower,0,3,11,0,14,0,0,5,0,5,0,3,16,0,19,44,0,44,63
01/22/2002,OLM,WA,ANM,WE,Federal Contract Tower,0,5,21,2,28,0,0,28,0,28,0,5,49,2,56,82,0,82,138
01/23/2002,OLM,WA,ANM,WE,Federal Contract Tower,0,4,53,4,61,0,7,9,2,18,0,11,62,6,79,17,0,17,96
01/24/2002,OLM,WA,ANM,WE,Federal Contract Tower,0,5,12,0,17,0,2,3,2,7,0,7,15,2,24,0,0,0,24
01/25/2002,OLM,WA,ANM,WE,Federal Contract Tower,0,5,28,2,35,0,0,14,2,16,0,5,42,4,51,62,0,62,113
01/26/2002,OLM,WA,ANM,WE,Federal Contract Tower,0,0,17,0,17,0,0,40,0,40,0,0,57,0,57,90,0,90,147
01/27/2002,OLM,WA,ANM,WE,Federal Contract Tower,0,0,6,0,6,0,0,4,0,4,0,0,10,0,10,30,0,30,40
01/28/2002,OLM,WA,ANM,WE,Federal Contract Tower,0,3,41,0,44,0,0,69,0,69,0,3,110,0,113,298,0,298,411
01/29/2002,OLM,WA,ANM,WE,Federal Contract Tower,0,5,26,0,31,0,0,13,0,13,0,5,39,0,44,6,0,6,50
01/30/2002,OLM,WA,ANM,WE,Federal Contract Tower,0,5,14,3,22,0,0,18,9,27,0,5,32,12,49,78,0,78,127
01/31/2002,OLM,WA,ANM,WE,Federal Contract Tower,0,5,27,0,32,0,0,10,0,10,0,5,37,0,42,36,0,36,78
02/01/2002,OLM,WA,ANM,WE,Federal Contract Tower,0,4,43,2,49,0,10,74,0,84,0,14,117,2,133,116,0,116,249
02/02/2002,OLM,WA,ANM,WE,Federal Contract Tower,0,0,67,0,67,0,0,125,2,127,0,0,192,2,194,210,0,210,404
02/03/2002,OLM,WA,ANM,WE,Federal Contract Tower,0,0,25,0,25,0,0,68,10,78,0,0,93,10,103,246,0,246,349
02/04/2002,OLM,WA,ANM,WE,Federal Contract Tower,0,3,54,0,57,0,0,79,0,79,0,3,133,0,136,148,0,148,284
02/05/2002,OLM,WA,ANM,WE,Federal Contract Tower,0,6,65,0,71,0,0,0,2,2,0,6,65,2,73,16,0,16,89
02/06/2002,OLM,WA,ANM,WE,Federal Contract Tower,0,7,23,0,30,0,0,43,0,43,0,7,66,0,73,8,0,8,81
02/07/2002,OLM,WA,ANM,WE,Federal Contract Tower,0,5,64,0,69,0,0,34,2,36,0,5,98,2,105,42,0,42,147
02/08/2002,OLM,WA,ANM,WE,Federal Contract Tower,0,3,44,2,49,0,2,77,0,79,0,5,121,2,128,144,0,144,272
02/09/2002,OLM,WA,ANM,WE,Federal Contract Tower,0,1,55,0,56,0,1,170,0,171,0,2,225,0,227,240,0,240,467
02/10/2002,OLM,WA,ANM,WE,Federal Contract Tower,0,0,38,0,38,0,0,55,0,55,0,0,93,0,93,44,0,44,137
02/11/2002,OLM,WA,ANM,WE,Federal Contract Tower,0,2,43,0,45,0,0,72,0,72,0,2,115,0,117,92,0,92,209
02/12/2002,OLM,WA,ANM,WE,Federal Contract Tower,0,4,45,2,51,0,1,81,3,85,0,5,126,5,136,88,0,88,224
02/13/2002,OLM,WA,ANM,WE,Federal Contract Tower,0,5,60,0,65,0,0,61,2,63,0,5,121,2,128,182,0,182,310
02/14/2002,OLM,WA,ANM,WE,Federal Contract Tower,0,10,58,0,68,0,0,123,0,123,0,10,181,0,191,74,0,74,265
02/15/2002,OLM,WA,ANM,WE,Federal Contract Tower,0,3,65,0,68,0,0,111,0,111,0,3,176,0,179,52,0,52,231
02/16/2002,OLM,WA,ANM,WE,Federal Contract Tower,0,1,49,0,50,0,0,75,0,75,0,1,124,0,125,114,0,114,239
02/17/2002,OLM,WA,ANM,WE,Federal Contract Tower,0,0,42,0,42,0,0,23,0,23,0,0,65,0,65,24,0,24,89
02/18/2002,OLM,WA,ANM,WE,Federal Contract Tower,0,0,85,0,85,0,0,23,0,23,0,0,108,0,108,26,0,26,134
02/19/2002,OLM,WA,ANM,WE,Federal Contract Tower,0,2,35,0,37,0,3,7,0,10,0,5,42,0,47,14,0,14,61
02/20/2002,OLM,WA,ANM,WE,Federal Contract Tower,0,7,32,2,41,0,0,101,4,105,0,7,133,6,146,132,0,132,278
02/21/2002,OLM,WA,ANM,WE,Federal Contract Tower,0,5,12,0,17,0,0,9,0,9,0,5,21,0,26,24,0,24,50
02/22/2002,OLM,WA,ANM,WE,Federal Contract Tower,0,3,40,0,43,0,0,32,2,34,0,3,72,2,77,52,0,52,129
02/23/2002,OLM,WA,ANM,WE,Federal Contract Tower,0,0,17,0,17,0,0,1,0,1,0,0,18,0,18,0,0,0,18
02/24/2002,OLM,WA,ANM,WE,Federal Contract Tower,0,0,54,0,54,0,0,236,0,236,0,0,290,0,290,240,0,240,530
02/25/2002,OLM,WA,ANM,WE,Federal Contract Tower,0,3,33,0,36,0,0,128,0,128,0,3,161,0,164,80,0,80,244
02/26/2002,OLM,WA,ANM,WE,Federal Contract Tower,0,4,38,2,44,0,1,104,4,109,0,5,142,6,153,192,0,192,345
02/27/2002,OLM,WA,ANM,WE,Federal Contract Tower,0,5,37,1,43,0,0,82,3,85,0,5,119,4,128,114,0,114,242
02/28/2002,OLM,WA,ANM,WE,Federal Contract Tower,0,3,30,0,33,0,0,66,0,66,0,3,96,0,99,58,0,58,157
03/01/2002,OLM,WA,ANM,WE,Federal Contract Tower,0,3,35,0,38,0,0,129,2,131,0,3,164,2,169,134,0,134,303
03/02/2002,OLM,WA,ANM,WE,Federal Contract Tower,0,0,37,0,37,0,3,167,11,181,0,3,204,11,218,244,0,244,462
03/03/2002,OLM,WA,ANM,WE,Federal Contract Tower,0,0,38,0,38,0,1,130,3,134,0,1,168,3,172,240,0,240,412
03/04/2002,OLM,WA,ANM,WE,Federal Contract Tower,0,2,23,0,25,0,1,70,0,71,0,3,93,0,96,46,0,46,142
03/05/2002,OLM,WA,ANM,WE,Federal Contract Tower,0,4,30,0,34,0,1,37,0,38,0,5,67,0,72,84,0,84,156
03/06/2002,OLM,WA,ANM,WE,Federal Contract Tower,0,6,29,0,35,0,0,40,0,40,0,6,69,0,75,116,0,116,191
03/07/2002,OLM,WA,ANM,WE,Federal Contract Tower,0,6,10,0,16,0,0,9,0,9,0,6,19,0,25,4,0,4,29
03/08/2002,OLM,WA,ANM,WE,Federal Contract Tower,0,5,22,0,27,0,0,37,2,39,0,5,59,2,66,44,0,44,110
03/09/2002,OLM,WA,ANM,WE,Federal Contract Tower,0,0,54,0,54,0,2,33,0,35,0,2,87,0,89,88,0,88,177
03/10/2002,OLM,WA,ANM,WE,Federal Contract Tower,0,2,1,0,3,0,0,6,0,6,0,2,7,0,9,10,0,10,19
03/11/2002,OLM,WA,ANM,WE,Federal Contract Tower,0,3,10,2,15,0,0,5,0,5,0,3,15,2,20,4,0,4,24
03/12/2002,OLM,WA,ANM,WE,Federal Contract Tower,0,5,17,2,24,0,0,19,4,23,0,5,36,6,47,2,0,2,49
03/13/2002,OLM,WA,ANM,WE,Federal Contract Tower,0,7,47,2,56,0,0,5,0,5,0,7,52,2,61,42,0,42,103
03/14/2002,OLM,WA,ANM,WE,Federal Contract Tower,0,5,44,2,51,0,0,78,0,78,0,5,122,2,129,96,0,96,225
03/15/2002,OLM,WA,ANM,WE,Federal Contract Tower,0,3,24,0,27,0,1,23,4,28,0,4,47,4,55,92,0,92,147
03/16/2002,OLM,WA,ANM,WE,Federal Contract Tower,0,0,1,0,1,0,0,7,0,7,0,0,8,0,8,96,0,96,104
03/17/2002,OLM,WA,ANM,WE,Federal Contract Tower,0,0,36,0,36,0,0,90,0,90,0,0,126,0,126,186,0,186,312
03/18/2002,OLM,WA,ANM,WE,Federal Contract Tower,0,3,17,0,20,0,0,5,0,5,0,3,22,0,25,0,0,0,25
03/19/2002,OLM,WA,ANM,WE,Federal Contract Tower,0,5,26,0,31,0,0,1,0,1,0,5,27,0,32,48,0,48,80
03/20/2002,OLM,WA,ANM,WE,Federal Contract Tower,0,5,14,0,19,0,0,15,0,15,0,5,29,0,34,0,0,0,34
03/21/2002,OLM,WA,ANM,WE,Federal Contract Tower,0,5,63,0,68,0,0,105,4,109,0,5,168,4,177,146,0,146,323
03/22/2002,OLM,WA,ANM,WE,Federal Contract Tower,0,3,68,3,74,0,1,108,1,110,0,4,176,4,184,178,0,178,362
03/23/2002,OLM,WA,ANM,WE,Federal Contract Tower,0,0,38,0,38,0,0,107,4,111,0,0,145,4,149,210,0,210,359
03/24/2002,OLM,WA,ANM,WE,Federal Contract Tower,0,0,37,0,37,0,0,91,0,91,0,0,128,0,128,198,0,198,326
03/25/2002,OLM,WA,ANM,WE,Federal Contract Tower,1,6,58,0,65,0,0,93,0,93,1,6,151,0,158,104,0,104,262
03/26/2002,OLM,WA,ANM,WE,Federal Contract Tower,1,9,38,0,48,0,0,39,4,43,1,9,77,4,91,28,0,28,119
03/27/2002,OLM,WA,ANM,WE,Federal Contract Tower,0,5,29,2,36,0,0,53,0,53,0,5,82,2,89,92,0,92,181
03/28/2002,OLM,WA,ANM,WE,Federal Contract Tower,0,5,71,0,76,0,0,50,2,52,0,5,121,2,128,98,0,98,226
03/29/2002,OLM,WA,ANM,WE,Federal Contract Tower,0,2,49,0,51,0,3,85,4,92,0,5,134,4,143,162,0,162,305
03/30/2002,OLM,WA,ANM,WE,Federal Contract Tower,0,0,47,0,47,0,0,126,0,126,0,0,173,0,173,268,0,268,441
03/31/2002,OLM,WA,ANM,WE,Federal Contract Tower,0,0,16,0,16,0,0,99,0,99,0,0,115,0,115,54,0,54,169
04/01/2002,OLM,WA,ANM,WE,Federal Contract Tower,0,3,44,0,47,0,9,76,0,85,0,12,120,0,132,12,0,12,144
04/02/2002,OLM,WA,ANM,WE,Federal Contract Tower,0,7,49,0,56,0,0,95,2,97,0,7,144,2,153,141,0,141,294
04/03/2002,OLM,WA,ANM,WE,Federal Contract Tower,0,4,34,0,38,0,0,105,2,107,0,4,139,2,145,136,0,136,281
04/04/2002,OLM,WA,ANM,WE,Federal Contract Tower,0,5,58,0,63,0,0,88,2,90,0,5,146,2,153,154,0,154,307
04/05/2002,OLM,WA,ANM,WE,Federal Contract Tower,0,3,29,0,32,0,0,27,4,31,0,3,56,4,63,104,0,104,167
04/06/2002,OLM,WA,ANM,WE,Federal Contract Tower,0,0,22,0,22,0,4,41,4,49,0,4,63,4,71,170,0,170,241
04/07/2002,OLM,WA,ANM,WE,Federal Contract Tower,0,0,25,0,25,0,0,87,0,87,0,0,112,0,112,102,0,102,214
04/08/2002,OLM,WA,ANM,WE,Federal Contract Tower,0,2,42,0,44,0,0,59,0,59,0,2,101,0,103,32,0,32,135
04/09/2002,OLM,WA,ANM,WE,Federal Contract Tower,0,5,34,2,41,0,0,16,6,22,0,5,50,8,63,20,0,20,83
04/10/2002,OLM,WA,ANM,WE,Federal Contract Tower,0,5,44,0,49,0,0,29,2,31,0,5,73,2,80,16,0,16,96
04/11/2002,OLM,WA,ANM,WE,Federal Contract Tower,0,5,33,0,38,0,0,33,0,33,0,5,66,0,71,52,0,52,123
04/12/2002,OLM,WA,ANM,WE,Federal Contract Tower,0,3,59,0,62,0,1,65,2,68,0,4,124,2,130,56,0,56,186
04/13/2002,OLM,WA,ANM,WE,Federal Contract Tower,0,0,12,0,12,0,0,13,0,13,0,0,25,0,25,92,0,92,117
04/14/2002,OLM,WA,ANM,WE,Federal Contract Tower,0,0,2,0,2,0,0,13,0,13,0,0,15,0,15,16,0,16,31
04/15/2002,OLM,WA,ANM,WE,Federal Contract Tower,0,3,17,0,20,0,0,15,0,15,0,3,32,0,35,26,0,26,61
04/16/2002,OLM,WA,ANM,WE,Federal Contract Tower,0,7,26,0,33,0,0,21,2,23,0,7,47,2,56,32,0,32,88
04/17/2002,OLM,WA,ANM,WE,Federal Contract Tower,0,5,38,0,43,0,0,64,0,64,0,5,102,0,107,86,0,86,193
04/18/2002,OLM,WA,ANM,WE,Federal Contract Tower,0,7,46,0,53,0,0,123,2,125,0,7,169,2,178,172,0,172,350
04/19/2002,OLM,WA,ANM,WE,Federal Contract Tower,0,3,54,0,57,0,0,70,0,70,0,3,124,0,127,112,0,112,239
04/20/2002,OLM,WA,ANM,WE,Federal Contract Tower,0,0,67,0,67,0,0,100,2,102,0,0,167,2,169,230,0,230,399
04/21/2002,OLM,WA,ANM,WE,Federal Contract Tower,0,0,30,0,30,0,0,62,0,62,0,0,92,0,92,176,0,176,268
04/22/2002,OLM,WA,ANM,WE,Federal Contract Tower,0,3,14,0,17,0,0,36,0,36,0,3,50,0,53,30,0,30,83
04/23/2002,OLM,WA,ANM,WE,Federal Contract Tower,0,5,36,6,47,0,0,106,6,112,0,5,142,12,159,148,0,148,307
04/24/2002,OLM,WA,ANM,WE,Federal Contract Tower,0,5,74,0,79,0,0,152,2,154,0,5,226,2,233,290,0,290,523
04/25/2002,OLM,WA,ANM,WE,Federal Contract Tower,0,5,32,2,39,0,0,100,0,100,0,5,132,2,139,196,0,196,335
04/26/2002,OLM,WA,ANM,WE,Federal Contract Tower,0,2,59,0,61,0,1,28,0,29,0,3,87,0,90,126,0,126,216
04/27/2002,OLM,WA,ANM,WE,Federal Contract Tower,0,0,35,0,35,0,0,22,0,22,0,0,57,0,57,78,0,78,135
04/28/2002,OLM,WA,ANM,WE,Federal Contract Tower,0,0,48,0,48,0,0,160,0,160,0,0,208,0,208,198,0,198,406
04/29/2002,OLM,WA,ANM,WE,Federal Contract Tower,0,3,75,0,78,0,0,86,0,86,0,3,161,0,164,96,0,96,260
04/30/2002,OLM,WA,ANM,WE,Federal Contract Tower,0,5,41,2,48,0,0,73,2,75,0,5,114,4,123,88,0,88,211
05/01/2002,OLM,WA,ANM,WE,Federal Contract Tower,0,4,31,0,35,0,1,71,4,76,0,5,102,4,111,96,0,96,207
05/02/2002,OLM,WA,ANM,WE,Federal Contract Tower,0,5,51,0,56,0,0,36,0,36,0,5,87,0,92,20,0,20,112
05/03/2002,OLM,WA,ANM,WE,Federal Contract Tower,0,3,39,0,42,0,0,66,0,66,0,3,105,0,108,92,0,92,200
05/04/2002,OLM,WA,ANM,WE,Federal Contract Tower,0,2,51,0,53,0,8,65,2,75,0,10,116,2,128,106,0,106,234
05/05/2002,OLM,WA,ANM,WE,Federal Contract Tower,0,2,9,2,13,0,0,21,0,21,0,2,30,2,34,42,0,42,76
05/06/2002,OLM,WA,ANM,WE,Federal Contract Tower,0,3,37,0,40,0,0,32,0,32,0,3,69,0,72,80,0,80,152
05/07/2002,OLM,WA,ANM,WE,Federal Contract Tower,0,6,43,0,49,0,1,93,4,98,0,7,136,4,147,92,0,92,239
05/08/2002,OLM,WA,ANM,WE,Federal Contract Tower,0,5,59,4,68,0,1,122,2,125,0,6,181,6,193,158,0,158,351
05/09/2002,OLM,WA,ANM,WE,Federal Contract Tower,0,1,45,0,46,0,3,95,0,98,0,4,140,0,144,178,0,178,322
05/10/2002,OLM,WA,ANM,WE,Federal Contract Tower,0,3,34,0,37,0,0,107,2,109,0,3,141,2,146,164,0,164,310
05/11/2002,OLM,WA,ANM,WE,Federal Contract Tower,0,0,48,0,48,0,0,138,0,138,0,0,186,0,186,290,0,290,476
05/12/2002,OLM,WA,ANM,WE,Federal Contract Tower,0,0,27,0,27,0,0,169,0,169,0,0,196,0,196,230,0,230,426
05/13/2002,OLM,WA,ANM,WE,Federal Contract Tower,0,3,29,0,32,0,0,36,0,36,0,3,65,0,68,34,0,34,102
05/14/2002,OLM,WA,ANM,WE,Federal Contract Tower,0,5,32,2,39,0,0,61,0,61,0,5,93,2,100,136,0,136,236
05/15/2002,OLM,WA,ANM,WE,Federal Contract Tower,0,6,34,2,42,0,1,114,0,115,0,7,148,2,157,256,0,256,413
05/16/2002,OLM,WA,ANM,WE,Federal Contract Tower,0,4,33,0,37,0,1,116,0,117,0,5,149,0,154,152,0,152,306
05/17/2002,OLM,WA,ANM,WE,Federal Contract Tower,0,7,42,0,49,0,0,97,0,97,0,7,139,0,146,122,0,122,268
05/18/2002,OLM,WA,ANM,WE,Federal Contract Tower,0,0,17,2,19,0,0,94,0,94,0,0,111,2,113,252,4,256,369
05/19/2002,OLM,WA,ANM,WE,Federal Contract Tower,0,0,36,0,36,0,0,81,0,81,0,0,117,0,117,134,0,134,251
05/20/2002,OLM,WA,ANM,WE,Federal Contract Tower,0,3,53,0,56,0,0,76,0,76,0,3,129,0,132,170,0,170,302
05/21/2002,OLM,WA,ANM,WE,Federal Contract Tower,0,4,36,0,40,0,0,44,0,44,0,4,80,0,84,28,0,28,112
05/22/2002,OLM,WA,ANM,WE,Federal Contract Tower,0,5,35,0,40,0,0,87,4,91,0,5,122,4,131,210,0,210,341
05/23/2002,OLM,WA,ANM,WE,Federal Contract Tower,0,4,49,4,57,0,1,94,0,95,0,5,143,4,152,228,0,228,380
05/24/2002,OLM,WA,ANM,WE,Federal Contract Tower,0,5,26,0,31,0,4,160,0,164,0,9,186,0,195,156,0,156,351
05/25/2002,OLM,WA,ANM,WE,Federal Contract Tower,0,1,23,0,24,0,0,103,0,103,0,1,126,0,127,192,0,192,319
05/26/2002,OLM,WA,ANM,WE,Federal Contract Tower,0,0,22,0,22,0,0,79,0,79,0,0,101,0,101,170,0,170,271
05/27/2002,OLM,WA,ANM,WE,Federal Contract Tower,0,0,29,0,29,0,0,80,0,80,0,0,109,0,109,48,0,48,157
05/28/2002,OLM,WA,ANM,WE,Federal Contract Tower,0,5,43,4,52,0,0,43,0,43,0,5,86,4,95,44,0,44,139
05/29/2002,OLM,WA,ANM,WE,Federal Contract Tower,0,9,63,0,72,0,3,67,0,70,0,12,130,0,142,158,0,158,300
05/30/2002,OLM,WA,ANM,WE,Federal Contract Tower,0,6,44,2,52,0,1,69,2,72,0,7,113,4,124,124,0,124,248
05/31/2002,OLM,WA,ANM,WE,Federal Contract Tower,0,6,29,0,35,0,2,129,0,131,0,8,158,0,166,154,0,154,320
06/01/2002,OLM,WA,ANM,WE,Federal Contract Tower,0,0,27,0,27,0,0,150,0,150,0,0,177,0,177,96,0,96,273
06/02/2002,OLM,WA,ANM,WE,Federal Contract Tower,0,0,30,1,31,0,0,114,1,115,0,0,144,2,146,142,0,142,288
06/03/2002,OLM,WA,ANM,WE,Federal Contract Tower,0,2,37,0,39,0,4,83,0,87,0,6,120,0,126,169,0,169,295
06/04/2002,OLM,WA,ANM,WE,Federal Contract Tower,0,5,62,4,71,0,0,52,0,52,0,5,114,4,123,198,0,198,321
06/05/2002,OLM,WA,ANM,WE,Federal Contract Tower,0,5,28,0,33,0,0,35,0,35,0,5,63,0,68,58,0,58,126
06/06/2002,OLM,WA,ANM,WE,Federal Contract Tower,0,7,32,0,39,0,4,81,2,87,0,11,113,2,126,228,10,238,364
06/07/2002,OLM,WA,ANM,WE,Federal Contract Tower,0,3,32,0,35,0,1,64,0,65,0,4,96,0,100,92,0,92,192
06/08/2002,OLM,WA,ANM,WE,Federal Contract Tower,0,3,28,0,31,0,5,90,0,95,0,8,118,0,126,224,0,224,350
06/09/2002,OLM,WA,ANM,WE,Federal Contract Tower,0,0,14,0,14,0,0,175,0,175,0,0,189,0,189,312,0,312,501
06/10/2002,OLM,WA,ANM,WE,Federal Contract Tower,0,3,33,0,36,0,0,122,2,124,0,3,155,2,160,218,0,218,378
06/11/2002,OLM,WA,ANM,WE,Federal Contract Tower,0,5,58,0,63,0,0,130,4,134,0,5,188,4,197,177,0,177,374
06/12/2002,OLM,WA,ANM,WE,Federal Contract Tower,0,5,38,0,43,0,1,130,0,131,0,6,168,0,174,126,0,126,300
06/13/2002,OLM,WA,ANM,WE,Federal Contract Tower,0,4,41,4,49,0,2,126,4,132,0,6,167,8,181,147,0,147,328
06/14/2002,OLM,WA,ANM,WE,Federal Contract Tower,0,5,31,0,36,0,1,176,2,179,0,6,207,2,215,220,0,220,435
06/15/2002,OLM,WA,ANM,WE,Federal Contract Tower,0,0,20,0,20,0,0,836,0,836,0,0,856,0,856,418,0,418,1274
06/16/2002,OLM,WA,ANM,WE,Federal Contract Tower,0,0,17,0,17,0,0,235,0,235,0,0,252,0,252,374,0,374,626
06/17/2002,OLM,WA,ANM,WE,Federal Contract Tower,0,3,40,0,43,0,0,19,0,19,0,3,59,0,62,0,0,0,62
06/18/2002,OLM,WA,ANM,WE,Federal Contract Tower,0,5,23,0,28,0,0,45,0,45,0,5,68,0,73,68,0,68,141
06/19/2002,OLM,WA,ANM,WE,Federal Contract Tower,0,7,46,0,53,0,0,91,0,91,0,7,137,0,144,110,0,110,254
06/20/2002,OLM,WA,ANM,WE,Federal Contract Tower,0,3,60,2,65,0,1,78,0,79,0,4,138,2,144,195,0,195,339
06/21/2002,OLM,WA,ANM,WE,Federal Contract Tower,0,3,67,0,70,0,0,154,0,154,0,3,221,0,224,192,0,192,416
06/22/2002,OLM,WA,ANM,WE,Federal Contract Tower,0,4,33,0,37,0,0,138,0,138,0,4,171,0,175,138,0,138,313
06/23/2002,OLM,WA,ANM,WE,Federal Contract Tower,0,0,32,0,32,0,0,97,0,97,0,0,129,0,129,82,0,82,211
06/24/2002,OLM,WA,ANM,WE,Federal Contract Tower,0,7,30,0,37,0,0,135,0,135,0,7,165,0,172,136,0,136,308
06/25/2002,OLM,WA,ANM,WE,Federal Contract Tower,0,4,21,4,29,0,3,136,2,141,0,7,157,6,170,154,0,154,324
06/26/2002,OLM,WA,ANM,WE,Federal Contract Tower,0,5,33,0,38,0,0,118,3,121,0,5,151,3,159,132,0,132,291
06/27/2002,OLM,WA,ANM,WE,Federal Contract Tower,0,5,36,0,41,0,0,30,0,30,0,5,66,0,71,66,0,66,137
06/28/2002,OLM,WA,ANM,WE,Federal Contract Tower,0,3,53,0,56,0,0,20,0,20,0,3,73,0,76,0,0,0,76
06/29/2002,OLM,WA,ANM,WE,Federal Contract Tower,0,0,29,0,29,0,4,140,0,144,0,4,169,0,173,174,0,174,347
06/30/2002,OLM,WA,ANM,WE,Federal Contract Tower,0,1,18,0,19,0,2,117,0,119,0,3,135,0,138,142,0,142,280
07/01/2002,OLM,WA,ANM,WE,Federal Contract Tower,0,4,32,0,36,0,0,103,0,103,0,4,135,0,139,134,0,134,273
07/02/2002,OLM,WA,ANM,WE,Federal Contract Tower,0,5,35,0,40,0,0,93,0,93,0,5,128,0,133,158,0,158,291
07/03/2002,OLM,WA,ANM,WE,Federal Contract Tower,0,4,30,0,34,0,1,123,0,124,0,5,153,0,158,276,0,276,434
07/04/2002,OLM,WA,ANM,WE,Federal Contract Tower,0,0,3,0,3,0,0,58,0,58,0,0,61,0,61,50,0,50,111
07/05/2002,OLM,WA,ANM,WE,Federal Contract Tower,0,0,14,0,14,0,0,103,0,103,0,0,117,0,117,126,0,126,243
07/06/2002,OLM,WA,ANM,WE,Federal Contract Tower,0,0,29,0,29,0,0,134,0,134,0,0,163,0,163,172,0,172,335
07/07/2002,OLM,WA,ANM,WE,Federal Contract Tower,0,1,5,1,7,0,1,78,1,80,0,2,83,2,87,118,0,118,205
07/08/2002,OLM,WA,ANM,WE,Federal Contract Tower,0,3,22,0,25,0,0,86,0,86,0,3,108,0,111,122,0,122,233
07/09/2002,OLM,WA,ANM,WE,Federal Contract Tower,0,6,11,1,18,0,0,143,1,144,0,6,154,2,162,158,0,158,320
07/10/2002,OLM,WA,ANM,WE,Federal Contract Tower,0,7,33,0,40,0,2,163,2,167,0,9,196,2,207,202,0,202,409
07/11/2002,OLM,WA,ANM,WE,Federal Contract Tower,0,5,42,2,49,0,0,105,0,105,0,5,147,2,154,200,0,200,354
07/12/2002,OLM,WA,ANM,WE,Federal Contract Tower,0,2,29,0,31,0,1,185,2,188,0,3,214,2,219,164,0,164,383
07/13/2002,OLM,WA,ANM,WE,Federal Contract Tower,0,0,48,0,48,0,0,126,4,130,0,0,174,4,178,162,0,162,340
07/14/2002,OLM,WA,ANM,WE,Federal Contract Tower,0,0,18,0,18,0,0,122,0,122,0,0,140,0,140,94,0,94,234
07/15/2002,OLM,WA,ANM,WE,Federal Contract Tower,0,3,47,0,50,0,0,132,2,134,0,3,179,2,184,206,0,206,390
07/16/2002,OLM,WA,ANM,WE,Federal Contract Tower,0,5,42,0,47,0,0,118,0,118,0,5,160,0,165,164,0,164,329
07/17/2002,OLM,WA,ANM,WE,Federal Contract Tower,0,5,54,0,59,0,0,106,6,112,0,5,160,6,171,117,0,117,288
07/18/2002,OLM,WA,ANM,WE,Federal Contract Tower,0,3,62,2,67,0,1,63,5,69,0,4,125,7,136,141,0,141,277
07/19/2002,OLM,WA,ANM,WE,Federal Contract Tower,0,3,42,0,45,0,0,160,0,160,0,3,202,0,205,72,0,72,277
07/20/2002,OLM,WA,ANM,WE,Federal Contract Tower,0,0,36,0,36,0,0,93,4,97,0,0,129,4,133,98,0,98,231
07/21/2002,OLM,WA,ANM,WE,Federal Contract Tower,0,0,12,0,12,0,0,153,2,155,0,0,165,2,167,206,0,206,373
07/22/2002,OLM,WA,ANM,WE,Federal Contract Tower,0,3,26,7,36,0,0,124,4,128,0,3,150,11,164,158,0,158,322
07/23/2002,OLM,WA,ANM,WE,Federal Contract Tower,0,2,24,0,26,0,5,87,7,99,0,7,111,7,125,164,0,164,289
07/24/2002,OLM,WA,ANM,WE,Federal Contract Tower,0,5,46,0,51,0,0,87,0,87,0,5,133,0,138,98,0,98,236
07/25/2002,OLM,WA,ANM,WE,Federal Contract Tower,0,5,48,0,53,0,0,80,2,82,0,5,128,2,135,88,0,88,223
07/26/2002,OLM,WA,ANM,WE,Federal Contract Tower,0,5,32,0,37,0,2,94,0,96,0,7,126,0,133,194,0,194,327
07/27/2002,OLM,WA,ANM,WE,Federal Contract Tower,0,0,46,5,51,0,0,123,0,123,0,0,169,5,174,134,0,134,308
07/28/2002,OLM,WA,ANM,WE,Federal Contract Tower,0,0,26,5,31,0,0,76,0,76,0,0,102,5,107,192,0,192,299
07/29/2002,OLM,WA,ANM,WE,Federal Contract Tower,0,5,20,2,27,0,0,98,0,98,0,5,118,2,125,78,0,78,203
07/30/2002,OLM,WA,ANM,WE,Federal Contract Tower,0,4,26,0,30,0,1,81,4,86,0,5,107,4,116,80,0,80,196
07/31/2002,OLM,WA,ANM,WE,Federal Contract Tower,0,7,17,0,24,0,0,118,0,118,0,7,135,0,142,110,0,110,252
08/01/2002,OLM,WA,ANM,WE,Federal Contract Tower,0,5,18,0,23,0,2,130,0,132,0,7,148,0,155,112,0,112,267
08/02/2002,OLM,WA,ANM,WE,Federal Contract Tower,0,5,54,0,59,0,1,103,2,106,0,6,157,2,165,182,0,182,347
08/03/2002,OLM,WA,ANM,WE,Federal Contract Tower,0,1,35,0,36,0,0,122,4,126,0,1,157,4,162,132,0,132,294
08/04/2002,OLM,WA,ANM,WE,Federal Contract Tower,0,1,29,0,30,0,0,60,6,66,0,1,89,6,96,138,0,138,234
08/05/2002,OLM,WA,ANM,WE,Federal Contract Tower,0,3,37,2,42,0,0,85,0,85,0,3,122,2,127,112,0,112,239
08/06/2002,OLM,WA,ANM,WE,Federal Contract Tower,0,5,63,0,68,0,0,61,0,61,0,5,124,0,129,122,0,122,251
08/07/2002,OLM,WA,ANM,WE,Federal Contract Tower,0,10,44,0,54,0,0,96,2,98,0,10,140,2,152,164,0,164,316
08/08/2002,OLM,WA,ANM,WE,Federal Contract Tower,0,3,38,0,41,0,11,106,0,117,0,14,144,0,158,160,0,160,318
08/09/2002,OLM,WA,ANM,WE,Federal Contract Tower,0,1,29,2,32,0,2,152,0,154,0,3,181,2,186,226,0,226,412
08/10/2002,OLM,WA,ANM,WE,Federal Contract Tower,0,0,28,0,28,0,0,100,0,100,0,0,128,0,128,136,0,136,264
08/11/2002,OLM,WA,ANM,WE,Federal Contract Tower,0,0,13,0,13,0,0,134,2,136,0,0,147,2,149,152,0,152,301
08/12/2002,OLM,WA,ANM,WE,Federal Contract Tower,0,3,30,0,33,0,1,156,0,157,0,4,186,0,190,136,0,136,326
08/13/2002,OLM,WA,ANM,WE,Federal Contract Tower,0,4,41,0,45,0,1,109,0,110,0,5,150,0,155,202,0,202,357
08/14/2002,OLM,WA,ANM,WE,Federal Contract Tower,0,5,26,0,31,0,0,125,3,128,0,5,151,3,159,126,0,126,285
08/15/2002,OLM,WA,ANM,WE,Federal Contract Tower,0,4,45,4,53,0,0,77,2,79,0,4,122,6,132,150,0,150,282
08/16/2002,OLM,WA,ANM,WE,Federal Contract Tower,0,0,39,0,39,0,0,140,0,140,0,0,179,0,179,202,0,202,381
08/17/2002,OLM,WA,ANM,WE,Federal Contract Tower,0,2,15,0,17,0,2,146,4,152,0,4,161,4,169,182,0,182,351
08/18/2002,OLM,WA,ANM,WE,Federal Contract Tower,0,0,16,0,16,0,0,130,0,130,0,0,146,0,146,104,0,104,250
08/19/2002,OLM,WA,ANM,WE,Federal Contract Tower,0,3,44,0,47,0,0,99,0,99,0,3,143,0,146,214,0,214,360
08/20/2002,OLM,WA,ANM,WE,Federal Contract Tower,0,4,34,0,38,0,1,89,2,92,0,5,123,2,130,132,0,132,262
08/21/2002,OLM,WA,ANM,WE,Federal Contract Tower,0,7,44,0,51,0,1,85,0,86,0,8,129,0,137,128,0,128,265
08/22/2002,OLM,WA,ANM,WE,Federal Contract Tower,0,3,45,0,48,0,2,101,0,103,0,5,146,0,151,100,0,100,251
08/23/2002,OLM,WA,ANM,WE,Federal Contract Tower,0,2,25,0,27,0,0,108,0,108,0,2,133,0,135,212,0,212,347
08/24/2002,OLM,WA,ANM,WE,Federal Contract Tower,0,0,36,0,36,0,0,119,0,119,0,0,155,0,155,182,0,182,337
08/25/2002,OLM,WA,ANM,WE,Federal Contract Tower,0,0,19,0,19,0,0,79,2,81,0,0,98,2,100,150,0,150,250
08/26/2002,OLM,WA,ANM,WE,Federal Contract Tower,0,2,34,0,36,0,1,109,2,112,0,3,143,2,148,158,0,158,306
08/27/2002,OLM,WA,ANM,WE,Federal Contract Tower,0,6,43,4,53,0,0,115,0,115,0,6,158,4,168,165,0,165,333
08/28/2002,OLM,WA,ANM,WE,Federal Contract Tower,0,3,39,6,48,0,3,144,0,147,0,6,183,6,195,114,0,114,309
08/29/2002,OLM,WA,ANM,WE,Federal Contract Tower,0,0,45,0,45,0,0,102,0,102,0,0,147,0,147,100,0,100,247
08/30/2002,OLM,WA,ANM,WE,Federal Contract Tower,0,0,13,0,13,0,0,105,0,105,0,0,118,0,118,106,0,106,224
08/31/2002,OLM,WA,ANM,WE,Federal Contract Tower,0,0,13,0,13,0,0,139,0,139,0,0,152,0,152,114,0,114,266
09/01/2002,OLM,WA,ANM,WE,Federal Contract Tower,0,2,13,0,15,0,0,87,0,87,0,2,100,0,102,62,0,62,164
09/02/2002,OLM,WA,ANM,WE,Federal Contract Tower,0,0,13,0,13,0,0,92,0,92,0,0,105,0,105,106,0,106,211
09/03/2002,OLM,WA,ANM,WE,Federal Contract Tower,0,1,23,2,26,0,1,79,0,80,0,2,102,2,106,58,0,58,164
09/04/2002,OLM,WA,ANM,WE,Federal Contract Tower,0,0,48,0,48,0,0,107,0,107,0,0,155,0,155,160,0,160,315
09/05/2002,OLM,WA,ANM,WE,Federal Contract Tower,0,3,39,0,42,0,2,95,0,97,0,5,134,0,139,104,0,104,243
09/06/2002,OLM,WA,ANM,WE,Federal Contract Tower,0,3,27,0,30,0,1,64,0,65,0,4,91,0,95,138,0,138,233
09/07/2002,OLM,WA,ANM,WE,Federal Contract Tower,0,0,22,0,22,0,0,133,6,139,0,0,155,6,161,178,0,178,339
09/08/2002,OLM,WA,ANM,WE,Federal Contract Tower,0,0,41,0,41,0,0,74,0,74,0,0,115,0,115,64,0,64,179
09/09/2002,OLM,WA,ANM,WE,Federal Contract Tower,0,3,32,0,35,0,0,172,8,180,0,3,204,8,215,212,0,212,427
09/10/2002,OLM,WA,ANM,WE,Federal Contract Tower,0,6,45,0,51,0,1,158,0,159,0,7,203,0,210,170,0,170,380
09/11/2002,OLM,WA,ANM,WE,Federal Contract Tower,0,5,41,0,46,0,0,93,0,93,0,5,134,0,139,250,0,250,389
09/12/2002,OLM,WA,ANM,WE,Federal Contract Tower,0,7,54,0,61,0,2,136,0,138,0,9,190,0,199,148,0,148,347
09/13/2002,OLM,WA,ANM,WE,Federal Contract Tower,0,5,35,0,40,0,0,142,0,142,0,5,177,0,182,194,0,194,376
09/14/2002,OLM,WA,ANM,WE,Federal Contract Tower,0,2,29,0,31,0,7,129,0,136,0,9,158,0,167,192,0,192,359
09/15/2002,OLM,WA,ANM,WE,Federal Contract Tower,0,0,9,0,9,0,0,54,8,62,0,0,63,8,71,91,0,91,162
09/16/2002,OLM,WA,ANM,WE,Federal Contract Tower,0,3,31,2,36,0,0,30,0,30,0,3,61,2,66,104,0,104,170
09/17/2002,OLM,WA,ANM,WE,Federal Contract Tower,0,4,47,2,53,0,1,116,4,121,0,5,163,6,174,244,0,244,418
09/18/2002,OLM,WA,ANM,WE,Federal Contract Tower,0,5,20,2,27,0,0,140,8,148,0,5,160,10,175,260,0,260,435
09/19/2002,OLM,WA,ANM,WE,Federal Contract Tower,0,5,42,0,47,0,0,59,2,61,0,5,101,2,108,88,0,88,196
09/20/2002,OLM,WA,ANM,WE,Federal Contract Tower,0,2,51,2,55,0,1,130,0,131,0,3,181,2,186,218,0,218,404
09/21/2002,OLM,WA,ANM,WE,Federal Contract Tower,0,0,18,0,18,0,0,139,0,139,0,0,157,0,157,78,0,78,235
09/22/2002,OLM,WA,ANM,WE,Federal Contract Tower,0,0,44,0,44,0,0,140,8,148,0,0,184,8,192,184,0,184,376
09/23/2002,OLM,WA,ANM,WE,Federal Contract Tower,0,2,15,0,17,0,1,118,4,123,0,3,133,4,140,124,0,124,264
09/24/2002,OLM,WA,ANM,WE,Federal Contract Tower,0,5,68,2,75,0,0,105,0,105,0,5,173,2,180,128,0,128,308
09/25/2002,OLM,WA,ANM,WE,Federal Contract Tower,0,6,16,0,22,0,0,109,2,111,0,6,125,2,133,154,0,154,287
09/26/2002,OLM,WA,ANM,WE,Federal Contract Tower,0,4,36,2,42,0,1,118,0,119,0,5,154,2,161,120,0,120,281
09/27/2002,OLM,WA,ANM,WE,Federal Contract Tower,0,3,33,0,36,0,0,124,0,124,0,3,157,0,160,218,0,218,378
09/28/2002,OLM,WA,ANM,WE,Federal Contract Tower,0,0,38,0,38,0,0,137,0,137,0,0,175,0,175,72,0,72,247
09/29/2002,OLM,WA,ANM,WE,Federal Contract Tower,0,0,31,0,31,0,0,63,0,63,0,0,94,0,94,48,0,48,142
09/30/2002,OLM,WA,ANM,WE,Federal Contract Tower,0,9,25,2,36,0,1,81,1,83,0,10,106,3,119,108,0,108,227
10/01/2002,OLM,WA,ANM,WE,Federal Contract Tower,0,4,16,0,20,0,0,91,4,95,0,4,107,4,115,208,0,208,323
10/02/2002,OLM,WA,ANM,WE,Federal Contract Tower,0,8,54,0,62,0,1,100,0,101,0,9,154,0,163,238,0,238,401
10/03/2002,OLM,WA,ANM,WE,Federal Contract Tower,0,6,47,0,53,0,0,0,0,0,0,6,47,0,53,0,0,0,53
10/04/2002,OLM,WA,ANM,WE,Federal Contract Tower,0,3,38,0,41,0,0,38,0,38,0,3,76,0,79,110,0,110,189
10/05/2002,OLM,WA,ANM,WE,Federal Contract Tower,0,0,29,4,33,0,0,40,3,43,0,0,69,7,76,44,0,44,120
10/06/2002,OLM,WA,ANM,WE,Federal Contract Tower,0,0,14,1,15,0,0,77,2,79,0,0,91,3,94,114,0,114,208
10/07/2002,OLM,WA,ANM,WE,Federal Contract Tower,0,3,33,0,36,0,0,62,0,62,0,3,95,0,98,116,0,116,214
10/08/2002,OLM,WA,ANM,WE,Federal Contract Tower,0,5,51,0,56,0,0,33,2,35,0,5,84,2,91,120,6,126,217
10/09/2002,OLM,WA,ANM,WE,Federal Contract Tower,0,5,32,2,39,0,0,69,2,71,0,5,101,4,110,138,0,138,248
10/10/2002,OLM,WA,ANM,WE,Federal Contract Tower,0,4,20,2,26,0,1,68,2,71,0,5,88,4,97,98,0,98,195
10/11/2002,OLM,WA,ANM,WE,Federal Contract Tower,0,2,40,0,42,0,2,111,0,113,0,4,151,0,155,252,0,252,407
10/12/2002,OLM,WA,ANM,WE,Federal Contract Tower,0,0,29,0,29,0,0,125,0,125,0,0,154,0,154,94,0,94,248
10/13/2002,OLM,WA,ANM,WE,Federal Contract Tower,0,0,19,0,19,0,0,112,0,112,0,0,131,0,131,162,0,162,293
10/14/2002,OLM,WA,ANM,WE,Federal Contract Tower,0,3,20,0,23,0,0,86,0,86,0,3,106,0,109,132,0,132,241
10/15/2002,OLM,WA,ANM,WE,Federal Contract Tower,0,5,42,4,51,0,0,104,0,104,0,5,146,4,155,120,0,120,275
10/16/2002,OLM,WA,ANM,WE,Federal Contract Tower,0,5,34,2,41,0,0,99,3,102,0,5,133,5,143,221,0,221,364
10/17/2002,OLM,WA,ANM,WE,Federal Contract Tower,0,0,32,0,32,0,0,126,4,130,0,0,158,4,162,176,0,176,338
10/18/2002,OLM,WA,ANM,WE,Federal Contract Tower,0,9,17,4,30,0,3,66,6,75,0,12,83,10,105,144,36,180,285
10/19/2002,OLM,WA,ANM,WE,Federal Contract Tower,0,4,34,0,38,0,0,30,0,30,0,4,64,0,68,144,0,144,212
10/20/2002,OLM,WA,ANM,WE,Federal Contract Tower,0,0,9,0,9,0,0,53,2,55,0,0,62,2,64,114,12,126,190
10/21/2002,OLM,WA,ANM,WE,Federal Contract Tower,0,9,26,0,35,0,1,44,0,45,0,10,70,0,80,218,0,218,298
10/22/2002,OLM,WA,ANM,WE,Federal Contract Tower,0,4,43,0,47,0,1,103,1,105,0,5,146,1,152,204,0,204,356
10/23/2002,OLM,WA,ANM,WE,Federal Contract Tower,0,3,14,0,17,0,0,65,0,65,0,3,79,0,82,84,0,84,166
10/24/2002,OLM,WA,ANM,WE,Federal Contract Tower,0,3,22,0,25,0,0,93,0,93,0,3,115,0,118,136,0,136,254
10/25/2002,OLM,WA,ANM,WE,Federal Contract Tower,0,5,43,2,50,0,0,0,0,0,0,5,43,2,50,0,0,0,50
10/26/2002,OLM,WA,ANM,WE,Federal Contract Tower,0,0,25,0,25,0,0,14,0,14,0,0,39,0,39,128,0,128,167
10/27/2002,OLM,WA,ANM,WE,Federal Contract Tower,0,0,25,0,25,0,0,21,0,21,0,0,46,0,46,64,0,64,110
10/28/2002,OLM,WA,ANM,WE,Federal Contract Tower,0,3,25,4,32,0,0,64,2,66,0,3,89,6,98,172,0,172,270
10/29/2002,OLM,WA,ANM,WE,Federal Contract Tower,0,5,43,0,48,0,0,87,4,91,0,5,130,4,139,150,0,150,289
10/30/2002,OLM,WA,ANM,WE,Federal Contract Tower,0,4,18,0,22,0,1,132,0,133,0,5,150,0,155,210,0,210,365
10/31/2002,OLM,WA,ANM,WE,Federal Contract Tower,0,4,31,0,35,0,1,112,0,113,0,5,143,0,148,254,0,254,402
11/01/2002,OLM,WA,ANM,WE,Federal Contract Tower,0,2,56,0,58,0,1,141,0,142,0,3,197,0,200,242,0,242,442
11/02/2002,OLM,WA,ANM,WE,Federal Contract Tower,0,0,21,0,21,0,0,144,0,144,0,0,165,0,165,152,0,152,317
11/03/2002,OLM,WA,ANM,WE,Federal Contract Tower,0,0,28,1,29,0,14,136,3,153,0,14,164,4,182,156,0,156,338
11/04/2002,OLM,WA,ANM,WE,Federal Contract Tower,0,3,43,0,46,0,0,73,2,75,0,3,116,2,121,142,0,142,263
11/05/2002,OLM,WA,ANM,WE,Federal Contract Tower,0,5,27,0,32,0,0,57,0,57,0,5,84,0,89,86,0,86,175
11/06/2002,OLM,WA,ANM,WE,Federal Contract Tower,0,4,22,2,28,0,0,8,0,8,0,4,30,2,36,20,0,20,56
11/07/2002,OLM,WA,ANM,WE,Federal Contract Tower,0,4,27,2,33,0,1,39,4,44,0,5,66,6,77,36,0,36,113
11/08/2002,OLM,WA,ANM,WE,Federal Contract Tower,0,3,24,0,27,0,0,44,0,44,0,3,68,0,71,54,0,54,125
11/09/2002,OLM,WA,ANM,WE,Federal Contract Tower,0,0,33,0,33,0,0,30,0,30,0,0,63,0,63,132,0,132,195
11/10/2002,OLM,WA,ANM,WE,Federal Contract Tower,0,0,20,0,20,0,0,67,0,67,0,0,87,0,87,142,0,142,229
11/11/2002,OLM,WA,ANM,WE,Federal Contract Tower,0,3,40,0,43,0,0,55,0,55,0,3,95,0,98,162,0,162,260
11/12/2002,OLM,WA,ANM,WE,Federal Contract Tower,0,4,11,2,17,0,1,27,0,28,0,5,38,2,45,106,0,106,151
11/13/2002,OLM,WA,ANM,WE,Federal Contract Tower,0,9,44,0,53,0,0,75,0,75,0,9,119,0,128,194,0,194,322
11/14/2002,OLM,WA,ANM,WE,Federal Contract Tower,0,9,43,0,52,0,0,68,0,68,0,9,111,0,120,144,0,144,264
11/15/2002,OLM,WA,ANM,WE,Federal Contract Tower,0,6,19,6,31,0,5,65,0,70,0,11,84,6,101,154,0,154,255
11/16/2002,OLM,WA,ANM,WE,Federal Contract Tower,0,0,13,4,17,0,1,11,2,14,0,1,24,6,31,22,0,22,53
11/17/2002,OLM,WA,ANM,WE,Federal Contract Tower,0,2,22,0,24,0,0,69,0,69,0,2,91,0,93,148,0,148,241
11/18/2002,OLM,WA,ANM,WE,Federal Contract Tower,0,7,27,0,34,0,2,15,0,17,0,9,42,0,51,32,0,32,83
11/19/2002,OLM,WA,ANM,WE,Federal Contract Tower,0,10,39,0,49,0,0,5,0,5,0,10,44,0,54,0,0,0,54
11/20/2002,OLM,WA,ANM,WE,Federal Contract Tower,0,3,22,0,25,0,0,21,0,21,0,3,43,0,46,76,0,76,122
11/21/2002,OLM,WA,ANM,WE,Federal Contract Tower,0,7,25,4,36,0,2,56,2,60,0,9,81,6,96,164,0,164,260
11/22/2002,OLM,WA,ANM,WE,Federal Contract Tower,0,9,35,0,44,0,0,7,0,7,0,9,42,0,51,82,0,82,133
11/23/2002,OLM,WA,ANM,WE,Federal Contract Tower,0,2,43,0,45,0,0,71,4,75,0,2,114,4,120,246,0,246,366
11/24/2002,OLM,WA,ANM,WE,Federal Contract Tower,0,2,26,1,29,0,0,4,0,4,0,2,30,1,33,58,0,58,91
11/25/2002,OLM,WA,ANM,WE,Federal Contract Tower,0,4,26,1,31,0,0,0,0,0,0,4,26,1,31,54,0,54,85
11/26/2002,OLM,WA,ANM,WE,Federal Contract Tower,0,6,16,0,22,0,0,84,2,86,0,6,100,2,108,60,0,60,168
11/27/2002,OLM,WA,ANM,WE,Federal Contract Tower,0,5,29,0,34,0,0,62,0,62,0,5,91,0,96,110,0,110,206
11/28/2002,OLM,WA,ANM,WE,Federal Contract Tower,0,1,7,0,8,0,1,0,0,1,0,2,7,0,9,0,0,0,9
11/29/2002,OLM,WA,ANM,WE,Federal Contract Tower,0,0,10,0,10,0,0,0,0,0,0,0,10,0,10,0,0,0,10
11/30/2002,OLM,WA,ANM,WE,Federal Contract Tower,0,0,8,0,8,0,0,0,0,0,0,0,8,0,8,0,0,0,8
12/01/2002,OLM,WA,ANM,WE,Federal Contract Tower,0,2,26,2,30,0,0,38,0,38,0,2,64,2,68,146,0,146,214
12/02/2002,OLM,WA,ANM,WE,Federal Contract Tower,0,8,31,2,41,0,0,30,2,32,0,8,61,4,73,52,0,52,125
12/03/2002,OLM,WA,ANM,WE,Federal Contract Tower,0,9,22,2,33,0,0,64,2,66,0,9,86,4,99,102,0,102,201
12/04/2002,OLM,WA,ANM,WE,Federal Contract Tower,0,9,35,2,46,0,0,9,0,9,0,9,44,2,55,0,0,0,55
12/05/2002,OLM,WA,ANM,WE,Federal Contract Tower,0,10,53,2,65,0,0,34,0,34,0,10,87,2,99,50,0,50,149
12/06/2002,OLM,WA,ANM,WE,Federal Contract Tower,0,7,42,0,49,0,0,80,0,80,0,7,122,0,129,126,0,126,255
12/07/2002,OLM,WA,ANM,WE,Federal Contract Tower,0,0,6,0,6,0,0,0,0,0,0,0,6,0,6,0,0,0,6
12/08/2002,OLM,WA,ANM,WE,Federal Contract Tower,0,0,23,0,23,0,2,26,0,28,0,2,49,0,51,28,0,28,79
12/09/2002,OLM,WA,ANM,WE,Federal Contract Tower,0,8,31,0,39,0,1,56,0,57,0,9,87,0,96,112,0,112,208
12/10/2002,OLM,WA,ANM,WE,Federal Contract Tower,0,11,22,4,37,0,0,6,0,6,0,11,28,4,43,8,0,8,51
12/11/2002,OLM,WA,ANM,WE,Federal Contract Tower,0,12,22,2,36,0,0,0,0,0,0,12,22,2,36,60,0,60,96
12/12/2002,OLM,WA,ANM,WE,Federal Contract Tower,0,9,2,0,11,0,0,23,2,25,0,9,25,2,36,20,0,20,56
12/13/2002,OLM,WA,ANM,WE,Federal Contract Tower,0,10,22,2,34,0,0,44,2,46,0,10,66,4,80,102,0,102,182
12/14/2002,OLM,WA,ANM,WE,Federal Contract Tower,0,0,8,0,8,0,0,2,0,2,0,0,10,0,10,46,0,46,56
12/15/2002,OLM,WA,ANM,WE,Federal Contract Tower,0,4,4,0,8,0,0,11,0,11,0,4,15,0,19,12,0,12,31
12/16/2002,OLM,WA,ANM,WE,Federal Contract Tower,0,12,17,0,29,0,0,37,2,39,0,12,54,2,68,148,0,148,216
12/17/2002,OLM,WA,ANM,WE,Federal Contract Tower,0,12,34,0,46,0,0,16,2,18,0,12,50,2,64,70,0,70,134
12/18/2002,OLM,WA,ANM,WE,Federal Contract Tower,0,9,31,0,40,0,0,31,0,31,0,9,62,0,71,236,0,236,307
12/19/2002,OLM,WA,ANM,WE,Federal Contract Tower,0,11,29,0,40,0,0,52,12,64,0,11,81,12,104,112,0,112,216
12/20/2002,OLM,WA,ANM,WE,Federal Contract Tower,0,8,26,0,34,0,0,59,0,59,0,8,85,0,93,118,0,118,211
12/21/2002,OLM,WA,ANM,WE,Federal Contract Tower,0,1,13,0,14,0,0,60,0,60,0,1,73,0,74,88,0,88,162
12/22/2002,OLM,WA,ANM,WE,Federal Contract Tower,0,2,18,0,20,0,0,34,0,34,0,2,52,0,54,102,0,102,156
12/23/2002,OLM,WA,ANM,WE,Federal Contract Tower,0,3,31,0,34,0,0,0,0,0,0,3,31,0,34,0,0,0,34
12/24/2002,OLM,WA,ANM,WE,Federal Contract Tower,0,4,5,0,9,0,0,2,0,2,0,4,7,0,11,0,0,0,11
12/25/2002,OLM,WA,ANM,WE,Federal Contract Tower,0,4,2,0,6,0,0,7,0,7,0,4,9,0,13,4,0,4,17
12/26/2002,OLM,WA,ANM,WE,Federal Contract Tower,0,5,27,0,32,0,0,65,0,65,0,5,92,0,97,128,0,128,225
12/27/2002,OLM,WA,ANM,WE,Federal Contract Tower,0,6,3,0,9,0,0,7,2,9,0,6,10,2,18,6,0,6,24
12/28/2002,OLM,WA,ANM,WE,Federal Contract Tower,0,1,21,0,22,0,0,0,0,0,0,1,21,0,22,22,0,22,44
12/29/2002,OLM,WA,ANM,WE,Federal Contract Tower,0,2,34,0,36,0,0,91,0,91,0,2,125,0,127,260,0,260,387
12/30/2002,OLM,WA,ANM,WE,Federal Contract Tower,0,3,29,0,32,0,3,28,4,35,0,6,57,4,67,70,0,70,137
12/31/2002,OLM,WA,ANM,WE,Federal Contract Tower,0,4,22,0,26,0,0,49,0,49,0,4,71,0,75,70,0,70,145
01/01/2003,OLM,WA,ANM,WE,Federal Contract Tower,0,4,2,0,6,0,0,2,0,2,0,4,4,0,8,26,0,26,34
01/02/2003,OLM,WA,ANM,WE,Federal Contract Tower,0,6,4,2,12,0,0,20,4,24,0,6,24,6,36,32,0,32,68
01/03/2003,OLM,WA,ANM,WE,Federal Contract Tower,0,6,36,0,42,0,0,63,2,65,0,6,99,2,107,116,0,116,223
01/04/2003,OLM,WA,ANM,WE,Federal Contract Tower,0,0,17,0,17,0,0,11,2,13,0,0,28,2,30,40,0,40,70
01/05/2003,OLM,WA,ANM,WE,Federal Contract Tower,0,2,61,0,63,0,0,96,0,96,0,2,157,0,159,172,0,172,331
01/06/2003,OLM,WA,ANM,WE,Federal Contract Tower,0,1,36,0,37,0,0,1,0,1,0,1,37,0,38,0,0,0,38
01/07/2003,OLM,WA,ANM,WE,Federal Contract Tower,0,9,38,2,49,0,0,151,2,153,0,9,189,4,202,82,0,82,284
01/08/2003,OLM,WA,ANM,WE,Federal Contract Tower,0,4,34,4,42,0,0,65,0,65,0,4,99,4,107,88,0,88,195
01/09/2003,OLM,WA,ANM,WE,Federal Contract Tower,0,12,54,6,72,0,0,75,0,75,0,12,129,6,147,98,0,98,245
01/10/2003,OLM,WA,ANM,WE,Federal Contract Tower,0,7,53,3,63,0,0,74,1,75,0,7,127,4,138,128,0,128,266
01/11/2003,OLM,WA,ANM,WE,Federal Contract Tower,0,0,23,0,23,0,0,41,0,41,0,0,64,0,64,102,0,102,166
01/12/2003,OLM,WA,ANM,WE,Federal Contract Tower,0,2,20,0,22,0,0,21,0,21,0,2,41,0,43,46,0,46,89
01/13/2003,OLM,WA,ANM,WE,Federal Contract Tower,0,9,22,11,42,0,0,1,0,1,0,9,23,11,43,0,0,0,43
01/14/2003,OLM,WA,ANM,WE,Federal Contract Tower,0,6,28,1,35,0,2,2,3,7,0,8,30,4,42,0,0,0,42
01/15/2003,OLM,WA,ANM,WE,Federal Contract Tower,0,6,25,1,32,0,0,0,0,0,0,6,25,1,32,0,0,0,32
01/16/2003,OLM,WA,ANM,WE,Federal Contract Tower,0,7,30,0,37,0,0,17,0,17,0,7,47,0,54,48,0,48,102
01/17/2003,OLM,WA,ANM,WE,Federal Contract Tower,0,7,34,1,42,0,2,113,1,116,0,9,147,2,158,216,0,216,374
01/18/2003,OLM,WA,ANM,WE,Federal Contract Tower,0,0,23,0,23,0,0,73,0,73,0,0,96,0,96,122,0,122,218
01/19/2003,OLM,WA,ANM,WE,Federal Contract Tower,0,2,25,0,27,0,0,53,0,53,0,2,78,0,80,160,0,160,240
01/20/2003,OLM,WA,ANM,WE,Federal Contract Tower,0,5,23,0,28,0,2,3,0,5,0,7,26,0,33,58,0,58,91
01/21/2003,OLM,WA,ANM,WE,Federal Contract Tower,0,5,16,0,21,0,5,0,2,7,0,10,16,2,28,0,0,0,28
01/22/2003,OLM,WA,ANM,WE,Federal Contract Tower,0,5,21,0,26,0,6,0,2,8,0,11,21,2,34,0,0,0,34
01/23/2003,OLM,WA,ANM,WE,Federal Contract Tower,0,7,34,1,42,0,4,72,1,77,0,11,106,2,119,126,0,126,245
01/24/2003,OLM,WA,ANM,WE,Federal Contract Tower,0,8,40,1,49,0,1,28,1,30,0,9,68,2,79,74,0,74,153
01/25/2003,OLM,WA,ANM,WE,Federal Contract Tower,0,0,32,0,32,0,0,30,0,30,0,0,62,0,62,100,0,100,162
01/26/2003,OLM,WA,ANM,WE,Federal Contract Tower,0,2,21,0,23,0,0,10,0,10,0,2,31,0,33,86,0,86,119
01/27/2003,OLM,WA,ANM,WE,Federal Contract Tower,0,3,17,0,20,0,2,46,0,48,0,5,63,0,68,62,0,62,130
01/28/2003,OLM,WA,ANM,WE,Federal Contract Tower,0,5,21,0,26,0,1,76,4,81,0,6,97,4,107,170,0,170,277
01/29/2003,OLM,WA,ANM,WE,Federal Contract Tower,0,4,21,0,25,0,1,21,0,22,0,5,42,0,47,28,0,28,75
01/30/2003,OLM,WA,ANM,WE,Federal Contract Tower,0,5,27,0,32,0,0,10,0,10,0,5,37,0,42,26,0,26,68
01/31/2003,OLM,WA,ANM,WE,Federal Contract Tower,0,4,20,0,24,0,2,21,0,23,0,6,41,0,47,48,0,48,95
02/01/2003,OLM,WA,ANM,WE,Federal Contract Tower,0,0,10,0,10,0,0,41,0,41,0,0,51,0,51,84,0,84,135
02/02/2003,OLM,WA,ANM,WE,Federal Contract Tower,0,2,28,0,30,0,0,88,0,88,0,2,116,0,118,132,0,132,250
02/03/2003,OLM,WA,ANM,WE,Federal Contract Tower,0,0,24,0,24,0,4,66,0,70,0,4,90,0,94,188,0,188,282
02/04/2003,OLM,WA,ANM,WE,Federal Contract Tower,0,4,77,0,81,0,0,58,2,60,0,4,135,2,141,100,0,100,241
02/05/2003,OLM,WA,ANM,WE,Federal Contract Tower,0,7,48,0,55,0,0,43,0,43,0,7,91,0,98,76,0,76,174
02/06/2003,OLM,WA,ANM,WE,Federal Contract Tower,0,9,55,0,64,0,0,72,0,72,0,9,127,0,136,182,0,182,318
02/07/2003,OLM,WA,ANM,WE,Federal Contract Tower,0,8,27,3,38,0,0,0,1,1,0,8,27,4,39,0,0,0,39
02/08/2003,OLM,WA,ANM,WE,Federal Contract Tower,0,0,28,0,28,0,0,3,0,3,0,0,31,0,31,38,0,38,69
02/09/2003,OLM,WA,ANM,WE,Federal Contract Tower,0,2,13,0,15,0,0,41,0,41,0,2,54,0,56,116,0,116,172
02/10/2003,OLM,WA,ANM,WE,Federal Contract Tower,0,7,37,3,47,0,0,41,1,42,0,7,78,4,89,126,0,126,215
02/11/2003,OLM,WA,ANM,WE,Federal Contract Tower,0,13,34,4,51,0,0,62,2,64,0,13,96,6,115,126,10,136,251
02/12/2003,OLM,WA,ANM,WE,Federal Contract Tower,0,7,30,2,39,0,0,70,10,80,0,7,100,12,119,32,0,32,151
02/13/2003,OLM,WA,ANM,WE,Federal Contract Tower,0,8,56,4,68,0,0,96,2,98,0,8,152,6,166,172,0,172,338
02/14/2003,OLM,WA,ANM,WE,Federal Contract Tower,0,7,32,0,39,0,0,46,0,46,0,7,78,0,85,150,0,150,235
02/15/2003,OLM,WA,ANM,WE,Federal Contract Tower,0,1,29,0,30,0,0,61,0,61,0,1,90,0,91,78,0,78,169
02/16/2003,OLM,WA,ANM,WE,Federal Contract Tower,0,2,24,0,26,0,0,12,0,12,0,2,36,0,38,20,0,20,58
02/17/2003,OLM,WA,ANM,WE,Federal Contract Tower,0,4,21,0,25,0,2,30,0,32,0,6,51,0,57,116,0,116,173
02/18/2003,OLM,WA,ANM,WE,Federal Contract Tower,0,10,31,0,41,0,0,33,6,39,0,10,64,6,80,132,0,132,212
02/19/2003,OLM,WA,ANM,WE,Federal Contract Tower,0,9,28,0,37,0,0,61,4,65,0,9,89,4,102,112,0,112,214
02/20/2003,OLM,WA,ANM,WE,Federal Contract Tower,0,11,16,2,29,0,0,8,0,8,0,11,24,2,37,48,0,48,85
02/21/2003,OLM,WA,ANM,WE,Federal Contract Tower,0,7,27,0,34,0,0,18,0,18,0,7,45,0,52,170,0,170,222
02/22/2003,OLM,WA,ANM,WE,Federal Contract Tower,0,1,10,0,11,0,0,55,0,55,0,1,65,0,66,120,0,120,186
02/23/2003,OLM,WA,ANM,WE,Federal Contract Tower,0,2,30,0,32,0,0,80,0,80,0,2,110,0,112,172,0,172,284
02/24/2003,OLM,WA,ANM,WE,Federal Contract Tower,0,6,23,1,30,0,2,88,1,91,0,8,111,2,121,181,0,181,302
02/25/2003,OLM,WA,ANM,WE,Federal Contract Tower,0,12,28,0,40,0,3,115,0,118,0,15,143,0,158,242,0,242,400
02/26/2003,OLM,WA,ANM,WE,Federal Contract Tower,0,9,23,2,34,0,0,52,0,52,0,9,75,2,86,174,18,192,278
02/27/2003,OLM,WA,ANM,WE,Federal Contract Tower,0,9,33,2,44,0,0,99,2,101,0,9,132,4,145,124,0,124,269
02/28/2003,OLM,WA,ANM,WE,Federal Contract Tower,0,6,29,0,35,0,0,22,0,22,0,6,51,0,57,264,0,264,321
03/01/2003,OLM,WA,ANM,WE,Federal Contract Tower,0,2,38,0,40,0,2,99,0,101,0,4,137,0,141,82,0,82,223
03/02/2003,OLM,WA,ANM,WE,Federal Contract Tower,0,2,24,0,26,0,0,41,0,41,0,2,65,0,67,151,0,151,218
03/03/2003,OLM,WA,ANM,WE,Federal Contract Tower,0,12,44,0,56,0,0,87,0,87,0,12,131,0,143,136,0,136,279
03/04/2003,OLM,WA,ANM,WE,Federal Contract Tower,0,8,29,0,37,0,0,68,4,72,0,8,97,4,109,228,4,232,341
03/05/2003,OLM,WA,ANM,WE,Federal Contract Tower,0,11,15,0,26,0,0,17,4,21,0,11,32,4,47,118,0,118,165
03/06/2003,OLM,WA,ANM,WE,Federal Contract Tower,0,9,14,4,27,0,0,27,0,27,0,9,41,4,54,70,0,70,124
03/07/2003,OLM,WA,ANM,WE,Federal Contract Tower,0,5,18,2,25,0,0,33,2,35,0,5,51,4,60,130,0,130,190
03/08/2003,OLM,WA,ANM,WE,Federal Contract Tower,0,0,11,0,11,0,0,0,0,0,0,0,11,0,11,10,0,10,21
03/09/2003,OLM,WA,ANM,WE,Federal Contract Tower,0,4,30,0,34,0,0,5,0,5,0,4,35,0,39,42,0,42,81
03/10/2003,OLM,WA,ANM,WE,Federal Contract Tower,0,7,40,0,47,0,0,32,0,32,0,7,72,0,79,161,0,161,240
03/11/2003,OLM,WA,ANM,WE,Federal Contract Tower,0,9,31,2,42,0,0,11,0,11,0,9,42,2,53,36,0,36,89
03/12/2003,OLM,WA,ANM,WE,Federal Contract Tower,0,10,30,0,40,0,0,12,0,12,0,10,42,0,52,70,0,70,122
03/13/2003,OLM,WA,ANM,WE,Federal Contract Tower,0,9,22,0,31,0,0,15,2,17,0,9,37,2,48,30,0,30,78
03/14/2003,OLM,WA,ANM,WE,Federal Contract Tower,0,7,50,0,57,0,0,52,0,52,0,7,102,0,109,128,0,128,237
03/15/2003,OLM,WA,ANM,WE,Federal Contract Tower,0,0,15,0,15,0,0,51,0,51,0,0,66,0,66,90,0,90,156
03/16/2003,OLM,WA,ANM,WE,Federal Contract Tower,0,2,39,0,41,0,0,68,0,68,0,2,107,0,109,118,0,118,227
03/17/2003,OLM,WA,ANM,WE,Federal Contract Tower,0,4,44,0,48,0,0,60,0,60,0,4,104,0,108,130,0,130,238
03/18/2003,OLM,WA,ANM,WE,Federal Contract Tower,0,11,57,0,68,0,0,79,2,81,0,11,136,2,149,158,0,158,307
03/19/2003,OLM,WA,ANM,WE,Federal Contract Tower,0,9,56,0,65,0,0,43,0,43,0,9,99,0,108,126,0,126,234
03/20/2003,OLM,WA,ANM,WE,Federal Contract Tower,0,9,33,0,42,0,0,35,0,35,0,9,68,0,77,122,0,122,199
03/21/2003,OLM,WA,ANM,WE,Federal Contract Tower,0,7,43,0,50,0,0,6,0,6,0,7,49,0,56,142,0,142,198
03/22/2003,OLM,WA,ANM,WE,Federal Contract Tower,0,0,18,0,18,0,0,40,0,40,0,0,58,0,58,60,0,60,118
03/23/2003,OLM,WA,ANM,WE,Federal Contract Tower,0,2,33,0,35,0,0,59,0,59,0,2,92,0,94,70,0,70,164
03/24/2003,OLM,WA,ANM,WE,Federal Contract Tower,0,5,26,0,31,0,0,98,4,102,0,5,124,4,133,210,0,210,343
03/25/2003,OLM,WA,ANM,WE,Federal Contract Tower,0,6,35,0,41,0,2,61,4,67,0,8,96,4,108,188,0,188,296
03/26/2003,OLM,WA,ANM,WE,Federal Contract Tower,0,9,41,4,54,0,0,51,2,53,0,9,92,6,107,144,0,144,251
03/27/2003,OLM,WA,ANM,WE,Federal Contract Tower,0,8,47,6,61,0,0,65,2,67,0,8,112,8,128,122,0,122,250
03/28/2003,OLM,WA,ANM,WE,Federal Contract Tower,0,6,57,0,63,0,0,93,15,108,0,6,150,15,171,160,0,160,331
03/29/2003,OLM,WA,ANM,WE,Federal Contract Tower,0,0,23,0,23,0,0,107,0,107,0,0,130,0,130,230,0,230,360
03/30/2003,OLM,WA,ANM,WE,Federal Contract Tower,0,2,17,0,19,0,0,82,0,82,0,2,99,0,101,122,0,122,223
03/31/2003,OLM,WA,ANM,WE,Federal Contract Tower,0,9,21,0,30,0,2,55,4,61,0,11,76,4,91,102,0,102,193
04/01/2003,OLM,WA,ANM,WE,Federal Contract Tower,0,10,20,0,30,0,0,34,4,38,0,10,54,4,68,128,0,128,196
04/02/2003,OLM,WA,ANM,WE,Federal Contract Tower,0,10,19,0,29,0,2,63,0,65,0,12,82,0,94,54,0,54,148
04/03/2003,OLM,WA,ANM,WE,Federal Contract Tower,0,11,5,0,16,0,0,67,12,79,0,11,72,12,95,124,0,124,219
04/04/2003,OLM,WA,ANM,WE,Federal Contract Tower,0,29,31,0,60,0,0,47,0,47,0,29,78,0,107,125,0,125,232
04/05/2003,OLM,WA,ANM,WE,Federal Contract Tower,0,6,26,0,32,0,0,18,4,22,0,6,44,4,54,18,0,18,72
04/06/2003,OLM,WA,ANM,WE,Federal Contract Tower,0,2,23,0,25,0,0,73,0,73,0,2,96,0,98,192,0,192,290
04/07/2003,OLM,WA,ANM,WE,Federal Contract Tower,0,8,8,4,20,0,0,17,0,17,0,8,25,4,37,60,0,60,97
04/08/2003,OLM,WA,ANM,WE,Federal Contract Tower,0,8,34,0,42,0,2,59,2,63,0,10,93,2,105,120,0,120,225
04/09/2003,OLM,WA,ANM,WE,Federal Contract Tower,0,8,42,0,50,0,0,94,0,94,0,8,136,0,144,322,0,322,466
04/10/2003,OLM,WA,ANM,WE,Federal Contract Tower,0,9,40,0,49,0,0,102,4,106,0,9,142,4,155,162,0,162,317
04/11/2003,OLM,WA,ANM,WE,Federal Contract Tower,0,7,49,0,56,0,0,63,4,67,0,7,112,4,123,178,0,178,301
04/12/2003,OLM,WA,ANM,WE,Federal Contract Tower,0,0,33,0,33,0,0,38,0,38,0,0,71,0,71,152,0,152,223
04/13/2003,OLM,WA,ANM,WE,Federal Contract Tower,0,2,22,0,24,0,0,56,0,56,0,2,78,0,80,138,0,138,218
04/14/2003,OLM,WA,ANM,WE,Federal Contract Tower,0,7,28,0,35,0,0,68,4,72,0,7,96,4,107,120,0,120,227
04/15/2003,OLM,WA,ANM,WE,Federal Contract Tower,0,9,33,0,42,0,0,62,0,62,0,9,95,0,104,98,0,98,202
04/16/2003,OLM,WA,ANM,WE,Federal Contract Tower,0,8,33,0,41,0,0,101,2,103,0,8,134,2,144,162,0,162,306
04/17/2003,OLM,WA,ANM,WE,Federal Contract Tower,0,9,35,0,44,0,0,80,6,86,0,9,115,6,130,164,0,164,294
04/18/2003,OLM,WA,ANM,WE,Federal Contract Tower,0,6,55,0,61,0,0,112,3,115,0,6,167,3,176,192,0,192,368
04/19/2003,OLM,WA,ANM,WE,Federal Contract Tower,0,1,28,0,29,0,1,110,0,111,0,2,138,0,140,236,0,236,376
04/20/2003,OLM,WA,ANM,WE,Federal Contract Tower,0,3,15,0,18,0,0,57,0,57,0,3,72,0,75,38,0,38,113
04/21/2003,OLM,WA,ANM,WE,Federal Contract Tower,0,6,36,0,42,0,0,0,0,0,0,6,36,0,42,40,0,40,82
04/22/2003,OLM,WA,ANM,WE,Federal Contract Tower,0,9,33,0,42,0,0,77,4,81,0,9,110,4,123,100,0,100,223
04/23/2003,OLM,WA,ANM,WE,Federal Contract Tower,0,8,38,2,48,0,0,34,0,34,0,8,72,2,82,132,0,132,214
04/24/2003,OLM,WA,ANM,WE,Federal Contract Tower,0,12,29,0,41,0,0,85,0,85,0,12,114,0,126,198,0,198,324
04/25/2003,OLM,WA,ANM,WE,Federal Contract Tower,0,7,70,2,79,0,0,125,0,125,0,7,195,2,204,208,0,208,412
04/26/2003,OLM,WA,ANM,WE,Federal Contract Tower,0,0,33,0,33,0,0,71,0,71,0,0,104,0,104,104,0,104,208
04/27/2003,OLM,WA,ANM,WE,Federal Contract Tower,0,2,32,0,34,0,0,148,0,148,0,2,180,0,182,114,0,114,296
04/28/2003,OLM,WA,ANM,WE,Federal Contract Tower,0,6,15,0,21,0,0,87,0,87,0,6,102,0,108,116,0,116,224
04/29/2003,OLM,WA,ANM,WE,Federal Contract Tower,0,8,43,6,57,0,1,53,10,64,0,9,96,16,121,162,0,162,283
04/30/2003,OLM,WA,ANM,WE,Federal Contract Tower,0,4,47,0,51,0,0,68,16,84,0,4,115,16,135,172,0,172,307
05/01/2003,OLM,WA,ANM,WE,Federal Contract Tower,0,13,48,0,61,0,0,80,0,80,0,13,128,0,141,74,0,74,215
05/02/2003,OLM,WA,ANM,WE,Federal Contract Tower,0,9,30,4,43,0,0,87,0,87,0,9,117,4,130,115,0,115,245
05/03/2003,OLM,WA,ANM,WE,Federal Contract Tower,0,0,19,0,19,0,0,47,0,47,0,0,66,0,66,84,0,84,150
05/04/2003,OLM,WA,ANM,WE,Federal Contract Tower,0,2,32,0,34,0,0,27,0,27,0,2,59,0,61,72,0,72,133
05/05/2003,OLM,WA,ANM,WE,Federal Contract Tower,0,8,14,4,26,0,0,43,0,43,0,8,57,4,69,128,0,128,197
05/06/2003,OLM,WA,ANM,WE,Federal Contract Tower,0,10,41,1,52,0,0,84,1,85,0,10,125,2,137,166,0,166,303
05/07/2003,OLM,WA,ANM,WE,Federal Contract Tower,0,8,41,1,50,0,0,82,5,87,0,8,123,6,137,164,8,172,309
05/08/2003,OLM,WA,ANM,WE,Federal Contract Tower,0,8,48,4,60,0,0,83,2,85,0,8,131,6,145,158,0,158,303
05/09/2003,OLM,WA,ANM,WE,Federal Contract Tower,0,6,39,4,49,0,1,95,0,96,0,7,134,4,145,182,0,182,327
05/10/2003,OLM,WA,ANM,WE,Federal Contract Tower,0,4,35,0,39,0,0,96,2,98,0,4,131,2,137,176,0,176,313
05/11/2003,OLM,WA,ANM,WE,Federal Contract Tower,0,2,17,0,19,0,0,65,0,65,0,2,82,0,84,89,0,89,173
05/12/2003,OLM,WA,ANM,WE,Federal Contract Tower,0,7,35,0,42,0,0,63,0,63,0,7,98,0,105,158,0,158,263
05/13/2003,OLM,WA,ANM,WE,Federal Contract Tower,0,8,43,0,51,0,0,98,0,98,0,8,141,0,149,162,0,162,311
05/14/2003,OLM,WA,ANM,WE,Federal Contract Tower,0,11,34,0,45,0,0,64,4,68,0,11,98,4,113,128,0,128,241
05/15/2003,OLM,WA,ANM,WE,Federal Contract Tower,0,6,30,0,36,0,0,51,0,51,0,6,81,0,87,102,0,102,189
05/16/2003,OLM,WA,ANM,WE,Federal Contract Tower,0,7,23,0,30,0,2,44,2,48,0,9,67,2,78,76,0,76,154
05/17/2003,OLM,WA,ANM,WE,Federal Contract Tower,0,0,22,0,22,0,0,64,0,64,0,0,86,0,86,98,0,98,184
05/18/2003,OLM,WA,ANM,WE,Federal Contract Tower,0,2,40,0,42,0,0,95,0,95,0,2,135,0,137,138,0,138,275
05/19/2003,OLM,WA,ANM,WE,Federal Contract Tower,0,9,39,0,48,0,0,83,0,83,0,9,122,0,131,148,0,148,279
05/20/2003,OLM,WA,ANM,WE,Federal Contract Tower,0,8,33,4,45,0,0,56,0,56,0,8,89,4,101,152,0,152,253
05/21/2003,OLM,WA,ANM,WE,Federal Contract Tower,0,9,26,1,36,0,2,59,3,64,0,11,85,4,100,164,0,164,264
05/22/2003,OLM,WA,ANM,WE,Federal Contract Tower,0,8,41,2,51,0,0,90,6,96,0,8,131,8,147,222,0,222,369
05/23/2003,OLM,WA,ANM,WE,Federal Contract Tower,0,6,38,0,44,0,1,98,2,101,0,7,136,2,145,136,0,136,281
05/24/2003,OLM,WA,ANM,WE,Federal Contract Tower,0,0,8,0,8,0,4,81,2,87,0,4,89,2,95,72,0,72,167
05/25/2003,OLM,WA,ANM,WE,Federal Contract Tower,0,2,8,0,10,0,0,68,0,68,0,2,76,0,78,194,0,194,272
05/26/2003,OLM,WA,ANM,WE,Federal Contract Tower,0,4,16,0,20,0,0,144,1,145,0,4,160,1,165,50,0,50,215
05/27/2003,OLM,WA,ANM,WE,Federal Contract Tower,0,6,34,0,40,0,4,98,0,102,0,10,132,0,142,196,0,196,338
05/28/2003,OLM,WA,ANM,WE,Federal Contract Tower,0,8,37,0,45,0,0,79,0,79,0,8,116,0,124,86,0,86,210
05/29/2003,OLM,WA,ANM,WE,Federal Contract Tower,0,8,27,0,35,0,0,87,0,87,0,8,114,0,122,136,0,136,258
05/30/2003,OLM,WA,ANM,WE,Federal Contract Tower,0,5,40,0,45,0,0,63,6,69,0,5,103,6,114,74,0,74,188
05/31/2003,OLM,WA,ANM,WE,Federal Contract Tower,0,1,35,0,36,0,0,123,2,125,0,1,158,2,161,138,0,138,299
06/01/2003,OLM,WA,ANM,WE,Federal Contract Tower,0,2,21,0,23,0,1,74,0,75,0,3,95,0,98,81,0,81,179
06/02/2003,OLM,WA,ANM,WE,Federal Contract Tower,0,4,7,0,11,0,2,63,0,65,0,6,70,0,76,78,0,78,154
06/03/2003,OLM,WA,ANM,WE,Federal Contract Tower,0,6,21,3,30,0,2,105,3,110,0,8,126,6,140,172,0,172,312
06/04/2003,OLM,WA,ANM,WE,Federal Contract Tower,0,7,20,1,28,0,1,130,1,132,0,8,150,2,160,162,0,162,322
06/05/2003,OLM,WA,ANM,WE,Federal Contract Tower,0,9,57,3,69,0,0,130,3,133,0,9,187,6,202,108,0,108,310
06/06/2003,OLM,WA,ANM,WE,Federal Contract Tower,0,12,33,0,45,0,0,123,0,123,0,12,156,0,168,140,0,140,308
06/07/2003,OLM,WA,ANM,WE,Federal Contract Tower,0,4,11,0,15,0,0,133,0,133,0,4,144,0,148,180,0,180,328
06/08/2003,OLM,WA,ANM,WE,Federal Contract Tower,0,2,18,0,20,0,0,82,0,82,0,2,100,0,102,110,0,110,212
06/09/2003,OLM,WA,ANM,WE,Federal Contract Tower,0,5,27,1,33,0,0,88,7,95,0,5,115,8,128,160,0,160,288
06/10/2003,OLM,WA,ANM,WE,Federal Contract Tower,0,4,26,1,31,0,0,67,3,70,0,4,93,4,101,44,0,44,145
06/11/2003,OLM,WA,ANM,WE,Federal Contract Tower,0,4,44,2,50,0,0,237,0,237,0,4,281,2,287,244,0,244,531
06/12/2003,OLM,WA,ANM,WE,Federal Contract Tower,0,4,31,0,35,0,0,185,0,185,0,4,216,0,220,206,0,206,426
06/13/2003,OLM,WA,ANM,WE,Federal Contract Tower,0,6,28,0,34,0,0,178,0,178,0,6,206,0,212,220,0,220,432
06/14/2003,OLM,WA,ANM,WE,Federal Contract Tower,0,1,12,0,13,0,0,699,0,699,0,1,711,0,712,600,0,600,1312
06/15/2003,OLM,WA,ANM,WE,Federal Contract Tower,0,3,11,1,15,0,2,541,1,544,0,5,552,2,559,650,0,650,1209
06/16/2003,OLM,WA,ANM,WE,Federal Contract Tower,0,6,23,0,29,0,2,137,0,139,0,8,160,0,168,210,0,210,378
06/17/2003,OLM,WA,ANM,WE,Federal Contract Tower,0,9,24,0,33,0,0,136,0,136,0,9,160,0,169,140,0,140,309
06/18/2003,OLM,WA,ANM,WE,Federal Contract Tower,0,9,43,4,56,0,0,73,0,73,0,9,116,4,129,210,0,210,339
06/19/2003,OLM,WA,ANM,WE,Federal Contract Tower,0,7,33,1,41,0,2,81,1,84,0,9,114,2,125,182,0,182,307
06/20/2003,OLM,WA,ANM,WE,Federal Contract Tower,0,8,47,0,55,0,0,81,2,83,0,8,128,2,138,198,0,198,336
06/21/2003,OLM,WA,ANM,WE,Federal Contract Tower,0,0,13,0,13,0,0,78,4,82,0,0,91,4,95,100,0,100,195
06/22/2003,OLM,WA,ANM,WE,Federal Contract Tower,0,2,20,0,22,0,0,85,0,85,0,2,105,0,107,66,0,66,173
06/23/2003,OLM,WA,ANM,WE,Federal Contract Tower,0,6,27,0,33,0,0,83,0,83,0,6,110,0,116,172,0,172,288
06/24/2003,OLM,WA,ANM,WE,Federal Contract Tower,0,5,20,0,25,0,6,112,2,120,0,11,132,2,145,100,0,100,245
06/25/2003,OLM,WA,ANM,WE,Federal Contract Tower,0,11,52,2,65,0,1,137,4,142,0,12,189,6,207,204,0,204,411
06/26/2003,OLM,WA,ANM,WE,Federal Contract Tower,0,15,50,4,69,0,0,125,2,127,0,15,175,6,196,188,0,188,384
06/27/2003,OLM,WA,ANM,WE,Federal Contract Tower,0,8,63,0,71,0,0,153,0,153,0,8,216,0,224,210,0,210,434
06/28/2003,OLM,WA,ANM,WE,Federal Contract Tower,0,1,8,0,9,0,0,122,0,122,0,1,130,0,131,144,0,144,275
06/29/2003,OLM,WA,ANM,WE,Federal Contract Tower,0,5,4,0,9,0,0,92,0,92,0,5,96,0,101,70,0,70,171
06/30/2003,OLM,WA,ANM,WE,Federal Contract Tower,0,6,19,0,25,0,0,63,0,63,0,6,82,0,88,74,0,74,162
07/01/2003,OLM,WA,ANM,WE,Federal Contract Tower,0,8,21,0,29,0,0,131,0,131,0,8,152,0,160,100,0,100,260
07/02/2003,OLM,WA,ANM,WE,Federal Contract Tower,0,8,34,0,42,0,0,120,0,120,0,8,154,0,162,146,0,146,308
07/03/2003,OLM,WA,ANM,WE,Federal Contract Tower,0,4,45,0,49,0,0,107,0,107,0,4,152,0,156,210,0,210,366
07/04/2003,OLM,WA,ANM,WE,Federal Contract Tower,0,4,3,0,7,0,0,82,0,82,0,4,85,0,89,70,0,70,159
07/05/2003,OLM,WA,ANM,WE,Federal Contract Tower,0,4,11,0,15,0,0,59,0,59,0,4,70,0,74,152,0,152,226
07/06/2003,OLM,WA,ANM,WE,Federal Contract Tower,0,5,11,0,16,0,0,119,0,119,0,5,130,0,135,120,0,120,255
07/07/2003,OLM,WA,ANM,WE,Federal Contract Tower,0,6,12,0,18,0,0,82,0,82,0,6,94,0,100,78,0,78,178
07/08/2003,OLM,WA,ANM,WE,Federal Contract Tower,0,12,35,2,49,0,0,113,2,115,0,12,148,4,164,124,0,124,288
07/09/2003,OLM,WA,ANM,WE,Federal Contract Tower,0,10,19,2,31,0,0,114,0,114,0,10,133,2,145,186,0,186,331
07/10/2003,OLM,WA,ANM,WE,Federal Contract Tower,0,9,50,4,63,0,0,164,0,164,0,9,214,4,227,182,18,200,427
07/11/2003,OLM,WA,ANM,WE,Federal Contract Tower,0,6,17,2,25,0,0,141,0,141,0,6,158,2,166,100,0,100,266
07/12/2003,OLM,WA,ANM,WE,Federal Contract Tower,0,0,16,0,16,0,0,119,10,129,0,0,135,10,145,170,0,170,315
07/13/2003,OLM,WA,ANM,WE,Federal Contract Tower,0,2,8,0,10,0,0,120,2,122,0,2,128,2,132,40,0,40,172
07/14/2003,OLM,WA,ANM,WE,Federal Contract Tower,0,7,16,0,23,0,0,109,0,109,0,7,125,0,132,168,0,168,300
07/15/2003,OLM,WA,ANM,WE,Federal Contract Tower,0,7,21,0,28,0,1,157,0,158,0,8,178,0,186,236,0,236,422
07/16/2003,OLM,WA,ANM,WE,Federal Contract Tower,0,8,39,0,47,0,2,109,6,117,0,10,148,6,164,146,0,146,310
07/17/2003,OLM,WA,ANM,WE,Federal Contract Tower,0,8,30,12,50,0,2,171,0,173,0,10,201,12,223,268,16,284,507
07/18/2003,OLM,WA,ANM,WE,Federal Contract Tower,0,6,32,2,40,0,0,152,4,156,0,6,184,6,196,178,2,180,376
07/19/2003,OLM,WA,ANM,WE,Federal Contract Tower,0,0,13,0,13,0,0,137,0,137,0,0,150,0,150,130,0,130,280
07/20/2003,OLM,WA,ANM,WE,Federal Contract Tower,0,2,15,0,17,0,0,130,0,130,0,2,145,0,147,110,0,110,257
07/21/2003,OLM,WA,ANM,WE,Federal Contract Tower,0,8,25,0,33,0,0,132,0,132,0,8,157,0,165,110,0,110,275
07/22/2003,OLM,WA,ANM,WE,Federal Contract Tower,0,9,11,0,20,0,0,131,3,134,0,9,142,3,154,158,0,158,312
07/23/2003,OLM,WA,ANM,WE,Federal Contract Tower,0,8,31,4,43,0,0,150,0,150,0,8,181,4,193,241,11,252,445
07/24/2003,OLM,WA,ANM,WE,Federal Contract Tower,0,8,18,0,26,0,2,124,6,132,0,10,142,6,158,308,0,308,466
07/25/2003,OLM,WA,ANM,WE,Federal Contract Tower,0,7,36,0,43,0,0,130,2,132,0,7,166,2,175,292,0,292,467
07/26/2003,OLM,WA,ANM,WE,Federal Contract Tower,0,2,15,0,17,0,0,126,0,126,0,2,141,0,143,162,0,162,305
07/27/2003,OLM,WA,ANM,WE,Federal Contract Tower,0,2,14,0,16,0,0,148,0,148,0,2,162,0,164,102,0,102,266
07/28/2003,OLM,WA,ANM,WE,Federal Contract Tower,0,6,24,2,32,0,0,126,2,128,0,6,150,4,160,154,0,154,314
07/29/2003,OLM,WA,ANM,WE,Federal Contract Tower,0,6,20,0,26,0,2,166,8,176,0,8,186,8,202,255,4,259,461
07/30/2003,OLM,WA,ANM,WE,Federal Contract Tower,0,9,36,0,45,0,0,80,0,80,0,9,116,0,125,126,0,126,251
07/31/2003,OLM,WA,ANM,WE,Federal Contract Tower,0,9,45,0,54,0,0,132,0,132,0,9,177,0,186,188,0,188,374
08/01/2003,OLM,WA,ANM,WE,Federal Contract Tower,0,7,49,0,56,0,0,100,2,102,0,7,149,2,158,202,0,202,360
08/02/2003,OLM,WA,ANM,WE,Federal Contract Tower,0,1,15,0,16,0,3,147,0,150,0,4,162,0,166,270,0,270,436
08/03/2003,OLM,WA,ANM,WE,Federal Contract Tower,0,3,12,0,15,0,5,118,0,123,0,8,130,0,138,162,0,162,300
08/04/2003,OLM,WA,ANM,WE,Federal Contract Tower,0,6,26,0,32,0,0,144,0,144,0,6,170,0,176,200,0,200,376
08/05/2003,OLM,WA,ANM,WE,Federal Contract Tower,0,7,22,1,30,0,0,112,1,113,0,7,134,2,143,160,0,160,303
08/06/2003,OLM,WA,ANM,WE,Federal Contract Tower,0,8,37,0,45,0,1,105,0,106,0,9,142,0,151,272,0,272,423
08/07/2003,OLM,WA,ANM,WE,Federal Contract Tower,0,10,38,8,56,0,0,130,0,130,0,10,168,8,186,222,0,222,408
08/08/2003,OLM,WA,ANM,WE,Federal Contract Tower,0,7,15,0,22,0,0,148,0,148,0,7,163,0,170,186,0,186,356
08/09/2003,OLM,WA,ANM,WE,Federal Contract Tower,0,0,24,0,24,0,0,132,0,132,0,0,156,0,156,160,0,160,316
08/10/2003,OLM,WA,ANM,WE,Federal Contract Tower,0,2,20,0,22,0,0,150,0,150,0,2,170,0,172,170,0,170,342
08/11/2003,OLM,WA,ANM,WE,Federal Contract Tower,0,7,36,2,45,0,1,144,6,151,0,8,180,8,196,136,0,136,332
08/12/2003,OLM,WA,ANM,WE,Federal Contract Tower,0,11,69,2,82,0,0,92,0,92,0,11,161,2,174,80,0,80,254
08/13/2003,OLM,WA,ANM,WE,Federal Contract Tower,0,8,29,0,37,0,3,129,0,132,0,11,158,0,169,252,0,252,421
08/14/2003,OLM,WA,ANM,WE,Federal Contract Tower,0,8,63,4,75,0,3,138,2,143,0,11,201,6,218,228,0,228,446
08/15/2003,OLM,WA,ANM,WE,Federal Contract Tower,0,7,43,0,50,0,2,150,2,154,0,9,193,2,204,240,0,240,444
08/16/2003,OLM,WA,ANM,WE,Federal Contract Tower,0,0,31,0,31,0,0,142,0,142,0,0,173,0,173,210,0,210,383
08/17/2003,OLM,WA,ANM,WE,Federal Contract Tower,0,2,20,0,22,0,0,181,0,181,0,2,201,0,203,230,0,230,433
08/18/2003,OLM,WA,ANM,WE,Federal Contract Tower,0,6,20,0,26,0,0,190,0,190,0,6,210,0,216,280,0,280,496
08/19/2003,OLM,WA,ANM,WE,Federal Contract Tower,0,10,28,2,40,0,2,192,10,204,0,12,220,12,244,240,0,240,484
08/20/2003,OLM,WA,ANM,WE,Federal Contract Tower,0,10,40,6,56,0,0,125,4,129,0,10,165,10,185,188,0,188,373
08/21/2003,OLM,WA,ANM,WE,Federal Contract Tower,0,8,52,0,60,0,0,153,8,161,0,8,205,8,221,230,0,230,451
08/22/2003,OLM,WA,ANM,WE,Federal Contract Tower,0,9,25,0,34,0,0,150,2,152,0,9,175,2,186,384,0,384,570
08/23/2003,OLM,WA,ANM,WE,Federal Contract Tower,0,2,47,0,49,0,0,135,0,135,0,2,182,0,184,348,0,348,532
08/24/2003,OLM,WA,ANM,WE,Federal Contract Tower,0,2,12,1,15,0,0,188,1,189,0,2,200,2,204,220,0,220,424
08/25/2003,OLM,WA,ANM,WE,Federal Contract Tower,0,7,36,0,43,0,1,164,0,165,0,8,200,0,208,160,0,160,368
08/26/2003,OLM,WA,ANM,WE,Federal Contract Tower,0,8,25,0,33,0,0,99,0,99,0,8,124,0,132,240,0,240,372
08/27/2003,OLM,WA,ANM,WE,Federal Contract Tower,0,9,43,4,56,0,0,103,0,103,0,9,146,4,159,282,0,282,441
08/28/2003,OLM,WA,ANM,WE,Federal Contract Tower,0,8,38,0,46,0,0,137,0,137,0,8,175,0,183,232,0,232,415
08/29/2003,OLM,WA,ANM,WE,Federal Contract Tower,0,4,59,0,63,0,0,139,0,139,0,4,198,0,202,376,0,376,578
08/30/2003,OLM,WA,ANM,WE,Federal Contract Tower,0,0,16,1,17,0,0,188,0,188,0,0,204,1,205,173,0,173,378
08/31/2003,OLM,WA,ANM,WE,Federal Contract Tower,0,3,18,0,21,0,0,152,1,153,0,3,170,1,174,100,0,100,274
09/01/2003,OLM,WA,ANM,WE,Federal Contract Tower,0,4,19,0,23,0,0,211,0,211,0,4,230,0,234,150,0,150,384
09/02/2003,OLM,WA,ANM,WE,Federal Contract Tower,0,8,14,0,22,0,0,111,4,115,0,8,125,4,137,172,0,172,309
09/03/2003,OLM,WA,ANM,WE,Federal Contract Tower,0,8,43,0,51,0,0,125,0,125,0,8,168,0,176,140,0,140,316
09/04/2003,OLM,WA,ANM,WE,Federal Contract Tower,0,8,42,3,53,0,0,119,0,119,0,8,161,3,172,276,0,276,448
09/05/2003,OLM,WA,ANM,WE,Federal Contract Tower,0,10,40,0,50,0,0,151,8,159,0,10,191,8,209,230,0,230,439
09/06/2003,OLM,WA,ANM,WE,Federal Contract Tower,0,0,20,0,20,0,5,137,2,144,0,5,157,2,164,180,0,180,344
09/07/2003,OLM,WA,ANM,WE,Federal Contract Tower,0,5,14,1,20,0,0,59,1,60,0,5,73,2,80,134,0,134,214
09/08/2003,OLM,WA,ANM,WE,Federal Contract Tower,0,7,26,1,34,0,0,124,2,126,0,7,150,3,160,150,0,150,310
09/09/2003,OLM,WA,ANM,WE,Federal Contract Tower,0,9,23,2,34,0,0,77,2,79,0,9,100,4,113,190,0,190,303
09/10/2003,OLM,WA,ANM,WE,Federal Contract Tower,0,11,62,0,73,0,0,34,2,36,0,11,96,2,109,72,0,72,181
09/11/2003,OLM,WA,ANM,WE,Federal Contract Tower,0,10,26,2,38,0,0,36,0,36,0,10,62,2,74,42,0,42,116
09/12/2003,OLM,WA,ANM,WE,Federal Contract Tower,0,7,33,0,40,0,3,148,6,157,0,10,181,6,197,278,0,278,475
09/13/2003,OLM,WA,ANM,WE,Federal Contract Tower,0,2,30,0,32,0,1,158,0,159,0,3,188,0,191,196,0,196,387
09/14/2003,OLM,WA,ANM,WE,Federal Contract Tower,0,2,17,0,19,0,1,103,0,104,0,3,120,0,123,112,0,112,235
09/15/2003,OLM,WA,ANM,WE,Federal Contract Tower,0,7,29,0,36,0,2,71,4,77,0,9,100,4,113,110,0,110,223
09/16/2003,OLM,WA,ANM,WE,Federal Contract Tower,0,7,20,0,27,0,1,90,4,95,0,8,110,4,122,78,4,82,204
09/17/2003,OLM,WA,ANM,WE,Federal Contract Tower,0,8,29,2,39,0,0,99,0,99,0,8,128,2,138,165,0,165,303
09/18/2003,OLM,WA,ANM,WE,Federal Contract Tower,0,8,28,2,38,0,0,78,0,78,0,8,106,2,116,108,0,108,224
09/19/2003,OLM,WA,ANM,WE,Federal Contract Tower,0,7,33,0,40,0,0,125,0,125,0,7,158,0,165,244,0,244,409
09/20/2003,OLM,WA,ANM,WE,Federal Contract Tower,0,0,37,0,37,0,0,117,0,117,0,0,154,0,154,162,0,162,316
09/21/2003,OLM,WA,ANM,WE,Federal Contract Tower,0,6,13,0,19,0,0,159,0,159,0,6,172,0,178,147,0,147,325
09/22/2003,OLM,WA,ANM,WE,Federal Contract Tower,0,9,28,0,37,0,2,172,0,174,0,11,200,0,211,200,0,200,411
09/23/2003,OLM,WA,ANM,WE,Federal Contract Tower,0,9,35,1,45,0,2,135,3,140,0,11,170,4,185,160,0,160,345
09/24/2003,OLM,WA,ANM,WE,Federal Contract Tower,0,8,46,2,56,0,3,128,6,137,0,11,174,8,193,180,0,180,373
09/25/2003,OLM,WA,ANM,WE,Federal Contract Tower,0,8,28,0,36,0,2,126,2,130,0,10,154,2,166,166,0,166,332
09/26/2003,OLM,WA,ANM,WE,Federal Contract Tower,0,9,43,0,52,0,0,168,0,168,0,9,211,0,220,102,0,102,322
09/27/2003,OLM,WA,ANM,WE,Federal Contract Tower,0,2,16,0,18,0,0,284,0,284,0,2,300,0,302,190,0,190,492
09/28/2003,OLM,WA,ANM,WE,Federal Contract Tower,0,4,11,0,15,0,0,229,0,229,0,4,240,0,244,270,0,270,514
09/29/2003,OLM,WA,ANM,WE,Federal Contract Tower,0,7,45,0,52,0,0,50,0,50,0,7,95,0,102,156,0,156,258
09/30/2003,OLM,WA,ANM,WE,Federal Contract Tower,0,7,46,6,59,0,0,87,0,87,0,7,133,6,146,197,0,197,343
10/01/2003,OLM,WA,ANM,WE,Federal Contract Tower,0,7,28,0,35,0,1,86,4,91,0,8,114,4,126,108,2,110,236
10/02/2003,OLM,WA,ANM,WE,Federal Contract Tower,0,8,30,0,38,0,2,29,0,31,0,10,59,0,69,162,0,162,231
10/03/2003,OLM,WA,ANM,WE,Federal Contract Tower,0,8,45,0,53,0,0,41,0,41,0,8,86,0,94,176,0,176,270
10/04/2003,OLM,WA,ANM,WE,Federal Contract Tower,0,2,14,0,16,0,0,5,0,5,0,2,19,0,21,20,0,20,41
10/05/2003,OLM,WA,ANM,WE,Federal Contract Tower,0,2,24,0,26,0,0,41,0,41,0,2,65,0,67,36,0,36,103
10/06/2003,OLM,WA,ANM,WE,Federal Contract Tower,0,7,51,0,58,0,0,74,2,76,0,7,125,2,134,108,0,108,242
10/07/2003,OLM,WA,ANM,WE,Federal Contract Tower,0,8,33,0,41,0,2,71,8,81,0,10,104,8,122,209,2,211,333
10/08/2003,OLM,WA,ANM,WE,Federal Contract Tower,0,5,20,0,25,0,7,22,0,29,0,12,42,0,54,46,0,46,100
10/09/2003,OLM,WA,ANM,WE,Federal Contract Tower,0,8,31,0,39,0,2,55,4,61,0,10,86,4,100,128,0,128,228
10/10/2003,OLM,WA,ANM,WE,Federal Contract Tower,0,7,32,0,39,0,0,59,0,59,0,7,91,0,98,252,0,252,350
10/11/2003,OLM,WA,ANM,WE,Federal Contract Tower,0,0,9,1,10,0,0,51,1,52,0,0,60,2,62,170,0,170,232
10/12/2003,OLM,WA,ANM,WE,Federal Contract Tower,0,3,15,0,18,0,1,55,0,56,0,4,70,0,74,70,0,70,144
10/13/2003,OLM,WA,ANM,WE,Federal Contract Tower,0,7,34,0,41,0,0,93,0,93,0,7,127,0,134,182,0,182,316
10/14/2003,OLM,WA,ANM,WE,Federal Contract Tower,0,9,43,1,53,0,1,95,1,97,0,10,138,2,150,211,0,211,361
10/15/2003,OLM,WA,ANM,WE,Federal Contract Tower,0,5,24,0,29,0,6,3,0,9,0,11,27,0,38,42,0,42,80
10/16/2003,OLM,WA,ANM,WE,Federal Contract Tower,0,9,39,1,49,0,3,3,1,7,0,12,42,2,56,54,0,54,110
10/17/2003,OLM,WA,ANM,WE,Federal Contract Tower,0,5,24,0,29,0,2,24,0,26,0,7,48,0,55,102,0,102,157
10/18/2003,OLM,WA,ANM,WE,Federal Contract Tower,0,3,18,0,21,0,0,132,1,133,0,3,150,1,154,340,0,340,494
10/19/2003,OLM,WA,ANM,WE,Federal Contract Tower,0,3,15,0,18,0,0,80,2,82,0,3,95,2,100,250,0,250,350
10/20/2003,OLM,WA,ANM,WE,Federal Contract Tower,0,3,17,0,20,0,4,0,0,4,0,7,17,0,24,0,0,0,24
10/21/2003,OLM,WA,ANM,WE,Federal Contract Tower,0,9,44,0,53,0,0,8,0,8,0,9,52,0,61,14,0,14,75
10/22/2003,OLM,WA,ANM,WE,Federal Contract Tower,0,8,36,0,44,0,2,39,0,41,0,10,75,0,85,58,0,58,143
10/23/2003,OLM,WA,ANM,WE,Federal Contract Tower,0,10,46,0,56,0,1,90,8,99,0,11,136,8,155,212,0,212,367
10/24/2003,OLM,WA,ANM,WE,Federal Contract Tower,0,6,31,0,37,0,1,116,2,119,0,7,147,2,156,246,0,246,402
10/25/2003,OLM,WA,ANM,WE,Federal Contract Tower,0,0,22,0,22,0,0,138,2,140,0,0,160,2,162,248,0,248,410
10/26/2003,OLM,WA,ANM,WE,Federal Contract Tower,0,1,9,0,10,0,3,151,0,154,0,4,160,0,164,210,0,210,374
10/27/2003,OLM,WA,ANM,WE,Federal Contract Tower,0,7,35,0,42,0,0,72,0,72,0,7,107,0,114,140,0,140,254
10/28/2003,OLM,WA,ANM,WE,Federal Contract Tower,0,9,50,0,59,0,0,3,2,5,0,9,53,2,64,0,0,0,64
10/29/2003,OLM,WA,ANM,WE,Federal Contract Tower,0,8,53,0,61,0,0,65,2,67,0,8,118,2,128,174,0,174,302
10/30/2003,OLM,WA,ANM,WE,Federal Contract Tower,0,9,46,0,55,0,0,86,0,86,0,9,132,0,141,98,0,98,239
10/31/2003,OLM,WA,ANM,WE,Federal Contract Tower,0,7,33,0,40,0,0,123,0,123,0,7,156,0,163,134,0,134,297
11/01/2003,OLM,WA,ANM,WE,Federal Contract Tower,0,5,17,0,22,0,2,138,6,146,0,7,155,6,168,234,0,234,402
11/02/2003,OLM,WA,ANM,WE,Federal Contract Tower,0,1,5,0,6,0,1,63,0,64,0,2,68,0,70,158,0,158,228
11/03/2003,OLM,WA,ANM,WE,Federal Contract Tower,0,4,25,0,29,0,0,74,0,74,0,4,99,0,103,153,0,153,256
11/04/2003,OLM,WA,ANM,WE,Federal Contract Tower,0,10,44,2,56,0,2,64,4,70,0,12,108,6,126,67,0,67,193
11/05/2003,OLM,WA,ANM,WE,Federal Contract Tower,0,7,44,2,53,0,0,118,0,118,0,7,162,2,171,96,0,96,267
11/06/2003,OLM,WA,ANM,WE,Federal Contract Tower,0,9,41,2,52,0,3,113,4,120,0,12,154,6,172,182,0,182,354
11/07/2003,OLM,WA,ANM,WE,Federal Contract Tower,0,9,44,2,55,0,0,81,16,97,0,9,125,18,152,192,0,192,344
11/08/2003,OLM,WA,ANM,WE,Federal Contract Tower,0,3,17,0,20,0,0,120,0,120,0,3,137,0,140,196,0,196,336
11/09/2003,OLM,WA,ANM,WE,Federal Contract Tower,0,4,16,0,20,0,0,152,0,152,0,4,168,0,172,216,0,216,388
11/10/2003,OLM,WA,ANM,WE,Federal Contract Tower,0,6,23,1,30,0,1,23,3,27,0,7,46,4,57,32,0,32,89
11/11/2003,OLM,WA,ANM,WE,Federal Contract Tower,0,5,21,1,27,0,7,48,3,58,0,12,69,4,85,95,0,95,180
11/12/2003,OLM,WA,ANM,WE,Federal Contract Tower,0,10,52,0,62,0,0,24,0,24,0,10,76,0,86,94,0,94,180
11/13/2003,OLM,WA,ANM,WE,Federal Contract Tower,0,9,53,0,62,0,0,48,0,48,0,9,101,0,110,94,0,94,204
11/14/2003,OLM,WA,ANM,WE,Federal Contract Tower,0,6,49,0,55,0,0,64,0,64,0,6,113,0,119,210,0,210,329
11/15/2003,OLM,WA,ANM,WE,Federal Contract Tower,0,3,13,0,16,0,0,50,0,50,0,3,63,0,66,70,0,70,136
11/16/2003,OLM,WA,ANM,WE,Federal Contract Tower,0,0,4,0,4,0,2,2,2,6,0,2,6,2,10,2,0,2,12
11/17/2003,OLM,WA,ANM,WE,Federal Contract Tower,0,4,18,0,22,0,4,30,0,34,0,8,48,0,56,126,0,126,182
11/18/2003,OLM,WA,ANM,WE,Federal Contract Tower,0,3,15,0,18,0,8,0,0,8,0,11,15,0,26,20,0,20,46
11/19/2003,OLM,WA,ANM,WE,Federal Contract Tower,0,5,20,0,25,0,6,6,0,12,0,11,26,0,37,42,0,42,79
11/20/2003,OLM,WA,ANM,WE,Federal Contract Tower,0,2,7,0,9,0,7,0,0,7,0,9,7,0,16,82,0,82,98
11/21/2003,OLM,WA,ANM,WE,Federal Contract Tower,0,6,28,0,34,0,0,33,4,37,0,6,61,4,71,90,0,90,161
11/22/2003,OLM,WA,ANM,WE,Federal Contract Tower,0,1,11,0,12,0,0,149,0,149,0,1,160,0,161,176,0,176,337
11/23/2003,OLM,WA,ANM,WE,Federal Contract Tower,0,1,5,0,6,0,1,33,0,34,0,2,38,0,40,46,0,46,86
11/24/2003,OLM,WA,ANM,WE,Federal Contract Tower,0,6,39,0,45,0,0,55,2,57,0,6,94,2,102,113,0,113,215
11/25/2003,OLM,WA,ANM,WE,Federal Contract Tower,0,7,30,0,37,0,1,24,2,27,0,8,54,2,64,48,0,48,112
11/26/2003,OLM,WA,ANM,WE,Federal Contract Tower,0,4,37,0,41,0,0,49,10,59,0,4,86,10,100,106,0,106,206
11/27/2003,OLM,WA,ANM,WE,Federal Contract Tower,0,1,18,0,19,0,0,49,0,49,0,1,67,0,68,32,0,32,100
11/28/2003,OLM,WA,ANM,WE,Federal Contract Tower,0,2,12,0,14,0,2,20,0,22,0,4,32,0,36,18,0,18,54
11/29/2003,OLM,WA,ANM,WE,Federal Contract Tower,0,2,28,0,30,0,0,57,0,57,0,2,85,0,87,205,0,205,292
11/30/2003,OLM,WA,ANM,WE,Federal Contract Tower,0,2,19,0,21,0,0,116,0,116,0,2,135,0,137,206,0,206,343
12/01/2003,OLM,WA,ANM,WE,Federal Contract Tower,0,7,28,0,35,0,0,1,0,1,0,7,29,0,36,0,0,0,36
12/02/2003,OLM,WA,ANM,WE,Federal Contract Tower,0,8,33,0,41,0,2,44,0,46,0,10,77,0,87,124,0,124,211
12/03/2003,OLM,WA,ANM,WE,Federal Contract Tower,0,8,35,2,45,0,3,41,0,44,0,11,76,2,89,173,0,173,262
12/04/2003,OLM,WA,ANM,WE,Federal Contract Tower,0,6,20,1,27,0,2,35,1,38,0,8,55,2,65,100,0,100,165
12/05/2003,OLM,WA,ANM,WE,Federal Contract Tower,0,4,15,0,19,0,4,12,0,16,0,8,27,0,35,110,0,110,145
12/06/2003,OLM,WA,ANM,WE,Federal Contract Tower,0,3,12,0,15,0,2,87,0,89,0,5,99,0,104,128,0,128,232
12/07/2003,OLM,WA,ANM,WE,Federal Contract Tower,0,4,15,0,19,0,1,40,0,41,0,5,55,0,60,215,0,215,275
12/08/2003,OLM,WA,ANM,WE,Federal Contract Tower,0,7,25,0,32,0,3,33,0,36,0,10,58,0,68,110,0,110,178
12/09/2003,OLM,WA,ANM,WE,Federal Contract Tower,0,8,34,2,44,0,2,43,7,52,0,10,77,9,96,112,2,114,210
12/10/2003,OLM,WA,ANM,WE,Federal Contract Tower,0,8,27,1,36,0,2,25,3,30,0,10,52,4,66,52,0,52,118
12/11/2003,OLM,WA,ANM,WE,Federal Contract Tower,0,9,45,2,56,0,0,89,0,89,0,9,134,2,145,168,0,168,313
12/12/2003,OLM,WA,ANM,WE,Federal Contract Tower,0,8,37,2,47,0,0,41,0,41,0,8,78,2,88,100,0,100,188
12/13/2003,OLM,WA,ANM,WE,Federal Contract Tower,0,3,16,0,19,0,0,49,0,49,0,3,65,0,68,60,0,60,128
12/14/2003,OLM,WA,ANM,WE,Federal Contract Tower,0,2,6,1,9,0,2,34,3,39,0,4,40,4,48,25,0,25,73
12/15/2003,OLM,WA,ANM,WE,Federal Contract Tower,0,7,43,1,51,0,0,75,2,77,0,7,118,3,128,110,0,110,238
12/16/2003,OLM,WA,ANM,WE,Federal Contract Tower,0,4,18,0,22,0,9,2,6,17,0,13,20,6,39,8,9,17,56
12/17/2003,OLM,WA,ANM,WE,Federal Contract Tower,0,4,40,1,45,0,0,47,0,47,0,4,87,1,92,170,0,170,262
12/18/2003,OLM,WA,ANM,WE,Federal Contract Tower,0,12,64,1,77,0,0,149,11,160,0,12,213,12,237,160,16,176,413
12/19/2003,OLM,WA,ANM,WE,Federal Contract Tower,0,7,35,1,43,0,0,85,2,87,0,7,120,3,130,80,0,80,210
12/20/2003,OLM,WA,ANM,WE,Federal Contract Tower,0,1,14,0,15,0,0,36,2,38,0,1,50,2,53,65,0,65,118
12/21/2003,OLM,WA,ANM,WE,Federal Contract Tower,0,2,22,0,24,0,0,103,6,109,0,2,125,6,133,190,0,190,323
12/22/2003,OLM,WA,ANM,WE,Federal Contract Tower,0,4,22,0,26,0,0,38,0,38,0,4,60,0,64,58,0,58,122
12/23/2003,OLM,WA,ANM,WE,Federal Contract Tower,0,4,15,0,19,0,2,43,2,47,0,6,58,2,66,50,0,50,116
12/24/2003,OLM,WA,ANM,WE,Federal Contract Tower,0,1,7,0,8,0,5,8,0,13,0,6,15,0,21,38,0,38,59
12/25/2003,OLM,WA,ANM,WE,Federal Contract Tower,0,0,1,0,1,0,1,16,0,17,0,1,17,0,18,16,0,16,34
12/26/2003,OLM,WA,ANM,WE,Federal Contract Tower,0,5,34,0,39,0,0,20,2,22,0,5,54,2,61,40,2,42,103
12/27/2003,OLM,WA,ANM,WE,Federal Contract Tower,0,1,11,0,12,0,0,15,0,15,0,1,26,0,27,8,0,8,35
12/28/2003,OLM,WA,ANM,WE,Federal Contract Tower,0,2,7,0,9,0,0,63,3,66,0,2,70,3,75,80,0,80,155
12/29/2003,OLM,WA,ANM,WE,Federal Contract Tower,0,2,11,0,13,0,3,89,1,93,0,5,100,1,106,96,0,96,202
12/30/2003,OLM,WA,ANM,WE,Federal Contract Tower,0,5,24,0,29,0,0,106,2,108,0,5,130,2,137,126,0,126,263
12/31/2003,OLM,WA,ANM,WE,Federal Contract Tower,0,5,21,0,26,0,0,4,0,4,0,5,25,0,30,44,0,44,74
01/01/2004,OLM,WA,ANM,WE,Federal Contract Tower,0,1,5,0,6,0,0,7,0,7,0,1,12,0,13,0,0,0,13
01/02/2004,OLM,WA,ANM,WE,Federal Contract Tower,0,5,15,0,20,0,2,0,0,2,0,7,15,0,22,2,0,2,24
01/03/2004,OLM,WA,ANM,WE,Federal Contract Tower,0,1,2,0,3,0,2,0,0,2,0,3,2,0,5,2,0,2,7
01/04/2004,OLM,WA,ANM,WE,Federal Contract Tower,0,1,14,0,15,0,0,76,0,76,0,1,90,0,91,100,0,100,191
01/05/2004,OLM,WA,ANM,WE,Federal Contract Tower,0,4,10,1,15,0,3,32,3,38,0,7,42,4,53,60,4,64,117
01/06/2004,OLM,WA,ANM,WE,Federal Contract Tower,0,0,0,0,0,0,0,0,0,0,0,0,0,0,0,0,0,0,0
01/07/2004,OLM,WA,ANM,WE,Federal Contract Tower,0,2,4,1,7,0,1,5,1,7,0,3,9,2,14,0,0,0,14
01/08/2004,OLM,WA,ANM,WE,Federal Contract Tower,0,1,10,1,12,0,0,23,1,24,0,1,33,2,36,60,0,60,96
01/09/2004,OLM,WA,ANM,WE,Federal Contract Tower,0,5,14,0,19,0,2,63,6,71,0,7,77,6,90,98,0,98,188
01/10/2004,OLM,WA,ANM,WE,Federal Contract Tower,0,1,10,0,11,0,0,14,0,14,0,1,24,0,25,6,0,6,31
01/11/2004,OLM,WA,ANM,WE,Federal Contract Tower,0,2,15,0,17,0,0,55,0,55,0,2,70,0,72,130,0,130,202
01/12/2004,OLM,WA,ANM,WE,Federal Contract Tower,0,9,23,0,32,0,0,61,1,62,0,9,84,1,94,80,0,80,174
01/13/2004,OLM,WA,ANM,WE,Federal Contract Tower,0,8,22,0,30,0,3,73,14,90,0,11,95,14,120,116,0,116,236
01/14/2004,OLM,WA,ANM,WE,Federal Contract Tower,0,8,26,3,37,0,4,4,1,9,0,12,30,4,46,42,0,42,88
01/15/2004,OLM,WA,ANM,WE,Federal Contract Tower,0,6,23,0,29,0,0,57,4,61,0,6,80,4,90,50,0,50,140
01/16/2004,OLM,WA,ANM,WE,Federal Contract Tower,0,9,23,0,32,0,2,82,0,84,0,11,105,0,116,150,0,150,266
01/17/2004,OLM,WA,ANM,WE,Federal Contract Tower,0,2,20,0,22,0,0,138,0,138,0,2,158,0,160,180,0,180,340
01/18/2004,OLM,WA,ANM,WE,Federal Contract Tower,0,2,19,0,21,0,0,26,0,26,0,2,45,0,47,65,0,65,112
01/19/2004,OLM,WA,ANM,WE,Federal Contract Tower,0,7,18,0,25,0,0,62,0,62,0,7,80,0,87,92,0,92,179
01/20/2004,OLM,WA,ANM,WE,Federal Contract Tower,0,9,26,2,37,0,1,31,0,32,0,10,57,2,69,36,0,36,105
01/21/2004,OLM,WA,ANM,WE,Federal Contract Tower,0,11,30,1,42,0,1,31,0,32,0,12,61,1,74,122,0,122,196
01/22/2004,OLM,WA,ANM,WE,Federal Contract Tower,0,9,27,2,38,0,0,97,0,97,0,9,124,2,135,144,0,144,279
01/23/2004,OLM,WA,ANM,WE,Federal Contract Tower,0,10,3,0,13,0,0,0,0,0,0,10,3,0,13,14,0,14,27
01/24/2004,OLM,WA,ANM,WE,Federal Contract Tower,0,1,10,0,11,0,0,40,0,40,0,1,50,0,51,160,0,160,211
01/25/2004,OLM,WA,ANM,WE,Federal Contract Tower,0,2,8,0,10,0,0,82,0,82,0,2,90,0,92,210,0,210,302
01/26/2004,OLM,WA,ANM,WE,Federal Contract Tower,0,4,13,0,17,0,4,29,0,33,0,8,42,0,50,132,0,132,182
01/27/2004,OLM,WA,ANM,WE,Federal Contract Tower,0,9,25,0,34,0,1,85,13,99,0,10,110,13,133,214,0,214,347
01/28/2004,OLM,WA,ANM,WE,Federal Contract Tower,0,8,21,0,29,0,1,0,0,1,0,9,21,0,30,4,0,4,34
01/29/2004,OLM,WA,ANM,WE,Federal Contract Tower,0,9,24,0,33,0,1,1,0,2,0,10,25,0,35,8,0,8,43
01/30/2004,OLM,WA,ANM,WE,Federal Contract Tower,0,3,8,0,11,0,7,14,2,23,0,10,22,2,34,60,0,60,94
01/31/2004,OLM,WA,ANM,WE,Federal Contract Tower,0,1,13,0,14,0,0,32,0,32,0,1,45,0,46,150,0,150,196
02/01/2004,OLM,WA,ANM,WE,Federal Contract Tower,0,4,18,0,22,0,0,72,0,72,0,4,90,0,94,150,0,150,244
02/02/2004,OLM,WA,ANM,WE,Federal Contract Tower,0,6,21,0,27,0,9,44,0,53,0,15,65,0,80,110,0,110,190
02/03/2004,OLM,WA,ANM,WE,Federal Contract Tower,0,8,30,2,40,0,2,100,0,102,0,10,130,2,142,220,0,220,362
02/04/2004,OLM,WA,ANM,WE,Federal Contract Tower,0,5,18,1,24,0,4,68,4,76,0,9,86,5,100,204,0,204,304
02/05/2004,OLM,WA,ANM,WE,Federal Contract Tower,0,6,21,1,28,0,0,37,3,40,0,6,58,4,68,100,0,100,168
02/06/2004,OLM,WA,ANM,WE,Federal Contract Tower,0,6,20,0,26,0,4,45,0,49,0,10,65,0,75,86,0,86,161
02/07/2004,OLM,WA,ANM,WE,Federal Contract Tower,0,3,13,0,16,0,0,117,0,117,0,3,130,0,133,240,0,240,373
02/08/2004,OLM,WA,ANM,WE,Federal Contract Tower,0,3,17,1,21,0,0,184,3,187,0,3,201,4,208,210,0,210,418
02/09/2004,OLM,WA,ANM,WE,Federal Contract Tower,0,6,20,0,26,0,1,60,0,61,0,7,80,0,87,62,0,62,149
02/10/2004,OLM,WA,ANM,WE,Federal Contract Tower,0,7,20,1,28,0,1,125,3,129,0,8,145,4,157,100,0,100,257
02/11/2004,OLM,WA,ANM,WE,Federal Contract Tower,0,11,42,2,55,0,0,120,2,122,0,11,162,4,177,124,0,124,301
02/12/2004,OLM,WA,ANM,WE,Federal Contract Tower,0,8,26,0,34,0,2,154,0,156,0,10,180,0,190,180,0,180,370
02/13/2004,OLM,WA,ANM,WE,Federal Contract Tower,0,8,24,0,32,0,0,82,0,82,0,8,106,0,114,136,0,136,250
02/14/2004,OLM,WA,ANM,WE,Federal Contract Tower,0,1,13,0,14,0,0,57,0,57,0,1,70,0,71,155,0,155,226
02/15/2004,OLM,WA,ANM,WE,Federal Contract Tower,0,2,6,1,9,0,0,79,0,79,0,2,85,1,88,210,0,210,298
02/16/2004,OLM,WA,ANM,WE,Federal Contract Tower,0,6,19,1,26,0,2,33,0,35,0,8,52,1,61,84,0,84,145
02/17/2004,OLM,WA,ANM,WE,Federal Contract Tower,0,9,30,0,39,0,1,42,0,43,0,10,72,0,82,60,0,60,142
02/18/2004,OLM,WA,ANM,WE,Federal Contract Tower,0,9,31,0,40,0,1,51,0,52,0,10,82,0,92,128,0,128,220
02/19/2004,OLM,WA,ANM,WE,Federal Contract Tower,0,8,27,0,35,0,2,85,7,94,0,10,112,7,129,148,0,148,277
02/20/2004,OLM,WA,ANM,WE,Federal Contract Tower,0,7,29,0,36,0,0,62,0,62,0,7,91,0,98,180,0,180,278
02/21/2004,OLM,WA,ANM,WE,Federal Contract Tower,0,3,16,0,19,0,0,114,0,114,0,3,130,0,133,170,0,170,303
02/22/2004,OLM,WA,ANM,WE,Federal Contract Tower,0,2,10,0,12,0,0,200,0,200,0,2,210,0,212,202,0,202,414
02/23/2004,OLM,WA,ANM,WE,Federal Contract Tower,0,7,24,0,31,0,0,92,0,92,0,7,116,0,123,155,0,155,278
02/24/2004,OLM,WA,ANM,WE,Federal Contract Tower,0,7,21,0,28,0,0,36,0,36,0,7,57,0,64,26,0,26,90
02/25/2004,OLM,WA,ANM,WE,Federal Contract Tower,0,6,19,0,25,0,7,21,2,30,0,13,40,2,55,100,0,100,155
02/26/2004,OLM,WA,ANM,WE,Federal Contract Tower,0,7,27,0,34,0,0,25,0,25,0,7,52,0,59,80,0,80,139
02/27/2004,OLM,WA,ANM,WE,Federal Contract Tower,0,8,30,0,38,0,2,80,0,82,0,10,110,0,120,170,0,170,290
02/28/2004,OLM,WA,ANM,WE,Federal Contract Tower,0,1,19,0,20,0,0,196,0,196,0,1,215,0,216,225,0,225,441
02/29/2004,OLM,WA,ANM,WE,Federal Contract Tower,0,2,21,0,23,0,0,94,0,94,0,2,115,0,117,155,0,155,272
03/01/2004,OLM,WA,ANM,WE,Federal Contract Tower,0,6,23,0,29,0,0,99,0,99,0,6,122,0,128,110,0,110,238
03/02/2004,OLM,WA,ANM,WE,Federal Contract Tower,0,11,35,0,46,0,2,162,0,164,0,13,197,0,210,170,0,170,380
03/03/2004,OLM,WA,ANM,WE,Federal Contract Tower,0,8,27,1,36,0,3,11,3,17,0,11,38,4,53,79,0,79,132
03/04/2004,OLM,WA,ANM,WE,Federal Contract Tower,0,7,26,1,34,0,2,40,5,47,0,9,66,6,81,112,0,112,193
03/05/2004,OLM,WA,ANM,WE,Federal Contract Tower,0,3,9,0,12,0,4,8,0,12,0,7,17,0,24,0,0,0,24
03/06/2004,OLM,WA,ANM,WE,Federal Contract Tower,0,3,11,1,15,0,0,104,1,105,0,3,115,2,120,250,0,250,370
03/07/2004,OLM,WA,ANM,WE,Federal Contract Tower,0,5,16,1,22,0,2,49,1,52,0,7,65,2,74,85,0,85,159
03/08/2004,OLM,WA,ANM,WE,Federal Contract Tower,0,6,18,0,24,0,1,110,0,111,0,7,128,0,135,176,0,176,311
03/09/2004,OLM,WA,ANM,WE,Federal Contract Tower,0,7,20,0,27,0,3,81,0,84,0,10,101,0,111,268,0,268,379
03/10/2004,OLM,WA,ANM,WE,Federal Contract Tower,0,10,31,1,42,0,14,93,9,116,0,24,124,10,158,226,0,226,384
03/11/2004,OLM,WA,ANM,WE,Federal Contract Tower,0,9,25,1,35,0,6,126,8,140,0,15,151,9,175,175,2,177,352
03/12/2004,OLM,WA,ANM,WE,Federal Contract Tower,0,11,31,1,43,0,8,72,1,81,0,19,103,2,124,256,0,256,380
03/13/2004,OLM,WA,ANM,WE,Federal Contract Tower,0,3,20,0,23,0,0,225,0,225,0,3,245,0,248,290,0,290,538
03/14/2004,OLM,WA,ANM,WE,Federal Contract Tower,0,3,22,0,25,0,0,88,0,88,0,3,110,0,113,105,0,105,218
03/15/2004,OLM,WA,ANM,WE,Federal Contract Tower,0,7,21,1,29,0,1,109,3,113,0,8,130,4,142,146,0,146,288
03/16/2004,OLM,WA,ANM,WE,Federal Contract Tower,0,10,28,1,39,0,0,82,3,85,0,10,110,4,124,120,0,120,244
03/17/2004,OLM,WA,ANM,WE,Federal Contract Tower,0,8,26,0,34,0,0,54,0,54,0,8,80,0,88,209,0,209,297
03/18/2004,OLM,WA,ANM,WE,Federal Contract Tower,0,4,13,0,17,0,6,14,0,20,0,10,27,0,37,96,0,96,133
03/19/2004,OLM,WA,ANM,WE,Federal Contract Tower,0,7,29,0,36,0,0,51,4,55,0,7,80,4,91,312,0,312,403
03/20/2004,OLM,WA,ANM,WE,Federal Contract Tower,0,1,13,0,14,0,0,212,0,212,0,1,225,0,226,360,0,360,586
03/21/2004,OLM,WA,ANM,WE,Federal Contract Tower,0,2,17,0,19,0,0,253,0,253,0,2,270,0,272,205,0,205,477
03/22/2004,OLM,WA,ANM,WE,Federal Contract Tower,0,7,26,0,33,0,0,89,4,93,0,7,115,4,126,72,0,72,198
03/23/2004,OLM,WA,ANM,WE,Federal Contract Tower,0,9,29,0,38,0,0,121,6,127,0,9,150,6,165,70,0,70,235
03/24/2004,OLM,WA,ANM,WE,Federal Contract Tower,0,6,18,0,24,0,3,27,0,30,0,9,45,0,54,24,0,24,78
03/25/2004,OLM,WA,ANM,WE,Federal Contract Tower,0,9,38,0,47,0,0,21,3,24,0,9,59,3,71,76,0,76,147
03/26/2004,OLM,WA,ANM,WE,Federal Contract Tower,0,7,21,0,28,0,1,29,2,32,0,8,50,2,60,38,0,38,98
03/27/2004,OLM,WA,ANM,WE,Federal Contract Tower,0,1,13,0,14,0,0,92,2,94,0,1,105,2,108,101,0,101,209
03/28/2004,OLM,WA,ANM,WE,Federal Contract Tower,0,2,14,0,16,0,0,171,0,171,0,2,185,0,187,200,0,200,387
03/29/2004,OLM,WA,ANM,WE,Federal Contract Tower,0,5,17,0,22,0,4,151,2,157,0,9,168,2,179,220,0,220,399
03/30/2004,OLM,WA,ANM,WE,Federal Contract Tower,0,8,23,0,31,0,2,77,0,79,0,10,100,0,110,104,0,104,214
03/31/2004,OLM,WA,ANM,WE,Federal Contract Tower,0,13,47,1,61,0,0,107,1,108,0,13,154,2,169,151,0,151,320
04/01/2004,OLM,WA,ANM,WE,Federal Contract Tower,0,9,39,2,50,0,0,81,0,81,0,9,120,2,131,73,0,73,204
04/02/2004,OLM,WA,ANM,WE,Federal Contract Tower,0,6,33,2,41,0,0,122,1,123,0,6,155,3,164,149,0,149,313
04/03/2004,OLM,WA,ANM,WE,Federal Contract Tower,0,3,15,0,18,0,1,140,0,141,0,4,155,0,159,180,0,180,339
04/04/2004,OLM,WA,ANM,WE,Federal Contract Tower,0,2,13,0,15,0,0,102,0,102,0,2,115,0,117,180,0,180,297
04/05/2004,OLM,WA,ANM,WE,Federal Contract Tower,0,6,17,0,23,0,1,83,0,84,0,7,100,0,107,136,0,136,243
04/06/2004,OLM,WA,ANM,WE,Federal Contract Tower,0,7,22,1,30,0,3,83,7,93,0,10,105,8,123,162,0,162,285
04/07/2004,OLM,WA,ANM,WE,Federal Contract Tower,0,6,19,1,26,0,1,82,0,83,0,7,101,1,109,102,2,104,213
04/08/2004,OLM,WA,ANM,WE,Federal Contract Tower,0,4,13,0,17,0,1,78,0,79,0,5,91,0,96,126,0,126,222
04/09/2004,OLM,WA,ANM,WE,Federal Contract Tower,0,11,37,2,50,0,2,120,6,128,0,13,157,8,178,288,4,292,470
04/10/2004,OLM,WA,ANM,WE,Federal Contract Tower,0,2,14,0,16,0,0,161,0,161,0,2,175,0,177,200,0,200,377
04/11/2004,OLM,WA,ANM,WE,Federal Contract Tower,0,1,5,0,6,0,1,120,0,121,0,2,125,0,127,35,0,35,162
04/12/2004,OLM,WA,ANM,WE,Federal Contract Tower,0,6,20,0,26,0,0,113,0,113,0,6,133,0,139,246,0,246,385
04/13/2004,OLM,WA,ANM,WE,Federal Contract Tower,0,8,23,1,32,0,2,97,1,100,0,10,120,2,132,130,0,130,262
04/14/2004,OLM,WA,ANM,WE,Federal Contract Tower,0,3,9,0,12,0,5,35,0,40,0,8,44,0,52,10,0,10,62
04/15/2004,OLM,WA,ANM,WE,Federal Contract Tower,0,9,27,1,37,0,1,68,3,72,0,10,95,4,109,0,66,66,175
04/16/2004,OLM,WA,ANM,WE,Federal Contract Tower,0,6,23,0,29,0,0,79,0,79,0,6,102,0,108,226,0,226,334
04/17/2004,OLM,WA,ANM,WE,Federal Contract Tower,0,1,16,0,17,0,0,109,4,113,0,1,125,4,130,120,0,120,250
04/18/2004,OLM,WA,ANM,WE,Federal Contract Tower,0,2,12,0,14,0,0,92,0,92,0,2,104,0,106,70,0,70,176
04/19/2004,OLM,WA,ANM,WE,Federal Contract Tower,0,7,25,0,32,0,0,47,15,62,0,7,72,15,94,32,0,32,126
04/20/2004,OLM,WA,ANM,WE,Federal Contract Tower,0,8,25,0,33,0,1,51,4,56,0,9,76,4,89,62,0,62,151
04/21/2004,OLM,WA,ANM,WE,Federal Contract Tower,0,9,31,0,40,0,0,104,2,106,0,9,135,2,146,263,0,263,409
04/22/2004,OLM,WA,ANM,WE,Federal Contract Tower,0,7,23,0,30,0,3,197,6,206,0,10,220,6,236,396,0,396,632
04/23/2004,OLM,WA,ANM,WE,Federal Contract Tower,0,8,24,0,32,0,0,90,0,90,0,8,114,0,122,190,0,190,312
04/24/2004,OLM,WA,ANM,WE,Federal Contract Tower,0,0,12,0,12,0,0,188,0,188,0,0,200,0,200,250,0,250,450
04/25/2004,OLM,WA,ANM,WE,Federal Contract Tower,0,3,12,0,15,0,0,163,0,163,0,3,175,0,178,260,0,260,438
04/26/2004,OLM,WA,ANM,WE,Federal Contract Tower,0,6,19,0,25,0,5,123,0,128,0,11,142,0,153,168,0,168,321
04/27/2004,OLM,WA,ANM,WE,Federal Contract Tower,0,7,22,0,29,0,3,50,0,53,0,10,72,0,82,64,0,64,146
04/28/2004,OLM,WA,ANM,WE,Federal Contract Tower,0,9,33,1,43,0,3,103,5,111,0,12,136,6,154,286,0,286,440
04/29/2004,OLM,WA,ANM,WE,Federal Contract Tower,0,8,25,0,33,0,2,151,0,153,0,10,176,0,186,292,0,292,478
04/30/2004,OLM,WA,ANM,WE,Federal Contract Tower,0,10,30,0,40,0,1,128,4,133,0,11,158,4,173,266,0,266,439
05/01/2004,OLM,WA,ANM,WE,Federal Contract Tower,0,0,9,1,10,0,0,166,0,166,0,0,175,1,176,225,0,225,401
05/02/2004,OLM,WA,ANM,WE,Federal Contract Tower,0,1,16,0,17,0,0,139,0,139,0,1,155,0,156,85,0,85,241
05/03/2004,OLM,WA,ANM,WE,Federal Contract Tower,0,4,17,0,21,0,3,75,0,78,0,7,92,0,99,74,0,74,173
05/04/2004,OLM,WA,ANM,WE,Federal Contract Tower,0,6,25,1,32,0,1,56,1,58,0,7,81,2,90,86,0,86,176
05/05/2004,OLM,WA,ANM,WE,Federal Contract Tower,0,7,35,0,42,0,0,95,0,95,0,7,130,0,137,144,0,144,281
05/06/2004,OLM,WA,ANM,WE,Federal Contract Tower,0,9,38,0,47,0,2,172,0,174,0,11,210,0,221,224,0,224,445
05/07/2004,OLM,WA,ANM,WE,Federal Contract Tower,0,5,28,1,34,0,0,50,2,52,0,5,78,3,86,98,0,98,184
05/08/2004,OLM,WA,ANM,WE,Federal Contract Tower,0,1,19,0,20,0,0,78,0,78,0,1,97,0,98,106,0,106,204
05/09/2004,OLM,WA,ANM,WE,Federal Contract Tower,0,2,8,0,10,0,0,112,0,112,0,2,120,0,122,130,0,130,252
05/10/2004,OLM,WA,ANM,WE,Federal Contract Tower,0,4,17,0,21,0,4,55,0,59,0,8,72,0,80,82,0,82,162
05/11/2004,OLM,WA,ANM,WE,Federal Contract Tower,0,9,43,2,54,0,0,66,0,66,0,9,109,2,120,142,0,142,262
05/12/2004,OLM,WA,ANM,WE,Federal Contract Tower,0,9,39,0,48,0,0,94,2,96,0,9,133,2,144,168,1,169,313
05/13/2004,OLM,WA,ANM,WE,Federal Contract Tower,0,8,34,0,42,0,4,144,2,150,0,12,178,2,192,180,0,180,372
05/14/2004,OLM,WA,ANM,WE,Federal Contract Tower,0,7,43,0,50,0,0,153,0,153,0,7,196,0,203,224,0,224,427
05/15/2004,OLM,WA,ANM,WE,Federal Contract Tower,0,0,12,0,12,0,0,108,0,108,0,0,120,0,120,85,0,85,205
05/16/2004,OLM,WA,ANM,WE,Federal Contract Tower,0,3,28,0,31,0,0,100,2,102,0,3,128,2,133,130,0,130,263
05/17/2004,OLM,WA,ANM,WE,Federal Contract Tower,0,7,28,0,35,0,2,96,2,100,0,9,124,2,135,194,0,194,329
05/18/2004,OLM,WA,ANM,WE,Federal Contract Tower,0,8,36,0,44,0,2,90,6,98,0,10,126,6,142,128,8,136,278
05/19/2004,OLM,WA,ANM,WE,Federal Contract Tower,0,9,38,0,47,0,0,110,2,112,0,9,148,2,159,177,0,177,336
05/20/2004,OLM,WA,ANM,WE,Federal Contract Tower,0,7,29,0,36,0,3,122,28,153,0,10,151,28,189,336,0,336,525
05/21/2004,OLM,WA,ANM,WE,Federal Contract Tower,0,4,20,0,24,0,2,76,3,81,0,6,96,3,105,78,0,78,183
05/22/2004,OLM,WA,ANM,WE,Federal Contract Tower,0,1,7,0,8,0,0,30,2,32,0,1,37,2,40,155,0,155,195
05/23/2004,OLM,WA,ANM,WE,Federal Contract Tower,0,2,23,0,25,0,0,124,0,124,0,2,147,0,149,230,0,230,379
05/24/2004,OLM,WA,ANM,WE,Federal Contract Tower,0,6,25,0,31,0,2,136,2,140,0,8,161,2,171,246,0,246,417
05/25/2004,OLM,WA,ANM,WE,Federal Contract Tower,0,10,44,0,54,0,0,132,10,142,0,10,176,10,196,138,0,138,334
05/26/2004,OLM,WA,ANM,WE,Federal Contract Tower,0,7,29,0,36,0,4,10,3,17,0,11,39,3,53,80,0,80,133
05/27/2004,OLM,WA,ANM,WE,Federal Contract Tower,0,6,24,0,30,0,2,34,0,36,0,8,58,0,66,60,0,60,126
05/28/2004,OLM,WA,ANM,WE,Federal Contract Tower,0,4,20,0,24,0,1,42,0,43,0,5,62,0,67,52,0,52,119
05/29/2004,OLM,WA,ANM,WE,Federal Contract Tower,0,1,15,0,16,0,0,70,0,70,0,1,85,0,86,110,0,110,196
05/30/2004,OLM,WA,ANM,WE,Federal Contract Tower,0,3,12,0,15,0,1,36,0,37,0,4,48,0,52,38,0,38,90
05/31/2004,OLM,WA,ANM,WE,Federal Contract Tower,0,1,14,0,15,0,0,144,0,144,0,1,158,0,159,172,0,172,331
06/01/2004,OLM,WA,ANM,WE,Federal Contract Tower,0,12,38,0,50,0,1,86,0,87,0,13,124,0,137,192,0,192,329
06/02/2004,OLM,WA,ANM,WE,Federal Contract Tower,0,11,35,1,47,0,2,112,5,119,0,13,147,6,166,268,14,282,448
06/03/2004,OLM,WA,ANM,WE,Federal Contract Tower,0,9,37,1,47,0,0,143,5,148,0,9,180,6,195,244,0,244,439
06/04/2004,OLM,WA,ANM,WE,Federal Contract Tower,0,7,31,1,39,0,0,191,1,192,0,7,222,2,231,230,0,230,461
06/05/2004,OLM,WA,ANM,WE,Federal Contract Tower,0,1,8,0,9,0,0,87,0,87,0,1,95,0,96,130,0,130,226
06/06/2004,OLM,WA,ANM,WE,Federal Contract Tower,0,2,8,1,11,0,0,52,0,52,0,2,60,1,63,106,0,106,169
06/07/2004,OLM,WA,ANM,WE,Federal Contract Tower,0,8,26,1,35,0,0,100,2,102,0,8,126,3,137,230,0,230,367
06/08/2004,OLM,WA,ANM,WE,Federal Contract Tower,0,8,50,2,60,0,0,93,2,95,0,8,143,4,155,106,0,106,261
06/09/2004,OLM,WA,ANM,WE,Federal Contract Tower,0,8,41,2,51,0,0,69,4,73,0,8,110,6,124,162,0,162,286
06/10/2004,OLM,WA,ANM,WE,Federal Contract Tower,0,9,31,1,41,0,0,74,5,79,0,9,105,6,120,156,0,156,276
06/11/2004,OLM,WA,ANM,WE,Federal Contract Tower,0,5,22,1,28,0,0,103,3,106,0,5,125,4,134,250,0,250,384
06/12/2004,OLM,WA,ANM,WE,Federal Contract Tower,0,2,9,1,12,0,1,171,3,175,0,3,180,4,187,182,0,182,369
06/13/2004,OLM,WA,ANM,WE,Federal Contract Tower,0,4,12,1,17,0,0,83,1,84,0,4,95,2,101,85,0,85,186
06/14/2004,OLM,WA,ANM,WE,Federal Contract Tower,0,6,22,1,29,0,2,133,3,138,0,8,155,4,167,270,18,288,455
06/15/2004,OLM,WA,ANM,WE,Federal Contract Tower,0,9,31,1,41,0,6,157,7,170,0,15,188,8,211,240,0,240,451
06/16/2004,OLM,WA,ANM,WE,Federal Contract Tower,0,9,28,0,37,0,4,168,0,172,0,13,196,0,209,218,0,218,427
06/17/2004,OLM,WA,ANM,WE,Federal Contract Tower,0,7,24,1,32,0,5,206,23,234,0,12,230,24,266,84,0,84,350
06/18/2004,OLM,WA,ANM,WE,Federal Contract Tower,0,6,23,0,29,0,0,197,0,197,0,6,220,0,226,170,0,170,396
06/19/2004,OLM,WA,ANM,WE,Federal Contract Tower,0,0,4,0,4,0,2,706,2,710,0,2,710,2,714,170,0,170,884
06/20/2004,OLM,WA,ANM,WE,Federal Contract Tower,0,1,4,0,5,0,2,446,0,448,0,3,450,0,453,330,0,330,783
06/21/2004,OLM,WA,ANM,WE,Federal Contract Tower,0,8,29,0,37,0,0,175,2,177,0,8,204,2,214,194,0,194,408
06/22/2004,OLM,WA,ANM,WE,Federal Contract Tower,0,9,30,0,39,0,2,92,4,98,0,11,122,4,137,178,0,178,315
06/23/2004,OLM,WA,ANM,WE,Federal Contract Tower,0,3,10,0,13,0,3,150,7,160,0,6,160,7,173,186,2,188,361
06/24/2004,OLM,WA,ANM,WE,Federal Contract Tower,0,6,36,0,42,0,0,94,4,98,0,6,130,4,140,110,0,110,250
06/25/2004,OLM,WA,ANM,WE,Federal Contract Tower,0,7,28,0,35,0,0,106,4,110,0,7,134,4,145,158,0,158,303
06/26/2004,OLM,WA,ANM,WE,Federal Contract Tower,0,1,22,0,23,0,0,183,0,183,0,1,205,0,206,210,0,210,416
06/27/2004,OLM,WA,ANM,WE,Federal Contract Tower,0,3,12,0,15,0,0,144,0,144,0,3,156,0,159,104,0,104,263
06/28/2004,OLM,WA,ANM,WE,Federal Contract Tower,0,7,26,0,33,0,1,156,12,169,0,8,182,12,202,178,0,178,380
06/29/2004,OLM,WA,ANM,WE,Federal Contract Tower,0,11,38,0,49,0,3,130,25,158,0,14,168,25,207,196,1,197,404
06/30/2004,OLM,WA,ANM,WE,Federal Contract Tower,0,11,41,1,53,0,1,117,17,135,0,12,158,18,188,262,4,266,454
07/01/2004,OLM,WA,ANM,WE,Federal Contract Tower,0,5,27,1,33,0,0,137,3,140,0,5,164,4,173,114,0,114,287
07/02/2004,OLM,WA,ANM,WE,Federal Contract Tower,0,4,19,0,23,0,1,131,0,132,0,5,150,0,155,160,0,160,315
07/03/2004,OLM,WA,ANM,WE,Federal Contract Tower,0,4,24,0,28,0,0,186,0,186,0,4,210,0,214,225,0,225,439
07/04/2004,OLM,WA,ANM,WE,Federal Contract Tower,0,0,5,0,5,0,2,105,0,107,0,2,110,0,112,78,0,78,190
07/05/2004,OLM,WA,ANM,WE,Federal Contract Tower,0,5,19,0,24,0,0,182,0,182,0,5,201,0,206,120,0,120,326
07/06/2004,OLM,WA,ANM,WE,Federal Contract Tower,0,9,32,1,42,0,7,45,13,65,0,16,77,14,107,44,9,53,160
07/07/2004,OLM,WA,ANM,WE,Federal Contract Tower,0,7,25,1,33,0,5,76,13,94,0,12,101,14,127,58,0,58,185
07/08/2004,OLM,WA,ANM,WE,Federal Contract Tower,0,8,28,1,37,0,2,156,5,163,0,10,184,6,200,104,0,104,304
07/09/2004,OLM,WA,ANM,WE,Federal Contract Tower,0,7,31,1,39,0,0,149,4,153,0,7,180,5,192,88,0,88,280
07/10/2004,OLM,WA,ANM,WE,Federal Contract Tower,0,2,16,1,19,0,0,129,1,130,0,2,145,2,149,130,0,130,279
07/11/2004,OLM,WA,ANM,WE,Federal Contract Tower,0,2,20,0,22,0,0,142,0,142,0,2,162,0,164,102,0,102,266
07/12/2004,OLM,WA,ANM,WE,Federal Contract Tower,0,8,27,1,36,0,1,144,2,147,0,9,171,3,183,124,0,124,307
07/13/2004,OLM,WA,ANM,WE,Federal Contract Tower,0,8,27,1,36,0,0,91,4,95,0,8,118,5,131,224,0,224,355
07/14/2004,OLM,WA,ANM,WE,Federal Contract Tower,0,7,24,1,32,0,3,94,5,102,0,10,118,6,134,224,0,224,358
07/15/2004,OLM,WA,ANM,WE,Federal Contract Tower,0,10,37,1,48,0,0,123,0,123,0,10,160,1,171,204,0,204,375
07/16/2004,OLM,WA,ANM,WE,Federal Contract Tower,0,7,27,1,35,0,0,128,0,128,0,7,155,1,163,260,0,260,423
07/17/2004,OLM,WA,ANM,WE,Federal Contract Tower,0,4,22,1,27,0,0,148,1,149,0,4,170,2,176,205,0,205,381
07/18/2004,OLM,WA,ANM,WE,Federal Contract Tower,0,2,18,0,20,0,0,144,2,146,0,2,162,2,166,154,0,154,320
07/19/2004,OLM,WA,ANM,WE,Federal Contract Tower,0,6,20,0,26,0,2,127,2,131,0,8,147,2,157,182,6,188,345
07/20/2004,OLM,WA,ANM,WE,Federal Contract Tower,0,7,26,0,33,0,5,101,3,109,0,12,127,3,142,110,0,110,252
07/21/2004,OLM,WA,ANM,WE,Federal Contract Tower,0,9,33,0,42,0,2,130,4,136,0,11,163,4,178,171,0,171,349
07/22/2004,OLM,WA,ANM,WE,Federal Contract Tower,0,9,30,0,39,0,3,150,6,159,0,12,180,6,198,148,0,148,346
07/23/2004,OLM,WA,ANM,WE,Federal Contract Tower,0,6,22,0,28,0,1,128,3,132,0,7,150,3,160,232,0,232,392
07/24/2004,OLM,WA,ANM,WE,Federal Contract Tower,0,1,13,0,14,0,0,112,2,114,0,1,125,2,128,98,0,98,226
07/25/2004,OLM,WA,ANM,WE,Federal Contract Tower,0,4,21,0,25,0,0,111,0,111,0,4,132,0,136,124,0,124,260
07/26/2004,OLM,WA,ANM,WE,Federal Contract Tower,0,9,33,0,42,0,0,117,0,117,0,9,150,0,159,152,0,152,311
07/27/2004,OLM,WA,ANM,WE,Federal Contract Tower,0,11,42,0,53,0,0,106,2,108,0,11,148,2,161,126,0,126,287
07/28/2004,OLM,WA,ANM,WE,Federal Contract Tower,0,12,49,1,62,0,0,105,1,106,0,12,154,2,168,212,0,212,380
07/29/2004,OLM,WA,ANM,WE,Federal Contract Tower,0,11,39,0,50,0,3,150,0,153,0,14,189,0,203,110,0,110,313
07/30/2004,OLM,WA,ANM,WE,Federal Contract Tower,0,8,28,0,36,0,1,110,4,115,0,9,138,4,151,120,0,120,271
07/31/2004,OLM,WA,ANM,WE,Federal Contract Tower,0,1,12,0,13,0,0,158,2,160,0,1,170,2,173,125,0,125,298
08/01/2004,OLM,WA,ANM,WE,Federal Contract Tower,0,2,10,0,12,0,0,122,0,122,0,2,132,0,134,82,0,82,216
08/02/2004,OLM,WA,ANM,WE,Federal Contract Tower,0,3,26,0,29,0,0,129,8,137,0,3,155,8,166,75,0,75,241
08/03/2004,OLM,WA,ANM,WE,Federal Contract Tower,0,16,40,0,56,0,3,71,0,74,0,19,111,0,130,82,0,82,212
08/04/2004,OLM,WA,ANM,WE,Federal Contract Tower,0,10,28,0,38,0,0,48,0,48,0,10,76,0,86,158,0,158,244
08/05/2004,OLM,WA,ANM,WE,Federal Contract Tower,0,8,19,0,27,0,2,95,5,102,0,10,114,5,129,128,2,130,259
08/06/2004,OLM,WA,ANM,WE,Federal Contract Tower,0,7,19,0,26,0,0,41,0,41,0,7,60,0,67,38,0,38,105
08/07/2004,OLM,WA,ANM,WE,Federal Contract Tower,0,2,17,0,19,0,0,108,0,108,0,2,125,0,127,155,0,155,282
08/08/2004,OLM,WA,ANM,WE,Federal Contract Tower,0,2,7,1,10,0,0,120,0,120,0,2,127,1,130,66,0,66,196
08/09/2004,OLM,WA,ANM,WE,Federal Contract Tower,0,9,30,1,40,0,0,141,9,150,0,9,171,10,190,122,0,122,312
08/10/2004,OLM,WA,ANM,WE,Federal Contract Tower,0,9,29,0,38,0,0,139,0,139,0,9,168,0,177,178,0,178,355
08/11/2004,OLM,WA,ANM,WE,Federal Contract Tower,0,8,22,1,31,0,5,87,1,93,0,13,109,2,124,126,0,126,250
08/12/2004,OLM,WA,ANM,WE,Federal Contract Tower,0,8,22,0,30,0,3,172,4,179,0,11,194,4,209,130,0,130,339
08/13/2004,OLM,WA,ANM,WE,Federal Contract Tower,0,7,18,0,25,0,3,117,2,122,0,10,135,2,147,290,0,290,437
08/14/2004,OLM,WA,ANM,WE,Federal Contract Tower,0,1,13,0,14,0,0,125,0,125,0,1,138,0,139,174,0,174,313
08/15/2004,OLM,WA,ANM,WE,Federal Contract Tower,0,2,8,0,10,0,0,87,2,89,0,2,95,2,99,50,0,50,149
08/16/2004,OLM,WA,ANM,WE,Federal Contract Tower,0,8,21,0,29,0,1,109,4,114,0,9,130,4,143,110,0,110,253
08/17/2004,OLM,WA,ANM,WE,Federal Contract Tower,0,5,15,0,20,0,7,118,8,133,0,12,133,8,153,144,0,144,297
08/18/2004,OLM,WA,ANM,WE,Federal Contract Tower,0,10,26,0,36,0,2,86,0,88,0,12,112,0,124,162,0,162,286
08/19/2004,OLM,WA,ANM,WE,Federal Contract Tower,0,9,25,0,34,0,1,145,5,151,0,10,170,5,185,80,0,80,265
08/20/2004,OLM,WA,ANM,WE,Federal Contract Tower,0,7,20,0,27,0,2,160,2,164,0,9,180,2,191,160,0,160,351
08/21/2004,OLM,WA,ANM,WE,Federal Contract Tower,0,2,16,0,18,0,0,49,2,51,0,2,65,2,69,75,0,75,144
08/22/2004,OLM,WA,ANM,WE,Federal Contract Tower,0,3,11,0,14,0,0,64,2,66,0,3,75,2,80,52,0,52,132
08/23/2004,OLM,WA,ANM,WE,Federal Contract Tower,0,8,26,0,34,0,0,83,4,87,0,8,109,4,121,110,0,110,231
08/24/2004,OLM,WA,ANM,WE,Federal Contract Tower,0,7,19,0,26,0,5,31,3,39,0,12,50,3,65,90,12,102,167
08/25/2004,OLM,WA,ANM,WE,Federal Contract Tower,0,9,24,0,33,0,4,0,0,4,0,13,24,0,37,6,0,6,43
08/26/2004,OLM,WA,ANM,WE,Federal Contract Tower,0,7,18,0,25,0,4,80,0,84,0,11,98,0,109,76,0,76,185
08/27/2004,OLM,WA,ANM,WE,Federal Contract Tower,0,7,22,0,29,0,0,148,0,148,0,7,170,0,177,300,0,300,477
08/28/2004,OLM,WA,ANM,WE,Federal Contract Tower,0,1,12,0,13,0,0,143,0,143,0,1,155,0,156,95,0,95,251
08/29/2004,OLM,WA,ANM,WE,Federal Contract Tower,0,2,13,0,15,0,0,185,0,185,0,2,198,0,200,216,0,216,416
08/30/2004,OLM,WA,ANM,WE,Federal Contract Tower,0,8,24,0,32,0,0,118,10,128,0,8,142,10,160,136,6,142,302
08/31/2004,OLM,WA,ANM,WE,Federal Contract Tower,0,12,31,0,43,0,2,84,7,93,0,14,115,7,136,136,3,139,275
09/01/2004,OLM,WA,ANM,WE,Federal Contract Tower,0,8,28,0,36,0,2,58,0,60,0,10,86,0,96,64,0,64,160
09/02/2004,OLM,WA,ANM,WE,Federal Contract Tower,0,9,34,0,43,0,2,86,4,92,0,11,120,4,135,124,0,124,259
09/03/2004,OLM,WA,ANM,WE,Federal Contract Tower,0,7,25,0,32,0,0,115,2,117,0,7,140,2,149,156,0,156,305
09/04/2004,OLM,WA,ANM,WE,Federal Contract Tower,0,1,8,0,9,0,0,97,0,97,0,1,105,0,106,100,0,100,206
09/05/2004,OLM,WA,ANM,WE,Federal Contract Tower,0,2,7,0,9,0,0,117,0,117,0,2,124,0,126,118,0,118,244
09/06/2004,OLM,WA,ANM,WE,Federal Contract Tower,0,1,11,0,12,0,0,130,0,130,0,1,141,0,142,110,0,110,252
09/07/2004,OLM,WA,ANM,WE,Federal Contract Tower,0,5,23,1,29,0,5,126,4,135,0,10,149,5,164,176,0,176,340
09/08/2004,OLM,WA,ANM,WE,Federal Contract Tower,0,4,19,0,23,0,6,67,0,73,0,10,86,0,96,53,0,53,149
09/09/2004,OLM,WA,ANM,WE,Federal Contract Tower,0,6,24,1,31,0,4,48,21,73,0,10,72,22,104,92,4,96,200
09/10/2004,OLM,WA,ANM,WE,Federal Contract Tower,0,6,25,1,32,0,1,115,5,121,0,7,140,6,153,115,0,115,268
09/11/2004,OLM,WA,ANM,WE,Federal Contract Tower,0,2,11,0,13,0,4,74,0,78,0,6,85,0,91,77,0,77,168
09/12/2004,OLM,WA,ANM,WE,Federal Contract Tower,0,0,5,0,5,0,0,100,0,100,0,0,105,0,105,50,0,50,155
09/13/2004,OLM,WA,ANM,WE,Federal Contract Tower,0,2,11,1,14,0,2,51,1,54,0,4,62,2,68,134,0,134,202
09/14/2004,OLM,WA,ANM,WE,Federal Contract Tower,0,6,23,0,29,0,3,65,0,68,0,9,88,0,97,104,0,104,201
09/15/2004,OLM,WA,ANM,WE,Federal Contract Tower,0,5,22,1,28,0,5,26,8,39,0,10,48,9,67,66,0,66,133
09/16/2004,OLM,WA,ANM,WE,Federal Contract Tower,0,6,29,1,36,0,0,60,1,61,0,6,89,2,97,70,0,70,167
09/17/2004,OLM,WA,ANM,WE,Federal Contract Tower,0,3,20,0,23,0,0,74,3,77,0,3,94,3,100,90,0,90,190
09/18/2004,OLM,WA,ANM,WE,Federal Contract Tower,0,0,11,0,11,0,0,39,0,39,0,0,50,0,50,45,0,45,95
09/19/2004,OLM,WA,ANM,WE,Federal Contract Tower,0,0,18,0,18,0,0,106,0,106,0,0,124,0,124,100,0,100,224
09/20/2004,OLM,WA,ANM,WE,Federal Contract Tower,0,4,26,0,30,0,0,99,2,101,0,4,125,2,131,130,0,130,261
09/21/2004,OLM,WA,ANM,WE,Federal Contract Tower,0,9,35,0,44,0,0,124,1,125,0,9,159,1,169,233,0,233,402
09/22/2004,OLM,WA,ANM,WE,Federal Contract Tower,0,5,24,0,29,0,4,30,0,34,0,9,54,0,63,53,0,53,116
09/23/2004,OLM,WA,ANM,WE,Federal Contract Tower,0,5,29,0,34,0,0,75,0,75,0,5,104,0,109,230,0,230,339
09/24/2004,OLM,WA,ANM,WE,Federal Contract Tower,0,3,3,0,6,0,0,0,165,165,0,3,3,165,171,110,0,110,281
09/25/2004,OLM,WA,ANM,WE,Federal Contract Tower,0,0,11,0,11,0,0,114,1,115,0,0,125,1,126,110,0,110,236
09/26/2004,OLM,WA,ANM,WE,Federal Contract Tower,0,0,22,0,22,0,0,88,0,88,0,0,110,0,110,84,0,84,194
09/27/2004,OLM,WA,ANM,WE,Federal Contract Tower,0,3,14,0,17,0,0,89,4,93,0,3,103,4,110,104,10,114,224
09/28/2004,OLM,WA,ANM,WE,Federal Contract Tower,0,6,24,0,30,0,1,133,5,139,0,7,157,5,169,136,0,136,305
09/29/2004,OLM,WA,ANM,WE,Federal Contract Tower,0,8,32,0,40,0,1,60,0,61,0,9,92,0,101,108,0,108,209
09/30/2004,OLM,WA,ANM,WE,Federal Contract Tower,0,6,30,0,36,0,0,100,6,106,0,6,130,6,142,122,0,122,264
10/01/2004,OLM,WA,ANM,WE,Federal Contract Tower,0,3,20,0,23,0,2,176,0,178,0,5,196,0,201,212,0,212,413
10/02/2004,OLM,WA,ANM,WE,Federal Contract Tower,0,0,15,0,15,0,0,255,0,255,0,0,270,0,270,225,0,225,495
10/03/2004,OLM,WA,ANM,WE,Federal Contract Tower,0,0,21,0,21,0,0,189,0,189,0,0,210,0,210,58,0,58,268
10/04/2004,OLM,WA,ANM,WE,Federal Contract Tower,0,2,14,0,16,0,0,7,0,7,0,2,21,0,23,12,0,12,35
10/05/2004,OLM,WA,ANM,WE,Federal Contract Tower,0,7,27,0,34,0,0,68,1,69,0,7,95,1,103,110,0,110,213
10/06/2004,OLM,WA,ANM,WE,Federal Contract Tower,0,3,41,0,44,0,2,121,0,123,0,5,162,0,167,158,6,164,331
10/07/2004,OLM,WA,ANM,WE,Federal Contract Tower,0,3,41,0,44,0,2,121,0,123,0,5,162,0,167,158,6,164,331
10/08/2004,OLM,WA,ANM,WE,Federal Contract Tower,0,3,29,0,32,0,0,31,0,31,0,3,60,0,63,130,0,130,193
10/09/2004,OLM,WA,ANM,WE,Federal Contract Tower,0,0,28,0,28,0,0,47,0,47,0,0,75,0,75,120,0,120,195
10/10/2004,OLM,WA,ANM,WE,Federal Contract Tower,0,0,14,0,14,0,0,96,0,96,0,0,110,0,110,90,0,90,200
10/11/2004,OLM,WA,ANM,WE,Federal Contract Tower,0,3,30,0,33,0,0,180,0,180,0,3,210,0,213,165,0,165,378
10/12/2004,OLM,WA,ANM,WE,Federal Contract Tower,0,3,21,0,24,0,0,160,1,161,0,3,181,1,185,113,0,113,298
10/13/2004,OLM,WA,ANM,WE,Federal Contract Tower,0,5,16,0,21,0,0,116,0,116,0,5,132,0,137,154,0,154,291
10/14/2004,OLM,WA,ANM,WE,Federal Contract Tower,0,5,12,3,20,0,2,116,3,121,0,7,128,6,141,112,0,112,253
10/15/2004,OLM,WA,ANM,WE,Federal Contract Tower,0,2,19,0,21,0,1,82,0,83,0,3,101,0,104,246,0,246,350
10/16/2004,OLM,WA,ANM,WE,Federal Contract Tower,0,0,9,0,9,0,0,27,0,27,0,0,36,0,36,85,0,85,121
10/17/2004,OLM,WA,ANM,WE,Federal Contract Tower,0,0,16,0,16,0,0,48,0,48,0,0,64,0,64,60,0,60,124
10/18/2004,OLM,WA,ANM,WE,Federal Contract Tower,0,3,11,0,14,0,0,61,2,63,0,3,72,2,77,84,0,84,161
10/19/2004,OLM,WA,ANM,WE,Federal Contract Tower,0,8,34,1,43,0,0,67,1,68,0,8,101,2,111,48,0,48,159
10/20/2004,OLM,WA,ANM,WE,Federal Contract Tower,0,5,16,0,21,0,0,92,0,92,0,5,108,0,113,58,0,58,171
10/21/2004,OLM,WA,ANM,WE,Federal Contract Tower,0,5,34,2,41,0,4,114,1,119,0,9,148,3,160,165,0,165,325
10/22/2004,OLM,WA,ANM,WE,Federal Contract Tower,0,4,22,0,26,0,0,23,4,27,0,4,45,4,53,40,0,40,93
10/23/2004,OLM,WA,ANM,WE,Federal Contract Tower,0,0,38,0,38,0,0,107,0,107,0,0,145,0,145,180,0,180,325
10/24/2004,OLM,WA,ANM,WE,Federal Contract Tower,0,0,18,0,18,0,1,67,0,68,0,1,85,0,86,60,0,60,146
10/25/2004,OLM,WA,ANM,WE,Federal Contract Tower,0,3,11,0,14,0,0,53,0,53,0,3,64,0,67,88,0,88,155
10/26/2004,OLM,WA,ANM,WE,Federal Contract Tower,0,3,29,0,32,0,2,83,4,89,0,5,112,4,121,138,0,138,259
10/27/2004,OLM,WA,ANM,WE,Federal Contract Tower,0,4,26,0,30,0,4,106,5,115,0,8,132,5,145,204,6,210,355
10/28/2004,OLM,WA,ANM,WE,Federal Contract Tower,0,4,37,0,41,0,0,41,0,41,0,4,78,0,82,30,0,30,112
10/29/2004,OLM,WA,ANM,WE,Federal Contract Tower,0,3,41,1,45,0,0,108,3,111,0,3,149,4,156,120,0,120,276
10/30/2004,OLM,WA,ANM,WE,Federal Contract Tower,0,0,19,0,19,0,3,81,0,84,0,3,100,0,103,84,0,84,187
10/31/2004,OLM,WA,ANM,WE,Federal Contract Tower,0,3,14,0,17,0,0,2,0,2,0,3,16,0,19,0,0,0,19
11/01/2004,OLM,WA,ANM,WE,Federal Contract Tower,0,3,14,0,17,0,0,2,0,2,0,3,16,0,19,0,0,0,19
11/02/2004,OLM,WA,ANM,WE,Federal Contract Tower,0,5,16,1,22,0,0,71,5,76,0,5,87,6,98,128,0,128,226
11/03/2004,OLM,WA,ANM,WE,Federal Contract Tower,0,5,25,2,32,0,0,68,6,74,0,5,93,8,106,130,4,134,240
11/04/2004,OLM,WA,ANM,WE,Federal Contract Tower,0,5,44,1,50,0,0,76,5,81,0,5,120,6,131,132,0,132,263
11/05/2004,OLM,WA,ANM,WE,Federal Contract Tower,0,2,16,0,18,0,0,94,0,94,0,2,110,0,112,280,0,280,392
11/06/2004,OLM,WA,ANM,WE,Federal Contract Tower,0,0,23,0,23,0,0,105,2,107,0,0,128,2,130,130,0,130,260
11/07/2004,OLM,WA,ANM,WE,Federal Contract Tower,0,0,12,1,13,0,0,132,3,135,0,0,144,4,148,176,0,176,324
11/08/2004,OLM,WA,ANM,WE,Federal Contract Tower,0,6,14,0,20,0,0,64,0,64,0,6,78,0,84,76,0,76,160
11/09/2004,OLM,WA,ANM,WE,Federal Contract Tower,0,4,46,4,54,0,0,146,4,150,0,4,192,8,204,254,0,254,458
11/10/2004,OLM,WA,ANM,WE,Federal Contract Tower,0,5,37,0,42,0,1,54,0,55,0,6,91,0,97,150,0,150,247
11/11/2004,OLM,WA,ANM,WE,Federal Contract Tower,0,5,33,0,38,0,1,56,0,57,0,6,89,0,95,194,0,194,289
11/12/2004,OLM,WA,ANM,WE,Federal Contract Tower,0,2,34,0,36,0,0,63,0,63,0,2,97,0,99,140,0,140,239
11/13/2004,OLM,WA,ANM,WE,Federal Contract Tower,0,0,35,0,35,0,0,105,0,105,0,0,140,0,140,244,0,244,384
11/14/2004,OLM,WA,ANM,WE,Federal Contract Tower,0,0,27,0,27,0,0,113,0,113,0,0,140,0,140,98,0,98,238
11/15/2004,OLM,WA,ANM,WE,Federal Contract Tower,0,3,25,0,28,0,0,76,4,80,0,3,101,4,108,200,0,200,308
11/16/2004,OLM,WA,ANM,WE,Federal Contract Tower,0,5,47,4,56,0,0,63,7,70,0,5,110,11,126,138,0,138,264
11/17/2004,OLM,WA,ANM,WE,Federal Contract Tower,0,7,39,2,48,0,0,76,7,83,0,7,115,9,131,170,4,174,305
11/18/2004,OLM,WA,ANM,WE,Federal Contract Tower,0,6,6,0,12,0,0,33,2,35,0,6,39,2,47,125,0,125,172
11/19/2004,OLM,WA,ANM,WE,Federal Contract Tower,0,4,38,0,42,0,0,137,0,137,0,4,175,0,179,198,0,198,377
11/20/2004,OLM,WA,ANM,WE,Federal Contract Tower,0,0,20,0,20,0,0,128,0,128,0,0,148,0,148,140,0,140,288
11/21/2004,OLM,WA,ANM,WE,Federal Contract Tower,0,0,20,0,20,0,0,8,0,8,0,0,28,0,28,0,0,0,28
11/22/2004,OLM,WA,ANM,WE,Federal Contract Tower,0,4,27,0,31,0,0,54,0,54,0,4,81,0,85,20,0,20,105
11/23/2004,OLM,WA,ANM,WE,Federal Contract Tower,0,3,39,0,42,0,0,42,4,46,0,3,81,4,88,22,0,22,110
11/24/2004,OLM,WA,ANM,WE,Federal Contract Tower,0,0,18,0,18,0,0,31,0,31,0,0,49,0,49,16,0,16,65
11/25/2004,OLM,WA,ANM,WE,Federal Contract Tower,0,0,4,0,4,0,0,48,0,48,0,0,52,0,52,24,0,24,76
11/26/2004,OLM,WA,ANM,WE,Federal Contract Tower,0,0,21,0,21,0,0,75,0,75,0,0,96,0,96,96,0,96,192
11/27/2004,OLM,WA,ANM,WE,Federal Contract Tower,0,0,20,0,20,0,0,90,0,90,0,0,110,0,110,220,0,220,330
11/28/2004,OLM,WA,ANM,WE,Federal Contract Tower,0,0,17,0,17,0,0,7,0,7,0,0,24,0,24,0,0,0,24
11/29/2004,OLM,WA,ANM,WE,Federal Contract Tower,0,4,13,0,17,0,0,38,3,41,0,4,51,3,58,126,0,126,184
11/30/2004,OLM,WA,ANM,WE,Federal Contract Tower,0,4,28,0,32,0,0,0,0,0,0,4,28,0,32,14,0,14,46
12/01/2004,OLM,WA,ANM,WE,Federal Contract Tower,0,6,34,0,40,0,0,89,0,89,0,6,123,0,129,203,0,203,332
12/02/2004,OLM,WA,ANM,WE,Federal Contract Tower,0,9,53,2,64,0,0,117,4,121,0,9,170,6,185,280,0,280,465
12/03/2004,OLM,WA,ANM,WE,Federal Contract Tower,0,5,34,0,39,0,0,64,0,64,0,5,98,0,103,124,0,124,227
12/04/2004,OLM,WA,ANM,WE,Federal Contract Tower,0,0,22,1,23,0,0,62,1,63,0,0,84,2,86,46,0,46,132
12/05/2004,OLM,WA,ANM,WE,Federal Contract Tower,0,0,14,0,14,0,0,56,0,56,0,0,70,0,70,50,0,50,120
12/06/2004,OLM,WA,ANM,WE,Federal Contract Tower,0,3,15,0,18,0,0,67,0,67,0,3,82,0,85,110,0,110,195
12/07/2004,OLM,WA,ANM,WE,Federal Contract Tower,0,5,20,0,25,0,0,28,0,28,0,5,48,0,53,40,0,40,93
12/08/2004,OLM,WA,ANM,WE,Federal Contract Tower,0,6,13,1,20,0,1,69,3,73,0,7,82,4,93,124,0,124,217
12/09/2004,OLM,WA,ANM,WE,Federal Contract Tower,0,5,40,0,45,0,0,38,0,38,0,5,78,0,83,52,0,52,135
12/10/2004,OLM,WA,ANM,WE,Federal Contract Tower,0,3,26,0,29,0,0,32,0,32,0,3,58,0,61,34,0,34,95
12/11/2004,OLM,WA,ANM,WE,Federal Contract Tower,0,0,35,0,35,0,0,133,0,133,0,0,168,0,168,140,0,140,308
12/12/2004,OLM,WA,ANM,WE,Federal Contract Tower,0,2,6,0,8,0,0,74,0,74,0,2,80,0,82,80,0,80,162
12/13/2004,OLM,WA,ANM,WE,Federal Contract Tower,0,5,28,0,33,0,0,96,0,96,0,5,124,0,129,136,0,136,265
12/14/2004,OLM,WA,ANM,WE,Federal Contract Tower,0,5,19,0,24,0,0,45,2,47,0,5,64,2,71,74,0,74,145
12/15/2004,OLM,WA,ANM,WE,Federal Contract Tower,0,5,41,0,46,0,0,134,0,134,0,5,175,0,180,114,0,114,294
12/16/2004,OLM,WA,ANM,WE,Federal Contract Tower,0,8,27,0,35,0,0,41,2,43,0,8,68,2,78,170,0,170,248
12/17/2004,OLM,WA,ANM,WE,Federal Contract Tower,0,6,38,0,44,0,0,32,0,32,0,6,70,0,76,102,0,102,178
12/18/2004,OLM,WA,ANM,WE,Federal Contract Tower,0,0,19,0,19,0,0,161,0,161,0,0,180,0,180,148,0,148,328
12/19/2004,OLM,WA,ANM,WE,Federal Contract Tower,0,0,20,0,20,0,0,60,1,61,0,0,80,1,81,64,0,64,145
12/20/2004,OLM,WA,ANM,WE,Federal Contract Tower,0,0,33,0,33,0,1,103,2,106,0,1,136,2,139,248,0,248,387
12/21/2004,OLM,WA,ANM,WE,Federal Contract Tower,0,5,30,0,35,0,1,62,0,63,0,6,92,0,98,142,6,148,246
12/22/2004,OLM,WA,ANM,WE,Federal Contract Tower,0,2,24,1,27,0,0,57,2,59,0,2,81,3,86,91,0,91,177
12/23/2004,OLM,WA,ANM,WE,Federal Contract Tower,0,4,31,0,35,0,0,37,0,37,0,4,68,0,72,26,0,26,98
12/24/2004,OLM,WA,ANM,WE,Federal Contract Tower,0,1,7,0,8,0,0,5,0,5,0,1,12,0,13,2,0,2,15
12/25/2004,OLM,WA,ANM,WE,Federal Contract Tower,0,1,2,0,3,0,0,1,0,1,0,1,3,0,4,0,0,0,4
12/26/2004,OLM,WA,ANM,WE,Federal Contract Tower,0,0,20,0,20,0,0,62,0,62,0,0,82,0,82,76,0,76,158
12/27/2004,OLM,WA,ANM,WE,Federal Contract Tower,0,0,17,0,17,0,0,157,0,157,0,0,174,0,174,188,0,188,362
12/28/2004,OLM,WA,ANM,WE,Federal Contract Tower,0,1,31,0,32,0,1,33,0,34,0,2,64,0,66,16,0,16,82
12/29/2004,OLM,WA,ANM,WE,Federal Contract Tower,0,0,13,0,13,0,0,20,1,21,0,0,33,1,34,26,0,26,60
12/30/2004,OLM,WA,ANM,WE,Federal Contract Tower,0,0,31,0,31,0,0,18,0,18,0,0,49,0,49,55,0,55,104
12/31/2004,OLM,WA,ANM,WE,Federal Contract Tower,0,0,13,0,13,0,0,91,0,91,0,0,104,0,104,180,0,180,284
01/01/2005,OLM,WA,ANM,WE,Federal Contract Tower,0,2,13,0,15,0,0,20,0,20,0,2,33,0,35,42,0,42,77
01/02/2005,OLM,WA,ANM,WE,Federal Contract Tower,0,0,16,0,16,0,0,124,0,124,0,0,140,0,140,128,0,128,268
01/03/2005,OLM,WA,ANM,WE,Federal Contract Tower,0,1,30,0,31,0,1,135,0,136,0,2,165,0,167,214,0,214,381
01/04/2005,OLM,WA,ANM,WE,Federal Contract Tower,0,0,37,0,37,0,0,191,0,191,0,0,228,0,228,246,0,246,474
01/05/2005,OLM,WA,ANM,WE,Federal Contract Tower,0,0,19,1,20,0,0,108,1,109,0,0,127,2,129,210,0,210,339
01/06/2005,OLM,WA,ANM,WE,Federal Contract Tower,0,0,6,0,6,0,0,24,1,25,0,0,30,1,31,66,0,66,97
01/07/2005,OLM,WA,ANM,WE,Federal Contract Tower,0,0,16,0,16,0,0,24,0,24,0,0,40,0,40,106,0,106,146
01/08/2005,OLM,WA,ANM,WE,Federal Contract Tower,0,2,7,0,9,0,0,33,0,33,0,2,40,0,42,70,0,70,112
01/09/2005,OLM,WA,ANM,WE,Federal Contract Tower,0,0,13,0,13,0,0,2,0,2,0,0,15,0,15,0,0,0,15
01/10/2005,OLM,WA,ANM,WE,Federal Contract Tower,0,3,18,0,21,0,0,79,5,84,0,3,97,5,105,84,16,100,205
01/11/2005,OLM,WA,ANM,WE,Federal Contract Tower,0,8,18,0,26,0,0,102,3,105,0,8,120,3,131,204,0,204,335
01/12/2005,OLM,WA,ANM,WE,Federal Contract Tower,0,6,13,0,19,0,2,66,2,70,0,8,79,2,89,173,0,173,262
01/13/2005,OLM,WA,ANM,WE,Federal Contract Tower,0,2,34,0,36,0,2,90,4,96,0,4,124,4,132,146,0,146,278
01/14/2005,OLM,WA,ANM,WE,Federal Contract Tower,0,8,34,2,44,0,0,138,5,143,0,8,172,7,187,140,0,140,327
01/15/2005,OLM,WA,ANM,WE,Federal Contract Tower,0,0,4,0,4,0,0,11,0,11,0,0,15,0,15,0,0,0,15
01/16/2005,OLM,WA,ANM,WE,Federal Contract Tower,0,1,17,0,18,0,0,74,0,74,0,1,91,0,92,128,0,128,220
01/17/2005,OLM,WA,ANM,WE,Federal Contract Tower,0,4,13,0,17,0,0,13,0,13,0,4,26,0,30,10,0,10,40
01/18/2005,OLM,WA,ANM,WE,Federal Contract Tower,0,7,14,0,21,0,0,36,0,36,0,7,50,0,57,30,0,30,87
01/19/2005,OLM,WA,ANM,WE,Federal Contract Tower,0,5,19,3,27,0,3,79,7,89,0,8,98,10,116,87,0,87,203
01/20/2005,OLM,WA,ANM,WE,Federal Contract Tower,0,8,28,0,36,0,2,30,0,32,0,10,58,0,68,98,0,98,166
01/21/2005,OLM,WA,ANM,WE,Federal Contract Tower,0,3,49,0,52,0,0,31,0,31,0,3,80,0,83,10,0,10,93
01/22/2005,OLM,WA,ANM,WE,Federal Contract Tower,0,1,24,0,25,0,0,60,3,63,0,1,84,3,88,120,0,120,208
01/23/2005,OLM,WA,ANM,WE,Federal Contract Tower,0,0,17,0,17,0,0,80,0,80,0,0,97,0,97,170,0,170,267
01/24/2005,OLM,WA,ANM,WE,Federal Contract Tower,0,6,22,0,28,0,0,153,0,153,0,6,175,0,181,258,0,258,439
01/25/2005,OLM,WA,ANM,WE,Federal Contract Tower,0,4,32,0,36,0,1,24,2,27,0,5,56,2,63,24,0,24,87
01/26/2005,OLM,WA,ANM,WE,Federal Contract Tower,0,9,24,1,34,0,4,67,5,76,0,13,91,6,110,126,0,126,236
01/27/2005,OLM,WA,ANM,WE,Federal Contract Tower,0,5,29,3,37,0,1,93,4,98,0,6,122,7,135,192,0,192,327
01/28/2005,OLM,WA,ANM,WE,Federal Contract Tower,0,3,44,0,47,0,0,112,6,118,0,3,156,6,165,170,0,170,335
01/29/2005,OLM,WA,ANM,WE,Federal Contract Tower,0,0,24,0,24,0,2,60,0,62,0,2,84,0,86,108,0,108,194
01/30/2005,OLM,WA,ANM,WE,Federal Contract Tower,0,3,34,0,37,0,0,142,4,146,0,3,176,4,183,74,0,74,257
01/31/2005,OLM,WA,ANM,WE,Federal Contract Tower,0,7,20,0,27,0,0,126,0,126,0,7,146,0,153,138,0,138,291
02/01/2005,OLM,WA,ANM,WE,Federal Contract Tower,0,5,28,3,36,0,0,128,3,131,0,5,156,6,167,149,0,149,316
02/02/2005,OLM,WA,ANM,WE,Federal Contract Tower,0,6,26,2,34,0,0,145,0,145,0,6,171,2,179,192,0,192,371
02/03/2005,OLM,WA,ANM,WE,Federal Contract Tower,0,2,27,0,29,0,0,91,0,91,0,2,118,0,120,180,0,180,300
02/04/2005,OLM,WA,ANM,WE,Federal Contract Tower,0,5,26,0,31,0,0,45,0,45,0,5,71,0,76,36,0,36,112
02/05/2005,OLM,WA,ANM,WE,Federal Contract Tower,0,0,46,1,47,0,0,105,1,106,0,0,151,2,153,210,0,210,363
02/06/2005,OLM,WA,ANM,WE,Federal Contract Tower,0,1,14,0,15,0,0,18,0,18,0,1,32,0,33,40,4,44,77
02/07/2005,OLM,WA,ANM,WE,Federal Contract Tower,0,12,21,0,33,0,2,134,0,136,0,14,155,0,169,138,0,138,307
02/08/2005,OLM,WA,ANM,WE,Federal Contract Tower,0,6,13,5,24,0,2,110,7,119,0,8,123,12,143,146,2,148,291
02/09/2005,OLM,WA,ANM,WE,Federal Contract Tower,0,2,48,2,52,0,0,120,2,122,0,2,168,4,174,198,0,198,372
02/10/2005,OLM,WA,ANM,WE,Federal Contract Tower,0,8,49,0,57,0,0,93,6,99,0,8,142,6,156,80,0,80,236
02/11/2005,OLM,WA,ANM,WE,Federal Contract Tower,0,4,30,5,39,0,0,163,2,165,0,4,193,7,204,152,0,152,356
02/12/2005,OLM,WA,ANM,WE,Federal Contract Tower,0,0,20,0,20,0,0,43,0,43,0,0,63,0,63,90,0,90,153
02/13/2005,OLM,WA,ANM,WE,Federal Contract Tower,0,0,31,0,31,0,0,115,0,115,0,0,146,0,146,74,0,74,220
02/14/2005,OLM,WA,ANM,WE,Federal Contract Tower,0,3,28,2,33,0,0,114,2,116,0,3,142,4,149,140,0,140,289
02/15/2005,OLM,WA,ANM,WE,Federal Contract Tower,0,5,27,2,34,0,1,128,2,131,0,6,155,4,165,94,0,94,259
02/16/2005,OLM,WA,ANM,WE,Federal Contract Tower,0,5,42,1,48,0,0,243,6,249,0,5,285,7,297,240,0,240,537
02/17/2005,OLM,WA,ANM,WE,Federal Contract Tower,0,4,38,1,43,0,0,132,1,133,0,4,170,2,176,166,0,166,342
02/18/2005,OLM,WA,ANM,WE,Federal Contract Tower,0,3,27,0,30,0,0,154,0,154,0,3,181,0,184,192,0,192,376
02/19/2005,OLM,WA,ANM,WE,Federal Contract Tower,0,0,23,0,23,0,0,141,0,141,0,0,164,0,164,121,0,121,285
02/20/2005,OLM,WA,ANM,WE,Federal Contract Tower,0,0,17,0,17,0,0,143,0,143,0,0,160,0,160,153,0,153,313
02/21/2005,OLM,WA,ANM,WE,Federal Contract Tower,0,0,33,0,33,0,0,146,0,146,0,0,179,0,179,234,0,234,413
02/22/2005,OLM,WA,ANM,WE,Federal Contract Tower,0,6,21,1,28,0,0,152,1,153,0,6,173,2,181,94,0,94,275
02/23/2005,OLM,WA,ANM,WE,Federal Contract Tower,0,5,25,1,31,0,0,188,9,197,0,5,213,10,228,240,0,240,468
02/24/2005,OLM,WA,ANM,WE,Federal Contract Tower,0,4,26,0,30,0,0,162,0,162,0,4,188,0,192,110,0,110,302
02/25/2005,OLM,WA,ANM,WE,Federal Contract Tower,0,4,28,0,32,0,0,133,2,135,0,4,161,2,167,125,0,125,292
02/26/2005,OLM,WA,ANM,WE,Federal Contract Tower,0,0,25,4,29,0,0,45,0,45,0,0,70,4,74,70,0,70,144
02/27/2005,OLM,WA,ANM,WE,Federal Contract Tower,0,0,29,0,29,0,0,103,0,103,0,0,132,0,132,106,0,106,238
02/28/2005,OLM,WA,ANM,WE,Federal Contract Tower,0,5,26,0,31,0,0,52,6,58,0,5,78,6,89,76,0,76,165
03/01/2005,OLM,WA,ANM,WE,Federal Contract Tower,0,6,29,0,35,0,0,107,0,107,0,6,136,0,142,180,0,180,322
03/02/2005,OLM,WA,ANM,WE,Federal Contract Tower,0,5,20,2,27,0,0,52,0,52,0,5,72,2,79,105,0,105,184
03/03/2005,OLM,WA,ANM,WE,Federal Contract Tower,0,2,31,0,33,0,0,117,1,118,0,2,148,1,151,180,0,180,331
03/04/2005,OLM,WA,ANM,WE,Federal Contract Tower,0,5,37,0,42,0,1,135,0,136,0,6,172,0,178,128,0,128,306
03/05/2005,OLM,WA,ANM,WE,Federal Contract Tower,0,0,43,2,45,0,0,175,2,177,0,0,218,4,222,210,1,211,433
03/06/2005,OLM,WA,ANM,WE,Federal Contract Tower,0,0,41,5,46,0,0,207,1,208,0,0,248,6,254,162,0,162,416
03/07/2005,OLM,WA,ANM,WE,Federal Contract Tower,0,4,18,0,22,0,0,123,2,125,0,4,141,2,147,124,0,124,271
03/08/2005,OLM,WA,ANM,WE,Federal Contract Tower,0,6,9,0,15,0,0,126,2,128,0,6,135,2,143,156,0,156,299
03/09/2005,OLM,WA,ANM,WE,Federal Contract Tower,0,7,24,0,31,0,2,89,3,94,0,9,113,3,125,278,0,278,403
03/10/2005,OLM,WA,ANM,WE,Federal Contract Tower,0,6,26,0,32,0,1,84,0,85,0,7,110,0,117,180,0,180,297
03/11/2005,OLM,WA,ANM,WE,Federal Contract Tower,0,5,32,0,37,0,0,141,0,141,0,5,173,0,178,82,0,82,260
03/12/2005,OLM,WA,ANM,WE,Federal Contract Tower,0,0,29,0,29,0,0,193,0,193,0,0,222,0,222,85,0,85,307
03/13/2005,OLM,WA,ANM,WE,Federal Contract Tower,0,0,21,0,21,0,0,193,0,193,0,0,214,0,214,104,0,104,318
03/14/2005,OLM,WA,ANM,WE,Federal Contract Tower,0,7,25,0,32,0,0,112,5,117,0,7,137,5,149,103,0,103,252
03/15/2005,OLM,WA,ANM,WE,Federal Contract Tower,0,7,23,4,34,0,0,100,10,110,0,7,123,14,144,134,0,134,278
03/16/2005,OLM,WA,ANM,WE,Federal Contract Tower,0,7,13,0,20,0,0,30,3,33,0,7,43,3,53,22,0,22,75
03/17/2005,OLM,WA,ANM,WE,Federal Contract Tower,0,7,31,0,38,0,0,103,2,105,0,7,134,2,143,160,0,160,303
03/18/2005,OLM,WA,ANM,WE,Federal Contract Tower,0,2,44,0,46,0,1,176,3,180,0,3,220,3,226,212,0,212,438
03/19/2005,OLM,WA,ANM,WE,Federal Contract Tower,0,0,33,0,33,0,0,7,0,7,0,0,40,0,40,2,0,2,42
03/20/2005,OLM,WA,ANM,WE,Federal Contract Tower,0,1,10,0,11,0,1,16,6,23,0,2,26,6,34,0,0,0,34
03/21/2005,OLM,WA,ANM,WE,Federal Contract Tower,0,3,25,0,28,0,0,49,2,51,0,3,74,2,79,124,0,124,203
03/22/2005,OLM,WA,ANM,WE,Federal Contract Tower,0,5,28,0,33,0,0,78,3,81,0,5,106,3,114,126,0,126,240
03/23/2005,OLM,WA,ANM,WE,Federal Contract Tower,0,8,23,1,32,0,1,127,1,129,0,9,150,2,161,170,0,170,331
03/24/2005,OLM,WA,ANM,WE,Federal Contract Tower,0,5,21,0,26,0,0,104,2,106,0,5,125,2,132,122,0,122,254
03/25/2005,OLM,WA,ANM,WE,Federal Contract Tower,0,6,30,0,36,0,2,118,0,120,0,8,148,0,156,184,0,184,340
03/26/2005,OLM,WA,ANM,WE,Federal Contract Tower,0,0,2,0,2,0,0,7,2,9,0,0,9,2,11,0,0,0,11
03/27/2005,OLM,WA,ANM,WE,Federal Contract Tower,0,0,18,0,18,0,0,21,0,21,0,0,39,0,39,110,0,110,149
03/28/2005,OLM,WA,ANM,WE,Federal Contract Tower,0,5,17,0,22,0,0,54,0,54,0,5,71,0,76,52,0,52,128
03/29/2005,OLM,WA,ANM,WE,Federal Contract Tower,0,2,9,0,11,0,0,19,0,19,0,2,28,0,30,82,0,82,112
03/30/2005,OLM,WA,ANM,WE,Federal Contract Tower,0,0,31,0,31,0,0,95,4,99,0,0,126,4,130,128,0,128,258
03/31/2005,OLM,WA,ANM,WE,Federal Contract Tower,0,0,29,2,31,0,0,89,12,101,0,0,118,14,132,170,0,170,302
04/01/2005,OLM,WA,ANM,WE,Federal Contract Tower,0,0,17,0,17,0,0,43,0,43,0,0,60,0,60,56,0,56,116
04/02/2005,OLM,WA,ANM,WE,Federal Contract Tower,0,0,25,5,30,0,2,84,4,90,0,2,109,9,120,134,0,134,254
04/03/2005,OLM,WA,ANM,WE,Federal Contract Tower,0,1,11,0,12,0,0,30,0,30,0,1,41,0,42,36,0,36,78
04/04/2005,OLM,WA,ANM,WE,Federal Contract Tower,0,3,19,0,22,0,0,105,0,105,0,3,124,0,127,128,0,128,255
04/05/2005,OLM,WA,ANM,WE,Federal Contract Tower,0,5,23,5,33,0,0,69,9,78,0,5,92,14,111,56,2,58,169
04/06/2005,OLM,WA,ANM,WE,Federal Contract Tower,0,6,19,1,26,0,1,108,3,112,0,7,127,4,138,127,0,127,265
04/07/2005,OLM,WA,ANM,WE,Federal Contract Tower,0,7,14,0,21,0,0,18,4,22,0,7,32,4,43,4,0,4,47
04/08/2005,OLM,WA,ANM,WE,Federal Contract Tower,0,5,23,5,33,0,2,127,7,136,0,7,150,12,169,92,0,92,261
04/09/2005,OLM,WA,ANM,WE,Federal Contract Tower,0,2,14,0,16,0,0,146,0,146,0,2,160,0,162,148,0,148,310
04/10/2005,OLM,WA,ANM,WE,Federal Contract Tower,0,2,23,0,25,0,0,102,0,102,0,2,125,0,127,98,0,98,225
04/11/2005,OLM,WA,ANM,WE,Federal Contract Tower,0,3,10,0,13,0,0,48,0,48,0,3,58,0,61,58,0,58,119
04/12/2005,OLM,WA,ANM,WE,Federal Contract Tower,0,5,13,0,18,0,0,51,4,55,0,5,64,4,73,102,0,102,175
04/13/2005,OLM,WA,ANM,WE,Federal Contract Tower,0,4,14,0,18,0,0,52,1,53,0,4,66,1,71,45,0,45,116
04/14/2005,OLM,WA,ANM,WE,Federal Contract Tower,0,5,17,0,22,0,0,48,1,49,0,5,65,1,71,102,0,102,173
04/15/2005,OLM,WA,ANM,WE,Federal Contract Tower,0,2,14,0,16,0,0,36,0,36,0,2,50,0,52,38,0,38,90
04/16/2005,OLM,WA,ANM,WE,Federal Contract Tower,0,0,8,0,8,0,0,42,0,42,0,0,50,0,50,50,0,50,100
04/17/2005,OLM,WA,ANM,WE,Federal Contract Tower,0,0,14,0,14,0,1,70,6,77,0,1,84,6,91,20,0,20,111
04/18/2005,OLM,WA,ANM,WE,Federal Contract Tower,0,3,12,1,16,0,2,90,1,93,0,5,102,2,109,172,0,172,281
04/19/2005,OLM,WA,ANM,WE,Federal Contract Tower,0,5,15,0,20,0,0,142,6,148,0,5,157,6,168,82,0,82,250
04/20/2005,OLM,WA,ANM,WE,Federal Contract Tower,0,5,12,0,17,0,0,86,2,88,0,5,98,2,105,125,0,125,230
04/21/2005,OLM,WA,ANM,WE,Federal Contract Tower,0,5,9,0,14,0,1,144,3,148,0,6,153,3,162,138,10,148,310
04/22/2005,OLM,WA,ANM,WE,Federal Contract Tower,0,2,15,0,17,0,0,123,3,126,0,2,138,3,143,206,0,206,349
04/23/2005,OLM,WA,ANM,WE,Federal Contract Tower,0,0,8,0,8,0,0,104,0,104,0,0,112,0,112,118,0,118,230
04/24/2005,OLM,WA,ANM,WE,Federal Contract Tower,0,0,16,0,16,0,0,164,0,164,0,0,180,0,180,142,0,142,322
04/25/2005,OLM,WA,ANM,WE,Federal Contract Tower,0,3,31,0,34,0,0,66,0,66,0,3,97,0,100,46,0,46,146
04/26/2005,OLM,WA,ANM,WE,Federal Contract Tower,0,5,22,0,27,0,0,140,0,140,0,5,162,0,167,114,0,114,281
04/27/2005,OLM,WA,ANM,WE,Federal Contract Tower,0,7,16,0,23,0,0,69,2,71,0,7,85,2,94,74,0,74,168
04/28/2005,OLM,WA,ANM,WE,Federal Contract Tower,0,8,29,0,37,0,0,106,5,111,0,8,135,5,148,96,4,100,248
04/29/2005,OLM,WA,ANM,WE,Federal Contract Tower,0,3,20,0,23,0,0,40,0,40,0,3,60,0,63,92,0,92,155
04/30/2005,OLM,WA,ANM,WE,Federal Contract Tower,0,0,38,0,38,0,1,130,0,131,0,1,168,0,169,180,0,180,349
05/01/2005,OLM,WA,ANM,WE,Federal Contract Tower,0,0,23,0,23,0,1,162,0,163,0,1,185,0,186,148,0,148,334
05/02/2005,OLM,WA,ANM,WE,Federal Contract Tower,0,4,25,0,29,0,1,96,0,97,0,5,121,0,126,104,0,104,230
05/03/2005,OLM,WA,ANM,WE,Federal Contract Tower,0,5,18,0,23,0,0,124,2,126,0,5,142,2,149,94,0,94,243
05/04/2005,OLM,WA,ANM,WE,Federal Contract Tower,0,6,12,0,18,0,0,39,1,40,0,6,51,1,58,50,2,52,110
05/05/2005,OLM,WA,ANM,WE,Federal Contract Tower,0,7,17,0,24,0,0,63,2,65,0,7,80,2,89,65,0,65,154
05/06/2005,OLM,WA,ANM,WE,Federal Contract Tower,0,4,25,0,29,0,0,83,0,83,0,4,108,0,112,128,0,128,240
05/07/2005,OLM,WA,ANM,WE,Federal Contract Tower,0,0,20,0,20,0,0,136,2,138,0,0,156,2,158,114,0,114,272
05/08/2005,OLM,WA,ANM,WE,Federal Contract Tower,0,1,20,0,21,0,0,121,0,121,0,1,141,0,142,166,0,166,308
05/09/2005,OLM,WA,ANM,WE,Federal Contract Tower,0,3,16,0,19,0,0,46,0,46,0,3,62,0,65,64,0,64,129
05/10/2005,OLM,WA,ANM,WE,Federal Contract Tower,0,6,29,0,35,0,0,69,0,69,0,6,98,0,104,92,0,92,196
05/11/2005,OLM,WA,ANM,WE,Federal Contract Tower,0,4,26,0,30,0,0,105,0,105,0,4,131,0,135,124,4,128,263
05/12/2005,OLM,WA,ANM,WE,Federal Contract Tower,0,4,21,0,25,0,0,101,0,101,0,4,122,0,126,170,0,170,296
05/13/2005,OLM,WA,ANM,WE,Federal Contract Tower,0,2,20,1,23,0,0,91,1,92,0,2,111,2,115,114,0,114,229
05/14/2005,OLM,WA,ANM,WE,Federal Contract Tower,0,0,12,0,12,0,0,52,4,56,0,0,64,4,68,92,0,92,160
05/15/2005,OLM,WA,ANM,WE,Federal Contract Tower,0,0,19,0,19,0,0,41,4,45,0,0,60,4,64,34,2,36,100
05/16/2005,OLM,WA,ANM,WE,Federal Contract Tower,0,3,15,0,18,0,1,103,0,104,0,4,118,0,122,120,0,120,242
05/17/2005,OLM,WA,ANM,WE,Federal Contract Tower,0,5,14,0,19,0,0,65,4,69,0,5,79,4,88,126,0,126,214
05/18/2005,OLM,WA,ANM,WE,Federal Contract Tower,0,5,9,0,14,0,0,28,2,30,0,5,37,2,44,40,6,46,90
05/19/2005,OLM,WA,ANM,WE,Federal Contract Tower,0,5,9,0,14,0,0,39,0,39,0,5,48,0,53,32,0,32,85
05/20/2005,OLM,WA,ANM,WE,Federal Contract Tower,0,3,8,0,11,0,0,91,0,91,0,3,99,0,102,48,0,48,150
05/21/2005,OLM,WA,ANM,WE,Federal Contract Tower,0,0,15,0,15,0,0,131,1,132,0,0,146,1,147,114,0,114,261
05/22/2005,OLM,WA,ANM,WE,Federal Contract Tower,0,0,16,0,16,0,0,70,0,70,0,0,86,0,86,94,0,94,180
05/23/2005,OLM,WA,ANM,WE,Federal Contract Tower,0,3,18,1,22,0,0,103,2,105,0,3,121,3,127,228,2,230,357
05/24/2005,OLM,WA,ANM,WE,Federal Contract Tower,0,5,21,0,26,0,0,130,4,134,0,5,151,4,160,122,0,122,282
05/25/2005,OLM,WA,ANM,WE,Federal Contract Tower,0,4,31,0,35,0,0,185,3,188,0,4,216,3,223,150,0,150,373
05/26/2005,OLM,WA,ANM,WE,Federal Contract Tower,0,5,22,0,27,0,0,188,2,190,0,5,210,2,217,164,0,164,381
05/27/2005,OLM,WA,ANM,WE,Federal Contract Tower,0,0,15,0,15,0,0,143,0,143,0,0,158,0,158,146,0,146,304
05/28/2005,OLM,WA,ANM,WE,Federal Contract Tower,0,0,8,0,8,0,0,128,0,128,0,0,136,0,136,92,0,92,228
05/29/2005,OLM,WA,ANM,WE,Federal Contract Tower,0,0,24,0,24,0,0,126,0,126,0,0,150,0,150,176,0,176,326
05/30/2005,OLM,WA,ANM,WE,Federal Contract Tower,0,0,15,0,15,0,0,77,0,77,0,0,92,0,92,68,0,68,160
05/31/2005,OLM,WA,ANM,WE,Federal Contract Tower,0,5,15,0,20,0,0,37,2,39,0,5,52,2,59,38,0,38,97
06/01/2005,OLM,WA,ANM,WE,Federal Contract Tower,0,9,13,0,22,0,0,63,0,63,0,9,76,0,85,156,0,156,241
06/02/2005,OLM,WA,ANM,WE,Federal Contract Tower,0,7,22,0,29,0,3,98,2,103,0,10,120,2,132,178,0,178,310
06/03/2005,OLM,WA,ANM,WE,Federal Contract Tower,0,3,22,0,25,0,0,98,0,98,0,3,120,0,123,104,0,104,227
06/04/2005,OLM,WA,ANM,WE,Federal Contract Tower,0,1,8,0,9,0,1,122,0,123,0,2,130,0,132,180,0,180,312
06/05/2005,OLM,WA,ANM,WE,Federal Contract Tower,0,0,11,0,11,0,0,75,0,75,0,0,86,0,86,96,0,96,182
06/06/2005,OLM,WA,ANM,WE,Federal Contract Tower,0,3,11,0,14,0,0,67,2,69,0,3,78,2,83,118,0,118,201
06/07/2005,OLM,WA,ANM,WE,Federal Contract Tower,0,5,9,0,14,0,0,59,0,59,0,5,68,0,73,130,0,130,203
06/08/2005,OLM,WA,ANM,WE,Federal Contract Tower,0,8,35,0,43,0,2,131,0,133,0,10,166,0,176,225,0,225,401
06/09/2005,OLM,WA,ANM,WE,Federal Contract Tower,0,7,24,0,31,0,0,141,6,147,0,7,165,6,178,158,0,158,336
06/10/2005,OLM,WA,ANM,WE,Federal Contract Tower,0,2,28,0,30,0,1,83,0,84,0,3,111,0,114,62,0,62,176
06/11/2005,OLM,WA,ANM,WE,Federal Contract Tower,0,0,15,0,15,0,0,124,0,124,0,0,139,0,139,112,0,112,251
06/12/2005,OLM,WA,ANM,WE,Federal Contract Tower,0,0,21,0,21,0,0,131,0,131,0,0,152,0,152,84,0,84,236
06/13/2005,OLM,WA,ANM,WE,Federal Contract Tower,0,3,12,0,15,0,0,75,0,75,0,3,87,0,90,100,0,100,190
06/14/2005,OLM,WA,ANM,WE,Federal Contract Tower,0,7,20,0,27,0,0,120,0,120,0,7,140,0,147,120,0,120,267
06/15/2005,OLM,WA,ANM,WE,Federal Contract Tower,0,5,6,0,11,0,0,151,5,156,0,5,157,5,167,106,0,106,273
06/16/2005,OLM,WA,ANM,WE,Federal Contract Tower,0,2,23,1,26,0,3,102,3,108,0,5,125,4,134,176,2,178,312
06/17/2005,OLM,WA,ANM,WE,Federal Contract Tower,0,6,14,0,20,0,2,111,0,113,0,8,125,0,133,157,0,157,290
06/18/2005,OLM,WA,ANM,WE,Federal Contract Tower,0,0,7,0,7,0,2,325,2,329,0,2,332,2,336,360,0,360,696
06/19/2005,OLM,WA,ANM,WE,Federal Contract Tower,0,0,6,0,6,0,0,454,1,455,0,0,460,1,461,276,0,276,737
06/20/2005,OLM,WA,ANM,WE,Federal Contract Tower,0,2,11,0,13,0,0,113,0,113,0,2,124,0,126,114,0,114,240
06/21/2005,OLM,WA,ANM,WE,Federal Contract Tower,0,4,8,0,12,0,0,52,0,52,0,4,60,0,64,5,0,5,69
06/22/2005,OLM,WA,ANM,WE,Federal Contract Tower,0,4,9,0,13,0,1,55,0,56,0,5,64,0,69,30,0,30,99
06/23/2005,OLM,WA,ANM,WE,Federal Contract Tower,0,5,15,0,20,0,1,115,0,116,0,6,130,0,136,72,0,72,208
06/24/2005,OLM,WA,ANM,WE,Federal Contract Tower,0,2,6,0,8,0,1,109,0,110,0,3,115,0,118,84,0,84,202
06/25/2005,OLM,WA,ANM,WE,Federal Contract Tower,0,0,16,1,17,0,0,118,1,119,0,0,134,2,136,144,0,144,280
06/26/2005,OLM,WA,ANM,WE,Federal Contract Tower,0,0,13,0,13,0,0,97,0,97,0,0,110,0,110,104,0,104,214
06/27/2005,OLM,WA,ANM,WE,Federal Contract Tower,0,3,20,0,23,0,0,54,0,54,0,3,74,0,77,120,0,120,197
06/28/2005,OLM,WA,ANM,WE,Federal Contract Tower,0,6,31,0,37,0,3,69,1,73,0,9,100,1,110,107,0,107,217
06/29/2005,OLM,WA,ANM,WE,Federal Contract Tower,0,7,14,0,21,0,0,105,6,111,0,7,119,6,132,202,0,202,334
06/30/2005,OLM,WA,ANM,WE,Federal Contract Tower,0,3,27,0,30,0,0,144,0,144,0,3,171,0,174,182,0,182,356
07/01/2005,OLM,WA,ANM,WE,Federal Contract Tower,0,2,25,0,27,0,1,100,0,101,0,3,125,0,128,180,0,180,308
07/02/2005,OLM,WA,ANM,WE,Federal Contract Tower,0,1,17,0,18,0,1,88,0,89,0,2,105,0,107,168,0,168,275
07/03/2005,OLM,WA,ANM,WE,Federal Contract Tower,0,0,12,0,12,0,0,130,0,130,0,0,142,0,142,124,0,124,266
07/04/2005,OLM,WA,ANM,WE,Federal Contract Tower,0,0,8,0,8,0,0,156,0,156,0,0,164,0,164,178,0,178,342
07/05/2005,OLM,WA,ANM,WE,Federal Contract Tower,0,0,18,0,18,0,2,84,9,95,0,2,102,9,113,103,10,113,226
07/06/2005,OLM,WA,ANM,WE,Federal Contract Tower,0,0,17,0,17,0,0,85,0,85,0,0,102,0,102,151,0,151,253
07/07/2005,OLM,WA,ANM,WE,Federal Contract Tower,0,0,19,0,19,0,0,146,7,153,0,0,165,7,172,232,0,232,404
07/08/2005,OLM,WA,ANM,WE,Federal Contract Tower,0,0,8,0,8,0,2,49,0,51,0,2,57,0,59,56,0,56,115
07/09/2005,OLM,WA,ANM,WE,Federal Contract Tower,0,0,7,0,7,0,0,156,3,159,0,0,163,3,166,118,6,124,290
07/10/2005,OLM,WA,ANM,WE,Federal Contract Tower,0,0,16,0,16,0,0,88,0,88,0,0,104,0,104,142,0,142,246
07/11/2005,OLM,WA,ANM,WE,Federal Contract Tower,0,7,14,0,21,0,0,79,4,83,0,7,93,4,104,92,0,92,196
07/12/2005,OLM,WA,ANM,WE,Federal Contract Tower,0,5,11,0,16,0,1,146,3,150,0,6,157,3,166,161,0,161,327
07/13/2005,OLM,WA,ANM,WE,Federal Contract Tower,0,5,13,0,18,0,0,112,0,112,0,5,125,0,130,140,0,140,270
07/14/2005,OLM,WA,ANM,WE,Federal Contract Tower,0,9,19,0,28,0,0,101,2,103,0,9,120,2,131,186,0,186,317
07/15/2005,OLM,WA,ANM,WE,Federal Contract Tower,0,2,11,0,13,0,0,121,6,127,0,2,132,6,140,114,0,114,254
07/16/2005,OLM,WA,ANM,WE,Federal Contract Tower,0,0,14,0,14,0,0,99,0,99,0,0,113,0,113,130,0,130,243
07/17/2005,OLM,WA,ANM,WE,Federal Contract Tower,0,0,6,0,6,0,0,146,0,146,0,0,152,0,152,103,0,103,255
07/18/2005,OLM,WA,ANM,WE,Federal Contract Tower,0,3,11,0,14,0,0,116,4,120,0,3,127,4,134,108,0,108,242
07/19/2005,OLM,WA,ANM,WE,Federal Contract Tower,0,5,11,0,16,0,2,92,0,94,0,7,103,0,110,206,0,206,316
07/20/2005,OLM,WA,ANM,WE,Federal Contract Tower,0,5,22,0,27,0,0,108,5,113,0,5,130,5,140,198,0,198,338
07/21/2005,OLM,WA,ANM,WE,Federal Contract Tower,0,5,23,1,29,0,0,165,1,166,0,5,188,2,195,338,0,338,533
07/22/2005,OLM,WA,ANM,WE,Federal Contract Tower,0,2,5,0,7,0,0,74,7,81,0,2,79,7,88,68,0,68,156
07/23/2005,OLM,WA,ANM,WE,Federal Contract Tower,0,0,16,0,16,0,0,98,8,106,0,0,114,8,122,72,0,72,194
07/24/2005,OLM,WA,ANM,WE,Federal Contract Tower,0,0,12,0,12,0,0,123,2,125,0,0,135,2,137,62,0,62,199
07/25/2005,OLM,WA,ANM,WE,Federal Contract Tower,0,3,10,0,13,0,0,118,6,124,0,3,128,6,137,174,0,174,311
07/26/2005,OLM,WA,ANM,WE,Federal Contract Tower,0,5,15,0,20,0,0,130,3,133,0,5,145,3,153,232,0,232,385
07/27/2005,OLM,WA,ANM,WE,Federal Contract Tower,0,4,25,0,29,0,4,101,13,118,0,8,126,13,147,193,20,213,360
07/28/2005,OLM,WA,ANM,WE,Federal Contract Tower,0,5,12,2,19,0,4,147,2,153,0,9,159,4,172,210,0,210,382
07/29/2005,OLM,WA,ANM,WE,Federal Contract Tower,0,3,6,0,9,0,4,189,0,193,0,7,195,0,202,302,0,302,504
07/30/2005,OLM,WA,ANM,WE,Federal Contract Tower,0,0,11,0,11,0,0,121,0,121,0,0,132,0,132,146,0,146,278
07/31/2005,OLM,WA,ANM,WE,Federal Contract Tower,0,0,6,0,6,0,0,122,0,122,0,0,128,0,128,72,0,72,200
08/01/2005,OLM,WA,ANM,WE,Federal Contract Tower,0,3,13,0,16,0,0,83,6,89,0,3,96,6,105,108,0,108,213
08/02/2005,OLM,WA,ANM,WE,Federal Contract Tower,0,4,3,0,7,0,4,91,12,107,0,8,94,12,114,126,0,126,240
08/03/2005,OLM,WA,ANM,WE,Federal Contract Tower,0,5,13,0,18,0,4,119,3,126,0,9,132,3,144,170,0,170,314
08/04/2005,OLM,WA,ANM,WE,Federal Contract Tower,0,6,16,0,22,0,0,146,0,146,0,6,162,0,168,88,0,88,256
08/05/2005,OLM,WA,ANM,WE,Federal Contract Tower,0,3,11,0,14,0,0,209,0,209,0,3,220,0,223,148,0,148,371
08/06/2005,OLM,WA,ANM,WE,Federal Contract Tower,0,0,10,0,10,0,2,81,0,83,0,2,91,0,93,22,0,22,115
08/07/2005,OLM,WA,ANM,WE,Federal Contract Tower,0,0,11,0,11,0,0,112,0,112,0,0,123,0,123,52,0,52,175
08/08/2005,OLM,WA,ANM,WE,Federal Contract Tower,0,3,14,1,18,0,0,82,5,87,0,3,96,6,105,100,0,100,205
08/09/2005,OLM,WA,ANM,WE,Federal Contract Tower,0,5,11,1,17,0,0,89,3,92,0,5,100,4,109,134,0,134,243
08/10/2005,OLM,WA,ANM,WE,Federal Contract Tower,0,11,14,0,25,0,0,91,2,93,0,11,105,2,118,94,0,94,212
08/11/2005,OLM,WA,ANM,WE,Federal Contract Tower,0,7,17,0,24,0,6,100,3,109,0,13,117,3,133,146,0,146,279
08/12/2005,OLM,WA,ANM,WE,Federal Contract Tower,0,1,7,0,8,0,0,75,2,77,0,1,82,2,85,44,0,44,129
08/13/2005,OLM,WA,ANM,WE,Federal Contract Tower,0,1,12,2,15,0,1,196,0,197,0,2,208,2,212,114,0,114,326
08/14/2005,OLM,WA,ANM,WE,Federal Contract Tower,0,0,10,0,10,0,0,143,0,143,0,0,153,0,153,178,0,178,331
08/15/2005,OLM,WA,ANM,WE,Federal Contract Tower,0,3,7,0,10,0,0,85,0,85,0,3,92,0,95,176,0,176,271
08/16/2005,OLM,WA,ANM,WE,Federal Contract Tower,0,5,13,1,19,0,0,54,1,55,0,5,67,2,74,94,0,94,168
08/17/2005,OLM,WA,ANM,WE,Federal Contract Tower,0,5,25,3,33,0,3,60,1,64,0,8,85,4,97,171,0,171,268
08/18/2005,OLM,WA,ANM,WE,Federal Contract Tower,0,3,16,0,19,0,0,128,6,134,0,3,144,6,153,132,0,132,285
08/19/2005,OLM,WA,ANM,WE,Federal Contract Tower,0,3,16,0,19,0,6,153,0,159,0,9,169,0,178,198,0,198,376
08/20/2005,OLM,WA,ANM,WE,Federal Contract Tower,0,0,10,0,10,0,0,119,0,119,0,0,129,0,129,106,0,106,235
08/21/2005,OLM,WA,ANM,WE,Federal Contract Tower,0,0,6,0,6,0,0,156,2,158,0,0,162,2,164,154,0,154,318
08/22/2005,OLM,WA,ANM,WE,Federal Contract Tower,0,3,8,0,11,0,0,106,0,106,0,3,114,0,117,86,0,86,203
08/23/2005,OLM,WA,ANM,WE,Federal Contract Tower,0,5,5,0,10,0,6,89,1,96,0,11,94,1,106,215,0,215,321
08/24/2005,OLM,WA,ANM,WE,Federal Contract Tower,0,5,8,2,15,0,3,127,2,132,0,8,135,4,147,194,0,194,341
08/25/2005,OLM,WA,ANM,WE,Federal Contract Tower,0,6,8,2,16,0,3,142,2,147,0,9,150,4,163,218,0,218,381
08/26/2005,OLM,WA,ANM,WE,Federal Contract Tower,0,2,10,0,12,0,1,160,3,164,0,3,170,3,176,180,0,180,356
08/27/2005,OLM,WA,ANM,WE,Federal Contract Tower,0,0,9,1,10,0,0,77,0,77,0,0,86,1,87,54,0,54,141
08/28/2005,OLM,WA,ANM,WE,Federal Contract Tower,0,0,11,0,11,0,0,89,0,89,0,0,100,0,100,50,0,50,150
08/29/2005,OLM,WA,ANM,WE,Federal Contract Tower,0,3,14,0,17,0,0,87,0,87,0,3,101,0,104,164,0,164,268
08/30/2005,OLM,WA,ANM,WE,Federal Contract Tower,0,6,16,1,23,0,6,111,1,118,0,12,127,2,141,192,0,192,333
08/31/2005,OLM,WA,ANM,WE,Federal Contract Tower,0,4,23,0,27,0,5,95,5,105,0,9,118,5,132,128,0,128,260
09/01/2005,OLM,WA,ANM,WE,Federal Contract Tower,0,8,12,0,20,0,7,133,0,140,0,15,145,0,160,212,0,212,372
09/02/2005,OLM,WA,ANM,WE,Federal Contract Tower,0,0,7,0,7,0,5,113,0,118,0,5,120,0,125,178,0,178,303
09/03/2005,OLM,WA,ANM,WE,Federal Contract Tower,0,0,17,0,17,0,0,138,0,138,0,0,155,0,155,76,0,76,231
09/04/2005,OLM,WA,ANM,WE,Federal Contract Tower,0,0,0,0,0,0,0,86,0,86,0,0,86,0,86,70,0,70,156
09/05/2005,OLM,WA,ANM,WE,Federal Contract Tower,0,0,13,0,13,0,0,141,0,141,0,0,154,0,154,84,0,84,238
09/06/2005,OLM,WA,ANM,WE,Federal Contract Tower,0,4,14,1,19,0,4,78,1,83,0,8,92,2,102,82,0,82,184
09/07/2005,OLM,WA,ANM,WE,Federal Contract Tower,0,5,15,3,23,0,8,143,1,152,0,13,158,4,175,321,0,321,496
09/08/2005,OLM,WA,ANM,WE,Federal Contract Tower,0,5,12,0,17,0,4,139,0,143,0,9,151,0,160,196,0,196,356
09/09/2005,OLM,WA,ANM,WE,Federal Contract Tower,0,3,13,0,16,0,4,69,2,75,0,7,82,2,91,138,0,138,229
09/10/2005,OLM,WA,ANM,WE,Federal Contract Tower,0,0,5,0,5,0,0,76,0,76,0,0,81,0,81,134,0,134,215
09/11/2005,OLM,WA,ANM,WE,Federal Contract Tower,0,0,9,0,9,0,0,145,0,145,0,0,154,0,154,176,0,176,330
09/12/2005,OLM,WA,ANM,WE,Federal Contract Tower,0,3,8,0,11,0,0,132,4,136,0,3,140,4,147,132,0,132,279
09/13/2005,OLM,WA,ANM,WE,Federal Contract Tower,0,5,15,0,20,0,5,112,1,118,0,10,127,1,138,163,0,163,301
09/14/2005,OLM,WA,ANM,WE,Federal Contract Tower,0,11,22,0,33,0,4,122,0,126,0,15,144,0,159,158,0,158,317
09/15/2005,OLM,WA,ANM,WE,Federal Contract Tower,0,5,18,0,23,0,5,100,2,107,0,10,118,2,130,188,0,188,318
09/16/2005,OLM,WA,ANM,WE,Federal Contract Tower,0,8,25,1,34,0,0,85,1,86,0,8,110,2,120,62,0,62,182
09/17/2005,OLM,WA,ANM,WE,Federal Contract Tower,0,0,2,0,2,0,0,94,0,94,0,0,96,0,96,174,0,174,270
09/18/2005,OLM,WA,ANM,WE,Federal Contract Tower,0,0,10,0,10,0,0,154,0,154,0,0,164,0,164,142,0,142,306
09/19/2005,OLM,WA,ANM,WE,Federal Contract Tower,0,3,15,0,18,0,0,126,0,126,0,3,141,0,144,124,0,124,268
09/20/2005,OLM,WA,ANM,WE,Federal Contract Tower,0,4,12,1,17,0,4,97,3,104,0,8,109,4,121,180,0,180,301
09/21/2005,OLM,WA,ANM,WE,Federal Contract Tower,0,5,9,0,14,0,0,113,4,117,0,5,122,4,131,198,0,198,329
09/22/2005,OLM,WA,ANM,WE,Federal Contract Tower,0,5,26,0,31,0,3,109,2,114,0,8,135,2,145,186,0,186,331
09/23/2005,OLM,WA,ANM,WE,Federal Contract Tower,0,3,9,2,14,0,1,139,0,140,0,4,148,2,154,144,0,144,298
09/24/2005,OLM,WA,ANM,WE,Federal Contract Tower,0,0,14,0,14,0,0,120,0,120,0,0,134,0,134,92,0,92,226
09/25/2005,OLM,WA,ANM,WE,Federal Contract Tower,0,2,15,0,17,0,0,177,1,178,0,2,192,1,195,64,0,64,259
09/26/2005,OLM,WA,ANM,WE,Federal Contract Tower,0,5,3,0,8,0,0,124,0,124,0,5,127,0,132,110,0,110,242
09/27/2005,OLM,WA,ANM,WE,Federal Contract Tower,0,7,5,0,12,0,6,112,1,119,0,13,117,1,131,148,0,148,279
09/28/2005,OLM,WA,ANM,WE,Federal Contract Tower,0,4,10,0,14,0,0,127,0,127,0,4,137,0,141,92,0,92,233
09/29/2005,OLM,WA,ANM,WE,Federal Contract Tower,0,5,15,0,20,0,0,23,0,23,0,5,38,0,43,46,0,46,89
09/30/2005,OLM,WA,ANM,WE,Federal Contract Tower,0,3,5,0,8,0,0,43,0,43,0,3,48,0,51,102,0,102,153
10/01/2005,OLM,WA,ANM,WE,Federal Contract Tower,0,1,2,0,3,0,0,78,0,78,0,1,80,0,81,72,0,72,153
10/02/2005,OLM,WA,ANM,WE,Federal Contract Tower,0,0,9,0,9,0,0,37,0,37,0,0,46,0,46,16,0,16,62
10/03/2005,OLM,WA,ANM,WE,Federal Contract Tower,0,6,12,0,18,0,0,86,0,86,0,6,98,0,104,84,0,84,188
10/04/2005,OLM,WA,ANM,WE,Federal Contract Tower,0,3,18,0,21,0,6,87,8,101,0,9,105,8,122,92,0,92,214
10/05/2005,OLM,WA,ANM,WE,Federal Contract Tower,0,5,24,2,31,0,0,83,4,87,0,5,107,6,118,48,2,50,168
10/06/2005,OLM,WA,ANM,WE,Federal Contract Tower,0,4,14,0,18,0,0,52,4,56,0,4,66,4,74,28,0,28,102
10/07/2005,OLM,WA,ANM,WE,Federal Contract Tower,0,3,16,0,19,0,0,59,0,59,0,3,75,0,78,110,0,110,188
10/08/2005,OLM,WA,ANM,WE,Federal Contract Tower,0,0,18,0,18,0,0,43,0,43,0,0,61,0,61,30,0,30,91
10/09/2005,OLM,WA,ANM,WE,Federal Contract Tower,0,1,16,0,17,0,1,138,0,139,0,2,154,0,156,78,0,78,234
10/10/2005,OLM,WA,ANM,WE,Federal Contract Tower,0,4,16,0,20,0,0,67,0,67,0,4,83,0,87,68,0,68,155
10/11/2005,OLM,WA,ANM,WE,Federal Contract Tower,0,5,23,0,28,0,4,87,0,91,0,9,110,0,119,52,0,52,171
10/12/2005,OLM,WA,ANM,WE,Federal Contract Tower,0,5,10,1,16,0,1,77,0,78,0,6,87,1,94,50,0,50,144
10/13/2005,OLM,WA,ANM,WE,Federal Contract Tower,0,16,23,4,43,0,15,60,4,79,0,31,83,8,122,110,0,110,232
10/14/2005,OLM,WA,ANM,WE,Federal Contract Tower,0,6,14,2,22,0,19,67,4,90,0,25,81,6,112,150,0,150,262
10/15/2005,OLM,WA,ANM,WE,Federal Contract Tower,0,2,7,0,9,0,1,20,0,21,0,3,27,0,30,20,0,20,50
10/16/2005,OLM,WA,ANM,WE,Federal Contract Tower,0,0,11,1,12,0,0,72,2,74,0,0,83,3,86,70,0,70,156
10/17/2005,OLM,WA,ANM,WE,Federal Contract Tower,0,3,19,0,22,0,1,54,0,55,0,4,73,0,77,152,4,156,233
10/18/2005,OLM,WA,ANM,WE,Federal Contract Tower,0,7,29,0,36,0,4,19,0,23,0,11,48,0,59,20,0,20,79
10/19/2005,OLM,WA,ANM,WE,Federal Contract Tower,0,5,23,0,28,0,3,32,0,35,0,8,55,0,63,28,0,28,91
10/20/2005,OLM,WA,ANM,WE,Federal Contract Tower,0,7,23,1,31,0,0,107,1,108,0,7,130,2,139,152,0,152,291
10/21/2005,OLM,WA,ANM,WE,Federal Contract Tower,0,4,20,0,24,0,0,173,0,173,0,4,193,0,197,158,0,158,355
10/22/2005,OLM,WA,ANM,WE,Federal Contract Tower,0,0,16,0,16,0,0,137,0,137,0,0,153,0,153,115,0,115,268
10/23/2005,OLM,WA,ANM,WE,Federal Contract Tower,0,0,7,0,7,0,0,12,0,12,0,0,19,0,19,16,0,16,35
10/24/2005,OLM,WA,ANM,WE,Federal Contract Tower,0,1,16,0,17,0,0,26,3,29,0,1,42,3,46,46,4,50,96
10/25/2005,OLM,WA,ANM,WE,Federal Contract Tower,0,5,13,0,18,0,1,43,0,44,0,6,56,0,62,144,0,144,206
10/26/2005,OLM,WA,ANM,WE,Federal Contract Tower,0,5,7,2,14,0,0,92,1,93,0,5,99,3,107,220,0,220,327
10/27/2005,OLM,WA,ANM,WE,Federal Contract Tower,0,3,23,1,27,0,0,65,1,66,0,3,88,2,93,92,0,92,185
10/28/2005,OLM,WA,ANM,WE,Federal Contract Tower,0,3,14,0,17,0,0,55,4,59,0,3,69,4,76,184,2,186,262
10/29/2005,OLM,WA,ANM,WE,Federal Contract Tower,0,1,7,0,8,0,1,93,0,94,0,2,100,0,102,110,0,110,212
10/30/2005,OLM,WA,ANM,WE,Federal Contract Tower,0,2,5,0,7,0,1,79,0,80,0,3,84,0,87,100,0,100,187
10/31/2005,OLM,WA,ANM,WE,Federal Contract Tower,0,3,10,0,13,0,0,37,0,37,0,3,47,0,50,120,0,120,170
11/01/2005,OLM,WA,ANM,WE,Federal Contract Tower,0,9,14,0,23,0,0,25,0,25,0,9,39,0,48,68,0,68,116
11/02/2005,OLM,WA,ANM,WE,Federal Contract Tower,0,5,17,0,22,0,0,83,3,86,0,5,100,3,108,188,0,188,296
11/03/2005,OLM,WA,ANM,WE,Federal Contract Tower,0,9,7,0,16,0,0,26,0,26,0,9,33,0,42,38,0,38,80
11/04/2005,OLM,WA,ANM,WE,Federal Contract Tower,0,5,9,0,14,0,0,30,0,30,0,5,39,0,44,72,0,72,116
11/05/2005,OLM,WA,ANM,WE,Federal Contract Tower,0,1,13,0,14,0,0,22,0,22,0,1,35,0,36,90,0,90,126
11/06/2005,OLM,WA,ANM,WE,Federal Contract Tower,0,1,9,0,10,0,0,101,0,101,0,1,110,0,111,90,0,90,201
11/07/2005,OLM,WA,ANM,WE,Federal Contract Tower,0,3,7,0,10,0,0,97,2,99,0,3,104,2,109,112,0,112,221
11/08/2005,OLM,WA,ANM,WE,Federal Contract Tower,0,5,15,0,20,0,0,99,4,103,0,5,114,4,123,96,0,96,219
11/09/2005,OLM,WA,ANM,WE,Federal Contract Tower,0,5,19,0,24,0,0,72,0,72,0,5,91,0,96,184,0,184,280
11/10/2005,OLM,WA,ANM,WE,Federal Contract Tower,0,5,19,3,27,0,0,52,3,55,0,5,71,6,82,56,0,56,138
11/11/2005,OLM,WA,ANM,WE,Federal Contract Tower,0,2,15,0,17,0,0,22,0,22,0,2,37,0,39,20,0,20,59
11/12/2005,OLM,WA,ANM,WE,Federal Contract Tower,0,0,12,0,12,0,0,68,0,68,0,0,80,0,80,50,0,50,130
11/13/2005,OLM,WA,ANM,WE,Federal Contract Tower,0,0,8,0,8,0,0,54,0,54,0,0,62,0,62,30,0,30,92
11/14/2005,OLM,WA,ANM,WE,Federal Contract Tower,0,3,23,0,26,0,0,87,0,87,0,3,110,0,113,44,0,44,157
11/15/2005,OLM,WA,ANM,WE,Federal Contract Tower,0,3,14,0,17,0,0,83,2,85,0,3,97,2,102,46,0,46,148
11/16/2005,OLM,WA,ANM,WE,Federal Contract Tower,0,7,27,0,34,0,0,88,0,88,0,7,115,0,122,148,0,148,270
11/17/2005,OLM,WA,ANM,WE,Federal Contract Tower,0,5,36,0,41,0,0,29,2,31,0,5,65,2,72,38,0,38,110
11/18/2005,OLM,WA,ANM,WE,Federal Contract Tower,0,4,27,0,31,0,0,30,0,30,0,4,57,0,61,64,0,64,125
11/19/2005,OLM,WA,ANM,WE,Federal Contract Tower,0,0,8,0,8,0,0,0,0,0,0,0,8,0,8,2,0,2,10
11/20/2005,OLM,WA,ANM,WE,Federal Contract Tower,0,1,7,2,10,0,1,8,0,9,0,2,15,2,19,2,0,2,21
11/21/2005,OLM,WA,ANM,WE,Federal Contract Tower,0,0,11,2,13,0,0,12,2,14,0,0,23,4,27,22,0,22,49
11/22/2005,OLM,WA,ANM,WE,Federal Contract Tower,0,2,23,0,25,0,2,4,0,6,0,4,27,0,31,0,0,0,31
11/23/2005,OLM,WA,ANM,WE,Federal Contract Tower,0,0,8,1,9,0,0,129,5,134,0,0,137,6,143,163,0,163,306
11/24/2005,OLM,WA,ANM,WE,Federal Contract Tower,0,0,1,0,1,0,0,39,0,39,0,0,40,0,40,32,0,32,72
11/25/2005,OLM,WA,ANM,WE,Federal Contract Tower,0,0,10,0,10,0,0,38,0,38,0,0,48,0,48,40,0,40,88
11/26/2005,OLM,WA,ANM,WE,Federal Contract Tower,0,0,13,0,13,0,0,184,0,184,0,0,197,0,197,90,0,90,287
11/27/2005,OLM,WA,ANM,WE,Federal Contract Tower,0,0,19,0,19,0,0,99,0,99,0,0,118,0,118,128,0,128,246
11/28/2005,OLM,WA,ANM,WE,Federal Contract Tower,0,3,4,0,7,0,0,70,12,82,0,3,74,12,89,106,6,112,201
11/29/2005,OLM,WA,ANM,WE,Federal Contract Tower,0,8,6,0,14,0,0,4,0,4,0,8,10,0,18,0,0,0,18
11/30/2005,OLM,WA,ANM,WE,Federal Contract Tower,0,10,5,0,15,0,2,73,2,77,0,12,78,2,92,176,0,176,268
12/01/2005,OLM,WA,ANM,WE,Federal Contract Tower,0,5,8,0,13,0,0,4,0,4,0,5,12,0,17,18,0,18,35
12/02/2005,OLM,WA,ANM,WE,Federal Contract Tower,0,5,15,0,20,0,0,16,0,16,0,5,31,0,36,30,0,30,66
12/03/2005,OLM,WA,ANM,WE,Federal Contract Tower,0,1,8,0,9,0,1,50,4,55,0,2,58,4,64,42,0,42,106
12/04/2005,OLM,WA,ANM,WE,Federal Contract Tower,0,0,15,0,15,0,2,40,0,42,0,2,55,0,57,46,0,46,103
12/05/2005,OLM,WA,ANM,WE,Federal Contract Tower,0,3,10,0,13,0,0,52,4,56,0,3,62,4,69,96,10,106,175
12/06/2005,OLM,WA,ANM,WE,Federal Contract Tower,0,6,19,0,25,0,1,21,0,22,0,7,40,0,47,62,0,62,109
12/07/2005,OLM,WA,ANM,WE,Federal Contract Tower,0,4,23,1,28,0,1,81,4,86,0,5,104,5,114,194,0,194,308
12/08/2005,OLM,WA,ANM,WE,Federal Contract Tower,0,9,19,3,31,0,0,133,5,138,0,9,152,8,169,174,8,182,351
12/09/2005,OLM,WA,ANM,WE,Federal Contract Tower,0,4,24,0,28,0,0,86,9,95,0,4,110,9,123,108,0,108,231
12/10/2005,OLM,WA,ANM,WE,Federal Contract Tower,0,1,24,0,25,0,1,9,0,10,0,2,33,0,35,6,0,6,41
12/11/2005,OLM,WA,ANM,WE,Federal Contract Tower,0,3,22,0,25,0,0,118,0,118,0,3,140,0,143,102,0,102,245
12/12/2005,OLM,WA,ANM,WE,Federal Contract Tower,0,6,24,0,30,0,7,48,0,55,0,13,72,0,85,36,0,36,121
12/13/2005,OLM,WA,ANM,WE,Federal Contract Tower,0,4,16,0,20,0,1,10,0,11,0,5,26,0,31,12,0,12,43
12/14/2005,OLM,WA,ANM,WE,Federal Contract Tower,0,4,24,0,28,0,1,52,0,53,0,5,76,0,81,10,0,10,91
12/15/2005,OLM,WA,ANM,WE,Federal Contract Tower,0,6,12,0,18,0,0,26,0,26,0,6,38,0,44,32,0,32,76
12/16/2005,OLM,WA,ANM,WE,Federal Contract Tower,0,1,15,0,16,0,0,8,0,8,0,1,23,0,24,10,0,10,34
12/17/2005,OLM,WA,ANM,WE,Federal Contract Tower,0,0,14,0,14,0,0,64,6,70,0,0,78,6,84,60,0,60,144
12/18/2005,OLM,WA,ANM,WE,Federal Contract Tower,0,2,3,0,5,0,0,123,0,123,0,2,126,0,128,90,0,90,218
12/19/2005,OLM,WA,ANM,WE,Federal Contract Tower,0,2,24,0,26,0,1,27,0,28,0,3,51,0,54,2,0,2,56
12/20/2005,OLM,WA,ANM,WE,Federal Contract Tower,0,2,15,1,18,0,0,50,1,51,0,2,65,2,69,34,0,34,103
12/21/2005,OLM,WA,ANM,WE,Federal Contract Tower,0,2,9,1,12,0,0,11,1,12,0,2,20,2,24,8,0,8,32
12/22/2005,OLM,WA,ANM,WE,Federal Contract Tower,0,4,4,0,8,0,0,8,0,8,0,4,12,0,16,26,0,26,42
12/23/2005,OLM,WA,ANM,WE,Federal Contract Tower,0,0,9,0,9,0,0,29,0,29,0,0,38,0,38,34,0,34,72
12/24/2005,OLM,WA,ANM,WE,Federal Contract Tower,0,0,0,0,0,0,0,38,0,38,0,0,38,0,38,26,0,26,64
12/25/2005,OLM,WA,ANM,WE,Federal Contract Tower,0,2,1,0,3,0,0,2,0,2,0,2,3,0,5,0,0,0,5
12/26/2005,OLM,WA,ANM,WE,Federal Contract Tower,0,0,16,0,16,0,0,30,0,30,0,0,46,0,46,38,0,38,84
12/27/2005,OLM,WA,ANM,WE,Federal Contract Tower,0,1,10,0,11,0,0,42,4,46,0,1,52,4,57,44,0,44,101
12/28/2005,OLM,WA,ANM,WE,Federal Contract Tower,0,1,10,0,11,0,1,38,0,39,0,2,48,0,50,40,0,40,90
12/29/2005,OLM,WA,ANM,WE,Federal Contract Tower,0,0,15,0,15,0,0,66,3,69,0,0,81,3,84,148,0,148,232
12/30/2005,OLM,WA,ANM,WE,Federal Contract Tower,0,1,20,0,21,0,0,7,0,7,0,1,27,0,28,4,0,4,32
12/31/2005,OLM,WA,ANM,WE,Federal Contract Tower,0,3,8,0,11,0,0,61,0,61,0,3,69,0,72,54,0,54,126
01/01/2006,OLM,WA,ANM,WE,Federal Contract Tower,0,0,2,0,2,0,0,0,0,0,0,0,2,0,2,10,0,10,12
01/02/2006,OLM,WA,ANM,WE,Federal Contract Tower,0,0,14,0,14,0,0,21,0,21,0,0,35,0,35,56,0,56,91
01/03/2006,OLM,WA,ANM,WE,Federal Contract Tower,0,2,16,0,18,0,0,48,0,48,0,2,64,0,66,62,0,62,128
01/04/2006,OLM,WA,ANM,WE,Federal Contract Tower,0,0,16,3,19,0,0,131,13,144,0,0,147,16,163,130,0,130,293
01/05/2006,OLM,WA,ANM,WE,Federal Contract Tower,0,1,21,0,22,0,0,34,2,36,0,1,55,2,58,36,0,36,94
01/06/2006,OLM,WA,ANM,WE,Federal Contract Tower,0,2,13,2,17,0,0,47,0,47,0,2,60,2,64,24,0,24,88
01/07/2006,OLM,WA,ANM,WE,Federal Contract Tower,0,0,15,0,15,0,2,29,0,31,0,2,44,0,46,56,0,56,102
01/08/2006,OLM,WA,ANM,WE,Federal Contract Tower,0,2,10,0,12,0,0,72,0,72,0,2,82,0,84,64,0,64,148
01/09/2006,OLM,WA,ANM,WE,Federal Contract Tower,0,4,7,0,11,0,0,11,4,15,0,4,18,4,26,42,2,44,70
01/10/2006,OLM,WA,ANM,WE,Federal Contract Tower,0,5,17,1,23,0,0,15,3,18,0,5,32,4,41,72,0,72,113
01/11/2006,OLM,WA,ANM,WE,Federal Contract Tower,0,8,9,0,17,0,2,37,11,50,0,10,46,11,67,90,0,90,157
01/12/2006,OLM,WA,ANM,WE,Federal Contract Tower,0,7,13,0,20,0,2,38,0,40,0,9,51,0,60,80,0,80,140
01/13/2006,OLM,WA,ANM,WE,Federal Contract Tower,0,3,22,0,25,0,1,39,0,40,0,4,61,0,65,88,0,88,153
01/14/2006,OLM,WA,ANM,WE,Federal Contract Tower,0,0,12,0,12,0,0,98,0,98,0,0,110,0,110,192,0,192,302
01/15/2006,OLM,WA,ANM,WE,Federal Contract Tower,0,2,15,0,17,0,0,121,0,121,0,2,136,0,138,124,0,124,262
01/16/2006,OLM,WA,ANM,WE,Federal Contract Tower,0,5,16,0,21,0,0,18,0,18,0,5,34,0,39,74,0,74,113
01/17/2006,OLM,WA,ANM,WE,Federal Contract Tower,0,5,16,0,21,0,1,57,2,60,0,6,73,2,81,40,0,40,121
01/18/2006,OLM,WA,ANM,WE,Federal Contract Tower,0,7,17,1,25,0,1,46,9,56,0,8,63,10,81,80,0,80,161
01/19/2006,OLM,WA,ANM,WE,Federal Contract Tower,0,7,22,0,29,0,2,53,0,55,0,9,75,0,84,128,0,128,212
01/20/2006,OLM,WA,ANM,WE,Federal Contract Tower,0,2,24,0,26,0,0,36,2,38,0,2,60,2,64,34,0,34,98
01/21/2006,OLM,WA,ANM,WE,Federal Contract Tower,0,3,15,0,18,0,1,39,0,40,0,4,54,0,58,130,0,130,188
01/22/2006,OLM,WA,ANM,WE,Federal Contract Tower,0,2,21,0,23,0,0,109,0,109,0,2,130,0,132,48,0,48,180
01/23/2006,OLM,WA,ANM,WE,Federal Contract Tower,0,4,21,1,26,0,0,150,3,153,0,4,171,4,179,148,0,148,327
01/24/2006,OLM,WA,ANM,WE,Federal Contract Tower,0,5,26,1,32,0,1,40,1,42,0,6,66,2,74,24,0,24,98
01/25/2006,OLM,WA,ANM,WE,Federal Contract Tower,0,5,22,0,27,0,0,68,0,68,0,5,90,0,95,176,0,176,271
01/26/2006,OLM,WA,ANM,WE,Federal Contract Tower,0,10,9,0,19,0,0,29,4,33,0,10,38,4,52,54,4,58,110
01/27/2006,OLM,WA,ANM,WE,Federal Contract Tower,0,3,12,0,15,0,0,58,0,58,0,3,70,0,73,98,0,98,171
01/28/2006,OLM,WA,ANM,WE,Federal Contract Tower,0,0,3,0,3,0,0,22,0,22,0,0,25,0,25,20,0,20,45
01/29/2006,OLM,WA,ANM,WE,Federal Contract Tower,0,0,17,0,17,0,0,28,0,28,0,0,45,0,45,24,0,24,69
01/30/2006,OLM,WA,ANM,WE,Federal Contract Tower,0,3,17,0,20,0,0,48,12,60,0,3,65,12,80,82,0,82,162
01/31/2006,OLM,WA,ANM,WE,Federal Contract Tower,0,5,12,0,17,0,2,44,2,48,0,7,56,2,65,58,0,58,123
02/01/2006,OLM,WA,ANM,WE,Federal Contract Tower,0,5,2,0,7,0,0,51,1,52,0,5,53,1,59,71,0,71,130
02/02/2006,OLM,WA,ANM,WE,Federal Contract Tower,0,6,16,2,24,0,0,62,6,68,0,6,78,8,92,148,0,148,240
02/03/2006,OLM,WA,ANM,WE,Federal Contract Tower,0,3,20,0,23,0,0,8,0,8,0,3,28,0,31,30,0,30,61
02/04/2006,OLM,WA,ANM,WE,Federal Contract Tower,0,0,0,0,0,0,0,6,0,6,0,0,6,0,6,0,0,0,6
02/05/2006,OLM,WA,ANM,WE,Federal Contract Tower,0,0,8,0,8,0,0,99,0,99,0,0,107,0,107,72,0,72,179
02/06/2006,OLM,WA,ANM,WE,Federal Contract Tower,0,3,19,2,24,0,0,189,2,191,0,3,208,4,215,136,0,136,351
02/07/2006,OLM,WA,ANM,WE,Federal Contract Tower,0,6,20,2,28,0,0,155,9,164,0,6,175,11,192,206,16,222,414
02/08/2006,OLM,WA,ANM,WE,Federal Contract Tower,0,8,23,0,31,0,0,37,5,42,0,8,60,5,73,62,8,70,143
02/09/2006,OLM,WA,ANM,WE,Federal Contract Tower,0,3,11,0,14,0,1,146,8,155,0,4,157,8,169,162,0,162,331
02/10/2006,OLM,WA,ANM,WE,Federal Contract Tower,0,3,14,0,17,0,0,130,0,130,0,3,144,0,147,164,0,164,311
02/11/2006,OLM,WA,ANM,WE,Federal Contract Tower,0,0,14,0,14,0,0,130,0,130,0,0,144,0,144,112,0,112,256
02/12/2006,OLM,WA,ANM,WE,Federal Contract Tower,0,0,19,0,19,0,0,179,0,179,0,0,198,0,198,112,0,112,310
02/13/2006,OLM,WA,ANM,WE,Federal Contract Tower,0,6,14,0,20,0,0,43,0,43,0,6,57,0,63,64,0,64,127
02/14/2006,OLM,WA,ANM,WE,Federal Contract Tower,0,8,23,0,31,0,2,44,1,47,0,10,67,1,78,120,2,122,200
02/15/2006,OLM,WA,ANM,WE,Federal Contract Tower,0,4,15,0,19,0,0,123,0,123,0,4,138,0,142,138,0,138,280
02/16/2006,OLM,WA,ANM,WE,Federal Contract Tower,0,9,16,0,25,0,0,89,0,89,0,9,105,0,114,198,0,198,312
02/17/2006,OLM,WA,ANM,WE,Federal Contract Tower,0,3,6,0,9,0,0,27,0,27,0,3,33,0,36,22,0,22,58
02/18/2006,OLM,WA,ANM,WE,Federal Contract Tower,0,0,7,0,7,0,0,95,0,95,0,0,102,0,102,112,0,112,214
02/19/2006,OLM,WA,ANM,WE,Federal Contract Tower,0,2,13,0,15,0,0,181,0,181,0,2,194,0,196,106,0,106,302
02/20/2006,OLM,WA,ANM,WE,Federal Contract Tower,0,0,4,0,4,0,0,124,0,124,0,0,128,0,128,132,0,132,260
02/21/2006,OLM,WA,ANM,WE,Federal Contract Tower,0,8,9,0,17,0,1,56,1,58,0,9,65,1,75,64,0,64,139
02/22/2006,OLM,WA,ANM,WE,Federal Contract Tower,0,5,28,0,33,0,0,36,0,36,0,5,64,0,69,58,0,58,127
02/23/2006,OLM,WA,ANM,WE,Federal Contract Tower,0,5,8,0,13,0,0,32,2,34,0,5,40,2,47,140,4,144,191
02/24/2006,OLM,WA,ANM,WE,Federal Contract Tower,0,3,11,0,14,0,0,134,2,136,0,3,145,2,150,84,0,84,234
02/25/2006,OLM,WA,ANM,WE,Federal Contract Tower,0,0,13,1,14,0,0,133,1,134,0,0,146,2,148,142,0,142,290
02/26/2006,OLM,WA,ANM,WE,Federal Contract Tower,0,0,7,0,7,0,0,81,0,81,0,0,88,0,88,108,0,108,196
02/27/2006,OLM,WA,ANM,WE,Federal Contract Tower,0,5,16,0,21,0,0,8,0,8,0,5,24,0,29,0,0,0,29
02/28/2006,OLM,WA,ANM,WE,Federal Contract Tower,0,5,9,0,14,0,0,50,2,52,0,5,59,2,66,56,0,56,122
03/01/2006,OLM,WA,ANM,WE,Federal Contract Tower,0,5,12,5,22,0,1,62,9,72,0,6,74,14,94,43,0,43,137
03/02/2006,OLM,WA,ANM,WE,Federal Contract Tower,0,8,18,0,26,0,3,37,0,40,0,11,55,0,66,6,0,6,72
03/03/2006,OLM,WA,ANM,WE,Federal Contract Tower,0,2,30,0,32,0,0,175,0,175,0,2,205,0,207,176,0,176,383
03/04/2006,OLM,WA,ANM,WE,Federal Contract Tower,0,0,23,0,23,0,0,144,6,150,0,0,167,6,173,180,0,180,353
03/05/2006,OLM,WA,ANM,WE,Federal Contract Tower,0,0,8,0,8,0,0,102,0,102,0,0,110,0,110,124,0,124,234
03/06/2006,OLM,WA,ANM,WE,Federal Contract Tower,0,5,2,0,7,0,0,18,0,18,0,5,20,0,25,0,0,0,25
03/07/2006,OLM,WA,ANM,WE,Federal Contract Tower,0,5,22,0,27,0,4,64,4,72,0,9,86,4,99,125,4,129,228
03/08/2006,OLM,WA,ANM,WE,Federal Contract Tower,0,5,7,0,12,0,0,21,7,28,0,5,28,7,40,14,0,14,54
03/09/2006,OLM,WA,ANM,WE,Federal Contract Tower,0,5,10,0,15,0,0,10,0,10,0,5,20,0,25,14,0,14,39
03/10/2006,OLM,WA,ANM,WE,Federal Contract Tower,0,2,12,0,14,0,3,54,0,57,0,5,66,0,71,180,0,180,251
03/11/2006,OLM,WA,ANM,WE,Federal Contract Tower,0,0,17,0,17,0,0,66,0,66,0,0,83,0,83,110,0,110,193
03/12/2006,OLM,WA,ANM,WE,Federal Contract Tower,0,0,24,0,24,0,0,150,0,150,0,0,174,0,174,136,0,136,310
03/13/2006,OLM,WA,ANM,WE,Federal Contract Tower,0,3,28,1,32,0,0,158,1,159,0,3,186,2,191,182,3,185,376
03/14/2006,OLM,WA,ANM,WE,Federal Contract Tower,0,5,19,0,24,0,1,56,0,57,0,6,75,0,81,105,0,105,186
03/15/2006,OLM,WA,ANM,WE,Federal Contract Tower,0,5,14,0,19,0,0,40,2,42,0,5,54,2,61,104,0,104,165
03/16/2006,OLM,WA,ANM,WE,Federal Contract Tower,0,7,22,0,29,0,0,44,2,46,0,7,66,2,75,184,0,184,259
03/17/2006,OLM,WA,ANM,WE,Federal Contract Tower,0,3,23,0,26,0,0,62,0,62,0,3,85,0,88,98,0,98,186
03/18/2006,OLM,WA,ANM,WE,Federal Contract Tower,0,5,13,0,18,0,1,146,2,149,0,6,159,2,167,166,0,166,333
03/19/2006,OLM,WA,ANM,WE,Federal Contract Tower,0,0,13,0,13,0,0,173,0,173,0,0,186,0,186,208,0,208,394
03/20/2006,OLM,WA,ANM,WE,Federal Contract Tower,0,7,23,0,30,0,0,135,2,137,0,7,158,2,167,106,0,106,273
03/21/2006,OLM,WA,ANM,WE,Federal Contract Tower,0,6,11,4,21,0,2,44,9,55,0,8,55,13,76,131,4,135,211
03/22/2006,OLM,WA,ANM,WE,Federal Contract Tower,0,4,8,2,14,0,0,37,5,42,0,4,45,7,56,34,0,34,90
03/23/2006,OLM,WA,ANM,WE,Federal Contract Tower,0,5,18,0,23,0,0,83,0,83,0,5,101,0,106,142,0,142,248
03/24/2006,OLM,WA,ANM,WE,Federal Contract Tower,0,5,8,1,14,0,0,47,1,48,0,5,55,2,62,34,0,34,96
03/25/2006,OLM,WA,ANM,WE,Federal Contract Tower,0,1,35,0,36,0,0,141,1,142,0,1,176,1,178,118,0,118,296
03/26/2006,OLM,WA,ANM,WE,Federal Contract Tower,0,0,11,0,11,0,0,72,0,72,0,0,83,0,83,52,0,52,135
03/27/2006,OLM,WA,ANM,WE,Federal Contract Tower,0,5,22,0,27,0,0,145,0,145,0,5,167,0,172,150,0,150,322
03/28/2006,OLM,WA,ANM,WE,Federal Contract Tower,0,4,30,0,34,0,0,83,1,84,0,4,113,1,118,150,0,150,268
03/29/2006,OLM,WA,ANM,WE,Federal Contract Tower,0,5,28,4,37,0,0,58,5,63,0,5,86,9,100,166,0,166,266
03/30/2006,OLM,WA,ANM,WE,Federal Contract Tower,0,6,29,4,39,0,1,101,6,108,0,7,130,10,147,292,0,292,439
03/31/2006,OLM,WA,ANM,WE,Federal Contract Tower,0,5,35,0,40,0,0,115,0,115,0,5,150,0,155,178,0,178,333
04/01/2006,OLM,WA,ANM,WE,Federal Contract Tower,0,0,21,0,21,0,0,78,2,80,0,0,99,2,101,86,0,86,187
04/02/2006,OLM,WA,ANM,WE,Federal Contract Tower,0,0,15,0,15,0,0,113,0,113,0,0,128,0,128,130,0,130,258
04/03/2006,OLM,WA,ANM,WE,Federal Contract Tower,0,3,8,1,12,0,0,84,5,89,0,3,92,6,101,112,0,112,213
04/04/2006,OLM,WA,ANM,WE,Federal Contract Tower,0,6,13,0,19,0,1,113,0,114,0,7,126,0,133,54,0,54,187
04/05/2006,OLM,WA,ANM,WE,Federal Contract Tower,0,10,20,2,32,0,1,120,5,126,0,11,140,7,158,133,0,133,291
04/06/2006,OLM,WA,ANM,WE,Federal Contract Tower,0,7,33,0,40,0,0,98,0,98,0,7,131,0,138,102,0,102,240
04/07/2006,OLM,WA,ANM,WE,Federal Contract Tower,0,3,21,0,24,0,0,97,0,97,0,3,118,0,121,116,0,116,237
04/08/2006,OLM,WA,ANM,WE,Federal Contract Tower,0,0,22,0,22,0,0,40,0,40,0,0,62,0,62,52,0,52,114
04/09/2006,OLM,WA,ANM,WE,Federal Contract Tower,0,0,19,0,19,0,0,109,0,109,0,0,128,0,128,124,0,124,252
04/10/2006,OLM,WA,ANM,WE,Federal Contract Tower,0,3,15,0,18,0,0,89,2,91,0,3,104,2,109,178,0,178,287
04/11/2006,OLM,WA,ANM,WE,Federal Contract Tower,0,4,31,0,35,0,0,92,4,96,0,4,123,4,131,162,0,162,293
04/12/2006,OLM,WA,ANM,WE,Federal Contract Tower,0,5,30,0,35,0,10,102,0,112,0,15,132,0,147,206,0,206,353
04/13/2006,OLM,WA,ANM,WE,Federal Contract Tower,0,4,28,0,32,0,0,60,4,64,0,4,88,4,96,166,0,166,262
04/14/2006,OLM,WA,ANM,WE,Federal Contract Tower,0,3,17,0,20,0,0,53,0,53,0,3,70,0,73,82,0,82,155
04/15/2006,OLM,WA,ANM,WE,Federal Contract Tower,0,0,5,0,5,0,0,21,0,21,0,0,26,0,26,32,0,32,58
04/16/2006,OLM,WA,ANM,WE,Federal Contract Tower,0,0,2,0,2,0,0,20,0,20,0,0,22,0,22,2,0,2,24
04/17/2006,OLM,WA,ANM,WE,Federal Contract Tower,0,3,27,0,30,0,0,130,0,130,0,3,157,0,160,132,0,132,292
04/18/2006,OLM,WA,ANM,WE,Federal Contract Tower,0,9,22,0,31,0,4,204,6,214,0,13,226,6,245,171,12,183,428
04/19/2006,OLM,WA,ANM,WE,Federal Contract Tower,0,7,19,0,26,0,2,115,2,119,0,9,134,2,145,171,0,171,316
04/20/2006,OLM,WA,ANM,WE,Federal Contract Tower,0,4,26,4,34,0,0,104,3,107,0,4,130,7,141,244,4,248,389
04/21/2006,OLM,WA,ANM,WE,Federal Contract Tower,0,3,27,1,31,0,0,100,0,100,0,3,127,1,131,98,0,98,229
04/22/2006,OLM,WA,ANM,WE,Federal Contract Tower,0,0,27,0,27,0,0,150,2,152,0,0,177,2,179,112,0,112,291
04/23/2006,OLM,WA,ANM,WE,Federal Contract Tower,0,0,12,0,12,0,0,168,0,168,0,0,180,0,180,126,0,126,306
04/24/2006,OLM,WA,ANM,WE,Federal Contract Tower,0,3,17,1,21,0,0,145,1,146,0,3,162,2,167,104,4,108,275
04/25/2006,OLM,WA,ANM,WE,Federal Contract Tower,0,4,31,0,35,0,0,109,0,109,0,4,140,0,144,103,0,103,247
04/26/2006,OLM,WA,ANM,WE,Federal Contract Tower,0,4,13,0,17,0,0,80,2,82,0,4,93,2,99,120,0,120,219
04/27/2006,OLM,WA,ANM,WE,Federal Contract Tower,0,5,25,1,31,0,0,118,3,121,0,5,143,4,152,128,0,128,280
04/28/2006,OLM,WA,ANM,WE,Federal Contract Tower,0,5,19,1,25,0,0,136,0,136,0,5,155,1,161,124,0,124,285
04/29/2006,OLM,WA,ANM,WE,Federal Contract Tower,0,0,13,0,13,0,0,32,0,32,0,0,45,0,45,76,0,76,121
04/30/2006,OLM,WA,ANM,WE,Federal Contract Tower,0,0,25,0,25,0,0,139,1,140,0,0,164,1,165,124,0,124,289
05/01/2006,OLM,WA,ANM,WE,Federal Contract Tower,0,2,14,0,16,0,0,77,2,79,0,2,91,2,95,134,0,134,229
05/02/2006,OLM,WA,ANM,WE,Federal Contract Tower,0,5,19,0,24,0,0,116,4,120,0,5,135,4,144,106,4,110,254
05/03/2006,OLM,WA,ANM,WE,Federal Contract Tower,0,7,16,1,24,0,2,143,0,145,0,9,159,1,169,124,0,124,293
05/04/2006,OLM,WA,ANM,WE,Federal Contract Tower,0,8,21,3,32,0,4,85,4,93,0,12,106,7,125,127,8,135,260
05/05/2006,OLM,WA,ANM,WE,Federal Contract Tower,0,4,19,1,24,0,0,121,3,124,0,4,140,4,148,158,0,158,306
05/06/2006,OLM,WA,ANM,WE,Federal Contract Tower,0,0,20,0,20,0,0,88,2,90,0,0,108,2,110,134,0,134,244
05/07/2006,OLM,WA,ANM,WE,Federal Contract Tower,0,0,13,1,14,0,0,27,0,27,0,0,40,1,41,2,0,2,43
05/08/2006,OLM,WA,ANM,WE,Federal Contract Tower,0,2,30,0,32,0,0,106,2,108,0,2,136,2,140,14,176,190,330
05/09/2006,OLM,WA,ANM,WE,Federal Contract Tower,0,0,24,0,24,0,0,120,0,120,0,0,144,0,144,102,0,102,246
05/10/2006,OLM,WA,ANM,WE,Federal Contract Tower,0,1,23,0,24,0,0,157,0,157,0,1,180,0,181,174,0,174,355
05/11/2006,OLM,WA,ANM,WE,Federal Contract Tower,0,0,17,0,17,0,4,84,0,88,0,4,101,0,105,156,0,156,261
05/12/2006,OLM,WA,ANM,WE,Federal Contract Tower,0,0,21,1,22,0,0,123,3,126,0,0,144,4,148,122,10,132,280
05/13/2006,OLM,WA,ANM,WE,Federal Contract Tower,0,0,29,0,29,0,0,146,0,146,0,0,175,0,175,94,0,94,269
05/14/2006,OLM,WA,ANM,WE,Federal Contract Tower,0,0,9,0,9,0,0,101,0,101,0,0,110,0,110,110,0,110,220
05/15/2006,OLM,WA,ANM,WE,Federal Contract Tower,0,1,15,0,16,0,0,107,0,107,0,1,122,0,123,74,0,74,197
05/16/2006,OLM,WA,ANM,WE,Federal Contract Tower,0,7,16,0,23,0,4,125,5,134,0,11,141,5,157,160,0,160,317
05/17/2006,OLM,WA,ANM,WE,Federal Contract Tower,0,5,4,2,11,0,0,138,3,141,0,5,142,5,152,188,0,188,340
05/18/2006,OLM,WA,ANM,WE,Federal Contract Tower,0,6,26,2,34,0,0,171,2,173,0,6,197,4,207,250,0,250,457
05/19/2006,OLM,WA,ANM,WE,Federal Contract Tower,0,4,16,0,20,0,2,78,2,82,0,6,94,2,102,132,0,132,234
05/20/2006,OLM,WA,ANM,WE,Federal Contract Tower,0,0,18,0,18,0,0,83,0,83,0,0,101,0,101,128,0,128,229
05/21/2006,OLM,WA,ANM,WE,Federal Contract Tower,0,0,18,0,18,0,0,144,2,146,0,0,162,2,164,110,0,110,274
05/22/2006,OLM,WA,ANM,WE,Federal Contract Tower,0,5,16,0,21,0,0,37,0,37,0,5,53,0,58,90,0,90,148
05/23/2006,OLM,WA,ANM,WE,Federal Contract Tower,0,7,15,0,22,0,1,19,0,20,0,8,34,0,42,0,0,0,42
05/24/2006,OLM,WA,ANM,WE,Federal Contract Tower,0,11,17,0,28,0,3,57,2,62,0,14,74,2,90,178,0,178,268
05/25/2006,OLM,WA,ANM,WE,Federal Contract Tower,0,6,27,0,33,0,0,71,0,71,0,6,98,0,104,70,0,70,174
05/26/2006,OLM,WA,ANM,WE,Federal Contract Tower,0,3,15,0,18,0,1,53,0,54,0,4,68,0,72,66,0,66,138
05/27/2006,OLM,WA,ANM,WE,Federal Contract Tower,0,0,13,0,13,0,0,40,0,40,0,0,53,0,53,46,0,46,99
05/28/2006,OLM,WA,ANM,WE,Federal Contract Tower,0,0,9,0,9,0,0,56,0,56,0,0,65,0,65,44,0,44,109
05/29/2006,OLM,WA,ANM,WE,Federal Contract Tower,0,5,15,0,20,0,0,109,2,111,0,5,124,2,131,50,0,50,181
05/30/2006,OLM,WA,ANM,WE,Federal Contract Tower,0,3,34,0,37,0,0,110,4,114,0,3,144,4,151,109,0,109,260
05/31/2006,OLM,WA,ANM,WE,Federal Contract Tower,0,7,21,0,28,0,4,141,7,152,0,11,162,7,180,182,0,182,362
06/01/2006,OLM,WA,ANM,WE,Federal Contract Tower,0,17,29,6,52,0,5,41,4,50,0,22,70,10,102,88,0,88,190
06/02/2006,OLM,WA,ANM,WE,Federal Contract Tower,0,10,26,0,36,0,3,58,0,61,0,13,84,0,97,210,0,210,307
06/03/2006,OLM,WA,ANM,WE,Federal Contract Tower,0,0,10,0,10,0,0,120,0,120,0,0,130,0,130,94,0,94,224
06/04/2006,OLM,WA,ANM,WE,Federal Contract Tower,0,2,19,0,21,0,0,73,2,75,0,2,92,2,96,70,0,70,166
06/05/2006,OLM,WA,ANM,WE,Federal Contract Tower,0,3,40,0,43,0,0,123,0,123,0,3,163,0,166,148,0,148,314
06/06/2006,OLM,WA,ANM,WE,Federal Contract Tower,0,5,23,0,28,0,0,116,4,120,0,5,139,4,148,189,0,189,337
06/07/2006,OLM,WA,ANM,WE,Federal Contract Tower,0,4,20,5,29,0,1,96,3,100,0,5,116,8,129,176,0,176,305
06/08/2006,OLM,WA,ANM,WE,Federal Contract Tower,0,5,24,0,29,0,1,73,4,78,0,6,97,4,107,132,0,132,239
06/09/2006,OLM,WA,ANM,WE,Federal Contract Tower,0,7,27,0,34,0,0,47,2,49,0,7,74,2,83,110,24,134,217
06/10/2006,OLM,WA,ANM,WE,Federal Contract Tower,0,0,26,1,27,0,0,129,6,135,0,0,155,7,162,84,0,84,246
06/11/2006,OLM,WA,ANM,WE,Federal Contract Tower,0,0,14,0,14,0,0,150,2,152,0,0,164,2,166,130,0,130,296
06/12/2006,OLM,WA,ANM,WE,Federal Contract Tower,0,4,18,0,22,0,0,100,2,102,0,4,118,2,124,58,0,58,182
06/13/2006,OLM,WA,ANM,WE,Federal Contract Tower,0,9,19,2,30,0,3,74,6,83,0,12,93,8,113,176,0,176,289
06/14/2006,OLM,WA,ANM,WE,Federal Contract Tower,0,5,17,1,23,0,0,64,1,65,0,5,81,2,88,120,0,120,208
06/15/2006,OLM,WA,ANM,WE,Federal Contract Tower,0,5,28,0,33,0,0,90,4,94,0,5,118,4,127,220,0,220,347
06/16/2006,OLM,WA,ANM,WE,Federal Contract Tower,0,4,16,0,20,0,0,109,6,115,0,4,125,6,135,130,0,130,265
06/17/2006,OLM,WA,ANM,WE,Federal Contract Tower,0,0,15,0,15,0,0,195,2,197,0,0,210,2,212,364,10,374,586
06/18/2006,OLM,WA,ANM,WE,Federal Contract Tower,0,2,5,0,7,0,3,210,4,217,0,5,215,4,224,448,4,452,676
06/19/2006,OLM,WA,ANM,WE,Federal Contract Tower,0,2,19,0,21,0,0,105,0,105,0,2,124,0,126,120,0,120,246
06/20/2006,OLM,WA,ANM,WE,Federal Contract Tower,0,10,18,2,30,0,3,110,6,119,0,13,128,8,149,184,0,184,333
06/21/2006,OLM,WA,ANM,WE,Federal Contract Tower,0,16,17,0,33,0,14,104,0,118,0,30,121,0,151,202,0,202,353
06/22/2006,OLM,WA,ANM,WE,Federal Contract Tower,0,8,27,0,35,0,4,108,2,114,0,12,135,2,149,182,0,182,331
06/23/2006,OLM,WA,ANM,WE,Federal Contract Tower,0,8,19,2,29,0,3,146,5,154,0,11,165,7,183,150,0,150,333
06/24/2006,OLM,WA,ANM,WE,Federal Contract Tower,0,0,6,1,7,0,0,158,2,160,0,0,164,3,167,64,0,64,231
06/25/2006,OLM,WA,ANM,WE,Federal Contract Tower,0,1,18,0,19,0,0,124,0,124,0,1,142,0,143,138,0,138,281
06/26/2006,OLM,WA,ANM,WE,Federal Contract Tower,0,2,14,0,16,0,0,138,0,138,0,2,152,0,154,149,0,149,303
06/27/2006,OLM,WA,ANM,WE,Federal Contract Tower,0,7,26,1,34,0,7,128,5,140,0,14,154,6,174,127,0,127,301
06/28/2006,OLM,WA,ANM,WE,Federal Contract Tower,0,5,22,1,28,0,6,102,3,111,0,11,124,4,139,92,0,92,231
06/29/2006,OLM,WA,ANM,WE,Federal Contract Tower,0,6,16,0,22,0,5,114,5,124,0,11,130,5,146,144,0,144,290
06/30/2006,OLM,WA,ANM,WE,Federal Contract Tower,0,9,19,0,28,0,8,124,1,133,0,17,143,1,161,152,0,152,313
07/01/2006,OLM,WA,ANM,WE,Federal Contract Tower,0,4,15,0,19,0,0,125,0,125,0,4,140,0,144,56,0,56,200
07/02/2006,OLM,WA,ANM,WE,Federal Contract Tower,0,0,6,0,6,0,0,109,0,109,0,0,115,0,115,58,0,58,173
07/03/2006,OLM,WA,ANM,WE,Federal Contract Tower,0,0,32,0,32,0,0,100,0,100,0,0,132,0,132,92,0,92,224
07/04/2006,OLM,WA,ANM,WE,Federal Contract Tower,0,0,6,0,6,0,3,56,0,59,0,3,62,0,65,6,0,6,71
07/05/2006,OLM,WA,ANM,WE,Federal Contract Tower,0,5,16,0,21,0,3,80,5,88,0,8,96,5,109,48,0,48,157
07/06/2006,OLM,WA,ANM,WE,Federal Contract Tower,0,0,20,0,20,0,4,81,10,95,0,4,101,10,115,66,0,66,181
07/07/2006,OLM,WA,ANM,WE,Federal Contract Tower,0,0,9,0,9,0,0,113,0,113,0,0,122,0,122,146,0,146,268
07/08/2006,OLM,WA,ANM,WE,Federal Contract Tower,0,1,10,0,11,0,0,150,2,152,0,1,160,2,163,54,2,56,219
07/09/2006,OLM,WA,ANM,WE,Federal Contract Tower,0,1,7,0,8,0,0,94,2,96,0,1,101,2,104,54,0,54,158
07/10/2006,OLM,WA,ANM,WE,Federal Contract Tower,0,6,26,0,32,0,0,108,5,113,0,6,134,5,145,144,2,146,291
07/11/2006,OLM,WA,ANM,WE,Federal Contract Tower,0,4,22,3,29,0,7,73,7,87,0,11,95,10,116,112,0,112,228
07/12/2006,OLM,WA,ANM,WE,Federal Contract Tower,0,5,24,3,32,0,1,12,2,15,0,6,36,5,47,0,0,0,47
07/13/2006,OLM,WA,ANM,WE,Federal Contract Tower,0,5,24,0,29,0,1,114,8,123,0,6,138,8,152,124,0,124,276
07/14/2006,OLM,WA,ANM,WE,Federal Contract Tower,0,1,26,3,30,0,1,135,3,139,0,2,161,6,169,106,8,114,283
07/15/2006,OLM,WA,ANM,WE,Federal Contract Tower,0,0,11,0,11,0,0,131,3,134,0,0,142,3,145,96,0,96,241
07/16/2006,OLM,WA,ANM,WE,Federal Contract Tower,0,0,9,0,9,0,0,164,2,166,0,0,173,2,175,68,0,68,243
07/17/2006,OLM,WA,ANM,WE,Federal Contract Tower,0,5,8,0,13,0,1,116,5,122,0,6,124,5,135,152,0,152,287
07/18/2006,OLM,WA,ANM,WE,Federal Contract Tower,0,4,12,0,16,0,5,66,0,71,0,9,78,0,87,108,0,108,195
07/19/2006,OLM,WA,ANM,WE,Federal Contract Tower,0,4,4,0,8,0,1,126,8,135,0,5,130,8,143,172,0,172,315
07/20/2006,OLM,WA,ANM,WE,Federal Contract Tower,0,8,17,0,25,0,10,100,5,115,0,18,117,5,140,104,0,104,244
07/21/2006,OLM,WA,ANM,WE,Federal Contract Tower,0,10,14,3,27,0,7,126,9,142,0,17,140,12,169,156,0,156,325
07/22/2006,OLM,WA,ANM,WE,Federal Contract Tower,0,0,4,0,4,0,0,132,0,132,0,0,136,0,136,92,0,92,228
07/23/2006,OLM,WA,ANM,WE,Federal Contract Tower,0,0,5,0,5,0,2,105,0,107,0,2,110,0,112,102,0,102,214
07/24/2006,OLM,WA,ANM,WE,Federal Contract Tower,0,3,14,0,17,0,0,128,0,128,0,3,142,0,145,138,0,138,283
07/25/2006,OLM,WA,ANM,WE,Federal Contract Tower,0,5,15,7,27,0,6,63,6,75,0,11,78,13,102,86,0,86,188
07/26/2006,OLM,WA,ANM,WE,Federal Contract Tower,0,5,20,0,25,0,5,87,0,92,0,10,107,0,117,121,0,121,238
07/27/2006,OLM,WA,ANM,WE,Federal Contract Tower,0,5,32,0,37,0,3,126,12,141,0,8,158,12,178,110,0,110,288
07/28/2006,OLM,WA,ANM,WE,Federal Contract Tower,0,3,21,2,26,0,6,94,3,103,0,9,115,5,129,112,0,112,241
07/29/2006,OLM,WA,ANM,WE,Federal Contract Tower,0,1,10,0,11,0,0,114,4,118,0,1,124,4,129,108,0,108,237
07/30/2006,OLM,WA,ANM,WE,Federal Contract Tower,0,0,15,0,15,0,0,95,6,101,0,0,110,6,116,84,0,84,200
07/31/2006,OLM,WA,ANM,WE,Federal Contract Tower,0,10,17,1,28,0,6,115,7,128,0,16,132,8,156,94,0,94,250
08/01/2006,OLM,WA,ANM,WE,Federal Contract Tower,0,8,10,1,19,0,10,80,4,94,0,18,90,5,113,123,9,132,245
08/02/2006,OLM,WA,ANM,WE,Federal Contract Tower,0,10,9,0,19,0,3,98,0,101,0,13,107,0,120,179,0,179,299
08/03/2006,OLM,WA,ANM,WE,Federal Contract Tower,0,5,17,0,22,0,4,123,2,129,0,9,140,2,151,144,0,144,295
08/04/2006,OLM,WA,ANM,WE,Federal Contract Tower,0,3,14,0,17,0,1,124,2,127,0,4,138,2,144,118,0,118,262
08/05/2006,OLM,WA,ANM,WE,Federal Contract Tower,0,0,1,1,2,0,0,137,3,140,0,0,138,4,142,216,0,216,358
08/06/2006,OLM,WA,ANM,WE,Federal Contract Tower,0,0,4,0,4,0,1,97,0,98,0,1,101,0,102,64,0,64,166
08/07/2006,OLM,WA,ANM,WE,Federal Contract Tower,0,2,10,0,12,0,4,63,4,71,0,6,73,4,83,136,0,136,219
08/08/2006,OLM,WA,ANM,WE,Federal Contract Tower,0,4,11,0,15,0,7,100,1,108,0,11,111,1,123,188,5,193,316
08/09/2006,OLM,WA,ANM,WE,Federal Contract Tower,0,5,27,0,32,0,2,20,0,22,0,7,47,0,54,81,0,81,135
08/10/2006,OLM,WA,ANM,WE,Federal Contract Tower,0,5,22,1,28,0,4,115,1,120,0,9,137,2,148,115,0,115,263
08/11/2006,OLM,WA,ANM,WE,Federal Contract Tower,0,7,27,0,34,0,0,107,2,109,0,7,134,2,143,140,0,140,283
08/12/2006,OLM,WA,ANM,WE,Federal Contract Tower,0,5,24,0,29,0,0,148,0,148,0,5,172,0,177,132,0,132,309
08/13/2006,OLM,WA,ANM,WE,Federal Contract Tower,0,2,8,0,10,0,0,106,0,106,0,2,114,0,116,68,0,68,184
08/14/2006,OLM,WA,ANM,WE,Federal Contract Tower,0,5,14,0,19,0,0,117,0,117,0,5,131,0,136,94,0,94,230
08/15/2006,OLM,WA,ANM,WE,Federal Contract Tower,0,8,16,0,24,0,6,87,0,93,0,14,103,0,117,52,0,52,169
08/16/2006,OLM,WA,ANM,WE,Federal Contract Tower,0,10,17,1,28,0,5,113,1,119,0,15,130,2,147,130,0,130,277
08/17/2006,OLM,WA,ANM,WE,Federal Contract Tower,0,5,27,0,32,0,5,130,0,135,0,10,157,0,167,42,0,42,209
08/18/2006,OLM,WA,ANM,WE,Federal Contract Tower,0,8,23,1,32,0,5,136,4,145,0,13,159,5,177,88,0,88,265
08/19/2006,OLM,WA,ANM,WE,Federal Contract Tower,0,0,11,2,13,0,0,144,0,144,0,0,155,2,157,114,0,114,271
08/20/2006,OLM,WA,ANM,WE,Federal Contract Tower,0,1,10,0,11,0,1,128,0,129,0,2,138,0,140,120,0,120,260
08/21/2006,OLM,WA,ANM,WE,Federal Contract Tower,0,4,15,0,19,0,0,122,4,126,0,4,137,4,145,94,0,94,239
08/22/2006,OLM,WA,ANM,WE,Federal Contract Tower,0,5,26,2,33,0,3,68,8,79,0,8,94,10,112,102,0,102,214
08/23/2006,OLM,WA,ANM,WE,Federal Contract Tower,0,12,28,3,43,0,5,68,1,74,0,17,96,4,117,60,0,60,177
08/24/2006,OLM,WA,ANM,WE,Federal Contract Tower,0,7,25,4,36,0,1,115,4,120,0,8,140,8,156,110,0,110,266
08/25/2006,OLM,WA,ANM,WE,Federal Contract Tower,0,3,20,0,23,0,0,174,0,174,0,3,194,0,197,158,0,158,355
08/26/2006,OLM,WA,ANM,WE,Federal Contract Tower,0,0,11,0,11,0,1,199,0,200,0,1,210,0,211,116,0,116,327
08/27/2006,OLM,WA,ANM,WE,Federal Contract Tower,0,0,9,0,9,0,0,162,0,162,0,0,171,0,171,112,0,112,283
08/28/2006,OLM,WA,ANM,WE,Federal Contract Tower,0,3,14,0,17,0,0,128,0,128,0,3,142,0,145,104,0,104,249
08/29/2006,OLM,WA,ANM,WE,Federal Contract Tower,0,4,5,2,11,0,2,61,3,66,0,6,66,5,77,50,0,50,127
08/30/2006,OLM,WA,ANM,WE,Federal Contract Tower,0,9,26,0,35,0,0,74,4,78,0,9,100,4,113,120,16,136,249
08/31/2006,OLM,WA,ANM,WE,Federal Contract Tower,0,3,16,2,21,0,7,109,2,118,0,10,125,4,139,96,0,96,235
09/01/2006,OLM,WA,ANM,WE,Federal Contract Tower,0,0,13,0,13,0,1,106,0,107,0,1,119,0,120,140,0,140,260
09/02/2006,OLM,WA,ANM,WE,Federal Contract Tower,0,0,17,0,17,0,0,145,0,145,0,0,162,0,162,94,0,94,256
09/03/2006,OLM,WA,ANM,WE,Federal Contract Tower,0,0,9,0,9,0,0,130,20,150,0,0,139,20,159,98,0,98,257
09/04/2006,OLM,WA,ANM,WE,Federal Contract Tower,0,0,9,0,9,0,0,95,0,95,0,0,104,0,104,64,0,64,168
09/05/2006,OLM,WA,ANM,WE,Federal Contract Tower,0,3,10,2,15,0,5,76,2,83,0,8,86,4,98,92,0,92,190
09/06/2006,OLM,WA,ANM,WE,Federal Contract Tower,0,5,27,0,32,0,2,133,0,135,0,7,160,0,167,145,0,145,312
09/07/2006,OLM,WA,ANM,WE,Federal Contract Tower,0,7,26,0,33,0,0,122,2,124,0,7,148,2,157,126,0,126,283
09/08/2006,OLM,WA,ANM,WE,Federal Contract Tower,0,7,27,0,34,0,0,111,2,113,0,7,138,2,147,110,0,110,257
09/09/2006,OLM,WA,ANM,WE,Federal Contract Tower,0,0,8,0,8,0,0,114,0,114,0,0,122,0,122,164,0,164,286
09/10/2006,OLM,WA,ANM,WE,Federal Contract Tower,0,0,9,2,11,0,0,116,2,118,0,0,125,4,129,158,0,158,287
09/11/2006,OLM,WA,ANM,WE,Federal Contract Tower,0,4,14,0,18,0,5,110,2,117,0,9,124,2,135,86,0,86,221
09/12/2006,OLM,WA,ANM,WE,Federal Contract Tower,0,5,18,1,24,0,3,153,4,160,0,8,171,5,184,126,6,132,316
09/13/2006,OLM,WA,ANM,WE,Federal Contract Tower,0,8,18,0,26,0,5,82,5,92,0,13,100,5,118,135,22,157,275
09/14/2006,OLM,WA,ANM,WE,Federal Contract Tower,0,5,24,0,29,0,1,115,1,117,0,6,139,1,146,208,0,208,354
09/15/2006,OLM,WA,ANM,WE,Federal Contract Tower,0,5,24,0,29,0,0,86,4,90,0,5,110,4,119,228,0,228,347
09/16/2006,OLM,WA,ANM,WE,Federal Contract Tower,0,0,26,0,26,0,0,124,0,124,0,0,150,0,150,62,0,62,212
09/17/2006,OLM,WA,ANM,WE,Federal Contract Tower,0,0,9,0,9,0,1,106,0,107,0,1,115,0,116,80,0,80,196
09/18/2006,OLM,WA,ANM,WE,Federal Contract Tower,0,6,24,4,34,0,2,86,5,93,0,8,110,9,127,94,6,100,227
09/19/2006,OLM,WA,ANM,WE,Federal Contract Tower,0,3,32,4,39,0,6,85,8,99,0,9,117,12,138,97,4,101,239
09/20/2006,OLM,WA,ANM,WE,Federal Contract Tower,0,5,33,0,38,0,0,30,8,38,0,5,63,8,76,65,0,65,141
09/21/2006,OLM,WA,ANM,WE,Federal Contract Tower,0,4,35,0,39,0,1,106,2,109,0,5,141,2,148,112,0,112,260
09/22/2006,OLM,WA,ANM,WE,Federal Contract Tower,0,2,14,0,16,0,0,131,0,131,0,2,145,0,147,109,0,109,256
09/23/2006,OLM,WA,ANM,WE,Federal Contract Tower,0,0,20,2,22,0,0,152,0,152,0,0,172,2,174,84,0,84,258
09/24/2006,OLM,WA,ANM,WE,Federal Contract Tower,0,0,9,0,9,0,0,144,0,144,0,0,153,0,153,68,0,68,221
09/25/2006,OLM,WA,ANM,WE,Federal Contract Tower,0,2,26,1,29,0,0,149,1,150,0,2,175,2,179,144,6,150,329
09/26/2006,OLM,WA,ANM,WE,Federal Contract Tower,0,7,10,1,18,0,5,111,4,120,0,12,121,5,138,126,0,126,264
09/27/2006,OLM,WA,ANM,WE,Federal Contract Tower,0,8,12,0,20,0,4,144,4,152,0,12,156,4,172,88,0,88,260
09/28/2006,OLM,WA,ANM,WE,Federal Contract Tower,0,7,14,2,23,0,1,161,4,166,0,8,175,6,189,126,0,126,315
09/29/2006,OLM,WA,ANM,WE,Federal Contract Tower,0,7,30,0,37,0,0,170,0,170,0,7,200,0,207,184,0,184,391
09/30/2006,OLM,WA,ANM,WE,Federal Contract Tower,0,0,21,0,21,0,0,74,1,75,0,0,95,1,96,67,0,67,163
10/01/2006,OLM,WA,ANM,WE,Federal Contract Tower,0,1,16,0,17,0,3,148,2,153,0,4,164,2,170,134,0,134,304
10/02/2006,OLM,WA,ANM,WE,Federal Contract Tower,0,4,22,2,28,0,2,80,4,86,0,6,102,6,114,52,0,52,166
10/03/2006,OLM,WA,ANM,WE,Federal Contract Tower,0,4,19,2,25,0,3,71,8,82,0,7,90,10,107,32,0,32,139
10/04/2006,OLM,WA,ANM,WE,Federal Contract Tower,0,4,26,0,30,0,8,99,3,110,0,12,125,3,140,42,0,42,182
10/05/2006,OLM,WA,ANM,WE,Federal Contract Tower,0,5,19,0,24,0,5,149,0,154,0,10,168,0,178,110,0,110,288
10/06/2006,OLM,WA,ANM,WE,Federal Contract Tower,0,5,16,0,21,0,0,9,0,9,0,5,25,0,30,2,0,2,32
10/07/2006,OLM,WA,ANM,WE,Federal Contract Tower,0,0,19,0,19,0,0,156,0,156,0,0,175,0,175,135,0,135,310
10/08/2006,OLM,WA,ANM,WE,Federal Contract Tower,0,3,13,0,16,0,0,18,0,18,0,3,31,0,34,0,0,0,34
10/09/2006,OLM,WA,ANM,WE,Federal Contract Tower,0,4,13,0,17,0,0,118,0,118,0,4,131,0,135,124,0,124,259
10/10/2006,OLM,WA,ANM,WE,Federal Contract Tower,0,7,15,0,22,0,10,118,0,128,0,17,133,0,150,204,0,204,354
10/11/2006,OLM,WA,ANM,WE,Federal Contract Tower,0,7,10,0,17,0,4,109,0,113,0,11,119,0,130,97,0,97,227
10/12/2006,OLM,WA,ANM,WE,Federal Contract Tower,0,8,12,0,20,0,2,153,0,155,0,10,165,0,175,150,0,150,325
10/13/2006,OLM,WA,ANM,WE,Federal Contract Tower,0,5,25,0,30,0,0,105,4,109,0,5,130,4,139,70,0,70,209
10/14/2006,OLM,WA,ANM,WE,Federal Contract Tower,0,8,10,0,18,0,0,23,0,23,0,8,33,0,41,75,0,75,116
10/15/2006,OLM,WA,ANM,WE,Federal Contract Tower,0,0,3,0,3,0,0,10,0,10,0,0,13,0,13,70,0,70,83
10/16/2006,OLM,WA,ANM,WE,Federal Contract Tower,0,10,14,0,24,0,0,62,0,62,0,10,76,0,86,70,0,70,156
10/17/2006,OLM,WA,ANM,WE,Federal Contract Tower,0,6,23,0,29,0,0,43,2,45,0,6,66,2,74,63,0,63,137
10/18/2006,OLM,WA,ANM,WE,Federal Contract Tower,0,7,26,0,33,0,0,26,0,26,0,7,52,0,59,34,0,34,93
10/19/2006,OLM,WA,ANM,WE,Federal Contract Tower,0,5,31,0,36,0,0,20,0,20,0,5,51,0,56,22,0,22,78
10/20/2006,OLM,WA,ANM,WE,Federal Contract Tower,0,5,34,0,39,0,4,154,0,158,0,9,188,0,197,118,0,118,315
10/21/2006,OLM,WA,ANM,WE,Federal Contract Tower,0,0,7,0,7,0,0,149,0,149,0,0,156,0,156,89,0,89,245
10/22/2006,OLM,WA,ANM,WE,Federal Contract Tower,0,0,4,0,4,0,0,158,0,158,0,0,162,0,162,134,0,134,296
10/23/2006,OLM,WA,ANM,WE,Federal Contract Tower,0,3,17,0,20,0,0,55,4,59,0,3,72,4,79,32,0,32,111
10/24/2006,OLM,WA,ANM,WE,Federal Contract Tower,0,5,23,0,28,0,0,45,0,45,0,5,68,0,73,52,0,52,125
10/25/2006,OLM,WA,ANM,WE,Federal Contract Tower,0,5,14,1,20,0,1,100,10,111,0,6,114,11,131,142,0,142,273
10/26/2006,OLM,WA,ANM,WE,Federal Contract Tower,0,14,28,0,42,0,5,52,8,65,0,19,80,8,107,130,0,130,237
10/27/2006,OLM,WA,ANM,WE,Federal Contract Tower,0,3,26,0,29,0,0,124,0,124,0,3,150,0,153,210,0,210,363
10/28/2006,OLM,WA,ANM,WE,Federal Contract Tower,0,0,6,0,6,0,0,40,0,40,0,0,46,0,46,90,0,90,136
10/29/2006,OLM,WA,ANM,WE,Federal Contract Tower,0,0,11,0,11,0,0,53,0,53,0,0,64,0,64,18,0,18,82
10/30/2006,OLM,WA,ANM,WE,Federal Contract Tower,0,7,6,0,13,0,1,135,0,136,0,8,141,0,149,216,0,216,365
10/31/2006,OLM,WA,ANM,WE,Federal Contract Tower,0,7,20,1,28,0,1,97,3,101,0,8,117,4,129,110,0,110,239
11/01/2006,OLM,WA,ANM,WE,Federal Contract Tower,0,6,18,0,24,0,0,105,0,105,0,6,123,0,129,128,0,128,257
11/02/2006,OLM,WA,ANM,WE,Federal Contract Tower,0,5,25,0,30,0,0,2,0,2,0,5,27,0,32,10,0,10,42
11/03/2006,OLM,WA,ANM,WE,Federal Contract Tower,0,4,21,0,25,0,0,16,2,18,0,4,37,2,43,16,0,16,59
11/04/2006,OLM,WA,ANM,WE,Federal Contract Tower,0,1,10,0,11,0,0,13,0,13,0,1,23,0,24,0,0,0,24
11/05/2006,OLM,WA,ANM,WE,Federal Contract Tower,0,2,11,0,13,0,0,48,0,48,0,2,59,0,61,52,0,52,113
11/06/2006,OLM,WA,ANM,WE,Federal Contract Tower,0,6,15,0,21,0,0,0,0,0,0,6,15,0,21,0,0,0,21
11/07/2006,OLM,WA,ANM,WE,Federal Contract Tower,0,5,22,0,27,0,1,29,11,41,0,6,51,11,68,36,0,36,104
11/08/2006,OLM,WA,ANM,WE,Federal Contract Tower,0,7,10,1,18,0,1,79,3,83,0,8,89,4,101,112,0,112,213
11/09/2006,OLM,WA,ANM,WE,Federal Contract Tower,0,11,19,0,30,0,5,111,4,120,0,16,130,4,150,198,0,198,348
11/10/2006,OLM,WA,ANM,WE,Federal Contract Tower,0,4,2,0,6,0,0,8,0,8,0,4,10,0,14,0,0,0,14
11/11/2006,OLM,WA,ANM,WE,Federal Contract Tower,0,0,5,0,5,0,2,73,1,76,0,2,78,1,81,125,0,125,206
11/12/2006,OLM,WA,ANM,WE,Federal Contract Tower,0,2,3,0,5,0,0,11,0,11,0,2,14,0,16,0,0,0,16
11/13/2006,OLM,WA,ANM,WE,Federal Contract Tower,0,6,7,0,13,0,22,44,0,66,0,28,51,0,79,78,0,78,157
11/14/2006,OLM,WA,ANM,WE,Federal Contract Tower,0,7,21,2,30,0,5,83,11,99,0,12,104,13,129,116,15,131,260
11/15/2006,OLM,WA,ANM,WE,Federal Contract Tower,0,3,13,0,16,0,1,1,0,2,0,4,14,0,18,0,0,0,18
11/16/2006,OLM,WA,ANM,WE,Federal Contract Tower,0,11,38,2,51,0,10,127,4,141,0,21,165,6,192,290,0,290,482
11/17/2006,OLM,WA,ANM,WE,Federal Contract Tower,0,3,18,0,21,0,0,92,0,92,0,3,110,0,113,194,0,194,307
11/18/2006,OLM,WA,ANM,WE,Federal Contract Tower,0,2,21,0,23,0,0,126,2,128,0,2,147,2,151,266,0,266,417
11/19/2006,OLM,WA,ANM,WE,Federal Contract Tower,0,0,10,0,10,0,0,22,0,22,0,0,32,0,32,0,0,0,32
11/20/2006,OLM,WA,ANM,WE,Federal Contract Tower,0,0,18,0,18,0,0,55,8,63,0,0,73,8,81,36,0,36,117
11/21/2006,OLM,WA,ANM,WE,Federal Contract Tower,0,2,7,0,9,0,0,22,2,24,0,2,29,2,33,56,0,56,89
11/22/2006,OLM,WA,ANM,WE,Federal Contract Tower,0,0,8,0,8,0,0,48,6,54,0,0,56,6,62,80,0,80,142
11/23/2006,OLM,WA,ANM,WE,Federal Contract Tower,0,0,0,0,0,0,0,50,0,50,0,0,50,0,50,0,0,0,50
11/24/2006,OLM,WA,ANM,WE,Federal Contract Tower,0,0,22,0,22,0,0,68,0,68,0,0,90,0,90,0,0,0,90
11/25/2006,OLM,WA,ANM,WE,Federal Contract Tower,0,0,7,0,7,0,0,171,0,171,0,0,178,0,178,167,0,167,345
11/26/2006,OLM,WA,ANM,WE,Federal Contract Tower,0,2,4,0,6,0,0,1,0,1,0,2,5,0,7,0,0,0,7
11/27/2006,OLM,WA,ANM,WE,Federal Contract Tower,0,5,11,0,16,0,0,20,3,23,0,5,31,3,39,2,0,2,41
11/28/2006,OLM,WA,ANM,WE,Federal Contract Tower,0,2,13,0,15,0,0,49,0,49,0,2,62,0,64,196,6,202,266
11/29/2006,OLM,WA,ANM,WE,Federal Contract Tower,0,7,7,1,15,0,0,50,4,54,0,7,57,5,69,58,2,60,129
11/30/2006,OLM,WA,ANM,WE,Federal Contract Tower,0,10,23,2,35,0,1,65,8,74,0,11,88,10,109,60,0,60,169
12/01/2006,OLM,WA,ANM,WE,Federal Contract Tower,0,3,15,0,18,0,0,35,0,35,0,3,50,0,53,65,0,65,118
12/02/2006,OLM,WA,ANM,WE,Federal Contract Tower,0,0,19,1,20,0,0,137,19,156,0,0,156,20,176,185,0,185,361
12/03/2006,OLM,WA,ANM,WE,Federal Contract Tower,0,0,21,0,21,0,0,144,4,148,0,0,165,4,169,118,0,118,287
12/04/2006,OLM,WA,ANM,WE,Federal Contract Tower,0,3,11,0,14,0,0,31,8,39,0,3,42,8,53,136,4,140,193
12/05/2006,OLM,WA,ANM,WE,Federal Contract Tower,0,5,22,2,29,0,0,35,0,35,0,5,57,2,64,108,0,108,172
12/06/2006,OLM,WA,ANM,WE,Federal Contract Tower,0,1,11,0,12,0,0,27,2,29,0,1,38,2,41,46,0,46,87
12/07/2006,OLM,WA,ANM,WE,Federal Contract Tower,0,5,27,1,33,0,1,93,3,97,0,6,120,4,130,210,0,210,340
12/08/2006,OLM,WA,ANM,WE,Federal Contract Tower,0,3,10,0,13,0,0,95,2,97,0,3,105,2,110,152,0,152,262
12/09/2006,OLM,WA,ANM,WE,Federal Contract Tower,0,0,21,0,21,0,0,67,0,67,0,0,88,0,88,137,0,137,225
12/10/2006,OLM,WA,ANM,WE,Federal Contract Tower,0,1,4,0,5,0,0,24,0,24,0,1,28,0,29,0,0,0,29
12/11/2006,OLM,WA,ANM,WE,Federal Contract Tower,0,3,8,0,11,0,0,27,1,28,0,3,35,1,39,26,1,27,66
12/12/2006,OLM,WA,ANM,WE,Federal Contract Tower,0,9,17,0,26,0,2,103,9,114,0,11,120,9,140,135,0,135,275
12/13/2006,OLM,WA,ANM,WE,Federal Contract Tower,0,13,5,0,18,0,0,12,0,12,0,13,17,0,30,15,0,15,45
12/14/2006,OLM,WA,ANM,WE,Federal Contract Tower,0,2,10,0,12,0,0,0,0,0,0,2,10,0,12,0,0,0,12
12/15/2006,OLM,WA,ANM,WE,Federal Contract Tower,0,1,3,0,4,0,0,22,0,22,0,1,25,0,26,0,0,0,26
12/16/2006,OLM,WA,ANM,WE,Federal Contract Tower,0,2,12,0,14,0,0,63,2,65,0,2,75,2,79,150,0,150,229
12/17/2006,OLM,WA,ANM,WE,Federal Contract Tower,0,3,15,0,18,0,0,75,0,75,0,3,90,0,93,40,0,40,133
12/18/2006,OLM,WA,ANM,WE,Federal Contract Tower,0,4,22,0,26,0,0,150,9,159,0,4,172,9,185,136,0,136,321
12/19/2006,OLM,WA,ANM,WE,Federal Contract Tower,0,7,14,1,22,0,1,104,1,106,0,8,118,2,128,124,0,124,252
12/20/2006,OLM,WA,ANM,WE,Federal Contract Tower,0,9,12,1,22,0,0,35,7,42,0,9,47,8,64,53,0,53,117
12/21/2006,OLM,WA,ANM,WE,Federal Contract Tower,0,2,8,2,12,0,0,32,0,32,0,2,40,2,44,54,0,54,98
12/22/2006,OLM,WA,ANM,WE,Federal Contract Tower,0,2,19,0,21,0,0,59,0,59,0,2,78,0,80,105,0,105,185
12/23/2006,OLM,WA,ANM,WE,Federal Contract Tower,0,0,9,0,9,0,0,50,0,50,0,0,59,0,59,155,0,155,214
12/24/2006,OLM,WA,ANM,WE,Federal Contract Tower,0,1,1,0,2,0,0,2,0,2,0,1,3,0,4,0,0,0,4
12/25/2006,OLM,WA,ANM,WE,Federal Contract Tower,0,0,1,0,1,0,0,35,0,35,0,0,36,0,36,14,0,14,50
12/26/2006,OLM,WA,ANM,WE,Federal Contract Tower,0,1,12,0,13,0,0,1,0,1,0,1,13,0,14,0,0,0,14
12/27/2006,OLM,WA,ANM,WE,Federal Contract Tower,0,3,14,0,17,0,1,146,3,150,0,4,160,3,167,134,0,134,301
12/28/2006,OLM,WA,ANM,WE,Federal Contract Tower,0,0,20,0,20,0,0,48,0,48,0,0,68,0,68,66,0,66,134
12/29/2006,OLM,WA,ANM,WE,Federal Contract Tower,0,0,17,0,17,0,0,128,0,128,0,0,145,0,145,188,0,188,333
12/30/2006,OLM,WA,ANM,WE,Federal Contract Tower,0,0,5,0,5,0,0,5,0,5,0,0,10,0,10,0,0,0,10
12/31/2006,OLM,WA,ANM,WE,Federal Contract Tower,0,0,10,0,10,0,0,187,1,188,0,0,197,1,198,160,0,160,358
01/01/2007,OLM,WA,ANM,WE,Federal Contract Tower,0,0,5,0,5,0,0,26,0,26,0,0,31,0,31,24,0,24,55
01/02/2007,OLM,WA,ANM,WE,Federal Contract Tower,0,0,2,0,2,0,0,3,0,3,0,0,5,0,5,0,0,0,5
01/03/2007,OLM,WA,ANM,WE,Federal Contract Tower,0,0,10,0,10,0,0,36,2,38,0,0,46,2,48,72,0,72,120
01/04/2007,OLM,WA,ANM,WE,Federal Contract Tower,0,5,17,0,22,0,1,58,4,63,0,6,75,4,85,144,18,162,247
01/05/2007,OLM,WA,ANM,WE,Federal Contract Tower,0,0,12,0,12,0,0,39,0,39,0,0,51,0,51,0,0,0,51
01/06/2007,OLM,WA,ANM,WE,Federal Contract Tower,0,0,18,0,18,0,0,119,27,146,0,0,137,27,164,176,0,176,340
01/07/2007,OLM,WA,ANM,WE,Federal Contract Tower,0,0,3,0,3,0,0,2,0,2,0,0,5,0,5,0,0,0,5
01/08/2007,OLM,WA,ANM,WE,Federal Contract Tower,0,3,18,0,21,0,0,50,4,54,0,3,68,4,75,56,0,56,131
01/09/2007,OLM,WA,ANM,WE,Federal Contract Tower,0,5,14,0,19,0,0,29,0,29,0,5,43,0,48,16,0,16,64
01/10/2007,OLM,WA,ANM,WE,Federal Contract Tower,0,4,13,0,17,0,0,20,0,20,0,4,33,0,37,22,0,22,59
01/11/2007,OLM,WA,ANM,WE,Federal Contract Tower,0,1,30,0,31,0,0,96,2,98,0,1,126,2,129,113,0,113,242
01/12/2007,OLM,WA,ANM,WE,Federal Contract Tower,0,5,12,0,17,0,0,176,2,178,0,5,188,2,195,159,0,159,354
01/13/2007,OLM,WA,ANM,WE,Federal Contract Tower,0,0,9,0,9,0,0,105,1,106,0,0,114,1,115,181,0,181,296
01/14/2007,OLM,WA,ANM,WE,Federal Contract Tower,0,0,5,0,5,0,0,70,0,70,0,0,75,0,75,40,0,40,115
01/15/2007,OLM,WA,ANM,WE,Federal Contract Tower,0,4,15,0,19,0,0,87,0,87,0,4,102,0,106,100,0,100,206
01/16/2007,OLM,WA,ANM,WE,Federal Contract Tower,0,1,2,1,4,0,0,16,0,16,0,1,18,1,20,39,0,39,59
01/17/2007,OLM,WA,ANM,WE,Federal Contract Tower,0,4,10,0,14,0,0,17,2,19,0,4,27,2,33,67,2,69,102
01/18/2007,OLM,WA,ANM,WE,Federal Contract Tower,0,9,11,1,21,0,4,34,12,50,0,13,45,13,71,160,2,162,233
01/19/2007,OLM,WA,ANM,WE,Federal Contract Tower,0,5,9,0,14,0,0,14,0,14,0,5,23,0,28,43,0,43,71
01/20/2007,OLM,WA,ANM,WE,Federal Contract Tower,0,5,13,0,18,0,10,184,2,196,0,15,197,2,214,189,0,189,403
01/21/2007,OLM,WA,ANM,WE,Federal Contract Tower,0,0,4,0,4,0,0,84,0,84,0,0,88,0,88,138,0,138,226
01/22/2007,OLM,WA,ANM,WE,Federal Contract Tower,0,4,8,0,12,0,0,74,0,74,0,4,82,0,86,168,0,168,254
01/23/2007,OLM,WA,ANM,WE,Federal Contract Tower,0,7,16,4,27,0,3,87,19,109,0,10,103,23,136,184,20,204,340
01/24/2007,OLM,WA,ANM,WE,Federal Contract Tower,0,4,21,0,25,0,2,61,4,67,0,6,82,4,92,70,0,70,162
01/25/2007,OLM,WA,ANM,WE,Federal Contract Tower,0,3,24,0,27,0,0,28,0,28,0,3,52,0,55,0,0,0,55
01/26/2007,OLM,WA,ANM,WE,Federal Contract Tower,0,7,13,0,20,0,6,122,0,128,0,13,135,0,148,147,0,147,295
01/27/2007,OLM,WA,ANM,WE,Federal Contract Tower,0,0,18,0,18,0,0,157,0,157,0,0,175,0,175,187,0,187,362
01/28/2007,OLM,WA,ANM,WE,Federal Contract Tower,0,1,17,0,18,0,0,131,2,133,0,1,148,2,151,128,0,128,279
01/29/2007,OLM,WA,ANM,WE,Federal Contract Tower,0,4,14,0,18,0,0,46,2,48,0,4,60,2,66,24,0,24,90
01/30/2007,OLM,WA,ANM,WE,Federal Contract Tower,0,6,39,2,47,0,3,78,10,91,0,9,117,12,138,80,10,90,228
01/31/2007,OLM,WA,ANM,WE,Federal Contract Tower,0,5,15,0,20,0,0,27,0,27,0,5,42,0,47,44,0,44,91
02/01/2007,OLM,WA,ANM,WE,Federal Contract Tower,0,4,15,1,20,0,2,153,5,160,0,6,168,6,180,146,0,146,326
02/02/2007,OLM,WA,ANM,WE,Federal Contract Tower,0,3,21,0,24,0,3,106,0,109,0,6,127,0,133,177,0,177,310
02/03/2007,OLM,WA,ANM,WE,Federal Contract Tower,0,1,28,0,29,0,0,81,1,82,0,1,109,1,111,92,0,92,203
02/04/2007,OLM,WA,ANM,WE,Federal Contract Tower,0,0,15,0,15,0,0,56,1,57,0,0,71,1,72,60,0,60,132
02/05/2007,OLM,WA,ANM,WE,Federal Contract Tower,0,3,11,0,14,0,0,3,0,3,0,3,14,0,17,0,0,0,17
02/06/2007,OLM,WA,ANM,WE,Federal Contract Tower,0,5,18,1,24,0,0,10,1,11,0,5,28,2,35,0,0,0,35
02/07/2007,OLM,WA,ANM,WE,Federal Contract Tower,0,5,12,0,17,0,0,6,1,7,0,5,18,1,24,22,0,22,46
02/08/2007,OLM,WA,ANM,WE,Federal Contract Tower,0,5,20,1,26,0,1,110,0,111,0,6,130,1,137,142,0,142,279
02/09/2007,OLM,WA,ANM,WE,Federal Contract Tower,0,3,24,0,27,0,4,111,0,115,0,7,135,0,142,375,0,375,517
02/10/2007,OLM,WA,ANM,WE,Federal Contract Tower,0,0,18,3,21,0,3,137,7,147,0,3,155,10,168,104,14,118,286
02/11/2007,OLM,WA,ANM,WE,Federal Contract Tower,0,0,4,0,4,0,0,56,0,56,0,0,60,0,60,120,0,120,180
02/12/2007,OLM,WA,ANM,WE,Federal Contract Tower,0,3,30,1,34,0,2,94,1,97,0,5,124,2,131,84,0,84,215
02/13/2007,OLM,WA,ANM,WE,Federal Contract Tower,0,5,17,0,22,0,2,55,4,61,0,7,72,4,83,22,0,22,105
02/14/2007,OLM,WA,ANM,WE,Federal Contract Tower,0,6,17,2,25,0,1,35,4,40,0,7,52,6,65,142,4,146,211
02/15/2007,OLM,WA,ANM,WE,Federal Contract Tower,0,2,8,1,11,0,0,14,1,15,0,2,22,2,26,30,0,30,56
02/16/2007,OLM,WA,ANM,WE,Federal Contract Tower,0,2,18,0,20,0,7,148,0,155,0,9,166,0,175,186,0,186,361
02/17/2007,OLM,WA,ANM,WE,Federal Contract Tower,0,3,14,0,17,0,15,122,2,139,0,18,136,2,156,158,5,163,319
02/18/2007,OLM,WA,ANM,WE,Federal Contract Tower,0,2,10,0,12,0,2,44,0,46,0,4,54,0,58,80,0,80,138
02/19/2007,OLM,WA,ANM,WE,Federal Contract Tower,0,2,13,0,15,0,3,15,0,18,0,5,28,0,33,0,0,0,33
02/20/2007,OLM,WA,ANM,WE,Federal Contract Tower,0,5,10,0,15,0,6,65,0,71,0,11,75,0,86,98,0,98,184
02/21/2007,OLM,WA,ANM,WE,Federal Contract Tower,0,6,25,0,31,0,14,122,26,162,0,20,147,26,193,158,0,158,351
02/22/2007,OLM,WA,ANM,WE,Federal Contract Tower,0,8,16,3,27,0,2,66,5,73,0,10,82,8,100,108,0,108,208
02/23/2007,OLM,WA,ANM,WE,Federal Contract Tower,0,3,11,4,18,0,4,94,8,106,0,7,105,12,124,120,0,120,244
02/24/2007,OLM,WA,ANM,WE,Federal Contract Tower,0,0,3,0,3,0,2,19,0,21,0,2,22,0,24,14,0,14,38
02/25/2007,OLM,WA,ANM,WE,Federal Contract Tower,0,0,7,0,7,0,0,57,0,57,0,0,64,0,64,124,0,124,188
02/26/2007,OLM,WA,ANM,WE,Federal Contract Tower,0,3,22,1,26,0,3,84,3,90,0,6,106,4,116,138,0,138,254
02/27/2007,OLM,WA,ANM,WE,Federal Contract Tower,0,6,23,1,30,0,0,45,1,46,0,6,68,2,76,174,0,174,250
02/28/2007,OLM,WA,ANM,WE,Federal Contract Tower,0,2,10,0,12,0,3,87,0,90,0,5,97,0,102,167,0,167,269
03/01/2007,OLM,WA,ANM,WE,Federal Contract Tower,0,5,13,0,18,0,7,102,0,109,0,12,115,0,127,210,0,210,337
03/02/2007,OLM,WA,ANM,WE,Federal Contract Tower,0,2,20,0,22,0,2,58,0,60,0,4,78,0,82,105,0,105,187
03/03/2007,OLM,WA,ANM,WE,Federal Contract Tower,0,0,5,0,5,0,5,93,0,98,0,5,98,0,103,157,0,157,260
03/04/2007,OLM,WA,ANM,WE,Federal Contract Tower,0,0,35,1,36,0,4,233,15,252,0,4,268,16,288,200,0,200,488
03/05/2007,OLM,WA,ANM,WE,Federal Contract Tower,0,3,22,0,25,0,3,140,18,161,0,6,162,18,186,168,0,168,354
03/06/2007,OLM,WA,ANM,WE,Federal Contract Tower,0,5,18,1,24,0,2,114,5,121,0,7,132,6,145,148,0,148,293
03/07/2007,OLM,WA,ANM,WE,Federal Contract Tower,0,4,19,0,23,0,3,44,0,47,0,7,63,0,70,18,0,18,88
03/08/2007,OLM,WA,ANM,WE,Federal Contract Tower,0,6,10,2,18,0,3,54,6,63,0,9,64,8,81,30,0,30,111
03/09/2007,OLM,WA,ANM,WE,Federal Contract Tower,0,3,14,0,17,0,7,76,9,92,0,10,90,9,109,75,0,75,184
03/10/2007,OLM,WA,ANM,WE,Federal Contract Tower,0,0,11,0,11,0,0,60,0,60,0,0,71,0,71,157,0,157,228
03/11/2007,OLM,WA,ANM,WE,Federal Contract Tower,0,0,5,0,5,0,0,5,0,5,0,0,10,0,10,10,0,10,20
03/12/2007,OLM,WA,ANM,WE,Federal Contract Tower,0,4,14,0,18,0,1,98,9,108,0,5,112,9,126,100,6,106,232
03/13/2007,OLM,WA,ANM,WE,Federal Contract Tower,0,4,19,0,23,0,3,86,8,97,0,7,105,8,120,76,0,76,196
03/14/2007,OLM,WA,ANM,WE,Federal Contract Tower,0,5,27,0,32,0,1,107,0,108,0,6,134,0,140,244,0,244,384
03/15/2007,OLM,WA,ANM,WE,Federal Contract Tower,0,6,31,0,37,0,3,109,2,114,0,9,140,2,151,86,0,86,237
03/16/2007,OLM,WA,ANM,WE,Federal Contract Tower,0,2,24,0,26,0,9,211,0,220,0,11,235,0,246,189,0,189,435
03/17/2007,OLM,WA,ANM,WE,Federal Contract Tower,0,1,17,0,18,0,13,48,0,61,0,14,65,0,79,75,0,75,154
03/18/2007,OLM,WA,ANM,WE,Federal Contract Tower,0,0,28,0,28,0,2,102,0,104,0,2,130,0,132,166,0,166,298
03/19/2007,OLM,WA,ANM,WE,Federal Contract Tower,0,4,14,0,18,0,3,88,2,93,0,7,102,2,111,98,0,98,209
03/20/2007,OLM,WA,ANM,WE,Federal Contract Tower,0,5,18,1,24,0,0,60,5,65,0,5,78,6,89,82,0,82,171
03/21/2007,OLM,WA,ANM,WE,Federal Contract Tower,0,4,30,2,36,0,0,93,9,102,0,4,123,11,138,190,0,190,328
03/22/2007,OLM,WA,ANM,WE,Federal Contract Tower,0,5,24,0,29,0,1,56,4,61,0,6,80,4,90,128,0,128,218
03/23/2007,OLM,WA,ANM,WE,Federal Contract Tower,0,6,27,0,33,0,6,68,3,77,0,12,95,3,110,76,0,76,186
03/24/2007,OLM,WA,ANM,WE,Federal Contract Tower,0,2,10,0,12,0,5,41,5,51,0,7,51,5,63,50,0,50,113
03/25/2007,OLM,WA,ANM,WE,Federal Contract Tower,0,4,23,0,27,0,2,135,0,137,0,6,158,0,164,132,0,132,296
03/26/2007,OLM,WA,ANM,WE,Federal Contract Tower,0,3,32,0,35,0,2,114,0,116,0,5,146,0,151,76,0,76,227
03/27/2007,OLM,WA,ANM,WE,Federal Contract Tower,0,9,27,6,42,0,0,50,12,62,0,9,77,18,104,81,7,88,192
03/28/2007,OLM,WA,ANM,WE,Federal Contract Tower,0,4,25,0,29,0,2,103,4,109,0,6,128,4,138,238,0,238,376
03/29/2007,OLM,WA,ANM,WE,Federal Contract Tower,0,11,20,0,31,0,3,125,2,130,0,14,145,2,161,168,0,168,329
03/30/2007,OLM,WA,ANM,WE,Federal Contract Tower,0,3,14,0,17,0,2,161,4,167,0,5,175,4,184,195,0,195,379
03/31/2007,OLM,WA,ANM,WE,Federal Contract Tower,0,3,14,0,17,0,3,114,4,121,0,6,128,4,138,99,0,99,237
04/01/2007,OLM,WA,ANM,WE,Federal Contract Tower,0,0,14,0,14,0,2,97,0,99,0,2,111,0,113,132,0,132,245
04/02/2007,OLM,WA,ANM,WE,Federal Contract Tower,0,3,26,0,29,0,0,112,4,116,0,3,138,4,145,157,0,157,302
04/03/2007,OLM,WA,ANM,WE,Federal Contract Tower,0,7,20,1,28,0,8,132,1,141,0,15,152,2,169,115,0,115,284
04/04/2007,OLM,WA,ANM,WE,Federal Contract Tower,0,7,27,0,34,0,0,86,2,88,0,7,113,2,122,115,0,115,237
04/05/2007,OLM,WA,ANM,WE,Federal Contract Tower,0,4,28,0,32,0,2,90,0,92,0,6,118,0,124,80,0,80,204
04/06/2007,OLM,WA,ANM,WE,Federal Contract Tower,0,4,4,0,8,0,11,201,7,219,0,15,205,7,227,190,5,195,422
04/07/2007,OLM,WA,ANM,WE,Federal Contract Tower,0,2,13,0,15,0,5,42,0,47,0,7,55,0,62,65,0,65,127
04/08/2007,OLM,WA,ANM,WE,Federal Contract Tower,0,0,7,0,7,0,0,41,0,41,0,0,48,0,48,72,0,72,120
04/09/2007,OLM,WA,ANM,WE,Federal Contract Tower,0,5,11,0,16,0,0,37,0,37,0,5,48,0,53,40,0,40,93
04/10/2007,OLM,WA,ANM,WE,Federal Contract Tower,0,6,18,0,24,0,1,98,1,100,0,7,116,1,124,110,0,110,234
04/11/2007,OLM,WA,ANM,WE,Federal Contract Tower,0,9,37,0,46,0,5,187,0,192,0,14,224,0,238,226,0,226,464
04/12/2007,OLM,WA,ANM,WE,Federal Contract Tower,0,5,21,0,26,0,1,58,0,59,0,6,79,0,85,118,0,118,203
04/13/2007,OLM,WA,ANM,WE,Federal Contract Tower,0,5,18,0,23,0,2,60,0,62,0,7,78,0,85,150,0,150,235
04/14/2007,OLM,WA,ANM,WE,Federal Contract Tower,0,0,14,2,16,0,4,153,0,157,0,4,167,2,173,199,0,199,372
04/15/2007,OLM,WA,ANM,WE,Federal Contract Tower,0,0,17,0,17,0,2,162,0,164,0,2,179,0,181,190,0,190,371
04/16/2007,OLM,WA,ANM,WE,Federal Contract Tower,0,4,19,0,23,0,2,49,10,61,0,6,68,10,84,76,0,76,160
04/17/2007,OLM,WA,ANM,WE,Federal Contract Tower,0,5,25,2,32,0,0,76,2,78,0,5,101,4,110,146,0,146,256
04/18/2007,OLM,WA,ANM,WE,Federal Contract Tower,0,5,13,0,18,0,2,61,9,72,0,7,74,9,90,124,0,124,214
04/19/2007,OLM,WA,ANM,WE,Federal Contract Tower,0,6,23,0,29,0,1,134,6,141,0,7,157,6,170,208,0,208,378
04/20/2007,OLM,WA,ANM,WE,Federal Contract Tower,0,4,34,0,38,0,3,152,2,157,0,7,186,2,195,204,0,204,399
04/21/2007,OLM,WA,ANM,WE,Federal Contract Tower,0,4,17,0,21,0,6,128,0,134,0,10,145,0,155,99,0,99,254
04/22/2007,OLM,WA,ANM,WE,Federal Contract Tower,0,0,18,0,18,0,4,95,0,99,0,4,113,0,117,104,0,104,221
04/23/2007,OLM,WA,ANM,WE,Federal Contract Tower,0,4,36,0,40,0,0,128,0,128,0,4,164,0,168,160,0,160,328
04/24/2007,OLM,WA,ANM,WE,Federal Contract Tower,0,4,23,0,27,0,0,73,8,81,0,4,96,8,108,100,22,122,230
04/25/2007,OLM,WA,ANM,WE,Federal Contract Tower,0,5,19,2,26,0,1,86,8,95,0,6,105,10,121,346,0,346,467
04/26/2007,OLM,WA,ANM,WE,Federal Contract Tower,0,4,29,0,33,0,3,76,20,99,0,7,105,20,132,166,0,166,298
04/27/2007,OLM,WA,ANM,WE,Federal Contract Tower,0,6,30,0,36,0,14,127,14,155,0,20,157,14,191,189,0,189,380
04/28/2007,OLM,WA,ANM,WE,Federal Contract Tower,0,0,9,0,9,0,2,145,0,147,0,2,154,0,156,168,0,168,324
04/29/2007,OLM,WA,ANM,WE,Federal Contract Tower,0,0,24,0,24,0,0,154,0,154,0,0,178,0,178,128,0,128,306
04/30/2007,OLM,WA,ANM,WE,Federal Contract Tower,0,6,10,0,16,0,6,138,1,145,0,12,148,1,161,257,0,257,418
05/01/2007,OLM,WA,ANM,WE,Federal Contract Tower,0,5,29,1,35,0,2,62,58,122,0,7,91,59,157,135,0,135,292
05/02/2007,OLM,WA,ANM,WE,Federal Contract Tower,0,5,15,0,20,0,2,38,0,40,0,7,53,0,60,52,0,52,112
05/03/2007,OLM,WA,ANM,WE,Federal Contract Tower,0,7,33,0,40,0,3,80,0,83,0,10,113,0,123,130,0,130,253
05/04/2007,OLM,WA,ANM,WE,Federal Contract Tower,0,7,16,0,23,0,0,117,0,117,0,7,133,0,140,217,0,217,357
05/05/2007,OLM,WA,ANM,WE,Federal Contract Tower,0,2,17,0,19,0,2,123,0,125,0,4,140,0,144,206,0,206,350
05/06/2007,OLM,WA,ANM,WE,Federal Contract Tower,0,0,8,1,9,0,0,115,14,129,0,0,123,15,138,89,0,89,227
05/07/2007,OLM,WA,ANM,WE,Federal Contract Tower,0,3,14,0,17,0,0,137,0,137,0,3,151,0,154,136,0,136,290
05/08/2007,OLM,WA,ANM,WE,Federal Contract Tower,0,7,19,0,26,0,1,91,0,92,0,8,110,0,118,150,0,150,268
05/09/2007,OLM,WA,ANM,WE,Federal Contract Tower,0,10,22,3,35,0,0,126,3,129,0,10,148,6,164,202,0,202,366
05/10/2007,OLM,WA,ANM,WE,Federal Contract Tower,0,4,18,0,22,0,3,132,0,135,0,7,150,0,157,230,0,230,387
05/11/2007,OLM,WA,ANM,WE,Federal Contract Tower,0,4,27,0,31,0,5,120,0,125,0,9,147,0,156,255,0,255,411
05/12/2007,OLM,WA,ANM,WE,Federal Contract Tower,0,0,16,0,16,0,5,161,2,168,0,5,177,2,184,230,0,230,414
05/13/2007,OLM,WA,ANM,WE,Federal Contract Tower,0,4,9,0,13,0,2,112,0,114,0,6,121,0,127,177,0,177,304
05/14/2007,OLM,WA,ANM,WE,Federal Contract Tower,0,2,28,0,30,0,1,176,0,177,0,3,204,0,207,184,0,184,391
05/15/2007,OLM,WA,ANM,WE,Federal Contract Tower,0,5,17,0,22,0,0,117,1,118,0,5,134,1,140,117,0,117,257
05/16/2007,OLM,WA,ANM,WE,Federal Contract Tower,0,6,24,0,30,0,5,102,2,109,0,11,126,2,139,204,0,204,343
05/17/2007,OLM,WA,ANM,WE,Federal Contract Tower,0,6,29,0,35,0,1,151,0,152,0,7,180,0,187,122,0,122,309
05/18/2007,OLM,WA,ANM,WE,Federal Contract Tower,0,4,19,0,23,0,2,123,4,129,0,6,142,4,152,297,0,297,449
05/19/2007,OLM,WA,ANM,WE,Federal Contract Tower,0,0,15,2,17,0,4,87,2,93,0,4,102,4,110,160,0,160,270
05/20/2007,OLM,WA,ANM,WE,Federal Contract Tower,0,0,7,0,7,0,4,71,0,75,0,4,78,0,82,99,0,99,181
05/21/2007,OLM,WA,ANM,WE,Federal Contract Tower,0,6,16,0,22,0,6,115,0,121,0,12,131,0,143,212,0,212,355
05/22/2007,OLM,WA,ANM,WE,Federal Contract Tower,0,4,19,0,23,0,3,116,6,125,0,7,135,6,148,182,18,200,348
05/23/2007,OLM,WA,ANM,WE,Federal Contract Tower,0,5,20,0,25,0,0,107,3,110,0,5,127,3,135,221,0,221,356
05/24/2007,OLM,WA,ANM,WE,Federal Contract Tower,0,4,11,0,15,0,7,140,1,148,0,11,151,1,163,228,0,228,391
05/25/2007,OLM,WA,ANM,WE,Federal Contract Tower,0,0,10,0,10,0,5,167,0,172,0,5,177,0,182,337,0,337,519
05/26/2007,OLM,WA,ANM,WE,Federal Contract Tower,0,2,12,0,14,0,2,113,0,115,0,4,125,0,129,194,0,194,323
05/27/2007,OLM,WA,ANM,WE,Federal Contract Tower,0,2,6,0,8,0,4,44,0,48,0,6,50,0,56,0,0,0,56
05/28/2007,OLM,WA,ANM,WE,Federal Contract Tower,0,3,10,0,13,0,6,164,0,170,0,9,174,0,183,108,0,108,291
05/29/2007,OLM,WA,ANM,WE,Federal Contract Tower,0,2,14,0,16,0,1,164,0,165,0,3,178,0,181,271,0,271,452
05/30/2007,OLM,WA,ANM,WE,Federal Contract Tower,0,6,21,0,27,0,0,168,1,169,0,6,189,1,196,168,0,168,364
05/31/2007,OLM,WA,ANM,WE,Federal Contract Tower,0,4,19,2,25,0,0,131,4,135,0,4,150,6,160,198,0,198,358
06/01/2007,OLM,WA,ANM,WE,Federal Contract Tower,0,5,9,0,14,0,3,111,0,114,0,8,120,0,128,150,0,150,278
06/02/2007,OLM,WA,ANM,WE,Federal Contract Tower,0,0,16,0,16,0,2,124,2,128,0,2,140,2,144,166,0,166,310
06/03/2007,OLM,WA,ANM,WE,Federal Contract Tower,0,0,10,0,10,0,0,114,0,114,0,0,124,0,124,86,0,86,210
06/04/2007,OLM,WA,ANM,WE,Federal Contract Tower,0,4,24,0,28,0,0,54,0,54,0,4,78,0,82,82,0,82,164
06/05/2007,OLM,WA,ANM,WE,Federal Contract Tower,0,4,19,0,23,0,2,84,0,86,0,6,103,0,109,96,0,96,205
06/06/2007,OLM,WA,ANM,WE,Federal Contract Tower,0,5,18,0,23,0,2,77,4,83,0,7,95,4,106,52,0,52,158
06/07/2007,OLM,WA,ANM,WE,Federal Contract Tower,0,6,26,3,35,0,1,92,1,94,0,7,118,4,129,120,0,120,249
06/08/2007,OLM,WA,ANM,WE,Federal Contract Tower,0,3,28,0,31,0,5,157,0,162,0,8,185,0,193,165,0,165,358
06/09/2007,OLM,WA,ANM,WE,Federal Contract Tower,0,0,12,0,12,0,0,39,0,39,0,0,51,0,51,58,0,58,109
06/10/2007,OLM,WA,ANM,WE,Federal Contract Tower,0,0,35,0,35,0,5,100,5,110,0,5,135,5,145,55,0,55,200
06/11/2007,OLM,WA,ANM,WE,Federal Contract Tower,0,2,21,0,23,0,2,131,6,139,0,4,152,6,162,242,6,248,410
06/12/2007,OLM,WA,ANM,WE,Federal Contract Tower,0,2,16,1,19,0,0,139,1,140,0,2,155,2,159,138,0,138,297
06/13/2007,OLM,WA,ANM,WE,Federal Contract Tower,0,6,21,0,27,0,2,81,0,83,0,8,102,0,110,130,0,130,240
06/14/2007,OLM,WA,ANM,WE,Federal Contract Tower,0,5,30,0,35,0,3,130,2,135,0,8,160,2,170,230,0,230,400
06/15/2007,OLM,WA,ANM,WE,Federal Contract Tower,0,2,27,0,29,0,5,170,0,175,0,7,197,0,204,235,0,235,439
06/16/2007,OLM,WA,ANM,WE,Federal Contract Tower,0,2,6,0,8,0,2,304,0,306,0,4,310,0,314,404,0,404,718
06/17/2007,OLM,WA,ANM,WE,Federal Contract Tower,0,0,3,0,3,0,3,305,0,308,0,3,308,0,311,400,0,400,711
06/18/2007,OLM,WA,ANM,WE,Federal Contract Tower,0,3,36,0,39,0,5,106,0,111,0,8,142,0,150,178,0,178,328
06/19/2007,OLM,WA,ANM,WE,Federal Contract Tower,0,7,18,0,25,0,1,116,2,119,0,8,134,2,144,102,0,102,246
06/20/2007,OLM,WA,ANM,WE,Federal Contract Tower,0,4,15,0,19,0,4,129,3,136,0,8,144,3,155,160,0,160,315
06/21/2007,OLM,WA,ANM,WE,Federal Contract Tower,0,4,22,0,26,0,5,167,2,174,0,9,189,2,200,135,0,135,335
06/22/2007,OLM,WA,ANM,WE,Federal Contract Tower,0,3,21,0,24,0,3,94,0,97,0,6,115,0,121,144,0,144,265
06/23/2007,OLM,WA,ANM,WE,Federal Contract Tower,0,2,37,0,39,0,2,147,4,153,0,4,184,4,192,204,0,204,396
06/24/2007,OLM,WA,ANM,WE,Federal Contract Tower,0,0,15,4,19,0,7,90,2,99,0,7,105,6,118,99,0,99,217
06/25/2007,OLM,WA,ANM,WE,Federal Contract Tower,0,0,23,0,23,0,3,123,0,126,0,3,146,0,149,122,0,122,271
06/26/2007,OLM,WA,ANM,WE,Federal Contract Tower,0,0,14,0,14,0,3,116,0,119,0,3,130,0,133,188,0,188,321
06/27/2007,OLM,WA,ANM,WE,Federal Contract Tower,0,0,16,2,18,0,2,98,4,104,0,2,114,6,122,171,0,171,293
06/28/2007,OLM,WA,ANM,WE,Federal Contract Tower,0,0,21,1,22,0,4,76,3,83,0,4,97,4,105,108,0,108,213
06/29/2007,OLM,WA,ANM,WE,Federal Contract Tower,0,0,8,0,8,0,6,91,0,97,0,6,99,0,105,192,0,192,297
06/30/2007,OLM,WA,ANM,WE,Federal Contract Tower,0,2,22,0,24,0,6,144,0,150,0,8,166,0,174,140,0,140,314
07/01/2007,OLM,WA,ANM,WE,Federal Contract Tower,0,2,18,0,20,0,6,149,0,155,0,8,167,0,175,189,0,189,364
07/02/2007,OLM,WA,ANM,WE,Federal Contract Tower,0,0,31,0,31,0,0,143,0,143,0,0,174,0,174,208,0,208,382
07/03/2007,OLM,WA,ANM,WE,Federal Contract Tower,0,2,15,0,17,0,7,133,0,140,0,9,148,0,157,122,0,122,279
07/04/2007,OLM,WA,ANM,WE,Federal Contract Tower,0,2,2,0,4,0,4,86,0,90,0,6,88,0,94,54,0,54,148
07/05/2007,OLM,WA,ANM,WE,Federal Contract Tower,0,0,12,0,12,0,6,173,4,183,0,6,185,4,195,166,0,166,361
07/06/2007,OLM,WA,ANM,WE,Federal Contract Tower,0,1,25,1,27,0,7,180,1,188,0,8,205,2,215,188,0,188,403
07/07/2007,OLM,WA,ANM,WE,Federal Contract Tower,0,0,18,0,18,0,7,240,4,251,0,7,258,4,269,60,0,60,329
07/08/2007,OLM,WA,ANM,WE,Federal Contract Tower,0,0,13,0,13,0,8,153,0,161,0,8,166,0,174,205,0,205,379
07/09/2007,OLM,WA,ANM,WE,Federal Contract Tower,0,7,19,0,26,0,2,145,0,147,0,9,164,0,173,170,0,170,343
07/10/2007,OLM,WA,ANM,WE,Federal Contract Tower,0,4,12,0,16,0,8,100,4,112,0,12,112,4,128,38,12,50,178
07/11/2007,OLM,WA,ANM,WE,Federal Contract Tower,0,4,16,1,21,0,4,116,3,123,0,8,132,4,144,84,0,84,228
07/12/2007,OLM,WA,ANM,WE,Federal Contract Tower,0,7,21,0,28,0,3,97,2,102,0,10,118,2,130,148,0,148,278
07/13/2007,OLM,WA,ANM,WE,Federal Contract Tower,0,2,13,0,15,0,13,108,4,125,0,15,121,4,140,224,0,224,364
07/14/2007,OLM,WA,ANM,WE,Federal Contract Tower,0,2,7,0,9,0,4,114,0,118,0,6,121,0,127,70,0,70,197
07/15/2007,OLM,WA,ANM,WE,Federal Contract Tower,0,2,9,2,13,0,6,165,4,175,0,8,174,6,188,195,0,195,383
07/16/2007,OLM,WA,ANM,WE,Federal Contract Tower,0,3,11,0,14,0,3,130,0,133,0,6,141,0,147,204,0,204,351
07/17/2007,OLM,WA,ANM,WE,Federal Contract Tower,0,5,23,0,28,0,3,18,0,21,0,8,41,0,49,128,0,128,177
07/18/2007,OLM,WA,ANM,WE,Federal Contract Tower,0,5,15,0,20,0,1,28,1,30,0,6,43,1,50,38,0,38,88
07/19/2007,OLM,WA,ANM,WE,Federal Contract Tower,0,7,12,0,19,0,6,87,0,93,0,13,99,0,112,60,0,60,172
07/20/2007,OLM,WA,ANM,WE,Federal Contract Tower,0,2,29,0,31,0,13,46,0,59,0,15,75,0,90,130,0,130,220
07/21/2007,OLM,WA,ANM,WE,Federal Contract Tower,0,0,22,0,22,0,2,54,2,58,0,2,76,2,80,42,0,42,122
07/22/2007,OLM,WA,ANM,WE,Federal Contract Tower,0,0,12,0,12,0,1,47,0,48,0,1,59,0,60,90,0,90,150
07/23/2007,OLM,WA,ANM,WE,Federal Contract Tower,0,5,21,0,26,0,2,94,4,100,0,7,115,4,126,127,0,127,253
07/24/2007,OLM,WA,ANM,WE,Federal Contract Tower,0,4,18,4,26,0,6,99,6,111,0,10,117,10,137,154,2,156,293
07/25/2007,OLM,WA,ANM,WE,Federal Contract Tower,0,5,13,0,18,0,2,143,0,145,0,7,156,0,163,166,2,168,331
07/26/2007,OLM,WA,ANM,WE,Federal Contract Tower,0,5,26,0,31,0,3,92,0,95,0,8,118,0,126,112,0,112,238
07/27/2007,OLM,WA,ANM,WE,Federal Contract Tower,0,7,8,0,15,0,10,137,0,147,0,17,145,0,162,121,0,121,283
07/28/2007,OLM,WA,ANM,WE,Federal Contract Tower,0,0,13,0,13,0,2,99,2,103,0,2,112,2,116,98,0,98,214
07/29/2007,OLM,WA,ANM,WE,Federal Contract Tower,0,0,19,0,19,0,6,126,2,134,0,6,145,2,153,137,0,137,290
07/30/2007,OLM,WA,ANM,WE,Federal Contract Tower,0,5,10,0,15,0,8,137,0,145,0,13,147,0,160,184,0,184,344
07/31/2007,OLM,WA,ANM,WE,Federal Contract Tower,0,5,12,0,17,0,1,101,2,104,0,6,113,2,121,154,0,154,275
08/01/2007,OLM,WA,ANM,WE,Federal Contract Tower,0,6,4,1,11,0,10,136,1,147,0,16,140,2,158,94,0,94,252
08/02/2007,OLM,WA,ANM,WE,Federal Contract Tower,0,5,12,1,18,0,2,138,1,141,0,7,150,2,159,262,0,262,421
08/03/2007,OLM,WA,ANM,WE,Federal Contract Tower,0,4,14,0,18,0,8,123,0,131,0,12,137,0,149,235,0,235,384
08/04/2007,OLM,WA,ANM,WE,Federal Contract Tower,0,0,6,0,6,0,3,92,0,95,0,3,98,0,101,110,0,110,211
08/05/2007,OLM,WA,ANM,WE,Federal Contract Tower,0,1,17,0,18,0,7,120,2,129,0,8,137,2,147,179,0,179,326
08/06/2007,OLM,WA,ANM,WE,Federal Contract Tower,0,3,19,0,22,0,0,66,0,66,0,3,85,0,88,100,0,100,188
08/07/2007,OLM,WA,ANM,WE,Federal Contract Tower,0,5,28,0,33,0,1,53,0,54,0,6,81,0,87,131,0,131,218
08/08/2007,OLM,WA,ANM,WE,Federal Contract Tower,0,4,16,0,20,0,11,83,2,96,0,15,99,2,116,94,0,94,210
08/09/2007,OLM,WA,ANM,WE,Federal Contract Tower,0,5,7,0,12,0,7,103,0,110,0,12,110,0,122,150,0,150,272
08/10/2007,OLM,WA,ANM,WE,Federal Contract Tower,0,2,17,0,19,0,6,128,6,140,0,8,145,6,159,125,0,125,284
08/11/2007,OLM,WA,ANM,WE,Federal Contract Tower,0,3,14,0,17,0,3,137,0,140,0,6,151,0,157,80,0,80,237
08/12/2007,OLM,WA,ANM,WE,Federal Contract Tower,0,0,10,0,10,0,10,147,0,157,0,10,157,0,167,137,0,137,304
08/13/2007,OLM,WA,ANM,WE,Federal Contract Tower,0,5,10,1,16,0,3,199,1,203,0,8,209,2,219,144,0,144,363
08/14/2007,OLM,WA,ANM,WE,Federal Contract Tower,0,7,32,0,39,0,13,76,4,93,0,20,108,4,132,36,0,36,168
08/15/2007,OLM,WA,ANM,WE,Federal Contract Tower,0,7,14,0,21,0,8,157,0,165,0,15,171,0,186,168,0,168,354
08/16/2007,OLM,WA,ANM,WE,Federal Contract Tower,0,6,14,2,22,0,12,165,2,179,0,18,179,4,201,175,0,175,376
08/17/2007,OLM,WA,ANM,WE,Federal Contract Tower,0,7,20,0,27,0,15,219,0,234,0,22,239,0,261,193,0,193,454
08/18/2007,OLM,WA,ANM,WE,Federal Contract Tower,0,0,12,0,12,0,4,116,0,120,0,4,128,0,132,50,0,50,182
08/19/2007,OLM,WA,ANM,WE,Federal Contract Tower,0,0,15,0,15,0,2,131,0,133,0,2,146,0,148,179,0,179,327
08/20/2007,OLM,WA,ANM,WE,Federal Contract Tower,0,9,4,0,13,0,1,94,0,95,0,10,98,0,108,244,1,245,353
08/21/2007,OLM,WA,ANM,WE,Federal Contract Tower,0,7,19,0,26,0,12,118,0,130,0,19,137,0,156,161,0,161,317
08/22/2007,OLM,WA,ANM,WE,Federal Contract Tower,0,5,17,0,22,0,10,139,4,153,0,15,156,4,175,132,0,132,307
08/23/2007,OLM,WA,ANM,WE,Federal Contract Tower,0,10,9,1,20,0,16,181,5,202,0,26,190,6,222,206,2,208,430
08/24/2007,OLM,WA,ANM,WE,Federal Contract Tower,0,5,20,0,25,0,9,195,5,209,0,14,215,5,234,164,0,164,398
08/25/2007,OLM,WA,ANM,WE,Federal Contract Tower,0,0,7,0,7,0,1,153,0,154,0,1,160,0,161,121,0,121,282
08/26/2007,OLM,WA,ANM,WE,Federal Contract Tower,0,0,21,0,21,0,1,145,0,146,0,1,166,0,167,115,0,115,282
08/27/2007,OLM,WA,ANM,WE,Federal Contract Tower,0,5,11,3,19,0,2,185,8,195,0,7,196,11,214,143,0,143,357
08/28/2007,OLM,WA,ANM,WE,Federal Contract Tower,0,5,18,3,26,0,9,153,8,170,0,14,171,11,196,97,0,97,293
08/29/2007,OLM,WA,ANM,WE,Federal Contract Tower,0,5,12,0,17,0,10,178,0,188,0,15,190,0,205,240,0,240,445
08/30/2007,OLM,WA,ANM,WE,Federal Contract Tower,0,6,9,0,15,0,7,180,4,191,0,13,189,4,206,52,0,52,258
08/31/2007,OLM,WA,ANM,WE,Federal Contract Tower,0,0,10,0,10,0,1,113,0,114,0,1,123,0,124,59,0,59,183
09/01/2007,OLM,WA,ANM,WE,Federal Contract Tower,0,1,9,0,10,0,6,155,0,161,0,7,164,0,171,130,0,130,301
09/02/2007,OLM,WA,ANM,WE,Federal Contract Tower,0,0,10,0,10,0,2,151,0,153,0,2,161,0,163,129,0,129,292
09/03/2007,OLM,WA,ANM,WE,Federal Contract Tower,0,0,7,0,7,0,0,167,0,167,0,0,174,0,174,166,0,166,340
09/04/2007,OLM,WA,ANM,WE,Federal Contract Tower,0,4,13,0,17,0,0,54,0,54,0,4,67,0,71,72,0,72,143
09/05/2007,OLM,WA,ANM,WE,Federal Contract Tower,0,4,16,1,21,0,9,114,2,125,0,13,130,3,146,177,0,177,323
09/06/2007,OLM,WA,ANM,WE,Federal Contract Tower,0,5,11,0,16,0,14,96,0,110,0,19,107,0,126,92,0,92,218
09/07/2007,OLM,WA,ANM,WE,Federal Contract Tower,0,2,6,1,9,0,5,172,1,178,0,7,178,2,187,167,0,167,354
09/08/2007,OLM,WA,ANM,WE,Federal Contract Tower,0,0,0,0,0,0,2,153,6,161,0,2,153,6,161,48,0,48,209
09/09/2007,OLM,WA,ANM,WE,Federal Contract Tower,0,2,2,0,4,0,1,128,0,129,0,3,130,0,133,60,0,60,193
09/10/2007,OLM,WA,ANM,WE,Federal Contract Tower,0,2,13,0,15,0,0,172,0,172,0,2,185,0,187,108,0,108,295
09/11/2007,OLM,WA,ANM,WE,Federal Contract Tower,0,5,12,0,17,0,11,152,4,167,0,16,164,4,184,216,0,216,400
09/12/2007,OLM,WA,ANM,WE,Federal Contract Tower,0,5,23,0,28,0,16,159,0,175,0,21,182,0,203,257,0,257,460
09/13/2007,OLM,WA,ANM,WE,Federal Contract Tower,0,4,11,0,15,0,10,71,0,81,0,14,82,0,96,26,0,26,122
09/14/2007,OLM,WA,ANM,WE,Federal Contract Tower,0,5,12,0,17,0,8,155,0,163,0,13,167,0,180,142,0,142,322
09/15/2007,OLM,WA,ANM,WE,Federal Contract Tower,0,3,18,0,21,0,3,148,0,151,0,6,166,0,172,66,0,66,238
09/16/2007,OLM,WA,ANM,WE,Federal Contract Tower,0,3,14,0,17,0,5,96,0,101,0,8,110,0,118,37,0,37,155
09/17/2007,OLM,WA,ANM,WE,Federal Contract Tower,0,3,22,0,25,0,2,111,0,113,0,5,133,0,138,158,0,158,296
09/18/2007,OLM,WA,ANM,WE,Federal Contract Tower,0,5,27,0,32,0,26,130,12,168,0,31,157,12,200,180,0,180,380
09/19/2007,OLM,WA,ANM,WE,Federal Contract Tower,0,7,11,0,18,0,14,143,0,157,0,21,154,0,175,188,0,188,363
09/20/2007,OLM,WA,ANM,WE,Federal Contract Tower,0,5,11,0,16,0,15,126,0,141,0,20,137,0,157,124,0,124,281
09/21/2007,OLM,WA,ANM,WE,Federal Contract Tower,0,3,18,0,21,0,4,185,0,189,0,7,203,0,210,77,0,77,287
09/22/2007,OLM,WA,ANM,WE,Federal Contract Tower,0,0,9,0,9,0,3,131,0,134,0,3,140,0,143,119,0,119,262
09/23/2007,OLM,WA,ANM,WE,Federal Contract Tower,0,0,15,0,15,0,1,207,0,208,0,1,222,0,223,83,0,83,306
09/24/2007,OLM,WA,ANM,WE,Federal Contract Tower,0,3,14,0,17,0,2,191,0,193,0,5,205,0,210,140,0,140,350
09/25/2007,OLM,WA,ANM,WE,Federal Contract Tower,0,6,9,0,15,0,8,81,0,89,0,14,90,0,104,147,0,147,251
09/26/2007,OLM,WA,ANM,WE,Federal Contract Tower,0,4,21,0,25,0,11,79,1,91,0,15,100,1,116,47,0,47,163
09/27/2007,OLM,WA,ANM,WE,Federal Contract Tower,0,5,18,0,23,0,11,88,2,101,0,16,106,2,124,77,0,77,201
09/28/2007,OLM,WA,ANM,WE,Federal Contract Tower,0,3,13,0,16,0,1,143,0,144,0,4,156,0,160,166,0,166,326
09/29/2007,OLM,WA,ANM,WE,Federal Contract Tower,0,0,5,0,5,0,4,73,0,77,0,4,78,0,82,59,0,59,141
09/30/2007,OLM,WA,ANM,WE,Federal Contract Tower,0,0,6,0,6,0,4,67,0,71,0,4,73,0,77,19,0,19,96
10/01/2007,OLM,WA,ANM,WE,Federal Contract Tower,0,3,15,2,20,0,1,156,3,160,0,4,171,5,180,271,0,271,451
10/02/2007,OLM,WA,ANM,WE,Federal Contract Tower,0,7,19,0,26,0,12,39,0,51,0,19,58,0,77,7,0,7,84
10/03/2007,OLM,WA,ANM,WE,Federal Contract Tower,0,6,11,0,17,0,7,88,0,95,0,13,99,0,112,65,0,65,177
10/04/2007,OLM,WA,ANM,WE,Federal Contract Tower,0,5,14,0,19,0,10,83,4,97,0,15,97,4,116,110,0,110,226
10/05/2007,OLM,WA,ANM,WE,Federal Contract Tower,0,4,14,0,18,0,5,169,0,174,0,9,183,0,192,133,0,133,325
10/06/2007,OLM,WA,ANM,WE,Federal Contract Tower,0,0,19,0,19,0,1,30,2,33,0,1,49,2,52,18,0,18,70
10/07/2007,OLM,WA,ANM,WE,Federal Contract Tower,0,0,13,0,13,0,1,34,0,35,0,1,47,0,48,14,0,14,62
10/08/2007,OLM,WA,ANM,WE,Federal Contract Tower,0,3,16,0,19,0,2,157,0,159,0,5,173,0,178,192,0,192,370
10/09/2007,OLM,WA,ANM,WE,Federal Contract Tower,0,4,10,0,14,0,4,91,6,101,0,8,101,6,115,90,0,90,205
10/10/2007,OLM,WA,ANM,WE,Federal Contract Tower,0,6,21,0,27,0,6,43,0,49,0,12,64,0,76,89,0,89,165
10/11/2007,OLM,WA,ANM,WE,Federal Contract Tower,0,4,19,0,23,0,10,100,2,112,0,14,119,2,135,221,0,221,356
10/12/2007,OLM,WA,ANM,WE,Federal Contract Tower,0,3,15,0,18,0,12,149,0,161,0,15,164,0,179,195,0,195,374
10/13/2007,OLM,WA,ANM,WE,Federal Contract Tower,0,0,9,1,10,0,1,119,2,122,0,1,128,3,132,760,0,760,892
10/14/2007,OLM,WA,ANM,WE,Federal Contract Tower,0,0,4,1,5,0,0,155,2,157,0,0,159,3,162,138,0,138,300
10/15/2007,OLM,WA,ANM,WE,Federal Contract Tower,0,5,7,0,12,0,1,42,0,43,0,6,49,0,55,55,0,55,110
10/16/2007,OLM,WA,ANM,WE,Federal Contract Tower,0,5,12,1,18,0,5,57,0,62,0,10,69,1,80,69,0,69,149
10/17/2007,OLM,WA,ANM,WE,Federal Contract Tower,0,5,10,0,15,0,6,60,0,66,0,11,70,0,81,16,0,16,97
10/18/2007,OLM,WA,ANM,WE,Federal Contract Tower,0,7,7,0,14,0,5,6,0,11,0,12,13,0,25,0,0,0,25
10/19/2007,OLM,WA,ANM,WE,Federal Contract Tower,0,5,4,0,9,0,12,29,0,41,0,17,33,0,50,50,0,50,100
10/20/2007,OLM,WA,ANM,WE,Federal Contract Tower,0,0,0,0,0,0,5,10,0,15,0,5,10,0,15,23,0,23,38
10/21/2007,OLM,WA,ANM,WE,Federal Contract Tower,0,0,14,0,14,0,3,100,0,103,0,3,114,0,117,43,0,43,160
10/22/2007,OLM,WA,ANM,WE,Federal Contract Tower,0,3,27,0,30,0,2,202,0,204,0,5,229,0,234,35,0,35,269
10/23/2007,OLM,WA,ANM,WE,Federal Contract Tower,0,3,9,1,13,0,9,131,1,141,0,12,140,2,154,169,0,169,323
10/24/2007,OLM,WA,ANM,WE,Federal Contract Tower,0,6,18,0,24,0,3,45,0,48,0,9,63,0,72,62,0,62,134
10/25/2007,OLM,WA,ANM,WE,Federal Contract Tower,0,5,9,0,14,0,8,83,0,91,0,13,92,0,105,40,0,40,145
10/26/2007,OLM,WA,ANM,WE,Federal Contract Tower,0,3,16,0,19,0,10,191,3,204,0,13,207,3,223,137,0,137,360
10/27/2007,OLM,WA,ANM,WE,Federal Contract Tower,0,0,13,0,13,0,5,98,0,103,0,5,111,0,116,47,0,47,163
10/28/2007,OLM,WA,ANM,WE,Federal Contract Tower,0,0,1,0,1,0,4,118,0,122,0,4,119,0,123,83,0,83,206
10/29/2007,OLM,WA,ANM,WE,Federal Contract Tower,0,5,23,0,28,0,4,88,0,92,0,9,111,0,120,68,0,68,188
10/30/2007,OLM,WA,ANM,WE,Federal Contract Tower,0,3,17,0,20,0,4,68,0,72,0,7,85,0,92,98,0,98,190
10/31/2007,OLM,WA,ANM,WE,Federal Contract Tower,0,4,22,0,26,0,8,31,0,39,0,12,53,0,65,29,0,29,94
11/01/2007,OLM,WA,ANM,WE,Federal Contract Tower,0,7,20,0,27,0,9,76,2,87,0,16,96,2,114,108,0,108,222
11/02/2007,OLM,WA,ANM,WE,Federal Contract Tower,0,8,18,0,26,0,11,145,0,156,0,19,163,0,182,177,0,177,359
11/03/2007,OLM,WA,ANM,WE,Federal Contract Tower,0,0,5,0,5,0,2,86,0,88,0,2,91,0,93,104,0,104,197
11/04/2007,OLM,WA,ANM,WE,Federal Contract Tower,0,0,25,0,25,0,2,129,0,131,0,2,154,0,156,41,0,41,197
11/05/2007,OLM,WA,ANM,WE,Federal Contract Tower,0,6,17,1,24,0,0,77,1,78,0,6,94,2,102,72,0,72,174
11/06/2007,OLM,WA,ANM,WE,Federal Contract Tower,0,0,19,0,19,0,0,39,1,40,0,0,58,1,59,88,0,88,147
11/07/2007,OLM,WA,ANM,WE,Federal Contract Tower,0,4,8,0,12,0,0,127,0,127,0,4,135,0,139,115,0,115,254
11/08/2007,OLM,WA,ANM,WE,Federal Contract Tower,0,10,20,0,30,0,0,116,0,116,0,10,136,0,146,160,0,160,306
11/09/2007,OLM,WA,ANM,WE,Federal Contract Tower,0,2,17,0,19,0,11,110,0,121,0,13,127,0,140,169,0,169,309
11/10/2007,OLM,WA,ANM,WE,Federal Contract Tower,0,1,11,0,12,0,4,101,0,105,0,5,112,0,117,179,0,179,296
11/11/2007,OLM,WA,ANM,WE,Federal Contract Tower,0,0,10,0,10,0,3,46,0,49,0,3,56,0,59,72,0,72,131
11/12/2007,OLM,WA,ANM,WE,Federal Contract Tower,0,0,2,0,2,0,0,1,0,1,0,0,3,0,3,0,0,0,3
11/13/2007,OLM,WA,ANM,WE,Federal Contract Tower,0,4,18,0,22,0,0,110,0,110,0,4,128,0,132,112,0,112,244
11/14/2007,OLM,WA,ANM,WE,Federal Contract Tower,0,4,16,0,20,0,1,76,2,79,0,5,92,2,99,148,0,148,247
11/15/2007,OLM,WA,ANM,WE,Federal Contract Tower,0,4,16,0,20,0,6,26,0,32,0,10,42,0,52,65,0,65,117
11/16/2007,OLM,WA,ANM,WE,Federal Contract Tower,0,3,17,0,20,0,2,72,0,74,0,5,89,0,94,120,0,120,214
11/17/2007,OLM,WA,ANM,WE,Federal Contract Tower,0,0,7,0,7,0,0,4,0,4,0,0,11,0,11,0,0,0,11
11/18/2007,OLM,WA,ANM,WE,Federal Contract Tower,0,0,13,0,13,0,2,22,0,24,0,2,35,0,37,35,0,35,72
11/19/2007,OLM,WA,ANM,WE,Federal Contract Tower,0,3,25,0,28,0,3,31,0,34,0,6,56,0,62,99,0,99,161
11/20/2007,OLM,WA,ANM,WE,Federal Contract Tower,0,1,27,0,28,0,3,43,7,53,0,4,70,7,81,50,18,68,149
11/21/2007,OLM,WA,ANM,WE,Federal Contract Tower,0,4,24,0,28,0,1,86,0,87,0,5,110,0,115,141,0,141,256
11/22/2007,OLM,WA,ANM,WE,Federal Contract Tower,0,1,6,0,7,0,4,51,0,55,0,5,57,0,62,26,0,26,88
11/23/2007,OLM,WA,ANM,WE,Federal Contract Tower,0,0,20,0,20,0,0,77,0,77,0,0,97,0,97,76,0,76,173
11/24/2007,OLM,WA,ANM,WE,Federal Contract Tower,0,0,20,0,20,0,3,108,0,111,0,3,128,0,131,145,0,145,276
11/25/2007,OLM,WA,ANM,WE,Federal Contract Tower,0,2,14,0,16,0,3,77,0,80,0,5,91,0,96,69,0,69,165
11/26/2007,OLM,WA,ANM,WE,Federal Contract Tower,0,3,10,0,13,0,1,64,1,66,0,4,74,1,79,114,0,114,193
11/27/2007,OLM,WA,ANM,WE,Federal Contract Tower,0,7,19,0,26,0,3,89,6,98,0,10,108,6,124,110,0,110,234
11/28/2007,OLM,WA,ANM,WE,Federal Contract Tower,0,6,9,1,16,0,0,45,1,46,0,6,54,2,62,70,0,70,132
11/29/2007,OLM,WA,ANM,WE,Federal Contract Tower,0,5,32,1,38,0,1,30,3,34,0,6,62,4,72,35,0,35,107
11/30/2007,OLM,WA,ANM,WE,Federal Contract Tower,0,2,15,0,17,0,2,76,0,78,0,4,91,0,95,165,0,165,260
12/01/2007,OLM,WA,ANM,WE,Federal Contract Tower,0,0,2,0,2,0,0,8,0,8,0,0,10,0,10,22,0,22,32
12/02/2007,OLM,WA,ANM,WE,Federal Contract Tower,0,0,4,0,4,0,0,0,0,0,0,0,4,0,4,0,0,0,4
12/03/2007,OLM,WA,ANM,WE,Federal Contract Tower,0,5,9,0,14,0,1,4,0,5,0,6,13,0,19,0,0,0,19
12/04/2007,OLM,WA,ANM,WE,Federal Contract Tower,0,8,16,0,24,0,17,99,30,146,0,25,115,30,170,98,0,98,268
12/05/2007,OLM,WA,ANM,WE,Federal Contract Tower,0,2,52,3,57,0,3,49,4,56,0,5,101,7,113,26,0,26,139
12/06/2007,OLM,WA,ANM,WE,Federal Contract Tower,0,8,26,0,34,0,0,52,4,56,0,8,78,4,90,126,0,126,216
12/07/2007,OLM,WA,ANM,WE,Federal Contract Tower,0,2,23,0,25,0,4,139,2,145,0,6,162,2,170,130,0,130,300
12/08/2007,OLM,WA,ANM,WE,Federal Contract Tower,0,0,17,0,17,0,3,154,3,160,0,3,171,3,177,103,0,103,280
12/09/2007,OLM,WA,ANM,WE,Federal Contract Tower,0,0,10,0,10,0,0,10,0,10,0,0,20,0,20,0,0,0,20
12/10/2007,OLM,WA,ANM,WE,Federal Contract Tower,0,3,20,0,23,0,0,81,0,81,0,3,101,0,104,126,0,126,230
12/11/2007,OLM,WA,ANM,WE,Federal Contract Tower,0,8,18,0,26,0,3,57,0,60,0,11,75,0,86,78,0,78,164
12/12/2007,OLM,WA,ANM,WE,Federal Contract Tower,0,7,14,0,21,0,4,98,3,105,0,11,112,3,126,117,0,117,243
12/13/2007,OLM,WA,ANM,WE,Federal Contract Tower,0,5,17,2,24,0,2,58,5,65,0,7,75,7,89,112,0,112,201
12/14/2007,OLM,WA,ANM,WE,Federal Contract Tower,0,3,16,0,19,0,3,75,6,84,0,6,91,6,103,79,0,79,182
12/15/2007,OLM,WA,ANM,WE,Federal Contract Tower,0,0,4,1,5,0,7,42,1,50,0,7,46,2,55,58,0,58,113
12/16/2007,OLM,WA,ANM,WE,Federal Contract Tower,0,0,12,0,12,0,5,48,0,53,0,5,60,0,65,53,0,53,118
12/17/2007,OLM,WA,ANM,WE,Federal Contract Tower,0,5,12,1,18,0,0,91,7,98,0,5,103,8,116,147,0,147,263
12/18/2007,OLM,WA,ANM,WE,Federal Contract Tower,0,2,20,1,23,0,0,15,3,18,0,2,35,4,41,26,0,26,67
12/19/2007,OLM,WA,ANM,WE,Federal Contract Tower,0,8,9,2,19,0,3,11,1,15,0,11,20,3,34,39,0,39,73
12/20/2007,OLM,WA,ANM,WE,Federal Contract Tower,0,0,13,2,15,0,7,76,2,85,0,7,89,4,100,156,0,156,256
12/21/2007,OLM,WA,ANM,WE,Federal Contract Tower,0,0,20,0,20,0,5,115,0,120,0,5,135,0,140,194,0,194,334
12/22/2007,OLM,WA,ANM,WE,Federal Contract Tower,0,2,1,0,3,0,0,5,0,5,0,2,6,0,8,15,0,15,23
12/23/2007,OLM,WA,ANM,WE,Federal Contract Tower,0,0,9,0,9,0,4,3,0,7,0,4,12,0,16,16,0,16,32
12/24/2007,OLM,WA,ANM,WE,Federal Contract Tower,0,0,11,0,11,0,0,121,0,121,0,0,132,0,132,110,0,110,242
12/25/2007,OLM,WA,ANM,WE,Federal Contract Tower,0,0,0,0,0,0,1,3,0,4,0,1,3,0,4,0,0,0,4
12/26/2007,OLM,WA,ANM,WE,Federal Contract Tower,0,3,1,0,4,0,1,38,0,39,0,4,39,0,43,49,0,49,92
12/27/2007,OLM,WA,ANM,WE,Federal Contract Tower,0,0,2,1,3,0,0,0,1,1,0,0,2,2,4,0,0,0,4
12/28/2007,OLM,WA,ANM,WE,Federal Contract Tower,0,1,3,1,5,0,0,13,1,14,0,1,16,2,19,27,0,27,46
12/29/2007,OLM,WA,ANM,WE,Federal Contract Tower,0,1,9,0,10,0,2,8,0,10,0,3,17,0,20,14,0,14,34
12/30/2007,OLM,WA,ANM,WE,Federal Contract Tower,0,0,4,0,4,0,2,24,0,26,0,2,28,0,30,38,0,38,68
12/31/2007,OLM,WA,ANM,WE,Federal Contract Tower,0,1,29,0,30,0,2,132,0,134,0,3,161,0,164,14,0,14,178
01/01/2008,OLM,WA,ANM,WE,Federal Contract Tower,0,0,0,0,0,0,2,65,0,67,0,2,65,0,67,22,0,22,89
01/02/2008,OLM,WA,ANM,WE,Federal Contract Tower,0,0,13,0,13,0,0,22,0,22,0,0,35,0,35,18,0,18,53
01/03/2008,OLM,WA,ANM,WE,Federal Contract Tower,0,1,14,0,15,0,3,14,0,17,0,4,28,0,32,46,0,46,78
01/04/2008,OLM,WA,ANM,WE,Federal Contract Tower,0,0,5,0,5,0,3,11,0,14,0,3,16,0,19,0,0,0,19
01/05/2008,OLM,WA,ANM,WE,Federal Contract Tower,0,1,2,2,5,0,0,0,0,0,0,1,2,2,5,0,0,0,5
01/06/2008,OLM,WA,ANM,WE,Federal Contract Tower,0,0,9,0,9,0,0,32,0,32,0,0,41,0,41,69,0,69,110
01/07/2008,OLM,WA,ANM,WE,Federal Contract Tower,0,3,18,0,21,0,0,30,12,42,0,3,48,12,63,32,0,32,95
01/08/2008,OLM,WA,ANM,WE,Federal Contract Tower,0,2,1,1,4,0,0,29,1,30,0,2,30,2,34,56,0,56,90
01/09/2008,OLM,WA,ANM,WE,Federal Contract Tower,0,5,12,3,20,0,1,96,5,102,0,6,108,8,122,143,0,143,265
01/10/2008,OLM,WA,ANM,WE,Federal Contract Tower,0,6,20,1,27,0,4,30,3,37,0,10,50,4,64,73,0,73,137
01/11/2008,OLM,WA,ANM,WE,Federal Contract Tower,0,2,14,0,16,0,5,44,0,49,0,7,58,0,65,50,0,50,115
01/12/2008,OLM,WA,ANM,WE,Federal Contract Tower,0,0,15,1,16,0,11,39,3,53,0,11,54,4,69,69,0,69,138
01/13/2008,OLM,WA,ANM,WE,Federal Contract Tower,0,0,7,0,7,0,0,138,0,138,0,0,145,0,145,147,0,147,292
01/14/2008,OLM,WA,ANM,WE,Federal Contract Tower,0,2,13,0,15,0,3,33,0,36,0,5,46,0,51,12,0,12,63
01/15/2008,OLM,WA,ANM,WE,Federal Contract Tower,0,6,32,2,40,0,2,144,0,146,0,8,176,2,186,143,0,143,329
01/16/2008,OLM,WA,ANM,WE,Federal Contract Tower,0,6,15,0,21,0,6,64,0,70,0,12,79,0,91,71,0,71,162
01/17/2008,OLM,WA,ANM,WE,Federal Contract Tower,0,5,32,1,38,0,4,113,1,118,0,9,145,2,156,143,0,143,299
01/18/2008,OLM,WA,ANM,WE,Federal Contract Tower,0,2,28,0,30,0,7,132,0,139,0,9,160,0,169,128,0,128,297
01/19/2008,OLM,WA,ANM,WE,Federal Contract Tower,0,0,13,0,13,0,0,4,0,4,0,0,17,0,17,0,0,0,17
01/20/2008,OLM,WA,ANM,WE,Federal Contract Tower,0,0,12,0,12,0,1,49,0,50,0,1,61,0,62,34,0,34,96
01/21/2008,OLM,WA,ANM,WE,Federal Contract Tower,0,3,18,0,21,0,5,124,0,129,0,8,142,0,150,141,0,141,291
01/22/2008,OLM,WA,ANM,WE,Federal Contract Tower,0,9,12,1,22,0,7,116,1,124,0,16,128,2,146,150,0,150,296
01/23/2008,OLM,WA,ANM,WE,Federal Contract Tower,0,7,23,1,31,0,4,127,1,132,0,11,150,2,163,125,0,125,288
01/24/2008,OLM,WA,ANM,WE,Federal Contract Tower,0,11,34,1,46,0,3,78,1,82,0,14,112,2,128,121,0,121,249
01/25/2008,OLM,WA,ANM,WE,Federal Contract Tower,0,5,34,2,41,0,1,150,2,153,0,6,184,4,194,134,0,134,328
01/26/2008,OLM,WA,ANM,WE,Federal Contract Tower,0,0,8,1,9,0,0,52,0,52,0,0,60,1,61,83,0,83,144
01/27/2008,OLM,WA,ANM,WE,Federal Contract Tower,0,0,11,0,11,0,3,55,0,58,0,3,66,0,69,59,0,59,128
01/28/2008,OLM,WA,ANM,WE,Federal Contract Tower,0,2,12,0,14,0,2,24,0,26,0,4,36,0,40,34,0,34,74
01/29/2008,OLM,WA,ANM,WE,Federal Contract Tower,0,4,5,0,9,0,2,15,0,17,0,6,20,0,26,24,0,24,50
01/30/2008,OLM,WA,ANM,WE,Federal Contract Tower,0,1,8,0,9,0,0,27,0,27,0,1,35,0,36,10,0,10,46
01/31/2008,OLM,WA,ANM,WE,Federal Contract Tower,0,2,6,0,8,0,2,13,10,25,0,4,19,10,33,16,0,16,49
02/01/2008,OLM,WA,ANM,WE,Federal Contract Tower,0,0,12,4,16,0,9,35,0,44,0,9,47,4,60,64,0,64,124
02/02/2008,OLM,WA,ANM,WE,Federal Contract Tower,0,0,15,0,15,0,0,9,0,9,0,0,24,0,24,0,0,0,24
02/03/2008,OLM,WA,ANM,WE,Federal Contract Tower,0,2,12,0,14,0,4,30,0,34,0,6,42,0,48,62,0,62,110
02/04/2008,OLM,WA,ANM,WE,Federal Contract Tower,0,4,13,0,17,0,2,57,0,59,0,6,70,0,76,42,0,42,118
02/05/2008,OLM,WA,ANM,WE,Federal Contract Tower,0,8,2,0,10,0,0,0,0,0,0,8,2,0,10,0,0,0,10
02/06/2008,OLM,WA,ANM,WE,Federal Contract Tower,0,8,7,1,16,0,0,32,1,33,0,8,39,2,49,62,0,62,111
02/07/2008,OLM,WA,ANM,WE,Federal Contract Tower,0,7,14,0,21,0,1,19,0,20,0,8,33,0,41,0,0,0,41
02/08/2008,OLM,WA,ANM,WE,Federal Contract Tower,0,3,9,0,12,0,3,3,0,6,0,6,12,0,18,8,0,8,26
02/09/2008,OLM,WA,ANM,WE,Federal Contract Tower,0,0,15,0,15,0,5,24,0,29,0,5,39,0,44,37,0,37,81
02/10/2008,OLM,WA,ANM,WE,Federal Contract Tower,0,0,16,0,16,0,0,24,0,24,0,0,40,0,40,16,0,16,56
02/11/2008,OLM,WA,ANM,WE,Federal Contract Tower,0,1,17,0,18,0,2,29,0,31,0,3,46,0,49,8,0,8,57
02/12/2008,OLM,WA,ANM,WE,Federal Contract Tower,0,8,19,0,27,0,0,62,0,62,0,8,81,0,89,49,0,49,138
02/13/2008,OLM,WA,ANM,WE,Federal Contract Tower,0,7,18,2,27,0,0,101,5,106,0,7,119,7,133,131,10,141,274
02/14/2008,OLM,WA,ANM,WE,Federal Contract Tower,0,6,23,0,29,0,2,58,2,62,0,8,81,2,91,98,0,98,189
02/15/2008,OLM,WA,ANM,WE,Federal Contract Tower,0,0,20,0,20,0,0,98,1,99,0,0,118,1,119,205,0,205,324
02/16/2008,OLM,WA,ANM,WE,Federal Contract Tower,0,3,23,0,26,0,3,77,0,80,0,6,100,0,106,138,0,138,244
02/17/2008,OLM,WA,ANM,WE,Federal Contract Tower,0,3,15,0,18,0,2,171,0,173,0,5,186,0,191,144,0,144,335
02/18/2008,OLM,WA,ANM,WE,Federal Contract Tower,0,4,11,0,15,0,2,110,0,112,0,6,121,0,127,62,0,62,189
02/19/2008,OLM,WA,ANM,WE,Federal Contract Tower,0,2,17,0,19,0,0,41,0,41,0,2,58,0,60,102,0,102,162
02/20/2008,OLM,WA,ANM,WE,Federal Contract Tower,0,6,13,0,19,0,3,87,0,90,0,9,100,0,109,148,0,148,257
02/21/2008,OLM,WA,ANM,WE,Federal Contract Tower,0,4,24,0,28,0,2,62,4,68,0,6,86,4,96,134,0,134,230
02/22/2008,OLM,WA,ANM,WE,Federal Contract Tower,0,3,14,0,17,0,1,82,8,91,0,4,96,8,108,115,0,115,223
02/23/2008,OLM,WA,ANM,WE,Federal Contract Tower,0,0,16,0,16,0,2,120,1,123,0,2,136,1,139,84,0,84,223
02/24/2008,OLM,WA,ANM,WE,Federal Contract Tower,0,0,9,0,9,0,0,72,0,72,0,0,81,0,81,72,0,72,153
02/25/2008,OLM,WA,ANM,WE,Federal Contract Tower,0,3,25,0,28,0,1,82,0,83,0,4,107,0,111,45,0,45,156
02/26/2008,OLM,WA,ANM,WE,Federal Contract Tower,0,6,23,3,32,0,5,62,9,76,0,11,85,12,108,227,2,229,337
02/27/2008,OLM,WA,ANM,WE,Federal Contract Tower,0,10,17,3,30,0,4,55,4,63,0,14,72,7,93,157,0,157,250
02/28/2008,OLM,WA,ANM,WE,Federal Contract Tower,0,6,27,0,33,0,3,57,0,60,0,9,84,0,93,179,0,179,272
02/29/2008,OLM,WA,ANM,WE,Federal Contract Tower,0,8,13,0,21,0,9,62,0,71,0,17,75,0,92,189,0,189,281
03/01/2008,OLM,WA,ANM,WE,Federal Contract Tower,0,2,8,0,10,0,4,34,0,38,0,6,42,0,48,70,0,70,118
03/02/2008,OLM,WA,ANM,WE,Federal Contract Tower,0,3,12,0,15,0,4,102,0,106,0,7,114,0,121,126,0,126,247
03/03/2008,OLM,WA,ANM,WE,Federal Contract Tower,0,4,7,0,11,0,3,18,0,21,0,7,25,0,32,16,0,16,48
03/04/2008,OLM,WA,ANM,WE,Federal Contract Tower,0,5,18,5,28,0,7,58,12,77,0,12,76,17,105,193,6,199,304
03/05/2008,OLM,WA,ANM,WE,Federal Contract Tower,0,6,14,0,20,0,0,105,2,107,0,6,119,2,127,81,0,81,208
03/06/2008,OLM,WA,ANM,WE,Federal Contract Tower,0,10,23,0,33,0,4,96,3,103,0,14,119,3,136,220,0,220,356
03/07/2008,OLM,WA,ANM,WE,Federal Contract Tower,0,3,32,0,35,0,1,81,2,84,0,4,113,2,119,104,0,104,223
03/08/2008,OLM,WA,ANM,WE,Federal Contract Tower,0,2,14,0,16,0,5,65,0,70,0,7,79,0,86,104,0,104,190
03/09/2008,OLM,WA,ANM,WE,Federal Contract Tower,0,2,21,0,23,0,4,128,0,132,0,6,149,0,155,134,0,134,289
03/10/2008,OLM,WA,ANM,WE,Federal Contract Tower,0,4,12,2,18,0,5,72,2,79,0,9,84,4,97,87,0,87,184
03/11/2008,OLM,WA,ANM,WE,Federal Contract Tower,0,6,14,0,20,0,1,65,0,66,0,7,79,0,86,89,0,89,175
03/12/2008,OLM,WA,ANM,WE,Federal Contract Tower,0,7,22,0,29,0,6,123,0,129,0,13,145,0,158,198,0,198,356
03/13/2008,OLM,WA,ANM,WE,Federal Contract Tower,0,6,23,0,29,0,0,11,0,11,0,6,34,0,40,90,0,90,130
03/14/2008,OLM,WA,ANM,WE,Federal Contract Tower,0,3,21,0,24,0,1,23,0,24,0,4,44,0,48,80,0,80,128
03/15/2008,OLM,WA,ANM,WE,Federal Contract Tower,0,0,12,0,12,0,0,42,0,42,0,0,54,0,54,57,0,57,111
03/16/2008,OLM,WA,ANM,WE,Federal Contract Tower,0,0,16,0,16,0,1,85,0,86,0,1,101,0,102,64,0,64,166
03/17/2008,OLM,WA,ANM,WE,Federal Contract Tower,0,4,7,0,11,0,2,39,0,41,0,6,46,0,52,117,0,117,169
03/18/2008,OLM,WA,ANM,WE,Federal Contract Tower,0,12,22,0,34,0,4,80,0,84,0,16,102,0,118,171,0,171,289
03/19/2008,OLM,WA,ANM,WE,Federal Contract Tower,0,7,15,0,22,0,3,101,3,107,0,10,116,3,129,211,0,211,340
03/20/2008,OLM,WA,ANM,WE,Federal Contract Tower,0,4,25,1,30,0,2,80,2,84,0,6,105,3,114,126,0,126,240
03/21/2008,OLM,WA,ANM,WE,Federal Contract Tower,0,3,20,0,23,0,1,99,0,100,0,4,119,0,123,129,0,129,252
03/22/2008,OLM,WA,ANM,WE,Federal Contract Tower,0,0,31,0,31,0,3,133,0,136,0,3,164,0,167,109,0,109,276
03/23/2008,OLM,WA,ANM,WE,Federal Contract Tower,0,0,6,0,6,0,2,9,0,11,0,2,15,0,17,4,0,4,21
03/24/2008,OLM,WA,ANM,WE,Federal Contract Tower,0,2,14,1,17,0,4,84,0,88,0,6,98,1,105,122,0,122,227
03/25/2008,OLM,WA,ANM,WE,Federal Contract Tower,0,5,16,2,23,0,5,48,1,54,0,10,64,3,77,105,0,105,182
03/26/2008,OLM,WA,ANM,WE,Federal Contract Tower,0,6,16,0,22,0,2,66,0,68,0,8,82,0,90,155,0,155,245
03/27/2008,OLM,WA,ANM,WE,Federal Contract Tower,0,7,18,0,25,0,6,30,2,38,0,13,48,2,63,122,0,122,185
03/28/2008,OLM,WA,ANM,WE,Federal Contract Tower,0,4,12,0,16,0,0,3,0,3,0,4,15,0,19,0,0,0,19
03/29/2008,OLM,WA,ANM,WE,Federal Contract Tower,0,1,14,0,15,0,3,32,0,35,0,4,46,0,50,39,0,39,89
03/30/2008,OLM,WA,ANM,WE,Federal Contract Tower,0,0,13,0,13,0,0,58,0,58,0,0,71,0,71,117,0,117,188
03/31/2008,OLM,WA,ANM,WE,Federal Contract Tower,0,2,16,0,18,0,4,111,0,115,0,6,127,0,133,98,0,98,231
04/01/2008,OLM,WA,ANM,WE,Federal Contract Tower,0,7,21,0,28,0,3,88,0,91,0,10,109,0,119,132,0,132,251
04/02/2008,OLM,WA,ANM,WE,Federal Contract Tower,0,5,26,0,31,0,1,155,2,158,0,6,181,2,189,141,0,141,330
04/03/2008,OLM,WA,ANM,WE,Federal Contract Tower,0,6,33,0,39,0,3,152,1,156,0,9,185,1,195,87,0,87,282
04/04/2008,OLM,WA,ANM,WE,Federal Contract Tower,0,5,8,0,13,0,8,49,0,57,0,13,57,0,70,130,0,130,200
04/05/2008,OLM,WA,ANM,WE,Federal Contract Tower,0,2,6,3,11,0,6,47,5,58,0,8,53,8,69,106,0,106,175
04/06/2008,OLM,WA,ANM,WE,Federal Contract Tower,0,2,15,1,18,0,1,45,1,47,0,3,60,2,65,74,0,74,139
04/07/2008,OLM,WA,ANM,WE,Federal Contract Tower,0,3,21,0,24,0,1,45,1,47,0,4,66,1,71,44,0,44,115
04/08/2008,OLM,WA,ANM,WE,Federal Contract Tower,0,5,26,0,31,0,2,53,0,55,0,7,79,0,86,139,0,139,225
04/09/2008,OLM,WA,ANM,WE,Federal Contract Tower,0,5,30,0,35,0,0,105,0,105,0,5,135,0,140,73,0,73,213
04/10/2008,OLM,WA,ANM,WE,Federal Contract Tower,0,7,34,0,41,0,3,89,1,93,0,10,123,1,134,117,0,117,251
04/11/2008,OLM,WA,ANM,WE,Federal Contract Tower,0,3,21,0,24,0,1,166,0,167,0,4,187,0,191,98,0,98,289
04/12/2008,OLM,WA,ANM,WE,Federal Contract Tower,0,1,13,0,14,0,3,162,0,165,0,4,175,0,179,134,0,134,313
04/13/2008,OLM,WA,ANM,WE,Federal Contract Tower,0,1,14,0,15,0,7,68,1,76,0,8,82,1,91,53,0,53,144
04/14/2008,OLM,WA,ANM,WE,Federal Contract Tower,0,4,5,0,9,0,4,68,0,72,0,8,73,0,81,138,0,138,219
04/15/2008,OLM,WA,ANM,WE,Federal Contract Tower,0,6,21,0,27,0,3,36,0,39,0,9,57,0,66,48,0,48,114
04/16/2008,OLM,WA,ANM,WE,Federal Contract Tower,0,6,27,0,33,0,2,87,1,90,0,8,114,1,123,122,0,122,245
04/17/2008,OLM,WA,ANM,WE,Federal Contract Tower,0,5,36,0,41,0,0,80,0,80,0,5,116,0,121,112,0,112,233
04/18/2008,OLM,WA,ANM,WE,Federal Contract Tower,0,2,8,0,10,0,7,28,2,37,0,9,36,2,47,0,0,0,47
04/19/2008,OLM,WA,ANM,WE,Federal Contract Tower,0,1,2,0,3,0,0,7,0,7,0,1,9,0,10,26,0,26,36
04/20/2008,OLM,WA,ANM,WE,Federal Contract Tower,0,3,1,0,4,0,1,35,0,36,0,4,36,0,40,30,0,30,70
04/21/2008,OLM,WA,ANM,WE,Federal Contract Tower,0,3,17,4,24,0,0,71,5,76,0,3,88,9,100,56,16,72,172
04/22/2008,OLM,WA,ANM,WE,Federal Contract Tower,0,7,23,0,30,0,0,63,4,67,0,7,86,4,97,105,0,105,202
04/23/2008,OLM,WA,ANM,WE,Federal Contract Tower,0,5,16,2,23,0,4,65,2,71,0,9,81,4,94,82,0,82,176
04/24/2008,OLM,WA,ANM,WE,Federal Contract Tower,0,8,21,1,30,0,2,61,1,64,0,10,82,2,94,189,0,189,283
04/25/2008,OLM,WA,ANM,WE,Federal Contract Tower,0,3,36,0,39,0,6,113,0,119,0,9,149,0,158,116,0,116,274
04/26/2008,OLM,WA,ANM,WE,Federal Contract Tower,0,4,21,0,25,0,3,169,0,172,0,7,190,0,197,160,0,160,357
04/27/2008,OLM,WA,ANM,WE,Federal Contract Tower,0,1,4,0,5,0,1,81,0,82,0,2,85,0,87,88,0,88,175
04/28/2008,OLM,WA,ANM,WE,Federal Contract Tower,0,3,21,1,25,0,1,48,1,50,0,4,69,2,75,82,0,82,157
04/29/2008,OLM,WA,ANM,WE,Federal Contract Tower,0,6,19,1,26,0,4,65,1,70,0,10,84,2,96,80,0,80,176
04/30/2008,OLM,WA,ANM,WE,Federal Contract Tower,0,6,22,0,28,0,3,68,1,72,0,9,90,1,100,90,0,90,190
05/01/2008,OLM,WA,ANM,WE,Federal Contract Tower,0,5,23,0,28,0,4,110,0,114,0,9,133,0,142,158,0,158,300
05/02/2008,OLM,WA,ANM,WE,Federal Contract Tower,0,7,20,0,27,0,2,130,0,132,0,9,150,0,159,79,0,79,238
05/03/2008,OLM,WA,ANM,WE,Federal Contract Tower,0,3,13,0,16,0,3,40,0,43,0,6,53,0,59,113,0,113,172
05/04/2008,OLM,WA,ANM,WE,Federal Contract Tower,0,4,12,0,16,0,5,157,1,163,0,9,169,1,179,122,0,122,301
05/05/2008,OLM,WA,ANM,WE,Federal Contract Tower,0,4,18,0,22,0,3,141,1,145,0,7,159,1,167,82,0,82,249
05/06/2008,OLM,WA,ANM,WE,Federal Contract Tower,0,5,23,0,28,0,2,68,0,70,0,7,91,0,98,106,0,106,204
05/07/2008,OLM,WA,ANM,WE,Federal Contract Tower,0,5,19,0,24,0,2,62,13,77,0,7,81,13,101,66,0,66,167
05/08/2008,OLM,WA,ANM,WE,Federal Contract Tower,0,4,31,0,35,0,2,92,0,94,0,6,123,0,129,169,0,169,298
05/09/2008,OLM,WA,ANM,WE,Federal Contract Tower,0,2,20,0,22,0,3,157,0,160,0,5,177,0,182,140,0,140,322
05/10/2008,OLM,WA,ANM,WE,Federal Contract Tower,0,0,24,0,24,0,7,108,1,116,0,7,132,1,140,83,0,83,223
05/11/2008,OLM,WA,ANM,WE,Federal Contract Tower,0,0,7,0,7,0,6,57,0,63,0,6,64,0,70,30,0,30,100
05/12/2008,OLM,WA,ANM,WE,Federal Contract Tower,0,3,23,0,26,0,2,105,0,107,0,5,128,0,133,128,0,128,261
05/13/2008,OLM,WA,ANM,WE,Federal Contract Tower,0,4,14,2,20,0,0,14,2,16,0,4,28,4,36,8,0,8,44
05/14/2008,OLM,WA,ANM,WE,Federal Contract Tower,0,5,17,2,24,0,2,82,2,86,0,7,99,4,110,188,0,188,298
05/15/2008,OLM,WA,ANM,WE,Federal Contract Tower,0,4,12,0,16,0,5,100,0,105,0,9,112,0,121,104,0,104,225
05/16/2008,OLM,WA,ANM,WE,Federal Contract Tower,0,2,13,0,15,0,4,153,2,159,0,6,166,2,174,87,0,87,261
05/17/2008,OLM,WA,ANM,WE,Federal Contract Tower,0,0,14,0,14,0,9,179,0,188,0,9,193,0,202,68,0,68,270
05/18/2008,OLM,WA,ANM,WE,Federal Contract Tower,0,0,6,0,6,0,3,93,0,96,0,3,99,0,102,72,0,72,174
05/19/2008,OLM,WA,ANM,WE,Federal Contract Tower,0,5,25,0,30,0,3,151,0,154,0,8,176,0,184,108,0,108,292
05/20/2008,OLM,WA,ANM,WE,Federal Contract Tower,0,5,13,0,18,0,3,39,9,51,0,8,52,9,69,95,8,103,172
05/21/2008,OLM,WA,ANM,WE,Federal Contract Tower,0,5,9,0,14,0,3,47,0,50,0,8,56,0,64,74,0,74,138
05/22/2008,OLM,WA,ANM,WE,Federal Contract Tower,0,7,16,0,23,0,2,83,1,86,0,9,99,1,109,24,0,24,133
05/23/2008,OLM,WA,ANM,WE,Federal Contract Tower,0,0,9,0,9,0,6,65,0,71,0,6,74,0,80,146,0,146,226
05/24/2008,OLM,WA,ANM,WE,Federal Contract Tower,0,5,12,0,17,0,3,129,0,132,0,8,141,0,149,80,0,80,229
05/25/2008,OLM,WA,ANM,WE,Federal Contract Tower,0,0,15,0,15,0,1,69,0,70,0,1,84,0,85,63,0,63,148
05/26/2008,OLM,WA,ANM,WE,Federal Contract Tower,0,3,12,0,15,0,1,51,0,52,0,4,63,0,67,18,0,18,85
05/27/2008,OLM,WA,ANM,WE,Federal Contract Tower,0,6,21,0,27,0,5,69,0,74,0,11,90,0,101,113,0,113,214
05/28/2008,OLM,WA,ANM,WE,Federal Contract Tower,0,3,18,1,22,0,4,75,1,80,0,7,93,2,102,79,0,79,181
05/29/2008,OLM,WA,ANM,WE,Federal Contract Tower,0,3,26,1,30,0,3,57,2,62,0,6,83,3,92,41,0,41,133
05/30/2008,OLM,WA,ANM,WE,Federal Contract Tower,0,3,18,0,21,0,4,120,1,125,0,7,138,1,146,57,0,57,203
05/31/2008,OLM,WA,ANM,WE,Federal Contract Tower,0,0,4,0,4,0,5,139,1,145,0,5,143,1,149,175,0,175,324
06/01/2008,OLM,WA,ANM,WE,Federal Contract Tower,0,1,13,0,14,0,2,74,0,76,0,3,87,0,90,100,0,100,190
06/02/2008,OLM,WA,ANM,WE,Federal Contract Tower,0,3,14,1,18,0,1,76,2,79,0,4,90,3,97,60,0,60,157
06/03/2008,OLM,WA,ANM,WE,Federal Contract Tower,0,4,9,1,14,0,7,17,0,24,0,11,26,1,38,28,0,28,66
06/04/2008,OLM,WA,ANM,WE,Federal Contract Tower,0,5,21,0,26,0,1,88,1,90,0,6,109,1,116,227,0,227,343
06/05/2008,OLM,WA,ANM,WE,Federal Contract Tower,0,8,16,0,24,0,4,81,1,86,0,12,97,1,110,50,0,50,160
06/06/2008,OLM,WA,ANM,WE,Federal Contract Tower,0,3,10,1,14,0,0,30,0,30,0,3,40,1,44,30,0,30,74
06/07/2008,OLM,WA,ANM,WE,Federal Contract Tower,0,0,14,0,14,0,3,70,0,73,0,3,84,0,87,89,0,89,176
06/08/2008,OLM,WA,ANM,WE,Federal Contract Tower,0,0,8,0,8,0,3,147,0,150,0,3,155,0,158,167,0,167,325
06/09/2008,OLM,WA,ANM,WE,Federal Contract Tower,0,3,9,0,12,0,7,36,0,43,0,10,45,0,55,51,0,51,106
06/10/2008,OLM,WA,ANM,WE,Federal Contract Tower,0,5,23,0,28,0,3,69,3,75,0,8,92,3,103,166,0,166,269
06/11/2008,OLM,WA,ANM,WE,Federal Contract Tower,0,4,25,1,30,0,1,77,1,79,0,5,102,2,109,124,0,124,233
06/12/2008,OLM,WA,ANM,WE,Federal Contract Tower,0,8,17,0,25,0,1,174,13,188,0,9,191,13,213,228,0,228,441
06/13/2008,OLM,WA,ANM,WE,Federal Contract Tower,0,0,12,0,12,0,1,285,18,304,0,1,297,18,316,100,6,106,422
06/14/2008,OLM,WA,ANM,WE,Federal Contract Tower,0,0,5,0,5,0,1,526,94,621,0,1,531,94,626,44,2,46,672
06/15/2008,OLM,WA,ANM,WE,Federal Contract Tower,0,0,6,1,7,0,1,556,28,585,0,1,562,29,592,29,4,33,625
06/16/2008,OLM,WA,ANM,WE,Federal Contract Tower,0,3,25,0,28,0,1,76,2,79,0,4,101,2,107,52,0,52,159
06/17/2008,OLM,WA,ANM,WE,Federal Contract Tower,0,2,9,0,11,0,4,68,1,73,0,6,77,1,84,112,0,112,196
06/18/2008,OLM,WA,ANM,WE,Federal Contract Tower,0,5,10,1,16,0,2,104,0,106,0,7,114,1,122,124,49,173,295
06/19/2008,OLM,WA,ANM,WE,Federal Contract Tower,0,4,18,0,22,0,5,118,1,124,0,9,136,1,146,64,0,64,210
06/20/2008,OLM,WA,ANM,WE,Federal Contract Tower,0,2,18,0,20,0,5,142,0,147,0,7,160,0,167,14,0,14,181
06/21/2008,OLM,WA,ANM,WE,Federal Contract Tower,0,0,9,0,9,0,2,95,0,97,0,2,104,0,106,174,0,174,280
06/22/2008,OLM,WA,ANM,WE,Federal Contract Tower,0,0,13,0,13,0,6,81,0,87,0,6,94,0,100,114,0,114,214
06/23/2008,OLM,WA,ANM,WE,Federal Contract Tower,0,3,12,0,15,0,4,96,0,100,0,7,108,0,115,77,0,77,192
06/24/2008,OLM,WA,ANM,WE,Federal Contract Tower,0,4,16,0,20,0,5,94,2,101,0,9,110,2,121,90,0,90,211
06/25/2008,OLM,WA,ANM,WE,Federal Contract Tower,0,4,17,0,21,0,6,80,1,87,0,10,97,1,108,48,0,48,156
06/26/2008,OLM,WA,ANM,WE,Federal Contract Tower,0,5,20,0,25,0,8,112,0,120,0,13,132,0,145,210,0,210,355
06/27/2008,OLM,WA,ANM,WE,Federal Contract Tower,0,2,16,0,18,0,5,153,0,158,0,7,169,0,176,92,0,92,268
06/28/2008,OLM,WA,ANM,WE,Federal Contract Tower,0,0,6,0,6,0,2,153,0,155,0,2,159,0,161,206,0,206,367
06/29/2008,OLM,WA,ANM,WE,Federal Contract Tower,0,0,20,0,20,0,2,132,0,134,0,2,152,0,154,96,0,96,250
06/30/2008,OLM,WA,ANM,WE,Federal Contract Tower,0,0,20,0,20,0,2,112,0,114,0,2,132,0,134,120,0,120,254
07/01/2008,OLM,WA,ANM,WE,Federal Contract Tower,0,0,8,1,9,0,5,69,2,76,0,5,77,3,85,91,0,91,176
07/02/2008,OLM,WA,ANM,WE,Federal Contract Tower,0,0,15,1,16,0,0,15,1,16,0,0,30,2,32,196,0,196,228
07/03/2008,OLM,WA,ANM,WE,Federal Contract Tower,0,8,80,0,88,0,0,0,0,0,0,8,80,0,88,123,0,123,211
07/04/2008,OLM,WA,ANM,WE,Federal Contract Tower,0,0,7,0,7,0,1,57,0,58,0,1,64,0,65,68,0,68,133
07/05/2008,OLM,WA,ANM,WE,Federal Contract Tower,0,2,16,0,18,0,2,83,0,85,0,4,99,0,103,71,0,71,174
07/06/2008,OLM,WA,ANM,WE,Federal Contract Tower,0,1,11,0,12,0,2,95,0,97,0,3,106,0,109,134,0,134,243
07/07/2008,OLM,WA,ANM,WE,Federal Contract Tower,0,1,19,0,20,0,12,150,0,162,0,13,169,0,182,130,0,130,312
07/08/2008,OLM,WA,ANM,WE,Federal Contract Tower,0,3,17,0,20,0,5,169,3,177,0,8,186,3,197,174,2,176,373
07/09/2008,OLM,WA,ANM,WE,Federal Contract Tower,0,4,9,0,13,0,10,119,0,129,0,14,128,0,142,82,0,82,224
07/10/2008,OLM,WA,ANM,WE,Federal Contract Tower,0,4,10,0,14,0,1,101,0,102,0,5,111,0,116,159,0,159,275
07/11/2008,OLM,WA,ANM,WE,Federal Contract Tower,0,2,7,0,9,0,7,132,0,139,0,9,139,0,148,129,0,129,277
07/12/2008,OLM,WA,ANM,WE,Federal Contract Tower,0,0,8,0,8,0,2,111,0,113,0,2,119,0,121,100,0,100,221
07/13/2008,OLM,WA,ANM,WE,Federal Contract Tower,0,0,9,0,9,0,2,119,0,121,0,2,128,0,130,74,0,74,204
07/14/2008,OLM,WA,ANM,WE,Federal Contract Tower,0,7,12,0,19,0,8,137,0,145,0,15,149,0,164,159,0,159,323
07/15/2008,OLM,WA,ANM,WE,Federal Contract Tower,0,3,16,0,19,0,8,114,2,124,0,11,130,2,143,182,0,182,325
07/16/2008,OLM,WA,ANM,WE,Federal Contract Tower,0,3,7,0,10,0,3,90,0,93,0,6,97,0,103,119,0,119,222
07/17/2008,OLM,WA,ANM,WE,Federal Contract Tower,0,4,12,0,16,0,6,92,0,98,0,10,104,0,114,184,0,184,298
07/18/2008,OLM,WA,ANM,WE,Federal Contract Tower,0,4,26,0,30,0,4,118,0,122,0,8,144,0,152,131,0,131,283
07/19/2008,OLM,WA,ANM,WE,Federal Contract Tower,0,1,5,0,6,0,6,75,0,81,0,7,80,0,87,20,0,20,107
07/20/2008,OLM,WA,ANM,WE,Federal Contract Tower,0,0,8,0,8,0,7,113,0,120,0,7,121,0,128,114,0,114,242
07/21/2008,OLM,WA,ANM,WE,Federal Contract Tower,0,3,21,0,24,0,3,21,0,24,0,6,42,0,48,50,0,50,98
07/22/2008,OLM,WA,ANM,WE,Federal Contract Tower,0,4,29,0,33,0,5,107,2,114,0,9,136,2,147,84,0,84,231
07/23/2008,OLM,WA,ANM,WE,Federal Contract Tower,0,2,6,0,8,0,3,77,2,82,0,5,83,2,90,158,0,158,248
07/24/2008,OLM,WA,ANM,WE,Federal Contract Tower,0,1,28,1,30,0,8,151,2,161,0,9,179,3,191,104,0,104,295
07/25/2008,OLM,WA,ANM,WE,Federal Contract Tower,0,3,12,0,15,0,6,127,0,133,0,9,139,0,148,96,0,96,244
07/26/2008,OLM,WA,ANM,WE,Federal Contract Tower,0,0,14,0,14,0,0,114,0,114,0,0,128,0,128,84,0,84,212
07/27/2008,OLM,WA,ANM,WE,Federal Contract Tower,0,0,17,0,17,0,8,106,0,114,0,8,123,0,131,118,0,118,249
07/28/2008,OLM,WA,ANM,WE,Federal Contract Tower,0,3,12,0,15,0,6,215,0,221,0,9,227,0,236,311,0,311,547
07/29/2008,OLM,WA,ANM,WE,Federal Contract Tower,0,3,20,0,23,0,4,76,2,82,0,7,96,2,105,97,0,97,202
07/30/2008,OLM,WA,ANM,WE,Federal Contract Tower,0,4,15,0,19,0,2,120,2,124,0,6,135,2,143,184,0,184,327
07/31/2008,OLM,WA,ANM,WE,Federal Contract Tower,0,3,8,0,11,0,4,133,0,137,0,7,141,0,148,255,0,255,403
08/01/2008,OLM,WA,ANM,WE,Federal Contract Tower,0,4,9,4,17,0,6,86,4,96,0,10,95,8,113,93,0,93,206
08/02/2008,OLM,WA,ANM,WE,Federal Contract Tower,0,1,9,0,10,0,5,106,0,111,0,6,115,0,121,119,0,119,240
08/03/2008,OLM,WA,ANM,WE,Federal Contract Tower,0,1,5,0,6,0,1,66,0,67,0,2,71,0,73,54,0,54,127
08/04/2008,OLM,WA,ANM,WE,Federal Contract Tower,0,3,19,0,22,0,9,116,0,125,0,12,135,0,147,89,0,89,236
08/05/2008,OLM,WA,ANM,WE,Federal Contract Tower,0,6,18,0,24,0,9,110,0,119,0,15,128,0,143,41,0,41,184
08/06/2008,OLM,WA,ANM,WE,Federal Contract Tower,0,4,14,0,18,0,10,150,1,161,0,14,164,1,179,95,0,95,274
08/07/2008,OLM,WA,ANM,WE,Federal Contract Tower,0,3,22,0,25,0,4,139,0,143,0,7,161,0,168,104,0,104,272
08/08/2008,OLM,WA,ANM,WE,Federal Contract Tower,0,5,9,2,16,0,9,145,4,158,0,14,154,6,174,90,0,90,264
08/09/2008,OLM,WA,ANM,WE,Federal Contract Tower,0,0,10,0,10,0,4,85,0,89,0,4,95,0,99,94,0,94,193
08/10/2008,OLM,WA,ANM,WE,Federal Contract Tower,0,0,8,0,8,0,2,145,0,147,0,2,153,0,155,53,0,53,208
08/11/2008,OLM,WA,ANM,WE,Federal Contract Tower,0,0,14,0,14,0,3,103,2,108,0,3,117,2,122,84,0,84,206
08/12/2008,OLM,WA,ANM,WE,Federal Contract Tower,0,0,12,3,15,0,0,104,6,110,0,0,116,9,125,88,0,88,213
08/13/2008,OLM,WA,ANM,WE,Federal Contract Tower,0,0,12,2,14,0,2,172,6,180,0,2,184,8,194,52,0,52,246
08/14/2008,OLM,WA,ANM,WE,Federal Contract Tower,0,1,6,0,7,0,5,119,0,124,0,6,125,0,131,48,0,48,179
08/15/2008,OLM,WA,ANM,WE,Federal Contract Tower,0,0,12,0,12,0,2,136,0,138,0,2,148,0,150,75,0,75,225
08/16/2008,OLM,WA,ANM,WE,Federal Contract Tower,0,0,8,0,8,0,2,136,0,138,0,2,144,0,146,59,0,59,205
08/17/2008,OLM,WA,ANM,WE,Federal Contract Tower,0,0,7,0,7,0,4,102,0,106,0,4,109,0,113,116,0,116,229
08/18/2008,OLM,WA,ANM,WE,Federal Contract Tower,0,0,2,0,2,0,2,27,0,29,0,2,29,0,31,6,0,6,37
08/19/2008,OLM,WA,ANM,WE,Federal Contract Tower,0,0,10,1,11,0,2,118,3,123,0,2,128,4,134,44,0,44,178
08/20/2008,OLM,WA,ANM,WE,Federal Contract Tower,0,0,13,1,14,0,2,15,1,18,0,2,28,2,32,14,0,14,46
08/21/2008,OLM,WA,ANM,WE,Federal Contract Tower,0,0,8,0,8,0,3,109,4,116,0,3,117,4,124,96,0,96,220
08/22/2008,OLM,WA,ANM,WE,Federal Contract Tower,0,0,11,0,11,0,2,162,0,164,0,2,173,0,175,38,0,38,213
08/23/2008,OLM,WA,ANM,WE,Federal Contract Tower,0,0,8,0,8,0,10,153,0,163,0,10,161,0,171,74,0,74,245
08/24/2008,OLM,WA,ANM,WE,Federal Contract Tower,0,1,5,0,6,0,2,52,0,54,0,3,57,0,60,22,0,22,82
08/25/2008,OLM,WA,ANM,WE,Federal Contract Tower,0,1,9,0,10,0,2,85,0,87,0,3,94,0,97,62,0,62,159
08/26/2008,OLM,WA,ANM,WE,Federal Contract Tower,0,7,11,0,18,0,4,98,1,103,0,11,109,1,121,250,4,254,375
08/27/2008,OLM,WA,ANM,WE,Federal Contract Tower,0,4,12,0,16,0,6,78,0,84,0,10,90,0,100,133,0,133,233
08/28/2008,OLM,WA,ANM,WE,Federal Contract Tower,0,6,25,0,31,0,14,134,9,157,0,20,159,9,188,145,12,157,345
08/29/2008,OLM,WA,ANM,WE,Federal Contract Tower,0,0,10,1,11,0,3,75,2,80,0,3,85,3,91,68,0,68,159
08/30/2008,OLM,WA,ANM,WE,Federal Contract Tower,0,0,10,0,10,0,5,164,0,169,0,5,174,0,179,28,0,28,207
08/31/2008,OLM,WA,ANM,WE,Federal Contract Tower,0,0,2,0,2,0,5,102,0,107,0,5,104,0,109,144,0,144,253
09/01/2008,OLM,WA,ANM,WE,Federal Contract Tower,0,3,12,0,15,0,3,104,0,107,0,6,116,0,122,220,0,220,342
09/02/2008,OLM,WA,ANM,WE,Federal Contract Tower,0,0,9,0,9,0,7,77,1,85,0,7,86,1,94,110,0,110,204
09/03/2008,OLM,WA,ANM,WE,Federal Contract Tower,0,0,13,0,13,0,4,95,0,99,0,4,108,0,112,161,0,161,273
09/04/2008,OLM,WA,ANM,WE,Federal Contract Tower,0,2,12,0,14,0,6,137,6,149,0,8,149,6,163,124,4,128,291
09/05/2008,OLM,WA,ANM,WE,Federal Contract Tower,0,3,12,0,15,0,5,165,0,170,0,8,177,0,185,312,0,312,497
09/06/2008,OLM,WA,ANM,WE,Federal Contract Tower,0,0,10,0,10,0,1,130,2,133,0,1,140,2,143,20,0,20,163
09/07/2008,OLM,WA,ANM,WE,Federal Contract Tower,0,0,6,0,6,0,0,154,0,154,0,0,160,0,160,130,0,130,290
09/08/2008,OLM,WA,ANM,WE,Federal Contract Tower,0,3,5,0,8,0,10,131,0,141,0,13,136,0,149,120,0,120,269
09/09/2008,OLM,WA,ANM,WE,Federal Contract Tower,0,5,14,0,19,0,5,105,1,111,0,10,119,1,130,125,0,125,255
09/10/2008,OLM,WA,ANM,WE,Federal Contract Tower,0,5,18,0,23,0,10,18,0,28,0,15,36,0,51,157,0,157,208
09/11/2008,OLM,WA,ANM,WE,Federal Contract Tower,0,4,11,0,15,0,6,141,0,147,0,10,152,0,162,143,0,143,305
09/12/2008,OLM,WA,ANM,WE,Federal Contract Tower,0,3,12,0,15,0,5,177,0,182,0,8,189,0,197,203,0,203,400
09/13/2008,OLM,WA,ANM,WE,Federal Contract Tower,0,0,3,0,3,0,2,130,0,132,0,2,133,0,135,211,0,211,346
09/14/2008,OLM,WA,ANM,WE,Federal Contract Tower,0,0,5,0,5,0,2,174,0,176,0,2,179,0,181,56,0,56,237
09/15/2008,OLM,WA,ANM,WE,Federal Contract Tower,0,3,10,0,13,0,4,137,0,141,0,7,147,0,154,166,0,166,320
09/16/2008,OLM,WA,ANM,WE,Federal Contract Tower,0,6,16,1,23,0,8,1565,9,1582,0,14,1581,10,1605,232,0,232,1837
09/17/2008,OLM,WA,ANM,WE,Federal Contract Tower,0,6,11,0,17,0,4,81,0,85,0,10,92,0,102,162,0,162,264
09/18/2008,OLM,WA,ANM,WE,Federal Contract Tower,0,7,21,1,29,0,14,123,2,139,0,21,144,3,168,194,0,194,362
09/19/2008,OLM,WA,ANM,WE,Federal Contract Tower,0,4,18,0,22,0,7,83,0,90,0,11,101,0,112,36,0,36,148
09/20/2008,OLM,WA,ANM,WE,Federal Contract Tower,0,1,12,0,13,0,2,79,0,81,0,3,91,0,94,61,0,61,155
09/21/2008,OLM,WA,ANM,WE,Federal Contract Tower,0,2,11,0,13,0,5,90,0,95,0,7,101,0,108,74,0,74,182
09/22/2008,OLM,WA,ANM,WE,Federal Contract Tower,0,3,7,0,10,0,6,101,0,107,0,9,108,0,117,54,0,54,171
09/23/2008,OLM,WA,ANM,WE,Federal Contract Tower,0,3,10,0,13,0,5,145,1,151,0,8,155,1,164,121,0,121,285
09/24/2008,OLM,WA,ANM,WE,Federal Contract Tower,0,6,9,0,15,0,4,53,0,57,0,10,62,0,72,82,0,82,154
09/25/2008,OLM,WA,ANM,WE,Federal Contract Tower,0,4,8,0,12,0,13,62,8,83,0,17,70,8,95,72,0,72,167
09/26/2008,OLM,WA,ANM,WE,Federal Contract Tower,0,5,28,0,33,0,10,108,0,118,0,15,136,0,151,126,0,126,277
09/27/2008,OLM,WA,ANM,WE,Federal Contract Tower,0,0,11,0,11,0,2,177,0,179,0,2,188,0,190,158,0,158,348
09/28/2008,OLM,WA,ANM,WE,Federal Contract Tower,0,1,22,0,23,0,2,151,0,153,0,3,173,0,176,115,0,115,291
09/29/2008,OLM,WA,ANM,WE,Federal Contract Tower,0,3,18,0,21,0,5,161,0,166,0,8,179,0,187,263,0,263,450
09/30/2008,OLM,WA,ANM,WE,Federal Contract Tower,0,6,29,0,35,0,9,163,0,172,0,15,192,0,207,297,0,297,504
10/01/2008,OLM,WA,ANM,WE,Federal Contract Tower,0,4,20,0,24,0,7,100,0,107,0,11,120,0,131,91,0,91,222
10/02/2008,OLM,WA,ANM,WE,Federal Contract Tower,0,7,27,2,36,0,9,93,3,105,0,16,120,5,141,153,0,153,294
10/03/2008,OLM,WA,ANM,WE,Federal Contract Tower,0,4,19,0,23,0,3,21,0,24,0,7,40,0,47,0,0,0,47
10/04/2008,OLM,WA,ANM,WE,Federal Contract Tower,0,0,15,0,15,0,0,14,1,15,0,0,29,1,30,28,0,28,58
10/05/2008,OLM,WA,ANM,WE,Federal Contract Tower,0,0,3,0,3,0,2,53,0,55,0,2,56,0,58,52,0,52,110
10/06/2008,OLM,WA,ANM,WE,Federal Contract Tower,0,7,31,0,38,0,0,8,0,8,0,7,39,0,46,8,0,8,54
10/07/2008,OLM,WA,ANM,WE,Federal Contract Tower,0,5,23,0,28,0,3,92,0,95,0,8,115,0,123,90,0,90,213
10/08/2008,OLM,WA,ANM,WE,Federal Contract Tower,0,6,12,0,18,0,4,64,0,68,0,10,76,0,86,156,0,156,242
10/09/2008,OLM,WA,ANM,WE,Federal Contract Tower,0,6,28,15,49,0,6,78,3,87,0,12,106,18,136,94,0,94,230
10/10/2008,OLM,WA,ANM,WE,Federal Contract Tower,0,3,17,0,20,0,4,106,2,112,0,7,123,2,132,128,0,128,260
10/11/2008,OLM,WA,ANM,WE,Federal Contract Tower,0,2,27,0,29,0,1,133,0,134,0,3,160,0,163,132,0,132,295
10/12/2008,OLM,WA,ANM,WE,Federal Contract Tower,0,1,16,0,17,0,3,148,0,151,0,4,164,0,168,96,0,96,264
10/13/2008,OLM,WA,ANM,WE,Federal Contract Tower,0,6,32,0,38,0,0,2,0,2,0,6,34,0,40,0,0,0,40
10/14/2008,OLM,WA,ANM,WE,Federal Contract Tower,0,9,35,3,47,0,2,90,6,98,0,11,125,9,145,99,0,99,244
10/15/2008,OLM,WA,ANM,WE,Federal Contract Tower,0,5,26,0,31,0,2,52,2,56,0,7,78,2,87,92,0,92,179
10/16/2008,OLM,WA,ANM,WE,Federal Contract Tower,0,5,23,12,40,0,0,47,2,49,0,5,70,14,89,116,4,120,209
10/17/2008,OLM,WA,ANM,WE,Federal Contract Tower,0,2,19,0,21,0,1,91,0,92,0,3,110,0,113,78,0,78,191
10/18/2008,OLM,WA,ANM,WE,Federal Contract Tower,0,0,13,0,13,0,1,79,1,81,0,1,92,1,94,66,0,66,160
10/19/2008,OLM,WA,ANM,WE,Federal Contract Tower,0,0,22,0,22,0,4,90,0,94,0,4,112,0,116,22,0,22,138
10/20/2008,OLM,WA,ANM,WE,Federal Contract Tower,0,3,1,0,4,0,0,15,0,15,0,3,16,0,19,16,0,16,35
10/21/2008,OLM,WA,ANM,WE,Federal Contract Tower,0,2,31,2,35,0,3,97,0,100,0,5,128,2,135,255,0,255,390
10/22/2008,OLM,WA,ANM,WE,Federal Contract Tower,0,6,35,0,41,0,1,101,0,102,0,7,136,0,143,121,0,121,264
10/23/2008,OLM,WA,ANM,WE,Federal Contract Tower,0,5,34,2,41,3,74,6,0,83,3,79,40,2,124,116,0,116,240
10/24/2008,OLM,WA,ANM,WE,Federal Contract Tower,0,3,41,0,44,0,1,89,0,90,0,4,130,0,134,81,0,81,215
10/25/2008,OLM,WA,ANM,WE,Federal Contract Tower,0,0,32,0,32,0,4,83,1,88,0,4,115,1,120,82,0,82,202
10/26/2008,OLM,WA,ANM,WE,Federal Contract Tower,0,1,17,0,18,0,1,124,0,125,0,2,141,0,143,87,0,87,230
10/27/2008,OLM,WA,ANM,WE,Federal Contract Tower,0,2,27,0,29,0,3,97,0,100,0,5,124,0,129,89,0,89,218
10/28/2008,OLM,WA,ANM,WE,Federal Contract Tower,0,4,11,0,15,0,2,102,0,104,0,6,113,0,119,113,0,113,232
10/29/2008,OLM,WA,ANM,WE,Federal Contract Tower,0,4,31,0,35,0,3,96,2,101,0,7,127,2,136,113,0,113,249
10/30/2008,OLM,WA,ANM,WE,Federal Contract Tower,0,8,32,0,40,0,6,106,2,114,0,14,138,2,154,156,0,156,310
10/31/2008,OLM,WA,ANM,WE,Federal Contract Tower,0,4,31,0,35,0,0,14,0,14,0,4,45,0,49,0,0,0,49
11/01/2008,OLM,WA,ANM,WE,Federal Contract Tower,0,0,18,0,18,0,2,81,0,83,0,2,99,0,101,114,0,114,215
11/02/2008,OLM,WA,ANM,WE,Federal Contract Tower,0,0,7,0,7,0,0,29,0,29,0,0,36,0,36,63,0,63,99
11/03/2008,OLM,WA,ANM,WE,Federal Contract Tower,0,7,13,0,20,0,3,18,0,21,0,10,31,0,41,26,0,26,67
11/04/2008,OLM,WA,ANM,WE,Federal Contract Tower,0,6,17,0,23,0,2,48,8,58,0,8,65,8,81,101,0,101,182
11/05/2008,OLM,WA,ANM,WE,Federal Contract Tower,0,6,20,0,26,0,3,82,0,85,0,9,102,0,111,113,0,113,224
11/06/2008,OLM,WA,ANM,WE,Federal Contract Tower,0,5,16,8,29,0,0,4,0,4,0,5,20,8,33,0,4,4,37
11/07/2008,OLM,WA,ANM,WE,Federal Contract Tower,0,3,12,0,15,0,2,39,0,41,0,5,51,0,56,65,0,65,121
11/08/2008,OLM,WA,ANM,WE,Federal Contract Tower,0,0,16,0,16,0,1,9,0,10,0,1,25,0,26,12,0,12,38
11/09/2008,OLM,WA,ANM,WE,Federal Contract Tower,0,0,39,0,39,0,0,71,0,71,0,0,110,0,110,69,0,69,179
11/10/2008,OLM,WA,ANM,WE,Federal Contract Tower,0,3,22,0,25,0,2,89,0,91,0,5,111,0,116,139,0,139,255
11/11/2008,OLM,WA,ANM,WE,Federal Contract Tower,0,9,29,0,38,0,0,0,0,0,0,9,29,0,38,0,0,0,38
11/12/2008,OLM,WA,ANM,WE,Federal Contract Tower,0,5,17,0,22,0,4,11,0,15,0,9,28,0,37,36,0,36,73
11/13/2008,OLM,WA,ANM,WE,Federal Contract Tower,0,7,38,0,45,0,2,110,2,114,0,9,148,2,159,176,0,176,335
11/14/2008,OLM,WA,ANM,WE,Federal Contract Tower,0,7,23,0,30,0,2,113,0,115,0,9,136,0,145,94,0,94,239
11/15/2008,OLM,WA,ANM,WE,Federal Contract Tower,0,6,26,0,32,0,7,168,0,175,0,13,194,0,207,92,0,92,299
11/16/2008,OLM,WA,ANM,WE,Federal Contract Tower,0,0,22,0,22,0,1,59,0,60,0,1,81,0,82,6,0,6,88
11/17/2008,OLM,WA,ANM,WE,Federal Contract Tower,0,5,25,0,30,0,3,96,0,99,0,8,121,0,129,114,0,114,243
11/18/2008,OLM,WA,ANM,WE,Federal Contract Tower,0,6,28,9,43,0,48,4,0,52,0,54,32,9,95,160,6,166,261
11/19/2008,OLM,WA,ANM,WE,Federal Contract Tower,0,4,37,1,42,0,2,115,6,123,0,6,152,7,165,203,20,223,388
11/20/2008,OLM,WA,ANM,WE,Federal Contract Tower,0,0,13,0,13,0,1,30,2,33,0,1,43,2,46,96,0,96,142
11/21/2008,OLM,WA,ANM,WE,Federal Contract Tower,0,0,34,0,34,0,2,111,1,114,0,2,145,1,148,207,0,207,355
11/22/2008,OLM,WA,ANM,WE,Federal Contract Tower,0,0,16,0,16,0,2,57,0,59,0,2,73,0,75,86,0,86,161
11/23/2008,OLM,WA,ANM,WE,Federal Contract Tower,0,5,23,0,28,0,5,81,0,86,0,10,104,0,114,115,0,115,229
11/24/2008,OLM,WA,ANM,WE,Federal Contract Tower,0,2,24,2,28,0,0,120,0,120,0,2,144,2,148,150,0,150,298
11/25/2008,OLM,WA,ANM,WE,Federal Contract Tower,0,1,34,0,35,0,0,14,4,18,0,1,48,4,53,38,0,38,91
11/26/2008,OLM,WA,ANM,WE,Federal Contract Tower,0,0,22,0,22,0,3,80,1,84,0,3,102,1,106,42,0,42,148
11/27/2008,OLM,WA,ANM,WE,Federal Contract Tower,0,0,6,0,6,0,0,11,0,11,0,0,17,0,17,4,0,4,21
11/28/2008,OLM,WA,ANM,WE,Federal Contract Tower,0,0,25,0,25,0,4,18,0,22,0,4,43,0,47,58,0,58,105
11/29/2008,OLM,WA,ANM,WE,Federal Contract Tower,0,0,22,0,22,0,0,5,0,5,0,0,27,0,27,8,0,8,35
11/30/2008,OLM,WA,ANM,WE,Federal Contract Tower,0,2,7,0,9,0,0,0,0,0,0,2,7,0,9,0,0,0,9
12/01/2008,OLM,WA,ANM,WE,Federal Contract Tower,0,3,14,0,17,0,0,95,0,95,0,3,109,0,112,108,0,108,220
12/02/2008,OLM,WA,ANM,WE,Federal Contract Tower,0,6,12,0,18,0,0,47,4,51,0,6,59,4,69,188,0,188,257
12/03/2008,OLM,WA,ANM,WE,Federal Contract Tower,0,10,29,2,41,0,2,90,0,92,0,12,119,2,133,180,0,180,313
12/04/2008,OLM,WA,ANM,WE,Federal Contract Tower,0,5,24,0,29,0,4,135,17,156,0,9,159,17,185,212,0,212,397
12/05/2008,OLM,WA,ANM,WE,Federal Contract Tower,0,3,12,0,15,0,4,85,0,89,0,7,97,0,104,84,0,84,188
12/06/2008,OLM,WA,ANM,WE,Federal Contract Tower,0,0,32,0,32,0,33,55,1,89,0,33,87,1,121,86,0,86,207
12/07/2008,OLM,WA,ANM,WE,Federal Contract Tower,0,1,12,0,13,0,1,27,0,28,0,2,39,0,41,36,0,36,77
12/08/2008,OLM,WA,ANM,WE,Federal Contract Tower,0,4,16,0,20,0,2,39,0,41,0,6,55,0,61,106,0,106,167
12/09/2008,OLM,WA,ANM,WE,Federal Contract Tower,0,5,25,0,30,0,0,77,10,87,0,5,102,10,117,157,0,157,274
12/10/2008,OLM,WA,ANM,WE,Federal Contract Tower,0,5,10,0,15,0,0,0,0,0,0,5,10,0,15,0,0,0,15
12/11/2008,OLM,WA,ANM,WE,Federal Contract Tower,0,5,27,0,32,0,0,64,5,69,0,5,91,5,101,124,2,126,227
12/12/2008,OLM,WA,ANM,WE,Federal Contract Tower,0,1,3,0,4,0,0,1,0,1,0,1,4,0,5,10,0,10,15
12/13/2008,OLM,WA,ANM,WE,Federal Contract Tower,0,0,2,0,2,0,4,12,0,16,0,4,14,0,18,56,0,56,74
12/14/2008,OLM,WA,ANM,WE,Federal Contract Tower,0,0,0,0,0,0,1,0,0,1,0,1,0,0,1,0,0,0,1
12/15/2008,OLM,WA,ANM,WE,Federal Contract Tower,0,0,6,2,8,0,5,64,2,71,0,5,70,4,79,51,0,51,130
12/16/2008,OLM,WA,ANM,WE,Federal Contract Tower,0,0,15,3,18,0,2,102,4,108,0,2,117,7,126,90,0,90,216
12/17/2008,OLM,WA,ANM,WE,Federal Contract Tower,0,0,2,0,2,0,0,0,0,0,0,0,2,0,2,0,0,0,2
12/18/2008,OLM,WA,ANM,WE,Federal Contract Tower,0,0,2,0,2,0,0,2,0,2,0,0,4,0,4,0,0,0,4
12/19/2008,OLM,WA,ANM,WE,Federal Contract Tower,0,0,1,0,1,0,2,17,0,19,0,2,18,0,20,36,0,36,56
12/20/2008,OLM,WA,ANM,WE,Federal Contract Tower,0,0,2,0,2,0,0,4,0,4,0,0,6,0,6,10,0,10,16
12/21/2008,OLM,WA,ANM,WE,Federal Contract Tower,0,0,0,0,0,0,0,5,0,5,0,0,5,0,5,5,0,5,10
12/22/2008,OLM,WA,ANM,WE,Federal Contract Tower,0,2,6,0,8,0,1,1,0,2,0,3,7,0,10,0,0,0,10
12/23/2008,OLM,WA,ANM,WE,Federal Contract Tower,0,3,1,0,4,0,4,23,0,27,0,7,24,0,31,0,0,0,31
12/24/2008,OLM,WA,ANM,WE,Federal Contract Tower,0,0,0,0,0,0,0,0,0,0,0,0,0,0,0,0,0,0,0
12/25/2008,OLM,WA,ANM,WE,Federal Contract Tower,0,0,0,0,0,0,1,0,0,1,0,1,0,0,1,0,0,0,1
12/26/2008,OLM,WA,ANM,WE,Federal Contract Tower,0,0,1,0,1,0,2,0,0,2,0,2,1,0,3,0,0,0,3
12/27/2008,OLM,WA,ANM,WE,Federal Contract Tower,0,1,3,0,4,0,0,1,0,1,0,1,4,0,5,0,0,0,5
12/28/2008,OLM,WA,ANM,WE,Federal Contract Tower,0,0,3,0,3,0,2,15,0,17,0,2,18,0,20,0,0,0,20
12/29/2008,OLM,WA,ANM,WE,Federal Contract Tower,0,0,9,10,19,0,0,7,0,7,0,0,16,10,26,0,0,0,26
12/30/2008,OLM,WA,ANM,WE,Federal Contract Tower,0,6,5,0,11,0,0,50,2,52,0,6,55,2,63,15,0,15,78
12/31/2008,OLM,WA,ANM,WE,Federal Contract Tower,0,0,7,0,7,0,2,33,0,35,0,2,40,0,42,38,0,38,80
01/01/2009,OLM,WA,ANM,WE,Federal Contract Tower,0,0,0,0,0,0,0,1,0,1,0,0,1,0,1,0,0,0,1
01/02/2009,OLM,WA,ANM,WE,Federal Contract Tower,0,2,12,0,14,0,2,69,0,71,0,4,81,0,85,30,0,30,115
01/03/2009,OLM,WA,ANM,WE,Federal Contract Tower,0,0,8,0,8,0,2,50,0,52,0,2,58,0,60,51,0,51,111
01/04/2009,OLM,WA,ANM,WE,Federal Contract Tower,0,0,9,0,9,0,0,34,0,34,0,0,43,0,43,22,0,22,65
01/05/2009,OLM,WA,ANM,WE,Federal Contract Tower,0,3,10,1,14,0,2,26,2,30,0,5,36,3,44,22,0,22,66
01/06/2009,OLM,WA,ANM,WE,Federal Contract Tower,0,6,13,0,19,0,0,1,0,1,0,6,14,0,20,0,0,0,20
01/07/2009,OLM,WA,ANM,WE,Federal Contract Tower,0,5,17,3,25,0,1,12,1,14,0,6,29,4,39,6,0,6,45
01/08/2009,OLM,WA,ANM,WE,Federal Contract Tower,0,0,14,1,15,0,3,83,18,104,0,3,97,19,119,18,12,30,149
01/09/2009,OLM,WA,ANM,WE,Federal Contract Tower,0,4,17,0,21,0,10,170,38,218,0,14,187,38,239,144,0,144,383
01/10/2009,OLM,WA,ANM,WE,Federal Contract Tower,0,0,23,0,23,0,1,78,0,79,0,1,101,0,102,113,0,113,215
01/11/2009,OLM,WA,ANM,WE,Federal Contract Tower,0,2,13,0,15,0,0,2,0,2,0,2,15,0,17,0,0,0,17
01/12/2009,OLM,WA,ANM,WE,Federal Contract Tower,0,3,25,2,30,0,0,2,0,2,0,3,27,2,32,0,0,0,32
01/13/2009,OLM,WA,ANM,WE,Federal Contract Tower,0,9,12,2,23,0,9,106,9,124,0,18,118,11,147,215,8,223,370
01/14/2009,OLM,WA,ANM,WE,Federal Contract Tower,0,4,21,0,25,0,6,78,1,85,0,10,99,1,110,151,0,151,261
01/15/2009,OLM,WA,ANM,WE,Federal Contract Tower,0,4,25,0,29,0,0,4,0,4,0,4,29,0,33,4,0,4,37
01/16/2009,OLM,WA,ANM,WE,Federal Contract Tower,0,3,32,0,35,0,0,0,0,0,0,3,32,0,35,0,0,0,35
01/17/2009,OLM,WA,ANM,WE,Federal Contract Tower,0,1,16,0,17,0,0,11,0,11,0,1,27,0,28,0,0,0,28
01/18/2009,OLM,WA,ANM,WE,Federal Contract Tower,0,0,27,0,27,0,2,84,0,86,0,2,111,0,113,49,0,49,162
01/19/2009,OLM,WA,ANM,WE,Federal Contract Tower,0,2,16,0,18,0,2,128,0,130,0,4,144,0,148,143,0,143,291
01/20/2009,OLM,WA,ANM,WE,Federal Contract Tower,0,4,8,0,12,0,2,121,1,124,0,6,129,1,136,202,0,202,338
01/21/2009,OLM,WA,ANM,WE,Federal Contract Tower,0,3,14,0,17,0,0,0,0,0,0,3,14,0,17,0,0,0,17
01/22/2009,OLM,WA,ANM,WE,Federal Contract Tower,0,3,7,4,14,0,0,0,0,0,0,3,7,4,14,0,0,0,14
01/23/2009,OLM,WA,ANM,WE,Federal Contract Tower,0,6,23,0,29,0,1,2,0,3,0,7,25,0,32,6,0,6,38
01/24/2009,OLM,WA,ANM,WE,Federal Contract Tower,0,0,27,0,27,0,2,67,0,69,0,2,94,0,96,48,0,48,144
01/25/2009,OLM,WA,ANM,WE,Federal Contract Tower,0,0,7,0,7,0,1,49,0,50,0,1,56,0,57,80,0,80,137
01/26/2009,OLM,WA,ANM,WE,Federal Contract Tower,0,4,32,0,36,0,12,148,10,170,0,16,180,10,206,89,10,99,305
01/27/2009,OLM,WA,ANM,WE,Federal Contract Tower,0,4,4,0,8,0,3,2,0,5,0,7,6,0,13,6,0,6,19
01/28/2009,OLM,WA,ANM,WE,Federal Contract Tower,0,6,12,0,18,0,3,73,4,80,0,9,85,4,98,177,12,189,287
01/29/2009,OLM,WA,ANM,WE,Federal Contract Tower,0,5,24,2,31,0,0,74,2,76,0,5,98,4,107,152,0,152,259
01/30/2009,OLM,WA,ANM,WE,Federal Contract Tower,0,12,16,0,28,0,8,37,0,45,0,20,53,0,73,44,0,44,117
01/31/2009,OLM,WA,ANM,WE,Federal Contract Tower,0,2,36,0,38,0,2,96,0,98,0,4,132,0,136,110,0,110,246
02/01/2009,OLM,WA,ANM,WE,Federal Contract Tower,0,2,22,0,24,0,3,37,0,40,0,5,59,0,64,42,0,42,106
02/02/2009,OLM,WA,ANM,WE,Federal Contract Tower,0,3,14,0,17,0,4,99,0,103,0,7,113,0,120,109,0,109,229
02/03/2009,OLM,WA,ANM,WE,Federal Contract Tower,0,6,23,0,29,0,4,155,8,167,0,10,178,8,196,150,0,150,346
02/04/2009,OLM,WA,ANM,WE,Federal Contract Tower,0,4,46,0,50,0,0,137,6,143,0,4,183,6,193,232,0,232,425
02/05/2009,OLM,WA,ANM,WE,Federal Contract Tower,0,7,39,0,46,0,11,129,5,145,0,18,168,5,191,165,0,165,356
02/06/2009,OLM,WA,ANM,WE,Federal Contract Tower,0,5,9,0,14,0,3,9,0,12,0,8,18,0,26,30,0,30,56
02/07/2009,OLM,WA,ANM,WE,Federal Contract Tower,0,8,17,0,25,0,0,0,0,0,0,8,17,0,25,0,0,0,25
02/08/2009,OLM,WA,ANM,WE,Federal Contract Tower,0,3,21,0,24,0,1,64,0,65,0,4,85,0,89,42,0,42,131
02/09/2009,OLM,WA,ANM,WE,Federal Contract Tower,0,3,20,0,23,0,4,98,6,108,0,7,118,6,131,127,0,127,258
02/10/2009,OLM,WA,ANM,WE,Federal Contract Tower,0,6,3,0,9,0,1,0,0,1,0,7,3,0,10,0,0,0,10
02/11/2009,OLM,WA,ANM,WE,Federal Contract Tower,0,3,25,0,28,0,8,54,0,62,0,11,79,0,90,98,0,98,188
02/12/2009,OLM,WA,ANM,WE,Federal Contract Tower,0,7,33,2,42,0,2,74,3,79,0,9,107,5,121,70,0,70,191
02/13/2009,OLM,WA,ANM,WE,Federal Contract Tower,0,0,27,0,27,0,2,102,0,104,0,2,129,0,131,139,0,139,270
02/14/2009,OLM,WA,ANM,WE,Federal Contract Tower,0,10,23,0,33,0,4,89,0,93,0,14,112,0,126,40,0,40,166
02/15/2009,OLM,WA,ANM,WE,Federal Contract Tower,0,0,13,0,13,0,0,57,0,57,0,0,70,0,70,78,0,78,148
02/16/2009,OLM,WA,ANM,WE,Federal Contract Tower,0,2,25,0,27,0,4,77,0,81,0,6,102,0,108,106,0,106,214
02/17/2009,OLM,WA,ANM,WE,Federal Contract Tower,0,8,15,0,23,0,4,89,5,98,0,12,104,5,121,86,0,86,207
02/18/2009,OLM,WA,ANM,WE,Federal Contract Tower,0,7,30,4,41,0,1,130,12,143,0,8,160,16,184,212,4,216,400
02/19/2009,OLM,WA,ANM,WE,Federal Contract Tower,0,2,38,0,40,0,2,92,0,94,0,4,130,0,134,76,0,76,210
02/20/2009,OLM,WA,ANM,WE,Federal Contract Tower,0,3,27,0,30,0,2,101,0,103,0,5,128,0,133,62,0,62,195
02/21/2009,OLM,WA,ANM,WE,Federal Contract Tower,0,0,34,0,34,0,5,104,0,109,0,5,138,0,143,109,0,109,252
02/22/2009,OLM,WA,ANM,WE,Federal Contract Tower,0,0,15,0,15,0,0,73,0,73,0,0,88,0,88,82,0,82,170
02/23/2009,OLM,WA,ANM,WE,Federal Contract Tower,0,9,17,0,26,0,2,53,1,56,0,11,70,1,82,52,0,52,134
02/24/2009,OLM,WA,ANM,WE,Federal Contract Tower,0,5,13,1,19,0,0,30,1,31,0,5,43,2,50,60,0,60,110
02/25/2009,OLM,WA,ANM,WE,Federal Contract Tower,0,6,6,0,12,0,1,27,0,28,0,7,33,0,40,40,0,40,80
02/26/2009,OLM,WA,ANM,WE,Federal Contract Tower,0,5,19,0,24,0,2,57,0,59,0,7,76,0,83,136,0,136,219
02/27/2009,OLM,WA,ANM,WE,Federal Contract Tower,0,3,25,2,30,0,2,131,0,133,0,5,156,2,163,217,0,217,380
02/28/2009,OLM,WA,ANM,WE,Federal Contract Tower,0,0,7,0,7,0,4,82,0,86,0,4,89,0,93,173,0,173,266
03/01/2009,OLM,WA,ANM,WE,Federal Contract Tower,0,0,17,0,17,0,2,16,0,18,0,2,33,0,35,46,0,46,81
03/02/2009,OLM,WA,ANM,WE,Federal Contract Tower,0,3,4,0,7,0,2,90,2,94,0,5,94,2,101,202,0,202,303
03/03/2009,OLM,WA,ANM,WE,Federal Contract Tower,0,5,30,0,35,0,1,87,1,89,0,6,117,1,124,218,0,218,342
03/04/2009,OLM,WA,ANM,WE,Federal Contract Tower,0,4,19,0,23,0,3,64,3,70,0,7,83,3,93,203,15,218,311
03/05/2009,OLM,WA,ANM,WE,Federal Contract Tower,0,2,14,2,18,0,3,35,17,55,0,5,49,19,73,94,0,94,167
03/06/2009,OLM,WA,ANM,WE,Federal Contract Tower,0,3,30,4,37,0,0,138,0,138,0,3,168,4,175,140,4,144,319
03/07/2009,OLM,WA,ANM,WE,Federal Contract Tower,0,0,13,0,13,0,2,4,0,6,0,2,17,0,19,0,0,0,19
03/08/2009,OLM,WA,ANM,WE,Federal Contract Tower,0,0,0,0,0,0,2,6,0,8,0,2,6,0,8,44,0,44,52
03/09/2009,OLM,WA,ANM,WE,Federal Contract Tower,0,0,5,0,5,0,2,30,0,32,0,2,35,0,37,58,0,58,95
03/10/2009,OLM,WA,ANM,WE,Federal Contract Tower,0,7,38,2,47,0,1,89,9,99,0,8,127,11,146,44,14,58,204
03/11/2009,OLM,WA,ANM,WE,Federal Contract Tower,0,5,14,0,19,0,1,78,0,79,0,6,92,0,98,96,0,96,194
03/12/2009,OLM,WA,ANM,WE,Federal Contract Tower,0,5,29,0,34,0,0,164,0,164,0,5,193,0,198,232,0,232,430
03/13/2009,OLM,WA,ANM,WE,Federal Contract Tower,0,3,46,0,49,0,7,153,12,172,0,10,199,12,221,112,0,112,333
03/14/2009,OLM,WA,ANM,WE,Federal Contract Tower,0,0,3,0,3,0,0,1,0,1,0,0,4,0,4,18,0,18,22
03/15/2009,OLM,WA,ANM,WE,Federal Contract Tower,0,0,0,0,0,0,2,0,0,2,0,2,0,0,2,0,0,0,2
03/16/2009,OLM,WA,ANM,WE,Federal Contract Tower,0,6,15,0,21,0,0,27,3,30,0,6,42,3,51,108,0,108,159
03/17/2009,OLM,WA,ANM,WE,Federal Contract Tower,0,7,13,0,20,0,2,44,4,50,0,9,57,4,70,71,0,71,141
03/18/2009,OLM,WA,ANM,WE,Federal Contract Tower,0,5,31,0,36,0,2,71,6,79,0,7,102,6,115,154,4,158,273
03/19/2009,OLM,WA,ANM,WE,Federal Contract Tower,0,7,30,0,37,0,2,53,10,65,0,9,83,10,102,66,18,84,186
03/20/2009,OLM,WA,ANM,WE,Federal Contract Tower,0,3,20,0,23,0,3,16,3,22,0,6,36,3,45,139,0,139,184
03/21/2009,OLM,WA,ANM,WE,Federal Contract Tower,0,0,27,0,27,0,0,112,0,112,0,0,139,0,139,109,0,109,248
03/22/2009,OLM,WA,ANM,WE,Federal Contract Tower,0,0,13,0,13,0,1,31,0,32,0,1,44,0,45,4,0,4,49
03/23/2009,OLM,WA,ANM,WE,Federal Contract Tower,0,8,18,0,26,0,1,37,0,38,0,9,55,0,64,44,0,44,108
03/24/2009,OLM,WA,ANM,WE,Federal Contract Tower,0,5,14,2,21,0,2,39,2,43,0,7,53,4,64,105,0,105,169
03/25/2009,OLM,WA,ANM,WE,Federal Contract Tower,0,4,9,0,13,0,1,33,0,34,0,5,42,0,47,146,0,146,193
03/26/2009,OLM,WA,ANM,WE,Federal Contract Tower,0,5,37,0,42,0,2,110,2,114,0,7,147,2,156,89,0,89,245
03/27/2009,OLM,WA,ANM,WE,Federal Contract Tower,0,4,23,2,29,0,3,55,0,58,0,7,78,2,87,154,0,154,241
03/28/2009,OLM,WA,ANM,WE,Federal Contract Tower,0,0,1,0,1,0,0,0,0,0,0,0,1,0,1,0,0,0,1
03/29/2009,OLM,WA,ANM,WE,Federal Contract Tower,0,2,22,0,24,0,0,109,0,109,0,2,131,0,133,156,0,156,289
03/30/2009,OLM,WA,ANM,WE,Federal Contract Tower,0,4,28,0,32,0,1,85,8,94,0,5,113,8,126,152,0,152,278
03/31/2009,OLM,WA,ANM,WE,Federal Contract Tower,0,5,32,0,37,0,2,13,5,20,0,7,45,5,57,8,0,8,65
04/01/2009,OLM,WA,ANM,WE,Federal Contract Tower,0,9,2,0,11,0,0,0,0,0,0,9,2,0,11,0,0,0,11
04/02/2009,OLM,WA,ANM,WE,Federal Contract Tower,0,5,27,0,32,0,2,55,4,61,0,7,82,4,93,98,0,98,191
04/03/2009,OLM,WA,ANM,WE,Federal Contract Tower,0,3,18,0,21,0,0,104,0,104,0,3,122,0,125,68,0,68,193
04/04/2009,OLM,WA,ANM,WE,Federal Contract Tower,0,0,31,0,31,0,0,143,0,143,0,0,174,0,174,159,0,159,333
04/05/2009,OLM,WA,ANM,WE,Federal Contract Tower,0,1,24,0,25,0,6,156,1,163,0,7,180,1,188,189,0,189,377
04/06/2009,OLM,WA,ANM,WE,Federal Contract Tower,0,3,14,0,17,0,3,151,2,156,0,6,165,2,173,268,2,270,443
04/07/2009,OLM,WA,ANM,WE,Federal Contract Tower,0,1,37,6,44,0,4,116,3,123,0,5,153,9,167,143,16,159,326
04/08/2009,OLM,WA,ANM,WE,Federal Contract Tower,0,1,21,2,24,0,1,67,3,71,0,2,88,5,95,100,8,108,203
04/09/2009,OLM,WA,ANM,WE,Federal Contract Tower,0,4,32,4,40,0,2,51,0,53,0,6,83,4,93,64,0,64,157
04/10/2009,OLM,WA,ANM,WE,Federal Contract Tower,0,3,35,0,38,0,0,36,0,36,0,3,71,0,74,135,0,135,209
04/11/2009,OLM,WA,ANM,WE,Federal Contract Tower,0,0,40,0,40,0,0,64,0,64,0,0,104,0,104,141,0,141,245
04/12/2009,OLM,WA,ANM,WE,Federal Contract Tower,0,0,11,0,11,0,0,2,0,2,0,0,13,0,13,0,0,0,13
04/13/2009,OLM,WA,ANM,WE,Federal Contract Tower,0,3,28,0,31,0,0,67,0,67,0,3,95,0,98,126,0,126,224
04/14/2009,OLM,WA,ANM,WE,Federal Contract Tower,0,7,48,0,55,0,2,63,3,68,0,9,111,3,123,150,0,150,273
04/15/2009,OLM,WA,ANM,WE,Federal Contract Tower,0,5,7,0,12,0,1,97,11,109,0,6,104,11,121,100,0,100,221
04/16/2009,OLM,WA,ANM,WE,Federal Contract Tower,0,5,37,0,42,0,1,112,0,113,0,6,149,0,155,124,0,124,279
04/17/2009,OLM,WA,ANM,WE,Federal Contract Tower,0,3,16,0,19,0,3,65,0,68,0,6,81,0,87,105,0,105,192
04/18/2009,OLM,WA,ANM,WE,Federal Contract Tower,0,0,17,0,17,0,4,158,0,162,0,4,175,0,179,142,0,142,321
04/19/2009,OLM,WA,ANM,WE,Federal Contract Tower,0,0,15,0,15,0,1,148,0,149,0,1,163,0,164,127,0,127,291
04/20/2009,OLM,WA,ANM,WE,Federal Contract Tower,0,3,25,0,28,0,2,138,0,140,0,5,163,0,168,182,0,182,350
04/21/2009,OLM,WA,ANM,WE,Federal Contract Tower,0,11,27,2,40,0,7,119,4,130,0,18,146,6,170,128,0,128,298
04/22/2009,OLM,WA,ANM,WE,Federal Contract Tower,0,5,10,2,17,0,3,77,7,87,0,8,87,9,104,124,0,124,228
04/23/2009,OLM,WA,ANM,WE,Federal Contract Tower,0,5,20,2,27,0,1,81,2,84,0,6,101,4,111,93,0,93,204
04/24/2009,OLM,WA,ANM,WE,Federal Contract Tower,0,3,19,0,22,0,3,89,1,93,0,6,108,1,115,78,0,78,193
04/25/2009,OLM,WA,ANM,WE,Federal Contract Tower,0,0,16,0,16,0,4,67,3,74,0,4,83,3,90,106,0,106,196
04/26/2009,OLM,WA,ANM,WE,Federal Contract Tower,0,0,12,0,12,0,5,92,0,97,0,5,104,0,109,80,0,80,189
04/27/2009,OLM,WA,ANM,WE,Federal Contract Tower,0,3,7,0,10,0,2,83,0,85,0,5,90,0,95,64,0,64,159
04/28/2009,OLM,WA,ANM,WE,Federal Contract Tower,0,5,6,0,11,0,4,29,4,37,0,9,35,4,48,72,0,72,120
04/29/2009,OLM,WA,ANM,WE,Federal Contract Tower,0,5,14,2,21,0,2,53,2,57,0,7,67,4,78,122,0,122,200
04/30/2009,OLM,WA,ANM,WE,Federal Contract Tower,0,4,34,1,39,0,2,100,6,108,0,6,134,7,147,154,0,154,301
05/01/2009,OLM,WA,ANM,WE,Federal Contract Tower,0,2,17,0,19,0,8,125,1,134,0,10,142,1,153,118,0,118,271
05/02/2009,OLM,WA,ANM,WE,Federal Contract Tower,0,0,21,0,21,0,2,27,0,29,0,2,48,0,50,30,0,30,80
05/03/2009,OLM,WA,ANM,WE,Federal Contract Tower,0,1,15,0,16,0,4,85,0,89,0,5,100,0,105,80,0,80,185
05/04/2009,OLM,WA,ANM,WE,Federal Contract Tower,0,1,16,1,18,0,0,62,2,64,0,1,78,3,82,40,0,40,122
05/05/2009,OLM,WA,ANM,WE,Federal Contract Tower,0,7,3,0,10,0,5,21,5,31,0,12,24,5,41,26,8,34,75
05/06/2009,OLM,WA,ANM,WE,Federal Contract Tower,0,5,16,2,23,0,0,17,7,24,0,5,33,9,47,86,0,86,133
05/07/2009,OLM,WA,ANM,WE,Federal Contract Tower,0,5,13,4,22,0,1,42,6,49,0,6,55,10,71,44,0,44,115
05/08/2009,OLM,WA,ANM,WE,Federal Contract Tower,0,3,22,3,28,0,2,97,0,99,0,5,119,3,127,71,0,71,198
05/09/2009,OLM,WA,ANM,WE,Federal Contract Tower,0,0,2,0,2,0,1,98,3,102,0,1,100,3,104,77,0,77,181
05/10/2009,OLM,WA,ANM,WE,Federal Contract Tower,0,0,6,0,6,0,0,104,0,104,0,0,110,0,110,81,0,81,191
05/11/2009,OLM,WA,ANM,WE,Federal Contract Tower,0,4,9,2,15,0,9,86,0,95,0,13,95,2,110,118,0,118,228
05/12/2009,OLM,WA,ANM,WE,Federal Contract Tower,0,5,16,2,23,0,1,62,38,101,0,6,78,40,124,92,0,92,216
05/13/2009,OLM,WA,ANM,WE,Federal Contract Tower,0,5,24,5,34,0,0,34,0,34,0,5,58,5,68,24,0,24,92
05/14/2009,OLM,WA,ANM,WE,Federal Contract Tower,0,7,16,0,23,0,1,59,1,61,0,8,75,1,84,102,0,102,186
05/15/2009,OLM,WA,ANM,WE,Federal Contract Tower,0,2,30,2,34,0,3,120,4,127,0,5,150,6,161,121,6,127,288
05/16/2009,OLM,WA,ANM,WE,Federal Contract Tower,0,0,16,0,16,0,2,126,7,135,0,2,142,7,151,117,0,117,268
05/17/2009,OLM,WA,ANM,WE,Federal Contract Tower,0,0,10,0,10,0,3,101,0,104,0,3,111,0,114,102,0,102,216
05/18/2009,OLM,WA,ANM,WE,Federal Contract Tower,0,2,22,0,24,0,5,78,0,83,0,7,100,0,107,74,0,74,181
05/19/2009,OLM,WA,ANM,WE,Federal Contract Tower,0,4,15,2,21,0,3,46,4,53,0,7,61,6,74,32,0,32,106
05/20/2009,OLM,WA,ANM,WE,Federal Contract Tower,0,4,26,0,30,0,4,69,0,73,0,8,95,0,103,184,0,184,287
05/21/2009,OLM,WA,ANM,WE,Federal Contract Tower,0,5,26,2,33,0,4,129,0,133,0,9,155,2,166,62,0,62,228
05/22/2009,OLM,WA,ANM,WE,Federal Contract Tower,0,0,24,1,25,0,6,143,0,149,0,6,167,1,174,118,0,118,292
05/23/2009,OLM,WA,ANM,WE,Federal Contract Tower,0,0,15,0,15,0,5,124,0,129,0,5,139,0,144,186,0,186,330
05/24/2009,OLM,WA,ANM,WE,Federal Contract Tower,0,0,10,0,10,0,3,68,0,71,0,3,78,0,81,63,0,63,144
05/25/2009,OLM,WA,ANM,WE,Federal Contract Tower,0,0,19,0,19,0,5,101,1,107,0,5,120,1,126,30,0,30,156
05/26/2009,OLM,WA,ANM,WE,Federal Contract Tower,0,5,10,0,15,0,3,65,2,70,0,8,75,2,85,11,2,13,98
05/27/2009,OLM,WA,ANM,WE,Federal Contract Tower,0,5,13,0,18,0,2,79,8,89,0,7,92,8,107,38,0,38,145
05/28/2009,OLM,WA,ANM,WE,Federal Contract Tower,0,5,30,2,37,0,1,133,3,137,0,6,163,5,174,124,0,124,298
05/29/2009,OLM,WA,ANM,WE,Federal Contract Tower,0,2,35,2,39,0,0,127,4,131,0,2,162,6,170,109,0,109,279
05/30/2009,OLM,WA,ANM,WE,Federal Contract Tower,0,0,23,0,23,0,5,109,0,114,0,5,132,0,137,162,0,162,299
05/31/2009,OLM,WA,ANM,WE,Federal Contract Tower,0,0,24,0,24,0,4,149,0,153,0,4,173,0,177,161,0,161,338
06/01/2009,OLM,WA,ANM,WE,Federal Contract Tower,0,3,18,0,21,0,7,47,2,56,0,10,65,2,77,44,0,44,121
06/02/2009,OLM,WA,ANM,WE,Federal Contract Tower,0,7,15,2,24,0,0,97,6,103,0,7,112,8,127,66,0,66,193
06/03/2009,OLM,WA,ANM,WE,Federal Contract Tower,0,6,9,0,15,0,3,73,15,91,0,9,82,15,106,8,6,14,120
06/04/2009,OLM,WA,ANM,WE,Federal Contract Tower,0,7,25,2,34,0,0,114,9,123,0,7,139,11,157,38,10,48,205
06/05/2009,OLM,WA,ANM,WE,Federal Contract Tower,0,3,9,0,12,0,1,58,2,61,0,4,67,2,73,110,0,110,183
06/06/2009,OLM,WA,ANM,WE,Federal Contract Tower,0,0,19,0,19,0,4,27,0,31,0,4,46,0,50,48,0,48,98
06/07/2009,OLM,WA,ANM,WE,Federal Contract Tower,0,1,18,0,19,0,5,74,0,79,0,6,92,0,98,76,0,76,174
06/08/2009,OLM,WA,ANM,WE,Federal Contract Tower,0,4,9,1,14,0,2,126,2,130,0,6,135,3,144,132,0,132,276
06/09/2009,OLM,WA,ANM,WE,Federal Contract Tower,0,12,35,0,47,0,3,96,10,109,0,15,131,10,156,38,0,38,194
06/10/2009,OLM,WA,ANM,WE,Federal Contract Tower,0,4,24,0,28,0,3,71,7,81,0,7,95,7,109,114,0,114,223
06/11/2009,OLM,WA,ANM,WE,Federal Contract Tower,0,7,19,10,36,0,4,67,3,74,0,11,86,13,110,84,8,92,202
06/12/2009,OLM,WA,ANM,WE,Federal Contract Tower,0,2,11,2,15,0,9,89,0,98,0,11,100,2,113,104,0,104,217
06/13/2009,OLM,WA,ANM,WE,Federal Contract Tower,0,1,18,0,19,0,0,69,0,69,0,1,87,0,88,74,0,74,162
06/14/2009,OLM,WA,ANM,WE,Federal Contract Tower,0,0,15,0,15,0,3,81,0,84,0,3,96,0,99,118,0,118,217
06/15/2009,OLM,WA,ANM,WE,Federal Contract Tower,0,9,16,2,27,0,9,84,9,102,0,18,100,11,129,100,0,100,229
06/16/2009,OLM,WA,ANM,WE,Federal Contract Tower,0,4,30,2,36,0,1,106,0,107,0,5,136,2,143,117,0,117,260
06/17/2009,OLM,WA,ANM,WE,Federal Contract Tower,0,5,17,0,22,0,0,70,0,70,0,5,87,0,92,76,0,76,168
06/18/2009,OLM,WA,ANM,WE,Federal Contract Tower,0,10,30,0,40,0,1,202,16,219,0,11,232,16,259,66,0,66,325
06/19/2009,OLM,WA,ANM,WE,Federal Contract Tower,0,4,27,2,33,0,0,73,6,79,0,4,100,8,112,168,0,168,280
06/20/2009,OLM,WA,ANM,WE,Federal Contract Tower,0,0,11,0,11,0,4,288,4,296,0,4,299,4,307,299,10,309,616
06/21/2009,OLM,WA,ANM,WE,Federal Contract Tower,0,1,6,0,7,0,3,238,4,245,0,4,244,4,252,337,6,343,595
06/22/2009,OLM,WA,ANM,WE,Federal Contract Tower,0,7,13,1,21,0,2,77,4,83,0,9,90,5,104,96,0,96,200
06/23/2009,OLM,WA,ANM,WE,Federal Contract Tower,0,5,27,1,33,0,3,156,3,162,0,8,183,4,195,231,0,231,426
06/24/2009,OLM,WA,ANM,WE,Federal Contract Tower,0,6,12,2,20,0,3,71,0,74,0,9,83,2,94,72,0,72,166
06/25/2009,OLM,WA,ANM,WE,Federal Contract Tower,0,5,12,2,19,0,0,60,0,60,0,5,72,2,79,50,0,50,129
06/26/2009,OLM,WA,ANM,WE,Federal Contract Tower,0,3,18,1,22,0,2,120,4,126,0,5,138,5,148,68,0,68,216
06/27/2009,OLM,WA,ANM,WE,Federal Contract Tower,0,0,16,0,16,0,2,143,0,145,0,2,159,0,161,30,0,30,191
06/28/2009,OLM,WA,ANM,WE,Federal Contract Tower,0,2,28,0,30,0,2,91,0,93,0,4,119,0,123,54,0,54,177
06/29/2009,OLM,WA,ANM,WE,Federal Contract Tower,0,2,22,2,26,0,8,108,0,116,0,10,130,2,142,161,0,161,303
06/30/2009,OLM,WA,ANM,WE,Federal Contract Tower,0,0,6,0,6,0,4,102,0,106,0,4,108,0,112,104,0,104,216
07/01/2009,OLM,WA,ANM,WE,Federal Contract Tower,0,0,1,0,1,0,2,99,0,101,0,2,100,0,102,58,0,58,160
07/02/2009,OLM,WA,ANM,WE,Federal Contract Tower,0,1,9,0,10,0,6,96,0,102,0,7,105,0,112,121,0,121,233
07/03/2009,OLM,WA,ANM,WE,Federal Contract Tower,0,1,12,0,13,0,1,103,0,104,0,2,115,0,117,116,0,116,233
07/04/2009,OLM,WA,ANM,WE,Federal Contract Tower,0,0,8,0,8,0,2,84,0,86,0,2,92,0,94,46,0,46,140
07/05/2009,OLM,WA,ANM,WE,Federal Contract Tower,0,0,7,0,7,0,4,135,0,139,0,4,142,0,146,60,0,60,206
07/06/2009,OLM,WA,ANM,WE,Federal Contract Tower,0,5,15,0,20,0,1,42,0,43,0,6,57,0,63,16,0,16,79
07/07/2009,OLM,WA,ANM,WE,Federal Contract Tower,0,6,31,6,43,0,6,86,2,94,0,12,117,8,137,81,0,81,218
07/08/2009,OLM,WA,ANM,WE,Federal Contract Tower,0,6,25,0,31,0,3,78,4,85,0,9,103,4,116,119,0,119,235
07/09/2009,OLM,WA,ANM,WE,Federal Contract Tower,0,2,10,7,19,0,2,119,10,131,0,4,129,17,150,84,0,84,234
07/10/2009,OLM,WA,ANM,WE,Federal Contract Tower,0,0,19,0,19,0,2,139,0,141,0,2,158,0,160,92,0,92,252
07/11/2009,OLM,WA,ANM,WE,Federal Contract Tower,0,0,12,0,12,0,1,149,0,150,0,1,161,0,162,96,0,96,258
07/12/2009,OLM,WA,ANM,WE,Federal Contract Tower,0,4,18,0,22,0,0,5,0,5,0,4,23,0,27,0,0,0,27
07/13/2009,OLM,WA,ANM,WE,Federal Contract Tower,0,5,25,0,30,0,0,91,5,96,0,5,116,5,126,85,0,85,211
07/14/2009,OLM,WA,ANM,WE,Federal Contract Tower,0,6,30,0,36,0,5,121,8,134,0,11,151,8,170,189,0,189,359
07/15/2009,OLM,WA,ANM,WE,Federal Contract Tower,0,7,10,1,18,0,8,96,7,111,0,15,106,8,129,150,0,150,279
07/16/2009,OLM,WA,ANM,WE,Federal Contract Tower,0,4,14,4,22,0,2,108,0,110,0,6,122,4,132,145,0,145,277
07/17/2009,OLM,WA,ANM,WE,Federal Contract Tower,0,2,15,1,18,0,3,85,4,92,0,5,100,5,110,64,0,64,174
07/18/2009,OLM,WA,ANM,WE,Federal Contract Tower,0,0,19,1,20,0,2,93,0,95,0,2,112,1,115,90,0,90,205
07/19/2009,OLM,WA,ANM,WE,Federal Contract Tower,0,2,10,0,12,0,3,132,0,135,0,5,142,0,147,151,0,151,298
07/20/2009,OLM,WA,ANM,WE,Federal Contract Tower,0,2,36,0,38,0,3,93,2,98,0,5,129,2,136,96,0,96,232
07/21/2009,OLM,WA,ANM,WE,Federal Contract Tower,0,4,17,1,22,0,3,75,8,86,0,7,92,9,108,34,0,34,142
07/22/2009,OLM,WA,ANM,WE,Federal Contract Tower,0,6,14,7,27,0,0,61,0,61,0,6,75,7,88,53,0,53,141
07/23/2009,OLM,WA,ANM,WE,Federal Contract Tower,0,4,13,2,19,0,1,78,0,79,0,5,91,2,98,102,0,102,200
07/24/2009,OLM,WA,ANM,WE,Federal Contract Tower,0,3,18,0,21,0,4,95,0,99,0,7,113,0,120,121,0,121,241
07/25/2009,OLM,WA,ANM,WE,Federal Contract Tower,0,0,27,0,27,0,5,76,0,81,0,5,103,0,108,49,0,49,157
07/26/2009,OLM,WA,ANM,WE,Federal Contract Tower,0,1,9,0,10,0,2,102,0,104,0,3,111,0,114,70,0,70,184
07/27/2009,OLM,WA,ANM,WE,Federal Contract Tower,0,3,10,1,14,0,2,136,0,138,0,5,146,1,152,101,0,101,253
07/28/2009,OLM,WA,ANM,WE,Federal Contract Tower,0,10,7,0,17,0,1,127,7,135,0,11,134,7,152,126,0,126,278
07/29/2009,OLM,WA,ANM,WE,Federal Contract Tower,0,5,2,0,7,0,2,71,0,73,0,7,73,0,80,64,0,64,144
07/30/2009,OLM,WA,ANM,WE,Federal Contract Tower,0,5,16,0,21,0,1,89,0,90,0,6,105,0,111,79,0,79,190
07/31/2009,OLM,WA,ANM,WE,Federal Contract Tower,0,6,21,0,27,0,2,119,0,121,0,8,140,0,148,173,0,173,321
08/01/2009,OLM,WA,ANM,WE,Federal Contract Tower,0,1,37,0,38,0,2,91,0,93,0,3,128,0,131,54,0,54,185
08/02/2009,OLM,WA,ANM,WE,Federal Contract Tower,0,2,9,0,11,0,3,98,4,105,0,5,107,4,116,91,0,91,207
08/03/2009,OLM,WA,ANM,WE,Federal Contract Tower,0,2,22,0,24,0,7,106,6,119,0,9,128,6,143,104,0,104,247
08/04/2009,OLM,WA,ANM,WE,Federal Contract Tower,0,10,25,1,36,0,5,90,11,106,0,15,115,12,142,107,0,107,249
08/05/2009,OLM,WA,ANM,WE,Federal Contract Tower,0,6,24,3,33,0,5,64,0,69,0,11,88,3,102,134,0,134,236
08/06/2009,OLM,WA,ANM,WE,Federal Contract Tower,0,4,45,2,51,0,6,104,4,114,0,10,149,6,165,190,0,190,355
08/07/2009,OLM,WA,ANM,WE,Federal Contract Tower,0,3,27,2,32,0,4,29,0,33,0,7,56,2,65,34,0,34,99
08/08/2009,OLM,WA,ANM,WE,Federal Contract Tower,0,3,19,0,22,0,4,41,0,45,0,7,60,0,67,10,0,10,77
08/09/2009,OLM,WA,ANM,WE,Federal Contract Tower,0,1,39,0,40,0,0,87,0,87,0,1,126,0,127,30,0,30,157
08/10/2009,OLM,WA,ANM,WE,Federal Contract Tower,0,6,32,0,38,0,1,96,3,100,0,7,128,3,138,85,0,85,223
08/11/2009,OLM,WA,ANM,WE,Federal Contract Tower,0,5,29,0,34,0,4,81,3,88,0,9,110,3,122,121,0,121,243
08/12/2009,OLM,WA,ANM,WE,Federal Contract Tower,0,7,22,6,35,0,1,20,6,27,0,8,42,12,62,0,0,0,62
08/13/2009,OLM,WA,ANM,WE,Federal Contract Tower,0,5,30,0,35,0,4,67,0,71,0,9,97,0,106,52,0,52,158
08/14/2009,OLM,WA,ANM,WE,Federal Contract Tower,0,3,25,0,28,0,2,73,0,75,0,5,98,0,103,64,0,64,167
08/15/2009,OLM,WA,ANM,WE,Federal Contract Tower,0,1,28,0,29,0,3,86,2,91,0,4,114,2,120,153,0,153,273
08/16/2009,OLM,WA,ANM,WE,Federal Contract Tower,0,2,25,0,27,0,3,108,0,111,0,5,133,0,138,79,0,79,217
08/17/2009,OLM,WA,ANM,WE,Federal Contract Tower,0,3,17,0,20,0,5,122,2,129,0,8,139,2,149,95,0,95,244
08/18/2009,OLM,WA,ANM,WE,Federal Contract Tower,0,9,21,2,32,0,3,116,4,123,0,12,137,6,155,88,0,88,243
08/19/2009,OLM,WA,ANM,WE,Federal Contract Tower,0,4,24,4,32,0,3,107,1,111,0,7,131,5,143,102,0,102,245
08/20/2009,OLM,WA,ANM,WE,Federal Contract Tower,0,4,43,0,47,0,5,116,0,121,0,9,159,0,168,48,0,48,216
08/21/2009,OLM,WA,ANM,WE,Federal Contract Tower,0,10,23,0,33,0,4,51,2,57,0,14,74,2,90,36,0,36,126
08/22/2009,OLM,WA,ANM,WE,Federal Contract Tower,0,0,14,1,15,0,2,102,0,104,0,2,116,1,119,28,0,28,147
08/23/2009,OLM,WA,ANM,WE,Federal Contract Tower,0,0,15,0,15,0,2,91,0,93,0,2,106,0,108,45,0,45,153
08/24/2009,OLM,WA,ANM,WE,Federal Contract Tower,0,4,15,0,19,0,0,91,0,91,0,4,106,0,110,70,0,70,180
08/25/2009,OLM,WA,ANM,WE,Federal Contract Tower,0,8,27,0,35,0,1,71,1,73,0,9,98,1,108,119,0,119,227
08/26/2009,OLM,WA,ANM,WE,Federal Contract Tower,0,5,23,3,31,0,7,76,6,89,0,12,99,9,120,56,0,56,176
08/27/2009,OLM,WA,ANM,WE,Federal Contract Tower,0,6,23,3,32,0,2,127,0,129,0,8,150,3,161,138,0,138,299
08/28/2009,OLM,WA,ANM,WE,Federal Contract Tower,0,4,25,0,29,0,5,89,2,96,0,9,114,2,125,70,0,70,195
08/29/2009,OLM,WA,ANM,WE,Federal Contract Tower,0,0,26,0,26,0,1,26,0,27,0,1,52,0,53,36,0,36,89
08/30/2009,OLM,WA,ANM,WE,Federal Contract Tower,0,1,9,0,10,0,1,61,0,62,0,2,70,0,72,106,0,106,178
08/31/2009,OLM,WA,ANM,WE,Federal Contract Tower,0,3,21,0,24,0,3,80,0,83,0,6,101,0,107,115,0,115,222
09/01/2009,OLM,WA,ANM,WE,Federal Contract Tower,0,6,3,0,9,0,3,83,6,92,0,9,86,6,101,121,0,121,222
09/02/2009,OLM,WA,ANM,WE,Federal Contract Tower,0,4,49,0,53,0,9,141,7,157,0,13,190,7,210,123,0,123,333
09/03/2009,OLM,WA,ANM,WE,Federal Contract Tower,0,7,23,0,30,0,2,87,0,89,0,9,110,0,119,65,0,65,184
09/04/2009,OLM,WA,ANM,WE,Federal Contract Tower,0,1,38,0,39,0,10,116,0,126,0,11,154,0,165,80,0,80,245
09/05/2009,OLM,WA,ANM,WE,Federal Contract Tower,0,0,20,0,20,0,0,30,0,30,0,0,50,0,50,48,0,48,98
09/06/2009,OLM,WA,ANM,WE,Federal Contract Tower,0,1,6,0,7,0,0,6,0,6,0,1,12,0,13,30,0,30,43
09/07/2009,OLM,WA,ANM,WE,Federal Contract Tower,0,2,7,0,9,0,0,46,0,46,0,2,53,0,55,15,0,15,70
09/08/2009,OLM,WA,ANM,WE,Federal Contract Tower,0,10,17,0,27,0,3,128,0,131,0,13,145,0,158,158,0,158,316
09/09/2009,OLM,WA,ANM,WE,Federal Contract Tower,0,4,56,0,60,0,5,71,1,77,0,9,127,1,137,79,0,79,216
09/10/2009,OLM,WA,ANM,WE,Federal Contract Tower,0,5,36,0,41,0,10,125,0,135,0,15,161,0,176,94,0,94,270
09/11/2009,OLM,WA,ANM,WE,Federal Contract Tower,0,2,18,0,20,0,9,139,3,151,0,11,157,3,171,58,0,58,229
09/12/2009,OLM,WA,ANM,WE,Federal Contract Tower,0,0,19,0,19,0,4,163,0,167,0,4,182,0,186,106,0,106,292
09/13/2009,OLM,WA,ANM,WE,Federal Contract Tower,0,0,37,0,37,0,6,189,0,195,0,6,226,0,232,12,0,12,244
09/14/2009,OLM,WA,ANM,WE,Federal Contract Tower,0,5,17,0,22,0,2,98,2,102,0,7,115,2,124,110,0,110,234
09/15/2009,OLM,WA,ANM,WE,Federal Contract Tower,0,4,14,0,18,0,6,113,1,120,0,10,127,1,138,55,0,55,193
09/16/2009,OLM,WA,ANM,WE,Federal Contract Tower,0,7,30,0,37,0,2,65,0,67,0,9,95,0,104,60,0,60,164
09/17/2009,OLM,WA,ANM,WE,Federal Contract Tower,0,9,17,0,26,0,4,101,0,105,0,13,118,0,131,90,0,90,221
09/18/2009,OLM,WA,ANM,WE,Federal Contract Tower,0,3,24,0,27,0,5,114,2,121,0,8,138,2,148,96,0,96,244
09/19/2009,OLM,WA,ANM,WE,Federal Contract Tower,0,0,27,0,27,0,2,24,4,30,0,2,51,4,57,5,0,5,62
09/20/2009,OLM,WA,ANM,WE,Federal Contract Tower,0,0,26,0,26,0,1,88,0,89,0,1,114,0,115,50,0,50,165
09/21/2009,OLM,WA,ANM,WE,Federal Contract Tower,0,4,20,0,24,0,5,114,0,119,0,9,134,0,143,46,0,46,189
09/22/2009,OLM,WA,ANM,WE,Federal Contract Tower,0,13,11,0,24,0,1,115,2,118,0,14,126,2,142,115,0,115,257
09/23/2009,OLM,WA,ANM,WE,Federal Contract Tower,0,4,25,0,29,0,4,92,1,97,0,8,117,1,126,79,2,81,207
09/24/2009,OLM,WA,ANM,WE,Federal Contract Tower,0,6,26,2,34,0,6,57,3,66,0,12,83,5,100,50,0,50,150
09/25/2009,OLM,WA,ANM,WE,Federal Contract Tower,0,5,25,0,30,0,5,104,0,109,0,10,129,0,139,112,0,112,251
09/26/2009,OLM,WA,ANM,WE,Federal Contract Tower,0,0,36,0,36,0,1,101,0,102,0,1,137,0,138,62,0,62,200
09/27/2009,OLM,WA,ANM,WE,Federal Contract Tower,0,0,11,0,11,0,3,128,0,131,0,3,139,0,142,136,0,136,278
09/28/2009,OLM,WA,ANM,WE,Federal Contract Tower,0,3,4,0,7,0,7,83,0,90,0,10,87,0,97,24,0,24,121
09/29/2009,OLM,WA,ANM,WE,Federal Contract Tower,0,8,11,1,20,0,5,33,5,43,0,13,44,6,63,16,0,16,79
09/30/2009,OLM,WA,ANM,WE,Federal Contract Tower,0,6,6,1,13,0,4,59,18,81,0,10,65,19,94,103,0,103,197
10/01/2009,OLM,WA,ANM,WE,Federal Contract Tower,0,4,22,4,30,0,4,31,0,35,0,8,53,4,65,70,0,70,135
10/02/2009,OLM,WA,ANM,WE,Federal Contract Tower,0,2,27,0,29,0,5,58,0,63,0,7,85,0,92,73,0,73,165
10/03/2009,OLM,WA,ANM,WE,Federal Contract Tower,0,0,13,0,13,0,2,45,0,47,0,2,58,0,60,22,0,22,82
10/04/2009,OLM,WA,ANM,WE,Federal Contract Tower,0,2,5,0,7,0,2,78,3,83,0,4,83,3,90,86,0,86,176
10/05/2009,OLM,WA,ANM,WE,Federal Contract Tower,0,0,17,0,17,0,4,122,4,130,0,4,139,4,147,190,0,190,337
10/06/2009,OLM,WA,ANM,WE,Federal Contract Tower,0,0,15,0,15,0,6,128,1,135,0,6,143,1,150,200,0,200,350
10/07/2009,OLM,WA,ANM,WE,Federal Contract Tower,0,5,20,4,29,0,2,93,2,97,0,7,113,6,126,81,0,81,207
10/08/2009,OLM,WA,ANM,WE,Federal Contract Tower,0,5,15,0,20,0,4,127,4,135,0,9,142,4,155,106,0,106,261
10/09/2009,OLM,WA,ANM,WE,Federal Contract Tower,0,4,33,1,38,0,3,110,4,117,0,7,143,5,155,94,0,94,249
10/10/2009,OLM,WA,ANM,WE,Federal Contract Tower,0,0,13,0,13,0,4,99,2,105,0,4,112,2,118,69,0,69,187
10/11/2009,OLM,WA,ANM,WE,Federal Contract Tower,0,0,11,0,11,0,0,85,0,85,0,0,96,0,96,155,0,155,251
10/12/2009,OLM,WA,ANM,WE,Federal Contract Tower,0,4,15,0,19,0,1,64,0,65,0,5,79,0,84,66,0,66,150
10/13/2009,OLM,WA,ANM,WE,Federal Contract Tower,0,5,8,2,15,0,1,51,0,52,0,6,59,2,67,51,0,51,118
10/14/2009,OLM,WA,ANM,WE,Federal Contract Tower,0,6,7,0,13,0,4,12,2,18,0,10,19,2,31,59,2,61,92
10/15/2009,OLM,WA,ANM,WE,Federal Contract Tower,0,4,29,6,39,0,5,76,5,86,0,9,105,11,125,62,0,62,187
10/16/2009,OLM,WA,ANM,WE,Federal Contract Tower,0,5,26,3,34,0,1,36,8,45,0,6,62,11,79,78,0,78,157
10/17/2009,OLM,WA,ANM,WE,Federal Contract Tower,0,0,15,4,19,0,1,5,0,6,0,1,20,4,25,43,0,43,68
10/18/2009,OLM,WA,ANM,WE,Federal Contract Tower,0,1,18,1,20,0,6,88,15,109,0,7,106,16,129,130,0,130,259
10/19/2009,OLM,WA,ANM,WE,Federal Contract Tower,0,4,28,0,32,0,3,33,0,36,0,7,61,0,68,88,2,90,158
10/20/2009,OLM,WA,ANM,WE,Federal Contract Tower,0,6,10,2,18,0,0,42,0,42,0,6,52,2,60,58,0,58,118
10/21/2009,OLM,WA,ANM,WE,Federal Contract Tower,0,6,38,4,48,0,1,32,0,33,0,7,70,4,81,136,0,136,217
10/22/2009,OLM,WA,ANM,WE,Federal Contract Tower,0,5,36,10,51,0,13,11,2,26,0,18,47,12,77,76,0,76,153
10/23/2009,OLM,WA,ANM,WE,Federal Contract Tower,0,3,21,6,30,0,0,2,0,2,0,3,23,6,32,18,0,18,50
10/24/2009,OLM,WA,ANM,WE,Federal Contract Tower,0,0,22,0,22,0,3,96,4,103,0,3,118,4,125,65,0,65,190
10/25/2009,OLM,WA,ANM,WE,Federal Contract Tower,0,0,19,0,19,0,0,42,0,42,0,0,61,0,61,73,0,73,134
10/26/2009,OLM,WA,ANM,WE,Federal Contract Tower,0,3,10,0,13,0,0,25,2,27,0,3,35,2,40,2,0,2,42
10/27/2009,OLM,WA,ANM,WE,Federal Contract Tower,0,4,23,2,29,0,0,126,2,128,0,4,149,4,157,133,0,133,290
10/28/2009,OLM,WA,ANM,WE,Federal Contract Tower,0,5,23,0,28,0,2,76,4,82,0,7,99,4,110,232,0,232,342
10/29/2009,OLM,WA,ANM,WE,Federal Contract Tower,0,7,13,0,20,0,0,1,0,1,0,7,14,0,21,0,0,0,21
10/30/2009,OLM,WA,ANM,WE,Federal Contract Tower,0,2,18,2,22,0,2,44,0,46,0,4,62,2,68,36,0,36,104
10/31/2009,OLM,WA,ANM,WE,Federal Contract Tower,0,2,9,0,11,0,2,53,0,55,0,4,62,0,66,64,0,64,130
11/01/2009,OLM,WA,ANM,WE,Federal Contract Tower,0,1,36,0,37,0,1,70,0,71,0,2,106,0,108,101,0,101,209
11/02/2009,OLM,WA,ANM,WE,Federal Contract Tower,0,10,11,0,21,0,0,88,0,88,0,10,99,0,109,81,0,81,190
11/03/2009,OLM,WA,ANM,WE,Federal Contract Tower,0,5,10,0,15,0,2,76,0,78,0,7,86,0,93,84,0,84,177
11/04/2009,OLM,WA,ANM,WE,Federal Contract Tower,0,7,20,0,27,0,2,112,3,117,0,9,132,3,144,143,0,143,287
11/05/2009,OLM,WA,ANM,WE,Federal Contract Tower,0,4,8,0,12,0,0,4,0,4,0,4,12,0,16,4,0,4,20
11/06/2009,OLM,WA,ANM,WE,Federal Contract Tower,0,4,6,0,10,0,2,19,4,25,0,6,25,4,35,46,0,46,81
11/07/2009,OLM,WA,ANM,WE,Federal Contract Tower,0,0,2,1,3,0,0,4,2,6,0,0,6,3,9,6,3,9,18
11/08/2009,OLM,WA,ANM,WE,Federal Contract Tower,0,1,16,0,17,0,2,32,6,40,0,3,48,6,57,30,0,30,87
11/09/2009,OLM,WA,ANM,WE,Federal Contract Tower,0,4,10,0,14,0,2,7,0,9,0,6,17,0,23,34,0,34,57
11/10/2009,OLM,WA,ANM,WE,Federal Contract Tower,0,11,9,2,22,0,2,48,0,50,0,13,57,2,72,72,0,72,144
11/11/2009,OLM,WA,ANM,WE,Federal Contract Tower,0,7,18,0,25,0,12,49,5,66,0,19,67,5,91,115,6,121,212
11/12/2009,OLM,WA,ANM,WE,Federal Contract Tower,0,6,15,6,27,0,3,67,0,70,0,9,82,6,97,72,0,72,169
11/13/2009,OLM,WA,ANM,WE,Federal Contract Tower,0,3,23,0,26,0,3,38,0,41,0,6,61,0,67,60,0,60,127
11/14/2009,OLM,WA,ANM,WE,Federal Contract Tower,0,0,16,0,16,0,0,54,0,54,0,0,70,0,70,164,0,164,234
11/15/2009,OLM,WA,ANM,WE,Federal Contract Tower,0,1,4,0,5,0,3,6,0,9,0,4,10,0,14,18,0,18,32
11/16/2009,OLM,WA,ANM,WE,Federal Contract Tower,0,4,3,0,7,0,1,5,0,6,0,5,8,0,13,35,0,35,48
11/17/2009,OLM,WA,ANM,WE,Federal Contract Tower,0,5,6,2,13,0,3,52,3,58,0,8,58,5,71,95,0,95,166
11/18/2009,OLM,WA,ANM,WE,Federal Contract Tower,0,5,10,4,19,0,1,37,2,40,0,6,47,6,59,26,0,26,85
11/19/2009,OLM,WA,ANM,WE,Federal Contract Tower,0,8,6,4,18,0,2,2,0,4,0,10,8,4,22,13,0,13,35
11/20/2009,OLM,WA,ANM,WE,Federal Contract Tower,0,5,5,0,10,0,6,22,0,28,0,11,27,0,38,80,0,80,118
11/21/2009,OLM,WA,ANM,WE,Federal Contract Tower,0,0,11,0,11,0,0,14,0,14,0,0,25,0,25,39,0,39,64
11/22/2009,OLM,WA,ANM,WE,Federal Contract Tower,0,0,0,0,0,0,4,16,0,20,0,4,16,0,20,34,0,34,54
11/23/2009,OLM,WA,ANM,WE,Federal Contract Tower,0,1,20,0,21,0,5,65,2,72,0,6,85,2,93,27,0,27,120
11/24/2009,OLM,WA,ANM,WE,Federal Contract Tower,0,8,12,0,20,0,1,25,0,26,0,9,37,0,46,47,0,47,93
11/25/2009,OLM,WA,ANM,WE,Federal Contract Tower,0,2,20,0,22,0,0,90,0,90,0,2,110,0,112,74,0,74,186
11/26/2009,OLM,WA,ANM,WE,Federal Contract Tower,0,0,8,0,8,0,0,0,0,0,0,0,8,0,8,0,0,0,8
11/27/2009,OLM,WA,ANM,WE,Federal Contract Tower,0,1,19,0,20,0,0,56,10,66,0,1,75,10,86,112,0,112,198
11/28/2009,OLM,WA,ANM,WE,Federal Contract Tower,0,5,25,2,32,0,1,30,0,31,0,6,55,2,63,30,0,30,93
11/29/2009,OLM,WA,ANM,WE,Federal Contract Tower,0,0,12,0,12,0,5,95,2,102,0,5,107,2,114,176,0,176,290
11/30/2009,OLM,WA,ANM,WE,Federal Contract Tower,0,5,4,0,9,0,0,37,2,39,0,5,41,2,48,81,0,81,129
12/01/2009,OLM,WA,ANM,WE,Federal Contract Tower,0,8,23,4,35,0,3,81,3,87,0,11,104,7,122,95,0,95,217
12/02/2009,OLM,WA,ANM,WE,Federal Contract Tower,0,5,15,2,22,0,0,116,2,118,0,5,131,4,140,107,0,107,247
12/03/2009,OLM,WA,ANM,WE,Federal Contract Tower,0,8,7,5,20,0,2,19,3,24,0,10,26,8,44,40,4,44,88
12/04/2009,OLM,WA,ANM,WE,Federal Contract Tower,0,3,20,2,25,0,1,77,1,79,0,4,97,3,104,102,0,102,206
12/05/2009,OLM,WA,ANM,WE,Federal Contract Tower,0,0,17,0,17,0,1,120,2,123,0,1,137,2,140,131,0,131,271
12/06/2009,OLM,WA,ANM,WE,Federal Contract Tower,0,0,2,0,2,0,2,18,0,20,0,2,20,0,22,42,0,42,64
12/07/2009,OLM,WA,ANM,WE,Federal Contract Tower,0,6,15,0,21,0,6,49,4,59,0,12,64,4,80,66,0,66,146
12/08/2009,OLM,WA,ANM,WE,Federal Contract Tower,0,5,12,7,24,0,4,83,5,92,0,9,95,12,116,80,0,80,196
12/09/2009,OLM,WA,ANM,WE,Federal Contract Tower,0,5,20,0,25,0,4,37,1,42,0,9,57,1,67,14,0,14,81
12/10/2009,OLM,WA,ANM,WE,Federal Contract Tower,0,12,11,7,30,0,1,54,5,60,0,13,65,12,90,34,0,34,124
12/11/2009,OLM,WA,ANM,WE,Federal Contract Tower,0,3,9,0,12,0,2,52,0,54,0,5,61,0,66,24,0,24,90
12/12/2009,OLM,WA,ANM,WE,Federal Contract Tower,0,0,19,0,19,0,0,40,1,41,0,0,59,1,60,50,0,50,110
12/13/2009,OLM,WA,ANM,WE,Federal Contract Tower,0,0,2,0,2,0,1,18,0,19,0,1,20,0,21,14,0,14,35
12/14/2009,OLM,WA,ANM,WE,Federal Contract Tower,0,0,4,0,4,0,3,11,0,14,0,3,15,0,18,12,0,12,30
12/15/2009,OLM,WA,ANM,WE,Federal Contract Tower,0,9,10,2,21,0,5,6,2,13,0,14,16,4,34,13,0,13,47
12/16/2009,OLM,WA,ANM,WE,Federal Contract Tower,0,5,8,2,15,0,3,0,2,5,0,8,8,4,20,0,0,0,20
12/17/2009,OLM,WA,ANM,WE,Federal Contract Tower,0,7,15,2,24,0,5,33,3,41,0,12,48,5,65,56,6,62,127
12/18/2009,OLM,WA,ANM,WE,Federal Contract Tower,0,2,15,0,17,0,2,26,0,28,0,4,41,0,45,32,0,32,77
12/19/2009,OLM,WA,ANM,WE,Federal Contract Tower,0,3,7,0,10,0,0,0,0,0,0,3,7,0,10,0,0,0,10
12/20/2009,OLM,WA,ANM,WE,Federal Contract Tower,0,0,16,0,16,0,1,40,0,41,0,1,56,0,57,51,0,51,108
12/21/2009,OLM,WA,ANM,WE,Federal Contract Tower,0,4,18,0,22,0,0,25,1,26,0,4,43,1,48,10,0,10,58
12/22/2009,OLM,WA,ANM,WE,Federal Contract Tower,0,2,13,0,15,0,4,71,3,78,0,6,84,3,93,116,0,116,209
12/23/2009,OLM,WA,ANM,WE,Federal Contract Tower,0,2,22,0,24,0,2,62,0,64,0,4,84,0,88,102,0,102,190
12/24/2009,OLM,WA,ANM,WE,Federal Contract Tower,0,1,5,0,6,0,1,11,0,12,0,2,16,0,18,2,0,2,20
12/25/2009,OLM,WA,ANM,WE,Federal Contract Tower,0,0,4,0,4,0,2,11,0,13,0,2,15,0,17,0,0,0,17
12/26/2009,OLM,WA,ANM,WE,Federal Contract Tower,0,0,2,0,2,0,3,76,0,79,0,3,78,0,81,98,0,98,179
12/27/2009,OLM,WA,ANM,WE,Federal Contract Tower,0,0,11,0,11,0,2,80,0,82,0,2,91,0,93,108,0,108,201
12/28/2009,OLM,WA,ANM,WE,Federal Contract Tower,0,2,37,0,39,0,1,61,0,62,0,3,98,0,101,62,0,62,163
12/29/2009,OLM,WA,ANM,WE,Federal Contract Tower,0,0,10,8,18,0,3,32,1,36,0,3,42,9,54,85,8,93,147
12/30/2009,OLM,WA,ANM,WE,Federal Contract Tower,0,2,6,0,8,0,1,18,0,19,0,3,24,0,27,5,0,5,32
12/31/2009,OLM,WA,ANM,WE,Federal Contract Tower,0,0,13,0,13,0,0,0,0,0,0,0,13,0,13,0,0,0,13
01/01/2010,OLM,WA,ANM,WE,Federal Contract Tower,0,3,2,0,5,0,3,1,0,4,0,6,3,0,9,0,0,0,9
01/02/2010,OLM,WA,ANM,WE,Federal Contract Tower,0,5,17,0,22,0,2,8,0,10,0,7,25,0,32,0,0,0,32
01/03/2010,OLM,WA,ANM,WE,Federal Contract Tower,0,2,4,0,6,0,0,0,0,0,0,2,4,0,6,0,0,0,6
01/04/2010,OLM,WA,ANM,WE,Federal Contract Tower,0,4,4,0,8,0,0,0,0,0,0,4,4,0,8,0,0,0,8
01/05/2010,OLM,WA,ANM,WE,Federal Contract Tower,0,5,11,0,16,0,0,0,0,0,0,5,11,0,16,0,0,0,16
01/06/2010,OLM,WA,ANM,WE,Federal Contract Tower,0,4,11,2,17,0,2,48,5,55,0,6,59,7,72,32,0,32,104
01/07/2010,OLM,WA,ANM,WE,Federal Contract Tower,0,5,19,0,24,0,5,105,9,119,0,10,124,9,143,96,6,102,245
01/08/2010,OLM,WA,ANM,WE,Federal Contract Tower,0,3,21,0,24,0,0,0,0,0,0,3,21,0,24,0,0,0,24
01/09/2010,OLM,WA,ANM,WE,Federal Contract Tower,0,0,44,0,44,0,4,114,8,126,0,4,158,8,170,140,0,140,310
01/10/2010,OLM,WA,ANM,WE,Federal Contract Tower,0,0,27,0,27,0,0,83,0,83,0,0,110,0,110,56,0,56,166
01/11/2010,OLM,WA,ANM,WE,Federal Contract Tower,0,5,7,0,12,0,0,2,0,2,0,5,9,0,14,0,0,0,14
01/12/2010,OLM,WA,ANM,WE,Federal Contract Tower,0,5,18,2,25,0,0,18,0,18,0,5,36,2,43,2,0,2,45
01/13/2010,OLM,WA,ANM,WE,Federal Contract Tower,0,4,11,0,15,0,2,20,0,22,0,6,31,0,37,4,0,4,41
01/14/2010,OLM,WA,ANM,WE,Federal Contract Tower,0,5,14,0,19,0,3,22,1,26,0,8,36,1,45,20,0,20,65
01/15/2010,OLM,WA,ANM,WE,Federal Contract Tower,0,2,17,0,19,0,0,9,0,9,0,2,26,0,28,48,0,48,76
01/16/2010,OLM,WA,ANM,WE,Federal Contract Tower,0,0,31,0,31,0,0,0,0,0,0,0,31,0,31,0,0,0,31
01/17/2010,OLM,WA,ANM,WE,Federal Contract Tower,0,0,12,0,12,0,0,43,0,43,0,0,55,0,55,64,0,64,119
01/18/2010,OLM,WA,ANM,WE,Federal Contract Tower,0,3,17,0,20,0,1,71,0,72,0,4,88,0,92,122,0,122,214
01/19/2010,OLM,WA,ANM,WE,Federal Contract Tower,0,4,30,2,36,0,5,33,11,49,0,9,63,13,85,36,4,40,125
01/20/2010,OLM,WA,ANM,WE,Federal Contract Tower,0,4,24,4,32,0,2,91,3,96,0,6,115,7,128,67,0,67,195
01/21/2010,OLM,WA,ANM,WE,Federal Contract Tower,0,5,32,4,41,0,0,95,11,106,0,5,127,15,147,131,16,147,294
01/22/2010,OLM,WA,ANM,WE,Federal Contract Tower,0,2,20,0,22,0,1,80,0,81,0,3,100,0,103,61,0,61,164
01/23/2010,OLM,WA,ANM,WE,Federal Contract Tower,0,0,34,4,38,0,1,107,2,110,0,1,141,6,148,77,0,77,225
01/24/2010,OLM,WA,ANM,WE,Federal Contract Tower,0,0,15,0,15,0,0,3,0,3,0,0,18,0,18,8,0,8,26
01/25/2010,OLM,WA,ANM,WE,Federal Contract Tower,0,1,13,6,20,0,3,48,4,55,0,4,61,10,75,71,0,71,146
01/26/2010,OLM,WA,ANM,WE,Federal Contract Tower,0,0,20,0,20,0,4,30,2,36,0,4,50,2,56,76,0,76,132
01/27/2010,OLM,WA,ANM,WE,Federal Contract Tower,0,0,9,8,17,0,0,0,0,0,0,0,9,8,17,0,0,0,17
01/28/2010,OLM,WA,ANM,WE,Federal Contract Tower,0,0,28,4,32,0,2,93,2,97,0,2,121,6,129,84,0,84,213
01/29/2010,OLM,WA,ANM,WE,Federal Contract Tower,0,0,21,4,25,0,1,59,2,62,0,1,80,6,87,42,0,42,129
01/30/2010,OLM,WA,ANM,WE,Federal Contract Tower,0,2,1,0,3,0,0,19,0,19,0,2,20,0,22,86,0,86,108
01/31/2010,OLM,WA,ANM,WE,Federal Contract Tower,0,3,17,0,20,0,2,25,0,27,0,5,42,0,47,82,0,82,129
02/01/2010,OLM,WA,ANM,WE,Federal Contract Tower,0,4,9,0,13,0,1,13,0,14,0,5,22,0,27,2,0,2,29
02/02/2010,OLM,WA,ANM,WE,Federal Contract Tower,0,8,11,5,24,0,0,59,10,69,0,8,70,15,93,10,22,32,125
02/03/2010,OLM,WA,ANM,WE,Federal Contract Tower,0,6,28,4,38,0,0,3,2,5,0,6,31,6,43,0,0,0,43
02/04/2010,OLM,WA,ANM,WE,Federal Contract Tower,0,6,25,4,35,0,3,55,4,62,0,9,80,8,97,67,0,67,164
02/05/2010,OLM,WA,ANM,WE,Federal Contract Tower,0,4,18,0,22,0,3,75,5,83,0,7,93,5,105,104,0,104,209
02/06/2010,OLM,WA,ANM,WE,Federal Contract Tower,0,0,6,0,6,0,4,174,4,182,0,4,180,4,188,176,0,176,364
02/07/2010,OLM,WA,ANM,WE,Federal Contract Tower,0,2,8,0,10,0,2,6,0,8,0,4,14,0,18,2,0,2,20
02/08/2010,OLM,WA,ANM,WE,Federal Contract Tower,0,8,12,0,20,0,0,6,0,6,0,8,18,0,26,26,0,26,52
02/09/2010,OLM,WA,ANM,WE,Federal Contract Tower,0,9,39,2,50,0,0,48,0,48,0,9,87,2,98,27,0,27,125
02/10/2010,OLM,WA,ANM,WE,Federal Contract Tower,0,9,19,4,32,0,0,7,16,23,0,9,26,20,55,8,0,8,63
02/11/2010,OLM,WA,ANM,WE,Federal Contract Tower,0,5,14,0,19,0,2,45,0,47,0,7,59,0,66,74,0,74,140
02/12/2010,OLM,WA,ANM,WE,Federal Contract Tower,0,4,3,2,9,0,1,10,0,11,0,5,13,2,20,42,0,42,62
02/13/2010,OLM,WA,ANM,WE,Federal Contract Tower,0,0,43,2,45,0,0,12,1,13,0,0,55,3,58,0,2,2,60
02/14/2010,OLM,WA,ANM,WE,Federal Contract Tower,0,0,11,0,11,0,4,66,0,70,0,4,77,0,81,116,0,116,197
02/15/2010,OLM,WA,ANM,WE,Federal Contract Tower,0,0,20,0,20,0,0,60,0,60,0,0,80,0,80,88,0,88,168
02/16/2010,OLM,WA,ANM,WE,Federal Contract Tower,0,4,11,0,15,0,7,67,1,75,0,11,78,1,90,68,0,68,158
02/17/2010,OLM,WA,ANM,WE,Federal Contract Tower,0,5,10,2,17,0,3,80,8,91,0,8,90,10,108,60,0,60,168
02/18/2010,OLM,WA,ANM,WE,Federal Contract Tower,0,6,19,3,28,0,5,142,5,152,0,11,161,8,180,132,0,132,312
02/19/2010,OLM,WA,ANM,WE,Federal Contract Tower,0,5,19,4,28,0,5,115,11,131,0,10,134,15,159,192,0,192,351
02/20/2010,OLM,WA,ANM,WE,Federal Contract Tower,0,3,9,0,12,0,5,135,10,150,0,8,144,10,162,155,0,155,317
02/21/2010,OLM,WA,ANM,WE,Federal Contract Tower,0,0,16,0,16,0,2,77,2,81,0,2,93,2,97,34,0,34,131
02/22/2010,OLM,WA,ANM,WE,Federal Contract Tower,0,3,8,2,13,0,1,88,2,91,0,4,96,4,104,63,0,63,167
02/23/2010,OLM,WA,ANM,WE,Federal Contract Tower,0,4,11,2,17,0,0,32,0,32,0,4,43,2,49,54,0,54,103
02/24/2010,OLM,WA,ANM,WE,Federal Contract Tower,0,5,15,0,20,0,0,23,1,24,0,5,38,1,44,28,0,28,72
02/25/2010,OLM,WA,ANM,WE,Federal Contract Tower,0,9,29,2,40,0,2,87,4,93,0,11,116,6,133,123,0,123,256
02/26/2010,OLM,WA,ANM,WE,Federal Contract Tower,0,4,16,2,22,0,1,4,1,6,0,5,20,3,28,0,0,0,28
02/27/2010,OLM,WA,ANM,WE,Federal Contract Tower,0,0,9,0,9,0,4,44,2,50,0,4,53,2,59,168,0,168,227
02/28/2010,OLM,WA,ANM,WE,Federal Contract Tower,0,0,14,0,14,0,2,95,6,103,0,2,109,6,117,120,0,120,237
03/01/2010,OLM,WA,ANM,WE,Federal Contract Tower,0,4,15,2,21,0,0,53,0,53,0,4,68,2,74,66,0,66,140
03/02/2010,OLM,WA,ANM,WE,Federal Contract Tower,0,4,10,1,15,0,6,41,4,51,0,10,51,5,66,50,0,50,116
03/03/2010,OLM,WA,ANM,WE,Federal Contract Tower,0,11,19,0,30,0,2,70,1,73,0,13,89,1,103,76,0,76,179
03/04/2010,OLM,WA,ANM,WE,Federal Contract Tower,0,7,24,4,35,0,2,95,2,99,0,9,119,6,134,108,0,108,242
03/05/2010,OLM,WA,ANM,WE,Federal Contract Tower,0,2,17,4,23,0,3,85,0,88,0,5,102,4,111,148,0,148,259
03/06/2010,OLM,WA,ANM,WE,Federal Contract Tower,0,0,27,2,29,0,0,90,4,94,0,0,117,6,123,174,0,174,297
03/07/2010,OLM,WA,ANM,WE,Federal Contract Tower,0,0,9,0,9,0,0,48,0,48,0,0,57,0,57,76,6,82,139
03/08/2010,OLM,WA,ANM,WE,Federal Contract Tower,0,3,7,0,10,0,3,36,0,39,0,6,43,0,49,66,0,66,115
03/09/2010,OLM,WA,ANM,WE,Federal Contract Tower,0,5,14,8,27,0,5,46,11,62,0,10,60,19,89,60,0,60,149
03/10/2010,OLM,WA,ANM,WE,Federal Contract Tower,0,5,13,0,18,0,3,86,5,94,0,8,99,5,112,36,0,36,148
03/11/2010,OLM,WA,ANM,WE,Federal Contract Tower,0,7,8,0,15,0,0,14,1,15,0,7,22,1,30,46,0,46,76
03/12/2010,OLM,WA,ANM,WE,Federal Contract Tower,0,5,1,0,6,0,4,12,0,16,0,9,13,0,22,38,0,38,60
03/13/2010,OLM,WA,ANM,WE,Federal Contract Tower,0,0,10,0,10,0,4,27,3,34,0,4,37,3,44,56,0,56,100
03/14/2010,OLM,WA,ANM,WE,Federal Contract Tower,0,0,13,0,13,0,3,71,2,76,0,3,84,2,89,15,0,15,104
03/15/2010,OLM,WA,ANM,WE,Federal Contract Tower,0,3,18,0,21,0,2,90,0,92,0,5,108,0,113,56,0,56,169
03/16/2010,OLM,WA,ANM,WE,Federal Contract Tower,0,4,19,0,23,0,4,31,0,35,0,8,50,0,58,31,0,31,89
03/17/2010,OLM,WA,ANM,WE,Federal Contract Tower,0,4,17,0,21,0,3,118,1,122,0,7,135,1,143,86,0,86,229
03/18/2010,OLM,WA,ANM,WE,Federal Contract Tower,0,3,19,0,22,0,2,148,2,152,0,5,167,2,174,150,0,150,324
03/19/2010,OLM,WA,ANM,WE,Federal Contract Tower,0,3,20,0,23,0,3,135,2,140,0,6,155,2,163,56,0,56,219
03/20/2010,OLM,WA,ANM,WE,Federal Contract Tower,0,0,28,0,28,0,0,155,4,159,0,0,183,4,187,62,0,62,249
03/21/2010,OLM,WA,ANM,WE,Federal Contract Tower,0,0,22,0,22,0,0,17,0,17,0,0,39,0,39,27,0,27,66
03/22/2010,OLM,WA,ANM,WE,Federal Contract Tower,0,3,8,0,11,0,2,40,0,42,0,5,48,0,53,36,0,36,89
03/23/2010,OLM,WA,ANM,WE,Federal Contract Tower,0,5,25,0,30,0,0,48,6,54,0,5,73,6,84,82,0,82,166
03/24/2010,OLM,WA,ANM,WE,Federal Contract Tower,0,4,6,10,20,0,7,134,2,143,0,11,140,12,163,151,0,151,314
03/25/2010,OLM,WA,ANM,WE,Federal Contract Tower,0,7,9,0,16,0,0,15,2,17,0,7,24,2,33,88,0,88,121
03/26/2010,OLM,WA,ANM,WE,Federal Contract Tower,0,3,18,2,23,0,1,55,1,57,0,4,73,3,80,68,0,68,148
03/27/2010,OLM,WA,ANM,WE,Federal Contract Tower,0,0,5,0,5,0,3,111,0,114,0,3,116,0,119,70,0,70,189
03/28/2010,OLM,WA,ANM,WE,Federal Contract Tower,0,1,21,0,22,0,3,13,0,16,0,4,34,0,38,0,0,0,38
03/29/2010,OLM,WA,ANM,WE,Federal Contract Tower,0,5,7,2,14,0,0,16,0,16,0,5,23,2,30,6,0,6,36
03/30/2010,OLM,WA,ANM,WE,Federal Contract Tower,0,5,3,0,8,0,0,21,0,21,0,5,24,0,29,17,0,17,46
03/31/2010,OLM,WA,ANM,WE,Federal Contract Tower,0,5,12,4,21,0,0,104,0,104,0,5,116,4,125,46,0,46,171
04/01/2010,OLM,WA,ANM,WE,Federal Contract Tower,0,7,16,0,23,0,7,40,0,47,0,14,56,0,70,32,0,32,102
04/02/2010,OLM,WA,ANM,WE,Federal Contract Tower,0,4,4,0,8,0,0,2,0,2,0,4,6,0,10,0,0,0,10
04/03/2010,OLM,WA,ANM,WE,Federal Contract Tower,0,0,11,0,11,0,0,23,3,26,0,0,34,3,37,16,8,24,61
04/04/2010,OLM,WA,ANM,WE,Federal Contract Tower,0,0,6,2,8,0,2,19,0,21,0,2,25,2,29,36,0,36,65
04/05/2010,OLM,WA,ANM,WE,Federal Contract Tower,0,3,7,0,10,0,9,42,4,55,0,12,49,4,65,28,0,28,93
04/06/2010,OLM,WA,ANM,WE,Federal Contract Tower,0,5,11,0,16,0,1,22,3,26,0,6,33,3,42,22,0,22,64
04/07/2010,OLM,WA,ANM,WE,Federal Contract Tower,0,4,20,0,24,0,1,17,2,20,0,5,37,2,44,10,0,10,54
04/08/2010,OLM,WA,ANM,WE,Federal Contract Tower,0,5,3,0,8,0,5,24,0,29,0,10,27,0,37,4,0,4,41
04/09/2010,OLM,WA,ANM,WE,Federal Contract Tower,0,3,8,0,11,0,2,71,0,73,0,5,79,0,84,49,0,49,133
04/10/2010,OLM,WA,ANM,WE,Federal Contract Tower,0,2,14,0,16,0,3,95,0,98,0,5,109,0,114,48,0,48,162
04/11/2010,OLM,WA,ANM,WE,Federal Contract Tower,0,0,22,4,26,0,3,155,6,164,0,3,177,10,190,163,0,163,353
04/12/2010,OLM,WA,ANM,WE,Federal Contract Tower,0,3,6,0,9,0,0,60,2,62,0,3,66,2,71,78,0,78,149
04/13/2010,OLM,WA,ANM,WE,Federal Contract Tower,0,5,14,8,27,0,0,72,11,83,0,5,86,19,110,74,26,100,210
04/14/2010,OLM,WA,ANM,WE,Federal Contract Tower,0,6,20,0,26,0,3,82,1,86,0,9,102,1,112,110,0,110,222
04/15/2010,OLM,WA,ANM,WE,Federal Contract Tower,0,5,13,2,20,0,4,55,0,59,0,9,68,2,79,54,0,54,133
04/16/2010,OLM,WA,ANM,WE,Federal Contract Tower,0,2,11,0,13,0,5,86,1,92,0,7,97,1,105,98,0,98,203
04/17/2010,OLM,WA,ANM,WE,Federal Contract Tower,0,0,19,0,19,0,2,34,1,37,0,2,53,1,56,20,0,20,76
04/18/2010,OLM,WA,ANM,WE,Federal Contract Tower,0,0,10,2,12,0,2,130,2,134,0,2,140,4,146,80,0,80,226
04/19/2010,OLM,WA,ANM,WE,Federal Contract Tower,0,3,8,4,15,0,2,57,2,61,0,5,65,6,76,73,0,73,149
04/20/2010,OLM,WA,ANM,WE,Federal Contract Tower,0,4,29,0,33,0,1,30,7,38,0,5,59,7,71,32,56,88,159
04/21/2010,OLM,WA,ANM,WE,Federal Contract Tower,0,4,20,6,30,0,4,52,1,57,0,8,72,7,87,78,0,78,165
04/22/2010,OLM,WA,ANM,WE,Federal Contract Tower,0,5,9,6,20,0,0,103,1,104,0,5,112,7,124,108,0,108,232
04/23/2010,OLM,WA,ANM,WE,Federal Contract Tower,0,3,5,4,12,0,2,67,0,69,0,5,72,4,81,92,0,92,173
04/24/2010,OLM,WA,ANM,WE,Federal Contract Tower,0,1,8,0,9,0,3,14,1,18,0,4,22,1,27,36,0,36,63
04/25/2010,OLM,WA,ANM,WE,Federal Contract Tower,0,3,17,0,20,0,3,97,0,100,0,6,114,0,120,111,0,111,231
04/26/2010,OLM,WA,ANM,WE,Federal Contract Tower,0,3,1,0,4,0,1,39,1,41,0,4,40,1,45,16,0,16,61
04/27/2010,OLM,WA,ANM,WE,Federal Contract Tower,0,4,11,4,19,0,2,24,2,28,0,6,35,6,47,43,0,43,90
04/28/2010,OLM,WA,ANM,WE,Federal Contract Tower,0,4,3,2,9,2,21,0,0,23,2,25,3,2,32,34,0,34,66
04/29/2010,OLM,WA,ANM,WE,Federal Contract Tower,0,4,16,6,26,0,0,55,0,55,0,4,71,6,81,51,0,51,132
04/30/2010,OLM,WA,ANM,WE,Federal Contract Tower,0,4,10,0,14,0,3,35,0,38,0,7,45,0,52,62,0,62,114
05/01/2010,OLM,WA,ANM,WE,Federal Contract Tower,0,0,11,0,11,0,2,34,0,36,0,2,45,0,47,42,0,42,89
05/02/2010,OLM,WA,ANM,WE,Federal Contract Tower,0,0,10,0,10,0,3,25,2,30,0,3,35,2,40,31,0,31,71
05/03/2010,OLM,WA,ANM,WE,Federal Contract Tower,0,5,16,0,21,0,2,9,0,11,0,7,25,0,32,8,0,8,40
05/04/2010,OLM,WA,ANM,WE,Federal Contract Tower,0,5,20,3,28,0,0,34,4,38,0,5,54,7,66,98,2,100,166
05/05/2010,OLM,WA,ANM,WE,Federal Contract Tower,0,8,15,0,23,0,4,26,0,30,0,12,41,0,53,86,0,86,139
05/06/2010,OLM,WA,ANM,WE,Federal Contract Tower,0,5,34,4,43,0,5,61,1,67,0,10,95,5,110,119,0,119,229
05/07/2010,OLM,WA,ANM,WE,Federal Contract Tower,0,3,21,2,26,0,0,72,1,73,0,3,93,3,99,38,0,38,137
05/08/2010,OLM,WA,ANM,WE,Federal Contract Tower,0,1,13,0,14,0,4,96,0,100,0,5,109,0,114,50,0,50,164
05/09/2010,OLM,WA,ANM,WE,Federal Contract Tower,0,0,6,0,6,0,1,77,0,78,0,1,83,0,84,10,0,10,94
05/10/2010,OLM,WA,ANM,WE,Federal Contract Tower,0,3,38,0,41,0,1,35,0,36,0,4,73,0,77,47,0,47,124
05/11/2010,OLM,WA,ANM,WE,Federal Contract Tower,0,6,24,0,30,0,3,54,0,57,0,9,78,0,87,99,0,99,186
05/12/2010,OLM,WA,ANM,WE,Federal Contract Tower,0,5,28,0,33,0,0,60,0,60,0,5,88,0,93,64,0,64,157
05/13/2010,OLM,WA,ANM,WE,Federal Contract Tower,0,8,22,0,30,0,3,112,0,115,0,11,134,0,145,74,0,74,219
05/14/2010,OLM,WA,ANM,WE,Federal Contract Tower,0,3,18,2,23,0,4,105,1,110,0,7,123,3,133,65,0,65,198
05/15/2010,OLM,WA,ANM,WE,Federal Contract Tower,0,0,23,0,23,0,1,100,6,107,0,1,123,6,130,92,0,92,222
05/16/2010,OLM,WA,ANM,WE,Federal Contract Tower,0,0,18,0,18,0,0,123,2,125,0,0,141,2,143,80,0,80,223
05/17/2010,OLM,WA,ANM,WE,Federal Contract Tower,0,3,24,4,31,0,3,66,0,69,0,6,90,4,100,41,0,41,141
05/18/2010,OLM,WA,ANM,WE,Federal Contract Tower,0,5,11,2,18,0,0,14,0,14,0,5,25,2,32,70,0,70,102
05/19/2010,OLM,WA,ANM,WE,Federal Contract Tower,0,4,11,4,19,0,0,21,0,21,0,4,32,4,40,8,0,8,48
05/20/2010,OLM,WA,ANM,WE,Federal Contract Tower,0,6,11,0,17,0,2,7,0,9,0,8,18,0,26,0,0,0,26
05/21/2010,OLM,WA,ANM,WE,Federal Contract Tower,0,4,23,2,29,0,4,33,2,39,0,8,56,4,68,48,0,48,116
05/22/2010,OLM,WA,ANM,WE,Federal Contract Tower,0,0,13,0,13,0,0,84,0,84,0,0,97,0,97,122,0,122,219
05/23/2010,OLM,WA,ANM,WE,Federal Contract Tower,0,1,9,0,10,0,1,62,2,65,0,2,71,2,75,118,0,118,193
05/24/2010,OLM,WA,ANM,WE,Federal Contract Tower,0,3,28,2,33,0,1,85,0,86,0,4,113,2,119,101,0,101,220
05/25/2010,OLM,WA,ANM,WE,Federal Contract Tower,0,6,22,4,32,0,3,45,0,48,0,9,67,4,80,123,0,123,203
05/26/2010,OLM,WA,ANM,WE,Federal Contract Tower,0,5,13,1,19,0,3,10,0,13,0,8,23,1,32,9,0,9,41
05/27/2010,OLM,WA,ANM,WE,Federal Contract Tower,0,5,12,1,18,0,2,35,2,39,0,7,47,3,57,90,0,90,147
05/28/2010,OLM,WA,ANM,WE,Federal Contract Tower,0,1,7,0,8,0,0,9,0,9,0,1,16,0,17,34,0,34,51
05/29/2010,OLM,WA,ANM,WE,Federal Contract Tower,0,0,24,0,24,0,2,36,1,39,0,2,60,1,63,125,0,125,188
05/30/2010,OLM,WA,ANM,WE,Federal Contract Tower,0,1,10,0,11,0,0,38,0,38,0,1,48,0,49,36,0,36,85
05/31/2010,OLM,WA,ANM,WE,Federal Contract Tower,0,0,12,0,12,0,0,59,0,59,0,0,71,0,71,53,0,53,124
06/01/2010,OLM,WA,ANM,WE,Federal Contract Tower,0,7,34,0,41,0,2,64,2,68,0,9,98,2,109,121,0,121,230
06/02/2010,OLM,WA,ANM,WE,Federal Contract Tower,0,10,21,2,33,0,2,12,0,14,0,12,33,2,47,28,0,28,75
06/03/2010,OLM,WA,ANM,WE,Federal Contract Tower,0,5,22,3,30,0,6,81,4,91,0,11,103,7,121,108,7,115,236
06/04/2010,OLM,WA,ANM,WE,Federal Contract Tower,0,4,11,0,15,0,1,26,2,29,0,5,37,2,44,34,0,34,78
06/05/2010,OLM,WA,ANM,WE,Federal Contract Tower,0,0,30,1,31,0,3,144,1,148,0,3,174,2,179,142,6,148,327
06/06/2010,OLM,WA,ANM,WE,Federal Contract Tower,0,1,6,1,8,0,1,1,1,3,0,2,7,2,11,0,0,0,11
06/07/2010,OLM,WA,ANM,WE,Federal Contract Tower,0,5,17,2,24,0,1,76,0,77,0,6,93,2,101,39,0,39,140
06/08/2010,OLM,WA,ANM,WE,Federal Contract Tower,0,5,30,0,35,0,1,106,2,109,0,6,136,2,144,84,0,84,228
06/09/2010,OLM,WA,ANM,WE,Federal Contract Tower,0,14,14,0,28,0,5,10,6,21,0,19,24,6,49,12,0,12,61
06/10/2010,OLM,WA,ANM,WE,Federal Contract Tower,0,7,19,2,28,0,3,4,0,7,0,10,23,2,35,36,0,36,71
06/11/2010,OLM,WA,ANM,WE,Federal Contract Tower,0,10,39,2,51,0,7,73,1,81,0,17,112,3,132,214,0,214,346
06/12/2010,OLM,WA,ANM,WE,Federal Contract Tower,0,1,13,0,14,0,6,205,3,214,0,7,218,3,228,192,0,192,420
06/13/2010,OLM,WA,ANM,WE,Federal Contract Tower,0,0,9,0,9,0,0,189,0,189,0,0,198,0,198,180,0,180,378
06/14/2010,OLM,WA,ANM,WE,Federal Contract Tower,0,5,9,6,20,0,10,114,9,133,0,15,123,15,153,57,8,65,218
06/15/2010,OLM,WA,ANM,WE,Federal Contract Tower,0,3,13,0,16,0,4,55,9,68,0,7,68,9,84,87,0,87,171
06/16/2010,OLM,WA,ANM,WE,Federal Contract Tower,0,9,24,0,33,0,1,52,1,54,0,10,76,1,87,42,0,42,129
06/17/2010,OLM,WA,ANM,WE,Federal Contract Tower,0,5,19,0,24,0,2,72,3,77,0,7,91,3,101,138,10,148,249
06/18/2010,OLM,WA,ANM,WE,Federal Contract Tower,0,1,22,4,27,0,1,267,187,455,0,2,289,191,482,119,210,329,811
06/19/2010,OLM,WA,ANM,WE,Federal Contract Tower,0,0,16,0,16,0,2,59,96,157,0,2,75,96,173,100,141,241,414
06/20/2010,OLM,WA,ANM,WE,Federal Contract Tower,0,1,11,2,14,0,2,101,108,211,0,3,112,110,225,234,226,460,685
06/21/2010,OLM,WA,ANM,WE,Federal Contract Tower,0,5,22,1,28,0,4,74,4,82,0,9,96,5,110,108,0,108,218
06/22/2010,OLM,WA,ANM,WE,Federal Contract Tower,0,4,19,0,23,0,2,129,9,140,0,6,148,9,163,88,0,88,251
06/23/2010,OLM,WA,ANM,WE,Federal Contract Tower,0,4,12,0,16,0,4,96,0,100,0,8,108,0,116,60,0,60,176
06/24/2010,OLM,WA,ANM,WE,Federal Contract Tower,0,4,23,0,27,0,2,80,2,84,0,6,103,2,111,57,0,57,168
06/25/2010,OLM,WA,ANM,WE,Federal Contract Tower,0,2,19,0,21,0,2,77,0,79,0,4,96,0,100,93,2,95,195
06/26/2010,OLM,WA,ANM,WE,Federal Contract Tower,0,0,27,0,27,0,4,128,3,135,0,4,155,3,162,152,0,152,314
06/27/2010,OLM,WA,ANM,WE,Federal Contract Tower,0,0,21,0,21,0,9,94,0,103,0,9,115,0,124,80,0,80,204
06/28/2010,OLM,WA,ANM,WE,Federal Contract Tower,0,1,14,0,15,0,5,90,0,95,0,6,104,0,110,32,0,32,142
06/29/2010,OLM,WA,ANM,WE,Federal Contract Tower,0,2,4,9,15,0,3,50,1,54,0,5,54,10,69,70,0,70,139
06/30/2010,OLM,WA,ANM,WE,Federal Contract Tower,0,0,9,6,15,0,5,59,0,64,0,5,68,6,79,95,0,95,174
07/01/2010,OLM,WA,ANM,WE,Federal Contract Tower,0,2,18,2,22,0,5,56,3,64,0,7,74,5,86,124,0,124,210
07/02/2010,OLM,WA,ANM,WE,Federal Contract Tower,0,2,27,0,29,0,4,62,0,66,0,6,89,0,95,119,0,119,214
07/03/2010,OLM,WA,ANM,WE,Federal Contract Tower,0,0,17,0,17,0,2,62,0,64,0,2,79,0,81,70,0,70,151
07/04/2010,OLM,WA,ANM,WE,Federal Contract Tower,0,0,16,0,16,0,2,39,0,41,0,2,55,0,57,50,0,50,107
07/05/2010,OLM,WA,ANM,WE,Federal Contract Tower,0,0,32,0,32,0,4,78,0,82,0,4,110,0,114,50,0,50,164
07/06/2010,OLM,WA,ANM,WE,Federal Contract Tower,0,5,27,0,32,0,4,127,13,144,0,9,154,13,176,123,18,141,317
07/07/2010,OLM,WA,ANM,WE,Federal Contract Tower,0,4,15,4,23,0,0,128,4,132,0,4,143,8,155,134,0,134,289
07/08/2010,OLM,WA,ANM,WE,Federal Contract Tower,0,8,3,0,11,0,4,81,6,91,0,12,84,6,102,48,0,48,150
07/09/2010,OLM,WA,ANM,WE,Federal Contract Tower,0,3,11,0,14,0,5,99,0,104,0,8,110,0,118,58,0,58,176
07/10/2010,OLM,WA,ANM,WE,Federal Contract Tower,0,0,12,0,12,0,0,98,9,107,0,0,110,9,119,60,10,70,189
07/11/2010,OLM,WA,ANM,WE,Federal Contract Tower,0,1,24,0,25,0,0,83,0,83,0,1,107,0,108,64,0,64,172
07/12/2010,OLM,WA,ANM,WE,Federal Contract Tower,0,4,25,4,33,0,2,92,4,98,0,6,117,8,131,70,2,72,203
07/13/2010,OLM,WA,ANM,WE,Federal Contract Tower,0,8,21,0,29,0,2,120,2,124,0,10,141,2,153,93,0,93,246
07/14/2010,OLM,WA,ANM,WE,Federal Contract Tower,0,4,19,2,25,0,1,105,5,111,0,5,124,7,136,155,0,155,291
07/15/2010,OLM,WA,ANM,WE,Federal Contract Tower,0,5,3,0,8,0,3,126,40,169,0,8,129,40,177,51,0,51,228
07/16/2010,OLM,WA,ANM,WE,Federal Contract Tower,0,3,11,4,18,0,2,60,5,67,0,5,71,9,85,48,10,58,143
07/17/2010,OLM,WA,ANM,WE,Federal Contract Tower,0,0,29,0,29,0,2,85,0,87,0,2,114,0,116,52,0,52,168
07/18/2010,OLM,WA,ANM,WE,Federal Contract Tower,0,0,16,0,16,0,2,74,0,76,0,2,90,0,92,135,0,135,227
07/19/2010,OLM,WA,ANM,WE,Federal Contract Tower,0,3,25,0,28,0,1,73,0,74,0,4,98,0,102,95,0,95,197
07/20/2010,OLM,WA,ANM,WE,Federal Contract Tower,0,6,18,8,32,0,2,106,15,123,0,8,124,23,155,121,0,121,276
07/21/2010,OLM,WA,ANM,WE,Federal Contract Tower,0,5,8,4,17,0,1,97,0,98,0,6,105,4,115,47,0,47,162
07/22/2010,OLM,WA,ANM,WE,Federal Contract Tower,0,5,13,1,19,0,2,43,0,45,0,7,56,1,64,10,0,10,74
07/23/2010,OLM,WA,ANM,WE,Federal Contract Tower,0,5,18,0,23,0,1,94,6,101,0,6,112,6,124,34,0,34,158
07/24/2010,OLM,WA,ANM,WE,Federal Contract Tower,0,0,3,0,3,0,1,116,0,117,0,1,119,0,120,40,0,40,160
07/25/2010,OLM,WA,ANM,WE,Federal Contract Tower,0,3,14,0,17,0,3,95,0,98,0,6,109,0,115,36,0,36,151
07/26/2010,OLM,WA,ANM,WE,Federal Contract Tower,0,3,13,0,16,0,1,109,0,110,0,4,122,0,126,80,0,80,206
07/27/2010,OLM,WA,ANM,WE,Federal Contract Tower,0,7,12,0,19,0,4,92,1,97,0,11,104,1,116,92,0,92,208
07/28/2010,OLM,WA,ANM,WE,Federal Contract Tower,0,5,15,1,21,0,3,64,1,68,0,8,79,2,89,48,0,48,137
07/29/2010,OLM,WA,ANM,WE,Federal Contract Tower,0,5,24,0,29,0,6,100,4,110,0,11,124,4,139,78,0,78,217
07/30/2010,OLM,WA,ANM,WE,Federal Contract Tower,0,4,26,0,30,0,2,98,0,100,0,6,124,0,130,56,0,56,186
07/31/2010,OLM,WA,ANM,WE,Federal Contract Tower,0,0,16,0,16,0,2,39,0,41,0,2,55,0,57,49,0,49,106
08/01/2010,OLM,WA,ANM,WE,Federal Contract Tower,0,2,9,0,11,0,3,72,0,75,0,5,81,0,86,50,0,50,136
08/02/2010,OLM,WA,ANM,WE,Federal Contract Tower,0,3,14,0,17,0,3,81,1,85,0,6,95,1,102,50,0,50,152
08/03/2010,OLM,WA,ANM,WE,Federal Contract Tower,0,5,22,2,29,0,2,100,0,102,0,7,122,2,131,60,0,60,191
08/04/2010,OLM,WA,ANM,WE,Federal Contract Tower,0,5,24,0,29,0,1,79,4,84,0,6,103,4,113,53,0,53,166
08/05/2010,OLM,WA,ANM,WE,Federal Contract Tower,0,5,13,4,22,0,4,67,2,73,0,9,80,6,95,40,0,40,135
08/06/2010,OLM,WA,ANM,WE,Federal Contract Tower,0,3,15,0,18,0,7,46,0,53,0,10,61,0,71,22,0,22,93
08/07/2010,OLM,WA,ANM,WE,Federal Contract Tower,0,4,11,0,15,0,2,12,0,14,0,6,23,0,29,22,0,22,51
08/08/2010,OLM,WA,ANM,WE,Federal Contract Tower,0,1,19,0,20,0,0,20,4,24,0,1,39,4,44,28,0,28,72
08/09/2010,OLM,WA,ANM,WE,Federal Contract Tower,0,5,13,2,20,0,4,91,0,95,0,9,104,2,115,53,0,53,168
08/10/2010,OLM,WA,ANM,WE,Federal Contract Tower,0,8,22,10,40,0,3,89,6,98,0,11,111,16,138,157,0,157,295
08/11/2010,OLM,WA,ANM,WE,Federal Contract Tower,0,5,22,2,29,0,1,91,5,97,0,6,113,7,126,56,0,56,182
08/12/2010,OLM,WA,ANM,WE,Federal Contract Tower,0,5,27,0,32,0,5,97,0,102,0,10,124,0,134,56,0,56,190
08/13/2010,OLM,WA,ANM,WE,Federal Contract Tower,0,4,12,0,16,0,6,81,3,90,0,10,93,3,106,92,0,92,198
08/14/2010,OLM,WA,ANM,WE,Federal Contract Tower,0,0,8,0,8,0,6,74,0,80,0,6,82,0,88,18,0,18,106
08/15/2010,OLM,WA,ANM,WE,Federal Contract Tower,0,0,7,0,7,0,2,80,0,82,0,2,87,0,89,14,0,14,103
08/16/2010,OLM,WA,ANM,WE,Federal Contract Tower,0,4,11,0,15,0,4,64,8,76,0,8,75,8,91,68,0,68,159
08/17/2010,OLM,WA,ANM,WE,Federal Contract Tower,0,4,7,4,15,0,4,83,28,115,0,8,90,32,130,87,0,87,217
08/18/2010,OLM,WA,ANM,WE,Federal Contract Tower,0,6,17,2,25,0,4,68,0,72,0,10,85,2,97,12,0,12,109
08/19/2010,OLM,WA,ANM,WE,Federal Contract Tower,0,5,19,4,28,0,1,79,18,98,0,6,98,22,126,92,0,92,218
08/20/2010,OLM,WA,ANM,WE,Federal Contract Tower,0,2,18,0,20,0,2,103,0,105,0,4,121,0,125,86,0,86,211
08/21/2010,OLM,WA,ANM,WE,Federal Contract Tower,0,0,7,0,7,0,3,88,0,91,0,3,95,0,98,27,0,27,125
08/22/2010,OLM,WA,ANM,WE,Federal Contract Tower,0,0,16,0,16,0,3,35,0,38,0,3,51,0,54,2,0,2,56
08/23/2010,OLM,WA,ANM,WE,Federal Contract Tower,0,3,14,0,17,0,1,57,0,58,0,4,71,0,75,16,0,16,91
08/24/2010,OLM,WA,ANM,WE,Federal Contract Tower,0,5,7,0,12,0,0,100,3,103,0,5,107,3,115,101,0,101,216
08/25/2010,OLM,WA,ANM,WE,Federal Contract Tower,0,5,15,0,20,0,1,89,1,91,0,6,104,1,111,86,0,86,197
08/26/2010,OLM,WA,ANM,WE,Federal Contract Tower,0,5,13,6,24,0,2,42,0,44,0,7,55,6,68,34,0,34,102
08/27/2010,OLM,WA,ANM,WE,Federal Contract Tower,0,2,22,0,24,0,3,86,3,92,0,5,108,3,116,76,0,76,192
08/28/2010,OLM,WA,ANM,WE,Federal Contract Tower,0,0,12,0,12,0,2,103,0,105,0,2,115,0,117,68,0,68,185
08/29/2010,OLM,WA,ANM,WE,Federal Contract Tower,0,0,9,0,9,0,2,89,0,91,0,2,98,0,100,55,0,55,155
08/30/2010,OLM,WA,ANM,WE,Federal Contract Tower,0,3,13,3,19,0,2,71,0,73,0,5,84,3,92,42,0,42,134
08/31/2010,OLM,WA,ANM,WE,Federal Contract Tower,0,6,6,2,14,0,0,8,0,8,0,6,14,2,22,0,0,0,22
09/01/2010,OLM,WA,ANM,WE,Federal Contract Tower,0,7,17,2,26,0,0,41,1,42,0,7,58,3,68,32,0,32,100
09/02/2010,OLM,WA,ANM,WE,Federal Contract Tower,0,4,25,0,29,0,6,84,3,93,0,10,109,3,122,29,0,29,151
09/03/2010,OLM,WA,ANM,WE,Federal Contract Tower,0,3,18,0,21,0,5,97,0,102,0,8,115,0,123,39,0,39,162
09/04/2010,OLM,WA,ANM,WE,Federal Contract Tower,0,0,6,0,6,0,0,57,0,57,0,0,63,0,63,28,0,28,91
09/05/2010,OLM,WA,ANM,WE,Federal Contract Tower,0,0,12,0,12,0,2,48,0,50,0,2,60,0,62,28,0,28,90
09/06/2010,OLM,WA,ANM,WE,Federal Contract Tower,0,2,25,0,27,0,2,42,0,44,0,4,67,0,71,51,0,51,122
09/07/2010,OLM,WA,ANM,WE,Federal Contract Tower,0,5,18,1,24,0,0,50,0,50,0,5,68,1,74,106,0,106,180
09/08/2010,OLM,WA,ANM,WE,Federal Contract Tower,0,7,24,4,35,0,2,28,3,33,0,9,52,7,68,34,0,34,102
09/09/2010,OLM,WA,ANM,WE,Federal Contract Tower,0,5,53,0,58,0,2,83,0,85,0,7,136,0,143,52,0,52,195
09/10/2010,OLM,WA,ANM,WE,Federal Contract Tower,0,4,32,0,36,0,1,61,2,64,0,5,93,2,100,121,0,121,221
09/11/2010,OLM,WA,ANM,WE,Federal Contract Tower,0,0,27,0,27,0,2,88,0,90,0,2,115,0,117,97,0,97,214
09/12/2010,OLM,WA,ANM,WE,Federal Contract Tower,0,0,12,0,12,0,0,29,0,29,0,0,41,0,41,22,0,22,63
09/13/2010,OLM,WA,ANM,WE,Federal Contract Tower,0,3,24,2,29,0,2,69,0,71,0,5,93,2,100,50,0,50,150
09/14/2010,OLM,WA,ANM,WE,Federal Contract Tower,0,8,47,0,55,0,2,46,0,48,0,10,93,0,103,30,0,30,133
09/15/2010,OLM,WA,ANM,WE,Federal Contract Tower,0,8,19,0,27,0,0,46,2,48,0,8,65,2,75,18,0,18,93
09/16/2010,OLM,WA,ANM,WE,Federal Contract Tower,0,7,29,0,36,0,0,0,0,0,0,7,29,0,36,0,0,0,36
09/17/2010,OLM,WA,ANM,WE,Federal Contract Tower,0,3,15,0,18,0,2,8,0,10,0,5,23,0,28,36,0,36,64
09/18/2010,OLM,WA,ANM,WE,Federal Contract Tower,0,0,20,0,20,0,0,40,1,41,0,0,60,1,61,37,0,37,98
09/19/2010,OLM,WA,ANM,WE,Federal Contract Tower,0,0,1,0,1,0,4,19,0,23,0,4,20,0,24,20,0,20,44
09/20/2010,OLM,WA,ANM,WE,Federal Contract Tower,0,4,10,0,14,0,4,41,0,45,0,8,51,0,59,0,8,8,67
09/21/2010,OLM,WA,ANM,WE,Federal Contract Tower,0,5,22,0,27,0,8,63,0,71,0,13,85,0,98,55,4,59,157
09/22/2010,OLM,WA,ANM,WE,Federal Contract Tower,0,5,16,2,23,0,0,79,4,83,0,5,95,6,106,58,0,58,164
09/23/2010,OLM,WA,ANM,WE,Federal Contract Tower,0,5,17,0,22,0,3,14,0,17,0,8,31,0,39,40,6,46,85
09/24/2010,OLM,WA,ANM,WE,Federal Contract Tower,0,3,12,0,15,0,4,52,0,56,0,7,64,0,71,32,0,32,103
09/25/2010,OLM,WA,ANM,WE,Federal Contract Tower,0,0,14,0,14,0,2,130,0,132,0,2,144,0,146,56,0,56,202
09/26/2010,OLM,WA,ANM,WE,Federal Contract Tower,0,0,15,0,15,0,0,4,0,4,0,0,19,0,19,10,0,10,29
09/27/2010,OLM,WA,ANM,WE,Federal Contract Tower,0,3,12,4,19,0,1,42,0,43,0,4,54,4,62,40,0,40,102
09/28/2010,OLM,WA,ANM,WE,Federal Contract Tower,0,8,23,0,31,0,1,48,0,49,0,9,71,0,80,44,0,44,124
09/29/2010,OLM,WA,ANM,WE,Federal Contract Tower,0,6,24,2,32,0,0,42,2,44,0,6,66,4,76,57,0,57,133
09/30/2010,OLM,WA,ANM,WE,Federal Contract Tower,0,5,26,0,31,0,2,108,4,114,0,7,134,4,145,82,22,104,249
10/01/2010,OLM,WA,ANM,WE,Federal Contract Tower,0,8,25,4,37,0,6,56,3,65,0,14,81,7,102,141,0,141,243
10/02/2010,OLM,WA,ANM,WE,Federal Contract Tower,0,1,21,0,22,0,3,60,4,67,0,4,81,4,89,150,0,150,239
10/03/2010,OLM,WA,ANM,WE,Federal Contract Tower,0,0,25,0,25,0,0,38,0,38,0,0,63,0,63,42,0,42,105
10/04/2010,OLM,WA,ANM,WE,Federal Contract Tower,0,3,24,0,27,0,2,34,0,36,0,5,58,0,63,36,0,36,99
10/05/2010,OLM,WA,ANM,WE,Federal Contract Tower,0,3,18,0,21,0,0,71,0,71,0,3,89,0,92,41,0,41,133
10/06/2010,OLM,WA,ANM,WE,Federal Contract Tower,0,10,28,0,38,0,2,74,2,78,0,12,102,2,116,116,0,116,232
10/07/2010,OLM,WA,ANM,WE,Federal Contract Tower,0,7,11,18,36,0,0,35,4,39,0,7,46,22,75,54,3,57,132
10/08/2010,OLM,WA,ANM,WE,Federal Contract Tower,0,2,28,0,30,0,1,39,2,42,0,3,67,2,72,66,0,66,138
10/09/2010,OLM,WA,ANM,WE,Federal Contract Tower,0,1,17,0,18,0,2,5,0,7,0,3,22,0,25,8,0,8,33
10/10/2010,OLM,WA,ANM,WE,Federal Contract Tower,0,0,10,0,10,0,1,29,0,30,0,1,39,0,40,52,0,52,92
10/11/2010,OLM,WA,ANM,WE,Federal Contract Tower,0,3,13,0,16,0,6,53,0,59,0,9,66,0,75,72,0,72,147
10/12/2010,OLM,WA,ANM,WE,Federal Contract Tower,0,5,17,6,28,0,1,64,6,71,0,6,81,12,99,72,0,72,171
10/13/2010,OLM,WA,ANM,WE,Federal Contract Tower,0,3,17,8,28,0,3,64,2,69,0,6,81,10,97,54,0,54,151
10/14/2010,OLM,WA,ANM,WE,Federal Contract Tower,0,5,14,5,24,0,1,51,1,53,0,6,65,6,77,62,12,74,151
10/15/2010,OLM,WA,ANM,WE,Federal Contract Tower,0,5,13,0,18,0,0,56,2,58,0,5,69,2,76,88,0,88,164
10/16/2010,OLM,WA,ANM,WE,Federal Contract Tower,0,1,11,0,12,0,2,68,0,70,0,3,79,0,82,52,0,52,134
10/17/2010,OLM,WA,ANM,WE,Federal Contract Tower,0,4,5,0,9,0,4,54,0,58,0,8,59,0,67,0,0,0,67
10/18/2010,OLM,WA,ANM,WE,Federal Contract Tower,0,5,9,0,14,0,2,40,0,42,0,7,49,0,56,35,0,35,91
10/19/2010,OLM,WA,ANM,WE,Federal Contract Tower,0,6,18,4,28,0,2,40,2,44,0,8,58,6,72,78,0,78,150
10/20/2010,OLM,WA,ANM,WE,Federal Contract Tower,0,6,17,0,23,0,3,68,0,71,0,9,85,0,94,101,0,101,195
10/21/2010,OLM,WA,ANM,WE,Federal Contract Tower,0,5,9,2,16,0,3,39,2,44,0,8,48,4,60,24,0,24,84
10/22/2010,OLM,WA,ANM,WE,Federal Contract Tower,0,4,9,0,13,0,1,38,0,39,0,5,47,0,52,111,0,111,163
10/23/2010,OLM,WA,ANM,WE,Federal Contract Tower,0,2,8,0,10,0,0,31,0,31,0,2,39,0,41,92,0,92,133
10/24/2010,OLM,WA,ANM,WE,Federal Contract Tower,0,0,5,0,5,0,2,3,0,5,0,2,8,0,10,0,0,0,10
10/25/2010,OLM,WA,ANM,WE,Federal Contract Tower,0,4,4,0,8,0,1,4,0,5,0,5,8,0,13,40,0,40,53
10/26/2010,OLM,WA,ANM,WE,Federal Contract Tower,0,6,14,2,22,0,1,17,0,18,0,7,31,2,40,94,0,94,134
10/27/2010,OLM,WA,ANM,WE,Federal Contract Tower,0,7,22,5,34,0,3,70,3,76,0,10,92,8,110,121,0,121,231
10/28/2010,OLM,WA,ANM,WE,Federal Contract Tower,0,5,11,4,20,0,2,36,0,38,0,7,47,4,58,68,0,68,126
10/29/2010,OLM,WA,ANM,WE,Federal Contract Tower,0,4,19,0,23,0,0,55,0,55,0,4,74,0,78,69,0,69,147
10/30/2010,OLM,WA,ANM,WE,Federal Contract Tower,0,0,10,0,10,0,0,16,0,16,0,0,26,0,26,38,0,38,64
10/31/2010,OLM,WA,ANM,WE,Federal Contract Tower,0,0,16,0,16,0,3,35,0,38,0,3,51,0,54,40,0,40,94
11/01/2010,OLM,WA,ANM,WE,Federal Contract Tower,0,3,8,0,11,0,0,2,0,2,0,3,10,0,13,90,0,90,103
11/02/2010,OLM,WA,ANM,WE,Federal Contract Tower,0,4,29,2,35,0,2,54,0,56,0,6,83,2,91,76,0,76,167
11/03/2010,OLM,WA,ANM,WE,Federal Contract Tower,0,5,18,4,27,0,0,87,13,100,0,5,105,17,127,151,0,151,278
11/04/2010,OLM,WA,ANM,WE,Federal Contract Tower,0,6,20,6,32,0,1,85,6,92,0,7,105,12,124,130,13,143,267
11/05/2010,OLM,WA,ANM,WE,Federal Contract Tower,0,5,35,0,40,0,0,5,0,5,0,5,40,0,45,62,0,62,107
11/06/2010,OLM,WA,ANM,WE,Federal Contract Tower,0,0,19,2,21,0,0,14,0,14,0,0,33,2,35,64,0,64,99
11/07/2010,OLM,WA,ANM,WE,Federal Contract Tower,0,0,12,0,12,0,3,37,0,40,0,3,49,0,52,66,0,66,118
11/08/2010,OLM,WA,ANM,WE,Federal Contract Tower,0,5,4,2,11,0,2,35,0,37,0,7,39,2,48,36,0,36,84
11/09/2010,OLM,WA,ANM,WE,Federal Contract Tower,0,7,25,0,32,0,1,20,2,23,0,8,45,2,55,100,0,100,155
11/10/2010,OLM,WA,ANM,WE,Federal Contract Tower,0,4,26,2,32,0,2,78,0,80,0,6,104,2,112,56,0,56,168
11/11/2010,OLM,WA,ANM,WE,Federal Contract Tower,0,7,26,0,33,0,2,39,1,42,0,9,65,1,75,58,0,58,133
11/12/2010,OLM,WA,ANM,WE,Federal Contract Tower,0,4,20,0,24,0,0,63,0,63,0,4,83,0,87,56,0,56,143
11/13/2010,OLM,WA,ANM,WE,Federal Contract Tower,0,1,21,0,22,0,0,7,0,7,0,1,28,0,29,2,0,2,31
11/14/2010,OLM,WA,ANM,WE,Federal Contract Tower,0,0,4,0,4,0,0,6,0,6,0,0,10,0,10,38,0,38,48
11/15/2010,OLM,WA,ANM,WE,Federal Contract Tower,0,3,7,2,12,0,0,2,0,2,0,3,9,2,14,30,0,30,44
11/16/2010,OLM,WA,ANM,WE,Federal Contract Tower,0,7,16,0,23,0,3,32,0,35,0,10,48,0,58,32,0,32,90
11/17/2010,OLM,WA,ANM,WE,Federal Contract Tower,0,8,1,0,9,0,0,4,0,4,0,8,5,0,13,14,0,14,27
11/18/2010,OLM,WA,ANM,WE,Federal Contract Tower,0,6,11,0,17,0,2,26,0,28,0,8,37,0,45,58,0,58,103
11/19/2010,OLM,WA,ANM,WE,Federal Contract Tower,0,3,18,5,26,0,1,30,2,33,0,4,48,7,59,102,0,102,161
11/20/2010,OLM,WA,ANM,WE,Federal Contract Tower,0,0,9,0,9,0,3,49,0,52,0,3,58,0,61,175,0,175,236
11/21/2010,OLM,WA,ANM,WE,Federal Contract Tower,0,1,0,0,1,0,0,15,0,15,0,1,15,0,16,18,0,18,34
11/22/2010,OLM,WA,ANM,WE,Federal Contract Tower,0,1,1,0,2,0,0,0,0,0,0,1,1,0,2,0,0,0,2
11/23/2010,OLM,WA,ANM,WE,Federal Contract Tower,0,0,17,2,19,0,3,31,0,34,0,3,48,2,53,22,0,22,75
11/24/2010,OLM,WA,ANM,WE,Federal Contract Tower,0,0,9,0,9,0,0,26,0,26,0,0,35,0,35,12,0,12,47
11/25/2010,OLM,WA,ANM,WE,Federal Contract Tower,0,0,1,0,1,0,0,0,0,0,0,0,1,0,1,0,0,0,1
11/26/2010,OLM,WA,ANM,WE,Federal Contract Tower,0,0,8,0,8,0,0,22,0,22,0,0,30,0,30,40,8,48,78
11/27/2010,OLM,WA,ANM,WE,Federal Contract Tower,0,0,2,0,2,0,2,13,0,15,0,2,15,0,17,90,0,90,107
11/28/2010,OLM,WA,ANM,WE,Federal Contract Tower,0,0,10,0,10,0,2,20,0,22,0,2,30,0,32,48,0,48,80
11/29/2010,OLM,WA,ANM,WE,Federal Contract Tower,0,3,8,0,11,0,1,21,0,22,0,4,29,0,33,34,0,34,67
11/30/2010,OLM,WA,ANM,WE,Federal Contract Tower,0,7,8,2,17,0,0,2,0,2,0,7,10,2,19,0,0,0,19
12/01/2010,OLM,WA,ANM,WE,Federal Contract Tower,0,5,41,0,46,0,0,0,0,0,0,5,41,0,46,18,0,18,64
12/02/2010,OLM,WA,ANM,WE,Federal Contract Tower,0,4,27,2,33,0,0,13,0,13,0,4,40,2,46,30,0,30,76
12/03/2010,OLM,WA,ANM,WE,Federal Contract Tower,0,4,25,2,31,0,1,43,0,44,0,5,68,2,75,26,0,26,101
12/04/2010,OLM,WA,ANM,WE,Federal Contract Tower,0,0,22,0,22,0,0,76,2,78,0,0,98,2,100,102,0,102,202
12/05/2010,OLM,WA,ANM,WE,Federal Contract Tower,0,0,15,0,15,0,3,59,0,62,0,3,74,0,77,50,0,50,127
12/06/2010,OLM,WA,ANM,WE,Federal Contract Tower,0,6,12,0,18,0,0,62,0,62,0,6,74,0,80,105,0,105,185
12/07/2010,OLM,WA,ANM,WE,Federal Contract Tower,0,7,16,0,23,0,2,17,0,19,0,9,33,0,42,90,0,90,132
12/08/2010,OLM,WA,ANM,WE,Federal Contract Tower,0,6,12,2,20,0,0,21,3,24,0,6,33,5,44,72,0,72,116
12/09/2010,OLM,WA,ANM,WE,Federal Contract Tower,0,8,15,4,27,0,0,183,0,183,0,8,198,4,210,116,0,116,326
12/10/2010,OLM,WA,ANM,WE,Federal Contract Tower,0,4,32,4,40,0,2,42,0,44,0,6,74,4,84,65,0,65,149
12/11/2010,OLM,WA,ANM,WE,Federal Contract Tower,0,0,11,0,11,0,0,3,0,3,0,0,14,0,14,20,0,20,34
12/12/2010,OLM,WA,ANM,WE,Federal Contract Tower,0,0,10,1,11,0,0,0,0,0,0,0,10,1,11,0,0,0,11
12/13/2010,OLM,WA,ANM,WE,Federal Contract Tower,0,7,16,0,23,0,2,2,0,4,0,9,18,0,27,34,0,34,61
12/14/2010,OLM,WA,ANM,WE,Federal Contract Tower,0,5,4,4,13,0,2,13,4,19,0,7,17,8,32,48,0,48,80
12/15/2010,OLM,WA,ANM,WE,Federal Contract Tower,0,10,10,0,20,0,7,21,0,28,0,17,31,0,48,48,0,48,96
12/16/2010,OLM,WA,ANM,WE,Federal Contract Tower,0,5,41,15,61,0,3,19,0,22,0,8,60,15,83,14,0,14,97
12/17/2010,OLM,WA,ANM,WE,Federal Contract Tower,0,3,13,0,16,0,1,39,0,40,0,4,52,0,56,46,0,46,102
12/18/2010,OLM,WA,ANM,WE,Federal Contract Tower,0,0,1,0,1,0,0,8,0,8,0,0,9,0,9,10,0,10,19
12/19/2010,OLM,WA,ANM,WE,Federal Contract Tower,0,0,4,0,4,0,0,41,0,41,0,0,45,0,45,33,9,42,87
12/20/2010,OLM,WA,ANM,WE,Federal Contract Tower,0,1,16,6,23,0,1,17,0,18,0,2,33,6,41,30,0,30,71
12/21/2010,OLM,WA,ANM,WE,Federal Contract Tower,0,0,7,2,9,0,6,34,3,43,0,6,41,5,52,110,0,110,162
12/22/2010,OLM,WA,ANM,WE,Federal Contract Tower,0,0,6,2,8,0,0,29,4,33,0,0,35,6,41,42,0,42,83
12/23/2010,OLM,WA,ANM,WE,Federal Contract Tower,0,0,4,2,6,0,2,11,2,15,0,2,15,4,21,42,0,42,63
12/24/2010,OLM,WA,ANM,WE,Federal Contract Tower,0,0,0,0,0,0,0,17,0,17,0,0,17,0,17,4,0,4,21
12/25/2010,OLM,WA,ANM,WE,Federal Contract Tower,0,0,0,0,0,0,0,0,0,0,0,0,0,0,0,0,0,0,0
12/26/2010,OLM,WA,ANM,WE,Federal Contract Tower,0,1,1,0,2,0,0,0,0,0,0,1,1,0,2,0,0,0,2
12/27/2010,OLM,WA,ANM,WE,Federal Contract Tower,0,3,8,0,11,0,0,8,0,8,0,3,16,0,19,94,0,94,113
12/28/2010,OLM,WA,ANM,WE,Federal Contract Tower,0,0,28,0,28,0,3,26,0,29,0,3,54,0,57,72,0,72,129
12/29/2010,OLM,WA,ANM,WE,Federal Contract Tower,0,0,8,0,8,0,11,27,4,42,0,11,35,4,50,46,0,46,96
12/30/2010,OLM,WA,ANM,WE,Federal Contract Tower,0,0,24,0,24,0,2,61,0,63,0,2,85,0,87,66,0,66,153
12/31/2010,OLM,WA,ANM,WE,Federal Contract Tower,0,0,12,0,12,0,1,66,0,67,0,1,78,0,79,98,0,98,177
01/01/2011,OLM,WA,ANM,WE,Federal Contract Tower,0,0,4,0,4,0,2,39,0,41,0,2,43,0,45,28,0,28,73
01/02/2011,OLM,WA,ANM,WE,Federal Contract Tower,0,0,5,1,6,0,0,48,0,48,0,0,53,1,54,40,0,40,94
01/03/2011,OLM,WA,ANM,WE,Federal Contract Tower,0,3,17,6,26,0,0,52,3,55,0,3,69,9,81,26,0,26,107
01/04/2011,OLM,WA,ANM,WE,Federal Contract Tower,0,5,7,6,18,0,3,40,0,43,0,8,47,6,61,35,0,35,96
01/05/2011,OLM,WA,ANM,WE,Federal Contract Tower,0,6,12,2,20,0,0,2,2,4,0,6,14,4,24,0,24,24,48
01/06/2011,OLM,WA,ANM,WE,Federal Contract Tower,0,4,5,4,13,0,4,9,2,15,0,8,14,6,28,32,0,32,60
01/07/2011,OLM,WA,ANM,WE,Federal Contract Tower,0,3,5,2,10,0,0,8,0,8,0,3,13,2,18,0,0,0,18
01/08/2011,OLM,WA,ANM,WE,Federal Contract Tower,0,0,4,0,4,0,2,45,0,47,0,2,49,0,51,80,0,80,131
01/09/2011,OLM,WA,ANM,WE,Federal Contract Tower,0,0,2,0,2,0,2,5,0,7,0,2,7,0,9,20,0,20,29
01/10/2011,OLM,WA,ANM,WE,Federal Contract Tower,0,2,24,0,26,0,0,18,6,24,0,2,42,6,50,10,0,10,60
01/11/2011,OLM,WA,ANM,WE,Federal Contract Tower,0,4,8,8,20,0,0,44,1,45,0,4,52,9,65,105,6,111,176
01/12/2011,OLM,WA,ANM,WE,Federal Contract Tower,0,8,8,0,16,0,0,0,0,0,0,8,8,0,16,0,0,0,16
01/13/2011,OLM,WA,ANM,WE,Federal Contract Tower,0,7,17,4,28,0,0,2,2,4,0,7,19,6,32,20,0,20,52
01/14/2011,OLM,WA,ANM,WE,Federal Contract Tower,0,4,7,0,11,0,0,0,0,0,0,4,7,0,11,0,0,0,11
01/15/2011,OLM,WA,ANM,WE,Federal Contract Tower,0,1,15,0,16,0,0,8,0,8,0,1,23,0,24,18,0,18,42
01/16/2011,OLM,WA,ANM,WE,Federal Contract Tower,0,0,6,0,6,0,2,0,0,2,0,2,6,0,8,0,0,0,8
01/17/2011,OLM,WA,ANM,WE,Federal Contract Tower,0,3,6,0,9,0,1,15,0,16,0,4,21,0,25,62,0,62,87
01/18/2011,OLM,WA,ANM,WE,Federal Contract Tower,0,8,13,4,25,0,0,10,0,10,0,8,23,4,35,36,0,36,71
01/19/2011,OLM,WA,ANM,WE,Federal Contract Tower,0,8,22,0,30,0,4,107,6,117,0,12,129,6,147,88,0,88,235
01/20/2011,OLM,WA,ANM,WE,Federal Contract Tower,0,12,15,0,27,0,0,12,0,12,0,12,27,0,39,10,0,10,49
01/21/2011,OLM,WA,ANM,WE,Federal Contract Tower,0,8,20,0,28,0,0,0,0,0,0,8,20,0,28,6,0,6,34
01/22/2011,OLM,WA,ANM,WE,Federal Contract Tower,0,0,11,0,11,0,0,52,0,52,0,0,63,0,63,89,0,89,152
01/23/2011,OLM,WA,ANM,WE,Federal Contract Tower,0,2,18,0,20,0,3,16,0,19,0,5,34,0,39,64,0,64,103
01/24/2011,OLM,WA,ANM,WE,Federal Contract Tower,0,5,28,0,33,0,2,28,1,31,0,7,56,1,64,38,2,40,104
01/25/2011,OLM,WA,ANM,WE,Federal Contract Tower,0,6,13,2,21,0,4,22,0,26,0,10,35,2,47,47,0,47,94
01/26/2011,OLM,WA,ANM,WE,Federal Contract Tower,0,7,30,2,39,0,2,99,4,105,0,9,129,6,144,116,0,116,260
01/27/2011,OLM,WA,ANM,WE,Federal Contract Tower,0,11,25,0,36,0,4,63,3,70,0,15,88,3,106,84,0,84,190
01/28/2011,OLM,WA,ANM,WE,Federal Contract Tower,0,3,7,0,10,0,1,17,0,18,0,4,24,0,28,26,0,26,54
01/29/2011,OLM,WA,ANM,WE,Federal Contract Tower,0,2,10,0,12,0,0,3,0,3,0,2,13,0,15,38,0,38,53
01/30/2011,OLM,WA,ANM,WE,Federal Contract Tower,0,0,12,0,12,0,1,37,2,40,0,1,49,2,52,44,4,48,100
01/31/2011,OLM,WA,ANM,WE,Federal Contract Tower,0,3,18,2,23,0,2,25,0,27,0,5,43,2,50,68,0,68,118
02/01/2011,OLM,WA,ANM,WE,Federal Contract Tower,0,7,21,0,28,0,3,82,0,85,0,10,103,0,113,86,4,90,203
02/02/2011,OLM,WA,ANM,WE,Federal Contract Tower,0,4,28,0,32,0,1,99,1,101,0,5,127,1,133,82,0,82,215
02/03/2011,OLM,WA,ANM,WE,Federal Contract Tower,0,6,24,5,35,0,4,44,1,49,0,10,68,6,84,62,0,62,146
02/04/2011,OLM,WA,ANM,WE,Federal Contract Tower,0,3,21,2,26,0,0,5,3,8,0,3,26,5,34,42,0,42,76
02/05/2011,OLM,WA,ANM,WE,Federal Contract Tower,0,0,15,0,15,0,2,24,2,28,0,2,39,2,43,82,0,82,125
02/06/2011,OLM,WA,ANM,WE,Federal Contract Tower,0,2,8,0,10,0,0,0,0,0,0,2,8,0,10,0,0,0,10
02/07/2011,OLM,WA,ANM,WE,Federal Contract Tower,0,4,12,0,16,0,2,20,3,25,0,6,32,3,41,21,8,29,70
02/08/2011,OLM,WA,ANM,WE,Federal Contract Tower,0,7,24,2,33,0,3,51,2,56,0,10,75,4,89,44,0,44,133
02/09/2011,OLM,WA,ANM,WE,Federal Contract Tower,0,5,32,4,41,0,0,93,2,95,0,5,125,6,136,94,0,94,230
02/10/2011,OLM,WA,ANM,WE,Federal Contract Tower,0,5,19,3,27,0,4,86,0,90,0,9,105,3,117,108,0,108,225
02/11/2011,OLM,WA,ANM,WE,Federal Contract Tower,0,3,20,2,25,0,0,53,1,54,0,3,73,3,79,142,0,142,221
02/12/2011,OLM,WA,ANM,WE,Federal Contract Tower,0,0,12,2,14,0,0,6,2,8,0,0,18,4,22,28,0,28,50
02/13/2011,OLM,WA,ANM,WE,Federal Contract Tower,0,0,22,3,25,0,0,30,1,31,0,0,52,4,56,42,0,42,98
02/14/2011,OLM,WA,ANM,WE,Federal Contract Tower,0,3,9,2,14,0,0,10,0,10,0,3,19,2,24,7,0,7,31
02/15/2011,OLM,WA,ANM,WE,Federal Contract Tower,0,4,12,5,21,0,3,9,0,12,0,7,21,5,33,13,0,13,46
02/16/2011,OLM,WA,ANM,WE,Federal Contract Tower,0,8,8,2,18,0,0,8,2,10,0,8,16,4,28,20,0,20,48
02/17/2011,OLM,WA,ANM,WE,Federal Contract Tower,0,5,13,2,20,0,3,17,6,26,0,8,30,8,46,42,0,42,88
02/18/2011,OLM,WA,ANM,WE,Federal Contract Tower,0,0,8,0,8,0,6,48,4,58,0,6,56,4,66,100,0,100,166
02/19/2011,OLM,WA,ANM,WE,Federal Contract Tower,0,0,37,0,37,0,2,103,4,109,0,2,140,4,146,34,0,34,180
02/20/2011,OLM,WA,ANM,WE,Federal Contract Tower,0,0,14,1,15,0,1,63,1,65,0,1,77,2,80,34,0,34,114
02/21/2011,OLM,WA,ANM,WE,Federal Contract Tower,0,0,13,0,13,0,0,52,0,52,0,0,65,0,65,105,0,105,170
02/22/2011,OLM,WA,ANM,WE,Federal Contract Tower,0,5,21,0,26,0,0,20,0,20,0,5,41,0,46,0,0,0,46
02/23/2011,OLM,WA,ANM,WE,Federal Contract Tower,0,5,0,0,5,0,2,0,0,2,0,7,0,0,7,0,0,0,7
02/24/2011,OLM,WA,ANM,WE,Federal Contract Tower,0,0,2,0,2,0,0,2,0,2,0,0,4,0,4,0,0,0,4
02/25/2011,OLM,WA,ANM,WE,Federal Contract Tower,0,2,12,0,14,0,2,60,0,62,0,4,72,0,76,40,0,40,116
02/26/2011,OLM,WA,ANM,WE,Federal Contract Tower,0,0,7,0,7,0,1,29,3,33,0,1,36,3,40,14,0,14,54
02/27/2011,OLM,WA,ANM,WE,Federal Contract Tower,0,2,0,0,2,0,0,0,0,0,0,2,0,0,2,0,0,0,2
02/28/2011,OLM,WA,ANM,WE,Federal Contract Tower,0,3,6,0,9,0,0,5,0,5,0,3,11,0,14,0,0,0,14
03/01/2011,OLM,WA,ANM,WE,Federal Contract Tower,0,12,3,0,15,0,0,0,0,0,0,12,3,0,15,0,0,0,15
03/02/2011,OLM,WA,ANM,WE,Federal Contract Tower,0,9,8,2,19,0,0,10,0,10,0,9,18,2,29,57,0,57,86
03/03/2011,OLM,WA,ANM,WE,Federal Contract Tower,0,5,7,0,12,0,4,21,7,32,0,9,28,7,44,24,0,24,68
03/04/2011,OLM,WA,ANM,WE,Federal Contract Tower,0,3,14,0,17,0,2,46,0,48,0,5,60,0,65,60,0,60,125
03/05/2011,OLM,WA,ANM,WE,Federal Contract Tower,0,0,6,0,6,0,2,50,1,53,0,2,56,1,59,56,0,56,115
03/06/2011,OLM,WA,ANM,WE,Federal Contract Tower,0,0,14,0,14,0,1,53,0,54,0,1,67,0,68,76,0,76,144
03/07/2011,OLM,WA,ANM,WE,Federal Contract Tower,0,3,18,0,21,0,2,43,2,47,0,5,61,2,68,78,0,78,146
03/08/2011,OLM,WA,ANM,WE,Federal Contract Tower,0,8,15,10,33,0,1,13,2,16,0,9,28,12,49,12,0,12,61
03/09/2011,OLM,WA,ANM,WE,Federal Contract Tower,0,7,21,2,30,0,3,2,0,5,0,10,23,2,35,16,0,16,51
03/10/2011,OLM,WA,ANM,WE,Federal Contract Tower,0,4,9,0,13,0,2,8,0,10,0,6,17,0,23,6,0,6,29
03/11/2011,OLM,WA,ANM,WE,Federal Contract Tower,0,2,35,0,37,0,4,70,2,76,0,6,105,2,113,82,0,82,195
03/12/2011,OLM,WA,ANM,WE,Federal Contract Tower,0,0,14,0,14,0,1,25,0,26,0,1,39,0,40,26,0,26,66
03/13/2011,OLM,WA,ANM,WE,Federal Contract Tower,0,1,2,0,3,0,3,13,0,16,0,4,15,0,19,35,0,35,54
03/14/2011,OLM,WA,ANM,WE,Federal Contract Tower,0,3,13,2,18,0,4,17,0,21,0,7,30,2,39,45,0,45,84
03/15/2011,OLM,WA,ANM,WE,Federal Contract Tower,0,5,10,2,17,0,2,11,2,15,0,7,21,4,32,8,0,8,40
03/16/2011,OLM,WA,ANM,WE,Federal Contract Tower,0,5,26,2,33,0,5,9,1,15,0,10,35,3,48,16,0,16,64
03/17/2011,OLM,WA,ANM,WE,Federal Contract Tower,0,7,48,2,57,0,0,46,0,46,0,7,94,2,103,46,0,46,149
03/18/2011,OLM,WA,ANM,WE,Federal Contract Tower,0,3,19,2,24,0,2,54,1,57,0,5,73,3,81,80,0,80,161
03/19/2011,OLM,WA,ANM,WE,Federal Contract Tower,0,2,16,3,21,0,2,76,3,81,0,4,92,6,102,70,0,70,172
03/20/2011,OLM,WA,ANM,WE,Federal Contract Tower,0,1,24,0,25,0,3,71,0,74,0,4,95,0,99,68,0,68,167
03/21/2011,OLM,WA,ANM,WE,Federal Contract Tower,0,3,15,0,18,0,3,12,0,15,0,6,27,0,33,24,0,24,57
03/22/2011,OLM,WA,ANM,WE,Federal Contract Tower,0,13,6,0,19,0,1,55,1,57,0,14,61,1,76,44,0,44,120
03/23/2011,OLM,WA,ANM,WE,Federal Contract Tower,0,9,12,10,31,0,2,104,0,106,0,11,116,10,137,106,0,106,243
03/24/2011,OLM,WA,ANM,WE,Federal Contract Tower,0,8,7,0,15,0,7,52,2,61,0,15,59,2,76,34,0,34,110
03/25/2011,OLM,WA,ANM,WE,Federal Contract Tower,0,5,13,0,18,0,0,69,0,69,0,5,82,0,87,44,0,44,131
03/26/2011,OLM,WA,ANM,WE,Federal Contract Tower,0,0,12,0,12,0,0,23,0,23,0,0,35,0,35,12,0,12,47
03/27/2011,OLM,WA,ANM,WE,Federal Contract Tower,0,0,8,0,8,0,4,22,0,26,0,4,30,0,34,49,0,49,83
03/28/2011,OLM,WA,ANM,WE,Federal Contract Tower,0,3,11,0,14,0,1,44,0,45,0,4,55,0,59,61,0,61,120
03/29/2011,OLM,WA,ANM,WE,Federal Contract Tower,0,6,18,0,24,0,4,15,2,21,0,10,33,2,45,38,0,38,83
03/30/2011,OLM,WA,ANM,WE,Federal Contract Tower,0,8,15,0,23,0,0,0,0,0,0,8,15,0,23,0,0,0,23
03/31/2011,OLM,WA,ANM,WE,Federal Contract Tower,0,7,10,4,21,0,0,17,5,22,0,7,27,9,43,68,0,68,111
04/01/2011,OLM,WA,ANM,WE,Federal Contract Tower,0,8,20,0,28,0,0,0,0,0,0,8,20,0,28,0,0,0,28
04/02/2011,OLM,WA,ANM,WE,Federal Contract Tower,0,1,25,0,26,0,0,33,6,39,0,1,58,6,65,16,0,16,81
04/03/2011,OLM,WA,ANM,WE,Federal Contract Tower,0,0,26,0,26,0,0,56,0,56,0,0,82,0,82,68,0,68,150
04/04/2011,OLM,WA,ANM,WE,Federal Contract Tower,0,3,18,2,23,0,0,1,0,1,0,3,19,2,24,8,0,8,32
04/05/2011,OLM,WA,ANM,WE,Federal Contract Tower,0,1,8,4,13,0,0,17,4,21,0,1,25,8,34,22,0,22,56
04/06/2011,OLM,WA,ANM,WE,Federal Contract Tower,0,7,12,4,23,0,0,34,0,34,0,7,46,4,57,18,0,18,75
04/07/2011,OLM,WA,ANM,WE,Federal Contract Tower,0,7,15,4,26,0,0,38,4,42,0,7,53,8,68,48,0,48,116
04/08/2011,OLM,WA,ANM,WE,Federal Contract Tower,0,4,40,8,52,0,4,128,1,133,0,8,168,9,185,106,18,124,309
04/09/2011,OLM,WA,ANM,WE,Federal Contract Tower,0,2,29,0,31,0,3,63,2,68,0,5,92,2,99,32,0,32,131
04/10/2011,OLM,WA,ANM,WE,Federal Contract Tower,0,0,14,0,14,0,4,13,0,17,0,4,27,0,31,10,0,10,41
04/11/2011,OLM,WA,ANM,WE,Federal Contract Tower,0,3,20,2,25,0,0,15,0,15,0,3,35,2,40,12,0,12,52
04/12/2011,OLM,WA,ANM,WE,Federal Contract Tower,0,6,31,4,41,0,1,60,0,61,0,7,91,4,102,0,0,0,102
04/13/2011,OLM,WA,ANM,WE,Federal Contract Tower,0,5,16,2,23,0,0,15,0,15,0,5,31,2,38,2,0,2,40
04/14/2011,OLM,WA,ANM,WE,Federal Contract Tower,0,10,15,2,27,0,4,9,5,18,0,14,24,7,45,2,0,2,47
04/15/2011,OLM,WA,ANM,WE,Federal Contract Tower,0,11,27,3,41,0,0,6,0,6,0,11,33,3,47,6,0,6,53
04/16/2011,OLM,WA,ANM,WE,Federal Contract Tower,0,4,26,2,32,0,0,49,0,49,0,4,75,2,81,50,0,50,131
04/17/2011,OLM,WA,ANM,WE,Federal Contract Tower,0,0,26,0,26,0,0,76,0,76,0,0,102,0,102,42,0,42,144
04/18/2011,OLM,WA,ANM,WE,Federal Contract Tower,0,3,14,3,20,0,2,49,1,52,0,5,63,4,72,42,0,42,114
04/19/2011,OLM,WA,ANM,WE,Federal Contract Tower,0,5,17,2,24,0,2,39,2,43,0,7,56,4,67,18,2,20,87
04/20/2011,OLM,WA,ANM,WE,Federal Contract Tower,0,6,36,0,42,0,3,56,2,61,0,9,92,2,103,82,0,82,185
04/21/2011,OLM,WA,ANM,WE,Federal Contract Tower,0,4,15,1,20,0,5,63,2,70,0,9,78,3,90,78,0,78,168
04/22/2011,OLM,WA,ANM,WE,Federal Contract Tower,0,3,36,0,39,0,0,116,0,116,0,3,152,0,155,98,0,98,253
04/23/2011,OLM,WA,ANM,WE,Federal Contract Tower,0,0,15,0,15,0,6,128,1,135,0,6,143,1,150,110,0,110,260
04/24/2011,OLM,WA,ANM,WE,Federal Contract Tower,0,0,9,0,9,0,0,8,0,8,0,0,17,0,17,6,0,6,23
04/25/2011,OLM,WA,ANM,WE,Federal Contract Tower,0,2,16,0,18,0,2,2,0,4,0,4,18,0,22,2,0,2,24
04/26/2011,OLM,WA,ANM,WE,Federal Contract Tower,0,5,20,0,25,0,4,31,0,35,0,9,51,0,60,20,0,20,80
04/27/2011,OLM,WA,ANM,WE,Federal Contract Tower,0,3,11,0,14,0,2,36,0,38,0,5,47,0,52,34,0,34,86
04/28/2011,OLM,WA,ANM,WE,Federal Contract Tower,0,5,8,0,13,0,2,20,1,23,0,7,28,1,36,64,0,64,100
04/29/2011,OLM,WA,ANM,WE,Federal Contract Tower,0,5,25,0,30,0,2,65,3,70,0,7,90,3,100,104,0,104,204
04/30/2011,OLM,WA,ANM,WE,Federal Contract Tower,0,0,31,0,31,0,3,72,0,75,0,3,103,0,106,122,0,122,228
05/01/2011,OLM,WA,ANM,WE,Federal Contract Tower,0,0,3,0,3,0,3,87,1,91,0,3,90,1,94,66,0,66,160
05/02/2011,OLM,WA,ANM,WE,Federal Contract Tower,0,3,7,0,10,0,3,11,0,14,0,6,18,0,24,28,0,28,52
05/03/2011,OLM,WA,ANM,WE,Federal Contract Tower,0,6,8,4,18,0,4,30,0,34,0,10,38,4,52,58,4,62,114
05/04/2011,OLM,WA,ANM,WE,Federal Contract Tower,0,6,27,0,33,0,3,95,3,101,0,9,122,3,134,59,0,59,193
05/05/2011,OLM,WA,ANM,WE,Federal Contract Tower,0,9,7,0,16,0,1,11,0,12,0,10,18,0,28,28,0,28,56
05/06/2011,OLM,WA,ANM,WE,Federal Contract Tower,0,5,24,0,29,0,0,17,0,17,0,5,41,0,46,36,2,38,84
05/07/2011,OLM,WA,ANM,WE,Federal Contract Tower,0,1,11,0,12,0,1,17,2,20,0,2,28,2,32,22,0,22,54
05/08/2011,OLM,WA,ANM,WE,Federal Contract Tower,0,0,16,0,16,0,1,19,0,20,0,1,35,0,36,10,0,10,46
05/09/2011,OLM,WA,ANM,WE,Federal Contract Tower,0,3,9,0,12,0,6,25,0,31,0,9,34,0,43,38,0,38,81
05/10/2011,OLM,WA,ANM,WE,Federal Contract Tower,0,4,14,0,18,0,2,70,1,73,0,6,84,1,91,31,0,31,122
05/11/2011,OLM,WA,ANM,WE,Federal Contract Tower,0,3,15,0,18,0,0,3,0,3,0,3,18,0,21,6,0,6,27
05/12/2011,OLM,WA,ANM,WE,Federal Contract Tower,0,5,14,0,19,0,0,56,1,57,0,5,70,1,76,56,0,56,132
05/13/2011,OLM,WA,ANM,WE,Federal Contract Tower,0,7,16,0,23,0,2,80,4,86,0,9,96,4,109,60,0,60,169
05/14/2011,OLM,WA,ANM,WE,Federal Contract Tower,0,0,20,0,20,0,0,71,2,73,0,0,91,2,93,58,0,58,151
05/15/2011,OLM,WA,ANM,WE,Federal Contract Tower,0,0,6,0,6,0,2,5,0,7,0,2,11,0,13,10,0,10,23
05/16/2011,OLM,WA,ANM,WE,Federal Contract Tower,0,3,16,0,19,0,3,24,0,27,0,6,40,0,46,35,0,35,81
05/17/2011,OLM,WA,ANM,WE,Federal Contract Tower,0,7,5,0,12,0,0,38,0,38,0,7,43,0,50,64,0,64,114
05/18/2011,OLM,WA,ANM,WE,Federal Contract Tower,0,8,34,0,42,0,0,91,1,92,0,8,125,1,134,86,0,86,220
05/19/2011,OLM,WA,ANM,WE,Federal Contract Tower,0,5,17,2,24,0,2,96,2,100,0,7,113,4,124,70,0,70,194
05/20/2011,OLM,WA,ANM,WE,Federal Contract Tower,0,2,14,0,16,0,1,87,0,88,0,3,101,0,104,168,0,168,272
05/21/2011,OLM,WA,ANM,WE,Federal Contract Tower,0,0,20,1,21,0,1,22,2,25,0,1,42,3,46,126,0,126,172
05/22/2011,OLM,WA,ANM,WE,Federal Contract Tower,0,3,9,0,12,0,2,28,1,31,0,5,37,1,43,14,0,14,57
05/23/2011,OLM,WA,ANM,WE,Federal Contract Tower,0,3,3,0,6,0,2,32,0,34,0,5,35,0,40,133,0,133,173
05/24/2011,OLM,WA,ANM,WE,Federal Contract Tower,0,4,11,0,15,0,1,64,4,69,0,5,75,4,84,53,2,55,139
05/25/2011,OLM,WA,ANM,WE,Federal Contract Tower,0,9,5,2,16,0,1,19,1,21,0,10,24,3,37,10,12,22,59
05/26/2011,OLM,WA,ANM,WE,Federal Contract Tower,0,5,17,0,22,0,2,51,0,53,0,7,68,0,75,86,0,86,161
05/27/2011,OLM,WA,ANM,WE,Federal Contract Tower,0,0,11,0,11,0,2,25,0,27,0,2,36,0,38,66,0,66,104
05/28/2011,OLM,WA,ANM,WE,Federal Contract Tower,0,0,13,0,13,0,1,44,0,45,0,1,57,0,58,120,0,120,178
05/29/2011,OLM,WA,ANM,WE,Federal Contract Tower,0,0,2,0,2,0,0,31,0,31,0,0,33,0,33,46,0,46,79
05/30/2011,OLM,WA,ANM,WE,Federal Contract Tower,0,0,17,0,17,0,2,53,0,55,0,2,70,0,72,123,0,123,195
05/31/2011,OLM,WA,ANM,WE,Federal Contract Tower,0,4,15,0,19,0,2,18,0,20,0,6,33,0,39,69,0,69,108
06/01/2011,OLM,WA,ANM,WE,Federal Contract Tower,0,8,13,0,21,0,4,30,2,36,0,12,43,2,57,68,0,68,125
06/02/2011,OLM,WA,ANM,WE,Federal Contract Tower,0,5,18,4,27,0,2,24,0,26,0,7,42,4,53,110,0,110,163
06/03/2011,OLM,WA,ANM,WE,Federal Contract Tower,0,4,15,0,19,0,1,91,2,94,0,5,106,2,113,126,0,126,239
06/04/2011,OLM,WA,ANM,WE,Federal Contract Tower,0,1,8,0,9,0,1,145,0,146,0,2,153,0,155,150,0,150,305
06/05/2011,OLM,WA,ANM,WE,Federal Contract Tower,0,0,7,0,7,0,0,63,0,63,0,0,70,0,70,76,0,76,146
06/06/2011,OLM,WA,ANM,WE,Federal Contract Tower,0,3,20,0,23,0,2,57,0,59,0,5,77,0,82,52,0,52,134
06/07/2011,OLM,WA,ANM,WE,Federal Contract Tower,0,5,24,0,29,0,1,15,3,19,0,6,39,3,48,40,0,40,88
06/08/2011,OLM,WA,ANM,WE,Federal Contract Tower,0,5,18,2,25,0,3,26,0,29,0,8,44,2,54,102,0,102,156
06/09/2011,OLM,WA,ANM,WE,Federal Contract Tower,0,5,22,0,27,0,0,63,0,63,0,5,85,0,90,90,0,90,180
06/10/2011,OLM,WA,ANM,WE,Federal Contract Tower,0,6,13,0,19,0,3,53,0,56,0,9,66,0,75,154,0,154,229
06/11/2011,OLM,WA,ANM,WE,Federal Contract Tower,0,2,13,6,21,0,4,57,2,63,0,6,70,8,84,93,0,93,177
06/12/2011,OLM,WA,ANM,WE,Federal Contract Tower,0,2,6,0,8,0,0,60,0,60,0,2,66,0,68,30,0,30,98
06/13/2011,OLM,WA,ANM,WE,Federal Contract Tower,0,7,20,0,27,0,0,16,0,16,0,7,36,0,43,46,0,46,89
06/14/2011,OLM,WA,ANM,WE,Federal Contract Tower,0,4,17,4,25,0,2,56,0,58,0,6,73,4,83,86,0,86,169
06/15/2011,OLM,WA,ANM,WE,Federal Contract Tower,0,6,18,0,24,0,3,31,0,34,0,9,49,0,58,80,0,80,138
06/16/2011,OLM,WA,ANM,WE,Federal Contract Tower,0,6,11,0,17,0,2,81,10,93,0,8,92,10,110,210,0,210,320
06/17/2011,OLM,WA,ANM,WE,Federal Contract Tower,0,3,9,2,14,0,1,187,13,201,0,4,196,15,215,236,0,236,451
06/18/2011,OLM,WA,ANM,WE,Federal Contract Tower,0,0,2,2,4,0,2,38,0,40,0,2,40,2,44,158,12,170,214
06/19/2011,OLM,WA,ANM,WE,Federal Contract Tower,0,0,15,1,16,0,2,93,1,96,0,2,108,2,112,388,0,388,500
06/20/2011,OLM,WA,ANM,WE,Federal Contract Tower,0,2,16,2,20,0,2,58,3,63,0,4,74,5,83,68,0,68,151
06/21/2011,OLM,WA,ANM,WE,Federal Contract Tower,0,5,37,0,42,0,3,95,0,98,0,8,132,0,140,80,0,80,220
06/22/2011,OLM,WA,ANM,WE,Federal Contract Tower,0,4,12,1,17,0,0,46,0,46,0,4,58,1,63,39,0,39,102
06/23/2011,OLM,WA,ANM,WE,Federal Contract Tower,0,5,12,2,19,0,1,43,6,50,0,6,55,8,69,106,0,106,175
06/24/2011,OLM,WA,ANM,WE,Federal Contract Tower,0,3,10,0,13,0,5,57,13,75,0,8,67,13,88,58,0,58,146
06/25/2011,OLM,WA,ANM,WE,Federal Contract Tower,0,0,21,0,21,0,6,69,0,75,0,6,90,0,96,82,0,82,178
06/26/2011,OLM,WA,ANM,WE,Federal Contract Tower,0,0,9,0,9,0,0,0,0,0,0,0,9,0,9,51,0,51,60
06/27/2011,OLM,WA,ANM,WE,Federal Contract Tower,0,3,8,4,15,0,0,53,2,55,0,3,61,6,70,58,0,58,128
06/28/2011,OLM,WA,ANM,WE,Federal Contract Tower,0,5,19,0,24,0,1,44,0,45,0,6,63,0,69,85,0,85,154
06/29/2011,OLM,WA,ANM,WE,Federal Contract Tower,0,4,21,2,27,0,2,20,0,22,0,6,41,2,49,26,0,26,75
06/30/2011,OLM,WA,ANM,WE,Federal Contract Tower,0,4,23,4,31,0,1,61,2,64,0,5,84,6,95,98,11,109,204
07/01/2011,OLM,WA,ANM,WE,Federal Contract Tower,0,3,20,2,25,0,6,114,2,122,0,9,134,4,147,184,47,231,378
07/02/2011,OLM,WA,ANM,WE,Federal Contract Tower,0,0,6,0,6,0,6,76,2,84,0,6,82,2,90,98,0,98,188
07/03/2011,OLM,WA,ANM,WE,Federal Contract Tower,0,0,29,0,29,0,0,48,0,48,0,0,77,0,77,49,0,49,126
07/04/2011,OLM,WA,ANM,WE,Federal Contract Tower,0,0,8,0,8,0,1,56,0,57,0,1,64,0,65,0,0,0,65
07/05/2011,OLM,WA,ANM,WE,Federal Contract Tower,0,0,4,0,4,0,4,49,0,53,0,4,53,0,57,34,0,34,91
07/06/2011,OLM,WA,ANM,WE,Federal Contract Tower,0,0,9,0,9,0,3,77,1,81,0,3,86,1,90,216,6,222,312
07/07/2011,OLM,WA,ANM,WE,Federal Contract Tower,0,0,19,11,30,0,2,33,2,37,0,2,52,13,67,55,10,65,132
07/08/2011,OLM,WA,ANM,WE,Federal Contract Tower,0,3,16,0,19,0,2,95,6,103,0,5,111,6,122,160,0,160,282
07/09/2011,OLM,WA,ANM,WE,Federal Contract Tower,0,0,22,1,23,0,2,82,1,85,0,2,104,2,108,46,0,46,154
07/10/2011,OLM,WA,ANM,WE,Federal Contract Tower,0,0,10,0,10,0,0,76,0,76,0,0,86,0,86,45,0,45,131
07/11/2011,OLM,WA,ANM,WE,Federal Contract Tower,0,3,15,2,20,0,0,54,5,59,0,3,69,7,79,76,0,76,155
07/12/2011,OLM,WA,ANM,WE,Federal Contract Tower,0,7,9,0,16,0,4,17,3,24,0,11,26,3,40,80,0,80,120
07/13/2011,OLM,WA,ANM,WE,Federal Contract Tower,0,5,21,0,26,0,0,20,2,22,0,5,41,2,48,114,0,114,162
07/14/2011,OLM,WA,ANM,WE,Federal Contract Tower,0,11,33,0,44,0,2,6,0,8,0,13,39,0,52,42,0,42,94
07/15/2011,OLM,WA,ANM,WE,Federal Contract Tower,0,3,25,0,28,0,4,34,0,38,0,7,59,0,66,124,0,124,190
07/16/2011,OLM,WA,ANM,WE,Federal Contract Tower,0,1,13,0,14,0,2,20,2,24,0,3,33,2,38,8,0,8,46
07/17/2011,OLM,WA,ANM,WE,Federal Contract Tower,0,1,9,0,10,0,1,23,0,24,0,2,32,0,34,20,0,20,54
07/18/2011,OLM,WA,ANM,WE,Federal Contract Tower,0,5,12,0,17,0,2,40,2,44,0,7,52,2,61,90,0,90,151
07/19/2011,OLM,WA,ANM,WE,Federal Contract Tower,0,9,21,0,30,0,2,33,2,37,0,11,54,2,67,20,0,20,87
07/20/2011,OLM,WA,ANM,WE,Federal Contract Tower,0,4,26,0,30,0,2,45,0,47,0,6,71,0,77,58,0,58,135
07/21/2011,OLM,WA,ANM,WE,Federal Contract Tower,0,5,13,0,18,0,2,29,0,31,0,7,42,0,49,32,0,32,81
07/22/2011,OLM,WA,ANM,WE,Federal Contract Tower,0,4,37,2,43,0,2,87,2,91,0,6,124,4,134,105,0,105,239
07/23/2011,OLM,WA,ANM,WE,Federal Contract Tower,0,0,11,2,13,0,2,76,1,79,0,2,87,3,92,38,0,38,130
07/24/2011,OLM,WA,ANM,WE,Federal Contract Tower,0,2,5,0,7,0,6,65,0,71,0,8,70,0,78,140,0,140,218
07/25/2011,OLM,WA,ANM,WE,Federal Contract Tower,0,5,18,0,23,0,1,29,1,31,0,6,47,1,54,22,0,22,76
07/26/2011,OLM,WA,ANM,WE,Federal Contract Tower,0,4,15,0,19,0,2,41,0,43,0,6,56,0,62,68,0,68,130
07/27/2011,OLM,WA,ANM,WE,Federal Contract Tower,0,4,15,2,21,0,3,37,0,40,0,7,52,2,61,95,0,95,156
07/28/2011,OLM,WA,ANM,WE,Federal Contract Tower,0,5,17,2,24,0,1,84,0,85,0,6,101,2,109,63,0,63,172
07/29/2011,OLM,WA,ANM,WE,Federal Contract Tower,0,3,30,0,33,0,4,52,0,56,0,7,82,0,89,56,0,56,145
07/30/2011,OLM,WA,ANM,WE,Federal Contract Tower,0,0,12,0,12,0,3,65,0,68,0,3,77,0,80,90,0,90,170
07/31/2011,OLM,WA,ANM,WE,Federal Contract Tower,0,0,17,0,17,0,4,57,0,61,0,4,74,0,78,22,0,22,100
08/01/2011,OLM,WA,ANM,WE,Federal Contract Tower,0,3,16,4,23,0,3,66,0,69,0,6,82,4,92,42,0,42,134
08/02/2011,OLM,WA,ANM,WE,Federal Contract Tower,0,5,26,0,31,0,3,61,1,65,0,8,87,1,96,34,0,34,130
08/03/2011,OLM,WA,ANM,WE,Federal Contract Tower,0,4,19,0,23,0,6,50,0,56,0,10,69,0,79,75,0,75,154
08/04/2011,OLM,WA,ANM,WE,Federal Contract Tower,0,6,16,0,22,0,2,75,2,79,0,8,91,2,101,52,6,58,159
08/05/2011,OLM,WA,ANM,WE,Federal Contract Tower,0,3,19,1,23,0,0,56,2,58,0,3,75,3,81,120,0,120,201
08/06/2011,OLM,WA,ANM,WE,Federal Contract Tower,0,2,14,0,16,0,4,54,2,60,0,6,68,2,76,66,0,66,142
08/07/2011,OLM,WA,ANM,WE,Federal Contract Tower,0,1,10,0,11,0,0,45,0,45,0,1,55,0,56,6,0,6,62
08/08/2011,OLM,WA,ANM,WE,Federal Contract Tower,0,3,20,0,23,0,2,43,2,47,0,5,63,2,70,59,0,59,129
08/09/2011,OLM,WA,ANM,WE,Federal Contract Tower,0,4,44,5,53,0,3,46,4,53,0,7,90,9,106,81,2,83,189
08/10/2011,OLM,WA,ANM,WE,Federal Contract Tower,0,4,19,0,23,0,0,54,2,56,0,4,73,2,79,52,0,52,131
08/11/2011,OLM,WA,ANM,WE,Federal Contract Tower,0,5,37,2,44,0,4,89,1,94,0,9,126,3,138,134,10,144,282
08/12/2011,OLM,WA,ANM,WE,Federal Contract Tower,0,3,17,0,20,0,1,95,0,96,0,4,112,0,116,96,0,96,212
08/13/2011,OLM,WA,ANM,WE,Federal Contract Tower,0,0,7,0,7,0,3,72,0,75,0,3,79,0,82,139,0,139,221
08/14/2011,OLM,WA,ANM,WE,Federal Contract Tower,0,1,16,2,19,0,3,35,3,41,0,4,51,5,60,14,0,14,74
08/15/2011,OLM,WA,ANM,WE,Federal Contract Tower,0,3,28,0,31,0,2,31,0,33,0,5,59,0,64,127,0,127,191
08/16/2011,OLM,WA,ANM,WE,Federal Contract Tower,0,4,16,0,20,0,5,68,5,78,0,9,84,5,98,53,0,53,151
08/17/2011,OLM,WA,ANM,WE,Federal Contract Tower,0,6,16,2,24,0,5,68,2,75,0,11,84,4,99,22,0,22,121
08/18/2011,OLM,WA,ANM,WE,Federal Contract Tower,0,5,5,2,12,0,3,75,2,80,0,8,80,4,92,78,0,78,170
08/19/2011,OLM,WA,ANM,WE,Federal Contract Tower,0,2,15,0,17,0,8,90,0,98,0,10,105,0,115,210,0,210,325
08/20/2011,OLM,WA,ANM,WE,Federal Contract Tower,0,11,0,0,11,0,3,84,0,87,0,14,84,0,98,115,0,115,213
08/21/2011,OLM,WA,ANM,WE,Federal Contract Tower,0,2,16,0,18,0,0,81,0,81,0,2,97,0,99,96,0,96,195
08/22/2011,OLM,WA,ANM,WE,Federal Contract Tower,0,4,27,0,31,0,1,30,0,31,0,5,57,0,62,96,0,96,158
08/23/2011,OLM,WA,ANM,WE,Federal Contract Tower,0,5,17,0,22,0,1,44,0,45,0,6,61,0,67,80,0,80,147
08/24/2011,OLM,WA,ANM,WE,Federal Contract Tower,0,6,21,2,29,0,3,99,0,102,0,9,120,2,131,64,0,64,195
08/25/2011,OLM,WA,ANM,WE,Federal Contract Tower,0,7,15,2,24,0,1,104,0,105,0,8,119,2,129,86,0,86,215
08/26/2011,OLM,WA,ANM,WE,Federal Contract Tower,0,4,19,0,23,0,4,88,0,92,0,8,107,0,115,136,0,136,251
08/27/2011,OLM,WA,ANM,WE,Federal Contract Tower,0,0,17,0,17,0,1,153,49,203,0,1,170,49,220,128,0,128,348
08/28/2011,OLM,WA,ANM,WE,Federal Contract Tower,0,0,13,0,13,0,2,78,2,82,0,2,91,2,95,138,0,138,233
08/29/2011,OLM,WA,ANM,WE,Federal Contract Tower,0,4,9,2,15,0,2,46,0,48,0,6,55,2,63,88,0,88,151
08/30/2011,OLM,WA,ANM,WE,Federal Contract Tower,0,6,8,0,14,0,1,45,8,54,0,7,53,8,68,58,0,58,126
08/31/2011,OLM,WA,ANM,WE,Federal Contract Tower,0,6,13,0,19,0,1,50,5,56,0,7,63,5,75,138,0,138,213
09/01/2011,OLM,WA,ANM,WE,Federal Contract Tower,0,4,15,0,19,0,2,63,3,68,0,6,78,3,87,86,0,86,173
09/02/2011,OLM,WA,ANM,WE,Federal Contract Tower,0,0,14,0,14,0,5,84,4,93,0,5,98,4,107,98,0,98,205
09/03/2011,OLM,WA,ANM,WE,Federal Contract Tower,0,0,11,0,11,0,4,74,6,84,0,4,85,6,95,59,0,59,154
09/04/2011,OLM,WA,ANM,WE,Federal Contract Tower,0,0,8,0,8,0,3,61,1,65,0,3,69,1,73,64,0,64,137
09/05/2011,OLM,WA,ANM,WE,Federal Contract Tower,0,0,9,0,9,0,2,77,1,80,0,2,86,1,89,44,0,44,133
09/06/2011,OLM,WA,ANM,WE,Federal Contract Tower,0,5,17,7,29,0,3,75,3,81,0,8,92,10,110,77,0,77,187
09/07/2011,OLM,WA,ANM,WE,Federal Contract Tower,0,5,8,0,13,0,6,79,0,85,0,11,87,0,98,66,0,66,164
09/08/2011,OLM,WA,ANM,WE,Federal Contract Tower,0,5,12,2,19,0,3,84,14,101,0,8,96,16,120,78,0,78,198
09/09/2011,OLM,WA,ANM,WE,Federal Contract Tower,0,2,8,0,10,0,1,85,8,94,0,3,93,8,104,78,16,94,198
09/10/2011,OLM,WA,ANM,WE,Federal Contract Tower,0,0,4,0,4,0,2,96,1,99,0,2,100,1,103,34,0,34,137
09/11/2011,OLM,WA,ANM,WE,Federal Contract Tower,0,0,3,0,3,0,6,76,3,85,0,6,79,3,88,32,4,36,124
09/12/2011,OLM,WA,ANM,WE,Federal Contract Tower,0,3,7,2,12,0,5,47,2,54,0,8,54,4,66,55,0,55,121
09/13/2011,OLM,WA,ANM,WE,Federal Contract Tower,0,5,25,0,30,0,6,54,2,62,0,11,79,2,92,153,33,186,278
09/14/2011,OLM,WA,ANM,WE,Federal Contract Tower,0,6,10,0,16,0,6,43,7,56,0,12,53,7,72,39,10,49,121
09/15/2011,OLM,WA,ANM,WE,Federal Contract Tower,0,5,15,6,26,0,2,50,10,62,0,7,65,16,88,67,10,77,165
09/16/2011,OLM,WA,ANM,WE,Federal Contract Tower,0,4,14,4,22,0,2,44,9,55,0,6,58,13,77,53,0,53,130
09/17/2011,OLM,WA,ANM,WE,Federal Contract Tower,0,0,10,0,10,0,2,28,1,31,0,2,38,1,41,76,4,80,121
09/18/2011,OLM,WA,ANM,WE,Federal Contract Tower,0,0,22,0,22,0,0,7,0,7,0,0,29,0,29,56,0,56,85
09/19/2011,OLM,WA,ANM,WE,Federal Contract Tower,0,5,8,2,15,0,2,52,2,56,0,7,60,4,71,48,0,48,119
09/20/2011,OLM,WA,ANM,WE,Federal Contract Tower,0,9,6,2,17,0,1,87,8,96,0,10,93,10,113,68,8,76,189
09/21/2011,OLM,WA,ANM,WE,Federal Contract Tower,0,9,10,0,19,0,0,75,6,81,0,9,85,6,100,44,0,44,144
09/22/2011,OLM,WA,ANM,WE,Federal Contract Tower,0,5,25,0,30,0,0,36,4,40,0,5,61,4,70,84,0,84,154
09/23/2011,OLM,WA,ANM,WE,Federal Contract Tower,0,3,30,0,33,0,2,48,0,50,0,5,78,0,83,58,0,58,141
09/24/2011,OLM,WA,ANM,WE,Federal Contract Tower,0,1,4,0,5,0,2,82,0,84,0,3,86,0,89,74,0,74,163
09/25/2011,OLM,WA,ANM,WE,Federal Contract Tower,0,2,1,0,3,0,2,14,2,18,0,4,15,2,21,18,0,18,39
09/26/2011,OLM,WA,ANM,WE,Federal Contract Tower,0,3,4,0,7,0,1,5,0,6,0,4,9,0,13,4,0,4,17
09/27/2011,OLM,WA,ANM,WE,Federal Contract Tower,0,3,16,1,20,0,2,38,2,42,0,5,54,3,62,26,10,36,98
09/28/2011,OLM,WA,ANM,WE,Federal Contract Tower,0,8,38,2,48,0,1,49,3,53,0,9,87,5,101,23,0,23,124
09/29/2011,OLM,WA,ANM,WE,Federal Contract Tower,0,6,17,0,23,0,3,79,0,82,0,9,96,0,105,10,0,10,115
09/30/2011,OLM,WA,ANM,WE,Federal Contract Tower,0,2,21,0,23,0,10,66,0,76,0,12,87,0,99,64,0,64,163
10/01/2011,OLM,WA,ANM,WE,Federal Contract Tower,0,0,19,0,19,0,5,15,0,20,0,5,34,0,39,146,0,146,185
10/02/2011,OLM,WA,ANM,WE,Federal Contract Tower,0,0,10,0,10,0,2,35,0,37,0,2,45,0,47,75,0,75,122
10/03/2011,OLM,WA,ANM,WE,Federal Contract Tower,0,5,8,0,13,0,0,47,0,47,0,5,55,0,60,73,0,73,133
10/04/2011,OLM,WA,ANM,WE,Federal Contract Tower,0,7,15,2,24,0,0,24,0,24,0,7,39,2,48,70,0,70,118
10/05/2011,OLM,WA,ANM,WE,Federal Contract Tower,0,5,16,0,21,0,1,26,0,27,0,6,42,0,48,85,0,85,133
10/06/2011,OLM,WA,ANM,WE,Federal Contract Tower,0,9,22,4,35,0,1,50,1,52,0,10,72,5,87,166,0,166,253
10/07/2011,OLM,WA,ANM,WE,Federal Contract Tower,0,5,17,0,22,0,0,17,0,17,0,5,34,0,39,79,0,79,118
10/08/2011,OLM,WA,ANM,WE,Federal Contract Tower,0,2,24,0,26,0,3,63,0,66,0,5,87,0,92,136,0,136,228
10/09/2011,OLM,WA,ANM,WE,Federal Contract Tower,0,3,8,0,11,0,3,11,1,15,0,6,19,1,26,18,0,18,44
10/10/2011,OLM,WA,ANM,WE,Federal Contract Tower,0,7,1,0,8,0,4,2,0,6,0,11,3,0,14,44,0,44,58
10/11/2011,OLM,WA,ANM,WE,Federal Contract Tower,0,5,9,0,14,0,3,4,2,9,0,8,13,2,23,0,0,0,23
10/12/2011,OLM,WA,ANM,WE,Federal Contract Tower,0,5,5,0,10,0,0,38,0,38,0,5,43,0,48,122,0,122,170
10/13/2011,OLM,WA,ANM,WE,Federal Contract Tower,0,6,36,4,46,0,2,55,0,57,0,8,91,4,103,74,0,74,177
10/14/2011,OLM,WA,ANM,WE,Federal Contract Tower,0,4,20,0,24,0,1,64,0,65,0,5,84,0,89,190,0,190,279
10/15/2011,OLM,WA,ANM,WE,Federal Contract Tower,0,1,18,0,19,0,1,83,3,87,0,2,101,3,106,104,0,104,210
10/16/2011,OLM,WA,ANM,WE,Federal Contract Tower,0,0,9,0,9,0,3,31,0,34,0,3,40,0,43,14,0,14,57
10/17/2011,OLM,WA,ANM,WE,Federal Contract Tower,0,3,5,0,8,0,1,67,0,68,0,4,72,0,76,126,0,126,202
10/18/2011,OLM,WA,ANM,WE,Federal Contract Tower,0,5,17,3,25,0,0,94,7,101,0,5,111,10,126,154,0,154,280
10/19/2011,OLM,WA,ANM,WE,Federal Contract Tower,0,5,24,0,29,0,5,37,6,48,0,10,61,6,77,43,6,49,126
10/20/2011,OLM,WA,ANM,WE,Federal Contract Tower,0,6,25,6,37,0,1,23,2,26,0,7,48,8,63,16,10,26,89
10/21/2011,OLM,WA,ANM,WE,Federal Contract Tower,0,4,10,0,14,0,0,5,0,5,0,4,15,0,19,22,0,22,41
10/22/2011,OLM,WA,ANM,WE,Federal Contract Tower,0,4,10,0,14,0,0,5,0,5,0,4,15,0,19,22,0,22,41
10/23/2011,OLM,WA,ANM,WE,Federal Contract Tower,0,2,15,0,17,0,1,30,0,31,0,3,45,0,48,114,0,114,162
10/24/2011,OLM,WA,ANM,WE,Federal Contract Tower,0,2,9,2,13,0,7,65,6,78,0,9,74,8,91,51,0,51,142
10/25/2011,OLM,WA,ANM,WE,Federal Contract Tower,0,8,19,7,34,0,1,63,2,66,0,9,82,9,100,108,0,108,208
10/26/2011,OLM,WA,ANM,WE,Federal Contract Tower,0,5,13,2,20,0,2,32,9,43,0,7,45,11,63,88,0,88,151
10/27/2011,OLM,WA,ANM,WE,Federal Contract Tower,0,12,13,0,25,0,1,67,0,68,0,13,80,0,93,90,0,90,183
10/28/2011,OLM,WA,ANM,WE,Federal Contract Tower,0,6,19,5,30,0,2,21,3,26,0,8,40,8,56,24,0,24,80
10/29/2011,OLM,WA,ANM,WE,Federal Contract Tower,0,0,20,0,20,0,1,68,0,69,0,1,88,0,89,128,0,128,217
10/30/2011,OLM,WA,ANM,WE,Federal Contract Tower,0,3,13,0,16,0,2,6,0,8,0,5,19,0,24,0,0,0,24
10/31/2011,OLM,WA,ANM,WE,Federal Contract Tower,0,4,13,5,22,0,2,47,8,57,0,6,60,13,79,83,6,89,168
11/01/2011,OLM,WA,ANM,WE,Federal Contract Tower,0,5,17,6,28,0,3,79,2,84,0,8,96,8,112,111,0,111,223
11/02/2011,OLM,WA,ANM,WE,Federal Contract Tower,0,4,6,2,12,0,0,38,0,38,0,4,44,2,50,111,0,111,161
11/03/2011,OLM,WA,ANM,WE,Federal Contract Tower,0,5,8,0,13,0,1,26,1,28,0,6,34,1,41,152,0,152,193
11/04/2011,OLM,WA,ANM,WE,Federal Contract Tower,0,3,8,0,11,0,0,42,0,42,0,3,50,0,53,100,0,100,153
11/05/2011,OLM,WA,ANM,WE,Federal Contract Tower,0,0,9,0,9,0,0,44,0,44,0,0,53,0,53,126,0,126,179
11/06/2011,OLM,WA,ANM,WE,Federal Contract Tower,0,0,34,0,34,0,2,43,0,45,0,2,77,0,79,78,0,78,157
11/07/2011,OLM,WA,ANM,WE,Federal Contract Tower,0,3,12,0,15,0,2,29,0,31,0,5,41,0,46,24,0,24,70
11/08/2011,OLM,WA,ANM,WE,Federal Contract Tower,0,6,14,4,24,0,3,69,2,74,0,9,83,6,98,88,4,92,190
11/09/2011,OLM,WA,ANM,WE,Federal Contract Tower,0,5,18,2,25,0,3,52,7,62,0,8,70,9,87,184,0,184,271
11/10/2011,OLM,WA,ANM,WE,Federal Contract Tower,0,8,16,2,26,0,0,93,2,95,0,8,109,4,121,112,0,112,233
11/11/2011,OLM,WA,ANM,WE,Federal Contract Tower,0,4,6,0,10,0,2,18,0,20,0,6,24,0,30,70,0,70,100
11/12/2011,OLM,WA,ANM,WE,Federal Contract Tower,0,4,0,0,4,0,1,11,0,12,0,5,11,0,16,63,0,63,79
11/13/2011,OLM,WA,ANM,WE,Federal Contract Tower,0,0,1,0,1,0,0,6,0,6,0,0,7,0,7,74,0,74,81
11/14/2011,OLM,WA,ANM,WE,Federal Contract Tower,0,5,9,0,14,0,0,59,0,59,0,5,68,0,73,100,0,100,173
11/15/2011,OLM,WA,ANM,WE,Federal Contract Tower,0,6,30,0,36,0,3,64,9,76,0,9,94,9,112,104,4,108,220
11/16/2011,OLM,WA,ANM,WE,Federal Contract Tower,0,5,5,0,10,0,0,0,0,0,0,5,5,0,10,4,0,4,14
11/17/2011,OLM,WA,ANM,WE,Federal Contract Tower,0,8,8,0,16,0,1,27,6,34,0,9,35,6,50,97,0,97,147
11/18/2011,OLM,WA,ANM,WE,Federal Contract Tower,0,0,8,0,8,0,0,14,0,14,0,0,22,0,22,50,0,50,72
11/19/2011,OLM,WA,ANM,WE,Federal Contract Tower,0,0,9,1,10,0,0,20,1,21,0,0,29,2,31,90,0,90,121
11/20/2011,OLM,WA,ANM,WE,Federal Contract Tower,0,2,11,0,13,0,2,24,0,26,0,4,35,0,39,70,0,70,109
11/21/2011,OLM,WA,ANM,WE,Federal Contract Tower,0,0,10,2,12,0,0,3,4,7,0,0,13,6,19,52,0,52,71
11/22/2011,OLM,WA,ANM,WE,Federal Contract Tower,0,0,25,2,27,0,0,1,0,1,0,0,26,2,28,80,0,80,108
11/23/2011,OLM,WA,ANM,WE,Federal Contract Tower,0,0,3,0,3,0,2,27,0,29,0,2,30,0,32,32,0,32,64
11/24/2011,OLM,WA,ANM,WE,Federal Contract Tower,0,1,0,0,1,0,2,3,0,5,0,3,3,0,6,0,0,0,6
11/25/2011,OLM,WA,ANM,WE,Federal Contract Tower,0,4,10,0,14,0,2,56,0,58,0,6,66,0,72,57,0,57,129
11/26/2011,OLM,WA,ANM,WE,Federal Contract Tower,0,0,8,0,8,0,3,25,0,28,0,3,33,0,36,136,0,136,172
11/27/2011,OLM,WA,ANM,WE,Federal Contract Tower,0,0,6,0,6,0,0,2,0,2,0,0,8,0,8,52,0,52,60
11/28/2011,OLM,WA,ANM,WE,Federal Contract Tower,0,6,30,0,36,0,1,24,0,25,0,7,54,0,61,24,0,24,85
11/29/2011,OLM,WA,ANM,WE,Federal Contract Tower,0,7,19,0,26,0,2,26,0,28,0,9,45,0,54,6,0,6,60
11/30/2011,OLM,WA,ANM,WE,Federal Contract Tower,0,7,12,0,19,0,3,65,5,73,0,10,77,5,92,87,8,95,187
12/01/2011,OLM,WA,ANM,WE,Federal Contract Tower,0,12,27,0,39,0,0,0,0,0,0,12,27,0,39,0,0,0,39
12/02/2011,OLM,WA,ANM,WE,Federal Contract Tower,0,3,13,2,18,0,3,51,0,54,0,6,64,2,72,88,0,88,160
12/03/2011,OLM,WA,ANM,WE,Federal Contract Tower,0,1,15,0,16,0,0,3,0,3,0,1,18,0,19,56,0,56,75
12/04/2011,OLM,WA,ANM,WE,Federal Contract Tower,0,1,2,0,3,0,1,87,0,88,0,2,89,0,91,72,0,72,163
12/05/2011,OLM,WA,ANM,WE,Federal Contract Tower,0,3,19,6,28,0,0,25,4,29,0,3,44,10,57,161,4,165,222
12/06/2011,OLM,WA,ANM,WE,Federal Contract Tower,0,8,24,10,42,0,0,2,0,2,0,8,26,10,44,0,0,0,44
12/07/2011,OLM,WA,ANM,WE,Federal Contract Tower,0,9,17,4,30,0,2,13,2,17,0,11,30,6,47,38,0,38,85
12/08/2011,OLM,WA,ANM,WE,Federal Contract Tower,0,5,12,0,17,0,0,44,2,46,0,5,56,2,63,24,0,24,87
12/09/2011,OLM,WA,ANM,WE,Federal Contract Tower,0,3,19,0,22,0,0,47,0,47,0,3,66,0,69,23,0,23,92
12/10/2011,OLM,WA,ANM,WE,Federal Contract Tower,0,0,5,0,5,0,2,33,0,35,0,2,38,0,40,107,0,107,147
12/11/2011,OLM,WA,ANM,WE,Federal Contract Tower,0,0,13,0,13,0,0,14,0,14,0,0,27,0,27,30,0,30,57
12/12/2011,OLM,WA,ANM,WE,Federal Contract Tower,0,11,20,4,35,0,3,94,4,101,0,14,114,8,136,86,0,86,222
12/13/2011,OLM,WA,ANM,WE,Federal Contract Tower,0,4,24,0,28,0,2,12,0,14,0,6,36,0,42,46,0,46,88
12/14/2011,OLM,WA,ANM,WE,Federal Contract Tower,0,7,27,0,34,0,2,28,0,30,0,9,55,0,64,72,0,72,136
12/15/2011,OLM,WA,ANM,WE,Federal Contract Tower,0,7,8,0,15,0,0,0,0,0,0,7,8,0,15,0,0,0,15
12/16/2011,OLM,WA,ANM,WE,Federal Contract Tower,0,3,17,0,20,0,2,58,0,60,0,5,75,0,80,158,0,158,238
12/17/2011,OLM,WA,ANM,WE,Federal Contract Tower,0,0,23,0,23,0,0,111,0,111,0,0,134,0,134,122,0,122,256
12/18/2011,OLM,WA,ANM,WE,Federal Contract Tower,0,0,4,0,4,0,0,5,0,5,0,0,9,0,9,50,0,50,59
12/19/2011,OLM,WA,ANM,WE,Federal Contract Tower,0,1,14,0,15,0,0,2,0,2,0,1,16,0,17,30,0,30,47
12/20/2011,OLM,WA,ANM,WE,Federal Contract Tower,0,2,34,0,36,0,0,6,0,6,0,2,40,0,42,22,0,22,64
12/21/2011,OLM,WA,ANM,WE,Federal Contract Tower,0,0,18,0,18,0,0,0,0,0,0,0,18,0,18,0,0,0,18
12/22/2011,OLM,WA,ANM,WE,Federal Contract Tower,0,0,18,2,20,0,0,3,0,3,0,0,21,2,23,16,0,16,39
12/23/2011,OLM,WA,ANM,WE,Federal Contract Tower,0,0,8,2,10,0,0,58,1,59,0,0,66,3,69,119,3,122,191
12/24/2011,OLM,WA,ANM,WE,Federal Contract Tower,0,0,4,0,4,0,0,75,0,75,0,0,79,0,79,16,0,16,95
12/25/2011,OLM,WA,ANM,WE,Federal Contract Tower,0,0,0,0,0,0,2,0,0,2,0,2,0,0,2,10,0,10,12
12/26/2011,OLM,WA,ANM,WE,Federal Contract Tower,0,0,6,0,6,0,2,47,0,49,0,2,53,0,55,142,0,142,197
12/27/2011,OLM,WA,ANM,WE,Federal Contract Tower,0,1,2,2,5,0,1,2,0,3,0,2,4,2,8,18,0,18,26
12/28/2011,OLM,WA,ANM,WE,Federal Contract Tower,0,5,4,0,9,0,2,6,0,8,0,7,10,0,17,10,0,10,27
12/29/2011,OLM,WA,ANM,WE,Federal Contract Tower,0,0,22,0,22,0,4,20,0,24,0,4,42,0,46,27,0,27,73
12/30/2011,OLM,WA,ANM,WE,Federal Contract Tower,0,0,27,0,27,0,2,63,0,65,0,2,90,0,92,98,0,98,190
12/31/2011,OLM,WA,ANM,WE,Federal Contract Tower,0,0,9,0,9,0,1,73,2,76,0,1,82,2,85,146,0,146,231
01/01/2012,OLM,WA,ANM,WE,Federal Contract Tower,0,1,0,0,1,0,5,98,0,103,0,6,98,0,104,52,0,52,156
01/02/2012,OLM,WA,ANM,WE,Federal Contract Tower,0,3,28,0,31,0,0,56,0,56,0,3,84,0,87,96,0,96,183
01/03/2012,OLM,WA,ANM,WE,Federal Contract Tower,0,5,32,0,37,0,3,63,14,80,0,8,95,14,117,192,7,199,316
01/04/2012,OLM,WA,ANM,WE,Federal Contract Tower,0,8,5,0,13,0,2,9,0,11,0,10,14,0,24,12,0,12,36
01/05/2012,OLM,WA,ANM,WE,Federal Contract Tower,0,7,9,0,16,0,2,58,12,72,0,9,67,12,88,73,9,82,170
01/06/2012,OLM,WA,ANM,WE,Federal Contract Tower,0,2,7,0,9,0,2,38,0,40,0,4,45,0,49,9,0,9,58
01/07/2012,OLM,WA,ANM,WE,Federal Contract Tower,0,1,5,2,8,0,0,53,4,57,0,1,58,6,65,201,0,201,266
01/08/2012,OLM,WA,ANM,WE,Federal Contract Tower,0,0,15,0,15,0,0,81,2,83,0,0,96,2,98,104,0,104,202
01/09/2012,OLM,WA,ANM,WE,Federal Contract Tower,0,5,14,0,19,0,4,18,6,28,0,9,32,6,47,121,0,121,168
01/10/2012,OLM,WA,ANM,WE,Federal Contract Tower,0,7,27,4,38,0,4,93,2,99,0,11,120,6,137,151,0,151,288
01/11/2012,OLM,WA,ANM,WE,Federal Contract Tower,0,6,25,0,31,0,2,79,6,87,0,8,104,6,118,170,0,170,288
01/12/2012,OLM,WA,ANM,WE,Federal Contract Tower,0,7,22,2,31,0,0,95,8,103,0,7,117,10,134,86,0,86,220
01/13/2012,OLM,WA,ANM,WE,Federal Contract Tower,0,2,17,0,19,0,0,42,0,42,0,2,59,0,61,52,0,52,113
01/14/2012,OLM,WA,ANM,WE,Federal Contract Tower,0,0,0,0,0,0,0,3,0,3,0,0,3,0,3,94,0,94,97
01/15/2012,OLM,WA,ANM,WE,Federal Contract Tower,0,0,0,0,0,0,0,0,0,0,0,0,0,0,0,0,0,0,0
01/16/2012,OLM,WA,ANM,WE,Federal Contract Tower,0,1,1,0,2,0,0,1,0,1,0,1,2,0,3,16,0,16,19
01/17/2012,OLM,WA,ANM,WE,Federal Contract Tower,0,0,14,0,14,0,2,2,0,4,0,2,16,0,18,0,0,0,18
01/18/2012,OLM,WA,ANM,WE,Federal Contract Tower,0,0,0,0,0,0,0,0,0,0,0,0,0,0,0,0,0,0,0
01/19/2012,OLM,WA,ANM,WE,Federal Contract Tower,0,0,1,0,1,0,0,0,0,0,0,0,1,0,1,0,0,0,1
01/20/2012,OLM,WA,ANM,WE,Federal Contract Tower,0,0,0,0,0,0,0,0,0,0,0,0,0,0,0,0,0,0,0
01/21/2012,OLM,WA,ANM,WE,Federal Contract Tower,0,0,2,0,2,0,0,16,0,16,0,0,18,0,18,102,0,102,120
01/22/2012,OLM,WA,ANM,WE,Federal Contract Tower,0,0,1,0,1,0,0,9,0,9,0,0,10,0,10,0,0,0,10
01/23/2012,OLM,WA,ANM,WE,Federal Contract Tower,0,3,13,0,16,0,2,59,0,61,0,5,72,0,77,102,0,102,179
01/24/2012,OLM,WA,ANM,WE,Federal Contract Tower,0,7,14,0,21,0,0,1,0,1,0,7,15,0,22,0,0,0,22
01/25/2012,OLM,WA,ANM,WE,Federal Contract Tower,0,5,7,0,12,0,0,15,6,21,0,5,22,6,33,56,0,56,89
01/26/2012,OLM,WA,ANM,WE,Federal Contract Tower,0,8,11,0,19,0,1,40,23,64,0,9,51,23,83,82,0,82,165
01/27/2012,OLM,WA,ANM,WE,Federal Contract Tower,0,3,29,8,40,0,2,83,1,86,0,5,112,9,126,150,8,158,284
01/28/2012,OLM,WA,ANM,WE,Federal Contract Tower,0,0,17,2,19,0,3,64,0,67,0,3,81,2,86,135,0,135,221
01/29/2012,OLM,WA,ANM,WE,Federal Contract Tower,0,1,9,0,10,0,1,11,0,12,0,2,20,0,22,36,0,36,58
01/30/2012,OLM,WA,ANM,WE,Federal Contract Tower,0,4,14,2,20,0,0,47,8,55,0,4,61,10,75,112,0,112,187
01/31/2012,OLM,WA,ANM,WE,Federal Contract Tower,0,8,24,0,32,0,0,66,4,70,0,8,90,4,102,98,0,98,200
02/01/2012,OLM,WA,ANM,WE,Federal Contract Tower,0,7,18,0,25,0,1,47,11,59,0,8,65,11,84,110,0,110,194
02/02/2012,OLM,WA,ANM,WE,Federal Contract Tower,0,6,19,4,29,0,8,63,5,76,0,14,82,9,105,92,0,92,197
02/03/2012,OLM,WA,ANM,WE,Federal Contract Tower,0,4,18,6,28,0,5,122,0,127,0,9,140,6,155,139,0,139,294
02/04/2012,OLM,WA,ANM,WE,Federal Contract Tower,0,0,16,4,20,0,1,106,0,107,0,1,122,4,127,129,10,139,266
02/05/2012,OLM,WA,ANM,WE,Federal Contract Tower,0,0,8,0,8,0,0,56,0,56,0,0,64,0,64,86,0,86,150
02/06/2012,OLM,WA,ANM,WE,Federal Contract Tower,0,5,20,0,25,0,0,88,0,88,0,5,108,0,113,104,0,104,217
02/07/2012,OLM,WA,ANM,WE,Federal Contract Tower,0,5,22,4,31,0,2,93,8,103,0,7,115,12,134,74,10,84,218
02/08/2012,OLM,WA,ANM,WE,Federal Contract Tower,0,5,18,2,25,0,3,31,28,62,0,8,49,30,87,120,6,126,213
02/09/2012,OLM,WA,ANM,WE,Federal Contract Tower,0,5,24,4,33,0,0,0,0,0,0,5,24,4,33,0,0,0,33
02/10/2012,OLM,WA,ANM,WE,Federal Contract Tower,0,3,8,4,15,0,0,10,4,14,0,3,18,8,29,100,0,100,129
02/11/2012,OLM,WA,ANM,WE,Federal Contract Tower,0,2,12,0,14,0,2,24,2,28,0,4,36,2,42,44,0,44,86
02/12/2012,OLM,WA,ANM,WE,Federal Contract Tower,0,0,7,0,7,0,0,41,1,42,0,0,48,1,49,94,4,98,147
02/13/2012,OLM,WA,ANM,WE,Federal Contract Tower,0,3,11,4,18,0,0,18,2,20,0,3,29,6,38,122,0,122,160
02/14/2012,OLM,WA,ANM,WE,Federal Contract Tower,0,5,10,0,15,0,0,39,14,53,0,5,49,14,68,38,48,86,154
02/15/2012,OLM,WA,ANM,WE,Federal Contract Tower,0,6,26,4,36,0,0,71,20,91,0,6,97,24,127,146,12,158,285
02/16/2012,OLM,WA,ANM,WE,Federal Contract Tower,0,6,13,2,21,0,1,5,0,6,0,7,18,2,27,10,0,10,37
02/17/2012,OLM,WA,ANM,WE,Federal Contract Tower,0,6,8,0,14,0,1,18,0,19,0,7,26,0,33,109,0,109,142
02/18/2012,OLM,WA,ANM,WE,Federal Contract Tower,0,0,4,0,4,0,0,1,0,1,0,0,5,0,5,12,0,12,17
02/19/2012,OLM,WA,ANM,WE,Federal Contract Tower,0,2,7,0,9,0,2,39,0,41,0,4,46,0,50,116,0,116,166
02/20/2012,OLM,WA,ANM,WE,Federal Contract Tower,0,0,24,0,24,0,0,0,0,0,0,0,24,0,24,0,0,0,24
02/21/2012,OLM,WA,ANM,WE,Federal Contract Tower,0,7,12,0,19,0,0,0,0,0,0,7,12,0,19,0,0,0,19
02/22/2012,OLM,WA,ANM,WE,Federal Contract Tower,0,5,4,2,11,0,0,32,8,40,0,5,36,10,51,10,0,10,61
02/23/2012,OLM,WA,ANM,WE,Federal Contract Tower,0,7,16,0,23,0,1,94,30,125,0,8,110,30,148,60,6,66,214
02/24/2012,OLM,WA,ANM,WE,Federal Contract Tower,0,5,8,2,15,0,3,22,5,30,0,8,30,7,45,52,2,54,99
02/25/2012,OLM,WA,ANM,WE,Federal Contract Tower,0,0,3,0,3,0,2,7,0,9,0,2,10,0,12,14,0,14,26
02/26/2012,OLM,WA,ANM,WE,Federal Contract Tower,0,0,16,0,16,0,2,42,0,44,0,2,58,0,60,90,0,90,150
02/27/2012,OLM,WA,ANM,WE,Federal Contract Tower,0,4,14,6,24,0,2,101,13,116,0,6,115,19,140,84,2,86,226
02/28/2012,OLM,WA,ANM,WE,Federal Contract Tower,0,6,10,4,20,0,0,20,12,32,0,6,30,16,52,0,0,0,52
02/29/2012,OLM,WA,ANM,WE,Federal Contract Tower,0,6,4,0,10,0,0,4,0,4,0,6,8,0,14,16,0,16,30
03/01/2012,OLM,WA,ANM,WE,Federal Contract Tower,0,10,8,2,20,0,0,27,6,33,0,10,35,8,53,46,0,46,99
03/02/2012,OLM,WA,ANM,WE,Federal Contract Tower,0,3,8,4,15,0,0,22,2,24,0,3,30,6,39,183,0,183,222
03/03/2012,OLM,WA,ANM,WE,Federal Contract Tower,0,1,7,0,8,0,0,26,1,27,0,1,33,1,35,24,16,40,75
03/04/2012,OLM,WA,ANM,WE,Federal Contract Tower,0,2,23,0,25,0,2,52,0,54,0,4,75,0,79,118,0,118,197
03/05/2012,OLM,WA,ANM,WE,Federal Contract Tower,0,3,8,0,11,0,2,9,4,15,0,5,17,4,26,0,2,2,28
03/06/2012,OLM,WA,ANM,WE,Federal Contract Tower,0,6,21,2,29,0,2,108,8,118,0,8,129,10,147,74,0,74,221
03/07/2012,OLM,WA,ANM,WE,Federal Contract Tower,0,8,16,7,31,0,0,115,2,117,0,8,131,9,148,114,0,114,262
03/08/2012,OLM,WA,ANM,WE,Federal Contract Tower,0,6,18,6,30,0,1,91,18,110,0,7,109,24,140,90,0,90,230
03/09/2012,OLM,WA,ANM,WE,Federal Contract Tower,0,6,15,0,21,0,4,49,2,55,0,10,64,2,76,136,0,136,212
03/10/2012,OLM,WA,ANM,WE,Federal Contract Tower,0,0,7,0,7,0,2,23,0,25,0,2,30,0,32,78,0,78,110
03/11/2012,OLM,WA,ANM,WE,Federal Contract Tower,0,0,4,0,4,0,2,14,2,18,0,2,18,2,22,79,0,79,101
03/12/2012,OLM,WA,ANM,WE,Federal Contract Tower,0,6,2,0,8,0,0,2,6,8,0,6,4,6,16,0,0,0,16
03/13/2012,OLM,WA,ANM,WE,Federal Contract Tower,0,9,7,4,20,0,0,6,6,12,0,9,13,10,32,6,2,8,40
03/14/2012,OLM,WA,ANM,WE,Federal Contract Tower,0,6,8,0,14,0,0,7,10,17,0,6,15,10,31,26,0,26,57
03/15/2012,OLM,WA,ANM,WE,Federal Contract Tower,0,9,3,2,14,0,0,4,8,12,0,9,7,10,26,16,0,16,42
03/16/2012,OLM,WA,ANM,WE,Federal Contract Tower,0,4,18,0,22,0,1,47,0,48,0,5,65,0,70,82,0,82,152
03/17/2012,OLM,WA,ANM,WE,Federal Contract Tower,0,0,2,0,2,0,2,45,2,49,0,2,47,2,51,38,0,38,89
03/18/2012,OLM,WA,ANM,WE,Federal Contract Tower,6,0,0,0,6,0,0,23,0,23,6,0,23,0,29,36,0,36,65
03/19/2012,OLM,WA,ANM,WE,Federal Contract Tower,0,3,8,5,16,0,0,46,18,64,0,3,54,23,80,58,2,60,140
03/20/2012,OLM,WA,ANM,WE,Federal Contract Tower,0,5,2,0,7,0,0,6,6,12,0,5,8,6,19,34,0,34,53
03/21/2012,OLM,WA,ANM,WE,Federal Contract Tower,0,11,23,5,39,0,7,43,3,53,0,18,66,8,92,132,0,132,224
03/22/2012,OLM,WA,ANM,WE,Federal Contract Tower,0,8,18,2,28,0,0,57,65,122,0,8,75,67,150,94,0,94,244
03/23/2012,OLM,WA,ANM,WE,Federal Contract Tower,0,3,25,0,28,0,5,114,2,121,0,8,139,2,149,136,0,136,285
03/24/2012,OLM,WA,ANM,WE,Federal Contract Tower,0,3,13,0,16,0,8,92,1,101,0,11,105,1,117,92,0,92,209
03/25/2012,OLM,WA,ANM,WE,Federal Contract Tower,0,0,18,0,18,0,2,90,2,94,0,2,108,2,112,104,0,104,216
03/26/2012,OLM,WA,ANM,WE,Federal Contract Tower,0,3,14,0,17,0,0,54,14,68,0,3,68,14,85,90,0,90,175
03/27/2012,OLM,WA,ANM,WE,Federal Contract Tower,0,5,13,0,18,0,0,35,12,47,0,5,48,12,65,56,0,56,121
03/28/2012,OLM,WA,ANM,WE,Federal Contract Tower,0,7,7,0,14,0,5,20,9,34,0,12,27,9,48,0,0,0,48
03/29/2012,OLM,WA,ANM,WE,Federal Contract Tower,0,5,6,2,13,0,1,2,0,3,0,6,8,2,16,0,0,0,16
03/30/2012,OLM,WA,ANM,WE,Federal Contract Tower,0,4,27,0,31,0,0,11,12,23,0,4,38,12,54,46,0,46,100
03/31/2012,OLM,WA,ANM,WE,Federal Contract Tower,0,0,9,0,9,0,0,2,0,2,0,0,11,0,11,0,0,0,11
04/01/2012,OLM,WA,ANM,WE,Federal Contract Tower,0,0,7,0,7,0,4,9,0,13,0,4,16,0,20,42,0,42,62
04/02/2012,OLM,WA,ANM,WE,Federal Contract Tower,0,3,9,0,12,0,6,62,5,73,0,9,71,5,85,44,4,48,133
04/03/2012,OLM,WA,ANM,WE,Federal Contract Tower,0,5,9,4,18,0,0,14,4,18,0,5,23,8,36,56,0,56,92
04/04/2012,OLM,WA,ANM,WE,Federal Contract Tower,0,4,2,2,8,0,0,53,30,83,0,4,55,32,91,54,0,54,145
04/05/2012,OLM,WA,ANM,WE,Federal Contract Tower,0,6,23,0,29,0,2,50,5,57,0,8,73,5,86,69,42,111,197
04/06/2012,OLM,WA,ANM,WE,Federal Contract Tower,0,3,7,0,10,0,3,82,2,87,0,6,89,2,97,124,0,124,221
04/07/2012,OLM,WA,ANM,WE,Federal Contract Tower,0,0,23,0,23,0,3,109,12,124,0,3,132,12,147,96,6,102,249
04/08/2012,OLM,WA,ANM,WE,Federal Contract Tower,0,0,7,2,9,0,2,56,0,58,0,2,63,2,67,18,0,18,85
04/09/2012,OLM,WA,ANM,WE,Federal Contract Tower,0,3,21,2,26,0,2,97,7,106,0,5,118,9,132,148,8,156,288
04/10/2012,OLM,WA,ANM,WE,Federal Contract Tower,0,7,21,2,30,0,4,93,2,99,0,11,114,4,129,122,6,128,257
04/11/2012,OLM,WA,ANM,WE,Federal Contract Tower,0,6,26,1,33,0,1,2,0,3,0,7,28,1,36,96,0,96,132
04/12/2012,OLM,WA,ANM,WE,Federal Contract Tower,0,10,15,0,25,0,5,28,30,63,0,15,43,30,88,44,0,44,132
04/13/2012,OLM,WA,ANM,WE,Federal Contract Tower,0,3,14,0,17,0,1,71,20,92,0,4,85,20,109,22,0,22,131
04/14/2012,OLM,WA,ANM,WE,Federal Contract Tower,0,18,0,0,18,0,3,86,3,92,0,21,86,3,110,110,0,110,220
04/15/2012,OLM,WA,ANM,WE,Federal Contract Tower,0,0,8,0,8,0,2,73,4,79,0,2,81,4,87,76,0,76,163
04/16/2012,OLM,WA,ANM,WE,Federal Contract Tower,0,4,4,8,16,0,5,9,1,15,0,9,13,9,31,18,0,18,49
04/17/2012,OLM,WA,ANM,WE,Federal Contract Tower,0,6,28,4,38,0,0,57,4,61,0,6,85,8,99,120,0,120,219
04/18/2012,OLM,WA,ANM,WE,Federal Contract Tower,0,5,23,2,30,0,1,44,10,55,0,6,67,12,85,140,0,140,225
04/19/2012,OLM,WA,ANM,WE,Federal Contract Tower,0,8,6,2,16,0,0,15,8,23,0,8,21,10,39,34,0,34,73
04/20/2012,OLM,WA,ANM,WE,Federal Contract Tower,0,4,27,0,31,0,6,35,4,45,0,10,62,4,76,120,8,128,204
04/21/2012,OLM,WA,ANM,WE,Federal Contract Tower,0,0,5,0,5,0,4,89,4,97,0,4,94,4,102,110,0,110,212
04/22/2012,OLM,WA,ANM,WE,Federal Contract Tower,0,0,6,0,6,0,2,130,4,136,0,2,136,4,142,124,0,124,266
04/23/2012,OLM,WA,ANM,WE,Federal Contract Tower,0,3,8,2,13,0,0,71,2,73,0,3,79,4,86,160,0,160,246
04/24/2012,OLM,WA,ANM,WE,Federal Contract Tower,0,6,20,6,32,0,1,54,2,57,0,7,74,8,89,82,0,82,171
04/25/2012,OLM,WA,ANM,WE,Federal Contract Tower,0,6,15,1,22,0,4,41,9,54,0,10,56,10,76,120,0,120,196
04/26/2012,OLM,WA,ANM,WE,Federal Contract Tower,0,8,19,6,33,0,0,34,6,40,0,8,53,12,73,101,0,101,174
04/27/2012,OLM,WA,ANM,WE,Federal Contract Tower,0,3,11,2,16,0,2,36,2,40,0,5,47,4,56,89,0,89,145
04/28/2012,OLM,WA,ANM,WE,Federal Contract Tower,0,0,20,0,20,0,1,66,4,71,0,1,86,4,91,182,0,182,273
04/29/2012,OLM,WA,ANM,WE,Federal Contract Tower,0,2,10,1,13,0,0,43,2,45,0,2,53,3,58,108,0,108,166
04/30/2012,OLM,WA,ANM,WE,Federal Contract Tower,0,3,6,2,11,0,2,3,0,5,0,5,9,2,16,10,0,10,26
05/01/2012,OLM,WA,ANM,WE,Federal Contract Tower,0,6,10,1,17,0,3,29,3,35,0,9,39,4,52,150,0,150,202
05/02/2012,OLM,WA,ANM,WE,Federal Contract Tower,0,13,15,6,34,0,2,73,7,82,0,15,88,13,116,118,0,118,234
05/03/2012,OLM,WA,ANM,WE,Federal Contract Tower,0,8,3,6,17,0,0,0,0,0,0,8,3,6,17,0,0,0,17
05/04/2012,OLM,WA,ANM,WE,Federal Contract Tower,0,4,13,0,17,0,0,36,0,36,0,4,49,0,53,144,0,144,197
05/05/2012,OLM,WA,ANM,WE,Federal Contract Tower,0,0,13,0,13,0,0,86,5,91,0,0,99,5,104,178,0,178,282
05/06/2012,OLM,WA,ANM,WE,Federal Contract Tower,0,2,18,0,20,0,2,61,0,63,0,4,79,0,83,76,0,76,159
05/07/2012,OLM,WA,ANM,WE,Federal Contract Tower,0,3,17,0,20,0,2,103,0,105,0,5,120,0,125,128,0,128,253
05/08/2012,OLM,WA,ANM,WE,Federal Contract Tower,0,4,15,0,19,0,4,65,12,81,0,8,80,12,100,174,0,174,274
05/09/2012,OLM,WA,ANM,WE,Federal Contract Tower,0,5,32,0,37,0,3,82,18,103,0,8,114,18,140,174,0,174,314
05/10/2012,OLM,WA,ANM,WE,Federal Contract Tower,0,6,15,0,21,0,4,68,11,83,0,10,83,11,104,173,0,173,277
05/11/2012,OLM,WA,ANM,WE,Federal Contract Tower,0,3,32,0,35,0,0,87,4,91,0,3,119,4,126,80,0,80,206
05/12/2012,OLM,WA,ANM,WE,Federal Contract Tower,0,0,6,0,6,0,6,91,0,97,0,6,97,0,103,76,0,76,179
05/13/2012,OLM,WA,ANM,WE,Federal Contract Tower,0,0,1,0,1,0,0,50,0,50,0,0,51,0,51,64,0,64,115
05/14/2012,OLM,WA,ANM,WE,Federal Contract Tower,0,5,4,0,9,0,4,96,2,102,0,9,100,2,111,218,0,218,329
05/15/2012,OLM,WA,ANM,WE,Federal Contract Tower,0,5,10,0,15,0,9,72,24,105,0,14,82,24,120,172,0,172,292
05/16/2012,OLM,WA,ANM,WE,Federal Contract Tower,0,6,27,0,33,0,6,73,5,84,0,12,100,5,117,116,0,116,233
05/17/2012,OLM,WA,ANM,WE,Federal Contract Tower,0,8,18,2,28,0,7,63,0,70,0,15,81,2,98,98,0,98,196
05/18/2012,OLM,WA,ANM,WE,Federal Contract Tower,0,3,21,2,26,0,0,109,6,115,0,3,130,8,141,184,0,184,325
05/19/2012,OLM,WA,ANM,WE,Federal Contract Tower,0,1,3,0,4,0,3,103,0,106,0,4,106,0,110,188,0,188,298
05/20/2012,OLM,WA,ANM,WE,Federal Contract Tower,0,4,4,0,8,0,2,27,0,29,0,6,31,0,37,94,0,94,131
05/21/2012,OLM,WA,ANM,WE,Federal Contract Tower,0,6,17,0,23,0,2,4,8,14,0,8,21,8,37,40,0,40,77
05/22/2012,OLM,WA,ANM,WE,Federal Contract Tower,0,5,17,2,24,0,2,25,23,50,0,7,42,25,74,250,0,250,324
05/23/2012,OLM,WA,ANM,WE,Federal Contract Tower,0,6,8,1,15,0,3,19,17,39,0,9,27,18,54,105,4,109,163
05/24/2012,OLM,WA,ANM,WE,Federal Contract Tower,0,6,9,4,19,0,1,48,2,51,0,7,57,6,70,160,0,160,230
05/25/2012,OLM,WA,ANM,WE,Federal Contract Tower,0,1,12,0,13,0,3,92,2,97,0,4,104,2,110,166,0,166,276
05/26/2012,OLM,WA,ANM,WE,Federal Contract Tower,0,0,9,0,9,0,4,72,0,76,0,4,81,0,85,70,0,70,155
05/27/2012,OLM,WA,ANM,WE,Federal Contract Tower,0,0,1,0,1,0,2,23,0,25,0,2,24,0,26,71,0,71,97
05/28/2012,OLM,WA,ANM,WE,Federal Contract Tower,0,0,12,0,12,0,4,54,0,58,0,4,66,0,70,48,0,48,118
05/29/2012,OLM,WA,ANM,WE,Federal Contract Tower,0,4,9,0,13,0,2,84,18,104,0,6,93,18,117,110,44,154,271
05/30/2012,OLM,WA,ANM,WE,Federal Contract Tower,0,5,25,2,32,0,3,61,14,78,0,8,86,16,110,142,14,156,266
05/31/2012,OLM,WA,ANM,WE,Federal Contract Tower,0,6,23,0,29,0,1,14,13,28,0,7,37,13,57,82,0,82,139
06/01/2012,OLM,WA,ANM,WE,Federal Contract Tower,0,3,10,2,15,0,0,28,0,28,0,3,38,2,43,14,0,14,57
06/02/2012,OLM,WA,ANM,WE,Federal Contract Tower,0,0,32,1,33,0,3,57,7,67,0,3,89,8,100,70,14,84,184
06/03/2012,OLM,WA,ANM,WE,Federal Contract Tower,0,0,34,1,35,0,0,72,5,77,0,0,106,6,112,64,0,64,176
06/04/2012,OLM,WA,ANM,WE,Federal Contract Tower,0,3,10,0,13,0,2,12,2,16,0,5,22,2,29,22,0,22,51
06/05/2012,OLM,WA,ANM,WE,Federal Contract Tower,0,6,14,0,20,0,4,42,2,48,0,10,56,2,68,60,0,60,128
06/06/2012,OLM,WA,ANM,WE,Federal Contract Tower,0,6,13,0,19,0,0,61,8,69,0,6,74,8,88,146,0,146,234
06/07/2012,OLM,WA,ANM,WE,Federal Contract Tower,0,8,17,4,29,0,2,10,0,12,0,10,27,4,41,26,0,26,67
06/08/2012,OLM,WA,ANM,WE,Federal Contract Tower,0,3,7,4,14,0,1,32,1,34,0,4,39,5,48,24,0,24,72
06/09/2012,OLM,WA,ANM,WE,Federal Contract Tower,0,0,14,0,14,0,2,90,15,107,0,2,104,15,121,32,0,32,153
06/10/2012,OLM,WA,ANM,WE,Federal Contract Tower,0,0,8,0,8,0,0,59,14,73,0,0,67,14,81,54,0,54,135
06/11/2012,OLM,WA,ANM,WE,Federal Contract Tower,0,3,5,2,10,0,2,101,6,109,0,5,106,8,119,180,0,180,299
06/12/2012,OLM,WA,ANM,WE,Federal Contract Tower,0,6,12,3,21,0,3,10,10,23,0,9,22,13,44,74,34,108,152
06/13/2012,OLM,WA,ANM,WE,Federal Contract Tower,0,6,29,1,36,0,0,73,7,80,0,6,102,8,116,164,0,164,280
06/14/2012,OLM,WA,ANM,WE,Federal Contract Tower,0,8,14,1,23,0,2,138,24,164,0,10,152,25,187,73,0,73,260
06/15/2012,OLM,WA,ANM,WE,Federal Contract Tower,0,2,6,0,8,0,2,290,19,311,0,4,296,19,319,291,0,291,610
06/16/2012,OLM,WA,ANM,WE,Federal Contract Tower,0,3,6,0,9,0,1,122,16,139,0,4,128,16,148,704,0,704,852
06/17/2012,OLM,WA,ANM,WE,Federal Contract Tower,0,1,12,1,14,0,1,236,23,260,0,2,248,24,274,744,28,772,1046
06/18/2012,OLM,WA,ANM,WE,Federal Contract Tower,0,7,11,0,18,0,2,54,3,59,0,9,65,3,77,102,12,114,191
06/19/2012,OLM,WA,ANM,WE,Federal Contract Tower,0,5,32,3,40,0,0,62,12,74,0,5,94,15,114,174,0,174,288
06/20/2012,OLM,WA,ANM,WE,Federal Contract Tower,0,5,33,0,38,0,0,162,8,170,0,5,195,8,208,172,0,172,380
06/21/2012,OLM,WA,ANM,WE,Federal Contract Tower,0,7,29,2,38,0,2,111,4,117,0,9,140,6,155,166,0,166,321
06/22/2012,OLM,WA,ANM,WE,Federal Contract Tower,0,3,30,8,41,0,0,19,5,24,0,3,49,13,65,152,0,152,217
06/23/2012,OLM,WA,ANM,WE,Federal Contract Tower,0,0,14,4,18,0,0,12,0,12,0,0,26,4,30,38,0,38,68
06/24/2012,OLM,WA,ANM,WE,Federal Contract Tower,0,3,8,0,11,0,0,36,0,36,0,3,44,0,47,10,0,10,57
06/25/2012,OLM,WA,ANM,WE,Federal Contract Tower,0,5,5,2,12,0,0,70,7,77,0,5,75,9,89,150,0,150,239
06/26/2012,OLM,WA,ANM,WE,Federal Contract Tower,0,5,15,0,20,0,2,81,2,85,0,7,96,2,105,88,8,96,201
06/27/2012,OLM,WA,ANM,WE,Federal Contract Tower,0,4,23,8,35,0,2,101,12,115,0,6,124,20,150,234,10,244,394
06/28/2012,OLM,WA,ANM,WE,Federal Contract Tower,0,7,13,0,20,0,2,93,8,103,0,9,106,8,123,242,0,242,365
06/29/2012,OLM,WA,ANM,WE,Federal Contract Tower,0,5,9,2,16,0,12,50,2,64,0,17,59,4,80,128,0,128,208
06/30/2012,OLM,WA,ANM,WE,Federal Contract Tower,0,1,7,0,8,0,1,3,2,6,0,2,10,2,14,41,0,41,55
07/01/2012,OLM,WA,ANM,WE,Federal Contract Tower,0,0,11,0,11,0,0,51,3,54,0,0,62,3,65,82,6,88,153
07/02/2012,OLM,WA,ANM,WE,Federal Contract Tower,0,3,26,2,31,0,0,75,4,79,0,3,101,6,110,176,4,180,290
07/03/2012,OLM,WA,ANM,WE,Federal Contract Tower,0,1,4,0,5,0,4,29,1,34,0,5,33,1,39,26,0,26,65
07/04/2012,OLM,WA,ANM,WE,Federal Contract Tower,0,0,10,0,10,0,2,94,2,98,0,2,104,2,108,98,0,98,206
07/05/2012,OLM,WA,ANM,WE,Federal Contract Tower,0,4,12,1,17,0,3,102,3,108,0,7,114,4,125,56,0,56,181
07/06/2012,OLM,WA,ANM,WE,Federal Contract Tower,0,0,21,0,21,0,5,108,2,115,0,5,129,2,136,126,0,126,262
07/07/2012,OLM,WA,ANM,WE,Federal Contract Tower,0,0,4,2,6,0,5,112,2,119,0,5,116,4,125,20,0,20,145
07/08/2012,OLM,WA,ANM,WE,Federal Contract Tower,0,0,16,0,16,0,2,76,2,80,0,2,92,2,96,14,0,14,110
07/09/2012,OLM,WA,ANM,WE,Federal Contract Tower,0,7,32,0,39,0,6,51,0,57,0,13,83,0,96,132,0,132,228
07/10/2012,OLM,WA,ANM,WE,Federal Contract Tower,0,5,36,2,43,0,8,45,13,66,0,13,81,15,109,94,0,94,203
07/11/2012,OLM,WA,ANM,WE,Federal Contract Tower,0,5,23,6,34,0,2,74,6,82,0,7,97,12,116,124,4,128,244
07/12/2012,OLM,WA,ANM,WE,Federal Contract Tower,0,9,11,7,27,0,5,53,15,73,0,14,64,22,100,72,0,72,172
07/13/2012,OLM,WA,ANM,WE,Federal Contract Tower,0,3,17,4,24,0,1,48,1,50,0,4,65,5,74,139,0,139,213
07/14/2012,OLM,WA,ANM,WE,Federal Contract Tower,0,0,21,0,21,0,1,60,0,61,0,1,81,0,82,154,0,154,236
07/15/2012,OLM,WA,ANM,WE,Federal Contract Tower,0,1,10,0,11,0,4,29,0,33,0,5,39,0,44,0,0,0,44
07/16/2012,OLM,WA,ANM,WE,Federal Contract Tower,0,3,17,2,22,0,4,86,0,90,0,7,103,2,112,162,0,162,274
07/17/2012,OLM,WA,ANM,WE,Federal Contract Tower,0,6,18,0,24,0,8,59,8,75,0,14,77,8,99,120,0,120,219
07/18/2012,OLM,WA,ANM,WE,Federal Contract Tower,0,4,15,0,19,0,4,35,12,51,0,8,50,12,70,148,6,154,224
07/19/2012,OLM,WA,ANM,WE,Federal Contract Tower,0,5,14,0,19,0,0,80,2,82,0,5,94,2,101,110,4,114,215
07/20/2012,OLM,WA,ANM,WE,Federal Contract Tower,0,5,11,0,16,0,0,42,3,45,0,5,53,3,61,76,0,76,137
07/21/2012,OLM,WA,ANM,WE,Federal Contract Tower,0,1,7,0,8,0,5,97,0,102,0,6,104,0,110,66,0,66,176
07/22/2012,OLM,WA,ANM,WE,Federal Contract Tower,0,2,4,0,6,0,4,58,3,65,0,6,62,3,71,30,0,30,101
07/23/2012,OLM,WA,ANM,WE,Federal Contract Tower,0,2,10,2,14,0,0,49,10,59,0,2,59,12,73,68,6,74,147
07/24/2012,OLM,WA,ANM,WE,Federal Contract Tower,0,4,12,0,16,0,5,64,12,81,0,9,76,12,97,114,22,136,233
07/25/2012,OLM,WA,ANM,WE,Federal Contract Tower,0,4,17,2,23,0,2,95,4,101,0,6,112,6,124,68,0,68,192
07/26/2012,OLM,WA,ANM,WE,Federal Contract Tower,0,4,6,2,12,0,4,58,8,70,0,8,64,10,82,132,0,132,214
07/27/2012,OLM,WA,ANM,WE,Federal Contract Tower,0,4,23,0,27,0,4,96,10,110,0,8,119,10,137,122,0,122,259
07/28/2012,OLM,WA,ANM,WE,Federal Contract Tower,0,0,15,0,15,0,6,65,0,71,0,6,80,0,86,70,0,70,156
07/29/2012,OLM,WA,ANM,WE,Federal Contract Tower,0,0,12,2,14,0,0,59,3,62,0,0,71,5,76,56,0,56,132
07/30/2012,OLM,WA,ANM,WE,Federal Contract Tower,0,3,22,0,25,0,8,70,8,86,0,11,92,8,111,72,0,72,183
07/31/2012,OLM,WA,ANM,WE,Federal Contract Tower,0,7,27,0,34,0,4,104,8,116,0,11,131,8,150,84,0,84,234
08/01/2012,OLM,WA,ANM,WE,Federal Contract Tower,0,5,9,2,16,0,2,75,2,79,0,7,84,4,95,76,0,76,171
08/02/2012,OLM,WA,ANM,WE,Federal Contract Tower,0,7,6,2,15,0,1,52,12,65,0,8,58,14,80,46,0,46,126
08/03/2012,OLM,WA,ANM,WE,Federal Contract Tower,0,6,28,0,34,0,3,131,6,140,0,9,159,6,174,70,0,70,244
08/04/2012,OLM,WA,ANM,WE,Federal Contract Tower,0,2,8,0,10,0,3,94,0,97,0,5,102,0,107,84,0,84,191
08/05/2012,OLM,WA,ANM,WE,Federal Contract Tower,0,0,6,0,6,0,8,61,5,74,0,8,67,5,80,80,0,80,160
08/06/2012,OLM,WA,ANM,WE,Federal Contract Tower,0,5,10,0,15,0,2,91,6,99,0,7,101,6,114,138,10,148,262
08/07/2012,OLM,WA,ANM,WE,Federal Contract Tower,0,13,24,0,37,0,10,42,8,60,0,23,66,8,97,144,0,144,241
08/08/2012,OLM,WA,ANM,WE,Federal Contract Tower,0,5,9,2,16,0,10,89,7,106,0,15,98,9,122,124,0,124,246
08/09/2012,OLM,WA,ANM,WE,Federal Contract Tower,0,6,9,3,18,0,5,109,5,119,0,11,118,8,137,129,0,129,266
08/10/2012,OLM,WA,ANM,WE,Federal Contract Tower,0,7,36,0,43,0,4,112,2,118,0,11,148,2,161,142,0,142,303
08/11/2012,OLM,WA,ANM,WE,Federal Contract Tower,0,0,5,0,5,0,4,74,0,78,0,4,79,0,83,78,0,78,161
08/12/2012,OLM,WA,ANM,WE,Federal Contract Tower,0,1,8,0,9,0,0,88,2,90,0,1,96,2,99,92,0,92,191
08/13/2012,OLM,WA,ANM,WE,Federal Contract Tower,0,5,26,0,31,0,6,83,11,100,0,11,109,11,131,126,12,138,269
08/14/2012,OLM,WA,ANM,WE,Federal Contract Tower,0,5,40,0,45,0,11,93,10,114,0,16,133,10,159,135,0,135,294
08/15/2012,OLM,WA,ANM,WE,Federal Contract Tower,0,5,10,0,15,0,8,106,2,116,0,13,116,2,131,164,0,164,295
08/16/2012,OLM,WA,ANM,WE,Federal Contract Tower,0,5,7,0,12,0,5,98,10,113,0,10,105,10,125,184,0,184,309
08/17/2012,OLM,WA,ANM,WE,Federal Contract Tower,0,4,18,0,22,0,3,113,0,116,0,7,131,0,138,136,0,136,274
08/18/2012,OLM,WA,ANM,WE,Federal Contract Tower,0,0,14,0,14,0,1,24,0,25,0,1,38,0,39,52,0,52,91
08/19/2012,OLM,WA,ANM,WE,Federal Contract Tower,0,1,4,0,5,0,2,55,0,57,0,3,59,0,62,94,0,94,156
08/20/2012,OLM,WA,ANM,WE,Federal Contract Tower,0,4,16,0,20,0,2,97,3,102,0,6,113,3,122,148,0,148,270
08/21/2012,OLM,WA,ANM,WE,Federal Contract Tower,0,5,10,2,17,0,8,75,12,95,0,13,85,14,112,98,0,98,210
08/22/2012,OLM,WA,ANM,WE,Federal Contract Tower,0,6,15,0,21,0,6,79,10,95,0,12,94,10,116,80,0,80,196
08/23/2012,OLM,WA,ANM,WE,Federal Contract Tower,0,9,22,0,31,0,5,124,5,134,0,14,146,5,165,136,0,136,301
08/24/2012,OLM,WA,ANM,WE,Federal Contract Tower,0,5,15,0,20,0,7,92,0,99,0,12,107,0,119,12,0,12,131
08/25/2012,OLM,WA,ANM,WE,Federal Contract Tower,0,0,16,0,16,0,1,108,0,109,0,1,124,0,125,112,0,112,237
08/26/2012,OLM,WA,ANM,WE,Federal Contract Tower,0,1,12,0,13,0,2,50,0,52,0,3,62,0,65,40,0,40,105
08/27/2012,OLM,WA,ANM,WE,Federal Contract Tower,0,4,21,3,28,0,5,58,12,75,0,9,79,15,103,54,6,60,163
08/28/2012,OLM,WA,ANM,WE,Federal Contract Tower,0,13,11,2,26,0,6,79,11,96,0,19,90,13,122,80,0,80,202
08/29/2012,OLM,WA,ANM,WE,Federal Contract Tower,0,5,20,0,25,0,10,87,7,104,0,15,107,7,129,118,0,118,247
08/30/2012,OLM,WA,ANM,WE,Federal Contract Tower,0,5,19,0,24,0,9,66,0,75,0,14,85,0,99,115,0,115,214
08/31/2012,OLM,WA,ANM,WE,Federal Contract Tower,0,0,10,0,10,0,8,108,0,116,0,8,118,0,126,157,0,157,283
09/01/2012,OLM,WA,ANM,WE,Federal Contract Tower,0,0,5,0,5,0,0,80,1,81,0,0,85,1,86,58,0,58,144
09/02/2012,OLM,WA,ANM,WE,Federal Contract Tower,0,0,5,0,5,0,4,96,0,100,0,4,101,0,105,32,0,32,137
09/03/2012,OLM,WA,ANM,WE,Federal Contract Tower,0,2,2,0,4,0,4,51,0,55,0,6,53,0,59,24,0,24,83
09/04/2012,OLM,WA,ANM,WE,Federal Contract Tower,0,5,13,0,18,0,11,49,0,60,0,16,62,0,78,38,0,38,116
09/05/2012,OLM,WA,ANM,WE,Federal Contract Tower,0,5,24,2,31,0,7,92,2,101,0,12,116,4,132,116,0,116,248
09/06/2012,OLM,WA,ANM,WE,Federal Contract Tower,0,7,14,2,23,0,8,84,5,97,0,15,98,7,120,142,0,142,262
09/07/2012,OLM,WA,ANM,WE,Federal Contract Tower,0,3,16,0,19,0,1,122,14,137,0,4,138,14,156,178,0,178,334
09/08/2012,OLM,WA,ANM,WE,Federal Contract Tower,0,1,16,0,17,0,2,137,1,140,0,3,153,1,157,132,0,132,289
09/09/2012,OLM,WA,ANM,WE,Federal Contract Tower,0,2,19,0,21,0,6,23,8,37,0,8,42,8,58,18,0,18,76
09/10/2012,OLM,WA,ANM,WE,Federal Contract Tower,0,5,7,0,12,0,2,50,2,54,0,7,57,2,66,142,0,142,208
09/11/2012,OLM,WA,ANM,WE,Federal Contract Tower,0,4,13,2,19,0,3,103,2,108,0,7,116,4,127,110,0,110,237
09/12/2012,OLM,WA,ANM,WE,Federal Contract Tower,0,6,16,2,24,0,2,72,0,74,0,8,88,2,98,112,0,112,210
09/13/2012,OLM,WA,ANM,WE,Federal Contract Tower,0,4,28,2,34,0,8,140,6,154,0,12,168,8,188,56,10,66,254
09/14/2012,OLM,WA,ANM,WE,Federal Contract Tower,0,3,32,0,35,0,8,84,4,96,0,11,116,4,131,52,0,52,183
09/15/2012,OLM,WA,ANM,WE,Federal Contract Tower,0,1,15,0,16,0,3,55,0,58,0,4,70,0,74,87,0,87,161
09/16/2012,OLM,WA,ANM,WE,Federal Contract Tower,0,0,3,0,3,0,4,54,2,60,0,4,57,2,63,34,0,34,97
09/17/2012,OLM,WA,ANM,WE,Federal Contract Tower,0,2,16,0,18,0,4,75,12,91,0,6,91,12,109,118,0,118,227
09/18/2012,OLM,WA,ANM,WE,Federal Contract Tower,0,9,17,6,32,0,4,98,20,122,0,13,115,26,154,208,0,208,362
09/19/2012,OLM,WA,ANM,WE,Federal Contract Tower,0,7,10,0,17,0,5,49,4,58,0,12,59,4,75,118,0,118,193
09/20/2012,OLM,WA,ANM,WE,Federal Contract Tower,0,9,22,0,31,0,5,59,0,64,0,14,81,0,95,92,0,92,187
09/21/2012,OLM,WA,ANM,WE,Federal Contract Tower,0,3,30,0,33,0,7,44,4,55,0,10,74,4,88,120,0,120,208
09/22/2012,OLM,WA,ANM,WE,Federal Contract Tower,0,2,9,0,11,0,3,66,0,69,0,5,75,0,80,75,0,75,155
09/23/2012,OLM,WA,ANM,WE,Federal Contract Tower,0,2,18,0,20,0,4,77,0,81,0,6,95,0,101,22,0,22,123
09/24/2012,OLM,WA,ANM,WE,Federal Contract Tower,0,3,3,0,6,0,0,64,9,73,0,3,67,9,79,80,8,88,167
09/25/2012,OLM,WA,ANM,WE,Federal Contract Tower,0,5,21,4,30,0,10,61,2,73,0,15,82,6,103,198,0,198,301
09/26/2012,OLM,WA,ANM,WE,Federal Contract Tower,0,3,15,6,24,0,2,73,6,81,0,5,88,12,105,106,0,106,211
09/27/2012,OLM,WA,ANM,WE,Federal Contract Tower,0,9,20,0,29,0,7,90,8,105,0,16,110,8,134,100,0,100,234
09/28/2012,OLM,WA,ANM,WE,Federal Contract Tower,0,3,16,2,21,0,7,89,0,96,0,10,105,2,117,184,0,184,301
09/29/2012,OLM,WA,ANM,WE,Federal Contract Tower,0,0,6,0,6,0,4,80,0,84,0,4,86,0,90,109,0,109,199
09/30/2012,OLM,WA,ANM,WE,Federal Contract Tower,0,0,4,0,4,0,0,87,2,89,0,0,91,2,93,48,6,54,147
10/01/2012,OLM,WA,ANM,WE,Federal Contract Tower,0,3,13,0,16,0,8,77,2,87,0,11,90,2,103,62,0,62,165
10/02/2012,OLM,WA,ANM,WE,Federal Contract Tower,0,5,24,0,29,0,0,66,7,73,0,5,90,7,102,92,16,108,210
10/03/2012,OLM,WA,ANM,WE,Federal Contract Tower,0,6,20,3,29,0,10,73,4,87,0,16,93,7,116,62,0,62,178
10/04/2012,OLM,WA,ANM,WE,Federal Contract Tower,0,5,10,0,15,0,0,127,5,132,0,5,137,5,147,92,0,92,239
10/05/2012,OLM,WA,ANM,WE,Federal Contract Tower,0,3,20,4,27,0,7,88,0,95,0,10,108,4,122,42,0,42,164
10/06/2012,OLM,WA,ANM,WE,Federal Contract Tower,0,0,6,0,6,0,2,65,0,67,0,2,71,0,73,40,0,40,113
10/07/2012,OLM,WA,ANM,WE,Federal Contract Tower,0,0,5,0,5,0,2,84,0,86,0,2,89,0,91,50,0,50,141
10/08/2012,OLM,WA,ANM,WE,Federal Contract Tower,0,3,29,0,32,0,10,76,3,89,0,13,105,3,121,100,0,100,221
10/09/2012,OLM,WA,ANM,WE,Federal Contract Tower,0,6,13,0,19,0,12,55,1,68,0,18,68,1,87,90,0,90,177
10/10/2012,OLM,WA,ANM,WE,Federal Contract Tower,0,8,13,0,21,0,4,22,0,26,0,12,35,0,47,26,0,26,73
10/11/2012,OLM,WA,ANM,WE,Federal Contract Tower,0,6,12,0,18,0,5,44,2,51,0,11,56,2,69,117,0,117,186
10/12/2012,OLM,WA,ANM,WE,Federal Contract Tower,0,7,14,0,21,0,0,4,2,6,0,7,18,2,27,34,0,34,61
10/13/2012,OLM,WA,ANM,WE,Federal Contract Tower,0,1,26,2,29,0,3,1,0,4,0,4,27,2,33,24,0,24,57
10/14/2012,OLM,WA,ANM,WE,Federal Contract Tower,0,0,10,0,10,0,1,1,0,2,0,1,11,0,12,24,0,24,36
10/15/2012,OLM,WA,ANM,WE,Federal Contract Tower,0,3,8,0,11,0,0,4,12,16,0,3,12,12,27,52,0,52,79
10/16/2012,OLM,WA,ANM,WE,Federal Contract Tower,0,5,15,4,24,0,5,35,16,56,0,10,50,20,80,16,0,16,96
10/17/2012,OLM,WA,ANM,WE,Federal Contract Tower,0,7,27,8,42,0,7,63,10,80,0,14,90,18,122,190,10,200,322
10/18/2012,OLM,WA,ANM,WE,Federal Contract Tower,0,5,21,2,28,0,2,76,2,80,0,7,97,4,108,158,0,158,266
10/19/2012,OLM,WA,ANM,WE,Federal Contract Tower,0,6,20,0,26,0,2,16,0,18,0,8,36,0,44,116,0,116,160
10/20/2012,OLM,WA,ANM,WE,Federal Contract Tower,0,0,12,0,12,0,0,15,0,15,0,0,27,0,27,10,0,10,37
10/21/2012,OLM,WA,ANM,WE,Federal Contract Tower,0,0,13,0,13,0,0,25,4,29,0,0,38,4,42,42,6,48,90
10/22/2012,OLM,WA,ANM,WE,Federal Contract Tower,0,10,16,0,26,0,0,0,0,0,0,10,16,0,26,4,0,4,30
10/23/2012,OLM,WA,ANM,WE,Federal Contract Tower,0,5,17,0,22,0,2,14,6,22,0,7,31,6,44,52,10,62,106
10/24/2012,OLM,WA,ANM,WE,Federal Contract Tower,0,8,21,2,31,0,2,49,12,63,0,10,70,14,94,136,0,136,230
10/25/2012,OLM,WA,ANM,WE,Federal Contract Tower,0,7,26,6,39,0,4,48,10,62,0,11,74,16,101,156,14,170,271
10/26/2012,OLM,WA,ANM,WE,Federal Contract Tower,0,3,22,0,25,0,0,2,2,4,0,3,24,2,29,28,0,28,57
10/27/2012,OLM,WA,ANM,WE,Federal Contract Tower,0,0,13,0,13,0,0,0,0,0,0,0,13,0,13,0,0,0,13
10/28/2012,OLM,WA,ANM,WE,Federal Contract Tower,0,0,14,0,14,0,0,9,0,9,0,0,23,0,23,34,0,34,57
10/29/2012,OLM,WA,ANM,WE,Federal Contract Tower,0,3,8,4,15,0,2,10,0,12,0,5,18,4,27,0,0,0,27
10/30/2012,OLM,WA,ANM,WE,Federal Contract Tower,0,5,10,4,19,0,0,1,0,1,0,5,11,4,20,0,0,0,20
10/31/2012,OLM,WA,ANM,WE,Federal Contract Tower,0,8,12,8,28,0,2,24,10,36,0,10,36,18,64,58,0,58,122
11/01/2012,OLM,WA,ANM,WE,Federal Contract Tower,0,5,12,2,19,0,2,51,2,55,0,7,63,4,74,102,10,112,186
11/02/2012,OLM,WA,ANM,WE,Federal Contract Tower,0,5,15,2,22,0,5,59,2,66,0,10,74,4,88,182,0,182,270
11/03/2012,OLM,WA,ANM,WE,Federal Contract Tower,0,0,10,0,10,0,1,31,4,36,0,1,41,4,46,190,0,190,236
11/04/2012,OLM,WA,ANM,WE,Federal Contract Tower,0,2,12,0,14,0,0,26,0,26,0,2,38,0,40,80,0,80,120
11/05/2012,OLM,WA,ANM,WE,Federal Contract Tower,0,4,11,0,15,0,3,92,7,102,0,7,103,7,117,242,2,244,361
11/06/2012,OLM,WA,ANM,WE,Federal Contract Tower,0,10,29,0,39,0,0,9,32,41,0,10,38,32,80,106,14,120,200
11/07/2012,OLM,WA,ANM,WE,Federal Contract Tower,0,7,10,6,23,0,3,42,12,57,0,10,52,18,80,86,0,86,166
11/08/2012,OLM,WA,ANM,WE,Federal Contract Tower,0,6,20,5,31,0,0,69,4,73,0,6,89,9,104,146,0,146,250
11/09/2012,OLM,WA,ANM,WE,Federal Contract Tower,0,6,16,0,22,0,0,94,23,117,0,6,110,23,139,162,0,162,301
11/10/2012,OLM,WA,ANM,WE,Federal Contract Tower,0,0,8,0,8,0,4,120,1,125,0,4,128,1,133,200,0,200,333
11/11/2012,OLM,WA,ANM,WE,Federal Contract Tower,0,0,7,0,7,0,0,5,0,5,0,0,12,0,12,0,0,0,12
11/12/2012,OLM,WA,ANM,WE,Federal Contract Tower,0,3,10,0,13,0,0,16,0,16,0,3,26,0,29,104,0,104,133
11/13/2012,OLM,WA,ANM,WE,Federal Contract Tower,0,5,6,0,11,0,1,22,6,29,0,6,28,6,40,70,0,70,110
11/14/2012,OLM,WA,ANM,WE,Federal Contract Tower,0,7,16,2,25,0,0,22,9,31,0,7,38,11,56,38,0,38,94
11/15/2012,OLM,WA,ANM,WE,Federal Contract Tower,0,7,27,2,36,0,0,15,18,33,0,7,42,20,69,82,10,92,161
11/16/2012,OLM,WA,ANM,WE,Federal Contract Tower,0,5,16,0,21,0,1,15,3,19,0,6,31,3,40,84,0,84,124
11/17/2012,OLM,WA,ANM,WE,Federal Contract Tower,0,0,13,0,13,0,3,19,1,23,0,3,32,1,36,4,0,4,40
11/18/2012,OLM,WA,ANM,WE,Federal Contract Tower,0,4,8,0,12,0,1,4,0,5,0,5,12,0,17,14,0,14,31
11/19/2012,OLM,WA,ANM,WE,Federal Contract Tower,0,0,1,0,1,0,0,3,0,3,0,0,4,0,4,0,0,0,4
11/20/2012,OLM,WA,ANM,WE,Federal Contract Tower,0,0,7,0,7,0,0,25,15,40,0,0,32,15,47,54,34,88,135
11/21/2012,OLM,WA,ANM,WE,Federal Contract Tower,0,0,4,0,4,0,2,21,2,25,0,2,25,2,29,18,0,18,47
11/22/2012,OLM,WA,ANM,WE,Federal Contract Tower,0,0,9,0,9,0,0,5,0,5,0,0,14,0,14,4,0,4,18
11/23/2012,OLM,WA,ANM,WE,Federal Contract Tower,0,1,11,0,12,0,0,2,0,2,0,1,13,0,14,6,0,6,20
11/24/2012,OLM,WA,ANM,WE,Federal Contract Tower,0,0,0,0,0,0,0,20,0,20,0,0,20,0,20,36,0,36,56
11/25/2012,OLM,WA,ANM,WE,Federal Contract Tower,0,1,10,0,11,0,2,76,0,78,0,3,86,0,89,116,0,116,205
11/26/2012,OLM,WA,ANM,WE,Federal Contract Tower,0,7,15,0,22,0,4,54,13,71,0,11,69,13,93,68,2,70,163
11/27/2012,OLM,WA,ANM,WE,Federal Contract Tower,0,7,22,0,29,0,3,53,4,60,0,10,75,4,89,74,0,74,163
11/28/2012,OLM,WA,ANM,WE,Federal Contract Tower,0,3,24,4,31,0,0,10,0,10,0,3,34,4,41,32,0,32,73
11/29/2012,OLM,WA,ANM,WE,Federal Contract Tower,0,9,18,4,31,0,1,18,19,38,0,10,36,23,69,64,0,64,133
11/30/2012,OLM,WA,ANM,WE,Federal Contract Tower,0,3,0,4,7,0,0,17,0,17,0,3,17,4,24,20,0,20,44
12/01/2012,OLM,WA,ANM,WE,Federal Contract Tower,0,0,13,0,13,0,0,8,0,8,0,0,21,0,21,42,0,42,63
12/02/2012,OLM,WA,ANM,WE,Federal Contract Tower,0,0,2,0,2,0,2,6,1,9,0,2,8,1,11,4,0,4,15
12/03/2012,OLM,WA,ANM,WE,Federal Contract Tower,0,10,5,0,15,0,2,2,12,16,0,12,7,12,31,94,2,96,127
12/04/2012,OLM,WA,ANM,WE,Federal Contract Tower,0,5,14,0,19,0,3,20,26,49,0,8,34,26,68,52,34,86,154
12/05/2012,OLM,WA,ANM,WE,Federal Contract Tower,0,4,28,0,32,0,5,48,11,64,0,9,76,11,96,144,0,144,240
12/06/2012,OLM,WA,ANM,WE,Federal Contract Tower,0,5,12,0,17,0,0,12,11,23,0,5,24,11,40,12,0,12,52
12/07/2012,OLM,WA,ANM,WE,Federal Contract Tower,0,5,25,0,30,0,0,14,11,25,0,5,39,11,55,86,0,86,141
12/08/2012,OLM,WA,ANM,WE,Federal Contract Tower,0,2,14,2,18,0,0,44,24,68,0,2,58,26,86,118,0,118,204
12/09/2012,OLM,WA,ANM,WE,Federal Contract Tower,0,4,11,0,15,0,0,0,0,0,0,4,11,0,15,0,0,0,15
12/10/2012,OLM,WA,ANM,WE,Federal Contract Tower,0,5,8,0,13,0,0,11,0,11,0,5,19,0,24,76,0,76,100
12/11/2012,OLM,WA,ANM,WE,Federal Contract Tower,0,7,13,0,20,0,0,14,6,20,0,7,27,6,40,72,0,72,112
12/12/2012,OLM,WA,ANM,WE,Federal Contract Tower,0,7,23,1,31,0,2,45,9,56,0,9,68,10,87,116,0,116,203
12/13/2012,OLM,WA,ANM,WE,Federal Contract Tower,0,7,24,4,35,0,1,83,7,91,0,8,107,11,126,112,15,127,253
12/14/2012,OLM,WA,ANM,WE,Federal Contract Tower,0,3,6,0,9,0,6,35,0,41,0,9,41,0,50,116,0,116,166
12/15/2012,OLM,WA,ANM,WE,Federal Contract Tower,0,0,1,0,1,0,0,6,2,8,0,0,7,2,9,8,0,8,17
12/16/2012,OLM,WA,ANM,WE,Federal Contract Tower,0,0,1,0,1,0,2,2,0,4,0,2,3,0,5,8,0,8,13
12/17/2012,OLM,WA,ANM,WE,Federal Contract Tower,0,5,7,0,12,0,0,2,0,2,0,5,9,0,14,0,0,0,14
12/18/2012,OLM,WA,ANM,WE,Federal Contract Tower,0,11,7,0,18,0,0,14,17,31,0,11,21,17,49,66,0,66,115
12/19/2012,OLM,WA,ANM,WE,Federal Contract Tower,0,6,3,0,9,0,0,4,0,4,0,6,7,0,13,0,0,0,13
12/20/2012,OLM,WA,ANM,WE,Federal Contract Tower,0,5,6,0,11,0,0,11,9,20,0,5,17,9,31,0,0,0,31
12/21/2012,OLM,WA,ANM,WE,Federal Contract Tower,0,3,7,0,10,0,2,53,1,56,0,5,60,1,66,48,0,48,114
12/22/2012,OLM,WA,ANM,WE,Federal Contract Tower,0,0,6,0,6,0,4,16,0,20,0,4,22,0,26,28,0,28,54
12/23/2012,OLM,WA,ANM,WE,Federal Contract Tower,0,0,3,0,3,0,2,17,0,19,0,2,20,0,22,8,0,8,30
12/24/2012,OLM,WA,ANM,WE,Federal Contract Tower,0,0,0,0,0,0,0,4,0,4,0,0,4,0,4,0,0,0,4
12/25/2012,OLM,WA,ANM,WE,Federal Contract Tower,0,2,0,0,2,0,0,0,0,0,0,2,0,0,2,0,0,0,2
12/26/2012,OLM,WA,ANM,WE,Federal Contract Tower,0,0,10,0,10,0,7,20,0,27,0,7,30,0,37,0,0,0,37
12/27/2012,OLM,WA,ANM,WE,Federal Contract Tower,0,4,9,0,13,0,4,63,3,70,0,8,72,3,83,86,0,86,169
12/28/2012,OLM,WA,ANM,WE,Federal Contract Tower,0,1,13,2,16,0,0,53,0,53,0,1,66,2,69,126,8,134,203
12/29/2012,OLM,WA,ANM,WE,Federal Contract Tower,0,0,17,0,17,0,5,19,2,26,0,5,36,2,43,2,0,2,45
12/30/2012,OLM,WA,ANM,WE,Federal Contract Tower,0,0,2,0,2,0,0,33,0,33,0,0,35,0,35,30,0,30,65
12/31/2012,OLM,WA,ANM,WE,Federal Contract Tower,0,0,2,0,2,0,0,2,0,2,0,0,4,0,4,10,0,10,14
01/01/2013,OLM,WA,ANM,WE,Federal Contract Tower,0,0,7,0,7,0,4,28,0,32,0,4,35,0,39,42,0,42,81
01/02/2013,OLM,WA,ANM,WE,Federal Contract Tower,0,0,9,0,9,0,0,70,0,70,0,0,79,0,79,70,0,70,149
01/03/2013,OLM,WA,ANM,WE,Federal Contract Tower,0,0,19,0,19,0,2,91,25,118,0,2,110,25,137,104,0,104,241
01/04/2013,OLM,WA,ANM,WE,Federal Contract Tower,0,1,18,2,21,0,2,40,0,42,0,3,58,2,63,40,0,40,103
01/05/2013,OLM,WA,ANM,WE,Federal Contract Tower,0,2,9,2,13,0,2,19,3,24,0,4,28,5,37,2,0,2,39
01/06/2013,OLM,WA,ANM,WE,Federal Contract Tower,0,3,2,0,5,0,0,24,2,26,0,3,26,2,31,110,0,110,141
01/07/2013,OLM,WA,ANM,WE,Federal Contract Tower,0,0,3,0,3,0,0,0,4,4,0,0,3,4,7,0,14,14,21
01/08/2013,OLM,WA,ANM,WE,Federal Contract Tower,0,0,18,4,22,0,0,1,0,1,0,0,19,4,23,0,0,0,23
01/09/2013,OLM,WA,ANM,WE,Federal Contract Tower,0,0,7,0,7,0,4,48,20,72,0,4,55,20,79,214,28,242,321
01/10/2013,OLM,WA,ANM,WE,Federal Contract Tower,0,4,7,0,11,0,0,4,0,4,0,4,11,0,15,12,0,12,27
01/11/2013,OLM,WA,ANM,WE,Federal Contract Tower,0,3,15,0,18,0,2,73,12,87,0,5,88,12,105,103,0,103,208
01/12/2013,OLM,WA,ANM,WE,Federal Contract Tower,0,2,17,0,19,0,0,41,0,41,0,2,58,0,60,6,0,6,66
01/13/2013,OLM,WA,ANM,WE,Federal Contract Tower,0,0,2,0,2,0,2,59,12,73,0,2,61,12,75,140,0,140,215
01/14/2013,OLM,WA,ANM,WE,Federal Contract Tower,0,3,6,2,11,0,0,2,0,2,0,3,8,2,13,34,0,34,47
01/15/2013,OLM,WA,ANM,WE,Federal Contract Tower,0,8,15,2,25,0,0,31,12,43,0,8,46,14,68,134,0,134,202
01/16/2013,OLM,WA,ANM,WE,Federal Contract Tower,0,5,13,0,18,0,0,6,8,14,0,5,19,8,32,90,0,90,122
01/17/2013,OLM,WA,ANM,WE,Federal Contract Tower,0,1,2,0,3,0,0,0,0,0,0,1,2,0,3,0,0,0,3
01/18/2013,OLM,WA,ANM,WE,Federal Contract Tower,0,7,24,0,31,0,3,46,0,49,0,10,70,0,80,110,0,110,190
01/19/2013,OLM,WA,ANM,WE,Federal Contract Tower,0,0,2,0,2,0,0,0,0,0,0,0,2,0,2,14,0,14,16
01/20/2013,OLM,WA,ANM,WE,Federal Contract Tower,0,0,7,0,7,0,0,0,0,0,0,0,7,0,7,28,0,28,35
01/21/2013,OLM,WA,ANM,WE,Federal Contract Tower,0,3,1,0,4,0,0,0,0,0,0,3,1,0,4,0,0,0,4
01/22/2013,OLM,WA,ANM,WE,Federal Contract Tower,0,0,26,0,26,0,0,62,8,70,0,0,88,8,96,130,0,130,226
01/23/2013,OLM,WA,ANM,WE,Federal Contract Tower,0,8,11,0,19,0,0,46,22,68,0,8,57,22,87,156,0,156,243
01/24/2013,OLM,WA,ANM,WE,Federal Contract Tower,0,3,12,4,19,0,0,32,17,49,0,3,44,21,68,68,0,68,136
01/25/2013,OLM,WA,ANM,WE,Federal Contract Tower,0,3,22,0,25,0,2,35,7,44,0,5,57,7,69,46,0,46,115
01/26/2013,OLM,WA,ANM,WE,Federal Contract Tower,0,0,12,0,12,0,2,47,13,62,0,2,59,13,74,206,0,206,280
01/27/2013,OLM,WA,ANM,WE,Federal Contract Tower,0,0,2,0,2,0,2,9,0,11,0,2,11,0,13,10,0,10,23
01/28/2013,OLM,WA,ANM,WE,Federal Contract Tower,0,4,14,2,20,0,2,51,0,53,0,6,65,2,73,144,0,144,217
01/29/2013,OLM,WA,ANM,WE,Federal Contract Tower,0,9,23,2,34,0,8,22,12,42,0,17,45,14,76,150,17,167,243
01/30/2013,OLM,WA,ANM,WE,Federal Contract Tower,0,24,19,2,45,0,0,14,0,14,0,24,33,2,59,51,0,51,110
01/31/2013,OLM,WA,ANM,WE,Federal Contract Tower,0,17,13,2,32,0,12,77,27,116,0,29,90,29,148,112,0,112,260
02/01/2013,OLM,WA,ANM,WE,Federal Contract Tower,0,3,31,0,34,0,0,63,0,63,0,3,94,0,97,136,0,136,233
02/02/2013,OLM,WA,ANM,WE,Federal Contract Tower,0,2,12,0,14,0,0,17,0,17,0,2,29,0,31,68,0,68,99
02/03/2013,OLM,WA,ANM,WE,Federal Contract Tower,0,0,10,0,10,0,0,11,5,16,0,0,21,5,26,0,0,0,26
02/04/2013,OLM,WA,ANM,WE,Federal Contract Tower,0,7,15,4,26,0,0,62,6,68,0,7,77,10,94,82,10,92,186
02/05/2013,OLM,WA,ANM,WE,Federal Contract Tower,0,6,8,0,14,0,0,38,14,52,0,6,46,14,66,123,0,123,189
02/06/2013,OLM,WA,ANM,WE,Federal Contract Tower,0,8,7,0,15,0,6,44,39,89,0,14,51,39,104,124,0,124,228
02/07/2013,OLM,WA,ANM,WE,Federal Contract Tower,0,6,12,0,18,0,7,60,14,81,0,13,72,14,99,108,0,108,207
02/08/2013,OLM,WA,ANM,WE,Federal Contract Tower,0,5,8,0,13,0,2,50,5,57,0,7,58,5,70,195,36,231,301
02/09/2013,OLM,WA,ANM,WE,Federal Contract Tower,0,0,5,2,7,0,3,85,8,96,0,3,90,10,103,186,0,186,289
02/10/2013,OLM,WA,ANM,WE,Federal Contract Tower,0,1,14,0,15,0,0,30,3,33,0,1,44,3,48,88,0,88,136
02/11/2013,OLM,WA,ANM,WE,Federal Contract Tower,0,5,5,0,10,0,2,31,8,41,0,7,36,8,51,86,24,110,161
02/12/2013,OLM,WA,ANM,WE,Federal Contract Tower,0,6,18,24,48,0,2,13,0,15,0,8,31,24,63,82,0,82,145
02/13/2013,OLM,WA,ANM,WE,Federal Contract Tower,0,5,19,16,40,0,2,52,10,64,0,7,71,26,104,86,8,94,198
02/14/2013,OLM,WA,ANM,WE,Federal Contract Tower,0,5,19,2,26,0,0,7,14,21,0,5,26,16,47,134,0,134,181
02/15/2013,OLM,WA,ANM,WE,Federal Contract Tower,0,0,19,2,21,0,4,76,5,85,0,4,95,7,106,118,34,152,258
02/16/2013,OLM,WA,ANM,WE,Federal Contract Tower,0,0,3,0,3,0,0,15,3,18,0,0,18,3,21,28,0,28,49
02/17/2013,OLM,WA,ANM,WE,Federal Contract Tower,0,2,20,0,22,0,0,59,14,73,0,2,79,14,95,126,0,126,221
02/18/2013,OLM,WA,ANM,WE,Federal Contract Tower,0,0,8,0,8,0,0,39,0,39,0,0,47,0,47,92,0,92,139
02/19/2013,OLM,WA,ANM,WE,Federal Contract Tower,0,0,13,0,13,0,4,82,23,109,0,4,95,23,122,116,0,116,238
02/20/2013,OLM,WA,ANM,WE,Federal Contract Tower,0,4,12,0,16,0,0,30,86,116,0,4,42,86,132,80,0,80,212
02/21/2013,OLM,WA,ANM,WE,Federal Contract Tower,0,0,0,4,4,0,4,3,74,81,0,4,3,78,85,86,0,86,171
02/22/2013,OLM,WA,ANM,WE,Federal Contract Tower,0,0,3,2,5,0,0,2,10,12,0,0,5,12,17,0,0,0,17
02/23/2013,OLM,WA,ANM,WE,Federal Contract Tower,0,0,12,0,12,0,4,31,2,37,0,4,43,2,49,34,0,34,83
02/24/2013,OLM,WA,ANM,WE,Federal Contract Tower,0,0,8,0,8,0,2,9,0,11,0,2,17,0,19,2,0,2,21
02/25/2013,OLM,WA,ANM,WE,Federal Contract Tower,0,0,10,10,20,0,0,6,6,12,0,0,16,16,32,28,0,28,60
02/26/2013,OLM,WA,ANM,WE,Federal Contract Tower,0,0,18,7,25,0,2,78,95,175,0,2,96,102,200,110,52,162,362
02/27/2013,OLM,WA,ANM,WE,Federal Contract Tower,0,0,9,8,17,0,2,46,36,84,0,2,55,44,101,50,158,208,309
02/28/2013,OLM,WA,ANM,WE,Federal Contract Tower,0,4,13,22,39,0,2,1,0,3,0,6,14,22,42,10,0,10,52
03/01/2013,OLM,WA,ANM,WE,Federal Contract Tower,0,2,7,10,19,0,3,22,8,33,0,5,29,18,52,52,36,88,140
03/02/2013,OLM,WA,ANM,WE,Federal Contract Tower,0,2,29,2,33,0,4,34,0,38,0,6,63,2,71,46,0,46,117
03/03/2013,OLM,WA,ANM,WE,Federal Contract Tower,0,0,13,0,13,0,2,79,0,81,0,2,92,0,94,86,0,86,180
03/04/2013,OLM,WA,ANM,WE,Federal Contract Tower,0,3,24,4,31,0,4,125,14,143,0,7,149,18,174,156,20,176,350
03/05/2013,OLM,WA,ANM,WE,Federal Contract Tower,0,6,18,0,24,0,2,48,24,74,0,8,66,24,98,100,18,118,216
03/06/2013,OLM,WA,ANM,WE,Federal Contract Tower,0,7,23,2,32,0,4,11,2,17,0,11,34,4,49,58,16,74,123
03/07/2013,OLM,WA,ANM,WE,Federal Contract Tower,0,5,15,2,22,0,3,77,37,117,0,8,92,39,139,114,0,114,253
03/08/2013,OLM,WA,ANM,WE,Federal Contract Tower,0,10,22,0,32,0,1,53,12,66,0,11,75,12,98,68,0,68,166
03/09/2013,OLM,WA,ANM,WE,Federal Contract Tower,0,2,28,0,30,0,2,105,1,108,0,4,133,1,138,68,0,68,206
03/10/2013,OLM,WA,ANM,WE,Federal Contract Tower,0,0,22,0,22,0,2,46,0,48,0,2,68,0,70,158,0,158,228
03/11/2013,OLM,WA,ANM,WE,Federal Contract Tower,0,6,27,0,33,0,2,3,0,5,0,8,30,0,38,72,0,72,110
03/12/2013,OLM,WA,ANM,WE,Federal Contract Tower,0,10,15,0,25,0,10,15,4,29,0,20,30,4,54,90,18,108,162
03/13/2013,OLM,WA,ANM,WE,Federal Contract Tower,0,11,26,0,37,0,0,23,10,33,0,11,49,10,70,108,58,166,236
03/14/2013,OLM,WA,ANM,WE,Federal Contract Tower,0,5,18,0,23,0,0,32,30,62,0,5,50,30,85,104,0,104,189
03/15/2013,OLM,WA,ANM,WE,Federal Contract Tower,0,4,10,6,20,0,5,52,8,65,0,9,62,14,85,174,0,174,259
03/16/2013,OLM,WA,ANM,WE,Federal Contract Tower,0,0,8,0,8,0,0,19,0,19,0,0,27,0,27,102,0,102,129
03/17/2013,OLM,WA,ANM,WE,Federal Contract Tower,0,0,4,0,4,0,0,21,0,21,0,0,25,0,25,20,0,20,45
03/18/2013,OLM,WA,ANM,WE,Federal Contract Tower,0,4,12,12,28,0,4,52,24,80,0,8,64,36,108,124,30,154,262
03/19/2013,OLM,WA,ANM,WE,Federal Contract Tower,0,9,19,6,34,0,2,61,8,71,0,11,80,14,105,216,36,252,357
03/20/2013,OLM,WA,ANM,WE,Federal Contract Tower,0,0,6,1,7,0,0,0,1,1,0,0,6,2,8,0,0,0,8
03/21/2013,OLM,WA,ANM,WE,Federal Contract Tower,0,11,6,6,23,0,2,28,2,32,0,13,34,8,55,96,6,102,157
03/22/2013,OLM,WA,ANM,WE,Federal Contract Tower,0,9,8,0,17,0,2,55,1,58,0,11,63,1,75,122,0,122,197
03/23/2013,OLM,WA,ANM,WE,Federal Contract Tower,0,0,12,1,13,0,2,76,5,83,0,2,88,6,96,82,8,90,186
03/24/2013,OLM,WA,ANM,WE,Federal Contract Tower,0,0,25,0,25,0,0,46,1,47,0,0,71,1,72,18,0,18,90
03/25/2013,OLM,WA,ANM,WE,Federal Contract Tower,0,2,21,8,31,0,4,77,10,91,0,6,98,18,122,194,22,216,338
03/26/2013,OLM,WA,ANM,WE,Federal Contract Tower,0,0,24,2,26,0,1,85,1,87,0,1,109,3,113,128,0,128,241
03/27/2013,OLM,WA,ANM,WE,Federal Contract Tower,0,8,28,0,36,0,2,62,0,64,0,10,90,0,100,108,0,108,208
03/28/2013,OLM,WA,ANM,WE,Federal Contract Tower,0,5,17,0,22,0,2,41,20,63,0,7,58,20,85,162,18,180,265
03/29/2013,OLM,WA,ANM,WE,Federal Contract Tower,0,4,13,0,17,0,2,60,49,111,0,6,73,49,128,132,2,134,262
03/30/2013,OLM,WA,ANM,WE,Federal Contract Tower,0,0,25,0,25,0,1,100,0,101,0,1,125,0,126,66,0,66,192
03/31/2013,OLM,WA,ANM,WE,Federal Contract Tower,0,0,0,0,0,0,3,46,0,49,0,3,46,0,49,34,0,34,83
04/01/2013,OLM,WA,ANM,WE,Federal Contract Tower,0,3,19,18,40,0,0,45,7,52,0,3,64,25,92,141,8,149,241
04/02/2013,OLM,WA,ANM,WE,Federal Contract Tower,0,8,27,18,53,0,4,44,2,50,0,12,71,20,103,118,0,118,221
04/03/2013,OLM,WA,ANM,WE,Federal Contract Tower,0,4,18,0,22,0,2,70,18,90,0,6,88,18,112,142,8,150,262
04/04/2013,OLM,WA,ANM,WE,Federal Contract Tower,0,10,6,2,18,0,3,20,0,23,0,13,26,2,41,112,0,112,153
04/05/2013,OLM,WA,ANM,WE,Federal Contract Tower,0,5,7,0,12,0,2,8,0,10,0,7,15,0,22,30,0,30,52
04/06/2013,OLM,WA,ANM,WE,Federal Contract Tower,0,2,2,0,4,0,3,18,1,22,0,5,20,1,26,48,0,48,74
04/07/2013,OLM,WA,ANM,WE,Federal Contract Tower,0,0,8,0,8,0,0,8,3,11,0,0,16,3,19,68,0,68,87
04/08/2013,OLM,WA,ANM,WE,Federal Contract Tower,0,3,12,0,15,0,4,38,8,50,0,7,50,8,65,66,0,66,131
04/09/2013,OLM,WA,ANM,WE,Federal Contract Tower,0,12,16,0,28,0,3,76,8,87,0,15,92,8,115,118,0,118,233
04/10/2013,OLM,WA,ANM,WE,Federal Contract Tower,0,9,4,0,13,0,4,28,1,33,0,13,32,1,46,72,0,72,118
04/11/2013,OLM,WA,ANM,WE,Federal Contract Tower,0,9,4,2,15,0,7,70,13,90,0,16,74,15,105,92,0,92,197
04/12/2013,OLM,WA,ANM,WE,Federal Contract Tower,0,3,17,0,20,0,4,43,21,68,0,7,60,21,88,100,0,100,188
04/13/2013,OLM,WA,ANM,WE,Federal Contract Tower,0,0,8,0,8,0,2,8,2,12,0,2,16,2,20,0,4,4,24
04/14/2013,OLM,WA,ANM,WE,Federal Contract Tower,0,0,4,0,4,0,0,17,0,17,0,0,21,0,21,58,0,58,79
04/15/2013,OLM,WA,ANM,WE,Federal Contract Tower,0,3,18,26,47,0,2,40,8,50,0,5,58,34,97,68,66,134,231
04/16/2013,OLM,WA,ANM,WE,Federal Contract Tower,0,9,17,23,49,0,7,85,32,124,0,16,102,55,173,144,40,184,357
04/17/2013,OLM,WA,ANM,WE,Federal Contract Tower,0,11,42,20,73,0,0,86,2,88,0,11,128,22,161,224,0,224,385
04/18/2013,OLM,WA,ANM,WE,Federal Contract Tower,0,9,11,0,20,0,2,31,16,49,0,11,42,16,69,104,14,118,187
04/19/2013,OLM,WA,ANM,WE,Federal Contract Tower,0,10,7,0,17,0,2,6,0,8,0,12,13,0,25,20,0,20,45
04/20/2013,OLM,WA,ANM,WE,Federal Contract Tower,0,0,13,0,13,0,0,26,2,28,0,0,39,2,41,102,0,102,143
04/21/2013,OLM,WA,ANM,WE,Federal Contract Tower,0,0,9,3,12,0,0,18,2,20,0,0,27,5,32,120,0,120,152
04/22/2013,OLM,WA,ANM,WE,Federal Contract Tower,0,6,19,2,27,0,0,109,14,123,0,6,128,16,150,204,42,246,396
04/23/2013,OLM,WA,ANM,WE,Federal Contract Tower,0,10,20,2,32,0,5,115,18,138,0,15,135,20,170,122,0,122,292
04/24/2013,OLM,WA,ANM,WE,Federal Contract Tower,0,8,24,2,34,0,6,121,22,149,0,14,145,24,183,184,28,212,395
04/25/2013,OLM,WA,ANM,WE,Federal Contract Tower,0,8,26,0,34,0,7,129,15,151,0,15,155,15,185,142,4,146,331
04/26/2013,OLM,WA,ANM,WE,Federal Contract Tower,0,9,23,0,32,0,6,75,13,94,0,15,98,13,126,86,6,92,218
04/27/2013,OLM,WA,ANM,WE,Federal Contract Tower,0,0,26,0,26,0,2,53,1,56,0,2,79,1,82,102,0,102,184
04/28/2013,OLM,WA,ANM,WE,Federal Contract Tower,0,1,7,0,8,0,0,18,2,20,0,1,25,2,28,8,0,8,36
04/29/2013,OLM,WA,ANM,WE,Federal Contract Tower,0,5,3,4,12,0,6,14,8,28,0,11,17,12,40,8,0,8,48
04/30/2013,OLM,WA,ANM,WE,Federal Contract Tower,0,15,13,2,30,0,0,57,19,76,0,15,70,21,106,83,0,83,189
05/01/2013,OLM,WA,ANM,WE,Federal Contract Tower,0,11,38,8,57,0,10,125,41,176,0,21,163,49,233,162,4,166,399
05/02/2013,OLM,WA,ANM,WE,Federal Contract Tower,0,11,32,4,47,0,6,84,14,104,0,17,116,18,151,166,8,174,325
05/03/2013,OLM,WA,ANM,WE,Federal Contract Tower,0,8,38,18,64,0,3,79,49,131,0,11,117,67,195,84,0,84,279
05/04/2013,OLM,WA,ANM,WE,Federal Contract Tower,0,1,17,0,18,0,2,88,7,97,0,3,105,7,115,132,0,132,247
05/05/2013,OLM,WA,ANM,WE,Federal Contract Tower,0,4,16,0,20,0,2,77,7,86,0,6,93,7,106,60,0,60,166
05/06/2013,OLM,WA,ANM,WE,Federal Contract Tower,0,7,19,12,38,0,2,89,8,99,0,9,108,20,137,158,0,158,295
05/07/2013,OLM,WA,ANM,WE,Federal Contract Tower,0,5,8,6,19,0,6,51,14,71,0,11,59,20,90,90,12,102,192
05/08/2013,OLM,WA,ANM,WE,Federal Contract Tower,0,5,12,6,23,0,12,58,44,114,0,17,70,50,137,102,0,102,239
05/09/2013,OLM,WA,ANM,WE,Federal Contract Tower,0,6,31,8,45,0,73,18,0,91,0,79,49,8,136,92,0,92,228
05/10/2013,OLM,WA,ANM,WE,Federal Contract Tower,0,9,21,4,34,0,2,106,50,158,0,11,127,54,192,126,66,192,384
05/11/2013,OLM,WA,ANM,WE,Federal Contract Tower,0,0,4,0,4,0,2,95,2,99,0,2,99,2,103,56,0,56,159
05/12/2013,OLM,WA,ANM,WE,Federal Contract Tower,0,0,9,8,17,0,4,21,2,27,0,4,30,10,44,64,0,64,108
05/13/2013,OLM,WA,ANM,WE,Federal Contract Tower,0,7,6,0,13,0,2,12,16,30,0,9,18,16,43,18,30,48,91
05/14/2013,OLM,WA,ANM,WE,Federal Contract Tower,0,14,28,9,51,0,3,72,34,109,0,17,100,43,160,192,24,216,376
05/15/2013,OLM,WA,ANM,WE,Federal Contract Tower,0,4,15,12,31,0,2,32,31,65,0,6,47,43,96,36,6,42,138
05/16/2013,OLM,WA,ANM,WE,Federal Contract Tower,0,5,21,0,26,0,2,63,8,73,0,7,84,8,99,82,0,82,181
05/17/2013,OLM,WA,ANM,WE,Federal Contract Tower,0,3,18,6,27,0,0,66,23,89,0,3,84,29,116,106,22,128,244
05/18/2013,OLM,WA,ANM,WE,Federal Contract Tower,0,1,16,0,17,0,3,39,8,50,0,4,55,8,67,32,0,32,99
05/19/2013,OLM,WA,ANM,WE,Federal Contract Tower,0,2,8,0,10,0,0,28,0,28,0,2,36,0,38,58,0,58,96
05/20/2013,OLM,WA,ANM,WE,Federal Contract Tower,0,11,9,0,20,0,2,64,6,72,0,13,73,6,92,96,26,122,214
05/21/2013,OLM,WA,ANM,WE,Federal Contract Tower,0,10,8,4,22,0,2,24,6,32,0,12,32,10,54,90,18,108,162
05/22/2013,OLM,WA,ANM,WE,Federal Contract Tower,0,10,23,2,35,0,0,3,0,3,0,10,26,2,38,96,0,96,134
05/23/2013,OLM,WA,ANM,WE,Federal Contract Tower,0,12,5,2,19,0,1,29,12,42,0,13,34,14,61,150,10,160,221
05/24/2013,OLM,WA,ANM,WE,Federal Contract Tower,0,4,11,4,19,0,2,58,0,60,0,6,69,4,79,262,0,262,341
05/25/2013,OLM,WA,ANM,WE,Federal Contract Tower,0,0,13,0,13,0,1,72,1,74,0,1,85,1,87,136,0,136,223
05/26/2013,OLM,WA,ANM,WE,Federal Contract Tower,0,2,12,0,14,0,0,14,1,15,0,2,26,1,29,16,0,16,45
05/27/2013,OLM,WA,ANM,WE,Federal Contract Tower,0,4,17,0,21,0,0,8,0,8,0,4,25,0,29,0,0,0,29
05/28/2013,OLM,WA,ANM,WE,Federal Contract Tower,0,9,14,5,28,0,4,25,10,39,0,13,39,15,67,38,14,52,119
05/29/2013,OLM,WA,ANM,WE,Federal Contract Tower,0,7,11,32,50,0,0,74,41,115,0,7,85,73,165,112,28,140,305
05/30/2013,OLM,WA,ANM,WE,Federal Contract Tower,0,17,25,14,56,0,0,78,48,126,0,17,103,62,182,132,0,132,314
05/31/2013,OLM,WA,ANM,WE,Federal Contract Tower,0,12,36,6,54,0,1,122,2,125,0,13,158,8,179,262,0,262,441
06/01/2013,OLM,WA,ANM,WE,Federal Contract Tower,0,2,26,1,29,0,2,122,2,126,0,4,148,3,155,164,0,164,319
06/02/2013,OLM,WA,ANM,WE,Federal Contract Tower,0,7,8,0,15,0,0,96,0,96,0,7,104,0,111,86,0,86,197
06/03/2013,OLM,WA,ANM,WE,Federal Contract Tower,0,2,19,7,28,0,0,51,14,65,0,2,70,21,93,56,22,78,171
06/04/2013,OLM,WA,ANM,WE,Federal Contract Tower,0,2,15,8,25,0,7,81,12,100,0,9,96,20,125,134,28,162,287
06/05/2013,OLM,WA,ANM,WE,Federal Contract Tower,0,2,11,4,17,0,2,99,20,121,0,4,110,24,138,160,16,176,314
06/06/2013,OLM,WA,ANM,WE,Federal Contract Tower,0,8,18,2,28,0,6,100,10,116,0,14,118,12,144,272,0,272,416
06/07/2013,OLM,WA,ANM,WE,Federal Contract Tower,0,5,17,0,22,0,2,66,0,68,0,7,83,0,90,196,0,196,286
06/08/2013,OLM,WA,ANM,WE,Federal Contract Tower,0,1,11,0,12,0,2,70,3,75,0,3,81,3,87,180,0,180,267
06/09/2013,OLM,WA,ANM,WE,Federal Contract Tower,0,3,13,0,16,0,7,63,2,72,0,10,76,2,88,82,0,82,170
06/10/2013,OLM,WA,ANM,WE,Federal Contract Tower,0,0,18,0,18,0,85,1,0,86,0,85,19,0,104,90,0,90,194
06/11/2013,OLM,WA,ANM,WE,Federal Contract Tower,0,14,31,2,47,0,3,42,4,49,0,17,73,6,96,188,20,208,304
06/12/2013,OLM,WA,ANM,WE,Federal Contract Tower,0,10,37,8,55,0,6,104,11,121,0,16,141,19,176,248,38,286,462
06/13/2013,OLM,WA,ANM,WE,Federal Contract Tower,0,18,29,0,47,0,2,93,15,110,0,20,122,15,157,278,0,278,435
06/14/2013,OLM,WA,ANM,WE,Federal Contract Tower,0,17,24,0,41,0,1,97,3,101,0,18,121,3,142,296,0,296,438
06/15/2013,OLM,WA,ANM,WE,Federal Contract Tower,0,0,28,0,28,0,4,130,12,146,0,4,158,12,174,206,0,206,380
06/16/2013,OLM,WA,ANM,WE,Federal Contract Tower,0,5,8,0,13,0,3,84,3,90,0,8,92,3,103,142,0,142,245
06/17/2013,OLM,WA,ANM,WE,Federal Contract Tower,0,10,3,3,16,0,3,70,8,81,0,13,73,11,97,104,44,148,245
06/18/2013,OLM,WA,ANM,WE,Federal Contract Tower,0,1,13,6,20,0,4,70,2,76,0,5,83,8,96,176,0,176,272
06/19/2013,OLM,WA,ANM,WE,Federal Contract Tower,0,3,20,10,33,0,2,70,5,77,0,5,90,15,110,110,0,110,220
06/20/2013,OLM,WA,ANM,WE,Federal Contract Tower,0,1,17,6,24,0,2,41,12,55,0,3,58,18,79,28,0,28,107
06/21/2013,OLM,WA,ANM,WE,Federal Contract Tower,0,0,30,6,36,0,3,54,23,80,0,3,84,29,116,179,0,179,295
06/22/2013,OLM,WA,ANM,WE,Federal Contract Tower,0,3,16,1,20,0,2,143,4,149,0,5,159,5,169,122,0,122,291
06/23/2013,OLM,WA,ANM,WE,Federal Contract Tower,0,1,9,0,10,0,3,23,2,28,0,4,32,2,38,42,0,42,80
06/24/2013,OLM,WA,ANM,WE,Federal Contract Tower,0,1,7,2,10,0,1,65,10,76,0,2,72,12,86,60,0,60,146
06/25/2013,OLM,WA,ANM,WE,Federal Contract Tower,0,2,22,2,26,0,2,39,8,49,0,4,61,10,75,88,0,88,163
06/26/2013,OLM,WA,ANM,WE,Federal Contract Tower,0,6,10,0,16,0,0,43,10,53,0,6,53,10,69,34,0,34,103
06/27/2013,OLM,WA,ANM,WE,Federal Contract Tower,0,4,25,0,29,0,0,47,2,49,0,4,72,2,78,94,0,94,172
06/28/2013,OLM,WA,ANM,WE,Federal Contract Tower,0,1,19,0,20,0,0,62,1,63,0,1,81,1,83,58,0,58,141
06/29/2013,OLM,WA,ANM,WE,Federal Contract Tower,0,0,17,0,17,0,2,69,2,73,0,2,86,2,90,116,0,116,206
06/30/2013,OLM,WA,ANM,WE,Federal Contract Tower,0,1,1,0,2,0,6,66,10,82,0,7,67,10,84,38,0,38,122
07/01/2013,OLM,WA,ANM,WE,Federal Contract Tower,0,4,23,0,27,0,5,83,12,100,0,9,106,12,127,92,0,92,219
07/02/2013,OLM,WA,ANM,WE,Federal Contract Tower,0,7,13,4,24,0,3,63,2,68,0,10,76,6,92,120,0,120,212
07/03/2013,OLM,WA,ANM,WE,Federal Contract Tower,0,3,24,2,29,0,0,120,0,120,0,3,144,2,149,148,0,148,297
07/04/2013,OLM,WA,ANM,WE,Federal Contract Tower,0,0,11,0,11,0,1,76,0,77,0,1,87,0,88,30,0,30,118
07/05/2013,OLM,WA,ANM,WE,Federal Contract Tower,0,0,11,0,11,0,2,67,0,69,0,2,78,0,80,38,0,38,118
07/06/2013,OLM,WA,ANM,WE,Federal Contract Tower,0,0,6,0,6,0,4,84,0,88,0,4,90,0,94,102,0,102,196
07/07/2013,OLM,WA,ANM,WE,Federal Contract Tower,0,6,0,0,6,0,2,85,12,99,0,8,85,12,105,98,0,98,203
07/08/2013,OLM,WA,ANM,WE,Federal Contract Tower,0,0,12,0,12,0,2,56,0,58,0,2,68,0,70,98,0,98,168
07/09/2013,OLM,WA,ANM,WE,Federal Contract Tower,0,11,15,0,26,0,2,92,2,96,0,13,107,2,122,90,14,104,226
07/10/2013,OLM,WA,ANM,WE,Federal Contract Tower,0,3,15,0,18,0,2,96,4,102,0,5,111,4,120,192,14,206,326
07/11/2013,OLM,WA,ANM,WE,Federal Contract Tower,0,10,5,0,15,0,0,110,2,112,0,10,115,2,127,88,0,88,215
07/12/2013,OLM,WA,ANM,WE,Federal Contract Tower,0,8,20,0,28,0,2,124,8,134,0,10,144,8,162,100,4,104,266
07/13/2013,OLM,WA,ANM,WE,Federal Contract Tower,0,3,15,0,18,0,2,107,0,109,0,5,122,0,127,120,0,120,247
07/14/2013,OLM,WA,ANM,WE,Federal Contract Tower,0,3,13,0,16,0,0,70,0,70,0,3,83,0,86,106,0,106,192
07/15/2013,OLM,WA,ANM,WE,Federal Contract Tower,0,4,18,0,22,0,0,116,5,121,0,4,134,5,143,170,2,172,315
07/16/2013,OLM,WA,ANM,WE,Federal Contract Tower,0,3,26,2,31,0,5,134,8,147,0,8,160,10,178,176,4,180,358
07/17/2013,OLM,WA,ANM,WE,Federal Contract Tower,0,2,19,0,21,0,2,88,8,98,0,4,107,8,119,74,10,84,203
07/18/2013,OLM,WA,ANM,WE,Federal Contract Tower,0,7,23,0,30,0,0,77,2,79,0,7,100,2,109,118,0,118,227
07/19/2013,OLM,WA,ANM,WE,Federal Contract Tower,0,1,25,0,26,0,0,80,1,81,0,1,105,1,107,96,0,96,203
07/20/2013,OLM,WA,ANM,WE,Federal Contract Tower,0,3,7,0,10,0,1,53,0,54,0,4,60,0,64,58,0,58,122
07/21/2013,OLM,WA,ANM,WE,Federal Contract Tower,0,4,17,0,21,0,0,48,0,48,0,4,65,0,69,0,0,0,69
07/22/2013,OLM,WA,ANM,WE,Federal Contract Tower,0,4,16,0,20,0,44,15,0,59,0,48,31,0,79,180,0,180,259
07/23/2013,OLM,WA,ANM,WE,Federal Contract Tower,0,8,33,4,45,0,3,99,8,110,0,11,132,12,155,62,8,70,225
07/24/2013,OLM,WA,ANM,WE,Federal Contract Tower,0,2,12,2,16,0,0,108,9,117,0,2,120,11,133,266,0,266,399
07/25/2013,OLM,WA,ANM,WE,Federal Contract Tower,0,3,12,2,17,0,3,98,0,101,0,6,110,2,118,52,0,52,170
07/26/2013,OLM,WA,ANM,WE,Federal Contract Tower,0,7,35,0,42,0,2,114,4,120,0,9,149,4,162,78,0,78,240
07/27/2013,OLM,WA,ANM,WE,Federal Contract Tower,0,0,28,0,28,0,4,73,3,80,0,4,101,3,108,12,0,12,120
07/28/2013,OLM,WA,ANM,WE,Federal Contract Tower,0,2,3,0,5,0,0,41,6,47,0,2,44,6,52,46,0,46,98
07/29/2013,OLM,WA,ANM,WE,Federal Contract Tower,0,1,19,2,22,0,0,67,0,67,0,1,86,2,89,154,0,154,243
07/30/2013,OLM,WA,ANM,WE,Federal Contract Tower,0,4,23,8,35,0,0,55,4,59,0,4,78,12,94,176,0,176,270
07/31/2013,OLM,WA,ANM,WE,Federal Contract Tower,0,3,28,6,37,0,2,71,2,75,0,5,99,8,112,146,0,146,258
08/01/2013,OLM,WA,ANM,WE,Federal Contract Tower,0,3,8,1,12,0,1,68,15,84,0,4,76,16,96,116,0,116,212
08/02/2013,OLM,WA,ANM,WE,Federal Contract Tower,0,1,19,6,26,0,1,89,22,112,0,2,108,28,138,134,0,134,272
08/03/2013,OLM,WA,ANM,WE,Federal Contract Tower,0,4,8,0,12,0,3,55,2,60,0,7,63,2,72,48,0,48,120
08/04/2013,OLM,WA,ANM,WE,Federal Contract Tower,0,6,22,0,28,0,2,50,0,52,0,8,72,0,80,46,0,46,126
08/05/2013,OLM,WA,ANM,WE,Federal Contract Tower,0,0,8,0,8,0,11,89,4,104,0,11,97,4,112,166,8,174,286
08/06/2013,OLM,WA,ANM,WE,Federal Contract Tower,0,5,22,2,29,0,5,119,2,126,0,10,141,4,155,92,0,92,247
08/07/2013,OLM,WA,ANM,WE,Federal Contract Tower,0,5,21,2,28,0,8,104,6,118,0,13,125,8,146,162,0,162,308
08/08/2013,OLM,WA,ANM,WE,Federal Contract Tower,0,8,9,2,19,0,2,101,4,107,0,10,110,6,126,140,0,140,266
08/09/2013,OLM,WA,ANM,WE,Federal Contract Tower,0,5,18,2,25,0,5,118,0,123,0,10,136,2,148,292,0,292,440
08/10/2013,OLM,WA,ANM,WE,Federal Contract Tower,0,0,7,0,7,0,8,107,6,121,0,8,114,6,128,944,4,948,1076
08/11/2013,OLM,WA,ANM,WE,Federal Contract Tower,0,0,0,0,0,0,3,266,0,269,0,3,266,0,269,1074,0,1074,1343
08/12/2013,OLM,WA,ANM,WE,Federal Contract Tower,0,2,18,6,26,0,2,73,0,75,0,4,91,6,101,48,0,48,149
08/13/2013,OLM,WA,ANM,WE,Federal Contract Tower,0,2,14,0,16,0,3,111,2,116,0,5,125,2,132,127,0,127,259
08/14/2013,OLM,WA,ANM,WE,Federal Contract Tower,4,0,17,4,25,0,4,110,6,120,4,4,127,10,145,94,0,94,239
08/15/2013,OLM,WA,ANM,WE,Federal Contract Tower,0,2,16,0,18,0,4,20,0,24,0,6,36,0,42,34,0,34,76
08/16/2013,OLM,WA,ANM,WE,Federal Contract Tower,0,4,26,4,34,0,4,70,2,76,0,8,96,6,110,30,0,30,140
08/17/2013,OLM,WA,ANM,WE,Federal Contract Tower,0,0,8,0,8,0,6,65,0,71,0,6,73,0,79,70,0,70,149
08/18/2013,OLM,WA,ANM,WE,Federal Contract Tower,0,0,19,0,19,0,2,75,10,87,0,2,94,10,106,26,0,26,132
08/19/2013,OLM,WA,ANM,WE,Federal Contract Tower,0,0,17,2,19,0,10,54,0,64,0,10,71,2,83,98,0,98,181
08/20/2013,OLM,WA,ANM,WE,Federal Contract Tower,0,6,16,0,22,0,7,85,2,94,0,13,101,2,116,104,0,104,220
08/21/2013,OLM,WA,ANM,WE,Federal Contract Tower,0,6,26,4,36,0,2,105,2,109,0,8,131,6,145,80,0,80,225
08/22/2013,OLM,WA,ANM,WE,Federal Contract Tower,0,2,6,2,10,0,2,89,5,96,0,4,95,7,106,142,30,172,278
08/23/2013,OLM,WA,ANM,WE,Federal Contract Tower,0,8,16,0,24,0,1,55,4,60,0,9,71,4,84,44,0,44,128
08/24/2013,OLM,WA,ANM,WE,Federal Contract Tower,0,2,15,0,17,0,1,66,0,67,0,3,81,0,84,98,0,98,182
08/25/2013,OLM,WA,ANM,WE,Federal Contract Tower,0,3,27,0,30,0,3,38,0,41,0,6,65,0,71,38,0,38,109
08/26/2013,OLM,WA,ANM,WE,Federal Contract Tower,0,0,10,4,14,0,4,62,6,72,0,4,72,10,86,110,6,116,202
08/27/2013,OLM,WA,ANM,WE,Federal Contract Tower,0,6,17,4,27,0,0,85,18,103,0,6,102,22,130,136,6,142,272
08/28/2013,OLM,WA,ANM,WE,Federal Contract Tower,0,4,17,6,27,0,0,73,10,83,0,4,90,16,110,168,26,194,304
08/29/2013,OLM,WA,ANM,WE,Federal Contract Tower,0,3,12,0,15,0,0,15,16,31,0,3,27,16,46,62,0,62,108
08/30/2013,OLM,WA,ANM,WE,Federal Contract Tower,0,0,11,0,11,0,1,77,7,85,0,1,88,7,96,104,0,104,200
08/31/2013,OLM,WA,ANM,WE,Federal Contract Tower,0,5,16,0,21,0,5,107,10,122,0,10,123,10,143,62,18,80,223
09/01/2013,OLM,WA,ANM,WE,Federal Contract Tower,0,2,7,0,9,0,2,56,0,58,0,4,63,0,67,20,0,20,87
09/02/2013,OLM,WA,ANM,WE,Federal Contract Tower,0,2,7,0,9,0,5,76,0,81,0,7,83,0,90,26,0,26,116
09/03/2013,OLM,WA,ANM,WE,Federal Contract Tower,0,6,11,0,17,0,0,54,12,66,0,6,65,12,83,148,0,148,231
09/04/2013,OLM,WA,ANM,WE,Federal Contract Tower,0,13,18,0,31,0,2,59,12,73,0,15,77,12,104,50,0,50,154
09/05/2013,OLM,WA,ANM,WE,Federal Contract Tower,0,4,13,0,17,0,0,10,0,10,0,4,23,0,27,64,0,64,91
09/06/2013,OLM,WA,ANM,WE,Federal Contract Tower,0,0,17,0,17,0,2,33,2,37,0,2,50,2,54,20,0,20,74
09/07/2013,OLM,WA,ANM,WE,Federal Contract Tower,0,5,24,0,29,0,0,49,6,55,0,5,73,6,84,8,0,8,92
09/08/2013,OLM,WA,ANM,WE,Federal Contract Tower,0,4,17,0,21,0,2,72,4,78,0,6,89,4,99,42,0,42,141
09/09/2013,OLM,WA,ANM,WE,Federal Contract Tower,0,3,22,0,25,0,0,53,0,53,0,3,75,0,78,90,0,90,168
09/10/2013,OLM,WA,ANM,WE,Federal Contract Tower,0,5,31,4,40,0,0,98,5,103,0,5,129,9,143,142,18,160,303
09/11/2013,OLM,WA,ANM,WE,Federal Contract Tower,0,3,24,4,31,0,2,123,3,128,0,5,147,7,159,144,0,144,303
09/12/2013,OLM,WA,ANM,WE,Federal Contract Tower,0,2,15,4,21,0,0,57,4,61,0,2,72,8,82,104,0,104,186
09/13/2013,OLM,WA,ANM,WE,Federal Contract Tower,0,10,27,3,40,0,0,30,4,34,0,10,57,7,74,80,0,80,154
09/14/2013,OLM,WA,ANM,WE,Federal Contract Tower,0,0,2,0,2,0,4,40,0,44,0,4,42,0,46,58,0,58,104
09/15/2013,OLM,WA,ANM,WE,Federal Contract Tower,0,2,12,0,14,0,0,2,0,2,0,2,14,0,16,0,0,0,16
09/16/2013,OLM,WA,ANM,WE,Federal Contract Tower,0,5,11,0,16,0,2,36,0,38,0,7,47,0,54,108,0,108,162
09/17/2013,OLM,WA,ANM,WE,Federal Contract Tower,0,19,15,2,36,0,2,51,10,63,0,21,66,12,99,70,24,94,193
09/18/2013,OLM,WA,ANM,WE,Federal Contract Tower,0,9,12,4,25,0,0,108,12,120,0,9,120,16,145,136,14,150,295
09/19/2013,OLM,WA,ANM,WE,Federal Contract Tower,0,4,10,0,14,0,14,115,36,165,0,18,125,36,179,130,0,130,309
09/20/2013,OLM,WA,ANM,WE,Federal Contract Tower,0,9,16,0,25,0,3,83,3,89,0,12,99,3,114,92,0,92,206
09/21/2013,OLM,WA,ANM,WE,Federal Contract Tower,0,2,1,0,3,0,0,52,0,52,0,2,53,0,55,106,0,106,161
09/22/2013,OLM,WA,ANM,WE,Federal Contract Tower,0,0,10,0,10,0,2,3,1,6,0,2,13,1,16,0,0,0,16
09/23/2013,OLM,WA,ANM,WE,Federal Contract Tower,0,3,10,2,15,0,6,16,0,22,0,9,26,2,37,12,0,12,49
09/24/2013,OLM,WA,ANM,WE,Federal Contract Tower,0,0,16,10,26,0,2,53,10,65,0,2,69,20,91,104,0,104,195
09/25/2013,OLM,WA,ANM,WE,Federal Contract Tower,0,11,12,8,31,0,4,62,0,66,0,15,74,8,97,158,0,158,255
09/26/2013,OLM,WA,ANM,WE,Federal Contract Tower,0,10,15,4,29,0,1,54,10,65,0,11,69,14,94,88,0,88,182
09/27/2013,OLM,WA,ANM,WE,Federal Contract Tower,0,3,5,2,10,0,0,2,0,2,0,3,7,2,12,0,0,0,12
09/28/2013,OLM,WA,ANM,WE,Federal Contract Tower,0,0,2,0,2,0,0,0,0,0,0,0,2,0,2,0,0,0,2
09/29/2013,OLM,WA,ANM,WE,Federal Contract Tower,0,2,0,0,2,0,0,0,0,0,0,2,0,0,2,0,0,0,2
09/30/2013,OLM,WA,ANM,WE,Federal Contract Tower,0,1,2,0,3,0,2,6,0,8,0,3,8,0,11,26,0,26,37
10/01/2013,OLM,WA,ANM,WE,Federal Contract Tower,0,7,10,4,21,0,6,37,6,49,0,13,47,10,70,22,0,22,92
10/02/2013,OLM,WA,ANM,WE,Federal Contract Tower,0,4,20,5,29,0,0,31,0,31,0,4,51,5,60,94,0,94,154
10/03/2013,OLM,WA,ANM,WE,Federal Contract Tower,0,7,16,0,23,0,2,56,10,68,0,9,72,10,91,36,0,36,127
10/04/2013,OLM,WA,ANM,WE,Federal Contract Tower,0,6,16,2,24,0,0,111,0,111,0,6,127,2,135,104,0,104,239
10/05/2013,OLM,WA,ANM,WE,Federal Contract Tower,0,0,10,1,11,0,3,59,2,64,0,3,69,3,75,66,0,66,141
10/06/2013,OLM,WA,ANM,WE,Federal Contract Tower,0,2,8,0,10,0,5,62,0,67,0,7,70,0,77,26,0,26,103
10/07/2013,OLM,WA,ANM,WE,Federal Contract Tower,0,9,4,6,19,0,0,26,6,32,0,9,30,12,51,44,0,44,95
10/08/2013,OLM,WA,ANM,WE,Federal Contract Tower,0,9,4,6,19,0,9,53,0,62,0,18,57,6,81,110,0,110,191
10/09/2013,OLM,WA,ANM,WE,Federal Contract Tower,0,3,16,6,25,0,6,97,0,103,0,9,113,6,128,122,0,122,250
10/10/2013,OLM,WA,ANM,WE,Federal Contract Tower,0,17,9,0,26,0,0,23,0,23,0,17,32,0,49,40,0,40,89
10/11/2013,OLM,WA,ANM,WE,Federal Contract Tower,0,7,18,0,25,0,0,35,0,35,0,7,53,0,60,64,0,64,124
10/12/2013,OLM,WA,ANM,WE,Federal Contract Tower,0,1,2,0,3,0,4,36,0,40,0,5,38,0,43,46,0,46,89
10/13/2013,OLM,WA,ANM,WE,Federal Contract Tower,0,3,22,0,25,0,1,43,0,44,0,4,65,0,69,76,0,76,145
10/14/2013,OLM,WA,ANM,WE,Federal Contract Tower,0,5,5,0,10,0,0,70,16,86,0,5,75,16,96,64,0,64,160
10/15/2013,OLM,WA,ANM,WE,Federal Contract Tower,0,7,5,0,12,0,0,53,0,53,0,7,58,0,65,24,0,24,89
10/16/2013,OLM,WA,ANM,WE,Federal Contract Tower,0,4,22,0,26,0,3,20,10,33,0,7,42,10,59,108,0,108,167
10/17/2013,OLM,WA,ANM,WE,Federal Contract Tower,0,14,19,0,33,0,0,42,0,42,0,14,61,0,75,96,0,96,171
10/18/2013,OLM,WA,ANM,WE,Federal Contract Tower,0,12,16,0,28,0,1,13,0,14,0,13,29,0,42,46,0,46,88
10/19/2013,OLM,WA,ANM,WE,Federal Contract Tower,0,0,0,0,0,0,0,0,0,0,0,0,0,0,0,0,0,0,0
10/20/2013,OLM,WA,ANM,WE,Federal Contract Tower,0,1,4,0,5,0,0,0,0,0,0,1,4,0,5,2,0,2,7
10/21/2013,OLM,WA,ANM,WE,Federal Contract Tower,0,2,7,0,9,0,0,0,0,0,0,2,7,0,9,0,0,0,9
10/22/2013,OLM,WA,ANM,WE,Federal Contract Tower,0,0,0,0,0,0,3,37,2,42,0,3,37,2,42,100,0,100,142
10/23/2013,OLM,WA,ANM,WE,Federal Contract Tower,0,6,16,4,26,0,12,0,0,12,0,18,16,4,38,110,2,112,150
10/24/2013,OLM,WA,ANM,WE,Federal Contract Tower,0,9,4,0,13,0,0,0,0,0,0,9,4,0,13,44,0,44,57
10/25/2013,OLM,WA,ANM,WE,Federal Contract Tower,0,9,20,0,29,0,4,71,0,75,0,13,91,0,104,162,0,162,266
10/26/2013,OLM,WA,ANM,WE,Federal Contract Tower,0,0,23,0,23,0,0,21,0,21,0,0,44,0,44,64,0,64,108
10/27/2013,OLM,WA,ANM,WE,Federal Contract Tower,0,1,18,0,19,0,2,36,0,38,0,3,54,0,57,38,0,38,95
10/28/2013,OLM,WA,ANM,WE,Federal Contract Tower,0,3,8,0,11,0,2,90,2,94,0,5,98,2,105,190,0,190,295
10/29/2013,OLM,WA,ANM,WE,Federal Contract Tower,0,5,10,2,17,0,9,121,0,130,0,14,131,2,147,244,0,244,391
10/30/2013,OLM,WA,ANM,WE,Federal Contract Tower,0,8,19,0,27,0,5,79,2,86,0,13,98,2,113,158,0,158,271
10/31/2013,OLM,WA,ANM,WE,Federal Contract Tower,0,3,9,4,16,0,1,11,2,14,0,4,20,6,30,98,0,98,128
11/01/2013,OLM,WA,ANM,WE,Federal Contract Tower,0,6,19,1,26,0,2,41,14,57,0,8,60,15,83,48,0,48,131
11/02/2013,OLM,WA,ANM,WE,Federal Contract Tower,0,3,0,0,3,0,2,4,2,8,0,5,4,2,11,0,0,0,11
11/03/2013,OLM,WA,ANM,WE,Federal Contract Tower,0,0,10,0,10,0,0,80,0,80,0,0,90,0,90,108,0,108,198
11/04/2013,OLM,WA,ANM,WE,Federal Contract Tower,0,2,16,2,20,0,0,74,6,80,0,2,90,8,100,108,0,108,208
11/05/2013,OLM,WA,ANM,WE,Federal Contract Tower,0,3,14,0,17,0,3,23,2,28,0,6,37,2,45,68,0,68,113
11/06/2013,OLM,WA,ANM,WE,Federal Contract Tower,0,2,9,0,11,0,2,33,1,36,0,4,42,1,47,20,22,42,89
11/07/2013,OLM,WA,ANM,WE,Federal Contract Tower,0,6,0,0,6,0,0,2,0,2,0,6,2,0,8,0,0,0,8
11/08/2013,OLM,WA,ANM,WE,Federal Contract Tower,0,2,10,0,12,0,3,68,7,78,0,5,78,7,90,114,0,114,204
11/09/2013,OLM,WA,ANM,WE,Federal Contract Tower,0,0,9,0,9,0,1,5,0,6,0,1,14,0,15,4,0,4,19
11/10/2013,OLM,WA,ANM,WE,Federal Contract Tower,0,0,24,0,24,0,4,8,0,12,0,4,32,0,36,0,0,0,36
11/11/2013,OLM,WA,ANM,WE,Federal Contract Tower,0,0,15,0,15,0,0,95,10,105,0,0,110,10,120,78,0,78,198
11/12/2013,OLM,WA,ANM,WE,Federal Contract Tower,0,6,10,2,18,0,11,47,14,72,0,17,57,16,90,106,28,134,224
11/13/2013,OLM,WA,ANM,WE,Federal Contract Tower,0,4,16,8,28,0,0,40,4,44,0,4,56,12,72,220,14,234,306
11/14/2013,OLM,WA,ANM,WE,Federal Contract Tower,0,20,12,2,34,0,2,39,16,57,0,22,51,18,91,158,0,158,249
11/15/2013,OLM,WA,ANM,WE,Federal Contract Tower,0,0,13,4,17,0,0,5,21,26,0,0,18,25,43,0,0,0,43
11/16/2013,OLM,WA,ANM,WE,Federal Contract Tower,0,0,2,0,2,0,0,32,10,42,0,0,34,10,44,6,8,14,58
11/17/2013,OLM,WA,ANM,WE,Federal Contract Tower,0,1,9,0,10,0,0,1,2,3,0,1,10,2,13,0,0,0,13
11/18/2013,OLM,WA,ANM,WE,Federal Contract Tower,0,0,2,4,6,0,0,9,0,9,0,0,11,4,15,72,0,72,87
11/19/2013,OLM,WA,ANM,WE,Federal Contract Tower,0,1,9,6,16,0,1,53,6,60,0,2,62,12,76,132,0,132,208
11/20/2013,OLM,WA,ANM,WE,Federal Contract Tower,0,3,23,18,44,0,2,101,18,121,0,5,124,36,165,180,8,188,353
11/21/2013,OLM,WA,ANM,WE,Federal Contract Tower,0,5,8,6,19,0,3,86,15,104,0,8,94,21,123,122,0,122,245
11/22/2013,OLM,WA,ANM,WE,Federal Contract Tower,0,3,18,0,21,0,1,74,1,76,0,4,92,1,97,102,0,102,199
11/23/2013,OLM,WA,ANM,WE,Federal Contract Tower,0,0,23,0,23,0,0,89,0,89,0,0,112,0,112,90,0,90,202
11/24/2013,OLM,WA,ANM,WE,Federal Contract Tower,0,0,11,0,11,0,0,0,0,0,0,0,11,0,11,0,0,0,11
11/25/2013,OLM,WA,ANM,WE,Federal Contract Tower,0,0,15,2,17,0,2,82,0,84,0,2,97,2,101,130,0,130,231
11/26/2013,OLM,WA,ANM,WE,Federal Contract Tower,0,8,20,2,30,0,4,69,14,87,0,12,89,16,117,142,10,152,269
11/27/2013,OLM,WA,ANM,WE,Federal Contract Tower,0,1,5,2,8,0,2,61,0,63,0,3,66,2,71,84,0,84,155
11/28/2013,OLM,WA,ANM,WE,Federal Contract Tower,0,0,0,0,0,0,4,38,0,42,0,4,38,0,42,30,0,30,72
11/29/2013,OLM,WA,ANM,WE,Federal Contract Tower,0,2,8,0,10,0,0,9,0,9,0,2,17,0,19,18,0,18,37
11/30/2013,OLM,WA,ANM,WE,Federal Contract Tower,0,5,10,0,15,0,0,16,0,16,0,5,26,0,31,6,0,6,37
12/01/2013,OLM,WA,ANM,WE,Federal Contract Tower,0,1,0,0,1,0,4,3,0,7,0,5,3,0,8,10,0,10,18
12/02/2013,OLM,WA,ANM,WE,Federal Contract Tower,0,2,5,6,13,0,3,14,0,17,0,5,19,6,30,28,0,28,58
12/03/2013,OLM,WA,ANM,WE,Federal Contract Tower,0,10,23,2,35,0,2,67,2,71,0,12,90,4,106,104,0,104,210
12/04/2013,OLM,WA,ANM,WE,Federal Contract Tower,0,4,15,6,25,0,1,48,2,51,0,5,63,8,76,84,32,116,192
12/05/2013,OLM,WA,ANM,WE,Federal Contract Tower,0,4,15,4,23,0,1,54,2,57,0,5,69,6,80,96,0,96,176
12/06/2013,OLM,WA,ANM,WE,Federal Contract Tower,0,2,13,0,15,0,1,70,0,71,0,3,83,0,86,48,0,48,134
12/07/2013,OLM,WA,ANM,WE,Federal Contract Tower,0,2,15,4,21,0,0,96,27,123,0,2,111,31,144,108,0,108,252
12/08/2013,OLM,WA,ANM,WE,Federal Contract Tower,0,0,9,0,9,0,0,35,0,35,0,0,44,0,44,24,0,24,68
12/09/2013,OLM,WA,ANM,WE,Federal Contract Tower,0,0,4,0,4,0,1,27,1,29,0,1,31,1,33,108,2,110,143
12/10/2013,OLM,WA,ANM,WE,Federal Contract Tower,0,7,0,0,7,0,0,0,0,0,0,7,0,0,7,0,0,0,7
12/11/2013,OLM,WA,ANM,WE,Federal Contract Tower,0,6,9,2,17,0,0,0,0,0,0,6,9,2,17,0,0,0,17
12/12/2013,OLM,WA,ANM,WE,Federal Contract Tower,0,2,15,6,23,0,0,25,1,26,0,2,40,7,49,98,0,98,147
12/13/2013,OLM,WA,ANM,WE,Federal Contract Tower,0,0,5,0,5,0,0,14,2,16,0,0,19,2,21,16,0,16,37
12/14/2013,OLM,WA,ANM,WE,Federal Contract Tower,0,2,11,0,13,0,2,28,6,36,0,4,39,6,49,68,0,68,117
12/15/2013,OLM,WA,ANM,WE,Federal Contract Tower,0,0,11,0,11,0,2,5,0,7,0,2,16,0,18,24,0,24,42
12/16/2013,OLM,WA,ANM,WE,Federal Contract Tower,0,8,9,2,19,0,0,1,0,1,0,8,10,2,20,0,0,0,20
12/17/2013,OLM,WA,ANM,WE,Federal Contract Tower,0,4,5,0,9,0,2,9,0,11,0,6,14,0,20,42,0,42,62
12/18/2013,OLM,WA,ANM,WE,Federal Contract Tower,0,6,18,2,26,0,1,75,6,82,0,7,93,8,108,118,0,118,226
12/19/2013,OLM,WA,ANM,WE,Federal Contract Tower,0,6,21,4,31,0,1,71,12,84,0,7,92,16,115,130,0,130,245
12/20/2013,OLM,WA,ANM,WE,Federal Contract Tower,0,5,4,0,9,0,1,0,0,1,0,6,4,0,10,0,0,0,10
12/21/2013,OLM,WA,ANM,WE,Federal Contract Tower,0,0,4,0,4,0,0,2,0,2,0,0,6,0,6,16,0,16,22
12/22/2013,OLM,WA,ANM,WE,Federal Contract Tower,0,5,8,0,13,0,0,0,0,0,0,5,8,0,13,12,0,12,25
12/23/2013,OLM,WA,ANM,WE,Federal Contract Tower,0,3,0,0,3,0,4,13,2,19,0,7,13,2,22,96,12,108,130
12/24/2013,OLM,WA,ANM,WE,Federal Contract Tower,0,0,5,0,5,0,0,34,0,34,0,0,39,0,39,36,0,36,75
12/25/2013,OLM,WA,ANM,WE,Federal Contract Tower,0,0,0,0,0,0,0,0,0,0,0,0,0,0,0,0,0,0,0
12/26/2013,OLM,WA,ANM,WE,Federal Contract Tower,0,3,4,0,7,0,1,73,0,74,0,4,77,0,81,66,0,66,147
12/27/2013,OLM,WA,ANM,WE,Federal Contract Tower,0,3,7,0,10,0,2,20,6,28,0,5,27,6,38,28,0,28,66
12/28/2013,OLM,WA,ANM,WE,Federal Contract Tower,0,0,8,0,8,0,0,29,0,29,0,0,37,0,37,22,0,22,59
12/29/2013,OLM,WA,ANM,WE,Federal Contract Tower,0,2,10,0,12,0,0,0,0,0,0,2,10,0,12,0,0,0,12
12/30/2013,OLM,WA,ANM,WE,Federal Contract Tower,0,6,8,2,16,0,0,25,0,25,0,6,33,2,41,36,0,36,77
12/31/2013,OLM,WA,ANM,WE,Federal Contract Tower,0,4,8,0,12,0,0,0,0,0,0,4,8,0,12,12,0,12,24
01/01/2014,OLM,WA,ANM,WE,Federal Contract Tower,0,2,16,0,18,0,0,0,0,0,0,2,16,0,18,0,0,0,18
01/02/2014,OLM,WA,ANM,WE,Federal Contract Tower,0,0,21,0,21,0,1,63,12,76,0,1,84,12,97,112,0,112,209
01/03/2014,OLM,WA,ANM,WE,Federal Contract Tower,0,2,37,0,39,0,3,53,2,58,0,5,90,2,97,48,0,48,145
01/04/2014,OLM,WA,ANM,WE,Federal Contract Tower,0,0,14,0,14,0,0,50,0,50,0,0,64,0,64,54,0,54,118
01/05/2014,OLM,WA,ANM,WE,Federal Contract Tower,0,0,5,0,5,0,2,61,0,63,0,2,66,0,68,11,0,11,79
01/06/2014,OLM,WA,ANM,WE,Federal Contract Tower,0,2,16,4,22,0,2,47,3,52,0,4,63,7,74,98,8,106,180
01/07/2014,OLM,WA,ANM,WE,Federal Contract Tower,0,2,6,0,8,0,0,10,4,14,0,2,16,4,22,10,0,10,32
01/08/2014,OLM,WA,ANM,WE,Federal Contract Tower,0,3,3,0,6,0,7,16,0,23,0,10,19,0,29,52,0,52,81
01/09/2014,OLM,WA,ANM,WE,Federal Contract Tower,0,3,4,7,14,0,0,24,10,34,0,3,28,17,48,30,20,50,98
01/10/2014,OLM,WA,ANM,WE,Federal Contract Tower,0,6,3,0,9,0,3,9,2,14,0,9,12,2,23,42,0,42,65
01/11/2014,OLM,WA,ANM,WE,Federal Contract Tower,0,0,0,0,0,0,0,4,2,6,0,0,4,2,6,18,0,18,24
01/12/2014,OLM,WA,ANM,WE,Federal Contract Tower,0,2,10,0,12,0,0,4,2,6,0,2,14,2,18,106,0,106,124
01/13/2014,OLM,WA,ANM,WE,Federal Contract Tower,0,3,8,8,19,0,0,6,0,6,0,3,14,8,25,82,0,82,107
01/14/2014,OLM,WA,ANM,WE,Federal Contract Tower,0,12,36,6,54,0,2,60,15,77,0,14,96,21,131,211,54,265,396
01/15/2014,OLM,WA,ANM,WE,Federal Contract Tower,0,6,14,12,32,0,0,33,9,42,0,6,47,21,74,116,8,124,198
01/16/2014,OLM,WA,ANM,WE,Federal Contract Tower,0,8,8,0,16,0,0,0,0,0,0,8,8,0,16,36,0,36,52
01/17/2014,OLM,WA,ANM,WE,Federal Contract Tower,0,5,8,0,13,0,0,0,0,0,0,5,8,0,13,0,0,0,13
01/18/2014,OLM,WA,ANM,WE,Federal Contract Tower,0,2,10,0,12,0,3,36,0,39,0,5,46,0,51,100,0,100,151
01/19/2014,OLM,WA,ANM,WE,Federal Contract Tower,0,3,8,0,11,0,0,0,0,0,0,3,8,0,11,0,0,0,11
01/20/2014,OLM,WA,ANM,WE,Federal Contract Tower,0,8,20,0,28,0,1,39,0,40,0,9,59,0,68,40,0,40,108
01/21/2014,OLM,WA,ANM,WE,Federal Contract Tower,0,14,7,2,23,0,3,82,12,97,0,17,89,14,120,168,8,176,296
01/22/2014,OLM,WA,ANM,WE,Federal Contract Tower,0,6,7,0,13,0,0,27,4,31,0,6,34,4,44,23,24,47,91
01/23/2014,OLM,WA,ANM,WE,Federal Contract Tower,0,4,33,0,37,0,2,51,1,54,0,6,84,1,91,191,0,191,282
01/24/2014,OLM,WA,ANM,WE,Federal Contract Tower,0,7,10,0,17,0,0,72,0,72,0,7,82,0,89,78,0,78,167
01/25/2014,OLM,WA,ANM,WE,Federal Contract Tower,0,5,23,0,28,0,1,103,12,116,0,6,126,12,144,138,0,138,282
01/26/2014,OLM,WA,ANM,WE,Federal Contract Tower,0,1,6,0,7,0,0,3,0,3,0,1,9,0,10,20,0,20,30
01/27/2014,OLM,WA,ANM,WE,Federal Contract Tower,0,1,16,0,17,0,0,36,0,36,0,1,52,0,53,78,0,78,131
01/28/2014,OLM,WA,ANM,WE,Federal Contract Tower,0,10,19,1,30,0,0,49,12,61,0,10,68,13,91,112,10,122,213
01/29/2014,OLM,WA,ANM,WE,Federal Contract Tower,0,4,16,6,26,0,0,11,0,11,0,4,27,6,37,40,0,40,77
01/30/2014,OLM,WA,ANM,WE,Federal Contract Tower,0,6,2,4,12,0,4,22,24,50,0,10,24,28,62,84,0,84,146
01/31/2014,OLM,WA,ANM,WE,Federal Contract Tower,0,3,7,0,10,0,0,13,2,15,0,3,20,2,25,130,0,130,155
02/01/2014,OLM,WA,ANM,WE,Federal Contract Tower,0,2,6,0,8,0,0,34,0,34,0,2,40,0,42,98,0,98,140
02/02/2014,OLM,WA,ANM,WE,Federal Contract Tower,0,1,0,0,1,0,0,18,0,18,0,1,18,0,19,54,0,54,73
02/03/2014,OLM,WA,ANM,WE,Federal Contract Tower,0,4,22,0,26,0,0,72,0,72,0,4,94,0,98,120,0,120,218
02/04/2014,OLM,WA,ANM,WE,Federal Contract Tower,0,18,17,10,45,0,1,91,7,99,0,19,108,17,144,176,10,186,330
02/05/2014,OLM,WA,ANM,WE,Federal Contract Tower,0,4,3,3,10,0,2,66,4,72,0,6,69,7,82,144,0,144,226
02/06/2014,OLM,WA,ANM,WE,Federal Contract Tower,0,8,8,4,20,0,0,39,2,41,0,8,47,6,61,122,14,136,197
02/07/2014,OLM,WA,ANM,WE,Federal Contract Tower,0,5,2,0,7,0,0,46,4,50,0,5,48,4,57,26,0,26,83
02/08/2014,OLM,WA,ANM,WE,Federal Contract Tower,0,1,5,0,6,0,0,54,0,54,0,1,59,0,60,118,0,118,178
02/09/2014,OLM,WA,ANM,WE,Federal Contract Tower,0,4,0,0,4,0,0,4,0,4,0,4,4,0,8,42,0,42,50
02/10/2014,OLM,WA,ANM,WE,Federal Contract Tower,0,7,4,2,13,0,1,4,0,5,0,8,8,2,18,102,0,102,120
02/11/2014,OLM,WA,ANM,WE,Federal Contract Tower,0,6,8,2,16,0,1,16,6,23,0,7,24,8,39,194,0,194,233
02/12/2014,OLM,WA,ANM,WE,Federal Contract Tower,0,0,6,2,8,0,4,29,8,41,0,4,35,10,49,154,28,182,231
02/13/2014,OLM,WA,ANM,WE,Federal Contract Tower,0,3,13,0,16,0,0,39,0,39,0,3,52,0,55,92,0,92,147
02/14/2014,OLM,WA,ANM,WE,Federal Contract Tower,0,4,8,0,12,0,0,16,0,16,0,4,24,0,28,32,0,32,60
02/15/2014,OLM,WA,ANM,WE,Federal Contract Tower,0,5,0,0,5,0,2,8,0,10,0,7,8,0,15,84,0,84,99
02/16/2014,OLM,WA,ANM,WE,Federal Contract Tower,0,0,1,0,1,0,2,4,0,6,0,2,5,0,7,8,0,8,15
02/17/2014,OLM,WA,ANM,WE,Federal Contract Tower,0,6,2,0,8,0,4,9,0,13,0,10,11,0,21,94,0,94,115
02/18/2014,OLM,WA,ANM,WE,Federal Contract Tower,0,14,0,2,16,0,0,1,2,3,0,14,1,4,19,2,16,18,37
02/19/2014,OLM,WA,ANM,WE,Federal Contract Tower,0,14,15,0,29,0,0,29,4,33,0,14,44,4,62,154,18,172,234
02/20/2014,OLM,WA,ANM,WE,Federal Contract Tower,0,12,8,2,22,0,0,20,1,21,0,12,28,3,43,120,20,140,183
02/21/2014,OLM,WA,ANM,WE,Federal Contract Tower,0,4,2,0,6,0,0,53,6,59,0,4,55,6,65,144,0,144,209
02/22/2014,OLM,WA,ANM,WE,Federal Contract Tower,0,2,10,0,12,0,0,37,3,40,0,2,47,3,52,116,0,116,168
02/23/2014,OLM,WA,ANM,WE,Federal Contract Tower,0,2,8,0,10,0,0,20,0,20,0,2,28,0,30,110,0,110,140
02/24/2014,OLM,WA,ANM,WE,Federal Contract Tower,0,2,5,0,7,0,0,0,0,0,0,2,5,0,7,0,0,0,7
02/25/2014,OLM,WA,ANM,WE,Federal Contract Tower,0,7,25,2,34,0,0,65,17,82,0,7,90,19,116,170,6,176,292
02/26/2014,OLM,WA,ANM,WE,Federal Contract Tower,0,5,16,8,29,0,0,95,3,98,0,5,111,11,127,178,2,180,307
02/27/2014,OLM,WA,ANM,WE,Federal Contract Tower,0,8,18,6,32,0,0,52,7,59,0,8,70,13,91,152,10,162,253
02/28/2014,OLM,WA,ANM,WE,Federal Contract Tower,0,9,28,2,39,0,2,89,0,91,0,11,117,2,130,128,0,128,258
03/01/2014,OLM,WA,ANM,WE,Federal Contract Tower,0,3,7,0,10,0,1,61,0,62,0,4,68,0,72,184,0,184,256
03/02/2014,OLM,WA,ANM,WE,Federal Contract Tower,0,14,8,0,22,0,0,7,0,7,0,14,15,0,29,36,0,36,65
03/03/2014,OLM,WA,ANM,WE,Federal Contract Tower,0,5,8,0,13,0,10,15,0,25,0,15,23,0,38,20,0,20,58
03/04/2014,OLM,WA,ANM,WE,Federal Contract Tower,0,5,9,2,16,0,1,20,6,27,0,6,29,8,43,80,0,80,123
03/05/2014,OLM,WA,ANM,WE,Federal Contract Tower,0,5,10,0,15,0,0,7,0,7,0,5,17,0,22,68,0,68,90
03/06/2014,OLM,WA,ANM,WE,Federal Contract Tower,0,1,10,0,11,0,5,22,3,30,0,6,32,3,41,26,0,26,67
03/07/2014,OLM,WA,ANM,WE,Federal Contract Tower,0,6,18,0,24,0,2,64,3,69,0,8,82,3,93,84,0,84,177
03/08/2014,OLM,WA,ANM,WE,Federal Contract Tower,0,0,5,0,5,0,0,20,0,20,0,0,25,0,25,66,0,66,91
03/09/2014,OLM,WA,ANM,WE,Federal Contract Tower,0,1,11,0,12,0,0,28,0,28,0,1,39,0,40,94,0,94,134
03/10/2014,OLM,WA,ANM,WE,Federal Contract Tower,0,6,11,0,17,0,0,68,4,72,0,6,79,4,89,166,0,166,255
03/11/2014,OLM,WA,ANM,WE,Federal Contract Tower,0,2,20,0,22,0,1,89,9,99,0,3,109,9,121,194,8,202,323
03/12/2014,OLM,WA,ANM,WE,Federal Contract Tower,0,7,22,0,29,0,0,87,0,87,0,7,109,0,116,150,0,150,266
03/13/2014,OLM,WA,ANM,WE,Federal Contract Tower,0,9,23,0,32,0,2,83,2,87,0,11,106,2,119,164,0,164,283
03/14/2014,OLM,WA,ANM,WE,Federal Contract Tower,0,5,6,2,13,0,0,30,0,30,0,5,36,2,43,92,0,92,135
03/15/2014,OLM,WA,ANM,WE,Federal Contract Tower,0,4,12,0,16,0,4,63,32,99,0,8,75,32,115,76,4,80,195
03/16/2014,OLM,WA,ANM,WE,Federal Contract Tower,0,1,18,3,22,0,0,10,4,14,0,1,28,7,36,36,0,36,72
03/17/2014,OLM,WA,ANM,WE,Federal Contract Tower,0,4,10,0,14,0,0,80,7,87,0,4,90,7,101,50,0,50,151
03/18/2014,OLM,WA,ANM,WE,Federal Contract Tower,0,5,13,0,18,0,0,52,5,57,0,5,65,5,75,226,4,230,305
03/19/2014,OLM,WA,ANM,WE,Federal Contract Tower,0,6,11,0,17,0,2,14,0,16,0,8,25,0,33,106,0,106,139
03/20/2014,OLM,WA,ANM,WE,Federal Contract Tower,0,2,10,0,12,0,2,55,0,57,0,4,65,0,69,126,0,126,195
03/21/2014,OLM,WA,ANM,WE,Federal Contract Tower,0,2,5,0,7,0,4,75,3,82,0,6,80,3,89,0,0,0,89
03/22/2014,OLM,WA,ANM,WE,Federal Contract Tower,0,2,14,2,18,0,4,72,2,78,0,6,86,4,96,142,0,142,238
03/23/2014,OLM,WA,ANM,WE,Federal Contract Tower,0,8,7,0,15,0,2,70,4,76,0,10,77,4,91,28,0,28,119
03/24/2014,OLM,WA,ANM,WE,Federal Contract Tower,0,8,8,0,16,0,3,90,0,93,0,11,98,0,109,82,0,82,191
03/25/2014,OLM,WA,ANM,WE,Federal Contract Tower,0,5,4,0,9,0,7,35,2,44,0,12,39,2,53,20,0,20,73
03/26/2014,OLM,WA,ANM,WE,Federal Contract Tower,0,5,9,0,14,0,0,33,2,35,0,5,42,2,49,96,4,100,149
03/27/2014,OLM,WA,ANM,WE,Federal Contract Tower,0,1,5,3,9,0,3,24,2,29,0,4,29,5,38,112,0,112,150
03/28/2014,OLM,WA,ANM,WE,Federal Contract Tower,0,6,4,0,10,0,3,8,0,11,0,9,12,0,21,62,0,62,83
03/29/2014,OLM,WA,ANM,WE,Federal Contract Tower,0,0,0,0,0,0,2,9,0,11,0,2,9,0,11,24,0,24,35
03/30/2014,OLM,WA,ANM,WE,Federal Contract Tower,0,2,11,0,13,0,2,18,0,20,0,4,29,0,33,30,0,30,63
03/31/2014,OLM,WA,ANM,WE,Federal Contract Tower,0,5,17,0,22,0,4,68,1,73,0,9,85,1,95,120,0,120,215
04/01/2014,OLM,WA,ANM,WE,Federal Contract Tower,0,8,11,0,19,0,1,67,2,70,0,9,78,2,89,84,10,94,183
04/02/2014,OLM,WA,ANM,WE,Federal Contract Tower,0,2,11,2,15,0,1,40,0,41,0,3,51,2,56,70,0,70,126
04/03/2014,OLM,WA,ANM,WE,Federal Contract Tower,0,3,13,0,16,0,1,40,10,51,0,4,53,10,67,20,0,20,87
04/04/2014,OLM,WA,ANM,WE,Federal Contract Tower,0,7,6,1,14,0,0,17,10,27,0,7,23,11,41,64,2,66,107
04/05/2014,OLM,WA,ANM,WE,Federal Contract Tower,0,2,6,0,8,0,4,12,0,16,0,6,18,0,24,74,0,74,98
04/06/2014,OLM,WA,ANM,WE,Federal Contract Tower,0,0,24,1,25,0,4,16,1,21,0,4,40,2,46,58,0,58,104
04/07/2014,OLM,WA,ANM,WE,Federal Contract Tower,0,2,17,0,19,0,2,101,2,105,0,4,118,2,124,172,0,172,296
04/08/2014,OLM,WA,ANM,WE,Federal Contract Tower,0,7,10,0,17,0,2,20,0,22,0,9,30,0,39,80,0,80,119
04/09/2014,OLM,WA,ANM,WE,Federal Contract Tower,0,2,9,4,15,0,0,62,0,62,0,2,71,4,77,142,0,142,219
04/10/2014,OLM,WA,ANM,WE,Federal Contract Tower,0,1,18,4,23,0,2,83,0,85,0,3,101,4,108,74,0,74,182
04/11/2014,OLM,WA,ANM,WE,Federal Contract Tower,0,6,13,2,21,0,3,47,3,53,0,9,60,5,74,88,0,88,162
04/12/2014,OLM,WA,ANM,WE,Federal Contract Tower,0,0,15,0,15,0,5,53,1,59,0,5,68,1,74,28,0,28,102
04/13/2014,OLM,WA,ANM,WE,Federal Contract Tower,0,1,18,0,19,0,4,150,0,154,0,5,168,0,173,168,0,168,341
04/14/2014,OLM,WA,ANM,WE,Federal Contract Tower,0,3,17,0,20,0,4,122,2,128,0,7,139,2,148,158,0,158,306
04/15/2014,OLM,WA,ANM,WE,Federal Contract Tower,0,2,17,0,19,0,0,45,0,45,0,2,62,0,64,138,0,138,202
04/16/2014,OLM,WA,ANM,WE,Federal Contract Tower,0,6,4,0,10,0,1,9,0,10,0,7,13,0,20,96,0,96,116
04/17/2014,OLM,WA,ANM,WE,Federal Contract Tower,0,5,2,4,11,0,1,10,0,11,0,6,12,4,22,6,0,6,28
04/18/2014,OLM,WA,ANM,WE,Federal Contract Tower,0,2,15,5,22,0,0,99,7,106,0,2,114,12,128,130,0,130,258
04/19/2014,OLM,WA,ANM,WE,Federal Contract Tower,0,2,3,1,6,0,4,12,3,19,0,6,15,4,25,10,30,40,65
04/20/2014,OLM,WA,ANM,WE,Federal Contract Tower,0,2,3,0,5,0,1,64,0,65,0,3,67,0,70,64,0,64,134
04/21/2014,OLM,WA,ANM,WE,Federal Contract Tower,0,5,15,0,20,0,0,65,0,65,0,5,80,0,85,132,0,132,217
04/22/2014,OLM,WA,ANM,WE,Federal Contract Tower,0,6,4,2,12,0,2,16,6,24,0,8,20,8,36,152,10,162,198
04/23/2014,OLM,WA,ANM,WE,Federal Contract Tower,0,4,2,4,10,0,0,6,0,6,0,4,8,4,16,78,2,80,96
04/24/2014,OLM,WA,ANM,WE,Federal Contract Tower,0,11,1,6,18,0,4,22,2,28,0,15,23,8,46,44,0,44,90
04/25/2014,OLM,WA,ANM,WE,Federal Contract Tower,0,5,11,0,16,0,3,66,4,73,0,8,77,4,89,182,0,182,271
04/26/2014,OLM,WA,ANM,WE,Federal Contract Tower,0,0,16,0,16,0,0,57,3,60,0,0,73,3,76,134,0,134,210
04/27/2014,OLM,WA,ANM,WE,Federal Contract Tower,0,0,2,0,2,0,0,6,0,6,0,0,8,0,8,28,0,28,36
04/28/2014,OLM,WA,ANM,WE,Federal Contract Tower,0,9,9,0,18,0,2,75,14,91,0,11,84,14,109,206,26,232,341
04/29/2014,OLM,WA,ANM,WE,Federal Contract Tower,0,9,14,2,25,0,5,87,2,94,0,14,101,4,119,172,0,172,291
04/30/2014,OLM,WA,ANM,WE,Federal Contract Tower,0,2,15,0,17,0,2,84,0,86,0,4,99,0,103,96,0,96,199
05/01/2014,OLM,WA,ANM,WE,Federal Contract Tower,0,0,6,0,6,0,2,74,0,76,0,2,80,0,82,94,0,94,176
05/02/2014,OLM,WA,ANM,WE,Federal Contract Tower,0,4,6,1,11,0,0,50,1,51,0,4,56,2,62,48,0,48,110
05/03/2014,OLM,WA,ANM,WE,Federal Contract Tower,0,0,2,0,2,0,1,28,0,29,0,1,30,0,31,62,0,62,93
05/04/2014,OLM,WA,ANM,WE,Federal Contract Tower,0,3,10,1,14,0,2,3,3,8,0,5,13,4,22,10,0,10,32
05/05/2014,OLM,WA,ANM,WE,Federal Contract Tower,0,5,27,0,32,0,0,32,2,34,0,5,59,2,66,80,0,80,146
05/06/2014,OLM,WA,ANM,WE,Federal Contract Tower,0,7,19,4,30,0,1,87,2,90,0,8,106,6,120,178,0,178,298
05/07/2014,OLM,WA,ANM,WE,Federal Contract Tower,0,5,9,1,15,0,1,85,0,86,0,6,94,1,101,138,0,138,239
05/08/2014,OLM,WA,ANM,WE,Federal Contract Tower,0,2,11,4,17,0,0,25,1,26,0,2,36,5,43,52,0,52,95
05/09/2014,OLM,WA,ANM,WE,Federal Contract Tower,0,8,4,0,12,0,0,20,0,20,0,8,24,0,32,62,0,62,94
05/10/2014,OLM,WA,ANM,WE,Federal Contract Tower,0,0,12,0,12,0,1,57,0,58,0,1,69,0,70,168,0,168,238
05/11/2014,OLM,WA,ANM,WE,Federal Contract Tower,0,1,2,0,3,0,0,71,0,71,0,1,73,0,74,62,0,62,136
05/12/2014,OLM,WA,ANM,WE,Federal Contract Tower,0,0,10,0,10,0,0,86,6,92,0,0,96,6,102,152,38,190,292
05/13/2014,OLM,WA,ANM,WE,Federal Contract Tower,0,8,27,0,35,0,1,93,0,94,0,9,120,0,129,110,0,110,239
05/14/2014,OLM,WA,ANM,WE,Federal Contract Tower,0,7,1,0,8,0,1,66,7,74,0,8,67,7,82,162,0,162,244
05/15/2014,OLM,WA,ANM,WE,Federal Contract Tower,0,4,10,0,14,0,1,127,4,132,0,5,137,4,146,94,0,94,240
05/16/2014,OLM,WA,ANM,WE,Federal Contract Tower,0,1,11,0,12,0,3,56,0,59,0,4,67,0,71,160,0,160,231
05/17/2014,OLM,WA,ANM,WE,Federal Contract Tower,0,0,4,0,4,0,0,63,2,65,0,0,67,2,69,162,0,162,231
05/18/2014,OLM,WA,ANM,WE,Federal Contract Tower,0,2,0,0,2,0,0,23,1,24,0,2,23,1,26,42,0,42,68
05/19/2014,OLM,WA,ANM,WE,Federal Contract Tower,0,7,8,0,15,0,0,53,1,54,0,7,61,1,69,36,0,36,105
05/20/2014,OLM,WA,ANM,WE,Federal Contract Tower,0,3,23,3,29,0,0,83,2,85,0,3,106,5,114,260,0,260,374
05/21/2014,OLM,WA,ANM,WE,Federal Contract Tower,0,3,6,0,9,0,2,54,2,58,0,5,60,2,67,110,0,110,177
05/22/2014,OLM,WA,ANM,WE,Federal Contract Tower,0,11,10,0,21,0,3,72,0,75,0,14,82,0,96,182,0,182,278
05/23/2014,OLM,WA,ANM,WE,Federal Contract Tower,0,6,12,2,20,0,1,43,0,44,0,7,55,2,64,20,0,20,84
05/24/2014,OLM,WA,ANM,WE,Federal Contract Tower,0,0,26,0,26,0,1,105,3,109,0,1,131,3,135,88,0,88,223
05/25/2014,OLM,WA,ANM,WE,Federal Contract Tower,0,0,7,0,7,0,0,35,0,35,0,0,42,0,42,42,0,42,84
05/26/2014,OLM,WA,ANM,WE,Federal Contract Tower,0,5,7,0,12,0,0,12,0,12,0,5,19,0,24,0,0,0,24
05/27/2014,OLM,WA,ANM,WE,Federal Contract Tower,0,9,4,0,13,0,1,97,0,98,0,10,101,0,111,62,0,62,173
05/28/2014,OLM,WA,ANM,WE,Federal Contract Tower,0,6,8,0,14,0,3,31,6,40,0,9,39,6,54,40,4,44,98
05/29/2014,OLM,WA,ANM,WE,Federal Contract Tower,0,4,23,2,29,0,5,77,8,90,0,9,100,10,119,24,0,24,143
05/30/2014,OLM,WA,ANM,WE,Federal Contract Tower,0,1,20,0,21,0,2,109,0,111,0,3,129,0,132,180,0,180,312
05/31/2014,OLM,WA,ANM,WE,Federal Contract Tower,0,1,11,0,12,0,0,101,0,101,0,1,112,0,113,100,0,100,213
06/01/2014,OLM,WA,ANM,WE,Federal Contract Tower,0,2,11,0,13,0,1,89,0,90,0,3,100,0,103,74,0,74,177
06/02/2014,OLM,WA,ANM,WE,Federal Contract Tower,0,4,17,3,24,0,0,60,0,60,0,4,77,3,84,178,0,178,262
06/03/2014,OLM,WA,ANM,WE,Federal Contract Tower,0,4,20,0,24,0,0,66,0,66,0,4,86,0,90,126,0,126,216
06/04/2014,OLM,WA,ANM,WE,Federal Contract Tower,0,1,12,0,13,0,1,44,2,47,0,2,56,2,60,24,0,24,84
06/05/2014,OLM,WA,ANM,WE,Federal Contract Tower,0,1,15,0,16,0,1,88,0,89,0,2,103,0,105,150,0,150,255
06/06/2014,OLM,WA,ANM,WE,Federal Contract Tower,0,2,8,0,10,0,1,111,0,112,0,3,119,0,122,88,0,88,210
06/07/2014,OLM,WA,ANM,WE,Federal Contract Tower,0,3,21,0,24,0,5,141,0,146,0,8,162,0,170,156,0,156,326
06/08/2014,OLM,WA,ANM,WE,Federal Contract Tower,0,5,6,0,11,0,2,84,0,86,0,7,90,0,97,70,0,70,167
06/09/2014,OLM,WA,ANM,WE,Federal Contract Tower,0,17,9,1,27,0,4,54,5,63,0,21,63,6,90,86,20,106,196
06/10/2014,OLM,WA,ANM,WE,Federal Contract Tower,0,14,5,0,19,0,3,68,4,75,0,17,73,4,94,58,0,58,152
06/11/2014,OLM,WA,ANM,WE,Federal Contract Tower,0,8,13,0,21,0,2,97,1,100,0,10,110,1,121,182,0,182,303
06/12/2014,OLM,WA,ANM,WE,Federal Contract Tower,0,2,6,0,8,0,0,38,0,38,0,2,44,0,46,28,0,28,74
06/13/2014,OLM,WA,ANM,WE,Federal Contract Tower,0,6,2,0,8,0,1,111,0,112,0,7,113,0,120,615,0,615,735
06/14/2014,OLM,WA,ANM,WE,Federal Contract Tower,0,0,15,0,15,0,1,1290,8,1299,0,1,1305,8,1314,118,0,118,1432
06/15/2014,OLM,WA,ANM,WE,Federal Contract Tower,0,2,2,0,4,0,0,1515,0,1515,0,2,1517,0,1519,0,0,0,1519
06/16/2014,OLM,WA,ANM,WE,Federal Contract Tower,0,2,14,4,20,0,0,28,0,28,0,2,42,4,48,4,0,4,52
06/17/2014,OLM,WA,ANM,WE,Federal Contract Tower,0,0,8,0,8,0,3,91,4,98,0,3,99,4,106,170,16,186,292
06/18/2014,OLM,WA,ANM,WE,Federal Contract Tower,0,0,15,3,18,0,4,64,7,75,0,4,79,10,93,114,4,118,211
06/19/2014,OLM,WA,ANM,WE,Federal Contract Tower,0,4,20,0,24,0,1,83,2,86,0,5,103,2,110,112,0,112,222
06/20/2014,OLM,WA,ANM,WE,Federal Contract Tower,0,5,6,0,11,0,2,75,12,89,0,7,81,12,100,124,0,124,224
06/21/2014,OLM,WA,ANM,WE,Federal Contract Tower,0,4,22,0,26,0,2,61,2,65,0,6,83,2,91,78,0,78,169
06/22/2014,OLM,WA,ANM,WE,Federal Contract Tower,0,3,5,0,8,0,0,43,0,43,0,3,48,0,51,52,0,52,103
06/23/2014,OLM,WA,ANM,WE,Federal Contract Tower,0,0,3,6,9,0,2,97,4,103,0,2,100,10,112,78,0,78,190
06/24/2014,OLM,WA,ANM,WE,Federal Contract Tower,0,3,8,8,19,0,3,59,17,79,0,6,67,25,98,70,2,72,170
06/25/2014,OLM,WA,ANM,WE,Federal Contract Tower,0,0,17,0,17,0,0,64,2,66,0,0,81,2,83,164,4,168,251
06/26/2014,OLM,WA,ANM,WE,Federal Contract Tower,0,7,20,0,27,0,55,7,0,62,0,62,27,0,89,54,18,72,161
06/27/2014,OLM,WA,ANM,WE,Federal Contract Tower,0,4,16,0,20,0,1,19,7,27,0,5,35,7,47,50,0,50,97
06/28/2014,OLM,WA,ANM,WE,Federal Contract Tower,0,3,4,0,7,0,1,27,5,33,0,4,31,5,40,40,0,40,80
06/29/2014,OLM,WA,ANM,WE,Federal Contract Tower,0,1,6,0,7,0,2,23,4,29,0,3,29,4,36,62,0,62,98
06/30/2014,OLM,WA,ANM,WE,Federal Contract Tower,0,9,8,0,17,0,0,96,2,98,0,9,104,2,115,104,0,104,219
07/01/2014,OLM,WA,ANM,WE,Federal Contract Tower,0,2,14,0,16,0,1,73,0,74,0,3,87,0,90,52,0,52,142
07/02/2014,OLM,WA,ANM,WE,Federal Contract Tower,0,3,11,4,18,0,2,67,0,69,0,5,78,4,87,56,4,60,147
07/03/2014,OLM,WA,ANM,WE,Federal Contract Tower,0,8,1,0,9,0,1,89,0,90,0,9,90,0,99,164,0,164,263
07/04/2014,OLM,WA,ANM,WE,Federal Contract Tower,0,2,3,0,5,0,3,51,0,54,0,5,54,0,59,44,0,44,103
07/05/2014,OLM,WA,ANM,WE,Federal Contract Tower,0,0,4,0,4,0,2,81,0,83,0,2,85,0,87,88,0,88,175
07/06/2014,OLM,WA,ANM,WE,Federal Contract Tower,0,0,13,0,13,0,3,78,0,81,0,3,91,0,94,34,0,34,128
07/07/2014,OLM,WA,ANM,WE,Federal Contract Tower,0,3,13,0,16,0,2,70,0,72,0,5,83,0,88,110,0,110,198
07/08/2014,OLM,WA,ANM,WE,Federal Contract Tower,0,19,23,2,44,0,0,110,8,118,0,19,133,10,162,98,18,116,278
07/09/2014,OLM,WA,ANM,WE,Federal Contract Tower,0,5,7,2,14,0,3,66,0,69,0,8,73,2,83,120,0,120,203
07/10/2014,OLM,WA,ANM,WE,Federal Contract Tower,0,0,7,2,9,0,4,114,2,120,0,4,121,4,129,162,0,162,291
07/11/2014,OLM,WA,ANM,WE,Federal Contract Tower,0,3,8,0,11,0,3,91,0,94,0,6,99,0,105,52,0,52,157
07/12/2014,OLM,WA,ANM,WE,Federal Contract Tower,0,0,5,0,5,0,5,84,1,90,0,5,89,1,95,90,0,90,185
07/13/2014,OLM,WA,ANM,WE,Federal Contract Tower,0,5,12,0,17,0,0,81,5,86,0,5,93,5,103,76,4,80,183
07/14/2014,OLM,WA,ANM,WE,Federal Contract Tower,0,5,15,0,20,0,3,77,0,80,0,8,92,0,100,88,0,88,188
07/15/2014,OLM,WA,ANM,WE,Federal Contract Tower,0,3,5,0,8,0,2,95,0,97,0,5,100,0,105,144,0,144,249
07/16/2014,OLM,WA,ANM,WE,Federal Contract Tower,0,6,4,0,10,0,0,74,2,76,0,6,78,2,86,82,0,82,168
07/17/2014,OLM,WA,ANM,WE,Federal Contract Tower,0,5,17,2,24,0,4,69,2,75,0,9,86,4,99,14,0,14,113
07/18/2014,OLM,WA,ANM,WE,Federal Contract Tower,0,13,6,0,19,0,1,110,0,111,0,14,116,0,130,62,0,62,192
07/19/2014,OLM,WA,ANM,WE,Federal Contract Tower,0,1,2,0,3,0,1,151,0,152,0,2,153,0,155,58,0,58,213
07/20/2014,OLM,WA,ANM,WE,Federal Contract Tower,0,3,8,0,11,0,1,90,1,92,0,4,98,1,103,60,0,60,163
07/21/2014,OLM,WA,ANM,WE,Federal Contract Tower,0,0,14,0,14,0,3,64,2,69,0,3,78,2,83,56,0,56,139
07/22/2014,OLM,WA,ANM,WE,Federal Contract Tower,0,10,4,0,14,0,3,65,0,68,0,13,69,0,82,88,0,88,170
07/23/2014,OLM,WA,ANM,WE,Federal Contract Tower,0,2,9,0,11,0,4,8,0,12,0,6,17,0,23,56,0,56,79
07/24/2014,OLM,WA,ANM,WE,Federal Contract Tower,0,4,11,0,15,0,1,51,0,52,0,5,62,0,67,4,0,4,71
07/25/2014,OLM,WA,ANM,WE,Federal Contract Tower,0,9,12,0,21,0,6,97,2,105,0,15,109,2,126,74,0,74,200
07/26/2014,OLM,WA,ANM,WE,Federal Contract Tower,0,4,2,0,6,0,7,111,0,118,0,11,113,0,124,82,0,82,206
07/27/2014,OLM,WA,ANM,WE,Federal Contract Tower,0,3,11,0,14,0,3,66,0,69,0,6,77,0,83,32,0,32,115
07/28/2014,OLM,WA,ANM,WE,Federal Contract Tower,0,1,2,0,3,0,2,72,0,74,0,3,74,0,77,94,0,94,171
07/29/2014,OLM,WA,ANM,WE,Federal Contract Tower,0,1,2,2,5,0,3,70,0,73,0,4,72,2,78,30,2,32,110
07/30/2014,OLM,WA,ANM,WE,Federal Contract Tower,0,3,5,0,8,0,2,58,0,60,0,5,63,0,68,14,0,14,82
07/31/2014,OLM,WA,ANM,WE,Federal Contract Tower,0,5,2,0,7,0,0,79,0,79,0,5,81,0,86,78,0,78,164
08/01/2014,OLM,WA,ANM,WE,Federal Contract Tower,0,1,2,0,3,0,0,80,1,81,0,1,82,1,84,80,0,80,164
08/02/2014,OLM,WA,ANM,WE,Federal Contract Tower,0,2,0,0,2,0,8,79,0,87,0,10,79,0,89,50,0,50,139
08/03/2014,OLM,WA,ANM,WE,Federal Contract Tower,0,9,8,0,17,0,1,55,0,56,0,10,63,0,73,46,0,46,119
08/04/2014,OLM,WA,ANM,WE,Federal Contract Tower,0,2,1,0,3,0,3,82,0,85,0,5,83,0,88,30,0,30,118
08/05/2014,OLM,WA,ANM,WE,Federal Contract Tower,0,7,2,0,9,0,5,78,0,83,0,12,80,0,92,154,0,154,246
08/06/2014,OLM,WA,ANM,WE,Federal Contract Tower,0,7,10,0,17,0,4,54,0,58,0,11,64,0,75,24,0,24,99
08/07/2014,OLM,WA,ANM,WE,Federal Contract Tower,0,1,12,0,13,0,3,94,1,98,0,4,106,1,111,38,0,38,149
08/08/2014,OLM,WA,ANM,WE,Federal Contract Tower,0,8,6,0,14,0,4,105,0,109,0,12,111,0,123,66,0,66,189
08/09/2014,OLM,WA,ANM,WE,Federal Contract Tower,0,4,2,0,6,0,6,109,0,115,0,10,111,0,121,208,0,208,329
08/10/2014,OLM,WA,ANM,WE,Federal Contract Tower,0,0,4,0,4,0,6,90,0,96,0,6,94,0,100,14,0,14,114
08/11/2014,OLM,WA,ANM,WE,Federal Contract Tower,0,0,3,0,3,0,0,101,0,101,0,0,104,0,104,76,0,76,180
08/12/2014,OLM,WA,ANM,WE,Federal Contract Tower,0,3,1,0,4,0,2,82,10,94,0,5,83,10,98,100,0,100,198
08/13/2014,OLM,WA,ANM,WE,Federal Contract Tower,0,5,2,0,7,0,0,10,0,10,0,5,12,0,17,36,0,36,53
08/14/2014,OLM,WA,ANM,WE,Federal Contract Tower,0,2,6,0,8,0,2,99,2,103,0,4,105,2,111,114,0,114,225
08/15/2014,OLM,WA,ANM,WE,Federal Contract Tower,0,1,12,0,13,0,2,84,0,86,0,3,96,0,99,52,0,52,151
08/16/2014,OLM,WA,ANM,WE,Federal Contract Tower,0,0,13,0,13,0,2,91,1,94,0,2,104,1,107,60,0,60,167
08/17/2014,OLM,WA,ANM,WE,Federal Contract Tower,0,3,4,0,7,0,3,78,0,81,0,6,82,0,88,44,0,44,132
08/18/2014,OLM,WA,ANM,WE,Federal Contract Tower,0,8,13,0,21,0,6,103,9,118,0,14,116,9,139,20,0,20,159
08/19/2014,OLM,WA,ANM,WE,Federal Contract Tower,0,2,7,0,9,0,3,119,0,122,0,5,126,0,131,36,0,36,167
08/20/2014,OLM,WA,ANM,WE,Federal Contract Tower,0,10,8,0,18,0,1,70,2,73,0,11,78,2,91,52,0,52,143
08/21/2014,OLM,WA,ANM,WE,Federal Contract Tower,0,5,2,0,7,0,4,107,0,111,0,9,109,0,118,130,0,130,248
08/22/2014,OLM,WA,ANM,WE,Federal Contract Tower,0,2,4,0,6,0,2,80,1,83,0,4,84,1,89,64,0,64,153
08/23/2014,OLM,WA,ANM,WE,Federal Contract Tower,0,2,12,0,14,0,1,103,0,104,0,3,115,0,118,114,0,114,232
08/24/2014,OLM,WA,ANM,WE,Federal Contract Tower,0,4,1,0,5,0,2,62,0,64,0,6,63,0,69,68,0,68,137
08/25/2014,OLM,WA,ANM,WE,Federal Contract Tower,0,3,1,0,4,0,1,79,0,80,0,4,80,0,84,44,0,44,128
08/26/2014,OLM,WA,ANM,WE,Federal Contract Tower,0,2,11,0,13,0,1,138,0,139,0,3,149,0,152,4,0,4,156
08/27/2014,OLM,WA,ANM,WE,Federal Contract Tower,0,6,3,0,9,0,4,135,0,139,0,10,138,0,148,54,0,54,202
08/28/2014,OLM,WA,ANM,WE,Federal Contract Tower,0,8,13,2,23,0,4,58,0,62,0,12,71,2,85,88,0,88,173
08/29/2014,OLM,WA,ANM,WE,Federal Contract Tower,0,6,11,0,17,0,0,101,0,101,0,6,112,0,118,62,0,62,180
08/30/2014,OLM,WA,ANM,WE,Federal Contract Tower,0,4,9,0,13,0,0,10,0,10,0,4,19,0,23,6,0,6,29
08/31/2014,OLM,WA,ANM,WE,Federal Contract Tower,0,1,0,0,1,0,3,32,0,35,0,4,32,0,36,0,0,0,36
09/01/2014,OLM,WA,ANM,WE,Federal Contract Tower,0,3,10,0,13,0,4,125,12,141,0,7,135,12,154,86,0,86,240
09/02/2014,OLM,WA,ANM,WE,Federal Contract Tower,0,5,6,0,11,0,3,48,0,51,0,8,54,0,62,58,0,58,120
09/03/2014,OLM,WA,ANM,WE,Federal Contract Tower,0,4,5,0,9,0,1,75,0,76,0,5,80,0,85,54,0,54,139
09/04/2014,OLM,WA,ANM,WE,Federal Contract Tower,0,3,3,0,6,0,2,83,2,87,0,5,86,2,93,154,0,154,247
09/05/2014,OLM,WA,ANM,WE,Federal Contract Tower,0,3,4,0,7,0,2,127,2,131,0,5,131,2,138,166,0,166,304
09/06/2014,OLM,WA,ANM,WE,Federal Contract Tower,0,1,5,0,6,0,5,130,26,161,0,6,135,26,167,12,0,12,179
09/07/2014,OLM,WA,ANM,WE,Federal Contract Tower,0,1,1,1,3,0,7,106,11,124,0,8,107,12,127,76,0,76,203
09/08/2014,OLM,WA,ANM,WE,Federal Contract Tower,0,0,2,0,2,0,2,36,0,38,0,2,38,0,40,52,0,52,92
09/09/2014,OLM,WA,ANM,WE,Federal Contract Tower,0,0,5,0,5,0,3,55,2,60,0,3,60,2,65,48,0,48,113
09/10/2014,OLM,WA,ANM,WE,Federal Contract Tower,0,43,9,0,52,0,4,45,0,49,0,47,54,0,101,56,0,56,157
09/11/2014,OLM,WA,ANM,WE,Federal Contract Tower,0,5,5,0,10,0,7,148,5,160,0,12,153,5,170,144,0,144,314
09/12/2014,OLM,WA,ANM,WE,Federal Contract Tower,0,3,9,0,12,0,4,128,0,132,0,7,137,0,144,148,0,148,292
09/13/2014,OLM,WA,ANM,WE,Federal Contract Tower,0,2,11,0,13,0,8,125,2,135,0,10,136,2,148,30,0,30,178
09/14/2014,OLM,WA,ANM,WE,Federal Contract Tower,0,3,2,0,5,0,4,90,0,94,0,7,92,0,99,46,0,46,145
09/15/2014,OLM,WA,ANM,WE,Federal Contract Tower,0,1,9,2,12,0,3,126,0,129,0,4,135,2,141,212,0,212,353
09/16/2014,OLM,WA,ANM,WE,Federal Contract Tower,0,2,7,0,9,0,3,69,6,78,0,5,76,6,87,72,0,72,159
09/17/2014,OLM,WA,ANM,WE,Federal Contract Tower,0,6,11,0,17,0,6,94,0,100,0,12,105,0,117,160,0,160,277
09/18/2014,OLM,WA,ANM,WE,Federal Contract Tower,0,5,17,1,23,0,2,75,0,77,0,7,92,1,100,120,0,120,220
09/19/2014,OLM,WA,ANM,WE,Federal Contract Tower,0,3,15,0,18,0,0,101,0,101,0,3,116,0,119,90,0,90,209
09/20/2014,OLM,WA,ANM,WE,Federal Contract Tower,0,2,7,0,9,0,2,78,1,81,0,4,85,1,90,76,0,76,166
09/21/2014,OLM,WA,ANM,WE,Federal Contract Tower,0,3,1,0,4,0,2,123,0,125,0,5,124,0,129,74,0,74,203
09/22/2014,OLM,WA,ANM,WE,Federal Contract Tower,0,1,3,0,4,0,2,65,0,67,0,3,68,0,71,74,0,74,145
09/23/2014,OLM,WA,ANM,WE,Federal Contract Tower,0,14,13,0,27,0,0,7,0,7,0,14,20,0,34,14,0,14,48
09/24/2014,OLM,WA,ANM,WE,Federal Contract Tower,0,3,5,0,8,0,2,30,0,32,0,5,35,0,40,166,0,166,206
09/25/2014,OLM,WA,ANM,WE,Federal Contract Tower,0,4,34,0,38,0,0,30,2,32,0,4,64,2,70,39,0,39,109
09/26/2014,OLM,WA,ANM,WE,Federal Contract Tower,0,3,6,0,9,0,1,19,0,20,0,4,25,0,29,18,0,18,47
09/27/2014,OLM,WA,ANM,WE,Federal Contract Tower,0,1,16,0,17,0,5,91,0,96,0,6,107,0,113,78,0,78,191
09/28/2014,OLM,WA,ANM,WE,Federal Contract Tower,0,4,14,0,18,0,2,59,0,61,0,6,73,0,79,50,0,50,129
09/29/2014,OLM,WA,ANM,WE,Federal Contract Tower,0,4,14,0,18,0,1,27,0,28,0,5,41,0,46,50,0,50,96
09/30/2014,OLM,WA,ANM,WE,Federal Contract Tower,0,6,11,0,17,0,6,69,0,75,0,12,80,0,92,168,0,168,260
10/01/2014,OLM,WA,ANM,WE,Federal Contract Tower,0,1,24,4,29,0,0,75,0,75,0,1,99,4,104,116,0,116,220
10/02/2014,OLM,WA,ANM,WE,Federal Contract Tower,0,4,12,0,16,0,2,140,4,146,0,6,152,4,162,264,0,264,426
10/03/2014,OLM,WA,ANM,WE,Federal Contract Tower,0,8,3,0,11,0,3,93,0,96,0,11,96,0,107,106,0,106,213
10/04/2014,OLM,WA,ANM,WE,Federal Contract Tower,0,1,9,0,10,0,0,84,22,106,0,1,93,22,116,118,0,118,234
10/05/2014,OLM,WA,ANM,WE,Federal Contract Tower,0,5,4,0,9,0,0,64,0,64,0,5,68,0,73,74,0,74,147
10/06/2014,OLM,WA,ANM,WE,Federal Contract Tower,0,0,11,0,11,0,5,38,0,43,0,5,49,0,54,98,0,98,152
10/07/2014,OLM,WA,ANM,WE,Federal Contract Tower,0,6,12,4,22,0,1,28,0,29,0,7,40,4,51,54,0,54,105
10/08/2014,OLM,WA,ANM,WE,Federal Contract Tower,0,4,12,2,18,0,0,17,2,19,0,4,29,4,37,22,6,28,65
10/09/2014,OLM,WA,ANM,WE,Federal Contract Tower,0,3,19,0,22,0,0,30,1,31,0,3,49,1,53,34,0,34,87
10/10/2014,OLM,WA,ANM,WE,Federal Contract Tower,0,3,5,0,8,0,0,30,0,30,0,3,35,0,38,50,0,50,88
10/11/2014,OLM,WA,ANM,WE,Federal Contract Tower,0,1,4,0,5,0,4,11,0,15,0,5,15,0,20,12,0,12,32
10/12/2014,OLM,WA,ANM,WE,Federal Contract Tower,0,1,2,0,3,0,3,22,0,25,0,4,24,0,28,68,0,68,96
10/13/2014,OLM,WA,ANM,WE,Federal Contract Tower,0,5,12,0,17,0,1,63,0,64,0,6,75,0,81,54,0,54,135
10/14/2014,OLM,WA,ANM,WE,Federal Contract Tower,0,8,11,0,19,0,0,64,3,67,0,8,75,3,86,64,32,96,182
10/15/2014,OLM,WA,ANM,WE,Federal Contract Tower,0,1,3,0,4,0,1,18,2,21,0,2,21,2,25,38,0,38,63
10/16/2014,OLM,WA,ANM,WE,Federal Contract Tower,0,2,23,0,25,0,3,124,0,127,0,5,147,0,152,184,0,184,336
10/17/2014,OLM,WA,ANM,WE,Federal Contract Tower,0,6,4,0,10,0,2,22,0,24,0,8,26,0,34,66,0,66,100
10/18/2014,OLM,WA,ANM,WE,Federal Contract Tower,0,4,9,0,13,0,0,20,0,20,0,4,29,0,33,32,0,32,65
10/19/2014,OLM,WA,ANM,WE,Federal Contract Tower,0,1,7,0,8,0,1,45,0,46,0,2,52,0,54,30,0,30,84
10/20/2014,OLM,WA,ANM,WE,Federal Contract Tower,0,8,7,0,15,0,6,61,6,73,0,14,68,6,88,48,0,48,136
10/21/2014,OLM,WA,ANM,WE,Federal Contract Tower,0,4,12,0,16,0,3,58,2,63,0,7,70,2,79,38,0,38,117
10/22/2014,OLM,WA,ANM,WE,Federal Contract Tower,0,0,6,0,6,0,0,3,2,5,0,0,9,2,11,52,0,52,63
10/23/2014,OLM,WA,ANM,WE,Federal Contract Tower,0,0,5,0,5,0,5,53,23,81,0,5,58,23,86,68,40,108,194
10/24/2014,OLM,WA,ANM,WE,Federal Contract Tower,0,2,14,0,16,0,0,38,2,40,0,2,52,2,56,80,0,80,136
10/25/2014,OLM,WA,ANM,WE,Federal Contract Tower,0,0,7,0,7,0,0,3,2,5,0,0,10,2,12,8,0,8,20
10/26/2014,OLM,WA,ANM,WE,Federal Contract Tower,0,0,5,0,5,0,2,25,2,29,0,2,30,2,34,34,0,34,68
10/27/2014,OLM,WA,ANM,WE,Federal Contract Tower,0,0,12,2,14,0,1,108,12,121,0,1,120,14,135,118,24,142,277
10/28/2014,OLM,WA,ANM,WE,Federal Contract Tower,0,10,12,2,24,0,2,15,0,17,0,12,27,2,41,72,24,96,137
10/29/2014,OLM,WA,ANM,WE,Federal Contract Tower,0,3,5,0,8,0,0,84,0,84,0,3,89,0,92,188,0,188,280
10/30/2014,OLM,WA,ANM,WE,Federal Contract Tower,0,2,4,6,12,0,2,26,0,28,0,4,30,6,40,48,0,48,88
10/31/2014,OLM,WA,ANM,WE,Federal Contract Tower,0,6,8,0,14,0,2,20,0,22,0,8,28,0,36,24,0,24,60
11/01/2014,OLM,WA,ANM,WE,Federal Contract Tower,0,2,11,0,13,0,0,39,0,39,0,2,50,0,52,66,0,66,118
11/02/2014,OLM,WA,ANM,WE,Federal Contract Tower,0,4,15,0,19,0,0,3,0,3,0,4,18,0,22,0,0,0,22
11/03/2014,OLM,WA,ANM,WE,Federal Contract Tower,0,3,5,4,12,0,1,18,8,27,0,4,23,12,39,0,0,0,39
11/04/2014,OLM,WA,ANM,WE,Federal Contract Tower,0,7,11,6,24,0,1,68,4,73,0,8,79,10,97,56,0,56,153
11/05/2014,OLM,WA,ANM,WE,Federal Contract Tower,0,6,17,0,23,0,0,2,0,2,0,6,19,0,25,110,0,110,135
11/06/2014,OLM,WA,ANM,WE,Federal Contract Tower,0,4,0,0,4,0,2,8,0,10,0,6,8,0,14,0,0,0,14
11/07/2014,OLM,WA,ANM,WE,Federal Contract Tower,0,7,14,0,21,0,4,50,0,54,0,11,64,0,75,110,0,110,185
11/08/2014,OLM,WA,ANM,WE,Federal Contract Tower,0,4,21,0,25,0,3,70,0,73,0,7,91,0,98,70,0,70,168
11/09/2014,OLM,WA,ANM,WE,Federal Contract Tower,0,2,2,0,4,0,1,7,0,8,0,3,9,0,12,0,0,0,12
11/10/2014,OLM,WA,ANM,WE,Federal Contract Tower,0,2,8,0,10,0,4,119,0,123,0,6,127,0,133,130,0,130,263
11/11/2014,OLM,WA,ANM,WE,Federal Contract Tower,0,5,9,0,14,0,1,112,0,113,0,6,121,0,127,122,0,122,249
11/12/2014,OLM,WA,ANM,WE,Federal Contract Tower,0,14,5,4,23,0,5,121,4,130,0,19,126,8,153,192,0,192,345
11/13/2014,OLM,WA,ANM,WE,Federal Contract Tower,0,5,10,8,23,0,1,88,7,96,0,6,98,15,119,124,0,124,243
11/14/2014,OLM,WA,ANM,WE,Federal Contract Tower,0,5,16,2,23,0,0,95,1,96,0,5,111,3,119,136,0,136,255
11/15/2014,OLM,WA,ANM,WE,Federal Contract Tower,0,2,8,1,11,0,1,70,1,72,0,3,78,2,83,44,0,44,127
11/16/2014,OLM,WA,ANM,WE,Federal Contract Tower,0,2,12,0,14,0,0,66,0,66,0,2,78,0,80,50,0,50,130
11/17/2014,OLM,WA,ANM,WE,Federal Contract Tower,0,0,14,0,14,0,0,104,4,108,0,0,118,4,122,88,18,106,228
11/18/2014,OLM,WA,ANM,WE,Federal Contract Tower,0,1,7,2,10,0,4,117,0,121,0,5,124,2,131,138,0,138,269
11/19/2014,OLM,WA,ANM,WE,Federal Contract Tower,0,9,16,0,25,0,8,73,3,84,0,17,89,3,109,222,2,224,333
11/20/2014,OLM,WA,ANM,WE,Federal Contract Tower,0,1,12,0,13,0,1,29,0,30,0,2,41,0,43,100,0,100,143
11/21/2014,OLM,WA,ANM,WE,Federal Contract Tower,0,3,5,7,15,0,0,21,0,21,0,3,26,7,36,86,0,86,122
11/22/2014,OLM,WA,ANM,WE,Federal Contract Tower,0,1,13,0,14,0,2,21,0,23,0,3,34,0,37,276,0,276,313
11/23/2014,OLM,WA,ANM,WE,Federal Contract Tower,0,2,0,0,2,0,2,13,0,15,0,4,13,0,17,18,0,18,35
11/24/2014,OLM,WA,ANM,WE,Federal Contract Tower,0,1,5,2,8,0,2,59,1,62,0,3,64,3,70,152,0,152,222
11/25/2014,OLM,WA,ANM,WE,Federal Contract Tower,0,14,11,0,25,0,1,0,0,1,0,15,11,0,26,50,0,50,76
11/26/2014,OLM,WA,ANM,WE,Federal Contract Tower,0,4,20,0,24,0,4,69,0,73,0,8,89,0,97,164,0,164,261
11/27/2014,OLM,WA,ANM,WE,Federal Contract Tower,0,4,3,0,7,0,1,2,0,3,0,5,5,0,10,0,0,0,10
11/28/2014,OLM,WA,ANM,WE,Federal Contract Tower,0,3,0,0,3,0,0,4,0,4,0,3,4,0,7,40,0,40,47
11/29/2014,OLM,WA,ANM,WE,Federal Contract Tower,0,1,3,0,4,0,1,32,0,33,0,2,35,0,37,78,0,78,115
11/30/2014,OLM,WA,ANM,WE,Federal Contract Tower,0,4,22,0,26,0,2,94,0,96,0,6,116,0,122,84,0,84,206
12/01/2014,OLM,WA,ANM,WE,Federal Contract Tower,0,2,12,0,14,0,2,58,0,60,0,4,70,0,74,110,0,110,184
12/02/2014,OLM,WA,ANM,WE,Federal Contract Tower,0,7,21,4,32,0,2,40,6,48,0,9,61,10,80,110,2,112,192
12/03/2014,OLM,WA,ANM,WE,Federal Contract Tower,0,5,4,4,13,0,5,67,0,72,0,10,71,4,85,228,0,228,313
12/04/2014,OLM,WA,ANM,WE,Federal Contract Tower,0,5,18,0,23,0,0,14,0,14,0,5,32,0,37,46,0,46,83
12/05/2014,OLM,WA,ANM,WE,Federal Contract Tower,0,8,28,0,36,0,0,0,0,0,0,8,28,0,36,66,0,66,102
12/06/2014,OLM,WA,ANM,WE,Federal Contract Tower,0,1,9,2,12,0,0,16,0,16,0,1,25,2,28,194,0,194,222
12/07/2014,OLM,WA,ANM,WE,Federal Contract Tower,0,2,11,0,13,0,0,6,0,6,0,2,17,0,19,0,0,0,19
12/08/2014,OLM,WA,ANM,WE,Federal Contract Tower,0,3,18,2,23,0,0,47,12,59,0,3,65,14,82,150,20,170,252
12/09/2014,OLM,WA,ANM,WE,Federal Contract Tower,0,9,2,4,15,0,1,8,4,13,0,10,10,8,28,104,24,128,156
12/10/2014,OLM,WA,ANM,WE,Federal Contract Tower,0,8,1,2,11,0,0,12,2,14,0,8,13,4,25,12,10,22,47
12/11/2014,OLM,WA,ANM,WE,Federal Contract Tower,0,3,0,0,3,0,2,8,0,10,0,5,8,0,13,0,0,0,13
12/12/2014,OLM,WA,ANM,WE,Federal Contract Tower,0,8,8,2,18,0,2,75,0,77,0,10,83,2,95,172,0,172,267
12/13/2014,OLM,WA,ANM,WE,Federal Contract Tower,0,1,31,0,32,0,0,1,0,1,0,1,32,0,33,86,0,86,119
12/14/2014,OLM,WA,ANM,WE,Federal Contract Tower,0,0,3,0,3,0,0,52,0,52,0,0,55,0,55,44,0,44,99
12/15/2014,OLM,WA,ANM,WE,Federal Contract Tower,0,4,18,8,30,0,3,84,2,89,0,7,102,10,119,206,22,228,347
12/16/2014,OLM,WA,ANM,WE,Federal Contract Tower,0,3,12,4,19,0,6,67,2,75,0,9,79,6,94,72,0,72,166
12/17/2014,OLM,WA,ANM,WE,Federal Contract Tower,0,8,12,0,20,0,1,35,0,36,0,9,47,0,56,50,0,50,106
12/18/2014,OLM,WA,ANM,WE,Federal Contract Tower,0,3,15,4,22,0,1,29,0,30,0,4,44,4,52,90,0,90,142
12/19/2014,OLM,WA,ANM,WE,Federal Contract Tower,0,7,11,0,18,0,1,28,6,35,0,8,39,6,53,20,0,20,73
12/20/2014,OLM,WA,ANM,WE,Federal Contract Tower,0,4,0,0,4,0,0,2,0,2,0,4,2,0,6,0,0,0,6
12/21/2014,OLM,WA,ANM,WE,Federal Contract Tower,0,3,1,0,4,0,2,9,0,11,0,5,10,0,15,22,0,22,37
12/22/2014,OLM,WA,ANM,WE,Federal Contract Tower,0,3,10,4,17,0,2,86,0,88,0,5,96,4,105,158,0,158,263
12/23/2014,OLM,WA,ANM,WE,Federal Contract Tower,0,3,17,2,22,0,0,3,0,3,0,3,20,2,25,26,0,26,51
12/24/2014,OLM,WA,ANM,WE,Federal Contract Tower,0,0,6,0,6,0,0,19,0,19,0,0,25,0,25,4,0,4,29
12/25/2014,OLM,WA,ANM,WE,Federal Contract Tower,0,2,1,0,3,0,0,0,0,0,0,2,1,0,3,0,0,0,3
12/26/2014,OLM,WA,ANM,WE,Federal Contract Tower,0,0,0,0,0,0,0,1,0,1,0,0,1,0,1,0,0,0,1
12/27/2014,OLM,WA,ANM,WE,Federal Contract Tower,0,1,0,0,1,0,0,3,0,3,0,1,3,0,4,4,0,4,8
12/28/2014,OLM,WA,ANM,WE,Federal Contract Tower,0,0,0,0,0,0,4,21,0,25,0,4,21,0,25,46,0,46,71
12/29/2014,OLM,WA,ANM,WE,Federal Contract Tower,0,1,16,2,19,0,3,54,2,59,0,4,70,4,78,188,2,190,268
12/30/2014,OLM,WA,ANM,WE,Federal Contract Tower,0,4,14,2,20,0,4,95,0,99,0,8,109,2,119,94,0,94,213
12/31/2014,OLM,WA,ANM,WE,Federal Contract Tower,0,8,4,2,14,0,2,115,0,117,0,10,119,2,131,120,0,120,251
01/01/2015,OLM,WA,ANM,WE,Federal Contract Tower,0,2,20,0,22,0,9,104,0,113,0,11,124,0,135,72,0,72,207
01/02/2015,OLM,WA,ANM,WE,Federal Contract Tower,0,0,5,0,5,0,0,27,0,27,0,0,32,0,32,88,0,88,120
01/03/2015,OLM,WA,ANM,WE,Federal Contract Tower,0,0,4,0,4,0,0,0,0,0,0,0,4,0,4,0,0,0,4
01/04/2015,OLM,WA,ANM,WE,Federal Contract Tower,0,1,0,0,1,0,0,0,0,0,0,1,0,0,1,0,0,0,1
01/05/2015,OLM,WA,ANM,WE,Federal Contract Tower,0,3,2,2,7,0,1,0,2,3,0,4,2,4,10,0,0,0,10
01/06/2015,OLM,WA,ANM,WE,Federal Contract Tower,0,2,8,8,18,0,0,0,0,0,0,2,8,8,18,10,0,10,28
01/07/2015,OLM,WA,ANM,WE,Federal Contract Tower,0,5,7,0,12,0,0,0,0,0,0,5,7,0,12,0,0,0,12
01/08/2015,OLM,WA,ANM,WE,Federal Contract Tower,0,7,18,0,25,0,0,0,0,0,0,7,18,0,25,20,0,20,45
01/09/2015,OLM,WA,ANM,WE,Federal Contract Tower,0,3,4,5,12,0,0,64,0,64,0,3,68,5,76,66,0,66,142
01/10/2015,OLM,WA,ANM,WE,Federal Contract Tower,0,2,8,0,10,0,0,0,0,0,0,2,8,0,10,20,0,20,30
01/11/2015,OLM,WA,ANM,WE,Federal Contract Tower,0,0,0,0,0,0,2,10,2,14,0,2,10,2,14,10,0,10,24
01/12/2015,OLM,WA,ANM,WE,Federal Contract Tower,0,3,3,16,22,0,0,23,0,23,0,3,26,16,45,28,0,28,73
01/13/2015,OLM,WA,ANM,WE,Federal Contract Tower,0,0,4,15,19,0,2,41,0,43,0,2,45,15,62,100,0,100,162
01/14/2015,OLM,WA,ANM,WE,Federal Contract Tower,0,4,6,19,29,0,3,96,2,101,0,7,102,21,130,178,2,180,310
01/15/2015,OLM,WA,ANM,WE,Federal Contract Tower,0,4,1,12,17,0,0,58,4,62,0,4,59,16,79,58,0,58,137
01/16/2015,OLM,WA,ANM,WE,Federal Contract Tower,0,7,17,2,26,0,1,70,2,73,0,8,87,4,99,78,0,78,177
01/17/2015,OLM,WA,ANM,WE,Federal Contract Tower,0,5,6,0,11,0,0,3,0,3,0,5,9,0,14,128,0,128,142
01/18/2015,OLM,WA,ANM,WE,Federal Contract Tower,0,2,0,0,2,0,1,2,0,3,0,3,2,0,5,0,0,0,5
01/19/2015,OLM,WA,ANM,WE,Federal Contract Tower,0,3,4,0,7,0,2,85,0,87,0,5,89,0,94,152,0,152,246
01/20/2015,OLM,WA,ANM,WE,Federal Contract Tower,0,6,9,9,24,0,1,37,6,44,0,7,46,15,68,14,6,20,88
01/21/2015,OLM,WA,ANM,WE,Federal Contract Tower,0,12,9,4,25,0,0,32,4,36,0,12,41,8,61,4,4,8,69
01/22/2015,OLM,WA,ANM,WE,Federal Contract Tower,0,4,1,4,9,0,0,79,0,79,0,4,80,4,88,146,0,146,234
01/23/2015,OLM,WA,ANM,WE,Federal Contract Tower,0,13,5,2,20,0,1,3,0,4,0,14,8,2,24,2,0,2,26
01/24/2015,OLM,WA,ANM,WE,Federal Contract Tower,0,2,18,0,20,0,0,3,0,3,0,2,21,0,23,0,0,0,23
01/25/2015,OLM,WA,ANM,WE,Federal Contract Tower,0,2,13,4,19,0,2,34,0,36,0,4,47,4,55,12,0,12,67
01/26/2015,OLM,WA,ANM,WE,Federal Contract Tower,0,7,16,1,24,0,0,123,2,125,0,7,139,3,149,148,40,188,337
01/27/2015,OLM,WA,ANM,WE,Federal Contract Tower,0,5,13,6,24,0,0,2,0,2,0,5,15,6,26,78,0,78,104
01/28/2015,OLM,WA,ANM,WE,Federal Contract Tower,0,3,14,6,23,0,0,55,4,59,0,3,69,10,82,256,6,262,344
01/29/2015,OLM,WA,ANM,WE,Federal Contract Tower,0,2,24,6,32,0,0,46,4,50,0,2,70,10,82,54,0,54,136
01/30/2015,OLM,WA,ANM,WE,Federal Contract Tower,0,0,16,0,16,0,0,0,0,0,0,0,16,0,16,0,0,0,16
01/31/2015,OLM,WA,ANM,WE,Federal Contract Tower,0,5,7,0,12,0,0,4,0,4,0,5,11,0,16,48,0,48,64
02/01/2015,OLM,WA,ANM,WE,Federal Contract Tower,0,1,1,0,2,0,3,6,0,9,0,4,7,0,11,4,0,4,15
02/02/2015,OLM,WA,ANM,WE,Federal Contract Tower,0,5,8,6,19,0,0,8,2,10,0,5,16,8,29,0,0,0,29
02/03/2015,OLM,WA,ANM,WE,Federal Contract Tower,0,5,16,10,31,0,1,73,2,76,0,6,89,12,107,240,0,240,347
02/04/2015,OLM,WA,ANM,WE,Federal Contract Tower,0,4,13,2,19,0,0,0,0,0,0,4,13,2,19,0,0,0,19
02/05/2015,OLM,WA,ANM,WE,Federal Contract Tower,0,6,3,10,19,0,0,0,8,8,0,6,3,18,27,0,0,0,27
02/06/2015,OLM,WA,ANM,WE,Federal Contract Tower,0,2,4,0,6,0,2,16,1,19,0,4,20,1,25,146,0,146,171
02/07/2015,OLM,WA,ANM,WE,Federal Contract Tower,0,3,10,0,13,0,1,8,1,10,0,4,18,1,23,16,0,16,39
02/08/2015,OLM,WA,ANM,WE,Federal Contract Tower,0,1,2,0,3,0,0,60,2,62,0,1,62,2,65,48,0,48,113
02/09/2015,OLM,WA,ANM,WE,Federal Contract Tower,0,5,12,4,21,0,4,39,0,43,0,9,51,4,64,136,2,138,202
02/10/2015,OLM,WA,ANM,WE,Federal Contract Tower,0,7,7,0,14,0,2,42,0,44,0,9,49,0,58,168,8,176,234
02/11/2015,OLM,WA,ANM,WE,Federal Contract Tower,0,2,18,3,23,0,2,63,12,77,0,4,81,15,100,156,44,200,300
02/12/2015,OLM,WA,ANM,WE,Federal Contract Tower,0,5,16,4,25,0,3,73,0,76,0,8,89,4,101,134,0,134,235
02/13/2015,OLM,WA,ANM,WE,Federal Contract Tower,0,4,15,0,19,0,1,60,0,61,0,5,75,0,80,154,0,154,234
02/14/2015,OLM,WA,ANM,WE,Federal Contract Tower,0,7,13,0,20,0,2,68,2,72,0,9,81,2,92,160,0,160,252
02/15/2015,OLM,WA,ANM,WE,Federal Contract Tower,0,3,9,0,12,0,2,74,0,76,0,5,83,0,88,76,0,76,164
02/16/2015,OLM,WA,ANM,WE,Federal Contract Tower,0,1,17,0,18,0,2,132,2,136,0,3,149,2,154,160,0,160,314
02/17/2015,OLM,WA,ANM,WE,Federal Contract Tower,0,3,15,0,18,0,2,112,1,115,0,5,127,1,133,120,0,120,253
02/18/2015,OLM,WA,ANM,WE,Federal Contract Tower,0,7,4,1,12,0,0,52,9,61,0,7,56,10,73,182,20,202,275
02/19/2015,OLM,WA,ANM,WE,Federal Contract Tower,0,6,15,14,35,0,2,23,8,33,0,8,38,22,68,16,0,16,84
02/20/2015,OLM,WA,ANM,WE,Federal Contract Tower,0,6,16,4,26,0,7,32,1,40,0,13,48,5,66,56,0,56,122
02/21/2015,OLM,WA,ANM,WE,Federal Contract Tower,0,6,7,0,13,0,4,54,4,62,0,10,61,4,75,130,0,130,205
02/22/2015,OLM,WA,ANM,WE,Federal Contract Tower,0,4,13,0,17,0,3,95,0,98,0,7,108,0,115,94,0,94,209
02/23/2015,OLM,WA,ANM,WE,Federal Contract Tower,0,6,17,2,25,0,0,127,7,134,0,6,144,9,159,148,8,156,315
02/24/2015,OLM,WA,ANM,WE,Federal Contract Tower,0,2,6,4,12,0,4,131,4,139,0,6,137,8,151,100,0,100,251
02/25/2015,OLM,WA,ANM,WE,Federal Contract Tower,0,3,6,2,11,0,0,11,12,23,0,3,17,14,34,38,28,66,100
02/26/2015,OLM,WA,ANM,WE,Federal Contract Tower,0,5,5,0,10,0,0,1,0,1,0,5,6,0,11,0,0,0,11
02/27/2015,OLM,WA,ANM,WE,Federal Contract Tower,0,5,9,0,14,0,0,1,0,1,0,5,10,0,15,0,0,0,15
02/28/2015,OLM,WA,ANM,WE,Federal Contract Tower,0,4,3,0,7,0,2,136,1,139,0,6,139,1,146,113,0,113,259
03/01/2015,OLM,WA,ANM,WE,Federal Contract Tower,0,0,2,0,2,0,0,100,0,100,0,0,102,0,102,72,0,72,174
03/02/2015,OLM,WA,ANM,WE,Federal Contract Tower,0,9,17,12,38,0,2,41,1,44,0,11,58,13,82,56,8,64,146
03/03/2015,OLM,WA,ANM,WE,Federal Contract Tower,0,5,17,4,26,0,2,56,0,58,0,7,73,4,84,88,0,88,172
03/04/2015,OLM,WA,ANM,WE,Federal Contract Tower,0,8,14,4,26,0,5,46,2,53,0,13,60,6,79,62,6,68,147
03/05/2015,OLM,WA,ANM,WE,Federal Contract Tower,0,3,23,2,28,0,0,92,14,106,0,3,115,16,134,46,0,46,180
03/06/2015,OLM,WA,ANM,WE,Federal Contract Tower,0,4,11,0,15,0,2,60,2,64,0,6,71,2,79,72,0,72,151
03/07/2015,OLM,WA,ANM,WE,Federal Contract Tower,0,0,0,0,0,0,3,74,4,81,0,3,74,4,81,108,0,108,189
03/08/2015,OLM,WA,ANM,WE,Federal Contract Tower,0,0,5,0,5,0,7,63,0,70,0,7,68,0,75,64,0,64,139
03/09/2015,OLM,WA,ANM,WE,Federal Contract Tower,0,1,6,2,9,0,2,32,8,42,0,3,38,10,51,82,8,90,141
03/10/2015,OLM,WA,ANM,WE,Federal Contract Tower,0,10,15,7,32,0,1,51,10,62,0,11,66,17,94,46,0,46,140
03/11/2015,OLM,WA,ANM,WE,Federal Contract Tower,0,5,14,2,21,0,0,41,4,45,0,5,55,6,66,82,5,87,153
03/12/2015,OLM,WA,ANM,WE,Federal Contract Tower,0,3,15,2,20,0,2,43,9,54,0,5,58,11,74,80,0,80,154
03/13/2015,OLM,WA,ANM,WE,Federal Contract Tower,0,3,18,0,21,0,1,49,1,51,0,4,67,1,72,90,0,90,162
03/14/2015,OLM,WA,ANM,WE,Federal Contract Tower,0,0,2,0,2,0,3,2,0,5,0,3,4,0,7,0,0,0,7
03/15/2015,OLM,WA,ANM,WE,Federal Contract Tower,0,3,4,0,7,0,0,0,0,0,0,3,4,0,7,0,0,0,7
03/16/2015,OLM,WA,ANM,WE,Federal Contract Tower,0,4,12,0,16,0,4,30,2,36,0,8,42,2,52,78,0,78,130
03/17/2015,OLM,WA,ANM,WE,Federal Contract Tower,0,14,8,6,28,0,8,25,4,37,0,22,33,10,65,28,28,56,121
03/18/2015,OLM,WA,ANM,WE,Federal Contract Tower,0,8,14,6,28,0,3,105,4,112,0,11,119,10,140,104,4,108,248
03/19/2015,OLM,WA,ANM,WE,Federal Contract Tower,0,6,17,8,31,0,0,57,11,68,0,6,74,19,99,18,0,18,117
03/20/2015,OLM,WA,ANM,WE,Federal Contract Tower,0,1,12,0,13,0,2,79,4,85,0,3,91,4,98,0,0,0,98
03/21/2015,OLM,WA,ANM,WE,Federal Contract Tower,0,2,8,0,10,0,0,32,2,34,0,2,40,2,44,46,0,46,90
03/22/2015,OLM,WA,ANM,WE,Federal Contract Tower,0,1,6,0,7,0,5,14,3,22,0,6,20,3,29,72,0,72,101
03/23/2015,OLM,WA,ANM,WE,Federal Contract Tower,0,1,8,10,19,0,0,3,0,3,0,1,11,10,22,144,0,144,166
03/24/2015,OLM,WA,ANM,WE,Federal Contract Tower,0,9,15,0,24,0,2,47,6,55,0,11,62,6,79,62,4,66,145
03/25/2015,OLM,WA,ANM,WE,Federal Contract Tower,0,6,7,4,17,0,0,27,8,35,0,6,34,12,52,84,20,104,156
03/26/2015,OLM,WA,ANM,WE,Federal Contract Tower,0,0,20,2,22,0,3,150,2,155,0,3,170,4,177,126,0,126,303
03/27/2015,OLM,WA,ANM,WE,Federal Contract Tower,0,9,6,0,15,0,5,62,0,67,0,14,68,0,82,112,0,112,194
03/28/2015,OLM,WA,ANM,WE,Federal Contract Tower,0,4,6,0,10,0,1,49,0,50,0,5,55,0,60,100,0,100,160
03/29/2015,OLM,WA,ANM,WE,Federal Contract Tower,0,6,16,0,22,0,2,113,0,115,0,8,129,0,137,120,0,120,257
03/30/2015,OLM,WA,ANM,WE,Federal Contract Tower,0,2,14,2,18,0,3,86,6,95,0,5,100,8,113,102,16,118,231
03/31/2015,OLM,WA,ANM,WE,Federal Contract Tower,0,5,9,0,14,0,4,22,2,28,0,9,31,2,42,58,2,60,102
04/01/2015,OLM,WA,ANM,WE,Federal Contract Tower,0,6,2,4,12,0,7,57,0,64,0,13,59,4,76,66,0,66,142
04/02/2015,OLM,WA,ANM,WE,Federal Contract Tower,0,10,12,0,22,0,0,80,5,85,0,10,92,5,107,12,30,42,149
04/03/2015,OLM,WA,ANM,WE,Federal Contract Tower,0,3,7,0,10,0,0,18,6,24,0,3,25,6,34,64,0,64,98
04/04/2015,OLM,WA,ANM,WE,Federal Contract Tower,0,3,21,0,24,0,2,56,2,60,0,5,77,2,84,36,0,36,120
04/05/2015,OLM,WA,ANM,WE,Federal Contract Tower,0,0,0,0,0,0,0,37,0,37,0,0,37,0,37,42,0,42,79
04/06/2015,OLM,WA,ANM,WE,Federal Contract Tower,0,0,7,0,7,0,0,90,0,90,0,0,97,0,97,182,0,182,279
04/07/2015,OLM,WA,ANM,WE,Federal Contract Tower,0,3,19,2,24,0,0,19,4,23,0,3,38,6,47,48,0,48,95
04/08/2015,OLM,WA,ANM,WE,Federal Contract Tower,0,5,6,0,11,0,3,84,0,87,0,8,90,0,98,104,0,104,202
04/09/2015,OLM,WA,ANM,WE,Federal Contract Tower,0,4,21,0,25,0,2,152,0,154,0,6,173,0,179,232,0,232,411
04/10/2015,OLM,WA,ANM,WE,Federal Contract Tower,0,4,0,0,4,0,2,81,24,107,0,6,81,24,111,170,16,186,297
04/11/2015,OLM,WA,ANM,WE,Federal Contract Tower,0,0,8,0,8,0,1,76,10,87,0,1,84,10,95,50,0,50,145
04/12/2015,OLM,WA,ANM,WE,Federal Contract Tower,0,3,2,0,5,0,0,31,2,33,0,3,33,2,38,86,0,86,124
04/13/2015,OLM,WA,ANM,WE,Federal Contract Tower,0,8,8,4,20,0,2,22,6,30,0,10,30,10,50,58,0,58,108
04/14/2015,OLM,WA,ANM,WE,Federal Contract Tower,0,26,6,0,32,0,2,81,4,87,0,28,87,4,119,90,0,90,209
04/15/2015,OLM,WA,ANM,WE,Federal Contract Tower,0,8,15,2,25,0,2,133,6,141,0,10,148,8,166,184,42,226,392
04/16/2015,OLM,WA,ANM,WE,Federal Contract Tower,0,3,13,8,24,0,2,120,0,122,0,5,133,8,146,160,0,160,306
04/17/2015,OLM,WA,ANM,WE,Federal Contract Tower,0,2,13,0,15,0,2,108,0,110,0,4,121,0,125,140,0,140,265
04/18/2015,OLM,WA,ANM,WE,Federal Contract Tower,0,0,28,0,28,0,3,68,1,72,0,3,96,1,100,36,0,36,136
04/19/2015,OLM,WA,ANM,WE,Federal Contract Tower,0,1,5,0,6,0,2,85,0,87,0,3,90,0,93,144,0,144,237
04/20/2015,OLM,WA,ANM,WE,Federal Contract Tower,0,1,8,0,9,0,0,108,0,108,0,1,116,0,117,240,0,240,357
04/21/2015,OLM,WA,ANM,WE,Federal Contract Tower,0,5,15,0,20,0,2,73,0,75,0,7,88,0,95,74,0,74,169
04/22/2015,OLM,WA,ANM,WE,Federal Contract Tower,0,15,2,4,21,0,6,72,2,80,0,21,74,6,101,208,12,220,321
04/23/2015,OLM,WA,ANM,WE,Federal Contract Tower,0,5,5,0,10,0,2,40,19,61,0,7,45,19,71,38,0,38,109
04/24/2015,OLM,WA,ANM,WE,Federal Contract Tower,0,6,5,2,13,0,4,23,7,34,0,10,28,9,47,8,0,8,55
04/25/2015,OLM,WA,ANM,WE,Federal Contract Tower,0,9,2,0,11,0,5,83,60,148,0,14,85,60,159,102,0,102,261
04/26/2015,OLM,WA,ANM,WE,Federal Contract Tower,0,3,8,0,11,0,43,37,0,80,0,46,45,0,91,42,0,42,133
04/27/2015,OLM,WA,ANM,WE,Federal Contract Tower,0,5,9,2,16,0,1,76,0,77,0,6,85,2,93,158,0,158,251
04/28/2015,OLM,WA,ANM,WE,Federal Contract Tower,0,10,13,2,25,0,5,11,3,19,0,15,24,5,44,42,2,44,88
04/29/2015,OLM,WA,ANM,WE,Federal Contract Tower,0,1,15,0,16,0,0,36,2,38,0,1,51,2,54,38,0,38,92
04/30/2015,OLM,WA,ANM,WE,Federal Contract Tower,0,5,11,2,18,0,2,58,3,63,0,7,69,5,81,118,0,118,199
05/01/2015,OLM,WA,ANM,WE,Federal Contract Tower,0,5,10,0,15,0,3,92,4,99,0,8,102,4,114,134,6,140,254
05/02/2015,OLM,WA,ANM,WE,Federal Contract Tower,0,4,24,0,28,0,4,82,0,86,0,8,106,0,114,52,0,52,166
05/03/2015,OLM,WA,ANM,WE,Federal Contract Tower,0,5,3,0,8,0,3,108,5,116,0,8,111,5,124,96,0,96,220
05/04/2015,OLM,WA,ANM,WE,Federal Contract Tower,0,3,8,2,13,0,1,76,2,79,0,4,84,4,92,38,0,38,130
05/05/2015,OLM,WA,ANM,WE,Federal Contract Tower,0,5,2,0,7,0,3,21,2,26,0,8,23,2,33,28,0,28,61
05/06/2015,OLM,WA,ANM,WE,Federal Contract Tower,0,4,13,0,17,0,7,40,2,49,0,11,53,2,66,176,0,176,242
05/07/2015,OLM,WA,ANM,WE,Federal Contract Tower,0,6,12,0,18,0,2,128,0,130,0,8,140,0,148,168,0,168,316
05/08/2015,OLM,WA,ANM,WE,Federal Contract Tower,0,2,9,0,11,0,1,97,2,100,0,3,106,2,111,56,0,56,167
05/09/2015,OLM,WA,ANM,WE,Federal Contract Tower,0,2,13,0,15,0,3,112,3,118,0,5,125,3,133,146,4,150,283
05/10/2015,OLM,WA,ANM,WE,Federal Contract Tower,0,0,7,0,7,0,6,45,2,53,0,6,52,2,60,28,0,28,88
05/11/2015,OLM,WA,ANM,WE,Federal Contract Tower,0,2,16,2,20,0,4,39,8,51,0,6,55,10,71,150,0,150,221
05/12/2015,OLM,WA,ANM,WE,Federal Contract Tower,0,7,37,6,50,0,0,5,4,9,0,7,42,10,59,15,8,23,82
05/13/2015,OLM,WA,ANM,WE,Federal Contract Tower,0,6,26,2,34,0,1,28,0,29,0,7,54,2,63,94,0,94,157
05/14/2015,OLM,WA,ANM,WE,Federal Contract Tower,0,4,13,0,17,0,5,159,1,165,0,9,172,1,182,274,0,274,456
05/15/2015,OLM,WA,ANM,WE,Federal Contract Tower,0,2,22,0,24,0,47,0,0,47,0,49,22,0,71,88,0,88,159
05/16/2015,OLM,WA,ANM,WE,Federal Contract Tower,0,5,8,0,13,0,2,75,0,77,0,7,83,0,90,64,0,64,154
05/17/2015,OLM,WA,ANM,WE,Federal Contract Tower,0,0,8,0,8,0,0,108,10,118,0,0,116,10,126,70,0,70,196
05/18/2015,OLM,WA,ANM,WE,Federal Contract Tower,0,0,0,0,0,0,3,81,4,88,0,3,81,4,88,220,0,220,308
05/19/2015,OLM,WA,ANM,WE,Federal Contract Tower,0,8,18,4,30,0,3,49,2,54,0,11,67,6,84,132,6,138,222
05/20/2015,OLM,WA,ANM,WE,Federal Contract Tower,0,4,16,4,24,0,3,46,0,49,0,7,62,4,73,92,0,92,165
05/21/2015,OLM,WA,ANM,WE,Federal Contract Tower,0,3,19,4,26,0,5,86,0,91,0,8,105,4,117,164,2,166,283
05/22/2015,OLM,WA,ANM,WE,Federal Contract Tower,0,9,12,3,24,0,14,35,0,49,0,23,47,3,73,134,0,134,207
05/23/2015,OLM,WA,ANM,WE,Federal Contract Tower,0,0,9,0,9,0,2,33,0,35,0,2,42,0,44,102,0,102,146
05/24/2015,OLM,WA,ANM,WE,Federal Contract Tower,0,0,18,0,18,0,3,31,0,34,0,3,49,0,52,45,0,45,97
05/25/2015,OLM,WA,ANM,WE,Federal Contract Tower,0,0,14,0,14,0,0,35,3,38,0,0,49,3,52,56,0,56,108
05/26/2015,OLM,WA,ANM,WE,Federal Contract Tower,0,3,8,6,17,0,4,27,0,31,0,7,35,6,48,84,0,84,132
05/27/2015,OLM,WA,ANM,WE,Federal Contract Tower,0,4,20,4,28,0,1,48,1,50,0,5,68,5,78,162,0,162,240
05/28/2015,OLM,WA,ANM,WE,Federal Contract Tower,0,3,21,2,26,0,5,93,12,110,0,8,114,14,136,82,0,82,218
05/29/2015,OLM,WA,ANM,WE,Federal Contract Tower,0,2,15,0,17,0,3,65,5,73,0,5,80,5,90,66,0,66,156
05/30/2015,OLM,WA,ANM,WE,Federal Contract Tower,0,1,7,0,8,0,3,91,1,95,0,4,98,1,103,100,0,100,203
05/31/2015,OLM,WA,ANM,WE,Federal Contract Tower,0,2,3,0,5,0,6,69,0,75,0,8,72,0,80,78,0,78,158
06/01/2015,OLM,WA,ANM,WE,Federal Contract Tower,0,2,3,2,7,0,0,5,0,5,0,2,8,2,12,0,0,0,12
06/02/2015,OLM,WA,ANM,WE,Federal Contract Tower,0,1,2,2,5,0,0,7,4,11,0,1,9,6,16,76,0,76,92
06/03/2015,OLM,WA,ANM,WE,Federal Contract Tower,0,12,11,6,29,0,0,49,0,49,0,12,60,6,78,214,0,214,292
06/04/2015,OLM,WA,ANM,WE,Federal Contract Tower,0,2,20,8,30,0,5,79,0,84,0,7,99,8,114,84,0,84,198
06/05/2015,OLM,WA,ANM,WE,Federal Contract Tower,0,4,19,0,23,0,2,88,5,95,0,6,107,5,118,24,0,24,142
06/06/2015,OLM,WA,ANM,WE,Federal Contract Tower,0,0,22,4,26,0,0,63,2,65,0,0,85,6,91,40,0,40,131
06/07/2015,OLM,WA,ANM,WE,Federal Contract Tower,0,0,4,0,4,0,2,67,6,75,0,2,71,6,79,20,0,20,99
06/08/2015,OLM,WA,ANM,WE,Federal Contract Tower,0,2,6,0,8,0,8,92,0,100,0,10,98,0,108,210,0,210,318
06/09/2015,OLM,WA,ANM,WE,Federal Contract Tower,0,6,8,2,16,0,3,79,0,82,0,9,87,2,98,202,0,202,300
06/10/2015,OLM,WA,ANM,WE,Federal Contract Tower,0,4,13,2,19,0,0,56,0,56,0,4,69,2,75,170,0,170,245
06/11/2015,OLM,WA,ANM,WE,Federal Contract Tower,0,11,11,0,22,0,5,132,6,143,0,16,143,6,165,176,8,184,349
06/12/2015,OLM,WA,ANM,WE,Federal Contract Tower,0,2,3,0,5,0,2,79,13,94,0,4,82,13,99,100,0,100,199
06/13/2015,OLM,WA,ANM,WE,Federal Contract Tower,0,3,22,1,26,0,3,135,0,138,0,6,157,1,164,116,0,116,280
06/14/2015,OLM,WA,ANM,WE,Federal Contract Tower,0,2,3,4,9,0,3,104,30,137,0,5,107,34,146,152,42,194,340
06/15/2015,OLM,WA,ANM,WE,Federal Contract Tower,0,1,7,8,16,0,0,49,0,49,0,1,56,8,65,120,0,120,185
06/16/2015,OLM,WA,ANM,WE,Federal Contract Tower,0,7,15,6,28,0,0,61,0,61,0,7,76,6,89,70,0,70,159
06/17/2015,OLM,WA,ANM,WE,Federal Contract Tower,0,10,7,2,19,0,6,76,1,83,0,16,83,3,102,116,0,116,218
06/18/2015,OLM,WA,ANM,WE,Federal Contract Tower,0,16,10,0,26,0,6,80,8,94,0,22,90,8,120,108,26,134,254
06/19/2015,OLM,WA,ANM,WE,Federal Contract Tower,0,10,4,0,14,0,3,72,0,75,0,13,76,0,89,74,0,74,163
06/20/2015,OLM,WA,ANM,WE,Federal Contract Tower,0,1,3,0,4,0,5,89,6,100,0,6,92,6,104,44,0,44,148
06/21/2015,OLM,WA,ANM,WE,Federal Contract Tower,0,3,2,0,5,0,1,28,0,29,0,4,30,0,34,18,0,18,52
06/22/2015,OLM,WA,ANM,WE,Federal Contract Tower,0,2,1,0,3,0,0,71,0,71,0,2,72,0,74,180,0,180,254
06/23/2015,OLM,WA,ANM,WE,Federal Contract Tower,0,8,2,2,12,0,0,50,3,53,0,8,52,5,65,144,4,148,213
06/24/2015,OLM,WA,ANM,WE,Federal Contract Tower,0,4,6,2,12,0,1,52,2,55,0,5,58,4,67,90,0,90,157
06/25/2015,OLM,WA,ANM,WE,Federal Contract Tower,0,7,7,2,16,0,0,95,3,98,0,7,102,5,114,50,0,50,164
06/26/2015,OLM,WA,ANM,WE,Federal Contract Tower,0,3,13,2,18,0,1,228,8,237,0,4,241,10,255,409,0,409,664
06/27/2015,OLM,WA,ANM,WE,Federal Contract Tower,0,0,0,0,0,0,0,283,0,283,0,0,283,0,283,228,0,228,511
06/28/2015,OLM,WA,ANM,WE,Federal Contract Tower,0,3,3,0,6,0,5,163,3,171,0,8,166,3,177,224,0,224,401
06/29/2015,OLM,WA,ANM,WE,Federal Contract Tower,0,2,7,0,9,0,4,115,9,128,0,6,122,9,137,146,0,146,283
06/30/2015,OLM,WA,ANM,WE,Federal Contract Tower,0,9,11,8,28,0,6,81,2,89,0,15,92,10,117,36,0,36,153
07/01/2015,OLM,WA,ANM,WE,Federal Contract Tower,0,3,1,0,4,0,2,52,0,54,0,5,53,0,58,122,0,122,180
07/02/2015,OLM,WA,ANM,WE,Federal Contract Tower,0,6,15,0,21,0,2,94,4,100,0,8,109,4,121,18,0,18,139
07/03/2015,OLM,WA,ANM,WE,Federal Contract Tower,0,0,5,0,5,0,2,126,0,128,0,2,131,0,133,116,0,116,249
07/04/2015,OLM,WA,ANM,WE,Federal Contract Tower,0,2,1,0,3,0,4,42,1,47,0,6,43,1,50,14,0,14,64
07/05/2015,OLM,WA,ANM,WE,Federal Contract Tower,0,0,3,0,3,0,2,49,2,53,0,2,52,2,56,0,0,0,56
07/06/2015,OLM,WA,ANM,WE,Federal Contract Tower,0,0,4,0,4,0,1,99,0,100,0,1,103,0,104,136,0,136,240
07/07/2015,OLM,WA,ANM,WE,Federal Contract Tower,0,4,4,2,10,0,5,116,2,123,0,9,120,4,133,240,0,240,373
07/08/2015,OLM,WA,ANM,WE,Federal Contract Tower,0,4,14,0,18,0,2,91,2,95,0,6,105,2,113,122,0,122,235
07/09/2015,OLM,WA,ANM,WE,Federal Contract Tower,0,0,29,4,33,0,1,100,0,101,0,1,129,4,134,88,0,88,222
07/10/2015,OLM,WA,ANM,WE,Federal Contract Tower,0,4,9,2,15,0,2,51,1,54,0,6,60,3,69,128,0,128,197
07/11/2015,OLM,WA,ANM,WE,Federal Contract Tower,0,2,11,0,13,0,6,53,2,61,0,8,64,2,74,76,6,82,156
07/12/2015,OLM,WA,ANM,WE,Federal Contract Tower,0,2,4,2,8,0,1,42,0,43,0,3,46,2,51,42,0,42,93
07/13/2015,OLM,WA,ANM,WE,Federal Contract Tower,0,1,13,2,16,0,4,94,0,98,0,5,107,2,114,204,0,204,318
07/14/2015,OLM,WA,ANM,WE,Federal Contract Tower,0,5,30,0,35,0,1,71,0,72,0,6,101,0,107,30,0,30,137
07/15/2015,OLM,WA,ANM,WE,Federal Contract Tower,0,7,5,2,14,0,3,60,2,65,0,10,65,4,79,52,0,52,131
07/16/2015,OLM,WA,ANM,WE,Federal Contract Tower,0,4,18,4,26,0,0,121,0,121,0,4,139,4,147,105,0,105,252
07/17/2015,OLM,WA,ANM,WE,Federal Contract Tower,0,1,5,0,6,0,2,71,0,73,0,3,76,0,79,102,0,102,181
07/18/2015,OLM,WA,ANM,WE,Federal Contract Tower,0,0,0,0,0,0,1,82,0,83,0,1,82,0,83,86,0,86,169
07/19/2015,OLM,WA,ANM,WE,Federal Contract Tower,0,0,5,0,5,0,3,88,0,91,0,3,93,0,96,52,0,52,148
07/20/2015,OLM,WA,ANM,WE,Federal Contract Tower,0,1,12,0,13,0,5,64,22,91,0,6,76,22,104,26,0,26,130
07/21/2015,OLM,WA,ANM,WE,Federal Contract Tower,0,6,23,2,31,0,4,87,2,93,0,10,110,4,124,88,0,88,212
07/22/2015,OLM,WA,ANM,WE,Federal Contract Tower,0,9,8,2,19,0,5,103,14,122,0,14,111,16,141,160,0,160,301
07/23/2015,OLM,WA,ANM,WE,Federal Contract Tower,0,2,12,4,18,0,2,90,14,106,0,4,102,18,124,128,0,128,252
07/24/2015,OLM,WA,ANM,WE,Federal Contract Tower,0,3,13,0,16,0,4,57,0,61,0,7,70,0,77,78,0,78,155
07/25/2015,OLM,WA,ANM,WE,Federal Contract Tower,0,5,10,0,15,0,5,47,2,54,0,10,57,2,69,8,0,8,77
07/26/2015,OLM,WA,ANM,WE,Federal Contract Tower,0,6,8,0,14,0,3,20,1,24,0,9,28,1,38,22,0,22,60
07/27/2015,OLM,WA,ANM,WE,Federal Contract Tower,0,4,10,2,16,0,2,64,7,73,0,6,74,9,89,146,0,146,235
07/28/2015,OLM,WA,ANM,WE,Federal Contract Tower,0,0,24,2,26,0,3,99,0,102,0,3,123,2,128,68,0,68,196
07/29/2015,OLM,WA,ANM,WE,Federal Contract Tower,0,6,10,3,19,0,4,100,0,104,0,10,110,3,123,92,0,92,215
07/30/2015,OLM,WA,ANM,WE,Federal Contract Tower,0,3,12,6,21,0,3,73,2,78,0,6,85,8,99,116,0,116,215
07/31/2015,OLM,WA,ANM,WE,Federal Contract Tower,0,7,12,0,19,0,7,80,0,87,0,14,92,0,106,40,0,40,146
08/01/2015,OLM,WA,ANM,WE,Federal Contract Tower,0,2,14,0,16,0,2,81,2,85,0,4,95,2,101,16,0,16,117
08/02/2015,OLM,WA,ANM,WE,Federal Contract Tower,0,8,17,0,25,0,2,61,0,63,0,10,78,0,88,20,0,20,108
08/03/2015,OLM,WA,ANM,WE,Federal Contract Tower,0,4,7,2,13,0,1,53,0,54,0,5,60,2,67,120,0,120,187
08/04/2015,OLM,WA,ANM,WE,Federal Contract Tower,0,9,21,10,40,0,7,84,0,91,0,16,105,10,131,100,0,100,231
08/05/2015,OLM,WA,ANM,WE,Federal Contract Tower,0,3,12,7,22,0,1,80,6,87,0,4,92,13,109,118,0,118,227
08/06/2015,OLM,WA,ANM,WE,Federal Contract Tower,0,9,23,5,37,0,2,134,5,141,0,11,157,10,178,186,0,186,364
08/07/2015,OLM,WA,ANM,WE,Federal Contract Tower,0,1,16,2,19,0,7,112,0,119,0,8,128,2,138,202,0,202,340
08/08/2015,OLM,WA,ANM,WE,Federal Contract Tower,0,9,24,4,37,0,1,45,0,46,0,10,69,4,83,28,0,28,111
08/09/2015,OLM,WA,ANM,WE,Federal Contract Tower,0,6,11,0,17,0,5,58,2,65,0,11,69,2,82,32,0,32,114
08/10/2015,OLM,WA,ANM,WE,Federal Contract Tower,0,0,9,2,11,0,0,98,0,98,0,0,107,2,109,82,0,82,191
08/11/2015,OLM,WA,ANM,WE,Federal Contract Tower,0,0,18,2,20,0,1,73,4,78,0,1,91,6,98,84,8,92,190
08/12/2015,OLM,WA,ANM,WE,Federal Contract Tower,0,5,22,2,29,0,6,92,2,100,0,11,114,4,129,142,28,170,299
08/13/2015,OLM,WA,ANM,WE,Federal Contract Tower,0,4,9,2,15,0,4,99,1,104,0,8,108,3,119,286,0,286,405
08/14/2015,OLM,WA,ANM,WE,Federal Contract Tower,0,1,13,0,14,0,2,9,0,11,0,3,22,0,25,0,10,10,35
08/15/2015,OLM,WA,ANM,WE,Federal Contract Tower,0,1,10,0,11,0,2,72,0,74,0,3,82,0,85,80,0,80,165
08/16/2015,OLM,WA,ANM,WE,Federal Contract Tower,0,1,6,0,7,0,2,69,0,71,0,3,75,0,78,20,0,20,98
08/17/2015,OLM,WA,ANM,WE,Federal Contract Tower,0,1,14,4,19,0,0,94,0,94,0,1,108,4,113,136,0,136,249
08/18/2015,OLM,WA,ANM,WE,Federal Contract Tower,0,8,8,0,16,0,2,54,0,56,0,10,62,0,72,34,0,34,106
08/19/2015,OLM,WA,ANM,WE,Federal Contract Tower,0,8,7,2,17,0,6,88,0,94,0,14,95,2,111,220,0,220,331
08/20/2015,OLM,WA,ANM,WE,Federal Contract Tower,0,4,5,2,11,0,2,92,8,102,0,6,97,10,113,114,0,114,227
08/21/2015,OLM,WA,ANM,WE,Federal Contract Tower,0,4,24,3,31,0,5,85,0,90,0,9,109,3,121,96,0,96,217
08/22/2015,OLM,WA,ANM,WE,Federal Contract Tower,0,0,3,0,3,0,4,99,0,103,0,4,102,0,106,72,0,72,178
08/23/2015,OLM,WA,ANM,WE,Federal Contract Tower,0,2,11,0,13,0,0,28,0,28,0,2,39,0,41,20,0,20,61
08/24/2015,OLM,WA,ANM,WE,Federal Contract Tower,0,5,11,0,16,0,2,65,0,67,0,7,76,0,83,76,0,76,159
08/25/2015,OLM,WA,ANM,WE,Federal Contract Tower,0,4,6,8,18,0,0,120,2,122,0,4,126,10,140,96,0,96,236
08/26/2015,OLM,WA,ANM,WE,Federal Contract Tower,0,5,19,0,24,0,5,131,0,136,0,10,150,0,160,122,0,122,282
08/27/2015,OLM,WA,ANM,WE,Federal Contract Tower,0,3,12,0,15,0,2,109,6,117,0,5,121,6,132,164,0,164,296
08/28/2015,OLM,WA,ANM,WE,Federal Contract Tower,0,4,3,0,7,0,0,104,0,104,0,4,107,0,111,88,0,88,199
08/29/2015,OLM,WA,ANM,WE,Federal Contract Tower,0,3,0,0,3,0,2,4,0,6,0,5,4,0,9,4,0,4,13
08/30/2015,OLM,WA,ANM,WE,Federal Contract Tower,0,4,5,0,9,0,2,9,0,11,0,6,14,0,20,14,0,14,34
08/31/2015,OLM,WA,ANM,WE,Federal Contract Tower,0,1,14,2,17,0,0,21,6,27,0,1,35,8,44,10,0,10,54
09/01/2015,OLM,WA,ANM,WE,Federal Contract Tower,0,9,6,0,15,0,2,9,0,11,0,11,15,0,26,40,0,40,66
09/02/2015,OLM,WA,ANM,WE,Federal Contract Tower,0,3,9,0,12,0,2,55,0,57,0,5,64,0,69,102,0,102,171
09/03/2015,OLM,WA,ANM,WE,Federal Contract Tower,0,7,4,0,11,0,0,49,0,49,0,7,53,0,60,262,0,262,322
09/04/2015,OLM,WA,ANM,WE,Federal Contract Tower,0,3,4,0,7,0,1,68,0,69,0,4,72,0,76,180,0,180,256
09/05/2015,OLM,WA,ANM,WE,Federal Contract Tower,0,1,16,0,17,0,3,75,0,78,0,4,91,0,95,62,0,62,157
09/06/2015,OLM,WA,ANM,WE,Federal Contract Tower,0,0,4,0,4,0,1,7,0,8,0,1,11,0,12,4,0,4,16
09/07/2015,OLM,WA,ANM,WE,Federal Contract Tower,0,5,8,0,13,0,8,88,0,96,0,13,96,0,109,116,0,116,225
09/08/2015,OLM,WA,ANM,WE,Federal Contract Tower,0,0,3,0,3,0,1,50,4,55,0,1,53,4,58,38,4,42,100
09/09/2015,OLM,WA,ANM,WE,Federal Contract Tower,0,1,15,0,16,0,3,85,2,90,0,4,100,2,106,182,8,190,296
09/10/2015,OLM,WA,ANM,WE,Federal Contract Tower,0,3,4,0,7,0,3,83,4,90,0,6,87,4,97,160,16,176,273
09/11/2015,OLM,WA,ANM,WE,Federal Contract Tower,0,2,7,0,9,0,5,97,0,102,0,7,104,0,111,250,0,250,361
09/12/2015,OLM,WA,ANM,WE,Federal Contract Tower,0,5,0,0,5,0,4,90,2,96,0,9,90,2,101,132,0,132,233
09/13/2015,OLM,WA,ANM,WE,Federal Contract Tower,0,4,3,0,7,0,3,48,1,52,0,7,51,1,59,32,0,32,91
09/14/2015,OLM,WA,ANM,WE,Federal Contract Tower,0,0,7,0,7,0,1,57,1,59,0,1,64,1,66,110,8,118,184
09/15/2015,OLM,WA,ANM,WE,Federal Contract Tower,0,2,18,0,20,0,3,33,0,36,0,5,51,0,56,56,2,58,114
09/16/2015,OLM,WA,ANM,WE,Federal Contract Tower,0,1,11,0,12,0,0,76,0,76,0,1,87,0,88,234,0,234,322
09/17/2015,OLM,WA,ANM,WE,Federal Contract Tower,0,4,6,0,10,0,1,28,0,29,0,5,34,0,39,26,0,26,65
09/18/2015,OLM,WA,ANM,WE,Federal Contract Tower,0,3,8,0,11,0,0,50,0,50,0,3,58,0,61,76,0,76,137
09/19/2015,OLM,WA,ANM,WE,Federal Contract Tower,0,2,17,0,19,0,3,76,0,79,0,5,93,0,98,58,0,58,156
09/20/2015,OLM,WA,ANM,WE,Federal Contract Tower,0,2,3,0,5,0,2,12,0,14,0,4,15,0,19,10,0,10,29
09/21/2015,OLM,WA,ANM,WE,Federal Contract Tower,0,0,8,0,8,0,3,129,0,132,0,3,137,0,140,142,0,142,282
09/22/2015,OLM,WA,ANM,WE,Federal Contract Tower,0,0,6,2,8,0,7,71,0,78,0,7,77,2,86,92,0,92,178
09/23/2015,OLM,WA,ANM,WE,Federal Contract Tower,0,0,13,0,13,0,4,108,1,113,0,4,121,1,126,82,0,82,208
09/24/2015,OLM,WA,ANM,WE,Federal Contract Tower,0,6,1,0,7,0,1,90,0,91,0,7,91,0,98,70,0,70,168
09/25/2015,OLM,WA,ANM,WE,Federal Contract Tower,0,1,11,0,12,0,0,40,0,40,0,1,51,0,52,65,0,65,117
09/26/2015,OLM,WA,ANM,WE,Federal Contract Tower,0,8,0,0,8,0,3,94,0,97,0,11,94,0,105,54,0,54,159
09/27/2015,OLM,WA,ANM,WE,Federal Contract Tower,0,3,7,0,10,0,1,52,0,53,0,4,59,0,63,44,0,44,107
09/28/2015,OLM,WA,ANM,WE,Federal Contract Tower,0,0,10,0,10,0,8,64,0,72,0,8,74,0,82,56,0,56,138
09/29/2015,OLM,WA,ANM,WE,Federal Contract Tower,0,0,7,0,7,0,1,75,0,76,0,1,82,0,83,34,0,34,117
09/30/2015,OLM,WA,ANM,WE,Federal Contract Tower,0,0,20,2,22,0,0,42,4,46,0,0,62,6,68,46,0,46,114
10/01/2015,OLM,WA,ANM,WE,Federal Contract Tower,0,1,11,2,14,0,0,57,0,57,0,1,68,2,71,90,0,90,161
10/02/2015,OLM,WA,ANM,WE,Federal Contract Tower,0,8,9,0,17,0,0,15,0,15,0,8,24,0,32,120,0,120,152
10/03/2015,OLM,WA,ANM,WE,Federal Contract Tower,0,2,20,0,22,0,0,52,0,52,0,2,72,0,74,68,0,68,142
10/04/2015,OLM,WA,ANM,WE,Federal Contract Tower,0,1,12,0,13,0,1,66,0,67,0,2,78,0,80,48,0,48,128
10/05/2015,OLM,WA,ANM,WE,Federal Contract Tower,0,1,18,0,19,0,2,56,0,58,0,3,74,0,77,58,0,58,135
10/06/2015,OLM,WA,ANM,WE,Federal Contract Tower,0,0,17,0,17,0,0,55,2,57,0,0,72,2,74,112,0,112,186
10/07/2015,OLM,WA,ANM,WE,Federal Contract Tower,0,0,13,0,13,0,0,2,0,2,0,0,15,0,15,22,0,22,37
10/08/2015,OLM,WA,ANM,WE,Federal Contract Tower,0,0,13,2,15,0,2,23,0,25,0,2,36,2,40,34,0,34,74
10/09/2015,OLM,WA,ANM,WE,Federal Contract Tower,0,1,20,0,21,0,1,26,0,27,0,2,46,0,48,136,0,136,184
10/10/2015,OLM,WA,ANM,WE,Federal Contract Tower,0,1,2,0,3,0,1,3,0,4,0,2,5,0,7,12,0,12,19
10/11/2015,OLM,WA,ANM,WE,Federal Contract Tower,0,0,5,0,5,0,0,52,0,52,0,0,57,0,57,92,0,92,149
10/12/2015,OLM,WA,ANM,WE,Federal Contract Tower,0,2,20,0,22,0,0,37,0,37,0,2,57,0,59,70,0,70,129
10/13/2015,OLM,WA,ANM,WE,Federal Contract Tower,0,1,8,2,11,0,0,28,3,31,0,1,36,5,42,50,2,52,94
10/14/2015,OLM,WA,ANM,WE,Federal Contract Tower,0,5,22,0,27,0,0,47,2,49,0,5,69,2,76,38,4,42,118
10/15/2015,OLM,WA,ANM,WE,Federal Contract Tower,0,2,20,2,24,0,1,61,2,64,0,3,81,4,88,68,0,68,156
10/16/2015,OLM,WA,ANM,WE,Federal Contract Tower,0,3,14,0,17,0,0,79,0,79,0,3,93,0,96,140,0,140,236
10/17/2015,OLM,WA,ANM,WE,Federal Contract Tower,0,1,19,0,20,0,0,33,0,33,0,1,52,0,53,108,0,108,161
10/18/2015,OLM,WA,ANM,WE,Federal Contract Tower,0,0,16,0,16,0,0,1,0,1,0,0,17,0,17,0,0,0,17
10/19/2015,OLM,WA,ANM,WE,Federal Contract Tower,0,0,14,0,14,0,0,11,0,11,0,0,25,0,25,30,0,30,55
10/20/2015,OLM,WA,ANM,WE,Federal Contract Tower,0,0,16,6,22,0,1,35,0,36,0,1,51,6,58,70,0,70,128
10/21/2015,OLM,WA,ANM,WE,Federal Contract Tower,0,0,22,0,22,0,0,50,0,50,0,0,72,0,72,82,0,82,154
10/22/2015,OLM,WA,ANM,WE,Federal Contract Tower,0,0,18,3,21,0,4,39,5,48,0,4,57,8,69,86,0,86,155
10/23/2015,OLM,WA,ANM,WE,Federal Contract Tower,0,18,0,0,18,0,0,63,0,63,0,18,63,0,81,36,0,36,117
10/24/2015,OLM,WA,ANM,WE,Federal Contract Tower,0,2,15,0,17,0,0,45,0,45,0,2,60,0,62,8,0,8,70
10/25/2015,OLM,WA,ANM,WE,Federal Contract Tower,0,0,17,0,17,0,0,16,0,16,0,0,33,0,33,144,0,144,177
10/26/2015,OLM,WA,ANM,WE,Federal Contract Tower,0,2,16,2,20,0,0,9,0,9,0,2,25,2,29,30,0,30,59
10/27/2015,OLM,WA,ANM,WE,Federal Contract Tower,0,5,17,0,22,0,3,52,3,58,0,8,69,3,80,70,8,78,158
10/28/2015,OLM,WA,ANM,WE,Federal Contract Tower,0,1,19,0,20,0,2,3,0,5,0,3,22,0,25,0,0,0,25
10/29/2015,OLM,WA,ANM,WE,Federal Contract Tower,0,0,25,2,27,0,2,27,2,31,0,2,52,4,58,20,0,20,78
10/30/2015,OLM,WA,ANM,WE,Federal Contract Tower,0,0,5,0,5,0,0,5,0,5,0,0,10,0,10,0,0,0,10
10/31/2015,OLM,WA,ANM,WE,Federal Contract Tower,0,0,0,0,0,0,0,2,0,2,0,0,2,0,2,0,0,0,2
11/01/2015,OLM,WA,ANM,WE,Federal Contract Tower,0,1,0,0,1,0,0,9,0,9,0,1,9,0,10,14,0,14,24
11/02/2015,OLM,WA,ANM,WE,Federal Contract Tower,0,1,6,0,7,0,0,27,0,27,0,1,33,0,34,52,0,52,86
11/03/2015,OLM,WA,ANM,WE,Federal Contract Tower,0,0,15,0,15,0,1,44,2,47,0,1,59,2,62,8,8,16,78
11/04/2015,OLM,WA,ANM,WE,Federal Contract Tower,0,1,17,2,20,0,0,76,6,82,0,1,93,8,102,128,0,128,230
11/05/2015,OLM,WA,ANM,WE,Federal Contract Tower,0,3,22,4,29,0,0,7,2,9,0,3,29,6,38,10,10,20,58
11/06/2015,OLM,WA,ANM,WE,Federal Contract Tower,0,0,10,2,12,0,0,61,0,61,0,0,71,2,73,118,0,118,191
11/07/2015,OLM,WA,ANM,WE,Federal Contract Tower,0,0,21,0,21,0,4,6,0,10,0,4,27,0,31,48,0,48,79
11/08/2015,OLM,WA,ANM,WE,Federal Contract Tower,0,0,20,0,20,0,0,25,0,25,0,0,45,0,45,18,0,18,63
11/09/2015,OLM,WA,ANM,WE,Federal Contract Tower,0,2,9,4,15,0,0,19,2,21,0,2,28,6,36,54,0,54,90
11/10/2015,OLM,WA,ANM,WE,Federal Contract Tower,0,1,23,2,26,0,0,9,5,14,0,1,32,7,40,42,16,58,98
11/11/2015,OLM,WA,ANM,WE,Federal Contract Tower,0,0,13,0,13,0,1,48,2,51,0,1,61,2,64,54,16,70,134
11/12/2015,OLM,WA,ANM,WE,Federal Contract Tower,0,0,17,0,17,0,0,33,0,33,0,0,50,0,50,0,0,0,50
11/13/2015,OLM,WA,ANM,WE,Federal Contract Tower,0,0,1,0,1,0,1,0,0,1,0,1,1,0,2,0,0,0,2
11/14/2015,OLM,WA,ANM,WE,Federal Contract Tower,0,0,4,0,4,0,0,0,0,0,0,0,4,0,4,0,0,0,4
11/15/2015,OLM,WA,ANM,WE,Federal Contract Tower,0,0,15,0,15,0,2,21,0,23,0,2,36,0,38,36,0,36,74
11/16/2015,OLM,WA,ANM,WE,Federal Contract Tower,0,2,12,0,14,0,0,2,0,2,0,2,14,0,16,8,0,8,24
11/17/2015,OLM,WA,ANM,WE,Federal Contract Tower,0,0,6,0,6,0,0,0,0,0,0,0,6,0,6,0,0,0,6
11/18/2015,OLM,WA,ANM,WE,Federal Contract Tower,0,2,15,2,19,0,0,55,4,59,0,2,70,6,78,116,14,130,208
11/19/2015,OLM,WA,ANM,WE,Federal Contract Tower,0,0,5,0,5,0,0,39,5,44,0,0,44,5,49,40,0,40,89
11/20/2015,OLM,WA,ANM,WE,Federal Contract Tower,0,0,29,0,29,0,1,43,0,44,0,1,72,0,73,34,0,34,107
11/21/2015,OLM,WA,ANM,WE,Federal Contract Tower,0,0,19,0,19,0,1,78,0,79,0,1,97,0,98,134,0,134,232
11/22/2015,OLM,WA,ANM,WE,Federal Contract Tower,0,0,1,0,1,0,0,95,0,95,0,0,96,0,96,120,0,120,216
11/23/2015,OLM,WA,ANM,WE,Federal Contract Tower,0,0,12,0,12,0,2,31,0,33,0,2,43,0,45,98,0,98,143
11/24/2015,OLM,WA,ANM,WE,Federal Contract Tower,0,1,13,6,20,0,0,11,4,15,0,1,24,10,35,0,26,26,61
11/25/2015,OLM,WA,ANM,WE,Federal Contract Tower,0,0,15,0,15,0,0,55,1,56,0,0,70,1,71,28,0,28,99
11/26/2015,OLM,WA,ANM,WE,Federal Contract Tower,0,0,3,0,3,0,0,31,0,31,0,0,34,0,34,10,0,10,44
11/27/2015,OLM,WA,ANM,WE,Federal Contract Tower,0,0,5,0,5,0,1,40,0,41,0,1,45,0,46,12,0,12,58
11/28/2015,OLM,WA,ANM,WE,Federal Contract Tower,0,0,10,0,10,0,0,0,0,0,0,0,10,0,10,0,0,0,10
11/29/2015,OLM,WA,ANM,WE,Federal Contract Tower,0,1,8,0,9,0,0,22,0,22,0,1,30,0,31,18,0,18,49
11/30/2015,OLM,WA,ANM,WE,Federal Contract Tower,0,1,17,6,24,0,3,19,6,28,0,4,36,12,52,16,26,42,94
12/01/2015,OLM,WA,ANM,WE,Federal Contract Tower,0,2,28,7,37,0,0,46,4,50,0,2,74,11,87,54,0,54,141
12/02/2015,OLM,WA,ANM,WE,Federal Contract Tower,0,1,5,4,10,0,0,5,0,5,0,1,10,4,15,2,0,2,17
12/03/2015,OLM,WA,ANM,WE,Federal Contract Tower,0,2,11,4,17,0,0,17,4,21,0,2,28,8,38,42,16,58,96
12/04/2015,OLM,WA,ANM,WE,Federal Contract Tower,0,2,13,0,15,0,0,35,0,35,0,2,48,0,50,48,0,48,98
12/05/2015,OLM,WA,ANM,WE,Federal Contract Tower,0,0,8,0,8,0,2,13,0,15,0,2,21,0,23,58,0,58,81
12/06/2015,OLM,WA,ANM,WE,Federal Contract Tower,0,0,14,0,14,0,0,9,0,9,0,0,23,0,23,20,0,20,43
12/07/2015,OLM,WA,ANM,WE,Federal Contract Tower,0,2,9,0,11,0,0,0,0,0,0,2,9,0,11,0,0,0,11
12/08/2015,OLM,WA,ANM,WE,Federal Contract Tower,0,4,2,0,6,0,0,0,0,0,0,4,2,0,6,0,0,0,6
12/09/2015,OLM,WA,ANM,WE,Federal Contract Tower,0,0,6,2,8,0,1,13,6,20,0,1,19,8,28,0,24,24,52
12/10/2015,OLM,WA,ANM,WE,Federal Contract Tower,0,1,5,4,10,0,2,15,1,18,0,3,20,5,28,0,34,34,62
12/11/2015,OLM,WA,ANM,WE,Federal Contract Tower,0,2,1,0,3,0,0,25,3,28,0,2,26,3,31,66,0,66,97
12/12/2015,OLM,WA,ANM,WE,Federal Contract Tower,0,0,1,0,1,0,0,0,0,0,0,0,1,0,1,0,0,0,1
12/13/2015,OLM,WA,ANM,WE,Federal Contract Tower,0,3,4,0,7,0,2,3,0,5,0,5,7,0,12,14,0,14,26
12/14/2015,OLM,WA,ANM,WE,Federal Contract Tower,0,1,8,2,11,0,1,29,2,32,0,2,37,4,43,56,0,56,99
12/15/2015,OLM,WA,ANM,WE,Federal Contract Tower,0,3,11,2,16,0,0,0,0,0,0,3,11,2,16,0,0,0,16
12/16/2015,OLM,WA,ANM,WE,Federal Contract Tower,0,0,8,10,18,0,1,44,0,45,0,1,52,10,63,48,10,58,121
12/17/2015,OLM,WA,ANM,WE,Federal Contract Tower,0,0,6,2,8,0,0,0,0,0,0,0,6,2,8,0,0,0,8
12/18/2015,OLM,WA,ANM,WE,Federal Contract Tower,0,0,8,0,8,0,2,14,0,16,0,2,22,0,24,6,0,6,30
12/19/2015,OLM,WA,ANM,WE,Federal Contract Tower,0,10,0,0,10,0,2,35,0,37,0,12,35,0,47,34,0,34,81
12/20/2015,OLM,WA,ANM,WE,Federal Contract Tower,0,0,1,0,1,0,0,2,0,2,0,0,3,0,3,0,0,0,3
12/21/2015,OLM,WA,ANM,WE,Federal Contract Tower,0,0,2,0,2,0,0,1,0,1,0,0,3,0,3,0,0,0,3
12/22/2015,OLM,WA,ANM,WE,Federal Contract Tower,0,0,9,0,9,0,4,32,3,39,0,4,41,3,48,46,2,48,96
12/23/2015,OLM,WA,ANM,WE,Federal Contract Tower,0,0,4,0,4,0,0,3,0,3,0,0,7,0,7,0,0,0,7
12/24/2015,OLM,WA,ANM,WE,Federal Contract Tower,0,1,13,0,14,0,1,12,0,13,0,2,25,0,27,48,0,48,75
12/25/2015,OLM,WA,ANM,WE,Federal Contract Tower,0,0,2,0,2,0,0,2,0,2,0,0,4,0,4,0,0,0,4
12/26/2015,OLM,WA,ANM,WE,Federal Contract Tower,0,1,8,0,9,0,2,66,0,68,0,3,74,0,77,82,0,82,159
12/27/2015,OLM,WA,ANM,WE,Federal Contract Tower,0,0,6,0,6,0,1,2,0,3,0,1,8,0,9,72,0,72,81
12/28/2015,OLM,WA,ANM,WE,Federal Contract Tower,0,0,11,0,11,0,2,3,0,5,0,2,14,0,16,38,0,38,54
12/29/2015,OLM,WA,ANM,WE,Federal Contract Tower,0,0,15,0,15,0,0,0,0,0,0,0,15,0,15,54,0,54,69
12/30/2015,OLM,WA,ANM,WE,Federal Contract Tower,0,0,12,2,14,0,0,62,0,62,0,0,74,2,76,108,0,108,184
12/31/2015,OLM,WA,ANM,WE,Federal Contract Tower,0,2,10,0,12,0,6,84,0,90,0,8,94,0,102,70,0,70,172
01/01/2016,OLM,WA,ANM,WE,Federal Contract Tower,0,0,6,0,6,0,0,82,0,82,0,0,88,0,88,16,0,16,104
01/02/2016,OLM,WA,ANM,WE,Federal Contract Tower,0,0,7,0,7,0,2,84,0,86,0,2,91,0,93,116,0,116,209
01/03/2016,OLM,WA,ANM,WE,Federal Contract Tower,0,0,8,0,8,0,0,26,0,26,0,0,34,0,34,32,0,32,66
01/04/2016,OLM,WA,ANM,WE,Federal Contract Tower,0,0,0,0,0,0,0,0,0,0,0,0,0,0,0,0,0,0,0
01/05/2016,OLM,WA,ANM,WE,Federal Contract Tower,0,6,8,0,14,0,0,0,0,0,0,6,8,0,14,0,0,0,14
01/06/2016,OLM,WA,ANM,WE,Federal Contract Tower,0,2,24,6,32,0,1,5,0,6,0,3,29,6,38,8,0,8,46
01/07/2016,OLM,WA,ANM,WE,Federal Contract Tower,0,1,17,0,18,0,0,0,0,0,0,1,17,0,18,0,0,0,18
01/08/2016,OLM,WA,ANM,WE,Federal Contract Tower,0,0,9,0,9,0,0,0,0,0,0,0,9,0,9,0,0,0,9
01/09/2016,OLM,WA,ANM,WE,Federal Contract Tower,0,0,26,0,26,0,0,35,7,42,0,0,61,7,68,126,18,144,212
01/10/2016,OLM,WA,ANM,WE,Federal Contract Tower,0,1,10,0,11,0,1,56,0,57,0,2,66,0,68,96,0,96,164
01/11/2016,OLM,WA,ANM,WE,Federal Contract Tower,0,0,15,2,17,0,1,22,0,23,0,1,37,2,40,34,0,34,74
01/12/2016,OLM,WA,ANM,WE,Federal Contract Tower,0,0,19,2,21,0,0,0,0,0,0,0,19,2,21,26,0,26,47
01/13/2016,OLM,WA,ANM,WE,Federal Contract Tower,0,0,13,6,19,0,0,27,2,29,0,0,40,8,48,30,14,44,92
01/14/2016,OLM,WA,ANM,WE,Federal Contract Tower,0,2,15,4,21,0,2,52,11,65,0,4,67,15,86,44,0,44,130
01/15/2016,OLM,WA,ANM,WE,Federal Contract Tower,0,0,5,0,5,0,0,11,0,11,0,0,16,0,16,130,0,130,146
01/16/2016,OLM,WA,ANM,WE,Federal Contract Tower,0,0,6,0,6,0,3,6,0,9,0,3,12,0,15,18,0,18,33
01/17/2016,OLM,WA,ANM,WE,Federal Contract Tower,0,1,7,0,8,0,3,0,0,3,0,4,7,0,11,0,0,0,11
01/18/2016,OLM,WA,ANM,WE,Federal Contract Tower,0,0,10,0,10,0,0,51,0,51,0,0,61,0,61,108,0,108,169
01/19/2016,OLM,WA,ANM,WE,Federal Contract Tower,0,0,10,2,12,0,0,7,0,7,0,0,17,2,19,46,0,46,65
01/20/2016,OLM,WA,ANM,WE,Federal Contract Tower,0,0,23,2,25,0,0,44,14,58,0,0,67,16,83,88,22,110,193
01/21/2016,OLM,WA,ANM,WE,Federal Contract Tower,0,0,9,0,9,0,0,6,0,6,0,0,15,0,15,16,0,16,31
01/22/2016,OLM,WA,ANM,WE,Federal Contract Tower,0,1,7,2,10,0,0,35,2,37,0,1,42,4,47,50,0,50,97
01/23/2016,OLM,WA,ANM,WE,Federal Contract Tower,0,2,9,0,11,0,0,2,0,2,0,2,11,0,13,10,0,10,23
01/24/2016,OLM,WA,ANM,WE,Federal Contract Tower,0,0,13,0,13,0,5,44,0,49,0,5,57,0,62,64,0,64,126
01/25/2016,OLM,WA,ANM,WE,Federal Contract Tower,2,8,4,0,14,0,9,58,0,67,2,17,62,0,81,100,2,102,183
01/26/2016,OLM,WA,ANM,WE,Federal Contract Tower,0,1,16,1,18,0,0,7,0,7,0,1,23,1,25,30,0,30,55
01/27/2016,OLM,WA,ANM,WE,Federal Contract Tower,0,2,12,8,22,0,0,26,6,32,0,2,38,14,54,44,30,74,128
01/28/2016,OLM,WA,ANM,WE,Federal Contract Tower,0,0,16,4,20,0,1,25,4,30,0,1,41,8,50,34,2,36,86
01/29/2016,OLM,WA,ANM,WE,Federal Contract Tower,0,0,5,0,5,0,5,5,0,10,0,5,10,0,15,10,0,10,25
01/30/2016,OLM,WA,ANM,WE,Federal Contract Tower,0,0,12,0,12,0,1,18,0,19,0,1,30,0,31,48,0,48,79
01/31/2016,OLM,WA,ANM,WE,Federal Contract Tower,0,0,5,0,5,0,2,25,0,27,0,2,30,0,32,30,0,30,62
02/01/2016,OLM,WA,ANM,WE,Federal Contract Tower,0,0,13,2,15,0,0,8,0,8,0,0,21,2,23,67,0,67,90
02/02/2016,OLM,WA,ANM,WE,Federal Contract Tower,0,0,26,0,26,0,1,32,1,34,0,1,58,1,60,82,6,88,148
02/03/2016,OLM,WA,ANM,WE,Federal Contract Tower,0,0,11,2,13,0,0,16,0,16,0,0,27,2,29,84,0,84,113
02/04/2016,OLM,WA,ANM,WE,Federal Contract Tower,0,11,7,2,20,0,0,3,0,3,0,11,10,2,23,38,2,40,63
02/05/2016,OLM,WA,ANM,WE,Federal Contract Tower,0,3,9,0,12,0,2,19,0,21,0,5,28,0,33,62,0,62,95
02/06/2016,OLM,WA,ANM,WE,Federal Contract Tower,0,0,9,0,9,0,0,50,0,50,0,0,59,0,59,92,0,92,151
02/07/2016,OLM,WA,ANM,WE,Federal Contract Tower,0,1,15,0,16,0,1,47,0,48,0,2,62,0,64,48,0,48,112
02/08/2016,OLM,WA,ANM,WE,Federal Contract Tower,0,0,25,2,27,0,0,57,0,57,0,0,82,2,84,62,0,62,146
02/09/2016,OLM,WA,ANM,WE,Federal Contract Tower,0,0,26,8,34,0,0,71,2,73,0,0,97,10,107,168,4,172,279
02/10/2016,OLM,WA,ANM,WE,Federal Contract Tower,0,0,19,1,20,0,2,35,2,39,0,2,54,3,59,90,2,92,151
02/11/2016,OLM,WA,ANM,WE,Federal Contract Tower,0,0,7,2,9,0,0,0,0,0,0,0,7,2,9,0,0,0,9
02/12/2016,OLM,WA,ANM,WE,Federal Contract Tower,0,0,16,0,16,0,2,19,0,21,0,2,35,0,37,32,0,32,69
02/13/2016,OLM,WA,ANM,WE,Federal Contract Tower,0,0,18,0,18,0,2,16,0,18,0,2,34,0,36,42,0,42,78
02/14/2016,OLM,WA,ANM,WE,Federal Contract Tower,0,2,8,0,10,0,0,0,0,0,0,2,8,0,10,0,0,0,10
02/15/2016,OLM,WA,ANM,WE,Federal Contract Tower,0,3,5,0,8,0,1,2,0,3,0,4,7,0,11,0,0,0,11
02/16/2016,OLM,WA,ANM,WE,Federal Contract Tower,0,1,24,6,31,0,6,11,0,17,0,7,35,6,48,84,0,84,132
02/17/2016,OLM,WA,ANM,WE,Federal Contract Tower,0,0,22,4,26,0,1,20,0,21,0,1,42,4,47,22,0,22,69
02/18/2016,OLM,WA,ANM,WE,Federal Contract Tower,0,0,12,2,14,0,0,19,4,23,0,0,31,6,37,12,0,12,49
02/19/2016,OLM,WA,ANM,WE,Federal Contract Tower,0,8,2,0,10,0,1,8,2,11,0,9,10,2,21,0,0,0,21
02/20/2016,OLM,WA,ANM,WE,Federal Contract Tower,0,0,7,0,7,0,3,76,0,79,0,3,83,0,86,158,0,158,244
02/21/2016,OLM,WA,ANM,WE,Federal Contract Tower,0,0,10,2,12,0,4,7,0,11,0,4,17,2,23,4,0,4,27
02/22/2016,OLM,WA,ANM,WE,Federal Contract Tower,0,0,16,0,16,0,0,40,1,41,0,0,56,1,57,80,0,80,137
02/23/2016,OLM,WA,ANM,WE,Federal Contract Tower,0,25,28,6,59,0,1,68,0,69,0,26,96,6,128,108,0,108,236
02/24/2016,OLM,WA,ANM,WE,Federal Contract Tower,0,0,27,6,33,0,0,48,0,48,0,0,75,6,81,56,0,56,137
02/25/2016,OLM,WA,ANM,WE,Federal Contract Tower,0,4,18,0,22,0,3,84,0,87,0,7,102,0,109,124,0,124,233
02/26/2016,OLM,WA,ANM,WE,Federal Contract Tower,0,0,18,0,18,0,1,47,0,48,0,1,65,0,66,131,0,131,197
02/27/2016,OLM,WA,ANM,WE,Federal Contract Tower,0,0,24,0,24,0,2,20,0,22,0,2,44,0,46,18,0,18,64
02/28/2016,OLM,WA,ANM,WE,Federal Contract Tower,0,1,7,0,8,0,1,1,0,2,0,2,8,0,10,0,0,0,10
02/29/2016,OLM,WA,ANM,WE,Federal Contract Tower,0,2,17,2,21,0,0,43,0,43,0,2,60,2,64,88,0,88,152
03/01/2016,OLM,WA,ANM,WE,Federal Contract Tower,0,0,12,2,14,0,0,0,0,0,0,0,12,2,14,0,0,0,14
03/02/2016,OLM,WA,ANM,WE,Federal Contract Tower,0,0,29,4,33,0,0,18,0,18,0,0,47,4,51,76,0,76,127
03/03/2016,OLM,WA,ANM,WE,Federal Contract Tower,0,0,9,2,11,0,0,19,4,23,0,0,28,6,34,40,0,40,74
03/04/2016,OLM,WA,ANM,WE,Federal Contract Tower,0,0,14,0,14,0,0,29,1,30,0,0,43,1,44,0,0,0,44
03/05/2016,OLM,WA,ANM,WE,Federal Contract Tower,0,1,4,1,6,0,5,46,0,51,0,6,50,1,57,76,0,76,133
03/06/2016,OLM,WA,ANM,WE,Federal Contract Tower,0,0,1,0,1,0,5,1,0,6,0,5,2,0,7,0,0,0,7
03/07/2016,OLM,WA,ANM,WE,Federal Contract Tower,0,0,23,2,25,0,0,10,2,12,0,0,33,4,37,6,0,6,43
03/08/2016,OLM,WA,ANM,WE,Federal Contract Tower,0,0,17,0,17,0,1,37,0,38,0,1,54,0,55,86,0,86,141
03/09/2016,OLM,WA,ANM,WE,Federal Contract Tower,0,0,11,0,11,0,2,2,0,4,0,2,13,0,15,66,0,66,81
03/10/2016,OLM,WA,ANM,WE,Federal Contract Tower,0,0,8,0,8,0,3,5,0,8,0,3,13,0,16,0,0,0,16
03/11/2016,OLM,WA,ANM,WE,Federal Contract Tower,0,0,22,0,22,0,0,54,0,54,0,0,76,0,76,89,0,89,165
03/12/2016,OLM,WA,ANM,WE,Federal Contract Tower,0,1,14,0,15,0,0,10,0,10,0,1,24,0,25,62,0,62,87
03/13/2016,OLM,WA,ANM,WE,Federal Contract Tower,0,0,5,0,5,0,0,0,0,0,0,0,5,0,5,0,0,0,5
03/14/2016,OLM,WA,ANM,WE,Federal Contract Tower,0,0,2,0,2,0,1,5,2,8,0,1,7,2,10,14,0,14,24
03/15/2016,OLM,WA,ANM,WE,Federal Contract Tower,0,1,18,4,23,0,0,11,0,11,0,1,29,4,34,120,0,120,154
03/16/2016,OLM,WA,ANM,WE,Federal Contract Tower,0,3,21,6,30,0,1,49,2,52,0,4,70,8,82,102,0,102,184
03/17/2016,OLM,WA,ANM,WE,Federal Contract Tower,0,0,13,0,13,0,2,79,10,91,0,2,92,10,104,54,0,54,158
03/18/2016,OLM,WA,ANM,WE,Federal Contract Tower,0,0,14,0,14,0,3,89,0,92,0,3,103,0,106,132,2,134,240
03/19/2016,OLM,WA,ANM,WE,Federal Contract Tower,0,0,7,0,7,0,2,73,0,75,0,2,80,0,82,66,0,66,148
03/20/2016,OLM,WA,ANM,WE,Federal Contract Tower,0,0,17,0,17,0,2,3,0,5,0,2,20,0,22,0,0,0,22
03/21/2016,OLM,WA,ANM,WE,Federal Contract Tower,0,0,8,0,8,0,1,23,0,24,0,1,31,0,32,38,0,38,70
03/22/2016,OLM,WA,ANM,WE,Federal Contract Tower,0,0,22,0,22,0,0,45,0,45,0,0,67,0,67,86,4,90,157
03/23/2016,OLM,WA,ANM,WE,Federal Contract Tower,0,0,24,2,26,0,2,25,2,29,0,2,49,4,55,102,6,108,163
03/24/2016,OLM,WA,ANM,WE,Federal Contract Tower,0,2,6,0,8,0,1,21,1,23,0,3,27,1,31,4,2,6,37
03/25/2016,OLM,WA,ANM,WE,Federal Contract Tower,0,0,14,0,14,0,2,61,1,64,0,2,75,1,78,154,0,154,232
03/26/2016,OLM,WA,ANM,WE,Federal Contract Tower,0,0,9,0,9,0,3,59,16,78,0,3,68,16,87,108,0,108,195
03/27/2016,OLM,WA,ANM,WE,Federal Contract Tower,0,0,14,0,14,0,0,8,1,9,0,0,22,1,23,0,0,0,23
03/28/2016,OLM,WA,ANM,WE,Federal Contract Tower,0,5,27,2,34,0,1,39,0,40,0,6,66,2,74,62,0,62,136
03/29/2016,OLM,WA,ANM,WE,Federal Contract Tower,0,0,16,4,20,0,1,71,2,74,0,1,87,6,94,36,0,36,130
03/30/2016,OLM,WA,ANM,WE,Federal Contract Tower,0,1,9,2,12,0,2,123,6,131,0,3,132,8,143,184,0,184,327
03/31/2016,OLM,WA,ANM,WE,Federal Contract Tower,0,0,13,2,15,0,1,100,8,109,0,1,113,10,124,212,0,212,336
04/01/2016,OLM,WA,ANM,WE,Federal Contract Tower,0,1,20,2,23,0,1,89,0,90,0,2,109,2,113,68,0,68,181
04/02/2016,OLM,WA,ANM,WE,Federal Contract Tower,0,0,17,2,19,0,2,81,4,87,0,2,98,6,106,114,0,114,220
04/03/2016,OLM,WA,ANM,WE,Federal Contract Tower,0,0,11,0,11,0,6,62,0,68,0,6,73,0,79,50,0,50,129
04/04/2016,OLM,WA,ANM,WE,Federal Contract Tower,0,0,2,0,2,0,9,4,3,16,0,9,6,3,18,3,0,3,21
04/05/2016,OLM,WA,ANM,WE,Federal Contract Tower,0,1,19,10,30,0,0,0,0,0,0,1,19,10,30,16,0,16,46
04/06/2016,OLM,WA,ANM,WE,Federal Contract Tower,0,0,34,0,34,0,0,54,2,56,0,0,88,2,90,80,0,80,170
04/07/2016,OLM,WA,ANM,WE,Federal Contract Tower,0,1,40,8,49,0,1,140,0,141,0,2,180,8,190,194,0,194,384
04/08/2016,OLM,WA,ANM,WE,Federal Contract Tower,0,1,34,0,35,0,3,63,0,66,0,4,97,0,101,96,0,96,197
04/09/2016,OLM,WA,ANM,WE,Federal Contract Tower,0,1,20,0,21,0,2,59,6,67,0,3,79,6,88,68,0,68,156
04/10/2016,OLM,WA,ANM,WE,Federal Contract Tower,0,1,20,0,21,0,2,25,3,30,0,3,45,3,51,30,0,30,81
04/11/2016,OLM,WA,ANM,WE,Federal Contract Tower,0,0,16,2,18,0,2,32,3,37,0,2,48,5,55,11,6,17,72
04/12/2016,OLM,WA,ANM,WE,Federal Contract Tower,0,6,39,2,47,0,0,10,0,10,0,6,49,2,57,14,0,14,71
04/13/2016,OLM,WA,ANM,WE,Federal Contract Tower,0,0,27,2,29,0,0,40,8,48,0,0,67,10,77,18,0,18,95
04/14/2016,OLM,WA,ANM,WE,Federal Contract Tower,0,0,16,2,18,0,0,37,2,39,0,0,53,4,57,48,0,48,105
04/15/2016,OLM,WA,ANM,WE,Federal Contract Tower,0,0,20,2,22,0,0,71,1,72,0,0,91,3,94,76,0,76,170
04/16/2016,OLM,WA,ANM,WE,Federal Contract Tower,0,3,15,0,18,0,0,64,1,65,0,3,79,1,83,98,6,104,187
04/17/2016,OLM,WA,ANM,WE,Federal Contract Tower,0,0,2,0,2,0,6,56,0,62,0,6,58,0,64,4,0,4,68
04/18/2016,OLM,WA,ANM,WE,Federal Contract Tower,0,0,10,2,12,0,3,45,0,48,0,3,55,2,60,44,0,44,104
04/19/2016,OLM,WA,ANM,WE,Federal Contract Tower,0,2,15,6,23,0,3,84,3,90,0,5,99,9,113,74,0,74,187
04/20/2016,OLM,WA,ANM,WE,Federal Contract Tower,0,1,22,2,25,0,2,79,2,83,0,3,101,4,108,54,0,54,162
04/21/2016,OLM,WA,ANM,WE,Federal Contract Tower,0,1,10,0,11,0,1,50,1,52,0,2,60,1,63,66,4,70,133
04/22/2016,OLM,WA,ANM,WE,Federal Contract Tower,0,2,8,0,10,0,2,14,2,18,0,4,22,2,28,2,0,2,30
04/23/2016,OLM,WA,ANM,WE,Federal Contract Tower,0,0,16,0,16,0,0,33,0,33,0,0,49,0,49,66,0,66,115
04/24/2016,OLM,WA,ANM,WE,Federal Contract Tower,0,0,15,2,17,0,0,15,0,15,0,0,30,2,32,26,0,26,58
04/25/2016,OLM,WA,ANM,WE,Federal Contract Tower,0,2,11,4,17,0,3,48,1,52,0,5,59,5,69,26,0,26,95
04/26/2016,OLM,WA,ANM,WE,Federal Contract Tower,0,0,19,4,23,0,1,52,1,54,0,1,71,5,77,80,0,80,157
04/27/2016,OLM,WA,ANM,WE,Federal Contract Tower,0,0,11,0,11,0,3,58,1,62,0,3,69,1,73,56,0,56,129
04/28/2016,OLM,WA,ANM,WE,Federal Contract Tower,0,0,18,2,20,0,0,53,2,55,0,0,71,4,75,30,0,30,105
04/29/2016,OLM,WA,ANM,WE,Federal Contract Tower,0,0,6,0,6,0,1,33,0,34,0,1,39,0,40,60,0,60,100
04/30/2016,OLM,WA,ANM,WE,Federal Contract Tower,0,0,11,0,11,0,2,58,0,60,0,2,69,0,71,16,0,16,87
05/01/2016,OLM,WA,ANM,WE,Federal Contract Tower,0,0,8,0,8,0,4,48,0,52,0,4,56,0,60,10,0,10,70
05/02/2016,OLM,WA,ANM,WE,Federal Contract Tower,0,0,24,2,26,0,4,45,0,49,0,4,69,2,75,46,0,46,121
05/03/2016,OLM,WA,ANM,WE,Federal Contract Tower,0,0,29,0,29,0,1,31,0,32,0,1,60,0,61,80,0,80,141
05/04/2016,OLM,WA,ANM,WE,Federal Contract Tower,0,0,20,4,24,0,2,103,0,105,0,2,123,4,129,76,0,76,205
05/05/2016,OLM,WA,ANM,WE,Federal Contract Tower,0,0,6,2,8,0,3,59,3,65,0,3,65,5,73,66,0,66,139
05/06/2016,OLM,WA,ANM,WE,Federal Contract Tower,0,0,19,0,19,0,3,65,0,68,0,3,84,0,87,50,0,50,137
05/07/2016,OLM,WA,ANM,WE,Federal Contract Tower,0,0,12,0,12,0,2,74,0,76,0,2,86,0,88,102,0,102,190
05/08/2016,OLM,WA,ANM,WE,Federal Contract Tower,0,0,1,0,1,0,0,10,2,12,0,0,11,2,13,36,0,36,49
05/09/2016,OLM,WA,ANM,WE,Federal Contract Tower,0,2,6,0,8,0,4,57,0,61,0,6,63,0,69,88,0,88,157
05/10/2016,OLM,WA,ANM,WE,Federal Contract Tower,0,0,8,2,10,0,4,57,2,63,0,4,65,4,73,72,0,72,145
05/11/2016,OLM,WA,ANM,WE,Federal Contract Tower,0,0,16,0,16,0,1,78,0,79,0,1,94,0,95,112,0,112,207
05/12/2016,OLM,WA,ANM,WE,Federal Contract Tower,0,0,7,0,7,0,5,91,3,99,0,5,98,3,106,156,22,178,284
05/13/2016,OLM,WA,ANM,WE,Federal Contract Tower,0,1,9,0,10,0,1,58,0,59,0,2,67,0,69,120,0,120,189
05/14/2016,OLM,WA,ANM,WE,Federal Contract Tower,0,0,22,0,22,0,0,9,1,10,0,0,31,1,32,12,0,12,44
05/15/2016,OLM,WA,ANM,WE,Federal Contract Tower,0,1,11,0,12,0,1,13,0,14,0,2,24,0,26,0,0,0,26
05/16/2016,OLM,WA,ANM,WE,Federal Contract Tower,0,0,17,0,17,0,10,26,0,36,0,10,43,0,53,40,0,40,93
05/17/2016,OLM,WA,ANM,WE,Federal Contract Tower,0,0,27,2,29,0,3,72,0,75,0,3,99,2,104,80,0,80,184
05/18/2016,OLM,WA,ANM,WE,Federal Contract Tower,0,0,20,0,20,0,7,31,3,41,0,7,51,3,61,28,2,30,91
05/19/2016,OLM,WA,ANM,WE,Federal Contract Tower,0,0,12,0,12,0,2,7,0,9,0,2,19,0,21,0,0,0,21
05/20/2016,OLM,WA,ANM,WE,Federal Contract Tower,0,0,8,3,11,0,0,72,1,73,0,0,80,4,84,108,0,108,192
05/21/2016,OLM,WA,ANM,WE,Federal Contract Tower,0,2,3,0,5,0,3,11,0,14,0,5,14,0,19,52,0,52,71
05/22/2016,OLM,WA,ANM,WE,Federal Contract Tower,0,1,15,0,16,0,4,14,0,18,0,5,29,0,34,32,0,32,66
05/23/2016,OLM,WA,ANM,WE,Federal Contract Tower,0,3,18,0,21,0,2,39,0,41,0,5,57,0,62,54,0,54,116
05/24/2016,OLM,WA,ANM,WE,Federal Contract Tower,0,2,17,4,23,0,6,60,0,66,0,8,77,4,89,42,0,42,131
05/25/2016,OLM,WA,ANM,WE,Federal Contract Tower,0,15,2,0,17,0,0,23,5,28,0,15,25,5,45,36,6,42,87
05/26/2016,OLM,WA,ANM,WE,Federal Contract Tower,0,1,34,0,35,0,2,21,0,23,0,3,55,0,58,6,0,6,64
05/27/2016,OLM,WA,ANM,WE,Federal Contract Tower,0,1,14,0,15,0,6,73,0,79,0,7,87,0,94,66,0,66,160
05/28/2016,OLM,WA,ANM,WE,Federal Contract Tower,0,0,13,0,13,0,1,19,0,20,0,1,32,0,33,46,0,46,79
05/29/2016,OLM,WA,ANM,WE,Federal Contract Tower,0,1,11,0,12,0,3,38,1,42,0,4,49,1,54,16,0,16,70
05/30/2016,OLM,WA,ANM,WE,Federal Contract Tower,0,0,12,0,12,0,1,65,4,70,0,1,77,4,82,64,2,66,148
05/31/2016,OLM,WA,ANM,WE,Federal Contract Tower,0,2,22,0,24,0,1,69,1,71,0,3,91,1,95,90,10,100,195
06/01/2016,OLM,WA,ANM,WE,Federal Contract Tower,0,2,12,0,14,0,2,47,0,49,0,4,59,0,63,72,0,72,135
06/02/2016,OLM,WA,ANM,WE,Federal Contract Tower,0,0,31,2,33,0,2,44,0,46,0,2,75,2,79,98,0,98,177
06/03/2016,OLM,WA,ANM,WE,Federal Contract Tower,0,0,11,0,11,0,3,94,0,97,0,3,105,0,108,152,0,152,260
06/04/2016,OLM,WA,ANM,WE,Federal Contract Tower,0,0,27,0,27,0,3,86,3,92,0,3,113,3,119,108,0,108,227
06/05/2016,OLM,WA,ANM,WE,Federal Contract Tower,0,0,11,2,13,0,4,39,2,45,0,4,50,4,58,54,0,54,112
06/06/2016,OLM,WA,ANM,WE,Federal Contract Tower,0,0,14,2,16,0,4,49,5,58,0,4,63,7,74,62,0,62,136
06/07/2016,OLM,WA,ANM,WE,Federal Contract Tower,0,1,20,1,22,0,1,62,22,85,0,2,82,23,107,54,0,54,161
06/08/2016,OLM,WA,ANM,WE,Federal Contract Tower,0,3,28,6,37,0,2,52,31,85,0,5,80,37,122,36,0,36,158
06/09/2016,OLM,WA,ANM,WE,Federal Contract Tower,0,4,37,3,44,0,5,57,13,75,0,9,94,16,119,48,0,48,167
06/10/2016,OLM,WA,ANM,WE,Federal Contract Tower,0,0,13,2,15,0,6,16,18,40,0,6,29,20,55,4,0,4,59
06/11/2016,OLM,WA,ANM,WE,Federal Contract Tower,0,0,7,0,7,0,2,30,5,37,0,2,37,5,44,48,0,48,92
06/12/2016,OLM,WA,ANM,WE,Federal Contract Tower,0,1,14,0,15,0,0,46,4,50,0,1,60,4,65,70,0,70,135
06/13/2016,OLM,WA,ANM,WE,Federal Contract Tower,0,1,13,2,16,0,2,23,2,27,0,3,36,4,43,4,4,8,51
06/14/2016,OLM,WA,ANM,WE,Federal Contract Tower,0,2,4,0,6,0,4,28,3,35,0,6,32,3,41,0,0,0,41
06/15/2016,OLM,WA,ANM,WE,Federal Contract Tower,0,3,30,2,35,0,6,39,0,45,0,9,69,2,80,40,0,40,120
06/16/2016,OLM,WA,ANM,WE,Federal Contract Tower,0,0,15,0,15,0,3,56,0,59,0,3,71,0,74,58,3,61,135
06/17/2016,OLM,WA,ANM,WE,Federal Contract Tower,0,6,9,1,16,0,0,48,2,50,0,6,57,3,66,80,2,82,148
06/18/2016,OLM,WA,ANM,WE,Federal Contract Tower,0,3,0,0,3,0,0,37,0,37,0,3,37,0,40,52,0,52,92
06/19/2016,OLM,WA,ANM,WE,Federal Contract Tower,0,0,8,0,8,0,2,119,2,123,0,2,127,2,131,218,0,218,349
06/20/2016,OLM,WA,ANM,WE,Federal Contract Tower,0,1,10,4,15,0,1,64,4,69,0,2,74,8,84,88,0,88,172
06/21/2016,OLM,WA,ANM,WE,Federal Contract Tower,0,1,22,2,25,0,0,44,1,45,0,1,66,3,70,74,0,74,144
06/22/2016,OLM,WA,ANM,WE,Federal Contract Tower,0,0,23,2,25,0,1,64,0,65,0,1,87,2,90,44,2,46,136
06/23/2016,OLM,WA,ANM,WE,Federal Contract Tower,0,1,27,2,30,0,2,10,0,12,0,3,37,2,42,14,0,14,56
06/24/2016,OLM,WA,ANM,WE,Federal Contract Tower,0,1,17,3,21,0,2,13,0,15,0,3,30,3,36,10,0,10,46
06/25/2016,OLM,WA,ANM,WE,Federal Contract Tower,0,0,8,0,8,0,4,62,0,66,0,4,70,0,74,52,0,52,126
06/26/2016,OLM,WA,ANM,WE,Federal Contract Tower,0,0,21,4,25,0,6,89,0,95,0,6,110,4,120,52,0,52,172
06/27/2016,OLM,WA,ANM,WE,Federal Contract Tower,0,1,8,0,9,0,4,66,0,70,0,5,74,0,79,62,0,62,141
06/28/2016,OLM,WA,ANM,WE,Federal Contract Tower,0,9,20,0,29,0,4,57,1,62,0,13,77,1,91,102,0,102,193
06/29/2016,OLM,WA,ANM,WE,Federal Contract Tower,0,0,31,0,31,0,1,41,0,42,0,1,72,0,73,98,0,98,171
06/30/2016,OLM,WA,ANM,WE,Federal Contract Tower,0,2,25,0,27,0,0,68,0,68,0,2,93,0,95,104,0,104,199
07/01/2016,OLM,WA,ANM,WE,Federal Contract Tower,0,4,9,0,13,0,0,70,0,70,0,4,79,0,83,52,0,52,135
07/02/2016,OLM,WA,ANM,WE,Federal Contract Tower,0,0,15,0,15,0,3,34,0,37,0,3,49,0,52,12,0,12,64
07/03/2016,OLM,WA,ANM,WE,Federal Contract Tower,0,0,17,0,17,0,2,35,0,37,0,2,52,0,54,24,0,24,78
07/04/2016,OLM,WA,ANM,WE,Federal Contract Tower,0,0,0,0,0,0,0,9,0,9,0,0,9,0,9,8,0,8,17
07/05/2016,OLM,WA,ANM,WE,Federal Contract Tower,0,1,12,0,13,0,0,33,0,33,0,1,45,0,46,112,0,112,158
07/06/2016,OLM,WA,ANM,WE,Federal Contract Tower,0,1,18,0,19,0,5,72,0,77,0,6,90,0,96,62,0,62,158
07/07/2016,OLM,WA,ANM,WE,Federal Contract Tower,0,0,27,2,29,0,2,44,0,46,0,2,71,2,75,86,0,86,161
07/08/2016,OLM,WA,ANM,WE,Federal Contract Tower,0,0,19,0,19,0,0,28,0,28,0,0,47,0,47,74,0,74,121
07/09/2016,OLM,WA,ANM,WE,Federal Contract Tower,0,0,17,0,17,0,5,39,0,44,0,5,56,0,61,74,0,74,135
07/10/2016,OLM,WA,ANM,WE,Federal Contract Tower,0,0,10,0,10,0,0,51,2,53,0,0,61,2,63,32,6,38,101
07/11/2016,OLM,WA,ANM,WE,Federal Contract Tower,0,0,13,4,17,0,2,45,0,47,0,2,58,4,64,36,0,36,100
07/12/2016,OLM,WA,ANM,WE,Federal Contract Tower,0,1,22,4,27,0,1,52,3,56,0,2,74,7,83,76,10,86,169
07/13/2016,OLM,WA,ANM,WE,Federal Contract Tower,0,2,14,3,19,0,2,75,0,77,0,4,89,3,96,118,14,132,228
07/14/2016,OLM,WA,ANM,WE,Federal Contract Tower,0,4,11,2,17,0,3,70,3,76,0,7,81,5,93,84,0,84,177
07/15/2016,OLM,WA,ANM,WE,Federal Contract Tower,0,0,5,14,19,0,1,57,0,58,0,1,62,14,77,82,0,82,159
07/16/2016,OLM,WA,ANM,WE,Federal Contract Tower,0,1,5,0,6,0,2,45,1,48,0,3,50,1,54,146,0,146,200
07/17/2016,OLM,WA,ANM,WE,Federal Contract Tower,0,1,11,0,12,0,2,45,3,50,0,3,56,3,62,126,0,126,188
07/18/2016,OLM,WA,ANM,WE,Federal Contract Tower,0,0,5,0,5,0,0,27,3,30,0,0,32,3,35,58,0,58,93
07/19/2016,OLM,WA,ANM,WE,Federal Contract Tower,0,2,17,2,21,0,4,60,0,64,0,6,77,2,85,86,0,86,171
07/20/2016,OLM,WA,ANM,WE,Federal Contract Tower,0,1,10,2,13,0,7,74,1,82,0,8,84,3,95,36,0,36,131
07/21/2016,OLM,WA,ANM,WE,Federal Contract Tower,0,1,28,0,29,0,6,91,0,97,0,7,119,0,126,100,0,100,226
07/22/2016,OLM,WA,ANM,WE,Federal Contract Tower,0,0,20,0,20,0,1,52,2,55,0,1,72,2,75,104,0,104,179
07/23/2016,OLM,WA,ANM,WE,Federal Contract Tower,0,0,9,2,11,0,3,65,1,69,0,3,74,3,80,44,0,44,124
07/24/2016,OLM,WA,ANM,WE,Federal Contract Tower,0,3,12,0,15,0,2,79,0,81,0,5,91,0,96,106,0,106,202
07/25/2016,OLM,WA,ANM,WE,Federal Contract Tower,0,2,19,6,27,0,0,61,4,65,0,2,80,10,92,148,0,148,240
07/26/2016,OLM,WA,ANM,WE,Federal Contract Tower,0,1,23,2,26,0,2,54,0,56,0,3,77,2,82,100,0,100,182
07/27/2016,OLM,WA,ANM,WE,Federal Contract Tower,0,0,30,2,32,0,2,58,2,62,0,2,88,4,94,94,4,98,192
07/28/2016,OLM,WA,ANM,WE,Federal Contract Tower,0,0,28,0,28,0,0,94,1,95,0,0,122,1,123,70,0,70,193
07/29/2016,OLM,WA,ANM,WE,Federal Contract Tower,0,0,19,2,21,0,3,79,2,84,0,3,98,4,105,60,0,60,165
07/30/2016,OLM,WA,ANM,WE,Federal Contract Tower,0,0,5,0,5,0,3,42,0,45,0,3,47,0,50,92,0,92,142
07/31/2016,OLM,WA,ANM,WE,Federal Contract Tower,0,2,10,0,12,0,2,47,6,55,0,4,57,6,67,48,0,48,115
08/01/2016,OLM,WA,ANM,WE,Federal Contract Tower,0,3,30,2,35,0,1,83,2,86,0,4,113,4,121,128,0,128,249
08/02/2016,OLM,WA,ANM,WE,Federal Contract Tower,0,2,26,0,28,0,7,52,0,59,0,9,78,0,87,62,2,64,151
08/03/2016,OLM,WA,ANM,WE,Federal Contract Tower,0,0,14,0,14,0,4,76,0,80,0,4,90,0,94,110,0,110,204
08/04/2016,OLM,WA,ANM,WE,Federal Contract Tower,0,5,3,0,8,0,1,92,0,93,0,6,95,0,101,134,0,134,235
08/05/2016,OLM,WA,ANM,WE,Federal Contract Tower,0,1,12,0,13,0,6,71,0,77,0,7,83,0,90,66,2,68,158
08/06/2016,OLM,WA,ANM,WE,Federal Contract Tower,0,0,8,0,8,0,7,53,0,60,0,7,61,0,68,38,0,38,106
08/07/2016,OLM,WA,ANM,WE,Federal Contract Tower,0,0,8,0,8,0,4,18,0,22,0,4,26,0,30,10,0,10,40
08/08/2016,OLM,WA,ANM,WE,Federal Contract Tower,0,0,12,4,16,0,5,23,0,28,0,5,35,4,44,32,0,32,76
08/09/2016,OLM,WA,ANM,WE,Federal Contract Tower,0,0,16,0,16,0,0,40,0,40,0,0,56,0,56,98,0,98,154
08/10/2016,OLM,WA,ANM,WE,Federal Contract Tower,0,2,29,0,31,0,2,60,0,62,0,4,89,0,93,70,4,74,167
08/11/2016,OLM,WA,ANM,WE,Federal Contract Tower,0,1,21,0,22,0,2,113,0,115,0,3,134,0,137,162,0,162,299
08/12/2016,OLM,WA,ANM,WE,Federal Contract Tower,0,0,5,0,5,0,5,94,0,99,0,5,99,0,104,74,0,74,178
08/13/2016,OLM,WA,ANM,WE,Federal Contract Tower,0,0,17,0,17,0,4,70,4,78,0,4,87,4,95,90,0,90,185
08/14/2016,OLM,WA,ANM,WE,Federal Contract Tower,0,1,9,0,10,0,2,126,2,130,0,3,135,2,140,154,0,154,294
08/15/2016,OLM,WA,ANM,WE,Federal Contract Tower,0,0,13,1,14,0,0,46,1,47,0,0,59,2,61,92,4,96,157
08/16/2016,OLM,WA,ANM,WE,Federal Contract Tower,0,2,18,0,20,0,2,51,0,53,0,4,69,0,73,78,2,80,153
08/17/2016,OLM,WA,ANM,WE,Federal Contract Tower,0,3,26,2,31,0,2,67,0,69,0,5,93,2,100,72,0,72,172
08/18/2016,OLM,WA,ANM,WE,Federal Contract Tower,0,0,9,2,11,0,1,90,0,91,0,1,99,2,102,36,0,36,138
08/19/2016,OLM,WA,ANM,WE,Federal Contract Tower,0,0,12,2,14,0,2,109,0,111,0,2,121,2,125,86,0,86,211
08/20/2016,OLM,WA,ANM,WE,Federal Contract Tower,0,0,13,0,13,0,5,98,0,103,0,5,111,0,116,78,0,78,194
08/21/2016,OLM,WA,ANM,WE,Federal Contract Tower,0,0,10,0,10,0,3,39,0,42,0,3,49,0,52,18,0,18,70
08/22/2016,OLM,WA,ANM,WE,Federal Contract Tower,0,1,10,0,11,0,0,45,0,45,0,1,55,0,56,76,0,76,132
08/23/2016,OLM,WA,ANM,WE,Federal Contract Tower,0,6,19,0,25,0,2,51,0,53,0,8,70,0,78,48,0,48,126
08/24/2016,OLM,WA,ANM,WE,Federal Contract Tower,0,0,16,2,18,0,0,77,0,77,0,0,93,2,95,44,0,44,139
08/25/2016,OLM,WA,ANM,WE,Federal Contract Tower,0,0,21,0,21,0,3,83,0,86,0,3,104,0,107,128,0,128,235
08/26/2016,OLM,WA,ANM,WE,Federal Contract Tower,0,0,16,0,16,0,1,103,20,124,0,1,119,20,140,90,0,90,230
08/27/2016,OLM,WA,ANM,WE,Federal Contract Tower,0,0,10,1,11,0,2,26,2,30,0,2,36,3,41,100,0,100,141
08/28/2016,OLM,WA,ANM,WE,Federal Contract Tower,0,0,16,0,16,0,4,68,0,72,0,4,84,0,88,86,0,86,174
08/29/2016,OLM,WA,ANM,WE,Federal Contract Tower,0,4,16,4,24,0,1,54,2,57,0,5,70,6,81,14,0,14,95
08/30/2016,OLM,WA,ANM,WE,Federal Contract Tower,0,0,30,0,30,0,2,56,0,58,0,2,86,0,88,94,4,98,186
08/31/2016,OLM,WA,ANM,WE,Federal Contract Tower,0,0,5,4,9,0,0,7,0,7,0,0,12,4,16,28,18,46,62
09/01/2016,OLM,WA,ANM,WE,Federal Contract Tower,0,0,32,0,32,0,2,22,0,24,0,2,54,0,56,78,0,78,134
09/02/2016,OLM,WA,ANM,WE,Federal Contract Tower,0,0,5,0,5,0,2,17,0,19,0,2,22,0,24,16,0,16,40
09/03/2016,OLM,WA,ANM,WE,Federal Contract Tower,0,0,7,0,7,0,2,36,0,38,0,2,43,0,45,76,0,76,121
09/04/2016,OLM,WA,ANM,WE,Federal Contract Tower,0,0,12,1,13,0,3,51,1,55,0,3,63,2,68,112,0,112,180
09/05/2016,OLM,WA,ANM,WE,Federal Contract Tower,0,0,7,0,7,0,4,57,0,61,0,4,64,0,68,58,0,58,126
09/06/2016,OLM,WA,ANM,WE,Federal Contract Tower,0,0,34,6,40,0,1,10,0,11,0,1,44,6,51,34,0,34,85
09/07/2016,OLM,WA,ANM,WE,Federal Contract Tower,0,0,18,6,24,0,3,39,2,44,0,3,57,8,68,24,0,24,92
09/08/2016,OLM,WA,ANM,WE,Federal Contract Tower,0,1,20,5,26,0,1,74,1,76,0,2,94,6,102,30,0,30,132
09/09/2016,OLM,WA,ANM,WE,Federal Contract Tower,0,1,5,0,6,0,4,75,0,79,0,5,80,0,85,10,0,10,95
09/10/2016,OLM,WA,ANM,WE,Federal Contract Tower,0,0,11,2,13,0,8,94,4,106,0,8,105,6,119,118,0,118,237
09/11/2016,OLM,WA,ANM,WE,Federal Contract Tower,0,0,5,0,5,0,0,63,0,63,0,0,68,0,68,134,0,134,202
09/12/2016,OLM,WA,ANM,WE,Federal Contract Tower,0,0,7,4,11,0,2,44,0,46,0,2,51,4,57,24,0,24,81
09/13/2016,OLM,WA,ANM,WE,Federal Contract Tower,0,0,6,8,14,0,3,66,0,69,0,3,72,8,83,40,0,40,123
09/14/2016,OLM,WA,ANM,WE,Federal Contract Tower,0,0,6,5,11,0,0,41,7,48,0,0,47,12,59,8,0,8,67
09/15/2016,OLM,WA,ANM,WE,Federal Contract Tower,0,2,13,7,22,0,0,83,1,84,0,2,96,8,106,42,0,42,148
09/16/2016,OLM,WA,ANM,WE,Federal Contract Tower,0,0,26,2,28,0,2,86,0,88,0,2,112,2,116,52,0,52,168
09/17/2016,OLM,WA,ANM,WE,Federal Contract Tower,0,2,0,0,2,0,1,0,0,1,0,3,0,0,3,0,0,0,3
09/18/2016,OLM,WA,ANM,WE,Federal Contract Tower,0,1,8,0,9,0,1,33,0,34,0,2,41,0,43,30,0,30,73
09/19/2016,OLM,WA,ANM,WE,Federal Contract Tower,0,0,11,2,13,0,4,17,2,23,0,4,28,4,36,18,0,18,54
09/20/2016,OLM,WA,ANM,WE,Federal Contract Tower,0,2,18,2,22,0,4,37,0,41,0,6,55,2,63,48,0,48,111
09/21/2016,OLM,WA,ANM,WE,Federal Contract Tower,0,0,15,2,17,0,2,71,0,73,0,2,86,2,90,36,0,36,126
09/22/2016,OLM,WA,ANM,WE,Federal Contract Tower,0,2,15,4,21,0,0,52,0,52,0,2,67,4,73,68,0,68,141
09/23/2016,OLM,WA,ANM,WE,Federal Contract Tower,0,0,25,0,25,0,1,6,0,7,0,1,31,0,32,0,0,0,32
09/24/2016,OLM,WA,ANM,WE,Federal Contract Tower,0,0,1,0,1,0,0,48,1,49,0,0,49,1,50,162,0,162,212
09/25/2016,OLM,WA,ANM,WE,Federal Contract Tower,0,0,16,0,16,0,2,66,2,70,0,2,82,2,86,36,0,36,122
09/26/2016,OLM,WA,ANM,WE,Federal Contract Tower,0,0,12,0,12,0,2,53,4,59,0,2,65,4,71,40,0,40,111
09/27/2016,OLM,WA,ANM,WE,Federal Contract Tower,0,2,14,2,18,0,1,37,0,38,0,3,51,2,56,68,0,68,124
09/28/2016,OLM,WA,ANM,WE,Federal Contract Tower,0,1,10,8,19,0,2,73,0,75,0,3,83,8,94,82,2,84,178
09/29/2016,OLM,WA,ANM,WE,Federal Contract Tower,0,0,21,0,21,0,4,56,0,60,0,4,77,0,81,60,0,60,141
09/30/2016,OLM,WA,ANM,WE,Federal Contract Tower,0,0,26,0,26,0,2,39,0,41,0,2,65,0,67,32,0,32,99
10/01/2016,OLM,WA,ANM,WE,Federal Contract Tower,0,0,18,0,18,0,2,22,0,24,0,2,40,0,42,4,0,4,46
10/02/2016,OLM,WA,ANM,WE,Federal Contract Tower,0,0,9,0,9,0,2,29,0,31,0,2,38,0,40,44,6,50,90
10/03/2016,OLM,WA,ANM,WE,Federal Contract Tower,0,0,9,0,9,0,0,32,0,32,0,0,41,0,41,34,0,34,75
10/04/2016,OLM,WA,ANM,WE,Federal Contract Tower,0,0,25,0,25,0,5,9,0,14,0,5,34,0,39,4,8,12,51
10/05/2016,OLM,WA,ANM,WE,Federal Contract Tower,0,2,19,4,25,0,0,36,0,36,0,2,55,4,61,42,0,42,103
10/06/2016,OLM,WA,ANM,WE,Federal Contract Tower,0,1,17,0,18,0,2,38,0,40,0,3,55,0,58,30,12,42,100
10/07/2016,OLM,WA,ANM,WE,Federal Contract Tower,0,2,10,0,12,0,2,29,0,31,0,4,39,0,43,52,0,52,95
10/08/2016,OLM,WA,ANM,WE,Federal Contract Tower,0,0,10,1,11,0,1,2,0,3,0,1,12,1,14,0,0,0,14
10/09/2016,OLM,WA,ANM,WE,Federal Contract Tower,0,0,17,0,17,0,3,11,0,14,0,3,28,0,31,88,0,88,119
10/10/2016,OLM,WA,ANM,WE,Federal Contract Tower,0,0,21,0,21,0,1,63,2,66,0,1,84,2,87,48,0,48,135
10/11/2016,OLM,WA,ANM,WE,Federal Contract Tower,0,0,35,1,36,0,4,105,0,109,0,4,140,1,145,14,0,14,159
10/12/2016,OLM,WA,ANM,WE,Federal Contract Tower,0,1,33,0,34,0,0,65,2,67,0,1,98,2,101,52,0,52,153
10/13/2016,OLM,WA,ANM,WE,Federal Contract Tower,0,2,6,0,8,0,0,3,0,3,0,2,9,0,11,34,0,34,45
10/14/2016,OLM,WA,ANM,WE,Federal Contract Tower,0,2,3,0,5,0,0,1,0,1,0,2,4,0,6,0,0,0,6
10/15/2016,OLM,WA,ANM,WE,Federal Contract Tower,0,0,0,0,0,0,0,2,0,2,0,0,2,0,2,0,0,0,2
10/16/2016,OLM,WA,ANM,WE,Federal Contract Tower,0,3,4,0,7,0,2,1,0,3,0,5,5,0,10,8,0,8,18
10/17/2016,OLM,WA,ANM,WE,Federal Contract Tower,0,0,3,0,3,0,0,5,0,5,0,0,8,0,8,0,0,0,8
10/18/2016,OLM,WA,ANM,WE,Federal Contract Tower,0,0,18,0,18,0,3,18,2,23,0,3,36,2,41,6,8,14,55
10/19/2016,OLM,WA,ANM,WE,Federal Contract Tower,0,0,20,0,20,0,0,22,0,22,0,0,42,0,42,26,0,26,68
10/20/2016,OLM,WA,ANM,WE,Federal Contract Tower,0,4,15,2,21,0,5,23,0,28,0,9,38,2,49,38,8,46,95
10/21/2016,OLM,WA,ANM,WE,Federal Contract Tower,0,0,14,0,14,0,3,53,0,56,0,3,67,0,70,20,0,20,90
10/22/2016,OLM,WA,ANM,WE,Federal Contract Tower,0,0,5,0,5,0,2,80,0,82,0,2,85,0,87,148,0,148,235
10/23/2016,OLM,WA,ANM,WE,Federal Contract Tower,0,0,23,0,23,0,3,40,0,43,0,3,63,0,66,22,0,22,88
10/24/2016,OLM,WA,ANM,WE,Federal Contract Tower,0,0,10,0,10,0,0,16,0,16,0,0,26,0,26,12,0,12,38
10/25/2016,OLM,WA,ANM,WE,Federal Contract Tower,0,0,14,0,14,0,5,19,4,28,0,5,33,4,42,14,0,14,56
10/26/2016,OLM,WA,ANM,WE,Federal Contract Tower,0,4,16,0,20,0,0,0,1,1,0,4,16,1,21,0,4,4,25
10/27/2016,OLM,WA,ANM,WE,Federal Contract Tower,0,0,15,2,17,0,1,53,2,56,0,1,68,4,73,66,30,96,169
10/28/2016,OLM,WA,ANM,WE,Federal Contract Tower,0,0,16,2,18,0,0,94,2,96,0,0,110,4,114,158,0,158,272
10/29/2016,OLM,WA,ANM,WE,Federal Contract Tower,0,0,14,1,15,0,5,44,3,52,0,5,58,4,67,116,0,116,183
10/30/2016,OLM,WA,ANM,WE,Federal Contract Tower,0,0,7,0,7,0,0,4,0,4,0,0,11,0,11,26,0,26,37
10/31/2016,OLM,WA,ANM,WE,Federal Contract Tower,0,0,9,0,9,0,0,6,0,6,0,0,15,0,15,2,0,2,17
11/01/2016,OLM,WA,ANM,WE,Federal Contract Tower,0,1,23,0,24,0,1,16,0,17,0,2,39,0,41,76,10,86,127
11/02/2016,OLM,WA,ANM,WE,Federal Contract Tower,0,0,13,2,15,0,4,16,2,22,0,4,29,4,37,78,2,80,117
11/03/2016,OLM,WA,ANM,WE,Federal Contract Tower,0,0,28,0,28,0,0,70,1,71,0,0,98,1,99,152,0,152,251
11/04/2016,OLM,WA,ANM,WE,Federal Contract Tower,0,0,14,0,14,0,3,90,2,95,0,3,104,2,109,198,0,198,307
11/05/2016,OLM,WA,ANM,WE,Federal Contract Tower,0,2,2,0,4,0,1,1,0,2,0,3,3,0,6,0,0,0,6
11/06/2016,OLM,WA,ANM,WE,Federal Contract Tower,0,0,9,0,9,0,4,27,0,31,0,4,36,0,40,50,0,50,90
11/07/2016,OLM,WA,ANM,WE,Federal Contract Tower,0,0,10,0,10,0,2,37,0,39,0,2,47,0,49,58,0,58,107
11/08/2016,OLM,WA,ANM,WE,Federal Contract Tower,0,5,21,1,27,0,1,75,1,77,0,6,96,2,104,100,2,102,206
11/09/2016,OLM,WA,ANM,WE,Federal Contract Tower,0,1,15,5,21,0,0,0,0,0,0,1,15,5,21,68,2,70,91
11/10/2016,OLM,WA,ANM,WE,Federal Contract Tower,0,4,13,0,17,0,9,47,0,56,0,13,60,0,73,104,0,104,177
11/11/2016,OLM,WA,ANM,WE,Federal Contract Tower,0,2,7,0,9,0,4,46,0,50,0,6,53,0,59,88,0,88,147
11/12/2016,OLM,WA,ANM,WE,Federal Contract Tower,0,1,11,3,15,0,2,7,2,11,0,3,18,5,26,20,0,20,46
11/13/2016,OLM,WA,ANM,WE,Federal Contract Tower,0,0,12,0,12,0,3,16,0,19,0,3,28,0,31,16,0,16,47
11/14/2016,OLM,WA,ANM,WE,Federal Contract Tower,0,2,16,0,18,0,0,42,2,44,0,2,58,2,62,56,0,56,118
11/15/2016,OLM,WA,ANM,WE,Federal Contract Tower,0,0,14,0,14,0,2,8,0,10,0,2,22,0,24,20,0,20,44
11/16/2016,OLM,WA,ANM,WE,Federal Contract Tower,0,2,9,2,13,0,0,27,2,29,0,2,36,4,42,58,2,60,102
11/17/2016,OLM,WA,ANM,WE,Federal Contract Tower,0,0,20,3,23,0,1,51,2,54,0,1,71,5,77,102,0,102,179
11/18/2016,OLM,WA,ANM,WE,Federal Contract Tower,0,1,14,0,15,0,1,58,8,67,0,2,72,8,82,58,0,58,140
11/19/2016,OLM,WA,ANM,WE,Federal Contract Tower,0,1,11,0,12,0,3,26,0,29,0,4,37,0,41,50,0,50,91
11/20/2016,OLM,WA,ANM,WE,Federal Contract Tower,0,0,9,0,9,0,0,5,0,5,0,0,14,0,14,34,0,34,48
11/21/2016,OLM,WA,ANM,WE,Federal Contract Tower,0,2,10,2,14,0,4,22,0,26,0,6,32,2,40,34,0,34,74
11/22/2016,OLM,WA,ANM,WE,Federal Contract Tower,0,0,8,2,10,0,3,19,0,22,0,3,27,2,32,82,0,82,114
11/23/2016,OLM,WA,ANM,WE,Federal Contract Tower,0,4,9,0,13,0,0,11,0,11,0,4,20,0,24,4,0,4,28
11/24/2016,OLM,WA,ANM,WE,Federal Contract Tower,0,0,0,0,0,0,0,0,0,0,0,0,0,0,0,0,0,0,0
11/25/2016,OLM,WA,ANM,WE,Federal Contract Tower,0,1,8,0,9,0,6,50,0,56,0,7,58,0,65,50,0,50,115
11/26/2016,OLM,WA,ANM,WE,Federal Contract Tower,0,1,8,0,9,0,2,7,0,9,0,3,15,0,18,16,0,16,34
11/27/2016,OLM,WA,ANM,WE,Federal Contract Tower,0,0,4,0,4,0,0,4,0,4,0,0,8,0,8,0,0,0,8
11/28/2016,OLM,WA,ANM,WE,Federal Contract Tower,0,0,28,4,32,0,4,28,0,32,0,4,56,4,64,58,0,58,122
11/29/2016,OLM,WA,ANM,WE,Federal Contract Tower,0,2,19,7,28,0,3,33,2,38,0,5,52,9,66,100,0,100,166
11/30/2016,OLM,WA,ANM,WE,Federal Contract Tower,0,1,4,6,11,0,2,14,0,16,0,3,18,6,27,12,0,12,39
12/01/2016,OLM,WA,ANM,WE,Federal Contract Tower,0,1,31,6,38,0,3,54,0,57,0,4,85,6,95,106,0,106,201
12/02/2016,OLM,WA,ANM,WE,Federal Contract Tower,0,1,7,0,8,0,0,2,0,2,0,1,9,0,10,0,0,0,10
12/03/2016,OLM,WA,ANM,WE,Federal Contract Tower,0,0,3,0,3,0,0,19,0,19,0,0,22,0,22,108,0,108,130
12/04/2016,OLM,WA,ANM,WE,Federal Contract Tower,0,0,9,0,9,0,0,70,2,72,0,0,79,2,81,76,0,76,157
12/05/2016,OLM,WA,ANM,WE,Federal Contract Tower,0,1,1,10,12,0,0,2,0,2,0,1,3,10,14,2,0,2,16
12/06/2016,OLM,WA,ANM,WE,Federal Contract Tower,0,1,2,6,9,0,0,59,0,59,0,1,61,6,68,88,0,88,156
12/07/2016,OLM,WA,ANM,WE,Federal Contract Tower,0,3,23,4,30,0,1,54,0,55,0,4,77,4,85,28,2,30,115
12/08/2016,OLM,WA,ANM,WE,Federal Contract Tower,0,0,5,0,5,0,0,13,0,13,0,0,18,0,18,6,0,6,24
12/09/2016,OLM,WA,ANM,WE,Federal Contract Tower,0,0,0,0,0,0,0,2,0,2,0,0,2,0,2,0,0,0,2
12/10/2016,OLM,WA,ANM,WE,Federal Contract Tower,0,0,1,0,1,0,0,2,0,2,0,0,3,0,3,0,0,0,3
12/11/2016,OLM,WA,ANM,WE,Federal Contract Tower,0,2,1,0,3,0,0,2,0,2,0,2,3,0,5,2,0,2,7
12/12/2016,OLM,WA,ANM,WE,Federal Contract Tower,0,0,6,4,10,0,0,9,0,9,0,0,15,4,19,4,0,4,23
12/13/2016,OLM,WA,ANM,WE,Federal Contract Tower,0,0,13,0,13,0,1,6,0,7,0,1,19,0,20,24,8,32,52
12/14/2016,OLM,WA,ANM,WE,Federal Contract Tower,0,0,12,2,14,0,2,41,0,43,0,2,53,2,57,6,0,6,63
12/15/2016,OLM,WA,ANM,WE,Federal Contract Tower,0,0,7,2,9,0,0,28,0,28,0,0,35,2,37,36,4,40,77
12/16/2016,OLM,WA,ANM,WE,Federal Contract Tower,0,2,13,0,15,0,1,103,2,106,0,3,116,2,121,90,0,90,211
12/17/2016,OLM,WA,ANM,WE,Federal Contract Tower,0,0,6,0,6,0,3,31,0,34,0,3,37,0,40,68,2,70,110
12/18/2016,OLM,WA,ANM,WE,Federal Contract Tower,0,0,2,0,2,0,1,40,1,42,0,1,42,1,44,48,0,48,92
12/19/2016,OLM,WA,ANM,WE,Federal Contract Tower,0,2,2,4,8,0,0,0,1,1,0,2,2,5,9,0,0,0,9
12/20/2016,OLM,WA,ANM,WE,Federal Contract Tower,0,0,4,0,4,0,4,14,2,20,0,4,18,2,24,0,0,0,24
12/21/2016,OLM,WA,ANM,WE,Federal Contract Tower,0,3,20,2,25,0,5,49,0,54,0,8,69,2,79,104,0,104,183
12/22/2016,OLM,WA,ANM,WE,Federal Contract Tower,0,1,7,0,8,0,2,23,0,25,0,3,30,0,33,60,0,60,93
12/23/2016,OLM,WA,ANM,WE,Federal Contract Tower,0,0,0,0,0,0,0,0,0,0,0,0,0,0,0,0,0,0,0
12/24/2016,OLM,WA,ANM,WE,Federal Contract Tower,0,0,0,0,0,0,0,0,0,0,0,0,0,0,0,0,0,0,0
12/25/2016,OLM,WA,ANM,WE,Federal Contract Tower,0,0,0,0,0,0,5,12,0,17,0,5,12,0,17,2,0,2,19
12/26/2016,OLM,WA,ANM,WE,Federal Contract Tower,0,2,2,0,4,0,0,28,0,28,0,2,30,0,32,20,0,20,52
12/27/2016,OLM,WA,ANM,WE,Federal Contract Tower,0,0,9,0,9,0,8,7,0,15,0,8,16,0,24,6,0,6,30
12/28/2016,OLM,WA,ANM,WE,Federal Contract Tower,0,0,4,0,4,0,1,52,0,53,0,1,56,0,57,100,0,100,157
12/29/2016,OLM,WA,ANM,WE,Federal Contract Tower,0,0,2,0,2,0,2,19,0,21,0,2,21,0,23,62,0,62,85
12/30/2016,OLM,WA,ANM,WE,Federal Contract Tower,0,2,5,0,7,0,2,37,0,39,0,4,42,0,46,56,0,56,102
12/31/2016,OLM,WA,ANM,WE,Federal Contract Tower,0,0,0,0,0,0,0,0,0,0,0,0,0,0,0,0,0,0,0
01/01/2017,OLM,WA,ANM,WE,Federal Contract Tower,0,0,0,0,0,0,1,2,0,3,0,1,2,0,3,0,0,0,3
01/02/2017,OLM,WA,ANM,WE,Federal Contract Tower,0,0,6,0,6,0,2,53,0,55,0,2,59,0,61,44,0,44,105
01/03/2017,OLM,WA,ANM,WE,Federal Contract Tower,0,1,9,0,10,0,2,48,2,52,0,3,57,2,62,52,0,52,114
01/04/2017,OLM,WA,ANM,WE,Federal Contract Tower,0,3,6,4,13,0,2,33,0,35,0,5,39,4,48,16,0,16,64
01/05/2017,OLM,WA,ANM,WE,Federal Contract Tower,0,2,5,0,7,0,0,95,0,95,0,2,100,0,102,62,2,64,166
01/06/2017,OLM,WA,ANM,WE,Federal Contract Tower,0,0,2,8,10,0,0,55,1,56,0,0,57,9,66,26,0,26,92
01/07/2017,OLM,WA,ANM,WE,Federal Contract Tower,0,0,0,0,0,0,2,27,0,29,0,2,27,0,29,84,0,84,113
01/08/2017,OLM,WA,ANM,WE,Federal Contract Tower,0,0,0,0,0,0,0,0,0,0,0,0,0,0,0,0,0,0,0
01/09/2017,OLM,WA,ANM,WE,Federal Contract Tower,0,2,4,0,6,0,1,10,0,11,0,3,14,0,17,8,0,8,25
01/10/2017,OLM,WA,ANM,WE,Federal Contract Tower,0,0,15,0,15,0,0,2,0,2,0,0,17,0,17,0,16,16,33
01/11/2017,OLM,WA,ANM,WE,Federal Contract Tower,0,2,12,2,16,0,2,7,0,9,0,4,19,2,25,0,0,0,25
01/12/2017,OLM,WA,ANM,WE,Federal Contract Tower,0,2,6,4,12,0,0,57,6,63,0,2,63,10,75,62,4,66,141
01/13/2017,OLM,WA,ANM,WE,Federal Contract Tower,0,0,10,0,10,0,0,69,2,71,0,0,79,2,81,154,0,154,235
01/14/2017,OLM,WA,ANM,WE,Federal Contract Tower,0,0,9,0,9,0,0,51,1,52,0,0,60,1,61,18,0,18,79
01/15/2017,OLM,WA,ANM,WE,Federal Contract Tower,0,0,12,0,12,0,0,54,0,54,0,0,66,0,66,8,0,8,74
01/16/2017,OLM,WA,ANM,WE,Federal Contract Tower,0,0,4,0,4,0,2,46,0,48,0,2,50,0,52,64,0,64,116
01/17/2017,OLM,WA,ANM,WE,Federal Contract Tower,0,1,3,3,7,0,0,10,0,10,0,1,13,3,17,4,0,4,21
01/18/2017,OLM,WA,ANM,WE,Federal Contract Tower,0,0,13,0,13,0,0,5,0,5,0,0,18,0,18,0,0,0,18
01/19/2017,OLM,WA,ANM,WE,Federal Contract Tower,0,0,7,4,11,0,0,6,2,8,0,0,13,6,19,4,28,32,51
01/20/2017,OLM,WA,ANM,WE,Federal Contract Tower,0,0,6,2,8,0,3,51,2,56,0,3,57,4,64,104,0,104,168
01/21/2017,OLM,WA,ANM,WE,Federal Contract Tower,0,0,21,0,21,0,0,23,0,23,0,0,44,0,44,32,0,32,76
01/22/2017,OLM,WA,ANM,WE,Federal Contract Tower,0,0,8,0,8,0,5,14,0,19,0,5,22,0,27,18,0,18,45
01/23/2017,OLM,WA,ANM,WE,Federal Contract Tower,0,2,24,0,26,0,1,76,0,77,0,3,100,0,103,66,0,66,169
01/24/2017,OLM,WA,ANM,WE,Federal Contract Tower,0,0,12,2,14,0,1,29,1,31,0,1,41,3,45,30,10,40,85
01/25/2017,OLM,WA,ANM,WE,Federal Contract Tower,0,0,16,2,18,0,0,0,0,0,0,0,16,2,18,22,6,28,46
01/26/2017,OLM,WA,ANM,WE,Federal Contract Tower,0,0,23,4,27,0,4,55,2,61,0,4,78,6,88,84,4,88,176
01/27/2017,OLM,WA,ANM,WE,Federal Contract Tower,0,0,17,0,17,0,0,69,1,70,0,0,86,1,87,72,2,74,161
01/28/2017,OLM,WA,ANM,WE,Federal Contract Tower,0,0,13,0,13,0,3,101,2,106,0,3,114,2,119,102,0,102,221
01/29/2017,OLM,WA,ANM,WE,Federal Contract Tower,0,0,10,0,10,0,2,24,0,26,0,2,34,0,36,38,0,38,74
01/30/2017,OLM,WA,ANM,WE,Federal Contract Tower,0,0,13,4,17,0,2,22,0,24,0,2,35,4,41,38,0,38,79
01/31/2017,OLM,WA,ANM,WE,Federal Contract Tower,0,2,16,2,20,0,0,51,0,51,0,2,67,2,71,54,0,54,125
02/01/2017,OLM,WA,ANM,WE,Federal Contract Tower,0,0,6,0,6,0,0,50,0,50,0,0,56,0,56,28,0,28,84
02/02/2017,OLM,WA,ANM,WE,Federal Contract Tower,0,0,24,6,30,0,2,62,0,64,0,2,86,6,94,94,0,94,188
02/03/2017,OLM,WA,ANM,WE,Federal Contract Tower,0,0,4,0,4,0,0,1,0,1,0,0,5,0,5,0,0,0,5
02/04/2017,OLM,WA,ANM,WE,Federal Contract Tower,0,0,2,0,2,0,0,0,0,0,0,0,2,0,2,2,0,2,4
02/05/2017,OLM,WA,ANM,WE,Federal Contract Tower,0,0,2,0,2,0,0,0,0,0,0,0,2,0,2,0,0,0,2
02/06/2017,OLM,WA,ANM,WE,Federal Contract Tower,0,0,1,0,1,0,0,0,0,0,0,0,1,0,1,0,0,0,1
02/07/2017,OLM,WA,ANM,WE,Federal Contract Tower,0,1,4,0,5,0,1,15,2,18,0,2,19,2,23,6,24,30,53
02/08/2017,OLM,WA,ANM,WE,Federal Contract Tower,0,2,4,0,6,0,0,0,0,0,0,2,4,0,6,0,0,0,6
02/09/2017,OLM,WA,ANM,WE,Federal Contract Tower,0,2,4,2,8,0,0,2,0,2,0,2,6,2,10,0,0,0,10
02/10/2017,OLM,WA,ANM,WE,Federal Contract Tower,0,4,3,0,7,0,1,1,0,2,0,5,4,0,9,0,0,0,9
02/11/2017,OLM,WA,ANM,WE,Federal Contract Tower,0,4,9,0,13,0,2,46,0,48,0,6,55,0,61,66,0,66,127
02/12/2017,OLM,WA,ANM,WE,Federal Contract Tower,0,1,23,0,24,0,1,50,0,51,0,2,73,0,75,20,0,20,95
02/13/2017,OLM,WA,ANM,WE,Federal Contract Tower,0,1,16,0,17,0,0,45,0,45,0,1,61,0,62,124,0,124,186
02/14/2017,OLM,WA,ANM,WE,Federal Contract Tower,0,1,38,0,39,0,2,68,1,71,0,3,106,1,110,74,0,74,184
02/15/2017,OLM,WA,ANM,WE,Federal Contract Tower,0,1,8,0,9,0,1,13,0,14,0,2,21,0,23,18,12,30,53
02/17/2017,OLM,WA,ANM,WE,Federal Contract Tower,0,0,18,1,19,0,3,60,0,63,0,3,78,1,82,60,0,60,142
02/18/2017,OLM,WA,ANM,WE,Federal Contract Tower,0,0,7,0,7,0,1,4,0,5,0,1,11,0,12,0,0,0,12
02/19/2017,OLM,WA,ANM,WE,Federal Contract Tower,0,1,10,0,11,0,4,2,0,6,0,5,12,0,17,6,0,6,23
02/20/2017,OLM,WA,ANM,WE,Federal Contract Tower,0,1,13,0,14,0,0,1,0,1,0,1,14,0,15,30,0,30,45
02/21/2017,OLM,WA,ANM,WE,Federal Contract Tower,0,0,10,0,10,0,1,13,0,14,0,1,23,0,24,42,0,42,66
02/22/2017,OLM,WA,ANM,WE,Federal Contract Tower,0,1,16,4,21,0,0,49,2,51,0,1,65,6,72,26,26,52,124
02/23/2017,OLM,WA,ANM,WE,Federal Contract Tower,0,0,14,2,16,0,0,21,2,23,0,0,35,4,39,58,0,58,97
02/24/2017,OLM,WA,ANM,WE,Federal Contract Tower,0,0,4,2,6,0,0,46,0,46,0,0,50,2,52,86,0,86,138
02/25/2017,OLM,WA,ANM,WE,Federal Contract Tower,0,0,20,0,20,0,1,41,1,43,0,1,61,1,63,36,0,36,99
02/26/2017,OLM,WA,ANM,WE,Federal Contract Tower,0,0,2,0,2,0,0,1,0,1,0,0,3,0,3,0,0,0,3
02/27/2017,OLM,WA,ANM,WE,Federal Contract Tower,0,2,0,2,4,0,2,1,0,3,0,4,1,2,7,24,0,24,31
02/28/2017,OLM,WA,ANM,WE,Federal Contract Tower,0,0,17,6,23,0,0,37,0,37,0,0,54,6,60,58,14,72,132
03/01/2017,OLM,WA,ANM,WE,Federal Contract Tower,0,0,12,6,18,0,0,22,1,23,0,0,34,7,41,36,10,46,87
03/02/2017,OLM,WA,ANM,WE,Federal Contract Tower,0,3,16,0,19,0,1,11,0,12,0,4,27,0,31,48,0,48,79
03/03/2017,OLM,WA,ANM,WE,Federal Contract Tower,0,1,14,2,17,0,2,6,0,8,0,3,20,2,25,0,0,0,25
03/04/2017,OLM,WA,ANM,WE,Federal Contract Tower,0,0,19,0,19,0,0,27,0,27,0,0,46,0,46,68,0,68,114
03/05/2017,OLM,WA,ANM,WE,Federal Contract Tower,0,0,1,0,1,0,2,1,0,3,0,2,2,0,4,0,0,0,4
03/06/2017,OLM,WA,ANM,WE,Federal Contract Tower,0,0,2,0,2,0,0,8,0,8,0,0,10,0,10,40,0,40,50
03/07/2017,OLM,WA,ANM,WE,Federal Contract Tower,0,2,6,0,8,0,3,2,0,5,0,5,8,0,13,40,2,42,55
03/08/2017,OLM,WA,ANM,WE,Federal Contract Tower,0,1,18,2,21,0,6,18,0,24,0,7,36,2,45,42,0,42,87
03/09/2017,OLM,WA,ANM,WE,Federal Contract Tower,0,4,6,0,10,0,0,0,0,0,0,4,6,0,10,0,0,0,10
03/10/2017,OLM,WA,ANM,WE,Federal Contract Tower,0,0,10,0,10,0,3,26,2,31,0,3,36,2,41,12,0,12,53
03/11/2017,OLM,WA,ANM,WE,Federal Contract Tower,0,0,12,0,12,0,0,1,0,1,0,0,13,0,13,0,0,0,13
03/12/2017,OLM,WA,ANM,WE,Federal Contract Tower,0,0,16,0,16,0,0,57,0,57,0,0,73,0,73,68,0,68,141
03/13/2017,OLM,WA,ANM,WE,Federal Contract Tower,0,0,8,0,8,0,4,3,0,7,0,4,11,0,15,20,0,20,35
03/14/2017,OLM,WA,ANM,WE,Federal Contract Tower,0,4,18,0,22,0,0,9,0,9,0,4,27,0,31,14,0,14,45
03/15/2017,OLM,WA,ANM,WE,Federal Contract Tower,0,0,16,2,18,0,0,7,0,7,0,0,23,2,25,8,0,8,33
03/16/2017,OLM,WA,ANM,WE,Federal Contract Tower,0,0,16,0,16,0,2,79,0,81,0,2,95,0,97,106,12,118,215
03/17/2017,OLM,WA,ANM,WE,Federal Contract Tower,0,1,22,0,23,0,0,21,1,22,0,1,43,1,45,40,0,40,85
03/18/2017,OLM,WA,ANM,WE,Federal Contract Tower,0,0,6,0,6,0,0,14,0,14,0,0,20,0,20,22,0,22,42
03/19/2017,OLM,WA,ANM,WE,Federal Contract Tower,0,2,30,0,32,0,2,112,1,115,0,4,142,1,147,100,0,100,247
03/20/2017,OLM,WA,ANM,WE,Federal Contract Tower,0,5,33,0,38,0,3,56,1,60,0,8,89,1,98,44,0,44,142
03/21/2017,OLM,WA,ANM,WE,Federal Contract Tower,0,0,18,2,20,0,1,19,0,20,0,1,37,2,40,58,0,58,98
03/22/2017,OLM,WA,ANM,WE,Federal Contract Tower,0,1,8,0,9,0,0,0,0,0,0,1,8,0,9,14,0,14,23
03/23/2017,OLM,WA,ANM,WE,Federal Contract Tower,0,7,27,2,36,0,3,67,1,71,0,10,94,3,107,80,0,80,187
03/24/2017,OLM,WA,ANM,WE,Federal Contract Tower,0,1,6,0,7,0,2,30,0,32,0,3,36,0,39,50,0,50,89
03/25/2017,OLM,WA,ANM,WE,Federal Contract Tower,0,0,27,0,27,0,0,46,0,46,0,0,73,0,73,100,0,100,173
03/26/2017,OLM,WA,ANM,WE,Federal Contract Tower,0,2,8,0,10,0,2,9,0,11,0,4,17,0,21,8,0,8,29
03/27/2017,OLM,WA,ANM,WE,Federal Contract Tower,0,0,27,2,29,0,12,21,0,33,0,12,48,2,62,102,0,102,164
03/28/2017,OLM,WA,ANM,WE,Federal Contract Tower,0,0,23,0,23,0,3,6,4,13,0,3,29,4,36,4,6,10,46
03/29/2017,OLM,WA,ANM,WE,Federal Contract Tower,0,1,27,2,30,0,2,13,0,15,0,3,40,2,45,14,2,16,61
03/30/2017,OLM,WA,ANM,WE,Federal Contract Tower,0,2,22,2,26,0,2,37,0,39,0,4,59,2,65,88,0,88,153
03/31/2017,OLM,WA,ANM,WE,Federal Contract Tower,0,0,25,0,25,0,2,99,0,101,0,2,124,0,126,162,0,162,288
04/01/2017,OLM,WA,ANM,WE,Federal Contract Tower,0,0,26,0,26,0,1,24,0,25,0,1,50,0,51,12,0,12,63
04/02/2017,OLM,WA,ANM,WE,Federal Contract Tower,0,0,9,2,11,0,2,29,2,33,0,2,38,4,44,24,0,24,68
04/03/2017,OLM,WA,ANM,WE,Federal Contract Tower,0,0,7,0,7,0,1,73,0,74,0,1,80,0,81,116,0,116,197
04/04/2017,OLM,WA,ANM,WE,Federal Contract Tower,0,0,29,4,33,0,0,39,0,39,0,0,68,4,72,30,0,30,102
04/05/2017,OLM,WA,ANM,WE,Federal Contract Tower,0,4,12,0,16,0,1,1,0,2,0,5,13,0,18,18,2,20,38
04/06/2017,OLM,WA,ANM,WE,Federal Contract Tower,0,0,21,0,21,0,3,50,0,53,0,3,71,0,74,50,0,50,124
04/07/2017,OLM,WA,ANM,WE,Federal Contract Tower,0,0,4,0,4,0,0,5,0,5,0,0,9,0,9,0,0,0,9
04/08/2017,OLM,WA,ANM,WE,Federal Contract Tower,0,2,3,0,5,0,3,16,0,19,0,5,19,0,24,10,0,10,34
04/09/2017,OLM,WA,ANM,WE,Federal Contract Tower,0,2,5,0,7,0,2,59,2,63,0,4,64,2,70,40,0,40,110
04/10/2017,OLM,WA,ANM,WE,Federal Contract Tower,0,0,8,2,10,0,2,21,0,23,0,2,29,2,33,8,0,8,41
04/11/2017,OLM,WA,ANM,WE,Federal Contract Tower,0,0,42,0,42,0,0,70,1,71,0,0,112,1,113,124,0,124,237
04/12/2017,OLM,WA,ANM,WE,Federal Contract Tower,0,0,25,4,29,0,3,19,0,22,0,3,44,4,51,32,0,32,83
04/13/2017,OLM,WA,ANM,WE,Federal Contract Tower,0,2,10,0,12,0,0,36,1,37,0,2,46,1,49,38,4,42,91
04/14/2017,OLM,WA,ANM,WE,Federal Contract Tower,0,4,17,4,25,0,2,40,0,42,0,6,57,4,67,32,0,32,99
04/15/2017,OLM,WA,ANM,WE,Federal Contract Tower,0,0,18,0,18,0,3,62,0,65,0,3,80,0,83,142,0,142,225
04/16/2017,OLM,WA,ANM,WE,Federal Contract Tower,0,0,18,2,20,0,4,56,4,64,0,4,74,6,84,36,0,36,120
04/17/2017,OLM,WA,ANM,WE,Federal Contract Tower,0,0,26,0,26,0,4,21,0,25,0,4,47,0,51,18,0,18,69
04/18/2017,OLM,WA,ANM,WE,Federal Contract Tower,0,0,23,2,25,0,0,40,0,40,0,0,63,2,65,84,0,84,149
04/19/2017,OLM,WA,ANM,WE,Federal Contract Tower,0,1,25,4,30,0,0,20,2,22,0,1,45,6,52,3,0,3,55
04/20/2017,OLM,WA,ANM,WE,Federal Contract Tower,0,0,12,0,12,0,2,14,0,16,0,2,26,0,28,30,0,30,58
04/21/2017,OLM,WA,ANM,WE,Federal Contract Tower,0,1,34,0,35,0,3,104,4,111,0,4,138,4,146,142,6,148,294
04/22/2017,OLM,WA,ANM,WE,Federal Contract Tower,0,1,1,0,2,0,0,8,1,9,0,1,9,1,11,28,0,28,39
04/23/2017,OLM,WA,ANM,WE,Federal Contract Tower,0,1,18,0,19,0,4,9,0,13,0,5,27,0,32,54,0,54,86
04/24/2017,OLM,WA,ANM,WE,Federal Contract Tower,0,0,21,0,21,0,0,11,0,11,0,0,32,0,32,10,0,10,42
04/25/2017,OLM,WA,ANM,WE,Federal Contract Tower,0,0,23,2,25,0,0,41,1,42,0,0,64,3,67,210,0,210,277
04/26/2017,OLM,WA,ANM,WE,Federal Contract Tower,0,0,16,0,16,0,2,16,0,18,0,2,32,0,34,96,4,100,134
04/27/2017,OLM,WA,ANM,WE,Federal Contract Tower,0,0,20,0,20,0,0,39,0,39,0,0,59,0,59,24,2,26,85
04/28/2017,OLM,WA,ANM,WE,Federal Contract Tower,0,0,21,0,21,0,3,103,1,107,0,3,124,1,128,58,0,58,186
04/29/2017,OLM,WA,ANM,WE,Federal Contract Tower,0,1,15,0,16,0,2,57,0,59,0,3,72,0,75,72,0,72,147
04/30/2017,OLM,WA,ANM,WE,Federal Contract Tower,0,1,2,0,3,0,0,30,0,30,0,1,32,0,33,42,0,42,75
05/01/2017,OLM,WA,ANM,WE,Federal Contract Tower,0,0,1,0,1,0,0,28,0,28,0,0,29,0,29,66,0,66,95
05/02/2017,OLM,WA,ANM,WE,Federal Contract Tower,0,2,30,0,32,0,0,11,0,11,0,2,41,0,43,34,0,34,77
05/03/2017,OLM,WA,ANM,WE,Federal Contract Tower,0,0,20,2,22,0,2,59,0,61,0,2,79,2,83,86,0,86,169
05/04/2017,OLM,WA,ANM,WE,Federal Contract Tower,0,0,16,0,16,0,0,26,0,26,0,0,42,0,42,22,0,22,64
05/05/2017,OLM,WA,ANM,WE,Federal Contract Tower,0,3,8,0,11,0,0,21,2,23,0,3,29,2,34,20,0,20,54
05/06/2017,OLM,WA,ANM,WE,Federal Contract Tower,0,0,9,0,9,0,2,51,0,53,0,2,60,0,62,72,0,72,134
05/07/2017,OLM,WA,ANM,WE,Federal Contract Tower,0,3,13,0,16,0,1,71,0,72,0,4,84,0,88,68,0,68,156
05/08/2017,OLM,WA,ANM,WE,Federal Contract Tower,0,0,9,0,9,0,1,84,0,85,0,1,93,0,94,80,0,80,174
05/09/2017,OLM,WA,ANM,WE,Federal Contract Tower,0,2,32,2,36,0,0,72,2,74,0,2,104,4,110,54,0,54,164
05/10/2017,OLM,WA,ANM,WE,Federal Contract Tower,0,0,28,0,28,0,2,86,1,89,0,2,114,1,117,80,0,80,197
05/11/2017,OLM,WA,ANM,WE,Federal Contract Tower,0,0,8,0,8,0,1,11,0,12,0,1,19,0,20,0,0,0,20
05/12/2017,OLM,WA,ANM,WE,Federal Contract Tower,0,3,6,0,9,0,2,25,0,27,0,5,31,0,36,28,0,28,64
05/13/2017,OLM,WA,ANM,WE,Federal Contract Tower,0,0,11,0,11,0,0,33,0,33,0,0,44,0,44,10,0,10,54
05/14/2017,OLM,WA,ANM,WE,Federal Contract Tower,0,2,6,0,8,0,4,21,0,25,0,6,27,0,33,2,0,2,35
05/15/2017,OLM,WA,ANM,WE,Federal Contract Tower,0,0,9,0,9,0,3,25,0,28,0,3,34,0,37,10,0,10,47
05/16/2017,OLM,WA,ANM,WE,Federal Contract Tower,0,1,7,0,8,0,2,6,0,8,0,3,13,0,16,36,0,36,52
05/17/2017,OLM,WA,ANM,WE,Federal Contract Tower,0,0,24,2,26,0,0,38,0,38,0,0,62,2,64,60,0,60,124
05/18/2017,OLM,WA,ANM,WE,Federal Contract Tower,0,2,25,8,35,0,2,58,3,63,0,4,83,11,98,30,4,34,132
05/19/2017,OLM,WA,ANM,WE,Federal Contract Tower,0,4,14,0,18,0,1,83,9,93,0,5,97,9,111,104,6,110,221
05/20/2017,OLM,WA,ANM,WE,Federal Contract Tower,0,2,14,0,16,0,0,48,0,48,0,2,62,0,64,38,0,38,102
05/21/2017,OLM,WA,ANM,WE,Federal Contract Tower,0,1,14,0,15,0,3,74,2,79,0,4,88,2,94,20,0,20,114
05/22/2017,OLM,WA,ANM,WE,Federal Contract Tower,0,0,20,0,20,0,0,64,0,64,0,0,84,0,84,110,0,110,194
05/23/2017,OLM,WA,ANM,WE,Federal Contract Tower,0,3,7,0,10,0,2,56,0,58,0,5,63,0,68,32,0,32,100
05/24/2017,OLM,WA,ANM,WE,Federal Contract Tower,0,0,13,2,15,0,0,0,0,0,0,0,13,2,15,72,0,72,87
05/25/2017,OLM,WA,ANM,WE,Federal Contract Tower,0,2,5,0,7,0,2,41,0,43,0,4,46,0,50,32,0,32,82
05/26/2017,OLM,WA,ANM,WE,Federal Contract Tower,0,6,22,0,28,0,3,65,0,68,0,9,87,0,96,54,0,54,150
05/27/2017,OLM,WA,ANM,WE,Federal Contract Tower,0,0,8,0,8,0,5,72,1,78,0,5,80,1,86,20,0,20,106
05/28/2017,OLM,WA,ANM,WE,Federal Contract Tower,1,0,0,0,1,0,4,70,2,76,1,4,70,2,77,34,0,34,111
05/29/2017,OLM,WA,ANM,WE,Federal Contract Tower,0,2,19,0,21,0,1,57,4,62,0,3,76,4,83,70,0,70,153
05/30/2017,OLM,WA,ANM,WE,Federal Contract Tower,0,0,5,2,7,0,1,17,0,18,0,1,22,2,25,6,0,6,31
05/31/2017,OLM,WA,ANM,WE,Federal Contract Tower,0,4,24,0,28,0,0,5,0,5,0,4,29,0,33,26,0,26,59
06/01/2017,OLM,WA,ANM,WE,Federal Contract Tower,0,4,14,0,18,0,3,41,0,44,0,7,55,0,62,58,0,58,120
06/02/2017,OLM,WA,ANM,WE,Federal Contract Tower,0,0,18,0,18,0,5,39,0,44,0,5,57,0,62,66,0,66,128
06/03/2017,OLM,WA,ANM,WE,Federal Contract Tower,0,0,8,0,8,0,2,74,0,76,0,2,82,0,84,90,0,90,174
06/04/2017,OLM,WA,ANM,WE,Federal Contract Tower,0,0,6,0,6,0,2,55,0,57,0,2,61,0,63,100,0,100,163
06/05/2017,OLM,WA,ANM,WE,Federal Contract Tower,0,0,8,0,8,0,1,74,0,75,0,1,82,0,83,100,0,100,183
06/06/2017,OLM,WA,ANM,WE,Federal Contract Tower,0,0,12,0,12,0,0,63,2,65,0,0,75,2,77,50,0,50,127
06/07/2017,OLM,WA,ANM,WE,Federal Contract Tower,0,0,13,0,13,0,0,68,0,68,0,0,81,0,81,80,0,80,161
06/08/2017,OLM,WA,ANM,WE,Federal Contract Tower,0,0,14,0,14,0,0,8,0,8,0,0,22,0,22,0,0,0,22
06/09/2017,OLM,WA,ANM,WE,Federal Contract Tower,0,0,25,0,25,0,3,60,0,63,0,3,85,0,88,50,0,50,138
06/10/2017,OLM,WA,ANM,WE,Federal Contract Tower,0,0,8,0,8,0,2,74,0,76,0,2,82,0,84,250,0,250,334
06/11/2017,OLM,WA,ANM,WE,Federal Contract Tower,0,0,12,0,12,0,3,98,4,105,0,3,110,4,117,26,0,26,143
06/12/2017,OLM,WA,ANM,WE,Federal Contract Tower,0,0,13,2,15,0,3,27,4,34,0,3,40,6,49,48,0,48,97
06/13/2017,OLM,WA,ANM,WE,Federal Contract Tower,0,0,19,0,19,0,0,40,0,40,0,0,59,0,59,38,0,38,97
06/14/2017,OLM,WA,ANM,WE,Federal Contract Tower,0,0,15,0,15,0,4,81,1,86,0,4,96,1,101,50,0,50,151
06/15/2017,OLM,WA,ANM,WE,Federal Contract Tower,0,1,7,0,8,0,0,14,0,14,0,1,21,0,22,8,0,8,30
06/16/2017,OLM,WA,ANM,WE,Federal Contract Tower,0,0,9,0,9,0,4,88,0,92,0,4,97,0,101,58,0,58,159
06/17/2017,OLM,WA,ANM,WE,Federal Contract Tower,0,1,4,0,5,0,0,134,2,136,0,1,138,2,141,278,0,278,419
06/18/2017,OLM,WA,ANM,WE,Federal Contract Tower,0,1,4,0,5,0,0,92,0,92,0,1,96,0,97,368,0,368,465
06/19/2017,OLM,WA,ANM,WE,Federal Contract Tower,0,2,6,0,8,0,4,35,0,39,0,6,41,0,47,22,0,22,69
06/20/2017,OLM,WA,ANM,WE,Federal Contract Tower,0,0,12,0,12,0,0,40,0,40,0,0,52,0,52,36,0,36,88
06/21/2017,OLM,WA,ANM,WE,Federal Contract Tower,0,0,37,0,37,0,0,50,0,50,0,0,87,0,87,108,0,108,195
06/22/2017,OLM,WA,ANM,WE,Federal Contract Tower,0,0,10,0,10,0,2,61,0,63,0,2,71,0,73,56,0,56,129
06/23/2017,OLM,WA,ANM,WE,Federal Contract Tower,0,2,12,0,14,0,4,90,0,94,0,6,102,0,108,52,0,52,160
06/24/2017,OLM,WA,ANM,WE,Federal Contract Tower,0,0,7,0,7,0,2,83,1,86,0,2,90,1,93,66,0,66,159
06/25/2017,OLM,WA,ANM,WE,Federal Contract Tower,0,0,5,0,5,0,4,64,0,68,0,4,69,0,73,22,0,22,95
06/26/2017,OLM,WA,ANM,WE,Federal Contract Tower,0,2,6,2,10,0,2,43,0,45,0,4,49,2,55,42,0,42,97
06/27/2017,OLM,WA,ANM,WE,Federal Contract Tower,0,2,19,0,21,0,2,54,0,56,0,4,73,0,77,72,0,72,149
06/28/2017,OLM,WA,ANM,WE,Federal Contract Tower,0,2,11,0,13,0,0,48,0,48,0,2,59,0,61,56,0,56,117
06/29/2017,OLM,WA,ANM,WE,Federal Contract Tower,0,1,25,0,26,0,0,103,0,103,0,1,128,0,129,130,0,130,259
06/30/2017,OLM,WA,ANM,WE,Federal Contract Tower,0,0,18,0,18,0,1,128,1,130,0,1,146,1,148,130,0,130,278
07/01/2017,OLM,WA,ANM,WE,Federal Contract Tower,0,1,16,0,17,0,5,71,0,76,0,6,87,0,93,70,0,70,163
07/02/2017,OLM,WA,ANM,WE,Federal Contract Tower,0,4,13,0,17,0,4,61,0,65,0,8,74,0,82,40,0,40,122
07/03/2017,OLM,WA,ANM,WE,Federal Contract Tower,0,0,2,0,2,0,5,48,2,55,0,5,50,2,57,102,2,104,161
07/04/2017,OLM,WA,ANM,WE,Federal Contract Tower,0,0,1,0,1,0,4,41,0,45,0,4,42,0,46,28,0,28,74
07/05/2017,OLM,WA,ANM,WE,Federal Contract Tower,0,0,12,0,12,0,3,66,0,69,0,3,78,0,81,62,0,62,143
07/06/2017,OLM,WA,ANM,WE,Federal Contract Tower,0,1,18,0,19,0,3,123,0,126,0,4,141,0,145,74,0,74,219
07/07/2017,OLM,WA,ANM,WE,Federal Contract Tower,0,4,15,0,19,0,1,76,0,77,0,5,91,0,96,96,0,96,192
07/08/2017,OLM,WA,ANM,WE,Federal Contract Tower,0,0,6,4,10,0,3,87,0,90,0,3,93,4,100,78,4,82,182
07/09/2017,OLM,WA,ANM,WE,Federal Contract Tower,0,0,6,0,6,0,2,73,0,75,0,2,79,0,81,16,0,16,97
07/10/2017,OLM,WA,ANM,WE,Federal Contract Tower,0,1,12,3,16,0,0,58,3,61,0,1,70,6,77,66,0,66,143
07/11/2017,OLM,WA,ANM,WE,Federal Contract Tower,0,2,13,0,15,0,3,70,0,73,0,5,83,0,88,76,0,76,164
07/12/2017,OLM,WA,ANM,WE,Federal Contract Tower,0,3,15,0,18,0,2,76,0,78,0,5,91,0,96,62,0,62,158
07/13/2017,OLM,WA,ANM,WE,Federal Contract Tower,0,4,26,0,30,0,4,74,1,79,0,8,100,1,109,116,0,116,225
07/14/2017,OLM,WA,ANM,WE,Federal Contract Tower,0,2,15,0,17,0,0,92,2,94,0,2,107,2,111,70,0,70,181
07/15/2017,OLM,WA,ANM,WE,Federal Contract Tower,0,1,16,0,17,0,2,88,0,90,0,3,104,0,107,52,0,52,159
07/16/2017,OLM,WA,ANM,WE,Federal Contract Tower,0,2,14,0,16,0,4,68,0,72,0,6,82,0,88,30,0,30,118
07/17/2017,OLM,WA,ANM,WE,Federal Contract Tower,0,6,30,0,36,0,5,74,0,79,0,11,104,0,115,66,0,66,181
07/18/2017,OLM,WA,ANM,WE,Federal Contract Tower,0,2,16,2,20,0,0,72,0,72,0,2,88,2,92,40,0,40,132
07/19/2017,OLM,WA,ANM,WE,Federal Contract Tower,0,0,24,0,24,0,2,62,0,64,0,2,86,0,88,42,2,44,132
07/20/2017,OLM,WA,ANM,WE,Federal Contract Tower,0,1,16,4,21,0,2,60,0,62,0,3,76,4,83,82,0,82,165
07/21/2017,OLM,WA,ANM,WE,Federal Contract Tower,0,3,14,2,19,0,1,74,0,75,0,4,88,2,94,64,0,64,158
07/22/2017,OLM,WA,ANM,WE,Federal Contract Tower,0,0,10,0,10,0,4,72,0,76,0,4,82,0,86,96,0,96,182
07/23/2017,OLM,WA,ANM,WE,Federal Contract Tower,0,1,17,0,18,0,8,35,0,43,0,9,52,0,61,48,0,48,109
07/24/2017,OLM,WA,ANM,WE,Federal Contract Tower,0,0,25,0,25,0,1,60,0,61,0,1,85,0,86,32,0,32,118
07/25/2017,OLM,WA,ANM,WE,Federal Contract Tower,0,0,32,0,32,0,2,67,1,70,0,2,99,1,102,24,0,24,126
07/26/2017,OLM,WA,ANM,WE,Federal Contract Tower,0,0,33,0,33,0,2,61,0,63,0,2,94,0,96,26,0,26,122
07/27/2017,OLM,WA,ANM,WE,Federal Contract Tower,0,2,33,2,37,0,1,47,0,48,0,3,80,2,85,48,2,50,135
07/28/2017,OLM,WA,ANM,WE,Federal Contract Tower,0,0,20,0,20,0,0,55,0,55,0,0,75,0,75,26,0,26,101
07/29/2017,OLM,WA,ANM,WE,Federal Contract Tower,0,4,9,0,13,0,2,75,0,77,0,6,84,0,90,36,0,36,126
07/30/2017,OLM,WA,ANM,WE,Federal Contract Tower,0,0,16,0,16,0,2,28,0,30,0,2,44,0,46,38,0,38,84
07/31/2017,OLM,WA,ANM,WE,Federal Contract Tower,0,0,11,0,11,0,2,74,0,76,0,2,85,0,87,28,0,28,115
08/01/2017,OLM,WA,ANM,WE,Federal Contract Tower,0,2,19,2,23,0,1,54,5,60,0,3,73,7,83,82,0,82,165
08/02/2017,OLM,WA,ANM,WE,Federal Contract Tower,0,1,20,0,21,0,2,50,3,55,0,3,70,3,76,34,0,34,110
08/03/2017,OLM,WA,ANM,WE,Federal Contract Tower,0,0,28,2,30,0,4,32,0,36,0,4,60,2,66,92,2,94,160
08/04/2017,OLM,WA,ANM,WE,Federal Contract Tower,0,0,25,0,25,0,3,36,0,39,0,3,61,0,64,98,0,98,162
08/05/2017,OLM,WA,ANM,WE,Federal Contract Tower,0,2,13,0,15,0,2,77,0,79,0,4,90,0,94,76,0,76,170
08/06/2017,OLM,WA,ANM,WE,Federal Contract Tower,0,0,11,0,11,0,6,57,0,63,0,6,68,0,74,62,0,62,136
08/07/2017,OLM,WA,ANM,WE,Federal Contract Tower,0,2,18,0,20,0,0,30,0,30,0,2,48,0,50,80,0,80,130
08/08/2017,OLM,WA,ANM,WE,Federal Contract Tower,0,0,18,0,18,0,4,37,0,41,0,4,55,0,59,96,0,96,155
08/09/2017,OLM,WA,ANM,WE,Federal Contract Tower,0,0,26,0,26,0,1,34,0,35,0,1,60,0,61,84,0,84,145
08/10/2017,OLM,WA,ANM,WE,Federal Contract Tower,0,2,4,2,8,0,0,38,0,38,0,2,42,2,46,40,0,40,86
08/11/2017,OLM,WA,ANM,WE,Federal Contract Tower,0,2,21,2,25,0,5,60,0,65,0,7,81,2,90,50,0,50,140
08/12/2017,OLM,WA,ANM,WE,Federal Contract Tower,0,0,9,0,9,0,0,47,0,47,0,0,56,0,56,26,0,26,82
08/13/2017,OLM,WA,ANM,WE,Federal Contract Tower,0,0,9,0,9,0,3,31,0,34,0,3,40,0,43,24,0,24,67
08/14/2017,OLM,WA,ANM,WE,Federal Contract Tower,0,0,19,0,19,0,3,49,0,52,0,3,68,0,71,54,0,54,125
08/15/2017,OLM,WA,ANM,WE,Federal Contract Tower,0,4,15,0,19,0,0,87,0,87,0,4,102,0,106,160,0,160,266
08/16/2017,OLM,WA,ANM,WE,Federal Contract Tower,0,1,25,0,26,0,3,79,0,82,0,4,104,0,108,124,0,124,232
08/17/2017,OLM,WA,ANM,WE,Federal Contract Tower,0,2,28,2,32,0,4,62,0,66,0,6,90,2,98,112,0,112,210
08/18/2017,OLM,WA,ANM,WE,Federal Contract Tower,0,0,24,0,24,0,2,60,0,62,0,2,84,0,86,30,0,30,116
08/19/2017,OLM,WA,ANM,WE,Federal Contract Tower,0,0,2,0,2,0,3,80,0,83,0,3,82,0,85,88,0,88,173
08/20/2017,OLM,WA,ANM,WE,Federal Contract Tower,0,5,16,0,21,0,1,77,0,78,0,6,93,0,99,34,0,34,133
08/22/2017,OLM,WA,ANM,WE,Federal Contract Tower,0,0,13,0,13,0,6,98,0,104,0,6,111,0,117,50,6,56,173
08/23/2017,OLM,WA,ANM,WE,Federal Contract Tower,0,3,13,0,16,0,2,41,0,43,0,5,54,0,59,80,2,82,141
08/24/2017,OLM,WA,ANM,WE,Federal Contract Tower,0,0,31,2,33,0,4,78,1,83,0,4,109,3,116,106,0,106,222
08/25/2017,OLM,WA,ANM,WE,Federal Contract Tower,0,2,15,0,17,0,3,104,0,107,0,5,119,0,124,90,0,90,214
08/26/2017,OLM,WA,ANM,WE,Federal Contract Tower,0,0,10,0,10,0,1,100,2,103,0,1,110,2,113,76,0,76,189
08/27/2017,OLM,WA,ANM,WE,Federal Contract Tower,0,0,10,0,10,0,1,82,0,83,0,1,92,0,93,40,0,40,133
08/28/2017,OLM,WA,ANM,WE,Federal Contract Tower,0,0,16,0,16,0,2,69,0,71,0,2,85,0,87,52,0,52,139
08/29/2017,OLM,WA,ANM,WE,Federal Contract Tower,0,1,13,0,14,0,0,48,0,48,0,1,61,0,62,72,0,72,134
08/30/2017,OLM,WA,ANM,WE,Federal Contract Tower,0,0,27,2,29,0,2,46,0,48,0,2,73,2,77,130,0,130,207
08/31/2017,OLM,WA,ANM,WE,Federal Contract Tower,0,2,21,0,23,0,3,53,0,56,0,5,74,0,79,38,0,38,117
09/01/2017,OLM,WA,ANM,WE,Federal Contract Tower,0,0,12,2,14,0,3,77,0,80,0,3,89,2,94,46,0,46,140
09/02/2017,OLM,WA,ANM,WE,Federal Contract Tower,0,0,7,0,7,0,1,63,0,64,0,1,70,0,71,50,0,50,121
09/03/2017,OLM,WA,ANM,WE,Federal Contract Tower,0,0,4,0,4,0,2,54,0,56,0,2,58,0,60,6,0,6,66
09/04/2017,OLM,WA,ANM,WE,Federal Contract Tower,0,0,10,0,10,0,2,64,2,68,0,2,74,2,78,88,0,88,166
09/05/2017,OLM,WA,ANM,WE,Federal Contract Tower,0,3,10,2,15,0,1,31,0,32,0,4,41,2,47,52,0,52,99
09/06/2017,OLM,WA,ANM,WE,Federal Contract Tower,0,2,24,2,28,0,1,23,0,24,0,3,47,2,52,62,0,62,114
09/07/2017,OLM,WA,ANM,WE,Federal Contract Tower,0,0,16,2,18,0,0,45,0,45,0,0,61,2,63,76,0,76,139
09/08/2017,OLM,WA,ANM,WE,Federal Contract Tower,0,3,22,0,25,0,1,30,0,31,0,4,52,0,56,18,0,18,74
09/09/2017,OLM,WA,ANM,WE,Federal Contract Tower,0,0,10,0,10,0,3,44,0,47,0,3,54,0,57,30,0,30,87
09/10/2017,OLM,WA,ANM,WE,Federal Contract Tower,0,1,14,0,15,0,3,55,2,60,0,4,69,2,75,46,0,46,121
09/11/2017,OLM,WA,ANM,WE,Federal Contract Tower,0,1,10,0,11,0,2,63,0,65,0,3,73,0,76,80,0,80,156
09/12/2017,OLM,WA,ANM,WE,Federal Contract Tower,0,3,20,2,25,0,0,67,4,71,0,3,87,6,96,40,12,52,148
09/13/2017,OLM,WA,ANM,WE,Federal Contract Tower,0,4,21,4,29,0,0,52,2,54,0,4,73,6,83,92,0,92,175
09/14/2017,OLM,WA,ANM,WE,Federal Contract Tower,0,1,18,2,21,0,0,65,0,65,0,1,83,2,86,28,0,28,114
09/15/2017,OLM,WA,ANM,WE,Federal Contract Tower,0,0,23,4,27,0,1,69,0,70,0,1,92,4,97,60,0,60,157
09/16/2017,OLM,WA,ANM,WE,Federal Contract Tower,0,0,17,0,17,0,5,70,0,75,0,5,87,0,92,26,18,44,136
09/17/2017,OLM,WA,ANM,WE,Federal Contract Tower,0,0,9,0,9,0,3,10,0,13,0,3,19,0,22,16,0,16,38
09/18/2017,OLM,WA,ANM,WE,Federal Contract Tower,0,0,9,0,9,0,0,22,0,22,0,0,31,0,31,32,0,32,63
09/19/2017,OLM,WA,ANM,WE,Federal Contract Tower,0,4,4,0,8,0,2,15,0,17,0,6,19,0,25,38,0,38,63
09/20/2017,OLM,WA,ANM,WE,Federal Contract Tower,0,0,11,0,11,0,0,26,0,26,0,0,37,0,37,12,0,12,49
09/21/2017,OLM,WA,ANM,WE,Federal Contract Tower,0,3,26,2,31,0,1,52,0,53,0,4,78,2,84,36,0,36,120
09/22/2017,OLM,WA,ANM,WE,Federal Contract Tower,0,0,31,0,31,0,3,51,0,54,0,3,82,0,85,72,0,72,157
09/23/2017,OLM,WA,ANM,WE,Federal Contract Tower,0,2,11,2,15,0,3,82,1,86,0,5,93,3,101,38,0,38,139
09/24/2017,OLM,WA,ANM,WE,Federal Contract Tower,0,1,17,0,18,0,2,39,1,42,0,3,56,1,60,18,0,18,78
09/25/2017,OLM,WA,ANM,WE,Federal Contract Tower,0,0,12,0,12,0,4,40,0,44,0,4,52,0,56,44,0,44,100
09/26/2017,OLM,WA,ANM,WE,Federal Contract Tower,0,0,31,0,31,0,2,49,0,51,0,2,80,0,82,66,0,66,148
09/27/2017,OLM,WA,ANM,WE,Federal Contract Tower,0,0,34,0,34,0,2,76,0,78,0,2,110,0,112,90,0,90,202
09/28/2017,OLM,WA,ANM,WE,Federal Contract Tower,0,2,18,0,20,0,9,102,0,111,0,11,120,0,131,110,0,110,241
09/29/2017,OLM,WA,ANM,WE,Federal Contract Tower,0,0,27,2,29,0,0,23,0,23,0,0,50,2,52,8,0,8,60
09/30/2017,OLM,WA,ANM,WE,Federal Contract Tower,0,0,8,0,8,0,0,37,0,37,0,0,45,0,45,46,0,46,91
10/01/2017,OLM,WA,ANM,WE,Federal Contract Tower,0,0,20,0,20,0,4,34,0,38,0,4,54,0,58,8,0,8,66
10/02/2017,OLM,WA,ANM,WE,Federal Contract Tower,0,0,8,0,8,0,4,23,0,27,0,4,31,0,35,50,0,50,85
10/03/2017,OLM,WA,ANM,WE,Federal Contract Tower,0,1,31,0,32,0,1,48,0,49,0,2,79,0,81,56,0,56,137
10/04/2017,OLM,WA,ANM,WE,Federal Contract Tower,0,0,20,2,22,0,0,0,0,0,0,0,20,2,22,60,4,64,86
10/05/2017,OLM,WA,ANM,WE,Federal Contract Tower,0,0,33,0,33,0,2,77,0,79,0,2,110,0,112,60,0,60,172
10/06/2017,OLM,WA,ANM,WE,Federal Contract Tower,0,0,14,0,14,0,8,53,0,61,0,8,67,0,75,10,0,10,85
10/07/2017,OLM,WA,ANM,WE,Federal Contract Tower,0,0,4,0,4,0,7,41,0,48,0,7,45,0,52,30,0,30,82
10/08/2017,OLM,WA,ANM,WE,Federal Contract Tower,0,2,9,0,11,0,49,2,0,51,0,51,11,0,62,36,0,36,98
10/09/2017,OLM,WA,ANM,WE,Federal Contract Tower,0,1,5,0,6,0,0,48,0,48,0,1,53,0,54,14,0,14,68
10/10/2017,OLM,WA,ANM,WE,Federal Contract Tower,0,0,18,0,18,0,0,23,0,23,0,0,41,0,41,64,0,64,105
10/11/2017,OLM,WA,ANM,WE,Federal Contract Tower,0,2,6,2,10,0,3,48,0,51,0,5,54,2,61,46,0,46,107
10/12/2017,OLM,WA,ANM,WE,Federal Contract Tower,0,2,12,0,14,0,0,11,0,11,0,2,23,0,25,12,0,12,37
10/13/2017,OLM,WA,ANM,WE,Federal Contract Tower,0,0,28,0,28,0,0,60,0,60,0,0,88,0,88,88,0,88,176
10/14/2017,OLM,WA,ANM,WE,Federal Contract Tower,0,0,17,0,17,0,2,70,1,73,0,2,87,1,90,118,0,118,208
10/15/2017,OLM,WA,ANM,WE,Federal Contract Tower,0,0,9,0,9,0,0,83,2,85,0,0,92,2,94,94,0,94,188
10/16/2017,OLM,WA,ANM,WE,Federal Contract Tower,0,0,13,2,15,0,1,63,0,64,0,1,76,2,79,38,0,38,117
10/17/2017,OLM,WA,ANM,WE,Federal Contract Tower,0,0,10,4,14,0,2,20,1,23,0,2,30,5,37,12,0,12,49
10/18/2017,OLM,WA,ANM,WE,Federal Contract Tower,0,3,6,0,9,0,1,0,0,1,0,4,6,0,10,2,0,2,12
10/19/2017,OLM,WA,ANM,WE,Federal Contract Tower,0,0,27,2,29,0,0,7,0,7,0,0,34,2,36,22,0,22,58
10/20/2017,OLM,WA,ANM,WE,Federal Contract Tower,0,1,14,0,15,0,4,20,0,24,0,5,34,0,39,4,0,4,43
10/21/2017,OLM,WA,ANM,WE,Federal Contract Tower,0,0,18,0,18,0,0,3,0,3,0,0,21,0,21,18,0,18,39
10/22/2017,OLM,WA,ANM,WE,Federal Contract Tower,0,0,10,3,13,0,0,12,0,12,0,0,22,3,25,18,0,18,43
10/23/2017,OLM,WA,ANM,WE,Federal Contract Tower,0,0,5,0,5,0,0,61,2,63,0,0,66,2,68,68,2,70,138
10/24/2017,OLM,WA,ANM,WE,Federal Contract Tower,0,0,37,0,37,0,0,45,2,47,0,0,82,2,84,40,2,42,126
10/25/2017,OLM,WA,ANM,WE,Federal Contract Tower,0,8,4,2,14,0,0,28,4,32,0,8,32,6,46,28,4,32,78
10/26/2017,OLM,WA,ANM,WE,Federal Contract Tower,0,2,22,0,24,0,1,28,0,29,0,3,50,0,53,40,4,44,97
10/27/2017,OLM,WA,ANM,WE,Federal Contract Tower,0,0,18,0,18,0,2,73,0,75,0,2,91,0,93,80,0,80,173
10/28/2017,OLM,WA,ANM,WE,Federal Contract Tower,0,0,18,0,18,0,2,80,0,82,0,2,98,0,100,134,0,134,234
10/29/2017,OLM,WA,ANM,WE,Federal Contract Tower,0,1,11,0,12,0,1,5,0,6,0,2,16,0,18,16,0,16,34
10/30/2017,OLM,WA,ANM,WE,Federal Contract Tower,0,0,17,1,18,0,1,101,3,105,0,1,118,4,123,146,4,150,273
10/31/2017,OLM,WA,ANM,WE,Federal Contract Tower,0,0,15,4,19,0,2,71,0,73,0,2,86,4,92,64,0,64,156
11/01/2017,OLM,WA,ANM,WE,Federal Contract Tower,0,3,14,0,17,0,3,29,2,34,0,6,43,2,51,20,18,38,89
11/02/2017,OLM,WA,ANM,WE,Federal Contract Tower,0,2,12,0,14,0,2,6,0,8,0,4,18,0,22,14,0,14,36
11/03/2017,OLM,WA,ANM,WE,Federal Contract Tower,0,3,8,0,11,0,0,4,0,4,0,3,12,0,15,2,0,2,17
11/04/2017,OLM,WA,ANM,WE,Federal Contract Tower,0,1,8,0,9,0,0,3,0,3,0,1,11,0,12,0,0,0,12
11/05/2017,OLM,WA,ANM,WE,Federal Contract Tower,0,2,2,0,4,0,0,2,0,2,0,2,4,0,6,0,0,0,6
11/06/2017,OLM,WA,ANM,WE,Federal Contract Tower,0,0,9,0,9,0,0,57,2,59,0,0,66,2,68,120,2,122,190
11/07/2017,OLM,WA,ANM,WE,Federal Contract Tower,0,1,12,6,19,0,2,58,2,62,0,3,70,8,81,96,8,104,185
11/08/2017,OLM,WA,ANM,WE,Federal Contract Tower,0,6,9,0,15,0,1,22,10,33,0,7,31,10,48,66,8,74,122
11/09/2017,OLM,WA,ANM,WE,Federal Contract Tower,0,2,19,2,23,0,1,0,0,1,0,3,19,2,24,24,0,24,48
11/10/2017,OLM,WA,ANM,WE,Federal Contract Tower,0,2,13,0,15,0,0,17,0,17,0,2,30,0,32,14,0,14,46
11/11/2017,OLM,WA,ANM,WE,Federal Contract Tower,0,0,21,0,21,0,2,21,0,23,0,2,42,0,44,52,0,52,96
11/12/2017,OLM,WA,ANM,WE,Federal Contract Tower,0,0,5,0,5,0,2,17,0,19,0,2,22,0,24,56,0,56,80
11/13/2017,OLM,WA,ANM,WE,Federal Contract Tower,0,0,0,0,0,0,0,5,0,5,0,0,5,0,5,0,0,0,5
11/14/2017,OLM,WA,ANM,WE,Federal Contract Tower,0,0,1,0,1,0,0,10,0,10,0,0,11,0,11,0,0,0,11
11/15/2017,OLM,WA,ANM,WE,Federal Contract Tower,0,0,11,6,17,0,2,12,0,14,0,2,23,6,31,4,8,12,43
11/16/2017,OLM,WA,ANM,WE,Federal Contract Tower,0,0,22,0,22,0,5,11,3,19,0,5,33,3,41,50,0,50,91
11/17/2017,OLM,WA,ANM,WE,Federal Contract Tower,0,2,17,4,23,0,2,47,0,49,0,4,64,4,72,58,2,60,132
11/18/2017,OLM,WA,ANM,WE,Federal Contract Tower,0,0,17,0,17,0,0,116,0,116,0,0,133,0,133,194,8,202,335
11/19/2017,OLM,WA,ANM,WE,Federal Contract Tower,0,0,0,0,0,0,0,9,0,9,0,0,9,0,9,0,0,0,9
11/20/2017,OLM,WA,ANM,WE,Federal Contract Tower,0,0,19,0,19,0,0,19,0,19,0,0,38,0,38,32,6,38,76
11/21/2017,OLM,WA,ANM,WE,Federal Contract Tower,0,2,5,0,7,0,0,0,0,0,0,2,5,0,7,0,0,0,7
11/22/2017,OLM,WA,ANM,WE,Federal Contract Tower,0,3,9,0,12,0,1,32,0,33,0,4,41,0,45,56,0,56,101
11/23/2017,OLM,WA,ANM,WE,Federal Contract Tower,0,0,0,0,0,0,0,0,0,0,0,0,0,0,0,0,0,0,0
11/24/2017,OLM,WA,ANM,WE,Federal Contract Tower,0,0,7,0,7,0,7,46,0,53,0,7,53,0,60,16,0,16,76
11/25/2017,OLM,WA,ANM,WE,Federal Contract Tower,0,1,9,0,10,0,2,29,0,31,0,3,38,0,41,38,0,38,79
11/26/2017,OLM,WA,ANM,WE,Federal Contract Tower,0,1,12,0,13,0,2,7,0,9,0,3,19,0,22,16,0,16,38
11/27/2017,OLM,WA,ANM,WE,Federal Contract Tower,0,0,10,0,10,0,1,38,2,41,0,1,48,2,51,64,0,64,115
11/28/2017,OLM,WA,ANM,WE,Federal Contract Tower,0,3,7,4,14,0,4,6,0,10,0,7,13,4,24,0,18,18,42
11/29/2017,OLM,WA,ANM,WE,Federal Contract Tower,0,0,25,8,33,0,0,45,0,45,0,0,70,8,78,46,0,46,124
11/30/2017,OLM,WA,ANM,WE,Federal Contract Tower,0,0,11,0,11,0,0,13,2,15,0,0,24,2,26,66,8,74,100
12/01/2017,OLM,WA,ANM,WE,Federal Contract Tower,0,2,12,0,14,0,0,34,0,34,0,2,46,0,48,40,0,40,88
12/02/2017,OLM,WA,ANM,WE,Federal Contract Tower,0,0,3,0,3,0,2,9,0,11,0,2,12,0,14,38,0,38,52
12/03/2017,OLM,WA,ANM,WE,Federal Contract Tower,0,0,7,0,7,0,0,32,0,32,0,0,39,0,39,54,0,54,93
12/04/2017,OLM,WA,ANM,WE,Federal Contract Tower,0,2,6,0,8,0,1,12,0,13,0,3,18,0,21,6,0,6,27
12/05/2017,OLM,WA,ANM,WE,Federal Contract Tower,0,0,20,0,20,0,1,54,1,56,0,1,74,1,76,62,0,62,138
12/06/2017,OLM,WA,ANM,WE,Federal Contract Tower,0,0,10,2,12,0,3,52,0,55,0,3,62,2,67,26,0,26,93
12/07/2017,OLM,WA,ANM,WE,Federal Contract Tower,0,0,9,0,9,0,0,0,0,0,0,0,9,0,9,0,0,0,9
12/08/2017,OLM,WA,ANM,WE,Federal Contract Tower,0,2,11,2,15,0,2,35,2,39,0,4,46,4,54,72,0,72,126
12/09/2017,OLM,WA,ANM,WE,Federal Contract Tower,0,0,10,0,10,0,1,68,0,69,0,1,78,0,79,98,0,98,177
12/10/2017,OLM,WA,ANM,WE,Federal Contract Tower,0,0,23,0,23,0,3,78,0,81,0,3,101,0,104,76,0,76,180
12/11/2017,OLM,WA,ANM,WE,Federal Contract Tower,0,1,28,2,31,0,2,52,0,54,0,3,80,2,85,68,2,70,155
12/12/2017,OLM,WA,ANM,WE,Federal Contract Tower,0,0,15,0,15,0,0,69,0,69,0,0,84,0,84,112,12,124,208
12/13/2017,OLM,WA,ANM,WE,Federal Contract Tower,0,1,31,2,34,0,0,46,0,46,0,1,77,2,80,120,2,122,202
12/14/2017,OLM,WA,ANM,WE,Federal Contract Tower,0,2,8,0,10,0,0,0,0,0,0,2,8,0,10,0,0,0,10
12/15/2017,OLM,WA,ANM,WE,Federal Contract Tower,0,6,21,0,27,0,0,25,0,25,0,6,46,0,52,40,0,40,92
12/16/2017,OLM,WA,ANM,WE,Federal Contract Tower,0,0,20,0,20,0,2,22,0,24,0,2,42,0,44,22,0,22,66
12/17/2017,OLM,WA,ANM,WE,Federal Contract Tower,0,1,10,0,11,0,2,0,0,2,0,3,10,0,13,0,0,0,13
12/18/2017,OLM,WA,ANM,WE,Federal Contract Tower,0,5,5,0,10,0,14,18,0,32,0,19,23,0,42,32,0,32,74
12/19/2017,OLM,WA,ANM,WE,Federal Contract Tower,0,1,7,0,8,0,2,7,0,9,0,3,14,0,17,18,0,18,35
12/20/2017,OLM,WA,ANM,WE,Federal Contract Tower,0,8,27,0,35,0,4,83,0,87,0,12,110,0,122,98,0,98,220
12/21/2017,OLM,WA,ANM,WE,Federal Contract Tower,0,1,14,4,19,0,3,81,2,86,0,4,95,6,105,122,0,122,227
12/22/2017,OLM,WA,ANM,WE,Federal Contract Tower,0,2,3,0,5,0,0,13,0,13,0,2,16,0,18,46,0,46,64
12/23/2017,OLM,WA,ANM,WE,Federal Contract Tower,0,0,15,0,15,0,1,85,0,86,0,1,100,0,101,50,0,50,151
12/24/2017,OLM,WA,ANM,WE,Federal Contract Tower,0,0,0,0,0,0,0,13,0,13,0,0,13,0,13,0,0,0,13
12/25/2017,OLM,WA,ANM,WE,Federal Contract Tower,0,0,0,0,0,0,0,0,0,0,0,0,0,0,0,0,0,0,0
12/26/2017,OLM,WA,ANM,WE,Federal Contract Tower,0,2,7,0,9,0,0,0,0,0,0,2,7,0,9,0,0,0,9
12/27/2017,OLM,WA,ANM,WE,Federal Contract Tower,0,0,6,2,8,0,0,0,0,0,0,0,6,2,8,0,0,0,8
12/28/2017,OLM,WA,ANM,WE,Federal Contract Tower,0,1,4,0,5,0,0,6,0,6,0,1,10,0,11,14,0,14,25
12/29/2017,OLM,WA,ANM,WE,Federal Contract Tower,0,3,14,0,17,0,0,0,0,0,0,3,14,0,17,0,0,0,17
12/30/2017,OLM,WA,ANM,WE,Federal Contract Tower,0,0,14,0,14,0,0,68,0,68,0,0,82,0,82,116,0,116,198
12/31/2017,OLM,WA,ANM,WE,Federal Contract Tower,0,0,6,0,6,0,0,24,0,24,0,0,30,0,30,8,0,8,38
01/01/2018,OLM,WA,ANM,WE,Federal Contract Tower,0,2,9,0,11,0,0,41,0,41,0,2,50,0,52,34,0,34,86
01/02/2018,OLM,WA,ANM,WE,Federal Contract Tower,0,4,9,2,15,0,1,68,0,69,0,5,77,2,84,186,0,186,270
01/03/2018,OLM,WA,ANM,WE,Federal Contract Tower,0,2,19,4,25,0,1,33,0,34,0,3,52,4,59,72,0,72,131
01/04/2018,OLM,WA,ANM,WE,Federal Contract Tower,0,3,11,0,14,0,3,37,2,42,0,6,48,2,56,84,22,106,162
01/05/2018,OLM,WA,ANM,WE,Federal Contract Tower,0,0,15,2,17,0,1,27,0,28,0,1,42,2,45,54,0,54,99
01/06/2018,OLM,WA,ANM,WE,Federal Contract Tower,0,0,21,0,21,0,1,23,2,26,0,1,44,2,47,78,6,84,131
01/07/2018,OLM,WA,ANM,WE,Federal Contract Tower,0,4,6,0,10,0,0,1,0,1,0,4,7,0,11,6,0,6,17
01/08/2018,OLM,WA,ANM,WE,Federal Contract Tower,0,1,20,2,23,0,1,11,0,12,0,2,31,2,35,46,0,46,81
01/09/2018,OLM,WA,ANM,WE,Federal Contract Tower,0,2,9,0,11,0,0,28,6,34,0,2,37,6,45,172,0,172,217
01/10/2018,OLM,WA,ANM,WE,Federal Contract Tower,0,0,18,1,19,0,3,31,1,35,0,3,49,2,54,80,4,84,138
01/11/2018,OLM,WA,ANM,WE,Federal Contract Tower,0,2,2,4,8,0,0,2,0,2,0,2,4,4,10,22,0,22,32
01/12/2018,OLM,WA,ANM,WE,Federal Contract Tower,0,3,10,0,13,0,1,12,0,13,0,4,22,0,26,2,0,2,28
01/13/2018,OLM,WA,ANM,WE,Federal Contract Tower,0,0,34,0,34,0,0,5,0,5,0,0,39,0,39,6,0,6,45
01/14/2018,OLM,WA,ANM,WE,Federal Contract Tower,0,0,15,0,15,0,0,39,4,43,0,0,54,4,58,108,0,108,166
01/15/2018,OLM,WA,ANM,WE,Federal Contract Tower,0,1,8,0,9,0,2,96,1,99,0,3,104,1,108,108,0,108,216
01/16/2018,OLM,WA,ANM,WE,Federal Contract Tower,0,4,12,4,20,0,3,45,2,50,0,7,57,6,70,104,0,104,174
01/17/2018,OLM,WA,ANM,WE,Federal Contract Tower,0,0,11,2,13,0,2,29,0,31,0,2,40,2,44,58,0,58,102
01/18/2018,OLM,WA,ANM,WE,Federal Contract Tower,0,0,6,12,18,0,4,18,2,24,0,4,24,14,42,56,12,68,110
01/19/2018,OLM,WA,ANM,WE,Federal Contract Tower,0,0,8,0,8,0,0,27,0,27,0,0,35,0,35,18,0,18,53
01/20/2018,OLM,WA,ANM,WE,Federal Contract Tower,0,2,9,0,11,0,0,16,0,16,0,2,25,0,27,20,0,20,47
01/21/2018,OLM,WA,ANM,WE,Federal Contract Tower,0,0,5,0,5,0,2,3,0,5,0,2,8,0,10,8,0,8,18
01/22/2018,OLM,WA,ANM,WE,Federal Contract Tower,0,2,10,4,16,0,0,14,0,14,0,2,24,4,30,78,0,78,108
01/23/2018,OLM,WA,ANM,WE,Federal Contract Tower,0,0,10,0,10,0,0,4,2,6,0,0,14,2,16,30,8,38,54
01/24/2018,OLM,WA,ANM,WE,Federal Contract Tower,0,0,22,4,26,0,0,17,0,17,0,0,39,4,43,12,0,12,55
01/25/2018,OLM,WA,ANM,WE,Federal Contract Tower,0,0,2,4,6,0,7,12,0,19,0,7,14,4,25,30,0,30,55
01/26/2018,OLM,WA,ANM,WE,Federal Contract Tower,0,0,4,0,4,0,0,7,2,9,0,0,11,2,13,20,0,20,33
01/27/2018,OLM,WA,ANM,WE,Federal Contract Tower,0,1,7,0,8,0,2,3,0,5,0,3,10,0,13,8,0,8,21
01/28/2018,OLM,WA,ANM,WE,Federal Contract Tower,0,3,12,0,15,0,0,25,0,25,0,3,37,0,40,54,0,54,94
01/29/2018,OLM,WA,ANM,WE,Federal Contract Tower,0,3,4,2,9,0,2,13,0,15,0,5,17,2,24,10,0,10,34
01/30/2018,OLM,WA,ANM,WE,Federal Contract Tower,0,6,7,2,15,0,3,58,0,61,0,9,65,2,76,122,4,126,202
01/31/2018,OLM,WA,ANM,WE,Federal Contract Tower,0,5,18,4,27,0,3,31,0,34,0,8,49,4,61,58,0,58,119
02/01/2018,OLM,WA,ANM,WE,Federal Contract Tower,0,5,14,4,23,0,0,33,0,33,0,5,47,4,56,70,0,70,126
02/02/2018,OLM,WA,ANM,WE,Federal Contract Tower,0,0,7,0,7,0,0,8,0,8,0,0,15,0,15,24,0,24,39
02/03/2018,OLM,WA,ANM,WE,Federal Contract Tower,0,0,12,0,12,0,1,28,0,29,0,1,40,0,41,178,0,178,219
02/04/2018,OLM,WA,ANM,WE,Federal Contract Tower,0,1,2,0,3,0,1,3,0,4,0,2,5,0,7,0,0,0,7
02/05/2018,OLM,WA,ANM,WE,Federal Contract Tower,0,0,22,4,26,0,0,34,0,34,0,0,56,4,60,82,4,86,146
02/06/2018,OLM,WA,ANM,WE,Federal Contract Tower,0,0,21,6,27,0,1,40,4,45,0,1,61,10,72,112,22,134,206
02/07/2018,OLM,WA,ANM,WE,Federal Contract Tower,0,0,23,3,26,0,0,68,2,70,0,0,91,5,96,96,8,104,200
02/08/2018,OLM,WA,ANM,WE,Federal Contract Tower,0,3,13,0,16,0,3,13,0,16,0,6,26,0,32,36,24,60,92
02/09/2018,OLM,WA,ANM,WE,Federal Contract Tower,0,0,15,4,19,0,2,59,2,63,0,2,74,6,82,130,0,130,212
02/10/2018,OLM,WA,ANM,WE,Federal Contract Tower,0,1,17,0,18,0,0,120,0,120,0,1,137,0,138,64,10,74,212
02/11/2018,OLM,WA,ANM,WE,Federal Contract Tower,0,2,20,0,22,0,0,48,0,48,0,2,68,0,70,42,0,42,112
02/12/2018,OLM,WA,ANM,WE,Federal Contract Tower,0,2,23,0,25,0,0,108,0,108,0,2,131,0,133,112,0,112,245
02/13/2018,OLM,WA,ANM,WE,Federal Contract Tower,0,0,30,0,30,0,2,88,6,96,0,2,118,6,126,144,0,144,270
02/14/2018,OLM,WA,ANM,WE,Federal Contract Tower,0,0,6,8,14,0,2,56,2,60,0,2,62,10,74,20,2,22,96
02/15/2018,OLM,WA,ANM,WE,Federal Contract Tower,0,2,9,2,13,0,2,22,0,24,0,4,31,2,37,40,0,40,77
02/16/2018,OLM,WA,ANM,WE,Federal Contract Tower,0,0,8,0,8,0,1,12,0,13,0,1,20,0,21,0,0,0,21
02/17/2018,OLM,WA,ANM,WE,Federal Contract Tower,0,0,3,0,3,0,0,2,0,2,0,0,5,0,5,0,0,0,5
02/18/2018,OLM,WA,ANM,WE,Federal Contract Tower,0,0,4,0,4,0,0,9,0,9,0,0,13,0,13,16,0,16,29
02/19/2018,OLM,WA,ANM,WE,Federal Contract Tower,0,0,27,0,27,0,1,100,0,101,0,1,127,0,128,160,0,160,288
02/20/2018,OLM,WA,ANM,WE,Federal Contract Tower,0,6,7,0,13,0,0,0,0,0,0,6,7,0,13,0,0,0,13
02/21/2018,OLM,WA,ANM,WE,Federal Contract Tower,0,6,20,0,26,0,4,36,0,40,0,10,56,0,66,42,4,46,112
02/22/2018,OLM,WA,ANM,WE,Federal Contract Tower,0,0,22,4,26,0,4,52,7,63,0,4,74,11,89,84,2,86,175
02/23/2018,OLM,WA,ANM,WE,Federal Contract Tower,0,0,15,0,15,0,0,27,0,27,0,0,42,0,42,36,0,36,78
02/24/2018,OLM,WA,ANM,WE,Federal Contract Tower,0,0,13,0,13,0,4,50,0,54,0,4,63,0,67,46,0,46,113
02/25/2018,OLM,WA,ANM,WE,Federal Contract Tower,0,0,3,0,3,0,2,8,0,10,0,2,11,0,13,20,0,20,33
02/26/2018,OLM,WA,ANM,WE,Federal Contract Tower,0,0,28,8,36,0,4,41,2,47,0,4,69,10,83,136,0,136,219
02/27/2018,OLM,WA,ANM,WE,Federal Contract Tower,0,0,16,0,16,0,2,8,2,12,0,2,24,2,28,44,2,46,74
02/28/2018,OLM,WA,ANM,WE,Federal Contract Tower,0,1,11,2,14,0,0,30,0,30,0,1,41,2,44,24,0,24,68
03/01/2018,OLM,WA,ANM,WE,Federal Contract Tower,0,0,11,0,11,0,0,34,0,34,0,0,45,0,45,100,10,110,155
03/02/2018,OLM,WA,ANM,WE,Federal Contract Tower,0,0,12,6,18,0,1,25,0,26,0,1,37,6,44,30,6,36,80
03/03/2018,OLM,WA,ANM,WE,Federal Contract Tower,0,0,39,0,39,0,3,75,1,79,0,3,114,1,118,64,0,64,182
03/04/2018,OLM,WA,ANM,WE,Federal Contract Tower,0,0,17,2,19,0,1,23,4,28,0,1,40,6,47,20,0,20,67
03/05/2018,OLM,WA,ANM,WE,Federal Contract Tower,0,0,21,2,23,0,2,42,0,44,0,2,63,2,67,124,0,124,191
03/06/2018,OLM,WA,ANM,WE,Federal Contract Tower,0,0,25,0,25,0,2,78,2,82,0,2,103,2,107,74,0,74,181
03/07/2018,OLM,WA,ANM,WE,Federal Contract Tower,0,4,13,2,19,0,2,77,8,87,0,6,90,10,106,116,30,146,252
03/08/2018,OLM,WA,ANM,WE,Federal Contract Tower,0,0,10,0,10,0,1,4,0,5,0,1,14,0,15,0,0,0,15
03/09/2018,OLM,WA,ANM,WE,Federal Contract Tower,0,0,11,0,11,0,2,73,0,75,0,2,84,0,86,88,0,88,174
03/10/2018,OLM,WA,ANM,WE,Federal Contract Tower,0,1,9,0,10,0,3,96,1,100,0,4,105,1,110,38,0,38,148
03/11/2018,OLM,WA,ANM,WE,Federal Contract Tower,0,0,15,0,15,0,2,91,0,93,0,2,106,0,108,76,0,76,184
03/12/2018,OLM,WA,ANM,WE,Federal Contract Tower,0,3,7,0,10,0,1,81,2,84,0,4,88,2,94,116,0,116,210
03/13/2018,OLM,WA,ANM,WE,Federal Contract Tower,0,1,5,0,6,0,4,12,4,20,0,5,17,4,26,50,12,62,88
03/14/2018,OLM,WA,ANM,WE,Federal Contract Tower,0,0,18,4,22,0,1,53,0,54,0,1,71,4,76,94,2,96,172
03/15/2018,OLM,WA,ANM,WE,Federal Contract Tower,0,0,7,4,11,0,0,67,4,71,0,0,74,8,82,116,8,124,206
03/16/2018,OLM,WA,ANM,WE,Federal Contract Tower,0,0,10,2,12,0,0,63,2,65,0,0,73,4,77,116,0,116,193
03/17/2018,OLM,WA,ANM,WE,Federal Contract Tower,0,0,25,4,29,0,2,57,0,59,0,2,82,4,88,74,0,74,162
03/18/2018,OLM,WA,ANM,WE,Federal Contract Tower,0,0,12,0,12,0,4,34,0,38,0,4,46,0,50,58,0,58,108
03/19/2018,OLM,WA,ANM,WE,Federal Contract Tower,0,2,14,2,18,0,1,70,0,71,0,3,84,2,89,172,0,172,261
03/20/2018,OLM,WA,ANM,WE,Federal Contract Tower,0,0,20,4,24,0,0,95,2,97,0,0,115,6,121,176,0,176,297
03/21/2018,OLM,WA,ANM,WE,Federal Contract Tower,0,2,23,10,35,0,0,51,4,55,0,2,74,14,90,50,0,50,140
03/22/2018,OLM,WA,ANM,WE,Federal Contract Tower,0,0,12,4,16,0,0,19,4,23,0,0,31,8,39,32,0,32,71
03/23/2018,OLM,WA,ANM,WE,Federal Contract Tower,0,0,4,0,4,0,0,11,0,11,0,0,15,0,15,24,0,24,39
03/24/2018,OLM,WA,ANM,WE,Federal Contract Tower,0,0,20,0,20,0,2,57,0,59,0,2,77,0,79,76,0,76,155
03/25/2018,OLM,WA,ANM,WE,Federal Contract Tower,0,0,4,0,4,0,4,42,5,51,0,4,46,5,55,110,8,118,173
03/26/2018,OLM,WA,ANM,WE,Federal Contract Tower,0,2,7,0,9,0,3,1,0,4,0,5,8,0,13,0,0,0,13
03/27/2018,OLM,WA,ANM,WE,Federal Contract Tower,0,0,11,0,11,0,0,3,0,3,0,0,14,0,14,0,0,0,14
03/28/2018,OLM,WA,ANM,WE,Federal Contract Tower,0,2,29,1,32,0,0,68,4,72,0,2,97,5,104,106,22,128,232
03/29/2018,OLM,WA,ANM,WE,Federal Contract Tower,0,0,25,2,27,0,3,85,1,89,0,3,110,3,116,160,14,174,290
03/30/2018,OLM,WA,ANM,WE,Federal Contract Tower,0,0,37,0,37,0,2,57,0,59,0,2,94,0,96,56,0,56,152
03/31/2018,OLM,WA,ANM,WE,Federal Contract Tower,0,0,23,0,23,0,0,67,2,69,0,0,90,2,92,104,0,104,196
04/01/2018,OLM,WA,ANM,WE,Federal Contract Tower,0,2,3,0,5,0,1,5,0,6,0,3,8,0,11,0,0,0,11
04/02/2018,OLM,WA,ANM,WE,Federal Contract Tower,0,2,23,0,25,0,3,54,0,57,0,5,77,0,82,116,0,116,198
04/03/2018,OLM,WA,ANM,WE,Federal Contract Tower,0,3,19,8,30,0,2,76,2,80,0,5,95,10,110,124,2,126,236
04/04/2018,OLM,WA,ANM,WE,Federal Contract Tower,0,2,11,0,13,0,0,16,0,16,0,2,27,0,29,36,0,36,65
04/05/2018,OLM,WA,ANM,WE,Federal Contract Tower,0,2,12,0,14,0,1,12,0,13,0,3,24,0,27,32,0,32,59
04/06/2018,OLM,WA,ANM,WE,Federal Contract Tower,0,0,24,0,24,0,1,37,0,38,0,1,61,0,62,72,6,78,140
04/07/2018,OLM,WA,ANM,WE,Federal Contract Tower,0,0,4,0,4,0,0,4,0,4,0,0,8,0,8,2,0,2,10
04/08/2018,OLM,WA,ANM,WE,Federal Contract Tower,0,0,13,0,13,0,0,4,0,4,0,0,17,0,17,0,0,0,17
04/09/2018,OLM,WA,ANM,WE,Federal Contract Tower,0,0,22,8,30,0,1,111,0,112,0,1,133,8,142,214,0,214,356
04/10/2018,OLM,WA,ANM,WE,Federal Contract Tower,0,4,2,2,8,0,0,22,0,22,0,4,24,2,30,34,0,34,64
04/11/2018,OLM,WA,ANM,WE,Federal Contract Tower,0,0,19,0,19,0,2,23,0,25,0,2,42,0,44,50,0,50,94
04/12/2018,OLM,WA,ANM,WE,Federal Contract Tower,0,0,14,0,14,0,0,16,2,18,0,0,30,2,32,108,16,124,156
04/13/2018,OLM,WA,ANM,WE,Federal Contract Tower,0,0,8,0,8,0,3,4,0,7,0,3,12,0,15,0,0,0,15
04/14/2018,OLM,WA,ANM,WE,Federal Contract Tower,0,0,8,0,8,0,0,3,0,3,0,0,11,0,11,14,0,14,25
04/15/2018,OLM,WA,ANM,WE,Federal Contract Tower,0,0,19,0,19,0,2,9,0,11,0,2,28,0,30,38,0,38,68
04/16/2018,OLM,WA,ANM,WE,Federal Contract Tower,0,0,5,2,7,0,2,8,0,10,0,2,13,2,17,12,0,12,29
04/17/2018,OLM,WA,ANM,WE,Federal Contract Tower,0,1,17,2,20,0,4,44,0,48,0,5,61,2,68,64,0,64,132
04/18/2018,OLM,WA,ANM,WE,Federal Contract Tower,0,1,25,0,26,0,1,86,0,87,0,2,111,0,113,170,0,170,283
04/19/2018,OLM,WA,ANM,WE,Federal Contract Tower,0,1,34,0,35,0,0,126,2,128,0,1,160,2,163,210,0,210,373
04/20/2018,OLM,WA,ANM,WE,Federal Contract Tower,0,1,27,0,28,0,2,70,0,72,0,3,97,0,100,138,0,138,238
04/21/2018,OLM,WA,ANM,WE,Federal Contract Tower,0,0,17,0,17,0,4,50,0,54,0,4,67,0,71,37,0,37,108
04/22/2018,OLM,WA,ANM,WE,Federal Contract Tower,0,0,36,0,36,0,2,67,0,69,0,2,103,0,105,124,0,124,229
04/23/2018,OLM,WA,ANM,WE,Federal Contract Tower,0,0,15,0,15,0,0,100,4,104,0,0,115,4,119,144,0,144,263
04/24/2018,OLM,WA,ANM,WE,Federal Contract Tower,0,0,14,6,20,0,2,120,6,128,0,2,134,12,148,170,0,170,318
04/25/2018,OLM,WA,ANM,WE,Federal Contract Tower,0,1,23,0,24,0,0,112,2,114,0,1,135,2,138,128,2,130,268
04/26/2018,OLM,WA,ANM,WE,Federal Contract Tower,0,3,34,0,37,0,2,104,0,106,0,5,138,0,143,70,0,70,213
04/27/2018,OLM,WA,ANM,WE,Federal Contract Tower,0,0,22,0,22,0,2,11,0,13,0,2,33,0,35,6,0,6,41
04/28/2018,OLM,WA,ANM,WE,Federal Contract Tower,0,1,9,0,10,0,1,25,0,26,0,2,34,0,36,66,0,66,102
04/29/2018,OLM,WA,ANM,WE,Federal Contract Tower,0,0,10,0,10,0,0,33,0,33,0,0,43,0,43,74,0,74,117
04/30/2018,OLM,WA,ANM,WE,Federal Contract Tower,0,2,20,0,22,0,1,37,8,46,0,3,57,8,68,80,0,80,148
05/01/2018,OLM,WA,ANM,WE,Federal Contract Tower,0,1,25,5,31,0,5,83,1,89,0,6,108,6,120,124,20,144,264
05/02/2018,OLM,WA,ANM,WE,Federal Contract Tower,0,0,32,0,32,0,0,0,0,0,0,0,32,0,32,186,2,188,220
05/03/2018,OLM,WA,ANM,WE,Federal Contract Tower,0,0,22,0,22,0,0,86,0,86,0,0,108,0,108,132,0,132,240
05/04/2018,OLM,WA,ANM,WE,Federal Contract Tower,0,0,19,4,23,0,1,73,2,76,0,1,92,6,99,46,0,46,145
05/05/2018,OLM,WA,ANM,WE,Federal Contract Tower,0,0,16,0,16,0,1,69,0,70,0,1,85,0,86,100,2,102,188
05/06/2018,OLM,WA,ANM,WE,Federal Contract Tower,0,1,9,0,10,0,6,54,4,64,0,7,63,4,74,28,0,28,102
05/07/2018,OLM,WA,ANM,WE,Federal Contract Tower,0,2,22,2,26,0,0,60,2,62,0,2,82,4,88,114,0,114,202
05/08/2018,OLM,WA,ANM,WE,Federal Contract Tower,0,1,27,0,28,0,2,92,4,98,0,3,119,4,126,80,0,80,206
05/09/2018,OLM,WA,ANM,WE,Federal Contract Tower,0,0,16,0,16,0,2,69,0,71,0,2,85,0,87,80,6,86,173
05/10/2018,OLM,WA,ANM,WE,Federal Contract Tower,0,0,23,2,25,0,6,47,0,53,0,6,70,2,78,2,4,6,84
05/11/2018,OLM,WA,ANM,WE,Federal Contract Tower,0,0,18,1,19,0,2,72,1,75,0,2,90,2,94,90,0,90,184
05/12/2018,OLM,WA,ANM,WE,Federal Contract Tower,0,0,22,0,22,0,3,81,0,84,0,3,103,0,106,124,0,124,230
05/13/2018,OLM,WA,ANM,WE,Federal Contract Tower,0,2,16,0,18,0,4,47,0,51,0,6,63,0,69,68,0,68,137
05/14/2018,OLM,WA,ANM,WE,Federal Contract Tower,0,0,4,0,4,0,1,81,0,82,0,1,85,0,86,94,0,94,180
05/15/2018,OLM,WA,ANM,WE,Federal Contract Tower,0,1,26,2,29,0,0,54,1,55,0,1,80,3,84,132,2,134,218
05/16/2018,OLM,WA,ANM,WE,Federal Contract Tower,0,0,27,0,27,0,1,45,0,46,0,1,72,0,73,132,0,132,205
05/17/2018,OLM,WA,ANM,WE,Federal Contract Tower,0,1,20,0,21,0,1,64,3,68,0,2,84,3,89,86,20,106,195
05/18/2018,OLM,WA,ANM,WE,Federal Contract Tower,0,0,8,0,8,0,3,65,0,68,0,3,73,0,76,80,0,80,156
05/19/2018,OLM,WA,ANM,WE,Federal Contract Tower,0,0,10,0,10,0,4,51,0,55,0,4,61,0,65,140,0,140,205
05/20/2018,OLM,WA,ANM,WE,Federal Contract Tower,0,0,2,0,2,0,2,51,5,58,0,2,53,5,60,108,0,108,168
05/21/2018,OLM,WA,ANM,WE,Federal Contract Tower,0,0,16,2,18,0,0,68,6,74,0,0,84,8,92,46,4,50,142
05/22/2018,OLM,WA,ANM,WE,Federal Contract Tower,0,0,21,4,25,0,1,83,1,85,0,1,104,5,110,98,2,100,210
05/23/2018,OLM,WA,ANM,WE,Federal Contract Tower,0,1,26,0,27,0,1,63,2,66,0,2,89,2,93,94,4,98,191
05/24/2018,OLM,WA,ANM,WE,Federal Contract Tower,0,2,22,0,24,0,2,49,0,51,0,4,71,0,75,30,2,32,107
05/25/2018,OLM,WA,ANM,WE,Federal Contract Tower,0,0,26,0,26,0,4,55,0,59,0,4,81,0,85,36,0,36,121
05/26/2018,OLM,WA,ANM,WE,Federal Contract Tower,0,0,8,0,8,0,4,54,0,58,0,4,62,0,66,86,0,86,152
05/27/2018,OLM,WA,ANM,WE,Federal Contract Tower,0,0,13,0,13,0,4,64,0,68,0,4,77,0,81,58,0,58,139
05/28/2018,OLM,WA,ANM,WE,Federal Contract Tower,0,0,11,0,11,0,1,46,0,47,0,1,57,0,58,68,0,68,126
05/29/2018,OLM,WA,ANM,WE,Federal Contract Tower,0,2,19,2,23,0,0,64,0,64,0,2,83,2,87,150,2,152,239
05/30/2018,OLM,WA,ANM,WE,Federal Contract Tower,0,0,7,0,7,0,4,55,2,61,0,4,62,2,68,102,0,102,170
05/31/2018,OLM,WA,ANM,WE,Federal Contract Tower,0,0,24,4,28,0,1,45,0,46,0,1,69,4,74,74,0,74,148
06/01/2018,OLM,WA,ANM,WE,Federal Contract Tower,0,1,15,2,18,0,6,47,0,53,0,7,62,2,71,66,0,66,137
06/02/2018,OLM,WA,ANM,WE,Federal Contract Tower,0,0,15,0,15,0,2,174,0,176,0,2,189,0,191,120,0,120,311
06/03/2018,OLM,WA,ANM,WE,Federal Contract Tower,0,0,5,0,5,0,2,39,0,41,0,2,44,0,46,56,0,56,102
06/04/2018,OLM,WA,ANM,WE,Federal Contract Tower,0,1,18,2,21,0,2,33,2,37,0,3,51,4,58,100,6,106,164
06/05/2018,OLM,WA,ANM,WE,Federal Contract Tower,0,1,28,2,31,0,0,83,1,84,0,1,111,3,115,98,6,104,219
06/06/2018,OLM,WA,ANM,WE,Federal Contract Tower,0,0,24,2,26,0,2,91,2,95,0,2,115,4,121,132,12,144,265
06/07/2018,OLM,WA,ANM,WE,Federal Contract Tower,0,2,14,0,16,0,2,61,2,65,0,4,75,2,81,114,4,118,199
06/08/2018,OLM,WA,ANM,WE,Federal Contract Tower,0,2,10,0,12,0,2,28,0,30,0,4,38,0,42,26,2,28,70
06/09/2018,OLM,WA,ANM,WE,Federal Contract Tower,0,0,4,0,4,0,2,18,0,20,0,2,22,0,24,2,0,2,26
06/10/2018,OLM,WA,ANM,WE,Federal Contract Tower,0,0,7,0,7,0,0,16,0,16,0,0,23,0,23,48,0,48,71
06/11/2018,OLM,WA,ANM,WE,Federal Contract Tower,0,0,30,0,30,0,0,63,2,65,0,0,93,2,95,64,0,64,159
06/12/2018,OLM,WA,ANM,WE,Federal Contract Tower,0,0,13,0,13,0,2,101,1,104,0,2,114,1,117,110,0,110,227
06/13/2018,OLM,WA,ANM,WE,Federal Contract Tower,0,0,24,0,24,0,0,21,8,29,0,0,45,8,53,16,2,18,71
06/14/2018,OLM,WA,ANM,WE,Federal Contract Tower,0,2,10,2,14,0,3,65,3,71,0,5,75,5,85,116,14,130,215
06/15/2018,OLM,WA,ANM,WE,Federal Contract Tower,0,0,6,0,6,0,1,138,1,140,0,1,144,1,146,96,0,96,242
06/16/2018,OLM,WA,ANM,WE,Federal Contract Tower,0,0,1,0,1,0,2,125,3,130,0,2,126,3,131,232,0,232,363
06/17/2018,OLM,WA,ANM,WE,Federal Contract Tower,0,3,3,0,6,0,13,152,3,168,0,16,155,3,174,366,0,366,540
06/18/2018,OLM,WA,ANM,WE,Federal Contract Tower,0,0,21,2,23,0,5,83,3,91,0,5,104,5,114,80,0,80,194
06/19/2018,OLM,WA,ANM,WE,Federal Contract Tower,0,4,26,2,32,0,0,0,0,0,0,4,26,2,32,70,0,70,102
06/20/2018,OLM,WA,ANM,WE,Federal Contract Tower,0,3,19,0,22,0,3,70,0,73,0,6,89,0,95,100,0,100,195
06/21/2018,OLM,WA,ANM,WE,Federal Contract Tower,0,0,23,4,27,0,0,56,0,56,0,0,79,4,83,106,0,106,189
06/22/2018,OLM,WA,ANM,WE,Federal Contract Tower,0,0,9,0,9,0,1,44,2,47,0,1,53,2,56,56,0,56,112
06/23/2018,OLM,WA,ANM,WE,Federal Contract Tower,0,2,8,0,10,0,3,39,2,44,0,5,47,2,54,48,0,48,102
06/24/2018,OLM,WA,ANM,WE,Federal Contract Tower,0,1,9,1,11,0,1,68,3,72,0,2,77,4,83,82,0,82,165
06/25/2018,OLM,WA,ANM,WE,Federal Contract Tower,0,0,10,2,12,0,0,24,0,24,0,0,34,2,36,66,0,66,102
06/26/2018,OLM,WA,ANM,WE,Federal Contract Tower,0,0,24,4,28,0,2,71,7,80,0,2,95,11,108,118,0,118,226
06/27/2018,OLM,WA,ANM,WE,Federal Contract Tower,0,1,26,0,27,0,0,64,10,74,0,1,90,10,101,108,20,128,229
06/28/2018,OLM,WA,ANM,WE,Federal Contract Tower,0,0,8,3,11,0,3,75,8,86,0,3,83,11,97,64,0,64,161
06/29/2018,OLM,WA,ANM,WE,Federal Contract Tower,0,0,13,0,13,0,0,79,2,81,0,0,92,2,94,98,0,98,192
06/30/2018,OLM,WA,ANM,WE,Federal Contract Tower,0,4,7,0,11,0,0,63,2,65,0,4,70,2,76,76,0,76,152
07/01/2018,OLM,WA,ANM,WE,Federal Contract Tower,0,2,17,2,21,0,2,40,0,42,0,4,57,2,63,42,0,42,105
07/02/2018,OLM,WA,ANM,WE,Federal Contract Tower,0,0,11,0,11,0,3,70,2,75,0,3,81,2,86,34,2,36,122
07/03/2018,OLM,WA,ANM,WE,Federal Contract Tower,0,2,26,0,28,0,2,113,0,115,0,4,139,0,143,170,0,170,313
07/04/2018,OLM,WA,ANM,WE,Federal Contract Tower,0,0,2,0,2,0,4,64,0,68,0,4,66,0,70,68,0,68,138
07/05/2018,OLM,WA,ANM,WE,Federal Contract Tower,0,0,32,0,32,0,2,87,1,90,0,2,119,1,122,90,0,90,212
07/06/2018,OLM,WA,ANM,WE,Federal Contract Tower,0,1,17,0,18,0,2,56,1,59,0,3,73,1,77,74,0,74,151
07/07/2018,OLM,WA,ANM,WE,Federal Contract Tower,0,2,26,0,28,0,4,55,0,59,0,6,81,0,87,50,0,50,137
07/08/2018,OLM,WA,ANM,WE,Federal Contract Tower,0,0,19,0,19,0,2,89,0,91,0,2,108,0,110,44,0,44,154
07/09/2018,OLM,WA,ANM,WE,Federal Contract Tower,0,0,21,4,25,0,0,58,0,58,0,0,79,4,83,56,0,56,139
07/10/2018,OLM,WA,ANM,WE,Federal Contract Tower,0,6,11,4,21,0,0,63,0,63,0,6,74,4,84,128,0,128,212
07/11/2018,OLM,WA,ANM,WE,Federal Contract Tower,0,0,13,0,13,0,3,101,1,105,0,3,114,1,118,86,0,86,204
07/12/2018,OLM,WA,ANM,WE,Federal Contract Tower,0,0,24,0,24,0,4,101,0,105,0,4,125,0,129,86,0,86,215
07/13/2018,OLM,WA,ANM,WE,Federal Contract Tower,0,2,14,0,16,0,1,100,0,101,0,3,114,0,117,124,0,124,241
07/14/2018,OLM,WA,ANM,WE,Federal Contract Tower,0,0,14,0,14,0,5,70,0,75,0,5,84,0,89,34,0,34,123
07/15/2018,OLM,WA,ANM,WE,Federal Contract Tower,0,0,19,0,19,0,2,75,0,77,0,2,94,0,96,42,0,42,138
07/16/2018,OLM,WA,ANM,WE,Federal Contract Tower,0,0,11,2,13,0,2,55,1,58,0,2,66,3,71,106,0,106,177
07/17/2018,OLM,WA,ANM,WE,Federal Contract Tower,0,0,21,0,21,0,2,81,2,85,0,2,102,2,106,134,4,138,244
07/18/2018,OLM,WA,ANM,WE,Federal Contract Tower,0,2,22,0,24,0,2,70,0,72,0,4,92,0,96,100,0,100,196
07/19/2018,OLM,WA,ANM,WE,Federal Contract Tower,0,2,26,2,30,0,1,68,1,70,0,3,94,3,100,98,8,106,206
07/20/2018,OLM,WA,ANM,WE,Federal Contract Tower,0,1,24,0,25,0,6,101,0,107,0,7,125,0,132,206,0,206,338
07/21/2018,OLM,WA,ANM,WE,Federal Contract Tower,0,1,23,0,24,0,3,52,0,55,0,4,75,0,79,98,0,98,177
07/22/2018,OLM,WA,ANM,WE,Federal Contract Tower,0,0,8,0,8,0,4,94,0,98,0,4,102,0,106,54,0,54,160
07/23/2018,OLM,WA,ANM,WE,Federal Contract Tower,0,0,21,0,21,0,0,84,0,84,0,0,105,0,105,168,0,168,273
07/24/2018,OLM,WA,ANM,WE,Federal Contract Tower,0,0,16,2,18,0,4,74,0,78,0,4,90,2,96,134,8,142,238
07/25/2018,OLM,WA,ANM,WE,Federal Contract Tower,0,2,13,0,15,0,1,95,0,96,0,3,108,0,111,64,0,64,175
07/26/2018,OLM,WA,ANM,WE,Federal Contract Tower,0,1,16,0,17,0,5,90,0,95,0,6,106,0,112,182,0,182,294
07/27/2018,OLM,WA,ANM,WE,Federal Contract Tower,0,0,27,0,27,0,4,70,0,74,0,4,97,0,101,42,0,42,143
07/28/2018,OLM,WA,ANM,WE,Federal Contract Tower,0,0,4,0,4,0,4,42,0,46,0,4,46,0,50,62,0,62,112
07/29/2018,OLM,WA,ANM,WE,Federal Contract Tower,0,0,9,0,9,0,5,68,0,73,0,5,77,0,82,48,0,48,130
07/30/2018,OLM,WA,ANM,WE,Federal Contract Tower,0,1,22,6,29,0,8,70,0,78,0,9,92,6,107,116,0,116,223
07/31/2018,OLM,WA,ANM,WE,Federal Contract Tower,0,2,28,0,30,0,3,64,3,70,0,5,92,3,100,84,0,84,184
08/01/2018,OLM,WA,ANM,WE,Federal Contract Tower,0,2,8,0,10,0,1,64,3,68,0,3,72,3,78,82,2,84,162
08/02/2018,OLM,WA,ANM,WE,Federal Contract Tower,0,0,23,4,27,0,1,38,1,40,0,1,61,5,67,44,6,50,117
08/03/2018,OLM,WA,ANM,WE,Federal Contract Tower,0,0,19,0,19,0,5,26,0,31,0,5,45,0,50,74,0,74,124
08/04/2018,OLM,WA,ANM,WE,Federal Contract Tower,0,0,13,0,13,0,2,61,0,63,0,2,74,0,76,56,0,56,132
08/05/2018,OLM,WA,ANM,WE,Federal Contract Tower,0,0,16,0,16,0,4,73,2,79,0,4,89,2,95,156,0,156,251
08/06/2018,OLM,WA,ANM,WE,Federal Contract Tower,0,1,6,0,7,0,2,67,2,71,0,3,73,2,78,78,2,80,158
08/07/2018,OLM,WA,ANM,WE,Federal Contract Tower,0,1,20,2,23,0,5,83,0,88,0,6,103,2,111,152,2,154,265
08/08/2018,OLM,WA,ANM,WE,Federal Contract Tower,0,5,23,3,31,0,3,67,0,70,0,8,90,3,101,62,0,62,163
08/09/2018,OLM,WA,ANM,WE,Federal Contract Tower,0,1,21,0,22,0,4,88,0,92,0,5,109,0,114,72,2,74,188
08/10/2018,OLM,WA,ANM,WE,Federal Contract Tower,0,0,15,0,15,0,4,93,5,102,0,4,108,5,117,108,0,108,225
08/11/2018,OLM,WA,ANM,WE,Federal Contract Tower,0,0,8,0,8,0,2,10,0,12,0,2,18,0,20,14,0,14,34
08/12/2018,OLM,WA,ANM,WE,Federal Contract Tower,0,0,8,0,8,0,4,85,0,89,0,4,93,0,97,88,12,100,197
08/13/2018,OLM,WA,ANM,WE,Federal Contract Tower,0,0,11,3,14,0,2,75,2,79,0,2,86,5,93,102,0,102,195
08/14/2018,OLM,WA,ANM,WE,Federal Contract Tower,0,0,17,0,17,0,3,28,0,31,0,3,45,0,48,72,0,72,120
08/15/2018,OLM,WA,ANM,WE,Federal Contract Tower,0,3,20,0,23,0,1,46,0,47,0,4,66,0,70,62,0,62,132
08/16/2018,OLM,WA,ANM,WE,Federal Contract Tower,0,0,20,2,22,0,1,45,0,46,0,1,65,2,68,96,6,102,170
08/17/2018,OLM,WA,ANM,WE,Federal Contract Tower,0,0,25,0,25,0,1,64,1,66,0,1,89,1,91,74,0,74,165
08/18/2018,OLM,WA,ANM,WE,Federal Contract Tower,0,0,14,0,14,0,5,61,0,66,0,5,75,0,80,42,0,42,122
08/19/2018,OLM,WA,ANM,WE,Federal Contract Tower,0,0,6,0,6,0,1,59,0,60,0,1,65,0,66,64,0,64,130
08/20/2018,OLM,WA,ANM,WE,Federal Contract Tower,0,0,10,1,11,0,0,20,0,20,0,0,30,1,31,62,0,62,93
08/21/2018,OLM,WA,ANM,WE,Federal Contract Tower,0,2,35,0,37,0,1,13,0,14,0,3,48,0,51,46,0,46,97
08/22/2018,OLM,WA,ANM,WE,Federal Contract Tower,0,1,28,2,31,0,0,26,0,26,0,1,54,2,57,78,0,78,135
08/23/2018,OLM,WA,ANM,WE,Federal Contract Tower,0,0,40,0,40,0,2,58,0,60,0,2,98,0,100,72,0,72,172
08/24/2018,OLM,WA,ANM,WE,Federal Contract Tower,0,1,21,0,22,0,1,47,1,49,0,2,68,1,71,86,0,86,157
08/25/2018,OLM,WA,ANM,WE,Federal Contract Tower,0,0,26,0,26,0,2,20,0,22,0,2,46,0,48,4,0,4,52
08/26/2018,OLM,WA,ANM,WE,Federal Contract Tower,0,0,4,0,4,0,5,13,0,18,0,5,17,0,22,2,0,2,24
08/27/2018,OLM,WA,ANM,WE,Federal Contract Tower,0,3,24,0,27,0,3,79,0,82,0,6,103,0,109,144,0,144,253
08/28/2018,OLM,WA,ANM,WE,Federal Contract Tower,0,4,18,0,22,0,1,113,0,114,0,5,131,0,136,108,0,108,244
08/29/2018,OLM,WA,ANM,WE,Federal Contract Tower,0,3,36,2,41,0,3,57,0,60,0,6,93,2,101,66,0,66,167
08/30/2018,OLM,WA,ANM,WE,Federal Contract Tower,0,0,24,0,24,0,2,39,0,41,0,2,63,0,65,34,0,34,99
08/31/2018,OLM,WA,ANM,WE,Federal Contract Tower,0,6,30,0,36,0,1,57,0,58,0,7,87,0,94,88,0,88,182
09/01/2018,OLM,WA,ANM,WE,Federal Contract Tower,0,0,12,0,12,0,0,61,0,61,0,0,73,0,73,66,0,66,139
09/02/2018,OLM,WA,ANM,WE,Federal Contract Tower,0,0,2,0,2,0,0,69,4,73,0,0,71,4,75,84,0,84,159
09/03/2018,OLM,WA,ANM,WE,Federal Contract Tower,0,1,16,0,17,0,2,69,0,71,0,3,85,0,88,48,0,48,136
09/04/2018,OLM,WA,ANM,WE,Federal Contract Tower,0,1,8,0,9,0,1,78,0,79,0,2,86,0,88,72,0,72,160
09/05/2018,OLM,WA,ANM,WE,Federal Contract Tower,0,1,9,6,16,0,2,97,0,99,0,3,106,6,115,72,0,72,187
09/06/2018,OLM,WA,ANM,WE,Federal Contract Tower,0,0,35,0,35,0,0,75,4,79,0,0,110,4,114,88,0,88,202
09/07/2018,OLM,WA,ANM,WE,Federal Contract Tower,0,0,15,0,15,0,2,72,1,75,0,2,87,1,90,34,0,34,124
09/08/2018,OLM,WA,ANM,WE,Federal Contract Tower,0,0,13,0,13,0,3,49,0,52,0,3,62,0,65,22,0,22,87
09/09/2018,OLM,WA,ANM,WE,Federal Contract Tower,0,2,7,0,9,0,0,57,0,57,0,2,64,0,66,46,0,46,112
09/10/2018,OLM,WA,ANM,WE,Federal Contract Tower,0,0,10,0,10,0,1,23,0,24,0,1,33,0,34,26,0,26,60
09/11/2018,OLM,WA,ANM,WE,Federal Contract Tower,0,2,13,0,15,0,1,22,0,23,0,3,35,0,38,66,0,66,104
09/12/2018,OLM,WA,ANM,WE,Federal Contract Tower,0,1,21,0,22,0,2,16,0,18,0,3,37,0,40,40,0,40,80
09/13/2018,OLM,WA,ANM,WE,Federal Contract Tower,0,2,20,0,22,0,7,52,2,61,0,9,72,2,83,138,0,138,221
09/14/2018,OLM,WA,ANM,WE,Federal Contract Tower,0,1,20,0,21,0,4,56,0,60,0,5,76,0,81,24,0,24,105
09/15/2018,OLM,WA,ANM,WE,Federal Contract Tower,0,1,30,0,31,0,0,35,0,35,0,1,65,0,66,44,0,44,110
09/16/2018,OLM,WA,ANM,WE,Federal Contract Tower,0,0,7,2,9,0,2,16,2,20,0,2,23,4,29,18,0,18,47
09/17/2018,OLM,WA,ANM,WE,Federal Contract Tower,0,2,36,0,38,0,3,52,10,65,0,5,88,10,103,124,0,124,227
09/18/2018,OLM,WA,ANM,WE,Federal Contract Tower,0,1,15,0,16,0,1,90,4,95,0,2,105,4,111,126,0,126,237
09/19/2018,OLM,WA,ANM,WE,Federal Contract Tower,0,1,15,0,16,0,2,71,0,73,0,3,86,0,89,44,0,44,133
09/20/2018,OLM,WA,ANM,WE,Federal Contract Tower,0,1,24,0,25,0,4,105,2,111,0,5,129,2,136,178,18,196,332
09/21/2018,OLM,WA,ANM,WE,Federal Contract Tower,0,0,12,0,12,0,0,74,1,75,0,0,86,1,87,60,0,60,147
09/22/2018,OLM,WA,ANM,WE,Federal Contract Tower,0,0,15,0,15,0,7,27,0,34,0,7,42,0,49,28,0,28,77
09/23/2018,OLM,WA,ANM,WE,Federal Contract Tower,0,0,9,0,9,0,1,66,0,67,0,1,75,0,76,40,0,40,116
09/24/2018,OLM,WA,ANM,WE,Federal Contract Tower,0,1,18,0,19,0,0,95,0,95,0,1,113,0,114,60,0,60,174
09/25/2018,OLM,WA,ANM,WE,Federal Contract Tower,0,0,27,2,29,0,0,96,2,98,0,0,123,4,127,104,0,104,231
09/26/2018,OLM,WA,ANM,WE,Federal Contract Tower,0,4,19,0,23,0,1,115,0,116,0,5,134,0,139,108,0,108,247
09/27/2018,OLM,WA,ANM,WE,Federal Contract Tower,0,3,24,2,29,0,0,123,0,123,0,3,147,2,152,84,0,84,236
09/28/2018,OLM,WA,ANM,WE,Federal Contract Tower,0,0,21,0,21,0,4,108,0,112,0,4,129,0,133,62,0,62,195
09/29/2018,OLM,WA,ANM,WE,Federal Contract Tower,0,1,15,0,16,0,1,57,0,58,0,2,72,0,74,58,0,58,132
09/30/2018,OLM,WA,ANM,WE,Federal Contract Tower,0,3,4,0,7,0,2,46,0,48,0,5,50,0,55,86,0,86,141
10/01/2018,OLM,WA,ANM,WE,Federal Contract Tower,0,1,15,2,18,0,0,21,0,21,0,1,36,2,39,42,0,42,81
10/02/2018,OLM,WA,ANM,WE,Federal Contract Tower,0,2,21,2,25,0,0,40,2,42,0,2,61,4,67,36,6,42,109
10/03/2018,OLM,WA,ANM,WE,Federal Contract Tower,0,0,25,6,31,0,3,76,0,79,0,3,101,6,110,120,0,120,230
10/04/2018,OLM,WA,ANM,WE,Federal Contract Tower,0,4,28,4,36,0,2,98,0,100,0,6,126,4,136,74,0,74,210
10/05/2018,OLM,WA,ANM,WE,Federal Contract Tower,0,3,12,0,15,0,0,8,0,8,0,3,20,0,23,8,0,8,31
10/06/2018,OLM,WA,ANM,WE,Federal Contract Tower,0,2,23,0,25,0,2,64,0,66,0,4,87,0,91,50,0,50,141
10/07/2018,OLM,WA,ANM,WE,Federal Contract Tower,0,1,25,0,26,0,1,9,0,10,0,2,34,0,36,0,0,0,36
10/08/2018,OLM,WA,ANM,WE,Federal Contract Tower,0,2,14,0,16,0,0,0,0,0,0,2,14,0,16,6,0,6,22
10/09/2018,OLM,WA,ANM,WE,Federal Contract Tower,0,0,24,2,26,0,0,18,2,20,0,0,42,4,46,44,0,44,90
10/10/2018,OLM,WA,ANM,WE,Federal Contract Tower,0,2,19,3,24,0,3,57,0,60,0,5,76,3,84,116,26,142,226
10/11/2018,OLM,WA,ANM,WE,Federal Contract Tower,0,2,9,0,11,0,0,55,0,55,0,2,64,0,66,52,20,72,138
10/12/2018,OLM,WA,ANM,WE,Federal Contract Tower,0,0,16,4,20,0,1,65,2,68,0,1,81,6,88,84,10,94,182
10/13/2018,OLM,WA,ANM,WE,Federal Contract Tower,0,0,15,0,15,0,4,87,0,91,0,4,102,0,106,40,0,40,146
10/14/2018,OLM,WA,ANM,WE,Federal Contract Tower,0,0,9,0,9,0,6,102,2,110,0,6,111,2,119,136,0,136,255
10/15/2018,OLM,WA,ANM,WE,Federal Contract Tower,0,0,18,4,22,0,1,82,3,86,0,1,100,7,108,224,10,234,342
10/16/2018,OLM,WA,ANM,WE,Federal Contract Tower,0,0,17,0,17,0,3,77,2,82,0,3,94,2,99,132,12,144,243
10/18/2018,OLM,WA,ANM,WE,Federal Contract Tower,0,0,17,6,23,0,1,82,2,85,0,1,99,8,108,100,0,100,208
10/19/2018,OLM,WA,ANM,WE,Federal Contract Tower,0,2,9,6,17,0,3,17,0,20,0,5,26,6,37,60,0,60,97
10/20/2018,OLM,WA,ANM,WE,Federal Contract Tower,0,1,16,0,17,0,4,29,0,33,0,5,45,0,50,2,0,2,52
10/21/2018,OLM,WA,ANM,WE,Federal Contract Tower,0,1,8,0,9,0,0,11,0,11,0,1,19,0,20,0,0,0,20
10/22/2018,OLM,WA,ANM,WE,Federal Contract Tower,0,14,7,4,25,0,0,12,0,12,0,14,19,4,37,0,0,0,37
10/23/2018,OLM,WA,ANM,WE,Federal Contract Tower,0,0,17,2,19,0,0,20,2,22,0,0,37,4,41,34,0,34,75
10/24/2018,OLM,WA,ANM,WE,Federal Contract Tower,0,0,37,2,39,0,1,45,2,48,0,1,82,4,87,100,16,116,203
10/26/2018,OLM,WA,ANM,WE,Federal Contract Tower,0,0,9,6,15,0,1,43,0,44,0,1,52,6,59,34,0,34,93
10/27/2018,OLM,WA,ANM,WE,Federal Contract Tower,0,0,21,0,21,0,0,28,0,28,0,0,49,0,49,62,0,62,111
10/28/2018,OLM,WA,ANM,WE,Federal Contract Tower,0,0,4,0,4,0,0,12,0,12,0,0,16,0,16,92,0,92,108
10/29/2018,OLM,WA,ANM,WE,Federal Contract Tower,0,2,20,0,22,0,1,39,0,40,0,3,59,0,62,124,0,124,186
10/30/2018,OLM,WA,ANM,WE,Federal Contract Tower,0,2,15,0,17,0,2,24,3,29,0,4,39,3,46,74,8,82,128
10/31/2018,OLM,WA,ANM,WE,Federal Contract Tower,0,4,14,0,18,0,0,0,0,0,0,4,14,0,18,0,0,0,18
11/01/2018,OLM,WA,ANM,WE,Federal Contract Tower,0,0,8,0,8,0,2,11,0,13,0,2,19,0,21,50,0,50,71
11/02/2018,OLM,WA,ANM,WE,Federal Contract Tower,0,3,14,0,17,0,2,61,0,63,0,5,75,0,80,56,16,72,152
11/03/2018,OLM,WA,ANM,WE,Federal Contract Tower,0,0,13,0,13,0,2,13,0,15,0,2,26,0,28,40,0,40,68
11/04/2018,OLM,WA,ANM,WE,Federal Contract Tower,0,5,6,0,11,0,2,38,0,40,0,7,44,0,51,60,0,60,111
11/05/2018,OLM,WA,ANM,WE,Federal Contract Tower,0,3,7,0,10,0,0,32,0,32,0,3,39,0,42,66,0,66,108
11/06/2018,OLM,WA,ANM,WE,Federal Contract Tower,0,2,16,4,22,0,2,84,2,88,0,4,100,6,110,132,2,134,244
11/07/2018,OLM,WA,ANM,WE,Federal Contract Tower,0,0,20,0,20,0,2,62,3,67,0,2,82,3,87,92,14,106,193
11/08/2018,OLM,WA,ANM,WE,Federal Contract Tower,0,1,17,2,20,0,3,56,0,59,0,4,73,2,79,82,0,82,161
11/09/2018,OLM,WA,ANM,WE,Federal Contract Tower,0,2,12,0,14,0,3,16,0,19,0,5,28,0,33,42,4,46,79
11/10/2018,OLM,WA,ANM,WE,Federal Contract Tower,0,0,18,0,18,0,0,58,0,58,0,0,76,0,76,66,0,66,142
11/11/2018,OLM,WA,ANM,WE,Federal Contract Tower,0,0,13,0,13,0,0,80,4,84,0,0,93,4,97,70,0,70,167
11/12/2018,OLM,WA,ANM,WE,Federal Contract Tower,0,0,10,0,10,0,2,84,7,93,0,2,94,7,103,120,0,120,223
11/13/2018,OLM,WA,ANM,WE,Federal Contract Tower,0,0,34,6,40,0,0,84,0,84,0,0,118,6,124,106,4,110,234
11/14/2018,OLM,WA,ANM,WE,Federal Contract Tower,0,2,17,8,27,0,2,11,0,13,0,4,28,8,40,84,0,84,124
11/15/2018,OLM,WA,ANM,WE,Federal Contract Tower,0,2,21,12,35,0,3,45,0,48,0,5,66,12,83,56,2,58,141
11/16/2018,OLM,WA,ANM,WE,Federal Contract Tower,0,4,9,0,13,0,0,9,0,9,0,4,18,0,22,28,0,28,50
11/17/2018,OLM,WA,ANM,WE,Federal Contract Tower,0,0,11,0,11,0,3,75,0,78,0,3,86,0,89,102,0,102,191
11/18/2018,OLM,WA,ANM,WE,Federal Contract Tower,0,1,24,1,26,0,5,82,2,89,0,6,106,3,115,42,12,54,169
11/19/2018,OLM,WA,ANM,WE,Federal Contract Tower,0,2,10,8,20,0,0,42,3,45,0,2,52,11,65,142,0,142,207
11/20/2018,OLM,WA,ANM,WE,Federal Contract Tower,0,1,12,2,15,0,2,98,2,102,0,3,110,4,117,218,2,220,337
11/21/2018,OLM,WA,ANM,WE,Federal Contract Tower,0,2,7,2,11,0,1,51,0,52,0,3,58,2,63,128,0,128,191
11/22/2018,OLM,WA,ANM,WE,Federal Contract Tower,0,0,1,0,1,0,3,11,0,14,0,3,12,0,15,6,0,6,21
11/23/2018,OLM,WA,ANM,WE,Federal Contract Tower,0,1,6,0,7,0,0,14,0,14,0,1,20,0,21,52,0,52,73
11/24/2018,OLM,WA,ANM,WE,Federal Contract Tower,0,3,7,0,10,0,0,4,0,4,0,3,11,0,14,24,0,24,38
11/25/2018,OLM,WA,ANM,WE,Federal Contract Tower,0,2,16,0,18,0,2,28,2,32,0,4,44,2,50,68,0,68,118
11/26/2018,OLM,WA,ANM,WE,Federal Contract Tower,0,0,6,6,12,0,0,14,0,14,0,0,20,6,26,46,0,46,72
11/27/2018,OLM,WA,ANM,WE,Federal Contract Tower,0,2,11,0,13,0,4,27,2,33,0,6,38,2,46,132,8,140,186
11/28/2018,OLM,WA,ANM,WE,Federal Contract Tower,0,0,12,6,18,0,2,22,0,24,0,2,34,6,42,66,16,82,124
11/29/2018,OLM,WA,ANM,WE,Federal Contract Tower,0,2,16,2,20,0,0,30,1,31,0,2,46,3,51,66,0,66,117
11/30/2018,OLM,WA,ANM,WE,Federal Contract Tower,0,0,2,0,2,0,3,36,2,41,0,3,38,2,43,54,0,54,97
12/01/2018,OLM,WA,ANM,WE,Federal Contract Tower,0,1,7,0,8,0,3,43,0,46,0,4,50,0,54,24,0,24,78
12/02/2018,OLM,WA,ANM,WE,Federal Contract Tower,0,0,23,0,23,0,0,19,0,19,0,0,42,0,42,36,0,36,78
12/03/2018,OLM,WA,ANM,WE,Federal Contract Tower,0,2,15,9,26,0,1,52,0,53,0,3,67,9,79,70,0,70,149
12/04/2018,OLM,WA,ANM,WE,Federal Contract Tower,0,0,28,3,31,0,5,93,7,105,0,5,121,10,136,154,8,162,298
12/05/2018,OLM,WA,ANM,WE,Federal Contract Tower,0,0,14,0,14,0,2,80,0,82,0,2,94,0,96,114,0,114,210
12/06/2018,OLM,WA,ANM,WE,Federal Contract Tower,0,2,16,6,24,0,1,88,2,91,0,3,104,8,115,192,6,198,313
12/07/2018,OLM,WA,ANM,WE,Federal Contract Tower,0,0,20,0,20,0,2,50,0,52,0,2,70,0,72,40,10,50,122
12/08/2018,OLM,WA,ANM,WE,Federal Contract Tower,0,0,7,0,7,0,2,41,0,43,0,2,48,0,50,116,0,116,166
12/09/2018,OLM,WA,ANM,WE,Federal Contract Tower,0,3,8,0,11,0,0,8,0,8,0,3,16,0,19,30,0,30,49
12/10/2018,OLM,WA,ANM,WE,Federal Contract Tower,0,2,28,0,30,0,2,19,0,21,0,4,47,0,51,38,0,38,89
12/11/2018,OLM,WA,ANM,WE,Federal Contract Tower,0,0,5,0,5,0,2,0,0,2,0,2,5,0,7,0,0,0,7
12/12/2018,OLM,WA,ANM,WE,Federal Contract Tower,0,5,17,4,26,0,0,0,0,0,0,5,17,4,26,96,0,96,122
12/13/2018,OLM,WA,ANM,WE,Federal Contract Tower,0,3,8,0,11,0,0,18,0,18,0,3,26,0,29,62,14,76,105
12/14/2018,OLM,WA,ANM,WE,Federal Contract Tower,0,0,7,0,7,0,2,30,0,32,0,2,37,0,39,68,0,68,107
12/15/2018,OLM,WA,ANM,WE,Federal Contract Tower,0,0,13,0,13,0,2,53,0,55,0,2,66,0,68,216,0,216,284
12/16/2018,OLM,WA,ANM,WE,Federal Contract Tower,0,1,1,0,2,0,0,7,0,7,0,1,8,0,9,34,0,34,43
12/17/2018,OLM,WA,ANM,WE,Federal Contract Tower,0,0,7,4,11,0,0,19,0,19,0,0,26,4,30,20,0,20,50
12/18/2018,OLM,WA,ANM,WE,Federal Contract Tower,0,0,8,4,12,0,0,5,0,5,0,0,13,4,17,34,0,34,51
12/19/2018,OLM,WA,ANM,WE,Federal Contract Tower,0,2,14,2,18,0,2,58,2,62,0,4,72,4,80,130,14,144,224
12/20/2018,OLM,WA,ANM,WE,Federal Contract Tower,0,2,0,0,2,0,2,0,0,2,0,4,0,0,4,0,0,0,4
12/21/2018,OLM,WA,ANM,WE,Federal Contract Tower,0,0,24,0,24,0,2,56,1,59,0,2,80,1,83,108,0,108,191
12/22/2018,OLM,WA,ANM,WE,Federal Contract Tower,0,2,9,0,11,0,2,53,0,55,0,4,62,0,66,114,0,114,180
12/23/2018,OLM,WA,ANM,WE,Federal Contract Tower,0,0,0,0,0,0,2,2,0,4,0,2,2,0,4,10,0,10,14
12/24/2018,OLM,WA,ANM,WE,Federal Contract Tower,0,1,10,0,11,0,1,12,0,13,0,2,22,0,24,24,0,24,48
12/25/2018,OLM,WA,ANM,WE,Federal Contract Tower,0,0,2,0,2,0,0,20,0,20,0,0,22,0,22,6,0,6,28
12/26/2018,OLM,WA,ANM,WE,Federal Contract Tower,0,2,6,0,8,0,2,7,0,9,0,4,13,0,17,52,0,52,69
12/27/2018,OLM,WA,ANM,WE,Federal Contract Tower,0,0,5,0,5,0,1,27,5,33,0,1,32,5,38,70,0,70,108
12/28/2018,OLM,WA,ANM,WE,Federal Contract Tower,0,2,2,0,4,0,0,4,0,4,0,2,6,0,8,0,0,0,8
12/29/2018,OLM,WA,ANM,WE,Federal Contract Tower,0,2,4,0,6,0,0,0,0,0,0,2,4,0,6,0,0,0,6
12/30/2018,OLM,WA,ANM,WE,Federal Contract Tower,0,0,6,0,6,0,2,80,2,84,0,2,86,2,90,94,0,94,184
12/31/2018,OLM,WA,ANM,WE,Federal Contract Tower,0,0,5,0,5,0,2,103,0,105,0,2,108,0,110,78,0,78,188
01/01/2019,OLM,WA,ANM,WE,Federal Contract Tower,0,0,33,0,33,0,2,68,0,70,0,2,101,0,103,24,0,24,127
01/02/2019,OLM,WA,ANM,WE,Federal Contract Tower,0,0,21,0,21,0,0,0,0,0,0,0,21,0,21,104,0,104,125
01/03/2019,OLM,WA,ANM,WE,Federal Contract Tower,0,1,6,0,7,0,4,2,0,6,0,5,8,0,13,6,6,12,25
01/04/2019,OLM,WA,ANM,WE,Federal Contract Tower,0,2,3,0,5,0,2,26,0,28,0,4,29,0,33,92,0,92,125
01/05/2019,OLM,WA,ANM,WE,Federal Contract Tower,0,0,10,0,10,0,0,9,1,10,0,0,19,1,20,36,2,38,58
01/06/2019,OLM,WA,ANM,WE,Federal Contract Tower,0,9,10,0,19,0,4,6,0,10,0,13,16,0,29,28,0,28,57
01/07/2019,OLM,WA,ANM,WE,Federal Contract Tower,0,8,10,4,22,0,3,71,0,74,0,11,81,4,96,228,0,228,324
01/08/2019,OLM,WA,ANM,WE,Federal Contract Tower,0,0,5,1,6,0,2,33,3,38,0,2,38,4,44,118,6,124,168
01/09/2019,OLM,WA,ANM,WE,Federal Contract Tower,0,1,9,6,16,0,2,13,2,17,0,3,22,8,33,78,4,82,115
01/10/2019,OLM,WA,ANM,WE,Federal Contract Tower,0,0,34,0,34,0,2,53,0,55,0,2,87,0,89,70,0,70,159
01/11/2019,OLM,WA,ANM,WE,Federal Contract Tower,0,0,25,0,25,0,4,55,0,59,0,4,80,0,84,130,0,130,214
01/12/2019,OLM,WA,ANM,WE,Federal Contract Tower,0,0,37,0,37,0,4,76,2,82,0,4,113,2,119,74,0,74,193
01/13/2019,OLM,WA,ANM,WE,Federal Contract Tower,0,0,19,0,19,0,1,73,0,74,0,1,92,0,93,32,0,32,125
01/14/2019,OLM,WA,ANM,WE,Federal Contract Tower,0,0,19,0,19,0,0,0,0,0,0,0,19,0,19,0,0,0,19
01/15/2019,OLM,WA,ANM,WE,Federal Contract Tower,0,3,27,10,40,0,1,101,3,105,0,4,128,13,145,216,0,216,361
01/16/2019,OLM,WA,ANM,WE,Federal Contract Tower,0,2,27,6,35,0,0,81,0,81,0,2,108,6,116,84,0,84,200
01/17/2019,OLM,WA,ANM,WE,Federal Contract Tower,0,3,18,0,21,0,3,49,2,54,0,6,67,2,75,44,0,44,119
01/18/2019,OLM,WA,ANM,WE,Federal Contract Tower,0,2,13,0,15,0,1,31,0,32,0,3,44,0,47,90,0,90,137
01/19/2019,OLM,WA,ANM,WE,Federal Contract Tower,0,0,7,0,7,0,1,33,0,34,0,1,40,0,41,120,0,120,161
01/20/2019,OLM,WA,ANM,WE,Federal Contract Tower,0,0,3,0,3,0,0,22,0,22,0,0,25,0,25,8,0,8,33
01/21/2019,OLM,WA,ANM,WE,Federal Contract Tower,0,0,15,0,15,0,1,60,0,61,0,1,75,0,76,194,0,194,270
01/22/2019,OLM,WA,ANM,WE,Federal Contract Tower,0,0,3,0,3,0,0,1,0,1,0,0,4,0,4,48,0,48,52
01/23/2019,OLM,WA,ANM,WE,Federal Contract Tower,0,0,9,0,9,0,0,24,0,24,0,0,33,0,33,144,0,144,177
01/24/2019,OLM,WA,ANM,WE,Federal Contract Tower,0,0,19,0,19,0,2,40,0,42,0,2,59,0,61,98,0,98,159
01/25/2019,OLM,WA,ANM,WE,Federal Contract Tower,0,0,4,0,4,0,0,69,0,69,0,0,73,0,73,30,0,30,103
01/26/2019,OLM,WA,ANM,WE,Federal Contract Tower,0,0,28,0,28,0,1,33,0,34,0,1,61,0,62,92,0,92,154
01/27/2019,OLM,WA,ANM,WE,Federal Contract Tower,0,1,9,0,10,0,0,0,0,0,0,1,9,0,10,0,0,0,10
01/28/2019,OLM,WA,ANM,WE,Federal Contract Tower,0,0,21,4,25,0,3,98,0,101,0,3,119,4,126,162,0,162,288
01/29/2019,OLM,WA,ANM,WE,Federal Contract Tower,0,3,11,2,16,0,1,160,0,161,0,4,171,2,177,198,0,198,375
01/30/2019,OLM,WA,ANM,WE,Federal Contract Tower,0,0,22,9,31,0,1,113,0,114,0,1,135,9,145,118,0,118,263
01/31/2019,OLM,WA,ANM,WE,Federal Contract Tower,0,0,8,4,12,0,2,68,0,70,0,2,76,4,82,176,12,188,270
02/01/2019,OLM,WA,ANM,WE,Federal Contract Tower,0,1,9,6,16,0,3,22,0,25,0,4,31,6,41,204,0,204,245
02/02/2019,OLM,WA,ANM,WE,Federal Contract Tower,0,0,9,0,9,0,5,36,0,41,0,5,45,0,50,100,0,100,150
02/03/2019,OLM,WA,ANM,WE,Federal Contract Tower,0,0,0,0,0,0,0,13,0,13,0,0,13,0,13,134,0,134,147
02/04/2019,OLM,WA,ANM,WE,Federal Contract Tower,0,0,0,2,2,0,0,4,0,4,0,0,4,2,6,0,0,0,6
02/05/2019,OLM,WA,ANM,WE,Federal Contract Tower,0,0,5,0,5,0,2,67,0,69,0,2,72,0,74,138,0,138,212
02/06/2019,OLM,WA,ANM,WE,Federal Contract Tower,0,0,17,4,21,0,5,79,0,84,0,5,96,4,105,86,0,86,191
02/07/2019,OLM,WA,ANM,WE,Federal Contract Tower,0,0,12,2,14,0,3,82,0,85,0,3,94,2,99,144,2,146,245
02/08/2019,OLM,WA,ANM,WE,Federal Contract Tower,0,0,14,0,14,0,0,27,0,27,0,0,41,0,41,24,0,24,65
02/09/2019,OLM,WA,ANM,WE,Federal Contract Tower,0,0,0,0,0,0,2,0,0,2,0,2,0,0,2,0,0,0,2
02/10/2019,OLM,WA,ANM,WE,Federal Contract Tower,0,0,0,0,0,0,0,4,0,4,0,0,4,0,4,2,0,2,6
02/11/2019,OLM,WA,ANM,WE,Federal Contract Tower,0,0,0,0,0,0,0,0,0,0,0,0,0,0,0,0,0,0,0
02/12/2019,OLM,WA,ANM,WE,Federal Contract Tower,0,0,2,0,2,0,0,1,0,1,0,0,3,0,3,0,0,0,3
02/13/2019,OLM,WA,ANM,WE,Federal Contract Tower,0,0,6,0,6,0,0,6,2,8,0,0,12,2,14,0,8,8,22
02/14/2019,OLM,WA,ANM,WE,Federal Contract Tower,0,2,2,0,4,0,1,13,0,14,0,3,15,0,18,76,0,76,94
02/15/2019,OLM,WA,ANM,WE,Federal Contract Tower,0,1,9,0,10,0,2,37,0,39,0,3,46,0,49,20,0,20,69
02/16/2019,OLM,WA,ANM,WE,Federal Contract Tower,0,0,8,0,8,0,2,11,0,13,0,2,19,0,21,64,0,64,85
02/17/2019,OLM,WA,ANM,WE,Federal Contract Tower,0,0,4,0,4,0,0,20,0,20,0,0,24,0,24,78,0,78,102
02/18/2019,OLM,WA,ANM,WE,Federal Contract Tower,0,0,11,0,11,0,0,86,0,86,0,0,97,0,97,160,0,160,257
02/19/2019,OLM,WA,ANM,WE,Federal Contract Tower,0,2,3,4,9,0,2,4,0,6,0,4,7,4,15,4,0,4,19
02/20/2019,OLM,WA,ANM,WE,Federal Contract Tower,0,1,8,4,13,0,5,43,2,50,0,6,51,6,63,102,20,122,185
02/21/2019,OLM,WA,ANM,WE,Federal Contract Tower,0,0,32,6,38,0,4,119,1,124,0,4,151,7,162,82,0,82,244
02/22/2019,OLM,WA,ANM,WE,Federal Contract Tower,0,2,2,10,14,0,0,5,0,5,0,2,7,10,19,6,0,6,25
02/23/2019,OLM,WA,ANM,WE,Federal Contract Tower,0,0,2,0,2,0,3,5,0,8,0,3,7,0,10,36,0,36,46
02/24/2019,OLM,WA,ANM,WE,Federal Contract Tower,0,0,0,0,0,0,0,0,0,0,0,0,0,0,0,0,0,0,0
02/25/2019,OLM,WA,ANM,WE,Federal Contract Tower,0,1,14,2,17,0,1,62,0,63,0,2,76,2,80,74,0,74,154
02/26/2019,OLM,WA,ANM,WE,Federal Contract Tower,0,4,24,0,28,0,7,92,0,99,0,11,116,0,127,98,4,102,229
02/27/2019,OLM,WA,ANM,WE,Federal Contract Tower,0,2,12,2,16,0,0,54,2,56,0,2,66,4,72,116,10,126,198
02/28/2019,OLM,WA,ANM,WE,Federal Contract Tower,0,2,21,2,25,0,4,73,0,77,0,6,94,2,102,98,0,98,200
03/01/2019,OLM,WA,ANM,WE,Federal Contract Tower,0,0,19,6,25,0,5,61,0,66,0,5,80,6,91,122,0,122,213
03/02/2019,OLM,WA,ANM,WE,Federal Contract Tower,0,0,10,0,10,0,2,77,0,79,0,2,87,0,89,76,0,76,165
03/03/2019,OLM,WA,ANM,WE,Federal Contract Tower,0,0,22,0,22,0,4,103,4,111,0,4,125,4,133,124,0,124,257
03/04/2019,OLM,WA,ANM,WE,Federal Contract Tower,0,2,12,4,18,0,3,99,3,105,0,5,111,7,123,148,0,148,271
03/05/2019,OLM,WA,ANM,WE,Federal Contract Tower,0,2,15,6,23,0,3,66,2,71,0,5,81,8,94,134,10,144,238
03/06/2019,OLM,WA,ANM,WE,Federal Contract Tower,0,0,8,0,8,0,0,10,0,10,0,0,18,0,18,20,0,20,38
03/07/2019,OLM,WA,ANM,WE,Federal Contract Tower,0,0,3,6,9,0,1,35,1,37,0,1,38,7,46,94,0,94,140
03/08/2019,OLM,WA,ANM,WE,Federal Contract Tower,0,0,7,0,7,0,1,9,0,10,0,1,16,0,17,48,0,48,65
03/09/2019,OLM,WA,ANM,WE,Federal Contract Tower,0,0,22,0,22,0,0,58,0,58,0,0,80,0,80,52,0,52,132
03/10/2019,OLM,WA,ANM,WE,Federal Contract Tower,0,2,15,0,17,0,2,75,2,79,0,4,90,2,96,76,4,80,176
03/11/2019,OLM,WA,ANM,WE,Federal Contract Tower,0,2,30,0,32,0,0,33,0,33,0,2,63,0,65,76,0,76,141
03/12/2019,OLM,WA,ANM,WE,Federal Contract Tower,0,2,14,2,18,0,1,22,2,25,0,3,36,4,43,84,4,88,131
03/13/2019,OLM,WA,ANM,WE,Federal Contract Tower,0,0,13,4,17,0,3,48,0,51,0,3,61,4,68,114,0,114,182
03/14/2019,OLM,WA,ANM,WE,Federal Contract Tower,0,0,45,0,45,0,2,54,2,58,0,2,99,2,103,122,4,126,229
03/15/2019,OLM,WA,ANM,WE,Federal Contract Tower,0,0,16,6,22,0,1,60,0,61,0,1,76,6,83,130,0,130,213
03/16/2019,OLM,WA,ANM,WE,Federal Contract Tower,0,0,15,0,15,0,2,68,1,71,0,2,83,1,86,74,0,74,160
03/17/2019,OLM,WA,ANM,WE,Federal Contract Tower,0,0,22,0,22,0,2,98,0,100,0,2,120,0,122,122,0,122,244
03/18/2019,OLM,WA,ANM,WE,Federal Contract Tower,0,0,14,2,16,0,0,101,0,101,0,0,115,2,117,156,0,156,273
03/19/2019,OLM,WA,ANM,WE,Federal Contract Tower,0,0,14,0,14,0,1,92,0,93,0,1,106,0,107,118,0,118,225
03/20/2019,OLM,WA,ANM,WE,Federal Contract Tower,0,2,14,4,20,0,1,93,2,96,0,3,107,6,116,84,12,96,212
03/21/2019,OLM,WA,ANM,WE,Federal Contract Tower,0,0,17,0,17,0,3,79,4,86,0,3,96,4,103,98,20,118,221
03/22/2019,OLM,WA,ANM,WE,Federal Contract Tower,0,0,3,2,5,0,3,49,5,57,0,3,52,7,62,88,4,92,154
03/23/2019,OLM,WA,ANM,WE,Federal Contract Tower,0,0,8,0,8,0,0,40,0,40,0,0,48,0,48,114,0,114,162
03/24/2019,OLM,WA,ANM,WE,Federal Contract Tower,0,1,10,0,11,0,1,71,4,76,0,2,81,4,87,88,0,88,175
03/25/2019,OLM,WA,ANM,WE,Federal Contract Tower,0,0,10,0,10,0,0,46,0,46,0,0,56,0,56,204,0,204,260
03/26/2019,OLM,WA,ANM,WE,Federal Contract Tower,0,0,19,2,21,0,2,96,0,98,0,2,115,2,119,126,6,132,251
03/27/2019,OLM,WA,ANM,WE,Federal Contract Tower,0,2,11,0,13,0,1,54,0,55,0,3,65,0,68,72,0,72,140
03/28/2019,OLM,WA,ANM,WE,Federal Contract Tower,0,5,15,4,24,0,2,70,2,74,0,7,85,6,98,92,0,92,190
03/29/2019,OLM,WA,ANM,WE,Federal Contract Tower,0,0,21,0,21,0,0,74,0,74,0,0,95,0,95,66,0,66,161
03/30/2019,OLM,WA,ANM,WE,Federal Contract Tower,0,0,30,0,30,0,0,88,0,88,0,0,118,0,118,110,0,110,228
03/31/2019,OLM,WA,ANM,WE,Federal Contract Tower,0,0,21,0,21,0,2,60,0,62,0,2,81,0,83,114,0,114,197
04/01/2019,OLM,WA,ANM,WE,Federal Contract Tower,0,2,16,2,20,0,7,57,0,64,0,9,73,2,84,148,0,148,232
04/02/2019,OLM,WA,ANM,WE,Federal Contract Tower,0,2,18,0,20,0,1,72,2,75,0,3,90,2,95,100,0,100,195
04/03/2019,OLM,WA,ANM,WE,Federal Contract Tower,0,0,10,0,10,0,1,25,2,28,0,1,35,2,38,68,0,68,106
04/04/2019,OLM,WA,ANM,WE,Federal Contract Tower,0,0,21,0,21,0,0,107,0,107,0,0,128,0,128,106,0,106,234
04/05/2019,OLM,WA,ANM,WE,Federal Contract Tower,0,0,11,0,11,0,3,23,1,27,0,3,34,1,38,40,0,40,78
04/06/2019,OLM,WA,ANM,WE,Federal Contract Tower,0,2,1,0,3,0,0,3,0,3,0,2,4,0,6,8,0,8,14
04/07/2019,OLM,WA,ANM,WE,Federal Contract Tower,0,0,18,0,18,0,2,39,0,41,0,2,57,0,59,188,0,188,247
04/08/2019,OLM,WA,ANM,WE,Federal Contract Tower,0,2,10,0,12,0,0,19,0,19,0,2,29,0,31,24,0,24,55
04/09/2019,OLM,WA,ANM,WE,Federal Contract Tower,0,0,22,2,24,0,0,58,2,60,0,0,80,4,84,142,14,156,240
04/10/2019,OLM,WA,ANM,WE,Federal Contract Tower,0,3,8,0,11,0,0,12,0,12,0,3,20,0,23,34,0,34,57
04/11/2019,OLM,WA,ANM,WE,Federal Contract Tower,0,5,26,0,31,0,0,22,0,22,0,5,48,0,53,92,0,92,145
04/12/2019,OLM,WA,ANM,WE,Federal Contract Tower,0,1,25,4,30,0,3,84,1,88,0,4,109,5,118,176,0,176,294
04/13/2019,OLM,WA,ANM,WE,Federal Contract Tower,0,0,13,0,13,0,2,23,0,25,0,2,36,0,38,76,0,76,114
04/14/2019,OLM,WA,ANM,WE,Federal Contract Tower,0,0,13,0,13,0,5,28,0,33,0,5,41,0,46,64,0,64,110
04/15/2019,OLM,WA,ANM,WE,Federal Contract Tower,0,2,29,0,31,0,1,75,0,76,0,3,104,0,107,222,0,222,329
04/16/2019,OLM,WA,ANM,WE,Federal Contract Tower,0,0,16,6,22,0,45,0,0,45,0,45,16,6,67,160,0,160,227
04/17/2019,OLM,WA,ANM,WE,Federal Contract Tower,0,3,25,6,34,0,3,59,3,65,0,6,84,9,99,76,4,80,179
04/18/2019,OLM,WA,ANM,WE,Federal Contract Tower,0,0,26,7,33,0,4,72,0,76,0,4,98,7,109,190,0,190,299
04/19/2019,OLM,WA,ANM,WE,Federal Contract Tower,0,0,20,0,20,0,2,35,0,37,0,2,55,0,57,206,0,206,263
04/20/2019,OLM,WA,ANM,WE,Federal Contract Tower,0,0,17,0,17,0,2,102,0,104,0,2,119,0,121,166,0,166,287
04/21/2019,OLM,WA,ANM,WE,Federal Contract Tower,0,0,15,0,15,0,3,41,0,44,0,3,56,0,59,56,0,56,115
04/22/2019,OLM,WA,ANM,WE,Federal Contract Tower,0,0,25,0,25,0,1,33,2,36,0,1,58,2,61,38,0,38,99
04/23/2019,OLM,WA,ANM,WE,Federal Contract Tower,0,4,15,0,19,0,1,27,4,32,0,5,42,4,51,80,0,80,131
04/24/2019,OLM,WA,ANM,WE,Federal Contract Tower,0,2,35,0,37,0,10,136,0,146,0,12,171,0,183,128,0,128,311
04/25/2019,OLM,WA,ANM,WE,Federal Contract Tower,0,0,29,2,31,0,0,122,0,122,0,0,151,2,153,142,26,168,321
04/26/2019,OLM,WA,ANM,WE,Federal Contract Tower,0,1,25,9,35,0,2,86,0,88,0,3,111,9,123,94,0,94,217
04/27/2019,OLM,WA,ANM,WE,Federal Contract Tower,0,1,11,0,12,0,2,48,0,50,0,3,59,0,62,16,0,16,78
04/28/2019,OLM,WA,ANM,WE,Federal Contract Tower,0,0,22,0,22,0,2,88,6,96,0,2,110,6,118,100,0,100,218
04/29/2019,OLM,WA,ANM,WE,Federal Contract Tower,0,1,4,4,9,0,2,85,0,87,0,3,89,4,96,84,0,84,180
04/30/2019,OLM,WA,ANM,WE,Federal Contract Tower,0,3,18,0,21,0,3,99,0,102,0,6,117,0,123,102,0,102,225
05/01/2019,OLM,WA,ANM,WE,Federal Contract Tower,0,2,12,2,16,0,4,80,0,84,0,6,92,2,100,126,0,126,226
05/02/2019,OLM,WA,ANM,WE,Federal Contract Tower,0,2,20,2,24,0,7,91,2,100,0,9,111,4,124,58,0,58,182
05/03/2019,OLM,WA,ANM,WE,Federal Contract Tower,0,0,27,0,27,0,2,69,1,72,0,2,96,1,99,78,0,78,177
05/04/2019,OLM,WA,ANM,WE,Federal Contract Tower,0,0,24,0,24,0,3,82,4,89,0,3,106,4,113,70,0,70,183
05/05/2019,OLM,WA,ANM,WE,Federal Contract Tower,0,0,14,0,14,0,2,49,0,51,0,2,63,0,65,44,0,44,109
05/06/2019,OLM,WA,ANM,WE,Federal Contract Tower,0,0,24,0,24,0,0,95,0,95,0,0,119,0,119,132,0,132,251
05/07/2019,OLM,WA,ANM,WE,Federal Contract Tower,0,2,15,0,17,0,6,113,0,119,0,8,128,0,136,174,0,174,310
05/08/2019,OLM,WA,ANM,WE,Federal Contract Tower,0,5,31,0,36,0,0,75,0,75,0,5,106,0,111,72,0,72,183
05/09/2019,OLM,WA,ANM,WE,Federal Contract Tower,0,2,18,0,20,0,4,91,0,95,0,6,109,0,115,100,0,100,215
05/10/2019,OLM,WA,ANM,WE,Federal Contract Tower,0,1,16,0,17,0,0,96,0,96,0,1,112,0,113,72,0,72,185
05/11/2019,OLM,WA,ANM,WE,Federal Contract Tower,0,0,19,0,19,0,1,107,2,110,0,1,126,2,129,162,0,162,291
05/12/2019,OLM,WA,ANM,WE,Federal Contract Tower,0,3,2,0,5,0,2,66,0,68,0,5,68,0,73,62,0,62,135
05/13/2019,OLM,WA,ANM,WE,Federal Contract Tower,0,0,26,0,26,0,2,75,0,77,0,2,101,0,103,112,0,112,215
05/14/2019,OLM,WA,ANM,WE,Federal Contract Tower,0,0,21,2,23,0,4,2,0,6,0,4,23,2,29,18,0,18,47
05/15/2019,OLM,WA,ANM,WE,Federal Contract Tower,0,0,28,0,28,0,1,65,0,66,0,1,93,0,94,142,0,142,236
05/16/2019,OLM,WA,ANM,WE,Federal Contract Tower,0,0,17,4,21,0,0,12,0,12,0,0,29,4,33,12,2,14,47
05/17/2019,OLM,WA,ANM,WE,Federal Contract Tower,0,0,8,0,8,0,2,50,2,54,0,2,58,2,62,136,0,136,198
05/18/2019,OLM,WA,ANM,WE,Federal Contract Tower,0,0,30,0,30,0,0,77,0,77,0,0,107,0,107,194,0,194,301
05/19/2019,OLM,WA,ANM,WE,Federal Contract Tower,0,2,13,0,15,0,2,31,0,33,0,4,44,0,48,54,0,54,102
05/20/2019,OLM,WA,ANM,WE,Federal Contract Tower,0,0,18,0,18,0,1,36,0,37,0,1,54,0,55,138,0,138,193
05/21/2019,OLM,WA,ANM,WE,Federal Contract Tower,0,0,27,0,27,0,0,69,0,69,0,0,96,0,96,116,0,116,212
05/22/2019,OLM,WA,ANM,WE,Federal Contract Tower,0,2,43,2,47,0,3,104,0,107,0,5,147,2,154,108,0,108,262
05/23/2019,OLM,WA,ANM,WE,Federal Contract Tower,0,0,28,0,28,0,4,100,0,104,0,4,128,0,132,72,0,72,204
05/24/2019,OLM,WA,ANM,WE,Federal Contract Tower,0,0,30,0,30,0,3,38,0,41,0,3,68,0,71,12,0,12,83
05/25/2019,OLM,WA,ANM,WE,Federal Contract Tower,0,1,14,0,15,0,1,12,0,13,0,2,26,0,28,16,0,16,44
05/26/2019,OLM,WA,ANM,WE,Federal Contract Tower,0,2,12,0,14,0,4,58,2,64,0,6,70,2,78,54,0,54,132
05/27/2019,OLM,WA,ANM,WE,Federal Contract Tower,0,0,17,0,17,0,0,115,0,115,0,0,132,0,132,158,0,158,290
05/28/2019,OLM,WA,ANM,WE,Federal Contract Tower,0,2,13,2,17,0,0,47,0,47,0,2,60,2,64,198,0,198,262
05/29/2019,OLM,WA,ANM,WE,Federal Contract Tower,0,1,17,4,22,0,4,74,1,79,0,5,91,5,101,198,10,208,309
05/30/2019,OLM,WA,ANM,WE,Federal Contract Tower,0,0,31,6,37,0,5,65,1,71,0,5,96,7,108,52,0,52,160
05/31/2019,OLM,WA,ANM,WE,Federal Contract Tower,0,0,29,0,29,0,4,71,1,76,0,4,100,1,105,68,2,70,175
06/01/2019,OLM,WA,ANM,WE,Federal Contract Tower,0,1,18,0,19,0,2,81,0,83,0,3,99,0,102,38,0,38,140
06/02/2019,OLM,WA,ANM,WE,Federal Contract Tower,0,1,11,0,12,0,4,45,3,52,0,5,56,3,64,56,0,56,120
06/03/2019,OLM,WA,ANM,WE,Federal Contract Tower,0,4,11,0,15,0,4,65,0,69,0,8,76,0,84,184,0,184,268
06/04/2019,OLM,WA,ANM,WE,Federal Contract Tower,0,1,15,8,24,0,6,83,1,90,0,7,98,9,114,79,2,81,195
06/05/2019,OLM,WA,ANM,WE,Federal Contract Tower,0,0,32,0,32,0,4,66,0,70,0,4,98,0,102,100,0,100,202
06/06/2019,OLM,WA,ANM,WE,Federal Contract Tower,0,0,23,4,27,0,1,47,0,48,0,1,70,4,75,98,0,98,173
06/07/2019,OLM,WA,ANM,WE,Federal Contract Tower,0,0,15,0,15,0,4,16,2,22,0,4,31,2,37,26,0,26,63
06/08/2019,OLM,WA,ANM,WE,Federal Contract Tower,0,2,4,0,6,0,2,100,0,102,0,4,104,0,108,74,0,74,182
06/09/2019,OLM,WA,ANM,WE,Federal Contract Tower,0,0,9,0,9,0,4,56,14,74,0,4,65,14,83,116,0,116,199
06/10/2019,OLM,WA,ANM,WE,Federal Contract Tower,0,0,29,8,37,0,0,132,1,133,0,0,161,9,170,84,0,84,254
06/11/2019,OLM,WA,ANM,WE,Federal Contract Tower,0,0,23,2,25,0,0,85,0,85,0,0,108,2,110,150,0,150,260
06/12/2019,OLM,WA,ANM,WE,Federal Contract Tower,0,0,38,8,46,0,2,109,4,115,0,2,147,12,161,74,2,76,237
06/13/2019,OLM,WA,ANM,WE,Federal Contract Tower,0,2,17,0,19,0,0,100,1,101,0,2,117,1,120,72,0,72,192
06/14/2019,OLM,WA,ANM,WE,Federal Contract Tower,0,0,7,2,9,0,2,176,0,178,0,2,183,2,187,130,0,130,317
06/15/2019,OLM,WA,ANM,WE,Federal Contract Tower,0,0,6,0,6,0,3,241,2,246,0,3,247,2,252,212,0,212,464
06/16/2019,OLM,WA,ANM,WE,Federal Contract Tower,0,0,9,0,9,0,2,176,2,180,0,2,185,2,189,368,0,368,557
06/17/2019,OLM,WA,ANM,WE,Federal Contract Tower,0,2,11,0,13,0,5,82,0,87,0,7,93,0,100,144,0,144,244
06/18/2019,OLM,WA,ANM,WE,Federal Contract Tower,0,0,20,0,20,0,1,53,0,54,0,1,73,0,74,160,0,160,234
06/19/2019,OLM,WA,ANM,WE,Federal Contract Tower,0,0,18,0,18,0,2,45,0,47,0,2,63,0,65,70,0,70,135
06/20/2019,OLM,WA,ANM,WE,Federal Contract Tower,0,0,16,4,20,0,1,103,0,104,0,1,119,4,124,84,0,84,208
06/21/2019,OLM,WA,ANM,WE,Federal Contract Tower,0,1,24,4,29,0,1,84,0,85,0,2,108,4,114,76,0,76,190
06/22/2019,OLM,WA,ANM,WE,Federal Contract Tower,0,3,13,0,16,0,3,66,0,69,0,6,79,0,85,78,0,78,163
06/23/2019,OLM,WA,ANM,WE,Federal Contract Tower,0,2,18,0,20,0,4,68,0,72,0,6,86,0,92,44,0,44,136
06/24/2019,OLM,WA,ANM,WE,Federal Contract Tower,0,0,33,0,33,0,4,89,0,93,0,4,122,0,126,46,0,46,172
06/25/2019,OLM,WA,ANM,WE,Federal Contract Tower,0,0,17,4,21,0,0,83,4,87,0,0,100,8,108,92,26,118,226
06/26/2019,OLM,WA,ANM,WE,Federal Contract Tower,0,0,10,0,10,0,3,75,0,78,0,3,85,0,88,86,12,98,186
06/27/2019,OLM,WA,ANM,WE,Federal Contract Tower,0,0,17,0,17,0,0,59,2,61,0,0,76,2,78,58,0,58,136
06/28/2019,OLM,WA,ANM,WE,Federal Contract Tower,0,29,4,0,33,0,2,74,0,76,0,31,78,0,109,36,2,38,147
06/29/2019,OLM,WA,ANM,WE,Federal Contract Tower,0,0,24,0,24,0,2,91,2,95,0,2,115,2,119,110,4,114,233
06/30/2019,OLM,WA,ANM,WE,Federal Contract Tower,0,0,20,0,20,0,2,80,8,90,0,2,100,8,110,84,0,84,194
07/01/2019,OLM,WA,ANM,WE,Federal Contract Tower,0,0,16,2,18,0,3,73,4,80,0,3,89,6,98,94,4,98,196
07/02/2019,OLM,WA,ANM,WE,Federal Contract Tower,0,2,11,4,17,0,2,48,0,50,0,4,59,4,67,48,0,48,115
07/03/2019,OLM,WA,ANM,WE,Federal Contract Tower,0,0,21,2,23,0,6,82,2,90,0,6,103,4,113,70,0,70,183
07/04/2019,OLM,WA,ANM,WE,Federal Contract Tower,0,1,13,0,14,0,8,36,0,44,0,9,49,0,58,15,0,15,73
07/05/2019,OLM,WA,ANM,WE,Federal Contract Tower,0,0,26,0,26,0,1,64,0,65,0,1,90,0,91,80,0,80,171
07/06/2019,OLM,WA,ANM,WE,Federal Contract Tower,0,0,25,0,25,0,5,71,0,76,0,5,96,0,101,120,0,120,221
07/07/2019,OLM,WA,ANM,WE,Federal Contract Tower,0,1,15,0,16,0,7,41,0,48,0,8,56,0,64,58,0,58,122
07/08/2019,OLM,WA,ANM,WE,Federal Contract Tower,0,0,24,0,24,0,3,50,0,53,0,3,74,0,77,118,0,118,195
07/09/2019,OLM,WA,ANM,WE,Federal Contract Tower,0,0,12,2,14,0,0,104,0,104,0,0,116,2,118,108,0,108,226
07/10/2019,OLM,WA,ANM,WE,Federal Contract Tower,0,0,29,13,42,0,0,24,0,24,0,0,53,13,66,60,0,60,126
07/11/2019,OLM,WA,ANM,WE,Federal Contract Tower,0,1,27,1,29,0,2,101,2,105,0,3,128,3,134,104,0,104,238
07/12/2019,OLM,WA,ANM,WE,Federal Contract Tower,0,0,24,2,26,0,3,67,0,70,0,3,91,2,96,112,6,118,214
07/13/2019,OLM,WA,ANM,WE,Federal Contract Tower,0,2,38,0,40,0,4,68,0,72,0,6,106,0,112,56,0,56,168
07/14/2019,OLM,WA,ANM,WE,Federal Contract Tower,0,0,15,1,16,0,1,60,5,66,0,1,75,6,82,66,0,66,148
07/15/2019,OLM,WA,ANM,WE,Federal Contract Tower,0,0,13,8,21,0,0,35,0,35,0,0,48,8,56,90,0,90,146
07/16/2019,OLM,WA,ANM,WE,Federal Contract Tower,0,0,21,2,23,0,0,105,2,107,0,0,126,4,130,170,0,170,300
07/17/2019,OLM,WA,ANM,WE,Federal Contract Tower,0,0,11,2,13,0,0,13,0,13,0,0,24,2,26,12,0,12,38
07/18/2019,OLM,WA,ANM,WE,Federal Contract Tower,0,2,14,2,18,0,0,88,0,88,0,2,102,2,106,120,0,120,226
07/19/2019,OLM,WA,ANM,WE,Federal Contract Tower,0,0,10,0,10,0,2,83,0,85,0,2,93,0,95,70,0,70,165
07/20/2019,OLM,WA,ANM,WE,Federal Contract Tower,0,0,17,0,17,0,3,114,0,117,0,3,131,0,134,110,0,110,244
07/21/2019,OLM,WA,ANM,WE,Federal Contract Tower,0,1,22,0,23,0,3,89,0,92,0,4,111,0,115,108,0,108,223
07/22/2019,OLM,WA,ANM,WE,Federal Contract Tower,0,1,10,0,11,0,0,122,0,122,0,1,132,0,133,166,0,166,299
07/23/2019,OLM,WA,ANM,WE,Federal Contract Tower,0,3,23,0,26,0,2,41,0,43,0,5,64,0,69,76,0,76,145
07/24/2019,OLM,WA,ANM,WE,Federal Contract Tower,0,0,15,0,15,0,1,79,0,80,0,1,94,0,95,212,0,212,307
07/25/2019,OLM,WA,ANM,WE,Federal Contract Tower,0,2,12,6,20,0,2,107,0,109,0,4,119,6,129,130,0,130,259
07/26/2019,OLM,WA,ANM,WE,Federal Contract Tower,0,0,21,2,23,0,2,98,2,102,0,2,119,4,125,144,0,144,269
07/27/2019,OLM,WA,ANM,WE,Federal Contract Tower,0,0,6,0,6,0,5,65,0,70,0,5,71,0,76,84,0,84,160
07/28/2019,OLM,WA,ANM,WE,Federal Contract Tower,0,2,20,1,23,0,2,106,2,110,0,4,126,3,133,168,0,168,301
07/29/2019,OLM,WA,ANM,WE,Federal Contract Tower,0,2,20,0,22,0,2,121,2,125,0,4,141,2,147,96,0,96,243
07/30/2019,OLM,WA,ANM,WE,Federal Contract Tower,0,1,19,2,22,0,6,108,1,115,0,7,127,3,137,204,0,204,341
07/31/2019,OLM,WA,ANM,WE,Federal Contract Tower,0,1,23,0,24,0,3,97,0,100,0,4,120,0,124,122,0,122,246
08/01/2019,OLM,WA,ANM,WE,Federal Contract Tower,0,0,14,0,14,0,0,78,1,79,0,0,92,1,93,140,0,140,233
08/02/2019,OLM,WA,ANM,WE,Federal Contract Tower,0,0,17,0,17,0,0,49,0,49,0,0,66,0,66,72,0,72,138
08/03/2019,OLM,WA,ANM,WE,Federal Contract Tower,0,0,18,0,18,0,4,92,3,99,0,4,110,3,117,66,4,70,187
08/04/2019,OLM,WA,ANM,WE,Federal Contract Tower,0,0,18,0,18,0,2,84,0,86,0,2,102,0,104,26,0,26,130
08/05/2019,OLM,WA,ANM,WE,Federal Contract Tower,0,0,17,0,17,0,3,90,0,93,0,3,107,0,110,128,0,128,238
08/06/2019,OLM,WA,ANM,WE,Federal Contract Tower,0,0,19,0,19,0,3,59,0,62,0,3,78,0,81,12,0,12,93
08/07/2019,OLM,WA,ANM,WE,Federal Contract Tower,0,2,32,0,34,0,0,38,0,38,0,2,70,0,72,36,14,50,122
08/08/2019,OLM,WA,ANM,WE,Federal Contract Tower,0,0,25,3,28,0,0,55,1,56,0,0,80,4,84,130,6,136,220
08/09/2019,OLM,WA,ANM,WE,Federal Contract Tower,0,0,22,2,24,0,3,131,2,136,0,3,153,4,160,180,0,180,340
08/10/2019,OLM,WA,ANM,WE,Federal Contract Tower,0,0,13,0,13,0,2,50,0,52,0,2,63,0,65,62,0,62,127
08/11/2019,OLM,WA,ANM,WE,Federal Contract Tower,0,0,32,0,32,0,0,51,0,51,0,0,83,0,83,84,0,84,167
08/12/2019,OLM,WA,ANM,WE,Federal Contract Tower,0,1,11,0,12,0,0,78,0,78,0,1,89,0,90,135,0,135,225
08/13/2019,OLM,WA,ANM,WE,Federal Contract Tower,0,4,16,6,26,0,0,102,0,102,0,4,118,6,128,86,0,86,214
08/14/2019,OLM,WA,ANM,WE,Federal Contract Tower,0,0,22,0,22,0,2,105,0,107,0,2,127,0,129,146,0,146,275
08/15/2019,OLM,WA,ANM,WE,Federal Contract Tower,0,0,12,3,15,0,2,87,0,89,0,2,99,3,104,158,0,158,262
08/16/2019,OLM,WA,ANM,WE,Federal Contract Tower,0,1,27,3,31,0,2,59,0,61,0,3,86,3,92,118,0,118,210
08/17/2019,OLM,WA,ANM,WE,Federal Contract Tower,0,0,22,0,22,0,6,81,0,87,0,6,103,0,109,72,0,72,181
08/18/2019,OLM,WA,ANM,WE,Federal Contract Tower,0,0,18,0,18,0,2,70,0,72,0,2,88,0,90,124,0,124,214
08/19/2019,OLM,WA,ANM,WE,Federal Contract Tower,0,0,10,0,10,0,0,92,0,92,0,0,102,0,102,252,0,252,354
08/20/2019,OLM,WA,ANM,WE,Federal Contract Tower,0,0,25,2,27,0,5,131,0,136,0,5,156,2,163,218,0,218,381
08/21/2019,OLM,WA,ANM,WE,Federal Contract Tower,0,2,16,2,20,0,3,27,0,30,0,5,43,2,50,66,0,66,116
08/22/2019,OLM,WA,ANM,WE,Federal Contract Tower,0,0,25,0,25,0,0,60,0,60,0,0,85,0,85,60,0,60,145
08/23/2019,OLM,WA,ANM,WE,Federal Contract Tower,0,1,6,0,7,0,0,108,0,108,0,1,114,0,115,142,0,142,257
08/24/2019,OLM,WA,ANM,WE,Federal Contract Tower,0,0,12,2,14,0,6,99,0,105,0,6,111,2,119,186,0,186,305
08/25/2019,OLM,WA,ANM,WE,Federal Contract Tower,0,1,15,0,16,0,1,50,0,51,0,2,65,0,67,66,0,66,133
08/26/2019,OLM,WA,ANM,WE,Federal Contract Tower,0,0,7,0,7,0,2,89,0,91,0,2,96,0,98,66,0,66,164
08/27/2019,OLM,WA,ANM,WE,Federal Contract Tower,0,2,12,0,14,0,2,72,0,74,0,4,84,0,88,108,0,108,196
08/28/2019,OLM,WA,ANM,WE,Federal Contract Tower,0,1,17,0,18,0,4,82,2,88,0,5,99,2,106,122,4,126,232
08/29/2019,OLM,WA,ANM,WE,Federal Contract Tower,0,2,15,0,17,0,3,51,0,54,0,5,66,0,71,100,0,100,171
08/30/2019,OLM,WA,ANM,WE,Federal Contract Tower,0,0,10,0,10,0,2,87,0,89,0,2,97,0,99,48,0,48,147
08/31/2019,OLM,WA,ANM,WE,Federal Contract Tower,0,0,20,0,20,0,3,104,0,107,0,3,124,0,127,250,0,250,377
09/01/2019,OLM,WA,ANM,WE,Federal Contract Tower,0,2,11,0,13,0,0,46,0,46,0,2,57,0,59,148,0,148,207
09/02/2019,OLM,WA,ANM,WE,Federal Contract Tower,0,0,30,0,30,0,4,62,0,66,0,4,92,0,96,98,0,98,194
09/03/2019,OLM,WA,ANM,WE,Federal Contract Tower,0,0,14,0,14,0,4,74,0,78,0,4,88,0,92,126,0,126,218
09/04/2019,OLM,WA,ANM,WE,Federal Contract Tower,0,2,27,0,29,0,1,67,0,68,0,3,94,0,97,178,0,178,275
09/05/2019,OLM,WA,ANM,WE,Federal Contract Tower,0,1,21,2,24,0,1,112,0,113,0,2,133,2,137,91,0,91,228
09/06/2019,OLM,WA,ANM,WE,Federal Contract Tower,0,0,11,0,11,0,0,50,1,51,0,0,61,1,62,78,0,78,140
09/07/2019,OLM,WA,ANM,WE,Federal Contract Tower,0,0,15,0,15,0,2,37,0,39,0,2,52,0,54,177,0,177,231
09/08/2019,OLM,WA,ANM,WE,Federal Contract Tower,0,2,9,0,11,0,2,15,0,17,0,4,24,0,28,2,0,2,30
09/09/2019,OLM,WA,ANM,WE,Federal Contract Tower,0,2,4,0,6,0,4,12,0,16,0,6,16,0,22,98,0,98,120
09/10/2019,OLM,WA,ANM,WE,Federal Contract Tower,0,0,22,2,24,0,1,78,0,79,0,1,100,2,103,92,0,92,195
09/11/2019,OLM,WA,ANM,WE,Federal Contract Tower,0,0,25,0,25,0,3,82,0,85,0,3,107,0,110,62,0,62,172
09/12/2019,OLM,WA,ANM,WE,Federal Contract Tower,0,2,23,4,29,0,3,107,0,110,0,5,130,4,139,96,0,96,235
09/13/2019,OLM,WA,ANM,WE,Federal Contract Tower,0,1,30,2,33,0,1,70,0,71,0,2,100,2,104,89,0,89,193
09/14/2019,OLM,WA,ANM,WE,Federal Contract Tower,0,0,18,6,24,0,1,91,0,92,0,1,109,6,116,110,0,110,226
09/15/2019,OLM,WA,ANM,WE,Federal Contract Tower,0,0,10,0,10,0,0,3,0,3,0,0,13,0,13,10,0,10,23
09/16/2019,OLM,WA,ANM,WE,Federal Contract Tower,0,3,12,2,17,0,1,37,0,38,0,4,49,2,55,90,0,90,145
09/17/2019,OLM,WA,ANM,WE,Federal Contract Tower,0,1,17,0,18,0,0,4,0,4,0,1,21,0,22,8,0,8,30
09/18/2019,OLM,WA,ANM,WE,Federal Contract Tower,0,0,23,2,25,0,0,23,0,23,0,0,46,2,48,68,0,68,116
09/19/2019,OLM,WA,ANM,WE,Federal Contract Tower,0,0,29,0,29,0,2,96,2,100,0,2,125,2,129,136,0,136,265
09/20/2019,OLM,WA,ANM,WE,Federal Contract Tower,0,0,16,4,20,0,2,66,0,68,0,2,82,4,88,98,0,98,186
09/21/2019,OLM,WA,ANM,WE,Federal Contract Tower,0,0,11,0,11,0,2,54,0,56,0,2,65,0,67,88,0,88,155
09/22/2019,OLM,WA,ANM,WE,Federal Contract Tower,0,3,19,0,22,0,1,11,0,12,0,4,30,0,34,14,0,14,48
09/23/2019,OLM,WA,ANM,WE,Federal Contract Tower,0,1,14,0,15,0,1,64,0,65,0,2,78,0,80,184,0,184,264
09/24/2019,OLM,WA,ANM,WE,Federal Contract Tower,0,1,19,0,20,0,0,90,0,90,0,1,109,0,110,58,0,58,168
09/25/2019,OLM,WA,ANM,WE,Federal Contract Tower,0,3,19,2,24,0,0,87,0,87,0,3,106,2,111,97,0,97,208
09/27/2019,OLM,WA,ANM,WE,Federal Contract Tower,0,0,17,0,17,0,1,56,0,57,0,1,73,0,74,50,0,50,124
09/28/2019,OLM,WA,ANM,WE,Federal Contract Tower,0,3,3,0,6,0,5,19,0,24,0,8,22,0,30,24,0,24,54
09/29/2019,OLM,WA,ANM,WE,Federal Contract Tower,0,1,20,0,21,0,2,61,0,63,0,3,81,0,84,62,0,62,146
09/30/2019,OLM,WA,ANM,WE,Federal Contract Tower,0,5,15,2,22,0,2,119,0,121,0,7,134,2,143,102,0,102,245
10/01/2019,OLM,WA,ANM,WE,Federal Contract Tower,0,0,23,0,23,0,0,136,2,138,0,0,159,2,161,170,0,170,331
10/02/2019,OLM,WA,ANM,WE,Federal Contract Tower,0,2,38,4,44,0,2,89,0,91,0,4,127,4,135,160,0,160,295
10/03/2019,OLM,WA,ANM,WE,Federal Contract Tower,0,0,14,1,15,0,2,49,1,52,0,2,63,2,67,84,0,84,151
10/04/2019,OLM,WA,ANM,WE,Federal Contract Tower,0,0,9,2,11,0,4,25,0,29,0,4,34,2,40,44,0,44,84
10/05/2019,OLM,WA,ANM,WE,Federal Contract Tower,0,2,4,0,6,0,4,54,0,58,0,6,58,0,64,128,0,128,192
10/06/2019,OLM,WA,ANM,WE,Federal Contract Tower,0,3,8,0,11,0,1,66,2,69,0,4,74,2,80,68,0,68,148
10/07/2019,OLM,WA,ANM,WE,Federal Contract Tower,0,2,7,0,9,0,0,6,0,6,0,2,13,0,15,30,0,30,45
10/08/2019,OLM,WA,ANM,WE,Federal Contract Tower,0,0,6,2,8,0,2,44,0,46,0,2,50,2,54,62,2,64,118
10/09/2019,OLM,WA,ANM,WE,Federal Contract Tower,0,0,22,2,24,0,0,111,3,114,0,0,133,5,138,134,0,134,272
10/10/2019,OLM,WA,ANM,WE,Federal Contract Tower,0,0,25,4,29,0,1,125,0,126,0,1,150,4,155,164,0,164,319
10/12/2019,OLM,WA,ANM,WE,Federal Contract Tower,0,0,32,0,32,0,5,75,0,80,0,5,107,0,112,162,0,162,274
10/13/2019,OLM,WA,ANM,WE,Federal Contract Tower,0,0,19,0,19,0,2,62,2,66,0,2,81,2,85,42,0,42,127
10/14/2019,OLM,WA,ANM,WE,Federal Contract Tower,0,0,30,0,30,0,2,121,0,123,0,2,151,0,153,100,0,100,253
10/15/2019,OLM,WA,ANM,WE,Federal Contract Tower,0,0,27,0,27,0,1,52,2,55,0,1,79,2,82,86,2,88,170
10/16/2019,OLM,WA,ANM,WE,Federal Contract Tower,0,0,9,6,15,0,2,3,0,5,0,2,12,6,20,0,0,0,20
10/17/2019,OLM,WA,ANM,WE,Federal Contract Tower,0,0,5,2,7,0,2,13,0,15,0,2,18,2,22,0,0,0,22
10/18/2019,OLM,WA,ANM,WE,Federal Contract Tower,0,0,7,4,11,0,0,13,0,13,0,0,20,4,24,0,0,0,24
10/19/2019,OLM,WA,ANM,WE,Federal Contract Tower,0,0,6,0,6,0,0,14,0,14,0,0,20,0,20,58,0,58,78
10/20/2019,OLM,WA,ANM,WE,Federal Contract Tower,0,2,7,0,9,0,2,8,0,10,0,4,15,0,19,42,0,42,61
10/21/2019,OLM,WA,ANM,WE,Federal Contract Tower,0,2,10,4,16,0,0,2,0,2,0,2,12,4,18,0,0,0,18
10/22/2019,OLM,WA,ANM,WE,Federal Contract Tower,0,2,31,2,35,0,1,87,0,88,0,3,118,2,123,122,0,122,245
10/23/2019,OLM,WA,ANM,WE,Federal Contract Tower,0,0,27,2,29,0,0,86,0,86,0,0,113,2,115,146,0,146,261
10/24/2019,OLM,WA,ANM,WE,Federal Contract Tower,0,3,31,0,34,0,1,80,6,87,0,4,111,6,121,124,6,130,251
10/25/2019,OLM,WA,ANM,WE,Federal Contract Tower,0,0,17,2,19,0,1,46,0,47,0,1,63,2,66,58,0,58,124
10/26/2019,OLM,WA,ANM,WE,Federal Contract Tower,0,0,10,0,10,0,5,63,0,68,0,5,73,0,78,114,0,114,192
10/27/2019,OLM,WA,ANM,WE,Federal Contract Tower,0,0,18,0,18,0,2,94,0,96,0,2,112,0,114,112,0,112,226
10/28/2019,OLM,WA,ANM,WE,Federal Contract Tower,0,2,23,2,27,0,0,108,0,108,0,2,131,2,135,208,0,208,343
10/29/2019,OLM,WA,ANM,WE,Federal Contract Tower,0,0,24,2,26,0,6,105,0,111,0,6,129,2,137,86,0,86,223
10/30/2019,OLM,WA,ANM,WE,Federal Contract Tower,0,0,31,3,34,0,2,95,1,98,0,2,126,4,132,208,0,208,340
11/01/2019,OLM,WA,ANM,WE,Federal Contract Tower,0,1,15,4,20,0,2,86,0,88,0,3,101,4,108,186,0,186,294
11/02/2019,OLM,WA,ANM,WE,Federal Contract Tower,0,0,12,0,12,0,2,67,0,69,0,2,79,0,81,142,0,142,223
11/03/2019,OLM,WA,ANM,WE,Federal Contract Tower,0,0,24,0,24,0,3,51,0,54,0,3,75,0,78,92,0,92,170
11/04/2019,OLM,WA,ANM,WE,Federal Contract Tower,0,0,15,0,15,0,2,64,0,66,0,2,79,0,81,92,6,98,179
11/05/2019,OLM,WA,ANM,WE,Federal Contract Tower,0,0,23,2,25,0,2,58,2,62,0,2,81,4,87,66,6,72,159
11/06/2019,OLM,WA,ANM,WE,Federal Contract Tower,0,0,19,0,19,0,0,58,2,60,0,0,77,2,79,106,6,112,191
11/07/2019,OLM,WA,ANM,WE,Federal Contract Tower,0,2,18,4,24,0,2,58,0,60,0,4,76,4,84,64,0,64,148
11/08/2019,OLM,WA,ANM,WE,Federal Contract Tower,0,0,10,0,10,0,2,113,0,115,0,2,123,0,125,128,0,128,253
11/09/2019,OLM,WA,ANM,WE,Federal Contract Tower,0,3,7,0,10,0,1,8,0,9,0,4,15,0,19,4,0,4,23
11/10/2019,OLM,WA,ANM,WE,Federal Contract Tower,0,0,9,0,9,0,0,0,0,0,0,0,9,0,9,18,0,18,27
11/11/2019,OLM,WA,ANM,WE,Federal Contract Tower,0,0,27,0,27,0,2,91,0,93,0,2,118,0,120,148,0,148,268
11/12/2019,OLM,WA,ANM,WE,Federal Contract Tower,0,0,10,2,12,0,0,5,0,5,0,0,15,2,17,0,0,0,17
11/13/2019,OLM,WA,ANM,WE,Federal Contract Tower,0,0,38,0,38,0,0,24,2,26,0,0,62,2,64,56,2,58,122
11/14/2019,OLM,WA,ANM,WE,Federal Contract Tower,0,0,14,11,25,0,0,80,2,82,0,0,94,13,107,182,8,190,297
11/15/2019,OLM,WA,ANM,WE,Federal Contract Tower,0,0,14,0,14,0,2,36,0,38,0,2,50,0,52,90,0,90,142
11/16/2019,OLM,WA,ANM,WE,Federal Contract Tower,0,0,13,0,13,0,0,51,0,51,0,0,64,0,64,100,0,100,164
11/17/2019,OLM,WA,ANM,WE,Federal Contract Tower,0,4,13,2,19,0,0,0,0,0,0,4,13,2,19,0,0,0,19
11/18/2019,OLM,WA,ANM,WE,Federal Contract Tower,0,0,6,4,10,0,0,0,0,0,0,0,6,4,10,0,0,0,10
11/19/2019,OLM,WA,ANM,WE,Federal Contract Tower,0,1,31,12,44,0,0,47,0,47,0,1,78,12,91,90,10,100,191
11/20/2019,OLM,WA,ANM,WE,Federal Contract Tower,0,1,17,4,22,0,1,115,7,123,0,2,132,11,145,168,22,190,335
11/21/2019,OLM,WA,ANM,WE,Federal Contract Tower,0,1,8,2,11,0,0,0,0,0,0,1,8,2,11,0,0,0,11
11/22/2019,OLM,WA,ANM,WE,Federal Contract Tower,0,0,7,0,7,0,0,1,0,1,0,0,8,0,8,0,0,0,8
11/23/2019,OLM,WA,ANM,WE,Federal Contract Tower,0,0,11,2,13,0,1,78,0,79,0,1,89,2,92,158,0,158,250
11/24/2019,OLM,WA,ANM,WE,Federal Contract Tower,0,2,13,0,15,0,3,60,0,63,0,5,73,0,78,48,0,48,126
11/25/2019,OLM,WA,ANM,WE,Federal Contract Tower,0,0,9,0,9,0,5,70,4,79,0,5,79,4,88,82,10,92,180
11/26/2019,OLM,WA,ANM,WE,Federal Contract Tower,0,0,12,6,18,0,2,75,0,77,0,2,87,6,95,128,0,128,223
11/27/2019,OLM,WA,ANM,WE,Federal Contract Tower,0,1,13,0,14,0,1,65,0,66,0,2,78,0,80,50,0,50,130
11/28/2019,OLM,WA,ANM,WE,Federal Contract Tower,0,0,0,0,0,0,2,23,0,25,0,2,23,0,25,6,0,6,31
11/29/2019,OLM,WA,ANM,WE,Federal Contract Tower,0,0,9,0,9,0,2,104,0,106,0,2,113,0,115,166,0,166,281
11/30/2019,OLM,WA,ANM,WE,Federal Contract Tower,0,0,15,0,15,0,1,64,0,65,0,1,79,0,80,65,0,65,145
12/01/2019,OLM,WA,ANM,WE,Federal Contract Tower,0,2,8,0,10,0,2,35,0,37,0,4,43,0,47,50,0,50,97
12/02/2019,OLM,WA,ANM,WE,Federal Contract Tower,0,0,8,10,18,0,2,42,0,44,0,2,50,10,62,62,8,70,132
12/03/2019,OLM,WA,ANM,WE,Federal Contract Tower,0,2,9,0,11,0,1,82,0,83,0,3,91,0,94,130,22,152,246
12/04/2019,OLM,WA,ANM,WE,Federal Contract Tower,0,0,15,0,15,0,0,7,0,7,0,0,22,0,22,12,0,12,34
12/05/2019,OLM,WA,ANM,WE,Federal Contract Tower,0,0,22,0,22,0,0,28,0,28,0,0,50,0,50,60,0,60,110
12/06/2019,OLM,WA,ANM,WE,Federal Contract Tower,0,0,7,0,7,0,2,48,0,50,0,2,55,0,57,90,4,94,151
12/07/2019,OLM,WA,ANM,WE,Federal Contract Tower,0,0,11,0,11,0,0,5,0,5,0,0,16,0,16,26,0,26,42
12/08/2019,OLM,WA,ANM,WE,Federal Contract Tower,0,0,13,0,13,0,0,8,0,8,0,0,21,0,21,12,0,12,33
12/09/2019,OLM,WA,ANM,WE,Federal Contract Tower,0,1,13,0,14,0,1,17,0,18,0,2,30,0,32,28,0,28,60
12/10/2019,OLM,WA,ANM,WE,Federal Contract Tower,0,3,11,0,14,0,0,4,0,4,0,3,15,0,18,4,0,4,22
12/11/2019,OLM,WA,ANM,WE,Federal Contract Tower,0,4,16,2,22,0,1,24,0,25,0,5,40,2,47,60,0,60,107
12/12/2019,OLM,WA,ANM,WE,Federal Contract Tower,0,0,10,2,12,0,2,21,0,23,0,2,31,2,35,14,0,14,49
12/13/2019,OLM,WA,ANM,WE,Federal Contract Tower,0,1,10,0,11,0,1,63,2,66,0,2,73,2,77,156,8,164,241
12/14/2019,OLM,WA,ANM,WE,Federal Contract Tower,0,0,4,0,4,0,0,6,0,6,0,0,10,0,10,4,0,4,14
12/15/2019,OLM,WA,ANM,WE,Federal Contract Tower,0,0,2,0,2,0,2,18,0,20,0,2,20,0,22,28,0,28,50
12/16/2019,OLM,WA,ANM,WE,Federal Contract Tower,0,1,13,0,14,0,0,50,0,50,0,1,63,0,64,118,0,118,182
12/17/2019,OLM,WA,ANM,WE,Federal Contract Tower,0,1,8,0,9,0,2,91,0,93,0,3,99,0,102,132,0,132,234
12/18/2019,OLM,WA,ANM,WE,Federal Contract Tower,0,0,5,0,5,0,3,92,0,95,0,3,97,0,100,132,0,132,232
12/19/2019,OLM,WA,ANM,WE,Federal Contract Tower,0,1,5,2,8,0,0,23,0,23,0,1,28,2,31,50,0,50,81
12/20/2019,OLM,WA,ANM,WE,Federal Contract Tower,0,2,5,0,7,0,1,0,0,1,0,3,5,0,8,2,0,2,10
12/21/2019,OLM,WA,ANM,WE,Federal Contract Tower,0,3,6,0,9,0,0,7,0,7,0,3,13,0,16,6,0,6,22
12/22/2019,OLM,WA,ANM,WE,Federal Contract Tower,0,2,10,0,12,0,0,0,0,0,0,2,10,0,12,0,0,0,12
12/23/2019,OLM,WA,ANM,WE,Federal Contract Tower,0,0,7,0,7,0,1,56,1,58,0,1,63,1,65,54,0,54,119
12/24/2019,OLM,WA,ANM,WE,Federal Contract Tower,0,0,2,0,2,0,0,7,0,7,0,0,9,0,9,1,0,1,10
12/25/2019,OLM,WA,ANM,WE,Federal Contract Tower,0,0,2,0,2,0,0,4,0,4,0,0,6,0,6,0,0,0,6
12/26/2019,OLM,WA,ANM,WE,Federal Contract Tower,0,0,9,0,9,0,2,63,2,67,0,2,72,2,76,28,0,28,104
12/27/2019,OLM,WA,ANM,WE,Federal Contract Tower,0,0,5,0,5,0,1,47,2,50,0,1,52,2,55,50,0,50,105
12/28/2019,OLM,WA,ANM,WE,Federal Contract Tower,0,0,18,0,18,0,0,78,0,78,0,0,96,0,96,138,0,138,234
12/29/2019,OLM,WA,ANM,WE,Federal Contract Tower,0,0,10,0,10,0,1,7,0,8,0,1,17,0,18,0,0,0,18
12/30/2019,OLM,WA,ANM,WE,Federal Contract Tower,0,0,10,0,10,0,0,50,0,50,0,0,60,0,60,100,0,100,160
12/31/2019,OLM,WA,ANM,WE,Federal Contract Tower,0,1,13,0,14,0,0,0,0,0,0,1,13,0,14,0,0,0,14
01/01/2020,OLM,WA,ANM,WE,Federal Contract Tower,0,0,5,0,5,0,0,16,0,16,0,0,21,0,21,24,0,24,45
01/02/2020,OLM,WA,ANM,WE,Federal Contract Tower,0,0,5,0,5,0,2,27,0,29,0,2,32,0,34,64,0,64,98
01/03/2020,OLM,WA,ANM,WE,Federal Contract Tower,0,0,18,0,18,0,2,86,0,88,0,2,104,0,106,126,0,126,232
01/04/2020,OLM,WA,ANM,WE,Federal Contract Tower,0,0,12,0,12,0,2,24,0,26,0,2,36,0,38,98,0,98,136
01/05/2020,OLM,WA,ANM,WE,Federal Contract Tower,0,3,1,0,4,0,2,4,0,6,0,5,5,0,10,0,0,0,10
01/06/2020,OLM,WA,ANM,WE,Federal Contract Tower,0,1,7,0,8,0,0,0,0,0,0,1,7,0,8,0,0,0,8
01/07/2020,OLM,WA,ANM,WE,Federal Contract Tower,0,2,6,8,16,0,0,11,1,12,0,2,17,9,28,42,2,44,72
01/08/2020,OLM,WA,ANM,WE,Federal Contract Tower,0,0,16,4,20,0,1,63,1,65,0,1,79,5,85,104,30,134,219
01/09/2020,OLM,WA,ANM,WE,Federal Contract Tower,0,3,4,0,7,0,0,2,0,2,0,3,6,0,9,0,0,0,9
01/10/2020,OLM,WA,ANM,WE,Federal Contract Tower,0,0,2,0,2,0,0,5,0,5,0,0,7,0,7,4,0,4,11
01/11/2020,OLM,WA,ANM,WE,Federal Contract Tower,0,0,0,0,0,0,3,8,0,11,0,3,8,0,11,14,0,14,25
01/12/2020,OLM,WA,ANM,WE,Federal Contract Tower,0,0,3,0,3,0,2,0,0,2,0,2,3,0,5,4,0,4,9
01/13/2020,OLM,WA,ANM,WE,Federal Contract Tower,0,0,1,0,1,0,0,30,7,37,0,0,31,7,38,142,26,168,206
01/14/2020,OLM,WA,ANM,WE,Federal Contract Tower,0,0,9,2,11,0,5,54,9,68,0,5,63,11,79,164,22,186,265
01/15/2020,OLM,WA,ANM,WE,Federal Contract Tower,0,0,5,0,5,0,0,41,0,41,0,0,46,0,46,54,0,54,100
01/16/2020,OLM,WA,ANM,WE,Federal Contract Tower,0,0,17,4,21,0,4,65,0,69,0,4,82,4,90,54,16,70,160
01/17/2020,OLM,WA,ANM,WE,Federal Contract Tower,0,0,4,0,4,0,1,14,0,15,0,1,18,0,19,20,0,20,39
01/18/2020,OLM,WA,ANM,WE,Federal Contract Tower,0,0,6,0,6,0,0,17,0,17,0,0,23,0,23,10,4,14,37
01/19/2020,OLM,WA,ANM,WE,Federal Contract Tower,0,4,22,0,26,0,3,12,0,15,0,7,34,0,41,12,0,12,53
01/20/2020,OLM,WA,ANM,WE,Federal Contract Tower,0,2,15,0,17,0,4,110,2,116,0,6,125,2,133,144,0,144,277
01/21/2020,OLM,WA,ANM,WE,Federal Contract Tower,0,0,8,4,12,0,4,14,0,18,0,4,22,4,30,4,0,4,34
01/22/2020,OLM,WA,ANM,WE,Federal Contract Tower,0,1,2,4,7,0,1,9,0,10,0,2,11,4,17,36,0,36,53
01/23/2020,OLM,WA,ANM,WE,Federal Contract Tower,0,0,19,2,21,0,2,5,0,7,0,2,24,2,28,8,32,40,68
01/24/2020,OLM,WA,ANM,WE,Federal Contract Tower,0,0,27,0,27,0,0,20,0,20,0,0,47,0,47,20,14,34,81
01/25/2020,OLM,WA,ANM,WE,Federal Contract Tower,0,0,31,0,31,0,1,37,0,38,0,1,68,0,69,130,0,130,199
01/26/2020,OLM,WA,ANM,WE,Federal Contract Tower,0,0,8,0,8,0,4,67,0,71,0,4,75,0,79,154,0,154,233
01/27/2020,OLM,WA,ANM,WE,Federal Contract Tower,0,1,6,0,7,0,1,49,0,50,0,2,55,0,57,110,0,110,167
01/28/2020,OLM,WA,ANM,WE,Federal Contract Tower,0,2,28,0,30,0,1,34,0,35,0,3,62,0,65,162,8,170,235
01/29/2020,OLM,WA,ANM,WE,Federal Contract Tower,0,1,10,0,11,0,2,2,2,6,0,3,12,2,17,6,6,12,29
01/30/2020,OLM,WA,ANM,WE,Federal Contract Tower,0,1,29,0,30,0,0,70,2,72,0,1,99,2,102,94,24,118,220
01/31/2020,OLM,WA,ANM,WE,Federal Contract Tower,0,4,18,0,22,0,2,10,0,12,0,6,28,0,34,6,0,6,40
02/01/2020,OLM,WA,ANM,WE,Federal Contract Tower,0,0,6,0,6,0,0,30,0,30,0,0,36,0,36,132,0,132,168
02/02/2020,OLM,WA,ANM,WE,Federal Contract Tower,0,0,9,0,9,0,0,52,0,52,0,0,61,0,61,82,0,82,143
02/03/2020,OLM,WA,ANM,WE,Federal Contract Tower,0,0,20,2,22,0,0,70,0,70,0,0,90,2,92,128,20,148,240
02/04/2020,OLM,WA,ANM,WE,Federal Contract Tower,0,2,8,0,10,0,3,17,2,22,0,5,25,2,32,54,0,54,86
02/05/2020,OLM,WA,ANM,WE,Federal Contract Tower,0,1,14,8,23,0,0,0,0,0,0,1,14,8,23,0,0,0,23
02/06/2020,OLM,WA,ANM,WE,Federal Contract Tower,0,2,9,0,11,0,1,0,0,1,0,3,9,0,12,0,0,0,12
02/07/2020,OLM,WA,ANM,WE,Federal Contract Tower,0,0,7,10,17,0,2,6,0,8,0,2,13,10,25,4,0,4,29
02/08/2020,OLM,WA,ANM,WE,Federal Contract Tower,0,0,2,0,2,0,3,38,5,46,0,3,40,5,48,134,0,134,182
02/09/2020,OLM,WA,ANM,WE,Federal Contract Tower,0,2,9,2,13,0,2,99,4,105,0,4,108,6,118,88,0,88,206
02/10/2020,OLM,WA,ANM,WE,Federal Contract Tower,0,2,21,0,23,0,0,102,2,104,0,2,123,2,127,92,2,94,221
02/11/2020,OLM,WA,ANM,WE,Federal Contract Tower,0,1,37,2,40,0,1,63,7,71,0,2,100,9,111,132,66,198,309
02/12/2020,OLM,WA,ANM,WE,Federal Contract Tower,0,1,28,4,33,0,1,48,1,50,0,2,76,5,83,82,20,102,185
02/13/2020,OLM,WA,ANM,WE,Federal Contract Tower,0,0,22,0,22,0,1,14,0,15,0,1,36,0,37,26,0,26,63
02/14/2020,OLM,WA,ANM,WE,Federal Contract Tower,0,0,30,0,30,0,2,71,0,73,0,2,101,0,103,120,0,120,223
02/15/2020,OLM,WA,ANM,WE,Federal Contract Tower,0,0,4,0,4,0,1,9,0,10,0,1,13,0,14,0,0,0,14
02/16/2020,OLM,WA,ANM,WE,Federal Contract Tower,0,2,12,0,14,0,2,28,0,30,0,4,40,0,44,84,0,84,128
02/17/2020,OLM,WA,ANM,WE,Federal Contract Tower,0,5,23,2,30,0,12,95,0,107,0,17,118,2,137,186,0,186,323
02/18/2020,OLM,WA,ANM,WE,Federal Contract Tower,0,0,21,0,21,0,2,79,2,83,0,2,100,2,104,142,6,148,252
02/19/2020,OLM,WA,ANM,WE,Federal Contract Tower,0,2,15,4,21,0,0,93,0,93,0,2,108,4,114,126,10,136,250
02/20/2020,OLM,WA,ANM,WE,Federal Contract Tower,0,1,49,4,54,0,2,107,0,109,0,3,156,4,163,224,4,228,391
02/21/2020,OLM,WA,ANM,WE,Federal Contract Tower,0,0,40,1,41,0,0,91,0,91,0,0,131,1,132,214,0,214,346
02/22/2020,OLM,WA,ANM,WE,Federal Contract Tower,0,0,13,0,13,0,1,32,0,33,0,1,45,0,46,60,0,60,106
02/23/2020,OLM,WA,ANM,WE,Federal Contract Tower,0,0,1,0,1,0,2,2,0,4,0,2,3,0,5,2,0,2,7
02/24/2020,OLM,WA,ANM,WE,Federal Contract Tower,0,0,19,4,23,0,0,57,4,61,0,0,76,8,84,96,2,98,182
02/25/2020,OLM,WA,ANM,WE,Federal Contract Tower,0,2,40,0,42,0,1,87,2,90,0,3,127,2,132,150,18,168,300
02/26/2020,OLM,WA,ANM,WE,Federal Contract Tower,0,0,17,0,17,0,4,43,2,49,0,4,60,2,66,108,14,122,188
02/27/2020,OLM,WA,ANM,WE,Federal Contract Tower,0,2,35,0,37,0,0,120,0,120,0,2,155,0,157,68,14,82,239
02/28/2020,OLM,WA,ANM,WE,Federal Contract Tower,0,1,22,4,27,0,2,11,0,13,0,3,33,4,40,50,0,50,90
02/29/2020,OLM,WA,ANM,WE,Federal Contract Tower,0,0,8,0,8,0,0,34,0,34,0,0,42,0,42,64,0,64,106
03/01/2020,OLM,WA,ANM,WE,Federal Contract Tower,0,1,20,0,21,0,0,54,6,60,0,1,74,6,81,10,0,10,91
03/02/2020,OLM,WA,ANM,WE,Federal Contract Tower,0,0,2,4,6,0,0,5,0,5,0,0,7,4,11,40,0,40,51
03/03/2020,OLM,WA,ANM,WE,Federal Contract Tower,0,1,26,0,27,0,0,18,4,22,0,1,44,4,49,58,6,64,113
03/04/2020,OLM,WA,ANM,WE,Federal Contract Tower,0,0,31,0,31,0,4,119,0,123,0,4,150,0,154,52,0,52,206
03/05/2020,OLM,WA,ANM,WE,Federal Contract Tower,0,0,21,2,23,0,1,57,2,60,0,1,78,4,83,108,0,108,191
03/06/2020,OLM,WA,ANM,WE,Federal Contract Tower,0,2,5,0,7,0,0,34,0,34,0,2,39,0,41,136,0,136,177
03/07/2020,OLM,WA,ANM,WE,Federal Contract Tower,0,0,0,0,0,0,0,7,0,7,0,0,7,0,7,6,0,6,13
03/08/2020,OLM,WA,ANM,WE,Federal Contract Tower,0,0,20,0,20,0,0,44,0,44,0,0,64,0,64,122,0,122,186
03/09/2020,OLM,WA,ANM,WE,Federal Contract Tower,0,0,34,2,36,0,2,99,0,101,0,2,133,2,137,174,0,174,311
03/10/2020,OLM,WA,ANM,WE,Federal Contract Tower,0,0,30,2,32,0,0,111,3,114,0,0,141,5,146,134,0,134,280
03/11/2020,OLM,WA,ANM,WE,Federal Contract Tower,0,0,51,0,51,0,0,109,0,109,0,0,160,0,160,140,2,142,302
03/12/2020,OLM,WA,ANM,WE,Federal Contract Tower,0,0,27,4,31,0,2,99,0,101,0,2,126,4,132,126,0,126,258
03/13/2020,OLM,WA,ANM,WE,Federal Contract Tower,0,1,3,0,4,0,0,0,0,0,0,1,3,0,4,0,0,0,4
03/14/2020,OLM,WA,ANM,WE,Federal Contract Tower,0,0,5,0,5,0,2,20,0,22,0,2,25,0,27,28,0,28,55
03/15/2020,OLM,WA,ANM,WE,Federal Contract Tower,0,0,12,0,12,0,0,55,4,59,0,0,67,4,71,42,0,42,113
03/16/2020,OLM,WA,ANM,WE,Federal Contract Tower,0,0,20,0,20,0,1,92,0,93,0,1,112,0,113,194,0,194,307
03/17/2020,OLM,WA,ANM,WE,Federal Contract Tower,0,2,35,4,41,0,2,135,5,142,0,4,170,9,183,160,24,184,367
03/18/2020,OLM,WA,ANM,WE,Federal Contract Tower,0,0,29,0,29,0,0,99,2,101,0,0,128,2,130,148,8,156,286
03/19/2020,OLM,WA,ANM,WE,Federal Contract Tower,0,1,32,2,35,0,0,101,0,101,0,1,133,2,136,124,0,124,260
03/20/2020,OLM,WA,ANM,WE,Federal Contract Tower,0,0,23,0,23,0,0,124,0,124,0,0,147,0,147,192,0,192,339
03/21/2020,OLM,WA,ANM,WE,Federal Contract Tower,0,0,10,0,10,0,2,62,0,64,0,2,72,0,74,54,0,54,128
03/22/2020,OLM,WA,ANM,WE,Federal Contract Tower,0,2,12,2,16,0,0,52,0,52,0,2,64,2,68,72,0,72,140
03/23/2020,OLM,WA,ANM,WE,Federal Contract Tower,0,0,2,0,2,0,0,9,0,9,0,0,11,0,11,64,0,64,75
03/24/2020,OLM,WA,ANM,WE,Federal Contract Tower,0,0,7,0,7,0,2,26,0,28,0,2,33,0,35,22,0,22,57
03/25/2020,OLM,WA,ANM,WE,Federal Contract Tower,0,3,2,0,5,0,2,45,0,47,0,5,47,0,52,74,0,74,126
03/26/2020,OLM,WA,ANM,WE,Federal Contract Tower,0,0,2,0,2,0,2,45,0,47,0,2,47,0,49,102,0,102,151
03/27/2020,OLM,WA,ANM,WE,Federal Contract Tower,0,1,5,0,6,0,0,9,0,9,0,1,14,0,15,6,0,6,21
03/28/2020,OLM,WA,ANM,WE,Federal Contract Tower,0,1,9,0,10,0,1,7,0,8,0,2,16,0,18,20,0,20,38
03/29/2020,OLM,WA,ANM,WE,Federal Contract Tower,0,0,9,0,9,0,0,13,0,13,0,0,22,0,22,0,0,0,22
03/30/2020,OLM,WA,ANM,WE,Federal Contract Tower,0,0,2,0,2,0,0,4,0,4,0,0,6,0,6,28,0,28,34
03/31/2020,OLM,WA,ANM,WE,Federal Contract Tower,0,0,12,0,12,0,0,25,0,25,0,0,37,0,37,70,0,70,107
04/01/2020,OLM,WA,ANM,WE,Federal Contract Tower,0,0,7,0,7,0,2,62,0,64,0,2,69,0,71,84,0,84,155
04/02/2020,OLM,WA,ANM,WE,Federal Contract Tower,0,0,7,2,9,0,2,53,0,55,0,2,60,2,64,120,8,128,192
04/03/2020,OLM,WA,ANM,WE,Federal Contract Tower,0,0,0,0,0,0,0,37,0,37,0,0,37,0,37,0,0,0,37
04/04/2020,OLM,WA,ANM,WE,Federal Contract Tower,0,0,8,0,8,0,0,68,1,69,0,0,76,1,77,28,0,28,105
04/05/2020,OLM,WA,ANM,WE,Federal Contract Tower,0,0,9,0,9,0,1,46,0,47,0,1,55,0,56,68,0,68,124
04/06/2020,OLM,WA,ANM,WE,Federal Contract Tower,0,0,1,0,1,0,1,68,0,69,0,1,69,0,70,104,0,104,174
04/07/2020,OLM,WA,ANM,WE,Federal Contract Tower,0,2,5,0,7,0,0,46,0,46,0,2,51,0,53,134,0,134,187
04/08/2020,OLM,WA,ANM,WE,Federal Contract Tower,0,2,1,0,3,0,0,95,0,95,0,2,96,0,98,96,0,96,194
04/09/2020,OLM,WA,ANM,WE,Federal Contract Tower,0,0,4,2,6,0,2,100,0,102,0,2,104,2,108,118,2,120,228
04/10/2020,OLM,WA,ANM,WE,Federal Contract Tower,0,0,13,2,15,0,2,53,0,55,0,2,66,2,70,28,0,28,98
04/11/2020,OLM,WA,ANM,WE,Federal Contract Tower,0,0,11,0,11,0,0,54,0,54,0,0,65,0,65,18,0,18,83
04/12/2020,OLM,WA,ANM,WE,Federal Contract Tower,0,0,10,0,10,0,0,62,0,62,0,0,72,0,72,22,0,22,94
04/13/2020,OLM,WA,ANM,WE,Federal Contract Tower,0,0,7,0,7,0,2,58,0,60,0,2,65,0,67,130,0,130,197
04/14/2020,OLM,WA,ANM,WE,Federal Contract Tower,0,0,11,0,11,0,1,71,2,74,0,1,82,2,85,106,4,110,195
04/15/2020,OLM,WA,ANM,WE,Federal Contract Tower,0,2,9,0,11,0,2,44,0,46,0,4,53,0,57,94,0,94,151
04/16/2020,OLM,WA,ANM,WE,Federal Contract Tower,0,2,1,2,5,0,1,107,0,108,0,3,108,2,113,146,0,146,259
04/17/2020,OLM,WA,ANM,WE,Federal Contract Tower,0,0,16,0,16,0,0,96,0,96,0,0,112,0,112,188,0,188,300
04/18/2020,OLM,WA,ANM,WE,Federal Contract Tower,0,0,17,0,17,0,2,29,0,31,0,2,46,0,48,46,0,46,94
04/19/2020,OLM,WA,ANM,WE,Federal Contract Tower,0,0,17,0,17,0,8,58,0,66,0,8,75,0,83,26,0,26,109
04/20/2020,OLM,WA,ANM,WE,Federal Contract Tower,0,0,11,0,11,0,0,81,0,81,0,0,92,0,92,168,0,168,260
04/21/2020,OLM,WA,ANM,WE,Federal Contract Tower,0,0,11,2,13,0,0,45,0,45,0,0,56,2,58,74,0,74,132
04/22/2020,OLM,WA,ANM,WE,Federal Contract Tower,0,2,12,0,14,0,0,0,0,0,0,2,12,0,14,0,0,0,14
04/23/2020,OLM,WA,ANM,WE,Federal Contract Tower,0,0,12,0,12,0,0,34,2,36,0,0,46,2,48,68,0,68,116
04/24/2020,OLM,WA,ANM,WE,Federal Contract Tower,0,0,17,0,17,0,2,76,0,78,0,2,93,0,95,154,0,154,249
04/25/2020,OLM,WA,ANM,WE,Federal Contract Tower,0,1,17,0,18,0,1,22,0,23,0,2,39,0,41,8,0,8,49
04/26/2020,OLM,WA,ANM,WE,Federal Contract Tower,0,0,10,0,10,0,0,62,0,62,0,0,72,0,72,90,0,90,162
04/27/2020,OLM,WA,ANM,WE,Federal Contract Tower,0,0,12,0,12,0,0,32,0,32,0,0,44,0,44,98,0,98,142
04/28/2020,OLM,WA,ANM,WE,Federal Contract Tower,0,1,12,0,13,0,2,73,0,75,0,3,85,0,88,100,0,100,188
04/29/2020,OLM,WA,ANM,WE,Federal Contract Tower,0,0,19,2,21,0,2,48,0,50,0,2,67,2,71,48,4,52,123
04/30/2020,OLM,WA,ANM,WE,Federal Contract Tower,0,0,9,2,11,0,0,36,0,36,0,0,45,2,47,54,0,54,101
05/01/2020,OLM,WA,ANM,WE,Federal Contract Tower,0,0,21,2,23,0,2,112,1,115,0,2,133,3,138,78,0,78,216
05/02/2020,OLM,WA,ANM,WE,Federal Contract Tower,0,0,2,0,2,0,0,2,0,2,0,0,4,0,4,6,0,6,10
05/03/2020,OLM,WA,ANM,WE,Federal Contract Tower,0,0,13,0,13,0,2,28,0,30,0,2,41,0,43,14,0,14,57
05/04/2020,OLM,WA,ANM,WE,Federal Contract Tower,0,0,11,0,11,0,1,59,0,60,0,1,70,0,71,64,2,66,137
05/05/2020,OLM,WA,ANM,WE,Federal Contract Tower,0,0,7,0,7,0,4,108,0,112,0,4,115,0,119,88,0,88,207
05/06/2020,OLM,WA,ANM,WE,Federal Contract Tower,0,1,18,2,21,0,2,48,0,50,0,3,66,2,71,54,0,54,125
05/07/2020,OLM,WA,ANM,WE,Federal Contract Tower,0,0,12,2,14,0,3,106,0,109,0,3,118,2,123,66,0,66,189
05/08/2020,OLM,WA,ANM,WE,Federal Contract Tower,0,0,13,0,13,0,3,119,0,122,0,3,132,0,135,176,0,176,311
05/09/2020,OLM,WA,ANM,WE,Federal Contract Tower,0,1,8,0,9,0,2,50,0,52,0,3,58,0,61,24,0,24,85
05/10/2020,OLM,WA,ANM,WE,Federal Contract Tower,0,1,2,0,3,0,4,99,0,103,0,5,101,0,106,128,0,128,234
05/11/2020,OLM,WA,ANM,WE,Federal Contract Tower,0,0,6,2,8,0,0,47,0,47,0,0,53,2,55,114,0,114,169
05/12/2020,OLM,WA,ANM,WE,Federal Contract Tower,0,0,2,2,4,0,0,29,2,31,0,0,31,4,35,56,0,56,91
05/13/2020,OLM,WA,ANM,WE,Federal Contract Tower,0,0,16,4,20,0,1,58,0,59,0,1,74,4,79,98,10,108,187
05/14/2020,OLM,WA,ANM,WE,Federal Contract Tower,0,3,14,4,21,0,1,71,0,72,0,4,85,4,93,74,0,74,167
05/15/2020,OLM,WA,ANM,WE,Federal Contract Tower,0,0,15,2,17,0,4,119,0,123,0,4,134,2,140,110,0,110,250
05/16/2020,OLM,WA,ANM,WE,Federal Contract Tower,0,0,12,0,12,0,0,15,0,15,0,0,27,0,27,88,0,88,115
05/17/2020,OLM,WA,ANM,WE,Federal Contract Tower,0,1,14,0,15,0,0,54,0,54,0,1,68,0,69,130,0,130,199
05/18/2020,OLM,WA,ANM,WE,Federal Contract Tower,0,0,12,4,16,0,0,97,0,97,0,0,109,4,113,66,0,66,179
05/19/2020,OLM,WA,ANM,WE,Federal Contract Tower,0,0,18,6,24,0,2,53,2,57,0,2,71,8,81,64,4,68,149
05/20/2020,OLM,WA,ANM,WE,Federal Contract Tower,0,0,20,4,24,0,0,59,0,59,0,0,79,4,83,132,0,132,215
05/21/2020,OLM,WA,ANM,WE,Federal Contract Tower,0,0,9,0,9,0,0,30,2,32,0,0,39,2,41,64,0,64,105
05/22/2020,OLM,WA,ANM,WE,Federal Contract Tower,0,0,26,0,26,0,3,64,0,67,0,3,90,0,93,16,0,16,109
05/23/2020,OLM,WA,ANM,WE,Federal Contract Tower,0,0,18,0,18,0,3,62,0,65,0,3,80,0,83,94,0,94,177
05/24/2020,OLM,WA,ANM,WE,Federal Contract Tower,0,0,19,0,19,0,4,72,0,76,0,4,91,0,95,106,0,106,201
05/25/2020,OLM,WA,ANM,WE,Federal Contract Tower,0,2,28,0,30,0,0,7,0,7,0,2,35,0,37,26,0,26,63
05/26/2020,OLM,WA,ANM,WE,Federal Contract Tower,0,0,32,2,34,0,0,64,0,64,0,0,96,2,98,102,0,102,200
05/27/2020,OLM,WA,ANM,WE,Federal Contract Tower,0,0,34,0,34,0,1,103,0,104,0,1,137,0,138,126,2,128,266
05/28/2020,OLM,WA,ANM,WE,Federal Contract Tower,0,0,37,6,43,0,1,104,0,105,0,1,141,6,148,82,0,82,230
05/29/2020,OLM,WA,ANM,WE,Federal Contract Tower,0,0,21,0,21,0,1,73,0,74,0,1,94,0,95,92,0,92,187
05/30/2020,OLM,WA,ANM,WE,Federal Contract Tower,0,1,12,0,13,0,1,14,0,15,0,2,26,0,28,104,0,104,132
05/31/2020,OLM,WA,ANM,WE,Federal Contract Tower,0,0,17,0,17,0,2,52,0,54,0,2,69,0,71,42,0,42,113
06/01/2020,OLM,WA,ANM,WE,Federal Contract Tower,0,3,25,4,32,0,0,89,0,89,0,3,114,4,121,164,0,164,285
06/02/2020,OLM,WA,ANM,WE,Federal Contract Tower,0,0,26,4,30,0,2,105,0,107,0,2,131,4,137,216,0,216,353
06/03/2020,OLM,WA,ANM,WE,Federal Contract Tower,0,5,31,0,36,0,1,93,0,94,0,6,124,0,130,186,0,186,316
06/04/2020,OLM,WA,ANM,WE,Federal Contract Tower,0,0,31,1,32,0,0,127,1,128,0,0,158,2,160,162,6,168,328
06/05/2020,OLM,WA,ANM,WE,Federal Contract Tower,0,0,31,4,35,0,1,142,0,143,0,1,173,4,178,108,4,112,290
06/06/2020,OLM,WA,ANM,WE,Federal Contract Tower,0,3,0,0,3,0,0,7,0,7,0,3,7,0,10,72,0,72,82
06/07/2020,OLM,WA,ANM,WE,Federal Contract Tower,0,0,14,0,14,0,1,30,0,31,0,1,44,0,45,114,0,114,159
06/08/2020,OLM,WA,ANM,WE,Federal Contract Tower,0,1,19,3,23,0,0,49,3,52,0,1,68,6,75,176,6,182,257
06/09/2020,OLM,WA,ANM,WE,Federal Contract Tower,0,2,9,2,13,0,1,6,0,7,0,3,15,2,20,0,0,0,20
06/10/2020,OLM,WA,ANM,WE,Federal Contract Tower,0,2,34,4,40,0,0,53,0,53,0,2,87,4,93,120,0,120,213
06/11/2020,OLM,WA,ANM,WE,Federal Contract Tower,0,3,22,0,25,0,1,77,0,78,0,4,99,0,103,234,0,234,337
06/12/2020,OLM,WA,ANM,WE,Federal Contract Tower,0,0,18,1,19,0,1,18,1,20,0,1,36,2,39,38,0,38,77
06/13/2020,OLM,WA,ANM,WE,Federal Contract Tower,0,0,23,1,24,0,2,53,0,55,0,2,76,1,79,152,0,152,231
06/14/2020,OLM,WA,ANM,WE,Federal Contract Tower,0,0,14,0,14,0,2,95,0,97,0,2,109,0,111,122,0,122,233
06/15/2020,OLM,WA,ANM,WE,Federal Contract Tower,0,4,19,0,23,0,4,17,0,21,0,8,36,0,44,80,0,80,124
06/16/2020,OLM,WA,ANM,WE,Federal Contract Tower,0,0,31,2,33,0,0,89,1,90,0,0,120,3,123,352,0,352,475
06/17/2020,OLM,WA,ANM,WE,Federal Contract Tower,0,0,30,4,34,0,2,126,0,128,0,2,156,4,162,212,6,218,380
06/18/2020,OLM,WA,ANM,WE,Federal Contract Tower,0,2,32,2,36,0,3,135,1,139,0,5,167,3,175,206,0,206,381
06/19/2020,OLM,WA,ANM,WE,Federal Contract Tower,0,1,30,0,31,0,3,117,0,120,0,4,147,0,151,188,0,188,339
06/20/2020,OLM,WA,ANM,WE,Federal Contract Tower,0,4,14,0,18,0,0,18,0,18,0,4,32,0,36,46,0,46,82
06/21/2020,OLM,WA,ANM,WE,Federal Contract Tower,0,2,12,0,14,0,2,61,0,63,0,4,73,0,77,86,0,86,163
06/22/2020,OLM,WA,ANM,WE,Federal Contract Tower,0,2,33,3,38,0,1,105,0,106,0,3,138,3,144,210,0,210,354
06/23/2020,OLM,WA,ANM,WE,Federal Contract Tower,0,0,19,4,23,0,3,101,0,104,0,3,120,4,127,150,0,150,277
06/24/2020,OLM,WA,ANM,WE,Federal Contract Tower,0,1,30,2,33,0,3,79,0,82,0,4,109,2,115,78,0,78,193
06/25/2020,OLM,WA,ANM,WE,Federal Contract Tower,0,0,22,0,22,0,0,97,0,97,0,0,119,0,119,140,0,140,259
06/26/2020,OLM,WA,ANM,WE,Federal Contract Tower,0,0,12,0,12,0,0,105,2,107,0,0,117,2,119,74,0,74,193
06/27/2020,OLM,WA,ANM,WE,Federal Contract Tower,0,0,20,0,20,0,1,45,0,46,0,1,65,0,66,134,0,134,200
06/28/2020,OLM,WA,ANM,WE,Federal Contract Tower,0,2,19,0,21,0,0,86,0,86,0,2,105,0,107,138,0,138,245
06/29/2020,OLM,WA,ANM,WE,Federal Contract Tower,0,0,20,0,20,0,0,77,0,77,0,0,97,0,97,140,0,140,237
06/30/2020,OLM,WA,ANM,WE,Federal Contract Tower,0,2,29,0,31,0,2,32,0,34,0,4,61,0,65,102,0,102,167
07/01/2020,OLM,WA,ANM,WE,Federal Contract Tower,0,0,22,0,22,0,2,23,0,25,0,2,45,0,47,32,0,32,79
07/02/2020,OLM,WA,ANM,WE,Federal Contract Tower,0,0,23,0,23,0,2,68,0,70,0,2,91,0,93,186,8,194,287
07/03/2020,OLM,WA,ANM,WE,Federal Contract Tower,0,2,18,0,20,0,2,91,0,93,0,4,109,0,113,130,0,130,243
07/04/2020,OLM,WA,ANM,WE,Federal Contract Tower,0,2,18,0,20,0,0,37,0,37,0,2,55,0,57,62,0,62,119
07/05/2020,OLM,WA,ANM,WE,Federal Contract Tower,0,0,15,0,15,0,4,75,0,79,0,4,90,0,94,106,0,106,200
07/06/2020,OLM,WA,ANM,WE,Federal Contract Tower,0,0,29,0,29,0,0,92,0,92,0,0,121,0,121,214,0,214,335
07/07/2020,OLM,WA,ANM,WE,Federal Contract Tower,0,1,38,0,39,0,2,19,0,21,0,3,57,0,60,120,0,120,180
07/08/2020,OLM,WA,ANM,WE,Federal Contract Tower,0,0,20,0,20,0,4,89,0,93,0,4,109,0,113,240,14,254,367
07/09/2020,OLM,WA,ANM,WE,Federal Contract Tower,0,0,33,0,33,0,2,29,0,31,0,2,62,0,64,88,2,90,154
07/10/2020,OLM,WA,ANM,WE,Federal Contract Tower,0,0,38,0,38,0,0,126,0,126,0,0,164,0,164,150,0,150,314
07/11/2020,OLM,WA,ANM,WE,Federal Contract Tower,0,0,10,0,10,0,4,94,0,98,0,4,104,0,108,178,12,190,298
07/12/2020,OLM,WA,ANM,WE,Federal Contract Tower,0,0,8,0,8,0,2,76,0,78,0,2,84,0,86,72,0,72,158
07/13/2020,OLM,WA,ANM,WE,Federal Contract Tower,0,0,10,0,10,0,2,89,0,91,0,2,99,0,101,240,0,240,341
07/14/2020,OLM,WA,ANM,WE,Federal Contract Tower,0,0,25,0,25,0,6,123,0,129,0,6,148,0,154,238,0,238,392
07/15/2020,OLM,WA,ANM,WE,Federal Contract Tower,0,0,25,2,27,0,2,114,4,120,0,2,139,6,147,188,0,188,335
07/16/2020,OLM,WA,ANM,WE,Federal Contract Tower,0,2,25,0,27,0,2,66,0,68,0,4,91,0,95,140,0,140,235
07/17/2020,OLM,WA,ANM,WE,Federal Contract Tower,0,1,14,0,15,0,2,67,0,69,0,3,81,0,84,86,0,86,170
07/18/2020,OLM,WA,ANM,WE,Federal Contract Tower,0,2,17,0,19,0,6,103,0,109,0,8,120,0,128,180,0,180,308
07/19/2020,OLM,WA,ANM,WE,Federal Contract Tower,0,2,19,0,21,0,2,94,0,96,0,4,113,0,117,116,0,116,233
07/20/2020,OLM,WA,ANM,WE,Federal Contract Tower,0,0,37,2,39,0,2,94,2,98,0,2,131,4,137,248,10,258,395
07/21/2020,OLM,WA,ANM,WE,Federal Contract Tower,0,1,42,6,49,0,3,99,0,102,0,4,141,6,151,162,0,162,313
07/22/2020,OLM,WA,ANM,WE,Federal Contract Tower,0,0,30,2,32,0,1,51,0,52,0,1,81,2,84,154,0,154,238
07/23/2020,OLM,WA,ANM,WE,Federal Contract Tower,0,3,58,8,69,0,5,75,0,80,0,8,133,8,149,234,0,234,383
07/24/2020,OLM,WA,ANM,WE,Federal Contract Tower,0,2,33,6,41,0,4,84,0,88,0,6,117,6,129,144,16,160,289
07/25/2020,OLM,WA,ANM,WE,Federal Contract Tower,0,0,20,0,20,0,2,145,0,147,0,2,165,0,167,110,0,110,277
07/26/2020,OLM,WA,ANM,WE,Federal Contract Tower,0,1,15,0,16,0,5,86,0,91,0,6,101,0,107,86,0,86,193
07/27/2020,OLM,WA,ANM,WE,Federal Contract Tower,0,0,10,2,12,0,5,97,0,102,0,5,107,2,114,104,2,106,220
07/28/2020,OLM,WA,ANM,WE,Federal Contract Tower,0,3,24,4,31,0,13,83,2,98,0,16,107,6,129,164,14,178,307
07/29/2020,OLM,WA,ANM,WE,Federal Contract Tower,0,1,30,5,36,0,1,95,0,96,0,2,125,5,132,102,22,124,256
07/30/2020,OLM,WA,ANM,WE,Federal Contract Tower,0,1,13,2,16,0,3,112,0,115,0,4,125,2,131,126,2,128,259
07/31/2020,OLM,WA,ANM,WE,Federal Contract Tower,0,4,22,0,26,0,0,92,0,92,0,4,114,0,118,176,0,176,294
08/01/2020,OLM,WA,ANM,WE,Federal Contract Tower,0,1,27,0,28,0,2,76,0,78,0,3,103,0,106,114,0,114,220
08/02/2020,OLM,WA,ANM,WE,Federal Contract Tower,0,0,8,0,8,0,2,79,0,81,0,2,87,0,89,120,0,120,209
08/03/2020,OLM,WA,ANM,WE,Federal Contract Tower,0,0,21,0,21,0,2,40,7,49,0,2,61,7,70,198,6,204,274
08/04/2020,OLM,WA,ANM,WE,Federal Contract Tower,0,0,21,0,21,0,3,93,0,96,0,3,114,0,117,148,2,150,267
08/05/2020,OLM,WA,ANM,WE,Federal Contract Tower,0,0,39,2,41,0,2,108,2,112,0,2,147,4,153,188,0,188,341
08/06/2020,OLM,WA,ANM,WE,Federal Contract Tower,0,0,23,8,31,0,3,38,0,41,0,3,61,8,72,82,4,86,158
08/07/2020,OLM,WA,ANM,WE,Federal Contract Tower,0,0,39,0,39,0,0,0,0,0,0,0,39,0,39,208,2,210,249
08/08/2020,OLM,WA,ANM,WE,Federal Contract Tower,0,0,16,0,16,0,2,78,3,83,0,2,94,3,99,232,0,232,331
08/09/2020,OLM,WA,ANM,WE,Federal Contract Tower,0,2,19,0,21,0,3,98,0,101,0,5,117,0,122,102,0,102,224
08/10/2020,OLM,WA,ANM,WE,Federal Contract Tower,0,0,8,8,16,0,1,87,0,88,0,1,95,8,104,132,2,134,238
08/11/2020,OLM,WA,ANM,WE,Federal Contract Tower,0,0,29,10,39,0,2,65,0,67,0,2,94,10,106,162,0,162,268
08/12/2020,OLM,WA,ANM,WE,Federal Contract Tower,0,0,18,4,22,0,1,91,0,92,0,1,109,4,114,163,0,163,277
08/13/2020,OLM,WA,ANM,WE,Federal Contract Tower,0,4,39,8,51,0,6,105,0,111,0,10,144,8,162,100,0,100,262
08/14/2020,OLM,WA,ANM,WE,Federal Contract Tower,0,0,18,6,24,0,2,88,0,90,0,2,106,6,114,90,0,90,204
08/15/2020,OLM,WA,ANM,WE,Federal Contract Tower,0,1,21,0,22,0,6,101,2,109,0,7,122,2,131,188,0,188,319
08/16/2020,OLM,WA,ANM,WE,Federal Contract Tower,0,0,12,0,12,0,8,90,0,98,0,8,102,0,110,122,0,122,232
08/17/2020,OLM,WA,ANM,WE,Federal Contract Tower,0,0,37,0,37,0,2,102,0,104,0,2,139,0,141,136,0,136,277
08/18/2020,OLM,WA,ANM,WE,Federal Contract Tower,0,0,31,4,35,0,3,60,4,67,0,3,91,8,102,148,4,152,254
08/19/2020,OLM,WA,ANM,WE,Federal Contract Tower,0,1,24,4,29,0,1,82,1,84,0,2,106,5,113,162,0,162,275
08/20/2020,OLM,WA,ANM,WE,Federal Contract Tower,0,0,17,4,21,0,2,58,4,64,0,2,75,8,85,204,0,204,289
08/21/2020,OLM,WA,ANM,WE,Federal Contract Tower,0,1,32,4,37,0,1,26,0,27,0,2,58,4,64,24,0,24,88
08/22/2020,OLM,WA,ANM,WE,Federal Contract Tower,0,2,20,0,22,0,2,54,0,56,0,4,74,0,78,60,0,60,138
08/23/2020,OLM,WA,ANM,WE,Federal Contract Tower,0,5,14,0,19,0,6,94,0,100,0,11,108,0,119,200,0,200,319
08/24/2020,OLM,WA,ANM,WE,Federal Contract Tower,0,0,27,0,27,0,4,92,0,96,0,4,119,0,123,156,0,156,279
08/25/2020,OLM,WA,ANM,WE,Federal Contract Tower,0,5,26,2,33,0,2,72,6,80,0,7,98,8,113,188,0,188,301
08/26/2020,OLM,WA,ANM,WE,Federal Contract Tower,0,0,16,0,16,0,2,77,0,79,0,2,93,0,95,142,0,142,237
08/27/2020,OLM,WA,ANM,WE,Federal Contract Tower,0,3,33,8,44,0,0,91,0,91,0,3,124,8,135,170,2,172,307
08/28/2020,OLM,WA,ANM,WE,Federal Contract Tower,0,0,21,0,21,0,2,82,0,84,0,2,103,0,105,122,0,122,227
08/29/2020,OLM,WA,ANM,WE,Federal Contract Tower,0,1,17,0,18,0,4,49,0,53,0,5,66,0,71,92,0,92,163
08/30/2020,OLM,WA,ANM,WE,Federal Contract Tower,0,1,28,0,29,0,5,89,0,94,0,6,117,0,123,180,0,180,303
08/31/2020,OLM,WA,ANM,WE,Federal Contract Tower,0,0,27,0,27,0,3,52,1,56,0,3,79,1,83,168,0,168,251
09/01/2020,OLM,WA,ANM,WE,Federal Contract Tower,0,1,19,2,22,0,2,115,0,117,0,3,134,2,139,166,0,166,305
09/02/2020,OLM,WA,ANM,WE,Federal Contract Tower,0,2,31,6,39,0,6,84,1,91,0,8,115,7,130,132,8,140,270
09/03/2020,OLM,WA,ANM,WE,Federal Contract Tower,0,2,23,4,29,0,2,114,0,116,0,4,137,4,145,134,0,134,279
09/04/2020,OLM,WA,ANM,WE,Federal Contract Tower,0,0,27,0,27,0,2,113,0,115,0,2,140,0,142,122,0,122,264
09/05/2020,OLM,WA,ANM,WE,Federal Contract Tower,0,0,15,0,15,0,2,63,0,65,0,2,78,0,80,106,0,106,186
09/06/2020,OLM,WA,ANM,WE,Federal Contract Tower,0,2,16,0,18,0,6,95,2,103,0,8,111,2,121,48,0,48,169
09/07/2020,OLM,WA,ANM,WE,Federal Contract Tower,0,0,10,0,10,0,1,43,0,44,0,1,53,0,54,2,0,2,56
09/08/2020,OLM,WA,ANM,WE,Federal Contract Tower,0,0,6,0,6,0,8,86,2,96,0,8,92,2,102,56,0,56,158
09/09/2020,OLM,WA,ANM,WE,Federal Contract Tower,0,0,25,2,27,0,2,87,3,92,0,2,112,5,119,136,0,136,255
09/10/2020,OLM,WA,ANM,WE,Federal Contract Tower,0,1,16,0,17,0,0,70,3,73,0,1,86,3,90,168,2,170,260
09/11/2020,OLM,WA,ANM,WE,Federal Contract Tower,0,2,20,2,24,0,0,4,0,4,0,2,24,2,28,0,0,0,28
09/12/2020,OLM,WA,ANM,WE,Federal Contract Tower,0,3,11,0,14,0,0,1,0,1,0,3,12,0,15,0,0,0,15
09/13/2020,OLM,WA,ANM,WE,Federal Contract Tower,0,2,7,0,9,0,0,0,0,0,0,2,7,0,9,0,0,0,9
09/14/2020,OLM,WA,ANM,WE,Federal Contract Tower,0,0,7,0,7,0,0,0,0,0,0,0,7,0,7,0,0,0,7
09/15/2020,OLM,WA,ANM,WE,Federal Contract Tower,0,1,14,2,17,0,0,0,0,0,0,1,14,2,17,0,0,0,17
09/16/2020,OLM,WA,ANM,WE,Federal Contract Tower,0,0,7,0,7,0,0,1,0,1,0,0,8,0,8,0,0,0,8
09/17/2020,OLM,WA,ANM,WE,Federal Contract Tower,0,1,11,0,12,0,0,0,0,0,0,1,11,0,12,0,0,0,12
09/18/2020,OLM,WA,ANM,WE,Federal Contract Tower,0,5,5,0,10,0,1,15,0,16,0,6,20,0,26,18,0,18,44
09/19/2020,OLM,WA,ANM,WE,Federal Contract Tower,0,3,16,0,19,0,0,72,0,72,0,3,88,0,91,142,0,142,233
09/20/2020,OLM,WA,ANM,WE,Federal Contract Tower,0,1,24,0,25,0,2,74,4,80,0,3,98,4,105,120,0,120,225
09/21/2020,OLM,WA,ANM,WE,Federal Contract Tower,0,0,11,0,11,0,6,117,2,125,0,6,128,2,136,128,0,128,264
09/22/2020,OLM,WA,ANM,WE,Federal Contract Tower,0,0,42,2,44,0,4,89,0,93,0,4,131,2,137,204,12,216,353
09/23/2020,OLM,WA,ANM,WE,Federal Contract Tower,0,0,5,0,5,0,0,1,0,1,0,0,6,0,6,14,0,14,20
09/24/2020,OLM,WA,ANM,WE,Federal Contract Tower,0,1,5,6,12,0,0,18,0,18,0,1,23,6,30,46,0,46,76
09/25/2020,OLM,WA,ANM,WE,Federal Contract Tower,0,0,15,0,15,0,2,3,0,5,0,2,18,0,20,0,0,0,20
09/26/2020,OLM,WA,ANM,WE,Federal Contract Tower,0,0,30,2,32,0,2,20,0,22,0,2,50,2,54,48,0,48,102
09/27/2020,OLM,WA,ANM,WE,Federal Contract Tower,0,1,23,0,24,0,1,60,2,63,0,2,83,2,87,68,0,68,155
09/28/2020,OLM,WA,ANM,WE,Federal Contract Tower,0,0,24,2,26,0,7,116,4,127,0,7,140,6,153,146,6,152,305
09/29/2020,OLM,WA,ANM,WE,Federal Contract Tower,0,1,29,2,32,0,2,87,4,93,0,3,116,6,125,178,0,178,303
09/30/2020,OLM,WA,ANM,WE,Federal Contract Tower,0,1,29,0,30,0,2,89,2,93,0,3,118,2,123,194,0,194,317
10/01/2020,OLM,WA,ANM,WE,Federal Contract Tower,0,0,28,4,32,0,1,33,0,34,0,1,61,4,66,76,0,76,142
10/02/2020,OLM,WA,ANM,WE,Federal Contract Tower,0,1,19,0,20,0,2,43,0,45,0,3,62,0,65,58,0,58,123
10/03/2020,OLM,WA,ANM,WE,Federal Contract Tower,0,0,5,0,5,0,0,9,0,9,0,0,14,0,14,50,0,50,64
10/04/2020,OLM,WA,ANM,WE,Federal Contract Tower,0,4,23,0,27,0,4,14,0,18,0,8,37,0,45,44,0,44,89
10/05/2020,OLM,WA,ANM,WE,Federal Contract Tower,0,2,15,2,19,0,0,0,0,0,0,2,15,2,19,176,2,178,197
10/06/2020,OLM,WA,ANM,WE,Federal Contract Tower,0,1,39,4,44,0,5,74,0,79,0,6,113,4,123,132,2,134,257
10/07/2020,OLM,WA,ANM,WE,Federal Contract Tower,0,0,29,2,31,0,2,42,4,48,0,2,71,6,79,134,10,144,223
10/08/2020,OLM,WA,ANM,WE,Federal Contract Tower,0,2,19,8,29,0,1,72,4,77,0,3,91,12,106,236,0,236,342
10/09/2020,OLM,WA,ANM,WE,Federal Contract Tower,0,0,23,0,23,0,2,60,0,62,0,2,83,0,85,86,0,86,171
10/10/2020,OLM,WA,ANM,WE,Federal Contract Tower,0,2,0,0,2,0,0,23,0,23,0,2,23,0,25,78,2,80,105
10/11/2020,OLM,WA,ANM,WE,Federal Contract Tower,0,0,6,0,6,0,2,0,0,2,0,2,6,0,8,8,0,8,16
10/12/2020,OLM,WA,ANM,WE,Federal Contract Tower,0,0,24,0,24,0,1,63,6,70,0,1,87,6,94,133,0,133,227
10/13/2020,OLM,WA,ANM,WE,Federal Contract Tower,0,0,5,2,7,0,1,0,0,1,0,1,5,2,8,0,0,0,8
10/14/2020,OLM,WA,ANM,WE,Federal Contract Tower,0,0,29,2,31,0,3,86,1,90,0,3,115,3,121,118,0,118,239
10/15/2020,OLM,WA,ANM,WE,Federal Contract Tower,0,0,29,6,35,0,2,97,0,99,0,2,126,6,134,146,0,146,280
10/16/2020,OLM,WA,ANM,WE,Federal Contract Tower,0,0,14,7,21,0,0,4,1,5,0,0,18,8,26,4,0,4,30
10/17/2020,OLM,WA,ANM,WE,Federal Contract Tower,0,1,27,0,28,0,2,55,2,59,0,3,82,2,87,110,2,112,199
10/18/2020,OLM,WA,ANM,WE,Federal Contract Tower,0,2,18,4,24,0,0,3,0,3,0,2,21,4,27,0,0,0,27
10/19/2020,OLM,WA,ANM,WE,Federal Contract Tower,0,2,22,0,24,0,0,44,0,44,0,2,66,0,68,92,0,92,160
10/20/2020,OLM,WA,ANM,WE,Federal Contract Tower,0,0,51,8,59,0,2,80,0,82,0,2,131,8,141,110,0,110,251
10/21/2020,OLM,WA,ANM,WE,Federal Contract Tower,0,3,24,8,35,0,2,77,0,79,0,5,101,8,114,74,0,74,188
10/22/2020,OLM,WA,ANM,WE,Federal Contract Tower,0,6,43,2,51,0,2,57,0,59,0,8,100,2,110,50,0,50,160
10/23/2020,OLM,WA,ANM,WE,Federal Contract Tower,0,0,11,0,11,0,0,11,0,11,0,0,22,0,22,64,0,64,86
10/24/2020,OLM,WA,ANM,WE,Federal Contract Tower,0,0,30,0,30,0,2,95,0,97,0,2,125,0,127,102,0,102,229
10/25/2020,OLM,WA,ANM,WE,Federal Contract Tower,0,1,22,0,23,0,2,103,2,107,0,3,125,2,130,124,0,124,254
10/26/2020,OLM,WA,ANM,WE,Federal Contract Tower,0,0,35,0,35,0,2,92,0,94,0,2,127,0,129,112,0,112,241
10/27/2020,OLM,WA,ANM,WE,Federal Contract Tower,0,0,63,0,63,0,2,82,0,84,0,2,145,0,147,132,2,134,281
10/28/2020,OLM,WA,ANM,WE,Federal Contract Tower,0,0,24,4,28,0,5,95,1,101,0,5,119,5,129,118,16,134,263
10/29/2020,OLM,WA,ANM,WE,Federal Contract Tower,0,2,24,0,26,0,1,80,0,81,0,3,104,0,107,148,2,150,257
10/30/2020,OLM,WA,ANM,WE,Federal Contract Tower,0,0,16,2,18,0,0,50,0,50,0,0,66,2,68,62,0,62,130
10/31/2020,OLM,WA,ANM,WE,Federal Contract Tower,0,0,19,0,19,0,0,67,0,67,0,0,86,0,86,108,0,108,194
11/01/2020,OLM,WA,ANM,WE,Federal Contract Tower,0,0,18,0,18,0,4,90,0,94,0,4,108,0,112,166,0,166,278
11/02/2020,OLM,WA,ANM,WE,Federal Contract Tower,0,0,24,1,25,0,2,104,2,108,0,2,128,3,133,78,0,78,211
11/03/2020,OLM,WA,ANM,WE,Federal Contract Tower,0,2,9,14,25,0,0,3,0,3,0,2,12,14,28,4,0,4,32
11/04/2020,OLM,WA,ANM,WE,Federal Contract Tower,0,1,10,4,15,0,2,15,0,17,0,3,25,4,32,74,0,74,106
11/05/2020,OLM,WA,ANM,WE,Federal Contract Tower,0,1,14,6,21,0,2,15,0,17,0,3,29,6,38,106,0,106,144
11/06/2020,OLM,WA,ANM,WE,Federal Contract Tower,0,0,66,0,66,0,3,73,0,76,0,3,139,0,142,98,0,98,240
11/07/2020,OLM,WA,ANM,WE,Federal Contract Tower,0,2,8,2,12,0,1,30,0,31,0,3,38,2,43,62,0,62,105
11/08/2020,OLM,WA,ANM,WE,Federal Contract Tower,0,0,14,2,16,0,4,82,2,88,0,4,96,4,104,88,14,102,206
11/09/2020,OLM,WA,ANM,WE,Federal Contract Tower,0,0,17,0,17,0,2,77,1,80,0,2,94,1,97,148,0,148,245
11/10/2020,OLM,WA,ANM,WE,Federal Contract Tower,0,0,22,0,22,0,0,24,0,24,0,0,46,0,46,172,0,172,218
11/11/2020,OLM,WA,ANM,WE,Federal Contract Tower,0,2,38,0,40,0,1,75,0,76,0,3,113,0,116,84,0,84,200
11/12/2020,OLM,WA,ANM,WE,Federal Contract Tower,0,2,32,0,34,0,5,35,0,40,0,7,67,0,74,106,0,106,180
11/13/2020,OLM,WA,ANM,WE,Federal Contract Tower,0,0,3,0,3,0,0,10,0,10,0,0,13,0,13,0,0,0,13
11/14/2020,OLM,WA,ANM,WE,Federal Contract Tower,0,0,7,0,7,0,0,32,0,32,0,0,39,0,39,148,0,148,187
11/15/2020,OLM,WA,ANM,WE,Federal Contract Tower,0,2,20,0,22,0,1,22,0,23,0,3,42,0,45,70,0,70,115
11/16/2020,OLM,WA,ANM,WE,Federal Contract Tower,0,1,15,2,18,0,0,0,0,0,0,1,15,2,18,0,0,0,18
11/17/2020,OLM,WA,ANM,WE,Federal Contract Tower,0,0,4,0,4,0,0,11,0,11,0,0,15,0,15,24,0,24,39
11/18/2020,OLM,WA,ANM,WE,Federal Contract Tower,0,0,11,0,11,0,1,8,2,11,0,1,19,2,22,76,0,76,98
11/19/2020,OLM,WA,ANM,WE,Federal Contract Tower,0,1,37,0,38,0,2,39,2,43,0,3,76,2,81,128,10,138,219
11/20/2020,OLM,WA,ANM,WE,Federal Contract Tower,0,0,39,0,39,0,0,94,4,98,0,0,133,4,137,130,0,130,267
11/21/2020,OLM,WA,ANM,WE,Federal Contract Tower,0,1,40,0,41,0,2,112,0,114,0,3,152,0,155,234,0,234,389
11/22/2020,OLM,WA,ANM,WE,Federal Contract Tower,0,4,21,0,25,0,0,35,0,35,0,4,56,0,60,102,0,102,162
11/23/2020,OLM,WA,ANM,WE,Federal Contract Tower,0,5,22,4,31,0,4,53,0,57,0,9,75,4,88,128,4,132,220
11/24/2020,OLM,WA,ANM,WE,Federal Contract Tower,0,0,14,2,16,0,0,2,2,4,0,0,16,4,20,10,10,20,40
11/25/2020,OLM,WA,ANM,WE,Federal Contract Tower,0,0,28,0,28,0,2,33,0,35,0,2,61,0,63,118,2,120,183
11/26/2020,OLM,WA,ANM,WE,Federal Contract Tower,0,0,0,0,0,0,0,10,0,10,0,0,10,0,10,14,0,14,24
11/27/2020,OLM,WA,ANM,WE,Federal Contract Tower,0,4,26,0,30,0,3,87,0,90,0,7,113,0,120,140,0,140,260
11/28/2020,OLM,WA,ANM,WE,Federal Contract Tower,0,1,21,0,22,0,0,31,0,31,0,1,52,0,53,152,0,152,205
11/29/2020,OLM,WA,ANM,WE,Federal Contract Tower,0,0,11,0,11,0,0,0,0,0,0,0,11,0,11,0,0,0,11
11/30/2020,OLM,WA,ANM,WE,Federal Contract Tower,0,4,11,2,17,0,1,23,0,24,0,5,34,2,41,76,0,76,117
12/01/2020,OLM,WA,ANM,WE,Federal Contract Tower,0,1,25,2,28,0,3,57,9,69,0,4,82,11,97,76,8,84,181
12/02/2020,OLM,WA,ANM,WE,Federal Contract Tower,0,2,42,2,46,0,3,133,0,136,0,5,175,2,182,100,8,108,290
12/03/2020,OLM,WA,ANM,WE,Federal Contract Tower,0,0,50,2,52,0,1,88,1,90,0,1,138,3,142,124,0,124,266
12/04/2020,OLM,WA,ANM,WE,Federal Contract Tower,0,0,29,0,29,0,2,104,0,106,0,2,133,0,135,120,6,126,261
12/05/2020,OLM,WA,ANM,WE,Federal Contract Tower,0,2,26,0,28,0,1,107,0,108,0,3,133,0,136,182,0,182,318
12/06/2020,OLM,WA,ANM,WE,Federal Contract Tower,0,0,8,0,8,0,0,15,0,15,0,0,23,0,23,66,0,66,89
12/07/2020,OLM,WA,ANM,WE,Federal Contract Tower,0,0,32,4,36,0,1,69,0,70,0,1,101,4,106,122,4,126,232
12/08/2020,OLM,WA,ANM,WE,Federal Contract Tower,0,2,10,0,12,0,0,0,0,0,0,2,10,0,12,16,0,16,28
12/09/2020,OLM,WA,ANM,WE,Federal Contract Tower,0,0,16,0,16,0,2,63,0,65,0,2,79,0,81,122,0,122,203
12/10/2020,OLM,WA,ANM,WE,Federal Contract Tower,0,0,19,0,19,0,1,23,0,24,0,1,42,0,43,68,8,76,119
12/11/2020,OLM,WA,ANM,WE,Federal Contract Tower,0,3,3,0,6,0,4,29,0,33,0,7,32,0,39,88,12,100,139
12/12/2020,OLM,WA,ANM,WE,Federal Contract Tower,0,0,14,0,14,0,3,71,0,74,0,3,85,0,88,184,0,184,272
12/13/2020,OLM,WA,ANM,WE,Federal Contract Tower,0,0,6,0,6,0,2,2,0,4,0,2,8,0,10,22,0,22,32
12/14/2020,OLM,WA,ANM,WE,Federal Contract Tower,0,0,24,0,24,0,2,49,2,53,0,2,73,2,77,142,0,142,219
12/15/2020,OLM,WA,ANM,WE,Federal Contract Tower,0,0,2,0,2,0,0,18,2,20,0,0,20,2,22,76,10,86,108
12/16/2020,OLM,WA,ANM,WE,Federal Contract Tower,0,1,18,0,19,0,3,28,0,31,0,4,46,0,50,72,0,72,122
12/17/2020,OLM,WA,ANM,WE,Federal Contract Tower,0,1,20,0,21,0,3,48,0,51,0,4,68,0,72,106,6,112,184
12/18/2020,OLM,WA,ANM,WE,Federal Contract Tower,0,0,5,0,5,0,0,14,0,14,0,0,19,0,19,28,0,28,47
12/19/2020,OLM,WA,ANM,WE,Federal Contract Tower,0,0,6,0,6,0,0,15,0,15,0,0,21,0,21,52,0,52,73
12/20/2020,OLM,WA,ANM,WE,Federal Contract Tower,0,2,19,0,21,0,4,29,0,33,0,6,48,0,54,72,0,72,126
12/21/2020,OLM,WA,ANM,WE,Federal Contract Tower,0,2,0,0,2,0,0,0,0,0,0,2,0,0,2,0,0,0,2
12/22/2020,OLM,WA,ANM,WE,Federal Contract Tower,0,1,13,2,16,0,3,104,10,117,0,4,117,12,133,338,0,338,471
12/23/2020,OLM,WA,ANM,WE,Federal Contract Tower,0,2,21,2,25,0,4,71,0,75,0,6,92,2,100,106,0,106,206
12/24/2020,OLM,WA,ANM,WE,Federal Contract Tower,0,0,12,0,12,0,1,54,0,55,0,1,66,0,67,62,0,62,129
12/25/2020,OLM,WA,ANM,WE,Federal Contract Tower,0,0,1,0,1,0,0,0,0,0,0,0,1,0,1,0,0,0,1
12/26/2020,OLM,WA,ANM,WE,Federal Contract Tower,0,1,6,0,7,0,6,29,0,35,0,7,35,0,42,26,0,26,68
12/27/2020,OLM,WA,ANM,WE,Federal Contract Tower,0,1,13,2,16,0,0,21,0,21,0,1,34,2,37,14,0,14,51
12/28/2020,OLM,WA,ANM,WE,Federal Contract Tower,0,1,21,1,23,0,1,21,2,24,0,2,42,3,47,60,2,62,109
12/29/2020,OLM,WA,ANM,WE,Federal Contract Tower,0,0,27,2,29,0,3,64,4,71,0,3,91,6,100,158,4,162,262
12/30/2020,OLM,WA,ANM,WE,Federal Contract Tower,0,0,4,0,4,0,0,0,0,0,0,0,4,0,4,0,0,0,4
12/31/2020,OLM,WA,ANM,WE,Federal Contract Tower,0,0,16,0,16,0,0,16,0,16,0,0,32,0,32,94,0,94,126
01/01/2021,OLM,WA,ANM,WE,Federal Contract Tower,0,0,4,0,4,0,1,7,0,8,0,1,11,0,12,2,0,2,14
01/02/2021,OLM,WA,ANM,WE,Federal Contract Tower,0,0,0,0,0,0,2,0,0,2,0,2,0,0,2,0,0,0,2
01/03/2021,OLM,WA,ANM,WE,Federal Contract Tower,0,5,4,0,9,0,3,4,0,7,0,8,8,0,16,0,0,0,16
01/04/2021,OLM,WA,ANM,WE,Federal Contract Tower,0,0,8,0,8,0,0,12,2,14,0,0,20,2,22,48,10,58,80
01/05/2021,OLM,WA,ANM,WE,Federal Contract Tower,0,0,1,0,1,0,4,29,6,39,0,4,30,6,40,110,32,142,182
01/06/2021,OLM,WA,ANM,WE,Federal Contract Tower,0,0,28,4,32,0,2,40,2,44,0,2,68,6,76,70,0,70,146
01/07/2021,OLM,WA,ANM,WE,Federal Contract Tower,0,0,34,2,36,0,0,17,0,17,0,0,51,2,53,4,0,4,57
01/08/2021,OLM,WA,ANM,WE,Federal Contract Tower,0,0,19,0,19,0,1,60,0,61,0,1,79,0,80,118,0,118,198
01/09/2021,OLM,WA,ANM,WE,Federal Contract Tower,0,0,13,0,13,0,0,41,0,41,0,0,54,0,54,92,0,92,146
01/10/2021,OLM,WA,ANM,WE,Federal Contract Tower,0,1,24,0,25,0,0,68,6,74,0,1,92,6,99,154,0,154,253
01/11/2021,OLM,WA,ANM,WE,Federal Contract Tower,0,2,1,0,3,0,0,11,0,11,0,2,12,0,14,22,0,22,36
01/12/2021,OLM,WA,ANM,WE,Federal Contract Tower,0,7,14,0,21,0,2,8,0,10,0,9,22,0,31,24,0,24,55
01/13/2021,OLM,WA,ANM,WE,Federal Contract Tower,0,3,32,2,37,0,4,91,0,95,0,7,123,2,132,192,20,212,344
01/14/2021,OLM,WA,ANM,WE,Federal Contract Tower,0,4,41,0,45,0,1,106,0,107,0,5,147,0,152,136,0,136,288
01/15/2021,OLM,WA,ANM,WE,Federal Contract Tower,0,4,22,0,26,0,3,30,0,33,0,7,52,0,59,112,0,112,171
01/16/2021,OLM,WA,ANM,WE,Federal Contract Tower,0,0,12,0,12,0,1,20,0,21,0,1,32,0,33,52,0,52,85
01/17/2021,OLM,WA,ANM,WE,Federal Contract Tower,0,0,16,0,16,0,0,26,0,26,0,0,42,0,42,80,0,80,122
01/18/2021,OLM,WA,ANM,WE,Federal Contract Tower,0,0,27,0,27,0,0,67,0,67,0,0,94,0,94,142,0,142,236
01/19/2021,OLM,WA,ANM,WE,Federal Contract Tower,0,0,57,2,59,0,0,79,0,79,0,0,136,2,138,164,0,164,302
01/20/2021,OLM,WA,ANM,WE,Federal Contract Tower,0,1,22,0,23,0,2,29,0,31,0,3,51,0,54,98,0,98,152
01/21/2021,OLM,WA,ANM,WE,Federal Contract Tower,0,0,7,0,7,0,3,7,0,10,0,3,14,0,17,78,0,78,95
01/22/2021,OLM,WA,ANM,WE,Federal Contract Tower,0,0,45,0,45,0,0,85,0,85,0,0,130,0,130,136,0,136,266
01/23/2021,OLM,WA,ANM,WE,Federal Contract Tower,0,0,35,0,35,0,2,122,0,124,0,2,157,0,159,98,0,98,257
01/24/2021,OLM,WA,ANM,WE,Federal Contract Tower,0,0,3,0,3,0,0,2,0,2,0,0,5,0,5,4,0,4,9
01/25/2021,OLM,WA,ANM,WE,Federal Contract Tower,0,4,4,0,8,0,6,28,0,34,0,10,32,0,42,132,0,132,174
01/26/2021,OLM,WA,ANM,WE,Federal Contract Tower,0,0,33,2,35,0,7,67,0,74,0,7,100,2,109,164,26,190,299
01/27/2021,OLM,WA,ANM,WE,Federal Contract Tower,0,0,4,0,4,0,1,29,0,30,0,1,33,0,34,100,0,100,134
01/28/2021,OLM,WA,ANM,WE,Federal Contract Tower,0,0,20,4,24,0,8,58,4,70,0,8,78,8,94,86,10,96,190
01/29/2021,OLM,WA,ANM,WE,Federal Contract Tower,0,0,15,0,15,0,8,39,0,47,0,8,54,0,62,92,0,92,154
01/30/2021,OLM,WA,ANM,WE,Federal Contract Tower,0,0,10,0,10,0,2,30,0,32,0,2,40,0,42,52,0,52,94
01/31/2021,OLM,WA,ANM,WE,Federal Contract Tower,0,0,4,0,4,0,0,1,0,1,0,0,5,0,5,12,0,12,17
02/01/2021,OLM,WA,ANM,WE,Federal Contract Tower,0,3,22,0,25,0,2,7,0,9,0,5,29,0,34,70,0,70,104
02/02/2021,OLM,WA,ANM,WE,Federal Contract Tower,0,0,2,3,5,0,4,12,2,18,0,4,14,5,23,28,0,28,51
02/03/2021,OLM,WA,ANM,WE,Federal Contract Tower,0,0,11,0,11,0,6,54,2,62,0,6,65,2,73,172,2,174,247
02/04/2021,OLM,WA,ANM,WE,Federal Contract Tower,0,0,7,10,17,0,1,15,1,17,0,1,22,11,34,40,10,50,84
02/05/2021,OLM,WA,ANM,WE,Federal Contract Tower,0,1,35,2,38,0,8,92,0,100,0,9,127,2,138,132,2,134,272
02/06/2021,OLM,WA,ANM,WE,Federal Contract Tower,0,1,11,0,12,0,3,0,0,3,0,4,11,0,15,0,0,0,15
02/07/2021,OLM,WA,ANM,WE,Federal Contract Tower,0,0,6,0,6,0,3,37,0,40,0,3,43,0,46,42,0,42,88
02/08/2021,OLM,WA,ANM,WE,Federal Contract Tower,0,0,42,0,42,0,0,69,0,69,0,0,111,0,111,128,4,132,243
02/09/2021,OLM,WA,ANM,WE,Federal Contract Tower,0,2,18,0,20,0,0,90,0,90,0,2,108,0,110,176,0,176,286
02/10/2021,OLM,WA,ANM,WE,Federal Contract Tower,0,0,51,0,51,0,0,66,13,79,0,0,117,13,130,144,12,156,286
02/11/2021,OLM,WA,ANM,WE,Federal Contract Tower,0,0,4,0,4,0,0,1,0,1,0,0,5,0,5,0,0,0,5
02/12/2021,OLM,WA,ANM,WE,Federal Contract Tower,0,0,2,0,2,0,0,0,0,0,0,0,2,0,2,0,0,0,2
02/13/2021,OLM,WA,ANM,WE,Federal Contract Tower,0,0,0,0,0,0,0,0,0,0,0,0,0,0,0,0,0,0,0
02/14/2021,OLM,WA,ANM,WE,Federal Contract Tower,0,0,1,0,1,0,0,0,0,0,0,0,1,0,1,0,0,0,1
02/15/2021,OLM,WA,ANM,WE,Federal Contract Tower,0,1,3,0,4,0,0,0,0,0,0,1,3,0,4,0,0,0,4
02/16/2021,OLM,WA,ANM,WE,Federal Contract Tower,0,0,22,4,26,0,3,48,2,53,0,3,70,6,79,108,0,108,187
02/17/2021,OLM,WA,ANM,WE,Federal Contract Tower,0,0,36,6,42,0,2,84,0,86,0,2,120,6,128,157,0,157,285
02/18/2021,OLM,WA,ANM,WE,Federal Contract Tower,0,3,16,2,21,0,0,9,0,9,0,3,25,2,30,26,0,26,56
02/19/2021,OLM,WA,ANM,WE,Federal Contract Tower,0,1,38,0,39,0,3,47,0,50,0,4,85,0,89,128,0,128,217
02/20/2021,OLM,WA,ANM,WE,Federal Contract Tower,0,0,23,0,23,0,1,68,0,69,0,1,91,0,92,170,0,170,262
02/21/2021,OLM,WA,ANM,WE,Federal Contract Tower,0,3,1,0,4,0,0,6,0,6,0,3,7,0,10,4,0,4,14
02/22/2021,OLM,WA,ANM,WE,Federal Contract Tower,0,0,1,0,1,0,1,1,0,2,0,1,2,0,3,0,0,0,3
02/23/2021,OLM,WA,ANM,WE,Federal Contract Tower,0,3,7,2,12,0,1,36,4,41,0,4,43,6,53,30,2,32,85
02/24/2021,OLM,WA,ANM,WE,Federal Contract Tower,0,0,44,0,44,0,1,95,0,96,0,1,139,0,140,238,0,238,378
02/25/2021,OLM,WA,ANM,WE,Federal Contract Tower,0,0,9,0,9,0,0,9,0,9,0,0,18,0,18,0,0,0,18
02/26/2021,OLM,WA,ANM,WE,Federal Contract Tower,0,0,18,0,18,0,0,25,0,25,0,0,43,0,43,36,0,36,79
02/27/2021,OLM,WA,ANM,WE,Federal Contract Tower,0,0,53,0,53,0,2,104,0,106,0,2,157,0,159,162,0,162,321
02/28/2021,OLM,WA,ANM,WE,Federal Contract Tower,0,0,19,0,19,0,0,26,0,26,0,0,45,0,45,104,0,104,149
03/01/2021,OLM,WA,ANM,WE,Federal Contract Tower,0,0,41,0,41,0,1,95,0,96,0,1,136,0,137,194,0,194,331
03/02/2021,OLM,WA,ANM,WE,Federal Contract Tower,0,2,31,2,35,0,4,78,2,84,0,6,109,4,119,226,6,232,351
03/03/2021,OLM,WA,ANM,WE,Federal Contract Tower,0,1,47,0,48,0,1,119,0,120,0,2,166,0,168,204,0,204,372
03/04/2021,OLM,WA,ANM,WE,Federal Contract Tower,0,1,24,0,25,0,0,37,0,37,0,1,61,0,62,134,0,134,196
03/05/2021,OLM,WA,ANM,WE,Federal Contract Tower,0,0,11,0,11,0,5,14,0,19,0,5,25,0,30,88,0,88,118
03/06/2021,OLM,WA,ANM,WE,Federal Contract Tower,0,0,18,0,18,0,0,26,0,26,0,0,44,0,44,76,0,76,120
03/07/2021,OLM,WA,ANM,WE,Federal Contract Tower,0,0,4,0,4,0,2,3,0,5,0,2,7,0,9,0,0,0,9
03/08/2021,OLM,WA,ANM,WE,Federal Contract Tower,0,0,31,2,33,0,0,71,4,75,0,0,102,6,108,128,10,138,246
03/10/2021,OLM,WA,ANM,WE,Federal Contract Tower,0,0,23,2,25,0,1,91,0,92,0,1,114,2,117,144,0,144,261
03/11/2021,OLM,WA,ANM,WE,Federal Contract Tower,0,0,56,0,56,0,0,137,0,137,0,0,193,0,193,90,0,90,283
03/12/2021,OLM,WA,ANM,WE,Federal Contract Tower,0,0,37,0,37,0,0,114,0,114,0,0,151,0,151,144,2,146,297
03/13/2021,OLM,WA,ANM,WE,Federal Contract Tower,0,0,25,0,25,0,0,90,0,90,0,0,115,0,115,78,0,78,193
03/14/2021,OLM,WA,ANM,WE,Federal Contract Tower,0,0,17,0,17,0,0,39,0,39,0,0,56,0,56,87,0,87,143
03/15/2021,OLM,WA,ANM,WE,Federal Contract Tower,0,0,14,6,20,0,0,0,0,0,0,0,14,6,20,130,12,142,162
03/16/2021,OLM,WA,ANM,WE,Federal Contract Tower,0,0,43,0,43,0,0,122,0,122,0,0,165,0,165,138,0,138,303
03/17/2021,OLM,WA,ANM,WE,Federal Contract Tower,0,0,35,10,45,0,1,116,0,117,0,1,151,10,162,220,0,220,382
03/18/2021,OLM,WA,ANM,WE,Federal Contract Tower,0,2,22,0,24,0,0,23,0,23,0,2,45,0,47,40,0,40,87
03/19/2021,OLM,WA,ANM,WE,Federal Contract Tower,0,0,12,0,12,0,4,20,0,24,0,4,32,0,36,56,4,60,96
03/20/2021,OLM,WA,ANM,WE,Federal Contract Tower,0,3,13,0,16,0,6,19,0,25,0,9,32,0,41,44,0,44,85
03/21/2021,OLM,WA,ANM,WE,Federal Contract Tower,0,0,4,0,4,0,2,22,0,24,0,2,26,0,28,114,0,114,142
03/22/2021,OLM,WA,ANM,WE,Federal Contract Tower,0,0,18,10,28,0,0,55,4,59,0,0,73,14,87,94,0,94,181
03/23/2021,OLM,WA,ANM,WE,Federal Contract Tower,0,1,37,0,38,0,1,86,1,88,0,2,123,1,126,155,0,155,281
03/24/2021,OLM,WA,ANM,WE,Federal Contract Tower,0,0,6,6,12,0,2,1,0,3,0,2,7,6,15,0,0,0,15
03/25/2021,OLM,WA,ANM,WE,Federal Contract Tower,0,2,30,8,40,0,1,44,0,45,0,3,74,8,85,130,0,130,215
03/26/2021,OLM,WA,ANM,WE,Federal Contract Tower,0,0,34,0,34,0,2,84,2,88,0,2,118,2,122,156,0,156,278
03/27/2021,OLM,WA,ANM,WE,Federal Contract Tower,0,0,33,0,33,0,2,95,0,97,0,2,128,0,130,148,0,148,278
03/28/2021,OLM,WA,ANM,WE,Federal Contract Tower,0,0,2,0,2,0,0,2,0,2,0,0,4,0,4,2,0,2,6
03/29/2021,OLM,WA,ANM,WE,Federal Contract Tower,0,0,32,2,34,0,8,65,2,75,0,8,97,4,109,128,6,134,243
03/30/2021,OLM,WA,ANM,WE,Federal Contract Tower,0,2,31,8,41,0,2,84,6,92,0,4,115,14,133,132,4,136,269
03/31/2021,OLM,WA,ANM,WE,Federal Contract Tower,0,0,29,0,29,0,0,142,0,142,0,0,171,0,171,212,0,212,383
04/01/2021,OLM,WA,ANM,WE,Federal Contract Tower,0,1,31,1,33,0,0,109,0,109,0,1,140,1,142,136,0,136,278
04/02/2021,OLM,WA,ANM,WE,Federal Contract Tower,0,0,33,0,33,0,1,95,0,96,0,1,128,0,129,160,0,160,289
04/03/2021,OLM,WA,ANM,WE,Federal Contract Tower,0,0,35,0,35,0,1,117,0,118,0,1,152,0,153,104,0,104,257
04/04/2021,OLM,WA,ANM,WE,Federal Contract Tower,0,0,9,0,9,0,6,16,0,22,0,6,25,0,31,30,0,30,61
04/05/2021,OLM,WA,ANM,WE,Federal Contract Tower,0,3,14,0,17,0,2,99,1,102,0,5,113,1,119,176,0,176,295
04/06/2021,OLM,WA,ANM,WE,Federal Contract Tower,0,1,27,6,34,0,2,96,0,98,0,3,123,6,132,148,0,148,280
04/07/2021,OLM,WA,ANM,WE,Federal Contract Tower,0,0,14,0,14,0,3,19,0,22,0,3,33,0,36,14,0,14,50
04/08/2021,OLM,WA,ANM,WE,Federal Contract Tower,0,3,21,2,26,0,0,86,0,86,0,3,107,2,112,90,0,90,202
04/09/2021,OLM,WA,ANM,WE,Federal Contract Tower,0,0,24,0,24,0,1,55,0,56,0,1,79,0,80,194,0,194,274
04/10/2021,OLM,WA,ANM,WE,Federal Contract Tower,0,0,16,0,16,0,5,86,0,91,0,5,102,0,107,138,0,138,245
04/11/2021,OLM,WA,ANM,WE,Federal Contract Tower,0,0,23,3,26,0,4,105,6,115,0,4,128,9,141,142,0,142,283
04/12/2021,OLM,WA,ANM,WE,Federal Contract Tower,0,0,20,0,20,0,2,112,5,119,0,2,132,5,139,162,10,172,311
04/13/2021,OLM,WA,ANM,WE,Federal Contract Tower,0,0,20,4,24,0,3,63,2,68,0,3,83,6,92,40,10,50,142
04/14/2021,OLM,WA,ANM,WE,Federal Contract Tower,0,0,22,0,22,0,1,122,4,127,0,1,144,4,149,315,4,319,468
04/15/2021,OLM,WA,ANM,WE,Federal Contract Tower,0,0,35,2,37,0,3,119,1,123,0,3,154,3,160,164,2,166,326
04/16/2021,OLM,WA,ANM,WE,Federal Contract Tower,0,3,27,0,30,0,2,128,0,130,0,5,155,0,160,206,0,206,366
04/17/2021,OLM,WA,ANM,WE,Federal Contract Tower,0,0,30,0,30,0,1,134,0,135,0,1,164,0,165,244,0,244,409
04/18/2021,OLM,WA,ANM,WE,Federal Contract Tower,0,0,26,1,27,0,2,111,4,117,0,2,137,5,144,50,0,50,194
04/19/2021,OLM,WA,ANM,WE,Federal Contract Tower,0,0,38,2,40,0,2,96,0,98,0,2,134,2,138,102,0,102,240
04/20/2021,OLM,WA,ANM,WE,Federal Contract Tower,0,1,28,0,29,0,2,95,0,97,0,3,123,0,126,178,0,178,304
04/21/2021,OLM,WA,ANM,WE,Federal Contract Tower,0,0,48,0,48,0,2,125,0,127,0,2,173,0,175,148,2,150,325
04/22/2021,OLM,WA,ANM,WE,Federal Contract Tower,0,1,31,2,34,0,1,47,0,48,0,2,78,2,82,242,2,244,326
04/23/2021,OLM,WA,ANM,WE,Federal Contract Tower,0,2,20,0,22,0,0,72,0,72,0,2,92,0,94,120,0,120,214
04/24/2021,OLM,WA,ANM,WE,Federal Contract Tower,0,0,14,1,15,0,0,11,0,11,0,0,25,1,26,22,0,22,48
04/25/2021,OLM,WA,ANM,WE,Federal Contract Tower,0,2,7,0,9,0,4,23,6,33,0,6,30,6,42,106,0,106,148
04/26/2021,OLM,WA,ANM,WE,Federal Contract Tower,0,0,20,0,20,0,1,81,2,84,0,1,101,2,104,200,0,200,304
04/27/2021,OLM,WA,ANM,WE,Federal Contract Tower,0,0,53,0,53,0,3,82,3,88,0,3,135,3,141,98,0,98,239
04/28/2021,OLM,WA,ANM,WE,Federal Contract Tower,0,0,14,0,14,0,0,77,4,81,0,0,91,4,95,165,0,165,260
04/29/2021,OLM,WA,ANM,WE,Federal Contract Tower,0,0,21,0,21,0,2,119,2,123,0,2,140,2,144,124,0,124,268
04/30/2021,OLM,WA,ANM,WE,Federal Contract Tower,0,1,19,0,20,0,2,15,0,17,0,3,34,0,37,12,0,12,49
05/01/2021,OLM,WA,ANM,WE,Federal Contract Tower,0,0,30,2,32,0,1,72,0,73,0,1,102,2,105,86,0,86,191
05/02/2021,OLM,WA,ANM,WE,Federal Contract Tower,0,0,22,0,22,0,4,81,4,89,0,4,103,4,111,116,0,116,227
05/03/2021,OLM,WA,ANM,WE,Federal Contract Tower,0,1,26,2,29,0,0,30,0,30,0,1,56,2,59,102,0,102,161
05/04/2021,OLM,WA,ANM,WE,Federal Contract Tower,0,0,32,2,34,0,2,65,0,67,0,2,97,2,101,116,0,116,217
05/05/2021,OLM,WA,ANM,WE,Federal Contract Tower,0,1,17,0,18,0,2,96,1,99,0,3,113,1,117,125,0,125,242
05/06/2021,OLM,WA,ANM,WE,Federal Contract Tower,0,3,14,2,19,0,0,36,0,36,0,3,50,2,55,64,0,64,119
05/07/2021,OLM,WA,ANM,WE,Federal Contract Tower,0,1,22,0,23,0,2,50,0,52,0,3,72,0,75,50,0,50,125
05/08/2021,OLM,WA,ANM,WE,Federal Contract Tower,0,3,17,0,20,0,4,54,0,58,0,7,71,0,78,48,0,48,126
05/09/2021,OLM,WA,ANM,WE,Federal Contract Tower,0,2,11,1,14,0,0,33,1,34,0,2,44,2,48,84,0,84,132
05/10/2021,OLM,WA,ANM,WE,Federal Contract Tower,0,1,16,0,17,0,4,70,1,75,0,5,86,1,92,124,0,124,216
05/11/2021,OLM,WA,ANM,WE,Federal Contract Tower,0,0,31,2,33,0,4,91,1,96,0,4,122,3,129,152,0,152,281
05/12/2021,OLM,WA,ANM,WE,Federal Contract Tower,0,1,19,0,20,0,2,89,2,93,0,3,108,2,113,150,0,150,263
05/13/2021,OLM,WA,ANM,WE,Federal Contract Tower,0,1,18,2,21,0,5,85,0,90,0,6,103,2,111,158,0,158,269
05/14/2021,OLM,WA,ANM,WE,Federal Contract Tower,0,0,26,2,28,0,1,109,0,110,0,1,135,2,138,170,0,170,308
05/15/2021,OLM,WA,ANM,WE,Federal Contract Tower,0,0,14,0,14,0,1,125,0,126,0,1,139,0,140,178,0,178,318
05/16/2021,OLM,WA,ANM,WE,Federal Contract Tower,0,2,22,0,24,0,4,98,2,104,0,6,120,2,128,174,0,174,302
05/17/2021,OLM,WA,ANM,WE,Federal Contract Tower,0,0,16,0,16,0,2,38,7,47,0,2,54,7,63,96,0,96,159
05/18/2021,OLM,WA,ANM,WE,Federal Contract Tower,0,3,23,4,30,0,3,49,5,57,0,6,72,9,87,158,0,158,245
05/19/2021,OLM,WA,ANM,WE,Federal Contract Tower,0,5,8,0,13,0,0,76,0,76,0,5,84,0,89,59,0,59,148
05/20/2021,OLM,WA,ANM,WE,Federal Contract Tower,0,0,22,0,22,0,2,77,1,80,0,2,99,1,102,130,0,130,232
05/21/2021,OLM,WA,ANM,WE,Federal Contract Tower,0,1,30,2,33,0,0,62,0,62,0,1,92,2,95,136,2,138,233
05/22/2021,OLM,WA,ANM,WE,Federal Contract Tower,0,1,43,0,44,0,1,57,0,58,0,2,100,0,102,142,0,142,244
05/23/2021,OLM,WA,ANM,WE,Federal Contract Tower,0,0,14,0,14,0,4,19,0,23,0,4,33,0,37,68,0,68,105
05/24/2021,OLM,WA,ANM,WE,Federal Contract Tower,0,1,14,6,21,0,1,4,0,5,0,2,18,6,26,30,0,30,56
05/25/2021,OLM,WA,ANM,WE,Federal Contract Tower,0,2,15,9,26,0,2,63,3,68,0,4,78,12,94,130,0,130,224
05/26/2021,OLM,WA,ANM,WE,Federal Contract Tower,0,0,31,0,31,0,0,127,0,127,0,0,158,0,158,183,0,183,341
05/27/2021,OLM,WA,ANM,WE,Federal Contract Tower,0,0,4,2,6,0,0,4,0,4,0,0,8,2,10,6,0,6,16
05/28/2021,OLM,WA,ANM,WE,Federal Contract Tower,0,0,33,0,33,0,0,92,0,92,0,0,125,0,125,124,0,124,249
05/29/2021,OLM,WA,ANM,WE,Federal Contract Tower,0,2,17,0,19,0,1,132,0,133,0,3,149,0,152,94,0,94,246
05/30/2021,OLM,WA,ANM,WE,Federal Contract Tower,0,0,17,0,17,0,8,92,0,100,0,8,109,0,117,134,0,134,251
05/31/2021,OLM,WA,ANM,WE,Federal Contract Tower,0,0,36,0,36,0,2,67,0,69,0,2,103,0,105,176,0,176,281
06/01/2021,OLM,WA,ANM,WE,Federal Contract Tower,0,0,25,0,25,0,3,96,2,101,0,3,121,2,126,112,0,112,238
06/02/2021,OLM,WA,ANM,WE,Federal Contract Tower,0,0,26,0,26,0,6,150,3,159,0,6,176,3,185,264,0,264,449
06/03/2021,OLM,WA,ANM,WE,Federal Contract Tower,0,0,17,2,19,0,1,102,0,103,0,1,119,2,122,168,2,170,292
06/04/2021,OLM,WA,ANM,WE,Federal Contract Tower,0,5,2,0,7,0,3,95,0,98,0,8,97,0,105,178,0,178,283
06/05/2021,OLM,WA,ANM,WE,Federal Contract Tower,0,0,8,0,8,0,3,17,0,20,0,3,25,0,28,100,0,100,128
06/06/2021,OLM,WA,ANM,WE,Federal Contract Tower,0,5,7,3,15,0,4,19,2,25,0,9,26,5,40,60,0,60,100
06/07/2021,OLM,WA,ANM,WE,Federal Contract Tower,0,0,16,6,22,0,3,47,0,50,0,3,63,6,72,226,0,226,298
06/08/2021,OLM,WA,ANM,WE,Federal Contract Tower,0,0,23,0,23,0,4,67,0,71,0,4,90,0,94,154,0,154,248
06/09/2021,OLM,WA,ANM,WE,Federal Contract Tower,0,0,19,0,19,0,2,86,0,88,0,2,105,0,107,151,0,151,258
06/10/2021,OLM,WA,ANM,WE,Federal Contract Tower,0,0,19,0,19,0,4,70,0,74,0,4,89,0,93,114,0,114,207
06/11/2021,OLM,WA,ANM,WE,Federal Contract Tower,0,3,19,0,22,0,0,35,0,35,0,3,54,0,57,104,0,104,161
06/12/2021,OLM,WA,ANM,WE,Federal Contract Tower,0,6,31,0,37,0,2,115,0,117,0,8,146,0,154,224,0,224,378
06/13/2021,OLM,WA,ANM,WE,Federal Contract Tower,0,2,25,0,27,0,0,0,0,0,0,2,25,0,27,20,0,20,47
06/14/2021,OLM,WA,ANM,WE,Federal Contract Tower,0,0,20,0,20,0,3,29,0,32,0,3,49,0,52,66,0,66,118
06/15/2021,OLM,WA,ANM,WE,Federal Contract Tower,0,2,14,4,20,0,4,45,0,49,0,6,59,4,69,102,0,102,171
06/16/2021,OLM,WA,ANM,WE,Federal Contract Tower,0,1,38,2,41,0,0,82,2,84,0,1,120,4,125,273,0,273,398
06/17/2021,OLM,WA,ANM,WE,Federal Contract Tower,0,1,54,4,59,0,2,125,0,127,0,3,179,4,186,234,0,234,420
06/18/2021,OLM,WA,ANM,WE,Federal Contract Tower,0,0,38,0,38,0,0,123,0,123,0,0,161,0,161,258,0,258,419
06/19/2021,OLM,WA,ANM,WE,Federal Contract Tower,0,0,23,0,23,0,1,125,0,126,0,1,148,0,149,270,0,270,419
06/20/2021,OLM,WA,ANM,WE,Federal Contract Tower,0,0,16,0,16,0,5,88,0,93,0,5,104,0,109,96,0,96,205
06/21/2021,OLM,WA,ANM,WE,Federal Contract Tower,0,4,23,6,33,0,1,75,1,77,0,5,98,7,110,96,0,96,206
06/22/2021,OLM,WA,ANM,WE,Federal Contract Tower,0,6,34,2,42,0,12,61,2,75,0,18,95,4,117,240,0,240,357
06/23/2021,OLM,WA,ANM,WE,Federal Contract Tower,0,3,38,2,43,0,2,97,0,99,0,5,135,2,142,251,0,251,393
06/24/2021,OLM,WA,ANM,WE,Federal Contract Tower,0,0,26,6,32,0,2,117,0,119,0,2,143,6,151,158,0,158,309
06/25/2021,OLM,WA,ANM,WE,Federal Contract Tower,0,3,11,0,14,0,2,123,1,126,0,5,134,1,140,158,0,158,298
06/26/2021,OLM,WA,ANM,WE,Federal Contract Tower,0,0,7,0,7,0,4,99,0,103,0,4,106,0,110,180,0,180,290
06/27/2021,OLM,WA,ANM,WE,Federal Contract Tower,0,0,11,0,11,0,4,33,0,37,0,4,44,0,48,24,0,24,72
06/28/2021,OLM,WA,ANM,WE,Federal Contract Tower,0,1,14,2,17,0,7,26,0,33,0,8,40,2,50,46,0,46,96
06/29/2021,OLM,WA,ANM,WE,Federal Contract Tower,0,3,11,5,19,0,4,78,2,84,0,7,89,7,103,198,0,198,301
06/30/2021,OLM,WA,ANM,WE,Federal Contract Tower,0,0,38,0,38,0,3,95,0,98,0,3,133,0,136,240,0,240,376
07/01/2021,OLM,WA,ANM,WE,Federal Contract Tower,0,5,21,0,26,0,1,81,0,82,0,6,102,0,108,228,0,228,336
07/02/2021,OLM,WA,ANM,WE,Federal Contract Tower,0,1,32,0,33,0,3,95,0,98,0,4,127,0,131,134,2,136,267
07/03/2021,OLM,WA,ANM,WE,Federal Contract Tower,0,3,23,0,26,0,2,89,0,91,0,5,112,0,117,114,0,114,231
07/04/2021,OLM,WA,ANM,WE,Federal Contract Tower,0,7,7,0,14,0,4,36,0,40,0,11,43,0,54,54,0,54,108
07/05/2021,OLM,WA,ANM,WE,Federal Contract Tower,0,5,29,0,34,0,3,61,0,64,0,8,90,0,98,100,0,100,198
07/06/2021,OLM,WA,ANM,WE,Federal Contract Tower,0,1,24,0,25,0,2,44,2,48,0,3,68,2,73,124,0,124,197
07/07/2021,OLM,WA,ANM,WE,Federal Contract Tower,0,1,33,0,34,0,4,61,0,65,0,5,94,0,99,166,0,166,265
07/08/2021,OLM,WA,ANM,WE,Federal Contract Tower,0,0,33,4,37,0,3,111,0,114,0,3,144,4,151,150,0,150,301
07/09/2021,OLM,WA,ANM,WE,Federal Contract Tower,0,1,14,0,15,0,2,107,0,109,0,3,121,0,124,180,0,180,304
07/10/2021,OLM,WA,ANM,WE,Federal Contract Tower,0,3,24,0,27,0,3,79,0,82,0,6,103,0,109,56,0,56,165
07/11/2021,OLM,WA,ANM,WE,Federal Contract Tower,0,9,12,0,21,0,3,74,0,77,0,12,86,0,98,158,0,158,256
07/12/2021,OLM,WA,ANM,WE,Federal Contract Tower,0,6,31,0,37,0,3,104,0,107,0,9,135,0,144,140,0,140,284
07/13/2021,OLM,WA,ANM,WE,Federal Contract Tower,0,4,29,4,37,0,1,85,1,87,0,5,114,5,124,132,0,132,256
07/14/2021,OLM,WA,ANM,WE,Federal Contract Tower,0,1,34,1,36,0,0,99,0,99,0,1,133,1,135,160,2,162,297
07/15/2021,OLM,WA,ANM,WE,Federal Contract Tower,0,0,41,2,43,0,0,93,0,93,0,0,134,2,136,178,10,188,324
07/16/2021,OLM,WA,ANM,WE,Federal Contract Tower,0,2,37,0,39,0,4,86,0,90,0,6,123,0,129,180,0,180,309
07/17/2021,OLM,WA,ANM,WE,Federal Contract Tower,0,0,28,0,28,0,2,85,0,87,0,2,113,0,115,72,0,72,187
07/18/2021,OLM,WA,ANM,WE,Federal Contract Tower,0,1,13,0,14,0,2,105,0,107,0,3,118,0,121,44,0,44,165
07/19/2021,OLM,WA,ANM,WE,Federal Contract Tower,0,0,34,0,34,0,2,149,0,151,0,2,183,0,185,157,0,157,342
07/20/2021,OLM,WA,ANM,WE,Federal Contract Tower,0,1,33,0,34,0,2,105,0,107,0,3,138,0,141,88,0,88,229
07/21/2021,OLM,WA,ANM,WE,Federal Contract Tower,0,1,22,2,25,0,3,107,0,110,0,4,129,2,135,170,2,172,307
07/22/2021,OLM,WA,ANM,WE,Federal Contract Tower,0,0,26,2,28,0,3,104,4,111,0,3,130,6,139,80,4,84,223
07/23/2021,OLM,WA,ANM,WE,Federal Contract Tower,0,2,16,0,18,0,2,129,0,131,0,4,145,0,149,118,0,118,267
07/24/2021,OLM,WA,ANM,WE,Federal Contract Tower,0,2,25,0,27,0,4,88,0,92,0,6,113,0,119,136,0,136,255
07/25/2021,OLM,WA,ANM,WE,Federal Contract Tower,0,1,25,0,26,0,3,108,0,111,0,4,133,0,137,96,0,96,233
07/26/2021,OLM,WA,ANM,WE,Federal Contract Tower,0,0,23,0,23,0,5,113,0,118,0,5,136,0,141,196,2,198,339
07/27/2021,OLM,WA,ANM,WE,Federal Contract Tower,0,6,28,1,35,0,12,106,0,118,0,18,134,1,153,158,0,158,311
07/28/2021,OLM,WA,ANM,WE,Federal Contract Tower,0,2,31,2,35,0,1,105,0,106,0,3,136,2,141,152,0,152,293
07/29/2021,OLM,WA,ANM,WE,Federal Contract Tower,0,3,38,2,43,0,6,84,0,90,0,9,122,2,133,144,2,146,279
07/30/2021,OLM,WA,ANM,WE,Federal Contract Tower,0,3,30,0,33,0,8,100,0,108,0,11,130,0,141,106,2,108,249
07/31/2021,OLM,WA,ANM,WE,Federal Contract Tower,0,0,22,0,22,0,6,79,0,85,0,6,101,0,107,116,0,116,223
08/01/2021,OLM,WA,ANM,WE,Federal Contract Tower,0,1,20,0,21,0,8,79,4,91,0,9,99,4,112,162,0,162,274
08/02/2021,OLM,WA,ANM,WE,Federal Contract Tower,0,1,20,0,21,0,7,67,1,75,0,8,87,1,96,128,0,128,224
08/03/2021,OLM,WA,ANM,WE,Federal Contract Tower,0,4,35,2,41,0,7,109,1,117,0,11,144,3,158,148,0,148,306
08/04/2021,OLM,WA,ANM,WE,Federal Contract Tower,0,2,32,0,34,0,9,80,0,89,0,11,112,0,123,218,0,218,341
08/05/2021,OLM,WA,ANM,WE,Federal Contract Tower,0,4,30,0,34,0,2,87,0,89,0,6,117,0,123,140,0,140,263
08/06/2021,OLM,WA,ANM,WE,Federal Contract Tower,0,1,26,0,27,0,3,43,0,46,0,4,69,0,73,100,0,100,173
08/07/2021,OLM,WA,ANM,WE,Federal Contract Tower,0,7,22,0,29,0,1,34,0,35,0,8,56,0,64,94,0,94,158
08/08/2021,OLM,WA,ANM,WE,Federal Contract Tower,0,4,13,0,17,0,2,81,0,83,0,6,94,0,100,160,0,160,260
08/09/2021,OLM,WA,ANM,WE,Federal Contract Tower,0,4,12,2,18,0,0,82,3,85,0,4,94,5,103,286,0,286,389
08/10/2021,OLM,WA,ANM,WE,Federal Contract Tower,0,0,32,4,36,0,2,104,0,106,0,2,136,4,142,158,0,158,300
08/11/2021,OLM,WA,ANM,WE,Federal Contract Tower,0,5,25,0,30,0,15,110,0,125,0,20,135,0,155,118,0,118,273
08/12/2021,OLM,WA,ANM,WE,Federal Contract Tower,0,1,19,2,22,0,9,105,0,114,0,10,124,2,136,50,0,50,186
08/13/2021,OLM,WA,ANM,WE,Federal Contract Tower,0,0,23,1,24,0,4,76,1,81,0,4,99,2,105,130,0,130,235
08/14/2021,OLM,WA,ANM,WE,Federal Contract Tower,0,0,27,0,27,0,4,63,0,67,0,4,90,0,94,84,0,84,178
08/15/2021,OLM,WA,ANM,WE,Federal Contract Tower,0,1,23,0,24,0,4,63,0,67,0,5,86,0,91,124,0,124,215
08/16/2021,OLM,WA,ANM,WE,Federal Contract Tower,0,3,30,0,33,0,0,39,0,39,0,3,69,0,72,68,0,68,140
08/17/2021,OLM,WA,ANM,WE,Federal Contract Tower,0,1,24,4,29,0,4,54,0,58,0,5,78,4,87,174,0,174,261
08/18/2021,OLM,WA,ANM,WE,Federal Contract Tower,0,3,36,0,39,0,6,92,2,100,0,9,128,2,139,246,0,246,385
08/19/2021,OLM,WA,ANM,WE,Federal Contract Tower,0,9,36,2,47,0,9,78,4,91,0,18,114,6,138,114,0,114,252
08/20/2021,OLM,WA,ANM,WE,Federal Contract Tower,0,0,44,0,44,0,3,25,0,28,0,3,69,0,72,54,0,54,126
08/21/2021,OLM,WA,ANM,WE,Federal Contract Tower,0,3,22,0,25,0,6,75,0,81,0,9,97,0,106,194,0,194,300
08/22/2021,OLM,WA,ANM,WE,Federal Contract Tower,0,6,16,0,22,0,4,59,0,63,0,10,75,0,85,90,0,90,175
08/23/2021,OLM,WA,ANM,WE,Federal Contract Tower,0,1,28,2,31,0,7,66,0,73,0,8,94,2,104,266,0,266,370
08/24/2021,OLM,WA,ANM,WE,Federal Contract Tower,0,4,23,10,37,0,5,64,0,69,0,9,87,10,106,220,0,220,326
08/25/2021,OLM,WA,ANM,WE,Federal Contract Tower,0,8,38,4,50,0,4,80,2,86,0,12,118,6,136,150,0,150,286
08/26/2021,OLM,WA,ANM,WE,Federal Contract Tower,0,1,24,0,25,0,1,41,0,42,0,2,65,0,67,102,0,102,169
08/27/2021,OLM,WA,ANM,WE,Federal Contract Tower,0,2,23,0,25,0,3,61,0,64,0,5,84,0,89,112,0,112,201
08/28/2021,OLM,WA,ANM,WE,Federal Contract Tower,0,2,18,0,20,0,9,113,0,122,0,11,131,0,142,188,0,188,330
08/29/2021,OLM,WA,ANM,WE,Federal Contract Tower,0,0,16,0,16,0,2,107,2,111,0,2,123,2,127,130,0,130,257
08/30/2021,OLM,WA,ANM,WE,Federal Contract Tower,0,1,31,2,34,0,3,54,0,57,0,4,85,2,91,48,6,54,145
08/31/2021,OLM,WA,ANM,WE,Federal Contract Tower,0,4,33,3,40,0,2,102,0,104,0,6,135,3,144,58,0,58,202
09/01/2021,OLM,WA,ANM,WE,Federal Contract Tower,0,0,33,0,33,0,7,108,4,119,0,7,141,4,152,212,0,212,364
09/02/2021,OLM,WA,ANM,WE,Federal Contract Tower,0,0,26,2,28,0,4,119,0,123,0,4,145,2,151,144,2,146,297
09/03/2021,OLM,WA,ANM,WE,Federal Contract Tower,0,0,29,0,29,0,7,105,0,112,0,7,134,0,141,120,0,120,261
09/04/2021,OLM,WA,ANM,WE,Federal Contract Tower,0,0,8,0,8,0,4,66,2,72,0,4,74,2,80,182,0,182,262
09/05/2021,OLM,WA,ANM,WE,Federal Contract Tower,0,1,15,0,16,0,8,64,2,74,0,9,79,2,90,174,0,174,264
09/06/2021,OLM,WA,ANM,WE,Federal Contract Tower,0,1,23,0,24,0,1,81,0,82,0,2,104,0,106,102,0,102,208
09/07/2021,OLM,WA,ANM,WE,Federal Contract Tower,0,9,15,0,24,0,3,100,0,103,0,12,115,0,127,132,0,132,259
09/08/2021,OLM,WA,ANM,WE,Federal Contract Tower,0,2,19,5,26,0,2,66,0,68,0,4,85,5,94,126,10,136,230
09/09/2021,OLM,WA,ANM,WE,Federal Contract Tower,0,0,8,4,12,0,4,106,3,113,0,4,114,7,125,154,0,154,279
09/10/2021,OLM,WA,ANM,WE,Federal Contract Tower,0,1,22,1,24,0,4,43,2,49,0,5,65,3,73,92,4,96,169
09/11/2021,OLM,WA,ANM,WE,Federal Contract Tower,0,3,25,0,28,0,6,54,0,60,0,9,79,0,88,114,0,114,202
09/12/2021,OLM,WA,ANM,WE,Federal Contract Tower,0,1,23,0,24,0,4,68,2,74,0,5,91,2,98,62,0,62,160
09/13/2021,OLM,WA,ANM,WE,Federal Contract Tower,0,0,19,2,21,0,2,94,0,96,0,2,113,2,117,212,0,212,329
09/14/2021,OLM,WA,ANM,WE,Federal Contract Tower,0,5,30,0,35,0,2,65,2,69,0,7,95,2,104,206,0,206,310
09/15/2021,OLM,WA,ANM,WE,Federal Contract Tower,0,2,30,2,34,0,4,75,0,79,0,6,105,2,113,200,0,200,313
09/16/2021,OLM,WA,ANM,WE,Federal Contract Tower,0,2,20,0,22,0,6,106,0,112,0,8,126,0,134,94,18,112,246
09/17/2021,OLM,WA,ANM,WE,Federal Contract Tower,0,5,12,0,17,0,4,11,0,15,0,9,23,0,32,64,0,64,96
09/18/2021,OLM,WA,ANM,WE,Federal Contract Tower,0,0,1,0,1,0,1,9,0,10,0,1,10,0,11,22,0,22,33
09/19/2021,OLM,WA,ANM,WE,Federal Contract Tower,0,0,12,0,12,0,0,8,0,8,0,0,20,0,20,18,0,18,38
09/20/2021,OLM,WA,ANM,WE,Federal Contract Tower,0,0,30,2,32,0,3,90,0,93,0,3,120,2,125,186,8,194,319
09/21/2021,OLM,WA,ANM,WE,Federal Contract Tower,0,2,32,2,36,0,3,89,4,96,0,5,121,6,132,108,0,108,240
09/22/2021,OLM,WA,ANM,WE,Federal Contract Tower,0,0,30,2,32,0,1,38,0,39,0,1,68,2,71,94,0,94,165
09/23/2021,OLM,WA,ANM,WE,Federal Contract Tower,0,2,30,0,32,0,0,60,0,60,0,2,90,0,92,82,8,90,182
09/24/2021,OLM,WA,ANM,WE,Federal Contract Tower,0,0,19,1,20,0,6,94,0,100,0,6,113,1,120,114,0,114,234
09/25/2021,OLM,WA,ANM,WE,Federal Contract Tower,0,0,20,0,20,0,3,105,3,111,0,3,125,3,131,172,0,172,303
09/26/2021,OLM,WA,ANM,WE,Federal Contract Tower,0,0,34,0,34,0,0,10,0,10,0,0,44,0,44,62,0,62,106
09/27/2021,OLM,WA,ANM,WE,Federal Contract Tower,0,0,16,0,16,0,1,17,0,18,0,1,33,0,34,22,0,22,56
09/28/2021,OLM,WA,ANM,WE,Federal Contract Tower,0,3,25,0,28,0,0,16,0,16,0,3,41,0,44,86,0,86,130
09/29/2021,OLM,WA,ANM,WE,Federal Contract Tower,0,4,31,2,37,0,0,56,0,56,0,4,87,2,93,104,0,104,197
09/30/2021,OLM,WA,ANM,WE,Federal Contract Tower,0,1,15,0,16,0,0,20,0,20,0,1,35,0,36,36,0,36,72
10/01/2021,OLM,WA,ANM,WE,Federal Contract Tower,0,0,34,2,36,0,0,58,0,58,0,0,92,2,94,88,0,88,182
10/02/2021,OLM,WA,ANM,WE,Federal Contract Tower,0,0,20,0,20,0,0,81,0,81,0,0,101,0,101,114,0,114,215
10/03/2021,OLM,WA,ANM,WE,Federal Contract Tower,0,3,23,0,26,0,1,26,0,27,0,4,49,0,53,88,0,88,141
10/04/2021,OLM,WA,ANM,WE,Federal Contract Tower,0,2,22,0,24,0,2,74,4,80,0,4,96,4,104,140,0,140,244
10/05/2021,OLM,WA,ANM,WE,Federal Contract Tower,0,1,22,0,23,0,4,25,0,29,0,5,47,0,52,78,0,78,130
10/06/2021,OLM,WA,ANM,WE,Federal Contract Tower,0,0,25,5,30,0,2,46,0,48,0,2,71,5,78,110,0,110,188
10/07/2021,OLM,WA,ANM,WE,Federal Contract Tower,0,1,33,6,40,0,4,100,0,104,0,5,133,6,144,140,0,140,284
10/08/2021,OLM,WA,ANM,WE,Federal Contract Tower,0,3,34,0,37,0,4,103,1,108,0,7,137,1,145,146,0,146,291
10/09/2021,OLM,WA,ANM,WE,Federal Contract Tower,0,2,28,0,30,0,2,75,0,77,0,4,103,0,107,128,0,128,235
10/10/2021,OLM,WA,ANM,WE,Federal Contract Tower,0,3,22,0,25,0,0,30,0,30,0,3,52,0,55,102,0,102,157
10/11/2021,OLM,WA,ANM,WE,Federal Contract Tower,0,2,38,0,40,0,5,82,0,87,0,7,120,0,127,188,0,188,315
10/12/2021,OLM,WA,ANM,WE,Federal Contract Tower,0,4,37,4,45,0,3,49,0,52,0,7,86,4,97,72,0,72,169
10/13/2021,OLM,WA,ANM,WE,Federal Contract Tower,0,1,29,6,36,0,3,54,0,57,0,4,83,6,93,154,4,158,251
10/14/2021,OLM,WA,ANM,WE,Federal Contract Tower,0,5,18,2,25,0,2,28,0,30,0,7,46,2,55,104,0,104,159
10/15/2021,OLM,WA,ANM,WE,Federal Contract Tower,0,2,32,0,34,0,3,68,0,71,0,5,100,0,105,74,0,74,179
10/16/2021,OLM,WA,ANM,WE,Federal Contract Tower,0,2,11,0,13,0,3,60,2,65,0,5,71,2,78,150,0,150,228
10/17/2021,OLM,WA,ANM,WE,Federal Contract Tower,0,4,12,0,16,0,3,10,0,13,0,7,22,0,29,84,0,84,113
10/18/2021,OLM,WA,ANM,WE,Federal Contract Tower,0,3,36,0,39,0,3,31,0,34,0,6,67,0,73,52,0,52,125
10/19/2021,OLM,WA,ANM,WE,Federal Contract Tower,0,0,29,0,29,0,0,74,0,74,0,0,103,0,103,154,0,154,257
10/20/2021,OLM,WA,ANM,WE,Federal Contract Tower,0,4,11,2,17,0,1,16,0,17,0,5,27,2,34,28,10,38,72
10/21/2021,OLM,WA,ANM,WE,Federal Contract Tower,0,0,25,0,25,0,2,67,0,69,0,2,92,0,94,146,0,146,240
10/22/2021,OLM,WA,ANM,WE,Federal Contract Tower,0,0,24,0,24,0,1,29,0,30,0,1,53,0,54,102,0,102,156
10/23/2021,OLM,WA,ANM,WE,Federal Contract Tower,0,0,26,0,26,0,4,10,0,14,0,4,36,0,40,66,0,66,106
10/24/2021,OLM,WA,ANM,WE,Federal Contract Tower,0,2,4,0,6,0,4,7,0,11,0,6,11,0,17,4,0,4,21
10/25/2021,OLM,WA,ANM,WE,Federal Contract Tower,0,2,5,4,11,0,2,3,1,6,0,4,8,5,17,2,0,2,19
10/26/2021,OLM,WA,ANM,WE,Federal Contract Tower,0,0,11,2,13,0,2,13,0,15,0,2,24,2,28,22,0,22,50
10/27/2021,OLM,WA,ANM,WE,Federal Contract Tower,0,0,41,4,45,0,2,70,0,72,0,2,111,4,117,120,0,120,237
10/28/2021,OLM,WA,ANM,WE,Federal Contract Tower,0,3,9,6,18,0,0,0,0,0,0,3,9,6,18,0,0,0,18
10/29/2021,OLM,WA,ANM,WE,Federal Contract Tower,0,1,19,0,20,0,5,94,0,99,0,6,113,0,119,142,0,142,261
10/30/2021,OLM,WA,ANM,WE,Federal Contract Tower,0,0,28,0,28,0,2,113,0,115,0,2,141,0,143,170,0,170,313
10/31/2021,OLM,WA,ANM,WE,Federal Contract Tower,0,1,26,0,27,0,4,159,0,163,0,5,185,0,190,110,0,110,300
11/01/2021,OLM,WA,ANM,WE,Federal Contract Tower,0,1,43,2,46,0,0,59,2,61,0,1,102,4,107,170,4,174,281
11/02/2021,OLM,WA,ANM,WE,Federal Contract Tower,0,1,21,2,24,0,2,52,0,54,0,3,73,2,78,90,0,90,168
11/03/2021,OLM,WA,ANM,WE,Federal Contract Tower,0,0,24,11,35,0,0,23,0,23,0,0,47,11,58,88,0,88,146
11/04/2021,OLM,WA,ANM,WE,Federal Contract Tower,0,2,16,8,26,0,6,11,0,17,0,8,27,8,43,28,0,28,71
11/05/2021,OLM,WA,ANM,WE,Federal Contract Tower,0,0,32,0,32,0,4,78,0,82,0,4,110,0,114,166,2,168,282
11/06/2021,OLM,WA,ANM,WE,Federal Contract Tower,0,0,4,0,4,0,0,16,2,18,0,0,20,2,22,50,0,50,72
11/07/2021,OLM,WA,ANM,WE,Federal Contract Tower,0,3,0,0,3,0,0,5,0,5,0,3,5,0,8,78,0,78,86
11/08/2021,OLM,WA,ANM,WE,Federal Contract Tower,0,0,34,0,34,0,3,109,0,112,0,3,143,0,146,276,6,282,428
11/09/2021,OLM,WA,ANM,WE,Federal Contract Tower,0,1,8,0,9,0,0,0,0,0,0,1,8,0,9,16,0,16,25
11/10/2021,OLM,WA,ANM,WE,Federal Contract Tower,0,6,35,1,42,0,9,96,2,107,0,15,131,3,149,194,0,194,343
11/11/2021,OLM,WA,ANM,WE,Federal Contract Tower,0,2,20,0,22,0,0,2,0,2,0,2,22,0,24,0,0,0,24
11/12/2021,OLM,WA,ANM,WE,Federal Contract Tower,0,2,20,2,24,0,3,19,0,22,0,5,39,2,46,58,0,58,104
11/13/2021,OLM,WA,ANM,WE,Federal Contract Tower,0,2,22,0,24,0,0,13,0,13,0,2,35,0,37,0,0,0,37
11/14/2021,OLM,WA,ANM,WE,Federal Contract Tower,0,2,6,0,8,0,0,1,0,1,0,2,7,0,9,0,0,0,9
11/15/2021,OLM,WA,ANM,WE,Federal Contract Tower,0,5,3,0,8,0,3,0,0,3,0,8,3,0,11,6,2,8,19
11/16/2021,OLM,WA,ANM,WE,Federal Contract Tower,0,0,35,0,35,0,6,109,0,115,0,6,144,0,150,196,0,196,346
11/17/2021,OLM,WA,ANM,WE,Federal Contract Tower,0,0,36,0,36,0,1,112,0,113,0,1,148,0,149,134,2,136,285
11/18/2021,OLM,WA,ANM,WE,Federal Contract Tower,0,3,26,2,31,0,1,49,0,50,0,4,75,2,81,40,0,40,121
11/19/2021,OLM,WA,ANM,WE,Federal Contract Tower,0,2,8,0,10,0,2,23,0,25,0,4,31,0,35,46,2,48,83
11/20/2021,OLM,WA,ANM,WE,Federal Contract Tower,0,1,22,0,23,0,1,43,0,44,0,2,65,0,67,74,0,74,141
11/21/2021,OLM,WA,ANM,WE,Federal Contract Tower,0,1,33,0,34,0,3,41,0,44,0,4,74,0,78,70,0,70,148
11/22/2021,OLM,WA,ANM,WE,Federal Contract Tower,0,1,24,10,35,0,2,34,0,36,0,3,58,10,71,132,0,132,203
11/23/2021,OLM,WA,ANM,WE,Federal Contract Tower,0,0,20,9,29,0,0,43,6,49,0,0,63,15,78,38,6,44,122
11/24/2021,OLM,WA,ANM,WE,Federal Contract Tower,0,1,43,0,44,0,3,88,0,91,0,4,131,0,135,132,4,136,271
11/25/2021,OLM,WA,ANM,WE,Federal Contract Tower,0,0,0,0,0,0,2,2,0,4,0,2,2,0,4,6,0,6,10
11/26/2021,OLM,WA,ANM,WE,Federal Contract Tower,0,2,21,0,23,0,1,10,0,11,0,3,31,0,34,8,0,8,42
11/27/2021,OLM,WA,ANM,WE,Federal Contract Tower,0,2,13,0,15,0,1,12,0,13,0,3,25,0,28,18,0,18,46
11/28/2021,OLM,WA,ANM,WE,Federal Contract Tower,0,4,8,0,12,0,0,9,0,9,0,4,17,0,21,42,0,42,63
11/29/2021,OLM,WA,ANM,WE,Federal Contract Tower,0,1,32,0,33,0,0,46,0,46,0,1,78,0,79,116,0,116,195
11/30/2021,OLM,WA,ANM,WE,Federal Contract Tower,0,5,18,2,25,0,0,0,0,0,0,5,18,2,25,10,0,10,35
12/01/2021,OLM,WA,ANM,WE,Federal Contract Tower,0,2,44,7,53,0,0,62,1,63,0,2,106,8,116,140,0,140,256
12/02/2021,OLM,WA,ANM,WE,Federal Contract Tower,0,0,26,2,28,0,0,96,0,96,0,0,122,2,124,136,4,140,264
12/03/2021,OLM,WA,ANM,WE,Federal Contract Tower,0,0,36,1,37,0,5,65,1,71,0,5,101,2,108,82,8,90,198
12/04/2021,OLM,WA,ANM,WE,Federal Contract Tower,0,1,7,0,8,0,0,4,0,4,0,1,11,0,12,0,0,0,12
12/05/2021,OLM,WA,ANM,WE,Federal Contract Tower,0,2,28,0,30,0,2,34,0,36,0,4,62,0,66,86,0,86,152
12/06/2021,OLM,WA,ANM,WE,Federal Contract Tower,0,6,9,0,15,0,0,1,0,1,0,6,10,0,16,0,0,0,16
12/07/2021,OLM,WA,ANM,WE,Federal Contract Tower,0,2,8,1,11,0,0,5,0,5,0,2,13,1,16,28,0,28,44
12/08/2021,OLM,WA,ANM,WE,Federal Contract Tower,0,0,32,0,32,0,2,68,6,76,0,2,100,6,108,140,20,160,268
12/09/2021,OLM,WA,ANM,WE,Federal Contract Tower,0,0,6,2,8,0,3,26,0,29,0,3,32,2,37,78,2,80,117
12/10/2021,OLM,WA,ANM,WE,Federal Contract Tower,0,4,14,0,18,0,1,31,0,32,0,5,45,0,50,70,0,70,120
12/11/2021,OLM,WA,ANM,WE,Federal Contract Tower,0,2,5,0,7,0,0,4,0,4,0,2,9,0,11,0,0,0,11
12/12/2021,OLM,WA,ANM,WE,Federal Contract Tower,0,0,10,0,10,0,0,7,0,7,0,0,17,0,17,4,0,4,21
12/13/2021,OLM,WA,ANM,WE,Federal Contract Tower,0,0,12,2,14,0,0,10,2,12,0,0,22,4,26,46,10,56,82
12/14/2021,OLM,WA,ANM,WE,Federal Contract Tower,0,0,7,0,7,0,0,46,5,51,0,0,53,5,58,98,16,114,172
12/15/2021,OLM,WA,ANM,WE,Federal Contract Tower,0,3,5,0,8,0,2,30,2,34,0,5,35,2,42,112,25,137,179
12/16/2021,OLM,WA,ANM,WE,Federal Contract Tower,0,0,17,1,18,0,6,61,0,67,0,6,78,1,85,100,14,114,199
12/17/2021,OLM,WA,ANM,WE,Federal Contract Tower,0,1,15,0,16,0,3,59,0,62,0,4,74,0,78,88,0,88,166
12/18/2021,OLM,WA,ANM,WE,Federal Contract Tower,0,0,2,0,2,0,0,0,0,0,0,0,2,0,2,0,0,0,2
12/19/2021,OLM,WA,ANM,WE,Federal Contract Tower,0,0,6,0,6,0,0,37,0,37,0,0,43,0,43,126,0,126,169
12/20/2021,OLM,WA,ANM,WE,Federal Contract Tower,0,4,2,0,6,0,0,0,0,0,0,4,2,0,6,0,0,0,6
12/21/2021,OLM,WA,ANM,WE,Federal Contract Tower,0,1,4,0,5,0,0,0,0,0,0,1,4,0,5,0,0,0,5
12/22/2021,OLM,WA,ANM,WE,Federal Contract Tower,0,1,10,0,11,0,4,21,0,25,0,5,31,0,36,30,0,30,66
12/23/2021,OLM,WA,ANM,WE,Federal Contract Tower,0,3,1,0,4,0,1,35,0,36,0,4,36,0,40,28,0,28,68
12/24/2021,OLM,WA,ANM,WE,Federal Contract Tower,0,1,1,0,2,0,0,0,0,0,0,1,1,0,2,0,0,0,2
12/25/2021,OLM,WA,ANM,WE,Federal Contract Tower,0,0,0,0,0,0,0,0,0,0,0,0,0,0,0,0,0,0,0
12/26/2021,OLM,WA,ANM,WE,Federal Contract Tower,0,3,1,0,4,0,0,0,0,0,0,3,1,0,4,0,0,0,4
12/27/2021,OLM,WA,ANM,WE,Federal Contract Tower,0,0,0,0,0,0,2,2,0,4,0,2,2,0,4,0,0,0,4
12/28/2021,OLM,WA,ANM,WE,Federal Contract Tower,0,0,0,0,0,0,0,0,0,0,0,0,0,0,0,0,0,0,0
12/29/2021,OLM,WA,ANM,WE,Federal Contract Tower,0,0,5,0,5,0,4,21,2,27,0,4,26,2,32,12,2,14,46
12/30/2021,OLM,WA,ANM,WE,Federal Contract Tower,0,0,1,0,1,0,0,7,0,7,0,0,8,0,8,20,0,20,28
12/31/2021,OLM,WA,ANM,WE,Federal Contract Tower,0,0,6,0,6,0,0,29,0,29,0,0,35,0,35,2,0,2,37
01/01/2022,OLM,WA,ANM,WE,Federal Contract Tower,0,0,3,0,3,0,5,16,0,21,0,5,19,0,24,14,0,14,38
01/02/2022,OLM,WA,ANM,WE,Federal Contract Tower,0,3,0,0,3,0,0,8,0,8,0,3,8,0,11,10,0,10,21
01/03/2022,OLM,WA,ANM,WE,Federal Contract Tower,0,0,0,0,0,0,1,5,0,6,0,1,5,0,6,38,0,38,44
01/04/2022,OLM,WA,ANM,WE,Federal Contract Tower,0,2,1,0,3,0,0,16,2,18,0,2,17,2,21,38,0,38,59
01/05/2022,OLM,WA,ANM,WE,Federal Contract Tower,0,0,3,0,3,0,0,0,0,0,0,0,3,0,3,6,0,6,9
01/06/2022,OLM,WA,ANM,WE,Federal Contract Tower,0,5,9,2,16,0,0,1,0,1,0,5,10,2,17,0,0,0,17
01/07/2022,OLM,WA,ANM,WE,Federal Contract Tower,0,3,0,0,3,0,3,17,0,20,0,6,17,0,23,6,4,10,33
01/08/2022,OLM,WA,ANM,WE,Federal Contract Tower,0,1,22,0,23,0,2,79,0,81,0,3,101,0,104,102,8,110,214
01/09/2022,OLM,WA,ANM,WE,Federal Contract Tower,0,0,18,0,18,0,4,89,1,94,0,4,107,1,112,98,2,100,212
01/10/2022,OLM,WA,ANM,WE,Federal Contract Tower,0,1,17,0,18,0,4,38,2,44,0,5,55,2,62,130,10,140,202
01/11/2022,OLM,WA,ANM,WE,Federal Contract Tower,0,1,12,6,19,0,0,13,2,15,0,1,25,8,34,18,0,18,52
01/12/2022,OLM,WA,ANM,WE,Federal Contract Tower,0,1,28,2,31,0,1,84,0,85,0,2,112,2,116,96,0,96,212
01/13/2022,OLM,WA,ANM,WE,Federal Contract Tower,0,0,59,2,61,0,3,41,0,44,0,3,100,2,105,10,0,10,115
01/14/2022,OLM,WA,ANM,WE,Federal Contract Tower,0,0,24,0,24,0,0,59,0,59,0,0,83,0,83,86,0,86,169
01/15/2022,OLM,WA,ANM,WE,Federal Contract Tower,0,2,14,0,16,0,0,5,0,5,0,2,19,0,21,2,0,2,23
01/16/2022,OLM,WA,ANM,WE,Federal Contract Tower,0,0,4,0,4,0,0,0,0,0,0,0,4,0,4,0,0,0,4
01/17/2022,OLM,WA,ANM,WE,Federal Contract Tower,0,0,26,0,26,0,4,75,0,79,0,4,101,0,105,120,0,120,225
01/18/2022,OLM,WA,ANM,WE,Federal Contract Tower,0,2,24,0,26,0,0,67,0,67,0,2,91,0,93,124,0,124,217
01/19/2022,OLM,WA,ANM,WE,Federal Contract Tower,0,0,41,0,41,0,3,28,0,31,0,3,69,0,72,50,0,50,122
01/20/2022,OLM,WA,ANM,WE,Federal Contract Tower,0,2,17,1,20,0,3,28,2,33,0,5,45,3,53,14,0,14,67
01/21/2022,OLM,WA,ANM,WE,Federal Contract Tower,0,2,27,0,29,0,1,43,2,46,0,3,70,2,75,96,0,96,171
01/22/2022,OLM,WA,ANM,WE,Federal Contract Tower,0,2,22,0,24,0,1,51,0,52,0,3,73,0,76,74,0,74,150
01/23/2022,OLM,WA,ANM,WE,Federal Contract Tower,0,0,7,0,7,0,0,0,0,0,0,0,7,0,7,18,0,18,25
01/24/2022,OLM,WA,ANM,WE,Federal Contract Tower,0,2,1,0,3,0,0,2,0,2,0,2,3,0,5,0,0,0,5
01/25/2022,OLM,WA,ANM,WE,Federal Contract Tower,0,7,17,2,26,0,0,4,0,4,0,7,21,2,30,6,0,6,36
01/26/2022,OLM,WA,ANM,WE,Federal Contract Tower,0,1,14,0,15,0,3,37,0,40,0,4,51,0,55,82,0,82,137
01/27/2022,OLM,WA,ANM,WE,Federal Contract Tower,0,5,31,4,40,0,0,63,0,63,0,5,94,4,103,74,0,74,177
01/28/2022,OLM,WA,ANM,WE,Federal Contract Tower,0,1,60,8,69,0,5,85,0,90,0,6,145,8,159,62,0,62,221
01/29/2022,OLM,WA,ANM,WE,Federal Contract Tower,0,0,29,0,29,0,3,100,0,103,0,3,129,0,132,178,0,178,310
01/30/2022,OLM,WA,ANM,WE,Federal Contract Tower,0,0,7,0,7,0,0,10,0,10,0,0,17,0,17,34,0,34,51
01/31/2022,OLM,WA,ANM,WE,Federal Contract Tower,0,0,6,0,6,0,1,40,2,43,0,1,46,2,49,62,14,76,125
02/01/2022,OLM,WA,ANM,WE,Federal Contract Tower,0,0,20,0,20,0,6,55,0,61,0,6,75,0,81,130,0,130,211
02/02/2022,OLM,WA,ANM,WE,Federal Contract Tower,0,2,15,0,17,0,0,3,0,3,0,2,18,0,20,12,0,12,32
02/03/2022,OLM,WA,ANM,WE,Federal Contract Tower,0,0,19,0,19,0,1,20,3,24,0,1,39,3,43,90,2,92,135
02/04/2022,OLM,WA,ANM,WE,Federal Contract Tower,0,2,11,0,13,0,0,12,0,12,0,2,23,0,25,28,0,28,53
02/05/2022,OLM,WA,ANM,WE,Federal Contract Tower,0,1,13,0,14,0,2,37,0,39,0,3,50,0,53,104,0,104,157
02/06/2022,OLM,WA,ANM,WE,Federal Contract Tower,0,0,17,0,17,0,1,12,0,13,0,1,29,0,30,18,0,18,48
02/07/2022,OLM,WA,ANM,WE,Federal Contract Tower,0,1,10,2,13,0,2,32,0,34,0,3,42,2,47,124,0,124,171
02/08/2022,OLM,WA,ANM,WE,Federal Contract Tower,0,2,13,6,21,0,1,40,0,41,0,3,53,6,62,62,0,62,124
02/09/2022,OLM,WA,ANM,WE,Federal Contract Tower,0,0,17,0,17,0,0,84,0,84,0,0,101,0,101,102,2,104,205
02/10/2022,OLM,WA,ANM,WE,Federal Contract Tower,0,3,21,2,26,0,0,2,0,2,0,3,23,2,28,30,0,30,58
02/11/2022,OLM,WA,ANM,WE,Federal Contract Tower,0,0,38,2,40,0,1,80,0,81,0,1,118,2,121,72,0,72,193
02/12/2022,OLM,WA,ANM,WE,Federal Contract Tower,0,1,26,0,27,0,1,106,0,107,0,2,132,0,134,158,0,158,292
02/13/2022,OLM,WA,ANM,WE,Federal Contract Tower,0,1,28,0,29,0,0,89,2,91,0,1,117,2,120,110,0,110,230
02/14/2022,OLM,WA,ANM,WE,Federal Contract Tower,0,1,8,0,9,0,5,27,4,36,0,6,35,4,45,78,0,78,123
02/15/2022,OLM,WA,ANM,WE,Federal Contract Tower,0,17,12,6,35,0,4,60,0,64,0,21,72,6,99,134,4,138,237
02/16/2022,OLM,WA,ANM,WE,Federal Contract Tower,0,2,38,2,42,0,3,73,2,78,0,5,111,4,120,160,0,160,280
02/17/2022,OLM,WA,ANM,WE,Federal Contract Tower,0,1,13,0,14,0,1,22,0,23,0,2,35,0,37,72,0,72,109
02/18/2022,OLM,WA,ANM,WE,Federal Contract Tower,0,2,48,0,50,0,2,64,0,66,0,4,112,0,116,34,0,34,150
02/19/2022,OLM,WA,ANM,WE,Federal Contract Tower,0,0,9,0,9,0,2,25,0,27,0,2,34,0,36,12,0,12,48
02/20/2022,OLM,WA,ANM,WE,Federal Contract Tower,0,0,17,0,17,0,6,40,0,46,0,6,57,0,63,176,0,176,239
02/21/2022,OLM,WA,ANM,WE,Federal Contract Tower,0,0,2,0,2,0,2,30,0,32,0,2,32,0,34,106,0,106,140
02/22/2022,OLM,WA,ANM,WE,Federal Contract Tower,0,6,22,4,32,0,2,29,2,33,0,8,51,6,65,114,0,114,179
02/23/2022,OLM,WA,ANM,WE,Federal Contract Tower,0,2,20,0,22,0,1,115,0,116,0,3,135,0,138,124,4,128,266
02/24/2022,OLM,WA,ANM,WE,Federal Contract Tower,0,1,18,2,21,0,2,84,1,87,0,3,102,3,108,166,34,200,308
02/25/2022,OLM,WA,ANM,WE,Federal Contract Tower,0,0,35,0,35,0,1,106,0,107,0,1,141,0,142,158,0,158,300
02/26/2022,OLM,WA,ANM,WE,Federal Contract Tower,0,9,5,0,14,0,5,27,0,32,0,14,32,0,46,114,0,114,160
02/27/2022,OLM,WA,ANM,WE,Federal Contract Tower,0,2,10,0,12,0,1,2,0,3,0,3,12,0,15,42,0,42,57
02/28/2022,OLM,WA,ANM,WE,Federal Contract Tower,0,1,4,4,9,0,1,0,0,1,0,2,4,4,10,1,0,1,11
03/01/2022,OLM,WA,ANM,WE,Federal Contract Tower,0,1,16,4,21,0,2,26,2,30,0,3,42,6,51,80,0,80,131
03/02/2022,OLM,WA,ANM,WE,Federal Contract Tower,0,1,19,2,22,0,1,22,0,23,0,2,41,2,45,76,0,76,121
03/03/2022,OLM,WA,ANM,WE,Federal Contract Tower,0,0,10,1,11,0,0,44,1,45,0,0,54,2,56,114,0,114,170
03/04/2022,OLM,WA,ANM,WE,Federal Contract Tower,0,1,24,0,25,0,2,61,0,63,0,3,85,0,88,86,0,86,174
03/05/2022,OLM,WA,ANM,WE,Federal Contract Tower,0,0,31,0,31,0,0,96,0,96,0,0,127,0,127,122,0,122,249
03/06/2022,OLM,WA,ANM,WE,Federal Contract Tower,0,1,39,0,40,0,1,84,2,87,0,2,123,2,127,74,0,74,201
03/07/2022,OLM,WA,ANM,WE,Federal Contract Tower,0,0,21,4,25,0,2,64,0,66,0,2,85,4,91,140,2,142,233
03/08/2022,OLM,WA,ANM,WE,Federal Contract Tower,0,0,17,0,17,0,0,17,0,17,0,0,34,0,34,20,4,24,58
03/09/2022,OLM,WA,ANM,WE,Federal Contract Tower,0,0,30,2,32,0,2,83,0,85,0,2,113,2,117,78,0,78,195
03/10/2022,OLM,WA,ANM,WE,Federal Contract Tower,0,0,33,1,34,0,0,128,3,131,0,0,161,4,165,84,6,90,255
03/11/2022,OLM,WA,ANM,WE,Federal Contract Tower,0,0,55,0,55,0,0,75,0,75,0,0,130,0,130,70,0,70,200
03/12/2022,OLM,WA,ANM,WE,Federal Contract Tower,0,0,23,0,23,0,3,49,0,52,0,3,72,0,75,85,0,85,160
03/13/2022,OLM,WA,ANM,WE,Federal Contract Tower,0,1,7,0,8,0,4,17,0,21,0,5,24,0,29,10,0,10,39
03/14/2022,OLM,WA,ANM,WE,Federal Contract Tower,0,0,7,0,7,0,1,15,0,16,0,1,22,0,23,72,0,72,95
03/15/2022,OLM,WA,ANM,WE,Federal Contract Tower,0,2,2,2,6,0,3,25,2,30,0,5,27,4,36,44,0,44,80
03/16/2022,OLM,WA,ANM,WE,Federal Contract Tower,0,0,39,0,39,0,0,76,2,78,0,0,115,2,117,250,0,250,367
03/17/2022,OLM,WA,ANM,WE,Federal Contract Tower,0,0,35,2,37,0,3,63,0,66,0,3,98,2,103,104,6,110,213
03/18/2022,OLM,WA,ANM,WE,Federal Contract Tower,0,0,25,0,25,0,4,43,0,47,0,4,68,0,72,136,2,138,210
03/19/2022,OLM,WA,ANM,WE,Federal Contract Tower,0,0,12,2,14,0,1,21,0,22,0,1,33,2,36,60,0,60,96
03/20/2022,OLM,WA,ANM,WE,Federal Contract Tower,0,0,12,0,12,0,2,31,0,33,0,2,43,0,45,190,0,190,235
03/21/2022,OLM,WA,ANM,WE,Federal Contract Tower,0,0,15,0,15,0,0,10,0,10,0,0,25,0,25,58,0,58,83
03/22/2022,OLM,WA,ANM,WE,Federal Contract Tower,0,0,24,0,24,0,0,77,0,77,0,0,101,0,101,208,0,208,309
03/23/2022,OLM,WA,ANM,WE,Federal Contract Tower,0,1,21,0,22,0,2,13,0,15,0,3,34,0,37,92,0,92,129
03/24/2022,OLM,WA,ANM,WE,Federal Contract Tower,0,1,35,2,38,0,1,101,0,102,0,2,136,2,140,50,2,52,192
03/25/2022,OLM,WA,ANM,WE,Federal Contract Tower,0,0,50,0,50,0,1,78,2,81,0,1,128,2,131,170,0,170,301
03/26/2022,OLM,WA,ANM,WE,Federal Contract Tower,0,0,19,0,19,0,2,44,0,46,0,2,63,0,65,198,0,198,263
03/27/2022,OLM,WA,ANM,WE,Federal Contract Tower,0,0,19,0,19,0,4,72,0,76,0,4,91,0,95,142,0,142,237
03/28/2022,OLM,WA,ANM,WE,Federal Contract Tower,0,0,35,0,35,0,2,49,0,51,0,2,84,0,86,114,0,114,200
03/29/2022,OLM,WA,ANM,WE,Federal Contract Tower,0,1,31,0,32,0,6,49,0,55,0,7,80,0,87,100,0,100,187
03/30/2022,OLM,WA,ANM,WE,Federal Contract Tower,0,0,7,1,8,0,4,44,1,49,0,4,51,2,57,70,0,70,127
03/31/2022,OLM,WA,ANM,WE,Federal Contract Tower,0,0,23,4,27,0,5,100,0,105,0,5,123,4,132,136,4,140,272
04/01/2022,OLM,WA,ANM,WE,Federal Contract Tower,0,0,20,0,20,0,2,59,0,61,0,2,79,0,81,70,0,70,151
04/02/2022,OLM,WA,ANM,WE,Federal Contract Tower,0,0,20,0,20,0,3,55,1,59,0,3,75,1,79,114,0,114,193
04/03/2022,OLM,WA,ANM,WE,Federal Contract Tower,0,0,5,0,5,0,0,17,0,17,0,0,22,0,22,20,0,20,42
04/04/2022,OLM,WA,ANM,WE,Federal Contract Tower,0,2,1,2,5,0,0,0,0,0,0,2,1,2,5,0,0,0,5
04/05/2022,OLM,WA,ANM,WE,Federal Contract Tower,0,2,17,0,19,0,1,31,2,34,0,3,48,2,53,86,0,86,139
04/06/2022,OLM,WA,ANM,WE,Federal Contract Tower,0,1,46,0,47,0,0,124,2,126,0,1,170,2,173,194,0,194,367
04/07/2022,OLM,WA,ANM,WE,Federal Contract Tower,0,0,40,3,43,0,2,123,0,125,0,2,163,3,168,220,0,220,388
04/08/2022,OLM,WA,ANM,WE,Federal Contract Tower,0,0,5,0,5,0,4,18,0,22,0,4,23,0,27,4,0,4,31
04/09/2022,OLM,WA,ANM,WE,Federal Contract Tower,0,2,4,0,6,0,0,16,0,16,0,2,20,0,22,22,0,22,44
04/10/2022,OLM,WA,ANM,WE,Federal Contract Tower,0,0,9,0,9,0,2,24,0,26,0,2,33,0,35,70,0,70,105
04/11/2022,OLM,WA,ANM,WE,Federal Contract Tower,0,0,9,0,9,0,0,22,0,22,0,0,31,0,31,80,0,80,111
04/12/2022,OLM,WA,ANM,WE,Federal Contract Tower,0,0,3,2,5,0,0,7,0,7,0,0,10,2,12,14,0,14,26
04/13/2022,OLM,WA,ANM,WE,Federal Contract Tower,0,1,2,0,3,0,1,5,0,6,0,2,7,0,9,8,0,8,17
04/14/2022,OLM,WA,ANM,WE,Federal Contract Tower,0,0,18,4,22,0,0,64,0,64,0,0,82,4,86,124,0,124,210
04/15/2022,OLM,WA,ANM,WE,Federal Contract Tower,0,3,20,0,23,0,3,51,2,56,0,6,71,2,79,96,0,96,175
04/16/2022,OLM,WA,ANM,WE,Federal Contract Tower,0,0,5,0,5,0,3,25,0,28,0,3,30,0,33,40,0,40,73
04/17/2022,OLM,WA,ANM,WE,Federal Contract Tower,0,0,22,0,22,0,5,103,0,108,0,5,125,0,130,140,0,140,270
04/18/2022,OLM,WA,ANM,WE,Federal Contract Tower,0,0,5,0,5,0,0,12,0,12,0,0,17,0,17,52,0,52,69
04/19/2022,OLM,WA,ANM,WE,Federal Contract Tower,0,5,26,6,37,0,0,67,2,69,0,5,93,8,106,136,14,150,256
04/20/2022,OLM,WA,ANM,WE,Federal Contract Tower,0,2,23,0,25,0,2,48,0,50,0,4,71,0,75,150,0,150,225
04/21/2022,OLM,WA,ANM,WE,Federal Contract Tower,0,4,10,0,14,0,2,30,0,32,0,6,40,0,46,40,18,58,104
04/22/2022,OLM,WA,ANM,WE,Federal Contract Tower,0,3,12,0,15,0,0,53,2,55,0,3,65,2,70,98,0,98,168
04/23/2022,OLM,WA,ANM,WE,Federal Contract Tower,0,1,35,0,36,0,2,116,2,120,0,3,151,2,156,200,0,200,356
04/24/2022,OLM,WA,ANM,WE,Federal Contract Tower,0,6,23,0,29,0,5,95,4,104,0,11,118,4,133,140,0,140,273
04/25/2022,OLM,WA,ANM,WE,Federal Contract Tower,0,2,46,0,48,0,3,51,0,54,0,5,97,0,102,106,4,110,212
04/26/2022,OLM,WA,ANM,WE,Federal Contract Tower,0,0,5,0,5,0,4,39,0,43,0,4,44,0,48,94,0,94,142
04/27/2022,OLM,WA,ANM,WE,Federal Contract Tower,0,4,34,0,38,0,4,63,0,67,0,8,97,0,105,122,0,122,227
04/28/2022,OLM,WA,ANM,WE,Federal Contract Tower,0,3,32,0,35,0,0,81,0,81,0,3,113,0,116,180,0,180,296
04/29/2022,OLM,WA,ANM,WE,Federal Contract Tower,0,0,27,0,27,0,5,104,0,109,0,5,131,0,136,90,0,90,226
04/30/2022,OLM,WA,ANM,WE,Federal Contract Tower,0,1,29,0,30,0,1,42,0,43,0,2,71,0,73,200,0,200,273
05/01/2022,OLM,WA,ANM,WE,Federal Contract Tower,0,3,22,2,27,0,2,76,2,80,0,5,98,4,107,152,0,152,259
05/02/2022,OLM,WA,ANM,WE,Federal Contract Tower,0,1,25,4,30,0,2,71,0,73,0,3,96,4,103,180,0,180,283
05/03/2022,OLM,WA,ANM,WE,Federal Contract Tower,0,2,41,0,43,0,3,49,0,52,0,5,90,0,95,113,0,113,208
05/04/2022,OLM,WA,ANM,WE,Federal Contract Tower,0,2,22,2,26,0,2,108,0,110,0,4,130,2,136,130,2,132,268
05/05/2022,OLM,WA,ANM,WE,Federal Contract Tower,0,4,10,4,18,0,0,6,0,6,0,4,16,4,24,18,0,18,42
05/06/2022,OLM,WA,ANM,WE,Federal Contract Tower,0,0,7,0,7,0,0,9,0,9,0,0,16,0,16,18,0,18,34
05/07/2022,OLM,WA,ANM,WE,Federal Contract Tower,0,0,14,0,14,0,2,12,0,14,0,2,26,0,28,28,0,28,56
05/08/2022,OLM,WA,ANM,WE,Federal Contract Tower,0,0,5,0,5,0,2,18,0,20,0,2,23,0,25,102,0,102,127
05/09/2022,OLM,WA,ANM,WE,Federal Contract Tower,0,0,11,0,11,0,2,38,0,40,0,2,49,0,51,82,0,82,133
05/10/2022,OLM,WA,ANM,WE,Federal Contract Tower,0,0,27,6,33,0,9,74,0,83,0,9,101,6,116,156,0,156,272
05/11/2022,OLM,WA,ANM,WE,Federal Contract Tower,0,0,36,4,40,0,9,92,0,101,0,9,128,4,141,122,0,122,263
05/12/2022,OLM,WA,ANM,WE,Federal Contract Tower,0,1,9,0,10,0,3,5,2,10,0,4,14,2,20,16,0,16,36
05/13/2022,OLM,WA,ANM,WE,Federal Contract Tower,0,0,29,2,31,0,3,88,0,91,0,3,117,2,122,124,2,126,248
05/14/2022,OLM,WA,ANM,WE,Federal Contract Tower,0,1,17,0,18,0,4,9,0,13,0,5,26,0,31,28,0,28,59
05/15/2022,OLM,WA,ANM,WE,Federal Contract Tower,0,0,9,0,9,0,2,2,0,4,0,2,11,0,13,10,0,10,23
05/16/2022,OLM,WA,ANM,WE,Federal Contract Tower,0,1,12,4,17,0,1,66,0,67,0,2,78,4,84,122,0,122,206
05/17/2022,OLM,WA,ANM,WE,Federal Contract Tower,0,0,33,0,33,0,2,98,0,100,0,2,131,0,133,174,0,174,307
05/18/2022,OLM,WA,ANM,WE,Federal Contract Tower,0,2,4,2,8,0,0,7,0,7,0,2,11,2,15,10,2,12,27
05/19/2022,OLM,WA,ANM,WE,Federal Contract Tower,0,5,27,6,38,0,2,61,0,63,0,7,88,6,101,130,0,130,231
05/20/2022,OLM,WA,ANM,WE,Federal Contract Tower,0,0,5,0,5,0,1,104,0,105,0,1,109,0,110,112,2,114,224
05/21/2022,OLM,WA,ANM,WE,Federal Contract Tower,0,3,15,0,18,0,1,104,0,105,0,4,119,0,123,110,2,112,235
05/22/2022,OLM,WA,ANM,WE,Federal Contract Tower,0,5,18,0,23,0,4,103,0,107,0,9,121,0,130,196,0,196,326
05/23/2022,OLM,WA,ANM,WE,Federal Contract Tower,0,0,35,0,35,0,9,125,0,134,0,9,160,0,169,112,0,112,281
05/24/2022,OLM,WA,ANM,WE,Federal Contract Tower,0,2,35,2,39,0,4,78,0,82,0,6,113,2,121,164,0,164,285
05/25/2022,OLM,WA,ANM,WE,Federal Contract Tower,0,1,53,2,56,0,2,86,0,88,0,3,139,2,144,162,0,162,306
05/26/2022,OLM,WA,ANM,WE,Federal Contract Tower,0,1,23,9,33,0,1,62,1,64,0,2,85,10,97,136,0,136,233
05/27/2022,OLM,WA,ANM,WE,Federal Contract Tower,0,0,14,0,14,0,4,41,0,45,0,4,55,0,59,58,0,58,117
05/28/2022,OLM,WA,ANM,WE,Federal Contract Tower,0,0,23,0,23,0,2,11,0,13,0,2,34,0,36,12,0,12,48
05/29/2022,OLM,WA,ANM,WE,Federal Contract Tower,0,0,10,0,10,0,2,20,0,22,0,2,30,0,32,14,0,14,46
05/30/2022,OLM,WA,ANM,WE,Federal Contract Tower,0,1,21,0,22,0,4,56,0,60,0,5,77,0,82,156,0,156,238
05/31/2022,OLM,WA,ANM,WE,Federal Contract Tower,0,0,13,2,15,0,4,104,2,110,0,4,117,4,125,126,0,126,251
06/01/2022,OLM,WA,ANM,WE,Federal Contract Tower,0,1,24,0,25,0,0,77,0,77,0,1,101,0,102,148,0,148,250
06/02/2022,OLM,WA,ANM,WE,Federal Contract Tower,0,2,18,7,27,0,0,75,1,76,0,2,93,8,103,112,2,114,217
06/03/2022,OLM,WA,ANM,WE,Federal Contract Tower,0,2,18,0,20,0,2,31,0,33,0,4,49,0,53,68,0,68,121
06/04/2022,OLM,WA,ANM,WE,Federal Contract Tower,0,0,28,0,28,0,2,32,0,34,0,2,60,0,62,66,0,66,128
06/05/2022,OLM,WA,ANM,WE,Federal Contract Tower,0,0,5,0,5,0,2,10,0,12,0,2,15,0,17,84,0,84,101
06/06/2022,OLM,WA,ANM,WE,Federal Contract Tower,0,1,31,0,32,0,0,77,0,77,0,1,108,0,109,120,0,120,229
06/07/2022,OLM,WA,ANM,WE,Federal Contract Tower,0,2,15,0,17,0,2,96,0,98,0,4,111,0,115,176,0,176,291
06/08/2022,OLM,WA,ANM,WE,Federal Contract Tower,0,1,19,0,20,0,1,60,1,62,0,2,79,1,82,152,0,152,234
06/09/2022,OLM,WA,ANM,WE,Federal Contract Tower,0,2,28,0,30,0,0,30,0,30,0,2,58,0,60,30,0,30,90
06/10/2022,OLM,WA,ANM,WE,Federal Contract Tower,0,3,10,2,15,0,1,11,0,12,0,4,21,2,27,20,0,20,47
06/11/2022,OLM,WA,ANM,WE,Federal Contract Tower,0,0,21,0,21,0,2,49,3,54,0,2,70,3,75,0,130,130,205
06/12/2022,OLM,WA,ANM,WE,Federal Contract Tower,0,2,15,0,17,0,4,31,0,35,0,6,46,0,52,72,0,72,124
06/13/2022,OLM,WA,ANM,WE,Federal Contract Tower,0,2,4,2,8,0,2,46,0,48,0,4,50,2,56,68,0,68,124
06/14/2022,OLM,WA,ANM,WE,Federal Contract Tower,0,2,21,2,25,0,0,90,0,90,0,2,111,2,115,216,0,216,331
06/15/2022,OLM,WA,ANM,WE,Federal Contract Tower,0,3,34,0,37,0,0,71,4,75,0,3,105,4,112,136,0,136,248
06/16/2022,OLM,WA,ANM,WE,Federal Contract Tower,0,2,18,0,20,0,4,69,2,75,0,6,87,2,95,120,0,120,215
06/17/2022,OLM,WA,ANM,WE,Federal Contract Tower,0,2,12,0,14,0,2,31,0,33,0,4,43,0,47,36,2,38,85
06/18/2022,OLM,WA,ANM,WE,Federal Contract Tower,0,1,3,1,5,0,4,50,0,54,0,5,53,1,59,160,0,160,219
06/19/2022,OLM,WA,ANM,WE,Federal Contract Tower,0,0,4,0,4,0,2,66,0,68,0,2,70,0,72,246,0,246,318
06/20/2022,OLM,WA,ANM,WE,Federal Contract Tower,0,2,30,1,33,0,3,77,2,82,0,5,107,3,115,194,0,194,309
06/21/2022,OLM,WA,ANM,WE,Federal Contract Tower,0,0,23,4,27,0,2,86,0,88,0,2,109,4,115,172,0,172,287
06/22/2022,OLM,WA,ANM,WE,Federal Contract Tower,0,4,32,3,39,0,2,61,0,63,0,6,93,3,102,152,0,152,254
06/23/2022,OLM,WA,ANM,WE,Federal Contract Tower,0,3,18,1,22,0,2,123,0,125,0,5,141,1,147,180,0,180,327
06/24/2022,OLM,WA,ANM,WE,Federal Contract Tower,0,0,20,5,25,0,3,102,2,107,0,3,122,7,132,74,2,76,208
06/25/2022,OLM,WA,ANM,WE,Federal Contract Tower,0,2,14,0,16,0,6,106,0,112,0,8,120,0,128,110,0,110,238
06/26/2022,OLM,WA,ANM,WE,Federal Contract Tower,0,0,11,0,11,0,0,68,6,74,0,0,79,6,85,96,0,96,181
06/27/2022,OLM,WA,ANM,WE,Federal Contract Tower,0,2,10,0,12,0,2,117,0,119,0,4,127,0,131,208,0,208,339
06/28/2022,OLM,WA,ANM,WE,Federal Contract Tower,0,0,16,2,18,0,0,20,0,20,0,0,36,2,38,46,4,50,88
06/29/2022,OLM,WA,ANM,WE,Federal Contract Tower,0,2,25,0,27,0,1,67,3,71,0,3,92,3,98,178,0,178,276
06/30/2022,OLM,WA,ANM,WE,Federal Contract Tower,0,0,20,0,20,0,0,105,0,105,0,0,125,0,125,92,0,92,217
07/01/2022,OLM,WA,ANM,WE,Federal Contract Tower,0,0,38,0,38,0,1,96,0,97,0,1,134,0,135,70,2,72,207
07/02/2022,OLM,WA,ANM,WE,Federal Contract Tower,0,2,34,0,36,0,3,28,0,31,0,5,62,0,67,110,0,110,177
07/03/2022,OLM,WA,ANM,WE,Federal Contract Tower,0,3,6,0,9,0,3,24,0,27,0,6,30,0,36,42,0,42,78
07/04/2022,OLM,WA,ANM,WE,Federal Contract Tower,0,0,8,0,8,0,6,39,0,45,0,6,47,0,53,76,0,76,129
07/05/2022,OLM,WA,ANM,WE,Federal Contract Tower,0,0,14,0,14,0,5,72,0,77,0,5,86,0,91,162,0,162,253
07/06/2022,OLM,WA,ANM,WE,Federal Contract Tower,0,0,9,5,14,0,0,64,1,65,0,0,73,6,79,102,6,108,187
07/07/2022,OLM,WA,ANM,WE,Federal Contract Tower,0,2,27,4,33,0,2,106,2,110,0,4,133,6,143,246,0,246,389
07/08/2022,OLM,WA,ANM,WE,Federal Contract Tower,0,3,33,0,36,0,2,83,0,85,0,5,116,0,121,112,0,112,233
07/09/2022,OLM,WA,ANM,WE,Federal Contract Tower,0,1,21,0,22,0,2,100,0,102,0,3,121,0,124,66,0,66,190
07/10/2022,OLM,WA,ANM,WE,Federal Contract Tower,0,2,10,0,12,0,2,82,4,88,0,4,92,4,100,148,0,148,248
07/11/2022,OLM,WA,ANM,WE,Federal Contract Tower,0,0,9,4,13,0,2,99,0,101,0,2,108,4,114,180,0,180,294
07/12/2022,OLM,WA,ANM,WE,Federal Contract Tower,0,0,23,4,27,0,2,63,0,65,0,2,86,4,92,136,0,136,228
07/13/2022,OLM,WA,ANM,WE,Federal Contract Tower,0,4,23,0,27,0,2,82,0,84,0,6,105,0,111,164,4,168,279
07/14/2022,OLM,WA,ANM,WE,Federal Contract Tower,0,4,18,4,26,0,4,85,0,89,0,8,103,4,115,70,0,70,185
07/15/2022,OLM,WA,ANM,WE,Federal Contract Tower,0,0,28,0,28,0,3,53,0,56,0,3,81,0,84,66,0,66,150
07/16/2022,OLM,WA,ANM,WE,Federal Contract Tower,0,0,20,0,20,0,5,80,0,85,0,5,100,0,105,194,0,194,299
07/17/2022,OLM,WA,ANM,WE,Federal Contract Tower,0,0,21,0,21,0,4,75,2,81,0,4,96,2,102,166,0,166,268
07/18/2022,OLM,WA,ANM,WE,Federal Contract Tower,0,0,33,0,33,0,2,72,0,74,0,2,105,0,107,288,2,290,397
07/19/2022,OLM,WA,ANM,WE,Federal Contract Tower,0,0,24,0,24,0,4,97,0,101,0,4,121,0,125,146,2,148,273
07/20/2022,OLM,WA,ANM,WE,Federal Contract Tower,0,3,12,2,17,0,1,88,1,90,0,4,100,3,107,198,0,198,305
07/21/2022,OLM,WA,ANM,WE,Federal Contract Tower,0,5,20,0,25,0,5,79,4,88,0,10,99,4,113,144,0,144,257
07/22/2022,OLM,WA,ANM,WE,Federal Contract Tower,0,0,22,2,24,0,3,73,3,79,0,3,95,5,103,64,0,64,167
07/23/2022,OLM,WA,ANM,WE,Federal Contract Tower,0,0,23,2,25,0,1,51,0,52,0,1,74,2,77,110,0,110,187
07/24/2022,OLM,WA,ANM,WE,Federal Contract Tower,0,2,17,0,19,0,4,71,0,75,0,6,88,0,94,128,0,128,222
07/25/2022,OLM,WA,ANM,WE,Federal Contract Tower,0,0,11,2,13,0,1,71,2,74,0,1,82,4,87,120,0,120,207
07/26/2022,OLM,WA,ANM,WE,Federal Contract Tower,0,4,19,0,23,0,6,75,2,83,0,10,94,2,106,210,2,212,318
07/27/2022,OLM,WA,ANM,WE,Federal Contract Tower,0,1,28,0,29,0,6,96,0,102,0,7,124,0,131,214,0,214,345
07/28/2022,OLM,WA,ANM,WE,Federal Contract Tower,0,3,33,1,37,0,4,90,3,97,0,7,123,4,134,134,2,136,270
07/29/2022,OLM,WA,ANM,WE,Federal Contract Tower,0,2,18,0,20,0,4,69,2,75,0,6,87,2,95,78,2,80,175
07/30/2022,OLM,WA,ANM,WE,Federal Contract Tower,0,2,17,0,19,0,7,81,0,88,0,9,98,0,107,188,0,188,295
07/31/2022,OLM,WA,ANM,WE,Federal Contract Tower,0,5,17,1,23,0,4,71,1,76,0,9,88,2,99,142,0,142,241
08/01/2022,OLM,WA,ANM,WE,Federal Contract Tower,0,1,30,4,35,0,5,70,0,75,0,6,100,4,110,132,0,132,242
08/02/2022,OLM,WA,ANM,WE,Federal Contract Tower,0,1,26,0,27,0,7,90,0,97,0,8,116,0,124,128,0,128,252
08/03/2022,OLM,WA,ANM,WE,Federal Contract Tower,0,5,28,0,33,0,4,72,0,76,0,9,100,0,109,126,0,126,235
08/04/2022,OLM,WA,ANM,WE,Federal Contract Tower,0,4,35,0,39,0,4,72,1,77,0,8,107,1,116,192,4,196,312
08/05/2022,OLM,WA,ANM,WE,Federal Contract Tower,0,0,27,2,29,0,2,88,2,92,0,2,115,4,121,82,6,88,209
08/06/2022,OLM,WA,ANM,WE,Federal Contract Tower,0,0,15,0,15,0,3,92,0,95,0,3,107,0,110,82,0,82,192
08/07/2022,OLM,WA,ANM,WE,Federal Contract Tower,0,0,9,0,9,0,6,80,0,86,0,6,89,0,95,108,0,108,203
08/08/2022,OLM,WA,ANM,WE,Federal Contract Tower,0,9,14,4,27,0,6,83,4,93,0,15,97,8,120,136,6,142,262
08/09/2022,OLM,WA,ANM,WE,Federal Contract Tower,0,2,23,0,25,0,4,72,0,76,0,6,95,0,101,242,0,242,343
08/10/2022,OLM,WA,ANM,WE,Federal Contract Tower,0,3,16,0,19,0,2,43,0,45,0,5,59,0,64,192,0,192,256
08/11/2022,OLM,WA,ANM,WE,Federal Contract Tower,0,0,38,8,46,0,2,108,0,110,0,2,146,8,156,120,0,120,276
08/12/2022,OLM,WA,ANM,WE,Federal Contract Tower,0,0,18,0,18,0,4,71,0,75,0,4,89,0,93,94,2,96,189
08/13/2022,OLM,WA,ANM,WE,Federal Contract Tower,0,0,29,0,29,0,3,49,6,58,0,3,78,6,87,122,0,122,209
08/14/2022,OLM,WA,ANM,WE,Federal Contract Tower,0,0,19,0,19,0,6,84,0,90,0,6,103,0,109,158,0,158,267
08/15/2022,OLM,WA,ANM,WE,Federal Contract Tower,0,0,18,0,18,0,2,96,5,103,0,2,114,5,121,92,0,92,213
08/16/2022,OLM,WA,ANM,WE,Federal Contract Tower,0,0,27,0,27,0,2,95,3,100,0,2,122,3,127,190,0,190,317
08/17/2022,OLM,WA,ANM,WE,Federal Contract Tower,0,0,22,2,24,0,2,72,0,74,0,2,94,2,98,80,2,82,180
08/18/2022,OLM,WA,ANM,WE,Federal Contract Tower,0,2,21,2,25,0,2,75,0,77,0,4,96,2,102,114,0,114,216
08/19/2022,OLM,WA,ANM,WE,Federal Contract Tower,0,0,37,0,37,0,2,77,0,79,0,2,114,0,116,126,0,126,242
08/20/2022,OLM,WA,ANM,WE,Federal Contract Tower,0,0,22,0,22,0,2,69,1,72,0,2,91,1,94,132,0,132,226
08/21/2022,OLM,WA,ANM,WE,Federal Contract Tower,0,1,17,0,18,0,2,56,0,58,0,3,73,0,76,86,0,86,162
08/22/2022,OLM,WA,ANM,WE,Federal Contract Tower,0,0,18,0,18,0,2,89,2,93,0,2,107,2,111,168,6,174,285
08/23/2022,OLM,WA,ANM,WE,Federal Contract Tower,0,0,44,0,44,0,3,74,4,81,0,3,118,4,125,182,0,182,307
08/24/2022,OLM,WA,ANM,WE,Federal Contract Tower,0,2,35,0,37,0,3,106,2,111,0,5,141,2,148,152,2,154,302
08/25/2022,OLM,WA,ANM,WE,Federal Contract Tower,0,0,46,2,48,0,1,97,1,99,0,1,143,3,147,106,0,106,253
08/26/2022,OLM,WA,ANM,WE,Federal Contract Tower,0,0,11,2,13,0,4,33,0,37,0,4,44,2,50,56,2,58,108
08/27/2022,OLM,WA,ANM,WE,Federal Contract Tower,0,0,27,0,27,0,3,40,0,43,0,3,67,0,70,34,0,34,104
08/28/2022,OLM,WA,ANM,WE,Federal Contract Tower,0,3,12,0,15,0,2,94,0,96,0,5,106,0,111,136,0,136,247
08/29/2022,OLM,WA,ANM,WE,Federal Contract Tower,0,3,32,4,39,0,4,111,4,119,0,7,143,8,158,196,0,196,354
08/30/2022,OLM,WA,ANM,WE,Federal Contract Tower,0,0,34,4,38,0,4,106,2,112,0,4,140,6,150,276,6,282,432
08/31/2022,OLM,WA,ANM,WE,Federal Contract Tower,0,2,40,4,46,0,4,74,0,78,0,6,114,4,124,212,0,212,336
09/01/2022,OLM,WA,ANM,WE,Federal Contract Tower,0,0,39,0,39,0,1,50,0,51,0,1,89,0,90,172,6,178,268
09/02/2022,OLM,WA,ANM,WE,Federal Contract Tower,0,0,23,0,23,0,4,69,0,73,0,4,92,0,96,122,0,122,218
09/03/2022,OLM,WA,ANM,WE,Federal Contract Tower,0,1,20,0,21,0,3,48,0,51,0,4,68,0,72,94,0,94,166
09/04/2022,OLM,WA,ANM,WE,Federal Contract Tower,0,1,22,0,23,0,6,32,0,38,0,7,54,0,61,46,0,46,107
09/05/2022,OLM,WA,ANM,WE,Federal Contract Tower,0,0,22,0,22,0,5,42,0,47,0,5,64,0,69,86,0,86,155
09/06/2022,OLM,WA,ANM,WE,Federal Contract Tower,0,2,22,0,24,0,2,85,0,87,0,4,107,0,111,126,0,126,237
09/07/2022,OLM,WA,ANM,WE,Federal Contract Tower,0,0,23,2,25,0,3,107,2,112,0,3,130,4,137,110,14,124,261
09/08/2022,OLM,WA,ANM,WE,Federal Contract Tower,0,0,28,0,28,0,3,119,0,122,0,3,147,0,150,88,10,98,248
09/09/2022,OLM,WA,ANM,WE,Federal Contract Tower,0,0,16,0,16,0,5,63,1,69,0,5,79,1,85,50,2,52,137
09/10/2022,OLM,WA,ANM,WE,Federal Contract Tower,0,0,12,2,14,0,3,63,0,66,0,3,75,2,80,134,0,134,214
09/11/2022,OLM,WA,ANM,WE,Federal Contract Tower,0,2,17,2,21,0,2,51,0,53,0,4,68,2,74,190,0,190,264
09/12/2022,OLM,WA,ANM,WE,Federal Contract Tower,0,4,39,5,48,0,2,63,2,67,0,6,102,7,115,224,0,224,339
09/13/2022,OLM,WA,ANM,WE,Federal Contract Tower,0,0,22,4,26,0,3,75,2,80,0,3,97,6,106,156,0,156,262
09/14/2022,OLM,WA,ANM,WE,Federal Contract Tower,0,0,19,0,19,0,3,79,0,82,0,3,98,0,101,208,2,210,311
09/15/2022,OLM,WA,ANM,WE,Federal Contract Tower,0,0,32,0,32,0,1,77,3,81,0,1,109,3,113,176,2,178,291
09/16/2022,OLM,WA,ANM,WE,Federal Contract Tower,0,0,19,0,19,0,4,54,0,58,0,4,73,0,77,72,0,72,149
09/17/2022,OLM,WA,ANM,WE,Federal Contract Tower,0,0,13,0,13,0,2,88,0,90,0,2,101,0,103,162,0,162,265
09/18/2022,OLM,WA,ANM,WE,Federal Contract Tower,0,0,27,0,27,0,4,76,2,82,0,4,103,2,109,150,0,150,259
09/19/2022,OLM,WA,ANM,WE,Federal Contract Tower,0,4,27,2,33,0,0,89,4,93,0,4,116,6,126,128,20,148,274
09/20/2022,OLM,WA,ANM,WE,Federal Contract Tower,0,2,33,0,35,0,2,92,0,94,0,4,125,0,129,110,2,112,241
09/21/2022,OLM,WA,ANM,WE,Federal Contract Tower,0,0,43,0,43,0,5,104,0,109,0,5,147,0,152,120,0,120,272
09/22/2022,OLM,WA,ANM,WE,Federal Contract Tower,0,3,46,2,51,0,3,85,0,88,0,6,131,2,139,92,2,94,233
09/23/2022,OLM,WA,ANM,WE,Federal Contract Tower,0,1,26,0,27,0,2,87,0,89,0,3,113,0,116,192,0,192,308
09/24/2022,OLM,WA,ANM,WE,Federal Contract Tower,0,2,36,0,38,0,2,77,0,79,0,4,113,0,117,124,0,124,241
09/25/2022,OLM,WA,ANM,WE,Federal Contract Tower,0,1,21,0,22,0,2,85,2,89,0,3,106,2,111,144,0,144,255
09/26/2022,OLM,WA,ANM,WE,Federal Contract Tower,0,1,26,4,31,0,3,73,2,78,0,4,99,6,109,198,0,198,307
09/27/2022,OLM,WA,ANM,WE,Federal Contract Tower,0,2,14,4,20,0,2,75,2,79,0,4,89,6,99,114,16,130,229
09/28/2022,OLM,WA,ANM,WE,Federal Contract Tower,0,2,20,0,22,0,2,41,0,43,0,4,61,0,65,116,14,130,195
09/29/2022,OLM,WA,ANM,WE,Federal Contract Tower,0,0,23,3,26,0,2,53,4,59,0,2,76,7,85,104,4,108,193
09/30/2022,OLM,WA,ANM,WE,Federal Contract Tower,0,1,20,0,21,0,3,61,0,64,0,4,81,0,85,90,2,92,177
10/01/2022,OLM,WA,ANM,WE,Federal Contract Tower,0,0,21,0,21,0,1,75,0,76,0,1,96,0,97,82,0,82,179
10/02/2022,OLM,WA,ANM,WE,Federal Contract Tower,0,0,37,0,37,0,7,86,2,95,0,7,123,2,132,108,0,108,240
10/03/2022,OLM,WA,ANM,WE,Federal Contract Tower,0,0,30,0,30,0,2,61,2,65,0,2,91,2,95,142,6,148,243
10/05/2022,OLM,WA,ANM,WE,Federal Contract Tower,0,0,19,2,21,0,0,24,2,26,0,0,43,4,47,110,2,112,159
10/06/2022,OLM,WA,ANM,WE,Federal Contract Tower,0,5,20,0,25,0,2,56,0,58,0,7,76,0,83,112,0,112,195
10/07/2022,OLM,WA,ANM,WE,Federal Contract Tower,0,0,19,0,19,0,1,80,0,81,0,1,99,0,100,92,0,92,192
10/08/2022,OLM,WA,ANM,WE,Federal Contract Tower,0,0,13,0,13,0,3,61,0,64,0,3,74,0,77,160,0,160,237
10/09/2022,OLM,WA,ANM,WE,Federal Contract Tower,0,0,15,0,15,0,2,61,0,63,0,2,76,0,78,134,0,134,212
10/10/2022,OLM,WA,ANM,WE,Federal Contract Tower,0,2,28,0,30,0,2,63,2,67,0,4,91,2,97,178,0,178,275
10/11/2022,OLM,WA,ANM,WE,Federal Contract Tower,0,0,23,8,31,0,2,87,8,97,0,2,110,16,128,228,10,238,366
10/12/2022,OLM,WA,ANM,WE,Federal Contract Tower,0,2,29,2,33,0,1,97,1,99,0,3,126,3,132,162,0,162,294
10/13/2022,OLM,WA,ANM,WE,Federal Contract Tower,0,0,29,3,32,0,1,84,2,87,0,1,113,5,119,178,12,190,309
10/14/2022,OLM,WA,ANM,WE,Federal Contract Tower,0,0,17,0,17,0,3,92,0,95,0,3,109,0,112,190,2,192,304
10/15/2022,OLM,WA,ANM,WE,Federal Contract Tower,0,2,28,0,30,0,1,46,0,47,0,3,74,0,77,134,0,134,211
10/16/2022,OLM,WA,ANM,WE,Federal Contract Tower,0,1,20,0,21,0,2,73,0,75,0,3,93,0,96,168,0,168,264
10/17/2022,OLM,WA,ANM,WE,Federal Contract Tower,0,0,22,6,28,0,2,89,12,103,0,2,111,18,131,222,44,266,397
10/18/2022,OLM,WA,ANM,WE,Federal Contract Tower,0,14,28,2,44,0,1,69,0,70,0,15,97,2,114,120,4,124,238
10/19/2022,OLM,WA,ANM,WE,Federal Contract Tower,0,1,24,5,30,0,2,38,0,40,0,3,62,5,70,78,0,78,148
10/20/2022,OLM,WA,ANM,WE,Federal Contract Tower,0,2,28,0,30,0,1,10,0,11,0,3,38,0,41,2,0,2,43
10/21/2022,OLM,WA,ANM,WE,Federal Contract Tower,0,3,23,0,26,0,3,21,0,24,0,6,44,0,50,4,0,4,54
10/22/2022,OLM,WA,ANM,WE,Federal Contract Tower,0,1,13,0,14,0,0,39,0,39,0,1,52,0,53,174,0,174,227
10/23/2022,OLM,WA,ANM,WE,Federal Contract Tower,0,0,16,0,16,0,0,65,0,65,0,0,81,0,81,112,8,120,201
10/24/2022,OLM,WA,ANM,WE,Federal Contract Tower,0,1,5,0,6,0,1,20,6,27,0,2,25,6,33,52,8,60,93
10/25/2022,OLM,WA,ANM,WE,Federal Contract Tower,0,3,8,4,15,0,1,11,0,12,0,4,19,4,27,22,0,22,49
10/26/2022,OLM,WA,ANM,WE,Federal Contract Tower,0,2,29,12,43,0,4,69,6,79,0,6,98,18,122,162,0,162,284
10/27/2022,OLM,WA,ANM,WE,Federal Contract Tower,0,1,9,2,12,0,4,39,8,51,0,5,48,10,63,72,0,72,135
10/28/2022,OLM,WA,ANM,WE,Federal Contract Tower,0,1,22,0,23,0,3,43,2,48,0,4,65,2,71,172,0,172,243
10/29/2022,OLM,WA,ANM,WE,Federal Contract Tower,0,2,23,0,25,0,0,53,2,55,0,2,76,2,80,88,0,88,168
10/30/2022,OLM,WA,ANM,WE,Federal Contract Tower,0,0,14,0,14,0,0,0,0,0,0,0,14,0,14,0,0,0,14
10/31/2022,OLM,WA,ANM,WE,Federal Contract Tower,0,0,15,2,17,0,2,31,0,33,0,2,46,2,50,152,0,152,202
11/01/2022,OLM,WA,ANM,WE,Federal Contract Tower,0,2,10,0,12,0,1,29,2,32,0,3,39,2,44,70,0,70,114
11/02/2022,OLM,WA,ANM,WE,Federal Contract Tower,0,4,28,0,32,0,2,24,2,28,0,6,52,2,60,72,6,78,138
11/03/2022,OLM,WA,ANM,WE,Federal Contract Tower,0,4,0,8,12,0,0,29,0,29,0,4,29,8,41,46,2,48,89
11/04/2022,OLM,WA,ANM,WE,Federal Contract Tower,0,0,3,0,3,0,0,1,0,1,0,0,4,0,4,0,0,0,4
11/05/2022,OLM,WA,ANM,WE,Federal Contract Tower,0,0,3,0,3,0,4,26,2,32,0,4,29,2,35,22,0,22,57
11/06/2022,OLM,WA,ANM,WE,Federal Contract Tower,0,0,13,0,13,0,2,13,0,15,0,2,26,0,28,74,0,74,102
11/07/2022,OLM,WA,ANM,WE,Federal Contract Tower,0,2,2,0,4,0,0,36,4,40,0,2,38,4,44,48,10,58,102
11/08/2022,OLM,WA,ANM,WE,Federal Contract Tower,0,1,10,2,13,0,3,47,0,50,0,4,57,2,63,112,0,112,175
11/09/2022,OLM,WA,ANM,WE,Federal Contract Tower,0,1,50,2,53,0,3,92,0,95,0,4,142,2,148,188,22,210,358
11/10/2022,OLM,WA,ANM,WE,Federal Contract Tower,0,0,47,2,49,0,0,75,0,75,0,0,122,2,124,184,2,186,310
11/11/2022,OLM,WA,ANM,WE,Federal Contract Tower,0,0,17,0,17,0,4,64,0,68,0,4,81,0,85,56,0,56,141
11/12/2022,OLM,WA,ANM,WE,Federal Contract Tower,0,1,30,0,31,0,1,86,0,87,0,2,116,0,118,102,0,102,220
11/13/2022,OLM,WA,ANM,WE,Federal Contract Tower,0,0,8,0,8,0,2,29,0,31,0,2,37,0,39,68,0,68,107
11/14/2022,OLM,WA,ANM,WE,Federal Contract Tower,0,0,18,0,18,0,2,68,0,70,0,2,86,0,88,118,0,118,206
11/15/2022,OLM,WA,ANM,WE,Federal Contract Tower,0,2,28,7,37,0,1,49,0,50,0,3,77,7,87,114,10,124,211
11/16/2022,OLM,WA,ANM,WE,Federal Contract Tower,0,0,22,2,24,0,1,38,0,39,0,1,60,2,63,76,0,76,139
11/17/2022,OLM,WA,ANM,WE,Federal Contract Tower,0,2,16,2,20,0,1,89,2,92,0,3,105,4,112,102,8,110,222
11/18/2022,OLM,WA,ANM,WE,Federal Contract Tower,0,0,35,2,37,0,4,86,0,90,0,4,121,2,127,130,0,130,257
11/19/2022,OLM,WA,ANM,WE,Federal Contract Tower,0,0,22,0,22,0,1,90,4,95,0,1,112,4,117,240,0,240,357
11/20/2022,OLM,WA,ANM,WE,Federal Contract Tower,0,0,26,1,27,0,2,78,1,81,0,2,104,2,108,160,0,160,268
11/21/2022,OLM,WA,ANM,WE,Federal Contract Tower,0,1,32,2,35,0,2,57,4,63,0,3,89,6,98,70,0,70,168
11/22/2022,OLM,WA,ANM,WE,Federal Contract Tower,0,1,12,4,17,0,0,0,2,2,0,1,12,6,19,4,6,10,29
11/23/2022,OLM,WA,ANM,WE,Federal Contract Tower,0,0,25,0,25,0,2,50,2,54,0,2,75,2,79,126,6,132,211
11/24/2022,OLM,WA,ANM,WE,Federal Contract Tower,0,0,4,0,4,0,2,19,0,21,0,2,23,0,25,18,0,18,43
11/25/2022,OLM,WA,ANM,WE,Federal Contract Tower,0,1,3,0,4,0,0,6,0,6,0,1,9,0,10,26,0,26,36
11/26/2022,OLM,WA,ANM,WE,Federal Contract Tower,0,1,10,0,11,0,0,8,0,8,0,1,18,0,19,16,0,16,35
11/27/2022,OLM,WA,ANM,WE,Federal Contract Tower,0,4,5,0,9,0,2,15,2,19,0,6,20,2,28,76,0,76,104
11/28/2022,OLM,WA,ANM,WE,Federal Contract Tower,0,0,8,0,8,0,0,40,4,44,0,0,48,4,52,112,0,112,164
11/29/2022,OLM,WA,ANM,WE,Federal Contract Tower,0,0,0,0,0,0,0,0,0,0,0,0,0,0,0,0,0,0,0
11/30/2022,OLM,WA,ANM,WE,Federal Contract Tower,0,0,3,0,3,0,2,23,7,32,0,2,26,7,35,84,18,102,137
12/01/2022,OLM,WA,ANM,WE,Federal Contract Tower,0,0,3,0,3,0,0,29,5,34,0,0,32,5,37,66,8,74,111
12/02/2022,OLM,WA,ANM,WE,Federal Contract Tower,0,0,8,0,8,0,0,33,0,33,0,0,41,0,41,64,6,70,111
12/03/2022,OLM,WA,ANM,WE,Federal Contract Tower,0,0,23,0,23,0,5,53,1,59,0,5,76,1,82,74,0,74,156
12/04/2022,OLM,WA,ANM,WE,Federal Contract Tower,0,2,4,0,6,0,0,2,0,2,0,2,6,0,8,36,0,36,44
12/05/2022,OLM,WA,ANM,WE,Federal Contract Tower,0,0,14,4,18,0,0,0,0,0,0,0,14,4,18,6,0,6,24
12/06/2022,OLM,WA,ANM,WE,Federal Contract Tower,0,3,16,8,27,0,1,11,0,12,0,4,27,8,39,6,0,6,45
12/07/2022,OLM,WA,ANM,WE,Federal Contract Tower,0,0,29,2,31,0,4,46,4,54,0,4,75,6,85,162,28,190,275
12/08/2022,OLM,WA,ANM,WE,Federal Contract Tower,0,1,7,4,12,0,1,24,0,25,0,2,31,4,37,66,14,80,117
12/09/2022,OLM,WA,ANM,WE,Federal Contract Tower,0,0,8,0,8,0,0,22,4,26,0,0,30,4,34,54,10,64,98
12/10/2022,OLM,WA,ANM,WE,Federal Contract Tower,0,0,6,0,6,0,0,24,1,25,0,0,30,1,31,44,0,44,75
12/11/2022,OLM,WA,ANM,WE,Federal Contract Tower,0,0,7,0,7,0,0,8,0,8,0,0,15,0,15,40,0,40,55
12/12/2022,OLM,WA,ANM,WE,Federal Contract Tower,0,2,5,6,13,0,2,28,0,30,0,4,33,6,43,86,0,86,129
12/13/2022,OLM,WA,ANM,WE,Federal Contract Tower,0,6,13,12,31,0,0,67,0,67,0,6,80,12,98,196,20,216,314
12/14/2022,OLM,WA,ANM,WE,Federal Contract Tower,0,2,26,0,28,0,2,44,0,46,0,4,70,0,74,72,0,72,146
12/15/2022,OLM,WA,ANM,WE,Federal Contract Tower,0,0,19,0,19,0,3,82,1,86,0,3,101,1,105,130,4,134,239
12/16/2022,OLM,WA,ANM,WE,Federal Contract Tower,0,0,29,0,29,0,8,65,0,73,0,8,94,0,102,128,0,128,230
12/17/2022,OLM,WA,ANM,WE,Federal Contract Tower,0,0,3,0,3,0,0,2,0,2,0,0,5,0,5,44,0,44,49
12/18/2022,OLM,WA,ANM,WE,Federal Contract Tower,0,2,6,0,8,0,2,10,2,14,0,4,16,2,22,46,0,46,68
12/19/2022,OLM,WA,ANM,WE,Federal Contract Tower,0,0,6,0,6,0,0,24,0,24,0,0,30,0,30,72,0,72,102
12/20/2022,OLM,WA,ANM,WE,Federal Contract Tower,0,2,2,0,4,0,0,2,0,2,0,2,4,0,6,12,0,12,18
12/21/2022,OLM,WA,ANM,WE,Federal Contract Tower,0,1,9,2,12,0,4,30,0,34,0,5,39,2,46,138,0,138,184
12/22/2022,OLM,WA,ANM,WE,Federal Contract Tower,0,0,28,2,30,0,2,52,0,54,0,2,80,2,84,126,14,140,224
12/23/2022,OLM,WA,ANM,WE,Federal Contract Tower,0,2,0,0,2,0,0,0,0,0,0,2,0,0,2,0,0,0,2
12/24/2022,OLM,WA,ANM,WE,Federal Contract Tower,0,0,0,0,0,0,0,0,0,0,0,0,0,0,0,0,0,0,0
12/25/2022,OLM,WA,ANM,WE,Federal Contract Tower,0,0,2,0,2,0,0,0,0,0,0,0,2,0,2,0,0,0,2
12/26/2022,OLM,WA,ANM,WE,Federal Contract Tower,0,1,9,0,10,0,0,22,0,22,0,1,31,0,32,138,0,138,170
12/27/2022,OLM,WA,ANM,WE,Federal Contract Tower,0,1,2,0,3,0,0,0,0,0,0,1,2,0,3,0,0,0,3
12/28/2022,OLM,WA,ANM,WE,Federal Contract Tower,0,2,9,0,11,0,0,40,0,40,0,2,49,0,51,118,0,118,169
12/29/2022,OLM,WA,ANM,WE,Federal Contract Tower,0,1,15,0,16,0,0,16,0,16,0,1,31,0,32,8,0,8,40
12/30/2022,OLM,WA,ANM,WE,Federal Contract Tower,0,0,4,0,4,0,0,13,0,13,0,0,17,0,17,24,0,24,41
12/31/2022,OLM,WA,ANM,WE,Federal Contract Tower,0,2,12,0,14,0,0,44,0,44,0,2,56,0,58,168,0,168,226
01/01/2023,OLM,WA,ANM,WE,Federal Contract Tower,0,0,10,0,10,0,4,20,0,24,0,4,30,0,34,26,0,26,60
01/02/2023,OLM,WA,ANM,WE,Federal Contract Tower,0,2,20,0,22,0,0,0,0,0,0,2,20,0,22,0,0,0,22
01/03/2023,OLM,WA,ANM,WE,Federal Contract Tower,0,0,48,0,48,0,0,52,2,54,0,0,100,2,102,134,0,134,236
01/04/2023,OLM,WA,ANM,WE,Federal Contract Tower,0,3,26,4,33,0,4,54,0,58,0,7,80,4,91,116,0,116,207
01/05/2023,OLM,WA,ANM,WE,Federal Contract Tower,0,0,17,10,27,0,2,31,3,36,0,2,48,13,63,26,44,70,133
01/06/2023,OLM,WA,ANM,WE,Federal Contract Tower,0,0,24,2,26,0,1,56,1,58,0,1,80,3,84,58,4,62,146
01/07/2023,OLM,WA,ANM,WE,Federal Contract Tower,0,0,9,0,9,0,0,0,0,0,0,0,9,0,9,0,0,0,9
01/08/2023,OLM,WA,ANM,WE,Federal Contract Tower,0,0,4,0,4,0,0,3,0,3,0,0,7,0,7,10,0,10,17
01/09/2023,OLM,WA,ANM,WE,Federal Contract Tower,0,2,4,10,16,0,0,9,0,9,0,2,13,10,25,18,8,26,51
01/10/2023,OLM,WA,ANM,WE,Federal Contract Tower,0,2,49,7,58,0,2,74,2,78,0,4,123,9,136,158,24,182,318
01/11/2023,OLM,WA,ANM,WE,Federal Contract Tower,0,0,32,2,34,0,3,53,2,58,0,3,85,4,92,98,34,132,224
01/12/2023,OLM,WA,ANM,WE,Federal Contract Tower,0,1,11,2,14,0,0,10,0,10,0,1,21,2,24,20,0,20,44
01/13/2023,OLM,WA,ANM,WE,Federal Contract Tower,0,2,4,0,6,0,4,20,0,24,0,6,24,0,30,16,0,16,46
01/14/2023,OLM,WA,ANM,WE,Federal Contract Tower,0,0,40,0,40,0,2,74,0,76,0,2,114,0,116,170,0,170,286
01/15/2023,OLM,WA,ANM,WE,Federal Contract Tower,0,3,4,0,7,0,0,5,0,5,0,3,9,0,12,30,0,30,42
01/16/2023,OLM,WA,ANM,WE,Federal Contract Tower,0,0,20,0,20,0,3,71,0,74,0,3,91,0,94,150,0,150,244
01/17/2023,OLM,WA,ANM,WE,Federal Contract Tower,0,4,22,4,30,0,0,13,4,17,0,4,35,8,47,18,10,28,75
01/18/2023,OLM,WA,ANM,WE,Federal Contract Tower,0,0,8,4,12,0,2,23,8,33,0,2,31,12,45,14,36,50,95
01/19/2023,OLM,WA,ANM,WE,Federal Contract Tower,0,2,10,2,14,0,0,21,0,21,0,2,31,2,35,44,18,62,97
01/20/2023,OLM,WA,ANM,WE,Federal Contract Tower,0,0,12,0,12,0,1,17,0,18,0,1,29,0,30,20,2,22,52
01/21/2023,OLM,WA,ANM,WE,Federal Contract Tower,0,0,1,1,2,0,0,1,0,1,0,0,2,1,3,6,0,6,9
01/22/2023,OLM,WA,ANM,WE,Federal Contract Tower,0,0,7,0,7,0,3,32,0,35,0,3,39,0,42,92,0,92,134
01/23/2023,OLM,WA,ANM,WE,Federal Contract Tower,0,1,28,0,29,0,2,60,0,62,0,3,88,0,91,64,0,64,155
01/24/2023,OLM,WA,ANM,WE,Federal Contract Tower,0,8,15,8,31,0,0,20,0,20,0,8,35,8,51,106,0,106,157
01/25/2023,OLM,WA,ANM,WE,Federal Contract Tower,0,2,19,4,25,0,0,35,0,35,0,2,54,4,60,80,36,116,176
01/26/2023,OLM,WA,ANM,WE,Federal Contract Tower,0,2,47,0,49,0,2,32,1,35,0,4,79,1,84,88,0,88,172
01/27/2023,OLM,WA,ANM,WE,Federal Contract Tower,0,0,18,2,20,0,2,30,0,32,0,2,48,2,52,42,2,44,96
01/28/2023,OLM,WA,ANM,WE,Federal Contract Tower,0,0,15,4,19,0,3,38,0,41,0,3,53,4,60,56,0,56,116
01/29/2023,OLM,WA,ANM,WE,Federal Contract Tower,0,0,20,0,20,0,2,75,1,78,0,2,95,1,98,80,4,84,182
01/30/2023,OLM,WA,ANM,WE,Federal Contract Tower,0,0,55,6,61,0,4,79,0,83,0,4,134,6,144,124,2,126,270
01/31/2023,OLM,WA,ANM,WE,Federal Contract Tower,0,0,20,4,24,0,1,57,0,58,0,1,77,4,82,52,0,52,134
02/02/2023,OLM,WA,ANM,WE,Federal Contract Tower,0,0,35,4,39,0,6,76,0,82,0,6,111,4,121,108,0,108,229
02/03/2023,OLM,WA,ANM,WE,Federal Contract Tower,0,0,1,2,3,0,3,3,0,6,0,3,4,2,9,14,0,14,23
02/04/2023,OLM,WA,ANM,WE,Federal Contract Tower,0,2,23,0,25,0,1,32,0,33,0,3,55,0,58,74,2,76,134
02/05/2023,OLM,WA,ANM,WE,Federal Contract Tower,0,1,8,0,9,0,0,9,0,9,0,1,17,0,18,30,0,30,48
02/06/2023,OLM,WA,ANM,WE,Federal Contract Tower,0,3,7,0,10,0,2,8,0,10,0,5,15,0,20,18,0,18,38
02/07/2023,OLM,WA,ANM,WE,Federal Contract Tower,0,1,1,0,2,0,0,6,0,6,0,1,7,0,8,0,18,18,26
02/08/2023,OLM,WA,ANM,WE,Federal Contract Tower,0,4,28,0,32,0,4,85,6,95,0,8,113,6,127,124,2,126,253
02/09/2023,OLM,WA,ANM,WE,Federal Contract Tower,0,3,17,4,24,0,2,88,0,90,0,5,105,4,114,206,10,216,330
02/10/2023,OLM,WA,ANM,WE,Federal Contract Tower,0,0,19,0,19,0,0,37,2,39,0,0,56,2,58,46,0,46,104
02/11/2023,OLM,WA,ANM,WE,Federal Contract Tower,0,1,39,0,40,0,0,56,1,57,0,1,95,1,97,74,0,74,171
02/12/2023,OLM,WA,ANM,WE,Federal Contract Tower,0,0,22,0,22,0,3,44,1,48,0,3,66,1,70,34,0,34,104
02/13/2023,OLM,WA,ANM,WE,Federal Contract Tower,0,0,2,0,2,0,4,10,0,14,0,4,12,0,16,4,12,16,32
02/14/2023,OLM,WA,ANM,WE,Federal Contract Tower,0,0,19,4,23,0,3,66,0,69,0,3,85,4,92,62,0,62,154
02/15/2023,OLM,WA,ANM,WE,Federal Contract Tower,0,4,37,18,59,0,2,100,0,102,0,6,137,18,161,92,0,92,253
02/16/2023,OLM,WA,ANM,WE,Federal Contract Tower,0,1,26,7,34,0,1,95,2,98,0,2,121,9,132,160,14,174,306
02/17/2023,OLM,WA,ANM,WE,Federal Contract Tower,0,2,13,0,15,0,2,38,1,41,0,4,51,1,56,102,0,102,158
02/18/2023,OLM,WA,ANM,WE,Federal Contract Tower,0,6,1,0,7,0,0,7,0,7,0,6,8,0,14,2,0,2,16
02/19/2023,OLM,WA,ANM,WE,Federal Contract Tower,0,0,10,0,10,0,2,10,0,12,0,2,20,0,22,22,0,22,44
02/20/2023,OLM,WA,ANM,WE,Federal Contract Tower,0,0,1,0,1,0,1,3,1,5,0,1,4,1,6,0,8,8,14
02/21/2023,OLM,WA,ANM,WE,Federal Contract Tower,0,2,5,4,11,0,7,21,0,28,0,9,26,4,39,30,12,42,81
02/22/2023,OLM,WA,ANM,WE,Federal Contract Tower,0,3,4,0,7,0,0,10,0,10,0,3,14,0,17,16,0,16,33
02/23/2023,OLM,WA,ANM,WE,Federal Contract Tower,0,2,21,3,26,0,2,69,3,74,0,4,90,6,100,110,14,124,224
02/24/2023,OLM,WA,ANM,WE,Federal Contract Tower,0,0,47,0,47,0,2,83,0,85,0,2,130,0,132,84,2,86,218
02/25/2023,OLM,WA,ANM,WE,Federal Contract Tower,0,0,32,0,32,0,0,64,1,65,0,0,96,1,97,126,0,126,223
02/26/2023,OLM,WA,ANM,WE,Federal Contract Tower,0,0,2,0,2,0,2,18,0,20,0,2,20,0,22,14,0,14,36
02/27/2023,OLM,WA,ANM,WE,Federal Contract Tower,0,0,1,4,5,0,4,19,3,26,0,4,20,7,31,26,46,72,103
02/28/2023,OLM,WA,ANM,WE,Federal Contract Tower,0,2,4,2,8,0,1,33,2,36,0,3,37,4,44,218,20,238,282
03/01/2023,OLM,WA,ANM,WE,Federal Contract Tower,0,1,27,4,32,0,2,45,0,47,0,3,72,4,79,188,4,192,271
03/02/2023,OLM,WA,ANM,WE,Federal Contract Tower,0,3,1,0,4,0,0,9,2,11,0,3,10,2,15,74,0,74,89
03/03/2023,OLM,WA,ANM,WE,Federal Contract Tower,0,0,8,0,8,0,4,8,0,12,0,4,16,0,20,32,0,32,52
03/04/2023,OLM,WA,ANM,WE,Federal Contract Tower,0,0,2,0,2,0,1,8,0,9,0,1,10,0,11,38,0,38,49
03/05/2023,OLM,WA,ANM,WE,Federal Contract Tower,0,0,23,0,23,0,4,64,2,70,0,4,87,2,93,80,0,80,173
03/06/2023,OLM,WA,ANM,WE,Federal Contract Tower,0,4,17,9,30,0,5,51,0,56,0,9,68,9,86,136,0,136,222
03/07/2023,OLM,WA,ANM,WE,Federal Contract Tower,0,0,8,6,14,0,2,53,2,57,0,2,61,8,71,85,2,87,158
03/08/2023,OLM,WA,ANM,WE,Federal Contract Tower,0,0,20,2,22,0,0,33,0,33,0,0,53,2,55,44,2,46,101
03/09/2023,OLM,WA,ANM,WE,Federal Contract Tower,0,0,16,0,16,0,0,34,0,34,0,0,50,0,50,66,0,66,116
03/10/2023,OLM,WA,ANM,WE,Federal Contract Tower,0,1,17,0,18,0,0,44,3,47,0,1,61,3,65,78,0,78,143
03/11/2023,OLM,WA,ANM,WE,Federal Contract Tower,0,0,33,0,33,0,0,48,0,48,0,0,81,0,81,72,0,72,153
03/12/2023,OLM,WA,ANM,WE,Federal Contract Tower,0,0,5,0,5,0,0,7,0,7,0,0,12,0,12,0,0,0,12
03/13/2023,OLM,WA,ANM,WE,Federal Contract Tower,0,2,5,0,7,0,2,16,0,18,0,4,21,0,25,26,0,26,51
03/14/2023,OLM,WA,ANM,WE,Federal Contract Tower,0,1,43,6,50,0,3,73,0,76,0,4,116,6,126,128,0,128,254
03/15/2023,OLM,WA,ANM,WE,Federal Contract Tower,0,4,30,4,38,0,5,53,0,58,0,9,83,4,96,146,0,146,242
03/16/2023,OLM,WA,ANM,WE,Federal Contract Tower,0,2,27,8,37,0,7,91,2,100,0,9,118,10,137,150,12,162,299
03/17/2023,OLM,WA,ANM,WE,Federal Contract Tower,0,1,41,4,46,0,4,100,2,106,0,5,141,6,152,128,0,128,280
03/18/2023,OLM,WA,ANM,WE,Federal Contract Tower,0,5,22,0,27,0,4,72,0,76,0,9,94,0,103,118,0,118,221
03/19/2023,OLM,WA,ANM,WE,Federal Contract Tower,0,1,20,0,21,0,2,57,0,59,0,3,77,0,80,144,0,144,224
03/20/2023,OLM,WA,ANM,WE,Federal Contract Tower,0,2,9,2,13,0,2,44,0,46,0,4,53,2,59,30,0,30,89
03/21/2023,OLM,WA,ANM,WE,Federal Contract Tower,0,2,15,0,17,0,2,72,0,74,0,4,87,0,91,70,0,70,161
03/22/2023,OLM,WA,ANM,WE,Federal Contract Tower,0,3,22,0,25,0,0,60,0,60,0,3,82,0,85,218,0,218,303
03/23/2023,OLM,WA,ANM,WE,Federal Contract Tower,0,2,5,0,7,0,1,19,0,20,0,3,24,0,27,84,0,84,111
03/24/2023,OLM,WA,ANM,WE,Federal Contract Tower,0,1,11,0,12,0,0,5,0,5,0,1,16,0,17,4,6,10,27
03/25/2023,OLM,WA,ANM,WE,Federal Contract Tower,0,1,21,0,22,0,0,25,0,25,0,1,46,0,47,92,0,92,139
03/26/2023,OLM,WA,ANM,WE,Federal Contract Tower,0,0,13,0,13,0,0,22,0,22,0,0,35,0,35,90,0,90,125
03/27/2023,OLM,WA,ANM,WE,Federal Contract Tower,0,3,28,0,31,0,1,56,2,59,0,4,84,2,90,104,0,104,194
03/28/2023,OLM,WA,ANM,WE,Federal Contract Tower,0,5,11,3,19,0,4,67,0,71,0,9,78,3,90,106,4,110,200
03/29/2023,OLM,WA,ANM,WE,Federal Contract Tower,0,6,33,0,39,0,1,106,0,107,0,7,139,0,146,94,0,94,240
03/30/2023,OLM,WA,ANM,WE,Federal Contract Tower,0,1,25,0,26,0,2,47,0,49,0,3,72,0,75,72,12,84,159
03/31/2023,OLM,WA,ANM,WE,Federal Contract Tower,0,0,0,0,0,0,2,10,0,12,0,2,10,0,12,4,6,10,22
04/01/2023,OLM,WA,ANM,WE,Federal Contract Tower,0,0,0,0,0,0,1,12,0,13,0,1,12,0,13,24,0,24,37
04/02/2023,OLM,WA,ANM,WE,Federal Contract Tower,0,0,3,0,3,0,4,10,0,14,0,4,13,0,17,10,0,10,27
04/03/2023,OLM,WA,ANM,WE,Federal Contract Tower,0,0,9,0,9,0,0,28,0,28,0,0,37,0,37,24,0,24,61
04/04/2023,OLM,WA,ANM,WE,Federal Contract Tower,0,2,29,2,33,0,3,61,4,68,0,5,90,6,101,220,2,222,323
04/05/2023,OLM,WA,ANM,WE,Federal Contract Tower,0,2,56,4,62,0,2,55,0,57,0,4,111,4,119,146,0,146,265
04/06/2023,OLM,WA,ANM,WE,Federal Contract Tower,0,0,11,0,11,0,0,11,0,11,0,0,22,0,22,20,0,20,42
04/07/2023,OLM,WA,ANM,WE,Federal Contract Tower,0,1,25,0,26,0,4,19,0,23,0,5,44,0,49,32,0,32,81
04/08/2023,OLM,WA,ANM,WE,Federal Contract Tower,0,3,16,0,19,0,2,17,0,19,0,5,33,0,38,26,0,26,64
04/09/2023,OLM,WA,ANM,WE,Federal Contract Tower,0,1,4,0,5,0,0,6,0,6,0,1,10,0,11,32,0,32,43
04/10/2023,OLM,WA,ANM,WE,Federal Contract Tower,0,2,12,0,14,0,1,12,0,13,0,3,24,0,27,44,0,44,71
04/11/2023,OLM,WA,ANM,WE,Federal Contract Tower,0,2,9,4,15,0,0,34,0,34,0,2,43,4,49,58,0,58,107
04/12/2023,OLM,WA,ANM,WE,Federal Contract Tower,0,4,31,3,38,0,2,76,0,78,0,6,107,3,116,58,2,60,176
04/13/2023,OLM,WA,ANM,WE,Federal Contract Tower,0,0,18,4,22,0,1,61,0,62,0,1,79,4,84,120,0,120,204
04/14/2023,OLM,WA,ANM,WE,Federal Contract Tower,0,2,30,0,32,0,2,87,0,89,0,4,117,0,121,100,4,104,225
04/15/2023,OLM,WA,ANM,WE,Federal Contract Tower,0,1,32,0,33,0,2,60,1,63,0,3,92,1,96,136,0,136,232
04/16/2023,OLM,WA,ANM,WE,Federal Contract Tower,0,0,3,0,3,0,3,14,0,17,0,3,17,0,20,48,0,48,68
04/17/2023,OLM,WA,ANM,WE,Federal Contract Tower,0,0,13,0,13,0,2,18,0,20,0,2,31,0,33,22,0,22,55
04/18/2023,OLM,WA,ANM,WE,Federal Contract Tower,0,1,1,0,2,0,0,20,0,20,0,1,21,0,22,16,0,16,38
04/19/2023,OLM,WA,ANM,WE,Federal Contract Tower,0,2,10,0,12,0,2,43,0,45,0,4,53,0,57,20,2,22,79
04/20/2023,OLM,WA,ANM,WE,Federal Contract Tower,0,0,10,0,10,0,0,23,0,23,0,0,33,0,33,70,0,70,103
04/21/2023,OLM,WA,ANM,WE,Federal Contract Tower,0,2,31,0,33,0,0,82,2,84,0,2,113,2,117,184,0,184,301
04/22/2023,OLM,WA,ANM,WE,Federal Contract Tower,0,0,22,0,22,0,0,25,0,25,0,0,47,0,47,44,0,44,91
04/23/2023,OLM,WA,ANM,WE,Federal Contract Tower,0,0,26,1,27,0,0,35,0,35,0,0,61,1,62,48,0,48,110
04/24/2023,OLM,WA,ANM,WE,Federal Contract Tower,0,2,14,2,18,0,2,60,1,63,0,4,74,3,81,139,0,139,220
04/25/2023,OLM,WA,ANM,WE,Federal Contract Tower,0,0,34,4,38,0,1,65,0,66,0,1,99,4,104,198,0,198,302
04/26/2023,OLM,WA,ANM,WE,Federal Contract Tower,0,0,34,0,34,0,1,115,0,116,0,1,149,0,150,174,0,174,324
04/27/2023,OLM,WA,ANM,WE,Federal Contract Tower,0,9,49,2,60,0,5,123,2,130,0,14,172,4,190,184,16,200,390
04/28/2023,OLM,WA,ANM,WE,Federal Contract Tower,0,1,28,0,29,0,0,95,3,98,0,1,123,3,127,192,0,192,319
04/29/2023,OLM,WA,ANM,WE,Federal Contract Tower,0,4,16,0,20,0,0,92,0,92,0,4,108,0,112,118,0,118,230
04/30/2023,OLM,WA,ANM,WE,Federal Contract Tower,0,2,10,0,12,0,0,41,0,41,0,2,51,0,53,84,6,90,143
05/01/2023,OLM,WA,ANM,WE,Federal Contract Tower,0,3,17,0,20,0,3,53,0,56,0,6,70,0,76,276,0,276,352
05/02/2023,OLM,WA,ANM,WE,Federal Contract Tower,0,5,35,0,40,0,1,84,0,85,0,6,119,0,125,200,0,200,325
05/03/2023,OLM,WA,ANM,WE,Federal Contract Tower,0,2,26,0,28,0,3,91,0,94,0,5,117,0,122,158,0,158,280
05/04/2023,OLM,WA,ANM,WE,Federal Contract Tower,0,0,11,0,11,0,2,9,0,11,0,2,20,0,22,8,0,8,30
05/05/2023,OLM,WA,ANM,WE,Federal Contract Tower,0,1,17,2,20,0,2,11,0,13,0,3,28,2,33,12,0,12,45
05/06/2023,OLM,WA,ANM,WE,Federal Contract Tower,0,0,14,0,14,0,1,48,0,49,0,1,62,0,63,170,0,170,233
05/07/2023,OLM,WA,ANM,WE,Federal Contract Tower,0,2,26,0,28,0,4,46,0,50,0,6,72,0,78,54,0,54,132
05/08/2023,OLM,WA,ANM,WE,Federal Contract Tower,0,2,12,0,14,0,5,78,0,83,0,7,90,0,97,158,0,158,255
05/09/2023,OLM,WA,ANM,WE,Federal Contract Tower,0,2,40,0,42,0,2,93,0,95,0,4,133,0,137,256,0,256,393
05/10/2023,OLM,WA,ANM,WE,Federal Contract Tower,0,4,33,8,45,0,3,126,0,129,0,7,159,8,174,266,0,266,440
05/11/2023,OLM,WA,ANM,WE,Federal Contract Tower,0,2,36,6,44,0,2,127,2,131,0,4,163,8,175,226,0,226,401
05/12/2023,OLM,WA,ANM,WE,Federal Contract Tower,0,0,17,0,17,0,4,81,0,85,0,4,98,0,102,184,0,184,286
05/13/2023,OLM,WA,ANM,WE,Federal Contract Tower,0,2,28,0,30,0,0,87,0,87,0,2,115,0,117,76,0,76,193
05/14/2023,OLM,WA,ANM,WE,Federal Contract Tower,0,0,10,0,10,0,6,42,0,48,0,6,52,0,58,36,0,36,94
05/15/2023,OLM,WA,ANM,WE,Federal Contract Tower,0,0,19,2,21,0,4,61,0,65,0,4,80,2,86,154,0,154,240
05/16/2023,OLM,WA,ANM,WE,Federal Contract Tower,0,1,25,2,28,0,0,70,0,70,0,1,95,2,98,158,0,158,256
05/17/2023,OLM,WA,ANM,WE,Federal Contract Tower,0,2,22,0,24,0,2,77,0,79,0,4,99,0,103,168,0,168,271
05/18/2023,OLM,WA,ANM,WE,Federal Contract Tower,0,8,13,2,23,0,1,79,0,80,0,9,92,2,103,228,0,228,331
05/19/2023,OLM,WA,ANM,WE,Federal Contract Tower,0,2,23,2,27,0,2,69,0,71,0,4,92,2,98,148,0,148,246
05/20/2023,OLM,WA,ANM,WE,Federal Contract Tower,0,1,16,0,17,0,0,75,0,75,0,1,91,0,92,180,0,180,272
05/21/2023,OLM,WA,ANM,WE,Federal Contract Tower,0,0,15,1,16,0,2,34,0,36,0,2,49,1,52,110,0,110,162
05/22/2023,OLM,WA,ANM,WE,Federal Contract Tower,0,0,13,0,13,0,4,46,0,50,0,4,59,0,63,82,0,82,145
05/23/2023,OLM,WA,ANM,WE,Federal Contract Tower,0,0,32,2,34,0,2,95,0,97,0,2,127,2,131,196,0,196,327
05/25/2023,OLM,WA,ANM,WE,Federal Contract Tower,0,2,17,0,19,0,2,142,0,144,0,4,159,0,163,192,1,193,356
05/26/2023,OLM,WA,ANM,WE,Federal Contract Tower,0,4,24,0,28,0,2,93,0,95,0,6,117,0,123,116,0,116,239
05/27/2023,OLM,WA,ANM,WE,Federal Contract Tower,0,0,30,0,30,0,2,67,0,69,0,2,97,0,99,112,0,112,211
05/28/2023,OLM,WA,ANM,WE,Federal Contract Tower,0,0,18,0,18,0,1,42,0,43,0,1,60,0,61,106,0,106,167
05/29/2023,OLM,WA,ANM,WE,Federal Contract Tower,0,2,25,0,27,0,3,23,1,27,0,5,48,1,54,54,0,54,108
05/30/2023,OLM,WA,ANM,WE,Federal Contract Tower,0,2,31,0,33,0,1,86,0,87,0,3,117,0,120,128,0,128,248
05/31/2023,OLM,WA,ANM,WE,Federal Contract Tower,0,3,25,3,31,0,0,76,0,76,0,3,101,3,107,134,0,134,241
06/01/2023,OLM,WA,ANM,WE,Federal Contract Tower,0,3,28,0,31,0,2,103,1,106,0,5,131,1,137,144,0,144,281
06/02/2023,OLM,WA,ANM,WE,Federal Contract Tower,0,0,28,0,28,0,0,94,0,94,0,0,122,0,122,150,0,150,272
06/03/2023,OLM,WA,ANM,WE,Federal Contract Tower,0,0,17,0,17,0,7,65,0,72,0,7,82,0,89,80,0,80,169
06/04/2023,OLM,WA,ANM,WE,Federal Contract Tower,0,2,12,0,14,0,1,57,0,58,0,3,69,0,72,92,0,92,164
06/05/2023,OLM,WA,ANM,WE,Federal Contract Tower,0,0,13,0,13,0,2,75,0,77,0,2,88,0,90,82,0,82,172
06/06/2023,OLM,WA,ANM,WE,Federal Contract Tower,0,0,25,4,29,0,2,90,1,93,0,2,115,5,122,96,0,96,218
06/07/2023,OLM,WA,ANM,WE,Federal Contract Tower,0,0,47,0,47,0,3,102,0,105,0,3,149,0,152,108,0,108,260
06/08/2023,OLM,WA,ANM,WE,Federal Contract Tower,0,4,46,5,55,0,4,85,0,89,0,8,131,5,144,158,0,158,302
06/09/2023,OLM,WA,ANM,WE,Federal Contract Tower,0,3,38,0,41,0,0,7,0,7,0,3,45,0,48,56,0,56,104
06/10/2023,OLM,WA,ANM,WE,Federal Contract Tower,0,0,36,0,36,0,1,12,0,13,0,1,48,0,49,72,0,72,121
06/11/2023,OLM,WA,ANM,WE,Federal Contract Tower,0,3,34,0,37,0,3,41,0,44,0,6,75,0,81,144,0,144,225
06/12/2023,OLM,WA,ANM,WE,Federal Contract Tower,0,1,46,0,47,0,2,94,0,96,0,3,140,0,143,158,0,158,301
06/13/2023,OLM,WA,ANM,WE,Federal Contract Tower,0,4,6,5,15,0,4,20,0,24,0,8,26,5,39,32,10,42,81
06/14/2023,OLM,WA,ANM,WE,Federal Contract Tower,0,9,28,2,39,0,2,84,1,87,0,11,112,3,126,152,8,160,286
06/15/2023,OLM,WA,ANM,WE,Federal Contract Tower,0,4,24,4,32,0,2,110,0,112,0,6,134,4,144,234,0,234,378
06/16/2023,OLM,WA,ANM,WE,Federal Contract Tower,0,1,17,0,18,0,1,52,0,53,0,2,69,0,71,88,0,88,159
06/17/2023,OLM,WA,ANM,WE,Federal Contract Tower,0,1,3,0,4,0,1,75,0,76,0,2,78,0,80,8,0,8,88
06/18/2023,OLM,WA,ANM,WE,Federal Contract Tower,0,0,3,0,3,0,2,24,0,26,0,2,27,0,29,6,0,6,35
06/19/2023,OLM,WA,ANM,WE,Federal Contract Tower,0,2,26,0,28,0,1,63,0,64,0,3,89,0,92,168,0,168,260
06/20/2023,OLM,WA,ANM,WE,Federal Contract Tower,0,8,38,1,47,0,4,43,3,50,0,12,81,4,97,196,2,198,295
06/21/2023,OLM,WA,ANM,WE,Federal Contract Tower,0,4,42,2,48,0,3,93,0,96,0,7,135,2,144,150,4,154,298
06/22/2023,OLM,WA,ANM,WE,Federal Contract Tower,0,2,19,2,23,0,1,76,0,77,0,3,95,2,100,208,2,210,310
06/23/2023,OLM,WA,ANM,WE,Federal Contract Tower,0,0,25,0,25,0,6,117,0,123,0,6,142,0,148,114,0,114,262
06/24/2023,OLM,WA,ANM,WE,Federal Contract Tower,0,3,4,0,7,0,2,52,0,54,0,5,56,0,61,112,0,112,173
06/25/2023,OLM,WA,ANM,WE,Federal Contract Tower,0,0,29,0,29,0,3,87,0,90,0,3,116,0,119,116,0,116,235
06/26/2023,OLM,WA,ANM,WE,Federal Contract Tower,0,0,17,0,17,0,5,50,0,55,0,5,67,0,72,122,0,122,194
06/27/2023,OLM,WA,ANM,WE,Federal Contract Tower,0,2,26,0,28,0,7,49,0,56,0,9,75,0,84,171,0,171,255
06/28/2023,OLM,WA,ANM,WE,Federal Contract Tower,0,2,23,0,25,0,9,61,0,70,0,11,84,0,95,188,0,188,283
06/29/2023,OLM,WA,ANM,WE,Federal Contract Tower,0,3,45,2,50,0,11,90,0,101,0,14,135,2,151,160,16,176,327
06/30/2023,OLM,WA,ANM,WE,Federal Contract Tower,0,0,32,0,32,0,8,55,0,63,0,8,87,0,95,134,0,134,229
07/01/2023,OLM,WA,ANM,WE,Federal Contract Tower,0,2,29,0,31,0,0,73,0,73,0,2,102,0,104,100,0,100,204
07/02/2023,OLM,WA,ANM,WE,Federal Contract Tower,0,1,33,0,34,0,0,66,0,66,0,1,99,0,100,52,0,52,152
07/03/2023,OLM,WA,ANM,WE,Federal Contract Tower,0,1,16,1,18,0,5,65,0,70,0,6,81,1,88,120,0,120,208
07/04/2023,OLM,WA,ANM,WE,Federal Contract Tower,0,2,6,0,8,0,3,9,0,12,0,5,15,0,20,31,0,31,51
07/05/2023,OLM,WA,ANM,WE,Federal Contract Tower,0,2,33,2,37,0,4,71,0,75,0,6,104,2,112,56,0,56,168
07/06/2023,OLM,WA,ANM,WE,Federal Contract Tower,0,1,36,0,37,0,8,101,0,109,0,9,137,0,146,154,0,154,300
07/07/2023,OLM,WA,ANM,WE,Federal Contract Tower,0,0,30,2,32,0,0,50,2,52,0,0,80,4,84,98,22,120,204
07/08/2023,OLM,WA,ANM,WE,Federal Contract Tower,0,4,21,4,29,0,1,78,1,80,0,5,99,5,109,140,0,140,249
07/09/2023,OLM,WA,ANM,WE,Federal Contract Tower,0,3,16,2,21,0,1,95,0,96,0,4,111,2,117,118,0,118,235
07/10/2023,OLM,WA,ANM,WE,Federal Contract Tower,0,2,27,4,33,0,1,43,0,44,0,3,70,4,77,138,0,138,215
07/11/2023,OLM,WA,ANM,WE,Federal Contract Tower,0,4,58,0,62,0,2,92,2,96,0,6,150,2,158,136,0,136,294
07/12/2023,OLM,WA,ANM,WE,Federal Contract Tower,0,5,46,1,52,0,2,64,0,66,0,7,110,1,118,94,0,94,212
07/13/2023,OLM,WA,ANM,WE,Federal Contract Tower,0,0,46,0,46,0,2,90,2,94,0,2,136,2,140,178,0,178,318
07/14/2023,OLM,WA,ANM,WE,Federal Contract Tower,0,4,36,0,40,0,2,112,0,114,0,6,148,0,154,116,4,120,274
07/15/2023,OLM,WA,ANM,WE,Federal Contract Tower,0,3,20,0,23,0,2,60,0,62,0,5,80,0,85,106,0,106,191
07/16/2023,OLM,WA,ANM,WE,Federal Contract Tower,0,0,31,0,31,0,6,68,0,74,0,6,99,0,105,88,0,88,193
07/17/2023,OLM,WA,ANM,WE,Federal Contract Tower,0,1,17,2,20,0,2,49,1,52,0,3,66,3,72,30,0,30,102
07/18/2023,OLM,WA,ANM,WE,Federal Contract Tower,0,2,46,0,48,0,2,104,0,106,0,4,150,0,154,112,0,112,266
07/19/2023,OLM,WA,ANM,WE,Federal Contract Tower,0,2,35,2,39,0,3,84,0,87,0,5,119,2,126,62,0,62,188
07/20/2023,OLM,WA,ANM,WE,Federal Contract Tower,0,0,37,0,37,0,1,86,0,87,0,1,123,0,124,94,2,96,220
07/21/2023,OLM,WA,ANM,WE,Federal Contract Tower,0,0,28,1,29,0,0,71,1,72,0,0,99,2,101,116,0,116,217
07/22/2023,OLM,WA,ANM,WE,Federal Contract Tower,0,0,12,0,12,0,7,122,0,129,0,7,134,0,141,160,0,160,301
07/23/2023,OLM,WA,ANM,WE,Federal Contract Tower,0,1,13,0,14,0,3,102,0,105,0,4,115,0,119,172,0,172,291
07/24/2023,OLM,WA,ANM,WE,Federal Contract Tower,0,1,27,0,28,0,0,41,0,41,0,1,68,0,69,44,8,52,121
07/25/2023,OLM,WA,ANM,WE,Federal Contract Tower,0,1,33,2,36,0,0,87,2,89,0,1,120,4,125,184,2,186,311
07/26/2023,OLM,WA,ANM,WE,Federal Contract Tower,0,1,26,0,27,0,1,112,0,113,0,2,138,0,140,156,0,156,296
07/27/2023,OLM,WA,ANM,WE,Federal Contract Tower,0,1,30,0,31,0,1,116,0,117,0,2,146,0,148,140,2,142,290
07/28/2023,OLM,WA,ANM,WE,Federal Contract Tower,0,1,51,6,58,0,2,73,2,77,0,3,124,8,135,96,10,106,241
07/29/2023,OLM,WA,ANM,WE,Federal Contract Tower,0,0,21,0,21,0,4,65,2,71,0,4,86,2,92,64,0,64,156
07/30/2023,OLM,WA,ANM,WE,Federal Contract Tower,0,0,23,0,23,0,0,51,0,51,0,0,74,0,74,102,0,102,176
07/31/2023,OLM,WA,ANM,WE,Federal Contract Tower,0,5,32,0,37,0,1,109,0,110,0,6,141,0,147,156,0,156,303
08/01/2023,OLM,WA,ANM,WE,Federal Contract Tower,0,2,20,2,24,0,1,107,0,108,0,3,127,2,132,140,2,142,274
08/02/2023,OLM,WA,ANM,WE,Federal Contract Tower,0,0,36,1,37,0,2,114,0,116,0,2,150,1,153,78,0,78,231
08/03/2023,OLM,WA,ANM,WE,Federal Contract Tower,0,4,40,1,45,0,0,103,0,103,0,4,143,1,148,160,0,160,308
08/04/2023,OLM,WA,ANM,WE,Federal Contract Tower,0,4,38,3,45,0,3,90,0,93,0,7,128,3,138,130,0,130,268
08/05/2023,OLM,WA,ANM,WE,Federal Contract Tower,0,0,12,0,12,0,4,67,6,77,0,4,79,6,89,196,0,196,285
08/06/2023,OLM,WA,ANM,WE,Federal Contract Tower,0,0,15,0,15,0,2,48,1,51,0,2,63,1,66,90,4,94,160
08/07/2023,OLM,WA,ANM,WE,Federal Contract Tower,0,1,39,0,40,0,1,76,0,77,0,2,115,0,117,64,2,66,183
08/08/2023,OLM,WA,ANM,WE,Federal Contract Tower,0,3,29,1,33,0,2,64,2,68,0,5,93,3,101,106,0,106,207
08/09/2023,OLM,WA,ANM,WE,Federal Contract Tower,0,0,33,2,35,0,0,67,0,67,0,0,100,2,102,34,0,34,136
08/10/2023,OLM,WA,ANM,WE,Federal Contract Tower,0,5,32,7,44,0,4,61,0,65,0,9,93,7,109,138,0,138,247
08/12/2023,OLM,WA,ANM,WE,Federal Contract Tower,0,0,30,1,31,0,2,82,0,84,0,2,112,1,115,68,0,68,183
08/13/2023,OLM,WA,ANM,WE,Federal Contract Tower,0,0,17,1,18,0,1,83,0,84,0,1,100,1,102,64,0,64,166
08/14/2023,OLM,WA,ANM,WE,Federal Contract Tower,0,1,29,2,32,0,4,59,2,65,0,5,88,4,97,38,0,38,135
08/15/2023,OLM,WA,ANM,WE,Federal Contract Tower,0,4,25,2,31,0,5,89,1,95,0,9,114,3,126,80,0,80,206
08/16/2023,OLM,WA,ANM,WE,Federal Contract Tower,0,1,38,4,43,0,2,66,0,68,0,3,104,4,111,136,0,136,247
08/17/2023,OLM,WA,ANM,WE,Federal Contract Tower,0,6,48,8,62,0,2,101,2,105,0,8,149,10,167,118,0,118,285
08/18/2023,OLM,WA,ANM,WE,Federal Contract Tower,0,0,23,0,23,0,1,74,1,76,0,1,97,1,99,80,2,82,181
08/19/2023,OLM,WA,ANM,WE,Federal Contract Tower,0,0,7,0,7,0,3,89,0,92,0,3,96,0,99,118,0,118,217
08/20/2023,OLM,WA,ANM,WE,Federal Contract Tower,0,0,21,0,21,0,1,60,0,61,0,1,81,0,82,88,0,88,170
08/21/2023,OLM,WA,ANM,WE,Federal Contract Tower,0,3,39,0,42,0,0,78,0,78,0,3,117,0,120,110,0,110,230
08/22/2023,OLM,WA,ANM,WE,Federal Contract Tower,0,2,26,4,32,0,1,66,1,68,0,3,92,5,100,118,2,120,220
08/23/2023,OLM,WA,ANM,WE,Federal Contract Tower,0,5,44,2,51,0,0,88,0,88,0,5,132,2,139,166,0,166,305
08/24/2023,OLM,WA,ANM,WE,Federal Contract Tower,0,6,32,4,42,0,4,78,0,82,0,10,110,4,124,168,0,168,292
08/25/2023,OLM,WA,ANM,WE,Federal Contract Tower,0,4,28,0,32,0,1,80,1,82,0,5,108,1,114,122,0,122,236
08/26/2023,OLM,WA,ANM,WE,Federal Contract Tower,0,0,10,0,10,0,7,123,7,137,0,7,133,7,147,186,0,186,333
08/27/2023,OLM,WA,ANM,WE,Federal Contract Tower,0,0,37,0,37,0,7,95,3,105,0,7,132,3,142,113,8,121,263
08/28/2023,OLM,WA,ANM,WE,Federal Contract Tower,0,1,17,0,18,0,1,58,1,60,0,2,75,1,78,46,10,56,134
08/29/2023,OLM,WA,ANM,WE,Federal Contract Tower,0,0,25,0,25,0,0,59,0,59,0,0,84,0,84,80,2,82,166
08/30/2023,OLM,WA,ANM,WE,Federal Contract Tower,0,2,44,0,46,0,3,72,0,75,0,5,116,0,121,54,0,54,175
08/31/2023,OLM,WA,ANM,WE,Federal Contract Tower,0,8,26,2,36,0,0,7,0,7,0,8,33,2,43,0,0,0,43
