11/01/2005,OLV,MS,ASO,CE,Federal Contract Tower,0,5,4,0,9,0,4,39,0,43,0,9,43,0,52,98,0,98,150
11/02/2005,OLV,MS,ASO,CE,Federal Contract Tower,0,13,13,0,26,0,18,50,0,68,0,31,63,0,94,68,0,68,162
11/03/2005,OLV,MS,ASO,CE,Federal Contract Tower,0,17,8,0,25,0,5,60,1,66,0,22,68,1,91,61,0,61,152
11/04/2005,OLV,MS,ASO,CE,Federal Contract Tower,0,14,15,0,29,0,0,49,0,49,0,14,64,0,78,27,0,27,105
11/05/2005,OLV,MS,ASO,CE,Federal Contract Tower,0,5,12,0,17,0,1,29,0,30,0,6,41,0,47,32,0,32,79
11/06/2005,OLV,MS,ASO,CE,Federal Contract Tower,0,5,20,0,25,0,0,90,2,92,0,5,110,2,117,134,0,134,251
11/07/2005,OLV,MS,ASO,CE,Federal Contract Tower,0,11,16,0,27,0,1,45,0,46,0,12,61,0,73,72,0,72,145
11/08/2005,OLV,MS,ASO,CE,Federal Contract Tower,0,13,13,0,26,0,6,35,0,41,0,19,48,0,67,44,0,44,111
11/09/2005,OLV,MS,ASO,CE,Federal Contract Tower,0,4,15,0,19,0,1,23,0,24,0,5,38,0,43,42,0,42,85
11/10/2005,OLV,MS,ASO,CE,Federal Contract Tower,0,13,5,0,18,0,1,59,0,60,0,14,64,0,78,80,0,80,158
11/11/2005,OLV,MS,ASO,CE,Federal Contract Tower,0,10,15,0,25,0,1,87,0,88,0,11,102,0,113,98,0,98,211
11/12/2005,OLV,MS,ASO,CE,Federal Contract Tower,0,7,15,0,22,0,0,82,2,84,0,7,97,2,106,114,0,114,220
11/13/2005,OLV,MS,ASO,CE,Federal Contract Tower,0,4,17,0,21,0,0,14,0,14,0,4,31,0,35,59,0,59,94
11/14/2005,OLV,MS,ASO,CE,Federal Contract Tower,0,8,10,0,18,0,0,3,0,3,0,8,13,0,21,17,0,17,38
11/15/2005,OLV,MS,ASO,CE,Federal Contract Tower,0,11,9,0,20,0,1,1,0,2,0,12,10,0,22,0,0,0,22
11/16/2005,OLV,MS,ASO,CE,Federal Contract Tower,0,14,20,0,34,0,4,38,0,42,0,18,58,0,76,28,0,28,104
11/17/2005,OLV,MS,ASO,CE,Federal Contract Tower,0,12,20,0,32,0,0,44,11,55,0,12,64,11,87,73,0,73,160
11/18/2005,OLV,MS,ASO,CE,Federal Contract Tower,0,8,12,0,20,0,0,89,0,89,0,8,101,0,109,100,0,100,209
11/19/2005,OLV,MS,ASO,CE,Federal Contract Tower,0,6,23,0,29,0,0,85,0,85,0,6,108,0,114,90,0,90,204
11/20/2005,OLV,MS,ASO,CE,Federal Contract Tower,0,8,17,0,25,0,0,69,0,69,0,8,86,0,94,50,0,50,144
11/21/2005,OLV,MS,ASO,CE,Federal Contract Tower,0,9,11,0,20,0,0,47,0,47,0,9,58,0,67,102,0,102,169
11/22/2005,OLV,MS,ASO,CE,Federal Contract Tower,0,19,10,0,29,0,0,57,0,57,0,19,67,0,86,76,0,76,162
11/23/2005,OLV,MS,ASO,CE,Federal Contract Tower,0,19,13,0,32,0,7,52,0,59,0,26,65,0,91,62,0,62,153
11/24/2005,OLV,MS,ASO,CE,Federal Contract Tower,0,2,9,0,11,0,0,25,0,25,0,2,34,0,36,0,0,0,36
11/25/2005,OLV,MS,ASO,CE,Federal Contract Tower,0,5,6,0,11,0,0,73,0,73,0,5,79,0,84,86,0,86,170
11/26/2005,OLV,MS,ASO,CE,Federal Contract Tower,0,6,15,0,21,0,0,45,0,45,0,6,60,0,66,64,0,64,130
11/27/2005,OLV,MS,ASO,CE,Federal Contract Tower,0,12,9,0,21,0,0,10,0,10,0,12,19,0,31,0,0,0,31
11/28/2005,OLV,MS,ASO,CE,Federal Contract Tower,0,3,2,0,5,0,1,17,0,18,0,4,19,0,23,2,0,2,25
11/29/2005,OLV,MS,ASO,CE,Federal Contract Tower,0,12,12,0,24,0,3,42,0,45,0,15,54,0,69,34,0,34,103
11/30/2005,OLV,MS,ASO,CE,Federal Contract Tower,0,4,8,0,12,0,0,62,0,62,0,4,70,0,74,40,0,40,114
12/01/2005,OLV,MS,ASO,CE,Federal Contract Tower,0,15,6,0,21,0,0,52,0,52,0,15,58,0,73,30,0,30,103
12/02/2005,OLV,MS,ASO,CE,Federal Contract Tower,0,13,9,0,22,0,1,67,0,68,0,14,76,0,90,90,0,90,180
12/03/2005,OLV,MS,ASO,CE,Federal Contract Tower,0,3,16,0,19,0,0,28,0,28,0,3,44,0,47,78,0,78,125
12/04/2005,OLV,MS,ASO,CE,Federal Contract Tower,0,5,10,2,17,0,0,22,0,22,0,5,32,2,39,74,0,74,113
12/05/2005,OLV,MS,ASO,CE,Federal Contract Tower,0,8,8,0,16,0,0,29,0,29,0,8,37,0,45,78,0,78,123
12/06/2005,OLV,MS,ASO,CE,Federal Contract Tower,0,19,7,0,26,0,0,63,0,63,0,19,70,0,89,60,0,60,149
12/07/2005,OLV,MS,ASO,CE,Federal Contract Tower,0,12,16,0,28,0,2,56,0,58,0,14,72,0,86,54,0,54,140
12/08/2005,OLV,MS,ASO,CE,Federal Contract Tower,0,5,0,0,5,0,0,0,0,0,0,5,0,0,5,0,0,0,5
12/09/2005,OLV,MS,ASO,CE,Federal Contract Tower,0,15,5,0,20,0,1,72,0,73,0,16,77,0,93,86,0,86,179
12/10/2005,OLV,MS,ASO,CE,Federal Contract Tower,0,8,11,2,21,0,0,67,0,67,0,8,78,2,88,86,2,88,176
12/11/2005,OLV,MS,ASO,CE,Federal Contract Tower,0,0,17,0,17,0,0,55,2,57,0,0,72,2,74,70,8,78,152
12/12/2005,OLV,MS,ASO,CE,Federal Contract Tower,0,10,3,0,13,0,2,48,0,50,0,12,51,0,63,46,0,46,109
12/13/2005,OLV,MS,ASO,CE,Federal Contract Tower,0,28,11,0,39,0,3,49,0,52,0,31,60,0,91,84,0,84,175
12/14/2005,OLV,MS,ASO,CE,Federal Contract Tower,0,15,5,0,20,0,0,1,0,1,0,15,6,0,21,4,0,4,25
12/15/2005,OLV,MS,ASO,CE,Federal Contract Tower,0,26,4,0,30,0,0,63,0,63,0,26,67,0,93,22,0,22,115
12/16/2005,OLV,MS,ASO,CE,Federal Contract Tower,0,14,12,0,26,0,1,100,0,101,0,15,112,0,127,128,0,128,255
12/17/2005,OLV,MS,ASO,CE,Federal Contract Tower,0,4,7,0,11,0,0,44,0,44,0,4,51,0,55,54,0,54,109
12/18/2005,OLV,MS,ASO,CE,Federal Contract Tower,0,11,9,0,20,0,0,46,0,46,0,11,55,0,66,72,0,72,138
12/19/2005,OLV,MS,ASO,CE,Federal Contract Tower,0,17,9,0,26,0,1,34,0,35,0,18,43,0,61,62,0,62,123
12/20/2005,OLV,MS,ASO,CE,Federal Contract Tower,0,11,4,0,15,0,0,51,0,51,0,11,55,0,66,92,0,92,158
12/21/2005,OLV,MS,ASO,CE,Federal Contract Tower,0,7,22,0,29,0,0,47,0,47,0,7,69,0,76,100,0,100,176
12/22/2005,OLV,MS,ASO,CE,Federal Contract Tower,0,15,21,0,36,0,3,33,0,36,0,18,54,0,72,32,0,32,104
12/23/2005,OLV,MS,ASO,CE,Federal Contract Tower,0,10,21,1,32,0,3,51,0,54,0,13,72,1,86,30,0,30,116
12/24/2005,OLV,MS,ASO,CE,Federal Contract Tower,0,3,8,0,11,0,0,0,0,0,0,3,8,0,11,0,0,0,11
12/25/2005,OLV,MS,ASO,CE,Federal Contract Tower,0,3,12,0,15,0,0,7,0,7,0,3,19,0,22,0,0,0,22
12/26/2005,OLV,MS,ASO,CE,Federal Contract Tower,0,17,18,2,37,0,1,98,1,100,0,18,116,3,137,88,0,88,225
12/27/2005,OLV,MS,ASO,CE,Federal Contract Tower,0,11,18,2,31,0,2,33,0,35,0,13,51,2,66,40,0,40,106
12/28/2005,OLV,MS,ASO,CE,Federal Contract Tower,0,9,12,1,22,0,1,36,2,39,0,10,48,3,61,70,0,70,131
12/29/2005,OLV,MS,ASO,CE,Federal Contract Tower,0,22,26,0,48,0,0,50,1,51,0,22,76,1,99,100,0,100,199
12/30/2005,OLV,MS,ASO,CE,Federal Contract Tower,0,6,13,0,19,0,0,44,1,45,0,6,57,1,64,58,0,58,122
12/31/2005,OLV,MS,ASO,CE,Federal Contract Tower,0,3,4,0,7,0,0,89,0,89,0,3,93,0,96,164,0,164,260
01/01/2006,OLV,MS,ASO,CE,Federal Contract Tower,0,5,6,0,11,0,0,9,0,9,0,5,15,0,20,4,0,4,24
01/02/2006,OLV,MS,ASO,CE,Federal Contract Tower,0,6,3,0,9,0,0,6,0,6,0,6,9,0,15,6,0,6,21
01/03/2006,OLV,MS,ASO,CE,Federal Contract Tower,0,7,12,0,19,0,0,32,2,34,0,7,44,2,53,152,0,152,205
01/04/2006,OLV,MS,ASO,CE,Federal Contract Tower,0,13,4,0,17,0,1,59,0,60,0,14,63,0,77,66,0,66,143
01/05/2006,OLV,MS,ASO,CE,Federal Contract Tower,0,7,21,0,28,0,1,42,0,43,0,8,63,0,71,74,0,74,145
01/06/2006,OLV,MS,ASO,CE,Federal Contract Tower,0,10,6,0,16,0,0,42,0,42,0,10,48,0,58,44,0,44,102
01/07/2006,OLV,MS,ASO,CE,Federal Contract Tower,0,9,0,0,9,0,0,99,0,99,0,9,99,0,108,160,0,160,268
01/08/2006,OLV,MS,ASO,CE,Federal Contract Tower,0,5,8,0,13,0,0,16,0,16,0,5,24,0,29,8,0,8,37
01/09/2006,OLV,MS,ASO,CE,Federal Contract Tower,0,4,12,0,16,0,1,61,0,62,0,5,73,0,78,140,0,140,218
01/10/2006,OLV,MS,ASO,CE,Federal Contract Tower,0,12,6,0,18,0,1,4,0,5,0,13,10,0,23,4,0,4,27
01/11/2006,OLV,MS,ASO,CE,Federal Contract Tower,0,14,16,0,30,0,2,66,0,68,0,16,82,0,98,88,0,88,186
01/12/2006,OLV,MS,ASO,CE,Federal Contract Tower,0,3,23,0,26,0,0,29,0,29,0,3,52,0,55,12,0,12,67
01/13/2006,OLV,MS,ASO,CE,Federal Contract Tower,0,13,1,0,14,0,0,0,0,0,0,13,1,0,14,0,0,0,14
01/14/2006,OLV,MS,ASO,CE,Federal Contract Tower,0,7,11,0,18,0,0,101,0,101,0,7,112,0,119,132,0,132,251
01/15/2006,OLV,MS,ASO,CE,Federal Contract Tower,0,11,6,0,17,0,5,85,2,92,0,16,91,2,109,64,12,76,185
01/16/2006,OLV,MS,ASO,CE,Federal Contract Tower,0,11,31,2,44,0,0,18,0,18,0,11,49,2,62,38,0,38,100
01/17/2006,OLV,MS,ASO,CE,Federal Contract Tower,0,4,3,0,7,0,0,1,0,1,0,4,4,0,8,0,0,0,8
01/18/2006,OLV,MS,ASO,CE,Federal Contract Tower,0,12,7,1,20,0,0,77,0,77,0,12,84,1,97,90,0,90,187
01/19/2006,OLV,MS,ASO,CE,Federal Contract Tower,0,9,8,0,17,0,0,8,0,8,0,9,16,0,25,0,0,0,25
01/20/2006,OLV,MS,ASO,CE,Federal Contract Tower,0,7,9,0,16,0,1,21,0,22,0,8,30,0,38,24,0,24,62
01/21/2006,OLV,MS,ASO,CE,Federal Contract Tower,0,14,12,0,26,0,0,74,2,76,0,14,86,2,102,146,10,156,258
01/22/2006,OLV,MS,ASO,CE,Federal Contract Tower,0,6,1,0,7,0,0,0,0,0,0,6,1,0,7,0,0,0,7
01/23/2006,OLV,MS,ASO,CE,Federal Contract Tower,0,19,18,0,37,0,0,17,0,17,0,19,35,0,54,84,0,84,138
01/24/2006,OLV,MS,ASO,CE,Federal Contract Tower,0,11,11,0,22,0,0,81,0,81,0,11,92,0,103,132,0,132,235
01/25/2006,OLV,MS,ASO,CE,Federal Contract Tower,0,7,24,0,31,0,0,106,0,106,0,7,130,0,137,138,0,138,275
01/26/2006,OLV,MS,ASO,CE,Federal Contract Tower,0,12,18,0,30,0,1,95,0,96,0,13,113,0,126,132,0,132,258
01/27/2006,OLV,MS,ASO,CE,Federal Contract Tower,0,16,11,0,27,0,3,68,0,71,0,19,79,0,98,100,0,100,198
01/28/2006,OLV,MS,ASO,CE,Federal Contract Tower,0,1,3,1,5,0,0,39,1,40,0,1,42,2,45,58,0,58,103
01/29/2006,OLV,MS,ASO,CE,Federal Contract Tower,0,8,9,0,17,0,0,76,1,77,0,8,85,1,94,110,0,110,204
01/30/2006,OLV,MS,ASO,CE,Federal Contract Tower,0,18,6,0,24,0,1,52,0,53,0,19,58,0,77,60,0,60,137
01/31/2006,OLV,MS,ASO,CE,Federal Contract Tower,0,11,12,0,23,0,0,87,1,88,0,11,99,1,111,162,0,162,273
02/01/2006,OLV,MS,ASO,CE,Federal Contract Tower,0,16,18,0,34,0,2,80,0,82,0,18,98,0,116,78,0,78,194
02/02/2006,OLV,MS,ASO,CE,Federal Contract Tower,0,19,16,0,35,0,0,0,0,0,0,19,16,0,35,14,0,14,49
02/03/2006,OLV,MS,ASO,CE,Federal Contract Tower,0,15,21,0,36,0,0,17,0,17,0,15,38,0,53,116,0,116,169
02/04/2006,OLV,MS,ASO,CE,Federal Contract Tower,0,4,3,1,8,0,0,81,0,81,0,4,84,1,89,116,0,116,205
02/05/2006,OLV,MS,ASO,CE,Federal Contract Tower,0,10,20,0,30,0,0,51,0,51,0,10,71,0,81,102,0,102,183
02/06/2006,OLV,MS,ASO,CE,Federal Contract Tower,0,11,3,0,14,0,0,33,0,33,0,11,36,0,47,150,0,150,197
02/07/2006,OLV,MS,ASO,CE,Federal Contract Tower,0,9,13,1,23,0,0,69,1,70,0,9,82,2,93,108,0,108,201
02/08/2006,OLV,MS,ASO,CE,Federal Contract Tower,0,18,10,2,30,0,0,43,1,44,0,18,53,3,74,144,0,144,218
02/09/2006,OLV,MS,ASO,CE,Federal Contract Tower,0,18,14,1,33,0,0,88,1,89,0,18,102,2,122,144,0,144,266
02/10/2006,OLV,MS,ASO,CE,Federal Contract Tower,0,19,3,0,22,0,0,11,0,11,0,19,14,0,33,44,0,44,77
02/11/2006,OLV,MS,ASO,CE,Federal Contract Tower,0,5,1,0,6,0,0,18,0,18,0,5,19,0,24,40,0,40,64
02/12/2006,OLV,MS,ASO,CE,Federal Contract Tower,0,9,1,0,10,0,0,21,0,21,0,9,22,0,31,128,0,128,159
02/13/2006,OLV,MS,ASO,CE,Federal Contract Tower,0,17,11,0,28,0,0,50,0,50,0,17,61,0,78,134,0,134,212
02/14/2006,OLV,MS,ASO,CE,Federal Contract Tower,0,16,8,0,24,0,1,57,2,60,0,17,65,2,84,126,0,126,210
02/15/2006,OLV,MS,ASO,CE,Federal Contract Tower,0,12,12,0,24,0,3,55,0,58,0,15,67,0,82,42,0,42,124
02/16/2006,OLV,MS,ASO,CE,Federal Contract Tower,0,8,5,0,13,0,0,4,0,4,0,8,9,0,17,0,0,0,17
02/17/2006,OLV,MS,ASO,CE,Federal Contract Tower,0,21,17,0,38,0,0,16,0,16,0,21,33,0,54,38,0,38,92
02/18/2006,OLV,MS,ASO,CE,Federal Contract Tower,0,0,0,0,0,0,0,0,0,0,0,0,0,0,0,0,0,0,0
02/19/2006,OLV,MS,ASO,CE,Federal Contract Tower,0,0,1,0,1,0,0,1,0,1,0,0,2,0,2,0,0,0,2
02/20/2006,OLV,MS,ASO,CE,Federal Contract Tower,0,16,2,0,18,0,2,28,0,30,0,18,30,0,48,118,0,118,166
02/21/2006,OLV,MS,ASO,CE,Federal Contract Tower,0,11,17,0,28,0,2,59,0,61,0,13,76,0,89,252,0,252,341
02/22/2006,OLV,MS,ASO,CE,Federal Contract Tower,0,8,25,0,33,0,0,1,0,1,0,8,26,0,34,32,0,32,66
02/23/2006,OLV,MS,ASO,CE,Federal Contract Tower,0,16,15,0,31,0,1,102,0,103,0,17,117,0,134,180,0,180,314
02/24/2006,OLV,MS,ASO,CE,Federal Contract Tower,0,8,17,0,25,0,0,118,0,118,0,8,135,0,143,122,0,122,265
02/25/2006,OLV,MS,ASO,CE,Federal Contract Tower,0,2,15,0,17,0,0,56,3,59,0,2,71,3,76,90,2,92,168
02/26/2006,OLV,MS,ASO,CE,Federal Contract Tower,0,11,6,0,17,0,0,97,1,98,0,11,103,1,115,142,0,142,257
02/27/2006,OLV,MS,ASO,CE,Federal Contract Tower,0,11,8,1,20,0,0,65,1,66,0,11,73,2,86,130,0,130,216
02/28/2006,OLV,MS,ASO,CE,Federal Contract Tower,0,11,7,0,18,0,0,82,0,82,0,11,89,0,100,136,0,136,236
03/01/2006,OLV,MS,ASO,CE,Federal Contract Tower,0,16,4,0,20,0,0,49,0,49,0,16,53,0,69,42,0,42,111
03/02/2006,OLV,MS,ASO,CE,Federal Contract Tower,0,18,18,0,36,0,0,66,3,69,0,18,84,3,105,100,10,110,215
03/03/2006,OLV,MS,ASO,CE,Federal Contract Tower,0,9,12,0,21,0,0,67,1,68,0,9,79,1,89,140,4,144,233
03/04/2006,OLV,MS,ASO,CE,Federal Contract Tower,0,3,11,0,14,0,0,118,3,121,0,3,129,3,135,226,2,228,363
03/05/2006,OLV,MS,ASO,CE,Federal Contract Tower,0,2,14,0,16,0,0,50,2,52,0,2,64,2,68,102,10,112,180
03/06/2006,OLV,MS,ASO,CE,Federal Contract Tower,0,7,7,0,14,0,0,72,0,72,0,7,79,0,86,204,0,204,290
03/07/2006,OLV,MS,ASO,CE,Federal Contract Tower,0,11,13,0,24,0,1,84,0,85,0,12,97,0,109,196,0,196,305
03/08/2006,OLV,MS,ASO,CE,Federal Contract Tower,0,14,16,0,30,0,0,41,0,41,0,14,57,0,71,90,0,90,161
03/09/2006,OLV,MS,ASO,CE,Federal Contract Tower,0,10,2,0,12,0,0,4,0,4,0,10,6,0,16,4,0,4,20
03/10/2006,OLV,MS,ASO,CE,Federal Contract Tower,0,12,20,0,32,0,0,109,1,110,0,12,129,1,142,156,0,156,298
03/11/2006,OLV,MS,ASO,CE,Federal Contract Tower,0,5,5,0,10,0,0,64,2,66,0,5,69,2,76,132,0,132,208
03/12/2006,OLV,MS,ASO,CE,Federal Contract Tower,0,2,6,0,8,0,0,23,0,23,0,2,29,0,31,62,0,62,93
03/13/2006,OLV,MS,ASO,CE,Federal Contract Tower,0,11,9,0,20,0,0,21,0,21,0,11,30,0,41,30,0,30,71
03/14/2006,OLV,MS,ASO,CE,Federal Contract Tower,0,16,18,0,34,0,2,85,0,87,0,18,103,0,121,140,0,140,261
03/15/2006,OLV,MS,ASO,CE,Federal Contract Tower,0,18,12,0,30,0,0,120,0,120,0,18,132,0,150,184,0,184,334
03/16/2006,OLV,MS,ASO,CE,Federal Contract Tower,0,7,11,0,18,0,4,56,0,60,0,11,67,0,78,74,0,74,152
03/17/2006,OLV,MS,ASO,CE,Federal Contract Tower,0,14,17,0,31,0,2,70,0,72,0,16,87,0,103,120,0,120,223
03/18/2006,OLV,MS,ASO,CE,Federal Contract Tower,0,5,5,0,10,0,0,98,0,98,0,5,103,0,108,210,0,210,318
03/19/2006,OLV,MS,ASO,CE,Federal Contract Tower,0,13,5,0,18,0,1,25,0,26,0,14,30,0,44,76,0,76,120
03/20/2006,OLV,MS,ASO,CE,Federal Contract Tower,0,14,2,0,16,0,0,0,0,0,0,14,2,0,16,0,0,0,16
03/21/2006,OLV,MS,ASO,CE,Federal Contract Tower,0,7,18,0,25,0,0,9,0,9,0,7,27,0,34,28,0,28,62
03/22/2006,OLV,MS,ASO,CE,Federal Contract Tower,0,10,0,0,10,0,0,123,1,124,0,10,123,1,134,178,0,178,312
03/23/2006,OLV,MS,ASO,CE,Federal Contract Tower,0,9,17,0,26,0,0,66,2,68,0,9,83,2,94,68,4,72,166
03/24/2006,OLV,MS,ASO,CE,Federal Contract Tower,0,9,12,0,21,0,0,71,0,71,0,9,83,0,92,120,0,120,212
03/25/2006,OLV,MS,ASO,CE,Federal Contract Tower,0,4,9,0,13,0,0,136,3,139,0,4,145,3,152,254,0,254,406
03/26/2006,OLV,MS,ASO,CE,Federal Contract Tower,0,11,11,0,22,0,1,80,6,87,0,12,91,6,109,104,14,118,227
03/27/2006,OLV,MS,ASO,CE,Federal Contract Tower,0,8,6,0,14,0,0,23,0,23,0,8,29,0,37,30,0,30,67
03/28/2006,OLV,MS,ASO,CE,Federal Contract Tower,0,13,11,0,24,0,0,73,0,73,0,13,84,0,97,186,0,186,283
03/29/2006,OLV,MS,ASO,CE,Federal Contract Tower,0,14,10,0,24,0,0,82,0,82,0,14,92,0,106,88,0,88,194
03/30/2006,OLV,MS,ASO,CE,Federal Contract Tower,0,8,9,0,17,0,1,68,0,69,0,9,77,0,86,26,0,26,112
03/31/2006,OLV,MS,ASO,CE,Federal Contract Tower,0,4,14,0,18,0,4,29,4,37,0,8,43,4,55,42,0,42,97
04/01/2006,OLV,MS,ASO,CE,Federal Contract Tower,0,4,15,0,19,0,0,99,0,99,0,4,114,0,118,190,0,190,308
04/02/2006,OLV,MS,ASO,CE,Federal Contract Tower,0,11,8,0,19,0,0,5,0,5,0,11,13,0,24,14,0,14,38
04/03/2006,OLV,MS,ASO,CE,Federal Contract Tower,0,8,14,0,22,0,0,56,0,56,0,8,70,0,78,12,0,12,90
04/04/2006,OLV,MS,ASO,CE,Federal Contract Tower,0,10,18,0,28,0,2,84,0,86,0,12,102,0,114,158,0,158,272
04/05/2006,OLV,MS,ASO,CE,Federal Contract Tower,0,12,5,0,17,0,0,64,0,64,0,12,69,0,81,138,0,138,219
04/06/2006,OLV,MS,ASO,CE,Federal Contract Tower,0,8,9,0,17,0,0,67,0,67,0,8,76,0,84,52,0,52,136
04/07/2006,OLV,MS,ASO,CE,Federal Contract Tower,0,7,5,0,12,0,0,5,0,5,0,7,10,0,17,0,0,0,17
04/08/2006,OLV,MS,ASO,CE,Federal Contract Tower,0,5,13,0,18,0,0,23,0,23,0,5,36,0,41,42,0,42,83
04/09/2006,OLV,MS,ASO,CE,Federal Contract Tower,0,3,12,0,15,0,0,120,7,127,0,3,132,7,142,86,0,86,228
04/10/2006,OLV,MS,ASO,CE,Federal Contract Tower,0,11,5,0,16,0,1,80,0,81,0,12,85,0,97,76,0,76,173
04/11/2006,OLV,MS,ASO,CE,Federal Contract Tower,0,20,16,0,36,0,3,77,1,81,0,23,93,1,117,86,0,86,203
04/12/2006,OLV,MS,ASO,CE,Federal Contract Tower,0,17,10,0,27,0,5,57,0,62,0,22,67,0,89,108,0,108,197
04/13/2006,OLV,MS,ASO,CE,Federal Contract Tower,0,25,8,0,33,0,2,109,0,111,0,27,117,0,144,70,0,70,214
04/14/2006,OLV,MS,ASO,CE,Federal Contract Tower,0,4,12,0,16,0,1,62,2,65,0,5,74,2,81,94,0,94,175
04/15/2006,OLV,MS,ASO,CE,Federal Contract Tower,0,7,9,0,16,0,0,90,2,92,0,7,99,2,108,134,0,134,242
04/16/2006,OLV,MS,ASO,CE,Federal Contract Tower,0,7,11,0,18,0,0,32,0,32,0,7,43,0,50,8,0,8,58
04/17/2006,OLV,MS,ASO,CE,Federal Contract Tower,0,9,12,0,21,0,5,68,0,73,0,14,80,0,94,118,0,118,212
04/18/2006,OLV,MS,ASO,CE,Federal Contract Tower,0,18,7,0,25,0,6,79,2,87,0,24,86,2,112,122,0,122,234
04/19/2006,OLV,MS,ASO,CE,Federal Contract Tower,0,11,12,3,26,0,2,81,1,84,0,13,93,4,110,170,0,170,280
04/20/2006,OLV,MS,ASO,CE,Federal Contract Tower,0,7,15,0,22,0,2,39,0,41,0,9,54,0,63,56,2,58,121
04/21/2006,OLV,MS,ASO,CE,Federal Contract Tower,0,8,13,0,21,0,1,8,0,9,0,9,21,0,30,14,0,14,44
04/22/2006,OLV,MS,ASO,CE,Federal Contract Tower,0,3,22,3,28,0,0,109,2,111,0,3,131,5,139,204,0,204,343
04/23/2006,OLV,MS,ASO,CE,Federal Contract Tower,0,7,18,2,27,0,0,66,6,72,0,7,84,8,99,134,10,144,243
04/24/2006,OLV,MS,ASO,CE,Federal Contract Tower,0,8,8,0,16,0,2,87,0,89,0,10,95,0,105,146,0,146,251
04/25/2006,OLV,MS,ASO,CE,Federal Contract Tower,0,17,7,0,24,0,1,41,0,42,0,18,48,0,66,62,0,62,128
04/26/2006,OLV,MS,ASO,CE,Federal Contract Tower,0,18,6,0,24,0,0,10,0,10,0,18,16,0,34,20,0,20,54
04/27/2006,OLV,MS,ASO,CE,Federal Contract Tower,0,10,11,1,22,0,3,122,0,125,0,13,133,1,147,158,0,158,305
04/28/2006,OLV,MS,ASO,CE,Federal Contract Tower,0,12,28,1,41,0,1,73,0,74,0,13,101,1,115,62,0,62,177
04/29/2006,OLV,MS,ASO,CE,Federal Contract Tower,0,7,2,1,10,0,0,12,1,13,0,7,14,2,23,24,0,24,47
04/30/2006,OLV,MS,ASO,CE,Federal Contract Tower,0,20,15,0,35,0,4,39,0,43,0,24,54,0,78,84,0,84,162
05/01/2006,OLV,MS,ASO,CE,Federal Contract Tower,0,12,6,0,18,0,3,27,2,32,0,15,33,2,50,28,0,28,78
05/02/2006,OLV,MS,ASO,CE,Federal Contract Tower,0,24,10,0,34,0,1,45,0,46,0,25,55,0,80,121,0,121,201
05/03/2006,OLV,MS,ASO,CE,Federal Contract Tower,0,14,13,0,27,0,1,57,0,58,0,15,70,0,85,138,0,138,223
05/04/2006,OLV,MS,ASO,CE,Federal Contract Tower,0,27,4,0,31,0,3,13,0,16,0,30,17,0,47,34,0,34,81
05/05/2006,OLV,MS,ASO,CE,Federal Contract Tower,0,14,13,0,27,0,1,43,0,44,0,15,56,0,71,68,0,68,139
05/06/2006,OLV,MS,ASO,CE,Federal Contract Tower,0,7,10,0,17,0,3,91,2,96,0,10,101,2,113,210,0,210,323
05/07/2006,OLV,MS,ASO,CE,Federal Contract Tower,0,15,16,0,31,0,0,46,0,46,0,15,62,0,77,102,0,102,179
05/08/2006,OLV,MS,ASO,CE,Federal Contract Tower,0,18,15,0,33,0,0,39,0,39,0,18,54,0,72,66,0,66,138
05/09/2006,OLV,MS,ASO,CE,Federal Contract Tower,0,26,1,0,27,0,4,35,0,39,0,30,36,0,66,40,0,40,106
05/10/2006,OLV,MS,ASO,CE,Federal Contract Tower,0,13,4,0,17,0,0,8,0,8,0,13,12,0,25,6,0,6,31
05/11/2006,OLV,MS,ASO,CE,Federal Contract Tower,0,16,13,0,29,0,0,30,0,30,0,16,43,0,59,10,2,12,71
05/12/2006,OLV,MS,ASO,CE,Federal Contract Tower,0,14,8,0,22,0,2,23,0,25,0,16,31,0,47,2,0,2,49
05/13/2006,OLV,MS,ASO,CE,Federal Contract Tower,0,8,4,0,12,0,2,87,11,100,0,10,91,11,112,86,14,100,212
05/14/2006,OLV,MS,ASO,CE,Federal Contract Tower,0,11,8,0,19,0,1,38,3,42,0,12,46,3,61,24,10,34,95
05/15/2006,OLV,MS,ASO,CE,Federal Contract Tower,0,32,6,0,38,0,3,78,0,81,0,35,84,0,119,94,0,94,213
05/16/2006,OLV,MS,ASO,CE,Federal Contract Tower,0,15,9,0,24,0,17,44,0,61,0,32,53,0,85,0,0,0,85
05/17/2006,OLV,MS,ASO,CE,Federal Contract Tower,0,22,8,0,30,0,12,70,0,82,0,34,78,0,112,84,0,84,196
05/18/2006,OLV,MS,ASO,CE,Federal Contract Tower,0,17,13,0,30,0,7,27,0,34,0,24,40,0,64,18,0,18,82
05/19/2006,OLV,MS,ASO,CE,Federal Contract Tower,0,20,17,1,38,0,4,61,0,65,0,24,78,1,103,26,0,26,129
05/20/2006,OLV,MS,ASO,CE,Federal Contract Tower,0,6,7,1,14,0,5,33,0,38,0,11,40,1,52,10,0,10,62
05/21/2006,OLV,MS,ASO,CE,Federal Contract Tower,0,19,14,0,33,0,3,47,0,50,0,22,61,0,83,42,0,42,125
05/22/2006,OLV,MS,ASO,CE,Federal Contract Tower,0,15,5,1,21,0,11,40,2,53,0,26,45,3,74,78,0,78,152
05/23/2006,OLV,MS,ASO,CE,Federal Contract Tower,0,17,5,2,24,0,11,59,0,70,0,28,64,2,94,70,0,70,164
05/24/2006,OLV,MS,ASO,CE,Federal Contract Tower,0,10,4,0,14,0,10,49,1,60,0,20,53,1,74,20,0,20,94
05/25/2006,OLV,MS,ASO,CE,Federal Contract Tower,0,20,14,0,34,0,9,52,0,61,0,29,66,0,95,26,0,26,121
05/26/2006,OLV,MS,ASO,CE,Federal Contract Tower,0,11,13,0,24,0,8,45,2,55,0,19,58,2,79,48,0,48,127
05/27/2006,OLV,MS,ASO,CE,Federal Contract Tower,0,5,13,0,18,0,2,62,4,68,0,7,75,4,86,76,0,76,162
05/28/2006,OLV,MS,ASO,CE,Federal Contract Tower,0,26,10,0,36,0,0,53,0,53,0,26,63,0,89,76,0,76,165
05/29/2006,OLV,MS,ASO,CE,Federal Contract Tower,0,14,10,1,25,0,2,43,0,45,0,16,53,1,70,42,0,42,112
05/30/2006,OLV,MS,ASO,CE,Federal Contract Tower,0,15,10,0,25,0,8,49,3,60,0,23,59,3,85,24,0,24,109
05/31/2006,OLV,MS,ASO,CE,Federal Contract Tower,0,15,12,1,28,0,11,42,2,55,0,26,54,3,83,32,4,36,119
06/01/2006,OLV,MS,ASO,CE,Federal Contract Tower,0,18,13,0,31,0,11,41,7,59,0,29,54,7,90,52,6,58,148
06/02/2006,OLV,MS,ASO,CE,Federal Contract Tower,0,9,21,0,30,0,1,13,2,16,0,10,34,2,46,28,4,32,78
06/03/2006,OLV,MS,ASO,CE,Federal Contract Tower,0,6,11,0,17,0,7,108,1,116,0,13,119,1,133,106,0,106,239
06/04/2006,OLV,MS,ASO,CE,Federal Contract Tower,0,6,9,0,15,0,0,53,3,56,0,6,62,3,71,140,2,142,213
06/05/2006,OLV,MS,ASO,CE,Federal Contract Tower,0,13,5,1,19,0,0,51,3,54,0,13,56,4,73,60,4,64,137
06/06/2006,OLV,MS,ASO,CE,Federal Contract Tower,0,9,8,1,18,0,4,72,4,80,0,13,80,5,98,50,0,50,148
06/07/2006,OLV,MS,ASO,CE,Federal Contract Tower,0,16,10,0,26,0,3,85,0,88,0,19,95,0,114,92,0,92,206
06/08/2006,OLV,MS,ASO,CE,Federal Contract Tower,0,15,14,0,29,0,5,84,2,91,0,20,98,2,120,72,0,72,192
06/09/2006,OLV,MS,ASO,CE,Federal Contract Tower,0,12,12,0,24,0,2,97,1,100,0,14,109,1,124,54,0,54,178
06/10/2006,OLV,MS,ASO,CE,Federal Contract Tower,0,7,4,0,11,0,4,117,1,122,0,11,121,1,133,124,0,124,257
06/11/2006,OLV,MS,ASO,CE,Federal Contract Tower,0,20,8,0,28,0,2,59,0,61,0,22,67,0,89,104,0,104,193
06/12/2006,OLV,MS,ASO,CE,Federal Contract Tower,0,9,8,1,18,0,1,23,0,24,0,10,31,1,42,32,0,32,74
06/13/2006,OLV,MS,ASO,CE,Federal Contract Tower,0,19,17,0,36,0,1,61,0,62,0,20,78,0,98,62,0,62,160
06/14/2006,OLV,MS,ASO,CE,Federal Contract Tower,0,21,3,1,25,0,1,67,0,68,0,22,70,1,93,114,0,114,207
06/15/2006,OLV,MS,ASO,CE,Federal Contract Tower,0,23,5,0,28,0,3,54,0,57,0,26,59,0,85,68,0,68,153
06/16/2006,OLV,MS,ASO,CE,Federal Contract Tower,0,12,5,0,17,0,8,56,0,64,0,20,61,0,81,70,0,70,151
06/17/2006,OLV,MS,ASO,CE,Federal Contract Tower,0,10,2,0,12,0,2,5,0,7,0,12,7,0,19,0,0,0,19
06/18/2006,OLV,MS,ASO,CE,Federal Contract Tower,0,17,14,0,31,0,0,11,0,11,0,17,25,0,42,0,0,0,42
06/19/2006,OLV,MS,ASO,CE,Federal Contract Tower,0,12,4,0,16,0,0,47,6,53,0,12,51,6,69,50,0,50,119
06/20/2006,OLV,MS,ASO,CE,Federal Contract Tower,0,21,11,0,32,0,0,97,0,97,0,21,108,0,129,136,0,136,265
06/21/2006,OLV,MS,ASO,CE,Federal Contract Tower,0,12,8,0,20,0,3,58,3,64,0,15,66,3,84,72,0,72,156
06/22/2006,OLV,MS,ASO,CE,Federal Contract Tower,0,11,10,0,21,0,1,65,0,66,0,12,75,0,87,148,0,148,235
06/23/2006,OLV,MS,ASO,CE,Federal Contract Tower,0,8,10,0,18,0,1,25,0,26,0,9,35,0,44,42,0,42,86
06/24/2006,OLV,MS,ASO,CE,Federal Contract Tower,0,7,11,0,18,0,0,60,0,60,0,7,71,0,78,50,0,50,128
06/25/2006,OLV,MS,ASO,CE,Federal Contract Tower,0,10,8,0,18,0,0,61,6,67,0,10,69,6,85,94,10,104,189
06/26/2006,OLV,MS,ASO,CE,Federal Contract Tower,0,10,15,0,25,0,0,64,0,64,0,10,79,0,89,128,0,128,217
06/27/2006,OLV,MS,ASO,CE,Federal Contract Tower,0,17,7,0,24,0,2,77,2,81,0,19,84,2,105,80,0,80,185
06/28/2006,OLV,MS,ASO,CE,Federal Contract Tower,0,13,13,0,26,0,3,73,0,76,0,16,86,0,102,74,0,74,176
06/29/2006,OLV,MS,ASO,CE,Federal Contract Tower,0,13,18,0,31,0,8,66,0,74,0,21,84,0,105,162,0,162,267
06/30/2006,OLV,MS,ASO,CE,Federal Contract Tower,0,21,21,0,42,0,2,35,0,37,0,23,56,0,79,20,0,20,99
07/01/2006,OLV,MS,ASO,CE,Federal Contract Tower,0,9,6,1,16,0,2,61,1,64,0,11,67,2,80,82,0,82,162
07/02/2006,OLV,MS,ASO,CE,Federal Contract Tower,0,3,7,0,10,0,0,52,5,57,0,3,59,5,67,44,12,56,123
07/03/2006,OLV,MS,ASO,CE,Federal Contract Tower,0,2,7,0,9,0,0,72,2,74,0,2,79,2,83,126,0,126,209
07/04/2006,OLV,MS,ASO,CE,Federal Contract Tower,0,4,7,0,11,0,0,47,0,47,0,4,54,0,58,26,0,26,84
07/05/2006,OLV,MS,ASO,CE,Federal Contract Tower,0,11,4,0,15,0,1,11,0,12,0,12,15,0,27,8,0,8,35
07/06/2006,OLV,MS,ASO,CE,Federal Contract Tower,0,16,8,0,24,0,0,46,0,46,0,16,54,0,70,22,0,22,92
07/07/2006,OLV,MS,ASO,CE,Federal Contract Tower,0,4,13,0,17,0,3,87,2,92,0,7,100,2,109,84,0,84,193
07/08/2006,OLV,MS,ASO,CE,Federal Contract Tower,0,9,4,0,13,0,1,95,0,96,0,10,99,0,109,80,0,80,189
07/09/2006,OLV,MS,ASO,CE,Federal Contract Tower,0,3,20,0,23,0,0,53,0,53,0,3,73,0,76,54,0,54,130
07/10/2006,OLV,MS,ASO,CE,Federal Contract Tower,0,10,12,0,22,0,1,29,0,30,0,11,41,0,52,84,0,84,136
07/11/2006,OLV,MS,ASO,CE,Federal Contract Tower,0,6,8,0,14,0,9,53,0,62,0,15,61,0,76,54,0,54,130
07/12/2006,OLV,MS,ASO,CE,Federal Contract Tower,0,20,9,0,29,0,2,75,0,77,0,22,84,0,106,100,0,100,206
07/13/2006,OLV,MS,ASO,CE,Federal Contract Tower,0,14,4,0,18,0,3,58,0,61,0,17,62,0,79,30,0,30,109
07/14/2006,OLV,MS,ASO,CE,Federal Contract Tower,0,7,22,0,29,0,0,55,0,55,0,7,77,0,84,72,0,72,156
07/15/2006,OLV,MS,ASO,CE,Federal Contract Tower,0,4,8,0,12,0,4,99,0,103,0,8,107,0,115,112,0,112,227
07/16/2006,OLV,MS,ASO,CE,Federal Contract Tower,0,6,12,0,18,0,1,53,2,56,0,7,65,2,74,106,0,106,180
07/17/2006,OLV,MS,ASO,CE,Federal Contract Tower,0,11,9,0,20,0,5,57,0,62,0,16,66,0,82,100,0,100,182
07/18/2006,OLV,MS,ASO,CE,Federal Contract Tower,0,14,4,0,18,0,1,73,2,76,0,15,77,2,94,142,6,148,242
07/19/2006,OLV,MS,ASO,CE,Federal Contract Tower,0,17,7,0,24,0,1,58,0,59,0,18,65,0,83,118,0,118,201
07/20/2006,OLV,MS,ASO,CE,Federal Contract Tower,0,14,11,0,25,0,0,66,0,66,0,14,77,0,91,45,0,45,136
07/21/2006,OLV,MS,ASO,CE,Federal Contract Tower,0,11,8,0,19,0,1,74,3,78,0,12,82,3,97,50,2,52,149
07/22/2006,OLV,MS,ASO,CE,Federal Contract Tower,0,7,3,1,11,0,2,76,3,81,0,9,79,4,92,98,0,98,190
07/23/2006,OLV,MS,ASO,CE,Federal Contract Tower,0,10,6,2,18,0,5,80,3,88,0,15,86,5,106,108,0,108,214
07/24/2006,OLV,MS,ASO,CE,Federal Contract Tower,0,10,15,0,25,0,1,60,1,62,0,11,75,1,87,80,0,80,167
07/25/2006,OLV,MS,ASO,CE,Federal Contract Tower,0,10,4,0,14,0,2,81,3,86,0,12,85,3,100,124,2,126,226
07/26/2006,OLV,MS,ASO,CE,Federal Contract Tower,0,26,6,0,32,0,2,56,0,58,0,28,62,0,90,58,0,58,148
07/27/2006,OLV,MS,ASO,CE,Federal Contract Tower,0,20,6,0,26,0,2,33,0,35,0,22,39,0,61,66,0,66,127
07/28/2006,OLV,MS,ASO,CE,Federal Contract Tower,0,19,11,0,30,0,5,25,0,30,0,24,36,0,60,18,0,18,78
07/29/2006,OLV,MS,ASO,CE,Federal Contract Tower,0,6,6,0,12,0,1,73,1,75,0,7,79,1,87,144,0,144,231
07/30/2006,OLV,MS,ASO,CE,Federal Contract Tower,0,4,10,0,14,0,2,60,4,66,0,6,70,4,80,76,0,76,156
07/31/2006,OLV,MS,ASO,CE,Federal Contract Tower,0,7,8,0,15,0,6,58,0,64,0,13,66,0,79,124,0,124,203
08/01/2006,OLV,MS,ASO,CE,Federal Contract Tower,0,12,3,0,15,0,3,66,0,69,0,15,69,0,84,94,0,94,178
08/02/2006,OLV,MS,ASO,CE,Federal Contract Tower,0,11,9,0,20,0,5,82,1,88,0,16,91,1,108,84,2,86,194
08/03/2006,OLV,MS,ASO,CE,Federal Contract Tower,0,20,7,0,27,0,4,62,0,66,0,24,69,0,93,54,0,54,147
08/04/2006,OLV,MS,ASO,CE,Federal Contract Tower,0,11,9,0,20,0,3,52,0,55,0,14,61,0,75,48,0,48,123
08/05/2006,OLV,MS,ASO,CE,Federal Contract Tower,0,5,12,0,17,0,0,60,0,60,0,5,72,0,77,36,0,36,113
08/06/2006,OLV,MS,ASO,CE,Federal Contract Tower,0,6,19,0,25,0,2,59,3,64,0,8,78,3,89,72,6,78,167
08/07/2006,OLV,MS,ASO,CE,Federal Contract Tower,0,16,6,0,22,0,5,63,0,68,0,21,69,0,90,78,0,78,168
08/08/2006,OLV,MS,ASO,CE,Federal Contract Tower,0,12,6,0,18,0,6,67,1,74,0,18,73,1,92,120,10,130,222
08/09/2006,OLV,MS,ASO,CE,Federal Contract Tower,0,14,8,0,22,0,4,83,0,87,0,18,91,0,109,112,0,112,221
08/10/2006,OLV,MS,ASO,CE,Federal Contract Tower,0,11,5,0,16,0,1,53,0,54,0,12,58,0,70,78,0,78,148
08/11/2006,OLV,MS,ASO,CE,Federal Contract Tower,0,9,7,0,16,0,1,14,2,17,0,10,21,2,33,8,8,16,49
08/12/2006,OLV,MS,ASO,CE,Federal Contract Tower,0,5,12,0,17,0,4,80,0,84,0,9,92,0,101,58,0,58,159
08/13/2006,OLV,MS,ASO,CE,Federal Contract Tower,0,11,20,0,31,0,0,50,0,50,0,11,70,0,81,86,0,86,167
08/14/2006,OLV,MS,ASO,CE,Federal Contract Tower,0,13,8,0,21,0,6,58,0,64,0,19,66,0,85,92,0,92,177
08/15/2006,OLV,MS,ASO,CE,Federal Contract Tower,0,15,16,0,31,0,6,77,0,83,0,21,93,0,114,150,0,150,264
08/16/2006,OLV,MS,ASO,CE,Federal Contract Tower,0,15,8,0,23,0,5,60,0,65,0,20,68,0,88,48,0,48,136
08/17/2006,OLV,MS,ASO,CE,Federal Contract Tower,0,20,13,0,33,0,1,73,1,75,0,21,86,1,108,96,0,96,204
08/18/2006,OLV,MS,ASO,CE,Federal Contract Tower,0,18,6,0,24,0,3,52,0,55,0,21,58,0,79,62,0,62,141
08/19/2006,OLV,MS,ASO,CE,Federal Contract Tower,0,4,8,0,12,0,2,48,2,52,0,6,56,2,64,22,0,22,86
08/20/2006,OLV,MS,ASO,CE,Federal Contract Tower,0,5,3,0,8,0,0,31,0,31,0,5,34,0,39,22,0,22,61
08/21/2006,OLV,MS,ASO,CE,Federal Contract Tower,0,10,9,0,19,0,0,43,0,43,0,10,52,0,62,70,0,70,132
08/22/2006,OLV,MS,ASO,CE,Federal Contract Tower,0,36,17,0,53,0,0,41,0,41,0,36,58,0,94,40,0,40,134
08/23/2006,OLV,MS,ASO,CE,Federal Contract Tower,0,15,10,0,25,0,2,38,2,42,0,17,48,2,67,54,0,54,121
08/24/2006,OLV,MS,ASO,CE,Federal Contract Tower,0,22,4,1,27,0,3,68,1,72,0,25,72,2,99,104,6,110,209
08/25/2006,OLV,MS,ASO,CE,Federal Contract Tower,0,17,15,0,32,0,12,68,0,80,0,29,83,0,112,90,0,90,202
08/26/2006,OLV,MS,ASO,CE,Federal Contract Tower,0,4,9,0,13,0,1,58,1,60,0,5,67,1,73,52,0,52,125
08/27/2006,OLV,MS,ASO,CE,Federal Contract Tower,0,9,11,0,20,0,4,44,2,50,0,13,55,2,70,40,14,54,124
08/28/2006,OLV,MS,ASO,CE,Federal Contract Tower,0,7,9,0,16,0,3,36,0,39,0,10,45,0,55,66,0,66,121
08/29/2006,OLV,MS,ASO,CE,Federal Contract Tower,0,14,3,0,17,0,5,13,0,18,0,19,16,0,35,8,0,8,43
08/30/2006,OLV,MS,ASO,CE,Federal Contract Tower,0,30,10,0,40,0,1,39,0,40,0,31,49,0,80,90,0,90,170
08/31/2006,OLV,MS,ASO,CE,Federal Contract Tower,0,22,11,0,33,0,7,53,1,61,0,29,64,1,94,176,0,176,270
09/01/2006,OLV,MS,ASO,CE,Federal Contract Tower,0,16,8,0,24,0,0,21,4,25,0,16,29,4,49,18,0,18,67
09/02/2006,OLV,MS,ASO,CE,Federal Contract Tower,0,11,17,0,28,0,4,80,0,84,0,15,97,0,112,106,0,106,218
09/03/2006,OLV,MS,ASO,CE,Federal Contract Tower,0,4,13,0,17,0,0,47,0,47,0,4,60,0,64,66,0,66,130
09/04/2006,OLV,MS,ASO,CE,Federal Contract Tower,0,14,7,0,21,0,3,63,0,66,0,17,70,0,87,56,0,56,143
09/05/2006,OLV,MS,ASO,CE,Federal Contract Tower,0,8,7,0,15,0,8,54,4,66,0,16,61,4,81,84,0,84,165
09/06/2006,OLV,MS,ASO,CE,Federal Contract Tower,0,15,5,0,20,0,0,64,0,64,0,15,69,0,84,144,0,144,228
09/07/2006,OLV,MS,ASO,CE,Federal Contract Tower,0,14,13,0,27,0,6,58,0,64,0,20,71,0,91,84,0,84,175
09/08/2006,OLV,MS,ASO,CE,Federal Contract Tower,0,5,13,0,18,0,1,60,0,61,0,6,73,0,79,48,0,48,127
09/09/2006,OLV,MS,ASO,CE,Federal Contract Tower,0,8,8,2,18,0,2,104,1,107,0,10,112,3,125,196,0,196,321
09/10/2006,OLV,MS,ASO,CE,Federal Contract Tower,0,8,14,0,22,0,1,43,1,45,0,9,57,1,67,44,0,44,111
09/11/2006,OLV,MS,ASO,CE,Federal Contract Tower,0,17,4,0,21,0,2,45,0,47,0,19,49,0,68,68,0,68,136
09/12/2006,OLV,MS,ASO,CE,Federal Contract Tower,0,18,7,0,25,0,5,42,2,49,0,23,49,2,74,16,0,16,90
09/13/2006,OLV,MS,ASO,CE,Federal Contract Tower,0,18,14,0,32,0,12,81,0,93,0,30,95,0,125,128,0,128,253
09/14/2006,OLV,MS,ASO,CE,Federal Contract Tower,0,16,14,2,32,0,7,63,0,70,0,23,77,2,102,108,0,108,210
09/15/2006,OLV,MS,ASO,CE,Federal Contract Tower,0,11,16,1,28,0,0,60,0,60,0,11,76,1,88,60,0,60,148
09/16/2006,OLV,MS,ASO,CE,Federal Contract Tower,0,7,10,0,17,0,2,98,1,101,0,9,108,1,118,88,0,88,206
09/17/2006,OLV,MS,ASO,CE,Federal Contract Tower,0,12,14,0,26,0,0,15,0,15,0,12,29,0,41,18,0,18,59
09/18/2006,OLV,MS,ASO,CE,Federal Contract Tower,0,11,6,0,17,0,0,4,0,4,0,11,10,0,21,0,0,0,21
09/19/2006,OLV,MS,ASO,CE,Federal Contract Tower,0,25,11,0,36,0,16,87,8,111,0,41,98,8,147,96,0,96,243
09/20/2006,OLV,MS,ASO,CE,Federal Contract Tower,0,10,18,0,28,0,6,73,2,81,0,16,91,2,109,140,0,140,249
09/21/2006,OLV,MS,ASO,CE,Federal Contract Tower,0,22,10,0,32,0,11,64,0,75,0,33,74,0,107,114,0,114,221
09/22/2006,OLV,MS,ASO,CE,Federal Contract Tower,0,10,4,0,14,0,0,13,0,13,0,10,17,0,27,0,0,0,27
09/23/2006,OLV,MS,ASO,CE,Federal Contract Tower,0,3,2,0,5,0,0,10,4,14,0,3,12,4,19,10,0,10,29
09/24/2006,OLV,MS,ASO,CE,Federal Contract Tower,0,10,8,0,18,0,0,55,2,57,0,10,63,2,75,140,0,140,215
09/25/2006,OLV,MS,ASO,CE,Federal Contract Tower,0,14,11,0,25,0,6,92,0,98,0,20,103,0,123,154,0,154,277
09/26/2006,OLV,MS,ASO,CE,Federal Contract Tower,0,22,11,0,33,0,6,67,2,75,0,28,78,2,108,86,0,86,194
09/27/2006,OLV,MS,ASO,CE,Federal Contract Tower,0,19,7,0,26,0,5,34,0,39,0,24,41,0,65,96,0,96,161
09/28/2006,OLV,MS,ASO,CE,Federal Contract Tower,0,24,4,0,28,0,7,43,0,50,0,31,47,0,78,50,0,50,128
09/29/2006,OLV,MS,ASO,CE,Federal Contract Tower,0,8,17,0,25,0,4,64,0,68,0,12,81,0,93,80,0,80,173
09/30/2006,OLV,MS,ASO,CE,Federal Contract Tower,0,5,15,2,22,0,4,82,1,87,0,9,97,3,109,142,0,142,251
10/01/2006,OLV,MS,ASO,CE,Federal Contract Tower,0,9,15,0,24,0,1,79,0,80,0,10,94,0,104,64,0,64,168
10/02/2006,OLV,MS,ASO,CE,Federal Contract Tower,0,13,4,0,17,0,0,52,0,52,0,13,56,0,69,104,0,104,173
10/03/2006,OLV,MS,ASO,CE,Federal Contract Tower,0,10,11,0,21,0,4,63,2,69,0,14,74,2,90,132,0,132,222
10/04/2006,OLV,MS,ASO,CE,Federal Contract Tower,0,29,6,0,35,0,2,47,0,49,0,31,53,0,84,100,0,100,184
10/05/2006,OLV,MS,ASO,CE,Federal Contract Tower,0,26,11,0,37,0,0,45,0,45,0,26,56,0,82,94,0,94,176
10/06/2006,OLV,MS,ASO,CE,Federal Contract Tower,0,12,13,0,25,0,0,52,1,53,0,12,65,1,78,74,0,74,152
10/07/2006,OLV,MS,ASO,CE,Federal Contract Tower,0,3,8,0,11,0,0,87,0,87,0,3,95,0,98,136,0,136,234
10/08/2006,OLV,MS,ASO,CE,Federal Contract Tower,0,7,15,0,22,0,6,68,0,74,0,13,83,0,96,12,0,12,108
10/09/2006,OLV,MS,ASO,CE,Federal Contract Tower,0,11,2,0,13,0,1,46,5,52,0,12,48,5,65,72,4,76,141
10/10/2006,OLV,MS,ASO,CE,Federal Contract Tower,0,15,6,1,22,0,4,62,1,67,0,19,68,2,89,114,0,114,203
10/11/2006,OLV,MS,ASO,CE,Federal Contract Tower,0,16,10,0,26,0,4,31,0,35,0,20,41,0,61,24,0,24,85
10/12/2006,OLV,MS,ASO,CE,Federal Contract Tower,0,11,14,0,25,0,2,36,0,38,0,13,50,0,63,26,0,26,89
10/13/2006,OLV,MS,ASO,CE,Federal Contract Tower,0,9,11,0,20,0,4,74,0,78,0,13,85,0,98,56,0,56,154
10/14/2006,OLV,MS,ASO,CE,Federal Contract Tower,0,11,11,1,23,0,2,80,0,82,0,13,91,1,105,110,0,110,215
10/15/2006,OLV,MS,ASO,CE,Federal Contract Tower,0,12,10,0,22,0,2,50,0,52,0,14,60,0,74,50,0,50,124
10/16/2006,OLV,MS,ASO,CE,Federal Contract Tower,0,3,6,0,9,0,0,0,0,0,0,3,6,0,9,0,0,0,9
10/17/2006,OLV,MS,ASO,CE,Federal Contract Tower,0,10,9,0,19,0,0,33,0,33,0,10,42,0,52,62,0,62,114
10/18/2006,OLV,MS,ASO,CE,Federal Contract Tower,0,12,12,0,24,0,1,72,0,73,0,13,84,0,97,110,0,110,207
10/19/2006,OLV,MS,ASO,CE,Federal Contract Tower,0,16,6,2,24,0,0,0,0,0,0,16,6,2,24,0,0,0,24
10/20/2006,OLV,MS,ASO,CE,Federal Contract Tower,0,14,11,0,25,0,2,53,3,58,0,16,64,3,83,48,10,58,141
10/21/2006,OLV,MS,ASO,CE,Federal Contract Tower,0,9,12,0,21,0,17,84,0,101,0,26,96,0,122,148,0,148,270
10/22/2006,OLV,MS,ASO,CE,Federal Contract Tower,0,6,6,0,12,0,0,40,0,40,0,6,46,0,52,42,0,42,94
10/23/2006,OLV,MS,ASO,CE,Federal Contract Tower,0,17,11,0,28,0,4,58,1,63,0,21,69,1,91,78,0,78,169
10/24/2006,OLV,MS,ASO,CE,Federal Contract Tower,0,13,8,0,21,0,4,62,5,71,0,17,70,5,92,90,0,90,182
10/25/2006,OLV,MS,ASO,CE,Federal Contract Tower,0,17,11,0,28,0,2,25,0,27,0,19,36,0,55,22,0,22,77
10/26/2006,OLV,MS,ASO,CE,Federal Contract Tower,0,19,4,0,23,0,0,0,0,0,0,19,4,0,23,0,0,0,23
10/27/2006,OLV,MS,ASO,CE,Federal Contract Tower,0,10,1,0,11,0,2,3,0,5,0,12,4,0,16,0,0,0,16
10/28/2006,OLV,MS,ASO,CE,Federal Contract Tower,0,9,10,1,20,0,0,82,3,85,0,9,92,4,105,106,0,106,211
10/29/2006,OLV,MS,ASO,CE,Federal Contract Tower,0,13,15,0,28,0,6,64,0,70,0,19,79,0,98,48,0,48,146
10/30/2006,OLV,MS,ASO,CE,Federal Contract Tower,0,17,10,0,27,0,13,37,2,52,0,30,47,2,79,48,20,68,147
10/31/2006,OLV,MS,ASO,CE,Federal Contract Tower,0,10,5,0,15,0,2,3,0,5,0,12,8,0,20,0,0,0,20
11/01/2006,OLV,MS,ASO,CE,Federal Contract Tower,0,19,2,0,21,0,0,0,0,0,0,19,2,0,21,0,0,0,21
11/02/2006,OLV,MS,ASO,CE,Federal Contract Tower,0,30,9,0,39,0,4,41,0,45,0,34,50,0,84,52,0,52,136
11/03/2006,OLV,MS,ASO,CE,Federal Contract Tower,0,14,15,0,29,0,3,114,0,117,0,17,129,0,146,38,0,38,184
11/04/2006,OLV,MS,ASO,CE,Federal Contract Tower,0,9,9,0,18,0,6,83,2,91,0,15,92,2,109,116,0,116,225
11/05/2006,OLV,MS,ASO,CE,Federal Contract Tower,0,6,11,0,17,0,1,72,0,73,0,7,83,0,90,98,0,98,188
11/06/2006,OLV,MS,ASO,CE,Federal Contract Tower,0,9,5,0,14,0,0,0,0,0,0,9,5,0,14,0,0,0,14
11/07/2006,OLV,MS,ASO,CE,Federal Contract Tower,0,10,6,0,16,0,0,1,0,1,0,10,7,0,17,4,0,4,21
11/08/2006,OLV,MS,ASO,CE,Federal Contract Tower,0,7,9,0,16,0,4,69,0,73,0,11,78,0,89,70,0,70,159
11/09/2006,OLV,MS,ASO,CE,Federal Contract Tower,0,19,8,0,27,0,1,86,2,89,0,20,94,2,116,94,0,94,210
11/10/2006,OLV,MS,ASO,CE,Federal Contract Tower,0,25,9,0,34,0,6,27,0,33,0,31,36,0,67,24,0,24,91
11/11/2006,OLV,MS,ASO,CE,Federal Contract Tower,0,8,15,0,23,0,0,34,0,34,0,8,49,0,57,50,0,50,107
11/12/2006,OLV,MS,ASO,CE,Federal Contract Tower,0,12,6,0,18,0,0,68,0,68,0,12,74,0,86,84,0,84,170
11/13/2006,OLV,MS,ASO,CE,Federal Contract Tower,0,10,5,0,15,0,7,50,0,57,0,17,55,0,72,62,0,62,134
11/14/2006,OLV,MS,ASO,CE,Federal Contract Tower,0,23,10,0,33,0,7,16,0,23,0,30,26,0,56,26,0,26,82
11/15/2006,OLV,MS,ASO,CE,Federal Contract Tower,0,12,7,0,19,0,0,3,0,3,0,12,10,0,22,6,0,6,28
11/16/2006,OLV,MS,ASO,CE,Federal Contract Tower,0,10,8,0,18,0,6,16,0,22,0,16,24,0,40,52,0,52,92
11/17/2006,OLV,MS,ASO,CE,Federal Contract Tower,0,13,17,0,30,0,0,57,0,57,0,13,74,0,87,44,0,44,131
11/18/2006,OLV,MS,ASO,CE,Federal Contract Tower,0,6,13,0,19,0,2,95,0,97,0,8,108,0,116,128,0,128,244
11/19/2006,OLV,MS,ASO,CE,Federal Contract Tower,0,11,7,1,19,0,2,64,2,68,0,13,71,3,87,136,0,136,223
11/20/2006,OLV,MS,ASO,CE,Federal Contract Tower,0,17,5,1,23,0,5,63,1,69,0,22,68,2,92,112,0,112,204
11/21/2006,OLV,MS,ASO,CE,Federal Contract Tower,0,25,18,1,44,0,4,105,0,109,0,29,123,1,153,100,0,100,253
11/22/2006,OLV,MS,ASO,CE,Federal Contract Tower,0,15,15,0,30,0,7,75,1,83,0,22,90,1,113,120,0,120,233
11/23/2006,OLV,MS,ASO,CE,Federal Contract Tower,0,2,5,0,7,0,0,40,2,42,0,2,45,2,49,10,6,16,65
11/24/2006,OLV,MS,ASO,CE,Federal Contract Tower,0,4,13,0,17,0,5,64,2,71,0,9,77,2,88,72,0,72,160
11/25/2006,OLV,MS,ASO,CE,Federal Contract Tower,0,9,18,0,27,0,2,109,0,111,0,11,127,0,138,156,0,156,294
11/26/2006,OLV,MS,ASO,CE,Federal Contract Tower,0,19,20,0,39,0,1,50,0,51,0,20,70,0,90,122,0,122,212
11/27/2006,OLV,MS,ASO,CE,Federal Contract Tower,0,7,6,0,13,0,9,51,0,60,0,16,57,0,73,98,0,98,171
11/28/2006,OLV,MS,ASO,CE,Federal Contract Tower,0,13,14,0,27,0,2,22,0,24,0,15,36,0,51,0,0,0,51
11/29/2006,OLV,MS,ASO,CE,Federal Contract Tower,0,12,13,0,25,0,2,40,0,42,0,14,53,0,67,168,0,168,235
11/30/2006,OLV,MS,ASO,CE,Federal Contract Tower,0,13,2,0,15,0,2,1,0,3,0,15,3,0,18,0,0,0,18
12/01/2006,OLV,MS,ASO,CE,Federal Contract Tower,0,11,6,1,18,0,1,16,0,17,0,12,22,1,35,96,0,96,131
12/02/2006,OLV,MS,ASO,CE,Federal Contract Tower,0,3,3,3,9,0,2,66,1,69,0,5,69,4,78,66,12,78,156
12/03/2006,OLV,MS,ASO,CE,Federal Contract Tower,0,10,13,0,23,0,1,41,1,43,0,11,54,1,66,70,0,70,136
12/04/2006,OLV,MS,ASO,CE,Federal Contract Tower,0,13,11,0,24,0,4,50,0,54,0,17,61,0,78,160,0,160,238
12/05/2006,OLV,MS,ASO,CE,Federal Contract Tower,0,8,7,0,15,0,5,66,2,73,0,13,73,2,88,160,0,160,248
12/06/2006,OLV,MS,ASO,CE,Federal Contract Tower,0,14,11,0,25,0,2,47,2,51,0,16,58,2,76,56,4,60,136
12/07/2006,OLV,MS,ASO,CE,Federal Contract Tower,0,21,3,0,24,0,4,20,0,24,0,25,23,0,48,36,0,36,84
12/08/2006,OLV,MS,ASO,CE,Federal Contract Tower,0,12,9,1,22,0,14,54,0,68,0,26,63,1,90,118,0,118,208
12/09/2006,OLV,MS,ASO,CE,Federal Contract Tower,0,5,10,1,16,0,1,77,0,78,0,6,87,1,94,84,0,84,178
12/10/2006,OLV,MS,ASO,CE,Federal Contract Tower,0,7,12,0,19,0,0,76,0,76,0,7,88,0,95,106,0,106,201
12/11/2006,OLV,MS,ASO,CE,Federal Contract Tower,0,15,6,0,21,0,2,45,0,47,0,17,51,0,68,54,0,54,122
12/12/2006,OLV,MS,ASO,CE,Federal Contract Tower,0,9,2,0,11,0,3,9,0,12,0,12,11,0,23,28,0,28,51
12/13/2006,OLV,MS,ASO,CE,Federal Contract Tower,0,19,8,0,27,0,5,84,0,89,0,24,92,0,116,118,0,118,234
12/14/2006,OLV,MS,ASO,CE,Federal Contract Tower,0,21,12,0,33,0,4,52,0,56,0,25,64,0,89,40,0,40,129
12/15/2006,OLV,MS,ASO,CE,Federal Contract Tower,0,4,14,0,18,0,0,58,1,59,0,4,72,1,77,46,0,46,123
12/16/2006,OLV,MS,ASO,CE,Federal Contract Tower,0,10,15,0,25,0,2,70,0,72,0,12,85,0,97,74,0,74,171
12/17/2006,OLV,MS,ASO,CE,Federal Contract Tower,0,5,9,0,14,0,1,34,4,39,0,6,43,4,53,32,0,32,85
12/18/2006,OLV,MS,ASO,CE,Federal Contract Tower,0,14,7,0,21,0,1,37,0,38,0,15,44,0,59,68,0,68,127
12/19/2006,OLV,MS,ASO,CE,Federal Contract Tower,0,17,8,0,25,0,2,26,0,28,0,19,34,0,53,56,0,56,109
12/20/2006,OLV,MS,ASO,CE,Federal Contract Tower,0,9,7,0,16,0,5,37,4,46,0,14,44,4,62,116,0,116,178
12/21/2006,OLV,MS,ASO,CE,Federal Contract Tower,0,14,3,0,17,0,0,6,0,6,0,14,9,0,23,16,0,16,39
12/22/2006,OLV,MS,ASO,CE,Federal Contract Tower,0,9,9,0,18,0,3,59,2,64,0,12,68,2,82,102,0,102,184
12/23/2006,OLV,MS,ASO,CE,Federal Contract Tower,0,7,15,0,22,0,2,76,0,78,0,9,91,0,100,122,0,122,222
12/24/2006,OLV,MS,ASO,CE,Federal Contract Tower,0,5,6,0,11,0,0,25,0,25,0,5,31,0,36,10,0,10,46
12/25/2006,OLV,MS,ASO,CE,Federal Contract Tower,0,0,1,0,1,0,0,0,0,0,0,0,1,0,1,0,0,0,1
12/26/2006,OLV,MS,ASO,CE,Federal Contract Tower,0,8,15,0,23,0,3,29,0,32,0,11,44,0,55,38,0,38,93
12/27/2006,OLV,MS,ASO,CE,Federal Contract Tower,0,9,5,0,14,0,2,63,2,67,0,11,68,2,81,134,0,134,215
12/28/2006,OLV,MS,ASO,CE,Federal Contract Tower,0,16,16,0,32,0,6,63,1,70,0,22,79,1,102,76,0,76,178
12/29/2006,OLV,MS,ASO,CE,Federal Contract Tower,0,9,12,0,21,0,5,43,5,53,0,14,55,5,74,78,0,78,152
12/30/2006,OLV,MS,ASO,CE,Federal Contract Tower,0,2,4,0,6,0,0,0,0,0,0,2,4,0,6,0,0,0,6
12/31/2006,OLV,MS,ASO,CE,Federal Contract Tower,0,8,4,0,12,0,1,44,2,47,0,9,48,2,59,46,8,54,113
01/01/2007,OLV,MS,ASO,CE,Federal Contract Tower,0,11,11,0,22,0,0,24,2,26,0,11,35,2,48,16,8,24,72
01/02/2007,OLV,MS,ASO,CE,Federal Contract Tower,0,10,4,2,16,0,3,63,8,74,0,13,67,10,90,82,42,124,214
01/03/2007,OLV,MS,ASO,CE,Federal Contract Tower,0,14,1,0,15,0,4,63,1,68,0,18,64,1,83,106,0,106,189
01/04/2007,OLV,MS,ASO,CE,Federal Contract Tower,0,18,0,0,18,0,1,9,0,10,0,19,9,0,28,12,0,12,40
01/05/2007,OLV,MS,ASO,CE,Federal Contract Tower,0,15,5,0,20,0,2,30,0,32,0,17,35,0,52,20,0,20,72
01/06/2007,OLV,MS,ASO,CE,Federal Contract Tower,0,9,10,0,19,0,5,84,2,91,0,14,94,2,110,186,16,202,312
01/07/2007,OLV,MS,ASO,CE,Federal Contract Tower,0,5,5,0,10,0,2,2,0,4,0,7,7,0,14,6,0,6,20
01/08/2007,OLV,MS,ASO,CE,Federal Contract Tower,0,12,2,0,14,0,9,63,0,72,0,21,65,0,86,182,0,182,268
01/09/2007,OLV,MS,ASO,CE,Federal Contract Tower,0,23,9,0,32,0,4,39,3,46,0,27,48,3,78,20,0,20,98
01/10/2007,OLV,MS,ASO,CE,Federal Contract Tower,0,5,8,0,13,0,6,70,4,80,0,11,78,4,93,60,14,74,167
01/11/2007,OLV,MS,ASO,CE,Federal Contract Tower,0,25,8,0,33,0,1,44,2,47,0,26,52,2,80,22,0,22,102
01/12/2007,OLV,MS,ASO,CE,Federal Contract Tower,0,11,10,0,21,0,0,17,0,17,0,11,27,0,38,34,0,34,72
01/13/2007,OLV,MS,ASO,CE,Federal Contract Tower,0,6,7,0,13,0,0,7,0,7,0,6,14,0,20,8,0,8,28
01/14/2007,OLV,MS,ASO,CE,Federal Contract Tower,0,4,4,0,8,0,0,0,0,0,0,4,4,0,8,0,0,0,8
01/15/2007,OLV,MS,ASO,CE,Federal Contract Tower,0,15,0,0,15,0,0,1,0,1,0,15,1,0,16,0,0,0,16
01/16/2007,OLV,MS,ASO,CE,Federal Contract Tower,0,26,1,0,27,0,1,34,2,37,0,27,35,2,64,26,16,42,106
01/17/2007,OLV,MS,ASO,CE,Federal Contract Tower,0,14,11,0,25,0,1,45,0,46,0,15,56,0,71,56,0,56,127
01/18/2007,OLV,MS,ASO,CE,Federal Contract Tower,0,18,14,0,32,0,3,44,0,47,0,21,58,0,79,42,0,42,121
01/19/2007,OLV,MS,ASO,CE,Federal Contract Tower,0,4,8,0,12,0,4,66,0,70,0,8,74,0,82,88,0,88,170
01/20/2007,OLV,MS,ASO,CE,Federal Contract Tower,0,11,9,0,20,0,5,65,2,72,0,16,74,2,92,116,10,126,218
01/21/2007,OLV,MS,ASO,CE,Federal Contract Tower,0,7,5,0,12,0,0,2,0,2,0,7,7,0,14,12,0,12,26
01/22/2007,OLV,MS,ASO,CE,Federal Contract Tower,0,22,2,0,24,0,2,44,0,46,0,24,46,0,70,140,0,140,210
01/23/2007,OLV,MS,ASO,CE,Federal Contract Tower,0,10,9,0,19,0,0,56,0,56,0,10,65,0,75,44,0,44,119
01/24/2007,OLV,MS,ASO,CE,Federal Contract Tower,0,20,8,0,28,0,5,52,1,58,0,25,60,1,86,66,8,74,160
01/25/2007,OLV,MS,ASO,CE,Federal Contract Tower,0,14,14,0,28,0,3,61,5,69,0,17,75,5,97,42,18,60,157
01/26/2007,OLV,MS,ASO,CE,Federal Contract Tower,0,8,18,0,26,0,3,81,4,88,0,11,99,4,114,58,30,88,202
01/27/2007,OLV,MS,ASO,CE,Federal Contract Tower,0,6,12,0,18,0,4,66,1,71,0,10,78,1,89,152,6,158,247
01/28/2007,OLV,MS,ASO,CE,Federal Contract Tower,0,7,13,0,20,0,3,41,2,46,0,10,54,2,66,64,14,78,144
01/29/2007,OLV,MS,ASO,CE,Federal Contract Tower,0,7,8,0,15,0,2,63,4,69,0,9,71,4,84,70,22,92,176
01/30/2007,OLV,MS,ASO,CE,Federal Contract Tower,0,10,12,0,22,0,5,61,0,66,0,15,73,0,88,66,0,66,154
01/31/2007,OLV,MS,ASO,CE,Federal Contract Tower,0,12,16,0,28,0,0,55,2,57,0,12,71,2,85,72,0,72,157
02/01/2007,OLV,MS,ASO,CE,Federal Contract Tower,0,4,0,0,4,0,0,2,0,2,0,4,2,0,6,0,0,0,6
02/02/2007,OLV,MS,ASO,CE,Federal Contract Tower,0,6,4,0,10,0,2,28,0,30,0,8,32,0,40,4,0,4,44
02/03/2007,OLV,MS,ASO,CE,Federal Contract Tower,0,8,6,2,16,0,2,69,2,73,0,10,75,4,89,140,14,154,243
02/04/2007,OLV,MS,ASO,CE,Federal Contract Tower,0,3,11,0,14,0,2,77,5,84,0,5,88,5,98,180,12,192,290
02/05/2007,OLV,MS,ASO,CE,Federal Contract Tower,0,11,8,0,19,0,2,44,1,47,0,13,52,1,66,56,6,62,128
02/06/2007,OLV,MS,ASO,CE,Federal Contract Tower,0,20,11,0,31,0,9,33,0,42,0,29,44,0,73,34,0,34,107
02/07/2007,OLV,MS,ASO,CE,Federal Contract Tower,0,26,4,0,30,0,3,62,4,69,0,29,66,4,99,64,12,76,175
02/08/2007,OLV,MS,ASO,CE,Federal Contract Tower,0,14,7,0,21,0,3,23,7,33,0,17,30,7,54,44,6,50,104
02/09/2007,OLV,MS,ASO,CE,Federal Contract Tower,0,13,4,0,17,0,0,14,0,14,0,13,18,0,31,0,0,0,31
02/10/2007,OLV,MS,ASO,CE,Federal Contract Tower,0,5,4,0,9,0,2,112,0,114,0,7,116,0,123,146,0,146,269
02/11/2007,OLV,MS,ASO,CE,Federal Contract Tower,0,16,6,0,22,0,2,82,2,86,0,18,88,2,108,162,0,162,270
02/12/2007,OLV,MS,ASO,CE,Federal Contract Tower,0,12,4,0,16,0,7,17,0,24,0,19,21,0,40,46,0,46,86
02/13/2007,OLV,MS,ASO,CE,Federal Contract Tower,0,11,1,0,12,0,0,0,0,0,0,11,1,0,12,0,0,0,12
02/14/2007,OLV,MS,ASO,CE,Federal Contract Tower,0,13,7,0,20,0,7,13,0,20,0,20,20,0,40,22,0,22,62
02/15/2007,OLV,MS,ASO,CE,Federal Contract Tower,0,15,8,0,23,0,6,19,0,25,0,21,27,0,48,62,0,62,110
02/16/2007,OLV,MS,ASO,CE,Federal Contract Tower,0,9,17,0,26,0,4,44,0,48,0,13,61,0,74,66,0,66,140
02/17/2007,OLV,MS,ASO,CE,Federal Contract Tower,0,11,0,0,11,0,2,16,0,18,0,13,16,0,29,4,0,4,33
02/18/2007,OLV,MS,ASO,CE,Federal Contract Tower,0,1,14,0,15,0,3,83,1,87,0,4,97,1,102,132,0,132,234
02/19/2007,OLV,MS,ASO,CE,Federal Contract Tower,0,19,5,0,24,0,2,4,0,6,0,21,9,0,30,0,0,0,30
02/20/2007,OLV,MS,ASO,CE,Federal Contract Tower,0,17,8,0,25,0,0,10,0,10,0,17,18,0,35,14,0,14,49
02/21/2007,OLV,MS,ASO,CE,Federal Contract Tower,0,14,9,0,23,0,10,50,0,60,0,24,59,0,83,44,0,44,127
02/22/2007,OLV,MS,ASO,CE,Federal Contract Tower,0,16,8,0,24,0,9,55,2,66,0,25,63,2,90,122,0,122,212
02/23/2007,OLV,MS,ASO,CE,Federal Contract Tower,0,15,13,1,29,0,6,57,1,64,0,21,70,2,93,88,0,88,181
02/24/2007,OLV,MS,ASO,CE,Federal Contract Tower,0,1,4,0,5,0,0,1,0,1,0,1,5,0,6,0,0,0,6
02/25/2007,OLV,MS,ASO,CE,Federal Contract Tower,0,8,5,0,13,0,2,8,0,10,0,10,13,0,23,6,0,6,29
02/26/2007,OLV,MS,ASO,CE,Federal Contract Tower,0,16,7,0,23,0,3,65,2,70,0,19,72,2,93,146,8,154,247
02/27/2007,OLV,MS,ASO,CE,Federal Contract Tower,0,15,8,0,23,0,6,94,1,101,0,21,102,1,124,156,0,156,280
02/28/2007,OLV,MS,ASO,CE,Federal Contract Tower,0,19,7,0,26,0,3,32,4,39,0,22,39,4,65,48,14,62,127
03/01/2007,OLV,MS,ASO,CE,Federal Contract Tower,0,17,1,0,18,0,0,0,0,0,0,17,1,0,18,0,0,0,18
03/02/2007,OLV,MS,ASO,CE,Federal Contract Tower,0,21,11,2,34,0,5,36,3,44,0,26,47,5,78,26,0,26,104
03/03/2007,OLV,MS,ASO,CE,Federal Contract Tower,0,7,5,0,12,0,0,42,2,44,0,7,47,2,56,24,26,50,106
03/04/2007,OLV,MS,ASO,CE,Federal Contract Tower,0,3,13,0,16,0,2,94,5,101,0,5,107,5,117,134,0,134,251
03/05/2007,OLV,MS,ASO,CE,Federal Contract Tower,0,7,9,0,16,0,1,83,1,85,0,8,92,1,101,82,0,82,183
03/06/2007,OLV,MS,ASO,CE,Federal Contract Tower,0,10,11,0,21,0,5,58,1,64,0,15,69,1,85,86,2,88,173
03/07/2007,OLV,MS,ASO,CE,Federal Contract Tower,0,18,2,0,20,0,3,56,2,61,0,21,58,2,81,74,0,74,155
03/08/2007,OLV,MS,ASO,CE,Federal Contract Tower,0,19,7,0,26,0,8,65,4,77,0,27,72,4,103,124,4,128,231
03/09/2007,OLV,MS,ASO,CE,Federal Contract Tower,0,14,12,1,27,0,7,44,6,57,0,21,56,7,84,46,0,46,130
03/10/2007,OLV,MS,ASO,CE,Federal Contract Tower,0,5,4,0,9,0,1,71,1,73,0,6,75,1,82,136,0,136,218
03/11/2007,OLV,MS,ASO,CE,Federal Contract Tower,0,7,14,0,21,0,1,63,4,68,0,8,77,4,89,64,0,64,153
03/12/2007,OLV,MS,ASO,CE,Federal Contract Tower,0,13,3,0,16,0,7,50,0,57,0,20,53,0,73,90,0,90,163
03/13/2007,OLV,MS,ASO,CE,Federal Contract Tower,0,17,11,0,28,0,2,21,2,25,0,19,32,2,53,12,0,12,65
03/14/2007,OLV,MS,ASO,CE,Federal Contract Tower,0,15,8,0,23,0,8,22,0,30,0,23,30,0,53,10,0,10,63
03/15/2007,OLV,MS,ASO,CE,Federal Contract Tower,0,25,11,0,36,0,0,12,0,12,0,25,23,0,48,42,0,42,90
03/16/2007,OLV,MS,ASO,CE,Federal Contract Tower,0,17,7,0,24,0,1,45,0,46,0,18,52,0,70,26,0,26,96
03/17/2007,OLV,MS,ASO,CE,Federal Contract Tower,0,3,6,0,9,0,0,91,2,93,0,3,97,2,102,144,0,144,246
03/18/2007,OLV,MS,ASO,CE,Federal Contract Tower,0,16,10,1,27,0,3,65,0,68,0,19,75,1,95,26,0,26,121
03/19/2007,OLV,MS,ASO,CE,Federal Contract Tower,0,10,5,0,15,0,6,29,0,35,0,16,34,0,50,14,0,14,64
03/20/2007,OLV,MS,ASO,CE,Federal Contract Tower,0,14,5,0,19,0,1,42,0,43,0,15,47,0,62,54,0,54,116
03/21/2007,OLV,MS,ASO,CE,Federal Contract Tower,0,10,4,0,14,0,3,51,2,56,0,13,55,2,70,88,0,88,158
03/22/2007,OLV,MS,ASO,CE,Federal Contract Tower,0,22,5,1,28,0,7,73,2,82,0,29,78,3,110,92,0,92,202
03/23/2007,OLV,MS,ASO,CE,Federal Contract Tower,0,4,19,0,23,0,1,54,0,55,0,5,73,0,78,64,0,64,142
03/24/2007,OLV,MS,ASO,CE,Federal Contract Tower,0,14,10,0,24,0,3,81,2,86,0,17,91,2,110,102,0,102,212
03/25/2007,OLV,MS,ASO,CE,Federal Contract Tower,0,6,12,0,18,0,0,85,1,86,0,6,97,1,104,108,0,108,212
03/26/2007,OLV,MS,ASO,CE,Federal Contract Tower,0,11,4,0,15,0,3,51,0,54,0,14,55,0,69,54,0,54,123
03/27/2007,OLV,MS,ASO,CE,Federal Contract Tower,0,8,14,0,22,0,1,34,2,37,0,9,48,2,59,42,0,42,101
03/28/2007,OLV,MS,ASO,CE,Federal Contract Tower,0,16,15,0,31,0,0,34,0,34,0,16,49,0,65,16,0,16,81
03/29/2007,OLV,MS,ASO,CE,Federal Contract Tower,0,13,9,0,22,0,1,67,0,68,0,14,76,0,90,70,0,70,160
03/30/2007,OLV,MS,ASO,CE,Federal Contract Tower,0,7,16,0,23,0,0,65,0,65,0,7,81,0,88,52,0,52,140
03/31/2007,OLV,MS,ASO,CE,Federal Contract Tower,0,7,3,0,10,0,3,25,0,28,0,10,28,0,38,34,0,34,72
04/01/2007,OLV,MS,ASO,CE,Federal Contract Tower,0,11,15,0,26,0,7,60,2,69,0,18,75,2,95,98,0,98,193
04/02/2007,OLV,MS,ASO,CE,Federal Contract Tower,0,7,6,0,13,0,3,39,2,44,0,10,45,2,57,60,0,60,117
04/03/2007,OLV,MS,ASO,CE,Federal Contract Tower,0,10,16,0,26,0,4,38,2,44,0,14,54,2,70,50,0,50,120
04/04/2007,OLV,MS,ASO,CE,Federal Contract Tower,0,7,7,0,14,0,2,59,2,63,0,9,66,2,77,54,1,55,132
04/05/2007,OLV,MS,ASO,CE,Federal Contract Tower,0,28,10,0,38,0,3,52,4,59,0,31,62,4,97,44,0,44,141
04/06/2007,OLV,MS,ASO,CE,Federal Contract Tower,0,14,10,0,24,0,6,32,0,38,0,20,42,0,62,8,0,8,70
04/07/2007,OLV,MS,ASO,CE,Federal Contract Tower,0,2,5,0,7,0,2,74,0,76,0,4,79,0,83,78,0,78,161
04/08/2007,OLV,MS,ASO,CE,Federal Contract Tower,0,3,6,0,9,0,6,41,0,47,0,9,47,0,56,62,0,62,118
04/09/2007,OLV,MS,ASO,CE,Federal Contract Tower,0,12,11,0,23,0,11,66,0,77,0,23,77,0,100,56,0,56,156
04/10/2007,OLV,MS,ASO,CE,Federal Contract Tower,0,10,5,0,15,0,7,36,3,46,0,17,41,3,61,40,0,40,101
04/11/2007,OLV,MS,ASO,CE,Federal Contract Tower,0,12,1,0,13,0,0,4,0,4,0,12,5,0,17,0,0,0,17
04/12/2007,OLV,MS,ASO,CE,Federal Contract Tower,0,13,7,0,20,0,2,60,3,65,0,15,67,3,85,52,8,60,145
04/13/2007,OLV,MS,ASO,CE,Federal Contract Tower,0,16,11,1,28,0,0,8,0,8,0,16,19,1,36,0,0,0,36
04/14/2007,OLV,MS,ASO,CE,Federal Contract Tower,0,3,0,0,3,0,0,0,0,0,0,3,0,0,3,0,0,0,3
04/15/2007,OLV,MS,ASO,CE,Federal Contract Tower,0,8,8,0,16,0,3,18,4,25,0,11,26,4,41,6,16,22,63
04/16/2007,OLV,MS,ASO,CE,Federal Contract Tower,0,13,3,0,16,0,7,62,3,72,0,20,65,3,88,48,0,48,136
04/17/2007,OLV,MS,ASO,CE,Federal Contract Tower,0,21,14,0,35,0,8,67,0,75,0,29,81,0,110,136,0,136,246
04/18/2007,OLV,MS,ASO,CE,Federal Contract Tower,0,19,7,0,26,0,5,48,0,53,0,24,55,0,79,68,0,68,147
04/19/2007,OLV,MS,ASO,CE,Federal Contract Tower,0,11,5,0,16,0,3,80,4,87,0,14,85,4,103,88,10,98,201
04/20/2007,OLV,MS,ASO,CE,Federal Contract Tower,0,9,19,1,29,0,7,59,0,66,0,16,78,1,95,106,0,106,201
04/21/2007,OLV,MS,ASO,CE,Federal Contract Tower,0,5,12,2,19,0,3,98,3,104,0,8,110,5,123,104,4,108,231
04/22/2007,OLV,MS,ASO,CE,Federal Contract Tower,0,13,13,0,26,0,10,53,2,65,0,23,66,2,91,92,14,106,197
04/23/2007,OLV,MS,ASO,CE,Federal Contract Tower,0,6,3,0,9,0,5,48,4,57,0,11,51,4,66,52,8,60,126
04/24/2007,OLV,MS,ASO,CE,Federal Contract Tower,0,15,7,0,22,0,11,17,2,30,0,26,24,2,52,12,0,12,64
04/25/2007,OLV,MS,ASO,CE,Federal Contract Tower,0,17,7,0,24,0,1,17,0,18,0,18,24,0,42,20,0,20,62
04/26/2007,OLV,MS,ASO,CE,Federal Contract Tower,0,13,13,0,26,0,0,18,0,18,0,13,31,0,44,44,0,44,88
04/27/2007,OLV,MS,ASO,CE,Federal Contract Tower,0,12,22,0,34,0,8,74,2,84,0,20,96,2,118,132,10,142,260
04/28/2007,OLV,MS,ASO,CE,Federal Contract Tower,0,5,22,0,27,0,3,96,4,103,0,8,118,4,130,120,0,120,250
04/29/2007,OLV,MS,ASO,CE,Federal Contract Tower,0,12,18,0,30,0,8,92,0,100,0,20,110,0,130,134,0,134,264
04/30/2007,OLV,MS,ASO,CE,Federal Contract Tower,0,8,11,0,19,0,8,44,0,52,0,16,55,0,71,50,0,50,121
05/01/2007,OLV,MS,ASO,CE,Federal Contract Tower,0,15,8,0,23,0,6,62,0,68,0,21,70,0,91,100,0,100,191
05/02/2007,OLV,MS,ASO,CE,Federal Contract Tower,0,14,7,0,21,0,3,17,0,20,0,17,24,0,41,32,0,32,73
05/03/2007,OLV,MS,ASO,CE,Federal Contract Tower,0,11,7,0,18,0,0,57,0,57,0,11,64,0,75,66,0,66,141
05/04/2007,OLV,MS,ASO,CE,Federal Contract Tower,0,17,9,0,26,0,1,27,0,28,0,18,36,0,54,50,0,50,104
05/05/2007,OLV,MS,ASO,CE,Federal Contract Tower,0,3,13,2,18,0,0,26,1,27,0,3,39,3,45,76,0,76,121
05/06/2007,OLV,MS,ASO,CE,Federal Contract Tower,0,7,14,0,21,0,7,54,0,61,0,14,68,0,82,38,0,38,120
05/07/2007,OLV,MS,ASO,CE,Federal Contract Tower,0,5,6,0,11,0,4,24,2,30,0,9,30,2,41,42,8,50,91
05/08/2007,OLV,MS,ASO,CE,Federal Contract Tower,0,15,8,0,23,0,4,59,0,63,0,19,67,0,86,104,0,104,190
05/09/2007,OLV,MS,ASO,CE,Federal Contract Tower,0,20,12,0,32,0,2,53,0,55,0,22,65,0,87,78,0,78,165
05/10/2007,OLV,MS,ASO,CE,Federal Contract Tower,0,15,6,1,22,0,0,47,2,49,0,15,53,3,71,86,0,86,157
05/11/2007,OLV,MS,ASO,CE,Federal Contract Tower,0,9,9,0,18,0,3,77,0,80,0,12,86,0,98,52,0,52,150
05/12/2007,OLV,MS,ASO,CE,Federal Contract Tower,0,5,10,2,17,0,0,161,5,166,0,5,171,7,183,234,8,242,425
05/13/2007,OLV,MS,ASO,CE,Federal Contract Tower,0,12,12,0,24,0,1,86,0,87,0,13,98,0,111,110,1,111,222
05/14/2007,OLV,MS,ASO,CE,Federal Contract Tower,0,14,8,0,22,0,2,72,2,76,0,16,80,2,98,108,0,108,206
05/15/2007,OLV,MS,ASO,CE,Federal Contract Tower,0,14,12,0,26,0,2,17,0,19,0,16,29,0,45,26,0,26,71
05/16/2007,OLV,MS,ASO,CE,Federal Contract Tower,0,13,5,0,18,0,2,35,0,37,0,15,40,0,55,34,0,34,89
05/17/2007,OLV,MS,ASO,CE,Federal Contract Tower,0,15,20,0,35,0,6,65,0,71,0,21,85,0,106,70,0,70,176
05/18/2007,OLV,MS,ASO,CE,Federal Contract Tower,0,10,18,1,29,0,0,98,5,103,0,10,116,6,132,80,18,98,230
05/19/2007,OLV,MS,ASO,CE,Federal Contract Tower,0,3,11,2,16,0,4,125,2,131,0,7,136,4,147,158,0,158,305
05/20/2007,OLV,MS,ASO,CE,Federal Contract Tower,0,14,6,1,21,0,3,74,8,85,0,17,80,9,106,102,4,106,212
05/21/2007,OLV,MS,ASO,CE,Federal Contract Tower,0,10,12,0,22,0,7,65,6,78,0,17,77,6,100,72,8,80,180
05/22/2007,OLV,MS,ASO,CE,Federal Contract Tower,0,15,14,0,29,0,14,93,2,109,0,29,107,2,138,164,0,164,302
05/23/2007,OLV,MS,ASO,CE,Federal Contract Tower,0,16,6,0,22,0,2,58,1,61,0,18,64,1,83,48,0,48,131
05/24/2007,OLV,MS,ASO,CE,Federal Contract Tower,0,26,15,0,41,0,4,57,4,65,0,30,72,4,106,116,8,124,230
05/25/2007,OLV,MS,ASO,CE,Federal Contract Tower,0,11,19,0,30,0,2,58,0,60,0,13,77,0,90,16,0,16,106
05/26/2007,OLV,MS,ASO,CE,Federal Contract Tower,0,10,10,2,22,0,4,63,1,68,0,14,73,3,90,44,0,44,134
05/27/2007,OLV,MS,ASO,CE,Federal Contract Tower,0,12,5,0,17,0,0,42,0,42,0,12,47,0,59,58,0,58,117
05/28/2007,OLV,MS,ASO,CE,Federal Contract Tower,0,5,10,0,15,0,6,86,0,92,0,11,96,0,107,110,0,110,217
05/29/2007,OLV,MS,ASO,CE,Federal Contract Tower,0,23,8,0,31,0,2,78,0,80,0,25,86,0,111,80,0,80,191
05/30/2007,OLV,MS,ASO,CE,Federal Contract Tower,0,17,7,0,24,0,3,50,0,53,0,20,57,0,77,44,0,44,121
05/31/2007,OLV,MS,ASO,CE,Federal Contract Tower,0,24,11,0,35,0,6,60,0,66,0,30,71,0,101,40,0,40,141
06/01/2007,OLV,MS,ASO,CE,Federal Contract Tower,0,17,5,0,22,0,0,80,2,82,0,17,85,2,104,80,2,82,186
06/02/2007,OLV,MS,ASO,CE,Federal Contract Tower,0,6,10,0,16,0,3,101,0,104,0,9,111,0,120,112,0,112,232
06/03/2007,OLV,MS,ASO,CE,Federal Contract Tower,0,17,12,0,29,0,5,55,0,60,0,22,67,0,89,52,0,52,141
06/04/2007,OLV,MS,ASO,CE,Federal Contract Tower,0,30,7,0,37,0,2,73,0,75,0,32,80,0,112,106,0,106,218
06/05/2007,OLV,MS,ASO,CE,Federal Contract Tower,0,31,3,0,34,0,13,98,0,111,0,44,101,0,145,126,0,126,271
06/06/2007,OLV,MS,ASO,CE,Federal Contract Tower,0,15,9,0,24,0,11,78,0,89,0,26,87,0,113,84,0,84,197
06/07/2007,OLV,MS,ASO,CE,Federal Contract Tower,0,19,9,0,28,0,6,31,0,37,0,25,40,0,65,10,0,10,75
06/08/2007,OLV,MS,ASO,CE,Federal Contract Tower,0,11,12,0,23,0,0,22,0,22,0,11,34,0,45,30,0,30,75
06/09/2007,OLV,MS,ASO,CE,Federal Contract Tower,0,9,12,0,21,0,4,96,0,100,0,13,108,0,121,108,0,108,229
06/10/2007,OLV,MS,ASO,CE,Federal Contract Tower,0,41,10,1,52,0,7,101,1,109,0,48,111,2,161,204,10,214,375
06/11/2007,OLV,MS,ASO,CE,Federal Contract Tower,0,15,7,0,22,0,8,67,0,75,0,23,74,0,97,180,0,180,277
06/12/2007,OLV,MS,ASO,CE,Federal Contract Tower,0,25,8,0,33,0,9,79,2,90,0,34,87,2,123,90,8,98,221
06/13/2007,OLV,MS,ASO,CE,Federal Contract Tower,0,19,12,0,31,0,2,63,3,68,0,21,75,3,99,128,6,134,233
06/14/2007,OLV,MS,ASO,CE,Federal Contract Tower,0,22,12,2,36,0,7,62,1,70,0,29,74,3,106,102,16,118,224
06/15/2007,OLV,MS,ASO,CE,Federal Contract Tower,0,22,13,0,35,0,4,85,0,89,0,26,98,0,124,76,0,76,200
06/16/2007,OLV,MS,ASO,CE,Federal Contract Tower,0,4,8,0,12,0,1,93,2,96,0,5,101,2,108,144,0,144,252
06/17/2007,OLV,MS,ASO,CE,Federal Contract Tower,0,16,9,0,25,0,1,80,4,85,0,17,89,4,110,128,10,138,248
06/18/2007,OLV,MS,ASO,CE,Federal Contract Tower,0,10,4,0,14,0,9,28,0,37,0,19,32,0,51,32,0,32,83
06/19/2007,OLV,MS,ASO,CE,Federal Contract Tower,0,19,16,3,38,0,0,10,0,10,0,19,26,3,48,32,0,32,80
06/20/2007,OLV,MS,ASO,CE,Federal Contract Tower,0,10,16,0,26,0,1,82,4,87,0,11,98,4,113,92,0,92,205
06/21/2007,OLV,MS,ASO,CE,Federal Contract Tower,0,22,11,0,33,0,4,97,4,105,0,26,108,4,138,142,4,146,284
06/22/2007,OLV,MS,ASO,CE,Federal Contract Tower,0,12,9,1,22,0,10,88,6,104,0,22,97,7,126,92,10,102,228
06/23/2007,OLV,MS,ASO,CE,Federal Contract Tower,0,6,12,1,19,0,9,81,1,91,0,15,93,2,110,102,0,102,212
06/24/2007,OLV,MS,ASO,CE,Federal Contract Tower,0,14,21,0,35,0,6,68,0,74,0,20,89,0,109,120,0,120,229
06/25/2007,OLV,MS,ASO,CE,Federal Contract Tower,0,22,5,0,27,0,2,52,0,54,0,24,57,0,81,120,0,120,201
06/26/2007,OLV,MS,ASO,CE,Federal Contract Tower,0,21,13,0,34,0,3,35,0,38,0,24,48,0,72,36,0,36,108
06/27/2007,OLV,MS,ASO,CE,Federal Contract Tower,0,15,12,0,27,0,4,56,0,60,0,19,68,0,87,62,0,62,149
06/28/2007,OLV,MS,ASO,CE,Federal Contract Tower,0,16,3,0,19,0,6,65,2,73,0,22,68,2,92,110,0,110,202
06/29/2007,OLV,MS,ASO,CE,Federal Contract Tower,0,12,10,0,22,0,6,55,3,64,0,18,65,3,86,114,4,118,204
06/30/2007,OLV,MS,ASO,CE,Federal Contract Tower,0,10,4,0,14,0,10,76,2,88,0,20,80,2,102,110,4,114,216
07/01/2007,OLV,MS,ASO,CE,Federal Contract Tower,0,5,9,0,14,0,0,39,0,39,0,5,48,0,53,114,0,114,167
07/02/2007,OLV,MS,ASO,CE,Federal Contract Tower,0,14,11,0,25,0,4,53,3,60,0,18,64,3,85,98,10,108,193
07/03/2007,OLV,MS,ASO,CE,Federal Contract Tower,0,6,13,0,19,0,6,78,4,88,0,12,91,4,107,212,10,222,329
07/04/2007,OLV,MS,ASO,CE,Federal Contract Tower,0,6,7,0,13,0,4,67,4,75,0,10,74,4,88,140,24,164,252
07/05/2007,OLV,MS,ASO,CE,Federal Contract Tower,0,12,6,0,18,0,5,69,6,80,0,17,75,6,98,166,6,172,270
07/06/2007,OLV,MS,ASO,CE,Federal Contract Tower,0,10,12,0,22,0,10,53,0,63,0,20,65,0,85,66,0,66,151
07/07/2007,OLV,MS,ASO,CE,Federal Contract Tower,0,11,16,0,27,0,1,78,0,79,0,12,94,0,106,218,0,218,324
07/08/2007,OLV,MS,ASO,CE,Federal Contract Tower,0,15,10,0,25,0,3,62,2,67,0,18,72,2,92,166,6,172,264
07/09/2007,OLV,MS,ASO,CE,Federal Contract Tower,0,12,5,0,17,0,2,44,2,48,0,14,49,2,65,102,10,112,177
07/10/2007,OLV,MS,ASO,CE,Federal Contract Tower,0,16,6,0,22,0,3,14,0,17,0,19,20,0,39,8,0,8,47
07/11/2007,OLV,MS,ASO,CE,Federal Contract Tower,0,12,7,0,19,0,7,72,3,82,0,19,79,3,101,188,6,194,295
07/12/2007,OLV,MS,ASO,CE,Federal Contract Tower,0,12,14,0,26,0,10,88,0,98,0,22,102,0,124,102,2,104,228
07/13/2007,OLV,MS,ASO,CE,Federal Contract Tower,0,22,22,0,44,0,11,28,2,41,0,33,50,2,85,38,0,38,123
07/14/2007,OLV,MS,ASO,CE,Federal Contract Tower,0,8,6,0,14,0,3,75,0,78,0,11,81,0,92,156,0,156,248
07/15/2007,OLV,MS,ASO,CE,Federal Contract Tower,0,12,21,0,33,0,11,47,7,65,0,23,68,7,98,46,0,46,144
07/16/2007,OLV,MS,ASO,CE,Federal Contract Tower,0,10,20,0,30,0,2,39,0,41,0,12,59,0,71,60,0,60,131
07/17/2007,OLV,MS,ASO,CE,Federal Contract Tower,0,16,14,0,30,0,8,79,9,96,0,24,93,9,126,184,6,190,316
07/18/2007,OLV,MS,ASO,CE,Federal Contract Tower,0,16,10,0,26,0,2,45,0,47,0,18,55,0,73,62,2,64,137
07/19/2007,OLV,MS,ASO,CE,Federal Contract Tower,0,11,10,1,22,0,12,71,7,90,0,23,81,8,112,106,0,106,218
07/20/2007,OLV,MS,ASO,CE,Federal Contract Tower,0,20,13,0,33,0,5,42,0,47,0,25,55,0,80,80,0,80,160
07/21/2007,OLV,MS,ASO,CE,Federal Contract Tower,0,11,13,2,26,0,2,83,0,85,0,13,96,2,111,126,0,126,237
07/22/2007,OLV,MS,ASO,CE,Federal Contract Tower,0,10,17,0,27,0,3,61,0,64,0,13,78,0,91,60,0,60,151
07/23/2007,OLV,MS,ASO,CE,Federal Contract Tower,0,15,6,0,21,0,4,78,0,82,0,19,84,0,103,120,0,120,223
07/24/2007,OLV,MS,ASO,CE,Federal Contract Tower,0,22,12,0,34,0,1,46,0,47,0,23,58,0,81,52,0,52,133
07/25/2007,OLV,MS,ASO,CE,Federal Contract Tower,0,13,6,0,19,0,4,83,5,92,0,17,89,5,111,156,14,170,281
07/26/2007,OLV,MS,ASO,CE,Federal Contract Tower,0,13,12,0,25,0,4,63,0,67,0,17,75,0,92,88,0,88,180
07/27/2007,OLV,MS,ASO,CE,Federal Contract Tower,0,10,13,0,23,0,6,55,0,61,0,16,68,0,84,72,0,72,156
07/28/2007,OLV,MS,ASO,CE,Federal Contract Tower,0,3,13,1,17,0,1,69,0,70,0,4,82,1,87,116,0,116,203
07/29/2007,OLV,MS,ASO,CE,Federal Contract Tower,0,9,9,0,18,0,4,54,0,58,0,13,63,0,76,44,0,44,120
07/30/2007,OLV,MS,ASO,CE,Federal Contract Tower,0,25,5,0,30,0,4,63,0,67,0,29,68,0,97,134,0,134,231
07/31/2007,OLV,MS,ASO,CE,Federal Contract Tower,0,16,11,0,27,0,3,67,0,70,0,19,78,0,97,110,0,110,207
08/01/2007,OLV,MS,ASO,CE,Federal Contract Tower,0,14,15,0,29,0,3,61,0,64,0,17,76,0,93,76,0,76,169
08/02/2007,OLV,MS,ASO,CE,Federal Contract Tower,0,17,11,0,28,0,3,32,3,38,0,20,43,3,66,56,0,56,122
08/03/2007,OLV,MS,ASO,CE,Federal Contract Tower,0,11,10,0,21,0,5,81,4,90,0,16,91,4,111,106,0,106,217
08/04/2007,OLV,MS,ASO,CE,Federal Contract Tower,0,3,7,2,12,0,1,99,0,100,0,4,106,2,112,194,0,194,306
08/05/2007,OLV,MS,ASO,CE,Federal Contract Tower,0,9,17,0,26,0,9,55,0,64,0,18,72,0,90,68,0,68,158
08/06/2007,OLV,MS,ASO,CE,Federal Contract Tower,0,10,8,0,18,0,8,65,0,73,0,18,73,0,91,80,0,80,171
08/07/2007,OLV,MS,ASO,CE,Federal Contract Tower,0,19,10,0,29,0,4,68,0,72,0,23,78,0,101,106,0,106,207
08/08/2007,OLV,MS,ASO,CE,Federal Contract Tower,0,13,10,0,23,0,6,77,3,86,0,19,87,3,109,106,0,106,215
08/09/2007,OLV,MS,ASO,CE,Federal Contract Tower,0,14,10,0,24,0,5,99,0,104,0,19,109,0,128,142,0,142,270
08/10/2007,OLV,MS,ASO,CE,Federal Contract Tower,0,13,13,0,26,0,2,68,0,70,0,15,81,0,96,122,0,122,218
08/11/2007,OLV,MS,ASO,CE,Federal Contract Tower,0,9,6,0,15,0,5,82,0,87,0,14,88,0,102,128,0,128,230
08/12/2007,OLV,MS,ASO,CE,Federal Contract Tower,0,13,14,0,27,0,1,50,5,56,0,14,64,5,83,34,2,36,119
08/13/2007,OLV,MS,ASO,CE,Federal Contract Tower,0,7,9,0,16,0,6,56,2,64,0,13,65,2,80,96,6,102,182
08/14/2007,OLV,MS,ASO,CE,Federal Contract Tower,0,13,17,0,30,0,10,76,2,88,0,23,93,2,118,124,0,124,242
08/15/2007,OLV,MS,ASO,CE,Federal Contract Tower,0,14,15,0,29,0,3,56,2,61,0,17,71,2,90,70,0,70,160
08/16/2007,OLV,MS,ASO,CE,Federal Contract Tower,0,18,11,0,29,0,6,48,0,54,0,24,59,0,83,122,0,122,205
08/17/2007,OLV,MS,ASO,CE,Federal Contract Tower,0,13,14,0,27,0,5,40,0,45,0,18,54,0,72,54,0,54,126
08/18/2007,OLV,MS,ASO,CE,Federal Contract Tower,0,10,6,1,17,0,1,39,5,45,0,11,45,6,62,44,6,50,112
08/19/2007,OLV,MS,ASO,CE,Federal Contract Tower,0,7,6,0,13,0,3,48,2,53,0,10,54,2,66,76,2,78,144
08/20/2007,OLV,MS,ASO,CE,Federal Contract Tower,0,15,13,0,28,0,10,60,2,72,0,25,73,2,100,78,0,78,178
08/21/2007,OLV,MS,ASO,CE,Federal Contract Tower,0,13,14,0,27,0,5,74,2,81,0,18,88,2,108,100,0,100,208
08/22/2007,OLV,MS,ASO,CE,Federal Contract Tower,0,17,9,0,26,0,10,51,0,61,0,27,60,0,87,88,0,88,175
08/23/2007,OLV,MS,ASO,CE,Federal Contract Tower,0,18,9,0,27,0,7,63,0,70,0,25,72,0,97,104,0,104,201
08/24/2007,OLV,MS,ASO,CE,Federal Contract Tower,0,11,12,1,24,0,2,81,5,88,0,13,93,6,112,102,12,114,226
08/25/2007,OLV,MS,ASO,CE,Federal Contract Tower,0,4,9,1,14,0,0,59,3,62,0,4,68,4,76,70,0,70,146
08/26/2007,OLV,MS,ASO,CE,Federal Contract Tower,0,5,6,0,11,0,0,46,5,51,0,5,52,5,62,38,0,38,100
08/27/2007,OLV,MS,ASO,CE,Federal Contract Tower,0,6,3,2,11,0,3,54,0,57,0,9,57,2,68,92,0,92,160
08/28/2007,OLV,MS,ASO,CE,Federal Contract Tower,0,19,20,0,39,0,3,52,0,55,0,22,72,0,94,72,0,72,166
08/29/2007,OLV,MS,ASO,CE,Federal Contract Tower,0,14,9,0,23,0,0,30,0,30,0,14,39,0,53,48,0,48,101
08/30/2007,OLV,MS,ASO,CE,Federal Contract Tower,0,19,11,0,30,0,3,54,0,57,0,22,65,0,87,116,0,116,203
08/31/2007,OLV,MS,ASO,CE,Federal Contract Tower,0,19,11,0,30,0,0,69,0,69,0,19,80,0,99,56,0,56,155
09/01/2007,OLV,MS,ASO,CE,Federal Contract Tower,0,1,11,0,12,0,4,57,0,61,0,5,68,0,73,86,0,86,159
09/02/2007,OLV,MS,ASO,CE,Federal Contract Tower,0,4,8,0,12,0,0,43,0,43,0,4,51,0,55,104,0,104,159
09/03/2007,OLV,MS,ASO,CE,Federal Contract Tower,0,11,11,0,22,0,0,55,0,55,0,11,66,0,77,106,0,106,183
09/04/2007,OLV,MS,ASO,CE,Federal Contract Tower,0,19,12,0,31,0,5,41,4,50,0,24,53,4,81,40,10,50,131
09/05/2007,OLV,MS,ASO,CE,Federal Contract Tower,0,5,7,0,12,0,0,33,0,33,0,5,40,0,45,24,0,24,69
09/06/2007,OLV,MS,ASO,CE,Federal Contract Tower,0,14,10,0,24,0,1,34,0,35,0,15,44,0,59,50,0,50,109
09/07/2007,OLV,MS,ASO,CE,Federal Contract Tower,0,16,15,0,31,0,1,44,3,48,0,17,59,3,79,68,0,68,147
09/08/2007,OLV,MS,ASO,CE,Federal Contract Tower,0,5,8,3,16,0,4,66,2,72,0,9,74,5,88,142,10,152,240
09/09/2007,OLV,MS,ASO,CE,Federal Contract Tower,0,7,12,4,23,0,0,6,0,6,0,7,18,4,29,0,12,12,41
09/10/2007,OLV,MS,ASO,CE,Federal Contract Tower,0,11,6,0,17,0,1,14,0,15,0,12,20,0,32,34,0,34,66
09/11/2007,OLV,MS,ASO,CE,Federal Contract Tower,0,21,8,1,30,0,3,21,0,24,0,24,29,1,54,16,0,16,70
09/12/2007,OLV,MS,ASO,CE,Federal Contract Tower,0,17,13,0,30,0,5,50,6,61,0,22,63,6,91,34,0,34,125
09/13/2007,OLV,MS,ASO,CE,Federal Contract Tower,0,18,3,0,21,0,9,39,0,48,0,27,42,0,69,58,0,58,127
09/14/2007,OLV,MS,ASO,CE,Federal Contract Tower,0,12,5,0,17,0,0,54,0,54,0,12,59,0,71,44,0,44,115
09/15/2007,OLV,MS,ASO,CE,Federal Contract Tower,0,3,10,0,13,0,7,106,3,116,0,10,116,3,129,174,6,180,309
09/16/2007,OLV,MS,ASO,CE,Federal Contract Tower,0,17,8,3,28,0,7,79,4,90,0,24,87,7,118,128,0,128,246
09/17/2007,OLV,MS,ASO,CE,Federal Contract Tower,0,20,9,2,31,0,7,45,0,52,0,27,54,2,83,48,0,48,131
09/18/2007,OLV,MS,ASO,CE,Federal Contract Tower,0,26,20,0,46,0,4,66,4,74,0,30,86,4,120,100,8,108,228
09/19/2007,OLV,MS,ASO,CE,Federal Contract Tower,0,13,19,0,32,0,5,55,0,60,0,18,74,0,92,60,0,60,152
09/20/2007,OLV,MS,ASO,CE,Federal Contract Tower,0,6,19,0,25,0,2,45,0,47,0,8,64,0,72,58,0,58,130
09/21/2007,OLV,MS,ASO,CE,Federal Contract Tower,0,14,15,0,29,0,4,80,0,84,0,18,95,0,113,40,0,40,153
09/22/2007,OLV,MS,ASO,CE,Federal Contract Tower,0,9,9,0,18,0,0,55,1,56,0,9,64,1,74,106,0,106,180
09/23/2007,OLV,MS,ASO,CE,Federal Contract Tower,0,11,11,0,22,0,5,51,0,56,0,16,62,0,78,88,0,88,166
09/24/2007,OLV,MS,ASO,CE,Federal Contract Tower,0,14,7,0,21,0,3,48,2,53,0,17,55,2,74,62,0,62,136
09/25/2007,OLV,MS,ASO,CE,Federal Contract Tower,0,10,8,0,18,0,7,35,1,43,0,17,43,1,61,54,0,54,115
09/26/2007,OLV,MS,ASO,CE,Federal Contract Tower,0,23,3,0,26,0,2,32,0,34,0,25,35,0,60,74,0,74,134
09/27/2007,OLV,MS,ASO,CE,Federal Contract Tower,0,19,17,0,36,0,2,48,2,52,0,21,65,2,88,96,2,98,186
09/28/2007,OLV,MS,ASO,CE,Federal Contract Tower,0,15,21,1,37,0,5,49,0,54,0,20,70,1,91,70,0,70,161
09/29/2007,OLV,MS,ASO,CE,Federal Contract Tower,0,8,5,0,13,0,4,99,2,105,0,12,104,2,118,112,0,112,230
09/30/2007,OLV,MS,ASO,CE,Federal Contract Tower,0,8,14,2,24,0,10,90,2,102,0,18,104,4,126,94,0,94,220
10/01/2007,OLV,MS,ASO,CE,Federal Contract Tower,0,10,7,0,17,0,4,40,0,44,0,14,47,0,61,82,0,82,143
10/02/2007,OLV,MS,ASO,CE,Federal Contract Tower,0,16,14,1,31,0,6,67,3,76,0,22,81,4,107,144,14,158,265
10/03/2007,OLV,MS,ASO,CE,Federal Contract Tower,0,3,22,0,25,0,0,67,1,68,0,3,89,1,93,114,0,114,207
10/04/2007,OLV,MS,ASO,CE,Federal Contract Tower,0,10,17,0,27,0,4,57,3,64,0,14,74,3,91,66,8,74,165
10/05/2007,OLV,MS,ASO,CE,Federal Contract Tower,0,9,19,0,28,0,3,42,0,45,0,12,61,0,73,28,0,28,101
10/06/2007,OLV,MS,ASO,CE,Federal Contract Tower,0,8,13,0,21,0,4,80,7,91,0,12,93,7,112,90,14,104,216
10/07/2007,OLV,MS,ASO,CE,Federal Contract Tower,0,15,16,0,31,0,2,53,2,57,0,17,69,2,88,72,0,72,160
10/08/2007,OLV,MS,ASO,CE,Federal Contract Tower,0,15,10,0,25,0,8,43,0,51,0,23,53,0,76,64,0,64,140
10/09/2007,OLV,MS,ASO,CE,Federal Contract Tower,0,24,10,0,34,0,5,27,0,32,0,29,37,0,66,14,0,14,80
10/10/2007,OLV,MS,ASO,CE,Federal Contract Tower,0,17,25,0,42,0,4,72,2,78,0,21,97,2,120,156,6,162,282
10/11/2007,OLV,MS,ASO,CE,Federal Contract Tower,0,13,14,0,27,0,0,89,0,89,0,13,103,0,116,98,0,98,214
10/12/2007,OLV,MS,ASO,CE,Federal Contract Tower,0,12,18,0,30,0,3,88,5,96,0,15,106,5,126,176,0,176,302
10/13/2007,OLV,MS,ASO,CE,Federal Contract Tower,0,6,6,3,15,0,2,110,1,113,0,8,116,4,128,126,0,126,254
10/14/2007,OLV,MS,ASO,CE,Federal Contract Tower,0,14,9,0,23,0,2,58,2,62,0,16,67,2,85,88,0,88,173
10/15/2007,OLV,MS,ASO,CE,Federal Contract Tower,0,15,3,0,18,0,3,22,2,27,0,18,25,2,45,4,16,20,65
10/16/2007,OLV,MS,ASO,CE,Federal Contract Tower,0,17,11,2,30,0,0,27,2,29,0,17,38,4,59,66,20,86,145
10/17/2007,OLV,MS,ASO,CE,Federal Contract Tower,0,10,24,0,34,0,5,9,0,14,0,15,33,0,48,0,0,0,48
10/18/2007,OLV,MS,ASO,CE,Federal Contract Tower,0,9,8,0,17,0,5,9,0,14,0,14,17,0,31,2,0,2,33
10/19/2007,OLV,MS,ASO,CE,Federal Contract Tower,0,11,12,0,23,0,2,55,0,57,0,13,67,0,80,60,0,60,140
10/20/2007,OLV,MS,ASO,CE,Federal Contract Tower,0,5,20,0,25,0,11,95,2,108,0,16,115,2,133,218,2,220,353
10/21/2007,OLV,MS,ASO,CE,Federal Contract Tower,0,15,6,0,21,0,0,72,2,74,0,15,78,2,95,100,12,112,207
10/22/2007,OLV,MS,ASO,CE,Federal Contract Tower,0,9,5,0,14,0,0,0,0,0,0,9,5,0,14,0,0,0,14
10/23/2007,OLV,MS,ASO,CE,Federal Contract Tower,0,16,7,0,23,0,0,0,0,0,0,16,7,0,23,0,0,0,23
10/24/2007,OLV,MS,ASO,CE,Federal Contract Tower,0,19,3,0,22,0,0,0,0,0,0,19,3,0,22,0,0,0,22
10/25/2007,OLV,MS,ASO,CE,Federal Contract Tower,0,14,13,0,27,0,4,0,0,4,0,18,13,0,31,12,0,12,43
10/26/2007,OLV,MS,ASO,CE,Federal Contract Tower,0,10,16,0,26,0,0,12,0,12,0,10,28,0,38,0,0,0,38
10/27/2007,OLV,MS,ASO,CE,Federal Contract Tower,0,7,6,1,14,0,5,88,1,94,0,12,94,2,108,180,0,180,288
10/28/2007,OLV,MS,ASO,CE,Federal Contract Tower,0,21,12,1,34,0,1,45,1,47,0,22,57,2,81,98,0,98,179
10/29/2007,OLV,MS,ASO,CE,Federal Contract Tower,0,18,7,1,26,0,12,57,1,70,0,30,64,2,96,86,0,86,182
10/30/2007,OLV,MS,ASO,CE,Federal Contract Tower,0,11,14,0,25,0,3,67,0,70,0,14,81,0,95,68,0,68,163
10/31/2007,OLV,MS,ASO,CE,Federal Contract Tower,0,12,9,0,21,0,2,38,2,42,0,14,47,2,63,48,0,48,111
11/01/2007,OLV,MS,ASO,CE,Federal Contract Tower,0,19,6,0,25,0,6,35,4,45,0,25,41,4,70,24,6,30,100
11/02/2007,OLV,MS,ASO,CE,Federal Contract Tower,0,20,15,0,35,0,0,67,2,69,0,20,82,2,104,94,14,108,212
11/03/2007,OLV,MS,ASO,CE,Federal Contract Tower,0,10,6,2,18,0,1,100,0,101,0,11,106,2,119,150,0,150,269
11/04/2007,OLV,MS,ASO,CE,Federal Contract Tower,0,15,17,0,32,0,4,62,0,66,0,19,79,0,98,54,0,54,152
11/05/2007,OLV,MS,ASO,CE,Federal Contract Tower,0,16,3,0,19,0,1,25,0,26,0,17,28,0,45,4,0,4,49
11/06/2007,OLV,MS,ASO,CE,Federal Contract Tower,0,17,8,0,25,0,5,45,0,50,0,22,53,0,75,12,6,18,93
11/07/2007,OLV,MS,ASO,CE,Federal Contract Tower,0,19,8,0,27,0,7,45,0,52,0,26,53,0,79,92,0,92,171
11/08/2007,OLV,MS,ASO,CE,Federal Contract Tower,0,22,9,0,31,0,5,34,3,42,0,27,43,3,73,100,0,100,173
11/09/2007,OLV,MS,ASO,CE,Federal Contract Tower,0,13,13,0,26,0,2,72,1,75,0,15,85,1,101,100,0,100,201
11/10/2007,OLV,MS,ASO,CE,Federal Contract Tower,0,6,8,0,14,0,3,106,4,113,0,9,114,4,127,132,6,138,265
11/11/2007,OLV,MS,ASO,CE,Federal Contract Tower,0,7,11,2,20,0,0,68,0,68,0,7,79,2,88,132,0,132,220
11/12/2007,OLV,MS,ASO,CE,Federal Contract Tower,0,24,16,0,40,0,3,36,2,41,0,27,52,2,81,86,2,88,169
11/13/2007,OLV,MS,ASO,CE,Federal Contract Tower,0,18,12,0,30,0,0,11,0,11,0,18,23,0,41,6,0,6,47
11/14/2007,OLV,MS,ASO,CE,Federal Contract Tower,0,26,5,0,31,0,4,17,0,21,0,30,22,0,52,12,0,12,64
11/15/2007,OLV,MS,ASO,CE,Federal Contract Tower,0,17,9,0,26,0,9,34,0,43,0,26,43,0,69,62,0,62,131
11/16/2007,OLV,MS,ASO,CE,Federal Contract Tower,0,17,17,0,34,0,2,75,1,78,0,19,92,1,112,100,0,100,212
11/17/2007,OLV,MS,ASO,CE,Federal Contract Tower,0,15,17,0,32,0,0,104,0,104,0,15,121,0,136,166,0,166,302
11/18/2007,OLV,MS,ASO,CE,Federal Contract Tower,0,13,11,0,24,0,4,34,1,39,0,17,45,1,63,152,0,152,215
11/19/2007,OLV,MS,ASO,CE,Federal Contract Tower,0,12,21,0,33,0,5,48,2,55,0,17,69,2,88,72,16,88,176
11/20/2007,OLV,MS,ASO,CE,Federal Contract Tower,0,30,20,0,50,0,1,58,0,59,0,31,78,0,109,58,0,58,167
11/21/2007,OLV,MS,ASO,CE,Federal Contract Tower,0,15,7,0,22,0,0,0,0,0,0,15,7,0,22,0,0,0,22
11/22/2007,OLV,MS,ASO,CE,Federal Contract Tower,0,1,8,0,9,0,0,12,0,12,0,1,20,0,21,18,0,18,39
11/23/2007,OLV,MS,ASO,CE,Federal Contract Tower,0,7,13,0,20,0,1,56,2,59,0,8,69,2,79,124,0,124,203
11/24/2007,OLV,MS,ASO,CE,Federal Contract Tower,0,3,2,0,5,0,1,42,11,54,0,4,44,11,59,94,16,110,169
11/25/2007,OLV,MS,ASO,CE,Federal Contract Tower,0,8,4,0,12,0,0,0,0,0,0,8,4,0,12,0,0,0,12
11/26/2007,OLV,MS,ASO,CE,Federal Contract Tower,0,14,14,0,28,0,0,2,0,2,0,14,16,0,30,0,0,0,30
11/27/2007,OLV,MS,ASO,CE,Federal Contract Tower,0,21,13,0,34,0,5,66,2,73,0,26,79,2,107,116,0,116,223
11/28/2007,OLV,MS,ASO,CE,Federal Contract Tower,0,22,12,2,36,0,1,45,2,48,0,23,57,4,84,54,4,58,142
11/29/2007,OLV,MS,ASO,CE,Federal Contract Tower,0,14,11,0,25,0,6,53,2,61,0,20,64,2,86,64,18,82,168
11/30/2007,OLV,MS,ASO,CE,Federal Contract Tower,0,24,15,0,39,0,1,61,0,62,0,25,76,0,101,74,0,74,175
12/01/2007,OLV,MS,ASO,CE,Federal Contract Tower,0,6,15,0,21,0,2,84,4,90,0,8,99,4,111,128,10,138,249
12/02/2007,OLV,MS,ASO,CE,Federal Contract Tower,0,12,6,0,18,0,0,0,0,0,0,12,6,0,18,0,0,0,18
12/03/2007,OLV,MS,ASO,CE,Federal Contract Tower,0,14,6,0,20,0,6,32,5,43,0,20,38,5,63,36,10,46,109
12/04/2007,OLV,MS,ASO,CE,Federal Contract Tower,0,24,5,0,29,0,9,37,0,46,0,33,42,0,75,62,0,62,137
12/05/2007,OLV,MS,ASO,CE,Federal Contract Tower,0,21,4,0,25,0,3,47,0,50,0,24,51,0,75,0,0,0,75
12/06/2007,OLV,MS,ASO,CE,Federal Contract Tower,0,12,11,0,23,0,1,40,0,41,0,13,51,0,64,10,0,10,74
12/07/2007,OLV,MS,ASO,CE,Federal Contract Tower,0,20,7,0,27,0,1,8,0,9,0,21,15,0,36,40,0,40,76
12/08/2007,OLV,MS,ASO,CE,Federal Contract Tower,0,5,15,1,21,0,0,32,0,32,0,5,47,1,53,2,0,2,55
12/09/2007,OLV,MS,ASO,CE,Federal Contract Tower,0,9,14,0,23,0,15,11,0,26,0,24,25,0,49,22,0,22,71
12/10/2007,OLV,MS,ASO,CE,Federal Contract Tower,0,6,2,0,8,0,0,0,0,0,0,6,2,0,8,0,0,0,8
12/11/2007,OLV,MS,ASO,CE,Federal Contract Tower,0,32,4,0,36,0,9,49,0,58,0,41,53,0,94,76,0,76,170
12/12/2007,OLV,MS,ASO,CE,Federal Contract Tower,0,7,5,0,12,0,1,1,0,2,0,8,6,0,14,0,0,0,14
12/13/2007,OLV,MS,ASO,CE,Federal Contract Tower,0,16,7,0,23,0,1,2,0,3,0,17,9,0,26,0,0,0,26
12/14/2007,OLV,MS,ASO,CE,Federal Contract Tower,0,19,18,0,37,0,4,36,0,40,0,23,54,0,77,84,0,84,161
12/15/2007,OLV,MS,ASO,CE,Federal Contract Tower,0,4,4,0,8,0,0,0,0,0,0,4,4,0,8,0,0,0,8
12/16/2007,OLV,MS,ASO,CE,Federal Contract Tower,0,7,11,0,18,0,2,49,0,51,0,9,60,0,69,114,0,114,183
12/17/2007,OLV,MS,ASO,CE,Federal Contract Tower,0,13,7,0,20,0,2,41,0,43,0,15,48,0,63,70,0,70,133
12/18/2007,OLV,MS,ASO,CE,Federal Contract Tower,0,21,5,0,26,0,2,39,0,41,0,23,44,0,67,64,0,64,131
12/19/2007,OLV,MS,ASO,CE,Federal Contract Tower,0,21,12,0,33,0,2,47,0,49,0,23,59,0,82,118,0,118,200
12/20/2007,OLV,MS,ASO,CE,Federal Contract Tower,0,8,10,0,18,0,2,10,0,12,0,10,20,0,30,8,0,8,38
12/21/2007,OLV,MS,ASO,CE,Federal Contract Tower,0,27,23,0,50,0,3,19,0,22,0,30,42,0,72,90,0,90,162
12/22/2007,OLV,MS,ASO,CE,Federal Contract Tower,0,4,8,0,12,0,1,11,3,15,0,5,19,3,27,10,4,14,41
12/23/2007,OLV,MS,ASO,CE,Federal Contract Tower,0,7,9,0,16,0,3,39,2,44,0,10,48,2,60,100,0,100,160
12/24/2007,OLV,MS,ASO,CE,Federal Contract Tower,0,7,10,0,17,0,6,57,0,63,0,13,67,0,80,74,0,74,154
12/25/2007,OLV,MS,ASO,CE,Federal Contract Tower,0,2,5,1,8,0,3,30,0,33,0,5,35,1,41,0,0,0,41
12/26/2007,OLV,MS,ASO,CE,Federal Contract Tower,0,9,14,0,23,0,0,40,0,40,0,9,54,0,63,28,0,28,91
12/27/2007,OLV,MS,ASO,CE,Federal Contract Tower,0,16,5,0,21,0,0,0,0,0,0,16,5,0,21,0,0,0,21
12/28/2007,OLV,MS,ASO,CE,Federal Contract Tower,0,7,4,0,11,0,2,9,2,13,0,9,13,2,24,2,24,26,50
12/29/2007,OLV,MS,ASO,CE,Federal Contract Tower,0,12,22,0,34,0,1,102,0,103,0,13,124,0,137,124,0,124,261
12/30/2007,OLV,MS,ASO,CE,Federal Contract Tower,0,6,5,0,11,0,1,76,2,79,0,7,81,2,90,112,8,120,210
12/31/2007,OLV,MS,ASO,CE,Federal Contract Tower,0,2,4,0,6,0,3,29,2,34,0,5,33,2,40,6,2,8,48
01/01/2008,OLV,MS,ASO,CE,Federal Contract Tower,0,5,3,0,8,0,0,14,0,14,0,5,17,0,22,0,0,0,22
01/02/2008,OLV,MS,ASO,CE,Federal Contract Tower,0,13,6,0,19,0,4,55,0,59,0,17,61,0,78,54,0,54,132
01/03/2008,OLV,MS,ASO,CE,Federal Contract Tower,0,12,10,0,22,0,2,43,4,49,0,14,53,4,71,40,6,46,117
01/04/2008,OLV,MS,ASO,CE,Federal Contract Tower,0,16,12,0,28,0,8,50,1,59,0,24,62,1,87,64,0,64,151
01/05/2008,OLV,MS,ASO,CE,Federal Contract Tower,0,5,6,2,13,0,0,2,0,2,0,5,8,2,15,8,0,8,23
01/06/2008,OLV,MS,ASO,CE,Federal Contract Tower,0,5,8,0,13,0,1,2,0,3,0,6,10,0,16,0,0,0,16
01/07/2008,OLV,MS,ASO,CE,Federal Contract Tower,0,18,11,0,29,0,0,17,0,17,0,18,28,0,46,32,0,32,78
01/08/2008,OLV,MS,ASO,CE,Federal Contract Tower,0,12,2,0,14,0,0,7,0,7,0,12,9,0,21,0,0,0,21
01/09/2008,OLV,MS,ASO,CE,Federal Contract Tower,0,12,5,0,17,0,2,76,0,78,0,14,81,0,95,118,0,118,213
01/10/2008,OLV,MS,ASO,CE,Federal Contract Tower,0,8,4,0,12,0,2,1,0,3,0,10,5,0,15,10,0,10,25
01/11/2008,OLV,MS,ASO,CE,Federal Contract Tower,0,10,12,1,23,0,7,56,3,66,0,17,68,4,89,114,22,136,225
01/12/2008,OLV,MS,ASO,CE,Federal Contract Tower,0,10,13,0,23,0,1,102,0,103,0,11,115,0,126,178,0,178,304
01/13/2008,OLV,MS,ASO,CE,Federal Contract Tower,0,7,7,0,14,0,1,30,2,33,0,8,37,2,47,86,0,86,133
01/14/2008,OLV,MS,ASO,CE,Federal Contract Tower,0,11,7,0,18,0,4,49,0,53,0,15,56,0,71,98,0,98,169
01/15/2008,OLV,MS,ASO,CE,Federal Contract Tower,0,21,9,0,30,0,3,75,0,78,0,24,84,0,108,54,0,54,162
01/16/2008,OLV,MS,ASO,CE,Federal Contract Tower,0,15,8,0,23,0,1,24,2,27,0,16,32,2,50,44,6,50,100
01/17/2008,OLV,MS,ASO,CE,Federal Contract Tower,0,19,3,0,22,0,0,3,0,3,0,19,6,0,25,0,0,0,25
01/18/2008,OLV,MS,ASO,CE,Federal Contract Tower,0,12,9,1,22,0,1,62,1,64,0,13,71,2,86,64,0,64,150
01/19/2008,OLV,MS,ASO,CE,Federal Contract Tower,0,5,2,0,7,0,5,49,8,62,0,10,51,8,69,92,10,102,171
01/20/2008,OLV,MS,ASO,CE,Federal Contract Tower,0,8,6,4,18,0,4,30,4,38,0,12,36,8,56,24,8,32,88
01/21/2008,OLV,MS,ASO,CE,Federal Contract Tower,0,15,2,0,17,0,1,25,2,28,0,16,27,2,45,50,0,50,95
01/22/2008,OLV,MS,ASO,CE,Federal Contract Tower,0,14,7,0,21,0,0,0,0,0,0,14,7,0,21,0,0,0,21
01/23/2008,OLV,MS,ASO,CE,Federal Contract Tower,0,8,7,0,15,0,2,3,0,5,0,10,10,0,20,24,0,24,44
01/24/2008,OLV,MS,ASO,CE,Federal Contract Tower,0,11,8,0,19,0,3,51,2,56,0,14,59,2,75,60,22,82,157
01/25/2008,OLV,MS,ASO,CE,Federal Contract Tower,0,13,4,0,17,0,0,18,0,18,0,13,22,0,35,12,0,12,47
01/26/2008,OLV,MS,ASO,CE,Federal Contract Tower,0,4,2,0,6,0,0,0,2,2,0,4,2,2,8,0,44,44,52
01/27/2008,OLV,MS,ASO,CE,Federal Contract Tower,0,11,10,4,25,0,1,30,4,35,0,12,40,8,60,54,20,74,134
01/28/2008,OLV,MS,ASO,CE,Federal Contract Tower,0,4,1,0,5,0,5,34,1,40,0,9,35,1,45,30,4,34,79
01/29/2008,OLV,MS,ASO,CE,Federal Contract Tower,0,10,2,0,12,0,0,0,0,0,0,10,2,0,12,0,0,0,12
01/30/2008,OLV,MS,ASO,CE,Federal Contract Tower,0,18,10,0,28,0,1,49,0,50,0,19,59,0,78,68,0,68,146
01/31/2008,OLV,MS,ASO,CE,Federal Contract Tower,0,7,0,2,9,0,0,0,0,0,0,7,0,2,9,0,0,0,9
02/01/2008,OLV,MS,ASO,CE,Federal Contract Tower,0,10,6,0,16,0,0,27,0,27,0,10,33,0,43,38,0,38,81
02/02/2008,OLV,MS,ASO,CE,Federal Contract Tower,0,7,15,3,25,0,2,103,4,109,0,9,118,7,134,178,0,178,312
02/03/2008,OLV,MS,ASO,CE,Federal Contract Tower,0,13,4,0,17,0,1,1,0,2,0,14,5,0,19,0,0,0,19
02/04/2008,OLV,MS,ASO,CE,Federal Contract Tower,0,13,0,0,13,0,3,4,0,7,0,16,4,0,20,6,0,6,26
02/05/2008,OLV,MS,ASO,CE,Federal Contract Tower,0,10,3,0,13,0,3,2,0,5,0,13,5,0,18,0,0,0,18
02/06/2008,OLV,MS,ASO,CE,Federal Contract Tower,0,17,6,0,23,0,12,2,0,14,0,29,8,0,37,0,0,0,37
02/07/2008,OLV,MS,ASO,CE,Federal Contract Tower,0,17,13,0,30,0,0,61,7,68,0,17,74,7,98,42,0,42,140
02/08/2008,OLV,MS,ASO,CE,Federal Contract Tower,0,13,14,0,27,0,4,64,5,73,0,17,78,5,100,102,10,112,212
02/09/2008,OLV,MS,ASO,CE,Federal Contract Tower,0,5,10,0,15,0,1,106,0,107,0,6,116,0,122,180,0,180,302
02/10/2008,OLV,MS,ASO,CE,Federal Contract Tower,0,13,7,0,20,0,3,67,5,75,0,16,74,5,95,140,0,140,235
02/11/2008,OLV,MS,ASO,CE,Federal Contract Tower,0,14,7,0,21,0,4,34,0,38,0,18,41,0,59,42,0,42,101
02/12/2008,OLV,MS,ASO,CE,Federal Contract Tower,0,13,2,0,15,0,0,0,0,0,0,13,2,0,15,0,0,0,15
02/13/2008,OLV,MS,ASO,CE,Federal Contract Tower,0,13,9,0,22,0,1,34,0,35,0,14,43,0,57,64,0,64,121
02/14/2008,OLV,MS,ASO,CE,Federal Contract Tower,0,9,13,0,22,0,2,73,0,75,0,11,86,0,97,108,0,108,205
02/15/2008,OLV,MS,ASO,CE,Federal Contract Tower,0,12,4,1,17,0,5,19,1,25,0,17,23,2,42,82,0,82,124
02/16/2008,OLV,MS,ASO,CE,Federal Contract Tower,0,8,4,0,12,0,4,55,0,59,0,12,59,0,71,136,0,136,207
02/17/2008,OLV,MS,ASO,CE,Federal Contract Tower,0,4,1,0,5,0,0,2,0,2,0,4,3,0,7,0,0,0,7
02/18/2008,OLV,MS,ASO,CE,Federal Contract Tower,0,13,4,0,17,0,4,30,2,36,0,17,34,2,53,6,0,6,59
02/19/2008,OLV,MS,ASO,CE,Federal Contract Tower,0,16,16,0,32,0,3,71,0,74,0,19,87,0,106,92,10,102,208
02/20/2008,OLV,MS,ASO,CE,Federal Contract Tower,0,13,10,1,24,0,1,37,1,39,0,14,47,2,63,54,0,54,117
02/21/2008,OLV,MS,ASO,CE,Federal Contract Tower,0,7,2,0,9,0,1,8,0,9,0,8,10,0,18,2,0,2,20
02/22/2008,OLV,MS,ASO,CE,Federal Contract Tower,0,9,1,0,10,0,0,0,0,0,0,9,1,0,10,0,0,0,10
02/23/2008,OLV,MS,ASO,CE,Federal Contract Tower,0,6,10,0,16,0,2,52,0,54,0,8,62,0,70,162,0,162,232
02/24/2008,OLV,MS,ASO,CE,Federal Contract Tower,0,14,17,0,31,0,0,37,2,39,0,14,54,2,70,92,0,92,162
02/25/2008,OLV,MS,ASO,CE,Federal Contract Tower,0,8,7,0,15,0,3,29,2,34,0,11,36,2,49,30,12,42,91
02/26/2008,OLV,MS,ASO,CE,Federal Contract Tower,0,18,4,0,22,0,5,3,0,8,0,23,7,0,30,0,0,0,30
02/27/2008,OLV,MS,ASO,CE,Federal Contract Tower,0,14,6,1,21,0,1,44,1,46,0,15,50,2,67,68,0,68,135
02/28/2008,OLV,MS,ASO,CE,Federal Contract Tower,0,26,8,0,34,0,5,45,2,52,0,31,53,2,86,56,0,56,142
02/29/2008,OLV,MS,ASO,CE,Federal Contract Tower,0,16,6,0,22,0,0,12,0,12,0,16,18,0,34,48,0,48,82
03/01/2008,OLV,MS,ASO,CE,Federal Contract Tower,0,2,12,0,14,0,1,109,1,111,0,3,121,1,125,130,4,134,259
03/02/2008,OLV,MS,ASO,CE,Federal Contract Tower,0,12,4,0,16,0,1,40,2,43,0,13,44,2,59,38,0,38,97
03/03/2008,OLV,MS,ASO,CE,Federal Contract Tower,0,8,1,0,9,0,0,0,0,0,0,8,1,0,9,0,0,0,9
03/04/2008,OLV,MS,ASO,CE,Federal Contract Tower,0,11,0,0,11,0,0,4,2,6,0,11,4,2,17,0,0,0,17
03/05/2008,OLV,MS,ASO,CE,Federal Contract Tower,0,17,12,2,31,0,10,59,0,69,0,27,71,2,100,132,0,132,232
03/06/2008,OLV,MS,ASO,CE,Federal Contract Tower,0,9,13,0,22,0,1,49,0,50,0,10,62,0,72,44,0,44,116
03/07/2008,OLV,MS,ASO,CE,Federal Contract Tower,0,9,0,0,9,0,2,0,0,2,0,11,0,0,11,0,0,0,11
03/08/2008,OLV,MS,ASO,CE,Federal Contract Tower,0,6,7,0,13,0,2,17,0,19,0,8,24,0,32,72,0,72,104
03/09/2008,OLV,MS,ASO,CE,Federal Contract Tower,0,5,13,1,19,0,1,46,3,50,0,6,59,4,69,90,0,90,159
03/10/2008,OLV,MS,ASO,CE,Federal Contract Tower,0,4,8,1,13,0,2,34,1,37,0,6,42,2,50,16,0,16,66
03/11/2008,OLV,MS,ASO,CE,Federal Contract Tower,0,20,12,0,32,0,1,38,1,40,0,21,50,1,72,52,0,52,124
03/12/2008,OLV,MS,ASO,CE,Federal Contract Tower,0,26,11,3,40,0,2,55,2,59,0,28,66,5,99,34,6,40,139
03/13/2008,OLV,MS,ASO,CE,Federal Contract Tower,0,21,16,0,37,0,2,45,0,47,0,23,61,0,84,52,0,52,136
03/14/2008,OLV,MS,ASO,CE,Federal Contract Tower,0,12,8,0,20,0,3,7,0,10,0,15,15,0,30,26,0,26,56
03/15/2008,OLV,MS,ASO,CE,Federal Contract Tower,0,13,8,0,21,0,0,1,0,1,0,13,9,0,22,0,0,0,22
03/16/2008,OLV,MS,ASO,CE,Federal Contract Tower,0,15,12,0,27,0,3,66,2,71,0,18,78,2,98,94,6,100,198
03/17/2008,OLV,MS,ASO,CE,Federal Contract Tower,0,11,2,0,13,0,5,21,2,28,0,16,23,2,41,4,0,4,45
03/18/2008,OLV,MS,ASO,CE,Federal Contract Tower,0,5,5,0,10,0,2,1,0,3,0,7,6,0,13,0,0,0,13
03/19/2008,OLV,MS,ASO,CE,Federal Contract Tower,0,7,6,0,13,0,2,2,0,4,0,9,8,0,17,10,0,10,27
03/20/2008,OLV,MS,ASO,CE,Federal Contract Tower,0,21,15,0,36,0,4,67,2,73,0,25,82,2,109,114,14,128,237
03/21/2008,OLV,MS,ASO,CE,Federal Contract Tower,0,6,6,0,12,0,4,36,0,40,0,10,42,0,52,58,0,58,110
03/22/2008,OLV,MS,ASO,CE,Federal Contract Tower,0,2,5,1,8,0,6,92,3,101,0,8,97,4,109,146,14,160,269
03/23/2008,OLV,MS,ASO,CE,Federal Contract Tower,0,9,9,1,19,0,5,14,1,20,0,14,23,2,39,0,0,0,39
03/24/2008,OLV,MS,ASO,CE,Federal Contract Tower,0,7,13,0,20,0,3,38,1,42,0,10,51,1,62,76,10,86,148
03/25/2008,OLV,MS,ASO,CE,Federal Contract Tower,0,18,4,0,22,0,10,42,1,53,0,28,46,1,75,10,0,10,85
03/26/2008,OLV,MS,ASO,CE,Federal Contract Tower,0,18,2,0,20,0,4,52,2,58,0,22,54,2,78,74,0,74,152
03/27/2008,OLV,MS,ASO,CE,Federal Contract Tower,0,25,14,0,39,0,9,16,0,25,0,34,30,0,64,10,0,10,74
03/28/2008,OLV,MS,ASO,CE,Federal Contract Tower,0,25,17,0,42,0,0,6,0,6,0,25,23,0,48,0,0,0,48
03/29/2008,OLV,MS,ASO,CE,Federal Contract Tower,0,2,8,0,10,0,0,1,2,3,0,2,9,2,13,0,2,2,15
03/30/2008,OLV,MS,ASO,CE,Federal Contract Tower,0,23,3,0,26,0,0,0,0,0,0,23,3,0,26,0,0,0,26
03/31/2008,OLV,MS,ASO,CE,Federal Contract Tower,0,16,10,0,26,0,1,13,0,14,0,17,23,0,40,4,0,4,44
04/01/2008,OLV,MS,ASO,CE,Federal Contract Tower,0,20,14,2,36,0,0,8,0,8,0,20,22,2,44,0,0,0,44
04/02/2008,OLV,MS,ASO,CE,Federal Contract Tower,0,12,11,0,23,0,1,39,0,40,0,13,50,0,63,26,0,26,89
04/03/2008,OLV,MS,ASO,CE,Federal Contract Tower,0,6,8,2,16,0,0,9,0,9,0,6,17,2,25,8,0,8,33
04/04/2008,OLV,MS,ASO,CE,Federal Contract Tower,0,25,1,0,26,0,0,0,0,0,0,25,1,0,26,0,0,0,26
04/05/2008,OLV,MS,ASO,CE,Federal Contract Tower,0,18,11,0,29,0,0,75,0,75,0,18,86,0,104,172,0,172,276
04/06/2008,OLV,MS,ASO,CE,Federal Contract Tower,0,6,12,2,20,0,0,65,4,69,0,6,77,6,89,98,0,98,187
04/07/2008,OLV,MS,ASO,CE,Federal Contract Tower,0,16,8,2,26,0,4,78,0,82,0,20,86,2,108,110,10,120,228
04/08/2008,OLV,MS,ASO,CE,Federal Contract Tower,0,48,10,0,58,0,4,43,0,47,0,52,53,0,105,6,0,6,111
04/09/2008,OLV,MS,ASO,CE,Federal Contract Tower,0,18,5,0,23,0,2,28,0,30,0,20,33,0,53,60,0,60,113
04/10/2008,OLV,MS,ASO,CE,Federal Contract Tower,0,16,4,0,20,0,3,6,0,9,0,19,10,0,29,0,0,0,29
04/11/2008,OLV,MS,ASO,CE,Federal Contract Tower,0,15,6,0,21,0,4,11,1,16,0,19,17,1,37,4,0,4,41
04/12/2008,OLV,MS,ASO,CE,Federal Contract Tower,0,8,8,4,20,0,2,36,2,40,0,10,44,6,60,4,0,4,64
04/13/2008,OLV,MS,ASO,CE,Federal Contract Tower,0,8,10,2,20,0,5,17,3,25,0,13,27,5,45,36,4,40,85
04/14/2008,OLV,MS,ASO,CE,Federal Contract Tower,0,12,3,0,15,0,3,30,2,35,0,15,33,2,50,38,6,44,94
04/15/2008,OLV,MS,ASO,CE,Federal Contract Tower,0,16,11,0,27,0,2,78,0,80,0,18,89,0,107,100,0,100,207
04/16/2008,OLV,MS,ASO,CE,Federal Contract Tower,0,16,4,0,20,0,11,49,1,61,0,27,53,1,81,14,0,14,95
04/17/2008,OLV,MS,ASO,CE,Federal Contract Tower,0,8,20,0,28,0,0,41,0,41,0,8,61,0,69,26,0,26,95
04/18/2008,OLV,MS,ASO,CE,Federal Contract Tower,0,9,0,0,9,0,0,1,0,1,0,9,1,0,10,0,0,0,10
04/19/2008,OLV,MS,ASO,CE,Federal Contract Tower,0,8,9,1,18,0,1,58,0,59,0,9,67,1,77,46,0,46,123
04/20/2008,OLV,MS,ASO,CE,Federal Contract Tower,0,14,5,0,19,0,1,86,3,90,0,15,91,3,109,60,0,60,169
04/21/2008,OLV,MS,ASO,CE,Federal Contract Tower,0,20,10,0,30,0,2,52,2,56,0,22,62,2,86,66,0,66,152
04/22/2008,OLV,MS,ASO,CE,Federal Contract Tower,0,18,5,0,23,0,6,48,4,58,0,24,53,4,81,72,2,74,155
04/23/2008,OLV,MS,ASO,CE,Federal Contract Tower,0,10,16,2,28,0,1,47,0,48,0,11,63,2,76,68,0,68,144
04/24/2008,OLV,MS,ASO,CE,Federal Contract Tower,0,12,5,0,17,0,0,8,0,8,0,12,13,0,25,30,0,30,55
04/25/2008,OLV,MS,ASO,CE,Federal Contract Tower,0,13,21,1,35,0,7,36,2,45,0,20,57,3,80,26,0,26,106
04/26/2008,OLV,MS,ASO,CE,Federal Contract Tower,0,3,10,0,13,0,3,67,0,70,0,6,77,0,83,78,0,78,161
04/27/2008,OLV,MS,ASO,CE,Federal Contract Tower,0,12,11,0,23,0,1,0,0,1,0,13,11,0,24,0,0,0,24
04/28/2008,OLV,MS,ASO,CE,Federal Contract Tower,0,10,8,0,18,0,0,56,7,63,0,10,64,7,81,54,0,54,135
04/29/2008,OLV,MS,ASO,CE,Federal Contract Tower,0,16,13,0,29,0,1,77,7,85,0,17,90,7,114,100,0,100,214
04/30/2008,OLV,MS,ASO,CE,Federal Contract Tower,0,12,15,0,27,0,0,62,8,70,0,12,77,8,97,60,0,60,157
05/01/2008,OLV,MS,ASO,CE,Federal Contract Tower,0,18,12,0,30,0,4,25,0,29,0,22,37,0,59,6,0,6,65
05/02/2008,OLV,MS,ASO,CE,Federal Contract Tower,0,2,4,0,6,0,0,0,0,0,0,2,4,0,6,2,0,2,8
05/03/2008,OLV,MS,ASO,CE,Federal Contract Tower,0,5,13,2,20,0,2,55,0,57,0,7,68,2,77,60,0,60,137
05/04/2008,OLV,MS,ASO,CE,Federal Contract Tower,0,14,10,0,24,0,7,57,9,73,0,21,67,9,97,96,0,96,193
05/05/2008,OLV,MS,ASO,CE,Federal Contract Tower,0,12,16,0,28,0,3,73,5,81,0,15,89,5,109,128,6,134,243
05/06/2008,OLV,MS,ASO,CE,Federal Contract Tower,0,11,11,1,23,0,7,67,1,75,0,18,78,2,98,116,0,116,214
05/07/2008,OLV,MS,ASO,CE,Federal Contract Tower,0,13,9,0,22,0,3,64,0,67,0,16,73,0,89,82,0,82,171
05/08/2008,OLV,MS,ASO,CE,Federal Contract Tower,0,6,7,0,13,0,1,30,0,31,0,7,37,0,44,88,0,88,132
05/09/2008,OLV,MS,ASO,CE,Federal Contract Tower,0,25,11,0,36,0,5,49,2,56,0,30,60,2,92,24,0,24,116
05/10/2008,OLV,MS,ASO,CE,Federal Contract Tower,0,7,11,2,20,0,1,27,1,29,0,8,38,3,49,74,0,74,123
05/11/2008,OLV,MS,ASO,CE,Federal Contract Tower,0,13,5,0,18,0,5,19,0,24,0,18,24,0,42,26,0,26,68
05/12/2008,OLV,MS,ASO,CE,Federal Contract Tower,0,19,10,0,29,0,4,77,4,85,0,23,87,4,114,78,0,78,192
05/13/2008,OLV,MS,ASO,CE,Federal Contract Tower,0,22,10,0,32,0,5,65,2,72,0,27,75,2,104,104,0,104,208
05/14/2008,OLV,MS,ASO,CE,Federal Contract Tower,0,22,4,0,26,0,0,4,0,4,0,22,8,0,30,12,0,12,42
05/15/2008,OLV,MS,ASO,CE,Federal Contract Tower,0,23,15,0,38,0,1,13,0,14,0,24,28,0,52,32,0,32,84
05/16/2008,OLV,MS,ASO,CE,Federal Contract Tower,0,10,13,2,25,0,4,67,5,76,0,14,80,7,101,146,8,154,255
05/17/2008,OLV,MS,ASO,CE,Federal Contract Tower,0,5,9,0,14,0,1,103,0,104,0,6,112,0,118,126,0,126,244
05/18/2008,OLV,MS,ASO,CE,Federal Contract Tower,0,12,9,1,22,0,0,50,0,50,0,12,59,1,72,104,0,104,176
05/19/2008,OLV,MS,ASO,CE,Federal Contract Tower,0,18,13,2,33,0,5,39,0,44,0,23,52,2,77,36,0,36,113
05/20/2008,OLV,MS,ASO,CE,Federal Contract Tower,0,14,11,0,25,0,10,77,0,87,0,24,88,0,112,116,0,116,228
05/21/2008,OLV,MS,ASO,CE,Federal Contract Tower,0,17,8,0,25,0,3,79,0,82,0,20,87,0,107,116,0,116,223
05/22/2008,OLV,MS,ASO,CE,Federal Contract Tower,0,20,20,2,42,0,5,57,0,62,0,25,77,2,104,96,0,96,200
05/23/2008,OLV,MS,ASO,CE,Federal Contract Tower,0,12,22,0,34,0,2,75,0,77,0,14,97,0,111,98,0,98,209
05/24/2008,OLV,MS,ASO,CE,Federal Contract Tower,0,1,16,0,17,0,0,40,0,40,0,1,56,0,57,126,0,126,183
05/25/2008,OLV,MS,ASO,CE,Federal Contract Tower,0,4,8,0,12,0,1,49,2,52,0,5,57,2,64,116,0,116,180
05/26/2008,OLV,MS,ASO,CE,Federal Contract Tower,0,7,14,2,23,0,0,49,0,49,0,7,63,2,72,72,0,72,144
05/27/2008,OLV,MS,ASO,CE,Federal Contract Tower,0,17,7,0,24,0,2,24,0,26,0,19,31,0,50,14,0,14,64
05/28/2008,OLV,MS,ASO,CE,Federal Contract Tower,0,21,4,0,25,0,0,3,0,3,0,21,7,0,28,32,0,32,60
05/29/2008,OLV,MS,ASO,CE,Federal Contract Tower,0,9,31,4,44,0,2,67,2,71,0,11,98,6,115,160,8,168,283
05/30/2008,OLV,MS,ASO,CE,Federal Contract Tower,0,14,14,0,28,0,0,63,2,65,0,14,77,2,93,66,0,66,159
05/31/2008,OLV,MS,ASO,CE,Federal Contract Tower,0,4,14,2,20,0,0,78,0,78,0,4,92,2,98,188,0,188,286
06/01/2008,OLV,MS,ASO,CE,Federal Contract Tower,0,11,9,0,20,0,4,26,2,32,0,15,35,2,52,30,12,42,94
06/02/2008,OLV,MS,ASO,CE,Federal Contract Tower,0,17,13,0,30,0,7,22,0,29,0,24,35,0,59,70,0,70,129
06/03/2008,OLV,MS,ASO,CE,Federal Contract Tower,0,14,5,0,19,0,6,62,2,70,0,20,67,2,89,42,4,46,135
06/04/2008,OLV,MS,ASO,CE,Federal Contract Tower,0,20,17,0,37,0,5,30,0,35,0,25,47,0,72,20,0,20,92
06/05/2008,OLV,MS,ASO,CE,Federal Contract Tower,0,11,4,0,15,0,2,43,4,49,0,13,47,4,64,56,0,56,120
06/06/2008,OLV,MS,ASO,CE,Federal Contract Tower,0,12,20,1,33,0,6,58,1,65,0,18,78,2,98,38,0,38,136
06/07/2008,OLV,MS,ASO,CE,Federal Contract Tower,0,8,12,1,21,0,1,76,1,78,0,9,88,2,99,140,0,140,239
06/08/2008,OLV,MS,ASO,CE,Federal Contract Tower,0,21,11,0,32,0,1,33,0,34,0,22,44,0,66,16,0,16,82
06/09/2008,OLV,MS,ASO,CE,Federal Contract Tower,0,16,3,0,19,0,2,51,0,53,0,18,54,0,72,128,0,128,200
06/10/2008,OLV,MS,ASO,CE,Federal Contract Tower,0,12,6,0,18,0,2,68,5,75,0,14,74,5,93,102,6,108,201
06/11/2008,OLV,MS,ASO,CE,Federal Contract Tower,0,16,10,1,27,0,1,71,4,76,0,17,81,5,103,162,6,168,271
06/12/2008,OLV,MS,ASO,CE,Federal Contract Tower,0,10,8,0,18,0,3,79,0,82,0,13,87,0,100,112,0,112,212
06/13/2008,OLV,MS,ASO,CE,Federal Contract Tower,0,15,12,2,29,0,3,58,0,61,0,18,70,2,90,14,0,14,104
06/14/2008,OLV,MS,ASO,CE,Federal Contract Tower,0,9,4,2,15,0,1,54,4,59,0,10,58,6,74,82,10,92,166
06/15/2008,OLV,MS,ASO,CE,Federal Contract Tower,0,10,17,0,27,0,4,38,0,42,0,14,55,0,69,26,0,26,95
06/16/2008,OLV,MS,ASO,CE,Federal Contract Tower,0,9,7,0,16,0,6,62,0,68,0,15,69,0,84,90,0,90,174
06/17/2008,OLV,MS,ASO,CE,Federal Contract Tower,0,23,20,0,43,0,2,69,2,73,0,25,89,2,116,108,0,108,224
06/18/2008,OLV,MS,ASO,CE,Federal Contract Tower,0,22,6,0,28,0,0,61,0,61,0,22,67,0,89,124,0,124,213
06/19/2008,OLV,MS,ASO,CE,Federal Contract Tower,0,29,14,0,43,0,7,83,5,95,0,36,97,5,138,174,12,186,324
06/20/2008,OLV,MS,ASO,CE,Federal Contract Tower,0,12,8,0,20,0,0,45,0,45,0,12,53,0,65,70,0,70,135
06/21/2008,OLV,MS,ASO,CE,Federal Contract Tower,0,8,3,0,11,0,1,56,2,59,0,9,59,2,70,178,0,178,248
06/22/2008,OLV,MS,ASO,CE,Federal Contract Tower,0,11,15,2,28,0,1,56,1,58,0,12,71,3,86,50,0,50,136
06/23/2008,OLV,MS,ASO,CE,Federal Contract Tower,0,15,9,0,24,0,6,74,0,80,0,21,83,0,104,232,0,232,336
06/24/2008,OLV,MS,ASO,CE,Federal Contract Tower,0,17,10,0,27,0,4,103,2,109,0,21,113,2,136,194,0,194,330
06/25/2008,OLV,MS,ASO,CE,Federal Contract Tower,0,16,9,0,25,0,4,91,0,95,0,20,100,0,120,192,0,192,312
06/26/2008,OLV,MS,ASO,CE,Federal Contract Tower,0,27,11,0,38,0,4,90,0,94,0,31,101,0,132,148,0,148,280
06/27/2008,OLV,MS,ASO,CE,Federal Contract Tower,0,12,15,1,28,0,3,58,1,62,0,15,73,2,90,118,0,118,208
06/28/2008,OLV,MS,ASO,CE,Federal Contract Tower,0,2,12,1,15,0,0,47,1,48,0,2,59,2,63,62,6,68,131
06/29/2008,OLV,MS,ASO,CE,Federal Contract Tower,0,11,12,0,23,0,0,33,0,33,0,11,45,0,56,6,0,6,62
06/30/2008,OLV,MS,ASO,CE,Federal Contract Tower,0,4,5,0,9,0,7,73,0,80,0,11,78,0,89,256,0,256,345
07/01/2008,OLV,MS,ASO,CE,Federal Contract Tower,0,16,6,0,22,0,2,71,0,73,0,18,77,0,95,222,0,222,317
07/02/2008,OLV,MS,ASO,CE,Federal Contract Tower,0,10,11,0,21,0,16,81,0,97,0,26,92,0,118,146,0,146,264
07/03/2008,OLV,MS,ASO,CE,Federal Contract Tower,0,12,11,0,23,0,12,60,3,75,0,24,71,3,98,160,0,160,258
07/04/2008,OLV,MS,ASO,CE,Federal Contract Tower,0,3,6,0,9,0,5,28,4,37,0,8,34,4,46,102,0,102,148
07/05/2008,OLV,MS,ASO,CE,Federal Contract Tower,0,2,13,2,17,0,6,44,2,52,0,8,57,4,69,80,0,80,149
07/06/2008,OLV,MS,ASO,CE,Federal Contract Tower,0,12,23,0,35,0,5,42,0,47,0,17,65,0,82,10,0,10,92
07/07/2008,OLV,MS,ASO,CE,Federal Contract Tower,0,23,17,0,40,0,9,35,2,46,0,32,52,2,86,58,0,58,144
07/08/2008,OLV,MS,ASO,CE,Federal Contract Tower,0,18,24,0,42,0,2,73,0,75,0,20,97,0,117,128,0,128,245
07/09/2008,OLV,MS,ASO,CE,Federal Contract Tower,0,22,12,0,34,0,6,41,2,49,0,28,53,2,83,64,8,72,155
07/10/2008,OLV,MS,ASO,CE,Federal Contract Tower,0,7,22,2,31,0,3,83,0,86,0,10,105,2,117,118,0,118,235
07/11/2008,OLV,MS,ASO,CE,Federal Contract Tower,0,15,12,0,27,0,2,48,0,50,0,17,60,0,77,84,0,84,161
07/12/2008,OLV,MS,ASO,CE,Federal Contract Tower,0,9,10,0,19,0,2,61,0,63,0,11,71,0,82,128,0,128,210
07/13/2008,OLV,MS,ASO,CE,Federal Contract Tower,0,6,6,0,12,0,0,24,2,26,0,6,30,2,38,12,10,22,60
07/14/2008,OLV,MS,ASO,CE,Federal Contract Tower,0,12,8,0,20,0,5,51,0,56,0,17,59,0,76,132,0,132,208
07/15/2008,OLV,MS,ASO,CE,Federal Contract Tower,0,18,10,0,28,0,1,62,1,64,0,19,72,1,92,66,0,66,158
07/16/2008,OLV,MS,ASO,CE,Federal Contract Tower,0,22,13,0,35,0,6,79,0,85,0,28,92,0,120,90,0,90,210
07/17/2008,OLV,MS,ASO,CE,Federal Contract Tower,0,21,18,0,39,0,7,107,2,116,0,28,125,2,155,152,20,172,327
07/18/2008,OLV,MS,ASO,CE,Federal Contract Tower,0,14,21,2,37,0,0,92,2,94,0,14,113,4,131,162,0,162,293
07/19/2008,OLV,MS,ASO,CE,Federal Contract Tower,0,7,5,2,14,0,1,61,5,67,0,8,66,7,81,118,0,118,199
07/20/2008,OLV,MS,ASO,CE,Federal Contract Tower,0,7,5,0,12,0,1,43,3,47,0,8,48,3,59,40,4,44,103
07/21/2008,OLV,MS,ASO,CE,Federal Contract Tower,0,8,9,0,17,0,2,61,3,66,0,10,70,3,83,70,0,70,153
07/22/2008,OLV,MS,ASO,CE,Federal Contract Tower,0,18,3,0,21,0,5,43,0,48,0,23,46,0,69,44,0,44,113
07/23/2008,OLV,MS,ASO,CE,Federal Contract Tower,0,27,7,2,36,0,0,56,1,57,0,27,63,3,93,60,0,60,153
07/24/2008,OLV,MS,ASO,CE,Federal Contract Tower,0,18,11,2,31,0,7,66,3,76,0,25,77,5,107,202,0,202,309
07/25/2008,OLV,MS,ASO,CE,Federal Contract Tower,0,19,12,2,33,0,4,72,2,78,0,23,84,4,111,98,0,98,209
07/26/2008,OLV,MS,ASO,CE,Federal Contract Tower,0,2,5,0,7,0,0,58,4,62,0,2,63,4,69,90,0,90,159
07/27/2008,OLV,MS,ASO,CE,Federal Contract Tower,0,11,15,0,26,0,1,61,5,67,0,12,76,5,93,58,0,58,151
07/28/2008,OLV,MS,ASO,CE,Federal Contract Tower,0,13,12,0,25,0,5,54,0,59,0,18,66,0,84,100,0,100,184
07/29/2008,OLV,MS,ASO,CE,Federal Contract Tower,0,18,7,0,25,0,0,70,1,71,0,18,77,1,96,82,2,84,180
07/30/2008,OLV,MS,ASO,CE,Federal Contract Tower,0,11,18,2,31,0,5,48,0,53,0,16,66,2,84,72,0,72,156
07/31/2008,OLV,MS,ASO,CE,Federal Contract Tower,0,19,3,0,22,0,1,24,2,27,0,20,27,2,49,68,0,68,117
08/01/2008,OLV,MS,ASO,CE,Federal Contract Tower,0,18,19,0,37,0,1,65,1,67,0,19,84,1,104,106,0,106,210
08/02/2008,OLV,MS,ASO,CE,Federal Contract Tower,0,8,7,0,15,0,0,64,1,65,0,8,71,1,80,138,0,138,218
08/03/2008,OLV,MS,ASO,CE,Federal Contract Tower,0,6,7,0,13,0,1,38,1,40,0,7,45,1,53,100,0,100,153
08/04/2008,OLV,MS,ASO,CE,Federal Contract Tower,0,3,8,0,11,0,1,65,0,66,0,4,73,0,77,102,0,102,179
08/05/2008,OLV,MS,ASO,CE,Federal Contract Tower,0,19,7,0,26,0,5,55,0,60,0,24,62,0,86,100,0,100,186
08/06/2008,OLV,MS,ASO,CE,Federal Contract Tower,0,11,13,0,24,0,1,67,0,68,0,12,80,0,92,104,0,104,196
08/07/2008,OLV,MS,ASO,CE,Federal Contract Tower,0,11,12,0,23,0,1,31,0,32,0,12,43,0,55,62,0,62,117
08/08/2008,OLV,MS,ASO,CE,Federal Contract Tower,0,15,10,0,25,0,2,80,2,84,0,17,90,2,109,126,2,128,237
08/09/2008,OLV,MS,ASO,CE,Federal Contract Tower,0,6,13,0,19,0,2,92,3,97,0,8,105,3,116,194,8,202,318
08/10/2008,OLV,MS,ASO,CE,Federal Contract Tower,0,9,20,0,29,0,0,29,0,29,0,9,49,0,58,28,0,28,86
08/11/2008,OLV,MS,ASO,CE,Federal Contract Tower,0,14,8,0,22,0,1,30,0,31,0,15,38,0,53,60,0,60,113
08/12/2008,OLV,MS,ASO,CE,Federal Contract Tower,0,12,15,0,27,0,0,12,0,12,0,12,27,0,39,12,0,12,51
08/13/2008,OLV,MS,ASO,CE,Federal Contract Tower,0,17,15,1,33,0,3,50,0,53,0,20,65,1,86,114,0,114,200
08/14/2008,OLV,MS,ASO,CE,Federal Contract Tower,0,14,13,1,28,0,2,83,5,90,0,16,96,6,118,140,0,140,258
08/15/2008,OLV,MS,ASO,CE,Federal Contract Tower,0,13,4,0,17,0,1,38,3,42,0,14,42,3,59,116,0,116,175
08/16/2008,OLV,MS,ASO,CE,Federal Contract Tower,0,2,6,0,8,0,0,54,2,56,0,2,60,2,64,142,0,142,206
08/17/2008,OLV,MS,ASO,CE,Federal Contract Tower,0,9,15,2,26,0,2,107,0,109,0,11,122,2,135,144,0,144,279
08/18/2008,OLV,MS,ASO,CE,Federal Contract Tower,0,13,15,0,28,0,2,57,2,61,0,15,72,2,89,88,6,94,183
08/19/2008,OLV,MS,ASO,CE,Federal Contract Tower,0,13,6,0,19,0,2,45,0,47,0,15,51,0,66,106,0,106,172
08/20/2008,OLV,MS,ASO,CE,Federal Contract Tower,0,13,6,0,19,0,0,2,0,2,0,13,8,0,21,6,0,6,27
08/21/2008,OLV,MS,ASO,CE,Federal Contract Tower,0,23,4,3,30,0,2,44,3,49,0,25,48,6,79,130,0,130,209
08/22/2008,OLV,MS,ASO,CE,Federal Contract Tower,0,7,5,0,12,0,1,27,4,32,0,8,32,4,44,62,0,62,106
08/23/2008,OLV,MS,ASO,CE,Federal Contract Tower,0,5,6,4,15,0,0,38,3,41,0,5,44,7,56,74,10,84,140
08/24/2008,OLV,MS,ASO,CE,Federal Contract Tower,0,16,7,0,23,0,2,12,1,15,0,18,19,1,38,24,0,24,62
08/25/2008,OLV,MS,ASO,CE,Federal Contract Tower,0,11,1,0,12,0,0,13,0,13,0,11,14,0,25,21,0,21,46
08/26/2008,OLV,MS,ASO,CE,Federal Contract Tower,0,9,11,0,20,0,0,48,6,54,0,9,59,6,74,64,14,78,152
08/27/2008,OLV,MS,ASO,CE,Federal Contract Tower,0,33,11,1,45,0,1,64,8,73,0,34,75,9,118,136,0,136,254
08/28/2008,OLV,MS,ASO,CE,Federal Contract Tower,0,26,8,0,34,2,5,77,3,87,2,31,85,3,121,92,0,92,213
08/29/2008,OLV,MS,ASO,CE,Federal Contract Tower,0,15,14,1,30,0,55,0,0,55,0,70,14,1,85,98,0,98,183
08/30/2008,OLV,MS,ASO,CE,Federal Contract Tower,0,9,15,3,27,0,0,103,6,109,0,9,118,9,136,64,6,70,206
08/31/2008,OLV,MS,ASO,CE,Federal Contract Tower,0,13,2,1,16,0,2,63,3,68,0,15,65,4,84,40,0,40,124
09/01/2008,OLV,MS,ASO,CE,Federal Contract Tower,0,7,3,0,10,0,0,47,2,49,0,7,50,2,59,76,6,82,141
09/02/2008,OLV,MS,ASO,CE,Federal Contract Tower,0,24,5,0,29,0,5,9,0,14,0,29,14,0,43,20,0,20,63
09/03/2008,OLV,MS,ASO,CE,Federal Contract Tower,0,13,9,0,22,0,0,1,0,1,0,13,10,0,23,0,0,0,23
09/04/2008,OLV,MS,ASO,CE,Federal Contract Tower,0,16,8,1,25,0,0,11,0,11,0,16,19,1,36,34,0,34,70
09/05/2008,OLV,MS,ASO,CE,Federal Contract Tower,0,20,5,3,28,0,1,1,0,2,0,21,6,3,30,0,0,0,30
09/06/2008,OLV,MS,ASO,CE,Federal Contract Tower,0,6,19,0,25,0,4,51,0,55,0,10,70,0,80,122,0,122,202
09/07/2008,OLV,MS,ASO,CE,Federal Contract Tower,0,12,10,0,22,0,7,66,2,75,0,19,76,2,97,62,26,88,185
09/08/2008,OLV,MS,ASO,CE,Federal Contract Tower,0,15,11,0,26,0,2,56,0,58,0,17,67,0,84,78,0,78,162
09/09/2008,OLV,MS,ASO,CE,Federal Contract Tower,0,19,4,0,23,0,5,40,0,45,0,24,44,0,68,90,0,90,158
09/10/2008,OLV,MS,ASO,CE,Federal Contract Tower,0,17,12,0,29,0,5,62,4,71,0,22,74,4,100,122,16,138,238
09/11/2008,OLV,MS,ASO,CE,Federal Contract Tower,0,10,14,0,24,0,9,84,2,95,0,19,98,2,119,72,14,86,205
09/12/2008,OLV,MS,ASO,CE,Federal Contract Tower,0,14,13,2,29,0,3,57,3,63,0,17,70,5,92,64,0,64,156
09/13/2008,OLV,MS,ASO,CE,Federal Contract Tower,0,5,3,0,8,0,0,39,1,40,0,5,42,1,48,26,0,26,74
09/14/2008,OLV,MS,ASO,CE,Federal Contract Tower,0,6,7,2,15,0,0,1,0,1,0,6,8,2,16,0,0,0,16
09/15/2008,OLV,MS,ASO,CE,Federal Contract Tower,0,17,8,0,25,0,5,48,0,53,0,22,56,0,78,74,0,74,152
09/16/2008,OLV,MS,ASO,CE,Federal Contract Tower,0,12,8,0,20,0,1,39,2,42,0,13,47,2,62,50,0,50,112
09/17/2008,OLV,MS,ASO,CE,Federal Contract Tower,0,27,12,0,39,0,11,60,0,71,0,38,72,0,110,30,0,30,140
09/18/2008,OLV,MS,ASO,CE,Federal Contract Tower,0,4,13,0,17,0,12,87,0,99,0,16,100,0,116,158,0,158,274
09/19/2008,OLV,MS,ASO,CE,Federal Contract Tower,0,15,11,0,26,0,0,48,0,48,0,15,59,0,74,64,0,64,138
09/20/2008,OLV,MS,ASO,CE,Federal Contract Tower,0,17,4,0,21,0,0,57,0,57,0,17,61,0,78,122,0,122,200
09/21/2008,OLV,MS,ASO,CE,Federal Contract Tower,0,13,19,2,34,0,3,49,2,54,0,16,68,4,88,126,0,126,214
09/22/2008,OLV,MS,ASO,CE,Federal Contract Tower,0,9,15,0,24,0,1,50,0,51,0,10,65,0,75,40,0,40,115
09/23/2008,OLV,MS,ASO,CE,Federal Contract Tower,0,14,6,0,20,0,2,76,0,78,0,16,82,0,98,134,0,134,232
09/24/2008,OLV,MS,ASO,CE,Federal Contract Tower,0,17,20,0,37,0,1,54,0,55,0,18,74,0,92,87,0,87,179
09/25/2008,OLV,MS,ASO,CE,Federal Contract Tower,0,25,11,0,36,0,2,84,2,88,0,27,95,2,124,72,0,72,196
09/26/2008,OLV,MS,ASO,CE,Federal Contract Tower,0,12,27,0,39,0,1,75,0,76,0,13,102,0,115,48,0,48,163
09/27/2008,OLV,MS,ASO,CE,Federal Contract Tower,0,7,11,0,18,0,0,80,0,80,0,7,91,0,98,106,0,106,204
09/28/2008,OLV,MS,ASO,CE,Federal Contract Tower,0,9,16,1,26,0,2,89,2,93,0,11,105,3,119,50,0,50,169
09/29/2008,OLV,MS,ASO,CE,Federal Contract Tower,0,11,21,0,32,0,2,92,0,94,0,13,113,0,126,30,0,30,156
09/30/2008,OLV,MS,ASO,CE,Federal Contract Tower,0,9,13,2,24,0,1,49,1,51,0,10,62,3,75,44,0,44,119
10/01/2008,OLV,MS,ASO,CE,Federal Contract Tower,0,13,14,0,27,0,3,73,0,76,0,16,87,0,103,91,0,91,194
10/02/2008,OLV,MS,ASO,CE,Federal Contract Tower,0,14,22,0,36,0,0,96,0,96,0,14,118,0,132,40,0,40,172
10/03/2008,OLV,MS,ASO,CE,Federal Contract Tower,0,7,21,2,30,0,2,110,1,113,0,9,131,3,143,118,0,118,261
10/04/2008,OLV,MS,ASO,CE,Federal Contract Tower,0,7,9,3,19,0,4,104,1,109,0,11,113,4,128,56,8,64,192
10/05/2008,OLV,MS,ASO,CE,Federal Contract Tower,0,9,12,2,23,0,0,97,1,98,0,9,109,3,121,64,4,68,189
10/06/2008,OLV,MS,ASO,CE,Federal Contract Tower,0,7,9,0,16,0,1,47,1,49,0,8,56,1,65,16,0,16,81
10/07/2008,OLV,MS,ASO,CE,Federal Contract Tower,0,13,3,0,16,0,0,0,0,0,0,13,3,0,16,0,0,0,16
10/08/2008,OLV,MS,ASO,CE,Federal Contract Tower,0,14,12,0,26,0,0,4,0,4,0,14,16,0,30,0,0,0,30
10/09/2008,OLV,MS,ASO,CE,Federal Contract Tower,0,23,12,0,35,0,1,70,0,71,0,24,82,0,106,96,0,96,202
10/10/2008,OLV,MS,ASO,CE,Federal Contract Tower,0,12,10,0,22,0,1,88,2,91,0,13,98,2,113,68,0,68,181
10/11/2008,OLV,MS,ASO,CE,Federal Contract Tower,0,5,12,0,17,0,0,118,0,118,0,5,130,0,135,82,0,82,217
10/12/2008,OLV,MS,ASO,CE,Federal Contract Tower,0,17,14,0,31,0,0,63,4,67,0,17,77,4,98,28,16,44,142
10/13/2008,OLV,MS,ASO,CE,Federal Contract Tower,0,9,18,0,27,0,0,30,0,30,0,9,48,0,57,51,0,51,108
10/14/2008,OLV,MS,ASO,CE,Federal Contract Tower,0,10,9,0,19,0,1,75,0,76,0,11,84,0,95,108,0,108,203
10/15/2008,OLV,MS,ASO,CE,Federal Contract Tower,0,8,12,0,20,0,1,74,0,75,0,9,86,0,95,98,0,98,193
10/16/2008,OLV,MS,ASO,CE,Federal Contract Tower,0,15,11,0,26,0,0,0,0,0,0,15,11,0,26,0,0,0,26
10/17/2008,OLV,MS,ASO,CE,Federal Contract Tower,0,19,7,1,27,0,2,67,2,71,0,21,74,3,98,114,0,114,212
10/18/2008,OLV,MS,ASO,CE,Federal Contract Tower,0,9,12,0,21,0,3,83,9,95,0,12,95,9,116,92,14,106,222
10/19/2008,OLV,MS,ASO,CE,Federal Contract Tower,0,14,8,0,22,0,1,76,0,77,0,15,84,0,99,58,0,58,157
10/20/2008,OLV,MS,ASO,CE,Federal Contract Tower,0,15,14,0,29,0,2,56,0,58,0,17,70,0,87,88,0,88,175
10/21/2008,OLV,MS,ASO,CE,Federal Contract Tower,0,7,14,0,21,0,0,61,0,61,0,7,75,0,82,94,2,96,178
10/22/2008,OLV,MS,ASO,CE,Federal Contract Tower,0,6,16,0,22,0,0,69,0,69,0,6,85,0,91,64,0,64,155
10/23/2008,OLV,MS,ASO,CE,Federal Contract Tower,0,11,8,0,19,0,0,0,0,0,0,11,8,0,19,0,0,0,19
10/24/2008,OLV,MS,ASO,CE,Federal Contract Tower,0,12,11,0,23,0,0,29,1,30,0,12,40,1,53,60,0,60,113
10/25/2008,OLV,MS,ASO,CE,Federal Contract Tower,0,6,8,0,14,0,3,96,0,99,0,9,104,0,113,102,0,102,215
10/26/2008,OLV,MS,ASO,CE,Federal Contract Tower,0,10,10,1,21,0,2,72,0,74,0,12,82,1,95,92,0,92,187
10/27/2008,OLV,MS,ASO,CE,Federal Contract Tower,0,11,9,0,20,0,0,80,0,80,0,11,89,0,100,58,0,58,158
10/28/2008,OLV,MS,ASO,CE,Federal Contract Tower,0,21,13,0,34,0,2,43,0,45,0,23,56,0,79,72,0,72,151
10/29/2008,OLV,MS,ASO,CE,Federal Contract Tower,0,7,13,0,20,0,2,86,0,88,0,9,99,0,108,97,0,97,205
10/30/2008,OLV,MS,ASO,CE,Federal Contract Tower,0,7,12,0,19,0,1,83,0,84,0,8,95,0,103,104,0,104,207
10/31/2008,OLV,MS,ASO,CE,Federal Contract Tower,0,10,17,0,27,0,0,87,0,87,0,10,104,0,114,132,0,132,246
11/01/2008,OLV,MS,ASO,CE,Federal Contract Tower,0,7,9,3,19,0,1,107,2,110,0,8,116,5,129,104,0,104,233
11/02/2008,OLV,MS,ASO,CE,Federal Contract Tower,0,8,14,0,22,0,3,116,5,124,0,11,130,5,146,66,18,84,230
11/03/2008,OLV,MS,ASO,CE,Federal Contract Tower,0,18,11,0,29,0,3,63,0,66,0,21,74,0,95,110,0,110,205
11/04/2008,OLV,MS,ASO,CE,Federal Contract Tower,0,8,12,0,20,0,1,74,0,75,0,9,86,0,95,98,0,98,193
11/05/2008,OLV,MS,ASO,CE,Federal Contract Tower,0,14,22,0,36,0,0,109,0,109,0,14,131,0,145,72,8,80,225
11/06/2008,OLV,MS,ASO,CE,Federal Contract Tower,0,13,9,0,22,0,0,27,0,27,0,13,36,0,49,0,0,0,49
11/07/2008,OLV,MS,ASO,CE,Federal Contract Tower,0,16,21,0,37,0,0,64,0,64,0,16,85,0,101,48,0,48,149
11/08/2008,OLV,MS,ASO,CE,Federal Contract Tower,0,6,2,0,8,0,0,76,0,76,0,6,78,0,84,66,0,66,150
11/09/2008,OLV,MS,ASO,CE,Federal Contract Tower,0,4,11,0,15,0,2,94,0,96,0,6,105,0,111,102,0,102,213
11/10/2008,OLV,MS,ASO,CE,Federal Contract Tower,0,8,12,0,20,0,0,99,0,99,0,8,111,0,119,162,0,162,281
11/11/2008,OLV,MS,ASO,CE,Federal Contract Tower,0,13,2,0,15,0,0,31,0,31,0,13,33,0,46,56,0,56,102
11/12/2008,OLV,MS,ASO,CE,Federal Contract Tower,0,7,7,0,14,0,0,0,0,0,0,7,7,0,14,0,0,0,14
11/13/2008,OLV,MS,ASO,CE,Federal Contract Tower,0,12,11,0,23,0,0,0,0,0,0,12,11,0,23,0,0,0,23
11/14/2008,OLV,MS,ASO,CE,Federal Contract Tower,0,17,21,0,38,0,0,0,0,0,0,17,21,0,38,0,0,0,38
11/15/2008,OLV,MS,ASO,CE,Federal Contract Tower,0,7,4,0,11,0,0,38,0,38,0,7,42,0,49,36,0,36,85
11/16/2008,OLV,MS,ASO,CE,Federal Contract Tower,0,5,7,0,12,0,0,53,0,53,0,5,60,0,65,54,0,54,119
11/17/2008,OLV,MS,ASO,CE,Federal Contract Tower,0,5,10,0,15,0,4,97,0,101,0,9,107,0,116,76,0,76,192
11/18/2008,OLV,MS,ASO,CE,Federal Contract Tower,0,14,6,0,20,0,0,93,0,93,0,14,99,0,113,104,0,104,217
11/19/2008,OLV,MS,ASO,CE,Federal Contract Tower,0,12,12,0,24,0,2,71,0,73,0,14,83,0,97,56,0,56,153
11/20/2008,OLV,MS,ASO,CE,Federal Contract Tower,0,10,6,2,18,0,2,78,2,82,0,12,84,4,100,118,0,118,218
11/21/2008,OLV,MS,ASO,CE,Federal Contract Tower,0,13,16,0,29,0,0,115,0,115,0,13,131,0,144,78,0,78,222
11/22/2008,OLV,MS,ASO,CE,Federal Contract Tower,0,5,11,0,16,0,0,146,2,148,0,5,157,2,164,136,0,136,300
11/23/2008,OLV,MS,ASO,CE,Federal Contract Tower,0,10,14,0,24,0,1,56,1,58,0,11,70,1,82,100,0,100,182
11/24/2008,OLV,MS,ASO,CE,Federal Contract Tower,0,19,3,0,22,0,3,11,1,15,0,22,14,1,37,0,8,8,45
11/25/2008,OLV,MS,ASO,CE,Federal Contract Tower,0,18,11,0,29,0,1,88,0,89,0,19,99,0,118,156,0,156,274
11/26/2008,OLV,MS,ASO,CE,Federal Contract Tower,0,8,13,0,21,0,8,81,0,89,0,16,94,0,110,66,0,66,176
11/27/2008,OLV,MS,ASO,CE,Federal Contract Tower,0,3,8,0,11,0,0,58,0,58,0,3,66,0,69,2,0,2,71
11/28/2008,OLV,MS,ASO,CE,Federal Contract Tower,0,5,8,0,13,0,0,63,0,63,0,5,71,0,76,98,0,98,174
11/29/2008,OLV,MS,ASO,CE,Federal Contract Tower,0,13,11,0,24,0,0,63,0,63,0,13,74,0,87,126,0,126,213
11/30/2008,OLV,MS,ASO,CE,Federal Contract Tower,0,11,7,2,20,0,0,35,0,35,0,11,42,2,55,50,0,50,105
12/01/2008,OLV,MS,ASO,CE,Federal Contract Tower,0,19,1,0,20,0,0,48,0,48,0,19,49,0,68,64,0,64,132
12/02/2008,OLV,MS,ASO,CE,Federal Contract Tower,0,9,10,0,19,0,2,48,0,50,0,11,58,0,69,44,0,44,113
12/03/2008,OLV,MS,ASO,CE,Federal Contract Tower,0,6,8,0,14,0,2,9,0,11,0,8,17,0,25,4,0,4,29
12/04/2008,OLV,MS,ASO,CE,Federal Contract Tower,0,15,5,0,20,0,0,67,0,67,0,15,72,0,87,135,0,135,222
12/05/2008,OLV,MS,ASO,CE,Federal Contract Tower,0,15,27,1,43,0,0,91,0,91,0,15,118,1,134,62,0,62,196
12/06/2008,OLV,MS,ASO,CE,Federal Contract Tower,0,2,14,1,17,0,0,69,0,69,0,2,83,1,86,144,0,144,230
12/07/2008,OLV,MS,ASO,CE,Federal Contract Tower,0,9,12,0,21,0,0,72,0,72,0,9,84,0,93,78,0,78,171
12/08/2008,OLV,MS,ASO,CE,Federal Contract Tower,0,11,11,0,22,0,1,45,0,46,0,12,56,0,68,74,0,74,142
12/09/2008,OLV,MS,ASO,CE,Federal Contract Tower,0,5,0,0,5,0,0,0,0,0,0,5,0,0,5,0,0,0,5
12/10/2008,OLV,MS,ASO,CE,Federal Contract Tower,0,11,1,0,12,0,0,0,0,0,0,11,1,0,12,0,0,0,12
12/11/2008,OLV,MS,ASO,CE,Federal Contract Tower,0,5,6,0,11,0,3,22,0,25,0,8,28,0,36,76,0,76,112
12/12/2008,OLV,MS,ASO,CE,Federal Contract Tower,0,5,9,0,14,0,0,117,0,117,0,5,126,0,131,136,0,136,267
12/13/2008,OLV,MS,ASO,CE,Federal Contract Tower,0,5,10,1,16,0,0,78,1,79,0,5,88,2,95,104,8,112,207
12/14/2008,OLV,MS,ASO,CE,Federal Contract Tower,0,5,3,1,9,0,0,35,0,35,0,5,38,1,44,4,0,4,48
12/15/2008,OLV,MS,ASO,CE,Federal Contract Tower,0,5,6,0,11,0,0,0,0,0,0,5,6,0,11,0,0,0,11
12/16/2008,OLV,MS,ASO,CE,Federal Contract Tower,0,7,1,0,8,0,0,0,0,0,0,7,1,0,8,0,0,0,8
12/17/2008,OLV,MS,ASO,CE,Federal Contract Tower,0,10,0,0,10,0,0,0,0,0,0,10,0,0,10,0,0,0,10
12/18/2008,OLV,MS,ASO,CE,Federal Contract Tower,0,8,0,0,8,0,0,0,0,0,0,8,0,0,8,0,0,0,8
12/19/2008,OLV,MS,ASO,CE,Federal Contract Tower,0,4,14,0,18,0,0,73,0,73,0,4,87,0,91,82,0,82,173
12/20/2008,OLV,MS,ASO,CE,Federal Contract Tower,0,8,14,0,22,0,0,7,0,7,0,8,21,0,29,20,0,20,49
12/21/2008,OLV,MS,ASO,CE,Federal Contract Tower,0,2,10,0,12,0,0,53,0,53,0,2,63,0,65,62,0,62,127
12/22/2008,OLV,MS,ASO,CE,Federal Contract Tower,0,16,14,0,30,0,4,113,0,117,0,20,127,0,147,138,0,138,285
12/23/2008,OLV,MS,ASO,CE,Federal Contract Tower,0,4,0,0,4,0,1,0,0,1,0,5,0,0,5,0,0,0,5
12/24/2008,OLV,MS,ASO,CE,Federal Contract Tower,1,1,4,0,6,0,0,13,0,13,1,1,17,0,19,48,0,48,67
12/25/2008,OLV,MS,ASO,CE,Federal Contract Tower,0,0,2,0,2,0,0,32,0,32,0,0,34,0,34,36,0,36,70
12/26/2008,OLV,MS,ASO,CE,Federal Contract Tower,0,6,10,0,16,0,0,31,0,31,0,6,41,0,47,32,0,32,79
12/27/2008,OLV,MS,ASO,CE,Federal Contract Tower,0,9,5,0,14,0,0,26,0,26,0,9,31,0,40,42,0,42,82
12/28/2008,OLV,MS,ASO,CE,Federal Contract Tower,0,14,15,0,29,0,0,91,0,91,0,14,106,0,120,160,0,160,280
12/29/2008,OLV,MS,ASO,CE,Federal Contract Tower,0,10,13,0,23,0,10,98,2,110,0,20,111,2,133,104,0,104,237
12/30/2008,OLV,MS,ASO,CE,Federal Contract Tower,0,12,12,0,24,0,6,119,1,126,0,18,131,1,150,90,0,90,240
12/31/2008,OLV,MS,ASO,CE,Federal Contract Tower,0,16,10,0,26,0,2,82,0,84,0,18,92,0,110,58,0,58,168
01/01/2009,OLV,MS,ASO,CE,Federal Contract Tower,0,0,5,0,5,0,0,84,0,84,0,0,89,0,89,74,0,74,163
01/02/2009,OLV,MS,ASO,CE,Federal Contract Tower,0,13,10,0,23,0,0,106,0,106,0,13,116,0,129,134,0,134,263
01/03/2009,OLV,MS,ASO,CE,Federal Contract Tower,0,10,5,0,15,0,0,13,0,13,0,10,18,0,28,18,0,18,46
01/04/2009,OLV,MS,ASO,CE,Federal Contract Tower,0,7,4,0,11,0,0,0,0,0,0,7,4,0,11,0,0,0,11
01/05/2009,OLV,MS,ASO,CE,Federal Contract Tower,0,9,2,0,11,0,0,0,0,0,0,9,2,0,11,0,0,0,11
01/06/2009,OLV,MS,ASO,CE,Federal Contract Tower,0,2,2,0,4,0,0,0,0,0,0,2,2,0,4,0,0,0,4
01/07/2009,OLV,MS,ASO,CE,Federal Contract Tower,0,6,6,0,12,0,0,41,0,41,0,6,47,0,53,32,0,32,85
01/08/2009,OLV,MS,ASO,CE,Federal Contract Tower,0,15,14,2,31,0,0,119,0,119,0,15,133,2,150,174,0,174,324
01/09/2009,OLV,MS,ASO,CE,Federal Contract Tower,0,5,29,2,36,0,1,140,0,141,0,6,169,2,177,120,0,120,297
01/10/2009,OLV,MS,ASO,CE,Federal Contract Tower,0,3,12,0,15,0,1,5,0,6,0,4,17,0,21,10,0,10,31
01/11/2009,OLV,MS,ASO,CE,Federal Contract Tower,0,2,12,1,15,0,0,74,1,75,0,2,86,2,90,108,4,112,202
01/12/2009,OLV,MS,ASO,CE,Federal Contract Tower,0,8,7,1,16,0,7,64,0,71,0,15,71,1,87,122,0,122,209
01/13/2009,OLV,MS,ASO,CE,Federal Contract Tower,0,9,5,0,14,0,1,39,0,40,0,10,44,0,54,54,0,54,108
01/14/2009,OLV,MS,ASO,CE,Federal Contract Tower,0,9,7,0,16,0,4,32,0,36,0,13,39,0,52,18,0,18,70
01/15/2009,OLV,MS,ASO,CE,Federal Contract Tower,0,13,6,0,19,0,3,60,2,65,0,16,66,2,84,48,0,48,132
01/16/2009,OLV,MS,ASO,CE,Federal Contract Tower,0,11,13,0,24,0,3,68,0,71,0,14,81,0,95,64,0,64,159
01/17/2009,OLV,MS,ASO,CE,Federal Contract Tower,0,6,16,0,22,0,1,47,0,48,0,7,63,0,70,76,0,76,146
01/18/2009,OLV,MS,ASO,CE,Federal Contract Tower,0,4,3,1,8,0,1,73,0,74,0,5,76,1,82,102,6,108,190
01/19/2009,OLV,MS,ASO,CE,Federal Contract Tower,0,6,10,0,16,0,0,36,1,37,0,6,46,1,53,36,0,36,89
01/20/2009,OLV,MS,ASO,CE,Federal Contract Tower,0,10,3,0,13,0,0,6,0,6,0,10,9,0,19,16,0,16,35
01/21/2009,OLV,MS,ASO,CE,Federal Contract Tower,0,10,6,0,16,0,2,57,0,59,0,12,63,0,75,102,0,102,177
01/22/2009,OLV,MS,ASO,CE,Federal Contract Tower,0,11,8,1,20,0,1,100,1,102,0,12,108,2,122,145,4,149,271
01/23/2009,OLV,MS,ASO,CE,Federal Contract Tower,0,4,23,1,28,0,0,60,0,60,0,4,83,1,88,78,0,78,166
01/24/2009,OLV,MS,ASO,CE,Federal Contract Tower,0,8,12,1,21,0,0,86,0,86,0,8,98,1,107,102,4,106,213
01/25/2009,OLV,MS,ASO,CE,Federal Contract Tower,0,4,8,0,12,0,0,66,0,66,0,4,74,0,78,122,12,134,212
01/26/2009,OLV,MS,ASO,CE,Federal Contract Tower,0,19,14,0,33,0,2,37,0,39,0,21,51,0,72,156,0,156,228
01/27/2009,OLV,MS,ASO,CE,Federal Contract Tower,0,8,0,0,8,0,0,0,0,0,0,8,0,0,8,0,0,0,8
01/28/2009,OLV,MS,ASO,CE,Federal Contract Tower,0,8,2,0,10,0,0,1,0,1,0,8,3,0,11,0,0,0,11
01/29/2009,OLV,MS,ASO,CE,Federal Contract Tower,0,16,6,0,22,0,0,51,0,51,0,16,57,0,73,78,0,78,151
01/30/2009,OLV,MS,ASO,CE,Federal Contract Tower,0,17,14,0,31,0,0,89,0,89,0,17,103,0,120,106,0,106,226
01/31/2009,OLV,MS,ASO,CE,Federal Contract Tower,0,2,21,0,23,0,0,151,2,153,0,2,172,2,176,112,0,112,288
02/01/2009,OLV,MS,ASO,CE,Federal Contract Tower,0,5,6,0,11,0,1,56,0,57,0,6,62,0,68,42,0,42,110
02/02/2009,OLV,MS,ASO,CE,Federal Contract Tower,0,10,9,0,19,0,2,66,0,68,0,12,75,0,87,68,0,68,155
02/03/2009,OLV,MS,ASO,CE,Federal Contract Tower,0,11,5,0,16,0,1,52,0,53,0,12,57,0,69,48,0,48,117
02/04/2009,OLV,MS,ASO,CE,Federal Contract Tower,0,17,2,0,19,0,1,30,0,31,0,18,32,0,50,70,0,70,120
02/05/2009,OLV,MS,ASO,CE,Federal Contract Tower,0,17,6,1,24,0,4,95,0,99,0,21,101,1,123,110,0,110,233
02/06/2009,OLV,MS,ASO,CE,Federal Contract Tower,0,8,21,1,30,0,0,87,0,87,0,8,108,1,117,70,0,70,187
02/07/2009,OLV,MS,ASO,CE,Federal Contract Tower,0,15,6,2,23,0,3,77,0,80,0,18,83,2,103,42,0,42,145
02/08/2009,OLV,MS,ASO,CE,Federal Contract Tower,0,3,15,2,20,0,0,78,5,83,0,3,93,7,103,54,10,64,167
02/09/2009,OLV,MS,ASO,CE,Federal Contract Tower,0,6,1,0,7,0,1,45,0,46,0,7,46,0,53,0,0,0,53
02/10/2009,OLV,MS,ASO,CE,Federal Contract Tower,0,7,8,0,15,0,0,3,0,3,0,7,11,0,18,30,0,30,48
02/11/2009,OLV,MS,ASO,CE,Federal Contract Tower,0,5,3,0,8,0,0,0,0,0,0,5,3,0,8,0,0,0,8
02/12/2009,OLV,MS,ASO,CE,Federal Contract Tower,0,9,24,0,33,0,0,104,0,104,0,9,128,0,137,154,0,154,291
02/13/2009,OLV,MS,ASO,CE,Federal Contract Tower,0,15,10,0,25,0,0,57,0,57,0,15,67,0,82,70,0,70,152
02/14/2009,OLV,MS,ASO,CE,Federal Contract Tower,0,2,4,0,6,0,0,51,0,51,0,2,55,0,57,78,0,78,135
02/15/2009,OLV,MS,ASO,CE,Federal Contract Tower,0,4,5,0,9,0,0,64,2,66,0,4,69,2,75,72,8,80,155
02/16/2009,OLV,MS,ASO,CE,Federal Contract Tower,0,5,11,0,16,0,0,104,0,104,0,5,115,0,120,74,0,74,194
02/17/2009,OLV,MS,ASO,CE,Federal Contract Tower,0,15,4,0,19,0,6,23,0,29,0,21,27,0,48,34,0,34,82
02/18/2009,OLV,MS,ASO,CE,Federal Contract Tower,0,12,7,0,19,0,28,11,0,39,0,40,18,0,58,0,0,0,58
02/19/2009,OLV,MS,ASO,CE,Federal Contract Tower,0,15,16,3,34,0,9,69,11,89,0,24,85,14,123,146,4,150,273
02/20/2009,OLV,MS,ASO,CE,Federal Contract Tower,0,9,14,0,23,0,0,84,0,84,0,9,98,0,107,106,0,106,213
02/21/2009,OLV,MS,ASO,CE,Federal Contract Tower,0,1,5,0,6,0,0,17,0,17,0,1,22,0,23,20,0,20,43
02/22/2009,OLV,MS,ASO,CE,Federal Contract Tower,0,15,16,0,31,0,0,79,0,79,0,15,95,0,110,82,0,82,192
02/23/2009,OLV,MS,ASO,CE,Federal Contract Tower,0,11,12,0,23,0,12,75,1,88,0,23,87,1,111,40,0,40,151
02/24/2009,OLV,MS,ASO,CE,Federal Contract Tower,0,13,13,0,26,0,2,38,2,42,0,15,51,2,68,78,0,78,146
02/25/2009,OLV,MS,ASO,CE,Federal Contract Tower,0,21,8,0,29,0,23,47,0,70,0,44,55,0,99,59,0,59,158
02/26/2009,OLV,MS,ASO,CE,Federal Contract Tower,0,21,12,0,33,0,0,42,0,42,0,21,54,0,75,56,0,56,131
02/27/2009,OLV,MS,ASO,CE,Federal Contract Tower,0,16,16,0,32,0,0,42,0,42,0,16,58,0,74,32,0,32,106
02/28/2009,OLV,MS,ASO,CE,Federal Contract Tower,0,4,0,0,4,0,0,0,0,0,0,4,0,0,4,0,0,0,4
03/01/2009,OLV,MS,ASO,CE,Federal Contract Tower,0,7,3,0,10,0,0,8,0,8,0,7,11,0,18,4,0,4,22
03/02/2009,OLV,MS,ASO,CE,Federal Contract Tower,0,11,7,0,18,0,4,53,2,59,0,15,60,2,77,66,6,72,149
03/03/2009,OLV,MS,ASO,CE,Federal Contract Tower,0,5,18,0,23,0,1,43,2,46,0,6,61,2,69,36,0,36,105
03/04/2009,OLV,MS,ASO,CE,Federal Contract Tower,0,7,10,0,17,0,7,68,0,75,0,14,78,0,92,144,0,144,236
03/05/2009,OLV,MS,ASO,CE,Federal Contract Tower,0,17,9,0,26,0,1,53,2,56,0,18,62,2,82,32,0,32,114
03/06/2009,OLV,MS,ASO,CE,Federal Contract Tower,0,10,15,2,27,0,2,61,1,64,0,12,76,3,91,34,0,34,125
03/07/2009,OLV,MS,ASO,CE,Federal Contract Tower,0,7,12,0,19,0,4,55,0,59,0,11,67,0,78,144,0,144,222
03/08/2009,OLV,MS,ASO,CE,Federal Contract Tower,0,5,5,0,10,0,0,5,6,11,0,5,10,6,21,0,0,0,21
03/09/2009,OLV,MS,ASO,CE,Federal Contract Tower,0,18,10,0,28,0,12,55,0,67,0,30,65,0,95,126,0,126,221
03/10/2009,OLV,MS,ASO,CE,Federal Contract Tower,0,12,3,0,15,0,0,13,0,13,0,12,16,0,28,22,0,22,50
03/11/2009,OLV,MS,ASO,CE,Federal Contract Tower,0,8,4,0,12,0,0,20,0,20,0,8,24,0,32,46,0,46,78
03/12/2009,OLV,MS,ASO,CE,Federal Contract Tower,0,8,0,0,8,0,0,0,0,0,0,8,0,0,8,0,0,0,8
03/13/2009,OLV,MS,ASO,CE,Federal Contract Tower,0,5,4,0,9,0,0,11,0,11,0,5,15,0,20,0,0,0,20
03/14/2009,OLV,MS,ASO,CE,Federal Contract Tower,0,3,2,0,5,0,0,1,0,1,0,3,3,0,6,0,0,0,6
03/15/2009,OLV,MS,ASO,CE,Federal Contract Tower,0,6,4,0,10,0,0,6,0,6,0,6,10,0,16,40,0,40,56
03/16/2009,OLV,MS,ASO,CE,Federal Contract Tower,0,8,13,0,21,0,6,12,0,18,0,14,25,0,39,66,0,66,105
03/17/2009,OLV,MS,ASO,CE,Federal Contract Tower,0,15,10,0,25,0,6,66,3,75,0,21,76,3,100,82,0,82,182
03/18/2009,OLV,MS,ASO,CE,Federal Contract Tower,0,7,8,0,15,0,3,105,0,108,0,10,113,0,123,114,0,114,237
03/19/2009,OLV,MS,ASO,CE,Federal Contract Tower,0,12,5,1,18,0,8,99,0,107,0,20,104,1,125,88,0,88,213
03/20/2009,OLV,MS,ASO,CE,Federal Contract Tower,0,7,12,0,19,0,23,92,0,115,0,30,104,0,134,110,0,110,244
03/21/2009,OLV,MS,ASO,CE,Federal Contract Tower,0,20,11,0,31,0,0,74,0,74,0,20,85,0,105,54,0,54,159
03/22/2009,OLV,MS,ASO,CE,Federal Contract Tower,0,10,13,3,26,0,0,92,4,96,0,10,105,7,122,136,0,136,258
03/23/2009,OLV,MS,ASO,CE,Federal Contract Tower,0,12,9,0,21,0,2,57,1,60,0,14,66,1,81,62,0,62,143
03/24/2009,OLV,MS,ASO,CE,Federal Contract Tower,0,14,3,0,17,0,0,9,0,9,0,14,12,0,26,16,0,16,42
03/25/2009,OLV,MS,ASO,CE,Federal Contract Tower,0,5,4,0,9,2,12,62,0,76,2,17,66,0,85,116,0,116,201
03/26/2009,OLV,MS,ASO,CE,Federal Contract Tower,0,11,10,0,21,0,4,46,0,50,0,15,56,0,71,46,0,46,117
03/27/2009,OLV,MS,ASO,CE,Federal Contract Tower,0,10,7,0,17,0,0,1,0,1,0,10,8,0,18,0,0,0,18
03/28/2009,OLV,MS,ASO,CE,Federal Contract Tower,0,4,5,0,9,0,1,14,0,15,0,5,19,0,24,0,0,0,24
03/29/2009,OLV,MS,ASO,CE,Federal Contract Tower,0,9,12,0,21,0,3,35,4,42,0,12,47,4,63,44,6,50,113
03/30/2009,OLV,MS,ASO,CE,Federal Contract Tower,0,8,15,0,23,0,11,57,0,68,0,19,72,0,91,66,0,66,157
03/31/2009,OLV,MS,ASO,CE,Federal Contract Tower,0,14,4,0,18,0,1,10,0,11,0,15,14,0,29,0,0,0,29
04/01/2009,OLV,MS,ASO,CE,Federal Contract Tower,0,6,20,0,26,0,16,134,2,152,0,22,154,2,178,186,0,186,364
04/02/2009,OLV,MS,ASO,CE,Federal Contract Tower,0,10,1,0,11,0,1,2,0,3,0,11,3,0,14,8,0,8,22
04/03/2009,OLV,MS,ASO,CE,Federal Contract Tower,0,11,18,0,29,0,21,103,0,124,0,32,121,0,153,84,0,84,237
04/04/2009,OLV,MS,ASO,CE,Federal Contract Tower,0,4,10,3,17,0,2,123,1,126,0,6,133,4,143,118,0,118,261
04/05/2009,OLV,MS,ASO,CE,Federal Contract Tower,0,7,12,0,19,0,0,12,0,12,0,7,24,0,31,0,0,0,31
04/06/2009,OLV,MS,ASO,CE,Federal Contract Tower,0,6,3,0,9,0,3,2,0,5,0,9,5,0,14,0,0,0,14
04/07/2009,OLV,MS,ASO,CE,Federal Contract Tower,0,14,7,0,21,0,4,62,1,67,0,18,69,1,88,40,12,52,140
04/08/2009,OLV,MS,ASO,CE,Federal Contract Tower,0,11,5,0,16,0,8,93,1,102,0,19,98,1,118,134,0,134,252
04/09/2009,OLV,MS,ASO,CE,Federal Contract Tower,0,15,8,0,23,0,2,37,0,39,0,17,45,0,62,38,0,38,100
04/10/2009,OLV,MS,ASO,CE,Federal Contract Tower,0,13,7,1,21,0,3,0,0,3,0,16,7,1,24,0,0,0,24
04/11/2009,OLV,MS,ASO,CE,Federal Contract Tower,0,4,11,0,15,0,10,109,0,119,0,14,120,0,134,98,0,98,232
04/12/2009,OLV,MS,ASO,CE,Federal Contract Tower,0,2,4,0,6,0,0,5,0,5,0,2,9,0,11,0,0,0,11
04/13/2009,OLV,MS,ASO,CE,Federal Contract Tower,0,17,14,0,31,0,0,3,0,3,0,17,17,0,34,20,0,20,54
04/14/2009,OLV,MS,ASO,CE,Federal Contract Tower,0,11,7,0,18,0,0,32,0,32,0,11,39,0,50,24,0,24,74
04/15/2009,OLV,MS,ASO,CE,Federal Contract Tower,0,10,7,0,17,0,6,124,0,130,0,16,131,0,147,146,0,146,293
04/16/2009,OLV,MS,ASO,CE,Federal Contract Tower,0,6,18,3,27,0,9,65,0,74,0,15,83,3,101,66,8,74,175
04/17/2009,OLV,MS,ASO,CE,Federal Contract Tower,0,11,21,0,32,0,9,161,0,170,0,20,182,0,202,62,0,62,264
04/18/2009,OLV,MS,ASO,CE,Federal Contract Tower,0,5,4,0,9,0,2,68,0,70,0,7,72,0,79,52,0,52,131
04/19/2009,OLV,MS,ASO,CE,Federal Contract Tower,0,11,4,0,15,0,0,3,0,3,0,11,7,0,18,0,0,0,18
04/20/2009,OLV,MS,ASO,CE,Federal Contract Tower,0,9,7,2,18,0,0,34,0,34,0,9,41,2,52,44,2,46,98
04/21/2009,OLV,MS,ASO,CE,Federal Contract Tower,0,19,14,0,33,0,3,50,2,55,0,22,64,2,88,16,0,16,104
04/22/2009,OLV,MS,ASO,CE,Federal Contract Tower,0,10,12,0,22,0,0,73,0,73,0,10,85,0,95,196,0,196,291
04/23/2009,OLV,MS,ASO,CE,Federal Contract Tower,0,16,7,0,23,0,0,38,0,38,0,16,45,0,61,6,0,6,67
04/24/2009,OLV,MS,ASO,CE,Federal Contract Tower,0,16,14,1,31,0,6,85,0,91,0,22,99,1,122,50,0,50,172
04/25/2009,OLV,MS,ASO,CE,Federal Contract Tower,0,7,10,2,19,0,9,122,0,131,0,16,132,2,150,170,0,170,320
04/26/2009,OLV,MS,ASO,CE,Federal Contract Tower,0,11,10,0,21,0,9,37,1,47,0,20,47,1,68,24,0,24,92
04/27/2009,OLV,MS,ASO,CE,Federal Contract Tower,0,12,9,0,21,0,1,27,0,28,0,13,36,0,49,28,0,28,77
04/28/2009,OLV,MS,ASO,CE,Federal Contract Tower,0,24,12,0,36,0,2,44,0,46,0,26,56,0,82,86,0,86,168
04/29/2009,OLV,MS,ASO,CE,Federal Contract Tower,0,14,2,0,16,0,12,41,0,53,0,26,43,0,69,98,0,98,167
04/30/2009,OLV,MS,ASO,CE,Federal Contract Tower,0,15,11,0,26,0,10,65,0,75,0,25,76,0,101,78,0,78,179
05/01/2009,OLV,MS,ASO,CE,Federal Contract Tower,0,8,9,0,17,0,4,82,0,86,0,12,91,0,103,104,0,104,207
05/02/2009,OLV,MS,ASO,CE,Federal Contract Tower,0,3,2,0,5,0,0,0,0,0,0,3,2,0,5,0,0,0,5
05/03/2009,OLV,MS,ASO,CE,Federal Contract Tower,0,3,4,2,9,0,0,1,0,1,0,3,5,2,10,0,0,0,10
05/04/2009,OLV,MS,ASO,CE,Federal Contract Tower,0,10,16,0,26,0,0,10,0,10,0,10,26,0,36,16,0,16,52
05/05/2009,OLV,MS,ASO,CE,Federal Contract Tower,0,12,4,0,16,0,2,58,0,60,0,14,62,0,76,90,0,90,166
05/06/2009,OLV,MS,ASO,CE,Federal Contract Tower,0,4,7,0,11,0,0,25,0,25,0,4,32,0,36,14,0,14,50
05/07/2009,OLV,MS,ASO,CE,Federal Contract Tower,0,17,19,0,36,0,0,46,2,48,0,17,65,2,84,80,0,80,164
05/08/2009,OLV,MS,ASO,CE,Federal Contract Tower,0,13,17,0,30,0,0,34,0,34,0,13,51,0,64,50,0,50,114
05/09/2009,OLV,MS,ASO,CE,Federal Contract Tower,0,4,0,0,4,0,4,21,0,25,0,8,21,0,29,88,0,88,117
05/10/2009,OLV,MS,ASO,CE,Federal Contract Tower,0,12,6,0,18,0,0,0,0,0,0,12,6,0,18,0,0,0,18
05/11/2009,OLV,MS,ASO,CE,Federal Contract Tower,0,5,3,0,8,0,6,41,2,49,0,11,44,2,57,114,0,114,171
05/12/2009,OLV,MS,ASO,CE,Federal Contract Tower,0,13,5,1,19,0,4,45,0,49,0,17,50,1,68,100,0,100,168
05/13/2009,OLV,MS,ASO,CE,Federal Contract Tower,0,10,10,5,25,0,0,44,3,47,0,10,54,8,72,42,6,48,120
05/14/2009,OLV,MS,ASO,CE,Federal Contract Tower,0,9,10,0,19,0,0,61,0,61,0,9,71,0,80,98,0,98,178
05/15/2009,OLV,MS,ASO,CE,Federal Contract Tower,0,7,26,2,35,0,6,96,1,103,0,13,122,3,138,88,0,88,226
05/16/2009,OLV,MS,ASO,CE,Federal Contract Tower,0,5,10,0,15,0,11,27,0,38,0,16,37,0,53,72,0,72,125
05/17/2009,OLV,MS,ASO,CE,Federal Contract Tower,0,5,13,1,19,0,0,51,2,53,0,5,64,3,72,48,6,54,126
05/18/2009,OLV,MS,ASO,CE,Federal Contract Tower,0,11,6,0,17,0,6,54,2,62,0,17,60,2,79,90,0,90,169
05/19/2009,OLV,MS,ASO,CE,Federal Contract Tower,0,15,8,1,24,0,17,76,6,99,0,32,84,7,123,90,18,108,231
05/20/2009,OLV,MS,ASO,CE,Federal Contract Tower,0,12,17,0,29,0,9,143,0,152,0,21,160,0,181,106,0,106,287
05/21/2009,OLV,MS,ASO,CE,Federal Contract Tower,0,10,12,2,24,0,0,103,2,105,0,10,115,4,129,84,16,100,229
05/22/2009,OLV,MS,ASO,CE,Federal Contract Tower,0,15,11,0,26,0,3,108,0,111,0,18,119,0,137,110,0,110,247
05/23/2009,OLV,MS,ASO,CE,Federal Contract Tower,0,6,11,0,17,0,1,55,0,56,0,7,66,0,73,92,0,92,165
05/24/2009,OLV,MS,ASO,CE,Federal Contract Tower,0,6,4,0,10,0,0,3,0,3,0,6,7,0,13,20,0,20,33
05/25/2009,OLV,MS,ASO,CE,Federal Contract Tower,0,7,16,1,24,0,2,31,3,36,0,9,47,4,60,140,0,140,200
05/26/2009,OLV,MS,ASO,CE,Federal Contract Tower,0,11,12,0,23,0,1,21,0,22,0,12,33,0,45,20,0,20,65
05/27/2009,OLV,MS,ASO,CE,Federal Contract Tower,0,9,9,1,19,0,4,72,2,78,0,13,81,3,97,96,0,96,193
05/28/2009,OLV,MS,ASO,CE,Federal Contract Tower,0,10,30,1,41,0,1,74,1,76,0,11,104,2,117,170,12,182,299
05/29/2009,OLV,MS,ASO,CE,Federal Contract Tower,0,14,11,0,25,0,10,118,3,131,0,24,129,3,156,206,5,211,367
05/30/2009,OLV,MS,ASO,CE,Federal Contract Tower,0,5,12,2,19,0,10,112,0,122,0,15,124,2,141,122,0,122,263
05/31/2009,OLV,MS,ASO,CE,Federal Contract Tower,0,7,15,0,22,0,4,97,0,101,0,11,112,0,123,66,0,66,189
06/01/2009,OLV,MS,ASO,CE,Federal Contract Tower,0,5,8,0,13,0,3,62,2,67,0,8,70,2,80,58,0,58,138
06/02/2009,OLV,MS,ASO,CE,Federal Contract Tower,0,13,11,0,24,0,2,61,0,63,0,15,72,0,87,154,0,154,241
06/03/2009,OLV,MS,ASO,CE,Federal Contract Tower,0,10,11,0,21,0,2,44,0,46,0,12,55,0,67,102,0,102,169
06/04/2009,OLV,MS,ASO,CE,Federal Contract Tower,0,8,27,0,35,0,0,1,0,1,0,8,28,0,36,0,0,0,36
06/05/2009,OLV,MS,ASO,CE,Federal Contract Tower,0,16,11,1,28,0,6,121,8,135,0,22,132,9,163,198,6,204,367
06/06/2009,OLV,MS,ASO,CE,Federal Contract Tower,0,11,14,0,25,0,12,137,6,155,0,23,151,6,180,132,20,152,332
06/07/2009,OLV,MS,ASO,CE,Federal Contract Tower,0,7,16,0,23,0,1,75,4,80,0,8,91,4,103,72,0,72,175
06/08/2009,OLV,MS,ASO,CE,Federal Contract Tower,0,15,9,0,24,0,0,88,4,92,0,15,97,4,116,76,10,86,202
06/09/2009,OLV,MS,ASO,CE,Federal Contract Tower,0,19,25,0,44,0,4,71,1,76,0,23,96,1,120,140,8,148,268
06/10/2009,OLV,MS,ASO,CE,Federal Contract Tower,0,19,12,0,31,0,5,111,1,117,0,24,123,1,148,168,0,168,316
06/11/2009,OLV,MS,ASO,CE,Federal Contract Tower,0,12,12,0,24,0,22,53,2,77,0,34,65,2,101,72,0,72,173
06/12/2009,OLV,MS,ASO,CE,Federal Contract Tower,0,11,28,0,39,0,8,89,0,97,0,19,117,0,136,152,0,152,288
06/13/2009,OLV,MS,ASO,CE,Federal Contract Tower,0,13,15,3,31,0,31,49,9,89,0,44,64,12,120,136,2,138,258
06/14/2009,OLV,MS,ASO,CE,Federal Contract Tower,0,13,9,0,22,0,1,13,2,16,0,14,22,2,38,8,0,8,46
06/15/2009,OLV,MS,ASO,CE,Federal Contract Tower,0,14,4,0,18,0,3,44,0,47,0,17,48,0,65,136,0,136,201
06/16/2009,OLV,MS,ASO,CE,Federal Contract Tower,0,12,18,0,30,0,5,92,2,99,0,17,110,2,129,120,0,120,249
06/17/2009,OLV,MS,ASO,CE,Federal Contract Tower,0,11,11,0,22,0,5,160,0,165,0,16,171,0,187,196,0,196,383
06/18/2009,OLV,MS,ASO,CE,Federal Contract Tower,0,11,12,1,24,0,25,72,0,97,0,36,84,1,121,200,0,200,321
06/19/2009,OLV,MS,ASO,CE,Federal Contract Tower,0,16,6,0,22,0,1,91,2,94,0,17,97,2,116,286,0,286,402
06/20/2009,OLV,MS,ASO,CE,Federal Contract Tower,0,8,16,0,24,0,7,85,2,94,0,15,101,2,118,152,0,152,270
06/21/2009,OLV,MS,ASO,CE,Federal Contract Tower,0,7,7,2,16,0,3,41,5,49,0,10,48,7,65,6,24,30,95
06/22/2009,OLV,MS,ASO,CE,Federal Contract Tower,0,8,12,0,20,0,1,63,0,64,0,9,75,0,84,102,0,102,186
06/23/2009,OLV,MS,ASO,CE,Federal Contract Tower,0,22,14,0,36,0,5,61,0,66,0,27,75,0,102,96,0,96,198
06/24/2009,OLV,MS,ASO,CE,Federal Contract Tower,0,15,24,0,39,0,9,98,0,107,0,24,122,0,146,62,0,62,208
06/25/2009,OLV,MS,ASO,CE,Federal Contract Tower,0,9,7,0,16,0,7,98,0,105,0,16,105,0,121,160,0,160,281
06/26/2009,OLV,MS,ASO,CE,Federal Contract Tower,0,18,9,1,28,0,10,88,0,98,0,28,97,1,126,88,0,88,214
06/27/2009,OLV,MS,ASO,CE,Federal Contract Tower,0,11,9,1,21,0,2,77,0,79,0,13,86,1,100,106,0,106,206
06/28/2009,OLV,MS,ASO,CE,Federal Contract Tower,0,4,11,0,15,0,3,36,0,39,0,7,47,0,54,10,0,10,64
06/29/2009,OLV,MS,ASO,CE,Federal Contract Tower,0,9,14,0,23,0,4,42,2,48,0,13,56,2,71,140,0,140,211
06/30/2009,OLV,MS,ASO,CE,Federal Contract Tower,0,20,12,0,32,0,3,94,0,97,0,23,106,0,129,170,0,170,299
07/01/2009,OLV,MS,ASO,CE,Federal Contract Tower,0,11,21,0,32,0,4,90,0,94,0,15,111,0,126,146,0,146,272
07/02/2009,OLV,MS,ASO,CE,Federal Contract Tower,0,17,9,0,26,0,14,82,2,98,0,31,91,2,124,86,0,86,210
07/03/2009,OLV,MS,ASO,CE,Federal Contract Tower,0,2,12,0,14,0,4,91,4,99,0,6,103,4,113,118,0,118,231
07/04/2009,OLV,MS,ASO,CE,Federal Contract Tower,0,3,5,0,8,0,14,75,2,91,0,17,80,2,99,30,0,30,129
07/05/2009,OLV,MS,ASO,CE,Federal Contract Tower,0,11,10,0,21,0,0,0,0,0,0,11,10,0,21,0,0,0,21
07/06/2009,OLV,MS,ASO,CE,Federal Contract Tower,0,11,9,0,20,0,0,30,0,30,0,11,39,0,50,62,0,62,112
07/07/2009,OLV,MS,ASO,CE,Federal Contract Tower,0,12,11,0,23,0,3,68,2,73,0,15,79,2,96,122,0,122,218
07/08/2009,OLV,MS,ASO,CE,Federal Contract Tower,0,12,10,0,22,0,0,56,0,56,0,12,66,0,78,32,0,32,110
07/09/2009,OLV,MS,ASO,CE,Federal Contract Tower,0,13,5,0,18,0,0,59,3,62,0,13,64,3,80,58,0,58,138
07/10/2009,OLV,MS,ASO,CE,Federal Contract Tower,0,8,15,0,23,0,3,66,0,69,0,11,81,0,92,66,0,66,158
07/11/2009,OLV,MS,ASO,CE,Federal Contract Tower,0,10,7,0,17,0,6,55,4,65,0,16,62,4,82,138,0,138,220
07/12/2009,OLV,MS,ASO,CE,Federal Contract Tower,0,4,17,0,21,0,0,29,3,32,0,4,46,3,53,8,0,8,61
07/13/2009,OLV,MS,ASO,CE,Federal Contract Tower,0,6,3,0,9,0,0,17,0,17,0,6,20,0,26,34,0,34,60
07/14/2009,OLV,MS,ASO,CE,Federal Contract Tower,0,17,7,2,26,0,0,78,0,78,0,17,85,2,104,120,0,120,224
07/15/2009,OLV,MS,ASO,CE,Federal Contract Tower,0,16,11,2,29,0,1,81,0,82,0,17,92,2,111,142,0,142,253
07/16/2009,OLV,MS,ASO,CE,Federal Contract Tower,0,10,6,0,16,0,1,37,0,38,0,11,43,0,54,68,0,68,122
07/17/2009,OLV,MS,ASO,CE,Federal Contract Tower,0,14,13,0,27,0,16,84,2,102,0,30,97,2,129,134,8,142,271
07/18/2009,OLV,MS,ASO,CE,Federal Contract Tower,0,2,11,0,13,0,2,128,4,134,0,4,139,4,147,102,0,102,249
07/19/2009,OLV,MS,ASO,CE,Federal Contract Tower,0,9,8,4,21,0,7,86,0,93,0,16,94,4,114,110,0,110,224
07/20/2009,OLV,MS,ASO,CE,Federal Contract Tower,0,2,3,0,5,0,3,82,0,85,0,5,85,0,90,140,0,140,230
07/21/2009,OLV,MS,ASO,CE,Federal Contract Tower,0,7,3,0,10,0,0,6,0,6,0,7,9,0,16,0,0,0,16
07/22/2009,OLV,MS,ASO,CE,Federal Contract Tower,0,11,13,0,24,0,2,79,0,81,0,13,92,0,105,42,0,42,147
07/23/2009,OLV,MS,ASO,CE,Federal Contract Tower,0,15,15,0,30,0,32,85,1,118,0,47,100,1,148,128,2,130,278
07/24/2009,OLV,MS,ASO,CE,Federal Contract Tower,0,12,16,1,29,0,9,120,0,129,0,21,136,1,158,116,0,116,274
07/25/2009,OLV,MS,ASO,CE,Federal Contract Tower,0,3,10,1,14,0,7,81,0,88,0,10,91,1,102,156,0,156,258
07/26/2009,OLV,MS,ASO,CE,Federal Contract Tower,0,7,6,0,13,0,4,58,6,68,0,11,64,6,81,34,0,34,115
07/27/2009,OLV,MS,ASO,CE,Federal Contract Tower,0,12,12,0,24,0,1,35,2,38,0,13,47,2,62,52,0,52,114
07/28/2009,OLV,MS,ASO,CE,Federal Contract Tower,0,12,7,0,19,0,1,2,0,3,0,13,9,0,22,0,0,0,22
07/29/2009,OLV,MS,ASO,CE,Federal Contract Tower,0,11,9,0,20,0,25,49,0,74,0,36,58,0,94,103,0,103,197
07/30/2009,OLV,MS,ASO,CE,Federal Contract Tower,0,10,6,0,16,0,0,14,0,14,0,10,20,0,30,0,0,0,30
07/31/2009,OLV,MS,ASO,CE,Federal Contract Tower,0,12,16,0,28,0,2,83,6,91,0,14,99,6,119,146,0,146,265
08/01/2009,OLV,MS,ASO,CE,Federal Contract Tower,0,0,9,0,9,0,2,44,4,50,0,2,53,4,59,50,10,60,119
08/02/2009,OLV,MS,ASO,CE,Federal Contract Tower,0,7,7,0,14,0,3,49,1,53,0,10,56,1,67,32,0,32,99
08/03/2009,OLV,MS,ASO,CE,Federal Contract Tower,0,12,5,0,17,0,10,66,0,76,0,22,71,0,93,104,0,104,197
08/04/2009,OLV,MS,ASO,CE,Federal Contract Tower,0,19,10,0,29,0,4,63,0,67,0,23,73,0,96,110,0,110,206
08/05/2009,OLV,MS,ASO,CE,Federal Contract Tower,0,9,9,0,18,0,10,121,0,131,0,19,130,0,149,98,0,98,247
08/06/2009,OLV,MS,ASO,CE,Federal Contract Tower,0,9,13,0,22,0,21,67,0,88,0,30,80,0,110,94,0,94,204
08/07/2009,OLV,MS,ASO,CE,Federal Contract Tower,0,11,18,0,29,0,9,103,2,114,0,20,121,2,143,96,0,96,239
08/08/2009,OLV,MS,ASO,CE,Federal Contract Tower,0,3,6,0,9,0,12,120,4,136,0,15,126,4,145,152,0,152,297
08/09/2009,OLV,MS,ASO,CE,Federal Contract Tower,0,8,13,1,22,0,2,95,0,97,0,10,108,1,119,118,0,118,237
08/10/2009,OLV,MS,ASO,CE,Federal Contract Tower,0,9,5,0,14,0,6,61,3,70,0,15,66,3,84,110,0,110,194
08/11/2009,OLV,MS,ASO,CE,Federal Contract Tower,0,13,10,0,23,0,0,56,0,56,0,13,66,0,79,60,0,60,139
08/12/2009,OLV,MS,ASO,CE,Federal Contract Tower,0,6,17,0,23,0,2,113,0,115,0,8,130,0,138,90,0,90,228
08/13/2009,OLV,MS,ASO,CE,Federal Contract Tower,0,12,14,0,26,0,10,98,0,108,0,22,112,0,134,88,0,88,222
08/14/2009,OLV,MS,ASO,CE,Federal Contract Tower,0,8,12,1,21,0,6,95,4,105,0,14,107,5,126,144,0,144,270
08/15/2009,OLV,MS,ASO,CE,Federal Contract Tower,0,7,5,0,12,0,6,96,2,104,0,13,101,2,116,78,4,82,198
08/16/2009,OLV,MS,ASO,CE,Federal Contract Tower,0,2,6,0,8,0,0,69,3,72,0,2,75,3,80,78,2,80,160
08/17/2009,OLV,MS,ASO,CE,Federal Contract Tower,0,5,8,0,13,0,3,64,18,85,0,8,72,18,98,106,0,106,204
08/18/2009,OLV,MS,ASO,CE,Federal Contract Tower,0,7,10,2,19,0,1,46,9,56,0,8,56,11,75,54,0,54,129
08/19/2009,OLV,MS,ASO,CE,Federal Contract Tower,0,5,13,0,18,0,1,70,9,80,0,6,83,9,98,70,0,70,168
08/20/2009,OLV,MS,ASO,CE,Federal Contract Tower,0,11,9,0,20,0,0,62,4,66,0,11,71,4,86,96,0,96,182
08/21/2009,OLV,MS,ASO,CE,Federal Contract Tower,0,10,16,0,26,0,3,99,4,106,0,13,115,4,132,100,0,100,232
08/22/2009,OLV,MS,ASO,CE,Federal Contract Tower,0,2,5,0,7,0,9,141,4,154,0,11,146,4,161,136,0,136,297
08/23/2009,OLV,MS,ASO,CE,Federal Contract Tower,0,12,4,0,16,0,5,86,6,97,0,17,90,6,113,78,0,78,191
08/24/2009,OLV,MS,ASO,CE,Federal Contract Tower,0,16,8,0,24,0,7,55,3,65,0,23,63,3,89,90,0,90,179
08/25/2009,OLV,MS,ASO,CE,Federal Contract Tower,0,12,5,0,17,0,2,72,5,79,0,14,77,5,96,116,8,124,220
08/26/2009,OLV,MS,ASO,CE,Federal Contract Tower,0,6,19,0,25,0,1,96,0,97,0,7,115,0,122,60,0,60,182
08/27/2009,OLV,MS,ASO,CE,Federal Contract Tower,0,9,19,0,28,0,1,92,1,94,0,10,111,1,122,126,0,126,248
08/28/2009,OLV,MS,ASO,CE,Federal Contract Tower,0,6,10,1,17,0,6,92,1,99,0,12,102,2,116,120,0,120,236
08/29/2009,OLV,MS,ASO,CE,Federal Contract Tower,0,4,6,0,10,0,3,76,0,79,0,7,82,0,89,80,0,80,169
08/30/2009,OLV,MS,ASO,CE,Federal Contract Tower,0,4,7,1,12,0,2,80,0,82,0,6,87,1,94,68,0,68,162
08/31/2009,OLV,MS,ASO,CE,Federal Contract Tower,0,7,7,0,14,0,7,48,2,57,0,14,55,2,71,66,0,66,137
09/01/2009,OLV,MS,ASO,CE,Federal Contract Tower,0,17,5,0,22,0,22,48,0,70,0,39,53,0,92,38,0,38,130
09/02/2009,OLV,MS,ASO,CE,Federal Contract Tower,0,10,11,0,21,0,2,86,0,88,0,12,97,0,109,112,0,112,221
09/03/2009,OLV,MS,ASO,CE,Federal Contract Tower,0,11,13,0,24,0,1,79,0,80,0,12,92,0,104,116,0,116,220
09/04/2009,OLV,MS,ASO,CE,Federal Contract Tower,0,7,11,0,18,0,7,68,0,75,0,14,79,0,93,28,0,28,121
09/05/2009,OLV,MS,ASO,CE,Federal Contract Tower,0,5,3,0,8,0,6,95,2,103,0,11,98,2,111,144,2,146,257
09/06/2009,OLV,MS,ASO,CE,Federal Contract Tower,0,5,2,0,7,0,2,41,0,43,0,7,43,0,50,0,0,0,50
09/07/2009,OLV,MS,ASO,CE,Federal Contract Tower,0,14,9,2,25,0,1,55,0,56,0,15,64,2,81,64,0,64,145
09/08/2009,OLV,MS,ASO,CE,Federal Contract Tower,0,11,7,0,18,0,0,49,0,49,0,11,56,0,67,46,0,46,113
09/09/2009,OLV,MS,ASO,CE,Federal Contract Tower,0,2,14,0,16,0,1,90,0,91,0,3,104,0,107,118,0,118,225
09/10/2009,OLV,MS,ASO,CE,Federal Contract Tower,0,13,11,0,24,0,2,90,2,94,0,15,101,2,118,74,0,74,192
09/11/2009,OLV,MS,ASO,CE,Federal Contract Tower,0,12,10,0,22,0,0,88,0,88,0,12,98,0,110,98,0,98,208
09/12/2009,OLV,MS,ASO,CE,Federal Contract Tower,0,10,14,0,24,0,2,65,0,67,0,12,79,0,91,56,0,56,147
09/13/2009,OLV,MS,ASO,CE,Federal Contract Tower,0,9,6,0,15,0,0,25,0,25,0,9,31,0,40,98,0,98,138
09/14/2009,OLV,MS,ASO,CE,Federal Contract Tower,0,7,10,0,17,0,0,1,0,1,0,7,11,0,18,10,0,10,28
09/15/2009,OLV,MS,ASO,CE,Federal Contract Tower,0,14,9,0,23,0,1,3,0,4,0,15,12,0,27,14,0,14,41
09/16/2009,OLV,MS,ASO,CE,Federal Contract Tower,0,24,4,0,28,0,2,0,0,2,0,26,4,0,30,0,0,0,30
09/17/2009,OLV,MS,ASO,CE,Federal Contract Tower,0,12,2,0,14,0,0,6,0,6,0,12,8,0,20,0,0,0,20
09/18/2009,OLV,MS,ASO,CE,Federal Contract Tower,0,15,2,0,17,0,0,0,0,0,0,15,2,0,17,0,0,0,17
09/19/2009,OLV,MS,ASO,CE,Federal Contract Tower,0,12,2,0,14,0,1,10,0,11,0,13,12,0,25,52,0,52,77
09/20/2009,OLV,MS,ASO,CE,Federal Contract Tower,0,5,5,0,10,0,0,8,0,8,0,5,13,0,18,8,0,8,26
09/21/2009,OLV,MS,ASO,CE,Federal Contract Tower,0,9,5,0,14,0,2,20,0,22,0,11,25,0,36,88,0,88,124
09/22/2009,OLV,MS,ASO,CE,Federal Contract Tower,0,9,6,0,15,0,1,37,2,40,0,10,43,2,55,148,0,148,203
09/23/2009,OLV,MS,ASO,CE,Federal Contract Tower,0,15,3,0,18,0,2,21,0,23,0,17,24,0,41,72,0,72,113
09/24/2009,OLV,MS,ASO,CE,Federal Contract Tower,0,10,9,0,19,0,18,0,0,18,0,28,9,0,37,8,0,8,45
09/25/2009,OLV,MS,ASO,CE,Federal Contract Tower,0,14,7,0,21,0,0,14,0,14,0,14,21,0,35,54,0,54,89
09/26/2009,OLV,MS,ASO,CE,Federal Contract Tower,0,8,10,0,18,0,2,80,2,84,0,10,90,2,102,64,0,64,166
09/27/2009,OLV,MS,ASO,CE,Federal Contract Tower,0,5,15,0,20,0,3,132,0,135,0,8,147,0,155,114,0,114,269
09/28/2009,OLV,MS,ASO,CE,Federal Contract Tower,0,11,14,0,25,0,14,74,0,88,0,25,88,0,113,112,0,112,225
09/29/2009,OLV,MS,ASO,CE,Federal Contract Tower,0,7,9,0,16,0,1,79,2,82,0,8,88,2,98,114,0,114,212
09/30/2009,OLV,MS,ASO,CE,Federal Contract Tower,0,12,9,0,21,0,12,97,0,109,0,24,106,0,130,162,0,162,292
10/01/2009,OLV,MS,ASO,CE,Federal Contract Tower,0,10,13,0,23,0,2,90,0,92,0,12,103,0,115,76,0,76,191
10/02/2009,OLV,MS,ASO,CE,Federal Contract Tower,0,13,2,0,15,0,5,125,0,130,0,18,127,0,145,104,0,104,249
10/03/2009,OLV,MS,ASO,CE,Federal Contract Tower,0,1,10,0,11,0,8,108,4,120,0,9,118,4,131,122,16,138,269
10/04/2009,OLV,MS,ASO,CE,Federal Contract Tower,0,5,3,0,8,0,0,8,0,8,0,5,11,0,16,26,0,26,42
10/05/2009,OLV,MS,ASO,CE,Federal Contract Tower,0,9,12,0,21,0,0,2,0,2,0,9,14,0,23,4,0,4,27
10/06/2009,OLV,MS,ASO,CE,Federal Contract Tower,0,12,2,0,14,0,0,0,0,0,0,12,2,0,14,0,0,0,14
10/07/2009,OLV,MS,ASO,CE,Federal Contract Tower,0,9,6,0,15,0,17,82,4,103,0,26,88,4,118,120,0,120,238
10/08/2009,OLV,MS,ASO,CE,Federal Contract Tower,0,12,14,0,26,0,4,27,0,31,0,16,41,0,57,74,0,74,131
10/09/2009,OLV,MS,ASO,CE,Federal Contract Tower,0,4,3,0,7,0,0,3,0,3,0,4,6,0,10,2,0,2,12
10/10/2009,OLV,MS,ASO,CE,Federal Contract Tower,0,16,10,0,26,0,0,5,0,5,0,16,15,0,31,8,0,8,39
10/11/2009,OLV,MS,ASO,CE,Federal Contract Tower,0,17,8,0,25,0,1,58,0,59,0,18,66,0,84,136,0,136,220
10/12/2009,OLV,MS,ASO,CE,Federal Contract Tower,0,5,7,0,12,0,0,16,0,16,0,5,23,0,28,88,0,88,116
10/13/2009,OLV,MS,ASO,CE,Federal Contract Tower,0,9,10,0,19,0,0,0,0,0,0,9,10,0,19,0,0,0,19
10/14/2009,OLV,MS,ASO,CE,Federal Contract Tower,0,11,13,0,24,0,0,0,0,0,0,11,13,0,24,0,0,0,24
10/15/2009,OLV,MS,ASO,CE,Federal Contract Tower,0,13,11,2,26,0,4,1,0,5,0,17,12,2,31,0,0,0,31
10/16/2009,OLV,MS,ASO,CE,Federal Contract Tower,0,19,16,6,41,0,7,67,2,76,0,26,83,8,117,70,0,70,187
10/17/2009,OLV,MS,ASO,CE,Federal Contract Tower,0,9,8,1,18,0,13,86,2,101,0,22,94,3,119,120,0,120,239
10/18/2009,OLV,MS,ASO,CE,Federal Contract Tower,0,10,17,1,28,0,7,132,1,140,0,17,149,2,168,128,4,132,300
10/19/2009,OLV,MS,ASO,CE,Federal Contract Tower,0,7,9,0,16,0,20,48,0,68,0,27,57,0,84,78,0,78,162
10/20/2009,OLV,MS,ASO,CE,Federal Contract Tower,0,14,11,2,27,0,4,93,2,99,0,18,104,4,126,116,0,116,242
10/21/2009,OLV,MS,ASO,CE,Federal Contract Tower,0,8,14,0,22,0,3,95,0,98,0,11,109,0,120,112,0,112,232
10/22/2009,OLV,MS,ASO,CE,Federal Contract Tower,0,4,4,0,8,0,0,0,0,0,0,4,4,0,8,0,0,0,8
10/23/2009,OLV,MS,ASO,CE,Federal Contract Tower,0,11,25,0,36,0,1,18,0,19,0,12,43,0,55,22,0,22,77
10/24/2009,OLV,MS,ASO,CE,Federal Contract Tower,0,8,16,0,24,0,12,126,2,140,0,20,142,2,164,190,0,190,354
10/25/2009,OLV,MS,ASO,CE,Federal Contract Tower,0,5,10,0,15,0,7,101,3,111,0,12,111,3,126,94,0,94,220
10/26/2009,OLV,MS,ASO,CE,Federal Contract Tower,0,12,5,0,17,0,4,66,0,70,0,16,71,0,87,60,0,60,147
10/27/2009,OLV,MS,ASO,CE,Federal Contract Tower,0,7,5,0,12,0,0,0,0,0,0,7,5,0,12,0,0,0,12
10/28/2009,OLV,MS,ASO,CE,Federal Contract Tower,0,9,8,0,17,0,2,83,0,85,0,11,91,0,102,94,0,94,196
10/29/2009,OLV,MS,ASO,CE,Federal Contract Tower,0,1,4,0,5,0,0,6,0,6,0,1,10,0,11,12,0,12,23
10/30/2009,OLV,MS,ASO,CE,Federal Contract Tower,0,8,1,0,9,0,0,0,0,0,0,8,1,0,9,0,0,0,9
10/31/2009,OLV,MS,ASO,CE,Federal Contract Tower,0,4,5,1,10,0,3,88,3,94,0,7,93,4,104,116,0,116,220
11/01/2009,OLV,MS,ASO,CE,Federal Contract Tower,0,10,12,0,22,0,2,83,3,88,0,12,95,3,110,124,0,124,234
11/02/2009,OLV,MS,ASO,CE,Federal Contract Tower,0,12,6,0,18,0,3,35,2,40,0,15,41,2,58,32,0,32,90
11/03/2009,OLV,MS,ASO,CE,Federal Contract Tower,0,11,6,0,17,0,3,48,1,52,0,14,54,1,69,72,0,72,141
11/04/2009,OLV,MS,ASO,CE,Federal Contract Tower,0,12,9,0,21,0,4,88,0,92,0,16,97,0,113,110,0,110,223
11/05/2009,OLV,MS,ASO,CE,Federal Contract Tower,0,9,9,0,18,0,7,119,2,128,0,16,128,2,146,90,4,94,240
11/06/2009,OLV,MS,ASO,CE,Federal Contract Tower,0,9,11,1,21,0,24,97,0,121,0,33,108,1,142,128,0,128,270
11/07/2009,OLV,MS,ASO,CE,Federal Contract Tower,0,5,7,3,15,0,8,91,0,99,0,13,98,3,114,130,0,130,244
11/08/2009,OLV,MS,ASO,CE,Federal Contract Tower,0,10,14,0,24,0,2,82,0,84,0,12,96,0,108,80,0,80,188
11/09/2009,OLV,MS,ASO,CE,Federal Contract Tower,0,5,8,0,13,0,4,45,0,49,0,9,53,0,62,58,0,58,120
11/10/2009,OLV,MS,ASO,CE,Federal Contract Tower,0,6,9,0,15,0,1,39,0,40,0,7,48,0,55,80,0,80,135
11/11/2009,OLV,MS,ASO,CE,Federal Contract Tower,0,15,8,0,23,0,0,88,2,90,0,15,96,2,113,116,0,116,229
11/12/2009,OLV,MS,ASO,CE,Federal Contract Tower,0,6,6,1,13,0,6,85,0,91,0,12,91,1,104,74,0,74,178
11/13/2009,OLV,MS,ASO,CE,Federal Contract Tower,0,20,18,1,39,0,11,90,0,101,0,31,108,1,140,102,0,102,242
11/14/2009,OLV,MS,ASO,CE,Federal Contract Tower,0,2,7,1,10,0,12,149,0,161,0,14,156,1,171,120,0,120,291
11/15/2009,OLV,MS,ASO,CE,Federal Contract Tower,0,5,15,1,21,0,2,98,2,102,0,7,113,3,123,124,4,128,251
11/16/2009,OLV,MS,ASO,CE,Federal Contract Tower,0,8,3,0,11,0,1,0,0,1,0,9,3,0,12,0,0,0,12
11/17/2009,OLV,MS,ASO,CE,Federal Contract Tower,0,10,5,0,15,0,1,22,0,23,0,11,27,0,38,14,0,14,52
11/18/2009,OLV,MS,ASO,CE,Federal Contract Tower,0,11,7,0,18,0,18,39,0,57,0,29,46,0,75,66,0,66,141
11/19/2009,OLV,MS,ASO,CE,Federal Contract Tower,0,13,19,0,32,0,17,110,6,133,0,30,129,6,165,76,8,84,249
11/20/2009,OLV,MS,ASO,CE,Federal Contract Tower,0,18,7,0,25,0,19,120,1,140,0,37,127,1,165,82,0,82,247
11/21/2009,OLV,MS,ASO,CE,Federal Contract Tower,0,2,11,1,14,0,4,103,3,110,0,6,114,4,124,142,0,142,266
11/22/2009,OLV,MS,ASO,CE,Federal Contract Tower,0,10,16,2,28,0,0,45,0,45,0,10,61,2,73,74,0,74,147
11/23/2009,OLV,MS,ASO,CE,Federal Contract Tower,0,9,9,0,18,0,0,0,0,0,0,9,9,0,18,0,0,0,18
11/24/2009,OLV,MS,ASO,CE,Federal Contract Tower,0,8,14,0,22,0,0,3,0,3,0,8,17,0,25,2,0,2,27
11/25/2009,OLV,MS,ASO,CE,Federal Contract Tower,0,18,16,0,34,0,3,80,0,83,0,21,96,0,117,98,0,98,215
11/26/2009,OLV,MS,ASO,CE,Federal Contract Tower,0,5,10,0,15,0,3,34,0,37,0,8,44,0,52,0,0,0,52
11/27/2009,OLV,MS,ASO,CE,Federal Contract Tower,0,9,7,0,16,0,4,148,6,158,0,13,155,6,174,82,12,94,268
11/28/2009,OLV,MS,ASO,CE,Federal Contract Tower,0,7,10,0,17,0,5,104,4,113,0,12,114,4,130,94,2,96,226
11/29/2009,OLV,MS,ASO,CE,Federal Contract Tower,0,17,12,0,29,0,0,0,0,0,0,17,12,0,29,0,0,0,29
11/30/2009,OLV,MS,ASO,CE,Federal Contract Tower,0,19,6,0,25,0,2,29,0,31,0,21,35,0,56,26,0,26,82
12/01/2009,OLV,MS,ASO,CE,Federal Contract Tower,0,8,11,0,19,0,23,56,0,79,0,31,67,0,98,88,0,88,186
12/02/2009,OLV,MS,ASO,CE,Federal Contract Tower,0,6,0,0,6,0,0,0,0,0,0,6,0,0,6,0,0,0,6
12/03/2009,OLV,MS,ASO,CE,Federal Contract Tower,0,12,15,0,27,0,0,78,0,78,0,12,93,0,105,82,0,82,187
12/04/2009,OLV,MS,ASO,CE,Federal Contract Tower,0,13,17,0,30,0,5,107,0,112,0,18,124,0,142,48,0,48,190
12/05/2009,OLV,MS,ASO,CE,Federal Contract Tower,0,9,16,0,25,0,7,90,4,101,0,16,106,4,126,130,0,130,256
12/06/2009,OLV,MS,ASO,CE,Federal Contract Tower,0,6,13,1,20,0,2,45,6,53,0,8,58,7,73,126,0,126,199
12/07/2009,OLV,MS,ASO,CE,Federal Contract Tower,0,6,10,0,16,0,0,3,0,3,0,6,13,0,19,12,0,12,31
12/08/2009,OLV,MS,ASO,CE,Federal Contract Tower,0,11,0,0,11,0,0,0,0,0,0,11,0,0,11,0,0,0,11
12/09/2009,OLV,MS,ASO,CE,Federal Contract Tower,0,8,1,0,9,0,6,29,0,35,0,14,30,0,44,0,0,0,44
12/10/2009,OLV,MS,ASO,CE,Federal Contract Tower,0,8,8,1,17,0,4,102,0,106,0,12,110,1,123,100,0,100,223
12/11/2009,OLV,MS,ASO,CE,Federal Contract Tower,0,15,13,0,28,0,7,98,2,107,0,22,111,2,135,106,6,112,247
12/12/2009,OLV,MS,ASO,CE,Federal Contract Tower,0,10,2,0,12,0,0,29,0,29,0,10,31,0,41,50,0,50,91
12/13/2009,OLV,MS,ASO,CE,Federal Contract Tower,0,7,9,0,16,0,0,0,0,0,0,7,9,0,16,0,0,0,16
12/14/2009,OLV,MS,ASO,CE,Federal Contract Tower,0,10,10,0,20,0,0,3,1,4,0,10,13,1,24,22,0,22,46
12/15/2009,OLV,MS,ASO,CE,Federal Contract Tower,0,12,14,0,26,0,0,32,0,32,0,12,46,0,58,58,0,58,116
12/16/2009,OLV,MS,ASO,CE,Federal Contract Tower,0,7,18,0,25,0,12,99,0,111,0,19,117,0,136,100,0,100,236
12/17/2009,OLV,MS,ASO,CE,Federal Contract Tower,0,11,10,0,21,0,8,58,6,72,0,19,68,6,93,78,0,78,171
12/18/2009,OLV,MS,ASO,CE,Federal Contract Tower,0,18,7,0,25,0,2,141,0,143,0,20,148,0,168,130,0,130,298
12/19/2009,OLV,MS,ASO,CE,Federal Contract Tower,0,1,3,0,4,0,3,33,2,38,0,4,36,2,42,60,6,66,108
12/20/2009,OLV,MS,ASO,CE,Federal Contract Tower,0,2,4,0,6,0,0,19,0,19,0,2,23,0,25,8,0,8,33
12/21/2009,OLV,MS,ASO,CE,Federal Contract Tower,0,7,8,2,17,0,2,59,0,61,0,9,67,2,78,146,0,146,224
12/22/2009,OLV,MS,ASO,CE,Federal Contract Tower,0,10,2,0,12,0,3,57,0,60,0,13,59,0,72,112,0,112,184
12/23/2009,OLV,MS,ASO,CE,Federal Contract Tower,0,7,3,0,10,0,0,0,0,0,0,7,3,0,10,0,0,0,10
12/24/2009,OLV,MS,ASO,CE,Federal Contract Tower,0,1,1,0,2,0,0,0,0,0,0,1,1,0,2,0,0,0,2
12/25/2009,OLV,MS,ASO,CE,Federal Contract Tower,0,2,2,0,4,0,6,7,0,13,0,8,9,0,17,0,0,0,17
12/26/2009,OLV,MS,ASO,CE,Federal Contract Tower,0,8,5,0,13,0,18,37,0,55,0,26,42,0,68,64,0,64,132
12/27/2009,OLV,MS,ASO,CE,Federal Contract Tower,0,5,2,2,9,0,5,63,0,68,0,10,65,2,77,54,0,54,131
12/28/2009,OLV,MS,ASO,CE,Federal Contract Tower,0,6,9,0,15,0,1,60,0,61,0,7,69,0,76,92,0,92,168
12/29/2009,OLV,MS,ASO,CE,Federal Contract Tower,0,7,11,2,20,0,0,58,4,62,0,7,69,6,82,110,2,112,194
12/30/2009,OLV,MS,ASO,CE,Federal Contract Tower,0,7,13,0,20,0,0,14,0,14,0,7,27,0,34,0,0,0,34
12/31/2009,OLV,MS,ASO,CE,Federal Contract Tower,0,5,8,0,13,0,0,5,0,5,0,5,13,0,18,10,0,10,28
01/01/2010,OLV,MS,ASO,CE,Federal Contract Tower,0,6,1,0,7,0,4,47,0,51,0,10,48,0,58,62,0,62,120
01/02/2010,OLV,MS,ASO,CE,Federal Contract Tower,0,8,8,0,16,0,10,70,0,80,0,18,78,0,96,108,0,108,204
01/03/2010,OLV,MS,ASO,CE,Federal Contract Tower,0,12,5,1,18,0,0,21,1,22,0,12,26,2,40,24,0,24,64
01/04/2010,OLV,MS,ASO,CE,Federal Contract Tower,0,6,2,0,8,0,2,22,0,24,0,8,24,0,32,68,0,68,100
01/05/2010,OLV,MS,ASO,CE,Federal Contract Tower,0,2,5,0,7,0,0,47,0,47,0,2,52,0,54,134,0,134,188
01/06/2010,OLV,MS,ASO,CE,Federal Contract Tower,0,8,4,0,12,0,2,53,2,57,0,10,57,2,69,100,0,100,169
01/07/2010,OLV,MS,ASO,CE,Federal Contract Tower,0,2,0,0,2,0,0,0,0,0,0,2,0,0,2,0,0,0,2
01/08/2010,OLV,MS,ASO,CE,Federal Contract Tower,0,3,2,0,5,0,0,20,0,20,0,3,22,0,25,42,0,42,67
01/09/2010,OLV,MS,ASO,CE,Federal Contract Tower,0,5,8,0,13,0,0,36,2,38,0,5,44,2,51,74,0,74,125
01/10/2010,OLV,MS,ASO,CE,Federal Contract Tower,0,1,7,0,8,0,4,44,0,48,0,5,51,0,56,32,0,32,88
01/11/2010,OLV,MS,ASO,CE,Federal Contract Tower,0,7,6,0,13,0,8,34,0,42,0,15,40,0,55,78,0,78,133
01/12/2010,OLV,MS,ASO,CE,Federal Contract Tower,0,8,13,1,22,0,2,42,1,45,0,10,55,2,67,42,0,42,109
01/13/2010,OLV,MS,ASO,CE,Federal Contract Tower,0,13,12,0,25,0,1,57,3,61,0,14,69,3,86,142,0,142,228
01/14/2010,OLV,MS,ASO,CE,Federal Contract Tower,0,4,3,0,7,0,6,68,0,74,0,10,71,0,81,160,0,160,241
01/15/2010,OLV,MS,ASO,CE,Federal Contract Tower,0,8,9,0,17,0,5,107,1,113,0,13,116,1,130,198,0,198,328
01/16/2010,OLV,MS,ASO,CE,Federal Contract Tower,0,4,3,0,7,0,2,27,0,29,0,6,30,0,36,82,0,82,118
01/17/2010,OLV,MS,ASO,CE,Federal Contract Tower,0,3,4,0,7,0,0,19,7,26,0,3,23,7,33,100,18,118,151
01/18/2010,OLV,MS,ASO,CE,Federal Contract Tower,0,14,3,0,17,0,0,40,2,42,0,14,43,2,59,32,6,38,97
01/19/2010,OLV,MS,ASO,CE,Federal Contract Tower,0,15,19,0,34,0,1,4,0,5,0,16,23,0,39,6,0,6,45
01/20/2010,OLV,MS,ASO,CE,Federal Contract Tower,0,21,2,0,23,0,0,0,0,0,0,21,2,0,23,0,0,0,23
01/21/2010,OLV,MS,ASO,CE,Federal Contract Tower,0,6,8,0,14,0,6,29,0,35,0,12,37,0,49,8,0,8,57
01/22/2010,OLV,MS,ASO,CE,Federal Contract Tower,0,12,17,2,31,0,0,7,0,7,0,12,24,2,38,0,0,0,38
01/23/2010,OLV,MS,ASO,CE,Federal Contract Tower,0,3,10,0,13,0,0,74,0,74,0,3,84,0,87,114,0,114,201
01/24/2010,OLV,MS,ASO,CE,Federal Contract Tower,0,2,3,0,5,0,0,29,0,29,0,2,32,0,34,104,0,104,138
01/25/2010,OLV,MS,ASO,CE,Federal Contract Tower,0,15,3,0,18,0,1,14,2,17,0,16,17,2,35,0,0,0,35
01/26/2010,OLV,MS,ASO,CE,Federal Contract Tower,0,24,2,0,26,0,1,45,0,46,0,25,47,0,72,34,0,34,106
01/27/2010,OLV,MS,ASO,CE,Federal Contract Tower,0,25,6,0,31,0,3,39,1,43,0,28,45,1,74,100,0,100,174
01/28/2010,OLV,MS,ASO,CE,Federal Contract Tower,0,12,3,0,15,0,4,46,0,50,0,16,49,0,65,54,0,54,119
01/29/2010,OLV,MS,ASO,CE,Federal Contract Tower,0,0,0,0,0,0,0,0,0,0,0,0,0,0,0,0,0,0,0
01/30/2010,OLV,MS,ASO,CE,Federal Contract Tower,0,4,0,0,4,0,0,0,0,0,0,4,0,0,4,0,0,0,4
01/31/2010,OLV,MS,ASO,CE,Federal Contract Tower,0,6,6,0,12,0,2,50,0,52,0,8,56,0,64,50,0,50,114
02/01/2010,OLV,MS,ASO,CE,Federal Contract Tower,0,7,12,0,19,0,2,53,0,55,0,9,65,0,74,30,0,30,104
02/02/2010,OLV,MS,ASO,CE,Federal Contract Tower,0,27,6,0,33,0,0,73,1,74,0,27,79,1,107,100,0,100,207
02/03/2010,OLV,MS,ASO,CE,Federal Contract Tower,0,23,7,0,30,0,0,25,0,25,0,23,32,0,55,56,0,56,111
02/04/2010,OLV,MS,ASO,CE,Federal Contract Tower,0,3,2,0,5,0,0,0,0,0,0,3,2,0,5,0,0,0,5
02/05/2010,OLV,MS,ASO,CE,Federal Contract Tower,0,8,2,0,10,0,0,0,0,0,0,8,2,0,10,0,0,0,10
02/06/2010,OLV,MS,ASO,CE,Federal Contract Tower,0,3,2,0,5,0,0,28,0,28,0,3,30,0,33,28,0,28,61
02/07/2010,OLV,MS,ASO,CE,Federal Contract Tower,0,5,5,1,11,0,10,61,2,73,0,15,66,3,84,122,0,122,206
02/08/2010,OLV,MS,ASO,CE,Federal Contract Tower,0,0,0,0,0,0,0,0,0,0,0,0,0,0,0,0,0,0,0
02/09/2010,OLV,MS,ASO,CE,Federal Contract Tower,0,0,3,0,3,0,1,4,0,5,0,1,7,0,8,0,0,0,8
02/10/2010,OLV,MS,ASO,CE,Federal Contract Tower,0,12,5,1,18,0,0,52,1,53,0,12,57,2,71,108,6,114,185
02/11/2010,OLV,MS,ASO,CE,Federal Contract Tower,0,16,5,0,21,0,2,42,0,44,0,18,47,0,65,84,0,84,149
02/12/2010,OLV,MS,ASO,CE,Federal Contract Tower,0,11,3,0,14,0,0,43,2,45,0,11,46,2,59,82,0,82,141
02/13/2010,OLV,MS,ASO,CE,Federal Contract Tower,0,1,5,0,6,0,3,73,2,78,0,4,78,2,84,150,0,150,234
02/14/2010,OLV,MS,ASO,CE,Federal Contract Tower,0,9,5,0,14,0,0,33,0,33,0,9,38,0,47,108,0,108,155
02/15/2010,OLV,MS,ASO,CE,Federal Contract Tower,0,13,6,0,19,0,8,2,0,10,0,21,8,0,29,10,0,10,39
02/16/2010,OLV,MS,ASO,CE,Federal Contract Tower,0,15,3,0,18,0,2,53,0,55,0,17,56,0,73,180,0,180,253
02/17/2010,OLV,MS,ASO,CE,Federal Contract Tower,0,7,10,0,17,0,7,57,0,64,0,14,67,0,81,90,0,90,171
02/18/2010,OLV,MS,ASO,CE,Federal Contract Tower,0,6,18,0,24,0,2,69,5,76,0,8,87,5,100,146,8,154,254
02/19/2010,OLV,MS,ASO,CE,Federal Contract Tower,0,9,7,0,16,0,10,102,0,112,0,19,109,0,128,152,0,152,280
02/20/2010,OLV,MS,ASO,CE,Federal Contract Tower,0,5,15,0,20,0,1,132,0,133,0,6,147,0,153,118,0,118,271
02/21/2010,OLV,MS,ASO,CE,Federal Contract Tower,0,3,6,0,9,0,3,40,0,43,0,6,46,0,52,26,0,26,78
02/22/2010,OLV,MS,ASO,CE,Federal Contract Tower,0,10,5,0,15,0,0,15,0,15,0,10,20,0,30,22,0,22,52
02/23/2010,OLV,MS,ASO,CE,Federal Contract Tower,0,14,10,0,24,0,20,51,3,74,0,34,61,3,98,200,0,200,298
02/24/2010,OLV,MS,ASO,CE,Federal Contract Tower,0,10,5,0,15,0,2,40,0,42,0,12,45,0,57,46,0,46,103
02/25/2010,OLV,MS,ASO,CE,Federal Contract Tower,0,15,14,2,31,0,5,58,0,63,0,20,72,2,94,98,0,98,192
02/26/2010,OLV,MS,ASO,CE,Federal Contract Tower,0,18,12,0,30,0,7,88,0,95,0,25,100,0,125,56,0,56,181
02/27/2010,OLV,MS,ASO,CE,Federal Contract Tower,0,2,15,0,17,0,7,82,2,91,0,9,97,2,108,140,0,140,248
02/28/2010,OLV,MS,ASO,CE,Federal Contract Tower,0,10,4,1,15,0,8,107,1,116,0,18,111,2,131,82,0,82,213
03/01/2010,OLV,MS,ASO,CE,Federal Contract Tower,0,6,7,0,13,0,8,51,0,59,0,14,58,0,72,36,0,36,108
03/02/2010,OLV,MS,ASO,CE,Federal Contract Tower,0,11,6,0,17,0,0,4,0,4,0,11,10,0,21,8,0,8,29
03/03/2010,OLV,MS,ASO,CE,Federal Contract Tower,0,8,6,0,14,0,3,33,0,36,0,11,39,0,50,56,0,56,106
03/04/2010,OLV,MS,ASO,CE,Federal Contract Tower,0,17,9,0,26,0,0,70,0,70,0,17,79,0,96,66,0,66,162
03/05/2010,OLV,MS,ASO,CE,Federal Contract Tower,0,17,13,0,30,0,4,121,0,125,0,21,134,0,155,130,0,130,285
03/06/2010,OLV,MS,ASO,CE,Federal Contract Tower,0,5,14,1,20,0,5,133,2,140,0,10,147,3,160,160,0,160,320
03/07/2010,OLV,MS,ASO,CE,Federal Contract Tower,0,4,17,0,21,0,5,106,0,111,0,9,123,0,132,78,0,78,210
03/08/2010,OLV,MS,ASO,CE,Federal Contract Tower,0,10,5,0,15,0,5,73,0,78,0,15,78,0,93,72,0,72,165
03/09/2010,OLV,MS,ASO,CE,Federal Contract Tower,0,15,5,0,20,0,0,0,0,0,0,15,5,0,20,0,0,0,20
03/10/2010,OLV,MS,ASO,CE,Federal Contract Tower,0,7,8,0,15,0,2,8,0,10,0,9,16,0,25,6,0,6,31
03/11/2010,OLV,MS,ASO,CE,Federal Contract Tower,0,15,12,0,27,0,1,23,2,26,0,16,35,2,53,12,6,18,71
03/12/2010,OLV,MS,ASO,CE,Federal Contract Tower,0,7,16,0,23,0,2,29,4,35,0,9,45,4,58,4,0,4,62
03/13/2010,OLV,MS,ASO,CE,Federal Contract Tower,0,7,22,1,30,0,0,15,0,15,0,7,37,1,45,22,0,22,67
03/14/2010,OLV,MS,ASO,CE,Federal Contract Tower,0,13,15,0,28,0,4,25,1,30,0,17,40,1,58,16,0,16,74
03/15/2010,OLV,MS,ASO,CE,Federal Contract Tower,0,5,9,0,14,0,0,38,0,38,0,5,47,0,52,56,0,56,108
03/16/2010,OLV,MS,ASO,CE,Federal Contract Tower,0,6,19,0,25,0,2,66,0,68,0,8,85,0,93,124,0,124,217
03/17/2010,OLV,MS,ASO,CE,Federal Contract Tower,0,6,9,0,15,0,0,42,1,43,0,6,51,1,58,120,12,132,190
03/18/2010,OLV,MS,ASO,CE,Federal Contract Tower,0,12,16,0,28,0,2,61,0,63,0,14,77,0,91,164,0,164,255
03/19/2010,OLV,MS,ASO,CE,Federal Contract Tower,0,14,18,0,32,0,13,110,0,123,0,27,128,0,155,102,0,102,257
03/20/2010,OLV,MS,ASO,CE,Federal Contract Tower,0,6,8,0,14,0,10,78,0,88,0,16,86,0,102,110,0,110,212
03/21/2010,OLV,MS,ASO,CE,Federal Contract Tower,0,3,3,0,6,0,0,3,0,3,0,3,6,0,9,0,0,0,9
03/22/2010,OLV,MS,ASO,CE,Federal Contract Tower,0,8,8,0,16,0,0,0,0,0,0,8,8,0,16,0,0,0,16
03/23/2010,OLV,MS,ASO,CE,Federal Contract Tower,0,18,9,1,28,0,8,49,3,60,0,26,58,4,88,102,0,102,190
03/24/2010,OLV,MS,ASO,CE,Federal Contract Tower,0,7,9,0,16,0,4,61,2,67,0,11,70,2,83,130,0,130,213
03/25/2010,OLV,MS,ASO,CE,Federal Contract Tower,0,10,1,0,11,0,1,0,0,1,0,11,1,0,12,0,0,0,12
03/26/2010,OLV,MS,ASO,CE,Federal Contract Tower,0,16,17,0,33,0,5,75,0,80,0,21,92,0,113,152,0,152,265
03/27/2010,OLV,MS,ASO,CE,Federal Contract Tower,0,10,11,0,21,0,3,65,4,72,0,13,76,4,93,94,0,94,187
03/28/2010,OLV,MS,ASO,CE,Federal Contract Tower,0,11,23,0,34,0,2,35,0,37,0,13,58,0,71,52,0,52,123
03/29/2010,OLV,MS,ASO,CE,Federal Contract Tower,0,10,10,0,20,0,11,77,0,88,0,21,87,0,108,104,0,104,212
03/30/2010,OLV,MS,ASO,CE,Federal Contract Tower,0,12,7,0,19,0,1,80,2,83,0,13,87,2,102,122,0,122,224
03/31/2010,OLV,MS,ASO,CE,Federal Contract Tower,0,7,3,0,10,0,5,60,0,65,0,12,63,0,75,102,0,102,177
04/01/2010,OLV,MS,ASO,CE,Federal Contract Tower,0,11,20,0,31,0,2,75,0,77,0,13,95,0,108,120,0,120,228
04/02/2010,OLV,MS,ASO,CE,Federal Contract Tower,0,12,13,0,25,0,3,82,2,87,0,15,95,2,112,138,0,138,250
04/03/2010,OLV,MS,ASO,CE,Federal Contract Tower,0,2,12,0,14,0,3,96,0,99,0,5,108,0,113,86,0,86,199
04/04/2010,OLV,MS,ASO,CE,Federal Contract Tower,0,14,9,0,23,0,0,41,0,41,0,14,50,0,64,52,0,52,116
04/05/2010,OLV,MS,ASO,CE,Federal Contract Tower,0,13,5,0,18,0,2,63,0,65,0,15,68,0,83,40,0,40,123
04/06/2010,OLV,MS,ASO,CE,Federal Contract Tower,0,15,6,0,21,0,0,19,0,19,0,15,25,0,40,22,0,22,62
04/07/2010,OLV,MS,ASO,CE,Federal Contract Tower,0,19,2,0,21,0,1,2,0,3,0,20,4,0,24,0,0,0,24
04/08/2010,OLV,MS,ASO,CE,Federal Contract Tower,0,11,8,0,19,0,3,53,2,58,0,14,61,2,77,62,0,62,139
04/09/2010,OLV,MS,ASO,CE,Federal Contract Tower,0,7,23,0,30,0,6,112,0,118,0,13,135,0,148,148,0,148,296
04/10/2010,OLV,MS,ASO,CE,Federal Contract Tower,0,2,14,0,16,0,4,116,1,121,0,6,130,1,137,160,0,160,297
04/11/2010,OLV,MS,ASO,CE,Federal Contract Tower,0,8,10,0,18,0,9,97,1,107,0,17,107,1,125,82,0,82,207
04/12/2010,OLV,MS,ASO,CE,Federal Contract Tower,0,12,4,0,16,0,13,94,0,107,0,25,98,0,123,84,0,84,207
04/13/2010,OLV,MS,ASO,CE,Federal Contract Tower,0,10,6,0,16,0,0,84,0,84,0,10,90,0,100,104,0,104,204
04/14/2010,OLV,MS,ASO,CE,Federal Contract Tower,0,15,6,0,21,0,7,65,0,72,0,22,71,0,93,60,0,60,153
04/15/2010,OLV,MS,ASO,CE,Federal Contract Tower,0,16,11,2,29,0,6,54,8,68,0,22,65,10,97,70,16,86,183
04/16/2010,OLV,MS,ASO,CE,Federal Contract Tower,0,19,7,0,26,0,2,105,2,109,0,21,112,2,135,138,0,138,273
04/17/2010,OLV,MS,ASO,CE,Federal Contract Tower,0,7,9,0,16,0,6,77,5,88,0,13,86,5,104,80,0,80,184
04/18/2010,OLV,MS,ASO,CE,Federal Contract Tower,0,13,8,0,21,0,5,94,1,100,0,18,102,1,121,20,0,20,141
04/19/2010,OLV,MS,ASO,CE,Federal Contract Tower,0,17,7,0,24,0,0,57,1,58,0,17,64,1,82,60,0,60,142
04/20/2010,OLV,MS,ASO,CE,Federal Contract Tower,0,8,10,0,18,0,8,104,1,113,0,16,114,1,131,64,0,64,195
04/21/2010,OLV,MS,ASO,CE,Federal Contract Tower,0,13,14,0,27,0,0,67,2,69,0,13,81,2,96,100,4,104,200
04/22/2010,OLV,MS,ASO,CE,Federal Contract Tower,0,16,7,0,23,0,1,55,6,62,0,17,62,6,85,110,6,116,201
04/23/2010,OLV,MS,ASO,CE,Federal Contract Tower,0,8,10,0,18,0,0,46,0,46,0,8,56,0,64,82,0,82,146
04/24/2010,OLV,MS,ASO,CE,Federal Contract Tower,0,2,1,0,3,0,0,2,0,2,0,2,3,0,5,0,0,0,5
04/25/2010,OLV,MS,ASO,CE,Federal Contract Tower,0,9,9,0,18,0,0,24,0,24,0,9,33,0,42,16,0,16,58
04/26/2010,OLV,MS,ASO,CE,Federal Contract Tower,0,16,11,0,27,0,2,66,0,68,0,18,77,0,95,78,0,78,173
04/27/2010,OLV,MS,ASO,CE,Federal Contract Tower,0,15,8,0,23,0,0,74,1,75,0,15,82,1,98,78,0,78,176
04/28/2010,OLV,MS,ASO,CE,Federal Contract Tower,0,11,9,0,20,0,0,70,2,72,0,11,79,2,92,162,0,162,254
04/29/2010,OLV,MS,ASO,CE,Federal Contract Tower,0,22,5,0,27,0,2,43,1,46,0,24,48,1,73,70,0,70,143
04/30/2010,OLV,MS,ASO,CE,Federal Contract Tower,0,10,16,0,26,0,0,19,0,19,0,10,35,0,45,10,0,10,55
05/01/2010,OLV,MS,ASO,CE,Federal Contract Tower,0,1,0,0,1,0,0,4,0,4,0,1,4,0,5,0,0,0,5
05/02/2010,OLV,MS,ASO,CE,Federal Contract Tower,0,10,7,0,17,0,2,42,0,44,0,12,49,0,61,24,0,24,85
05/03/2010,OLV,MS,ASO,CE,Federal Contract Tower,0,8,10,0,18,0,0,90,2,92,0,8,100,2,110,98,6,104,214
05/04/2010,OLV,MS,ASO,CE,Federal Contract Tower,0,13,8,0,21,0,2,86,2,90,0,15,94,2,111,84,0,84,195
05/05/2010,OLV,MS,ASO,CE,Federal Contract Tower,0,14,8,0,22,0,0,106,5,111,0,14,114,5,133,172,0,172,305
05/06/2010,OLV,MS,ASO,CE,Federal Contract Tower,0,13,7,0,20,0,3,71,2,76,0,16,78,2,96,144,0,144,240
05/07/2010,OLV,MS,ASO,CE,Federal Contract Tower,0,12,12,0,24,0,0,43,0,43,0,12,55,0,67,32,0,32,99
05/08/2010,OLV,MS,ASO,CE,Federal Contract Tower,0,3,19,0,22,0,6,137,8,151,0,9,156,8,173,106,0,106,279
05/09/2010,OLV,MS,ASO,CE,Federal Contract Tower,0,6,9,0,15,0,8,97,3,108,0,14,106,3,123,54,0,54,177
05/10/2010,OLV,MS,ASO,CE,Federal Contract Tower,0,10,6,0,16,0,1,4,0,5,0,11,10,0,21,0,0,0,21
05/11/2010,OLV,MS,ASO,CE,Federal Contract Tower,0,5,12,0,17,0,0,46,2,48,0,5,58,2,65,4,0,4,69
05/12/2010,OLV,MS,ASO,CE,Federal Contract Tower,0,10,7,0,17,0,0,61,0,61,0,10,68,0,78,116,0,116,194
05/13/2010,OLV,MS,ASO,CE,Federal Contract Tower,0,13,9,0,22,0,12,69,0,81,0,25,78,0,103,128,0,128,231
05/14/2010,OLV,MS,ASO,CE,Federal Contract Tower,0,8,15,0,23,0,1,48,3,52,0,9,63,3,75,96,0,96,171
05/15/2010,OLV,MS,ASO,CE,Federal Contract Tower,0,1,3,2,6,0,3,50,2,55,0,4,53,4,61,70,4,74,135
05/16/2010,OLV,MS,ASO,CE,Federal Contract Tower,0,7,15,0,22,0,0,20,0,20,0,7,35,0,42,6,0,6,48
05/17/2010,OLV,MS,ASO,CE,Federal Contract Tower,0,6,14,0,20,0,1,44,0,45,0,7,58,0,65,76,0,76,141
05/18/2010,OLV,MS,ASO,CE,Federal Contract Tower,0,19,23,0,42,0,8,100,3,111,0,27,123,3,153,112,0,112,265
05/19/2010,OLV,MS,ASO,CE,Federal Contract Tower,0,23,9,0,32,0,5,76,0,81,0,28,85,0,113,118,0,118,231
05/20/2010,OLV,MS,ASO,CE,Federal Contract Tower,0,9,5,0,14,0,4,8,0,12,0,13,13,0,26,12,0,12,38
05/21/2010,OLV,MS,ASO,CE,Federal Contract Tower,0,9,20,0,29,0,10,81,0,91,0,19,101,0,120,146,0,146,266
05/22/2010,OLV,MS,ASO,CE,Federal Contract Tower,0,5,12,0,17,0,3,116,9,128,0,8,128,9,145,218,0,218,363
05/23/2010,OLV,MS,ASO,CE,Federal Contract Tower,0,8,11,2,21,0,8,112,5,125,0,16,123,7,146,130,0,130,276
05/24/2010,OLV,MS,ASO,CE,Federal Contract Tower,0,9,6,0,15,0,11,63,2,76,0,20,69,2,91,90,8,98,189
05/25/2010,OLV,MS,ASO,CE,Federal Contract Tower,0,4,6,1,11,0,8,120,6,134,0,12,126,7,145,134,4,138,283
05/26/2010,OLV,MS,ASO,CE,Federal Contract Tower,0,16,3,0,19,0,3,58,0,61,0,19,61,0,80,168,0,168,248
05/27/2010,OLV,MS,ASO,CE,Federal Contract Tower,0,12,6,0,18,0,3,58,1,62,0,15,64,1,80,166,0,166,246
05/28/2010,OLV,MS,ASO,CE,Federal Contract Tower,0,13,16,0,29,0,9,104,0,113,0,22,120,0,142,106,0,106,248
05/29/2010,OLV,MS,ASO,CE,Federal Contract Tower,0,6,15,1,22,0,2,67,2,71,0,8,82,3,93,108,2,110,203
05/30/2010,OLV,MS,ASO,CE,Federal Contract Tower,0,4,8,1,13,0,0,102,1,103,0,4,110,2,116,90,6,96,212
05/31/2010,OLV,MS,ASO,CE,Federal Contract Tower,0,8,15,0,23,0,10,123,1,134,0,18,138,1,157,110,0,110,267
06/01/2010,OLV,MS,ASO,CE,Federal Contract Tower,0,8,9,0,17,0,2,115,0,117,0,10,124,0,134,82,0,82,216
06/02/2010,OLV,MS,ASO,CE,Federal Contract Tower,0,10,6,0,16,0,0,52,0,52,0,10,58,0,68,94,0,94,162
06/03/2010,OLV,MS,ASO,CE,Federal Contract Tower,0,16,20,0,36,0,0,20,0,20,0,16,40,0,56,72,0,72,128
06/04/2010,OLV,MS,ASO,CE,Federal Contract Tower,0,9,8,0,17,0,4,70,0,74,0,13,78,0,91,108,0,108,199
06/05/2010,OLV,MS,ASO,CE,Federal Contract Tower,0,9,24,0,33,0,1,113,5,119,0,10,137,5,152,66,0,66,218
06/06/2010,OLV,MS,ASO,CE,Federal Contract Tower,0,11,20,0,31,0,2,68,0,70,0,13,88,0,101,88,0,88,189
06/07/2010,OLV,MS,ASO,CE,Federal Contract Tower,0,14,7,0,21,0,8,83,1,92,0,22,90,1,113,40,0,40,153
06/08/2010,OLV,MS,ASO,CE,Federal Contract Tower,0,14,6,0,20,0,14,90,0,104,0,28,96,0,124,74,0,74,198
06/09/2010,OLV,MS,ASO,CE,Federal Contract Tower,0,18,1,0,19,0,2,60,0,62,0,20,61,0,81,134,0,134,215
06/10/2010,OLV,MS,ASO,CE,Federal Contract Tower,0,15,5,0,20,0,3,43,3,49,0,18,48,3,69,94,0,94,163
06/11/2010,OLV,MS,ASO,CE,Federal Contract Tower,0,15,13,0,28,0,1,87,5,93,0,16,100,5,121,104,2,106,227
06/12/2010,OLV,MS,ASO,CE,Federal Contract Tower,0,8,7,0,15,0,3,108,2,113,0,11,115,2,128,122,0,122,250
06/13/2010,OLV,MS,ASO,CE,Federal Contract Tower,0,22,12,0,34,0,2,100,3,105,0,24,112,3,139,90,10,100,239
06/14/2010,OLV,MS,ASO,CE,Federal Contract Tower,0,10,6,0,16,0,6,103,0,109,0,16,109,0,125,62,0,62,187
06/15/2010,OLV,MS,ASO,CE,Federal Contract Tower,0,8,14,0,22,0,2,75,0,77,0,10,89,0,99,58,0,58,157
06/16/2010,OLV,MS,ASO,CE,Federal Contract Tower,0,16,7,0,23,0,8,51,0,59,0,24,58,0,82,68,0,68,150
06/17/2010,OLV,MS,ASO,CE,Federal Contract Tower,0,13,19,0,32,0,2,54,4,60,0,15,73,4,92,154,22,176,268
06/18/2010,OLV,MS,ASO,CE,Federal Contract Tower,0,7,13,0,20,0,0,92,7,99,0,7,105,7,119,194,0,194,313
06/19/2010,OLV,MS,ASO,CE,Federal Contract Tower,0,8,5,0,13,0,2,70,0,72,0,10,75,0,85,96,0,96,181
06/20/2010,OLV,MS,ASO,CE,Federal Contract Tower,0,11,11,0,22,0,9,47,1,57,0,20,58,1,79,16,0,16,95
06/21/2010,OLV,MS,ASO,CE,Federal Contract Tower,0,11,8,1,20,0,9,80,0,89,0,20,88,1,109,64,0,64,173
06/22/2010,OLV,MS,ASO,CE,Federal Contract Tower,0,13,11,0,24,0,1,88,0,89,0,14,99,0,113,114,0,114,227
06/23/2010,OLV,MS,ASO,CE,Federal Contract Tower,0,28,8,0,36,0,1,60,1,62,0,29,68,1,98,138,8,146,244
06/24/2010,OLV,MS,ASO,CE,Federal Contract Tower,0,17,11,0,28,0,2,55,0,57,0,19,66,0,85,112,0,112,197
06/25/2010,OLV,MS,ASO,CE,Federal Contract Tower,0,17,11,2,30,0,7,56,0,63,0,24,67,2,93,88,0,88,181
06/26/2010,OLV,MS,ASO,CE,Federal Contract Tower,0,8,15,0,23,0,0,48,0,48,0,8,63,0,71,82,0,82,153
06/27/2010,OLV,MS,ASO,CE,Federal Contract Tower,0,5,15,0,20,0,4,79,0,83,0,9,94,0,103,20,0,20,123
06/28/2010,OLV,MS,ASO,CE,Federal Contract Tower,0,6,8,0,14,0,3,82,0,85,0,9,90,0,99,78,0,78,177
06/29/2010,OLV,MS,ASO,CE,Federal Contract Tower,0,12,6,0,18,0,3,85,0,88,0,15,91,0,106,128,0,128,234
06/30/2010,OLV,MS,ASO,CE,Federal Contract Tower,0,14,9,0,23,0,2,66,4,72,0,16,75,4,95,106,0,106,201
07/01/2010,OLV,MS,ASO,CE,Federal Contract Tower,0,12,13,0,25,0,1,45,0,46,0,13,58,0,71,52,0,52,123
07/02/2010,OLV,MS,ASO,CE,Federal Contract Tower,0,8,15,0,23,0,4,83,2,89,0,12,98,2,112,134,0,134,246
07/03/2010,OLV,MS,ASO,CE,Federal Contract Tower,0,3,12,0,15,0,1,64,8,73,0,4,76,8,88,76,18,94,182
07/04/2010,OLV,MS,ASO,CE,Federal Contract Tower,0,0,6,0,6,0,3,51,0,54,0,3,57,0,60,44,0,44,104
07/05/2010,OLV,MS,ASO,CE,Federal Contract Tower,0,11,16,0,27,0,0,114,0,114,0,11,130,0,141,74,0,74,215
07/06/2010,OLV,MS,ASO,CE,Federal Contract Tower,0,16,6,0,22,0,18,77,0,95,0,34,83,0,117,72,0,72,189
07/07/2010,OLV,MS,ASO,CE,Federal Contract Tower,0,14,10,0,24,0,2,92,7,101,0,16,102,7,125,186,0,186,311
07/08/2010,OLV,MS,ASO,CE,Federal Contract Tower,0,7,10,0,17,0,1,69,0,70,0,8,79,0,87,130,0,130,217
07/09/2010,OLV,MS,ASO,CE,Federal Contract Tower,0,10,8,0,18,0,2,43,7,52,0,12,51,7,70,84,0,84,154
07/10/2010,OLV,MS,ASO,CE,Federal Contract Tower,0,3,16,0,19,0,1,77,0,78,0,4,93,0,97,62,0,62,159
07/11/2010,OLV,MS,ASO,CE,Federal Contract Tower,0,6,10,0,16,0,0,51,3,54,0,6,61,3,70,76,10,86,156
07/12/2010,OLV,MS,ASO,CE,Federal Contract Tower,0,4,8,0,12,0,3,32,1,36,0,7,40,1,48,34,14,48,96
07/13/2010,OLV,MS,ASO,CE,Federal Contract Tower,0,9,4,0,13,0,3,29,1,33,0,12,33,1,46,28,6,34,80
07/14/2010,OLV,MS,ASO,CE,Federal Contract Tower,0,20,5,2,27,0,3,49,2,54,0,23,54,4,81,76,0,76,157
07/15/2010,OLV,MS,ASO,CE,Federal Contract Tower,0,5,11,0,16,0,1,70,1,72,0,6,81,1,88,116,0,116,204
07/16/2010,OLV,MS,ASO,CE,Federal Contract Tower,0,11,5,0,16,0,2,59,0,61,0,13,64,0,77,94,0,94,171
07/17/2010,OLV,MS,ASO,CE,Federal Contract Tower,0,6,21,0,27,0,2,33,0,35,0,8,54,0,62,80,0,80,142
07/18/2010,OLV,MS,ASO,CE,Federal Contract Tower,0,9,17,0,26,0,0,69,0,69,0,9,86,0,95,28,0,28,123
07/19/2010,OLV,MS,ASO,CE,Federal Contract Tower,0,23,7,0,30,2,2,66,0,70,2,25,73,0,100,160,0,160,260
07/20/2010,OLV,MS,ASO,CE,Federal Contract Tower,0,15,14,0,29,0,0,124,2,126,0,15,138,2,155,190,0,190,345
07/21/2010,OLV,MS,ASO,CE,Federal Contract Tower,0,13,11,0,24,0,2,80,0,82,0,15,91,0,106,142,0,142,248
07/22/2010,OLV,MS,ASO,CE,Federal Contract Tower,0,23,9,0,32,0,0,82,0,82,0,23,91,0,114,76,0,76,190
07/23/2010,OLV,MS,ASO,CE,Federal Contract Tower,0,16,18,0,34,0,10,105,3,118,0,26,123,3,152,154,0,154,306
07/24/2010,OLV,MS,ASO,CE,Federal Contract Tower,0,9,6,0,15,0,5,90,2,97,0,14,96,2,112,188,0,188,300
07/25/2010,OLV,MS,ASO,CE,Federal Contract Tower,0,6,8,0,14,0,1,46,1,48,0,7,54,1,62,54,0,54,116
07/26/2010,OLV,MS,ASO,CE,Federal Contract Tower,0,10,10,0,20,0,2,91,4,97,0,12,101,4,117,106,0,106,223
07/27/2010,OLV,MS,ASO,CE,Federal Contract Tower,0,10,11,0,21,0,2,47,1,50,0,12,58,1,71,60,0,60,131
07/28/2010,OLV,MS,ASO,CE,Federal Contract Tower,0,15,10,0,25,0,2,66,4,72,0,17,76,4,97,144,2,146,243
07/29/2010,OLV,MS,ASO,CE,Federal Contract Tower,0,13,2,0,15,0,0,42,5,47,0,13,44,5,62,66,20,86,148
07/30/2010,OLV,MS,ASO,CE,Federal Contract Tower,0,12,5,0,17,0,7,99,0,106,0,19,104,0,123,158,0,158,281
07/31/2010,OLV,MS,ASO,CE,Federal Contract Tower,0,5,9,0,14,0,7,60,6,73,0,12,69,6,87,48,14,62,149
08/01/2010,OLV,MS,ASO,CE,Federal Contract Tower,0,6,6,0,12,0,4,58,0,62,0,10,64,0,74,106,0,106,180
08/02/2010,OLV,MS,ASO,CE,Federal Contract Tower,0,6,9,0,15,0,2,80,2,84,0,8,89,2,99,66,2,68,167
08/03/2010,OLV,MS,ASO,CE,Federal Contract Tower,0,12,10,0,22,0,3,82,0,85,0,15,92,0,107,78,0,78,185
08/04/2010,OLV,MS,ASO,CE,Federal Contract Tower,0,12,7,0,19,0,0,39,5,44,0,12,46,5,63,80,0,80,143
08/05/2010,OLV,MS,ASO,CE,Federal Contract Tower,0,10,7,1,18,0,2,37,0,39,0,12,44,1,57,72,0,72,129
08/06/2010,OLV,MS,ASO,CE,Federal Contract Tower,0,11,18,0,29,0,4,61,0,65,0,15,79,0,94,170,0,170,264
08/07/2010,OLV,MS,ASO,CE,Federal Contract Tower,0,5,11,0,16,0,5,86,0,91,0,10,97,0,107,186,0,186,293
08/08/2010,OLV,MS,ASO,CE,Federal Contract Tower,0,5,11,0,16,0,0,33,1,34,0,5,44,1,50,68,0,68,118
08/09/2010,OLV,MS,ASO,CE,Federal Contract Tower,0,1,7,0,8,0,1,74,0,75,0,2,81,0,83,78,0,78,161
08/10/2010,OLV,MS,ASO,CE,Federal Contract Tower,0,8,2,0,10,0,0,72,0,72,0,8,74,0,82,86,0,86,168
08/11/2010,OLV,MS,ASO,CE,Federal Contract Tower,0,10,5,0,15,0,2,41,0,43,0,12,46,0,58,82,0,82,140
08/12/2010,OLV,MS,ASO,CE,Federal Contract Tower,0,15,4,0,19,0,1,55,0,56,0,16,59,0,75,82,0,82,157
08/13/2010,OLV,MS,ASO,CE,Federal Contract Tower,0,15,11,0,26,0,2,54,2,58,0,17,65,2,84,114,0,114,198
08/14/2010,OLV,MS,ASO,CE,Federal Contract Tower,0,5,5,2,12,0,0,70,9,79,0,5,75,11,91,118,18,136,227
08/15/2010,OLV,MS,ASO,CE,Federal Contract Tower,0,8,12,0,20,0,0,52,1,53,0,8,64,1,73,60,0,60,133
08/16/2010,OLV,MS,ASO,CE,Federal Contract Tower,0,7,6,0,13,0,4,67,0,71,0,11,73,0,84,120,0,120,204
08/17/2010,OLV,MS,ASO,CE,Federal Contract Tower,0,15,5,0,20,0,2,56,2,60,0,17,61,2,80,96,0,96,176
08/18/2010,OLV,MS,ASO,CE,Federal Contract Tower,0,8,10,0,18,0,0,51,0,51,0,8,61,0,69,134,0,134,203
08/19/2010,OLV,MS,ASO,CE,Federal Contract Tower,0,22,8,0,30,0,4,62,0,66,0,26,70,0,96,190,0,190,286
08/20/2010,OLV,MS,ASO,CE,Federal Contract Tower,0,15,9,2,26,0,7,90,0,97,0,22,99,2,123,114,0,114,237
08/21/2010,OLV,MS,ASO,CE,Federal Contract Tower,0,2,4,0,6,0,5,67,1,73,0,7,71,1,79,104,0,104,183
08/22/2010,OLV,MS,ASO,CE,Federal Contract Tower,0,4,13,0,17,0,5,63,3,71,0,9,76,3,88,100,0,100,188
08/23/2010,OLV,MS,ASO,CE,Federal Contract Tower,0,18,8,0,26,0,13,89,3,105,0,31,97,3,131,70,0,70,201
08/24/2010,OLV,MS,ASO,CE,Federal Contract Tower,0,15,6,0,21,0,9,91,0,100,0,24,97,0,121,86,0,86,207
08/25/2010,OLV,MS,ASO,CE,Federal Contract Tower,0,14,10,0,24,0,11,67,0,78,0,25,77,0,102,112,0,112,214
08/26/2010,OLV,MS,ASO,CE,Federal Contract Tower,0,20,8,0,28,0,2,68,1,71,0,22,76,1,99,138,0,138,237
08/27/2010,OLV,MS,ASO,CE,Federal Contract Tower,0,8,16,0,24,0,6,85,0,91,0,14,101,0,115,110,0,110,225
08/28/2010,OLV,MS,ASO,CE,Federal Contract Tower,0,6,9,0,15,0,1,96,2,99,0,7,105,2,114,178,0,178,292
08/29/2010,OLV,MS,ASO,CE,Federal Contract Tower,0,11,2,0,13,0,0,7,0,7,0,11,9,0,20,0,0,0,20
08/30/2010,OLV,MS,ASO,CE,Federal Contract Tower,0,8,6,0,14,0,0,24,0,24,0,8,30,0,38,12,0,12,50
08/31/2010,OLV,MS,ASO,CE,Federal Contract Tower,0,8,12,0,20,0,2,57,0,59,0,10,69,0,79,102,0,102,181
09/01/2010,OLV,MS,ASO,CE,Federal Contract Tower,0,8,7,0,15,0,0,68,1,69,0,8,75,1,84,114,0,114,198
09/02/2010,OLV,MS,ASO,CE,Federal Contract Tower,0,18,9,0,27,0,3,78,0,81,0,21,87,0,108,94,0,94,202
09/03/2010,OLV,MS,ASO,CE,Federal Contract Tower,0,19,15,0,34,0,0,111,2,113,0,19,126,2,147,140,14,154,301
09/04/2010,OLV,MS,ASO,CE,Federal Contract Tower,0,6,8,0,14,0,4,102,0,106,0,10,110,0,120,176,0,176,296
09/05/2010,OLV,MS,ASO,CE,Federal Contract Tower,0,4,7,0,11,0,1,44,0,45,0,5,51,0,56,8,0,8,64
09/06/2010,OLV,MS,ASO,CE,Federal Contract Tower,0,13,14,0,27,0,7,89,3,99,0,20,103,3,126,82,20,102,228
09/07/2010,OLV,MS,ASO,CE,Federal Contract Tower,0,12,5,0,17,0,0,38,0,38,0,12,43,0,55,48,0,48,103
09/08/2010,OLV,MS,ASO,CE,Federal Contract Tower,0,5,4,0,9,0,1,20,0,21,0,6,24,0,30,18,0,18,48
09/09/2010,OLV,MS,ASO,CE,Federal Contract Tower,0,11,7,0,18,0,4,58,0,62,0,15,65,0,80,126,0,126,206
09/10/2010,OLV,MS,ASO,CE,Federal Contract Tower,0,9,21,0,30,0,0,60,0,60,0,9,81,0,90,84,0,84,174
09/11/2010,OLV,MS,ASO,CE,Federal Contract Tower,0,5,8,1,14,0,3,41,0,44,0,8,49,1,58,32,0,32,90
09/12/2010,OLV,MS,ASO,CE,Federal Contract Tower,0,10,9,0,19,0,8,49,2,59,0,18,58,2,78,6,10,16,94
09/13/2010,OLV,MS,ASO,CE,Federal Contract Tower,0,9,9,0,18,0,8,59,0,67,0,17,68,0,85,56,0,56,141
09/14/2010,OLV,MS,ASO,CE,Federal Contract Tower,0,20,1,0,21,0,0,73,0,73,0,20,74,0,94,28,0,28,122
09/15/2010,OLV,MS,ASO,CE,Federal Contract Tower,0,13,6,0,19,0,1,55,0,56,0,14,61,0,75,98,0,98,173
09/16/2010,OLV,MS,ASO,CE,Federal Contract Tower,0,16,12,0,28,0,4,47,0,51,0,20,59,0,79,80,0,80,159
09/17/2010,OLV,MS,ASO,CE,Federal Contract Tower,0,17,11,0,28,0,6,93,0,99,0,23,104,0,127,140,0,140,267
09/18/2010,OLV,MS,ASO,CE,Federal Contract Tower,0,9,7,0,16,0,3,89,0,92,0,12,96,0,108,228,0,228,336
09/19/2010,OLV,MS,ASO,CE,Federal Contract Tower,0,9,10,0,19,0,2,71,0,73,0,11,81,0,92,144,0,144,236
09/20/2010,OLV,MS,ASO,CE,Federal Contract Tower,0,7,7,0,14,0,1,60,3,64,0,8,67,3,78,68,0,68,146
09/21/2010,OLV,MS,ASO,CE,Federal Contract Tower,0,10,12,0,22,0,8,84,11,103,0,18,96,11,125,100,0,100,225
09/22/2010,OLV,MS,ASO,CE,Federal Contract Tower,0,12,17,0,29,0,3,42,8,53,0,15,59,8,82,44,0,44,126
09/23/2010,OLV,MS,ASO,CE,Federal Contract Tower,0,5,12,0,17,0,2,54,1,57,0,7,66,1,74,38,0,38,112
09/24/2010,OLV,MS,ASO,CE,Federal Contract Tower,0,11,19,0,30,0,12,49,0,61,0,23,68,0,91,70,0,70,161
09/25/2010,OLV,MS,ASO,CE,Federal Contract Tower,0,5,15,0,20,0,5,70,0,75,0,10,85,0,95,88,0,88,183
09/26/2010,OLV,MS,ASO,CE,Federal Contract Tower,0,8,14,0,22,0,8,70,0,78,0,16,84,0,100,28,0,28,128
09/27/2010,OLV,MS,ASO,CE,Federal Contract Tower,0,15,22,1,38,0,5,53,0,58,0,20,75,1,96,16,0,16,112
09/28/2010,OLV,MS,ASO,CE,Federal Contract Tower,0,13,19,1,33,0,6,68,2,76,0,19,87,3,109,72,0,72,181
09/29/2010,OLV,MS,ASO,CE,Federal Contract Tower,0,8,10,0,18,0,3,56,0,59,0,11,66,0,77,56,0,56,133
09/30/2010,OLV,MS,ASO,CE,Federal Contract Tower,0,14,10,1,25,0,3,68,1,72,0,17,78,2,97,94,0,94,191
10/01/2010,OLV,MS,ASO,CE,Federal Contract Tower,0,10,8,0,18,0,1,48,0,49,0,11,56,0,67,52,0,52,119
10/02/2010,OLV,MS,ASO,CE,Federal Contract Tower,0,4,5,0,9,0,5,50,0,55,0,9,55,0,64,112,0,112,176
10/03/2010,OLV,MS,ASO,CE,Federal Contract Tower,0,14,10,0,24,0,6,67,0,73,0,20,77,0,97,102,0,102,199
10/04/2010,OLV,MS,ASO,CE,Federal Contract Tower,0,3,7,0,10,0,4,67,0,71,0,7,74,0,81,56,0,56,137
10/05/2010,OLV,MS,ASO,CE,Federal Contract Tower,0,17,8,0,25,0,4,95,1,100,0,21,103,1,125,92,4,96,221
10/06/2010,OLV,MS,ASO,CE,Federal Contract Tower,0,13,7,0,20,0,2,53,4,59,0,15,60,4,79,118,16,134,213
10/07/2010,OLV,MS,ASO,CE,Federal Contract Tower,0,15,13,0,28,0,4,59,0,63,0,19,72,0,91,38,0,38,129
10/08/2010,OLV,MS,ASO,CE,Federal Contract Tower,0,7,15,0,22,0,3,84,3,90,0,10,99,3,112,104,0,104,216
10/09/2010,OLV,MS,ASO,CE,Federal Contract Tower,0,12,6,2,20,0,1,123,0,124,0,13,129,2,144,120,0,120,264
10/10/2010,OLV,MS,ASO,CE,Federal Contract Tower,0,10,16,0,26,0,7,111,0,118,0,17,127,0,144,112,0,112,256
10/11/2010,OLV,MS,ASO,CE,Federal Contract Tower,0,10,10,0,20,0,10,35,2,47,0,20,45,2,67,72,16,88,155
10/12/2010,OLV,MS,ASO,CE,Federal Contract Tower,0,8,4,0,12,0,6,48,0,54,0,14,52,0,66,20,0,20,86
10/13/2010,OLV,MS,ASO,CE,Federal Contract Tower,0,15,14,0,29,0,1,53,0,54,0,16,67,0,83,72,0,72,155
10/14/2010,OLV,MS,ASO,CE,Federal Contract Tower,0,16,9,0,25,0,0,67,0,67,0,16,76,0,92,76,0,76,168
10/15/2010,OLV,MS,ASO,CE,Federal Contract Tower,0,11,14,0,25,0,1,58,0,59,0,12,72,0,84,116,0,116,200
10/16/2010,OLV,MS,ASO,CE,Federal Contract Tower,0,4,9,0,13,0,8,110,0,118,0,12,119,0,131,108,0,108,239
10/17/2010,OLV,MS,ASO,CE,Federal Contract Tower,0,9,12,0,21,0,26,71,1,98,0,35,83,1,119,80,0,80,199
10/18/2010,OLV,MS,ASO,CE,Federal Contract Tower,0,16,3,0,19,0,11,59,2,72,0,27,62,2,91,66,6,72,163
10/19/2010,OLV,MS,ASO,CE,Federal Contract Tower,0,13,9,0,22,0,7,57,0,64,0,20,66,0,86,58,0,58,144
10/20/2010,OLV,MS,ASO,CE,Federal Contract Tower,0,8,10,1,19,0,1,55,3,59,0,9,65,4,78,88,0,88,166
10/21/2010,OLV,MS,ASO,CE,Federal Contract Tower,0,8,8,0,16,0,3,69,0,72,0,11,77,0,88,144,0,144,232
10/22/2010,OLV,MS,ASO,CE,Federal Contract Tower,0,20,9,0,29,0,8,62,0,70,0,28,71,0,99,118,0,118,217
10/23/2010,OLV,MS,ASO,CE,Federal Contract Tower,0,6,11,0,17,0,5,68,0,73,0,11,79,0,90,44,4,48,138
10/24/2010,OLV,MS,ASO,CE,Federal Contract Tower,0,11,17,0,28,0,1,12,0,13,0,12,29,0,41,2,0,2,43
10/25/2010,OLV,MS,ASO,CE,Federal Contract Tower,0,14,6,0,20,0,4,47,0,51,0,18,53,0,71,32,0,32,103
10/26/2010,OLV,MS,ASO,CE,Federal Contract Tower,0,6,7,0,13,0,0,13,0,13,0,6,20,0,26,28,0,28,54
10/27/2010,OLV,MS,ASO,CE,Federal Contract Tower,3,11,0,0,14,0,4,60,0,64,3,15,60,0,78,80,0,80,158
10/28/2010,OLV,MS,ASO,CE,Federal Contract Tower,0,16,7,0,23,0,3,61,0,64,0,19,68,0,87,48,0,48,135
10/29/2010,OLV,MS,ASO,CE,Federal Contract Tower,0,10,21,0,31,0,8,81,0,89,0,18,102,0,120,88,0,88,208
10/30/2010,OLV,MS,ASO,CE,Federal Contract Tower,0,4,9,0,13,0,7,64,0,71,0,11,73,0,84,118,0,118,202
10/31/2010,OLV,MS,ASO,CE,Federal Contract Tower,0,13,11,0,24,0,6,109,0,115,0,19,120,0,139,64,0,64,203
11/01/2010,OLV,MS,ASO,CE,Federal Contract Tower,0,12,2,0,14,0,2,67,0,69,0,14,69,0,83,66,0,66,149
11/02/2010,OLV,MS,ASO,CE,Federal Contract Tower,0,7,6,0,13,0,1,0,0,1,0,8,6,0,14,0,0,0,14
11/03/2010,OLV,MS,ASO,CE,Federal Contract Tower,0,12,11,0,23,0,0,0,0,0,0,12,11,0,23,0,0,0,23
11/04/2010,OLV,MS,ASO,CE,Federal Contract Tower,0,14,8,0,22,0,2,38,0,40,0,16,46,0,62,48,0,48,110
11/05/2010,OLV,MS,ASO,CE,Federal Contract Tower,0,13,10,0,23,0,9,58,0,67,0,22,68,0,90,92,0,92,182
11/06/2010,OLV,MS,ASO,CE,Federal Contract Tower,0,8,6,0,14,0,11,111,2,124,0,19,117,2,138,134,0,134,272
11/07/2010,OLV,MS,ASO,CE,Federal Contract Tower,0,5,5,0,10,0,21,88,0,109,0,26,93,0,119,51,0,51,170
11/08/2010,OLV,MS,ASO,CE,Federal Contract Tower,0,8,9,0,17,0,10,57,0,67,0,18,66,0,84,24,0,24,108
11/09/2010,OLV,MS,ASO,CE,Federal Contract Tower,0,10,4,0,14,0,20,87,0,107,0,30,91,0,121,114,0,114,235
11/10/2010,OLV,MS,ASO,CE,Federal Contract Tower,0,10,5,1,16,0,4,49,2,55,0,14,54,3,71,48,0,48,119
11/11/2010,OLV,MS,ASO,CE,Federal Contract Tower,0,26,11,0,37,0,4,78,10,92,0,30,89,10,129,68,0,68,197
11/12/2010,OLV,MS,ASO,CE,Federal Contract Tower,0,17,8,0,25,0,3,53,0,56,0,20,61,0,81,42,0,42,123
11/13/2010,OLV,MS,ASO,CE,Federal Contract Tower,0,5,9,0,14,0,0,7,0,7,0,5,16,0,21,0,0,0,21
11/14/2010,OLV,MS,ASO,CE,Federal Contract Tower,0,15,11,0,26,0,2,91,0,93,0,17,102,0,119,54,0,54,173
11/15/2010,OLV,MS,ASO,CE,Federal Contract Tower,0,8,4,0,12,0,6,23,2,31,0,14,27,2,43,82,0,82,125
11/16/2010,OLV,MS,ASO,CE,Federal Contract Tower,0,4,3,0,7,0,0,1,0,1,0,4,4,0,8,0,0,0,8
11/17/2010,OLV,MS,ASO,CE,Federal Contract Tower,0,17,12,0,29,0,2,50,0,52,0,19,62,0,81,78,0,78,159
11/18/2010,OLV,MS,ASO,CE,Federal Contract Tower,0,15,4,0,19,0,0,0,0,0,0,15,4,0,19,0,0,0,19
11/19/2010,OLV,MS,ASO,CE,Federal Contract Tower,0,20,20,1,41,0,2,41,0,43,0,22,61,1,84,120,2,122,206
11/20/2010,OLV,MS,ASO,CE,Federal Contract Tower,0,11,11,5,27,0,6,74,11,91,0,17,85,16,118,206,14,220,338
11/21/2010,OLV,MS,ASO,CE,Federal Contract Tower,0,8,9,0,17,0,0,41,0,41,0,8,50,0,58,48,0,48,106
11/22/2010,OLV,MS,ASO,CE,Federal Contract Tower,0,11,8,0,19,0,0,35,0,35,0,11,43,0,54,48,0,48,102
11/23/2010,OLV,MS,ASO,CE,Federal Contract Tower,0,14,9,0,23,0,0,0,0,0,0,14,9,0,23,2,0,2,25
11/24/2010,OLV,MS,ASO,CE,Federal Contract Tower,0,24,10,0,34,0,0,8,0,8,0,24,18,0,42,32,0,32,74
11/25/2010,OLV,MS,ASO,CE,Federal Contract Tower,0,0,0,0,0,0,0,0,0,0,0,0,0,0,0,0,0,0,0
11/26/2010,OLV,MS,ASO,CE,Federal Contract Tower,0,4,11,0,15,0,0,28,2,30,0,4,39,2,45,62,0,62,107
11/27/2010,OLV,MS,ASO,CE,Federal Contract Tower,0,9,6,0,15,0,6,60,3,69,0,15,66,3,84,58,4,62,146
11/28/2010,OLV,MS,ASO,CE,Federal Contract Tower,0,15,11,0,26,0,8,85,0,93,0,23,96,0,119,64,0,64,183
11/29/2010,OLV,MS,ASO,CE,Federal Contract Tower,0,11,3,0,14,0,0,4,0,4,0,11,7,0,18,0,0,0,18
11/30/2010,OLV,MS,ASO,CE,Federal Contract Tower,0,17,2,0,19,0,0,16,0,16,0,17,18,0,35,28,0,28,63
12/01/2010,OLV,MS,ASO,CE,Federal Contract Tower,0,16,5,0,21,0,1,30,1,32,0,17,35,1,53,20,0,20,73
12/02/2010,OLV,MS,ASO,CE,Federal Contract Tower,0,13,14,0,27,0,3,58,0,61,0,16,72,0,88,116,0,116,204
12/03/2010,OLV,MS,ASO,CE,Federal Contract Tower,0,14,13,0,27,0,6,107,0,113,0,20,120,0,140,148,0,148,288
12/04/2010,OLV,MS,ASO,CE,Federal Contract Tower,0,0,1,0,1,0,4,39,5,48,0,4,40,5,49,84,0,84,133
12/05/2010,OLV,MS,ASO,CE,Federal Contract Tower,0,5,5,0,10,0,1,25,0,26,0,6,30,0,36,42,0,42,78
12/06/2010,OLV,MS,ASO,CE,Federal Contract Tower,0,5,7,0,12,0,0,45,0,45,0,5,52,0,57,22,0,22,79
12/07/2010,OLV,MS,ASO,CE,Federal Contract Tower,0,7,12,0,19,0,4,62,0,66,0,11,74,0,85,94,0,94,179
12/08/2010,OLV,MS,ASO,CE,Federal Contract Tower,0,9,6,0,15,0,12,24,0,36,0,21,30,0,51,78,0,78,129
12/09/2010,OLV,MS,ASO,CE,Federal Contract Tower,0,7,9,0,16,0,1,30,0,31,0,8,39,0,47,50,0,50,97
12/10/2010,OLV,MS,ASO,CE,Federal Contract Tower,0,9,16,0,25,0,5,9,0,14,0,14,25,0,39,44,0,44,83
12/11/2010,OLV,MS,ASO,CE,Federal Contract Tower,0,3,1,0,4,0,0,0,0,0,0,3,1,0,4,0,0,0,4
12/12/2010,OLV,MS,ASO,CE,Federal Contract Tower,0,3,4,0,7,0,0,4,0,4,0,3,8,0,11,0,0,0,11
12/13/2010,OLV,MS,ASO,CE,Federal Contract Tower,0,11,4,0,15,0,10,20,0,30,0,21,24,0,45,18,0,18,63
12/14/2010,OLV,MS,ASO,CE,Federal Contract Tower,0,19,5,0,24,0,8,51,0,59,0,27,56,0,83,90,0,90,173
12/15/2010,OLV,MS,ASO,CE,Federal Contract Tower,0,8,2,0,10,0,0,1,0,1,0,8,3,0,11,0,0,0,11
12/16/2010,OLV,MS,ASO,CE,Federal Contract Tower,0,14,6,0,20,0,0,5,0,5,0,14,11,0,25,26,0,26,51
12/17/2010,OLV,MS,ASO,CE,Federal Contract Tower,0,23,14,0,37,0,0,46,0,46,0,23,60,0,83,66,0,66,149
12/18/2010,OLV,MS,ASO,CE,Federal Contract Tower,0,3,4,0,7,0,2,69,2,73,0,5,73,2,80,138,0,138,218
12/19/2010,OLV,MS,ASO,CE,Federal Contract Tower,0,9,1,0,10,0,6,60,0,66,0,15,61,0,76,38,0,38,114
12/20/2010,OLV,MS,ASO,CE,Federal Contract Tower,0,11,4,0,15,0,4,43,0,47,0,15,47,0,62,32,0,32,94
12/21/2010,OLV,MS,ASO,CE,Federal Contract Tower,0,14,16,0,30,0,1,20,0,21,0,15,36,0,51,34,0,34,85
12/22/2010,OLV,MS,ASO,CE,Federal Contract Tower,0,15,8,0,23,0,2,44,0,46,0,17,52,0,69,110,0,110,179
12/23/2010,OLV,MS,ASO,CE,Federal Contract Tower,0,12,8,0,20,0,3,25,0,28,0,15,33,0,48,34,0,34,82
12/24/2010,OLV,MS,ASO,CE,Federal Contract Tower,0,4,2,0,6,0,0,37,1,38,0,4,39,1,44,86,6,92,136
12/25/2010,OLV,MS,ASO,CE,Federal Contract Tower,0,0,0,0,0,0,0,0,0,0,0,0,0,0,0,0,0,0,0
12/26/2010,OLV,MS,ASO,CE,Federal Contract Tower,0,9,2,0,11,0,0,10,0,10,0,9,12,0,21,26,0,26,47
12/27/2010,OLV,MS,ASO,CE,Federal Contract Tower,0,14,3,0,17,0,2,85,2,89,0,16,88,2,106,62,10,72,178
12/28/2010,OLV,MS,ASO,CE,Federal Contract Tower,0,13,13,0,26,0,2,67,0,69,0,15,80,0,95,118,0,118,213
12/29/2010,OLV,MS,ASO,CE,Federal Contract Tower,0,7,6,0,13,0,0,8,0,8,0,7,14,0,21,40,0,40,61
12/30/2010,OLV,MS,ASO,CE,Federal Contract Tower,0,10,7,0,17,0,2,16,0,18,0,12,23,0,35,12,0,12,47
12/31/2010,OLV,MS,ASO,CE,Federal Contract Tower,0,2,0,0,2,0,0,0,0,0,0,2,0,0,2,0,0,0,2
01/01/2011,OLV,MS,ASO,CE,Federal Contract Tower,0,5,3,0,8,0,3,28,0,31,0,8,31,0,39,110,0,110,149
01/02/2011,OLV,MS,ASO,CE,Federal Contract Tower,0,6,9,0,15,0,9,58,0,67,0,15,67,0,82,120,0,120,202
01/03/2011,OLV,MS,ASO,CE,Federal Contract Tower,0,5,4,0,9,0,3,59,0,62,0,8,63,0,71,102,0,102,173
01/04/2011,OLV,MS,ASO,CE,Federal Contract Tower,0,6,3,0,9,0,0,74,2,76,0,6,77,2,85,76,0,76,161
01/05/2011,OLV,MS,ASO,CE,Federal Contract Tower,0,10,9,4,23,0,0,16,2,18,0,10,25,6,41,52,24,76,117
01/06/2011,OLV,MS,ASO,CE,Federal Contract Tower,0,6,8,0,14,0,6,42,1,49,0,12,50,1,63,108,10,118,181
01/07/2011,OLV,MS,ASO,CE,Federal Contract Tower,0,11,5,0,16,0,4,35,0,39,0,15,40,0,55,36,0,36,91
01/08/2011,OLV,MS,ASO,CE,Federal Contract Tower,0,7,6,0,13,0,10,52,1,63,0,17,58,1,76,204,0,204,280
01/09/2011,OLV,MS,ASO,CE,Federal Contract Tower,0,4,6,0,10,0,0,10,0,10,0,4,16,0,20,16,0,16,36
01/10/2011,OLV,MS,ASO,CE,Federal Contract Tower,0,2,0,0,2,0,0,0,0,0,0,2,0,0,2,0,0,0,2
01/11/2011,OLV,MS,ASO,CE,Federal Contract Tower,0,5,3,0,8,0,0,2,0,2,0,5,5,0,10,2,0,2,12
01/12/2011,OLV,MS,ASO,CE,Federal Contract Tower,0,10,3,0,13,0,3,19,0,22,0,13,22,0,35,20,0,20,55
01/13/2011,OLV,MS,ASO,CE,Federal Contract Tower,0,17,4,0,21,0,4,36,0,40,0,21,40,0,61,50,0,50,111
01/14/2011,OLV,MS,ASO,CE,Federal Contract Tower,0,17,9,0,26,0,8,63,0,71,0,25,72,0,97,70,0,70,167
01/15/2011,OLV,MS,ASO,CE,Federal Contract Tower,0,3,7,0,10,0,0,59,8,67,0,3,66,8,77,134,0,134,211
01/16/2011,OLV,MS,ASO,CE,Federal Contract Tower,0,8,3,0,11,0,1,33,0,34,0,9,36,0,45,114,0,114,159
01/17/2011,OLV,MS,ASO,CE,Federal Contract Tower,0,15,0,0,15,0,1,0,0,1,0,16,0,0,16,0,0,0,16
01/18/2011,OLV,MS,ASO,CE,Federal Contract Tower,0,10,8,0,18,0,0,0,0,0,0,10,8,0,18,0,0,0,18
01/19/2011,OLV,MS,ASO,CE,Federal Contract Tower,0,12,14,0,26,0,0,10,0,10,0,12,24,0,36,16,0,16,52
01/20/2011,OLV,MS,ASO,CE,Federal Contract Tower,0,5,2,0,7,0,0,0,0,0,0,5,2,0,7,0,0,0,7
01/21/2011,OLV,MS,ASO,CE,Federal Contract Tower,0,15,6,0,21,0,2,20,0,22,0,17,26,0,43,32,0,32,75
01/22/2011,OLV,MS,ASO,CE,Federal Contract Tower,0,8,4,0,12,0,6,98,0,104,0,14,102,0,116,160,0,160,276
01/23/2011,OLV,MS,ASO,CE,Federal Contract Tower,0,14,7,0,21,0,12,76,0,88,0,26,83,0,109,96,0,96,205
01/24/2011,OLV,MS,ASO,CE,Federal Contract Tower,0,12,8,0,20,0,0,4,0,4,0,12,12,0,24,0,0,0,24
01/25/2011,OLV,MS,ASO,CE,Federal Contract Tower,0,10,3,0,13,0,0,0,0,0,0,10,3,0,13,0,0,0,13
01/26/2011,OLV,MS,ASO,CE,Federal Contract Tower,0,16,5,0,21,0,5,24,0,29,0,21,29,0,50,60,0,60,110
01/27/2011,OLV,MS,ASO,CE,Federal Contract Tower,0,18,5,0,23,0,2,33,0,35,0,20,38,0,58,74,0,74,132
01/28/2011,OLV,MS,ASO,CE,Federal Contract Tower,0,11,7,0,18,0,0,93,0,93,0,11,100,0,111,80,0,80,191
01/29/2011,OLV,MS,ASO,CE,Federal Contract Tower,0,1,12,0,13,0,3,98,0,101,0,4,110,0,114,146,0,146,260
01/30/2011,OLV,MS,ASO,CE,Federal Contract Tower,0,10,9,2,21,0,0,16,0,16,0,10,25,2,37,12,0,12,49
01/31/2011,OLV,MS,ASO,CE,Federal Contract Tower,0,9,6,0,15,0,0,11,0,11,0,9,17,0,26,34,0,34,60
02/01/2011,OLV,MS,ASO,CE,Federal Contract Tower,0,9,0,0,9,0,0,0,0,0,0,9,0,0,9,0,0,0,9
02/02/2011,OLV,MS,ASO,CE,Federal Contract Tower,0,12,4,0,16,0,2,42,0,44,0,14,46,0,60,80,0,80,140
02/03/2011,OLV,MS,ASO,CE,Federal Contract Tower,0,14,2,0,16,0,0,34,0,34,0,14,36,0,50,108,0,108,158
02/04/2011,OLV,MS,ASO,CE,Federal Contract Tower,0,9,0,0,9,0,0,1,0,1,0,9,1,0,10,0,0,0,10
02/05/2011,OLV,MS,ASO,CE,Federal Contract Tower,0,7,7,0,14,0,0,20,0,20,0,7,27,0,34,60,0,60,94
02/06/2011,OLV,MS,ASO,CE,Federal Contract Tower,0,6,5,0,11,0,5,76,0,81,0,11,81,0,92,86,0,86,178
02/07/2011,OLV,MS,ASO,CE,Federal Contract Tower,0,4,0,0,4,0,0,0,0,0,0,4,0,0,4,0,0,0,4
02/08/2011,OLV,MS,ASO,CE,Federal Contract Tower,0,9,7,0,16,0,1,48,0,49,0,10,55,0,65,32,0,32,97
02/09/2011,OLV,MS,ASO,CE,Federal Contract Tower,0,4,0,0,4,0,0,20,0,20,0,4,20,0,24,10,0,10,34
02/10/2011,OLV,MS,ASO,CE,Federal Contract Tower,0,4,0,0,4,0,1,7,0,8,0,5,7,0,12,10,0,10,22
02/11/2011,OLV,MS,ASO,CE,Federal Contract Tower,0,13,19,0,32,0,6,63,0,69,0,19,82,0,101,12,0,12,113
02/12/2011,OLV,MS,ASO,CE,Federal Contract Tower,0,4,9,0,13,0,7,56,2,65,0,11,65,2,78,48,0,48,126
02/13/2011,OLV,MS,ASO,CE,Federal Contract Tower,0,8,11,0,19,0,6,78,1,85,0,14,89,1,104,36,8,44,148
02/14/2011,OLV,MS,ASO,CE,Federal Contract Tower,0,9,8,0,17,0,13,84,0,97,0,22,92,0,114,22,0,22,136
02/15/2011,OLV,MS,ASO,CE,Federal Contract Tower,0,18,3,0,21,0,8,92,0,100,0,26,95,0,121,62,0,62,183
02/16/2011,OLV,MS,ASO,CE,Federal Contract Tower,0,24,2,0,26,0,0,54,0,54,0,24,56,0,80,112,0,112,192
02/17/2011,OLV,MS,ASO,CE,Federal Contract Tower,0,19,12,0,31,0,6,42,0,48,0,25,54,0,79,76,0,76,155
02/18/2011,OLV,MS,ASO,CE,Federal Contract Tower,0,21,24,0,45,0,0,49,0,49,0,21,73,0,94,84,0,84,178
02/19/2011,OLV,MS,ASO,CE,Federal Contract Tower,0,4,16,1,21,0,2,69,3,74,0,6,85,4,95,148,0,148,243
02/20/2011,OLV,MS,ASO,CE,Federal Contract Tower,0,2,7,0,9,0,3,12,0,15,0,5,19,0,24,8,0,8,32
02/21/2011,OLV,MS,ASO,CE,Federal Contract Tower,0,14,9,0,23,0,0,23,0,23,0,14,32,0,46,12,0,12,58
02/22/2011,OLV,MS,ASO,CE,Federal Contract Tower,0,13,10,0,23,0,3,91,0,94,0,16,101,0,117,104,0,104,221
02/23/2011,OLV,MS,ASO,CE,Federal Contract Tower,0,15,12,0,27,0,1,37,0,38,0,16,49,0,65,124,0,124,189
02/24/2011,OLV,MS,ASO,CE,Federal Contract Tower,0,9,2,0,11,0,0,0,0,0,0,9,2,0,11,0,0,0,11
02/25/2011,OLV,MS,ASO,CE,Federal Contract Tower,0,10,20,0,30,0,0,62,0,62,0,10,82,0,92,100,0,100,192
02/26/2011,OLV,MS,ASO,CE,Federal Contract Tower,0,6,16,0,22,0,3,100,5,108,0,9,116,5,130,186,0,186,316
02/27/2011,OLV,MS,ASO,CE,Federal Contract Tower,0,13,6,0,19,0,1,13,0,14,0,14,19,0,33,10,0,10,43
02/28/2011,OLV,MS,ASO,CE,Federal Contract Tower,0,8,2,0,10,0,2,3,0,5,0,10,5,0,15,2,0,2,17
03/01/2011,OLV,MS,ASO,CE,Federal Contract Tower,0,4,7,0,11,0,4,82,0,86,0,8,89,0,97,148,0,148,245
03/02/2011,OLV,MS,ASO,CE,Federal Contract Tower,0,11,5,0,16,0,0,55,1,56,0,11,60,1,72,86,0,86,158
03/03/2011,OLV,MS,ASO,CE,Federal Contract Tower,0,11,9,0,20,0,2,65,2,69,0,13,74,2,89,112,0,112,201
03/04/2011,OLV,MS,ASO,CE,Federal Contract Tower,0,6,8,0,14,0,0,9,0,9,0,6,17,0,23,10,0,10,33
03/05/2011,OLV,MS,ASO,CE,Federal Contract Tower,0,4,1,0,5,0,0,0,0,0,0,4,1,0,5,0,0,0,5
03/06/2011,OLV,MS,ASO,CE,Federal Contract Tower,0,7,9,0,16,0,2,43,0,45,0,9,52,0,61,30,0,30,91
03/07/2011,OLV,MS,ASO,CE,Federal Contract Tower,0,4,11,0,15,0,0,52,0,52,0,4,63,0,67,16,0,16,83
03/08/2011,OLV,MS,ASO,CE,Federal Contract Tower,0,13,7,0,20,0,0,11,0,11,0,13,18,0,31,18,0,18,49
03/09/2011,OLV,MS,ASO,CE,Federal Contract Tower,0,13,9,0,22,0,0,1,0,1,0,13,10,0,23,4,0,4,27
03/10/2011,OLV,MS,ASO,CE,Federal Contract Tower,0,18,5,0,23,0,12,67,0,79,0,30,72,0,102,92,0,92,194
03/11/2011,OLV,MS,ASO,CE,Federal Contract Tower,0,24,14,0,38,0,13,74,0,87,0,37,88,0,125,100,0,100,225
03/12/2011,OLV,MS,ASO,CE,Federal Contract Tower,0,17,0,0,17,0,1,84,0,85,0,18,84,0,102,94,0,94,196
03/13/2011,OLV,MS,ASO,CE,Federal Contract Tower,0,12,8,2,22,0,6,84,0,90,0,18,92,2,112,68,0,68,180
03/14/2011,OLV,MS,ASO,CE,Federal Contract Tower,0,16,3,0,19,0,0,0,0,0,0,16,3,0,19,0,0,0,19
03/15/2011,OLV,MS,ASO,CE,Federal Contract Tower,0,13,13,0,26,0,0,31,0,31,0,13,44,0,57,58,0,58,115
03/16/2011,OLV,MS,ASO,CE,Federal Contract Tower,0,7,4,0,11,0,4,59,0,63,0,11,63,0,74,126,0,126,200
03/17/2011,OLV,MS,ASO,CE,Federal Contract Tower,0,14,5,0,19,0,1,31,0,32,0,15,36,0,51,12,0,12,63
03/18/2011,OLV,MS,ASO,CE,Federal Contract Tower,0,7,13,0,20,0,5,61,0,66,0,12,74,0,86,64,0,64,150
03/19/2011,OLV,MS,ASO,CE,Federal Contract Tower,0,3,0,0,3,0,1,92,1,94,0,4,92,1,97,168,0,168,265
03/20/2011,OLV,MS,ASO,CE,Federal Contract Tower,0,15,10,0,25,0,8,130,0,138,0,23,140,0,163,88,0,88,251
03/21/2011,OLV,MS,ASO,CE,Federal Contract Tower,0,9,8,0,17,0,9,57,0,66,0,18,65,0,83,96,0,96,179
03/22/2011,OLV,MS,ASO,CE,Federal Contract Tower,0,19,5,0,24,0,0,63,0,63,0,19,68,0,87,56,0,56,143
03/23/2011,OLV,MS,ASO,CE,Federal Contract Tower,0,8,6,0,14,0,0,7,0,7,0,8,13,0,21,4,0,4,25
03/24/2011,OLV,MS,ASO,CE,Federal Contract Tower,0,6,11,0,17,0,0,58,1,59,0,6,69,1,76,78,0,78,154
03/25/2011,OLV,MS,ASO,CE,Federal Contract Tower,0,11,15,0,26,0,0,88,0,88,0,11,103,0,114,56,0,56,170
03/26/2011,OLV,MS,ASO,CE,Federal Contract Tower,0,0,1,0,1,0,0,0,0,0,0,0,1,0,1,0,0,0,1
03/27/2011,OLV,MS,ASO,CE,Federal Contract Tower,0,11,4,0,15,0,0,17,0,17,0,11,21,0,32,38,0,38,70
03/28/2011,OLV,MS,ASO,CE,Federal Contract Tower,0,10,12,0,22,0,1,38,0,39,0,11,50,0,61,82,0,82,143
03/29/2011,OLV,MS,ASO,CE,Federal Contract Tower,0,15,8,0,23,0,0,50,0,50,0,15,58,0,73,176,0,176,249
03/30/2011,OLV,MS,ASO,CE,Federal Contract Tower,0,18,17,0,35,0,0,10,0,10,0,18,27,0,45,40,0,40,85
03/31/2011,OLV,MS,ASO,CE,Federal Contract Tower,0,16,7,0,23,0,2,78,0,80,0,18,85,0,103,98,0,98,201
04/01/2011,OLV,MS,ASO,CE,Federal Contract Tower,0,11,8,0,19,0,2,78,1,81,0,13,86,1,100,112,0,112,212
04/02/2011,OLV,MS,ASO,CE,Federal Contract Tower,0,4,1,0,5,1,5,106,3,115,1,9,107,3,120,148,0,148,268
04/03/2011,OLV,MS,ASO,CE,Federal Contract Tower,0,9,10,0,19,0,0,24,0,24,0,9,34,0,43,14,0,14,57
04/04/2011,OLV,MS,ASO,CE,Federal Contract Tower,0,5,2,0,7,0,0,0,0,0,0,5,2,0,7,0,0,0,7
04/05/2011,OLV,MS,ASO,CE,Federal Contract Tower,0,21,6,0,27,0,0,77,3,80,0,21,83,3,107,140,0,140,247
04/06/2011,OLV,MS,ASO,CE,Federal Contract Tower,0,6,0,0,6,0,2,33,1,36,0,8,33,1,42,86,0,86,128
04/07/2011,OLV,MS,ASO,CE,Federal Contract Tower,0,19,10,0,29,0,1,62,0,63,0,20,72,0,92,140,0,140,232
04/08/2011,OLV,MS,ASO,CE,Federal Contract Tower,0,12,10,0,22,0,9,63,0,72,0,21,73,0,94,124,0,124,218
04/09/2011,OLV,MS,ASO,CE,Federal Contract Tower,0,10,9,0,19,0,4,40,0,44,0,14,49,0,63,54,0,54,117
04/10/2011,OLV,MS,ASO,CE,Federal Contract Tower,0,15,9,0,24,0,2,21,0,23,0,17,30,0,47,6,0,6,53
04/11/2011,OLV,MS,ASO,CE,Federal Contract Tower,0,7,1,0,8,0,0,12,0,12,0,7,13,0,20,34,0,34,54
04/12/2011,OLV,MS,ASO,CE,Federal Contract Tower,0,12,11,2,25,0,2,75,0,77,0,14,86,2,102,206,6,212,314
04/13/2011,OLV,MS,ASO,CE,Federal Contract Tower,0,23,5,0,28,0,2,80,0,82,0,25,85,0,110,232,0,232,342
04/14/2011,OLV,MS,ASO,CE,Federal Contract Tower,0,19,14,0,33,0,5,64,0,69,0,24,78,0,102,164,0,164,266
04/15/2011,OLV,MS,ASO,CE,Federal Contract Tower,0,0,2,0,2,0,0,5,0,5,0,0,7,0,7,20,0,20,27
04/16/2011,OLV,MS,ASO,CE,Federal Contract Tower,0,5,3,0,8,0,2,18,0,20,0,7,21,0,28,28,0,28,56
04/17/2011,OLV,MS,ASO,CE,Federal Contract Tower,0,4,4,1,9,0,7,65,0,72,0,11,69,1,81,16,0,16,97
04/18/2011,OLV,MS,ASO,CE,Federal Contract Tower,0,7,9,0,16,0,3,72,0,75,0,10,81,0,91,152,0,152,243
04/19/2011,OLV,MS,ASO,CE,Federal Contract Tower,0,5,11,0,16,0,3,15,0,18,0,8,26,0,34,8,0,8,42
04/20/2011,OLV,MS,ASO,CE,Federal Contract Tower,0,13,3,0,16,0,0,2,0,2,0,13,5,0,18,0,0,0,18
04/21/2011,OLV,MS,ASO,CE,Federal Contract Tower,0,17,8,0,25,0,0,0,0,0,0,17,8,0,25,0,0,0,25
04/22/2011,OLV,MS,ASO,CE,Federal Contract Tower,0,8,12,0,20,0,1,30,0,31,0,9,42,0,51,6,0,6,57
04/23/2011,OLV,MS,ASO,CE,Federal Contract Tower,0,3,9,1,13,0,5,51,0,56,0,8,60,1,69,50,0,50,119
04/24/2011,OLV,MS,ASO,CE,Federal Contract Tower,0,14,11,0,25,0,3,16,0,19,0,17,27,0,44,16,0,16,60
04/25/2011,OLV,MS,ASO,CE,Federal Contract Tower,0,7,8,0,15,0,0,12,0,12,0,7,20,0,27,12,0,12,39
04/26/2011,OLV,MS,ASO,CE,Federal Contract Tower,0,10,5,0,15,0,0,15,0,15,0,10,20,0,30,10,0,10,40
04/27/2011,OLV,MS,ASO,CE,Federal Contract Tower,0,2,1,0,3,0,0,2,0,2,0,2,3,0,5,0,0,0,5
04/28/2011,OLV,MS,ASO,CE,Federal Contract Tower,0,21,17,0,38,0,6,86,2,94,0,27,103,2,132,194,0,194,326
04/29/2011,OLV,MS,ASO,CE,Federal Contract Tower,0,19,17,0,36,0,14,135,3,152,0,33,152,3,188,224,0,224,412
04/30/2011,OLV,MS,ASO,CE,Federal Contract Tower,0,7,12,1,20,0,5,102,2,109,0,12,114,3,129,122,0,122,251
05/01/2011,OLV,MS,ASO,CE,Federal Contract Tower,0,7,14,0,21,0,0,16,0,16,0,7,30,0,37,12,0,12,49
05/02/2011,OLV,MS,ASO,CE,Federal Contract Tower,0,4,1,0,5,0,0,0,0,0,0,4,1,0,5,0,0,0,5
05/03/2011,OLV,MS,ASO,CE,Federal Contract Tower,0,4,8,0,12,0,0,65,0,65,0,4,73,0,77,264,0,264,341
05/04/2011,OLV,MS,ASO,CE,Federal Contract Tower,0,12,13,0,25,0,3,98,2,103,0,15,111,2,128,244,0,244,372
05/05/2011,OLV,MS,ASO,CE,Federal Contract Tower,0,29,18,0,47,0,8,116,7,131,0,37,134,7,178,238,12,250,428
05/06/2011,OLV,MS,ASO,CE,Federal Contract Tower,0,17,24,1,42,0,6,136,3,145,0,23,160,4,187,118,10,128,315
05/07/2011,OLV,MS,ASO,CE,Federal Contract Tower,0,6,23,0,29,0,3,150,0,153,0,9,173,0,182,158,0,158,340
05/08/2011,OLV,MS,ASO,CE,Federal Contract Tower,0,14,16,0,30,0,8,129,0,137,0,22,145,0,167,106,0,106,273
05/09/2011,OLV,MS,ASO,CE,Federal Contract Tower,0,8,15,0,23,0,9,106,0,115,0,17,121,0,138,112,0,112,250
05/10/2011,OLV,MS,ASO,CE,Federal Contract Tower,0,18,12,0,30,0,1,122,3,126,0,19,134,3,156,156,0,156,312
05/11/2011,OLV,MS,ASO,CE,Federal Contract Tower,0,10,21,0,31,0,1,132,0,133,0,11,153,0,164,232,0,232,396
05/12/2011,OLV,MS,ASO,CE,Federal Contract Tower,0,14,16,0,30,0,5,75,2,82,0,19,91,2,112,166,10,176,288
05/13/2011,OLV,MS,ASO,CE,Federal Contract Tower,0,3,11,0,14,0,0,43,0,43,0,3,54,0,57,92,0,92,149
05/14/2011,OLV,MS,ASO,CE,Federal Contract Tower,0,12,15,0,27,0,3,63,0,66,0,15,78,0,93,176,0,176,269
05/15/2011,OLV,MS,ASO,CE,Federal Contract Tower,0,8,18,0,26,0,0,82,0,82,0,8,100,0,108,78,0,78,186
05/16/2011,OLV,MS,ASO,CE,Federal Contract Tower,0,26,10,0,36,0,2,17,0,19,0,28,27,0,55,52,0,52,107
05/17/2011,OLV,MS,ASO,CE,Federal Contract Tower,0,18,14,0,32,0,2,130,0,132,0,20,144,0,164,258,0,258,422
05/18/2011,OLV,MS,ASO,CE,Federal Contract Tower,0,22,22,0,44,0,5,115,0,120,0,27,137,0,164,250,0,250,414
05/19/2011,OLV,MS,ASO,CE,Federal Contract Tower,0,10,10,0,20,0,3,89,0,92,0,13,99,0,112,240,0,240,352
05/20/2011,OLV,MS,ASO,CE,Federal Contract Tower,0,10,11,0,21,0,8,88,0,96,0,18,99,0,117,180,0,180,297
05/21/2011,OLV,MS,ASO,CE,Federal Contract Tower,0,10,3,0,13,0,4,51,0,55,0,14,54,0,68,114,0,114,182
05/22/2011,OLV,MS,ASO,CE,Federal Contract Tower,0,7,8,0,15,0,1,16,0,17,0,8,24,0,32,42,0,42,74
05/23/2011,OLV,MS,ASO,CE,Federal Contract Tower,0,7,12,0,19,0,3,87,0,90,0,10,99,0,109,174,0,174,283
05/24/2011,OLV,MS,ASO,CE,Federal Contract Tower,0,12,12,0,24,0,0,90,0,90,0,12,102,0,114,158,0,158,272
05/25/2011,OLV,MS,ASO,CE,Federal Contract Tower,0,13,6,1,20,0,0,20,0,20,0,13,26,1,40,14,0,14,54
05/26/2011,OLV,MS,ASO,CE,Federal Contract Tower,0,14,9,0,23,0,1,61,4,66,0,15,70,4,89,194,0,194,283
05/27/2011,OLV,MS,ASO,CE,Federal Contract Tower,0,15,16,0,31,0,4,91,1,96,0,19,107,1,127,232,0,232,359
05/28/2011,OLV,MS,ASO,CE,Federal Contract Tower,0,5,5,0,10,0,2,110,0,112,0,7,115,0,122,130,0,130,252
05/29/2011,OLV,MS,ASO,CE,Federal Contract Tower,0,4,12,0,16,0,5,63,0,68,0,9,75,0,84,40,0,40,124
05/30/2011,OLV,MS,ASO,CE,Federal Contract Tower,0,10,10,0,20,0,8,101,0,109,0,18,111,0,129,90,0,90,219
05/31/2011,OLV,MS,ASO,CE,Federal Contract Tower,0,11,7,0,18,0,0,110,3,113,0,11,117,3,131,104,12,116,247
06/01/2011,OLV,MS,ASO,CE,Federal Contract Tower,0,6,15,0,21,0,2,100,0,102,0,8,115,0,123,200,0,200,323
06/02/2011,OLV,MS,ASO,CE,Federal Contract Tower,0,16,17,0,33,0,3,113,2,118,0,19,130,2,151,188,0,188,339
06/03/2011,OLV,MS,ASO,CE,Federal Contract Tower,0,4,20,0,24,0,5,94,0,99,0,9,114,0,123,186,0,186,309
06/04/2011,OLV,MS,ASO,CE,Federal Contract Tower,0,2,8,0,10,0,2,96,0,98,0,4,104,0,108,172,0,172,280
06/05/2011,OLV,MS,ASO,CE,Federal Contract Tower,0,5,16,0,21,0,2,76,1,79,0,7,92,1,100,102,0,102,202
06/06/2011,OLV,MS,ASO,CE,Federal Contract Tower,0,16,16,0,32,0,10,93,0,103,0,26,109,0,135,216,0,216,351
06/07/2011,OLV,MS,ASO,CE,Federal Contract Tower,0,26,25,0,51,0,4,116,0,120,0,30,141,0,171,190,0,190,361
06/08/2011,OLV,MS,ASO,CE,Federal Contract Tower,0,22,6,0,28,0,9,102,4,115,0,31,108,4,143,170,0,170,313
06/09/2011,OLV,MS,ASO,CE,Federal Contract Tower,0,17,15,0,32,0,2,91,0,93,0,19,106,0,125,126,0,126,251
06/10/2011,OLV,MS,ASO,CE,Federal Contract Tower,0,10,17,1,28,0,5,112,4,121,0,15,129,5,149,140,0,140,289
06/11/2011,OLV,MS,ASO,CE,Federal Contract Tower,0,9,10,0,19,0,0,124,1,125,0,9,134,1,144,192,0,192,336
06/12/2011,OLV,MS,ASO,CE,Federal Contract Tower,0,14,10,0,24,0,2,92,1,95,0,16,102,1,119,122,0,122,241
06/13/2011,OLV,MS,ASO,CE,Federal Contract Tower,0,8,5,0,13,0,1,100,0,101,0,9,105,0,114,94,0,94,208
06/14/2011,OLV,MS,ASO,CE,Federal Contract Tower,0,19,7,0,26,0,3,52,0,55,0,22,59,0,81,74,0,74,155
06/15/2011,OLV,MS,ASO,CE,Federal Contract Tower,0,11,8,0,19,0,0,49,1,50,0,11,57,1,69,98,0,98,167
06/16/2011,OLV,MS,ASO,CE,Federal Contract Tower,0,23,14,0,37,0,2,67,0,69,0,25,81,0,106,114,0,114,220
06/17/2011,OLV,MS,ASO,CE,Federal Contract Tower,0,11,16,0,27,0,1,38,2,41,0,12,54,2,68,66,12,78,146
06/18/2011,OLV,MS,ASO,CE,Federal Contract Tower,0,3,10,0,13,0,2,40,4,46,0,5,50,4,59,66,2,68,127
06/19/2011,OLV,MS,ASO,CE,Federal Contract Tower,0,11,14,0,25,0,0,47,2,49,0,11,61,2,74,24,10,34,108
06/20/2011,OLV,MS,ASO,CE,Federal Contract Tower,0,8,5,0,13,0,1,46,0,47,0,9,51,0,60,128,0,128,188
06/21/2011,OLV,MS,ASO,CE,Federal Contract Tower,0,13,4,0,17,0,0,27,0,27,0,13,31,0,44,92,0,92,136
06/22/2011,OLV,MS,ASO,CE,Federal Contract Tower,0,19,14,0,33,0,0,110,0,110,0,19,124,0,143,178,0,178,321
06/23/2011,OLV,MS,ASO,CE,Federal Contract Tower,0,18,13,0,31,0,1,64,0,65,0,19,77,0,96,134,0,134,230
06/24/2011,OLV,MS,ASO,CE,Federal Contract Tower,0,8,10,0,18,0,0,63,0,63,0,8,73,0,81,88,0,88,169
06/25/2011,OLV,MS,ASO,CE,Federal Contract Tower,0,7,10,0,17,0,0,72,2,74,0,7,82,2,91,120,0,120,211
06/26/2011,OLV,MS,ASO,CE,Federal Contract Tower,0,13,6,0,19,0,0,54,1,55,0,13,60,1,74,60,0,60,134
06/27/2011,OLV,MS,ASO,CE,Federal Contract Tower,0,12,5,0,17,0,1,79,0,80,0,13,84,0,97,228,0,228,325
06/28/2011,OLV,MS,ASO,CE,Federal Contract Tower,0,4,12,0,16,0,0,51,0,51,0,4,63,0,67,100,0,100,167
06/29/2011,OLV,MS,ASO,CE,Federal Contract Tower,0,17,16,0,33,0,3,78,0,81,0,20,94,0,114,216,0,216,330
06/30/2011,OLV,MS,ASO,CE,Federal Contract Tower,0,15,6,0,21,0,4,75,0,79,0,19,81,0,100,204,0,204,304
07/01/2011,OLV,MS,ASO,CE,Federal Contract Tower,0,11,12,1,24,0,4,84,0,88,0,15,96,1,112,216,0,216,328
07/02/2011,OLV,MS,ASO,CE,Federal Contract Tower,0,6,6,2,14,0,0,66,2,68,0,6,72,4,82,142,2,144,226
07/03/2011,OLV,MS,ASO,CE,Federal Contract Tower,0,2,4,0,6,0,0,67,0,67,0,2,71,0,73,118,0,118,191
07/04/2011,OLV,MS,ASO,CE,Federal Contract Tower,0,6,9,0,15,0,1,33,0,34,0,7,42,0,49,90,0,90,139
07/05/2011,OLV,MS,ASO,CE,Federal Contract Tower,0,6,11,0,17,0,0,58,0,58,0,6,69,0,75,130,0,130,205
07/06/2011,OLV,MS,ASO,CE,Federal Contract Tower,0,16,5,0,21,0,1,45,0,46,0,17,50,0,67,146,0,146,213
07/07/2011,OLV,MS,ASO,CE,Federal Contract Tower,0,5,7,0,12,0,0,69,0,69,0,5,76,0,81,218,0,218,299
07/08/2011,OLV,MS,ASO,CE,Federal Contract Tower,0,17,13,1,31,0,0,91,0,91,0,17,104,1,122,204,0,204,326
07/09/2011,OLV,MS,ASO,CE,Federal Contract Tower,0,6,14,0,20,0,2,86,3,91,0,8,100,3,111,234,6,240,351
07/10/2011,OLV,MS,ASO,CE,Federal Contract Tower,0,10,9,0,19,0,0,55,0,55,0,10,64,0,74,34,0,34,108
07/11/2011,OLV,MS,ASO,CE,Federal Contract Tower,0,5,1,0,6,0,3,74,2,79,0,8,75,2,85,170,0,170,255
07/12/2011,OLV,MS,ASO,CE,Federal Contract Tower,0,10,3,0,13,0,0,59,1,60,0,10,62,1,73,178,0,178,251
07/13/2011,OLV,MS,ASO,CE,Federal Contract Tower,0,9,4,0,13,0,2,68,3,73,0,11,72,3,86,208,14,222,308
07/14/2011,OLV,MS,ASO,CE,Federal Contract Tower,0,10,6,0,16,0,1,54,1,56,0,11,60,1,72,120,0,120,192
07/15/2011,OLV,MS,ASO,CE,Federal Contract Tower,0,9,12,0,21,0,2,104,0,106,0,11,116,0,127,222,0,222,349
07/16/2011,OLV,MS,ASO,CE,Federal Contract Tower,0,6,13,0,19,0,0,44,2,46,0,6,57,2,65,154,12,166,231
07/17/2011,OLV,MS,ASO,CE,Federal Contract Tower,0,5,8,0,13,0,0,52,5,57,0,5,60,5,70,168,14,182,252
07/18/2011,OLV,MS,ASO,CE,Federal Contract Tower,0,11,15,0,26,0,3,83,0,86,0,14,98,0,112,250,0,250,362
07/19/2011,OLV,MS,ASO,CE,Federal Contract Tower,0,8,11,0,19,0,0,111,1,112,0,8,122,1,131,196,0,196,327
07/20/2011,OLV,MS,ASO,CE,Federal Contract Tower,0,22,15,0,37,0,1,159,0,160,0,23,174,0,197,134,0,134,331
07/21/2011,OLV,MS,ASO,CE,Federal Contract Tower,0,20,11,0,31,0,1,65,0,66,0,21,76,0,97,108,0,108,205
07/22/2011,OLV,MS,ASO,CE,Federal Contract Tower,0,18,16,1,35,0,7,96,0,103,0,25,112,1,138,198,0,198,336
07/23/2011,OLV,MS,ASO,CE,Federal Contract Tower,0,13,7,0,20,0,1,39,2,42,0,14,46,2,62,44,0,44,106
07/24/2011,OLV,MS,ASO,CE,Federal Contract Tower,0,11,10,1,22,0,4,57,3,64,0,15,67,4,86,66,8,74,160
07/25/2011,OLV,MS,ASO,CE,Federal Contract Tower,0,18,11,0,29,0,3,43,0,46,0,21,54,0,75,108,0,108,183
07/26/2011,OLV,MS,ASO,CE,Federal Contract Tower,0,11,8,1,20,0,5,93,0,98,0,16,101,1,118,192,0,192,310
07/27/2011,OLV,MS,ASO,CE,Federal Contract Tower,0,13,12,0,25,0,3,86,0,89,0,16,98,0,114,196,0,196,310
07/28/2011,OLV,MS,ASO,CE,Federal Contract Tower,0,25,20,0,45,0,7,91,0,98,0,32,111,0,143,260,0,260,403
07/29/2011,OLV,MS,ASO,CE,Federal Contract Tower,0,8,14,1,23,0,0,19,0,19,0,8,33,1,42,70,0,70,112
07/30/2011,OLV,MS,ASO,CE,Federal Contract Tower,0,9,13,0,22,0,1,82,2,85,0,10,95,2,107,188,4,192,299
07/31/2011,OLV,MS,ASO,CE,Federal Contract Tower,0,7,8,0,15,0,4,62,2,68,0,11,70,2,83,150,0,150,233
08/01/2011,OLV,MS,ASO,CE,Federal Contract Tower,0,9,10,0,19,0,13,81,2,96,0,22,91,2,115,176,0,176,291
08/02/2011,OLV,MS,ASO,CE,Federal Contract Tower,0,12,4,0,16,0,3,96,2,101,0,15,100,2,117,226,0,226,343
08/03/2011,OLV,MS,ASO,CE,Federal Contract Tower,0,8,13,1,22,0,2,92,0,94,0,10,105,1,116,194,0,194,310
08/04/2011,OLV,MS,ASO,CE,Federal Contract Tower,0,8,9,0,17,0,1,75,0,76,0,9,84,0,93,162,0,162,255
08/05/2011,OLV,MS,ASO,CE,Federal Contract Tower,0,6,15,0,21,0,0,57,0,57,0,6,72,0,78,140,0,140,218
08/06/2011,OLV,MS,ASO,CE,Federal Contract Tower,0,4,12,1,17,0,4,105,0,109,0,8,117,1,126,162,0,162,288
08/07/2011,OLV,MS,ASO,CE,Federal Contract Tower,0,8,6,0,14,0,0,66,4,70,0,8,72,4,84,164,0,164,248
08/08/2011,OLV,MS,ASO,CE,Federal Contract Tower,0,5,4,0,9,0,3,71,3,77,0,8,75,3,86,140,12,152,238
08/09/2011,OLV,MS,ASO,CE,Federal Contract Tower,0,7,10,0,17,0,5,85,1,91,0,12,95,1,108,134,0,134,242
08/10/2011,OLV,MS,ASO,CE,Federal Contract Tower,0,6,12,0,18,0,1,74,2,77,0,7,86,2,95,156,0,156,251
08/11/2011,OLV,MS,ASO,CE,Federal Contract Tower,0,20,10,0,30,0,0,65,1,66,0,20,75,1,96,138,0,138,234
08/12/2011,OLV,MS,ASO,CE,Federal Contract Tower,0,10,8,0,18,0,3,102,8,113,0,13,110,8,131,162,0,162,293
08/13/2011,OLV,MS,ASO,CE,Federal Contract Tower,0,0,15,0,15,0,3,85,2,90,0,3,100,2,105,274,0,274,379
08/14/2011,OLV,MS,ASO,CE,Federal Contract Tower,0,7,5,0,12,0,3,77,2,82,0,10,82,2,94,102,4,106,200
08/15/2011,OLV,MS,ASO,CE,Federal Contract Tower,0,6,2,0,8,0,5,78,2,85,0,11,80,2,93,126,12,138,231
08/16/2011,OLV,MS,ASO,CE,Federal Contract Tower,0,20,8,0,28,0,4,94,0,98,0,24,102,0,126,234,0,234,360
08/17/2011,OLV,MS,ASO,CE,Federal Contract Tower,0,14,7,0,21,0,0,85,0,85,0,14,92,0,106,144,0,144,250
08/18/2011,OLV,MS,ASO,CE,Federal Contract Tower,2,8,11,0,21,0,2,46,0,48,2,10,57,0,69,60,0,60,129
08/19/2011,OLV,MS,ASO,CE,Federal Contract Tower,0,16,14,0,30,0,4,90,3,97,0,20,104,3,127,170,8,178,305
08/20/2011,OLV,MS,ASO,CE,Federal Contract Tower,0,1,12,0,13,0,10,79,2,91,0,11,91,2,104,132,2,134,238
08/21/2011,OLV,MS,ASO,CE,Federal Contract Tower,0,11,5,0,16,0,5,63,0,68,0,16,68,0,84,134,0,134,218
08/22/2011,OLV,MS,ASO,CE,Federal Contract Tower,0,4,6,0,10,0,12,104,0,116,0,16,110,0,126,270,0,270,396
08/23/2011,OLV,MS,ASO,CE,Federal Contract Tower,0,13,10,0,23,0,0,79,0,79,0,13,89,0,102,88,0,88,190
08/24/2011,OLV,MS,ASO,CE,Federal Contract Tower,0,16,5,0,21,0,1,65,0,66,0,17,70,0,87,130,0,130,217
08/25/2011,OLV,MS,ASO,CE,Federal Contract Tower,0,15,10,0,25,0,5,99,2,106,0,20,109,2,131,194,4,198,329
08/26/2011,OLV,MS,ASO,CE,Federal Contract Tower,0,3,6,0,9,0,2,123,3,128,0,5,129,3,137,130,2,132,269
08/27/2011,OLV,MS,ASO,CE,Federal Contract Tower,0,12,9,2,23,0,8,93,1,102,0,20,102,3,125,198,0,198,323
08/28/2011,OLV,MS,ASO,CE,Federal Contract Tower,0,15,10,0,25,0,1,84,3,88,0,16,94,3,113,106,12,118,231
08/29/2011,OLV,MS,ASO,CE,Federal Contract Tower,0,12,11,0,23,0,2,97,5,104,0,14,108,5,127,156,4,160,287
08/30/2011,OLV,MS,ASO,CE,Federal Contract Tower,0,11,6,0,17,0,7,97,2,106,0,18,103,2,123,168,14,182,305
08/31/2011,OLV,MS,ASO,CE,Federal Contract Tower,0,13,12,0,25,0,3,96,0,99,0,16,108,0,124,112,0,112,236
09/01/2011,OLV,MS,ASO,CE,Federal Contract Tower,0,13,8,0,21,0,10,93,0,103,0,23,101,0,124,178,0,178,302
09/02/2011,OLV,MS,ASO,CE,Federal Contract Tower,0,15,19,0,34,0,4,72,0,76,0,19,91,0,110,128,0,128,238
09/03/2011,OLV,MS,ASO,CE,Federal Contract Tower,0,12,7,0,19,0,2,77,8,87,0,14,84,8,106,128,0,128,234
09/04/2011,OLV,MS,ASO,CE,Federal Contract Tower,0,4,10,0,14,0,0,12,0,12,0,4,22,0,26,18,0,18,44
09/05/2011,OLV,MS,ASO,CE,Federal Contract Tower,0,7,0,0,7,0,8,11,0,19,0,15,11,0,26,6,0,6,32
09/06/2011,OLV,MS,ASO,CE,Federal Contract Tower,0,7,17,0,24,0,2,51,4,57,0,9,68,4,81,24,4,28,109
09/07/2011,OLV,MS,ASO,CE,Federal Contract Tower,0,12,10,0,22,0,4,93,1,98,0,16,103,1,120,108,0,108,228
09/08/2011,OLV,MS,ASO,CE,Federal Contract Tower,0,8,15,0,23,0,7,67,3,77,0,15,82,3,100,110,0,110,210
09/09/2011,OLV,MS,ASO,CE,Federal Contract Tower,0,11,10,1,22,0,2,64,2,68,0,13,74,3,90,118,0,118,208
09/10/2011,OLV,MS,ASO,CE,Federal Contract Tower,0,4,6,3,13,0,3,71,3,77,0,7,77,6,90,96,12,108,198
09/11/2011,OLV,MS,ASO,CE,Federal Contract Tower,0,3,7,0,10,0,5,88,0,93,0,8,95,0,103,208,0,208,311
09/12/2011,OLV,MS,ASO,CE,Federal Contract Tower,0,9,3,0,12,0,5,80,2,87,0,14,83,2,99,134,0,134,233
09/13/2011,OLV,MS,ASO,CE,Federal Contract Tower,0,17,8,1,26,0,4,92,1,97,0,21,100,2,123,178,4,182,305
09/14/2011,OLV,MS,ASO,CE,Federal Contract Tower,0,7,9,0,16,0,2,58,0,60,0,9,67,0,76,76,0,76,152
09/15/2011,OLV,MS,ASO,CE,Federal Contract Tower,0,14,35,1,50,0,1,38,2,41,0,15,73,3,91,152,0,152,243
09/16/2011,OLV,MS,ASO,CE,Federal Contract Tower,0,9,24,0,33,0,3,76,0,79,0,12,100,0,112,165,0,165,277
09/17/2011,OLV,MS,ASO,CE,Federal Contract Tower,0,7,10,1,18,0,1,86,0,87,0,8,96,1,105,130,0,130,235
09/18/2011,OLV,MS,ASO,CE,Federal Contract Tower,0,9,14,0,23,0,0,49,2,51,0,9,63,2,74,182,0,182,256
09/19/2011,OLV,MS,ASO,CE,Federal Contract Tower,0,5,8,0,13,0,1,4,0,5,0,6,12,0,18,26,0,26,44
09/20/2011,OLV,MS,ASO,CE,Federal Contract Tower,0,5,17,1,23,0,1,49,0,50,0,6,66,1,73,88,0,88,161
09/21/2011,OLV,MS,ASO,CE,Federal Contract Tower,0,6,9,0,15,0,2,59,1,62,0,8,68,1,77,134,2,136,213
09/22/2011,OLV,MS,ASO,CE,Federal Contract Tower,0,10,17,0,27,0,3,66,0,69,0,13,83,0,96,146,0,146,242
09/23/2011,OLV,MS,ASO,CE,Federal Contract Tower,0,20,14,0,34,0,3,75,2,80,0,23,89,2,114,132,0,132,246
09/24/2011,OLV,MS,ASO,CE,Federal Contract Tower,0,4,17,1,22,0,5,77,2,84,0,9,94,3,106,142,0,142,248
09/25/2011,OLV,MS,ASO,CE,Federal Contract Tower,0,14,8,0,22,0,0,25,0,25,0,14,33,0,47,44,0,44,91
09/26/2011,OLV,MS,ASO,CE,Federal Contract Tower,0,9,7,0,16,0,0,67,0,67,0,9,74,0,83,132,0,132,215
09/27/2011,OLV,MS,ASO,CE,Federal Contract Tower,0,8,18,0,26,0,1,66,2,69,0,9,84,2,95,42,0,42,137
09/28/2011,OLV,MS,ASO,CE,Federal Contract Tower,0,16,10,0,26,0,3,89,0,92,0,19,99,0,118,182,0,182,300
09/29/2011,OLV,MS,ASO,CE,Federal Contract Tower,0,7,10,0,17,0,2,78,0,80,0,9,88,0,97,110,0,110,207
09/30/2011,OLV,MS,ASO,CE,Federal Contract Tower,0,6,15,0,21,0,0,72,2,74,0,6,87,2,95,84,0,84,179
10/01/2011,OLV,MS,ASO,CE,Federal Contract Tower,0,11,10,0,21,0,1,74,0,75,0,12,84,0,96,36,0,36,132
10/02/2011,OLV,MS,ASO,CE,Federal Contract Tower,0,11,9,0,20,0,0,83,0,83,0,11,92,0,103,70,0,70,173
10/03/2011,OLV,MS,ASO,CE,Federal Contract Tower,0,10,6,0,16,0,5,77,0,82,0,15,83,0,98,144,0,144,242
10/04/2011,OLV,MS,ASO,CE,Federal Contract Tower,0,10,11,1,22,0,7,67,1,75,0,17,78,2,97,138,2,140,237
10/05/2011,OLV,MS,ASO,CE,Federal Contract Tower,0,18,11,0,29,0,8,63,0,71,0,26,74,0,100,118,0,118,218
10/06/2011,OLV,MS,ASO,CE,Federal Contract Tower,0,24,10,0,34,0,6,71,0,77,0,30,81,0,111,92,0,92,203
10/07/2011,OLV,MS,ASO,CE,Federal Contract Tower,0,6,14,0,20,0,2,86,2,90,0,8,100,2,110,146,4,150,260
10/08/2011,OLV,MS,ASO,CE,Federal Contract Tower,0,5,8,1,14,0,4,66,2,72,0,9,74,3,86,220,0,220,306
10/09/2011,OLV,MS,ASO,CE,Federal Contract Tower,0,13,9,0,22,0,6,54,3,63,0,19,63,3,85,78,8,86,171
10/10/2011,OLV,MS,ASO,CE,Federal Contract Tower,0,17,10,0,27,0,2,57,0,59,0,19,67,0,86,134,0,134,220
10/11/2011,OLV,MS,ASO,CE,Federal Contract Tower,0,15,10,0,25,0,3,68,0,71,0,18,78,0,96,110,0,110,206
10/12/2011,OLV,MS,ASO,CE,Federal Contract Tower,0,12,9,0,21,0,0,19,0,19,0,12,28,0,40,156,0,156,196
10/13/2011,OLV,MS,ASO,CE,Federal Contract Tower,0,8,7,0,15,0,2,62,0,64,0,10,69,0,79,88,0,88,167
10/14/2011,OLV,MS,ASO,CE,Federal Contract Tower,0,10,10,0,20,0,0,77,2,79,0,10,87,2,99,160,0,160,259
10/15/2011,OLV,MS,ASO,CE,Federal Contract Tower,0,11,5,0,16,0,2,82,0,84,0,13,87,0,100,160,0,160,260
10/16/2011,OLV,MS,ASO,CE,Federal Contract Tower,0,10,5,0,15,0,0,45,2,47,0,10,50,2,62,44,8,52,114
10/17/2011,OLV,MS,ASO,CE,Federal Contract Tower,0,8,5,0,13,0,6,65,0,71,0,14,70,0,84,142,0,142,226
10/18/2011,OLV,MS,ASO,CE,Federal Contract Tower,0,13,12,0,25,0,0,2,0,2,0,13,14,0,27,6,0,6,33
10/19/2011,OLV,MS,ASO,CE,Federal Contract Tower,0,25,3,0,28,0,10,25,0,35,0,35,28,0,63,44,0,44,107
10/20/2011,OLV,MS,ASO,CE,Federal Contract Tower,0,17,16,0,33,0,2,73,0,75,0,19,89,0,108,70,0,70,178
10/21/2011,OLV,MS,ASO,CE,Federal Contract Tower,0,16,9,0,25,0,0,81,0,81,0,16,90,0,106,122,0,122,228
10/22/2011,OLV,MS,ASO,CE,Federal Contract Tower,0,9,12,0,21,0,6,105,0,111,0,15,117,0,132,184,0,184,316
10/23/2011,OLV,MS,ASO,CE,Federal Contract Tower,0,20,10,0,30,0,2,54,2,58,0,22,64,2,88,140,0,140,228
10/24/2011,OLV,MS,ASO,CE,Federal Contract Tower,0,9,4,0,13,0,2,56,0,58,0,11,60,0,71,90,0,90,161
10/25/2011,OLV,MS,ASO,CE,Federal Contract Tower,0,7,6,0,13,0,1,82,0,83,0,8,88,0,96,160,0,160,256
10/26/2011,OLV,MS,ASO,CE,Federal Contract Tower,0,8,8,1,17,0,2,81,5,88,0,10,89,6,105,148,8,156,261
10/27/2011,OLV,MS,ASO,CE,Federal Contract Tower,0,14,16,0,30,0,2,0,0,2,0,16,16,0,32,0,0,0,32
10/28/2011,OLV,MS,ASO,CE,Federal Contract Tower,0,10,15,0,25,0,3,55,0,58,0,13,70,0,83,156,0,156,239
10/29/2011,OLV,MS,ASO,CE,Federal Contract Tower,0,7,12,0,19,0,3,91,0,94,0,10,103,0,113,230,0,230,343
10/30/2011,OLV,MS,ASO,CE,Federal Contract Tower,0,11,4,0,15,0,1,78,0,79,0,12,82,0,94,110,0,110,204
10/31/2011,OLV,MS,ASO,CE,Federal Contract Tower,0,6,8,0,14,0,0,56,0,56,0,6,64,0,70,110,0,110,180
11/01/2011,OLV,MS,ASO,CE,Federal Contract Tower,0,11,14,0,25,0,2,71,0,73,0,13,85,0,98,160,0,160,258
11/02/2011,OLV,MS,ASO,CE,Federal Contract Tower,0,7,8,0,15,0,4,77,0,81,0,11,85,0,96,118,0,118,214
11/03/2011,OLV,MS,ASO,CE,Federal Contract Tower,0,9,3,0,12,0,3,8,0,11,0,12,11,0,23,10,0,10,33
11/04/2011,OLV,MS,ASO,CE,Federal Contract Tower,0,17,34,0,51,0,0,27,0,27,0,17,61,0,78,42,0,42,120
11/05/2011,OLV,MS,ASO,CE,Federal Contract Tower,0,4,11,0,15,0,4,105,2,111,0,8,116,2,126,186,0,186,312
11/06/2011,OLV,MS,ASO,CE,Federal Contract Tower,0,8,4,0,12,0,1,75,0,76,0,9,79,0,88,44,0,44,132
11/07/2011,OLV,MS,ASO,CE,Federal Contract Tower,0,14,14,0,28,0,6,82,0,88,0,20,96,0,116,124,0,124,240
11/08/2011,OLV,MS,ASO,CE,Federal Contract Tower,0,15,3,0,18,0,0,59,0,59,0,15,62,0,77,52,0,52,129
11/09/2011,OLV,MS,ASO,CE,Federal Contract Tower,0,13,7,0,20,0,4,31,0,35,0,17,38,0,55,26,0,26,81
11/10/2011,OLV,MS,ASO,CE,Federal Contract Tower,0,8,16,0,24,0,0,70,0,70,0,8,86,0,94,132,0,132,226
11/11/2011,OLV,MS,ASO,CE,Federal Contract Tower,0,7,14,0,21,0,3,66,0,69,0,10,80,0,90,148,0,148,238
11/12/2011,OLV,MS,ASO,CE,Federal Contract Tower,0,14,9,0,23,0,2,68,0,70,0,16,77,0,93,116,0,116,209
11/13/2011,OLV,MS,ASO,CE,Federal Contract Tower,0,10,8,0,18,0,0,11,0,11,0,10,19,0,29,0,0,0,29
11/14/2011,OLV,MS,ASO,CE,Federal Contract Tower,0,2,4,0,6,0,1,5,0,6,0,3,9,0,12,4,0,4,16
11/15/2011,OLV,MS,ASO,CE,Federal Contract Tower,0,11,4,0,15,0,0,1,0,1,0,11,5,0,16,6,0,6,22
11/16/2011,OLV,MS,ASO,CE,Federal Contract Tower,0,12,8,0,20,0,2,10,0,12,0,14,18,0,32,0,0,0,32
11/17/2011,OLV,MS,ASO,CE,Federal Contract Tower,0,20,10,0,30,0,2,93,0,95,0,22,103,0,125,186,0,186,311
11/18/2011,OLV,MS,ASO,CE,Federal Contract Tower,0,20,8,0,28,0,4,123,2,129,0,24,131,2,157,224,0,224,381
11/19/2011,OLV,MS,ASO,CE,Federal Contract Tower,0,7,6,0,13,0,3,60,0,63,0,10,66,0,76,136,0,136,212
11/20/2011,OLV,MS,ASO,CE,Federal Contract Tower,0,7,6,0,13,0,2,2,0,4,0,9,8,0,17,0,0,0,17
11/21/2011,OLV,MS,ASO,CE,Federal Contract Tower,0,4,0,0,4,0,0,0,0,0,0,4,0,0,4,0,0,0,4
11/22/2011,OLV,MS,ASO,CE,Federal Contract Tower,0,4,6,0,10,0,0,1,0,1,0,4,7,0,11,4,0,4,15
11/23/2011,OLV,MS,ASO,CE,Federal Contract Tower,0,22,24,0,46,0,2,53,0,55,0,24,77,0,101,232,0,232,333
11/24/2011,OLV,MS,ASO,CE,Federal Contract Tower,0,0,5,0,5,0,0,7,0,7,0,0,12,0,12,24,0,24,36
11/25/2011,OLV,MS,ASO,CE,Federal Contract Tower,0,11,10,0,21,0,3,105,6,114,0,14,115,6,135,190,18,208,343
11/26/2011,OLV,MS,ASO,CE,Federal Contract Tower,0,1,5,0,6,0,1,24,0,25,0,2,29,0,31,38,0,38,69
11/27/2011,OLV,MS,ASO,CE,Federal Contract Tower,0,15,5,0,20,0,0,1,0,1,0,15,6,0,21,0,0,0,21
11/28/2011,OLV,MS,ASO,CE,Federal Contract Tower,0,7,0,0,7,0,0,0,0,0,0,7,0,0,7,0,0,0,7
11/29/2011,OLV,MS,ASO,CE,Federal Contract Tower,0,7,7,0,14,0,0,13,0,13,0,7,20,0,27,76,0,76,103
11/30/2011,OLV,MS,ASO,CE,Federal Contract Tower,0,3,8,0,11,0,6,78,0,84,0,9,86,0,95,200,0,200,295
12/01/2011,OLV,MS,ASO,CE,Federal Contract Tower,0,12,10,0,22,0,8,83,0,91,0,20,93,0,113,130,0,130,243
12/02/2011,OLV,MS,ASO,CE,Federal Contract Tower,0,8,10,0,18,0,6,108,4,118,0,14,118,4,136,170,6,176,312
12/03/2011,OLV,MS,ASO,CE,Federal Contract Tower,0,5,2,0,7,0,2,99,0,101,0,7,101,0,108,204,0,204,312
12/04/2011,OLV,MS,ASO,CE,Federal Contract Tower,0,6,2,0,8,0,0,0,0,0,0,6,2,0,8,0,0,0,8
12/05/2011,OLV,MS,ASO,CE,Federal Contract Tower,0,0,0,0,0,0,0,0,0,0,0,0,0,0,0,0,0,0,0
12/06/2011,OLV,MS,ASO,CE,Federal Contract Tower,0,14,0,0,14,0,0,0,0,0,0,14,0,0,14,0,0,0,14
12/07/2011,OLV,MS,ASO,CE,Federal Contract Tower,0,6,3,0,9,0,0,1,0,1,0,6,4,0,10,0,0,0,10
12/08/2011,OLV,MS,ASO,CE,Federal Contract Tower,0,12,10,0,22,0,10,76,2,88,0,22,86,2,110,146,0,146,256
12/09/2011,OLV,MS,ASO,CE,Federal Contract Tower,0,17,5,0,22,0,6,81,0,87,0,23,86,0,109,142,0,142,251
12/10/2011,OLV,MS,ASO,CE,Federal Contract Tower,0,8,4,0,12,0,2,76,5,83,0,10,80,5,95,196,6,202,297
12/11/2011,OLV,MS,ASO,CE,Federal Contract Tower,0,14,7,1,22,0,8,52,3,63,0,22,59,4,85,82,6,88,173
12/12/2011,OLV,MS,ASO,CE,Federal Contract Tower,0,15,3,0,18,0,7,55,1,63,0,22,58,1,81,146,0,146,227
12/13/2011,OLV,MS,ASO,CE,Federal Contract Tower,0,18,9,0,27,0,0,20,2,22,0,18,29,2,49,48,16,64,113
12/14/2011,OLV,MS,ASO,CE,Federal Contract Tower,0,17,15,1,33,0,2,42,0,44,0,19,57,1,77,86,0,86,163
12/15/2011,OLV,MS,ASO,CE,Federal Contract Tower,0,9,11,1,21,0,0,0,0,0,0,9,11,1,21,0,0,0,21
12/16/2011,OLV,MS,ASO,CE,Federal Contract Tower,0,13,13,0,26,0,1,0,0,1,0,14,13,0,27,0,0,0,27
12/17/2011,OLV,MS,ASO,CE,Federal Contract Tower,0,11,8,2,21,0,10,98,1,109,0,21,106,3,130,220,0,220,350
12/18/2011,OLV,MS,ASO,CE,Federal Contract Tower,0,3,8,0,11,0,3,77,4,84,0,6,85,4,95,156,8,164,259
12/19/2011,OLV,MS,ASO,CE,Federal Contract Tower,0,9,3,0,12,0,11,65,2,78,0,20,68,2,90,134,12,146,236
12/20/2011,OLV,MS,ASO,CE,Federal Contract Tower,0,6,12,0,18,0,0,3,0,3,0,6,15,0,21,18,0,18,39
12/21/2011,OLV,MS,ASO,CE,Federal Contract Tower,0,18,15,0,33,0,0,61,2,63,0,18,76,2,96,228,36,264,360
12/22/2011,OLV,MS,ASO,CE,Federal Contract Tower,0,10,6,0,16,0,0,0,0,0,0,10,6,0,16,0,0,0,16
12/23/2011,OLV,MS,ASO,CE,Federal Contract Tower,0,11,12,0,23,0,0,40,0,40,0,11,52,0,63,158,0,158,221
12/24/2011,OLV,MS,ASO,CE,Federal Contract Tower,0,3,0,0,3,0,1,51,0,52,0,4,51,0,55,66,0,66,121
12/25/2011,OLV,MS,ASO,CE,Federal Contract Tower,0,2,2,0,4,0,2,7,0,9,0,4,9,0,13,6,0,6,19
12/26/2011,OLV,MS,ASO,CE,Federal Contract Tower,0,9,6,2,17,0,8,19,1,28,0,17,25,3,45,32,8,40,85
12/27/2011,OLV,MS,ASO,CE,Federal Contract Tower,0,10,1,0,11,0,0,22,0,22,0,10,23,0,33,52,0,52,85
12/28/2011,OLV,MS,ASO,CE,Federal Contract Tower,0,11,10,1,22,0,0,58,3,61,0,11,68,4,83,72,18,90,173
12/29/2011,OLV,MS,ASO,CE,Federal Contract Tower,0,15,10,0,25,0,8,75,0,83,0,23,85,0,108,88,0,88,196
12/30/2011,OLV,MS,ASO,CE,Federal Contract Tower,0,1,18,0,19,0,2,52,0,54,0,3,70,0,73,80,0,80,153
12/31/2011,OLV,MS,ASO,CE,Federal Contract Tower,0,2,12,0,14,0,3,68,1,72,0,5,80,1,86,166,0,166,252
01/01/2012,OLV,MS,ASO,CE,Federal Contract Tower,0,3,5,0,8,0,4,11,0,15,0,7,16,0,23,12,0,12,35
01/02/2012,OLV,MS,ASO,CE,Federal Contract Tower,0,7,1,0,8,0,1,17,0,18,0,8,18,0,26,22,0,22,48
01/03/2012,OLV,MS,ASO,CE,Federal Contract Tower,0,4,4,0,8,0,3,76,5,84,0,7,80,5,92,172,12,184,276
01/04/2012,OLV,MS,ASO,CE,Federal Contract Tower,0,3,6,0,9,0,0,61,0,61,0,3,67,0,70,196,0,196,266
01/05/2012,OLV,MS,ASO,CE,Federal Contract Tower,0,8,12,0,20,0,0,87,0,87,0,8,99,0,107,256,0,256,363
01/06/2012,OLV,MS,ASO,CE,Federal Contract Tower,0,14,9,1,24,0,5,88,2,95,0,19,97,3,119,232,6,238,357
01/07/2012,OLV,MS,ASO,CE,Federal Contract Tower,0,2,6,1,9,0,1,0,0,1,0,3,6,1,10,2,4,6,16
01/08/2012,OLV,MS,ASO,CE,Federal Contract Tower,0,9,11,0,20,0,0,19,0,19,0,9,30,0,39,40,0,40,79
01/09/2012,OLV,MS,ASO,CE,Federal Contract Tower,0,12,11,0,23,0,0,12,0,12,0,12,23,0,35,24,0,24,59
01/10/2012,OLV,MS,ASO,CE,Federal Contract Tower,0,18,20,0,38,0,0,5,0,5,0,18,25,0,43,22,0,22,65
01/11/2012,OLV,MS,ASO,CE,Federal Contract Tower,0,11,6,0,17,0,0,5,0,5,0,11,11,0,22,0,0,0,22
01/12/2012,OLV,MS,ASO,CE,Federal Contract Tower,0,11,5,0,16,0,5,4,0,9,0,16,9,0,25,0,0,0,25
01/13/2012,OLV,MS,ASO,CE,Federal Contract Tower,0,4,13,0,17,0,0,88,0,88,0,4,101,0,105,126,0,126,231
01/14/2012,OLV,MS,ASO,CE,Federal Contract Tower,0,1,6,0,7,0,1,48,0,49,0,2,54,0,56,46,0,46,102
01/15/2012,OLV,MS,ASO,CE,Federal Contract Tower,0,4,3,0,7,0,0,70,3,73,0,4,73,3,80,96,24,120,200
01/16/2012,OLV,MS,ASO,CE,Federal Contract Tower,0,10,7,0,17,0,0,15,0,15,0,10,22,0,32,26,0,26,58
01/17/2012,OLV,MS,ASO,CE,Federal Contract Tower,0,11,2,2,15,0,0,15,0,15,0,11,17,2,30,16,0,16,46
01/18/2012,OLV,MS,ASO,CE,Federal Contract Tower,0,20,13,0,33,0,0,99,1,100,0,20,112,1,133,170,0,170,303
01/19/2012,OLV,MS,ASO,CE,Federal Contract Tower,0,13,17,2,32,0,0,66,0,66,0,13,83,2,98,130,0,130,228
01/20/2012,OLV,MS,ASO,CE,Federal Contract Tower,0,14,17,1,32,0,0,13,0,13,0,14,30,1,45,18,0,18,63
01/21/2012,OLV,MS,ASO,CE,Federal Contract Tower,0,5,3,1,9,0,0,2,0,2,0,5,5,1,11,18,0,18,29
01/22/2012,OLV,MS,ASO,CE,Federal Contract Tower,0,5,0,0,5,0,0,0,0,0,0,5,0,0,5,0,0,0,5
01/23/2012,OLV,MS,ASO,CE,Federal Contract Tower,0,14,3,0,17,0,2,67,3,72,0,16,70,3,89,82,12,94,183
01/24/2012,OLV,MS,ASO,CE,Federal Contract Tower,0,16,10,0,26,0,5,107,2,114,0,21,117,2,140,138,0,138,278
01/25/2012,OLV,MS,ASO,CE,Federal Contract Tower,0,10,6,0,16,0,1,46,4,51,0,11,52,4,67,58,0,58,125
01/26/2012,OLV,MS,ASO,CE,Federal Contract Tower,0,6,0,0,6,0,0,0,0,0,0,6,0,0,6,0,0,0,6
01/27/2012,OLV,MS,ASO,CE,Federal Contract Tower,0,8,4,0,12,0,1,76,0,77,0,9,80,0,89,68,0,68,157
01/28/2012,OLV,MS,ASO,CE,Federal Contract Tower,0,3,2,1,6,0,0,102,2,104,0,3,104,3,110,156,0,156,266
01/29/2012,OLV,MS,ASO,CE,Federal Contract Tower,0,7,4,0,11,0,0,86,5,91,0,7,90,5,102,130,18,148,250
01/30/2012,OLV,MS,ASO,CE,Federal Contract Tower,0,10,2,0,12,0,3,68,0,71,0,13,70,0,83,72,0,72,155
01/31/2012,OLV,MS,ASO,CE,Federal Contract Tower,0,7,8,0,15,0,1,71,0,72,0,8,79,0,87,98,0,98,185
02/01/2012,OLV,MS,ASO,CE,Federal Contract Tower,0,10,7,0,17,0,8,10,0,18,0,18,17,0,35,70,0,70,105
02/02/2012,OLV,MS,ASO,CE,Federal Contract Tower,0,10,11,0,21,0,8,73,2,83,0,18,84,2,104,132,8,140,244
02/03/2012,OLV,MS,ASO,CE,Federal Contract Tower,0,9,4,1,14,0,0,9,0,9,0,9,13,1,23,16,0,16,39
02/04/2012,OLV,MS,ASO,CE,Federal Contract Tower,0,3,2,0,5,0,0,0,0,0,0,3,2,0,5,0,0,0,5
02/05/2012,OLV,MS,ASO,CE,Federal Contract Tower,0,9,7,1,17,0,0,58,0,58,0,9,65,1,75,82,0,82,157
02/06/2012,OLV,MS,ASO,CE,Federal Contract Tower,0,5,11,0,16,0,3,57,2,62,0,8,68,2,78,100,10,110,188
02/07/2012,OLV,MS,ASO,CE,Federal Contract Tower,0,23,5,0,28,0,4,74,0,78,0,27,79,0,106,130,0,130,236
02/08/2012,OLV,MS,ASO,CE,Federal Contract Tower,0,13,6,0,19,0,1,55,0,56,0,14,61,0,75,56,0,56,131
02/09/2012,OLV,MS,ASO,CE,Federal Contract Tower,0,12,9,0,21,0,0,84,2,86,0,12,93,2,107,146,0,146,253
02/10/2012,OLV,MS,ASO,CE,Federal Contract Tower,0,18,11,0,29,0,0,8,0,8,0,18,19,0,37,8,0,8,45
02/11/2012,OLV,MS,ASO,CE,Federal Contract Tower,0,3,9,1,13,0,0,21,0,21,0,3,30,1,34,0,0,0,34
02/12/2012,OLV,MS,ASO,CE,Federal Contract Tower,0,3,10,0,13,0,0,71,0,71,0,3,81,0,84,122,0,122,206
02/13/2012,OLV,MS,ASO,CE,Federal Contract Tower,0,6,1,0,7,0,0,29,0,29,0,6,30,0,36,80,0,80,116
02/14/2012,OLV,MS,ASO,CE,Federal Contract Tower,0,7,2,0,9,0,0,42,0,42,0,7,44,0,51,70,0,70,121
02/15/2012,OLV,MS,ASO,CE,Federal Contract Tower,0,7,8,0,15,0,0,23,0,23,0,7,31,0,38,76,0,76,114
02/16/2012,OLV,MS,ASO,CE,Federal Contract Tower,0,11,17,0,28,0,0,36,0,36,0,11,53,0,64,102,0,102,166
02/17/2012,OLV,MS,ASO,CE,Federal Contract Tower,0,3,16,0,19,0,2,88,4,94,0,5,104,4,113,160,4,164,277
02/18/2012,OLV,MS,ASO,CE,Federal Contract Tower,0,1,5,0,6,0,0,84,0,84,0,1,89,0,90,164,0,164,254
02/19/2012,OLV,MS,ASO,CE,Federal Contract Tower,0,6,6,0,12,0,0,31,0,31,0,6,37,0,43,52,0,52,95
02/20/2012,OLV,MS,ASO,CE,Federal Contract Tower,0,3,10,0,13,0,5,85,4,94,0,8,95,4,107,142,16,158,265
02/21/2012,OLV,MS,ASO,CE,Federal Contract Tower,0,13,6,0,19,0,4,74,0,78,0,17,80,0,97,48,0,48,145
02/22/2012,OLV,MS,ASO,CE,Federal Contract Tower,0,5,9,0,14,0,2,12,0,14,0,7,21,0,28,0,0,0,28
02/23/2012,OLV,MS,ASO,CE,Federal Contract Tower,0,17,4,0,21,0,0,9,0,9,0,17,13,0,30,8,0,8,38
02/24/2012,OLV,MS,ASO,CE,Federal Contract Tower,0,12,7,0,19,0,3,35,2,40,0,15,42,2,59,22,4,26,85
02/25/2012,OLV,MS,ASO,CE,Federal Contract Tower,0,3,7,0,10,0,3,136,7,146,0,6,143,7,156,202,2,204,360
02/26/2012,OLV,MS,ASO,CE,Federal Contract Tower,0,5,10,0,15,0,2,79,4,85,0,7,89,4,100,122,8,130,230
02/27/2012,OLV,MS,ASO,CE,Federal Contract Tower,0,7,4,0,11,0,3,104,0,107,0,10,108,0,118,286,0,286,404
02/28/2012,OLV,MS,ASO,CE,Federal Contract Tower,0,15,3,0,18,0,6,43,2,51,0,21,46,2,69,70,4,74,143
02/29/2012,OLV,MS,ASO,CE,Federal Contract Tower,0,5,0,0,5,0,1,4,0,5,0,6,4,0,10,14,0,14,24
03/01/2012,OLV,MS,ASO,CE,Federal Contract Tower,0,10,17,3,30,0,2,112,1,115,0,12,129,4,145,226,0,226,371
03/02/2012,OLV,MS,ASO,CE,Federal Contract Tower,0,10,4,0,14,0,0,2,0,2,0,10,6,0,16,0,0,0,16
03/03/2012,OLV,MS,ASO,CE,Federal Contract Tower,0,9,6,0,15,0,7,91,3,101,0,16,97,3,116,130,4,134,250
03/04/2012,OLV,MS,ASO,CE,Federal Contract Tower,0,8,13,0,21,0,1,47,0,48,0,9,60,0,69,72,6,78,147
03/05/2012,OLV,MS,ASO,CE,Federal Contract Tower,0,9,2,0,11,0,4,94,3,101,0,13,96,3,112,174,4,178,290
03/06/2012,OLV,MS,ASO,CE,Federal Contract Tower,0,13,7,0,20,0,2,63,0,65,0,15,70,0,85,54,0,54,139
03/07/2012,OLV,MS,ASO,CE,Federal Contract Tower,0,13,5,0,18,0,0,11,0,11,0,13,16,0,29,0,0,0,29
03/08/2012,OLV,MS,ASO,CE,Federal Contract Tower,0,17,2,0,19,0,0,4,0,4,0,17,6,0,23,18,0,18,41
03/09/2012,OLV,MS,ASO,CE,Federal Contract Tower,0,13,10,0,23,0,1,39,0,40,0,14,49,0,63,54,0,54,117
03/10/2012,OLV,MS,ASO,CE,Federal Contract Tower,0,9,17,0,26,0,8,114,1,123,0,17,131,1,149,218,14,232,381
03/11/2012,OLV,MS,ASO,CE,Federal Contract Tower,0,7,6,3,16,0,1,13,0,14,0,8,19,3,30,32,0,32,62
03/12/2012,OLV,MS,ASO,CE,Federal Contract Tower,0,8,7,0,15,0,3,11,0,14,0,11,18,0,29,26,0,26,55
03/13/2012,OLV,MS,ASO,CE,Federal Contract Tower,0,14,10,0,24,0,6,90,4,100,0,20,100,4,124,186,0,186,310
03/14/2012,OLV,MS,ASO,CE,Federal Contract Tower,0,14,12,1,27,0,12,82,1,95,0,26,94,2,122,130,0,130,252
03/15/2012,OLV,MS,ASO,CE,Federal Contract Tower,0,11,11,0,22,0,2,62,0,64,0,13,73,0,86,164,0,164,250
03/16/2012,OLV,MS,ASO,CE,Federal Contract Tower,0,9,1,0,10,0,0,27,0,27,0,9,28,0,37,34,0,34,71
03/17/2012,OLV,MS,ASO,CE,Federal Contract Tower,0,13,13,1,27,0,2,75,1,78,0,15,88,2,105,132,4,136,241
03/18/2012,OLV,MS,ASO,CE,Federal Contract Tower,0,14,10,0,24,0,0,84,0,84,0,14,94,0,108,164,0,164,272
03/19/2012,OLV,MS,ASO,CE,Federal Contract Tower,0,9,5,0,14,0,9,68,2,79,0,18,73,2,93,78,4,82,175
03/20/2012,OLV,MS,ASO,CE,Federal Contract Tower,0,4,4,0,8,0,9,38,0,47,0,13,42,0,55,16,0,16,71
03/21/2012,OLV,MS,ASO,CE,Federal Contract Tower,0,16,1,0,17,0,2,32,0,34,0,18,33,0,51,44,0,44,95
03/22/2012,OLV,MS,ASO,CE,Federal Contract Tower,0,11,9,0,20,0,6,61,2,69,0,17,70,2,89,160,24,184,273
03/23/2012,OLV,MS,ASO,CE,Federal Contract Tower,0,15,5,0,20,0,5,68,0,73,0,20,73,0,93,100,0,100,193
03/24/2012,OLV,MS,ASO,CE,Federal Contract Tower,0,7,8,1,16,0,7,85,3,95,0,14,93,4,111,148,0,148,259
03/25/2012,OLV,MS,ASO,CE,Federal Contract Tower,0,9,6,0,15,0,6,103,8,117,0,15,109,8,132,140,0,140,272
03/26/2012,OLV,MS,ASO,CE,Federal Contract Tower,0,13,2,0,15,0,11,93,1,105,0,24,95,1,120,134,0,134,254
03/27/2012,OLV,MS,ASO,CE,Federal Contract Tower,0,7,5,0,12,0,9,101,0,110,0,16,106,0,122,188,0,188,310
03/28/2012,OLV,MS,ASO,CE,Federal Contract Tower,0,8,8,0,16,0,4,106,2,112,0,12,114,2,128,238,0,238,366
03/29/2012,OLV,MS,ASO,CE,Federal Contract Tower,0,9,13,0,22,0,6,81,0,87,0,15,94,0,109,140,0,140,249
03/30/2012,OLV,MS,ASO,CE,Federal Contract Tower,0,17,11,0,28,0,1,16,0,17,0,18,27,0,45,18,0,18,63
03/31/2012,OLV,MS,ASO,CE,Federal Contract Tower,0,10,16,0,26,0,0,86,0,86,0,10,102,0,112,154,0,154,266
04/01/2012,OLV,MS,ASO,CE,Federal Contract Tower,0,3,7,0,10,0,6,80,0,86,0,9,87,0,96,64,0,64,160
04/02/2012,OLV,MS,ASO,CE,Federal Contract Tower,0,9,8,0,17,0,6,62,3,71,0,15,70,3,88,122,0,122,210
04/03/2012,OLV,MS,ASO,CE,Federal Contract Tower,0,21,6,1,28,0,1,64,0,65,0,22,70,1,93,106,0,106,199
04/04/2012,OLV,MS,ASO,CE,Federal Contract Tower,0,19,6,0,25,0,2,57,2,61,0,21,63,2,86,88,0,88,174
04/05/2012,OLV,MS,ASO,CE,Federal Contract Tower,0,15,10,0,25,0,1,35,0,36,0,16,45,0,61,126,0,126,187
04/06/2012,OLV,MS,ASO,CE,Federal Contract Tower,0,9,12,0,21,0,6,112,0,118,0,15,124,0,139,144,0,144,283
04/07/2012,OLV,MS,ASO,CE,Federal Contract Tower,0,3,1,0,4,0,3,99,2,104,0,6,100,2,108,208,0,208,316
04/08/2012,OLV,MS,ASO,CE,Federal Contract Tower,0,5,5,0,10,0,0,23,0,23,0,5,28,0,33,48,0,48,81
04/09/2012,OLV,MS,ASO,CE,Federal Contract Tower,0,10,4,0,14,0,11,104,2,117,0,21,108,2,131,230,0,230,361
04/10/2012,OLV,MS,ASO,CE,Federal Contract Tower,0,18,16,1,35,0,6,111,1,118,0,24,127,2,153,172,16,188,341
04/11/2012,OLV,MS,ASO,CE,Federal Contract Tower,0,10,10,0,20,0,4,79,2,85,0,14,89,2,105,156,0,156,261
04/12/2012,OLV,MS,ASO,CE,Federal Contract Tower,0,15,17,2,34,0,5,104,5,114,0,20,121,7,148,260,0,260,408
04/13/2012,OLV,MS,ASO,CE,Federal Contract Tower,0,12,12,0,24,0,7,72,1,80,0,19,84,1,104,176,10,186,290
04/14/2012,OLV,MS,ASO,CE,Federal Contract Tower,0,6,10,0,16,0,3,42,2,47,0,9,52,2,63,32,0,32,95
04/15/2012,OLV,MS,ASO,CE,Federal Contract Tower,0,8,7,0,15,0,4,15,1,20,0,12,22,1,35,82,2,84,119
04/16/2012,OLV,MS,ASO,CE,Federal Contract Tower,0,10,5,1,16,0,7,53,2,62,0,17,58,3,78,104,4,108,186
04/17/2012,OLV,MS,ASO,CE,Federal Contract Tower,0,13,7,0,20,0,8,59,0,67,0,21,66,0,87,114,0,114,201
04/18/2012,OLV,MS,ASO,CE,Federal Contract Tower,0,7,15,0,22,0,11,104,4,119,0,18,119,4,141,260,0,260,401
04/19/2012,OLV,MS,ASO,CE,Federal Contract Tower,0,16,9,0,25,0,6,90,0,96,0,22,99,0,121,186,0,186,307
04/20/2012,OLV,MS,ASO,CE,Federal Contract Tower,0,12,2,0,14,0,6,44,2,52,0,18,46,2,66,102,10,112,178
04/21/2012,OLV,MS,ASO,CE,Federal Contract Tower,0,5,15,0,20,0,0,14,0,14,0,5,29,0,34,46,0,46,80
04/22/2012,OLV,MS,ASO,CE,Federal Contract Tower,0,11,4,0,15,0,1,56,4,61,0,12,60,4,76,48,6,54,130
04/23/2012,OLV,MS,ASO,CE,Federal Contract Tower,0,6,5,2,13,0,5,39,2,46,0,11,44,4,59,66,10,76,135
04/24/2012,OLV,MS,ASO,CE,Federal Contract Tower,0,16,7,1,24,0,11,94,6,111,0,27,101,7,135,160,0,160,295
04/25/2012,OLV,MS,ASO,CE,Federal Contract Tower,0,11,3,0,14,0,7,42,0,49,0,18,45,0,63,42,0,42,105
04/26/2012,OLV,MS,ASO,CE,Federal Contract Tower,0,17,13,0,30,0,1,55,1,57,0,18,68,1,87,136,0,136,223
04/27/2012,OLV,MS,ASO,CE,Federal Contract Tower,0,12,12,0,24,0,2,37,4,43,0,14,49,4,67,126,0,126,193
04/28/2012,OLV,MS,ASO,CE,Federal Contract Tower,0,8,11,0,19,0,0,56,0,56,0,8,67,0,75,66,0,66,141
04/29/2012,OLV,MS,ASO,CE,Federal Contract Tower,0,6,13,0,19,0,1,76,5,82,0,7,89,5,101,86,0,86,187
04/30/2012,OLV,MS,ASO,CE,Federal Contract Tower,0,8,8,0,16,0,9,60,3,72,0,17,68,3,88,62,0,62,150
05/01/2012,OLV,MS,ASO,CE,Federal Contract Tower,0,15,15,0,30,0,9,83,0,92,0,24,98,0,122,140,0,140,262
05/02/2012,OLV,MS,ASO,CE,Federal Contract Tower,0,22,5,0,27,0,4,76,0,80,0,26,81,0,107,90,0,90,197
05/03/2012,OLV,MS,ASO,CE,Federal Contract Tower,0,21,10,0,31,0,2,48,0,50,0,23,58,0,81,152,0,152,233
05/04/2012,OLV,MS,ASO,CE,Federal Contract Tower,0,7,12,0,19,0,2,52,16,70,0,9,64,16,89,76,0,76,165
05/05/2012,OLV,MS,ASO,CE,Federal Contract Tower,0,5,7,1,13,0,1,66,0,67,0,6,73,1,80,134,0,134,214
05/06/2012,OLV,MS,ASO,CE,Federal Contract Tower,0,2,15,0,17,0,0,70,0,70,0,2,85,0,87,118,0,118,205
05/07/2012,OLV,MS,ASO,CE,Federal Contract Tower,0,4,2,0,6,0,0,21,0,21,0,4,23,0,27,50,0,50,77
05/08/2012,OLV,MS,ASO,CE,Federal Contract Tower,0,22,8,0,30,0,0,67,0,67,0,22,75,0,97,206,0,206,303
05/09/2012,OLV,MS,ASO,CE,Federal Contract Tower,0,16,5,0,21,0,4,83,0,87,0,20,88,0,108,178,0,178,286
05/10/2012,OLV,MS,ASO,CE,Federal Contract Tower,0,13,2,0,15,0,6,105,0,111,0,19,107,0,126,132,0,132,258
05/11/2012,OLV,MS,ASO,CE,Federal Contract Tower,0,10,7,0,17,0,5,91,2,98,0,15,98,2,115,150,8,158,273
05/12/2012,OLV,MS,ASO,CE,Federal Contract Tower,0,4,5,0,9,0,0,26,0,26,0,4,31,0,35,72,0,72,107
05/13/2012,OLV,MS,ASO,CE,Federal Contract Tower,0,9,8,0,17,0,0,5,0,5,0,9,13,0,22,24,0,24,46
05/14/2012,OLV,MS,ASO,CE,Federal Contract Tower,0,27,12,0,39,0,3,92,0,95,0,30,104,0,134,146,0,146,280
05/15/2012,OLV,MS,ASO,CE,Federal Contract Tower,0,15,5,0,20,0,2,87,1,90,0,17,92,1,110,168,0,168,278
05/16/2012,OLV,MS,ASO,CE,Federal Contract Tower,0,15,8,1,24,0,2,93,0,95,0,17,101,1,119,104,0,104,223
05/17/2012,OLV,MS,ASO,CE,Federal Contract Tower,0,17,11,0,28,0,5,89,0,94,0,22,100,0,122,154,0,154,276
05/18/2012,OLV,MS,ASO,CE,Federal Contract Tower,0,17,10,1,28,0,9,99,2,110,0,26,109,3,138,224,6,230,368
05/19/2012,OLV,MS,ASO,CE,Federal Contract Tower,0,8,6,0,14,0,2,87,1,90,0,10,93,1,104,142,0,142,246
05/20/2012,OLV,MS,ASO,CE,Federal Contract Tower,0,5,8,0,13,0,1,59,0,60,0,6,67,0,73,60,0,60,133
05/21/2012,OLV,MS,ASO,CE,Federal Contract Tower,0,9,3,0,12,0,7,72,2,81,0,16,75,2,93,132,4,136,229
05/22/2012,OLV,MS,ASO,CE,Federal Contract Tower,0,8,16,0,24,0,1,92,0,93,0,9,108,0,117,132,0,132,249
05/23/2012,OLV,MS,ASO,CE,Federal Contract Tower,0,18,8,0,26,0,5,92,6,103,0,23,100,6,129,172,0,172,301
05/24/2012,OLV,MS,ASO,CE,Federal Contract Tower,0,13,20,0,33,0,5,53,0,58,0,18,73,0,91,140,0,140,231
05/25/2012,OLV,MS,ASO,CE,Federal Contract Tower,0,12,16,1,29,0,4,113,0,117,0,16,129,1,146,176,0,176,322
05/26/2012,OLV,MS,ASO,CE,Federal Contract Tower,0,6,8,0,14,0,5,84,2,91,0,11,92,2,105,116,0,116,221
05/27/2012,OLV,MS,ASO,CE,Federal Contract Tower,0,4,6,0,10,0,2,48,2,52,0,6,54,2,62,70,0,70,132
05/28/2012,OLV,MS,ASO,CE,Federal Contract Tower,0,14,6,0,20,0,8,76,0,84,0,22,82,0,104,102,0,102,206
05/29/2012,OLV,MS,ASO,CE,Federal Contract Tower,0,9,6,0,15,0,2,79,0,81,0,11,85,0,96,120,0,120,216
05/30/2012,OLV,MS,ASO,CE,Federal Contract Tower,0,16,8,0,24,0,1,32,0,33,0,17,40,0,57,104,0,104,161
05/31/2012,OLV,MS,ASO,CE,Federal Contract Tower,0,9,4,0,13,0,0,41,0,41,0,9,45,0,54,90,0,90,144
06/01/2012,OLV,MS,ASO,CE,Federal Contract Tower,0,15,12,0,27,0,9,68,0,77,0,24,80,0,104,160,0,160,264
06/02/2012,OLV,MS,ASO,CE,Federal Contract Tower,0,3,5,0,8,0,7,83,2,92,0,10,88,2,100,104,0,104,204
06/03/2012,OLV,MS,ASO,CE,Federal Contract Tower,0,7,16,0,23,0,0,24,0,24,0,7,40,0,47,30,0,30,77
06/04/2012,OLV,MS,ASO,CE,Federal Contract Tower,0,8,6,0,14,0,3,47,0,50,0,11,53,0,64,128,0,128,192
06/05/2012,OLV,MS,ASO,CE,Federal Contract Tower,0,27,11,0,38,0,1,39,0,40,0,28,50,0,78,118,0,118,196
06/06/2012,OLV,MS,ASO,CE,Federal Contract Tower,0,19,10,1,30,0,7,80,1,88,0,26,90,2,118,126,0,126,244
06/07/2012,OLV,MS,ASO,CE,Federal Contract Tower,0,23,13,0,36,0,6,102,0,108,0,29,115,0,144,226,0,226,370
06/08/2012,OLV,MS,ASO,CE,Federal Contract Tower,0,8,10,0,18,0,5,94,2,101,0,13,104,2,119,226,0,226,345
06/09/2012,OLV,MS,ASO,CE,Federal Contract Tower,0,9,21,0,30,0,3,93,4,100,0,12,114,4,130,120,4,124,254
06/10/2012,OLV,MS,ASO,CE,Federal Contract Tower,0,11,9,0,20,0,2,24,0,26,0,13,33,0,46,44,0,44,90
06/11/2012,OLV,MS,ASO,CE,Federal Contract Tower,0,11,9,0,20,0,0,17,0,17,0,11,26,0,37,26,0,26,63
06/12/2012,OLV,MS,ASO,CE,Federal Contract Tower,0,13,6,0,19,0,2,59,2,63,0,15,65,2,82,166,0,166,248
06/13/2012,OLV,MS,ASO,CE,Federal Contract Tower,0,5,9,0,14,0,4,202,0,206,0,9,211,0,220,184,0,184,404
06/14/2012,OLV,MS,ASO,CE,Federal Contract Tower,0,18,9,0,27,0,9,123,1,133,0,27,132,1,160,266,0,266,426
06/15/2012,OLV,MS,ASO,CE,Federal Contract Tower,0,10,8,0,18,0,4,123,0,127,0,14,131,0,145,224,0,224,369
06/16/2012,OLV,MS,ASO,CE,Federal Contract Tower,0,7,8,0,15,0,4,67,0,71,0,11,75,0,86,26,0,26,112
06/17/2012,OLV,MS,ASO,CE,Federal Contract Tower,0,8,6,0,14,0,5,53,0,58,0,13,59,0,72,86,0,86,158
06/18/2012,OLV,MS,ASO,CE,Federal Contract Tower,0,19,3,0,22,0,8,73,0,81,0,27,76,0,103,160,0,160,263
06/19/2012,OLV,MS,ASO,CE,Federal Contract Tower,0,14,5,0,19,0,2,95,0,97,0,16,100,0,116,186,0,186,302
06/20/2012,OLV,MS,ASO,CE,Federal Contract Tower,0,16,10,0,26,0,6,115,0,121,0,22,125,0,147,124,0,124,271
06/21/2012,OLV,MS,ASO,CE,Federal Contract Tower,0,11,2,1,14,0,3,97,6,106,0,14,99,7,120,238,8,246,366
06/22/2012,OLV,MS,ASO,CE,Federal Contract Tower,0,14,16,0,30,0,2,90,0,92,0,16,106,0,122,162,0,162,284
06/23/2012,OLV,MS,ASO,CE,Federal Contract Tower,0,5,5,0,10,0,1,98,0,99,0,6,103,0,109,96,0,96,205
06/24/2012,OLV,MS,ASO,CE,Federal Contract Tower,0,9,15,0,24,0,6,52,1,59,0,15,67,1,83,10,0,10,93
06/25/2012,OLV,MS,ASO,CE,Federal Contract Tower,0,7,5,0,12,0,3,60,2,65,0,10,65,2,77,86,6,92,169
06/26/2012,OLV,MS,ASO,CE,Federal Contract Tower,0,24,6,1,31,0,4,70,1,75,0,28,76,2,106,70,4,74,180
06/27/2012,OLV,MS,ASO,CE,Federal Contract Tower,0,11,9,0,20,0,6,75,0,81,0,17,84,0,101,94,0,94,195
06/28/2012,OLV,MS,ASO,CE,Federal Contract Tower,0,12,14,0,26,0,4,97,1,102,0,16,111,1,128,112,0,112,240
06/29/2012,OLV,MS,ASO,CE,Federal Contract Tower,0,15,12,0,27,0,6,78,0,84,0,21,90,0,111,118,0,118,229
06/30/2012,OLV,MS,ASO,CE,Federal Contract Tower,0,14,10,2,26,0,4,75,0,79,0,18,85,2,105,96,0,96,201
07/01/2012,OLV,MS,ASO,CE,Federal Contract Tower,0,10,4,0,14,0,2,50,2,54,0,12,54,2,68,24,2,26,94
07/02/2012,OLV,MS,ASO,CE,Federal Contract Tower,0,10,4,0,14,0,7,64,0,71,0,17,68,0,85,169,0,169,254
07/03/2012,OLV,MS,ASO,CE,Federal Contract Tower,0,12,8,0,20,0,5,81,0,86,0,17,89,0,106,158,0,158,264
07/04/2012,OLV,MS,ASO,CE,Federal Contract Tower,0,2,7,0,9,0,0,58,0,58,0,2,65,0,67,46,0,46,113
07/05/2012,OLV,MS,ASO,CE,Federal Contract Tower,0,12,10,0,22,0,5,98,0,103,0,17,108,0,125,130,0,130,255
07/06/2012,OLV,MS,ASO,CE,Federal Contract Tower,0,2,5,0,7,0,4,74,0,78,0,6,79,0,85,106,0,106,191
07/07/2012,OLV,MS,ASO,CE,Federal Contract Tower,0,13,10,1,24,0,1,50,0,51,0,14,60,1,75,68,0,68,143
07/08/2012,OLV,MS,ASO,CE,Federal Contract Tower,0,8,6,0,14,0,1,36,0,37,0,9,42,0,51,26,0,26,77
07/09/2012,OLV,MS,ASO,CE,Federal Contract Tower,0,7,4,0,11,0,0,6,0,6,0,7,10,0,17,24,0,24,41
07/10/2012,OLV,MS,ASO,CE,Federal Contract Tower,0,23,14,0,37,0,1,17,0,18,0,24,31,0,55,28,0,28,83
07/11/2012,OLV,MS,ASO,CE,Federal Contract Tower,0,13,15,0,28,0,0,7,0,7,0,13,22,0,35,26,0,26,61
07/12/2012,OLV,MS,ASO,CE,Federal Contract Tower,0,7,18,0,25,0,0,5,0,5,0,7,23,0,30,10,0,10,40
07/13/2012,OLV,MS,ASO,CE,Federal Contract Tower,0,11,24,1,36,0,3,41,1,45,0,14,65,2,81,44,0,44,125
07/14/2012,OLV,MS,ASO,CE,Federal Contract Tower,0,15,9,1,25,0,0,15,0,15,0,15,24,1,40,36,0,36,76
07/15/2012,OLV,MS,ASO,CE,Federal Contract Tower,0,3,8,0,11,0,1,14,0,15,0,4,22,0,26,20,0,20,46
07/16/2012,OLV,MS,ASO,CE,Federal Contract Tower,0,16,4,0,20,0,5,64,0,69,0,21,68,0,89,146,0,146,235
07/17/2012,OLV,MS,ASO,CE,Federal Contract Tower,0,12,5,0,17,0,5,68,5,78,0,17,73,5,95,108,4,112,207
07/18/2012,OLV,MS,ASO,CE,Federal Contract Tower,0,12,10,0,22,0,2,57,0,59,0,14,67,0,81,160,0,160,241
07/19/2012,OLV,MS,ASO,CE,Federal Contract Tower,0,2,4,0,6,0,1,56,0,57,0,3,60,0,63,114,0,114,177
07/20/2012,OLV,MS,ASO,CE,Federal Contract Tower,0,13,3,0,16,0,5,77,0,82,0,18,80,0,98,210,0,210,308
07/21/2012,OLV,MS,ASO,CE,Federal Contract Tower,0,4,2,0,6,0,4,63,2,69,0,8,65,2,75,90,6,96,171
07/22/2012,OLV,MS,ASO,CE,Federal Contract Tower,0,8,13,0,21,0,0,68,0,68,0,8,81,0,89,146,0,146,235
07/23/2012,OLV,MS,ASO,CE,Federal Contract Tower,0,9,7,0,16,0,6,71,0,77,0,15,78,0,93,130,0,130,223
07/24/2012,OLV,MS,ASO,CE,Federal Contract Tower,0,14,12,0,26,0,3,99,2,104,0,17,111,2,130,144,2,146,276
07/25/2012,OLV,MS,ASO,CE,Federal Contract Tower,0,18,16,0,34,0,7,109,0,116,0,25,125,0,150,150,0,150,300
07/26/2012,OLV,MS,ASO,CE,Federal Contract Tower,0,7,8,0,15,0,4,73,1,78,0,11,81,1,93,146,2,148,241
07/27/2012,OLV,MS,ASO,CE,Federal Contract Tower,0,6,10,0,16,0,2,72,0,74,0,8,82,0,90,136,0,136,226
07/28/2012,OLV,MS,ASO,CE,Federal Contract Tower,0,3,8,0,11,0,1,97,6,104,0,4,105,6,115,112,0,112,227
07/29/2012,OLV,MS,ASO,CE,Federal Contract Tower,0,5,5,0,10,0,2,77,4,83,0,7,82,4,93,94,0,94,187
07/30/2012,OLV,MS,ASO,CE,Federal Contract Tower,0,15,14,0,29,0,2,62,0,64,0,17,76,0,93,80,0,80,173
07/31/2012,OLV,MS,ASO,CE,Federal Contract Tower,0,14,11,0,25,0,3,52,0,55,0,17,63,0,80,136,0,136,216
08/01/2012,OLV,MS,ASO,CE,Federal Contract Tower,0,8,8,0,16,0,5,63,0,68,0,13,71,0,84,98,0,98,182
08/02/2012,OLV,MS,ASO,CE,Federal Contract Tower,15,15,0,0,30,0,9,80,0,89,15,24,80,0,119,100,0,100,219
08/03/2012,OLV,MS,ASO,CE,Federal Contract Tower,0,15,15,0,30,0,7,30,0,37,0,22,45,0,67,46,0,46,113
08/04/2012,OLV,MS,ASO,CE,Federal Contract Tower,0,4,15,1,20,0,0,60,3,63,0,4,75,4,83,90,0,90,173
08/05/2012,OLV,MS,ASO,CE,Federal Contract Tower,0,13,6,0,19,0,4,38,0,42,0,17,44,0,61,100,0,100,161
08/06/2012,OLV,MS,ASO,CE,Federal Contract Tower,0,6,4,0,10,0,4,76,0,80,0,10,80,0,90,112,0,112,202
08/07/2012,OLV,MS,ASO,CE,Federal Contract Tower,0,6,9,0,15,0,2,89,2,93,0,8,98,2,108,120,0,120,228
08/08/2012,OLV,MS,ASO,CE,Federal Contract Tower,0,14,5,0,19,0,4,98,2,104,0,18,103,2,123,148,0,148,271
08/09/2012,OLV,MS,ASO,CE,Federal Contract Tower,0,10,15,0,25,0,5,75,3,83,0,15,90,3,108,116,6,122,230
08/10/2012,OLV,MS,ASO,CE,Federal Contract Tower,0,3,8,0,11,0,2,85,2,89,0,5,93,2,100,130,0,130,230
08/11/2012,OLV,MS,ASO,CE,Federal Contract Tower,0,8,8,0,16,0,4,96,2,102,0,12,104,2,118,142,0,142,260
08/12/2012,OLV,MS,ASO,CE,Federal Contract Tower,0,6,8,0,14,0,1,93,2,96,0,7,101,2,110,128,0,128,238
08/13/2012,OLV,MS,ASO,CE,Federal Contract Tower,0,1,9,0,10,0,0,33,0,33,0,1,42,0,43,88,0,88,131
08/14/2012,OLV,MS,ASO,CE,Federal Contract Tower,0,16,15,0,31,0,4,92,0,96,0,20,107,0,127,146,0,146,273
08/15/2012,OLV,MS,ASO,CE,Federal Contract Tower,0,16,14,0,30,0,2,77,0,79,0,18,91,0,109,154,0,154,263
08/16/2012,OLV,MS,ASO,CE,Federal Contract Tower,0,16,11,0,27,0,2,71,1,74,0,18,82,1,101,114,0,114,215
08/17/2012,OLV,MS,ASO,CE,Federal Contract Tower,0,12,9,1,22,0,0,23,0,23,0,12,32,1,45,24,0,24,69
08/18/2012,OLV,MS,ASO,CE,Federal Contract Tower,0,6,5,0,11,0,4,69,1,74,0,10,74,1,85,78,0,78,163
08/19/2012,OLV,MS,ASO,CE,Federal Contract Tower,0,5,12,0,17,0,1,69,4,74,0,6,81,4,91,62,10,72,163
08/20/2012,OLV,MS,ASO,CE,Federal Contract Tower,0,5,5,0,10,0,6,59,3,68,0,11,64,3,78,82,8,90,168
08/21/2012,OLV,MS,ASO,CE,Federal Contract Tower,0,12,9,0,21,0,2,88,3,93,0,14,97,3,114,142,0,142,256
08/22/2012,OLV,MS,ASO,CE,Federal Contract Tower,0,17,7,0,24,0,3,92,2,97,0,20,99,2,121,124,0,124,245
08/23/2012,OLV,MS,ASO,CE,Federal Contract Tower,0,13,4,0,17,0,5,71,0,76,0,18,75,0,93,70,0,70,163
08/24/2012,OLV,MS,ASO,CE,Federal Contract Tower,0,8,9,2,19,0,6,82,5,93,0,14,91,7,112,128,0,128,240
08/25/2012,OLV,MS,ASO,CE,Federal Contract Tower,0,8,6,0,14,0,1,21,0,22,0,9,27,0,36,32,0,32,68
08/26/2012,OLV,MS,ASO,CE,Federal Contract Tower,0,12,7,3,22,0,0,69,4,73,0,12,76,7,95,66,8,74,169
08/27/2012,OLV,MS,ASO,CE,Federal Contract Tower,0,5,10,0,15,0,6,59,2,67,0,11,69,2,82,146,0,146,228
08/28/2012,OLV,MS,ASO,CE,Federal Contract Tower,0,9,6,0,15,0,1,67,3,71,0,10,73,3,86,78,0,78,164
08/29/2012,OLV,MS,ASO,CE,Federal Contract Tower,0,8,11,0,19,0,5,45,0,50,0,13,56,0,69,68,0,68,137
08/30/2012,OLV,MS,ASO,CE,Federal Contract Tower,0,11,3,0,14,0,0,4,0,4,0,11,7,0,18,0,0,0,18
08/31/2012,OLV,MS,ASO,CE,Federal Contract Tower,0,10,5,0,15,0,0,0,0,0,0,10,5,0,15,0,0,0,15
09/01/2012,OLV,MS,ASO,CE,Federal Contract Tower,0,9,3,0,12,0,0,1,1,2,0,9,4,1,14,0,0,0,14
09/02/2012,OLV,MS,ASO,CE,Federal Contract Tower,0,5,3,0,8,0,0,10,0,10,0,5,13,0,18,16,0,16,34
09/03/2012,OLV,MS,ASO,CE,Federal Contract Tower,0,17,7,0,24,0,5,80,2,87,0,22,87,2,111,92,2,94,205
09/04/2012,OLV,MS,ASO,CE,Federal Contract Tower,0,8,5,0,13,0,17,57,0,74,0,25,62,0,87,142,0,142,229
09/05/2012,OLV,MS,ASO,CE,Federal Contract Tower,0,19,5,0,24,0,2,51,0,53,0,21,56,0,77,124,0,124,201
09/06/2012,OLV,MS,ASO,CE,Federal Contract Tower,0,13,15,0,28,0,3,78,0,81,0,16,93,0,109,172,0,172,281
09/07/2012,OLV,MS,ASO,CE,Federal Contract Tower,0,6,10,0,16,0,3,83,2,88,0,9,93,2,104,100,0,100,204
09/08/2012,OLV,MS,ASO,CE,Federal Contract Tower,0,10,11,0,21,0,4,20,0,24,0,14,31,0,45,72,0,72,117
09/09/2012,OLV,MS,ASO,CE,Federal Contract Tower,0,9,5,0,14,0,1,86,4,91,0,10,91,4,105,132,6,138,243
09/10/2012,OLV,MS,ASO,CE,Federal Contract Tower,0,6,10,0,16,0,3,67,2,72,0,9,77,2,88,130,6,136,224
09/11/2012,OLV,MS,ASO,CE,Federal Contract Tower,0,9,7,0,16,0,1,67,0,68,0,10,74,0,84,118,0,118,202
09/12/2012,OLV,MS,ASO,CE,Federal Contract Tower,0,9,11,0,20,0,2,62,2,66,0,11,73,2,86,130,20,150,236
09/13/2012,OLV,MS,ASO,CE,Federal Contract Tower,0,11,11,0,22,0,7,69,2,78,0,18,80,2,100,122,0,122,222
09/14/2012,OLV,MS,ASO,CE,Federal Contract Tower,0,19,14,0,33,0,10,45,6,61,0,29,59,6,94,96,8,104,198
09/15/2012,OLV,MS,ASO,CE,Federal Contract Tower,0,14,7,1,22,0,2,31,9,42,0,16,38,10,64,70,6,76,140
09/16/2012,OLV,MS,ASO,CE,Federal Contract Tower,0,17,18,0,35,0,1,31,0,32,0,18,49,0,67,82,0,82,149
09/17/2012,OLV,MS,ASO,CE,Federal Contract Tower,0,5,0,0,5,0,0,0,0,0,0,5,0,0,5,0,0,0,5
09/18/2012,OLV,MS,ASO,CE,Federal Contract Tower,0,9,8,0,17,0,3,32,0,35,0,12,40,0,52,68,0,68,120
09/19/2012,OLV,MS,ASO,CE,Federal Contract Tower,0,16,7,0,23,0,6,72,0,78,0,22,79,0,101,120,0,120,221
09/20/2012,OLV,MS,ASO,CE,Federal Contract Tower,0,9,7,0,16,0,2,78,2,82,0,11,85,2,98,56,4,60,158
09/21/2012,OLV,MS,ASO,CE,Federal Contract Tower,0,11,12,0,23,0,3,74,0,77,0,14,86,0,100,0,0,0,100
09/22/2012,OLV,MS,ASO,CE,Federal Contract Tower,0,11,5,0,16,0,5,77,0,82,0,16,82,0,98,140,0,140,238
09/23/2012,OLV,MS,ASO,CE,Federal Contract Tower,0,10,7,0,17,0,1,70,0,71,0,11,77,0,88,130,0,130,218
09/24/2012,OLV,MS,ASO,CE,Federal Contract Tower,0,4,2,3,9,0,6,63,0,69,0,10,65,3,78,144,0,144,222
09/25/2012,OLV,MS,ASO,CE,Federal Contract Tower,0,11,8,0,19,0,3,70,0,73,0,14,78,0,92,74,0,74,166
09/26/2012,OLV,MS,ASO,CE,Federal Contract Tower,0,14,2,0,16,0,2,50,0,52,0,16,52,0,68,98,0,98,166
09/27/2012,OLV,MS,ASO,CE,Federal Contract Tower,0,15,9,0,24,0,4,80,0,84,0,19,89,0,108,220,0,220,328
09/28/2012,OLV,MS,ASO,CE,Federal Contract Tower,0,7,20,1,28,0,5,58,0,63,0,12,78,1,91,146,0,146,237
09/29/2012,OLV,MS,ASO,CE,Federal Contract Tower,0,3,14,1,18,0,4,73,4,81,0,7,87,5,99,108,0,108,207
09/30/2012,OLV,MS,ASO,CE,Federal Contract Tower,0,9,8,0,17,0,1,15,0,16,0,10,23,0,33,26,0,26,59
10/01/2012,OLV,MS,ASO,CE,Federal Contract Tower,0,10,2,0,12,0,0,2,0,2,0,10,4,0,14,8,0,8,22
10/02/2012,OLV,MS,ASO,CE,Federal Contract Tower,0,13,7,0,20,0,5,82,0,87,0,18,89,0,107,154,0,154,261
10/03/2012,OLV,MS,ASO,CE,Federal Contract Tower,0,14,10,0,24,0,3,80,0,83,0,17,90,0,107,140,0,140,247
10/04/2012,OLV,MS,ASO,CE,Federal Contract Tower,0,10,10,0,20,0,6,67,1,74,0,16,77,1,94,138,0,138,232
10/05/2012,OLV,MS,ASO,CE,Federal Contract Tower,0,8,10,0,18,0,5,64,2,71,0,13,74,2,89,82,2,84,173
10/06/2012,OLV,MS,ASO,CE,Federal Contract Tower,0,15,6,0,21,0,2,20,5,27,0,17,26,5,48,42,0,42,90
10/07/2012,OLV,MS,ASO,CE,Federal Contract Tower,0,8,9,0,17,0,3,38,1,42,0,11,47,1,59,76,0,76,135
10/08/2012,OLV,MS,ASO,CE,Federal Contract Tower,0,11,3,0,14,0,9,51,0,60,0,20,54,0,74,90,0,90,164
10/09/2012,OLV,MS,ASO,CE,Federal Contract Tower,0,17,9,0,26,0,6,93,0,99,0,23,102,0,125,174,0,174,299
10/10/2012,OLV,MS,ASO,CE,Federal Contract Tower,0,8,15,0,23,0,5,71,0,76,0,13,86,0,99,150,0,150,249
10/11/2012,OLV,MS,ASO,CE,Federal Contract Tower,0,17,15,0,32,0,0,48,0,48,0,17,63,0,80,106,0,106,186
10/12/2012,OLV,MS,ASO,CE,Federal Contract Tower,0,15,12,0,27,0,3,20,0,23,0,18,32,0,50,48,0,48,98
10/13/2012,OLV,MS,ASO,CE,Federal Contract Tower,0,4,7,0,11,0,2,48,4,54,0,6,55,4,65,52,0,52,117
10/14/2012,OLV,MS,ASO,CE,Federal Contract Tower,0,10,3,0,13,0,1,1,0,2,0,11,4,0,15,0,0,0,15
10/15/2012,OLV,MS,ASO,CE,Federal Contract Tower,0,13,3,0,16,0,17,65,0,82,0,30,68,0,98,190,0,190,288
10/16/2012,OLV,MS,ASO,CE,Federal Contract Tower,0,21,7,0,28,0,9,74,0,83,0,30,81,0,111,104,0,104,215
10/17/2012,OLV,MS,ASO,CE,Federal Contract Tower,0,14,12,0,26,0,4,26,0,30,0,18,38,0,56,18,0,18,74
10/18/2012,OLV,MS,ASO,CE,Federal Contract Tower,0,14,7,0,21,0,2,47,1,50,0,16,54,1,71,38,0,38,109
10/19/2012,OLV,MS,ASO,CE,Federal Contract Tower,0,11,14,0,25,0,4,31,0,35,0,15,45,0,60,12,0,12,72
10/20/2012,OLV,MS,ASO,CE,Federal Contract Tower,0,7,7,0,14,0,6,91,11,108,0,13,98,11,122,120,0,120,242
10/21/2012,OLV,MS,ASO,CE,Federal Contract Tower,0,18,10,0,28,0,15,67,5,87,0,33,77,5,115,60,0,60,175
10/22/2012,OLV,MS,ASO,CE,Federal Contract Tower,0,7,11,0,18,0,16,52,0,68,0,23,63,0,86,80,0,80,166
10/23/2012,OLV,MS,ASO,CE,Federal Contract Tower,0,10,11,0,21,0,6,86,3,95,0,16,97,3,116,156,4,160,276
10/24/2012,OLV,MS,ASO,CE,Federal Contract Tower,0,7,11,0,18,0,7,92,0,99,0,14,103,0,117,192,0,192,309
10/25/2012,OLV,MS,ASO,CE,Federal Contract Tower,0,9,18,1,28,0,11,69,2,82,0,20,87,3,110,136,6,142,252
10/26/2012,OLV,MS,ASO,CE,Federal Contract Tower,0,15,7,0,22,0,0,0,0,0,0,15,7,0,22,0,0,0,22
10/27/2012,OLV,MS,ASO,CE,Federal Contract Tower,0,6,8,0,14,0,1,34,2,37,0,7,42,2,51,38,0,38,89
10/28/2012,OLV,MS,ASO,CE,Federal Contract Tower,0,9,2,1,12,0,7,42,8,57,0,16,44,9,69,40,0,40,109
10/29/2012,OLV,MS,ASO,CE,Federal Contract Tower,0,13,7,0,20,0,7,48,1,56,0,20,55,1,76,56,0,56,132
10/30/2012,OLV,MS,ASO,CE,Federal Contract Tower,0,11,1,0,12,0,7,65,0,72,0,18,66,0,84,68,0,68,152
10/31/2012,OLV,MS,ASO,CE,Federal Contract Tower,0,11,13,0,24,0,5,64,0,69,0,16,77,0,93,162,0,162,255
11/01/2012,OLV,MS,ASO,CE,Federal Contract Tower,0,16,6,0,22,0,16,60,0,76,0,32,66,0,98,174,0,174,272
11/02/2012,OLV,MS,ASO,CE,Federal Contract Tower,0,8,7,0,15,0,4,74,0,78,0,12,81,0,93,184,0,184,277
11/03/2012,OLV,MS,ASO,CE,Federal Contract Tower,0,1,4,2,7,0,4,52,1,57,0,5,56,3,64,88,0,88,152
11/04/2012,OLV,MS,ASO,CE,Federal Contract Tower,0,11,10,0,21,0,6,51,1,58,0,17,61,1,79,86,0,86,165
11/05/2012,OLV,MS,ASO,CE,Federal Contract Tower,0,5,10,0,15,0,13,17,0,30,0,18,27,0,45,22,0,22,67
11/06/2012,OLV,MS,ASO,CE,Federal Contract Tower,0,13,13,0,26,0,8,46,0,54,0,21,59,0,80,122,0,122,202
11/07/2012,OLV,MS,ASO,CE,Federal Contract Tower,0,11,4,0,15,0,5,61,3,69,0,16,65,3,84,126,0,126,210
11/08/2012,OLV,MS,ASO,CE,Federal Contract Tower,0,23,8,0,31,0,8,79,0,87,0,31,87,0,118,128,0,128,246
11/09/2012,OLV,MS,ASO,CE,Federal Contract Tower,0,14,9,0,23,0,10,72,0,82,0,24,81,0,105,144,0,144,249
11/10/2012,OLV,MS,ASO,CE,Federal Contract Tower,0,6,0,0,6,0,4,49,0,53,0,10,49,0,59,56,0,56,115
11/11/2012,OLV,MS,ASO,CE,Federal Contract Tower,0,12,7,0,19,0,0,3,0,3,0,12,10,0,22,0,0,0,22
11/12/2012,OLV,MS,ASO,CE,Federal Contract Tower,0,10,10,0,20,0,1,40,0,41,0,11,50,0,61,112,0,112,173
11/13/2012,OLV,MS,ASO,CE,Federal Contract Tower,0,31,4,0,35,0,12,69,0,81,0,43,73,0,116,138,0,138,254
11/14/2012,OLV,MS,ASO,CE,Federal Contract Tower,0,18,7,4,29,0,3,61,2,66,0,21,68,6,95,140,4,144,239
11/15/2012,OLV,MS,ASO,CE,Federal Contract Tower,0,14,11,0,25,0,2,86,0,88,0,16,97,0,113,190,0,190,303
11/16/2012,OLV,MS,ASO,CE,Federal Contract Tower,0,12,11,1,24,0,11,52,0,63,0,23,63,1,87,132,0,132,219
11/17/2012,OLV,MS,ASO,CE,Federal Contract Tower,0,4,3,2,9,0,5,78,0,83,0,9,81,2,92,66,0,66,158
11/18/2012,OLV,MS,ASO,CE,Federal Contract Tower,0,8,7,2,17,0,4,73,0,77,0,12,80,2,94,124,0,124,218
11/19/2012,OLV,MS,ASO,CE,Federal Contract Tower,0,4,3,2,9,0,4,64,0,68,0,8,67,2,77,108,0,108,185
11/20/2012,OLV,MS,ASO,CE,Federal Contract Tower,0,9,1,0,10,0,5,73,2,80,0,14,74,2,90,188,4,192,282
11/21/2012,OLV,MS,ASO,CE,Federal Contract Tower,0,26,17,0,43,0,4,89,2,95,0,30,106,2,138,128,12,140,278
11/22/2012,OLV,MS,ASO,CE,Federal Contract Tower,0,4,5,0,9,0,0,21,0,21,0,4,26,0,30,18,0,18,48
11/23/2012,OLV,MS,ASO,CE,Federal Contract Tower,0,8,11,0,19,0,8,46,0,54,0,16,57,0,73,68,0,68,141
11/24/2012,OLV,MS,ASO,CE,Federal Contract Tower,0,8,8,1,17,0,4,73,4,81,0,12,81,5,98,56,4,60,158
11/25/2012,OLV,MS,ASO,CE,Federal Contract Tower,0,24,15,0,39,0,1,63,0,64,0,25,78,0,103,62,0,62,165
11/26/2012,OLV,MS,ASO,CE,Federal Contract Tower,0,9,8,0,17,0,0,0,0,0,0,9,8,0,17,0,0,0,17
11/27/2012,OLV,MS,ASO,CE,Federal Contract Tower,0,20,5,0,25,0,2,66,0,68,0,22,71,0,93,128,0,128,221
11/28/2012,OLV,MS,ASO,CE,Federal Contract Tower,0,13,5,1,19,0,1,57,2,60,0,14,62,3,79,160,6,166,245
11/29/2012,OLV,MS,ASO,CE,Federal Contract Tower,0,4,9,0,13,0,13,68,1,82,0,17,77,1,95,194,0,194,289
11/30/2012,OLV,MS,ASO,CE,Federal Contract Tower,0,13,17,0,30,0,1,52,0,53,0,14,69,0,83,86,0,86,169
12/01/2012,OLV,MS,ASO,CE,Federal Contract Tower,0,2,6,0,8,0,4,62,0,66,0,6,68,0,74,116,0,116,190
12/02/2012,OLV,MS,ASO,CE,Federal Contract Tower,0,5,14,1,20,0,0,17,3,20,0,5,31,4,40,94,12,106,146
12/03/2012,OLV,MS,ASO,CE,Federal Contract Tower,0,8,11,0,19,0,5,45,0,50,0,13,56,0,69,102,0,102,171
12/04/2012,OLV,MS,ASO,CE,Federal Contract Tower,0,18,4,2,24,0,0,7,1,8,0,18,11,3,32,24,2,26,58
12/05/2012,OLV,MS,ASO,CE,Federal Contract Tower,0,18,10,1,29,0,6,55,1,62,0,24,65,2,91,100,0,100,191
12/06/2012,OLV,MS,ASO,CE,Federal Contract Tower,0,12,31,0,43,0,4,1,0,5,0,16,32,0,48,0,0,0,48
12/07/2012,OLV,MS,ASO,CE,Federal Contract Tower,0,11,14,0,25,0,0,9,0,9,0,11,23,0,34,42,0,42,76
12/08/2012,OLV,MS,ASO,CE,Federal Contract Tower,0,6,0,0,6,0,0,0,0,0,0,6,0,0,6,0,0,0,6
12/09/2012,OLV,MS,ASO,CE,Federal Contract Tower,0,9,4,0,13,0,0,12,0,12,0,9,16,0,25,34,0,34,59
12/10/2012,OLV,MS,ASO,CE,Federal Contract Tower,0,8,4,0,12,0,0,32,4,36,0,8,36,4,48,64,12,76,124
12/11/2012,OLV,MS,ASO,CE,Federal Contract Tower,0,13,14,0,27,0,6,81,0,87,0,19,95,0,114,138,0,138,252
12/12/2012,OLV,MS,ASO,CE,Federal Contract Tower,0,21,3,0,24,0,1,74,2,77,0,22,77,2,101,214,0,214,315
12/13/2012,OLV,MS,ASO,CE,Federal Contract Tower,0,17,14,2,33,0,4,73,4,81,0,21,87,6,114,220,6,226,340
12/14/2012,OLV,MS,ASO,CE,Federal Contract Tower,0,16,7,0,23,0,2,77,2,81,0,18,84,2,104,136,4,140,244
12/15/2012,OLV,MS,ASO,CE,Federal Contract Tower,0,7,1,0,8,0,0,1,0,1,0,7,2,0,9,0,0,0,9
12/16/2012,OLV,MS,ASO,CE,Federal Contract Tower,0,7,5,0,12,0,0,0,0,0,0,7,5,0,12,0,0,0,12
12/17/2012,OLV,MS,ASO,CE,Federal Contract Tower,0,3,10,0,13,0,2,19,0,21,0,5,29,0,34,72,0,72,106
12/18/2012,OLV,MS,ASO,CE,Federal Contract Tower,0,20,3,0,23,0,0,80,0,80,0,20,83,0,103,148,0,148,251
12/19/2012,OLV,MS,ASO,CE,Federal Contract Tower,0,24,16,0,40,0,3,71,2,76,0,27,87,2,116,122,6,128,244
12/20/2012,OLV,MS,ASO,CE,Federal Contract Tower,0,5,0,0,5,0,0,0,0,0,0,5,0,0,5,0,0,0,5
12/21/2012,OLV,MS,ASO,CE,Federal Contract Tower,0,4,8,0,12,0,13,50,0,63,0,17,58,0,75,64,0,64,139
12/22/2012,OLV,MS,ASO,CE,Federal Contract Tower,0,7,5,0,12,0,4,63,3,70,0,11,68,3,82,78,4,82,164
12/23/2012,OLV,MS,ASO,CE,Federal Contract Tower,0,4,7,0,11,0,0,2,0,2,0,4,9,0,13,8,0,8,21
12/24/2012,OLV,MS,ASO,CE,Federal Contract Tower,0,9,5,0,14,0,0,9,0,9,0,9,14,0,23,56,0,56,79
12/25/2012,OLV,MS,ASO,CE,Federal Contract Tower,0,0,0,0,0,0,0,0,0,0,0,0,0,0,0,0,0,0,0
12/26/2012,OLV,MS,ASO,CE,Federal Contract Tower,0,4,2,0,6,0,0,3,0,3,0,4,5,0,9,24,0,24,33
12/27/2012,OLV,MS,ASO,CE,Federal Contract Tower,0,15,14,0,29,0,1,74,0,75,0,16,88,0,104,144,0,144,248
12/28/2012,OLV,MS,ASO,CE,Federal Contract Tower,0,6,1,0,7,0,0,0,0,0,0,6,1,0,7,0,0,0,7
12/29/2012,OLV,MS,ASO,CE,Federal Contract Tower,0,10,1,0,11,0,1,20,0,21,0,11,21,0,32,60,0,60,92
12/30/2012,OLV,MS,ASO,CE,Federal Contract Tower,0,1,11,0,12,0,0,69,2,71,0,1,80,2,83,138,6,144,227
12/31/2012,OLV,MS,ASO,CE,Federal Contract Tower,0,2,2,0,4,0,0,41,0,41,0,2,43,0,45,94,0,94,139
01/01/2013,OLV,MS,ASO,CE,Federal Contract Tower,0,4,2,0,6,0,0,0,0,0,0,4,2,0,6,0,0,0,6
01/02/2013,OLV,MS,ASO,CE,Federal Contract Tower,0,13,3,0,16,0,2,54,0,56,0,15,57,0,72,132,0,132,204
01/03/2013,OLV,MS,ASO,CE,Federal Contract Tower,0,5,4,0,9,0,6,65,0,71,0,11,69,0,80,192,0,192,272
01/04/2013,OLV,MS,ASO,CE,Federal Contract Tower,0,6,4,0,10,0,3,101,0,104,0,9,105,0,114,222,0,222,336
01/05/2013,OLV,MS,ASO,CE,Federal Contract Tower,0,2,7,2,11,0,0,91,1,92,0,2,98,3,103,160,4,164,267
01/06/2013,OLV,MS,ASO,CE,Federal Contract Tower,0,5,4,0,9,0,5,65,0,70,0,10,69,0,79,158,0,158,237
01/07/2013,OLV,MS,ASO,CE,Federal Contract Tower,0,7,12,0,19,0,10,79,0,89,0,17,91,0,108,176,0,176,284
01/08/2013,OLV,MS,ASO,CE,Federal Contract Tower,0,9,16,0,25,0,8,80,0,88,0,17,96,0,113,194,0,194,307
01/09/2013,OLV,MS,ASO,CE,Federal Contract Tower,0,7,1,0,8,0,0,0,0,0,0,7,1,0,8,0,0,0,8
01/10/2013,OLV,MS,ASO,CE,Federal Contract Tower,0,9,1,0,10,0,0,0,0,0,0,9,1,0,10,0,0,0,10
01/11/2013,OLV,MS,ASO,CE,Federal Contract Tower,0,7,11,0,18,0,3,108,0,111,0,10,119,0,129,232,0,232,361
01/12/2013,OLV,MS,ASO,CE,Federal Contract Tower,0,5,1,0,6,0,0,0,0,0,0,5,1,0,6,0,0,0,6
01/13/2013,OLV,MS,ASO,CE,Federal Contract Tower,0,1,1,0,2,0,0,0,0,0,0,1,1,0,2,0,0,0,2
01/14/2013,OLV,MS,ASO,CE,Federal Contract Tower,0,7,0,0,7,0,0,1,0,1,0,7,1,0,8,0,0,0,8
01/15/2013,OLV,MS,ASO,CE,Federal Contract Tower,0,3,0,0,3,0,0,0,0,0,0,3,0,0,3,0,0,0,3
01/16/2013,OLV,MS,ASO,CE,Federal Contract Tower,0,8,2,0,10,0,0,17,0,17,0,8,19,0,27,144,0,144,171
01/17/2013,OLV,MS,ASO,CE,Federal Contract Tower,0,4,14,0,18,0,1,63,0,64,0,5,77,0,82,92,0,92,174
01/18/2013,OLV,MS,ASO,CE,Federal Contract Tower,0,9,16,0,25,0,3,62,1,66,0,12,78,1,91,170,4,174,265
01/19/2013,OLV,MS,ASO,CE,Federal Contract Tower,0,2,6,0,8,0,7,96,2,105,0,9,102,2,113,184,0,184,297
01/20/2013,OLV,MS,ASO,CE,Federal Contract Tower,0,10,5,1,16,0,2,63,0,65,0,12,68,1,81,234,0,234,315
01/21/2013,OLV,MS,ASO,CE,Federal Contract Tower,0,6,11,0,17,0,8,55,1,64,0,14,66,1,81,130,6,136,217
01/22/2013,OLV,MS,ASO,CE,Federal Contract Tower,0,11,6,0,17,0,1,48,0,49,0,12,54,0,66,114,0,114,180
01/23/2013,OLV,MS,ASO,CE,Federal Contract Tower,0,14,8,0,22,0,2,85,0,87,0,16,93,0,109,252,0,252,361
01/24/2013,OLV,MS,ASO,CE,Federal Contract Tower,0,12,8,0,20,0,1,47,0,48,0,13,55,0,68,116,0,116,184
01/25/2013,OLV,MS,ASO,CE,Federal Contract Tower,0,10,6,0,16,0,1,0,0,1,0,11,6,0,17,0,0,0,17
01/26/2013,OLV,MS,ASO,CE,Federal Contract Tower,0,2,4,0,6,0,2,91,2,95,0,4,95,2,101,198,0,198,299
01/27/2013,OLV,MS,ASO,CE,Federal Contract Tower,0,10,4,0,14,0,1,36,6,43,0,11,40,6,57,94,8,102,159
01/28/2013,OLV,MS,ASO,CE,Federal Contract Tower,0,17,2,0,19,0,0,38,0,38,0,17,40,0,57,96,0,96,153
01/29/2013,OLV,MS,ASO,CE,Federal Contract Tower,0,11,7,0,18,0,1,20,0,21,0,12,27,0,39,42,0,42,81
01/30/2013,OLV,MS,ASO,CE,Federal Contract Tower,0,7,1,1,9,0,0,0,1,1,0,7,1,2,10,0,0,0,10
01/31/2013,OLV,MS,ASO,CE,Federal Contract Tower,0,19,10,0,29,0,7,72,0,79,0,26,82,0,108,114,0,114,222
02/01/2013,OLV,MS,ASO,CE,Federal Contract Tower,0,10,12,0,22,0,3,71,0,74,0,13,83,0,96,244,0,244,340
02/02/2013,OLV,MS,ASO,CE,Federal Contract Tower,0,5,4,0,9,0,4,45,0,49,0,9,49,0,58,166,0,166,224
02/03/2013,OLV,MS,ASO,CE,Federal Contract Tower,0,6,6,0,12,0,5,30,0,35,0,11,36,0,47,46,0,46,93
02/04/2013,OLV,MS,ASO,CE,Federal Contract Tower,0,15,4,0,19,0,3,40,0,43,0,18,44,0,62,148,0,148,210
02/05/2013,OLV,MS,ASO,CE,Federal Contract Tower,0,9,6,0,15,0,2,69,0,71,0,11,75,0,86,162,0,162,248
02/06/2013,OLV,MS,ASO,CE,Federal Contract Tower,0,26,8,0,34,0,2,89,0,91,0,28,97,0,125,224,0,224,349
02/07/2013,OLV,MS,ASO,CE,Federal Contract Tower,0,16,1,0,17,0,2,85,0,87,0,18,86,0,104,200,0,200,304
02/08/2013,OLV,MS,ASO,CE,Federal Contract Tower,0,14,3,0,17,0,0,10,0,10,0,14,13,0,27,18,0,18,45
02/09/2013,OLV,MS,ASO,CE,Federal Contract Tower,0,5,9,0,14,0,2,86,10,98,0,7,95,10,112,254,0,254,366
02/10/2013,OLV,MS,ASO,CE,Federal Contract Tower,0,4,0,0,4,0,0,3,0,3,0,4,3,0,7,6,0,6,13
02/11/2013,OLV,MS,ASO,CE,Federal Contract Tower,0,13,8,0,21,0,10,106,0,116,0,23,114,0,137,272,0,272,409
02/12/2013,OLV,MS,ASO,CE,Federal Contract Tower,0,13,3,0,16,0,4,62,0,66,0,17,65,0,82,166,0,166,248
02/13/2013,OLV,MS,ASO,CE,Federal Contract Tower,0,8,8,0,16,0,0,14,0,14,0,8,22,0,30,62,0,62,92
02/14/2013,OLV,MS,ASO,CE,Federal Contract Tower,0,13,8,0,21,0,2,100,4,106,0,15,108,4,127,184,0,184,311
02/15/2013,OLV,MS,ASO,CE,Federal Contract Tower,0,19,5,0,24,0,0,102,0,102,0,19,107,0,126,214,0,214,340
02/16/2013,OLV,MS,ASO,CE,Federal Contract Tower,0,10,7,0,17,0,1,74,2,77,0,11,81,2,94,160,0,160,254
02/17/2013,OLV,MS,ASO,CE,Federal Contract Tower,0,12,7,0,19,0,1,63,0,64,0,13,70,0,83,82,0,82,165
02/18/2013,OLV,MS,ASO,CE,Federal Contract Tower,0,21,4,0,25,0,0,7,0,7,0,21,11,0,32,0,0,0,32
02/19/2013,OLV,MS,ASO,CE,Federal Contract Tower,0,14,8,0,22,0,7,61,0,68,0,21,69,0,90,68,0,68,158
02/20/2013,OLV,MS,ASO,CE,Federal Contract Tower,0,14,5,0,19,0,2,96,0,98,0,16,101,0,117,316,0,316,433
02/21/2013,OLV,MS,ASO,CE,Federal Contract Tower,2,11,0,0,13,2,0,0,0,2,4,11,0,0,15,0,0,0,15
02/22/2013,OLV,MS,ASO,CE,Federal Contract Tower,0,18,12,0,30,0,3,27,0,30,0,21,39,0,60,104,0,104,164
02/23/2013,OLV,MS,ASO,CE,Federal Contract Tower,0,6,8,1,15,0,9,115,2,126,0,15,123,3,141,250,6,256,397
02/24/2013,OLV,MS,ASO,CE,Federal Contract Tower,0,9,11,0,20,0,2,84,0,86,0,11,95,0,106,160,0,160,266
02/25/2013,OLV,MS,ASO,CE,Federal Contract Tower,0,10,2,0,12,0,6,17,0,23,0,16,19,0,35,20,0,20,55
02/26/2013,OLV,MS,ASO,CE,Federal Contract Tower,0,11,0,0,11,0,1,3,0,4,0,12,3,0,15,16,0,16,31
02/27/2013,OLV,MS,ASO,CE,Federal Contract Tower,0,8,3,0,11,0,1,34,0,35,0,9,37,0,46,78,0,78,124
02/28/2013,OLV,MS,ASO,CE,Federal Contract Tower,0,14,6,0,20,0,3,86,0,89,0,17,92,0,109,140,0,140,249
03/01/2013,OLV,MS,ASO,CE,Federal Contract Tower,0,7,2,0,9,0,0,42,0,42,0,7,44,0,51,252,0,252,303
03/02/2013,OLV,MS,ASO,CE,Federal Contract Tower,0,5,0,0,5,0,0,11,0,11,0,5,11,0,16,10,0,10,26
03/03/2013,OLV,MS,ASO,CE,Federal Contract Tower,0,9,9,0,18,0,0,103,0,103,0,9,112,0,121,218,0,218,339
03/04/2013,OLV,MS,ASO,CE,Federal Contract Tower,0,13,5,0,18,0,8,95,0,103,0,21,100,0,121,64,0,64,185
03/05/2013,OLV,MS,ASO,CE,Federal Contract Tower,0,22,3,0,25,0,0,4,2,6,0,22,7,2,31,0,0,0,31
03/06/2013,OLV,MS,ASO,CE,Federal Contract Tower,0,17,8,0,25,0,6,81,2,89,0,23,89,2,114,300,0,300,414
03/07/2013,OLV,MS,ASO,CE,Federal Contract Tower,0,11,12,0,23,0,7,130,0,137,0,18,142,0,160,240,0,240,400
03/08/2013,OLV,MS,ASO,CE,Federal Contract Tower,0,24,10,0,34,0,16,118,0,134,0,40,128,0,168,216,0,216,384
03/09/2013,OLV,MS,ASO,CE,Federal Contract Tower,0,9,13,1,23,0,5,80,2,87,0,14,93,3,110,156,0,156,266
03/10/2013,OLV,MS,ASO,CE,Federal Contract Tower,0,4,5,0,9,0,6,2,0,8,0,10,7,0,17,0,0,0,17
03/11/2013,OLV,MS,ASO,CE,Federal Contract Tower,0,15,1,0,16,0,8,38,0,46,0,23,39,0,62,108,0,108,170
03/12/2013,OLV,MS,ASO,CE,Federal Contract Tower,0,20,8,0,28,0,17,107,2,126,0,37,115,2,154,182,10,192,346
03/13/2013,OLV,MS,ASO,CE,Federal Contract Tower,0,9,2,1,12,0,8,101,5,114,0,17,103,6,126,174,4,178,304
03/14/2013,OLV,MS,ASO,CE,Federal Contract Tower,0,9,13,2,24,0,5,109,1,115,0,14,122,3,139,228,4,232,371
03/15/2013,OLV,MS,ASO,CE,Federal Contract Tower,0,13,2,1,16,0,0,87,2,89,0,13,89,3,105,66,0,66,171
03/16/2013,OLV,MS,ASO,CE,Federal Contract Tower,0,11,3,0,14,0,17,75,0,92,0,28,78,0,106,144,0,144,250
03/17/2013,OLV,MS,ASO,CE,Federal Contract Tower,0,22,1,0,23,0,9,50,0,59,0,31,51,0,82,82,0,82,164
03/18/2013,OLV,MS,ASO,CE,Federal Contract Tower,0,12,1,0,13,0,0,17,0,17,0,12,18,0,30,70,0,70,100
03/19/2013,OLV,MS,ASO,CE,Federal Contract Tower,0,14,2,0,16,0,16,117,0,133,0,30,119,0,149,278,0,278,427
03/20/2013,OLV,MS,ASO,CE,Federal Contract Tower,0,12,5,0,17,0,15,71,2,88,0,27,76,2,105,100,0,100,205
03/21/2013,OLV,MS,ASO,CE,Federal Contract Tower,0,13,8,0,21,0,8,105,0,113,0,21,113,0,134,166,0,166,300
03/22/2013,OLV,MS,ASO,CE,Federal Contract Tower,0,8,6,0,14,0,0,0,0,0,0,8,6,0,14,0,0,0,14
03/23/2013,OLV,MS,ASO,CE,Federal Contract Tower,0,5,2,0,7,0,0,1,0,1,0,5,3,0,8,0,0,0,8
03/24/2013,OLV,MS,ASO,CE,Federal Contract Tower,0,8,2,0,10,0,0,0,0,0,0,8,2,0,10,0,0,0,10
03/25/2013,OLV,MS,ASO,CE,Federal Contract Tower,0,7,6,0,13,0,7,23,0,30,0,14,29,0,43,0,0,0,43
03/26/2013,OLV,MS,ASO,CE,Federal Contract Tower,0,19,4,0,23,0,15,103,0,118,0,34,107,0,141,142,0,142,283
03/27/2013,OLV,MS,ASO,CE,Federal Contract Tower,0,18,16,0,34,0,8,125,0,133,0,26,141,0,167,200,0,200,367
03/28/2013,OLV,MS,ASO,CE,Federal Contract Tower,1,10,9,1,21,0,18,109,4,131,1,28,118,5,152,234,4,238,390
03/29/2013,OLV,MS,ASO,CE,Federal Contract Tower,0,7,2,0,9,0,2,24,0,26,0,9,26,0,35,66,0,66,101
03/30/2013,OLV,MS,ASO,CE,Federal Contract Tower,0,2,5,0,7,0,1,4,0,5,0,3,9,0,12,44,0,44,56
03/31/2013,OLV,MS,ASO,CE,Federal Contract Tower,0,3,1,0,4,0,0,4,0,4,0,3,5,0,8,10,0,10,18
04/01/2013,OLV,MS,ASO,CE,Federal Contract Tower,0,10,5,0,15,0,17,99,0,116,0,27,104,0,131,196,0,196,327
04/02/2013,OLV,MS,ASO,CE,Federal Contract Tower,0,10,1,0,11,0,16,65,0,81,0,26,66,0,92,90,0,90,182
04/03/2013,OLV,MS,ASO,CE,Federal Contract Tower,0,16,3,0,19,0,1,59,0,60,0,17,62,0,79,198,0,198,277
04/04/2013,OLV,MS,ASO,CE,Federal Contract Tower,0,17,3,0,20,0,0,0,0,0,0,17,3,0,20,0,0,0,20
04/05/2013,OLV,MS,ASO,CE,Federal Contract Tower,0,14,8,0,22,0,6,125,3,134,0,20,133,3,156,224,10,234,390
04/06/2013,OLV,MS,ASO,CE,Federal Contract Tower,0,9,4,0,13,0,10,99,0,109,0,19,103,0,122,192,0,192,314
04/07/2013,OLV,MS,ASO,CE,Federal Contract Tower,0,16,12,0,28,0,3,87,0,90,0,19,99,0,118,211,0,211,329
04/08/2013,OLV,MS,ASO,CE,Federal Contract Tower,0,13,17,0,30,0,11,62,2,75,0,24,79,2,105,206,0,206,311
04/09/2013,OLV,MS,ASO,CE,Federal Contract Tower,0,22,11,0,33,0,12,48,0,60,0,34,59,0,93,76,0,76,169
04/10/2013,OLV,MS,ASO,CE,Federal Contract Tower,0,7,2,0,9,0,10,74,0,84,0,17,76,0,93,166,0,166,259
04/11/2013,OLV,MS,ASO,CE,Federal Contract Tower,0,17,5,0,22,0,0,0,0,0,0,17,5,0,22,0,0,0,22
04/12/2013,OLV,MS,ASO,CE,Federal Contract Tower,0,14,10,2,26,0,16,116,1,133,0,30,126,3,159,240,4,244,403
04/13/2013,OLV,MS,ASO,CE,Federal Contract Tower,0,9,12,0,21,0,6,137,2,145,0,15,149,2,166,222,0,222,388
04/14/2013,OLV,MS,ASO,CE,Federal Contract Tower,0,6,14,0,20,0,6,47,0,53,0,12,61,0,73,64,4,68,141
04/15/2013,OLV,MS,ASO,CE,Federal Contract Tower,0,19,6,0,25,0,16,77,0,93,0,35,83,0,118,120,0,120,238
04/16/2013,OLV,MS,ASO,CE,Federal Contract Tower,0,13,16,0,29,0,23,44,2,69,0,36,60,2,98,116,0,116,214
04/17/2013,OLV,MS,ASO,CE,Federal Contract Tower,0,12,14,0,26,0,20,67,0,87,0,32,81,0,113,172,0,172,285
04/18/2013,OLV,MS,ASO,CE,Federal Contract Tower,0,15,3,0,18,0,5,5,0,10,0,20,8,0,28,0,0,0,28
04/19/2013,OLV,MS,ASO,CE,Federal Contract Tower,0,11,2,0,13,0,17,32,0,49,0,28,34,0,62,18,0,18,80
04/20/2013,OLV,MS,ASO,CE,Federal Contract Tower,0,5,13,0,18,0,9,130,4,143,0,14,143,4,161,190,0,190,351
04/21/2013,OLV,MS,ASO,CE,Federal Contract Tower,0,12,8,0,20,0,10,69,8,87,0,22,77,8,107,140,0,140,247
04/22/2013,OLV,MS,ASO,CE,Federal Contract Tower,0,14,13,0,27,0,18,124,0,142,0,32,137,0,169,160,0,160,329
04/23/2013,OLV,MS,ASO,CE,Federal Contract Tower,0,8,10,0,18,0,6,39,0,45,0,14,49,0,63,28,0,28,91
04/24/2013,OLV,MS,ASO,CE,Federal Contract Tower,0,16,10,0,26,0,10,39,0,49,0,26,49,0,75,132,0,132,207
04/25/2013,OLV,MS,ASO,CE,Federal Contract Tower,0,11,15,0,26,0,9,101,0,110,0,20,116,0,136,240,0,240,376
04/26/2013,OLV,MS,ASO,CE,Federal Contract Tower,0,16,2,0,18,0,2,50,0,52,0,18,52,0,70,58,0,58,128
04/27/2013,OLV,MS,ASO,CE,Federal Contract Tower,0,4,0,0,4,0,0,7,0,7,0,4,7,0,11,0,0,0,11
04/28/2013,OLV,MS,ASO,CE,Federal Contract Tower,0,10,3,0,13,0,2,47,0,49,0,12,50,0,62,208,0,208,270
04/29/2013,OLV,MS,ASO,CE,Federal Contract Tower,0,16,13,0,29,0,8,96,0,104,0,24,109,0,133,180,0,180,313
04/30/2013,OLV,MS,ASO,CE,Federal Contract Tower,0,11,1,0,12,0,15,98,1,114,0,26,99,1,126,142,0,142,268
05/01/2013,OLV,MS,ASO,CE,Federal Contract Tower,0,13,2,0,15,0,10,54,0,64,0,23,56,0,79,122,0,122,201
05/02/2013,OLV,MS,ASO,CE,Federal Contract Tower,0,17,13,0,30,0,0,18,0,18,0,17,31,0,48,16,0,16,64
05/03/2013,OLV,MS,ASO,CE,Federal Contract Tower,0,11,1,0,12,0,0,0,0,0,0,11,1,0,12,0,0,0,12
05/04/2013,OLV,MS,ASO,CE,Federal Contract Tower,0,6,3,0,9,0,6,51,4,61,0,12,54,4,70,100,2,102,172
05/05/2013,OLV,MS,ASO,CE,Federal Contract Tower,0,13,2,0,15,0,1,24,0,25,0,14,26,0,40,56,0,56,96
05/06/2013,OLV,MS,ASO,CE,Federal Contract Tower,0,11,11,0,22,0,0,19,0,19,0,11,30,0,41,132,0,132,173
05/07/2013,OLV,MS,ASO,CE,Federal Contract Tower,0,12,13,3,28,0,12,91,0,103,0,24,104,3,131,152,0,152,283
05/08/2013,OLV,MS,ASO,CE,Federal Contract Tower,0,17,13,0,30,0,5,89,0,94,0,22,102,0,124,176,0,176,300
05/09/2013,OLV,MS,ASO,CE,Federal Contract Tower,0,14,10,0,24,0,8,62,0,70,0,22,72,0,94,60,0,60,154
05/10/2013,OLV,MS,ASO,CE,Federal Contract Tower,0,17,7,2,26,0,2,4,0,6,0,19,11,2,32,34,0,34,66
05/11/2013,OLV,MS,ASO,CE,Federal Contract Tower,0,13,8,0,21,0,5,66,0,71,0,18,74,0,92,210,0,210,302
05/12/2013,OLV,MS,ASO,CE,Federal Contract Tower,0,14,2,0,16,0,7,64,0,71,0,21,66,0,87,78,0,78,165
05/13/2013,OLV,MS,ASO,CE,Federal Contract Tower,0,18,5,0,23,0,13,95,0,108,0,31,100,0,131,90,0,90,221
05/14/2013,OLV,MS,ASO,CE,Federal Contract Tower,0,11,7,2,20,0,14,82,0,96,0,25,89,2,116,88,0,88,204
05/15/2013,OLV,MS,ASO,CE,Federal Contract Tower,0,13,7,0,20,0,5,75,0,80,0,18,82,0,100,106,0,106,206
05/16/2013,OLV,MS,ASO,CE,Federal Contract Tower,0,11,14,0,25,0,6,70,0,76,0,17,84,0,101,186,0,186,287
05/17/2013,OLV,MS,ASO,CE,Federal Contract Tower,0,3,21,2,26,0,0,6,0,6,0,3,27,2,32,22,0,22,54
05/18/2013,OLV,MS,ASO,CE,Federal Contract Tower,0,3,17,0,20,0,14,37,0,51,0,17,54,0,71,130,0,130,201
05/19/2013,OLV,MS,ASO,CE,Federal Contract Tower,0,12,12,1,25,0,8,59,2,69,0,20,71,3,94,54,4,58,152
05/20/2013,OLV,MS,ASO,CE,Federal Contract Tower,0,12,11,0,23,0,7,81,2,90,0,19,92,2,113,134,18,152,265
05/21/2013,OLV,MS,ASO,CE,Federal Contract Tower,0,9,5,0,14,0,0,0,0,0,0,9,5,0,14,30,0,30,44
05/22/2013,OLV,MS,ASO,CE,Federal Contract Tower,0,20,18,0,38,0,11,78,0,89,0,31,96,0,127,210,0,210,337
05/23/2013,OLV,MS,ASO,CE,Federal Contract Tower,0,17,7,0,24,0,5,100,4,109,0,22,107,4,133,208,20,228,361
05/24/2013,OLV,MS,ASO,CE,Federal Contract Tower,0,14,13,0,27,0,9,106,0,115,0,23,119,0,142,192,0,192,334
05/25/2013,OLV,MS,ASO,CE,Federal Contract Tower,0,4,16,0,20,0,11,93,5,109,0,15,109,5,129,150,0,150,279
05/26/2013,OLV,MS,ASO,CE,Federal Contract Tower,0,5,5,0,10,0,3,72,2,77,0,8,77,2,87,206,0,206,293
05/27/2013,OLV,MS,ASO,CE,Federal Contract Tower,0,8,6,0,14,0,9,67,2,78,0,17,73,2,92,68,0,68,160
05/28/2013,OLV,MS,ASO,CE,Federal Contract Tower,0,17,9,0,26,0,5,77,2,84,0,22,86,2,110,102,4,106,216
05/29/2013,OLV,MS,ASO,CE,Federal Contract Tower,0,16,14,0,30,0,8,86,2,96,0,24,100,2,126,196,0,196,322
05/30/2013,OLV,MS,ASO,CE,Federal Contract Tower,0,24,9,0,33,0,1,28,0,29,0,25,37,0,62,38,0,38,100
05/31/2013,OLV,MS,ASO,CE,Federal Contract Tower,0,14,25,0,39,0,1,37,0,38,0,15,62,0,77,86,0,86,163
06/01/2013,OLV,MS,ASO,CE,Federal Contract Tower,0,4,6,0,10,0,3,6,0,9,0,7,12,0,19,0,0,0,19
06/02/2013,OLV,MS,ASO,CE,Federal Contract Tower,0,14,7,0,21,0,4,79,3,86,0,18,86,3,107,134,0,134,241
06/03/2013,OLV,MS,ASO,CE,Federal Contract Tower,0,14,12,0,26,0,3,94,0,97,0,17,106,0,123,224,0,224,347
06/04/2013,OLV,MS,ASO,CE,Federal Contract Tower,0,9,18,0,27,0,5,104,0,109,0,14,122,0,136,144,0,144,280
06/05/2013,OLV,MS,ASO,CE,Federal Contract Tower,0,28,7,0,35,0,2,58,0,60,0,30,65,0,95,150,0,150,245
06/06/2013,OLV,MS,ASO,CE,Federal Contract Tower,0,27,15,0,42,0,1,74,0,75,0,28,89,0,117,130,0,130,247
06/07/2013,OLV,MS,ASO,CE,Federal Contract Tower,0,24,13,0,37,0,7,94,2,103,0,31,107,2,140,200,2,202,342
06/08/2013,OLV,MS,ASO,CE,Federal Contract Tower,0,3,9,0,12,0,5,96,0,101,0,8,105,0,113,142,0,142,255
06/09/2013,OLV,MS,ASO,CE,Federal Contract Tower,0,19,5,0,24,0,4,30,1,35,0,23,35,1,59,28,0,28,87
06/10/2013,OLV,MS,ASO,CE,Federal Contract Tower,0,13,14,0,27,0,2,55,0,57,0,15,69,0,84,92,0,92,176
06/11/2013,OLV,MS,ASO,CE,Federal Contract Tower,0,14,12,0,26,0,14,74,0,88,0,28,86,0,114,130,0,130,244
06/12/2013,OLV,MS,ASO,CE,Federal Contract Tower,0,23,9,0,32,0,4,56,0,60,0,27,65,0,92,92,0,92,184
06/13/2013,OLV,MS,ASO,CE,Federal Contract Tower,0,14,13,0,27,0,10,35,0,45,0,24,48,0,72,32,0,32,104
06/14/2013,OLV,MS,ASO,CE,Federal Contract Tower,0,11,11,0,22,0,12,104,0,116,0,23,115,0,138,174,0,174,312
06/15/2013,OLV,MS,ASO,CE,Federal Contract Tower,0,8,4,0,12,0,8,65,2,75,0,16,69,2,87,120,8,128,215
06/16/2013,OLV,MS,ASO,CE,Federal Contract Tower,0,13,12,0,25,0,5,59,2,66,0,18,71,2,91,42,0,42,133
06/17/2013,OLV,MS,ASO,CE,Federal Contract Tower,0,8,5,0,13,0,0,22,0,22,0,8,27,0,35,48,0,48,83
06/18/2013,OLV,MS,ASO,CE,Federal Contract Tower,0,15,17,0,32,0,7,40,0,47,0,22,57,0,79,72,0,72,151
06/19/2013,OLV,MS,ASO,CE,Federal Contract Tower,0,18,13,0,31,0,3,83,0,86,0,21,96,0,117,100,0,100,217
06/20/2013,OLV,MS,ASO,CE,Federal Contract Tower,0,17,21,0,38,0,5,97,0,102,0,22,118,0,140,116,0,116,256
06/21/2013,OLV,MS,ASO,CE,Federal Contract Tower,0,16,10,0,26,0,4,93,0,97,0,20,103,0,123,218,0,218,341
06/22/2013,OLV,MS,ASO,CE,Federal Contract Tower,0,11,5,0,16,0,1,80,2,83,0,12,85,2,99,136,0,136,235
06/23/2013,OLV,MS,ASO,CE,Federal Contract Tower,0,13,8,0,21,0,2,62,2,66,0,15,70,2,87,80,0,80,167
06/24/2013,OLV,MS,ASO,CE,Federal Contract Tower,0,10,18,0,28,0,10,77,0,87,0,20,95,0,115,124,0,124,239
06/25/2013,OLV,MS,ASO,CE,Federal Contract Tower,0,19,24,0,43,0,6,74,2,82,0,25,98,2,125,130,4,134,259
06/26/2013,OLV,MS,ASO,CE,Federal Contract Tower,0,13,20,2,35,0,4,70,0,74,0,17,90,2,109,92,0,92,201
06/27/2013,OLV,MS,ASO,CE,Federal Contract Tower,0,19,22,0,41,0,9,74,2,85,0,28,96,2,126,90,0,90,216
06/28/2013,OLV,MS,ASO,CE,Federal Contract Tower,0,11,10,0,21,0,6,69,4,79,0,17,79,4,100,116,8,124,224
06/29/2013,OLV,MS,ASO,CE,Federal Contract Tower,0,13,10,0,23,0,1,108,0,109,0,14,118,0,132,102,0,102,234
06/30/2013,OLV,MS,ASO,CE,Federal Contract Tower,0,5,11,0,16,0,0,67,0,67,0,5,78,0,83,88,0,88,171
07/01/2013,OLV,MS,ASO,CE,Federal Contract Tower,0,14,19,0,33,0,2,32,0,34,0,16,51,0,67,108,0,108,175
07/02/2013,OLV,MS,ASO,CE,Federal Contract Tower,0,19,32,0,51,0,5,74,2,81,0,24,106,2,132,152,8,160,292
07/03/2013,OLV,MS,ASO,CE,Federal Contract Tower,0,10,10,0,20,0,9,87,4,100,0,19,97,4,120,284,0,284,404
07/04/2013,OLV,MS,ASO,CE,Federal Contract Tower,0,6,3,2,11,0,2,32,2,36,0,8,35,4,47,104,0,104,151
07/05/2013,OLV,MS,ASO,CE,Federal Contract Tower,0,8,17,0,25,0,0,21,0,21,0,8,38,0,46,46,0,46,92
07/06/2013,OLV,MS,ASO,CE,Federal Contract Tower,0,15,18,0,33,0,2,36,0,38,0,17,54,0,71,78,0,78,149
07/07/2013,OLV,MS,ASO,CE,Federal Contract Tower,0,10,21,0,31,0,8,53,0,61,0,18,74,0,92,136,0,136,228
07/08/2013,OLV,MS,ASO,CE,Federal Contract Tower,0,12,25,0,37,0,2,43,0,45,0,14,68,0,82,80,0,80,162
07/09/2013,OLV,MS,ASO,CE,Federal Contract Tower,0,19,18,0,37,0,10,95,0,105,0,29,113,0,142,134,0,134,276
07/10/2013,OLV,MS,ASO,CE,Federal Contract Tower,0,16,13,3,32,0,3,98,0,101,0,19,111,3,133,218,0,218,351
07/11/2013,OLV,MS,ASO,CE,Federal Contract Tower,0,21,14,0,35,0,7,78,1,86,0,28,92,1,121,204,0,204,325
07/12/2013,OLV,MS,ASO,CE,Federal Contract Tower,0,11,9,0,20,0,5,80,0,85,0,16,89,0,105,164,0,164,269
07/13/2013,OLV,MS,ASO,CE,Federal Contract Tower,0,13,4,0,17,0,5,91,0,96,0,18,95,0,113,70,0,70,183
07/14/2013,OLV,MS,ASO,CE,Federal Contract Tower,0,14,2,0,16,0,0,91,0,91,0,14,93,0,107,98,0,98,205
07/15/2013,OLV,MS,ASO,CE,Federal Contract Tower,0,25,7,0,32,0,9,52,0,61,0,34,59,0,93,194,0,194,287
07/16/2013,OLV,MS,ASO,CE,Federal Contract Tower,0,19,9,0,28,0,3,87,0,90,0,22,96,0,118,236,0,236,354
07/17/2013,OLV,MS,ASO,CE,Federal Contract Tower,0,11,21,0,32,0,7,106,0,113,0,18,127,0,145,171,0,171,316
07/18/2013,OLV,MS,ASO,CE,Federal Contract Tower,0,14,6,0,20,0,0,40,0,40,0,14,46,0,60,114,0,114,174
07/19/2013,OLV,MS,ASO,CE,Federal Contract Tower,0,16,11,0,27,0,3,65,0,68,0,19,76,0,95,184,0,184,279
07/20/2013,OLV,MS,ASO,CE,Federal Contract Tower,0,10,6,0,16,0,1,93,0,94,0,11,99,0,110,160,0,160,270
07/21/2013,OLV,MS,ASO,CE,Federal Contract Tower,0,4,8,0,12,0,6,46,2,54,0,10,54,2,66,52,4,56,122
07/22/2013,OLV,MS,ASO,CE,Federal Contract Tower,0,5,4,0,9,0,3,16,0,19,0,8,20,0,28,20,0,20,48
07/23/2013,OLV,MS,ASO,CE,Federal Contract Tower,0,23,0,0,23,0,3,29,0,32,0,26,29,0,55,64,0,64,119
07/24/2013,OLV,MS,ASO,CE,Federal Contract Tower,0,23,6,0,29,0,2,67,0,69,0,25,73,0,98,136,0,136,234
07/25/2013,OLV,MS,ASO,CE,Federal Contract Tower,0,14,30,1,45,0,7,122,2,131,0,21,152,3,176,196,6,202,378
07/26/2013,OLV,MS,ASO,CE,Federal Contract Tower,0,9,13,0,22,0,7,90,4,101,0,16,103,4,123,146,0,146,269
07/27/2013,OLV,MS,ASO,CE,Federal Contract Tower,0,10,10,0,20,0,1,43,2,46,0,11,53,2,66,68,0,68,134
07/28/2013,OLV,MS,ASO,CE,Federal Contract Tower,0,5,8,0,13,0,3,80,0,83,0,8,88,0,96,178,0,178,274
07/29/2013,OLV,MS,ASO,CE,Federal Contract Tower,0,20,9,1,30,0,9,94,7,110,0,29,103,8,140,158,4,162,302
07/30/2013,OLV,MS,ASO,CE,Federal Contract Tower,0,23,12,0,35,0,11,71,0,82,0,34,83,0,117,100,0,100,217
07/31/2013,OLV,MS,ASO,CE,Federal Contract Tower,0,16,7,0,23,0,5,24,0,29,0,21,31,0,52,58,0,58,110
08/01/2013,OLV,MS,ASO,CE,Federal Contract Tower,0,23,19,0,42,0,11,140,0,151,0,34,159,0,193,314,0,314,507
08/02/2013,OLV,MS,ASO,CE,Federal Contract Tower,0,10,10,0,20,0,9,85,0,94,0,19,95,0,114,164,0,164,278
08/03/2013,OLV,MS,ASO,CE,Federal Contract Tower,0,11,2,0,13,0,0,21,0,21,0,11,23,0,34,42,0,42,76
08/04/2013,OLV,MS,ASO,CE,Federal Contract Tower,0,14,4,0,18,0,4,73,0,77,0,18,77,0,95,130,0,130,225
08/05/2013,OLV,MS,ASO,CE,Federal Contract Tower,0,5,6,0,11,0,0,25,0,25,0,5,31,0,36,58,0,58,94
08/06/2013,OLV,MS,ASO,CE,Federal Contract Tower,0,13,13,0,26,0,17,89,1,107,0,30,102,1,133,216,0,216,349
08/07/2013,OLV,MS,ASO,CE,Federal Contract Tower,0,8,4,0,12,0,9,112,0,121,0,17,116,0,133,202,0,202,335
08/08/2013,OLV,MS,ASO,CE,Federal Contract Tower,0,15,18,0,33,0,2,84,0,86,0,17,102,0,119,116,0,116,235
08/09/2013,OLV,MS,ASO,CE,Federal Contract Tower,0,7,4,0,11,0,0,94,0,94,0,7,98,0,105,110,0,110,215
08/10/2013,OLV,MS,ASO,CE,Federal Contract Tower,0,11,10,4,25,0,0,90,0,90,0,11,100,4,115,166,0,166,281
08/11/2013,OLV,MS,ASO,CE,Federal Contract Tower,0,7,12,0,19,0,2,30,6,38,0,9,42,6,57,28,4,32,89
08/12/2013,OLV,MS,ASO,CE,Federal Contract Tower,0,15,12,0,27,0,2,55,0,57,0,17,67,0,84,76,0,76,160
08/13/2013,OLV,MS,ASO,CE,Federal Contract Tower,0,26,7,0,33,0,4,32,0,36,0,30,39,0,69,118,0,118,187
08/14/2013,OLV,MS,ASO,CE,Federal Contract Tower,0,21,15,2,38,0,11,80,2,93,0,32,95,4,131,140,0,140,271
08/15/2013,OLV,MS,ASO,CE,Federal Contract Tower,0,31,16,0,47,0,12,109,0,121,0,43,125,0,168,158,0,158,326
08/16/2013,OLV,MS,ASO,CE,Federal Contract Tower,0,14,14,0,28,0,3,51,0,54,0,17,65,0,82,72,0,72,154
08/17/2013,OLV,MS,ASO,CE,Federal Contract Tower,0,6,9,0,15,0,2,38,0,40,0,8,47,0,55,68,0,68,123
08/18/2013,OLV,MS,ASO,CE,Federal Contract Tower,0,13,9,0,22,0,1,33,2,36,0,14,42,2,58,40,0,40,98
08/19/2013,OLV,MS,ASO,CE,Federal Contract Tower,0,15,8,0,23,0,11,44,0,55,0,26,52,0,78,62,0,62,140
08/20/2013,OLV,MS,ASO,CE,Federal Contract Tower,0,25,17,0,42,0,5,43,0,48,0,30,60,0,90,58,0,58,148
08/21/2013,OLV,MS,ASO,CE,Federal Contract Tower,0,22,10,0,32,0,8,66,0,74,0,30,76,0,106,140,0,140,246
08/22/2013,OLV,MS,ASO,CE,Federal Contract Tower,0,22,13,0,35,0,10,76,0,86,0,32,89,0,121,112,0,112,233
08/23/2013,OLV,MS,ASO,CE,Federal Contract Tower,0,19,14,0,33,0,9,67,3,79,0,28,81,3,112,116,0,116,228
08/24/2013,OLV,MS,ASO,CE,Federal Contract Tower,0,5,9,0,14,0,13,73,0,86,0,18,82,0,100,66,0,66,166
08/25/2013,OLV,MS,ASO,CE,Federal Contract Tower,0,16,18,0,34,0,2,51,2,55,0,18,69,2,89,30,0,30,119
08/26/2013,OLV,MS,ASO,CE,Federal Contract Tower,0,15,14,1,30,0,11,61,0,72,0,26,75,1,102,92,0,92,194
08/27/2013,OLV,MS,ASO,CE,Federal Contract Tower,0,14,10,1,25,0,5,86,0,91,0,19,96,1,116,168,0,168,284
08/28/2013,OLV,MS,ASO,CE,Federal Contract Tower,0,20,5,0,25,0,4,85,4,93,0,24,90,4,118,112,10,122,240
08/29/2013,OLV,MS,ASO,CE,Federal Contract Tower,0,17,16,0,33,0,5,84,0,89,0,22,100,0,122,110,0,110,232
08/30/2013,OLV,MS,ASO,CE,Federal Contract Tower,0,17,10,0,27,0,12,94,0,106,0,29,104,0,133,54,0,54,187
08/31/2013,OLV,MS,ASO,CE,Federal Contract Tower,0,10,9,0,19,0,3,93,2,98,0,13,102,2,117,80,14,94,211
09/01/2013,OLV,MS,ASO,CE,Federal Contract Tower,0,5,0,0,5,0,11,38,0,49,0,16,38,0,54,40,0,40,94
09/02/2013,OLV,MS,ASO,CE,Federal Contract Tower,0,12,13,6,31,0,3,21,2,26,0,15,34,8,57,18,8,26,83
09/03/2013,OLV,MS,ASO,CE,Federal Contract Tower,0,15,4,0,19,0,6,65,0,71,0,21,69,0,90,118,0,118,208
09/04/2013,OLV,MS,ASO,CE,Federal Contract Tower,0,13,24,0,37,0,11,79,0,90,0,24,103,0,127,90,0,90,217
09/05/2013,OLV,MS,ASO,CE,Federal Contract Tower,0,13,12,0,25,0,7,61,0,68,0,20,73,0,93,96,0,96,189
09/06/2013,OLV,MS,ASO,CE,Federal Contract Tower,0,21,11,0,32,0,16,52,0,68,0,37,63,0,100,70,0,70,170
09/07/2013,OLV,MS,ASO,CE,Federal Contract Tower,0,5,1,1,7,0,15,77,1,93,0,20,78,2,100,68,0,68,168
09/08/2013,OLV,MS,ASO,CE,Federal Contract Tower,0,18,5,0,23,0,0,40,2,42,0,18,45,2,65,2,4,6,71
09/09/2013,OLV,MS,ASO,CE,Federal Contract Tower,0,14,6,0,20,0,3,41,4,48,0,17,47,4,68,82,8,90,158
09/10/2013,OLV,MS,ASO,CE,Federal Contract Tower,0,19,12,0,31,0,11,45,0,56,0,30,57,0,87,102,0,102,189
09/11/2013,OLV,MS,ASO,CE,Federal Contract Tower,0,13,12,0,25,0,10,73,0,83,0,23,85,0,108,78,0,78,186
09/12/2013,OLV,MS,ASO,CE,Federal Contract Tower,0,34,11,0,45,0,4,58,3,65,0,38,69,3,110,110,0,110,220
09/13/2013,OLV,MS,ASO,CE,Federal Contract Tower,0,33,10,0,43,0,9,52,0,61,0,42,62,0,104,70,0,70,174
09/14/2013,OLV,MS,ASO,CE,Federal Contract Tower,0,8,8,1,17,0,14,102,1,117,0,22,110,2,134,108,0,108,242
09/15/2013,OLV,MS,ASO,CE,Federal Contract Tower,0,15,2,0,17,0,9,95,0,104,0,24,97,0,121,86,0,86,207
09/16/2013,OLV,MS,ASO,CE,Federal Contract Tower,0,16,10,0,26,0,16,74,0,90,0,32,84,0,116,84,0,84,200
09/17/2013,OLV,MS,ASO,CE,Federal Contract Tower,0,15,10,0,25,0,4,67,1,72,0,19,77,1,97,86,0,86,183
09/18/2013,OLV,MS,ASO,CE,Federal Contract Tower,0,20,17,0,37,0,12,43,3,58,0,32,60,3,95,112,0,112,207
09/19/2013,OLV,MS,ASO,CE,Federal Contract Tower,0,19,14,0,33,0,5,74,0,79,0,24,88,0,112,168,0,168,280
09/20/2013,OLV,MS,ASO,CE,Federal Contract Tower,0,15,2,0,17,0,0,4,0,4,0,15,6,0,21,16,0,16,37
09/21/2013,OLV,MS,ASO,CE,Federal Contract Tower,0,3,6,0,9,0,2,52,0,54,0,5,58,0,63,76,0,76,139
09/22/2013,OLV,MS,ASO,CE,Federal Contract Tower,0,11,11,0,22,0,13,66,2,81,0,24,77,2,103,88,12,100,203
09/23/2013,OLV,MS,ASO,CE,Federal Contract Tower,0,8,10,0,18,0,12,76,0,88,0,20,86,0,106,88,0,88,194
09/24/2013,OLV,MS,ASO,CE,Federal Contract Tower,0,13,5,0,18,0,0,7,2,9,0,13,12,2,27,24,0,24,51
09/25/2013,OLV,MS,ASO,CE,Federal Contract Tower,0,17,5,0,22,0,14,32,0,46,0,31,37,0,68,92,0,92,160
09/26/2013,OLV,MS,ASO,CE,Federal Contract Tower,0,28,15,0,43,0,26,78,3,107,0,54,93,3,150,176,0,176,326
09/27/2013,OLV,MS,ASO,CE,Federal Contract Tower,0,14,12,0,26,0,7,107,0,114,0,21,119,0,140,186,0,186,326
09/28/2013,OLV,MS,ASO,CE,Federal Contract Tower,0,6,4,0,10,0,19,55,0,74,0,25,59,0,84,52,0,52,136
09/29/2013,OLV,MS,ASO,CE,Federal Contract Tower,0,17,12,0,29,0,6,10,0,16,0,23,22,0,45,12,0,12,57
09/30/2013,OLV,MS,ASO,CE,Federal Contract Tower,0,6,9,0,15,0,1,4,0,5,0,7,13,0,20,28,0,28,48
10/01/2013,OLV,MS,ASO,CE,Federal Contract Tower,0,16,13,0,29,0,9,50,0,59,0,25,63,0,88,114,0,114,202
10/02/2013,OLV,MS,ASO,CE,Federal Contract Tower,0,22,11,0,33,0,12,38,0,50,0,34,49,0,83,82,0,82,165
10/03/2013,OLV,MS,ASO,CE,Federal Contract Tower,0,25,13,0,38,0,34,83,0,117,0,59,96,0,155,146,0,146,301
10/04/2013,OLV,MS,ASO,CE,Federal Contract Tower,0,24,9,0,33,0,2,45,0,47,0,26,54,0,80,46,0,46,126
10/05/2013,OLV,MS,ASO,CE,Federal Contract Tower,0,10,6,0,16,0,18,43,0,61,0,28,49,0,77,150,0,150,227
10/06/2013,OLV,MS,ASO,CE,Federal Contract Tower,0,23,3,0,26,0,0,31,0,31,0,23,34,0,57,64,0,64,121
10/07/2013,OLV,MS,ASO,CE,Federal Contract Tower,0,15,6,0,21,0,4,75,2,81,0,19,81,2,102,130,12,142,244
10/08/2013,OLV,MS,ASO,CE,Federal Contract Tower,0,21,7,0,28,0,9,70,0,79,0,30,77,0,107,150,0,150,257
10/09/2013,OLV,MS,ASO,CE,Federal Contract Tower,0,28,13,0,41,0,31,40,0,71,0,59,53,0,112,108,0,108,220
10/10/2013,OLV,MS,ASO,CE,Federal Contract Tower,0,20,14,0,34,0,6,53,0,59,0,26,67,0,93,110,0,110,203
10/11/2013,OLV,MS,ASO,CE,Federal Contract Tower,0,25,8,0,33,0,12,80,0,92,0,37,88,0,125,126,0,126,251
10/12/2013,OLV,MS,ASO,CE,Federal Contract Tower,0,17,6,0,23,0,4,33,0,37,0,21,39,0,60,34,12,46,106
10/13/2013,OLV,MS,ASO,CE,Federal Contract Tower,0,25,20,0,45,0,10,38,0,48,0,35,58,0,93,50,0,50,143
10/14/2013,OLV,MS,ASO,CE,Federal Contract Tower,0,20,14,0,34,0,12,78,0,90,0,32,92,0,124,82,0,82,206
10/15/2013,OLV,MS,ASO,CE,Federal Contract Tower,0,7,5,0,12,0,5,33,0,38,0,12,38,0,50,104,0,104,154
10/16/2013,OLV,MS,ASO,CE,Federal Contract Tower,0,11,5,0,16,0,2,0,0,2,0,13,5,0,18,0,0,0,18
10/17/2013,OLV,MS,ASO,CE,Federal Contract Tower,0,28,13,0,41,0,7,47,0,54,0,35,60,0,95,82,0,82,177
10/18/2013,OLV,MS,ASO,CE,Federal Contract Tower,0,25,14,0,39,0,3,62,5,70,0,28,76,5,109,122,14,136,245
10/19/2013,OLV,MS,ASO,CE,Federal Contract Tower,0,19,17,0,36,0,6,15,0,21,0,25,32,0,57,18,0,18,75
10/20/2013,OLV,MS,ASO,CE,Federal Contract Tower,0,13,10,0,23,0,5,82,0,87,0,18,92,0,110,140,0,140,250
10/21/2013,OLV,MS,ASO,CE,Federal Contract Tower,0,12,5,0,17,0,10,87,0,97,0,22,92,0,114,174,0,174,288
10/22/2013,OLV,MS,ASO,CE,Federal Contract Tower,0,21,10,0,31,0,7,60,0,67,0,28,70,0,98,52,0,52,150
10/23/2013,OLV,MS,ASO,CE,Federal Contract Tower,0,21,8,1,30,0,19,73,1,93,0,40,81,2,123,72,6,78,201
10/24/2013,OLV,MS,ASO,CE,Federal Contract Tower,0,18,14,0,32,0,9,73,3,85,0,27,87,3,117,88,2,90,207
10/25/2013,OLV,MS,ASO,CE,Federal Contract Tower,0,11,15,0,26,0,9,71,0,80,0,20,86,0,106,140,0,140,246
10/26/2013,OLV,MS,ASO,CE,Federal Contract Tower,0,5,5,0,10,0,9,48,0,57,0,14,53,0,67,76,0,76,143
10/27/2013,OLV,MS,ASO,CE,Federal Contract Tower,0,18,5,0,23,0,2,39,0,41,0,20,44,0,64,66,0,66,130
10/28/2013,OLV,MS,ASO,CE,Federal Contract Tower,0,12,7,0,19,0,1,35,0,36,0,13,42,0,55,34,0,34,89
10/29/2013,OLV,MS,ASO,CE,Federal Contract Tower,0,9,22,0,31,0,7,58,0,65,0,16,80,0,96,48,0,48,144
10/30/2013,OLV,MS,ASO,CE,Federal Contract Tower,0,22,23,0,45,0,22,60,0,82,0,44,83,0,127,80,0,80,207
10/31/2013,OLV,MS,ASO,CE,Federal Contract Tower,0,8,1,0,9,0,0,0,0,0,0,8,1,0,9,0,0,0,9
11/01/2013,OLV,MS,ASO,CE,Federal Contract Tower,0,13,14,0,27,0,13,51,0,64,0,26,65,0,91,44,0,44,135
11/02/2013,OLV,MS,ASO,CE,Federal Contract Tower,0,7,9,0,16,0,11,45,0,56,0,18,54,0,72,66,0,66,138
11/03/2013,OLV,MS,ASO,CE,Federal Contract Tower,0,8,5,0,13,0,8,52,0,60,0,16,57,0,73,86,0,86,159
11/04/2013,OLV,MS,ASO,CE,Federal Contract Tower,0,21,13,0,34,0,5,64,0,69,0,26,77,0,103,60,0,60,163
11/05/2013,OLV,MS,ASO,CE,Federal Contract Tower,0,14,20,0,34,0,6,61,0,67,0,20,81,0,101,62,0,62,163
11/06/2013,OLV,MS,ASO,CE,Federal Contract Tower,0,18,3,0,21,0,1,5,0,6,0,19,8,0,27,0,0,0,27
11/07/2013,OLV,MS,ASO,CE,Federal Contract Tower,0,23,12,0,35,0,14,78,2,94,0,37,90,2,129,76,0,76,205
11/08/2013,OLV,MS,ASO,CE,Federal Contract Tower,0,13,13,0,26,0,16,91,0,107,0,29,104,0,133,68,0,68,201
11/09/2013,OLV,MS,ASO,CE,Federal Contract Tower,0,7,7,1,15,0,7,43,3,53,0,14,50,4,68,60,0,60,128
11/10/2013,OLV,MS,ASO,CE,Federal Contract Tower,0,11,3,0,14,0,6,58,3,67,0,17,61,3,81,100,6,106,187
11/11/2013,OLV,MS,ASO,CE,Federal Contract Tower,0,12,14,0,26,0,5,93,0,98,0,17,107,0,124,114,0,114,238
11/12/2013,OLV,MS,ASO,CE,Federal Contract Tower,0,5,6,0,11,0,4,15,0,19,0,9,21,0,30,40,0,40,70
11/13/2013,OLV,MS,ASO,CE,Federal Contract Tower,0,12,16,0,28,0,25,93,0,118,0,37,109,0,146,56,0,56,202
11/14/2013,OLV,MS,ASO,CE,Federal Contract Tower,0,13,13,0,26,0,29,84,1,114,0,42,97,1,140,116,0,116,256
11/15/2013,OLV,MS,ASO,CE,Federal Contract Tower,0,17,7,0,24,0,8,54,0,62,0,25,61,0,86,78,0,78,164
11/16/2013,OLV,MS,ASO,CE,Federal Contract Tower,0,3,8,0,11,0,0,0,0,0,0,3,8,0,11,0,0,0,11
11/17/2013,OLV,MS,ASO,CE,Federal Contract Tower,0,7,2,0,9,0,0,6,0,6,0,7,8,0,15,2,0,2,17
11/18/2013,OLV,MS,ASO,CE,Federal Contract Tower,0,12,7,0,19,0,8,59,0,67,0,20,66,0,86,90,0,90,176
11/19/2013,OLV,MS,ASO,CE,Federal Contract Tower,0,10,8,0,18,0,7,83,0,90,0,17,91,0,108,116,0,116,224
11/20/2013,OLV,MS,ASO,CE,Federal Contract Tower,0,13,12,0,25,0,15,77,0,92,0,28,89,0,117,166,0,166,283
11/21/2013,OLV,MS,ASO,CE,Federal Contract Tower,0,14,16,0,30,0,2,32,0,34,0,16,48,0,64,112,0,112,176
11/22/2013,OLV,MS,ASO,CE,Federal Contract Tower,0,13,4,0,17,0,0,0,0,0,0,13,4,0,17,0,0,0,17
11/23/2013,OLV,MS,ASO,CE,Federal Contract Tower,0,7,8,0,15,0,7,8,0,15,0,14,16,0,30,8,0,8,38
11/24/2013,OLV,MS,ASO,CE,Federal Contract Tower,0,7,3,0,10,0,8,47,3,58,0,15,50,3,68,28,6,34,102
11/25/2013,OLV,MS,ASO,CE,Federal Contract Tower,0,10,0,0,10,0,0,2,0,2,0,10,2,0,12,8,0,8,20
11/26/2013,OLV,MS,ASO,CE,Federal Contract Tower,0,15,0,0,15,0,0,6,0,6,0,15,6,0,21,6,0,6,27
11/27/2013,OLV,MS,ASO,CE,Federal Contract Tower,0,13,10,0,23,0,3,41,0,44,0,16,51,0,67,58,0,58,125
11/28/2013,OLV,MS,ASO,CE,Federal Contract Tower,0,0,6,0,6,0,6,4,0,10,0,6,10,0,16,26,0,26,42
11/29/2013,OLV,MS,ASO,CE,Federal Contract Tower,0,11,12,0,23,0,9,72,0,81,0,20,84,0,104,166,0,166,270
11/30/2013,OLV,MS,ASO,CE,Federal Contract Tower,0,8,8,0,16,0,12,51,0,63,0,20,59,0,79,114,0,114,193
12/01/2013,OLV,MS,ASO,CE,Federal Contract Tower,0,17,8,0,25,0,9,38,0,47,0,26,46,0,72,96,0,96,168
12/02/2013,OLV,MS,ASO,CE,Federal Contract Tower,0,11,2,0,13,0,2,9,0,11,0,13,11,0,24,46,0,46,70
12/03/2013,OLV,MS,ASO,CE,Federal Contract Tower,0,9,1,0,10,0,0,0,0,0,0,9,1,0,10,0,0,0,10
12/04/2013,OLV,MS,ASO,CE,Federal Contract Tower,0,15,11,0,26,0,6,16,0,22,0,21,27,0,48,20,0,20,68
12/05/2013,OLV,MS,ASO,CE,Federal Contract Tower,0,13,2,0,15,0,0,0,0,0,0,13,2,0,15,0,0,0,15
12/06/2013,OLV,MS,ASO,CE,Federal Contract Tower,0,3,0,0,3,0,0,0,0,0,0,3,0,0,3,0,0,0,3
12/07/2013,OLV,MS,ASO,CE,Federal Contract Tower,0,5,1,0,6,0,3,4,0,7,0,8,5,0,13,8,0,8,21
12/08/2013,OLV,MS,ASO,CE,Federal Contract Tower,0,4,0,0,4,0,0,0,0,0,0,4,0,0,4,0,0,0,4
12/09/2013,OLV,MS,ASO,CE,Federal Contract Tower,0,12,0,0,12,0,0,18,0,18,0,12,18,0,30,44,0,44,74
12/10/2013,OLV,MS,ASO,CE,Federal Contract Tower,0,14,11,0,25,0,5,70,2,77,0,19,81,2,102,124,0,124,226
12/11/2013,OLV,MS,ASO,CE,Federal Contract Tower,0,17,8,1,26,0,9,78,4,91,0,26,86,5,117,112,8,120,237
12/12/2013,OLV,MS,ASO,CE,Federal Contract Tower,0,18,21,1,40,0,6,66,0,72,0,24,87,1,112,146,0,146,258
12/13/2013,OLV,MS,ASO,CE,Federal Contract Tower,0,20,10,0,30,0,5,44,0,49,0,25,54,0,79,68,0,68,147
12/14/2013,OLV,MS,ASO,CE,Federal Contract Tower,0,5,5,0,10,0,0,0,2,2,0,5,5,2,12,0,0,0,12
12/15/2013,OLV,MS,ASO,CE,Federal Contract Tower,0,8,6,0,14,0,6,32,0,38,0,14,38,0,52,120,0,120,172
12/16/2013,OLV,MS,ASO,CE,Federal Contract Tower,0,15,15,0,30,0,2,40,0,42,0,17,55,0,72,44,0,44,116
12/17/2013,OLV,MS,ASO,CE,Federal Contract Tower,0,12,14,0,26,0,2,66,0,68,0,14,80,0,94,144,0,144,238
12/18/2013,OLV,MS,ASO,CE,Federal Contract Tower,0,17,13,3,33,0,1,59,0,60,0,18,72,3,93,168,0,168,261
12/19/2013,OLV,MS,ASO,CE,Federal Contract Tower,0,16,21,0,37,0,3,34,0,37,0,19,55,0,74,128,0,128,202
12/20/2013,OLV,MS,ASO,CE,Federal Contract Tower,0,9,5,0,14,0,2,8,0,10,0,11,13,0,24,10,0,10,34
12/21/2013,OLV,MS,ASO,CE,Federal Contract Tower,0,2,2,0,4,0,0,0,0,0,0,2,2,0,4,0,0,0,4
12/22/2013,OLV,MS,ASO,CE,Federal Contract Tower,0,4,16,0,20,0,0,15,0,15,0,4,31,0,35,76,0,76,111
12/23/2013,OLV,MS,ASO,CE,Federal Contract Tower,0,11,11,0,22,0,4,45,0,49,0,15,56,0,71,132,0,132,203
12/24/2013,OLV,MS,ASO,CE,Federal Contract Tower,0,4,12,0,16,0,7,48,0,55,0,11,60,0,71,58,0,58,129
12/25/2013,OLV,MS,ASO,CE,Federal Contract Tower,0,2,1,0,3,0,2,18,0,20,0,4,19,0,23,6,0,6,29
12/26/2013,OLV,MS,ASO,CE,Federal Contract Tower,0,9,13,0,22,0,27,68,0,95,0,36,81,0,117,114,0,114,231
12/27/2013,OLV,MS,ASO,CE,Federal Contract Tower,0,13,15,2,30,0,7,96,0,103,0,20,111,2,133,160,0,160,293
12/28/2013,OLV,MS,ASO,CE,Federal Contract Tower,0,7,5,0,12,0,9,75,7,91,0,16,80,7,103,204,26,230,333
12/29/2013,OLV,MS,ASO,CE,Federal Contract Tower,0,10,8,0,18,0,2,48,0,50,0,12,56,0,68,66,0,66,134
12/30/2013,OLV,MS,ASO,CE,Federal Contract Tower,0,4,6,0,10,0,4,14,0,18,0,8,20,0,28,56,0,56,84
12/31/2013,OLV,MS,ASO,CE,Federal Contract Tower,0,11,16,2,29,0,9,64,0,73,0,20,80,2,102,142,0,142,244
01/01/2014,OLV,MS,ASO,CE,Federal Contract Tower,0,5,12,0,17,0,8,39,0,47,0,13,51,0,64,58,0,58,122
01/02/2014,OLV,MS,ASO,CE,Federal Contract Tower,0,12,7,0,19,0,4,3,0,7,0,16,10,0,26,6,0,6,32
01/03/2014,OLV,MS,ASO,CE,Federal Contract Tower,0,13,14,0,27,0,9,64,0,73,0,22,78,0,100,154,0,154,254
01/04/2014,OLV,MS,ASO,CE,Federal Contract Tower,0,8,14,0,22,0,14,46,0,60,0,22,60,0,82,38,0,38,120
01/05/2014,OLV,MS,ASO,CE,Federal Contract Tower,0,4,0,0,4,0,0,0,0,0,0,4,0,0,4,0,0,0,4
01/06/2014,OLV,MS,ASO,CE,Federal Contract Tower,0,8,7,0,15,0,0,8,0,8,0,8,15,0,23,12,0,12,35
01/07/2014,OLV,MS,ASO,CE,Federal Contract Tower,0,10,5,0,15,0,4,52,0,56,0,14,57,0,71,96,0,96,167
01/08/2014,OLV,MS,ASO,CE,Federal Contract Tower,0,18,14,0,32,0,1,65,0,66,0,19,79,0,98,160,0,160,258
01/09/2014,OLV,MS,ASO,CE,Federal Contract Tower,0,11,0,0,11,0,0,0,0,0,0,11,0,0,11,0,0,0,11
01/10/2014,OLV,MS,ASO,CE,Federal Contract Tower,0,4,8,0,12,0,0,12,0,12,0,4,20,0,24,22,0,22,46
01/11/2014,OLV,MS,ASO,CE,Federal Contract Tower,0,6,4,0,10,0,5,61,0,66,0,11,65,0,76,60,0,60,136
01/12/2014,OLV,MS,ASO,CE,Federal Contract Tower,0,9,9,0,18,0,6,70,2,78,0,15,79,2,96,152,2,154,250
01/13/2014,OLV,MS,ASO,CE,Federal Contract Tower,0,10,5,0,15,0,0,0,0,0,0,10,5,0,15,0,0,0,15
01/14/2014,OLV,MS,ASO,CE,Federal Contract Tower,0,10,17,0,27,0,8,41,0,49,0,18,58,0,76,64,0,64,140
01/15/2014,OLV,MS,ASO,CE,Federal Contract Tower,0,15,10,0,25,0,2,55,4,61,0,17,65,4,86,62,0,62,148
01/16/2014,OLV,MS,ASO,CE,Federal Contract Tower,0,9,5,0,14,0,6,38,0,44,0,15,43,0,58,68,0,68,126
01/17/2014,OLV,MS,ASO,CE,Federal Contract Tower,0,17,17,0,34,0,9,39,2,50,0,26,56,2,84,80,0,80,164
01/18/2014,OLV,MS,ASO,CE,Federal Contract Tower,0,3,2,0,5,0,2,26,0,28,0,5,28,0,33,22,0,22,55
01/19/2014,OLV,MS,ASO,CE,Federal Contract Tower,0,6,3,0,9,0,9,70,1,80,0,15,73,1,89,82,0,82,171
01/20/2014,OLV,MS,ASO,CE,Federal Contract Tower,0,21,13,0,34,0,8,68,2,78,0,29,81,2,112,122,6,128,240
01/21/2014,OLV,MS,ASO,CE,Federal Contract Tower,0,6,5,1,12,0,10,12,0,22,0,16,17,1,34,36,0,36,70
01/22/2014,OLV,MS,ASO,CE,Federal Contract Tower,0,19,8,0,27,0,16,69,0,85,0,35,77,0,112,132,0,132,244
01/23/2014,OLV,MS,ASO,CE,Federal Contract Tower,0,15,9,0,24,0,8,16,0,24,0,23,25,0,48,40,0,40,88
01/24/2014,OLV,MS,ASO,CE,Federal Contract Tower,0,4,9,0,13,0,9,78,0,87,0,13,87,0,100,114,0,114,214
01/25/2014,OLV,MS,ASO,CE,Federal Contract Tower,0,1,3,1,5,0,3,44,3,50,0,4,47,4,55,64,4,68,123
01/26/2014,OLV,MS,ASO,CE,Federal Contract Tower,0,6,3,0,9,0,3,37,0,40,0,9,40,0,49,86,0,86,135
01/27/2014,OLV,MS,ASO,CE,Federal Contract Tower,0,8,3,0,11,0,3,10,0,13,0,11,13,0,24,0,0,0,24
01/28/2014,OLV,MS,ASO,CE,Federal Contract Tower,0,6,2,0,8,0,10,52,0,62,0,16,54,0,70,32,0,32,102
01/29/2014,OLV,MS,ASO,CE,Federal Contract Tower,0,14,16,0,30,0,11,73,0,84,0,25,89,0,114,120,0,120,234
01/30/2014,OLV,MS,ASO,CE,Federal Contract Tower,0,13,13,0,26,0,8,11,0,19,0,21,24,0,45,30,0,30,75
01/31/2014,OLV,MS,ASO,CE,Federal Contract Tower,0,16,24,0,40,0,2,43,0,45,0,18,67,0,85,116,0,116,201
02/01/2014,OLV,MS,ASO,CE,Federal Contract Tower,0,6,2,2,10,0,6,21,0,27,0,12,23,2,37,50,0,50,87
02/02/2014,OLV,MS,ASO,CE,Federal Contract Tower,0,7,1,0,8,0,0,0,0,0,0,7,1,0,8,0,0,0,8
02/03/2014,OLV,MS,ASO,CE,Federal Contract Tower,0,11,2,0,13,0,0,0,0,0,0,11,2,0,13,0,0,0,13
02/04/2014,OLV,MS,ASO,CE,Federal Contract Tower,0,4,2,0,6,0,0,0,0,0,0,4,2,0,6,0,0,0,6
02/05/2014,OLV,MS,ASO,CE,Federal Contract Tower,0,12,0,0,12,0,0,3,0,3,0,12,3,0,15,10,0,10,25
02/06/2014,OLV,MS,ASO,CE,Federal Contract Tower,0,18,1,0,19,0,0,4,0,4,0,18,5,0,23,46,0,46,69
02/07/2014,OLV,MS,ASO,CE,Federal Contract Tower,0,6,8,0,14,0,0,32,0,32,0,6,40,0,46,90,0,90,136
02/08/2014,OLV,MS,ASO,CE,Federal Contract Tower,0,3,1,0,4,0,0,0,0,0,0,3,1,0,4,0,0,0,4
02/09/2014,OLV,MS,ASO,CE,Federal Contract Tower,0,10,1,0,11,0,2,9,0,11,0,12,10,0,22,50,0,50,72
02/10/2014,OLV,MS,ASO,CE,Federal Contract Tower,0,7,8,0,15,0,3,31,0,34,0,10,39,0,49,118,0,118,167
02/11/2014,OLV,MS,ASO,CE,Federal Contract Tower,0,7,3,0,10,0,3,34,0,37,0,10,37,0,47,54,0,54,101
02/12/2014,OLV,MS,ASO,CE,Federal Contract Tower,0,6,3,0,9,0,0,0,0,0,0,6,3,0,9,0,0,0,9
02/13/2014,OLV,MS,ASO,CE,Federal Contract Tower,0,6,15,0,21,0,9,68,0,77,0,15,83,0,98,138,0,138,236
02/14/2014,OLV,MS,ASO,CE,Federal Contract Tower,0,9,8,0,17,0,8,33,0,41,0,17,41,0,58,36,0,36,94
02/15/2014,OLV,MS,ASO,CE,Federal Contract Tower,0,5,10,0,15,0,5,72,0,77,0,10,82,0,92,228,0,228,320
02/16/2014,OLV,MS,ASO,CE,Federal Contract Tower,0,5,6,0,11,0,0,74,0,74,0,5,80,0,85,140,0,140,225
02/17/2014,OLV,MS,ASO,CE,Federal Contract Tower,0,12,6,0,18,0,5,30,0,35,0,17,36,0,53,60,0,60,113
02/18/2014,OLV,MS,ASO,CE,Federal Contract Tower,0,10,17,0,27,0,0,60,0,60,0,10,77,0,87,72,0,72,159
02/19/2014,OLV,MS,ASO,CE,Federal Contract Tower,0,16,16,0,32,0,3,46,0,49,0,19,62,0,81,62,0,62,143
02/20/2014,OLV,MS,ASO,CE,Federal Contract Tower,0,8,0,0,8,0,2,1,0,3,0,10,1,0,11,0,0,0,11
02/21/2014,OLV,MS,ASO,CE,Federal Contract Tower,0,14,9,0,23,0,12,67,0,79,0,26,76,0,102,110,0,110,212
02/22/2014,OLV,MS,ASO,CE,Federal Contract Tower,0,5,4,0,9,0,12,87,2,101,0,17,91,2,110,172,0,172,282
02/23/2014,OLV,MS,ASO,CE,Federal Contract Tower,0,12,6,0,18,0,2,51,0,53,0,14,57,0,71,100,0,100,171
02/24/2014,OLV,MS,ASO,CE,Federal Contract Tower,0,10,19,0,29,0,2,56,0,58,0,12,75,0,87,112,0,112,199
02/25/2014,OLV,MS,ASO,CE,Federal Contract Tower,0,11,6,0,17,0,5,59,0,64,0,16,65,0,81,120,0,120,201
02/26/2014,OLV,MS,ASO,CE,Federal Contract Tower,0,11,6,0,17,0,11,55,0,66,0,22,61,0,83,60,0,60,143
02/27/2014,OLV,MS,ASO,CE,Federal Contract Tower,0,10,18,0,28,0,11,64,0,75,0,21,82,0,103,52,0,52,155
02/28/2014,OLV,MS,ASO,CE,Federal Contract Tower,0,12,3,0,15,0,4,58,0,62,0,16,61,0,77,116,0,116,193
03/01/2014,OLV,MS,ASO,CE,Federal Contract Tower,0,4,6,0,10,0,2,83,0,85,0,6,89,0,95,102,0,102,197
03/02/2014,OLV,MS,ASO,CE,Federal Contract Tower,0,7,3,0,10,0,0,0,0,0,0,7,3,0,10,0,0,0,10
03/03/2014,OLV,MS,ASO,CE,Federal Contract Tower,0,2,0,0,2,0,0,0,0,0,0,2,0,0,2,0,0,0,2
03/04/2014,OLV,MS,ASO,CE,Federal Contract Tower,0,14,3,0,17,0,0,1,0,1,0,14,4,0,18,0,0,0,18
03/05/2014,OLV,MS,ASO,CE,Federal Contract Tower,0,7,9,0,16,0,0,0,0,0,0,7,9,0,16,0,0,0,16
03/06/2014,OLV,MS,ASO,CE,Federal Contract Tower,0,7,2,0,9,0,7,9,0,16,0,14,11,0,25,6,0,6,31
03/07/2014,OLV,MS,ASO,CE,Federal Contract Tower,0,11,19,0,30,0,4,94,0,98,0,15,113,0,128,138,0,138,266
03/08/2014,OLV,MS,ASO,CE,Federal Contract Tower,0,4,6,0,10,0,0,62,0,62,0,4,68,0,72,78,0,78,150
03/09/2014,OLV,MS,ASO,CE,Federal Contract Tower,0,5,8,0,13,0,0,19,0,19,0,5,27,0,32,26,0,26,58
03/10/2014,OLV,MS,ASO,CE,Federal Contract Tower,0,12,16,0,28,0,3,47,0,50,0,15,63,0,78,130,0,130,208
03/11/2014,OLV,MS,ASO,CE,Federal Contract Tower,0,10,11,0,21,0,15,66,0,81,0,25,77,0,102,80,0,80,182
03/12/2014,OLV,MS,ASO,CE,Federal Contract Tower,0,11,8,0,19,0,7,4,0,11,0,18,12,0,30,2,0,2,32
03/13/2014,OLV,MS,ASO,CE,Federal Contract Tower,0,9,16,1,26,0,8,87,4,99,0,17,103,5,125,84,4,88,213
03/14/2014,OLV,MS,ASO,CE,Federal Contract Tower,0,15,14,0,29,0,9,46,0,55,0,24,60,0,84,36,0,36,120
03/15/2014,OLV,MS,ASO,CE,Federal Contract Tower,0,9,11,0,20,0,6,56,2,64,0,15,67,2,84,130,12,142,226
03/16/2014,OLV,MS,ASO,CE,Federal Contract Tower,0,8,3,0,11,0,0,0,0,0,0,8,3,0,11,0,0,0,11
03/17/2014,OLV,MS,ASO,CE,Federal Contract Tower,0,8,19,0,27,0,2,50,2,54,0,10,69,2,81,136,18,154,235
03/18/2014,OLV,MS,ASO,CE,Federal Contract Tower,0,18,14,0,32,0,8,45,0,53,0,26,59,0,85,122,0,122,207
03/19/2014,OLV,MS,ASO,CE,Federal Contract Tower,0,12,9,1,22,0,2,20,5,27,0,14,29,6,49,18,4,22,71
03/20/2014,OLV,MS,ASO,CE,Federal Contract Tower,0,18,22,0,40,0,11,76,0,87,0,29,98,0,127,92,0,92,219
03/21/2014,OLV,MS,ASO,CE,Federal Contract Tower,0,9,6,0,15,0,0,68,0,68,0,9,74,0,83,44,0,44,127
03/22/2014,OLV,MS,ASO,CE,Federal Contract Tower,0,2,15,0,17,0,2,50,0,52,0,4,65,0,69,58,0,58,127
03/23/2014,OLV,MS,ASO,CE,Federal Contract Tower,0,8,5,0,13,0,1,28,0,29,0,9,33,0,42,42,0,42,84
03/24/2014,OLV,MS,ASO,CE,Federal Contract Tower,0,13,18,0,31,0,2,58,0,60,0,15,76,0,91,118,0,118,209
03/25/2014,OLV,MS,ASO,CE,Federal Contract Tower,0,15,3,0,18,0,6,16,0,22,0,21,19,0,40,12,0,12,52
03/26/2014,OLV,MS,ASO,CE,Federal Contract Tower,0,11,20,1,32,0,2,77,2,81,0,13,97,3,113,116,6,122,235
03/27/2014,OLV,MS,ASO,CE,Federal Contract Tower,0,13,5,0,18,0,0,4,0,4,0,13,9,0,22,0,0,0,22
03/28/2014,OLV,MS,ASO,CE,Federal Contract Tower,0,10,5,0,15,0,0,7,0,7,0,10,12,0,22,24,0,24,46
03/29/2014,OLV,MS,ASO,CE,Federal Contract Tower,0,3,6,0,9,0,0,9,0,9,0,3,15,0,18,0,0,0,18
03/30/2014,OLV,MS,ASO,CE,Federal Contract Tower,0,6,19,0,25,0,2,92,0,94,0,8,111,0,119,174,0,174,293
03/31/2014,OLV,MS,ASO,CE,Federal Contract Tower,0,9,10,0,19,0,3,43,0,46,0,12,53,0,65,94,0,94,159
04/01/2014,OLV,MS,ASO,CE,Federal Contract Tower,0,8,17,0,25,0,4,52,2,58,0,12,69,2,83,158,0,158,241
04/02/2014,OLV,MS,ASO,CE,Federal Contract Tower,0,25,7,0,32,0,0,29,2,31,0,25,36,2,63,86,0,86,149
04/03/2014,OLV,MS,ASO,CE,Federal Contract Tower,0,9,10,0,19,0,0,0,0,0,0,9,10,0,19,0,0,0,19
04/04/2014,OLV,MS,ASO,CE,Federal Contract Tower,0,9,8,0,17,0,1,30,0,31,0,10,38,0,48,24,0,24,72
04/05/2014,OLV,MS,ASO,CE,Federal Contract Tower,0,12,10,0,22,0,8,68,0,76,0,20,78,0,98,96,0,96,194
04/06/2014,OLV,MS,ASO,CE,Federal Contract Tower,0,12,13,0,25,0,4,32,0,36,0,16,45,0,61,76,0,76,137
04/07/2014,OLV,MS,ASO,CE,Federal Contract Tower,0,11,6,0,17,0,2,3,0,5,0,13,9,0,22,2,0,2,24
04/08/2014,OLV,MS,ASO,CE,Federal Contract Tower,0,15,3,0,18,0,2,22,0,24,0,17,25,0,42,34,0,34,76
04/09/2014,OLV,MS,ASO,CE,Federal Contract Tower,0,12,8,0,20,0,13,71,0,84,0,25,79,0,104,144,0,144,248
04/10/2014,OLV,MS,ASO,CE,Federal Contract Tower,0,23,10,0,33,0,5,38,0,43,0,28,48,0,76,30,0,30,106
04/11/2014,OLV,MS,ASO,CE,Federal Contract Tower,0,8,11,0,19,0,6,43,0,49,0,14,54,0,68,96,0,96,164
04/12/2014,OLV,MS,ASO,CE,Federal Contract Tower,0,3,8,0,11,0,4,37,5,46,0,7,45,5,57,54,0,54,111
04/13/2014,OLV,MS,ASO,CE,Federal Contract Tower,0,5,8,0,13,0,0,7,0,7,0,5,15,0,20,0,0,0,20
04/14/2014,OLV,MS,ASO,CE,Federal Contract Tower,0,13,4,0,17,0,0,0,0,0,0,13,4,0,17,0,0,0,17
04/15/2014,OLV,MS,ASO,CE,Federal Contract Tower,0,8,3,0,11,0,27,13,0,40,0,35,16,0,51,44,0,44,95
04/16/2014,OLV,MS,ASO,CE,Federal Contract Tower,0,18,10,0,28,0,15,66,2,83,0,33,76,2,111,168,0,168,279
04/17/2014,OLV,MS,ASO,CE,Federal Contract Tower,0,23,6,0,29,0,7,66,0,73,0,30,72,0,102,108,0,108,210
04/18/2014,OLV,MS,ASO,CE,Federal Contract Tower,0,19,12,0,31,0,1,64,0,65,0,20,76,0,96,162,0,162,258
04/19/2014,OLV,MS,ASO,CE,Federal Contract Tower,0,10,10,0,20,0,7,75,0,82,0,17,85,0,102,154,2,156,258
04/20/2014,OLV,MS,ASO,CE,Federal Contract Tower,0,9,8,0,17,0,3,44,0,47,0,12,52,0,64,68,0,68,132
04/21/2014,OLV,MS,ASO,CE,Federal Contract Tower,0,22,9,0,31,0,1,18,0,19,0,23,27,0,50,22,0,22,72
04/22/2014,OLV,MS,ASO,CE,Federal Contract Tower,0,14,18,0,32,0,5,36,0,41,0,19,54,0,73,84,0,84,157
04/23/2014,OLV,MS,ASO,CE,Federal Contract Tower,0,18,7,1,26,0,12,77,2,91,0,30,84,3,117,150,4,154,271
04/24/2014,OLV,MS,ASO,CE,Federal Contract Tower,0,17,7,0,24,0,0,26,0,26,0,17,33,0,50,40,0,40,90
04/25/2014,OLV,MS,ASO,CE,Federal Contract Tower,0,14,5,0,19,0,11,75,2,88,0,25,80,2,107,134,6,140,247
04/26/2014,OLV,MS,ASO,CE,Federal Contract Tower,0,5,3,1,9,0,3,70,0,73,0,8,73,1,82,104,0,104,186
04/27/2014,OLV,MS,ASO,CE,Federal Contract Tower,0,4,6,0,10,0,0,1,0,1,0,4,7,0,11,0,0,0,11
04/28/2014,OLV,MS,ASO,CE,Federal Contract Tower,0,10,0,0,10,0,8,0,0,8,0,18,0,0,18,0,0,0,18
04/29/2014,OLV,MS,ASO,CE,Federal Contract Tower,0,8,5,0,13,0,4,27,0,31,0,12,32,0,44,70,0,70,114
04/30/2014,OLV,MS,ASO,CE,Federal Contract Tower,0,32,8,0,40,0,9,57,0,66,0,41,65,0,106,156,0,156,262
05/01/2014,OLV,MS,ASO,CE,Federal Contract Tower,0,13,15,0,28,0,1,34,2,37,0,14,49,2,65,82,0,82,147
05/02/2014,OLV,MS,ASO,CE,Federal Contract Tower,0,5,9,0,14,0,1,63,0,64,0,6,72,0,78,96,0,96,174
05/03/2014,OLV,MS,ASO,CE,Federal Contract Tower,0,4,6,2,12,0,18,82,0,100,0,22,88,2,112,142,0,142,254
05/04/2014,OLV,MS,ASO,CE,Federal Contract Tower,0,6,6,0,12,0,1,57,0,58,0,7,63,0,70,76,0,76,146
05/05/2014,OLV,MS,ASO,CE,Federal Contract Tower,0,11,6,1,18,0,6,40,2,48,0,17,46,3,66,56,10,66,132
05/06/2014,OLV,MS,ASO,CE,Federal Contract Tower,0,14,5,2,21,0,5,45,1,51,0,19,50,3,72,36,0,36,108
05/07/2014,OLV,MS,ASO,CE,Federal Contract Tower,0,17,3,0,20,0,9,34,0,43,0,26,37,0,63,48,0,48,111
05/08/2014,OLV,MS,ASO,CE,Federal Contract Tower,0,15,10,2,27,0,5,35,1,41,0,20,45,3,68,38,0,38,106
05/09/2014,OLV,MS,ASO,CE,Federal Contract Tower,0,14,4,0,18,0,4,10,0,14,0,18,14,0,32,38,0,38,70
05/10/2014,OLV,MS,ASO,CE,Federal Contract Tower,0,7,6,0,13,0,9,61,2,72,0,16,67,2,85,76,0,76,161
05/11/2014,OLV,MS,ASO,CE,Federal Contract Tower,0,4,16,0,20,0,0,18,0,18,0,4,34,0,38,46,0,46,84
05/12/2014,OLV,MS,ASO,CE,Federal Contract Tower,0,16,16,0,32,0,4,23,0,27,0,20,39,0,59,86,0,86,145
05/13/2014,OLV,MS,ASO,CE,Federal Contract Tower,0,15,8,0,23,0,7,6,0,13,0,22,14,0,36,30,0,30,66
05/14/2014,OLV,MS,ASO,CE,Federal Contract Tower,0,20,2,0,22,0,0,0,0,0,0,20,2,0,22,0,0,0,22
05/15/2014,OLV,MS,ASO,CE,Federal Contract Tower,0,20,10,0,30,0,14,75,2,91,0,34,85,2,121,136,0,136,257
05/16/2014,OLV,MS,ASO,CE,Federal Contract Tower,0,10,10,0,20,0,4,47,0,51,0,14,57,0,71,48,0,48,119
05/17/2014,OLV,MS,ASO,CE,Federal Contract Tower,0,6,16,0,22,0,2,8,0,10,0,8,24,0,32,48,0,48,80
05/18/2014,OLV,MS,ASO,CE,Federal Contract Tower,0,20,7,0,27,0,0,12,0,12,0,20,19,0,39,6,0,6,45
05/19/2014,OLV,MS,ASO,CE,Federal Contract Tower,0,13,7,0,20,0,13,45,0,58,0,26,52,0,78,96,0,96,174
05/20/2014,OLV,MS,ASO,CE,Federal Contract Tower,0,18,9,0,27,0,9,33,0,42,0,27,42,0,69,10,0,10,79
05/21/2014,OLV,MS,ASO,CE,Federal Contract Tower,0,17,10,0,27,0,12,49,0,61,0,29,59,0,88,68,0,68,156
05/22/2014,OLV,MS,ASO,CE,Federal Contract Tower,0,21,20,0,41,0,5,96,0,101,0,26,116,0,142,130,0,130,272
05/23/2014,OLV,MS,ASO,CE,Federal Contract Tower,0,12,11,0,23,0,1,59,0,60,0,13,70,0,83,148,0,148,231
05/24/2014,OLV,MS,ASO,CE,Federal Contract Tower,0,6,8,1,15,0,4,89,1,94,0,10,97,2,109,156,0,156,265
05/25/2014,OLV,MS,ASO,CE,Federal Contract Tower,0,7,7,0,14,0,2,53,0,55,0,9,60,0,69,60,0,60,129
05/26/2014,OLV,MS,ASO,CE,Federal Contract Tower,0,7,17,0,24,0,6,58,0,64,0,13,75,0,88,78,0,78,166
05/27/2014,OLV,MS,ASO,CE,Federal Contract Tower,0,21,3,0,24,0,2,36,0,38,0,23,39,0,62,86,0,86,148
05/28/2014,OLV,MS,ASO,CE,Federal Contract Tower,0,13,12,0,25,0,2,7,0,9,0,15,19,0,34,0,0,0,34
05/29/2014,OLV,MS,ASO,CE,Federal Contract Tower,0,14,15,0,29,0,2,6,0,8,0,16,21,0,37,10,0,10,47
05/30/2014,OLV,MS,ASO,CE,Federal Contract Tower,0,13,8,0,21,0,0,6,0,6,0,13,14,0,27,24,0,24,51
05/31/2014,OLV,MS,ASO,CE,Federal Contract Tower,0,8,7,0,15,0,2,41,0,43,0,10,48,0,58,78,0,78,136
06/01/2014,OLV,MS,ASO,CE,Federal Contract Tower,0,16,13,1,30,0,6,51,1,58,0,22,64,2,88,122,0,122,210
06/02/2014,OLV,MS,ASO,CE,Federal Contract Tower,0,21,15,0,36,0,6,15,0,21,0,27,30,0,57,36,0,36,93
06/03/2014,OLV,MS,ASO,CE,Federal Contract Tower,0,21,14,0,35,0,7,39,0,46,0,28,53,0,81,92,0,92,173
06/04/2014,OLV,MS,ASO,CE,Federal Contract Tower,0,17,23,0,40,0,5,52,0,57,0,22,75,0,97,88,2,90,187
06/05/2014,OLV,MS,ASO,CE,Federal Contract Tower,0,19,11,0,30,0,3,29,0,32,0,22,40,0,62,68,0,68,130
06/06/2014,OLV,MS,ASO,CE,Federal Contract Tower,0,10,10,0,20,0,2,24,0,26,0,12,34,0,46,54,0,54,100
06/07/2014,OLV,MS,ASO,CE,Federal Contract Tower,0,10,11,0,21,0,14,30,0,44,0,24,41,0,65,60,0,60,125
06/08/2014,OLV,MS,ASO,CE,Federal Contract Tower,0,24,8,0,32,0,2,61,0,63,0,26,69,0,95,44,0,44,139
06/09/2014,OLV,MS,ASO,CE,Federal Contract Tower,0,15,3,0,18,0,0,15,0,15,0,15,18,0,33,42,0,42,75
06/10/2014,OLV,MS,ASO,CE,Federal Contract Tower,0,17,8,2,27,0,2,3,0,5,0,19,11,2,32,0,0,0,32
06/11/2014,OLV,MS,ASO,CE,Federal Contract Tower,0,19,18,0,37,0,4,45,2,51,0,23,63,2,88,112,0,112,200
06/12/2014,OLV,MS,ASO,CE,Federal Contract Tower,0,9,9,0,18,0,5,62,2,69,0,14,71,2,87,136,0,136,223
06/13/2014,OLV,MS,ASO,CE,Federal Contract Tower,0,15,14,0,29,0,2,46,0,48,0,17,60,0,77,104,0,104,181
06/14/2014,OLV,MS,ASO,CE,Federal Contract Tower,0,13,5,0,18,0,11,74,2,87,0,24,79,2,105,100,0,100,205
06/15/2014,OLV,MS,ASO,CE,Federal Contract Tower,0,6,8,0,14,0,0,40,2,42,0,6,48,2,56,74,0,74,130
06/16/2014,OLV,MS,ASO,CE,Federal Contract Tower,0,14,8,0,22,0,0,52,0,52,0,14,60,0,74,136,0,136,210
06/17/2014,OLV,MS,ASO,CE,Federal Contract Tower,0,26,13,0,39,0,1,48,1,50,0,27,61,1,89,54,0,54,143
06/18/2014,OLV,MS,ASO,CE,Federal Contract Tower,0,15,9,0,24,0,4,58,0,62,0,19,67,0,86,220,0,220,306
06/19/2014,OLV,MS,ASO,CE,Federal Contract Tower,0,17,14,0,31,0,1,59,0,60,0,18,73,0,91,116,0,116,207
06/20/2014,OLV,MS,ASO,CE,Federal Contract Tower,0,16,6,4,26,0,8,61,2,71,0,24,67,6,97,100,4,104,201
06/21/2014,OLV,MS,ASO,CE,Federal Contract Tower,0,5,6,0,11,0,12,57,0,69,0,17,63,0,80,108,0,108,188
06/22/2014,OLV,MS,ASO,CE,Federal Contract Tower,0,9,9,0,18,0,2,55,0,57,0,11,64,0,75,90,0,90,165
06/23/2014,OLV,MS,ASO,CE,Federal Contract Tower,0,13,5,0,18,0,7,49,0,56,0,20,54,0,74,94,0,94,168
06/24/2014,OLV,MS,ASO,CE,Federal Contract Tower,0,16,17,0,33,0,2,2,0,4,0,18,19,0,37,0,0,0,37
06/25/2014,OLV,MS,ASO,CE,Federal Contract Tower,0,15,6,1,22,0,1,66,2,69,0,16,72,3,91,140,2,142,233
06/26/2014,OLV,MS,ASO,CE,Federal Contract Tower,0,12,21,0,33,0,0,31,0,31,0,12,52,0,64,78,0,78,142
06/27/2014,OLV,MS,ASO,CE,Federal Contract Tower,0,15,9,1,25,0,3,20,0,23,0,18,29,1,48,54,0,54,102
06/28/2014,OLV,MS,ASO,CE,Federal Contract Tower,0,15,4,0,19,0,0,22,2,24,0,15,26,2,43,70,6,76,119
06/29/2014,OLV,MS,ASO,CE,Federal Contract Tower,0,13,9,0,22,0,11,14,2,27,0,24,23,2,49,44,0,44,93
06/30/2014,OLV,MS,ASO,CE,Federal Contract Tower,0,13,20,0,33,0,6,55,3,64,0,19,75,3,97,122,4,126,223
07/01/2014,OLV,MS,ASO,CE,Federal Contract Tower,0,10,8,0,18,0,3,63,0,66,0,13,71,0,84,102,0,102,186
07/02/2014,OLV,MS,ASO,CE,Federal Contract Tower,0,17,15,0,32,0,2,63,0,65,0,19,78,0,97,198,0,198,295
07/03/2014,OLV,MS,ASO,CE,Federal Contract Tower,0,10,7,0,17,0,7,78,0,85,0,17,85,0,102,216,0,216,318
07/04/2014,OLV,MS,ASO,CE,Federal Contract Tower,0,4,3,0,7,0,3,60,0,63,0,7,63,0,70,90,0,90,160
07/05/2014,OLV,MS,ASO,CE,Federal Contract Tower,0,10,7,0,17,0,5,46,0,51,0,15,53,0,68,28,0,28,96
07/06/2014,OLV,MS,ASO,CE,Federal Contract Tower,0,8,5,0,13,0,10,38,1,49,0,18,43,1,62,52,0,52,114
07/07/2014,OLV,MS,ASO,CE,Federal Contract Tower,0,9,13,0,22,0,4,66,0,70,0,13,79,0,92,108,0,108,200
07/08/2014,OLV,MS,ASO,CE,Federal Contract Tower,0,17,6,0,23,0,8,48,0,56,0,25,54,0,79,120,0,120,199
07/09/2014,OLV,MS,ASO,CE,Federal Contract Tower,0,14,7,0,21,0,2,46,0,48,0,16,53,0,69,100,0,100,169
07/10/2014,OLV,MS,ASO,CE,Federal Contract Tower,0,11,12,0,23,0,2,69,0,71,0,13,81,0,94,106,0,106,200
07/11/2014,OLV,MS,ASO,CE,Federal Contract Tower,0,19,16,0,35,0,4,59,2,65,0,23,75,2,100,144,0,144,244
07/12/2014,OLV,MS,ASO,CE,Federal Contract Tower,0,8,8,1,17,0,9,65,2,76,0,17,73,3,93,134,6,140,233
07/13/2014,OLV,MS,ASO,CE,Federal Contract Tower,0,11,8,0,19,0,3,38,2,43,0,14,46,2,62,34,0,34,96
07/14/2014,OLV,MS,ASO,CE,Federal Contract Tower,0,12,5,0,17,0,2,23,0,25,0,14,28,0,42,38,0,38,80
07/15/2014,OLV,MS,ASO,CE,Federal Contract Tower,0,6,15,0,21,0,7,50,0,57,0,13,65,0,78,190,0,190,268
07/16/2014,OLV,MS,ASO,CE,Federal Contract Tower,0,11,14,0,25,0,3,55,0,58,0,14,69,0,83,160,0,160,243
07/17/2014,OLV,MS,ASO,CE,Federal Contract Tower,0,20,19,0,39,0,6,56,0,62,0,26,75,0,101,152,2,154,255
07/18/2014,OLV,MS,ASO,CE,Federal Contract Tower,0,17,8,0,25,0,0,0,0,0,0,17,8,0,25,0,0,0,25
07/19/2014,OLV,MS,ASO,CE,Federal Contract Tower,0,7,9,0,16,0,0,13,0,13,0,7,22,0,29,30,0,30,59
07/20/2014,OLV,MS,ASO,CE,Federal Contract Tower,0,19,4,0,23,0,10,40,0,50,0,29,44,0,73,94,0,94,167
07/21/2014,OLV,MS,ASO,CE,Federal Contract Tower,0,11,8,1,20,0,8,66,0,74,0,19,74,1,94,126,0,126,220
07/22/2014,OLV,MS,ASO,CE,Federal Contract Tower,0,7,5,0,12,0,10,58,0,68,0,17,63,0,80,126,0,126,206
07/23/2014,OLV,MS,ASO,CE,Federal Contract Tower,0,25,2,0,27,0,6,43,0,49,0,31,45,0,76,110,0,110,186
07/24/2014,OLV,MS,ASO,CE,Federal Contract Tower,0,12,18,0,30,0,2,56,0,58,0,14,74,0,88,80,0,80,168
07/25/2014,OLV,MS,ASO,CE,Federal Contract Tower,0,17,18,0,35,0,6,79,0,85,0,23,97,0,120,84,0,84,204
07/26/2014,OLV,MS,ASO,CE,Federal Contract Tower,0,7,16,0,23,0,3,59,0,62,0,10,75,0,85,78,0,78,163
07/27/2014,OLV,MS,ASO,CE,Federal Contract Tower,0,13,14,0,27,0,5,39,0,44,0,18,53,0,71,32,0,32,103
07/28/2014,OLV,MS,ASO,CE,Federal Contract Tower,0,9,5,2,16,0,3,60,0,63,0,12,65,2,79,106,0,106,185
07/29/2014,OLV,MS,ASO,CE,Federal Contract Tower,0,23,14,0,37,0,4,71,0,75,0,27,85,0,112,70,0,70,182
07/30/2014,OLV,MS,ASO,CE,Federal Contract Tower,0,9,17,1,27,0,3,58,1,62,0,12,75,2,89,82,0,82,171
07/31/2014,OLV,MS,ASO,CE,Federal Contract Tower,0,21,4,0,25,0,4,35,0,39,0,25,39,0,64,80,0,80,144
08/01/2014,OLV,MS,ASO,CE,Federal Contract Tower,0,10,6,0,16,0,4,65,0,69,0,14,71,0,85,72,0,72,157
08/02/2014,OLV,MS,ASO,CE,Federal Contract Tower,0,9,9,1,19,0,2,78,0,80,0,11,87,1,99,104,0,104,203
08/03/2014,OLV,MS,ASO,CE,Federal Contract Tower,0,13,15,0,28,0,1,65,2,68,0,14,80,2,96,144,12,156,252
08/04/2014,OLV,MS,ASO,CE,Federal Contract Tower,0,15,8,0,23,0,7,59,0,66,0,22,67,0,89,172,0,172,261
08/05/2014,OLV,MS,ASO,CE,Federal Contract Tower,0,15,6,0,21,0,3,65,2,70,0,18,71,2,91,116,4,120,211
08/06/2014,OLV,MS,ASO,CE,Federal Contract Tower,0,14,11,0,25,0,11,55,0,66,0,25,66,0,91,46,0,46,137
08/07/2014,OLV,MS,ASO,CE,Federal Contract Tower,0,14,9,0,23,0,3,37,0,40,0,17,46,0,63,72,0,72,135
08/08/2014,OLV,MS,ASO,CE,Federal Contract Tower,0,14,5,0,19,0,8,28,0,36,0,22,33,0,55,58,0,58,113
08/09/2014,OLV,MS,ASO,CE,Federal Contract Tower,0,11,2,3,16,0,1,7,0,8,0,12,9,3,24,0,0,0,24
08/10/2014,OLV,MS,ASO,CE,Federal Contract Tower,0,10,7,0,17,0,0,41,0,41,0,10,48,0,58,32,0,32,90
08/11/2014,OLV,MS,ASO,CE,Federal Contract Tower,0,11,7,0,18,0,0,45,0,45,0,11,52,0,63,102,0,102,165
08/12/2014,OLV,MS,ASO,CE,Federal Contract Tower,0,15,5,0,20,0,3,55,2,60,0,18,60,2,80,142,4,146,226
08/13/2014,OLV,MS,ASO,CE,Federal Contract Tower,0,25,8,0,33,0,0,78,0,78,0,25,86,0,111,100,0,100,211
08/14/2014,OLV,MS,ASO,CE,Federal Contract Tower,0,16,17,0,33,0,6,79,0,85,0,22,96,0,118,186,0,186,304
08/15/2014,OLV,MS,ASO,CE,Federal Contract Tower,0,16,10,0,26,0,5,64,1,70,0,21,74,1,96,78,0,78,174
08/16/2014,OLV,MS,ASO,CE,Federal Contract Tower,0,6,12,0,18,0,3,71,0,74,0,9,83,0,92,98,0,98,190
08/17/2014,OLV,MS,ASO,CE,Federal Contract Tower,0,8,6,0,14,0,4,19,2,25,0,12,25,2,39,10,12,22,61
08/18/2014,OLV,MS,ASO,CE,Federal Contract Tower,0,16,8,0,24,0,5,18,0,23,0,21,26,0,47,66,0,66,113
08/19/2014,OLV,MS,ASO,CE,Federal Contract Tower,0,22,13,0,35,0,7,71,0,78,0,29,84,0,113,108,0,108,221
08/20/2014,OLV,MS,ASO,CE,Federal Contract Tower,0,22,10,0,32,0,3,43,0,46,0,25,53,0,78,58,0,58,136
08/21/2014,OLV,MS,ASO,CE,Federal Contract Tower,0,15,14,0,29,0,10,47,0,57,0,25,61,0,86,68,0,68,154
08/22/2014,OLV,MS,ASO,CE,Federal Contract Tower,0,14,17,0,31,0,12,40,0,52,0,26,57,0,83,90,0,90,173
08/23/2014,OLV,MS,ASO,CE,Federal Contract Tower,0,7,10,0,17,0,2,74,4,80,0,9,84,4,97,128,0,128,225
08/24/2014,OLV,MS,ASO,CE,Federal Contract Tower,0,11,6,0,17,0,5,44,1,50,0,16,50,1,67,58,0,58,125
08/25/2014,OLV,MS,ASO,CE,Federal Contract Tower,0,12,11,0,23,0,4,42,0,46,0,16,53,0,69,62,0,62,131
08/26/2014,OLV,MS,ASO,CE,Federal Contract Tower,0,11,12,0,23,0,7,49,0,56,0,18,61,0,79,122,0,122,201
08/27/2014,OLV,MS,ASO,CE,Federal Contract Tower,0,23,9,0,32,0,7,51,0,58,0,30,60,0,90,36,0,36,126
08/28/2014,OLV,MS,ASO,CE,Federal Contract Tower,0,19,10,0,29,0,8,73,3,84,0,27,83,3,113,150,0,150,263
08/29/2014,OLV,MS,ASO,CE,Federal Contract Tower,0,13,9,0,22,0,0,58,2,60,0,13,67,2,82,76,8,84,166
08/30/2014,OLV,MS,ASO,CE,Federal Contract Tower,0,0,2,0,2,0,0,2,0,2,0,0,4,0,4,12,0,12,16
08/31/2014,OLV,MS,ASO,CE,Federal Contract Tower,0,4,5,0,9,0,2,10,2,14,0,6,15,2,23,6,8,14,37
09/01/2014,OLV,MS,ASO,CE,Federal Contract Tower,0,10,12,0,22,0,8,37,0,45,0,18,49,0,67,70,0,70,137
09/02/2014,OLV,MS,ASO,CE,Federal Contract Tower,0,6,5,0,11,0,4,18,0,22,0,10,23,0,33,26,0,26,59
09/03/2014,OLV,MS,ASO,CE,Federal Contract Tower,0,19,7,0,26,0,12,50,0,62,0,31,57,0,88,108,0,108,196
09/04/2014,OLV,MS,ASO,CE,Federal Contract Tower,0,18,4,0,22,0,2,63,0,65,0,20,67,0,87,90,0,90,177
09/05/2014,OLV,MS,ASO,CE,Federal Contract Tower,0,12,9,2,23,0,4,42,0,46,0,16,51,2,69,62,0,62,131
09/06/2014,OLV,MS,ASO,CE,Federal Contract Tower,0,10,8,0,18,0,2,26,0,28,0,12,34,0,46,26,0,26,72
09/07/2014,OLV,MS,ASO,CE,Federal Contract Tower,0,8,12,2,22,0,2,31,1,34,0,10,43,3,56,62,10,72,128
09/08/2014,OLV,MS,ASO,CE,Federal Contract Tower,0,11,19,0,30,0,1,58,2,61,0,12,77,2,91,80,0,80,171
09/09/2014,OLV,MS,ASO,CE,Federal Contract Tower,0,19,2,0,21,0,9,64,2,75,0,28,66,2,96,74,4,78,174
09/10/2014,OLV,MS,ASO,CE,Federal Contract Tower,0,27,7,0,34,0,6,52,0,58,0,33,59,0,92,72,0,72,164
09/11/2014,OLV,MS,ASO,CE,Federal Contract Tower,0,11,7,0,18,0,0,1,0,1,0,11,8,0,19,0,0,0,19
09/12/2014,OLV,MS,ASO,CE,Federal Contract Tower,0,11,10,0,21,0,0,0,0,0,0,11,10,0,21,0,0,0,21
09/13/2014,OLV,MS,ASO,CE,Federal Contract Tower,0,11,11,0,22,0,3,22,0,25,0,14,33,0,47,52,0,52,99
09/14/2014,OLV,MS,ASO,CE,Federal Contract Tower,0,9,6,0,15,0,9,80,0,89,0,18,86,0,104,84,0,84,188
09/15/2014,OLV,MS,ASO,CE,Federal Contract Tower,0,15,8,0,23,0,8,40,1,49,0,23,48,1,72,76,0,76,148
09/16/2014,OLV,MS,ASO,CE,Federal Contract Tower,0,29,20,0,49,0,13,19,0,32,0,42,39,0,81,42,0,42,123
09/17/2014,OLV,MS,ASO,CE,Federal Contract Tower,0,16,7,0,23,0,10,39,0,49,0,26,46,0,72,100,0,100,172
09/18/2014,OLV,MS,ASO,CE,Federal Contract Tower,0,19,9,0,28,0,1,43,0,44,0,20,52,0,72,22,0,22,94
09/19/2014,OLV,MS,ASO,CE,Federal Contract Tower,0,20,14,2,36,0,5,52,0,57,0,25,66,2,93,80,0,80,173
09/20/2014,OLV,MS,ASO,CE,Federal Contract Tower,0,2,9,2,13,0,6,57,1,64,0,8,66,3,77,44,2,46,123
09/21/2014,OLV,MS,ASO,CE,Federal Contract Tower,0,16,8,0,24,0,11,53,2,66,0,27,61,2,90,40,0,40,130
09/22/2014,OLV,MS,ASO,CE,Federal Contract Tower,0,14,13,2,29,0,4,47,2,53,0,18,60,4,82,56,0,56,138
09/23/2014,OLV,MS,ASO,CE,Federal Contract Tower,0,16,14,0,30,0,10,61,2,73,0,26,75,2,103,52,0,52,155
09/24/2014,OLV,MS,ASO,CE,Federal Contract Tower,0,31,8,0,39,0,5,40,0,45,0,36,48,0,84,76,0,76,160
09/25/2014,OLV,MS,ASO,CE,Federal Contract Tower,0,22,12,0,34,0,1,52,0,53,0,23,64,0,87,122,0,122,209
09/26/2014,OLV,MS,ASO,CE,Federal Contract Tower,0,20,6,0,26,0,5,57,0,62,0,25,63,0,88,82,0,82,170
09/27/2014,OLV,MS,ASO,CE,Federal Contract Tower,0,7,1,0,8,0,1,38,0,39,0,8,39,0,47,16,0,16,63
09/28/2014,OLV,MS,ASO,CE,Federal Contract Tower,0,17,3,0,20,0,11,34,0,45,0,28,37,0,65,22,0,22,87
09/29/2014,OLV,MS,ASO,CE,Federal Contract Tower,0,11,1,0,12,0,8,43,0,51,0,19,44,0,63,88,0,88,151
09/30/2014,OLV,MS,ASO,CE,Federal Contract Tower,0,25,7,0,32,0,9,66,0,75,0,34,73,0,107,64,0,64,171
10/01/2014,OLV,MS,ASO,CE,Federal Contract Tower,0,22,8,0,30,0,13,27,0,40,0,35,35,0,70,58,0,58,128
10/02/2014,OLV,MS,ASO,CE,Federal Contract Tower,0,9,10,0,19,0,2,2,1,5,0,11,12,1,24,8,0,8,32
10/03/2014,OLV,MS,ASO,CE,Federal Contract Tower,0,17,7,0,24,0,5,26,1,32,0,22,33,1,56,8,0,8,64
10/04/2014,OLV,MS,ASO,CE,Federal Contract Tower,0,3,7,0,10,0,9,29,0,38,0,12,36,0,48,28,0,28,76
10/05/2014,OLV,MS,ASO,CE,Federal Contract Tower,0,12,14,0,26,0,3,19,0,22,0,15,33,0,48,12,0,12,60
10/06/2014,OLV,MS,ASO,CE,Federal Contract Tower,0,2,2,0,4,0,6,33,0,39,0,8,35,0,43,86,0,86,129
10/07/2014,OLV,MS,ASO,CE,Federal Contract Tower,0,17,4,0,21,0,11,14,0,25,0,28,18,0,46,34,0,34,80
10/08/2014,OLV,MS,ASO,CE,Federal Contract Tower,0,25,14,0,39,0,0,11,0,11,0,25,25,0,50,10,0,10,60
10/09/2014,OLV,MS,ASO,CE,Federal Contract Tower,0,23,13,0,36,0,5,57,2,64,0,28,70,2,100,128,2,130,230
10/10/2014,OLV,MS,ASO,CE,Federal Contract Tower,0,8,6,0,14,0,0,3,0,3,0,8,9,0,17,20,0,20,37
10/11/2014,OLV,MS,ASO,CE,Federal Contract Tower,0,4,3,0,7,0,0,0,0,0,0,4,3,0,7,0,0,0,7
10/12/2014,OLV,MS,ASO,CE,Federal Contract Tower,0,17,10,0,27,0,0,11,0,11,0,17,21,0,38,16,0,16,54
10/13/2014,OLV,MS,ASO,CE,Federal Contract Tower,0,17,3,0,20,0,0,0,0,0,0,17,3,0,20,0,0,0,20
10/14/2014,OLV,MS,ASO,CE,Federal Contract Tower,0,19,6,0,25,0,11,7,0,18,0,30,13,0,43,18,0,18,61
10/15/2014,OLV,MS,ASO,CE,Federal Contract Tower,0,9,17,0,26,0,2,19,0,21,0,11,36,0,47,54,0,54,101
10/16/2014,OLV,MS,ASO,CE,Federal Contract Tower,0,13,7,0,20,0,4,70,0,74,0,17,77,0,94,90,0,90,184
10/17/2014,OLV,MS,ASO,CE,Federal Contract Tower,0,4,15,0,19,0,10,60,4,74,0,14,75,4,93,50,0,50,143
10/18/2014,OLV,MS,ASO,CE,Federal Contract Tower,0,5,1,0,6,0,13,59,0,72,0,18,60,0,78,34,0,34,112
10/19/2014,OLV,MS,ASO,CE,Federal Contract Tower,0,10,14,0,24,0,9,65,2,76,0,19,79,2,100,64,0,64,164
10/20/2014,OLV,MS,ASO,CE,Federal Contract Tower,0,15,15,0,30,0,9,33,0,42,0,24,48,0,72,56,0,56,128
10/21/2014,OLV,MS,ASO,CE,Federal Contract Tower,0,13,10,0,23,0,2,50,0,52,0,15,60,0,75,82,0,82,157
10/22/2014,OLV,MS,ASO,CE,Federal Contract Tower,0,19,8,0,27,0,3,42,0,45,0,22,50,0,72,62,0,62,134
10/23/2014,OLV,MS,ASO,CE,Federal Contract Tower,0,15,11,0,26,0,3,64,0,67,0,18,75,0,93,92,0,92,185
10/24/2014,OLV,MS,ASO,CE,Federal Contract Tower,0,18,13,0,31,0,5,66,2,73,0,23,79,2,104,96,0,96,200
10/25/2014,OLV,MS,ASO,CE,Federal Contract Tower,0,15,10,0,25,0,7,66,0,73,0,22,76,0,98,110,0,110,208
10/26/2014,OLV,MS,ASO,CE,Federal Contract Tower,0,20,7,0,27,0,4,37,0,41,0,24,44,0,68,70,0,70,138
10/27/2014,OLV,MS,ASO,CE,Federal Contract Tower,0,27,7,0,34,0,4,28,0,32,0,31,35,0,66,26,0,26,92
10/28/2014,OLV,MS,ASO,CE,Federal Contract Tower,0,15,11,0,26,0,2,6,0,8,0,17,17,0,34,0,0,0,34
10/29/2014,OLV,MS,ASO,CE,Federal Contract Tower,0,23,8,0,31,0,4,51,2,57,0,27,59,2,88,74,6,80,168
10/30/2014,OLV,MS,ASO,CE,Federal Contract Tower,0,15,9,0,24,0,6,73,0,79,0,21,82,0,103,122,0,122,225
10/31/2014,OLV,MS,ASO,CE,Federal Contract Tower,0,16,6,0,22,0,2,23,0,25,0,18,29,0,47,52,0,52,99
11/01/2014,OLV,MS,ASO,CE,Federal Contract Tower,0,7,4,0,11,0,2,43,0,45,0,9,47,0,56,28,0,28,84
11/02/2014,OLV,MS,ASO,CE,Federal Contract Tower,0,12,12,0,24,0,2,48,0,50,0,14,60,0,74,44,0,44,118
11/03/2014,OLV,MS,ASO,CE,Federal Contract Tower,0,7,10,0,17,0,6,55,0,61,0,13,65,0,78,66,0,66,144
11/04/2014,OLV,MS,ASO,CE,Federal Contract Tower,0,16,12,0,28,0,2,52,2,56,0,18,64,2,84,66,0,66,150
11/05/2014,OLV,MS,ASO,CE,Federal Contract Tower,0,16,7,0,23,0,0,0,0,0,0,16,7,0,23,0,0,0,23
11/06/2014,OLV,MS,ASO,CE,Federal Contract Tower,0,25,7,0,32,0,9,36,2,47,0,34,43,2,79,76,0,76,155
11/07/2014,OLV,MS,ASO,CE,Federal Contract Tower,0,13,7,0,20,0,10,72,0,82,0,23,79,0,102,96,0,96,198
11/08/2014,OLV,MS,ASO,CE,Federal Contract Tower,0,11,21,0,32,0,12,35,0,47,0,23,56,0,79,38,0,38,117
11/09/2014,OLV,MS,ASO,CE,Federal Contract Tower,0,9,7,0,16,0,8,52,0,60,0,17,59,0,76,122,0,122,198
11/10/2014,OLV,MS,ASO,CE,Federal Contract Tower,0,7,4,1,12,0,14,56,0,70,0,21,60,1,82,50,0,50,132
11/11/2014,OLV,MS,ASO,CE,Federal Contract Tower,0,19,13,0,32,0,1,1,0,2,0,20,14,0,34,0,0,0,34
11/12/2014,OLV,MS,ASO,CE,Federal Contract Tower,0,28,11,0,39,0,0,10,0,10,0,28,21,0,49,32,0,32,81
11/13/2014,OLV,MS,ASO,CE,Federal Contract Tower,0,13,10,0,23,0,2,30,0,32,0,15,40,0,55,10,0,10,65
11/14/2014,OLV,MS,ASO,CE,Federal Contract Tower,0,6,11,0,17,0,6,37,0,43,0,12,48,0,60,36,0,36,96
11/15/2014,OLV,MS,ASO,CE,Federal Contract Tower,0,7,5,0,12,0,3,32,0,35,0,10,37,0,47,64,0,64,111
11/16/2014,OLV,MS,ASO,CE,Federal Contract Tower,0,11,2,0,13,0,0,0,0,0,0,11,2,0,13,0,0,0,13
11/17/2014,OLV,MS,ASO,CE,Federal Contract Tower,0,8,2,0,10,0,2,30,0,32,0,10,32,0,42,12,0,12,54
11/18/2014,OLV,MS,ASO,CE,Federal Contract Tower,0,25,9,0,34,0,15,35,0,50,0,40,44,0,84,42,0,42,126
11/19/2014,OLV,MS,ASO,CE,Federal Contract Tower,0,10,1,0,11,0,14,15,0,29,0,24,16,0,40,12,0,12,52
11/20/2014,OLV,MS,ASO,CE,Federal Contract Tower,0,11,7,0,18,0,14,54,0,68,0,25,61,0,86,74,0,74,160
11/21/2014,OLV,MS,ASO,CE,Federal Contract Tower,0,16,6,0,22,0,2,9,0,11,0,18,15,0,33,22,0,22,55
11/22/2014,OLV,MS,ASO,CE,Federal Contract Tower,0,8,7,0,15,0,3,38,1,42,0,11,45,1,57,20,0,20,77
11/23/2014,OLV,MS,ASO,CE,Federal Contract Tower,0,12,4,0,16,0,0,0,0,0,0,12,4,0,16,0,0,0,16
11/24/2014,OLV,MS,ASO,CE,Federal Contract Tower,0,5,3,0,8,0,3,22,0,25,0,8,25,0,33,28,0,28,61
11/25/2014,OLV,MS,ASO,CE,Federal Contract Tower,0,12,5,0,17,0,8,66,2,76,0,20,71,2,93,118,0,118,211
11/26/2014,OLV,MS,ASO,CE,Federal Contract Tower,0,21,8,0,29,0,4,22,0,26,0,25,30,0,55,38,0,38,93
11/27/2014,OLV,MS,ASO,CE,Federal Contract Tower,0,3,5,0,8,0,7,14,0,21,0,10,19,0,29,10,0,10,39
11/28/2014,OLV,MS,ASO,CE,Federal Contract Tower,0,3,2,0,5,0,5,37,2,44,0,8,39,2,49,22,0,22,71
11/29/2014,OLV,MS,ASO,CE,Federal Contract Tower,0,6,7,0,13,0,0,11,0,11,0,6,18,0,24,2,0,2,26
11/30/2014,OLV,MS,ASO,CE,Federal Contract Tower,0,6,7,0,13,0,7,11,0,18,0,13,18,0,31,0,0,0,31
12/01/2014,OLV,MS,ASO,CE,Federal Contract Tower,0,11,2,0,13,0,0,0,0,0,0,11,2,0,13,0,0,0,13
12/02/2014,OLV,MS,ASO,CE,Federal Contract Tower,0,14,0,0,14,0,0,0,0,0,0,14,0,0,14,0,0,0,14
12/03/2014,OLV,MS,ASO,CE,Federal Contract Tower,0,11,3,0,14,0,2,10,0,12,0,13,13,0,26,54,0,54,80
12/04/2014,OLV,MS,ASO,CE,Federal Contract Tower,0,21,6,0,27,0,4,36,2,42,0,25,42,2,69,120,0,120,189
12/05/2014,OLV,MS,ASO,CE,Federal Contract Tower,0,16,1,0,17,0,0,0,0,0,0,16,1,0,17,0,0,0,17
12/06/2014,OLV,MS,ASO,CE,Federal Contract Tower,0,11,2,0,13,0,0,20,0,20,0,11,22,0,33,62,0,62,95
12/07/2014,OLV,MS,ASO,CE,Federal Contract Tower,0,16,7,0,23,0,4,20,0,24,0,20,27,0,47,64,0,64,111
12/08/2014,OLV,MS,ASO,CE,Federal Contract Tower,0,12,12,0,24,0,5,61,0,66,0,17,73,0,90,38,0,38,128
12/09/2014,OLV,MS,ASO,CE,Federal Contract Tower,0,14,18,0,32,0,2,44,0,46,0,16,62,0,78,64,0,64,142
12/10/2014,OLV,MS,ASO,CE,Federal Contract Tower,0,21,7,0,28,0,0,25,0,25,0,21,32,0,53,80,0,80,133
12/11/2014,OLV,MS,ASO,CE,Federal Contract Tower,0,13,14,0,27,0,6,51,0,57,0,19,65,0,84,110,0,110,194
12/12/2014,OLV,MS,ASO,CE,Federal Contract Tower,0,9,7,0,16,0,3,48,2,53,0,12,55,2,69,124,0,124,193
12/13/2014,OLV,MS,ASO,CE,Federal Contract Tower,0,8,10,0,18,0,0,20,0,20,0,8,30,0,38,68,0,68,106
12/14/2014,OLV,MS,ASO,CE,Federal Contract Tower,0,5,6,0,11,0,8,55,2,65,0,13,61,2,76,108,22,130,206
12/15/2014,OLV,MS,ASO,CE,Federal Contract Tower,0,6,1,0,7,0,2,0,0,2,0,8,1,0,9,0,0,0,9
12/16/2014,OLV,MS,ASO,CE,Federal Contract Tower,0,17,3,0,20,0,12,42,0,54,0,29,45,0,74,64,0,64,138
12/17/2014,OLV,MS,ASO,CE,Federal Contract Tower,0,15,7,2,24,0,2,32,2,36,0,17,39,4,60,122,10,132,192
12/18/2014,OLV,MS,ASO,CE,Federal Contract Tower,0,17,23,0,40,0,3,19,0,22,0,20,42,0,62,30,0,30,92
12/19/2014,OLV,MS,ASO,CE,Federal Contract Tower,0,11,4,0,15,0,4,32,0,36,0,15,36,0,51,82,0,82,133
12/20/2014,OLV,MS,ASO,CE,Federal Contract Tower,0,14,5,0,19,0,8,42,0,50,0,22,47,0,69,70,0,70,139
12/21/2014,OLV,MS,ASO,CE,Federal Contract Tower,0,8,8,0,16,0,3,66,4,73,0,11,74,4,89,64,14,78,167
12/22/2014,OLV,MS,ASO,CE,Federal Contract Tower,0,3,4,0,7,0,0,0,0,0,0,3,4,0,7,0,0,0,7
12/23/2014,OLV,MS,ASO,CE,Federal Contract Tower,0,12,3,0,15,0,0,0,0,0,0,12,3,0,15,0,0,0,15
12/24/2014,OLV,MS,ASO,CE,Federal Contract Tower,0,7,0,0,7,0,2,0,0,2,0,9,0,0,9,0,0,0,9
12/25/2014,OLV,MS,ASO,CE,Federal Contract Tower,0,5,0,0,5,0,8,21,0,29,0,13,21,0,34,6,0,6,40
12/26/2014,OLV,MS,ASO,CE,Federal Contract Tower,0,8,10,0,18,0,2,36,0,38,0,10,46,0,56,62,0,62,118
12/27/2014,OLV,MS,ASO,CE,Federal Contract Tower,0,9,0,0,9,0,0,0,0,0,0,9,0,0,9,0,0,0,9
12/28/2014,OLV,MS,ASO,CE,Federal Contract Tower,0,10,0,0,10,0,0,0,0,0,0,10,0,0,10,0,0,0,10
12/29/2014,OLV,MS,ASO,CE,Federal Contract Tower,0,6,3,0,9,0,0,0,0,0,0,6,3,0,9,0,0,0,9
12/30/2014,OLV,MS,ASO,CE,Federal Contract Tower,0,9,4,0,13,0,4,43,4,51,0,13,47,4,64,24,14,38,102
12/31/2014,OLV,MS,ASO,CE,Federal Contract Tower,0,11,5,1,17,0,12,39,2,53,0,23,44,3,70,90,6,96,166
01/01/2015,OLV,MS,ASO,CE,Federal Contract Tower,0,3,2,0,5,0,0,5,0,5,0,3,7,0,10,26,0,26,36
01/02/2015,OLV,MS,ASO,CE,Federal Contract Tower,0,12,3,0,15,0,0,0,0,0,0,12,3,0,15,0,0,0,15
01/03/2015,OLV,MS,ASO,CE,Federal Contract Tower,0,2,0,0,2,0,0,0,0,0,0,2,0,0,2,0,0,0,2
01/04/2015,OLV,MS,ASO,CE,Federal Contract Tower,0,6,0,0,6,0,1,13,0,14,0,7,13,0,20,20,0,20,40
01/05/2015,OLV,MS,ASO,CE,Federal Contract Tower,0,11,8,0,19,0,2,59,0,61,0,13,67,0,80,58,0,58,138
01/06/2015,OLV,MS,ASO,CE,Federal Contract Tower,0,10,10,0,20,0,8,83,0,91,0,18,93,0,111,114,0,114,225
01/07/2015,OLV,MS,ASO,CE,Federal Contract Tower,0,15,6,0,21,0,8,16,2,26,0,23,22,2,47,26,0,26,73
01/08/2015,OLV,MS,ASO,CE,Federal Contract Tower,0,10,4,0,14,0,4,61,0,65,0,14,65,0,79,36,0,36,115
01/09/2015,OLV,MS,ASO,CE,Federal Contract Tower,0,9,3,0,12,0,1,37,0,38,0,10,40,0,50,46,0,46,96
01/10/2015,OLV,MS,ASO,CE,Federal Contract Tower,0,4,3,0,7,0,2,40,0,42,0,6,43,0,49,24,0,24,73
01/11/2015,OLV,MS,ASO,CE,Federal Contract Tower,0,7,3,0,10,0,2,2,0,4,0,9,5,0,14,4,0,4,18
01/12/2015,OLV,MS,ASO,CE,Federal Contract Tower,0,8,0,0,8,0,0,0,0,0,0,8,0,0,8,0,0,0,8
01/13/2015,OLV,MS,ASO,CE,Federal Contract Tower,0,13,10,0,23,0,8,10,0,18,0,21,20,0,41,28,0,28,69
01/14/2015,OLV,MS,ASO,CE,Federal Contract Tower,0,10,5,0,15,0,11,62,0,73,0,21,67,0,88,54,0,54,142
01/15/2015,OLV,MS,ASO,CE,Federal Contract Tower,0,12,11,0,23,0,3,50,1,54,0,15,61,1,77,94,0,94,171
01/16/2015,OLV,MS,ASO,CE,Federal Contract Tower,0,20,9,0,29,0,6,68,2,76,0,26,77,2,105,64,4,68,173
01/17/2015,OLV,MS,ASO,CE,Federal Contract Tower,0,3,4,0,7,0,9,62,0,71,0,12,66,0,78,28,0,28,106
01/18/2015,OLV,MS,ASO,CE,Federal Contract Tower,0,8,2,0,10,0,7,42,0,49,0,15,44,0,59,66,0,66,125
01/19/2015,OLV,MS,ASO,CE,Federal Contract Tower,0,11,10,0,21,0,8,67,0,75,0,19,77,0,96,54,0,54,150
01/20/2015,OLV,MS,ASO,CE,Federal Contract Tower,0,12,9,0,21,0,7,57,0,64,0,19,66,0,85,96,0,96,181
01/21/2015,OLV,MS,ASO,CE,Federal Contract Tower,0,12,9,0,21,0,2,57,2,61,0,14,66,2,82,118,0,118,200
01/22/2015,OLV,MS,ASO,CE,Federal Contract Tower,0,9,12,0,21,0,2,50,0,52,0,11,62,0,73,102,0,102,175
01/23/2015,OLV,MS,ASO,CE,Federal Contract Tower,0,10,5,0,15,0,2,0,0,2,0,12,5,0,17,0,0,0,17
01/24/2015,OLV,MS,ASO,CE,Federal Contract Tower,0,5,6,0,11,0,6,66,2,74,0,11,72,2,85,80,4,84,169
01/25/2015,OLV,MS,ASO,CE,Federal Contract Tower,0,11,4,0,15,0,0,14,0,14,0,11,18,0,29,22,0,22,51
01/26/2015,OLV,MS,ASO,CE,Federal Contract Tower,0,4,10,0,14,0,4,55,0,59,0,8,65,0,73,54,0,54,127
01/27/2015,OLV,MS,ASO,CE,Federal Contract Tower,0,7,9,0,16,0,6,86,0,92,0,13,95,0,108,136,0,136,244
01/28/2015,OLV,MS,ASO,CE,Federal Contract Tower,0,24,14,0,38,0,8,90,2,100,0,32,104,2,138,258,0,258,396
01/29/2015,OLV,MS,ASO,CE,Federal Contract Tower,0,10,8,0,18,0,4,39,0,43,0,14,47,0,61,56,0,56,117
01/30/2015,OLV,MS,ASO,CE,Federal Contract Tower,0,11,10,0,21,0,6,62,2,70,0,17,72,2,91,116,8,124,215
01/31/2015,OLV,MS,ASO,CE,Federal Contract Tower,0,11,6,0,17,0,5,51,2,58,0,16,57,2,75,114,0,114,189
02/01/2015,OLV,MS,ASO,CE,Federal Contract Tower,0,7,2,0,9,0,0,0,0,0,0,7,2,0,9,0,0,0,9
02/02/2015,OLV,MS,ASO,CE,Federal Contract Tower,0,12,5,0,17,0,8,31,2,41,0,20,36,2,58,32,0,32,90
02/03/2015,OLV,MS,ASO,CE,Federal Contract Tower,0,6,8,0,14,0,8,67,0,75,0,14,75,0,89,182,0,182,271
02/04/2015,OLV,MS,ASO,CE,Federal Contract Tower,0,20,4,0,24,0,8,52,0,60,0,28,56,0,84,168,0,168,252
02/05/2015,OLV,MS,ASO,CE,Federal Contract Tower,0,10,9,0,19,0,2,57,0,59,0,12,66,0,78,86,0,86,164
02/06/2015,OLV,MS,ASO,CE,Federal Contract Tower,0,8,7,0,15,0,5,87,0,92,0,13,94,0,107,122,0,122,229
02/07/2015,OLV,MS,ASO,CE,Federal Contract Tower,0,6,7,1,14,0,16,37,3,56,0,22,44,4,70,26,0,26,96
02/08/2015,OLV,MS,ASO,CE,Federal Contract Tower,0,9,1,0,10,0,0,9,0,9,0,9,10,0,19,34,0,34,53
02/09/2015,OLV,MS,ASO,CE,Federal Contract Tower,0,19,8,0,27,0,3,14,0,17,0,22,22,0,44,42,0,42,86
02/10/2015,OLV,MS,ASO,CE,Federal Contract Tower,0,14,14,0,28,0,12,51,0,63,0,26,65,0,91,154,0,154,245
02/11/2015,OLV,MS,ASO,CE,Federal Contract Tower,0,9,5,0,14,0,20,87,0,107,0,29,92,0,121,184,0,184,305
02/12/2015,OLV,MS,ASO,CE,Federal Contract Tower,0,26,4,0,30,0,10,25,0,35,0,36,29,0,65,64,0,64,129
02/13/2015,OLV,MS,ASO,CE,Federal Contract Tower,0,14,13,0,27,0,5,75,0,80,0,19,88,0,107,150,0,150,257
02/14/2015,OLV,MS,ASO,CE,Federal Contract Tower,0,5,9,2,16,0,7,59,1,67,0,12,68,3,83,80,8,88,171
02/15/2015,OLV,MS,ASO,CE,Federal Contract Tower,0,10,8,0,18,0,6,21,0,27,0,16,29,0,45,26,0,26,71
02/16/2015,OLV,MS,ASO,CE,Federal Contract Tower,0,0,0,0,0,0,0,0,0,0,0,0,0,0,0,0,0,0,0
02/17/2015,OLV,MS,ASO,CE,Federal Contract Tower,0,2,0,0,2,0,2,0,0,2,0,4,0,0,4,0,0,0,4
02/18/2015,OLV,MS,ASO,CE,Federal Contract Tower,0,10,1,0,11,0,9,11,0,20,0,19,12,0,31,16,0,16,47
02/19/2015,OLV,MS,ASO,CE,Federal Contract Tower,0,16,10,0,26,0,12,28,0,40,0,28,38,0,66,18,0,18,84
02/20/2015,OLV,MS,ASO,CE,Federal Contract Tower,0,2,2,0,4,0,0,3,0,3,0,2,5,0,7,0,0,0,7
02/21/2015,OLV,MS,ASO,CE,Federal Contract Tower,0,6,0,0,6,0,0,0,0,0,0,6,0,0,6,0,0,0,6
02/22/2015,OLV,MS,ASO,CE,Federal Contract Tower,0,7,0,0,7,0,0,2,0,2,0,7,2,0,9,0,0,0,9
02/23/2015,OLV,MS,ASO,CE,Federal Contract Tower,0,7,0,0,7,0,0,10,0,10,0,7,10,0,17,36,0,36,53
02/24/2015,OLV,MS,ASO,CE,Federal Contract Tower,0,15,10,0,25,0,12,44,0,56,0,27,54,0,81,90,0,90,171
02/25/2015,OLV,MS,ASO,CE,Federal Contract Tower,0,10,2,0,12,0,4,11,0,15,0,14,13,0,27,94,0,94,121
02/26/2015,OLV,MS,ASO,CE,Federal Contract Tower,0,13,2,0,15,0,2,13,3,18,0,15,15,3,33,28,0,28,61
02/27/2015,OLV,MS,ASO,CE,Federal Contract Tower,0,15,3,0,18,0,25,33,7,65,0,40,36,7,83,64,0,64,147
02/28/2015,OLV,MS,ASO,CE,Federal Contract Tower,0,5,3,1,9,0,6,82,3,91,0,11,85,4,100,90,0,90,190
03/01/2015,OLV,MS,ASO,CE,Federal Contract Tower,0,3,2,0,5,0,0,0,0,0,0,3,2,0,5,0,0,0,5
03/02/2015,OLV,MS,ASO,CE,Federal Contract Tower,0,11,12,0,23,0,7,6,0,13,0,18,18,0,36,40,0,40,76
03/03/2015,OLV,MS,ASO,CE,Federal Contract Tower,0,5,4,0,9,0,0,0,0,0,0,5,4,0,9,0,0,0,9
03/04/2015,OLV,MS,ASO,CE,Federal Contract Tower,0,9,1,0,10,0,0,0,0,0,0,9,1,0,10,0,0,0,10
03/05/2015,OLV,MS,ASO,CE,Federal Contract Tower,0,0,0,0,0,0,0,0,0,0,0,0,0,0,0,0,0,0,0
03/06/2015,OLV,MS,ASO,CE,Federal Contract Tower,0,0,0,0,0,0,0,2,0,2,0,0,2,0,2,0,0,0,2
03/07/2015,OLV,MS,ASO,CE,Federal Contract Tower,0,7,1,0,8,0,9,63,5,77,0,16,64,5,85,64,0,64,149
03/08/2015,OLV,MS,ASO,CE,Federal Contract Tower,0,7,5,2,14,0,3,41,2,46,0,10,46,4,60,88,0,88,148
03/09/2015,OLV,MS,ASO,CE,Federal Contract Tower,0,19,4,0,23,0,0,0,0,0,0,19,4,0,23,0,0,0,23
03/10/2015,OLV,MS,ASO,CE,Federal Contract Tower,0,8,4,0,12,0,0,0,1,1,0,8,4,1,13,0,0,0,13
03/11/2015,OLV,MS,ASO,CE,Federal Contract Tower,0,24,13,0,37,0,0,22,0,22,0,24,35,0,59,48,0,48,107
03/12/2015,OLV,MS,ASO,CE,Federal Contract Tower,0,9,4,0,13,0,5,16,0,21,0,14,20,0,34,46,0,46,80
03/13/2015,OLV,MS,ASO,CE,Federal Contract Tower,0,7,0,0,7,0,0,0,0,0,0,7,0,0,7,0,0,0,7
03/14/2015,OLV,MS,ASO,CE,Federal Contract Tower,0,10,3,0,13,0,0,0,0,0,0,10,3,0,13,0,0,0,13
03/15/2015,OLV,MS,ASO,CE,Federal Contract Tower,0,20,11,0,31,0,9,84,0,93,0,29,95,0,124,232,0,232,356
03/16/2015,OLV,MS,ASO,CE,Federal Contract Tower,0,8,10,0,18,0,6,59,0,65,0,14,69,0,83,158,0,158,241
03/17/2015,OLV,MS,ASO,CE,Federal Contract Tower,0,22,10,0,32,0,16,75,0,91,0,38,85,0,123,212,0,212,335
03/18/2015,OLV,MS,ASO,CE,Federal Contract Tower,0,12,8,0,20,0,6,45,0,51,0,18,53,0,71,144,0,144,215
03/19/2015,OLV,MS,ASO,CE,Federal Contract Tower,0,26,9,0,35,0,2,9,0,11,0,28,18,0,46,32,0,32,78
03/20/2015,OLV,MS,ASO,CE,Federal Contract Tower,0,9,8,0,17,0,2,7,0,9,0,11,15,0,26,6,0,6,32
03/21/2015,OLV,MS,ASO,CE,Federal Contract Tower,0,11,14,1,26,0,1,73,3,77,0,12,87,4,103,122,6,128,231
03/22/2015,OLV,MS,ASO,CE,Federal Contract Tower,0,6,2,0,8,0,3,6,0,9,0,9,8,0,17,26,0,26,43
03/23/2015,OLV,MS,ASO,CE,Federal Contract Tower,0,17,6,0,23,0,11,108,0,119,0,28,114,0,142,170,0,170,312
03/24/2015,OLV,MS,ASO,CE,Federal Contract Tower,0,18,12,0,30,0,19,97,2,118,0,37,109,2,148,184,0,184,332
03/25/2015,OLV,MS,ASO,CE,Federal Contract Tower,0,19,13,0,32,0,10,61,0,71,0,29,74,0,103,136,0,136,239
03/26/2015,OLV,MS,ASO,CE,Federal Contract Tower,0,11,4,0,15,0,0,2,0,2,0,11,6,0,17,4,0,4,21
03/27/2015,OLV,MS,ASO,CE,Federal Contract Tower,0,19,15,0,34,0,4,46,2,52,0,23,61,2,86,186,0,186,272
03/28/2015,OLV,MS,ASO,CE,Federal Contract Tower,0,5,22,0,27,0,8,40,1,49,0,13,62,1,76,84,0,84,160
03/29/2015,OLV,MS,ASO,CE,Federal Contract Tower,0,7,6,0,13,0,9,46,4,59,0,16,52,4,72,24,12,36,108
03/30/2015,OLV,MS,ASO,CE,Federal Contract Tower,0,10,7,0,17,0,9,66,4,79,0,19,73,4,96,68,16,84,180
03/31/2015,OLV,MS,ASO,CE,Federal Contract Tower,0,15,11,0,26,0,14,49,0,63,0,29,60,0,89,114,0,114,203
04/01/2015,OLV,MS,ASO,CE,Federal Contract Tower,0,17,10,0,27,0,2,59,0,61,0,19,69,0,88,118,0,118,206
04/02/2015,OLV,MS,ASO,CE,Federal Contract Tower,0,18,7,0,25,0,11,12,0,23,0,29,19,0,48,16,0,16,64
04/03/2015,OLV,MS,ASO,CE,Federal Contract Tower,0,10,2,0,12,0,4,0,0,4,0,14,2,0,16,0,0,0,16
04/04/2015,OLV,MS,ASO,CE,Federal Contract Tower,0,4,14,0,18,0,3,80,0,83,0,7,94,0,101,162,0,162,263
04/05/2015,OLV,MS,ASO,CE,Federal Contract Tower,0,5,6,0,11,0,3,15,2,20,0,8,21,2,31,40,16,56,87
04/06/2015,OLV,MS,ASO,CE,Federal Contract Tower,0,23,8,0,31,0,0,13,0,13,0,23,21,0,44,52,0,52,96
04/07/2015,OLV,MS,ASO,CE,Federal Contract Tower,0,4,11,0,15,0,4,23,0,27,0,8,34,0,42,52,0,52,94
04/08/2015,OLV,MS,ASO,CE,Federal Contract Tower,0,23,9,0,32,0,12,77,0,89,0,35,86,0,121,90,0,90,211
04/09/2015,OLV,MS,ASO,CE,Federal Contract Tower,0,14,8,0,22,0,3,7,0,10,0,17,15,0,32,4,0,4,36
04/10/2015,OLV,MS,ASO,CE,Federal Contract Tower,0,17,14,0,31,0,12,80,0,92,0,29,94,0,123,166,0,166,289
04/11/2015,OLV,MS,ASO,CE,Federal Contract Tower,0,11,15,0,26,0,7,93,2,102,0,18,108,2,128,100,2,102,230
04/12/2015,OLV,MS,ASO,CE,Federal Contract Tower,0,11,11,2,24,0,7,61,2,70,0,18,72,4,94,108,20,128,222
04/13/2015,OLV,MS,ASO,CE,Federal Contract Tower,0,10,9,0,19,0,0,3,0,3,0,10,12,0,22,2,0,2,24
04/14/2015,OLV,MS,ASO,CE,Federal Contract Tower,0,14,32,0,46,0,4,8,0,12,0,18,40,0,58,46,0,46,104
04/15/2015,OLV,MS,ASO,CE,Federal Contract Tower,0,14,3,0,17,0,0,15,0,15,0,14,18,0,32,32,0,32,64
04/16/2015,OLV,MS,ASO,CE,Federal Contract Tower,0,14,20,0,34,0,3,92,0,95,0,17,112,0,129,220,0,220,349
04/17/2015,OLV,MS,ASO,CE,Federal Contract Tower,0,11,4,0,15,0,0,3,0,3,0,11,7,0,18,0,0,0,18
04/18/2015,OLV,MS,ASO,CE,Federal Contract Tower,0,6,7,0,13,0,4,20,0,24,0,10,27,0,37,74,0,74,111
04/19/2015,OLV,MS,ASO,CE,Federal Contract Tower,0,12,8,0,20,0,0,1,0,1,0,12,9,0,21,0,0,0,21
04/20/2015,OLV,MS,ASO,CE,Federal Contract Tower,0,18,15,0,33,0,2,44,0,46,0,20,59,0,79,42,0,42,121
04/21/2015,OLV,MS,ASO,CE,Federal Contract Tower,0,18,11,0,29,0,21,94,0,115,0,39,105,0,144,234,0,234,378
04/22/2015,OLV,MS,ASO,CE,Federal Contract Tower,0,24,8,0,32,0,8,78,4,90,0,32,86,4,122,170,2,172,294
04/23/2015,OLV,MS,ASO,CE,Federal Contract Tower,0,18,12,0,30,0,5,86,2,93,0,23,98,2,123,262,8,270,393
04/24/2015,OLV,MS,ASO,CE,Federal Contract Tower,0,10,6,0,16,0,5,37,0,42,0,15,43,0,58,134,0,134,192
04/25/2015,OLV,MS,ASO,CE,Federal Contract Tower,0,3,7,0,10,0,1,16,0,17,0,4,23,0,27,28,0,28,55
04/26/2015,OLV,MS,ASO,CE,Federal Contract Tower,0,6,12,0,18,0,9,36,0,45,0,15,48,0,63,106,0,106,169
04/27/2015,OLV,MS,ASO,CE,Federal Contract Tower,0,8,13,0,21,0,8,59,0,67,0,16,72,0,88,72,0,72,160
04/28/2015,OLV,MS,ASO,CE,Federal Contract Tower,0,8,11,0,19,0,16,82,0,98,0,24,93,0,117,208,0,208,325
04/29/2015,OLV,MS,ASO,CE,Federal Contract Tower,0,19,12,0,31,0,28,84,0,112,0,47,96,0,143,158,0,158,301
04/30/2015,OLV,MS,ASO,CE,Federal Contract Tower,0,15,12,0,27,0,8,80,4,92,0,23,92,4,119,142,4,146,265
05/01/2015,OLV,MS,ASO,CE,Federal Contract Tower,0,9,12,0,21,0,10,113,2,125,0,19,125,2,146,160,0,160,306
05/02/2015,OLV,MS,ASO,CE,Federal Contract Tower,0,8,2,1,11,0,8,120,3,131,0,16,122,4,142,170,8,178,320
05/03/2015,OLV,MS,ASO,CE,Federal Contract Tower,0,11,11,0,22,0,7,70,0,77,0,18,81,0,99,88,0,88,187
05/04/2015,OLV,MS,ASO,CE,Federal Contract Tower,0,6,13,0,19,0,5,78,4,87,0,11,91,4,106,112,0,112,218
05/05/2015,OLV,MS,ASO,CE,Federal Contract Tower,0,11,7,0,18,0,11,86,0,97,0,22,93,0,115,188,0,188,303
05/06/2015,OLV,MS,ASO,CE,Federal Contract Tower,0,21,6,0,27,0,3,70,3,76,0,24,76,3,103,138,0,138,241
05/07/2015,OLV,MS,ASO,CE,Federal Contract Tower,0,21,16,0,37,0,13,84,0,97,0,34,100,0,134,152,0,152,286
05/08/2015,OLV,MS,ASO,CE,Federal Contract Tower,0,13,16,0,29,0,0,48,0,48,0,13,64,0,77,120,0,120,197
05/09/2015,OLV,MS,ASO,CE,Federal Contract Tower,0,1,0,0,1,0,0,32,0,32,0,1,32,0,33,50,0,50,83
05/10/2015,OLV,MS,ASO,CE,Federal Contract Tower,0,11,7,0,18,0,1,56,0,57,0,12,63,0,75,122,0,122,197
05/11/2015,OLV,MS,ASO,CE,Federal Contract Tower,0,9,8,0,17,0,4,45,0,49,0,13,53,0,66,80,0,80,146
05/12/2015,OLV,MS,ASO,CE,Federal Contract Tower,0,18,27,0,45,0,11,112,0,123,0,29,139,0,168,148,0,148,316
05/13/2015,OLV,MS,ASO,CE,Federal Contract Tower,0,13,5,0,18,0,5,80,2,87,0,18,85,2,105,114,14,128,233
05/14/2015,OLV,MS,ASO,CE,Federal Contract Tower,0,21,7,0,28,0,18,68,0,86,0,39,75,0,114,120,0,120,234
05/15/2015,OLV,MS,ASO,CE,Federal Contract Tower,0,11,8,0,19,0,10,29,2,41,0,21,37,2,60,60,0,60,120
05/16/2015,OLV,MS,ASO,CE,Federal Contract Tower,0,0,1,0,1,0,0,4,0,4,0,0,5,0,5,4,0,4,9
05/17/2015,OLV,MS,ASO,CE,Federal Contract Tower,0,4,9,0,13,0,0,4,0,4,0,4,13,0,17,4,0,4,21
05/18/2015,OLV,MS,ASO,CE,Federal Contract Tower,0,13,22,0,35,0,0,24,0,24,0,13,46,0,59,64,0,64,123
05/19/2015,OLV,MS,ASO,CE,Federal Contract Tower,0,18,50,0,68,0,10,43,0,53,0,28,93,0,121,120,0,120,241
05/20/2015,OLV,MS,ASO,CE,Federal Contract Tower,0,15,5,0,20,0,4,26,0,30,0,19,31,0,50,22,0,22,72
05/21/2015,OLV,MS,ASO,CE,Federal Contract Tower,0,29,20,0,49,0,2,22,0,24,0,31,42,0,73,32,0,32,105
05/22/2015,OLV,MS,ASO,CE,Federal Contract Tower,0,39,12,0,51,0,33,103,0,136,0,72,115,0,187,258,0,258,445
05/23/2015,OLV,MS,ASO,CE,Federal Contract Tower,0,7,19,0,26,0,11,85,2,98,0,18,104,2,124,92,0,92,216
05/24/2015,OLV,MS,ASO,CE,Federal Contract Tower,0,6,4,0,10,0,0,7,0,7,0,6,11,0,17,0,0,0,17
05/25/2015,OLV,MS,ASO,CE,Federal Contract Tower,0,10,18,0,28,0,1,30,0,31,0,11,48,0,59,62,0,62,121
05/26/2015,OLV,MS,ASO,CE,Federal Contract Tower,0,18,23,0,41,0,19,61,0,80,0,37,84,0,121,142,0,142,263
05/27/2015,OLV,MS,ASO,CE,Federal Contract Tower,0,20,9,0,29,0,4,39,2,45,0,24,48,2,74,88,0,88,162
05/28/2015,OLV,MS,ASO,CE,Federal Contract Tower,0,20,29,0,49,0,17,82,0,99,0,37,111,0,148,234,0,234,382
05/29/2015,OLV,MS,ASO,CE,Federal Contract Tower,0,13,16,0,29,0,0,36,0,36,0,13,52,0,65,52,0,52,117
05/30/2015,OLV,MS,ASO,CE,Federal Contract Tower,0,16,16,0,32,0,2,17,0,19,0,18,33,0,51,36,0,36,87
05/31/2015,OLV,MS,ASO,CE,Federal Contract Tower,0,9,9,0,18,0,0,0,0,0,0,9,9,0,18,0,0,0,18
06/01/2015,OLV,MS,ASO,CE,Federal Contract Tower,0,13,22,0,35,0,6,43,0,49,0,19,65,0,84,178,0,178,262
06/02/2015,OLV,MS,ASO,CE,Federal Contract Tower,0,28,31,0,59,0,5,66,0,71,0,33,97,0,130,94,0,94,224
06/03/2015,OLV,MS,ASO,CE,Federal Contract Tower,0,27,30,0,57,0,13,87,0,100,0,40,117,0,157,216,0,216,373
06/04/2015,OLV,MS,ASO,CE,Federal Contract Tower,0,21,22,0,43,0,21,125,0,146,0,42,147,0,189,174,0,174,363
06/05/2015,OLV,MS,ASO,CE,Federal Contract Tower,0,17,13,0,30,0,7,105,2,114,0,24,118,2,144,198,0,198,342
06/06/2015,OLV,MS,ASO,CE,Federal Contract Tower,0,17,12,0,29,0,4,81,2,87,0,21,93,2,116,94,0,94,210
06/07/2015,OLV,MS,ASO,CE,Federal Contract Tower,0,19,11,0,30,0,10,61,0,71,0,29,72,0,101,114,0,114,215
06/08/2015,OLV,MS,ASO,CE,Federal Contract Tower,0,13,4,0,17,0,3,65,0,68,0,16,69,0,85,94,0,94,179
06/09/2015,OLV,MS,ASO,CE,Federal Contract Tower,0,23,11,0,34,0,15,90,2,107,0,38,101,2,141,224,0,224,365
06/10/2015,OLV,MS,ASO,CE,Federal Contract Tower,0,30,14,0,44,0,16,101,2,119,0,46,115,2,163,140,0,140,303
06/11/2015,OLV,MS,ASO,CE,Federal Contract Tower,0,20,8,0,28,0,11,113,2,126,0,31,121,2,154,250,0,250,404
06/12/2015,OLV,MS,ASO,CE,Federal Contract Tower,0,16,12,0,28,0,13,73,2,88,0,29,85,2,116,112,2,114,230
06/13/2015,OLV,MS,ASO,CE,Federal Contract Tower,0,16,12,0,28,0,2,42,0,44,0,18,54,0,72,70,0,70,142
06/14/2015,OLV,MS,ASO,CE,Federal Contract Tower,0,13,9,0,22,0,8,27,2,37,0,21,36,2,59,42,0,42,101
06/15/2015,OLV,MS,ASO,CE,Federal Contract Tower,0,10,6,0,16,0,2,111,0,113,0,12,117,0,129,216,0,216,345
06/16/2015,OLV,MS,ASO,CE,Federal Contract Tower,0,28,33,0,61,0,5,128,2,135,0,33,161,2,196,186,0,186,382
06/17/2015,OLV,MS,ASO,CE,Federal Contract Tower,0,18,10,0,28,0,5,103,2,110,0,23,113,2,138,212,0,212,350
06/18/2015,OLV,MS,ASO,CE,Federal Contract Tower,0,22,25,0,47,0,12,119,0,131,0,34,144,0,178,220,0,220,398
06/19/2015,OLV,MS,ASO,CE,Federal Contract Tower,0,15,3,0,18,0,0,5,0,5,0,15,8,0,23,0,0,0,23
06/20/2015,OLV,MS,ASO,CE,Federal Contract Tower,0,9,12,0,21,0,3,70,0,73,0,12,82,0,94,70,0,70,164
06/21/2015,OLV,MS,ASO,CE,Federal Contract Tower,0,13,6,0,19,0,7,52,3,62,0,20,58,3,81,58,0,58,139
06/22/2015,OLV,MS,ASO,CE,Federal Contract Tower,0,11,4,0,15,0,6,87,0,93,0,17,91,0,108,148,0,148,256
06/23/2015,OLV,MS,ASO,CE,Federal Contract Tower,0,12,22,0,34,0,6,115,0,121,0,18,137,0,155,204,0,204,359
06/24/2015,OLV,MS,ASO,CE,Federal Contract Tower,0,16,6,0,22,0,8,81,0,89,0,24,87,0,111,224,0,224,335
06/25/2015,OLV,MS,ASO,CE,Federal Contract Tower,0,16,14,1,31,0,6,112,0,118,0,22,126,1,149,198,8,206,355
06/26/2015,OLV,MS,ASO,CE,Federal Contract Tower,0,8,11,0,19,0,1,46,0,47,0,9,57,0,66,20,0,20,86
06/27/2015,OLV,MS,ASO,CE,Federal Contract Tower,0,15,7,0,22,0,1,55,2,58,0,16,62,2,80,64,0,64,144
06/28/2015,OLV,MS,ASO,CE,Federal Contract Tower,0,15,7,0,22,0,10,78,20,108,0,25,85,20,130,70,16,86,216
06/29/2015,OLV,MS,ASO,CE,Federal Contract Tower,0,13,6,0,19,0,10,69,0,79,0,23,75,0,98,132,0,132,230
06/30/2015,OLV,MS,ASO,CE,Federal Contract Tower,0,16,19,0,35,0,3,61,0,64,0,19,80,0,99,148,0,148,247
07/01/2015,OLV,MS,ASO,CE,Federal Contract Tower,0,14,8,0,22,0,1,105,0,106,0,15,113,0,128,280,0,280,408
07/02/2015,OLV,MS,ASO,CE,Federal Contract Tower,0,7,10,0,17,0,2,59,0,61,0,9,69,0,78,94,0,94,172
07/03/2015,OLV,MS,ASO,CE,Federal Contract Tower,0,9,0,0,9,0,0,0,0,0,0,9,0,0,9,0,0,0,9
07/04/2015,OLV,MS,ASO,CE,Federal Contract Tower,0,2,2,0,4,0,2,1,0,3,0,4,3,0,7,0,0,0,7
07/05/2015,OLV,MS,ASO,CE,Federal Contract Tower,0,6,5,0,11,0,0,42,0,42,0,6,47,0,53,40,0,40,93
07/06/2015,OLV,MS,ASO,CE,Federal Contract Tower,0,8,2,1,11,0,1,29,0,30,0,9,31,1,41,164,0,164,205
07/07/2015,OLV,MS,ASO,CE,Federal Contract Tower,0,11,14,0,25,0,15,51,0,66,0,26,65,0,91,70,0,70,161
07/08/2015,OLV,MS,ASO,CE,Federal Contract Tower,0,23,12,0,35,0,13,81,0,94,0,36,93,0,129,134,0,134,263
07/09/2015,OLV,MS,ASO,CE,Federal Contract Tower,0,19,17,0,36,0,2,132,2,136,0,21,149,2,172,230,0,230,402
07/10/2015,OLV,MS,ASO,CE,Federal Contract Tower,0,15,16,0,31,0,6,143,8,157,0,21,159,8,188,254,0,254,442
07/11/2015,OLV,MS,ASO,CE,Federal Contract Tower,0,12,16,2,30,0,10,95,0,105,0,22,111,2,135,96,0,96,231
07/12/2015,OLV,MS,ASO,CE,Federal Contract Tower,0,20,7,0,27,0,10,76,0,86,0,30,83,0,113,90,0,90,203
07/13/2015,OLV,MS,ASO,CE,Federal Contract Tower,0,8,15,0,23,0,8,95,0,103,0,16,110,0,126,170,2,172,298
07/14/2015,OLV,MS,ASO,CE,Federal Contract Tower,0,16,15,0,31,0,8,93,0,101,0,24,108,0,132,124,0,124,256
07/15/2015,OLV,MS,ASO,CE,Federal Contract Tower,0,20,25,2,47,0,10,70,2,82,0,30,95,4,129,236,0,236,365
07/16/2015,OLV,MS,ASO,CE,Federal Contract Tower,0,12,12,0,24,0,5,120,0,125,0,17,132,0,149,218,0,218,367
07/17/2015,OLV,MS,ASO,CE,Federal Contract Tower,0,10,15,0,25,0,2,80,1,83,0,12,95,1,108,46,0,46,154
07/18/2015,OLV,MS,ASO,CE,Federal Contract Tower,0,18,13,0,31,0,10,68,0,78,0,28,81,0,109,122,0,122,231
07/19/2015,OLV,MS,ASO,CE,Federal Contract Tower,0,10,6,1,17,0,8,48,1,57,0,18,54,2,74,42,2,44,118
07/20/2015,OLV,MS,ASO,CE,Federal Contract Tower,0,24,16,0,40,0,2,116,0,118,0,26,132,0,158,142,0,142,300
07/21/2015,OLV,MS,ASO,CE,Federal Contract Tower,0,18,8,0,26,0,0,84,0,84,0,18,92,0,110,122,0,122,232
07/22/2015,OLV,MS,ASO,CE,Federal Contract Tower,0,16,2,0,18,0,2,49,0,51,0,18,51,0,69,116,0,116,185
07/23/2015,OLV,MS,ASO,CE,Federal Contract Tower,0,15,7,0,22,0,0,51,0,51,0,15,58,0,73,106,0,106,179
07/24/2015,OLV,MS,ASO,CE,Federal Contract Tower,0,18,12,0,30,0,17,102,0,119,0,35,114,0,149,138,0,138,287
07/25/2015,OLV,MS,ASO,CE,Federal Contract Tower,0,14,10,0,24,0,0,81,1,82,0,14,91,1,106,56,0,56,162
07/26/2015,OLV,MS,ASO,CE,Federal Contract Tower,0,12,18,0,30,0,4,74,2,80,0,16,92,2,110,118,0,118,228
07/27/2015,OLV,MS,ASO,CE,Federal Contract Tower,0,19,14,0,33,0,14,80,2,96,0,33,94,2,129,138,0,138,267
07/28/2015,OLV,MS,ASO,CE,Federal Contract Tower,0,21,16,0,37,0,6,103,0,109,0,27,119,0,146,156,0,156,302
07/29/2015,OLV,MS,ASO,CE,Federal Contract Tower,0,19,22,0,41,0,4,108,0,112,0,23,130,0,153,202,0,202,355
07/30/2015,OLV,MS,ASO,CE,Federal Contract Tower,0,12,11,0,23,0,9,123,2,134,0,21,134,2,157,136,6,142,299
07/31/2015,OLV,MS,ASO,CE,Federal Contract Tower,0,8,30,0,38,0,8,119,2,129,0,16,149,2,167,176,4,180,347
08/01/2015,OLV,MS,ASO,CE,Federal Contract Tower,0,8,10,0,18,0,9,92,0,101,0,17,102,0,119,150,0,150,269
08/02/2015,OLV,MS,ASO,CE,Federal Contract Tower,0,7,12,1,20,0,4,67,1,72,0,11,79,2,92,72,0,72,164
08/03/2015,OLV,MS,ASO,CE,Federal Contract Tower,0,6,20,0,26,0,4,110,0,114,0,10,130,0,140,246,0,246,386
08/04/2015,OLV,MS,ASO,CE,Federal Contract Tower,0,25,22,0,47,0,7,102,0,109,0,32,124,0,156,168,0,168,324
08/05/2015,OLV,MS,ASO,CE,Federal Contract Tower,0,17,9,0,26,0,5,37,0,42,0,22,46,0,68,148,0,148,216
08/06/2015,OLV,MS,ASO,CE,Federal Contract Tower,0,6,10,0,16,0,2,38,0,40,0,8,48,0,56,42,0,42,98
08/07/2015,OLV,MS,ASO,CE,Federal Contract Tower,0,14,13,0,27,0,2,46,2,50,0,16,59,2,77,76,0,76,153
08/08/2015,OLV,MS,ASO,CE,Federal Contract Tower,0,14,11,0,25,0,10,69,2,81,0,24,80,2,106,134,0,134,240
08/09/2015,OLV,MS,ASO,CE,Federal Contract Tower,0,15,18,0,33,0,5,68,0,73,0,20,86,0,106,66,0,66,172
08/10/2015,OLV,MS,ASO,CE,Federal Contract Tower,0,10,16,0,26,0,0,79,0,79,0,10,95,0,105,80,0,80,185
08/11/2015,OLV,MS,ASO,CE,Federal Contract Tower,0,11,22,0,33,0,11,134,0,145,0,22,156,0,178,200,0,200,378
08/12/2015,OLV,MS,ASO,CE,Federal Contract Tower,0,19,13,0,32,0,5,123,0,128,0,24,136,0,160,238,0,238,398
08/13/2015,OLV,MS,ASO,CE,Federal Contract Tower,0,18,27,1,46,0,5,106,0,111,0,23,133,1,157,240,0,240,397
08/14/2015,OLV,MS,ASO,CE,Federal Contract Tower,0,9,22,0,31,0,13,128,0,141,0,22,150,0,172,100,0,100,272
08/15/2015,OLV,MS,ASO,CE,Federal Contract Tower,0,7,7,0,14,0,4,64,1,69,0,11,71,1,83,78,0,78,161
08/16/2015,OLV,MS,ASO,CE,Federal Contract Tower,0,3,5,0,8,0,13,70,5,88,0,16,75,5,96,120,2,122,218
08/17/2015,OLV,MS,ASO,CE,Federal Contract Tower,0,16,13,0,29,0,0,112,0,112,0,16,125,0,141,302,0,302,443
08/18/2015,OLV,MS,ASO,CE,Federal Contract Tower,0,16,15,0,31,0,0,39,4,43,0,16,54,4,74,102,0,102,176
08/19/2015,OLV,MS,ASO,CE,Federal Contract Tower,0,17,13,0,30,0,1,7,0,8,0,18,20,0,38,12,0,12,50
08/20/2015,OLV,MS,ASO,CE,Federal Contract Tower,0,27,14,0,41,0,4,144,0,148,0,31,158,0,189,284,0,284,473
08/21/2015,OLV,MS,ASO,CE,Federal Contract Tower,0,18,24,0,42,0,3,100,0,103,0,21,124,0,145,280,0,280,425
08/22/2015,OLV,MS,ASO,CE,Federal Contract Tower,0,12,10,1,23,0,1,25,1,27,0,13,35,2,50,70,0,70,120
08/23/2015,OLV,MS,ASO,CE,Federal Contract Tower,0,14,14,0,28,0,6,55,0,61,0,20,69,0,89,58,0,58,147
08/24/2015,OLV,MS,ASO,CE,Federal Contract Tower,0,17,23,0,40,0,4,138,8,150,0,21,161,8,190,182,0,182,372
08/25/2015,OLV,MS,ASO,CE,Federal Contract Tower,0,13,14,0,27,0,7,124,0,131,0,20,138,0,158,160,0,160,318
08/26/2015,OLV,MS,ASO,CE,Federal Contract Tower,0,35,11,1,47,0,10,111,0,121,0,45,122,1,168,196,2,198,366
08/27/2015,OLV,MS,ASO,CE,Federal Contract Tower,0,19,21,2,42,0,18,133,0,151,0,37,154,2,193,200,0,200,393
08/28/2015,OLV,MS,ASO,CE,Federal Contract Tower,0,15,20,2,37,0,11,143,4,158,0,26,163,6,195,320,18,338,533
08/29/2015,OLV,MS,ASO,CE,Federal Contract Tower,0,4,14,0,18,0,7,97,6,110,0,11,111,6,128,208,16,224,352
08/30/2015,OLV,MS,ASO,CE,Federal Contract Tower,0,2,18,0,20,0,6,15,0,21,0,8,33,0,41,8,0,8,49
08/31/2015,OLV,MS,ASO,CE,Federal Contract Tower,0,18,13,0,31,0,10,100,0,110,0,28,113,0,141,156,0,156,297
09/01/2015,OLV,MS,ASO,CE,Federal Contract Tower,0,6,33,0,39,0,1,128,0,129,0,7,161,0,168,252,0,252,420
09/02/2015,OLV,MS,ASO,CE,Federal Contract Tower,0,19,9,0,28,0,0,121,4,125,0,19,130,4,153,236,0,236,389
09/03/2015,OLV,MS,ASO,CE,Federal Contract Tower,0,20,16,0,36,0,4,114,0,118,0,24,130,0,154,280,0,280,434
09/04/2015,OLV,MS,ASO,CE,Federal Contract Tower,0,16,9,0,25,0,18,94,0,112,0,34,103,0,137,220,0,220,357
09/05/2015,OLV,MS,ASO,CE,Federal Contract Tower,0,5,6,0,11,0,9,84,4,97,0,14,90,4,108,172,8,180,288
09/06/2015,OLV,MS,ASO,CE,Federal Contract Tower,0,4,7,0,11,0,8,50,0,58,0,12,57,0,69,82,0,82,151
09/07/2015,OLV,MS,ASO,CE,Federal Contract Tower,0,13,12,0,25,0,2,85,4,91,0,15,97,4,116,168,0,168,284
09/08/2015,OLV,MS,ASO,CE,Federal Contract Tower,0,11,19,0,30,0,6,97,2,105,0,17,116,2,135,172,16,188,323
09/09/2015,OLV,MS,ASO,CE,Federal Contract Tower,0,24,7,0,31,0,2,22,0,24,0,26,29,0,55,44,0,44,99
09/10/2015,OLV,MS,ASO,CE,Federal Contract Tower,0,12,9,0,21,0,8,92,0,100,0,20,101,0,121,220,0,220,341
09/11/2015,OLV,MS,ASO,CE,Federal Contract Tower,0,12,9,0,21,5,8,72,0,85,5,20,81,0,106,160,0,160,266
09/12/2015,OLV,MS,ASO,CE,Federal Contract Tower,0,11,10,0,21,0,13,61,2,76,0,24,71,2,97,120,0,120,217
09/13/2015,OLV,MS,ASO,CE,Federal Contract Tower,0,15,20,0,35,0,2,71,0,73,0,17,91,0,108,140,0,140,248
09/14/2015,OLV,MS,ASO,CE,Federal Contract Tower,0,20,18,0,38,0,9,131,0,140,0,29,149,0,178,224,0,224,402
09/15/2015,OLV,MS,ASO,CE,Federal Contract Tower,0,12,26,0,38,0,9,137,0,146,0,21,163,0,184,226,0,226,410
09/16/2015,OLV,MS,ASO,CE,Federal Contract Tower,0,24,20,0,44,0,7,124,4,135,0,31,144,4,179,268,4,272,451
09/17/2015,OLV,MS,ASO,CE,Federal Contract Tower,0,16,16,0,32,0,7,141,0,148,0,23,157,0,180,320,0,320,500
09/18/2015,OLV,MS,ASO,CE,Federal Contract Tower,0,13,6,0,19,0,7,120,2,129,0,20,126,2,148,220,0,220,368
09/19/2015,OLV,MS,ASO,CE,Federal Contract Tower,0,14,12,0,26,0,12,72,2,86,0,26,84,2,112,144,0,144,256
09/20/2015,OLV,MS,ASO,CE,Federal Contract Tower,0,16,13,0,29,0,3,66,0,69,0,19,79,0,98,146,0,146,244
09/21/2015,OLV,MS,ASO,CE,Federal Contract Tower,0,24,22,0,46,0,10,109,0,119,0,34,131,0,165,190,0,190,355
09/22/2015,OLV,MS,ASO,CE,Federal Contract Tower,0,22,10,0,32,0,11,124,5,140,0,33,134,5,172,320,8,328,500
09/23/2015,OLV,MS,ASO,CE,Federal Contract Tower,0,21,18,3,42,0,1,106,0,107,0,22,124,3,149,220,0,220,369
09/24/2015,OLV,MS,ASO,CE,Federal Contract Tower,0,12,17,0,29,0,7,113,0,120,0,19,130,0,149,170,0,170,319
09/25/2015,OLV,MS,ASO,CE,Federal Contract Tower,0,12,24,0,36,0,18,118,0,136,0,30,142,0,172,180,0,180,352
09/26/2015,OLV,MS,ASO,CE,Federal Contract Tower,0,6,14,0,20,0,4,27,0,31,0,10,41,0,51,70,0,70,121
09/27/2015,OLV,MS,ASO,CE,Federal Contract Tower,0,14,25,0,39,0,5,54,0,59,0,19,79,0,98,64,0,64,162
09/28/2015,OLV,MS,ASO,CE,Federal Contract Tower,0,10,19,0,29,0,0,9,0,9,0,10,28,0,38,18,0,18,56
09/29/2015,OLV,MS,ASO,CE,Federal Contract Tower,0,17,8,0,25,0,8,23,2,33,0,25,31,2,58,42,0,42,100
09/30/2015,OLV,MS,ASO,CE,Federal Contract Tower,0,27,26,0,53,0,15,40,2,57,0,42,66,2,110,196,0,196,306
10/01/2015,OLV,MS,ASO,CE,Federal Contract Tower,0,17,17,0,34,0,7,102,0,109,0,24,119,0,143,200,0,200,343
10/02/2015,OLV,MS,ASO,CE,Federal Contract Tower,0,14,17,0,31,0,17,90,2,109,0,31,107,2,140,276,0,276,416
10/03/2015,OLV,MS,ASO,CE,Federal Contract Tower,0,7,18,0,25,0,12,18,0,30,0,19,36,0,55,68,0,68,123
10/04/2015,OLV,MS,ASO,CE,Federal Contract Tower,0,8,14,0,22,0,4,7,0,11,0,12,21,0,33,14,0,14,47
10/05/2015,OLV,MS,ASO,CE,Federal Contract Tower,0,19,28,0,47,0,13,139,0,152,0,32,167,0,199,270,0,270,469
10/06/2015,OLV,MS,ASO,CE,Federal Contract Tower,0,20,25,0,45,0,5,157,0,162,0,25,182,0,207,296,0,296,503
10/07/2015,OLV,MS,ASO,CE,Federal Contract Tower,0,30,29,0,59,0,12,106,0,118,0,42,135,0,177,284,0,284,461
10/08/2015,OLV,MS,ASO,CE,Federal Contract Tower,0,18,19,0,37,0,8,116,5,129,0,26,135,5,166,342,2,344,510
10/09/2015,OLV,MS,ASO,CE,Federal Contract Tower,0,7,28,0,35,0,5,111,0,116,0,12,139,0,151,278,0,278,429
10/10/2015,OLV,MS,ASO,CE,Federal Contract Tower,0,4,10,2,16,0,4,52,2,58,0,8,62,4,74,70,0,70,144
10/11/2015,OLV,MS,ASO,CE,Federal Contract Tower,0,22,15,0,37,0,12,85,0,97,0,34,100,0,134,82,0,82,216
10/12/2015,OLV,MS,ASO,CE,Federal Contract Tower,0,19,19,0,38,0,0,89,0,89,0,19,108,0,127,104,0,104,231
10/13/2015,OLV,MS,ASO,CE,Federal Contract Tower,0,10,13,0,23,0,11,121,0,132,0,21,134,0,155,166,0,166,321
10/14/2015,OLV,MS,ASO,CE,Federal Contract Tower,0,18,24,0,42,0,4,121,0,125,0,22,145,0,167,246,0,246,413
10/15/2015,OLV,MS,ASO,CE,Federal Contract Tower,0,26,24,0,50,0,5,117,0,122,0,31,141,0,172,192,0,192,364
10/16/2015,OLV,MS,ASO,CE,Federal Contract Tower,0,14,16,0,30,0,6,82,0,88,0,20,98,0,118,88,0,88,206
10/17/2015,OLV,MS,ASO,CE,Federal Contract Tower,0,8,8,0,16,0,8,74,0,82,0,16,82,0,98,138,0,138,236
10/18/2015,OLV,MS,ASO,CE,Federal Contract Tower,0,17,9,0,26,0,3,58,0,61,0,20,67,0,87,34,0,34,121
10/19/2015,OLV,MS,ASO,CE,Federal Contract Tower,0,9,20,0,29,0,6,116,0,122,0,15,136,0,151,144,0,144,295
10/20/2015,OLV,MS,ASO,CE,Federal Contract Tower,0,12,17,0,29,0,6,115,0,121,0,18,132,0,150,166,0,166,316
10/21/2015,OLV,MS,ASO,CE,Federal Contract Tower,0,9,20,0,29,0,2,134,2,138,0,11,154,2,167,242,0,242,409
10/22/2015,OLV,MS,ASO,CE,Federal Contract Tower,0,22,26,0,48,0,5,115,2,122,0,27,141,2,170,198,0,198,368
10/23/2015,OLV,MS,ASO,CE,Federal Contract Tower,0,18,20,1,39,0,2,95,2,99,0,20,115,3,138,164,0,164,302
10/24/2015,OLV,MS,ASO,CE,Federal Contract Tower,0,14,8,0,22,0,0,34,0,34,0,14,42,0,56,98,0,98,154
10/25/2015,OLV,MS,ASO,CE,Federal Contract Tower,0,23,16,0,39,0,0,0,0,0,0,23,16,0,39,0,0,0,39
10/26/2015,OLV,MS,ASO,CE,Federal Contract Tower,0,9,7,0,16,0,0,0,0,0,0,9,7,0,16,0,0,0,16
10/27/2015,OLV,MS,ASO,CE,Federal Contract Tower,0,7,0,0,7,0,0,0,0,0,0,7,0,0,7,0,0,0,7
10/28/2015,OLV,MS,ASO,CE,Federal Contract Tower,0,21,32,0,53,0,2,56,0,58,0,23,88,0,111,150,0,150,261
10/29/2015,OLV,MS,ASO,CE,Federal Contract Tower,0,24,25,0,49,0,5,113,0,118,0,29,138,0,167,172,0,172,339
10/30/2015,OLV,MS,ASO,CE,Federal Contract Tower,0,4,18,0,22,0,14,108,4,126,0,18,126,4,148,200,14,214,362
10/31/2015,OLV,MS,ASO,CE,Federal Contract Tower,0,10,6,0,16,0,0,3,0,3,0,10,9,0,19,18,0,18,37
11/01/2015,OLV,MS,ASO,CE,Federal Contract Tower,0,12,3,0,15,0,0,0,0,0,0,12,3,0,15,0,0,0,15
11/02/2015,OLV,MS,ASO,CE,Federal Contract Tower,0,10,11,0,21,0,2,10,0,12,0,12,21,0,33,50,0,50,83
11/03/2015,OLV,MS,ASO,CE,Federal Contract Tower,0,26,25,0,51,0,3,90,0,93,0,29,115,0,144,258,0,258,402
11/04/2015,OLV,MS,ASO,CE,Federal Contract Tower,0,12,29,0,41,0,5,73,0,78,0,17,102,0,119,116,0,116,235
11/05/2015,OLV,MS,ASO,CE,Federal Contract Tower,0,22,29,0,51,0,8,77,0,85,0,30,106,0,136,186,0,186,322
11/06/2015,OLV,MS,ASO,CE,Federal Contract Tower,0,14,11,1,26,0,0,3,0,3,0,14,14,1,29,4,0,4,33
11/07/2015,OLV,MS,ASO,CE,Federal Contract Tower,0,18,14,0,32,0,12,29,0,41,0,30,43,0,73,20,0,20,93
11/08/2015,OLV,MS,ASO,CE,Federal Contract Tower,0,17,9,1,27,0,0,0,0,0,0,17,9,1,27,38,0,38,65
11/09/2015,OLV,MS,ASO,CE,Federal Contract Tower,0,9,13,0,22,0,22,91,0,113,0,31,104,0,135,96,0,96,231
11/10/2015,OLV,MS,ASO,CE,Federal Contract Tower,0,17,16,0,33,0,2,113,0,115,0,19,129,0,148,132,0,132,280
11/11/2015,OLV,MS,ASO,CE,Federal Contract Tower,0,13,17,0,30,0,8,79,0,87,0,21,96,0,117,200,0,200,317
11/12/2015,OLV,MS,ASO,CE,Federal Contract Tower,0,20,11,0,31,0,15,106,0,121,0,35,117,0,152,184,0,184,336
11/13/2015,OLV,MS,ASO,CE,Federal Contract Tower,0,5,10,0,15,0,6,158,0,164,0,11,168,0,179,214,0,214,393
11/14/2015,OLV,MS,ASO,CE,Federal Contract Tower,0,7,10,0,17,0,0,159,1,160,0,7,169,1,177,124,0,124,301
11/15/2015,OLV,MS,ASO,CE,Federal Contract Tower,0,5,21,0,26,0,7,88,0,95,0,12,109,0,121,80,0,80,201
11/16/2015,OLV,MS,ASO,CE,Federal Contract Tower,0,14,16,0,30,0,6,87,0,93,0,20,103,0,123,106,0,106,229
11/17/2015,OLV,MS,ASO,CE,Federal Contract Tower,0,7,8,0,15,0,2,4,0,6,0,9,12,0,21,0,0,0,21
11/18/2015,OLV,MS,ASO,CE,Federal Contract Tower,0,9,9,0,18,0,9,89,2,100,0,18,98,2,118,74,0,74,192
11/19/2015,OLV,MS,ASO,CE,Federal Contract Tower,0,10,17,0,27,0,16,124,0,140,0,26,141,0,167,178,0,178,345
11/20/2015,OLV,MS,ASO,CE,Federal Contract Tower,0,16,14,0,30,0,7,113,0,120,0,23,127,0,150,146,0,146,296
11/21/2015,OLV,MS,ASO,CE,Federal Contract Tower,0,12,7,0,19,0,16,19,0,35,0,28,26,0,54,32,0,32,86
11/22/2015,OLV,MS,ASO,CE,Federal Contract Tower,0,8,8,0,16,0,7,72,0,79,0,15,80,0,95,88,0,88,183
11/23/2015,OLV,MS,ASO,CE,Federal Contract Tower,0,8,11,0,19,0,0,99,0,99,0,8,110,0,118,142,0,142,260
11/24/2015,OLV,MS,ASO,CE,Federal Contract Tower,0,13,23,0,36,0,4,119,3,126,0,17,142,3,162,242,18,260,422
11/25/2015,OLV,MS,ASO,CE,Federal Contract Tower,0,13,6,0,19,0,7,49,3,59,0,20,55,3,78,34,0,34,112
11/26/2015,OLV,MS,ASO,CE,Federal Contract Tower,0,0,2,0,2,0,4,9,0,13,0,4,11,0,15,0,0,0,15
11/27/2015,OLV,MS,ASO,CE,Federal Contract Tower,0,5,4,0,9,0,2,20,2,24,0,7,24,2,33,0,2,2,35
11/28/2015,OLV,MS,ASO,CE,Federal Contract Tower,0,1,3,0,4,0,0,0,0,0,0,1,3,0,4,0,0,0,4
11/29/2015,OLV,MS,ASO,CE,Federal Contract Tower,0,4,5,0,9,0,0,0,0,0,0,4,5,0,9,0,0,0,9
11/30/2015,OLV,MS,ASO,CE,Federal Contract Tower,0,10,0,0,10,0,0,0,0,0,0,10,0,0,10,0,0,0,10
12/01/2015,OLV,MS,ASO,CE,Federal Contract Tower,0,7,14,0,21,0,11,16,0,27,0,18,30,0,48,72,0,72,120
12/02/2015,OLV,MS,ASO,CE,Federal Contract Tower,0,16,10,0,26,0,11,95,1,107,0,27,105,1,133,146,4,150,283
12/03/2015,OLV,MS,ASO,CE,Federal Contract Tower,0,15,10,0,25,0,10,100,0,110,0,25,110,0,135,158,0,158,293
12/04/2015,OLV,MS,ASO,CE,Federal Contract Tower,0,10,16,0,26,0,10,106,1,117,0,20,122,1,143,186,0,186,329
12/05/2015,OLV,MS,ASO,CE,Federal Contract Tower,0,4,10,0,14,0,16,86,2,104,0,20,96,2,118,126,4,130,248
12/06/2015,OLV,MS,ASO,CE,Federal Contract Tower,0,3,16,0,19,0,4,57,0,61,0,7,73,0,80,38,0,38,118
12/07/2015,OLV,MS,ASO,CE,Federal Contract Tower,0,12,20,0,32,0,6,107,0,113,0,18,127,0,145,190,0,190,335
12/08/2015,OLV,MS,ASO,CE,Federal Contract Tower,0,14,18,0,32,0,7,94,0,101,0,21,112,0,133,208,0,208,341
12/09/2015,OLV,MS,ASO,CE,Federal Contract Tower,0,17,13,0,30,0,11,90,0,101,0,28,103,0,131,142,0,142,273
12/10/2015,OLV,MS,ASO,CE,Federal Contract Tower,0,12,12,0,24,0,3,49,2,54,0,15,61,2,78,108,14,122,200
12/11/2015,OLV,MS,ASO,CE,Federal Contract Tower,0,8,18,0,26,0,3,20,0,23,0,11,38,0,49,48,0,48,97
12/12/2015,OLV,MS,ASO,CE,Federal Contract Tower,0,4,6,0,10,0,0,30,0,30,0,4,36,0,40,62,0,62,102
12/13/2015,OLV,MS,ASO,CE,Federal Contract Tower,0,9,2,0,11,0,2,2,0,4,0,11,4,0,15,4,0,4,19
12/14/2015,OLV,MS,ASO,CE,Federal Contract Tower,0,9,4,0,13,0,5,32,0,37,0,14,36,0,50,24,0,24,74
12/15/2015,OLV,MS,ASO,CE,Federal Contract Tower,0,6,17,0,23,0,9,149,0,158,0,15,166,0,181,220,0,220,401
12/16/2015,OLV,MS,ASO,CE,Federal Contract Tower,0,23,16,0,39,0,1,12,0,13,0,24,28,0,52,2,0,2,54
12/17/2015,OLV,MS,ASO,CE,Federal Contract Tower,0,13,16,0,29,0,10,143,3,156,0,23,159,3,185,272,0,272,457
12/18/2015,OLV,MS,ASO,CE,Federal Contract Tower,0,13,22,0,35,0,8,102,2,112,0,21,124,2,147,134,0,134,281
12/19/2015,OLV,MS,ASO,CE,Federal Contract Tower,0,8,8,0,16,0,8,95,2,105,0,16,103,2,121,156,0,156,277
12/20/2015,OLV,MS,ASO,CE,Federal Contract Tower,0,8,11,0,19,0,6,85,0,91,0,14,96,0,110,82,0,82,192
12/21/2015,OLV,MS,ASO,CE,Federal Contract Tower,0,3,5,0,8,0,0,0,0,0,0,3,5,0,8,0,0,0,8
12/22/2015,OLV,MS,ASO,CE,Federal Contract Tower,0,10,11,0,21,0,0,49,0,49,0,10,60,0,70,154,0,154,224
12/23/2015,OLV,MS,ASO,CE,Federal Contract Tower,0,6,0,0,6,0,0,0,0,0,0,6,0,0,6,0,0,0,6
12/24/2015,OLV,MS,ASO,CE,Federal Contract Tower,0,8,8,2,18,0,10,81,0,91,0,18,89,2,109,54,0,54,163
12/25/2015,OLV,MS,ASO,CE,Federal Contract Tower,0,1,0,0,1,0,0,0,0,0,0,1,0,0,1,0,0,0,1
12/26/2015,OLV,MS,ASO,CE,Federal Contract Tower,0,6,0,0,6,0,0,6,0,6,0,6,6,0,12,8,0,8,20
12/27/2015,OLV,MS,ASO,CE,Federal Contract Tower,0,8,10,0,18,0,0,0,0,0,0,8,10,0,18,0,0,0,18
12/28/2015,OLV,MS,ASO,CE,Federal Contract Tower,0,5,1,0,6,0,10,1,0,11,0,15,2,0,17,0,0,0,17
12/29/2015,OLV,MS,ASO,CE,Federal Contract Tower,0,15,29,0,44,0,5,86,2,93,0,20,115,2,137,228,16,244,381
12/30/2015,OLV,MS,ASO,CE,Federal Contract Tower,0,15,24,0,39,0,3,33,0,36,0,18,57,0,75,82,0,82,157
12/31/2015,OLV,MS,ASO,CE,Federal Contract Tower,0,13,8,1,22,0,3,78,6,87,0,16,86,7,109,140,4,144,253
01/01/2016,OLV,MS,ASO,CE,Federal Contract Tower,0,4,5,0,9,0,0,35,0,35,0,4,40,0,44,40,0,40,84
01/02/2016,OLV,MS,ASO,CE,Federal Contract Tower,0,8,7,0,15,0,7,75,0,82,0,15,82,0,97,48,0,48,145
01/03/2016,OLV,MS,ASO,CE,Federal Contract Tower,0,15,5,0,20,0,2,84,0,86,0,17,89,0,106,90,0,90,196
01/04/2016,OLV,MS,ASO,CE,Federal Contract Tower,0,11,21,2,34,0,1,87,0,88,0,12,108,2,122,102,0,102,224
01/05/2016,OLV,MS,ASO,CE,Federal Contract Tower,0,10,17,0,27,0,11,104,0,115,0,21,121,0,142,198,0,198,340
01/06/2016,OLV,MS,ASO,CE,Federal Contract Tower,0,13,7,0,20,0,19,128,2,149,0,32,135,2,169,226,0,226,395
01/07/2016,OLV,MS,ASO,CE,Federal Contract Tower,0,22,15,0,37,0,5,78,0,83,0,27,93,0,120,203,0,203,323
01/08/2016,OLV,MS,ASO,CE,Federal Contract Tower,0,8,2,0,10,0,3,0,0,3,0,11,2,0,13,0,0,0,13
01/09/2016,OLV,MS,ASO,CE,Federal Contract Tower,0,4,2,0,6,0,4,1,0,5,0,8,3,0,11,0,0,0,11
01/10/2016,OLV,MS,ASO,CE,Federal Contract Tower,0,7,13,1,21,0,1,52,6,59,0,8,65,7,80,44,6,50,130
01/11/2016,OLV,MS,ASO,CE,Federal Contract Tower,0,7,11,0,18,0,5,86,0,91,0,12,97,0,109,126,0,126,235
01/12/2016,OLV,MS,ASO,CE,Federal Contract Tower,0,10,12,0,22,0,5,98,0,103,0,15,110,0,125,160,0,160,285
01/13/2016,OLV,MS,ASO,CE,Federal Contract Tower,0,9,13,0,22,0,9,101,0,110,0,18,114,0,132,170,0,170,302
01/14/2016,OLV,MS,ASO,CE,Federal Contract Tower,0,16,21,0,37,0,15,107,2,124,0,31,128,2,161,186,10,196,357
01/15/2016,OLV,MS,ASO,CE,Federal Contract Tower,0,11,10,0,21,0,0,14,0,14,0,11,24,0,35,54,0,54,89
01/16/2016,OLV,MS,ASO,CE,Federal Contract Tower,0,8,6,0,14,0,3,62,0,65,0,11,68,0,79,122,0,122,201
01/17/2016,OLV,MS,ASO,CE,Federal Contract Tower,0,2,12,1,15,0,0,51,1,52,0,2,63,2,67,34,0,34,101
01/18/2016,OLV,MS,ASO,CE,Federal Contract Tower,0,12,18,0,30,0,6,101,0,107,0,18,119,0,137,168,0,168,305
01/19/2016,OLV,MS,ASO,CE,Federal Contract Tower,0,16,11,0,27,0,3,92,0,95,0,19,103,0,122,112,0,112,234
01/20/2016,OLV,MS,ASO,CE,Federal Contract Tower,0,15,0,0,15,0,0,0,0,0,0,15,0,0,15,0,0,0,15
01/21/2016,OLV,MS,ASO,CE,Federal Contract Tower,0,14,0,0,14,0,0,0,0,0,0,14,0,0,14,0,0,0,14
01/22/2016,OLV,MS,ASO,CE,Federal Contract Tower,0,2,0,0,2,0,2,0,0,2,0,4,0,0,4,0,0,0,4
01/23/2016,OLV,MS,ASO,CE,Federal Contract Tower,0,0,1,0,1,0,2,32,0,34,0,2,33,0,35,46,0,46,81
01/24/2016,OLV,MS,ASO,CE,Federal Contract Tower,0,9,7,0,16,0,1,55,2,58,0,10,62,2,74,82,0,82,156
01/25/2016,OLV,MS,ASO,CE,Federal Contract Tower,0,7,7,0,14,0,0,23,0,23,0,7,30,0,37,54,0,54,91
01/26/2016,OLV,MS,ASO,CE,Federal Contract Tower,0,21,14,0,35,0,11,75,0,86,0,32,89,0,121,150,0,150,271
01/27/2016,OLV,MS,ASO,CE,Federal Contract Tower,0,14,20,0,34,0,6,106,0,112,0,20,126,0,146,164,0,164,310
01/28/2016,OLV,MS,ASO,CE,Federal Contract Tower,0,9,17,0,26,0,5,74,0,79,0,14,91,0,105,100,0,100,205
01/29/2016,OLV,MS,ASO,CE,Federal Contract Tower,0,20,13,1,34,0,6,108,0,114,0,26,121,1,148,148,0,148,296
01/30/2016,OLV,MS,ASO,CE,Federal Contract Tower,0,3,4,0,7,0,7,33,2,42,0,10,37,2,49,30,8,38,87
01/31/2016,OLV,MS,ASO,CE,Federal Contract Tower,0,7,4,0,11,0,4,6,0,10,0,11,10,0,21,2,0,2,23
02/01/2016,OLV,MS,ASO,CE,Federal Contract Tower,0,8,2,0,10,0,1,14,0,15,0,9,16,0,25,44,0,44,69
02/02/2016,OLV,MS,ASO,CE,Federal Contract Tower,0,6,1,0,7,0,0,1,0,1,0,6,2,0,8,0,0,0,8
02/03/2016,OLV,MS,ASO,CE,Federal Contract Tower,0,18,22,0,40,0,8,100,0,108,0,26,122,0,148,90,0,90,238
02/04/2016,OLV,MS,ASO,CE,Federal Contract Tower,0,19,19,0,38,0,17,110,0,127,0,36,129,0,165,208,0,208,373
02/05/2016,OLV,MS,ASO,CE,Federal Contract Tower,0,12,12,0,24,0,12,105,0,117,0,24,117,0,141,174,0,174,315
02/06/2016,OLV,MS,ASO,CE,Federal Contract Tower,0,3,5,0,8,0,5,92,2,99,0,8,97,2,107,122,0,122,229
02/07/2016,OLV,MS,ASO,CE,Federal Contract Tower,0,7,4,0,11,0,2,37,0,39,0,9,41,0,50,50,0,50,100
02/08/2016,OLV,MS,ASO,CE,Federal Contract Tower,0,10,0,0,10,0,2,8,0,10,0,12,8,0,20,2,0,2,22
02/09/2016,OLV,MS,ASO,CE,Federal Contract Tower,0,14,4,4,22,0,9,11,2,22,0,23,15,6,44,0,16,16,60
02/10/2016,OLV,MS,ASO,CE,Federal Contract Tower,0,13,10,0,23,0,8,93,0,101,0,21,103,0,124,182,0,182,306
02/11/2016,OLV,MS,ASO,CE,Federal Contract Tower,0,6,9,0,15,0,13,71,2,86,0,19,80,2,101,92,0,92,193
02/12/2016,OLV,MS,ASO,CE,Federal Contract Tower,0,13,9,0,22,0,12,119,0,131,0,25,128,0,153,278,0,278,431
02/13/2016,OLV,MS,ASO,CE,Federal Contract Tower,0,3,4,1,8,0,4,72,0,76,0,7,76,1,84,72,0,72,156
02/14/2016,OLV,MS,ASO,CE,Federal Contract Tower,0,2,5,0,7,0,5,14,0,19,0,7,19,0,26,6,0,6,32
02/15/2016,OLV,MS,ASO,CE,Federal Contract Tower,0,14,0,0,14,0,0,0,0,0,0,14,0,0,14,0,0,0,14
02/16/2016,OLV,MS,ASO,CE,Federal Contract Tower,0,7,4,0,11,0,5,7,0,12,0,12,11,0,23,4,0,4,27
02/17/2016,OLV,MS,ASO,CE,Federal Contract Tower,0,29,14,2,45,0,13,112,0,125,0,42,126,2,170,180,0,180,350
02/18/2016,OLV,MS,ASO,CE,Federal Contract Tower,0,13,17,0,30,0,10,89,2,101,0,23,106,2,131,154,0,154,285
02/19/2016,OLV,MS,ASO,CE,Federal Contract Tower,0,19,7,0,26,0,14,18,0,32,0,33,25,0,58,40,0,40,98
02/20/2016,OLV,MS,ASO,CE,Federal Contract Tower,0,9,2,2,13,0,9,23,0,32,0,18,25,2,45,100,0,100,145
02/21/2016,OLV,MS,ASO,CE,Federal Contract Tower,0,7,3,0,10,0,2,17,0,19,0,9,20,0,29,28,0,28,57
02/22/2016,OLV,MS,ASO,CE,Federal Contract Tower,0,16,8,0,24,0,0,30,0,30,0,16,38,0,54,40,0,40,94
02/23/2016,OLV,MS,ASO,CE,Federal Contract Tower,0,4,4,0,8,0,0,0,0,0,0,4,4,0,8,0,0,0,8
02/24/2016,OLV,MS,ASO,CE,Federal Contract Tower,0,8,3,0,11,0,0,0,0,0,0,8,3,0,11,0,0,0,11
02/25/2016,OLV,MS,ASO,CE,Federal Contract Tower,0,21,20,0,41,0,8,69,0,77,0,29,89,0,118,88,0,88,206
02/26/2016,OLV,MS,ASO,CE,Federal Contract Tower,0,25,15,0,40,0,7,95,0,102,0,32,110,0,142,140,0,140,282
02/27/2016,OLV,MS,ASO,CE,Federal Contract Tower,0,1,8,1,10,0,2,110,0,112,0,3,118,1,122,146,0,146,268
02/28/2016,OLV,MS,ASO,CE,Federal Contract Tower,0,14,8,0,22,0,2,23,0,25,0,16,31,0,47,40,0,40,87
02/29/2016,OLV,MS,ASO,CE,Federal Contract Tower,0,8,21,0,29,0,0,118,0,118,0,8,139,0,147,226,0,226,373
03/01/2016,OLV,MS,ASO,CE,Federal Contract Tower,0,5,5,0,10,0,0,7,0,7,0,5,12,0,17,4,0,4,21
03/02/2016,OLV,MS,ASO,CE,Federal Contract Tower,0,20,19,0,39,0,8,105,0,113,0,28,124,0,152,202,0,202,354
03/03/2016,OLV,MS,ASO,CE,Federal Contract Tower,0,10,14,0,24,0,2,1,0,3,0,12,15,0,27,4,0,4,31
03/04/2016,OLV,MS,ASO,CE,Federal Contract Tower,0,18,9,1,28,0,4,74,0,78,0,22,83,1,106,176,0,176,282
03/05/2016,OLV,MS,ASO,CE,Federal Contract Tower,0,14,0,0,14,0,12,85,4,101,0,26,85,4,115,92,0,92,207
03/06/2016,OLV,MS,ASO,CE,Federal Contract Tower,0,15,16,0,31,0,4,75,1,80,0,19,91,1,111,70,0,70,181
03/07/2016,OLV,MS,ASO,CE,Federal Contract Tower,0,8,7,0,15,0,0,64,0,64,0,8,71,0,79,76,0,76,155
03/08/2016,OLV,MS,ASO,CE,Federal Contract Tower,0,11,9,0,20,0,3,32,0,35,0,14,41,0,55,42,0,42,97
03/09/2016,OLV,MS,ASO,CE,Federal Contract Tower,0,16,0,0,16,0,0,0,0,0,0,16,0,0,16,0,0,0,16
03/10/2016,OLV,MS,ASO,CE,Federal Contract Tower,0,9,2,0,11,0,0,0,0,0,0,9,2,0,11,0,0,0,11
03/11/2016,OLV,MS,ASO,CE,Federal Contract Tower,0,5,2,0,7,0,0,0,0,0,0,5,2,0,7,0,0,0,7
03/12/2016,OLV,MS,ASO,CE,Federal Contract Tower,0,5,2,0,7,0,0,2,0,2,0,5,4,0,9,0,0,0,9
03/13/2016,OLV,MS,ASO,CE,Federal Contract Tower,0,10,4,0,14,0,4,17,0,21,0,14,21,0,35,6,0,6,41
03/14/2016,OLV,MS,ASO,CE,Federal Contract Tower,0,6,12,0,18,0,1,70,2,73,0,7,82,2,91,114,0,114,205
03/15/2016,OLV,MS,ASO,CE,Federal Contract Tower,0,12,12,0,24,0,2,85,0,87,0,14,97,0,111,48,0,48,159
03/16/2016,OLV,MS,ASO,CE,Federal Contract Tower,0,16,11,0,27,0,3,104,0,107,0,19,115,0,134,182,0,182,316
03/17/2016,OLV,MS,ASO,CE,Federal Contract Tower,0,13,35,0,48,0,7,98,0,105,0,20,133,0,153,210,0,210,363
03/18/2016,OLV,MS,ASO,CE,Federal Contract Tower,0,16,9,1,26,0,7,93,6,106,0,23,102,7,132,170,8,178,310
03/19/2016,OLV,MS,ASO,CE,Federal Contract Tower,0,2,22,0,24,0,2,25,0,27,0,4,47,0,51,40,0,40,91
03/20/2016,OLV,MS,ASO,CE,Federal Contract Tower,0,7,4,0,11,0,0,37,0,37,0,7,41,0,48,22,0,22,70
03/21/2016,OLV,MS,ASO,CE,Federal Contract Tower,0,10,15,0,25,0,0,102,0,102,0,10,117,0,127,92,0,92,219
03/22/2016,OLV,MS,ASO,CE,Federal Contract Tower,0,15,12,0,27,0,10,28,0,38,0,25,40,0,65,10,0,10,75
03/23/2016,OLV,MS,ASO,CE,Federal Contract Tower,0,11,15,0,26,0,4,10,0,14,0,15,25,0,40,0,0,0,40
03/24/2016,OLV,MS,ASO,CE,Federal Contract Tower,0,4,4,0,8,0,4,16,1,21,0,8,20,1,29,20,0,20,49
03/25/2016,OLV,MS,ASO,CE,Federal Contract Tower,0,12,17,0,29,0,7,106,1,114,0,19,123,1,143,224,0,224,367
03/26/2016,OLV,MS,ASO,CE,Federal Contract Tower,0,4,8,0,12,6,116,1,0,123,6,120,9,0,135,126,0,126,261
03/27/2016,OLV,MS,ASO,CE,Federal Contract Tower,0,4,6,0,10,0,2,2,0,4,0,6,8,0,14,0,0,0,14
03/28/2016,OLV,MS,ASO,CE,Federal Contract Tower,0,14,45,0,59,0,2,127,0,129,0,16,172,0,188,132,0,132,320
03/29/2016,OLV,MS,ASO,CE,Federal Contract Tower,0,21,19,0,40,0,7,65,0,72,0,28,84,0,112,120,0,120,232
03/30/2016,OLV,MS,ASO,CE,Federal Contract Tower,0,13,16,1,30,0,2,19,1,22,0,15,35,2,52,12,0,12,64
03/31/2016,OLV,MS,ASO,CE,Federal Contract Tower,0,9,7,0,16,0,0,5,0,5,0,9,12,0,21,2,0,2,23
04/01/2016,OLV,MS,ASO,CE,Federal Contract Tower,0,12,29,2,43,0,10,79,0,89,0,22,108,2,132,230,0,230,362
04/02/2016,OLV,MS,ASO,CE,Federal Contract Tower,0,15,8,0,23,0,27,78,1,106,0,42,86,1,129,60,0,60,189
04/03/2016,OLV,MS,ASO,CE,Federal Contract Tower,0,4,8,0,12,0,2,72,1,75,0,6,80,1,87,96,0,96,183
04/04/2016,OLV,MS,ASO,CE,Federal Contract Tower,0,11,13,0,24,0,3,85,0,88,0,14,98,0,112,96,0,96,208
04/05/2016,OLV,MS,ASO,CE,Federal Contract Tower,0,13,21,1,35,0,6,82,2,90,0,19,103,3,125,142,2,144,269
04/06/2016,OLV,MS,ASO,CE,Federal Contract Tower,0,13,12,0,25,0,1,18,0,19,0,14,30,0,44,10,0,10,54
04/07/2016,OLV,MS,ASO,CE,Federal Contract Tower,0,5,13,0,18,0,16,39,0,55,0,21,52,0,73,24,0,24,97
04/08/2016,OLV,MS,ASO,CE,Federal Contract Tower,0,8,8,0,16,0,7,25,0,32,0,15,33,0,48,6,0,6,54
04/09/2016,OLV,MS,ASO,CE,Federal Contract Tower,0,1,1,1,3,0,8,83,3,94,0,9,84,4,97,146,0,146,243
04/10/2016,OLV,MS,ASO,CE,Federal Contract Tower,0,11,4,0,15,0,6,9,0,15,0,17,13,0,30,0,0,0,30
04/11/2016,OLV,MS,ASO,CE,Federal Contract Tower,0,9,1,0,10,0,0,0,0,0,0,9,1,0,10,0,0,0,10
04/12/2016,OLV,MS,ASO,CE,Federal Contract Tower,0,14,12,0,26,0,10,63,0,73,0,24,75,0,99,56,0,56,155
04/13/2016,OLV,MS,ASO,CE,Federal Contract Tower,0,14,12,0,26,0,27,93,0,120,0,41,105,0,146,100,0,100,246
04/14/2016,OLV,MS,ASO,CE,Federal Contract Tower,0,18,15,0,33,0,0,20,0,20,0,18,35,0,53,68,0,68,121
04/15/2016,OLV,MS,ASO,CE,Federal Contract Tower,0,15,19,0,34,0,7,20,0,27,0,22,39,0,61,26,0,26,87
04/16/2016,OLV,MS,ASO,CE,Federal Contract Tower,0,10,17,0,27,0,9,45,0,54,0,19,62,0,81,92,0,92,173
04/17/2016,OLV,MS,ASO,CE,Federal Contract Tower,0,18,7,0,25,0,10,62,2,74,0,28,69,2,99,32,6,38,137
04/18/2016,OLV,MS,ASO,CE,Federal Contract Tower,0,9,33,0,42,0,2,92,0,94,0,11,125,0,136,138,0,138,274
04/19/2016,OLV,MS,ASO,CE,Federal Contract Tower,0,16,27,0,43,0,6,59,0,65,0,22,86,0,108,106,0,106,214
04/20/2016,OLV,MS,ASO,CE,Federal Contract Tower,0,17,8,0,25,0,1,22,0,23,0,18,30,0,48,18,0,18,66
04/21/2016,OLV,MS,ASO,CE,Federal Contract Tower,0,13,13,2,28,0,7,43,0,50,0,20,56,2,78,60,0,60,138
04/22/2016,OLV,MS,ASO,CE,Federal Contract Tower,0,18,10,0,28,0,18,94,2,114,0,36,104,2,142,128,0,128,270
04/23/2016,OLV,MS,ASO,CE,Federal Contract Tower,0,12,10,0,22,0,6,59,4,69,0,18,69,4,91,72,0,72,163
04/24/2016,OLV,MS,ASO,CE,Federal Contract Tower,0,16,7,0,23,0,2,46,0,48,0,18,53,0,71,6,0,6,77
04/25/2016,OLV,MS,ASO,CE,Federal Contract Tower,0,16,25,0,41,0,2,114,0,116,0,18,139,0,157,154,0,154,311
04/26/2016,OLV,MS,ASO,CE,Federal Contract Tower,0,20,14,0,34,0,12,49,0,61,0,32,63,0,95,126,0,126,221
04/27/2016,OLV,MS,ASO,CE,Federal Contract Tower,0,11,0,0,11,0,3,3,0,6,0,14,3,0,17,8,0,8,25
04/28/2016,OLV,MS,ASO,CE,Federal Contract Tower,0,23,19,1,43,0,10,102,1,113,0,33,121,2,156,116,0,116,272
04/29/2016,OLV,MS,ASO,CE,Federal Contract Tower,0,15,4,0,19,0,4,4,0,8,0,19,8,0,27,18,0,18,45
04/30/2016,OLV,MS,ASO,CE,Federal Contract Tower,0,3,1,0,4,0,0,11,0,11,0,3,12,0,15,38,0,38,53
05/01/2016,OLV,MS,ASO,CE,Federal Contract Tower,0,6,14,0,20,0,2,11,0,13,0,8,25,0,33,32,0,32,65
05/02/2016,OLV,MS,ASO,CE,Federal Contract Tower,0,10,5,0,15,0,2,0,0,2,0,12,5,0,17,0,0,0,17
05/03/2016,OLV,MS,ASO,CE,Federal Contract Tower,0,18,23,0,41,0,3,81,1,85,0,21,104,1,126,140,18,158,284
05/04/2016,OLV,MS,ASO,CE,Federal Contract Tower,0,29,16,0,45,0,13,53,0,66,0,42,69,0,111,42,0,42,153
05/05/2016,OLV,MS,ASO,CE,Federal Contract Tower,0,20,17,0,37,0,7,51,2,60,0,27,68,2,97,36,0,36,133
05/06/2016,OLV,MS,ASO,CE,Federal Contract Tower,0,24,14,0,38,0,15,90,2,107,0,39,104,2,145,112,0,112,257
05/07/2016,OLV,MS,ASO,CE,Federal Contract Tower,0,12,7,0,19,0,13,94,0,107,0,25,101,0,126,104,0,104,230
05/08/2016,OLV,MS,ASO,CE,Federal Contract Tower,0,8,8,0,16,0,10,49,0,59,0,18,57,0,75,28,0,28,103
05/09/2016,OLV,MS,ASO,CE,Federal Contract Tower,0,16,10,0,26,0,12,45,0,57,0,28,55,0,83,132,0,132,215
05/10/2016,OLV,MS,ASO,CE,Federal Contract Tower,0,4,11,0,15,0,10,54,0,64,0,14,65,0,79,82,0,82,161
05/11/2016,OLV,MS,ASO,CE,Federal Contract Tower,0,12,19,0,31,0,7,86,0,93,0,19,105,0,124,86,0,86,210
05/12/2016,OLV,MS,ASO,CE,Federal Contract Tower,0,14,8,0,22,0,5,36,0,41,0,19,44,0,63,68,0,68,131
05/13/2016,OLV,MS,ASO,CE,Federal Contract Tower,0,15,47,0,62,0,14,113,0,127,0,29,160,0,189,152,0,152,341
05/14/2016,OLV,MS,ASO,CE,Federal Contract Tower,0,8,12,0,20,0,3,64,0,67,0,11,76,0,87,36,0,36,123
05/15/2016,OLV,MS,ASO,CE,Federal Contract Tower,0,19,11,0,30,0,8,57,0,65,0,27,68,0,95,68,0,68,163
05/16/2016,OLV,MS,ASO,CE,Federal Contract Tower,0,10,10,0,20,0,4,68,0,72,0,14,78,0,92,108,0,108,200
05/17/2016,OLV,MS,ASO,CE,Federal Contract Tower,0,14,8,0,22,0,6,80,0,86,0,20,88,0,108,152,0,152,260
05/18/2016,OLV,MS,ASO,CE,Federal Contract Tower,0,15,17,0,32,0,2,17,0,19,0,17,34,0,51,76,0,76,127
05/19/2016,OLV,MS,ASO,CE,Federal Contract Tower,0,7,24,0,31,0,9,107,2,118,0,16,131,2,149,166,0,166,315
05/20/2016,OLV,MS,ASO,CE,Federal Contract Tower,0,11,12,0,23,0,0,19,0,19,0,11,31,0,42,6,0,6,48
05/21/2016,OLV,MS,ASO,CE,Federal Contract Tower,0,5,16,0,21,0,7,66,0,73,0,12,82,0,94,84,0,84,178
05/22/2016,OLV,MS,ASO,CE,Federal Contract Tower,0,8,16,0,24,0,1,71,0,72,0,9,87,0,96,42,0,42,138
05/23/2016,OLV,MS,ASO,CE,Federal Contract Tower,0,17,27,0,44,0,2,108,0,110,0,19,135,0,154,80,0,80,234
05/24/2016,OLV,MS,ASO,CE,Federal Contract Tower,0,22,47,0,69,0,4,102,0,106,0,26,149,0,175,140,0,140,315
05/25/2016,OLV,MS,ASO,CE,Federal Contract Tower,0,19,14,0,33,0,1,45,0,46,0,20,59,0,79,86,0,86,165
05/26/2016,OLV,MS,ASO,CE,Federal Contract Tower,0,24,13,0,37,0,12,55,0,67,0,36,68,0,104,130,0,130,234
05/27/2016,OLV,MS,ASO,CE,Federal Contract Tower,0,15,14,0,29,0,3,40,0,43,0,18,54,0,72,48,0,48,120
05/28/2016,OLV,MS,ASO,CE,Federal Contract Tower,0,6,7,0,13,0,0,30,0,30,0,6,37,0,43,102,0,102,145
05/29/2016,OLV,MS,ASO,CE,Federal Contract Tower,0,3,25,0,28,0,2,64,0,66,0,5,89,0,94,58,0,58,152
05/30/2016,OLV,MS,ASO,CE,Federal Contract Tower,0,10,14,0,24,0,8,74,0,82,0,18,88,0,106,90,0,90,196
05/31/2016,OLV,MS,ASO,CE,Federal Contract Tower,0,20,16,1,37,0,13,71,1,85,0,33,87,2,122,172,0,172,294
06/01/2016,OLV,MS,ASO,CE,Federal Contract Tower,0,9,13,0,22,0,1,55,2,58,0,10,68,2,80,108,0,108,188
06/02/2016,OLV,MS,ASO,CE,Federal Contract Tower,0,20,13,0,33,0,14,43,0,57,0,34,56,0,90,130,0,130,220
06/03/2016,OLV,MS,ASO,CE,Federal Contract Tower,0,17,5,0,22,0,2,42,0,44,0,19,47,0,66,54,0,54,120
06/04/2016,OLV,MS,ASO,CE,Federal Contract Tower,0,4,1,0,5,0,0,12,0,12,0,4,13,0,17,4,0,4,21
06/05/2016,OLV,MS,ASO,CE,Federal Contract Tower,0,10,13,0,23,0,4,63,2,69,0,14,76,2,92,44,6,50,142
06/06/2016,OLV,MS,ASO,CE,Federal Contract Tower,0,11,17,0,28,0,0,109,2,111,0,11,126,2,139,94,8,102,241
06/07/2016,OLV,MS,ASO,CE,Federal Contract Tower,0,20,9,0,29,0,19,102,1,122,0,39,111,1,151,158,0,158,309
06/08/2016,OLV,MS,ASO,CE,Federal Contract Tower,0,14,12,0,26,0,10,102,0,112,0,24,114,0,138,142,0,142,280
06/09/2016,OLV,MS,ASO,CE,Federal Contract Tower,0,16,28,0,44,0,19,98,5,122,0,35,126,5,166,154,8,162,328
06/10/2016,OLV,MS,ASO,CE,Federal Contract Tower,0,12,15,0,27,0,8,92,1,101,0,20,107,1,128,148,0,148,276
06/11/2016,OLV,MS,ASO,CE,Federal Contract Tower,0,8,19,0,27,0,16,73,2,91,0,24,92,2,118,104,0,104,222
06/12/2016,OLV,MS,ASO,CE,Federal Contract Tower,0,7,17,0,24,0,6,32,1,39,0,13,49,1,63,24,4,28,91
06/13/2016,OLV,MS,ASO,CE,Federal Contract Tower,0,17,19,0,36,0,4,78,0,82,0,21,97,0,118,60,0,60,178
06/14/2016,OLV,MS,ASO,CE,Federal Contract Tower,0,10,13,0,23,0,4,46,0,50,0,14,59,0,73,76,0,76,149
06/15/2016,OLV,MS,ASO,CE,Federal Contract Tower,0,20,15,0,35,0,10,73,1,84,0,30,88,1,119,118,0,118,237
06/16/2016,OLV,MS,ASO,CE,Federal Contract Tower,0,30,8,0,38,0,6,80,0,86,0,36,88,0,124,158,0,158,282
06/17/2016,OLV,MS,ASO,CE,Federal Contract Tower,0,10,6,0,16,0,8,43,0,51,0,18,49,0,67,56,0,56,123
06/18/2016,OLV,MS,ASO,CE,Federal Contract Tower,0,12,14,0,26,0,16,86,5,107,0,28,100,5,133,52,0,52,185
06/19/2016,OLV,MS,ASO,CE,Federal Contract Tower,0,2,12,0,14,0,1,60,0,61,0,3,72,0,75,70,0,70,145
06/20/2016,OLV,MS,ASO,CE,Federal Contract Tower,0,11,35,0,46,0,11,132,0,143,0,22,167,0,189,124,0,124,313
06/21/2016,OLV,MS,ASO,CE,Federal Contract Tower,0,16,19,0,35,0,7,78,0,85,0,23,97,0,120,66,0,66,186
06/22/2016,OLV,MS,ASO,CE,Federal Contract Tower,0,8,9,0,17,0,11,96,0,107,0,19,105,0,124,132,0,132,256
06/23/2016,OLV,MS,ASO,CE,Federal Contract Tower,0,11,23,0,34,0,8,85,0,93,0,19,108,0,127,74,0,74,201
06/24/2016,OLV,MS,ASO,CE,Federal Contract Tower,0,24,8,0,32,0,17,97,0,114,0,41,105,0,146,124,0,124,270
06/25/2016,OLV,MS,ASO,CE,Federal Contract Tower,0,5,8,0,13,0,9,57,1,67,0,14,65,1,80,58,0,58,138
06/26/2016,OLV,MS,ASO,CE,Federal Contract Tower,0,16,8,0,24,0,4,51,0,55,0,20,59,0,79,64,0,64,143
06/27/2016,OLV,MS,ASO,CE,Federal Contract Tower,0,14,6,0,20,0,0,30,0,30,0,14,36,0,50,64,0,64,114
06/28/2016,OLV,MS,ASO,CE,Federal Contract Tower,0,14,14,0,28,0,12,73,0,85,0,26,87,0,113,88,0,88,201
06/29/2016,OLV,MS,ASO,CE,Federal Contract Tower,0,9,13,0,22,0,8,95,0,103,0,17,108,0,125,86,0,86,211
06/30/2016,OLV,MS,ASO,CE,Federal Contract Tower,0,15,7,0,22,0,10,91,0,101,0,25,98,0,123,92,0,92,215
07/01/2016,OLV,MS,ASO,CE,Federal Contract Tower,0,17,26,0,43,0,22,89,2,113,0,39,115,2,156,80,0,80,236
07/02/2016,OLV,MS,ASO,CE,Federal Contract Tower,0,8,4,0,12,0,6,46,0,52,0,14,50,0,64,66,0,66,130
07/03/2016,OLV,MS,ASO,CE,Federal Contract Tower,0,0,2,0,2,0,7,24,0,31,0,7,26,0,33,8,0,8,41
07/04/2016,OLV,MS,ASO,CE,Federal Contract Tower,0,2,5,0,7,0,3,9,0,12,0,5,14,0,19,4,0,4,23
07/05/2016,OLV,MS,ASO,CE,Federal Contract Tower,0,10,5,0,15,0,16,38,0,54,0,26,43,0,69,88,0,88,157
07/06/2016,OLV,MS,ASO,CE,Federal Contract Tower,0,10,16,0,26,0,8,24,0,32,0,18,40,0,58,10,0,10,68
07/07/2016,OLV,MS,ASO,CE,Federal Contract Tower,0,12,8,2,22,0,10,57,0,67,0,22,65,2,89,12,0,12,101
07/08/2016,OLV,MS,ASO,CE,Federal Contract Tower,0,12,14,0,26,0,5,67,0,72,0,17,81,0,98,66,0,66,164
07/09/2016,OLV,MS,ASO,CE,Federal Contract Tower,0,2,1,0,3,0,2,33,2,37,0,4,34,2,40,52,0,52,92
07/10/2016,OLV,MS,ASO,CE,Federal Contract Tower,0,10,6,0,16,0,2,18,0,20,0,12,24,0,36,20,0,20,56
07/11/2016,OLV,MS,ASO,CE,Federal Contract Tower,0,18,14,0,32,0,2,76,2,80,0,20,90,2,112,122,0,122,234
07/12/2016,OLV,MS,ASO,CE,Federal Contract Tower,0,11,15,0,26,0,9,75,0,84,0,20,90,0,110,80,0,80,190
07/13/2016,OLV,MS,ASO,CE,Federal Contract Tower,0,12,15,0,27,0,11,78,2,91,0,23,93,2,118,104,0,104,222
07/14/2016,OLV,MS,ASO,CE,Federal Contract Tower,0,14,10,0,24,0,6,48,2,56,0,20,58,2,80,92,4,96,176
07/15/2016,OLV,MS,ASO,CE,Federal Contract Tower,0,28,16,0,44,0,10,66,0,76,0,38,82,0,120,146,0,146,266
07/16/2016,OLV,MS,ASO,CE,Federal Contract Tower,0,13,12,0,25,0,5,62,0,67,0,18,74,0,92,90,0,90,182
07/17/2016,OLV,MS,ASO,CE,Federal Contract Tower,0,7,4,2,13,0,0,52,3,55,0,7,56,5,68,22,0,22,90
07/18/2016,OLV,MS,ASO,CE,Federal Contract Tower,0,11,21,0,32,0,3,69,0,72,0,14,90,0,104,112,0,112,216
07/19/2016,OLV,MS,ASO,CE,Federal Contract Tower,0,10,21,0,31,0,7,57,0,64,0,17,78,0,95,94,0,94,189
07/20/2016,OLV,MS,ASO,CE,Federal Contract Tower,0,19,12,0,31,0,5,54,0,59,0,24,66,0,90,78,0,78,168
07/21/2016,OLV,MS,ASO,CE,Federal Contract Tower,0,25,16,2,43,0,5,74,0,79,0,30,90,2,122,82,0,82,204
07/22/2016,OLV,MS,ASO,CE,Federal Contract Tower,0,16,10,0,26,0,9,72,0,81,0,25,82,0,107,128,0,128,235
07/23/2016,OLV,MS,ASO,CE,Federal Contract Tower,0,3,5,0,8,0,7,19,0,26,0,10,24,0,34,26,0,26,60
07/24/2016,OLV,MS,ASO,CE,Federal Contract Tower,0,8,5,0,13,0,3,15,0,18,0,11,20,0,31,32,0,32,63
07/25/2016,OLV,MS,ASO,CE,Federal Contract Tower,0,13,24,0,37,0,3,83,0,86,0,16,107,0,123,128,0,128,251
07/26/2016,OLV,MS,ASO,CE,Federal Contract Tower,0,28,25,0,53,0,8,87,0,95,0,36,112,0,148,70,0,70,218
07/27/2016,OLV,MS,ASO,CE,Federal Contract Tower,0,25,12,0,37,0,7,39,0,46,0,32,51,0,83,62,0,62,145
07/28/2016,OLV,MS,ASO,CE,Federal Contract Tower,0,14,6,0,20,0,1,17,0,18,0,15,23,0,38,34,0,34,72
07/29/2016,OLV,MS,ASO,CE,Federal Contract Tower,0,13,29,0,42,0,2,28,0,30,0,15,57,0,72,78,0,78,150
07/30/2016,OLV,MS,ASO,CE,Federal Contract Tower,0,17,2,0,19,0,9,46,0,55,0,26,48,0,74,42,0,42,116
07/31/2016,OLV,MS,ASO,CE,Federal Contract Tower,0,4,5,0,9,0,2,14,0,16,0,6,19,0,25,10,0,10,35
08/01/2016,OLV,MS,ASO,CE,Federal Contract Tower,0,7,21,0,28,0,4,78,0,82,0,11,99,0,110,126,0,126,236
08/02/2016,OLV,MS,ASO,CE,Federal Contract Tower,0,13,17,0,30,0,6,71,0,77,0,19,88,0,107,88,0,88,195
08/03/2016,OLV,MS,ASO,CE,Federal Contract Tower,0,17,17,0,34,0,1,70,0,71,0,18,87,0,105,110,0,110,215
08/04/2016,OLV,MS,ASO,CE,Federal Contract Tower,0,17,13,0,30,0,2,78,0,80,0,19,91,0,110,86,0,86,196
08/05/2016,OLV,MS,ASO,CE,Federal Contract Tower,0,11,7,0,18,0,6,68,0,74,0,17,75,0,92,48,0,48,140
08/06/2016,OLV,MS,ASO,CE,Federal Contract Tower,0,5,9,0,14,0,7,35,0,42,0,12,44,0,56,50,0,50,106
08/07/2016,OLV,MS,ASO,CE,Federal Contract Tower,0,15,9,0,24,0,8,26,0,34,0,23,35,0,58,24,0,24,82
08/08/2016,OLV,MS,ASO,CE,Federal Contract Tower,0,10,16,0,26,0,3,82,0,85,0,13,98,0,111,78,0,78,189
08/09/2016,OLV,MS,ASO,CE,Federal Contract Tower,0,20,12,0,32,0,14,95,0,109,0,34,107,0,141,104,0,104,245
08/10/2016,OLV,MS,ASO,CE,Federal Contract Tower,0,22,12,0,34,0,12,53,0,65,0,34,65,0,99,110,0,110,209
08/11/2016,OLV,MS,ASO,CE,Federal Contract Tower,0,15,22,0,37,0,7,50,2,59,0,22,72,2,96,90,0,90,186
08/12/2016,OLV,MS,ASO,CE,Federal Contract Tower,0,10,4,0,14,0,6,26,0,32,0,16,30,0,46,14,0,14,60
08/13/2016,OLV,MS,ASO,CE,Federal Contract Tower,0,1,12,0,13,0,2,54,0,56,0,3,66,0,69,48,0,48,117
08/14/2016,OLV,MS,ASO,CE,Federal Contract Tower,0,11,3,0,14,0,2,13,0,15,0,13,16,0,29,36,0,36,65
08/15/2016,OLV,MS,ASO,CE,Federal Contract Tower,0,15,11,0,26,0,2,26,0,28,0,17,37,0,54,68,0,68,122
08/16/2016,OLV,MS,ASO,CE,Federal Contract Tower,0,14,20,0,34,0,0,5,0,5,0,14,25,0,39,8,0,8,47
08/17/2016,OLV,MS,ASO,CE,Federal Contract Tower,0,13,15,0,28,0,0,21,0,21,0,13,36,0,49,44,0,44,93
08/18/2016,OLV,MS,ASO,CE,Federal Contract Tower,0,12,18,0,30,0,3,57,0,60,0,15,75,0,90,70,0,70,160
08/19/2016,OLV,MS,ASO,CE,Federal Contract Tower,0,17,22,0,39,0,5,18,0,23,0,22,40,0,62,12,0,12,74
08/20/2016,OLV,MS,ASO,CE,Federal Contract Tower,0,5,9,0,14,0,10,2,0,12,0,15,11,0,26,0,0,0,26
08/22/2016,OLV,MS,ASO,CE,Federal Contract Tower,0,5,23,2,30,0,7,102,1,110,0,12,125,3,140,84,0,84,224
08/23/2016,OLV,MS,ASO,CE,Federal Contract Tower,0,17,20,0,37,0,12,86,0,98,0,29,106,0,135,130,0,130,265
08/24/2016,OLV,MS,ASO,CE,Federal Contract Tower,0,16,22,0,38,0,4,105,0,109,0,20,127,0,147,122,0,122,269
08/25/2016,OLV,MS,ASO,CE,Federal Contract Tower,0,15,14,0,29,0,0,46,0,46,0,15,60,0,75,52,0,52,127
08/26/2016,OLV,MS,ASO,CE,Federal Contract Tower,0,12,5,0,17,0,0,42,0,42,0,12,47,0,59,18,0,18,77
08/27/2016,OLV,MS,ASO,CE,Federal Contract Tower,0,2,1,0,3,0,4,57,1,62,0,6,58,1,65,100,0,100,165
08/28/2016,OLV,MS,ASO,CE,Federal Contract Tower,0,2,4,0,6,0,0,59,1,60,0,2,63,1,66,20,0,20,86
08/29/2016,OLV,MS,ASO,CE,Federal Contract Tower,0,1,19,0,20,0,4,77,0,81,0,5,96,0,101,60,0,60,161
08/30/2016,OLV,MS,ASO,CE,Federal Contract Tower,0,7,10,0,17,0,5,75,2,82,0,12,85,2,99,126,0,126,225
08/31/2016,OLV,MS,ASO,CE,Federal Contract Tower,0,16,22,0,38,0,15,85,2,102,0,31,107,2,140,38,2,40,180
09/01/2016,OLV,MS,ASO,CE,Federal Contract Tower,0,15,7,0,22,0,18,43,0,61,0,33,50,0,83,42,0,42,125
09/02/2016,OLV,MS,ASO,CE,Federal Contract Tower,0,13,17,0,30,0,7,90,2,99,0,20,107,2,129,74,2,76,205
09/03/2016,OLV,MS,ASO,CE,Federal Contract Tower,0,6,9,0,15,0,7,69,5,81,0,13,78,5,96,52,0,52,148
09/05/2016,OLV,MS,ASO,CE,Federal Contract Tower,0,8,12,0,20,0,0,49,0,49,0,8,61,0,69,160,0,160,229
09/06/2016,OLV,MS,ASO,CE,Federal Contract Tower,0,17,11,0,28,0,13,55,0,68,0,30,66,0,96,106,0,106,202
09/07/2016,OLV,MS,ASO,CE,Federal Contract Tower,0,12,14,0,26,0,5,63,0,68,0,17,77,0,94,60,0,60,154
09/08/2016,OLV,MS,ASO,CE,Federal Contract Tower,0,13,15,1,29,0,4,60,0,64,0,17,75,1,93,104,0,104,197
09/09/2016,OLV,MS,ASO,CE,Federal Contract Tower,0,14,15,0,29,0,7,64,0,71,0,21,79,0,100,70,0,70,170
09/10/2016,OLV,MS,ASO,CE,Federal Contract Tower,0,8,2,0,10,0,4,24,0,28,0,12,26,0,38,38,0,38,76
09/11/2016,OLV,MS,ASO,CE,Federal Contract Tower,0,13,8,1,22,0,20,126,3,149,0,33,134,4,171,38,6,44,215
09/12/2016,OLV,MS,ASO,CE,Federal Contract Tower,0,10,15,0,25,0,0,88,0,88,0,10,103,0,113,152,0,152,265
09/13/2016,OLV,MS,ASO,CE,Federal Contract Tower,0,23,23,0,46,0,11,90,0,101,0,34,113,0,147,110,0,110,257
09/14/2016,OLV,MS,ASO,CE,Federal Contract Tower,0,15,13,0,28,0,7,94,0,101,0,22,107,0,129,78,0,78,207
09/15/2016,OLV,MS,ASO,CE,Federal Contract Tower,0,17,13,0,30,0,15,47,0,62,0,32,60,0,92,68,0,68,160
09/16/2016,OLV,MS,ASO,CE,Federal Contract Tower,0,9,6,0,15,0,8,80,3,91,0,17,86,3,106,136,0,136,242
09/17/2016,OLV,MS,ASO,CE,Federal Contract Tower,0,3,2,0,5,0,4,16,0,20,0,7,18,0,25,10,0,10,35
09/18/2016,OLV,MS,ASO,CE,Federal Contract Tower,0,15,7,0,22,0,2,6,0,8,0,17,13,0,30,2,0,2,32
09/19/2016,OLV,MS,ASO,CE,Federal Contract Tower,0,7,17,0,24,0,8,87,0,95,0,15,104,0,119,138,0,138,257
09/20/2016,OLV,MS,ASO,CE,Federal Contract Tower,0,15,15,0,30,0,7,60,0,67,0,22,75,0,97,148,0,148,245
09/21/2016,OLV,MS,ASO,CE,Federal Contract Tower,0,17,13,0,30,0,3,99,0,102,0,20,112,0,132,84,0,84,216
09/22/2016,OLV,MS,ASO,CE,Federal Contract Tower,0,14,16,0,30,0,10,98,2,110,0,24,114,2,140,98,0,98,238
09/23/2016,OLV,MS,ASO,CE,Federal Contract Tower,0,18,7,0,25,0,11,107,0,118,0,29,114,0,143,144,0,144,287
09/24/2016,OLV,MS,ASO,CE,Federal Contract Tower,0,9,7,0,16,0,2,58,2,62,0,11,65,2,78,100,2,102,180
09/25/2016,OLV,MS,ASO,CE,Federal Contract Tower,0,9,8,0,17,0,10,38,2,50,0,19,46,2,67,34,0,34,101
09/26/2016,OLV,MS,ASO,CE,Federal Contract Tower,0,10,7,0,17,0,5,58,0,63,0,15,65,0,80,88,0,88,168
09/27/2016,OLV,MS,ASO,CE,Federal Contract Tower,0,10,16,0,26,0,5,97,0,102,0,15,113,0,128,144,0,144,272
09/28/2016,OLV,MS,ASO,CE,Federal Contract Tower,0,6,12,0,18,0,6,70,2,78,0,12,82,2,96,62,0,62,158
09/29/2016,OLV,MS,ASO,CE,Federal Contract Tower,0,8,13,0,21,0,9,59,0,68,0,17,72,0,89,112,0,112,201
09/30/2016,OLV,MS,ASO,CE,Federal Contract Tower,0,7,13,0,20,0,10,71,0,81,0,17,84,0,101,200,0,200,301
10/01/2016,OLV,MS,ASO,CE,Federal Contract Tower,0,5,9,0,14,0,2,88,0,90,0,7,97,0,104,100,0,100,204
10/02/2016,OLV,MS,ASO,CE,Federal Contract Tower,0,9,11,0,20,0,3,41,0,44,0,12,52,0,64,12,0,12,76
10/03/2016,OLV,MS,ASO,CE,Federal Contract Tower,0,10,8,0,18,0,6,100,0,106,0,16,108,0,124,96,0,96,220
10/04/2016,OLV,MS,ASO,CE,Federal Contract Tower,0,15,10,0,25,0,1,75,0,76,0,16,85,0,101,56,0,56,157
10/05/2016,OLV,MS,ASO,CE,Federal Contract Tower,0,16,7,0,23,0,1,85,0,86,0,17,92,0,109,170,0,170,279
10/06/2016,OLV,MS,ASO,CE,Federal Contract Tower,0,18,21,0,39,0,9,72,0,81,0,27,93,0,120,94,0,94,214
10/07/2016,OLV,MS,ASO,CE,Federal Contract Tower,0,15,10,0,25,0,18,59,0,77,0,33,69,0,102,78,0,78,180
10/08/2016,OLV,MS,ASO,CE,Federal Contract Tower,0,4,9,0,13,0,2,48,1,51,0,6,57,1,64,92,8,100,164
10/09/2016,OLV,MS,ASO,CE,Federal Contract Tower,0,24,8,0,32,0,11,42,0,53,0,35,50,0,85,8,0,8,93
10/10/2016,OLV,MS,ASO,CE,Federal Contract Tower,0,6,4,0,10,0,0,39,0,39,0,6,43,0,49,74,0,74,123
10/11/2016,OLV,MS,ASO,CE,Federal Contract Tower,0,9,16,0,25,0,1,45,2,48,0,10,61,2,73,84,0,84,157
10/12/2016,OLV,MS,ASO,CE,Federal Contract Tower,0,16,14,4,34,0,5,61,0,66,0,21,75,4,100,88,0,88,188
10/13/2016,OLV,MS,ASO,CE,Federal Contract Tower,0,18,6,0,24,0,4,23,0,27,0,22,29,0,51,8,0,8,59
10/14/2016,OLV,MS,ASO,CE,Federal Contract Tower,0,16,4,0,20,0,0,0,0,0,0,16,4,0,20,0,0,0,20
10/15/2016,OLV,MS,ASO,CE,Federal Contract Tower,0,8,13,0,21,0,8,28,0,36,0,16,41,0,57,20,0,20,77
10/16/2016,OLV,MS,ASO,CE,Federal Contract Tower,0,19,4,0,23,0,2,35,1,38,0,21,39,1,61,62,8,70,131
10/17/2016,OLV,MS,ASO,CE,Federal Contract Tower,0,4,6,0,10,0,12,89,0,101,0,16,95,0,111,122,0,122,233
10/18/2016,OLV,MS,ASO,CE,Federal Contract Tower,0,13,24,0,37,0,8,46,0,54,0,21,70,0,91,34,0,34,125
10/19/2016,OLV,MS,ASO,CE,Federal Contract Tower,0,12,11,3,26,0,3,81,0,84,0,15,92,3,110,164,0,164,274
10/20/2016,OLV,MS,ASO,CE,Federal Contract Tower,0,0,8,0,8,0,2,8,0,10,0,2,16,0,18,32,0,32,50
10/21/2016,OLV,MS,ASO,CE,Federal Contract Tower,0,19,11,0,30,0,7,55,0,62,0,26,66,0,92,92,0,92,184
10/22/2016,OLV,MS,ASO,CE,Federal Contract Tower,0,4,16,0,20,0,6,63,0,69,0,10,79,0,89,44,0,44,133
10/23/2016,OLV,MS,ASO,CE,Federal Contract Tower,0,5,5,1,11,0,1,35,2,38,0,6,40,3,49,38,6,44,93
10/24/2016,OLV,MS,ASO,CE,Federal Contract Tower,0,6,19,0,25,0,9,62,2,73,0,15,81,2,98,76,0,76,174
10/25/2016,OLV,MS,ASO,CE,Federal Contract Tower,0,17,19,0,36,0,6,94,0,100,0,23,113,0,136,152,0,152,288
10/26/2016,OLV,MS,ASO,CE,Federal Contract Tower,0,20,16,0,36,0,15,77,2,94,0,35,93,2,130,140,6,146,276
10/27/2016,OLV,MS,ASO,CE,Federal Contract Tower,0,9,13,0,22,0,18,79,0,97,0,27,92,0,119,54,0,54,173
10/28/2016,OLV,MS,ASO,CE,Federal Contract Tower,0,20,17,0,37,0,2,65,0,67,0,22,82,0,104,70,0,70,174
10/29/2016,OLV,MS,ASO,CE,Federal Contract Tower,0,6,6,0,12,0,2,55,0,57,0,8,61,0,69,68,0,68,137
10/30/2016,OLV,MS,ASO,CE,Federal Contract Tower,0,13,9,0,22,0,2,34,0,36,0,15,43,0,58,20,0,20,78
10/31/2016,OLV,MS,ASO,CE,Federal Contract Tower,0,10,12,0,22,0,4,89,0,93,0,14,101,0,115,96,0,96,211
11/01/2016,OLV,MS,ASO,CE,Federal Contract Tower,0,10,5,0,15,0,1,53,0,54,0,11,58,0,69,76,0,76,145
11/02/2016,OLV,MS,ASO,CE,Federal Contract Tower,0,21,18,0,39,0,9,41,0,50,0,30,59,0,89,60,0,60,149
11/03/2016,OLV,MS,ASO,CE,Federal Contract Tower,0,10,14,0,24,0,13,53,3,69,0,23,67,3,93,136,0,136,229
11/04/2016,OLV,MS,ASO,CE,Federal Contract Tower,0,20,11,0,31,0,1,58,0,59,0,21,69,0,90,80,0,80,170
11/05/2016,OLV,MS,ASO,CE,Federal Contract Tower,0,8,11,0,19,0,2,57,0,59,0,10,68,0,78,16,0,16,94
11/06/2016,OLV,MS,ASO,CE,Federal Contract Tower,0,8,5,0,13,0,2,82,1,85,0,10,87,1,98,54,0,54,152
11/07/2016,OLV,MS,ASO,CE,Federal Contract Tower,0,13,20,0,33,0,6,91,0,97,0,19,111,0,130,126,0,126,256
11/08/2016,OLV,MS,ASO,CE,Federal Contract Tower,0,12,15,0,27,0,9,10,0,19,0,21,25,0,46,24,0,24,70
11/09/2016,OLV,MS,ASO,CE,Federal Contract Tower,0,12,18,0,30,0,6,76,0,82,0,18,94,0,112,154,0,154,266
11/10/2016,OLV,MS,ASO,CE,Federal Contract Tower,0,12,26,0,38,0,13,85,0,98,0,25,111,0,136,60,0,60,196
11/11/2016,OLV,MS,ASO,CE,Federal Contract Tower,0,10,18,0,28,0,6,83,0,89,0,16,101,0,117,102,0,102,219
11/12/2016,OLV,MS,ASO,CE,Federal Contract Tower,0,11,5,0,16,0,13,40,0,53,0,24,45,0,69,44,0,44,113
11/13/2016,OLV,MS,ASO,CE,Federal Contract Tower,0,9,4,0,13,0,8,48,2,58,0,17,52,2,71,54,8,62,133
11/14/2016,OLV,MS,ASO,CE,Federal Contract Tower,0,14,17,0,31,0,4,95,0,99,0,18,112,0,130,120,0,120,250
11/15/2016,OLV,MS,ASO,CE,Federal Contract Tower,0,18,8,0,26,0,6,79,0,85,0,24,87,0,111,136,0,136,247
11/16/2016,OLV,MS,ASO,CE,Federal Contract Tower,0,14,6,1,21,0,6,63,2,71,0,20,69,3,92,146,4,150,242
11/17/2016,OLV,MS,ASO,CE,Federal Contract Tower,0,13,12,0,25,0,3,61,0,64,0,16,73,0,89,86,0,86,175
11/18/2016,OLV,MS,ASO,CE,Federal Contract Tower,0,9,11,0,20,0,0,38,0,38,0,9,49,0,58,40,0,40,98
11/19/2016,OLV,MS,ASO,CE,Federal Contract Tower,0,10,9,0,19,0,10,42,1,53,0,20,51,1,72,40,0,40,112
11/20/2016,OLV,MS,ASO,CE,Federal Contract Tower,0,8,8,0,16,0,17,51,0,68,0,25,59,0,84,118,2,120,204
11/21/2016,OLV,MS,ASO,CE,Federal Contract Tower,0,15,8,0,23,0,4,79,0,83,0,19,87,0,106,68,0,68,174
11/22/2016,OLV,MS,ASO,CE,Federal Contract Tower,0,20,12,0,32,0,4,57,0,61,0,24,69,0,93,210,0,210,303
11/23/2016,OLV,MS,ASO,CE,Federal Contract Tower,0,14,1,0,15,0,7,6,0,13,0,21,7,0,28,42,0,42,70
11/24/2016,OLV,MS,ASO,CE,Federal Contract Tower,0,3,5,0,8,0,2,4,0,6,0,5,9,0,14,2,0,2,16
11/25/2016,OLV,MS,ASO,CE,Federal Contract Tower,0,8,2,0,10,0,0,38,0,38,0,8,40,0,48,82,0,82,130
11/26/2016,OLV,MS,ASO,CE,Federal Contract Tower,0,14,1,0,15,0,3,71,2,76,0,17,72,2,91,92,2,94,185
11/27/2016,OLV,MS,ASO,CE,Federal Contract Tower,0,12,16,0,28,0,1,26,4,31,0,13,42,4,59,24,0,24,83
11/28/2016,OLV,MS,ASO,CE,Federal Contract Tower,0,3,1,0,4,0,0,2,0,2,0,3,3,0,6,0,0,0,6
11/29/2016,OLV,MS,ASO,CE,Federal Contract Tower,0,12,14,0,26,0,4,46,0,50,0,16,60,0,76,48,0,48,124
11/30/2016,OLV,MS,ASO,CE,Federal Contract Tower,0,14,18,0,32,0,11,57,2,70,0,25,75,2,102,116,0,116,218
12/01/2016,OLV,MS,ASO,CE,Federal Contract Tower,0,20,13,0,33,0,13,67,0,80,0,33,80,0,113,92,0,92,205
12/02/2016,OLV,MS,ASO,CE,Federal Contract Tower,0,15,15,0,30,0,10,103,0,113,0,25,118,0,143,100,0,100,243
12/03/2016,OLV,MS,ASO,CE,Federal Contract Tower,0,1,5,0,6,0,0,3,0,3,0,1,8,0,9,8,0,8,17
12/04/2016,OLV,MS,ASO,CE,Federal Contract Tower,0,7,2,0,9,0,0,0,0,0,0,7,2,0,9,0,0,0,9
12/05/2016,OLV,MS,ASO,CE,Federal Contract Tower,0,7,5,0,12,0,0,0,0,0,0,7,5,0,12,0,0,0,12
12/06/2016,OLV,MS,ASO,CE,Federal Contract Tower,0,11,7,0,18,0,0,13,0,13,0,11,20,0,31,64,0,64,95
12/07/2016,OLV,MS,ASO,CE,Federal Contract Tower,0,16,19,0,35,0,7,69,0,76,0,23,88,0,111,140,0,140,251
12/08/2016,OLV,MS,ASO,CE,Federal Contract Tower,0,8,10,0,18,0,12,52,0,64,0,20,62,0,82,118,0,118,200
12/09/2016,OLV,MS,ASO,CE,Federal Contract Tower,0,12,9,0,21,0,2,62,0,64,0,14,71,0,85,144,0,144,229
12/10/2016,OLV,MS,ASO,CE,Federal Contract Tower,0,9,5,0,14,0,2,78,2,82,0,11,83,2,96,88,0,88,184
12/11/2016,OLV,MS,ASO,CE,Federal Contract Tower,0,6,5,0,11,0,0,21,0,21,0,6,26,0,32,38,0,38,70
12/12/2016,OLV,MS,ASO,CE,Federal Contract Tower,0,8,37,0,45,0,0,22,0,22,0,8,59,0,67,98,0,98,165
12/13/2016,OLV,MS,ASO,CE,Federal Contract Tower,0,7,4,0,11,0,0,0,0,0,0,7,4,0,11,0,0,0,11
12/14/2016,OLV,MS,ASO,CE,Federal Contract Tower,0,11,20,0,31,0,12,17,0,29,0,23,37,0,60,90,0,90,150
12/15/2016,OLV,MS,ASO,CE,Federal Contract Tower,0,14,9,0,23,0,3,62,1,66,0,17,71,1,89,74,0,74,163
12/16/2016,OLV,MS,ASO,CE,Federal Contract Tower,0,10,8,0,18,0,3,23,0,26,0,13,31,0,44,100,0,100,144
12/17/2016,OLV,MS,ASO,CE,Federal Contract Tower,0,0,0,0,0,0,0,2,0,2,0,0,2,0,2,8,0,8,10
12/18/2016,OLV,MS,ASO,CE,Federal Contract Tower,0,0,4,0,4,0,0,3,0,3,0,0,7,0,7,0,0,0,7
12/19/2016,OLV,MS,ASO,CE,Federal Contract Tower,0,5,16,0,21,0,4,83,0,87,0,9,99,0,108,200,0,200,308
12/20/2016,OLV,MS,ASO,CE,Federal Contract Tower,0,5,24,0,29,0,0,36,0,36,0,5,60,0,65,48,0,48,113
12/21/2016,OLV,MS,ASO,CE,Federal Contract Tower,0,4,22,0,26,0,3,61,2,66,0,7,83,2,92,90,2,92,184
12/22/2016,OLV,MS,ASO,CE,Federal Contract Tower,0,10,9,0,19,0,6,62,0,68,0,16,71,0,87,60,0,60,147
12/23/2016,OLV,MS,ASO,CE,Federal Contract Tower,0,3,7,0,10,0,5,50,0,55,0,8,57,0,65,88,0,88,153
12/24/2016,OLV,MS,ASO,CE,Federal Contract Tower,0,3,0,0,3,0,0,0,0,0,0,3,0,0,3,0,0,0,3
12/26/2016,OLV,MS,ASO,CE,Federal Contract Tower,0,13,2,0,15,0,0,3,0,3,0,13,5,0,18,0,0,0,18
12/27/2016,OLV,MS,ASO,CE,Federal Contract Tower,0,4,7,0,11,0,8,77,0,85,0,12,84,0,96,206,0,206,302
12/28/2016,OLV,MS,ASO,CE,Federal Contract Tower,0,7,4,2,13,0,2,20,0,22,0,9,24,2,35,90,0,90,125
12/29/2016,OLV,MS,ASO,CE,Federal Contract Tower,0,8,8,0,16,0,14,39,0,53,0,22,47,0,69,32,0,32,101
12/30/2016,OLV,MS,ASO,CE,Federal Contract Tower,0,6,13,0,19,0,3,93,4,100,0,9,106,4,119,126,4,130,249
12/31/2016,OLV,MS,ASO,CE,Federal Contract Tower,0,5,0,0,5,0,0,0,0,0,0,5,0,0,5,0,0,0,5
01/01/2017,OLV,MS,ASO,CE,Federal Contract Tower,0,6,3,0,9,0,0,0,0,0,0,6,3,0,9,0,0,0,9
01/02/2017,OLV,MS,ASO,CE,Federal Contract Tower,0,3,2,0,5,0,0,2,0,2,0,3,4,0,7,0,0,0,7
01/03/2017,OLV,MS,ASO,CE,Federal Contract Tower,0,9,7,0,16,0,0,0,0,0,0,9,7,0,16,0,0,0,16
01/04/2017,OLV,MS,ASO,CE,Federal Contract Tower,0,20,7,0,27,0,10,67,0,77,0,30,74,0,104,104,0,104,208
01/05/2017,OLV,MS,ASO,CE,Federal Contract Tower,0,12,11,0,23,0,19,64,0,83,0,31,75,0,106,140,0,140,246
01/06/2017,OLV,MS,ASO,CE,Federal Contract Tower,0,2,0,0,2,0,0,0,0,0,0,2,0,0,2,0,0,0,2
01/07/2017,OLV,MS,ASO,CE,Federal Contract Tower,0,3,2,0,5,0,3,28,0,31,0,6,30,0,36,16,0,16,52
01/08/2017,OLV,MS,ASO,CE,Federal Contract Tower,0,9,5,0,14,0,4,26,0,30,0,13,31,0,44,40,0,40,84
01/09/2017,OLV,MS,ASO,CE,Federal Contract Tower,0,4,7,0,11,0,0,71,0,71,0,4,78,0,82,142,0,142,224
01/10/2017,OLV,MS,ASO,CE,Federal Contract Tower,0,8,9,0,17,0,8,2,0,10,0,16,11,0,27,0,0,0,27
01/11/2017,OLV,MS,ASO,CE,Federal Contract Tower,0,11,6,0,17,0,2,0,0,2,0,13,6,0,19,0,0,0,19
01/12/2017,OLV,MS,ASO,CE,Federal Contract Tower,0,11,4,2,17,0,0,0,0,0,0,11,4,2,17,0,0,0,17
01/13/2017,OLV,MS,ASO,CE,Federal Contract Tower,0,9,1,0,10,0,0,0,0,0,0,9,1,0,10,0,0,0,10
01/14/2017,OLV,MS,ASO,CE,Federal Contract Tower,0,2,7,0,9,0,0,6,0,6,0,2,13,0,15,0,0,0,15
01/15/2017,OLV,MS,ASO,CE,Federal Contract Tower,0,9,3,0,12,0,1,18,0,19,0,10,21,0,31,14,0,14,45
01/16/2017,OLV,MS,ASO,CE,Federal Contract Tower,0,9,8,0,17,0,3,16,0,19,0,12,24,0,36,26,0,26,62
01/17/2017,OLV,MS,ASO,CE,Federal Contract Tower,0,11,16,0,27,0,6,57,0,63,0,17,73,0,90,118,0,118,208
01/18/2017,OLV,MS,ASO,CE,Federal Contract Tower,0,30,26,0,56,0,11,52,0,63,0,41,78,0,119,122,0,122,241
01/19/2017,OLV,MS,ASO,CE,Federal Contract Tower,0,6,4,0,10,0,0,0,0,0,0,6,4,0,10,0,0,0,10
01/20/2017,OLV,MS,ASO,CE,Federal Contract Tower,0,5,5,0,10,0,0,47,0,47,0,5,52,0,57,72,0,72,129
01/21/2017,OLV,MS,ASO,CE,Federal Contract Tower,0,5,18,0,23,0,3,74,2,79,0,8,92,2,102,84,6,90,192
01/22/2017,OLV,MS,ASO,CE,Federal Contract Tower,0,7,0,0,7,0,0,0,0,0,0,7,0,0,7,0,0,0,7
01/23/2017,OLV,MS,ASO,CE,Federal Contract Tower,0,18,23,0,41,0,2,38,0,40,0,20,61,0,81,32,0,32,113
01/24/2017,OLV,MS,ASO,CE,Federal Contract Tower,0,11,21,0,32,0,9,89,3,101,0,20,110,3,133,124,4,128,261
01/25/2017,OLV,MS,ASO,CE,Federal Contract Tower,0,20,20,0,40,0,6,33,0,39,0,26,53,0,79,100,0,100,179
01/26/2017,OLV,MS,ASO,CE,Federal Contract Tower,0,14,17,0,31,0,1,56,0,57,0,15,73,0,88,86,0,86,174
01/27/2017,OLV,MS,ASO,CE,Federal Contract Tower,0,18,10,0,28,0,2,50,2,54,0,20,60,2,82,58,0,58,140
01/28/2017,OLV,MS,ASO,CE,Federal Contract Tower,0,5,8,0,13,0,11,42,2,55,0,16,50,2,68,30,8,38,106
01/29/2017,OLV,MS,ASO,CE,Federal Contract Tower,0,14,7,0,21,0,4,29,1,34,0,18,36,1,55,58,0,58,113
01/30/2017,OLV,MS,ASO,CE,Federal Contract Tower,0,10,14,0,24,0,3,105,0,108,0,13,119,0,132,130,0,130,262
01/31/2017,OLV,MS,ASO,CE,Federal Contract Tower,0,9,12,0,21,0,4,91,6,101,0,13,103,6,122,186,10,196,318
02/01/2017,OLV,MS,ASO,CE,Federal Contract Tower,0,12,11,0,23,0,9,42,0,51,0,21,53,0,74,26,0,26,100
02/02/2017,OLV,MS,ASO,CE,Federal Contract Tower,0,9,13,0,22,0,9,45,0,54,0,18,58,0,76,30,0,30,106
02/03/2017,OLV,MS,ASO,CE,Federal Contract Tower,0,10,12,0,22,0,2,84,0,86,0,12,96,0,108,154,0,154,262
02/04/2017,OLV,MS,ASO,CE,Federal Contract Tower,0,5,10,0,15,0,5,90,1,96,0,10,100,1,111,96,0,96,207
02/05/2017,OLV,MS,ASO,CE,Federal Contract Tower,0,7,10,2,19,0,0,22,0,22,0,7,32,2,41,44,0,44,85
02/06/2017,OLV,MS,ASO,CE,Federal Contract Tower,0,15,1,0,16,0,0,0,0,0,0,15,1,0,16,0,0,0,16
02/07/2017,OLV,MS,ASO,CE,Federal Contract Tower,0,3,6,0,9,0,1,21,0,22,0,4,27,0,31,18,0,18,49
02/08/2017,OLV,MS,ASO,CE,Federal Contract Tower,0,7,16,0,23,0,9,37,0,46,0,16,53,0,69,66,0,66,135
02/09/2017,OLV,MS,ASO,CE,Federal Contract Tower,0,12,22,0,34,0,3,59,0,62,0,15,81,0,96,66,0,66,162
02/10/2017,OLV,MS,ASO,CE,Federal Contract Tower,0,17,9,0,26,0,12,43,0,55,0,29,52,0,81,20,0,20,101
02/11/2017,OLV,MS,ASO,CE,Federal Contract Tower,0,5,3,0,8,0,4,9,0,13,0,9,12,0,21,0,0,0,21
02/12/2017,OLV,MS,ASO,CE,Federal Contract Tower,0,5,6,0,11,0,1,6,2,9,0,6,12,2,20,12,8,20,40
02/13/2017,OLV,MS,ASO,CE,Federal Contract Tower,0,10,8,0,18,0,2,74,2,78,0,12,82,2,96,58,0,58,154
02/14/2017,OLV,MS,ASO,CE,Federal Contract Tower,0,9,7,0,16,0,4,25,0,29,0,13,32,0,45,84,0,84,129
02/15/2017,OLV,MS,ASO,CE,Federal Contract Tower,0,15,16,0,31,0,9,62,0,71,0,24,78,0,102,102,0,102,204
02/16/2017,OLV,MS,ASO,CE,Federal Contract Tower,0,15,6,0,21,0,6,54,2,62,0,21,60,2,83,100,0,100,183
02/17/2017,OLV,MS,ASO,CE,Federal Contract Tower,0,8,26,1,35,0,8,72,1,81,0,16,98,2,116,70,0,70,186
02/18/2017,OLV,MS,ASO,CE,Federal Contract Tower,0,7,3,1,11,0,1,18,1,20,0,8,21,2,31,56,0,56,87
02/19/2017,OLV,MS,ASO,CE,Federal Contract Tower,0,4,11,0,15,0,2,77,2,81,0,6,88,2,96,90,0,90,186
02/20/2017,OLV,MS,ASO,CE,Federal Contract Tower,0,14,16,0,30,0,7,74,0,81,0,21,90,0,111,164,0,164,275
02/21/2017,OLV,MS,ASO,CE,Federal Contract Tower,0,9,4,0,13,0,2,0,0,2,0,11,4,0,15,8,0,8,23
02/22/2017,OLV,MS,ASO,CE,Federal Contract Tower,0,24,19,0,43,0,10,46,0,56,0,34,65,0,99,76,0,76,175
02/23/2017,OLV,MS,ASO,CE,Federal Contract Tower,0,4,14,0,18,0,0,61,0,61,0,4,75,0,79,110,0,110,189
02/24/2017,OLV,MS,ASO,CE,Federal Contract Tower,0,7,7,0,14,0,0,21,0,21,0,7,28,0,35,32,0,32,67
02/25/2017,OLV,MS,ASO,CE,Federal Contract Tower,0,1,12,0,13,0,9,53,2,64,0,10,65,2,77,70,2,72,149
02/26/2017,OLV,MS,ASO,CE,Federal Contract Tower,0,6,3,0,9,0,3,50,6,59,0,9,53,6,68,124,10,134,202
02/27/2017,OLV,MS,ASO,CE,Federal Contract Tower,0,17,10,0,27,0,3,42,0,45,0,20,52,0,72,86,0,86,158
02/28/2017,OLV,MS,ASO,CE,Federal Contract Tower,0,16,4,0,20,0,0,7,0,7,0,16,11,0,27,4,0,4,31
03/01/2017,OLV,MS,ASO,CE,Federal Contract Tower,0,7,3,0,10,0,0,31,2,33,0,7,34,2,43,10,0,10,53
03/02/2017,OLV,MS,ASO,CE,Federal Contract Tower,0,17,15,0,32,0,6,89,0,95,0,23,104,0,127,168,0,168,295
03/03/2017,OLV,MS,ASO,CE,Federal Contract Tower,0,11,3,0,14,0,8,69,0,77,0,19,72,0,91,186,0,186,277
03/04/2017,OLV,MS,ASO,CE,Federal Contract Tower,0,7,7,1,15,0,4,73,1,78,0,11,80,2,93,106,0,106,199
03/05/2017,OLV,MS,ASO,CE,Federal Contract Tower,0,6,10,0,16,0,4,9,0,13,0,10,19,0,29,10,0,10,39
03/06/2017,OLV,MS,ASO,CE,Federal Contract Tower,0,15,0,0,15,0,4,22,0,26,0,19,22,0,41,8,0,8,49
03/07/2017,OLV,MS,ASO,CE,Federal Contract Tower,0,10,6,0,16,0,3,47,0,50,0,13,53,0,66,136,0,136,202
03/08/2017,OLV,MS,ASO,CE,Federal Contract Tower,0,14,13,0,27,0,3,91,4,98,0,17,104,4,125,170,10,180,305
03/09/2017,OLV,MS,ASO,CE,Federal Contract Tower,0,15,17,0,32,0,8,71,0,79,0,23,88,0,111,154,0,154,265
03/10/2017,OLV,MS,ASO,CE,Federal Contract Tower,0,12,5,0,17,0,10,54,1,65,0,22,59,1,82,90,0,90,172
03/11/2017,OLV,MS,ASO,CE,Federal Contract Tower,0,12,7,0,19,0,4,14,0,18,0,16,21,0,37,48,0,48,85
03/12/2017,OLV,MS,ASO,CE,Federal Contract Tower,0,4,9,1,14,0,4,45,0,49,0,8,54,1,63,30,0,30,93
03/13/2017,OLV,MS,ASO,CE,Federal Contract Tower,0,11,0,0,11,0,8,7,0,15,0,19,7,0,26,44,0,44,70
03/14/2017,OLV,MS,ASO,CE,Federal Contract Tower,0,7,3,1,11,0,3,28,1,32,0,10,31,2,43,74,0,74,117
03/15/2017,OLV,MS,ASO,CE,Federal Contract Tower,0,12,12,0,24,0,15,64,2,81,0,27,76,2,105,88,0,88,193
03/16/2017,OLV,MS,ASO,CE,Federal Contract Tower,0,10,23,1,34,0,11,64,2,77,0,21,87,3,111,78,4,82,193
03/17/2017,OLV,MS,ASO,CE,Federal Contract Tower,0,10,5,0,15,0,2,19,0,21,0,12,24,0,36,10,0,10,46
03/18/2017,OLV,MS,ASO,CE,Federal Contract Tower,0,6,13,0,19,0,5,35,0,40,0,11,48,0,59,44,0,44,103
03/19/2017,OLV,MS,ASO,CE,Federal Contract Tower,0,15,9,0,24,0,0,46,0,46,0,15,55,0,70,102,0,102,172
03/20/2017,OLV,MS,ASO,CE,Federal Contract Tower,0,16,9,0,25,0,3,52,0,55,0,19,61,0,80,80,0,80,160
03/21/2017,OLV,MS,ASO,CE,Federal Contract Tower,0,16,9,0,25,0,7,76,0,83,0,23,85,0,108,162,0,162,270
03/22/2017,OLV,MS,ASO,CE,Federal Contract Tower,0,22,9,0,31,0,16,64,2,82,0,38,73,2,113,144,0,144,257
03/23/2017,OLV,MS,ASO,CE,Federal Contract Tower,0,22,32,0,54,0,17,73,2,92,0,39,105,2,146,106,0,106,252
03/24/2017,OLV,MS,ASO,CE,Federal Contract Tower,0,20,1,0,21,0,12,29,0,41,0,32,30,0,62,24,0,24,86
03/25/2017,OLV,MS,ASO,CE,Federal Contract Tower,0,7,0,0,7,0,2,4,0,6,0,9,4,0,13,8,0,8,21
03/26/2017,OLV,MS,ASO,CE,Federal Contract Tower,0,17,10,0,27,0,0,30,0,30,0,17,40,0,57,50,0,50,107
03/27/2017,OLV,MS,ASO,CE,Federal Contract Tower,0,9,3,0,12,0,0,1,0,1,0,9,4,0,13,0,0,0,13
03/28/2017,OLV,MS,ASO,CE,Federal Contract Tower,0,21,16,0,37,0,9,71,0,80,0,30,87,0,117,172,0,172,289
03/29/2017,OLV,MS,ASO,CE,Federal Contract Tower,0,9,23,0,32,0,3,55,0,58,0,12,78,0,90,89,0,89,179
03/30/2017,OLV,MS,ASO,CE,Federal Contract Tower,0,7,3,0,10,0,3,0,0,3,0,10,3,0,13,16,0,16,29
03/31/2017,OLV,MS,ASO,CE,Federal Contract Tower,0,11,12,0,23,0,5,97,7,109,0,16,109,7,132,174,0,174,306
04/01/2017,OLV,MS,ASO,CE,Federal Contract Tower,0,4,10,0,14,0,7,79,2,88,0,11,89,2,102,140,0,140,242
04/02/2017,OLV,MS,ASO,CE,Federal Contract Tower,0,6,3,0,9,0,0,33,2,35,0,6,36,2,44,60,0,60,104
04/03/2017,OLV,MS,ASO,CE,Federal Contract Tower,0,12,1,0,13,0,2,8,0,10,0,14,9,0,23,0,0,0,23
04/04/2017,OLV,MS,ASO,CE,Federal Contract Tower,0,18,21,0,39,0,3,84,0,87,0,21,105,0,126,128,0,128,254
04/05/2017,OLV,MS,ASO,CE,Federal Contract Tower,0,15,5,0,20,0,0,10,0,10,0,15,15,0,30,38,0,38,68
04/06/2017,OLV,MS,ASO,CE,Federal Contract Tower,0,15,5,0,20,0,2,19,0,21,0,17,24,0,41,12,0,12,53
04/07/2017,OLV,MS,ASO,CE,Federal Contract Tower,0,21,9,0,30,0,13,92,0,105,0,34,101,0,135,194,0,194,329
04/08/2017,OLV,MS,ASO,CE,Federal Contract Tower,0,9,3,0,12,0,12,65,2,79,0,21,68,2,91,114,0,114,205
04/09/2017,OLV,MS,ASO,CE,Federal Contract Tower,0,4,7,0,11,0,5,21,0,26,0,9,28,0,37,48,0,48,85
04/10/2017,OLV,MS,ASO,CE,Federal Contract Tower,0,10,26,0,36,0,2,65,0,67,0,12,91,0,103,164,0,164,267
04/11/2017,OLV,MS,ASO,CE,Federal Contract Tower,0,7,7,0,14,0,0,20,0,20,0,7,27,0,34,70,0,70,104
04/12/2017,OLV,MS,ASO,CE,Federal Contract Tower,0,12,20,0,32,0,8,67,0,75,0,20,87,0,107,154,0,154,261
04/13/2017,OLV,MS,ASO,CE,Federal Contract Tower,0,22,37,0,59,0,12,83,0,95,0,34,120,0,154,202,0,202,356
04/14/2017,OLV,MS,ASO,CE,Federal Contract Tower,0,10,10,0,20,0,10,97,2,109,0,20,107,2,129,180,0,180,309
04/15/2017,OLV,MS,ASO,CE,Federal Contract Tower,0,3,4,0,7,0,19,46,0,65,0,22,50,0,72,38,0,38,110
04/16/2017,OLV,MS,ASO,CE,Federal Contract Tower,0,4,7,0,11,0,6,1,0,7,0,10,8,0,18,0,0,0,18
04/17/2017,OLV,MS,ASO,CE,Federal Contract Tower,0,24,3,0,27,0,0,6,0,6,0,24,9,0,33,2,0,2,35
04/18/2017,OLV,MS,ASO,CE,Federal Contract Tower,0,14,22,0,36,0,2,9,0,11,0,16,31,0,47,14,0,14,61
04/19/2017,OLV,MS,ASO,CE,Federal Contract Tower,0,27,15,0,42,0,6,78,0,84,0,33,93,0,126,108,0,108,234
04/20/2017,OLV,MS,ASO,CE,Federal Contract Tower,0,21,10,0,31,0,10,44,0,54,0,31,54,0,85,74,0,74,159
04/21/2017,OLV,MS,ASO,CE,Federal Contract Tower,0,13,2,0,15,0,1,18,0,19,0,14,20,0,34,88,0,88,122
04/22/2017,OLV,MS,ASO,CE,Federal Contract Tower,0,5,0,0,5,0,0,2,0,2,0,5,2,0,7,2,0,2,9
04/23/2017,OLV,MS,ASO,CE,Federal Contract Tower,0,11,20,0,31,0,8,13,0,21,0,19,33,0,52,62,0,62,114
04/24/2017,OLV,MS,ASO,CE,Federal Contract Tower,0,10,20,0,30,0,4,83,0,87,0,14,103,0,117,110,0,110,227
04/25/2017,OLV,MS,ASO,CE,Federal Contract Tower,0,21,26,1,48,0,15,81,2,98,0,36,107,3,146,188,0,188,334
04/26/2017,OLV,MS,ASO,CE,Federal Contract Tower,0,14,9,0,23,0,5,19,0,24,0,19,28,0,47,6,0,6,53
04/27/2017,OLV,MS,ASO,CE,Federal Contract Tower,0,16,36,2,54,0,3,52,3,58,0,19,88,5,112,84,14,98,210
04/28/2017,OLV,MS,ASO,CE,Federal Contract Tower,0,16,9,3,28,0,5,22,5,32,0,21,31,8,60,26,0,26,86
04/29/2017,OLV,MS,ASO,CE,Federal Contract Tower,0,2,3,2,7,0,2,16,0,18,0,4,19,2,25,46,0,46,71
04/30/2017,OLV,MS,ASO,CE,Federal Contract Tower,0,3,5,0,8,0,0,0,0,0,0,3,5,0,8,0,0,0,8
05/01/2017,OLV,MS,ASO,CE,Federal Contract Tower,0,13,5,0,18,0,1,7,0,8,0,14,12,0,26,0,0,0,26
05/02/2017,OLV,MS,ASO,CE,Federal Contract Tower,0,13,24,0,37,0,4,130,2,136,0,17,154,2,173,258,8,266,439
05/03/2017,OLV,MS,ASO,CE,Federal Contract Tower,0,21,29,0,50,0,11,55,0,66,0,32,84,0,116,136,0,136,252
05/04/2017,OLV,MS,ASO,CE,Federal Contract Tower,0,12,4,0,16,0,0,0,0,0,0,12,4,0,16,0,0,0,16
05/05/2017,OLV,MS,ASO,CE,Federal Contract Tower,0,11,11,0,22,0,4,16,4,24,0,15,27,4,46,8,0,8,54
05/06/2017,OLV,MS,ASO,CE,Federal Contract Tower,0,8,8,0,16,0,0,38,1,39,0,8,46,1,55,78,0,78,133
05/07/2017,OLV,MS,ASO,CE,Federal Contract Tower,0,6,10,0,16,0,8,73,3,84,0,14,83,3,100,104,0,104,204
05/08/2017,OLV,MS,ASO,CE,Federal Contract Tower,0,13,38,0,51,0,6,88,0,94,0,19,126,0,145,130,0,130,275
05/09/2017,OLV,MS,ASO,CE,Federal Contract Tower,0,21,21,0,42,0,11,76,0,87,0,32,97,0,129,190,0,190,319
05/10/2017,OLV,MS,ASO,CE,Federal Contract Tower,0,17,19,0,36,0,4,68,1,73,0,21,87,1,109,152,0,152,261
05/11/2017,OLV,MS,ASO,CE,Federal Contract Tower,0,11,23,0,34,0,6,78,2,86,0,17,101,2,120,178,0,178,298
05/12/2017,OLV,MS,ASO,CE,Federal Contract Tower,0,14,8,0,22,0,0,1,0,1,0,14,9,0,23,0,0,0,23
05/13/2017,OLV,MS,ASO,CE,Federal Contract Tower,0,6,21,0,27,0,6,59,0,65,0,12,80,0,92,38,0,38,130
05/14/2017,OLV,MS,ASO,CE,Federal Contract Tower,0,2,4,0,6,0,5,47,0,52,0,7,51,0,58,0,0,0,58
05/15/2017,OLV,MS,ASO,CE,Federal Contract Tower,0,6,23,0,29,0,6,95,2,103,0,12,118,2,132,180,0,180,312
05/16/2017,OLV,MS,ASO,CE,Federal Contract Tower,0,12,34,0,46,0,6,115,1,122,0,18,149,1,168,240,0,240,408
05/17/2017,OLV,MS,ASO,CE,Federal Contract Tower,0,16,11,0,27,0,7,24,4,35,0,23,35,4,62,32,2,34,96
05/18/2017,OLV,MS,ASO,CE,Federal Contract Tower,0,11,9,0,20,0,2,33,0,35,0,13,42,0,55,58,0,58,113
05/19/2017,OLV,MS,ASO,CE,Federal Contract Tower,0,5,6,0,11,0,3,12,0,15,0,8,18,0,26,14,0,14,40
05/20/2017,OLV,MS,ASO,CE,Federal Contract Tower,0,3,1,0,4,0,1,7,4,12,0,4,8,4,16,2,0,2,18
05/21/2017,OLV,MS,ASO,CE,Federal Contract Tower,0,12,0,0,12,0,5,22,0,27,0,17,22,0,39,62,0,62,101
05/22/2017,OLV,MS,ASO,CE,Federal Contract Tower,0,17,23,0,40,0,0,93,0,93,0,17,116,0,133,262,0,262,395
05/23/2017,OLV,MS,ASO,CE,Federal Contract Tower,0,18,18,0,36,0,5,81,2,88,0,23,99,2,124,156,2,158,282
05/24/2017,OLV,MS,ASO,CE,Federal Contract Tower,0,23,5,0,28,0,4,19,0,23,0,27,24,0,51,60,0,60,111
05/25/2017,OLV,MS,ASO,CE,Federal Contract Tower,0,16,25,1,42,0,10,79,5,94,0,26,104,6,136,154,2,156,292
05/26/2017,OLV,MS,ASO,CE,Federal Contract Tower,0,13,15,0,28,0,11,11,0,22,0,24,26,0,50,4,0,4,54
05/27/2017,OLV,MS,ASO,CE,Federal Contract Tower,0,11,4,0,15,0,6,3,2,11,0,17,7,2,26,0,0,0,26
05/28/2017,OLV,MS,ASO,CE,Federal Contract Tower,0,7,4,0,11,0,6,5,0,11,0,13,9,0,22,8,0,8,30
05/29/2017,OLV,MS,ASO,CE,Federal Contract Tower,0,3,22,1,26,0,14,122,0,136,0,17,144,1,162,196,0,196,358
05/30/2017,OLV,MS,ASO,CE,Federal Contract Tower,0,3,27,0,30,0,3,83,0,86,0,6,110,0,116,152,0,152,268
05/31/2017,OLV,MS,ASO,CE,Federal Contract Tower,0,11,18,0,29,0,11,52,6,69,0,22,70,6,98,120,0,120,218
06/01/2017,OLV,MS,ASO,CE,Federal Contract Tower,0,15,34,0,49,0,4,90,0,94,0,19,124,0,143,156,0,156,299
06/02/2017,OLV,MS,ASO,CE,Federal Contract Tower,0,14,11,0,25,0,13,37,0,50,0,27,48,0,75,142,0,142,217
06/03/2017,OLV,MS,ASO,CE,Federal Contract Tower,0,8,2,0,10,0,4,44,0,48,0,12,46,0,58,112,0,112,170
06/04/2017,OLV,MS,ASO,CE,Federal Contract Tower,0,20,0,0,20,0,1,0,0,1,0,21,0,0,21,0,0,0,21
06/05/2017,OLV,MS,ASO,CE,Federal Contract Tower,0,11,2,4,17,0,2,8,2,12,0,13,10,6,29,24,6,30,59
06/06/2017,OLV,MS,ASO,CE,Federal Contract Tower,0,16,25,0,41,0,4,62,0,66,0,20,87,0,107,156,0,156,263
06/07/2017,OLV,MS,ASO,CE,Federal Contract Tower,0,19,23,0,42,0,10,97,12,119,0,29,120,12,161,162,6,168,329
06/08/2017,OLV,MS,ASO,CE,Federal Contract Tower,0,17,15,1,33,0,7,108,1,116,0,24,123,2,149,170,0,170,319
06/09/2017,OLV,MS,ASO,CE,Federal Contract Tower,0,8,15,0,23,0,8,100,0,108,0,16,115,0,131,176,0,176,307
06/10/2017,OLV,MS,ASO,CE,Federal Contract Tower,6,8,4,2,20,0,16,98,0,114,6,24,102,2,134,154,0,154,288
06/11/2017,OLV,MS,ASO,CE,Federal Contract Tower,0,16,16,0,32,0,6,43,0,49,0,22,59,0,81,8,0,8,89
06/12/2017,OLV,MS,ASO,CE,Federal Contract Tower,0,13,30,0,43,0,2,61,0,63,0,15,91,0,106,186,0,186,292
06/13/2017,OLV,MS,ASO,CE,Federal Contract Tower,0,25,21,0,46,0,15,84,0,99,0,40,105,0,145,132,0,132,277
06/14/2017,OLV,MS,ASO,CE,Federal Contract Tower,0,24,8,0,32,0,17,80,0,97,0,41,88,0,129,128,0,128,257
06/15/2017,OLV,MS,ASO,CE,Federal Contract Tower,0,10,6,0,16,0,6,35,0,41,0,16,41,0,57,68,0,68,125
06/16/2017,OLV,MS,ASO,CE,Federal Contract Tower,0,8,16,0,24,0,0,41,0,41,0,8,57,0,65,126,0,126,191
06/17/2017,OLV,MS,ASO,CE,Federal Contract Tower,0,10,14,0,24,0,11,72,4,87,0,21,86,4,111,156,0,156,267
06/18/2017,OLV,MS,ASO,CE,Federal Contract Tower,0,9,1,0,10,0,0,5,0,5,0,9,6,0,15,4,0,4,19
06/19/2017,OLV,MS,ASO,CE,Federal Contract Tower,0,9,16,0,25,0,5,50,0,55,0,14,66,0,80,100,0,100,180
06/20/2017,OLV,MS,ASO,CE,Federal Contract Tower,0,13,8,0,21,0,10,78,0,88,0,23,86,0,109,150,0,150,259
06/21/2017,OLV,MS,ASO,CE,Federal Contract Tower,0,18,15,0,33,0,6,65,0,71,0,24,80,0,104,184,0,184,288
06/22/2017,OLV,MS,ASO,CE,Federal Contract Tower,0,8,8,0,16,0,0,4,0,4,0,8,12,0,20,10,0,10,30
06/23/2017,OLV,MS,ASO,CE,Federal Contract Tower,0,5,2,0,7,0,0,0,0,0,0,5,2,0,7,0,0,0,7
06/24/2017,OLV,MS,ASO,CE,Federal Contract Tower,0,2,10,1,13,0,10,114,3,127,0,12,124,4,140,114,4,118,258
06/25/2017,OLV,MS,ASO,CE,Federal Contract Tower,0,4,13,0,17,0,0,63,0,63,0,4,76,0,80,96,0,96,176
06/26/2017,OLV,MS,ASO,CE,Federal Contract Tower,0,11,17,0,28,0,10,109,2,121,0,21,126,2,149,272,0,272,421
06/27/2017,OLV,MS,ASO,CE,Federal Contract Tower,0,18,24,0,42,0,19,99,0,118,0,37,123,0,160,226,0,226,386
06/28/2017,OLV,MS,ASO,CE,Federal Contract Tower,0,12,19,0,31,0,12,84,3,99,0,24,103,3,130,220,0,220,350
06/29/2017,OLV,MS,ASO,CE,Federal Contract Tower,0,11,10,0,21,0,4,63,1,68,0,15,73,1,89,166,0,166,255
06/30/2017,OLV,MS,ASO,CE,Federal Contract Tower,0,7,10,0,17,0,1,14,0,15,0,8,24,0,32,14,0,14,46
07/01/2017,OLV,MS,ASO,CE,Federal Contract Tower,0,4,2,0,6,0,4,43,0,47,0,8,45,0,53,22,0,22,75
07/02/2017,OLV,MS,ASO,CE,Federal Contract Tower,0,7,11,3,21,0,2,20,3,25,0,9,31,6,46,92,0,92,138
07/03/2017,OLV,MS,ASO,CE,Federal Contract Tower,0,3,11,4,18,0,2,27,3,32,0,5,38,7,50,58,12,70,120
07/04/2017,OLV,MS,ASO,CE,Federal Contract Tower,0,2,10,0,12,0,0,27,0,27,0,2,37,0,39,48,0,48,87
07/05/2017,OLV,MS,ASO,CE,Federal Contract Tower,0,11,4,0,15,0,7,46,1,54,0,18,50,1,69,154,0,154,223
07/06/2017,OLV,MS,ASO,CE,Federal Contract Tower,0,8,14,0,22,0,4,46,0,50,0,12,60,0,72,116,0,116,188
07/07/2017,OLV,MS,ASO,CE,Federal Contract Tower,0,15,7,0,22,0,7,77,0,84,0,22,84,0,106,174,0,174,280
07/08/2017,OLV,MS,ASO,CE,Federal Contract Tower,0,15,5,0,20,0,16,46,3,65,0,31,51,3,85,56,7,63,148
07/09/2017,OLV,MS,ASO,CE,Federal Contract Tower,0,9,7,0,16,0,10,37,0,47,0,19,44,0,63,120,0,120,183
07/10/2017,OLV,MS,ASO,CE,Federal Contract Tower,0,9,16,0,25,0,5,116,0,121,0,14,132,0,146,206,0,206,352
07/11/2017,OLV,MS,ASO,CE,Federal Contract Tower,0,7,17,0,24,0,3,111,0,114,0,10,128,0,138,208,0,208,346
07/12/2017,OLV,MS,ASO,CE,Federal Contract Tower,0,16,14,0,30,0,4,89,0,93,0,20,103,0,123,76,0,76,199
07/13/2017,OLV,MS,ASO,CE,Federal Contract Tower,0,9,29,0,38,0,4,74,2,80,0,13,103,2,118,120,10,130,248
07/14/2017,OLV,MS,ASO,CE,Federal Contract Tower,0,4,8,0,12,0,7,83,0,90,0,11,91,0,102,156,0,156,258
07/15/2017,OLV,MS,ASO,CE,Federal Contract Tower,0,9,9,0,18,0,1,57,4,62,0,10,66,4,80,88,0,88,168
07/16/2017,OLV,MS,ASO,CE,Federal Contract Tower,0,6,7,0,13,0,4,40,7,51,0,10,47,7,64,116,4,120,184
07/17/2017,OLV,MS,ASO,CE,Federal Contract Tower,0,5,8,3,16,0,2,94,1,97,0,7,102,4,113,196,0,196,309
07/18/2017,OLV,MS,ASO,CE,Federal Contract Tower,0,14,16,0,30,0,7,88,0,95,0,21,104,0,125,246,0,246,371
07/19/2017,OLV,MS,ASO,CE,Federal Contract Tower,0,19,10,0,29,0,4,110,4,118,0,23,120,4,147,242,0,242,389
07/20/2017,OLV,MS,ASO,CE,Federal Contract Tower,0,12,16,0,28,0,0,105,0,105,0,12,121,0,133,244,0,244,377
07/21/2017,OLV,MS,ASO,CE,Federal Contract Tower,0,13,15,0,28,0,4,95,1,100,0,17,110,1,128,306,0,306,434
07/22/2017,OLV,MS,ASO,CE,Federal Contract Tower,0,4,2,0,6,0,4,58,0,62,0,8,60,0,68,104,0,104,172
07/23/2017,OLV,MS,ASO,CE,Federal Contract Tower,0,14,15,0,29,0,1,40,0,41,0,15,55,0,70,22,0,22,92
07/24/2017,OLV,MS,ASO,CE,Federal Contract Tower,0,4,16,1,21,0,2,83,0,85,0,6,99,1,106,172,0,172,278
07/25/2017,OLV,MS,ASO,CE,Federal Contract Tower,0,17,9,1,27,0,17,57,0,74,0,34,66,1,101,134,0,134,235
07/26/2017,OLV,MS,ASO,CE,Federal Contract Tower,0,15,10,0,25,0,5,75,3,83,0,20,85,3,108,70,8,78,186
07/27/2017,OLV,MS,ASO,CE,Federal Contract Tower,0,10,22,0,32,0,0,57,0,57,0,10,79,0,89,58,0,58,147
07/28/2017,OLV,MS,ASO,CE,Federal Contract Tower,0,2,8,0,10,0,0,3,0,3,0,2,11,0,13,0,0,0,13
07/29/2017,OLV,MS,ASO,CE,Federal Contract Tower,0,5,16,1,22,0,4,83,5,92,0,9,99,6,114,112,4,116,230
07/30/2017,OLV,MS,ASO,CE,Federal Contract Tower,0,2,10,0,12,0,2,64,1,67,0,4,74,1,79,60,0,60,139
07/31/2017,OLV,MS,ASO,CE,Federal Contract Tower,0,5,11,1,17,0,3,99,3,105,0,8,110,4,122,194,6,200,322
08/01/2017,OLV,MS,ASO,CE,Federal Contract Tower,0,9,18,0,27,0,11,77,0,88,0,20,95,0,115,136,0,136,251
08/02/2017,OLV,MS,ASO,CE,Federal Contract Tower,0,10,11,0,21,0,5,88,6,99,0,15,99,6,120,164,6,170,290
08/03/2017,OLV,MS,ASO,CE,Federal Contract Tower,0,22,26,0,48,0,12,87,0,99,0,34,113,0,147,118,0,118,265
08/04/2017,OLV,MS,ASO,CE,Federal Contract Tower,0,15,11,0,26,0,2,84,2,88,0,17,95,2,114,190,0,190,304
08/05/2017,OLV,MS,ASO,CE,Federal Contract Tower,0,6,15,0,21,0,9,75,2,86,0,15,90,2,107,110,0,110,217
08/06/2017,OLV,MS,ASO,CE,Federal Contract Tower,0,13,8,0,21,0,2,19,0,21,0,15,27,0,42,24,0,24,66
08/07/2017,OLV,MS,ASO,CE,Federal Contract Tower,0,4,18,0,22,0,0,28,0,28,0,4,46,0,50,110,0,110,160
08/08/2017,OLV,MS,ASO,CE,Federal Contract Tower,0,18,26,0,44,0,4,86,0,90,0,22,112,0,134,112,0,112,246
08/09/2017,OLV,MS,ASO,CE,Federal Contract Tower,0,7,17,0,24,0,7,103,2,112,0,14,120,2,136,124,0,124,260
08/10/2017,OLV,MS,ASO,CE,Federal Contract Tower,0,13,13,0,26,0,5,81,2,88,0,18,94,2,114,158,10,168,282
08/11/2017,OLV,MS,ASO,CE,Federal Contract Tower,0,15,7,0,22,0,5,24,0,29,0,20,31,0,51,80,0,80,131
08/12/2017,OLV,MS,ASO,CE,Federal Contract Tower,0,3,12,1,16,0,19,60,3,82,0,22,72,4,98,146,0,146,244
08/13/2017,OLV,MS,ASO,CE,Federal Contract Tower,0,8,13,0,21,0,0,56,0,56,0,8,69,0,77,94,0,94,171
08/14/2017,OLV,MS,ASO,CE,Federal Contract Tower,0,12,14,0,26,0,5,3,0,8,0,17,17,0,34,8,0,8,42
08/15/2017,OLV,MS,ASO,CE,Federal Contract Tower,0,15,12,0,27,0,5,38,0,43,0,20,50,0,70,118,0,118,188
08/16/2017,OLV,MS,ASO,CE,Federal Contract Tower,0,5,24,0,29,0,11,59,0,70,0,16,83,0,99,130,0,130,229
08/17/2017,OLV,MS,ASO,CE,Federal Contract Tower,0,7,10,0,17,0,2,16,0,18,0,9,26,0,35,38,0,38,73
08/18/2017,OLV,MS,ASO,CE,Federal Contract Tower,0,15,13,0,28,0,7,99,2,108,0,22,112,2,136,168,7,175,311
08/19/2017,OLV,MS,ASO,CE,Federal Contract Tower,0,4,17,0,21,0,10,63,4,77,0,14,80,4,98,112,0,112,210
08/20/2017,OLV,MS,ASO,CE,Federal Contract Tower,0,3,5,0,8,0,4,40,4,48,0,7,45,4,56,105,0,105,161
08/21/2017,OLV,MS,ASO,CE,Federal Contract Tower,0,8,26,0,34,0,0,94,0,94,0,8,120,0,128,118,0,118,246
08/22/2017,OLV,MS,ASO,CE,Federal Contract Tower,0,15,14,0,29,0,2,72,0,74,0,17,86,0,103,116,0,116,219
08/23/2017,OLV,MS,ASO,CE,Federal Contract Tower,0,17,20,0,37,0,9,69,0,78,0,26,89,0,115,176,0,176,291
08/24/2017,OLV,MS,ASO,CE,Federal Contract Tower,0,7,22,0,29,0,9,67,0,76,0,16,89,0,105,106,0,106,211
08/25/2017,OLV,MS,ASO,CE,Federal Contract Tower,0,9,16,0,25,0,5,76,2,83,0,14,92,2,108,126,0,126,234
08/26/2017,OLV,MS,ASO,CE,Federal Contract Tower,0,6,15,0,21,0,6,76,0,82,0,12,91,0,103,118,0,118,221
08/27/2017,OLV,MS,ASO,CE,Federal Contract Tower,0,4,10,0,14,0,4,38,0,42,0,8,48,0,56,72,0,72,128
08/28/2017,OLV,MS,ASO,CE,Federal Contract Tower,0,12,9,0,21,0,2,51,0,53,0,14,60,0,74,102,0,102,176
08/29/2017,OLV,MS,ASO,CE,Federal Contract Tower,0,9,13,0,22,0,7,88,0,95,0,16,101,0,117,156,0,156,273
08/30/2017,OLV,MS,ASO,CE,Federal Contract Tower,0,11,28,0,39,0,1,29,0,30,0,12,57,0,69,64,0,64,133
08/31/2017,OLV,MS,ASO,CE,Federal Contract Tower,0,3,0,0,3,0,0,0,0,0,0,3,0,0,3,0,0,0,3
09/01/2017,OLV,MS,ASO,CE,Federal Contract Tower,0,18,14,0,32,0,14,80,0,94,0,32,94,0,126,132,0,132,258
09/02/2017,OLV,MS,ASO,CE,Federal Contract Tower,0,7,24,2,33,0,8,83,0,91,0,15,107,2,124,124,0,124,248
09/03/2017,OLV,MS,ASO,CE,Federal Contract Tower,0,6,12,0,18,0,4,61,0,65,0,10,73,0,83,100,0,100,183
09/04/2017,OLV,MS,ASO,CE,Federal Contract Tower,0,10,15,1,26,0,2,84,1,87,0,12,99,2,113,152,0,152,265
09/05/2017,OLV,MS,ASO,CE,Federal Contract Tower,0,14,28,0,42,0,4,24,0,28,0,18,52,0,70,68,0,68,138
09/06/2017,OLV,MS,ASO,CE,Federal Contract Tower,0,16,21,0,37,0,2,100,2,104,0,18,121,2,141,176,6,182,323
09/07/2017,OLV,MS,ASO,CE,Federal Contract Tower,0,22,20,1,43,0,8,89,4,101,0,30,109,5,144,138,6,144,288
09/09/2017,OLV,MS,ASO,CE,Federal Contract Tower,0,11,22,1,34,0,8,70,0,78,0,19,92,1,112,65,0,65,177
09/10/2017,OLV,MS,ASO,CE,Federal Contract Tower,0,11,10,1,22,0,4,50,2,56,0,15,60,3,78,118,8,126,204
09/11/2017,OLV,MS,ASO,CE,Federal Contract Tower,0,13,11,1,25,0,12,54,0,66,0,25,65,1,91,90,0,90,181
09/12/2017,OLV,MS,ASO,CE,Federal Contract Tower,0,2,0,0,2,0,0,0,0,0,0,2,0,0,2,0,0,0,2
09/13/2017,OLV,MS,ASO,CE,Federal Contract Tower,0,5,22,0,27,0,0,4,0,4,0,5,26,0,31,0,0,0,31
09/14/2017,OLV,MS,ASO,CE,Federal Contract Tower,0,14,17,0,31,0,8,144,0,152,0,22,161,0,183,148,0,148,331
09/15/2017,OLV,MS,ASO,CE,Federal Contract Tower,0,9,21,3,33,0,12,81,6,99,0,21,102,9,132,116,16,132,264
09/16/2017,OLV,MS,ASO,CE,Federal Contract Tower,0,6,17,0,23,0,2,78,1,81,0,8,95,1,104,122,8,130,234
09/17/2017,OLV,MS,ASO,CE,Federal Contract Tower,0,7,10,0,17,0,1,45,2,48,0,8,55,2,65,118,0,118,183
09/18/2017,OLV,MS,ASO,CE,Federal Contract Tower,0,4,37,0,41,0,8,74,0,82,0,12,111,0,123,82,0,82,205
09/19/2017,OLV,MS,ASO,CE,Federal Contract Tower,0,13,53,0,66,0,5,99,0,104,0,18,152,0,170,148,0,148,318
09/20/2017,OLV,MS,ASO,CE,Federal Contract Tower,0,13,42,0,55,0,10,97,0,107,0,23,139,0,162,120,0,120,282
09/21/2017,OLV,MS,ASO,CE,Federal Contract Tower,0,11,34,0,45,0,4,68,0,72,0,15,102,0,117,140,0,140,257
09/22/2017,OLV,MS,ASO,CE,Federal Contract Tower,0,9,36,0,45,0,4,79,0,83,0,13,115,0,128,82,0,82,210
09/23/2017,OLV,MS,ASO,CE,Federal Contract Tower,0,5,6,0,11,0,9,84,2,95,0,14,90,2,106,200,0,200,306
09/24/2017,OLV,MS,ASO,CE,Federal Contract Tower,0,10,7,0,17,0,4,50,2,56,0,14,57,2,73,130,0,130,203
09/25/2017,OLV,MS,ASO,CE,Federal Contract Tower,0,10,60,0,70,0,1,87,0,88,0,11,147,0,158,162,0,162,320
09/26/2017,OLV,MS,ASO,CE,Federal Contract Tower,0,11,32,0,43,0,2,98,2,102,0,13,130,2,145,100,0,100,245
09/27/2017,OLV,MS,ASO,CE,Federal Contract Tower,0,14,32,2,48,0,0,69,2,71,0,14,101,4,119,68,2,70,189
09/28/2017,OLV,MS,ASO,CE,Federal Contract Tower,0,13,20,0,33,0,10,77,2,89,0,23,97,2,122,158,0,158,280
09/29/2017,OLV,MS,ASO,CE,Federal Contract Tower,0,10,18,0,28,0,7,54,0,61,0,17,72,0,89,96,0,96,185
09/30/2017,OLV,MS,ASO,CE,Federal Contract Tower,0,9,15,0,24,0,3,52,0,55,0,12,67,0,79,40,0,40,119
10/01/2017,OLV,MS,ASO,CE,Federal Contract Tower,0,13,9,0,22,0,1,45,0,46,0,14,54,0,68,24,0,24,92
10/02/2017,OLV,MS,ASO,CE,Federal Contract Tower,0,9,20,0,29,0,2,57,0,59,0,11,77,0,88,102,0,102,190
10/03/2017,OLV,MS,ASO,CE,Federal Contract Tower,0,15,28,0,43,0,7,71,0,78,0,22,99,0,121,110,0,110,231
10/04/2017,OLV,MS,ASO,CE,Federal Contract Tower,0,15,24,0,39,0,6,63,0,69,0,21,87,0,108,120,0,120,228
10/05/2017,OLV,MS,ASO,CE,Federal Contract Tower,0,10,28,0,38,0,6,73,0,79,0,16,101,0,117,104,0,104,221
10/06/2017,OLV,MS,ASO,CE,Federal Contract Tower,0,20,8,0,28,0,6,64,3,73,0,26,72,3,101,34,0,34,135
10/07/2017,OLV,MS,ASO,CE,Federal Contract Tower,0,9,8,0,17,0,3,30,6,39,0,12,38,6,56,54,0,54,110
10/08/2017,OLV,MS,ASO,CE,Federal Contract Tower,0,12,15,0,27,0,0,13,0,13,0,12,28,0,40,16,0,16,56
10/09/2017,OLV,MS,ASO,CE,Federal Contract Tower,0,10,30,0,40,0,0,71,0,71,0,10,101,0,111,70,0,70,181
10/10/2017,OLV,MS,ASO,CE,Federal Contract Tower,0,10,19,0,29,0,4,22,0,26,0,14,41,0,55,54,0,54,109
10/11/2017,OLV,MS,ASO,CE,Federal Contract Tower,0,8,43,0,51,0,1,67,0,68,0,9,110,0,119,102,0,102,221
10/12/2017,OLV,MS,ASO,CE,Federal Contract Tower,0,14,30,0,44,0,4,78,0,82,0,18,108,0,126,72,0,72,198
10/13/2017,OLV,MS,ASO,CE,Federal Contract Tower,0,10,18,0,28,0,5,98,0,103,0,15,116,0,131,112,0,112,243
10/14/2017,OLV,MS,ASO,CE,Federal Contract Tower,0,7,15,0,22,0,3,72,0,75,0,10,87,0,97,48,0,48,145
10/15/2017,OLV,MS,ASO,CE,Federal Contract Tower,0,8,10,0,18,0,0,8,11,19,0,8,18,11,37,0,0,0,37
10/16/2017,OLV,MS,ASO,CE,Federal Contract Tower,0,12,11,0,23,0,2,74,1,77,0,14,85,1,100,50,0,50,150
10/17/2017,OLV,MS,ASO,CE,Federal Contract Tower,0,15,26,0,41,0,3,111,0,114,0,18,137,0,155,110,0,110,265
10/18/2017,OLV,MS,ASO,CE,Federal Contract Tower,0,8,18,0,26,0,2,78,0,80,0,10,96,0,106,102,0,102,208
10/19/2017,OLV,MS,ASO,CE,Federal Contract Tower,0,11,11,0,22,0,2,80,0,82,0,13,91,0,104,78,0,78,182
10/20/2017,OLV,MS,ASO,CE,Federal Contract Tower,0,17,17,0,34,0,4,82,0,86,0,21,99,0,120,100,0,100,220
10/21/2017,OLV,MS,ASO,CE,Federal Contract Tower,0,12,16,0,28,0,2,72,0,74,0,14,88,0,102,66,0,66,168
10/22/2017,OLV,MS,ASO,CE,Federal Contract Tower,0,12,1,0,13,0,0,0,0,0,0,12,1,0,13,0,0,0,13
10/23/2017,OLV,MS,ASO,CE,Federal Contract Tower,0,13,8,0,21,0,6,30,0,36,0,19,38,0,57,72,0,72,129
10/24/2017,OLV,MS,ASO,CE,Federal Contract Tower,0,16,3,0,19,0,9,37,0,46,0,25,40,0,65,48,0,48,113
10/25/2017,OLV,MS,ASO,CE,Federal Contract Tower,0,16,17,0,33,0,8,47,0,55,0,24,64,0,88,48,0,48,136
10/26/2017,OLV,MS,ASO,CE,Federal Contract Tower,0,17,12,0,29,0,7,46,2,55,0,24,58,2,84,26,0,26,110
10/27/2017,OLV,MS,ASO,CE,Federal Contract Tower,0,11,6,0,17,0,2,3,7,12,0,13,9,7,29,20,0,20,49
10/28/2017,OLV,MS,ASO,CE,Federal Contract Tower,0,1,7,0,8,0,0,59,3,62,0,1,66,3,70,86,0,86,156
10/29/2017,OLV,MS,ASO,CE,Federal Contract Tower,0,8,13,4,25,0,0,61,2,63,0,8,74,6,88,72,4,76,164
10/30/2017,OLV,MS,ASO,CE,Federal Contract Tower,0,3,10,0,13,0,3,71,2,76,0,6,81,2,89,104,10,114,203
10/31/2017,OLV,MS,ASO,CE,Federal Contract Tower,0,4,24,0,28,0,1,85,2,88,0,5,109,2,116,86,30,116,232
11/01/2017,OLV,MS,ASO,CE,Federal Contract Tower,0,8,15,0,23,0,2,23,0,25,0,10,38,0,48,38,0,38,86
11/02/2017,OLV,MS,ASO,CE,Federal Contract Tower,0,13,14,0,27,0,0,15,2,17,0,13,29,2,44,20,6,26,70
11/03/2017,OLV,MS,ASO,CE,Federal Contract Tower,0,13,4,0,17,0,0,0,0,0,0,13,4,0,17,0,0,0,17
11/04/2017,OLV,MS,ASO,CE,Federal Contract Tower,0,9,6,0,15,0,0,1,0,1,0,9,7,0,16,0,0,0,16
11/05/2017,OLV,MS,ASO,CE,Federal Contract Tower,0,11,9,0,20,0,1,11,0,12,0,12,20,0,32,54,0,54,86
11/06/2017,OLV,MS,ASO,CE,Federal Contract Tower,0,9,0,0,9,0,0,0,0,0,0,9,0,0,9,0,0,0,9
11/07/2017,OLV,MS,ASO,CE,Federal Contract Tower,0,13,0,0,13,0,0,0,0,0,0,13,0,0,13,0,0,0,13
11/08/2017,OLV,MS,ASO,CE,Federal Contract Tower,0,11,17,0,28,0,4,9,0,13,0,15,26,0,41,2,0,2,43
11/09/2017,OLV,MS,ASO,CE,Federal Contract Tower,0,26,28,0,54,0,7,93,0,100,0,33,121,0,154,102,0,102,256
11/10/2017,OLV,MS,ASO,CE,Federal Contract Tower,0,6,14,0,20,0,4,75,0,79,0,10,89,0,99,52,0,52,151
11/11/2017,OLV,MS,ASO,CE,Federal Contract Tower,0,7,12,0,19,0,3,91,2,96,0,10,103,2,115,120,0,120,235
11/12/2017,OLV,MS,ASO,CE,Federal Contract Tower,0,10,15,0,25,0,7,50,0,57,0,17,65,0,82,66,0,66,148
11/13/2017,OLV,MS,ASO,CE,Federal Contract Tower,0,6,20,1,27,0,7,64,1,72,0,13,84,2,99,76,0,76,175
11/14/2017,OLV,MS,ASO,CE,Federal Contract Tower,0,18,17,0,35,0,17,98,3,118,0,35,115,3,153,90,6,96,249
11/15/2017,OLV,MS,ASO,CE,Federal Contract Tower,0,17,12,0,29,0,2,34,4,40,0,19,46,4,69,52,0,52,121
11/16/2017,OLV,MS,ASO,CE,Federal Contract Tower,0,19,24,2,45,0,9,65,1,75,0,28,89,3,120,74,0,74,194
11/17/2017,OLV,MS,ASO,CE,Federal Contract Tower,0,16,11,1,28,0,8,63,3,74,0,24,74,4,102,74,0,74,176
11/18/2017,OLV,MS,ASO,CE,Federal Contract Tower,0,3,1,0,4,0,0,2,0,2,0,3,3,0,6,0,0,0,6
11/19/2017,OLV,MS,ASO,CE,Federal Contract Tower,0,11,9,0,20,0,15,44,0,59,0,26,53,0,79,64,0,64,143
11/20/2017,OLV,MS,ASO,CE,Federal Contract Tower,0,8,14,0,22,0,3,58,0,61,0,11,72,0,83,74,0,74,157
11/21/2017,OLV,MS,ASO,CE,Federal Contract Tower,0,17,15,0,32,0,6,72,0,78,0,23,87,0,110,32,0,32,142
11/22/2017,OLV,MS,ASO,CE,Federal Contract Tower,0,15,16,0,31,0,9,44,2,55,0,24,60,2,86,120,4,124,210
11/23/2017,OLV,MS,ASO,CE,Federal Contract Tower,0,2,3,0,5,0,6,37,2,45,0,8,40,2,50,12,0,12,62
11/24/2017,OLV,MS,ASO,CE,Federal Contract Tower,0,6,12,1,19,0,0,70,1,71,0,6,82,2,90,82,0,82,172
11/25/2017,OLV,MS,ASO,CE,Federal Contract Tower,0,5,5,0,10,0,18,60,2,80,0,23,65,2,90,96,6,102,192
11/26/2017,OLV,MS,ASO,CE,Federal Contract Tower,0,16,5,5,26,0,8,79,1,88,0,24,84,6,114,64,0,64,178
11/27/2017,OLV,MS,ASO,CE,Federal Contract Tower,0,8,18,0,26,0,0,61,0,61,0,8,79,0,87,56,0,56,143
11/28/2017,OLV,MS,ASO,CE,Federal Contract Tower,0,9,11,3,23,0,7,50,2,59,0,16,61,5,82,38,4,42,124
11/29/2017,OLV,MS,ASO,CE,Federal Contract Tower,0,10,2,0,12,0,5,63,0,68,0,15,65,0,80,100,0,100,180
11/30/2017,OLV,MS,ASO,CE,Federal Contract Tower,0,8,10,0,18,0,2,45,0,47,0,10,55,0,65,56,0,56,121
12/01/2017,OLV,MS,ASO,CE,Federal Contract Tower,0,14,19,0,33,0,9,61,0,70,0,23,80,0,103,106,0,106,209
12/02/2017,OLV,MS,ASO,CE,Federal Contract Tower,0,6,5,0,11,0,4,89,3,96,0,10,94,3,107,92,0,92,199
12/03/2017,OLV,MS,ASO,CE,Federal Contract Tower,0,7,8,0,15,0,3,72,2,77,0,10,80,2,92,88,0,88,180
12/04/2017,OLV,MS,ASO,CE,Federal Contract Tower,0,11,8,0,19,0,0,30,2,32,0,11,38,2,51,18,0,18,69
12/05/2017,OLV,MS,ASO,CE,Federal Contract Tower,0,9,6,0,15,0,2,24,0,26,0,11,30,0,41,20,0,20,61
12/06/2017,OLV,MS,ASO,CE,Federal Contract Tower,0,13,2,0,15,0,7,41,0,48,0,20,43,0,63,76,0,76,139
12/07/2017,OLV,MS,ASO,CE,Federal Contract Tower,0,16,18,0,34,0,7,32,3,42,0,23,50,3,76,18,0,18,94
12/08/2017,OLV,MS,ASO,CE,Federal Contract Tower,0,13,10,0,23,0,6,40,4,50,0,19,50,4,73,18,2,20,93
12/09/2017,OLV,MS,ASO,CE,Federal Contract Tower,0,5,4,0,9,0,3,35,4,42,0,8,39,4,51,24,0,24,75
12/10/2017,OLV,MS,ASO,CE,Federal Contract Tower,0,8,7,0,15,0,8,41,0,49,0,16,48,0,64,8,0,8,72
12/11/2017,OLV,MS,ASO,CE,Federal Contract Tower,0,18,15,0,33,0,17,50,1,68,0,35,65,1,101,20,12,32,133
12/12/2017,OLV,MS,ASO,CE,Federal Contract Tower,0,11,24,2,37,0,6,37,2,45,0,17,61,4,82,38,0,38,120
12/13/2017,OLV,MS,ASO,CE,Federal Contract Tower,0,14,6,0,20,0,14,36,0,50,0,28,42,0,70,32,0,32,102
12/14/2017,OLV,MS,ASO,CE,Federal Contract Tower,0,17,16,0,33,0,20,62,0,82,0,37,78,0,115,94,0,94,209
12/15/2017,OLV,MS,ASO,CE,Federal Contract Tower,0,13,13,0,26,0,15,79,3,97,0,28,92,3,123,146,0,146,269
12/16/2017,OLV,MS,ASO,CE,Federal Contract Tower,0,4,4,0,8,0,8,85,0,93,0,12,89,0,101,56,0,56,157
12/17/2017,OLV,MS,ASO,CE,Federal Contract Tower,0,4,2,0,6,0,0,0,0,0,0,4,2,0,6,0,0,0,6
12/18/2017,OLV,MS,ASO,CE,Federal Contract Tower,0,5,9,0,14,0,0,0,0,0,0,5,9,0,14,0,0,0,14
12/19/2017,OLV,MS,ASO,CE,Federal Contract Tower,0,9,0,0,9,0,0,0,0,0,0,9,0,0,9,0,0,0,9
12/20/2017,OLV,MS,ASO,CE,Federal Contract Tower,0,9,2,0,11,0,0,0,0,0,0,9,2,0,11,0,0,0,11
12/21/2017,OLV,MS,ASO,CE,Federal Contract Tower,0,11,5,0,16,0,0,0,0,0,0,11,5,0,16,0,0,0,16
12/22/2017,OLV,MS,ASO,CE,Federal Contract Tower,0,6,0,0,6,0,0,0,0,0,0,6,0,0,6,0,0,0,6
12/23/2017,OLV,MS,ASO,CE,Federal Contract Tower,0,2,7,0,9,0,0,0,2,2,0,2,7,2,11,0,8,8,19
12/24/2017,OLV,MS,ASO,CE,Federal Contract Tower,0,0,1,0,1,0,0,2,0,2,0,0,3,0,3,0,0,0,3
12/25/2017,OLV,MS,ASO,CE,Federal Contract Tower,0,1,0,0,1,0,2,0,0,2,0,3,0,0,3,0,0,0,3
12/26/2017,OLV,MS,ASO,CE,Federal Contract Tower,0,7,7,0,14,0,9,62,0,71,0,16,69,0,85,106,0,106,191
12/27/2017,OLV,MS,ASO,CE,Federal Contract Tower,0,9,1,0,10,0,9,43,2,54,0,18,44,2,64,40,4,44,108
12/28/2017,OLV,MS,ASO,CE,Federal Contract Tower,0,7,25,0,32,0,5,49,0,54,0,12,74,0,86,72,0,72,158
12/29/2017,OLV,MS,ASO,CE,Federal Contract Tower,0,9,8,0,17,0,2,73,3,78,0,11,81,3,95,116,6,122,217
12/30/2017,OLV,MS,ASO,CE,Federal Contract Tower,0,3,9,0,12,0,2,35,0,37,0,5,44,0,49,26,0,26,75
12/31/2017,OLV,MS,ASO,CE,Federal Contract Tower,0,3,6,0,9,0,2,47,0,49,0,5,53,0,58,24,0,24,82
01/01/2018,OLV,MS,ASO,CE,Federal Contract Tower,0,3,11,0,14,0,1,30,0,31,0,4,41,0,45,32,0,32,77
01/02/2018,OLV,MS,ASO,CE,Federal Contract Tower,0,8,10,0,18,0,13,49,0,62,0,21,59,0,80,32,0,32,112
01/03/2018,OLV,MS,ASO,CE,Federal Contract Tower,0,7,8,0,15,0,13,37,0,50,0,20,45,0,65,16,0,16,81
01/04/2018,OLV,MS,ASO,CE,Federal Contract Tower,0,2,14,0,16,0,3,48,0,51,0,5,62,0,67,68,0,68,135
01/05/2018,OLV,MS,ASO,CE,Federal Contract Tower,0,14,20,0,34,0,11,45,0,56,0,25,65,0,90,60,0,60,150
01/06/2018,OLV,MS,ASO,CE,Federal Contract Tower,0,1,8,0,9,0,5,67,0,72,0,6,75,0,81,92,0,92,173
01/07/2018,OLV,MS,ASO,CE,Federal Contract Tower,0,2,1,0,3,0,0,23,0,23,0,2,24,0,26,40,0,40,66
01/08/2018,OLV,MS,ASO,CE,Federal Contract Tower,0,4,0,0,4,0,0,0,0,0,0,4,0,0,4,0,0,0,4
01/09/2018,OLV,MS,ASO,CE,Federal Contract Tower,0,13,5,0,18,0,0,0,0,0,0,13,5,0,18,0,0,0,18
01/10/2018,OLV,MS,ASO,CE,Federal Contract Tower,0,8,3,0,11,0,0,0,0,0,0,8,3,0,11,0,0,0,11
01/11/2018,OLV,MS,ASO,CE,Federal Contract Tower,0,15,12,0,27,0,0,0,0,0,0,15,12,0,27,0,0,0,27
01/12/2018,OLV,MS,ASO,CE,Federal Contract Tower,0,0,0,0,0,0,0,0,0,0,0,0,0,0,0,0,0,0,0
01/13/2018,OLV,MS,ASO,CE,Federal Contract Tower,0,0,0,0,0,0,0,1,0,1,0,0,1,0,1,0,0,0,1
01/14/2018,OLV,MS,ASO,CE,Federal Contract Tower,0,0,2,0,2,0,6,5,0,11,0,6,7,0,13,0,0,0,13
01/15/2018,OLV,MS,ASO,CE,Federal Contract Tower,0,7,8,1,16,0,6,50,2,58,0,13,58,3,74,90,10,100,174
01/16/2018,OLV,MS,ASO,CE,Federal Contract Tower,0,0,0,0,0,0,7,1,0,8,0,7,1,0,8,0,0,0,8
01/17/2018,OLV,MS,ASO,CE,Federal Contract Tower,0,0,0,0,0,0,0,0,0,0,0,0,0,0,0,0,0,0,0
01/18/2018,OLV,MS,ASO,CE,Federal Contract Tower,0,2,0,0,2,0,0,4,0,4,0,2,4,0,6,0,0,0,6
01/19/2018,OLV,MS,ASO,CE,Federal Contract Tower,0,2,9,0,11,0,5,37,2,44,0,7,46,2,55,50,0,50,105
01/20/2018,OLV,MS,ASO,CE,Federal Contract Tower,0,6,9,0,15,0,7,55,0,62,0,13,64,0,77,102,0,102,179
01/21/2018,OLV,MS,ASO,CE,Federal Contract Tower,0,5,22,0,27,0,0,31,0,31,0,5,53,0,58,30,0,30,88
01/22/2018,OLV,MS,ASO,CE,Federal Contract Tower,0,9,6,0,15,0,2,19,0,21,0,11,25,0,36,10,0,10,46
01/23/2018,OLV,MS,ASO,CE,Federal Contract Tower,0,14,8,0,22,0,8,47,0,55,0,22,55,0,77,96,0,96,173
01/24/2018,OLV,MS,ASO,CE,Federal Contract Tower,0,12,11,0,23,0,8,53,0,61,0,20,64,0,84,50,0,50,134
01/25/2018,OLV,MS,ASO,CE,Federal Contract Tower,0,16,6,0,22,0,8,78,0,86,0,24,84,0,108,76,0,76,184
01/26/2018,OLV,MS,ASO,CE,Federal Contract Tower,0,14,10,2,26,0,8,71,1,80,0,22,81,3,106,94,12,106,212
01/27/2018,OLV,MS,ASO,CE,Federal Contract Tower,0,1,5,0,6,0,0,0,0,0,0,1,5,0,6,0,0,0,6
01/28/2018,OLV,MS,ASO,CE,Federal Contract Tower,0,16,5,0,21,0,1,62,2,65,0,17,67,2,86,64,0,64,150
01/29/2018,OLV,MS,ASO,CE,Federal Contract Tower,0,10,15,0,25,0,5,38,0,43,0,15,53,0,68,122,0,122,190
01/30/2018,OLV,MS,ASO,CE,Federal Contract Tower,0,11,8,0,19,0,3,91,0,94,0,14,99,0,113,190,0,190,303
01/31/2018,OLV,MS,ASO,CE,Federal Contract Tower,0,17,17,0,34,0,3,50,0,53,0,20,67,0,87,44,0,44,131
02/01/2018,OLV,MS,ASO,CE,Federal Contract Tower,0,14,10,0,24,0,2,4,0,6,0,16,14,0,30,6,0,6,36
02/02/2018,OLV,MS,ASO,CE,Federal Contract Tower,0,14,10,0,24,0,8,54,0,62,0,22,64,0,86,104,0,104,190
02/03/2018,OLV,MS,ASO,CE,Federal Contract Tower,0,1,2,0,3,0,16,55,0,71,0,17,57,0,74,62,0,62,136
02/04/2018,OLV,MS,ASO,CE,Federal Contract Tower,0,2,6,0,8,0,2,53,0,55,0,4,59,0,63,82,0,82,145
02/05/2018,OLV,MS,ASO,CE,Federal Contract Tower,0,18,12,0,30,0,3,44,0,47,0,21,56,0,77,46,0,46,123
02/06/2018,OLV,MS,ASO,CE,Federal Contract Tower,0,15,0,0,15,0,2,26,0,28,0,17,26,0,43,74,0,74,117
02/07/2018,OLV,MS,ASO,CE,Federal Contract Tower,0,8,10,0,18,0,3,14,0,17,0,11,24,0,35,68,0,68,103
02/08/2018,OLV,MS,ASO,CE,Federal Contract Tower,0,14,8,0,22,0,9,61,0,70,0,23,69,0,92,96,0,96,188
02/09/2018,OLV,MS,ASO,CE,Federal Contract Tower,0,25,13,0,38,0,9,47,0,56,0,34,60,0,94,108,0,108,202
02/10/2018,OLV,MS,ASO,CE,Federal Contract Tower,0,4,2,0,6,0,0,0,0,0,0,4,2,0,6,0,0,0,6
02/11/2018,OLV,MS,ASO,CE,Federal Contract Tower,0,5,1,0,6,0,0,0,0,0,0,5,1,0,6,0,0,0,6
02/12/2018,OLV,MS,ASO,CE,Federal Contract Tower,0,11,11,0,22,0,8,27,0,35,0,19,38,0,57,50,0,50,107
02/13/2018,OLV,MS,ASO,CE,Federal Contract Tower,0,21,7,1,29,0,4,5,1,10,0,25,12,2,39,28,0,28,67
02/14/2018,OLV,MS,ASO,CE,Federal Contract Tower,0,9,2,0,11,0,0,0,0,0,0,9,2,0,11,0,0,0,11
02/15/2018,OLV,MS,ASO,CE,Federal Contract Tower,0,13,4,0,17,0,7,1,2,10,0,20,5,2,27,0,0,0,27
02/16/2018,OLV,MS,ASO,CE,Federal Contract Tower,0,6,7,0,13,0,0,2,0,2,0,6,9,0,15,4,0,4,19
02/17/2018,OLV,MS,ASO,CE,Federal Contract Tower,0,5,1,0,6,0,0,1,0,1,0,5,2,0,7,0,0,0,7
02/18/2018,OLV,MS,ASO,CE,Federal Contract Tower,0,2,13,0,15,0,2,49,0,51,0,4,62,0,66,104,0,104,170
02/19/2018,OLV,MS,ASO,CE,Federal Contract Tower,0,9,12,0,21,0,2,27,1,30,0,11,39,1,51,10,12,22,73
02/20/2018,OLV,MS,ASO,CE,Federal Contract Tower,0,9,9,0,18,0,2,7,0,9,0,11,16,0,27,18,0,18,45
02/21/2018,OLV,MS,ASO,CE,Federal Contract Tower,0,16,4,0,20,0,0,0,0,0,0,16,4,0,20,0,0,0,20
02/22/2018,OLV,MS,ASO,CE,Federal Contract Tower,0,17,1,0,18,0,0,0,0,0,0,17,1,0,18,0,0,0,18
02/23/2018,OLV,MS,ASO,CE,Federal Contract Tower,0,14,7,0,21,0,1,26,0,27,0,15,33,0,48,34,0,34,82
02/24/2018,OLV,MS,ASO,CE,Federal Contract Tower,0,0,4,0,4,0,0,5,0,5,0,0,9,0,9,12,0,12,21
02/25/2018,OLV,MS,ASO,CE,Federal Contract Tower,0,11,14,1,26,0,5,80,5,90,0,16,94,6,116,110,0,110,226
02/26/2018,OLV,MS,ASO,CE,Federal Contract Tower,0,10,21,0,31,0,4,89,0,93,0,14,110,0,124,118,0,118,242
02/27/2018,OLV,MS,ASO,CE,Federal Contract Tower,0,21,8,0,29,0,13,71,2,86,0,34,79,2,115,134,0,134,249
02/28/2018,OLV,MS,ASO,CE,Federal Contract Tower,0,6,0,0,6,0,1,0,0,1,0,7,0,0,7,0,0,0,7
03/01/2018,OLV,MS,ASO,CE,Federal Contract Tower,0,12,2,0,14,0,11,25,0,36,0,23,27,0,50,36,0,36,86
03/02/2018,OLV,MS,ASO,CE,Federal Contract Tower,0,8,12,0,20,0,14,85,0,99,0,22,97,0,119,118,0,118,237
03/03/2018,OLV,MS,ASO,CE,Federal Contract Tower,0,4,15,0,19,0,7,119,4,130,0,11,134,4,149,120,10,130,279
03/04/2018,OLV,MS,ASO,CE,Federal Contract Tower,0,10,13,0,23,0,25,102,2,129,0,35,115,2,152,78,0,78,230
03/05/2018,OLV,MS,ASO,CE,Federal Contract Tower,0,3,7,0,10,0,4,15,0,19,0,7,22,0,29,28,0,28,57
03/06/2018,OLV,MS,ASO,CE,Federal Contract Tower,0,10,8,0,18,0,11,33,0,44,0,21,41,0,62,66,0,66,128
03/07/2018,OLV,MS,ASO,CE,Federal Contract Tower,0,15,10,0,25,0,8,58,0,66,0,23,68,0,91,54,0,54,145
03/08/2018,OLV,MS,ASO,CE,Federal Contract Tower,0,14,21,0,35,0,12,57,0,69,0,26,78,0,104,54,0,54,158
03/09/2018,OLV,MS,ASO,CE,Federal Contract Tower,0,20,11,0,31,0,7,51,2,60,0,27,62,2,91,94,6,100,191
03/10/2018,OLV,MS,ASO,CE,Federal Contract Tower,0,7,8,0,15,0,5,46,0,51,0,12,54,0,66,66,0,66,132
03/11/2018,OLV,MS,ASO,CE,Federal Contract Tower,0,3,6,0,9,0,0,1,0,1,0,3,7,0,10,0,0,0,10
03/12/2018,OLV,MS,ASO,CE,Federal Contract Tower,0,11,13,0,24,0,2,40,0,42,0,13,53,0,66,60,2,62,128
03/13/2018,OLV,MS,ASO,CE,Federal Contract Tower,0,21,13,0,34,0,13,73,2,88,0,34,86,2,122,100,10,110,232
03/14/2018,OLV,MS,ASO,CE,Federal Contract Tower,0,14,14,0,28,0,15,73,2,90,0,29,87,2,118,152,0,152,270
03/15/2018,OLV,MS,ASO,CE,Federal Contract Tower,0,9,6,0,15,0,6,37,0,43,0,15,43,0,58,30,0,30,88
03/16/2018,OLV,MS,ASO,CE,Federal Contract Tower,0,9,5,0,14,0,0,5,2,7,0,9,10,2,21,0,10,10,31
03/17/2018,OLV,MS,ASO,CE,Federal Contract Tower,0,9,4,2,15,0,15,28,0,43,0,24,32,2,58,38,0,38,96
03/18/2018,OLV,MS,ASO,CE,Federal Contract Tower,0,15,9,0,24,0,7,43,0,50,0,22,52,0,74,60,0,60,134
03/19/2018,OLV,MS,ASO,CE,Federal Contract Tower,0,4,5,0,9,0,2,11,0,13,0,6,16,0,22,8,0,8,30
03/20/2018,OLV,MS,ASO,CE,Federal Contract Tower,0,6,7,0,13,0,0,10,0,10,0,6,17,0,23,22,0,22,45
03/21/2018,OLV,MS,ASO,CE,Federal Contract Tower,0,12,16,0,28,0,0,64,0,64,0,12,80,0,92,126,0,126,218
03/22/2018,OLV,MS,ASO,CE,Federal Contract Tower,0,12,15,0,27,0,8,90,0,98,0,20,105,0,125,158,0,158,283
03/23/2018,OLV,MS,ASO,CE,Federal Contract Tower,0,12,9,0,21,0,9,68,0,77,0,21,77,0,98,112,0,112,210
03/24/2018,OLV,MS,ASO,CE,Federal Contract Tower,0,5,6,0,11,0,2,3,0,5,0,7,9,0,16,0,0,0,16
03/25/2018,OLV,MS,ASO,CE,Federal Contract Tower,0,11,8,0,19,0,5,27,0,32,0,16,35,0,51,22,0,22,73
03/26/2018,OLV,MS,ASO,CE,Federal Contract Tower,0,10,10,0,20,0,0,9,0,9,0,10,19,0,29,0,0,0,29
03/27/2018,OLV,MS,ASO,CE,Federal Contract Tower,0,7,3,0,10,0,0,4,2,6,0,7,7,2,16,6,14,20,36
03/28/2018,OLV,MS,ASO,CE,Federal Contract Tower,0,6,6,0,12,0,2,10,0,12,0,8,16,0,24,18,0,18,42
03/29/2018,OLV,MS,ASO,CE,Federal Contract Tower,0,17,3,0,20,0,9,19,0,28,0,26,22,0,48,22,0,22,70
03/30/2018,OLV,MS,ASO,CE,Federal Contract Tower,0,6,21,0,27,0,2,116,1,119,0,8,137,1,146,248,8,256,402
03/31/2018,OLV,MS,ASO,CE,Federal Contract Tower,0,9,11,1,21,0,13,105,5,123,0,22,116,6,144,136,0,136,280
04/01/2018,OLV,MS,ASO,CE,Federal Contract Tower,0,3,6,0,9,0,4,19,0,23,0,7,25,0,32,12,0,12,44
04/02/2018,OLV,MS,ASO,CE,Federal Contract Tower,0,5,11,0,16,0,0,15,0,15,0,5,26,0,31,30,0,30,61
04/03/2018,OLV,MS,ASO,CE,Federal Contract Tower,0,9,6,0,15,0,4,4,0,8,0,13,10,0,23,0,0,0,23
04/04/2018,OLV,MS,ASO,CE,Federal Contract Tower,0,11,11,0,22,0,5,78,2,85,0,16,89,2,107,116,0,116,223
04/05/2018,OLV,MS,ASO,CE,Federal Contract Tower,0,11,13,0,24,0,12,87,2,101,0,23,100,2,125,142,0,142,267
04/06/2018,OLV,MS,ASO,CE,Federal Contract Tower,0,14,4,0,18,0,0,4,0,4,0,14,8,0,22,2,0,2,24
04/07/2018,OLV,MS,ASO,CE,Federal Contract Tower,0,6,3,0,9,0,0,4,0,4,0,6,7,0,13,0,0,0,13
04/08/2018,OLV,MS,ASO,CE,Federal Contract Tower,0,0,17,0,17,0,8,78,0,86,0,8,95,0,103,114,0,114,217
04/09/2018,OLV,MS,ASO,CE,Federal Contract Tower,0,9,23,0,32,0,5,93,0,98,0,14,116,0,130,84,0,84,214
04/10/2018,OLV,MS,ASO,CE,Federal Contract Tower,0,12,12,0,24,0,3,77,2,82,0,15,89,2,106,128,0,128,234
04/11/2018,OLV,MS,ASO,CE,Federal Contract Tower,0,13,12,0,25,0,7,91,0,98,0,20,103,0,123,128,0,128,251
04/12/2018,OLV,MS,ASO,CE,Federal Contract Tower,0,16,7,0,23,0,2,15,0,17,0,18,22,0,40,12,0,12,52
04/13/2018,OLV,MS,ASO,CE,Federal Contract Tower,0,13,11,0,24,0,0,2,2,4,0,13,13,2,28,0,6,6,34
04/14/2018,OLV,MS,ASO,CE,Federal Contract Tower,0,5,7,0,12,0,0,10,0,10,0,5,17,0,22,0,0,0,22
04/15/2018,OLV,MS,ASO,CE,Federal Contract Tower,0,4,6,0,10,0,1,22,2,25,0,5,28,2,35,10,0,10,45
04/16/2018,OLV,MS,ASO,CE,Federal Contract Tower,0,9,3,0,12,0,11,39,0,50,0,20,42,0,62,34,0,34,96
04/17/2018,OLV,MS,ASO,CE,Federal Contract Tower,0,14,28,0,42,0,15,72,0,87,0,29,100,0,129,66,0,66,195
04/18/2018,OLV,MS,ASO,CE,Federal Contract Tower,0,17,10,0,27,0,0,17,0,17,0,17,27,0,44,2,0,2,46
04/19/2018,OLV,MS,ASO,CE,Federal Contract Tower,0,14,20,0,34,0,1,88,0,89,0,15,108,0,123,120,0,120,243
04/20/2018,OLV,MS,ASO,CE,Federal Contract Tower,0,9,13,0,22,0,4,101,0,105,0,13,114,0,127,92,0,92,219
04/21/2018,OLV,MS,ASO,CE,Federal Contract Tower,0,9,19,0,28,0,8,81,0,89,0,17,100,0,117,144,0,144,261
04/22/2018,OLV,MS,ASO,CE,Federal Contract Tower,0,7,1,0,8,0,2,0,0,2,0,9,1,0,10,0,0,0,10
04/23/2018,OLV,MS,ASO,CE,Federal Contract Tower,0,11,7,0,18,0,0,0,0,0,0,11,7,0,18,0,0,0,18
04/24/2018,OLV,MS,ASO,CE,Federal Contract Tower,0,9,19,0,28,0,2,34,0,36,0,11,53,0,64,114,0,114,178
04/25/2018,OLV,MS,ASO,CE,Federal Contract Tower,0,7,11,0,18,0,4,62,4,70,0,11,73,4,88,86,0,86,174
04/26/2018,OLV,MS,ASO,CE,Federal Contract Tower,0,10,8,0,18,0,2,25,0,27,0,12,33,0,45,62,0,62,107
04/27/2018,OLV,MS,ASO,CE,Federal Contract Tower,0,8,21,0,29,0,7,100,2,109,0,15,121,2,138,142,6,148,286
04/28/2018,OLV,MS,ASO,CE,Federal Contract Tower,0,1,2,0,3,0,1,122,5,128,0,2,124,5,131,184,4,188,319
04/29/2018,OLV,MS,ASO,CE,Federal Contract Tower,0,5,6,0,11,0,0,74,0,74,0,5,80,0,85,70,0,70,155
04/30/2018,OLV,MS,ASO,CE,Federal Contract Tower,0,9,12,0,21,0,4,95,0,99,0,13,107,0,120,148,0,148,268
05/01/2018,OLV,MS,ASO,CE,Federal Contract Tower,0,15,19,0,34,0,3,71,0,74,0,18,90,0,108,68,0,68,176
05/02/2018,OLV,MS,ASO,CE,Federal Contract Tower,0,12,8,0,20,0,0,51,0,51,0,12,59,0,71,100,0,100,171
05/03/2018,OLV,MS,ASO,CE,Federal Contract Tower,0,13,14,0,27,0,4,47,2,53,0,17,61,2,80,150,0,150,230
05/04/2018,OLV,MS,ASO,CE,Federal Contract Tower,0,12,6,0,18,0,1,12,0,13,0,13,18,0,31,22,0,22,53
05/05/2018,OLV,MS,ASO,CE,Federal Contract Tower,0,2,1,0,3,0,0,6,0,6,0,2,7,0,9,22,0,22,31
05/06/2018,OLV,MS,ASO,CE,Federal Contract Tower,0,10,16,0,26,0,1,85,2,88,0,11,101,2,114,124,2,126,240
05/07/2018,OLV,MS,ASO,CE,Federal Contract Tower,0,3,31,0,34,0,5,95,2,102,0,8,126,2,136,128,0,128,264
05/08/2018,OLV,MS,ASO,CE,Federal Contract Tower,0,19,25,1,45,0,3,107,2,112,0,22,132,3,157,126,0,126,283
05/09/2018,OLV,MS,ASO,CE,Federal Contract Tower,0,15,8,0,23,0,14,97,0,111,0,29,105,0,134,138,0,138,272
05/10/2018,OLV,MS,ASO,CE,Federal Contract Tower,0,14,20,0,34,0,2,100,0,102,0,16,120,0,136,168,0,168,304
05/11/2018,OLV,MS,ASO,CE,Federal Contract Tower,0,16,10,0,26,0,5,97,0,102,0,21,107,0,128,124,0,124,252
05/12/2018,OLV,MS,ASO,CE,Federal Contract Tower,0,8,11,0,19,0,16,105,2,123,0,24,116,2,142,134,0,134,276
05/13/2018,OLV,MS,ASO,CE,Federal Contract Tower,0,17,11,0,28,0,3,50,0,53,0,20,61,0,81,42,0,42,123
05/14/2018,OLV,MS,ASO,CE,Federal Contract Tower,0,8,23,0,31,0,5,90,0,95,0,13,113,0,126,210,0,210,336
05/15/2018,OLV,MS,ASO,CE,Federal Contract Tower,0,13,15,0,28,0,2,79,0,81,0,15,94,0,109,154,0,154,263
05/16/2018,OLV,MS,ASO,CE,Federal Contract Tower,0,20,6,0,26,0,6,46,0,52,0,26,52,0,78,52,0,52,130
05/17/2018,OLV,MS,ASO,CE,Federal Contract Tower,0,11,12,0,23,0,1,21,0,22,0,12,33,0,45,44,0,44,89
05/18/2018,OLV,MS,ASO,CE,Federal Contract Tower,0,16,5,0,21,0,0,34,0,34,0,16,39,0,55,110,0,110,165
05/19/2018,OLV,MS,ASO,CE,Federal Contract Tower,0,7,8,0,15,0,9,69,0,78,0,16,77,0,93,92,0,92,185
05/20/2018,OLV,MS,ASO,CE,Federal Contract Tower,0,7,8,0,15,0,2,30,0,32,0,9,38,0,47,116,0,116,163
05/21/2018,OLV,MS,ASO,CE,Federal Contract Tower,0,14,12,0,26,0,0,21,0,21,0,14,33,0,47,98,0,98,145
05/22/2018,OLV,MS,ASO,CE,Federal Contract Tower,0,11,12,0,23,0,3,46,0,49,0,14,58,0,72,172,0,172,244
05/23/2018,OLV,MS,ASO,CE,Federal Contract Tower,0,24,8,0,32,0,9,95,0,104,0,33,103,0,136,158,0,158,294
05/24/2018,OLV,MS,ASO,CE,Federal Contract Tower,0,17,13,1,31,0,3,63,3,69,0,20,76,4,100,124,0,124,224
05/25/2018,OLV,MS,ASO,CE,Federal Contract Tower,0,17,6,0,23,0,7,51,0,58,0,24,57,0,81,146,0,146,227
05/26/2018,OLV,MS,ASO,CE,Federal Contract Tower,0,8,8,0,16,0,1,28,2,31,0,9,36,2,47,70,0,70,117
05/27/2018,OLV,MS,ASO,CE,Federal Contract Tower,0,2,17,0,19,0,2,19,0,21,0,4,36,0,40,6,0,6,46
05/28/2018,OLV,MS,ASO,CE,Federal Contract Tower,0,4,10,0,14,0,3,79,2,84,0,7,89,2,98,150,14,164,262
05/29/2018,OLV,MS,ASO,CE,Federal Contract Tower,0,10,10,0,20,0,2,4,0,6,0,12,14,0,26,34,0,34,60
05/30/2018,OLV,MS,ASO,CE,Federal Contract Tower,0,11,6,1,18,0,4,72,1,77,0,15,78,2,95,130,0,130,225
05/31/2018,OLV,MS,ASO,CE,Federal Contract Tower,0,12,11,0,23,0,5,87,2,94,0,17,98,2,117,192,10,202,319
06/01/2018,OLV,MS,ASO,CE,Federal Contract Tower,0,10,11,0,21,0,0,47,0,47,0,10,58,0,68,48,0,48,116
06/02/2018,OLV,MS,ASO,CE,Federal Contract Tower,0,8,9,0,17,0,8,76,2,86,0,16,85,2,103,112,0,112,215
06/03/2018,OLV,MS,ASO,CE,Federal Contract Tower,0,13,5,0,18,0,2,50,0,52,0,15,55,0,70,84,0,84,154
06/04/2018,OLV,MS,ASO,CE,Federal Contract Tower,0,10,19,0,29,0,3,139,0,142,0,13,158,0,171,166,0,166,337
06/05/2018,OLV,MS,ASO,CE,Federal Contract Tower,0,20,14,0,34,0,4,99,0,103,0,24,113,0,137,216,0,216,353
06/06/2018,OLV,MS,ASO,CE,Federal Contract Tower,0,17,17,0,34,0,2,128,0,130,0,19,145,0,164,186,0,186,350
06/07/2018,OLV,MS,ASO,CE,Federal Contract Tower,0,19,4,0,23,0,6,104,0,110,0,25,108,0,133,142,0,142,275
06/08/2018,OLV,MS,ASO,CE,Federal Contract Tower,0,12,6,2,20,0,3,114,0,117,0,15,120,2,137,124,0,124,261
06/09/2018,OLV,MS,ASO,CE,Federal Contract Tower,0,15,8,0,23,0,3,85,0,88,0,18,93,0,111,156,0,156,267
06/10/2018,OLV,MS,ASO,CE,Federal Contract Tower,0,17,14,0,31,0,5,39,0,44,0,22,53,0,75,68,0,68,143
06/11/2018,OLV,MS,ASO,CE,Federal Contract Tower,0,9,9,0,18,0,4,45,0,49,0,13,54,0,67,94,0,94,161
06/12/2018,OLV,MS,ASO,CE,Federal Contract Tower,0,6,6,0,12,0,9,58,0,67,0,15,64,0,79,162,0,162,241
06/13/2018,OLV,MS,ASO,CE,Federal Contract Tower,0,24,19,2,45,0,1,81,6,88,0,25,100,8,133,138,0,138,271
06/14/2018,OLV,MS,ASO,CE,Federal Contract Tower,0,13,5,0,18,0,10,111,10,131,0,23,116,10,149,102,0,102,251
06/15/2018,OLV,MS,ASO,CE,Federal Contract Tower,0,9,8,0,17,0,0,136,0,136,0,9,144,0,153,176,0,176,329
06/16/2018,OLV,MS,ASO,CE,Federal Contract Tower,0,4,6,0,10,0,7,84,1,92,0,11,90,1,102,118,0,118,220
06/17/2018,OLV,MS,ASO,CE,Federal Contract Tower,0,5,1,0,6,0,4,40,0,44,0,9,41,0,50,48,0,48,98
06/18/2018,OLV,MS,ASO,CE,Federal Contract Tower,0,11,13,0,24,0,4,82,2,88,0,15,95,2,112,118,0,118,230
06/19/2018,OLV,MS,ASO,CE,Federal Contract Tower,0,6,20,0,26,0,6,77,1,84,0,12,97,1,110,128,0,128,238
06/20/2018,OLV,MS,ASO,CE,Federal Contract Tower,0,13,12,0,25,0,3,94,0,97,0,16,106,0,122,104,0,104,226
06/21/2018,OLV,MS,ASO,CE,Federal Contract Tower,0,10,9,0,19,0,9,35,0,44,0,19,44,0,63,100,0,100,163
06/22/2018,OLV,MS,ASO,CE,Federal Contract Tower,0,11,5,0,16,0,2,71,0,73,0,13,76,0,89,150,0,150,239
06/23/2018,OLV,MS,ASO,CE,Federal Contract Tower,0,4,5,2,11,0,1,50,0,51,0,5,55,2,62,40,0,40,102
06/24/2018,OLV,MS,ASO,CE,Federal Contract Tower,0,12,12,0,24,0,7,33,0,40,0,19,45,0,64,18,0,18,82
06/25/2018,OLV,MS,ASO,CE,Federal Contract Tower,0,9,13,2,24,0,5,89,4,98,0,14,102,6,122,94,10,104,226
06/26/2018,OLV,MS,ASO,CE,Federal Contract Tower,0,13,7,0,20,0,2,60,3,65,0,15,67,3,85,122,2,124,209
06/27/2018,OLV,MS,ASO,CE,Federal Contract Tower,0,26,5,0,31,0,6,44,3,53,0,32,49,3,84,78,0,78,162
06/28/2018,OLV,MS,ASO,CE,Federal Contract Tower,0,17,9,0,26,0,2,40,0,42,0,19,49,0,68,60,0,60,128
06/29/2018,OLV,MS,ASO,CE,Federal Contract Tower,0,6,9,0,15,0,2,74,0,76,0,8,83,0,91,58,0,58,149
06/30/2018,OLV,MS,ASO,CE,Federal Contract Tower,0,6,5,0,11,0,0,41,3,44,0,6,46,3,55,44,4,48,103
07/01/2018,OLV,MS,ASO,CE,Federal Contract Tower,0,2,7,0,9,0,0,53,0,53,0,2,60,0,62,18,0,18,80
07/02/2018,OLV,MS,ASO,CE,Federal Contract Tower,0,8,8,0,16,0,4,54,0,58,0,12,62,0,74,68,0,68,142
07/03/2018,OLV,MS,ASO,CE,Federal Contract Tower,0,4,15,0,19,0,3,76,0,79,0,7,91,0,98,218,0,218,316
07/04/2018,OLV,MS,ASO,CE,Federal Contract Tower,0,1,2,0,3,0,6,44,0,50,0,7,46,0,53,68,0,68,121
07/05/2018,OLV,MS,ASO,CE,Federal Contract Tower,0,12,5,0,17,0,5,66,0,71,0,17,71,0,88,94,0,94,182
07/06/2018,OLV,MS,ASO,CE,Federal Contract Tower,0,11,4,0,15,0,4,51,2,57,0,15,55,2,72,58,4,62,134
07/07/2018,OLV,MS,ASO,CE,Federal Contract Tower,0,7,9,0,16,0,3,61,0,64,0,10,70,0,80,104,0,104,184
07/08/2018,OLV,MS,ASO,CE,Federal Contract Tower,0,13,11,0,24,0,0,29,0,29,0,13,40,0,53,52,0,52,105
07/09/2018,OLV,MS,ASO,CE,Federal Contract Tower,0,10,9,0,19,0,0,112,0,112,0,10,121,0,131,210,0,210,341
07/10/2018,OLV,MS,ASO,CE,Federal Contract Tower,0,14,8,0,22,0,12,133,0,145,0,26,141,0,167,166,0,166,333
07/11/2018,OLV,MS,ASO,CE,Federal Contract Tower,0,12,2,0,14,0,7,155,0,162,0,19,157,0,176,226,0,226,402
07/12/2018,OLV,MS,ASO,CE,Federal Contract Tower,0,14,8,1,23,0,2,89,2,93,0,16,97,3,116,76,0,76,192
07/13/2018,OLV,MS,ASO,CE,Federal Contract Tower,0,6,9,1,16,0,29,137,0,166,0,35,146,1,182,224,0,224,406
07/14/2018,OLV,MS,ASO,CE,Federal Contract Tower,0,6,9,0,15,0,0,85,0,85,0,6,94,0,100,146,0,146,246
07/15/2018,OLV,MS,ASO,CE,Federal Contract Tower,0,5,5,0,10,0,0,20,2,22,0,5,25,2,32,46,6,52,84
07/16/2018,OLV,MS,ASO,CE,Federal Contract Tower,0,17,17,2,36,0,2,47,0,49,0,19,64,2,85,132,0,132,217
07/17/2018,OLV,MS,ASO,CE,Federal Contract Tower,0,16,12,1,29,0,0,96,1,97,0,16,108,2,126,212,0,212,338
07/18/2018,OLV,MS,ASO,CE,Federal Contract Tower,0,6,21,1,28,0,2,60,2,64,0,8,81,3,92,208,4,212,304
07/19/2018,OLV,MS,ASO,CE,Federal Contract Tower,0,15,13,0,28,0,2,105,0,107,0,17,118,0,135,252,0,252,387
07/20/2018,OLV,MS,ASO,CE,Federal Contract Tower,0,10,9,0,19,0,4,81,0,85,0,14,90,0,104,180,0,180,284
07/21/2018,OLV,MS,ASO,CE,Federal Contract Tower,0,5,3,2,10,0,2,79,2,83,0,7,82,4,93,124,0,124,217
07/22/2018,OLV,MS,ASO,CE,Federal Contract Tower,0,5,9,0,14,0,3,66,2,71,0,8,75,2,85,38,0,38,123
07/23/2018,OLV,MS,ASO,CE,Federal Contract Tower,0,13,13,0,26,0,3,86,0,89,0,16,99,0,115,168,0,168,283
07/24/2018,OLV,MS,ASO,CE,Federal Contract Tower,0,14,19,0,33,0,2,107,0,109,0,16,126,0,142,114,0,114,256
07/25/2018,OLV,MS,ASO,CE,Federal Contract Tower,0,13,16,0,29,0,2,104,1,107,0,15,120,1,136,168,0,168,304
07/26/2018,OLV,MS,ASO,CE,Federal Contract Tower,0,11,20,1,32,0,5,105,1,111,0,16,125,2,143,132,0,132,275
07/27/2018,OLV,MS,ASO,CE,Federal Contract Tower,0,8,11,0,19,0,0,58,0,58,0,8,69,0,77,90,0,90,167
07/28/2018,OLV,MS,ASO,CE,Federal Contract Tower,0,9,18,0,27,0,4,67,0,71,0,13,85,0,98,72,0,72,170
07/29/2018,OLV,MS,ASO,CE,Federal Contract Tower,0,2,9,5,16,0,6,38,0,44,0,8,47,5,60,54,0,54,114
07/30/2018,OLV,MS,ASO,CE,Federal Contract Tower,0,6,11,0,17,0,12,32,0,44,0,18,43,0,61,48,0,48,109
07/31/2018,OLV,MS,ASO,CE,Federal Contract Tower,0,10,16,0,26,0,0,20,0,20,0,10,36,0,46,58,0,58,104
08/01/2018,OLV,MS,ASO,CE,Federal Contract Tower,0,18,16,0,34,0,6,83,1,90,0,24,99,1,124,102,0,102,226
08/02/2018,OLV,MS,ASO,CE,Federal Contract Tower,0,11,11,2,24,0,4,120,2,126,0,15,131,4,150,166,4,170,320
08/03/2018,OLV,MS,ASO,CE,Federal Contract Tower,0,19,5,1,25,0,14,75,1,90,0,33,80,2,115,62,0,62,177
08/04/2018,OLV,MS,ASO,CE,Federal Contract Tower,0,10,3,0,13,0,4,72,2,78,0,14,75,2,91,49,2,51,142
08/05/2018,OLV,MS,ASO,CE,Federal Contract Tower,0,5,4,0,9,0,2,25,6,33,0,7,29,6,42,20,10,30,72
08/06/2018,OLV,MS,ASO,CE,Federal Contract Tower,0,14,11,0,25,0,4,91,0,95,0,18,102,0,120,114,0,114,234
08/07/2018,OLV,MS,ASO,CE,Federal Contract Tower,0,16,9,0,25,0,5,106,0,111,0,21,115,0,136,96,0,96,232
08/08/2018,OLV,MS,ASO,CE,Federal Contract Tower,0,8,8,0,16,0,2,40,0,42,0,10,48,0,58,62,0,62,120
08/09/2018,OLV,MS,ASO,CE,Federal Contract Tower,0,12,4,0,16,0,1,40,0,41,0,13,44,0,57,80,0,80,137
08/10/2018,OLV,MS,ASO,CE,Federal Contract Tower,0,8,22,0,30,0,4,110,0,114,0,12,132,0,144,138,0,138,282
08/11/2018,OLV,MS,ASO,CE,Federal Contract Tower,0,6,7,0,13,0,4,69,0,73,0,10,76,0,86,126,0,126,212
08/12/2018,OLV,MS,ASO,CE,Federal Contract Tower,0,2,4,0,6,0,2,56,0,58,0,4,60,0,64,64,0,64,128
08/13/2018,OLV,MS,ASO,CE,Federal Contract Tower,0,5,15,0,20,0,8,65,0,73,0,13,80,0,93,102,0,102,195
08/14/2018,OLV,MS,ASO,CE,Federal Contract Tower,0,14,19,0,33,0,9,98,6,113,0,23,117,6,146,182,0,182,328
08/15/2018,OLV,MS,ASO,CE,Federal Contract Tower,0,21,10,3,34,0,12,69,7,88,0,33,79,10,122,50,0,50,172
08/16/2018,OLV,MS,ASO,CE,Federal Contract Tower,0,15,9,0,24,0,7,61,0,68,0,22,70,0,92,192,0,192,284
08/17/2018,OLV,MS,ASO,CE,Federal Contract Tower,0,10,10,0,20,0,0,38,0,38,0,10,48,0,58,46,0,46,104
08/18/2018,OLV,MS,ASO,CE,Federal Contract Tower,0,3,4,2,9,0,2,69,0,71,0,5,73,2,80,88,0,88,168
08/19/2018,OLV,MS,ASO,CE,Federal Contract Tower,0,7,8,0,15,0,0,35,0,35,0,7,43,0,50,56,0,56,106
08/20/2018,OLV,MS,ASO,CE,Federal Contract Tower,0,10,3,0,13,0,5,3,0,8,0,15,6,0,21,0,0,0,21
08/21/2018,OLV,MS,ASO,CE,Federal Contract Tower,0,14,21,0,35,0,1,102,0,103,0,15,123,0,138,136,0,136,274
08/22/2018,OLV,MS,ASO,CE,Federal Contract Tower,0,25,22,0,47,0,7,103,13,123,0,32,125,13,170,92,0,92,262
08/23/2018,OLV,MS,ASO,CE,Federal Contract Tower,0,8,7,0,15,0,8,91,3,102,0,16,98,3,117,98,0,98,215
08/24/2018,OLV,MS,ASO,CE,Federal Contract Tower,0,9,13,2,24,0,2,114,0,116,0,11,127,2,140,158,0,158,298
08/25/2018,OLV,MS,ASO,CE,Federal Contract Tower,0,10,9,2,21,0,3,71,0,74,0,13,80,2,95,118,0,118,213
08/26/2018,OLV,MS,ASO,CE,Federal Contract Tower,0,8,11,0,19,0,8,47,1,56,0,16,58,1,75,30,0,30,105
08/27/2018,OLV,MS,ASO,CE,Federal Contract Tower,0,5,15,0,20,0,8,76,1,85,0,13,91,1,105,86,8,94,199
08/28/2018,OLV,MS,ASO,CE,Federal Contract Tower,0,14,15,0,29,0,1,98,0,99,0,15,113,0,128,128,0,128,256
08/29/2018,OLV,MS,ASO,CE,Federal Contract Tower,0,14,12,0,26,0,4,44,0,48,0,18,56,0,74,74,0,74,148
08/30/2018,OLV,MS,ASO,CE,Federal Contract Tower,0,25,14,0,39,0,0,66,0,66,0,25,80,0,105,146,0,146,251
08/31/2018,OLV,MS,ASO,CE,Federal Contract Tower,0,11,19,0,30,0,0,58,0,58,0,11,77,0,88,68,0,68,156
09/01/2018,OLV,MS,ASO,CE,Federal Contract Tower,0,5,12,2,19,0,7,75,0,82,0,12,87,2,101,98,0,98,199
09/02/2018,OLV,MS,ASO,CE,Federal Contract Tower,0,4,11,0,15,0,3,41,0,44,0,7,52,0,59,34,0,34,93
09/03/2018,OLV,MS,ASO,CE,Federal Contract Tower,0,9,10,3,22,0,0,71,0,71,0,9,81,3,93,50,0,50,143
09/04/2018,OLV,MS,ASO,CE,Federal Contract Tower,0,14,13,0,27,0,2,59,2,63,0,16,72,2,90,90,0,90,180
09/05/2018,OLV,MS,ASO,CE,Federal Contract Tower,0,6,7,1,14,0,2,28,2,32,0,8,35,3,46,38,0,38,84
09/06/2018,OLV,MS,ASO,CE,Federal Contract Tower,0,9,19,0,28,0,2,4,0,6,0,11,23,0,34,12,0,12,46
09/07/2018,OLV,MS,ASO,CE,Federal Contract Tower,0,12,9,0,21,0,0,29,0,29,0,12,38,0,50,24,0,24,74
09/08/2018,OLV,MS,ASO,CE,Federal Contract Tower,0,5,8,0,13,0,4,26,0,30,0,9,34,0,43,32,0,32,75
09/09/2018,OLV,MS,ASO,CE,Federal Contract Tower,0,10,8,0,18,0,0,0,0,0,0,10,8,0,18,0,0,0,18
09/10/2018,OLV,MS,ASO,CE,Federal Contract Tower,0,2,15,0,17,0,3,55,0,58,0,5,70,0,75,114,0,114,189
09/11/2018,OLV,MS,ASO,CE,Federal Contract Tower,0,14,16,0,30,0,11,81,0,92,0,25,97,0,122,108,0,108,230
09/12/2018,OLV,MS,ASO,CE,Federal Contract Tower,0,9,9,0,18,0,0,82,2,84,0,9,91,2,102,106,4,110,212
09/13/2018,OLV,MS,ASO,CE,Federal Contract Tower,0,7,9,0,16,0,2,116,0,118,0,9,125,0,134,70,0,70,204
09/14/2018,OLV,MS,ASO,CE,Federal Contract Tower,0,17,23,1,41,0,8,99,2,109,0,25,122,3,150,74,4,78,228
09/15/2018,OLV,MS,ASO,CE,Federal Contract Tower,0,6,3,1,10,0,3,83,2,88,0,9,86,3,98,62,0,62,160
09/16/2018,OLV,MS,ASO,CE,Federal Contract Tower,0,9,7,0,16,0,5,34,0,39,0,14,41,0,55,24,0,24,79
09/17/2018,OLV,MS,ASO,CE,Federal Contract Tower,0,13,9,2,24,0,0,74,4,78,0,13,83,6,102,120,6,126,228
09/18/2018,OLV,MS,ASO,CE,Federal Contract Tower,0,20,14,0,34,0,10,113,0,123,0,30,127,0,157,162,0,162,319
09/19/2018,OLV,MS,ASO,CE,Federal Contract Tower,0,16,9,0,25,0,0,107,0,107,0,16,116,0,132,148,0,148,280
09/20/2018,OLV,MS,ASO,CE,Federal Contract Tower,0,13,10,0,23,0,1,69,1,71,0,14,79,1,94,124,0,124,218
09/21/2018,OLV,MS,ASO,CE,Federal Contract Tower,0,13,8,0,21,0,2,62,0,64,0,15,70,0,85,126,0,126,211
09/22/2018,OLV,MS,ASO,CE,Federal Contract Tower,0,3,3,0,6,0,0,0,0,0,0,3,3,0,6,0,0,0,6
09/23/2018,OLV,MS,ASO,CE,Federal Contract Tower,0,10,6,0,16,0,0,0,0,0,0,10,6,0,16,0,0,0,16
09/24/2018,OLV,MS,ASO,CE,Federal Contract Tower,0,11,1,0,12,0,0,8,0,8,0,11,9,0,20,28,0,28,48
09/25/2018,OLV,MS,ASO,CE,Federal Contract Tower,0,10,9,0,19,0,3,28,0,31,0,13,37,0,50,18,0,18,68
09/26/2018,OLV,MS,ASO,CE,Federal Contract Tower,0,11,10,0,21,0,0,6,0,6,0,11,16,0,27,2,0,2,29
09/27/2018,OLV,MS,ASO,CE,Federal Contract Tower,0,7,22,0,29,0,0,0,0,0,0,7,22,0,29,0,0,0,29
09/28/2018,OLV,MS,ASO,CE,Federal Contract Tower,0,14,21,0,35,0,0,63,0,63,0,14,84,0,98,85,0,85,183
09/29/2018,OLV,MS,ASO,CE,Federal Contract Tower,0,8,8,1,17,0,4,87,1,92,0,12,95,2,109,150,0,150,259
09/30/2018,OLV,MS,ASO,CE,Federal Contract Tower,0,5,4,0,9,0,4,92,0,96,0,9,96,0,105,160,0,160,265
10/01/2018,OLV,MS,ASO,CE,Federal Contract Tower,0,11,14,0,25,0,17,112,0,129,0,28,126,0,154,208,0,208,362
10/02/2018,OLV,MS,ASO,CE,Federal Contract Tower,0,19,14,3,36,0,7,48,0,55,0,26,62,3,91,96,0,96,187
10/03/2018,OLV,MS,ASO,CE,Federal Contract Tower,0,29,13,0,42,0,6,77,1,84,0,35,90,1,126,78,4,82,208
10/04/2018,OLV,MS,ASO,CE,Federal Contract Tower,0,19,11,0,30,0,4,94,0,98,0,23,105,0,128,88,0,88,216
10/05/2018,OLV,MS,ASO,CE,Federal Contract Tower,0,13,19,0,32,0,24,86,0,110,0,37,105,0,142,130,0,130,272
10/06/2018,OLV,MS,ASO,CE,Federal Contract Tower,0,5,9,0,14,0,3,83,0,86,0,8,92,0,100,72,0,72,172
10/07/2018,OLV,MS,ASO,CE,Federal Contract Tower,0,6,13,1,20,0,6,49,0,55,0,12,62,1,75,50,0,50,125
10/08/2018,OLV,MS,ASO,CE,Federal Contract Tower,0,18,10,0,28,0,7,66,0,73,0,25,76,0,101,58,0,58,159
10/09/2018,OLV,MS,ASO,CE,Federal Contract Tower,0,14,7,0,21,0,0,39,6,45,0,14,46,6,66,8,0,8,74
10/10/2018,OLV,MS,ASO,CE,Federal Contract Tower,0,8,12,0,20,0,2,41,0,43,0,10,53,0,63,94,0,94,157
10/11/2018,OLV,MS,ASO,CE,Federal Contract Tower,0,28,3,0,31,0,5,93,2,100,0,33,96,2,131,118,0,118,249
10/12/2018,OLV,MS,ASO,CE,Federal Contract Tower,0,13,14,0,27,0,14,118,2,134,0,27,132,2,161,160,0,160,321
10/13/2018,OLV,MS,ASO,CE,Federal Contract Tower,0,2,18,2,22,0,33,16,0,49,0,35,34,2,71,18,0,18,89
10/14/2018,OLV,MS,ASO,CE,Federal Contract Tower,0,9,5,0,14,0,1,0,0,1,0,10,5,0,15,0,0,0,15
10/16/2018,OLV,MS,ASO,CE,Federal Contract Tower,0,12,24,0,36,0,0,4,0,4,0,12,28,0,40,0,0,0,40
10/18/2018,OLV,MS,ASO,CE,Federal Contract Tower,0,12,20,0,32,0,14,98,0,112,0,26,118,0,144,94,0,94,238
10/19/2018,OLV,MS,ASO,CE,Federal Contract Tower,0,7,15,0,22,0,6,93,0,99,0,13,108,0,121,102,0,102,223
10/20/2018,OLV,MS,ASO,CE,Federal Contract Tower,0,9,6,0,15,0,3,45,0,48,0,12,51,0,63,32,0,32,95
10/21/2018,OLV,MS,ASO,CE,Federal Contract Tower,0,8,10,0,18,0,16,46,2,64,0,24,56,2,82,58,0,58,140
10/22/2018,OLV,MS,ASO,CE,Federal Contract Tower,0,4,11,0,15,0,2,94,0,96,0,6,105,0,111,170,0,170,281
10/23/2018,OLV,MS,ASO,CE,Federal Contract Tower,0,16,25,0,41,0,7,91,0,98,0,23,116,0,139,88,0,88,227
10/24/2018,OLV,MS,ASO,CE,Federal Contract Tower,0,6,18,0,24,0,6,84,0,90,0,12,102,0,114,70,0,70,184
10/25/2018,OLV,MS,ASO,CE,Federal Contract Tower,0,13,6,0,19,0,0,1,0,1,0,13,7,0,20,0,0,0,20
10/26/2018,OLV,MS,ASO,CE,Federal Contract Tower,0,11,10,0,21,0,0,4,0,4,0,11,14,0,25,4,0,4,29
10/27/2018,OLV,MS,ASO,CE,Federal Contract Tower,0,4,8,1,13,0,5,78,1,84,0,9,86,2,97,82,0,82,179
10/28/2018,OLV,MS,ASO,CE,Federal Contract Tower,0,2,5,0,7,0,5,40,0,45,0,7,45,0,52,18,0,18,70
10/29/2018,OLV,MS,ASO,CE,Federal Contract Tower,0,10,19,0,29,0,8,121,11,140,0,18,140,11,169,210,14,224,393
10/30/2018,OLV,MS,ASO,CE,Federal Contract Tower,0,22,27,0,49,0,12,66,4,82,0,34,93,4,131,90,8,98,229
10/31/2018,OLV,MS,ASO,CE,Federal Contract Tower,0,12,5,0,17,0,7,2,0,9,0,19,7,0,26,0,0,0,26
11/01/2018,OLV,MS,ASO,CE,Federal Contract Tower,0,13,2,0,15,0,0,0,0,0,0,13,2,0,15,0,0,0,15
11/02/2018,OLV,MS,ASO,CE,Federal Contract Tower,0,14,20,0,34,0,4,83,3,90,0,18,103,3,124,120,4,124,248
11/03/2018,OLV,MS,ASO,CE,Federal Contract Tower,0,4,5,1,10,0,1,57,1,59,0,5,62,2,69,116,0,116,185
11/04/2018,OLV,MS,ASO,CE,Federal Contract Tower,0,16,3,0,19,0,0,0,0,0,0,16,3,0,19,0,0,0,19
11/05/2018,OLV,MS,ASO,CE,Federal Contract Tower,0,6,0,0,6,0,0,0,0,0,0,6,0,0,6,0,0,0,6
11/06/2018,OLV,MS,ASO,CE,Federal Contract Tower,0,12,30,0,42,0,9,75,0,84,0,21,105,0,126,88,0,88,214
11/07/2018,OLV,MS,ASO,CE,Federal Contract Tower,0,16,9,0,25,0,0,33,0,33,0,16,42,0,58,62,0,62,120
11/08/2018,OLV,MS,ASO,CE,Federal Contract Tower,0,6,5,0,11,0,8,41,0,49,0,14,46,0,60,38,0,38,98
11/09/2018,OLV,MS,ASO,CE,Federal Contract Tower,0,9,10,2,21,0,0,19,1,20,0,9,29,3,41,42,4,46,87
11/10/2018,OLV,MS,ASO,CE,Federal Contract Tower,0,5,5,0,10,0,8,73,4,85,0,13,78,4,95,126,8,134,229
11/11/2018,OLV,MS,ASO,CE,Federal Contract Tower,0,10,4,0,14,0,0,28,2,30,0,10,32,2,44,42,0,42,86
11/12/2018,OLV,MS,ASO,CE,Federal Contract Tower,0,10,0,0,10,0,0,0,0,0,0,10,0,0,10,0,0,0,10
11/13/2018,OLV,MS,ASO,CE,Federal Contract Tower,0,12,5,0,17,0,7,6,0,13,0,19,11,0,30,0,0,0,30
11/14/2018,OLV,MS,ASO,CE,Federal Contract Tower,0,10,0,0,10,0,1,0,0,1,0,11,0,0,11,0,0,0,11
11/15/2018,OLV,MS,ASO,CE,Federal Contract Tower,0,4,4,0,8,0,5,57,0,62,0,9,61,0,70,54,0,54,124
11/16/2018,OLV,MS,ASO,CE,Federal Contract Tower,0,12,14,0,26,0,7,116,4,127,0,19,130,4,153,150,2,152,305
11/17/2018,OLV,MS,ASO,CE,Federal Contract Tower,0,10,9,0,19,0,14,92,0,106,0,24,101,0,125,36,0,36,161
11/18/2018,OLV,MS,ASO,CE,Federal Contract Tower,0,3,25,0,28,0,4,35,0,39,0,7,60,0,67,38,0,38,105
11/19/2018,OLV,MS,ASO,CE,Federal Contract Tower,0,3,11,0,14,0,0,3,0,3,0,3,14,0,17,0,0,0,17
11/20/2018,OLV,MS,ASO,CE,Federal Contract Tower,0,23,24,0,47,0,4,75,0,79,0,27,99,0,126,54,0,54,180
11/21/2018,OLV,MS,ASO,CE,Federal Contract Tower,0,15,9,0,24,0,8,66,0,74,0,23,75,0,98,126,0,126,224
11/22/2018,OLV,MS,ASO,CE,Federal Contract Tower,0,2,0,0,2,0,0,10,0,10,0,2,10,0,12,10,0,10,22
11/23/2018,OLV,MS,ASO,CE,Federal Contract Tower,0,9,2,0,11,0,3,15,0,18,0,12,17,0,29,34,0,34,63
11/24/2018,OLV,MS,ASO,CE,Federal Contract Tower,0,6,9,0,15,0,5,55,2,62,0,11,64,2,77,56,4,60,137
11/25/2018,OLV,MS,ASO,CE,Federal Contract Tower,0,15,9,0,24,0,3,9,0,12,0,18,18,0,36,10,0,10,46
11/26/2018,OLV,MS,ASO,CE,Federal Contract Tower,0,18,10,0,28,0,5,58,0,63,0,23,68,0,91,56,0,56,147
11/27/2018,OLV,MS,ASO,CE,Federal Contract Tower,0,17,29,0,46,0,0,39,2,41,0,17,68,2,87,32,0,32,119
11/28/2018,OLV,MS,ASO,CE,Federal Contract Tower,0,22,12,0,34,0,8,72,0,80,0,30,84,0,114,96,0,96,210
11/29/2018,OLV,MS,ASO,CE,Federal Contract Tower,0,19,7,0,26,0,1,15,0,16,0,20,22,0,42,16,0,16,58
11/30/2018,OLV,MS,ASO,CE,Federal Contract Tower,0,1,1,0,2,0,0,0,0,0,0,1,1,0,2,0,0,0,2
12/01/2018,OLV,MS,ASO,CE,Federal Contract Tower,0,8,2,0,10,0,6,0,0,6,0,14,2,0,16,0,0,0,16
12/02/2018,OLV,MS,ASO,CE,Federal Contract Tower,0,11,6,2,19,0,0,18,0,18,0,11,24,2,37,16,0,16,53
12/03/2018,OLV,MS,ASO,CE,Federal Contract Tower,0,20,23,0,43,0,14,79,0,93,0,34,102,0,136,180,0,180,316
12/04/2018,OLV,MS,ASO,CE,Federal Contract Tower,0,7,19,0,26,0,6,62,0,68,0,13,81,0,94,160,0,160,254
12/05/2018,OLV,MS,ASO,CE,Federal Contract Tower,0,9,25,0,34,0,9,73,0,82,0,18,98,0,116,52,0,52,168
12/06/2018,OLV,MS,ASO,CE,Federal Contract Tower,0,14,15,0,29,0,4,50,0,54,0,18,65,0,83,102,0,102,185
12/07/2018,OLV,MS,ASO,CE,Federal Contract Tower,0,12,0,0,12,0,0,0,0,0,0,12,0,0,12,0,0,0,12
12/08/2018,OLV,MS,ASO,CE,Federal Contract Tower,0,1,0,0,1,0,0,0,0,0,0,1,0,0,1,0,0,0,1
12/09/2018,OLV,MS,ASO,CE,Federal Contract Tower,0,4,0,0,4,0,0,0,0,0,0,4,0,0,4,0,0,0,4
12/10/2018,OLV,MS,ASO,CE,Federal Contract Tower,0,13,12,0,25,0,8,65,0,73,0,21,77,0,98,82,0,82,180
12/11/2018,OLV,MS,ASO,CE,Federal Contract Tower,0,25,20,1,46,0,0,71,3,74,0,25,91,4,120,60,0,60,180
12/12/2018,OLV,MS,ASO,CE,Federal Contract Tower,0,8,15,0,23,0,11,16,0,27,0,19,31,0,50,12,0,12,62
12/13/2018,OLV,MS,ASO,CE,Federal Contract Tower,0,16,7,0,23,0,8,22,2,32,0,24,29,2,55,12,0,12,67
12/14/2018,OLV,MS,ASO,CE,Federal Contract Tower,0,3,5,0,8,0,0,0,0,0,0,3,5,0,8,0,0,0,8
12/15/2018,OLV,MS,ASO,CE,Federal Contract Tower,0,5,6,0,11,0,0,0,0,0,0,5,6,0,11,0,0,0,11
12/16/2018,OLV,MS,ASO,CE,Federal Contract Tower,0,3,8,0,11,0,2,48,0,50,0,5,56,0,61,68,0,68,129
12/17/2018,OLV,MS,ASO,CE,Federal Contract Tower,0,10,16,0,26,0,8,85,0,93,0,18,101,0,119,34,0,34,153
12/18/2018,OLV,MS,ASO,CE,Federal Contract Tower,0,12,9,2,23,0,4,124,1,129,0,16,133,3,152,96,14,110,262
12/19/2018,OLV,MS,ASO,CE,Federal Contract Tower,0,12,12,0,24,0,15,74,0,89,0,27,86,0,113,116,0,116,229
12/20/2018,OLV,MS,ASO,CE,Federal Contract Tower,0,17,6,0,23,0,0,0,0,0,0,17,6,0,23,0,0,0,23
12/21/2018,OLV,MS,ASO,CE,Federal Contract Tower,0,15,2,6,23,0,2,9,4,15,0,17,11,10,38,8,16,24,62
12/22/2018,OLV,MS,ASO,CE,Federal Contract Tower,0,6,11,0,17,0,4,103,0,107,0,10,114,0,124,124,0,124,248
12/23/2018,OLV,MS,ASO,CE,Federal Contract Tower,0,12,5,0,17,0,4,30,0,34,0,16,35,0,51,36,0,36,87
12/24/2018,OLV,MS,ASO,CE,Federal Contract Tower,0,4,4,0,8,0,4,29,0,33,0,8,33,0,41,46,0,46,87
12/25/2018,OLV,MS,ASO,CE,Federal Contract Tower,0,1,0,0,1,0,0,7,0,7,0,1,7,0,8,10,0,10,18
12/26/2018,OLV,MS,ASO,CE,Federal Contract Tower,0,16,18,0,34,0,7,25,0,32,0,23,43,0,66,40,0,40,106
12/27/2018,OLV,MS,ASO,CE,Federal Contract Tower,0,4,1,0,5,0,0,2,0,2,0,4,3,0,7,0,0,0,7
12/28/2018,OLV,MS,ASO,CE,Federal Contract Tower,0,12,14,0,26,0,4,63,2,69,0,16,77,2,95,136,8,144,239
12/29/2018,OLV,MS,ASO,CE,Federal Contract Tower,0,4,11,0,15,0,8,109,3,120,0,12,120,3,135,132,14,146,281
12/30/2018,OLV,MS,ASO,CE,Federal Contract Tower,0,9,4,0,13,0,0,27,0,27,0,9,31,0,40,40,0,40,80
12/31/2018,OLV,MS,ASO,CE,Federal Contract Tower,0,2,0,0,2,0,0,0,0,0,0,2,0,0,2,0,0,0,2
01/01/2019,OLV,MS,ASO,CE,Federal Contract Tower,0,4,9,0,13,0,0,23,0,23,0,4,32,0,36,74,0,74,110
01/02/2019,OLV,MS,ASO,CE,Federal Contract Tower,0,11,4,0,15,0,0,0,0,0,0,11,4,0,15,0,0,0,15
01/03/2019,OLV,MS,ASO,CE,Federal Contract Tower,0,8,29,0,37,0,0,35,0,35,0,8,64,0,72,60,0,60,132
01/04/2019,OLV,MS,ASO,CE,Federal Contract Tower,0,10,3,0,13,0,0,0,0,0,0,10,3,0,13,0,0,0,13
01/05/2019,OLV,MS,ASO,CE,Federal Contract Tower,0,7,7,1,15,0,8,94,3,105,0,15,101,4,120,116,0,116,236
01/06/2019,OLV,MS,ASO,CE,Federal Contract Tower,0,7,7,0,14,0,3,71,6,80,0,10,78,6,94,58,8,66,160
01/07/2019,OLV,MS,ASO,CE,Federal Contract Tower,0,7,8,0,15,0,1,4,0,5,0,8,12,0,20,4,0,4,24
01/08/2019,OLV,MS,ASO,CE,Federal Contract Tower,0,7,23,0,30,0,0,59,0,59,0,7,82,0,89,120,0,120,209
01/09/2019,OLV,MS,ASO,CE,Federal Contract Tower,0,11,13,0,24,0,2,59,3,64,0,13,72,3,88,46,0,46,134
01/10/2019,OLV,MS,ASO,CE,Federal Contract Tower,0,13,8,0,21,0,21,112,6,139,0,34,120,6,160,152,0,152,312
01/11/2019,OLV,MS,ASO,CE,Federal Contract Tower,0,10,12,0,22,0,1,57,0,58,0,11,69,0,80,84,2,86,166
01/12/2019,OLV,MS,ASO,CE,Federal Contract Tower,0,0,2,0,2,0,0,0,0,0,0,0,2,0,2,0,0,0,2
01/13/2019,OLV,MS,ASO,CE,Federal Contract Tower,0,14,2,0,16,0,0,0,0,0,0,14,2,0,16,0,0,0,16
01/14/2019,OLV,MS,ASO,CE,Federal Contract Tower,0,6,1,0,7,0,0,3,0,3,0,6,4,0,10,0,0,0,10
01/15/2019,OLV,MS,ASO,CE,Federal Contract Tower,0,9,21,0,30,0,8,49,0,57,0,17,70,0,87,124,0,124,211
01/16/2019,OLV,MS,ASO,CE,Federal Contract Tower,0,16,10,0,26,0,2,89,4,95,0,18,99,4,121,114,0,114,235
01/17/2019,OLV,MS,ASO,CE,Federal Contract Tower,0,6,1,0,7,0,0,0,0,0,0,6,1,0,7,0,0,0,7
01/18/2019,OLV,MS,ASO,CE,Federal Contract Tower,0,12,8,0,20,0,0,0,0,0,0,12,8,0,20,0,0,0,20
01/19/2019,OLV,MS,ASO,CE,Federal Contract Tower,0,2,0,0,2,0,0,1,0,1,0,2,1,0,3,0,0,0,3
01/20/2019,OLV,MS,ASO,CE,Federal Contract Tower,0,4,3,0,7,0,9,52,0,61,0,13,55,0,68,38,0,38,106
01/21/2019,OLV,MS,ASO,CE,Federal Contract Tower,0,9,29,0,38,0,1,117,0,118,0,10,146,0,156,132,0,132,288
01/22/2019,OLV,MS,ASO,CE,Federal Contract Tower,0,12,6,0,18,0,7,3,0,10,0,19,9,0,28,0,0,0,28
01/23/2019,OLV,MS,ASO,CE,Federal Contract Tower,0,13,0,0,13,0,1,0,0,1,0,14,0,0,14,0,0,0,14
01/24/2019,OLV,MS,ASO,CE,Federal Contract Tower,0,29,14,1,44,0,12,65,2,79,0,41,79,3,123,108,8,116,239
01/25/2019,OLV,MS,ASO,CE,Federal Contract Tower,0,16,25,0,41,0,11,78,3,92,0,27,103,3,133,116,0,116,249
01/26/2019,OLV,MS,ASO,CE,Federal Contract Tower,0,7,3,2,12,0,10,57,10,77,0,17,60,12,89,32,0,32,121
01/27/2019,OLV,MS,ASO,CE,Federal Contract Tower,0,4,8,0,12,0,4,74,0,78,0,8,82,0,90,84,0,84,174
01/28/2019,OLV,MS,ASO,CE,Federal Contract Tower,0,9,11,0,20,0,2,41,4,47,0,11,52,4,67,8,0,8,75
01/29/2019,OLV,MS,ASO,CE,Federal Contract Tower,0,3,11,0,14,0,3,64,0,67,0,6,75,0,81,122,0,122,203
01/30/2019,OLV,MS,ASO,CE,Federal Contract Tower,0,12,12,0,24,0,18,81,3,102,0,30,93,3,126,82,4,86,212
01/31/2019,OLV,MS,ASO,CE,Federal Contract Tower,0,23,11,2,36,0,10,48,0,58,0,33,59,2,94,74,0,74,168
02/01/2019,OLV,MS,ASO,CE,Federal Contract Tower,0,2,15,0,17,0,6,58,0,64,0,8,73,0,81,184,0,184,265
02/02/2019,OLV,MS,ASO,CE,Federal Contract Tower,0,10,6,0,16,0,12,110,3,125,0,22,116,3,141,172,8,180,321
02/03/2019,OLV,MS,ASO,CE,Federal Contract Tower,0,2,12,1,15,0,9,56,1,66,0,11,68,2,81,82,0,82,163
02/04/2019,OLV,MS,ASO,CE,Federal Contract Tower,0,13,4,0,17,0,0,2,0,2,0,13,6,0,19,0,0,0,19
02/05/2019,OLV,MS,ASO,CE,Federal Contract Tower,0,13,1,0,14,0,0,2,0,2,0,13,3,0,16,20,0,20,36
02/06/2019,OLV,MS,ASO,CE,Federal Contract Tower,0,7,3,0,10,0,0,2,0,2,0,7,5,0,12,0,0,0,12
02/07/2019,OLV,MS,ASO,CE,Federal Contract Tower,0,10,1,0,11,0,0,0,0,0,0,10,1,0,11,0,0,0,11
02/08/2019,OLV,MS,ASO,CE,Federal Contract Tower,0,14,12,0,26,0,20,87,0,107,0,34,99,0,133,82,0,82,215
02/09/2019,OLV,MS,ASO,CE,Federal Contract Tower,0,3,4,0,7,0,9,84,5,98,0,12,88,5,105,186,12,198,303
02/10/2019,OLV,MS,ASO,CE,Federal Contract Tower,0,7,8,0,15,0,2,4,0,6,0,9,12,0,21,8,0,8,29
02/11/2019,OLV,MS,ASO,CE,Federal Contract Tower,0,5,0,0,5,0,0,0,0,0,0,5,0,0,5,0,0,0,5
02/12/2019,OLV,MS,ASO,CE,Federal Contract Tower,0,13,7,0,20,0,3,6,6,15,0,16,13,6,35,4,10,14,49
02/13/2019,OLV,MS,ASO,CE,Federal Contract Tower,0,19,14,0,33,0,15,141,0,156,0,34,155,0,189,124,0,124,313
02/14/2019,OLV,MS,ASO,CE,Federal Contract Tower,0,17,4,0,21,0,12,6,0,18,0,29,10,0,39,0,0,0,39
02/15/2019,OLV,MS,ASO,CE,Federal Contract Tower,0,6,10,0,16,0,5,9,0,14,0,11,19,0,30,40,0,40,70
02/16/2019,OLV,MS,ASO,CE,Federal Contract Tower,0,2,3,0,5,0,2,5,0,7,0,4,8,0,12,32,0,32,44
02/17/2019,OLV,MS,ASO,CE,Federal Contract Tower,0,4,2,0,6,0,0,0,0,0,0,4,2,0,6,0,0,0,6
02/18/2019,OLV,MS,ASO,CE,Federal Contract Tower,0,12,25,0,37,0,9,100,0,109,0,21,125,0,146,130,0,130,276
02/19/2019,OLV,MS,ASO,CE,Federal Contract Tower,0,11,5,0,16,0,0,2,0,2,0,11,7,0,18,0,0,0,18
02/20/2019,OLV,MS,ASO,CE,Federal Contract Tower,0,10,6,0,16,0,0,2,0,2,0,10,8,0,18,10,0,10,28
02/21/2019,OLV,MS,ASO,CE,Federal Contract Tower,0,19,11,0,30,0,5,0,0,5,0,24,11,0,35,0,0,0,35
02/22/2019,OLV,MS,ASO,CE,Federal Contract Tower,0,12,0,0,12,0,0,0,0,0,0,12,0,0,12,0,0,0,12
02/23/2019,OLV,MS,ASO,CE,Federal Contract Tower,0,3,0,0,3,0,0,0,0,0,0,3,0,0,3,0,0,0,3
02/24/2019,OLV,MS,ASO,CE,Federal Contract Tower,0,5,13,0,18,0,7,32,0,39,0,12,45,0,57,24,0,24,81
02/25/2019,OLV,MS,ASO,CE,Federal Contract Tower,0,6,23,1,30,0,5,111,1,117,0,11,134,2,147,158,0,158,305
02/26/2019,OLV,MS,ASO,CE,Federal Contract Tower,0,2,19,0,21,0,14,99,0,113,0,16,118,0,134,144,0,144,278
02/27/2019,OLV,MS,ASO,CE,Federal Contract Tower,0,22,11,0,33,0,4,94,4,102,0,26,105,4,135,108,0,108,243
02/28/2019,OLV,MS,ASO,CE,Federal Contract Tower,0,16,11,0,27,0,0,7,0,7,0,16,18,0,34,10,0,10,44
03/01/2019,OLV,MS,ASO,CE,Federal Contract Tower,0,11,11,0,22,0,3,4,0,7,0,14,15,0,29,4,0,4,33
03/02/2019,OLV,MS,ASO,CE,Federal Contract Tower,0,4,3,0,7,0,0,18,0,18,0,4,21,0,25,40,0,40,65
03/03/2019,OLV,MS,ASO,CE,Federal Contract Tower,0,7,0,0,7,0,0,0,0,0,0,7,0,0,7,0,0,0,7
03/04/2019,OLV,MS,ASO,CE,Federal Contract Tower,0,6,13,0,19,0,8,63,2,73,0,14,76,2,92,72,0,72,164
03/05/2019,OLV,MS,ASO,CE,Federal Contract Tower,0,17,10,0,27,0,14,90,0,104,0,31,100,0,131,150,0,150,281
03/06/2019,OLV,MS,ASO,CE,Federal Contract Tower,0,11,15,0,26,0,9,104,2,115,0,20,119,2,141,158,0,158,299
03/07/2019,OLV,MS,ASO,CE,Federal Contract Tower,0,12,19,0,31,0,6,75,0,81,0,18,94,0,112,172,0,172,284
03/08/2019,OLV,MS,ASO,CE,Federal Contract Tower,0,10,6,0,16,0,0,2,0,2,0,10,8,0,18,0,0,0,18
03/09/2019,OLV,MS,ASO,CE,Federal Contract Tower,0,4,0,0,4,0,0,1,0,1,0,4,1,0,5,0,0,0,5
03/10/2019,OLV,MS,ASO,CE,Federal Contract Tower,0,8,8,1,17,0,2,64,6,72,0,10,72,7,89,36,0,36,125
03/11/2019,OLV,MS,ASO,CE,Federal Contract Tower,0,3,5,0,8,0,7,49,0,56,0,10,54,0,64,76,0,76,140
03/12/2019,OLV,MS,ASO,CE,Federal Contract Tower,0,4,19,0,23,0,7,45,1,53,0,11,64,1,76,118,0,118,194
03/13/2019,OLV,MS,ASO,CE,Federal Contract Tower,0,2,0,0,2,0,2,3,0,5,0,4,3,0,7,2,0,2,9
03/14/2019,OLV,MS,ASO,CE,Federal Contract Tower,0,11,1,0,12,0,3,4,0,7,0,14,5,0,19,34,0,34,53
03/15/2019,OLV,MS,ASO,CE,Federal Contract Tower,0,14,11,0,25,0,5,27,2,34,0,19,38,2,59,62,0,62,121
03/16/2019,OLV,MS,ASO,CE,Federal Contract Tower,0,8,5,2,15,0,6,106,2,114,0,14,111,4,129,102,0,102,231
03/17/2019,OLV,MS,ASO,CE,Federal Contract Tower,0,8,5,1,14,0,13,88,4,105,0,21,93,5,119,92,0,92,211
03/18/2019,OLV,MS,ASO,CE,Federal Contract Tower,0,5,6,0,11,0,10,72,0,82,0,15,78,0,93,118,0,118,211
03/19/2019,OLV,MS,ASO,CE,Federal Contract Tower,0,14,9,0,23,0,4,91,0,95,0,18,100,0,118,194,0,194,312
03/20/2019,OLV,MS,ASO,CE,Federal Contract Tower,0,18,12,0,30,0,6,68,2,76,0,24,80,2,106,138,0,138,244
03/21/2019,OLV,MS,ASO,CE,Federal Contract Tower,0,16,9,0,25,0,11,73,0,84,0,27,82,0,109,104,0,104,213
03/22/2019,OLV,MS,ASO,CE,Federal Contract Tower,0,11,12,0,23,0,11,143,2,156,0,22,155,2,179,136,0,136,315
03/23/2019,OLV,MS,ASO,CE,Federal Contract Tower,0,8,15,0,23,0,0,85,1,86,0,8,100,1,109,130,0,130,239
03/24/2019,OLV,MS,ASO,CE,Federal Contract Tower,0,4,2,0,6,0,2,39,0,41,0,6,41,0,47,42,0,42,89
03/25/2019,OLV,MS,ASO,CE,Federal Contract Tower,0,9,12,0,21,0,6,10,0,16,0,15,22,0,37,6,0,6,43
03/26/2019,OLV,MS,ASO,CE,Federal Contract Tower,0,14,18,0,32,0,10,73,0,83,0,24,91,0,115,134,0,134,249
03/27/2019,OLV,MS,ASO,CE,Federal Contract Tower,0,17,9,0,26,0,14,134,4,152,0,31,143,4,178,258,10,268,446
03/28/2019,OLV,MS,ASO,CE,Federal Contract Tower,0,16,11,0,27,0,10,52,0,62,0,26,63,0,89,84,0,84,173
03/29/2019,OLV,MS,ASO,CE,Federal Contract Tower,0,11,17,0,28,0,14,56,0,70,0,25,73,0,98,64,0,64,162
03/30/2019,OLV,MS,ASO,CE,Federal Contract Tower,0,0,2,0,2,0,0,4,0,4,0,0,6,0,6,20,0,20,26
03/31/2019,OLV,MS,ASO,CE,Federal Contract Tower,0,6,11,0,17,0,1,42,4,47,0,7,53,4,64,62,0,62,126
04/01/2019,OLV,MS,ASO,CE,Federal Contract Tower,0,9,12,0,21,0,6,76,1,83,0,15,88,1,104,132,0,132,236
04/02/2019,OLV,MS,ASO,CE,Federal Contract Tower,0,15,17,0,32,0,7,72,13,92,0,22,89,13,124,186,0,186,310
04/03/2019,OLV,MS,ASO,CE,Federal Contract Tower,0,11,17,0,28,0,3,88,5,96,0,14,105,5,124,122,0,122,246
04/04/2019,OLV,MS,ASO,CE,Federal Contract Tower,0,15,2,0,17,0,0,0,0,0,0,15,2,0,17,0,0,0,17
04/05/2019,OLV,MS,ASO,CE,Federal Contract Tower,0,9,18,0,27,0,0,33,0,33,0,9,51,0,60,54,0,54,114
04/06/2019,OLV,MS,ASO,CE,Federal Contract Tower,0,10,10,0,20,0,2,77,5,84,0,12,87,5,104,168,0,168,272
04/07/2019,OLV,MS,ASO,CE,Federal Contract Tower,0,6,0,0,6,0,0,2,0,2,0,6,2,0,8,0,0,0,8
04/08/2019,OLV,MS,ASO,CE,Federal Contract Tower,0,1,0,0,1,0,1,2,0,3,0,2,2,0,4,14,0,14,18
04/09/2019,OLV,MS,ASO,CE,Federal Contract Tower,0,13,21,0,34,0,7,94,0,101,0,20,115,0,135,122,0,122,257
04/10/2019,OLV,MS,ASO,CE,Federal Contract Tower,0,9,13,0,22,0,13,95,0,108,0,22,108,0,130,156,0,156,286
04/11/2019,OLV,MS,ASO,CE,Federal Contract Tower,0,15,2,0,17,0,0,9,0,9,0,15,11,0,26,0,0,0,26
04/12/2019,OLV,MS,ASO,CE,Federal Contract Tower,0,18,20,0,38,0,13,116,0,129,0,31,136,0,167,122,0,122,289
04/13/2019,OLV,MS,ASO,CE,Federal Contract Tower,0,2,0,0,2,0,0,0,0,0,0,2,0,0,2,0,0,0,2
04/14/2019,OLV,MS,ASO,CE,Federal Contract Tower,0,6,0,0,6,0,3,4,0,7,0,9,4,0,13,30,0,30,43
04/15/2019,OLV,MS,ASO,CE,Federal Contract Tower,0,8,15,0,23,0,9,139,0,148,0,17,154,0,171,118,0,118,289
04/16/2019,OLV,MS,ASO,CE,Federal Contract Tower,0,14,13,0,27,0,13,112,0,125,0,27,125,0,152,120,0,120,272
04/17/2019,OLV,MS,ASO,CE,Federal Contract Tower,0,21,11,0,32,0,4,81,0,85,0,25,92,0,117,86,0,86,203
04/18/2019,OLV,MS,ASO,CE,Federal Contract Tower,0,5,2,0,7,0,0,0,0,0,0,5,2,0,7,0,0,0,7
04/19/2019,OLV,MS,ASO,CE,Federal Contract Tower,0,17,2,0,19,0,0,2,0,2,0,17,4,0,21,0,0,0,21
04/20/2019,OLV,MS,ASO,CE,Federal Contract Tower,0,8,8,0,16,0,20,42,2,64,0,28,50,2,80,48,0,48,128
04/21/2019,OLV,MS,ASO,CE,Federal Contract Tower,0,2,8,0,10,0,6,60,0,66,0,8,68,0,76,54,0,54,130
04/22/2019,OLV,MS,ASO,CE,Federal Contract Tower,0,12,16,0,28,0,4,137,5,146,0,16,153,5,174,192,10,202,376
04/23/2019,OLV,MS,ASO,CE,Federal Contract Tower,0,12,21,0,33,0,8,121,0,129,0,20,142,0,162,236,0,236,398
04/24/2019,OLV,MS,ASO,CE,Federal Contract Tower,0,20,11,0,31,0,8,95,2,105,0,28,106,2,136,160,0,160,296
04/25/2019,OLV,MS,ASO,CE,Federal Contract Tower,0,13,2,2,17,0,1,3,0,4,0,14,5,2,21,10,0,10,31
04/26/2019,OLV,MS,ASO,CE,Federal Contract Tower,0,14,8,0,22,0,14,98,1,113,0,28,106,1,135,154,0,154,289
04/27/2019,OLV,MS,ASO,CE,Federal Contract Tower,0,6,12,0,18,0,4,63,9,76,0,10,75,9,94,96,0,96,190
04/28/2019,OLV,MS,ASO,CE,Federal Contract Tower,0,6,8,0,14,0,2,58,2,62,0,8,66,2,76,48,0,48,124
04/29/2019,OLV,MS,ASO,CE,Federal Contract Tower,0,14,19,0,33,0,1,67,0,68,0,15,86,0,101,86,0,86,187
04/30/2019,OLV,MS,ASO,CE,Federal Contract Tower,0,8,21,0,29,0,11,71,2,84,0,19,92,2,113,172,0,172,285
05/01/2019,OLV,MS,ASO,CE,Federal Contract Tower,0,20,7,0,27,0,0,22,0,22,0,20,29,0,49,42,0,42,91
05/02/2019,OLV,MS,ASO,CE,Federal Contract Tower,0,27,13,0,40,0,5,67,1,73,0,32,80,1,113,172,0,172,285
05/03/2019,OLV,MS,ASO,CE,Federal Contract Tower,0,12,9,0,21,0,2,28,5,35,0,14,37,5,56,32,0,32,88
05/04/2019,OLV,MS,ASO,CE,Federal Contract Tower,0,7,0,0,7,0,0,0,0,0,0,7,0,0,7,0,0,0,7
05/05/2019,OLV,MS,ASO,CE,Federal Contract Tower,0,6,18,1,25,0,2,106,2,110,0,8,124,3,135,136,0,136,271
05/06/2019,OLV,MS,ASO,CE,Federal Contract Tower,0,11,14,0,25,0,7,118,11,136,0,18,132,11,161,160,6,166,327
05/07/2019,OLV,MS,ASO,CE,Federal Contract Tower,0,18,29,0,47,0,8,157,4,169,0,26,186,4,216,172,0,172,388
05/08/2019,OLV,MS,ASO,CE,Federal Contract Tower,0,17,16,0,33,0,2,106,1,109,0,19,122,1,142,72,0,72,214
05/09/2019,OLV,MS,ASO,CE,Federal Contract Tower,0,8,7,0,15,0,1,12,0,13,0,9,19,0,28,18,0,18,46
05/10/2019,OLV,MS,ASO,CE,Federal Contract Tower,0,11,12,0,23,0,0,4,0,4,0,11,16,0,27,8,0,8,35
05/11/2019,OLV,MS,ASO,CE,Federal Contract Tower,0,0,4,0,4,0,0,0,0,0,0,0,4,0,4,0,0,0,4
05/12/2019,OLV,MS,ASO,CE,Federal Contract Tower,0,8,17,0,25,0,2,21,0,23,0,10,38,0,48,38,0,38,86
05/13/2019,OLV,MS,ASO,CE,Federal Contract Tower,0,14,34,0,48,0,1,125,1,127,0,15,159,1,175,168,0,168,343
05/14/2019,OLV,MS,ASO,CE,Federal Contract Tower,0,11,28,0,39,0,11,126,0,137,0,22,154,0,176,160,0,160,336
05/15/2019,OLV,MS,ASO,CE,Federal Contract Tower,0,17,15,0,32,0,12,97,0,109,0,29,112,0,141,76,0,76,217
05/16/2019,OLV,MS,ASO,CE,Federal Contract Tower,0,23,19,0,42,0,5,108,2,115,0,28,127,2,157,184,0,184,341
05/17/2019,OLV,MS,ASO,CE,Federal Contract Tower,0,22,19,0,41,0,8,109,0,117,0,30,128,0,158,158,0,158,316
05/18/2019,OLV,MS,ASO,CE,Federal Contract Tower,0,4,4,2,10,0,6,80,2,88,0,10,84,4,98,156,0,156,254
05/19/2019,OLV,MS,ASO,CE,Federal Contract Tower,0,10,3,0,13,0,10,8,0,18,0,20,11,0,31,18,0,18,49
05/20/2019,OLV,MS,ASO,CE,Federal Contract Tower,0,5,15,0,20,0,8,75,0,83,0,13,90,0,103,158,0,158,261
05/21/2019,OLV,MS,ASO,CE,Federal Contract Tower,0,16,14,0,30,0,3,70,0,73,0,19,84,0,103,90,0,90,193
05/22/2019,OLV,MS,ASO,CE,Federal Contract Tower,0,16,10,0,26,0,6,58,0,64,0,22,68,0,90,114,0,114,204
05/23/2019,OLV,MS,ASO,CE,Federal Contract Tower,0,23,12,0,35,0,3,113,9,125,0,26,125,9,160,178,0,178,338
05/24/2019,OLV,MS,ASO,CE,Federal Contract Tower,0,29,17,0,46,0,7,115,2,124,0,36,132,2,170,78,0,78,248
05/26/2019,OLV,MS,ASO,CE,Federal Contract Tower,0,2,12,0,14,0,9,38,0,47,0,11,50,0,61,84,0,84,145
05/27/2019,OLV,MS,ASO,CE,Federal Contract Tower,0,11,24,0,35,0,7,78,0,85,0,18,102,0,120,122,0,122,242
05/28/2019,OLV,MS,ASO,CE,Federal Contract Tower,0,14,29,1,44,0,10,65,1,76,0,24,94,2,120,140,0,140,260
05/29/2019,OLV,MS,ASO,CE,Federal Contract Tower,0,16,23,0,39,0,11,73,0,84,0,27,96,0,123,54,0,54,177
05/30/2019,OLV,MS,ASO,CE,Federal Contract Tower,0,23,28,0,51,0,8,66,0,74,0,31,94,0,125,176,0,176,301
05/31/2019,OLV,MS,ASO,CE,Federal Contract Tower,0,12,15,1,28,0,40,106,1,147,0,52,121,2,175,94,0,94,269
06/01/2019,OLV,MS,ASO,CE,Federal Contract Tower,0,11,2,0,13,0,4,117,4,125,0,15,119,4,138,210,8,218,356
06/02/2019,OLV,MS,ASO,CE,Federal Contract Tower,0,15,12,3,30,0,3,61,1,65,0,18,73,4,95,84,6,90,185
06/03/2019,OLV,MS,ASO,CE,Federal Contract Tower,0,5,18,1,24,0,6,127,1,134,0,11,145,2,158,158,0,158,316
06/04/2019,OLV,MS,ASO,CE,Federal Contract Tower,0,5,21,1,27,0,5,69,1,75,0,10,90,2,102,128,0,128,230
06/05/2019,OLV,MS,ASO,CE,Federal Contract Tower,0,12,21,0,33,0,2,86,0,88,0,14,107,0,121,100,0,100,221
06/06/2019,OLV,MS,ASO,CE,Federal Contract Tower,0,8,7,0,15,0,0,0,0,0,0,8,7,0,15,0,0,0,15
06/07/2019,OLV,MS,ASO,CE,Federal Contract Tower,0,8,4,0,12,0,5,6,0,11,0,13,10,0,23,0,0,0,23
06/08/2019,OLV,MS,ASO,CE,Federal Contract Tower,0,3,5,0,8,0,4,10,0,14,0,7,15,0,22,52,0,52,74
06/09/2019,OLV,MS,ASO,CE,Federal Contract Tower,0,6,6,0,12,0,4,52,0,56,0,10,58,0,68,148,0,148,216
06/10/2019,OLV,MS,ASO,CE,Federal Contract Tower,0,6,32,1,39,0,4,114,2,120,0,10,146,3,159,198,6,204,363
06/11/2019,OLV,MS,ASO,CE,Federal Contract Tower,0,15,17,0,32,0,5,142,2,149,0,20,159,2,181,194,8,202,383
06/12/2019,OLV,MS,ASO,CE,Federal Contract Tower,0,13,12,0,25,0,7,151,2,160,0,20,163,2,185,232,14,246,431
06/13/2019,OLV,MS,ASO,CE,Federal Contract Tower,0,11,16,0,27,0,14,124,0,138,0,25,140,0,165,314,0,314,479
06/14/2019,OLV,MS,ASO,CE,Federal Contract Tower,0,6,15,0,21,0,5,144,0,149,0,11,159,0,170,330,0,330,500
06/15/2019,OLV,MS,ASO,CE,Federal Contract Tower,0,8,12,2,22,0,30,63,0,93,0,38,75,2,115,128,0,128,243
06/16/2019,OLV,MS,ASO,CE,Federal Contract Tower,0,4,2,0,6,0,5,13,0,18,0,9,15,0,24,30,0,30,54
06/17/2019,OLV,MS,ASO,CE,Federal Contract Tower,0,12,27,0,39,0,6,133,1,140,0,18,160,1,179,396,0,396,575
06/18/2019,OLV,MS,ASO,CE,Federal Contract Tower,0,12,11,0,23,0,3,94,0,97,0,15,105,0,120,196,0,196,316
06/19/2019,OLV,MS,ASO,CE,Federal Contract Tower,0,13,14,0,27,0,8,172,0,180,0,21,186,0,207,208,0,208,415
06/20/2019,OLV,MS,ASO,CE,Federal Contract Tower,0,9,14,0,23,0,2,118,0,120,0,11,132,0,143,226,0,226,369
06/21/2019,OLV,MS,ASO,CE,Federal Contract Tower,0,13,21,0,34,0,8,69,0,77,0,21,90,0,111,150,0,150,261
06/22/2019,OLV,MS,ASO,CE,Federal Contract Tower,0,10,10,0,20,0,2,22,0,24,0,12,32,0,44,52,0,52,96
06/23/2019,OLV,MS,ASO,CE,Federal Contract Tower,0,7,4,0,11,0,4,13,0,17,0,11,17,0,28,22,0,22,50
06/24/2019,OLV,MS,ASO,CE,Federal Contract Tower,0,10,15,0,25,0,1,32,0,33,0,11,47,0,58,26,0,26,84
06/25/2019,OLV,MS,ASO,CE,Federal Contract Tower,0,18,17,0,35,0,1,127,0,128,0,19,144,0,163,276,0,276,439
06/26/2019,OLV,MS,ASO,CE,Federal Contract Tower,0,14,26,0,40,0,4,88,0,92,0,18,114,0,132,226,0,226,358
06/27/2019,OLV,MS,ASO,CE,Federal Contract Tower,0,11,3,0,14,0,2,33,0,35,0,13,36,0,49,78,0,78,127
06/28/2019,OLV,MS,ASO,CE,Federal Contract Tower,0,8,18,0,26,0,8,84,0,92,0,16,102,0,118,94,0,94,212
06/29/2019,OLV,MS,ASO,CE,Federal Contract Tower,0,12,6,0,18,0,7,108,4,119,0,19,114,4,137,88,8,96,233
06/30/2019,OLV,MS,ASO,CE,Federal Contract Tower,0,3,5,0,8,0,2,36,0,38,0,5,41,0,46,60,0,60,106
07/01/2019,OLV,MS,ASO,CE,Federal Contract Tower,0,5,3,0,8,0,0,67,0,67,0,5,70,0,75,96,0,96,171
07/02/2019,OLV,MS,ASO,CE,Federal Contract Tower,0,4,17,0,21,0,6,95,0,101,0,10,112,0,122,210,0,210,332
07/03/2019,OLV,MS,ASO,CE,Federal Contract Tower,0,14,14,0,28,0,2,64,0,66,0,16,78,0,94,100,0,100,194
07/04/2019,OLV,MS,ASO,CE,Federal Contract Tower,0,1,6,0,7,0,0,48,0,48,0,1,54,0,55,118,0,118,173
07/05/2019,OLV,MS,ASO,CE,Federal Contract Tower,0,3,5,0,8,0,3,110,0,113,0,6,115,0,121,130,0,130,251
07/06/2019,OLV,MS,ASO,CE,Federal Contract Tower,0,7,9,0,16,0,5,84,4,93,0,12,93,4,109,120,0,120,229
07/07/2019,OLV,MS,ASO,CE,Federal Contract Tower,0,8,6,0,14,0,0,73,0,73,0,8,79,0,87,82,0,82,169
07/08/2019,OLV,MS,ASO,CE,Federal Contract Tower,0,7,21,0,28,0,4,100,0,104,0,11,121,0,132,162,0,162,294
07/09/2019,OLV,MS,ASO,CE,Federal Contract Tower,0,11,17,0,28,0,0,115,0,115,0,11,132,0,143,84,0,84,227
07/10/2019,OLV,MS,ASO,CE,Federal Contract Tower,0,10,8,0,18,0,3,88,2,93,0,13,96,2,111,134,0,134,245
07/11/2019,OLV,MS,ASO,CE,Federal Contract Tower,0,16,16,6,38,0,11,160,6,177,0,27,176,12,215,144,6,150,365
07/12/2019,OLV,MS,ASO,CE,Federal Contract Tower,0,9,10,2,21,0,6,144,0,150,0,15,154,2,171,228,0,228,399
07/13/2019,OLV,MS,ASO,CE,Federal Contract Tower,0,12,11,0,23,0,1,106,7,114,0,13,117,7,137,210,0,210,347
07/14/2019,OLV,MS,ASO,CE,Federal Contract Tower,0,6,2,0,8,0,0,0,0,0,0,6,2,0,8,0,0,0,8
07/15/2019,OLV,MS,ASO,CE,Federal Contract Tower,0,5,0,0,5,0,0,0,0,0,0,5,0,0,5,0,0,0,5
07/16/2019,OLV,MS,ASO,CE,Federal Contract Tower,0,8,8,0,16,0,6,13,0,19,0,14,21,0,35,48,0,48,83
07/17/2019,OLV,MS,ASO,CE,Federal Contract Tower,0,25,8,0,33,0,2,108,0,110,0,27,116,0,143,350,0,350,493
07/18/2019,OLV,MS,ASO,CE,Federal Contract Tower,0,21,14,0,35,0,2,192,1,195,0,23,206,1,230,428,0,428,658
07/19/2019,OLV,MS,ASO,CE,Federal Contract Tower,0,9,8,0,17,0,11,151,0,162,0,20,159,0,179,368,0,368,547
07/20/2019,OLV,MS,ASO,CE,Federal Contract Tower,0,6,6,1,13,0,3,128,5,136,0,9,134,6,149,210,0,210,359
07/21/2019,OLV,MS,ASO,CE,Federal Contract Tower,0,10,7,0,17,0,4,25,0,29,0,14,32,0,46,76,0,76,122
07/22/2019,OLV,MS,ASO,CE,Federal Contract Tower,0,9,9,0,18,0,4,5,0,9,0,13,14,0,27,4,0,4,31
07/23/2019,OLV,MS,ASO,CE,Federal Contract Tower,0,11,8,2,21,0,8,110,1,119,0,19,118,3,140,148,4,152,292
07/24/2019,OLV,MS,ASO,CE,Federal Contract Tower,0,13,14,0,27,0,6,150,4,160,0,19,164,4,187,208,6,214,401
07/25/2019,OLV,MS,ASO,CE,Federal Contract Tower,0,15,36,0,51,0,12,122,2,136,0,27,158,2,187,260,6,266,453
07/26/2019,OLV,MS,ASO,CE,Federal Contract Tower,0,10,16,0,26,0,3,123,2,128,0,13,139,2,154,202,2,204,358
07/27/2019,OLV,MS,ASO,CE,Federal Contract Tower,0,4,13,0,17,0,2,128,0,130,0,6,141,0,147,128,0,128,275
07/28/2019,OLV,MS,ASO,CE,Federal Contract Tower,0,32,4,0,36,0,10,76,0,86,0,42,80,0,122,116,0,116,238
07/29/2019,OLV,MS,ASO,CE,Federal Contract Tower,0,7,17,0,24,0,11,78,9,98,0,18,95,9,122,178,0,178,300
07/30/2019,OLV,MS,ASO,CE,Federal Contract Tower,0,10,11,0,21,0,2,40,0,42,0,12,51,0,63,48,0,48,111
07/31/2019,OLV,MS,ASO,CE,Federal Contract Tower,0,13,15,0,28,0,9,130,4,143,0,22,145,4,171,154,12,166,337
08/01/2019,OLV,MS,ASO,CE,Federal Contract Tower,0,9,20,0,29,0,5,107,0,112,0,14,127,0,141,282,0,282,423
08/02/2019,OLV,MS,ASO,CE,Federal Contract Tower,0,8,7,1,16,0,6,110,1,117,0,14,117,2,133,138,0,138,271
08/03/2019,OLV,MS,ASO,CE,Federal Contract Tower,0,11,8,0,19,0,8,69,0,77,0,19,77,0,96,74,0,74,170
08/04/2019,OLV,MS,ASO,CE,Federal Contract Tower,0,9,5,0,14,0,0,18,0,18,0,9,23,0,32,20,0,20,52
08/05/2019,OLV,MS,ASO,CE,Federal Contract Tower,0,8,20,0,28,0,6,55,0,61,0,14,75,0,89,148,0,148,237
08/06/2019,OLV,MS,ASO,CE,Federal Contract Tower,0,6,18,0,24,0,4,103,0,107,0,10,121,0,131,146,0,146,277
08/07/2019,OLV,MS,ASO,CE,Federal Contract Tower,0,12,15,0,27,0,7,82,0,89,0,19,97,0,116,162,0,162,278
08/08/2019,OLV,MS,ASO,CE,Federal Contract Tower,0,14,3,0,17,0,5,37,0,42,0,19,40,0,59,44,0,44,103
08/09/2019,OLV,MS,ASO,CE,Federal Contract Tower,0,10,5,0,15,0,1,37,0,38,0,11,42,0,53,54,0,54,107
08/10/2019,OLV,MS,ASO,CE,Federal Contract Tower,0,6,1,0,7,0,2,43,0,45,0,8,44,0,52,124,0,124,176
08/11/2019,OLV,MS,ASO,CE,Federal Contract Tower,0,11,6,0,17,0,0,47,2,49,0,11,53,2,66,106,0,106,172
08/12/2019,OLV,MS,ASO,CE,Federal Contract Tower,0,9,10,0,19,0,5,112,0,117,0,14,122,0,136,178,0,178,314
08/13/2019,OLV,MS,ASO,CE,Federal Contract Tower,0,12,14,0,26,0,3,114,0,117,0,15,128,0,143,132,0,132,275
08/14/2019,OLV,MS,ASO,CE,Federal Contract Tower,0,15,20,0,35,0,7,71,1,79,0,22,91,1,114,68,0,68,182
08/15/2019,OLV,MS,ASO,CE,Federal Contract Tower,0,13,15,0,28,0,7,96,0,103,0,20,111,0,131,134,0,134,265
08/16/2019,OLV,MS,ASO,CE,Federal Contract Tower,0,13,13,0,26,0,7,92,0,99,0,20,105,0,125,164,0,164,289
08/17/2019,OLV,MS,ASO,CE,Federal Contract Tower,0,7,8,0,15,0,3,103,2,108,0,10,111,2,123,100,0,100,223
08/18/2019,OLV,MS,ASO,CE,Federal Contract Tower,0,6,6,1,13,0,4,65,1,70,0,10,71,2,83,60,0,60,143
08/19/2019,OLV,MS,ASO,CE,Federal Contract Tower,0,5,15,0,20,0,2,85,0,87,0,7,100,0,107,176,0,176,283
08/20/2019,OLV,MS,ASO,CE,Federal Contract Tower,0,10,21,0,31,0,2,108,0,110,0,12,129,0,141,100,0,100,241
08/21/2019,OLV,MS,ASO,CE,Federal Contract Tower,0,14,12,0,26,0,5,92,1,98,0,19,104,1,124,84,8,92,216
08/22/2019,OLV,MS,ASO,CE,Federal Contract Tower,0,14,11,0,25,0,1,35,0,36,0,15,46,0,61,36,0,36,97
08/23/2019,OLV,MS,ASO,CE,Federal Contract Tower,0,13,8,0,21,0,3,43,0,46,0,16,51,0,67,116,0,116,183
08/24/2019,OLV,MS,ASO,CE,Federal Contract Tower,0,3,8,0,11,0,0,31,0,31,0,3,39,0,42,22,0,22,64
08/25/2019,OLV,MS,ASO,CE,Federal Contract Tower,0,4,8,0,12,0,0,14,0,14,0,4,22,0,26,28,0,28,54
08/26/2019,OLV,MS,ASO,CE,Federal Contract Tower,0,7,14,0,21,0,0,52,0,52,0,7,66,0,73,112,0,112,185
08/27/2019,OLV,MS,ASO,CE,Federal Contract Tower,0,13,14,0,27,0,2,69,0,71,0,15,83,0,98,84,0,84,182
08/28/2019,OLV,MS,ASO,CE,Federal Contract Tower,0,13,12,0,25,0,5,113,2,120,0,18,125,2,145,178,0,178,323
08/29/2019,OLV,MS,ASO,CE,Federal Contract Tower,0,13,20,0,33,0,10,122,0,132,0,23,142,0,165,170,0,170,335
08/30/2019,OLV,MS,ASO,CE,Federal Contract Tower,0,7,10,0,17,0,5,102,0,107,0,12,112,0,124,168,0,168,292
08/31/2019,OLV,MS,ASO,CE,Federal Contract Tower,0,4,8,0,12,0,4,110,0,114,0,8,118,0,126,56,0,56,182
09/01/2019,OLV,MS,ASO,CE,Federal Contract Tower,0,6,4,0,10,0,0,69,0,69,0,6,73,0,79,82,0,82,161
09/02/2019,OLV,MS,ASO,CE,Federal Contract Tower,0,6,15,0,21,0,0,86,1,87,0,6,101,1,108,36,18,54,162
09/03/2019,OLV,MS,ASO,CE,Federal Contract Tower,0,7,18,0,25,0,5,62,0,67,0,12,80,0,92,98,0,98,190
09/04/2019,OLV,MS,ASO,CE,Federal Contract Tower,0,12,14,0,26,0,7,88,0,95,0,19,102,0,121,146,0,146,267
09/05/2019,OLV,MS,ASO,CE,Federal Contract Tower,0,6,13,0,19,0,10,84,0,94,0,16,97,0,113,172,0,172,285
09/06/2019,OLV,MS,ASO,CE,Federal Contract Tower,0,13,11,0,24,0,4,87,1,92,0,17,98,1,116,172,0,172,288
09/07/2019,OLV,MS,ASO,CE,Federal Contract Tower,0,7,4,0,11,0,0,85,7,92,0,7,89,7,103,120,0,120,223
09/08/2019,OLV,MS,ASO,CE,Federal Contract Tower,0,4,7,0,11,0,15,58,0,73,0,19,65,0,84,92,0,92,176
09/09/2019,OLV,MS,ASO,CE,Federal Contract Tower,0,11,7,0,18,0,0,79,0,79,0,11,86,0,97,180,0,180,277
09/10/2019,OLV,MS,ASO,CE,Federal Contract Tower,0,23,17,0,40,0,16,62,0,78,0,39,79,0,118,136,0,136,254
09/11/2019,OLV,MS,ASO,CE,Federal Contract Tower,0,10,21,0,31,0,14,95,2,111,0,24,116,2,142,174,0,174,316
09/12/2019,OLV,MS,ASO,CE,Federal Contract Tower,0,13,14,0,27,0,3,81,0,84,0,16,95,0,111,146,0,146,257
09/13/2019,OLV,MS,ASO,CE,Federal Contract Tower,0,7,9,0,16,0,3,100,0,103,0,10,109,0,119,84,0,84,203
09/14/2019,OLV,MS,ASO,CE,Federal Contract Tower,0,16,9,0,25,0,7,116,2,125,0,23,125,2,150,86,0,86,236
09/15/2019,OLV,MS,ASO,CE,Federal Contract Tower,0,9,13,0,22,0,4,48,2,54,0,13,61,2,76,36,0,36,112
09/16/2019,OLV,MS,ASO,CE,Federal Contract Tower,0,8,7,0,15,0,2,75,0,77,0,10,82,0,92,110,0,110,202
09/17/2019,OLV,MS,ASO,CE,Federal Contract Tower,0,15,16,0,31,0,1,85,0,86,0,16,101,0,117,128,0,128,245
09/18/2019,OLV,MS,ASO,CE,Federal Contract Tower,0,16,19,0,35,0,8,97,1,106,0,24,116,1,141,150,0,150,291
09/19/2019,OLV,MS,ASO,CE,Federal Contract Tower,0,5,13,0,18,0,2,63,0,65,0,7,76,0,83,104,0,104,187
09/20/2019,OLV,MS,ASO,CE,Federal Contract Tower,0,13,10,0,23,0,4,74,0,78,0,17,84,0,101,64,0,64,165
09/21/2019,OLV,MS,ASO,CE,Federal Contract Tower,0,5,10,0,15,0,3,74,0,77,0,8,84,0,92,152,0,152,244
09/22/2019,OLV,MS,ASO,CE,Federal Contract Tower,0,8,9,0,17,0,0,40,4,44,0,8,49,4,61,58,14,72,133
09/23/2019,OLV,MS,ASO,CE,Federal Contract Tower,0,8,14,0,22,0,1,59,0,60,0,9,73,0,82,52,0,52,134
09/24/2019,OLV,MS,ASO,CE,Federal Contract Tower,0,16,13,0,29,0,9,90,0,99,0,25,103,0,128,240,0,240,368
09/25/2019,OLV,MS,ASO,CE,Federal Contract Tower,0,13,13,0,26,0,7,78,0,85,0,20,91,0,111,68,0,68,179
09/26/2019,OLV,MS,ASO,CE,Federal Contract Tower,0,14,9,0,23,0,3,67,0,70,0,17,76,0,93,130,0,130,223
09/27/2019,OLV,MS,ASO,CE,Federal Contract Tower,0,12,8,0,20,0,12,78,2,92,0,24,86,2,112,82,0,82,194
09/28/2019,OLV,MS,ASO,CE,Federal Contract Tower,0,2,10,0,12,0,2,85,0,87,0,4,95,0,99,188,0,188,287
09/29/2019,OLV,MS,ASO,CE,Federal Contract Tower,0,9,12,0,21,0,1,54,2,57,0,10,66,2,78,84,0,84,162
09/30/2019,OLV,MS,ASO,CE,Federal Contract Tower,0,6,19,0,25,0,15,113,0,128,0,21,132,0,153,118,0,118,271
10/02/2019,OLV,MS,ASO,CE,Federal Contract Tower,0,14,12,0,26,0,13,78,0,91,0,27,90,0,117,84,0,84,201
10/03/2019,OLV,MS,ASO,CE,Federal Contract Tower,0,14,10,0,24,0,9,77,0,86,0,23,87,0,110,86,0,86,196
10/04/2019,OLV,MS,ASO,CE,Federal Contract Tower,0,24,17,0,41,0,9,71,0,80,0,33,88,0,121,122,0,122,243
10/05/2019,OLV,MS,ASO,CE,Federal Contract Tower,0,9,13,0,22,0,18,85,3,106,0,27,98,3,128,118,0,118,246
10/06/2019,OLV,MS,ASO,CE,Federal Contract Tower,0,13,6,1,20,0,10,31,2,43,0,23,37,3,63,40,2,42,105
10/07/2019,OLV,MS,ASO,CE,Federal Contract Tower,0,9,12,0,21,0,6,16,0,22,0,15,28,0,43,4,0,4,47
10/08/2019,OLV,MS,ASO,CE,Federal Contract Tower,0,17,19,0,36,0,10,103,6,119,0,27,122,6,155,128,0,128,283
10/09/2019,OLV,MS,ASO,CE,Federal Contract Tower,0,21,4,0,25,0,5,64,0,69,0,26,68,0,94,102,0,102,196
10/10/2019,OLV,MS,ASO,CE,Federal Contract Tower,0,17,21,0,38,0,6,99,2,107,0,23,120,2,145,94,0,94,239
10/11/2019,OLV,MS,ASO,CE,Federal Contract Tower,0,4,5,0,9,0,2,0,0,2,0,6,5,0,11,0,0,0,11
10/12/2019,OLV,MS,ASO,CE,Federal Contract Tower,0,9,7,0,16,0,6,89,0,95,0,15,96,0,111,126,0,126,237
10/13/2019,OLV,MS,ASO,CE,Federal Contract Tower,0,7,7,0,14,0,5,49,4,58,0,12,56,4,72,78,14,92,164
10/14/2019,OLV,MS,ASO,CE,Federal Contract Tower,0,14,19,0,33,0,5,118,5,128,0,19,137,5,161,150,0,150,311
10/15/2019,OLV,MS,ASO,CE,Federal Contract Tower,0,6,13,0,19,0,0,5,3,8,0,6,18,3,27,16,0,16,43
10/16/2019,OLV,MS,ASO,CE,Federal Contract Tower,0,13,27,0,40,0,4,67,0,71,0,17,94,0,111,108,0,108,219
10/17/2019,OLV,MS,ASO,CE,Federal Contract Tower,0,18,19,0,37,0,6,108,1,115,0,24,127,1,152,144,0,144,296
10/18/2019,OLV,MS,ASO,CE,Federal Contract Tower,0,17,9,0,26,0,5,115,0,120,0,22,124,0,146,182,0,182,328
10/19/2019,OLV,MS,ASO,CE,Federal Contract Tower,0,9,5,0,14,0,17,120,0,137,0,26,125,0,151,122,0,122,273
10/20/2019,OLV,MS,ASO,CE,Federal Contract Tower,0,13,12,0,25,0,22,69,7,98,0,35,81,7,123,64,8,72,195
10/21/2019,OLV,MS,ASO,CE,Federal Contract Tower,0,8,0,0,8,0,0,1,0,1,0,8,1,0,9,0,0,0,9
10/22/2019,OLV,MS,ASO,CE,Federal Contract Tower,0,22,15,0,37,0,3,38,0,41,0,25,53,0,78,44,0,44,122
10/23/2019,OLV,MS,ASO,CE,Federal Contract Tower,0,13,19,0,32,0,6,133,0,139,0,19,152,0,171,164,0,164,335
10/24/2019,OLV,MS,ASO,CE,Federal Contract Tower,0,18,22,0,40,0,16,81,2,99,0,34,103,2,139,180,0,180,319
10/25/2019,OLV,MS,ASO,CE,Federal Contract Tower,0,11,6,0,17,0,0,5,0,5,0,11,11,0,22,14,0,14,36
10/26/2019,OLV,MS,ASO,CE,Federal Contract Tower,0,2,6,0,8,0,0,0,0,0,0,2,6,0,8,0,0,0,8
10/27/2019,OLV,MS,ASO,CE,Federal Contract Tower,0,14,12,0,26,0,0,2,0,2,0,14,14,0,28,0,0,0,28
10/28/2019,OLV,MS,ASO,CE,Federal Contract Tower,0,8,24,0,32,0,2,2,0,4,0,10,26,0,36,12,0,12,48
10/29/2019,OLV,MS,ASO,CE,Federal Contract Tower,0,19,33,0,52,0,8,26,0,34,0,27,59,0,86,58,0,58,144
10/30/2019,OLV,MS,ASO,CE,Federal Contract Tower,0,18,1,0,19,0,0,0,0,0,0,18,1,0,19,0,0,0,19
10/31/2019,OLV,MS,ASO,CE,Federal Contract Tower,0,15,4,0,19,0,2,7,0,9,0,17,11,0,28,0,0,0,28
11/01/2019,OLV,MS,ASO,CE,Federal Contract Tower,0,13,14,0,27,0,9,110,2,121,0,22,124,2,148,196,0,196,344
11/02/2019,OLV,MS,ASO,CE,Federal Contract Tower,0,6,10,0,16,0,7,87,10,104,0,13,97,10,120,122,4,126,246
11/03/2019,OLV,MS,ASO,CE,Federal Contract Tower,0,20,12,0,32,0,9,56,6,71,0,29,68,6,103,76,0,76,179
11/04/2019,OLV,MS,ASO,CE,Federal Contract Tower,0,12,15,0,27,0,2,97,1,100,0,14,112,1,127,162,0,162,289
11/05/2019,OLV,MS,ASO,CE,Federal Contract Tower,0,18,16,0,34,0,4,65,0,69,0,22,81,0,103,102,0,102,205
11/06/2019,OLV,MS,ASO,CE,Federal Contract Tower,0,19,18,0,37,0,11,75,0,86,0,30,93,0,123,78,0,78,201
11/07/2019,OLV,MS,ASO,CE,Federal Contract Tower,0,14,4,0,18,0,0,0,0,0,0,14,4,0,18,0,0,0,18
11/08/2019,OLV,MS,ASO,CE,Federal Contract Tower,0,15,12,0,27,0,4,65,0,69,0,19,77,0,96,120,0,120,216
11/09/2019,OLV,MS,ASO,CE,Federal Contract Tower,0,11,8,0,19,0,2,88,4,94,0,13,96,4,113,82,0,82,195
11/10/2019,OLV,MS,ASO,CE,Federal Contract Tower,0,11,8,0,19,0,5,89,0,94,0,16,97,0,113,118,0,118,231
11/11/2019,OLV,MS,ASO,CE,Federal Contract Tower,0,8,2,0,10,0,5,9,0,14,0,13,11,0,24,14,0,14,38
11/12/2019,OLV,MS,ASO,CE,Federal Contract Tower,0,10,12,0,22,0,6,22,0,28,0,16,34,0,50,28,0,28,78
11/13/2019,OLV,MS,ASO,CE,Federal Contract Tower,0,15,12,0,27,0,8,85,0,93,0,23,97,0,120,130,0,130,250
11/14/2019,OLV,MS,ASO,CE,Federal Contract Tower,0,11,11,0,22,0,3,94,2,99,0,14,105,2,121,142,2,144,265
11/15/2019,OLV,MS,ASO,CE,Federal Contract Tower,0,20,15,0,35,0,9,82,0,91,0,29,97,0,126,70,0,70,196
11/16/2019,OLV,MS,ASO,CE,Federal Contract Tower,0,9,6,1,16,0,2,98,1,101,0,11,104,2,117,72,0,72,189
11/17/2019,OLV,MS,ASO,CE,Federal Contract Tower,0,11,21,0,32,0,2,75,5,82,0,13,96,5,114,80,12,92,206
11/18/2019,OLV,MS,ASO,CE,Federal Contract Tower,0,7,7,0,14,0,4,72,0,76,0,11,79,0,90,120,0,120,210
11/19/2019,OLV,MS,ASO,CE,Federal Contract Tower,0,18,15,0,33,0,11,73,0,84,0,29,88,0,117,138,0,138,255
11/20/2019,OLV,MS,ASO,CE,Federal Contract Tower,0,20,15,0,35,0,5,77,0,82,0,25,92,0,117,96,0,96,213
11/21/2019,OLV,MS,ASO,CE,Federal Contract Tower,0,6,16,0,22,0,0,19,0,19,0,6,35,0,41,10,0,10,51
11/22/2019,OLV,MS,ASO,CE,Federal Contract Tower,0,8,0,0,8,0,0,0,0,0,0,8,0,0,8,0,0,0,8
11/23/2019,OLV,MS,ASO,CE,Federal Contract Tower,0,4,4,0,8,0,0,1,0,1,0,4,5,0,9,0,0,0,9
11/24/2019,OLV,MS,ASO,CE,Federal Contract Tower,0,9,6,0,15,0,0,69,6,75,0,9,75,6,90,76,14,90,180
11/25/2019,OLV,MS,ASO,CE,Federal Contract Tower,0,18,11,1,30,0,0,77,4,81,0,18,88,5,111,84,4,88,199
11/26/2019,OLV,MS,ASO,CE,Federal Contract Tower,0,13,16,0,29,0,0,9,0,9,0,13,25,0,38,40,0,40,78
11/27/2019,OLV,MS,ASO,CE,Federal Contract Tower,0,21,15,0,36,0,9,73,2,84,0,30,88,2,120,100,0,100,220
11/28/2019,OLV,MS,ASO,CE,Federal Contract Tower,0,2,1,0,3,0,10,7,0,17,0,12,8,0,20,12,0,12,32
11/29/2019,OLV,MS,ASO,CE,Federal Contract Tower,0,12,11,0,23,0,0,29,0,29,0,12,40,0,52,70,0,70,122
11/30/2019,OLV,MS,ASO,CE,Federal Contract Tower,0,11,0,0,11,0,0,0,0,0,0,11,0,0,11,0,0,0,11
12/01/2019,OLV,MS,ASO,CE,Federal Contract Tower,0,19,3,0,22,0,5,14,0,19,0,24,17,0,41,4,0,4,45
12/02/2019,OLV,MS,ASO,CE,Federal Contract Tower,0,15,20,0,35,0,4,49,0,53,0,19,69,0,88,124,0,124,212
12/03/2019,OLV,MS,ASO,CE,Federal Contract Tower,0,11,18,0,29,0,10,72,1,83,0,21,90,1,112,50,4,54,166
12/04/2019,OLV,MS,ASO,CE,Federal Contract Tower,0,15,16,0,31,0,9,76,0,85,0,24,92,0,116,98,0,98,214
12/05/2019,OLV,MS,ASO,CE,Federal Contract Tower,0,10,11,0,21,0,8,73,0,81,0,18,84,0,102,96,0,96,198
12/06/2019,OLV,MS,ASO,CE,Federal Contract Tower,0,10,15,0,25,0,0,8,0,8,0,10,23,0,33,56,0,56,89
12/07/2019,OLV,MS,ASO,CE,Federal Contract Tower,0,7,13,0,20,0,0,27,0,27,0,7,40,0,47,40,0,40,87
12/08/2019,OLV,MS,ASO,CE,Federal Contract Tower,0,8,14,0,22,0,5,31,7,43,0,13,45,7,65,28,0,28,93
12/09/2019,OLV,MS,ASO,CE,Federal Contract Tower,0,12,7,0,19,0,4,9,0,13,0,16,16,0,32,10,0,10,42
12/10/2019,OLV,MS,ASO,CE,Federal Contract Tower,0,3,4,0,7,0,0,1,0,1,0,3,5,0,8,0,0,0,8
12/11/2019,OLV,MS,ASO,CE,Federal Contract Tower,0,17,23,1,41,0,9,110,5,124,0,26,133,6,165,152,6,158,323
12/12/2019,OLV,MS,ASO,CE,Federal Contract Tower,0,8,14,1,23,0,8,110,1,119,0,16,124,2,142,94,0,94,236
12/13/2019,OLV,MS,ASO,CE,Federal Contract Tower,0,8,9,0,17,0,1,0,0,1,0,9,9,0,18,0,0,0,18
12/14/2019,OLV,MS,ASO,CE,Federal Contract Tower,0,15,9,0,24,0,1,25,0,26,0,16,34,0,50,92,0,92,142
12/15/2019,OLV,MS,ASO,CE,Federal Contract Tower,0,5,9,0,14,0,1,24,0,25,0,6,33,0,39,78,0,78,117
12/16/2019,OLV,MS,ASO,CE,Federal Contract Tower,0,6,1,1,8,0,0,0,0,0,0,6,1,1,8,0,0,0,8
12/17/2019,OLV,MS,ASO,CE,Federal Contract Tower,0,6,1,1,8,0,2,16,0,18,0,8,17,1,26,36,0,36,62
12/18/2019,OLV,MS,ASO,CE,Federal Contract Tower,0,8,15,0,23,0,15,97,0,112,0,23,112,0,135,128,0,128,263
12/19/2019,OLV,MS,ASO,CE,Federal Contract Tower,0,18,12,0,30,0,6,99,0,105,0,24,111,0,135,110,0,110,245
12/20/2019,OLV,MS,ASO,CE,Federal Contract Tower,0,7,10,0,17,0,7,102,0,109,0,14,112,0,126,138,0,138,264
12/21/2019,OLV,MS,ASO,CE,Federal Contract Tower,0,8,8,0,16,0,4,52,0,56,0,12,60,0,72,82,0,82,154
12/22/2019,OLV,MS,ASO,CE,Federal Contract Tower,0,4,10,0,14,0,0,0,0,0,0,4,10,0,14,0,0,0,14
12/23/2019,OLV,MS,ASO,CE,Federal Contract Tower,0,9,13,0,22,0,1,87,0,88,0,10,100,0,110,84,0,84,194
12/24/2019,OLV,MS,ASO,CE,Federal Contract Tower,0,0,3,0,3,0,12,57,0,69,0,12,60,0,72,120,0,120,192
12/25/2019,OLV,MS,ASO,CE,Federal Contract Tower,0,3,2,0,5,0,0,11,0,11,0,3,13,0,16,18,0,18,34
12/26/2019,OLV,MS,ASO,CE,Federal Contract Tower,0,7,15,0,22,0,0,3,0,3,0,7,18,0,25,8,0,8,33
12/27/2019,OLV,MS,ASO,CE,Federal Contract Tower,0,15,7,0,22,0,8,51,0,59,0,23,58,0,81,72,0,72,153
12/28/2019,OLV,MS,ASO,CE,Federal Contract Tower,0,8,6,0,14,0,0,2,0,2,0,8,8,0,16,0,0,0,16
12/29/2019,OLV,MS,ASO,CE,Federal Contract Tower,0,5,1,0,6,0,0,0,0,0,0,5,1,0,6,0,0,0,6
12/30/2019,OLV,MS,ASO,CE,Federal Contract Tower,0,3,9,2,14,0,2,55,0,57,0,5,64,2,71,24,0,24,95
12/31/2019,OLV,MS,ASO,CE,Federal Contract Tower,0,6,4,0,10,0,4,65,0,69,0,10,69,0,79,56,0,56,135
01/01/2020,OLV,MS,ASO,CE,Federal Contract Tower,0,6,12,0,18,0,6,42,0,48,0,12,54,0,66,44,0,44,110
01/02/2020,OLV,MS,ASO,CE,Federal Contract Tower,0,3,8,0,11,0,0,0,0,0,0,3,8,0,11,0,0,0,11
01/03/2020,OLV,MS,ASO,CE,Federal Contract Tower,0,7,12,0,19,0,0,0,0,0,0,7,12,0,19,0,0,0,19
01/04/2020,OLV,MS,ASO,CE,Federal Contract Tower,0,12,6,0,18,0,5,43,2,50,0,17,49,2,68,42,0,42,110
01/05/2020,OLV,MS,ASO,CE,Federal Contract Tower,0,5,7,1,13,0,0,67,9,76,0,5,74,10,89,70,0,70,159
01/06/2020,OLV,MS,ASO,CE,Federal Contract Tower,0,9,31,1,41,0,8,123,0,131,0,17,154,1,172,146,0,146,318
01/07/2020,OLV,MS,ASO,CE,Federal Contract Tower,0,10,24,2,36,0,9,81,2,92,0,19,105,4,128,66,6,72,200
01/08/2020,OLV,MS,ASO,CE,Federal Contract Tower,0,14,27,0,41,0,3,129,0,132,0,17,156,0,173,146,0,146,319
01/09/2020,OLV,MS,ASO,CE,Federal Contract Tower,0,2,2,0,4,0,1,13,0,14,0,3,15,0,18,2,0,2,20
01/10/2020,OLV,MS,ASO,CE,Federal Contract Tower,0,9,0,0,9,0,0,4,0,4,0,9,4,0,13,0,0,0,13
01/11/2020,OLV,MS,ASO,CE,Federal Contract Tower,0,2,0,0,2,0,0,0,0,0,0,2,0,0,2,0,0,0,2
01/12/2020,OLV,MS,ASO,CE,Federal Contract Tower,0,12,1,0,13,0,2,20,0,22,0,14,21,0,35,44,0,44,79
01/13/2020,OLV,MS,ASO,CE,Federal Contract Tower,0,9,16,0,25,0,2,50,0,52,0,11,66,0,77,132,0,132,209
01/14/2020,OLV,MS,ASO,CE,Federal Contract Tower,0,15,24,0,39,0,0,45,0,45,0,15,69,0,84,50,0,50,134
01/15/2020,OLV,MS,ASO,CE,Federal Contract Tower,0,15,6,0,21,0,0,0,0,0,0,15,6,0,21,0,0,0,21
01/16/2020,OLV,MS,ASO,CE,Federal Contract Tower,0,14,14,0,28,0,3,69,0,72,0,17,83,0,100,110,0,110,210
01/17/2020,OLV,MS,ASO,CE,Federal Contract Tower,0,3,13,0,16,0,4,0,0,4,0,7,13,0,20,182,4,186,206
01/18/2020,OLV,MS,ASO,CE,Federal Contract Tower,0,3,7,4,14,0,2,9,1,12,0,5,16,5,26,8,0,8,34
01/19/2020,OLV,MS,ASO,CE,Federal Contract Tower,0,11,9,0,20,0,4,53,2,59,0,15,62,2,79,42,4,46,125
01/20/2020,OLV,MS,ASO,CE,Federal Contract Tower,0,8,18,2,28,0,3,101,0,104,0,11,119,2,132,150,0,150,282
01/21/2020,OLV,MS,ASO,CE,Federal Contract Tower,0,10,27,0,37,0,10,80,0,90,0,20,107,0,127,146,0,146,273
01/22/2020,OLV,MS,ASO,CE,Federal Contract Tower,0,13,11,0,24,0,0,105,0,105,0,13,116,0,129,152,0,152,281
01/23/2020,OLV,MS,ASO,CE,Federal Contract Tower,0,6,6,0,12,0,0,0,0,0,0,6,6,0,12,0,0,0,12
01/24/2020,OLV,MS,ASO,CE,Federal Contract Tower,0,10,4,0,14,0,3,13,0,16,0,13,17,0,30,16,0,16,46
01/25/2020,OLV,MS,ASO,CE,Federal Contract Tower,0,2,20,2,24,0,6,91,7,104,0,8,111,9,128,270,14,284,412
01/26/2020,OLV,MS,ASO,CE,Federal Contract Tower,0,8,10,0,18,0,0,23,0,23,0,8,33,0,41,102,0,102,143
01/27/2020,OLV,MS,ASO,CE,Federal Contract Tower,0,9,21,1,31,0,6,110,3,119,0,15,131,4,150,194,0,194,344
01/28/2020,OLV,MS,ASO,CE,Federal Contract Tower,0,25,38,0,63,0,6,110,0,116,0,31,148,0,179,128,0,128,307
01/29/2020,OLV,MS,ASO,CE,Federal Contract Tower,0,15,27,0,42,0,0,48,0,48,0,15,75,0,90,100,0,100,190
01/30/2020,OLV,MS,ASO,CE,Federal Contract Tower,0,18,5,0,23,0,0,4,0,4,0,18,9,0,27,4,0,4,31
01/31/2020,OLV,MS,ASO,CE,Federal Contract Tower,0,6,13,0,19,0,0,0,0,0,0,6,13,0,19,0,0,0,19
02/01/2020,OLV,MS,ASO,ES,Federal Contract Tower,0,6,22,1,29,0,4,76,1,81,0,10,98,2,110,82,0,82,192
02/02/2020,OLV,MS,ASO,ES,Federal Contract Tower,0,4,16,0,20,0,1,52,1,54,0,5,68,1,74,32,14,46,120
02/03/2020,OLV,MS,ASO,ES,Federal Contract Tower,0,10,10,0,20,0,2,27,0,29,0,12,37,0,49,34,0,34,83
02/04/2020,OLV,MS,ASO,ES,Federal Contract Tower,0,7,7,0,14,0,0,0,0,0,0,7,7,0,14,0,0,0,14
02/05/2020,OLV,MS,ASO,ES,Federal Contract Tower,0,8,0,0,8,0,0,0,0,0,0,8,0,0,8,0,0,0,8
02/06/2020,OLV,MS,ASO,ES,Federal Contract Tower,0,16,0,0,16,0,0,0,0,0,0,16,0,0,16,0,0,0,16
02/07/2020,OLV,MS,ASO,ES,Federal Contract Tower,0,11,14,0,25,0,3,133,0,136,0,14,147,0,161,174,0,174,335
02/08/2020,OLV,MS,ASO,ES,Federal Contract Tower,0,10,14,1,25,0,0,132,3,135,0,10,146,4,160,204,12,216,376
02/09/2020,OLV,MS,ASO,ES,Federal Contract Tower,0,12,8,1,21,0,2,37,0,39,0,14,45,1,60,0,0,0,60
02/10/2020,OLV,MS,ASO,ES,Federal Contract Tower,0,10,1,0,11,0,0,0,0,0,0,10,1,0,11,0,0,0,11
02/11/2020,OLV,MS,ASO,ES,Federal Contract Tower,0,12,23,0,35,0,0,31,0,31,0,12,54,0,66,54,0,54,120
02/12/2020,OLV,MS,ASO,ES,Federal Contract Tower,0,5,2,0,7,0,0,0,0,0,0,5,2,0,7,0,0,0,7
02/13/2020,OLV,MS,ASO,ES,Federal Contract Tower,0,10,21,3,34,0,7,74,0,81,0,17,95,3,115,148,0,148,263
02/14/2020,OLV,MS,ASO,ES,Federal Contract Tower,0,8,23,0,31,0,6,131,0,137,0,14,154,0,168,114,0,114,282
02/15/2020,OLV,MS,ASO,ES,Federal Contract Tower,0,4,14,0,18,0,7,106,0,113,0,11,120,0,131,116,0,116,247
02/16/2020,OLV,MS,ASO,ES,Federal Contract Tower,0,1,14,3,18,0,0,59,2,61,0,1,73,5,79,80,4,84,163
02/17/2020,OLV,MS,ASO,ES,Federal Contract Tower,0,7,48,1,56,0,0,6,0,6,0,7,54,1,62,4,0,4,66
02/18/2020,OLV,MS,ASO,ES,Federal Contract Tower,0,7,2,0,9,0,0,0,0,0,0,7,2,0,9,0,0,0,9
02/19/2020,OLV,MS,ASO,ES,Federal Contract Tower,0,7,20,0,27,0,5,85,0,90,0,12,105,0,117,142,0,142,259
02/20/2020,OLV,MS,ASO,ES,Federal Contract Tower,0,10,3,0,13,0,0,30,0,30,0,10,33,0,43,62,0,62,105
02/21/2020,OLV,MS,ASO,ES,Federal Contract Tower,0,17,25,0,42,0,2,128,0,130,0,19,153,0,172,176,0,176,348
02/22/2020,OLV,MS,ASO,ES,Federal Contract Tower,0,11,21,1,33,0,3,147,1,151,0,14,168,2,184,96,0,96,280
02/23/2020,OLV,MS,ASO,ES,Federal Contract Tower,0,7,21,0,28,0,0,49,4,53,0,7,70,4,81,46,2,48,129
02/24/2020,OLV,MS,ASO,ES,Federal Contract Tower,0,6,9,0,15,0,0,0,0,0,0,6,9,0,15,0,0,0,15
02/25/2020,OLV,MS,ASO,ES,Federal Contract Tower,0,11,37,0,48,0,6,55,14,75,0,17,92,14,123,134,0,134,257
02/26/2020,OLV,MS,ASO,ES,Federal Contract Tower,0,8,11,0,19,0,2,45,14,61,0,10,56,14,80,2,0,2,82
02/27/2020,OLV,MS,ASO,ES,Federal Contract Tower,0,15,24,0,39,0,1,122,0,123,0,16,146,0,162,138,0,138,300
02/28/2020,OLV,MS,ASO,ES,Federal Contract Tower,0,4,17,1,22,0,2,104,1,107,0,6,121,2,129,92,0,92,221
02/29/2020,OLV,MS,ASO,ES,Federal Contract Tower,0,3,19,0,22,0,3,122,0,125,0,6,141,0,147,188,0,188,335
03/01/2020,OLV,MS,ASO,ES,Federal Contract Tower,0,11,8,0,19,0,1,41,0,42,0,12,49,0,61,38,0,38,99
03/02/2020,OLV,MS,ASO,ES,Federal Contract Tower,0,6,18,0,24,0,2,19,0,21,0,8,37,0,45,12,0,12,57
03/03/2020,OLV,MS,ASO,ES,Federal Contract Tower,0,6,18,0,24,0,10,95,0,105,0,16,113,0,129,82,0,82,211
03/04/2020,OLV,MS,ASO,ES,Federal Contract Tower,0,10,25,0,35,0,4,75,0,79,0,14,100,0,114,148,0,148,262
03/05/2020,OLV,MS,ASO,ES,Federal Contract Tower,0,15,19,0,34,0,0,90,0,90,0,15,109,0,124,140,0,140,264
03/06/2020,OLV,MS,ASO,ES,Federal Contract Tower,0,9,6,0,15,0,2,59,0,61,0,11,65,0,76,74,0,74,150
03/08/2020,OLV,MS,ASO,ES,Federal Contract Tower,0,6,3,0,9,0,4,56,4,64,0,10,59,4,73,90,6,96,169
03/09/2020,OLV,MS,ASO,ES,Federal Contract Tower,0,9,7,0,16,0,0,16,0,16,0,9,23,0,32,14,0,14,46
03/10/2020,OLV,MS,ASO,ES,Federal Contract Tower,0,4,15,0,19,0,0,49,0,49,0,4,64,0,68,90,0,90,158
03/11/2020,OLV,MS,ASO,ES,Federal Contract Tower,0,6,6,0,12,0,0,11,0,11,0,6,17,0,23,2,0,2,25
03/12/2020,OLV,MS,ASO,ES,Federal Contract Tower,0,14,17,0,31,0,6,29,0,35,0,20,46,0,66,50,0,50,116
03/13/2020,OLV,MS,ASO,ES,Federal Contract Tower,0,11,12,0,23,0,0,44,0,44,0,11,56,0,67,74,0,74,141
03/14/2020,OLV,MS,ASO,ES,Federal Contract Tower,0,8,7,0,15,0,0,0,0,0,0,8,7,0,15,0,0,0,15
03/15/2020,OLV,MS,ASO,ES,Federal Contract Tower,0,4,21,0,25,0,1,2,0,3,0,5,23,0,28,18,0,18,46
03/16/2020,OLV,MS,ASO,ES,Federal Contract Tower,0,10,3,0,13,0,0,0,0,0,0,10,3,0,13,0,0,0,13
03/17/2020,OLV,MS,ASO,ES,Federal Contract Tower,0,14,15,0,29,0,0,34,0,34,0,14,49,0,63,104,0,104,167
03/18/2020,OLV,MS,ASO,ES,Federal Contract Tower,0,4,5,0,9,0,0,14,0,14,0,4,19,0,23,36,0,36,59
03/19/2020,OLV,MS,ASO,ES,Federal Contract Tower,0,4,2,0,6,0,5,20,4,29,0,9,22,4,35,24,6,30,65
03/20/2020,OLV,MS,ASO,ES,Federal Contract Tower,0,4,3,0,7,0,0,8,0,8,0,4,11,0,15,30,0,30,45
03/21/2020,OLV,MS,ASO,ES,Federal Contract Tower,0,6,12,0,18,0,7,74,3,84,0,13,86,3,102,174,0,174,276
03/22/2020,OLV,MS,ASO,ES,Federal Contract Tower,0,2,2,0,4,0,0,13,0,13,0,2,15,0,17,30,0,30,47
03/23/2020,OLV,MS,ASO,ES,Federal Contract Tower,0,7,14,0,21,0,3,59,0,62,0,10,73,0,83,102,0,102,185
03/24/2020,OLV,MS,ASO,ES,Federal Contract Tower,0,4,0,0,4,0,4,0,0,4,0,8,0,0,8,0,0,0,8
03/25/2020,OLV,MS,ASO,ES,Federal Contract Tower,0,2,7,0,9,0,0,26,0,26,0,2,33,0,35,46,0,46,81
03/26/2020,OLV,MS,ASO,ES,Federal Contract Tower,0,7,21,0,28,0,5,64,4,73,0,12,85,4,101,82,4,86,187
03/27/2020,OLV,MS,ASO,ES,Federal Contract Tower,0,2,6,0,8,0,0,53,0,53,0,2,59,0,61,80,0,80,141
03/28/2020,OLV,MS,ASO,ES,Federal Contract Tower,0,0,10,0,10,0,0,11,0,11,0,0,21,0,21,36,0,36,57
03/29/2020,OLV,MS,ASO,ES,Federal Contract Tower,0,0,11,0,11,0,1,78,4,83,0,1,89,4,94,144,10,154,248
03/30/2020,OLV,MS,ASO,ES,Federal Contract Tower,0,5,7,0,12,0,0,47,0,47,0,5,54,0,59,102,0,102,161
03/31/2020,OLV,MS,ASO,ES,Federal Contract Tower,0,2,3,0,5,0,0,10,0,10,0,2,13,0,15,12,0,12,27
04/01/2020,OLV,MS,ASO,ES,Federal Contract Tower,0,6,10,0,16,0,2,84,0,86,0,8,94,0,102,68,0,68,170
04/02/2020,OLV,MS,ASO,ES,Federal Contract Tower,0,3,1,0,4,0,7,63,0,70,0,10,64,0,74,64,0,64,138
04/03/2020,OLV,MS,ASO,ES,Federal Contract Tower,0,0,5,0,5,0,0,49,0,49,0,0,54,0,54,46,0,46,100
04/04/2020,OLV,MS,ASO,ES,Federal Contract Tower,0,0,4,0,4,0,0,40,0,40,0,0,44,0,44,48,0,48,92
04/05/2020,OLV,MS,ASO,ES,Federal Contract Tower,0,0,6,0,6,0,1,60,0,61,0,1,66,0,67,66,0,66,133
04/06/2020,OLV,MS,ASO,ES,Federal Contract Tower,0,0,7,0,7,0,0,36,0,36,0,0,43,0,43,46,0,46,89
04/07/2020,OLV,MS,ASO,ES,Federal Contract Tower,0,0,3,0,3,0,0,7,0,7,0,0,10,0,10,16,0,16,26
04/08/2020,OLV,MS,ASO,ES,Federal Contract Tower,0,0,12,0,12,0,0,30,0,30,0,0,42,0,42,36,0,36,78
04/09/2020,OLV,MS,ASO,ES,Federal Contract Tower,0,0,4,4,8,0,3,61,0,64,0,3,65,4,72,92,0,92,164
04/10/2020,OLV,MS,ASO,ES,Federal Contract Tower,0,0,11,0,11,0,2,85,0,87,0,2,96,0,98,88,0,88,186
04/11/2020,OLV,MS,ASO,ES,Federal Contract Tower,0,2,7,0,9,0,2,68,0,70,0,4,75,0,79,112,0,112,191
04/12/2020,OLV,MS,ASO,ES,Federal Contract Tower,0,1,0,0,1,0,0,0,0,0,0,1,0,0,1,0,0,0,1
04/13/2020,OLV,MS,ASO,ES,Federal Contract Tower,0,0,7,3,10,0,0,32,0,32,0,0,39,3,42,98,0,98,140
04/14/2020,OLV,MS,ASO,ES,Federal Contract Tower,0,0,4,0,4,0,0,43,0,43,0,0,47,0,47,76,0,76,123
04/15/2020,OLV,MS,ASO,ES,Federal Contract Tower,0,7,5,0,12,0,5,70,0,75,0,12,75,0,87,106,0,106,193
04/16/2020,OLV,MS,ASO,ES,Federal Contract Tower,0,3,3,0,6,0,8,68,0,76,0,11,71,0,82,102,0,102,184
04/17/2020,OLV,MS,ASO,ES,Federal Contract Tower,0,2,4,0,6,0,4,36,0,40,0,6,40,0,46,44,0,44,90
04/18/2020,OLV,MS,ASO,ES,Federal Contract Tower,0,3,9,0,12,0,6,72,0,78,0,9,81,0,90,104,0,104,194
04/19/2020,OLV,MS,ASO,ES,Federal Contract Tower,0,0,1,0,1,0,0,0,0,0,0,0,1,0,1,0,0,0,1
04/20/2020,OLV,MS,ASO,ES,Federal Contract Tower,0,4,27,0,31,0,1,98,0,99,0,5,125,0,130,152,0,152,282
04/21/2020,OLV,MS,ASO,ES,Federal Contract Tower,0,0,10,0,10,0,2,61,0,63,0,2,71,0,73,86,0,86,159
04/22/2020,OLV,MS,ASO,ES,Federal Contract Tower,0,5,10,0,15,0,4,28,0,32,0,9,38,0,47,58,0,58,105
04/23/2020,OLV,MS,ASO,ES,Federal Contract Tower,0,3,3,0,6,0,0,6,0,6,0,3,9,0,12,6,0,6,18
04/24/2020,OLV,MS,ASO,ES,Federal Contract Tower,0,2,17,0,19,0,0,84,0,84,0,2,101,0,103,142,0,142,245
04/25/2020,OLV,MS,ASO,ES,Federal Contract Tower,0,1,2,0,3,0,0,0,0,0,0,1,2,0,3,0,0,0,3
04/26/2020,OLV,MS,ASO,ES,Federal Contract Tower,0,2,7,0,9,0,0,55,2,57,0,2,62,2,66,78,0,78,144
04/27/2020,OLV,MS,ASO,ES,Federal Contract Tower,0,1,19,0,20,0,0,117,0,117,0,1,136,0,137,226,0,226,363
04/28/2020,OLV,MS,ASO,ES,Federal Contract Tower,0,20,11,2,33,0,2,44,0,46,0,22,55,2,79,72,0,72,151
04/29/2020,OLV,MS,ASO,ES,Federal Contract Tower,0,2,2,0,4,0,0,2,0,2,0,2,4,0,6,0,0,0,6
04/30/2020,OLV,MS,ASO,ES,Federal Contract Tower,0,14,8,0,22,0,1,64,0,65,0,15,72,0,87,54,0,54,141
05/01/2020,OLV,MS,ASO,ES,Federal Contract Tower,0,8,14,0,22,0,6,126,0,132,0,14,140,0,154,152,0,152,306
05/02/2020,OLV,MS,ASO,ES,Federal Contract Tower,0,3,12,0,15,0,6,76,2,84,0,9,88,2,99,56,0,56,155
05/03/2020,OLV,MS,ASO,ES,Federal Contract Tower,0,2,9,0,11,0,0,17,0,17,0,2,26,0,28,38,0,38,66
05/04/2020,OLV,MS,ASO,ES,Federal Contract Tower,0,3,12,0,15,0,4,81,0,85,0,7,93,0,100,150,0,150,250
05/05/2020,OLV,MS,ASO,ES,Federal Contract Tower,0,6,16,0,22,0,0,47,0,47,0,6,63,0,69,104,0,104,173
05/06/2020,OLV,MS,ASO,ES,Federal Contract Tower,0,8,13,0,21,0,9,65,0,74,0,17,78,0,95,174,0,174,269
05/07/2020,OLV,MS,ASO,ES,Federal Contract Tower,0,10,13,0,23,0,6,150,0,156,0,16,163,0,179,186,0,186,365
05/08/2020,OLV,MS,ASO,ES,Federal Contract Tower,0,4,2,0,6,0,0,5,0,5,0,4,7,0,11,6,0,6,17
05/09/2020,OLV,MS,ASO,ES,Federal Contract Tower,0,1,14,0,15,0,6,114,0,120,0,7,128,0,135,76,0,76,211
05/10/2020,OLV,MS,ASO,ES,Federal Contract Tower,0,3,5,0,8,0,6,62,0,68,0,9,67,0,76,58,0,58,134
05/11/2020,OLV,MS,ASO,ES,Federal Contract Tower,0,4,7,0,11,0,8,110,0,118,0,12,117,0,129,134,0,134,263
05/12/2020,OLV,MS,ASO,ES,Federal Contract Tower,0,5,8,0,13,0,2,33,0,35,0,7,41,0,48,82,0,82,130
05/13/2020,OLV,MS,ASO,ES,Federal Contract Tower,0,13,14,0,27,0,6,108,0,114,0,19,122,0,141,138,0,138,279
05/14/2020,OLV,MS,ASO,ES,Federal Contract Tower,0,2,7,0,9,0,2,100,0,102,0,4,107,0,111,118,0,118,229
05/15/2020,OLV,MS,ASO,ES,Federal Contract Tower,0,2,10,0,12,0,2,31,0,33,0,4,41,0,45,136,0,136,181
05/16/2020,OLV,MS,ASO,ES,Federal Contract Tower,0,3,1,0,4,0,2,32,0,34,0,5,33,0,38,32,0,32,70
05/17/2020,OLV,MS,ASO,ES,Federal Contract Tower,0,7,1,0,8,0,0,4,0,4,0,7,5,0,12,8,0,8,20
05/18/2020,OLV,MS,ASO,ES,Federal Contract Tower,0,5,24,4,33,0,0,96,0,96,0,5,120,4,129,172,0,172,301
05/19/2020,OLV,MS,ASO,ES,Federal Contract Tower,0,7,30,0,37,0,6,87,0,93,0,13,117,0,130,198,0,198,328
05/20/2020,OLV,MS,ASO,ES,Federal Contract Tower,0,8,13,0,21,0,6,78,2,86,0,14,91,2,107,106,8,114,221
05/21/2020,OLV,MS,ASO,ES,Federal Contract Tower,0,14,18,0,32,0,1,107,0,108,0,15,125,0,140,122,0,122,262
05/22/2020,OLV,MS,ASO,ES,Federal Contract Tower,0,7,18,0,25,0,0,37,0,37,0,7,55,0,62,40,0,40,102
05/23/2020,OLV,MS,ASO,ES,Federal Contract Tower,0,0,11,0,11,0,6,66,0,72,0,6,77,0,83,68,0,68,151
05/24/2020,OLV,MS,ASO,ES,Federal Contract Tower,0,2,13,0,15,0,8,60,0,68,0,10,73,0,83,108,0,108,191
05/25/2020,OLV,MS,ASO,ES,Federal Contract Tower,0,9,10,0,19,0,1,99,0,100,0,10,109,0,119,96,0,96,215
05/26/2020,OLV,MS,ASO,ES,Federal Contract Tower,0,11,16,0,27,0,2,48,0,50,0,13,64,0,77,16,0,16,93
05/27/2020,OLV,MS,ASO,ES,Federal Contract Tower,0,14,4,0,18,0,0,54,0,54,0,14,58,0,72,82,0,82,154
05/28/2020,OLV,MS,ASO,ES,Federal Contract Tower,0,14,17,0,31,0,2,56,0,58,0,16,73,0,89,94,0,94,183
05/29/2020,OLV,MS,ASO,ES,Federal Contract Tower,0,6,18,0,24,0,1,55,0,56,0,7,73,0,80,96,0,96,176
05/30/2020,OLV,MS,ASO,ES,Federal Contract Tower,0,4,8,0,12,0,4,104,0,108,0,8,112,0,120,114,0,114,234
05/31/2020,OLV,MS,ASO,ES,Federal Contract Tower,0,4,6,0,10,0,2,73,0,75,0,6,79,0,85,46,0,46,131
06/01/2020,OLV,MS,ASO,ES,Federal Contract Tower,0,11,40,0,51,0,4,133,0,137,0,15,173,0,188,190,0,190,378
06/02/2020,OLV,MS,ASO,ES,Federal Contract Tower,0,6,30,0,36,0,0,127,0,127,0,6,157,0,163,122,0,122,285
06/03/2020,OLV,MS,ASO,ES,Federal Contract Tower,0,9,21,0,30,0,8,80,0,88,0,17,101,0,118,124,0,124,242
06/04/2020,OLV,MS,ASO,ES,Federal Contract Tower,0,8,9,0,17,0,2,27,0,29,0,10,36,0,46,74,0,74,120
06/05/2020,OLV,MS,ASO,ES,Federal Contract Tower,0,8,12,0,20,0,1,70,0,71,0,9,82,0,91,60,0,60,151
06/06/2020,OLV,MS,ASO,ES,Federal Contract Tower,0,8,22,0,30,0,2,100,0,102,0,10,122,0,132,166,0,166,298
06/07/2020,OLV,MS,ASO,ES,Federal Contract Tower,0,7,20,0,27,0,0,80,0,80,0,7,100,0,107,228,0,228,335
06/08/2020,OLV,MS,ASO,ES,Federal Contract Tower,0,5,0,0,5,0,0,11,0,11,0,5,11,0,16,10,0,10,26
06/09/2020,OLV,MS,ASO,ES,Federal Contract Tower,0,9,8,0,17,0,0,16,0,16,0,9,24,0,33,0,0,0,33
06/10/2020,OLV,MS,ASO,ES,Federal Contract Tower,0,12,5,0,17,0,2,8,0,10,0,14,13,0,27,8,0,8,35
06/11/2020,OLV,MS,ASO,ES,Federal Contract Tower,0,11,11,0,22,0,2,150,2,154,0,13,161,2,176,206,10,216,392
06/12/2020,OLV,MS,ASO,ES,Federal Contract Tower,0,6,7,0,13,0,0,108,0,108,0,6,115,0,121,172,0,172,293
06/13/2020,OLV,MS,ASO,ES,Federal Contract Tower,0,2,24,0,26,0,0,113,0,113,0,2,137,0,139,126,0,126,265
06/14/2020,OLV,MS,ASO,ES,Federal Contract Tower,0,11,19,0,30,0,9,74,0,83,0,20,93,0,113,106,0,106,219
06/15/2020,OLV,MS,ASO,ES,Federal Contract Tower,0,1,10,0,11,0,12,83,0,95,0,13,93,0,106,186,0,186,292
06/16/2020,OLV,MS,ASO,ES,Federal Contract Tower,0,7,29,0,36,0,2,121,0,123,0,9,150,0,159,124,0,124,283
06/17/2020,OLV,MS,ASO,ES,Federal Contract Tower,0,17,28,0,45,0,2,111,4,117,0,19,139,4,162,164,0,164,326
06/18/2020,OLV,MS,ASO,ES,Federal Contract Tower,0,5,13,0,18,0,2,117,0,119,0,7,130,0,137,186,0,186,323
06/19/2020,OLV,MS,ASO,ES,Federal Contract Tower,0,5,9,0,14,0,0,122,0,122,0,5,131,0,136,136,0,136,272
06/20/2020,OLV,MS,ASO,ES,Federal Contract Tower,0,10,3,0,13,0,3,60,0,63,0,13,63,0,76,76,0,76,152
06/21/2020,OLV,MS,ASO,ES,Federal Contract Tower,0,7,20,0,27,0,0,34,0,34,0,7,54,0,61,32,0,32,93
06/22/2020,OLV,MS,ASO,ES,Federal Contract Tower,0,8,4,0,12,0,0,15,0,15,0,8,19,0,27,28,0,28,55
06/23/2020,OLV,MS,ASO,ES,Federal Contract Tower,0,0,5,0,5,0,0,44,0,44,0,0,49,0,49,128,0,128,177
06/24/2020,OLV,MS,ASO,ES,Federal Contract Tower,0,14,17,0,31,0,1,48,0,49,0,15,65,0,80,122,0,122,202
06/25/2020,OLV,MS,ASO,ES,Federal Contract Tower,0,10,18,0,28,0,3,134,0,137,0,13,152,0,165,248,0,248,413
06/26/2020,OLV,MS,ASO,ES,Federal Contract Tower,0,14,16,0,30,0,4,23,0,27,0,18,39,0,57,56,0,56,113
06/27/2020,OLV,MS,ASO,ES,Federal Contract Tower,0,2,17,0,19,0,0,34,0,34,0,2,51,0,53,30,0,30,83
06/28/2020,OLV,MS,ASO,ES,Federal Contract Tower,0,4,16,0,20,0,7,60,0,67,0,11,76,0,87,100,0,100,187
06/29/2020,OLV,MS,ASO,ES,Federal Contract Tower,0,2,19,0,21,0,0,111,0,111,0,2,130,0,132,248,0,248,380
06/30/2020,OLV,MS,ASO,ES,Federal Contract Tower,0,13,13,0,26,0,3,81,2,86,0,16,94,2,112,124,0,124,236
07/01/2020,OLV,MS,ASO,ES,Federal Contract Tower,0,8,8,0,16,0,2,19,0,21,0,10,27,0,37,44,0,44,81
07/02/2020,OLV,MS,ASO,ES,Federal Contract Tower,0,9,15,0,24,0,0,88,0,88,0,9,103,0,112,124,0,124,236
07/03/2020,OLV,MS,ASO,ES,Federal Contract Tower,0,1,10,0,11,0,0,66,0,66,0,1,76,0,77,116,0,116,193
07/04/2020,OLV,MS,ASO,ES,Federal Contract Tower,0,4,1,0,5,0,2,44,0,46,0,6,45,0,51,58,0,58,109
07/05/2020,OLV,MS,ASO,ES,Federal Contract Tower,0,2,13,0,15,0,0,37,0,37,0,2,50,0,52,84,0,84,136
07/06/2020,OLV,MS,ASO,ES,Federal Contract Tower,0,4,18,0,22,0,2,111,0,113,0,6,129,0,135,186,0,186,321
07/07/2020,OLV,MS,ASO,ES,Federal Contract Tower,0,6,20,0,26,0,3,93,0,96,0,9,113,0,122,140,0,140,262
07/08/2020,OLV,MS,ASO,ES,Federal Contract Tower,0,10,30,0,40,0,3,79,0,82,0,13,109,0,122,162,0,162,284
07/09/2020,OLV,MS,ASO,ES,Federal Contract Tower,0,12,19,0,31,0,0,39,0,39,0,12,58,0,70,74,0,74,144
07/10/2020,OLV,MS,ASO,ES,Federal Contract Tower,0,4,18,0,22,0,0,94,0,94,0,4,112,0,116,126,0,126,242
07/11/2020,OLV,MS,ASO,ES,Federal Contract Tower,0,7,16,0,23,0,4,72,0,76,0,11,88,0,99,176,0,176,275
07/12/2020,OLV,MS,ASO,ES,Federal Contract Tower,0,3,3,0,6,0,2,41,0,43,0,5,44,0,49,78,0,78,127
07/13/2020,OLV,MS,ASO,ES,Federal Contract Tower,0,7,12,0,19,0,0,81,0,81,0,7,93,0,100,180,0,180,280
07/14/2020,OLV,MS,ASO,ES,Federal Contract Tower,0,15,16,0,31,0,2,93,0,95,0,17,109,0,126,204,0,204,330
07/15/2020,OLV,MS,ASO,ES,Federal Contract Tower,0,8,13,0,21,0,1,95,11,107,0,9,108,11,128,164,0,164,292
07/16/2020,OLV,MS,ASO,ES,Federal Contract Tower,0,3,11,0,14,0,4,90,0,94,0,7,101,0,108,142,0,142,250
07/17/2020,OLV,MS,ASO,ES,Federal Contract Tower,0,11,8,0,19,0,2,131,0,133,0,13,139,0,152,204,0,204,356
07/18/2020,OLV,MS,ASO,ES,Federal Contract Tower,0,6,10,0,16,0,7,78,0,85,0,13,88,0,101,104,0,104,205
07/19/2020,OLV,MS,ASO,ES,Federal Contract Tower,0,5,4,0,9,0,0,43,0,43,0,5,47,0,52,44,0,44,96
07/20/2020,OLV,MS,ASO,ES,Federal Contract Tower,0,8,13,0,21,0,4,86,0,90,0,12,99,0,111,158,0,158,269
07/21/2020,OLV,MS,ASO,ES,Federal Contract Tower,0,11,12,0,23,0,6,51,0,57,0,17,63,0,80,80,0,80,160
07/22/2020,OLV,MS,ASO,ES,Federal Contract Tower,0,12,11,0,23,0,1,55,0,56,0,13,66,0,79,194,0,194,273
07/23/2020,OLV,MS,ASO,ES,Federal Contract Tower,0,7,10,0,17,0,2,67,0,69,0,9,77,0,86,170,0,170,256
07/24/2020,OLV,MS,ASO,ES,Federal Contract Tower,0,5,14,0,19,0,0,127,0,127,0,5,141,0,146,270,0,270,416
07/25/2020,OLV,MS,ASO,ES,Federal Contract Tower,0,0,6,0,6,0,1,101,0,102,0,1,107,0,108,90,0,90,198
07/26/2020,OLV,MS,ASO,ES,Federal Contract Tower,0,7,9,0,16,0,1,72,0,73,0,8,81,0,89,100,0,100,189
07/27/2020,OLV,MS,ASO,ES,Federal Contract Tower,0,19,6,0,25,0,0,106,0,106,0,19,112,0,131,180,0,180,311
07/28/2020,OLV,MS,ASO,ES,Federal Contract Tower,0,14,10,0,24,0,0,85,0,85,0,14,95,0,109,184,0,184,293
07/29/2020,OLV,MS,ASO,ES,Federal Contract Tower,0,7,14,0,21,0,0,58,0,58,0,7,72,0,79,66,0,66,145
07/30/2020,OLV,MS,ASO,ES,Federal Contract Tower,0,3,9,0,12,0,2,10,0,12,0,5,19,0,24,48,0,48,72
07/31/2020,OLV,MS,ASO,ES,Federal Contract Tower,0,9,7,0,16,0,1,20,0,21,0,10,27,0,37,42,0,42,79
08/01/2020,OLV,MS,ASO,ES,Federal Contract Tower,0,3,17,2,22,0,4,13,0,17,0,7,30,2,39,14,0,14,53
08/02/2020,OLV,MS,ASO,ES,Federal Contract Tower,0,26,4,0,30,0,11,44,0,55,0,37,48,0,85,62,0,62,147
08/03/2020,OLV,MS,ASO,ES,Federal Contract Tower,0,5,7,0,12,0,2,81,2,85,0,7,88,2,97,88,0,88,185
08/04/2020,OLV,MS,ASO,ES,Federal Contract Tower,0,5,26,0,31,0,4,75,0,79,0,9,101,0,110,84,0,84,194
08/05/2020,OLV,MS,ASO,ES,Federal Contract Tower,0,11,20,0,31,0,7,106,0,113,0,18,126,0,144,104,0,104,248
08/06/2020,OLV,MS,ASO,ES,Federal Contract Tower,0,20,22,0,42,0,4,124,0,128,0,24,146,0,170,118,0,118,288
08/07/2020,OLV,MS,ASO,ES,Federal Contract Tower,0,8,16,0,24,0,2,120,0,122,0,10,136,0,146,128,0,128,274
08/08/2020,OLV,MS,ASO,ES,Federal Contract Tower,0,9,12,0,21,0,3,69,0,72,0,12,81,0,93,62,0,62,155
08/09/2020,OLV,MS,ASO,ES,Federal Contract Tower,0,5,11,0,16,0,4,65,0,69,0,9,76,0,85,50,0,50,135
08/10/2020,OLV,MS,ASO,ES,Federal Contract Tower,0,11,6,0,17,0,6,112,0,118,0,17,118,0,135,130,0,130,265
08/11/2020,OLV,MS,ASO,ES,Federal Contract Tower,0,9,17,0,26,0,1,65,0,66,0,10,82,0,92,108,0,108,200
08/12/2020,OLV,MS,ASO,ES,Federal Contract Tower,0,13,12,0,25,0,0,61,0,61,0,13,73,0,86,92,0,92,178
08/13/2020,OLV,MS,ASO,ES,Federal Contract Tower,0,11,11,0,22,0,0,44,0,44,0,11,55,0,66,50,0,50,116
08/14/2020,OLV,MS,ASO,ES,Federal Contract Tower,0,6,10,0,16,0,0,22,0,22,0,6,32,0,38,24,0,24,62
08/15/2020,OLV,MS,ASO,ES,Federal Contract Tower,0,8,18,0,26,0,0,102,0,102,0,8,120,0,128,178,0,178,306
08/16/2020,OLV,MS,ASO,ES,Federal Contract Tower,0,8,14,0,22,0,5,54,0,59,0,13,68,0,81,98,0,98,179
08/17/2020,OLV,MS,ASO,ES,Federal Contract Tower,0,3,20,0,23,0,0,105,0,105,0,3,125,0,128,120,0,120,248
08/18/2020,OLV,MS,ASO,ES,Federal Contract Tower,0,10,16,0,26,0,4,71,0,75,0,14,87,0,101,118,0,118,219
08/19/2020,OLV,MS,ASO,ES,Federal Contract Tower,0,3,40,0,43,0,0,49,0,49,0,3,89,0,92,122,0,122,214
08/20/2020,OLV,MS,ASO,ES,Federal Contract Tower,0,5,29,0,34,0,0,98,0,98,0,5,127,0,132,160,0,160,292
08/21/2020,OLV,MS,ASO,ES,Federal Contract Tower,0,6,10,0,16,0,1,42,0,43,0,7,52,0,59,58,0,58,117
08/22/2020,OLV,MS,ASO,ES,Federal Contract Tower,0,5,7,0,12,0,4,96,0,100,0,9,103,0,112,124,0,124,236
08/23/2020,OLV,MS,ASO,ES,Federal Contract Tower,0,3,21,0,24,0,4,90,0,94,0,7,111,0,118,132,0,132,250
08/24/2020,OLV,MS,ASO,ES,Federal Contract Tower,0,5,18,0,23,0,0,78,0,78,0,5,96,0,101,166,0,166,267
08/25/2020,OLV,MS,ASO,ES,Federal Contract Tower,0,12,15,0,27,0,2,85,0,87,0,14,100,0,114,122,0,122,236
08/26/2020,OLV,MS,ASO,ES,Federal Contract Tower,0,14,38,2,54,0,2,41,0,43,0,16,79,2,97,48,0,48,145
08/27/2020,OLV,MS,ASO,ES,Federal Contract Tower,0,7,13,0,20,0,0,29,0,29,0,7,42,0,49,84,0,84,133
08/28/2020,OLV,MS,ASO,ES,Federal Contract Tower,0,0,0,0,0,0,0,0,0,0,0,0,0,0,0,0,0,0,0
08/29/2020,OLV,MS,ASO,ES,Federal Contract Tower,0,1,19,0,20,0,2,28,0,30,0,3,47,0,50,66,0,66,116
08/30/2020,OLV,MS,ASO,ES,Federal Contract Tower,0,2,17,0,19,0,0,40,0,40,0,2,57,0,59,58,0,58,117
08/31/2020,OLV,MS,ASO,ES,Federal Contract Tower,0,3,23,0,26,0,0,57,0,57,0,3,80,0,83,102,0,102,185
09/01/2020,OLV,MS,ASO,ES,Federal Contract Tower,0,10,24,0,34,0,7,57,0,64,0,17,81,0,98,90,0,90,188
09/02/2020,OLV,MS,ASO,ES,Federal Contract Tower,0,12,17,0,29,0,0,18,0,18,0,12,35,0,47,88,0,88,135
09/03/2020,OLV,MS,ASO,ES,Federal Contract Tower,0,12,20,0,32,0,4,55,0,59,0,16,75,0,91,118,0,118,209
09/04/2020,OLV,MS,ASO,ES,Federal Contract Tower,0,15,39,0,54,0,2,60,0,62,0,17,99,0,116,84,0,84,200
09/05/2020,OLV,MS,ASO,ES,Federal Contract Tower,0,4,4,0,8,0,0,75,1,76,0,4,79,1,84,104,0,104,188
09/06/2020,OLV,MS,ASO,ES,Federal Contract Tower,0,4,7,0,11,0,1,70,0,71,0,5,77,0,82,56,0,56,138
09/07/2020,OLV,MS,ASO,ES,Federal Contract Tower,0,7,22,0,29,0,0,80,0,80,0,7,102,0,109,86,0,86,195
09/08/2020,OLV,MS,ASO,ES,Federal Contract Tower,0,10,18,0,28,0,0,94,0,94,0,10,112,0,122,138,0,138,260
09/09/2020,OLV,MS,ASO,ES,Federal Contract Tower,0,4,12,0,16,0,1,106,0,107,0,5,118,0,123,182,0,182,305
09/10/2020,OLV,MS,ASO,ES,Federal Contract Tower,0,13,12,0,25,0,2,101,0,103,0,15,113,0,128,120,0,120,248
09/11/2020,OLV,MS,ASO,ES,Federal Contract Tower,0,7,9,0,16,0,131,0,0,131,0,138,9,0,147,188,0,188,335
09/12/2020,OLV,MS,ASO,ES,Federal Contract Tower,0,5,9,0,14,0,0,26,0,26,0,5,35,0,40,36,0,36,76
09/13/2020,OLV,MS,ASO,ES,Federal Contract Tower,0,2,7,0,9,0,0,33,0,33,0,2,40,0,42,70,0,70,112
09/14/2020,OLV,MS,ASO,ES,Federal Contract Tower,0,6,19,0,25,0,2,31,0,33,0,8,50,0,58,76,0,76,134
09/15/2020,OLV,MS,ASO,ES,Federal Contract Tower,0,15,31,0,46,0,2,100,0,102,0,17,131,0,148,180,0,180,328
09/16/2020,OLV,MS,ASO,ES,Federal Contract Tower,0,13,27,0,40,0,5,105,0,110,0,18,132,0,150,130,0,130,280
09/17/2020,OLV,MS,ASO,ES,Federal Contract Tower,0,3,18,0,21,0,1,70,0,71,0,4,88,0,92,132,0,132,224
09/18/2020,OLV,MS,ASO,ES,Federal Contract Tower,0,12,24,0,36,0,1,77,0,78,0,13,101,0,114,128,0,128,242
09/19/2020,OLV,MS,ASO,ES,Federal Contract Tower,0,4,18,0,22,0,3,101,0,104,0,7,119,0,126,170,0,170,296
09/20/2020,OLV,MS,ASO,ES,Federal Contract Tower,0,11,10,0,21,0,6,92,0,98,0,17,102,0,119,152,0,152,271
09/21/2020,OLV,MS,ASO,ES,Federal Contract Tower,0,13,18,0,31,0,6,107,0,113,0,19,125,0,144,146,0,146,290
09/22/2020,OLV,MS,ASO,ES,Federal Contract Tower,0,14,16,0,30,0,4,90,0,94,0,18,106,0,124,106,0,106,230
09/23/2020,OLV,MS,ASO,ES,Federal Contract Tower,0,12,9,0,21,0,0,3,0,3,0,12,12,0,24,6,0,6,30
09/24/2020,OLV,MS,ASO,ES,Federal Contract Tower,0,14,12,0,26,0,0,1,0,1,0,14,13,0,27,0,0,0,27
09/25/2020,OLV,MS,ASO,ES,Federal Contract Tower,0,12,28,2,42,0,2,36,0,38,0,14,64,2,80,76,0,76,156
09/26/2020,OLV,MS,ASO,ES,Federal Contract Tower,0,4,13,0,17,0,0,46,0,46,0,4,59,0,63,58,0,58,121
09/27/2020,OLV,MS,ASO,ES,Federal Contract Tower,0,11,15,0,26,0,0,95,0,95,0,11,110,0,121,180,0,180,301
09/28/2020,OLV,MS,ASO,ES,Federal Contract Tower,0,12,16,0,28,0,3,42,0,45,0,15,58,0,73,70,0,70,143
09/29/2020,OLV,MS,ASO,ES,Federal Contract Tower,0,3,22,0,25,0,4,164,0,168,0,7,186,0,193,138,0,138,331
09/30/2020,OLV,MS,ASO,ES,Federal Contract Tower,0,11,22,0,33,0,4,119,0,123,0,15,141,0,156,218,0,218,374
10/01/2020,OLV,MS,ASO,ES,Federal Contract Tower,0,12,33,0,45,0,9,112,0,121,0,21,145,0,166,136,0,136,302
10/02/2020,OLV,MS,ASO,ES,Federal Contract Tower,0,10,35,0,45,0,7,117,2,126,0,17,152,2,171,158,2,160,331
10/03/2020,OLV,MS,ASO,ES,Federal Contract Tower,0,8,14,0,22,0,1,92,2,95,0,9,106,2,117,70,4,74,191
10/04/2020,OLV,MS,ASO,ES,Federal Contract Tower,0,10,25,0,35,0,0,98,0,98,0,10,123,0,133,154,0,154,287
10/05/2020,OLV,MS,ASO,ES,Federal Contract Tower,0,9,28,0,37,0,0,127,2,129,0,9,155,2,166,182,4,186,352
10/06/2020,OLV,MS,ASO,ES,Federal Contract Tower,0,9,26,1,36,0,4,119,3,126,0,13,145,4,162,206,12,218,380
10/07/2020,OLV,MS,ASO,ES,Federal Contract Tower,0,15,40,3,58,0,1,137,0,138,0,16,177,3,196,240,0,240,436
10/08/2020,OLV,MS,ASO,ES,Federal Contract Tower,0,11,19,0,30,0,2,84,0,86,0,13,103,0,116,80,0,80,196
10/09/2020,OLV,MS,ASO,ES,Federal Contract Tower,0,5,15,0,20,0,0,64,0,64,0,5,79,0,84,72,0,72,156
10/10/2020,OLV,MS,ASO,ES,Federal Contract Tower,0,1,2,0,3,0,0,0,0,0,0,1,2,0,3,0,0,0,3
10/11/2020,OLV,MS,ASO,ES,Federal Contract Tower,0,20,14,0,34,0,2,9,0,11,0,22,23,0,45,16,0,16,61
10/12/2020,OLV,MS,ASO,ES,Federal Contract Tower,0,8,32,1,41,0,3,55,0,58,0,11,87,1,99,80,0,80,179
10/13/2020,OLV,MS,ASO,ES,Federal Contract Tower,0,11,24,1,36,0,0,116,1,117,0,11,140,2,153,130,0,130,283
10/14/2020,OLV,MS,ASO,ES,Federal Contract Tower,0,12,21,0,33,0,4,99,0,103,0,16,120,0,136,104,0,104,240
10/15/2020,OLV,MS,ASO,ES,Federal Contract Tower,0,6,32,0,38,0,0,64,0,64,0,6,96,0,102,134,0,134,236
10/16/2020,OLV,MS,ASO,ES,Federal Contract Tower,0,11,23,0,34,0,2,115,0,117,0,13,138,0,151,167,0,167,318
10/17/2020,OLV,MS,ASO,ES,Federal Contract Tower,0,4,17,0,21,0,3,73,2,78,0,7,90,2,99,56,0,56,155
10/18/2020,OLV,MS,ASO,ES,Federal Contract Tower,0,6,17,0,23,0,1,68,0,69,0,7,85,0,92,56,0,56,148
10/19/2020,OLV,MS,ASO,ES,Federal Contract Tower,0,1,0,0,1,0,1,2,0,3,0,2,2,0,4,30,0,30,34
10/20/2020,OLV,MS,ASO,ES,Federal Contract Tower,0,0,0,0,0,0,2,0,0,2,0,2,0,0,2,0,0,0,2
10/21/2020,OLV,MS,ASO,ES,Federal Contract Tower,0,0,0,0,0,0,6,0,0,6,0,6,0,0,6,10,0,10,16
10/22/2020,OLV,MS,ASO,ES,Federal Contract Tower,0,0,0,0,0,0,10,0,0,10,0,10,0,0,10,0,0,0,10
10/23/2020,OLV,MS,ASO,ES,Federal Contract Tower,0,0,0,0,0,0,2,0,0,2,0,2,0,0,2,20,0,20,22
10/24/2020,OLV,MS,ASO,ES,Federal Contract Tower,0,0,0,0,0,0,0,0,0,0,0,0,0,0,0,0,0,0,0
10/25/2020,OLV,MS,ASO,ES,Federal Contract Tower,0,1,0,0,1,0,0,0,0,0,0,1,0,0,1,0,0,0,1
10/26/2020,OLV,MS,ASO,ES,Federal Contract Tower,0,0,0,0,0,0,0,0,0,0,0,0,0,0,0,0,0,0,0
10/27/2020,OLV,MS,ASO,ES,Federal Contract Tower,0,0,0,0,0,0,0,5,0,5,0,0,5,0,5,0,0,0,5
10/28/2020,OLV,MS,ASO,ES,Federal Contract Tower,0,0,0,0,0,0,0,0,0,0,0,0,0,0,0,0,0,0,0
10/29/2020,OLV,MS,ASO,ES,Federal Contract Tower,0,0,0,0,0,0,0,0,0,0,0,0,0,0,0,0,0,0,0
10/30/2020,OLV,MS,ASO,ES,Federal Contract Tower,0,0,0,0,0,0,0,1,0,1,0,0,1,0,1,0,0,0,1
10/31/2020,OLV,MS,ASO,ES,Federal Contract Tower,0,0,0,0,0,0,0,1,0,1,0,0,1,0,1,0,0,0,1
11/01/2020,OLV,MS,ASO,ES,Federal Contract Tower,0,0,0,0,0,0,2,3,0,5,0,2,3,0,5,0,0,0,5
11/02/2020,OLV,MS,ASO,ES,Federal Contract Tower,0,7,18,0,25,0,6,76,0,82,0,13,94,0,107,148,0,148,255
11/03/2020,OLV,MS,ASO,ES,Federal Contract Tower,0,9,18,0,27,0,3,100,0,103,0,12,118,0,130,166,0,166,296
11/04/2020,OLV,MS,ASO,ES,Federal Contract Tower,0,7,19,0,26,0,11,115,0,126,0,18,134,0,152,252,0,252,404
11/05/2020,OLV,MS,ASO,ES,Federal Contract Tower,0,14,15,0,29,0,2,80,0,82,0,16,95,0,111,236,0,236,347
11/06/2020,OLV,MS,ASO,ES,Federal Contract Tower,0,1,21,4,26,0,7,124,0,131,0,8,145,4,157,292,0,292,449
11/07/2020,OLV,MS,ASO,ES,Federal Contract Tower,0,7,21,0,28,0,2,82,0,84,0,9,103,0,112,152,0,152,264
11/08/2020,OLV,MS,ASO,ES,Federal Contract Tower,0,6,14,0,20,0,0,85,0,85,0,6,99,0,105,122,0,122,227
11/09/2020,OLV,MS,ASO,ES,Federal Contract Tower,0,2,23,0,25,0,2,35,0,37,0,4,58,0,62,128,0,128,190
11/10/2020,OLV,MS,ASO,ES,Federal Contract Tower,0,12,18,0,30,0,0,40,0,40,0,12,58,0,70,166,0,166,236
11/11/2020,OLV,MS,ASO,ES,Federal Contract Tower,0,3,17,0,20,0,11,119,0,130,0,14,136,0,150,184,0,184,334
11/12/2020,OLV,MS,ASO,ES,Federal Contract Tower,0,11,33,0,44,0,9,106,2,117,0,20,139,2,161,150,10,160,321
11/13/2020,OLV,MS,ASO,ES,Federal Contract Tower,0,8,25,0,33,0,6,142,0,148,0,14,167,0,181,300,0,300,481
11/14/2020,OLV,MS,ASO,ES,Federal Contract Tower,0,11,2,0,13,0,2,76,0,78,0,13,78,0,91,108,0,108,199
11/15/2020,OLV,MS,ASO,ES,Federal Contract Tower,0,6,3,0,9,0,7,8,0,15,0,13,11,0,24,0,0,0,24
11/16/2020,OLV,MS,ASO,ES,Federal Contract Tower,0,5,11,0,16,0,3,134,0,137,0,8,145,0,153,280,0,280,433
11/17/2020,OLV,MS,ASO,ES,Federal Contract Tower,0,21,27,0,48,0,5,105,0,110,0,26,132,0,158,244,0,244,402
11/18/2020,OLV,MS,ASO,ES,Federal Contract Tower,0,3,19,0,22,0,1,119,0,120,0,4,138,0,142,240,0,240,382
11/19/2020,OLV,MS,ASO,ES,Federal Contract Tower,0,18,24,0,42,0,8,79,0,87,0,26,103,0,129,98,0,98,227
11/20/2020,OLV,MS,ASO,ES,Federal Contract Tower,0,8,57,0,65,0,8,103,0,111,0,16,160,0,176,116,0,116,292
11/21/2020,OLV,MS,ASO,ES,Federal Contract Tower,0,11,20,0,31,0,3,83,2,88,0,14,103,2,119,290,4,294,413
11/22/2020,OLV,MS,ASO,ES,Federal Contract Tower,0,4,12,0,16,0,0,3,0,3,0,4,15,0,19,0,0,0,19
11/23/2020,OLV,MS,ASO,ES,Federal Contract Tower,0,10,21,0,31,0,2,112,2,116,0,12,133,2,147,150,6,156,303
11/24/2020,OLV,MS,ASO,ES,Federal Contract Tower,0,10,23,0,33,0,6,107,0,113,0,16,130,0,146,180,0,180,326
11/25/2020,OLV,MS,ASO,ES,Federal Contract Tower,0,3,3,0,6,0,2,17,0,19,0,5,20,0,25,34,0,34,59
11/26/2020,OLV,MS,ASO,ES,Federal Contract Tower,0,1,3,0,4,0,2,48,0,50,0,3,51,0,54,108,0,108,162
11/27/2020,OLV,MS,ASO,ES,Federal Contract Tower,0,11,24,0,35,0,0,62,0,62,0,11,86,0,97,128,0,128,225
11/28/2020,OLV,MS,ASO,ES,Federal Contract Tower,0,5,12,0,17,0,0,90,0,90,0,5,102,0,107,138,0,138,245
11/29/2020,OLV,MS,ASO,ES,Federal Contract Tower,0,9,4,0,13,0,0,7,0,7,0,9,11,0,20,16,0,16,36
11/30/2020,OLV,MS,ASO,ES,Federal Contract Tower,0,7,4,0,11,0,5,11,0,16,0,12,15,0,27,4,0,4,31
12/01/2020,OLV,MS,ASO,ES,Federal Contract Tower,0,11,39,0,50,0,1,125,2,128,0,12,164,2,178,168,0,168,346
12/02/2020,OLV,MS,ASO,ES,Federal Contract Tower,0,8,43,1,52,0,0,94,2,96,0,8,137,3,148,204,10,214,362
12/03/2020,OLV,MS,ASO,ES,Federal Contract Tower,0,3,6,0,9,0,0,0,0,0,0,3,6,0,9,0,0,0,9
12/04/2020,OLV,MS,ASO,ES,Federal Contract Tower,0,7,10,0,17,0,0,51,0,51,0,7,61,0,68,92,0,92,160
12/05/2020,OLV,MS,ASO,ES,Federal Contract Tower,0,6,27,2,35,0,6,137,6,149,0,12,164,8,184,136,14,150,334
12/06/2020,OLV,MS,ASO,ES,Federal Contract Tower,0,9,23,0,32,0,3,85,0,88,0,12,108,0,120,112,0,112,232
12/07/2020,OLV,MS,ASO,ES,Federal Contract Tower,0,5,20,0,25,0,2,101,0,103,0,7,121,0,128,210,0,210,338
12/08/2020,OLV,MS,ASO,ES,Federal Contract Tower,0,9,29,0,38,0,10,130,2,142,0,19,159,2,180,244,12,256,436
12/09/2020,OLV,MS,ASO,ES,Federal Contract Tower,0,11,22,0,33,0,15,120,2,137,0,26,142,2,170,190,0,190,360
12/10/2020,OLV,MS,ASO,ES,Federal Contract Tower,0,9,30,0,39,0,5,128,2,135,0,14,158,2,174,184,0,184,358
12/11/2020,OLV,MS,ASO,ES,Federal Contract Tower,0,11,32,0,43,0,0,96,0,96,0,11,128,0,139,188,0,188,327
12/12/2020,OLV,MS,ASO,ES,Federal Contract Tower,0,7,10,0,17,0,2,52,0,54,0,9,62,0,71,54,0,54,125
12/13/2020,OLV,MS,ASO,ES,Federal Contract Tower,0,7,8,0,15,0,1,56,0,57,0,8,64,0,72,104,0,104,176
12/14/2020,OLV,MS,ASO,ES,Federal Contract Tower,0,3,12,1,16,0,6,69,2,77,0,9,81,3,93,136,4,140,233
12/15/2020,OLV,MS,ASO,ES,Federal Contract Tower,0,4,7,0,11,0,0,20,2,22,0,4,27,2,33,70,0,70,103
12/16/2020,OLV,MS,ASO,ES,Federal Contract Tower,0,10,0,0,10,0,2,14,0,16,0,12,14,0,26,90,0,90,116
12/17/2020,OLV,MS,ASO,ES,Federal Contract Tower,0,8,40,0,48,0,5,124,2,131,0,13,164,2,179,150,0,150,329
12/18/2020,OLV,MS,ASO,ES,Federal Contract Tower,0,13,24,4,41,0,4,100,2,106,0,17,124,6,147,78,2,80,227
12/19/2020,OLV,MS,ASO,ES,Federal Contract Tower,0,6,3,0,9,0,0,2,0,2,0,6,5,0,11,4,0,4,15
12/20/2020,OLV,MS,ASO,ES,Federal Contract Tower,0,8,8,0,16,0,0,0,0,0,0,8,8,0,16,0,0,0,16
12/21/2020,OLV,MS,ASO,ES,Federal Contract Tower,0,7,17,1,25,0,6,63,1,70,0,13,80,2,95,64,0,64,159
12/22/2020,OLV,MS,ASO,ES,Federal Contract Tower,0,10,21,0,31,0,3,132,0,135,0,13,153,0,166,186,0,186,352
12/23/2020,OLV,MS,ASO,ES,Federal Contract Tower,0,14,2,0,16,0,0,3,0,3,0,14,5,0,19,2,0,2,21
12/24/2020,OLV,MS,ASO,ES,Federal Contract Tower,0,3,2,0,5,0,0,7,0,7,0,3,9,0,12,4,0,4,16
12/25/2020,OLV,MS,ASO,ES,Federal Contract Tower,0,2,6,0,8,0,2,3,0,5,0,4,9,0,13,0,0,0,13
12/26/2020,OLV,MS,ASO,ES,Federal Contract Tower,0,11,18,0,29,0,4,59,4,67,0,15,77,4,96,54,8,62,158
12/27/2020,OLV,MS,ASO,ES,Federal Contract Tower,0,9,9,0,18,0,2,27,2,31,0,11,36,2,49,22,4,26,75
12/28/2020,OLV,MS,ASO,ES,Federal Contract Tower,0,5,16,0,21,0,4,71,0,75,0,9,87,0,96,118,0,118,214
12/29/2020,OLV,MS,ASO,ES,Federal Contract Tower,0,11,31,0,42,1,3,63,0,67,1,14,94,0,109,190,0,190,299
12/30/2020,OLV,MS,ASO,ES,Federal Contract Tower,0,5,5,0,10,0,0,1,0,1,0,5,6,0,11,2,0,2,13
12/31/2020,OLV,MS,ASO,ES,Federal Contract Tower,0,1,0,0,1,0,0,0,0,0,0,1,0,0,1,0,0,0,1
01/01/2021,OLV,MS,ASO,ES,Federal Contract Tower,0,6,3,0,9,0,0,3,0,3,0,6,6,0,12,18,0,18,30
01/02/2021,OLV,MS,ASO,ES,Federal Contract Tower,0,11,11,0,22,0,0,0,0,0,0,11,11,0,22,0,0,0,22
01/03/2021,OLV,MS,ASO,ES,Federal Contract Tower,0,14,27,0,41,0,0,78,0,78,0,14,105,0,119,72,0,72,191
01/04/2021,OLV,MS,ASO,ES,Federal Contract Tower,0,3,23,0,26,0,1,99,0,100,0,4,122,0,126,134,0,134,260
01/05/2021,OLV,MS,ASO,ES,Federal Contract Tower,0,11,27,0,38,0,2,109,0,111,0,13,136,0,149,118,0,118,267
01/06/2021,OLV,MS,ASO,ES,Federal Contract Tower,0,7,26,0,33,0,3,82,0,85,0,10,108,0,118,108,0,108,226
01/07/2021,OLV,MS,ASO,ES,Federal Contract Tower,0,11,2,0,13,0,0,0,0,0,0,11,2,0,13,0,0,0,13
01/08/2021,OLV,MS,ASO,ES,Federal Contract Tower,0,10,4,0,14,0,0,4,0,4,0,10,8,0,18,6,0,6,24
01/09/2021,OLV,MS,ASO,ES,Federal Contract Tower,0,10,4,0,14,0,5,33,0,38,0,15,37,0,52,54,0,54,106
01/10/2021,OLV,MS,ASO,ES,Federal Contract Tower,0,6,8,0,14,0,0,25,0,25,0,6,33,0,39,156,0,156,195
01/11/2021,OLV,MS,ASO,ES,Federal Contract Tower,0,4,6,0,10,0,0,0,0,0,0,4,6,0,10,0,0,0,10
01/12/2021,OLV,MS,ASO,ES,Federal Contract Tower,0,10,12,0,22,0,0,80,2,82,0,10,92,2,104,116,12,128,232
01/13/2021,OLV,MS,ASO,ES,Federal Contract Tower,0,10,16,0,26,0,2,83,2,87,0,12,99,2,113,92,6,98,211
01/15/2021,OLV,MS,ASO,ES,Federal Contract Tower,0,3,10,0,13,0,0,21,0,21,0,3,31,0,34,2,0,2,36
01/16/2021,OLV,MS,ASO,ES,Federal Contract Tower,0,6,12,0,18,0,2,59,0,61,0,8,71,0,79,62,0,62,141
01/17/2021,OLV,MS,ASO,ES,Federal Contract Tower,0,4,23,0,27,0,3,50,0,53,0,7,73,0,80,16,0,16,96
01/18/2021,OLV,MS,ASO,ES,Federal Contract Tower,0,20,23,0,43,0,0,108,0,108,0,20,131,0,151,130,0,130,281
01/19/2021,OLV,MS,ASO,ES,Federal Contract Tower,0,8,14,0,22,0,4,94,0,98,0,12,108,0,120,118,0,118,238
01/20/2021,OLV,MS,ASO,ES,Federal Contract Tower,0,8,22,0,30,0,11,109,0,120,0,19,131,0,150,170,0,170,320
01/21/2021,OLV,MS,ASO,ES,Federal Contract Tower,0,5,18,0,23,0,5,10,0,15,0,10,28,0,38,20,0,20,58
01/22/2021,OLV,MS,ASO,ES,Federal Contract Tower,0,14,30,0,44,0,0,58,0,58,0,14,88,0,102,90,0,90,192
01/23/2021,OLV,MS,ASO,ES,Federal Contract Tower,0,6,24,0,30,0,0,89,7,96,0,6,113,7,126,102,4,106,232
01/24/2021,OLV,MS,ASO,ES,Federal Contract Tower,0,4,9,0,13,0,0,2,0,2,0,4,11,0,15,0,0,0,15
01/25/2021,OLV,MS,ASO,ES,Federal Contract Tower,0,6,2,0,8,0,4,0,0,4,0,10,2,0,12,0,0,0,12
01/26/2021,OLV,MS,ASO,ES,Federal Contract Tower,0,17,23,0,40,0,3,101,0,104,0,20,124,0,144,138,0,138,282
01/27/2021,OLV,MS,ASO,ES,Federal Contract Tower,0,9,3,0,12,0,0,5,0,5,0,9,8,0,17,28,0,28,45
01/28/2021,OLV,MS,ASO,ES,Federal Contract Tower,0,14,19,0,33,0,3,104,2,109,0,17,123,2,142,132,6,138,280
01/29/2021,OLV,MS,ASO,ES,Federal Contract Tower,0,10,30,0,40,0,2,161,8,171,0,12,191,8,211,258,4,262,473
01/30/2021,OLV,MS,ASO,ES,Federal Contract Tower,0,7,5,0,12,0,1,12,0,13,0,8,17,0,25,20,0,20,45
01/31/2021,OLV,MS,ASO,ES,Federal Contract Tower,0,9,1,0,10,0,4,2,0,6,0,13,3,0,16,2,0,2,18
02/01/2021,OLV,MS,ASO,ES,Federal Contract Tower,0,5,20,0,25,0,0,21,0,21,0,5,41,0,46,104,0,104,150
02/02/2021,OLV,MS,ASO,ES,Federal Contract Tower,0,9,20,0,29,0,0,120,0,120,0,9,140,0,149,248,0,248,397
02/03/2021,OLV,MS,ASO,ES,Federal Contract Tower,0,4,24,1,29,0,7,126,4,137,0,11,150,5,166,200,2,202,368
02/04/2021,OLV,MS,ASO,ES,Federal Contract Tower,0,8,2,0,10,0,0,2,0,2,0,8,4,0,12,0,0,0,12
02/05/2021,OLV,MS,ASO,ES,Federal Contract Tower,0,11,13,0,24,0,4,117,0,121,0,15,130,0,145,149,0,149,294
02/07/2021,OLV,MS,ASO,ES,Federal Contract Tower,0,7,3,0,10,0,0,30,0,30,0,7,33,0,40,6,0,6,46
02/08/2021,OLV,MS,ASO,ES,Federal Contract Tower,0,1,24,0,25,0,3,103,0,106,0,4,127,0,131,192,0,192,323
02/09/2021,OLV,MS,ASO,ES,Federal Contract Tower,0,12,4,0,16,0,0,9,0,9,0,12,13,0,25,70,0,70,95
02/10/2021,OLV,MS,ASO,ES,Federal Contract Tower,0,10,0,0,10,0,0,0,0,0,0,10,0,0,10,0,0,0,10
02/11/2021,OLV,MS,ASO,ES,Federal Contract Tower,0,0,1,0,1,0,0,0,0,0,0,0,1,0,1,0,0,0,1
02/12/2021,OLV,MS,ASO,ES,Federal Contract Tower,0,10,0,0,10,0,0,3,0,3,0,10,3,0,13,0,0,0,13
02/13/2021,OLV,MS,ASO,ES,Federal Contract Tower,0,2,1,0,3,0,0,0,0,0,0,2,1,0,3,0,0,0,3
02/14/2021,OLV,MS,ASO,ES,Federal Contract Tower,0,1,1,0,2,0,0,0,0,0,0,1,1,0,2,0,0,0,2
02/15/2021,OLV,MS,ASO,ES,Federal Contract Tower,0,0,0,0,0,0,0,0,0,0,0,0,0,0,0,0,0,0,0
02/16/2021,OLV,MS,ASO,ES,Federal Contract Tower,0,0,0,0,0,0,4,0,0,4,0,4,0,0,4,0,0,0,4
02/17/2021,OLV,MS,ASO,ES,Federal Contract Tower,0,0,0,0,0,0,0,0,0,0,0,0,0,0,0,0,0,0,0
02/18/2021,OLV,MS,ASO,ES,Federal Contract Tower,0,0,0,0,0,0,0,0,0,0,0,0,0,0,0,0,0,0,0
02/19/2021,OLV,MS,ASO,ES,Federal Contract Tower,0,0,0,0,0,0,2,0,0,2,0,2,0,0,2,0,0,0,2
02/20/2021,OLV,MS,ASO,ES,Federal Contract Tower,0,0,0,0,0,0,0,0,2,2,0,0,0,2,2,0,0,0,2
02/21/2021,OLV,MS,ASO,ES,Federal Contract Tower,0,2,0,0,2,0,2,6,0,8,0,4,6,0,10,0,0,0,10
02/22/2021,OLV,MS,ASO,ES,Federal Contract Tower,0,11,21,0,32,0,1,98,0,99,0,12,119,0,131,189,0,189,320
02/23/2021,OLV,MS,ASO,ES,Federal Contract Tower,0,6,23,1,30,0,0,111,0,111,0,6,134,1,141,162,0,162,303
02/24/2021,OLV,MS,ASO,ES,Federal Contract Tower,0,5,11,0,16,0,0,60,0,60,0,5,71,0,76,98,0,98,174
02/25/2021,OLV,MS,ASO,ES,Federal Contract Tower,0,10,25,0,35,0,3,105,3,111,0,13,130,3,146,100,0,100,246
02/26/2021,OLV,MS,ASO,ES,Federal Contract Tower,0,9,3,0,12,0,0,0,0,0,0,9,3,0,12,0,0,0,12
02/27/2021,OLV,MS,ASO,ES,Federal Contract Tower,0,4,5,0,9,0,0,0,0,0,0,4,5,0,9,0,0,0,9
02/28/2021,OLV,MS,ASO,ES,Federal Contract Tower,0,1,5,0,6,0,0,0,0,0,0,1,5,0,6,0,0,0,6
03/01/2021,OLV,MS,ASO,ES,Federal Contract Tower,0,13,19,0,32,0,6,84,0,90,0,19,103,0,122,58,0,58,180
03/02/2021,OLV,MS,ASO,ES,Federal Contract Tower,0,13,7,0,20,0,3,61,0,64,0,16,68,0,84,120,0,120,204
03/03/2021,OLV,MS,ASO,ES,Federal Contract Tower,0,10,29,3,42,0,3,114,4,121,0,13,143,7,163,222,8,230,393
03/04/2021,OLV,MS,ASO,ES,Federal Contract Tower,0,9,27,0,36,0,16,133,0,149,0,25,160,0,185,232,0,232,417
03/06/2021,OLV,MS,ASO,ES,Federal Contract Tower,0,8,26,0,34,0,2,133,4,139,0,10,159,4,173,114,0,114,287
03/07/2021,OLV,MS,ASO,ES,Federal Contract Tower,0,7,5,0,12,0,1,128,0,129,0,8,133,0,141,144,0,144,285
03/08/2021,OLV,MS,ASO,ES,Federal Contract Tower,0,14,16,0,30,0,5,121,0,126,0,19,137,0,156,120,0,120,276
03/09/2021,OLV,MS,ASO,ES,Federal Contract Tower,0,9,19,0,28,0,0,63,0,63,0,9,82,0,91,80,0,80,171
03/10/2021,OLV,MS,ASO,ES,Federal Contract Tower,0,7,10,0,17,0,4,15,0,19,0,11,25,0,36,0,0,0,36
03/11/2021,OLV,MS,ASO,ES,Federal Contract Tower,0,13,13,0,26,0,0,18,0,18,0,13,31,0,44,36,0,36,80
03/12/2021,OLV,MS,ASO,ES,Federal Contract Tower,0,9,9,0,18,0,0,63,0,63,0,9,72,0,81,66,0,66,147
03/13/2021,OLV,MS,ASO,ES,Federal Contract Tower,0,8,26,0,34,0,0,21,0,21,0,8,47,0,55,6,0,6,61
03/14/2021,OLV,MS,ASO,ES,Federal Contract Tower,0,12,10,0,22,0,0,96,0,96,0,12,106,0,118,52,0,52,170
03/15/2021,OLV,MS,ASO,ES,Federal Contract Tower,0,4,12,0,16,0,0,80,0,80,0,4,92,0,96,78,0,78,174
03/16/2021,OLV,MS,ASO,ES,Federal Contract Tower,0,7,23,0,30,0,3,101,0,104,0,10,124,0,134,184,0,184,318
03/17/2021,OLV,MS,ASO,ES,Federal Contract Tower,0,5,0,0,5,0,0,0,0,0,0,5,0,0,5,0,0,0,5
03/18/2021,OLV,MS,ASO,ES,Federal Contract Tower,0,9,0,0,9,2,2,2,0,6,2,11,2,0,15,0,0,0,15
03/19/2021,OLV,MS,ASO,ES,Federal Contract Tower,0,13,9,1,23,0,2,24,1,27,0,15,33,2,50,64,2,66,116
03/20/2021,OLV,MS,ASO,ES,Federal Contract Tower,0,7,29,0,36,0,12,104,0,116,0,19,133,0,152,214,0,214,366
03/21/2021,OLV,MS,ASO,ES,Federal Contract Tower,0,10,25,0,35,0,2,113,0,115,0,12,138,0,150,74,0,74,224
03/22/2021,OLV,MS,ASO,ES,Federal Contract Tower,0,13,30,0,43,0,1,102,1,104,0,14,132,1,147,136,0,136,283
03/23/2021,OLV,MS,ASO,ES,Federal Contract Tower,0,13,7,0,20,0,0,3,0,3,0,13,10,0,23,0,0,0,23
03/24/2021,OLV,MS,ASO,ES,Federal Contract Tower,0,15,49,0,64,0,20,82,0,102,0,35,131,0,166,154,0,154,320
03/25/2021,OLV,MS,ASO,ES,Federal Contract Tower,0,7,4,0,11,0,0,1,0,1,0,7,5,0,12,0,0,0,12
03/26/2021,OLV,MS,ASO,ES,Federal Contract Tower,0,10,35,2,47,0,6,138,4,148,0,16,173,6,195,236,10,246,441
03/27/2021,OLV,MS,ASO,ES,Federal Contract Tower,0,3,11,0,14,0,0,6,0,6,0,3,17,0,20,10,0,10,30
03/28/2021,OLV,MS,ASO,ES,Federal Contract Tower,0,5,15,1,21,0,0,35,3,38,0,5,50,4,59,10,10,20,79
03/29/2021,OLV,MS,ASO,ES,Federal Contract Tower,0,10,24,0,34,0,4,107,0,111,0,14,131,0,145,168,0,168,313
03/30/2021,OLV,MS,ASO,ES,Federal Contract Tower,0,6,15,0,21,0,1,38,0,39,0,7,53,0,60,90,0,90,150
03/31/2021,OLV,MS,ASO,ES,Federal Contract Tower,0,16,7,0,23,0,0,13,2,15,0,16,20,2,38,8,10,18,56
04/01/2021,OLV,MS,ASO,ES,Federal Contract Tower,0,13,32,0,45,0,0,74,0,74,0,13,106,0,119,76,0,76,195
04/02/2021,OLV,MS,ASO,ES,Federal Contract Tower,0,9,44,2,55,0,0,121,9,130,0,9,165,11,185,188,0,188,373
04/03/2021,OLV,MS,ASO,ES,Federal Contract Tower,0,7,16,2,25,0,2,109,0,111,0,9,125,2,136,128,0,128,264
04/04/2021,OLV,MS,ASO,ES,Federal Contract Tower,0,9,4,0,13,0,2,74,0,76,0,11,78,0,89,40,0,40,129
04/06/2021,OLV,MS,ASO,ES,Federal Contract Tower,0,14,41,0,55,0,10,98,0,108,0,24,139,0,163,106,0,106,269
04/07/2021,OLV,MS,ASO,ES,Federal Contract Tower,0,7,11,0,18,0,4,9,0,13,0,11,20,0,31,0,0,0,31
04/08/2021,OLV,MS,ASO,ES,Federal Contract Tower,0,6,14,0,20,0,5,22,0,27,0,11,36,0,47,38,0,38,85
04/09/2021,OLV,MS,ASO,ES,Federal Contract Tower,0,15,33,0,48,0,2,70,0,72,0,17,103,0,120,84,0,84,204
04/10/2021,OLV,MS,ASO,ES,Federal Contract Tower,0,2,8,0,10,0,0,5,0,5,0,2,13,0,15,12,0,12,27
04/11/2021,OLV,MS,ASO,ES,Federal Contract Tower,0,5,16,0,21,0,2,52,1,55,0,7,68,1,76,88,0,88,164
04/12/2021,OLV,MS,ASO,ES,Federal Contract Tower,0,11,22,0,33,0,17,129,1,147,0,28,151,1,180,120,0,120,300
04/13/2021,OLV,MS,ASO,ES,Federal Contract Tower,0,17,33,0,50,0,6,79,0,85,0,23,112,0,135,160,0,160,295
04/14/2021,OLV,MS,ASO,ES,Federal Contract Tower,0,9,17,0,26,0,2,30,0,32,0,11,47,0,58,102,0,102,160
04/15/2021,OLV,MS,ASO,ES,Federal Contract Tower,0,8,23,0,31,0,2,98,0,100,0,10,121,0,131,170,0,170,301
04/16/2021,OLV,MS,ASO,ES,Federal Contract Tower,0,24,18,0,42,0,0,109,8,117,0,24,127,8,159,146,0,146,305
04/17/2021,OLV,MS,ASO,ES,Federal Contract Tower,0,13,20,0,33,0,0,66,2,68,0,13,86,2,101,164,0,164,265
04/18/2021,OLV,MS,ASO,ES,Federal Contract Tower,0,12,16,0,28,0,0,74,2,76,0,12,90,2,104,84,0,84,188
04/19/2021,OLV,MS,ASO,ES,Federal Contract Tower,0,16,20,0,36,0,5,95,1,101,0,21,115,1,137,150,0,150,287
04/20/2021,OLV,MS,ASO,ES,Federal Contract Tower,0,27,19,0,46,0,5,65,2,72,0,32,84,2,118,128,0,128,246
04/21/2021,OLV,MS,ASO,ES,Federal Contract Tower,0,8,23,0,31,0,4,83,6,93,0,12,106,6,124,136,0,136,260
04/22/2021,OLV,MS,ASO,ES,Federal Contract Tower,0,15,36,0,51,0,10,84,4,98,0,25,120,4,149,172,6,178,327
04/23/2021,OLV,MS,ASO,ES,Federal Contract Tower,0,21,59,0,80,0,0,74,0,74,0,21,133,0,154,68,0,68,222
04/24/2021,OLV,MS,ASO,ES,Federal Contract Tower,0,12,22,0,34,0,0,0,0,0,0,12,22,0,34,0,0,0,34
04/25/2021,OLV,MS,ASO,ES,Federal Contract Tower,0,18,56,0,74,0,5,95,2,102,0,23,151,2,176,30,0,30,206
04/26/2021,OLV,MS,ASO,ES,Federal Contract Tower,0,13,16,0,29,0,6,112,0,118,0,19,128,0,147,148,0,148,295
04/27/2021,OLV,MS,ASO,ES,Federal Contract Tower,0,26,27,0,53,0,4,61,0,65,0,30,88,0,118,54,0,54,172
04/28/2021,OLV,MS,ASO,ES,Federal Contract Tower,0,23,21,0,44,0,0,21,0,21,0,23,42,0,65,50,0,50,115
04/29/2021,OLV,MS,ASO,ES,Federal Contract Tower,0,16,6,0,22,0,6,2,0,8,0,22,8,0,30,6,0,6,36
04/30/2021,OLV,MS,ASO,ES,Federal Contract Tower,0,17,17,0,34,0,6,118,0,124,0,23,135,0,158,108,0,108,266
05/01/2021,OLV,MS,ASO,ES,Federal Contract Tower,0,7,28,0,35,0,0,142,2,144,0,7,170,2,179,210,0,210,389
05/02/2021,OLV,MS,ASO,ES,Federal Contract Tower,0,14,11,0,25,0,0,7,0,7,0,14,18,0,32,0,0,0,32
05/03/2021,OLV,MS,ASO,ES,Federal Contract Tower,0,15,16,0,31,0,5,13,0,18,0,20,29,0,49,22,0,22,71
05/04/2021,OLV,MS,ASO,ES,Federal Contract Tower,0,5,5,0,10,0,0,5,0,5,0,5,10,0,15,10,0,10,25
05/05/2021,OLV,MS,ASO,ES,Federal Contract Tower,0,7,30,0,37,0,0,124,0,124,0,7,154,0,161,154,0,154,315
05/06/2021,OLV,MS,ASO,ES,Federal Contract Tower,0,16,32,0,48,0,2,89,1,92,0,18,121,1,140,158,0,158,298
05/07/2021,OLV,MS,ASO,ES,Federal Contract Tower,0,12,27,0,39,0,4,142,2,148,0,16,169,2,187,96,0,96,283
05/08/2021,OLV,MS,ASO,ES,Federal Contract Tower,0,5,19,1,25,0,2,50,3,55,0,7,69,4,80,48,6,54,134
05/09/2021,OLV,MS,ASO,ES,Federal Contract Tower,0,5,2,0,7,0,0,0,0,0,0,5,2,0,7,0,0,0,7
05/10/2021,OLV,MS,ASO,ES,Federal Contract Tower,0,16,23,0,39,0,1,64,0,65,0,17,87,0,104,94,0,94,198
05/11/2021,OLV,MS,ASO,ES,Federal Contract Tower,0,9,18,0,27,0,0,87,0,87,0,9,105,0,114,74,0,74,188
05/12/2021,OLV,MS,ASO,ES,Federal Contract Tower,0,19,35,0,54,0,4,84,0,88,0,23,119,0,142,60,0,60,202
05/13/2021,OLV,MS,ASO,ES,Federal Contract Tower,0,13,20,0,33,0,2,113,0,115,0,15,133,0,148,100,0,100,248
05/14/2021,OLV,MS,ASO,ES,Federal Contract Tower,0,14,35,1,50,0,0,157,2,159,0,14,192,3,209,140,0,140,349
05/15/2021,OLV,MS,ASO,ES,Federal Contract Tower,0,1,19,0,20,0,4,90,0,94,0,5,109,0,114,116,0,116,230
05/16/2021,OLV,MS,ASO,ES,Federal Contract Tower,0,9,11,0,20,0,0,66,0,66,0,9,77,0,86,100,0,100,186
05/17/2021,OLV,MS,ASO,ES,Federal Contract Tower,0,16,13,0,29,0,2,49,0,51,0,18,62,0,80,82,0,82,162
05/18/2021,OLV,MS,ASO,ES,Federal Contract Tower,0,8,15,0,23,0,4,22,0,26,0,12,37,0,49,32,0,32,81
05/19/2021,OLV,MS,ASO,ES,Federal Contract Tower,0,12,11,0,23,0,2,50,16,68,0,14,61,16,91,28,0,28,119
05/20/2021,OLV,MS,ASO,ES,Federal Contract Tower,0,18,27,0,45,0,6,39,11,56,0,24,66,11,101,26,0,26,127
05/21/2021,OLV,MS,ASO,ES,Federal Contract Tower,0,11,22,0,33,2,9,58,2,71,2,20,80,2,104,54,4,58,162
05/22/2021,OLV,MS,ASO,ES,Federal Contract Tower,0,2,25,1,28,0,3,95,2,100,0,5,120,3,128,134,0,134,262
05/23/2021,OLV,MS,ASO,ES,Federal Contract Tower,0,8,20,0,28,0,4,108,0,112,0,12,128,0,140,126,0,126,266
05/24/2021,OLV,MS,ASO,ES,Federal Contract Tower,0,10,23,0,33,0,9,115,6,130,0,19,138,6,163,176,0,176,339
05/25/2021,OLV,MS,ASO,ES,Federal Contract Tower,0,9,17,0,26,0,2,88,0,90,0,11,105,0,116,66,0,66,182
05/26/2021,OLV,MS,ASO,ES,Federal Contract Tower,0,9,13,0,22,0,0,17,0,17,0,9,30,0,39,84,0,84,123
05/27/2021,OLV,MS,ASO,ES,Federal Contract Tower,0,18,35,0,53,0,8,90,0,98,0,26,125,0,151,140,0,140,291
05/28/2021,OLV,MS,ASO,ES,Federal Contract Tower,0,11,7,0,18,0,8,12,0,20,0,19,19,0,38,2,0,2,40
05/29/2021,OLV,MS,ASO,ES,Federal Contract Tower,0,2,8,0,10,0,0,45,0,45,0,2,53,0,55,138,0,138,193
05/30/2021,OLV,MS,ASO,ES,Federal Contract Tower,0,5,18,0,23,0,4,68,0,72,0,9,86,0,95,64,0,64,159
05/31/2021,OLV,MS,ASO,ES,Federal Contract Tower,0,8,18,0,26,0,2,131,0,133,0,10,149,0,159,86,0,86,245
06/01/2021,OLV,MS,ASO,ES,Federal Contract Tower,0,28,18,0,46,0,1,91,2,94,0,29,109,2,140,188,0,188,328
06/02/2021,OLV,MS,ASO,ES,Federal Contract Tower,0,8,17,2,27,0,0,10,0,10,0,8,27,2,37,14,0,14,51
06/03/2021,OLV,MS,ASO,ES,Federal Contract Tower,0,9,27,0,36,0,8,55,2,65,0,17,82,2,101,108,4,112,213
06/04/2021,OLV,MS,ASO,ES,Federal Contract Tower,0,13,27,0,40,0,0,103,0,103,0,13,130,0,143,170,0,170,313
06/05/2021,OLV,MS,ASO,ES,Federal Contract Tower,0,7,16,0,23,0,2,57,0,59,0,9,73,0,82,120,0,120,202
06/06/2021,OLV,MS,ASO,ES,Federal Contract Tower,0,9,13,0,22,0,4,1,0,5,0,13,14,0,27,0,0,0,27
06/07/2021,OLV,MS,ASO,ES,Federal Contract Tower,0,15,5,0,20,0,1,12,0,13,0,16,17,0,33,14,0,14,47
06/08/2021,OLV,MS,ASO,ES,Federal Contract Tower,0,32,2,0,34,0,1,0,0,1,0,33,2,0,35,0,0,0,35
06/09/2021,OLV,MS,ASO,ES,Federal Contract Tower,0,16,23,0,39,0,0,8,0,8,0,16,31,0,47,38,0,38,85
06/10/2021,OLV,MS,ASO,ES,Federal Contract Tower,0,11,19,0,30,0,2,6,0,8,0,13,25,0,38,20,0,20,58
06/11/2021,OLV,MS,ASO,ES,Federal Contract Tower,0,8,13,3,24,0,1,24,3,28,0,9,37,6,52,32,0,32,84
06/12/2021,OLV,MS,ASO,ES,Federal Contract Tower,0,8,14,0,22,0,10,83,0,93,0,18,97,0,115,136,0,136,251
06/13/2021,OLV,MS,ASO,ES,Federal Contract Tower,0,4,16,1,21,0,4,81,2,87,0,8,97,3,108,72,16,88,196
06/14/2021,OLV,MS,ASO,ES,Federal Contract Tower,0,10,30,1,41,0,4,159,5,168,0,14,189,6,209,258,10,268,477
06/15/2021,OLV,MS,ASO,ES,Federal Contract Tower,0,22,34,1,57,0,8,140,3,151,0,30,174,4,208,196,0,196,404
06/16/2021,OLV,MS,ASO,ES,Federal Contract Tower,0,12,22,0,34,0,6,115,0,121,0,18,137,0,155,232,0,232,387
06/17/2021,OLV,MS,ASO,ES,Federal Contract Tower,0,14,16,0,30,0,4,129,2,135,0,18,145,2,165,278,0,278,443
06/18/2021,OLV,MS,ASO,ES,Federal Contract Tower,0,12,30,1,43,0,0,100,0,100,0,12,130,1,143,186,0,186,329
06/19/2021,OLV,MS,ASO,ES,Federal Contract Tower,0,6,18,0,24,0,0,61,2,63,0,6,79,2,87,110,10,120,207
06/20/2021,OLV,MS,ASO,ES,Federal Contract Tower,0,3,20,0,23,0,8,63,0,71,0,11,83,0,94,60,0,60,154
06/21/2021,OLV,MS,ASO,ES,Federal Contract Tower,0,14,9,0,23,0,4,13,0,17,0,18,22,0,40,2,0,2,42
06/22/2021,OLV,MS,ASO,ES,Federal Contract Tower,0,17,34,0,51,0,12,114,0,126,0,29,148,0,177,182,0,182,359
06/24/2021,OLV,MS,ASO,ES,Federal Contract Tower,0,15,29,0,44,0,6,93,0,99,0,21,122,0,143,184,0,184,327
06/25/2021,OLV,MS,ASO,ES,Federal Contract Tower,0,14,23,0,37,0,14,22,2,38,0,28,45,2,75,62,0,62,137
06/26/2021,OLV,MS,ASO,ES,Federal Contract Tower,0,9,4,0,13,0,0,17,0,17,0,9,21,0,30,46,0,46,76
06/27/2021,OLV,MS,ASO,ES,Federal Contract Tower,0,10,21,0,31,0,3,65,2,70,0,13,86,2,101,84,10,94,195
06/28/2021,OLV,MS,ASO,ES,Federal Contract Tower,0,15,17,1,33,0,4,132,1,137,0,19,149,2,170,148,0,148,318
06/29/2021,OLV,MS,ASO,ES,Federal Contract Tower,0,21,16,0,37,0,3,114,0,117,0,24,130,0,154,196,0,196,350
06/30/2021,OLV,MS,ASO,ES,Federal Contract Tower,0,15,12,0,27,0,4,53,0,57,0,19,65,0,84,62,0,62,146
07/01/2021,OLV,MS,ASO,ES,Federal Contract Tower,0,15,16,0,31,0,0,78,0,78,0,15,94,0,109,72,0,72,181
07/02/2021,OLV,MS,ASO,ES,Federal Contract Tower,0,9,24,0,33,0,2,58,0,60,0,11,82,0,93,112,0,112,205
07/03/2021,OLV,MS,ASO,ES,Federal Contract Tower,0,5,9,0,14,0,8,80,4,92,0,13,89,4,106,122,6,128,234
07/04/2021,OLV,MS,ASO,ES,Federal Contract Tower,0,3,7,1,11,0,0,22,3,25,0,3,29,4,36,72,6,78,114
07/05/2021,OLV,MS,ASO,ES,Federal Contract Tower,0,12,13,0,25,0,6,108,0,114,0,18,121,0,139,192,0,192,331
07/06/2021,OLV,MS,ASO,ES,Federal Contract Tower,0,12,17,0,29,0,4,103,2,109,0,16,120,2,138,198,0,198,336
07/07/2021,OLV,MS,ASO,ES,Federal Contract Tower,0,7,19,0,26,0,2,60,0,62,0,9,79,0,88,148,0,148,236
07/08/2021,OLV,MS,ASO,ES,Federal Contract Tower,0,10,23,3,36,0,3,94,1,98,0,13,117,4,134,210,4,214,348
07/09/2021,OLV,MS,ASO,ES,Federal Contract Tower,0,14,10,0,24,0,3,16,0,19,0,17,26,0,43,22,0,22,65
07/10/2021,OLV,MS,ASO,ES,Federal Contract Tower,0,5,14,0,19,0,0,20,0,20,0,5,34,0,39,26,0,26,65
07/11/2021,OLV,MS,ASO,ES,Federal Contract Tower,0,9,12,0,21,0,0,12,0,12,0,9,24,0,33,14,0,14,47
07/12/2021,OLV,MS,ASO,ES,Federal Contract Tower,0,14,19,0,33,0,1,27,2,30,0,15,46,2,63,24,0,24,87
07/13/2021,OLV,MS,ASO,ES,Federal Contract Tower,0,13,19,0,32,0,0,74,0,74,0,13,93,0,106,170,0,170,276
07/14/2021,OLV,MS,ASO,ES,Federal Contract Tower,0,12,21,0,33,0,3,160,0,163,0,15,181,0,196,278,0,278,474
07/15/2021,OLV,MS,ASO,ES,Federal Contract Tower,0,13,15,0,28,0,18,152,0,170,0,31,167,0,198,146,0,146,344
07/16/2021,OLV,MS,ASO,ES,Federal Contract Tower,0,11,13,0,24,0,8,52,0,60,0,19,65,0,84,166,0,166,250
07/18/2021,OLV,MS,ASO,ES,Federal Contract Tower,0,5,5,0,10,0,2,11,0,13,0,7,16,0,23,42,0,42,65
07/19/2021,OLV,MS,ASO,ES,Federal Contract Tower,0,8,11,0,19,0,0,29,0,29,0,8,40,0,48,154,0,154,202
07/20/2021,OLV,MS,ASO,ES,Federal Contract Tower,0,15,18,0,33,0,5,99,2,106,0,20,117,2,139,200,0,200,339
07/21/2021,OLV,MS,ASO,ES,Federal Contract Tower,0,6,17,0,23,0,2,165,2,169,0,8,182,2,192,386,0,386,578
07/22/2021,OLV,MS,ASO,ES,Federal Contract Tower,0,8,18,0,26,0,6,107,0,113,0,14,125,0,139,268,0,268,407
07/23/2021,OLV,MS,ASO,ES,Federal Contract Tower,0,9,14,0,23,0,4,111,0,115,0,13,125,0,138,300,0,300,438
07/24/2021,OLV,MS,ASO,ES,Federal Contract Tower,0,10,22,0,32,0,2,129,1,132,0,12,151,1,164,154,8,162,326
07/25/2021,OLV,MS,ASO,ES,Federal Contract Tower,0,6,14,0,20,0,2,64,0,66,0,8,78,0,86,88,0,88,174
07/26/2021,OLV,MS,ASO,ES,Federal Contract Tower,0,4,15,0,19,0,4,108,0,112,0,8,123,0,131,138,0,138,269
07/28/2021,OLV,MS,ASO,ES,Federal Contract Tower,0,8,8,0,16,0,5,106,0,111,0,13,114,0,127,130,0,130,257
07/29/2021,OLV,MS,ASO,ES,Federal Contract Tower,0,13,28,0,41,0,0,144,2,146,0,13,172,2,187,188,0,188,375
07/30/2021,OLV,MS,ASO,ES,Federal Contract Tower,0,9,21,2,32,0,6,123,0,129,0,15,144,2,161,256,4,260,421
07/31/2021,OLV,MS,ASO,ES,Federal Contract Tower,0,6,15,0,21,0,0,59,2,61,0,6,74,2,82,56,0,56,138
08/01/2021,OLV,MS,ASO,ES,Federal Contract Tower,0,10,26,0,36,0,0,49,0,49,0,10,75,0,85,102,0,102,187
08/02/2021,OLV,MS,ASO,ES,Federal Contract Tower,0,23,9,0,32,0,2,106,0,108,0,25,115,0,140,70,0,70,210
08/03/2021,OLV,MS,ASO,ES,Federal Contract Tower,0,16,7,0,23,0,5,113,0,118,0,21,120,0,141,192,0,192,333
08/04/2021,OLV,MS,ASO,ES,Federal Contract Tower,0,11,11,0,22,0,4,151,4,159,0,15,162,4,181,200,0,200,381
08/05/2021,OLV,MS,ASO,ES,Federal Contract Tower,0,10,26,1,37,0,1,134,1,136,0,11,160,2,173,220,0,220,393
08/06/2021,OLV,MS,ASO,ES,Federal Contract Tower,0,10,26,0,36,0,9,115,0,124,0,19,141,0,160,232,0,232,392
08/07/2021,OLV,MS,ASO,ES,Federal Contract Tower,0,4,21,0,25,0,2,92,0,94,0,6,113,0,119,134,0,134,253
08/08/2021,OLV,MS,ASO,ES,Federal Contract Tower,0,50,12,0,62,0,2,55,2,59,0,52,67,2,121,40,0,40,161
08/09/2021,OLV,MS,ASO,ES,Federal Contract Tower,0,11,10,0,21,0,5,100,0,105,0,16,110,0,126,124,0,124,250
08/10/2021,OLV,MS,ASO,ES,Federal Contract Tower,0,10,11,0,21,0,4,117,1,122,0,14,128,1,143,112,0,112,255
08/11/2021,OLV,MS,ASO,ES,Federal Contract Tower,0,12,12,0,24,0,18,114,0,132,0,30,126,0,156,198,0,198,354
08/12/2021,OLV,MS,ASO,ES,Federal Contract Tower,0,6,6,0,12,0,4,117,0,121,0,10,123,0,133,210,0,210,343
08/13/2021,OLV,MS,ASO,ES,Federal Contract Tower,0,11,10,0,21,0,0,58,0,58,0,11,68,0,79,68,0,68,147
08/14/2021,OLV,MS,ASO,ES,Federal Contract Tower,0,14,16,1,31,0,5,57,4,66,0,19,73,5,97,194,4,198,295
08/15/2021,OLV,MS,ASO,ES,Federal Contract Tower,0,13,11,1,25,0,2,48,2,52,0,15,59,3,77,52,0,52,129
08/16/2021,OLV,MS,ASO,ES,Federal Contract Tower,0,10,12,0,22,0,5,106,0,111,0,15,118,0,133,202,0,202,335
08/17/2021,OLV,MS,ASO,ES,Federal Contract Tower,0,5,21,0,26,0,4,155,0,159,0,9,176,0,185,182,0,182,367
08/18/2021,OLV,MS,ASO,ES,Federal Contract Tower,0,3,6,0,9,0,0,15,0,15,0,3,21,0,24,58,0,58,82
08/19/2021,OLV,MS,ASO,ES,Federal Contract Tower,0,12,9,0,21,0,4,53,0,57,0,16,62,0,78,138,0,138,216
08/20/2021,OLV,MS,ASO,ES,Federal Contract Tower,0,9,20,0,29,0,4,31,0,35,0,13,51,0,64,94,0,94,158
08/21/2021,OLV,MS,ASO,ES,Federal Contract Tower,0,11,14,0,25,0,5,33,0,38,0,16,47,0,63,84,0,84,147
08/22/2021,OLV,MS,ASO,ES,Federal Contract Tower,0,20,23,0,43,0,2,109,4,115,0,22,132,4,158,120,0,120,278
08/23/2021,OLV,MS,ASO,ES,Federal Contract Tower,0,2,21,0,23,0,12,144,0,156,0,14,165,0,179,108,0,108,287
08/24/2021,OLV,MS,ASO,ES,Federal Contract Tower,0,28,23,0,51,0,5,127,2,134,0,33,150,2,185,128,0,128,313
08/25/2021,OLV,MS,ASO,ES,Federal Contract Tower,0,11,32,0,43,0,1,103,1,105,0,12,135,1,148,112,6,118,266
08/26/2021,OLV,MS,ASO,ES,Federal Contract Tower,0,15,25,0,40,0,7,102,2,111,0,22,127,2,151,136,2,138,289
08/27/2021,OLV,MS,ASO,ES,Federal Contract Tower,0,7,37,0,44,0,0,88,2,90,0,7,125,2,134,100,0,100,234
08/28/2021,OLV,MS,ASO,ES,Federal Contract Tower,0,7,18,2,27,0,7,70,3,80,0,14,88,5,107,66,12,78,185
08/29/2021,OLV,MS,ASO,ES,Federal Contract Tower,0,11,12,0,23,0,5,24,0,29,0,16,36,0,52,26,0,26,78
08/30/2021,OLV,MS,ASO,ES,Federal Contract Tower,0,2,1,0,3,0,0,0,0,0,0,2,1,0,3,0,0,0,3
08/31/2021,OLV,MS,ASO,ES,Federal Contract Tower,0,5,2,1,8,0,2,12,0,14,0,7,14,1,22,14,0,14,36
09/01/2021,OLV,MS,ASO,ES,Federal Contract Tower,0,7,18,0,25,0,9,84,0,93,0,16,102,0,118,178,0,178,296
09/02/2021,OLV,MS,ASO,ES,Federal Contract Tower,0,12,13,0,25,0,6,100,1,107,0,18,113,1,132,160,0,160,292
09/03/2021,OLV,MS,ASO,ES,Federal Contract Tower,0,6,23,0,29,0,8,97,0,105,0,14,120,0,134,146,0,146,280
09/04/2021,OLV,MS,ASO,ES,Federal Contract Tower,0,9,8,0,17,0,0,65,2,67,0,9,73,2,84,70,0,70,154
09/05/2021,OLV,MS,ASO,ES,Federal Contract Tower,0,1,2,0,3,0,0,10,0,10,0,1,12,0,13,12,0,12,25
09/06/2021,OLV,MS,ASO,ES,Federal Contract Tower,0,10,31,0,41,0,4,69,0,73,0,14,100,0,114,116,0,116,230
09/07/2021,OLV,MS,ASO,ES,Federal Contract Tower,0,10,13,0,23,0,2,98,0,100,0,12,111,0,123,214,0,214,337
09/08/2021,OLV,MS,ASO,ES,Federal Contract Tower,0,11,20,0,31,0,0,104,0,104,0,11,124,0,135,138,0,138,273
09/09/2021,OLV,MS,ASO,ES,Federal Contract Tower,0,8,24,0,32,0,7,98,0,105,0,15,122,0,137,224,0,224,361
09/10/2021,OLV,MS,ASO,ES,Federal Contract Tower,0,14,24,0,38,0,6,83,2,91,0,20,107,2,129,128,4,132,261
09/11/2021,OLV,MS,ASO,ES,Federal Contract Tower,0,10,23,1,34,0,6,63,1,70,0,16,86,2,104,68,0,68,172
09/12/2021,OLV,MS,ASO,ES,Federal Contract Tower,0,11,13,0,24,0,0,58,0,58,0,11,71,0,82,70,0,70,152
09/13/2021,OLV,MS,ASO,ES,Federal Contract Tower,0,9,30,0,39,0,0,89,0,89,0,9,119,0,128,198,0,198,326
09/14/2021,OLV,MS,ASO,ES,Federal Contract Tower,0,16,19,0,35,0,10,76,0,86,0,26,95,0,121,128,0,128,249
09/15/2021,OLV,MS,ASO,ES,Federal Contract Tower,0,17,20,0,37,0,0,49,0,49,0,17,69,0,86,204,0,204,290
09/16/2021,OLV,MS,ASO,ES,Federal Contract Tower,0,15,13,2,30,0,1,45,0,46,0,16,58,2,76,122,0,122,198
09/17/2021,OLV,MS,ASO,ES,Federal Contract Tower,0,13,15,0,28,0,0,4,0,4,0,13,19,0,32,0,0,0,32
09/18/2021,OLV,MS,ASO,ES,Federal Contract Tower,0,10,2,0,12,0,0,4,0,4,0,10,6,0,16,12,0,12,28
09/19/2021,OLV,MS,ASO,ES,Federal Contract Tower,0,13,11,0,24,0,4,14,0,18,0,17,25,0,42,12,0,12,54
09/20/2021,OLV,MS,ASO,ES,Federal Contract Tower,0,6,17,0,23,0,4,18,0,22,0,10,35,0,45,8,0,8,53
09/21/2021,OLV,MS,ASO,ES,Federal Contract Tower,0,9,9,0,18,0,1,20,0,21,0,10,29,0,39,44,0,44,83
09/22/2021,OLV,MS,ASO,ES,Federal Contract Tower,0,12,21,0,33,0,6,85,3,94,0,18,106,3,127,118,0,118,245
09/23/2021,OLV,MS,ASO,ES,Federal Contract Tower,0,11,24,0,35,0,23,156,2,181,0,34,180,2,216,234,0,234,450
09/24/2021,OLV,MS,ASO,ES,Federal Contract Tower,0,8,20,0,28,0,10,112,2,124,0,18,132,2,152,148,4,152,304
09/25/2021,OLV,MS,ASO,ES,Federal Contract Tower,0,5,19,2,26,0,2,101,2,105,0,7,120,4,131,70,0,70,201
09/26/2021,OLV,MS,ASO,ES,Federal Contract Tower,0,12,15,3,30,0,2,80,6,88,0,14,95,9,118,78,20,98,216
09/27/2021,OLV,MS,ASO,ES,Federal Contract Tower,0,10,19,0,29,0,6,115,0,121,0,16,134,0,150,152,0,152,302
09/28/2021,OLV,MS,ASO,ES,Federal Contract Tower,0,27,13,0,40,0,0,114,0,114,0,27,127,0,154,198,0,198,352
09/29/2021,OLV,MS,ASO,ES,Federal Contract Tower,0,18,20,0,38,0,7,61,0,68,0,25,81,0,106,134,0,134,240
09/30/2021,OLV,MS,ASO,ES,Federal Contract Tower,0,19,12,0,31,0,0,4,0,4,0,19,16,0,35,28,0,28,63
10/01/2021,OLV,MS,ASO,ES,Federal Contract Tower,0,18,15,0,33,0,0,80,0,80,0,18,95,0,113,146,0,146,259
10/02/2021,OLV,MS,ASO,ES,Federal Contract Tower,0,11,8,0,19,0,0,14,0,14,0,11,22,0,33,16,0,16,49
10/03/2021,OLV,MS,ASO,ES,Federal Contract Tower,0,8,7,0,15,0,0,56,0,56,0,8,63,0,71,108,2,110,181
10/04/2021,OLV,MS,ASO,ES,Federal Contract Tower,0,14,27,0,41,0,11,106,1,118,0,25,133,1,159,202,0,202,361
10/05/2021,OLV,MS,ASO,ES,Federal Contract Tower,0,15,14,0,29,0,0,61,0,61,0,15,75,0,90,64,0,64,154
10/06/2021,OLV,MS,ASO,ES,Federal Contract Tower,0,12,20,0,32,0,0,42,0,42,0,12,62,0,74,104,0,104,178
10/07/2021,OLV,MS,ASO,ES,Federal Contract Tower,0,14,20,1,35,0,1,94,1,96,0,15,114,2,131,220,0,220,351
10/08/2021,OLV,MS,ASO,ES,Federal Contract Tower,0,16,30,0,46,0,7,108,0,115,0,23,138,0,161,110,0,110,271
10/09/2021,OLV,MS,ASO,ES,Federal Contract Tower,0,24,25,0,49,0,0,53,3,56,0,24,78,3,105,126,22,148,253
10/10/2021,OLV,MS,ASO,ES,Federal Contract Tower,0,19,22,0,41,0,3,41,0,44,0,22,63,0,85,34,0,34,119
10/11/2021,OLV,MS,ASO,ES,Federal Contract Tower,0,13,12,0,25,0,4,8,0,12,0,17,20,0,37,4,0,4,41
10/12/2021,OLV,MS,ASO,ES,Federal Contract Tower,0,25,37,0,62,0,0,83,2,85,0,25,120,2,147,70,0,70,217
10/13/2021,OLV,MS,ASO,ES,Federal Contract Tower,0,21,21,0,42,0,3,58,1,62,0,24,79,1,104,92,0,92,196
10/14/2021,OLV,MS,ASO,ES,Federal Contract Tower,0,16,28,0,44,0,4,98,0,102,0,20,126,0,146,168,0,168,314
10/15/2021,OLV,MS,ASO,ES,Federal Contract Tower,0,6,24,0,30,0,4,4,0,8,0,10,28,0,38,34,0,34,72
10/16/2021,OLV,MS,ASO,ES,Federal Contract Tower,0,10,29,0,39,0,5,61,2,68,0,15,90,2,107,102,0,102,209
10/17/2021,OLV,MS,ASO,ES,Federal Contract Tower,0,9,26,0,35,0,0,101,0,101,0,9,127,0,136,118,0,118,254
10/18/2021,OLV,MS,ASO,ES,Federal Contract Tower,0,8,27,0,35,0,2,131,2,135,0,10,158,2,170,96,0,96,266
10/19/2021,OLV,MS,ASO,ES,Federal Contract Tower,0,15,25,0,40,0,9,137,0,146,0,24,162,0,186,154,0,154,340
10/20/2021,OLV,MS,ASO,ES,Federal Contract Tower,0,14,34,0,48,0,2,116,0,118,0,16,150,0,166,162,0,162,328
10/21/2021,OLV,MS,ASO,ES,Federal Contract Tower,0,9,18,0,27,0,6,36,0,42,0,15,54,0,69,104,0,104,173
10/22/2021,OLV,MS,ASO,ES,Federal Contract Tower,0,10,29,0,39,0,6,63,0,69,0,16,92,0,108,100,0,100,208
10/23/2021,OLV,MS,ASO,ES,Federal Contract Tower,0,9,14,2,25,0,4,54,2,60,0,13,68,4,85,94,0,94,179
10/24/2021,OLV,MS,ASO,ES,Federal Contract Tower,0,16,18,0,34,0,2,24,0,26,0,18,42,0,60,56,0,56,116
10/25/2021,OLV,MS,ASO,ES,Federal Contract Tower,0,11,14,0,25,0,1,42,0,43,0,12,56,0,68,82,0,82,150
10/26/2021,OLV,MS,ASO,ES,Federal Contract Tower,0,10,36,1,47,0,6,112,2,120,0,16,148,3,167,126,0,126,293
10/27/2021,OLV,MS,ASO,ES,Federal Contract Tower,0,8,13,0,21,0,8,42,0,50,0,16,55,0,71,84,0,84,155
10/28/2021,OLV,MS,ASO,ES,Federal Contract Tower,0,3,10,4,17,0,0,0,0,0,0,3,10,4,17,0,0,0,17
10/29/2021,OLV,MS,ASO,ES,Federal Contract Tower,0,8,17,0,25,0,0,0,0,0,0,8,17,0,25,0,0,0,25
10/30/2021,OLV,MS,ASO,ES,Federal Contract Tower,0,6,13,0,19,0,5,4,0,9,0,11,17,0,28,78,0,78,106
10/31/2021,OLV,MS,ASO,ES,Federal Contract Tower,0,12,15,0,27,0,0,43,1,44,0,12,58,1,71,70,0,70,141
11/01/2021,OLV,MS,ASO,ES,Federal Contract Tower,0,5,23,1,29,0,11,118,2,131,0,16,141,3,160,164,10,174,334
11/02/2021,OLV,MS,ASO,ES,Federal Contract Tower,0,11,28,0,39,0,0,75,0,75,0,11,103,0,114,160,0,160,274
11/03/2021,OLV,MS,ASO,ES,Federal Contract Tower,0,12,14,0,26,0,4,56,0,60,0,16,70,0,86,90,0,90,176
11/04/2021,OLV,MS,ASO,ES,Federal Contract Tower,0,12,39,0,51,0,5,85,0,90,0,17,124,0,141,112,0,112,253
11/05/2021,OLV,MS,ASO,ES,Federal Contract Tower,0,12,20,0,32,0,12,107,0,119,0,24,127,0,151,110,0,110,261
11/06/2021,OLV,MS,ASO,ES,Federal Contract Tower,0,13,20,0,33,0,0,91,4,95,0,13,111,4,128,182,0,182,310
11/07/2021,OLV,MS,ASO,ES,Federal Contract Tower,0,9,11,0,20,0,2,77,1,80,0,11,88,1,100,142,10,152,252
11/08/2021,OLV,MS,ASO,ES,Federal Contract Tower,0,14,14,0,28,0,3,83,1,87,0,17,97,1,115,164,0,164,279
11/09/2021,OLV,MS,ASO,ES,Federal Contract Tower,0,11,27,0,38,0,0,105,0,105,0,11,132,0,143,168,0,168,311
11/10/2021,OLV,MS,ASO,ES,Federal Contract Tower,0,15,12,0,27,0,3,93,0,96,0,18,105,0,123,182,0,182,305
11/11/2021,OLV,MS,ASO,ES,Federal Contract Tower,0,18,8,0,26,0,0,17,1,18,0,18,25,1,44,24,0,24,68
11/12/2021,OLV,MS,ASO,ES,Federal Contract Tower,0,21,29,0,50,0,0,65,0,65,0,21,94,0,115,126,0,126,241
11/13/2021,OLV,MS,ASO,ES,Federal Contract Tower,0,17,20,0,37,0,12,65,2,79,0,29,85,2,116,68,0,68,184
11/14/2021,OLV,MS,ASO,ES,Federal Contract Tower,0,24,22,0,46,0,9,58,1,68,0,33,80,1,114,14,0,14,128
11/15/2021,OLV,MS,ASO,ES,Federal Contract Tower,0,12,30,1,43,0,8,122,3,133,0,20,152,4,176,118,8,126,302
11/16/2021,OLV,MS,ASO,ES,Federal Contract Tower,0,16,20,0,36,0,0,40,0,40,0,16,60,0,76,90,0,90,166
11/17/2021,OLV,MS,ASO,ES,Federal Contract Tower,0,16,14,0,30,0,9,14,0,23,0,25,28,0,53,12,0,12,65
11/18/2021,OLV,MS,ASO,ES,Federal Contract Tower,0,11,26,0,37,0,5,55,0,60,0,16,81,0,97,40,0,40,137
11/19/2021,OLV,MS,ASO,ES,Federal Contract Tower,0,10,36,0,46,0,6,92,0,98,0,16,128,0,144,114,0,114,258
11/20/2021,OLV,MS,ASO,ES,Federal Contract Tower,0,18,19,0,37,0,0,85,0,85,0,18,104,0,122,121,0,121,243
11/21/2021,OLV,MS,ASO,ES,Federal Contract Tower,0,16,3,0,19,0,0,2,0,2,0,16,5,0,21,10,0,10,31
11/22/2021,OLV,MS,ASO,ES,Federal Contract Tower,0,16,26,0,42,0,5,97,0,102,0,21,123,0,144,112,0,112,256
11/23/2021,OLV,MS,ASO,ES,Federal Contract Tower,0,15,24,0,39,0,2,104,0,106,0,17,128,0,145,184,0,184,329
11/24/2021,OLV,MS,ASO,ES,Federal Contract Tower,0,18,20,0,38,0,0,58,0,58,0,18,78,0,96,88,0,88,184
11/25/2021,OLV,MS,ASO,ES,Federal Contract Tower,0,3,1,0,4,0,0,0,0,0,0,3,1,0,4,0,0,0,4
11/26/2021,OLV,MS,ASO,ES,Federal Contract Tower,0,6,13,0,19,0,4,82,0,86,0,10,95,0,105,106,0,106,211
11/27/2021,OLV,MS,ASO,ES,Federal Contract Tower,0,21,19,0,40,0,0,51,0,51,0,21,70,0,91,26,0,26,117
11/28/2021,OLV,MS,ASO,ES,Federal Contract Tower,0,20,20,0,40,0,2,74,0,76,0,22,94,0,116,108,0,108,224
11/29/2021,OLV,MS,ASO,ES,Federal Contract Tower,0,5,30,0,35,0,0,79,0,79,0,5,109,0,114,184,0,184,298
11/30/2021,OLV,MS,ASO,ES,Federal Contract Tower,0,16,27,1,44,0,16,118,4,138,0,32,145,5,182,140,20,160,342
12/01/2021,OLV,MS,ASO,ES,Federal Contract Tower,0,14,19,0,33,0,7,50,0,57,0,21,69,0,90,62,0,62,152
12/02/2021,OLV,MS,ASO,ES,Federal Contract Tower,0,16,26,0,42,0,10,106,0,116,0,26,132,0,158,152,0,152,310
12/03/2021,OLV,MS,ASO,ES,Federal Contract Tower,0,6,20,0,26,0,0,81,0,81,0,6,101,0,107,244,0,244,351
12/04/2021,OLV,MS,ASO,ES,Federal Contract Tower,0,1,2,0,3,0,0,2,0,2,0,1,4,0,5,0,0,0,5
12/05/2021,OLV,MS,ASO,ES,Federal Contract Tower,0,7,5,0,12,0,0,2,0,2,0,7,7,0,14,20,0,20,34
12/06/2021,OLV,MS,ASO,ES,Federal Contract Tower,0,19,8,0,27,0,0,58,0,58,0,19,66,0,85,36,0,36,121
12/07/2021,OLV,MS,ASO,ES,Federal Contract Tower,0,7,29,0,36,0,1,92,0,93,0,8,121,0,129,124,0,124,253
12/08/2021,OLV,MS,ASO,ES,Federal Contract Tower,0,18,31,0,49,0,2,154,2,158,0,20,185,2,207,134,0,134,341
12/09/2021,OLV,MS,ASO,ES,Federal Contract Tower,0,22,20,0,42,0,0,25,14,39,0,22,45,14,81,36,0,36,117
12/10/2021,OLV,MS,ASO,ES,Federal Contract Tower,0,17,10,0,27,0,0,2,0,2,0,17,12,0,29,30,0,30,59
12/11/2021,OLV,MS,ASO,ES,Federal Contract Tower,0,4,6,0,10,0,8,12,0,20,0,12,18,0,30,6,0,6,36
12/12/2021,OLV,MS,ASO,ES,Federal Contract Tower,0,10,13,0,23,0,8,88,0,96,0,18,101,0,119,72,0,72,191
12/13/2021,OLV,MS,ASO,ES,Federal Contract Tower,0,13,26,0,39,0,6,142,0,148,0,19,168,0,187,108,0,108,295
12/14/2021,OLV,MS,ASO,ES,Federal Contract Tower,0,11,30,0,41,0,1,93,4,98,0,12,123,4,139,134,0,134,273
12/15/2021,OLV,MS,ASO,ES,Federal Contract Tower,0,37,27,0,64,0,2,9,0,11,0,39,36,0,75,76,0,76,151
12/16/2021,OLV,MS,ASO,ES,Federal Contract Tower,0,19,4,0,23,0,0,1,0,1,0,19,5,0,24,12,0,12,36
12/17/2021,OLV,MS,ASO,ES,Federal Contract Tower,0,13,8,0,21,0,0,15,1,16,0,13,23,1,37,86,0,86,123
12/18/2021,OLV,MS,ASO,ES,Federal Contract Tower,0,10,1,0,11,0,0,4,0,4,0,10,5,0,15,0,0,0,15
12/19/2021,OLV,MS,ASO,ES,Federal Contract Tower,0,8,13,0,21,0,2,27,0,29,0,10,40,0,50,62,0,62,112
12/20/2021,OLV,MS,ASO,ES,Federal Contract Tower,0,9,24,1,34,0,4,134,3,141,0,13,158,4,175,220,0,220,395
12/21/2021,OLV,MS,ASO,ES,Federal Contract Tower,0,13,32,1,46,0,12,132,2,146,0,25,164,3,192,144,4,148,340
12/22/2021,OLV,MS,ASO,ES,Federal Contract Tower,0,9,30,0,39,0,2,100,2,104,0,11,130,2,143,218,4,222,365
12/23/2021,OLV,MS,ASO,ES,Federal Contract Tower,0,14,22,0,36,0,1,77,1,79,0,15,99,1,115,52,6,58,173
12/24/2021,OLV,MS,ASO,ES,Federal Contract Tower,0,7,3,0,10,0,2,0,0,2,0,9,3,0,12,0,0,0,12
12/25/2021,OLV,MS,ASO,ES,Federal Contract Tower,0,2,1,0,3,0,0,0,0,0,0,2,1,0,3,0,0,0,3
12/26/2021,OLV,MS,ASO,ES,Federal Contract Tower,0,17,13,0,30,0,0,4,0,4,0,17,17,0,34,0,0,0,34
12/27/2021,OLV,MS,ASO,ES,Federal Contract Tower,0,16,8,0,24,0,5,11,0,16,0,21,19,0,40,0,0,0,40
12/28/2021,OLV,MS,ASO,ES,Federal Contract Tower,0,11,9,0,20,0,6,19,0,25,0,17,28,0,45,20,0,20,65
12/29/2021,OLV,MS,ASO,ES,Federal Contract Tower,0,10,10,0,20,0,0,2,0,2,0,10,12,0,22,0,0,0,22
12/30/2021,OLV,MS,ASO,ES,Federal Contract Tower,0,14,14,0,28,0,8,47,2,57,0,22,61,2,85,128,0,128,213
12/31/2021,OLV,MS,ASO,ES,Federal Contract Tower,0,4,19,0,23,0,0,5,0,5,0,4,24,0,28,6,0,6,34
01/01/2022,OLV,MS,ASO,ES,Federal Contract Tower,0,5,0,0,5,0,0,0,0,0,0,5,0,0,5,0,0,0,5
01/02/2022,OLV,MS,ASO,ES,Federal Contract Tower,0,13,0,0,13,0,0,0,0,0,0,13,0,0,13,0,0,0,13
01/03/2022,OLV,MS,ASO,ES,Federal Contract Tower,0,6,16,0,22,0,3,59,3,65,0,9,75,3,87,88,0,88,175
01/04/2022,OLV,MS,ASO,ES,Federal Contract Tower,0,16,17,0,33,0,2,79,6,87,0,18,96,6,120,92,0,92,212
01/05/2022,OLV,MS,ASO,ES,Federal Contract Tower,0,14,29,0,43,0,1,104,6,111,0,15,133,6,154,210,0,210,364
01/06/2022,OLV,MS,ASO,ES,Federal Contract Tower,0,3,0,0,3,0,0,0,0,0,0,3,0,0,3,0,0,0,3
01/07/2022,OLV,MS,ASO,ES,Federal Contract Tower,0,17,7,0,24,0,4,44,0,48,0,21,51,0,72,154,0,154,226
01/08/2022,OLV,MS,ASO,ES,Federal Contract Tower,0,6,3,0,9,0,0,25,0,25,0,6,28,0,34,66,0,66,100
01/09/2022,OLV,MS,ASO,ES,Federal Contract Tower,0,9,1,0,10,0,0,0,0,0,0,9,1,0,10,0,0,0,10
01/10/2022,OLV,MS,ASO,ES,Federal Contract Tower,0,8,18,0,26,0,1,117,0,118,0,9,135,0,144,232,0,232,376
01/11/2022,OLV,MS,ASO,ES,Federal Contract Tower,0,15,24,0,39,0,17,119,0,136,0,32,143,0,175,150,0,150,325
01/12/2022,OLV,MS,ASO,ES,Federal Contract Tower,0,13,24,0,37,0,0,90,0,90,0,13,114,0,127,150,0,150,277
01/13/2022,OLV,MS,ASO,ES,Federal Contract Tower,0,15,21,0,36,0,0,104,22,126,0,15,125,22,162,194,0,194,356
01/14/2022,OLV,MS,ASO,ES,Federal Contract Tower,0,6,29,0,35,0,4,69,0,73,0,10,98,0,108,142,0,142,250
01/15/2022,OLV,MS,ASO,ES,Federal Contract Tower,0,4,2,0,6,0,0,0,0,0,0,4,2,0,6,0,0,0,6
01/16/2022,OLV,MS,ASO,ES,Federal Contract Tower,0,0,1,0,1,0,0,3,0,3,0,0,4,0,4,0,0,0,4
01/17/2022,OLV,MS,ASO,ES,Federal Contract Tower,0,12,17,0,29,0,2,57,0,59,0,14,74,0,88,78,0,78,166
01/18/2022,OLV,MS,ASO,ES,Federal Contract Tower,0,14,33,0,47,0,8,81,0,89,0,22,114,0,136,58,0,58,194
01/19/2022,OLV,MS,ASO,ES,Federal Contract Tower,0,13,1,0,14,0,1,0,0,1,0,14,1,0,15,0,0,0,15
01/20/2022,OLV,MS,ASO,ES,Federal Contract Tower,0,11,6,0,17,0,2,15,0,17,0,13,21,0,34,46,0,46,80
01/21/2022,OLV,MS,ASO,ES,Federal Contract Tower,0,6,18,0,24,0,0,89,0,89,0,6,107,0,113,172,0,172,285
01/22/2022,OLV,MS,ASO,ES,Federal Contract Tower,0,8,13,0,21,0,6,65,2,73,0,14,78,2,94,168,0,168,262
01/23/2022,OLV,MS,ASO,ES,Federal Contract Tower,0,6,14,0,20,0,8,70,0,78,0,14,84,0,98,92,0,92,190
01/24/2022,OLV,MS,ASO,ES,Federal Contract Tower,0,14,36,0,50,0,2,79,0,81,0,16,115,0,131,146,0,146,277
01/25/2022,OLV,MS,ASO,ES,Federal Contract Tower,0,16,57,1,74,0,6,76,1,83,0,22,133,2,157,70,0,70,227
01/26/2022,OLV,MS,ASO,ES,Federal Contract Tower,0,15,25,0,40,0,2,74,2,78,0,17,99,2,118,144,4,148,266
01/27/2022,OLV,MS,ASO,ES,Federal Contract Tower,0,22,18,4,44,0,4,90,0,94,0,26,108,4,138,156,0,156,294
01/28/2022,OLV,MS,ASO,ES,Federal Contract Tower,0,13,18,0,31,0,8,45,0,53,0,21,63,0,84,32,0,32,116
01/29/2022,OLV,MS,ASO,ES,Federal Contract Tower,0,9,17,0,26,0,1,91,2,94,0,10,108,2,120,92,0,92,212
01/30/2022,OLV,MS,ASO,ES,Federal Contract Tower,0,14,21,0,35,0,0,92,1,93,0,14,113,1,128,184,0,184,312
01/31/2022,OLV,MS,ASO,ES,Federal Contract Tower,0,7,42,1,50,0,1,149,3,153,0,8,191,4,203,176,0,176,379
02/01/2022,OLV,MS,ASO,ES,Federal Contract Tower,0,26,22,0,48,0,2,68,0,70,0,28,90,0,118,134,0,134,252
02/02/2022,OLV,MS,ASO,ES,Federal Contract Tower,0,8,0,0,8,0,0,0,0,0,0,8,0,0,8,0,0,0,8
02/03/2022,OLV,MS,ASO,ES,Federal Contract Tower,0,2,0,0,2,0,0,0,0,0,0,2,0,0,2,0,0,0,2
02/04/2022,OLV,MS,ASO,ES,Federal Contract Tower,0,2,4,0,6,0,2,0,0,2,0,4,4,0,8,0,0,0,8
02/05/2022,OLV,MS,ASO,ES,Federal Contract Tower,0,14,8,0,22,0,0,87,0,87,0,14,95,0,109,98,0,98,207
02/06/2022,OLV,MS,ASO,ES,Federal Contract Tower,0,16,12,1,29,0,6,83,3,92,0,22,95,4,121,154,8,162,283
02/07/2022,OLV,MS,ASO,ES,Federal Contract Tower,0,4,18,0,22,0,6,113,0,119,0,10,131,0,141,192,0,192,333
02/08/2022,OLV,MS,ASO,ES,Federal Contract Tower,0,14,37,0,51,0,2,104,0,106,0,16,141,0,157,126,0,126,283
02/09/2022,OLV,MS,ASO,ES,Federal Contract Tower,0,19,40,0,59,0,6,119,2,127,0,25,159,2,186,130,6,136,322
02/10/2022,OLV,MS,ASO,ES,Federal Contract Tower,0,8,38,0,46,0,2,129,0,131,0,10,167,0,177,238,0,238,415
02/11/2022,OLV,MS,ASO,ES,Federal Contract Tower,0,6,19,0,25,0,4,36,0,40,0,10,55,0,65,32,0,32,97
02/12/2022,OLV,MS,ASO,ES,Federal Contract Tower,0,2,5,0,7,0,0,24,0,24,0,2,29,0,31,42,0,42,73
02/13/2022,OLV,MS,ASO,ES,Federal Contract Tower,0,7,13,0,20,0,0,72,0,72,0,7,85,0,92,116,0,116,208
02/14/2022,OLV,MS,ASO,ES,Federal Contract Tower,0,12,27,0,39,0,1,108,0,109,0,13,135,0,148,202,0,202,350
02/15/2022,OLV,MS,ASO,ES,Federal Contract Tower,0,14,30,0,44,0,0,80,0,80,0,14,110,0,124,56,0,56,180
02/16/2022,OLV,MS,ASO,ES,Federal Contract Tower,0,19,8,0,27,0,6,4,0,10,0,25,12,0,37,22,0,22,59
02/17/2022,OLV,MS,ASO,ES,Federal Contract Tower,0,10,0,0,10,0,0,0,0,0,0,10,0,0,10,0,0,0,10
02/18/2022,OLV,MS,ASO,ES,Federal Contract Tower,0,26,32,0,58,0,6,119,4,129,0,32,151,4,187,266,0,266,453
02/19/2022,OLV,MS,ASO,ES,Federal Contract Tower,0,8,30,0,38,0,15,119,3,137,0,23,149,3,175,124,2,126,301
02/20/2022,OLV,MS,ASO,ES,Federal Contract Tower,0,13,12,1,26,0,7,46,0,53,0,20,58,1,79,38,0,38,117
02/21/2022,OLV,MS,ASO,ES,Federal Contract Tower,0,16,0,0,16,0,0,2,0,2,0,16,2,0,18,0,0,0,18
02/22/2022,OLV,MS,ASO,ES,Federal Contract Tower,0,7,0,0,7,0,0,1,0,1,0,7,1,0,8,0,0,0,8
02/23/2022,OLV,MS,ASO,ES,Federal Contract Tower,0,11,7,0,18,0,0,23,0,23,0,11,30,0,41,86,0,86,127
02/24/2022,OLV,MS,ASO,ES,Federal Contract Tower,0,13,0,0,13,0,0,0,0,0,0,13,0,0,13,0,0,0,13
02/25/2022,OLV,MS,ASO,ES,Federal Contract Tower,0,11,4,1,16,0,0,24,2,26,0,11,28,3,42,94,0,94,136
02/26/2022,OLV,MS,ASO,ES,Federal Contract Tower,0,3,12,0,15,0,0,14,0,14,0,3,26,0,29,24,0,24,53
02/27/2022,OLV,MS,ASO,ES,Federal Contract Tower,0,14,20,0,34,0,0,79,0,79,0,14,99,0,113,72,0,72,185
02/28/2022,OLV,MS,ASO,ES,Federal Contract Tower,0,6,29,0,35,0,1,147,3,151,0,7,176,3,186,84,0,84,270
03/01/2022,OLV,MS,ASO,ES,Federal Contract Tower,0,12,26,0,38,0,7,133,2,142,0,19,159,2,180,106,4,110,290
03/02/2022,OLV,MS,ASO,ES,Federal Contract Tower,0,10,33,0,43,0,1,133,2,136,0,11,166,2,179,126,0,126,305
03/03/2022,OLV,MS,ASO,ES,Federal Contract Tower,0,11,30,0,41,0,2,126,0,128,0,13,156,0,169,202,0,202,371
03/04/2022,OLV,MS,ASO,ES,Federal Contract Tower,0,21,25,0,46,0,0,113,2,115,0,21,138,2,161,228,0,228,389
03/05/2022,OLV,MS,ASO,ES,Federal Contract Tower,0,16,7,0,23,0,7,13,0,20,0,23,20,0,43,8,0,8,51
03/06/2022,OLV,MS,ASO,ES,Federal Contract Tower,0,9,6,0,15,0,2,3,0,5,0,11,9,0,20,54,0,54,74
03/07/2022,OLV,MS,ASO,ES,Federal Contract Tower,0,12,15,0,27,0,0,7,0,7,0,12,22,0,34,2,0,2,36
03/08/2022,OLV,MS,ASO,ES,Federal Contract Tower,0,16,26,0,42,0,0,55,0,55,0,16,81,0,97,68,0,68,165
03/09/2022,OLV,MS,ASO,ES,Federal Contract Tower,0,21,26,0,47,0,5,117,0,122,0,26,143,0,169,194,0,194,363
03/10/2022,OLV,MS,ASO,ES,Federal Contract Tower,0,18,26,0,44,0,4,131,0,135,0,22,157,0,179,200,0,200,379
03/11/2022,OLV,MS,ASO,ES,Federal Contract Tower,0,17,20,0,37,0,0,53,0,53,0,17,73,0,90,30,0,30,120
03/12/2022,OLV,MS,ASO,ES,Federal Contract Tower,0,10,4,0,14,0,2,17,1,20,0,12,21,1,34,66,0,66,100
03/13/2022,OLV,MS,ASO,ES,Federal Contract Tower,0,19,19,2,40,0,0,33,2,35,0,19,52,4,75,6,0,6,81
03/14/2022,OLV,MS,ASO,ES,Federal Contract Tower,0,26,24,0,50,0,2,68,2,72,0,28,92,2,122,96,6,102,224
03/15/2022,OLV,MS,ASO,ES,Federal Contract Tower,0,13,12,0,25,0,0,16,0,16,0,13,28,0,41,30,0,30,71
03/16/2022,OLV,MS,ASO,ES,Federal Contract Tower,0,13,35,2,50,0,2,72,1,75,0,15,107,3,125,180,0,180,305
03/17/2022,OLV,MS,ASO,ES,Federal Contract Tower,0,11,17,0,28,0,3,91,0,94,0,14,108,0,122,200,0,200,322
03/18/2022,OLV,MS,ASO,ES,Federal Contract Tower,0,24,11,0,35,0,3,2,0,5,0,27,13,0,40,18,0,18,58
03/19/2022,OLV,MS,ASO,ES,Federal Contract Tower,0,16,18,0,34,0,10,29,0,39,0,26,47,0,73,28,0,28,101
03/20/2022,OLV,MS,ASO,ES,Federal Contract Tower,0,14,16,0,30,0,8,86,2,96,0,22,102,2,126,78,0,78,204
03/21/2022,OLV,MS,ASO,ES,Federal Contract Tower,0,18,19,0,37,0,5,56,0,61,0,23,75,0,98,58,0,58,156
03/22/2022,OLV,MS,ASO,ES,Federal Contract Tower,0,6,0,0,6,0,0,0,0,0,0,6,0,0,6,0,0,0,6
03/23/2022,OLV,MS,ASO,ES,Federal Contract Tower,0,13,9,0,22,0,0,10,0,10,0,13,19,0,32,54,0,54,86
03/24/2022,OLV,MS,ASO,ES,Federal Contract Tower,0,17,23,0,40,0,6,67,0,73,0,23,90,0,113,52,0,52,165
03/25/2022,OLV,MS,ASO,ES,Federal Contract Tower,0,12,23,2,37,0,0,119,0,119,0,12,142,2,156,166,0,166,322
03/26/2022,OLV,MS,ASO,ES,Federal Contract Tower,0,14,15,0,29,0,3,65,1,69,0,17,80,1,98,58,0,58,156
03/27/2022,OLV,MS,ASO,ES,Federal Contract Tower,0,9,11,1,21,0,2,85,1,88,0,11,96,2,109,90,2,92,201
03/28/2022,OLV,MS,ASO,ES,Federal Contract Tower,0,15,31,0,46,0,0,144,2,146,0,15,175,2,192,202,6,208,400
03/29/2022,OLV,MS,ASO,ES,Federal Contract Tower,0,19,21,0,40,0,0,60,0,60,0,19,81,0,100,146,0,146,246
03/30/2022,OLV,MS,ASO,ES,Federal Contract Tower,0,7,0,0,7,0,0,0,0,0,0,7,0,0,7,0,0,0,7
03/31/2022,OLV,MS,ASO,ES,Federal Contract Tower,0,15,13,0,28,0,2,67,0,69,0,17,80,0,97,50,0,50,147
04/01/2022,OLV,MS,ASO,ES,Federal Contract Tower,0,17,39,0,56,0,0,140,0,140,0,17,179,0,196,272,0,272,468
04/02/2022,OLV,MS,ASO,ES,Federal Contract Tower,0,5,13,0,18,0,0,75,0,75,0,5,88,0,93,184,0,184,277
04/03/2022,OLV,MS,ASO,ES,Federal Contract Tower,0,19,16,0,35,0,1,64,6,71,0,20,80,6,106,108,4,112,218
04/04/2022,OLV,MS,ASO,ES,Federal Contract Tower,0,18,33,0,51,0,6,127,0,133,0,24,160,0,184,224,0,224,408
04/05/2022,OLV,MS,ASO,ES,Federal Contract Tower,0,17,25,0,42,0,0,54,0,54,0,17,79,0,96,194,0,194,290
04/06/2022,OLV,MS,ASO,ES,Federal Contract Tower,0,20,18,0,38,0,0,59,0,59,0,20,77,0,97,252,0,252,349
04/07/2022,OLV,MS,ASO,ES,Federal Contract Tower,0,6,16,0,22,0,2,34,0,36,0,8,50,0,58,62,0,62,120
04/08/2022,OLV,MS,ASO,ES,Federal Contract Tower,0,15,4,0,19,0,0,7,0,7,0,15,11,0,26,0,0,0,26
04/09/2022,OLV,MS,ASO,ES,Federal Contract Tower,0,10,18,2,30,0,0,47,0,47,0,10,65,2,77,20,0,20,97
04/10/2022,OLV,MS,ASO,ES,Federal Contract Tower,0,13,9,0,22,0,0,23,0,23,0,13,32,0,45,0,0,0,45
04/11/2022,OLV,MS,ASO,ES,Federal Contract Tower,0,10,6,0,16,0,4,23,0,27,0,14,29,0,43,30,0,30,73
04/12/2022,OLV,MS,ASO,ES,Federal Contract Tower,0,22,13,0,35,0,0,34,0,34,0,22,47,0,69,4,0,4,73
04/13/2022,OLV,MS,ASO,ES,Federal Contract Tower,0,4,2,0,6,0,0,0,0,0,0,4,2,0,6,0,0,0,6
04/14/2022,OLV,MS,ASO,ES,Federal Contract Tower,0,21,42,0,63,0,5,167,2,174,0,26,209,2,237,290,0,290,527
04/15/2022,OLV,MS,ASO,ES,Federal Contract Tower,0,13,19,0,32,0,4,70,2,76,0,17,89,2,108,152,2,154,262
04/16/2022,OLV,MS,ASO,ES,Federal Contract Tower,0,5,3,0,8,0,0,0,0,0,0,5,3,0,8,0,0,0,8
04/17/2022,OLV,MS,ASO,ES,Federal Contract Tower,0,7,3,0,10,0,0,0,0,0,0,7,3,0,10,0,0,0,10
04/18/2022,OLV,MS,ASO,ES,Federal Contract Tower,0,25,47,0,72,0,1,50,3,54,0,26,97,3,126,140,4,144,270
04/19/2022,OLV,MS,ASO,ES,Federal Contract Tower,0,9,49,0,58,0,2,192,1,195,0,11,241,1,253,312,0,312,565
04/20/2022,OLV,MS,ASO,ES,Federal Contract Tower,0,11,8,0,19,0,1,20,0,21,0,12,28,0,40,82,0,82,122
04/21/2022,OLV,MS,ASO,ES,Federal Contract Tower,0,9,24,0,33,0,5,58,2,65,0,14,82,2,98,188,0,188,286
04/22/2022,OLV,MS,ASO,ES,Federal Contract Tower,0,13,27,0,40,0,5,154,0,159,0,18,181,0,199,304,0,304,503
04/23/2022,OLV,MS,ASO,ES,Federal Contract Tower,0,2,7,0,9,0,1,25,0,26,0,3,32,0,35,36,0,36,71
04/24/2022,OLV,MS,ASO,ES,Federal Contract Tower,0,11,15,0,26,0,2,48,6,56,0,13,63,6,82,64,20,84,166
04/25/2022,OLV,MS,ASO,ES,Federal Contract Tower,0,12,5,2,19,0,2,33,0,35,0,14,38,2,54,20,0,20,74
04/26/2022,OLV,MS,ASO,ES,Federal Contract Tower,0,10,44,0,54,0,1,131,2,134,0,11,175,2,188,184,0,184,372
04/27/2022,OLV,MS,ASO,ES,Federal Contract Tower,0,13,29,0,42,0,1,145,2,148,0,14,174,2,190,194,0,194,384
04/28/2022,OLV,MS,ASO,ES,Federal Contract Tower,0,12,34,1,47,0,2,153,1,156,0,14,187,2,203,328,0,328,531
04/29/2022,OLV,MS,ASO,ES,Federal Contract Tower,0,23,27,0,50,0,0,78,0,78,0,23,105,0,128,224,0,224,352
04/30/2022,OLV,MS,ASO,ES,Federal Contract Tower,0,5,10,0,15,0,9,14,0,23,0,14,24,0,38,34,0,34,72
05/01/2022,OLV,MS,ASO,ES,Federal Contract Tower,0,12,18,0,30,0,0,100,2,102,0,12,118,2,132,124,0,124,256
05/02/2022,OLV,MS,ASO,ES,Federal Contract Tower,0,6,21,0,27,0,8,92,0,100,0,14,113,0,127,220,0,220,347
05/03/2022,OLV,MS,ASO,ES,Federal Contract Tower,0,4,3,0,7,0,8,15,6,29,0,12,18,6,36,12,0,12,48
05/04/2022,OLV,MS,ASO,ES,Federal Contract Tower,0,15,38,0,53,0,3,99,0,102,0,18,137,0,155,206,0,206,361
05/05/2022,OLV,MS,ASO,ES,Federal Contract Tower,0,9,12,0,21,0,3,54,0,57,0,12,66,0,78,120,0,120,198
05/06/2022,OLV,MS,ASO,ES,Federal Contract Tower,0,10,10,0,20,0,3,3,0,6,0,13,13,0,26,24,0,24,50
05/07/2022,OLV,MS,ASO,ES,Federal Contract Tower,0,7,13,1,21,0,2,70,1,73,0,9,83,2,94,148,0,148,242
05/08/2022,OLV,MS,ASO,ES,Federal Contract Tower,0,6,18,0,24,0,3,66,1,70,0,9,84,1,94,98,6,104,198
05/09/2022,OLV,MS,ASO,ES,Federal Contract Tower,0,20,25,0,45,0,7,50,0,57,0,27,75,0,102,32,0,32,134
05/10/2022,OLV,MS,ASO,ES,Federal Contract Tower,0,20,36,0,56,0,4,102,0,106,0,24,138,0,162,268,0,268,430
05/11/2022,OLV,MS,ASO,ES,Federal Contract Tower,0,6,52,0,58,0,2,147,3,152,0,8,199,3,210,168,0,168,378
05/12/2022,OLV,MS,ASO,ES,Federal Contract Tower,0,16,37,0,53,0,7,133,2,142,0,23,170,2,195,240,0,240,435
05/13/2022,OLV,MS,ASO,ES,Federal Contract Tower,0,13,24,0,37,2,29,0,0,31,2,42,24,0,68,58,0,58,126
05/14/2022,OLV,MS,ASO,ES,Federal Contract Tower,0,2,23,0,25,0,3,78,2,83,0,5,101,2,108,164,2,166,274
05/15/2022,OLV,MS,ASO,ES,Federal Contract Tower,0,8,14,2,24,0,54,91,5,150,0,62,105,7,174,146,2,148,322
05/16/2022,OLV,MS,ASO,ES,Federal Contract Tower,0,7,32,1,40,0,7,119,1,127,0,14,151,2,167,134,0,134,301
05/17/2022,OLV,MS,ASO,ES,Federal Contract Tower,0,21,43,0,64,0,1,184,0,185,0,22,227,0,249,168,0,168,417
05/18/2022,OLV,MS,ASO,ES,Federal Contract Tower,0,26,13,0,39,0,6,60,0,66,0,32,73,0,105,122,0,122,227
05/19/2022,OLV,MS,ASO,ES,Federal Contract Tower,0,15,32,0,47,0,8,53,0,61,0,23,85,0,108,82,0,82,190
05/20/2022,OLV,MS,ASO,ES,Federal Contract Tower,0,9,46,0,55,0,0,30,1,31,0,9,76,1,86,10,0,10,96
05/21/2022,OLV,MS,ASO,ES,Federal Contract Tower,0,7,31,0,38,0,0,37,5,42,0,7,68,5,80,156,2,158,238
05/22/2022,OLV,MS,ASO,ES,Federal Contract Tower,0,5,61,0,66,0,0,9,0,9,0,5,70,0,75,24,0,24,99
05/23/2022,OLV,MS,ASO,ES,Federal Contract Tower,0,9,7,0,16,0,0,58,4,62,0,9,65,4,78,294,0,294,372
05/24/2022,OLV,MS,ASO,ES,Federal Contract Tower,0,13,11,0,24,0,0,12,2,14,0,13,23,2,38,46,0,46,84
05/25/2022,OLV,MS,ASO,ES,Federal Contract Tower,0,11,5,0,16,0,0,5,0,5,0,11,10,0,21,84,0,84,105
05/26/2022,OLV,MS,ASO,ES,Federal Contract Tower,0,18,7,0,25,0,0,35,2,37,0,18,42,2,62,74,0,74,136
05/27/2022,OLV,MS,ASO,ES,Federal Contract Tower,0,16,26,0,42,0,0,89,5,94,0,16,115,5,136,132,0,132,268
05/28/2022,OLV,MS,ASO,ES,Federal Contract Tower,0,5,26,0,31,0,0,111,1,112,0,5,137,1,143,238,16,254,397
05/29/2022,OLV,MS,ASO,ES,Federal Contract Tower,0,12,12,0,24,0,0,69,0,69,0,12,81,0,93,110,0,110,203
05/30/2022,OLV,MS,ASO,ES,Federal Contract Tower,0,4,36,0,40,0,2,125,3,130,0,6,161,3,170,194,8,202,372
05/31/2022,OLV,MS,ASO,ES,Federal Contract Tower,0,10,38,0,48,0,3,146,0,149,0,13,184,0,197,208,0,208,405
06/01/2022,OLV,MS,ASO,ES,Federal Contract Tower,0,14,20,0,34,0,6,84,0,90,0,20,104,0,124,212,0,212,336
06/02/2022,OLV,MS,ASO,ES,Federal Contract Tower,0,13,14,3,30,0,0,38,3,41,0,13,52,6,71,144,6,150,221
06/03/2022,OLV,MS,ASO,ES,Federal Contract Tower,0,14,25,0,39,0,2,159,0,161,0,16,184,0,200,282,0,282,482
06/04/2022,OLV,MS,ASO,ES,Federal Contract Tower,0,9,25,0,34,0,1,136,1,138,0,10,161,1,172,182,0,182,354
06/05/2022,OLV,MS,ASO,ES,Federal Contract Tower,0,15,12,1,28,0,5,131,5,141,0,20,143,6,169,236,4,240,409
06/06/2022,OLV,MS,ASO,ES,Federal Contract Tower,0,20,12,0,32,0,1,40,2,43,0,21,52,2,75,96,0,96,171
06/07/2022,OLV,MS,ASO,ES,Federal Contract Tower,0,6,17,0,23,0,4,87,0,91,0,10,104,0,114,72,0,72,186
06/08/2022,OLV,MS,ASO,ES,Federal Contract Tower,0,14,3,0,17,0,0,30,0,30,0,14,33,0,47,52,0,52,99
06/09/2022,OLV,MS,ASO,ES,Federal Contract Tower,0,13,35,0,48,0,0,156,0,156,0,13,191,0,204,276,0,276,480
06/10/2022,OLV,MS,ASO,ES,Federal Contract Tower,0,15,20,1,36,0,0,135,0,135,0,15,155,1,171,186,0,186,357
06/11/2022,OLV,MS,ASO,ES,Federal Contract Tower,0,14,29,0,43,0,2,81,0,83,0,16,110,0,126,196,0,196,322
06/12/2022,OLV,MS,ASO,ES,Federal Contract Tower,0,14,16,2,32,0,2,83,0,85,0,16,99,2,117,166,0,166,283
06/13/2022,OLV,MS,ASO,ES,Federal Contract Tower,0,12,15,1,28,0,3,150,2,155,0,15,165,3,183,92,0,92,275
06/14/2022,OLV,MS,ASO,ES,Federal Contract Tower,0,10,27,0,37,0,12,118,0,130,0,22,145,0,167,118,0,118,285
06/15/2022,OLV,MS,ASO,ES,Federal Contract Tower,0,11,35,0,46,0,0,184,0,184,0,11,219,0,230,138,0,138,368
06/16/2022,OLV,MS,ASO,ES,Federal Contract Tower,0,16,21,0,37,0,1,145,0,146,0,17,166,0,183,138,0,138,321
06/17/2022,OLV,MS,ASO,ES,Federal Contract Tower,0,19,30,0,49,0,0,108,0,108,0,19,138,0,157,184,0,184,341
06/18/2022,OLV,MS,ASO,ES,Federal Contract Tower,0,15,18,1,34,0,2,63,0,65,0,17,81,1,99,120,0,120,219
06/19/2022,OLV,MS,ASO,ES,Federal Contract Tower,0,19,21,0,40,0,9,61,1,71,0,28,82,1,111,82,0,82,193
06/20/2022,OLV,MS,ASO,ES,Federal Contract Tower,0,14,15,0,29,0,8,174,0,182,0,22,189,0,211,134,0,134,345
06/21/2022,OLV,MS,ASO,ES,Federal Contract Tower,0,17,31,0,48,0,5,178,0,183,0,22,209,0,231,198,0,198,429
06/22/2022,OLV,MS,ASO,ES,Federal Contract Tower,0,19,30,0,49,0,5,121,0,126,0,24,151,0,175,170,0,170,345
06/23/2022,OLV,MS,ASO,ES,Federal Contract Tower,0,14,37,0,51,0,1,135,0,136,0,15,172,0,187,156,0,156,343
06/24/2022,OLV,MS,ASO,ES,Federal Contract Tower,0,21,29,0,50,0,9,135,4,148,0,30,164,4,198,173,0,173,371
06/25/2022,OLV,MS,ASO,ES,Federal Contract Tower,0,19,11,1,31,0,1,85,3,89,0,20,96,4,120,116,0,116,236
06/26/2022,OLV,MS,ASO,ES,Federal Contract Tower,0,11,7,0,18,0,2,33,0,35,0,13,40,0,53,42,0,42,95
06/27/2022,OLV,MS,ASO,ES,Federal Contract Tower,0,24,24,0,48,0,0,109,2,111,0,24,133,2,159,120,0,120,279
06/28/2022,OLV,MS,ASO,ES,Federal Contract Tower,0,6,28,0,34,0,0,158,2,160,0,6,186,2,194,250,14,264,458
06/29/2022,OLV,MS,ASO,ES,Federal Contract Tower,0,7,25,0,32,0,6,131,0,137,0,13,156,0,169,168,0,168,337
06/30/2022,OLV,MS,ASO,ES,Federal Contract Tower,0,9,14,0,23,0,3,129,2,134,0,12,143,2,157,216,6,222,379
07/01/2022,OLV,MS,ASO,ES,Federal Contract Tower,0,19,21,0,40,0,1,77,0,78,0,20,98,0,118,134,0,134,252
07/02/2022,OLV,MS,ASO,ES,Federal Contract Tower,0,4,11,0,15,0,2,80,0,82,0,6,91,0,97,110,0,110,207
07/03/2022,OLV,MS,ASO,ES,Federal Contract Tower,0,5,8,0,13,0,4,51,1,56,0,9,59,1,69,166,0,166,235
07/04/2022,OLV,MS,ASO,ES,Federal Contract Tower,0,3,10,2,15,0,1,48,2,51,0,4,58,4,66,234,0,234,300
07/05/2022,OLV,MS,ASO,ES,Federal Contract Tower,0,11,26,0,37,0,2,107,0,109,0,13,133,0,146,204,0,204,350
07/06/2022,OLV,MS,ASO,ES,Federal Contract Tower,0,20,17,0,37,0,6,96,0,102,0,26,113,0,139,190,0,190,329
07/07/2022,OLV,MS,ASO,ES,Federal Contract Tower,0,10,19,0,29,0,0,109,2,111,0,10,128,2,140,126,14,140,280
07/08/2022,OLV,MS,ASO,ES,Federal Contract Tower,0,8,37,0,45,0,3,108,3,114,0,11,145,3,159,176,0,176,335
07/09/2022,OLV,MS,ASO,ES,Federal Contract Tower,0,11,29,0,40,0,1,60,0,61,0,12,89,0,101,181,8,189,290
07/10/2022,OLV,MS,ASO,ES,Federal Contract Tower,0,16,18,0,34,0,4,33,0,37,0,20,51,0,71,46,0,46,117
07/11/2022,OLV,MS,ASO,ES,Federal Contract Tower,0,18,32,0,50,0,3,188,0,191,0,21,220,0,241,208,0,208,449
07/12/2022,OLV,MS,ASO,ES,Federal Contract Tower,0,14,37,0,51,0,6,166,2,174,0,20,203,2,225,208,2,210,435
07/13/2022,OLV,MS,ASO,ES,Federal Contract Tower,0,12,15,0,27,0,0,84,0,84,0,12,99,0,111,149,0,149,260
07/14/2022,OLV,MS,ASO,ES,Federal Contract Tower,0,10,33,0,43,0,2,122,0,124,0,12,155,0,167,160,0,160,327
07/15/2022,OLV,MS,ASO,ES,Federal Contract Tower,0,11,32,0,43,0,2,106,1,109,0,13,138,1,152,226,6,232,384
07/16/2022,OLV,MS,ASO,ES,Federal Contract Tower,0,12,15,7,34,0,0,117,3,120,0,12,132,10,154,258,0,258,412
07/17/2022,OLV,MS,ASO,ES,Federal Contract Tower,0,15,21,0,36,0,6,117,0,123,0,21,138,0,159,216,0,216,375
07/18/2022,OLV,MS,ASO,ES,Federal Contract Tower,0,14,15,0,29,0,52,0,0,52,0,66,15,0,81,120,0,120,201
07/19/2022,OLV,MS,ASO,ES,Federal Contract Tower,0,12,21,0,33,0,2,75,0,77,0,14,96,0,110,206,0,206,316
07/20/2022,OLV,MS,ASO,ES,Federal Contract Tower,0,14,9,1,24,0,1,70,1,72,0,15,79,2,96,122,0,122,218
07/21/2022,OLV,MS,ASO,ES,Federal Contract Tower,0,19,22,0,41,0,10,155,0,165,0,29,177,0,206,358,0,358,564
07/22/2022,OLV,MS,ASO,ES,Federal Contract Tower,0,16,28,0,44,0,0,116,0,116,0,16,144,0,160,344,0,344,504
07/23/2022,OLV,MS,ASO,ES,Federal Contract Tower,0,8,18,0,26,0,0,102,0,102,0,8,120,0,128,246,0,246,374
07/24/2022,OLV,MS,ASO,ES,Federal Contract Tower,0,11,7,0,18,0,6,52,0,58,0,17,59,0,76,42,0,42,118
07/25/2022,OLV,MS,ASO,ES,Federal Contract Tower,0,13,31,0,44,0,3,100,2,105,0,16,131,2,149,212,0,212,361
07/26/2022,OLV,MS,ASO,ES,Federal Contract Tower,0,11,32,0,43,0,3,96,2,101,0,14,128,2,144,78,20,98,242
07/27/2022,OLV,MS,ASO,ES,Federal Contract Tower,0,11,16,0,27,0,5,55,0,60,0,16,71,0,87,104,0,104,191
07/28/2022,OLV,MS,ASO,ES,Federal Contract Tower,0,11,7,0,18,0,17,27,0,44,0,28,34,0,62,102,0,102,164
07/29/2022,OLV,MS,ASO,ES,Federal Contract Tower,0,15,13,0,28,0,0,9,0,9,0,15,22,0,37,64,0,64,101
07/30/2022,OLV,MS,ASO,ES,Federal Contract Tower,0,6,9,0,15,0,0,21,1,22,0,6,30,1,37,152,0,152,189
07/31/2022,OLV,MS,ASO,ES,Federal Contract Tower,0,9,10,0,19,0,0,2,0,2,0,9,12,0,21,10,0,10,31
08/01/2022,OLV,MS,ASO,ES,Federal Contract Tower,0,4,25,0,29,0,4,48,0,52,0,8,73,0,81,148,2,150,231
08/02/2022,OLV,MS,ASO,ES,Federal Contract Tower,0,7,28,0,35,0,2,136,0,138,0,9,164,0,173,284,0,284,457
08/03/2022,OLV,MS,ASO,ES,Federal Contract Tower,0,13,31,0,44,0,0,66,0,66,0,13,97,0,110,156,0,156,266
08/04/2022,OLV,MS,ASO,ES,Federal Contract Tower,0,13,16,2,31,0,2,61,0,63,0,15,77,2,94,170,0,170,264
08/05/2022,OLV,MS,ASO,ES,Federal Contract Tower,0,17,22,0,39,0,0,62,0,62,0,17,84,0,101,88,0,88,189
08/06/2022,OLV,MS,ASO,ES,Federal Contract Tower,0,7,28,0,35,0,6,123,0,129,0,13,151,0,164,226,0,226,390
08/07/2022,OLV,MS,ASO,ES,Federal Contract Tower,0,15,16,0,31,0,10,115,0,125,0,25,131,0,156,142,0,142,298
08/08/2022,OLV,MS,ASO,ES,Federal Contract Tower,0,21,27,0,48,0,4,108,15,127,0,25,135,15,175,232,0,232,407
08/09/2022,OLV,MS,ASO,ES,Federal Contract Tower,0,11,16,0,27,0,6,65,0,71,0,17,81,0,98,92,0,92,190
08/10/2022,OLV,MS,ASO,ES,Federal Contract Tower,0,12,27,0,39,0,3,70,0,73,0,15,97,0,112,116,0,116,228
08/11/2022,OLV,MS,ASO,ES,Federal Contract Tower,0,13,22,0,35,0,0,42,0,42,0,13,64,0,77,146,0,146,223
08/12/2022,OLV,MS,ASO,ES,Federal Contract Tower,0,20,52,0,72,0,16,217,0,233,0,36,269,0,305,157,0,157,462
08/13/2022,OLV,MS,ASO,ES,Federal Contract Tower,0,10,21,0,31,0,11,203,0,214,0,21,224,0,245,218,0,218,463
08/14/2022,OLV,MS,ASO,ES,Federal Contract Tower,0,36,24,0,60,0,5,98,0,103,0,41,122,0,163,112,0,112,275
08/15/2022,OLV,MS,ASO,ES,Federal Contract Tower,0,5,33,0,38,0,4,146,0,150,0,9,179,0,188,196,0,196,384
08/16/2022,OLV,MS,ASO,ES,Federal Contract Tower,0,9,21,0,30,0,3,155,0,158,0,12,176,0,188,288,0,288,476
08/17/2022,OLV,MS,ASO,ES,Federal Contract Tower,0,9,13,0,22,0,0,23,0,23,0,9,36,0,45,48,0,48,93
08/18/2022,OLV,MS,ASO,ES,Federal Contract Tower,0,21,45,0,66,0,3,179,0,182,0,24,224,0,248,132,0,132,380
08/19/2022,OLV,MS,ASO,ES,Federal Contract Tower,0,0,0,0,0,0,2,4,0,6,0,2,4,0,6,0,0,0,6
08/20/2022,OLV,MS,ASO,ES,Federal Contract Tower,0,0,0,0,0,0,2,0,0,2,0,2,0,0,2,0,0,0,2
08/21/2022,OLV,MS,ASO,ES,Federal Contract Tower,0,0,0,0,0,0,0,0,0,0,0,0,0,0,0,0,0,0,0
08/22/2022,OLV,MS,ASO,ES,Federal Contract Tower,0,0,0,0,0,0,0,0,0,0,0,0,0,0,0,0,0,0,0
08/23/2022,OLV,MS,ASO,ES,Federal Contract Tower,0,2,0,0,2,0,5,0,0,5,0,7,0,0,7,0,0,0,7
08/24/2022,OLV,MS,ASO,ES,Federal Contract Tower,0,0,0,0,0,0,2,3,1,6,0,2,3,1,6,0,0,0,6
08/25/2022,OLV,MS,ASO,ES,Federal Contract Tower,0,0,0,0,0,0,6,0,1,7,0,6,0,1,7,0,0,0,7
08/26/2022,OLV,MS,ASO,ES,Federal Contract Tower,0,0,1,0,1,0,8,3,0,11,0,8,4,0,12,0,0,0,12
08/27/2022,OLV,MS,ASO,ES,Federal Contract Tower,0,0,0,0,0,0,6,6,0,12,0,6,6,0,12,0,0,0,12
08/28/2022,OLV,MS,ASO,ES,Federal Contract Tower,0,4,0,0,4,0,0,0,0,0,0,4,0,0,4,0,0,0,4
08/29/2022,OLV,MS,ASO,ES,Federal Contract Tower,0,0,0,0,0,0,3,4,0,7,0,3,4,0,7,0,0,0,7
08/30/2022,OLV,MS,ASO,ES,Federal Contract Tower,0,0,0,0,0,0,0,0,0,0,0,0,0,0,0,0,0,0,0
08/31/2022,OLV,MS,ASO,ES,Federal Contract Tower,0,2,0,0,2,0,0,3,0,3,0,2,3,0,5,0,0,0,5
09/01/2022,OLV,MS,ASO,ES,Federal Contract Tower,0,0,0,0,0,0,5,2,0,7,0,5,2,0,7,0,0,0,7
09/02/2022,OLV,MS,ASO,ES,Federal Contract Tower,0,4,0,0,4,0,0,11,0,11,0,4,11,0,15,0,0,0,15
09/03/2022,OLV,MS,ASO,ES,Federal Contract Tower,0,6,11,0,17,0,0,49,0,49,0,6,60,0,66,92,0,92,158
09/04/2022,OLV,MS,ASO,ES,Federal Contract Tower,0,4,4,0,8,0,0,40,0,40,0,4,44,0,48,34,0,34,82
09/05/2022,OLV,MS,ASO,ES,Federal Contract Tower,0,7,13,0,20,0,2,69,0,71,0,9,82,0,91,84,0,84,175
09/06/2022,OLV,MS,ASO,ES,Federal Contract Tower,0,7,35,0,42,0,2,96,0,98,0,9,131,0,140,120,0,120,260
09/07/2022,OLV,MS,ASO,ES,Federal Contract Tower,0,12,28,0,40,0,2,85,0,87,0,14,113,0,127,186,0,186,313
09/08/2022,OLV,MS,ASO,ES,Federal Contract Tower,0,13,29,0,42,0,0,119,5,124,0,13,148,5,166,162,0,162,328
09/09/2022,OLV,MS,ASO,ES,Federal Contract Tower,0,13,15,3,31,0,2,93,3,98,0,15,108,6,129,120,14,134,263
09/10/2022,OLV,MS,ASO,ES,Federal Contract Tower,0,3,4,0,7,0,0,2,1,3,0,3,6,1,10,2,0,2,12
09/11/2022,OLV,MS,ASO,ES,Federal Contract Tower,0,9,14,1,24,0,1,27,0,28,0,10,41,1,52,34,0,34,86
09/12/2022,OLV,MS,ASO,ES,Federal Contract Tower,0,11,26,0,37,0,11,203,2,216,0,22,229,2,253,162,34,196,449
09/13/2022,OLV,MS,ASO,ES,Federal Contract Tower,0,14,39,0,53,0,7,164,4,175,0,21,203,4,228,204,16,220,448
09/14/2022,OLV,MS,ASO,ES,Federal Contract Tower,0,11,44,2,57,0,4,125,0,129,0,15,169,2,186,134,0,134,320
09/15/2022,OLV,MS,ASO,ES,Federal Contract Tower,0,17,27,0,44,0,1,101,2,104,0,18,128,2,148,158,6,164,312
09/16/2022,OLV,MS,ASO,ES,Federal Contract Tower,0,13,26,2,41,0,3,116,2,121,0,16,142,4,162,226,2,228,390
09/17/2022,OLV,MS,ASO,ES,Federal Contract Tower,0,10,19,1,30,0,6,98,2,106,0,16,117,3,136,130,0,130,266
09/18/2022,OLV,MS,ASO,ES,Federal Contract Tower,0,12,20,0,32,0,4,73,3,80,0,16,93,3,112,52,8,60,172
09/19/2022,OLV,MS,ASO,ES,Federal Contract Tower,0,5,20,4,29,0,5,131,5,141,0,10,151,9,170,108,0,108,278
09/20/2022,OLV,MS,ASO,ES,Federal Contract Tower,0,12,37,4,53,0,10,119,13,142,0,22,156,17,195,120,0,120,315
09/21/2022,OLV,MS,ASO,ES,Federal Contract Tower,0,16,29,0,45,0,5,137,4,146,0,21,166,4,191,136,0,136,327
09/22/2022,OLV,MS,ASO,ES,Federal Contract Tower,0,9,36,0,45,0,11,90,0,101,0,20,126,0,146,138,0,138,284
09/23/2022,OLV,MS,ASO,ES,Federal Contract Tower,0,20,33,0,53,0,1,147,4,152,0,21,180,4,205,296,0,296,501
09/24/2022,OLV,MS,ASO,ES,Federal Contract Tower,0,6,24,1,31,0,5,67,11,83,0,11,91,12,114,139,24,163,277
09/25/2022,OLV,MS,ASO,ES,Federal Contract Tower,0,15,12,3,30,0,7,64,6,77,0,22,76,9,107,134,20,154,261
09/26/2022,OLV,MS,ASO,ES,Federal Contract Tower,0,19,28,0,47,0,10,112,3,125,0,29,140,3,172,180,0,180,352
09/27/2022,OLV,MS,ASO,ES,Federal Contract Tower,0,9,33,0,42,0,8,155,0,163,0,17,188,0,205,126,0,126,331
09/28/2022,OLV,MS,ASO,ES,Federal Contract Tower,0,14,26,0,40,0,0,91,0,91,0,14,117,0,131,120,0,120,251
09/29/2022,OLV,MS,ASO,ES,Federal Contract Tower,0,14,20,0,34,0,4,77,0,81,0,18,97,0,115,122,0,122,237
09/30/2022,OLV,MS,ASO,ES,Federal Contract Tower,0,14,37,0,51,0,1,121,0,122,0,15,158,0,173,146,0,146,319
10/01/2022,OLV,MS,ASO,ES,Federal Contract Tower,0,11,11,0,22,0,5,92,0,97,0,16,103,0,119,114,0,114,233
10/02/2022,OLV,MS,ASO,ES,Federal Contract Tower,0,17,23,0,40,0,0,75,0,75,0,17,98,0,115,126,0,126,241
10/03/2022,OLV,MS,ASO,ES,Federal Contract Tower,0,14,20,0,34,0,8,145,0,153,0,22,165,0,187,218,0,218,405
10/04/2022,OLV,MS,ASO,ES,Federal Contract Tower,0,19,20,0,39,0,13,164,0,177,0,32,184,0,216,152,0,152,368
10/05/2022,OLV,MS,ASO,ES,Federal Contract Tower,0,11,30,0,41,0,4,191,0,195,0,15,221,0,236,232,0,232,468
10/06/2022,OLV,MS,ASO,ES,Federal Contract Tower,0,15,40,0,55,0,4,136,0,140,0,19,176,0,195,210,0,210,405
10/07/2022,OLV,MS,ASO,ES,Federal Contract Tower,0,6,27,1,34,0,9,171,7,187,0,15,198,8,221,282,0,282,503
10/08/2022,OLV,MS,ASO,ES,Federal Contract Tower,0,0,0,0,0,0,0,3,0,3,0,0,3,0,3,0,0,0,3
10/09/2022,OLV,MS,ASO,ES,Federal Contract Tower,0,5,5,0,10,0,4,15,0,19,0,9,20,0,29,0,0,0,29
10/10/2022,OLV,MS,ASO,ES,Federal Contract Tower,0,14,26,0,40,0,0,171,0,171,0,14,197,0,211,174,0,174,385
10/11/2022,OLV,MS,ASO,ES,Federal Contract Tower,0,13,27,0,40,0,1,116,0,117,0,14,143,0,157,166,0,166,323
10/12/2022,OLV,MS,ASO,ES,Federal Contract Tower,0,14,13,0,27,0,1,29,0,30,0,15,42,0,57,24,0,24,81
10/13/2022,OLV,MS,ASO,ES,Federal Contract Tower,0,23,35,0,58,0,1,142,0,143,0,24,177,0,201,160,0,160,361
10/14/2022,OLV,MS,ASO,ES,Federal Contract Tower,0,25,35,0,60,0,19,86,1,106,0,44,121,1,166,82,0,82,248
10/15/2022,OLV,MS,ASO,ES,Federal Contract Tower,0,8,19,0,27,0,4,51,0,55,0,12,70,0,82,44,0,44,126
10/16/2022,OLV,MS,ASO,ES,Federal Contract Tower,0,17,9,0,26,0,12,47,0,59,0,29,56,0,85,106,0,106,191
10/17/2022,OLV,MS,ASO,ES,Federal Contract Tower,0,22,12,0,34,0,0,98,0,98,0,22,110,0,132,104,0,104,236
10/18/2022,OLV,MS,ASO,ES,Federal Contract Tower,0,24,25,0,49,0,5,124,0,129,0,29,149,0,178,138,0,138,316
10/19/2022,OLV,MS,ASO,ES,Federal Contract Tower,0,13,38,1,52,0,4,124,1,129,0,17,162,2,181,208,0,208,389
10/20/2022,OLV,MS,ASO,ES,Federal Contract Tower,0,17,27,0,44,0,2,132,0,134,0,19,159,0,178,180,0,180,358
10/21/2022,OLV,MS,ASO,ES,Federal Contract Tower,0,23,24,0,47,0,0,98,0,98,0,23,122,0,145,144,0,144,289
10/22/2022,OLV,MS,ASO,ES,Federal Contract Tower,0,15,17,0,32,0,8,54,1,63,0,23,71,1,95,56,0,56,151
10/23/2022,OLV,MS,ASO,ES,Federal Contract Tower,0,19,12,0,31,0,6,54,0,60,0,25,66,0,91,72,0,72,163
10/24/2022,OLV,MS,ASO,ES,Federal Contract Tower,0,16,27,0,43,0,7,101,0,108,0,23,128,0,151,136,0,136,287
10/25/2022,OLV,MS,ASO,ES,Federal Contract Tower,0,6,3,0,9,0,0,0,0,0,0,6,3,0,9,0,0,0,9
10/26/2022,OLV,MS,ASO,ES,Federal Contract Tower,0,21,30,0,51,0,5,160,1,166,0,26,190,1,217,220,0,220,437
10/27/2022,OLV,MS,ASO,ES,Federal Contract Tower,0,17,23,0,40,0,4,107,0,111,0,21,130,0,151,280,0,280,431
10/28/2022,OLV,MS,ASO,ES,Federal Contract Tower,0,16,20,0,36,0,0,130,0,130,0,16,150,0,166,204,0,204,370
10/29/2022,OLV,MS,ASO,ES,Federal Contract Tower,0,6,9,0,15,0,0,15,0,15,0,6,24,0,30,28,0,28,58
10/30/2022,OLV,MS,ASO,ES,Federal Contract Tower,0,19,12,0,31,0,4,28,0,32,0,23,40,0,63,146,0,146,209
10/31/2022,OLV,MS,ASO,ES,Federal Contract Tower,0,15,28,0,43,0,2,35,0,37,0,17,63,0,80,174,0,174,254
11/01/2022,OLV,MS,ASO,ES,Federal Contract Tower,0,6,38,0,44,0,0,150,0,150,0,6,188,0,194,258,0,258,452
11/02/2022,OLV,MS,ASO,ES,Federal Contract Tower,0,9,40,0,49,0,5,121,0,126,0,14,161,0,175,244,0,244,419
11/03/2022,OLV,MS,ASO,ES,Federal Contract Tower,0,19,28,2,49,0,2,148,2,152,0,21,176,4,201,280,0,280,481
11/04/2022,OLV,MS,ASO,ES,Federal Contract Tower,0,11,22,1,34,0,4,69,3,76,0,15,91,4,110,90,0,90,200
11/05/2022,OLV,MS,ASO,ES,Federal Contract Tower,0,7,12,0,19,0,2,26,0,28,0,9,38,0,47,30,0,30,77
11/06/2022,OLV,MS,ASO,ES,Federal Contract Tower,0,17,30,2,49,0,2,61,1,64,0,19,91,3,113,92,2,94,207
11/07/2022,OLV,MS,ASO,ES,Federal Contract Tower,0,16,0,0,16,0,0,0,0,0,0,16,0,0,16,0,0,0,16
11/08/2022,OLV,MS,ASO,ES,Federal Contract Tower,0,15,34,0,49,0,0,176,0,176,0,15,210,0,225,174,0,174,399
11/09/2022,OLV,MS,ASO,ES,Federal Contract Tower,0,25,34,0,59,0,6,144,0,150,0,31,178,0,209,198,0,198,407
11/10/2022,OLV,MS,ASO,ES,Federal Contract Tower,0,21,30,2,53,0,8,150,2,160,0,29,180,4,213,220,2,222,435
11/11/2022,OLV,MS,ASO,ES,Federal Contract Tower,0,23,40,0,63,0,6,127,2,135,0,29,167,2,198,310,0,310,508
11/12/2022,OLV,MS,ASO,ES,Federal Contract Tower,0,18,3,0,21,0,4,18,1,23,0,22,21,1,44,58,0,58,102
11/13/2022,OLV,MS,ASO,ES,Federal Contract Tower,0,21,14,0,35,0,11,55,1,67,0,32,69,1,102,94,0,94,196
11/14/2022,OLV,MS,ASO,ES,Federal Contract Tower,0,4,24,0,28,0,2,144,0,146,0,6,168,0,174,310,0,310,484
11/15/2022,OLV,MS,ASO,ES,Federal Contract Tower,0,11,8,0,19,0,0,51,0,51,0,11,59,0,70,88,0,88,158
11/16/2022,OLV,MS,ASO,ES,Federal Contract Tower,0,21,33,0,54,0,6,122,0,128,0,27,155,0,182,242,0,242,424
11/17/2022,OLV,MS,ASO,ES,Federal Contract Tower,0,7,34,0,41,0,6,135,0,141,0,13,169,0,182,194,0,194,376
11/18/2022,OLV,MS,ASO,ES,Federal Contract Tower,0,16,25,0,41,0,5,134,0,139,0,21,159,0,180,348,0,348,528
11/19/2022,OLV,MS,ASO,ES,Federal Contract Tower,0,16,25,1,42,0,2,62,0,64,0,18,87,1,106,142,0,142,248
11/20/2022,OLV,MS,ASO,ES,Federal Contract Tower,0,8,22,0,30,0,3,68,0,71,0,11,90,0,101,204,0,204,305
11/21/2022,OLV,MS,ASO,ES,Federal Contract Tower,0,12,26,0,38,0,4,148,0,152,0,16,174,0,190,168,0,168,358
11/22/2022,OLV,MS,ASO,ES,Federal Contract Tower,0,14,33,0,47,0,5,147,0,152,0,19,180,0,199,214,0,214,413
11/23/2022,OLV,MS,ASO,ES,Federal Contract Tower,0,17,17,0,34,0,15,139,0,154,0,32,156,0,188,168,10,178,366
11/24/2022,OLV,MS,ASO,ES,Federal Contract Tower,0,4,0,0,4,0,6,3,0,9,0,10,3,0,13,6,0,6,19
11/25/2022,OLV,MS,ASO,ES,Federal Contract Tower,0,12,11,0,23,0,9,36,0,45,0,21,47,0,68,126,0,126,194
11/26/2022,OLV,MS,ASO,ES,Federal Contract Tower,0,8,6,0,14,0,0,10,0,10,0,8,16,0,24,22,0,22,46
11/27/2022,OLV,MS,ASO,ES,Federal Contract Tower,0,15,10,0,25,0,2,1,0,3,0,17,11,0,28,0,0,0,28
11/28/2022,OLV,MS,ASO,ES,Federal Contract Tower,0,12,32,0,44,0,19,145,1,165,0,31,177,1,209,188,0,188,397
11/29/2022,OLV,MS,ASO,ES,Federal Contract Tower,0,2,1,0,3,0,0,5,0,5,0,2,6,0,8,10,0,10,18
11/30/2022,OLV,MS,ASO,ES,Federal Contract Tower,0,14,25,2,41,0,6,135,4,145,0,20,160,6,186,288,28,316,502
12/01/2022,OLV,MS,ASO,ES,Federal Contract Tower,0,11,20,0,31,0,1,130,0,131,0,12,150,0,162,272,0,272,434
12/02/2022,OLV,MS,ASO,ES,Federal Contract Tower,0,12,18,0,30,0,6,58,0,64,0,18,76,0,94,112,0,112,206
12/03/2022,OLV,MS,ASO,ES,Federal Contract Tower,0,13,8,0,21,0,2,36,0,38,0,15,44,0,59,128,0,128,187
12/04/2022,OLV,MS,ASO,ES,Federal Contract Tower,0,9,13,0,22,0,0,46,0,46,0,9,59,0,68,96,0,96,164
12/05/2022,OLV,MS,ASO,ES,Federal Contract Tower,0,11,2,0,13,0,0,0,0,0,0,11,2,0,13,0,0,0,13
12/06/2022,OLV,MS,ASO,ES,Federal Contract Tower,0,21,13,3,37,0,0,23,0,23,0,21,36,3,60,24,0,24,84
12/07/2022,OLV,MS,ASO,ES,Federal Contract Tower,0,14,1,0,15,0,0,0,0,0,0,14,1,0,15,0,0,0,15
12/08/2022,OLV,MS,ASO,ES,Federal Contract Tower,0,9,3,0,12,0,0,0,0,0,0,9,3,0,12,0,0,0,12
12/09/2022,OLV,MS,ASO,ES,Federal Contract Tower,0,12,7,0,19,0,0,2,0,2,0,12,9,0,21,2,0,2,23
12/10/2022,OLV,MS,ASO,ES,Federal Contract Tower,0,2,0,0,2,0,0,0,0,0,0,2,0,0,2,0,0,0,2
12/11/2022,OLV,MS,ASO,ES,Federal Contract Tower,0,10,14,0,24,0,0,0,0,0,0,10,14,0,24,0,0,0,24
12/12/2022,OLV,MS,ASO,ES,Federal Contract Tower,0,11,29,0,40,0,0,5,0,5,0,11,34,0,45,54,0,54,99
12/13/2022,OLV,MS,ASO,ES,Federal Contract Tower,0,7,8,0,15,0,0,2,0,2,0,7,10,0,17,18,0,18,35
12/14/2022,OLV,MS,ASO,ES,Federal Contract Tower,0,11,2,0,13,0,0,0,0,0,0,11,2,0,13,0,0,0,13
12/15/2022,OLV,MS,ASO,ES,Federal Contract Tower,0,7,28,1,36,0,6,146,3,155,0,13,174,4,191,154,0,154,345
12/16/2022,OLV,MS,ASO,ES,Federal Contract Tower,0,20,17,0,37,0,8,124,0,132,0,28,141,0,169,212,0,212,381
12/17/2022,OLV,MS,ASO,ES,Federal Contract Tower,0,3,16,0,19,0,4,74,0,78,0,7,90,0,97,78,0,78,175
12/18/2022,OLV,MS,ASO,ES,Federal Contract Tower,0,11,17,1,29,0,8,98,1,107,0,19,115,2,136,198,0,198,334
12/19/2022,OLV,MS,ASO,ES,Federal Contract Tower,0,7,36,0,43,0,9,169,0,178,0,16,205,0,221,340,0,340,561
12/20/2022,OLV,MS,ASO,ES,Federal Contract Tower,0,10,26,0,36,0,6,242,1,249,0,16,268,1,285,316,0,316,601
12/21/2022,OLV,MS,ASO,ES,Federal Contract Tower,0,15,26,0,41,0,5,154,0,159,0,20,180,0,200,314,0,314,514
12/22/2022,OLV,MS,ASO,ES,Federal Contract Tower,0,6,3,0,9,0,0,0,0,0,0,6,3,0,9,0,0,0,9
12/23/2022,OLV,MS,ASO,ES,Federal Contract Tower,0,4,2,0,6,0,0,1,0,1,0,4,3,0,7,0,0,0,7
12/24/2022,OLV,MS,ASO,ES,Federal Contract Tower,0,5,1,0,6,0,4,0,0,4,0,9,1,0,10,0,0,0,10
12/25/2022,OLV,MS,ASO,ES,Federal Contract Tower,0,4,4,0,8,0,0,7,0,7,0,4,11,0,15,2,0,2,17
12/26/2022,OLV,MS,ASO,ES,Federal Contract Tower,0,6,0,0,6,0,0,0,0,0,0,6,0,0,6,0,0,0,6
12/27/2022,OLV,MS,ASO,ES,Federal Contract Tower,0,16,14,3,33,0,1,112,0,113,0,17,126,3,146,110,0,110,256
12/28/2022,OLV,MS,ASO,ES,Federal Contract Tower,0,11,13,0,24,0,1,78,6,85,0,12,91,6,109,216,12,228,337
12/29/2022,OLV,MS,ASO,ES,Federal Contract Tower,0,4,13,0,17,0,0,8,0,8,0,4,21,0,25,6,0,6,31
12/30/2022,OLV,MS,ASO,ES,Federal Contract Tower,0,7,5,6,18,0,0,0,0,0,0,7,5,6,18,0,0,0,18
12/31/2022,OLV,MS,ASO,ES,Federal Contract Tower,0,11,4,1,16,0,0,20,0,20,0,11,24,1,36,62,0,62,98
01/01/2023,OLV,MS,ASO,ES,Federal Contract Tower,0,1,8,0,9,0,5,69,0,74,0,6,77,0,83,68,0,68,151
01/02/2023,OLV,MS,ASO,ES,Federal Contract Tower,0,9,2,0,11,0,0,0,0,0,0,9,2,0,11,0,0,0,11
01/03/2023,OLV,MS,ASO,ES,Federal Contract Tower,0,6,9,0,15,0,2,40,0,42,0,8,49,0,57,50,0,50,107
01/04/2023,OLV,MS,ASO,ES,Federal Contract Tower,0,4,26,0,30,0,4,160,0,164,0,8,186,0,194,224,0,224,418
01/05/2023,OLV,MS,ASO,ES,Federal Contract Tower,0,14,18,0,32,0,3,144,0,147,0,17,162,0,179,144,0,144,323
01/06/2023,OLV,MS,ASO,ES,Federal Contract Tower,0,7,25,0,32,0,4,191,0,195,0,11,216,0,227,280,0,280,507
01/07/2023,OLV,MS,ASO,ES,Federal Contract Tower,0,3,10,0,13,0,0,16,0,16,0,3,26,0,29,40,0,40,69
01/08/2023,OLV,MS,ASO,ES,Federal Contract Tower,0,5,12,0,17,0,3,47,0,50,0,8,59,0,67,130,0,130,197
01/09/2023,OLV,MS,ASO,ES,Federal Contract Tower,0,12,28,0,40,0,2,212,0,214,0,14,240,0,254,258,0,258,512
01/10/2023,OLV,MS,ASO,ES,Federal Contract Tower,0,8,30,0,38,0,1,172,0,173,0,9,202,0,211,370,0,370,581
01/11/2023,OLV,MS,ASO,ES,Federal Contract Tower,0,22,18,0,40,0,0,92,0,92,0,22,110,0,132,98,0,98,230
01/12/2023,OLV,MS,ASO,ES,Federal Contract Tower,0,12,6,0,18,0,1,7,0,8,0,13,13,0,26,10,0,10,36
01/13/2023,OLV,MS,ASO,ES,Federal Contract Tower,0,12,23,0,35,0,1,87,0,88,0,13,110,0,123,232,0,232,355
01/14/2023,OLV,MS,ASO,ES,Federal Contract Tower,0,3,27,0,30,0,3,139,2,144,0,6,166,2,174,136,0,136,310
01/15/2023,OLV,MS,ASO,ES,Federal Contract Tower,0,14,32,0,46,0,0,125,1,126,0,14,157,1,172,228,0,228,400
01/16/2023,OLV,MS,ASO,ES,Federal Contract Tower,0,4,6,0,10,0,0,29,0,29,0,4,35,0,39,52,0,52,91
01/17/2023,OLV,MS,ASO,ES,Federal Contract Tower,0,17,17,0,34,0,0,0,0,0,0,17,17,0,34,136,0,136,170
01/18/2023,OLV,MS,ASO,ES,Federal Contract Tower,0,4,2,0,6,0,0,0,0,0,0,4,2,0,6,0,0,0,6
01/19/2023,OLV,MS,ASO,ES,Federal Contract Tower,0,13,12,0,25,0,3,51,0,54,0,16,63,0,79,20,0,20,99
01/20/2023,OLV,MS,ASO,ES,Federal Contract Tower,0,11,37,0,48,0,2,206,1,209,0,13,243,1,257,300,0,300,557
01/21/2023,OLV,MS,ASO,ES,Federal Contract Tower,0,1,28,1,30,0,7,127,4,138,0,8,155,5,168,196,0,196,364
01/22/2023,OLV,MS,ASO,ES,Federal Contract Tower,0,5,6,0,11,0,3,17,0,20,0,8,23,0,31,64,0,64,95
01/23/2023,OLV,MS,ASO,ES,Federal Contract Tower,0,4,26,0,30,0,0,164,2,166,0,4,190,2,196,348,0,348,544
01/24/2023,OLV,MS,ASO,ES,Federal Contract Tower,0,5,16,0,21,0,0,99,0,99,0,5,115,0,120,164,0,164,284
01/25/2023,OLV,MS,ASO,ES,Federal Contract Tower,0,5,4,0,9,0,2,2,0,4,0,7,6,0,13,0,0,0,13
01/26/2023,OLV,MS,ASO,ES,Federal Contract Tower,0,24,18,0,42,0,6,71,2,79,0,30,89,2,121,112,0,112,233
01/27/2023,OLV,MS,ASO,ES,Federal Contract Tower,0,7,14,1,22,0,6,72,5,83,0,13,86,6,105,94,8,102,207
01/28/2023,OLV,MS,ASO,ES,Federal Contract Tower,0,8,17,0,25,0,4,97,11,112,0,12,114,11,137,208,0,208,345
01/29/2023,OLV,MS,ASO,ES,Federal Contract Tower,0,13,9,0,22,0,0,0,0,0,0,13,9,0,22,0,0,0,22
01/30/2023,OLV,MS,ASO,ES,Federal Contract Tower,0,10,0,0,10,0,0,0,0,0,0,10,0,0,10,0,0,0,10
01/31/2023,OLV,MS,ASO,ES,Federal Contract Tower,0,1,0,0,1,0,0,0,0,0,0,1,0,0,1,0,0,0,1
02/01/2023,OLV,MS,ASO,ES,Federal Contract Tower,0,0,0,0,0,0,0,0,0,0,0,0,0,0,0,0,0,0,0
02/02/2023,OLV,MS,ASO,ES,Federal Contract Tower,0,4,1,0,5,0,0,0,0,0,0,4,1,0,5,0,0,0,5
02/03/2023,OLV,MS,ASO,ES,Federal Contract Tower,0,15,19,0,34,0,2,72,1,75,0,17,91,1,109,186,0,186,295
02/04/2023,OLV,MS,ASO,ES,Federal Contract Tower,0,5,16,0,21,0,1,143,1,145,0,6,159,1,166,174,0,174,340
02/05/2023,OLV,MS,ASO,ES,Federal Contract Tower,0,5,27,0,32,0,1,69,0,70,0,6,96,0,102,140,0,140,242
02/06/2023,OLV,MS,ASO,ES,Federal Contract Tower,0,9,32,0,41,0,7,179,0,186,0,16,211,0,227,296,0,296,523
02/07/2023,OLV,MS,ASO,ES,Federal Contract Tower,0,7,33,0,40,0,2,151,0,153,0,9,184,0,193,262,0,262,455
02/08/2023,OLV,MS,ASO,ES,Federal Contract Tower,0,11,3,0,14,0,0,6,0,6,0,11,9,0,20,82,0,82,102
02/09/2023,OLV,MS,ASO,ES,Federal Contract Tower,0,7,25,0,32,0,1,48,6,55,0,8,73,6,87,70,0,70,157
02/10/2023,OLV,MS,ASO,ES,Federal Contract Tower,0,10,28,0,38,0,1,128,2,131,0,11,156,2,169,276,0,276,445
02/11/2023,OLV,MS,ASO,ES,Federal Contract Tower,0,7,25,0,32,0,3,56,0,59,0,10,81,0,91,214,0,214,305
02/12/2023,OLV,MS,ASO,ES,Federal Contract Tower,0,12,24,0,36,0,7,94,4,105,0,19,118,4,141,280,0,280,421
02/13/2023,OLV,MS,ASO,ES,Federal Contract Tower,0,8,25,0,33,0,8,127,0,135,0,16,152,0,168,180,0,180,348
02/14/2023,OLV,MS,ASO,ES,Federal Contract Tower,0,7,11,0,18,0,4,43,0,47,0,11,54,0,65,64,0,64,129
02/15/2023,OLV,MS,ASO,ES,Federal Contract Tower,0,8,17,0,25,0,0,35,0,35,0,8,52,0,60,110,0,110,170
02/16/2023,OLV,MS,ASO,ES,Federal Contract Tower,0,11,8,0,19,0,0,2,0,2,0,11,10,0,21,44,0,44,65
02/17/2023,OLV,MS,ASO,ES,Federal Contract Tower,0,17,21,0,38,0,6,140,0,146,0,23,161,0,184,222,0,222,406
02/18/2023,OLV,MS,ASO,ES,Federal Contract Tower,0,13,21,0,34,0,2,171,2,175,0,15,192,2,209,268,6,274,483
02/19/2023,OLV,MS,ASO,ES,Federal Contract Tower,0,5,14,1,20,0,1,70,0,71,0,6,84,1,91,148,0,148,239
02/20/2023,OLV,MS,ASO,ES,Federal Contract Tower,0,19,18,0,37,0,6,53,0,59,0,25,71,0,96,52,0,52,148
02/21/2023,OLV,MS,ASO,ES,Federal Contract Tower,0,12,20,2,34,0,7,158,0,165,0,19,178,2,199,160,0,160,359
02/22/2023,OLV,MS,ASO,ES,Federal Contract Tower,0,13,0,0,13,0,6,0,0,6,0,19,0,0,19,0,0,0,19
02/23/2023,OLV,MS,ASO,ES,Federal Contract Tower,0,15,29,1,45,0,7,97,0,104,0,22,126,1,149,132,0,132,281
02/24/2023,OLV,MS,ASO,ES,Federal Contract Tower,0,5,2,2,9,0,0,0,0,0,0,5,2,2,9,28,0,28,37
02/25/2023,OLV,MS,ASO,ES,Federal Contract Tower,0,3,4,4,11,0,0,0,0,0,0,3,4,4,11,0,0,0,11
02/26/2023,OLV,MS,ASO,ES,Federal Contract Tower,0,10,11,0,21,0,0,30,0,30,0,10,41,0,51,66,0,66,117
02/27/2023,OLV,MS,ASO,ES,Federal Contract Tower,0,7,6,0,13,0,1,9,0,10,0,8,15,0,23,12,0,12,35
02/28/2023,OLV,MS,ASO,ES,Federal Contract Tower,0,16,27,1,44,0,4,260,4,268,0,20,287,5,312,318,4,322,634
03/01/2023,OLV,MS,ASO,ES,Federal Contract Tower,0,8,12,2,22,0,0,48,0,48,0,8,60,2,70,74,0,74,144
03/02/2023,OLV,MS,ASO,ES,Federal Contract Tower,0,9,9,0,18,0,0,36,0,36,0,9,45,0,54,44,0,44,98
03/03/2023,OLV,MS,ASO,ES,Federal Contract Tower,0,5,4,0,9,0,0,0,0,0,0,5,4,0,9,0,0,0,9
03/04/2023,OLV,MS,ASO,ES,Federal Contract Tower,0,9,43,1,53,0,0,242,0,242,0,9,285,1,295,258,0,258,553
03/05/2023,OLV,MS,ASO,ES,Federal Contract Tower,0,11,34,1,46,0,5,204,4,213,0,16,238,5,259,290,0,290,549
03/06/2023,OLV,MS,ASO,ES,Federal Contract Tower,0,14,34,1,49,0,8,167,0,175,0,22,201,1,224,202,0,202,426
03/07/2023,OLV,MS,ASO,ES,Federal Contract Tower,0,18,18,1,37,0,3,179,1,183,0,21,197,2,220,118,0,118,338
03/08/2023,OLV,MS,ASO,ES,Federal Contract Tower,0,10,14,0,24,0,0,25,0,25,0,10,39,0,49,30,0,30,79
03/09/2023,OLV,MS,ASO,ES,Federal Contract Tower,0,13,7,0,20,0,0,86,0,86,0,13,93,0,106,22,0,22,128
03/10/2023,OLV,MS,ASO,ES,Federal Contract Tower,0,28,43,1,72,0,5,137,0,142,0,33,180,1,214,238,0,238,452
03/11/2023,OLV,MS,ASO,ES,Federal Contract Tower,0,16,20,0,36,0,23,92,0,115,0,39,112,0,151,94,0,94,245
03/12/2023,OLV,MS,ASO,ES,Federal Contract Tower,0,7,6,1,14,0,2,15,0,17,0,9,21,1,31,34,0,34,65
03/13/2023,OLV,MS,ASO,ES,Federal Contract Tower,0,5,44,0,49,0,6,164,2,172,0,11,208,2,221,190,8,198,419
03/14/2023,OLV,MS,ASO,ES,Federal Contract Tower,0,19,24,0,43,0,0,292,4,296,0,19,316,4,339,250,12,262,601
03/15/2023,OLV,MS,ASO,ES,Federal Contract Tower,0,11,39,0,50,0,10,222,2,234,0,21,261,2,284,270,0,270,554
03/16/2023,OLV,MS,ASO,ES,Federal Contract Tower,0,13,22,0,35,0,0,83,0,83,0,13,105,0,118,54,0,54,172
03/17/2023,OLV,MS,ASO,ES,Federal Contract Tower,0,10,10,0,20,0,1,51,0,52,0,11,61,0,72,70,0,70,142
03/18/2023,OLV,MS,ASO,ES,Federal Contract Tower,0,11,17,1,29,0,0,77,0,77,0,11,94,1,106,24,0,24,130
03/19/2023,OLV,MS,ASO,ES,Federal Contract Tower,0,12,22,0,34,0,0,91,2,93,0,12,113,2,127,162,0,162,289
03/20/2023,OLV,MS,ASO,ES,Federal Contract Tower,0,4,41,0,45,0,13,177,0,190,0,17,218,0,235,244,0,244,479
03/21/2023,OLV,MS,ASO,ES,Federal Contract Tower,0,15,13,0,28,0,5,68,0,73,0,20,81,0,101,178,0,178,279
03/22/2023,OLV,MS,ASO,ES,Federal Contract Tower,0,10,16,0,26,0,0,94,0,94,0,10,110,0,120,188,0,188,308
03/23/2023,OLV,MS,ASO,ES,Federal Contract Tower,0,6,14,0,20,0,0,15,0,15,0,6,29,0,35,40,0,40,75
03/24/2023,OLV,MS,ASO,ES,Federal Contract Tower,0,8,4,0,12,0,0,0,0,0,0,8,4,0,12,0,0,0,12
03/25/2023,OLV,MS,ASO,ES,Federal Contract Tower,0,15,23,0,38,0,8,108,2,118,0,23,131,2,156,172,6,178,334
03/26/2023,OLV,MS,ASO,ES,Federal Contract Tower,0,10,28,3,41,0,4,189,2,195,0,14,217,5,236,212,0,212,448
03/27/2023,OLV,MS,ASO,ES,Federal Contract Tower,0,12,20,0,32,0,3,183,3,189,0,15,203,3,221,198,6,204,425
03/28/2023,OLV,MS,ASO,ES,Federal Contract Tower,0,19,21,0,40,0,6,114,0,120,0,25,135,0,160,132,0,132,292
03/29/2023,OLV,MS,ASO,ES,Federal Contract Tower,0,27,29,1,57,0,7,215,1,223,0,34,244,2,280,274,20,294,574
03/30/2023,OLV,MS,ASO,ES,Federal Contract Tower,0,16,30,1,47,0,0,177,0,177,0,16,207,1,224,240,0,240,464
03/31/2023,OLV,MS,ASO,ES,Federal Contract Tower,0,9,4,0,13,0,0,1,0,1,0,9,5,0,14,0,0,0,14
04/01/2023,OLV,MS,ASO,ES,Federal Contract Tower,0,12,5,0,17,0,2,23,0,25,0,14,28,0,42,10,0,10,52
04/02/2023,OLV,MS,ASO,ES,Federal Contract Tower,0,12,11,0,23,0,4,128,0,132,0,16,139,0,155,238,0,238,393
04/03/2023,OLV,MS,ASO,ES,Federal Contract Tower,0,13,30,0,43,0,0,66,0,66,0,13,96,0,109,106,0,106,215
04/04/2023,OLV,MS,ASO,ES,Federal Contract Tower,0,8,20,0,28,0,0,53,0,53,0,8,73,0,81,62,0,62,143
04/05/2023,OLV,MS,ASO,ES,Federal Contract Tower,0,10,3,0,13,0,5,0,0,5,0,15,3,0,18,0,0,0,18
04/06/2023,OLV,MS,ASO,ES,Federal Contract Tower,0,13,9,0,22,0,0,1,0,1,0,13,10,0,23,0,0,0,23
04/07/2023,OLV,MS,ASO,ES,Federal Contract Tower,0,11,30,0,41,0,0,116,0,116,0,11,146,0,157,180,0,180,337
04/08/2023,OLV,MS,ASO,ES,Federal Contract Tower,0,11,25,0,36,0,0,88,0,88,0,11,113,0,124,364,0,364,488
04/09/2023,OLV,MS,ASO,ES,Federal Contract Tower,0,6,16,0,22,0,0,77,0,77,0,6,93,0,99,60,0,60,159
04/10/2023,OLV,MS,ASO,ES,Federal Contract Tower,0,16,25,0,41,0,4,192,0,196,0,20,217,0,237,210,0,210,447
04/11/2023,OLV,MS,ASO,ES,Federal Contract Tower,0,14,30,0,44,0,6,243,4,253,0,20,273,4,297,326,0,326,623
04/12/2023,OLV,MS,ASO,ES,Federal Contract Tower,0,14,31,0,45,0,5,294,6,305,0,19,325,6,350,316,0,316,666
04/13/2023,OLV,MS,ASO,ES,Federal Contract Tower,0,20,9,0,29,0,5,110,0,115,0,25,119,0,144,138,0,138,282
04/14/2023,OLV,MS,ASO,ES,Federal Contract Tower,0,14,35,0,49,0,0,133,1,134,0,14,168,1,183,214,0,214,397
04/15/2023,OLV,MS,ASO,ES,Federal Contract Tower,0,14,18,0,32,0,6,114,3,123,0,20,132,3,155,146,0,146,301
04/16/2023,OLV,MS,ASO,ES,Federal Contract Tower,0,8,15,0,23,0,4,13,0,17,0,12,28,0,40,2,0,2,42
04/17/2023,OLV,MS,ASO,ES,Federal Contract Tower,0,9,18,0,27,0,4,84,0,88,0,13,102,0,115,54,0,54,169
04/18/2023,OLV,MS,ASO,ES,Federal Contract Tower,0,10,27,0,37,0,5,211,0,216,0,15,238,0,253,203,0,203,456
04/19/2023,OLV,MS,ASO,ES,Federal Contract Tower,0,16,36,0,52,0,2,154,0,156,0,18,190,0,208,244,0,244,452
04/20/2023,OLV,MS,ASO,ES,Federal Contract Tower,0,16,31,0,47,0,0,105,3,108,0,16,136,3,155,208,0,208,363
04/21/2023,OLV,MS,ASO,ES,Federal Contract Tower,0,8,5,0,13,0,0,2,0,2,0,8,7,0,15,4,0,4,19
04/22/2023,OLV,MS,ASO,ES,Federal Contract Tower,0,4,34,0,38,0,2,145,1,148,0,6,179,1,186,164,0,164,350
04/23/2023,OLV,MS,ASO,ES,Federal Contract Tower,0,4,19,0,23,0,0,147,0,147,0,4,166,0,170,152,0,152,322
04/24/2023,OLV,MS,ASO,ES,Federal Contract Tower,0,13,20,1,34,0,2,187,1,190,0,15,207,2,224,326,0,326,550
04/25/2023,OLV,MS,ASO,ES,Federal Contract Tower,0,14,32,0,46,0,2,136,0,138,0,16,168,0,184,236,0,236,420
04/26/2023,OLV,MS,ASO,ES,Federal Contract Tower,0,13,34,0,47,0,0,99,0,99,0,13,133,0,146,194,0,194,340
04/27/2023,OLV,MS,ASO,ES,Federal Contract Tower,0,9,12,0,21,0,0,6,0,6,0,9,18,0,27,16,0,16,43
04/28/2023,OLV,MS,ASO,ES,Federal Contract Tower,0,11,25,2,38,0,4,69,2,75,0,15,94,4,113,292,0,292,405
04/29/2023,OLV,MS,ASO,ES,Federal Contract Tower,0,9,20,0,29,0,0,20,0,20,0,9,40,0,49,62,0,62,111
04/30/2023,OLV,MS,ASO,ES,Federal Contract Tower,0,18,11,0,29,0,9,44,2,55,0,27,55,2,84,80,0,80,164
05/01/2023,OLV,MS,ASO,ES,Federal Contract Tower,0,17,11,0,28,0,2,38,0,40,0,19,49,0,68,16,0,16,84
05/02/2023,OLV,MS,ASO,ES,Federal Contract Tower,0,16,8,0,24,0,1,54,0,55,0,17,62,0,79,32,0,32,111
05/03/2023,OLV,MS,ASO,ES,Federal Contract Tower,0,11,45,0,56,0,3,190,0,193,0,14,235,0,249,298,0,298,547
05/04/2023,OLV,MS,ASO,ES,Federal Contract Tower,0,7,48,0,55,0,1,228,0,229,0,8,276,0,284,256,0,256,540
05/05/2023,OLV,MS,ASO,ES,Federal Contract Tower,0,7,42,0,49,0,0,59,0,59,0,7,101,0,108,146,0,146,254
05/06/2023,OLV,MS,ASO,ES,Federal Contract Tower,0,12,17,1,30,0,2,40,0,42,0,14,57,1,72,120,0,120,192
05/07/2023,OLV,MS,ASO,ES,Federal Contract Tower,0,13,14,0,27,0,0,56,0,56,0,13,70,0,83,112,0,112,195
05/08/2023,OLV,MS,ASO,ES,Federal Contract Tower,0,17,20,0,37,0,2,59,0,61,0,19,79,0,98,60,0,60,158
05/09/2023,OLV,MS,ASO,ES,Federal Contract Tower,0,12,25,0,37,0,4,202,1,207,0,16,227,1,244,290,0,290,534
05/10/2023,OLV,MS,ASO,ES,Federal Contract Tower,0,8,13,0,21,0,0,105,1,106,0,8,118,1,127,164,0,164,291
05/11/2023,OLV,MS,ASO,ES,Federal Contract Tower,0,16,33,0,49,0,1,116,8,125,0,17,149,8,174,104,0,104,278
05/12/2023,OLV,MS,ASO,ES,Federal Contract Tower,0,20,12,0,32,0,0,37,0,37,0,20,49,0,69,60,0,60,129
05/13/2023,OLV,MS,ASO,ES,Federal Contract Tower,0,14,25,1,40,0,2,97,0,99,0,16,122,1,139,192,0,192,331
05/14/2023,OLV,MS,ASO,ES,Federal Contract Tower,0,17,11,0,28,0,0,112,2,114,0,17,123,2,142,78,0,78,220
05/15/2023,OLV,MS,ASO,ES,Federal Contract Tower,0,18,33,0,51,0,2,195,0,197,0,20,228,0,248,158,0,158,406
05/16/2023,OLV,MS,ASO,ES,Federal Contract Tower,0,14,19,0,33,0,4,109,2,115,0,18,128,2,148,104,0,104,252
05/17/2023,OLV,MS,ASO,ES,Federal Contract Tower,0,21,38,2,61,0,7,168,2,177,0,28,206,4,238,276,0,276,514
05/18/2023,OLV,MS,ASO,ES,Federal Contract Tower,0,11,32,1,44,0,4,209,3,216,0,15,241,4,260,284,0,284,544
05/19/2023,OLV,MS,ASO,ES,Federal Contract Tower,0,9,27,0,36,0,6,22,0,28,0,15,49,0,64,48,0,48,112
05/20/2023,OLV,MS,ASO,ES,Federal Contract Tower,0,7,17,0,24,0,3,14,0,17,0,10,31,0,41,28,0,28,69
05/21/2023,OLV,MS,ASO,ES,Federal Contract Tower,0,13,21,0,34,0,5,122,2,129,0,18,143,2,163,210,12,222,385
05/22/2023,OLV,MS,ASO,ES,Federal Contract Tower,0,19,33,0,52,0,7,163,1,171,0,26,196,1,223,226,0,226,449
05/23/2023,OLV,MS,ASO,ES,Federal Contract Tower,0,12,26,0,38,0,4,102,1,107,0,16,128,1,145,262,0,262,407
05/24/2023,OLV,MS,ASO,ES,Federal Contract Tower,0,11,27,0,38,0,0,167,0,167,0,11,194,0,205,222,0,222,427
05/25/2023,OLV,MS,ASO,ES,Federal Contract Tower,0,12,20,0,32,0,4,95,2,101,0,16,115,2,133,94,0,94,227
05/26/2023,OLV,MS,ASO,ES,Federal Contract Tower,0,20,28,2,50,0,1,172,1,174,0,21,200,3,224,224,0,224,448
05/27/2023,OLV,MS,ASO,ES,Federal Contract Tower,0,1,11,0,12,0,0,50,0,50,0,1,61,0,62,34,0,34,96
05/28/2023,OLV,MS,ASO,ES,Federal Contract Tower,0,7,12,1,20,0,10,96,0,106,0,17,108,1,126,114,0,114,240
05/29/2023,OLV,MS,ASO,ES,Federal Contract Tower,0,12,8,0,20,0,2,195,4,201,0,14,203,4,221,172,0,172,393
05/30/2023,OLV,MS,ASO,ES,Federal Contract Tower,0,5,38,0,43,0,2,194,0,196,0,7,232,0,239,196,0,196,435
05/31/2023,OLV,MS,ASO,ES,Federal Contract Tower,0,20,28,1,49,0,2,150,1,153,0,22,178,2,202,192,0,192,394
06/01/2023,OLV,MS,ASO,ES,Federal Contract Tower,0,17,16,0,33,0,7,145,2,154,0,24,161,2,187,144,0,144,331
06/02/2023,OLV,MS,ASO,ES,Federal Contract Tower,0,14,24,0,38,0,2,140,6,148,0,16,164,6,186,338,6,344,530
06/03/2023,OLV,MS,ASO,ES,Federal Contract Tower,0,5,20,0,25,0,5,100,0,105,0,10,120,0,130,148,0,148,278
06/04/2023,OLV,MS,ASO,ES,Federal Contract Tower,0,9,23,0,32,0,2,115,0,117,0,11,138,0,149,148,0,148,297
06/05/2023,OLV,MS,ASO,ES,Federal Contract Tower,0,10,12,2,24,0,2,93,0,95,0,12,105,2,119,146,0,146,265
06/06/2023,OLV,MS,ASO,ES,Federal Contract Tower,0,11,22,1,34,0,0,139,1,140,0,11,161,2,174,210,0,210,384
06/07/2023,OLV,MS,ASO,ES,Federal Contract Tower,0,20,28,0,48,0,1,171,0,172,0,21,199,0,220,232,0,232,452
06/08/2023,OLV,MS,ASO,ES,Federal Contract Tower,0,10,28,0,38,0,0,115,0,115,0,10,143,0,153,234,0,234,387
06/09/2023,OLV,MS,ASO,ES,Federal Contract Tower,0,19,60,0,79,0,0,179,0,179,0,19,239,0,258,334,0,334,592
06/10/2023,OLV,MS,ASO,ES,Federal Contract Tower,0,9,20,1,30,0,2,57,0,59,0,11,77,1,89,174,0,174,263
06/11/2023,OLV,MS,ASO,ES,Federal Contract Tower,0,21,17,0,38,0,5,53,0,58,0,26,70,0,96,88,0,88,184
06/12/2023,OLV,MS,ASO,ES,Federal Contract Tower,0,9,43,0,52,0,2,116,0,118,0,11,159,0,170,238,0,238,408
06/13/2023,OLV,MS,ASO,ES,Federal Contract Tower,0,17,35,0,52,0,1,177,0,178,0,18,212,0,230,148,0,148,378
06/14/2023,OLV,MS,ASO,ES,Federal Contract Tower,0,15,12,0,27,0,1,158,0,159,0,16,170,0,186,92,0,92,278
06/15/2023,OLV,MS,ASO,ES,Federal Contract Tower,0,19,23,0,42,0,3,80,0,83,0,22,103,0,125,78,0,78,203
06/16/2023,OLV,MS,ASO,ES,Federal Contract Tower,0,7,14,1,22,0,2,136,1,139,0,9,150,2,161,84,8,92,253
06/17/2023,OLV,MS,ASO,ES,Federal Contract Tower,0,6,25,0,31,0,4,148,0,152,0,10,173,0,183,214,8,222,405
06/18/2023,OLV,MS,ASO,ES,Federal Contract Tower,0,5,9,0,14,0,1,8,0,9,0,6,17,0,23,22,0,22,45
06/19/2023,OLV,MS,ASO,ES,Federal Contract Tower,0,12,31,0,43,0,3,122,0,125,0,15,153,0,168,198,0,198,366
06/20/2023,OLV,MS,ASO,ES,Federal Contract Tower,0,10,37,2,49,0,10,175,0,185,0,20,212,2,234,188,0,188,422
06/21/2023,OLV,MS,ASO,ES,Federal Contract Tower,0,16,24,0,40,0,3,58,0,61,0,19,82,0,101,168,0,168,269
06/22/2023,OLV,MS,ASO,ES,Federal Contract Tower,0,12,39,0,51,0,0,102,3,105,0,12,141,3,156,246,0,246,402
06/23/2023,OLV,MS,ASO,ES,Federal Contract Tower,0,14,35,0,49,0,4,131,0,135,0,18,166,0,184,136,0,136,320
06/24/2023,OLV,MS,ASO,ES,Federal Contract Tower,0,5,16,1,22,0,0,115,0,115,0,5,131,1,137,194,0,194,331
06/25/2023,OLV,MS,ASO,ES,Federal Contract Tower,0,13,17,0,30,0,0,48,0,48,0,13,65,0,78,118,0,118,196
06/26/2023,OLV,MS,ASO,ES,Federal Contract Tower,0,5,15,0,20,0,3,161,0,164,0,8,176,0,184,334,0,334,518
06/27/2023,OLV,MS,ASO,ES,Federal Contract Tower,0,13,24,2,39,0,1,196,2,199,0,14,220,4,238,314,2,316,554
06/28/2023,OLV,MS,ASO,ES,Federal Contract Tower,0,15,28,0,43,0,8,152,5,165,0,23,180,5,208,202,8,210,418
06/29/2023,OLV,MS,ASO,ES,Federal Contract Tower,0,13,39,0,52,0,5,103,0,108,0,18,142,0,160,146,0,146,306
06/30/2023,OLV,MS,ASO,ES,Federal Contract Tower,0,17,23,0,40,0,10,116,4,130,0,27,139,4,170,144,4,148,318
07/01/2023,OLV,MS,ASO,ES,Federal Contract Tower,0,11,13,1,25,0,2,74,4,80,0,13,87,5,105,58,0,58,163
07/02/2023,OLV,MS,ASO,ES,Federal Contract Tower,0,8,15,0,23,0,2,36,2,40,0,10,51,2,63,66,0,66,129
07/03/2023,OLV,MS,ASO,ES,Federal Contract Tower,0,9,12,0,21,0,2,71,2,75,0,11,83,2,96,154,0,154,250
07/04/2023,OLV,MS,ASO,ES,Federal Contract Tower,0,4,17,0,21,0,0,96,0,96,0,4,113,0,117,104,0,104,221
07/05/2023,OLV,MS,ASO,ES,Federal Contract Tower,0,11,19,0,30,0,0,80,1,81,0,11,99,1,111,94,0,94,205
07/06/2023,OLV,MS,ASO,ES,Federal Contract Tower,0,15,35,0,50,0,34,53,0,87,0,49,88,0,137,180,0,180,317
07/07/2023,OLV,MS,ASO,ES,Federal Contract Tower,0,10,34,1,45,0,3,49,0,52,0,13,83,1,97,126,0,126,223
07/08/2023,OLV,MS,ASO,ES,Federal Contract Tower,0,8,10,0,18,0,0,57,0,57,0,8,67,0,75,90,0,90,165
07/09/2023,OLV,MS,ASO,ES,Federal Contract Tower,0,9,14,0,23,0,0,0,0,0,0,9,14,0,23,0,0,0,23
07/10/2023,OLV,MS,ASO,ES,Federal Contract Tower,0,16,42,0,58,0,5,208,0,213,0,21,250,0,271,152,0,152,423
07/11/2023,OLV,MS,ASO,ES,Federal Contract Tower,0,7,36,0,43,0,2,263,0,265,0,9,299,0,308,280,0,280,588
07/12/2023,OLV,MS,ASO,ES,Federal Contract Tower,0,14,18,0,32,0,2,176,0,178,0,16,194,0,210,260,0,260,470
07/13/2023,OLV,MS,ASO,ES,Federal Contract Tower,0,8,30,0,38,0,0,130,0,130,0,8,160,0,168,220,0,220,388
07/14/2023,OLV,MS,ASO,ES,Federal Contract Tower,0,13,19,0,32,0,0,128,0,128,0,13,147,0,160,280,0,280,440
07/15/2023,OLV,MS,ASO,ES,Federal Contract Tower,0,6,27,0,33,0,0,50,0,50,0,6,77,0,83,110,0,110,193
07/16/2023,OLV,MS,ASO,ES,Federal Contract Tower,0,19,23,0,42,0,2,152,1,155,0,21,175,1,197,214,0,214,411
07/17/2023,OLV,MS,ASO,ES,Federal Contract Tower,0,16,27,0,43,0,5,165,1,171,0,21,192,1,214,332,0,332,546
07/18/2023,OLV,MS,ASO,ES,Federal Contract Tower,0,16,35,0,51,0,8,135,0,143,0,24,170,0,194,240,0,240,434
07/19/2023,OLV,MS,ASO,ES,Federal Contract Tower,0,13,16,0,29,0,0,90,0,90,0,13,106,0,119,154,0,154,273
07/20/2023,OLV,MS,ASO,ES,Federal Contract Tower,0,5,34,1,40,0,4,145,1,150,0,9,179,2,190,232,0,232,422
07/21/2023,OLV,MS,ASO,ES,Federal Contract Tower,0,13,11,0,24,0,0,52,0,52,0,13,63,0,76,56,0,56,132
07/22/2023,OLV,MS,ASO,ES,Federal Contract Tower,0,7,36,0,43,0,4,187,0,191,0,11,223,0,234,270,0,270,504
07/23/2023,OLV,MS,ASO,ES,Federal Contract Tower,0,7,16,0,23,0,2,113,0,115,0,9,129,0,138,136,0,136,274
07/24/2023,OLV,MS,ASO,ES,Federal Contract Tower,0,13,24,0,37,0,7,186,0,193,0,20,210,0,230,358,0,358,588
07/25/2023,OLV,MS,ASO,ES,Federal Contract Tower,0,27,29,0,56,0,8,179,0,187,0,35,208,0,243,236,0,236,479
07/26/2023,OLV,MS,ASO,ES,Federal Contract Tower,0,12,22,0,34,0,2,168,4,174,0,14,190,4,208,216,0,216,424
07/27/2023,OLV,MS,ASO,ES,Federal Contract Tower,0,14,21,0,35,0,1,143,0,144,0,15,164,0,179,178,0,178,357
07/28/2023,OLV,MS,ASO,ES,Federal Contract Tower,0,10,24,0,34,0,10,151,1,162,0,20,175,1,196,293,0,293,489
07/29/2023,OLV,MS,ASO,ES,Federal Contract Tower,0,11,23,0,34,0,11,132,0,143,0,22,155,0,177,188,0,188,365
07/30/2023,OLV,MS,ASO,ES,Federal Contract Tower,0,12,17,0,29,0,0,134,0,134,0,12,151,0,163,128,0,128,291
07/31/2023,OLV,MS,ASO,ES,Federal Contract Tower,0,11,25,0,36,0,8,187,0,195,0,19,212,0,231,240,0,240,471
08/01/2023,OLV,MS,ASO,ES,Federal Contract Tower,0,7,36,0,43,0,3,185,1,189,0,10,221,1,232,278,0,278,510
08/02/2023,OLV,MS,ASO,ES,Federal Contract Tower,0,17,25,0,42,0,0,139,0,139,0,17,164,0,181,288,0,288,469
08/03/2023,OLV,MS,ASO,ES,Federal Contract Tower,0,14,23,0,37,0,3,117,0,120,0,17,140,0,157,262,0,262,419
08/04/2023,OLV,MS,ASO,ES,Federal Contract Tower,0,8,9,0,17,0,6,66,0,72,0,14,75,0,89,168,0,168,257
08/05/2023,OLV,MS,ASO,ES,Federal Contract Tower,0,8,11,0,19,0,5,109,1,115,0,13,120,1,134,214,0,214,348
08/06/2023,OLV,MS,ASO,ES,Federal Contract Tower,0,10,19,1,30,0,1,65,1,67,0,11,84,2,97,122,0,122,219
08/07/2023,OLV,MS,ASO,ES,Federal Contract Tower,0,12,15,0,27,0,1,47,1,49,0,13,62,1,76,108,4,112,188
08/08/2023,OLV,MS,ASO,ES,Federal Contract Tower,0,13,19,0,32,0,8,95,0,103,0,21,114,0,135,170,0,170,305
08/09/2023,OLV,MS,ASO,ES,Federal Contract Tower,0,10,12,0,22,0,0,55,0,55,0,10,67,0,77,64,0,64,141
08/10/2023,OLV,MS,ASO,ES,Federal Contract Tower,0,14,16,0,30,0,0,13,0,13,0,14,29,0,43,2,0,2,45
08/11/2023,OLV,MS,ASO,ES,Federal Contract Tower,0,11,30,0,41,0,6,87,0,93,0,17,117,0,134,108,0,108,242
08/12/2023,OLV,MS,ASO,ES,Federal Contract Tower,0,3,22,0,25,6,10,64,0,80,6,13,86,0,105,96,0,96,201
08/13/2023,OLV,MS,ASO,ES,Federal Contract Tower,0,40,13,0,53,0,10,99,0,109,0,50,112,0,162,86,0,86,248
08/14/2023,OLV,MS,ASO,ES,Federal Contract Tower,0,14,26,0,40,0,4,114,2,120,0,18,140,2,160,188,0,188,348
08/15/2023,OLV,MS,ASO,ES,Federal Contract Tower,0,15,33,3,51,0,6,152,0,158,0,21,185,3,209,294,0,294,503
08/16/2023,OLV,MS,ASO,ES,Federal Contract Tower,0,15,42,0,57,0,4,205,3,212,0,19,247,3,269,302,2,304,573
08/17/2023,OLV,MS,ASO,ES,Federal Contract Tower,0,20,37,0,57,0,11,183,0,194,0,31,220,0,251,256,0,256,507
08/18/2023,OLV,MS,ASO,ES,Federal Contract Tower,0,17,44,0,61,0,2,136,0,138,0,19,180,0,199,324,0,324,523
08/19/2023,OLV,MS,ASO,ES,Federal Contract Tower,0,2,15,0,17,0,0,150,3,153,0,2,165,3,170,290,0,290,460
08/20/2023,OLV,MS,ASO,ES,Federal Contract Tower,0,7,22,0,29,0,13,62,1,76,0,20,84,1,105,80,0,80,185
08/21/2023,OLV,MS,ASO,ES,Federal Contract Tower,0,15,22,0,37,0,2,163,0,165,0,17,185,0,202,198,0,198,400
08/22/2023,OLV,MS,ASO,ES,Federal Contract Tower,0,23,30,0,53,0,16,168,0,184,0,39,198,0,237,210,0,210,447
08/23/2023,OLV,MS,ASO,ES,Federal Contract Tower,0,7,22,0,29,0,4,99,0,103,0,11,121,0,132,200,0,200,332
08/24/2023,OLV,MS,ASO,ES,Federal Contract Tower,0,7,29,0,36,0,8,89,2,99,0,15,118,2,135,176,0,176,311
08/25/2023,OLV,MS,ASO,ES,Federal Contract Tower,0,11,20,0,31,0,0,0,0,0,0,11,20,0,31,210,0,210,241
08/26/2023,OLV,MS,ASO,ES,Federal Contract Tower,0,9,26,1,36,0,2,102,1,105,0,11,128,2,141,158,0,158,299
08/27/2023,OLV,MS,ASO,ES,Federal Contract Tower,0,10,31,0,41,0,5,24,0,29,0,15,55,0,70,88,0,88,158
08/28/2023,OLV,MS,ASO,ES,Federal Contract Tower,0,7,16,0,23,0,7,31,0,38,0,14,47,0,61,68,0,68,129
08/29/2023,OLV,MS,ASO,ES,Federal Contract Tower,0,15,35,0,50,0,3,166,1,170,0,18,201,1,220,246,0,246,466
08/30/2023,OLV,MS,ASO,ES,Federal Contract Tower,0,3,32,0,35,0,4,137,1,142,0,7,169,1,177,222,0,222,399
08/31/2023,OLV,MS,ASO,ES,Federal Contract Tower,0,14,34,0,48,0,3,183,2,188,0,17,217,2,236,260,0,260,496
