01/01/2000,OMA,NE,ACE,CE,Combined TRACON& Tower with Radar,56,29,33,0,118,21,0,18,0,39,77,29,51,0,157,34,0,34,191
01/02/2000,OMA,NE,ACE,CE,Combined TRACON& Tower with Radar,85,53,39,0,177,29,6,0,0,35,114,59,39,0,212,8,0,8,220
01/03/2000,OMA,NE,ACE,CE,Combined TRACON& Tower with Radar,119,75,68,0,262,12,8,0,0,20,131,83,68,0,282,0,0,0,282
01/04/2000,OMA,NE,ACE,CE,Combined TRACON& Tower with Radar,140,95,86,2,323,0,13,51,0,64,140,108,137,2,387,60,2,62,449
01/05/2000,OMA,NE,ACE,CE,Combined TRACON& Tower with Radar,157,100,90,0,347,0,22,63,0,85,157,122,153,0,432,90,0,90,522
01/06/2000,OMA,NE,ACE,CE,Combined TRACON& Tower with Radar,161,103,93,3,360,0,2,91,0,93,161,105,184,3,453,124,4,128,581
01/07/2000,OMA,NE,ACE,CE,Combined TRACON& Tower with Radar,140,91,82,2,315,0,15,52,6,73,140,106,134,8,388,60,36,96,484
01/08/2000,OMA,NE,ACE,CE,Combined TRACON& Tower with Radar,116,74,66,1,257,12,4,78,0,94,128,78,144,1,351,144,2,146,497
01/09/2000,OMA,NE,ACE,CE,Combined TRACON& Tower with Radar,113,60,64,0,237,13,0,40,0,53,126,60,104,0,290,70,0,70,360
01/10/2000,OMA,NE,ACE,CE,Combined TRACON& Tower with Radar,131,83,75,2,291,11,24,44,0,79,142,107,119,2,370,100,2,102,472
01/11/2000,OMA,NE,ACE,CE,Combined TRACON& Tower with Radar,152,103,93,0,348,0,17,70,0,87,152,120,163,0,435,50,0,50,485
01/12/2000,OMA,NE,ACE,CE,Combined TRACON& Tower with Radar,148,103,93,0,344,0,27,66,0,93,148,130,159,0,437,134,0,134,571
01/13/2000,OMA,NE,ACE,CE,Combined TRACON& Tower with Radar,156,106,95,0,357,0,26,88,0,114,156,132,183,0,471,84,0,84,555
01/14/2000,OMA,NE,ACE,CE,Combined TRACON& Tower with Radar,154,98,88,0,340,0,22,34,0,56,154,120,122,0,396,78,0,78,474
01/15/2000,OMA,NE,ACE,CE,Combined TRACON& Tower with Radar,104,66,60,0,230,15,16,67,0,98,119,82,127,0,328,146,0,146,474
01/16/2000,OMA,NE,ACE,CE,Combined TRACON& Tower with Radar,100,60,57,1,218,16,0,24,3,43,116,60,81,4,261,82,0,82,343
01/17/2000,OMA,NE,ACE,CE,Combined TRACON& Tower with Radar,122,67,69,0,258,2,0,11,0,13,124,67,80,0,271,8,0,8,279
01/18/2000,OMA,NE,ACE,CE,Combined TRACON& Tower with Radar,154,106,98,1,359,0,2,84,0,86,154,108,182,1,445,78,5,83,528
01/19/2000,OMA,NE,ACE,CE,Combined TRACON& Tower with Radar,150,103,95,0,348,0,8,29,0,37,150,111,124,0,385,10,0,10,395
01/20/2000,OMA,NE,ACE,CE,Combined TRACON& Tower with Radar,148,108,101,2,359,0,0,114,3,117,148,108,215,5,476,138,6,144,620
01/21/2000,OMA,NE,ACE,CE,Combined TRACON& Tower with Radar,148,92,85,2,327,1,7,48,0,56,149,99,133,2,383,92,0,92,475
01/22/2000,OMA,NE,ACE,CE,Combined TRACON& Tower with Radar,115,65,66,1,247,13,0,75,17,105,128,65,141,18,352,174,0,174,526
01/23/2000,OMA,NE,ACE,CE,Combined TRACON& Tower with Radar,94,58,54,0,206,10,10,41,0,61,104,68,95,0,267,84,0,84,351
01/24/2000,OMA,NE,ACE,CE,Combined TRACON& Tower with Radar,134,86,80,0,300,0,24,83,0,107,134,110,163,0,407,90,6,96,503
01/25/2000,OMA,NE,ACE,CE,Combined TRACON& Tower with Radar,138,99,91,0,328,0,28,92,0,120,138,127,183,0,448,60,0,60,508
01/26/2000,OMA,NE,ACE,CE,Combined TRACON& Tower with Radar,150,107,99,0,356,0,9,91,0,100,150,116,190,0,456,90,0,90,546
01/27/2000,OMA,NE,ACE,CE,Combined TRACON& Tower with Radar,138,95,87,0,320,0,18,82,0,100,138,113,169,0,420,72,0,72,492
01/28/2000,OMA,NE,ACE,CE,Combined TRACON& Tower with Radar,137,94,87,2,320,0,16,28,10,54,137,110,115,12,374,116,16,132,506
01/29/2000,OMA,NE,ACE,CE,Combined TRACON& Tower with Radar,107,60,58,0,225,20,0,0,0,20,127,60,58,0,245,48,0,48,293
01/30/2000,OMA,NE,ACE,CE,Combined TRACON& Tower with Radar,90,56,42,0,188,12,8,0,0,20,102,64,42,0,208,52,0,52,260
01/31/2000,OMA,NE,ACE,CE,Combined TRACON& Tower with Radar,128,80,74,2,284,0,3,76,1,80,128,83,150,3,364,62,12,74,438
02/01/2000,OMA,NE,ACE,CE,Combined TRACON& Tower with Radar,140,92,93,1,326,0,5,58,1,64,140,97,151,2,390,138,4,142,532
02/02/2000,OMA,NE,ACE,CE,Combined TRACON& Tower with Radar,157,104,106,2,369,0,12,108,2,122,157,116,214,4,491,142,2,144,635
02/03/2000,OMA,NE,ACE,CE,Combined TRACON& Tower with Radar,162,101,103,0,366,0,0,44,0,44,162,101,147,0,410,46,0,46,456
02/04/2000,OMA,NE,ACE,CE,Combined TRACON& Tower with Radar,160,104,105,2,371,0,18,66,1,85,160,122,171,3,456,142,6,148,604
02/05/2000,OMA,NE,ACE,CE,Combined TRACON& Tower with Radar,103,63,63,0,229,29,2,85,0,116,132,65,148,0,345,232,0,232,577
02/06/2000,OMA,NE,ACE,CE,Combined TRACON& Tower with Radar,85,45,52,1,183,25,0,87,5,117,110,45,139,6,300,102,0,102,402
02/07/2000,OMA,NE,ACE,CE,Combined TRACON& Tower with Radar,124,73,76,0,273,3,0,107,0,110,127,73,183,0,383,108,0,108,491
02/08/2000,OMA,NE,ACE,CE,Combined TRACON& Tower with Radar,143,98,100,0,341,0,19,98,0,117,143,117,198,0,458,100,0,100,558
02/09/2000,OMA,NE,ACE,CE,Combined TRACON& Tower with Radar,146,97,99,1,343,0,11,98,2,111,146,108,197,3,454,128,4,132,586
02/10/2000,OMA,NE,ACE,CE,Combined TRACON& Tower with Radar,153,98,100,2,353,0,23,9,0,32,153,121,109,2,385,28,4,32,417
02/11/2000,OMA,NE,ACE,CE,Combined TRACON& Tower with Radar,154,103,105,2,364,0,14,57,0,71,154,117,162,2,435,117,5,122,557
02/12/2000,OMA,NE,ACE,CE,Combined TRACON& Tower with Radar,103,63,61,0,227,25,3,0,0,28,128,66,61,0,255,62,0,62,317
02/13/2000,OMA,NE,ACE,CE,Combined TRACON& Tower with Radar,84,48,33,0,165,22,0,0,0,22,106,48,33,0,187,38,0,38,225
02/14/2000,OMA,NE,ACE,CE,Combined TRACON& Tower with Radar,132,78,81,0,291,3,14,28,0,45,135,92,109,0,336,54,0,54,390
02/15/2000,OMA,NE,ACE,CE,Combined TRACON& Tower with Radar,160,107,110,1,378,0,25,96,0,121,160,132,206,1,499,105,0,105,604
02/16/2000,OMA,NE,ACE,CE,Combined TRACON& Tower with Radar,154,101,104,1,360,0,23,94,2,119,154,124,198,3,479,110,4,114,593
02/17/2000,OMA,NE,ACE,CE,Combined TRACON& Tower with Radar,151,90,93,0,334,6,10,16,0,32,157,100,109,0,366,76,0,76,442
02/18/2000,OMA,NE,ACE,CE,Combined TRACON& Tower with Radar,117,70,70,0,257,9,0,0,0,9,126,70,70,0,266,2,0,2,268
02/19/2000,OMA,NE,ACE,CE,Combined TRACON& Tower with Radar,109,65,67,0,241,20,2,62,0,84,129,67,129,0,325,116,0,116,441
02/20/2000,OMA,NE,ACE,CE,Combined TRACON& Tower with Radar,100,55,62,0,217,26,0,90,0,116,126,55,152,0,333,130,0,130,463
02/21/2000,OMA,NE,ACE,CE,Combined TRACON& Tower with Radar,122,73,75,0,270,8,3,97,0,108,130,76,172,0,378,170,0,170,548
02/22/2000,OMA,NE,ACE,CE,Combined TRACON& Tower with Radar,153,93,101,0,347,0,0,52,0,52,153,93,153,0,399,98,0,98,497
02/23/2000,OMA,NE,ACE,CE,Combined TRACON& Tower with Radar,151,100,104,0,355,0,6,19,0,25,151,106,123,0,380,22,0,22,402
02/24/2000,OMA,NE,ACE,CE,Combined TRACON& Tower with Radar,157,112,115,0,384,0,2,28,0,30,157,114,143,0,414,18,0,18,432
02/25/2000,OMA,NE,ACE,CE,Combined TRACON& Tower with Radar,144,91,94,0,329,0,16,15,1,32,144,107,109,1,361,28,0,28,389
02/26/2000,OMA,NE,ACE,CE,Combined TRACON& Tower with Radar,113,67,69,0,249,34,0,22,2,58,147,67,91,2,307,170,2,172,479
02/27/2000,OMA,NE,ACE,CE,Combined TRACON& Tower with Radar,101,61,61,0,223,3,20,61,1,85,104,81,122,1,308,140,0,140,448
02/28/2000,OMA,NE,ACE,CE,Combined TRACON& Tower with Radar,128,77,78,0,283,5,9,45,2,61,133,86,123,2,344,46,0,46,390
02/29/2000,OMA,NE,ACE,CE,Combined TRACON& Tower with Radar,153,93,99,0,345,0,0,33,0,33,153,93,132,0,378,44,0,44,422
03/01/2000,OMA,NE,ACE,CE,Combined TRACON& Tower with Radar,144,99,98,0,341,0,5,120,0,125,144,104,218,0,466,190,0,190,656
03/02/2000,OMA,NE,ACE,CE,Combined TRACON& Tower with Radar,149,97,96,0,342,0,16,123,0,139,149,113,219,0,481,184,0,184,665
03/03/2000,OMA,NE,ACE,CE,Combined TRACON& Tower with Radar,145,95,94,0,334,0,18,105,0,123,145,113,199,0,457,202,0,202,659
03/04/2000,OMA,NE,ACE,CE,Combined TRACON& Tower with Radar,104,61,65,0,230,32,0,69,0,101,136,61,134,0,331,158,0,158,489
03/05/2000,OMA,NE,ACE,CE,Combined TRACON& Tower with Radar,95,60,59,0,214,23,4,67,0,94,118,64,126,0,308,86,0,86,394
03/06/2000,OMA,NE,ACE,CE,Combined TRACON& Tower with Radar,126,81,80,1,288,0,20,70,0,90,126,101,150,1,378,200,4,204,582
03/07/2000,OMA,NE,ACE,CE,Combined TRACON& Tower with Radar,150,105,104,3,362,0,15,67,0,82,150,120,171,3,444,86,0,86,530
03/08/2000,OMA,NE,ACE,CE,Combined TRACON& Tower with Radar,146,95,95,3,339,0,21,15,3,39,146,116,110,6,378,46,22,68,446
03/09/2000,OMA,NE,ACE,CE,Combined TRACON& Tower with Radar,155,99,99,3,356,0,16,29,0,45,155,115,128,3,401,48,2,50,451
03/10/2000,OMA,NE,ACE,CE,Combined TRACON& Tower with Radar,138,86,86,3,313,3,5,90,7,105,141,91,176,10,418,210,8,218,636
03/11/2000,OMA,NE,ACE,CE,Combined TRACON& Tower with Radar,125,75,78,2,280,27,0,101,0,128,152,75,179,2,408,82,0,82,490
03/12/2000,OMA,NE,ACE,CE,Combined TRACON& Tower with Radar,86,53,53,0,192,25,0,19,0,44,111,53,72,0,236,132,0,132,368
03/13/2000,OMA,NE,ACE,CE,Combined TRACON& Tower with Radar,121,77,76,0,274,0,5,88,0,93,121,82,164,0,367,140,0,140,507
03/14/2000,OMA,NE,ACE,CE,Combined TRACON& Tower with Radar,154,96,96,2,348,6,2,108,0,116,160,98,204,2,464,162,6,168,632
03/15/2000,OMA,NE,ACE,CE,Combined TRACON& Tower with Radar,141,98,98,3,340,0,7,30,1,38,141,105,128,4,378,22,0,22,400
03/16/2000,OMA,NE,ACE,CE,Combined TRACON& Tower with Radar,151,97,98,0,346,0,5,139,0,144,151,102,237,0,490,166,0,166,656
03/17/2000,OMA,NE,ACE,CE,Combined TRACON& Tower with Radar,145,101,102,2,350,0,5,118,0,123,145,106,220,2,473,148,0,148,621
03/18/2000,OMA,NE,ACE,CE,Combined TRACON& Tower with Radar,106,65,40,1,212,30,3,0,0,33,136,68,40,1,245,10,0,10,255
03/19/2000,OMA,NE,ACE,CE,Combined TRACON& Tower with Radar,102,61,63,0,226,15,0,0,0,15,117,61,63,0,241,14,0,14,255
03/20/2000,OMA,NE,ACE,CE,Combined TRACON& Tower with Radar,91,78,79,2,250,0,7,2,33,42,91,85,81,35,292,30,0,30,322
03/21/2000,OMA,NE,ACE,CE,Combined TRACON& Tower with Radar,151,96,98,0,345,0,2,51,0,53,151,98,149,0,398,48,0,48,446
03/22/2000,OMA,NE,ACE,CE,Combined TRACON& Tower with Radar,162,105,107,2,376,0,3,75,0,78,162,108,182,2,454,114,4,118,572
03/23/2000,OMA,NE,ACE,CE,Combined TRACON& Tower with Radar,155,100,104,2,361,0,0,44,5,49,155,100,148,7,410,54,2,56,466
03/24/2000,OMA,NE,ACE,CE,Combined TRACON& Tower with Radar,158,99,104,0,361,0,0,64,0,64,158,99,168,0,425,152,0,152,577
03/25/2000,OMA,NE,ACE,CE,Combined TRACON& Tower with Radar,112,63,70,0,245,32,0,73,0,105,144,63,143,0,350,96,0,96,446
03/26/2000,OMA,NE,ACE,CE,Combined TRACON& Tower with Radar,99,47,62,0,208,22,0,74,0,96,121,47,136,0,304,124,0,124,428
03/27/2000,OMA,NE,ACE,CE,Combined TRACON& Tower with Radar,139,81,88,0,308,0,0,63,0,63,139,81,151,0,371,28,0,28,399
03/28/2000,OMA,NE,ACE,CE,Combined TRACON& Tower with Radar,164,103,105,0,372,0,4,111,0,115,164,107,216,0,487,116,0,116,603
03/29/2000,OMA,NE,ACE,CE,Combined TRACON& Tower with Radar,165,105,109,0,379,0,0,125,0,125,165,105,234,0,504,150,0,150,654
03/30/2000,OMA,NE,ACE,CE,Combined TRACON& Tower with Radar,163,112,113,0,388,0,1,134,0,135,163,113,247,0,523,204,0,204,727
03/31/2000,OMA,NE,ACE,CE,Combined TRACON& Tower with Radar,157,99,99,0,355,0,8,120,0,128,157,107,219,0,483,190,0,190,673
04/01/2000,OMA,NE,ACE,CE,Combined TRACON& Tower with Radar,115,65,69,2,251,24,0,69,0,93,139,65,138,2,344,286,0,286,630
04/02/2000,OMA,NE,ACE,CE,Combined TRACON& Tower with Radar,99,60,59,2,220,21,5,39,0,65,120,65,98,2,285,84,0,84,369
04/03/2000,OMA,NE,ACE,CE,Combined TRACON& Tower with Radar,132,80,79,2,293,3,2,40,0,45,135,82,119,2,338,30,8,38,376
04/04/2000,OMA,NE,ACE,CE,Combined TRACON& Tower with Radar,148,97,96,0,341,0,20,72,0,92,148,117,168,0,433,114,0,114,547
04/05/2000,OMA,NE,ACE,CE,Combined TRACON& Tower with Radar,158,96,94,1,349,3,8,55,0,66,161,104,149,1,415,90,0,90,505
04/06/2000,OMA,NE,ACE,CE,Combined TRACON& Tower with Radar,158,106,105,0,369,0,11,118,0,129,158,117,223,0,498,170,0,170,668
04/07/2000,OMA,NE,ACE,CE,Combined TRACON& Tower with Radar,158,89,95,0,342,5,0,57,0,62,163,89,152,0,404,76,0,76,480
04/08/2000,OMA,NE,ACE,CE,Combined TRACON& Tower with Radar,116,63,69,0,248,24,0,95,0,119,140,63,164,0,367,196,0,196,563
04/09/2000,OMA,NE,ACE,CE,Combined TRACON& Tower with Radar,96,58,57,2,213,20,1,84,0,105,116,59,141,2,318,190,0,190,508
04/10/2000,OMA,NE,ACE,CE,Combined TRACON& Tower with Radar,137,83,83,0,303,7,1,22,0,30,144,84,105,0,333,54,0,54,387
04/11/2000,OMA,NE,ACE,CE,Combined TRACON& Tower with Radar,155,97,97,0,349,0,11,43,0,54,155,108,140,0,403,74,0,74,477
04/12/2000,OMA,NE,ACE,CE,Combined TRACON& Tower with Radar,149,99,98,2,348,0,5,78,0,83,149,104,176,2,431,92,2,94,525
04/13/2000,OMA,NE,ACE,CE,Combined TRACON& Tower with Radar,143,95,95,2,335,0,13,80,5,98,143,108,175,7,433,192,16,208,641
04/14/2000,OMA,NE,ACE,CE,Combined TRACON& Tower with Radar,159,101,101,2,363,0,0,95,7,102,159,101,196,9,465,92,22,114,579
04/15/2000,OMA,NE,ACE,CE,Combined TRACON& Tower with Radar,107,65,65,0,237,29,5,2,0,36,136,70,67,0,273,158,0,158,431
04/16/2000,OMA,NE,ACE,CE,Combined TRACON& Tower with Radar,92,55,36,0,183,18,4,0,0,22,110,59,36,0,205,14,0,14,219
04/17/2000,OMA,NE,ACE,CE,Combined TRACON& Tower with Radar,129,80,81,1,291,0,10,26,2,38,129,90,107,3,329,128,0,128,457
04/18/2000,OMA,NE,ACE,CE,Combined TRACON& Tower with Radar,157,101,106,2,366,0,0,65,7,72,157,101,171,9,438,86,6,92,530
04/19/2000,OMA,NE,ACE,CE,Combined TRACON& Tower with Radar,151,92,93,0,336,0,7,57,0,64,151,99,150,0,400,122,0,122,522
04/20/2000,OMA,NE,ACE,CE,Combined TRACON& Tower with Radar,139,95,96,1,331,0,4,31,0,35,139,99,127,1,366,0,0,0,366
04/21/2000,OMA,NE,ACE,CE,Combined TRACON& Tower with Radar,151,90,91,1,333,5,15,94,5,119,156,105,185,6,452,204,2,206,658
04/22/2000,OMA,NE,ACE,CE,Combined TRACON& Tower with Radar,109,52,66,0,227,40,0,40,0,80,149,52,106,0,307,200,0,200,507
04/23/2000,OMA,NE,ACE,CE,Combined TRACON& Tower with Radar,94,51,57,0,202,26,0,57,0,83,120,51,114,0,285,104,0,104,389
04/24/2000,OMA,NE,ACE,CE,Combined TRACON& Tower with Radar,128,90,91,0,309,0,14,98,0,112,128,104,189,0,421,138,0,138,559
04/25/2000,OMA,NE,ACE,CE,Combined TRACON& Tower with Radar,169,110,111,0,390,0,7,83,0,90,169,117,194,0,480,88,0,88,568
04/26/2000,OMA,NE,ACE,CE,Combined TRACON& Tower with Radar,157,106,105,2,370,0,12,84,0,96,157,118,189,2,466,154,2,156,622
04/27/2000,OMA,NE,ACE,CE,Combined TRACON& Tower with Radar,157,102,103,0,362,0,7,58,0,65,157,109,161,0,427,10,0,10,437
04/28/2000,OMA,NE,ACE,CE,Combined TRACON& Tower with Radar,159,114,115,0,388,0,14,164,0,178,159,128,279,0,566,114,0,114,680
04/29/2000,OMA,NE,ACE,CE,Combined TRACON& Tower with Radar,118,73,74,1,266,0,5,78,0,83,118,78,152,1,349,126,0,126,475
04/30/2000,OMA,NE,ACE,CE,Combined TRACON& Tower with Radar,111,67,66,1,245,2,4,59,1,66,113,71,125,2,311,44,0,44,355
05/01/2000,OMA,NE,ACE,CE,Combined TRACON& Tower with Radar,125,80,82,2,289,0,7,67,0,74,125,87,149,2,363,116,0,116,479
05/02/2000,OMA,NE,ACE,CE,Combined TRACON& Tower with Radar,155,97,100,1,353,0,18,70,0,88,155,115,170,1,441,70,8,78,519
05/03/2000,OMA,NE,ACE,CE,Combined TRACON& Tower with Radar,143,90,94,1,328,0,17,72,0,89,143,107,166,1,417,44,0,44,461
05/04/2000,OMA,NE,ACE,CE,Combined TRACON& Tower with Radar,164,99,103,0,366,0,11,79,0,90,164,110,182,0,456,59,0,59,515
05/05/2000,OMA,NE,ACE,CE,Combined TRACON& Tower with Radar,153,95,98,2,348,0,4,82,4,90,153,99,180,6,438,134,6,140,578
05/06/2000,OMA,NE,ACE,CE,Combined TRACON& Tower with Radar,113,59,70,0,242,31,0,26,0,57,144,59,96,0,299,86,0,86,385
05/07/2000,OMA,NE,ACE,CE,Combined TRACON& Tower with Radar,94,45,58,2,199,13,0,9,2,24,107,45,67,4,223,44,0,44,267
05/08/2000,OMA,NE,ACE,CE,Combined TRACON& Tower with Radar,125,75,77,2,279,4,8,24,1,37,129,83,101,3,316,54,2,56,372
05/09/2000,OMA,NE,ACE,CE,Combined TRACON& Tower with Radar,160,99,103,2,364,0,10,66,7,83,160,109,169,9,447,88,20,108,555
05/10/2000,OMA,NE,ACE,CE,Combined TRACON& Tower with Radar,155,101,105,2,363,0,5,83,1,89,155,106,188,3,452,124,6,130,582
05/11/2000,OMA,NE,ACE,CE,Combined TRACON& Tower with Radar,162,106,112,1,381,0,0,103,0,103,162,106,215,1,484,82,0,82,566
05/12/2000,OMA,NE,ACE,CE,Combined TRACON& Tower with Radar,156,102,105,0,363,0,6,81,0,87,156,108,186,0,450,170,0,170,620
05/13/2000,OMA,NE,ACE,CE,Combined TRACON& Tower with Radar,114,62,70,0,246,43,0,58,0,101,157,62,128,0,347,134,0,134,481
05/14/2000,OMA,NE,ACE,CE,Combined TRACON& Tower with Radar,91,51,56,0,198,15,0,57,0,72,106,51,113,0,270,84,0,84,354
05/15/2000,OMA,NE,ACE,CE,Combined TRACON& Tower with Radar,138,84,87,3,312,0,3,65,9,77,138,87,152,12,389,88,42,130,519
05/16/2000,OMA,NE,ACE,CE,Combined TRACON& Tower with Radar,157,97,103,0,357,0,15,71,0,86,157,112,174,0,443,106,0,106,549
05/17/2000,OMA,NE,ACE,CE,Combined TRACON& Tower with Radar,158,101,107,0,366,0,21,40,0,61,158,122,147,0,427,28,0,28,455
05/18/2000,OMA,NE,ACE,CE,Combined TRACON& Tower with Radar,148,97,103,1,349,0,2,21,3,26,148,99,124,4,375,8,0,8,383
05/19/2000,OMA,NE,ACE,CE,Combined TRACON& Tower with Radar,145,100,105,1,351,0,9,107,0,116,145,109,212,1,467,154,0,154,621
05/20/2000,OMA,NE,ACE,CE,Combined TRACON& Tower with Radar,123,64,76,0,263,24,0,58,0,82,147,64,134,0,345,80,0,80,425
05/21/2000,OMA,NE,ACE,CE,Combined TRACON& Tower with Radar,103,60,64,1,228,17,3,44,0,64,120,63,108,1,292,50,0,50,342
05/22/2000,OMA,NE,ACE,CE,Combined TRACON& Tower with Radar,134,79,83,1,297,2,10,91,1,104,136,89,174,2,401,136,0,136,537
05/23/2000,OMA,NE,ACE,CE,Combined TRACON& Tower with Radar,157,97,103,1,358,0,18,70,0,88,157,115,173,1,446,126,0,126,572
05/24/2000,OMA,NE,ACE,CE,Combined TRACON& Tower with Radar,154,100,106,1,361,0,6,98,1,105,154,106,204,2,466,114,0,114,580
05/25/2000,OMA,NE,ACE,CE,Combined TRACON& Tower with Radar,158,97,109,0,364,0,0,128,0,128,158,97,237,0,492,174,0,174,666
05/26/2000,OMA,NE,ACE,CE,Combined TRACON& Tower with Radar,143,89,94,0,326,0,6,8,0,14,143,95,102,0,340,6,0,6,346
05/27/2000,OMA,NE,ACE,CE,Combined TRACON& Tower with Radar,110,64,69,0,243,34,1,19,0,54,144,65,88,0,297,102,0,102,399
05/28/2000,OMA,NE,ACE,CE,Combined TRACON& Tower with Radar,82,48,51,0,181,18,8,52,0,78,100,56,103,0,259,106,0,106,365
05/29/2000,OMA,NE,ACE,CE,Combined TRACON& Tower with Radar,100,44,62,0,206,22,0,36,0,58,122,44,98,0,264,56,0,56,320
05/30/2000,OMA,NE,ACE,CE,Combined TRACON& Tower with Radar,123,75,79,0,277,0,3,43,0,46,123,78,122,0,323,22,0,22,345
05/31/2000,OMA,NE,ACE,CE,Combined TRACON& Tower with Radar,153,99,104,0,356,0,3,50,0,53,153,102,154,0,409,30,0,30,439
06/01/2000,OMA,NE,ACE,CE,Combined TRACON& Tower with Radar,153,98,95,3,349,0,10,62,5,77,153,108,157,8,426,88,14,102,528
06/02/2000,OMA,NE,ACE,CE,Combined TRACON& Tower with Radar,162,96,93,3,354,2,7,81,3,93,164,103,174,6,447,130,4,134,581
06/03/2000,OMA,NE,ACE,CE,Combined TRACON& Tower with Radar,110,69,67,2,248,0,33,40,10,83,110,102,107,12,331,76,0,76,407
06/04/2000,OMA,NE,ACE,CE,Combined TRACON& Tower with Radar,90,46,52,2,190,30,0,0,0,30,120,46,52,2,220,34,0,34,254
06/05/2000,OMA,NE,ACE,CE,Combined TRACON& Tower with Radar,135,81,77,0,293,15,0,82,0,97,150,81,159,0,390,148,0,148,538
06/06/2000,OMA,NE,ACE,CE,Combined TRACON& Tower with Radar,165,102,99,0,366,0,29,87,0,116,165,131,186,0,482,122,0,122,604
06/07/2000,OMA,NE,ACE,CE,Combined TRACON& Tower with Radar,164,105,101,3,373,0,12,91,7,110,164,117,192,10,483,56,14,70,553
06/08/2000,OMA,NE,ACE,CE,Combined TRACON& Tower with Radar,160,105,102,4,371,0,2,103,4,109,160,107,205,8,480,72,12,84,564
06/09/2000,OMA,NE,ACE,CE,Combined TRACON& Tower with Radar,152,95,91,2,340,0,4,81,0,85,152,99,172,2,425,70,0,70,495
06/10/2000,OMA,NE,ACE,CE,Combined TRACON& Tower with Radar,114,68,66,0,248,26,3,30,0,59,140,71,96,0,307,34,0,34,341
06/11/2000,OMA,NE,ACE,CE,Combined TRACON& Tower with Radar,102,51,60,0,213,13,0,63,0,76,115,51,123,0,289,70,0,70,359
06/12/2000,OMA,NE,ACE,CE,Combined TRACON& Tower with Radar,141,84,84,1,310,0,0,64,0,64,141,84,148,1,374,72,0,72,446
06/13/2000,OMA,NE,ACE,CE,Combined TRACON& Tower with Radar,167,101,99,1,368,0,1,41,0,42,167,102,140,1,410,56,0,56,466
06/14/2000,OMA,NE,ACE,CE,Combined TRACON& Tower with Radar,160,99,97,3,359,0,19,36,3,58,160,118,133,6,417,58,0,58,475
06/15/2000,OMA,NE,ACE,CE,Combined TRACON& Tower with Radar,154,104,101,2,361,0,5,71,0,76,154,109,172,2,437,24,8,32,469
06/16/2000,OMA,NE,ACE,CE,Combined TRACON& Tower with Radar,152,91,90,1,334,0,5,59,0,64,152,96,149,1,398,78,4,82,480
06/17/2000,OMA,NE,ACE,CE,Combined TRACON& Tower with Radar,119,65,69,3,256,13,0,109,0,122,132,65,178,3,378,96,0,96,474
06/18/2000,OMA,NE,ACE,CE,Combined TRACON& Tower with Radar,100,54,58,1,213,22,0,98,0,120,122,54,156,1,333,58,2,60,393
06/19/2000,OMA,NE,ACE,CE,Combined TRACON& Tower with Radar,143,84,83,2,312,0,8,22,3,33,143,92,105,5,345,34,0,34,379
06/20/2000,OMA,NE,ACE,CE,Combined TRACON& Tower with Radar,167,95,98,0,360,0,0,55,0,55,167,95,153,0,415,54,0,54,469
06/21/2000,OMA,NE,ACE,CE,Combined TRACON& Tower with Radar,162,96,94,1,353,4,6,84,0,94,166,102,178,1,447,87,0,87,534
06/22/2000,OMA,NE,ACE,CE,Combined TRACON& Tower with Radar,156,105,104,0,365,0,10,112,0,122,156,115,216,0,487,120,0,120,607
06/23/2000,OMA,NE,ACE,CE,Combined TRACON& Tower with Radar,154,96,95,2,347,0,7,56,0,63,154,103,151,2,410,70,0,70,480
06/24/2000,OMA,NE,ACE,CE,Combined TRACON& Tower with Radar,122,58,71,2,253,22,0,30,0,52,144,58,101,2,305,87,0,87,392
06/25/2000,OMA,NE,ACE,CE,Combined TRACON& Tower with Radar,95,48,55,1,199,31,0,5,0,36,126,48,60,1,235,22,0,22,257
06/26/2000,OMA,NE,ACE,CE,Combined TRACON& Tower with Radar,136,82,82,0,300,0,18,60,0,78,136,100,142,0,378,110,0,110,488
06/27/2000,OMA,NE,ACE,CE,Combined TRACON& Tower with Radar,158,103,101,0,362,0,4,103,0,107,158,107,204,0,469,168,0,168,637
06/28/2000,OMA,NE,ACE,CE,Combined TRACON& Tower with Radar,151,94,93,2,340,0,5,59,1,65,151,99,152,3,405,46,12,58,463
06/29/2000,OMA,NE,ACE,CE,Combined TRACON& Tower with Radar,151,97,94,0,342,0,4,95,0,99,151,101,189,0,441,137,0,137,578
06/30/2000,OMA,NE,ACE,CE,Combined TRACON& Tower with Radar,150,93,95,1,339,0,0,67,0,67,150,93,162,1,406,133,8,141,547
07/01/2000,OMA,NE,ACE,CE,Combined TRACON& Tower with Radar,119,71,71,2,263,8,3,39,2,52,127,74,110,4,315,50,0,50,365
07/02/2000,OMA,NE,ACE,CE,Combined TRACON& Tower with Radar,94,49,56,0,199,16,0,51,0,67,110,49,107,0,266,28,0,28,294
07/03/2000,OMA,NE,ACE,CE,Combined TRACON& Tower with Radar,108,65,65,0,238,23,1,7,0,31,131,66,72,0,269,42,0,42,311
07/04/2000,OMA,NE,ACE,CE,Combined TRACON& Tower with Radar,99,60,44,0,203,18,14,0,0,32,117,74,44,0,235,14,0,14,249
07/05/2000,OMA,NE,ACE,CE,Combined TRACON& Tower with Radar,137,84,85,3,309,0,0,61,2,63,137,84,146,5,372,88,8,96,468
07/06/2000,OMA,NE,ACE,CE,Combined TRACON& Tower with Radar,161,105,103,3,372,0,0,70,3,73,161,105,173,6,445,70,4,74,519
07/07/2000,OMA,NE,ACE,CE,Combined TRACON& Tower with Radar,147,96,94,3,340,0,5,51,1,57,147,101,145,4,397,30,4,34,431
07/08/2000,OMA,NE,ACE,CE,Combined TRACON& Tower with Radar,126,65,74,0,265,22,0,35,0,57,148,65,109,0,322,62,0,62,384
07/09/2000,OMA,NE,ACE,CE,Combined TRACON& Tower with Radar,101,51,59,0,211,16,0,56,0,72,117,51,115,0,283,58,0,58,341
07/10/2000,OMA,NE,ACE,CE,Combined TRACON& Tower with Radar,128,83,81,1,293,0,2,57,0,59,128,85,138,1,352,56,2,58,410
07/11/2000,OMA,NE,ACE,CE,Combined TRACON& Tower with Radar,160,106,103,3,372,0,14,51,0,65,160,120,154,3,437,52,0,52,489
07/12/2000,OMA,NE,ACE,CE,Combined TRACON& Tower with Radar,147,102,99,2,350,0,5,104,1,110,147,107,203,3,460,54,6,60,520
07/13/2000,OMA,NE,ACE,CE,Combined TRACON& Tower with Radar,150,99,96,0,345,0,48,60,0,108,150,147,156,0,453,94,0,94,547
07/14/2000,OMA,NE,ACE,CE,Combined TRACON& Tower with Radar,161,107,104,2,374,0,35,69,1,105,161,142,173,3,479,134,0,134,613
07/15/2000,OMA,NE,ACE,CE,Combined TRACON& Tower with Radar,111,66,65,1,243,24,0,36,4,64,135,66,101,5,307,110,12,122,429
07/16/2000,OMA,NE,ACE,CE,Combined TRACON& Tower with Radar,94,53,55,1,203,27,0,30,0,57,121,53,85,1,260,58,0,58,318
07/17/2000,OMA,NE,ACE,CE,Combined TRACON& Tower with Radar,149,92,89,2,332,0,9,65,0,74,149,101,154,2,406,150,4,154,560
07/18/2000,OMA,NE,ACE,CE,Combined TRACON& Tower with Radar,163,106,103,0,372,0,1,34,0,35,163,107,137,0,407,35,0,35,442
07/19/2000,OMA,NE,ACE,CE,Combined TRACON& Tower with Radar,158,110,108,0,376,0,7,72,0,79,158,117,180,0,455,70,0,70,525
07/20/2000,OMA,NE,ACE,CE,Combined TRACON& Tower with Radar,175,105,105,2,387,0,0,72,0,72,175,105,177,2,459,142,0,142,601
07/21/2000,OMA,NE,ACE,CE,Combined TRACON& Tower with Radar,158,101,99,2,360,0,14,101,8,123,158,115,200,10,483,150,16,166,649
07/22/2000,OMA,NE,ACE,CE,Combined TRACON& Tower with Radar,118,70,70,0,258,29,3,27,0,59,147,73,97,0,317,130,0,130,447
07/23/2000,OMA,NE,ACE,CE,Combined TRACON& Tower with Radar,96,46,57,0,199,18,0,56,0,74,114,46,113,0,273,50,0,50,323
07/24/2000,OMA,NE,ACE,CE,Combined TRACON& Tower with Radar,130,78,77,0,285,1,11,80,0,92,131,89,157,0,377,44,0,44,421
07/25/2000,OMA,NE,ACE,CE,Combined TRACON& Tower with Radar,146,100,99,0,345,0,13,99,0,112,146,113,198,0,457,102,0,102,559
07/26/2000,OMA,NE,ACE,CE,Combined TRACON& Tower with Radar,164,107,106,2,379,0,1,84,6,91,164,108,190,8,470,68,12,80,550
07/27/2000,OMA,NE,ACE,CE,Combined TRACON& Tower with Radar,162,105,104,0,371,0,3,104,0,107,162,108,208,0,478,152,0,152,630
07/28/2000,OMA,NE,ACE,CE,Combined TRACON& Tower with Radar,157,105,104,2,368,0,14,49,0,63,157,119,153,2,431,44,2,46,477
07/29/2000,OMA,NE,ACE,CE,Combined TRACON& Tower with Radar,134,65,79,1,279,24,0,31,1,56,158,65,110,2,335,66,0,66,401
07/30/2000,OMA,NE,ACE,CE,Combined TRACON& Tower with Radar,105,61,62,1,229,6,0,62,1,69,111,61,124,2,298,134,6,140,438
07/31/2000,OMA,NE,ACE,CE,Combined TRACON& Tower with Radar,138,65,82,0,285,3,0,101,0,104,141,65,183,0,389,40,10,50,439
08/01/2000,OMA,NE,ACE,CE,Combined TRACON& Tower with Radar,158,104,104,0,366,0,6,93,0,99,158,110,197,0,465,128,0,128,593
08/02/2000,OMA,NE,ACE,CE,Combined TRACON& Tower with Radar,162,104,104,0,370,0,4,88,0,92,162,108,192,0,462,141,0,141,603
08/03/2000,OMA,NE,ACE,CE,Combined TRACON& Tower with Radar,155,107,107,5,374,0,3,60,10,73,155,110,167,15,447,96,18,114,561
08/04/2000,OMA,NE,ACE,CE,Combined TRACON& Tower with Radar,142,89,94,4,329,0,0,48,3,51,142,89,142,7,380,46,12,58,438
08/05/2000,OMA,NE,ACE,CE,Combined TRACON& Tower with Radar,120,75,74,2,271,12,9,11,0,32,132,84,85,2,303,58,0,58,361
08/06/2000,OMA,NE,ACE,CE,Combined TRACON& Tower with Radar,92,52,57,2,203,20,0,48,3,71,112,52,105,5,274,98,0,98,372
08/07/2000,OMA,NE,ACE,CE,Combined TRACON& Tower with Radar,134,81,83,1,299,8,0,53,0,61,142,81,136,1,360,44,0,44,404
08/08/2000,OMA,NE,ACE,CE,Combined TRACON& Tower with Radar,152,105,105,1,363,0,8,76,0,84,152,113,181,1,447,64,0,64,511
08/09/2000,OMA,NE,ACE,CE,Combined TRACON& Tower with Radar,145,97,96,2,340,0,15,87,0,102,145,112,183,2,442,62,0,62,504
08/10/2000,OMA,NE,ACE,CE,Combined TRACON& Tower with Radar,152,94,94,4,344,4,8,69,5,86,156,102,163,9,430,114,5,119,549
08/11/2000,OMA,NE,ACE,CE,Combined TRACON& Tower with Radar,142,95,95,2,334,0,8,45,0,53,142,103,140,2,387,30,8,38,425
08/12/2000,OMA,NE,ACE,CE,Combined TRACON& Tower with Radar,103,57,64,0,224,44,0,50,0,94,147,57,114,0,318,72,0,72,390
08/13/2000,OMA,NE,ACE,CE,Combined TRACON& Tower with Radar,88,55,54,0,197,28,0,18,0,46,116,55,72,0,243,58,0,58,301
08/14/2000,OMA,NE,ACE,CE,Combined TRACON& Tower with Radar,137,73,85,2,297,5,0,63,11,79,142,73,148,13,376,80,24,104,480
08/15/2000,OMA,NE,ACE,CE,Combined TRACON& Tower with Radar,149,97,97,3,346,0,30,64,5,99,149,127,161,8,445,76,8,84,529
08/16/2000,OMA,NE,ACE,CE,Combined TRACON& Tower with Radar,163,105,105,0,373,0,6,104,0,110,163,111,209,0,483,67,0,67,550
08/17/2000,OMA,NE,ACE,CE,Combined TRACON& Tower with Radar,155,108,109,0,372,0,22,62,0,84,155,130,171,0,456,44,0,44,500
08/18/2000,OMA,NE,ACE,CE,Combined TRACON& Tower with Radar,152,99,101,0,352,0,9,66,0,75,152,108,167,0,427,60,0,60,487
08/19/2000,OMA,NE,ACE,CE,Combined TRACON& Tower with Radar,118,72,53,2,245,17,0,0,1,18,135,72,53,3,263,34,4,38,301
08/20/2000,OMA,NE,ACE,CE,Combined TRACON& Tower with Radar,113,59,71,0,243,8,0,20,0,28,121,59,91,0,271,98,0,98,369
08/21/2000,OMA,NE,ACE,CE,Combined TRACON& Tower with Radar,137,88,90,2,317,0,18,43,9,70,137,106,133,11,387,90,18,108,495
08/22/2000,OMA,NE,ACE,CE,Combined TRACON& Tower with Radar,158,100,102,0,360,0,10,61,0,71,158,110,163,0,431,44,4,48,479
08/23/2000,OMA,NE,ACE,CE,Combined TRACON& Tower with Radar,155,103,105,1,364,0,2,100,0,102,155,105,205,1,466,38,8,46,512
08/24/2000,OMA,NE,ACE,CE,Combined TRACON& Tower with Radar,161,111,113,1,386,0,2,80,0,82,161,113,193,1,468,50,0,50,518
08/25/2000,OMA,NE,ACE,CE,Combined TRACON& Tower with Radar,148,99,101,3,351,0,7,47,0,54,148,106,148,3,405,68,0,68,473
08/26/2000,OMA,NE,ACE,CE,Combined TRACON& Tower with Radar,115,70,71,1,257,36,3,5,0,44,151,73,76,1,301,42,0,42,343
08/27/2000,OMA,NE,ACE,CE,Combined TRACON& Tower with Radar,95,58,59,1,213,15,9,10,1,35,110,67,69,2,248,12,0,12,260
08/28/2000,OMA,NE,ACE,CE,Combined TRACON& Tower with Radar,140,76,87,3,306,6,0,62,5,73,146,76,149,8,379,70,32,102,481
08/29/2000,OMA,NE,ACE,CE,Combined TRACON& Tower with Radar,167,102,104,0,373,2,13,90,0,105,169,115,194,0,478,86,0,86,564
08/30/2000,OMA,NE,ACE,CE,Combined TRACON& Tower with Radar,155,102,104,0,361,0,20,80,0,100,155,122,184,0,461,108,0,108,569
08/31/2000,OMA,NE,ACE,CE,Combined TRACON& Tower with Radar,167,103,103,0,373,0,13,103,0,116,167,116,206,0,489,60,0,60,549
09/01/2000,OMA,NE,ACE,CE,Combined TRACON& Tower with Radar,154,107,104,4,369,0,10,57,0,67,154,117,161,4,436,38,8,46,482
09/02/2000,OMA,NE,ACE,CE,Combined TRACON& Tower with Radar,108,56,62,0,226,21,0,21,0,42,129,56,83,0,268,40,0,40,308
09/03/2000,OMA,NE,ACE,CE,Combined TRACON& Tower with Radar,68,40,39,0,147,22,0,51,0,73,90,40,90,0,220,60,0,60,280
09/04/2000,OMA,NE,ACE,CE,Combined TRACON& Tower with Radar,96,47,55,0,198,11,0,53,0,64,107,47,108,0,262,34,0,34,296
09/05/2000,OMA,NE,ACE,CE,Combined TRACON& Tower with Radar,126,77,73,3,279,0,2,72,7,81,126,79,145,10,360,38,6,44,404
09/06/2000,OMA,NE,ACE,CE,Combined TRACON& Tower with Radar,150,100,95,0,345,0,21,71,0,92,150,121,166,0,437,98,0,98,535
09/07/2000,OMA,NE,ACE,CE,Combined TRACON& Tower with Radar,159,109,104,4,376,0,21,88,0,109,159,130,192,4,485,106,0,106,591
09/08/2000,OMA,NE,ACE,CE,Combined TRACON& Tower with Radar,173,110,105,4,392,0,17,103,8,128,173,127,208,12,520,180,20,200,720
09/09/2000,OMA,NE,ACE,CE,Combined TRACON& Tower with Radar,141,87,82,3,313,0,30,22,2,54,141,117,104,5,367,88,0,88,455
09/10/2000,OMA,NE,ACE,CE,Combined TRACON& Tower with Radar,125,76,71,0,272,1,19,65,0,85,126,95,136,0,357,40,0,40,397
09/11/2000,OMA,NE,ACE,CE,Combined TRACON& Tower with Radar,136,92,88,3,319,0,12,68,1,81,136,104,156,4,400,96,38,134,534
09/12/2000,OMA,NE,ACE,CE,Combined TRACON& Tower with Radar,177,109,108,2,396,0,0,124,0,124,177,109,232,2,520,70,0,70,590
09/13/2000,OMA,NE,ACE,CE,Combined TRACON& Tower with Radar,165,116,111,0,392,0,7,128,0,135,165,123,239,0,527,88,0,88,615
09/14/2000,OMA,NE,ACE,CE,Combined TRACON& Tower with Radar,160,99,95,3,357,0,6,112,3,121,160,105,207,6,478,94,14,108,586
09/15/2000,OMA,NE,ACE,CE,Combined TRACON& Tower with Radar,154,93,90,0,337,0,5,88,0,93,154,98,178,0,430,84,0,84,514
09/16/2000,OMA,NE,ACE,CE,Combined TRACON& Tower with Radar,110,64,64,1,239,25,0,59,1,85,135,64,123,2,324,100,8,108,432
09/17/2000,OMA,NE,ACE,CE,Combined TRACON& Tower with Radar,100,51,58,1,210,19,0,67,1,87,119,51,125,2,297,52,0,52,349
09/18/2000,OMA,NE,ACE,CE,Combined TRACON& Tower with Radar,134,80,77,2,293,16,8,43,3,70,150,88,120,5,363,38,14,52,415
09/19/2000,OMA,NE,ACE,CE,Combined TRACON& Tower with Radar,161,102,99,1,363,0,8,52,0,60,161,110,151,1,423,56,10,66,489
09/20/2000,OMA,NE,ACE,CE,Combined TRACON& Tower with Radar,159,101,98,0,358,0,10,46,0,56,159,111,144,0,414,40,0,40,454
09/21/2000,OMA,NE,ACE,CE,Combined TRACON& Tower with Radar,168,112,108,3,391,0,9,100,3,112,168,121,208,6,503,78,0,78,581
09/22/2000,OMA,NE,ACE,CE,Combined TRACON& Tower with Radar,170,109,106,2,387,0,6,77,0,83,170,115,183,2,470,218,0,218,688
09/23/2000,OMA,NE,ACE,CE,Combined TRACON& Tower with Radar,123,61,54,2,240,41,0,0,0,41,164,61,54,2,281,4,0,4,285
09/24/2000,OMA,NE,ACE,CE,Combined TRACON& Tower with Radar,110,63,64,1,238,2,0,34,1,37,112,63,98,2,275,34,0,34,309
09/25/2000,OMA,NE,ACE,CE,Combined TRACON& Tower with Radar,124,74,71,2,271,13,12,80,2,107,137,86,151,4,378,96,2,98,476
09/26/2000,OMA,NE,ACE,CE,Combined TRACON& Tower with Radar,168,96,98,2,364,6,0,106,0,112,174,96,204,2,476,114,0,114,590
09/27/2000,OMA,NE,ACE,CE,Combined TRACON& Tower with Radar,165,101,98,0,364,0,5,99,0,104,165,106,197,0,468,110,0,110,578
09/28/2000,OMA,NE,ACE,CE,Combined TRACON& Tower with Radar,166,101,98,3,368,0,17,103,2,122,166,118,201,5,490,203,0,203,693
09/29/2000,OMA,NE,ACE,CE,Combined TRACON& Tower with Radar,171,106,105,3,385,0,0,56,5,61,171,106,161,8,446,18,2,20,466
09/30/2000,OMA,NE,ACE,CE,Combined TRACON& Tower with Radar,114,68,66,0,248,26,8,42,0,76,140,76,108,0,324,90,0,90,414
10/01/2000,OMA,NE,ACE,CE,Combined TRACON& Tower with Radar,93,49,49,2,193,17,0,41,0,58,110,49,90,2,251,88,0,88,339
10/02/2000,OMA,NE,ACE,CE,Combined TRACON& Tower with Radar,133,77,70,2,282,3,5,61,1,70,136,82,131,3,352,92,2,94,446
10/03/2000,OMA,NE,ACE,CE,Combined TRACON& Tower with Radar,171,100,89,0,360,3,31,47,0,81,174,131,136,0,441,86,0,86,527
10/04/2000,OMA,NE,ACE,CE,Combined TRACON& Tower with Radar,161,103,91,3,358,0,18,56,0,74,161,121,147,3,432,72,4,76,508
10/05/2000,OMA,NE,ACE,CE,Combined TRACON& Tower with Radar,175,103,89,0,367,1,29,0,0,30,176,132,89,0,397,60,2,62,459
10/06/2000,OMA,NE,ACE,CE,Combined TRACON& Tower with Radar,166,100,88,2,356,0,18,91,1,110,166,118,179,3,466,114,8,122,588
10/07/2000,OMA,NE,ACE,CE,Combined TRACON& Tower with Radar,119,66,62,2,249,24,0,33,0,57,143,66,95,2,306,130,0,130,436
10/08/2000,OMA,NE,ACE,CE,Combined TRACON& Tower with Radar,95,57,49,0,201,11,11,60,0,82,106,68,109,0,283,14,0,14,297
10/09/2000,OMA,NE,ACE,CE,Combined TRACON& Tower with Radar,121,68,63,0,252,16,0,75,0,91,137,68,138,0,343,92,0,92,435
10/10/2000,OMA,NE,ACE,CE,Combined TRACON& Tower with Radar,167,102,91,0,360,0,9,105,0,114,167,111,196,0,474,78,0,78,552
10/11/2000,OMA,NE,ACE,CE,Combined TRACON& Tower with Radar,160,101,89,0,350,0,23,84,0,107,160,124,173,0,457,102,0,102,559
10/12/2000,OMA,NE,ACE,CE,Combined TRACON& Tower with Radar,170,110,96,0,376,0,28,59,0,87,170,138,155,0,463,86,6,92,555
10/13/2000,OMA,NE,ACE,CE,Combined TRACON& Tower with Radar,160,98,87,2,347,0,14,54,7,75,160,112,141,9,422,92,6,98,520
10/14/2000,OMA,NE,ACE,CE,Combined TRACON& Tower with Radar,114,68,60,1,243,25,4,64,22,115,139,72,124,23,358,76,8,84,442
10/15/2000,OMA,NE,ACE,CE,Combined TRACON& Tower with Radar,94,43,48,1,186,21,0,64,1,86,115,43,112,2,272,32,0,32,304
10/16/2000,OMA,NE,ACE,CE,Combined TRACON& Tower with Radar,137,82,73,0,292,0,16,68,0,84,137,98,141,0,376,76,0,76,452
10/17/2000,OMA,NE,ACE,CE,Combined TRACON& Tower with Radar,154,100,89,0,343,0,23,77,0,100,154,123,166,0,443,52,0,52,495
10/18/2000,OMA,NE,ACE,CE,Combined TRACON& Tower with Radar,169,100,89,0,358,2,5,85,0,92,171,105,174,0,450,108,0,108,558
10/19/2000,OMA,NE,ACE,CE,Combined TRACON& Tower with Radar,154,103,93,2,352,0,5,107,0,112,154,108,200,2,464,62,0,62,526
10/20/2000,OMA,NE,ACE,CE,Combined TRACON& Tower with Radar,161,102,93,2,358,0,10,88,2,100,161,112,181,4,458,121,4,125,583
10/21/2000,OMA,NE,ACE,CE,Combined TRACON& Tower with Radar,128,61,67,1,257,15,0,53,0,68,143,61,120,1,325,48,0,48,373
10/22/2000,OMA,NE,ACE,CE,Combined TRACON& Tower with Radar,110,64,58,0,232,4,3,4,0,11,114,67,62,0,243,28,0,28,271
10/23/2000,OMA,NE,ACE,CE,Combined TRACON& Tower with Radar,130,90,88,0,308,0,0,67,0,67,130,90,155,0,375,68,0,68,443
10/24/2000,OMA,NE,ACE,CE,Combined TRACON& Tower with Radar,171,103,94,1,369,0,7,0,0,7,171,110,94,1,376,4,0,4,380
10/25/2000,OMA,NE,ACE,CE,Combined TRACON& Tower with Radar,166,95,93,0,354,0,0,60,0,60,166,95,153,0,414,144,0,144,558
10/26/2000,OMA,NE,ACE,CE,Combined TRACON& Tower with Radar,172,113,102,2,389,0,17,62,6,85,172,130,164,8,474,148,6,154,628
10/27/2000,OMA,NE,ACE,CE,Combined TRACON& Tower with Radar,171,99,90,1,361,1,6,48,3,58,172,105,138,4,419,60,0,60,479
10/28/2000,OMA,NE,ACE,CE,Combined TRACON& Tower with Radar,135,63,71,0,269,15,0,15,0,30,150,63,86,0,299,26,0,26,325
10/29/2000,OMA,NE,ACE,CE,Combined TRACON& Tower with Radar,106,53,42,0,201,22,0,0,0,22,128,53,42,0,223,4,0,4,227
10/30/2000,OMA,NE,ACE,CE,Combined TRACON& Tower with Radar,124,70,65,0,259,18,0,75,0,93,142,70,140,0,352,148,0,148,500
10/31/2000,OMA,NE,ACE,CE,Combined TRACON& Tower with Radar,167,101,91,2,361,0,5,7,5,17,167,106,98,7,378,22,14,36,414
11/01/2000,OMA,NE,ACE,CE,Combined TRACON& Tower with Radar,163,95,92,0,350,0,0,25,0,25,163,95,117,0,375,2,0,2,377
11/02/2000,OMA,NE,ACE,CE,Combined TRACON& Tower with Radar,158,97,88,2,345,0,10,60,7,77,158,107,148,9,422,186,16,202,624
11/03/2000,OMA,NE,ACE,CE,Combined TRACON& Tower with Radar,173,103,94,3,373,0,3,94,4,101,173,106,188,7,474,174,8,182,656
11/04/2000,OMA,NE,ACE,CE,Combined TRACON& Tower with Radar,126,73,66,2,267,11,2,53,1,67,137,75,119,3,334,92,0,92,426
11/05/2000,OMA,NE,ACE,CE,Combined TRACON& Tower with Radar,112,54,59,0,225,25,0,5,0,30,137,54,64,0,255,4,0,4,259
11/06/2000,OMA,NE,ACE,CE,Combined TRACON& Tower with Radar,127,76,68,2,273,0,0,0,3,3,127,76,68,5,276,4,8,12,288
11/07/2000,OMA,NE,ACE,CE,Combined TRACON& Tower with Radar,168,98,87,2,355,7,6,18,0,31,175,104,105,2,386,14,16,30,416
11/08/2000,OMA,NE,ACE,CE,Combined TRACON& Tower with Radar,177,114,101,0,392,0,7,104,0,111,177,121,205,0,503,174,0,174,677
11/09/2000,OMA,NE,ACE,CE,Combined TRACON& Tower with Radar,170,103,91,1,365,0,10,60,0,70,170,113,151,1,435,38,0,38,473
11/10/2000,OMA,NE,ACE,CE,Combined TRACON& Tower with Radar,171,102,91,1,365,0,0,91,0,91,171,102,182,1,456,98,0,98,554
11/11/2000,OMA,NE,ACE,CE,Combined TRACON& Tower with Radar,109,56,36,0,201,32,0,0,0,32,141,56,36,0,233,0,0,0,233
11/12/2000,OMA,NE,ACE,CE,Combined TRACON& Tower with Radar,94,47,48,0,189,22,0,0,0,22,116,47,48,0,211,40,0,40,251
11/13/2000,OMA,NE,ACE,CE,Combined TRACON& Tower with Radar,139,80,72,0,291,2,0,26,0,28,141,80,98,0,319,58,0,58,377
11/14/2000,OMA,NE,ACE,CE,Combined TRACON& Tower with Radar,162,97,86,0,345,0,12,61,0,73,162,109,147,0,418,130,0,130,548
11/15/2000,OMA,NE,ACE,CE,Combined TRACON& Tower with Radar,164,101,98,0,363,0,0,80,0,80,164,101,178,0,443,98,0,98,541
11/16/2000,OMA,NE,ACE,CE,Combined TRACON& Tower with Radar,162,104,92,0,358,0,13,35,0,48,162,117,127,0,406,36,0,36,442
11/17/2000,OMA,NE,ACE,CE,Combined TRACON& Tower with Radar,154,92,82,0,328,0,6,72,0,78,154,98,154,0,406,86,0,86,492
11/18/2000,OMA,NE,ACE,CE,Combined TRACON& Tower with Radar,120,67,62,1,250,26,0,48,1,75,146,67,110,2,325,58,0,58,383
11/19/2000,OMA,NE,ACE,CE,Combined TRACON& Tower with Radar,97,57,43,0,197,25,11,0,1,37,122,68,43,1,234,42,0,42,276
11/20/2000,OMA,NE,ACE,CE,Combined TRACON& Tower with Radar,123,72,65,1,261,15,4,40,1,60,138,76,105,2,321,66,6,72,393
11/21/2000,OMA,NE,ACE,CE,Combined TRACON& Tower with Radar,171,110,100,1,382,0,12,98,1,111,171,122,198,2,493,140,0,140,633
11/22/2000,OMA,NE,ACE,CE,Combined TRACON& Tower with Radar,163,98,89,1,351,0,10,64,0,74,163,108,153,1,425,64,4,68,493
11/23/2000,OMA,NE,ACE,CE,Combined TRACON& Tower with Radar,89,50,44,0,183,24,13,0,0,37,113,63,44,0,220,10,0,10,230
11/24/2000,OMA,NE,ACE,CE,Combined TRACON& Tower with Radar,83,54,50,0,187,0,9,44,0,53,83,63,94,0,240,44,0,44,284
11/25/2000,OMA,NE,ACE,CE,Combined TRACON& Tower with Radar,101,58,52,0,211,19,9,29,0,57,120,67,81,0,268,52,0,52,320
11/26/2000,OMA,NE,ACE,CE,Combined TRACON& Tower with Radar,118,58,62,0,238,2,0,24,0,26,120,58,86,0,264,22,0,22,286
11/27/2000,OMA,NE,ACE,CE,Combined TRACON& Tower with Radar,135,85,78,1,299,0,0,102,0,102,135,85,180,1,401,106,2,108,509
11/28/2000,OMA,NE,ACE,CE,Combined TRACON& Tower with Radar,166,102,93,2,363,0,1,35,8,44,166,103,128,10,407,34,20,54,461
11/29/2000,OMA,NE,ACE,CE,Combined TRACON& Tower with Radar,166,104,94,2,366,0,5,36,1,42,166,109,130,3,408,38,0,38,446
11/30/2000,OMA,NE,ACE,CE,Combined TRACON& Tower with Radar,163,102,93,0,358,0,18,16,0,34,163,120,109,0,392,22,0,22,414
12/01/2000,OMA,NE,ACE,CE,Combined TRACON& Tower with Radar,161,96,78,0,335,0,3,20,0,23,161,99,98,0,358,2,0,2,360
12/02/2000,OMA,NE,ACE,CE,Combined TRACON& Tower with Radar,132,71,52,0,255,29,0,0,0,29,161,71,52,0,284,18,0,18,302
12/03/2000,OMA,NE,ACE,CE,Combined TRACON& Tower with Radar,95,50,43,0,188,15,0,17,0,32,110,50,60,0,220,64,0,64,284
12/04/2000,OMA,NE,ACE,CE,Combined TRACON& Tower with Radar,133,75,65,0,273,0,0,57,0,57,133,75,122,0,330,34,0,34,364
12/05/2000,OMA,NE,ACE,CE,Combined TRACON& Tower with Radar,158,108,88,1,355,0,6,61,3,70,158,114,149,4,425,90,4,94,519
12/06/2000,OMA,NE,ACE,CE,Combined TRACON& Tower with Radar,172,108,88,0,368,0,2,78,0,80,172,110,166,0,448,48,0,48,496
12/07/2000,OMA,NE,ACE,CE,Combined TRACON& Tower with Radar,160,105,86,0,351,0,8,105,0,113,160,113,191,0,464,122,0,122,586
12/08/2000,OMA,NE,ACE,CE,Combined TRACON& Tower with Radar,166,91,74,1,332,2,5,62,1,70,168,96,136,2,402,30,2,32,434
12/09/2000,OMA,NE,ACE,CE,Combined TRACON& Tower with Radar,127,69,57,0,253,10,0,37,0,47,137,69,94,0,300,96,0,96,396
12/10/2000,OMA,NE,ACE,CE,Combined TRACON& Tower with Radar,90,44,33,0,167,19,0,0,0,19,109,44,33,0,186,0,0,0,186
12/11/2000,OMA,NE,ACE,CE,Combined TRACON& Tower with Radar,100,49,44,0,193,11,0,1,0,12,111,49,45,0,205,2,0,2,207
12/12/2000,OMA,NE,ACE,CE,Combined TRACON& Tower with Radar,165,88,76,1,330,0,0,56,9,65,165,88,132,10,395,10,0,10,405
12/13/2000,OMA,NE,ACE,CE,Combined TRACON& Tower with Radar,153,96,76,0,325,0,2,35,0,37,153,98,111,0,362,4,0,4,366
12/14/2000,OMA,NE,ACE,CE,Combined TRACON& Tower with Radar,159,98,78,0,335,0,0,59,0,59,159,98,137,0,394,44,0,44,438
12/15/2000,OMA,NE,ACE,CE,Combined TRACON& Tower with Radar,158,95,76,0,329,0,5,11,0,16,158,100,87,0,345,4,0,4,349
12/16/2000,OMA,NE,ACE,CE,Combined TRACON& Tower with Radar,95,44,13,0,152,39,0,0,0,39,134,44,13,0,191,4,0,4,195
12/17/2000,OMA,NE,ACE,CE,Combined TRACON& Tower with Radar,101,55,45,0,201,13,0,13,0,26,114,55,58,0,227,24,0,24,251
12/18/2000,OMA,NE,ACE,CE,Combined TRACON& Tower with Radar,104,58,33,0,195,15,3,0,0,18,119,61,33,0,213,2,0,2,215
12/19/2000,OMA,NE,ACE,CE,Combined TRACON& Tower with Radar,160,104,83,0,347,0,19,54,0,73,160,123,137,0,420,16,0,16,436
12/20/2000,OMA,NE,ACE,CE,Combined TRACON& Tower with Radar,164,94,74,0,332,0,2,26,0,28,164,96,100,0,360,8,0,8,368
12/21/2000,OMA,NE,ACE,CE,Combined TRACON& Tower with Radar,161,104,83,0,348,0,0,60,9,69,161,104,143,9,417,24,18,42,459
12/22/2000,OMA,NE,ACE,CE,Combined TRACON& Tower with Radar,170,102,81,0,353,0,6,43,5,54,170,108,124,5,407,32,16,48,455
12/23/2000,OMA,NE,ACE,CE,Combined TRACON& Tower with Radar,122,64,54,0,240,25,0,10,0,35,147,64,64,0,275,14,0,14,289
12/24/2000,OMA,NE,ACE,CE,Combined TRACON& Tower with Radar,81,46,27,0,154,22,7,0,0,29,103,53,27,0,183,6,0,6,189
12/25/2000,OMA,NE,ACE,CE,Combined TRACON& Tower with Radar,70,36,8,0,114,28,0,0,0,28,98,36,8,0,142,0,0,0,142
12/26/2000,OMA,NE,ACE,CE,Combined TRACON& Tower with Radar,120,66,54,0,240,0,1,29,0,30,120,67,83,0,270,30,0,30,300
12/27/2000,OMA,NE,ACE,CE,Combined TRACON& Tower with Radar,161,89,72,0,322,0,15,30,0,45,161,104,102,0,367,14,0,14,381
12/28/2000,OMA,NE,ACE,CE,Combined TRACON& Tower with Radar,157,86,70,0,313,3,21,2,0,26,160,107,72,0,339,6,0,6,345
12/29/2000,OMA,NE,ACE,CE,Combined TRACON& Tower with Radar,154,84,68,0,306,2,4,7,0,13,156,88,75,0,319,18,0,18,337
12/30/2000,OMA,NE,ACE,CE,Combined TRACON& Tower with Radar,128,63,57,0,248,18,0,26,0,44,146,63,83,0,292,66,0,66,358
12/31/2000,OMA,NE,ACE,CE,Combined TRACON& Tower with Radar,91,49,40,0,180,13,4,9,0,26,104,53,49,0,206,38,0,38,244
01/01/2001,OMA,NE,ACE,CE,Combined TRACON& Tower with Radar,75,38,27,0,140,31,0,0,0,31,106,38,27,0,171,2,0,2,173
01/02/2001,OMA,NE,ACE,CE,Combined TRACON& Tower with Radar,131,76,65,2,274,0,0,15,0,15,131,76,80,2,289,20,2,22,311
01/03/2001,OMA,NE,ACE,CE,Combined TRACON& Tower with Radar,171,97,80,0,348,3,4,66,0,73,174,101,146,0,421,102,0,102,523
01/04/2001,OMA,NE,ACE,CE,Combined TRACON& Tower with Radar,180,109,90,2,381,0,23,72,0,95,180,132,162,2,476,160,12,172,648
01/05/2001,OMA,NE,ACE,CE,Combined TRACON& Tower with Radar,155,92,75,0,322,0,6,72,0,78,155,98,147,0,400,60,0,60,460
01/06/2001,OMA,NE,ACE,CE,Combined TRACON& Tower with Radar,123,66,56,0,245,20,0,67,0,87,143,66,123,0,332,110,0,110,442
01/07/2001,OMA,NE,ACE,CE,Combined TRACON& Tower with Radar,95,42,43,0,180,26,0,14,0,40,121,42,57,0,220,54,0,54,274
01/08/2001,OMA,NE,ACE,CE,Combined TRACON& Tower with Radar,141,77,65,0,283,8,0,51,0,59,149,77,116,0,342,98,0,98,440
01/09/2001,OMA,NE,ACE,CE,Combined TRACON& Tower with Radar,167,106,85,3,361,0,8,80,0,88,167,114,165,3,449,62,2,64,513
01/10/2001,OMA,NE,ACE,CE,Combined TRACON& Tower with Radar,149,99,80,2,330,0,3,84,0,87,149,102,164,2,417,52,0,52,469
01/11/2001,OMA,NE,ACE,CE,Combined TRACON& Tower with Radar,176,115,92,2,385,0,6,26,8,40,176,121,118,10,425,44,10,54,479
01/12/2001,OMA,NE,ACE,CE,Combined TRACON& Tower with Radar,177,105,90,2,374,0,0,22,4,26,177,105,112,6,400,16,0,16,416
01/13/2001,OMA,NE,ACE,CE,Combined TRACON& Tower with Radar,103,59,29,1,192,15,9,0,1,25,118,68,29,2,217,20,0,20,237
01/14/2001,OMA,NE,ACE,CE,Combined TRACON& Tower with Radar,88,50,20,0,158,27,0,0,0,27,115,50,20,0,185,16,0,16,201
01/15/2001,OMA,NE,ACE,CE,Combined TRACON& Tower with Radar,122,70,56,0,248,18,4,8,0,30,140,74,64,0,278,42,0,42,320
01/16/2001,OMA,NE,ACE,CE,Combined TRACON& Tower with Radar,167,103,82,2,354,0,7,26,4,37,167,110,108,6,391,94,0,94,485
01/17/2001,OMA,NE,ACE,CE,Combined TRACON& Tower with Radar,169,102,82,3,356,0,6,32,3,41,169,108,114,6,397,116,0,116,513
01/18/2001,OMA,NE,ACE,CE,Combined TRACON& Tower with Radar,161,100,80,0,341,0,17,49,0,66,161,117,129,0,407,36,6,42,449
01/19/2001,OMA,NE,ACE,CE,Combined TRACON& Tower with Radar,161,91,74,0,326,8,0,50,0,58,169,91,124,0,384,44,0,44,428
01/20/2001,OMA,NE,ACE,CE,Combined TRACON& Tower with Radar,110,70,56,1,237,0,13,23,5,41,110,83,79,6,278,82,0,82,360
01/21/2001,OMA,NE,ACE,CE,Combined TRACON& Tower with Radar,110,52,52,1,215,16,0,72,2,90,126,52,124,3,305,84,0,84,389
01/22/2001,OMA,NE,ACE,CE,Combined TRACON& Tower with Radar,152,83,71,0,306,0,0,67,0,67,152,83,138,0,373,86,2,88,461
01/23/2001,OMA,NE,ACE,CE,Combined TRACON& Tower with Radar,154,96,79,0,329,0,21,68,0,89,154,117,147,0,418,112,0,112,530
01/24/2001,OMA,NE,ACE,CE,Combined TRACON& Tower with Radar,168,97,80,1,346,0,8,71,0,79,168,105,151,1,425,66,0,66,491
01/25/2001,OMA,NE,ACE,CE,Combined TRACON& Tower with Radar,164,97,79,0,340,0,12,58,0,70,164,109,137,0,410,32,0,32,442
01/26/2001,OMA,NE,ACE,CE,Combined TRACON& Tower with Radar,149,84,69,1,303,1,2,3,0,6,150,86,72,1,309,2,0,2,311
01/27/2001,OMA,NE,ACE,CE,Combined TRACON& Tower with Radar,129,73,60,0,262,6,0,39,0,45,135,73,99,0,307,32,0,32,339
01/28/2001,OMA,NE,ACE,CE,Combined TRACON& Tower with Radar,99,56,31,0,186,21,4,0,0,25,120,60,31,0,211,0,0,0,211
01/29/2001,OMA,NE,ACE,CE,Combined TRACON& Tower with Radar,94,52,24,0,170,25,0,0,0,25,119,52,24,0,195,0,0,0,195
01/30/2001,OMA,NE,ACE,CE,Combined TRACON& Tower with Radar,165,97,79,0,341,0,6,6,0,12,165,103,85,0,353,0,0,0,353
01/31/2001,OMA,NE,ACE,CE,Combined TRACON& Tower with Radar,162,97,80,2,341,0,14,50,3,67,162,111,130,5,408,64,4,68,476
02/01/2001,OMA,NE,ACE,CE,Combined TRACON& Tower with Radar,164,95,80,3,342,0,3,48,5,56,164,98,128,8,398,16,8,24,422
02/02/2001,OMA,NE,ACE,CE,Combined TRACON& Tower with Radar,156,90,80,0,326,0,0,52,0,52,156,90,132,0,378,8,2,10,388
02/03/2001,OMA,NE,ACE,CE,Combined TRACON& Tower with Radar,115,60,53,0,228,32,0,8,0,40,147,60,61,0,268,106,0,106,374
02/04/2001,OMA,NE,ACE,CE,Combined TRACON& Tower with Radar,99,46,45,0,190,25,0,26,0,51,124,46,71,0,241,46,0,46,287
02/05/2001,OMA,NE,ACE,CE,Combined TRACON& Tower with Radar,127,77,67,3,274,0,0,72,3,75,127,77,139,6,349,42,0,42,391
02/06/2001,OMA,NE,ACE,CE,Combined TRACON& Tower with Radar,170,96,82,0,348,0,10,71,0,81,170,106,153,0,429,92,0,92,521
02/07/2001,OMA,NE,ACE,CE,Combined TRACON& Tower with Radar,157,84,74,2,317,0,0,16,0,16,157,84,90,2,333,16,0,16,349
02/08/2001,OMA,NE,ACE,CE,Combined TRACON& Tower with Radar,134,73,41,0,248,22,5,0,0,27,156,78,41,0,275,0,0,0,275
02/09/2001,OMA,NE,ACE,CE,Combined TRACON& Tower with Radar,143,78,67,0,288,0,1,7,0,8,143,79,74,0,296,0,0,0,296
02/10/2001,OMA,NE,ACE,CE,Combined TRACON& Tower with Radar,116,63,54,0,233,23,2,1,0,26,139,65,55,0,259,8,0,8,267
02/11/2001,OMA,NE,ACE,CE,Combined TRACON& Tower with Radar,98,53,45,0,196,16,1,0,0,17,114,54,45,0,213,40,0,40,253
02/12/2001,OMA,NE,ACE,CE,Combined TRACON& Tower with Radar,136,73,67,2,278,0,0,51,0,51,136,73,118,2,329,78,0,78,407
02/13/2001,OMA,NE,ACE,CE,Combined TRACON& Tower with Radar,167,93,79,0,339,0,2,11,0,13,167,95,90,0,352,0,0,0,352
02/14/2001,OMA,NE,ACE,CE,Combined TRACON& Tower with Radar,158,90,76,2,326,0,2,6,0,8,158,92,82,2,334,6,0,6,340
02/15/2001,OMA,NE,ACE,CE,Combined TRACON& Tower with Radar,157,103,89,3,352,0,7,70,9,86,157,110,159,12,438,56,0,56,494
02/16/2001,OMA,NE,ACE,CE,Combined TRACON& Tower with Radar,159,90,79,1,329,0,5,78,0,83,159,95,157,1,412,50,0,50,462
02/17/2001,OMA,NE,ACE,CE,Combined TRACON& Tower with Radar,116,61,54,1,232,20,4,32,0,56,136,65,86,1,288,40,0,40,328
02/18/2001,OMA,NE,ACE,CE,Combined TRACON& Tower with Radar,98,41,45,0,184,23,0,39,0,62,121,41,84,0,246,86,0,86,332
02/19/2001,OMA,NE,ACE,CE,Combined TRACON& Tower with Radar,130,69,61,1,261,6,3,44,2,55,136,72,105,3,316,40,0,40,356
02/20/2001,OMA,NE,ACE,CE,Combined TRACON& Tower with Radar,156,88,77,2,323,0,9,48,3,60,156,97,125,5,383,46,2,48,431
02/21/2001,OMA,NE,ACE,CE,Combined TRACON& Tower with Radar,149,86,75,1,311,0,7,53,0,60,149,93,128,1,371,68,2,70,441
02/22/2001,OMA,NE,ACE,CE,Combined TRACON& Tower with Radar,152,90,78,0,320,0,9,48,0,57,152,99,126,0,377,20,2,22,399
02/23/2001,OMA,NE,ACE,CE,Combined TRACON& Tower with Radar,171,94,82,2,349,0,3,13,16,32,171,97,95,18,381,98,32,130,511
02/24/2001,OMA,NE,ACE,CE,Combined TRACON& Tower with Radar,108,54,33,0,195,23,0,0,0,23,131,54,33,0,218,2,0,2,220
02/25/2001,OMA,NE,ACE,CE,Combined TRACON& Tower with Radar,105,56,49,1,211,9,2,16,0,27,114,58,65,1,238,18,0,18,256
02/26/2001,OMA,NE,ACE,CE,Combined TRACON& Tower with Radar,139,72,66,0,277,0,0,42,0,42,139,72,108,0,319,18,0,18,337
02/27/2001,OMA,NE,ACE,CE,Combined TRACON& Tower with Radar,158,91,79,2,330,0,5,9,0,14,158,96,88,2,344,30,8,38,382
02/28/2001,OMA,NE,ACE,CE,Combined TRACON& Tower with Radar,162,99,86,2,349,0,12,65,0,77,162,111,151,2,426,56,8,64,490
03/01/2001,OMA,NE,ACE,CE,Combined TRACON& Tower with Radar,169,99,86,0,354,2,3,31,0,36,171,102,117,0,390,24,0,24,414
03/02/2001,OMA,NE,ACE,CE,Combined TRACON& Tower with Radar,163,114,99,6,382,0,8,88,36,132,163,122,187,42,514,80,36,116,630
03/03/2001,OMA,NE,ACE,CE,Combined TRACON& Tower with Radar,120,68,60,4,252,12,0,28,9,49,132,68,88,13,301,64,0,64,365
03/04/2001,OMA,NE,ACE,CE,Combined TRACON& Tower with Radar,108,48,55,4,215,11,0,60,1,72,119,48,115,5,287,86,0,86,373
03/05/2001,OMA,NE,ACE,CE,Combined TRACON& Tower with Radar,133,62,68,2,265,8,0,73,0,81,141,62,141,2,346,68,0,68,414
03/06/2001,OMA,NE,ACE,CE,Combined TRACON& Tower with Radar,156,101,88,6,351,0,9,64,0,73,156,110,152,6,424,68,10,78,502
03/07/2001,OMA,NE,ACE,CE,Combined TRACON& Tower with Radar,156,106,92,0,354,0,8,66,0,74,156,114,158,0,428,72,0,72,500
03/08/2001,OMA,NE,ACE,CE,Combined TRACON& Tower with Radar,156,103,90,6,355,0,21,72,0,93,156,124,162,6,448,114,8,122,570
03/09/2001,OMA,NE,ACE,CE,Combined TRACON& Tower with Radar,159,96,84,5,344,0,7,51,9,67,159,103,135,14,411,90,18,108,519
03/10/2001,OMA,NE,ACE,CE,Combined TRACON& Tower with Radar,115,61,56,0,232,26,0,0,0,26,141,61,56,0,258,14,0,14,272
03/11/2001,OMA,NE,ACE,CE,Combined TRACON& Tower with Radar,92,48,38,1,179,29,0,0,0,29,121,48,38,1,208,40,0,40,248
03/12/2001,OMA,NE,ACE,CE,Combined TRACON& Tower with Radar,124,71,64,0,259,10,0,33,0,43,134,71,97,0,302,18,0,18,320
03/13/2001,OMA,NE,ACE,CE,Combined TRACON& Tower with Radar,161,103,91,4,359,0,13,72,0,85,161,116,163,4,444,64,2,66,510
03/14/2001,OMA,NE,ACE,CE,Combined TRACON& Tower with Radar,163,99,87,0,349,0,12,87,0,99,163,111,174,0,448,106,0,106,554
03/15/2001,OMA,NE,ACE,CE,Combined TRACON& Tower with Radar,167,99,88,6,360,0,4,17,3,24,167,103,105,9,384,0,32,32,416
03/16/2001,OMA,NE,ACE,CE,Combined TRACON& Tower with Radar,161,99,88,5,353,0,25,70,8,103,161,124,158,13,456,112,18,130,586
03/17/2001,OMA,NE,ACE,CE,Combined TRACON& Tower with Radar,121,69,61,3,254,26,6,64,3,99,147,75,125,6,353,94,0,94,447
03/18/2001,OMA,NE,ACE,CE,Combined TRACON& Tower with Radar,96,53,50,0,199,21,0,56,0,77,117,53,106,0,276,76,0,76,352
03/19/2001,OMA,NE,ACE,CE,Combined TRACON& Tower with Radar,131,71,68,1,271,0,0,49,0,49,131,71,117,1,320,100,0,100,420
03/20/2001,OMA,NE,ACE,CE,Combined TRACON& Tower with Radar,165,100,89,5,359,0,10,80,1,91,165,110,169,6,450,78,4,82,532
03/21/2001,OMA,NE,ACE,CE,Combined TRACON& Tower with Radar,170,104,93,0,367,0,5,77,0,82,170,109,170,0,449,118,0,118,567
03/22/2001,OMA,NE,ACE,CE,Combined TRACON& Tower with Radar,161,102,91,5,359,0,2,73,1,76,161,104,164,6,435,58,10,68,503
03/23/2001,OMA,NE,ACE,CE,Combined TRACON& Tower with Radar,151,87,75,0,313,5,7,0,0,12,156,94,75,0,325,0,0,0,325
03/24/2001,OMA,NE,ACE,CE,Combined TRACON& Tower with Radar,123,70,63,0,256,32,0,35,0,67,155,70,98,0,323,94,0,94,417
03/25/2001,OMA,NE,ACE,CE,Combined TRACON& Tower with Radar,99,53,51,0,203,21,0,57,0,78,120,53,108,0,281,76,0,76,357
03/26/2001,OMA,NE,ACE,CE,Combined TRACON& Tower with Radar,123,71,63,0,257,12,3,66,0,81,135,74,129,0,338,34,0,34,372
03/27/2001,OMA,NE,ACE,CE,Combined TRACON& Tower with Radar,159,91,85,2,337,0,0,66,0,66,159,91,151,2,403,44,2,46,449
03/28/2001,OMA,NE,ACE,CE,Combined TRACON& Tower with Radar,164,104,93,5,366,0,19,47,12,78,164,123,140,17,444,36,60,96,540
03/29/2001,OMA,NE,ACE,CE,Combined TRACON& Tower with Radar,176,106,95,5,382,0,2,37,1,40,176,108,132,6,422,32,4,36,458
03/30/2001,OMA,NE,ACE,CE,Combined TRACON& Tower with Radar,149,92,83,4,328,0,0,48,4,52,149,92,131,8,380,62,0,62,442
03/31/2001,OMA,NE,ACE,CE,Combined TRACON& Tower with Radar,107,59,54,0,220,37,0,3,0,40,144,59,57,0,260,30,0,30,290
04/01/2001,OMA,NE,ACE,CE,Combined TRACON& Tower with Radar,90,45,48,1,184,23,0,35,0,58,113,45,83,1,242,82,0,82,324
04/02/2001,OMA,NE,ACE,CE,Combined TRACON& Tower with Radar,126,68,67,4,265,10,1,43,4,58,136,69,110,8,323,44,8,52,375
04/03/2001,OMA,NE,ACE,CE,Combined TRACON& Tower with Radar,153,92,88,5,338,0,9,36,10,55,153,101,124,15,393,8,46,54,447
04/04/2001,OMA,NE,ACE,CE,Combined TRACON& Tower with Radar,148,90,89,5,332,0,0,46,1,47,148,90,135,6,379,54,6,60,439
04/05/2001,OMA,NE,ACE,CE,Combined TRACON& Tower with Radar,149,90,86,5,330,0,4,15,4,23,149,94,101,9,353,18,14,32,385
04/06/2001,OMA,NE,ACE,CE,Combined TRACON& Tower with Radar,144,79,62,0,285,7,11,0,0,18,151,90,62,0,303,0,0,0,303
04/07/2001,OMA,NE,ACE,CE,Combined TRACON& Tower with Radar,106,56,42,0,204,35,0,0,0,35,141,56,42,0,239,10,0,10,249
04/08/2001,OMA,NE,ACE,CE,Combined TRACON& Tower with Radar,105,48,55,0,208,11,0,56,0,67,116,48,111,0,275,112,0,112,387
04/09/2001,OMA,NE,ACE,CE,Combined TRACON& Tower with Radar,135,73,70,3,281,0,0,78,0,78,135,73,148,3,359,76,8,84,443
04/10/2001,OMA,NE,ACE,CE,Combined TRACON& Tower with Radar,167,97,101,5,370,0,0,37,4,41,167,97,138,9,411,10,18,28,439
04/11/2001,OMA,NE,ACE,CE,Combined TRACON& Tower with Radar,129,74,71,0,274,0,11,7,0,18,129,85,78,0,292,6,0,6,298
04/12/2001,OMA,NE,ACE,CE,Combined TRACON& Tower with Radar,154,90,87,1,332,0,15,50,0,65,154,105,137,1,397,58,0,58,455
04/13/2001,OMA,NE,ACE,CE,Combined TRACON& Tower with Radar,160,87,84,2,333,4,11,71,0,86,164,98,155,2,419,76,0,76,495
04/14/2001,OMA,NE,ACE,CE,Combined TRACON& Tower with Radar,111,61,58,0,230,14,4,41,0,59,125,65,99,0,289,94,0,94,383
04/15/2001,OMA,NE,ACE,CE,Combined TRACON& Tower with Radar,84,38,44,2,168,28,0,10,0,38,112,38,54,2,206,30,0,30,236
04/16/2001,OMA,NE,ACE,CE,Combined TRACON& Tower with Radar,136,74,71,2,283,3,6,28,0,37,139,80,99,2,320,32,14,46,366
04/17/2001,OMA,NE,ACE,CE,Combined TRACON& Tower with Radar,152,87,86,4,329,0,10,86,7,103,152,97,172,11,432,32,24,56,488
04/18/2001,OMA,NE,ACE,CE,Combined TRACON& Tower with Radar,152,92,91,4,339,0,10,77,4,91,152,102,168,8,430,36,14,50,480
04/19/2001,OMA,NE,ACE,CE,Combined TRACON& Tower with Radar,146,86,84,3,319,0,17,47,9,73,146,103,131,12,392,36,10,46,438
04/20/2001,OMA,NE,ACE,CE,Combined TRACON& Tower with Radar,151,86,84,3,324,0,17,46,0,63,151,103,130,3,387,32,0,32,419
04/21/2001,OMA,NE,ACE,CE,Combined TRACON& Tower with Radar,123,57,65,2,247,39,0,52,0,91,162,57,117,2,338,48,0,48,386
04/22/2001,OMA,NE,ACE,CE,Combined TRACON& Tower with Radar,88,44,33,1,166,32,0,0,0,32,120,44,33,1,198,14,0,14,212
04/23/2001,OMA,NE,ACE,CE,Combined TRACON& Tower with Radar,120,56,63,3,242,19,0,16,1,36,139,56,79,4,278,10,4,14,292
04/24/2001,OMA,NE,ACE,CE,Combined TRACON& Tower with Radar,179,96,94,0,369,7,5,92,0,104,186,101,186,0,473,10,0,10,483
04/25/2001,OMA,NE,ACE,CE,Combined TRACON& Tower with Radar,157,97,95,0,349,0,6,133,0,139,157,103,228,0,488,52,0,52,540
04/26/2001,OMA,NE,ACE,CE,Combined TRACON& Tower with Radar,163,90,88,4,345,0,18,94,5,117,163,108,182,9,462,62,20,82,544
04/27/2001,OMA,NE,ACE,CE,Combined TRACON& Tower with Radar,169,111,109,0,389,0,26,129,0,155,169,137,238,0,544,28,0,28,572
04/28/2001,OMA,NE,ACE,CE,Combined TRACON& Tower with Radar,140,75,74,0,289,13,20,58,0,91,153,95,132,0,380,64,0,64,444
04/29/2001,OMA,NE,ACE,CE,Combined TRACON& Tower with Radar,117,66,65,2,250,0,14,55,0,69,117,80,120,2,319,8,0,8,327
04/30/2001,OMA,NE,ACE,CE,Combined TRACON& Tower with Radar,128,64,67,2,261,13,0,26,0,39,141,64,93,2,300,40,10,50,350
05/01/2001,OMA,NE,ACE,CE,Combined TRACON& Tower with Radar,160,89,87,6,342,0,8,61,3,72,160,97,148,9,414,18,34,52,466
05/02/2001,OMA,NE,ACE,CE,Combined TRACON& Tower with Radar,151,86,84,2,323,0,22,15,0,37,151,108,99,2,360,22,0,22,382
05/03/2001,OMA,NE,ACE,CE,Combined TRACON& Tower with Radar,168,90,87,2,347,0,2,9,0,11,168,92,96,2,358,30,0,30,388
05/04/2001,OMA,NE,ACE,CE,Combined TRACON& Tower with Radar,154,77,66,6,303,3,0,0,3,6,157,77,66,9,309,3,18,21,330
05/05/2001,OMA,NE,ACE,CE,Combined TRACON& Tower with Radar,111,51,30,3,195,44,0,0,0,44,155,51,30,3,239,14,0,14,253
05/06/2001,OMA,NE,ACE,CE,Combined TRACON& Tower with Radar,95,47,38,1,181,18,0,0,0,18,113,47,38,1,199,18,0,18,217
05/07/2001,OMA,NE,ACE,CE,Combined TRACON& Tower with Radar,131,66,67,0,264,2,0,71,0,73,133,66,138,0,337,32,0,32,369
05/08/2001,OMA,NE,ACE,CE,Combined TRACON& Tower with Radar,161,90,87,0,338,0,9,88,0,97,161,99,175,0,435,66,0,66,501
05/09/2001,OMA,NE,ACE,CE,Combined TRACON& Tower with Radar,155,85,82,1,323,0,17,82,0,99,155,102,164,1,422,54,0,54,476
05/10/2001,OMA,NE,ACE,CE,Combined TRACON& Tower with Radar,159,90,88,6,343,0,25,59,14,98,159,115,147,20,441,36,2,38,479
05/11/2001,OMA,NE,ACE,CE,Combined TRACON& Tower with Radar,169,90,87,2,348,2,10,72,0,84,171,100,159,2,432,66,0,66,498
05/12/2001,OMA,NE,ACE,CE,Combined TRACON& Tower with Radar,122,65,62,2,251,16,0,46,0,62,138,65,108,2,313,42,0,42,355
05/13/2001,OMA,NE,ACE,CE,Combined TRACON& Tower with Radar,91,37,46,3,177,27,0,4,0,31,118,37,50,3,208,22,0,22,230
05/14/2001,OMA,NE,ACE,CE,Combined TRACON& Tower with Radar,145,71,74,2,292,1,0,57,0,58,146,71,131,2,350,22,0,22,372
05/15/2001,OMA,NE,ACE,CE,Combined TRACON& Tower with Radar,161,89,91,6,347,0,0,68,14,82,161,89,159,20,429,20,30,50,479
05/16/2001,OMA,NE,ACE,CE,Combined TRACON& Tower with Radar,160,90,89,5,344,0,12,71,0,83,160,102,160,5,427,22,2,24,451
05/17/2001,OMA,NE,ACE,CE,Combined TRACON& Tower with Radar,188,105,103,5,401,0,12,88,0,100,188,117,191,5,501,56,8,64,565
05/18/2001,OMA,NE,ACE,CE,Combined TRACON& Tower with Radar,161,88,88,4,341,0,14,105,0,119,161,102,193,4,460,80,6,86,546
05/19/2001,OMA,NE,ACE,CE,Combined TRACON& Tower with Radar,130,67,67,1,265,29,0,35,0,64,159,67,102,1,329,70,0,70,399
05/20/2001,OMA,NE,ACE,CE,Combined TRACON& Tower with Radar,89,38,25,2,154,24,0,0,9,33,113,38,25,11,187,4,8,12,199
05/21/2001,OMA,NE,ACE,CE,Combined TRACON& Tower with Radar,133,72,71,1,277,0,2,35,0,37,133,74,106,1,314,30,0,30,344
05/22/2001,OMA,NE,ACE,CE,Combined TRACON& Tower with Radar,171,95,94,5,365,0,14,51,18,83,171,109,145,23,448,54,38,92,540
05/23/2001,OMA,NE,ACE,CE,Combined TRACON& Tower with Radar,152,100,98,6,356,0,13,42,22,77,152,113,140,28,433,22,38,60,493
05/24/2001,OMA,NE,ACE,CE,Combined TRACON& Tower with Radar,168,89,88,3,348,0,8,34,0,42,168,97,122,3,390,76,0,76,466
05/25/2001,OMA,NE,ACE,CE,Combined TRACON& Tower with Radar,154,75,79,0,308,5,0,74,0,79,159,75,153,0,387,70,0,70,457
05/26/2001,OMA,NE,ACE,CE,Combined TRACON& Tower with Radar,103,53,53,0,209,24,8,12,0,44,127,61,65,0,253,48,0,48,301
05/27/2001,OMA,NE,ACE,CE,Combined TRACON& Tower with Radar,81,39,42,2,164,17,0,67,0,84,98,39,109,2,248,90,0,90,338
05/28/2001,OMA,NE,ACE,CE,Combined TRACON& Tower with Radar,100,38,52,0,190,21,0,80,0,101,121,38,132,0,291,36,0,36,327
05/29/2001,OMA,NE,ACE,CE,Combined TRACON& Tower with Radar,135,70,70,0,275,0,6,44,0,50,135,76,114,0,325,44,0,44,369
05/30/2001,OMA,NE,ACE,CE,Combined TRACON& Tower with Radar,159,90,89,0,338,0,5,16,0,21,159,95,105,0,359,2,0,2,361
05/31/2001,OMA,NE,ACE,CE,Combined TRACON& Tower with Radar,153,90,89,0,332,0,7,32,0,39,153,97,121,0,371,20,0,20,391
06/01/2001,OMA,NE,ACE,CE,Combined TRACON& Tower with Radar,158,82,89,4,333,0,0,62,0,62,158,82,151,4,395,36,10,46,441
06/02/2001,OMA,NE,ACE,CE,Combined TRACON& Tower with Radar,119,59,65,3,246,22,0,36,1,59,141,59,101,4,305,66,0,66,371
06/03/2001,OMA,NE,ACE,CE,Combined TRACON& Tower with Radar,104,49,56,3,212,10,0,28,1,39,114,49,84,4,251,18,0,18,269
06/04/2001,OMA,NE,ACE,CE,Combined TRACON& Tower with Radar,139,67,74,3,283,0,0,23,2,25,139,67,97,5,308,0,8,8,316
06/05/2001,OMA,NE,ACE,CE,Combined TRACON& Tower with Radar,161,100,96,4,361,0,7,24,2,33,161,107,120,6,394,23,0,23,417
06/06/2001,OMA,NE,ACE,CE,Combined TRACON& Tower with Radar,160,96,92,0,348,0,10,49,0,59,160,106,141,0,407,26,4,30,437
06/07/2001,OMA,NE,ACE,CE,Combined TRACON& Tower with Radar,175,99,95,4,373,0,9,69,2,80,175,108,164,6,453,94,4,98,551
06/08/2001,OMA,NE,ACE,CE,Combined TRACON& Tower with Radar,143,81,77,3,304,5,14,56,7,82,148,95,133,10,386,46,16,62,448
06/09/2001,OMA,NE,ACE,CE,Combined TRACON& Tower with Radar,118,61,64,3,246,18,0,35,2,55,136,61,99,5,301,88,12,100,401
06/10/2001,OMA,NE,ACE,CE,Combined TRACON& Tower with Radar,101,50,54,2,207,13,0,37,0,50,114,50,91,2,257,22,4,26,283
06/11/2001,OMA,NE,ACE,CE,Combined TRACON& Tower with Radar,126,77,73,0,276,0,8,64,0,72,126,85,137,0,348,38,0,38,386
06/12/2001,OMA,NE,ACE,CE,Combined TRACON& Tower with Radar,170,96,92,3,361,8,3,44,4,59,178,99,136,7,420,34,18,52,472
06/13/2001,OMA,NE,ACE,CE,Combined TRACON& Tower with Radar,159,96,92,3,350,0,10,49,7,66,159,106,141,10,416,10,6,16,432
06/14/2001,OMA,NE,ACE,CE,Combined TRACON& Tower with Radar,167,94,93,0,354,0,0,65,0,65,167,94,158,0,419,56,0,56,475
06/15/2001,OMA,NE,ACE,CE,Combined TRACON& Tower with Radar,153,94,90,0,337,0,4,77,0,81,153,98,167,0,418,30,0,30,448
06/16/2001,OMA,NE,ACE,CE,Combined TRACON& Tower with Radar,123,69,66,0,258,21,1,49,0,71,144,70,115,0,329,90,0,90,419
06/17/2001,OMA,NE,ACE,CE,Combined TRACON& Tower with Radar,97,54,52,0,203,23,0,21,0,44,120,54,73,0,247,16,0,16,263
06/18/2001,OMA,NE,ACE,CE,Combined TRACON& Tower with Radar,137,68,73,0,278,4,0,65,0,69,141,68,138,0,347,14,8,22,369
06/19/2001,OMA,NE,ACE,CE,Combined TRACON& Tower with Radar,168,93,91,0,352,15,6,57,0,78,183,99,148,0,430,112,0,112,542
06/20/2001,OMA,NE,ACE,CE,Combined TRACON& Tower with Radar,151,94,92,4,341,0,14,46,2,62,151,108,138,6,403,14,6,20,423
06/21/2001,OMA,NE,ACE,CE,Combined TRACON& Tower with Radar,156,102,100,3,361,0,17,90,4,111,156,119,190,7,472,80,10,90,562
06/22/2001,OMA,NE,ACE,CE,Combined TRACON& Tower with Radar,153,89,87,3,332,0,14,109,0,123,153,103,196,3,455,86,0,86,541
06/23/2001,OMA,NE,ACE,CE,Combined TRACON& Tower with Radar,134,69,73,1,277,7,0,84,0,91,141,69,157,1,368,66,0,66,434
06/24/2001,OMA,NE,ACE,CE,Combined TRACON& Tower with Radar,103,52,56,2,213,17,0,62,1,80,120,52,118,3,293,32,0,32,325
06/25/2001,OMA,NE,ACE,CE,Combined TRACON& Tower with Radar,127,71,75,3,276,0,0,69,2,71,127,71,144,5,347,44,14,58,405
06/26/2001,OMA,NE,ACE,CE,Combined TRACON& Tower with Radar,163,97,95,0,355,0,4,79,0,83,163,101,174,0,438,42,0,42,480
06/27/2001,OMA,NE,ACE,CE,Combined TRACON& Tower with Radar,157,92,90,4,343,0,6,71,3,80,157,98,161,7,423,14,20,34,457
06/28/2001,OMA,NE,ACE,CE,Combined TRACON& Tower with Radar,178,99,97,3,377,3,22,69,10,104,181,121,166,13,481,108,12,120,601
06/29/2001,OMA,NE,ACE,CE,Combined TRACON& Tower with Radar,149,86,84,2,321,0,15,56,0,71,149,101,140,2,392,30,0,30,422
06/30/2001,OMA,NE,ACE,CE,Combined TRACON& Tower with Radar,109,60,59,2,230,26,2,54,4,86,135,62,113,6,316,50,0,50,366
07/01/2001,OMA,NE,ACE,CE,Combined TRACON& Tower with Radar,98,44,50,0,192,31,0,19,0,50,129,44,69,0,242,10,0,10,252
07/02/2001,OMA,NE,ACE,CE,Combined TRACON& Tower with Radar,134,72,67,0,273,0,2,37,0,39,134,74,104,0,312,8,0,8,320
07/03/2001,OMA,NE,ACE,CE,Combined TRACON& Tower with Radar,159,89,83,0,331,0,18,67,0,85,159,107,150,0,416,38,8,46,462
07/04/2001,OMA,NE,ACE,CE,Combined TRACON& Tower with Radar,91,48,45,0,184,26,10,15,0,51,117,58,60,0,235,36,0,36,271
07/05/2001,OMA,NE,ACE,CE,Combined TRACON& Tower with Radar,138,80,74,5,297,0,0,69,14,83,138,80,143,19,380,38,28,66,446
07/06/2001,OMA,NE,ACE,CE,Combined TRACON& Tower with Radar,150,82,74,0,306,8,9,50,0,67,158,91,124,0,373,72,0,72,445
07/07/2001,OMA,NE,ACE,CE,Combined TRACON& Tower with Radar,107,54,53,2,216,33,0,30,0,63,140,54,83,2,279,18,0,18,297
07/08/2001,OMA,NE,ACE,CE,Combined TRACON& Tower with Radar,110,60,54,4,228,9,2,40,0,51,119,62,94,4,279,44,0,44,323
07/09/2001,OMA,NE,ACE,CE,Combined TRACON& Tower with Radar,138,75,70,5,288,0,0,70,4,74,138,75,140,9,362,28,14,42,404
07/10/2001,OMA,NE,ACE,CE,Combined TRACON& Tower with Radar,160,89,80,6,335,0,22,51,4,77,160,111,131,10,412,60,12,72,484
07/11/2001,OMA,NE,ACE,CE,Combined TRACON& Tower with Radar,169,93,85,6,353,0,20,53,3,76,169,113,138,9,429,33,20,53,482
07/12/2001,OMA,NE,ACE,CE,Combined TRACON& Tower with Radar,173,95,86,0,354,13,16,62,0,91,186,111,148,0,445,94,0,94,539
07/13/2001,OMA,NE,ACE,CE,Combined TRACON& Tower with Radar,155,91,83,3,332,0,12,82,0,94,155,103,165,3,426,78,0,78,504
07/14/2001,OMA,NE,ACE,CE,Combined TRACON& Tower with Radar,113,62,56,0,231,18,17,41,0,76,131,79,97,0,307,26,0,26,333
07/15/2001,OMA,NE,ACE,CE,Combined TRACON& Tower with Radar,108,47,53,2,210,24,0,87,0,111,132,47,140,2,321,58,10,68,389
07/16/2001,OMA,NE,ACE,CE,Combined TRACON& Tower with Radar,135,74,67,0,276,1,6,73,0,80,136,80,140,0,356,12,0,12,368
07/17/2001,OMA,NE,ACE,CE,Combined TRACON& Tower with Radar,184,102,92,0,378,0,5,51,0,56,184,107,143,0,434,86,0,86,520
07/18/2001,OMA,NE,ACE,CE,Combined TRACON& Tower with Radar,171,96,87,5,359,0,18,57,4,79,171,114,144,9,438,53,18,71,509
07/19/2001,OMA,NE,ACE,CE,Combined TRACON& Tower with Radar,166,93,86,4,349,0,13,57,0,70,166,106,143,4,419,28,2,30,449
07/20/2001,OMA,NE,ACE,CE,Combined TRACON& Tower with Radar,162,87,82,5,336,0,0,63,2,65,162,87,145,7,401,36,10,46,447
07/21/2001,OMA,NE,ACE,CE,Combined TRACON& Tower with Radar,117,62,57,3,239,31,0,40,0,71,148,62,97,3,310,64,0,64,374
07/22/2001,OMA,NE,ACE,CE,Combined TRACON& Tower with Radar,108,46,53,3,210,11,0,41,3,55,119,46,94,6,265,34,4,38,303
07/23/2001,OMA,NE,ACE,CE,Combined TRACON& Tower with Radar,131,70,65,0,266,0,1,53,0,54,131,71,118,0,320,48,8,56,376
07/24/2001,OMA,NE,ACE,CE,Combined TRACON& Tower with Radar,153,87,81,3,324,0,20,39,0,59,153,107,120,3,383,32,0,32,415
07/25/2001,OMA,NE,ACE,CE,Combined TRACON& Tower with Radar,148,97,91,5,341,0,0,57,0,57,148,97,148,5,398,20,8,28,426
07/26/2001,OMA,NE,ACE,CE,Combined TRACON& Tower with Radar,156,100,93,6,355,0,4,30,21,55,156,104,123,27,410,46,40,86,496
07/27/2001,OMA,NE,ACE,CE,Combined TRACON& Tower with Radar,170,91,90,6,357,0,0,21,6,27,170,91,111,12,384,8,12,20,404
07/28/2001,OMA,NE,ACE,CE,Combined TRACON& Tower with Radar,123,50,61,1,235,14,0,47,0,61,137,50,108,1,296,36,0,36,332
07/29/2001,OMA,NE,ACE,CE,Combined TRACON& Tower with Radar,115,52,57,0,224,11,0,58,0,69,126,52,115,0,293,30,0,30,323
07/30/2001,OMA,NE,ACE,CE,Combined TRACON& Tower with Radar,130,72,72,4,278,0,0,60,12,72,130,72,132,16,350,30,34,64,414
07/31/2001,OMA,NE,ACE,CE,Combined TRACON& Tower with Radar,157,96,89,0,342,0,10,83,0,93,157,106,172,0,435,28,0,28,463
08/01/2001,OMA,NE,ACE,CE,Combined TRACON& Tower with Radar,160,104,105,5,374,0,0,73,0,73,160,104,178,5,447,38,4,42,489
08/02/2001,OMA,NE,ACE,CE,Combined TRACON& Tower with Radar,156,99,100,5,360,0,13,76,0,89,156,112,176,5,449,34,6,40,489
08/03/2001,OMA,NE,ACE,CE,Combined TRACON& Tower with Radar,149,91,91,4,335,2,11,38,0,51,151,102,129,4,386,52,0,52,438
08/04/2001,OMA,NE,ACE,CE,Combined TRACON& Tower with Radar,118,72,72,5,267,27,2,17,31,77,145,74,89,36,344,66,30,96,440
08/05/2001,OMA,NE,ACE,CE,Combined TRACON& Tower with Radar,98,46,60,4,208,19,0,35,0,54,117,46,95,4,262,20,0,20,282
08/06/2001,OMA,NE,ACE,CE,Combined TRACON& Tower with Radar,114,68,70,5,257,21,0,20,5,46,135,68,90,10,303,14,8,22,325
08/07/2001,OMA,NE,ACE,CE,Combined TRACON& Tower with Radar,153,94,95,2,344,0,13,50,0,63,153,107,145,2,407,22,0,22,429
08/08/2001,OMA,NE,ACE,CE,Combined TRACON& Tower with Radar,155,96,96,4,351,0,15,43,0,58,155,111,139,4,409,14,4,18,427
08/09/2001,OMA,NE,ACE,CE,Combined TRACON& Tower with Radar,155,99,99,7,360,0,6,55,7,68,155,105,154,14,428,32,32,64,492
08/10/2001,OMA,NE,ACE,CE,Combined TRACON& Tower with Radar,146,89,89,6,330,3,1,48,0,52,149,90,137,6,382,30,10,40,422
08/11/2001,OMA,NE,ACE,CE,Combined TRACON& Tower with Radar,99,60,60,0,219,35,1,27,0,63,134,61,87,0,282,48,0,48,330
08/12/2001,OMA,NE,ACE,CE,Combined TRACON& Tower with Radar,97,47,59,1,204,18,0,68,0,86,115,47,127,1,290,24,0,24,314
08/13/2001,OMA,NE,ACE,CE,Combined TRACON& Tower with Radar,121,73,74,4,272,19,17,37,7,80,140,90,111,11,352,20,12,32,384
08/14/2001,OMA,NE,ACE,CE,Combined TRACON& Tower with Radar,157,97,99,6,359,0,10,60,2,72,157,107,159,8,431,54,16,70,501
08/15/2001,OMA,NE,ACE,CE,Combined TRACON& Tower with Radar,148,94,95,3,340,0,1,32,0,33,148,95,127,3,373,16,0,16,389
08/16/2001,OMA,NE,ACE,CE,Combined TRACON& Tower with Radar,152,111,120,8,391,0,0,47,8,55,152,111,167,16,446,58,22,80,526
08/17/2001,OMA,NE,ACE,CE,Combined TRACON& Tower with Radar,150,94,97,6,347,0,11,66,0,77,150,105,163,6,424,68,8,76,500
08/18/2001,OMA,NE,ACE,CE,Combined TRACON& Tower with Radar,109,64,67,4,244,42,0,17,1,60,151,64,84,5,304,44,0,44,348
08/19/2001,OMA,NE,ACE,CE,Combined TRACON& Tower with Radar,114,51,70,0,235,6,0,83,0,89,120,51,153,0,324,81,0,81,405
08/20/2001,OMA,NE,ACE,CE,Combined TRACON& Tower with Radar,129,79,81,5,294,0,3,45,0,48,129,82,126,5,342,30,16,46,388
08/21/2001,OMA,NE,ACE,CE,Combined TRACON& Tower with Radar,166,103,106,4,379,0,22,41,0,63,166,125,147,4,442,38,16,54,496
08/22/2001,OMA,NE,ACE,CE,Combined TRACON& Tower with Radar,152,104,106,7,369,0,13,61,2,76,152,117,167,9,445,90,10,100,545
08/23/2001,OMA,NE,ACE,CE,Combined TRACON& Tower with Radar,160,105,108,3,376,0,20,90,0,110,160,125,198,3,486,78,0,78,564
08/24/2001,OMA,NE,ACE,CE,Combined TRACON& Tower with Radar,158,101,104,7,370,0,19,13,3,35,158,120,117,10,405,36,2,38,443
08/25/2001,OMA,NE,ACE,CE,Combined TRACON& Tower with Radar,111,65,59,0,235,25,0,0,0,25,136,65,59,0,260,32,0,32,292
08/26/2001,OMA,NE,ACE,CE,Combined TRACON& Tower with Radar,103,52,64,4,223,18,0,41,1,60,121,52,105,5,283,28,10,38,321
08/27/2001,OMA,NE,ACE,CE,Combined TRACON& Tower with Radar,133,79,81,1,294,1,20,51,0,72,134,99,132,1,366,44,0,44,410
08/28/2001,OMA,NE,ACE,CE,Combined TRACON& Tower with Radar,144,92,95,6,337,0,18,88,2,108,144,110,183,8,445,60,2,62,507
08/29/2001,OMA,NE,ACE,CE,Combined TRACON& Tower with Radar,154,104,106,3,367,0,37,73,0,110,154,141,179,3,477,40,0,40,517
08/30/2001,OMA,NE,ACE,CE,Combined TRACON& Tower with Radar,162,99,101,0,362,0,14,79,0,93,162,113,180,0,455,124,0,124,579
08/31/2001,OMA,NE,ACE,CE,Combined TRACON& Tower with Radar,157,85,126,8,376,0,0,34,2,36,157,85,160,10,412,56,0,56,468
09/01/2001,OMA,NE,ACE,CE,Combined TRACON& Tower with Radar,97,57,56,0,210,28,0,54,0,82,125,57,110,0,292,68,0,68,360
09/02/2001,OMA,NE,ACE,CE,Combined TRACON& Tower with Radar,71,40,40,1,152,28,0,24,0,52,99,40,64,1,204,66,0,66,270
09/03/2001,OMA,NE,ACE,CE,Combined TRACON& Tower with Radar,87,46,50,2,185,24,0,35,0,59,111,46,85,2,244,28,0,28,272
09/04/2001,OMA,NE,ACE,CE,Combined TRACON& Tower with Radar,132,96,77,5,310,0,5,70,0,75,132,101,147,5,385,34,24,58,443
09/05/2001,OMA,NE,ACE,CE,Combined TRACON& Tower with Radar,150,111,89,5,355,0,3,63,9,75,150,114,152,14,430,74,26,100,530
09/06/2001,OMA,NE,ACE,CE,Combined TRACON& Tower with Radar,163,108,94,6,371,7,0,13,19,39,170,108,107,25,410,22,36,58,468
09/07/2001,OMA,NE,ACE,CE,Combined TRACON& Tower with Radar,148,97,85,3,333,28,0,15,0,43,176,97,100,3,376,30,4,34,410
09/08/2001,OMA,NE,ACE,CE,Combined TRACON& Tower with Radar,125,72,71,0,268,43,0,24,0,67,168,72,95,0,335,66,0,66,401
09/09/2001,OMA,NE,ACE,CE,Combined TRACON& Tower with Radar,113,63,65,1,242,1,0,69,0,70,114,63,134,1,312,56,0,56,368
09/10/2001,OMA,NE,ACE,CE,Combined TRACON& Tower with Radar,131,86,78,5,300,0,0,71,3,74,131,86,149,8,374,48,14,62,436
09/11/2001,OMA,NE,ACE,CE,Combined TRACON& Tower with Radar,65,45,37,0,147,15,0,7,0,22,80,45,44,0,169,18,0,18,187
09/12/2001,OMA,NE,ACE,CE,Combined TRACON& Tower with Radar,0,0,0,0,0,0,0,2,0,2,0,0,2,0,2,0,0,0,2
09/13/2001,OMA,NE,ACE,CE,Combined TRACON& Tower with Radar,27,27,6,2,62,0,29,0,4,33,27,56,6,6,95,2,10,12,107
09/14/2001,OMA,NE,ACE,CE,Combined TRACON& Tower with Radar,105,87,25,3,220,0,61,0,4,65,105,148,25,7,285,30,8,38,323
09/15/2001,OMA,NE,ACE,CE,Combined TRACON& Tower with Radar,105,75,59,0,239,3,7,0,0,10,108,82,59,0,249,10,0,10,259
09/16/2001,OMA,NE,ACE,CE,Combined TRACON& Tower with Radar,68,47,23,0,138,25,0,0,0,25,93,47,23,0,163,0,0,0,163
09/17/2001,OMA,NE,ACE,CE,Combined TRACON& Tower with Radar,102,81,66,0,249,0,8,2,0,10,102,89,68,0,259,2,0,2,261
09/18/2001,OMA,NE,ACE,CE,Combined TRACON& Tower with Radar,114,95,76,2,287,0,29,0,0,29,114,124,76,2,316,4,0,4,320
09/19/2001,OMA,NE,ACE,CE,Combined TRACON& Tower with Radar,131,117,95,5,348,0,12,11,2,25,131,129,106,7,373,26,4,30,403
09/20/2001,OMA,NE,ACE,CE,Combined TRACON& Tower with Radar,126,108,89,4,327,0,16,25,3,44,126,124,114,7,371,18,2,20,391
09/21/2001,OMA,NE,ACE,CE,Combined TRACON& Tower with Radar,130,107,88,4,329,0,6,39,6,51,130,113,127,10,380,24,18,42,422
09/22/2001,OMA,NE,ACE,CE,Combined TRACON& Tower with Radar,90,63,48,2,203,30,1,0,0,31,120,64,48,2,234,20,0,20,254
09/23/2001,OMA,NE,ACE,CE,Combined TRACON& Tower with Radar,88,50,51,1,190,15,0,12,0,27,103,50,63,1,217,24,0,24,241
09/24/2001,OMA,NE,ACE,CE,Combined TRACON& Tower with Radar,113,84,69,3,269,0,0,48,3,51,113,84,117,6,320,6,20,26,346
09/25/2001,OMA,NE,ACE,CE,Combined TRACON& Tower with Radar,147,110,90,0,347,0,11,73,0,84,147,121,163,0,431,56,0,56,487
09/26/2001,OMA,NE,ACE,CE,Combined TRACON& Tower with Radar,139,112,91,1,343,0,10,73,0,83,139,122,164,1,426,28,0,28,454
09/27/2001,OMA,NE,ACE,CE,Combined TRACON& Tower with Radar,139,112,92,3,346,0,6,70,0,76,139,118,162,3,422,46,0,46,468
09/28/2001,OMA,NE,ACE,CE,Combined TRACON& Tower with Radar,131,108,89,0,328,0,10,76,0,86,131,118,165,0,414,42,0,42,456
09/29/2001,OMA,NE,ACE,CE,Combined TRACON& Tower with Radar,96,60,55,0,211,21,0,23,0,44,117,60,78,0,255,28,0,28,283
09/30/2001,OMA,NE,ACE,CE,Combined TRACON& Tower with Radar,94,52,55,0,201,11,0,50,0,61,105,52,105,0,262,28,0,28,290
10/01/2001,OMA,NE,ACE,CE,Combined TRACON& Tower with Radar,116,77,69,3,265,5,0,56,1,62,121,77,125,4,327,20,8,28,355
10/02/2001,OMA,NE,ACE,CE,Combined TRACON& Tower with Radar,144,111,92,0,347,0,2,76,0,78,144,113,168,0,425,42,0,42,467
10/03/2001,OMA,NE,ACE,CE,Combined TRACON& Tower with Radar,151,113,94,0,358,0,19,53,0,72,151,132,147,0,430,74,0,74,504
10/04/2001,OMA,NE,ACE,CE,Combined TRACON& Tower with Radar,131,103,86,0,320,0,24,20,0,44,131,127,106,0,364,50,0,50,414
10/05/2001,OMA,NE,ACE,CE,Combined TRACON& Tower with Radar,145,105,85,0,335,10,3,31,0,44,155,108,116,0,379,50,0,50,429
10/06/2001,OMA,NE,ACE,CE,Combined TRACON& Tower with Radar,100,72,58,0,230,14,0,43,0,57,114,72,101,0,287,10,0,10,297
10/07/2001,OMA,NE,ACE,CE,Combined TRACON& Tower with Radar,97,64,57,0,218,17,0,46,0,63,114,64,103,0,281,62,0,62,343
10/08/2001,OMA,NE,ACE,CE,Combined TRACON& Tower with Radar,109,78,63,0,250,4,1,30,0,35,113,79,93,0,285,6,0,6,291
10/09/2001,OMA,NE,ACE,CE,Combined TRACON& Tower with Radar,141,106,83,0,330,0,0,0,0,0,141,106,83,0,330,12,0,12,342
10/10/2001,OMA,NE,ACE,CE,Combined TRACON& Tower with Radar,145,115,94,3,357,0,6,15,15,36,145,121,109,18,393,14,32,46,439
10/11/2001,OMA,NE,ACE,CE,Combined TRACON& Tower with Radar,141,110,89,2,342,0,8,62,0,70,141,118,151,2,412,42,0,42,454
10/12/2001,OMA,NE,ACE,CE,Combined TRACON& Tower with Radar,155,113,92,3,363,0,4,27,0,31,155,117,119,3,394,4,0,4,398
10/13/2001,OMA,NE,ACE,CE,Combined TRACON& Tower with Radar,99,63,58,0,220,24,0,18,0,42,123,63,76,0,262,36,0,36,298
10/14/2001,OMA,NE,ACE,CE,Combined TRACON& Tower with Radar,89,54,52,0,195,12,0,36,0,48,101,54,88,0,243,20,0,20,263
10/15/2001,OMA,NE,ACE,CE,Combined TRACON& Tower with Radar,120,89,74,0,283,0,0,45,0,45,120,89,119,0,328,24,0,24,352
10/16/2001,OMA,NE,ACE,CE,Combined TRACON& Tower with Radar,138,111,90,3,342,0,11,77,2,90,138,122,167,5,432,62,8,70,502
10/17/2001,OMA,NE,ACE,CE,Combined TRACON& Tower with Radar,140,106,88,0,334,0,7,53,0,60,140,113,141,0,394,28,0,28,422
10/18/2001,OMA,NE,ACE,CE,Combined TRACON& Tower with Radar,137,110,91,2,340,0,5,47,2,54,137,115,138,4,394,50,4,54,448
10/19/2001,OMA,NE,ACE,CE,Combined TRACON& Tower with Radar,141,102,88,2,333,0,0,49,0,49,141,102,137,2,382,21,2,23,405
10/20/2001,OMA,NE,ACE,CE,Combined TRACON& Tower with Radar,100,63,59,0,222,19,0,23,0,42,119,63,82,0,264,30,0,30,294
10/21/2001,OMA,NE,ACE,CE,Combined TRACON& Tower with Radar,83,58,49,0,190,22,7,10,0,39,105,65,59,0,229,20,0,20,249
10/22/2001,OMA,NE,ACE,CE,Combined TRACON& Tower with Radar,124,76,73,0,273,3,0,18,0,21,127,76,91,0,294,6,0,6,300
10/23/2001,OMA,NE,ACE,CE,Combined TRACON& Tower with Radar,153,123,102,3,381,0,2,37,14,53,153,125,139,17,434,52,14,66,500
10/24/2001,OMA,NE,ACE,CE,Combined TRACON& Tower with Radar,133,105,87,1,326,0,17,26,0,43,133,122,113,1,369,20,0,20,389
10/25/2001,OMA,NE,ACE,CE,Combined TRACON& Tower with Radar,149,113,94,2,358,0,3,26,0,29,149,116,120,2,387,15,0,15,402
10/26/2001,OMA,NE,ACE,CE,Combined TRACON& Tower with Radar,133,103,86,1,323,0,19,38,0,57,133,122,124,1,380,26,2,28,408
10/27/2001,OMA,NE,ACE,CE,Combined TRACON& Tower with Radar,100,71,59,1,231,27,0,9,3,39,127,71,68,4,270,22,6,28,298
10/28/2001,OMA,NE,ACE,CE,Combined TRACON& Tower with Radar,102,60,60,0,222,13,0,32,0,45,115,60,92,0,267,20,0,20,287
10/29/2001,OMA,NE,ACE,CE,Combined TRACON& Tower with Radar,101,71,59,1,232,18,3,40,1,62,119,74,99,2,294,46,4,50,344
10/30/2001,OMA,NE,ACE,CE,Combined TRACON& Tower with Radar,136,106,88,3,333,0,2,34,6,42,136,108,122,9,375,24,10,34,409
10/31/2001,OMA,NE,ACE,CE,Combined TRACON& Tower with Radar,142,101,84,0,327,6,18,5,0,29,148,119,89,0,356,18,0,18,374
11/01/2001,OMA,NE,ACE,CE,Combined TRACON& Tower with Radar,132,112,89,0,333,0,6,84,0,90,132,118,173,0,423,59,0,59,482
11/02/2001,OMA,NE,ACE,CE,Combined TRACON& Tower with Radar,134,100,79,3,316,2,3,45,0,50,136,103,124,3,366,40,0,40,406
11/03/2001,OMA,NE,ACE,CE,Combined TRACON& Tower with Radar,96,66,57,3,222,25,0,16,9,50,121,66,73,12,272,12,2,14,286
11/04/2001,OMA,NE,ACE,CE,Combined TRACON& Tower with Radar,87,57,52,2,198,20,0,39,0,59,107,57,91,2,257,10,0,10,267
11/05/2001,OMA,NE,ACE,CE,Combined TRACON& Tower with Radar,104,79,68,0,251,0,0,64,0,64,104,79,132,0,315,22,0,22,337
11/06/2001,OMA,NE,ACE,CE,Combined TRACON& Tower with Radar,141,114,90,5,350,0,12,45,4,61,141,126,135,9,411,42,0,42,453
11/07/2001,OMA,NE,ACE,CE,Combined TRACON& Tower with Radar,134,106,84,0,324,0,15,48,0,63,134,121,132,0,387,66,0,66,453
11/08/2001,OMA,NE,ACE,CE,Combined TRACON& Tower with Radar,137,116,92,1,346,0,14,53,0,67,137,130,145,1,413,32,0,32,445
11/09/2001,OMA,NE,ACE,CE,Combined TRACON& Tower with Radar,134,106,83,5,328,0,0,47,10,57,134,106,130,15,385,78,12,90,475
11/10/2001,OMA,NE,ACE,CE,Combined TRACON& Tower with Radar,100,76,60,0,236,22,0,27,0,49,122,76,87,0,285,58,0,58,343
11/11/2001,OMA,NE,ACE,CE,Combined TRACON& Tower with Radar,88,53,52,0,193,21,0,57,0,78,109,53,109,0,271,32,0,32,303
11/12/2001,OMA,NE,ACE,CE,Combined TRACON& Tower with Radar,118,89,70,0,277,3,3,46,0,52,121,92,116,0,329,80,0,80,409
11/13/2001,OMA,NE,ACE,CE,Combined TRACON& Tower with Radar,133,117,93,2,345,0,5,16,0,21,133,122,109,2,366,36,0,36,402
11/14/2001,OMA,NE,ACE,CE,Combined TRACON& Tower with Radar,138,127,102,5,372,0,4,32,2,38,138,131,134,7,410,54,10,64,474
11/15/2001,OMA,NE,ACE,CE,Combined TRACON& Tower with Radar,146,123,99,4,372,0,14,37,6,57,146,137,136,10,429,110,10,120,549
11/16/2001,OMA,NE,ACE,CE,Combined TRACON& Tower with Radar,133,113,91,4,341,0,0,63,8,71,133,113,154,12,412,34,14,48,460
11/17/2001,OMA,NE,ACE,CE,Combined TRACON& Tower with Radar,103,73,62,0,238,19,0,48,0,67,122,73,110,0,305,94,0,94,399
11/18/2001,OMA,NE,ACE,CE,Combined TRACON& Tower with Radar,91,52,54,0,197,16,0,10,0,26,107,52,64,0,223,42,0,42,265
11/19/2001,OMA,NE,ACE,CE,Combined TRACON& Tower with Radar,115,84,69,3,271,4,5,28,5,42,119,89,97,8,313,14,10,24,337
11/20/2001,OMA,NE,ACE,CE,Combined TRACON& Tower with Radar,145,116,94,0,355,0,14,28,0,42,145,130,122,0,397,6,0,6,403
11/21/2001,OMA,NE,ACE,CE,Combined TRACON& Tower with Radar,143,109,88,4,344,0,8,51,2,61,143,117,139,6,405,58,8,66,471
11/22/2001,OMA,NE,ACE,CE,Combined TRACON& Tower with Radar,68,50,37,0,155,24,10,0,0,34,92,60,37,0,189,4,0,4,193
11/23/2001,OMA,NE,ACE,CE,Combined TRACON& Tower with Radar,69,50,17,0,136,13,20,0,0,33,82,70,17,0,169,12,0,12,181
11/24/2001,OMA,NE,ACE,CE,Combined TRACON& Tower with Radar,79,56,23,0,158,30,0,0,0,30,109,56,23,0,188,0,0,0,188
11/25/2001,OMA,NE,ACE,CE,Combined TRACON& Tower with Radar,104,71,62,0,237,1,0,51,0,52,105,71,113,0,289,58,0,58,347
11/26/2001,OMA,NE,ACE,CE,Combined TRACON& Tower with Radar,120,76,72,3,271,16,0,6,14,36,136,76,78,17,307,80,20,100,407
11/27/2001,OMA,NE,ACE,CE,Combined TRACON& Tower with Radar,139,110,89,4,342,0,5,10,5,20,139,115,99,9,362,26,24,50,412
11/28/2001,OMA,NE,ACE,CE,Combined TRACON& Tower with Radar,132,108,87,0,327,0,8,33,0,41,132,116,120,0,368,30,0,30,398
11/29/2001,OMA,NE,ACE,CE,Combined TRACON& Tower with Radar,130,106,86,0,322,0,25,12,0,37,130,131,98,0,359,18,0,18,377
11/30/2001,OMA,NE,ACE,CE,Combined TRACON& Tower with Radar,136,99,81,0,316,1,0,19,0,20,137,99,100,0,336,8,0,8,344
12/01/2001,OMA,NE,ACE,CE,Combined TRACON& Tower with Radar,100,56,52,0,208,22,0,63,0,85,122,56,115,0,293,78,0,78,371
12/02/2001,OMA,NE,ACE,CE,Combined TRACON& Tower with Radar,93,68,48,0,209,8,0,57,0,65,101,68,105,0,274,80,0,80,354
12/03/2001,OMA,NE,ACE,CE,Combined TRACON& Tower with Radar,111,85,68,2,266,0,0,24,11,35,111,85,92,13,301,28,12,40,341
12/04/2001,OMA,NE,ACE,CE,Combined TRACON& Tower with Radar,130,127,87,0,344,0,4,31,0,35,130,131,118,0,379,36,0,36,415
12/05/2001,OMA,NE,ACE,CE,Combined TRACON& Tower with Radar,142,127,87,0,356,0,8,42,0,50,142,135,129,0,406,44,0,44,450
12/06/2001,OMA,NE,ACE,CE,Combined TRACON& Tower with Radar,132,123,84,1,340,0,14,74,0,88,132,137,158,1,428,96,0,96,524
12/07/2001,OMA,NE,ACE,CE,Combined TRACON& Tower with Radar,153,119,83,2,357,0,0,60,5,65,153,119,143,7,422,68,0,68,490
12/08/2001,OMA,NE,ACE,CE,Combined TRACON& Tower with Radar,94,65,48,1,208,23,0,23,0,46,117,65,71,1,254,44,0,44,298
12/09/2001,OMA,NE,ACE,CE,Combined TRACON& Tower with Radar,99,52,51,0,202,19,0,56,0,75,118,52,107,0,277,20,0,20,297
12/10/2001,OMA,NE,ACE,CE,Combined TRACON& Tower with Radar,111,88,59,0,258,0,5,38,0,43,111,93,97,0,301,46,0,46,347
12/11/2001,OMA,NE,ACE,CE,Combined TRACON& Tower with Radar,143,127,85,2,357,0,2,56,2,60,143,129,141,4,417,34,4,38,455
12/12/2001,OMA,NE,ACE,CE,Combined TRACON& Tower with Radar,136,122,82,2,342,0,5,29,0,34,136,127,111,2,376,10,2,12,388
12/13/2001,OMA,NE,ACE,CE,Combined TRACON& Tower with Radar,141,134,90,2,367,0,10,95,1,106,141,144,185,3,473,96,8,104,577
12/14/2001,OMA,NE,ACE,CE,Combined TRACON& Tower with Radar,153,120,81,0,354,0,1,46,0,47,153,121,127,0,401,60,0,60,461
12/15/2001,OMA,NE,ACE,CE,Combined TRACON& Tower with Radar,90,61,46,0,197,26,0,9,0,35,116,61,55,0,232,22,0,22,254
12/16/2001,OMA,NE,ACE,CE,Combined TRACON& Tower with Radar,94,62,48,0,204,16,0,35,0,51,110,62,83,0,255,50,0,50,305
12/17/2001,OMA,NE,ACE,CE,Combined TRACON& Tower with Radar,122,99,66,2,289,0,7,67,0,74,122,106,133,2,363,58,6,64,427
12/18/2001,OMA,NE,ACE,CE,Combined TRACON& Tower with Radar,133,113,76,2,324,0,22,34,1,57,133,135,110,3,381,88,2,90,471
12/19/2001,OMA,NE,ACE,CE,Combined TRACON& Tower with Radar,133,112,76,0,321,0,17,51,0,68,133,129,127,0,389,64,0,64,453
12/20/2001,OMA,NE,ACE,CE,Combined TRACON& Tower with Radar,133,127,87,1,348,0,25,57,4,86,133,152,144,5,434,78,14,92,526
12/21/2001,OMA,NE,ACE,CE,Combined TRACON& Tower with Radar,141,108,75,0,324,0,0,38,0,38,141,108,113,0,362,20,0,20,382
12/22/2001,OMA,NE,ACE,CE,Combined TRACON& Tower with Radar,102,68,41,0,211,30,0,0,0,30,132,68,41,0,241,0,0,0,241
12/23/2001,OMA,NE,ACE,CE,Combined TRACON& Tower with Radar,80,50,42,0,172,28,0,3,0,31,108,50,45,0,203,32,0,32,235
12/24/2001,OMA,NE,ACE,CE,Combined TRACON& Tower with Radar,71,47,20,0,138,41,0,0,0,41,112,47,20,0,179,12,0,12,191
12/25/2001,OMA,NE,ACE,CE,Combined TRACON& Tower with Radar,73,55,5,0,133,12,42,0,0,54,85,97,5,0,187,2,0,2,189
12/26/2001,OMA,NE,ACE,CE,Combined TRACON& Tower with Radar,119,93,64,0,276,0,11,46,0,57,119,104,110,0,333,96,0,96,429
12/27/2001,OMA,NE,ACE,CE,Combined TRACON& Tower with Radar,131,103,71,0,305,0,14,24,0,38,131,117,95,0,343,28,0,28,371
12/28/2001,OMA,NE,ACE,CE,Combined TRACON& Tower with Radar,134,101,70,1,306,6,11,13,3,33,140,112,83,4,339,20,8,28,367
12/29/2001,OMA,NE,ACE,CE,Combined TRACON& Tower with Radar,98,74,51,0,223,1,0,29,0,30,99,74,80,0,253,28,0,28,281
12/30/2001,OMA,NE,ACE,CE,Combined TRACON& Tower with Radar,84,62,43,0,189,20,0,11,0,31,104,62,54,0,220,28,0,28,248
12/31/2001,OMA,NE,ACE,CE,Combined TRACON& Tower with Radar,101,73,53,0,227,43,0,8,0,51,144,73,61,0,278,48,0,48,326
01/01/2002,OMA,NE,ACE,CE,Combined TRACON& Tower with Radar,76,63,41,0,180,21,11,0,0,32,97,74,41,0,212,12,0,12,224
01/02/2002,OMA,NE,ACE,CE,Combined TRACON& Tower with Radar,120,99,72,0,291,0,14,22,0,36,120,113,94,0,327,50,0,50,377
01/03/2002,OMA,NE,ACE,CE,Combined TRACON& Tower with Radar,131,109,77,3,320,4,4,9,8,25,135,113,86,11,345,8,24,32,377
01/04/2002,OMA,NE,ACE,CE,Combined TRACON& Tower with Radar,145,126,90,4,365,0,0,32,10,42,145,126,122,14,407,26,42,68,475
01/05/2002,OMA,NE,ACE,CE,Combined TRACON& Tower with Radar,104,75,61,0,240,18,0,24,0,42,122,75,85,0,282,56,0,56,338
01/06/2002,OMA,NE,ACE,CE,Combined TRACON& Tower with Radar,86,69,51,0,206,18,0,7,0,25,104,69,58,0,231,34,0,34,265
01/07/2002,OMA,NE,ACE,CE,Combined TRACON& Tower with Radar,118,101,72,3,294,0,0,54,4,58,118,101,126,7,352,70,10,80,432
01/08/2002,OMA,NE,ACE,CE,Combined TRACON& Tower with Radar,122,112,80,3,317,0,15,37,3,55,122,127,117,6,372,62,10,72,444
01/09/2002,OMA,NE,ACE,CE,Combined TRACON& Tower with Radar,128,118,84,0,330,0,24,38,0,62,128,142,122,0,392,78,0,78,470
01/10/2002,OMA,NE,ACE,CE,Combined TRACON& Tower with Radar,121,109,77,2,309,0,24,35,0,59,121,133,112,2,368,62,0,62,430
01/11/2002,OMA,NE,ACE,CE,Combined TRACON& Tower with Radar,126,119,93,3,341,0,0,100,5,105,126,119,193,8,446,64,14,78,524
01/12/2002,OMA,NE,ACE,CE,Combined TRACON& Tower with Radar,90,67,54,0,211,19,0,47,0,66,109,67,101,0,277,54,0,54,331
01/13/2002,OMA,NE,ACE,CE,Combined TRACON& Tower with Radar,89,69,53,0,211,10,0,37,0,47,99,69,90,0,258,58,0,58,316
01/14/2002,OMA,NE,ACE,CE,Combined TRACON& Tower with Radar,109,89,65,0,263,12,0,6,0,18,121,89,71,0,281,10,0,10,291
01/15/2002,OMA,NE,ACE,CE,Combined TRACON& Tower with Radar,145,114,89,3,351,0,0,51,0,51,145,114,140,3,402,52,26,78,480
01/16/2002,OMA,NE,ACE,CE,Combined TRACON& Tower with Radar,135,113,81,0,329,1,8,29,0,38,136,121,110,0,367,26,0,26,393
01/17/2002,OMA,NE,ACE,CE,Combined TRACON& Tower with Radar,127,122,87,3,339,0,8,56,2,66,127,130,143,5,405,90,8,98,503
01/18/2002,OMA,NE,ACE,CE,Combined TRACON& Tower with Radar,122,108,78,1,309,0,9,44,0,53,122,117,122,1,362,60,0,60,422
01/19/2002,OMA,NE,ACE,CE,Combined TRACON& Tower with Radar,95,74,57,2,228,12,0,17,3,32,107,74,74,5,260,49,0,49,309
01/20/2002,OMA,NE,ACE,CE,Combined TRACON& Tower with Radar,96,64,58,0,218,14,0,35,0,49,110,64,93,0,267,42,0,42,309
01/21/2002,OMA,NE,ACE,CE,Combined TRACON& Tower with Radar,112,94,71,0,277,0,0,72,0,72,112,94,143,0,349,89,0,89,438
01/22/2002,OMA,NE,ACE,CE,Combined TRACON& Tower with Radar,125,110,80,0,315,0,6,42,0,48,125,116,122,0,363,46,0,46,409
01/23/2002,OMA,NE,ACE,CE,Combined TRACON& Tower with Radar,139,124,90,3,356,0,9,36,0,45,139,133,126,3,401,52,2,54,455
01/24/2002,OMA,NE,ACE,CE,Combined TRACON& Tower with Radar,125,120,87,3,335,0,11,61,2,74,125,131,148,5,409,38,6,44,453
01/25/2002,OMA,NE,ACE,CE,Combined TRACON& Tower with Radar,126,109,79,2,316,0,15,41,0,56,126,124,120,2,372,34,0,34,406
01/26/2002,OMA,NE,ACE,CE,Combined TRACON& Tower with Radar,99,74,59,0,232,7,0,58,0,65,106,74,117,0,297,98,0,98,395
01/27/2002,OMA,NE,ACE,CE,Combined TRACON& Tower with Radar,105,44,63,0,212,33,0,73,0,106,138,44,136,0,318,62,0,62,380
01/28/2002,OMA,NE,ACE,CE,Combined TRACON& Tower with Radar,120,98,72,0,290,1,2,16,0,19,121,100,88,0,309,32,0,32,341
01/29/2002,OMA,NE,ACE,CE,Combined TRACON& Tower with Radar,131,115,80,3,329,0,9,0,5,14,131,124,80,8,343,6,10,16,359
01/30/2002,OMA,NE,ACE,CE,Combined TRACON& Tower with Radar,131,115,84,0,330,0,4,10,0,14,131,119,94,0,344,12,0,12,356
01/31/2002,OMA,NE,ACE,CE,Combined TRACON& Tower with Radar,113,93,48,0,254,2,24,0,0,26,115,117,48,0,280,6,0,6,286
02/01/2002,OMA,NE,ACE,CE,Combined TRACON& Tower with Radar,130,112,85,2,329,5,8,21,0,34,135,120,106,2,363,10,0,10,373
02/02/2002,OMA,NE,ACE,CE,Combined TRACON& Tower with Radar,96,74,63,1,234,26,0,23,0,49,122,74,86,1,283,62,0,62,345
02/03/2002,OMA,NE,ACE,CE,Combined TRACON& Tower with Radar,84,72,55,0,211,16,0,35,0,51,100,72,90,0,262,74,0,74,336
02/04/2002,OMA,NE,ACE,CE,Combined TRACON& Tower with Radar,111,93,73,0,277,3,0,47,0,50,114,93,120,0,327,66,0,66,393
02/05/2002,OMA,NE,ACE,CE,Combined TRACON& Tower with Radar,127,124,94,1,346,0,13,81,0,94,127,137,175,1,440,84,0,84,524
02/06/2002,OMA,NE,ACE,CE,Combined TRACON& Tower with Radar,121,120,88,1,330,0,4,42,0,46,121,124,130,1,376,24,0,24,400
02/07/2002,OMA,NE,ACE,CE,Combined TRACON& Tower with Radar,136,127,94,2,359,0,4,53,5,62,136,131,147,7,421,28,8,36,457
02/08/2002,OMA,NE,ACE,CE,Combined TRACON& Tower with Radar,137,117,97,2,353,0,0,66,1,67,137,117,163,3,420,96,4,100,520
02/09/2002,OMA,NE,ACE,CE,Combined TRACON& Tower with Radar,76,62,37,0,175,25,0,0,0,25,101,62,37,0,200,38,0,38,238
02/10/2002,OMA,NE,ACE,CE,Combined TRACON& Tower with Radar,85,73,54,0,212,20,3,11,0,34,105,76,65,0,246,52,0,52,298
02/11/2002,OMA,NE,ACE,CE,Combined TRACON& Tower with Radar,117,92,76,0,285,6,0,44,0,50,123,92,120,0,335,40,0,40,375
02/12/2002,OMA,NE,ACE,CE,Combined TRACON& Tower with Radar,126,120,89,2,337,0,14,48,11,73,126,134,137,13,410,48,20,68,478
02/13/2002,OMA,NE,ACE,CE,Combined TRACON& Tower with Radar,123,120,88,0,331,0,12,58,0,70,123,132,146,0,401,32,0,32,433
02/14/2002,OMA,NE,ACE,CE,Combined TRACON& Tower with Radar,129,125,93,1,348,0,6,56,0,62,129,131,149,1,410,12,0,12,422
02/15/2002,OMA,NE,ACE,CE,Combined TRACON& Tower with Radar,124,114,85,1,324,0,11,59,0,70,124,125,144,1,394,42,0,42,436
02/16/2002,OMA,NE,ACE,CE,Combined TRACON& Tower with Radar,83,70,53,0,206,16,4,19,0,39,99,74,72,0,245,52,0,52,297
02/17/2002,OMA,NE,ACE,CE,Combined TRACON& Tower with Radar,85,72,55,0,212,10,4,51,0,65,95,76,106,0,277,58,0,58,335
02/18/2002,OMA,NE,ACE,CE,Combined TRACON& Tower with Radar,116,99,76,0,291,0,0,27,0,27,116,99,103,0,318,44,0,44,362
02/19/2002,OMA,NE,ACE,CE,Combined TRACON& Tower with Radar,128,121,94,0,343,0,0,21,0,21,128,121,115,0,364,10,0,10,374
02/20/2002,OMA,NE,ACE,CE,Combined TRACON& Tower with Radar,123,121,91,1,336,0,14,23,1,38,123,135,114,2,374,52,2,54,428
02/21/2002,OMA,NE,ACE,CE,Combined TRACON& Tower with Radar,126,121,92,0,339,0,15,53,0,68,126,136,145,0,407,48,0,48,455
02/22/2002,OMA,NE,ACE,CE,Combined TRACON& Tower with Radar,136,122,93,1,352,0,7,72,2,81,136,129,165,3,433,80,4,84,517
02/23/2002,OMA,NE,ACE,CE,Combined TRACON& Tower with Radar,101,81,65,0,247,13,0,54,0,67,114,81,119,0,314,106,0,106,420
02/24/2002,OMA,NE,ACE,CE,Combined TRACON& Tower with Radar,82,58,53,0,193,36,0,6,0,42,118,58,59,0,235,24,0,24,259
02/25/2002,OMA,NE,ACE,CE,Combined TRACON& Tower with Radar,108,87,70,0,265,25,0,0,0,25,133,87,70,0,290,14,0,14,304
02/26/2002,OMA,NE,ACE,CE,Combined TRACON& Tower with Radar,126,112,85,0,323,0,14,12,0,26,126,126,97,0,349,2,0,2,351
02/27/2002,OMA,NE,ACE,CE,Combined TRACON& Tower with Radar,126,123,93,0,342,0,20,52,0,72,126,143,145,0,414,52,0,52,466
02/28/2002,OMA,NE,ACE,CE,Combined TRACON& Tower with Radar,133,113,85,0,331,0,12,34,0,46,133,125,119,0,377,22,0,22,399
03/01/2002,OMA,NE,ACE,CE,Combined TRACON& Tower with Radar,111,84,53,0,248,0,21,0,0,21,111,105,53,0,269,0,0,0,269
03/02/2002,OMA,NE,ACE,CE,Combined TRACON& Tower with Radar,87,60,36,1,184,24,0,0,1,25,111,60,36,2,209,4,0,4,213
03/03/2002,OMA,NE,ACE,CE,Combined TRACON& Tower with Radar,61,32,31,0,124,28,0,0,0,28,89,32,31,0,152,10,0,10,162
03/04/2002,OMA,NE,ACE,CE,Combined TRACON& Tower with Radar,127,88,70,2,287,0,0,51,1,52,127,88,121,3,339,20,8,28,367
03/05/2002,OMA,NE,ACE,CE,Combined TRACON& Tower with Radar,141,109,87,2,339,0,0,62,5,67,141,109,149,7,406,52,12,64,470
03/06/2002,OMA,NE,ACE,CE,Combined TRACON& Tower with Radar,128,108,81,0,317,0,1,33,0,34,128,109,114,0,351,40,0,40,391
03/07/2002,OMA,NE,ACE,CE,Combined TRACON& Tower with Radar,140,110,82,2,334,0,15,8,0,23,140,125,90,2,357,4,0,4,361
03/08/2002,OMA,NE,ACE,CE,Combined TRACON& Tower with Radar,123,89,48,0,260,17,0,0,0,17,140,89,48,0,277,4,0,4,281
03/09/2002,OMA,NE,ACE,CE,Combined TRACON& Tower with Radar,90,64,31,0,185,27,0,0,0,27,117,64,31,0,212,2,0,2,214
03/10/2002,OMA,NE,ACE,CE,Combined TRACON& Tower with Radar,91,61,49,1,202,21,0,5,3,29,112,61,54,4,231,20,0,20,251
03/11/2002,OMA,NE,ACE,CE,Combined TRACON& Tower with Radar,118,72,64,2,256,6,0,74,0,80,124,72,138,2,336,64,0,64,400
03/12/2002,OMA,NE,ACE,CE,Combined TRACON& Tower with Radar,147,111,86,3,347,0,0,64,10,74,147,111,150,13,421,80,18,98,519
03/13/2002,OMA,NE,ACE,CE,Combined TRACON& Tower with Radar,135,109,83,0,327,0,6,35,0,41,135,115,118,0,368,44,0,44,412
03/14/2002,OMA,NE,ACE,CE,Combined TRACON& Tower with Radar,126,108,82,0,316,0,21,13,0,34,126,129,95,0,350,22,0,22,372
03/15/2002,OMA,NE,ACE,CE,Combined TRACON& Tower with Radar,129,106,80,2,317,0,4,41,0,45,129,110,121,2,362,46,2,48,410
03/16/2002,OMA,NE,ACE,CE,Combined TRACON& Tower with Radar,107,71,58,1,237,15,0,6,0,21,122,71,64,1,258,52,0,52,310
03/17/2002,OMA,NE,ACE,CE,Combined TRACON& Tower with Radar,93,66,50,1,210,9,10,13,1,33,102,76,63,2,243,50,0,50,293
03/18/2002,OMA,NE,ACE,CE,Combined TRACON& Tower with Radar,121,86,66,1,274,0,14,30,1,45,121,100,96,2,319,56,2,58,377
03/19/2002,OMA,NE,ACE,CE,Combined TRACON& Tower with Radar,136,106,81,0,323,0,10,7,0,17,136,116,88,0,340,0,0,0,340
03/20/2002,OMA,NE,ACE,CE,Combined TRACON& Tower with Radar,130,109,83,1,323,0,15,51,0,66,130,124,134,1,389,50,0,50,439
03/21/2002,OMA,NE,ACE,CE,Combined TRACON& Tower with Radar,141,111,85,1,338,0,13,65,0,78,141,124,150,1,416,42,0,42,458
03/22/2002,OMA,NE,ACE,CE,Combined TRACON& Tower with Radar,143,101,77,0,321,0,16,63,0,79,143,117,140,0,400,60,0,60,460
03/23/2002,OMA,NE,ACE,CE,Combined TRACON& Tower with Radar,107,68,58,0,233,12,0,78,0,90,119,68,136,0,323,112,0,112,435
03/24/2002,OMA,NE,ACE,CE,Combined TRACON& Tower with Radar,89,45,37,0,171,46,0,0,0,46,135,45,37,0,217,2,0,2,219
03/25/2002,OMA,NE,ACE,CE,Combined TRACON& Tower with Radar,118,83,64,1,266,3,0,34,1,38,121,83,98,2,304,36,0,36,340
03/26/2002,OMA,NE,ACE,CE,Combined TRACON& Tower with Radar,139,108,82,0,329,0,15,60,0,75,139,123,142,0,404,60,0,60,464
03/27/2002,OMA,NE,ACE,CE,Combined TRACON& Tower with Radar,126,113,87,0,326,0,12,90,0,102,126,125,177,0,428,66,0,66,494
03/28/2002,OMA,NE,ACE,CE,Combined TRACON& Tower with Radar,133,107,82,0,322,0,26,64,0,90,133,133,146,0,412,78,0,78,490
03/29/2002,OMA,NE,ACE,CE,Combined TRACON& Tower with Radar,135,97,74,0,306,0,12,48,0,60,135,109,122,0,366,68,0,68,434
03/30/2002,OMA,NE,ACE,CE,Combined TRACON& Tower with Radar,90,64,48,0,202,24,1,31,0,56,114,65,79,0,258,30,0,30,288
03/31/2002,OMA,NE,ACE,CE,Combined TRACON& Tower with Radar,86,53,46,0,185,26,0,33,0,59,112,53,79,0,244,52,0,52,296
04/01/2002,OMA,NE,ACE,CE,Combined TRACON& Tower with Radar,118,90,72,2,282,2,6,50,2,60,120,96,122,4,342,62,10,72,414
04/02/2002,OMA,NE,ACE,CE,Combined TRACON& Tower with Radar,131,102,82,0,315,0,13,9,0,22,131,115,91,0,337,8,0,8,345
04/03/2002,OMA,NE,ACE,CE,Combined TRACON& Tower with Radar,135,112,90,0,337,0,29,44,0,73,135,141,134,0,410,62,0,62,472
04/04/2002,OMA,NE,ACE,CE,Combined TRACON& Tower with Radar,145,107,88,0,340,6,0,66,0,72,151,107,154,0,412,94,0,94,506
04/05/2002,OMA,NE,ACE,CE,Combined TRACON& Tower with Radar,131,100,80,0,311,6,19,42,0,67,137,119,122,0,378,80,0,80,458
04/06/2002,OMA,NE,ACE,CE,Combined TRACON& Tower with Radar,88,67,53,0,208,15,24,0,0,39,103,91,53,0,247,20,0,20,267
04/07/2002,OMA,NE,ACE,CE,Combined TRACON& Tower with Radar,83,57,51,0,191,20,0,4,0,24,103,57,55,0,215,26,2,28,243
04/08/2002,OMA,NE,ACE,CE,Combined TRACON& Tower with Radar,113,77,69,0,259,11,0,24,0,35,124,77,93,0,294,34,0,34,328
04/09/2002,OMA,NE,ACE,CE,Combined TRACON& Tower with Radar,138,110,88,2,338,0,3,80,1,84,138,113,168,3,422,100,4,104,526
04/10/2002,OMA,NE,ACE,CE,Combined TRACON& Tower with Radar,135,110,88,0,333,0,12,50,0,62,135,122,138,0,395,32,0,32,427
04/11/2002,OMA,NE,ACE,CE,Combined TRACON& Tower with Radar,131,117,93,0,341,0,11,17,0,28,131,128,110,0,369,32,0,32,401
04/12/2002,OMA,NE,ACE,CE,Combined TRACON& Tower with Radar,142,109,103,0,354,0,0,59,0,59,142,109,162,0,413,90,0,90,503
04/13/2002,OMA,NE,ACE,CE,Combined TRACON& Tower with Radar,107,74,65,0,246,15,0,40,0,55,122,74,105,0,301,92,0,92,393
04/14/2002,OMA,NE,ACE,CE,Combined TRACON& Tower with Radar,80,60,48,1,189,17,0,21,1,39,97,60,69,2,228,20,0,20,248
04/15/2002,OMA,NE,ACE,CE,Combined TRACON& Tower with Radar,129,96,79,2,306,11,0,42,19,72,140,96,121,21,378,30,32,62,440
04/16/2002,OMA,NE,ACE,CE,Combined TRACON& Tower with Radar,141,118,97,0,356,0,16,31,0,47,141,134,128,0,403,12,0,12,415
04/17/2002,OMA,NE,ACE,CE,Combined TRACON& Tower with Radar,136,120,98,1,355,0,5,62,0,67,136,125,160,1,422,44,0,44,466
04/18/2002,OMA,NE,ACE,CE,Combined TRACON& Tower with Radar,140,121,98,1,360,0,16,53,3,72,140,137,151,4,432,40,4,44,476
04/19/2002,OMA,NE,ACE,CE,Combined TRACON& Tower with Radar,134,112,92,0,338,0,15,60,0,75,134,127,152,0,413,68,0,68,481
04/20/2002,OMA,NE,ACE,CE,Combined TRACON& Tower with Radar,91,66,50,0,207,33,0,0,1,34,124,66,50,1,241,32,0,32,273
04/21/2002,OMA,NE,ACE,CE,Combined TRACON& Tower with Radar,94,70,50,0,214,12,0,0,0,12,106,70,50,0,226,20,0,20,246
04/22/2002,OMA,NE,ACE,CE,Combined TRACON& Tower with Radar,125,82,77,1,285,12,0,47,2,61,137,82,124,3,346,30,16,46,392
04/23/2002,OMA,NE,ACE,CE,Combined TRACON& Tower with Radar,137,107,87,0,331,0,10,92,0,102,137,117,179,0,433,106,0,106,539
04/24/2002,OMA,NE,ACE,CE,Combined TRACON& Tower with Radar,128,96,78,0,302,0,19,12,0,31,128,115,90,0,333,14,0,14,347
04/25/2002,OMA,NE,ACE,CE,Combined TRACON& Tower with Radar,142,112,95,0,349,0,0,96,0,96,142,112,191,0,445,118,0,118,563
04/26/2002,OMA,NE,ACE,CE,Combined TRACON& Tower with Radar,128,102,84,1,315,0,13,27,2,42,128,115,111,3,357,22,4,26,383
04/27/2002,OMA,NE,ACE,CE,Combined TRACON& Tower with Radar,85,62,19,0,166,27,7,0,0,34,112,69,19,0,200,0,0,0,200
04/28/2002,OMA,NE,ACE,CE,Combined TRACON& Tower with Radar,96,65,58,0,219,20,0,27,0,47,116,65,85,0,266,94,0,94,360
04/29/2002,OMA,NE,ACE,CE,Combined TRACON& Tower with Radar,124,93,76,0,293,0,14,77,0,91,124,107,153,0,384,74,0,74,458
04/30/2002,OMA,NE,ACE,CE,Combined TRACON& Tower with Radar,134,112,92,1,339,0,3,62,1,66,134,115,154,2,405,34,2,36,441
05/01/2002,OMA,NE,ACE,CE,Combined TRACON& Tower with Radar,129,100,82,0,311,6,6,14,0,26,135,106,96,0,337,2,0,2,339
05/02/2002,OMA,NE,ACE,CE,Combined TRACON& Tower with Radar,141,122,100,0,363,0,7,73,0,80,141,129,173,0,443,84,0,84,527
05/03/2002,OMA,NE,ACE,CE,Combined TRACON& Tower with Radar,133,126,103,0,362,0,22,85,0,107,133,148,188,0,469,52,0,52,521
05/04/2002,OMA,NE,ACE,CE,Combined TRACON& Tower with Radar,114,89,72,0,275,5,13,45,0,63,119,102,117,0,338,82,0,82,420
05/05/2002,OMA,NE,ACE,CE,Combined TRACON& Tower with Radar,115,93,76,2,286,0,13,41,3,57,115,106,117,5,343,50,2,52,395
05/06/2002,OMA,NE,ACE,CE,Combined TRACON& Tower with Radar,123,83,78,2,286,1,0,62,0,63,124,83,140,2,349,66,0,66,415
05/07/2002,OMA,NE,ACE,CE,Combined TRACON& Tower with Radar,153,109,97,2,361,9,0,36,4,49,162,109,133,6,410,64,10,74,484
05/08/2002,OMA,NE,ACE,CE,Combined TRACON& Tower with Radar,143,117,96,0,356,0,8,50,0,58,143,125,146,0,414,46,0,46,460
05/09/2002,OMA,NE,ACE,CE,Combined TRACON& Tower with Radar,130,116,95,2,343,0,6,65,1,72,130,122,160,3,415,66,20,86,501
05/10/2002,OMA,NE,ACE,CE,Combined TRACON& Tower with Radar,135,110,94,2,341,0,0,73,5,78,135,110,167,7,419,60,10,70,489
05/11/2002,OMA,NE,ACE,CE,Combined TRACON& Tower with Radar,91,67,19,2,179,39,0,0,1,40,130,67,19,3,219,0,0,0,219
05/12/2002,OMA,NE,ACE,CE,Combined TRACON& Tower with Radar,86,64,53,1,204,26,0,0,0,26,112,64,53,1,230,12,0,12,242
05/13/2002,OMA,NE,ACE,CE,Combined TRACON& Tower with Radar,123,87,78,2,290,12,0,60,0,72,135,87,138,2,362,30,0,30,392
05/14/2002,OMA,NE,ACE,CE,Combined TRACON& Tower with Radar,137,114,93,1,345,0,0,90,0,90,137,114,183,1,435,40,2,42,477
05/15/2002,OMA,NE,ACE,CE,Combined TRACON& Tower with Radar,130,107,87,3,327,0,14,36,1,51,130,121,123,4,378,34,4,38,416
05/16/2002,OMA,NE,ACE,CE,Combined TRACON& Tower with Radar,149,120,102,0,371,0,0,65,0,65,149,120,167,0,436,72,0,72,508
05/17/2002,OMA,NE,ACE,CE,Combined TRACON& Tower with Radar,132,110,92,0,334,0,6,64,0,70,132,116,156,0,404,18,0,18,422
05/18/2002,OMA,NE,ACE,CE,Combined TRACON& Tower with Radar,101,77,64,0,242,15,4,69,0,88,116,81,133,0,330,22,0,22,352
05/19/2002,OMA,NE,ACE,CE,Combined TRACON& Tower with Radar,91,64,58,0,213,18,0,60,0,78,109,64,118,0,291,44,0,44,335
05/20/2002,OMA,NE,ACE,CE,Combined TRACON& Tower with Radar,121,94,80,0,295,0,0,53,0,53,121,94,133,0,348,100,0,100,448
05/21/2002,OMA,NE,ACE,CE,Combined TRACON& Tower with Radar,137,107,89,0,333,0,2,51,0,53,137,109,140,0,386,74,0,74,460
05/22/2002,OMA,NE,ACE,CE,Combined TRACON& Tower with Radar,141,111,93,1,346,0,14,4,0,18,141,125,97,1,364,0,0,0,364
05/23/2002,OMA,NE,ACE,CE,Combined TRACON& Tower with Radar,134,118,98,2,352,0,20,28,1,49,134,138,126,3,401,34,4,38,439
05/24/2002,OMA,NE,ACE,CE,Combined TRACON& Tower with Radar,131,105,87,0,323,0,7,35,0,42,131,112,122,0,365,20,0,20,385
05/25/2002,OMA,NE,ACE,CE,Combined TRACON& Tower with Radar,95,72,60,0,227,17,10,42,0,69,112,82,102,0,296,50,0,50,346
05/26/2002,OMA,NE,ACE,CE,Combined TRACON& Tower with Radar,65,42,42,0,149,18,0,42,0,60,83,42,84,0,209,28,0,28,237
05/27/2002,OMA,NE,ACE,CE,Combined TRACON& Tower with Radar,92,61,59,1,213,13,0,39,0,52,105,61,98,1,265,66,0,66,331
05/28/2002,OMA,NE,ACE,CE,Combined TRACON& Tower with Radar,126,88,82,1,297,0,0,35,5,40,126,88,117,6,337,56,8,64,401
05/29/2002,OMA,NE,ACE,CE,Combined TRACON& Tower with Radar,137,118,98,1,354,0,20,46,0,66,137,138,144,1,420,68,0,68,488
05/30/2002,OMA,NE,ACE,CE,Combined TRACON& Tower with Radar,142,112,93,0,347,0,0,64,0,64,142,112,157,0,411,74,0,74,485
05/31/2002,OMA,NE,ACE,CE,Combined TRACON& Tower with Radar,117,89,74,1,281,13,14,41,5,73,130,103,115,6,354,30,0,30,384
06/01/2002,OMA,NE,ACE,CE,Combined TRACON& Tower with Radar,90,62,54,0,206,21,20,14,0,55,111,82,68,0,261,12,0,12,273
06/02/2002,OMA,NE,ACE,CE,Combined TRACON& Tower with Radar,93,65,56,0,214,20,7,25,0,52,113,72,81,0,266,38,0,38,304
06/03/2002,OMA,NE,ACE,CE,Combined TRACON& Tower with Radar,121,86,75,3,285,0,5,30,0,35,121,91,105,3,320,28,6,34,354
06/04/2002,OMA,NE,ACE,CE,Combined TRACON& Tower with Radar,139,96,83,0,318,6,6,9,0,21,145,102,92,0,339,38,0,38,377
06/05/2002,OMA,NE,ACE,CE,Combined TRACON& Tower with Radar,142,112,95,6,355,0,11,82,1,94,142,123,177,7,449,104,2,106,555
06/06/2002,OMA,NE,ACE,CE,Combined TRACON& Tower with Radar,136,108,92,4,340,0,15,78,0,93,136,123,170,4,433,96,0,96,529
06/07/2002,OMA,NE,ACE,CE,Combined TRACON& Tower with Radar,128,95,80,5,308,0,11,18,12,41,128,106,98,17,349,4,12,16,365
06/08/2002,OMA,NE,ACE,CE,Combined TRACON& Tower with Radar,103,73,61,1,238,21,6,20,0,47,124,79,81,1,285,6,0,6,291
06/09/2002,OMA,NE,ACE,CE,Combined TRACON& Tower with Radar,87,62,52,1,202,18,9,5,0,32,105,71,57,1,234,20,0,20,254
06/10/2002,OMA,NE,ACE,CE,Combined TRACON& Tower with Radar,111,78,66,0,255,13,15,9,0,37,124,93,75,0,292,30,0,30,322
06/11/2002,OMA,NE,ACE,CE,Combined TRACON& Tower with Radar,141,109,92,2,344,0,12,34,0,46,141,121,126,2,390,28,2,30,420
06/12/2002,OMA,NE,ACE,CE,Combined TRACON& Tower with Radar,154,115,97,0,366,0,8,21,0,29,154,123,118,0,395,30,0,30,425
06/13/2002,OMA,NE,ACE,CE,Combined TRACON& Tower with Radar,141,113,97,5,356,0,0,81,4,85,141,113,178,9,441,104,10,114,555
06/14/2002,OMA,NE,ACE,CE,Combined TRACON& Tower with Radar,152,98,91,5,346,0,0,90,6,96,152,98,181,11,442,106,4,110,552
06/15/2002,OMA,NE,ACE,CE,Combined TRACON& Tower with Radar,108,71,65,1,245,18,0,53,0,71,126,71,118,1,316,58,0,58,374
06/16/2002,OMA,NE,ACE,CE,Combined TRACON& Tower with Radar,96,57,58,3,214,17,0,50,0,67,113,57,108,3,281,38,0,38,319
06/17/2002,OMA,NE,ACE,CE,Combined TRACON& Tower with Radar,127,87,76,2,292,8,0,45,0,53,135,87,121,2,345,108,0,108,453
06/18/2002,OMA,NE,ACE,CE,Combined TRACON& Tower with Radar,151,107,92,4,354,0,17,25,0,42,151,124,117,4,396,28,6,34,430
06/19/2002,OMA,NE,ACE,CE,Combined TRACON& Tower with Radar,147,105,90,2,344,0,17,20,0,37,147,122,110,2,381,4,0,4,385
06/20/2002,OMA,NE,ACE,CE,Combined TRACON& Tower with Radar,153,107,106,3,369,0,0,101,0,101,153,107,207,3,470,130,0,130,600
06/21/2002,OMA,NE,ACE,CE,Combined TRACON& Tower with Radar,141,106,99,5,351,0,0,35,41,76,141,106,134,46,427,56,0,56,483
06/22/2002,OMA,NE,ACE,CE,Combined TRACON& Tower with Radar,127,76,81,4,288,0,0,79,12,91,127,76,160,16,379,82,0,82,461
06/23/2002,OMA,NE,ACE,CE,Combined TRACON& Tower with Radar,101,66,60,3,230,12,0,54,0,66,113,66,114,3,296,82,0,82,378
06/24/2002,OMA,NE,ACE,CE,Combined TRACON& Tower with Radar,130,74,78,4,286,4,0,54,6,64,134,74,132,10,350,50,4,54,404
06/25/2002,OMA,NE,ACE,CE,Combined TRACON& Tower with Radar,138,102,88,0,328,0,12,65,0,77,138,114,153,0,405,70,0,70,475
06/26/2002,OMA,NE,ACE,CE,Combined TRACON& Tower with Radar,153,110,95,2,360,0,4,66,0,70,153,114,161,2,430,60,0,60,490
06/27/2002,OMA,NE,ACE,CE,Combined TRACON& Tower with Radar,133,103,89,0,325,0,12,77,0,89,133,115,166,0,414,65,0,65,479
06/28/2002,OMA,NE,ACE,CE,Combined TRACON& Tower with Radar,144,110,95,2,351,0,9,72,0,81,144,119,167,2,432,46,0,46,478
06/29/2002,OMA,NE,ACE,CE,Combined TRACON& Tower with Radar,95,65,57,0,217,32,2,44,0,78,127,67,101,0,295,52,0,52,347
06/30/2002,OMA,NE,ACE,CE,Combined TRACON& Tower with Radar,94,59,56,0,209,17,0,33,0,50,111,59,89,0,259,80,0,80,339
07/01/2002,OMA,NE,ACE,CE,Combined TRACON& Tower with Radar,119,87,70,3,279,7,4,61,0,72,126,91,131,3,351,48,2,50,401
07/02/2002,OMA,NE,ACE,CE,Combined TRACON& Tower with Radar,145,110,88,0,343,0,3,62,0,65,145,113,150,0,408,34,0,34,442
07/03/2002,OMA,NE,ACE,CE,Combined TRACON& Tower with Radar,154,113,90,0,357,0,9,35,0,44,154,122,125,0,401,18,0,18,419
07/04/2002,OMA,NE,ACE,CE,Combined TRACON& Tower with Radar,87,63,49,0,199,26,3,0,0,29,113,66,49,0,228,26,0,26,254
07/05/2002,OMA,NE,ACE,CE,Combined TRACON& Tower with Radar,97,71,55,0,223,7,6,32,0,45,104,77,87,0,268,82,0,82,350
07/06/2002,OMA,NE,ACE,CE,Combined TRACON& Tower with Radar,96,67,55,2,220,13,0,55,0,68,109,67,110,2,288,80,0,80,368
07/07/2002,OMA,NE,ACE,CE,Combined TRACON& Tower with Radar,106,65,61,1,233,9,0,43,0,52,115,65,104,1,285,40,0,40,325
07/08/2002,OMA,NE,ACE,CE,Combined TRACON& Tower with Radar,120,89,70,0,279,8,8,44,0,60,128,97,114,0,339,36,0,36,375
07/09/2002,OMA,NE,ACE,CE,Combined TRACON& Tower with Radar,145,115,90,4,354,0,2,60,0,62,145,117,150,4,416,57,4,61,477
07/10/2002,OMA,NE,ACE,CE,Combined TRACON& Tower with Radar,141,114,89,3,347,0,7,37,1,45,141,121,126,4,392,12,4,16,408
07/11/2002,OMA,NE,ACE,CE,Combined TRACON& Tower with Radar,141,117,92,2,352,0,11,51,0,62,141,128,143,2,414,126,0,126,540
07/12/2002,OMA,NE,ACE,CE,Combined TRACON& Tower with Radar,137,107,84,2,330,0,10,28,8,46,137,117,112,10,376,38,0,38,414
07/13/2002,OMA,NE,ACE,CE,Combined TRACON& Tower with Radar,108,80,62,1,251,8,0,60,1,69,116,80,122,2,320,26,0,26,346
07/14/2002,OMA,NE,ACE,CE,Combined TRACON& Tower with Radar,99,65,57,1,222,14,0,57,1,72,113,65,114,2,294,48,0,48,342
07/15/2002,OMA,NE,ACE,CE,Combined TRACON& Tower with Radar,110,81,64,2,257,5,14,35,2,56,115,95,99,4,313,24,2,26,339
07/16/2002,OMA,NE,ACE,CE,Combined TRACON& Tower with Radar,144,117,92,3,356,0,11,52,3,66,144,128,144,6,422,32,2,34,456
07/17/2002,OMA,NE,ACE,CE,Combined TRACON& Tower with Radar,157,115,93,3,368,0,0,52,6,58,157,115,145,9,426,30,10,40,466
07/18/2002,OMA,NE,ACE,CE,Combined TRACON& Tower with Radar,140,110,88,0,338,0,0,89,0,89,140,110,177,0,427,94,0,94,521
07/19/2002,OMA,NE,ACE,CE,Combined TRACON& Tower with Radar,137,102,81,2,322,0,0,50,3,53,137,102,131,5,375,56,2,58,433
07/20/2002,OMA,NE,ACE,CE,Combined TRACON& Tower with Radar,104,77,61,1,243,24,0,37,7,68,128,77,98,8,311,30,4,34,345
07/21/2002,OMA,NE,ACE,CE,Combined TRACON& Tower with Radar,99,68,58,0,225,1,0,42,0,43,100,68,100,0,268,35,0,35,303
07/22/2002,OMA,NE,ACE,CE,Combined TRACON& Tower with Radar,135,96,81,3,315,0,0,85,0,85,135,96,166,3,400,52,0,52,452
07/23/2002,OMA,NE,ACE,CE,Combined TRACON& Tower with Radar,141,111,89,2,343,0,9,76,0,85,141,120,165,2,428,100,0,100,528
07/24/2002,OMA,NE,ACE,CE,Combined TRACON& Tower with Radar,140,116,93,0,349,0,10,66,0,76,140,126,159,0,425,38,0,38,463
07/25/2002,OMA,NE,ACE,CE,Combined TRACON& Tower with Radar,144,116,94,0,354,0,0,79,0,79,144,116,173,0,433,27,0,27,460
07/26/2002,OMA,NE,ACE,CE,Combined TRACON& Tower with Radar,140,105,84,3,332,0,26,12,0,38,140,131,96,3,370,56,0,56,426
07/27/2002,OMA,NE,ACE,CE,Combined TRACON& Tower with Radar,101,73,59,0,233,24,1,3,0,28,125,74,62,0,261,26,0,26,287
07/28/2002,OMA,NE,ACE,CE,Combined TRACON& Tower with Radar,99,59,58,0,216,21,0,35,0,56,120,59,93,0,272,22,0,22,294
07/29/2002,OMA,NE,ACE,CE,Combined TRACON& Tower with Radar,127,91,77,2,297,0,0,56,9,65,127,91,133,11,362,37,16,53,415
07/30/2002,OMA,NE,ACE,CE,Combined TRACON& Tower with Radar,136,111,89,2,338,0,14,61,0,75,136,125,150,2,413,28,0,28,441
07/31/2002,OMA,NE,ACE,CE,Combined TRACON& Tower with Radar,149,108,87,2,346,1,10,56,1,68,150,118,143,3,414,36,4,40,454
08/01/2002,OMA,NE,ACE,CE,Combined TRACON& Tower with Radar,137,95,80,4,316,1,16,50,0,67,138,111,130,4,383,49,8,57,440
08/02/2002,OMA,NE,ACE,CE,Combined TRACON& Tower with Radar,141,101,85,5,332,0,13,40,3,56,141,114,125,8,388,44,4,48,436
08/03/2002,OMA,NE,ACE,CE,Combined TRACON& Tower with Radar,105,68,61,2,236,22,0,38,0,60,127,68,99,2,296,48,0,48,344
08/04/2002,OMA,NE,ACE,CE,Combined TRACON& Tower with Radar,104,60,61,4,229,8,0,45,3,56,112,60,106,7,285,12,6,18,303
08/05/2002,OMA,NE,ACE,CE,Combined TRACON& Tower with Radar,118,89,77,5,289,0,0,47,3,50,118,89,124,8,339,22,6,28,367
08/06/2002,OMA,NE,ACE,CE,Combined TRACON& Tower with Radar,145,112,92,6,355,0,0,50,11,61,145,112,142,17,416,82,18,100,516
08/07/2002,OMA,NE,ACE,CE,Combined TRACON& Tower with Radar,151,105,91,0,347,0,0,79,0,79,151,105,170,0,426,90,0,90,516
08/08/2002,OMA,NE,ACE,CE,Combined TRACON& Tower with Radar,145,104,85,5,339,0,14,62,3,79,145,118,147,8,418,66,12,78,496
08/09/2002,OMA,NE,ACE,CE,Combined TRACON& Tower with Radar,137,96,78,4,315,1,9,35,6,51,138,105,113,10,366,33,16,49,415
08/10/2002,OMA,NE,ACE,CE,Combined TRACON& Tower with Radar,101,71,58,0,230,14,0,27,0,41,115,71,85,0,271,89,0,89,360
08/11/2002,OMA,NE,ACE,CE,Combined TRACON& Tower with Radar,104,54,59,0,217,17,0,54,0,71,121,54,113,0,288,40,0,40,328
08/12/2002,OMA,NE,ACE,CE,Combined TRACON& Tower with Radar,132,77,76,3,288,8,0,33,2,43,140,77,109,5,331,40,6,46,377
08/13/2002,OMA,NE,ACE,CE,Combined TRACON& Tower with Radar,139,103,84,0,326,0,23,60,0,83,139,126,144,0,409,122,0,122,531
08/14/2002,OMA,NE,ACE,CE,Combined TRACON& Tower with Radar,149,109,90,2,350,0,27,77,0,104,149,136,167,2,454,62,0,62,516
08/15/2002,OMA,NE,ACE,CE,Combined TRACON& Tower with Radar,146,105,86,0,337,0,11,57,0,68,146,116,143,0,405,62,0,62,467
08/16/2002,OMA,NE,ACE,CE,Combined TRACON& Tower with Radar,138,96,79,0,313,1,7,42,0,50,139,103,121,0,363,48,0,48,411
08/17/2002,OMA,NE,ACE,CE,Combined TRACON& Tower with Radar,108,76,60,3,247,20,10,0,3,33,128,86,60,6,280,10,8,18,298
08/18/2002,OMA,NE,ACE,CE,Combined TRACON& Tower with Radar,106,69,61,0,236,2,0,36,0,38,108,69,97,0,274,75,0,75,349
08/19/2002,OMA,NE,ACE,CE,Combined TRACON& Tower with Radar,126,87,72,3,288,2,0,56,4,62,128,87,128,7,350,44,4,48,398
08/20/2002,OMA,NE,ACE,CE,Combined TRACON& Tower with Radar,146,104,85,4,339,0,17,31,0,48,146,121,116,4,387,34,4,38,425
08/21/2002,OMA,NE,ACE,CE,Combined TRACON& Tower with Radar,151,104,87,4,346,1,2,20,0,23,152,106,107,4,369,60,2,62,431
08/22/2002,OMA,NE,ACE,CE,Combined TRACON& Tower with Radar,151,110,92,0,353,0,8,45,0,53,151,118,137,0,406,77,0,77,483
08/23/2002,OMA,NE,ACE,CE,Combined TRACON& Tower with Radar,143,98,82,5,328,10,2,18,4,34,153,100,100,9,362,18,0,18,380
08/24/2002,OMA,NE,ACE,CE,Combined TRACON& Tower with Radar,103,68,59,1,231,21,0,2,0,23,124,68,61,1,254,5,0,5,259
08/25/2002,OMA,NE,ACE,CE,Combined TRACON& Tower with Radar,99,68,57,2,226,11,1,10,2,24,110,69,67,4,250,15,2,17,267
08/26/2002,OMA,NE,ACE,CE,Combined TRACON& Tower with Radar,126,89,76,3,294,0,0,37,9,46,126,89,113,12,340,46,11,57,397
08/27/2002,OMA,NE,ACE,CE,Combined TRACON& Tower with Radar,134,114,96,5,349,0,5,85,0,90,134,119,181,5,439,76,4,80,519
08/28/2002,OMA,NE,ACE,CE,Combined TRACON& Tower with Radar,144,111,93,0,348,0,10,57,0,67,144,121,150,0,415,26,0,26,441
08/29/2002,OMA,NE,ACE,CE,Combined TRACON& Tower with Radar,143,107,89,0,339,0,1,53,0,54,143,108,142,0,393,42,0,42,435
08/30/2002,OMA,NE,ACE,CE,Combined TRACON& Tower with Radar,145,100,83,0,328,1,3,48,0,52,146,103,131,0,380,32,0,32,412
08/31/2002,OMA,NE,ACE,CE,Combined TRACON& Tower with Radar,98,67,56,0,221,13,7,52,0,72,111,74,108,0,293,52,0,52,345
09/01/2002,OMA,NE,ACE,CE,Combined TRACON& Tower with Radar,63,43,38,0,144,15,4,0,0,19,78,47,38,0,163,28,0,28,191
09/02/2002,OMA,NE,ACE,CE,Combined TRACON& Tower with Radar,93,51,59,0,203,28,0,38,0,66,121,51,97,0,269,20,0,20,289
09/03/2002,OMA,NE,ACE,CE,Combined TRACON& Tower with Radar,118,81,74,1,274,6,2,70,0,78,124,83,144,1,352,88,2,90,442
09/04/2002,OMA,NE,ACE,CE,Combined TRACON& Tower with Radar,134,101,91,3,329,0,14,55,3,72,134,115,146,6,401,94,6,100,501
09/05/2002,OMA,NE,ACE,CE,Combined TRACON& Tower with Radar,159,109,105,2,375,0,0,85,0,85,159,109,190,2,460,74,2,76,536
09/06/2002,OMA,NE,ACE,CE,Combined TRACON& Tower with Radar,149,103,91,3,346,1,5,54,2,62,150,108,145,5,408,72,8,80,488
09/07/2002,OMA,NE,ACE,CE,Combined TRACON& Tower with Radar,97,67,60,2,226,23,2,26,0,51,120,69,86,2,277,88,2,90,367
09/08/2002,OMA,NE,ACE,CE,Combined TRACON& Tower with Radar,98,68,61,0,227,11,1,60,0,72,109,69,121,0,299,86,0,86,385
09/09/2002,OMA,NE,ACE,CE,Combined TRACON& Tower with Radar,135,74,84,2,295,10,0,57,4,71,145,74,141,6,366,72,6,78,444
09/10/2002,OMA,NE,ACE,CE,Combined TRACON& Tower with Radar,127,110,98,3,338,0,15,43,4,62,127,125,141,7,400,48,8,56,456
09/11/2002,OMA,NE,ACE,CE,Combined TRACON& Tower with Radar,128,97,86,0,311,0,23,46,0,69,128,120,132,0,380,10,0,10,390
09/12/2002,OMA,NE,ACE,CE,Combined TRACON& Tower with Radar,138,101,90,0,329,0,15,49,0,64,138,116,139,0,393,30,0,30,423
09/13/2002,OMA,NE,ACE,CE,Combined TRACON& Tower with Radar,136,97,87,3,323,0,5,15,2,22,136,102,102,5,345,40,8,48,393
09/14/2002,OMA,NE,ACE,CE,Combined TRACON& Tower with Radar,100,70,58,1,229,23,0,0,0,23,123,70,58,1,252,6,0,6,258
09/15/2002,OMA,NE,ACE,CE,Combined TRACON& Tower with Radar,102,74,67,0,243,0,5,75,0,80,102,79,142,0,323,84,0,84,407
09/16/2002,OMA,NE,ACE,CE,Combined TRACON& Tower with Radar,130,83,86,1,300,0,0,82,1,83,130,83,168,2,383,50,4,54,437
09/17/2002,OMA,NE,ACE,CE,Combined TRACON& Tower with Radar,165,112,103,1,381,4,10,55,0,69,169,122,158,1,450,74,0,74,524
09/18/2002,OMA,NE,ACE,CE,Combined TRACON& Tower with Radar,137,99,89,1,326,0,5,32,0,37,137,104,121,1,363,38,0,38,401
09/19/2002,OMA,NE,ACE,CE,Combined TRACON& Tower with Radar,134,95,87,1,317,0,1,26,5,32,134,96,113,6,349,28,8,36,385
09/20/2002,OMA,NE,ACE,CE,Combined TRACON& Tower with Radar,131,95,87,1,314,0,18,63,2,83,131,113,150,3,397,60,0,60,457
09/21/2002,OMA,NE,ACE,CE,Combined TRACON& Tower with Radar,111,71,69,0,251,21,0,46,0,67,132,71,115,0,318,80,0,80,398
09/22/2002,OMA,NE,ACE,CE,Combined TRACON& Tower with Radar,98,68,63,1,230,0,8,74,0,82,98,76,137,1,312,50,0,50,362
09/23/2002,OMA,NE,ACE,CE,Combined TRACON& Tower with Radar,120,81,75,0,276,15,9,38,0,62,135,90,113,0,338,16,0,16,354
09/24/2002,OMA,NE,ACE,CE,Combined TRACON& Tower with Radar,152,102,95,0,349,0,0,81,0,81,152,102,176,0,430,53,0,53,483
09/25/2002,OMA,NE,ACE,CE,Combined TRACON& Tower with Radar,131,109,99,1,340,0,12,72,0,84,131,121,171,1,424,34,0,34,458
09/26/2002,OMA,NE,ACE,CE,Combined TRACON& Tower with Radar,130,102,92,0,324,0,16,12,0,28,130,118,104,0,352,14,0,14,366
09/27/2002,OMA,NE,ACE,CE,Combined TRACON& Tower with Radar,135,96,92,0,323,0,0,45,0,45,135,96,137,0,368,42,0,42,410
09/28/2002,OMA,NE,ACE,CE,Combined TRACON& Tower with Radar,107,73,67,0,247,9,0,8,0,17,116,73,75,0,264,22,0,22,286
09/29/2002,OMA,NE,ACE,CE,Combined TRACON& Tower with Radar,94,60,59,0,213,10,0,25,0,35,104,60,84,0,248,26,0,26,274
09/30/2002,OMA,NE,ACE,CE,Combined TRACON& Tower with Radar,124,79,77,1,281,8,0,43,4,55,132,79,120,5,336,16,4,20,356
10/01/2002,OMA,NE,ACE,CE,Combined TRACON& Tower with Radar,146,106,86,2,340,0,0,26,3,29,146,106,112,5,369,22,8,30,399
10/02/2002,OMA,NE,ACE,CE,Combined TRACON& Tower with Radar,142,114,88,0,344,0,0,13,0,13,142,114,101,0,357,14,0,14,371
10/03/2002,OMA,NE,ACE,CE,Combined TRACON& Tower with Radar,143,110,84,0,337,0,0,3,0,3,143,110,87,0,340,16,0,16,356
10/04/2002,OMA,NE,ACE,CE,Combined TRACON& Tower with Radar,127,97,74,1,299,13,4,10,0,27,140,101,84,1,326,40,0,40,366
10/05/2002,OMA,NE,ACE,CE,Combined TRACON& Tower with Radar,102,72,59,0,233,15,0,48,0,63,117,72,107,0,296,18,0,18,314
10/06/2002,OMA,NE,ACE,CE,Combined TRACON& Tower with Radar,96,71,56,0,223,7,0,29,0,36,103,71,85,0,259,40,0,40,299
10/07/2002,OMA,NE,ACE,CE,Combined TRACON& Tower with Radar,115,88,67,2,272,10,1,37,0,48,125,89,104,2,320,46,4,50,370
10/08/2002,OMA,NE,ACE,CE,Combined TRACON& Tower with Radar,134,103,79,0,316,0,13,53,0,66,134,116,132,0,382,24,0,24,406
10/09/2002,OMA,NE,ACE,CE,Combined TRACON& Tower with Radar,141,109,83,2,335,0,0,62,0,62,141,109,145,2,397,28,0,28,425
10/10/2002,OMA,NE,ACE,CE,Combined TRACON& Tower with Radar,135,114,92,2,343,0,0,87,2,89,135,114,179,4,432,50,0,50,482
10/11/2002,OMA,NE,ACE,CE,Combined TRACON& Tower with Radar,133,106,81,2,322,0,7,43,0,50,133,113,124,2,372,16,2,18,390
10/12/2002,OMA,NE,ACE,CE,Combined TRACON& Tower with Radar,90,69,40,1,200,25,6,0,0,31,115,75,40,1,231,22,0,22,253
10/13/2002,OMA,NE,ACE,CE,Combined TRACON& Tower with Radar,104,79,60,1,244,0,0,74,0,74,104,79,134,1,318,116,0,116,434
10/14/2002,OMA,NE,ACE,CE,Combined TRACON& Tower with Radar,111,85,65,1,262,1,2,34,0,37,112,87,99,1,299,12,0,12,311
10/15/2002,OMA,NE,ACE,CE,Combined TRACON& Tower with Radar,143,109,91,0,343,0,0,90,0,90,143,109,181,0,433,54,0,54,487
10/16/2002,OMA,NE,ACE,CE,Combined TRACON& Tower with Radar,141,110,92,0,343,0,0,18,0,18,141,110,110,0,361,12,0,12,373
10/17/2002,OMA,NE,ACE,CE,Combined TRACON& Tower with Radar,129,112,87,0,328,0,14,67,0,81,129,126,154,0,409,58,0,58,467
10/18/2002,OMA,NE,ACE,CE,Combined TRACON& Tower with Radar,139,108,84,1,332,0,15,46,5,66,139,123,130,6,398,39,2,41,439
10/19/2002,OMA,NE,ACE,CE,Combined TRACON& Tower with Radar,95,71,56,1,223,20,2,36,5,63,115,73,92,6,286,66,2,68,354
10/20/2002,OMA,NE,ACE,CE,Combined TRACON& Tower with Radar,96,69,56,1,222,4,0,44,1,49,100,69,100,2,271,44,0,44,315
10/21/2002,OMA,NE,ACE,CE,Combined TRACON& Tower with Radar,117,88,73,0,278,0,0,40,0,40,117,88,113,0,318,40,0,40,358
10/22/2002,OMA,NE,ACE,CE,Combined TRACON& Tower with Radar,149,117,91,1,358,0,10,2,3,15,149,127,93,4,373,26,4,30,403
10/23/2002,OMA,NE,ACE,CE,Combined TRACON& Tower with Radar,133,108,84,0,325,0,4,10,0,14,133,112,94,0,339,2,0,2,341
10/24/2002,OMA,NE,ACE,CE,Combined TRACON& Tower with Radar,131,104,75,0,310,0,19,0,0,19,131,123,75,0,329,2,0,2,331
10/25/2002,OMA,NE,ACE,CE,Combined TRACON& Tower with Radar,135,103,80,0,318,0,13,0,0,13,135,116,80,0,331,6,0,6,337
10/26/2002,OMA,NE,ACE,CE,Combined TRACON& Tower with Radar,100,75,59,1,235,13,8,46,1,68,113,83,105,2,303,90,4,94,397
10/27/2002,OMA,NE,ACE,CE,Combined TRACON& Tower with Radar,97,73,50,1,221,13,0,0,4,17,110,73,50,5,238,8,0,8,246
10/28/2002,OMA,NE,ACE,CE,Combined TRACON& Tower with Radar,127,85,75,1,288,2,0,19,2,23,129,85,94,3,311,30,4,34,345
10/29/2002,OMA,NE,ACE,CE,Combined TRACON& Tower with Radar,140,106,73,0,319,0,10,0,0,10,140,116,73,0,329,2,0,2,331
10/30/2002,OMA,NE,ACE,CE,Combined TRACON& Tower with Radar,131,98,61,0,290,4,17,0,0,21,135,115,61,0,311,6,0,6,317
10/31/2002,OMA,NE,ACE,CE,Combined TRACON& Tower with Radar,131,99,77,0,307,4,13,18,0,35,135,112,95,0,342,54,0,54,396
11/01/2002,OMA,NE,ACE,CE,Combined TRACON& Tower with Radar,137,119,85,2,343,0,4,66,0,70,137,123,151,2,413,61,0,61,474
11/02/2002,OMA,NE,ACE,CE,Combined TRACON& Tower with Radar,105,80,58,0,243,11,0,34,0,45,116,80,92,0,288,68,0,68,356
11/03/2002,OMA,NE,ACE,CE,Combined TRACON& Tower with Radar,90,70,49,0,209,15,1,15,0,31,105,71,64,0,240,36,0,36,276
11/04/2002,OMA,NE,ACE,CE,Combined TRACON& Tower with Radar,114,88,63,0,265,10,0,41,0,51,124,88,104,0,316,28,0,28,344
11/05/2002,OMA,NE,ACE,CE,Combined TRACON& Tower with Radar,131,102,68,0,301,0,17,0,0,17,131,119,68,0,318,42,0,42,360
11/06/2002,OMA,NE,ACE,CE,Combined TRACON& Tower with Radar,141,117,88,0,346,0,0,107,0,107,141,117,195,0,453,82,0,82,535
11/07/2002,OMA,NE,ACE,CE,Combined TRACON& Tower with Radar,139,112,81,1,333,0,6,53,0,59,139,118,134,1,392,72,0,72,464
11/08/2002,OMA,NE,ACE,CE,Combined TRACON& Tower with Radar,140,111,80,0,331,0,0,62,0,62,140,111,142,0,393,78,0,78,471
11/09/2002,OMA,NE,ACE,CE,Combined TRACON& Tower with Radar,111,85,62,2,260,0,0,69,15,84,111,85,131,17,344,114,14,128,472
11/10/2002,OMA,NE,ACE,CE,Combined TRACON& Tower with Radar,86,37,48,2,173,32,0,14,10,56,118,37,62,12,229,58,8,66,295
11/11/2002,OMA,NE,ACE,CE,Combined TRACON& Tower with Radar,112,65,63,1,241,26,0,52,1,79,138,65,115,2,320,86,0,86,406
11/12/2002,OMA,NE,ACE,CE,Combined TRACON& Tower with Radar,134,106,78,2,320,0,0,48,3,51,134,106,126,5,371,52,2,54,425
11/13/2002,OMA,NE,ACE,CE,Combined TRACON& Tower with Radar,140,116,86,0,342,0,0,96,0,96,140,116,182,0,438,110,0,110,548
11/14/2002,OMA,NE,ACE,CE,Combined TRACON& Tower with Radar,142,116,85,2,345,0,11,12,3,26,142,127,97,5,371,16,4,20,391
11/15/2002,OMA,NE,ACE,CE,Combined TRACON& Tower with Radar,138,106,78,0,322,0,1,43,0,44,138,107,121,0,366,44,0,44,410
11/16/2002,OMA,NE,ACE,CE,Combined TRACON& Tower with Radar,105,78,59,1,243,10,0,43,1,54,115,78,102,2,297,80,0,80,377
11/17/2002,OMA,NE,ACE,CE,Combined TRACON& Tower with Radar,86,65,47,0,198,14,3,45,0,62,100,68,92,0,260,58,0,58,318
11/18/2002,OMA,NE,ACE,CE,Combined TRACON& Tower with Radar,128,94,72,0,294,2,0,56,0,58,130,94,128,0,352,120,0,120,472
11/19/2002,OMA,NE,ACE,CE,Combined TRACON& Tower with Radar,131,116,85,0,332,0,14,51,0,65,131,130,136,0,397,34,0,34,431
11/20/2002,OMA,NE,ACE,CE,Combined TRACON& Tower with Radar,130,122,90,0,342,0,10,96,0,106,130,132,186,0,448,66,0,66,514
11/21/2002,OMA,NE,ACE,CE,Combined TRACON& Tower with Radar,138,125,91,2,356,0,9,45,1,55,138,134,136,3,411,16,4,20,431
11/22/2002,OMA,NE,ACE,CE,Combined TRACON& Tower with Radar,134,111,82,1,328,0,3,70,0,73,134,114,152,1,401,50,0,50,451
11/23/2002,OMA,NE,ACE,CE,Combined TRACON& Tower with Radar,101,67,57,1,226,18,0,57,1,76,119,67,114,2,302,82,0,82,384
11/24/2002,OMA,NE,ACE,CE,Combined TRACON& Tower with Radar,78,57,39,1,175,24,0,0,0,24,102,57,39,1,199,30,0,30,229
11/25/2002,OMA,NE,ACE,CE,Combined TRACON& Tower with Radar,117,96,71,1,285,0,3,65,0,68,117,99,136,1,353,62,4,66,419
11/26/2002,OMA,NE,ACE,CE,Combined TRACON& Tower with Radar,136,104,77,0,317,0,15,5,0,20,136,119,82,0,337,24,0,24,361
11/27/2002,OMA,NE,ACE,CE,Combined TRACON& Tower with Radar,133,113,81,0,327,0,13,49,0,62,133,126,130,0,389,68,0,68,457
11/28/2002,OMA,NE,ACE,CE,Combined TRACON& Tower with Radar,75,58,24,0,157,21,20,0,0,41,96,78,24,0,198,14,0,14,212
11/29/2002,OMA,NE,ACE,CE,Combined TRACON& Tower with Radar,80,61,43,0,184,3,15,13,0,31,83,76,56,0,215,38,0,38,253
11/30/2002,OMA,NE,ACE,CE,Combined TRACON& Tower with Radar,89,68,49,1,207,11,4,8,0,23,100,72,57,1,230,38,0,38,268
12/01/2002,OMA,NE,ACE,CE,Combined TRACON& Tower with Radar,97,66,53,0,216,14,0,48,0,62,111,66,101,0,278,30,0,30,308
12/02/2002,OMA,NE,ACE,CE,Combined TRACON& Tower with Radar,114,92,68,0,274,0,0,41,0,41,114,92,109,0,315,36,0,36,351
12/03/2002,OMA,NE,ACE,CE,Combined TRACON& Tower with Radar,145,128,92,0,365,0,0,54,0,54,145,128,146,0,419,50,0,50,469
12/04/2002,OMA,NE,ACE,CE,Combined TRACON& Tower with Radar,134,116,82,2,334,0,12,23,5,40,134,128,105,7,374,86,2,88,462
12/05/2002,OMA,NE,ACE,CE,Combined TRACON& Tower with Radar,127,111,76,1,315,0,19,66,0,85,127,130,142,1,400,88,0,88,488
12/06/2002,OMA,NE,ACE,CE,Combined TRACON& Tower with Radar,129,109,75,2,315,0,0,69,0,69,129,109,144,2,384,88,2,90,474
12/07/2002,OMA,NE,ACE,CE,Combined TRACON& Tower with Radar,103,81,55,1,240,9,1,52,0,62,112,82,107,1,302,86,0,86,388
12/08/2002,OMA,NE,ACE,CE,Combined TRACON& Tower with Radar,90,67,48,0,205,11,0,55,0,66,101,67,103,0,271,64,0,64,335
12/09/2002,OMA,NE,ACE,CE,Combined TRACON& Tower with Radar,121,93,68,2,284,0,0,69,7,76,121,93,137,9,360,86,4,90,450
12/10/2002,OMA,NE,ACE,CE,Combined TRACON& Tower with Radar,133,115,81,0,329,0,0,38,0,38,133,115,119,0,367,12,0,12,379
12/11/2002,OMA,NE,ACE,CE,Combined TRACON& Tower with Radar,140,118,86,0,344,0,0,21,0,21,140,118,107,0,365,4,0,4,369
12/12/2002,OMA,NE,ACE,CE,Combined TRACON& Tower with Radar,130,118,81,3,332,0,2,49,3,54,130,120,130,6,386,44,6,50,436
12/13/2002,OMA,NE,ACE,CE,Combined TRACON& Tower with Radar,136,115,79,2,332,0,2,67,1,70,136,117,146,3,402,76,0,76,478
12/14/2002,OMA,NE,ACE,CE,Combined TRACON& Tower with Radar,101,80,55,1,237,12,2,68,0,82,113,82,123,1,319,176,0,176,495
12/15/2002,OMA,NE,ACE,CE,Combined TRACON& Tower with Radar,96,59,52,2,209,17,0,74,1,92,113,59,126,3,301,84,0,84,385
12/16/2002,OMA,NE,ACE,CE,Combined TRACON& Tower with Radar,120,94,73,2,289,0,0,71,0,71,120,94,144,2,360,30,0,30,390
12/17/2002,OMA,NE,ACE,CE,Combined TRACON& Tower with Radar,132,113,78,0,323,0,8,7,0,15,132,121,85,0,338,2,0,2,340
12/18/2002,OMA,NE,ACE,CE,Combined TRACON& Tower with Radar,135,115,81,0,331,0,10,16,0,26,135,125,97,0,357,18,0,18,375
12/19/2002,OMA,NE,ACE,CE,Combined TRACON& Tower with Radar,132,114,80,1,327,0,15,51,1,67,132,129,131,2,394,62,2,64,458
12/20/2002,OMA,NE,ACE,CE,Combined TRACON& Tower with Radar,133,112,79,1,325,0,12,31,1,44,133,124,110,2,369,8,2,10,379
12/21/2002,OMA,NE,ACE,CE,Combined TRACON& Tower with Radar,110,78,60,0,248,16,0,49,0,65,126,78,109,0,313,78,0,78,391
12/22/2002,OMA,NE,ACE,CE,Combined TRACON& Tower with Radar,90,69,48,1,208,12,3,25,0,40,102,72,73,1,248,96,0,96,344
12/23/2002,OMA,NE,ACE,CE,Combined TRACON& Tower with Radar,120,76,65,1,262,12,0,44,13,69,132,76,109,14,331,64,14,78,409
12/24/2002,OMA,NE,ACE,CE,Combined TRACON& Tower with Radar,104,80,41,0,225,13,29,0,0,42,117,109,41,0,267,16,0,16,283
12/25/2002,OMA,NE,ACE,CE,Combined TRACON& Tower with Radar,72,55,16,0,143,12,22,0,0,34,84,77,16,0,177,16,0,16,193
12/26/2002,OMA,NE,ACE,CE,Combined TRACON& Tower with Radar,121,93,65,0,279,7,15,22,0,44,128,108,87,0,323,34,0,34,357
12/27/2002,OMA,NE,ACE,CE,Combined TRACON& Tower with Radar,116,90,63,0,269,5,18,19,0,42,121,108,82,0,311,80,0,80,391
12/28/2002,OMA,NE,ACE,CE,Combined TRACON& Tower with Radar,107,70,58,0,235,17,0,66,0,83,124,70,124,0,318,74,0,74,392
12/29/2002,OMA,NE,ACE,CE,Combined TRACON& Tower with Radar,91,63,49,1,204,23,0,29,2,54,114,63,78,3,258,44,4,48,306
12/30/2002,OMA,NE,ACE,CE,Combined TRACON& Tower with Radar,105,71,57,0,233,35,0,9,0,44,140,71,66,0,277,56,0,56,333
12/31/2002,OMA,NE,ACE,CE,Combined TRACON& Tower with Radar,114,88,62,0,264,6,26,38,0,70,120,114,100,0,334,48,0,48,382
01/01/2003,OMA,NE,ACE,CE,Combined TRACON& Tower with Radar,89,70,41,0,200,3,10,9,0,22,92,80,50,0,222,50,0,50,272
01/02/2003,OMA,NE,ACE,CE,Combined TRACON& Tower with Radar,120,98,56,3,277,0,10,33,2,45,120,108,89,5,322,66,6,72,394
01/03/2003,OMA,NE,ACE,CE,Combined TRACON& Tower with Radar,135,110,64,3,312,0,0,35,2,37,135,110,99,5,349,72,10,82,431
01/04/2003,OMA,NE,ACE,CE,Combined TRACON& Tower with Radar,101,67,46,0,214,33,0,20,0,53,134,67,66,0,267,56,0,56,323
01/05/2003,OMA,NE,ACE,CE,Combined TRACON& Tower with Radar,100,69,46,2,217,10,0,6,0,16,110,69,52,2,233,14,0,14,247
01/06/2003,OMA,NE,ACE,CE,Combined TRACON& Tower with Radar,118,91,53,2,264,5,0,16,0,21,123,91,69,2,285,28,2,30,315
01/07/2003,OMA,NE,ACE,CE,Combined TRACON& Tower with Radar,136,114,66,0,316,0,7,59,0,66,136,121,125,0,382,30,0,30,412
01/08/2003,OMA,NE,ACE,CE,Combined TRACON& Tower with Radar,141,119,69,0,329,0,6,82,0,88,141,125,151,0,417,74,0,74,491
01/09/2003,OMA,NE,ACE,CE,Combined TRACON& Tower with Radar,133,109,63,3,308,0,11,1,9,21,133,120,64,12,329,8,24,32,361
01/10/2003,OMA,NE,ACE,CE,Combined TRACON& Tower with Radar,141,107,64,3,315,0,0,43,6,49,141,107,107,9,364,26,20,46,410
01/11/2003,OMA,NE,ACE,CE,Combined TRACON& Tower with Radar,103,73,48,1,225,9,0,61,0,70,112,73,109,1,295,142,0,142,437
01/12/2003,OMA,NE,ACE,CE,Combined TRACON& Tower with Radar,89,59,42,2,192,20,0,39,0,59,109,59,81,2,251,30,2,32,283
01/13/2003,OMA,NE,ACE,CE,Combined TRACON& Tower with Radar,117,99,57,1,274,0,3,67,0,70,117,102,124,1,344,92,6,98,442
01/14/2003,OMA,NE,ACE,CE,Combined TRACON& Tower with Radar,154,111,72,0,337,1,0,51,0,52,155,111,123,0,389,36,0,36,425
01/15/2003,OMA,NE,ACE,CE,Combined TRACON& Tower with Radar,132,109,64,0,305,0,12,34,0,46,132,121,98,0,351,32,0,32,383
01/16/2003,OMA,NE,ACE,CE,Combined TRACON& Tower with Radar,132,105,61,0,298,1,14,11,0,26,133,119,72,0,324,2,0,2,326
01/17/2003,OMA,NE,ACE,CE,Combined TRACON& Tower with Radar,131,110,65,0,306,0,14,28,0,42,131,124,93,0,348,52,0,52,400
01/18/2003,OMA,NE,ACE,CE,Combined TRACON& Tower with Radar,85,66,40,1,192,14,1,3,7,25,99,67,43,8,217,24,6,30,247
01/19/2003,OMA,NE,ACE,CE,Combined TRACON& Tower with Radar,91,66,42,1,200,10,0,69,1,80,101,66,111,2,280,80,0,80,360
01/20/2003,OMA,NE,ACE,CE,Combined TRACON& Tower with Radar,125,93,59,0,277,0,0,48,0,48,125,93,107,0,325,96,0,96,421
01/21/2003,OMA,NE,ACE,CE,Combined TRACON& Tower with Radar,127,114,67,2,310,0,2,41,3,46,127,116,108,5,356,26,6,32,388
01/22/2003,OMA,NE,ACE,CE,Combined TRACON& Tower with Radar,143,111,66,1,321,3,5,4,0,12,146,116,70,1,333,4,0,4,337
01/23/2003,OMA,NE,ACE,CE,Combined TRACON& Tower with Radar,139,116,68,2,325,0,3,14,7,24,139,119,82,9,349,4,18,22,371
01/24/2003,OMA,NE,ACE,CE,Combined TRACON& Tower with Radar,138,112,66,2,318,0,7,33,0,40,138,119,99,2,358,32,2,34,392
01/25/2003,OMA,NE,ACE,CE,Combined TRACON& Tower with Radar,96,70,45,0,211,9,0,20,0,29,105,70,65,0,240,32,0,32,272
01/26/2003,OMA,NE,ACE,CE,Combined TRACON& Tower with Radar,91,62,42,0,195,14,0,19,0,33,105,62,61,0,228,52,0,52,280
01/27/2003,OMA,NE,ACE,CE,Combined TRACON& Tower with Radar,127,102,60,0,289,0,2,43,0,45,127,104,103,0,334,34,0,34,368
01/28/2003,OMA,NE,ACE,CE,Combined TRACON& Tower with Radar,131,102,46,0,279,4,17,0,0,21,135,119,46,0,300,0,0,0,300
01/29/2003,OMA,NE,ACE,CE,Combined TRACON& Tower with Radar,144,127,75,2,348,0,2,37,0,39,144,129,112,2,387,64,0,64,451
01/30/2003,OMA,NE,ACE,CE,Combined TRACON& Tower with Radar,132,108,64,0,304,0,17,22,0,39,132,125,86,0,343,60,0,60,403
01/31/2003,OMA,NE,ACE,CE,Combined TRACON& Tower with Radar,127,112,66,2,307,0,5,13,0,18,127,117,79,2,325,50,0,50,375
02/01/2003,OMA,NE,ACE,CE,Combined TRACON& Tower with Radar,102,77,56,0,235,3,0,68,0,71,105,77,124,0,306,94,0,94,400
02/02/2003,OMA,NE,ACE,CE,Combined TRACON& Tower with Radar,83,70,44,1,198,15,5,23,0,43,98,75,67,1,241,66,0,66,307
02/03/2003,OMA,NE,ACE,CE,Combined TRACON& Tower with Radar,99,84,35,2,220,18,5,0,1,24,117,89,35,3,244,2,2,4,248
02/04/2003,OMA,NE,ACE,CE,Combined TRACON& Tower with Radar,135,117,76,1,329,0,13,17,0,30,135,130,93,1,359,58,0,58,417
02/05/2003,OMA,NE,ACE,CE,Combined TRACON& Tower with Radar,144,132,86,0,362,0,11,35,0,46,144,143,121,0,408,68,0,68,476
02/06/2003,OMA,NE,ACE,CE,Combined TRACON& Tower with Radar,128,112,72,2,314,0,11,28,3,42,128,123,100,5,356,28,8,36,392
02/07/2003,OMA,NE,ACE,CE,Combined TRACON& Tower with Radar,143,125,81,0,349,0,4,58,0,62,143,129,139,0,411,83,0,83,494
02/08/2003,OMA,NE,ACE,CE,Combined TRACON& Tower with Radar,98,83,54,1,236,9,5,12,0,26,107,88,66,1,262,40,0,40,302
02/09/2003,OMA,NE,ACE,CE,Combined TRACON& Tower with Radar,76,62,32,0,170,28,0,0,0,28,104,62,32,0,198,8,0,8,206
02/10/2003,OMA,NE,ACE,CE,Combined TRACON& Tower with Radar,117,90,64,0,271,3,0,26,0,29,120,90,90,0,300,31,0,31,331
02/11/2003,OMA,NE,ACE,CE,Combined TRACON& Tower with Radar,128,115,75,0,318,0,9,28,0,37,128,124,103,0,355,30,0,30,385
02/12/2003,OMA,NE,ACE,CE,Combined TRACON& Tower with Radar,141,129,91,2,363,0,0,84,0,84,141,129,175,2,447,68,2,70,517
02/13/2003,OMA,NE,ACE,CE,Combined TRACON& Tower with Radar,135,126,82,1,344,0,14,35,0,49,135,140,117,1,393,86,0,86,479
02/14/2003,OMA,NE,ACE,CE,Combined TRACON& Tower with Radar,120,101,45,1,267,19,9,0,0,28,139,110,45,1,295,6,0,6,301
02/15/2003,OMA,NE,ACE,CE,Combined TRACON& Tower with Radar,82,67,20,1,170,31,2,0,5,38,113,69,20,6,208,2,0,2,210
02/16/2003,OMA,NE,ACE,CE,Combined TRACON& Tower with Radar,88,72,48,0,208,11,0,16,0,27,99,72,64,0,235,48,0,48,283
02/17/2003,OMA,NE,ACE,CE,Combined TRACON& Tower with Radar,116,97,65,0,278,0,4,18,0,22,116,101,83,0,300,77,0,77,377
02/18/2003,OMA,NE,ACE,CE,Combined TRACON& Tower with Radar,130,107,75,0,312,0,0,42,0,42,130,107,117,0,354,36,0,36,390
02/19/2003,OMA,NE,ACE,CE,Combined TRACON& Tower with Radar,145,137,90,2,374,0,2,84,4,90,145,139,174,6,464,120,20,140,604
02/20/2003,OMA,NE,ACE,CE,Combined TRACON& Tower with Radar,134,115,76,1,326,0,13,35,3,51,134,128,111,4,377,18,4,22,399
02/21/2003,OMA,NE,ACE,CE,Combined TRACON& Tower with Radar,137,117,78,1,333,0,5,16,10,31,137,122,94,11,364,26,0,26,390
02/22/2003,OMA,NE,ACE,CE,Combined TRACON& Tower with Radar,90,75,45,0,210,12,3,0,0,15,102,78,45,0,225,28,0,28,253
02/23/2003,OMA,NE,ACE,CE,Combined TRACON& Tower with Radar,81,66,32,0,179,18,0,0,0,18,99,66,32,0,197,2,0,2,199
02/24/2003,OMA,NE,ACE,CE,Combined TRACON& Tower with Radar,119,95,69,0,283,0,0,35,0,35,119,95,104,0,318,56,0,56,374
02/25/2003,OMA,NE,ACE,CE,Combined TRACON& Tower with Radar,126,120,81,1,328,0,0,38,0,38,126,120,119,1,366,36,0,36,402
02/26/2003,OMA,NE,ACE,CE,Combined TRACON& Tower with Radar,136,131,86,2,355,0,0,75,3,78,136,131,161,5,433,96,8,104,537
02/27/2003,OMA,NE,ACE,CE,Combined TRACON& Tower with Radar,130,118,78,0,326,0,1,59,0,60,130,119,137,0,386,26,0,26,412
02/28/2003,OMA,NE,ACE,CE,Combined TRACON& Tower with Radar,135,116,75,0,326,0,0,33,0,33,135,116,108,0,359,90,0,90,449
03/01/2003,OMA,NE,ACE,CE,Combined TRACON& Tower with Radar,94,72,56,0,222,10,0,11,0,21,104,72,67,0,243,70,0,70,313
03/02/2003,OMA,NE,ACE,CE,Combined TRACON& Tower with Radar,90,76,52,0,218,8,2,37,0,47,98,78,89,0,265,74,0,74,339
03/03/2003,OMA,NE,ACE,CE,Combined TRACON& Tower with Radar,112,93,65,2,272,7,0,12,5,24,119,93,77,7,296,28,12,40,336
03/04/2003,OMA,NE,ACE,CE,Combined TRACON& Tower with Radar,133,112,78,0,323,0,0,10,0,10,133,112,88,0,333,0,0,0,333
03/05/2003,OMA,NE,ACE,CE,Combined TRACON& Tower with Radar,134,118,81,0,333,0,3,39,0,42,134,121,120,0,375,50,0,50,425
03/06/2003,OMA,NE,ACE,CE,Combined TRACON& Tower with Radar,135,130,90,3,358,0,5,30,4,39,135,135,120,7,397,48,10,58,455
03/07/2003,OMA,NE,ACE,CE,Combined TRACON& Tower with Radar,133,113,81,3,330,0,0,73,0,73,133,113,154,3,403,146,4,150,553
03/08/2003,OMA,NE,ACE,CE,Combined TRACON& Tower with Radar,87,74,36,0,197,16,7,0,0,23,103,81,36,0,220,2,0,2,222
03/09/2003,OMA,NE,ACE,CE,Combined TRACON& Tower with Radar,85,65,48,2,200,14,0,38,0,52,99,65,86,2,252,48,0,48,300
03/10/2003,OMA,NE,ACE,CE,Combined TRACON& Tower with Radar,112,95,65,0,272,12,1,28,0,41,124,96,93,0,313,73,0,73,386
03/11/2003,OMA,NE,ACE,CE,Combined TRACON& Tower with Radar,136,117,86,3,342,0,0,57,12,69,136,117,143,15,411,94,24,118,529
03/12/2003,OMA,NE,ACE,CE,Combined TRACON& Tower with Radar,140,121,85,3,349,0,0,17,2,19,140,121,102,5,368,4,6,10,378
03/13/2003,OMA,NE,ACE,CE,Combined TRACON& Tower with Radar,134,131,90,3,358,0,0,83,2,85,134,131,173,5,443,74,8,82,525
03/14/2003,OMA,NE,ACE,CE,Combined TRACON& Tower with Radar,131,118,81,0,330,0,3,57,0,60,131,121,138,0,390,24,0,24,414
03/15/2003,OMA,NE,ACE,CE,Combined TRACON& Tower with Radar,100,85,58,1,244,9,2,58,0,69,109,87,116,1,313,52,0,52,365
03/16/2003,OMA,NE,ACE,CE,Combined TRACON& Tower with Radar,98,83,57,0,238,3,6,56,0,65,101,89,113,0,303,56,0,56,359
03/17/2003,OMA,NE,ACE,CE,Combined TRACON& Tower with Radar,104,86,61,0,251,17,8,8,0,33,121,94,69,0,284,44,0,44,328
03/18/2003,OMA,NE,ACE,CE,Combined TRACON& Tower with Radar,130,109,80,3,322,0,0,35,0,35,130,109,115,3,357,36,4,40,397
03/19/2003,OMA,NE,ACE,CE,Combined TRACON& Tower with Radar,122,111,64,1,298,0,23,0,0,23,122,134,64,1,321,12,0,12,333
03/20/2003,OMA,NE,ACE,CE,Combined TRACON& Tower with Radar,111,116,81,0,308,0,36,14,0,50,111,152,95,0,358,36,0,36,394
03/21/2003,OMA,NE,ACE,CE,Combined TRACON& Tower with Radar,132,125,87,1,345,0,19,59,0,78,132,144,146,1,423,70,0,70,493
03/22/2003,OMA,NE,ACE,CE,Combined TRACON& Tower with Radar,94,78,55,0,227,1,17,81,0,99,95,95,136,0,326,78,0,78,404
03/23/2003,OMA,NE,ACE,CE,Combined TRACON& Tower with Radar,94,66,55,1,216,14,0,54,0,68,108,66,109,1,284,44,0,44,328
03/24/2003,OMA,NE,ACE,CE,Combined TRACON& Tower with Radar,120,99,70,1,290,3,3,40,0,46,123,102,110,1,336,44,0,44,380
03/25/2003,OMA,NE,ACE,CE,Combined TRACON& Tower with Radar,128,113,79,2,322,0,6,53,4,63,128,119,132,6,385,68,6,74,459
03/26/2003,OMA,NE,ACE,CE,Combined TRACON& Tower with Radar,141,122,86,0,349,0,1,56,0,57,141,123,142,0,406,94,0,94,500
03/27/2003,OMA,NE,ACE,CE,Combined TRACON& Tower with Radar,135,113,79,2,329,0,22,0,1,23,135,135,79,3,352,22,0,22,374
03/28/2003,OMA,NE,ACE,CE,Combined TRACON& Tower with Radar,115,95,55,0,265,17,16,0,0,33,132,111,55,0,298,36,0,36,334
03/29/2003,OMA,NE,ACE,CE,Combined TRACON& Tower with Radar,100,83,58,1,242,10,0,21,0,31,110,83,79,1,273,94,0,94,367
03/30/2003,OMA,NE,ACE,CE,Combined TRACON& Tower with Radar,96,73,56,1,226,8,0,66,1,75,104,73,122,2,301,94,0,94,395
03/31/2003,OMA,NE,ACE,CE,Combined TRACON& Tower with Radar,115,95,67,1,278,11,9,26,2,48,126,104,93,3,326,60,0,60,386
04/01/2003,OMA,NE,ACE,CE,Combined TRACON& Tower with Radar,134,123,86,4,347,3,3,44,0,50,137,126,130,4,397,58,14,72,469
04/02/2003,OMA,NE,ACE,CE,Combined TRACON& Tower with Radar,131,112,83,0,326,8,0,47,0,55,139,112,130,0,381,110,0,110,491
04/03/2003,OMA,NE,ACE,CE,Combined TRACON& Tower with Radar,125,112,79,4,320,6,0,21,0,27,131,112,100,4,347,34,0,34,381
04/04/2003,OMA,NE,ACE,CE,Combined TRACON& Tower with Radar,124,114,77,1,316,12,3,0,0,15,136,117,77,1,331,0,0,0,331
04/05/2003,OMA,NE,ACE,CE,Combined TRACON& Tower with Radar,84,78,53,3,218,23,0,29,1,53,107,78,82,4,271,38,7,45,316
04/06/2003,OMA,NE,ACE,CE,Combined TRACON& Tower with Radar,67,63,27,0,157,18,2,0,0,20,85,65,27,0,177,5,0,5,182
04/07/2003,OMA,NE,ACE,CE,Combined TRACON& Tower with Radar,93,86,57,2,238,6,2,0,0,8,99,88,57,2,246,0,0,0,246
04/08/2003,OMA,NE,ACE,CE,Combined TRACON& Tower with Radar,117,117,80,0,314,0,16,44,0,60,117,133,124,0,374,74,0,74,448
04/09/2003,OMA,NE,ACE,CE,Combined TRACON& Tower with Radar,125,123,88,0,336,0,0,79,0,79,125,123,167,0,415,72,0,72,487
04/10/2003,OMA,NE,ACE,CE,Combined TRACON& Tower with Radar,125,122,84,4,335,0,4,65,3,72,125,126,149,7,407,82,2,84,491
04/11/2003,OMA,NE,ACE,CE,Combined TRACON& Tower with Radar,120,110,84,4,318,0,0,82,10,92,120,110,166,14,410,80,0,80,490
04/12/2003,OMA,NE,ACE,CE,Combined TRACON& Tower with Radar,87,81,56,3,227,12,5,45,1,63,99,86,101,4,290,76,0,76,366
04/13/2003,OMA,NE,ACE,CE,Combined TRACON& Tower with Radar,78,72,50,3,203,16,0,23,2,41,94,72,73,5,244,6,0,6,250
04/14/2003,OMA,NE,ACE,CE,Combined TRACON& Tower with Radar,99,89,64,3,255,4,0,30,7,41,103,89,94,10,296,36,18,54,350
04/15/2003,OMA,NE,ACE,CE,Combined TRACON& Tower with Radar,129,113,87,0,329,0,0,49,0,49,129,113,136,0,378,12,0,12,390
04/16/2003,OMA,NE,ACE,CE,Combined TRACON& Tower with Radar,127,127,89,0,343,0,4,49,0,53,127,131,138,0,396,76,0,76,472
04/17/2003,OMA,NE,ACE,CE,Combined TRACON& Tower with Radar,119,120,89,4,332,0,0,48,2,50,119,120,137,6,382,46,8,54,436
04/18/2003,OMA,NE,ACE,CE,Combined TRACON& Tower with Radar,110,100,51,0,261,16,10,0,0,26,126,110,51,0,287,14,2,16,303
04/19/2003,OMA,NE,ACE,CE,Combined TRACON& Tower with Radar,84,76,47,0,207,16,3,0,0,19,100,79,47,0,226,28,0,28,254
04/20/2003,OMA,NE,ACE,CE,Combined TRACON& Tower with Radar,76,68,38,0,182,15,12,0,0,27,91,80,38,0,209,6,0,6,215
04/21/2003,OMA,NE,ACE,CE,Combined TRACON& Tower with Radar,104,102,71,0,277,0,0,59,0,59,104,102,130,0,336,72,0,72,408
04/22/2003,OMA,NE,ACE,CE,Combined TRACON& Tower with Radar,126,133,95,4,358,0,0,81,8,89,126,133,176,12,447,56,14,70,517
04/23/2003,OMA,NE,ACE,CE,Combined TRACON& Tower with Radar,122,118,82,0,322,0,10,19,0,29,122,128,101,0,351,46,0,46,397
04/24/2003,OMA,NE,ACE,CE,Combined TRACON& Tower with Radar,127,128,90,3,348,0,0,10,6,16,127,128,100,9,364,8,0,8,372
04/25/2003,OMA,NE,ACE,CE,Combined TRACON& Tower with Radar,119,113,78,3,313,0,17,32,4,53,119,130,110,7,366,96,0,96,462
04/26/2003,OMA,NE,ACE,CE,Combined TRACON& Tower with Radar,100,81,65,2,248,0,0,66,5,71,100,81,131,7,319,56,6,62,381
04/27/2003,OMA,NE,ACE,CE,Combined TRACON& Tower with Radar,87,79,56,2,224,4,9,50,1,64,91,88,106,3,288,82,4,86,374
04/28/2003,OMA,NE,ACE,CE,Combined TRACON& Tower with Radar,107,103,72,1,283,0,0,57,0,57,107,103,129,1,340,80,0,80,420
04/29/2003,OMA,NE,ACE,CE,Combined TRACON& Tower with Radar,116,113,78,1,308,0,14,27,0,41,116,127,105,1,349,16,0,16,365
04/30/2003,OMA,NE,ACE,CE,Combined TRACON& Tower with Radar,137,125,73,3,338,0,17,0,2,19,137,142,73,5,357,4,0,4,361
05/01/2003,OMA,NE,ACE,CE,Combined TRACON& Tower with Radar,122,130,100,4,356,0,11,26,0,37,122,141,126,4,393,64,0,64,457
05/02/2003,OMA,NE,ACE,CE,Combined TRACON& Tower with Radar,125,149,113,4,391,0,12,59,7,78,125,161,172,11,469,56,0,56,525
05/03/2003,OMA,NE,ACE,CE,Combined TRACON& Tower with Radar,98,116,88,3,305,0,19,51,1,71,98,135,139,4,376,34,0,34,410
05/04/2003,OMA,NE,ACE,CE,Combined TRACON& Tower with Radar,98,93,56,1,248,3,19,0,0,22,101,112,56,1,270,10,0,10,280
05/05/2003,OMA,NE,ACE,CE,Combined TRACON& Tower with Radar,108,106,85,3,302,0,0,36,1,37,108,106,121,4,339,49,0,49,388
05/06/2003,OMA,NE,ACE,CE,Combined TRACON& Tower with Radar,123,115,89,3,330,4,0,31,0,35,127,115,120,3,365,40,4,44,409
05/07/2003,OMA,NE,ACE,CE,Combined TRACON& Tower with Radar,125,116,90,2,333,5,0,58,0,63,130,116,148,2,396,70,0,70,466
05/08/2003,OMA,NE,ACE,CE,Combined TRACON& Tower with Radar,111,106,66,0,283,14,9,0,0,23,125,115,66,0,306,0,0,0,306
05/09/2003,OMA,NE,ACE,CE,Combined TRACON& Tower with Radar,122,116,88,1,327,1,10,48,0,59,123,126,136,1,386,68,4,72,458
05/10/2003,OMA,NE,ACE,CE,Combined TRACON& Tower with Radar,88,85,45,1,219,23,4,0,0,27,111,89,45,1,246,28,0,28,274
05/11/2003,OMA,NE,ACE,CE,Combined TRACON& Tower with Radar,70,67,33,2,172,20,2,0,0,22,90,69,33,2,194,4,0,4,198
05/12/2003,OMA,NE,ACE,CE,Combined TRACON& Tower with Radar,112,107,82,3,304,2,1,47,12,62,114,108,129,15,366,70,10,80,446
05/13/2003,OMA,NE,ACE,CE,Combined TRACON& Tower with Radar,126,131,101,1,359,0,3,42,0,45,126,134,143,1,404,86,0,86,490
05/14/2003,OMA,NE,ACE,CE,Combined TRACON& Tower with Radar,131,128,102,1,362,0,0,50,0,50,131,128,152,1,412,52,0,52,464
05/15/2003,OMA,NE,ACE,CE,Combined TRACON& Tower with Radar,123,139,106,3,371,0,2,46,1,49,123,141,152,4,420,78,2,80,500
05/16/2003,OMA,NE,ACE,CE,Combined TRACON& Tower with Radar,127,120,100,3,350,0,0,74,2,76,127,120,174,5,426,94,8,102,528
05/17/2003,OMA,NE,ACE,CE,Combined TRACON& Tower with Radar,89,83,65,1,238,10,5,59,0,74,99,88,124,1,312,80,0,80,392
05/18/2003,OMA,NE,ACE,CE,Combined TRACON& Tower with Radar,89,75,64,2,230,14,0,34,1,49,103,75,98,3,279,18,0,18,297
05/19/2003,OMA,NE,ACE,CE,Combined TRACON& Tower with Radar,94,88,51,0,233,13,11,0,0,24,107,99,51,0,257,4,0,4,261
05/20/2003,OMA,NE,ACE,CE,Combined TRACON& Tower with Radar,121,120,94,0,335,0,0,68,0,68,121,120,162,0,403,72,0,72,475
05/21/2003,OMA,NE,ACE,CE,Combined TRACON& Tower with Radar,129,122,94,2,347,0,2,51,2,55,129,124,145,4,402,106,2,108,510
05/22/2003,OMA,NE,ACE,CE,Combined TRACON& Tower with Radar,121,131,101,0,353,0,4,64,0,68,121,135,165,0,421,104,0,104,525
05/23/2003,OMA,NE,ACE,CE,Combined TRACON& Tower with Radar,123,118,92,3,336,0,0,34,1,35,123,118,126,4,371,46,4,50,421
05/24/2003,OMA,NE,ACE,CE,Combined TRACON& Tower with Radar,82,76,48,1,207,19,2,0,0,21,101,78,48,1,228,12,0,12,240
05/25/2003,OMA,NE,ACE,CE,Combined TRACON& Tower with Radar,63,52,46,1,162,27,0,38,3,68,90,52,84,4,230,28,4,32,262
05/26/2003,OMA,NE,ACE,CE,Combined TRACON& Tower with Radar,84,62,61,0,207,20,0,43,0,63,104,62,104,0,270,34,0,34,304
05/27/2003,OMA,NE,ACE,CE,Combined TRACON& Tower with Radar,108,99,78,0,285,0,0,29,0,29,108,99,107,0,314,52,0,52,366
05/28/2003,OMA,NE,ACE,CE,Combined TRACON& Tower with Radar,124,122,96,3,345,0,0,51,0,51,124,122,147,3,396,74,2,76,472
05/29/2003,OMA,NE,ACE,CE,Combined TRACON& Tower with Radar,122,127,100,0,349,0,0,82,0,82,122,127,182,0,431,46,0,46,477
05/30/2003,OMA,NE,ACE,CE,Combined TRACON& Tower with Radar,116,109,84,2,311,4,5,37,4,50,120,114,121,6,361,44,0,44,405
05/31/2003,OMA,NE,ACE,CE,Combined TRACON& Tower with Radar,85,79,62,1,227,11,3,37,1,52,96,82,99,2,279,48,6,54,333
06/01/2003,OMA,NE,ACE,CE,Combined TRACON& Tower with Radar,82,64,56,3,205,18,0,38,0,56,100,64,94,3,261,60,8,68,329
06/02/2003,OMA,NE,ACE,CE,Combined TRACON& Tower with Radar,107,95,76,2,280,0,0,25,0,25,107,95,101,2,305,14,0,14,319
06/03/2003,OMA,NE,ACE,CE,Combined TRACON& Tower with Radar,125,114,95,0,334,0,0,49,0,49,125,114,144,0,383,40,0,40,423
06/04/2003,OMA,NE,ACE,CE,Combined TRACON& Tower with Radar,127,112,88,4,331,0,0,40,0,40,127,112,128,4,371,52,4,56,427
06/05/2003,OMA,NE,ACE,CE,Combined TRACON& Tower with Radar,127,124,91,5,347,0,10,34,4,48,127,134,125,9,395,36,0,36,431
06/06/2003,OMA,NE,ACE,CE,Combined TRACON& Tower with Radar,115,115,84,5,319,0,0,57,3,60,115,115,141,8,379,48,0,48,427
06/07/2003,OMA,NE,ACE,CE,Combined TRACON& Tower with Radar,95,87,64,3,249,10,8,2,0,20,105,95,66,3,269,32,0,32,301
06/08/2003,OMA,NE,ACE,CE,Combined TRACON& Tower with Radar,85,74,57,3,219,13,0,30,4,47,98,74,87,7,266,32,4,36,302
06/09/2003,OMA,NE,ACE,CE,Combined TRACON& Tower with Radar,108,100,73,1,282,4,2,31,0,37,112,102,104,1,319,36,0,36,355
06/10/2003,OMA,NE,ACE,CE,Combined TRACON& Tower with Radar,125,127,93,0,345,0,11,67,0,78,125,138,160,0,423,62,0,62,485
06/11/2003,OMA,NE,ACE,CE,Combined TRACON& Tower with Radar,134,121,91,0,346,0,0,73,0,73,134,121,164,0,419,96,0,96,515
06/12/2003,OMA,NE,ACE,CE,Combined TRACON& Tower with Radar,119,113,83,5,320,0,22,10,6,38,119,135,93,11,358,28,14,42,400
06/13/2003,OMA,NE,ACE,CE,Combined TRACON& Tower with Radar,117,110,82,4,313,0,0,91,1,92,117,110,173,5,405,72,2,74,479
06/14/2003,OMA,NE,ACE,CE,Combined TRACON& Tower with Radar,104,96,71,1,272,4,13,59,0,76,108,109,130,1,348,84,0,84,432
06/15/2003,OMA,NE,ACE,CE,Combined TRACON& Tower with Radar,91,77,61,2,231,8,0,45,4,57,99,77,106,6,288,14,0,14,302
06/16/2003,OMA,NE,ACE,CE,Combined TRACON& Tower with Radar,103,95,70,3,271,5,3,47,0,55,108,98,117,3,326,58,2,60,386
06/17/2003,OMA,NE,ACE,CE,Combined TRACON& Tower with Radar,122,112,83,1,318,0,13,44,0,57,122,125,127,1,375,78,0,78,453
06/18/2003,OMA,NE,ACE,CE,Combined TRACON& Tower with Radar,118,129,95,2,344,0,12,37,0,49,118,141,132,2,393,66,0,66,459
06/19/2003,OMA,NE,ACE,CE,Combined TRACON& Tower with Radar,123,125,94,4,346,0,6,70,2,78,123,131,164,6,424,96,10,106,530
06/20/2003,OMA,NE,ACE,CE,Combined TRACON& Tower with Radar,117,115,86,4,322,0,4,37,14,55,117,119,123,18,377,44,30,74,451
06/21/2003,OMA,NE,ACE,CE,Combined TRACON& Tower with Radar,98,88,67,3,256,9,14,19,9,51,107,102,86,12,307,32,16,48,355
06/22/2003,OMA,NE,ACE,CE,Combined TRACON& Tower with Radar,98,88,67,3,256,3,4,21,2,30,101,92,88,5,286,10,0,10,296
06/23/2003,OMA,NE,ACE,CE,Combined TRACON& Tower with Radar,104,94,70,1,269,12,7,33,0,52,116,101,103,1,321,40,0,40,361
06/24/2003,OMA,NE,ACE,CE,Combined TRACON& Tower with Radar,134,116,91,0,341,0,0,34,0,34,134,116,125,0,375,40,0,40,415
06/25/2003,OMA,NE,ACE,CE,Combined TRACON& Tower with Radar,125,118,88,1,332,0,25,13,0,38,125,143,101,1,370,26,0,26,396
06/26/2003,OMA,NE,ACE,CE,Combined TRACON& Tower with Radar,133,116,96,0,345,0,0,88,0,88,133,116,184,0,433,88,0,88,521
06/27/2003,OMA,NE,ACE,CE,Combined TRACON& Tower with Radar,124,111,87,4,326,0,0,49,0,49,124,111,136,4,375,56,4,60,435
06/28/2003,OMA,NE,ACE,CE,Combined TRACON& Tower with Radar,88,79,60,2,229,17,6,11,0,34,105,85,71,2,263,42,0,42,305
06/29/2003,OMA,NE,ACE,CE,Combined TRACON& Tower with Radar,93,82,63,2,240,17,0,10,4,31,110,82,73,6,271,34,0,34,305
06/30/2003,OMA,NE,ACE,CE,Combined TRACON& Tower with Radar,111,93,75,0,279,7,0,63,0,70,118,93,138,0,349,104,0,104,453
07/01/2003,OMA,NE,ACE,CE,Combined TRACON& Tower with Radar,134,125,92,2,353,0,14,36,0,50,134,139,128,2,403,77,2,79,482
07/02/2003,OMA,NE,ACE,CE,Combined TRACON& Tower with Radar,115,110,81,4,310,0,17,64,0,81,115,127,145,4,391,130,0,130,521
07/03/2003,OMA,NE,ACE,CE,Combined TRACON& Tower with Radar,125,110,82,2,319,0,0,59,0,59,125,110,141,2,378,60,2,62,440
07/04/2003,OMA,NE,ACE,CE,Combined TRACON& Tower with Radar,66,59,41,0,166,17,9,0,0,26,83,68,41,0,192,8,0,8,200
07/05/2003,OMA,NE,ACE,CE,Combined TRACON& Tower with Radar,67,61,44,0,172,22,2,31,0,55,89,63,75,0,227,20,10,30,257
07/06/2003,OMA,NE,ACE,CE,Combined TRACON& Tower with Radar,94,82,62,0,238,9,0,54,0,63,103,82,116,0,301,34,0,34,335
07/07/2003,OMA,NE,ACE,CE,Combined TRACON& Tower with Radar,108,98,71,1,278,6,0,34,0,40,114,98,105,1,318,48,0,48,366
07/08/2003,OMA,NE,ACE,CE,Combined TRACON& Tower with Radar,132,122,89,1,344,0,10,36,0,46,132,132,125,1,390,68,0,68,458
07/09/2003,OMA,NE,ACE,CE,Combined TRACON& Tower with Radar,133,120,87,2,342,1,7,38,0,46,134,127,125,2,388,124,4,128,516
07/10/2003,OMA,NE,ACE,CE,Combined TRACON& Tower with Radar,125,130,94,4,353,0,1,65,1,67,125,131,159,5,420,62,6,68,488
07/11/2003,OMA,NE,ACE,CE,Combined TRACON& Tower with Radar,117,105,76,4,302,4,2,48,5,59,121,107,124,9,361,50,8,58,419
07/12/2003,OMA,NE,ACE,CE,Combined TRACON& Tower with Radar,101,89,66,3,259,5,0,77,14,96,106,89,143,17,355,82,30,112,467
07/13/2003,OMA,NE,ACE,CE,Combined TRACON& Tower with Radar,96,83,67,3,249,0,0,77,11,88,96,83,144,14,337,86,4,90,427
07/14/2003,OMA,NE,ACE,CE,Combined TRACON& Tower with Radar,114,97,74,4,289,0,0,61,4,65,114,97,135,8,354,54,6,60,414
07/15/2003,OMA,NE,ACE,CE,Combined TRACON& Tower with Radar,125,113,82,4,324,3,16,42,6,67,128,129,124,10,391,20,16,36,427
07/16/2003,OMA,NE,ACE,CE,Combined TRACON& Tower with Radar,123,120,87,0,330,0,2,77,0,79,123,122,164,0,409,94,0,94,503
07/17/2003,OMA,NE,ACE,CE,Combined TRACON& Tower with Radar,121,119,86,0,326,0,2,80,0,82,121,121,166,0,408,60,0,60,468
07/18/2003,OMA,NE,ACE,CE,Combined TRACON& Tower with Radar,126,113,83,1,323,1,4,27,0,32,127,117,110,1,355,62,0,62,417
07/19/2003,OMA,NE,ACE,CE,Combined TRACON& Tower with Radar,92,83,61,1,237,15,12,12,0,39,107,95,73,1,276,46,0,46,322
07/20/2003,OMA,NE,ACE,CE,Combined TRACON& Tower with Radar,80,63,53,2,198,22,0,39,0,61,102,63,92,2,259,84,0,84,343
07/21/2003,OMA,NE,ACE,CE,Combined TRACON& Tower with Radar,111,96,73,3,283,0,0,48,3,51,111,96,121,6,334,74,4,78,412
07/22/2003,OMA,NE,ACE,CE,Combined TRACON& Tower with Radar,118,130,96,0,344,0,3,88,0,91,118,133,184,0,435,85,0,85,520
07/23/2003,OMA,NE,ACE,CE,Combined TRACON& Tower with Radar,134,111,88,0,333,4,0,59,0,63,138,111,147,0,396,100,0,100,496
07/24/2003,OMA,NE,ACE,CE,Combined TRACON& Tower with Radar,126,127,94,3,350,0,7,85,3,95,126,134,179,6,445,102,8,110,555
07/25/2003,OMA,NE,ACE,CE,Combined TRACON& Tower with Radar,120,107,79,3,309,0,9,34,0,43,120,116,113,3,352,51,2,53,405
07/26/2003,OMA,NE,ACE,CE,Combined TRACON& Tower with Radar,91,80,60,0,231,16,7,13,0,36,107,87,73,0,267,54,0,54,321
07/27/2003,OMA,NE,ACE,CE,Combined TRACON& Tower with Radar,84,72,55,2,213,17,0,3,5,25,101,72,58,7,238,6,6,12,250
07/28/2003,OMA,NE,ACE,CE,Combined TRACON& Tower with Radar,111,99,75,0,285,0,0,65,0,65,111,99,140,0,350,42,0,42,392
07/29/2003,OMA,NE,ACE,CE,Combined TRACON& Tower with Radar,128,113,84,2,327,1,0,38,0,39,129,113,122,2,366,26,6,32,398
07/30/2003,OMA,NE,ACE,CE,Combined TRACON& Tower with Radar,122,127,94,3,346,0,0,89,1,90,122,127,183,4,436,92,4,96,532
07/31/2003,OMA,NE,ACE,CE,Combined TRACON& Tower with Radar,119,114,84,3,320,0,12,50,1,63,119,126,134,4,383,32,0,32,415
08/01/2003,OMA,NE,ACE,CE,Combined TRACON& Tower with Radar,116,107,74,1,298,0,3,46,0,49,116,110,120,1,347,32,0,32,379
08/02/2003,OMA,NE,ACE,CE,Combined TRACON& Tower with Radar,93,86,59,0,238,11,12,40,0,63,104,98,99,0,301,20,0,20,321
08/03/2003,OMA,NE,ACE,CE,Combined TRACON& Tower with Radar,86,80,55,1,222,10,5,37,0,52,96,85,92,1,274,6,0,6,280
08/04/2003,OMA,NE,ACE,CE,Combined TRACON& Tower with Radar,105,95,67,3,270,4,0,35,4,43,109,95,102,7,313,34,14,48,361
08/05/2003,OMA,NE,ACE,CE,Combined TRACON& Tower with Radar,123,126,87,4,340,0,6,65,6,77,123,132,152,10,417,52,8,60,477
08/06/2003,OMA,NE,ACE,CE,Combined TRACON& Tower with Radar,129,129,90,0,348,0,6,64,0,70,129,135,154,0,418,98,0,98,516
08/07/2003,OMA,NE,ACE,CE,Combined TRACON& Tower with Radar,117,114,79,0,310,0,8,69,0,77,117,122,148,0,387,90,0,90,477
08/08/2003,OMA,NE,ACE,CE,Combined TRACON& Tower with Radar,117,108,75,0,300,3,15,60,0,78,120,123,135,0,378,84,0,84,462
08/09/2003,OMA,NE,ACE,CE,Combined TRACON& Tower with Radar,95,87,60,0,242,18,9,25,0,52,113,96,85,0,294,56,0,56,350
08/10/2003,OMA,NE,ACE,CE,Combined TRACON& Tower with Radar,84,78,55,2,219,19,4,34,0,57,103,82,89,2,276,18,0,18,294
08/11/2003,OMA,NE,ACE,CE,Combined TRACON& Tower with Radar,117,101,77,4,299,0,0,37,7,44,117,101,114,11,343,30,2,32,375
08/12/2003,OMA,NE,ACE,CE,Combined TRACON& Tower with Radar,121,125,88,4,338,0,12,66,1,79,121,137,154,5,417,58,6,64,481
08/13/2003,OMA,NE,ACE,CE,Combined TRACON& Tower with Radar,128,127,93,3,351,0,0,91,0,91,128,127,184,3,442,66,2,68,510
08/14/2003,OMA,NE,ACE,CE,Combined TRACON& Tower with Radar,122,120,88,4,334,0,0,74,3,77,122,120,162,7,411,50,6,56,467
08/15/2003,OMA,NE,ACE,CE,Combined TRACON& Tower with Radar,120,119,84,4,327,0,8,73,6,87,120,127,157,10,414,98,8,106,520
08/16/2003,OMA,NE,ACE,CE,Combined TRACON& Tower with Radar,92,83,59,0,234,15,17,46,0,78,107,100,105,0,312,40,0,40,352
08/17/2003,OMA,NE,ACE,CE,Combined TRACON& Tower with Radar,89,80,57,2,228,17,0,48,0,65,106,80,105,2,293,14,0,14,307
08/18/2003,OMA,NE,ACE,CE,Combined TRACON& Tower with Radar,109,100,71,0,280,0,7,43,0,50,109,107,114,0,330,46,2,48,378
08/19/2003,OMA,NE,ACE,CE,Combined TRACON& Tower with Radar,124,124,87,2,337,0,18,45,0,63,124,142,132,2,400,54,0,54,454
08/20/2003,OMA,NE,ACE,CE,Combined TRACON& Tower with Radar,129,130,92,3,354,0,0,52,1,53,129,130,144,4,407,14,4,18,425
08/21/2003,OMA,NE,ACE,CE,Combined TRACON& Tower with Radar,130,129,91,3,353,0,12,56,1,69,130,141,147,4,422,36,6,42,464
08/22/2003,OMA,NE,ACE,CE,Combined TRACON& Tower with Radar,121,120,87,3,331,0,0,64,2,66,121,120,151,5,397,58,6,64,461
08/23/2003,OMA,NE,ACE,CE,Combined TRACON& Tower with Radar,96,87,62,2,247,12,4,13,5,34,108,91,75,7,281,14,0,14,295
08/24/2003,OMA,NE,ACE,CE,Combined TRACON& Tower with Radar,85,75,55,2,217,15,0,32,1,48,100,75,87,3,265,42,0,42,307
08/25/2003,OMA,NE,ACE,CE,Combined TRACON& Tower with Radar,111,92,71,3,277,5,0,35,12,52,116,92,106,15,329,44,0,44,373
08/26/2003,OMA,NE,ACE,CE,Combined TRACON& Tower with Radar,115,116,82,0,313,0,15,78,0,93,115,131,160,0,406,48,0,48,454
08/27/2003,OMA,NE,ACE,CE,Combined TRACON& Tower with Radar,123,123,87,3,336,0,3,72,0,75,123,126,159,3,411,70,0,70,481
08/28/2003,OMA,NE,ACE,CE,Combined TRACON& Tower with Radar,145,130,93,0,368,12,0,51,0,63,157,130,144,0,431,92,0,92,523
08/29/2003,OMA,NE,ACE,CE,Combined TRACON& Tower with Radar,121,104,78,2,305,5,0,60,0,65,126,104,138,2,370,66,2,68,438
08/30/2003,OMA,NE,ACE,CE,Combined TRACON& Tower with Radar,79,72,50,1,202,19,14,10,0,43,98,86,60,1,245,48,0,48,293
08/31/2003,OMA,NE,ACE,CE,Combined TRACON& Tower with Radar,63,58,40,1,162,10,1,13,6,30,73,59,53,7,192,50,4,54,246
09/01/2003,OMA,NE,ACE,CE,Combined TRACON& Tower with Radar,75,64,49,0,188,25,0,30,0,55,100,64,79,0,243,24,0,24,267
09/02/2003,OMA,NE,ACE,CE,Combined TRACON& Tower with Radar,106,97,67,3,273,4,11,53,0,68,110,108,120,3,341,26,4,30,371
09/03/2003,OMA,NE,ACE,CE,Combined TRACON& Tower with Radar,130,125,88,4,347,0,0,65,0,65,130,125,153,4,412,68,6,74,486
09/04/2003,OMA,NE,ACE,CE,Combined TRACON& Tower with Radar,122,117,80,4,323,0,14,62,3,79,122,131,142,7,402,86,6,92,494
09/05/2003,OMA,NE,ACE,CE,Combined TRACON& Tower with Radar,118,108,74,4,304,6,2,34,0,42,124,110,108,4,346,26,2,28,374
09/06/2003,OMA,NE,ACE,CE,Combined TRACON& Tower with Radar,93,86,59,1,239,9,6,48,0,63,102,92,107,1,302,94,2,96,398
09/07/2003,OMA,NE,ACE,CE,Combined TRACON& Tower with Radar,83,66,53,2,204,18,0,57,0,75,101,66,110,2,279,38,0,38,317
09/08/2003,OMA,NE,ACE,CE,Combined TRACON& Tower with Radar,115,89,74,4,282,0,0,55,12,67,115,89,129,16,349,38,22,60,409
09/09/2003,OMA,NE,ACE,CE,Combined TRACON& Tower with Radar,122,123,85,5,335,0,4,14,3,21,122,127,99,8,356,14,10,24,380
09/10/2003,OMA,NE,ACE,CE,Combined TRACON& Tower with Radar,131,122,85,0,338,0,0,24,0,24,131,122,109,0,362,12,0,12,374
09/11/2003,OMA,NE,ACE,CE,Combined TRACON& Tower with Radar,125,126,86,0,337,0,12,9,0,21,125,138,95,0,358,20,0,20,378
09/12/2003,OMA,NE,ACE,CE,Combined TRACON& Tower with Radar,126,134,92,4,356,0,5,81,0,86,126,139,173,4,442,108,8,116,558
09/13/2003,OMA,NE,ACE,CE,Combined TRACON& Tower with Radar,91,84,58,0,233,16,10,17,0,43,107,94,75,0,276,62,0,62,338
09/14/2003,OMA,NE,ACE,CE,Combined TRACON& Tower with Radar,85,75,54,1,215,18,0,34,0,52,103,75,88,1,267,18,2,20,287
09/15/2003,OMA,NE,ACE,CE,Combined TRACON& Tower with Radar,111,105,72,3,291,0,0,81,0,81,111,105,153,3,372,76,0,76,448
09/16/2003,OMA,NE,ACE,CE,Combined TRACON& Tower with Radar,119,118,81,4,322,0,1,50,3,54,119,119,131,7,376,24,18,42,418
09/17/2003,OMA,NE,ACE,CE,Combined TRACON& Tower with Radar,141,129,89,0,359,0,11,15,0,26,141,140,104,0,385,28,0,28,413
09/18/2003,OMA,NE,ACE,CE,Combined TRACON& Tower with Radar,111,101,70,3,285,0,13,7,5,25,111,114,77,8,310,66,16,82,392
09/19/2003,OMA,NE,ACE,CE,Combined TRACON& Tower with Radar,123,129,91,4,347,0,11,67,10,88,123,140,158,14,435,138,16,154,589
09/20/2003,OMA,NE,ACE,CE,Combined TRACON& Tower with Radar,91,82,58,0,231,13,4,38,0,55,104,86,96,0,286,114,0,114,400
09/21/2003,OMA,NE,ACE,CE,Combined TRACON& Tower with Radar,86,72,55,0,213,19,0,0,0,19,105,72,55,0,232,8,0,8,240
09/22/2003,OMA,NE,ACE,CE,Combined TRACON& Tower with Radar,102,92,65,2,261,6,4,26,0,36,108,96,91,2,297,36,0,36,333
09/23/2003,OMA,NE,ACE,CE,Combined TRACON& Tower with Radar,121,131,92,4,348,0,11,36,19,66,121,142,128,23,414,66,22,88,502
09/24/2003,OMA,NE,ACE,CE,Combined TRACON& Tower with Radar,123,127,89,0,339,0,8,62,0,70,123,135,151,0,409,74,0,74,483
09/25/2003,OMA,NE,ACE,CE,Combined TRACON& Tower with Radar,131,125,88,2,346,0,10,71,0,81,131,135,159,2,427,108,2,110,537
09/26/2003,OMA,NE,ACE,CE,Combined TRACON& Tower with Radar,115,116,82,3,316,0,3,65,8,76,115,119,147,11,392,90,18,108,500
09/27/2003,OMA,NE,ACE,CE,Combined TRACON& Tower with Radar,83,75,52,0,210,22,11,24,0,57,105,86,76,0,267,44,0,44,311
09/28/2003,OMA,NE,ACE,CE,Combined TRACON& Tower with Radar,94,79,60,0,233,2,0,68,0,70,96,79,128,0,303,30,0,30,333
09/29/2003,OMA,NE,ACE,CE,Combined TRACON& Tower with Radar,104,94,65,0,263,4,13,28,0,45,108,107,93,0,308,64,0,64,372
09/30/2003,OMA,NE,ACE,CE,Combined TRACON& Tower with Radar,125,114,80,0,319,0,5,51,0,56,125,119,131,0,375,50,0,50,425
10/01/2003,OMA,NE,ACE,CE,Combined TRACON& Tower with Radar,130,127,93,5,355,0,0,69,1,70,130,127,162,6,425,102,4,106,531
10/02/2003,OMA,NE,ACE,CE,Combined TRACON& Tower with Radar,126,129,92,5,352,0,1,48,1,50,126,130,140,6,402,30,0,30,432
10/03/2003,OMA,NE,ACE,CE,Combined TRACON& Tower with Radar,119,116,83,3,321,0,4,38,0,42,119,120,121,3,363,44,4,48,411
10/04/2003,OMA,NE,ACE,CE,Combined TRACON& Tower with Radar,87,85,61,0,233,16,3,30,0,49,103,88,91,0,282,64,0,64,346
10/05/2003,OMA,NE,ACE,CE,Combined TRACON& Tower with Radar,86,83,59,1,229,14,2,60,0,76,100,85,119,1,305,66,0,66,371
10/06/2003,OMA,NE,ACE,CE,Combined TRACON& Tower with Radar,108,104,75,4,291,3,7,44,3,57,111,111,119,7,348,48,23,71,419
10/07/2003,OMA,NE,ACE,CE,Combined TRACON& Tower with Radar,128,126,90,5,349,0,10,49,7,66,128,136,139,12,415,36,10,46,461
10/08/2003,OMA,NE,ACE,CE,Combined TRACON& Tower with Radar,121,117,84,4,326,4,0,35,9,48,125,117,119,13,374,30,4,34,408
10/09/2003,OMA,NE,ACE,CE,Combined TRACON& Tower with Radar,124,131,94,2,351,0,6,54,0,60,124,137,148,2,411,58,0,58,469
10/10/2003,OMA,NE,ACE,CE,Combined TRACON& Tower with Radar,119,110,84,4,317,0,0,37,9,46,119,110,121,13,363,30,6,36,399
10/11/2003,OMA,NE,ACE,CE,Combined TRACON& Tower with Radar,81,78,33,0,192,18,17,0,0,35,99,95,33,0,227,10,0,10,237
10/12/2003,OMA,NE,ACE,CE,Combined TRACON& Tower with Radar,85,77,59,1,222,16,0,47,0,63,101,77,106,1,285,58,0,58,343
10/13/2003,OMA,NE,ACE,CE,Combined TRACON& Tower with Radar,109,106,76,1,292,1,0,23,0,24,110,106,99,1,316,34,0,34,350
10/14/2003,OMA,NE,ACE,CE,Combined TRACON& Tower with Radar,129,115,89,3,336,4,0,47,0,51,133,115,136,3,387,66,6,72,459
10/15/2003,OMA,NE,ACE,CE,Combined TRACON& Tower with Radar,128,135,97,4,364,0,0,63,0,63,128,135,160,4,427,74,4,78,505
10/16/2003,OMA,NE,ACE,CE,Combined TRACON& Tower with Radar,123,121,104,0,348,0,0,87,0,87,123,121,191,0,435,50,0,50,485
10/17/2003,OMA,NE,ACE,CE,Combined TRACON& Tower with Radar,122,115,84,3,324,2,1,52,0,55,124,116,136,3,379,70,0,70,449
10/18/2003,OMA,NE,ACE,CE,Combined TRACON& Tower with Radar,86,81,59,0,226,12,4,35,0,51,98,85,94,0,277,52,0,52,329
10/19/2003,OMA,NE,ACE,CE,Combined TRACON& Tower with Radar,88,84,62,1,235,12,0,39,0,51,100,84,101,1,286,46,0,46,332
10/20/2003,OMA,NE,ACE,CE,Combined TRACON& Tower with Radar,101,102,75,3,281,0,14,39,0,53,101,116,114,3,334,36,8,44,378
10/21/2003,OMA,NE,ACE,CE,Combined TRACON& Tower with Radar,125,124,91,2,342,0,8,41,0,49,125,132,132,2,391,54,0,54,445
10/22/2003,OMA,NE,ACE,CE,Combined TRACON& Tower with Radar,125,126,93,0,344,0,10,59,0,69,125,136,152,0,413,24,0,24,437
10/23/2003,OMA,NE,ACE,CE,Combined TRACON& Tower with Radar,122,126,93,4,345,0,4,74,7,85,122,130,167,11,430,80,2,82,512
10/24/2003,OMA,NE,ACE,CE,Combined TRACON& Tower with Radar,119,114,84,3,320,0,23,32,2,57,119,137,116,5,377,48,8,56,433
10/25/2003,OMA,NE,ACE,CE,Combined TRACON& Tower with Radar,86,81,59,2,228,20,9,11,4,44,106,90,70,6,272,42,6,48,320
10/26/2003,OMA,NE,ACE,CE,Combined TRACON& Tower with Radar,87,82,61,2,232,7,3,73,8,91,94,85,134,10,323,48,24,72,395
10/27/2003,OMA,NE,ACE,CE,Combined TRACON& Tower with Radar,108,106,78,3,295,0,0,34,8,42,108,106,112,11,337,58,2,60,397
10/28/2003,OMA,NE,ACE,CE,Combined TRACON& Tower with Radar,124,122,89,2,337,0,14,33,0,47,124,136,122,2,384,30,0,30,414
10/29/2003,OMA,NE,ACE,CE,Combined TRACON& Tower with Radar,128,129,98,2,357,0,0,66,0,66,128,129,164,2,423,80,2,82,505
10/30/2003,OMA,NE,ACE,CE,Combined TRACON& Tower with Radar,120,120,88,3,331,0,16,26,4,46,120,136,114,7,377,68,4,72,449
10/31/2003,OMA,NE,ACE,CE,Combined TRACON& Tower with Radar,117,110,81,3,311,3,9,2,1,15,120,119,83,4,326,56,0,56,382
11/01/2003,OMA,NE,ACE,CE,Combined TRACON& Tower with Radar,85,80,59,0,224,16,12,0,0,28,101,92,59,0,252,36,0,36,288
11/02/2003,OMA,NE,ACE,CE,Combined TRACON& Tower with Radar,81,76,41,0,198,13,1,0,0,14,94,77,41,0,212,5,0,5,217
11/03/2003,OMA,NE,ACE,CE,Combined TRACON& Tower with Radar,99,92,69,0,260,0,0,4,0,4,99,92,73,0,264,6,0,6,270
11/04/2003,OMA,NE,ACE,CE,Combined TRACON& Tower with Radar,122,123,92,0,337,0,0,21,0,21,122,123,113,0,358,30,0,30,388
11/05/2003,OMA,NE,ACE,CE,Combined TRACON& Tower with Radar,113,114,88,1,316,0,0,33,1,34,113,114,121,2,350,40,0,40,390
11/06/2003,OMA,NE,ACE,CE,Combined TRACON& Tower with Radar,118,121,94,0,333,0,0,92,0,92,118,121,186,0,425,90,0,90,515
11/07/2003,OMA,NE,ACE,CE,Combined TRACON& Tower with Radar,121,106,85,1,313,0,0,76,3,79,121,106,161,4,392,66,0,66,458
11/08/2003,OMA,NE,ACE,CE,Combined TRACON& Tower with Radar,88,75,61,1,225,15,0,53,1,69,103,75,114,2,294,54,0,54,348
11/09/2003,OMA,NE,ACE,CE,Combined TRACON& Tower with Radar,82,73,56,1,212,11,0,27,2,40,93,73,83,3,252,16,2,18,270
11/10/2003,OMA,NE,ACE,CE,Combined TRACON& Tower with Radar,100,89,75,1,265,0,0,25,3,28,100,89,100,4,293,18,4,22,315
11/11/2003,OMA,NE,ACE,CE,Combined TRACON& Tower with Radar,123,114,94,0,331,0,0,85,0,85,123,114,179,0,416,24,0,24,440
11/12/2003,OMA,NE,ACE,CE,Combined TRACON& Tower with Radar,112,105,79,1,297,3,4,16,1,24,115,109,95,2,321,28,2,30,351
11/13/2003,OMA,NE,ACE,CE,Combined TRACON& Tower with Radar,123,127,96,0,346,0,13,52,0,65,123,140,148,0,411,54,0,54,465
11/14/2003,OMA,NE,ACE,CE,Combined TRACON& Tower with Radar,111,109,82,0,302,0,14,30,0,44,111,123,112,0,346,62,0,62,408
11/15/2003,OMA,NE,ACE,CE,Combined TRACON& Tower with Radar,86,79,60,0,225,10,5,25,0,40,96,84,85,0,265,68,0,68,333
11/16/2003,OMA,NE,ACE,CE,Combined TRACON& Tower with Radar,82,72,57,0,211,10,0,56,0,66,92,72,113,0,277,54,0,54,331
11/17/2003,OMA,NE,ACE,CE,Combined TRACON& Tower with Radar,100,89,76,0,265,0,0,30,0,30,100,89,106,0,295,14,0,14,309
11/18/2003,OMA,NE,ACE,CE,Combined TRACON& Tower with Radar,122,119,94,0,335,0,0,62,0,62,122,119,156,0,397,10,0,10,407
11/19/2003,OMA,NE,ACE,CE,Combined TRACON& Tower with Radar,120,120,93,1,334,0,0,59,2,61,120,120,152,3,395,98,0,98,493
11/20/2003,OMA,NE,ACE,CE,Combined TRACON& Tower with Radar,115,114,86,1,316,0,9,32,0,41,115,123,118,1,357,40,0,40,397
11/21/2003,OMA,NE,ACE,CE,Combined TRACON& Tower with Radar,124,119,90,0,333,0,12,27,0,39,124,131,117,0,372,50,0,50,422
11/22/2003,OMA,NE,ACE,CE,Combined TRACON& Tower with Radar,82,75,56,0,213,18,9,3,0,30,100,84,59,0,243,58,0,58,301
11/23/2003,OMA,NE,ACE,CE,Combined TRACON& Tower with Radar,71,65,30,0,166,20,8,0,0,28,91,73,30,0,194,0,0,0,194
11/24/2003,OMA,NE,ACE,CE,Combined TRACON& Tower with Radar,101,92,70,0,263,2,4,29,1,36,103,96,99,1,299,50,0,50,349
11/25/2003,OMA,NE,ACE,CE,Combined TRACON& Tower with Radar,116,121,92,0,329,0,5,67,2,74,116,126,159,2,403,90,2,92,495
11/26/2003,OMA,NE,ACE,CE,Combined TRACON& Tower with Radar,117,128,97,0,342,0,6,77,2,85,117,134,174,2,427,82,10,92,519
11/27/2003,OMA,NE,ACE,CE,Combined TRACON& Tower with Radar,60,55,28,0,143,19,13,0,0,32,79,68,28,0,175,6,0,6,181
11/28/2003,OMA,NE,ACE,CE,Combined TRACON& Tower with Radar,66,61,46,0,173,4,11,13,0,28,70,72,59,0,201,42,0,42,243
11/29/2003,OMA,NE,ACE,CE,Combined TRACON& Tower with Radar,81,75,56,0,212,20,11,2,0,33,101,86,58,0,245,28,0,28,273
11/30/2003,OMA,NE,ACE,CE,Combined TRACON& Tower with Radar,95,88,65,0,248,3,3,17,0,23,98,91,82,0,271,16,0,16,287
12/01/2003,OMA,NE,ACE,CE,Combined TRACON& Tower with Radar,102,112,73,2,289,0,10,43,5,58,102,122,116,7,347,64,0,64,411
12/02/2003,OMA,NE,ACE,CE,Combined TRACON& Tower with Radar,116,110,71,2,299,0,0,30,11,41,116,110,101,13,340,38,20,58,398
12/03/2003,OMA,NE,ACE,CE,Combined TRACON& Tower with Radar,116,132,85,0,333,0,5,3,0,8,116,137,88,0,341,22,0,22,363
12/04/2003,OMA,NE,ACE,CE,Combined TRACON& Tower with Radar,114,126,80,0,320,0,16,18,0,34,114,142,98,0,354,6,0,6,360
12/05/2003,OMA,NE,ACE,CE,Combined TRACON& Tower with Radar,123,124,78,0,325,0,1,21,0,22,123,125,99,0,347,0,0,0,347
12/06/2003,OMA,NE,ACE,CE,Combined TRACON& Tower with Radar,86,81,27,0,194,20,14,0,0,34,106,95,27,0,228,2,0,2,230
12/07/2003,OMA,NE,ACE,CE,Combined TRACON& Tower with Radar,85,76,51,0,212,10,0,24,0,34,95,76,75,0,246,44,0,44,290
12/08/2003,OMA,NE,ACE,CE,Combined TRACON& Tower with Radar,102,104,67,2,275,0,0,31,3,34,102,104,98,5,309,28,10,38,347
12/09/2003,OMA,NE,ACE,CE,Combined TRACON& Tower with Radar,118,111,71,1,301,4,0,2,0,6,122,111,73,1,307,4,0,4,311
12/10/2003,OMA,NE,ACE,CE,Combined TRACON& Tower with Radar,125,122,78,0,325,0,6,30,0,36,125,128,108,0,361,10,0,10,371
12/11/2003,OMA,NE,ACE,CE,Combined TRACON& Tower with Radar,124,126,83,0,333,0,0,51,0,51,124,126,134,0,384,30,0,30,414
12/12/2003,OMA,NE,ACE,CE,Combined TRACON& Tower with Radar,115,121,78,2,316,0,5,35,3,43,115,126,113,5,359,46,3,49,408
12/13/2003,OMA,NE,ACE,CE,Combined TRACON& Tower with Radar,87,82,45,0,214,14,8,0,0,22,101,90,45,0,236,50,0,50,286
12/14/2003,OMA,NE,ACE,CE,Combined TRACON& Tower with Radar,85,69,52,0,206,12,0,2,0,14,97,69,54,0,220,4,0,4,224
12/15/2003,OMA,NE,ACE,CE,Combined TRACON& Tower with Radar,100,89,64,2,255,0,0,15,2,17,100,89,79,4,272,2,4,6,278
12/16/2003,OMA,NE,ACE,CE,Combined TRACON& Tower with Radar,122,118,77,1,318,0,4,14,0,18,122,122,91,1,336,14,0,14,350
12/17/2003,OMA,NE,ACE,CE,Combined TRACON& Tower with Radar,123,120,82,0,325,0,0,54,0,54,123,120,136,0,379,48,0,48,427
12/18/2003,OMA,NE,ACE,CE,Combined TRACON& Tower with Radar,124,120,78,2,324,0,6,34,0,40,124,126,112,2,364,46,2,48,412
12/19/2003,OMA,NE,ACE,CE,Combined TRACON& Tower with Radar,126,124,81,0,331,0,3,58,0,61,126,127,139,0,392,54,0,54,446
12/20/2003,OMA,NE,ACE,CE,Combined TRACON& Tower with Radar,106,84,64,0,254,12,0,39,0,51,118,84,103,0,305,40,0,40,345
12/21/2003,OMA,NE,ACE,CE,Combined TRACON& Tower with Radar,77,71,47,0,195,23,0,21,0,44,100,71,68,0,239,40,0,40,279
12/22/2003,OMA,NE,ACE,CE,Combined TRACON& Tower with Radar,101,99,67,0,267,0,0,67,0,67,101,99,134,0,334,56,0,56,390
12/23/2003,OMA,NE,ACE,CE,Combined TRACON& Tower with Radar,125,116,76,1,318,2,13,20,2,37,127,129,96,3,355,96,2,98,453
12/24/2003,OMA,NE,ACE,CE,Combined TRACON& Tower with Radar,96,89,58,0,243,13,26,0,0,39,109,115,58,0,282,44,0,44,326
12/25/2003,OMA,NE,ACE,CE,Combined TRACON& Tower with Radar,64,59,38,0,161,11,18,0,0,29,75,77,38,0,190,22,0,22,212
12/26/2003,OMA,NE,ACE,CE,Combined TRACON& Tower with Radar,107,99,62,0,268,2,3,0,0,5,109,102,62,0,273,0,0,0,273
12/27/2003,OMA,NE,ACE,CE,Combined TRACON& Tower with Radar,90,83,53,0,226,16,9,0,0,25,106,92,53,0,251,8,0,8,259
12/28/2003,OMA,NE,ACE,CE,Combined TRACON& Tower with Radar,79,72,47,0,198,16,7,10,0,33,95,79,57,0,231,24,0,24,255
12/29/2003,OMA,NE,ACE,CE,Combined TRACON& Tower with Radar,99,90,59,1,249,4,0,21,4,29,103,90,80,5,278,32,10,42,320
12/30/2003,OMA,NE,ACE,CE,Combined TRACON& Tower with Radar,115,106,68,1,290,5,15,26,10,56,120,121,94,11,346,48,18,66,412
12/31/2003,OMA,NE,ACE,CE,Combined TRACON& Tower with Radar,104,97,63,1,265,0,5,39,1,45,104,102,102,2,310,58,0,58,368
01/01/2004,OMA,NE,ACE,CE,Combined TRACON& Tower with Radar,62,58,40,0,160,14,9,17,0,40,76,67,57,0,200,42,0,42,242
01/02/2004,OMA,NE,ACE,CE,Combined TRACON& Tower with Radar,95,88,61,0,244,16,1,21,0,38,111,89,82,0,282,68,0,68,350
01/03/2004,OMA,NE,ACE,CE,Combined TRACON& Tower with Radar,89,83,56,0,228,16,8,15,0,39,105,91,71,0,267,74,0,74,341
01/04/2004,OMA,NE,ACE,CE,Combined TRACON& Tower with Radar,69,60,30,0,159,24,0,0,0,24,93,60,30,0,183,0,0,0,183
01/05/2004,OMA,NE,ACE,CE,Combined TRACON& Tower with Radar,100,93,63,1,257,1,0,29,0,30,101,93,92,1,287,32,0,32,319
01/06/2004,OMA,NE,ACE,CE,Combined TRACON& Tower with Radar,123,116,78,0,317,0,5,34,0,39,123,121,112,0,356,30,0,30,386
01/07/2004,OMA,NE,ACE,CE,Combined TRACON& Tower with Radar,127,126,88,2,343,0,0,70,2,72,127,126,158,4,415,54,4,58,473
01/08/2004,OMA,NE,ACE,CE,Combined TRACON& Tower with Radar,109,123,83,2,317,0,15,30,2,47,109,138,113,4,364,56,6,62,426
01/09/2004,OMA,NE,ACE,CE,Combined TRACON& Tower with Radar,110,115,77,2,304,0,10,37,5,52,110,125,114,7,356,46,12,58,414
01/10/2004,OMA,NE,ACE,CE,Combined TRACON& Tower with Radar,90,84,56,0,230,4,4,32,0,40,94,88,88,0,270,85,0,85,355
01/11/2004,OMA,NE,ACE,CE,Combined TRACON& Tower with Radar,83,70,52,0,205,3,0,94,0,97,86,70,146,0,302,68,0,68,370
01/12/2004,OMA,NE,ACE,CE,Combined TRACON& Tower with Radar,104,93,67,2,266,0,0,33,4,37,104,93,100,6,303,46,10,56,359
01/13/2004,OMA,NE,ACE,CE,Combined TRACON& Tower with Radar,116,127,85,2,330,0,7,66,1,74,116,134,151,3,404,59,4,63,467
01/14/2004,OMA,NE,ACE,CE,Combined TRACON& Tower with Radar,116,110,74,0,300,0,1,45,0,46,116,111,119,0,346,28,0,28,374
01/15/2004,OMA,NE,ACE,CE,Combined TRACON& Tower with Radar,116,125,85,0,326,0,0,56,0,56,116,125,141,0,382,58,0,58,440
01/16/2004,OMA,NE,ACE,CE,Combined TRACON& Tower with Radar,108,111,75,0,294,0,4,9,0,13,108,115,84,0,307,6,0,6,313
01/17/2004,OMA,NE,ACE,CE,Combined TRACON& Tower with Radar,77,71,32,0,180,21,0,0,1,22,98,71,32,1,202,1,0,1,203
01/18/2004,OMA,NE,ACE,CE,Combined TRACON& Tower with Radar,82,72,53,0,207,13,0,24,0,37,95,72,77,0,244,32,0,32,276
01/19/2004,OMA,NE,ACE,CE,Combined TRACON& Tower with Radar,101,100,69,0,270,0,3,52,0,55,101,103,121,0,325,74,0,74,399
01/20/2004,OMA,NE,ACE,CE,Combined TRACON& Tower with Radar,122,109,82,1,314,0,0,29,5,34,122,109,111,6,348,24,0,24,372
01/21/2004,OMA,NE,ACE,CE,Combined TRACON& Tower with Radar,123,122,84,1,330,0,0,62,3,65,123,122,146,4,395,72,4,76,471
01/22/2004,OMA,NE,ACE,CE,Combined TRACON& Tower with Radar,127,129,89,0,345,0,0,66,0,66,127,129,155,0,411,56,0,56,467
01/23/2004,OMA,NE,ACE,CE,Combined TRACON& Tower with Radar,105,115,79,1,300,0,13,64,5,82,105,128,143,6,382,54,4,58,440
01/24/2004,OMA,NE,ACE,CE,Combined TRACON& Tower with Radar,96,82,61,1,240,2,0,19,0,21,98,82,80,1,261,54,0,54,315
01/25/2004,OMA,NE,ACE,CE,Combined TRACON& Tower with Radar,75,67,38,0,180,15,0,0,1,16,90,67,38,1,196,2,0,2,198
01/26/2004,OMA,NE,ACE,CE,Combined TRACON& Tower with Radar,87,77,53,0,217,11,0,0,0,11,98,77,53,0,228,0,0,0,228
01/27/2004,OMA,NE,ACE,CE,Combined TRACON& Tower with Radar,119,111,76,0,306,0,1,18,0,19,119,112,94,0,325,10,0,10,335
01/28/2004,OMA,NE,ACE,CE,Combined TRACON& Tower with Radar,116,107,73,0,296,0,11,4,0,15,116,118,77,0,311,20,0,20,331
01/29/2004,OMA,NE,ACE,CE,Combined TRACON& Tower with Radar,115,110,76,1,302,0,18,8,0,26,115,128,84,1,328,16,0,16,344
01/30/2004,OMA,NE,ACE,CE,Combined TRACON& Tower with Radar,113,107,73,1,294,0,11,18,0,29,113,118,91,1,323,12,0,12,335
01/31/2004,OMA,NE,ACE,CE,Combined TRACON& Tower with Radar,81,75,44,0,200,22,6,0,0,28,103,81,44,0,228,11,0,11,239
02/01/2004,OMA,NE,ACE,CE,Combined TRACON& Tower with Radar,65,65,13,0,143,33,4,0,0,37,98,69,13,0,180,0,0,0,180
02/02/2004,OMA,NE,ACE,CE,Combined TRACON& Tower with Radar,88,86,60,0,234,0,1,12,0,13,88,87,72,0,247,2,0,2,249
02/03/2004,OMA,NE,ACE,CE,Combined TRACON& Tower with Radar,116,113,82,0,311,0,0,34,0,34,116,113,116,0,345,4,0,4,349
02/04/2004,OMA,NE,ACE,CE,Combined TRACON& Tower with Radar,117,118,83,2,320,0,3,14,0,17,117,121,97,2,337,20,2,22,359
02/05/2004,OMA,NE,ACE,CE,Combined TRACON& Tower with Radar,104,102,57,0,263,8,15,0,0,23,112,117,57,0,286,0,0,0,286
02/06/2004,OMA,NE,ACE,CE,Combined TRACON& Tower with Radar,113,111,60,4,288,0,25,0,0,25,113,136,60,4,313,10,6,16,329
02/07/2004,OMA,NE,ACE,CE,Combined TRACON& Tower with Radar,95,85,66,0,246,26,0,16,0,42,121,85,82,0,288,44,0,44,332
02/08/2004,OMA,NE,ACE,CE,Combined TRACON& Tower with Radar,71,70,42,0,183,20,6,0,0,26,91,76,42,0,209,12,0,12,221
02/09/2004,OMA,NE,ACE,CE,Combined TRACON& Tower with Radar,97,92,68,3,260,7,0,31,3,41,104,92,99,6,301,60,8,68,369
02/10/2004,OMA,NE,ACE,CE,Combined TRACON& Tower with Radar,118,137,97,2,354,0,2,63,0,65,118,139,160,2,419,84,0,84,503
02/11/2004,OMA,NE,ACE,CE,Combined TRACON& Tower with Radar,113,127,90,0,330,0,23,30,0,53,113,150,120,0,383,56,0,56,439
02/12/2004,OMA,NE,ACE,CE,Combined TRACON& Tower with Radar,116,132,95,4,347,0,0,56,1,57,116,132,151,5,404,54,8,62,466
02/13/2004,OMA,NE,ACE,CE,Combined TRACON& Tower with Radar,118,118,84,3,323,0,11,39,8,58,118,129,123,11,381,54,10,64,445
02/14/2004,OMA,NE,ACE,CE,Combined TRACON& Tower with Radar,76,73,46,0,195,27,10,0,0,37,103,83,46,0,232,52,0,52,284
02/15/2004,OMA,NE,ACE,CE,Combined TRACON& Tower with Radar,72,63,50,0,185,20,0,21,0,41,92,63,71,0,226,34,0,34,260
02/16/2004,OMA,NE,ACE,CE,Combined TRACON& Tower with Radar,101,99,71,0,271,0,3,34,0,37,101,102,105,0,308,54,0,54,362
02/17/2004,OMA,NE,ACE,CE,Combined TRACON& Tower with Radar,119,109,85,0,313,0,0,22,0,22,119,109,107,0,335,20,2,22,357
02/18/2004,OMA,NE,ACE,CE,Combined TRACON& Tower with Radar,124,123,94,1,342,0,0,82,0,82,124,123,176,1,424,66,4,70,494
02/19/2004,OMA,NE,ACE,CE,Combined TRACON& Tower with Radar,119,127,96,3,345,0,0,62,2,64,119,127,158,5,409,80,6,86,495
02/20/2004,OMA,NE,ACE,CE,Combined TRACON& Tower with Radar,109,114,82,1,306,0,25,21,0,46,109,139,103,1,352,68,0,68,420
02/21/2004,OMA,NE,ACE,CE,Combined TRACON& Tower with Radar,94,83,87,0,264,0,0,33,0,33,94,83,120,0,297,108,0,108,405
02/22/2004,OMA,NE,ACE,CE,Combined TRACON& Tower with Radar,71,68,49,0,188,20,3,20,0,43,91,71,69,0,231,30,0,30,261
02/23/2004,OMA,NE,ACE,CE,Combined TRACON& Tower with Radar,97,100,74,0,271,0,0,28,0,28,97,100,102,0,299,44,0,44,343
02/24/2004,OMA,NE,ACE,CE,Combined TRACON& Tower with Radar,91,88,63,0,242,25,45,31,0,101,116,133,94,0,343,22,0,22,365
02/25/2004,OMA,NE,ACE,CE,Combined TRACON& Tower with Radar,116,129,90,2,337,0,0,28,18,46,116,129,118,20,383,100,30,130,513
02/26/2004,OMA,NE,ACE,CE,Combined TRACON& Tower with Radar,110,127,89,2,328,0,0,60,8,68,110,127,149,10,396,82,6,88,484
02/27/2004,OMA,NE,ACE,CE,Combined TRACON& Tower with Radar,106,117,81,2,306,0,1,74,5,80,106,118,155,7,386,84,8,92,478
02/28/2004,OMA,NE,ACE,CE,Combined TRACON& Tower with Radar,83,81,57,0,221,10,2,15,0,27,93,83,72,0,248,30,0,30,278
02/29/2004,OMA,NE,ACE,CE,Combined TRACON& Tower with Radar,78,76,43,0,197,12,1,0,0,13,90,77,43,0,210,8,0,8,218
03/01/2004,OMA,NE,ACE,CE,Combined TRACON& Tower with Radar,100,92,69,2,263,0,0,16,0,16,100,92,85,2,279,6,2,8,287
03/02/2004,OMA,NE,ACE,CE,Combined TRACON& Tower with Radar,128,118,85,4,335,0,8,12,4,24,128,126,97,8,359,34,12,46,405
03/03/2004,OMA,NE,ACE,CE,Combined TRACON& Tower with Radar,121,122,90,5,338,0,0,10,3,13,121,122,100,8,351,16,12,28,379
03/04/2004,OMA,NE,ACE,CE,Combined TRACON& Tower with Radar,110,109,70,5,294,0,10,0,5,15,110,119,70,10,309,0,20,20,329
03/05/2004,OMA,NE,ACE,CE,Combined TRACON& Tower with Radar,117,108,78,1,304,0,1,39,0,40,117,109,117,1,344,140,4,144,488
03/06/2004,OMA,NE,ACE,CE,Combined TRACON& Tower with Radar,84,75,54,1,214,11,9,36,0,56,95,84,90,1,270,68,0,68,338
03/07/2004,OMA,NE,ACE,CE,Combined TRACON& Tower with Radar,79,71,51,3,204,15,7,0,1,23,94,78,51,4,227,6,2,8,235
03/08/2004,OMA,NE,ACE,CE,Combined TRACON& Tower with Radar,107,95,69,4,275,1,0,34,1,36,108,95,103,5,311,62,6,68,379
03/09/2004,OMA,NE,ACE,CE,Combined TRACON& Tower with Radar,125,129,94,4,352,0,0,67,9,76,125,129,161,13,428,153,2,155,583
03/10/2004,OMA,NE,ACE,CE,Combined TRACON& Tower with Radar,118,120,87,0,325,0,7,35,0,42,118,127,122,0,367,42,0,42,409
03/11/2004,OMA,NE,ACE,CE,Combined TRACON& Tower with Radar,121,110,79,0,310,0,15,20,0,35,121,125,99,0,345,34,0,34,379
03/12/2004,OMA,NE,ACE,CE,Combined TRACON& Tower with Radar,120,115,83,3,321,0,12,78,2,92,120,127,161,5,413,124,4,128,541
03/13/2004,OMA,NE,ACE,CE,Combined TRACON& Tower with Radar,87,78,56,1,222,7,17,5,0,29,94,95,61,1,251,16,2,18,269
03/14/2004,OMA,NE,ACE,CE,Combined TRACON& Tower with Radar,79,70,51,1,201,13,0,16,0,29,92,70,67,1,230,50,0,50,280
03/15/2004,OMA,NE,ACE,CE,Combined TRACON& Tower with Radar,93,84,60,2,239,5,7,2,0,14,98,91,62,2,253,14,0,14,267
03/16/2004,OMA,NE,ACE,CE,Combined TRACON& Tower with Radar,122,109,79,1,311,0,13,0,0,13,122,122,79,1,324,4,0,4,328
03/17/2004,OMA,NE,ACE,CE,Combined TRACON& Tower with Radar,121,119,87,4,331,0,7,43,5,55,121,126,130,9,386,14,6,20,406
03/18/2004,OMA,NE,ACE,CE,Combined TRACON& Tower with Radar,132,120,88,4,344,0,1,75,0,76,132,121,163,4,420,82,2,84,504
03/19/2004,OMA,NE,ACE,CE,Combined TRACON& Tower with Radar,127,106,82,4,319,4,0,65,3,72,131,106,147,7,391,62,0,62,453
03/20/2004,OMA,NE,ACE,CE,Combined TRACON& Tower with Radar,81,71,53,0,205,11,8,13,0,32,92,79,66,0,237,44,0,44,281
03/21/2004,OMA,NE,ACE,CE,Combined TRACON& Tower with Radar,85,61,55,2,203,13,0,52,3,68,98,61,107,5,271,60,2,62,333
03/22/2004,OMA,NE,ACE,CE,Combined TRACON& Tower with Radar,105,92,68,0,265,3,7,53,0,63,108,99,121,0,328,56,0,56,384
03/23/2004,OMA,NE,ACE,CE,Combined TRACON& Tower with Radar,122,121,90,1,334,0,1,66,0,67,122,122,156,1,401,86,0,86,487
03/24/2004,OMA,NE,ACE,CE,Combined TRACON& Tower with Radar,114,100,74,2,290,8,5,37,0,50,122,105,111,2,340,46,0,46,386
03/25/2004,OMA,NE,ACE,CE,Combined TRACON& Tower with Radar,121,97,79,4,301,2,0,14,0,16,123,97,93,4,317,14,6,20,337
03/26/2004,OMA,NE,ACE,CE,Combined TRACON& Tower with Radar,126,114,84,3,327,0,0,15,5,20,126,114,99,8,347,42,8,50,397
03/27/2004,OMA,NE,ACE,CE,Combined TRACON& Tower with Radar,77,67,21,0,165,28,15,0,0,43,105,82,21,0,208,14,0,14,222
03/28/2004,OMA,NE,ACE,CE,Combined TRACON& Tower with Radar,83,70,54,2,209,15,0,0,2,17,98,70,54,4,226,20,0,20,246
03/29/2004,OMA,NE,ACE,CE,Combined TRACON& Tower with Radar,109,95,71,0,275,3,11,46,0,60,112,106,117,0,335,70,0,70,405
03/30/2004,OMA,NE,ACE,CE,Combined TRACON& Tower with Radar,123,108,80,1,312,5,10,45,0,60,128,118,125,1,372,64,0,64,436
03/31/2004,OMA,NE,ACE,CE,Combined TRACON& Tower with Radar,128,109,90,4,331,0,0,81,3,84,128,109,171,7,415,66,2,68,483
04/01/2004,OMA,NE,ACE,CE,Combined TRACON& Tower with Radar,131,118,92,6,347,4,5,76,0,85,135,123,168,6,432,144,10,154,586
04/02/2004,OMA,NE,ACE,CE,Combined TRACON& Tower with Radar,117,111,93,5,326,0,0,70,9,79,117,111,163,14,405,110,16,126,531
04/03/2004,OMA,NE,ACE,CE,Combined TRACON& Tower with Radar,87,70,61,0,218,12,0,53,0,65,99,70,114,0,283,86,0,86,369
04/04/2004,OMA,NE,ACE,CE,Combined TRACON& Tower with Radar,76,59,54,3,192,21,0,58,0,79,97,59,112,3,271,66,0,66,337
04/05/2004,OMA,NE,ACE,CE,Combined TRACON& Tower with Radar,97,86,69,4,256,8,0,32,0,40,105,86,101,4,296,56,8,64,360
04/06/2004,OMA,NE,ACE,CE,Combined TRACON& Tower with Radar,116,105,82,4,307,0,5,66,0,71,116,110,148,4,378,72,6,78,456
04/07/2004,OMA,NE,ACE,CE,Combined TRACON& Tower with Radar,125,120,94,5,344,0,0,61,4,65,125,120,155,9,409,92,10,102,511
04/08/2004,OMA,NE,ACE,CE,Combined TRACON& Tower with Radar,113,116,90,1,320,0,24,44,0,68,113,140,134,1,388,64,0,64,452
04/09/2004,OMA,NE,ACE,CE,Combined TRACON& Tower with Radar,109,98,76,0,283,7,6,24,0,37,116,104,100,0,320,73,0,73,393
04/10/2004,OMA,NE,ACE,CE,Combined TRACON& Tower with Radar,77,69,54,0,200,23,15,6,0,44,100,84,60,0,244,50,0,50,294
04/11/2004,OMA,NE,ACE,CE,Combined TRACON& Tower with Radar,73,66,39,0,178,21,4,0,0,25,94,70,39,0,203,24,0,24,227
04/12/2004,OMA,NE,ACE,CE,Combined TRACON& Tower with Radar,107,96,75,0,278,3,2,53,0,58,110,98,128,0,336,94,0,94,430
04/13/2004,OMA,NE,ACE,CE,Combined TRACON& Tower with Radar,121,109,91,4,325,0,0,75,5,80,121,109,166,9,405,70,2,72,477
04/14/2004,OMA,NE,ACE,CE,Combined TRACON& Tower with Radar,125,117,93,4,339,0,8,42,4,54,125,125,135,8,393,68,14,82,475
04/15/2004,OMA,NE,ACE,CE,Combined TRACON& Tower with Radar,124,120,96,3,343,0,7,37,0,44,124,127,133,3,387,102,4,106,493
04/16/2004,OMA,NE,ACE,CE,Combined TRACON& Tower with Radar,115,102,81,1,299,0,9,59,0,68,115,111,140,1,367,72,0,72,439
04/17/2004,OMA,NE,ACE,CE,Combined TRACON& Tower with Radar,89,78,63,0,230,12,3,24,0,39,101,81,87,0,269,48,0,48,317
04/18/2004,OMA,NE,ACE,CE,Combined TRACON& Tower with Radar,82,73,48,0,203,15,11,0,0,26,97,84,48,0,229,8,2,10,239
04/19/2004,OMA,NE,ACE,CE,Combined TRACON& Tower with Radar,104,95,76,0,275,0,4,36,0,40,104,99,112,0,315,88,0,88,403
04/20/2004,OMA,NE,ACE,CE,Combined TRACON& Tower with Radar,120,110,87,0,317,0,16,19,0,35,120,126,106,0,352,22,0,22,374
04/21/2004,OMA,NE,ACE,CE,Combined TRACON& Tower with Radar,126,116,93,1,336,0,3,59,0,62,126,119,152,1,398,118,0,118,516
04/22/2004,OMA,NE,ACE,CE,Combined TRACON& Tower with Radar,121,114,91,4,330,0,10,16,5,31,121,124,107,9,361,54,10,64,425
04/23/2004,OMA,NE,ACE,CE,Combined TRACON& Tower with Radar,124,117,93,5,339,0,7,53,4,64,124,124,146,9,403,90,12,102,505
04/24/2004,OMA,NE,ACE,CE,Combined TRACON& Tower with Radar,83,73,38,1,195,25,5,0,0,30,108,78,38,1,225,12,0,12,237
04/25/2004,OMA,NE,ACE,CE,Combined TRACON& Tower with Radar,86,76,61,0,223,5,0,35,0,40,91,76,96,0,263,60,0,60,323
04/26/2004,OMA,NE,ACE,CE,Combined TRACON& Tower with Radar,107,99,82,3,291,0,0,44,15,59,107,99,126,18,350,68,22,90,440
04/27/2004,OMA,NE,ACE,CE,Combined TRACON& Tower with Radar,136,121,97,4,358,0,4,60,6,70,136,125,157,10,428,32,16,48,476
04/28/2004,OMA,NE,ACE,CE,Combined TRACON& Tower with Radar,125,113,88,3,329,0,12,26,0,38,125,125,114,3,367,36,0,36,403
04/29/2004,OMA,NE,ACE,CE,Combined TRACON& Tower with Radar,124,118,92,4,338,0,8,35,8,51,124,126,127,12,389,54,12,66,455
04/30/2004,OMA,NE,ACE,CE,Combined TRACON& Tower with Radar,136,161,126,1,424,0,15,67,0,82,136,176,193,1,506,52,0,52,558
05/01/2004,OMA,NE,ACE,CE,Combined TRACON& Tower with Radar,106,111,86,5,308,0,17,63,2,82,106,128,149,7,390,66,0,66,456
05/02/2004,OMA,NE,ACE,CE,Combined TRACON& Tower with Radar,96,108,84,4,292,0,18,52,4,74,96,126,136,8,366,62,10,72,438
05/03/2004,OMA,NE,ACE,CE,Combined TRACON& Tower with Radar,112,105,81,4,302,0,8,22,8,38,112,113,103,12,340,16,10,26,366
05/04/2004,OMA,NE,ACE,CE,Combined TRACON& Tower with Radar,126,114,89,2,331,0,15,42,0,57,126,129,131,2,388,64,0,64,452
05/05/2004,OMA,NE,ACE,CE,Combined TRACON& Tower with Radar,128,120,97,5,350,0,0,43,5,48,128,120,140,10,398,60,6,66,464
05/06/2004,OMA,NE,ACE,CE,Combined TRACON& Tower with Radar,130,127,109,5,371,0,0,72,17,89,130,127,181,22,460,98,24,122,582
05/07/2004,OMA,NE,ACE,CE,Combined TRACON& Tower with Radar,122,114,89,4,329,0,7,45,1,53,122,121,134,5,382,40,4,44,426
05/08/2004,OMA,NE,ACE,CE,Combined TRACON& Tower with Radar,88,78,61,3,230,18,1,18,0,37,106,79,79,3,267,36,0,36,303
05/09/2004,OMA,NE,ACE,CE,Combined TRACON& Tower with Radar,83,74,56,2,215,17,11,0,3,31,100,85,56,5,246,24,0,24,270
05/10/2004,OMA,NE,ACE,CE,Combined TRACON& Tower with Radar,110,88,76,1,275,2,0,51,0,53,112,88,127,1,328,66,0,66,394
05/11/2004,OMA,NE,ACE,CE,Combined TRACON& Tower with Radar,118,105,83,0,306,3,12,10,0,25,121,117,93,0,331,12,0,12,343
05/12/2004,OMA,NE,ACE,CE,Combined TRACON& Tower with Radar,126,120,94,0,340,0,1,35,0,36,126,121,129,0,376,32,0,32,408
05/13/2004,OMA,NE,ACE,CE,Combined TRACON& Tower with Radar,124,116,91,0,331,0,1,24,0,25,124,117,115,0,356,28,0,28,384
05/14/2004,OMA,NE,ACE,CE,Combined TRACON& Tower with Radar,123,113,89,1,326,0,4,54,0,58,123,117,143,1,384,96,0,96,480
05/15/2004,OMA,NE,ACE,CE,Combined TRACON& Tower with Radar,92,80,64,0,236,17,3,20,0,40,109,83,84,0,276,38,0,38,314
05/16/2004,OMA,NE,ACE,CE,Combined TRACON& Tower with Radar,81,71,56,2,210,10,1,10,1,22,91,72,66,3,232,16,0,16,248
05/17/2004,OMA,NE,ACE,CE,Combined TRACON& Tower with Radar,101,88,70,0,259,11,7,26,0,44,112,95,96,0,303,64,0,64,367
05/18/2004,OMA,NE,ACE,CE,Combined TRACON& Tower with Radar,123,122,97,2,344,0,13,38,0,51,123,135,135,2,395,62,2,64,459
05/19/2004,OMA,NE,ACE,CE,Combined TRACON& Tower with Radar,132,116,90,2,340,0,3,0,0,3,132,119,90,2,343,8,0,8,351
05/20/2004,OMA,NE,ACE,CE,Combined TRACON& Tower with Radar,129,116,92,0,337,0,22,12,0,34,129,138,104,0,371,38,0,38,409
05/21/2004,OMA,NE,ACE,CE,Combined TRACON& Tower with Radar,119,102,87,2,310,0,0,40,0,40,119,102,127,2,350,42,2,44,394
05/22/2004,OMA,NE,ACE,CE,Combined TRACON& Tower with Radar,77,67,52,0,196,25,8,0,0,33,102,75,52,0,229,14,0,14,243
05/23/2004,OMA,NE,ACE,CE,Combined TRACON& Tower with Radar,79,68,53,0,200,23,0,0,0,23,102,68,53,0,223,30,0,30,253
05/24/2004,OMA,NE,ACE,CE,Combined TRACON& Tower with Radar,108,95,76,1,280,0,16,4,0,20,108,111,80,1,300,14,0,14,314
05/25/2004,OMA,NE,ACE,CE,Combined TRACON& Tower with Radar,135,123,98,4,360,0,17,40,2,59,135,140,138,6,419,52,0,52,471
05/26/2004,OMA,NE,ACE,CE,Combined TRACON& Tower with Radar,129,128,102,2,361,0,10,62,0,72,129,138,164,2,433,44,0,44,477
05/27/2004,OMA,NE,ACE,CE,Combined TRACON& Tower with Radar,128,119,97,4,348,0,0,48,10,58,128,119,145,14,406,54,22,76,482
05/28/2004,OMA,NE,ACE,CE,Combined TRACON& Tower with Radar,118,117,93,0,328,0,2,95,0,97,118,119,188,0,425,74,0,74,499
05/29/2004,OMA,NE,ACE,CE,Combined TRACON& Tower with Radar,77,67,52,0,196,24,7,2,0,33,101,74,54,0,229,38,0,38,267
05/30/2004,OMA,NE,ACE,CE,Combined TRACON& Tower with Radar,60,49,35,0,144,25,0,0,0,25,85,49,35,0,169,27,0,27,196
05/31/2004,OMA,NE,ACE,CE,Combined TRACON& Tower with Radar,72,59,49,0,180,27,0,35,0,62,99,59,84,0,242,32,0,32,274
06/01/2004,OMA,NE,ACE,CE,Combined TRACON& Tower with Radar,111,99,78,0,288,10,3,24,0,37,121,102,102,0,325,22,0,22,347
06/02/2004,OMA,NE,ACE,CE,Combined TRACON& Tower with Radar,122,114,90,0,326,0,7,42,0,49,122,121,132,0,375,74,0,74,449
06/03/2004,OMA,NE,ACE,CE,Combined TRACON& Tower with Radar,124,110,87,0,321,5,16,57,0,78,129,126,144,0,399,86,0,86,485
06/04/2004,OMA,NE,ACE,CE,Combined TRACON& Tower with Radar,113,101,79,0,293,5,10,48,0,63,118,111,127,0,356,62,0,62,418
06/05/2004,OMA,NE,ACE,CE,Combined TRACON& Tower with Radar,79,70,49,3,201,32,1,0,18,51,111,71,49,21,252,58,6,64,316
06/06/2004,OMA,NE,ACE,CE,Combined TRACON& Tower with Radar,83,71,58,3,215,20,0,8,0,28,103,71,66,3,243,32,0,32,275
06/07/2004,OMA,NE,ACE,CE,Combined TRACON& Tower with Radar,105,89,73,1,268,3,0,42,0,45,108,89,115,1,313,16,0,16,329
06/08/2004,OMA,NE,ACE,CE,Combined TRACON& Tower with Radar,120,111,86,6,323,0,30,11,7,48,120,141,97,13,371,36,17,53,424
06/09/2004,OMA,NE,ACE,CE,Combined TRACON& Tower with Radar,125,114,88,1,328,0,13,34,0,47,125,127,122,1,375,88,0,88,463
06/10/2004,OMA,NE,ACE,CE,Combined TRACON& Tower with Radar,129,119,92,6,346,0,17,38,4,59,129,136,130,10,405,40,4,44,449
06/11/2004,OMA,NE,ACE,CE,Combined TRACON& Tower with Radar,123,116,90,5,334,0,12,33,0,45,123,128,123,5,379,54,20,74,453
06/12/2004,OMA,NE,ACE,CE,Combined TRACON& Tower with Radar,83,75,58,1,217,22,0,21,0,43,105,75,79,1,260,20,0,20,280
06/13/2004,OMA,NE,ACE,CE,Combined TRACON& Tower with Radar,93,65,65,4,227,9,0,69,1,79,102,65,134,5,306,84,0,84,390
06/14/2004,OMA,NE,ACE,CE,Combined TRACON& Tower with Radar,112,101,78,6,297,5,14,47,6,72,117,115,125,12,369,32,8,40,409
06/15/2004,OMA,NE,ACE,CE,Combined TRACON& Tower with Radar,120,112,86,5,323,0,16,19,7,42,120,128,105,12,365,56,34,90,455
06/16/2004,OMA,NE,ACE,CE,Combined TRACON& Tower with Radar,136,114,94,6,350,12,0,11,3,26,148,114,105,9,376,46,14,60,436
06/17/2004,OMA,NE,ACE,CE,Combined TRACON& Tower with Radar,130,129,100,7,366,0,6,70,10,86,130,135,170,17,452,90,28,118,570
06/18/2004,OMA,NE,ACE,CE,Combined TRACON& Tower with Radar,122,121,93,2,338,0,5,18,0,23,122,126,111,2,361,18,4,22,383
06/19/2004,OMA,NE,ACE,CE,Combined TRACON& Tower with Radar,100,80,69,5,254,5,0,34,2,41,105,80,103,7,295,46,0,46,341
06/20/2004,OMA,NE,ACE,CE,Combined TRACON& Tower with Radar,93,74,65,0,232,5,0,47,0,52,98,74,112,0,284,22,0,22,306
06/21/2004,OMA,NE,ACE,CE,Combined TRACON& Tower with Radar,105,92,84,5,286,0,0,67,0,67,105,92,151,5,353,46,4,50,403
06/22/2004,OMA,NE,ACE,CE,Combined TRACON& Tower with Radar,133,128,101,3,365,0,4,79,0,83,133,132,180,3,448,80,2,82,530
06/23/2004,OMA,NE,ACE,CE,Combined TRACON& Tower with Radar,126,119,94,5,344,0,10,52,0,62,126,129,146,5,406,36,2,38,444
06/24/2004,OMA,NE,ACE,CE,Combined TRACON& Tower with Radar,123,117,92,6,338,0,18,10,0,28,123,135,102,6,366,28,10,38,404
06/25/2004,OMA,NE,ACE,CE,Combined TRACON& Tower with Radar,117,110,87,5,319,0,11,46,13,70,117,121,133,18,389,102,26,128,517
06/26/2004,OMA,NE,ACE,CE,Combined TRACON& Tower with Radar,96,86,68,4,254,0,6,32,0,38,96,92,100,4,292,34,4,38,330
06/27/2004,OMA,NE,ACE,CE,Combined TRACON& Tower with Radar,98,73,68,4,243,2,0,52,8,62,100,73,120,12,305,56,30,86,391
06/28/2004,OMA,NE,ACE,CE,Combined TRACON& Tower with Radar,107,94,74,4,279,2,11,72,0,85,109,105,146,4,364,20,0,20,384
06/29/2004,OMA,NE,ACE,CE,Combined TRACON& Tower with Radar,126,114,90,6,336,0,11,25,8,44,126,125,115,14,380,44,16,60,440
06/30/2004,OMA,NE,ACE,CE,Combined TRACON& Tower with Radar,124,125,99,6,354,0,2,64,18,84,124,127,163,24,438,92,20,112,550
07/01/2004,OMA,NE,ACE,CE,Combined TRACON& Tower with Radar,121,122,93,5,341,0,20,20,4,44,121,142,113,9,385,22,6,28,413
07/02/2004,OMA,NE,ACE,CE,Combined TRACON& Tower with Radar,108,104,61,0,273,12,14,0,0,26,120,118,61,0,299,17,0,17,316
07/03/2004,OMA,NE,ACE,CE,Combined TRACON& Tower with Radar,82,80,48,0,210,19,3,0,0,22,101,83,48,0,232,12,0,12,244
07/04/2004,OMA,NE,ACE,CE,Combined TRACON& Tower with Radar,55,54,40,0,149,21,2,37,0,60,76,56,77,0,209,28,0,28,237
07/05/2004,OMA,NE,ACE,CE,Combined TRACON& Tower with Radar,81,79,60,0,220,17,4,6,0,27,98,83,66,0,247,56,0,56,303
07/06/2004,OMA,NE,ACE,CE,Combined TRACON& Tower with Radar,97,95,72,0,264,6,11,20,0,37,103,106,92,0,301,44,0,44,345
07/07/2004,OMA,NE,ACE,CE,Combined TRACON& Tower with Radar,124,121,92,4,341,0,6,24,0,30,124,127,116,4,371,44,0,44,415
07/08/2004,OMA,NE,ACE,CE,Combined TRACON& Tower with Radar,122,122,104,0,348,0,0,47,0,47,122,122,151,0,395,26,0,26,421
07/09/2004,OMA,NE,ACE,CE,Combined TRACON& Tower with Radar,120,123,93,5,341,0,1,26,14,41,120,124,119,19,382,40,20,60,442
07/10/2004,OMA,NE,ACE,CE,Combined TRACON& Tower with Radar,85,78,63,0,226,17,0,17,0,34,102,78,80,0,260,40,0,40,300
07/11/2004,OMA,NE,ACE,CE,Combined TRACON& Tower with Radar,95,85,70,4,254,6,0,24,6,36,101,85,94,10,290,26,42,68,358
07/12/2004,OMA,NE,ACE,CE,Combined TRACON& Tower with Radar,105,106,80,4,295,0,8,52,4,64,105,114,132,8,359,52,16,68,427
07/13/2004,OMA,NE,ACE,CE,Combined TRACON& Tower with Radar,133,130,99,2,364,0,6,43,0,49,133,136,142,2,413,44,0,44,457
07/14/2004,OMA,NE,ACE,CE,Combined TRACON& Tower with Radar,118,115,87,0,320,1,12,33,0,46,119,127,120,0,366,44,0,44,410
07/15/2004,OMA,NE,ACE,CE,Combined TRACON& Tower with Radar,119,116,88,3,326,0,17,35,0,52,119,133,123,3,378,16,4,20,398
07/16/2004,OMA,NE,ACE,CE,Combined TRACON& Tower with Radar,125,118,94,3,340,0,0,61,0,61,125,118,155,3,401,38,0,38,439
07/17/2004,OMA,NE,ACE,CE,Combined TRACON& Tower with Radar,83,81,62,2,228,18,4,30,7,59,101,85,92,9,287,40,6,46,333
07/18/2004,OMA,NE,ACE,CE,Combined TRACON& Tower with Radar,89,77,65,2,233,8,0,71,3,82,97,77,136,5,315,14,0,14,329
07/19/2004,OMA,NE,ACE,CE,Combined TRACON& Tower with Radar,107,102,79,3,291,3,15,50,4,72,110,117,129,7,363,80,4,84,447
07/20/2004,OMA,NE,ACE,CE,Combined TRACON& Tower with Radar,127,122,93,1,343,4,10,25,0,39,131,132,118,1,382,24,0,24,406
07/21/2004,OMA,NE,ACE,CE,Combined TRACON& Tower with Radar,125,127,98,4,354,0,4,51,2,57,125,131,149,6,411,112,8,120,531
07/22/2004,OMA,NE,ACE,CE,Combined TRACON& Tower with Radar,130,124,96,0,350,0,21,18,0,39,130,145,114,0,389,22,0,22,411
07/23/2004,OMA,NE,ACE,CE,Combined TRACON& Tower with Radar,124,119,92,3,338,6,6,40,3,55,130,125,132,6,393,82,10,92,485
07/24/2004,OMA,NE,ACE,CE,Combined TRACON& Tower with Radar,88,84,64,0,236,14,6,8,0,28,102,90,72,0,264,26,0,26,290
07/25/2004,OMA,NE,ACE,CE,Combined TRACON& Tower with Radar,99,82,73,0,254,2,0,75,0,77,101,82,148,0,331,46,0,46,377
07/26/2004,OMA,NE,ACE,CE,Combined TRACON& Tower with Radar,111,107,87,3,308,0,0,78,0,78,111,107,165,3,386,61,2,63,449
07/27/2004,OMA,NE,ACE,CE,Combined TRACON& Tower with Radar,126,128,99,4,357,0,2,77,2,81,126,130,176,6,438,36,12,48,486
07/28/2004,OMA,NE,ACE,CE,Combined TRACON& Tower with Radar,126,132,102,4,364,0,4,36,0,40,126,136,138,4,404,46,6,52,456
07/29/2004,OMA,NE,ACE,CE,Combined TRACON& Tower with Radar,121,130,106,4,361,0,0,53,14,67,121,130,159,18,428,20,30,50,478
07/30/2004,OMA,NE,ACE,CE,Combined TRACON& Tower with Radar,81,77,60,0,218,33,43,59,0,135,114,120,119,0,353,56,4,60,413
07/31/2004,OMA,NE,ACE,CE,Combined TRACON& Tower with Radar,99,94,73,0,266,7,1,45,0,53,106,95,118,0,319,48,0,48,367
08/01/2004,OMA,NE,ACE,CE,Combined TRACON& Tower with Radar,89,79,60,0,228,7,0,29,0,36,96,79,89,0,264,4,0,4,268
08/02/2004,OMA,NE,ACE,CE,Combined TRACON& Tower with Radar,112,115,82,4,313,0,7,47,5,59,112,122,129,9,372,22,12,34,406
08/03/2004,OMA,NE,ACE,CE,Combined TRACON& Tower with Radar,130,124,88,4,346,0,16,13,3,32,130,140,101,7,378,18,6,24,402
08/04/2004,OMA,NE,ACE,CE,Combined TRACON& Tower with Radar,137,149,105,6,397,0,1,47,6,54,137,150,152,12,451,46,8,54,505
08/05/2004,OMA,NE,ACE,CE,Combined TRACON& Tower with Radar,127,134,94,0,355,0,23,69,0,92,127,157,163,0,447,36,0,36,483
08/06/2004,OMA,NE,ACE,CE,Combined TRACON& Tower with Radar,124,124,87,4,339,0,12,59,7,78,124,136,146,11,417,52,6,58,475
08/07/2004,OMA,NE,ACE,CE,Combined TRACON& Tower with Radar,91,85,60,3,239,13,7,30,5,55,104,92,90,8,294,24,0,24,318
08/08/2004,OMA,NE,ACE,CE,Combined TRACON& Tower with Radar,88,80,58,3,229,12,0,20,0,32,100,80,78,3,261,26,0,26,287
08/09/2004,OMA,NE,ACE,CE,Combined TRACON& Tower with Radar,108,101,71,4,284,4,0,37,0,41,112,101,108,4,325,44,2,46,371
08/10/2004,OMA,NE,ACE,CE,Combined TRACON& Tower with Radar,124,127,89,4,344,0,10,52,0,62,124,137,141,4,406,74,10,84,490
08/11/2004,OMA,NE,ACE,CE,Combined TRACON& Tower with Radar,128,127,89,2,346,0,13,46,0,59,128,140,135,2,405,30,0,30,435
08/12/2004,OMA,NE,ACE,CE,Combined TRACON& Tower with Radar,128,108,85,1,322,11,0,74,0,85,139,108,159,1,407,80,0,80,487
08/13/2004,OMA,NE,ACE,CE,Combined TRACON& Tower with Radar,130,122,86,2,340,0,2,46,0,48,130,124,132,2,388,29,0,29,417
08/14/2004,OMA,NE,ACE,CE,Combined TRACON& Tower with Radar,87,82,57,2,228,19,0,43,1,63,106,82,100,3,291,80,0,80,371
08/15/2004,OMA,NE,ACE,CE,Combined TRACON& Tower with Radar,91,76,60,0,227,13,0,32,0,45,104,76,92,0,272,14,0,14,286
08/16/2004,OMA,NE,ACE,CE,Combined TRACON& Tower with Radar,115,110,79,1,305,0,0,55,0,55,115,110,134,1,360,46,0,46,406
08/17/2004,OMA,NE,ACE,CE,Combined TRACON& Tower with Radar,135,139,99,4,377,0,11,52,9,72,135,150,151,13,449,42,10,52,501
08/18/2004,OMA,NE,ACE,CE,Combined TRACON& Tower with Radar,129,143,102,0,374,0,19,51,0,70,129,162,153,0,444,118,0,118,562
08/19/2004,OMA,NE,ACE,CE,Combined TRACON& Tower with Radar,131,141,101,4,377,0,31,50,6,87,131,172,151,10,464,122,0,122,586
08/20/2004,OMA,NE,ACE,CE,Combined TRACON& Tower with Radar,131,126,91,3,351,0,15,62,0,77,131,141,153,3,428,110,0,110,538
08/21/2004,OMA,NE,ACE,CE,Combined TRACON& Tower with Radar,86,80,57,2,225,18,10,17,3,48,104,90,74,5,273,58,0,58,331
08/22/2004,OMA,NE,ACE,CE,Combined TRACON& Tower with Radar,83,74,55,2,214,16,0,8,0,24,99,74,63,2,238,4,0,4,242
08/23/2004,OMA,NE,ACE,CE,Combined TRACON& Tower with Radar,107,98,71,3,279,6,5,19,1,31,113,103,90,4,310,14,0,14,324
08/24/2004,OMA,NE,ACE,CE,Combined TRACON& Tower with Radar,129,128,92,3,352,0,5,37,5,47,129,133,129,8,399,50,14,64,463
08/25/2004,OMA,NE,ACE,CE,Combined TRACON& Tower with Radar,129,124,89,2,344,0,13,20,0,33,129,137,109,2,377,58,0,58,435
08/26/2004,OMA,NE,ACE,CE,Combined TRACON& Tower with Radar,135,124,89,0,348,1,10,31,0,42,136,134,120,0,390,64,0,64,454
08/27/2004,OMA,NE,ACE,CE,Combined TRACON& Tower with Radar,124,114,82,3,323,9,18,39,4,70,133,132,121,7,393,50,10,60,453
08/28/2004,OMA,NE,ACE,CE,Combined TRACON& Tower with Radar,102,94,67,0,263,33,2,13,0,48,135,96,80,0,311,86,0,86,397
08/29/2004,OMA,NE,ACE,CE,Combined TRACON& Tower with Radar,86,69,57,2,214,17,0,51,1,69,103,69,108,3,283,40,0,40,323
08/30/2004,OMA,NE,ACE,CE,Combined TRACON& Tower with Radar,115,108,78,1,302,0,4,49,0,53,115,112,127,1,355,62,0,62,417
08/31/2004,OMA,NE,ACE,CE,Combined TRACON& Tower with Radar,129,126,90,0,345,0,9,78,0,87,129,135,168,0,432,98,0,98,530
09/01/2004,OMA,NE,ACE,CE,Combined TRACON& Tower with Radar,126,126,95,3,350,0,19,49,0,68,126,145,144,3,418,72,4,76,494
09/02/2004,OMA,NE,ACE,CE,Combined TRACON& Tower with Radar,125,134,101,1,361,0,8,83,0,91,125,142,184,1,452,108,0,108,560
09/03/2004,OMA,NE,ACE,CE,Combined TRACON& Tower with Radar,126,122,94,4,346,0,0,77,0,77,126,122,171,4,423,74,0,74,497
09/04/2004,OMA,NE,ACE,CE,Combined TRACON& Tower with Radar,83,80,59,0,222,5,4,21,0,30,88,84,80,0,252,36,0,36,288
09/05/2004,OMA,NE,ACE,CE,Combined TRACON& Tower with Radar,52,50,22,0,124,23,1,0,0,24,75,51,22,0,148,2,0,2,150
09/06/2004,OMA,NE,ACE,CE,Combined TRACON& Tower with Radar,84,71,60,0,215,19,0,42,0,61,103,71,102,0,276,18,0,18,294
09/07/2004,OMA,NE,ACE,CE,Combined TRACON& Tower with Radar,113,109,81,2,305,6,5,45,0,56,119,114,126,2,361,66,6,72,433
09/08/2004,OMA,NE,ACE,CE,Combined TRACON& Tower with Radar,118,127,94,0,339,0,16,45,0,61,118,143,139,0,400,60,0,60,460
09/09/2004,OMA,NE,ACE,CE,Combined TRACON& Tower with Radar,124,127,94,4,349,0,12,54,1,67,124,139,148,5,416,42,0,42,458
09/10/2004,OMA,NE,ACE,CE,Combined TRACON& Tower with Radar,125,120,93,4,342,0,0,58,6,64,125,120,151,10,406,42,0,42,448
09/11/2004,OMA,NE,ACE,CE,Combined TRACON& Tower with Radar,85,83,61,3,232,16,12,18,1,47,101,95,79,4,279,60,10,70,349
09/12/2004,OMA,NE,ACE,CE,Combined TRACON& Tower with Radar,81,70,58,3,212,20,0,17,6,43,101,70,75,9,255,20,0,20,275
09/13/2004,OMA,NE,ACE,CE,Combined TRACON& Tower with Radar,107,99,76,1,283,10,0,24,0,34,117,99,100,1,317,42,0,42,359
09/14/2004,OMA,NE,ACE,CE,Combined TRACON& Tower with Radar,121,123,91,0,335,0,25,9,0,34,121,148,100,0,369,22,0,22,391
09/15/2004,OMA,NE,ACE,CE,Combined TRACON& Tower with Radar,134,140,104,3,381,0,6,35,10,51,134,146,139,13,432,20,18,38,470
09/16/2004,OMA,NE,ACE,CE,Combined TRACON& Tower with Radar,132,131,99,4,366,0,0,65,7,72,132,131,164,11,438,94,10,104,542
09/17/2004,OMA,NE,ACE,CE,Combined TRACON& Tower with Radar,127,130,99,4,360,0,0,73,3,76,127,130,172,7,436,114,6,120,556
09/18/2004,OMA,NE,ACE,CE,Combined TRACON& Tower with Radar,92,89,66,2,249,14,3,25,0,42,106,92,91,2,291,22,0,22,313
09/19/2004,OMA,NE,ACE,CE,Combined TRACON& Tower with Radar,84,80,60,2,226,13,0,22,0,35,97,80,82,2,261,6,2,8,269
09/20/2004,OMA,NE,ACE,CE,Combined TRACON& Tower with Radar,113,109,82,0,304,6,16,12,0,34,119,125,94,0,338,36,0,36,374
09/21/2004,OMA,NE,ACE,CE,Combined TRACON& Tower with Radar,122,129,97,0,348,0,24,3,0,27,122,153,100,0,375,14,0,14,389
09/22/2004,OMA,NE,ACE,CE,Combined TRACON& Tower with Radar,125,141,107,0,373,0,3,54,0,57,125,144,161,0,430,58,0,58,488
09/23/2004,OMA,NE,ACE,CE,Combined TRACON& Tower with Radar,135,134,101,3,373,0,3,37,0,40,135,137,138,3,413,42,4,46,459
09/24/2004,OMA,NE,ACE,CE,Combined TRACON& Tower with Radar,130,132,101,3,366,0,0,74,7,81,130,132,175,10,447,56,12,68,515
09/25/2004,OMA,NE,ACE,CE,Combined TRACON& Tower with Radar,92,87,65,1,245,13,8,48,0,69,105,95,113,1,314,80,6,86,400
09/26/2004,OMA,NE,ACE,CE,Combined TRACON& Tower with Radar,84,77,60,1,222,10,0,42,0,52,94,77,102,1,274,26,0,26,300
09/27/2004,OMA,NE,ACE,CE,Combined TRACON& Tower with Radar,103,98,74,2,277,6,7,29,0,42,109,105,103,2,319,38,0,38,357
09/28/2004,OMA,NE,ACE,CE,Combined TRACON& Tower with Radar,131,130,98,2,361,0,13,61,0,74,131,143,159,2,435,114,0,114,549
09/29/2004,OMA,NE,ACE,CE,Combined TRACON& Tower with Radar,121,126,95,0,342,0,8,67,0,75,121,134,162,0,417,98,0,98,515
09/30/2004,OMA,NE,ACE,CE,Combined TRACON& Tower with Radar,132,128,97,3,360,0,12,53,0,65,132,140,150,3,425,78,0,78,503
10/01/2004,OMA,NE,ACE,CE,Towers with Radar,127,133,83,3,346,0,10,24,4,38,127,143,107,7,384,12,0,12,396
10/02/2004,OMA,NE,ACE,CE,Towers with Radar,102,76,59,27,264,0,2,41,6,49,102,78,100,33,313,20,22,42,355
10/03/2004,OMA,NE,ACE,CE,Towers with Radar,98,76,65,10,249,0,5,61,6,72,98,81,126,16,321,56,8,64,385
10/04/2004,OMA,NE,ACE,CE,Towers with Radar,107,127,87,11,332,0,4,34,1,39,107,131,121,12,371,44,12,56,427
10/05/2004,OMA,NE,ACE,CE,Towers with Radar,135,127,112,4,378,0,7,48,4,59,135,134,160,8,437,60,12,72,509
10/06/2004,OMA,NE,ACE,CE,Towers with Radar,130,134,124,5,393,0,2,46,3,51,130,136,170,8,444,72,4,76,520
10/07/2004,OMA,NE,ACE,CE,Towers with Radar,124,142,102,11,379,0,2,7,0,9,124,144,109,11,388,28,14,42,430
10/08/2004,OMA,NE,ACE,CE,Towers with Radar,123,121,101,7,352,0,1,51,0,52,123,122,152,7,404,66,0,66,470
10/09/2004,OMA,NE,ACE,CE,Towers with Radar,96,90,56,3,245,0,2,44,0,46,96,92,100,3,291,76,0,76,367
10/10/2004,OMA,NE,ACE,CE,Towers with Radar,97,68,77,4,246,0,5,36,0,41,97,73,113,4,287,48,6,54,341
10/11/2004,OMA,NE,ACE,CE,Towers with Radar,111,112,88,4,315,0,8,32,0,40,111,120,120,4,355,48,2,50,405
10/12/2004,OMA,NE,ACE,CE,Towers with Radar,121,132,127,2,382,0,7,38,3,48,121,139,165,5,430,48,10,58,488
10/13/2004,OMA,NE,ACE,CE,Towers with Radar,133,126,87,4,350,0,8,15,0,23,133,134,102,4,373,16,6,22,395
10/14/2004,OMA,NE,ACE,CE,Towers with Radar,128,144,98,6,376,0,3,36,0,39,128,147,134,6,415,48,0,48,463
10/15/2004,OMA,NE,ACE,CE,Towers with Radar,122,126,112,3,363,0,0,27,3,30,122,126,139,6,393,4,4,8,401
10/16/2004,OMA,NE,ACE,CE,Towers with Radar,104,81,51,0,236,0,2,48,0,50,104,83,99,0,286,80,0,80,366
10/17/2004,OMA,NE,ACE,CE,Towers with Radar,95,61,55,4,215,0,4,31,1,36,95,65,86,5,251,22,0,22,273
10/18/2004,OMA,NE,ACE,CE,Towers with Radar,108,100,89,5,302,0,3,32,0,35,108,103,121,5,337,40,6,46,383
10/19/2004,OMA,NE,ACE,CE,Towers with Radar,125,134,142,2,403,0,4,21,1,26,125,138,163,3,429,38,2,40,469
10/20/2004,OMA,NE,ACE,CE,Towers with Radar,123,127,117,0,367,0,3,14,1,18,123,130,131,1,385,72,0,72,457
10/21/2004,OMA,NE,ACE,CE,Towers with Radar,126,132,79,4,341,0,0,0,0,0,126,132,79,4,341,2,4,6,347
10/22/2004,OMA,NE,ACE,CE,Towers with Radar,125,118,94,1,338,0,3,2,0,5,125,121,96,1,343,11,0,11,354
10/23/2004,OMA,NE,ACE,CE,Towers with Radar,106,80,46,0,232,0,1,33,0,34,106,81,79,0,266,44,0,44,310
10/24/2004,OMA,NE,ACE,CE,Towers with Radar,100,72,58,0,230,0,2,45,0,47,100,74,103,0,277,38,0,38,315
10/25/2004,OMA,NE,ACE,CE,Towers with Radar,111,106,107,8,332,0,6,28,0,34,111,112,135,8,366,60,4,64,430
10/26/2004,OMA,NE,ACE,CE,Towers with Radar,126,134,90,0,350,0,2,8,2,12,126,136,98,2,362,42,4,46,408
10/27/2004,OMA,NE,ACE,CE,Towers with Radar,135,127,131,7,400,0,1,1,0,2,135,128,132,7,402,22,12,34,436
10/28/2004,OMA,NE,ACE,CE,Towers with Radar,127,136,93,11,367,0,7,17,0,24,127,143,110,11,391,10,10,20,411
10/29/2004,OMA,NE,ACE,CE,Towers with Radar,128,135,88,4,355,0,2,18,0,20,128,137,106,4,375,4,4,8,383
10/30/2004,OMA,NE,ACE,CE,Towers with Radar,104,82,27,0,213,0,3,10,0,13,104,85,37,0,226,12,0,12,238
10/31/2004,OMA,NE,ACE,CE,Towers with Radar,105,73,90,0,268,0,0,0,0,0,105,73,90,0,268,20,0,20,288
11/01/2004,OMA,NE,ACE,CE,Towers with Radar,112,85,62,14,273,0,7,9,0,16,112,92,71,14,289,18,22,40,329
11/02/2004,OMA,NE,ACE,CE,Towers with Radar,134,128,92,9,363,1,10,38,1,50,135,138,130,10,413,44,4,48,461
11/03/2004,OMA,NE,ACE,CE,Towers with Radar,137,130,111,0,378,0,8,40,2,50,137,138,151,2,428,14,0,14,442
11/04/2004,OMA,NE,ACE,CE,Towers with Radar,139,125,81,0,345,0,6,23,0,29,139,131,104,0,374,24,0,24,398
11/05/2004,OMA,NE,ACE,CE,Towers with Radar,130,131,85,0,346,0,2,41,0,43,130,133,126,0,389,48,0,48,437
11/06/2004,OMA,NE,ACE,CE,Towers with Radar,113,84,44,1,242,0,2,46,0,48,113,86,90,1,290,38,0,38,328
11/07/2004,OMA,NE,ACE,CE,Towers with Radar,106,56,49,1,212,0,3,36,0,39,106,59,85,1,251,28,0,28,279
11/08/2004,OMA,NE,ACE,CE,Towers with Radar,121,94,78,0,293,0,7,37,0,44,121,101,115,0,337,78,0,78,415
11/09/2004,OMA,NE,ACE,CE,Towers with Radar,142,125,93,0,360,0,4,48,0,52,142,129,141,0,412,40,0,40,452
11/10/2004,OMA,NE,ACE,CE,Towers with Radar,144,133,100,0,377,0,8,28,0,36,144,141,128,0,413,38,0,38,451
11/11/2004,OMA,NE,ACE,CE,Towers with Radar,140,123,98,0,361,0,2,32,6,40,140,125,130,6,401,20,0,20,421
11/12/2004,OMA,NE,ACE,CE,Towers with Radar,134,116,100,0,350,0,4,50,0,54,134,120,150,0,404,24,0,24,428
11/13/2004,OMA,NE,ACE,CE,Towers with Radar,115,89,126,0,330,0,0,0,0,0,115,89,126,0,330,110,0,110,440
11/14/2004,OMA,NE,ACE,CE,Towers with Radar,105,68,66,0,239,0,1,48,0,49,105,69,114,0,288,36,0,36,324
11/15/2004,OMA,NE,ACE,CE,Towers with Radar,119,107,69,0,295,0,11,23,0,34,119,118,92,0,329,22,0,22,351
11/16/2004,OMA,NE,ACE,CE,Towers with Radar,133,130,104,0,367,0,6,14,0,20,133,136,118,0,387,40,0,40,427
11/17/2004,OMA,NE,ACE,CE,Towers with Radar,129,131,128,0,388,0,0,1,0,1,129,131,129,0,389,10,0,10,399
11/18/2004,OMA,NE,ACE,CE,Towers with Radar,135,144,96,0,375,0,1,1,0,2,135,145,97,0,377,24,0,24,401
11/19/2004,OMA,NE,ACE,CE,Towers with Radar,129,131,76,0,336,0,1,3,0,4,129,132,79,0,340,22,0,22,362
11/20/2004,OMA,NE,ACE,CE,Towers with Radar,110,78,44,1,233,0,0,48,5,53,110,78,92,6,286,53,4,57,343
11/21/2004,OMA,NE,ACE,CE,Towers with Radar,103,67,48,0,218,0,3,23,0,26,103,70,71,0,244,52,0,52,296
11/22/2004,OMA,NE,ACE,CE,Towers with Radar,117,100,89,0,306,0,7,33,0,40,117,107,122,0,346,78,0,78,424
11/23/2004,OMA,NE,ACE,CE,Towers with Radar,138,136,99,12,385,0,3,53,0,56,138,139,152,12,441,74,24,98,539
11/24/2004,OMA,NE,ACE,CE,Towers with Radar,133,120,86,2,341,0,7,41,0,48,133,127,127,2,389,58,0,58,447
11/25/2004,OMA,NE,ACE,CE,Towers with Radar,84,72,12,0,168,0,4,21,0,25,84,76,33,0,193,0,0,0,193
11/26/2004,OMA,NE,ACE,CE,Towers with Radar,92,93,32,0,217,0,5,70,0,75,92,98,102,0,292,96,0,96,388
11/27/2004,OMA,NE,ACE,CE,Towers with Radar,109,84,32,0,225,0,6,61,0,67,109,90,93,0,292,60,0,60,352
11/28/2004,OMA,NE,ACE,CE,Towers with Radar,108,69,48,0,225,0,1,11,0,12,108,70,59,0,237,26,0,26,263
11/29/2004,OMA,NE,ACE,CE,Towers with Radar,118,104,54,0,276,0,3,5,0,8,118,107,59,0,284,12,0,12,296
11/30/2004,OMA,NE,ACE,CE,Towers with Radar,141,140,79,0,360,0,3,50,0,53,141,143,129,0,413,66,0,66,479
12/01/2004,OMA,NE,ACE,CE,Towers with Radar,132,132,97,2,363,0,3,45,0,48,132,135,142,2,411,82,0,82,493
12/02/2004,OMA,NE,ACE,CE,Towers with Radar,144,137,99,0,380,0,7,46,0,53,144,144,145,0,433,74,0,74,507
12/03/2004,OMA,NE,ACE,CE,Towers with Radar,130,138,71,0,339,0,3,61,0,64,130,141,132,0,403,86,0,86,489
12/04/2004,OMA,NE,ACE,CE,Towers with Radar,117,73,53,0,243,0,1,67,2,70,117,74,120,2,313,76,0,76,389
12/05/2004,OMA,NE,ACE,CE,Towers with Radar,102,62,30,0,194,0,4,12,0,16,102,66,42,0,210,16,0,16,226
12/06/2004,OMA,NE,ACE,CE,Towers with Radar,117,108,66,2,293,0,0,1,0,1,117,108,67,2,294,6,0,6,300
12/07/2004,OMA,NE,ACE,CE,Towers with Radar,135,140,102,0,377,0,5,42,0,47,135,145,144,0,424,28,0,28,452
12/08/2004,OMA,NE,ACE,CE,Towers with Radar,132,121,90,0,343,0,6,47,0,53,132,127,137,0,396,46,0,46,442
12/09/2004,OMA,NE,ACE,CE,Towers with Radar,143,114,110,2,369,0,6,36,0,42,143,120,146,2,411,72,2,74,485
12/10/2004,OMA,NE,ACE,CE,Towers with Radar,144,131,88,5,368,0,13,16,0,29,144,144,104,5,397,8,8,16,413
12/11/2004,OMA,NE,ACE,CE,Towers with Radar,107,83,42,0,232,0,2,24,0,26,107,85,66,0,258,34,0,34,292
12/12/2004,OMA,NE,ACE,CE,Towers with Radar,102,72,28,3,205,0,6,7,1,14,102,78,35,4,219,0,8,8,227
12/13/2004,OMA,NE,ACE,CE,Towers with Radar,118,96,68,3,285,0,5,18,0,23,118,101,86,3,308,32,0,32,340
12/14/2004,OMA,NE,ACE,CE,Towers with Radar,140,129,87,1,357,0,6,33,1,40,140,135,120,2,397,106,0,106,503
12/15/2004,OMA,NE,ACE,CE,Towers with Radar,134,132,116,0,382,0,11,67,1,79,134,143,183,1,461,38,0,38,499
12/16/2004,OMA,NE,ACE,CE,Towers with Radar,124,124,107,0,355,0,9,36,0,45,124,133,143,0,400,16,0,16,416
12/17/2004,OMA,NE,ACE,CE,Towers with Radar,134,121,69,1,325,0,13,55,3,71,134,134,124,4,396,38,0,38,434
12/18/2004,OMA,NE,ACE,CE,Towers with Radar,108,83,52,2,245,0,3,54,0,57,108,86,106,2,302,74,0,74,376
12/19/2004,OMA,NE,ACE,CE,Towers with Radar,102,63,41,1,207,0,1,39,0,40,102,64,80,1,247,34,0,34,281
12/20/2004,OMA,NE,ACE,CE,Towers with Radar,116,118,74,4,312,0,6,25,0,31,116,124,99,4,343,50,0,50,393
12/21/2004,OMA,NE,ACE,CE,Towers with Radar,136,147,79,3,365,0,8,64,2,74,136,155,143,5,439,62,8,70,509
12/22/2004,OMA,NE,ACE,CE,Towers with Radar,133,144,68,10,355,0,3,63,0,66,133,147,131,10,421,81,16,97,518
12/23/2004,OMA,NE,ACE,CE,Towers with Radar,112,132,69,0,313,0,7,20,0,27,112,139,89,0,340,2,0,2,342
12/24/2004,OMA,NE,ACE,CE,Towers with Radar,122,109,36,0,267,0,6,15,0,21,122,115,51,0,288,16,0,16,304
12/25/2004,OMA,NE,ACE,CE,Towers with Radar,92,50,10,0,152,0,16,19,0,35,92,66,29,0,187,12,0,12,199
12/26/2004,OMA,NE,ACE,CE,Towers with Radar,110,56,49,0,215,0,2,23,0,25,110,58,72,0,240,160,0,160,400
12/27/2004,OMA,NE,ACE,CE,Towers with Radar,113,102,48,0,263,0,8,28,0,36,113,110,76,0,299,84,0,84,383
12/28/2004,OMA,NE,ACE,CE,Towers with Radar,142,132,85,0,359,0,8,43,1,52,142,140,128,1,411,60,0,60,471
12/29/2004,OMA,NE,ACE,CE,Towers with Radar,138,117,72,4,331,0,4,33,0,37,138,121,105,4,368,44,6,50,418
12/30/2004,OMA,NE,ACE,CE,Towers with Radar,135,133,52,2,322,0,9,30,0,39,135,142,82,2,361,34,2,36,397
12/31/2004,OMA,NE,ACE,CE,Towers with Radar,120,102,42,0,264,0,9,69,0,78,120,111,111,0,342,60,0,60,402
01/01/2005,OMA,NE,ACE,CE,Towers with Radar,86,68,12,0,166,0,1,0,0,1,86,69,12,0,167,0,6,6,173
01/02/2005,OMA,NE,ACE,CE,Towers with Radar,110,76,50,0,236,0,4,19,0,23,110,80,69,0,259,16,0,16,275
01/03/2005,OMA,NE,ACE,CE,Towers with Radar,119,92,49,1,261,0,2,2,0,4,119,94,51,1,265,4,0,4,269
01/04/2005,OMA,NE,ACE,CE,Towers with Radar,132,112,63,0,307,0,0,0,0,0,132,112,63,0,307,2,0,2,309
01/05/2005,OMA,NE,ACE,CE,Towers with Radar,123,91,31,2,247,0,0,1,0,1,123,91,32,2,248,2,0,2,250
01/06/2005,OMA,NE,ACE,CE,Towers with Radar,135,124,63,0,322,0,6,9,0,15,135,130,72,0,337,4,0,4,341
01/07/2005,OMA,NE,ACE,CE,Towers with Radar,129,128,64,1,322,0,3,0,0,3,129,131,64,1,325,2,0,2,327
01/08/2005,OMA,NE,ACE,CE,Towers with Radar,99,88,31,0,218,0,2,16,0,18,99,90,47,0,236,8,0,8,244
01/09/2005,OMA,NE,ACE,CE,Towers with Radar,106,69,35,0,210,0,0,0,0,0,106,69,35,0,210,6,0,6,216
01/10/2005,OMA,NE,ACE,CE,Towers with Radar,110,105,64,1,280,0,1,11,1,13,110,106,75,2,293,10,0,10,303
01/11/2005,OMA,NE,ACE,CE,Towers with Radar,140,117,63,1,321,0,1,0,0,1,140,118,63,1,322,8,0,8,330
01/12/2005,OMA,NE,ACE,CE,Towers with Radar,128,121,66,1,316,0,2,2,0,4,128,123,68,1,320,2,0,2,322
01/13/2005,OMA,NE,ACE,CE,Towers with Radar,133,129,86,0,348,0,3,25,0,28,133,132,111,0,376,14,0,14,390
01/14/2005,OMA,NE,ACE,CE,Towers with Radar,126,126,85,0,337,0,5,10,0,15,126,131,95,0,352,22,0,22,374
01/15/2005,OMA,NE,ACE,CE,Towers with Radar,99,86,28,0,213,0,4,28,1,33,99,90,56,1,246,34,0,34,280
01/16/2005,OMA,NE,ACE,CE,Towers with Radar,96,71,38,2,207,0,2,24,0,26,96,73,62,2,233,34,0,34,267
01/17/2005,OMA,NE,ACE,CE,Towers with Radar,124,105,55,2,286,0,7,32,0,39,124,112,87,2,325,54,0,54,379
01/18/2005,OMA,NE,ACE,CE,Towers with Radar,148,132,102,7,389,0,5,65,3,73,148,137,167,10,462,56,4,60,522
01/19/2005,OMA,NE,ACE,CE,Towers with Radar,137,130,83,2,352,0,3,47,0,50,137,133,130,2,402,115,0,115,517
01/20/2005,OMA,NE,ACE,CE,Towers with Radar,135,140,85,0,360,1,7,62,0,70,136,147,147,0,430,86,0,86,516
01/21/2005,OMA,NE,ACE,CE,Towers with Radar,118,135,62,0,315,0,0,0,0,0,118,135,62,0,315,0,0,0,315
01/22/2005,OMA,NE,ACE,CE,Towers with Radar,118,82,32,4,236,0,1,13,0,14,118,83,45,4,250,10,4,14,264
01/23/2005,OMA,NE,ACE,CE,Towers with Radar,97,60,41,3,201,0,2,18,0,20,97,62,59,3,221,32,4,36,257
01/24/2005,OMA,NE,ACE,CE,Towers with Radar,115,104,78,0,297,0,14,39,0,53,115,118,117,0,350,81,0,81,431
01/25/2005,OMA,NE,ACE,CE,Towers with Radar,141,139,105,8,393,0,5,62,2,69,141,144,167,10,462,70,10,80,542
01/26/2005,OMA,NE,ACE,CE,Towers with Radar,133,126,90,12,361,0,7,29,0,36,133,133,119,12,397,76,24,100,497
01/27/2005,OMA,NE,ACE,CE,Towers with Radar,139,140,92,3,374,0,4,16,0,20,139,144,108,3,394,36,4,40,434
01/28/2005,OMA,NE,ACE,CE,Towers with Radar,130,138,69,0,337,0,3,32,0,35,130,141,101,0,372,68,0,68,440
01/29/2005,OMA,NE,ACE,CE,Towers with Radar,113,91,38,0,242,0,1,18,0,19,113,92,56,0,261,24,0,24,285
01/30/2005,OMA,NE,ACE,CE,Towers with Radar,102,78,41,0,221,0,4,3,0,7,102,82,44,0,228,18,0,18,246
01/31/2005,OMA,NE,ACE,CE,Towers with Radar,122,120,51,0,293,0,0,0,6,6,122,120,51,6,299,2,6,8,307
02/01/2005,OMA,NE,ACE,CE,Towers with Radar,137,148,75,3,363,0,0,4,0,4,137,148,79,3,367,10,4,14,381
02/02/2005,OMA,NE,ACE,CE,Towers with Radar,133,133,101,8,375,0,4,48,0,52,133,137,149,8,427,59,10,69,496
02/03/2005,OMA,NE,ACE,CE,Towers with Radar,145,128,100,1,374,0,10,58,0,68,145,138,158,1,442,122,0,122,564
02/04/2005,OMA,NE,ACE,CE,Towers with Radar,129,124,63,3,319,0,1,56,7,64,129,125,119,10,383,48,2,50,433
02/05/2005,OMA,NE,ACE,CE,Towers with Radar,105,74,42,5,226,0,5,47,1,53,105,79,89,6,279,18,6,24,303
02/06/2005,OMA,NE,ACE,CE,Towers with Radar,107,76,20,0,203,0,0,0,0,0,107,76,20,0,203,0,0,0,203
02/07/2005,OMA,NE,ACE,CE,Towers with Radar,122,103,75,0,300,0,8,13,2,23,122,111,88,2,323,20,0,20,343
02/08/2005,OMA,NE,ACE,CE,Towers with Radar,135,135,91,5,366,0,1,14,1,16,135,136,105,6,382,6,8,14,396
02/09/2005,OMA,NE,ACE,CE,Towers with Radar,142,142,94,0,378,0,8,27,0,35,142,150,121,0,413,56,0,56,469
02/10/2005,OMA,NE,ACE,CE,Towers with Radar,131,145,117,7,400,0,12,44,0,56,131,157,161,7,456,82,2,84,540
02/11/2005,OMA,NE,ACE,CE,Towers with Radar,135,129,85,7,356,0,8,59,0,67,135,137,144,7,423,98,12,110,533
02/12/2005,OMA,NE,ACE,CE,Towers with Radar,107,96,53,0,256,0,2,39,0,41,107,98,92,0,297,44,0,44,341
02/13/2005,OMA,NE,ACE,CE,Towers with Radar,99,73,23,0,195,0,0,1,0,1,99,73,24,0,196,0,0,0,196
02/14/2005,OMA,NE,ACE,CE,Towers with Radar,135,114,53,0,302,0,15,37,0,52,135,129,90,0,354,46,0,46,400
02/15/2005,OMA,NE,ACE,CE,Towers with Radar,141,133,84,4,362,0,8,49,1,58,141,141,133,5,420,36,2,38,458
02/16/2005,OMA,NE,ACE,CE,Towers with Radar,141,131,112,4,388,0,10,57,6,73,141,141,169,10,461,96,10,106,567
02/17/2005,OMA,NE,ACE,CE,Towers with Radar,142,147,82,5,376,0,3,62,0,65,142,150,144,5,441,116,4,120,561
02/18/2005,OMA,NE,ACE,CE,Towers with Radar,134,134,91,4,363,0,10,63,0,73,134,144,154,4,436,112,6,118,554
02/19/2005,OMA,NE,ACE,CE,Towers with Radar,118,88,25,0,231,0,0,0,0,0,118,88,25,0,231,2,0,2,233
02/20/2005,OMA,NE,ACE,CE,Towers with Radar,103,71,29,0,203,0,0,0,0,0,103,71,29,0,203,8,0,8,211
02/21/2005,OMA,NE,ACE,CE,Towers with Radar,128,105,64,0,297,0,2,0,0,2,128,107,64,0,299,4,0,4,303
02/22/2005,OMA,NE,ACE,CE,Towers with Radar,136,121,106,0,363,0,3,51,0,54,136,124,157,0,417,72,0,72,489
02/23/2005,OMA,NE,ACE,CE,Towers with Radar,150,142,119,10,421,0,6,51,0,57,150,148,170,10,478,144,12,156,634
02/24/2005,OMA,NE,ACE,CE,Towers with Radar,146,121,107,10,384,0,9,28,0,37,146,130,135,10,421,66,6,72,493
02/25/2005,OMA,NE,ACE,CE,Towers with Radar,144,119,85,0,348,0,4,58,0,62,144,123,143,0,410,54,0,54,464
02/26/2005,OMA,NE,ACE,CE,Towers with Radar,114,75,53,0,242,0,1,71,2,74,114,76,124,2,316,90,0,90,406
02/27/2005,OMA,NE,ACE,CE,Towers with Radar,98,71,60,0,229,0,1,21,0,22,98,72,81,0,251,16,0,16,267
02/28/2005,OMA,NE,ACE,CE,Towers with Radar,127,86,55,0,268,0,13,19,0,32,127,99,74,0,300,20,0,20,320
03/01/2005,OMA,NE,ACE,CE,Towers with Radar,139,130,96,4,369,0,9,53,2,64,139,139,149,6,433,78,6,84,517
03/02/2005,OMA,NE,ACE,CE,Towers with Radar,155,146,100,0,401,0,9,74,4,87,155,155,174,4,488,68,6,74,562
03/03/2005,OMA,NE,ACE,CE,Towers with Radar,149,125,109,13,396,0,7,66,4,77,149,132,175,17,473,74,12,86,559
03/04/2005,OMA,NE,ACE,CE,Towers with Radar,150,106,89,1,346,0,10,59,0,69,150,116,148,1,415,44,0,44,459
03/05/2005,OMA,NE,ACE,CE,Towers with Radar,120,74,45,9,248,0,0,70,7,77,120,74,115,16,325,134,32,166,491
03/06/2005,OMA,NE,ACE,CE,Towers with Radar,106,63,40,5,214,0,0,10,0,10,106,63,50,5,224,4,0,4,228
03/07/2005,OMA,NE,ACE,CE,Towers with Radar,135,96,45,4,280,0,5,8,0,13,135,101,53,4,293,4,2,6,299
03/08/2005,OMA,NE,ACE,CE,Towers with Radar,147,123,101,3,374,0,7,35,0,42,147,130,136,3,416,56,0,56,472
03/09/2005,OMA,NE,ACE,CE,Towers with Radar,147,125,98,0,370,0,5,56,0,61,147,130,154,0,431,80,0,80,511
03/10/2005,OMA,NE,ACE,CE,Towers with Radar,144,126,86,1,357,0,1,10,0,11,144,127,96,1,368,12,0,12,380
03/11/2005,OMA,NE,ACE,CE,Towers with Radar,146,114,78,0,338,0,5,27,0,32,146,119,105,0,370,18,0,18,388
03/12/2005,OMA,NE,ACE,CE,Towers with Radar,123,77,31,0,231,0,6,37,0,43,123,83,68,0,274,42,0,42,316
03/13/2005,OMA,NE,ACE,CE,Towers with Radar,108,66,44,0,218,0,0,37,0,37,108,66,81,0,255,40,0,40,295
03/14/2005,OMA,NE,ACE,CE,Towers with Radar,125,95,70,0,290,0,0,30,0,30,125,95,100,0,320,40,0,40,360
03/15/2005,OMA,NE,ACE,CE,Towers with Radar,157,122,114,7,400,0,9,56,0,65,157,131,170,7,465,66,0,66,531
03/16/2005,OMA,NE,ACE,CE,Towers with Radar,147,122,86,7,362,0,8,48,3,59,147,130,134,10,421,28,12,40,461
03/17/2005,OMA,NE,ACE,CE,Towers with Radar,162,137,93,3,395,0,4,44,0,48,162,141,137,3,443,48,4,52,495
03/18/2005,OMA,NE,ACE,CE,Towers with Radar,152,119,81,2,354,0,8,36,2,46,152,127,117,4,400,44,0,44,444
03/19/2005,OMA,NE,ACE,CE,Towers with Radar,115,74,41,0,230,0,1,50,0,51,115,75,91,0,281,70,0,70,351
03/20/2005,OMA,NE,ACE,CE,Towers with Radar,109,56,63,2,230,0,5,41,0,46,109,61,104,2,276,46,0,46,322
03/21/2005,OMA,NE,ACE,CE,Towers with Radar,131,101,61,0,293,0,6,12,0,18,131,107,73,0,311,6,0,6,317
03/22/2005,OMA,NE,ACE,CE,Towers with Radar,151,117,82,0,350,0,4,31,0,35,151,121,113,0,385,20,0,20,405
03/23/2005,OMA,NE,ACE,CE,Towers with Radar,146,122,94,9,371,0,8,65,0,73,146,130,159,9,444,116,22,138,582
03/24/2005,OMA,NE,ACE,CE,Towers with Radar,150,124,90,2,366,0,3,3,3,9,150,127,93,5,375,0,0,0,375
03/25/2005,OMA,NE,ACE,CE,Towers with Radar,141,118,53,2,314,0,3,1,0,4,141,121,54,2,318,4,0,4,322
03/26/2005,OMA,NE,ACE,CE,Towers with Radar,120,74,55,0,249,0,8,40,0,48,120,82,95,0,297,112,0,112,409
03/27/2005,OMA,NE,ACE,CE,Towers with Radar,105,66,68,0,239,0,0,0,0,0,105,66,68,0,239,40,0,40,279
03/28/2005,OMA,NE,ACE,CE,Towers with Radar,125,94,93,3,315,0,10,45,0,55,125,104,138,3,370,50,0,50,420
03/29/2005,OMA,NE,ACE,CE,Towers with Radar,159,115,106,2,382,0,15,54,0,69,159,130,160,2,451,72,0,72,523
03/30/2005,OMA,NE,ACE,CE,Towers with Radar,142,130,84,0,356,0,9,12,0,21,142,139,96,0,377,16,4,20,397
03/31/2005,OMA,NE,ACE,CE,Towers with Radar,147,113,99,1,360,0,11,45,0,56,147,124,144,1,416,48,0,48,464
04/01/2005,OMA,NE,ACE,CE,Towers with Radar,141,114,86,0,341,0,6,93,0,99,141,120,179,0,440,132,0,132,572
04/02/2005,OMA,NE,ACE,CE,Towers with Radar,121,72,32,0,225,0,1,87,0,88,121,73,119,0,313,84,0,84,397
04/03/2005,OMA,NE,ACE,CE,Towers with Radar,121,65,52,0,238,0,4,40,0,44,121,69,92,0,282,36,0,36,318
04/04/2005,OMA,NE,ACE,CE,Towers with Radar,134,95,71,3,303,0,7,31,0,38,134,102,102,3,341,12,4,16,357
04/05/2005,OMA,NE,ACE,CE,Towers with Radar,149,110,98,3,360,0,5,23,0,28,149,115,121,3,388,30,2,32,420
04/06/2005,OMA,NE,ACE,CE,Towers with Radar,148,117,93,0,358,0,11,13,0,24,148,128,106,0,382,30,0,30,412
04/07/2005,OMA,NE,ACE,CE,Towers with Radar,154,103,121,2,380,0,19,39,0,58,154,122,160,2,438,95,0,95,533
04/08/2005,OMA,NE,ACE,CE,Towers with Radar,149,123,78,0,350,0,5,48,0,53,149,128,126,0,403,78,0,78,481
04/09/2005,OMA,NE,ACE,CE,Towers with Radar,118,84,37,0,239,0,2,31,0,33,118,86,68,0,272,14,6,20,292
04/10/2005,OMA,NE,ACE,CE,Towers with Radar,109,63,37,0,209,0,7,7,0,14,109,70,44,0,223,8,0,8,231
04/11/2005,OMA,NE,ACE,CE,Towers with Radar,139,94,71,1,305,0,5,8,0,13,139,99,79,1,318,18,0,18,336
04/12/2005,OMA,NE,ACE,CE,Towers with Radar,156,114,106,2,378,0,5,5,0,10,156,119,111,2,388,16,4,20,408
04/13/2005,OMA,NE,ACE,CE,Towers with Radar,159,121,117,0,397,0,3,36,6,45,159,124,153,6,442,88,10,98,540
04/14/2005,OMA,NE,ACE,CE,Towers with Radar,158,127,111,2,398,0,7,80,2,89,158,134,191,4,487,142,0,142,629
04/15/2005,OMA,NE,ACE,CE,Towers with Radar,151,113,111,0,375,0,9,72,0,81,151,122,183,0,456,54,0,54,510
04/16/2005,OMA,NE,ACE,CE,Towers with Radar,124,72,45,0,241,0,11,29,0,40,124,83,74,0,281,100,0,100,381
04/17/2005,OMA,NE,ACE,CE,Towers with Radar,120,58,71,0,249,0,6,40,0,46,120,64,111,0,295,62,0,62,357
04/18/2005,OMA,NE,ACE,CE,Towers with Radar,138,89,65,0,292,0,5,35,0,40,138,94,100,0,332,48,0,48,380
04/19/2005,OMA,NE,ACE,CE,Towers with Radar,159,109,102,0,370,0,0,0,0,0,159,109,102,0,370,40,0,40,410
04/20/2005,OMA,NE,ACE,CE,Towers with Radar,159,113,128,3,403,0,4,28,0,32,159,117,156,3,435,110,0,110,545
04/21/2005,OMA,NE,ACE,CE,Towers with Radar,151,126,112,2,391,0,3,3,0,6,151,129,115,2,397,22,2,24,421
04/22/2005,OMA,NE,ACE,CE,Towers with Radar,155,103,96,3,357,0,2,10,0,12,155,105,106,3,369,22,4,26,395
04/23/2005,OMA,NE,ACE,CE,Towers with Radar,123,67,49,13,252,0,2,42,5,49,123,69,91,18,301,46,18,64,365
04/24/2005,OMA,NE,ACE,CE,Towers with Radar,114,59,49,0,222,0,12,44,0,56,114,71,93,0,278,52,0,52,330
04/25/2005,OMA,NE,ACE,CE,Towers with Radar,135,92,79,0,306,3,10,18,0,31,138,102,97,0,337,30,0,30,367
04/26/2005,OMA,NE,ACE,CE,Towers with Radar,155,98,123,0,376,0,5,82,0,87,155,103,205,0,463,120,0,120,583
04/27/2005,OMA,NE,ACE,CE,Towers with Radar,148,103,127,0,378,0,9,50,1,60,148,112,177,1,438,106,0,106,544
04/28/2005,OMA,NE,ACE,CE,Towers with Radar,149,126,136,0,411,0,5,30,2,37,149,131,166,2,448,30,4,34,482
04/29/2005,OMA,NE,ACE,CE,Towers with Radar,162,174,164,1,501,0,14,47,0,61,162,188,211,1,562,28,0,28,590
04/30/2005,OMA,NE,ACE,CE,Towers with Radar,121,110,97,1,329,0,0,38,0,38,121,110,135,1,367,24,0,24,391
05/01/2005,OMA,NE,ACE,CE,Towers with Radar,129,101,83,0,313,0,8,20,0,28,129,109,103,0,341,6,0,6,347
05/02/2005,OMA,NE,ACE,CE,Towers with Radar,143,94,73,5,315,0,5,32,1,38,143,99,105,6,353,38,0,38,391
05/03/2005,OMA,NE,ACE,CE,Towers with Radar,161,101,93,2,357,0,6,66,2,74,161,107,159,4,431,96,2,98,529
05/04/2005,OMA,NE,ACE,CE,Towers with Radar,149,110,124,18,401,0,7,34,0,41,149,117,158,18,442,42,22,64,506
05/05/2005,OMA,NE,ACE,CE,Towers with Radar,163,98,105,2,368,0,5,38,0,43,163,103,143,2,411,32,0,32,443
05/06/2005,OMA,NE,ACE,CE,Towers with Radar,150,100,100,1,351,0,5,42,0,47,150,105,142,1,398,62,0,62,460
05/07/2005,OMA,NE,ACE,CE,Towers with Radar,128,68,36,0,232,0,14,41,0,55,128,82,77,0,287,16,0,16,303
05/08/2005,OMA,NE,ACE,CE,Towers with Radar,127,64,40,3,234,0,6,10,0,16,127,70,50,3,250,10,4,14,264
05/09/2005,OMA,NE,ACE,CE,Towers with Radar,135,93,81,0,309,1,15,35,0,51,136,108,116,0,360,34,0,34,394
05/10/2005,OMA,NE,ACE,CE,Towers with Radar,157,107,117,0,381,0,4,49,0,53,157,111,166,0,434,66,0,66,500
05/11/2005,OMA,NE,ACE,CE,Towers with Radar,160,112,90,0,362,0,5,5,0,10,160,117,95,0,372,6,0,6,378
05/12/2005,OMA,NE,ACE,CE,Towers with Radar,158,103,102,0,363,0,3,2,0,5,158,106,104,0,368,22,0,22,390
05/13/2005,OMA,NE,ACE,CE,Towers with Radar,159,94,109,2,364,0,3,42,0,45,159,97,151,2,409,64,0,64,473
05/14/2005,OMA,NE,ACE,CE,Towers with Radar,125,73,44,6,248,0,9,30,1,40,125,82,74,7,288,36,10,46,334
05/15/2005,OMA,NE,ACE,CE,Towers with Radar,127,58,47,0,232,0,3,39,0,42,127,61,86,0,274,60,0,60,334
05/16/2005,OMA,NE,ACE,CE,Towers with Radar,136,91,88,1,316,0,4,21,0,25,136,95,109,1,341,35,0,35,376
05/17/2005,OMA,NE,ACE,CE,Towers with Radar,158,100,100,6,364,3,9,21,0,33,161,109,121,6,397,24,0,24,421
05/18/2005,OMA,NE,ACE,CE,Towers with Radar,153,109,103,8,373,0,6,25,0,31,153,115,128,8,404,26,0,26,430
05/19/2005,OMA,NE,ACE,CE,Towers with Radar,158,110,107,2,377,0,5,42,4,51,158,115,149,6,428,36,0,36,464
05/20/2005,OMA,NE,ACE,CE,Towers with Radar,148,112,103,21,384,0,13,61,1,75,148,125,164,22,459,98,12,110,569
05/21/2005,OMA,NE,ACE,CE,Towers with Radar,134,68,41,14,257,0,8,42,0,50,134,76,83,14,307,36,4,40,347
05/22/2005,OMA,NE,ACE,CE,Towers with Radar,123,61,42,7,233,0,6,33,0,39,123,67,75,7,272,8,0,8,280
05/23/2005,OMA,NE,ACE,CE,Towers with Radar,142,92,70,4,308,0,11,37,0,48,142,103,107,4,356,66,0,66,422
05/24/2005,OMA,NE,ACE,CE,Towers with Radar,154,93,97,8,352,0,1,64,0,65,154,94,161,8,417,98,4,102,519
05/25/2005,OMA,NE,ACE,CE,Towers with Radar,154,110,91,3,358,0,3,24,4,31,154,113,115,7,389,64,8,72,461
05/26/2005,OMA,NE,ACE,CE,Towers with Radar,152,118,124,2,396,0,3,52,0,55,152,121,176,2,451,80,0,80,531
05/27/2005,OMA,NE,ACE,CE,Towers with Radar,149,112,90,0,351,0,5,44,0,49,149,117,134,0,400,76,0,76,476
05/28/2005,OMA,NE,ACE,CE,Towers with Radar,122,64,45,0,231,0,1,48,0,49,122,65,93,0,280,68,0,68,348
05/29/2005,OMA,NE,ACE,CE,Towers with Radar,111,40,17,0,168,0,2,12,0,14,111,42,29,0,182,16,0,16,198
05/30/2005,OMA,NE,ACE,CE,Towers with Radar,126,58,48,3,235,0,3,26,0,29,126,61,74,3,264,20,2,22,286
05/31/2005,OMA,NE,ACE,CE,Towers with Radar,150,85,76,2,313,0,2,29,0,31,150,87,105,2,344,30,0,30,374
06/01/2005,OMA,NE,ACE,CE,Towers with Radar,156,111,103,0,370,0,16,50,0,66,156,127,153,0,436,88,0,88,524
06/02/2005,OMA,NE,ACE,CE,Towers with Radar,161,110,101,0,372,0,4,50,1,55,161,114,151,1,427,54,0,54,481
06/03/2005,OMA,NE,ACE,CE,Towers with Radar,158,103,114,5,380,0,5,26,0,31,158,108,140,5,411,56,8,64,475
06/04/2005,OMA,NE,ACE,CE,Towers with Radar,134,58,44,1,237,0,2,14,0,16,134,60,58,1,253,22,0,22,275
06/05/2005,OMA,NE,ACE,CE,Towers with Radar,131,44,37,3,215,0,6,19,0,25,131,50,56,3,240,14,0,14,254
06/06/2005,OMA,NE,ACE,CE,Towers with Radar,147,66,64,2,279,0,8,62,0,70,147,74,126,2,349,58,0,58,407
06/07/2005,OMA,NE,ACE,CE,Towers with Radar,162,99,94,2,357,0,8,26,1,35,162,107,120,3,392,20,2,22,414
06/08/2005,OMA,NE,ACE,CE,Towers with Radar,171,92,81,1,345,0,3,34,4,41,171,95,115,5,386,38,6,44,430
06/09/2005,OMA,NE,ACE,CE,Towers with Radar,164,115,101,0,380,0,7,17,0,24,164,122,118,0,404,62,0,62,466
06/10/2005,OMA,NE,ACE,CE,Towers with Radar,153,102,101,2,358,0,1,29,0,30,153,103,130,2,388,90,0,90,478
06/11/2005,OMA,NE,ACE,CE,Towers with Radar,130,67,32,0,229,0,3,19,0,22,130,70,51,0,251,28,0,28,279
06/12/2005,OMA,NE,ACE,CE,Towers with Radar,130,71,55,8,264,0,6,19,0,25,130,77,74,8,289,20,0,20,309
06/13/2005,OMA,NE,ACE,CE,Towers with Radar,142,86,66,1,295,0,2,9,0,11,142,88,75,1,306,20,0,20,326
06/14/2005,OMA,NE,ACE,CE,Towers with Radar,161,115,85,9,370,0,5,34,2,41,161,120,119,11,411,38,6,44,455
06/15/2005,OMA,NE,ACE,CE,Towers with Radar,170,119,104,4,397,0,10,56,1,67,170,129,160,5,464,128,6,134,598
06/16/2005,OMA,NE,ACE,CE,Towers with Radar,156,120,93,6,375,0,3,38,1,42,156,123,131,7,417,46,6,52,469
06/17/2005,OMA,NE,ACE,CE,Towers with Radar,151,113,87,13,364,0,3,51,0,54,151,116,138,13,418,62,26,88,506
06/18/2005,OMA,NE,ACE,CE,Towers with Radar,136,70,63,3,272,0,6,52,1,59,136,76,115,4,331,16,6,22,353
06/19/2005,OMA,NE,ACE,CE,Towers with Radar,125,61,50,14,250,0,5,38,1,44,125,66,88,15,294,44,10,54,348
06/20/2005,OMA,NE,ACE,CE,Towers with Radar,141,84,90,9,324,1,6,30,0,37,142,90,120,9,361,46,24,70,431
06/21/2005,OMA,NE,ACE,CE,Towers with Radar,163,110,110,3,386,0,7,38,3,48,163,117,148,6,434,28,6,34,468
06/22/2005,OMA,NE,ACE,CE,Towers with Radar,154,130,118,4,406,0,0,55,0,55,154,130,173,4,461,38,0,38,499
06/23/2005,OMA,NE,ACE,CE,Towers with Radar,160,129,110,3,402,0,1,53,0,54,160,130,163,3,456,56,4,60,516
06/24/2005,OMA,NE,ACE,CE,Towers with Radar,160,132,99,1,392,0,6,39,0,45,160,138,138,1,437,60,0,60,497
06/25/2005,OMA,NE,ACE,CE,Towers with Radar,134,77,57,2,270,0,8,20,0,28,134,85,77,2,298,17,0,17,315
06/26/2005,OMA,NE,ACE,CE,Towers with Radar,124,64,65,2,255,0,7,28,0,35,124,71,93,2,290,4,2,6,296
06/27/2005,OMA,NE,ACE,CE,Towers with Radar,142,93,72,0,307,0,4,24,0,28,142,97,96,0,335,18,0,18,353
06/28/2005,OMA,NE,ACE,CE,Towers with Radar,149,125,81,2,357,0,6,20,0,26,149,131,101,2,383,24,0,24,407
06/29/2005,OMA,NE,ACE,CE,Towers with Radar,164,103,78,13,358,0,8,36,0,44,164,111,114,13,402,60,22,82,484
06/30/2005,OMA,NE,ACE,CE,Towers with Radar,161,114,96,0,371,0,7,68,0,75,161,121,164,0,446,90,0,90,536
07/01/2005,OMA,NE,ACE,CE,Towers with Radar,153,122,96,2,373,0,3,62,1,66,153,125,158,3,439,48,2,50,489
07/02/2005,OMA,NE,ACE,CE,Towers with Radar,134,75,50,0,259,0,7,45,2,54,134,82,95,2,313,54,2,56,369
07/03/2005,OMA,NE,ACE,CE,Towers with Radar,117,49,12,0,178,0,2,27,0,29,117,51,39,0,207,4,0,4,211
07/04/2005,OMA,NE,ACE,CE,Towers with Radar,127,53,21,1,202,0,3,31,0,34,127,56,52,1,236,12,0,12,248
07/05/2005,OMA,NE,ACE,CE,Towers with Radar,141,103,78,0,322,0,3,63,0,66,141,106,141,0,388,88,0,88,476
07/06/2005,OMA,NE,ACE,CE,Towers with Radar,154,110,105,5,374,0,2,72,7,81,154,112,177,12,455,60,20,80,535
07/07/2005,OMA,NE,ACE,CE,Towers with Radar,157,116,98,2,373,0,12,53,0,65,157,128,151,2,438,76,4,80,518
07/08/2005,OMA,NE,ACE,CE,Towers with Radar,152,97,83,11,343,0,6,50,0,56,152,103,133,11,399,30,16,46,445
07/09/2005,OMA,NE,ACE,CE,Towers with Radar,123,69,45,7,244,0,8,38,2,48,123,77,83,9,292,46,2,48,340
07/10/2005,OMA,NE,ACE,CE,Towers with Radar,120,72,49,5,246,0,2,30,9,41,120,74,79,14,287,16,14,30,317
07/11/2005,OMA,NE,ACE,CE,Towers with Radar,139,86,62,4,291,0,6,31,0,37,139,92,93,4,328,14,4,18,346
07/12/2005,OMA,NE,ACE,CE,Towers with Radar,156,115,84,12,367,0,8,42,0,50,156,123,126,12,417,42,16,58,475
07/13/2005,OMA,NE,ACE,CE,Towers with Radar,158,106,89,4,357,0,2,52,3,57,158,108,141,7,414,18,2,20,434
07/14/2005,OMA,NE,ACE,CE,Towers with Radar,153,112,97,11,373,0,4,41,0,45,153,116,138,11,418,27,10,37,455
07/15/2005,OMA,NE,ACE,CE,Towers with Radar,145,115,83,21,364,0,13,48,1,62,145,128,131,22,426,24,14,38,464
07/16/2005,OMA,NE,ACE,CE,Towers with Radar,138,70,54,8,270,0,1,26,0,27,138,71,80,8,297,69,18,87,384
07/17/2005,OMA,NE,ACE,CE,Towers with Radar,127,65,53,0,245,0,4,23,0,27,127,69,76,0,272,2,0,2,274
07/18/2005,OMA,NE,ACE,CE,Towers with Radar,135,87,71,7,300,0,6,40,1,47,135,93,111,8,347,36,8,44,391
07/19/2005,OMA,NE,ACE,CE,Towers with Radar,154,124,101,0,379,0,14,68,0,82,154,138,169,0,461,50,0,50,511
07/20/2005,OMA,NE,ACE,CE,Towers with Radar,160,127,74,3,364,0,5,38,0,43,160,132,112,3,407,10,2,12,419
07/21/2005,OMA,NE,ACE,CE,Towers with Radar,158,121,103,11,393,0,12,55,0,67,158,133,158,11,460,76,16,92,552
07/22/2005,OMA,NE,ACE,CE,Towers with Radar,160,118,106,0,384,0,4,48,0,52,160,122,154,0,436,50,0,50,486
07/23/2005,OMA,NE,ACE,CE,Towers with Radar,126,70,44,2,242,0,3,38,0,41,126,73,82,2,283,34,0,34,317
07/24/2005,OMA,NE,ACE,CE,Towers with Radar,126,70,42,0,238,0,0,21,0,21,126,70,63,0,259,6,0,6,265
07/25/2005,OMA,NE,ACE,CE,Towers with Radar,136,77,74,12,299,0,10,22,1,33,136,87,96,13,332,64,14,78,410
07/26/2005,OMA,NE,ACE,CE,Towers with Radar,155,110,114,1,380,0,4,16,0,20,155,114,130,1,400,54,0,54,454
07/27/2005,OMA,NE,ACE,CE,Towers with Radar,155,112,100,8,375,0,3,51,0,54,155,115,151,8,429,28,6,34,463
07/28/2005,OMA,NE,ACE,CE,Towers with Radar,152,112,124,0,388,0,11,44,2,57,152,123,168,2,445,64,4,68,513
07/29/2005,OMA,NE,ACE,CE,Towers with Radar,154,112,73,0,339,0,8,49,0,57,154,120,122,0,396,58,0,58,454
07/30/2005,OMA,NE,ACE,CE,Towers with Radar,132,67,45,1,245,0,4,28,0,32,132,71,73,1,277,50,6,56,333
07/31/2005,OMA,NE,ACE,CE,Towers with Radar,129,65,49,0,243,0,3,0,0,3,129,68,49,0,246,18,0,18,264
08/01/2005,OMA,NE,ACE,CE,Towers with Radar,134,82,67,9,292,0,4,30,0,34,134,86,97,9,326,22,10,32,358
08/02/2005,OMA,NE,ACE,CE,Towers with Radar,149,110,98,18,375,0,4,22,8,34,149,114,120,26,409,18,36,54,463
08/03/2005,OMA,NE,ACE,CE,Towers with Radar,153,121,87,2,363,0,5,57,0,62,153,126,144,2,425,40,10,50,475
08/04/2005,OMA,NE,ACE,CE,Towers with Radar,154,108,112,0,374,0,6,17,0,23,154,114,129,0,397,22,0,22,419
08/05/2005,OMA,NE,ACE,CE,Towers with Radar,152,108,96,0,356,0,1,39,0,40,152,109,135,0,396,46,0,46,442
08/06/2005,OMA,NE,ACE,CE,Towers with Radar,126,61,53,0,240,0,1,52,0,53,126,62,105,0,293,30,0,30,323
08/07/2005,OMA,NE,ACE,CE,Towers with Radar,123,67,45,2,237,0,6,52,0,58,123,73,97,2,295,28,0,28,323
08/08/2005,OMA,NE,ACE,CE,Towers with Radar,138,87,84,9,318,0,3,33,0,36,138,90,117,9,354,32,10,42,396
08/09/2005,OMA,NE,ACE,CE,Towers with Radar,148,120,112,4,384,0,12,29,1,42,148,132,141,5,426,12,0,12,438
08/10/2005,OMA,NE,ACE,CE,Towers with Radar,152,119,122,6,399,0,3,37,0,40,152,122,159,6,439,38,0,38,477
08/11/2005,OMA,NE,ACE,CE,Towers with Radar,148,121,106,24,399,0,9,26,1,36,148,130,132,25,435,14,6,20,455
08/12/2005,OMA,NE,ACE,CE,Towers with Radar,155,117,70,3,345,0,1,9,1,11,155,118,79,4,356,4,0,4,360
08/13/2005,OMA,NE,ACE,CE,Towers with Radar,126,79,36,0,241,0,0,17,0,17,126,79,53,0,258,26,0,26,284
08/14/2005,OMA,NE,ACE,CE,Towers with Radar,125,59,29,0,213,0,4,30,0,34,125,63,59,0,247,2,0,2,249
08/15/2005,OMA,NE,ACE,CE,Towers with Radar,133,91,64,4,292,0,4,53,0,57,133,95,117,4,349,28,2,30,379
08/16/2005,OMA,NE,ACE,CE,Towers with Radar,156,118,78,18,370,0,2,57,0,59,156,120,135,18,429,38,24,62,491
08/17/2005,OMA,NE,ACE,CE,Towers with Radar,152,115,83,0,350,0,5,24,0,29,152,120,107,0,379,22,0,22,401
08/18/2005,OMA,NE,ACE,CE,Towers with Radar,151,133,127,2,413,0,9,43,0,52,151,142,170,2,465,88,2,90,555
08/19/2005,OMA,NE,ACE,CE,Towers with Radar,161,137,74,7,379,0,10,48,0,58,161,147,122,7,437,84,2,86,523
08/20/2005,OMA,NE,ACE,CE,Towers with Radar,128,67,44,8,247,0,0,42,0,42,128,67,86,8,289,50,22,72,361
08/21/2005,OMA,NE,ACE,CE,Towers with Radar,125,63,59,1,248,0,2,24,0,26,125,65,83,1,274,18,0,18,292
08/22/2005,OMA,NE,ACE,CE,Towers with Radar,132,98,71,9,310,0,5,29,0,34,132,103,100,9,344,74,6,80,424
08/23/2005,OMA,NE,ACE,CE,Towers with Radar,148,121,105,3,377,0,4,26,9,39,148,125,131,12,416,20,16,36,452
08/24/2005,OMA,NE,ACE,CE,Towers with Radar,150,128,104,0,382,0,3,17,0,20,150,131,121,0,402,78,0,78,480
08/25/2005,OMA,NE,ACE,CE,Towers with Radar,147,127,99,3,376,0,5,18,4,27,147,132,117,7,403,24,4,28,431
08/26/2005,OMA,NE,ACE,CE,Towers with Radar,148,139,98,4,389,0,2,34,4,40,148,141,132,8,429,46,2,48,477
08/27/2005,OMA,NE,ACE,CE,Towers with Radar,133,67,44,6,250,0,8,39,0,47,133,75,83,6,297,30,4,34,331
08/28/2005,OMA,NE,ACE,CE,Towers with Radar,117,70,36,0,223,0,1,13,0,14,117,71,49,0,237,6,0,6,243
08/29/2005,OMA,NE,ACE,CE,Towers with Radar,124,96,87,6,313,0,8,36,1,45,124,104,123,7,358,20,2,22,380
08/30/2005,OMA,NE,ACE,CE,Towers with Radar,152,120,92,1,365,0,10,52,0,62,152,130,144,1,427,82,0,82,509
08/31/2005,OMA,NE,ACE,CE,Towers with Radar,155,142,123,4,424,0,9,65,0,74,155,151,188,4,498,76,2,78,576
09/01/2005,OMA,NE,ACE,CE,Towers with Radar,152,133,96,6,387,0,3,56,2,61,152,136,152,8,448,92,4,96,544
09/02/2005,OMA,NE,ACE,CE,Towers with Radar,150,124,112,0,386,0,3,56,0,59,150,127,168,0,445,66,0,66,511
09/03/2005,OMA,NE,ACE,CE,Towers with Radar,124,77,30,0,231,0,6,32,0,38,124,83,62,0,269,22,0,22,291
09/04/2005,OMA,NE,ACE,CE,Towers with Radar,97,50,16,0,163,0,1,18,0,19,97,51,34,0,182,8,0,8,190
09/05/2005,OMA,NE,ACE,CE,Towers with Radar,124,65,43,0,232,0,1,26,0,27,124,66,69,0,259,16,0,16,275
09/06/2005,OMA,NE,ACE,CE,Towers with Radar,134,113,92,3,342,0,4,46,0,50,134,117,138,3,392,68,0,68,460
09/07/2005,OMA,NE,ACE,CE,Towers with Radar,147,118,118,0,383,0,2,38,0,40,147,120,156,0,423,72,0,72,495
09/08/2005,OMA,NE,ACE,CE,Towers with Radar,146,127,104,0,377,0,10,53,1,64,146,137,157,1,441,34,6,40,481
09/09/2005,OMA,NE,ACE,CE,Towers with Radar,140,124,90,4,358,0,3,79,2,84,140,127,169,6,442,59,0,59,501
09/10/2005,OMA,NE,ACE,CE,Towers with Radar,125,78,47,1,251,0,3,33,2,38,125,81,80,3,289,4,0,4,293
09/11/2005,OMA,NE,ACE,CE,Towers with Radar,111,79,36,23,249,0,12,45,2,59,111,91,81,25,308,18,28,46,354
09/12/2005,OMA,NE,ACE,CE,Towers with Radar,122,106,71,1,300,0,5,31,2,38,122,111,102,3,338,14,2,16,354
09/13/2005,OMA,NE,ACE,CE,Towers with Radar,163,114,102,0,379,0,8,20,0,28,163,122,122,0,407,28,0,28,435
09/14/2005,OMA,NE,ACE,CE,Towers with Radar,148,126,91,3,368,0,2,48,9,59,148,128,139,12,427,58,18,76,503
09/15/2005,OMA,NE,ACE,CE,Towers with Radar,146,124,74,0,344,0,14,51,3,68,146,138,125,3,412,70,0,70,482
09/16/2005,OMA,NE,ACE,CE,Towers with Radar,154,118,100,0,372,0,5,49,0,54,154,123,149,0,426,66,0,66,492
09/17/2005,OMA,NE,ACE,CE,Towers with Radar,124,75,27,0,226,0,4,1,0,5,124,79,28,0,231,38,0,38,269
09/18/2005,OMA,NE,ACE,CE,Towers with Radar,109,67,60,4,240,0,9,15,0,24,109,76,75,4,264,14,4,18,282
09/19/2005,OMA,NE,ACE,CE,Towers with Radar,122,91,70,0,283,0,4,29,0,33,122,95,99,0,316,20,0,20,336
09/20/2005,OMA,NE,ACE,CE,Towers with Radar,144,111,98,6,359,0,4,48,0,52,144,115,146,6,411,38,4,42,453
09/21/2005,OMA,NE,ACE,CE,Towers with Radar,145,130,101,0,376,0,5,31,0,36,145,135,132,0,412,56,0,56,468
09/22/2005,OMA,NE,ACE,CE,Towers with Radar,140,119,110,12,381,0,14,37,1,52,140,133,147,13,433,34,0,34,467
09/23/2005,OMA,NE,ACE,CE,Towers with Radar,143,115,107,9,374,0,5,27,0,32,143,120,134,9,406,76,0,76,482
09/24/2005,OMA,NE,ACE,CE,Towers with Radar,115,71,47,0,233,0,2,14,0,16,115,73,61,0,249,12,0,12,261
09/25/2005,OMA,NE,ACE,CE,Towers with Radar,110,53,60,0,223,0,1,6,1,8,110,54,66,1,231,14,0,14,245
09/26/2005,OMA,NE,ACE,CE,Towers with Radar,127,98,90,0,315,0,4,36,0,40,127,102,126,0,355,48,0,48,403
09/27/2005,OMA,NE,ACE,CE,Towers with Radar,142,126,107,0,375,0,7,52,0,59,142,133,159,0,434,54,0,54,488
09/28/2005,OMA,NE,ACE,CE,Towers with Radar,145,126,82,0,353,0,12,20,0,32,145,138,102,0,385,38,0,38,423
09/29/2005,OMA,NE,ACE,CE,Towers with Radar,145,124,79,1,349,0,17,62,0,79,145,141,141,1,428,52,0,52,480
09/30/2005,OMA,NE,ACE,CE,Towers with Radar,139,127,102,0,368,0,4,55,0,59,139,131,157,0,427,52,0,52,479
10/01/2005,OMA,NE,ACE,CE,Towers with Radar,112,75,41,0,228,0,3,35,0,38,112,78,76,0,266,18,0,18,284
10/02/2005,OMA,NE,ACE,CE,Towers with Radar,111,75,48,1,235,0,5,16,0,21,111,80,64,1,256,0,0,0,256
10/03/2005,OMA,NE,ACE,CE,Towers with Radar,130,85,93,0,308,0,8,24,0,32,130,93,117,0,340,30,0,30,370
10/04/2005,OMA,NE,ACE,CE,Towers with Radar,152,106,88,4,350,0,9,21,1,31,152,115,109,5,381,6,4,10,391
10/05/2005,OMA,NE,ACE,CE,Towers with Radar,152,119,96,9,376,0,3,23,0,26,152,122,119,9,402,22,0,22,424
10/06/2005,OMA,NE,ACE,CE,Towers with Radar,148,118,94,23,383,0,1,26,0,27,148,119,120,23,410,36,16,52,462
10/07/2005,OMA,NE,ACE,CE,Towers with Radar,155,104,94,10,363,0,6,48,3,57,155,110,142,13,420,50,10,60,480
10/08/2005,OMA,NE,ACE,CE,Towers with Radar,123,66,33,0,222,0,10,45,0,55,123,76,78,0,277,26,0,26,303
10/09/2005,OMA,NE,ACE,CE,Towers with Radar,119,68,36,0,223,0,5,35,0,40,119,73,71,0,263,14,0,14,277
10/10/2005,OMA,NE,ACE,CE,Towers with Radar,125,106,69,3,303,0,6,35,0,41,125,112,104,3,344,28,0,28,372
10/11/2005,OMA,NE,ACE,CE,Towers with Radar,151,112,100,6,369,0,3,57,0,60,151,115,157,6,429,44,14,58,487
10/12/2005,OMA,NE,ACE,CE,Towers with Radar,145,128,94,12,379,0,4,14,0,18,145,132,108,12,397,26,26,52,449
10/13/2005,OMA,NE,ACE,CE,Towers with Radar,147,119,80,1,347,0,6,55,0,61,147,125,135,1,408,46,0,46,454
10/14/2005,OMA,NE,ACE,CE,Towers with Radar,153,123,80,0,356,0,8,68,0,76,153,131,148,0,432,56,0,56,488
10/15/2005,OMA,NE,ACE,CE,Towers with Radar,121,64,46,1,232,0,7,56,0,63,121,71,102,1,295,32,0,32,327
10/16/2005,OMA,NE,ACE,CE,Towers with Radar,118,67,40,0,225,0,2,26,0,28,118,69,66,0,253,24,0,24,277
10/17/2005,OMA,NE,ACE,CE,Towers with Radar,134,103,82,3,322,0,5,37,0,42,134,108,119,3,364,40,2,42,406
10/18/2005,OMA,NE,ACE,CE,Towers with Radar,156,132,112,7,407,0,3,42,2,47,156,135,154,9,454,46,10,56,510
10/19/2005,OMA,NE,ACE,CE,Towers with Radar,144,138,95,0,377,0,7,34,0,41,144,145,129,0,418,28,0,28,446
10/20/2005,OMA,NE,ACE,CE,Towers with Radar,145,119,111,4,379,0,1,33,0,34,145,120,144,4,413,42,6,48,461
10/21/2005,OMA,NE,ACE,CE,Towers with Radar,150,106,90,1,347,0,1,32,0,33,150,107,122,1,380,50,0,50,430
10/22/2005,OMA,NE,ACE,CE,Towers with Radar,126,75,55,0,256,0,3,19,0,22,126,78,74,0,278,16,0,16,294
10/23/2005,OMA,NE,ACE,CE,Towers with Radar,119,60,38,0,217,0,8,14,0,22,119,68,52,0,239,10,0,10,249
10/24/2005,OMA,NE,ACE,CE,Towers with Radar,129,95,90,0,314,0,9,27,0,36,129,104,117,0,350,32,0,32,382
10/25/2005,OMA,NE,ACE,CE,Towers with Radar,151,116,93,5,365,0,10,22,0,32,151,126,115,5,397,34,8,42,439
10/26/2005,OMA,NE,ACE,CE,Towers with Radar,156,106,108,0,370,0,2,48,0,50,156,108,156,0,420,74,0,74,494
10/27/2005,OMA,NE,ACE,CE,Towers with Radar,159,119,95,5,378,0,7,62,0,69,159,126,157,5,447,68,8,76,523
10/28/2005,OMA,NE,ACE,CE,Towers with Radar,146,118,62,5,331,0,1,55,0,56,146,119,117,5,387,56,6,62,449
10/29/2005,OMA,NE,ACE,CE,Towers with Radar,114,76,30,0,220,0,6,17,0,23,114,82,47,0,243,0,0,0,243
10/30/2005,OMA,NE,ACE,CE,Towers with Radar,111,64,52,0,227,0,0,21,0,21,111,64,73,0,248,28,0,28,276
10/31/2005,OMA,NE,ACE,CE,Towers with Radar,117,104,55,0,276,0,2,24,0,26,117,106,79,0,302,2,0,2,304
11/01/2005,OMA,NE,ACE,CE,Towers with Radar,142,126,91,0,359,0,2,34,0,36,142,128,125,0,395,23,0,23,418
11/02/2005,OMA,NE,ACE,CE,Towers with Radar,142,115,82,0,339,0,4,37,0,41,142,119,119,0,380,10,0,10,390
11/03/2005,OMA,NE,ACE,CE,Towers with Radar,142,115,86,0,343,0,1,42,0,43,142,116,128,0,386,44,0,44,430
11/04/2005,OMA,NE,ACE,CE,Towers with Radar,144,106,88,0,338,0,2,44,0,46,144,108,132,0,384,70,0,70,454
11/05/2005,OMA,NE,ACE,CE,Towers with Radar,109,73,27,1,210,0,2,36,1,39,109,75,63,2,249,16,4,20,269
11/06/2005,OMA,NE,ACE,CE,Towers with Radar,111,56,53,0,220,0,3,27,0,30,111,59,80,0,250,22,0,22,272
11/07/2005,OMA,NE,ACE,CE,Towers with Radar,130,94,76,0,300,0,3,22,0,25,130,97,98,0,325,44,0,44,369
11/08/2005,OMA,NE,ACE,CE,Towers with Radar,136,129,87,0,352,0,7,31,0,38,136,136,118,0,390,34,0,34,424
11/09/2005,OMA,NE,ACE,CE,Towers with Radar,134,131,93,0,358,0,8,39,0,47,134,139,132,0,405,26,0,26,431
11/10/2005,OMA,NE,ACE,CE,Towers with Radar,143,120,113,0,376,0,4,53,0,57,143,124,166,0,433,10,23,33,466
11/11/2005,OMA,NE,ACE,CE,Towers with Radar,133,110,76,0,319,0,2,42,0,44,133,112,118,0,363,36,0,36,399
11/12/2005,OMA,NE,ACE,CE,Towers with Radar,127,72,29,0,228,0,3,11,0,14,127,75,40,0,242,14,2,16,258
11/13/2005,OMA,NE,ACE,CE,Towers with Radar,111,50,40,2,203,0,1,13,0,14,111,51,53,2,217,16,0,16,233
11/14/2005,OMA,NE,ACE,CE,Towers with Radar,135,87,58,0,280,0,2,9,0,11,135,89,67,0,291,8,0,8,299
11/15/2005,OMA,NE,ACE,CE,Towers with Radar,137,115,63,0,315,0,0,0,0,0,137,115,63,0,315,2,0,2,317
11/16/2005,OMA,NE,ACE,CE,Towers with Radar,142,115,95,0,352,0,5,29,0,34,142,120,124,0,386,50,0,50,436
11/17/2005,OMA,NE,ACE,CE,Towers with Radar,148,121,88,0,357,0,1,21,1,23,148,122,109,1,380,16,0,16,396
11/18/2005,OMA,NE,ACE,CE,Towers with Radar,143,102,84,0,329,0,5,54,0,59,143,107,138,0,388,22,0,22,410
11/19/2005,OMA,NE,ACE,CE,Towers with Radar,117,70,21,6,214,0,1,12,0,13,117,71,33,6,227,20,0,20,247
11/20/2005,OMA,NE,ACE,CE,Towers with Radar,116,64,35,0,215,0,2,24,0,26,116,66,59,0,241,44,0,44,285
11/21/2005,OMA,NE,ACE,CE,Towers with Radar,125,90,68,0,283,0,4,22,0,26,125,94,90,0,309,8,0,8,317
11/22/2005,OMA,NE,ACE,CE,Towers with Radar,143,111,109,5,368,0,9,42,1,52,143,120,151,6,420,34,8,42,462
11/23/2005,OMA,NE,ACE,CE,Towers with Radar,143,127,56,5,331,0,6,34,10,50,143,133,90,15,381,20,26,46,427
11/24/2005,OMA,NE,ACE,CE,Towers with Radar,97,75,14,0,186,0,8,10,0,18,97,83,24,0,204,10,0,10,214
11/25/2005,OMA,NE,ACE,CE,Towers with Radar,99,87,36,0,222,0,3,49,0,52,99,90,85,0,274,34,0,34,308
11/26/2005,OMA,NE,ACE,CE,Towers with Radar,127,83,28,0,238,0,5,54,0,59,127,88,82,0,297,54,0,54,351
11/27/2005,OMA,NE,ACE,CE,Towers with Radar,115,84,45,0,244,0,3,1,0,4,115,87,46,0,248,2,0,2,250
11/28/2005,OMA,NE,ACE,CE,Towers with Radar,130,82,41,0,253,0,1,0,0,1,130,83,41,0,254,0,0,0,254
11/29/2005,OMA,NE,ACE,CE,Towers with Radar,140,117,81,0,338,0,1,16,0,17,140,118,97,0,355,4,0,4,359
11/30/2005,OMA,NE,ACE,CE,Towers with Radar,146,113,88,6,353,0,0,19,0,19,146,113,107,6,372,36,8,44,416
12/01/2005,OMA,NE,ACE,CE,Towers with Radar,133,139,85,2,359,0,3,20,0,23,133,142,105,2,382,14,10,24,406
12/02/2005,OMA,NE,ACE,CE,Towers with Radar,138,108,73,5,324,0,6,24,0,30,138,114,97,5,354,44,4,48,402
12/03/2005,OMA,NE,ACE,CE,Towers with Radar,117,72,20,0,209,0,4,1,0,5,117,76,21,0,214,0,0,0,214
12/04/2005,OMA,NE,ACE,CE,Towers with Radar,99,74,21,0,194,0,5,11,0,16,99,79,32,0,210,16,0,16,226
12/05/2005,OMA,NE,ACE,CE,Towers with Radar,114,121,88,0,323,0,8,11,0,19,114,129,99,0,342,36,0,36,378
12/06/2005,OMA,NE,ACE,CE,Towers with Radar,132,117,84,1,334,0,5,28,0,33,132,122,112,1,367,12,0,12,379
12/07/2005,OMA,NE,ACE,CE,Towers with Radar,125,115,71,0,311,0,3,9,0,12,125,118,80,0,323,12,0,12,335
12/08/2005,OMA,NE,ACE,CE,Towers with Radar,126,116,86,0,328,0,7,21,0,28,126,123,107,0,356,28,0,28,384
12/09/2005,OMA,NE,ACE,CE,Towers with Radar,132,129,81,7,349,0,6,44,1,51,132,135,125,8,400,76,18,94,494
12/10/2005,OMA,NE,ACE,CE,Towers with Radar,107,80,19,0,206,0,7,24,0,31,107,87,43,0,237,29,0,29,266
12/11/2005,OMA,NE,ACE,CE,Towers with Radar,104,71,33,4,212,0,0,20,2,22,104,71,53,6,234,34,4,38,272
12/12/2005,OMA,NE,ACE,CE,Towers with Radar,126,100,71,0,297,0,5,40,0,45,126,105,111,0,342,100,0,100,442
12/13/2005,OMA,NE,ACE,CE,Towers with Radar,127,127,71,0,325,0,3,20,0,23,127,130,91,0,348,24,0,24,372
12/14/2005,OMA,NE,ACE,CE,Towers with Radar,128,113,64,0,305,0,0,14,0,14,128,113,78,0,319,26,0,26,345
12/15/2005,OMA,NE,ACE,CE,Towers with Radar,119,137,80,0,336,0,2,7,0,9,119,139,87,0,345,10,0,10,355
12/16/2005,OMA,NE,ACE,CE,Towers with Radar,126,115,81,4,326,0,3,32,0,35,126,118,113,4,361,22,4,26,387
12/17/2005,OMA,NE,ACE,CE,Towers with Radar,115,93,47,2,257,0,2,44,0,46,115,95,91,2,303,34,0,34,337
12/18/2005,OMA,NE,ACE,CE,Towers with Radar,99,70,30,1,200,0,5,28,1,34,99,75,58,2,234,10,0,10,244
12/19/2005,OMA,NE,ACE,CE,Towers with Radar,111,121,62,11,305,0,13,39,3,55,111,134,101,14,360,46,10,56,416
12/20/2005,OMA,NE,ACE,CE,Towers with Radar,129,140,93,3,365,0,9,55,1,65,129,149,148,4,430,56,0,56,486
12/21/2005,OMA,NE,ACE,CE,Towers with Radar,136,147,86,2,371,0,9,47,0,56,136,156,133,2,427,50,0,50,477
12/22/2005,OMA,NE,ACE,CE,Towers with Radar,129,131,80,0,340,0,12,40,0,52,129,143,120,0,392,48,0,48,440
12/23/2005,OMA,NE,ACE,CE,Towers with Radar,131,148,50,4,333,0,4,41,0,45,131,152,91,4,378,34,6,40,418
12/24/2005,OMA,NE,ACE,CE,Towers with Radar,114,87,18,0,219,0,0,2,0,2,114,87,20,0,221,0,0,0,221
12/25/2005,OMA,NE,ACE,CE,Towers with Radar,87,67,8,0,162,0,5,0,0,5,87,72,8,0,167,0,0,0,167
12/26/2005,OMA,NE,ACE,CE,Towers with Radar,115,91,22,0,228,0,0,27,0,27,115,91,49,0,255,12,0,12,267
12/27/2005,OMA,NE,ACE,CE,Towers with Radar,115,115,43,0,273,0,1,1,0,2,115,116,44,0,275,14,0,14,289
12/28/2005,OMA,NE,ACE,CE,Towers with Radar,131,137,44,0,312,0,3,0,0,3,131,140,44,0,315,4,0,4,319
12/29/2005,OMA,NE,ACE,CE,Towers with Radar,136,125,53,0,314,0,0,0,0,0,136,125,53,0,314,0,0,0,314
12/30/2005,OMA,NE,ACE,CE,Towers with Radar,124,126,48,0,298,0,7,16,0,23,124,133,64,0,321,44,0,44,365
12/31/2005,OMA,NE,ACE,CE,Towers with Radar,117,72,22,0,211,0,3,30,0,33,117,75,52,0,244,24,0,24,268
01/01/2006,OMA,NE,ACE,CE,Towers with Radar,89,70,12,0,171,0,6,9,0,15,89,76,21,0,186,14,0,14,200
01/02/2006,OMA,NE,ACE,CE,Towers with Radar,100,85,45,0,230,0,0,0,0,0,100,85,45,0,230,0,0,0,230
01/03/2006,OMA,NE,ACE,CE,Towers with Radar,117,111,46,2,276,0,12,12,0,24,117,123,58,2,300,10,0,10,310
01/04/2006,OMA,NE,ACE,CE,Towers with Radar,131,123,61,0,315,0,15,61,0,76,131,138,122,0,391,52,0,52,443
01/05/2006,OMA,NE,ACE,CE,Towers with Radar,127,123,77,9,336,0,0,0,0,0,127,123,77,9,336,10,16,26,362
01/06/2006,OMA,NE,ACE,CE,Towers with Radar,134,133,70,2,339,0,8,48,0,56,134,141,118,2,395,38,2,40,435
01/07/2006,OMA,NE,ACE,CE,Towers with Radar,105,76,31,0,212,0,5,48,0,53,105,81,79,0,265,44,0,44,309
01/08/2006,OMA,NE,ACE,CE,Towers with Radar,103,65,21,0,189,0,1,6,0,7,103,66,27,0,196,6,0,6,202
01/09/2006,OMA,NE,ACE,CE,Towers with Radar,112,106,42,3,263,0,6,20,1,27,112,112,62,4,290,50,4,54,344
01/10/2006,OMA,NE,ACE,CE,Towers with Radar,127,116,81,0,324,0,8,35,0,43,127,124,116,0,367,38,0,38,405
01/11/2006,OMA,NE,ACE,CE,Towers with Radar,129,122,76,0,327,0,8,51,0,59,129,130,127,0,386,26,0,26,412
01/12/2006,OMA,NE,ACE,CE,Towers with Radar,131,116,77,1,325,0,10,40,0,50,131,126,117,1,375,32,0,32,407
01/13/2006,OMA,NE,ACE,CE,Towers with Radar,120,125,50,0,295,0,14,22,0,36,120,139,72,0,331,58,0,58,389
01/14/2006,OMA,NE,ACE,CE,Towers with Radar,104,81,30,14,229,0,5,59,2,66,104,86,89,16,295,48,16,64,359
01/15/2006,OMA,NE,ACE,CE,Towers with Radar,101,73,39,3,216,0,10,44,0,54,101,83,83,3,270,80,0,80,350
01/16/2006,OMA,NE,ACE,CE,Towers with Radar,116,91,67,0,274,0,2,1,0,3,116,93,68,0,277,0,0,0,277
01/17/2006,OMA,NE,ACE,CE,Towers with Radar,127,114,85,2,328,0,6,36,0,42,127,120,121,2,370,30,0,30,400
01/18/2006,OMA,NE,ACE,CE,Towers with Radar,132,124,81,0,337,0,7,62,0,69,132,131,143,0,406,42,0,42,448
01/19/2006,OMA,NE,ACE,CE,Towers with Radar,130,118,81,0,329,0,9,53,0,62,130,127,134,0,391,24,0,24,415
01/20/2006,OMA,NE,ACE,CE,Towers with Radar,130,120,94,2,346,0,9,7,0,16,130,129,101,2,362,0,0,0,362
01/21/2006,OMA,NE,ACE,CE,Towers with Radar,111,78,46,1,236,0,11,31,0,42,111,89,77,1,278,36,0,36,314
01/22/2006,OMA,NE,ACE,CE,Towers with Radar,95,63,35,0,193,0,0,0,0,0,95,63,35,0,193,0,0,0,193
01/23/2006,OMA,NE,ACE,CE,Towers with Radar,114,95,80,0,289,0,4,18,0,22,114,99,98,0,311,24,0,24,335
01/24/2006,OMA,NE,ACE,CE,Towers with Radar,122,124,69,0,315,0,9,27,0,36,122,133,96,0,351,0,0,0,351
01/25/2006,OMA,NE,ACE,CE,Towers with Radar,131,123,109,4,367,0,6,57,0,63,131,129,166,4,430,110,0,110,540
01/26/2006,OMA,NE,ACE,CE,Towers with Radar,125,132,80,6,343,0,6,25,1,32,125,138,105,7,375,26,6,32,407
01/27/2006,OMA,NE,ACE,CE,Towers with Radar,129,117,74,7,327,0,2,45,0,47,129,119,119,7,374,48,6,54,428
01/28/2006,OMA,NE,ACE,CE,Towers with Radar,111,72,40,0,223,0,0,3,0,3,111,72,43,0,226,0,0,0,226
01/29/2006,OMA,NE,ACE,CE,Towers with Radar,102,77,41,0,220,0,2,7,0,9,102,79,48,0,229,18,0,18,247
01/30/2006,OMA,NE,ACE,CE,Towers with Radar,113,93,72,4,282,0,9,12,0,21,113,102,84,4,303,36,8,44,347
01/31/2006,OMA,NE,ACE,CE,Towers with Radar,126,116,94,1,337,0,2,39,0,41,126,118,133,1,378,66,0,66,444
02/01/2006,OMA,NE,ACE,CE,Towers with Radar,131,121,94,2,348,0,6,51,0,57,131,127,145,2,405,48,0,48,453
02/02/2006,OMA,NE,ACE,CE,Towers with Radar,134,129,76,0,339,0,15,38,3,56,134,144,114,3,395,70,4,74,469
02/03/2006,OMA,NE,ACE,CE,Towers with Radar,122,123,80,4,329,0,11,33,0,44,122,134,113,4,373,52,6,58,431
02/04/2006,OMA,NE,ACE,CE,Towers with Radar,101,74,48,0,223,0,0,52,0,52,101,74,100,0,275,86,0,86,361
02/05/2006,OMA,NE,ACE,CE,Towers with Radar,98,78,13,0,189,0,9,23,0,32,98,87,36,0,221,44,0,44,265
02/06/2006,OMA,NE,ACE,CE,Towers with Radar,111,96,67,0,274,0,5,37,0,42,111,101,104,0,316,66,0,66,382
02/07/2006,OMA,NE,ACE,CE,Towers with Radar,124,121,77,0,322,0,13,40,0,53,124,134,117,0,375,2,30,32,407
02/08/2006,OMA,NE,ACE,CE,Towers with Radar,120,125,73,0,318,0,13,37,0,50,120,138,110,0,368,72,0,72,440
02/09/2006,OMA,NE,ACE,CE,Towers with Radar,119,121,85,0,325,0,14,10,0,24,119,135,95,0,349,14,0,14,363
02/10/2006,OMA,NE,ACE,CE,Towers with Radar,117,116,73,0,306,0,0,27,0,27,117,116,100,0,333,28,0,28,361
02/11/2006,OMA,NE,ACE,CE,Towers with Radar,102,84,24,0,210,0,6,7,0,13,102,90,31,0,223,16,0,16,239
02/12/2006,OMA,NE,ACE,CE,Towers with Radar,93,65,41,0,199,0,5,20,0,25,93,70,61,0,224,42,0,42,266
02/13/2006,OMA,NE,ACE,CE,Towers with Radar,108,100,73,7,288,0,8,38,0,46,108,108,111,7,334,12,6,18,352
02/14/2006,OMA,NE,ACE,CE,Towers with Radar,119,104,104,3,330,0,11,45,0,56,119,115,149,3,386,46,0,46,432
02/15/2006,OMA,NE,ACE,CE,Towers with Radar,115,123,99,4,341,0,8,14,2,24,115,131,113,6,365,60,2,62,427
02/16/2006,OMA,NE,ACE,CE,Towers with Radar,116,114,58,0,288,0,0,0,0,0,116,114,58,0,288,0,0,0,288
02/17/2006,OMA,NE,ACE,CE,Towers with Radar,113,122,61,1,297,0,6,23,0,29,113,128,84,1,326,32,0,32,358
02/18/2006,OMA,NE,ACE,CE,Towers with Radar,111,84,31,0,226,0,2,13,0,15,111,86,44,0,241,42,0,42,283
02/19/2006,OMA,NE,ACE,CE,Towers with Radar,101,66,40,2,209,0,2,10,0,12,101,68,50,2,221,46,0,46,267
02/20/2006,OMA,NE,ACE,CE,Towers with Radar,114,98,67,0,279,0,6,24,0,30,114,104,91,0,309,26,0,26,335
02/21/2006,OMA,NE,ACE,CE,Towers with Radar,124,133,98,0,355,0,4,38,0,42,124,137,136,0,397,64,0,64,461
02/22/2006,OMA,NE,ACE,CE,Towers with Radar,129,120,95,15,359,0,3,38,3,44,129,123,133,18,403,24,28,52,455
02/23/2006,OMA,NE,ACE,CE,Towers with Radar,126,112,103,0,341,0,1,46,2,49,126,113,149,2,390,38,0,38,428
02/24/2006,OMA,NE,ACE,CE,Towers with Radar,126,126,69,6,327,0,12,44,0,56,126,138,113,6,383,30,10,40,423
02/25/2006,OMA,NE,ACE,CE,Towers with Radar,100,68,61,3,232,0,2,46,1,49,100,70,107,4,281,34,4,38,319
02/26/2006,OMA,NE,ACE,CE,Towers with Radar,100,79,43,1,223,0,0,40,0,40,100,79,83,1,263,30,0,30,293
02/27/2006,OMA,NE,ACE,CE,Towers with Radar,106,106,78,0,290,0,10,46,0,56,106,116,124,0,346,30,0,30,376
02/28/2006,OMA,NE,ACE,CE,Towers with Radar,127,102,111,0,340,0,4,62,0,66,127,106,173,0,406,116,0,116,522
03/01/2006,OMA,NE,ACE,CE,Towers with Radar,129,120,95,0,344,0,7,21,0,28,129,127,116,0,372,14,0,14,386
03/02/2006,OMA,NE,ACE,CE,Towers with Radar,127,143,98,0,368,0,8,55,0,63,127,151,153,0,431,16,0,16,447
03/03/2006,OMA,NE,ACE,CE,Towers with Radar,125,126,77,0,328,0,8,50,0,58,125,134,127,0,386,42,0,42,428
03/04/2006,OMA,NE,ACE,CE,Towers with Radar,115,89,25,0,229,0,6,24,0,30,115,95,49,0,259,36,0,36,295
03/05/2006,OMA,NE,ACE,CE,Towers with Radar,92,74,32,0,198,0,0,20,0,20,92,74,52,0,218,24,0,24,242
03/06/2006,OMA,NE,ACE,CE,Towers with Radar,113,113,74,0,300,0,7,34,0,41,113,120,108,0,341,50,0,50,391
03/07/2006,OMA,NE,ACE,CE,Towers with Radar,123,109,81,4,317,0,12,30,0,42,123,121,111,4,359,25,0,25,384
03/08/2006,OMA,NE,ACE,CE,Towers with Radar,116,137,82,2,337,0,0,1,0,1,116,137,83,2,338,14,0,14,352
03/09/2006,OMA,NE,ACE,CE,Towers with Radar,124,136,124,7,391,0,6,53,0,59,124,142,177,7,450,116,8,124,574
03/10/2006,OMA,NE,ACE,CE,Towers with Radar,126,130,89,3,348,0,13,38,0,51,126,143,127,3,399,48,0,48,447
03/11/2006,OMA,NE,ACE,CE,Towers with Radar,120,78,44,0,242,0,2,55,0,57,120,80,99,0,299,24,0,24,323
03/12/2006,OMA,NE,ACE,CE,Towers with Radar,95,73,34,0,202,0,0,0,0,0,95,73,34,0,202,0,0,0,202
03/13/2006,OMA,NE,ACE,CE,Towers with Radar,129,99,64,1,293,0,3,7,0,10,129,102,71,1,303,0,0,0,303
03/14/2006,OMA,NE,ACE,CE,Towers with Radar,138,121,114,0,373,0,5,56,0,61,138,126,170,0,434,36,0,36,470
03/15/2006,OMA,NE,ACE,CE,Towers with Radar,130,119,96,0,345,0,12,42,0,54,130,131,138,0,399,22,0,22,421
03/16/2006,OMA,NE,ACE,CE,Towers with Radar,141,140,78,0,359,0,4,15,0,19,141,144,93,0,378,4,0,4,382
03/17/2006,OMA,NE,ACE,CE,Towers with Radar,126,117,95,2,340,0,5,65,0,70,126,122,160,2,410,40,0,40,450
03/18/2006,OMA,NE,ACE,CE,Towers with Radar,106,87,36,0,229,0,6,33,0,39,106,93,69,0,268,40,0,40,308
03/19/2006,OMA,NE,ACE,CE,Towers with Radar,99,68,25,0,192,0,2,2,0,4,99,70,27,0,196,0,0,0,196
03/20/2006,OMA,NE,ACE,CE,Towers with Radar,100,87,39,0,226,0,0,0,0,0,100,87,39,0,226,0,0,0,226
03/21/2006,OMA,NE,ACE,CE,Towers with Radar,118,121,69,0,308,0,3,0,0,3,118,124,69,0,311,0,0,0,311
03/22/2006,OMA,NE,ACE,CE,Towers with Radar,126,120,95,0,341,0,9,34,2,45,126,129,129,2,386,66,0,66,452
03/23/2006,OMA,NE,ACE,CE,Towers with Radar,130,116,93,0,339,0,7,50,0,57,130,123,143,0,396,72,0,72,468
03/24/2006,OMA,NE,ACE,CE,Towers with Radar,126,137,84,0,347,0,4,31,0,35,126,141,115,0,382,96,0,96,478
03/25/2006,OMA,NE,ACE,CE,Towers with Radar,107,83,54,0,244,0,1,85,0,86,107,84,139,0,330,156,0,156,486
03/26/2006,OMA,NE,ACE,CE,Towers with Radar,99,84,34,0,217,0,5,22,0,27,99,89,56,0,244,18,0,18,262
03/27/2006,OMA,NE,ACE,CE,Towers with Radar,109,115,66,0,290,0,1,1,0,2,109,116,67,0,292,8,0,8,300
03/28/2006,OMA,NE,ACE,CE,Towers with Radar,138,139,136,0,413,0,7,47,0,54,138,146,183,0,467,94,0,94,561
03/29/2006,OMA,NE,ACE,CE,Towers with Radar,133,117,84,0,334,0,4,44,0,48,133,121,128,0,382,68,0,68,450
03/30/2006,OMA,NE,ACE,CE,Towers with Radar,122,119,63,0,304,0,5,3,0,8,122,124,66,0,312,0,0,0,312
03/31/2006,OMA,NE,ACE,CE,Towers with Radar,123,118,78,6,325,0,7,26,7,40,123,125,104,13,365,54,10,64,429
04/01/2006,OMA,NE,ACE,CE,Towers with Radar,110,88,67,4,269,0,7,64,0,71,110,95,131,4,340,84,0,84,424
04/02/2006,OMA,NE,ACE,CE,Towers with Radar,106,72,25,0,203,0,0,0,0,0,106,72,25,0,203,0,0,0,203
04/03/2006,OMA,NE,ACE,CE,Towers with Radar,112,109,73,0,294,0,8,28,0,36,112,117,101,0,330,14,0,14,344
04/04/2006,OMA,NE,ACE,CE,Towers with Radar,126,125,107,0,358,0,2,56,0,58,126,127,163,0,416,60,0,60,476
04/05/2006,OMA,NE,ACE,CE,Towers with Radar,124,130,87,0,341,0,0,35,0,35,124,130,122,0,376,16,0,16,392
04/06/2006,OMA,NE,ACE,CE,Towers with Radar,117,126,100,0,343,0,5,33,0,38,117,131,133,0,381,32,0,32,413
04/07/2006,OMA,NE,ACE,CE,Towers with Radar,115,136,73,0,324,0,6,6,0,12,115,142,79,0,336,24,0,24,360
04/08/2006,OMA,NE,ACE,CE,Towers with Radar,103,111,48,0,262,0,13,55,0,68,103,124,103,0,330,92,0,92,422
04/09/2006,OMA,NE,ACE,CE,Towers with Radar,96,93,44,0,233,0,10,23,0,33,96,103,67,0,266,18,0,18,284
04/10/2006,OMA,NE,ACE,CE,Towers with Radar,109,117,48,2,276,0,2,27,0,29,109,119,75,2,305,14,2,16,321
04/11/2006,OMA,NE,ACE,CE,Towers with Radar,119,145,98,0,362,0,14,32,0,46,119,159,130,0,408,34,0,34,442
04/12/2006,OMA,NE,ACE,CE,Towers with Radar,135,140,106,2,383,0,12,74,1,87,135,152,180,3,470,76,2,78,548
04/13/2006,OMA,NE,ACE,CE,Towers with Radar,122,142,112,2,378,0,6,70,0,76,122,148,182,2,454,70,2,72,526
04/14/2006,OMA,NE,ACE,CE,Towers with Radar,125,130,142,6,403,0,0,0,0,0,125,130,142,6,403,90,0,90,493
04/15/2006,OMA,NE,ACE,CE,Towers with Radar,103,98,18,0,219,0,4,13,0,17,103,102,31,0,236,12,0,12,248
04/16/2006,OMA,NE,ACE,CE,Towers with Radar,92,76,24,0,192,0,3,2,0,5,92,79,26,0,197,2,0,2,199
04/17/2006,OMA,NE,ACE,CE,Towers with Radar,112,106,107,0,325,0,3,7,0,10,112,109,114,0,335,20,0,20,355
04/18/2006,OMA,NE,ACE,CE,Towers with Radar,119,124,90,0,333,0,3,7,0,10,119,127,97,0,343,52,0,52,395
04/19/2006,OMA,NE,ACE,CE,Towers with Radar,119,140,100,0,359,0,12,23,0,35,119,152,123,0,394,22,0,22,416
04/20/2006,OMA,NE,ACE,CE,Towers with Radar,117,141,94,0,352,0,10,35,0,45,117,151,129,0,397,22,0,22,419
04/21/2006,OMA,NE,ACE,CE,Towers with Radar,122,127,92,0,341,0,9,60,0,69,122,136,152,0,410,46,0,46,456
04/22/2006,OMA,NE,ACE,CE,Towers with Radar,104,94,51,0,249,0,9,57,0,66,104,103,108,0,315,82,0,82,397
04/23/2006,OMA,NE,ACE,CE,Towers with Radar,94,95,50,0,239,0,3,18,0,21,94,98,68,0,260,44,0,44,304
04/24/2006,OMA,NE,ACE,CE,Towers with Radar,105,113,70,3,291,0,6,17,0,23,105,119,87,3,314,28,2,30,344
04/25/2006,OMA,NE,ACE,CE,Towers with Radar,131,122,89,1,343,0,3,9,0,12,131,125,98,1,355,24,0,24,379
04/26/2006,OMA,NE,ACE,CE,Towers with Radar,133,129,115,0,377,0,11,49,3,63,133,140,164,3,440,32,0,32,472
04/27/2006,OMA,NE,ACE,CE,Towers with Radar,132,140,106,4,382,0,9,65,0,74,132,149,171,4,456,76,8,84,540
04/28/2006,OMA,NE,ACE,CE,Towers with Radar,122,126,69,0,317,0,4,5,0,9,122,130,74,0,326,14,0,14,340
04/29/2006,OMA,NE,ACE,CE,Towers with Radar,114,95,41,0,250,0,0,7,0,7,114,95,48,0,257,40,0,40,297
04/30/2006,OMA,NE,ACE,CE,Towers with Radar,90,91,36,2,219,0,0,0,0,0,90,91,36,2,219,0,0,0,219
05/01/2006,OMA,NE,ACE,CE,Towers with Radar,105,119,71,0,295,0,3,22,0,25,105,122,93,0,320,70,0,70,390
05/02/2006,OMA,NE,ACE,CE,Towers with Radar,125,121,89,3,338,0,9,42,0,51,125,130,131,3,389,42,0,42,431
05/03/2006,OMA,NE,ACE,CE,Towers with Radar,125,136,127,0,388,0,8,49,0,57,125,144,176,0,445,70,0,70,515
05/04/2006,OMA,NE,ACE,CE,Towers with Radar,116,150,135,2,403,0,7,44,0,51,116,157,179,2,454,40,0,40,494
05/05/2006,OMA,NE,ACE,CE,Towers with Radar,129,174,129,0,432,0,3,36,0,39,129,177,165,0,471,48,0,48,519
05/06/2006,OMA,NE,ACE,CE,Towers with Radar,109,118,109,0,336,0,5,41,0,46,109,123,150,0,382,46,0,46,428
05/07/2006,OMA,NE,ACE,CE,Towers with Radar,111,149,92,1,353,0,1,8,0,9,111,150,100,1,362,34,0,34,396
05/08/2006,OMA,NE,ACE,CE,Towers with Radar,103,122,89,6,320,0,4,24,4,32,103,126,113,10,352,46,8,54,406
05/09/2006,OMA,NE,ACE,CE,Towers with Radar,125,124,105,2,356,0,19,36,0,55,125,143,141,2,411,30,0,30,441
05/10/2006,OMA,NE,ACE,CE,Towers with Radar,123,143,100,0,366,0,4,48,0,52,123,147,148,0,418,46,0,46,464
05/11/2006,OMA,NE,ACE,CE,Towers with Radar,125,145,127,5,402,0,5,33,0,38,125,150,160,5,440,18,0,18,458
05/12/2006,OMA,NE,ACE,CE,Towers with Radar,118,119,78,5,320,0,13,46,1,60,118,132,124,6,380,36,0,36,416
05/13/2006,OMA,NE,ACE,CE,Towers with Radar,100,82,38,3,223,0,3,39,1,43,100,85,77,4,266,108,0,108,374
05/14/2006,OMA,NE,ACE,CE,Towers with Radar,94,92,31,2,219,0,0,12,0,12,94,92,43,2,231,28,0,28,259
05/15/2006,OMA,NE,ACE,CE,Towers with Radar,117,108,98,17,340,0,3,19,0,22,117,111,117,17,362,26,12,38,400
05/16/2006,OMA,NE,ACE,CE,Towers with Radar,118,119,108,5,350,0,1,32,0,33,118,120,140,5,383,58,0,58,441
05/17/2006,OMA,NE,ACE,CE,Towers with Radar,122,127,96,14,359,0,0,0,0,0,122,127,96,14,359,42,24,66,425
05/18/2006,OMA,NE,ACE,CE,Towers with Radar,121,131,104,0,356,0,4,52,0,56,121,135,156,0,412,72,0,72,484
05/19/2006,OMA,NE,ACE,CE,Towers with Radar,119,141,98,6,364,0,6,47,0,53,119,147,145,6,417,94,0,94,511
05/20/2006,OMA,NE,ACE,CE,Towers with Radar,103,93,46,0,242,0,3,46,1,50,103,96,92,1,292,50,2,52,344
05/21/2006,OMA,NE,ACE,CE,Towers with Radar,93,90,43,0,226,0,7,34,1,42,93,97,77,1,268,38,0,38,306
05/22/2006,OMA,NE,ACE,CE,Towers with Radar,111,127,102,5,345,0,9,40,0,49,111,136,142,5,394,30,0,30,424
05/23/2006,OMA,NE,ACE,CE,Towers with Radar,124,126,73,3,326,0,11,32,0,43,124,137,105,3,369,22,0,22,391
05/24/2006,OMA,NE,ACE,CE,Towers with Radar,137,139,95,1,372,0,6,50,0,56,137,145,145,1,428,50,0,50,478
05/25/2006,OMA,NE,ACE,CE,Towers with Radar,121,137,98,5,361,0,5,31,1,37,121,142,129,6,398,28,0,28,426
05/26/2006,OMA,NE,ACE,CE,Towers with Radar,135,136,84,5,360,3,22,27,0,52,138,158,111,5,412,74,0,74,486
05/27/2006,OMA,NE,ACE,CE,Towers with Radar,104,79,18,0,201,0,14,7,0,21,104,93,25,0,222,0,0,0,222
05/28/2006,OMA,NE,ACE,CE,Towers with Radar,90,70,27,0,187,0,5,17,0,22,90,75,44,0,209,10,0,10,219
05/29/2006,OMA,NE,ACE,CE,Towers with Radar,96,82,33,1,212,0,9,16,0,25,96,91,49,1,237,8,0,8,245
05/30/2006,OMA,NE,ACE,CE,Towers with Radar,108,117,74,7,306,0,7,36,0,43,108,124,110,7,349,24,0,24,373
05/31/2006,OMA,NE,ACE,CE,Towers with Radar,122,132,106,21,381,0,10,45,2,57,122,142,151,23,438,34,0,34,472
06/01/2006,OMA,NE,ACE,CE,Towers with Radar,129,141,106,7,383,0,9,47,2,58,129,150,153,9,441,80,0,80,521
06/02/2006,OMA,NE,ACE,CE,Towers with Radar,112,156,81,8,357,0,9,61,4,74,112,165,142,12,431,70,0,70,501
06/03/2006,OMA,NE,ACE,CE,Towers with Radar,103,89,31,4,227,0,9,22,1,32,103,98,53,5,259,14,6,20,279
06/04/2006,OMA,NE,ACE,CE,Towers with Radar,97,96,45,8,246,0,7,25,4,36,97,103,70,12,282,52,0,52,334
06/05/2006,OMA,NE,ACE,CE,Towers with Radar,104,120,50,5,279,0,2,16,0,18,104,122,66,5,297,6,0,6,303
06/06/2006,OMA,NE,ACE,CE,Towers with Radar,130,141,73,3,347,0,9,23,0,32,130,150,96,3,379,9,0,9,388
06/07/2006,OMA,NE,ACE,CE,Towers with Radar,126,119,59,7,311,0,17,18,0,35,126,136,77,7,346,18,2,20,366
06/08/2006,OMA,NE,ACE,CE,Towers with Radar,119,144,94,10,367,0,5,48,0,53,119,149,142,10,420,56,0,56,476
06/09/2006,OMA,NE,ACE,CE,Towers with Radar,123,138,70,20,351,0,9,40,0,49,123,147,110,20,400,36,0,36,436
06/10/2006,OMA,NE,ACE,CE,Towers with Radar,100,84,21,0,205,0,2,14,0,16,100,86,35,0,221,24,0,24,245
06/11/2006,OMA,NE,ACE,CE,Towers with Radar,103,96,44,2,245,0,2,8,0,10,103,98,52,2,255,14,0,14,269
06/12/2006,OMA,NE,ACE,CE,Towers with Radar,114,120,75,5,314,0,5,42,2,49,114,125,117,7,363,34,8,42,405
06/13/2006,OMA,NE,ACE,CE,Towers with Radar,124,133,91,13,361,0,4,45,1,50,124,137,136,14,411,30,8,38,449
06/14/2006,OMA,NE,ACE,CE,Towers with Radar,129,143,93,6,371,0,6,48,2,56,129,149,141,8,427,50,0,50,477
06/15/2006,OMA,NE,ACE,CE,Towers with Radar,121,141,90,6,358,0,2,30,0,32,121,143,120,6,390,4,0,4,394
06/16/2006,OMA,NE,ACE,CE,Towers with Radar,119,141,90,10,360,0,15,24,1,40,119,156,114,11,400,36,14,50,450
06/17/2006,OMA,NE,ACE,CE,Towers with Radar,108,92,44,0,244,0,10,36,0,46,108,102,80,0,290,18,0,18,308
06/18/2006,OMA,NE,ACE,CE,Towers with Radar,99,93,40,8,240,0,1,38,1,40,99,94,78,9,280,24,2,26,306
06/19/2006,OMA,NE,ACE,CE,Towers with Radar,105,122,68,5,300,0,9,43,0,52,105,131,111,5,352,26,0,26,378
06/20/2006,OMA,NE,ACE,CE,Towers with Radar,122,146,99,4,371,0,10,42,1,53,122,156,141,5,424,48,0,48,472
06/21/2006,OMA,NE,ACE,CE,Towers with Radar,129,133,96,15,373,0,7,62,0,69,129,140,158,15,442,108,4,112,554
06/22/2006,OMA,NE,ACE,CE,Towers with Radar,118,140,111,13,382,0,6,52,0,58,118,146,163,13,440,76,0,76,516
06/23/2006,OMA,NE,ACE,CE,Towers with Radar,122,149,101,1,373,0,9,76,0,85,122,158,177,1,458,102,0,102,560
06/24/2006,OMA,NE,ACE,CE,Towers with Radar,122,100,48,0,270,0,2,21,0,23,122,102,69,0,293,38,0,38,331
06/25/2006,OMA,NE,ACE,CE,Towers with Radar,100,84,58,2,244,0,0,18,0,18,100,84,76,2,262,6,0,6,268
06/26/2006,OMA,NE,ACE,CE,Towers with Radar,107,111,95,14,327,0,2,40,0,42,107,113,135,14,369,42,0,42,411
06/27/2006,OMA,NE,ACE,CE,Towers with Radar,130,136,106,10,382,0,1,36,0,37,130,137,142,10,419,68,18,86,505
06/28/2006,OMA,NE,ACE,CE,Towers with Radar,125,144,105,8,382,0,12,50,0,62,125,156,155,8,444,74,0,74,518
06/29/2006,OMA,NE,ACE,CE,Towers with Radar,127,139,131,11,408,0,10,36,0,46,127,149,167,11,454,26,14,40,494
06/30/2006,OMA,NE,ACE,CE,Towers with Radar,125,131,85,0,341,0,2,47,0,49,125,133,132,0,390,39,0,39,429
07/01/2006,OMA,NE,ACE,CE,Towers with Radar,104,97,40,3,244,0,3,27,0,30,104,100,67,3,274,10,0,10,284
07/02/2006,OMA,NE,ACE,CE,Towers with Radar,89,88,29,0,206,0,6,22,0,28,89,94,51,0,234,22,0,22,256
07/03/2006,OMA,NE,ACE,CE,Towers with Radar,101,101,24,0,226,0,0,23,0,23,101,101,47,0,249,30,0,30,279
07/04/2006,OMA,NE,ACE,CE,Towers with Radar,98,94,27,0,219,0,1,26,0,27,98,95,53,0,246,24,0,24,270
07/05/2006,OMA,NE,ACE,CE,Towers with Radar,110,119,79,9,317,0,2,52,0,54,110,121,131,9,371,44,0,44,415
07/06/2006,OMA,NE,ACE,CE,Towers with Radar,126,143,110,3,382,0,5,47,0,52,126,148,157,3,434,34,0,34,468
07/07/2006,OMA,NE,ACE,CE,Towers with Radar,124,133,81,5,343,0,2,64,0,66,124,135,145,5,409,78,0,78,487
07/08/2006,OMA,NE,ACE,CE,Towers with Radar,100,96,42,0,238,0,0,21,0,21,100,96,63,0,259,22,0,22,281
07/09/2006,OMA,NE,ACE,CE,Towers with Radar,101,95,50,3,249,0,7,33,0,40,101,102,83,3,289,20,0,20,309
07/10/2006,OMA,NE,ACE,CE,Towers with Radar,100,120,73,3,296,0,1,2,1,4,100,121,75,4,300,6,2,8,308
07/11/2006,OMA,NE,ACE,CE,Towers with Radar,111,147,101,1,360,1,11,26,0,38,112,158,127,1,398,60,0,60,458
07/12/2006,OMA,NE,ACE,CE,Towers with Radar,118,145,119,9,391,0,8,26,2,36,118,153,145,11,427,50,0,50,477
07/13/2006,OMA,NE,ACE,CE,Towers with Radar,127,151,89,10,377,0,4,40,0,44,127,155,129,10,421,58,8,66,487
07/14/2006,OMA,NE,ACE,CE,Towers with Radar,115,153,91,3,362,0,12,47,0,59,115,165,138,3,421,76,0,76,497
07/15/2006,OMA,NE,ACE,CE,Towers with Radar,102,80,42,5,229,0,4,28,0,32,102,84,70,5,261,18,20,38,299
07/16/2006,OMA,NE,ACE,CE,Towers with Radar,92,90,44,2,228,0,3,19,0,22,92,93,63,2,250,18,0,18,268
07/17/2006,OMA,NE,ACE,CE,Towers with Radar,102,113,65,1,281,0,2,25,0,27,102,115,90,1,308,20,0,20,328
07/18/2006,OMA,NE,ACE,CE,Towers with Radar,130,129,91,13,363,0,1,64,0,65,130,130,155,13,428,102,0,102,530
07/19/2006,OMA,NE,ACE,CE,Towers with Radar,120,144,82,7,353,0,7,45,1,53,120,151,127,8,406,22,2,24,430
07/20/2006,OMA,NE,ACE,CE,Towers with Radar,111,128,129,5,373,0,3,46,0,49,111,131,175,5,422,66,0,66,488
07/21/2006,OMA,NE,ACE,CE,Towers with Radar,128,133,102,12,375,0,7,39,0,46,128,140,141,12,421,70,32,102,523
07/22/2006,OMA,NE,ACE,CE,Towers with Radar,103,96,53,4,256,0,4,60,0,64,103,100,113,4,320,58,4,62,382
07/23/2006,OMA,NE,ACE,CE,Towers with Radar,95,103,45,2,245,0,8,30,0,38,95,111,75,2,283,16,2,18,301
07/24/2006,OMA,NE,ACE,CE,Towers with Radar,104,139,71,6,320,0,3,35,0,38,104,142,106,6,358,24,0,24,382
07/25/2006,OMA,NE,ACE,CE,Towers with Radar,125,153,98,7,383,0,5,26,0,31,125,158,124,7,414,50,2,52,466
07/26/2006,OMA,NE,ACE,CE,Towers with Radar,124,156,102,5,387,0,6,48,0,54,124,162,150,5,441,50,0,50,491
07/27/2006,OMA,NE,ACE,CE,Towers with Radar,115,144,105,5,369,0,6,43,0,49,115,150,148,5,418,32,0,32,450
07/28/2006,OMA,NE,ACE,CE,Towers with Radar,121,142,91,17,371,0,2,46,4,52,121,144,137,21,423,16,14,30,453
07/29/2006,OMA,NE,ACE,CE,Towers with Radar,107,93,38,6,244,0,1,33,0,34,107,94,71,6,278,20,8,28,306
07/30/2006,OMA,NE,ACE,CE,Towers with Radar,98,90,26,4,218,0,0,14,0,14,98,90,40,4,232,2,0,2,234
07/31/2006,OMA,NE,ACE,CE,Towers with Radar,108,114,83,9,314,0,2,45,8,55,108,116,128,17,369,50,10,60,429
08/01/2006,OMA,NE,ACE,CE,Towers with Radar,117,135,81,7,340,0,6,19,0,25,117,141,100,7,365,0,0,0,365
08/02/2006,OMA,NE,ACE,CE,Towers with Radar,126,138,110,9,383,0,5,23,1,29,126,143,133,10,412,26,0,26,438
08/03/2006,OMA,NE,ACE,CE,Towers with Radar,136,148,73,14,371,0,2,73,0,75,136,150,146,14,446,116,6,122,568
08/04/2006,OMA,NE,ACE,CE,Towers with Radar,114,134,64,11,323,0,9,48,6,63,114,143,112,17,386,66,4,70,456
08/05/2006,OMA,NE,ACE,CE,Towers with Radar,108,91,36,8,243,0,3,38,4,45,108,94,74,12,288,50,14,64,352
08/06/2006,OMA,NE,ACE,CE,Towers with Radar,99,104,49,3,255,0,6,21,0,27,99,110,70,3,282,12,0,12,294
08/07/2006,OMA,NE,ACE,CE,Towers with Radar,106,125,55,3,289,0,5,34,0,39,106,130,89,3,328,42,0,42,370
08/08/2006,OMA,NE,ACE,CE,Towers with Radar,118,136,89,9,352,0,4,9,0,13,118,140,98,9,365,14,0,14,379
08/09/2006,OMA,NE,ACE,CE,Towers with Radar,122,141,95,5,363,0,6,36,0,42,122,147,131,5,405,56,0,56,461
08/10/2006,OMA,NE,ACE,CE,Towers with Radar,115,141,79,6,341,0,4,32,0,36,115,145,111,6,377,64,0,64,441
08/11/2006,OMA,NE,ACE,CE,Towers with Radar,119,143,91,13,366,0,4,31,0,35,119,147,122,13,401,58,0,58,459
08/12/2006,OMA,NE,ACE,CE,Towers with Radar,104,94,44,4,246,0,7,13,1,21,104,101,57,5,267,12,0,12,279
08/13/2006,OMA,NE,ACE,CE,Towers with Radar,101,92,22,5,220,0,1,3,0,4,101,93,25,5,224,6,0,6,230
08/14/2006,OMA,NE,ACE,CE,Towers with Radar,104,119,72,6,301,0,7,29,0,36,104,126,101,6,337,24,0,24,361
08/15/2006,OMA,NE,ACE,CE,Towers with Radar,125,142,94,5,366,0,4,64,2,70,125,146,158,7,436,102,0,102,538
08/16/2006,OMA,NE,ACE,CE,Towers with Radar,117,143,96,4,360,0,7,41,0,48,117,150,137,4,408,70,0,70,478
08/17/2006,OMA,NE,ACE,CE,Towers with Radar,127,139,109,7,382,0,12,35,2,49,127,151,144,9,431,62,0,62,493
08/18/2006,OMA,NE,ACE,CE,Towers with Radar,125,139,90,6,360,0,3,53,0,56,125,142,143,6,416,92,0,92,508
08/19/2006,OMA,NE,ACE,CE,Towers with Radar,109,100,51,0,260,0,0,26,0,26,109,100,77,0,286,54,0,54,340
08/20/2006,OMA,NE,ACE,CE,Towers with Radar,97,102,67,1,267,0,1,30,0,31,97,103,97,1,298,85,0,85,383
08/21/2006,OMA,NE,ACE,CE,Towers with Radar,103,116,68,9,296,0,1,30,0,31,103,117,98,9,327,20,0,20,347
08/22/2006,OMA,NE,ACE,CE,Towers with Radar,124,131,94,22,371,0,6,44,0,50,124,137,138,22,421,66,4,70,491
08/23/2006,OMA,NE,ACE,CE,Towers with Radar,121,133,132,9,395,0,4,43,0,47,121,137,175,9,442,58,2,60,502
08/24/2006,OMA,NE,ACE,CE,Towers with Radar,129,141,98,5,373,0,7,48,0,55,129,148,146,5,428,50,0,50,478
08/25/2006,OMA,NE,ACE,CE,Towers with Radar,127,140,101,0,368,0,3,33,6,42,127,143,134,6,410,58,12,70,480
08/26/2006,OMA,NE,ACE,CE,Towers with Radar,132,85,43,1,261,0,4,23,0,27,132,89,66,1,288,52,14,66,354
08/27/2006,OMA,NE,ACE,CE,Towers with Radar,98,106,43,5,252,0,2,12,0,14,98,108,55,5,266,38,0,38,304
08/28/2006,OMA,NE,ACE,CE,Towers with Radar,105,120,87,5,317,0,0,2,1,3,105,120,89,6,320,7,2,9,329
08/29/2006,OMA,NE,ACE,CE,Towers with Radar,125,140,91,7,363,0,2,45,0,47,125,142,136,7,410,51,0,51,461
08/30/2006,OMA,NE,ACE,CE,Towers with Radar,138,135,118,35,426,0,6,53,1,60,138,141,171,36,486,104,19,123,609
08/31/2006,OMA,NE,ACE,CE,Towers with Radar,123,133,123,8,387,0,10,53,0,63,123,143,176,8,450,80,0,80,530
09/01/2006,OMA,NE,ACE,CE,Towers with Radar,111,150,89,5,355,0,8,42,0,50,111,158,131,5,405,46,0,46,451
09/02/2006,OMA,NE,ACE,CE,Towers with Radar,103,81,21,0,205,0,4,7,0,11,103,85,28,0,216,6,0,6,222
09/03/2006,OMA,NE,ACE,CE,Towers with Radar,78,79,23,2,182,0,0,0,0,0,78,79,23,2,182,28,0,28,210
09/04/2006,OMA,NE,ACE,CE,Towers with Radar,0,8,29,0,37,98,95,47,2,242,98,103,76,2,279,16,0,16,295
09/05/2006,OMA,NE,ACE,CE,Towers with Radar,107,132,81,23,343,0,4,40,0,44,107,136,121,23,387,42,16,58,445
09/06/2006,OMA,NE,ACE,CE,Towers with Radar,128,139,79,14,360,0,0,31,1,32,128,139,110,15,392,62,0,62,454
09/07/2006,OMA,NE,ACE,CE,Towers with Radar,123,117,89,4,333,0,11,46,0,57,123,128,135,4,390,100,0,100,490
09/08/2006,OMA,NE,ACE,CE,Towers with Radar,126,142,91,18,377,0,5,50,4,59,126,147,141,22,436,34,12,46,482
09/09/2006,OMA,NE,ACE,CE,Towers with Radar,122,80,17,0,219,0,2,7,0,9,122,82,24,0,228,2,0,2,230
09/10/2006,OMA,NE,ACE,CE,Towers with Radar,86,83,43,2,214,10,3,0,0,13,96,86,43,2,227,2,0,2,229
09/11/2006,OMA,NE,ACE,CE,Towers with Radar,110,112,59,0,281,1,3,4,0,8,111,115,63,0,289,24,0,24,313
09/12/2006,OMA,NE,ACE,CE,Towers with Radar,131,141,103,10,385,0,8,46,1,55,131,149,149,11,440,76,26,102,542
09/13/2006,OMA,NE,ACE,CE,Towers with Radar,146,139,95,15,395,0,12,44,0,56,146,151,139,15,451,88,2,90,541
09/14/2006,OMA,NE,ACE,CE,Towers with Radar,131,140,131,7,409,0,5,55,0,60,131,145,186,7,469,92,0,92,561
09/15/2006,OMA,NE,ACE,CE,Towers with Radar,138,131,81,4,354,0,6,22,0,28,138,137,103,4,382,34,0,34,416
09/16/2006,OMA,NE,ACE,CE,Towers with Radar,107,82,30,0,219,0,1,9,0,10,107,83,39,0,229,14,0,14,243
09/17/2006,OMA,NE,ACE,CE,Towers with Radar,110,104,58,4,276,0,3,25,0,28,110,107,83,4,304,18,0,18,322
09/18/2006,OMA,NE,ACE,CE,Towers with Radar,118,124,62,9,313,0,3,35,1,39,118,127,97,10,352,64,28,92,444
09/19/2006,OMA,NE,ACE,CE,Towers with Radar,128,134,92,7,361,0,14,51,0,65,128,148,143,7,426,74,0,74,500
09/20/2006,OMA,NE,ACE,CE,Towers with Radar,134,136,126,4,400,0,7,52,0,59,134,143,178,4,459,0,0,0,459
09/21/2006,OMA,NE,ACE,CE,Towers with Radar,132,133,81,8,354,0,10,5,0,15,132,143,86,8,369,2,4,6,375
09/22/2006,OMA,NE,ACE,CE,Towers with Radar,130,135,75,4,344,0,4,23,0,27,130,139,98,4,371,28,0,28,399
09/23/2006,OMA,NE,ACE,CE,Towers with Radar,109,76,33,11,229,0,5,12,0,17,109,81,45,11,246,72,10,82,328
09/24/2006,OMA,NE,ACE,CE,Towers with Radar,97,84,53,3,237,0,4,36,0,40,97,88,89,3,277,34,0,34,311
09/25/2006,OMA,NE,ACE,CE,Towers with Radar,104,117,92,12,325,0,0,23,0,23,104,117,115,12,348,70,2,72,420
09/26/2006,OMA,NE,ACE,CE,Towers with Radar,121,131,79,13,344,0,16,41,0,57,121,147,120,13,401,60,0,60,461
09/27/2006,OMA,NE,ACE,CE,Towers with Radar,124,132,97,5,358,0,7,26,1,34,124,139,123,6,392,86,0,86,478
09/28/2006,OMA,NE,ACE,CE,Towers with Radar,129,140,119,3,391,0,3,57,1,61,129,143,176,4,452,70,0,70,522
09/29/2006,OMA,NE,ACE,CE,Towers with Radar,128,123,108,3,362,0,7,55,0,62,128,130,163,3,424,102,0,102,526
09/30/2006,OMA,NE,ACE,CE,Towers with Radar,114,83,37,1,235,0,3,58,0,61,114,86,95,1,296,42,0,42,338
10/01/2006,OMA,NE,ACE,CE,Towers with Radar,95,82,52,0,229,0,1,36,3,40,95,83,88,3,269,40,0,40,309
10/02/2006,OMA,NE,ACE,CE,Towers with Radar,108,104,60,7,279,0,11,41,0,52,108,115,101,7,331,76,2,78,409
10/03/2006,OMA,NE,ACE,CE,Towers with Radar,137,126,91,7,361,0,7,47,0,54,137,133,138,7,415,54,0,54,469
10/04/2006,OMA,NE,ACE,CE,Towers with Radar,124,129,88,9,350,0,7,14,0,21,124,136,102,9,371,0,0,0,371
10/05/2006,OMA,NE,ACE,CE,Towers with Radar,132,124,122,14,392,0,6,46,1,53,132,130,168,15,445,80,6,86,531
10/06/2006,OMA,NE,ACE,CE,Towers with Radar,120,137,76,10,343,0,2,38,0,40,120,139,114,10,383,50,4,54,437
10/07/2006,OMA,NE,ACE,CE,Towers with Radar,109,75,35,0,219,0,7,25,0,32,109,82,60,0,251,28,0,28,279
10/08/2006,OMA,NE,ACE,CE,Towers with Radar,93,100,40,0,233,0,1,28,0,29,93,101,68,0,262,40,0,40,302
10/09/2006,OMA,NE,ACE,CE,Towers with Radar,115,104,71,2,292,0,2,24,0,26,115,106,95,2,318,56,0,56,374
10/10/2006,OMA,NE,ACE,CE,Towers with Radar,128,125,85,13,351,0,6,9,1,16,128,131,94,14,367,24,2,26,393
10/11/2006,OMA,NE,ACE,CE,Towers with Radar,137,141,93,10,381,0,1,29,0,30,137,142,122,10,411,18,2,20,431
10/12/2006,OMA,NE,ACE,CE,Towers with Radar,126,127,114,15,382,0,10,30,0,40,126,137,144,15,422,14,16,30,452
10/13/2006,OMA,NE,ACE,CE,Towers with Radar,140,141,72,5,358,0,7,54,1,62,140,148,126,6,420,32,10,42,462
10/14/2006,OMA,NE,ACE,CE,Towers with Radar,103,77,33,2,215,0,1,53,1,55,103,78,86,3,270,94,16,110,380
10/15/2006,OMA,NE,ACE,CE,Towers with Radar,100,86,41,3,230,0,1,10,0,11,100,87,51,3,241,6,0,6,247
10/16/2006,OMA,NE,ACE,CE,Towers with Radar,114,102,67,5,288,0,0,3,0,3,114,102,70,5,291,8,0,8,299
10/17/2006,OMA,NE,ACE,CE,Towers with Radar,129,139,92,11,371,0,2,14,2,18,129,141,106,13,389,20,4,24,413
10/18/2006,OMA,NE,ACE,CE,Towers with Radar,131,130,81,5,347,0,1,7,0,8,131,131,88,5,355,0,0,0,355
10/19/2006,OMA,NE,ACE,CE,Towers with Radar,128,127,87,23,365,0,7,35,0,42,128,134,122,23,407,46,8,54,461
10/20/2006,OMA,NE,ACE,CE,Towers with Radar,122,126,82,9,339,0,3,51,0,54,122,129,133,9,393,112,6,118,511
10/21/2006,OMA,NE,ACE,CE,Towers with Radar,110,85,24,2,221,0,3,1,0,4,110,88,25,2,225,2,0,2,227
10/22/2006,OMA,NE,ACE,CE,Towers with Radar,100,85,52,5,242,0,2,17,0,19,100,87,69,5,261,8,0,8,269
10/23/2006,OMA,NE,ACE,CE,Towers with Radar,109,113,97,4,323,0,8,32,0,40,109,121,129,4,363,64,0,64,427
10/24/2006,OMA,NE,ACE,CE,Towers with Radar,129,130,92,7,358,0,14,59,6,79,129,144,151,13,437,98,8,106,543
10/25/2006,OMA,NE,ACE,CE,Towers with Radar,136,133,120,14,403,0,2,36,0,38,136,135,156,14,441,52,0,52,493
10/26/2006,OMA,NE,ACE,CE,Towers with Radar,146,143,113,9,411,0,1,6,0,7,146,144,119,9,418,22,12,34,452
10/27/2006,OMA,NE,ACE,CE,Towers with Radar,120,133,75,11,339,0,5,19,1,25,120,138,94,12,364,18,0,18,382
10/28/2006,OMA,NE,ACE,CE,Towers with Radar,112,97,50,2,261,0,5,34,0,39,112,102,84,2,300,14,0,14,314
10/29/2006,OMA,NE,ACE,CE,Towers with Radar,91,93,34,1,219,0,3,47,0,50,91,96,81,1,269,40,0,40,309
10/30/2006,OMA,NE,ACE,CE,Towers with Radar,115,100,85,7,307,0,5,18,0,23,115,105,103,7,330,4,0,4,334
10/31/2006,OMA,NE,ACE,CE,Towers with Radar,128,123,73,7,331,0,3,26,0,29,128,126,99,7,360,22,0,22,382
11/01/2006,OMA,NE,ACE,CE,Towers with Radar,128,145,77,8,358,0,4,34,0,38,128,149,111,8,396,50,0,50,446
11/02/2006,OMA,NE,ACE,CE,Towers with Radar,128,145,102,5,380,0,2,56,0,58,128,147,158,5,438,80,0,80,518
11/03/2006,OMA,NE,ACE,CE,Towers with Radar,128,132,84,12,356,0,2,45,0,47,128,134,129,12,403,72,0,72,475
11/04/2006,OMA,NE,ACE,CE,Towers with Radar,110,90,34,1,235,0,9,36,5,50,110,99,70,6,285,0,0,0,285
11/05/2006,OMA,NE,ACE,CE,Towers with Radar,94,91,61,1,247,0,3,41,1,45,94,94,102,2,292,50,16,66,358
11/06/2006,OMA,NE,ACE,CE,Towers with Radar,111,125,63,10,309,0,3,14,0,17,111,128,77,10,326,12,8,20,346
11/07/2006,OMA,NE,ACE,CE,Towers with Radar,129,159,87,18,393,0,7,25,0,32,129,166,112,18,425,18,14,32,457
11/08/2006,OMA,NE,ACE,CE,Towers with Radar,131,129,108,10,378,0,6,42,0,48,131,135,150,10,426,70,8,78,504
11/09/2006,OMA,NE,ACE,CE,Towers with Radar,127,133,87,14,361,0,4,28,0,32,127,137,115,14,393,56,13,69,462
11/10/2006,OMA,NE,ACE,CE,Towers with Radar,124,135,80,0,339,0,2,5,0,7,124,137,85,0,346,6,0,6,352
11/11/2006,OMA,NE,ACE,CE,Towers with Radar,102,106,47,0,255,0,3,46,0,49,102,109,93,0,304,44,0,44,348
11/12/2006,OMA,NE,ACE,CE,Towers with Radar,96,89,39,0,224,0,4,8,0,12,96,93,47,0,236,13,0,13,249
11/13/2006,OMA,NE,ACE,CE,Towers with Radar,114,110,81,2,307,0,4,24,0,28,114,114,105,2,335,36,0,36,371
11/14/2006,OMA,NE,ACE,CE,Towers with Radar,135,130,77,1,343,0,7,26,0,33,135,137,103,1,376,40,0,40,416
11/15/2006,OMA,NE,ACE,CE,Towers with Radar,131,124,68,1,324,0,0,4,0,4,131,124,72,1,328,0,0,0,328
11/16/2006,OMA,NE,ACE,CE,Towers with Radar,131,146,94,1,372,0,9,23,0,32,131,155,117,1,404,10,0,10,414
11/17/2006,OMA,NE,ACE,CE,Towers with Radar,125,137,92,0,354,0,6,35,0,41,125,143,127,0,395,26,0,26,421
11/18/2006,OMA,NE,ACE,CE,Towers with Radar,107,80,37,0,224,0,2,37,0,39,107,82,74,0,263,40,0,40,303
11/19/2006,OMA,NE,ACE,CE,Towers with Radar,95,82,58,3,238,0,4,42,0,46,95,86,100,3,284,42,0,42,326
11/20/2006,OMA,NE,ACE,CE,Towers with Radar,109,109,93,1,312,0,2,32,0,34,109,111,125,1,346,22,0,22,368
11/21/2006,OMA,NE,ACE,CE,Towers with Radar,128,145,81,9,363,0,11,56,0,67,128,156,137,9,430,82,10,92,522
11/22/2006,OMA,NE,ACE,CE,Towers with Radar,130,139,45,4,318,0,3,57,0,60,130,142,102,4,378,70,0,70,448
11/23/2006,OMA,NE,ACE,CE,Towers with Radar,82,75,16,0,173,0,4,11,0,15,82,79,27,0,188,16,0,16,204
11/24/2006,OMA,NE,ACE,CE,Towers with Radar,85,76,32,0,193,0,4,44,0,48,85,80,76,0,241,66,0,66,307
11/25/2006,OMA,NE,ACE,CE,Towers with Radar,111,101,22,0,234,0,4,50,0,54,111,105,72,0,288,88,0,88,376
11/26/2006,OMA,NE,ACE,CE,Towers with Radar,99,103,58,0,260,0,0,6,0,6,99,103,64,0,266,2,0,2,268
11/27/2006,OMA,NE,ACE,CE,Towers with Radar,111,115,62,1,289,0,0,0,0,0,111,115,62,1,289,2,0,2,291
11/28/2006,OMA,NE,ACE,CE,Towers with Radar,132,122,79,0,333,0,1,4,0,5,132,123,83,0,338,24,0,24,362
11/29/2006,OMA,NE,ACE,CE,Towers with Radar,124,130,64,1,319,0,7,8,0,15,124,137,72,1,334,0,0,0,334
11/30/2006,OMA,NE,ACE,CE,Towers with Radar,118,131,72,0,321,0,3,24,0,27,118,134,96,0,348,26,0,26,374
12/01/2006,OMA,NE,ACE,CE,Towers with Radar,118,96,79,1,294,0,1,19,0,20,118,97,98,1,314,38,0,38,352
12/02/2006,OMA,NE,ACE,CE,Towers with Radar,110,85,26,2,223,0,0,16,1,17,110,85,42,3,240,18,0,18,258
12/03/2006,OMA,NE,ACE,CE,Towers with Radar,90,85,27,0,202,0,1,27,0,28,90,86,54,0,230,40,0,40,270
12/04/2006,OMA,NE,ACE,CE,Towers with Radar,117,116,72,0,305,0,2,26,2,30,117,118,98,2,335,32,0,32,367
12/05/2006,OMA,NE,ACE,CE,Towers with Radar,123,130,87,1,341,0,7,42,0,49,123,137,129,1,390,50,0,50,440
12/06/2006,OMA,NE,ACE,CE,Towers with Radar,132,128,89,0,349,0,2,25,0,27,132,130,114,0,376,22,0,22,398
12/07/2006,OMA,NE,ACE,CE,Towers with Radar,127,146,99,0,372,0,4,36,0,40,127,150,135,0,412,26,0,26,438
12/08/2006,OMA,NE,ACE,CE,Towers with Radar,133,136,76,0,345,0,1,36,0,37,133,137,112,0,382,40,0,40,422
12/09/2006,OMA,NE,ACE,CE,Towers with Radar,107,75,35,0,217,0,10,51,0,61,107,85,86,0,278,83,0,83,361
12/10/2006,OMA,NE,ACE,CE,Towers with Radar,91,93,36,0,220,0,5,48,0,53,91,98,84,0,273,32,0,32,305
12/11/2006,OMA,NE,ACE,CE,Towers with Radar,107,121,63,3,294,0,0,0,0,0,107,121,63,3,294,2,4,6,300
12/12/2006,OMA,NE,ACE,CE,Towers with Radar,130,136,62,0,328,0,4,1,0,5,130,140,63,0,333,6,0,6,339
12/13/2006,OMA,NE,ACE,CE,Towers with Radar,130,145,90,0,365,2,9,38,0,49,132,154,128,0,414,0,0,0,414
12/14/2006,OMA,NE,ACE,CE,Towers with Radar,130,138,131,0,399,0,1,0,0,1,130,139,131,0,400,74,0,74,474
12/15/2006,OMA,NE,ACE,CE,Towers with Radar,127,130,97,0,354,0,4,52,0,56,127,134,149,0,410,72,0,72,482
12/16/2006,OMA,NE,ACE,CE,Towers with Radar,107,94,42,0,243,0,1,19,0,20,107,95,61,0,263,52,0,52,315
12/17/2006,OMA,NE,ACE,CE,Towers with Radar,94,82,37,0,213,0,3,47,0,50,94,85,84,0,263,76,0,76,339
12/18/2006,OMA,NE,ACE,CE,Towers with Radar,112,110,66,0,288,0,4,32,0,36,112,114,98,0,324,46,0,46,370
12/19/2006,OMA,NE,ACE,CE,Towers with Radar,128,126,80,3,337,0,7,48,1,56,128,133,128,4,393,48,0,48,441
12/20/2006,OMA,NE,ACE,CE,Towers with Radar,114,118,62,0,294,0,1,0,0,1,114,119,62,0,295,0,0,0,295
12/21/2006,OMA,NE,ACE,CE,Towers with Radar,106,128,75,3,312,0,0,6,0,6,106,128,81,3,318,0,4,4,322
12/22/2006,OMA,NE,ACE,CE,Towers with Radar,106,146,61,0,313,0,3,1,0,4,106,149,62,0,317,2,0,2,319
12/23/2006,OMA,NE,ACE,CE,Towers with Radar,107,103,38,0,248,0,2,44,0,46,107,105,82,0,294,52,0,52,346
12/24/2006,OMA,NE,ACE,CE,Towers with Radar,89,73,14,0,176,0,4,21,0,25,89,77,35,0,201,6,0,6,207
12/25/2006,OMA,NE,ACE,CE,Towers with Radar,89,70,6,0,165,0,2,2,0,4,89,72,8,0,169,0,0,0,169
12/26/2006,OMA,NE,ACE,CE,Towers with Radar,107,118,54,0,279,0,4,31,0,35,107,122,85,0,314,36,0,36,350
12/27/2006,OMA,NE,ACE,CE,Towers with Radar,128,133,51,0,312,0,9,32,0,41,128,142,83,0,353,46,0,46,399
12/28/2006,OMA,NE,ACE,CE,Towers with Radar,125,129,36,0,290,0,7,23,0,30,125,136,59,0,320,8,0,8,328
12/29/2006,OMA,NE,ACE,CE,Towers with Radar,116,127,28,0,271,0,2,0,0,2,116,129,28,0,273,6,0,6,279
12/30/2006,OMA,NE,ACE,CE,Towers with Radar,103,84,19,0,206,0,2,0,0,2,103,86,19,0,208,6,0,6,214
12/31/2006,OMA,NE,ACE,CE,Towers with Radar,92,68,8,0,168,0,0,1,0,1,92,68,9,0,169,2,0,2,171
01/01/2007,OMA,NE,ACE,CE,Towers with Radar,97,75,14,0,186,0,2,11,0,13,97,77,25,0,199,0,0,0,199
01/02/2007,OMA,NE,ACE,CE,Towers with Radar,120,117,51,0,288,0,7,52,0,59,120,124,103,0,347,86,0,86,433
01/03/2007,OMA,NE,ACE,CE,Towers with Radar,128,134,66,0,328,0,2,24,0,26,128,136,90,0,354,16,0,16,370
01/04/2007,OMA,NE,ACE,CE,Towers with Radar,128,118,78,2,326,1,2,57,0,60,129,120,135,2,386,70,0,70,456
01/05/2007,OMA,NE,ACE,CE,Towers with Radar,128,105,68,0,301,0,4,23,0,27,128,109,91,0,328,30,0,30,358
01/06/2007,OMA,NE,ACE,CE,Towers with Radar,101,108,31,0,240,0,1,52,0,53,101,109,83,0,293,68,0,68,361
01/07/2007,OMA,NE,ACE,CE,Towers with Radar,100,83,31,0,214,0,10,13,0,23,100,93,44,0,237,22,0,22,259
01/08/2007,OMA,NE,ACE,CE,Towers with Radar,111,111,50,3,275,0,8,9,0,17,111,119,59,3,292,16,4,20,312
01/09/2007,OMA,NE,ACE,CE,Towers with Radar,142,109,79,0,330,0,5,21,0,26,142,114,100,0,356,24,0,24,380
01/10/2007,OMA,NE,ACE,CE,Towers with Radar,132,122,72,0,326,0,3,36,0,39,132,125,108,0,365,0,0,0,365
01/11/2007,OMA,NE,ACE,CE,Towers with Radar,133,128,60,0,321,0,1,27,0,28,133,129,87,0,349,46,0,46,395
01/12/2007,OMA,NE,ACE,CE,Towers with Radar,139,132,69,6,346,0,4,32,2,38,139,136,101,8,384,46,20,66,450
01/13/2007,OMA,NE,ACE,CE,Towers with Radar,105,78,24,0,207,0,3,6,0,9,105,81,30,0,216,0,0,0,216
01/14/2007,OMA,NE,ACE,CE,Towers with Radar,90,77,17,0,184,0,0,0,0,0,90,77,17,0,184,0,0,0,184
01/15/2007,OMA,NE,ACE,CE,Towers with Radar,112,111,62,2,287,0,4,11,0,15,112,115,73,2,302,11,4,15,317
01/16/2007,OMA,NE,ACE,CE,Towers with Radar,130,123,72,0,325,0,6,57,0,63,130,129,129,0,388,90,0,90,478
01/17/2007,OMA,NE,ACE,CE,Towers with Radar,138,131,81,0,350,0,5,58,3,66,138,136,139,3,416,66,4,70,486
01/18/2007,OMA,NE,ACE,CE,Towers with Radar,134,127,81,0,342,0,6,44,0,50,134,133,125,0,392,70,0,70,462
01/19/2007,OMA,NE,ACE,CE,Towers with Radar,133,119,56,5,313,0,15,67,4,86,133,134,123,9,399,84,30,114,513
01/20/2007,OMA,NE,ACE,CE,Towers with Radar,103,77,23,5,208,0,8,23,0,31,103,85,46,5,239,50,0,50,289
01/21/2007,OMA,NE,ACE,CE,Towers with Radar,82,69,21,0,172,0,3,1,0,4,82,72,22,0,176,2,0,2,178
01/22/2007,OMA,NE,ACE,CE,Towers with Radar,117,109,52,5,283,0,4,10,0,14,117,113,62,5,297,0,8,8,305
01/23/2007,OMA,NE,ACE,CE,Towers with Radar,135,121,70,0,326,0,5,23,0,28,135,126,93,0,354,22,0,22,376
01/24/2007,OMA,NE,ACE,CE,Towers with Radar,127,124,95,5,351,0,8,25,4,37,127,132,120,9,388,0,0,0,388
01/25/2007,OMA,NE,ACE,CE,Towers with Radar,134,144,120,3,401,0,7,7,2,16,134,151,127,5,417,8,8,16,433
01/26/2007,OMA,NE,ACE,CE,Towers with Radar,131,131,91,0,353,0,5,53,0,58,131,136,144,0,411,126,0,126,537
01/27/2007,OMA,NE,ACE,CE,Towers with Radar,110,77,34,0,221,0,14,13,0,27,110,91,47,0,248,10,0,10,258
01/28/2007,OMA,NE,ACE,CE,Towers with Radar,95,77,76,0,248,0,16,0,1,17,95,93,76,1,265,80,0,80,345
01/29/2007,OMA,NE,ACE,CE,Towers with Radar,111,107,51,3,272,0,4,14,0,18,111,111,65,3,290,16,4,20,310
01/30/2007,OMA,NE,ACE,CE,Towers with Radar,137,123,60,4,324,0,6,31,0,37,137,129,91,4,361,42,4,46,407
01/31/2007,OMA,NE,ACE,CE,Towers with Radar,130,118,76,0,324,0,4,22,0,26,130,122,98,0,350,28,0,28,378
02/01/2007,OMA,NE,ACE,CE,Towers with Radar,122,124,71,0,317,0,7,39,0,46,122,131,110,0,363,36,0,36,399
02/02/2007,OMA,NE,ACE,CE,Towers with Radar,123,126,82,2,333,0,18,24,1,43,123,144,106,3,376,26,0,26,402
02/03/2007,OMA,NE,ACE,CE,Towers with Radar,101,82,22,0,205,0,5,14,0,19,101,87,36,0,224,18,0,18,242
02/04/2007,OMA,NE,ACE,CE,Towers with Radar,91,68,32,0,191,0,5,13,0,18,91,73,45,0,209,0,0,0,209
02/05/2007,OMA,NE,ACE,CE,Towers with Radar,112,119,45,0,276,0,6,11,0,17,112,125,56,0,293,10,0,10,303
02/06/2007,OMA,NE,ACE,CE,Towers with Radar,123,117,87,0,327,0,10,24,0,34,123,127,111,0,361,14,0,14,375
02/07/2007,OMA,NE,ACE,CE,Towers with Radar,133,140,96,0,369,0,0,14,0,14,133,140,110,0,383,0,0,0,383
02/08/2007,OMA,NE,ACE,CE,Towers with Radar,122,119,93,0,334,1,28,14,0,43,123,147,107,0,377,0,0,0,377
02/09/2007,OMA,NE,ACE,CE,Towers with Radar,132,117,77,0,326,0,9,32,1,42,132,126,109,1,368,32,0,32,400
02/10/2007,OMA,NE,ACE,CE,Towers with Radar,100,91,23,0,214,0,7,22,0,29,100,98,45,0,243,62,0,62,305
02/11/2007,OMA,NE,ACE,CE,Towers with Radar,90,78,27,0,195,0,2,0,0,2,90,80,27,0,197,2,0,2,199
02/12/2007,OMA,NE,ACE,CE,Towers with Radar,113,92,54,0,259,0,0,0,0,0,113,92,54,0,259,0,0,0,259
02/13/2007,OMA,NE,ACE,CE,Towers with Radar,127,101,74,0,302,0,1,6,0,7,127,102,80,0,309,6,0,6,315
02/14/2007,OMA,NE,ACE,CE,Towers with Radar,126,122,73,0,321,0,14,15,0,29,126,136,88,0,350,14,0,14,364
02/15/2007,OMA,NE,ACE,CE,Towers with Radar,125,134,78,0,337,0,6,43,0,49,125,140,121,0,386,48,0,48,434
02/16/2007,OMA,NE,ACE,CE,Towers with Radar,117,144,70,0,331,0,3,2,0,5,117,147,72,0,336,4,0,4,340
02/17/2007,OMA,NE,ACE,CE,Towers with Radar,90,94,27,0,211,0,3,10,0,13,90,97,37,0,224,18,0,18,242
02/18/2007,OMA,NE,ACE,CE,Towers with Radar,98,92,29,2,221,0,5,53,0,58,98,97,82,2,279,56,0,56,335
02/19/2007,OMA,NE,ACE,CE,Towers with Radar,100,121,59,2,282,0,2,27,0,29,100,123,86,2,311,18,0,18,329
02/20/2007,OMA,NE,ACE,CE,Towers with Radar,120,139,87,0,346,0,9,37,1,47,120,148,124,1,393,60,0,60,453
02/21/2007,OMA,NE,ACE,CE,Towers with Radar,119,135,75,0,329,0,6,65,1,72,119,141,140,1,401,90,0,90,491
02/22/2007,OMA,NE,ACE,CE,Towers with Radar,120,157,85,0,362,0,4,55,0,59,120,161,140,0,421,54,4,58,479
02/23/2007,OMA,NE,ACE,CE,Towers with Radar,120,162,70,8,360,0,1,28,0,29,120,163,98,8,389,16,12,28,417
02/24/2007,OMA,NE,ACE,CE,Towers with Radar,84,92,23,0,199,0,0,6,0,6,84,92,29,0,205,12,0,12,217
02/25/2007,OMA,NE,ACE,CE,Towers with Radar,73,82,13,0,168,0,0,0,0,0,73,82,13,0,168,0,0,0,168
02/26/2007,OMA,NE,ACE,CE,Towers with Radar,116,130,66,6,318,0,7,17,0,24,116,137,83,6,342,12,6,18,360
02/27/2007,OMA,NE,ACE,CE,Towers with Radar,130,147,82,0,359,0,2,45,0,47,130,149,127,0,406,78,0,78,484
02/28/2007,OMA,NE,ACE,CE,Towers with Radar,129,155,62,0,346,0,0,12,0,12,129,155,74,0,358,4,0,4,362
03/01/2007,OMA,NE,ACE,CE,Towers with Radar,56,73,21,0,150,0,0,0,0,0,56,73,21,0,150,2,0,2,152
03/02/2007,OMA,NE,ACE,CE,Towers with Radar,123,137,59,0,319,1,4,0,0,5,124,141,59,0,324,4,0,4,328
03/03/2007,OMA,NE,ACE,CE,Towers with Radar,89,106,30,0,225,0,14,6,0,20,89,120,36,0,245,8,0,8,253
03/04/2007,OMA,NE,ACE,CE,Towers with Radar,92,108,45,0,245,0,15,34,0,49,92,123,79,0,294,62,0,62,356
03/05/2007,OMA,NE,ACE,CE,Towers with Radar,106,132,74,5,317,0,4,22,0,26,106,136,96,5,343,25,6,31,374
03/06/2007,OMA,NE,ACE,CE,Towers with Radar,121,140,100,7,368,0,3,32,1,36,121,143,132,8,404,42,18,60,464
03/07/2007,OMA,NE,ACE,CE,Towers with Radar,126,130,96,3,355,0,0,1,0,1,126,130,97,3,356,2,4,6,362
03/08/2007,OMA,NE,ACE,CE,Towers with Radar,130,148,90,0,368,0,2,25,0,27,130,150,115,0,395,26,0,26,421
03/09/2007,OMA,NE,ACE,CE,Towers with Radar,118,138,84,1,341,0,9,42,0,51,118,147,126,1,392,46,0,46,438
03/10/2007,OMA,NE,ACE,CE,Towers with Radar,97,93,51,1,242,0,3,39,0,42,97,96,90,1,284,26,0,26,310
03/11/2007,OMA,NE,ACE,CE,Towers with Radar,93,105,32,0,230,0,4,21,0,25,93,109,53,0,255,24,0,24,279
03/12/2007,OMA,NE,ACE,CE,Towers with Radar,97,118,90,1,306,0,2,16,1,19,97,120,106,2,325,8,0,8,333
03/13/2007,OMA,NE,ACE,CE,Towers with Radar,118,123,95,5,341,0,7,31,0,38,118,130,126,5,379,28,6,34,413
03/14/2007,OMA,NE,ACE,CE,Towers with Radar,128,157,113,1,399,0,5,44,0,49,128,162,157,1,448,42,10,52,500
03/15/2007,OMA,NE,ACE,CE,Towers with Radar,121,140,81,6,348,0,5,57,1,63,121,145,138,7,411,50,12,62,473
03/16/2007,OMA,NE,ACE,CE,Towers with Radar,130,143,87,3,363,0,13,38,0,51,130,156,125,3,414,56,8,64,478
03/17/2007,OMA,NE,ACE,CE,Towers with Radar,100,107,31,3,241,0,5,50,1,56,100,112,81,4,297,44,2,46,343
03/18/2007,OMA,NE,ACE,CE,Towers with Radar,94,90,21,0,205,0,9,12,0,21,94,99,33,0,226,4,0,4,230
03/19/2007,OMA,NE,ACE,CE,Towers with Radar,106,113,70,0,289,0,5,27,0,32,106,118,97,0,321,48,0,48,369
03/20/2007,OMA,NE,ACE,CE,Towers with Radar,125,136,71,4,336,0,5,18,0,23,125,141,89,4,359,22,6,28,387
03/21/2007,OMA,NE,ACE,CE,Towers with Radar,128,137,98,0,363,0,7,7,0,14,128,144,105,0,377,2,0,2,379
03/22/2007,OMA,NE,ACE,CE,Towers with Radar,130,148,113,0,391,0,7,33,0,40,130,155,146,0,431,44,0,44,475
03/23/2007,OMA,NE,ACE,CE,Towers with Radar,126,154,80,3,363,0,8,40,1,49,126,162,120,4,412,82,2,84,496
03/24/2007,OMA,NE,ACE,CE,Towers with Radar,100,83,22,0,205,0,1,4,0,5,100,84,26,0,210,10,0,10,220
03/25/2007,OMA,NE,ACE,CE,Towers with Radar,97,99,44,0,240,0,7,14,0,21,97,106,58,0,261,6,0,6,267
03/26/2007,OMA,NE,ACE,CE,Towers with Radar,109,113,71,0,293,0,10,14,0,24,109,123,85,0,317,14,0,14,331
03/27/2007,OMA,NE,ACE,CE,Towers with Radar,123,130,96,0,349,0,6,41,0,47,123,136,137,0,396,66,0,66,462
03/28/2007,OMA,NE,ACE,CE,Towers with Radar,125,148,85,2,360,0,8,39,0,47,125,156,124,2,407,40,2,42,449
03/29/2007,OMA,NE,ACE,CE,Towers with Radar,120,140,81,6,347,0,2,12,0,14,120,142,93,6,361,22,0,22,383
03/30/2007,OMA,NE,ACE,CE,Towers with Radar,127,131,94,3,355,0,4,45,0,49,127,135,139,3,404,62,0,62,466
03/31/2007,OMA,NE,ACE,CE,Towers with Radar,105,108,29,0,242,0,9,21,0,30,105,117,50,0,272,28,0,28,300
04/01/2007,OMA,NE,ACE,CE,Towers with Radar,94,93,32,2,221,0,1,12,0,13,94,94,44,2,234,8,0,8,242
04/02/2007,OMA,NE,ACE,CE,Towers with Radar,107,131,51,6,295,0,12,22,0,34,107,143,73,6,329,12,6,18,347
04/03/2007,OMA,NE,ACE,CE,Towers with Radar,118,132,86,3,339,0,5,11,0,16,118,137,97,3,355,2,4,6,361
04/06/2007,OMA,NE,ACE,CE,Towers with Radar,115,142,68,5,330,0,5,26,0,31,115,147,94,5,361,14,0,14,375
04/07/2007,OMA,NE,ACE,CE,Towers with Radar,97,97,30,0,224,0,7,38,0,45,97,104,68,0,269,42,0,42,311
04/08/2007,OMA,NE,ACE,CE,Towers with Radar,99,83,25,2,209,0,4,22,0,26,99,87,47,2,235,0,2,2,237
04/09/2007,OMA,NE,ACE,CE,Towers with Radar,104,120,90,6,320,0,12,25,0,37,104,132,115,6,357,10,10,20,377
04/10/2007,OMA,NE,ACE,CE,Towers with Radar,126,142,81,2,351,0,6,11,0,17,126,148,92,2,368,28,4,32,400
04/11/2007,OMA,NE,ACE,CE,Towers with Radar,121,142,93,0,356,0,4,7,0,11,121,146,100,0,367,8,0,8,375
04/12/2007,OMA,NE,ACE,CE,Towers with Radar,120,141,116,2,379,0,5,49,0,54,120,146,165,2,433,72,0,72,505
04/13/2007,OMA,NE,ACE,CE,Towers with Radar,117,154,77,1,349,0,10,40,0,50,117,164,117,1,399,64,0,64,463
04/14/2007,OMA,NE,ACE,CE,Towers with Radar,95,98,27,0,220,0,6,47,0,53,95,104,74,0,273,39,0,39,312
04/15/2007,OMA,NE,ACE,CE,Towers with Radar,99,102,40,0,241,0,6,46,0,52,99,108,86,0,293,30,0,30,323
04/16/2007,OMA,NE,ACE,CE,Towers with Radar,106,125,66,0,297,0,7,30,1,38,106,132,96,1,335,24,0,24,359
04/17/2007,OMA,NE,ACE,CE,Towers with Radar,125,148,71,20,364,0,7,30,1,38,125,155,101,21,402,38,24,62,464
04/18/2007,OMA,NE,ACE,CE,Towers with Radar,119,147,125,2,393,0,5,68,0,73,119,152,193,2,466,70,0,70,536
04/19/2007,OMA,NE,ACE,CE,Towers with Radar,118,151,76,2,347,0,11,33,0,44,118,162,109,2,391,40,2,42,433
04/20/2007,OMA,NE,ACE,CE,Towers with Radar,122,139,64,3,328,0,7,43,3,53,122,146,107,6,381,22,4,26,407
04/21/2007,OMA,NE,ACE,CE,Towers with Radar,97,102,18,1,218,0,6,23,5,34,97,108,41,6,252,26,6,32,284
04/22/2007,OMA,NE,ACE,CE,Towers with Radar,98,109,20,0,227,0,0,5,0,5,98,109,25,0,232,4,0,4,236
04/23/2007,OMA,NE,ACE,CE,Towers with Radar,107,126,75,1,309,0,9,27,0,36,107,135,102,1,345,16,0,16,361
04/24/2007,OMA,NE,ACE,CE,Towers with Radar,110,142,71,0,323,0,0,0,0,0,110,142,71,0,323,0,0,0,323
04/25/2007,OMA,NE,ACE,CE,Towers with Radar,121,156,71,0,348,0,4,2,0,6,121,160,73,0,354,2,0,2,356
04/26/2007,OMA,NE,ACE,CE,Towers with Radar,117,128,86,0,331,0,5,37,0,42,117,133,123,0,373,46,0,46,419
04/27/2007,OMA,NE,ACE,CE,Towers with Radar,127,131,121,1,380,0,9,0,0,9,127,140,121,1,389,52,0,52,441
04/28/2007,OMA,NE,ACE,CE,Towers with Radar,102,113,29,1,245,0,9,54,3,66,102,122,83,4,311,41,0,41,352
04/29/2007,OMA,NE,ACE,CE,Towers with Radar,95,97,55,0,247,0,3,38,0,41,95,100,93,0,288,16,0,16,304
04/30/2007,OMA,NE,ACE,CE,Towers with Radar,102,130,90,4,326,0,3,33,0,36,102,133,123,4,362,40,6,46,408
05/01/2007,OMA,NE,ACE,CE,Towers with Radar,114,145,77,0,336,0,5,30,0,35,114,150,107,0,371,32,0,32,403
05/03/2007,OMA,NE,ACE,CE,Towers with Radar,118,161,101,1,381,0,7,7,0,14,118,168,108,1,395,8,0,8,403
05/05/2007,OMA,NE,ACE,CE,Towers with Radar,113,142,97,4,356,0,9,2,0,11,113,151,99,4,367,0,0,0,367
05/06/2007,OMA,NE,ACE,CE,Towers with Radar,115,161,62,2,340,0,3,2,0,5,115,164,64,2,345,4,0,4,349
05/07/2007,OMA,NE,ACE,CE,Towers with Radar,105,151,120,3,379,0,3,5,0,8,105,154,125,3,387,4,2,6,393
05/08/2007,OMA,NE,ACE,CE,Towers with Radar,126,160,67,1,354,0,8,49,2,59,126,168,116,3,413,52,0,52,465
05/09/2007,OMA,NE,ACE,CE,Towers with Radar,127,139,92,1,359,0,6,66,0,72,127,145,158,1,431,62,8,70,501
05/10/2007,OMA,NE,ACE,CE,Towers with Radar,128,150,98,0,376,0,8,55,0,63,128,158,153,0,439,58,0,58,497
05/11/2007,OMA,NE,ACE,CE,Towers with Radar,128,144,100,1,373,0,4,59,2,65,128,148,159,3,438,62,0,62,500
05/12/2007,OMA,NE,ACE,CE,Towers with Radar,99,97,22,5,223,0,15,31,5,51,99,112,53,10,274,22,0,22,296
05/13/2007,OMA,NE,ACE,CE,Towers with Radar,102,100,23,1,226,0,6,26,0,32,102,106,49,1,258,4,0,4,262
05/14/2007,OMA,NE,ACE,CE,Towers with Radar,107,128,65,1,301,0,3,10,4,17,107,131,75,5,318,2,6,8,326
05/15/2007,OMA,NE,ACE,CE,Towers with Radar,116,143,95,0,354,0,5,9,0,14,116,148,104,0,368,6,0,6,374
05/16/2007,OMA,NE,ACE,CE,Towers with Radar,126,149,91,8,374,0,10,52,5,67,126,159,143,13,441,94,20,114,555
05/17/2007,OMA,NE,ACE,CE,Towers with Radar,125,153,81,0,359,0,6,28,0,34,125,159,109,0,393,34,0,34,427
05/18/2007,OMA,NE,ACE,CE,Towers with Radar,119,135,82,1,337,0,3,36,0,39,119,138,118,1,376,48,0,48,424
05/19/2007,OMA,NE,ACE,CE,Towers with Radar,99,108,34,1,242,0,5,33,0,38,99,113,67,1,280,30,0,30,310
05/20/2007,OMA,NE,ACE,CE,Towers with Radar,96,121,59,1,277,0,14,39,0,53,96,135,98,1,330,28,0,28,358
05/21/2007,OMA,NE,ACE,CE,Towers with Radar,103,149,81,2,335,0,9,19,3,31,103,158,100,5,366,22,4,26,392
05/22/2007,OMA,NE,ACE,CE,Towers with Radar,116,155,9,8,288,0,8,94,0,102,116,163,103,8,390,10,6,16,406
05/23/2007,OMA,NE,ACE,CE,Towers with Radar,127,155,86,1,369,1,14,11,0,26,128,169,97,1,395,6,0,6,401
05/24/2007,OMA,NE,ACE,CE,Towers with Radar,118,162,81,0,361,0,2,26,0,28,118,164,107,0,389,32,0,32,421
05/25/2007,OMA,NE,ACE,CE,Towers with Radar,123,163,73,0,359,0,6,54,0,60,123,169,127,0,419,66,0,66,485
05/26/2007,OMA,NE,ACE,CE,Towers with Radar,92,113,24,0,229,0,5,35,0,40,92,118,59,0,269,38,0,38,307
05/27/2007,OMA,NE,ACE,CE,Towers with Radar,90,85,27,0,202,0,6,17,0,23,90,91,44,0,225,31,0,31,256
05/28/2007,OMA,NE,ACE,CE,Towers with Radar,96,97,21,1,215,0,13,6,0,19,96,110,27,1,234,2,0,2,236
05/29/2007,OMA,NE,ACE,CE,Towers with Radar,102,148,61,0,311,0,6,20,1,27,102,154,81,1,338,44,0,44,382
05/30/2007,OMA,NE,ACE,CE,Towers with Radar,117,158,52,2,329,0,10,19,0,29,117,168,71,2,358,28,0,28,386
05/31/2007,OMA,NE,ACE,CE,Towers with Radar,113,151,72,0,336,0,6,45,0,51,113,157,117,0,387,26,0,26,413
06/01/2007,OMA,NE,ACE,CE,Towers with Radar,124,153,68,0,345,0,6,40,0,46,124,159,108,0,391,32,0,32,423
06/02/2007,OMA,NE,ACE,CE,Towers with Radar,100,106,30,1,237,0,8,31,3,42,100,114,61,4,279,42,0,42,321
06/03/2007,OMA,NE,ACE,CE,Towers with Radar,95,118,31,0,244,0,6,14,0,20,95,124,45,0,264,10,0,10,274
06/04/2007,OMA,NE,ACE,CE,Towers with Radar,102,136,72,0,310,0,8,24,0,32,102,144,96,0,342,20,0,20,362
06/05/2007,OMA,NE,ACE,CE,Towers with Radar,118,160,77,0,355,0,6,45,0,51,118,166,122,0,406,72,0,72,478
06/06/2007,OMA,NE,ACE,CE,Towers with Radar,116,159,79,0,354,0,4,8,0,12,116,163,87,0,366,18,0,18,384
06/07/2007,OMA,NE,ACE,CE,Towers with Radar,125,144,74,2,345,0,7,11,0,18,125,151,85,2,363,18,0,18,381
06/08/2007,OMA,NE,ACE,CE,Towers with Radar,116,139,79,6,340,0,14,35,3,52,116,153,114,9,392,72,10,82,474
06/09/2007,OMA,NE,ACE,CE,Towers with Radar,102,106,32,0,240,0,4,33,0,37,102,110,65,0,277,56,0,56,333
06/10/2007,OMA,NE,ACE,CE,Towers with Radar,100,101,43,0,244,0,2,16,0,18,100,103,59,0,262,12,0,12,274
06/11/2007,OMA,NE,ACE,CE,Towers with Radar,112,128,78,2,320,0,4,18,0,22,112,132,96,2,342,36,0,36,378
06/12/2007,OMA,NE,ACE,CE,Towers with Radar,131,147,117,2,397,0,4,27,0,31,131,151,144,2,428,50,0,50,478
06/13/2007,OMA,NE,ACE,CE,Towers with Radar,128,156,99,1,384,0,5,34,2,41,128,161,133,3,425,26,0,26,451
06/14/2007,OMA,NE,ACE,CE,Towers with Radar,131,151,88,0,370,0,6,54,1,61,131,157,142,1,431,84,0,84,515
06/15/2007,OMA,NE,ACE,CE,Towers with Radar,129,155,100,8,392,0,13,60,7,80,129,168,160,15,472,50,16,66,538
06/16/2007,OMA,NE,ACE,CE,Towers with Radar,101,105,36,2,244,0,3,43,0,46,101,108,79,2,290,28,0,28,318
06/17/2007,OMA,NE,ACE,CE,Towers with Radar,94,100,41,2,237,0,4,23,1,28,94,104,64,3,265,6,0,6,271
06/18/2007,OMA,NE,ACE,CE,Towers with Radar,116,144,67,4,331,0,2,12,0,14,116,146,79,4,345,8,0,8,353
06/19/2007,OMA,NE,ACE,CE,Towers with Radar,116,155,80,0,351,0,9,64,0,73,116,164,144,0,424,88,0,88,512
06/20/2007,OMA,NE,ACE,CE,Towers with Radar,127,157,106,6,396,0,3,20,0,23,127,160,126,6,419,28,0,28,447
06/21/2007,OMA,NE,ACE,CE,Towers with Radar,129,146,72,0,347,0,6,48,4,58,129,152,120,4,405,48,0,48,453
06/22/2007,OMA,NE,ACE,CE,Towers with Radar,126,168,72,4,370,0,10,18,2,30,126,178,90,6,400,10,2,12,412
06/23/2007,OMA,NE,ACE,CE,Towers with Radar,107,118,55,8,288,0,3,39,5,47,107,121,94,13,335,32,2,34,369
06/24/2007,OMA,NE,ACE,CE,Towers with Radar,99,113,63,11,286,0,7,33,2,42,99,120,96,13,328,14,16,30,358
06/25/2007,OMA,NE,ACE,CE,Towers with Radar,107,149,108,0,364,0,8,21,0,29,107,157,129,0,393,20,0,20,413
06/26/2007,OMA,NE,ACE,CE,Towers with Radar,128,174,99,0,401,0,8,34,1,43,128,182,133,1,444,40,0,40,484
06/27/2007,OMA,NE,ACE,CE,Towers with Radar,131,163,90,0,384,0,4,40,0,44,131,167,130,0,428,66,0,66,494
06/28/2007,OMA,NE,ACE,CE,Towers with Radar,128,163,90,0,381,0,8,60,0,68,128,171,150,0,449,54,0,54,503
06/29/2007,OMA,NE,ACE,CE,Towers with Radar,124,148,95,9,376,0,10,25,0,35,124,158,120,9,411,6,4,10,421
06/30/2007,OMA,NE,ACE,CE,Towers with Radar,113,104,40,0,257,0,3,36,0,39,113,107,76,0,296,26,0,26,322
07/01/2007,OMA,NE,ACE,CE,Towers with Radar,96,91,35,5,227,0,0,25,0,25,96,91,60,5,252,20,0,20,272
07/02/2007,OMA,NE,ACE,CE,Towers with Radar,102,120,56,0,278,0,3,24,0,27,102,123,80,0,305,22,0,22,327
07/03/2007,OMA,NE,ACE,CE,Towers with Radar,115,136,46,0,297,0,4,63,0,67,115,140,109,0,364,84,0,84,448
07/04/2007,OMA,NE,ACE,CE,Towers with Radar,100,99,13,0,212,0,2,23,0,25,100,101,36,0,237,10,0,10,247
07/05/2007,OMA,NE,ACE,CE,Towers with Radar,117,118,58,0,293,0,10,55,0,65,117,128,113,0,358,60,4,64,422
07/06/2007,OMA,NE,ACE,CE,Towers with Radar,123,132,46,13,314,0,6,58,2,66,123,138,104,15,380,64,14,78,458
07/07/2007,OMA,NE,ACE,CE,Towers with Radar,105,108,30,2,245,0,7,25,0,32,105,115,55,2,277,8,0,8,285
07/08/2007,OMA,NE,ACE,CE,Towers with Radar,105,98,49,0,252,0,13,15,0,28,105,111,64,0,280,10,0,10,290
07/09/2007,OMA,NE,ACE,CE,Towers with Radar,129,135,61,6,331,0,5,25,0,30,129,140,86,6,361,84,0,84,445
07/10/2007,OMA,NE,ACE,CE,Towers with Radar,125,157,58,7,347,0,8,40,0,48,125,165,98,7,395,24,2,26,421
07/11/2007,OMA,NE,ACE,CE,Towers with Radar,127,156,87,2,372,0,7,68,0,75,127,163,155,2,447,48,0,48,495
07/12/2007,OMA,NE,ACE,CE,Towers with Radar,130,152,69,0,351,0,3,35,1,39,130,155,104,1,390,0,0,0,390
07/13/2007,OMA,NE,ACE,CE,Towers with Radar,119,140,70,0,329,0,2,44,0,46,119,142,114,0,375,36,0,36,411
07/14/2007,OMA,NE,ACE,CE,Towers with Radar,113,97,24,3,237,0,10,31,1,42,113,107,55,4,279,37,4,41,320
07/15/2007,OMA,NE,ACE,CE,Towers with Radar,94,100,46,0,240,0,2,24,0,26,94,102,70,0,266,30,0,30,296
07/16/2007,OMA,NE,ACE,CE,Towers with Radar,110,124,77,7,318,0,13,36,0,49,110,137,113,7,367,34,2,36,403
07/17/2007,OMA,NE,ACE,CE,Towers with Radar,133,160,94,6,393,0,4,60,1,65,133,164,154,7,458,44,2,46,504
07/18/2007,OMA,NE,ACE,CE,Towers with Radar,125,166,75,0,366,0,22,34,0,56,125,188,109,0,422,46,0,46,468
07/19/2007,OMA,NE,ACE,CE,Towers with Radar,128,149,72,1,350,0,9,51,0,60,128,158,123,1,410,86,0,86,496
07/20/2007,OMA,NE,ACE,CE,Towers with Radar,123,142,83,3,351,0,13,70,0,83,123,155,153,3,434,50,4,54,488
07/21/2007,OMA,NE,ACE,CE,Towers with Radar,104,119,29,3,255,0,6,28,0,34,104,125,57,3,289,24,0,24,313
07/22/2007,OMA,NE,ACE,CE,Towers with Radar,106,117,48,0,271,0,5,36,0,41,106,122,84,0,312,18,0,18,330
07/23/2007,OMA,NE,ACE,CE,Towers with Radar,120,137,92,4,353,0,9,7,0,16,120,146,99,4,369,14,6,20,389
07/24/2007,OMA,NE,ACE,CE,Towers with Radar,124,164,85,0,373,0,5,20,0,25,124,169,105,0,398,38,0,38,436
07/25/2007,OMA,NE,ACE,CE,Towers with Radar,133,174,86,2,395,0,15,28,0,43,133,189,114,2,438,0,0,0,438
07/26/2007,OMA,NE,ACE,CE,Towers with Radar,122,142,69,0,333,0,6,33,0,39,122,148,102,0,372,8,0,8,380
07/27/2007,OMA,NE,ACE,CE,Towers with Radar,126,137,64,2,329,0,5,25,0,30,126,142,89,2,359,40,0,40,399
07/28/2007,OMA,NE,ACE,CE,Towers with Radar,107,102,39,6,254,0,6,38,2,46,107,108,77,8,300,14,14,28,328
07/29/2007,OMA,NE,ACE,CE,Towers with Radar,99,103,51,10,263,0,3,20,2,25,99,106,71,12,288,28,2,30,318
07/30/2007,OMA,NE,ACE,CE,Towers with Radar,114,134,60,3,311,0,6,25,0,31,114,140,85,3,342,2,4,6,348
07/31/2007,OMA,NE,ACE,CE,Towers with Radar,126,154,80,0,360,0,4,21,0,25,126,158,101,0,385,22,0,22,407
08/01/2007,OMA,NE,ACE,CE,Towers with Radar,144,149,74,0,367,0,0,41,0,41,144,149,115,0,408,60,0,60,468
08/02/2007,OMA,NE,ACE,CE,Towers with Radar,134,166,76,0,376,0,8,21,0,29,134,174,97,0,405,52,0,52,457
08/03/2007,OMA,NE,ACE,CE,Towers with Radar,121,143,92,2,358,0,10,51,2,63,121,153,143,4,421,62,8,70,491
08/04/2007,OMA,NE,ACE,CE,Towers with Radar,109,110,38,3,260,0,6,35,1,42,109,116,73,4,302,40,6,46,348
08/05/2007,OMA,NE,ACE,CE,Towers with Radar,111,103,49,0,263,0,6,18,0,24,111,109,67,0,287,14,0,14,301
08/06/2007,OMA,NE,ACE,CE,Towers with Radar,104,139,70,0,313,0,1,9,0,10,104,140,79,0,323,8,0,8,331
08/07/2007,OMA,NE,ACE,CE,Towers with Radar,122,155,77,0,354,0,6,12,0,18,122,161,89,0,372,22,0,22,394
08/08/2007,OMA,NE,ACE,CE,Towers with Radar,135,159,79,0,373,0,3,4,0,7,135,162,83,0,380,4,0,4,384
08/09/2007,OMA,NE,ACE,CE,Towers with Radar,120,147,96,0,363,0,12,24,0,36,120,159,120,0,399,12,0,12,411
08/10/2007,OMA,NE,ACE,CE,Towers with Radar,116,141,68,1,326,0,10,42,0,52,116,151,110,1,378,26,0,26,404
08/11/2007,OMA,NE,ACE,CE,Towers with Radar,103,118,25,1,247,0,1,29,0,30,103,119,54,1,277,20,0,20,297
08/12/2007,OMA,NE,ACE,CE,Towers with Radar,96,90,27,0,213,0,5,28,0,33,96,95,55,0,246,26,0,26,272
08/13/2007,OMA,NE,ACE,CE,Towers with Radar,113,123,91,9,336,0,5,25,0,30,113,128,116,9,366,26,6,32,398
08/14/2007,OMA,NE,ACE,CE,Towers with Radar,122,144,95,2,363,0,4,48,0,52,122,148,143,2,415,68,0,68,483
08/15/2007,OMA,NE,ACE,CE,Towers with Radar,132,153,113,1,399,0,7,41,0,48,132,160,154,1,447,78,0,78,525
08/16/2007,OMA,NE,ACE,CE,Towers with Radar,125,147,107,1,380,0,1,43,0,44,125,148,150,1,424,40,0,40,464
08/17/2007,OMA,NE,ACE,CE,Towers with Radar,120,131,69,2,322,0,1,38,0,39,120,132,107,2,361,12,0,12,373
08/18/2007,OMA,NE,ACE,CE,Towers with Radar,107,118,34,9,268,0,13,34,1,48,107,131,68,10,316,53,0,53,369
08/19/2007,OMA,NE,ACE,CE,Towers with Radar,98,102,40,3,243,0,6,19,1,26,98,108,59,4,269,30,4,34,303
08/20/2007,OMA,NE,ACE,CE,Towers with Radar,115,145,80,2,342,0,0,4,0,4,115,145,84,2,346,8,0,8,354
08/21/2007,OMA,NE,ACE,CE,Towers with Radar,129,157,81,2,369,0,1,27,0,28,129,158,108,2,397,64,0,64,461
08/22/2007,OMA,NE,ACE,CE,Towers with Radar,126,155,99,0,380,0,1,14,0,15,126,156,113,0,395,14,0,14,409
08/23/2007,OMA,NE,ACE,CE,Towers with Radar,126,152,71,0,349,0,2,10,9,21,126,154,81,9,370,12,12,24,394
08/24/2007,OMA,NE,ACE,CE,Towers with Radar,138,121,103,0,362,0,3,10,0,13,138,124,113,0,375,14,0,14,389
08/25/2007,OMA,NE,ACE,CE,Towers with Radar,110,97,51,0,258,0,3,41,0,44,110,100,92,0,302,36,0,36,338
08/26/2007,OMA,NE,ACE,CE,Towers with Radar,106,103,37,1,247,0,2,29,0,31,106,105,66,1,278,20,0,20,298
08/27/2007,OMA,NE,ACE,CE,Towers with Radar,113,131,79,2,325,0,3,28,7,38,113,134,107,9,363,16,12,28,391
08/28/2007,OMA,NE,ACE,CE,Towers with Radar,127,144,78,0,349,0,10,35,1,46,127,154,113,1,395,46,0,46,441
08/29/2007,OMA,NE,ACE,CE,Towers with Radar,127,150,106,0,383,0,5,39,5,49,127,155,145,5,432,36,10,46,478
08/30/2007,OMA,NE,ACE,CE,Towers with Radar,135,145,89,12,381,0,11,68,4,83,135,156,157,16,464,56,46,102,566
08/31/2007,OMA,NE,ACE,CE,Towers with Radar,126,142,84,0,352,0,9,48,0,57,126,151,132,0,409,24,0,24,433
09/01/2007,OMA,NE,ACE,CE,Towers with Radar,103,85,33,0,221,0,6,46,0,52,103,91,79,0,273,34,0,34,307
09/02/2007,OMA,NE,ACE,CE,Towers with Radar,72,89,18,0,179,0,4,39,0,43,72,93,57,0,222,24,0,24,246
09/03/2007,OMA,NE,ACE,CE,Towers with Radar,103,103,42,2,250,0,2,26,1,29,103,105,68,3,279,2,2,4,283
09/04/2007,OMA,NE,ACE,CE,Towers with Radar,111,137,66,4,318,0,2,27,0,29,111,139,93,4,347,54,6,60,407
09/05/2007,OMA,NE,ACE,CE,Towers with Radar,133,141,80,0,354,0,6,29,0,35,133,147,109,0,389,34,0,34,423
09/06/2007,OMA,NE,ACE,CE,Towers with Radar,127,162,66,0,355,0,4,16,0,20,127,166,82,0,375,14,0,14,389
09/07/2007,OMA,NE,ACE,CE,Towers with Radar,127,146,58,4,335,0,5,22,4,31,127,151,80,8,366,11,0,11,377
09/08/2007,OMA,NE,ACE,CE,Towers with Radar,94,96,37,1,228,0,10,32,0,42,94,106,69,1,270,24,0,24,294
09/09/2007,OMA,NE,ACE,CE,Towers with Radar,89,97,44,0,230,0,2,15,0,17,89,99,59,0,247,12,0,12,259
09/10/2007,OMA,NE,ACE,CE,Towers with Radar,103,137,81,1,322,0,5,4,0,9,103,142,85,1,331,6,0,6,337
09/11/2007,OMA,NE,ACE,CE,Towers with Radar,136,158,75,2,371,0,9,58,0,67,136,167,133,2,438,52,2,54,492
09/12/2007,OMA,NE,ACE,CE,Towers with Radar,130,156,92,4,382,0,13,20,1,34,130,169,112,5,416,32,16,48,464
09/13/2007,OMA,NE,ACE,CE,Towers with Radar,127,145,95,4,371,0,8,41,0,49,127,153,136,4,420,40,0,40,460
09/14/2007,OMA,NE,ACE,CE,Towers with Radar,126,148,92,14,380,0,5,36,1,42,126,153,128,15,422,12,0,12,434
09/15/2007,OMA,NE,ACE,CE,Towers with Radar,96,91,46,3,236,0,8,22,0,30,96,99,68,3,266,16,4,20,286
09/16/2007,OMA,NE,ACE,CE,Towers with Radar,96,120,56,4,276,0,3,20,0,23,96,123,76,4,299,23,0,23,322
09/17/2007,OMA,NE,ACE,CE,Towers with Radar,118,143,101,8,370,0,6,22,3,31,118,149,123,11,401,16,4,20,421
09/18/2007,OMA,NE,ACE,CE,Towers with Radar,157,167,73,7,404,0,4,2,0,6,157,171,75,7,410,4,0,4,414
09/19/2007,OMA,NE,ACE,CE,Towers with Radar,132,145,87,3,367,0,3,23,0,26,132,148,110,3,393,20,0,20,413
09/20/2007,OMA,NE,ACE,CE,Towers with Radar,146,159,77,4,386,0,12,43,2,57,146,171,120,6,443,22,4,26,469
09/21/2007,OMA,NE,ACE,CE,Towers with Radar,131,150,81,1,363,0,12,26,1,39,131,162,107,2,402,28,0,28,430
09/22/2007,OMA,NE,ACE,CE,Towers with Radar,97,113,62,0,272,0,5,30,0,35,97,118,92,0,307,18,0,18,325
09/23/2007,OMA,NE,ACE,CE,Towers with Radar,92,110,33,0,235,0,6,14,0,20,92,116,47,0,255,0,0,0,255
09/24/2007,OMA,NE,ACE,CE,Towers with Radar,111,126,65,2,304,0,2,5,0,7,111,128,70,2,311,16,0,16,327
09/25/2007,OMA,NE,ACE,CE,Towers with Radar,125,134,75,0,334,0,6,20,0,26,125,140,95,0,360,26,0,26,386
09/26/2007,OMA,NE,ACE,CE,Towers with Radar,147,142,89,2,380,0,7,51,0,58,147,149,140,2,438,74,0,74,512
09/27/2007,OMA,NE,ACE,CE,Towers with Radar,142,141,88,6,377,0,14,43,0,57,142,155,131,6,434,56,0,56,490
09/28/2007,OMA,NE,ACE,CE,Towers with Radar,144,142,96,0,382,0,6,30,0,36,144,148,126,0,418,30,0,30,448
09/29/2007,OMA,NE,ACE,CE,Towers with Radar,104,97,41,0,242,0,6,24,0,30,104,103,65,0,272,12,0,12,284
09/30/2007,OMA,NE,ACE,CE,Towers with Radar,97,93,27,2,219,0,5,2,0,7,97,98,29,2,226,6,0,6,232
10/01/2007,OMA,NE,ACE,CE,Towers with Radar,112,123,81,6,322,0,12,38,1,51,112,148,119,7,386,30,2,32,465
10/02/2007,OMA,NE,ACE,CE,Towers with Radar,130,142,61,0,333,0,5,13,0,18,130,148,74,0,352,10,0,10,381
10/03/2007,OMA,NE,ACE,CE,Towers with Radar,134,162,90,0,386,0,6,25,0,31,134,178,115,0,427,40,0,40,515
10/04/2007,OMA,NE,ACE,CE,Towers with Radar,149,133,85,0,367,0,5,10,0,15,149,146,95,0,390,10,0,10,431
10/05/2007,OMA,NE,ACE,CE,Towers with Radar,144,146,93,11,394,0,5,29,0,34,144,161,122,11,438,6,6,12,513
10/06/2007,OMA,NE,ACE,CE,Towers with Radar,108,82,35,0,225,0,8,26,3,37,108,96,61,3,268,12,0,12,300
10/07/2007,OMA,NE,ACE,CE,Towers with Radar,95,111,33,0,239,1,5,2,0,8,96,122,35,0,253,4,0,4,274
10/08/2007,OMA,NE,ACE,CE,Towers with Radar,115,133,87,6,341,0,11,14,1,26,115,148,101,7,371,18,8,26,428
10/09/2007,OMA,NE,ACE,CE,Towers with Radar,128,146,97,6,377,0,7,35,0,42,128,173,132,6,439,14,2,16,513
10/10/2007,OMA,NE,ACE,CE,Towers with Radar,147,126,103,0,376,0,10,34,0,44,147,146,137,0,430,24,2,26,514
10/11/2007,OMA,NE,ACE,CE,Towers with Radar,150,141,81,2,374,0,10,33,2,45,150,162,114,4,430,40,10,50,539
10/12/2007,OMA,NE,ACE,CE,Towers with Radar,142,145,104,3,394,0,20,27,0,47,142,176,131,3,452,56,4,60,552
10/13/2007,OMA,NE,ACE,CE,Towers with Radar,92,82,31,0,205,0,2,10,0,12,92,87,41,0,220,16,0,16,246
10/14/2007,OMA,NE,ACE,CE,Towers with Radar,101,108,22,0,231,0,1,0,0,1,101,110,22,0,233,0,0,0,239
10/15/2007,OMA,NE,ACE,CE,Towers with Radar,113,128,69,0,310,0,0,4,0,4,113,130,73,0,316,8,0,8,326
10/16/2007,OMA,NE,ACE,CE,Towers with Radar,140,133,76,3,352,0,2,11,0,13,140,140,87,3,370,29,0,29,423
10/17/2007,OMA,NE,ACE,CE,Towers with Radar,129,152,89,2,372,0,1,5,0,6,129,158,94,2,383,2,0,2,397
10/18/2007,OMA,NE,ACE,CE,Towers with Radar,131,133,80,2,346,0,1,2,0,3,131,135,82,2,350,2,0,2,372
10/19/2007,OMA,NE,ACE,CE,Towers with Radar,142,149,88,0,379,0,13,39,1,53,142,173,127,1,443,42,0,42,545
10/20/2007,OMA,NE,ACE,CE,Towers with Radar,113,77,35,1,226,0,3,30,0,33,113,84,65,1,263,30,0,30,332
10/21/2007,OMA,NE,ACE,CE,Towers with Radar,96,112,39,0,247,0,7,12,0,19,96,123,51,0,270,10,0,10,298
10/22/2007,OMA,NE,ACE,CE,Towers with Radar,117,138,74,2,331,0,13,9,1,23,117,156,83,3,359,6,2,8,394
10/23/2007,OMA,NE,ACE,CE,Towers with Radar,139,143,90,0,372,0,12,35,0,47,139,165,125,0,429,22,0,22,505
10/24/2007,OMA,NE,ACE,CE,Towers with Radar,142,155,77,0,374,0,5,31,0,36,142,165,108,0,415,24,0,24,463
10/25/2007,OMA,NE,ACE,CE,Towers with Radar,150,137,87,4,378,0,7,49,2,58,150,153,136,6,445,63,0,63,565
10/26/2007,OMA,NE,ACE,CE,Towers with Radar,130,134,95,0,359,0,10,42,0,52,130,152,137,0,419,30,0,30,506
10/27/2007,OMA,NE,ACE,CE,Towers with Radar,95,77,44,0,216,0,6,43,0,49,95,101,87,0,283,28,0,28,323
10/28/2007,OMA,NE,ACE,CE,Towers with Radar,93,108,45,0,246,0,3,32,0,35,93,115,77,0,285,34,0,34,351
10/29/2007,OMA,NE,ACE,CE,Towers with Radar,108,141,69,0,318,0,11,24,0,35,108,163,93,0,364,24,0,24,411
10/30/2007,OMA,NE,ACE,CE,Towers with Radar,125,161,105,4,395,0,8,18,0,26,125,179,123,4,431,20,2,22,488
10/31/2007,OMA,NE,ACE,CE,Towers with Radar,150,129,72,3,354,0,7,11,1,19,150,143,83,4,380,14,2,16,413
11/01/2007,OMA,NE,ACE,CE,Towers with Radar,144,124,79,0,347,0,8,24,0,32,144,146,103,0,393,8,0,8,441
11/02/2007,OMA,NE,ACE,CE,Towers with Radar,111,146,78,0,335,0,0,0,0,0,111,146,78,0,335,48,0,48,383
11/03/2007,OMA,NE,ACE,CE,Towers with Radar,106,72,41,0,219,0,0,0,0,0,106,75,41,0,222,14,0,14,284
11/04/2007,OMA,NE,ACE,CE,Towers with Radar,94,108,43,0,245,0,3,50,0,53,94,116,93,0,303,36,0,36,362
11/05/2007,OMA,NE,ACE,CE,Towers with Radar,120,139,75,2,336,0,9,0,0,9,120,159,75,2,356,6,4,10,386
11/06/2007,OMA,NE,ACE,CE,Towers with Radar,139,130,80,0,349,0,5,19,3,27,139,144,99,3,385,12,0,12,445
11/07/2007,OMA,NE,ACE,CE,Towers with Radar,154,129,80,0,363,0,11,37,0,48,154,154,117,0,425,32,0,32,515
11/08/2007,OMA,NE,ACE,CE,Towers with Radar,138,144,92,6,380,0,6,37,1,44,138,164,129,7,438,44,8,52,542
11/09/2007,OMA,NE,ACE,CE,Towers with Radar,134,141,66,1,342,0,9,50,0,59,134,157,116,1,408,44,0,44,516
11/10/2007,OMA,NE,ACE,CE,Towers with Radar,104,89,34,2,229,0,4,21,2,27,104,98,55,4,261,24,2,26,313
11/11/2007,OMA,NE,ACE,CE,Towers with Radar,96,120,37,0,253,0,2,14,0,16,96,125,51,0,272,56,0,56,345
11/12/2007,OMA,NE,ACE,CE,Towers with Radar,107,149,96,1,353,0,16,12,0,28,107,180,108,1,396,26,0,26,455
11/13/2007,OMA,NE,ACE,CE,Towers with Radar,122,161,70,1,354,0,2,16,0,18,122,170,86,1,379,8,0,8,408
11/14/2007,OMA,NE,ACE,CE,Towers with Radar,126,159,85,3,373,0,8,27,1,36,126,175,112,4,417,24,4,28,481
11/15/2007,OMA,NE,ACE,CE,Towers with Radar,122,152,102,1,377,0,6,27,0,33,122,166,129,1,418,48,0,48,520
11/16/2007,OMA,NE,ACE,CE,Towers with Radar,119,159,127,0,405,0,0,0,0,0,119,159,127,0,405,26,0,26,431
11/17/2007,OMA,NE,ACE,CE,Towers with Radar,99,96,46,0,241,0,5,47,0,52,99,108,93,0,300,57,0,57,399
11/18/2007,OMA,NE,ACE,CE,Towers with Radar,95,117,32,0,244,0,5,19,0,24,95,123,51,0,269,32,0,32,341
11/19/2007,OMA,NE,ACE,CE,Towers with Radar,122,134,76,0,332,0,8,22,0,30,122,154,98,0,374,46,0,46,455
11/20/2007,OMA,NE,ACE,CE,Towers with Radar,138,161,88,0,387,0,2,0,0,2,138,166,88,0,392,8,0,8,400
11/21/2007,OMA,NE,ACE,CE,Towers with Radar,127,165,48,1,341,0,6,16,0,22,127,179,64,1,371,2,0,2,405
11/22/2007,OMA,NE,ACE,CE,Towers with Radar,69,82,11,0,162,0,2,7,0,9,69,92,18,0,179,6,0,6,216
11/23/2007,OMA,NE,ACE,CE,Towers with Radar,89,108,24,0,221,0,7,19,0,26,89,132,43,0,264,23,0,23,320
11/24/2007,OMA,NE,ACE,CE,Towers with Radar,97,116,23,0,236,0,2,4,2,8,97,125,27,2,251,0,0,0,257
11/25/2007,OMA,NE,ACE,CE,Towers with Radar,104,124,75,1,304,0,0,0,0,0,104,124,75,1,304,20,0,20,324
11/26/2007,OMA,NE,ACE,CE,Towers with Radar,112,144,82,0,338,0,6,24,0,30,112,156,106,0,374,24,0,24,426
11/27/2007,OMA,NE,ACE,CE,Towers with Radar,125,151,81,4,361,0,8,24,0,32,125,165,105,4,399,22,2,24,457
11/28/2007,OMA,NE,ACE,CE,Towers with Radar,137,161,71,4,373,0,11,14,0,25,137,176,85,4,402,10,0,10,442
11/29/2007,OMA,NE,ACE,CE,Towers with Radar,129,145,72,3,349,0,14,32,1,47,129,159,104,4,396,0,0,0,403
11/30/2007,OMA,NE,ACE,CE,Towers with Radar,115,142,68,0,325,0,12,21,4,37,115,155,89,4,363,0,0,0,374
12/01/2007,OMA,NE,ACE,CE,Towers with Radar,82,63,8,0,153,0,1,0,0,1,82,64,8,0,154,0,0,0,155
12/02/2007,OMA,NE,ACE,CE,Towers with Radar,90,83,27,2,202,0,8,7,2,17,90,95,34,4,223,12,0,12,242
12/03/2007,OMA,NE,ACE,CE,Towers with Radar,115,133,75,0,323,0,12,17,1,30,115,145,92,1,353,20,4,24,387
12/04/2007,OMA,NE,ACE,CE,Towers with Radar,124,148,71,2,345,0,13,4,3,20,124,162,75,5,366,10,0,10,387
12/05/2007,OMA,NE,ACE,CE,Towers with Radar,127,134,87,3,351,0,9,17,0,26,127,143,104,3,377,34,0,34,413
12/06/2007,OMA,NE,ACE,CE,Towers with Radar,132,139,57,1,329,0,1,0,0,1,132,140,57,1,330,2,0,2,333
12/07/2007,OMA,NE,ACE,CE,Towers with Radar,118,133,78,0,329,0,4,18,0,22,118,142,96,0,356,50,0,50,419
12/08/2007,OMA,NE,ACE,CE,Towers with Radar,86,79,24,0,189,0,2,2,0,4,86,82,26,0,194,4,0,4,200
12/09/2007,OMA,NE,ACE,CE,Towers with Radar,104,89,28,0,221,0,0,0,0,0,104,89,28,0,221,4,0,4,230
12/10/2007,OMA,NE,ACE,CE,Towers with Radar,107,126,92,2,327,0,5,3,0,8,107,131,95,2,335,10,0,10,348
12/11/2007,OMA,NE,ACE,CE,Towers with Radar,111,105,42,4,262,0,1,0,0,1,111,106,42,4,263,0,0,0,263
12/12/2007,OMA,NE,ACE,CE,Towers with Radar,131,150,84,0,365,0,5,8,0,13,131,178,92,0,401,24,0,24,428
12/13/2007,OMA,NE,ACE,CE,Towers with Radar,132,129,106,0,367,0,8,26,0,34,132,137,132,0,401,42,0,42,455
12/14/2007,OMA,NE,ACE,CE,Towers with Radar,123,138,92,8,361,0,4,15,3,22,123,154,107,11,395,46,0,46,448
12/15/2007,OMA,NE,ACE,CE,Towers with Radar,90,90,30,2,212,0,2,3,0,5,90,92,33,2,217,0,0,0,220
12/16/2007,OMA,NE,ACE,CE,Towers with Radar,98,99,44,5,246,0,10,17,0,27,98,110,61,5,274,28,0,28,309
12/17/2007,OMA,NE,ACE,CE,Towers with Radar,123,128,70,2,323,0,7,18,5,30,123,136,88,7,354,26,0,26,388
12/18/2007,OMA,NE,ACE,CE,Towers with Radar,127,138,73,5,343,0,9,23,0,32,127,148,96,5,376,10,0,10,402
12/19/2007,OMA,NE,ACE,CE,Towers with Radar,130,167,101,0,398,0,11,35,1,47,130,178,136,1,445,38,0,38,496
12/20/2007,OMA,NE,ACE,CE,Towers with Radar,131,145,68,0,344,0,3,17,0,20,131,148,85,0,364,26,0,26,397
12/21/2007,OMA,NE,ACE,CE,Towers with Radar,121,156,83,11,371,0,2,3,0,5,121,158,86,11,376,2,10,12,395
12/22/2007,OMA,NE,ACE,CE,Towers with Radar,114,115,31,0,260,0,4,4,0,8,114,119,35,0,268,4,0,4,274
12/23/2007,OMA,NE,ACE,CE,Towers with Radar,98,85,27,1,211,0,6,6,0,12,98,91,33,1,223,4,0,4,238
12/24/2007,OMA,NE,ACE,CE,Towers with Radar,101,91,16,0,208,0,16,17,0,33,101,107,33,0,241,8,0,8,258
12/25/2007,OMA,NE,ACE,CE,Towers with Radar,83,86,11,0,180,0,6,7,0,13,83,92,18,0,193,8,0,8,207
12/26/2007,OMA,NE,ACE,CE,Towers with Radar,119,127,49,1,296,0,8,6,0,14,119,135,55,1,310,10,0,10,323
12/27/2007,OMA,NE,ACE,CE,Towers with Radar,121,148,39,0,308,0,0,0,0,0,121,148,39,0,308,0,0,0,308
12/28/2007,OMA,NE,ACE,CE,Towers with Radar,121,135,32,0,288,0,3,6,0,9,121,138,38,0,297,12,0,12,314
12/29/2007,OMA,NE,ACE,CE,Towers with Radar,108,96,45,0,249,0,11,40,0,51,108,107,85,0,300,54,0,54,361
12/30/2007,OMA,NE,ACE,CE,Towers with Radar,102,93,26,0,221,0,11,31,0,42,102,105,57,0,264,40,0,40,311
12/31/2007,OMA,NE,ACE,CE,Towers with Radar,98,96,17,0,211,0,7,13,0,20,98,103,30,0,231,14,0,14,251
01/01/2008,OMA,NE,ACE,CE,Towers with Radar,90,104,26,1,221,0,6,1,1,8,90,110,27,2,229,2,0,2,239
01/02/2008,OMA,NE,ACE,CE,Towers with Radar,119,133,52,0,304,0,11,19,0,30,119,144,71,0,334,96,0,96,443
01/03/2008,OMA,NE,ACE,CE,Towers with Radar,129,129,64,6,328,0,15,12,0,27,129,144,76,6,355,58,6,64,430
01/04/2008,OMA,NE,ACE,CE,Towers with Radar,124,135,45,1,305,0,5,33,0,38,124,140,78,1,343,92,0,92,445
01/05/2008,OMA,NE,ACE,CE,Towers with Radar,96,94,37,0,227,0,5,20,1,26,96,100,57,1,254,74,0,74,338
01/06/2008,OMA,NE,ACE,CE,Towers with Radar,97,87,42,0,226,0,5,35,0,40,97,92,77,0,266,24,0,24,303
01/07/2008,OMA,NE,ACE,CE,Towers with Radar,119,125,65,2,311,0,9,20,1,30,119,134,85,3,341,16,0,16,362
01/08/2008,OMA,NE,ACE,CE,Towers with Radar,117,151,78,0,346,0,15,10,0,25,117,169,88,0,374,12,0,12,396
01/09/2008,OMA,NE,ACE,CE,Towers with Radar,121,135,76,0,332,0,6,20,0,26,121,141,96,0,358,20,0,20,390
01/10/2008,OMA,NE,ACE,CE,Towers with Radar,118,130,62,0,310,0,4,11,0,15,118,134,73,0,325,22,0,22,356
01/11/2008,OMA,NE,ACE,CE,Towers with Radar,112,124,77,2,315,0,8,41,0,49,112,134,118,2,366,22,0,22,397
01/12/2008,OMA,NE,ACE,CE,Towers with Radar,93,81,11,0,185,0,7,0,0,7,93,88,11,0,192,24,0,24,221
01/13/2008,OMA,NE,ACE,CE,Towers with Radar,87,92,33,0,212,0,5,27,1,33,87,98,60,1,246,42,0,42,303
01/14/2008,OMA,NE,ACE,CE,Towers with Radar,105,121,86,0,312,0,6,23,0,29,105,127,109,0,341,26,0,26,373
01/15/2008,OMA,NE,ACE,CE,Towers with Radar,116,141,74,2,333,0,19,17,0,36,116,161,91,2,370,34,0,34,418
01/16/2008,OMA,NE,ACE,CE,Towers with Radar,120,135,57,0,312,0,3,0,0,3,120,138,57,0,315,6,0,6,324
01/17/2008,OMA,NE,ACE,CE,Towers with Radar,113,153,61,0,327,0,15,10,0,25,113,169,71,0,353,20,0,20,378
01/18/2008,OMA,NE,ACE,CE,Towers with Radar,110,143,61,1,315,0,6,11,0,17,110,150,72,1,333,8,0,8,351
01/19/2008,OMA,NE,ACE,CE,Towers with Radar,93,84,23,1,201,0,7,17,0,24,93,91,40,1,225,20,0,20,255
01/20/2008,OMA,NE,ACE,CE,Towers with Radar,87,87,22,0,196,0,6,5,0,11,87,94,27,0,208,2,0,2,220
01/21/2008,OMA,NE,ACE,CE,Towers with Radar,99,113,61,0,273,0,2,3,0,5,99,115,64,0,278,4,0,4,282
01/22/2008,OMA,NE,ACE,CE,Towers with Radar,118,134,67,0,319,0,10,9,3,22,118,145,76,3,342,20,0,20,371
01/23/2008,OMA,NE,ACE,CE,Towers with Radar,119,134,73,0,326,0,3,3,0,6,119,137,76,0,332,8,0,8,347
01/24/2008,OMA,NE,ACE,CE,Towers with Radar,114,134,70,0,318,0,5,21,0,26,114,140,91,0,345,44,0,44,397
01/25/2008,OMA,NE,ACE,CE,Towers with Radar,108,135,50,0,293,0,11,18,0,29,108,146,68,0,322,50,0,50,380
01/26/2008,OMA,NE,ACE,CE,Towers with Radar,88,91,28,0,207,0,6,30,2,38,88,97,58,2,245,38,0,38,292
01/27/2008,OMA,NE,ACE,CE,Towers with Radar,89,86,38,0,213,0,7,21,2,30,89,93,59,2,243,42,0,42,294
01/28/2008,OMA,NE,ACE,CE,Towers with Radar,106,121,64,0,291,0,6,21,0,27,106,127,85,0,318,18,0,18,344
01/29/2008,OMA,NE,ACE,CE,Towers with Radar,115,134,54,0,303,0,4,2,0,6,115,139,56,0,310,2,0,2,318
01/30/2008,OMA,NE,ACE,CE,Towers with Radar,117,159,97,0,373,0,16,12,2,30,117,176,109,2,404,12,0,12,423
01/31/2008,OMA,NE,ACE,CE,Towers with Radar,107,129,72,0,308,0,5,16,2,23,107,134,88,2,331,28,0,28,370
02/01/2008,OMA,NE,ACE,CE,Towers with Radar,116,132,60,0,308,0,8,17,0,25,116,141,77,0,334,10,0,10,354
02/02/2008,OMA,NE,ACE,CE,Towers with Radar,89,86,33,3,211,0,13,35,0,48,89,99,68,3,259,56,0,56,327
02/03/2008,OMA,NE,ACE,CE,Towers with Radar,87,96,11,1,195,0,1,0,0,1,87,97,11,1,196,0,0,0,198
02/04/2008,OMA,NE,ACE,CE,Towers with Radar,97,114,64,0,275,0,0,0,0,0,97,114,64,0,275,0,0,0,275
02/05/2008,OMA,NE,ACE,CE,Towers with Radar,107,111,55,0,273,0,0,0,0,0,107,111,55,0,273,2,0,2,275
02/06/2008,OMA,NE,ACE,CE,Towers with Radar,107,135,95,0,337,0,4,3,0,7,107,139,98,0,344,8,0,8,356
02/07/2008,OMA,NE,ACE,CE,Towers with Radar,119,146,87,2,354,0,8,9,0,17,119,154,96,2,371,40,0,40,418
02/08/2008,OMA,NE,ACE,CE,Towers with Radar,114,131,78,0,323,0,14,13,1,28,114,145,91,1,351,38,0,38,396
02/09/2008,OMA,NE,ACE,CE,Towers with Radar,84,87,30,0,201,0,9,13,0,22,84,96,43,0,223,4,0,4,235
02/10/2008,OMA,NE,ACE,CE,Towers with Radar,88,85,28,4,205,0,16,1,0,17,88,102,29,4,223,0,6,6,235
02/11/2008,OMA,NE,ACE,CE,Towers with Radar,101,130,82,0,313,0,6,13,0,19,101,136,95,0,332,26,0,26,369
02/12/2008,OMA,NE,ACE,CE,Towers with Radar,115,128,82,0,325,0,10,13,0,23,115,138,95,0,348,40,0,40,396
02/13/2008,OMA,NE,ACE,CE,Towers with Radar,121,142,96,0,359,0,4,17,0,21,121,147,113,0,381,14,0,14,403
02/14/2008,OMA,NE,ACE,CE,Towers with Radar,119,146,79,0,344,0,5,1,0,6,120,151,80,0,351,0,0,0,358
02/15/2008,OMA,NE,ACE,CE,Towers with Radar,111,149,67,10,337,0,9,19,0,28,111,158,86,10,365,22,10,32,406
02/16/2008,OMA,NE,ACE,CE,Towers with Radar,91,88,34,0,213,0,11,38,0,49,91,100,72,0,263,16,0,16,292
02/17/2008,OMA,NE,ACE,CE,Towers with Radar,88,92,19,0,199,0,7,0,2,9,88,99,19,2,208,0,0,0,211
02/18/2008,OMA,NE,ACE,CE,Towers with Radar,107,128,62,0,297,0,11,14,0,25,107,139,76,0,322,12,0,12,338
02/19/2008,OMA,NE,ACE,CE,Towers with Radar,118,147,67,2,334,0,8,22,1,31,118,155,89,3,365,56,2,58,433
02/20/2008,OMA,NE,ACE,CE,Towers with Radar,119,150,58,4,331,0,14,12,1,27,119,164,70,5,358,70,0,70,444
02/21/2008,OMA,NE,ACE,CE,Towers with Radar,119,150,76,0,345,0,11,20,0,31,119,161,96,0,376,38,0,38,426
02/22/2008,OMA,NE,ACE,CE,Towers with Radar,115,132,77,10,334,0,9,19,0,28,115,141,96,10,362,44,10,54,427
02/23/2008,OMA,NE,ACE,CE,Towers with Radar,96,93,44,0,233,0,14,39,0,53,96,108,83,0,287,36,0,36,336
02/24/2008,OMA,NE,ACE,CE,Towers with Radar,95,100,44,0,239,0,8,28,0,36,95,108,72,0,275,52,0,52,334
02/25/2008,OMA,NE,ACE,CE,Towers with Radar,102,108,56,0,266,0,3,0,0,3,102,111,56,0,269,0,0,0,269
02/26/2008,OMA,NE,ACE,CE,Towers with Radar,115,147,65,0,327,0,3,7,2,12,115,150,72,2,339,0,0,0,346
02/27/2008,OMA,NE,ACE,CE,Towers with Radar,120,157,94,0,371,0,8,19,2,29,120,165,113,2,400,38,0,38,445
02/28/2008,OMA,NE,ACE,CE,Towers with Radar,122,153,76,0,351,0,6,3,0,9,122,161,79,0,362,8,0,8,378
02/29/2008,OMA,NE,ACE,CE,Towers with Radar,114,146,64,1,325,0,15,29,0,44,114,161,93,1,369,60,6,66,449
03/01/2008,OMA,NE,ACE,CE,Towers with Radar,98,89,47,0,234,0,12,43,2,57,98,101,90,2,291,36,0,36,336
03/02/2008,OMA,NE,ACE,CE,Towers with Radar,94,88,22,2,206,0,2,2,1,5,94,90,24,3,211,2,0,2,216
03/03/2008,OMA,NE,ACE,CE,Towers with Radar,110,117,60,0,287,0,5,12,0,17,110,123,72,0,305,4,0,4,313
03/04/2008,OMA,NE,ACE,CE,Towers with Radar,113,139,70,3,325,0,4,11,0,15,113,143,81,3,340,34,8,42,394
03/05/2008,OMA,NE,ACE,CE,Towers with Radar,119,152,65,0,336,0,8,4,0,12,119,160,69,0,348,32,0,32,394
03/06/2008,OMA,NE,ACE,CE,Towers with Radar,110,141,74,0,325,0,16,34,0,50,110,158,108,0,376,84,8,92,484
03/07/2008,OMA,NE,ACE,CE,Towers with Radar,113,128,80,0,321,0,12,15,1,28,113,141,95,1,350,16,0,16,371
03/08/2008,OMA,NE,ACE,CE,Towers with Radar,98,75,24,0,197,0,13,15,1,29,98,88,39,1,226,78,0,78,316
03/09/2008,OMA,NE,ACE,CE,Towers with Radar,94,87,34,0,215,0,5,26,0,31,94,92,60,0,246,44,0,44,296
03/10/2008,OMA,NE,ACE,CE,Towers with Radar,114,137,65,2,318,0,4,32,1,37,114,141,97,3,355,48,2,50,413
03/11/2008,OMA,NE,ACE,CE,Towers with Radar,118,143,73,0,334,0,12,27,0,39,118,157,100,0,375,46,0,46,431
03/12/2008,OMA,NE,ACE,CE,Towers with Radar,121,145,77,0,343,0,24,25,0,49,121,169,102,0,392,24,0,24,423
03/13/2008,OMA,NE,ACE,CE,Towers with Radar,117,153,70,0,340,0,8,33,0,41,117,162,103,0,382,22,0,22,409
03/14/2008,OMA,NE,ACE,CE,Towers with Radar,121,143,76,0,340,0,7,14,1,22,121,150,90,1,362,42,0,42,411
03/15/2008,OMA,NE,ACE,CE,Towers with Radar,100,99,34,0,233,0,15,10,1,26,100,114,44,1,259,40,0,40,307
03/16/2008,OMA,NE,ACE,CE,Towers with Radar,97,99,35,0,231,0,7,12,0,19,97,106,47,0,250,10,0,10,268
03/17/2008,OMA,NE,ACE,CE,Towers with Radar,111,129,56,0,296,0,4,1,0,5,111,133,57,0,301,2,0,2,303
03/18/2008,OMA,NE,ACE,CE,Towers with Radar,121,133,65,0,319,0,8,9,0,17,121,142,74,0,337,68,0,68,412
03/19/2008,OMA,NE,ACE,CE,Towers with Radar,120,142,81,0,343,0,9,32,0,41,120,151,113,0,384,16,0,16,412
03/20/2008,OMA,NE,ACE,CE,Towers with Radar,125,157,126,7,415,0,10,37,3,50,125,167,163,10,465,74,8,82,560
03/21/2008,OMA,NE,ACE,CE,Towers with Radar,120,127,54,0,301,0,15,14,1,30,120,142,68,1,331,36,0,36,374
03/22/2008,OMA,NE,ACE,CE,Towers with Radar,103,105,73,0,281,0,6,13,0,19,103,112,86,0,301,18,0,18,326
03/23/2008,OMA,NE,ACE,CE,Towers with Radar,97,99,23,1,220,0,4,5,0,9,97,104,28,1,230,4,0,4,240
03/24/2008,OMA,NE,ACE,CE,Towers with Radar,112,115,62,2,291,0,7,17,1,25,112,122,79,3,316,4,0,4,328
03/25/2008,OMA,NE,ACE,CE,Towers with Radar,116,144,68,0,328,0,10,18,3,31,116,154,86,3,359,12,0,12,384
03/26/2008,OMA,NE,ACE,CE,Towers with Radar,120,143,74,2,339,0,10,30,4,44,120,156,104,6,386,46,0,46,441
03/27/2008,OMA,NE,ACE,CE,Towers with Radar,112,138,68,0,318,0,6,2,0,8,112,144,70,0,326,0,0,0,331
03/28/2008,OMA,NE,ACE,CE,Towers with Radar,121,161,67,11,360,0,34,37,2,73,121,196,104,13,434,102,14,116,578
03/29/2008,OMA,NE,ACE,CE,Towers with Radar,103,102,27,0,232,0,24,18,0,42,103,126,45,0,274,16,0,16,301
03/30/2008,OMA,NE,ACE,CE,Towers with Radar,101,90,36,1,228,0,15,3,0,18,101,105,39,1,246,14,0,14,271
03/31/2008,OMA,NE,ACE,CE,Towers with Radar,106,122,55,6,289,0,2,0,0,2,106,124,55,6,291,6,6,12,303
04/01/2008,OMA,NE,ACE,CE,Towers with Radar,122,139,68,0,329,0,5,8,0,13,122,144,76,0,342,48,0,48,408
04/02/2008,OMA,NE,ACE,CE,Towers with Radar,121,136,78,0,335,0,3,20,0,23,121,140,98,0,359,76,0,76,443
04/03/2008,OMA,NE,ACE,CE,Towers with Radar,120,146,81,2,349,0,2,1,0,3,120,148,82,2,352,8,0,8,370
04/04/2008,OMA,NE,ACE,CE,Towers with Radar,117,127,55,2,301,0,4,25,1,30,117,131,80,3,331,80,0,80,428
04/05/2008,OMA,NE,ACE,CE,Towers with Radar,101,97,28,2,228,0,7,34,0,41,101,104,62,2,269,22,0,22,306
04/06/2008,OMA,NE,ACE,CE,Towers with Radar,101,84,15,0,200,0,3,25,0,28,101,87,40,0,228,6,0,6,240
04/07/2008,OMA,NE,ACE,CE,Towers with Radar,110,111,53,0,274,0,8,18,0,26,110,119,71,0,300,14,0,14,322
04/08/2008,OMA,NE,ACE,CE,Towers with Radar,116,134,72,1,323,0,6,4,0,10,116,140,76,1,333,20,0,20,365
04/09/2008,OMA,NE,ACE,CE,Towers with Radar,115,144,93,0,352,0,4,21,0,25,115,148,114,0,377,34,0,34,422
04/10/2008,OMA,NE,ACE,CE,Towers with Radar,112,120,50,2,284,0,0,0,0,0,113,122,50,2,287,4,0,4,291
04/11/2008,OMA,NE,ACE,CE,Towers with Radar,110,135,56,0,301,0,3,1,0,4,110,138,57,0,305,4,0,4,309
04/12/2008,OMA,NE,ACE,CE,Towers with Radar,93,91,27,0,211,0,6,0,0,6,93,97,27,0,217,6,0,6,227
04/13/2008,OMA,NE,ACE,CE,Towers with Radar,104,90,49,2,245,0,5,37,1,43,104,95,86,3,288,22,0,22,318
04/14/2008,OMA,NE,ACE,CE,Towers with Radar,115,118,73,6,312,0,18,45,0,63,115,136,118,6,375,48,6,54,435
04/15/2008,OMA,NE,ACE,CE,Towers with Radar,124,139,52,3,318,0,7,8,1,16,124,146,60,4,334,8,4,12,349
04/16/2008,OMA,NE,ACE,CE,Towers with Radar,120,142,99,2,363,0,9,19,1,29,120,152,118,3,393,4,0,4,411
04/17/2008,OMA,NE,ACE,CE,Towers with Radar,121,128,61,2,312,0,6,0,1,7,121,134,61,3,319,0,0,0,320
04/18/2008,OMA,NE,ACE,CE,Towers with Radar,121,134,51,0,306,0,3,2,0,5,121,137,53,0,311,2,0,2,316
04/19/2008,OMA,NE,ACE,CE,Towers with Radar,93,89,26,0,208,0,11,65,1,77,93,100,91,1,285,52,0,52,348
04/20/2008,OMA,NE,ACE,CE,Towers with Radar,103,83,26,0,212,0,6,22,0,28,103,89,48,0,240,10,0,10,261
04/21/2008,OMA,NE,ACE,CE,Towers with Radar,111,129,78,2,320,0,12,15,1,28,111,142,93,3,349,32,0,32,386
04/22/2008,OMA,NE,ACE,CE,Towers with Radar,121,144,70,12,347,0,17,31,3,51,121,161,101,15,398,20,8,28,434
04/23/2008,OMA,NE,ACE,CE,Towers with Radar,135,146,82,0,363,0,13,19,0,32,135,159,101,0,395,14,0,14,414
04/24/2008,OMA,NE,ACE,CE,Towers with Radar,124,131,75,6,336,0,8,2,0,10,124,139,77,6,346,4,6,10,358
04/25/2008,OMA,NE,ACE,CE,Towers with Radar,123,128,54,7,312,0,2,2,1,5,123,130,56,8,317,0,2,2,322
04/26/2008,OMA,NE,ACE,CE,Towers with Radar,93,84,26,1,204,0,4,28,0,32,93,88,54,1,236,16,0,16,260
04/27/2008,OMA,NE,ACE,CE,Towers with Radar,98,86,30,0,214,0,5,24,1,30,98,91,54,1,244,2,0,2,258
04/28/2008,OMA,NE,ACE,CE,Towers with Radar,115,115,66,0,296,0,7,24,1,32,115,123,90,1,329,18,0,18,353
04/29/2008,OMA,NE,ACE,CE,Towers with Radar,120,131,88,0,339,0,13,36,0,49,120,145,124,0,389,56,0,56,462
04/30/2008,OMA,NE,ACE,CE,Towers with Radar,124,140,78,0,342,0,3,11,2,16,124,143,89,2,358,34,0,34,404
05/01/2008,OMA,NE,ACE,CE,Towers with Radar,120,139,106,5,370,0,10,6,1,17,121,150,112,6,389,38,0,38,437
05/02/2008,OMA,NE,ACE,CE,Towers with Radar,128,185,146,0,459,0,1,0,0,1,128,186,146,0,460,2,0,2,465
05/03/2008,OMA,NE,ACE,CE,Towers with Radar,99,135,103,0,337,0,5,29,0,34,99,140,132,0,371,4,0,4,385
05/04/2008,OMA,NE,ACE,CE,Towers with Radar,110,145,101,2,358,0,9,27,0,36,112,154,128,2,396,8,0,8,414
05/05/2008,OMA,NE,ACE,CE,Towers with Radar,111,124,61,4,300,0,5,19,0,24,111,129,80,4,324,30,6,36,369
05/06/2008,OMA,NE,ACE,CE,Towers with Radar,118,134,64,0,316,0,7,10,0,17,119,141,74,0,334,20,0,20,365
05/07/2008,OMA,NE,ACE,CE,Towers with Radar,121,137,82,0,340,0,6,7,0,13,121,143,89,0,353,6,0,6,365
05/08/2008,OMA,NE,ACE,CE,Towers with Radar,119,136,79,4,338,0,4,13,0,17,119,140,92,4,355,24,4,28,398
05/09/2008,OMA,NE,ACE,CE,Towers with Radar,121,128,60,7,316,0,9,22,0,31,121,138,82,7,348,62,14,76,434
05/10/2008,OMA,NE,ACE,CE,Towers with Radar,90,98,20,0,208,0,1,6,1,8,90,99,26,1,216,22,0,22,239
05/11/2008,OMA,NE,ACE,CE,Towers with Radar,99,81,16,1,197,0,9,26,1,36,99,91,42,2,234,26,0,26,264
05/12/2008,OMA,NE,ACE,CE,Towers with Radar,114,119,61,2,296,0,14,12,0,26,114,133,73,2,322,30,0,30,361
05/13/2008,OMA,NE,ACE,CE,Towers with Radar,116,128,96,0,340,0,3,19,2,24,116,131,115,2,364,44,0,44,420
05/14/2008,OMA,NE,ACE,CE,Towers with Radar,121,126,100,13,360,0,6,29,2,37,121,132,129,15,397,40,4,44,454
05/15/2008,OMA,NE,ACE,CE,Towers with Radar,118,140,94,0,352,0,8,24,0,32,118,149,118,0,385,34,0,34,435
05/16/2008,OMA,NE,ACE,CE,Towers with Radar,116,130,58,0,304,0,7,30,3,40,116,137,88,3,344,20,0,20,371
05/17/2008,OMA,NE,ACE,CE,Towers with Radar,89,87,27,0,203,0,8,19,0,27,89,95,46,0,230,6,0,6,251
05/18/2008,OMA,NE,ACE,CE,Towers with Radar,90,101,42,0,233,0,12,56,1,69,90,113,98,1,302,14,0,14,326
05/19/2008,OMA,NE,ACE,CE,Towers with Radar,107,134,62,8,311,0,8,16,3,27,107,142,78,11,338,14,8,22,367
05/20/2008,OMA,NE,ACE,CE,Towers with Radar,117,133,78,4,332,0,2,19,2,23,117,135,97,6,355,20,4,24,387
05/21/2008,OMA,NE,ACE,CE,Towers with Radar,125,131,56,0,312,0,6,31,0,37,125,137,87,0,349,20,0,20,377
05/22/2008,OMA,NE,ACE,CE,Towers with Radar,121,135,62,0,318,0,9,7,0,16,121,145,69,0,335,8,0,8,349
05/23/2008,OMA,NE,ACE,CE,Towers with Radar,120,132,52,0,304,0,5,2,0,7,120,137,54,0,311,2,0,2,314
05/24/2008,OMA,NE,ACE,CE,Towers with Radar,94,97,26,4,221,0,3,3,2,8,94,100,29,6,229,2,0,2,238
05/25/2008,OMA,NE,ACE,CE,Towers with Radar,91,85,28,1,205,0,11,7,0,18,91,97,35,1,224,16,0,16,248
05/26/2008,OMA,NE,ACE,CE,Towers with Radar,97,91,23,2,213,0,3,18,0,21,97,94,41,2,234,16,0,16,261
05/27/2008,OMA,NE,ACE,CE,Towers with Radar,111,124,59,0,294,0,7,0,0,7,112,131,59,0,302,4,0,4,307
05/28/2008,OMA,NE,ACE,CE,Towers with Radar,120,131,85,0,336,0,6,2,0,8,120,137,87,0,344,2,0,2,353
05/29/2008,OMA,NE,ACE,CE,Towers with Radar,118,131,65,0,314,0,3,2,0,5,118,134,67,0,319,2,0,2,322
05/30/2008,OMA,NE,ACE,CE,Towers with Radar,116,119,79,0,314,0,6,14,2,22,116,125,93,2,336,14,0,14,357
05/31/2008,OMA,NE,ACE,CE,Towers with Radar,88,91,27,0,206,0,5,34,1,40,88,98,61,1,248,50,0,50,312
06/01/2008,OMA,NE,ACE,CE,Towers with Radar,102,80,41,0,223,0,6,27,1,34,102,86,68,1,257,30,0,30,305
06/02/2008,OMA,NE,ACE,CE,Towers with Radar,108,121,53,0,282,0,12,11,0,23,108,133,64,0,305,8,0,8,323
06/03/2008,OMA,NE,ACE,CE,Towers with Radar,117,121,64,0,302,0,13,13,0,26,117,134,77,0,328,2,0,2,338
06/04/2008,OMA,NE,ACE,CE,Towers with Radar,119,114,73,0,306,0,0,7,0,7,119,114,80,0,313,12,0,12,327
06/05/2008,OMA,NE,ACE,CE,Towers with Radar,121,136,80,2,339,0,5,4,0,9,121,143,84,2,350,14,0,14,365
06/06/2008,OMA,NE,ACE,CE,Towers with Radar,112,135,74,1,322,0,7,21,1,29,112,142,95,2,351,32,8,40,394
06/07/2008,OMA,NE,ACE,CE,Towers with Radar,97,92,14,0,203,0,5,6,1,12,97,97,20,1,215,0,0,0,225
06/08/2008,OMA,NE,ACE,CE,Towers with Radar,103,78,35,0,216,0,1,3,0,4,103,79,38,0,220,4,0,4,230
06/09/2008,OMA,NE,ACE,CE,Towers with Radar,115,122,68,4,309,0,15,18,3,36,115,137,86,7,345,32,2,34,386
06/10/2008,OMA,NE,ACE,CE,Towers with Radar,116,128,65,4,313,0,10,8,0,18,116,138,73,4,331,8,0,8,346
06/11/2008,OMA,NE,ACE,CE,Towers with Radar,99,99,56,0,254,0,3,0,0,3,99,102,56,0,257,0,0,0,259
06/12/2008,OMA,NE,ACE,CE,Towers with Radar,132,173,92,2,399,0,12,25,2,39,132,185,117,4,438,40,0,40,486
06/13/2008,OMA,NE,ACE,CE,Towers with Radar,112,130,72,2,316,0,7,30,0,37,112,137,102,2,353,8,0,8,371
06/14/2008,OMA,NE,ACE,CE,Towers with Radar,100,99,29,3,231,0,12,24,0,36,100,111,53,3,267,6,0,6,283
06/15/2008,OMA,NE,ACE,CE,Towers with Radar,105,91,50,2,248,0,5,15,0,20,105,98,65,2,270,2,0,2,286
06/16/2008,OMA,NE,ACE,CE,Towers with Radar,107,120,63,0,290,0,6,18,0,24,107,126,81,0,314,40,0,40,362
06/17/2008,OMA,NE,ACE,CE,Towers with Radar,125,133,85,4,347,0,8,18,1,27,125,141,103,5,374,30,6,36,425
06/18/2008,OMA,NE,ACE,CE,Towers with Radar,126,141,78,2,347,0,5,14,0,19,126,148,92,2,368,22,0,22,403
06/19/2008,OMA,NE,ACE,CE,Towers with Radar,120,134,103,0,357,0,3,15,0,18,120,139,118,0,377,2,0,2,384
06/20/2008,OMA,NE,ACE,CE,Towers with Radar,115,116,74,0,305,0,23,18,0,41,115,140,92,0,347,46,0,46,412
06/21/2008,OMA,NE,ACE,CE,Towers with Radar,99,92,39,0,230,0,12,27,0,39,99,105,66,0,270,38,0,38,332
06/22/2008,OMA,NE,ACE,CE,Towers with Radar,97,92,53,0,242,0,17,16,2,35,97,109,69,2,277,8,0,8,301
06/23/2008,OMA,NE,ACE,CE,Towers with Radar,113,111,73,0,297,0,6,11,0,17,113,117,84,0,314,20,0,20,347
06/24/2008,OMA,NE,ACE,CE,Towers with Radar,126,118,74,0,318,0,2,4,0,6,126,120,78,0,324,0,0,0,328
06/25/2008,OMA,NE,ACE,CE,Towers with Radar,118,138,91,0,347,0,4,10,1,15,118,142,101,1,362,28,0,28,399
06/26/2008,OMA,NE,ACE,CE,Towers with Radar,125,127,87,1,340,0,3,4,0,7,125,131,91,1,348,10,0,10,368
06/27/2008,OMA,NE,ACE,CE,Towers with Radar,117,127,58,0,302,0,6,17,0,23,117,134,75,0,326,32,0,32,364
06/28/2008,OMA,NE,ACE,CE,Towers with Radar,96,94,35,0,225,0,3,8,0,11,97,98,43,0,238,4,0,4,246
06/29/2008,OMA,NE,ACE,CE,Towers with Radar,94,85,46,2,227,0,9,16,0,25,95,95,62,2,254,16,0,16,281
06/30/2008,OMA,NE,ACE,CE,Towers with Radar,119,119,67,2,307,0,5,35,0,40,119,124,102,2,347,26,0,26,385
07/01/2008,OMA,NE,ACE,CE,Towers with Radar,117,126,81,10,334,0,2,15,0,17,117,128,96,10,351,8,8,16,367
07/02/2008,OMA,NE,ACE,CE,Towers with Radar,139,129,76,0,344,0,6,13,0,19,139,135,89,0,363,8,0,8,371
07/03/2008,OMA,NE,ACE,CE,Towers with Radar,122,124,43,0,289,0,6,27,0,33,122,130,70,0,322,8,0,8,330
07/04/2008,OMA,NE,ACE,CE,Towers with Radar,84,68,21,0,173,0,18,15,0,33,84,86,36,0,206,38,0,38,244
07/05/2008,OMA,NE,ACE,CE,Towers with Radar,92,71,25,0,188,0,5,5,0,10,92,76,30,0,198,12,0,12,210
07/06/2008,OMA,NE,ACE,CE,Towers with Radar,101,82,43,0,226,0,5,10,0,15,101,87,53,0,241,8,0,8,249
07/07/2008,OMA,NE,ACE,CE,Towers with Radar,110,112,59,0,281,0,3,4,0,7,110,115,63,0,288,10,0,10,298
07/08/2008,OMA,NE,ACE,CE,Towers with Radar,115,131,74,0,320,0,3,18,5,26,115,134,92,5,346,52,0,52,398
07/09/2008,OMA,NE,ACE,CE,Towers with Radar,119,128,93,0,340,0,4,17,0,21,119,132,110,0,361,80,0,80,441
07/10/2008,OMA,NE,ACE,CE,Towers with Radar,120,126,71,2,319,0,7,13,0,20,120,133,84,2,339,22,0,22,361
07/11/2008,OMA,NE,ACE,CE,Towers with Radar,116,132,45,2,295,0,12,19,2,33,116,144,64,4,328,18,0,18,346
07/12/2008,OMA,NE,ACE,CE,Towers with Radar,98,98,28,0,224,0,8,20,0,28,98,106,48,0,252,20,0,20,272
07/13/2008,OMA,NE,ACE,CE,Towers with Radar,94,95,43,0,232,0,12,23,1,36,94,107,66,1,268,4,0,4,272
07/14/2008,OMA,NE,ACE,CE,Towers with Radar,110,126,79,0,315,0,16,15,0,31,110,142,94,0,346,26,0,26,372
07/15/2008,OMA,NE,ACE,CE,Towers with Radar,118,136,88,2,344,0,5,18,0,23,118,141,106,2,367,54,0,54,421
07/16/2008,OMA,NE,ACE,CE,Towers with Radar,129,121,75,0,325,0,7,20,0,27,129,128,95,0,352,0,0,0,352
07/17/2008,OMA,NE,ACE,CE,Towers with Radar,121,131,86,10,348,0,7,18,0,25,121,138,104,10,373,20,4,24,397
07/18/2008,OMA,NE,ACE,CE,Towers with Radar,114,124,67,0,305,0,4,13,1,18,114,128,80,1,323,4,6,10,333
07/19/2008,OMA,NE,ACE,CE,Towers with Radar,99,81,36,12,228,0,8,12,0,20,99,89,48,12,248,22,20,42,290
07/20/2008,OMA,NE,ACE,CE,Towers with Radar,94,86,37,7,224,0,4,19,2,25,94,90,56,9,249,20,0,20,269
07/21/2008,OMA,NE,ACE,CE,Towers with Radar,107,111,81,3,302,0,10,14,1,25,107,121,95,4,327,26,2,28,355
07/22/2008,OMA,NE,ACE,CE,Towers with Radar,115,130,107,4,356,0,11,25,1,37,115,141,132,5,393,40,4,44,437
07/23/2008,OMA,NE,ACE,CE,Towers with Radar,123,132,72,1,328,0,9,14,2,25,123,141,86,3,353,6,0,6,359
07/24/2008,OMA,NE,ACE,CE,Towers with Radar,124,127,75,3,329,1,10,5,0,16,125,137,80,3,345,8,2,10,355
07/25/2008,OMA,NE,ACE,CE,Towers with Radar,118,122,63,1,304,0,6,10,0,16,118,128,73,1,320,16,0,16,336
07/26/2008,OMA,NE,ACE,CE,Towers with Radar,92,86,42,0,220,0,6,30,1,37,92,92,72,1,257,50,0,50,307
07/27/2008,OMA,NE,ACE,CE,Towers with Radar,97,85,41,0,223,0,4,15,1,20,97,89,56,1,243,16,0,16,259
07/28/2008,OMA,NE,ACE,CE,Towers with Radar,115,111,74,0,300,0,9,15,0,24,115,120,89,0,324,0,0,0,324
07/29/2008,OMA,NE,ACE,CE,Towers with Radar,123,127,77,0,327,0,4,9,1,14,123,131,86,1,341,28,0,28,369
07/30/2008,OMA,NE,ACE,CE,Towers with Radar,136,126,81,11,354,0,6,16,0,22,136,132,97,11,376,12,8,20,396
07/31/2008,OMA,NE,ACE,CE,Towers with Radar,116,138,80,9,343,0,8,24,2,34,116,146,104,11,377,26,4,30,407
08/01/2008,OMA,NE,ACE,CE,Towers with Radar,119,130,56,13,318,0,8,22,0,30,119,138,78,13,348,14,10,24,372
08/02/2008,OMA,NE,ACE,CE,Towers with Radar,95,77,14,0,186,0,8,13,0,21,95,85,27,0,207,10,0,10,217
08/03/2008,OMA,NE,ACE,CE,Towers with Radar,102,78,31,0,211,0,2,23,1,26,102,80,54,1,237,14,0,14,251
08/04/2008,OMA,NE,ACE,CE,Towers with Radar,106,90,53,3,252,0,9,14,1,24,106,99,67,4,276,14,0,14,290
08/05/2008,OMA,NE,ACE,CE,Towers with Radar,125,115,62,1,303,0,18,17,1,36,125,133,79,2,339,28,0,28,367
08/06/2008,OMA,NE,ACE,CE,Towers with Radar,122,123,69,8,322,0,5,23,0,28,122,128,92,8,350,6,16,22,372
08/07/2008,OMA,NE,ACE,CE,Towers with Radar,124,122,77,0,323,0,7,21,7,35,124,129,98,7,358,28,0,28,386
08/08/2008,OMA,NE,ACE,CE,Towers with Radar,119,116,66,0,301,0,9,28,0,37,119,125,94,0,338,30,0,30,368
08/09/2008,OMA,NE,ACE,CE,Towers with Radar,94,82,27,0,203,0,8,12,0,20,94,90,39,0,223,38,0,38,261
08/10/2008,OMA,NE,ACE,CE,Towers with Radar,101,85,34,2,222,0,6,16,0,22,101,91,50,2,244,26,0,26,270
08/11/2008,OMA,NE,ACE,CE,Towers with Radar,109,109,71,0,289,0,5,11,2,18,109,114,82,2,307,2,0,2,309
08/12/2008,OMA,NE,ACE,CE,Towers with Radar,123,123,85,0,331,0,4,21,0,25,123,127,106,0,356,14,0,14,370
08/13/2008,OMA,NE,ACE,CE,Towers with Radar,121,132,80,0,333,0,11,14,0,25,121,143,94,0,358,28,0,28,386
08/14/2008,OMA,NE,ACE,CE,Towers with Radar,116,142,83,4,345,0,5,19,1,25,116,147,102,5,370,18,4,22,392
08/15/2008,OMA,NE,ACE,CE,Towers with Radar,113,120,60,5,298,0,10,16,2,28,113,130,76,7,326,2,0,2,328
08/16/2008,OMA,NE,ACE,CE,Towers with Radar,94,80,19,3,196,0,12,10,3,25,94,92,29,6,221,16,0,16,237
08/17/2008,OMA,NE,ACE,CE,Towers with Radar,98,84,33,5,220,0,7,21,1,29,98,91,54,6,249,2,0,2,251
08/18/2008,OMA,NE,ACE,CE,Towers with Radar,107,121,54,5,287,0,8,17,2,27,107,129,71,7,314,12,2,14,328
08/19/2008,OMA,NE,ACE,CE,Towers with Radar,118,124,68,4,314,0,6,25,0,31,118,130,93,4,345,86,0,86,431
08/20/2008,OMA,NE,ACE,CE,Towers with Radar,112,135,95,5,347,0,10,25,1,36,112,145,120,6,383,42,2,44,427
08/21/2008,OMA,NE,ACE,CE,Towers with Radar,118,143,65,0,326,0,5,10,0,15,118,148,75,0,341,24,0,24,365
08/22/2008,OMA,NE,ACE,CE,Towers with Radar,110,123,63,2,298,0,3,14,0,17,110,126,77,2,315,24,0,24,339
08/23/2008,OMA,NE,ACE,CE,Towers with Radar,82,76,67,0,225,0,14,22,2,38,82,90,89,2,263,46,0,46,309
08/24/2008,OMA,NE,ACE,CE,Towers with Radar,93,74,35,0,202,0,16,15,0,31,93,90,50,0,233,18,0,18,251
08/25/2008,OMA,NE,ACE,CE,Towers with Radar,106,110,72,0,288,0,8,6,0,14,106,118,78,0,302,8,0,8,310
08/26/2008,OMA,NE,ACE,CE,Towers with Radar,117,120,75,6,318,0,7,19,0,26,117,127,94,6,344,6,0,6,350
08/27/2008,OMA,NE,ACE,CE,Towers with Radar,112,128,99,0,339,0,8,12,0,20,112,136,111,0,359,26,0,26,385
08/28/2008,OMA,NE,ACE,CE,Towers with Radar,118,138,86,0,342,0,9,24,0,33,118,147,110,0,375,10,0,10,385
08/29/2008,OMA,NE,ACE,CE,Towers with Radar,109,122,60,3,294,0,3,18,0,21,109,125,78,3,315,14,0,14,329
08/30/2008,OMA,NE,ACE,CE,Towers with Radar,80,68,20,0,168,0,5,25,2,32,80,73,45,2,200,12,0,12,212
08/31/2008,OMA,NE,ACE,CE,Towers with Radar,72,58,14,2,146,0,6,11,0,17,72,64,25,2,163,6,0,6,169
09/01/2008,OMA,NE,ACE,CE,Towers with Radar,91,94,31,4,220,0,9,22,1,32,91,103,53,5,252,16,0,16,268
09/02/2008,OMA,NE,ACE,CE,Towers with Radar,113,110,50,1,274,0,6,4,0,10,113,116,54,1,284,2,0,2,286
09/03/2008,OMA,NE,ACE,CE,Towers with Radar,126,111,64,2,303,0,4,5,0,9,126,115,69,2,312,28,8,36,348
09/04/2008,OMA,NE,ACE,CE,Towers with Radar,126,114,68,7,315,0,7,12,0,19,126,121,80,7,334,36,8,44,378
09/05/2008,OMA,NE,ACE,CE,Towers with Radar,123,117,45,2,287,0,10,4,1,15,123,127,49,3,302,16,0,16,318
09/06/2008,OMA,NE,ACE,CE,Towers with Radar,95,62,24,1,182,0,6,2,2,10,95,68,26,3,192,10,0,10,202
09/07/2008,OMA,NE,ACE,CE,Towers with Radar,106,64,41,1,212,0,5,4,0,9,106,69,45,1,221,6,0,6,227
09/08/2008,OMA,NE,ACE,CE,Towers with Radar,116,100,64,7,287,0,4,2,0,6,116,104,66,7,293,18,0,18,311
09/09/2008,OMA,NE,ACE,CE,Towers with Radar,120,118,73,3,314,0,8,16,0,24,120,126,89,3,338,28,0,28,366
09/10/2008,OMA,NE,ACE,CE,Towers with Radar,122,126,91,5,344,0,6,7,1,14,122,132,98,6,358,20,0,20,378
09/11/2008,OMA,NE,ACE,CE,Towers with Radar,122,125,85,6,338,0,1,1,0,2,122,126,86,6,340,4,2,6,346
09/12/2008,OMA,NE,ACE,CE,Towers with Radar,125,121,65,2,313,0,0,0,0,0,125,121,65,2,313,12,0,12,325
09/13/2008,OMA,NE,ACE,CE,Towers with Radar,93,68,22,5,188,0,8,10,0,18,93,76,32,5,206,14,0,14,220
09/14/2008,OMA,NE,ACE,CE,Towers with Radar,104,59,23,3,189,0,8,3,0,11,104,67,26,3,200,0,4,4,204
09/15/2008,OMA,NE,ACE,CE,Towers with Radar,116,93,78,1,288,0,8,28,5,41,116,101,106,6,329,22,0,22,351
09/16/2008,OMA,NE,ACE,CE,Towers with Radar,125,106,73,2,306,0,6,24,0,30,125,112,97,2,336,34,0,34,370
09/17/2008,OMA,NE,ACE,CE,Towers with Radar,132,99,74,2,307,0,10,21,1,32,132,109,95,3,339,42,0,42,381
09/18/2008,OMA,NE,ACE,CE,Towers with Radar,129,105,78,2,314,0,13,12,0,25,129,118,90,2,339,12,0,12,351
09/19/2008,OMA,NE,ACE,CE,Towers with Radar,123,119,76,2,320,0,6,24,2,32,123,125,100,4,352,34,0,34,386
09/20/2008,OMA,NE,ACE,CE,Towers with Radar,93,63,48,2,206,0,6,30,0,36,93,69,78,2,242,30,0,30,272
09/21/2008,OMA,NE,ACE,CE,Towers with Radar,106,69,42,4,221,0,5,32,0,37,106,74,74,4,258,14,0,14,272
09/22/2008,OMA,NE,ACE,CE,Towers with Radar,118,102,60,8,288,0,10,4,1,15,118,112,64,9,303,0,4,4,307
09/23/2008,OMA,NE,ACE,CE,Towers with Radar,121,124,66,6,317,0,8,7,1,16,121,132,73,7,333,2,4,6,339
09/24/2008,OMA,NE,ACE,CE,Towers with Radar,124,114,85,5,328,0,7,28,2,37,124,121,113,7,365,38,0,38,403
09/25/2008,OMA,NE,ACE,CE,Towers with Radar,126,123,85,12,346,0,7,27,2,36,126,130,112,14,382,24,8,32,414
09/26/2008,OMA,NE,ACE,CE,Towers with Radar,125,105,93,7,330,0,7,30,2,39,125,112,123,9,369,38,2,40,409
09/27/2008,OMA,NE,ACE,CE,Towers with Radar,94,65,49,0,208,0,5,27,0,32,94,70,76,0,240,24,0,24,264
09/28/2008,OMA,NE,ACE,CE,Towers with Radar,108,63,40,1,212,0,5,24,0,29,108,68,64,1,241,22,0,22,263
09/29/2008,OMA,NE,ACE,CE,Towers with Radar,118,96,72,0,286,0,5,9,0,14,118,101,81,0,300,10,0,10,310
09/30/2008,OMA,NE,ACE,CE,Towers with Radar,119,125,76,1,321,0,3,19,2,24,119,128,95,3,345,14,0,14,359
10/01/2008,OMA,NE,ACE,CE,Towers with Radar,122,118,86,4,330,0,3,34,0,37,122,121,120,4,367,36,2,38,405
10/02/2008,OMA,NE,ACE,CE,Towers with Radar,128,117,78,0,323,0,6,21,0,27,128,123,99,0,350,16,0,16,366
10/03/2008,OMA,NE,ACE,CE,Towers with Radar,120,114,79,0,313,0,5,35,2,42,120,119,114,2,355,50,0,50,405
10/04/2008,OMA,NE,ACE,CE,Towers with Radar,93,62,35,0,190,0,7,25,0,32,93,69,60,0,222,14,0,14,236
10/05/2008,OMA,NE,ACE,CE,Towers with Radar,102,74,42,2,220,0,8,17,0,25,102,82,59,2,245,14,0,14,259
10/06/2008,OMA,NE,ACE,CE,Towers with Radar,111,104,69,0,284,0,1,5,0,6,111,105,74,0,290,4,0,4,294
10/07/2008,OMA,NE,ACE,CE,Towers with Radar,115,113,79,0,307,0,2,11,0,13,115,115,90,0,320,14,0,14,334
10/08/2008,OMA,NE,ACE,CE,Towers with Radar,120,126,69,0,315,0,4,11,5,20,120,130,80,5,335,24,0,24,359
10/09/2008,OMA,NE,ACE,CE,Towers with Radar,121,118,78,8,325,0,8,25,1,34,121,126,103,9,359,30,0,30,389
10/10/2008,OMA,NE,ACE,CE,Towers with Radar,123,116,57,2,298,0,9,26,1,36,123,125,83,3,334,12,2,14,348
10/11/2008,OMA,NE,ACE,CE,Towers with Radar,91,65,23,1,180,0,10,17,0,27,91,75,40,1,207,12,0,12,219
10/12/2008,OMA,NE,ACE,CE,Towers with Radar,103,73,27,2,205,0,10,3,0,13,103,83,30,2,218,2,0,2,220
10/13/2008,OMA,NE,ACE,CE,Towers with Radar,112,92,83,1,288,0,6,0,0,6,112,98,83,1,294,6,0,6,300
10/14/2008,OMA,NE,ACE,CE,Towers with Radar,116,107,67,6,296,0,6,11,0,17,116,113,78,6,313,0,6,6,319
10/15/2008,OMA,NE,ACE,CE,Towers with Radar,120,115,84,0,319,0,5,15,0,20,120,120,99,0,339,18,0,18,357
10/16/2008,OMA,NE,ACE,CE,Towers with Radar,127,121,68,0,316,0,5,31,4,40,127,126,99,4,356,8,0,8,364
10/17/2008,OMA,NE,ACE,CE,Towers with Radar,118,112,86,7,323,0,5,18,1,24,118,117,104,8,347,10,14,24,371
10/18/2008,OMA,NE,ACE,CE,Towers with Radar,91,62,30,0,183,0,5,9,1,15,91,67,39,1,198,0,0,0,198
10/19/2008,OMA,NE,ACE,CE,Towers with Radar,104,72,41,0,217,0,8,18,0,26,104,80,59,0,243,22,0,22,265
10/20/2008,OMA,NE,ACE,CE,Towers with Radar,114,108,60,2,284,0,6,14,0,20,114,114,74,2,304,24,0,24,328
10/21/2008,OMA,NE,ACE,CE,Towers with Radar,119,115,62,2,298,0,2,4,0,6,119,117,66,2,304,31,1,32,336
10/22/2008,OMA,NE,ACE,CE,Towers with Radar,122,130,63,2,317,0,0,0,0,0,122,130,63,2,317,2,2,4,321
10/23/2008,OMA,NE,ACE,CE,Towers with Radar,126,107,51,2,286,0,0,1,2,3,126,107,52,4,289,14,2,16,305
10/24/2008,OMA,NE,ACE,CE,Towers with Radar,119,113,68,0,300,0,3,2,0,5,119,116,70,0,305,8,0,8,313
10/25/2008,OMA,NE,ACE,CE,Towers with Radar,91,67,33,7,198,0,8,25,0,33,91,75,58,7,231,20,6,26,257
10/26/2008,OMA,NE,ACE,CE,Towers with Radar,104,82,31,1,218,0,11,8,2,21,104,93,39,3,239,6,0,6,245
10/27/2008,OMA,NE,ACE,CE,Towers with Radar,111,100,59,2,272,0,11,16,0,27,111,111,75,2,299,18,0,18,317
10/28/2008,OMA,NE,ACE,CE,Towers with Radar,122,100,75,3,300,0,13,30,1,44,122,113,105,4,344,46,0,46,390
10/29/2008,OMA,NE,ACE,CE,Towers with Radar,120,119,68,0,307,0,17,38,1,56,120,136,106,1,363,48,0,48,411
10/30/2008,OMA,NE,ACE,CE,Towers with Radar,123,112,87,0,322,0,10,22,0,32,123,122,109,0,354,24,0,24,378
10/31/2008,OMA,NE,ACE,CE,Towers with Radar,117,104,54,0,275,0,22,27,0,49,117,126,81,0,324,20,0,20,344
11/01/2008,OMA,NE,ACE,CE,Towers with Radar,86,70,28,1,185,0,11,28,1,40,86,81,56,2,225,32,0,32,257
11/02/2008,OMA,NE,ACE,CE,Towers with Radar,90,75,32,1,198,0,6,26,1,33,90,81,58,2,231,16,0,16,247
11/03/2008,OMA,NE,ACE,CE,Towers with Radar,107,104,56,1,268,0,12,13,1,26,107,116,69,2,294,6,0,6,300
11/04/2008,OMA,NE,ACE,CE,Towers with Radar,110,112,57,0,279,0,13,14,1,28,110,125,71,1,307,0,0,0,307
11/05/2008,OMA,NE,ACE,CE,Towers with Radar,118,130,62,0,310,0,1,8,0,9,118,131,70,0,319,0,0,0,319
11/06/2008,OMA,NE,ACE,CE,Towers with Radar,114,122,73,0,309,0,1,5,0,6,114,123,78,0,315,16,0,16,331
11/07/2008,OMA,NE,ACE,CE,Towers with Radar,108,116,48,4,276,0,4,3,0,7,108,120,51,4,283,0,4,4,287
11/08/2008,OMA,NE,ACE,CE,Towers with Radar,80,79,12,0,171,0,6,4,2,12,80,85,16,2,183,0,0,0,183
11/09/2008,OMA,NE,ACE,CE,Towers with Radar,87,85,45,0,217,0,3,29,0,32,87,88,74,0,249,46,0,46,295
11/10/2008,OMA,NE,ACE,CE,Towers with Radar,105,95,65,0,265,0,2,1,0,3,105,97,66,0,268,4,0,4,272
11/11/2008,OMA,NE,ACE,CE,Towers with Radar,111,114,46,0,271,0,0,0,0,0,111,114,46,0,271,2,0,2,273
11/12/2008,OMA,NE,ACE,CE,Towers with Radar,118,120,85,0,323,0,5,1,0,6,118,125,86,0,329,14,0,14,343
11/13/2008,OMA,NE,ACE,CE,Towers with Radar,112,135,83,0,330,0,11,11,0,22,112,146,94,0,352,30,0,30,382
11/14/2008,OMA,NE,ACE,CE,Towers with Radar,107,125,82,0,314,0,2,2,0,4,107,127,84,0,318,26,0,26,344
11/15/2008,OMA,NE,ACE,CE,Towers with Radar,80,69,39,0,188,0,4,4,0,8,80,73,43,0,196,18,0,18,214
11/16/2008,OMA,NE,ACE,CE,Towers with Radar,92,79,52,0,223,0,8,16,0,24,92,87,68,0,247,42,0,42,289
11/17/2008,OMA,NE,ACE,CE,Towers with Radar,102,99,53,0,254,0,8,13,0,21,102,107,66,0,275,2,0,2,277
11/18/2008,OMA,NE,ACE,CE,Towers with Radar,114,111,66,2,293,0,8,13,0,21,114,119,79,2,314,10,0,10,324
11/19/2008,OMA,NE,ACE,CE,Towers with Radar,118,115,96,0,329,0,6,21,2,29,118,121,117,2,358,56,0,56,414
11/20/2008,OMA,NE,ACE,CE,Towers with Radar,113,121,70,0,304,0,6,16,0,22,113,127,86,0,326,24,0,24,350
11/21/2008,OMA,NE,ACE,CE,Towers with Radar,109,120,51,5,285,0,11,20,0,31,109,131,71,5,316,18,2,20,336
11/22/2008,OMA,NE,ACE,CE,Towers with Radar,79,75,12,0,166,0,11,15,0,26,79,86,27,0,192,14,0,14,206
11/23/2008,OMA,NE,ACE,CE,Towers with Radar,91,80,41,0,212,0,15,29,0,44,91,95,70,0,256,52,0,52,308
11/24/2008,OMA,NE,ACE,CE,Towers with Radar,104,96,63,11,274,0,8,13,0,21,104,104,76,11,295,16,8,24,319
11/25/2008,OMA,NE,ACE,CE,Towers with Radar,122,122,76,3,323,0,13,31,1,45,122,135,107,4,368,38,0,38,406
11/26/2008,OMA,NE,ACE,CE,Towers with Radar,119,123,62,0,304,2,14,32,0,48,121,137,94,0,352,46,0,46,398
11/27/2008,OMA,NE,ACE,CE,Towers with Radar,62,53,5,0,120,0,7,6,0,13,62,60,11,0,133,0,0,0,133
11/28/2008,OMA,NE,ACE,CE,Towers with Radar,79,81,23,0,183,0,6,26,0,32,79,87,49,0,215,10,0,10,225
11/29/2008,OMA,NE,ACE,CE,Towers with Radar,91,90,11,0,192,0,0,0,0,0,91,90,11,0,192,0,0,0,192
11/30/2008,OMA,NE,ACE,CE,Towers with Radar,102,92,35,0,229,0,2,6,0,8,102,94,41,0,237,2,0,2,239
12/01/2008,OMA,NE,ACE,CE,Towers with Radar,102,104,68,3,277,0,13,6,0,19,102,117,74,3,296,6,0,6,302
12/02/2008,OMA,NE,ACE,CE,Towers with Radar,122,117,86,2,327,0,13,23,1,37,122,130,109,3,364,20,0,20,384
12/03/2008,OMA,NE,ACE,CE,Towers with Radar,117,114,47,0,278,0,11,23,0,34,117,125,70,0,312,20,0,20,332
12/04/2008,OMA,NE,ACE,CE,Towers with Radar,114,116,66,0,296,0,13,8,2,23,114,129,74,2,319,12,0,12,331
12/05/2008,OMA,NE,ACE,CE,Towers with Radar,110,116,57,7,290,0,10,12,2,24,110,126,69,9,314,18,8,26,340
12/06/2008,OMA,NE,ACE,CE,Towers with Radar,71,75,18,0,164,0,7,10,0,17,71,82,28,0,181,10,0,10,191
12/07/2008,OMA,NE,ACE,CE,Towers with Radar,87,82,25,0,194,0,5,15,0,20,87,87,40,0,214,18,0,18,232
12/08/2008,OMA,NE,ACE,CE,Towers with Radar,100,110,64,0,274,0,4,9,0,13,100,114,73,0,287,10,0,10,297
12/09/2008,OMA,NE,ACE,CE,Towers with Radar,117,111,46,0,274,0,7,5,0,12,117,118,51,0,286,4,0,4,290
12/10/2008,OMA,NE,ACE,CE,Towers with Radar,118,111,65,0,294,0,10,8,0,18,118,121,73,0,312,18,0,18,330
12/11/2008,OMA,NE,ACE,CE,Towers with Radar,113,111,63,6,293,0,12,4,0,16,113,123,67,6,309,20,10,30,339
12/12/2008,OMA,NE,ACE,CE,Towers with Radar,109,108,75,0,292,0,7,27,0,34,109,115,102,0,326,32,0,32,358
12/13/2008,OMA,NE,ACE,CE,Towers with Radar,72,70,20,0,162,0,9,18,0,27,72,79,38,0,189,8,0,8,197
12/14/2008,OMA,NE,ACE,CE,Towers with Radar,87,80,19,0,186,0,9,0,0,9,87,89,19,0,195,0,0,0,195
12/15/2008,OMA,NE,ACE,CE,Towers with Radar,102,88,50,1,241,0,5,3,0,8,102,93,53,1,249,12,0,12,261
12/16/2008,OMA,NE,ACE,CE,Towers with Radar,104,103,51,0,258,0,1,0,0,1,104,104,51,0,259,0,0,0,259
12/17/2008,OMA,NE,ACE,CE,Towers with Radar,121,122,67,0,310,0,4,20,0,24,121,126,87,0,334,32,0,32,366
12/18/2008,OMA,NE,ACE,CE,Towers with Radar,95,96,52,0,243,0,3,7,0,10,95,99,59,0,253,30,0,30,283
12/19/2008,OMA,NE,ACE,CE,Towers with Radar,110,117,54,0,281,0,3,1,0,4,110,120,55,0,285,0,0,0,285
12/20/2008,OMA,NE,ACE,CE,Towers with Radar,85,80,21,0,186,0,6,0,0,6,85,86,21,0,192,0,0,0,192
12/21/2008,OMA,NE,ACE,CE,Towers with Radar,96,82,11,0,189,0,2,0,0,2,96,84,11,0,191,2,0,2,193
12/22/2008,OMA,NE,ACE,CE,Towers with Radar,109,107,35,1,252,0,4,9,0,13,109,111,44,1,265,0,0,0,265
12/23/2008,OMA,NE,ACE,CE,Towers with Radar,137,129,32,0,298,0,5,6,0,11,137,134,38,0,309,18,0,18,327
12/24/2008,OMA,NE,ACE,CE,Towers with Radar,108,104,18,0,230,0,6,9,0,15,108,110,27,0,245,2,0,2,247
12/25/2008,OMA,NE,ACE,CE,Towers with Radar,84,68,4,0,156,0,4,4,0,8,84,72,8,0,164,0,0,0,164
12/26/2008,OMA,NE,ACE,CE,Towers with Radar,108,109,24,0,241,0,5,10,0,15,108,114,34,0,256,0,0,0,256
12/27/2008,OMA,NE,ACE,CE,Towers with Radar,90,86,23,0,199,0,6,2,0,8,90,92,25,0,207,0,0,0,207
12/28/2008,OMA,NE,ACE,CE,Towers with Radar,94,85,47,0,226,0,11,57,0,68,94,96,104,0,294,54,0,54,348
12/29/2008,OMA,NE,ACE,CE,Towers with Radar,104,103,55,2,264,0,8,28,0,36,104,111,83,2,300,52,0,52,352
12/30/2008,OMA,NE,ACE,CE,Towers with Radar,117,117,22,0,256,0,11,5,1,17,117,128,27,1,273,6,0,6,279
12/31/2008,OMA,NE,ACE,CE,Towers with Radar,101,109,30,0,240,0,12,15,2,29,101,121,45,2,269,32,0,32,301
01/01/2009,OMA,NE,ACE,CE,Towers with Radar,84,65,15,0,164,0,7,8,0,15,84,72,23,0,179,14,0,14,193
01/02/2009,OMA,NE,ACE,CE,Towers with Radar,5,2,0,0,7,0,0,1,0,1,5,2,1,0,8,0,0,0,8
01/03/2009,OMA,NE,ACE,CE,Towers with Radar,85,76,12,0,173,0,0,0,0,0,85,76,12,0,173,0,0,0,173
01/04/2009,OMA,NE,ACE,CE,Towers with Radar,95,90,25,0,210,0,3,12,1,16,95,93,37,1,226,0,0,0,226
01/05/2009,OMA,NE,ACE,CE,Towers with Radar,104,95,39,0,238,0,7,12,0,19,104,102,51,0,257,0,0,0,257
01/06/2009,OMA,NE,ACE,CE,Towers with Radar,119,108,43,0,270,0,0,11,0,11,119,108,54,0,281,12,0,12,293
01/07/2009,OMA,NE,ACE,CE,Towers with Radar,116,108,37,0,261,0,7,8,0,15,116,115,45,0,276,0,0,0,276
01/08/2009,OMA,NE,ACE,CE,Towers with Radar,114,110,57,4,285,0,12,18,1,31,114,122,75,5,316,26,0,26,342
01/09/2009,OMA,NE,ACE,CE,Towers with Radar,111,108,45,0,264,0,7,5,0,12,111,115,50,0,276,2,0,2,278
01/10/2009,OMA,NE,ACE,CE,Towers with Radar,75,67,21,0,163,0,5,9,0,14,75,72,30,0,177,8,0,8,185
01/11/2009,OMA,NE,ACE,CE,Towers with Radar,93,77,26,2,198,0,9,5,4,18,93,86,31,6,216,10,0,10,226
01/12/2009,OMA,NE,ACE,CE,Towers with Radar,99,89,35,0,223,0,2,0,0,2,99,91,35,0,225,0,0,0,225
01/13/2009,OMA,NE,ACE,CE,Towers with Radar,108,115,49,0,272,0,10,2,1,13,108,125,51,1,285,6,4,10,295
01/14/2009,OMA,NE,ACE,CE,Towers with Radar,112,103,54,1,270,0,8,0,0,8,112,111,54,1,278,6,0,6,284
01/15/2009,OMA,NE,ACE,CE,Towers with Radar,110,115,43,3,271,0,5,5,1,11,110,120,48,4,282,0,0,0,282
01/16/2009,OMA,NE,ACE,CE,Towers with Radar,109,114,53,0,276,0,4,6,0,10,109,118,59,0,286,20,0,20,306
01/17/2009,OMA,NE,ACE,CE,Towers with Radar,76,67,18,0,161,0,8,10,2,20,76,75,28,2,181,2,0,2,183
01/18/2009,OMA,NE,ACE,CE,Towers with Radar,93,68,37,0,198,0,7,18,0,25,93,75,55,0,223,28,0,28,251
01/19/2009,OMA,NE,ACE,CE,Towers with Radar,100,90,39,1,230,0,6,1,0,7,100,96,40,1,237,38,0,38,275
01/20/2009,OMA,NE,ACE,CE,Towers with Radar,110,108,63,2,283,0,10,11,0,21,110,118,74,2,304,8,0,8,312
01/21/2009,OMA,NE,ACE,CE,Towers with Radar,114,109,78,4,305,0,13,38,1,52,114,122,116,5,357,74,0,74,431
01/22/2009,OMA,NE,ACE,CE,Towers with Radar,115,104,61,2,282,0,3,30,0,33,115,107,91,2,315,34,2,36,351
01/23/2009,OMA,NE,ACE,CE,Towers with Radar,110,105,39,0,254,0,7,2,0,9,110,112,41,0,263,2,0,2,265
01/24/2009,OMA,NE,ACE,CE,Towers with Radar,74,56,20,1,151,0,7,9,0,16,74,63,29,1,167,6,0,6,173
01/25/2009,OMA,NE,ACE,CE,Towers with Radar,90,70,14,1,175,0,3,4,1,8,90,73,18,2,183,12,0,12,195
01/26/2009,OMA,NE,ACE,CE,Towers with Radar,103,87,42,0,232,0,3,2,0,5,103,90,44,0,237,0,0,0,237
01/27/2009,OMA,NE,ACE,CE,Towers with Radar,105,106,50,0,261,0,0,1,0,1,105,106,51,0,262,0,0,0,262
01/28/2009,OMA,NE,ACE,CE,Towers with Radar,110,107,72,7,296,0,5,13,0,18,110,112,85,7,314,50,0,50,364
01/29/2009,OMA,NE,ACE,CE,Towers with Radar,111,111,51,0,273,0,3,9,0,12,111,114,60,0,285,8,0,8,293
01/30/2009,OMA,NE,ACE,CE,Towers with Radar,110,109,45,4,268,0,10,6,0,16,110,119,51,4,284,46,4,50,334
01/31/2009,OMA,NE,ACE,CE,Towers with Radar,74,63,32,0,169,0,6,40,0,46,74,69,72,0,215,42,0,42,257
02/01/2009,OMA,NE,ACE,CE,Towers with Radar,97,62,20,0,179,0,2,27,0,29,97,64,47,0,208,64,0,64,272
02/02/2009,OMA,NE,ACE,CE,Towers with Radar,102,93,54,0,249,0,0,22,0,22,102,93,76,0,271,28,0,28,299
02/03/2009,OMA,NE,ACE,CE,Towers with Radar,110,102,52,4,268,0,6,20,3,29,110,108,72,7,297,38,0,38,335
02/04/2009,OMA,NE,ACE,CE,Towers with Radar,111,105,60,0,276,0,8,33,0,41,111,113,93,0,317,88,2,90,407
02/05/2009,OMA,NE,ACE,CE,Towers with Radar,115,115,65,0,295,0,11,22,0,33,115,126,87,0,328,34,0,34,362
02/06/2009,OMA,NE,ACE,CE,Towers with Radar,109,107,50,0,266,0,10,26,0,36,109,117,76,0,302,60,0,60,362
02/07/2009,OMA,NE,ACE,CE,Towers with Radar,75,56,20,0,151,0,6,41,0,47,75,62,61,0,198,60,0,60,258
02/08/2009,OMA,NE,ACE,CE,Towers with Radar,94,60,17,0,171,0,10,6,0,16,94,70,23,0,187,22,0,22,209
02/09/2009,OMA,NE,ACE,CE,Towers with Radar,105,90,34,2,231,0,1,1,0,2,105,91,35,2,233,0,0,0,233
02/10/2009,OMA,NE,ACE,CE,Towers with Radar,109,108,56,2,275,0,5,20,0,25,109,113,76,2,300,20,0,20,320
02/11/2009,OMA,NE,ACE,CE,Towers with Radar,109,121,50,2,282,0,3,8,0,11,109,124,58,2,293,4,0,4,297
02/12/2009,OMA,NE,ACE,CE,Towers with Radar,104,115,77,0,296,0,6,39,0,45,104,121,116,0,341,42,0,42,383
02/13/2009,OMA,NE,ACE,CE,Towers with Radar,108,98,37,0,243,0,2,0,0,2,108,100,37,0,245,2,0,2,247
02/14/2009,OMA,NE,ACE,CE,Towers with Radar,84,76,16,0,176,0,6,10,0,16,84,82,26,0,192,18,0,18,210
02/15/2009,OMA,NE,ACE,CE,Towers with Radar,93,63,32,0,188,0,13,32,0,45,93,76,64,0,233,58,0,58,291
02/16/2009,OMA,NE,ACE,CE,Towers with Radar,99,92,56,0,247,0,15,11,0,26,99,107,67,0,273,28,0,28,301
02/17/2009,OMA,NE,ACE,CE,Towers with Radar,104,119,45,2,270,0,6,4,0,10,104,125,49,2,280,20,0,20,300
02/18/2009,OMA,NE,ACE,CE,Towers with Radar,111,126,37,9,283,0,3,0,0,3,111,129,37,9,286,0,2,2,288
02/19/2009,OMA,NE,ACE,CE,Towers with Radar,106,122,58,0,286,0,5,27,0,32,106,127,85,0,318,32,0,32,350
02/20/2009,OMA,NE,ACE,CE,Towers with Radar,104,106,38,0,248,0,1,16,0,17,104,107,54,0,265,74,0,74,339
02/21/2009,OMA,NE,ACE,CE,Towers with Radar,82,83,18,0,183,0,9,11,0,20,82,92,29,0,203,36,0,36,239
02/22/2009,OMA,NE,ACE,CE,Towers with Radar,92,79,27,1,199,0,12,28,0,40,92,91,55,1,239,28,0,28,267
02/23/2009,OMA,NE,ACE,CE,Towers with Radar,100,99,43,4,246,0,6,15,0,21,100,105,58,4,267,26,12,38,305
02/24/2009,OMA,NE,ACE,CE,Towers with Radar,105,118,63,2,288,0,4,39,0,43,105,122,102,2,331,22,0,22,353
02/25/2009,OMA,NE,ACE,CE,Towers with Radar,106,119,86,0,311,0,6,35,0,41,106,125,121,0,352,66,0,66,418
02/26/2009,OMA,NE,ACE,CE,Towers with Radar,129,106,54,2,291,0,6,2,0,8,129,112,56,2,299,10,0,10,309
02/27/2009,OMA,NE,ACE,CE,Towers with Radar,106,110,61,0,277,0,3,2,0,5,106,113,63,0,282,8,0,8,290
02/28/2009,OMA,NE,ACE,CE,Towers with Radar,85,81,10,0,176,0,6,17,0,23,85,87,27,0,199,6,0,6,205
03/01/2009,OMA,NE,ACE,CE,Towers with Radar,91,75,26,0,192,0,9,26,0,35,91,84,52,0,227,18,0,18,245
03/02/2009,OMA,NE,ACE,CE,Towers with Radar,96,93,49,0,238,0,7,10,0,17,96,100,59,0,255,4,0,4,259
03/03/2009,OMA,NE,ACE,CE,Towers with Radar,107,114,62,0,283,0,7,24,0,31,107,121,86,0,314,56,0,56,370
03/04/2009,OMA,NE,ACE,CE,Towers with Radar,110,108,64,0,282,0,4,21,0,25,110,112,85,0,307,32,0,32,339
03/05/2009,OMA,NE,ACE,CE,Towers with Radar,111,125,74,2,312,0,11,26,0,37,111,136,100,2,349,48,0,48,397
03/06/2009,OMA,NE,ACE,CE,Towers with Radar,106,121,80,0,307,0,6,43,0,49,106,127,123,0,356,100,0,100,456
03/07/2009,OMA,NE,ACE,CE,Towers with Radar,91,78,11,0,180,0,0,1,0,1,91,78,12,0,181,0,0,0,181
03/08/2009,OMA,NE,ACE,CE,Towers with Radar,99,108,25,0,232,0,2,4,0,6,99,110,29,0,238,20,0,20,258
03/09/2009,OMA,NE,ACE,CE,Towers with Radar,106,112,41,0,259,0,6,2,0,8,106,118,43,0,267,6,0,6,273
03/10/2009,OMA,NE,ACE,CE,Towers with Radar,113,112,31,2,258,0,4,0,0,4,113,116,31,2,262,0,0,0,262
03/11/2009,OMA,NE,ACE,CE,Towers with Radar,118,142,67,5,332,0,17,15,1,33,118,159,82,6,365,38,4,42,407
03/12/2009,OMA,NE,ACE,CE,Towers with Radar,125,132,75,0,332,0,12,23,0,35,125,144,98,0,367,54,0,54,421
03/13/2009,OMA,NE,ACE,CE,Towers with Radar,111,126,48,7,292,0,18,22,0,40,111,144,70,7,332,88,4,92,424
03/14/2009,OMA,NE,ACE,CE,Towers with Radar,95,81,34,0,210,0,24,37,0,61,95,105,71,0,271,66,0,66,337
03/15/2009,OMA,NE,ACE,CE,Towers with Radar,103,82,23,0,208,0,27,34,0,61,103,109,57,0,269,42,0,42,311
03/16/2009,OMA,NE,ACE,CE,Towers with Radar,102,125,38,3,268,0,19,23,1,43,102,144,61,4,311,34,0,34,345
03/17/2009,OMA,NE,ACE,CE,Towers with Radar,112,123,68,3,306,0,13,31,1,45,112,136,99,4,351,40,4,44,395
03/18/2009,OMA,NE,ACE,CE,Towers with Radar,117,119,67,0,303,0,10,21,0,31,117,129,88,0,334,52,0,52,386
03/19/2009,OMA,NE,ACE,CE,Towers with Radar,113,125,77,2,317,0,6,29,0,35,113,131,106,2,352,72,0,72,424
03/20/2009,OMA,NE,ACE,CE,Towers with Radar,109,128,37,0,274,0,10,11,0,21,109,138,48,0,295,28,0,28,323
03/21/2009,OMA,NE,ACE,CE,Towers with Radar,89,81,21,0,191,0,9,27,0,36,89,90,48,0,227,54,0,54,281
03/22/2009,OMA,NE,ACE,CE,Towers with Radar,98,74,13,0,185,0,7,4,0,11,98,81,17,0,196,6,0,6,202
03/23/2009,OMA,NE,ACE,CE,Towers with Radar,105,91,43,2,241,0,2,0,0,2,105,93,43,2,243,4,0,4,247
03/24/2009,OMA,NE,ACE,CE,Towers with Radar,112,114,75,0,301,0,6,20,0,26,112,120,95,0,327,52,0,52,379
03/25/2009,OMA,NE,ACE,CE,Towers with Radar,109,108,97,2,316,0,5,36,0,41,109,113,133,2,357,52,0,52,409
03/26/2009,OMA,NE,ACE,CE,Towers with Radar,111,121,63,0,295,0,9,4,1,14,111,130,67,1,309,26,0,26,335
03/27/2009,OMA,NE,ACE,CE,Towers with Radar,109,120,49,0,278,0,9,11,0,20,109,129,60,0,298,36,0,36,334
03/28/2009,OMA,NE,ACE,CE,Towers with Radar,102,74,31,0,207,0,13,17,0,30,102,87,48,0,237,18,0,18,255
03/29/2009,OMA,NE,ACE,CE,Towers with Radar,98,69,42,0,209,0,8,29,0,37,98,77,71,0,246,32,0,32,278
03/30/2009,OMA,NE,ACE,CE,Towers with Radar,107,106,26,0,239,0,8,10,0,18,107,114,36,0,257,2,0,2,259
03/31/2009,OMA,NE,ACE,CE,Towers with Radar,116,119,33,0,268,0,4,2,0,6,116,123,35,0,274,2,0,2,276
04/01/2009,OMA,NE,ACE,CE,Towers with Radar,116,117,68,0,301,0,12,32,0,44,116,129,100,0,345,80,0,80,425
04/02/2009,OMA,NE,ACE,CE,Towers with Radar,113,110,55,15,293,0,5,27,1,33,113,115,82,16,326,66,18,84,410
04/03/2009,OMA,NE,ACE,CE,Towers with Radar,111,124,60,2,297,0,6,34,0,40,111,130,94,2,337,74,8,82,419
04/04/2009,OMA,NE,ACE,CE,Towers with Radar,88,70,18,0,176,0,2,1,0,3,88,72,19,0,179,12,0,12,191
04/05/2009,OMA,NE,ACE,CE,Towers with Radar,102,66,15,0,183,0,2,0,0,2,102,68,15,0,185,0,0,0,185
04/06/2009,OMA,NE,ACE,CE,Towers with Radar,105,95,45,0,245,0,13,7,0,20,105,108,52,0,265,4,0,4,269
04/07/2009,OMA,NE,ACE,CE,Towers with Radar,113,116,60,6,295,0,8,38,1,47,113,124,98,7,342,54,0,54,396
04/08/2009,OMA,NE,ACE,CE,Towers with Radar,116,124,70,0,310,0,12,44,0,56,116,136,114,0,366,70,0,70,436
04/09/2009,OMA,NE,ACE,CE,Towers with Radar,106,125,71,0,302,0,2,27,0,29,106,127,98,0,331,56,0,56,387
04/10/2009,OMA,NE,ACE,CE,Towers with Radar,114,110,61,0,285,0,4,42,0,46,114,114,103,0,331,80,0,80,411
04/11/2009,OMA,NE,ACE,CE,Towers with Radar,87,70,22,0,179,0,6,36,0,42,87,76,58,0,221,26,0,26,247
04/12/2009,OMA,NE,ACE,CE,Towers with Radar,100,73,23,6,202,0,8,11,0,19,100,81,34,6,221,12,4,16,237
04/13/2009,OMA,NE,ACE,CE,Towers with Radar,103,96,58,6,263,0,2,3,0,5,103,98,61,6,268,10,2,12,280
04/14/2009,OMA,NE,ACE,CE,Towers with Radar,110,118,72,8,308,0,12,25,0,37,110,130,97,8,345,60,4,64,409
04/15/2009,OMA,NE,ACE,CE,Towers with Radar,118,112,70,0,300,0,9,16,0,25,118,121,86,0,325,34,0,34,359
04/16/2009,OMA,NE,ACE,CE,Towers with Radar,116,109,70,0,295,0,8,27,0,35,116,117,97,0,330,52,0,52,382
04/17/2009,OMA,NE,ACE,CE,Towers with Radar,113,109,43,0,265,0,10,39,0,49,113,119,82,0,314,60,0,60,374
04/18/2009,OMA,NE,ACE,CE,Towers with Radar,98,61,24,0,183,0,6,8,0,14,98,67,32,0,197,14,0,14,211
04/19/2009,OMA,NE,ACE,CE,Towers with Radar,102,70,25,0,197,0,13,17,0,30,102,83,42,0,227,30,0,30,257
04/20/2009,OMA,NE,ACE,CE,Towers with Radar,106,92,39,0,237,0,12,8,0,20,106,104,47,0,257,20,0,20,277
04/21/2009,OMA,NE,ACE,CE,Towers with Radar,114,108,70,2,294,0,5,32,0,37,114,113,102,2,331,72,0,72,403
04/22/2009,OMA,NE,ACE,CE,Towers with Radar,122,111,69,0,302,0,13,47,0,60,122,124,116,0,362,52,0,52,414
04/23/2009,OMA,NE,ACE,CE,Towers with Radar,119,115,56,2,292,0,10,26,0,36,119,125,82,2,328,16,0,16,344
04/24/2009,OMA,NE,ACE,CE,Towers with Radar,118,115,47,0,280,0,9,24,0,33,118,124,71,0,313,58,0,58,371
04/25/2009,OMA,NE,ACE,CE,Towers with Radar,101,62,21,0,184,0,3,1,0,4,101,65,22,0,188,0,0,0,188
04/26/2009,OMA,NE,ACE,CE,Towers with Radar,106,67,25,0,198,0,0,0,0,0,106,67,25,0,198,4,0,4,202
04/27/2009,OMA,NE,ACE,CE,Towers with Radar,109,119,59,6,293,0,4,8,0,12,109,123,67,6,305,44,2,46,351
04/28/2009,OMA,NE,ACE,CE,Towers with Radar,111,113,75,21,320,0,8,28,0,36,111,121,103,21,356,48,20,68,424
04/29/2009,OMA,NE,ACE,CE,Towers with Radar,116,125,67,2,310,0,1,1,0,2,116,126,68,2,312,28,0,28,340
04/30/2009,OMA,NE,ACE,CE,Towers with Radar,119,135,71,4,329,0,3,8,0,11,119,138,79,4,340,22,8,30,370
05/01/2009,OMA,NE,ACE,CE,Towers with Radar,138,160,147,5,450,0,12,20,2,34,138,172,167,7,484,42,0,42,526
05/02/2009,OMA,NE,ACE,CE,Towers with Radar,97,102,103,0,302,0,10,23,0,33,97,112,126,0,335,20,0,20,355
05/03/2009,OMA,NE,ACE,CE,Towers with Radar,125,100,83,3,311,0,2,31,0,33,125,102,114,3,344,14,0,14,358
05/04/2009,OMA,NE,ACE,CE,Towers with Radar,114,107,52,0,273,0,4,18,0,22,114,111,70,0,295,2,0,2,297
05/05/2009,OMA,NE,ACE,CE,Towers with Radar,127,98,62,1,288,0,9,9,1,19,127,107,71,2,307,14,0,14,321
05/06/2009,OMA,NE,ACE,CE,Towers with Radar,121,109,62,0,292,0,9,11,0,20,121,118,73,0,312,12,0,12,324
05/07/2009,OMA,NE,ACE,CE,Towers with Radar,123,105,86,8,322,0,4,19,0,23,123,109,105,8,345,16,38,54,399
05/08/2009,OMA,NE,ACE,CE,Towers with Radar,121,112,62,2,297,0,8,19,2,29,121,120,81,4,326,39,0,39,365
05/09/2009,OMA,NE,ACE,CE,Towers with Radar,90,70,36,0,196,0,5,32,0,37,90,75,68,0,233,44,0,44,277
05/10/2009,OMA,NE,ACE,CE,Towers with Radar,103,78,29,2,212,0,10,20,1,31,103,88,49,3,243,12,0,12,255
05/11/2009,OMA,NE,ACE,CE,Towers with Radar,115,98,49,9,271,0,3,28,2,33,115,101,77,11,304,12,6,18,322
05/12/2009,OMA,NE,ACE,CE,Towers with Radar,121,102,57,3,283,0,4,11,0,15,121,106,68,3,298,18,0,18,316
05/13/2009,OMA,NE,ACE,CE,Towers with Radar,117,111,85,1,314,0,2,12,0,14,117,113,97,1,328,19,0,19,347
05/14/2009,OMA,NE,ACE,CE,Towers with Radar,124,104,71,6,305,0,5,38,1,44,124,109,109,7,349,64,4,68,417
05/15/2009,OMA,NE,ACE,CE,Towers with Radar,142,102,40,3,287,0,1,3,0,4,142,103,43,3,291,4,0,4,295
05/16/2009,OMA,NE,ACE,CE,Towers with Radar,97,68,24,5,194,0,8,25,6,39,97,76,49,11,233,36,10,46,279
05/17/2009,OMA,NE,ACE,CE,Towers with Radar,107,77,23,0,207,0,9,26,0,35,107,86,49,0,242,22,0,22,264
05/18/2009,OMA,NE,ACE,CE,Towers with Radar,110,97,63,6,276,0,8,29,0,37,110,105,92,6,313,22,0,22,335
05/19/2009,OMA,NE,ACE,CE,Towers with Radar,119,108,63,12,302,0,10,29,2,41,119,118,92,14,343,4,12,16,359
05/20/2009,OMA,NE,ACE,CE,Towers with Radar,124,111,87,2,324,0,10,15,1,26,124,121,102,3,350,2,0,2,352
05/21/2009,OMA,NE,ACE,CE,Towers with Radar,118,113,61,3,295,0,3,26,1,30,118,116,87,4,325,28,0,28,353
05/22/2009,OMA,NE,ACE,CE,Towers with Radar,125,109,63,2,299,0,18,21,0,39,125,127,84,2,338,32,0,32,370
05/23/2009,OMA,NE,ACE,CE,Towers with Radar,89,59,19,0,167,0,18,9,0,27,89,77,28,0,194,6,0,6,200
05/24/2009,OMA,NE,ACE,CE,Towers with Radar,88,58,12,0,158,0,5,17,0,22,88,63,29,0,180,22,0,22,202
05/25/2009,OMA,NE,ACE,CE,Towers with Radar,104,78,38,1,221,0,8,19,0,27,104,86,57,1,248,12,0,12,260
05/26/2009,OMA,NE,ACE,CE,Towers with Radar,113,106,60,1,280,0,2,3,0,5,113,108,63,1,285,4,0,4,289
05/27/2009,OMA,NE,ACE,CE,Towers with Radar,121,114,75,2,312,0,4,3,0,7,121,118,78,2,319,6,2,8,327
05/28/2009,OMA,NE,ACE,CE,Towers with Radar,120,114,66,4,304,0,10,30,0,40,120,124,96,4,344,26,8,34,378
05/29/2009,OMA,NE,ACE,CE,Towers with Radar,121,101,47,4,273,0,13,34,1,48,121,114,81,5,321,60,4,64,385
05/30/2009,OMA,NE,ACE,CE,Towers with Radar,93,61,16,0,170,0,7,48,0,55,93,68,64,0,225,60,0,60,285
05/31/2009,OMA,NE,ACE,CE,Towers with Radar,106,71,34,8,219,0,8,32,1,41,106,79,66,9,260,34,4,38,298
06/01/2009,OMA,NE,ACE,CE,Towers with Radar,111,98,48,8,265,0,7,12,0,19,111,105,60,8,284,12,4,16,300
06/02/2009,OMA,NE,ACE,CE,Towers with Radar,121,101,51,2,275,0,3,9,0,12,121,104,60,2,287,16,4,20,307
06/03/2009,OMA,NE,ACE,CE,Towers with Radar,122,116,71,10,319,0,9,30,2,41,122,125,101,12,360,50,8,58,418
06/04/2009,OMA,NE,ACE,CE,Towers with Radar,116,132,79,0,327,0,10,38,0,48,116,142,117,0,375,20,0,20,395
06/05/2009,OMA,NE,ACE,CE,Towers with Radar,112,107,50,1,270,0,11,29,0,40,112,118,79,1,310,18,0,18,328
06/06/2009,OMA,NE,ACE,CE,Towers with Radar,93,68,17,0,178,0,8,12,0,20,93,76,29,0,198,0,0,0,198
06/07/2009,OMA,NE,ACE,CE,Towers with Radar,102,75,23,0,200,0,4,0,0,4,102,79,23,0,204,4,0,4,208
06/08/2009,OMA,NE,ACE,CE,Towers with Radar,114,98,35,1,248,0,8,4,0,12,114,106,39,1,260,2,0,2,262
06/09/2009,OMA,NE,ACE,CE,Towers with Radar,113,113,59,0,285,0,9,12,0,21,113,122,71,0,306,2,0,2,308
06/10/2009,OMA,NE,ACE,CE,Towers with Radar,121,109,63,0,293,0,3,10,0,13,121,112,73,0,306,2,0,2,308
06/11/2009,OMA,NE,ACE,CE,Towers with Radar,123,121,90,0,334,0,6,26,0,32,123,127,116,0,366,28,0,28,394
06/12/2009,OMA,NE,ACE,CE,Towers with Radar,119,110,57,4,290,0,5,7,0,12,119,115,64,4,302,0,8,8,310
06/13/2009,OMA,NE,ACE,CE,Towers with Radar,94,77,56,0,227,0,11,30,0,41,94,88,86,0,268,46,0,46,314
06/14/2009,OMA,NE,ACE,CE,Towers with Radar,101,79,73,0,253,0,13,47,0,60,101,92,120,0,313,24,0,24,337
06/15/2009,OMA,NE,ACE,CE,Towers with Radar,113,97,81,2,293,0,3,16,0,19,113,100,97,2,312,6,0,6,318
06/16/2009,OMA,NE,ACE,CE,Towers with Radar,119,114,74,1,308,0,6,18,0,24,119,120,92,1,332,6,0,6,338
06/17/2009,OMA,NE,ACE,CE,Towers with Radar,122,127,70,0,319,0,12,31,0,43,122,139,101,0,362,8,0,8,370
06/18/2009,OMA,NE,ACE,CE,Towers with Radar,119,115,65,0,299,0,19,20,0,39,119,134,85,0,338,20,0,20,358
06/19/2009,OMA,NE,ACE,CE,Towers with Radar,123,105,75,1,304,0,9,24,0,33,123,114,99,1,337,14,0,14,351
06/20/2009,OMA,NE,ACE,CE,Towers with Radar,105,78,30,2,215,0,8,32,5,45,105,86,62,7,260,2,2,4,264
06/21/2009,OMA,NE,ACE,CE,Towers with Radar,105,75,48,1,229,0,2,10,1,13,105,77,58,2,242,2,0,2,244
06/22/2009,OMA,NE,ACE,CE,Towers with Radar,109,98,96,2,305,0,2,25,0,27,109,100,121,2,332,8,0,8,340
06/23/2009,OMA,NE,ACE,CE,Towers with Radar,122,123,83,2,330,0,11,25,0,36,122,134,108,2,366,43,0,43,409
06/24/2009,OMA,NE,ACE,CE,Towers with Radar,123,118,92,1,334,0,11,29,1,41,123,129,121,2,375,30,0,30,405
06/25/2009,OMA,NE,ACE,CE,Towers with Radar,116,117,94,4,331,0,11,27,0,38,116,128,121,4,369,24,16,40,409
06/26/2009,OMA,NE,ACE,CE,Towers with Radar,124,103,44,8,279,0,5,21,0,26,124,108,65,8,305,24,0,24,329
06/27/2009,OMA,NE,ACE,CE,Towers with Radar,93,80,14,0,187,0,8,13,0,21,93,88,27,0,208,5,0,5,213
06/28/2009,OMA,NE,ACE,CE,Towers with Radar,104,69,28,0,201,0,5,28,0,33,104,74,56,0,234,10,0,10,244
06/29/2009,OMA,NE,ACE,CE,Towers with Radar,111,107,62,0,280,0,9,27,0,36,111,116,89,0,316,12,0,12,328
06/30/2009,OMA,NE,ACE,CE,Towers with Radar,116,105,68,9,298,0,5,32,4,41,116,110,100,13,339,8,0,8,347
07/01/2009,OMA,NE,ACE,CE,Towers with Radar,116,122,71,2,311,0,8,18,2,28,116,130,89,4,339,18,0,18,357
07/02/2009,OMA,NE,ACE,CE,Towers with Radar,115,115,62,0,292,0,5,15,0,20,115,120,77,0,312,44,0,44,356
07/03/2009,OMA,NE,ACE,CE,Towers with Radar,109,96,27,0,232,0,2,6,0,8,109,98,33,0,240,2,0,2,242
07/04/2009,OMA,NE,ACE,CE,Towers with Radar,70,58,6,0,134,0,3,0,0,3,70,61,6,0,137,0,0,0,137
07/05/2009,OMA,NE,ACE,CE,Towers with Radar,102,77,39,0,218,0,11,16,0,27,102,88,55,0,245,2,0,2,247
07/06/2009,OMA,NE,ACE,CE,Towers with Radar,108,108,54,0,270,0,7,29,0,36,108,115,83,0,306,32,0,32,338
07/07/2009,OMA,NE,ACE,CE,Towers with Radar,111,123,65,2,301,0,11,26,0,37,111,134,91,2,338,32,0,32,370
07/08/2009,OMA,NE,ACE,CE,Towers with Radar,121,116,40,0,277,0,5,12,0,17,121,121,52,0,294,20,0,20,314
07/09/2009,OMA,NE,ACE,CE,Towers with Radar,114,114,70,0,298,0,9,6,0,15,114,123,76,0,313,14,0,14,327
07/10/2009,OMA,NE,ACE,CE,Towers with Radar,111,116,52,0,279,0,9,15,0,24,111,125,67,0,303,16,0,16,319
07/11/2009,OMA,NE,ACE,CE,Towers with Radar,87,74,15,0,176,0,9,15,0,24,87,83,30,0,200,28,0,28,228
07/12/2009,OMA,NE,ACE,CE,Towers with Radar,94,75,35,0,204,0,7,12,0,19,94,82,47,0,223,14,0,14,237
07/13/2009,OMA,NE,ACE,CE,Towers with Radar,107,96,46,0,249,0,8,26,1,35,107,104,72,1,284,0,0,0,284
07/14/2009,OMA,NE,ACE,CE,Towers with Radar,113,131,60,0,304,0,4,15,0,19,113,135,75,0,323,2,0,2,325
07/15/2009,OMA,NE,ACE,CE,Towers with Radar,115,117,78,2,312,0,8,32,0,40,115,125,110,2,352,12,2,14,366
07/16/2009,OMA,NE,ACE,CE,Towers with Radar,114,119,79,1,313,0,10,9,0,19,114,129,88,1,332,14,0,14,346
07/17/2009,OMA,NE,ACE,CE,Towers with Radar,114,113,56,1,284,0,10,22,0,32,114,123,78,1,316,26,0,26,342
07/18/2009,OMA,NE,ACE,CE,Towers with Radar,88,75,19,5,187,0,10,27,4,41,88,85,46,9,228,12,8,20,248
07/19/2009,OMA,NE,ACE,CE,Towers with Radar,93,79,40,2,214,0,8,41,0,49,93,87,81,2,263,26,0,26,289
07/20/2009,OMA,NE,ACE,CE,Towers with Radar,108,95,48,0,251,0,1,11,0,12,108,96,59,0,263,4,0,4,267
07/21/2009,OMA,NE,ACE,CE,Towers with Radar,113,119,36,8,276,0,2,16,0,18,113,121,52,8,294,28,0,28,322
07/22/2009,OMA,NE,ACE,CE,Towers with Radar,115,127,61,1,304,0,4,20,1,25,115,131,81,2,329,20,0,20,349
07/23/2009,OMA,NE,ACE,CE,Towers with Radar,115,123,60,3,301,0,8,22,0,30,115,131,82,3,331,36,0,36,367
07/24/2009,OMA,NE,ACE,CE,Towers with Radar,111,110,38,6,265,0,8,26,0,34,111,118,64,6,299,26,12,38,337
07/25/2009,OMA,NE,ACE,CE,Towers with Radar,88,78,21,1,188,0,8,35,0,43,88,86,56,1,231,26,0,26,257
07/26/2009,OMA,NE,ACE,CE,Towers with Radar,93,95,28,7,223,0,9,25,0,34,93,104,53,7,257,16,4,20,277
07/27/2009,OMA,NE,ACE,CE,Towers with Radar,109,91,49,0,249,0,6,9,0,15,109,97,58,0,264,0,0,0,264
07/28/2009,OMA,NE,ACE,CE,Towers with Radar,110,122,51,3,286,0,10,21,0,31,110,132,72,3,317,2,4,6,323
07/29/2009,OMA,NE,ACE,CE,Towers with Radar,118,121,82,0,321,0,9,27,0,36,118,130,109,0,357,4,0,4,361
07/30/2009,OMA,NE,ACE,CE,Towers with Radar,116,121,85,6,328,0,7,29,0,36,116,128,114,6,364,4,0,4,368
07/31/2009,OMA,NE,ACE,CE,Towers with Radar,113,104,58,0,275,0,10,41,0,51,113,114,99,0,326,30,0,30,356
08/01/2009,OMA,NE,ACE,CE,Towers with Radar,92,88,19,6,205,0,3,31,2,36,92,91,50,8,241,4,4,8,249
08/02/2009,OMA,NE,ACE,CE,Towers with Radar,99,87,28,0,214,0,14,33,0,47,99,101,61,0,261,16,0,16,277
08/03/2009,OMA,NE,ACE,CE,Towers with Radar,104,103,40,6,253,0,3,32,0,35,104,106,72,6,288,2,0,2,290
08/04/2009,OMA,NE,ACE,CE,Towers with Radar,116,111,61,0,288,0,11,24,0,35,116,122,85,0,323,24,0,24,347
08/05/2009,OMA,NE,ACE,CE,Towers with Radar,114,122,64,0,300,0,16,21,0,37,114,138,85,0,337,42,0,42,379
08/06/2009,OMA,NE,ACE,CE,Towers with Radar,114,123,68,0,305,0,14,27,0,41,114,137,95,0,346,30,0,30,376
08/07/2009,OMA,NE,ACE,CE,Towers with Radar,114,114,45,0,273,0,5,5,0,10,114,119,50,0,283,8,0,8,291
08/08/2009,OMA,NE,ACE,CE,Towers with Radar,91,78,39,0,208,0,11,10,0,21,91,89,49,0,229,0,0,0,229
08/09/2009,OMA,NE,ACE,CE,Towers with Radar,94,78,31,0,203,0,4,6,0,10,94,82,37,0,213,24,0,24,237
08/10/2009,OMA,NE,ACE,CE,Towers with Radar,107,92,57,4,260,0,6,18,0,24,107,98,75,4,284,28,2,30,314
08/11/2009,OMA,NE,ACE,CE,Towers with Radar,112,117,50,2,281,0,7,28,0,35,112,124,78,2,316,12,2,14,330
08/12/2009,OMA,NE,ACE,CE,Towers with Radar,115,114,61,0,290,0,7,28,0,35,115,121,89,0,325,18,0,18,343
08/13/2009,OMA,NE,ACE,CE,Towers with Radar,115,120,55,1,291,0,9,30,1,40,115,129,85,2,331,4,0,4,335
08/14/2009,OMA,NE,ACE,CE,Towers with Radar,113,116,54,0,283,0,14,14,0,28,113,130,68,0,311,2,0,2,313
08/15/2009,OMA,NE,ACE,CE,Towers with Radar,86,82,21,0,189,0,4,10,5,19,86,86,31,5,208,0,0,0,208
08/16/2009,OMA,NE,ACE,CE,Towers with Radar,89,84,28,0,201,0,14,13,0,27,89,98,41,0,228,2,0,2,230
08/17/2009,OMA,NE,ACE,CE,Towers with Radar,102,97,63,2,264,0,7,11,0,18,102,104,74,2,282,6,0,6,288
08/18/2009,OMA,NE,ACE,CE,Towers with Radar,115,117,56,0,288,0,3,24,0,27,115,120,80,0,315,40,0,40,355
08/19/2009,OMA,NE,ACE,CE,Towers with Radar,113,120,63,4,300,0,5,8,0,13,113,125,71,4,313,6,4,10,323
08/20/2009,OMA,NE,ACE,CE,Towers with Radar,113,119,73,4,309,0,5,11,0,16,113,124,84,4,325,8,0,8,333
08/21/2009,OMA,NE,ACE,CE,Towers with Radar,109,114,53,2,278,0,4,19,0,23,109,118,72,2,301,16,0,16,317
08/22/2009,OMA,NE,ACE,CE,Towers with Radar,84,76,33,7,200,0,4,43,0,47,84,80,76,7,247,30,12,42,289
08/23/2009,OMA,NE,ACE,CE,Towers with Radar,91,95,32,1,219,0,7,46,0,53,91,102,78,1,272,18,0,18,290
08/24/2009,OMA,NE,ACE,CE,Towers with Radar,107,96,41,0,244,0,12,13,0,25,107,108,54,0,269,2,0,2,271
08/25/2009,OMA,NE,ACE,CE,Towers with Radar,114,122,75,2,313,0,9,6,2,17,114,131,81,4,330,10,0,10,340
08/26/2009,OMA,NE,ACE,CE,Towers with Radar,114,117,71,0,302,0,3,0,0,3,114,120,71,0,305,18,0,18,323
08/27/2009,OMA,NE,ACE,CE,Towers with Radar,114,124,74,7,319,0,17,13,0,30,114,141,87,7,349,28,8,36,385
08/28/2009,OMA,NE,ACE,CE,Towers with Radar,112,113,47,3,275,0,16,15,0,31,112,129,62,3,306,44,2,46,352
08/29/2009,OMA,NE,ACE,CE,Towers with Radar,79,79,14,0,172,0,15,17,0,32,79,94,31,0,204,10,0,10,214
08/30/2009,OMA,NE,ACE,CE,Towers with Radar,90,74,26,1,191,0,9,30,0,39,90,83,56,1,230,10,0,10,240
08/31/2009,OMA,NE,ACE,CE,Towers with Radar,107,100,61,2,270,0,4,27,0,31,107,104,88,2,301,32,0,32,333
09/01/2009,OMA,NE,ACE,CE,Towers with Radar,114,128,61,0,303,0,24,35,0,59,114,152,96,0,362,72,0,72,434
09/02/2009,OMA,NE,ACE,CE,Towers with Radar,129,103,46,1,279,0,14,22,0,36,129,117,68,1,315,64,0,64,379
09/03/2009,OMA,NE,ACE,CE,Towers with Radar,126,105,52,3,286,0,2,0,0,2,126,107,52,3,288,0,0,0,288
09/04/2009,OMA,NE,ACE,CE,Towers with Radar,124,101,31,0,256,0,12,28,0,40,124,113,59,0,296,38,0,38,334
09/05/2009,OMA,NE,ACE,CE,Towers with Radar,85,51,19,2,157,0,17,22,0,39,85,68,41,2,196,18,0,18,214
09/06/2009,OMA,NE,ACE,CE,Towers with Radar,74,50,32,0,156,0,6,25,0,31,74,56,57,0,187,20,0,20,207
09/07/2009,OMA,NE,ACE,CE,Towers with Radar,95,69,24,0,188,0,11,14,0,25,95,80,38,0,213,22,0,22,235
09/08/2009,OMA,NE,ACE,CE,Towers with Radar,125,95,54,0,274,0,12,16,0,28,125,107,70,0,302,12,0,12,314
09/09/2009,OMA,NE,ACE,CE,Towers with Radar,125,111,63,2,301,0,4,14,0,18,125,115,77,2,319,4,0,4,323
09/10/2009,OMA,NE,ACE,CE,Towers with Radar,123,115,71,0,309,0,11,28,0,39,123,126,99,0,348,31,0,31,379
09/11/2009,OMA,NE,ACE,CE,Towers with Radar,126,111,61,0,298,0,8,27,0,35,126,119,88,0,333,20,0,20,353
09/12/2009,OMA,NE,ACE,CE,Towers with Radar,88,50,24,4,166,0,7,13,0,20,88,57,37,4,186,2,4,6,192
09/13/2009,OMA,NE,ACE,CE,Towers with Radar,102,66,27,0,195,0,11,21,0,32,102,77,48,0,227,14,0,14,241
09/14/2009,OMA,NE,ACE,CE,Towers with Radar,116,90,48,10,264,0,6,23,0,29,116,96,71,10,293,32,6,38,331
09/15/2009,OMA,NE,ACE,CE,Towers with Radar,122,99,59,6,286,0,5,28,0,33,122,104,87,6,319,16,0,16,335
09/16/2009,OMA,NE,ACE,CE,Towers with Radar,126,107,66,6,305,0,11,27,0,38,126,118,93,6,343,26,0,26,369
09/17/2009,OMA,NE,ACE,CE,Towers with Radar,129,107,75,4,315,0,13,47,2,62,129,120,122,6,377,66,2,68,445
09/18/2009,OMA,NE,ACE,CE,Towers with Radar,126,101,56,1,284,0,9,38,1,48,126,110,94,2,332,42,0,42,374
09/19/2009,OMA,NE,ACE,CE,Towers with Radar,92,66,32,24,214,0,7,25,0,32,92,73,57,24,246,0,48,48,294
09/20/2009,OMA,NE,ACE,CE,Towers with Radar,104,64,32,0,200,0,4,27,0,31,104,68,59,0,231,4,0,4,235
09/21/2009,OMA,NE,ACE,CE,Towers with Radar,116,86,56,0,258,0,3,9,0,12,116,89,65,0,270,0,0,0,270
09/22/2009,OMA,NE,ACE,CE,Towers with Radar,126,100,47,2,275,0,7,14,0,21,126,107,61,2,296,22,0,22,318
09/23/2009,OMA,NE,ACE,CE,Towers with Radar,129,107,49,0,285,0,5,8,0,13,129,112,57,0,298,12,0,12,310
09/24/2009,OMA,NE,ACE,CE,Towers with Radar,126,108,84,0,318,0,9,19,0,28,126,117,103,0,346,10,0,10,356
09/25/2009,OMA,NE,ACE,CE,Towers with Radar,123,104,61,0,288,0,7,24,0,31,123,111,85,0,319,46,0,46,365
09/26/2009,OMA,NE,ACE,CE,Towers with Radar,91,67,31,2,191,0,2,15,0,17,91,69,46,2,208,8,0,8,216
09/27/2009,OMA,NE,ACE,CE,Towers with Radar,105,71,41,0,217,0,7,30,0,37,105,78,71,0,254,6,0,6,260
09/28/2009,OMA,NE,ACE,CE,Towers with Radar,117,90,56,2,265,0,6,20,2,28,117,96,76,4,293,24,2,26,319
09/29/2009,OMA,NE,ACE,CE,Towers with Radar,123,107,67,0,297,0,6,32,8,46,123,113,99,8,343,60,0,60,403
09/30/2009,OMA,NE,ACE,CE,Towers with Radar,125,109,60,1,295,0,9,16,2,27,125,118,76,3,322,14,6,20,342
10/01/2009,OMA,NE,ACE,CE,Towers with Radar,127,106,61,0,294,0,8,9,0,17,127,114,70,0,311,2,0,2,313
10/02/2009,OMA,NE,ACE,CE,Towers with Radar,124,99,51,2,276,0,4,5,0,9,124,103,56,2,285,4,0,4,289
10/03/2009,OMA,NE,ACE,CE,Towers with Radar,93,60,23,0,176,0,12,6,0,18,93,72,29,0,194,4,0,4,198
10/04/2009,OMA,NE,ACE,CE,Towers with Radar,105,66,38,2,211,0,8,36,0,44,105,74,74,2,255,8,2,10,265
10/05/2009,OMA,NE,ACE,CE,Towers with Radar,122,87,39,0,248,0,6,14,0,20,122,93,53,0,268,16,0,16,284
10/06/2009,OMA,NE,ACE,CE,Towers with Radar,126,98,52,0,276,0,15,9,0,24,126,113,61,0,300,6,0,6,306
10/07/2009,OMA,NE,ACE,CE,Towers with Radar,132,101,82,0,315,0,17,24,0,41,132,118,106,0,356,18,0,18,374
10/08/2009,OMA,NE,ACE,CE,Towers with Radar,129,118,47,2,296,0,13,5,0,18,129,131,52,2,314,12,0,12,326
10/09/2009,OMA,NE,ACE,CE,Towers with Radar,127,105,68,0,300,0,8,27,0,35,127,113,95,0,335,66,0,66,401
10/10/2009,OMA,NE,ACE,CE,Towers with Radar,90,51,16,0,157,0,11,3,0,14,90,62,19,0,171,12,0,12,183
10/11/2009,OMA,NE,ACE,CE,Towers with Radar,103,62,32,0,197,0,12,19,0,31,103,74,51,0,228,20,0,20,248
10/12/2009,OMA,NE,ACE,CE,Towers with Radar,121,85,39,0,245,0,7,0,0,7,121,92,39,0,252,6,0,6,258
10/13/2009,OMA,NE,ACE,CE,Towers with Radar,126,105,45,0,276,0,10,12,0,22,126,115,57,0,298,28,0,28,326
10/14/2009,OMA,NE,ACE,CE,Towers with Radar,131,94,71,0,296,0,9,2,0,11,131,103,73,0,307,2,0,2,309
10/15/2009,OMA,NE,ACE,CE,Towers with Radar,128,105,55,6,294,0,2,3,0,5,128,107,58,6,299,20,4,24,323
10/16/2009,OMA,NE,ACE,CE,Towers with Radar,127,104,46,4,281,0,6,9,0,15,127,110,55,4,296,14,0,14,310
10/17/2009,OMA,NE,ACE,CE,Towers with Radar,91,62,34,0,187,0,10,13,1,24,91,72,47,1,211,16,0,16,227
10/18/2009,OMA,NE,ACE,CE,Towers with Radar,103,70,18,2,193,0,9,21,0,30,103,79,39,2,223,14,0,14,237
10/19/2009,OMA,NE,ACE,CE,Towers with Radar,117,93,65,0,275,0,17,31,0,48,117,110,96,0,323,36,0,36,359
10/20/2009,OMA,NE,ACE,CE,Towers with Radar,124,107,70,0,301,0,6,3,0,9,124,113,73,0,310,8,0,8,318
10/21/2009,OMA,NE,ACE,CE,Towers with Radar,129,110,65,0,304,0,0,0,0,0,129,110,65,0,304,6,0,6,310
10/22/2009,OMA,NE,ACE,CE,Towers with Radar,127,107,43,0,277,0,0,0,0,0,127,107,43,0,277,4,0,4,281
10/23/2009,OMA,NE,ACE,CE,Towers with Radar,125,103,50,0,278,0,5,9,0,14,125,108,59,0,292,4,0,4,296
10/24/2009,OMA,NE,ACE,CE,Towers with Radar,90,61,20,0,171,0,7,26,0,33,90,68,46,0,204,10,0,10,214
10/25/2009,OMA,NE,ACE,CE,Towers with Radar,101,64,31,0,196,0,6,15,0,21,101,70,46,0,217,8,0,8,225
10/26/2009,OMA,NE,ACE,CE,Towers with Radar,118,89,60,7,274,0,4,24,1,29,118,93,84,8,303,6,4,10,313
10/27/2009,OMA,NE,ACE,CE,Towers with Radar,127,109,60,12,308,0,4,29,0,33,127,113,89,12,341,28,6,34,375
10/28/2009,OMA,NE,ACE,CE,Towers with Radar,123,108,72,10,313,0,11,19,0,30,123,119,91,10,343,56,12,68,411
10/29/2009,OMA,NE,ACE,CE,Towers with Radar,117,106,57,0,280,0,1,0,0,1,117,107,57,0,281,4,0,4,285
10/30/2009,OMA,NE,ACE,CE,Towers with Radar,121,99,66,4,290,0,8,6,0,14,121,107,72,4,304,0,4,4,308
10/31/2009,OMA,NE,ACE,CE,Towers with Radar,87,61,36,0,184,0,3,29,0,32,87,64,65,0,216,30,0,30,246
11/01/2009,OMA,NE,ACE,CE,Towers with Radar,101,69,17,0,187,0,8,25,0,33,101,77,42,0,220,16,0,16,236
11/02/2009,OMA,NE,ACE,CE,Towers with Radar,122,82,61,0,265,0,8,23,0,31,122,90,84,0,296,22,0,22,318
11/03/2009,OMA,NE,ACE,CE,Towers with Radar,126,103,53,13,295,0,1,16,0,17,126,104,69,13,312,26,4,30,342
11/04/2009,OMA,NE,ACE,CE,Towers with Radar,130,106,72,5,313,0,8,30,2,40,130,114,102,7,353,40,4,44,397
11/05/2009,OMA,NE,ACE,CE,Towers with Radar,127,100,72,4,303,0,7,33,1,41,127,107,105,5,344,52,0,52,396
11/06/2009,OMA,NE,ACE,CE,Towers with Radar,131,100,74,2,307,0,5,50,0,55,131,105,124,2,362,60,0,60,422
11/07/2009,OMA,NE,ACE,CE,Towers with Radar,85,55,31,0,171,0,7,37,0,44,85,62,68,0,215,28,0,28,243
11/08/2009,OMA,NE,ACE,CE,Towers with Radar,103,73,38,0,214,0,8,14,0,22,103,81,52,0,236,18,0,18,254
11/09/2009,OMA,NE,ACE,CE,Towers with Radar,115,83,63,5,266,0,3,15,0,18,115,86,78,5,284,4,0,4,288
11/10/2009,OMA,NE,ACE,CE,Towers with Radar,125,93,46,0,264,0,11,21,0,32,125,104,67,0,296,44,0,44,340
11/11/2009,OMA,NE,ACE,CE,Towers with Radar,130,102,64,0,296,0,2,20,1,23,130,104,84,1,319,72,0,72,391
11/12/2009,OMA,NE,ACE,CE,Towers with Radar,132,97,61,0,290,0,4,12,1,17,132,101,73,1,307,16,0,16,323
11/13/2009,OMA,NE,ACE,CE,Towers with Radar,125,105,67,0,297,0,4,4,0,8,125,109,71,0,305,16,0,16,321
11/14/2009,OMA,NE,ACE,CE,Towers with Radar,86,57,30,4,177,0,5,8,0,13,86,62,38,4,190,6,0,6,196
11/15/2009,OMA,NE,ACE,CE,Towers with Radar,107,66,31,0,204,0,2,17,0,19,107,68,48,0,223,6,0,6,229
11/16/2009,OMA,NE,ACE,CE,Towers with Radar,121,79,41,0,241,0,8,6,0,14,121,87,47,0,255,4,0,4,259
11/17/2009,OMA,NE,ACE,CE,Towers with Radar,126,114,49,0,289,0,2,30,0,32,126,116,79,0,321,32,0,32,353
11/18/2009,OMA,NE,ACE,CE,Towers with Radar,130,99,81,0,310,0,10,14,0,24,130,109,95,0,334,22,0,22,356
11/19/2009,OMA,NE,ACE,CE,Towers with Radar,130,96,78,0,304,0,8,1,0,9,130,104,79,0,313,18,0,18,331
11/20/2009,OMA,NE,ACE,CE,Towers with Radar,126,97,50,0,273,0,14,24,0,38,126,111,74,0,311,32,0,32,343
11/21/2009,OMA,NE,ACE,CE,Towers with Radar,86,56,43,0,185,0,3,16,0,19,86,59,59,0,204,26,0,26,230
11/22/2009,OMA,NE,ACE,CE,Towers with Radar,101,62,23,0,186,0,7,15,0,22,101,69,38,0,208,38,0,38,246
11/23/2009,OMA,NE,ACE,CE,Towers with Radar,118,83,47,0,248,0,3,9,0,12,118,86,56,0,260,38,0,38,298
11/24/2009,OMA,NE,ACE,CE,Towers with Radar,134,107,39,0,280,0,2,0,0,2,134,109,39,0,282,0,0,0,282
11/25/2009,OMA,NE,ACE,CE,Towers with Radar,130,116,36,0,282,0,13,13,0,26,130,129,49,0,308,42,0,42,350
11/26/2009,OMA,NE,ACE,CE,Towers with Radar,68,47,14,0,129,0,7,14,0,21,68,54,28,0,150,6,0,6,156
11/27/2009,OMA,NE,ACE,CE,Towers with Radar,91,84,28,2,205,0,5,25,0,30,91,89,53,2,235,12,0,12,247
11/28/2009,OMA,NE,ACE,CE,Towers with Radar,102,77,19,0,198,0,12,25,0,37,102,89,44,0,235,44,0,44,279
11/29/2009,OMA,NE,ACE,CE,Towers with Radar,119,77,43,4,243,0,6,8,0,14,119,83,51,4,257,22,0,22,279
11/30/2009,OMA,NE,ACE,CE,Towers with Radar,122,95,46,8,271,0,12,11,2,25,122,107,57,10,296,32,0,32,328
12/01/2009,OMA,NE,ACE,CE,Towers with Radar,131,97,53,4,285,0,4,22,0,26,131,101,75,4,311,36,8,44,355
12/02/2009,OMA,NE,ACE,CE,Towers with Radar,134,100,60,0,294,0,4,9,0,13,134,104,69,0,307,10,0,10,317
12/03/2009,OMA,NE,ACE,CE,Towers with Radar,131,116,40,0,287,0,2,8,0,10,131,118,48,0,297,2,0,2,299
12/04/2009,OMA,NE,ACE,CE,Towers with Radar,122,85,67,10,284,0,3,13,0,16,122,88,80,10,300,22,10,32,332
12/05/2009,OMA,NE,ACE,CE,Towers with Radar,89,54,32,3,178,0,4,22,0,26,89,58,54,3,204,24,4,28,232
12/06/2009,OMA,NE,ACE,CE,Towers with Radar,96,70,34,1,201,0,3,4,0,7,96,73,38,1,208,4,2,6,214
12/07/2009,OMA,NE,ACE,CE,Towers with Radar,117,87,59,0,263,0,10,4,0,14,117,97,63,0,277,16,0,16,293
12/08/2009,OMA,NE,ACE,CE,Towers with Radar,85,57,24,2,168,0,0,0,0,0,85,57,24,2,168,0,0,0,168
12/09/2009,OMA,NE,ACE,CE,Towers with Radar,124,72,23,0,219,0,8,2,0,10,124,80,25,0,229,6,0,6,235
12/10/2009,OMA,NE,ACE,CE,Towers with Radar,134,113,78,0,325,0,5,14,0,19,134,118,92,0,344,44,0,44,388
12/11/2009,OMA,NE,ACE,CE,Towers with Radar,126,99,76,0,301,0,10,18,0,28,126,109,94,0,329,6,0,6,335
12/12/2009,OMA,NE,ACE,CE,Towers with Radar,87,47,17,0,151,0,10,9,0,19,87,57,26,0,170,12,0,12,182
12/13/2009,OMA,NE,ACE,CE,Towers with Radar,94,63,20,0,177,0,1,0,0,1,94,64,20,0,178,0,0,0,178
12/14/2009,OMA,NE,ACE,CE,Towers with Radar,119,86,42,2,249,0,7,3,0,10,119,93,45,2,259,0,0,0,259
12/15/2009,OMA,NE,ACE,CE,Towers with Radar,131,101,46,8,286,0,11,17,0,28,131,112,63,8,314,12,0,12,326
12/16/2009,OMA,NE,ACE,CE,Towers with Radar,129,107,55,0,291,0,6,23,0,29,129,113,78,0,320,58,0,58,378
12/17/2009,OMA,NE,ACE,CE,Towers with Radar,125,113,64,0,302,0,14,28,0,42,125,127,92,0,344,36,0,36,380
12/18/2009,OMA,NE,ACE,CE,Towers with Radar,120,115,51,0,286,0,0,7,0,7,120,115,58,0,293,32,0,32,325
12/19/2009,OMA,NE,ACE,CE,Towers with Radar,85,80,22,0,187,0,0,0,0,0,85,80,22,0,187,0,0,0,187
12/20/2009,OMA,NE,ACE,CE,Towers with Radar,102,76,23,0,201,0,3,2,0,5,102,79,25,0,206,4,0,4,210
12/21/2009,OMA,NE,ACE,CE,Towers with Radar,124,101,63,0,288,0,3,0,0,3,124,104,63,0,291,0,0,0,291
12/22/2009,OMA,NE,ACE,CE,Towers with Radar,130,114,25,0,269,0,0,0,0,0,130,114,25,0,269,2,0,2,271
12/23/2009,OMA,NE,ACE,CE,Towers with Radar,121,91,12,0,224,0,0,0,0,0,121,91,12,0,224,0,0,0,224
12/24/2009,OMA,NE,ACE,CE,Towers with Radar,103,67,5,0,175,0,0,0,0,0,103,67,5,0,175,10,0,10,185
12/25/2009,OMA,NE,ACE,CE,Towers with Radar,45,31,0,0,76,0,0,0,0,0,45,31,0,0,76,0,0,0,76
12/26/2009,OMA,NE,ACE,CE,Towers with Radar,99,71,16,0,186,0,0,0,0,0,99,71,16,0,186,0,0,0,186
12/27/2009,OMA,NE,ACE,CE,Towers with Radar,115,73,14,0,202,0,4,2,0,6,115,77,16,0,208,0,0,0,208
12/28/2009,OMA,NE,ACE,CE,Towers with Radar,119,90,40,0,249,0,9,6,0,15,119,99,46,0,264,8,0,8,272
12/29/2009,OMA,NE,ACE,CE,Towers with Radar,121,109,37,0,267,0,3,8,0,11,121,112,45,0,278,12,0,12,290
12/30/2009,OMA,NE,ACE,CE,Towers with Radar,123,105,30,4,262,0,0,0,0,0,123,105,30,4,262,0,6,6,268
12/31/2009,OMA,NE,ACE,CE,Towers with Radar,89,93,16,0,198,0,2,3,0,5,89,95,19,0,203,8,0,8,211
01/01/2010,OMA,NE,ACE,CE,Towers with Radar,85,58,12,0,155,0,5,10,0,15,85,63,22,0,170,20,0,20,190
01/02/2010,OMA,NE,ACE,CE,Towers with Radar,99,85,19,0,203,0,6,4,0,10,99,91,23,0,213,8,0,8,221
01/03/2010,OMA,NE,ACE,CE,Towers with Radar,111,94,20,0,225,0,2,4,0,6,111,96,24,0,231,0,0,0,231
01/04/2010,OMA,NE,ACE,CE,Towers with Radar,123,97,43,0,263,0,7,10,0,17,123,104,53,0,280,20,0,20,300
01/05/2010,OMA,NE,ACE,CE,Towers with Radar,120,104,27,0,251,0,2,10,0,12,120,106,37,0,263,16,0,16,279
01/06/2010,OMA,NE,ACE,CE,Towers with Radar,112,91,30,2,235,0,1,0,0,1,112,92,30,2,236,0,0,0,236
01/07/2010,OMA,NE,ACE,CE,Towers with Radar,111,90,31,0,232,0,1,0,0,1,111,91,31,0,233,0,0,0,233
01/08/2010,OMA,NE,ACE,CE,Towers with Radar,111,93,39,0,243,0,5,2,0,7,111,98,41,0,250,0,0,0,250
01/09/2010,OMA,NE,ACE,CE,Towers with Radar,81,69,10,0,160,0,6,14,0,20,81,75,24,0,180,10,0,10,190
01/10/2010,OMA,NE,ACE,CE,Towers with Radar,98,65,29,0,192,0,4,14,0,18,98,69,43,0,210,18,0,18,228
01/11/2010,OMA,NE,ACE,CE,Towers with Radar,112,78,42,0,232,0,8,11,0,19,112,86,53,0,251,4,0,4,255
01/12/2010,OMA,NE,ACE,CE,Towers with Radar,118,95,45,0,258,0,0,7,0,7,118,95,52,0,265,6,0,6,271
01/13/2010,OMA,NE,ACE,CE,Towers with Radar,124,97,64,0,285,0,9,25,0,34,124,106,89,0,319,30,0,30,349
01/14/2010,OMA,NE,ACE,CE,Towers with Radar,123,105,59,0,287,0,9,8,0,17,123,114,67,0,304,18,0,18,322
01/15/2010,OMA,NE,ACE,CE,Towers with Radar,118,98,68,0,284,0,0,0,0,0,118,98,68,0,284,2,0,2,286
01/16/2010,OMA,NE,ACE,CE,Towers with Radar,76,56,15,0,147,0,0,0,0,0,76,56,15,0,147,2,0,2,149
01/17/2010,OMA,NE,ACE,CE,Towers with Radar,93,58,27,0,178,0,0,0,0,0,93,58,27,0,178,0,0,0,178
01/18/2010,OMA,NE,ACE,CE,Towers with Radar,110,70,37,0,217,0,0,0,0,0,110,70,37,0,217,0,0,0,217
01/19/2010,OMA,NE,ACE,CE,Towers with Radar,121,93,38,0,252,0,0,0,0,0,121,93,38,0,252,0,0,0,252
01/20/2010,OMA,NE,ACE,CE,Towers with Radar,117,93,46,0,256,0,1,0,0,1,117,94,46,0,257,0,0,0,257
01/21/2010,OMA,NE,ACE,CE,Towers with Radar,117,113,55,0,285,0,0,0,0,0,117,113,55,0,285,2,0,2,287
01/22/2010,OMA,NE,ACE,CE,Towers with Radar,126,92,50,0,268,0,0,0,0,0,126,92,50,0,268,0,0,0,268
01/23/2010,OMA,NE,ACE,CE,Towers with Radar,80,79,28,2,189,0,0,0,0,0,80,79,28,2,189,10,0,10,199
01/24/2010,OMA,NE,ACE,CE,Towers with Radar,93,62,15,0,170,0,11,7,0,18,93,73,22,0,188,8,0,8,196
01/25/2010,OMA,NE,ACE,CE,Towers with Radar,110,82,49,0,241,0,0,1,0,1,110,82,50,0,242,2,0,2,244
01/26/2010,OMA,NE,ACE,CE,Towers with Radar,120,98,58,0,276,0,6,25,0,31,120,104,83,0,307,14,0,14,321
01/27/2010,OMA,NE,ACE,CE,Towers with Radar,123,108,52,2,285,0,7,15,0,22,123,115,67,2,307,46,4,50,357
01/28/2010,OMA,NE,ACE,CE,Towers with Radar,122,109,52,0,283,0,8,22,0,30,122,117,74,0,313,48,0,48,361
01/29/2010,OMA,NE,ACE,CE,Towers with Radar,116,96,54,0,266,0,11,26,0,37,116,107,80,0,303,20,0,20,323
01/30/2010,OMA,NE,ACE,CE,Towers with Radar,82,64,24,0,170,0,12,26,0,38,82,76,50,0,208,16,0,16,224
01/31/2010,OMA,NE,ACE,CE,Towers with Radar,100,65,32,0,197,0,6,15,0,21,100,71,47,0,218,42,0,42,260
02/01/2010,OMA,NE,ACE,CE,Towers with Radar,114,88,35,0,237,0,1,0,0,1,114,89,35,0,238,0,0,0,238
02/02/2010,OMA,NE,ACE,CE,Towers with Radar,120,101,47,0,268,0,9,26,0,35,120,110,73,0,303,40,0,40,343
02/03/2010,OMA,NE,ACE,CE,Towers with Radar,125,95,93,4,317,0,8,16,0,24,125,103,109,4,341,68,4,72,413
02/04/2010,OMA,NE,ACE,CE,Towers with Radar,121,99,64,0,284,0,1,0,0,1,121,100,64,0,285,0,0,0,285
02/05/2010,OMA,NE,ACE,CE,Towers with Radar,122,89,40,0,251,0,0,0,0,0,122,89,40,0,251,0,0,0,251
02/06/2010,OMA,NE,ACE,CE,Towers with Radar,83,56,17,0,156,0,0,0,0,0,83,56,17,0,156,8,0,8,164
02/07/2010,OMA,NE,ACE,CE,Towers with Radar,94,64,13,0,171,0,0,0,0,0,94,64,13,0,171,0,0,0,171
02/08/2010,OMA,NE,ACE,CE,Towers with Radar,117,78,42,0,237,0,9,5,0,14,117,87,47,0,251,4,0,4,255
02/09/2010,OMA,NE,ACE,CE,Towers with Radar,113,101,48,2,264,0,3,3,0,6,113,104,51,2,270,0,0,0,270
02/10/2010,OMA,NE,ACE,CE,Towers with Radar,117,99,63,1,280,0,7,20,0,27,117,106,83,1,307,48,0,48,355
02/11/2010,OMA,NE,ACE,CE,Towers with Radar,111,116,94,9,330,0,6,25,0,31,111,122,119,9,361,44,12,56,417
02/12/2010,OMA,NE,ACE,CE,Towers with Radar,123,116,50,0,289,0,5,11,0,16,123,121,61,0,305,22,0,22,327
02/13/2010,OMA,NE,ACE,CE,Towers with Radar,85,80,34,0,199,0,3,2,0,5,85,83,36,0,204,10,0,10,214
02/14/2010,OMA,NE,ACE,CE,Towers with Radar,103,65,12,0,180,0,3,0,0,3,103,68,12,0,183,0,0,0,183
02/15/2010,OMA,NE,ACE,CE,Towers with Radar,111,92,44,0,247,0,2,1,0,3,111,94,45,0,250,2,0,2,252
02/16/2010,OMA,NE,ACE,CE,Towers with Radar,125,111,49,0,285,0,7,13,0,20,125,118,62,0,305,32,0,32,337
02/17/2010,OMA,NE,ACE,CE,Towers with Radar,125,114,45,12,296,0,6,34,0,40,125,120,79,12,336,50,14,64,400
02/18/2010,OMA,NE,ACE,CE,Towers with Radar,121,114,39,0,274,0,5,19,0,24,121,119,58,0,298,34,0,34,332
02/19/2010,OMA,NE,ACE,CE,Towers with Radar,124,103,28,0,255,0,0,0,0,0,124,103,28,0,255,0,0,0,255
02/20/2010,OMA,NE,ACE,CE,Towers with Radar,90,78,11,0,179,0,5,5,0,10,90,83,16,0,189,22,0,22,211
02/21/2010,OMA,NE,ACE,CE,Towers with Radar,105,70,39,2,216,0,3,7,0,10,105,73,46,2,226,48,0,48,274
02/22/2010,OMA,NE,ACE,CE,Towers with Radar,116,96,76,0,288,0,8,5,0,13,116,104,81,0,301,26,0,26,327
02/23/2010,OMA,NE,ACE,CE,Towers with Radar,123,100,52,0,275,0,6,7,0,13,123,106,59,0,288,28,0,28,316
02/24/2010,OMA,NE,ACE,CE,Towers with Radar,117,105,51,0,273,0,7,5,0,12,117,112,56,0,285,4,0,4,289
02/25/2010,OMA,NE,ACE,CE,Towers with Radar,122,110,58,0,290,0,13,15,0,28,122,123,73,0,318,30,0,30,348
02/26/2010,OMA,NE,ACE,CE,Towers with Radar,119,96,60,6,281,0,7,32,0,39,119,103,92,6,320,42,6,48,368
02/27/2010,OMA,NE,ACE,CE,Towers with Radar,88,74,23,0,185,0,7,22,0,29,88,81,45,0,214,52,0,52,266
02/28/2010,OMA,NE,ACE,CE,Towers with Radar,104,68,30,2,204,0,5,14,0,19,104,73,44,2,223,10,0,10,233
03/01/2010,OMA,NE,ACE,CE,Towers with Radar,116,90,52,2,260,0,4,7,0,11,116,94,59,2,271,6,2,8,279
03/02/2010,OMA,NE,ACE,CE,Towers with Radar,115,117,52,2,286,0,6,25,0,31,115,123,77,2,317,46,0,46,363
03/03/2010,OMA,NE,ACE,CE,Towers with Radar,128,107,52,9,296,0,6,17,0,23,128,113,69,9,319,22,8,30,349
03/04/2010,OMA,NE,ACE,CE,Towers with Radar,128,116,72,2,318,0,8,35,1,44,128,124,107,3,362,32,0,32,394
03/05/2010,OMA,NE,ACE,CE,Towers with Radar,122,108,57,1,288,0,4,23,0,27,122,112,80,1,315,20,0,20,335
03/06/2010,OMA,NE,ACE,CE,Towers with Radar,89,78,20,0,187,0,4,9,0,13,89,82,29,0,200,6,0,6,206
03/07/2010,OMA,NE,ACE,CE,Towers with Radar,98,76,30,0,204,0,6,0,0,6,98,82,30,0,210,32,0,32,242
03/08/2010,OMA,NE,ACE,CE,Towers with Radar,115,92,40,0,247,0,2,0,0,2,115,94,40,0,249,6,0,6,255
03/09/2010,OMA,NE,ACE,CE,Towers with Radar,121,107,58,0,286,0,0,0,0,0,121,107,58,0,286,4,0,4,290
03/10/2010,OMA,NE,ACE,CE,Towers with Radar,126,118,41,2,287,0,0,0,0,0,126,118,41,2,287,0,2,2,289
03/11/2010,OMA,NE,ACE,CE,Towers with Radar,119,132,46,2,299,0,0,0,0,0,119,132,46,2,299,10,0,10,309
03/12/2010,OMA,NE,ACE,CE,Towers with Radar,125,107,34,0,266,0,2,0,0,2,125,109,34,0,268,0,0,0,268
03/13/2010,OMA,NE,ACE,CE,Towers with Radar,88,78,13,0,179,0,0,0,0,0,88,78,13,0,179,4,0,4,183
03/14/2010,OMA,NE,ACE,CE,Towers with Radar,110,65,20,0,195,0,2,1,0,3,110,67,21,0,198,0,0,0,198
03/15/2010,OMA,NE,ACE,CE,Towers with Radar,121,102,61,0,284,0,1,0,0,1,121,103,61,0,285,8,0,8,293
03/16/2010,OMA,NE,ACE,CE,Towers with Radar,128,105,68,0,301,0,5,3,0,8,128,110,71,0,309,2,0,2,311
03/17/2010,OMA,NE,ACE,CE,Towers with Radar,129,98,63,0,290,0,9,41,0,50,129,107,104,0,340,30,0,30,370
03/18/2010,OMA,NE,ACE,CE,Towers with Radar,131,111,72,3,317,0,17,41,1,59,131,128,113,4,376,30,4,34,410
03/19/2010,OMA,NE,ACE,CE,Towers with Radar,123,104,49,0,276,0,2,1,0,3,123,106,50,0,279,2,0,2,281
03/20/2010,OMA,NE,ACE,CE,Towers with Radar,102,80,24,6,212,0,9,18,0,27,102,89,42,6,239,16,4,20,259
03/21/2010,OMA,NE,ACE,CE,Towers with Radar,109,70,30,4,213,0,8,43,0,51,109,78,73,4,264,32,2,34,298
03/22/2010,OMA,NE,ACE,CE,Towers with Radar,119,91,62,2,274,0,4,41,0,45,119,95,103,2,319,30,2,32,351
03/23/2010,OMA,NE,ACE,CE,Towers with Radar,129,100,73,0,302,0,15,22,0,37,129,115,95,0,339,22,0,22,361
03/24/2010,OMA,NE,ACE,CE,Towers with Radar,121,107,56,3,287,0,14,24,0,38,121,121,80,3,325,2,0,2,327
03/25/2010,OMA,NE,ACE,CE,Towers with Radar,130,113,59,1,303,0,8,23,0,31,130,121,82,1,334,22,0,22,356
03/26/2010,OMA,NE,ACE,CE,Towers with Radar,121,102,58,5,286,0,11,19,0,30,121,113,77,5,316,28,10,38,354
03/27/2010,OMA,NE,ACE,CE,Towers with Radar,89,80,29,6,204,0,13,7,0,20,89,93,36,6,224,10,10,20,244
03/28/2010,OMA,NE,ACE,CE,Towers with Radar,112,69,28,0,209,0,9,27,0,36,112,78,55,0,245,10,0,10,255
03/29/2010,OMA,NE,ACE,CE,Towers with Radar,120,92,51,0,263,0,13,32,0,45,120,105,83,0,308,12,0,12,320
03/30/2010,OMA,NE,ACE,CE,Towers with Radar,123,113,71,1,308,0,10,33,0,43,123,123,104,1,351,36,12,48,399
03/31/2010,OMA,NE,ACE,CE,Towers with Radar,132,104,66,0,302,0,8,28,0,36,132,112,94,0,338,38,0,38,376
04/01/2010,OMA,NE,ACE,CE,Towers with Radar,130,121,53,6,310,0,23,24,1,48,130,144,77,7,358,18,2,20,378
04/02/2010,OMA,NE,ACE,CE,Towers with Radar,124,105,31,0,260,0,15,16,1,32,124,120,47,1,292,6,0,6,298
04/03/2010,OMA,NE,ACE,CE,Towers with Radar,87,82,18,0,187,0,8,24,0,32,87,90,42,0,219,26,0,26,245
04/04/2010,OMA,NE,ACE,CE,Towers with Radar,112,68,21,0,201,0,9,24,0,33,112,77,45,0,234,12,0,12,246
04/05/2010,OMA,NE,ACE,CE,Towers with Radar,116,97,55,0,268,0,6,11,0,17,116,103,66,0,285,6,0,6,291
04/06/2010,OMA,NE,ACE,CE,Towers with Radar,133,115,68,0,316,0,9,9,0,18,133,124,77,0,334,18,0,18,352
04/07/2010,OMA,NE,ACE,CE,Towers with Radar,123,107,54,2,286,0,9,6,2,17,123,116,60,4,303,8,2,10,313
04/08/2010,OMA,NE,ACE,CE,Towers with Radar,130,105,72,0,307,0,6,52,0,58,130,111,124,0,365,58,0,58,423
04/09/2010,OMA,NE,ACE,CE,Towers with Radar,125,98,59,0,282,0,16,52,0,68,125,114,111,0,350,24,0,24,374
04/10/2010,OMA,NE,ACE,CE,Towers with Radar,96,70,31,0,197,0,4,40,0,44,96,74,71,0,241,22,2,24,265
04/11/2010,OMA,NE,ACE,CE,Towers with Radar,118,69,38,0,225,0,3,43,0,46,118,72,81,0,271,6,0,6,277
04/12/2010,OMA,NE,ACE,CE,Towers with Radar,125,88,57,0,270,0,9,31,0,40,125,97,88,0,310,20,0,20,330
04/13/2010,OMA,NE,ACE,CE,Towers with Radar,128,101,52,0,281,0,6,28,0,34,128,107,80,0,315,16,0,16,331
04/14/2010,OMA,NE,ACE,CE,Towers with Radar,132,103,51,4,290,0,7,13,2,22,132,110,64,6,312,18,0,18,330
04/15/2010,OMA,NE,ACE,CE,Towers with Radar,132,107,72,0,311,0,3,7,0,10,132,110,79,0,321,14,0,14,335
04/16/2010,OMA,NE,ACE,CE,Towers with Radar,134,92,52,0,278,0,9,30,0,39,134,101,82,0,317,20,0,20,337
04/17/2010,OMA,NE,ACE,CE,Towers with Radar,97,60,42,0,199,0,14,57,0,71,97,74,99,0,270,38,0,38,308
04/18/2010,OMA,NE,ACE,CE,Towers with Radar,113,74,28,2,217,0,9,50,0,59,113,83,78,2,276,20,0,20,296
04/19/2010,OMA,NE,ACE,CE,Towers with Radar,116,97,42,0,255,0,4,32,0,36,116,101,74,0,291,32,0,32,323
04/20/2010,OMA,NE,ACE,CE,Towers with Radar,132,104,49,1,286,0,5,8,0,13,132,109,57,1,299,12,0,12,311
04/21/2010,OMA,NE,ACE,CE,Towers with Radar,127,109,52,0,288,0,12,8,2,22,127,121,60,2,310,4,0,4,314
04/22/2010,OMA,NE,ACE,CE,Towers with Radar,130,99,48,0,277,0,12,19,0,31,130,111,67,0,308,24,0,24,332
04/23/2010,OMA,NE,ACE,CE,Towers with Radar,128,103,57,1,289,0,6,4,0,10,128,109,61,1,299,8,0,8,307
04/24/2010,OMA,NE,ACE,CE,Towers with Radar,94,62,20,0,176,0,10,14,2,26,94,72,34,2,202,12,0,12,214
04/25/2010,OMA,NE,ACE,CE,Towers with Radar,115,73,30,0,218,0,6,6,0,12,115,79,36,0,230,38,0,38,268
04/26/2010,OMA,NE,ACE,CE,Towers with Radar,121,86,56,6,269,0,7,2,0,9,121,93,58,6,278,18,4,22,300
04/27/2010,OMA,NE,ACE,CE,Towers with Radar,124,117,62,0,303,0,11,26,2,39,124,128,88,2,342,22,0,22,364
04/28/2010,OMA,NE,ACE,CE,Towers with Radar,129,104,52,4,289,0,7,13,0,20,129,111,65,4,309,6,0,6,315
04/29/2010,OMA,NE,ACE,CE,Towers with Radar,123,130,77,5,335,0,7,10,0,17,123,137,87,5,352,18,6,24,376
04/30/2010,OMA,NE,ACE,CE,Towers with Radar,134,192,155,3,484,0,9,10,0,19,134,201,165,3,503,0,0,0,503
05/01/2010,OMA,NE,ACE,CE,Towers with Radar,95,116,86,1,298,0,8,27,0,35,95,124,113,1,333,6,0,6,339
05/02/2010,OMA,NE,ACE,CE,Towers with Radar,122,145,63,0,330,0,1,15,0,16,122,146,78,0,346,16,0,16,362
05/03/2010,OMA,NE,ACE,CE,Towers with Radar,115,105,49,4,273,0,12,23,0,35,115,117,72,4,308,14,0,14,322
05/04/2010,OMA,NE,ACE,CE,Towers with Radar,128,103,55,4,290,0,3,30,0,33,128,106,85,4,323,22,4,26,349
05/05/2010,OMA,NE,ACE,CE,Towers with Radar,126,111,80,0,317,0,5,23,0,28,126,116,103,0,345,34,0,34,379
05/06/2010,OMA,NE,ACE,CE,Towers with Radar,123,115,68,0,306,0,7,29,0,36,123,122,97,0,342,12,0,12,354
05/07/2010,OMA,NE,ACE,CE,Towers with Radar,118,122,78,1,319,0,4,6,0,10,118,126,84,1,329,2,0,2,331
05/08/2010,OMA,NE,ACE,CE,Towers with Radar,95,65,36,3,199,0,4,35,0,39,95,69,71,3,238,28,4,32,270
05/09/2010,OMA,NE,ACE,CE,Towers with Radar,116,75,28,1,220,0,7,10,0,17,116,82,38,1,237,6,0,6,243
05/10/2010,OMA,NE,ACE,CE,Towers with Radar,118,95,50,0,263,0,0,2,0,2,118,95,52,0,265,0,0,0,265
05/11/2010,OMA,NE,ACE,CE,Towers with Radar,124,100,61,0,285,0,2,20,0,22,124,102,81,0,307,54,0,54,361
05/12/2010,OMA,NE,ACE,CE,Towers with Radar,128,96,52,0,276,0,0,0,0,0,128,96,52,0,276,6,0,6,282
05/13/2010,OMA,NE,ACE,CE,Towers with Radar,135,118,66,11,330,0,8,22,0,30,135,126,88,11,360,26,0,26,386
05/14/2010,OMA,NE,ACE,CE,Towers with Radar,116,103,78,0,297,0,7,39,0,46,116,110,117,0,343,52,0,52,395
05/15/2010,OMA,NE,ACE,CE,Towers with Radar,93,66,24,2,185,0,14,30,2,46,93,80,54,4,231,20,2,22,253
05/16/2010,OMA,NE,ACE,CE,Towers with Radar,118,79,38,0,235,0,6,3,0,9,118,85,41,0,244,4,0,4,248
05/17/2010,OMA,NE,ACE,CE,Towers with Radar,120,104,56,2,282,0,8,20,0,28,120,112,76,2,310,6,2,8,318
05/18/2010,OMA,NE,ACE,CE,Towers with Radar,129,106,53,0,288,0,3,22,0,25,129,109,75,0,313,10,0,10,323
05/19/2010,OMA,NE,ACE,CE,Towers with Radar,133,118,79,4,334,0,10,18,0,28,133,128,97,4,362,0,0,0,362
05/20/2010,OMA,NE,ACE,CE,Towers with Radar,127,114,43,0,284,0,0,2,1,3,127,114,45,1,287,4,0,4,291
05/21/2010,OMA,NE,ACE,CE,Towers with Radar,123,114,52,0,289,0,11,5,1,17,123,125,57,1,306,4,0,4,310
05/22/2010,OMA,NE,ACE,CE,Towers with Radar,92,59,17,0,168,0,6,10,0,16,92,65,27,0,184,8,0,8,192
05/23/2010,OMA,NE,ACE,CE,Towers with Radar,122,67,24,2,215,0,11,12,3,26,122,78,36,5,241,14,0,14,255
05/24/2010,OMA,NE,ACE,CE,Towers with Radar,116,95,39,2,252,0,13,5,0,18,116,108,44,2,270,8,0,8,278
05/25/2010,OMA,NE,ACE,CE,Towers with Radar,126,120,54,2,302,0,10,17,0,27,126,130,71,2,329,14,0,14,343
05/26/2010,OMA,NE,ACE,CE,Towers with Radar,124,106,72,2,304,0,10,33,0,43,124,116,105,2,347,32,0,32,379
05/27/2010,OMA,NE,ACE,CE,Towers with Radar,130,109,54,5,298,0,11,25,1,37,130,120,79,6,335,18,4,22,357
05/28/2010,OMA,NE,ACE,CE,Towers with Radar,128,115,65,6,314,0,8,17,2,27,128,123,82,8,341,4,4,8,349
05/29/2010,OMA,NE,ACE,CE,Towers with Radar,92,62,18,2,174,0,15,20,0,35,92,77,38,2,209,6,0,6,215
05/30/2010,OMA,NE,ACE,CE,Towers with Radar,94,55,15,0,164,0,11,19,0,30,94,66,34,0,194,18,0,18,212
05/31/2010,OMA,NE,ACE,CE,Towers with Radar,112,63,25,0,200,0,20,31,1,52,112,83,56,1,252,28,0,28,280
06/01/2010,OMA,NE,ACE,CE,Towers with Radar,123,97,57,0,277,0,3,3,0,6,123,100,60,0,283,8,0,8,291
06/02/2010,OMA,NE,ACE,CE,Towers with Radar,128,105,52,1,286,0,6,13,0,19,128,111,65,1,305,20,0,20,325
06/03/2010,OMA,NE,ACE,CE,Towers with Radar,124,106,32,2,264,0,8,21,2,31,124,114,53,4,295,16,0,16,311
06/04/2010,OMA,NE,ACE,CE,Towers with Radar,126,105,55,3,289,0,11,24,2,37,126,116,79,5,326,28,0,28,354
06/05/2010,OMA,NE,ACE,CE,Towers with Radar,92,67,20,3,182,0,7,10,2,19,92,74,30,5,201,12,0,12,213
06/06/2010,OMA,NE,ACE,CE,Towers with Radar,119,68,30,4,221,0,2,17,1,20,119,70,47,5,241,10,0,10,251
06/07/2010,OMA,NE,ACE,CE,Towers with Radar,118,85,47,4,254,0,8,12,2,22,118,93,59,6,276,24,0,24,300
06/08/2010,OMA,NE,ACE,CE,Towers with Radar,125,100,52,3,280,0,10,2,2,14,125,110,54,5,294,18,4,22,316
06/09/2010,OMA,NE,ACE,CE,Towers with Radar,126,114,71,5,316,0,8,28,5,41,126,122,99,10,357,40,2,42,399
06/10/2010,OMA,NE,ACE,CE,Towers with Radar,130,119,69,1,319,0,10,15,1,26,130,129,84,2,345,22,0,22,367
06/11/2010,OMA,NE,ACE,CE,Towers with Radar,136,118,45,3,302,0,5,5,3,13,136,123,50,6,315,18,0,18,333
06/12/2010,OMA,NE,ACE,CE,Towers with Radar,115,66,15,3,199,0,4,3,1,8,115,70,18,4,207,8,0,8,215
06/13/2010,OMA,NE,ACE,CE,Towers with Radar,120,70,26,0,216,0,1,0,0,1,120,71,26,0,217,6,0,6,223
06/14/2010,OMA,NE,ACE,CE,Towers with Radar,131,90,40,20,281,0,1,10,0,11,131,91,50,20,292,2,14,16,308
06/15/2010,OMA,NE,ACE,CE,Towers with Radar,137,105,81,5,328,0,10,17,1,28,137,115,98,6,356,46,2,48,404
06/16/2010,OMA,NE,ACE,CE,Towers with Radar,144,108,45,0,297,0,7,34,1,42,144,115,79,1,339,40,0,40,379
06/17/2010,OMA,NE,ACE,CE,Towers with Radar,153,106,52,1,312,0,9,8,0,17,153,115,60,1,329,0,0,0,329
06/18/2010,OMA,NE,ACE,CE,Towers with Radar,133,97,66,0,296,0,10,11,1,22,133,107,77,1,318,18,0,18,336
06/19/2010,OMA,NE,ACE,CE,Towers with Radar,119,88,46,0,253,0,11,26,2,39,119,99,72,2,292,32,0,32,324
06/20/2010,OMA,NE,ACE,CE,Towers with Radar,124,76,38,0,238,0,6,5,0,11,124,82,43,0,249,2,0,2,251
06/21/2010,OMA,NE,ACE,CE,Towers with Radar,127,93,53,0,273,0,5,5,0,10,127,98,58,0,283,22,0,22,305
06/22/2010,OMA,NE,ACE,CE,Towers with Radar,135,109,68,0,312,0,10,19,0,29,135,119,87,0,341,14,0,14,355
06/23/2010,OMA,NE,ACE,CE,Towers with Radar,143,113,82,2,340,0,11,22,0,33,143,124,104,2,373,42,0,42,415
06/24/2010,OMA,NE,ACE,CE,Towers with Radar,147,108,88,6,349,0,13,39,3,55,147,121,127,9,404,22,10,32,436
06/25/2010,OMA,NE,ACE,CE,Towers with Radar,138,102,80,7,327,2,14,26,0,42,140,116,106,7,369,10,6,16,385
06/26/2010,OMA,NE,ACE,CE,Towers with Radar,113,77,38,1,229,0,8,20,0,28,113,85,58,1,257,12,0,12,269
06/27/2010,OMA,NE,ACE,CE,Towers with Radar,125,77,37,2,241,0,6,12,2,20,125,83,49,4,261,4,0,4,265
06/28/2010,OMA,NE,ACE,CE,Towers with Radar,130,95,64,4,293,0,7,32,1,40,130,102,96,5,333,46,4,50,383
06/29/2010,OMA,NE,ACE,CE,Towers with Radar,145,99,59,4,307,0,10,28,1,39,145,109,87,5,346,10,0,10,356
06/30/2010,OMA,NE,ACE,CE,Towers with Radar,146,116,75,0,337,0,15,33,0,48,146,131,108,0,385,40,0,40,425
07/01/2010,OMA,NE,ACE,CE,Towers with Radar,137,106,68,4,315,0,18,37,1,56,137,124,105,5,371,18,2,20,391
07/02/2010,OMA,NE,ACE,CE,Towers with Radar,136,106,55,2,299,0,8,24,0,32,136,114,79,2,331,14,0,14,345
07/03/2010,OMA,NE,ACE,CE,Towers with Radar,107,63,14,0,184,0,10,22,0,32,107,73,36,0,216,4,0,4,220
07/04/2010,OMA,NE,ACE,CE,Towers with Radar,93,42,3,1,139,0,2,2,0,4,93,44,5,1,143,2,0,2,145
07/05/2010,OMA,NE,ACE,CE,Towers with Radar,126,60,39,2,227,0,4,1,0,5,126,64,40,2,232,14,0,14,246
07/06/2010,OMA,NE,ACE,CE,Towers with Radar,138,101,58,4,301,0,10,24,0,34,138,111,82,4,335,30,2,32,367
07/07/2010,OMA,NE,ACE,CE,Towers with Radar,147,104,46,2,299,0,2,6,0,8,147,106,52,2,307,6,0,6,313
07/08/2010,OMA,NE,ACE,CE,Towers with Radar,144,125,46,26,341,0,7,22,0,29,144,132,68,26,370,10,32,42,412
07/09/2010,OMA,NE,ACE,CE,Towers with Radar,135,100,38,9,282,0,7,28,0,35,135,107,66,9,317,24,20,44,361
07/10/2010,OMA,NE,ACE,CE,Towers with Radar,109,62,28,2,201,0,11,31,0,42,109,73,59,2,243,22,0,22,265
07/11/2010,OMA,NE,ACE,CE,Towers with Radar,129,77,30,1,237,0,10,9,0,19,129,87,39,1,256,0,0,0,256
07/12/2010,OMA,NE,ACE,CE,Towers with Radar,128,81,54,0,263,0,2,12,0,14,128,83,66,0,277,12,0,12,289
07/13/2010,OMA,NE,ACE,CE,Towers with Radar,129,101,42,0,272,0,7,22,0,29,129,108,64,0,301,46,0,46,347
07/14/2010,OMA,NE,ACE,CE,Towers with Radar,139,105,41,0,285,0,9,9,0,18,139,114,50,0,303,8,0,8,311
07/15/2010,OMA,NE,ACE,CE,Towers with Radar,140,105,51,0,296,0,8,36,0,44,140,113,87,0,340,34,0,34,374
07/16/2010,OMA,NE,ACE,CE,Towers with Radar,160,105,59,0,324,0,8,38,0,46,160,113,97,0,370,30,0,30,400
07/17/2010,OMA,NE,ACE,CE,Towers with Radar,115,62,20,20,217,0,3,28,2,33,115,65,48,22,250,28,24,52,302
07/18/2010,OMA,NE,ACE,CE,Towers with Radar,118,71,31,8,228,0,10,33,3,46,118,81,64,11,274,40,0,40,314
07/19/2010,OMA,NE,ACE,CE,Towers with Radar,131,85,49,0,265,0,8,9,0,17,131,93,58,0,282,12,0,12,294
07/20/2010,OMA,NE,ACE,CE,Towers with Radar,148,104,57,0,309,0,9,5,0,14,148,113,62,0,323,36,0,36,359
07/21/2010,OMA,NE,ACE,CE,Towers with Radar,138,107,62,0,307,0,8,6,0,14,138,115,68,0,321,6,0,6,327
07/22/2010,OMA,NE,ACE,CE,Towers with Radar,141,93,47,0,281,0,8,15,0,23,141,101,62,0,304,20,0,20,324
07/23/2010,OMA,NE,ACE,CE,Towers with Radar,135,96,45,1,277,0,6,23,1,30,135,102,68,2,307,14,0,14,321
07/24/2010,OMA,NE,ACE,CE,Towers with Radar,119,65,33,11,228,0,6,12,4,22,119,71,45,15,250,2,8,10,260
07/25/2010,OMA,NE,ACE,CE,Towers with Radar,120,71,35,18,244,0,8,31,3,42,120,79,66,21,286,0,20,20,306
07/26/2010,OMA,NE,ACE,CE,Towers with Radar,129,93,59,6,287,0,6,17,0,23,129,99,76,6,310,0,2,2,312
07/27/2010,OMA,NE,ACE,CE,Towers with Radar,143,102,55,3,303,0,11,32,1,44,143,113,87,4,347,2,0,2,349
07/28/2010,OMA,NE,ACE,CE,Towers with Radar,142,106,85,28,361,0,8,19,0,27,142,114,104,28,388,30,30,60,448
07/29/2010,OMA,NE,ACE,CE,Towers with Radar,142,102,81,0,325,0,5,30,2,37,142,107,111,2,362,12,0,12,374
07/30/2010,OMA,NE,ACE,CE,Towers with Radar,141,100,56,16,313,0,11,3,0,14,141,111,59,16,327,8,20,28,355
07/31/2010,OMA,NE,ACE,CE,Towers with Radar,105,67,24,10,206,0,10,17,0,27,105,77,41,10,233,10,4,14,247
08/01/2010,OMA,NE,ACE,CE,Towers with Radar,120,76,31,2,229,0,5,19,0,24,120,81,50,2,253,4,0,4,257
08/02/2010,OMA,NE,ACE,CE,Towers with Radar,129,87,42,0,258,0,12,15,0,27,129,99,57,0,285,4,0,4,289
08/03/2010,OMA,NE,ACE,CE,Towers with Radar,135,104,42,0,281,0,1,17,0,18,135,105,59,0,299,4,0,4,303
08/04/2010,OMA,NE,ACE,CE,Towers with Radar,136,113,61,0,310,0,14,14,0,28,136,127,75,0,338,26,0,26,364
08/05/2010,OMA,NE,ACE,CE,Towers with Radar,140,94,49,6,289,0,11,23,0,34,140,105,72,6,323,4,16,20,343
08/06/2010,OMA,NE,ACE,CE,Towers with Radar,133,98,47,4,282,0,11,25,0,36,133,109,72,4,318,16,0,16,334
08/07/2010,OMA,NE,ACE,CE,Towers with Radar,109,65,16,21,211,0,10,24,0,34,109,75,40,21,245,22,20,42,287
08/08/2010,OMA,NE,ACE,CE,Towers with Radar,120,74,38,3,235,0,9,21,4,34,120,83,59,7,269,0,0,0,269
08/09/2010,OMA,NE,ACE,CE,Towers with Radar,131,93,59,2,285,0,11,12,0,23,131,104,71,2,308,44,0,44,352
08/10/2010,OMA,NE,ACE,CE,Towers with Radar,141,109,63,5,318,0,9,25,1,35,141,118,88,6,353,50,4,54,407
08/11/2010,OMA,NE,ACE,CE,Towers with Radar,142,116,66,7,331,0,20,19,1,40,142,136,85,8,371,8,4,12,383
08/12/2010,OMA,NE,ACE,CE,Towers with Radar,138,112,62,7,319,0,3,26,2,31,138,115,88,9,350,4,4,8,358
08/13/2010,OMA,NE,ACE,CE,Towers with Radar,142,99,66,2,309,0,4,29,0,33,142,103,95,2,342,14,4,18,360
08/14/2010,OMA,NE,ACE,CE,Towers with Radar,106,73,18,0,197,0,6,27,0,33,106,79,45,0,230,0,0,0,230
08/15/2010,OMA,NE,ACE,CE,Towers with Radar,113,79,46,3,241,0,10,28,1,39,113,89,74,4,280,16,0,16,296
08/16/2010,OMA,NE,ACE,CE,Towers with Radar,126,78,55,4,263,0,7,30,0,37,126,85,85,4,300,8,2,10,310
08/17/2010,OMA,NE,ACE,CE,Towers with Radar,131,105,63,6,305,0,1,3,0,4,131,106,66,6,309,0,2,2,311
08/18/2010,OMA,NE,ACE,CE,Towers with Radar,135,107,63,3,308,0,5,26,0,31,135,112,89,3,339,38,16,54,393
08/19/2010,OMA,NE,ACE,CE,Towers with Radar,136,127,63,2,328,0,6,24,2,32,136,133,87,4,360,12,0,12,372
08/20/2010,OMA,NE,ACE,CE,Towers with Radar,137,112,72,0,321,0,15,19,0,34,137,127,91,0,355,24,0,24,379
08/21/2010,OMA,NE,ACE,CE,Towers with Radar,94,73,27,0,194,0,10,22,0,32,94,83,49,0,226,26,0,26,252
08/22/2010,OMA,NE,ACE,CE,Towers with Radar,117,81,32,0,230,0,6,24,0,30,117,87,56,0,260,4,0,4,264
08/23/2010,OMA,NE,ACE,CE,Towers with Radar,125,98,51,0,274,0,5,21,0,26,125,103,72,0,300,28,0,28,328
08/24/2010,OMA,NE,ACE,CE,Towers with Radar,139,104,63,7,313,0,10,17,0,27,139,114,80,7,340,6,10,16,356
08/25/2010,OMA,NE,ACE,CE,Towers with Radar,141,101,75,4,321,0,12,34,1,47,141,113,109,5,368,56,0,56,424
08/26/2010,OMA,NE,ACE,CE,Towers with Radar,137,103,73,15,328,0,10,41,9,60,137,113,114,24,388,56,20,76,464
08/27/2010,OMA,NE,ACE,CE,Towers with Radar,138,109,66,18,331,0,12,21,3,36,138,121,87,21,367,72,14,86,453
08/28/2010,OMA,NE,ACE,CE,Towers with Radar,93,66,35,7,201,0,12,22,1,35,93,78,57,8,236,4,14,18,254
08/29/2010,OMA,NE,ACE,CE,Towers with Radar,115,64,29,3,211,0,7,23,0,30,115,71,52,3,241,12,0,12,253
08/30/2010,OMA,NE,ACE,CE,Towers with Radar,132,104,45,8,289,0,12,13,0,25,132,116,58,8,314,10,2,12,326
08/31/2010,OMA,NE,ACE,CE,Towers with Radar,132,92,50,0,274,0,3,12,0,15,132,95,62,0,289,2,0,2,291
09/01/2010,OMA,NE,ACE,CE,Towers with Radar,144,104,53,8,309,0,11,3,2,16,144,115,56,10,325,0,4,4,329
09/02/2010,OMA,NE,ACE,CE,Towers with Radar,141,90,55,9,295,0,9,13,0,22,141,99,68,9,317,0,12,12,329
09/03/2010,OMA,NE,ACE,CE,Towers with Radar,137,107,65,0,309,0,15,18,1,34,137,122,83,1,343,14,0,14,357
09/04/2010,OMA,NE,ACE,CE,Towers with Radar,96,64,40,0,200,0,8,20,0,28,96,72,60,0,228,6,0,6,234
09/05/2010,OMA,NE,ACE,CE,Towers with Radar,92,44,21,0,157,0,5,15,0,20,92,49,36,0,177,8,0,8,185
09/06/2010,OMA,NE,ACE,CE,Towers with Radar,118,68,34,0,220,0,8,17,0,25,118,76,51,0,245,6,0,6,251
09/07/2010,OMA,NE,ACE,CE,Towers with Radar,134,97,58,0,289,0,13,10,0,23,134,110,68,0,312,8,0,8,320
09/08/2010,OMA,NE,ACE,CE,Towers with Radar,144,97,73,2,316,0,6,21,0,27,144,103,94,2,343,16,0,16,359
09/09/2010,OMA,NE,ACE,CE,Towers with Radar,144,92,73,8,317,0,6,11,0,17,144,98,84,8,334,18,4,22,356
09/10/2010,OMA,NE,ACE,CE,Towers with Radar,143,100,49,0,292,0,0,0,0,0,143,100,49,0,292,6,0,6,298
09/11/2010,OMA,NE,ACE,CE,Towers with Radar,98,56,28,13,195,0,7,25,0,32,98,63,53,13,227,2,0,2,229
09/12/2010,OMA,NE,ACE,CE,Towers with Radar,121,64,45,1,231,0,11,38,4,53,121,75,83,5,284,16,0,16,300
09/13/2010,OMA,NE,ACE,CE,Towers with Radar,131,83,57,0,271,0,2,14,0,16,131,85,71,0,287,12,0,12,299
09/14/2010,OMA,NE,ACE,CE,Towers with Radar,139,100,45,0,284,0,5,16,0,21,139,105,61,0,305,34,0,34,339
09/15/2010,OMA,NE,ACE,CE,Towers with Radar,141,101,40,0,282,0,7,11,0,18,141,108,51,0,300,16,0,16,316
09/16/2010,OMA,NE,ACE,CE,Towers with Radar,138,106,59,6,309,0,14,14,0,28,138,120,73,6,337,22,6,28,365
09/17/2010,OMA,NE,ACE,CE,Towers with Radar,145,98,56,1,300,0,8,33,0,41,145,106,89,1,341,24,0,24,365
09/18/2010,OMA,NE,ACE,CE,Towers with Radar,107,55,12,1,175,0,5,3,0,8,107,60,15,1,183,0,0,0,183
09/19/2010,OMA,NE,ACE,CE,Towers with Radar,121,63,28,0,212,0,0,0,0,0,121,63,28,0,212,0,0,0,212
09/20/2010,OMA,NE,ACE,CE,Towers with Radar,134,85,44,0,263,0,8,9,0,17,134,93,53,0,280,12,0,12,292
09/21/2010,OMA,NE,ACE,CE,Towers with Radar,137,99,60,4,300,0,6,6,0,12,137,105,66,4,312,4,4,8,320
09/22/2010,OMA,NE,ACE,CE,Towers with Radar,140,98,63,4,305,0,5,8,0,13,140,103,71,4,318,10,0,10,328
09/23/2010,OMA,NE,ACE,CE,Towers with Radar,141,111,50,0,302,0,4,2,0,6,141,115,52,0,308,6,0,6,314
09/24/2010,OMA,NE,ACE,CE,Towers with Radar,137,93,53,8,291,0,5,35,0,40,137,98,88,8,331,8,2,10,341
09/25/2010,OMA,NE,ACE,CE,Towers with Radar,101,54,30,3,188,0,2,7,0,9,101,56,37,3,197,4,0,4,201
09/26/2010,OMA,NE,ACE,CE,Towers with Radar,127,60,45,1,233,0,6,16,0,22,127,66,61,1,255,0,0,0,255
09/27/2010,OMA,NE,ACE,CE,Towers with Radar,130,79,49,0,258,0,8,20,0,28,130,87,69,0,286,16,0,16,302
09/28/2010,OMA,NE,ACE,CE,Towers with Radar,140,98,79,2,319,0,19,19,0,38,140,117,98,2,357,14,0,14,371
09/29/2010,OMA,NE,ACE,CE,Towers with Radar,151,101,55,2,309,0,12,18,0,30,151,113,73,2,339,12,0,12,351
09/30/2010,OMA,NE,ACE,CE,Towers with Radar,140,110,89,0,339,0,10,27,0,37,140,120,116,0,376,28,0,28,404
10/01/2010,OMA,NE,ACE,CE,Towers with Radar,144,95,45,0,284,0,15,26,0,41,144,110,71,0,325,14,0,14,339
10/02/2010,OMA,NE,ACE,CE,Towers with Radar,96,59,27,0,182,0,19,27,0,46,96,78,54,0,228,22,0,22,250
10/03/2010,OMA,NE,ACE,CE,Towers with Radar,122,73,45,0,240,0,16,20,0,36,122,89,65,0,276,18,0,18,294
10/04/2010,OMA,NE,ACE,CE,Towers with Radar,134,77,55,2,268,0,9,19,0,28,134,86,74,2,296,12,2,14,310
10/05/2010,OMA,NE,ACE,CE,Towers with Radar,143,95,68,0,306,0,13,20,0,33,143,108,88,0,339,52,0,52,391
10/06/2010,OMA,NE,ACE,CE,Towers with Radar,148,93,51,0,292,0,9,32,0,41,148,102,83,0,333,26,2,28,361
10/07/2010,OMA,NE,ACE,CE,Towers with Radar,142,117,67,0,326,0,6,23,0,29,142,123,90,0,355,28,0,28,383
10/08/2010,OMA,NE,ACE,CE,Towers with Radar,144,101,49,15,309,0,13,30,1,44,144,114,79,16,353,24,18,42,395
10/09/2010,OMA,NE,ACE,CE,Towers with Radar,102,59,16,4,181,0,24,15,0,39,102,83,31,4,220,22,0,22,242
10/10/2010,OMA,NE,ACE,CE,Towers with Radar,125,72,16,2,215,0,31,24,4,59,125,103,40,6,274,14,0,14,288
10/11/2010,OMA,NE,ACE,CE,Towers with Radar,136,80,50,7,273,0,12,25,0,37,136,92,75,7,310,22,6,28,338
10/12/2010,OMA,NE,ACE,CE,Towers with Radar,141,98,56,3,298,0,13,12,1,26,141,111,68,4,324,14,0,14,338
10/13/2010,OMA,NE,ACE,CE,Towers with Radar,144,96,59,4,303,0,16,28,0,44,144,112,87,4,347,28,2,30,377
10/14/2010,OMA,NE,ACE,CE,Towers with Radar,145,97,59,0,301,0,6,28,0,34,145,103,87,0,335,10,0,10,345
10/15/2010,OMA,NE,ACE,CE,Towers with Radar,148,100,105,0,353,0,7,34,0,41,148,107,139,0,394,12,0,12,406
10/16/2010,OMA,NE,ACE,CE,Towers with Radar,103,54,22,0,179,0,8,17,0,25,103,62,39,0,204,14,0,14,218
10/17/2010,OMA,NE,ACE,CE,Towers with Radar,121,70,45,0,236,0,10,26,0,36,121,80,71,0,272,20,0,20,292
10/18/2010,OMA,NE,ACE,CE,Towers with Radar,136,83,53,0,272,0,8,15,0,23,136,91,68,0,295,22,0,22,317
10/19/2010,OMA,NE,ACE,CE,Towers with Radar,141,96,59,0,296,0,1,32,0,33,141,97,91,0,329,12,0,12,341
10/20/2010,OMA,NE,ACE,CE,Towers with Radar,143,102,43,0,288,0,12,24,0,36,143,114,67,0,324,20,0,20,344
10/21/2010,OMA,NE,ACE,CE,Towers with Radar,144,92,60,5,301,0,5,20,1,26,144,97,80,6,327,2,4,6,333
10/22/2010,OMA,NE,ACE,CE,Towers with Radar,147,89,68,0,304,0,7,21,4,32,147,96,89,4,336,14,2,16,352
10/23/2010,OMA,NE,ACE,CE,Towers with Radar,99,62,28,0,189,0,11,9,0,20,99,73,37,0,209,16,0,16,225
10/24/2010,OMA,NE,ACE,CE,Towers with Radar,123,59,50,0,232,0,8,2,0,10,123,67,52,0,242,0,0,0,242
10/25/2010,OMA,NE,ACE,CE,Towers with Radar,137,85,30,4,256,0,6,9,0,15,137,91,39,4,271,10,4,14,285
10/26/2010,OMA,NE,ACE,CE,Towers with Radar,143,97,56,0,296,0,12,5,0,17,143,109,61,0,313,8,0,8,321
10/27/2010,OMA,NE,ACE,CE,Towers with Radar,140,91,64,0,295,0,6,1,0,7,140,97,65,0,302,2,0,2,304
10/28/2010,OMA,NE,ACE,CE,Towers with Radar,143,108,42,0,293,0,9,13,0,22,143,117,55,0,315,4,0,4,319
10/29/2010,OMA,NE,ACE,CE,Towers with Radar,142,89,53,0,284,0,16,21,0,37,142,105,74,0,321,8,0,8,329
10/30/2010,OMA,NE,ACE,CE,Towers with Radar,99,47,15,0,161,0,17,19,0,36,99,64,34,0,197,20,0,20,217
10/31/2010,OMA,NE,ACE,CE,Towers with Radar,116,67,25,12,220,0,6,22,0,28,116,73,47,12,248,2,6,8,256
11/01/2010,OMA,NE,ACE,CE,Towers with Radar,142,78,57,0,277,0,12,8,0,20,142,90,65,0,297,8,0,8,305
11/02/2010,OMA,NE,ACE,CE,Towers with Radar,146,87,65,2,300,0,4,25,0,29,146,91,90,2,329,16,0,16,345
11/03/2010,OMA,NE,ACE,CE,Towers with Radar,150,90,58,0,298,0,8,11,0,19,150,98,69,0,317,10,0,10,327
11/04/2010,OMA,NE,ACE,CE,Towers with Radar,152,102,64,7,325,0,8,17,0,25,152,110,81,7,350,20,4,24,374
11/05/2010,OMA,NE,ACE,CE,Towers with Radar,143,88,66,12,309,0,7,25,0,32,143,95,91,12,341,28,10,38,379
11/06/2010,OMA,NE,ACE,CE,Towers with Radar,106,60,23,0,189,0,8,17,0,25,106,68,40,0,214,6,0,6,220
11/07/2010,OMA,NE,ACE,CE,Towers with Radar,122,67,23,0,212,0,13,21,0,34,122,80,44,0,246,18,0,18,264
11/08/2010,OMA,NE,ACE,CE,Towers with Radar,135,72,52,0,259,0,6,19,0,25,135,78,71,0,284,18,0,18,302
11/09/2010,OMA,NE,ACE,CE,Towers with Radar,137,89,60,0,286,0,6,10,0,16,137,95,70,0,302,0,0,0,302
11/10/2010,OMA,NE,ACE,CE,Towers with Radar,147,90,90,0,327,0,5,0,0,5,147,95,90,0,332,0,0,0,332
11/11/2010,OMA,NE,ACE,CE,Towers with Radar,143,94,56,0,293,0,8,24,0,32,143,102,80,0,325,20,0,20,345
11/12/2010,OMA,NE,ACE,CE,Towers with Radar,136,92,65,0,293,0,0,0,0,0,136,92,65,0,293,0,0,0,293
11/13/2010,OMA,NE,ACE,CE,Towers with Radar,99,54,17,0,170,0,8,14,0,22,99,62,31,0,192,6,0,6,198
11/14/2010,OMA,NE,ACE,CE,Towers with Radar,123,59,33,0,215,0,8,26,0,34,123,67,59,0,249,16,0,16,265
11/15/2010,OMA,NE,ACE,CE,Towers with Radar,133,81,56,0,270,0,10,19,0,29,133,91,75,0,299,22,0,22,321
11/16/2010,OMA,NE,ACE,CE,Towers with Radar,138,98,53,7,296,0,6,9,0,15,138,104,62,7,311,2,0,2,313
11/17/2010,OMA,NE,ACE,CE,Towers with Radar,141,91,71,0,303,0,4,9,0,13,141,95,80,0,316,18,0,18,334
11/18/2010,OMA,NE,ACE,CE,Towers with Radar,138,101,67,1,307,0,8,23,1,32,138,109,90,2,339,26,0,26,365
11/19/2010,OMA,NE,ACE,CE,Towers with Radar,139,98,64,0,301,0,10,13,0,23,139,108,77,0,324,0,0,0,324
11/20/2010,OMA,NE,ACE,CE,Towers with Radar,93,56,19,10,178,0,11,13,0,24,93,67,32,10,202,28,6,34,236
11/21/2010,OMA,NE,ACE,CE,Towers with Radar,118,74,22,4,218,0,4,0,0,4,118,78,22,4,222,2,0,2,224
11/22/2010,OMA,NE,ACE,CE,Towers with Radar,126,83,33,0,242,0,12,0,0,12,126,95,33,0,254,4,0,4,258
11/23/2010,OMA,NE,ACE,CE,Towers with Radar,146,102,68,0,316,0,17,28,0,45,146,119,96,0,361,26,0,26,387
11/24/2010,OMA,NE,ACE,CE,Towers with Radar,138,101,29,0,268,0,3,0,0,3,138,104,29,0,271,0,0,0,271
11/25/2010,OMA,NE,ACE,CE,Towers with Radar,88,41,6,0,135,0,11,7,0,18,88,52,13,0,153,0,0,0,153
11/26/2010,OMA,NE,ACE,CE,Towers with Radar,98,70,23,0,191,0,10,8,0,18,98,80,31,0,209,0,0,0,209
11/27/2010,OMA,NE,ACE,CE,Towers with Radar,116,75,25,0,216,0,10,45,0,55,116,85,70,0,271,58,0,58,329
11/28/2010,OMA,NE,ACE,CE,Towers with Radar,136,77,43,0,256,0,7,4,0,11,136,84,47,0,267,2,0,2,269
11/29/2010,OMA,NE,ACE,CE,Towers with Radar,133,87,65,0,285,0,5,0,0,5,133,92,65,0,290,8,0,8,298
11/30/2010,OMA,NE,ACE,CE,Towers with Radar,139,97,63,0,299,0,2,1,0,3,139,99,64,0,302,0,0,0,302
12/01/2010,OMA,NE,ACE,CE,Towers with Radar,141,97,57,3,298,0,3,12,1,16,141,100,69,4,314,32,4,36,350
12/02/2010,OMA,NE,ACE,CE,Towers with Radar,134,109,51,0,294,0,10,16,0,26,134,119,67,0,320,36,0,36,356
12/03/2010,OMA,NE,ACE,CE,Towers with Radar,135,100,60,2,297,0,5,13,2,20,135,105,73,4,317,10,2,12,329
12/04/2010,OMA,NE,ACE,CE,Towers with Radar,95,63,22,0,180,0,4,6,0,10,95,67,28,0,190,4,0,4,194
12/05/2010,OMA,NE,ACE,CE,Towers with Radar,117,88,47,0,252,0,2,12,0,14,117,90,59,0,266,20,0,20,286
12/06/2010,OMA,NE,ACE,CE,Towers with Radar,119,85,70,0,274,0,1,16,0,17,119,86,86,0,291,38,0,38,329
12/07/2010,OMA,NE,ACE,CE,Towers with Radar,130,103,68,2,303,0,9,13,0,22,130,112,81,2,325,22,0,22,347
12/08/2010,OMA,NE,ACE,CE,Towers with Radar,134,102,60,2,298,0,7,18,0,25,134,109,78,2,323,8,2,10,333
12/09/2010,OMA,NE,ACE,CE,Towers with Radar,129,101,50,2,282,0,9,15,0,24,129,110,65,2,306,24,0,24,330
12/10/2010,OMA,NE,ACE,CE,Towers with Radar,130,104,54,0,288,0,8,14,0,22,130,112,68,0,310,24,0,24,334
12/11/2010,OMA,NE,ACE,CE,Towers with Radar,86,44,12,0,142,0,0,0,0,0,86,44,12,0,142,4,0,4,146
12/12/2010,OMA,NE,ACE,CE,Towers with Radar,86,63,26,0,175,0,9,8,0,17,86,72,34,0,192,10,0,10,202
12/13/2010,OMA,NE,ACE,CE,Towers with Radar,125,88,59,0,272,0,11,17,1,29,125,99,76,1,301,8,0,8,309
12/14/2010,OMA,NE,ACE,CE,Towers with Radar,138,93,67,3,301,0,11,21,0,32,138,104,88,3,333,22,0,22,355
12/15/2010,OMA,NE,ACE,CE,Towers with Radar,134,91,54,0,279,0,3,13,0,16,134,94,67,0,295,14,0,14,309
12/16/2010,OMA,NE,ACE,CE,Towers with Radar,134,103,71,0,308,0,6,4,0,10,134,109,75,0,318,0,0,0,318
12/17/2010,OMA,NE,ACE,CE,Towers with Radar,133,92,66,0,291,0,9,9,0,18,133,101,75,0,309,22,0,22,331
12/18/2010,OMA,NE,ACE,CE,Towers with Radar,89,79,38,0,206,0,9,22,1,32,89,88,60,1,238,32,0,32,270
12/19/2010,OMA,NE,ACE,CE,Towers with Radar,104,64,24,0,192,0,0,0,0,0,104,64,24,0,192,6,0,6,198
12/20/2010,OMA,NE,ACE,CE,Towers with Radar,120,84,55,0,259,0,4,20,0,24,120,88,75,0,283,38,0,38,321
12/21/2010,OMA,NE,ACE,CE,Towers with Radar,129,107,46,0,282,0,6,24,0,30,129,113,70,0,312,6,0,6,318
12/22/2010,OMA,NE,ACE,CE,Towers with Radar,141,94,34,0,269,0,4,0,0,4,141,98,34,0,273,4,0,4,277
12/23/2010,OMA,NE,ACE,CE,Towers with Radar,136,105,17,0,258,0,6,0,0,6,136,111,17,0,264,0,0,0,264
12/24/2010,OMA,NE,ACE,CE,Towers with Radar,98,79,10,0,187,0,0,0,0,0,98,79,10,0,187,0,0,0,187
12/25/2010,OMA,NE,ACE,CE,Towers with Radar,79,45,1,0,125,0,3,0,0,3,79,48,1,0,128,0,0,0,128
12/26/2010,OMA,NE,ACE,CE,Towers with Radar,111,72,27,0,210,0,1,6,0,7,111,73,33,0,217,8,0,8,225
12/27/2010,OMA,NE,ACE,CE,Towers with Radar,120,77,26,0,223,0,5,8,0,13,120,82,34,0,236,6,0,6,242
12/28/2010,OMA,NE,ACE,CE,Towers with Radar,133,96,34,0,263,0,9,24,0,33,133,105,58,0,296,4,0,4,300
12/29/2010,OMA,NE,ACE,CE,Towers with Radar,134,85,27,0,246,0,2,0,0,2,134,87,27,0,248,0,0,0,248
12/30/2010,OMA,NE,ACE,CE,Towers with Radar,135,86,29,0,250,0,2,5,0,7,135,88,34,0,257,8,0,8,265
12/31/2010,OMA,NE,ACE,CE,Towers with Radar,99,74,14,0,187,0,1,0,0,1,99,75,14,0,188,0,0,0,188
01/01/2011,OMA,NE,ACE,CE,Towers with Radar,82,55,10,0,147,0,5,2,0,7,82,60,12,0,154,0,0,0,154
01/02/2011,OMA,NE,ACE,CE,Towers with Radar,115,65,30,0,210,0,7,29,0,36,115,72,59,0,246,10,0,10,256
01/03/2011,OMA,NE,ACE,CE,Towers with Radar,127,93,42,0,262,0,7,21,0,28,127,100,63,0,290,32,0,32,322
01/04/2011,OMA,NE,ACE,CE,Towers with Radar,129,92,37,0,258,0,8,21,0,29,129,100,58,0,287,4,0,4,291
01/05/2011,OMA,NE,ACE,CE,Towers with Radar,130,93,42,2,267,0,8,19,0,27,130,101,61,2,294,8,0,8,302
01/06/2011,OMA,NE,ACE,CE,Towers with Radar,131,87,31,8,257,0,4,19,2,25,131,91,50,10,282,38,16,54,336
01/07/2011,OMA,NE,ACE,CE,Towers with Radar,125,88,43,0,256,0,2,1,0,3,125,90,44,0,259,0,0,0,259
01/08/2011,OMA,NE,ACE,CE,Towers with Radar,85,52,18,0,155,0,2,19,0,21,85,54,37,0,176,18,0,18,194
01/09/2011,OMA,NE,ACE,CE,Towers with Radar,100,53,14,0,167,0,0,0,0,0,100,53,14,0,167,0,0,0,167
01/10/2011,OMA,NE,ACE,CE,Towers with Radar,111,71,28,4,214,0,0,0,0,0,111,71,28,4,214,0,0,0,214
01/11/2011,OMA,NE,ACE,CE,Towers with Radar,115,93,64,0,272,0,4,6,0,10,115,97,70,0,282,18,0,18,300
01/12/2011,OMA,NE,ACE,CE,Towers with Radar,125,83,68,0,276,0,4,5,0,9,125,87,73,0,285,4,0,4,289
01/13/2011,OMA,NE,ACE,CE,Towers with Radar,134,100,56,0,290,0,8,18,0,26,134,108,74,0,316,20,0,20,336
01/14/2011,OMA,NE,ACE,CE,Towers with Radar,130,87,58,0,275,0,4,5,0,9,130,91,63,0,284,12,0,12,296
01/15/2011,OMA,NE,ACE,CE,Towers with Radar,88,47,18,0,153,0,2,9,0,11,88,49,27,0,164,2,0,2,166
01/16/2011,OMA,NE,ACE,CE,Towers with Radar,103,60,14,0,177,0,3,9,0,12,103,63,23,0,189,10,0,10,199
01/17/2011,OMA,NE,ACE,CE,Towers with Radar,119,71,34,0,224,0,3,7,0,10,119,74,41,0,234,2,0,2,236
01/18/2011,OMA,NE,ACE,CE,Towers with Radar,128,89,46,0,263,0,4,8,0,12,128,93,54,0,275,10,0,10,285
01/19/2011,OMA,NE,ACE,CE,Towers with Radar,128,92,67,0,287,0,8,9,0,17,128,100,76,0,304,20,0,20,324
01/20/2011,OMA,NE,ACE,CE,Towers with Radar,130,90,47,2,269,0,12,15,0,27,130,102,62,2,296,12,4,16,312
01/21/2011,OMA,NE,ACE,CE,Towers with Radar,130,87,44,0,261,0,2,2,0,4,130,89,46,0,265,0,0,0,265
01/22/2011,OMA,NE,ACE,CE,Towers with Radar,87,53,14,0,154,0,2,0,0,2,87,55,14,0,156,0,0,0,156
01/23/2011,OMA,NE,ACE,CE,Towers with Radar,108,57,29,0,194,0,3,10,0,13,108,60,39,0,207,16,0,16,223
01/24/2011,OMA,NE,ACE,CE,Towers with Radar,123,85,44,0,252,0,5,11,0,16,123,90,55,0,268,4,0,4,272
01/25/2011,OMA,NE,ACE,CE,Towers with Radar,123,94,48,0,265,0,4,16,0,20,123,98,64,0,285,30,0,30,315
01/26/2011,OMA,NE,ACE,CE,Towers with Radar,137,94,51,4,286,0,0,2,0,2,137,94,53,4,288,2,2,4,292
01/27/2011,OMA,NE,ACE,CE,Towers with Radar,129,97,68,0,294,0,5,24,0,29,129,102,92,0,323,18,0,18,341
01/28/2011,OMA,NE,ACE,CE,Towers with Radar,135,102,65,6,308,0,6,42,0,48,135,108,107,6,356,4,6,10,366
01/29/2011,OMA,NE,ACE,CE,Towers with Radar,86,67,28,0,181,0,5,23,0,28,86,72,51,0,209,40,0,40,249
01/30/2011,OMA,NE,ACE,CE,Towers with Radar,110,60,19,0,189,0,3,2,0,5,110,63,21,0,194,86,0,86,280
01/31/2011,OMA,NE,ACE,CE,Towers with Radar,115,73,20,0,208,0,0,0,0,0,115,73,20,0,208,4,0,4,212
02/01/2011,OMA,NE,ACE,CE,Towers with Radar,82,57,16,0,155,0,0,0,0,0,82,57,16,0,155,0,0,0,155
02/02/2011,OMA,NE,ACE,CE,Towers with Radar,103,60,43,0,206,0,8,9,0,17,103,68,52,0,223,12,0,12,235
02/03/2011,OMA,NE,ACE,CE,Towers with Radar,130,73,49,0,252,0,12,21,0,33,130,85,70,0,285,26,0,26,311
02/04/2011,OMA,NE,ACE,CE,Towers with Radar,126,75,55,0,256,0,6,22,0,28,126,81,77,0,284,6,0,6,290
02/05/2011,OMA,NE,ACE,CE,Towers with Radar,88,55,22,1,166,0,3,14,0,17,88,58,36,1,183,0,0,0,183
02/06/2011,OMA,NE,ACE,CE,Towers with Radar,106,68,20,0,194,0,3,0,0,3,106,71,20,0,197,0,0,0,197
02/07/2011,OMA,NE,ACE,CE,Towers with Radar,121,68,50,0,239,0,7,6,0,13,121,75,56,0,252,0,0,0,252
02/08/2011,OMA,NE,ACE,CE,Towers with Radar,128,103,38,0,269,0,10,13,0,23,128,113,51,0,292,4,0,4,296
02/09/2011,OMA,NE,ACE,CE,Towers with Radar,137,85,47,0,269,0,8,10,0,18,137,93,57,0,287,12,0,12,299
02/10/2011,OMA,NE,ACE,CE,Towers with Radar,132,99,54,0,285,0,4,13,0,17,132,103,67,0,302,16,0,16,318
02/11/2011,OMA,NE,ACE,CE,Towers with Radar,134,97,62,0,293,0,4,22,0,26,134,101,84,0,319,2,0,2,321
02/12/2011,OMA,NE,ACE,CE,Towers with Radar,90,55,18,0,163,0,6,34,0,40,90,61,52,0,203,24,0,24,227
02/13/2011,OMA,NE,ACE,CE,Towers with Radar,111,62,28,0,201,0,2,32,0,34,111,64,60,0,235,52,0,52,287
02/14/2011,OMA,NE,ACE,CE,Towers with Radar,130,71,63,2,266,0,3,12,0,15,130,74,75,2,281,18,2,20,301
02/15/2011,OMA,NE,ACE,CE,Towers with Radar,134,96,52,8,290,0,5,29,0,34,134,101,81,8,324,32,4,36,360
02/16/2011,OMA,NE,ACE,CE,Towers with Radar,154,102,71,0,327,0,4,23,0,27,154,106,94,0,354,22,0,22,376
02/17/2011,OMA,NE,ACE,CE,Towers with Radar,130,110,59,0,299,0,6,29,0,35,130,116,88,0,334,30,0,30,364
02/18/2011,OMA,NE,ACE,CE,Towers with Radar,127,103,69,0,299,0,13,30,0,43,127,116,99,0,342,40,0,40,382
02/19/2011,OMA,NE,ACE,CE,Towers with Radar,99,54,28,0,181,0,8,20,0,28,99,62,48,0,209,20,0,20,229
02/20/2011,OMA,NE,ACE,CE,Towers with Radar,101,61,30,0,192,0,1,1,0,2,101,62,31,0,194,2,0,2,196
02/21/2011,OMA,NE,ACE,CE,Towers with Radar,119,93,56,0,268,0,5,10,0,15,119,98,66,0,283,2,0,2,285
02/22/2011,OMA,NE,ACE,CE,Towers with Radar,129,105,58,0,292,0,7,28,0,35,129,112,86,0,327,54,0,54,381
02/23/2011,OMA,NE,ACE,CE,Towers with Radar,128,106,60,2,296,0,13,26,0,39,128,119,86,2,335,18,0,18,353
02/24/2011,OMA,NE,ACE,CE,Towers with Radar,131,104,49,2,286,0,0,1,0,1,131,104,50,2,287,6,0,6,293
02/25/2011,OMA,NE,ACE,CE,Towers with Radar,129,104,43,2,278,0,4,2,0,6,129,108,45,2,284,0,0,0,284
02/26/2011,OMA,NE,ACE,CE,Towers with Radar,93,61,23,0,177,0,2,0,0,2,93,63,23,0,179,0,0,0,179
02/27/2011,OMA,NE,ACE,CE,Towers with Radar,129,70,27,0,226,0,2,0,0,2,129,72,27,0,228,0,0,0,228
02/28/2011,OMA,NE,ACE,CE,Towers with Radar,123,96,50,0,269,0,3,12,0,15,123,99,62,0,284,2,0,2,286
03/01/2011,OMA,NE,ACE,CE,Towers with Radar,126,105,69,0,300,0,4,30,0,34,126,109,99,0,334,38,0,38,372
03/02/2011,OMA,NE,ACE,CE,Towers with Radar,134,99,63,0,296,0,8,17,0,25,134,107,80,0,321,10,0,10,331
03/03/2011,OMA,NE,ACE,CE,Towers with Radar,128,105,58,0,291,0,7,14,0,21,128,112,72,0,312,36,0,36,348
03/04/2011,OMA,NE,ACE,CE,Towers with Radar,129,102,49,0,280,0,2,0,0,2,129,104,49,0,282,2,0,2,284
03/05/2011,OMA,NE,ACE,CE,Towers with Radar,91,66,25,0,182,0,12,26,0,38,91,78,51,0,220,16,0,16,236
03/06/2011,OMA,NE,ACE,CE,Towers with Radar,117,74,22,4,217,0,8,19,0,27,117,82,41,4,244,28,0,28,272
03/07/2011,OMA,NE,ACE,CE,Towers with Radar,122,93,44,0,259,0,5,0,0,5,122,98,44,0,264,8,0,8,272
03/08/2011,OMA,NE,ACE,CE,Towers with Radar,136,93,35,0,264,0,0,0,0,0,136,93,35,0,264,4,0,4,268
03/09/2011,OMA,NE,ACE,CE,Towers with Radar,132,99,35,0,266,0,2,2,0,4,132,101,37,0,270,0,0,0,270
03/10/2011,OMA,NE,ACE,CE,Towers with Radar,129,110,57,0,296,0,10,24,0,34,129,120,81,0,330,18,0,18,348
03/11/2011,OMA,NE,ACE,CE,Towers with Radar,129,108,58,5,300,0,8,26,0,34,129,116,84,5,334,4,0,4,338
03/12/2011,OMA,NE,ACE,CE,Towers with Radar,102,61,14,0,177,0,11,14,0,25,102,72,28,0,202,6,0,6,208
03/13/2011,OMA,NE,ACE,CE,Towers with Radar,115,64,35,0,214,0,7,8,0,15,115,71,43,0,229,8,0,8,237
03/14/2011,OMA,NE,ACE,CE,Towers with Radar,127,88,47,0,262,0,15,20,0,35,127,103,67,0,297,12,0,12,309
03/15/2011,OMA,NE,ACE,CE,Towers with Radar,137,96,47,0,280,0,10,30,1,41,137,106,77,1,321,12,0,12,333
03/16/2011,OMA,NE,ACE,CE,Towers with Radar,138,103,73,5,319,0,14,27,0,41,138,117,100,5,360,24,4,28,388
03/17/2011,OMA,NE,ACE,CE,Towers with Radar,138,99,43,0,280,0,13,14,0,27,138,112,57,0,307,2,2,4,311
03/18/2011,OMA,NE,ACE,CE,Towers with Radar,132,99,44,0,275,0,9,26,0,35,132,108,70,0,310,18,0,18,328
03/19/2011,OMA,NE,ACE,CE,Towers with Radar,97,58,21,0,176,0,16,14,0,30,97,74,35,0,206,18,6,24,230
03/20/2011,OMA,NE,ACE,CE,Towers with Radar,115,72,28,0,215,0,6,13,0,19,115,78,41,0,234,4,0,4,238
03/21/2011,OMA,NE,ACE,CE,Towers with Radar,126,98,42,0,266,0,11,9,0,20,126,109,51,0,286,10,0,10,296
03/22/2011,OMA,NE,ACE,CE,Towers with Radar,135,105,60,0,300,0,4,3,0,7,135,109,63,0,307,6,0,6,313
03/23/2011,OMA,NE,ACE,CE,Towers with Radar,139,110,62,2,313,0,2,5,0,7,139,112,67,2,320,2,0,2,322
03/24/2011,OMA,NE,ACE,CE,Towers with Radar,140,114,41,2,297,0,2,15,0,17,140,116,56,2,314,6,0,6,320
03/25/2011,OMA,NE,ACE,CE,Towers with Radar,133,114,66,2,315,0,4,3,0,7,133,118,69,2,322,0,0,0,322
03/26/2011,OMA,NE,ACE,CE,Towers with Radar,97,62,24,0,183,0,3,0,0,3,97,65,24,0,186,0,0,0,186
03/27/2011,OMA,NE,ACE,CE,Towers with Radar,120,63,24,0,207,0,6,17,0,23,120,69,41,0,230,12,0,12,242
03/28/2011,OMA,NE,ACE,CE,Towers with Radar,128,86,45,0,259,0,6,9,0,15,128,92,54,0,274,0,0,0,274
03/29/2011,OMA,NE,ACE,CE,Towers with Radar,138,97,46,0,281,0,3,3,0,6,138,100,49,0,287,2,0,2,289
03/30/2011,OMA,NE,ACE,CE,Towers with Radar,139,98,78,0,315,0,7,15,0,22,139,105,93,0,337,8,0,8,345
03/31/2011,OMA,NE,ACE,CE,Towers with Radar,135,107,51,0,293,0,2,1,0,3,135,109,52,0,296,2,0,2,298
04/01/2011,OMA,NE,ACE,CE,Towers with Radar,141,105,48,7,301,0,15,30,1,46,141,120,78,8,347,9,14,23,370
04/02/2011,OMA,NE,ACE,CE,Towers with Radar,101,53,21,2,177,0,12,41,0,53,101,65,62,2,230,26,0,26,256
04/03/2011,OMA,NE,ACE,CE,Towers with Radar,114,57,23,2,196,0,13,28,0,41,114,70,51,2,237,14,0,14,251
04/04/2011,OMA,NE,ACE,CE,Towers with Radar,126,88,34,4,252,0,8,5,0,13,126,96,39,4,265,6,4,10,275
04/05/2011,OMA,NE,ACE,CE,Towers with Radar,132,98,56,2,288,0,8,40,0,48,132,106,96,2,336,16,0,16,352
04/06/2011,OMA,NE,ACE,CE,Towers with Radar,137,97,56,0,290,0,7,36,0,43,137,104,92,0,333,36,0,36,369
04/07/2011,OMA,NE,ACE,CE,Towers with Radar,136,98,49,0,283,0,10,3,0,13,136,108,52,0,296,2,0,2,298
04/08/2011,OMA,NE,ACE,CE,Towers with Radar,135,91,53,11,290,0,2,1,0,3,135,93,54,11,293,0,4,4,297
04/09/2011,OMA,NE,ACE,CE,Towers with Radar,96,59,15,0,170,0,9,8,0,17,96,68,23,0,187,16,0,16,203
04/10/2011,OMA,NE,ACE,CE,Towers with Radar,121,73,27,0,221,0,5,7,0,12,121,78,34,0,233,6,0,6,239
04/11/2011,OMA,NE,ACE,CE,Towers with Radar,130,88,54,5,277,0,14,24,0,38,130,102,78,5,315,10,4,14,329
04/12/2011,OMA,NE,ACE,CE,Towers with Radar,133,109,41,0,283,0,8,51,0,59,133,117,92,0,342,22,0,22,364
04/13/2011,OMA,NE,ACE,CE,Towers with Radar,138,115,54,2,309,0,9,18,4,31,138,124,72,6,340,4,2,6,346
04/14/2011,OMA,NE,ACE,CE,Towers with Radar,142,102,54,0,298,0,4,2,0,6,142,106,56,0,304,0,0,0,304
04/15/2011,OMA,NE,ACE,CE,Towers with Radar,137,101,35,0,273,0,0,0,0,0,137,101,35,0,273,0,0,0,273
04/16/2011,OMA,NE,ACE,CE,Towers with Radar,97,55,22,1,175,0,5,20,1,26,97,60,42,2,201,30,0,30,231
04/17/2011,OMA,NE,ACE,CE,Towers with Radar,120,63,27,3,213,0,3,12,1,16,120,66,39,4,229,10,2,12,241
04/18/2011,OMA,NE,ACE,CE,Towers with Radar,126,93,45,4,268,0,6,3,0,9,126,99,48,4,277,4,4,8,285
04/19/2011,OMA,NE,ACE,CE,Towers with Radar,136,104,53,0,293,0,3,5,0,8,136,107,58,0,301,0,0,0,301
04/20/2011,OMA,NE,ACE,CE,Towers with Radar,135,113,57,5,310,0,8,22,1,31,135,121,79,6,341,10,4,14,355
04/21/2011,OMA,NE,ACE,CE,Towers with Radar,137,101,69,3,310,0,10,8,1,19,137,111,77,4,329,12,0,12,341
04/22/2011,OMA,NE,ACE,CE,Towers with Radar,131,113,51,1,296,0,5,8,1,14,131,118,59,2,310,6,0,6,316
04/23/2011,OMA,NE,ACE,CE,Towers with Radar,89,56,26,4,175,0,8,16,2,26,89,64,42,6,201,34,0,34,235
04/24/2011,OMA,NE,ACE,CE,Towers with Radar,115,67,18,2,202,0,14,19,1,34,115,81,37,3,236,10,0,10,246
04/25/2011,OMA,NE,ACE,CE,Towers with Radar,118,97,48,6,269,0,4,10,0,14,118,101,58,6,283,6,0,6,289
04/26/2011,OMA,NE,ACE,CE,Towers with Radar,131,111,63,0,305,0,1,7,1,9,131,112,70,1,314,4,0,4,318
04/27/2011,OMA,NE,ACE,CE,Towers with Radar,135,121,69,4,329,0,12,32,1,45,135,133,101,5,374,28,0,28,402
04/28/2011,OMA,NE,ACE,CE,Towers with Radar,131,127,74,1,333,0,18,32,2,52,131,145,106,3,385,24,0,24,409
04/29/2011,OMA,NE,ACE,CE,Towers with Radar,138,203,157,5,503,0,13,4,0,17,138,216,161,5,520,6,2,8,528
04/30/2011,OMA,NE,ACE,CE,Towers with Radar,102,108,117,2,329,0,8,21,0,29,102,116,138,2,358,6,0,6,364
05/01/2011,OMA,NE,ACE,CE,Towers with Radar,131,109,66,8,314,0,6,18,1,25,131,115,84,9,339,8,4,12,351
05/02/2011,OMA,NE,ACE,CE,Towers with Radar,125,100,30,19,274,0,8,18,2,28,125,108,48,21,302,6,10,16,318
05/03/2011,OMA,NE,ACE,CE,Towers with Radar,127,105,43,15,290,0,18,28,3,49,127,123,71,18,339,16,10,26,365
05/04/2011,OMA,NE,ACE,CE,Towers with Radar,136,110,71,4,321,0,11,12,0,23,136,121,83,4,344,6,0,6,350
05/05/2011,OMA,NE,ACE,CE,Towers with Radar,133,106,64,3,306,0,4,23,2,29,133,110,87,5,335,6,0,6,341
05/06/2011,OMA,NE,ACE,CE,Towers with Radar,134,107,43,3,287,0,6,19,0,25,134,113,62,3,312,9,0,9,321
05/07/2011,OMA,NE,ACE,CE,Towers with Radar,102,60,23,3,188,0,7,37,2,46,102,67,60,5,234,6,0,6,240
05/08/2011,OMA,NE,ACE,CE,Towers with Radar,113,58,22,0,193,0,10,14,0,24,113,68,36,0,217,2,0,2,219
05/09/2011,OMA,NE,ACE,CE,Towers with Radar,126,91,52,6,275,0,21,12,0,33,126,112,64,6,308,8,0,8,316
05/10/2011,OMA,NE,ACE,CE,Towers with Radar,123,107,69,9,308,0,4,18,1,23,123,111,87,10,331,0,0,0,331
05/11/2011,OMA,NE,ACE,CE,Towers with Radar,128,95,34,0,257,0,9,1,0,10,128,104,35,0,267,2,0,2,269
05/12/2011,OMA,NE,ACE,CE,Towers with Radar,137,107,71,2,317,0,2,16,0,18,137,109,87,2,335,20,0,20,355
05/13/2011,OMA,NE,ACE,CE,Towers with Radar,134,89,54,0,277,0,5,5,0,10,134,94,59,0,287,0,0,0,287
05/14/2011,OMA,NE,ACE,CE,Towers with Radar,96,54,12,0,162,0,7,1,0,8,96,61,13,0,170,0,0,0,170
05/15/2011,OMA,NE,ACE,CE,Towers with Radar,119,61,27,2,209,0,3,7,0,10,119,64,34,2,219,2,0,2,221
05/16/2011,OMA,NE,ACE,CE,Towers with Radar,130,87,68,18,303,0,9,25,1,35,130,96,93,19,338,16,10,26,364
05/17/2011,OMA,NE,ACE,CE,Towers with Radar,126,109,62,2,299,0,9,25,0,34,126,118,87,2,333,18,0,18,351
05/18/2011,OMA,NE,ACE,CE,Towers with Radar,136,127,98,5,366,0,13,34,0,47,136,140,132,5,413,18,4,22,435
05/19/2011,OMA,NE,ACE,CE,Towers with Radar,137,104,66,0,307,0,4,1,0,5,137,108,67,0,312,14,4,18,330
05/20/2011,OMA,NE,ACE,CE,Towers with Radar,136,99,39,0,274,0,9,0,0,9,136,108,39,0,283,0,0,0,283
05/21/2011,OMA,NE,ACE,CE,Towers with Radar,99,62,26,1,188,0,11,3,0,14,99,73,29,1,202,2,4,6,208
05/22/2011,OMA,NE,ACE,CE,Towers with Radar,112,58,31,4,205,0,12,15,0,27,112,70,46,4,232,8,6,14,246
05/23/2011,OMA,NE,ACE,CE,Towers with Radar,118,96,57,2,273,0,10,43,0,53,118,106,100,2,326,28,0,28,354
05/24/2011,OMA,NE,ACE,CE,Towers with Radar,130,103,49,3,285,0,10,8,0,18,130,113,57,3,303,2,0,2,305
05/25/2011,OMA,NE,ACE,CE,Towers with Radar,127,84,58,1,270,0,0,0,0,0,127,84,58,1,270,0,0,0,270
05/26/2011,OMA,NE,ACE,CE,Towers with Radar,134,106,59,1,300,0,4,32,0,36,134,110,91,1,336,16,0,16,352
05/27/2011,OMA,NE,ACE,CE,Towers with Radar,131,101,39,6,277,0,7,8,0,15,131,108,47,6,292,4,2,6,298
05/28/2011,OMA,NE,ACE,CE,Towers with Radar,102,58,16,1,177,0,11,5,0,16,102,69,21,1,193,0,0,0,193
05/29/2011,OMA,NE,ACE,CE,Towers with Radar,97,41,14,0,152,0,6,2,0,8,97,47,16,0,160,4,0,4,164
05/30/2011,OMA,NE,ACE,CE,Towers with Radar,125,56,24,0,205,0,4,6,1,11,125,60,30,1,216,18,0,18,234
05/31/2011,OMA,NE,ACE,CE,Towers with Radar,125,98,55,4,282,0,3,21,4,28,125,101,76,8,310,6,2,8,318
06/01/2011,OMA,NE,ACE,CE,Towers with Radar,140,100,63,7,310,0,4,23,1,28,140,104,86,8,338,18,0,18,356
06/02/2011,OMA,NE,ACE,CE,Towers with Radar,138,116,45,3,302,0,5,11,1,17,138,121,56,4,319,6,0,6,325
06/03/2011,OMA,NE,ACE,CE,Towers with Radar,132,100,43,6,281,0,22,27,1,50,132,122,70,7,331,8,4,12,343
06/04/2011,OMA,NE,ACE,CE,Towers with Radar,103,51,22,1,177,0,15,28,5,48,103,66,50,6,225,8,0,8,233
06/05/2011,OMA,NE,ACE,CE,Towers with Radar,121,66,25,5,217,0,12,47,1,60,121,78,72,6,277,32,0,32,309
06/06/2011,OMA,NE,ACE,CE,Towers with Radar,131,83,35,7,256,0,17,25,0,42,131,100,60,7,298,36,0,36,334
06/07/2011,OMA,NE,ACE,CE,Towers with Radar,128,113,72,2,315,0,10,21,0,31,128,123,93,2,346,16,0,16,362
06/08/2011,OMA,NE,ACE,CE,Towers with Radar,140,102,67,2,311,0,8,28,4,40,140,110,95,6,351,6,0,6,357
06/09/2011,OMA,NE,ACE,CE,Towers with Radar,136,91,55,0,282,0,8,7,0,15,136,99,62,0,297,2,0,2,299
06/10/2011,OMA,NE,ACE,CE,Towers with Radar,148,96,58,1,303,0,5,6,0,11,148,101,64,1,314,4,0,4,318
06/11/2011,OMA,NE,ACE,CE,Towers with Radar,115,59,18,7,199,0,9,51,2,62,115,68,69,9,261,14,10,24,285
06/12/2011,OMA,NE,ACE,CE,Towers with Radar,126,76,20,2,224,0,7,23,0,30,126,83,43,2,254,14,0,14,268
06/13/2011,OMA,NE,ACE,CE,Towers with Radar,139,84,43,0,266,0,5,9,2,16,139,89,52,2,282,10,0,10,292
06/14/2011,OMA,NE,ACE,CE,Towers with Radar,142,99,51,2,294,0,4,24,4,32,142,103,75,6,326,20,0,20,346
06/15/2011,OMA,NE,ACE,CE,Towers with Radar,145,96,57,2,300,0,11,81,2,94,145,107,138,4,394,28,0,28,422
06/16/2011,OMA,NE,ACE,CE,Towers with Radar,157,97,40,0,294,0,6,25,2,33,157,103,65,2,327,14,0,14,341
06/17/2011,OMA,NE,ACE,CE,Towers with Radar,145,96,47,3,291,0,5,47,19,71,145,101,94,22,362,16,0,16,378
06/18/2011,OMA,NE,ACE,CE,Towers with Radar,111,73,59,1,244,0,9,40,10,59,111,82,99,11,303,6,0,6,309
06/19/2011,OMA,NE,ACE,CE,Towers with Radar,120,92,46,4,262,0,11,34,4,49,120,103,80,8,311,10,0,10,321
06/20/2011,OMA,NE,ACE,CE,Towers with Radar,126,82,84,1,293,0,8,12,5,25,126,90,96,6,318,4,0,4,322
06/21/2011,OMA,NE,ACE,CE,Towers with Radar,152,109,70,1,332,0,6,2,5,13,152,115,72,6,345,14,0,14,359
06/22/2011,OMA,NE,ACE,CE,Towers with Radar,148,109,91,0,348,0,13,19,10,42,148,122,110,10,390,12,0,12,402
06/23/2011,OMA,NE,ACE,CE,Towers with Radar,142,101,70,2,315,0,9,48,6,63,142,110,118,8,378,6,0,6,384
06/24/2011,OMA,NE,ACE,CE,Towers with Radar,146,89,70,0,305,0,7,55,5,67,146,96,125,5,372,30,0,30,402
06/25/2011,OMA,NE,ACE,CE,Towers with Radar,119,62,14,0,195,0,22,27,2,51,119,84,41,2,246,6,0,6,252
06/26/2011,OMA,NE,ACE,CE,Towers with Radar,126,74,34,0,234,0,1,4,0,5,126,75,38,0,239,0,0,0,239
06/27/2011,OMA,NE,ACE,CE,Towers with Radar,136,86,61,0,283,0,8,45,3,56,136,94,106,3,339,18,0,18,357
06/28/2011,OMA,NE,ACE,CE,Towers with Radar,138,100,75,0,313,0,6,55,4,65,138,106,130,4,378,48,0,48,426
06/29/2011,OMA,NE,ACE,CE,Towers with Radar,154,105,79,4,342,0,5,39,7,51,154,110,118,11,393,26,4,30,423
06/30/2011,OMA,NE,ACE,CE,Towers with Radar,143,103,56,0,302,0,9,41,7,57,143,112,97,7,359,14,0,14,373
07/01/2011,OMA,NE,ACE,CE,Towers with Radar,150,102,39,0,291,0,10,24,4,38,150,112,63,4,329,6,0,6,335
07/02/2011,OMA,NE,ACE,CE,Towers with Radar,108,67,24,0,199,0,18,49,0,67,108,85,73,0,266,24,0,24,290
07/03/2011,OMA,NE,ACE,CE,Towers with Radar,100,34,7,0,141,0,6,6,0,12,100,40,13,0,153,4,0,4,157
07/04/2011,OMA,NE,ACE,CE,Towers with Radar,120,55,14,0,189,0,8,23,0,31,120,63,37,0,220,14,0,14,234
07/05/2011,OMA,NE,ACE,CE,Towers with Radar,139,94,37,0,270,0,5,26,5,36,139,99,63,5,306,26,0,26,332
07/06/2011,OMA,NE,ACE,CE,Towers with Radar,142,97,48,0,287,0,10,41,4,55,142,107,89,4,342,14,0,14,356
07/07/2011,OMA,NE,ACE,CE,Towers with Radar,141,95,71,2,309,0,9,46,1,56,141,104,117,3,365,34,0,34,399
07/08/2011,OMA,NE,ACE,CE,Towers with Radar,139,88,47,5,279,0,12,24,8,44,139,100,71,13,323,10,2,12,335
07/09/2011,OMA,NE,ACE,CE,Towers with Radar,107,74,26,1,208,0,6,37,0,43,107,80,63,1,251,18,0,18,269
07/10/2011,OMA,NE,ACE,CE,Towers with Radar,131,72,19,2,224,0,8,31,0,39,131,80,50,2,263,12,0,12,275
07/11/2011,OMA,NE,ACE,CE,Towers with Radar,139,84,43,2,268,0,16,21,1,38,139,100,64,3,306,0,2,2,308
07/12/2011,OMA,NE,ACE,CE,Towers with Radar,148,97,56,0,301,0,10,18,6,34,148,107,74,6,335,14,0,14,349
07/13/2011,OMA,NE,ACE,CE,Towers with Radar,145,97,78,2,322,0,9,16,2,27,145,106,94,4,349,48,4,52,401
07/14/2011,OMA,NE,ACE,CE,Towers with Radar,141,108,55,1,305,0,10,9,0,19,141,118,64,1,324,0,0,0,324
07/15/2011,OMA,NE,ACE,CE,Towers with Radar,133,93,43,6,275,0,13,35,0,48,133,106,78,6,323,4,2,6,329
07/16/2011,OMA,NE,ACE,CE,Towers with Radar,104,66,26,1,197,0,21,39,0,60,104,87,65,1,257,16,0,16,273
07/17/2011,OMA,NE,ACE,CE,Towers with Radar,123,71,23,5,222,0,7,29,0,36,123,78,52,5,258,14,4,18,276
07/18/2011,OMA,NE,ACE,CE,Towers with Radar,129,86,47,4,266,0,10,23,0,33,129,96,70,4,299,0,4,4,303
07/19/2011,OMA,NE,ACE,CE,Towers with Radar,140,108,50,17,315,0,18,43,2,63,140,126,93,19,378,0,0,0,378
07/20/2011,OMA,NE,ACE,CE,Towers with Radar,148,106,55,4,313,0,13,21,3,37,148,119,76,7,350,32,2,34,384
07/21/2011,OMA,NE,ACE,CE,Towers with Radar,141,92,67,0,300,0,3,23,4,30,141,95,90,4,330,2,0,2,332
07/22/2011,OMA,NE,ACE,CE,Towers with Radar,143,88,52,10,293,0,9,36,2,47,143,97,88,12,340,16,16,32,372
07/23/2011,OMA,NE,ACE,CE,Towers with Radar,102,64,25,3,194,0,10,45,1,56,102,74,70,4,250,18,0,18,268
07/24/2011,OMA,NE,ACE,CE,Towers with Radar,129,80,27,1,237,0,10,26,0,36,129,90,53,1,273,10,0,10,283
07/25/2011,OMA,NE,ACE,CE,Towers with Radar,135,92,56,0,283,0,10,22,2,34,135,102,78,2,317,18,2,20,337
07/26/2011,OMA,NE,ACE,CE,Towers with Radar,144,100,80,0,324,0,10,27,6,43,144,110,107,6,367,16,0,16,383
07/27/2011,OMA,NE,ACE,CE,Towers with Radar,144,100,71,2,317,1,8,29,0,38,145,108,100,2,355,8,0,8,363
07/28/2011,OMA,NE,ACE,CE,Towers with Radar,147,97,75,0,319,0,4,14,0,18,147,101,89,0,337,16,0,16,353
07/29/2011,OMA,NE,ACE,CE,Towers with Radar,146,97,49,4,296,0,6,31,2,39,146,103,80,6,335,16,0,16,351
07/30/2011,OMA,NE,ACE,CE,Towers with Radar,107,66,19,0,192,0,8,52,4,64,107,74,71,4,256,24,0,24,280
07/31/2011,OMA,NE,ACE,CE,Towers with Radar,123,79,30,13,245,0,11,51,0,62,123,90,81,13,307,12,2,14,321
08/01/2011,OMA,NE,ACE,CE,Towers with Radar,127,88,49,2,266,0,6,29,3,38,127,94,78,5,304,14,0,14,318
08/02/2011,OMA,NE,ACE,CE,Towers with Radar,141,110,53,6,310,0,10,32,2,44,141,120,85,8,354,15,4,19,373
08/03/2011,OMA,NE,ACE,CE,Towers with Radar,142,98,52,1,293,0,14,40,3,57,142,112,92,4,350,8,2,10,360
08/04/2011,OMA,NE,ACE,CE,Towers with Radar,144,115,52,14,325,0,10,27,2,39,144,125,79,16,364,14,2,16,380
08/05/2011,OMA,NE,ACE,CE,Towers with Radar,139,114,45,4,302,0,3,3,0,6,139,117,48,4,308,0,0,0,308
08/06/2011,OMA,NE,ACE,CE,Towers with Radar,106,74,25,0,205,0,8,35,0,43,106,82,60,0,248,12,0,12,260
08/07/2011,OMA,NE,ACE,CE,Towers with Radar,120,81,32,0,233,0,10,35,3,48,120,91,67,3,281,18,0,18,299
08/08/2011,OMA,NE,ACE,CE,Towers with Radar,130,88,43,0,261,0,11,52,1,64,130,99,95,1,325,22,8,30,355
08/09/2011,OMA,NE,ACE,CE,Towers with Radar,137,103,49,2,291,0,9,44,0,53,137,112,93,2,344,28,0,28,372
08/10/2011,OMA,NE,ACE,CE,Towers with Radar,144,100,57,0,301,0,9,31,2,42,144,109,88,2,343,32,0,32,375
08/11/2011,OMA,NE,ACE,CE,Towers with Radar,141,110,53,6,310,0,7,29,8,44,141,117,82,14,354,32,4,36,390
08/12/2011,OMA,NE,ACE,CE,Towers with Radar,143,98,65,1,307,0,7,26,1,34,143,105,91,2,341,8,2,10,351
08/13/2011,OMA,NE,ACE,CE,Towers with Radar,106,70,23,1,200,0,13,47,0,60,106,83,70,1,260,26,0,26,286
08/14/2011,OMA,NE,ACE,CE,Towers with Radar,115,80,27,3,225,0,12,19,0,31,115,92,46,3,256,18,0,18,274
08/15/2011,OMA,NE,ACE,CE,Towers with Radar,126,99,48,0,273,0,5,10,2,17,126,104,58,2,290,0,0,0,290
08/16/2011,OMA,NE,ACE,CE,Towers with Radar,134,100,57,0,291,0,10,4,0,14,134,110,61,0,305,0,0,0,305
08/17/2011,OMA,NE,ACE,CE,Towers with Radar,140,99,72,8,319,0,12,27,0,39,140,111,99,8,358,14,8,22,380
08/18/2011,OMA,NE,ACE,CE,Towers with Radar,91,59,39,2,191,0,6,14,0,20,91,65,53,2,211,4,4,8,219
08/19/2011,OMA,NE,ACE,CE,Towers with Radar,137,79,71,0,287,0,5,25,0,30,137,84,96,0,317,20,0,20,337
08/20/2011,OMA,NE,ACE,CE,Towers with Radar,101,56,28,0,185,0,10,24,0,34,101,66,52,0,219,6,0,6,225
08/21/2011,OMA,NE,ACE,CE,Towers with Radar,106,70,38,8,222,0,5,21,0,26,106,75,59,8,248,14,6,20,268
08/22/2011,OMA,NE,ACE,CE,Towers with Radar,138,79,46,2,265,0,6,13,0,19,138,85,59,2,284,0,4,4,288
08/23/2011,OMA,NE,ACE,CE,Towers with Radar,133,93,56,0,282,0,10,20,0,30,133,103,76,0,312,16,0,16,328
08/24/2011,OMA,NE,ACE,CE,Towers with Radar,143,92,69,1,305,0,5,14,1,20,143,97,83,2,325,8,0,8,333
08/25/2011,OMA,NE,ACE,CE,Towers with Radar,139,94,64,2,299,0,15,37,0,52,139,109,101,2,351,68,2,70,421
08/26/2011,OMA,NE,ACE,CE,Towers with Radar,144,87,64,28,323,0,12,21,0,33,144,99,85,28,356,36,16,52,408
08/27/2011,OMA,NE,ACE,CE,Towers with Radar,98,59,22,9,188,0,4,15,9,28,98,63,37,18,216,0,16,16,232
08/28/2011,OMA,NE,ACE,CE,Towers with Radar,104,59,42,2,207,0,5,19,0,24,104,64,61,2,231,12,0,12,243
08/29/2011,OMA,NE,ACE,CE,Towers with Radar,129,96,59,9,293,0,2,25,0,27,129,98,84,9,320,16,4,20,340
08/30/2011,OMA,NE,ACE,CE,Towers with Radar,134,96,70,0,300,0,2,8,0,10,134,98,78,0,310,0,0,0,310
08/31/2011,OMA,NE,ACE,CE,Towers with Radar,130,106,56,2,294,0,3,32,2,37,130,109,88,4,331,18,0,18,349
09/01/2011,OMA,NE,ACE,CE,Towers with Radar,140,108,58,3,309,0,6,35,1,42,140,114,93,4,351,34,0,34,385
09/02/2011,OMA,NE,ACE,CE,Towers with Radar,140,102,51,0,293,0,3,19,0,22,140,105,70,0,315,2,0,2,317
09/03/2011,OMA,NE,ACE,CE,Towers with Radar,90,53,10,3,156,0,5,3,1,9,90,58,13,4,165,0,2,2,167
09/04/2011,OMA,NE,ACE,CE,Towers with Radar,89,43,14,0,146,0,7,23,0,30,89,50,37,0,176,2,0,2,178
09/05/2011,OMA,NE,ACE,CE,Towers with Radar,117,65,40,0,222,0,7,22,0,29,117,72,62,0,251,20,0,20,271
09/06/2011,OMA,NE,ACE,CE,Towers with Radar,127,83,56,2,268,0,12,27,0,39,127,95,83,2,307,22,0,22,329
09/07/2011,OMA,NE,ACE,CE,Towers with Radar,134,87,80,0,301,0,12,27,0,39,134,99,107,0,340,34,0,34,374
09/08/2011,OMA,NE,ACE,CE,Towers with Radar,135,100,72,4,311,0,6,28,0,34,135,106,100,4,345,16,2,18,363
09/09/2011,OMA,NE,ACE,CE,Towers with Radar,138,90,73,3,304,0,10,26,0,36,138,100,99,3,340,2,12,14,354
09/10/2011,OMA,NE,ACE,CE,Towers with Radar,98,49,23,3,173,0,15,27,0,42,98,64,50,3,215,10,0,10,225
09/11/2011,OMA,NE,ACE,CE,Towers with Radar,105,60,35,16,216,0,4,38,0,42,105,64,73,16,258,24,24,48,306
09/12/2011,OMA,NE,ACE,CE,Towers with Radar,127,71,44,0,242,0,8,17,0,25,127,79,61,0,267,4,2,6,273
09/13/2011,OMA,NE,ACE,CE,Towers with Radar,127,81,70,1,279,0,6,24,0,30,127,87,94,1,309,8,0,8,317
09/14/2011,OMA,NE,ACE,CE,Towers with Radar,126,98,77,17,318,0,12,13,1,26,126,110,90,18,344,4,18,22,366
09/15/2011,OMA,NE,ACE,CE,Towers with Radar,138,97,63,15,313,0,5,30,0,35,138,102,93,15,348,18,22,40,388
09/16/2011,OMA,NE,ACE,CE,Towers with Radar,137,93,47,4,281,0,5,9,2,16,137,98,56,6,297,4,4,8,305
09/17/2011,OMA,NE,ACE,CE,Towers with Radar,100,46,22,0,168,0,0,0,0,0,100,46,22,0,168,2,0,2,170
09/18/2011,OMA,NE,ACE,CE,Towers with Radar,109,64,22,0,195,0,2,7,0,9,109,66,29,0,204,2,0,2,206
09/19/2011,OMA,NE,ACE,CE,Towers with Radar,127,76,58,0,261,0,3,28,0,31,127,79,86,0,292,28,0,28,320
09/20/2011,OMA,NE,ACE,CE,Towers with Radar,124,87,63,1,275,0,7,27,0,34,124,94,90,1,309,16,0,16,325
09/21/2011,OMA,NE,ACE,CE,Towers with Radar,130,106,60,6,302,0,18,13,0,31,130,124,73,6,333,20,8,28,361
09/22/2011,OMA,NE,ACE,CE,Towers with Radar,137,99,62,4,302,0,9,24,0,33,137,108,86,4,335,6,6,12,347
09/23/2011,OMA,NE,ACE,CE,Towers with Radar,134,94,49,0,277,0,8,16,0,24,134,102,65,0,301,6,0,6,307
09/24/2011,OMA,NE,ACE,CE,Towers with Radar,99,49,28,0,176,0,9,29,0,38,99,58,57,0,214,8,2,10,224
09/25/2011,OMA,NE,ACE,CE,Towers with Radar,114,63,33,0,210,0,6,25,0,31,114,69,58,0,241,8,0,8,249
09/26/2011,OMA,NE,ACE,CE,Towers with Radar,127,78,39,0,244,0,8,22,0,30,127,86,61,0,274,12,0,12,286
09/27/2011,OMA,NE,ACE,CE,Towers with Radar,124,79,54,7,264,0,9,27,0,36,124,88,81,7,300,20,12,32,332
09/28/2011,OMA,NE,ACE,CE,Towers with Radar,130,105,85,2,322,0,13,29,0,42,130,118,114,2,364,24,2,26,390
09/29/2011,OMA,NE,ACE,CE,Towers with Radar,132,104,59,0,295,0,17,18,0,35,132,121,77,0,330,26,0,26,356
09/30/2011,OMA,NE,ACE,CE,Towers with Radar,134,99,47,0,280,0,5,26,0,31,134,104,73,0,311,18,0,18,329
10/01/2011,OMA,NE,ACE,CE,Towers with Radar,95,53,31,0,179,0,12,28,0,40,95,65,59,0,219,0,4,4,223
10/02/2011,OMA,NE,ACE,CE,Towers with Radar,122,72,44,2,240,0,19,33,0,52,122,91,77,2,292,26,0,26,318
10/03/2011,OMA,NE,ACE,CE,Towers with Radar,129,92,43,0,264,0,11,25,0,36,129,103,68,0,300,34,0,34,334
10/04/2011,OMA,NE,ACE,CE,Towers with Radar,130,90,60,22,302,0,11,23,0,34,130,101,83,22,336,6,30,36,372
10/05/2011,OMA,NE,ACE,CE,Towers with Radar,129,98,47,13,287,0,14,31,0,45,129,112,78,13,332,30,12,42,374
10/06/2011,OMA,NE,ACE,CE,Towers with Radar,140,89,50,11,290,0,11,13,1,25,140,100,63,12,315,0,12,12,327
10/07/2011,OMA,NE,ACE,CE,Towers with Radar,142,94,58,2,296,0,4,7,0,11,142,98,65,2,307,2,0,2,309
10/08/2011,OMA,NE,ACE,CE,Towers with Radar,97,46,27,0,170,0,12,5,0,17,97,58,32,0,187,0,0,0,187
10/09/2011,OMA,NE,ACE,CE,Towers with Radar,116,66,42,0,224,0,11,22,0,33,116,77,64,0,257,0,0,0,257
10/10/2011,OMA,NE,ACE,CE,Towers with Radar,133,80,45,0,258,0,5,11,0,16,133,85,56,0,274,0,0,0,274
10/11/2011,OMA,NE,ACE,CE,Towers with Radar,130,86,57,14,287,0,12,21,0,33,130,98,78,14,320,8,20,28,348
10/12/2011,OMA,NE,ACE,CE,Towers with Radar,131,102,51,0,284,0,9,17,0,26,131,111,68,0,310,22,0,22,332
10/13/2011,OMA,NE,ACE,CE,Towers with Radar,143,92,53,6,294,0,11,29,0,40,143,103,82,6,334,26,4,30,364
10/14/2011,OMA,NE,ACE,CE,Towers with Radar,137,97,68,0,302,0,10,17,0,27,137,107,85,0,329,2,0,2,331
10/15/2011,OMA,NE,ACE,CE,Towers with Radar,98,55,26,0,179,0,7,32,0,39,98,62,58,0,218,16,0,16,234
10/16/2011,OMA,NE,ACE,CE,Towers with Radar,116,62,35,0,213,0,8,22,0,30,116,70,57,0,243,12,0,12,255
10/17/2011,OMA,NE,ACE,CE,Towers with Radar,129,83,58,7,277,0,5,6,0,11,129,88,64,7,288,4,0,4,292
10/18/2011,OMA,NE,ACE,CE,Towers with Radar,128,92,77,2,299,0,10,17,1,28,128,102,94,3,327,14,0,14,341
10/19/2011,OMA,NE,ACE,CE,Towers with Radar,130,90,62,0,282,0,10,19,0,29,130,100,81,0,311,24,0,24,335
10/20/2011,OMA,NE,ACE,CE,Towers with Radar,138,113,67,2,320,0,14,17,0,31,138,127,84,2,351,6,0,6,357
10/21/2011,OMA,NE,ACE,CE,Towers with Radar,141,98,67,2,308,0,7,19,2,28,141,105,86,4,336,14,0,14,350
10/22/2011,OMA,NE,ACE,CE,Towers with Radar,95,53,21,0,169,0,4,34,0,38,95,57,55,0,207,36,2,38,245
10/23/2011,OMA,NE,ACE,CE,Towers with Radar,111,68,33,0,212,0,5,16,0,21,111,73,49,0,233,22,0,22,255
10/24/2011,OMA,NE,ACE,CE,Towers with Radar,134,77,59,0,270,0,0,26,0,26,134,77,85,0,296,26,0,26,322
10/25/2011,OMA,NE,ACE,CE,Towers with Radar,130,87,69,2,288,0,12,16,0,28,130,99,85,2,316,16,4,20,336
10/26/2011,OMA,NE,ACE,CE,Towers with Radar,131,98,50,2,281,0,4,16,0,20,131,102,66,2,301,10,2,12,313
10/27/2011,OMA,NE,ACE,CE,Towers with Radar,139,90,60,3,292,0,8,22,3,33,139,98,82,6,325,16,2,18,343
10/28/2011,OMA,NE,ACE,CE,Towers with Radar,137,96,75,0,308,0,8,31,0,39,137,104,106,0,347,30,0,30,377
10/29/2011,OMA,NE,ACE,CE,Towers with Radar,96,45,24,0,165,0,4,26,0,30,96,49,50,0,195,28,0,28,223
10/30/2011,OMA,NE,ACE,CE,Towers with Radar,113,51,20,0,184,0,6,32,0,38,113,57,52,0,222,20,0,20,242
10/31/2011,OMA,NE,ACE,CE,Towers with Radar,124,67,43,3,237,0,6,16,0,22,124,73,59,3,259,12,4,16,275
11/01/2011,OMA,NE,ACE,CE,Towers with Radar,126,92,39,4,261,0,4,19,0,23,126,96,58,4,284,14,2,16,300
11/02/2011,OMA,NE,ACE,CE,Towers with Radar,128,96,39,0,263,0,1,0,2,3,128,97,39,2,266,0,0,0,266
11/03/2011,OMA,NE,ACE,CE,Towers with Radar,139,90,67,2,298,0,2,11,0,13,139,92,78,2,311,4,0,4,315
11/04/2011,OMA,NE,ACE,CE,Towers with Radar,140,90,47,0,277,0,10,21,0,31,140,100,68,0,308,20,0,20,328
11/05/2011,OMA,NE,ACE,CE,Towers with Radar,98,47,22,0,167,0,14,8,0,22,98,61,30,0,189,22,0,22,211
11/06/2011,OMA,NE,ACE,CE,Towers with Radar,115,52,27,0,194,0,9,18,0,27,115,61,45,0,221,8,0,8,229
11/07/2011,OMA,NE,ACE,CE,Towers with Radar,133,65,46,0,244,0,6,9,0,15,133,71,55,0,259,8,0,8,267
11/08/2011,OMA,NE,ACE,CE,Towers with Radar,119,68,32,1,220,0,3,5,0,8,119,71,37,1,228,4,0,4,232
11/09/2011,OMA,NE,ACE,CE,Towers with Radar,138,78,56,0,272,0,9,9,1,19,138,87,65,1,291,16,0,16,307
11/10/2011,OMA,NE,ACE,CE,Towers with Radar,140,78,64,0,282,0,9,19,0,28,140,87,83,0,310,6,0,6,316
11/11/2011,OMA,NE,ACE,CE,Towers with Radar,135,86,79,0,300,0,8,17,0,25,135,94,96,0,325,40,0,40,365
11/12/2011,OMA,NE,ACE,CE,Towers with Radar,83,50,28,0,161,0,11,14,0,25,83,61,42,0,186,10,0,10,196
11/13/2011,OMA,NE,ACE,CE,Towers with Radar,114,52,26,0,192,0,10,12,0,22,114,62,38,0,214,2,0,2,216
11/14/2011,OMA,NE,ACE,CE,Towers with Radar,133,85,42,2,262,0,4,9,0,13,133,89,51,2,275,6,0,6,281
11/15/2011,OMA,NE,ACE,CE,Towers with Radar,131,79,67,4,281,0,8,23,0,31,131,87,90,4,312,42,0,42,354
11/16/2011,OMA,NE,ACE,CE,Towers with Radar,137,83,66,7,293,0,9,20,2,31,137,92,86,9,324,42,4,46,370
11/17/2011,OMA,NE,ACE,CE,Towers with Radar,144,92,64,1,301,0,12,23,1,36,144,104,87,2,337,42,0,42,379
11/18/2011,OMA,NE,ACE,CE,Towers with Radar,140,85,68,5,298,0,11,16,1,28,140,96,84,6,326,8,2,10,336
11/19/2011,OMA,NE,ACE,CE,Towers with Radar,88,53,22,0,163,0,2,1,0,3,88,55,23,0,166,2,0,2,168
11/20/2011,OMA,NE,ACE,CE,Towers with Radar,108,46,13,0,167,0,6,11,0,17,108,52,24,0,184,0,0,0,184
11/21/2011,OMA,NE,ACE,CE,Towers with Radar,120,59,49,0,228,0,5,6,0,11,120,64,55,0,239,16,0,16,255
11/22/2011,OMA,NE,ACE,CE,Towers with Radar,139,86,53,4,282,0,0,4,0,4,139,86,57,4,286,10,6,16,302
11/23/2011,OMA,NE,ACE,CE,Towers with Radar,152,87,45,0,284,0,1,9,0,10,152,88,54,0,294,22,0,22,316
11/24/2011,OMA,NE,ACE,CE,Towers with Radar,71,34,9,0,114,0,4,11,0,15,71,38,20,0,129,0,0,0,129
11/25/2011,OMA,NE,ACE,CE,Towers with Radar,90,52,14,0,156,0,5,3,0,8,90,57,17,0,164,8,0,8,172
11/26/2011,OMA,NE,ACE,CE,Towers with Radar,103,67,16,2,188,0,5,2,0,7,103,72,18,2,195,0,0,0,195
11/27/2011,OMA,NE,ACE,CE,Towers with Radar,135,55,44,0,234,0,3,21,0,24,135,58,65,0,258,16,0,16,274
11/28/2011,OMA,NE,ACE,CE,Towers with Radar,137,75,55,10,277,0,2,29,0,31,137,77,84,10,308,56,10,66,374
11/29/2011,OMA,NE,ACE,CE,Towers with Radar,129,79,51,3,262,0,10,20,0,30,129,89,71,3,292,4,2,6,298
11/30/2011,OMA,NE,ACE,CE,Towers with Radar,131,91,55,0,277,0,5,23,0,28,131,96,78,0,305,12,10,22,327
12/01/2011,OMA,NE,ACE,CE,Towers with Radar,131,89,58,4,282,0,10,6,0,16,131,99,64,4,298,0,2,2,300
12/02/2011,OMA,NE,ACE,CE,Towers with Radar,125,81,66,4,276,0,5,15,0,20,125,86,81,4,296,6,2,8,304
12/03/2011,OMA,NE,ACE,CE,Towers with Radar,77,42,5,0,124,0,0,0,0,0,77,42,5,0,124,0,0,0,124
12/04/2011,OMA,NE,ACE,CE,Towers with Radar,100,53,20,2,175,0,10,6,0,16,100,63,26,2,191,12,0,12,203
12/05/2011,OMA,NE,ACE,CE,Towers with Radar,124,66,51,5,246,0,5,2,0,7,124,71,53,5,253,2,0,2,255
12/06/2011,OMA,NE,ACE,CE,Towers with Radar,129,83,57,0,269,0,6,15,0,21,129,89,72,0,290,34,4,38,328
12/07/2011,OMA,NE,ACE,CE,Towers with Radar,130,90,52,0,272,0,16,16,0,32,130,106,68,0,304,28,0,28,332
12/08/2011,OMA,NE,ACE,CE,Towers with Radar,133,79,55,0,267,0,0,5,0,5,133,79,60,0,272,2,0,2,274
12/09/2011,OMA,NE,ACE,CE,Towers with Radar,126,91,66,0,283,0,6,7,0,13,126,97,73,0,296,34,0,34,330
12/10/2011,OMA,NE,ACE,CE,Towers with Radar,79,47,25,0,151,0,4,13,0,17,79,51,38,0,168,12,0,12,180
12/11/2011,OMA,NE,ACE,CE,Towers with Radar,103,52,22,0,177,0,0,2,0,2,103,52,24,0,179,2,0,2,181
12/12/2011,OMA,NE,ACE,CE,Towers with Radar,123,75,67,0,265,0,3,7,0,10,123,78,74,0,275,0,0,0,275
12/13/2011,OMA,NE,ACE,CE,Towers with Radar,128,93,56,0,277,0,0,0,0,0,128,93,56,0,277,6,0,6,283
12/14/2011,OMA,NE,ACE,CE,Towers with Radar,126,81,57,0,264,0,0,0,0,0,126,81,57,0,264,0,0,0,264
12/15/2011,OMA,NE,ACE,CE,Towers with Radar,128,92,70,7,297,0,10,21,0,31,128,102,91,7,328,6,8,14,342
12/16/2011,OMA,NE,ACE,CE,Towers with Radar,125,90,64,2,281,0,5,29,0,34,125,95,93,2,315,10,0,10,325
12/17/2011,OMA,NE,ACE,CE,Towers with Radar,94,51,27,1,173,0,8,29,3,40,94,59,56,4,213,34,4,38,251
12/18/2011,OMA,NE,ACE,CE,Towers with Radar,112,51,21,0,184,0,8,18,0,26,112,59,39,0,210,6,0,6,216
12/19/2011,OMA,NE,ACE,CE,Towers with Radar,123,73,55,0,251,0,12,5,0,17,123,85,60,0,268,20,0,20,288
12/20/2011,OMA,NE,ACE,CE,Towers with Radar,135,96,47,0,278,0,10,9,0,19,135,106,56,0,297,6,0,6,303
12/21/2011,OMA,NE,ACE,CE,Towers with Radar,136,90,69,15,310,0,7,32,0,39,136,97,101,15,349,58,14,72,421
12/22/2011,OMA,NE,ACE,CE,Towers with Radar,135,95,47,10,287,0,7,12,0,19,135,102,59,10,306,6,12,18,324
12/23/2011,OMA,NE,ACE,CE,Towers with Radar,134,92,27,0,253,0,12,18,0,30,134,104,45,0,283,14,0,14,297
12/24/2011,OMA,NE,ACE,CE,Towers with Radar,80,50,11,0,141,0,12,16,0,28,80,62,27,0,169,8,0,8,177
12/25/2011,OMA,NE,ACE,CE,Towers with Radar,68,42,2,0,112,0,6,1,0,7,68,48,3,0,119,0,0,0,119
12/26/2011,OMA,NE,ACE,CE,Towers with Radar,112,58,26,0,196,0,6,13,0,19,112,64,39,0,215,6,0,6,221
12/27/2011,OMA,NE,ACE,CE,Towers with Radar,130,83,33,1,247,0,6,10,0,16,130,89,43,1,263,2,2,4,267
12/28/2011,OMA,NE,ACE,CE,Towers with Radar,131,95,31,0,257,0,5,21,0,26,131,100,52,0,283,44,0,44,327
12/29/2011,OMA,NE,ACE,CE,Towers with Radar,129,90,30,0,249,0,5,20,0,25,129,95,50,0,274,18,0,18,292
12/30/2011,OMA,NE,ACE,CE,Towers with Radar,128,82,20,0,230,0,5,14,0,19,128,87,34,0,249,4,0,4,253
12/31/2011,OMA,NE,ACE,CE,Towers with Radar,94,37,14,0,145,0,5,9,0,14,94,42,23,0,159,8,0,8,167
01/01/2012,OMA,NE,ACE,CE,Towers with Radar,85,45,11,0,141,0,8,3,0,11,85,53,14,0,152,0,0,0,152
01/02/2012,OMA,NE,ACE,CE,Towers with Radar,115,54,33,2,204,0,7,15,0,22,115,61,48,2,226,24,0,24,250
01/03/2012,OMA,NE,ACE,CE,Towers with Radar,122,90,47,0,259,0,7,16,0,23,122,97,63,0,282,12,0,12,294
01/04/2012,OMA,NE,ACE,CE,Towers with Radar,119,83,34,0,236,0,12,13,0,25,119,95,47,0,261,12,2,14,275
01/05/2012,OMA,NE,ACE,CE,Towers with Radar,119,84,38,0,241,0,5,19,0,24,119,89,57,0,265,4,0,4,269
01/06/2012,OMA,NE,ACE,CE,Towers with Radar,119,99,57,2,277,0,6,23,0,29,119,105,80,2,306,4,0,4,310
01/07/2012,OMA,NE,ACE,CE,Towers with Radar,75,48,12,2,137,0,11,23,0,34,75,59,35,2,171,34,0,34,205
01/08/2012,OMA,NE,ACE,CE,Towers with Radar,98,59,13,0,170,0,6,14,5,25,98,65,27,5,195,10,10,20,215
01/09/2012,OMA,NE,ACE,CE,Towers with Radar,113,74,38,3,228,0,8,13,0,21,113,82,51,3,249,14,0,14,263
01/10/2012,OMA,NE,ACE,CE,Towers with Radar,103,96,62,2,263,0,10,16,0,26,103,106,78,2,289,36,0,36,325
01/11/2012,OMA,NE,ACE,CE,Towers with Radar,109,97,49,0,255,0,5,0,0,5,109,102,49,0,260,0,0,0,260
01/12/2012,OMA,NE,ACE,CE,Towers with Radar,121,94,61,6,282,0,7,3,0,10,121,101,64,6,292,4,4,8,300
01/13/2012,OMA,NE,ACE,CE,Towers with Radar,116,81,42,2,241,0,7,15,3,25,116,88,57,5,266,16,0,16,282
01/14/2012,OMA,NE,ACE,CE,Towers with Radar,76,41,33,0,150,0,6,20,0,26,76,47,53,0,176,18,2,20,196
01/15/2012,OMA,NE,ACE,CE,Towers with Radar,95,51,23,0,169,0,7,13,0,20,95,58,36,0,189,12,0,12,201
01/16/2012,OMA,NE,ACE,CE,Towers with Radar,110,66,60,0,236,0,9,13,0,22,110,75,73,0,258,4,0,4,262
01/17/2012,OMA,NE,ACE,CE,Towers with Radar,103,88,44,2,237,0,8,10,0,18,103,96,54,2,255,8,0,8,263
01/18/2012,OMA,NE,ACE,CE,Towers with Radar,108,95,43,0,246,0,4,15,0,19,108,99,58,0,265,14,0,14,279
01/19/2012,OMA,NE,ACE,CE,Towers with Radar,122,97,60,0,279,0,7,14,0,21,122,104,74,0,300,22,0,22,322
01/20/2012,OMA,NE,ACE,CE,Towers with Radar,109,75,50,1,235,0,7,15,1,23,109,82,65,2,258,12,0,12,270
01/21/2012,OMA,NE,ACE,CE,Towers with Radar,74,34,19,0,127,0,11,3,0,14,74,45,22,0,141,18,0,18,159
01/22/2012,OMA,NE,ACE,CE,Towers with Radar,94,50,21,0,165,0,0,0,0,0,94,50,21,0,165,2,0,2,167
01/23/2012,OMA,NE,ACE,CE,Towers with Radar,112,79,27,2,220,0,5,5,0,10,112,84,32,2,230,6,0,6,236
01/24/2012,OMA,NE,ACE,CE,Towers with Radar,98,103,62,4,267,0,7,22,0,29,98,110,84,4,296,20,4,24,320
01/25/2012,OMA,NE,ACE,CE,Towers with Radar,109,97,60,6,272,0,7,22,0,29,109,104,82,6,301,20,0,20,321
01/26/2012,OMA,NE,ACE,CE,Towers with Radar,118,101,68,12,299,0,6,17,0,23,118,107,85,12,322,18,20,38,360
01/27/2012,OMA,NE,ACE,CE,Towers with Radar,119,98,52,4,273,0,3,8,0,11,119,101,60,4,284,12,0,12,296
01/28/2012,OMA,NE,ACE,CE,Towers with Radar,75,54,20,0,149,0,12,15,1,28,75,66,35,1,177,8,0,8,185
01/29/2012,OMA,NE,ACE,CE,Towers with Radar,97,57,19,0,173,0,5,31,2,38,97,62,50,2,211,44,0,44,255
01/30/2012,OMA,NE,ACE,CE,Towers with Radar,111,80,49,0,240,0,9,30,0,39,111,89,79,0,279,10,0,10,289
01/31/2012,OMA,NE,ACE,CE,Towers with Radar,103,105,53,8,269,0,9,28,1,38,103,114,81,9,307,38,4,42,349
02/01/2012,OMA,NE,ACE,CE,Towers with Radar,111,103,43,5,262,0,7,26,3,36,111,110,69,8,298,16,14,30,328
02/02/2012,OMA,NE,ACE,CE,Towers with Radar,117,92,66,11,286,0,20,21,0,41,117,112,87,11,327,10,14,24,351
02/03/2012,OMA,NE,ACE,CE,Towers with Radar,112,89,51,0,252,0,7,0,2,9,112,96,51,2,261,2,0,2,263
02/04/2012,OMA,NE,ACE,CE,Towers with Radar,67,32,8,0,107,0,1,0,0,1,67,33,8,0,108,0,0,0,108
02/05/2012,OMA,NE,ACE,CE,Towers with Radar,97,52,15,0,164,0,0,0,0,0,97,52,15,0,164,4,0,4,168
02/06/2012,OMA,NE,ACE,CE,Towers with Radar,108,84,65,0,257,0,2,6,0,8,108,86,71,0,265,6,0,6,271
02/07/2012,OMA,NE,ACE,CE,Towers with Radar,104,86,64,0,254,0,3,2,0,5,104,89,66,0,259,0,0,0,259
02/08/2012,OMA,NE,ACE,CE,Towers with Radar,108,94,59,2,263,0,8,3,1,12,108,102,62,3,275,0,0,0,275
02/09/2012,OMA,NE,ACE,CE,Towers with Radar,118,87,49,2,256,0,5,11,0,16,118,92,60,2,272,10,0,10,282
02/10/2012,OMA,NE,ACE,CE,Towers with Radar,116,89,66,4,275,0,12,8,0,20,116,101,74,4,295,6,0,6,301
02/11/2012,OMA,NE,ACE,CE,Towers with Radar,80,43,18,4,145,0,6,7,0,13,80,49,25,4,158,22,2,24,182
02/12/2012,OMA,NE,ACE,CE,Towers with Radar,98,56,27,2,183,0,10,12,0,22,98,66,39,2,205,6,0,6,211
02/13/2012,OMA,NE,ACE,CE,Towers with Radar,118,94,43,0,255,0,1,0,0,1,118,95,43,0,256,6,0,6,262
02/14/2012,OMA,NE,ACE,CE,Towers with Radar,104,104,45,2,255,0,8,10,0,18,104,112,55,2,273,22,0,22,295
02/15/2012,OMA,NE,ACE,CE,Towers with Radar,114,104,57,10,285,0,3,2,0,5,114,107,59,10,290,2,4,6,296
02/16/2012,OMA,NE,ACE,CE,Towers with Radar,118,104,60,4,286,0,10,20,2,32,118,114,80,6,318,10,8,18,336
02/17/2012,OMA,NE,ACE,CE,Towers with Radar,121,96,56,10,283,0,4,17,1,22,121,100,73,11,305,16,0,16,321
02/18/2012,OMA,NE,ACE,CE,Towers with Radar,83,52,21,9,165,0,9,18,0,27,83,61,39,9,192,4,8,12,204
02/19/2012,OMA,NE,ACE,CE,Towers with Radar,93,63,19,3,178,0,9,18,0,27,93,72,37,3,205,10,0,10,215
02/20/2012,OMA,NE,ACE,CE,Towers with Radar,113,91,32,0,236,0,2,0,0,2,113,93,32,0,238,0,0,0,238
02/21/2012,OMA,NE,ACE,CE,Towers with Radar,121,102,30,1,254,0,8,9,0,17,121,110,39,1,271,10,0,10,281
02/22/2012,OMA,NE,ACE,CE,Towers with Radar,121,98,45,7,271,0,10,15,1,26,121,108,60,8,297,18,6,24,321
02/23/2012,OMA,NE,ACE,CE,Towers with Radar,120,98,44,0,262,0,2,5,0,7,120,100,49,0,269,0,0,0,269
02/24/2012,OMA,NE,ACE,CE,Towers with Radar,118,100,48,28,294,0,6,6,0,12,118,106,54,28,306,2,30,32,338
02/25/2012,OMA,NE,ACE,CE,Towers with Radar,87,54,25,8,174,0,8,34,1,43,87,62,59,9,217,18,2,20,237
02/26/2012,OMA,NE,ACE,CE,Towers with Radar,95,62,27,0,184,0,10,16,0,26,95,72,43,0,210,20,0,20,230
02/27/2012,OMA,NE,ACE,CE,Towers with Radar,114,84,53,1,252,0,14,23,1,38,114,98,76,2,290,26,0,26,316
02/28/2012,OMA,NE,ACE,CE,Towers with Radar,120,93,51,6,270,0,2,2,0,4,120,95,53,6,274,0,8,8,282
02/29/2012,OMA,NE,ACE,CE,Towers with Radar,117,99,55,0,271,0,1,2,0,3,117,100,57,0,274,8,0,8,282
03/01/2012,OMA,NE,ACE,CE,Towers with Radar,122,98,74,11,305,0,6,40,0,46,122,104,114,11,351,42,8,50,401
03/02/2012,OMA,NE,ACE,CE,Towers with Radar,122,95,40,16,273,0,5,9,0,14,122,100,49,16,287,10,16,26,313
03/03/2012,OMA,NE,ACE,CE,Towers with Radar,86,54,21,8,169,0,5,15,0,20,86,59,36,8,189,4,6,10,199
03/04/2012,OMA,NE,ACE,CE,Towers with Radar,109,58,26,3,196,0,3,10,0,13,109,61,36,3,209,4,0,4,213
03/05/2012,OMA,NE,ACE,CE,Towers with Radar,125,84,40,0,249,0,7,11,0,18,125,91,51,0,267,14,0,14,281
03/06/2012,OMA,NE,ACE,CE,Towers with Radar,124,86,35,0,245,0,6,15,0,21,124,92,50,0,266,0,0,0,266
03/07/2012,OMA,NE,ACE,CE,Towers with Radar,128,89,64,5,286,0,3,11,1,15,128,92,75,6,301,2,0,2,303
03/08/2012,OMA,NE,ACE,CE,Towers with Radar,133,91,56,2,282,0,4,40,0,44,133,95,96,2,326,42,0,42,368
03/09/2012,OMA,NE,ACE,CE,Towers with Radar,127,102,79,20,328,0,10,21,1,32,127,112,100,21,360,20,14,34,394
03/10/2012,OMA,NE,ACE,CE,Towers with Radar,100,39,31,2,172,0,10,12,0,22,100,49,43,2,194,6,0,6,200
03/11/2012,OMA,NE,ACE,CE,Towers with Radar,113,57,27,0,197,0,4,1,0,5,113,61,28,0,202,14,0,14,216
03/12/2012,OMA,NE,ACE,CE,Towers with Radar,126,75,53,8,262,0,11,17,0,28,126,86,70,8,290,34,6,40,330
03/13/2012,OMA,NE,ACE,CE,Towers with Radar,130,86,59,2,277,0,5,12,0,17,130,91,71,2,294,16,0,16,310
03/14/2012,OMA,NE,ACE,CE,Towers with Radar,147,95,67,21,330,0,7,23,1,31,147,102,90,22,361,46,16,62,423
03/15/2012,OMA,NE,ACE,CE,Towers with Radar,134,107,67,0,308,0,4,9,0,13,134,111,76,0,321,4,0,4,325
03/16/2012,OMA,NE,ACE,CE,Towers with Radar,135,102,76,2,315,0,9,11,0,20,135,111,87,2,335,6,2,8,343
03/17/2012,OMA,NE,ACE,CE,Towers with Radar,100,52,28,0,180,0,6,9,0,15,100,58,37,0,195,6,0,6,201
03/18/2012,OMA,NE,ACE,CE,Towers with Radar,111,65,49,2,227,0,10,2,0,12,111,75,51,2,239,10,0,10,249
03/19/2012,OMA,NE,ACE,CE,Towers with Radar,128,85,50,0,263,0,3,2,0,5,128,88,52,0,268,2,0,2,270
03/20/2012,OMA,NE,ACE,CE,Towers with Radar,129,79,59,0,267,0,6,1,0,7,129,85,60,0,274,0,0,0,274
03/21/2012,OMA,NE,ACE,CE,Towers with Radar,130,96,72,2,300,0,0,0,0,0,130,96,72,2,300,28,4,32,332
03/22/2012,OMA,NE,ACE,CE,Towers with Radar,133,101,66,7,307,0,7,10,2,19,133,108,76,9,326,40,8,48,374
03/23/2012,OMA,NE,ACE,CE,Towers with Radar,129,90,46,9,274,0,5,16,0,21,129,95,62,9,295,14,12,26,321
03/24/2012,OMA,NE,ACE,CE,Towers with Radar,97,47,17,21,182,0,8,34,2,44,97,55,51,23,226,22,30,52,278
03/25/2012,OMA,NE,ACE,CE,Towers with Radar,119,50,30,1,200,0,6,19,0,25,119,56,49,1,225,10,0,10,235
03/26/2012,OMA,NE,ACE,CE,Towers with Radar,128,77,35,10,250,0,9,6,0,15,128,86,41,10,265,10,12,22,287
03/27/2012,OMA,NE,ACE,CE,Towers with Radar,135,89,49,4,277,0,9,22,1,32,135,98,71,5,309,20,0,20,329
03/28/2012,OMA,NE,ACE,CE,Towers with Radar,138,106,45,2,291,0,12,26,2,40,138,118,71,4,331,16,0,16,347
03/29/2012,OMA,NE,ACE,CE,Towers with Radar,137,97,51,0,285,0,6,2,0,8,137,103,53,0,293,2,0,2,295
03/30/2012,OMA,NE,ACE,CE,Towers with Radar,132,105,62,3,302,0,12,19,0,31,132,117,81,3,333,12,0,12,345
03/31/2012,OMA,NE,ACE,CE,Towers with Radar,96,56,25,14,191,0,30,24,0,54,96,86,49,14,245,34,0,34,279
04/01/2012,OMA,NE,ACE,CE,Towers with Radar,111,64,32,2,209,0,11,19,0,30,111,75,51,2,239,0,0,0,239
04/02/2012,OMA,NE,ACE,CE,Towers with Radar,124,81,44,1,250,0,12,19,0,31,124,93,63,1,281,22,0,22,303
04/03/2012,OMA,NE,ACE,CE,Towers with Radar,118,91,48,2,259,0,6,9,0,15,118,97,57,2,274,18,0,18,292
04/04/2012,OMA,NE,ACE,CE,Towers with Radar,127,100,75,2,304,0,3,21,0,24,127,103,96,2,328,12,0,12,340
04/05/2012,OMA,NE,ACE,CE,Towers with Radar,130,95,61,3,289,0,14,24,0,38,130,109,85,3,327,16,0,16,343
04/06/2012,OMA,NE,ACE,CE,Towers with Radar,125,101,36,7,269,0,5,10,1,16,125,106,46,8,285,18,0,18,303
04/07/2012,OMA,NE,ACE,CE,Towers with Radar,85,49,17,0,151,0,9,7,1,17,85,58,24,1,168,2,0,2,170
04/08/2012,OMA,NE,ACE,CE,Towers with Radar,99,58,14,0,171,0,8,13,1,22,99,66,27,1,193,0,0,0,193
04/09/2012,OMA,NE,ACE,CE,Towers with Radar,127,94,56,4,281,0,10,13,0,23,127,104,69,4,304,8,2,10,314
04/10/2012,OMA,NE,ACE,CE,Towers with Radar,131,93,50,3,277,0,8,21,4,33,131,101,71,7,310,10,0,10,320
04/11/2012,OMA,NE,ACE,CE,Towers with Radar,134,98,59,2,293,0,10,17,1,28,134,108,76,3,321,14,0,14,335
04/12/2012,OMA,NE,ACE,CE,Towers with Radar,132,100,62,0,294,0,7,9,0,16,132,107,71,0,310,0,0,0,310
04/13/2012,OMA,NE,ACE,CE,Towers with Radar,130,102,57,0,289,0,7,3,0,10,130,109,60,0,299,0,0,0,299
04/14/2012,OMA,NE,ACE,CE,Towers with Radar,89,54,13,0,156,0,0,0,0,0,89,54,13,0,156,6,0,6,162
04/15/2012,OMA,NE,ACE,CE,Towers with Radar,119,65,29,0,213,0,7,5,0,12,119,72,34,0,225,16,0,16,241
04/16/2012,OMA,NE,ACE,CE,Towers with Radar,135,91,31,2,259,0,12,13,0,25,135,103,44,2,284,12,2,14,298
04/17/2012,OMA,NE,ACE,CE,Towers with Radar,128,99,62,5,294,0,18,15,3,36,128,117,77,8,330,16,2,18,348
04/18/2012,OMA,NE,ACE,CE,Towers with Radar,138,99,71,0,308,0,13,24,0,37,138,112,95,0,345,12,0,12,357
04/19/2012,OMA,NE,ACE,CE,Towers with Radar,135,102,53,0,290,0,2,0,0,2,135,104,53,0,292,0,0,0,292
04/20/2012,OMA,NE,ACE,CE,Towers with Radar,132,101,54,13,300,0,10,26,0,36,132,111,80,13,336,6,10,16,352
04/21/2012,OMA,NE,ACE,CE,Towers with Radar,95,44,20,1,160,0,10,15,2,27,95,54,35,3,187,26,0,26,213
04/22/2012,OMA,NE,ACE,CE,Towers with Radar,118,59,39,0,216,0,3,13,0,16,118,62,52,0,232,8,0,8,240
04/23/2012,OMA,NE,ACE,CE,Towers with Radar,133,74,47,0,254,0,7,20,0,27,133,81,67,0,281,16,0,16,297
04/24/2012,OMA,NE,ACE,CE,Towers with Radar,127,119,66,4,316,0,16,20,0,36,127,135,86,4,352,30,0,30,382
04/25/2012,OMA,NE,ACE,CE,Towers with Radar,134,97,68,4,303,0,5,26,0,31,134,102,94,4,334,26,6,32,366
04/26/2012,OMA,NE,ACE,CE,Towers with Radar,133,100,60,2,295,0,7,17,0,24,133,107,77,2,319,24,0,24,343
04/27/2012,OMA,NE,ACE,CE,Towers with Radar,131,93,69,1,294,0,3,4,0,7,131,96,73,1,301,0,0,0,301
04/28/2012,OMA,NE,ACE,CE,Towers with Radar,96,47,37,1,181,0,10,10,0,20,96,57,47,1,201,14,0,14,215
04/29/2012,OMA,NE,ACE,CE,Towers with Radar,118,53,29,0,200,0,0,0,0,0,118,53,29,0,200,4,0,4,204
04/30/2012,OMA,NE,ACE,CE,Towers with Radar,125,88,56,0,269,0,6,17,0,23,125,94,73,0,292,14,0,14,306
05/01/2012,OMA,NE,ACE,CE,Towers with Radar,126,95,57,2,280,0,7,4,0,11,126,102,61,2,291,0,0,0,291
05/02/2012,OMA,NE,ACE,CE,Towers with Radar,135,93,81,5,314,0,8,12,1,21,135,101,93,6,335,4,0,4,339
05/03/2012,OMA,NE,ACE,CE,Towers with Radar,130,130,71,10,341,0,13,18,0,31,130,143,89,10,372,12,6,18,390
05/04/2012,OMA,NE,ACE,CE,Towers with Radar,141,161,183,0,485,0,7,7,0,14,141,168,190,0,499,4,0,4,503
05/05/2012,OMA,NE,ACE,CE,Towers with Radar,97,107,113,1,318,0,23,10,0,33,97,130,123,1,351,10,0,10,361
05/06/2012,OMA,NE,ACE,CE,Towers with Radar,120,110,76,1,307,0,9,7,0,16,120,119,83,1,323,10,0,10,333
05/07/2012,OMA,NE,ACE,CE,Towers with Radar,135,120,53,2,310,0,12,32,0,44,135,132,85,2,354,52,0,52,406
05/08/2012,OMA,NE,ACE,CE,Towers with Radar,127,109,60,8,304,0,10,16,1,27,127,119,76,9,331,26,10,36,367
05/09/2012,OMA,NE,ACE,CE,Towers with Radar,137,91,63,1,292,0,7,29,1,37,137,98,92,2,329,20,0,20,349
05/10/2012,OMA,NE,ACE,CE,Towers with Radar,137,104,94,3,338,0,6,12,1,19,137,110,106,4,357,14,12,26,383
05/11/2012,OMA,NE,ACE,CE,Towers with Radar,141,93,56,3,293,0,5,19,5,29,141,98,75,8,322,6,10,16,338
05/12/2012,OMA,NE,ACE,CE,Towers with Radar,91,51,18,0,160,0,5,21,0,26,91,56,39,0,186,4,0,4,190
05/13/2012,OMA,NE,ACE,CE,Towers with Radar,120,56,28,4,208,0,12,23,1,36,120,68,51,5,244,24,4,28,272
05/14/2012,OMA,NE,ACE,CE,Towers with Radar,133,82,56,22,293,0,7,28,0,35,133,89,84,22,328,42,8,50,378
05/15/2012,OMA,NE,ACE,CE,Towers with Radar,126,96,62,5,289,0,7,21,1,29,126,103,83,6,318,14,0,14,332
05/16/2012,OMA,NE,ACE,CE,Towers with Radar,135,93,70,0,298,0,11,18,0,29,135,104,88,0,327,14,0,14,341
05/17/2012,OMA,NE,ACE,CE,Towers with Radar,140,88,73,2,303,0,4,20,0,24,140,92,93,2,327,0,0,0,327
05/18/2012,OMA,NE,ACE,CE,Towers with Radar,139,93,54,17,303,0,10,15,1,26,139,103,69,18,329,8,8,16,345
05/19/2012,OMA,NE,ACE,CE,Towers with Radar,97,54,9,2,162,0,9,9,3,21,97,63,18,5,183,2,0,2,185
05/20/2012,OMA,NE,ACE,CE,Towers with Radar,118,53,37,16,224,0,5,7,0,12,118,58,44,16,236,30,20,50,286
05/21/2012,OMA,NE,ACE,CE,Towers with Radar,134,80,82,4,300,0,11,17,0,28,134,91,99,4,328,12,4,16,344
05/22/2012,OMA,NE,ACE,CE,Towers with Radar,129,93,48,6,276,0,2,13,0,15,129,95,61,6,291,16,2,18,309
05/23/2012,OMA,NE,ACE,CE,Towers with Radar,146,82,67,0,295,0,8,17,0,25,146,90,84,0,320,22,0,22,342
05/24/2012,OMA,NE,ACE,CE,Towers with Radar,141,90,71,2,304,0,4,7,0,11,141,94,78,2,315,2,0,2,317
05/25/2012,OMA,NE,ACE,CE,Towers with Radar,143,94,57,0,294,0,11,4,0,15,143,105,61,0,309,12,0,12,321
05/26/2012,OMA,NE,ACE,CE,Towers with Radar,88,46,14,0,148,0,8,6,0,14,88,54,20,0,162,2,0,2,164
05/27/2012,OMA,NE,ACE,CE,Towers with Radar,92,44,17,1,154,0,21,5,0,26,92,65,22,1,180,10,0,10,190
05/28/2012,OMA,NE,ACE,CE,Towers with Radar,119,63,29,0,211,0,4,12,2,18,119,67,41,2,229,4,0,4,233
05/29/2012,OMA,NE,ACE,CE,Towers with Radar,119,83,49,2,253,0,8,12,1,21,119,91,61,3,274,8,0,8,282
05/30/2012,OMA,NE,ACE,CE,Towers with Radar,140,89,78,0,307,0,7,14,0,21,140,96,92,0,328,8,0,8,336
05/31/2012,OMA,NE,ACE,CE,Towers with Radar,139,90,65,8,302,0,9,2,0,11,139,99,67,8,313,32,10,42,355
06/01/2012,OMA,NE,ACE,CE,Towers with Radar,138,77,43,3,261,0,9,11,0,20,138,86,54,3,281,4,0,4,285
06/02/2012,OMA,NE,ACE,CE,Towers with Radar,97,46,26,0,169,0,13,19,0,32,97,59,45,0,201,6,0,6,207
06/03/2012,OMA,NE,ACE,CE,Towers with Radar,112,51,28,5,196,0,12,10,0,22,112,63,38,5,218,4,2,6,224
06/04/2012,OMA,NE,ACE,CE,Towers with Radar,134,84,52,0,270,0,11,18,0,29,134,95,70,0,299,14,0,14,313
06/05/2012,OMA,NE,ACE,CE,Towers with Radar,129,94,56,0,279,0,11,8,0,19,129,105,64,0,298,16,0,16,314
06/06/2012,OMA,NE,ACE,CE,Towers with Radar,130,97,61,0,288,0,6,17,0,23,130,103,78,0,311,4,0,4,315
06/07/2012,OMA,NE,ACE,CE,Towers with Radar,139,104,56,0,299,0,5,8,0,13,139,109,64,0,312,0,0,0,312
06/08/2012,OMA,NE,ACE,CE,Towers with Radar,146,79,69,11,305,0,10,14,0,24,146,89,83,11,329,10,4,14,343
06/09/2012,OMA,NE,ACE,CE,Towers with Radar,107,51,15,5,178,0,13,22,3,38,107,64,37,8,216,18,16,34,250
06/10/2012,OMA,NE,ACE,CE,Towers with Radar,113,72,26,4,215,0,12,2,1,15,113,84,28,5,230,4,0,4,234
06/11/2012,OMA,NE,ACE,CE,Towers with Radar,132,81,55,1,269,0,6,9,0,15,132,87,64,1,284,4,0,4,288
06/12/2012,OMA,NE,ACE,CE,Towers with Radar,136,90,56,0,282,0,10,22,0,32,136,100,78,0,314,12,0,12,326
06/13/2012,OMA,NE,ACE,CE,Towers with Radar,152,96,47,1,296,0,4,16,0,20,152,100,63,1,316,6,0,6,322
06/14/2012,OMA,NE,ACE,CE,Towers with Radar,141,85,71,2,299,0,5,8,0,13,141,90,79,2,312,2,0,2,314
06/15/2012,OMA,NE,ACE,CE,Towers with Radar,145,100,58,1,304,0,5,8,0,13,145,105,66,1,317,0,0,0,317
06/16/2012,OMA,NE,ACE,CE,Towers with Radar,119,63,36,0,218,0,8,17,0,25,119,71,53,0,243,0,0,0,243
06/17/2012,OMA,NE,ACE,CE,Towers with Radar,117,74,33,1,225,0,5,14,0,19,117,79,47,1,244,0,0,0,244
06/18/2012,OMA,NE,ACE,CE,Towers with Radar,151,86,79,6,322,0,9,15,0,24,151,95,94,6,346,0,0,0,346
06/19/2012,OMA,NE,ACE,CE,Towers with Radar,141,93,76,4,314,0,8,15,0,23,141,101,91,4,337,8,0,8,345
06/20/2012,OMA,NE,ACE,CE,Towers with Radar,144,95,60,0,299,0,5,2,0,7,144,100,62,0,306,4,0,4,310
06/21/2012,OMA,NE,ACE,CE,Towers with Radar,142,109,91,3,345,0,10,32,1,43,142,119,123,4,388,14,0,14,402
06/22/2012,OMA,NE,ACE,CE,Towers with Radar,138,99,62,4,303,0,14,23,0,37,138,113,85,4,340,12,0,12,352
06/23/2012,OMA,NE,ACE,CE,Towers with Radar,111,53,34,3,201,0,13,11,0,24,111,66,45,3,225,10,0,10,235
06/24/2012,OMA,NE,ACE,CE,Towers with Radar,125,66,38,2,231,0,8,23,0,31,125,74,61,2,262,32,4,36,298
06/25/2012,OMA,NE,ACE,CE,Towers with Radar,132,92,57,1,282,0,6,9,1,16,132,98,66,2,298,14,0,14,312
06/26/2012,OMA,NE,ACE,CE,Towers with Radar,139,94,79,0,312,0,8,11,0,19,139,102,90,0,331,30,0,30,361
06/27/2012,OMA,NE,ACE,CE,Towers with Radar,134,93,66,0,293,0,2,9,0,11,134,95,75,0,304,10,0,10,314
06/28/2012,OMA,NE,ACE,CE,Towers with Radar,137,92,78,3,310,0,3,7,0,10,137,95,85,3,320,0,0,0,320
06/29/2012,OMA,NE,ACE,CE,Towers with Radar,144,93,61,12,310,0,9,12,2,23,144,102,73,14,333,0,0,0,333
06/30/2012,OMA,NE,ACE,CE,Towers with Radar,111,55,23,0,189,0,12,22,0,34,111,67,45,0,223,2,0,2,225
07/01/2012,OMA,NE,ACE,CE,Towers with Radar,112,72,33,0,217,0,10,6,0,16,112,82,39,0,233,0,0,0,233
07/02/2012,OMA,NE,ACE,CE,Towers with Radar,123,79,47,4,253,0,7,14,0,21,123,86,61,4,274,18,2,20,294
07/03/2012,OMA,NE,ACE,CE,Towers with Radar,118,94,52,2,266,0,10,11,0,21,118,104,63,2,287,2,0,2,289
07/04/2012,OMA,NE,ACE,CE,Towers with Radar,93,37,12,0,142,0,7,12,0,19,93,44,24,0,161,8,0,8,169
07/05/2012,OMA,NE,ACE,CE,Towers with Radar,121,74,34,0,229,0,4,20,0,24,121,78,54,0,253,10,0,10,263
07/06/2012,OMA,NE,ACE,CE,Towers with Radar,135,78,32,1,246,0,7,11,1,19,135,85,43,2,265,2,0,2,267
07/07/2012,OMA,NE,ACE,CE,Towers with Radar,98,61,28,18,205,0,13,18,0,31,98,74,46,18,236,14,22,36,272
07/08/2012,OMA,NE,ACE,CE,Towers with Radar,110,78,38,7,233,0,5,14,0,19,110,83,52,7,252,8,2,10,262
07/09/2012,OMA,NE,ACE,CE,Towers with Radar,132,71,54,11,268,0,7,19,0,26,132,78,73,11,294,4,0,4,298
07/10/2012,OMA,NE,ACE,CE,Towers with Radar,130,89,59,0,278,0,5,25,1,31,130,94,84,1,309,42,0,42,351
07/11/2012,OMA,NE,ACE,CE,Towers with Radar,134,95,62,4,295,0,7,21,3,31,134,102,83,7,326,32,0,32,358
07/12/2012,OMA,NE,ACE,CE,Towers with Radar,132,96,54,6,288,0,5,24,0,29,132,101,78,6,317,10,0,10,327
07/13/2012,OMA,NE,ACE,CE,Towers with Radar,134,83,62,8,287,0,5,18,2,25,134,88,80,10,312,14,8,22,334
07/14/2012,OMA,NE,ACE,CE,Towers with Radar,106,61,28,13,208,0,5,30,1,36,106,66,58,14,244,8,4,12,256
07/15/2012,OMA,NE,ACE,CE,Towers with Radar,107,66,35,14,222,0,15,14,1,30,107,81,49,15,252,8,8,16,268
07/16/2012,OMA,NE,ACE,CE,Towers with Radar,126,84,55,2,267,0,9,23,6,38,126,93,78,8,305,0,0,0,305
07/17/2012,OMA,NE,ACE,CE,Towers with Radar,133,84,56,2,275,0,6,16,0,22,133,90,72,2,297,4,0,4,301
07/18/2012,OMA,NE,ACE,CE,Towers with Radar,130,87,69,10,296,0,12,15,0,27,130,99,84,10,323,4,0,4,327
07/19/2012,OMA,NE,ACE,CE,Towers with Radar,128,104,64,3,299,0,2,13,1,16,128,106,77,4,315,6,2,8,323
07/20/2012,OMA,NE,ACE,CE,Towers with Radar,131,83,60,5,279,0,5,21,2,28,131,88,81,7,307,4,0,4,311
07/21/2012,OMA,NE,ACE,CE,Towers with Radar,98,69,27,16,210,0,11,17,0,28,98,80,44,16,238,8,12,20,258
07/22/2012,OMA,NE,ACE,CE,Towers with Radar,112,81,34,18,245,0,11,27,0,38,112,92,61,18,283,16,12,28,311
07/23/2012,OMA,NE,ACE,CE,Towers with Radar,125,86,46,8,265,0,4,11,1,16,125,90,57,9,281,10,6,16,297
07/24/2012,OMA,NE,ACE,CE,Towers with Radar,126,90,53,2,271,0,4,11,0,15,126,94,64,2,286,6,0,6,292
07/25/2012,OMA,NE,ACE,CE,Towers with Radar,134,103,73,0,310,0,6,11,0,17,134,109,84,0,327,2,0,2,329
07/26/2012,OMA,NE,ACE,CE,Towers with Radar,135,94,63,0,292,0,4,12,0,16,135,98,75,0,308,34,0,34,342
07/27/2012,OMA,NE,ACE,CE,Towers with Radar,125,78,42,0,245,0,10,14,1,25,125,88,56,1,270,10,0,10,280
07/28/2012,OMA,NE,ACE,CE,Towers with Radar,101,61,28,2,192,0,10,26,1,37,101,71,54,3,229,22,0,22,251
07/29/2012,OMA,NE,ACE,CE,Towers with Radar,106,71,21,4,202,0,4,12,0,16,106,75,33,4,218,2,2,4,222
07/30/2012,OMA,NE,ACE,CE,Towers with Radar,126,90,71,10,297,0,8,16,0,24,126,98,87,10,321,8,0,8,329
07/31/2012,OMA,NE,ACE,CE,Towers with Radar,134,88,53,4,279,0,11,23,0,34,134,99,76,4,313,16,4,20,333
08/01/2012,OMA,NE,ACE,CE,Towers with Radar,133,94,54,4,285,0,8,19,0,27,133,102,73,4,312,8,0,8,320
08/02/2012,OMA,NE,ACE,CE,Towers with Radar,127,98,55,4,284,0,18,16,0,34,127,116,71,4,318,34,0,34,352
08/03/2012,OMA,NE,ACE,CE,Towers with Radar,127,87,52,12,278,0,13,10,1,24,127,100,62,13,302,0,16,16,318
08/04/2012,OMA,NE,ACE,CE,Towers with Radar,104,60,27,2,193,0,17,13,3,33,104,77,40,5,226,24,0,24,250
08/05/2012,OMA,NE,ACE,CE,Towers with Radar,103,70,41,0,214,0,12,15,0,27,103,82,56,0,241,8,0,8,249
08/06/2012,OMA,NE,ACE,CE,Towers with Radar,123,82,60,9,274,0,8,12,0,20,123,90,72,9,294,24,2,26,320
08/07/2012,OMA,NE,ACE,CE,Towers with Radar,132,91,50,1,274,0,3,13,2,18,132,94,63,3,292,2,0,2,294
08/08/2012,OMA,NE,ACE,CE,Towers with Radar,129,100,73,7,309,0,11,18,6,35,129,111,91,13,344,6,0,6,350
08/09/2012,OMA,NE,ACE,CE,Towers with Radar,131,79,74,0,284,0,8,12,2,22,131,87,86,2,306,4,2,6,312
08/10/2012,OMA,NE,ACE,CE,Towers with Radar,126,95,68,8,297,0,4,28,1,33,126,99,96,9,330,14,10,24,354
08/11/2012,OMA,NE,ACE,CE,Towers with Radar,98,66,27,1,192,0,10,12,1,23,98,76,39,2,215,8,0,8,223
08/12/2012,OMA,NE,ACE,CE,Towers with Radar,106,83,33,2,224,0,10,8,2,20,106,93,41,4,244,10,0,10,254
08/13/2012,OMA,NE,ACE,CE,Towers with Radar,121,90,61,6,278,0,8,10,0,18,121,98,71,6,296,10,4,14,310
08/14/2012,OMA,NE,ACE,CE,Towers with Radar,123,93,67,5,288,0,6,11,0,17,123,99,78,5,305,14,2,16,321
08/15/2012,OMA,NE,ACE,CE,Towers with Radar,130,99,64,2,295,0,7,18,0,25,130,106,82,2,320,12,0,12,332
08/16/2012,OMA,NE,ACE,CE,Towers with Radar,129,88,60,2,279,0,4,11,0,15,129,92,71,2,294,18,0,18,312
08/17/2012,OMA,NE,ACE,CE,Towers with Radar,133,95,47,2,277,0,10,24,1,35,133,105,71,3,312,14,0,14,326
08/18/2012,OMA,NE,ACE,CE,Towers with Radar,95,51,19,0,165,0,10,7,0,17,95,61,26,0,182,0,0,0,182
08/19/2012,OMA,NE,ACE,CE,Towers with Radar,109,57,28,1,195,0,6,19,0,25,109,63,47,1,220,0,0,0,220
08/20/2012,OMA,NE,ACE,CE,Towers with Radar,121,74,62,6,263,0,6,24,0,30,121,80,86,6,293,6,6,12,305
08/21/2012,OMA,NE,ACE,CE,Towers with Radar,124,94,61,0,279,0,15,16,2,33,124,109,77,2,312,0,0,0,312
08/22/2012,OMA,NE,ACE,CE,Towers with Radar,135,99,71,3,308,0,5,9,6,20,135,104,80,9,328,6,0,6,334
08/23/2012,OMA,NE,ACE,CE,Towers with Radar,127,87,58,1,273,0,7,10,1,18,127,94,68,2,291,0,0,0,291
08/24/2012,OMA,NE,ACE,CE,Towers with Radar,132,98,56,18,304,0,6,3,0,9,132,104,59,18,313,12,20,32,345
08/25/2012,OMA,NE,ACE,CE,Towers with Radar,91,58,27,1,177,0,2,0,0,2,91,60,27,1,179,0,0,0,179
08/26/2012,OMA,NE,ACE,CE,Towers with Radar,113,55,20,2,190,0,10,4,0,14,113,65,24,2,204,0,0,0,204
08/27/2012,OMA,NE,ACE,CE,Towers with Radar,128,76,64,19,287,0,8,13,0,21,128,84,77,19,308,12,14,26,334
08/28/2012,OMA,NE,ACE,CE,Towers with Radar,122,92,64,6,284,0,6,17,3,26,122,98,81,9,310,8,0,8,318
08/29/2012,OMA,NE,ACE,CE,Towers with Radar,127,100,71,4,302,0,6,8,0,14,127,106,79,4,316,2,0,2,318
08/30/2012,OMA,NE,ACE,CE,Towers with Radar,129,89,55,7,280,0,7,10,3,20,129,96,65,10,300,7,4,11,311
08/31/2012,OMA,NE,ACE,CE,Towers with Radar,128,102,46,1,277,0,9,19,3,31,128,111,65,4,308,28,0,28,336
09/01/2012,OMA,NE,ACE,CE,Towers with Radar,89,36,15,1,141,0,6,17,0,23,89,42,32,1,164,14,0,14,178
09/02/2012,OMA,NE,ACE,CE,Towers with Radar,70,30,15,0,115,0,8,20,0,28,70,38,35,0,143,2,0,2,145
09/03/2012,OMA,NE,ACE,CE,Towers with Radar,113,56,32,9,210,0,5,6,0,11,113,61,38,9,221,6,0,6,227
09/04/2012,OMA,NE,ACE,CE,Towers with Radar,110,90,55,15,270,0,1,23,0,24,110,91,78,15,294,16,22,38,332
09/05/2012,OMA,NE,ACE,CE,Towers with Radar,118,106,68,2,294,0,8,33,2,43,118,114,101,4,337,36,0,36,373
09/06/2012,OMA,NE,ACE,CE,Towers with Radar,124,98,64,7,293,0,6,28,0,34,124,104,92,7,327,40,16,56,383
09/07/2012,OMA,NE,ACE,CE,Towers with Radar,119,102,66,16,303,0,10,8,0,18,119,112,74,16,321,10,4,14,335
09/08/2012,OMA,NE,ACE,CE,Towers with Radar,84,56,37,0,177,0,15,21,0,36,84,71,58,0,213,10,0,10,223
09/09/2012,OMA,NE,ACE,CE,Towers with Radar,105,57,29,1,192,0,10,19,0,29,105,67,48,1,221,12,0,12,233
09/10/2012,OMA,NE,ACE,CE,Towers with Radar,119,78,49,0,246,0,8,10,0,18,119,86,59,0,264,4,0,4,268
09/11/2012,OMA,NE,ACE,CE,Towers with Radar,114,87,59,6,266,0,8,8,1,17,114,95,67,7,283,0,0,0,283
09/12/2012,OMA,NE,ACE,CE,Towers with Radar,119,97,62,4,282,0,6,8,0,14,119,103,70,4,296,2,0,2,298
09/13/2012,OMA,NE,ACE,CE,Towers with Radar,123,84,86,12,305,0,5,21,0,26,123,89,107,12,331,22,10,32,363
09/14/2012,OMA,NE,ACE,CE,Towers with Radar,120,91,70,25,306,0,8,20,0,28,120,99,90,25,334,16,26,42,376
09/15/2012,OMA,NE,ACE,CE,Towers with Radar,87,40,23,0,150,0,7,11,2,20,87,47,34,2,170,14,0,14,184
09/16/2012,OMA,NE,ACE,CE,Towers with Radar,104,58,40,8,210,0,5,6,0,11,104,63,46,8,221,0,12,12,233
09/17/2012,OMA,NE,ACE,CE,Towers with Radar,118,73,59,0,250,0,3,5,0,8,118,76,64,0,258,12,0,12,270
09/18/2012,OMA,NE,ACE,CE,Towers with Radar,113,90,64,7,274,0,4,22,0,26,113,94,86,7,300,24,2,26,326
09/19/2012,OMA,NE,ACE,CE,Towers with Radar,118,87,74,1,280,0,14,10,1,25,118,101,84,2,305,8,0,8,313
09/20/2012,OMA,NE,ACE,CE,Towers with Radar,122,91,84,3,300,0,9,13,0,22,122,100,97,3,322,18,4,22,344
09/21/2012,OMA,NE,ACE,CE,Towers with Radar,118,100,62,6,286,0,5,30,0,35,118,105,92,6,321,6,2,8,329
09/22/2012,OMA,NE,ACE,CE,Towers with Radar,82,42,15,3,142,0,11,8,1,20,82,53,23,4,162,6,2,8,170
09/23/2012,OMA,NE,ACE,CE,Towers with Radar,104,68,36,6,214,0,1,20,0,21,104,69,56,6,235,8,4,12,247
09/24/2012,OMA,NE,ACE,CE,Towers with Radar,118,71,44,7,240,0,11,13,1,25,118,82,57,8,265,8,4,12,277
09/25/2012,OMA,NE,ACE,CE,Towers with Radar,117,78,55,0,250,0,16,17,0,33,117,94,72,0,283,28,0,28,311
09/26/2012,OMA,NE,ACE,CE,Towers with Radar,115,86,67,6,274,0,3,27,0,30,115,89,94,6,304,20,2,22,326
09/27/2012,OMA,NE,ACE,CE,Towers with Radar,128,104,73,8,313,0,12,20,2,34,128,116,93,10,347,10,4,14,361
09/28/2012,OMA,NE,ACE,CE,Towers with Radar,121,82,61,31,295,0,12,16,1,29,121,94,77,32,324,18,22,40,364
09/29/2012,OMA,NE,ACE,CE,Towers with Radar,84,40,25,0,149,0,11,14,0,25,84,51,39,0,174,6,0,6,180
09/30/2012,OMA,NE,ACE,CE,Towers with Radar,100,81,30,0,211,0,12,22,3,37,100,93,52,3,248,4,0,4,252
10/01/2012,OMA,NE,ACE,CE,Towers with Radar,123,79,45,1,248,0,12,10,5,27,123,91,55,6,275,4,0,4,279
10/02/2012,OMA,NE,ACE,CE,Towers with Radar,114,87,45,0,246,0,6,28,0,34,114,93,73,0,280,38,0,38,318
10/03/2012,OMA,NE,ACE,CE,Towers with Radar,121,97,58,5,281,0,4,20,0,24,121,101,78,5,305,14,1,15,320
10/04/2012,OMA,NE,ACE,CE,Towers with Radar,125,98,66,2,291,0,8,20,0,28,125,106,86,2,319,4,0,4,323
10/05/2012,OMA,NE,ACE,CE,Towers with Radar,123,93,44,20,280,0,4,10,0,14,123,97,54,20,294,10,10,20,314
10/06/2012,OMA,NE,ACE,CE,Towers with Radar,89,43,24,18,174,0,8,8,0,16,89,51,32,18,190,4,14,18,208
10/07/2012,OMA,NE,ACE,CE,Towers with Radar,109,61,31,1,202,0,9,9,0,18,109,70,40,1,220,6,0,6,226
10/08/2012,OMA,NE,ACE,CE,Towers with Radar,117,77,47,0,241,0,7,18,1,26,117,84,65,1,267,26,0,26,293
10/09/2012,OMA,NE,ACE,CE,Towers with Radar,119,71,71,11,272,0,7,11,0,18,119,78,82,11,290,4,12,16,306
10/10/2012,OMA,NE,ACE,CE,Towers with Radar,118,94,47,22,281,0,5,18,2,25,118,99,65,24,306,2,16,18,324
10/11/2012,OMA,NE,ACE,CE,Towers with Radar,132,95,37,6,270,0,17,10,0,27,132,112,47,6,297,10,4,14,311
10/12/2012,OMA,NE,ACE,CE,Towers with Radar,123,92,69,2,286,0,7,11,0,18,123,99,80,2,304,8,0,8,312
10/13/2012,OMA,NE,ACE,CE,Towers with Radar,89,48,19,0,156,0,5,0,0,5,89,53,19,0,161,0,0,0,161
10/14/2012,OMA,NE,ACE,CE,Towers with Radar,114,52,23,1,190,0,11,4,2,17,114,63,27,3,207,2,0,2,209
10/15/2012,OMA,NE,ACE,CE,Towers with Radar,116,91,57,0,264,0,17,21,1,39,116,108,78,1,303,20,0,20,323
10/16/2012,OMA,NE,ACE,CE,Towers with Radar,118,109,51,14,292,0,13,28,4,45,118,122,79,18,337,18,12,30,367
10/17/2012,OMA,NE,ACE,CE,Towers with Radar,123,92,72,3,290,0,6,8,1,15,123,98,80,4,305,10,0,10,315
10/18/2012,OMA,NE,ACE,CE,Towers with Radar,123,96,55,0,274,0,1,5,1,7,123,97,60,1,281,2,0,2,283
10/19/2012,OMA,NE,ACE,CE,Towers with Radar,123,88,52,3,266,0,7,4,0,11,123,95,56,3,277,0,0,0,277
10/20/2012,OMA,NE,ACE,CE,Towers with Radar,90,48,28,1,167,0,9,18,2,29,90,57,46,3,196,14,6,20,216
10/21/2012,OMA,NE,ACE,CE,Towers with Radar,109,67,43,5,224,0,10,15,1,26,109,77,58,6,250,6,2,8,258
10/22/2012,OMA,NE,ACE,CE,Towers with Radar,120,80,79,6,285,0,3,3,0,6,120,83,82,6,291,2,0,2,293
10/23/2012,OMA,NE,ACE,CE,Towers with Radar,121,87,70,13,291,0,5,3,1,9,121,92,73,14,300,20,6,26,326
10/24/2012,OMA,NE,ACE,CE,Towers with Radar,120,90,74,2,286,0,0,0,0,0,120,90,74,2,286,0,0,0,286
10/25/2012,OMA,NE,ACE,CE,Towers with Radar,125,95,57,4,281,0,6,3,0,9,125,101,60,4,290,2,0,2,292
10/26/2012,OMA,NE,ACE,CE,Towers with Radar,124,87,80,12,303,0,9,16,0,25,124,96,96,12,328,18,8,26,354
10/27/2012,OMA,NE,ACE,CE,Towers with Radar,89,36,18,2,145,0,7,9,0,16,89,43,27,2,161,0,0,0,161
10/28/2012,OMA,NE,ACE,CE,Towers with Radar,112,58,40,0,210,0,7,23,0,30,112,65,63,0,240,20,0,20,260
10/29/2012,OMA,NE,ACE,CE,Towers with Radar,110,65,49,2,226,0,10,10,0,20,110,75,59,2,246,10,0,10,256
10/30/2012,OMA,NE,ACE,CE,Towers with Radar,114,71,56,0,241,0,9,14,0,23,114,80,70,0,264,18,0,18,282
10/31/2012,OMA,NE,ACE,CE,Towers with Radar,104,82,48,0,234,0,7,21,0,28,104,89,69,0,262,16,0,16,278
11/01/2012,OMA,NE,ACE,CE,Towers with Radar,121,90,60,14,285,0,8,20,2,30,121,98,80,16,315,30,14,44,359
11/02/2012,OMA,NE,ACE,CE,Towers with Radar,118,93,74,0,285,0,14,34,0,48,118,107,108,0,333,22,0,22,355
11/03/2012,OMA,NE,ACE,CE,Towers with Radar,86,58,17,3,164,0,9,17,0,26,86,67,34,3,190,10,0,10,200
11/04/2012,OMA,NE,ACE,CE,Towers with Radar,99,65,30,1,195,0,3,9,0,12,99,68,39,1,207,2,0,2,209
11/05/2012,OMA,NE,ACE,CE,Towers with Radar,113,79,45,0,237,0,0,0,0,0,113,79,45,0,237,2,0,2,239
11/06/2012,OMA,NE,ACE,CE,Towers with Radar,110,85,49,18,262,0,7,12,0,19,110,92,61,18,281,4,18,22,303
11/07/2012,OMA,NE,ACE,CE,Towers with Radar,118,80,67,0,265,0,5,28,0,33,118,85,95,0,298,16,0,16,314
11/08/2012,OMA,NE,ACE,CE,Towers with Radar,119,93,69,0,281,0,10,18,0,28,119,103,87,0,309,14,0,14,323
11/09/2012,OMA,NE,ACE,CE,Towers with Radar,115,104,54,2,275,0,2,12,2,16,115,106,66,4,291,18,0,18,309
11/10/2012,OMA,NE,ACE,CE,Towers with Radar,77,50,18,0,145,0,2,11,1,14,77,52,29,1,159,16,0,16,175
11/11/2012,OMA,NE,ACE,CE,Towers with Radar,99,70,18,0,187,0,2,0,0,2,99,72,18,0,189,0,0,0,189
11/12/2012,OMA,NE,ACE,CE,Towers with Radar,114,78,41,0,233,0,6,21,1,28,114,84,62,1,261,30,0,30,291
11/13/2012,OMA,NE,ACE,CE,Towers with Radar,115,83,67,2,267,0,4,15,0,19,115,87,82,2,286,0,0,0,286
11/14/2012,OMA,NE,ACE,CE,Towers with Radar,123,88,61,0,272,0,8,21,2,31,123,96,82,2,303,16,2,18,321
11/15/2012,OMA,NE,ACE,CE,Towers with Radar,117,105,69,9,300,0,7,17,1,25,117,112,86,10,325,16,2,18,343
11/16/2012,OMA,NE,ACE,CE,Towers with Radar,118,99,54,22,293,0,10,26,1,37,118,109,80,23,330,42,28,70,400
11/17/2012,OMA,NE,ACE,CE,Towers with Radar,79,47,15,1,142,0,3,6,4,13,79,50,21,5,155,0,2,2,157
11/18/2012,OMA,NE,ACE,CE,Towers with Radar,99,53,30,0,182,0,9,18,0,27,99,62,48,0,209,14,0,14,223
11/19/2012,OMA,NE,ACE,CE,Towers with Radar,99,62,39,4,204,0,3,10,0,13,99,65,49,4,217,16,0,16,233
11/20/2012,OMA,NE,ACE,CE,Towers with Radar,119,97,48,0,264,0,7,19,2,28,119,104,67,2,292,36,0,36,328
11/21/2012,OMA,NE,ACE,CE,Towers with Radar,123,90,33,2,248,0,11,18,0,29,123,101,51,2,277,16,0,16,293
11/22/2012,OMA,NE,ACE,CE,Towers with Radar,71,29,1,0,101,0,7,7,1,15,71,36,8,1,116,2,0,2,118
11/23/2012,OMA,NE,ACE,CE,Towers with Radar,83,57,20,0,160,0,9,9,0,18,83,66,29,0,178,0,0,0,178
11/24/2012,OMA,NE,ACE,CE,Towers with Radar,94,71,21,0,186,0,8,15,0,23,94,79,36,0,209,0,0,0,209
11/25/2012,OMA,NE,ACE,CE,Towers with Radar,106,77,37,0,220,0,4,21,0,25,106,81,58,0,245,2,0,2,247
11/26/2012,OMA,NE,ACE,CE,Towers with Radar,117,69,47,8,241,0,7,15,0,22,117,76,62,8,263,26,2,28,291
11/27/2012,OMA,NE,ACE,CE,Towers with Radar,108,85,56,4,253,0,5,7,1,13,108,90,63,5,266,4,4,8,274
11/28/2012,OMA,NE,ACE,CE,Towers with Radar,115,81,60,4,260,0,9,24,0,33,115,90,84,4,293,2,0,2,295
11/29/2012,OMA,NE,ACE,CE,Towers with Radar,123,92,48,24,287,0,4,19,0,23,123,96,67,24,310,8,34,42,352
11/30/2012,OMA,NE,ACE,CE,Towers with Radar,117,92,58,2,269,0,1,20,2,23,117,93,78,4,292,6,0,6,298
12/01/2012,OMA,NE,ACE,CE,Towers with Radar,77,42,19,0,138,0,0,0,0,0,77,42,19,0,138,8,0,8,146
12/02/2012,OMA,NE,ACE,CE,Towers with Radar,101,57,29,0,187,0,4,18,0,22,101,61,47,0,209,10,0,10,219
12/03/2012,OMA,NE,ACE,CE,Towers with Radar,105,68,56,4,233,0,8,6,0,14,105,76,62,4,247,4,0,4,251
12/04/2012,OMA,NE,ACE,CE,Towers with Radar,115,84,43,7,249,0,5,16,3,24,115,89,59,10,273,12,6,18,291
12/05/2012,OMA,NE,ACE,CE,Towers with Radar,115,84,69,1,269,0,13,18,2,33,115,97,87,3,302,22,0,22,324
12/06/2012,OMA,NE,ACE,CE,Towers with Radar,118,87,60,2,267,0,10,12,0,22,118,97,72,2,289,10,2,12,301
12/07/2012,OMA,NE,ACE,CE,Towers with Radar,111,84,32,3,230,0,8,4,0,12,111,92,36,3,242,0,0,0,242
12/08/2012,OMA,NE,ACE,CE,Towers with Radar,78,47,28,0,153,0,10,6,0,16,78,57,34,0,169,4,0,4,173
12/09/2012,OMA,NE,ACE,CE,Towers with Radar,96,52,24,1,173,0,3,6,0,9,96,55,30,1,182,6,0,6,188
12/10/2012,OMA,NE,ACE,CE,Towers with Radar,115,75,61,8,259,0,7,6,0,13,115,82,67,8,272,2,6,8,280
12/11/2012,OMA,NE,ACE,CE,Towers with Radar,112,87,49,8,256,0,4,17,2,23,112,91,66,10,279,14,6,20,299
12/12/2012,OMA,NE,ACE,CE,Towers with Radar,115,85,58,1,259,0,16,10,0,26,115,101,68,1,285,6,0,6,291
12/13/2012,OMA,NE,ACE,CE,Towers with Radar,120,88,61,0,269,0,16,8,0,24,120,104,69,0,293,5,0,5,298
12/14/2012,OMA,NE,ACE,CE,Towers with Radar,116,86,56,14,272,0,9,9,0,18,116,95,65,14,290,18,6,24,314
12/15/2012,OMA,NE,ACE,CE,Towers with Radar,86,45,17,2,150,0,2,0,0,2,86,47,17,2,152,4,0,4,156
12/16/2012,OMA,NE,ACE,CE,Towers with Radar,95,61,11,0,167,0,9,0,0,9,95,70,11,0,176,0,0,0,176
12/17/2012,OMA,NE,ACE,CE,Towers with Radar,117,78,53,0,248,0,0,0,0,0,117,78,53,0,248,4,0,4,252
12/18/2012,OMA,NE,ACE,CE,Towers with Radar,128,88,66,17,299,0,3,13,0,16,128,91,79,17,315,4,20,24,339
12/19/2012,OMA,NE,ACE,CE,Towers with Radar,97,82,48,4,231,0,5,7,0,12,97,87,55,4,243,6,4,10,253
12/20/2012,OMA,NE,ACE,CE,Towers with Radar,104,82,38,0,224,0,5,3,0,8,104,87,41,0,232,0,0,0,232
12/21/2012,OMA,NE,ACE,CE,Towers with Radar,124,110,66,2,302,0,7,16,0,23,124,117,82,2,325,10,2,12,337
12/22/2012,OMA,NE,ACE,CE,Towers with Radar,107,73,30,0,210,0,14,9,0,23,107,87,39,0,233,2,0,2,235
12/23/2012,OMA,NE,ACE,CE,Towers with Radar,101,65,18,0,184,0,6,11,0,17,101,71,29,0,201,16,0,16,217
12/24/2012,OMA,NE,ACE,CE,Towers with Radar,80,56,7,0,143,0,5,7,0,12,80,61,14,0,155,0,0,0,155
12/25/2012,OMA,NE,ACE,CE,Towers with Radar,73,36,7,0,116,0,4,4,0,8,73,40,11,0,124,0,0,0,124
12/26/2012,OMA,NE,ACE,CE,Towers with Radar,111,93,44,2,250,0,10,17,0,27,111,103,61,2,277,6,0,6,283
12/27/2012,OMA,NE,ACE,CE,Towers with Radar,115,99,23,0,237,0,0,0,0,0,115,99,23,0,237,0,0,0,237
12/28/2012,OMA,NE,ACE,CE,Towers with Radar,121,107,22,0,250,0,0,0,0,0,121,107,22,0,250,0,0,0,250
12/29/2012,OMA,NE,ACE,CE,Towers with Radar,83,52,12,0,147,0,0,15,0,15,83,52,27,0,162,6,0,6,168
12/30/2012,OMA,NE,ACE,CE,Towers with Radar,97,49,17,0,163,0,1,6,0,7,97,50,23,0,170,2,0,2,172
12/31/2012,OMA,NE,ACE,CE,Towers with Radar,89,46,14,0,149,0,5,1,1,7,89,51,15,1,156,0,0,0,156
01/01/2013,OMA,NE,ACE,CE,Towers with Radar,89,43,19,0,151,0,4,0,0,4,89,47,19,0,155,4,0,4,159
01/02/2013,OMA,NE,ACE,CE,Towers with Radar,114,91,47,2,254,0,2,8,0,10,114,93,55,2,264,12,0,12,276
01/03/2013,OMA,NE,ACE,CE,Towers with Radar,114,88,33,0,235,0,10,5,0,15,114,98,38,0,250,10,4,14,264
01/04/2013,OMA,NE,ACE,CE,Towers with Radar,105,93,37,2,237,0,7,12,4,23,105,100,49,6,260,6,0,6,266
01/05/2013,OMA,NE,ACE,CE,Towers with Radar,70,54,21,0,145,0,9,10,0,19,70,63,31,0,164,0,0,0,164
01/06/2013,OMA,NE,ACE,CE,Towers with Radar,86,66,28,0,180,0,8,15,0,23,86,74,43,0,203,6,0,6,209
01/07/2013,OMA,NE,ACE,CE,Towers with Radar,96,74,37,2,209,0,7,5,0,12,96,81,42,2,221,2,0,2,223
01/08/2013,OMA,NE,ACE,CE,Towers with Radar,102,87,41,7,237,0,8,11,0,19,102,95,52,7,256,8,6,14,270
01/09/2013,OMA,NE,ACE,CE,Towers with Radar,109,93,55,2,259,0,15,8,0,23,109,108,63,2,282,0,0,0,282
01/10/2013,OMA,NE,ACE,CE,Towers with Radar,106,91,63,2,262,0,1,0,0,1,106,92,63,2,263,20,0,20,283
01/11/2013,OMA,NE,ACE,CE,Towers with Radar,99,88,52,5,244,0,8,4,0,12,99,96,56,5,256,12,0,12,268
01/12/2013,OMA,NE,ACE,CE,Towers with Radar,75,46,18,1,140,0,11,13,0,24,75,57,31,1,164,8,0,8,172
01/13/2013,OMA,NE,ACE,CE,Towers with Radar,84,56,23,2,165,0,13,9,0,22,84,69,32,2,187,6,0,6,193
01/14/2013,OMA,NE,ACE,CE,Towers with Radar,99,73,49,4,225,0,6,9,0,15,99,79,58,4,240,10,0,10,250
01/15/2013,OMA,NE,ACE,CE,Towers with Radar,96,93,39,16,244,0,8,6,1,15,96,101,45,17,259,8,6,14,273
01/16/2013,OMA,NE,ACE,CE,Towers with Radar,111,89,71,10,281,0,10,12,0,22,111,99,83,10,303,6,12,18,321
01/17/2013,OMA,NE,ACE,CE,Towers with Radar,107,88,56,4,255,0,2,6,0,8,107,90,62,4,263,4,4,8,271
01/18/2013,OMA,NE,ACE,CE,Towers with Radar,104,91,58,3,256,0,13,15,0,28,104,104,73,3,284,12,8,20,304
01/19/2013,OMA,NE,ACE,CE,Towers with Radar,72,46,22,0,140,0,4,16,0,20,72,50,38,0,160,6,0,6,166
01/20/2013,OMA,NE,ACE,CE,Towers with Radar,83,47,25,0,155,0,8,5,0,13,83,55,30,0,168,2,0,2,170
01/21/2013,OMA,NE,ACE,CE,Towers with Radar,97,65,44,2,208,0,8,0,0,8,97,73,44,2,216,2,0,2,218
01/22/2013,OMA,NE,ACE,CE,Towers with Radar,100,77,52,1,230,0,5,8,0,13,100,82,60,1,243,12,0,12,255
01/23/2013,OMA,NE,ACE,CE,Towers with Radar,105,89,57,3,254,0,10,15,0,25,105,99,72,3,279,6,0,6,285
01/24/2013,OMA,NE,ACE,CE,Towers with Radar,109,85,44,0,238,0,8,6,1,15,109,93,50,1,253,14,0,14,267
01/25/2013,OMA,NE,ACE,CE,Towers with Radar,105,89,63,18,275,0,3,20,2,25,105,92,83,20,300,8,14,22,322
01/26/2013,OMA,NE,ACE,CE,Towers with Radar,73,49,15,12,149,0,7,16,2,25,73,56,31,14,174,18,6,24,198
01/27/2013,OMA,NE,ACE,CE,Towers with Radar,82,59,22,6,169,0,0,0,0,0,82,59,22,6,169,2,0,2,171
01/28/2013,OMA,NE,ACE,CE,Towers with Radar,100,41,62,0,203,0,0,0,0,0,100,41,62,0,203,4,0,4,207
01/29/2013,OMA,NE,ACE,CE,Towers with Radar,103,72,62,0,237,0,0,2,0,2,103,72,64,0,239,0,0,0,239
01/30/2013,OMA,NE,ACE,CE,Towers with Radar,107,82,69,2,260,0,1,3,0,4,107,83,72,2,264,0,0,0,264
01/31/2013,OMA,NE,ACE,CE,Towers with Radar,111,84,72,0,267,0,4,6,0,10,111,88,78,0,277,8,0,8,285
02/01/2013,OMA,NE,ACE,CE,Towers with Radar,104,87,64,6,261,0,4,7,0,11,104,91,71,6,272,0,2,2,274
02/02/2013,OMA,NE,ACE,CE,Towers with Radar,75,49,15,0,139,0,4,6,0,10,75,53,21,0,149,2,0,2,151
02/03/2013,OMA,NE,ACE,CE,Towers with Radar,83,55,28,0,166,0,11,21,0,32,83,66,49,0,198,20,0,20,218
02/04/2013,OMA,NE,ACE,CE,Towers with Radar,95,67,49,0,211,0,3,1,0,4,95,70,50,0,215,0,0,0,215
02/05/2013,OMA,NE,ACE,CE,Towers with Radar,103,89,67,5,264,0,4,23,2,29,103,93,90,7,293,28,4,32,325
02/06/2013,OMA,NE,ACE,CE,Towers with Radar,111,92,66,5,274,0,9,17,1,27,111,101,83,6,301,10,8,18,319
02/07/2013,OMA,NE,ACE,CE,Towers with Radar,105,91,43,3,242,0,3,1,1,5,105,94,44,4,247,0,0,0,247
02/08/2013,OMA,NE,ACE,CE,Towers with Radar,106,98,65,0,269,0,1,1,0,2,106,99,66,0,271,4,0,4,275
02/09/2013,OMA,NE,ACE,CE,Towers with Radar,77,46,20,0,143,0,3,4,0,7,77,49,24,0,150,2,0,2,152
02/10/2013,OMA,NE,ACE,CE,Towers with Radar,94,58,16,2,170,0,2,0,0,2,94,60,16,2,172,0,0,0,172
02/11/2013,OMA,NE,ACE,CE,Towers with Radar,98,77,47,4,226,0,5,5,0,10,98,82,52,4,236,8,0,8,244
02/12/2013,OMA,NE,ACE,CE,Towers with Radar,102,105,63,1,271,0,9,15,1,25,102,114,78,2,296,8,0,8,304
02/13/2013,OMA,NE,ACE,CE,Towers with Radar,105,88,65,2,260,0,7,15,0,22,105,95,80,2,282,20,4,24,306
02/14/2013,OMA,NE,ACE,CE,Towers with Radar,109,100,51,2,262,0,7,5,0,12,109,107,56,2,274,0,4,4,278
02/15/2013,OMA,NE,ACE,CE,Towers with Radar,107,94,60,2,263,0,3,10,1,14,107,97,70,3,277,8,0,8,285
02/16/2013,OMA,NE,ACE,CE,Towers with Radar,85,58,20,1,164,0,8,14,5,27,85,66,34,6,191,23,7,30,221
02/17/2013,OMA,NE,ACE,CE,Towers with Radar,76,76,35,1,188,0,5,21,0,26,76,81,56,1,214,18,0,18,232
02/18/2013,OMA,NE,ACE,CE,Towers with Radar,97,81,25,0,203,0,4,7,0,11,97,85,32,0,214,0,0,0,214
02/19/2013,OMA,NE,ACE,CE,Towers with Radar,107,81,53,2,243,0,3,13,0,16,107,84,66,2,259,0,0,0,259
02/20/2013,OMA,NE,ACE,CE,Towers with Radar,106,90,60,0,256,0,6,9,0,15,106,96,69,0,271,8,0,8,279
02/21/2013,OMA,NE,ACE,CE,Towers with Radar,71,32,10,0,113,0,2,1,0,3,71,34,11,0,116,0,0,0,116
02/22/2013,OMA,NE,ACE,CE,Towers with Radar,95,91,39,0,225,0,9,5,0,14,95,100,44,0,239,2,0,2,241
02/23/2013,OMA,NE,ACE,CE,Towers with Radar,87,51,22,0,160,0,3,11,0,14,87,54,33,0,174,26,0,26,200
02/24/2013,OMA,NE,ACE,CE,Towers with Radar,87,57,20,0,164,0,4,4,0,8,87,61,24,0,172,10,0,10,182
02/25/2013,OMA,NE,ACE,CE,Towers with Radar,102,85,27,0,214,0,1,4,1,6,102,86,31,1,220,0,0,0,220
02/26/2013,OMA,NE,ACE,CE,Towers with Radar,99,79,44,0,222,0,0,0,0,0,99,79,44,0,222,0,0,0,222
02/27/2013,OMA,NE,ACE,CE,Towers with Radar,107,89,50,0,246,0,6,8,0,14,107,95,58,0,260,12,0,12,272
02/28/2013,OMA,NE,ACE,CE,Towers with Radar,108,99,59,1,267,0,5,7,1,13,108,104,66,2,280,0,0,0,280
03/01/2013,OMA,NE,ACE,CE,Towers with Radar,103,103,69,0,275,0,8,5,1,14,103,111,74,1,289,12,0,12,301
03/02/2013,OMA,NE,ACE,CE,Towers with Radar,91,67,17,0,175,0,4,7,1,12,91,71,24,1,187,22,0,22,209
03/03/2013,OMA,NE,ACE,CE,Towers with Radar,89,71,32,0,192,0,10,13,0,23,89,81,45,0,215,22,0,22,237
03/04/2013,OMA,NE,ACE,CE,Towers with Radar,102,75,47,5,229,0,2,4,0,6,102,77,51,5,235,0,4,4,239
03/05/2013,OMA,NE,ACE,CE,Towers with Radar,94,86,46,0,226,0,4,6,0,10,94,90,52,0,236,0,0,0,236
03/06/2013,OMA,NE,ACE,CE,Towers with Radar,100,98,54,0,252,0,5,12,0,17,100,103,66,0,269,34,0,34,303
03/07/2013,OMA,NE,ACE,CE,Towers with Radar,109,92,55,1,257,0,4,22,1,27,109,96,77,2,284,30,0,30,314
03/08/2013,OMA,NE,ACE,CE,Towers with Radar,105,98,66,3,272,0,3,30,1,34,105,101,96,4,306,8,2,10,316
03/09/2013,OMA,NE,ACE,CE,Towers with Radar,86,56,23,0,165,0,0,0,0,0,86,56,23,0,165,8,0,8,173
03/10/2013,OMA,NE,ACE,CE,Towers with Radar,76,42,22,0,140,0,0,0,0,0,76,42,22,0,140,0,0,0,140
03/11/2013,OMA,NE,ACE,CE,Towers with Radar,109,91,48,0,248,0,12,14,0,26,109,103,62,0,274,8,0,8,282
03/12/2013,OMA,NE,ACE,CE,Towers with Radar,109,93,48,0,250,0,5,10,1,16,109,98,58,1,266,6,0,6,272
03/13/2013,OMA,NE,ACE,CE,Towers with Radar,110,95,50,11,266,0,11,14,0,25,110,106,64,11,291,28,12,40,331
03/14/2013,OMA,NE,ACE,CE,Towers with Radar,111,98,69,3,281,0,7,41,0,48,111,105,110,3,329,44,0,44,373
03/15/2013,OMA,NE,ACE,CE,Towers with Radar,108,91,57,20,276,0,3,24,3,30,108,94,81,23,306,12,14,26,332
03/16/2013,OMA,NE,ACE,CE,Towers with Radar,94,58,11,7,170,0,2,7,0,9,94,60,18,7,179,42,0,42,221
03/17/2013,OMA,NE,ACE,CE,Towers with Radar,91,65,19,2,177,0,4,22,0,26,91,69,41,2,203,14,2,16,219
03/18/2013,OMA,NE,ACE,CE,Towers with Radar,97,83,51,13,244,0,3,11,0,14,97,86,62,13,258,16,10,26,284
03/19/2013,OMA,NE,ACE,CE,Towers with Radar,112,91,61,9,273,0,8,31,0,39,112,99,92,9,312,42,14,56,368
03/20/2013,OMA,NE,ACE,CE,Towers with Radar,109,99,59,0,267,0,7,32,0,39,109,106,91,0,306,26,0,26,332
03/21/2013,OMA,NE,ACE,CE,Towers with Radar,111,100,59,2,272,0,7,24,1,32,111,107,83,3,304,24,0,24,328
03/22/2013,OMA,NE,ACE,CE,Towers with Radar,110,97,49,1,257,0,9,19,0,28,110,106,68,1,285,68,0,68,353
03/23/2013,OMA,NE,ACE,CE,Towers with Radar,92,56,13,0,161,0,14,0,0,14,92,70,13,0,175,16,0,16,191
03/24/2013,OMA,NE,ACE,CE,Towers with Radar,95,74,19,0,188,0,4,3,0,7,95,78,22,0,195,8,0,8,203
03/25/2013,OMA,NE,ACE,CE,Towers with Radar,107,73,63,0,243,0,4,4,0,8,107,77,67,0,251,8,0,8,259
03/26/2013,OMA,NE,ACE,CE,Towers with Radar,115,93,46,4,258,0,6,13,0,19,115,99,59,4,277,12,2,14,291
03/27/2013,OMA,NE,ACE,CE,Towers with Radar,104,96,54,3,257,0,3,41,2,46,104,99,95,5,303,50,0,50,353
03/28/2013,OMA,NE,ACE,CE,Towers with Radar,110,101,59,6,276,0,7,42,0,49,110,108,101,6,325,30,4,34,359
03/29/2013,OMA,NE,ACE,CE,Towers with Radar,107,91,57,8,263,0,4,42,1,47,107,95,99,9,310,24,4,28,338
03/30/2013,OMA,NE,ACE,CE,Towers with Radar,95,59,23,0,177,0,8,13,0,21,95,67,36,0,198,12,0,12,210
03/31/2013,OMA,NE,ACE,CE,Towers with Radar,94,66,14,0,174,0,7,43,1,51,94,73,57,1,225,4,0,4,229
04/01/2013,OMA,NE,ACE,CE,Towers with Radar,105,94,32,2,233,0,8,7,0,15,105,102,39,2,248,2,0,2,250
04/02/2013,OMA,NE,ACE,CE,Towers with Radar,110,90,38,6,244,0,9,39,5,53,110,99,77,11,297,16,12,28,325
04/03/2013,OMA,NE,ACE,CE,Towers with Radar,104,100,71,16,291,0,11,44,6,61,104,111,115,22,352,14,10,24,376
04/04/2013,OMA,NE,ACE,CE,Towers with Radar,113,99,59,29,300,0,7,46,1,54,113,106,105,30,354,22,28,50,404
04/05/2013,OMA,NE,ACE,CE,Towers with Radar,113,94,51,9,267,0,7,35,2,44,113,101,86,11,311,8,6,14,325
04/06/2013,OMA,NE,ACE,CE,Towers with Radar,89,63,17,4,173,0,9,19,0,28,89,72,36,4,201,54,6,60,261
04/07/2013,OMA,NE,ACE,CE,Towers with Radar,93,84,27,1,205,0,6,16,0,22,93,90,43,1,227,26,0,26,253
04/08/2013,OMA,NE,ACE,CE,Towers with Radar,103,80,51,2,236,0,0,1,0,1,103,80,52,2,237,8,0,8,245
04/09/2013,OMA,NE,ACE,CE,Towers with Radar,106,80,44,4,234,0,0,0,0,0,106,80,44,4,234,4,0,4,238
04/10/2013,OMA,NE,ACE,CE,Towers with Radar,107,62,30,0,199,0,0,0,0,0,107,62,30,0,199,0,0,0,199
04/11/2013,OMA,NE,ACE,CE,Towers with Radar,115,85,61,0,261,0,0,0,0,0,115,85,61,0,261,0,0,0,261
04/12/2013,OMA,NE,ACE,CE,Towers with Radar,114,100,64,6,284,0,4,6,0,10,114,104,70,6,294,16,8,24,318
04/13/2013,OMA,NE,ACE,CE,Towers with Radar,88,53,21,0,162,0,12,35,0,47,88,65,56,0,209,18,0,18,227
04/14/2013,OMA,NE,ACE,CE,Towers with Radar,103,71,32,0,206,0,6,16,0,22,103,77,48,0,228,24,0,24,252
04/15/2013,OMA,NE,ACE,CE,Towers with Radar,105,76,55,0,236,0,5,29,2,36,105,81,84,2,272,28,0,28,300
04/16/2013,OMA,NE,ACE,CE,Towers with Radar,105,92,60,5,262,0,8,29,1,38,105,100,89,6,300,27,12,39,339
04/17/2013,OMA,NE,ACE,CE,Towers with Radar,98,73,51,1,223,0,0,0,0,0,98,73,51,1,223,0,0,0,223
04/18/2013,OMA,NE,ACE,CE,Towers with Radar,110,79,39,1,229,0,0,0,0,0,110,79,39,1,229,0,0,0,229
04/19/2013,OMA,NE,ACE,CE,Towers with Radar,111,88,54,0,253,0,8,22,0,30,111,96,76,0,283,22,0,22,305
04/20/2013,OMA,NE,ACE,CE,Towers with Radar,85,58,11,0,154,0,10,27,0,37,85,68,38,0,191,16,0,16,207
04/21/2013,OMA,NE,ACE,CE,Towers with Radar,101,70,21,1,193,0,13,3,2,18,101,83,24,3,211,22,0,22,233
04/22/2013,OMA,NE,ACE,CE,Towers with Radar,105,82,40,0,227,0,0,0,0,0,105,82,40,0,227,0,0,0,227
04/23/2013,OMA,NE,ACE,CE,Towers with Radar,113,92,61,1,267,0,5,5,2,12,113,97,66,3,279,4,0,4,283
04/24/2013,OMA,NE,ACE,CE,Towers with Radar,110,101,53,3,267,0,8,27,0,35,110,109,80,3,302,20,0,20,322
04/25/2013,OMA,NE,ACE,CE,Towers with Radar,111,99,69,11,290,0,5,34,0,39,111,104,103,11,329,8,8,16,345
04/26/2013,OMA,NE,ACE,CE,Towers with Radar,114,90,64,2,270,0,8,11,2,21,114,98,75,4,291,26,2,28,319
04/27/2013,OMA,NE,ACE,CE,Towers with Radar,89,59,24,3,175,0,4,8,3,15,89,63,32,6,190,14,8,22,212
04/28/2013,OMA,NE,ACE,CE,Towers with Radar,102,63,37,2,204,0,6,20,3,29,102,69,57,5,233,32,0,32,265
04/29/2013,OMA,NE,ACE,CE,Towers with Radar,106,90,54,1,251,0,4,7,1,12,106,94,61,2,263,14,0,14,277
04/30/2013,OMA,NE,ACE,CE,Towers with Radar,112,99,49,0,260,0,4,8,0,12,112,103,57,0,272,12,0,12,284
05/01/2013,OMA,NE,ACE,CE,Towers with Radar,117,87,51,2,257,0,3,0,0,3,117,90,51,2,260,0,2,2,262
05/02/2013,OMA,NE,ACE,CE,Towers with Radar,116,106,58,0,280,0,6,9,0,15,116,112,67,0,295,10,0,10,305
05/03/2013,OMA,NE,ACE,CE,Towers with Radar,127,170,132,0,429,0,9,13,0,22,127,179,145,0,451,0,0,0,451
05/04/2013,OMA,NE,ACE,CE,Towers with Radar,91,121,94,0,306,0,2,0,0,2,91,123,94,0,308,2,0,2,310
05/05/2013,OMA,NE,ACE,CE,Towers with Radar,118,115,74,0,307,0,0,2,0,2,118,115,76,0,309,0,0,0,309
05/06/2013,OMA,NE,ACE,CE,Towers with Radar,110,85,52,6,253,0,1,9,0,10,110,86,61,6,263,4,2,6,269
05/07/2013,OMA,NE,ACE,CE,Towers with Radar,112,101,70,0,283,0,12,10,0,22,112,113,80,0,305,16,0,16,321
05/08/2013,OMA,NE,ACE,CE,Towers with Radar,116,99,73,2,290,0,2,8,0,10,116,101,81,2,300,18,0,18,318
05/09/2013,OMA,NE,ACE,CE,Towers with Radar,117,87,59,4,267,0,0,3,0,3,117,87,62,4,270,6,6,12,282
05/10/2013,OMA,NE,ACE,CE,Towers with Radar,118,94,45,13,270,0,7,9,0,16,118,101,54,13,286,20,16,36,322
05/11/2013,OMA,NE,ACE,CE,Towers with Radar,86,55,20,0,161,0,5,13,0,18,86,60,33,0,179,8,4,12,191
05/12/2013,OMA,NE,ACE,CE,Towers with Radar,101,58,20,9,188,0,7,29,1,37,101,65,49,10,225,20,10,30,255
05/13/2013,OMA,NE,ACE,CE,Towers with Radar,111,76,38,0,225,0,3,17,0,20,111,79,55,0,245,14,0,14,259
05/14/2013,OMA,NE,ACE,CE,Towers with Radar,110,85,52,2,249,0,3,13,4,20,110,88,65,6,269,22,4,26,295
05/15/2013,OMA,NE,ACE,CE,Towers with Radar,119,95,65,5,284,0,9,21,2,32,119,104,86,7,316,18,0,18,334
05/16/2013,OMA,NE,ACE,CE,Towers with Radar,118,100,74,5,297,0,12,16,2,30,118,112,90,7,327,14,0,14,341
05/17/2013,OMA,NE,ACE,CE,Towers with Radar,119,99,55,0,273,0,6,11,2,19,119,105,66,2,292,20,0,20,312
05/18/2013,OMA,NE,ACE,CE,Towers with Radar,82,56,19,0,157,0,12,8,0,20,82,68,27,0,177,6,0,6,183
05/19/2013,OMA,NE,ACE,CE,Towers with Radar,102,65,19,0,186,0,3,2,0,5,102,68,21,0,191,6,0,6,197
05/20/2013,OMA,NE,ACE,CE,Towers with Radar,114,85,52,0,251,0,8,13,0,21,114,93,65,0,272,18,0,18,290
05/21/2013,OMA,NE,ACE,CE,Towers with Radar,109,93,54,0,256,0,9,2,0,11,109,102,56,0,267,8,4,12,279
05/22/2013,OMA,NE,ACE,CE,Towers with Radar,123,94,68,2,287,0,6,6,0,12,123,100,74,2,299,12,0,12,311
05/23/2013,OMA,NE,ACE,CE,Towers with Radar,117,102,59,0,278,0,4,14,0,18,117,106,73,0,296,14,0,14,310
05/24/2013,OMA,NE,ACE,CE,Towers with Radar,115,89,57,0,261,0,5,20,0,25,115,94,77,0,286,4,0,4,290
05/25/2013,OMA,NE,ACE,CE,Towers with Radar,83,58,16,0,157,0,3,4,0,7,83,61,20,0,164,6,0,6,170
05/26/2013,OMA,NE,ACE,CE,Towers with Radar,85,55,13,0,153,0,3,7,0,10,85,58,20,0,163,22,0,22,185
05/27/2013,OMA,NE,ACE,CE,Towers with Radar,111,54,21,0,186,0,7,6,0,13,111,61,27,0,199,10,0,10,209
05/28/2013,OMA,NE,ACE,CE,Towers with Radar,111,85,61,0,257,0,4,2,0,6,111,89,63,0,263,6,2,8,271
05/29/2013,OMA,NE,ACE,CE,Towers with Radar,116,88,44,0,248,0,2,3,0,5,116,90,47,0,253,8,0,8,261
05/30/2013,OMA,NE,ACE,CE,Towers with Radar,117,85,47,0,249,0,6,5,0,11,117,91,52,0,260,8,2,10,270
05/31/2013,OMA,NE,ACE,CE,Towers with Radar,130,93,42,0,265,0,14,17,0,31,130,107,59,0,296,28,0,28,324
06/01/2013,OMA,NE,ACE,CE,Towers with Radar,85,59,16,0,160,0,7,3,0,10,85,66,19,0,170,0,0,0,170
06/02/2013,OMA,NE,ACE,CE,Towers with Radar,105,59,23,0,187,0,5,18,1,24,105,64,41,1,211,14,0,14,225
06/03/2013,OMA,NE,ACE,CE,Towers with Radar,109,87,50,3,249,0,13,22,4,39,109,100,72,7,288,32,0,32,320
06/04/2013,OMA,NE,ACE,CE,Towers with Radar,113,108,62,0,283,0,11,7,2,20,113,119,69,2,303,4,0,4,307
06/05/2013,OMA,NE,ACE,CE,Towers with Radar,116,102,86,6,310,0,9,16,4,29,116,111,102,10,339,22,14,36,375
06/06/2013,OMA,NE,ACE,CE,Towers with Radar,122,101,68,9,300,0,9,20,2,31,122,110,88,11,331,20,4,24,355
06/07/2013,OMA,NE,ACE,CE,Towers with Radar,125,90,50,2,267,0,9,30,0,39,125,99,80,2,306,24,0,24,330
06/08/2013,OMA,NE,ACE,CE,Towers with Radar,94,64,10,0,168,0,3,11,0,14,94,67,21,0,182,30,0,30,212
06/09/2013,OMA,NE,ACE,CE,Towers with Radar,107,67,19,0,193,0,5,1,1,7,107,72,20,1,200,6,0,6,206
06/10/2013,OMA,NE,ACE,CE,Towers with Radar,123,78,54,3,258,0,4,11,3,18,123,82,65,6,276,12,0,12,288
06/11/2013,OMA,NE,ACE,CE,Towers with Radar,128,94,64,2,288,0,9,15,1,25,128,103,79,3,313,10,0,10,323
06/12/2013,OMA,NE,ACE,CE,Towers with Radar,129,101,67,4,301,0,10,9,2,21,129,111,76,6,322,24,0,24,346
06/13/2013,OMA,NE,ACE,CE,Towers with Radar,132,87,60,0,279,0,9,13,0,22,132,96,73,0,301,12,0,12,313
06/14/2013,OMA,NE,ACE,CE,Towers with Radar,126,91,35,3,255,0,5,10,1,16,126,96,45,4,271,6,8,14,285
06/15/2013,OMA,NE,ACE,CE,Towers with Radar,114,67,37,0,218,0,9,12,0,21,114,76,49,0,239,0,0,0,239
06/16/2013,OMA,NE,ACE,CE,Towers with Radar,110,70,53,2,235,0,8,10,0,18,110,78,63,2,253,0,0,0,253
06/17/2013,OMA,NE,ACE,CE,Towers with Radar,112,82,70,24,288,0,5,22,0,27,112,87,92,24,315,22,14,36,351
06/18/2013,OMA,NE,ACE,CE,Towers with Radar,129,95,66,0,290,0,7,11,0,18,129,102,77,0,308,20,0,20,328
06/19/2013,OMA,NE,ACE,CE,Towers with Radar,128,107,91,0,326,0,5,23,0,28,128,112,114,0,354,34,0,34,388
06/20/2013,OMA,NE,ACE,CE,Towers with Radar,128,100,79,2,309,0,9,11,0,20,128,109,90,2,329,2,0,2,331
06/21/2013,OMA,NE,ACE,CE,Towers with Radar,128,108,67,0,303,0,6,14,0,20,128,114,81,0,323,2,0,2,325
06/22/2013,OMA,NE,ACE,CE,Towers with Radar,109,57,25,16,207,0,17,7,0,24,109,74,32,16,231,10,24,34,265
06/23/2013,OMA,NE,ACE,CE,Towers with Radar,106,64,33,10,213,0,6,7,0,13,106,70,40,10,226,6,2,8,234
06/24/2013,OMA,NE,ACE,CE,Towers with Radar,121,77,72,6,276,0,7,9,0,16,121,84,81,6,292,6,0,6,298
06/25/2013,OMA,NE,ACE,CE,Towers with Radar,130,91,93,2,316,0,6,23,0,29,130,97,116,2,345,16,0,16,361
06/26/2013,OMA,NE,ACE,CE,Towers with Radar,127,96,107,1,331,0,2,24,1,27,127,98,131,2,358,4,0,4,362
06/27/2013,OMA,NE,ACE,CE,Towers with Radar,124,84,56,0,264,0,3,19,0,22,124,87,75,0,286,18,0,18,304
06/28/2013,OMA,NE,ACE,CE,Towers with Radar,124,86,66,0,276,0,3,24,1,28,124,89,90,1,304,24,0,24,328
06/29/2013,OMA,NE,ACE,CE,Towers with Radar,107,61,21,3,192,0,8,14,0,22,107,69,35,3,214,26,0,26,240
06/30/2013,OMA,NE,ACE,CE,Towers with Radar,101,56,30,1,188,0,5,15,1,21,101,61,45,2,209,22,0,22,231
07/01/2013,OMA,NE,ACE,CE,Towers with Radar,116,94,30,11,251,0,4,16,1,21,116,98,46,12,272,12,6,18,290
07/02/2013,OMA,NE,ACE,CE,Towers with Radar,110,99,54,10,273,0,8,22,0,30,110,107,76,10,303,16,4,20,323
07/03/2013,OMA,NE,ACE,CE,Towers with Radar,116,95,60,6,277,0,6,27,0,33,116,101,87,6,310,20,6,26,336
07/04/2013,OMA,NE,ACE,CE,Towers with Radar,67,44,13,0,124,0,7,9,0,16,67,51,22,0,140,8,0,8,148
07/05/2013,OMA,NE,ACE,CE,Towers with Radar,95,67,26,0,188,0,9,12,0,21,95,76,38,0,209,8,0,8,217
07/06/2013,OMA,NE,ACE,CE,Towers with Radar,96,67,17,0,180,0,10,14,0,24,96,77,31,0,204,12,0,12,216
07/07/2013,OMA,NE,ACE,CE,Towers with Radar,107,69,37,0,213,0,9,33,0,42,107,78,70,0,255,20,0,20,275
07/08/2013,OMA,NE,ACE,CE,Towers with Radar,106,84,54,2,246,0,2,22,2,26,106,86,76,4,272,18,2,20,292
07/09/2013,OMA,NE,ACE,CE,Towers with Radar,110,105,62,0,277,0,4,12,0,16,110,109,74,0,293,20,0,20,313
07/10/2013,OMA,NE,ACE,CE,Towers with Radar,113,96,55,3,267,0,11,22,3,36,113,107,77,6,303,16,0,16,319
07/11/2013,OMA,NE,ACE,CE,Towers with Radar,120,93,63,6,282,0,5,18,0,23,120,98,81,6,305,16,4,20,325
07/12/2013,OMA,NE,ACE,CE,Towers with Radar,112,93,69,29,303,0,11,20,0,31,112,104,89,29,334,12,46,58,392
07/13/2013,OMA,NE,ACE,CE,Towers with Radar,99,67,22,1,189,0,11,19,2,32,99,78,41,3,221,4,2,6,227
07/14/2013,OMA,NE,ACE,CE,Towers with Radar,108,75,42,0,225,0,5,12,0,17,108,80,54,0,242,14,0,14,256
07/15/2013,OMA,NE,ACE,CE,Towers with Radar,112,75,40,12,239,0,5,16,2,23,112,80,56,14,262,10,8,18,280
07/16/2013,OMA,NE,ACE,CE,Towers with Radar,116,92,65,6,279,0,13,15,2,30,116,105,80,8,309,4,2,6,315
07/17/2013,OMA,NE,ACE,CE,Towers with Radar,118,95,62,10,285,0,5,20,0,25,118,100,82,10,310,22,4,26,336
07/18/2013,OMA,NE,ACE,CE,Towers with Radar,119,100,65,6,290,0,15,21,1,37,119,115,86,7,327,20,4,24,351
07/19/2013,OMA,NE,ACE,CE,Towers with Radar,115,83,51,2,251,0,24,5,0,29,115,107,56,2,280,14,0,14,294
07/20/2013,OMA,NE,ACE,CE,Towers with Radar,102,54,26,10,192,0,7,22,0,29,102,61,48,10,221,14,6,20,241
07/21/2013,OMA,NE,ACE,CE,Towers with Radar,104,68,29,5,206,0,2,5,0,7,104,70,34,5,213,4,4,8,221
07/22/2013,OMA,NE,ACE,CE,Towers with Radar,115,76,41,9,241,0,4,8,0,12,115,80,49,9,253,24,6,30,283
07/23/2013,OMA,NE,ACE,CE,Towers with Radar,116,102,62,0,280,0,2,19,0,21,116,104,81,0,301,24,0,24,325
07/24/2013,OMA,NE,ACE,CE,Towers with Radar,114,100,57,12,283,0,6,17,0,23,114,106,74,12,306,20,14,34,340
07/25/2013,OMA,NE,ACE,CE,Towers with Radar,121,101,61,0,283,0,5,17,0,22,121,106,78,0,305,18,0,18,323
07/26/2013,OMA,NE,ACE,CE,Towers with Radar,118,90,63,21,292,0,5,23,1,29,118,95,86,22,321,22,2,24,345
07/27/2013,OMA,NE,ACE,CE,Towers with Radar,101,64,19,4,188,0,6,28,0,34,101,70,47,4,222,20,0,20,242
07/28/2013,OMA,NE,ACE,CE,Towers with Radar,104,60,37,0,201,0,6,17,0,23,104,66,54,0,224,32,0,32,256
07/29/2013,OMA,NE,ACE,CE,Towers with Radar,114,81,52,0,247,0,4,1,0,5,114,85,53,0,252,28,0,28,280
07/30/2013,OMA,NE,ACE,CE,Towers with Radar,116,87,54,6,263,0,7,5,0,12,116,94,59,6,275,4,0,4,279
07/31/2013,OMA,NE,ACE,CE,Towers with Radar,116,103,67,2,288,0,6,7,0,13,116,109,74,2,301,0,0,0,301
08/01/2013,OMA,NE,ACE,CE,Towers with Radar,120,91,65,4,280,0,5,14,0,19,120,96,79,4,299,16,2,18,317
08/02/2013,OMA,NE,ACE,CE,Towers with Radar,119,90,42,0,251,0,2,14,0,16,119,92,56,0,267,32,0,32,299
08/03/2013,OMA,NE,ACE,CE,Towers with Radar,101,54,15,0,170,0,8,25,0,33,101,62,40,0,203,16,0,16,219
08/04/2013,OMA,NE,ACE,CE,Towers with Radar,106,68,23,2,199,0,12,13,0,25,106,80,36,2,224,6,0,6,230
08/05/2013,OMA,NE,ACE,CE,Towers with Radar,111,86,45,11,253,0,3,11,0,14,111,89,56,11,267,8,6,14,281
08/06/2013,OMA,NE,ACE,CE,Towers with Radar,117,104,46,0,267,0,6,6,0,12,117,110,52,0,279,5,0,5,284
08/07/2013,OMA,NE,ACE,CE,Towers with Radar,118,110,76,6,310,0,12,24,0,36,118,122,100,6,346,38,0,38,384
08/08/2013,OMA,NE,ACE,CE,Towers with Radar,119,107,75,7,308,0,8,12,2,22,119,115,87,9,330,26,2,28,358
08/09/2013,OMA,NE,ACE,CE,Towers with Radar,125,89,42,6,262,0,2,9,0,11,125,91,51,6,273,8,6,14,287
08/10/2013,OMA,NE,ACE,CE,Towers with Radar,102,57,34,1,194,0,9,19,0,28,102,66,53,1,222,12,0,12,234
08/11/2013,OMA,NE,ACE,CE,Towers with Radar,100,66,27,0,193,0,6,20,1,27,100,72,47,1,220,8,0,8,228
08/12/2013,OMA,NE,ACE,CE,Towers with Radar,111,72,74,4,261,0,2,6,1,9,111,74,80,5,270,8,0,8,278
08/13/2013,OMA,NE,ACE,CE,Towers with Radar,114,100,48,0,262,0,9,4,0,13,114,109,52,0,275,4,0,4,279
08/14/2013,OMA,NE,ACE,CE,Towers with Radar,116,98,58,0,272,0,3,8,0,11,116,101,66,0,283,12,0,12,295
08/15/2013,OMA,NE,ACE,CE,Towers with Radar,113,98,61,2,274,0,4,0,0,4,113,102,61,2,278,4,0,4,282
08/16/2013,OMA,NE,ACE,CE,Towers with Radar,118,91,50,2,261,0,5,20,0,25,118,96,70,2,286,22,2,24,310
08/17/2013,OMA,NE,ACE,CE,Towers with Radar,89,51,30,10,180,0,12,14,0,26,89,63,44,10,206,22,0,22,228
08/18/2013,OMA,NE,ACE,CE,Towers with Radar,94,69,31,0,194,0,5,22,1,28,94,74,53,1,222,10,0,10,232
08/19/2013,OMA,NE,ACE,CE,Towers with Radar,109,84,47,4,244,0,4,16,2,22,109,88,63,6,266,10,0,10,276
08/20/2013,OMA,NE,ACE,CE,Towers with Radar,108,106,66,1,281,0,11,12,3,26,108,117,78,4,307,8,0,8,315
08/21/2013,OMA,NE,ACE,CE,Towers with Radar,115,102,66,8,291,0,7,13,0,20,115,109,79,8,311,16,10,26,337
08/22/2013,OMA,NE,ACE,CE,Towers with Radar,112,101,70,0,283,0,5,9,2,16,112,106,79,2,299,4,8,12,311
08/23/2013,OMA,NE,ACE,CE,Towers with Radar,114,107,49,17,287,0,6,10,0,16,114,113,59,17,303,2,32,34,337
08/24/2013,OMA,NE,ACE,CE,Towers with Radar,82,57,26,0,165,0,9,5,0,14,82,66,31,0,179,2,0,2,181
08/25/2013,OMA,NE,ACE,CE,Towers with Radar,99,69,25,0,193,0,9,10,0,19,99,78,35,0,212,22,0,22,234
08/26/2013,OMA,NE,ACE,CE,Towers with Radar,107,97,64,0,268,0,10,17,0,27,107,107,81,0,295,10,0,10,305
08/27/2013,OMA,NE,ACE,CE,Towers with Radar,118,95,68,8,289,0,2,15,0,17,118,97,83,8,306,14,8,22,328
08/28/2013,OMA,NE,ACE,CE,Towers with Radar,117,87,63,2,269,0,3,28,4,35,117,90,91,6,304,18,0,18,322
08/29/2013,OMA,NE,ACE,CE,Towers with Radar,115,105,65,1,286,0,7,12,1,20,115,112,77,2,306,12,0,12,318
08/30/2013,OMA,NE,ACE,CE,Towers with Radar,121,108,47,0,276,0,2,22,0,24,121,110,69,0,300,12,0,12,312
08/31/2013,OMA,NE,ACE,CE,Towers with Radar,69,43,22,9,143,0,5,16,0,21,69,48,38,9,164,16,6,22,186
09/01/2013,OMA,NE,ACE,CE,Towers with Radar,63,33,18,1,115,0,9,7,2,18,63,42,25,3,133,12,0,12,145
09/02/2013,OMA,NE,ACE,CE,Towers with Radar,101,67,20,0,188,0,7,20,0,27,101,74,40,0,215,20,0,20,235
09/03/2013,OMA,NE,ACE,CE,Towers with Radar,115,100,44,4,263,0,6,34,0,40,115,106,78,4,303,24,0,24,327
09/04/2013,OMA,NE,ACE,CE,Towers with Radar,119,96,46,4,265,0,8,18,0,26,119,104,64,4,291,12,2,14,305
09/05/2013,OMA,NE,ACE,CE,Towers with Radar,121,89,49,0,259,0,6,9,0,15,121,95,58,0,274,4,0,4,278
09/06/2013,OMA,NE,ACE,CE,Towers with Radar,118,97,54,4,273,0,1,23,0,24,118,98,77,4,297,14,0,14,311
09/07/2013,OMA,NE,ACE,CE,Towers with Radar,78,50,18,0,146,0,9,8,0,17,78,59,26,0,163,12,0,12,175
09/08/2013,OMA,NE,ACE,CE,Towers with Radar,102,66,40,0,208,0,10,12,0,22,102,76,52,0,230,20,0,20,250
09/09/2013,OMA,NE,ACE,CE,Towers with Radar,118,71,52,0,241,0,6,0,0,6,118,77,52,0,247,4,0,4,251
09/10/2013,OMA,NE,ACE,CE,Towers with Radar,118,83,41,20,262,0,3,7,0,10,118,86,48,20,272,16,10,26,298
09/11/2013,OMA,NE,ACE,CE,Towers with Radar,122,83,62,0,267,0,3,12,1,16,122,86,74,1,283,0,0,0,283
09/12/2013,OMA,NE,ACE,CE,Towers with Radar,117,100,74,6,297,0,9,19,0,28,117,109,93,6,325,22,4,26,351
09/13/2013,OMA,NE,ACE,CE,Towers with Radar,127,98,59,26,310,0,4,24,0,28,127,102,83,26,338,22,26,48,386
09/14/2013,OMA,NE,ACE,CE,Towers with Radar,85,50,18,13,166,0,4,12,1,17,85,54,30,14,183,2,12,14,197
09/15/2013,OMA,NE,ACE,CE,Towers with Radar,106,60,24,3,193,0,2,7,0,9,106,62,31,3,202,4,0,4,206
09/16/2013,OMA,NE,ACE,CE,Towers with Radar,115,75,37,10,237,0,9,10,0,19,115,84,47,10,256,4,4,8,264
09/17/2013,OMA,NE,ACE,CE,Towers with Radar,117,88,51,2,258,0,0,0,0,0,117,88,51,2,258,0,0,0,258
09/18/2013,OMA,NE,ACE,CE,Towers with Radar,122,98,65,5,290,0,6,12,1,19,122,104,77,6,309,16,0,16,325
09/19/2013,OMA,NE,ACE,CE,Towers with Radar,128,101,50,0,279,0,9,5,0,14,128,110,55,0,293,0,4,4,297
09/20/2013,OMA,NE,ACE,CE,Towers with Radar,125,89,67,23,304,0,5,18,1,24,125,94,85,24,328,46,14,60,388
09/21/2013,OMA,NE,ACE,CE,Towers with Radar,78,59,23,29,189,0,7,11,5,23,78,66,34,34,212,2,26,28,240
09/22/2013,OMA,NE,ACE,CE,Towers with Radar,110,64,43,9,226,0,4,12,0,16,110,68,55,9,242,8,2,10,252
09/23/2013,OMA,NE,ACE,CE,Towers with Radar,116,70,47,14,247,0,11,13,1,25,116,81,60,15,272,20,22,42,314
09/24/2013,OMA,NE,ACE,CE,Towers with Radar,121,80,73,0,274,0,1,6,0,7,121,81,79,0,281,0,0,0,281
09/25/2013,OMA,NE,ACE,CE,Towers with Radar,118,96,60,0,274,0,6,13,0,19,118,102,73,0,293,4,0,4,297
09/26/2013,OMA,NE,ACE,CE,Towers with Radar,126,102,66,6,300,0,7,5,0,12,126,109,71,6,312,8,0,8,320
09/27/2013,OMA,NE,ACE,CE,Towers with Radar,123,98,70,0,291,0,7,9,0,16,123,105,79,0,307,10,0,10,317
09/28/2013,OMA,NE,ACE,CE,Towers with Radar,82,58,26,0,166,0,2,3,0,5,82,60,29,0,171,10,0,10,181
09/29/2013,OMA,NE,ACE,CE,Towers with Radar,112,63,44,0,219,0,2,23,0,25,112,65,67,0,244,14,0,14,258
09/30/2013,OMA,NE,ACE,CE,Towers with Radar,117,79,58,0,254,0,0,12,0,12,117,79,70,0,266,14,0,14,280
10/01/2013,OMA,NE,ACE,CE,Towers with Radar,117,79,50,7,253,0,1,15,1,17,117,80,65,8,270,10,2,12,282
10/02/2013,OMA,NE,ACE,CE,Towers with Radar,126,77,62,8,273,0,8,27,0,35,126,85,89,8,308,26,8,34,342
10/03/2013,OMA,NE,ACE,CE,Towers with Radar,121,87,51,4,263,0,5,12,0,17,121,92,63,4,280,6,2,8,288
10/04/2013,OMA,NE,ACE,CE,Towers with Radar,124,96,42,0,262,0,3,5,0,8,124,99,47,0,270,6,0,6,276
10/05/2013,OMA,NE,ACE,CE,Towers with Radar,91,51,19,0,161,0,6,5,0,11,91,57,24,0,172,6,0,6,178
10/06/2013,OMA,NE,ACE,CE,Towers with Radar,105,53,31,0,189,0,3,1,0,4,105,56,32,0,193,2,0,2,195
10/07/2013,OMA,NE,ACE,CE,Towers with Radar,123,77,63,0,263,0,7,20,0,27,123,84,83,0,290,30,0,30,320
10/08/2013,OMA,NE,ACE,CE,Towers with Radar,116,93,54,0,263,0,10,12,0,22,116,103,66,0,285,14,0,14,299
10/09/2013,OMA,NE,ACE,CE,Towers with Radar,127,80,54,0,261,0,3,10,0,13,127,83,64,0,274,10,0,10,284
10/10/2013,OMA,NE,ACE,CE,Towers with Radar,123,81,64,0,268,0,11,11,0,22,123,92,75,0,290,18,0,18,308
10/11/2013,OMA,NE,ACE,CE,Towers with Radar,128,90,58,0,276,0,6,3,0,9,128,96,61,0,285,8,0,8,293
10/12/2013,OMA,NE,ACE,CE,Towers with Radar,86,48,21,0,155,0,3,16,0,19,86,51,37,0,174,12,0,12,186
10/13/2013,OMA,NE,ACE,CE,Towers with Radar,107,54,34,0,195,0,8,13,0,21,107,62,47,0,216,22,0,22,238
10/14/2013,OMA,NE,ACE,CE,Towers with Radar,118,82,37,0,237,0,0,0,0,0,118,82,37,0,237,6,0,6,243
10/15/2013,OMA,NE,ACE,CE,Towers with Radar,120,81,55,0,256,0,6,5,0,11,120,87,60,0,267,8,0,8,275
10/16/2013,OMA,NE,ACE,CE,Towers with Radar,122,89,63,0,274,0,5,9,0,14,122,94,72,0,288,14,0,14,302
10/17/2013,OMA,NE,ACE,CE,Towers with Radar,125,91,51,0,267,0,7,31,2,40,125,98,82,2,307,38,0,38,345
10/18/2013,OMA,NE,ACE,CE,Towers with Radar,121,83,60,2,266,0,4,15,2,21,121,87,75,4,287,10,0,10,297
10/19/2013,OMA,NE,ACE,CE,Towers with Radar,87,48,14,0,149,0,5,15,0,20,87,53,29,0,169,4,0,4,173
10/20/2013,OMA,NE,ACE,CE,Towers with Radar,108,67,32,6,213,0,4,14,1,19,108,71,46,7,232,16,0,16,248
10/21/2013,OMA,NE,ACE,CE,Towers with Radar,119,76,54,6,255,0,6,13,0,19,119,82,67,6,274,20,4,24,298
10/22/2013,OMA,NE,ACE,CE,Towers with Radar,120,108,52,0,280,0,8,5,0,13,120,116,57,0,293,20,0,20,313
10/23/2013,OMA,NE,ACE,CE,Towers with Radar,123,87,52,0,262,0,7,6,0,13,123,94,58,0,275,8,0,8,283
10/24/2013,OMA,NE,ACE,CE,Towers with Radar,126,93,61,8,288,0,4,17,2,23,126,97,78,10,311,16,6,22,333
10/25/2013,OMA,NE,ACE,CE,Towers with Radar,119,109,55,0,283,0,5,13,0,18,119,114,68,0,301,14,0,14,315
10/26/2013,OMA,NE,ACE,CE,Towers with Radar,89,54,39,3,185,0,7,13,3,23,89,61,52,6,208,14,4,18,226
10/27/2013,OMA,NE,ACE,CE,Towers with Radar,109,62,41,0,212,0,8,20,1,29,109,70,61,1,241,16,0,16,257
10/28/2013,OMA,NE,ACE,CE,Towers with Radar,119,80,46,3,248,0,9,11,1,21,119,89,57,4,269,4,24,28,297
10/29/2013,OMA,NE,ACE,CE,Towers with Radar,119,111,51,0,281,0,0,0,0,0,119,111,51,0,281,2,0,2,283
10/30/2013,OMA,NE,ACE,CE,Towers with Radar,123,107,42,0,272,0,0,0,0,0,123,107,42,0,272,4,0,4,276
10/31/2013,OMA,NE,ACE,CE,Towers with Radar,99,95,83,8,285,0,12,13,0,25,99,107,96,8,310,46,12,58,368
11/01/2013,OMA,NE,ACE,CE,Towers with Radar,118,94,32,9,253,0,5,11,1,17,118,99,43,10,270,8,10,18,288
11/02/2013,OMA,NE,ACE,CE,Towers with Radar,89,55,11,3,158,0,8,29,3,40,89,63,40,6,198,18,0,18,216
11/03/2013,OMA,NE,ACE,CE,Towers with Radar,104,56,31,8,199,0,0,6,1,7,104,56,37,9,206,0,2,2,208
11/04/2013,OMA,NE,ACE,CE,Towers with Radar,114,76,28,0,218,0,11,9,0,20,114,87,37,0,238,30,0,30,268
11/05/2013,OMA,NE,ACE,CE,Towers with Radar,112,94,51,4,261,0,0,1,0,1,112,94,52,4,262,0,4,4,266
11/06/2013,OMA,NE,ACE,CE,Towers with Radar,112,97,44,13,266,0,1,2,0,3,112,98,46,13,269,10,18,28,297
11/07/2013,OMA,NE,ACE,CE,Towers with Radar,119,106,64,6,295,0,5,17,0,22,119,111,81,6,317,8,6,14,331
11/08/2013,OMA,NE,ACE,CE,Towers with Radar,110,101,59,0,270,0,4,10,0,14,110,105,69,0,284,4,0,4,288
11/09/2013,OMA,NE,ACE,CE,Towers with Radar,83,56,22,0,161,0,6,33,0,39,83,62,55,0,200,16,0,16,216
11/10/2013,OMA,NE,ACE,CE,Towers with Radar,98,61,22,0,181,0,8,19,0,27,98,69,41,0,208,16,0,16,224
11/11/2013,OMA,NE,ACE,CE,Towers with Radar,102,80,33,0,215,0,2,4,0,6,102,82,37,0,221,6,0,6,227
11/12/2013,OMA,NE,ACE,CE,Towers with Radar,112,95,48,0,255,0,3,14,1,18,112,98,62,1,273,24,0,24,297
11/13/2013,OMA,NE,ACE,CE,Towers with Radar,112,92,54,2,260,0,2,16,0,18,112,94,70,2,278,36,2,38,316
11/14/2013,OMA,NE,ACE,CE,Towers with Radar,119,91,57,6,273,0,2,19,0,21,119,93,76,6,294,16,4,20,314
11/15/2013,OMA,NE,ACE,CE,Towers with Radar,109,98,52,22,281,0,7,20,0,27,109,105,72,22,308,13,24,37,345
11/16/2013,OMA,NE,ACE,CE,Towers with Radar,80,42,15,4,141,0,6,8,0,14,80,48,23,4,155,14,0,14,169
11/17/2013,OMA,NE,ACE,CE,Towers with Radar,103,58,28,0,189,0,5,10,0,15,103,63,38,0,204,8,0,8,212
11/18/2013,OMA,NE,ACE,CE,Towers with Radar,109,78,31,16,234,0,0,13,0,13,109,78,44,16,247,10,18,28,275
11/19/2013,OMA,NE,ACE,CE,Towers with Radar,112,95,45,0,252,0,6,9,0,15,112,101,54,0,267,4,0,4,271
11/20/2013,OMA,NE,ACE,CE,Towers with Radar,117,111,93,0,321,0,2,23,0,25,117,113,116,0,346,76,0,76,422
11/21/2013,OMA,NE,ACE,CE,Towers with Radar,108,98,60,0,266,0,2,0,0,2,108,100,60,0,268,0,0,0,268
11/22/2013,OMA,NE,ACE,CE,Towers with Radar,125,93,44,5,267,0,2,6,2,10,125,95,50,7,277,16,8,24,301
11/23/2013,OMA,NE,ACE,CE,Towers with Radar,84,48,21,0,153,0,9,10,1,20,84,57,31,1,173,16,0,16,189
11/24/2013,OMA,NE,ACE,CE,Towers with Radar,91,55,27,0,173,0,8,14,0,22,91,63,41,0,195,4,0,4,199
11/25/2013,OMA,NE,ACE,CE,Towers with Radar,100,64,48,20,232,0,5,7,0,12,100,69,55,20,244,10,22,32,276
11/26/2013,OMA,NE,ACE,CE,Towers with Radar,118,99,56,0,273,0,4,14,0,18,118,103,70,0,291,24,6,30,321
11/27/2013,OMA,NE,ACE,CE,Towers with Radar,122,94,50,0,266,0,8,9,0,17,122,102,59,0,283,8,0,8,291
11/28/2013,OMA,NE,ACE,CE,Towers with Radar,55,42,5,0,102,0,2,2,0,4,55,44,7,0,106,0,0,0,106
11/29/2013,OMA,NE,ACE,CE,Towers with Radar,91,59,10,0,160,0,3,8,0,11,91,62,18,0,171,12,0,12,183
11/30/2013,OMA,NE,ACE,CE,Towers with Radar,108,64,17,4,193,0,4,20,2,26,108,68,37,6,219,10,4,14,233
12/01/2013,OMA,NE,ACE,CE,Towers with Radar,113,76,49,0,238,0,9,16,1,26,113,85,65,1,264,14,0,14,278
12/02/2013,OMA,NE,ACE,CE,Towers with Radar,120,87,52,0,259,0,9,11,0,20,120,96,63,0,279,8,0,8,287
12/03/2013,OMA,NE,ACE,CE,Towers with Radar,105,99,51,0,255,0,0,1,0,1,105,99,52,0,256,0,0,0,256
12/04/2013,OMA,NE,ACE,CE,Towers with Radar,106,87,47,10,250,0,1,0,0,1,106,88,47,10,251,0,0,0,251
12/05/2013,OMA,NE,ACE,CE,Towers with Radar,112,95,58,25,290,0,3,2,0,5,112,98,60,25,295,0,36,36,331
12/06/2013,OMA,NE,ACE,CE,Towers with Radar,93,76,44,35,248,0,4,8,5,17,93,80,52,40,265,0,20,20,285
12/07/2013,OMA,NE,ACE,CE,Towers with Radar,81,50,27,13,171,0,5,17,0,22,81,55,44,13,193,30,6,36,229
12/08/2013,OMA,NE,ACE,CE,Towers with Radar,83,54,17,0,154,0,0,0,0,0,83,54,17,0,154,0,0,0,154
12/09/2013,OMA,NE,ACE,CE,Towers with Radar,102,89,56,0,247,0,0,20,0,20,102,89,76,0,267,26,0,26,293
12/10/2013,OMA,NE,ACE,CE,Towers with Radar,107,92,64,3,266,0,6,13,1,20,107,98,77,4,286,8,0,8,294
12/11/2013,OMA,NE,ACE,CE,Towers with Radar,108,93,68,0,269,0,6,8,0,14,108,99,76,0,283,2,0,2,285
12/12/2013,OMA,NE,ACE,CE,Towers with Radar,112,89,51,2,254,0,5,20,3,28,112,94,71,5,282,6,4,10,292
12/13/2013,OMA,NE,ACE,CE,Towers with Radar,113,96,47,2,258,0,8,6,0,14,113,104,53,2,272,6,2,8,280
12/14/2013,OMA,NE,ACE,CE,Towers with Radar,81,49,20,0,150,0,5,8,0,13,81,54,28,0,163,6,0,6,169
12/15/2013,OMA,NE,ACE,CE,Towers with Radar,96,52,26,2,176,0,5,11,0,16,96,57,37,2,192,10,0,10,202
12/16/2013,OMA,NE,ACE,CE,Towers with Radar,108,73,41,0,222,0,3,4,0,7,108,76,45,0,229,4,0,4,233
12/17/2013,OMA,NE,ACE,CE,Towers with Radar,119,81,39,0,239,0,4,10,0,14,119,85,49,0,253,8,0,8,261
12/18/2013,OMA,NE,ACE,CE,Towers with Radar,118,84,53,1,256,0,2,15,0,17,118,86,68,1,273,4,0,4,277
12/19/2013,OMA,NE,ACE,CE,Towers with Radar,110,90,35,1,236,0,2,3,0,5,110,92,38,1,241,4,0,4,245
12/20/2013,OMA,NE,ACE,CE,Towers with Radar,119,103,40,0,262,0,4,1,0,5,119,107,41,0,267,0,0,0,267
12/21/2013,OMA,NE,ACE,CE,Towers with Radar,102,79,21,0,202,0,4,2,0,6,102,83,23,0,208,14,0,14,222
12/22/2013,OMA,NE,ACE,CE,Towers with Radar,97,58,30,0,185,0,9,11,0,20,97,67,41,0,205,6,0,6,211
12/23/2013,OMA,NE,ACE,CE,Towers with Radar,97,80,23,0,200,0,3,7,0,10,97,83,30,0,210,0,0,0,210
12/24/2013,OMA,NE,ACE,CE,Towers with Radar,93,88,5,0,186,0,2,0,0,2,93,90,5,0,188,0,0,0,188
12/25/2013,OMA,NE,ACE,CE,Towers with Radar,76,35,3,0,114,0,2,1,0,3,76,37,4,0,117,0,0,0,117
12/26/2013,OMA,NE,ACE,CE,Towers with Radar,109,106,30,0,245,0,2,13,0,15,109,108,43,0,260,14,0,14,274
12/27/2013,OMA,NE,ACE,CE,Towers with Radar,113,100,39,0,252,0,7,25,0,32,113,107,64,0,284,22,0,22,306
12/28/2013,OMA,NE,ACE,CE,Towers with Radar,101,62,23,0,186,0,0,26,0,26,101,62,49,0,212,42,0,42,254
12/29/2013,OMA,NE,ACE,CE,Towers with Radar,89,46,13,0,148,0,1,6,0,7,89,47,19,0,155,0,0,0,155
12/30/2013,OMA,NE,ACE,CE,Towers with Radar,101,67,19,0,187,0,3,6,0,9,101,70,25,0,196,12,0,12,208
12/31/2013,OMA,NE,ACE,CE,Towers with Radar,96,83,16,0,195,0,1,12,0,13,96,84,28,0,208,0,0,0,208
01/01/2014,OMA,NE,ACE,CE,Towers with Radar,75,43,5,0,123,0,6,0,0,6,75,49,5,0,129,0,0,0,129
01/02/2014,OMA,NE,ACE,CE,Towers with Radar,97,86,30,0,213,0,6,7,0,13,97,92,37,0,226,0,0,0,226
01/03/2014,OMA,NE,ACE,CE,Towers with Radar,99,78,20,0,197,0,0,3,0,3,99,78,23,0,200,2,0,2,202
01/04/2014,OMA,NE,ACE,CE,Towers with Radar,84,64,32,0,180,0,2,4,0,6,84,66,36,0,186,2,0,2,188
01/05/2014,OMA,NE,ACE,CE,Towers with Radar,78,44,19,0,141,0,0,4,0,4,78,44,23,0,145,2,0,2,147
01/06/2014,OMA,NE,ACE,CE,Towers with Radar,82,68,21,0,171,0,3,4,0,7,82,71,25,0,178,8,0,8,186
01/07/2014,OMA,NE,ACE,CE,Towers with Radar,95,82,52,0,229,0,9,9,0,18,95,91,61,0,247,10,0,10,257
01/08/2014,OMA,NE,ACE,CE,Towers with Radar,106,90,38,1,235,0,7,13,1,21,106,97,51,2,256,6,0,6,262
01/09/2014,OMA,NE,ACE,CE,Towers with Radar,107,109,30,0,246,0,5,3,0,8,107,114,33,0,254,12,0,12,266
01/10/2014,OMA,NE,ACE,CE,Towers with Radar,108,94,31,0,233,0,0,0,0,0,108,94,31,0,233,0,0,0,233
01/11/2014,OMA,NE,ACE,CE,Towers with Radar,81,44,15,0,140,0,7,18,0,25,81,51,33,0,165,22,0,22,187
01/12/2014,OMA,NE,ACE,CE,Towers with Radar,90,59,29,0,178,0,2,16,0,18,90,61,45,0,196,16,0,16,212
01/13/2014,OMA,NE,ACE,CE,Towers with Radar,105,81,47,0,233,0,4,9,0,13,105,85,56,0,246,14,0,14,260
01/14/2014,OMA,NE,ACE,CE,Towers with Radar,102,106,48,8,264,0,0,4,0,4,102,106,52,8,268,6,8,14,282
01/15/2014,OMA,NE,ACE,CE,Towers with Radar,108,93,46,0,247,0,10,14,0,24,108,103,60,0,271,20,0,20,291
01/16/2014,OMA,NE,ACE,CE,Towers with Radar,101,86,40,4,231,0,0,2,0,2,101,86,42,4,233,4,0,4,237
01/17/2014,OMA,NE,ACE,CE,Towers with Radar,109,90,47,0,246,0,11,17,0,28,109,101,64,0,274,14,0,14,288
01/18/2014,OMA,NE,ACE,CE,Towers with Radar,79,43,13,0,135,0,3,2,0,5,79,46,15,0,140,2,0,2,142
01/19/2014,OMA,NE,ACE,CE,Towers with Radar,89,53,30,0,172,0,7,28,0,35,89,60,58,0,207,14,0,14,221
01/20/2014,OMA,NE,ACE,CE,Towers with Radar,102,79,55,0,236,0,7,12,0,19,102,86,67,0,255,14,0,14,269
01/21/2014,OMA,NE,ACE,CE,Towers with Radar,107,89,56,3,255,0,3,20,0,23,107,92,76,3,278,30,0,30,308
01/22/2014,OMA,NE,ACE,CE,Towers with Radar,108,84,45,0,237,0,8,2,0,10,108,92,47,0,247,2,0,2,249
01/23/2014,OMA,NE,ACE,CE,Towers with Radar,108,99,37,0,244,0,1,11,0,12,108,100,48,0,256,10,0,10,266
01/24/2014,OMA,NE,ACE,CE,Towers with Radar,109,93,39,4,245,0,4,7,0,11,109,97,46,4,256,4,6,10,266
01/25/2014,OMA,NE,ACE,CE,Towers with Radar,77,65,24,0,166,0,3,3,0,6,77,68,27,0,172,6,0,6,178
01/26/2014,OMA,NE,ACE,CE,Towers with Radar,87,60,17,0,164,0,3,6,0,9,87,63,23,0,173,30,0,30,203
01/27/2014,OMA,NE,ACE,CE,Towers with Radar,100,77,35,0,212,0,4,10,0,14,100,81,45,0,226,14,0,14,240
01/28/2014,OMA,NE,ACE,CE,Towers with Radar,89,73,37,0,199,0,7,4,0,11,89,80,41,0,210,2,0,2,212
01/29/2014,OMA,NE,ACE,CE,Towers with Radar,100,91,37,0,228,0,11,17,0,28,100,102,54,0,256,17,0,17,273
01/30/2014,OMA,NE,ACE,CE,Towers with Radar,104,100,43,0,247,0,4,6,0,10,104,104,49,0,257,24,0,24,281
01/31/2014,OMA,NE,ACE,CE,Towers with Radar,108,97,43,0,248,0,4,9,0,13,108,101,52,0,261,10,0,10,271
02/01/2014,OMA,NE,ACE,CE,Towers with Radar,70,54,18,0,142,0,4,2,0,6,70,58,20,0,148,0,0,0,148
02/02/2014,OMA,NE,ACE,CE,Towers with Radar,79,61,28,1,169,0,3,21,0,24,79,64,49,1,193,20,0,20,213
02/03/2014,OMA,NE,ACE,CE,Towers with Radar,99,95,46,1,241,0,3,9,0,12,99,98,55,1,253,12,0,12,265
02/04/2014,OMA,NE,ACE,CE,Towers with Radar,108,65,31,0,204,0,0,0,0,0,108,65,31,0,204,8,0,8,212
02/05/2014,OMA,NE,ACE,CE,Towers with Radar,101,83,51,0,235,0,3,4,0,7,101,86,55,0,242,6,0,6,248
02/06/2014,OMA,NE,ACE,CE,Towers with Radar,98,106,43,2,249,0,6,3,0,9,98,112,46,2,258,4,4,8,266
02/07/2014,OMA,NE,ACE,CE,Towers with Radar,107,87,36,4,234,0,2,6,0,8,107,89,42,4,242,4,4,8,250
02/08/2014,OMA,NE,ACE,CE,Towers with Radar,75,52,18,0,145,0,1,4,0,5,75,53,22,0,150,0,0,0,150
02/09/2014,OMA,NE,ACE,CE,Towers with Radar,91,64,18,0,173,0,4,2,0,6,91,68,20,0,179,14,0,14,193
02/10/2014,OMA,NE,ACE,CE,Towers with Radar,100,85,57,2,244,0,2,9,0,11,100,87,66,2,255,14,4,18,273
02/11/2014,OMA,NE,ACE,CE,Towers with Radar,103,89,49,0,241,0,3,9,0,12,103,92,58,0,253,10,0,10,263
02/12/2014,OMA,NE,ACE,CE,Towers with Radar,97,108,48,0,253,0,4,1,0,5,97,112,49,0,258,2,0,2,260
02/13/2014,OMA,NE,ACE,CE,Towers with Radar,101,91,51,0,243,0,7,5,0,12,101,98,56,0,255,12,0,12,267
02/14/2014,OMA,NE,ACE,CE,Towers with Radar,112,86,44,1,243,0,3,3,0,6,112,89,47,1,249,0,0,0,249
02/15/2014,OMA,NE,ACE,CE,Towers with Radar,87,50,24,2,163,0,2,7,0,9,87,52,31,2,172,30,0,30,202
02/16/2014,OMA,NE,ACE,CE,Towers with Radar,92,58,29,1,180,0,4,0,0,4,92,62,29,1,184,6,8,14,198
02/17/2014,OMA,NE,ACE,CE,Towers with Radar,100,79,30,0,209,0,9,15,0,24,100,88,45,0,233,10,0,10,243
02/18/2014,OMA,NE,ACE,CE,Towers with Radar,109,103,40,2,254,0,2,10,0,12,109,105,50,2,266,12,0,12,278
02/19/2014,OMA,NE,ACE,CE,Towers with Radar,113,108,52,0,273,0,2,6,0,8,113,110,58,0,281,8,0,8,289
02/20/2014,OMA,NE,ACE,CE,Towers with Radar,107,90,44,0,241,0,2,1,0,3,107,92,45,0,244,2,0,2,246
02/21/2014,OMA,NE,ACE,CE,Towers with Radar,113,100,45,5,263,0,1,8,0,9,113,101,53,5,272,14,2,16,288
02/22/2014,OMA,NE,ACE,CE,Towers with Radar,88,51,23,2,164,0,4,23,0,27,88,55,46,2,191,30,0,30,221
02/23/2014,OMA,NE,ACE,CE,Towers with Radar,98,69,20,0,187,0,2,10,0,12,98,71,30,0,199,8,0,8,207
02/24/2014,OMA,NE,ACE,CE,Towers with Radar,106,76,42,0,224,0,1,2,0,3,106,77,44,0,227,0,0,0,227
02/25/2014,OMA,NE,ACE,CE,Towers with Radar,108,97,54,2,261,0,2,4,0,6,108,99,58,2,267,6,2,8,275
02/26/2014,OMA,NE,ACE,CE,Towers with Radar,112,114,58,0,284,0,3,7,0,10,112,117,65,0,294,8,0,8,302
02/27/2014,OMA,NE,ACE,CE,Towers with Radar,114,112,42,0,268,0,8,15,0,23,114,120,57,0,291,32,0,32,323
02/28/2014,OMA,NE,ACE,CE,Towers with Radar,114,86,41,0,241,0,1,9,0,10,114,87,50,0,251,4,2,6,257
03/01/2014,OMA,NE,ACE,CE,Towers with Radar,88,47,3,0,138,0,0,2,0,2,88,47,5,0,140,4,0,4,144
03/02/2014,OMA,NE,ACE,CE,Towers with Radar,98,52,17,0,167,0,2,0,0,2,98,54,17,0,169,10,0,10,179
03/03/2014,OMA,NE,ACE,CE,Towers with Radar,109,80,21,0,210,0,2,1,0,3,109,82,22,0,213,6,0,6,219
03/04/2014,OMA,NE,ACE,CE,Towers with Radar,120,89,31,2,242,0,4,11,2,17,120,93,42,4,259,24,0,24,283
03/05/2014,OMA,NE,ACE,CE,Towers with Radar,119,90,49,3,261,0,0,3,0,3,119,90,52,3,264,6,2,8,272
03/06/2014,OMA,NE,ACE,CE,Towers with Radar,120,95,52,6,273,0,2,2,0,4,120,97,54,6,277,4,8,12,289
03/07/2014,OMA,NE,ACE,CE,Towers with Radar,117,84,50,1,252,0,1,2,0,3,117,85,52,1,255,4,0,4,259
03/08/2014,OMA,NE,ACE,CE,Towers with Radar,91,55,20,1,167,0,0,28,0,28,91,55,48,1,195,18,0,18,213
03/09/2014,OMA,NE,ACE,CE,Towers with Radar,104,52,16,0,172,0,4,6,0,10,104,56,22,0,182,16,0,16,198
03/10/2014,OMA,NE,ACE,CE,Towers with Radar,118,68,34,0,220,0,4,29,2,35,118,72,63,2,255,80,0,80,335
03/11/2014,OMA,NE,ACE,CE,Towers with Radar,122,91,54,0,267,0,0,4,0,4,122,91,58,0,271,8,0,8,279
03/12/2014,OMA,NE,ACE,CE,Towers with Radar,126,96,35,2,259,0,10,10,0,20,126,106,45,2,279,20,0,20,299
03/13/2014,OMA,NE,ACE,CE,Towers with Radar,129,90,50,9,278,0,8,12,0,20,129,98,62,9,298,38,12,50,348
03/14/2014,OMA,NE,ACE,CE,Towers with Radar,120,81,39,4,244,0,12,13,1,26,120,93,52,5,270,10,0,10,280
03/15/2014,OMA,NE,ACE,CE,Towers with Radar,90,52,13,19,174,0,2,21,2,25,90,54,34,21,199,22,30,52,251
03/16/2014,OMA,NE,ACE,CE,Towers with Radar,106,59,21,9,195,0,0,13,0,13,106,59,34,9,208,8,0,8,216
03/17/2014,OMA,NE,ACE,CE,Towers with Radar,116,69,31,2,218,0,4,2,0,6,116,73,33,2,224,14,4,18,242
03/18/2014,OMA,NE,ACE,CE,Towers with Radar,125,91,34,0,250,0,5,11,0,16,125,96,45,0,266,12,0,12,278
03/19/2014,OMA,NE,ACE,CE,Towers with Radar,126,93,58,13,290,0,8,22,0,30,126,101,80,13,320,48,8,56,376
03/20/2014,OMA,NE,ACE,CE,Towers with Radar,122,88,55,6,271,0,1,17,0,18,122,89,72,6,289,22,0,22,311
03/21/2014,OMA,NE,ACE,CE,Towers with Radar,125,88,34,47,294,0,2,4,5,11,125,90,38,52,305,16,48,64,369
03/22/2014,OMA,NE,ACE,CE,Towers with Radar,90,60,16,11,177,0,4,11,0,15,90,64,27,11,192,26,12,38,230
03/23/2014,OMA,NE,ACE,CE,Towers with Radar,105,58,37,0,200,0,6,14,0,20,105,64,51,0,220,12,0,12,232
03/24/2014,OMA,NE,ACE,CE,Towers with Radar,117,75,44,17,253,0,4,15,1,20,117,79,59,18,273,20,16,36,309
03/25/2014,OMA,NE,ACE,CE,Towers with Radar,126,104,53,9,292,0,3,8,7,18,126,107,61,16,310,12,8,20,330
03/26/2014,OMA,NE,ACE,CE,Towers with Radar,134,90,54,0,278,0,8,9,0,17,134,98,63,0,295,22,0,22,317
03/27/2014,OMA,NE,ACE,CE,Towers with Radar,123,95,47,0,265,0,0,0,0,0,123,95,47,0,265,0,0,0,265
03/28/2014,OMA,NE,ACE,CE,Towers with Radar,121,96,43,0,260,0,3,2,0,5,121,99,45,0,265,18,0,18,283
03/29/2014,OMA,NE,ACE,CE,Towers with Radar,93,48,29,0,170,0,7,19,0,26,93,55,48,0,196,16,0,16,212
03/30/2014,OMA,NE,ACE,CE,Towers with Radar,103,51,19,7,180,0,5,9,0,14,103,56,28,7,194,12,4,16,210
03/31/2014,OMA,NE,ACE,CE,Towers with Radar,117,64,21,0,202,0,10,6,0,16,117,74,27,0,218,8,0,8,226
04/01/2014,OMA,NE,ACE,CE,Towers with Radar,121,82,51,2,256,0,7,11,0,18,121,89,62,2,274,12,2,14,288
04/02/2014,OMA,NE,ACE,CE,Towers with Radar,123,114,45,0,282,0,3,1,0,4,123,117,46,0,286,14,0,14,300
04/03/2014,OMA,NE,ACE,CE,Towers with Radar,116,89,46,0,251,0,0,0,0,0,116,89,46,0,251,12,0,12,263
04/04/2014,OMA,NE,ACE,CE,Towers with Radar,122,84,29,0,235,0,4,8,0,12,122,88,37,0,247,10,2,12,259
04/05/2014,OMA,NE,ACE,CE,Towers with Radar,89,54,21,0,164,0,11,26,0,37,89,65,47,0,201,22,0,22,223
04/06/2014,OMA,NE,ACE,CE,Towers with Radar,101,53,24,5,183,0,2,19,0,21,101,55,43,5,204,6,4,10,214
04/07/2014,OMA,NE,ACE,CE,Towers with Radar,112,60,58,7,237,0,9,12,0,21,112,69,70,7,258,16,6,22,280
04/08/2014,OMA,NE,ACE,CE,Towers with Radar,126,93,55,4,278,0,10,17,0,27,126,103,72,4,305,8,2,10,315
04/09/2014,OMA,NE,ACE,CE,Towers with Radar,124,92,46,3,265,0,3,17,0,20,124,95,63,3,285,4,0,4,289
04/10/2014,OMA,NE,ACE,CE,Towers with Radar,125,77,62,14,278,0,9,14,0,23,125,86,76,14,301,14,10,24,325
04/11/2014,OMA,NE,ACE,CE,Towers with Radar,127,66,65,18,276,0,8,20,2,30,127,74,85,20,306,20,14,34,340
04/12/2014,OMA,NE,ACE,CE,Towers with Radar,86,40,25,3,154,0,9,7,0,16,86,49,32,3,170,6,0,6,176
04/13/2014,OMA,NE,ACE,CE,Towers with Radar,114,44,19,0,177,0,0,1,0,1,114,44,20,0,178,4,0,4,182
04/14/2014,OMA,NE,ACE,CE,Towers with Radar,125,64,40,0,229,0,3,3,0,6,125,67,43,0,235,6,0,6,241
04/15/2014,OMA,NE,ACE,CE,Towers with Radar,124,81,58,4,267,0,11,10,0,21,124,92,68,4,288,18,4,22,310
04/16/2014,OMA,NE,ACE,CE,Towers with Radar,123,77,53,6,259,0,13,8,0,21,123,90,61,6,280,4,8,12,292
04/17/2014,OMA,NE,ACE,CE,Towers with Radar,128,71,71,0,270,0,12,13,0,25,128,83,84,0,295,14,0,14,309
04/18/2014,OMA,NE,ACE,CE,Towers with Radar,126,65,23,0,214,0,2,12,0,14,126,67,35,0,228,8,0,8,236
04/19/2014,OMA,NE,ACE,CE,Towers with Radar,85,33,13,0,131,0,12,13,1,26,85,45,26,1,157,14,0,14,171
04/20/2014,OMA,NE,ACE,CE,Towers with Radar,104,52,15,0,171,0,5,8,1,14,104,57,23,1,185,22,0,22,207
04/21/2014,OMA,NE,ACE,CE,Towers with Radar,124,72,49,0,245,0,2,4,0,6,124,74,53,0,251,6,0,6,257
04/22/2014,OMA,NE,ACE,CE,Towers with Radar,127,81,56,0,264,0,6,17,0,23,127,87,73,0,287,24,4,28,315
04/23/2014,OMA,NE,ACE,CE,Towers with Radar,122,73,69,0,264,0,2,5,0,7,122,75,74,0,271,2,0,2,273
04/24/2014,OMA,NE,ACE,CE,Towers with Radar,126,72,58,0,256,0,1,12,0,13,126,73,70,0,269,10,0,10,279
04/25/2014,OMA,NE,ACE,CE,Towers with Radar,129,67,50,13,259,0,8,22,0,30,129,75,72,13,289,6,8,14,303
04/26/2014,OMA,NE,ACE,CE,Towers with Radar,89,37,24,2,152,0,2,15,0,17,89,39,39,2,169,26,0,26,195
04/27/2014,OMA,NE,ACE,CE,Towers with Radar,108,47,13,0,168,0,8,4,0,12,108,55,17,0,180,2,0,2,182
04/28/2014,OMA,NE,ACE,CE,Towers with Radar,124,65,40,0,229,0,2,7,0,9,124,67,47,0,238,38,0,38,276
04/29/2014,OMA,NE,ACE,CE,Towers with Radar,123,70,45,4,242,0,0,0,0,0,123,70,45,4,242,0,0,0,242
04/30/2014,OMA,NE,ACE,CE,Towers with Radar,120,99,66,0,285,0,5,1,0,6,120,104,67,0,291,0,0,0,291
05/01/2014,OMA,NE,ACE,CE,Towers with Radar,127,104,78,0,309,0,0,4,0,4,127,104,82,0,313,8,0,8,321
05/02/2014,OMA,NE,ACE,CE,Towers with Radar,143,132,119,4,398,0,3,15,1,19,143,135,134,5,417,8,4,12,429
05/03/2014,OMA,NE,ACE,CE,Towers with Radar,94,115,70,6,285,0,8,22,0,30,94,123,92,6,315,24,6,30,345
05/04/2014,OMA,NE,ACE,CE,Towers with Radar,130,104,76,1,311,0,6,9,0,15,130,110,85,1,326,0,0,0,326
05/05/2014,OMA,NE,ACE,CE,Towers with Radar,131,86,59,6,282,0,3,13,0,16,131,89,72,6,298,12,6,18,316
05/06/2014,OMA,NE,ACE,CE,Towers with Radar,137,72,56,17,282,0,4,11,0,15,137,76,67,17,297,20,12,32,329
05/07/2014,OMA,NE,ACE,CE,Towers with Radar,136,100,49,4,289,0,8,21,2,31,136,108,70,6,320,32,2,34,354
05/08/2014,OMA,NE,ACE,CE,Towers with Radar,133,92,25,0,250,0,2,6,0,8,133,94,31,0,258,2,0,2,260
05/09/2014,OMA,NE,ACE,CE,Towers with Radar,134,77,39,1,251,0,2,18,0,20,134,79,57,1,271,22,0,22,293
05/10/2014,OMA,NE,ACE,CE,Towers with Radar,95,47,20,0,162,0,4,11,0,15,95,51,31,0,177,22,0,22,199
05/11/2014,OMA,NE,ACE,CE,Towers with Radar,117,44,5,1,167,0,5,1,1,7,117,49,6,2,174,6,0,6,180
05/12/2014,OMA,NE,ACE,CE,Towers with Radar,133,75,67,0,275,0,1,2,0,3,133,76,69,0,278,4,0,4,282
05/13/2014,OMA,NE,ACE,CE,Towers with Radar,128,68,55,0,251,0,1,8,0,9,128,69,63,0,260,6,0,6,266
05/14/2014,OMA,NE,ACE,CE,Towers with Radar,132,81,59,5,277,0,6,17,1,24,132,87,76,6,301,14,2,16,317
05/15/2014,OMA,NE,ACE,CE,Towers with Radar,134,69,52,2,257,0,6,13,0,19,134,75,65,2,276,10,2,12,288
05/16/2014,OMA,NE,ACE,CE,Towers with Radar,133,74,47,27,281,0,10,19,0,29,133,84,66,27,310,22,34,56,366
05/17/2014,OMA,NE,ACE,CE,Towers with Radar,96,50,24,5,175,0,1,23,0,24,96,51,47,5,199,28,0,28,227
05/18/2014,OMA,NE,ACE,CE,Towers with Radar,121,46,25,1,193,0,12,24,0,36,121,58,49,1,229,4,0,4,233
05/19/2014,OMA,NE,ACE,CE,Towers with Radar,128,89,58,1,276,0,3,5,0,8,128,92,63,1,284,4,0,4,288
05/20/2014,OMA,NE,ACE,CE,Towers with Radar,132,84,53,10,279,0,3,22,0,25,132,87,75,10,304,37,10,47,351
05/21/2014,OMA,NE,ACE,CE,Towers with Radar,132,84,53,7,276,0,8,23,0,31,132,92,76,7,307,12,2,14,321
05/22/2014,OMA,NE,ACE,CE,Towers with Radar,130,81,59,14,284,0,3,11,0,14,130,84,70,14,298,32,8,40,338
05/23/2014,OMA,NE,ACE,CE,Towers with Radar,136,76,55,1,268,0,2,21,0,23,136,78,76,1,291,2,0,2,293
05/24/2014,OMA,NE,ACE,CE,Towers with Radar,92,55,17,0,164,0,6,17,1,24,92,61,34,1,188,16,0,16,204
05/25/2014,OMA,NE,ACE,CE,Towers with Radar,93,33,18,0,144,0,3,9,1,13,93,36,27,1,157,8,0,8,165
05/26/2014,OMA,NE,ACE,CE,Towers with Radar,114,42,26,0,182,0,4,6,0,10,114,46,32,0,192,2,0,2,194
05/27/2014,OMA,NE,ACE,CE,Towers with Radar,123,74,36,11,244,0,3,16,0,19,123,77,52,11,263,18,12,30,293
05/28/2014,OMA,NE,ACE,CE,Towers with Radar,132,75,69,2,278,0,12,28,5,45,132,87,97,7,323,32,4,36,359
05/29/2014,OMA,NE,ACE,CE,Towers with Radar,133,75,42,2,252,0,3,14,1,18,133,78,56,3,270,8,0,8,278
05/30/2014,OMA,NE,ACE,CE,Towers with Radar,136,71,39,2,248,0,5,12,0,17,136,76,51,2,265,20,0,20,285
05/31/2014,OMA,NE,ACE,CE,Towers with Radar,95,40,16,16,167,0,9,15,0,24,95,49,31,16,191,20,6,26,217
06/01/2014,OMA,NE,ACE,CE,Towers with Radar,111,46,27,4,188,0,1,11,0,12,111,47,38,4,200,22,0,22,222
06/02/2014,OMA,NE,ACE,CE,Towers with Radar,127,63,47,6,243,0,6,12,0,18,127,69,59,6,261,20,2,22,283
06/03/2014,OMA,NE,ACE,CE,Towers with Radar,87,48,39,0,174,0,3,8,0,11,87,51,47,0,185,12,0,12,197
06/04/2014,OMA,NE,ACE,CE,Towers with Radar,147,81,70,2,300,0,6,6,0,12,147,87,76,2,312,4,0,4,316
06/05/2014,OMA,NE,ACE,CE,Towers with Radar,134,81,48,0,263,0,5,4,0,9,134,86,52,0,272,10,0,10,282
06/06/2014,OMA,NE,ACE,CE,Towers with Radar,131,77,44,28,280,0,2,15,2,19,131,79,59,30,299,40,44,84,383
06/07/2014,OMA,NE,ACE,CE,Towers with Radar,106,47,12,2,167,0,3,8,0,11,106,50,20,2,178,6,4,10,188
06/08/2014,OMA,NE,ACE,CE,Towers with Radar,114,52,27,11,204,0,0,9,1,10,114,52,36,12,214,34,4,38,252
06/09/2014,OMA,NE,ACE,CE,Towers with Radar,126,67,51,3,247,0,2,7,0,9,126,69,58,3,256,2,4,6,262
06/10/2014,OMA,NE,ACE,CE,Towers with Radar,138,75,53,8,274,0,7,31,0,38,138,82,84,8,312,16,12,28,340
06/11/2014,OMA,NE,ACE,CE,Towers with Radar,132,96,62,0,290,0,6,17,0,23,132,102,79,0,313,22,0,22,335
06/12/2014,OMA,NE,ACE,CE,Towers with Radar,135,81,42,11,269,0,5,31,0,36,135,86,73,11,305,16,10,26,331
06/13/2014,OMA,NE,ACE,CE,Towers with Radar,130,84,55,17,286,0,5,27,1,33,130,89,82,18,319,12,34,46,365
06/14/2014,OMA,NE,ACE,CE,Towers with Radar,108,75,63,1,247,0,2,9,0,11,108,77,72,1,258,24,0,24,282
06/15/2014,OMA,NE,ACE,CE,Towers with Radar,123,77,154,6,360,0,6,20,0,26,123,83,174,6,386,8,0,8,394
06/16/2014,OMA,NE,ACE,CE,Towers with Radar,123,88,83,4,298,0,3,9,0,12,123,91,92,4,310,6,0,6,316
06/17/2014,OMA,NE,ACE,CE,Towers with Radar,132,93,96,2,323,0,2,10,2,14,132,95,106,4,337,6,0,6,343
06/18/2014,OMA,NE,ACE,CE,Towers with Radar,128,91,89,2,310,0,5,20,0,25,128,96,109,2,335,32,2,34,369
06/19/2014,OMA,NE,ACE,CE,Towers with Radar,138,90,67,15,310,0,0,18,0,18,138,90,85,15,328,10,14,24,352
06/20/2014,OMA,NE,ACE,CE,Towers with Radar,114,70,75,16,275,0,3,14,0,17,114,73,89,16,292,10,14,24,316
06/21/2014,OMA,NE,ACE,CE,Towers with Radar,119,62,54,4,239,0,5,34,0,39,119,67,88,4,278,36,0,36,314
06/22/2014,OMA,NE,ACE,CE,Towers with Radar,120,54,45,1,220,0,4,5,1,10,120,58,50,2,230,12,0,12,242
06/23/2014,OMA,NE,ACE,CE,Towers with Radar,123,70,43,8,244,0,8,11,0,19,123,78,54,8,263,2,4,6,269
06/24/2014,OMA,NE,ACE,CE,Towers with Radar,126,84,84,19,313,0,1,13,3,17,126,85,97,22,330,28,24,52,382
06/25/2014,OMA,NE,ACE,CE,Towers with Radar,133,90,45,17,285,0,6,19,4,29,133,96,64,21,314,40,22,62,376
06/26/2014,OMA,NE,ACE,CE,Towers with Radar,136,95,69,0,300,0,7,13,0,20,136,102,82,0,320,14,0,14,334
06/27/2014,OMA,NE,ACE,CE,Towers with Radar,127,78,45,1,251,0,8,5,0,13,127,86,50,1,264,8,16,24,288
06/28/2014,OMA,NE,ACE,CE,Towers with Radar,105,49,13,0,167,0,8,6,3,17,105,57,19,3,184,2,4,6,190
06/29/2014,OMA,NE,ACE,CE,Towers with Radar,110,49,21,1,181,0,2,14,1,17,110,51,35,2,198,6,0,6,204
06/30/2014,OMA,NE,ACE,CE,Towers with Radar,121,80,32,4,237,0,0,5,0,5,121,80,37,4,242,2,4,6,248
07/01/2014,OMA,NE,ACE,CE,Towers with Radar,126,75,48,18,267,0,8,11,6,25,126,83,59,24,292,8,22,30,322
07/02/2014,OMA,NE,ACE,CE,Towers with Radar,125,93,48,4,270,0,16,15,0,31,125,109,63,4,301,70,2,72,373
07/03/2014,OMA,NE,ACE,CE,Towers with Radar,120,92,23,0,235,0,4,18,0,22,120,96,41,0,257,42,0,42,299
07/04/2014,OMA,NE,ACE,CE,Towers with Radar,81,19,16,0,116,0,10,18,0,28,81,29,34,0,144,14,0,14,158
07/05/2014,OMA,NE,ACE,CE,Towers with Radar,94,41,10,0,145,0,1,10,0,11,94,42,20,0,156,6,0,6,162
07/06/2014,OMA,NE,ACE,CE,Towers with Radar,106,62,30,0,198,0,2,13,0,15,106,64,43,0,213,6,0,6,219
07/07/2014,OMA,NE,ACE,CE,Towers with Radar,123,71,34,0,228,0,2,8,0,10,123,73,42,0,238,8,0,8,246
07/08/2014,OMA,NE,ACE,CE,Towers with Radar,124,80,43,16,263,0,8,16,2,26,124,88,59,18,289,4,12,16,305
07/09/2014,OMA,NE,ACE,CE,Towers with Radar,131,87,54,25,297,0,2,13,5,20,131,89,67,30,317,2,28,30,347
07/10/2014,OMA,NE,ACE,CE,Towers with Radar,126,85,53,8,272,0,4,25,2,31,126,89,78,10,303,22,6,28,331
07/11/2014,OMA,NE,ACE,CE,Towers with Radar,124,75,42,0,241,0,1,15,0,16,124,76,57,0,257,54,0,54,311
07/12/2014,OMA,NE,ACE,CE,Towers with Radar,111,37,18,16,182,0,5,19,0,24,111,42,37,16,206,32,26,58,264
07/13/2014,OMA,NE,ACE,CE,Towers with Radar,108,52,28,3,191,0,2,10,0,12,108,54,38,3,203,6,0,6,209
07/14/2014,OMA,NE,ACE,CE,Towers with Radar,118,61,57,22,258,0,5,8,0,13,118,66,65,22,271,8,19,27,298
07/15/2014,OMA,NE,ACE,CE,Towers with Radar,119,79,56,14,268,0,5,24,0,29,119,84,80,14,297,31,14,45,342
07/16/2014,OMA,NE,ACE,CE,Towers with Radar,126,77,58,8,269,0,5,18,0,23,126,82,76,8,292,18,0,18,310
07/17/2014,OMA,NE,ACE,CE,Towers with Radar,120,90,53,19,282,0,7,15,6,28,120,97,68,25,310,14,18,32,342
07/18/2014,OMA,NE,ACE,CE,Towers with Radar,125,78,43,0,246,0,3,14,2,19,125,81,57,2,265,0,0,0,265
07/19/2014,OMA,NE,ACE,CE,Towers with Radar,107,45,19,3,174,0,6,29,1,36,107,51,48,4,210,51,0,51,261
07/20/2014,OMA,NE,ACE,CE,Towers with Radar,108,51,37,3,199,0,5,13,0,18,108,56,50,3,217,12,0,12,229
07/21/2014,OMA,NE,ACE,CE,Towers with Radar,118,77,53,6,254,0,6,10,0,16,118,83,63,6,270,4,0,4,274
07/22/2014,OMA,NE,ACE,CE,Towers with Radar,128,78,53,7,266,0,11,25,0,36,128,89,78,7,302,18,20,38,340
07/23/2014,OMA,NE,ACE,CE,Towers with Radar,123,94,58,11,286,0,7,23,0,30,123,101,81,11,316,24,6,30,346
07/24/2014,OMA,NE,ACE,CE,Towers with Radar,128,94,40,4,266,0,8,20,2,30,128,102,60,6,296,18,4,22,318
07/25/2014,OMA,NE,ACE,CE,Towers with Radar,125,73,46,25,269,0,2,18,0,20,125,75,64,25,289,6,26,32,321
07/26/2014,OMA,NE,ACE,CE,Towers with Radar,112,43,43,0,198,0,7,21,0,28,112,50,64,0,226,62,0,62,288
07/27/2014,OMA,NE,ACE,CE,Towers with Radar,108,60,47,2,217,0,2,22,0,24,108,62,69,2,241,2,0,2,243
07/28/2014,OMA,NE,ACE,CE,Towers with Radar,124,75,51,4,254,0,2,15,0,17,124,77,66,4,271,14,10,24,295
07/29/2014,OMA,NE,ACE,CE,Towers with Radar,126,97,56,10,289,0,6,18,0,24,126,103,74,10,313,10,4,14,327
07/30/2014,OMA,NE,ACE,CE,Towers with Radar,127,89,74,24,314,0,2,17,0,19,127,91,91,24,333,10,16,26,359
07/31/2014,OMA,NE,ACE,CE,Towers with Radar,127,85,65,7,284,0,4,20,0,24,127,89,85,7,308,20,6,26,334
08/01/2014,OMA,NE,ACE,CE,Towers with Radar,124,79,26,15,244,0,8,16,3,27,124,87,42,18,271,6,14,20,291
08/02/2014,OMA,NE,ACE,CE,Towers with Radar,112,38,18,0,168,0,8,10,1,19,112,46,28,1,187,20,0,20,207
08/03/2014,OMA,NE,ACE,CE,Towers with Radar,114,60,29,1,204,0,5,18,0,23,114,65,47,1,227,4,0,4,231
08/04/2014,OMA,NE,ACE,CE,Towers with Radar,116,68,49,2,235,0,8,6,0,14,116,76,55,2,249,2,0,2,251
08/05/2014,OMA,NE,ACE,CE,Towers with Radar,128,98,50,0,276,0,3,13,0,16,128,101,63,0,292,8,0,8,300
08/06/2014,OMA,NE,ACE,CE,Towers with Radar,135,82,55,1,273,0,2,0,0,2,135,84,55,1,275,2,0,2,277
08/07/2014,OMA,NE,ACE,CE,Towers with Radar,131,82,43,3,259,0,1,0,0,1,131,83,43,3,260,0,0,0,260
08/08/2014,OMA,NE,ACE,CE,Towers with Radar,124,70,48,8,250,0,1,4,0,5,124,71,52,8,255,14,8,22,277
08/09/2014,OMA,NE,ACE,CE,Towers with Radar,105,30,18,3,156,0,0,6,0,6,105,30,24,3,162,2,0,2,164
08/10/2014,OMA,NE,ACE,CE,Towers with Radar,111,50,35,3,199,0,2,5,0,7,111,52,40,3,206,2,0,2,208
08/11/2014,OMA,NE,ACE,CE,Towers with Radar,119,60,74,28,281,0,4,17,0,21,119,64,91,28,302,8,26,34,336
08/12/2014,OMA,NE,ACE,CE,Towers with Radar,121,85,70,18,294,0,3,23,0,26,121,88,93,18,320,22,14,36,356
08/13/2014,OMA,NE,ACE,CE,Towers with Radar,125,76,63,20,284,0,3,36,2,41,125,79,99,22,325,38,18,56,381
08/14/2014,OMA,NE,ACE,CE,Towers with Radar,125,70,62,5,262,0,6,16,0,22,125,76,78,5,284,10,0,10,294
08/15/2014,OMA,NE,ACE,CE,Towers with Radar,124,80,49,22,275,0,2,16,0,18,124,82,65,22,293,22,30,52,345
08/16/2014,OMA,NE,ACE,CE,Towers with Radar,42,18,26,3,89,0,0,4,0,4,42,18,30,3,93,42,0,42,135
08/17/2014,OMA,NE,ACE,CE,Towers with Radar,107,55,40,0,202,0,6,29,0,35,107,61,69,0,237,8,0,8,245
08/18/2014,OMA,NE,ACE,CE,Towers with Radar,125,75,47,6,253,0,6,27,0,33,125,81,74,6,286,42,0,42,328
08/19/2014,OMA,NE,ACE,CE,Towers with Radar,127,75,55,24,281,0,2,34,2,38,127,77,89,26,319,51,26,77,396
08/20/2014,OMA,NE,ACE,CE,Towers with Radar,132,83,51,6,272,0,3,21,0,24,132,86,72,6,296,10,8,18,314
08/21/2014,OMA,NE,ACE,CE,Towers with Radar,127,76,71,4,278,0,1,19,0,20,127,77,90,4,298,60,2,62,360
08/22/2014,OMA,NE,ACE,CE,Towers with Radar,130,65,58,19,272,0,6,22,0,28,130,71,80,19,300,18,26,44,344
08/23/2014,OMA,NE,ACE,CE,Towers with Radar,96,29,32,21,178,0,1,18,1,20,96,30,50,22,198,16,16,32,230
08/24/2014,OMA,NE,ACE,CE,Towers with Radar,117,41,26,7,191,0,2,54,0,56,117,43,80,7,247,30,6,36,283
08/25/2014,OMA,NE,ACE,CE,Towers with Radar,121,56,71,3,251,0,8,21,1,30,121,64,92,4,281,18,0,18,299
08/26/2014,OMA,NE,ACE,CE,Towers with Radar,127,64,74,5,270,0,1,17,3,21,127,65,91,8,291,12,0,12,303
08/27/2014,OMA,NE,ACE,CE,Towers with Radar,134,62,53,0,249,0,2,1,0,3,134,64,54,0,252,22,0,22,274
08/28/2014,OMA,NE,ACE,CE,Towers with Radar,130,80,66,0,276,0,3,12,0,15,130,83,78,0,291,24,0,24,315
08/29/2014,OMA,NE,ACE,CE,Towers with Radar,133,76,45,0,254,0,2,7,0,9,133,78,52,0,263,0,0,0,263
08/30/2014,OMA,NE,ACE,CE,Towers with Radar,84,33,24,0,141,0,6,29,0,35,84,39,53,0,176,24,0,24,200
08/31/2014,OMA,NE,ACE,CE,Towers with Radar,81,23,10,0,114,0,4,15,0,19,81,27,25,0,133,34,0,34,167
09/01/2014,OMA,NE,ACE,CE,Towers with Radar,115,46,50,2,213,0,4,40,0,44,115,50,90,2,257,38,0,38,295
09/02/2014,OMA,NE,ACE,CE,Towers with Radar,119,72,54,2,247,0,2,44,0,46,119,74,98,2,293,34,0,34,327
09/03/2014,OMA,NE,ACE,CE,Towers with Radar,131,73,64,8,276,0,6,9,0,15,131,79,73,8,291,2,4,6,297
09/04/2014,OMA,NE,ACE,CE,Towers with Radar,119,78,52,12,261,0,4,31,2,37,119,82,83,14,298,34,8,42,340
09/05/2014,OMA,NE,ACE,CE,Towers with Radar,115,74,50,9,248,0,1,15,1,17,115,75,65,10,265,8,10,18,283
09/06/2014,OMA,NE,ACE,CE,Towers with Radar,90,29,23,5,147,0,8,37,0,45,90,37,60,5,192,58,4,62,254
09/07/2014,OMA,NE,ACE,CE,Towers with Radar,112,45,34,9,200,0,5,54,1,60,112,50,88,10,260,50,12,62,322
09/08/2014,OMA,NE,ACE,CE,Towers with Radar,123,74,59,1,257,0,5,13,0,18,123,79,72,1,275,8,0,8,283
09/09/2014,OMA,NE,ACE,CE,Towers with Radar,125,73,42,0,240,0,2,3,0,5,125,75,45,0,245,18,0,18,263
09/10/2014,OMA,NE,ACE,CE,Towers with Radar,124,77,62,18,281,0,9,1,0,10,124,86,63,18,291,0,24,24,315
09/11/2014,OMA,NE,ACE,CE,Towers with Radar,125,75,57,0,257,0,2,4,0,6,125,77,61,0,263,0,0,0,263
09/12/2014,OMA,NE,ACE,CE,Towers with Radar,124,62,54,2,242,0,10,10,0,20,124,72,64,2,262,2,0,2,264
09/13/2014,OMA,NE,ACE,CE,Towers with Radar,91,25,39,10,165,0,5,34,0,39,91,30,73,10,204,30,6,36,240
09/14/2014,OMA,NE,ACE,CE,Towers with Radar,108,44,39,10,201,0,3,37,0,40,108,47,76,10,241,56,12,68,309
09/15/2014,OMA,NE,ACE,CE,Towers with Radar,117,61,67,12,257,0,4,8,0,12,117,65,75,12,269,8,10,18,287
09/16/2014,OMA,NE,ACE,CE,Towers with Radar,123,70,47,10,250,0,8,26,2,36,123,78,73,12,286,62,8,70,356
09/17/2014,OMA,NE,ACE,CE,Towers with Radar,129,73,56,18,276,0,6,19,0,25,129,79,75,18,301,8,18,26,327
09/18/2014,OMA,NE,ACE,CE,Towers with Radar,126,78,72,33,309,0,9,31,1,41,126,87,103,34,350,24,34,58,408
09/19/2014,OMA,NE,ACE,CE,Towers with Radar,129,76,62,9,276,0,5,24,0,29,129,81,86,9,305,6,4,10,315
09/20/2014,OMA,NE,ACE,CE,Towers with Radar,84,42,22,1,149,0,5,36,0,41,84,47,58,1,190,28,0,28,218
09/21/2014,OMA,NE,ACE,CE,Towers with Radar,111,49,39,11,210,0,5,24,0,29,111,54,63,11,239,6,0,6,245
09/22/2014,OMA,NE,ACE,CE,Towers with Radar,119,67,66,4,256,0,6,25,1,32,119,73,91,5,288,18,0,18,306
09/23/2014,OMA,NE,ACE,CE,Towers with Radar,121,86,45,10,262,0,8,3,0,11,121,94,48,10,273,2,10,12,285
09/24/2014,OMA,NE,ACE,CE,Towers with Radar,128,85,70,0,283,0,8,13,1,22,128,93,83,1,305,20,0,20,325
09/25/2014,OMA,NE,ACE,CE,Towers with Radar,126,91,58,35,310,0,13,10,1,24,126,104,68,36,334,4,39,43,377
09/26/2014,OMA,NE,ACE,CE,Towers with Radar,106,68,50,11,235,0,12,14,0,26,106,80,64,11,261,22,12,34,295
09/27/2014,OMA,NE,ACE,CE,Towers with Radar,82,38,30,1,151,0,11,14,0,25,82,49,44,1,176,20,0,20,196
09/28/2014,OMA,NE,ACE,CE,Towers with Radar,111,47,40,0,198,0,12,32,0,44,111,59,72,0,242,38,0,38,280
09/29/2014,OMA,NE,ACE,CE,Towers with Radar,116,60,37,4,217,0,5,10,2,17,116,65,47,6,234,8,4,12,246
09/30/2014,OMA,NE,ACE,CE,Towers with Radar,112,73,27,0,212,0,1,7,0,8,112,74,34,0,220,20,0,20,240
10/01/2014,OMA,NE,ACE,CE,Towers with Radar,145,68,62,1,276,0,0,9,0,9,145,68,71,1,285,4,0,4,289
10/02/2014,OMA,NE,ACE,CE,Towers with Radar,121,72,47,4,244,0,2,8,2,12,121,74,55,6,256,4,6,10,266
10/03/2014,OMA,NE,ACE,CE,Towers with Radar,119,79,33,30,261,0,9,10,0,19,119,88,43,30,280,0,36,36,316
10/04/2014,OMA,NE,ACE,CE,Towers with Radar,86,52,32,12,182,0,6,18,3,27,86,58,50,15,209,20,8,28,237
10/05/2014,OMA,NE,ACE,CE,Towers with Radar,111,60,34,3,208,0,7,25,0,32,111,67,59,3,240,58,0,58,298
10/06/2014,OMA,NE,ACE,CE,Towers with Radar,117,69,55,23,264,0,5,9,0,14,117,74,64,23,278,2,24,26,304
10/07/2014,OMA,NE,ACE,CE,Towers with Radar,121,80,55,10,266,0,10,18,1,29,121,90,73,11,295,44,10,54,349
10/08/2014,OMA,NE,ACE,CE,Towers with Radar,125,79,57,16,277,0,11,11,0,22,125,90,68,16,299,2,14,16,315
10/09/2014,OMA,NE,ACE,CE,Towers with Radar,128,92,68,10,298,0,2,20,0,22,128,94,88,10,320,54,12,66,386
10/10/2014,OMA,NE,ACE,CE,Towers with Radar,123,86,38,13,260,0,2,12,0,14,123,88,50,13,274,28,16,44,318
10/11/2014,OMA,NE,ACE,CE,Towers with Radar,86,35,19,13,153,0,11,26,0,37,86,46,45,13,190,22,12,34,224
10/12/2014,OMA,NE,ACE,CE,Towers with Radar,117,54,26,2,199,0,7,10,0,17,117,61,36,2,216,18,0,18,234
10/13/2014,OMA,NE,ACE,CE,Towers with Radar,120,59,35,0,214,0,0,1,0,1,120,59,36,0,215,8,0,8,223
10/14/2014,OMA,NE,ACE,CE,Towers with Radar,124,80,46,2,252,0,5,13,2,20,124,85,59,4,272,8,2,10,282
10/15/2014,OMA,NE,ACE,CE,Towers with Radar,131,87,70,0,288,0,5,22,0,27,131,92,92,0,315,28,0,28,343
10/16/2014,OMA,NE,ACE,CE,Towers with Radar,126,81,50,7,264,0,11,17,1,29,126,92,67,8,293,34,2,36,329
10/17/2014,OMA,NE,ACE,CE,Towers with Radar,125,80,46,24,275,0,6,17,0,23,125,86,63,24,298,24,20,44,342
10/18/2014,OMA,NE,ACE,CE,Towers with Radar,86,36,20,2,144,0,8,16,2,26,86,44,36,4,170,24,2,26,196
10/19/2014,OMA,NE,ACE,CE,Towers with Radar,115,58,27,1,201,0,1,18,0,19,115,59,45,1,220,27,0,27,247
10/20/2014,OMA,NE,ACE,CE,Towers with Radar,117,76,52,9,254,0,0,26,0,26,117,76,78,9,280,18,2,20,300
10/21/2014,OMA,NE,ACE,CE,Towers with Radar,125,82,54,0,261,0,3,19,0,22,125,85,73,0,283,32,2,34,317
10/22/2014,OMA,NE,ACE,CE,Towers with Radar,127,72,45,0,244,0,3,5,0,8,127,75,50,0,252,4,0,4,256
10/23/2014,OMA,NE,ACE,CE,Towers with Radar,126,96,56,23,301,0,2,26,0,28,126,98,82,23,329,12,18,30,359
10/24/2014,OMA,NE,ACE,CE,Towers with Radar,127,71,51,8,257,0,0,17,0,17,127,71,68,8,274,54,6,60,334
10/25/2014,OMA,NE,ACE,CE,Towers with Radar,86,39,14,3,142,0,4,23,0,27,86,43,37,3,169,36,2,38,207
10/26/2014,OMA,NE,ACE,CE,Towers with Radar,108,47,28,3,186,0,3,16,0,19,108,50,44,3,205,16,4,20,225
10/27/2014,OMA,NE,ACE,CE,Towers with Radar,114,84,29,0,227,0,6,5,0,11,114,90,34,0,238,2,0,2,240
10/28/2014,OMA,NE,ACE,CE,Towers with Radar,115,80,48,6,249,0,4,9,0,13,115,84,57,6,262,6,6,12,274
10/29/2014,OMA,NE,ACE,CE,Towers with Radar,115,90,55,0,260,0,7,27,0,34,115,97,82,0,294,14,0,14,308
10/30/2014,OMA,NE,ACE,CE,Towers with Radar,120,88,45,3,256,0,5,15,1,21,120,93,60,4,277,26,4,30,307
10/31/2014,OMA,NE,ACE,CE,Towers with Radar,98,70,21,17,206,0,6,8,1,15,98,76,29,18,221,16,16,32,253
11/01/2014,OMA,NE,ACE,CE,Towers with Radar,73,36,9,0,118,0,1,10,0,11,73,37,19,0,129,8,0,8,137
11/02/2014,OMA,NE,ACE,CE,Towers with Radar,103,44,24,0,171,0,18,3,0,21,103,62,27,0,192,0,0,0,192
11/03/2014,OMA,NE,ACE,CE,Towers with Radar,114,78,48,1,241,0,3,5,0,8,114,81,53,1,249,14,0,14,263
11/04/2014,OMA,NE,ACE,CE,Towers with Radar,112,78,41,4,235,0,6,16,0,22,112,84,57,4,257,8,12,20,277
11/05/2014,OMA,NE,ACE,CE,Towers with Radar,118,85,54,4,261,0,8,9,0,17,118,93,63,4,278,14,0,14,292
11/06/2014,OMA,NE,ACE,CE,Towers with Radar,117,91,52,8,268,0,5,16,0,21,117,96,68,8,289,26,6,32,321
11/07/2014,OMA,NE,ACE,CE,Towers with Radar,117,88,37,11,253,0,8,13,0,21,117,96,50,11,274,10,10,20,294
11/08/2014,OMA,NE,ACE,CE,Towers with Radar,81,33,23,5,142,0,1,20,5,26,81,34,43,10,168,14,8,22,190
11/09/2014,OMA,NE,ACE,CE,Towers with Radar,102,50,33,4,189,0,7,22,0,29,102,57,55,4,218,22,0,22,240
11/10/2014,OMA,NE,ACE,CE,Towers with Radar,102,79,38,2,221,0,3,3,2,8,102,82,41,4,229,0,2,2,231
11/11/2014,OMA,NE,ACE,CE,Towers with Radar,118,91,43,0,252,0,4,2,0,6,118,95,45,0,258,0,0,0,258
11/12/2014,OMA,NE,ACE,CE,Towers with Radar,116,104,39,0,259,0,6,3,0,9,116,110,42,0,268,12,0,12,280
11/13/2014,OMA,NE,ACE,CE,Towers with Radar,120,81,53,4,258,0,9,16,1,26,120,90,69,5,284,18,4,22,306
11/14/2014,OMA,NE,ACE,CE,Towers with Radar,117,97,32,0,246,0,4,3,0,7,117,101,35,0,253,4,0,4,257
11/15/2014,OMA,NE,ACE,CE,Towers with Radar,80,35,12,1,128,0,4,0,0,4,80,39,12,1,132,0,0,0,132
11/16/2014,OMA,NE,ACE,CE,Towers with Radar,102,44,22,0,168,0,3,7,0,10,102,47,29,0,178,0,0,0,178
11/17/2014,OMA,NE,ACE,CE,Towers with Radar,108,72,56,0,236,0,3,1,1,5,108,75,57,1,241,0,2,2,243
11/18/2014,OMA,NE,ACE,CE,Towers with Radar,118,88,37,4,247,0,6,9,0,15,118,94,46,4,262,4,4,8,270
11/19/2014,OMA,NE,ACE,CE,Towers with Radar,118,95,50,0,263,0,4,11,0,15,118,99,61,0,278,28,0,28,306
11/20/2014,OMA,NE,ACE,CE,Towers with Radar,117,93,59,2,271,0,7,12,0,19,117,100,71,2,290,8,2,10,300
11/21/2014,OMA,NE,ACE,CE,Towers with Radar,115,94,29,0,238,0,1,6,0,7,115,95,35,0,245,0,0,0,245
11/22/2014,OMA,NE,ACE,CE,Towers with Radar,80,42,28,0,150,0,5,8,1,14,80,47,36,1,164,18,4,22,186
11/23/2014,OMA,NE,ACE,CE,Towers with Radar,94,44,11,1,150,0,9,0,0,9,94,53,11,1,159,0,0,0,159
11/24/2014,OMA,NE,ACE,CE,Towers with Radar,94,52,38,3,187,0,4,14,0,18,94,56,52,3,205,14,2,16,221
11/25/2014,OMA,NE,ACE,CE,Towers with Radar,120,86,50,0,256,0,8,19,1,28,120,94,69,1,284,12,0,12,296
11/26/2014,OMA,NE,ACE,CE,Towers with Radar,126,77,26,2,231,0,4,2,0,6,126,81,28,2,237,0,0,0,237
11/27/2014,OMA,NE,ACE,CE,Towers with Radar,60,30,6,0,96,0,5,3,0,8,60,35,9,0,104,0,0,0,104
11/28/2014,OMA,NE,ACE,CE,Towers with Radar,87,55,18,0,160,0,0,17,0,17,87,55,35,0,177,28,0,28,205
11/29/2014,OMA,NE,ACE,CE,Towers with Radar,97,55,27,0,179,0,2,17,0,19,97,57,44,0,198,38,0,38,236
11/30/2014,OMA,NE,ACE,CE,Towers with Radar,120,59,40,0,219,0,3,2,0,5,120,62,42,0,224,4,2,6,230
12/01/2014,OMA,NE,ACE,CE,Towers with Radar,123,84,42,10,259,0,2,8,0,10,123,86,50,10,269,2,14,16,285
12/02/2014,OMA,NE,ACE,CE,Towers with Radar,113,92,55,1,261,0,6,7,1,14,113,98,62,2,275,16,0,16,291
12/03/2014,OMA,NE,ACE,CE,Towers with Radar,115,78,54,13,260,0,8,16,0,24,115,86,70,13,284,18,12,30,314
12/04/2014,OMA,NE,ACE,CE,Towers with Radar,118,94,48,2,262,0,4,13,0,17,118,98,61,2,279,22,2,24,303
12/05/2014,OMA,NE,ACE,CE,Towers with Radar,118,83,33,2,236,0,0,0,0,0,118,83,33,2,236,4,0,4,240
12/06/2014,OMA,NE,ACE,CE,Towers with Radar,79,33,23,0,135,0,2,11,0,13,79,35,34,0,148,40,0,40,188
12/07/2014,OMA,NE,ACE,CE,Towers with Radar,103,44,18,0,165,0,0,0,0,0,103,44,18,0,165,0,0,0,165
12/08/2014,OMA,NE,ACE,CE,Towers with Radar,106,81,30,8,225,0,7,6,0,13,106,88,36,8,238,6,8,14,252
12/09/2014,OMA,NE,ACE,CE,Towers with Radar,104,85,44,3,236,0,0,5,1,6,104,85,49,4,242,12,0,12,254
12/10/2014,OMA,NE,ACE,CE,Towers with Radar,113,86,68,0,267,0,0,2,0,2,113,86,70,0,269,0,0,0,269
12/11/2014,OMA,NE,ACE,CE,Towers with Radar,114,92,35,6,247,0,0,0,0,0,114,92,35,6,247,6,4,10,257
12/12/2014,OMA,NE,ACE,CE,Towers with Radar,114,82,30,2,228,0,0,3,0,3,114,82,33,2,231,2,0,2,233
12/13/2014,OMA,NE,ACE,CE,Towers with Radar,78,39,24,0,141,0,0,0,0,0,78,39,24,0,141,4,0,4,145
12/14/2014,OMA,NE,ACE,CE,Towers with Radar,101,48,32,4,185,0,0,0,0,0,101,48,32,4,185,8,2,10,195
12/15/2014,OMA,NE,ACE,CE,Towers with Radar,105,62,27,0,194,0,0,0,0,0,105,62,27,0,194,0,0,0,194
12/16/2014,OMA,NE,ACE,CE,Towers with Radar,112,81,35,8,236,0,6,10,0,16,112,87,45,8,252,28,24,52,304
12/17/2014,OMA,NE,ACE,CE,Towers with Radar,117,105,60,7,289,0,6,8,2,16,117,111,68,9,305,18,6,24,329
12/18/2014,OMA,NE,ACE,CE,Towers with Radar,122,78,46,6,252,0,2,0,0,2,122,80,46,6,254,4,4,8,262
12/19/2014,OMA,NE,ACE,CE,Towers with Radar,118,82,38,3,241,0,0,1,0,1,118,82,39,3,242,0,0,0,242
12/20/2014,OMA,NE,ACE,CE,Towers with Radar,102,69,18,0,189,0,0,0,0,0,102,69,18,0,189,0,0,0,189
12/21/2014,OMA,NE,ACE,CE,Towers with Radar,106,55,11,0,172,0,0,0,0,0,106,55,11,0,172,0,0,0,172
12/22/2014,OMA,NE,ACE,CE,Towers with Radar,113,70,27,2,212,0,0,0,0,0,113,70,27,2,212,0,0,0,212
12/23/2014,OMA,NE,ACE,CE,Towers with Radar,117,70,14,0,201,0,0,0,0,0,117,70,14,0,201,0,0,0,201
12/24/2014,OMA,NE,ACE,CE,Towers with Radar,95,67,23,0,185,0,0,0,0,0,95,67,23,0,185,0,0,0,185
12/25/2014,OMA,NE,ACE,CE,Towers with Radar,79,28,10,0,117,1,5,19,0,25,80,33,29,0,142,14,0,14,156
12/26/2014,OMA,NE,ACE,CE,Towers with Radar,108,67,18,0,193,0,1,0,0,1,108,68,18,0,194,0,0,0,194
12/27/2014,OMA,NE,ACE,CE,Towers with Radar,97,58,11,0,166,0,7,8,0,15,97,65,19,0,181,16,0,16,197
12/28/2014,OMA,NE,ACE,CE,Towers with Radar,109,55,20,0,184,0,5,32,0,37,109,60,52,0,221,48,0,48,269
12/29/2014,OMA,NE,ACE,CE,Towers with Radar,102,61,21,0,184,0,2,0,0,2,102,63,21,0,186,0,0,0,186
12/30/2014,OMA,NE,ACE,CE,Towers with Radar,116,80,19,0,215,0,5,8,0,13,116,85,27,0,228,8,0,8,236
12/31/2014,OMA,NE,ACE,CE,Towers with Radar,106,63,15,0,184,0,3,7,0,10,106,66,22,0,194,8,0,8,202
01/01/2015,OMA,NE,ACE,CE,Towers with Radar,80,29,8,0,117,0,5,5,0,10,80,34,13,0,127,8,0,8,135
01/02/2015,OMA,NE,ACE,CE,Towers with Radar,109,77,18,0,204,0,9,30,0,39,109,86,48,0,243,42,0,42,285
01/03/2015,OMA,NE,ACE,CE,Towers with Radar,95,66,9,0,170,0,3,5,0,8,95,69,14,0,178,0,0,0,178
01/04/2015,OMA,NE,ACE,CE,Towers with Radar,102,42,11,1,156,0,4,2,2,8,102,46,13,3,164,2,0,2,166
01/05/2015,OMA,NE,ACE,CE,Towers with Radar,106,60,30,0,196,0,5,2,0,7,106,65,32,0,203,4,0,4,207
01/06/2015,OMA,NE,ACE,CE,Towers with Radar,107,78,21,4,210,0,5,4,0,9,107,83,25,4,219,8,2,10,229
01/07/2015,OMA,NE,ACE,CE,Towers with Radar,108,79,37,0,224,0,1,4,0,5,108,80,41,0,229,22,0,22,251
01/08/2015,OMA,NE,ACE,CE,Towers with Radar,104,78,38,0,220,0,3,0,1,4,104,81,38,1,224,2,0,2,226
01/09/2015,OMA,NE,ACE,CE,Towers with Radar,111,74,44,3,232,0,6,14,1,21,111,80,58,4,253,4,4,8,261
01/10/2015,OMA,NE,ACE,CE,Towers with Radar,81,37,21,9,148,0,2,10,0,12,81,39,31,9,160,10,10,20,180
01/11/2015,OMA,NE,ACE,CE,Towers with Radar,93,41,18,2,154,0,2,14,0,16,93,43,32,2,170,38,2,40,210
01/12/2015,OMA,NE,ACE,CE,Towers with Radar,101,65,29,2,197,0,4,7,0,11,101,69,36,2,208,2,2,4,212
01/13/2015,OMA,NE,ACE,CE,Towers with Radar,111,75,31,3,220,0,6,20,1,27,111,81,51,4,247,8,6,14,261
01/14/2015,OMA,NE,ACE,CE,Towers with Radar,115,68,50,1,234,0,10,11,1,22,115,78,61,2,256,30,0,30,286
01/15/2015,OMA,NE,ACE,CE,Towers with Radar,114,84,50,2,250,0,14,9,2,25,114,98,59,4,275,24,0,24,299
01/16/2015,OMA,NE,ACE,CE,Towers with Radar,111,72,40,12,235,0,6,30,0,36,111,78,70,12,271,14,8,22,293
01/17/2015,OMA,NE,ACE,CE,Towers with Radar,82,33,9,0,124,0,3,0,0,3,82,36,9,0,127,0,0,0,127
01/18/2015,OMA,NE,ACE,CE,Towers with Radar,94,36,24,3,157,0,2,16,0,18,94,38,40,3,175,14,0,14,189
01/19/2015,OMA,NE,ACE,CE,Towers with Radar,107,57,41,0,205,0,7,14,0,21,107,64,55,0,226,20,0,20,246
01/20/2015,OMA,NE,ACE,CE,Towers with Radar,113,82,43,0,238,0,4,8,0,12,113,86,51,0,250,6,0,6,256
01/21/2015,OMA,NE,ACE,CE,Towers with Radar,115,79,34,0,228,0,3,2,0,5,115,82,36,0,233,0,0,0,233
01/22/2015,OMA,NE,ACE,CE,Towers with Radar,118,68,36,13,235,0,7,10,0,17,118,75,46,13,252,12,14,26,278
01/23/2015,OMA,NE,ACE,CE,Towers with Radar,113,69,37,2,221,0,7,13,0,20,113,76,50,2,241,12,2,14,255
01/24/2015,OMA,NE,ACE,CE,Towers with Radar,80,32,29,0,141,0,10,20,0,30,80,42,49,0,171,35,0,35,206
01/25/2015,OMA,NE,ACE,CE,Towers with Radar,94,44,10,0,148,0,1,1,0,2,94,45,11,0,150,0,0,0,150
01/26/2015,OMA,NE,ACE,CE,Towers with Radar,114,63,28,0,205,0,0,18,0,18,114,63,46,0,223,12,0,12,235
01/27/2015,OMA,NE,ACE,CE,Towers with Radar,113,72,49,4,238,0,1,15,2,18,113,73,64,6,256,14,2,16,272
01/28/2015,OMA,NE,ACE,CE,Towers with Radar,116,83,53,1,253,0,4,12,1,17,116,87,65,2,270,12,0,12,282
01/29/2015,OMA,NE,ACE,CE,Towers with Radar,118,76,42,17,253,0,2,12,0,14,118,78,54,17,267,16,8,24,291
01/30/2015,OMA,NE,ACE,CE,Towers with Radar,114,77,38,4,233,0,4,21,0,25,114,81,59,4,258,30,4,34,292
01/31/2015,OMA,NE,ACE,CE,Towers with Radar,80,42,13,0,135,0,1,2,0,3,80,43,15,0,138,0,0,0,138
02/01/2015,OMA,NE,ACE,CE,Towers with Radar,74,24,9,1,108,0,0,0,0,0,74,24,9,1,108,0,0,0,108
02/02/2015,OMA,NE,ACE,CE,Towers with Radar,91,69,55,1,216,0,3,6,0,9,91,72,61,1,225,2,0,2,227
02/03/2015,OMA,NE,ACE,CE,Towers with Radar,111,66,53,0,230,0,7,7,0,14,111,73,60,0,244,6,0,6,250
02/04/2015,OMA,NE,ACE,CE,Towers with Radar,111,75,42,0,228,0,7,4,0,11,111,82,46,0,239,6,0,6,245
02/05/2015,OMA,NE,ACE,CE,Towers with Radar,112,76,30,23,241,0,11,12,0,23,112,87,42,23,264,30,32,62,326
02/06/2015,OMA,NE,ACE,CE,Towers with Radar,115,81,40,6,242,0,9,14,0,23,115,90,54,6,265,16,8,24,289
02/07/2015,OMA,NE,ACE,CE,Towers with Radar,76,35,18,0,129,0,3,17,0,20,76,38,35,0,149,46,6,52,201
02/08/2015,OMA,NE,ACE,CE,Towers with Radar,95,42,24,2,163,0,6,19,0,25,95,48,43,2,188,18,0,18,206
02/09/2015,OMA,NE,ACE,CE,Towers with Radar,101,60,37,0,198,0,0,0,0,0,101,60,37,0,198,4,0,4,202
02/10/2015,OMA,NE,ACE,CE,Towers with Radar,110,82,42,0,234,0,0,1,0,1,110,82,43,0,235,2,0,2,237
02/11/2015,OMA,NE,ACE,CE,Towers with Radar,110,80,44,4,238,0,1,2,1,4,110,81,46,5,242,0,4,4,246
02/12/2015,OMA,NE,ACE,CE,Towers with Radar,119,89,53,9,270,0,6,12,1,19,119,95,65,10,289,6,12,18,307
02/13/2015,OMA,NE,ACE,CE,Towers with Radar,111,75,34,8,228,0,6,20,1,27,111,81,54,9,255,28,12,40,295
02/14/2015,OMA,NE,ACE,CE,Towers with Radar,80,33,14,1,128,0,3,12,0,15,80,36,26,1,143,6,2,8,151
02/15/2015,OMA,NE,ACE,CE,Towers with Radar,91,30,19,1,141,0,6,4,0,10,91,36,23,1,151,18,0,18,169
02/16/2015,OMA,NE,ACE,CE,Towers with Radar,108,65,40,0,213,0,2,6,0,8,108,67,46,0,221,6,0,6,227
02/17/2015,OMA,NE,ACE,CE,Towers with Radar,115,61,42,6,224,0,3,4,0,7,115,64,46,6,231,6,4,10,241
02/18/2015,OMA,NE,ACE,CE,Towers with Radar,119,77,38,2,236,0,5,5,0,10,119,82,43,2,246,4,0,4,250
02/19/2015,OMA,NE,ACE,CE,Towers with Radar,118,72,54,4,248,0,3,5,0,8,118,75,59,4,256,26,0,26,282
02/20/2015,OMA,NE,ACE,CE,Towers with Radar,117,77,38,0,232,0,10,20,1,31,117,87,58,1,263,28,0,28,291
02/21/2015,OMA,NE,ACE,CE,Towers with Radar,83,33,6,5,127,0,1,2,1,4,83,34,8,6,131,0,4,4,135
02/22/2015,OMA,NE,ACE,CE,Towers with Radar,102,36,14,0,152,0,1,12,0,13,102,37,26,0,165,10,0,10,175
02/23/2015,OMA,NE,ACE,CE,Towers with Radar,105,64,56,6,231,0,7,8,0,15,105,71,64,6,246,6,8,14,260
02/24/2015,OMA,NE,ACE,CE,Towers with Radar,115,82,61,9,267,0,5,19,0,24,115,87,80,9,291,20,0,20,311
02/25/2015,OMA,NE,ACE,CE,Towers with Radar,118,68,39,0,225,0,3,1,0,4,118,71,40,0,229,4,0,4,233
02/26/2015,OMA,NE,ACE,CE,Towers with Radar,115,77,53,3,248,0,4,9,0,13,115,81,62,3,261,38,2,40,301
02/27/2015,OMA,NE,ACE,CE,Towers with Radar,110,75,53,2,240,0,9,9,0,18,110,84,62,2,258,10,0,10,268
02/28/2015,OMA,NE,ACE,CE,Towers with Radar,83,50,16,0,149,0,7,13,1,21,83,57,29,1,170,30,2,32,202
03/01/2015,OMA,NE,ACE,CE,Towers with Radar,105,49,17,0,171,0,12,3,1,16,105,61,20,1,187,6,0,6,193
03/02/2015,OMA,NE,ACE,CE,Towers with Radar,113,65,43,3,224,0,7,5,0,12,113,72,48,3,236,18,4,22,258
03/03/2015,OMA,NE,ACE,CE,Towers with Radar,106,67,42,21,236,0,3,4,0,7,106,70,46,21,243,0,18,18,261
03/04/2015,OMA,NE,ACE,CE,Towers with Radar,109,75,69,1,254,0,5,13,2,20,109,80,82,3,274,18,0,18,292
03/05/2015,OMA,NE,ACE,CE,Towers with Radar,108,63,60,15,246,0,2,14,1,17,108,65,74,16,263,6,12,18,281
03/06/2015,OMA,NE,ACE,CE,Towers with Radar,128,71,53,3,255,0,1,23,0,24,128,72,76,3,279,20,6,26,305
03/07/2015,OMA,NE,ACE,CE,Towers with Radar,92,38,25,0,155,0,2,25,0,27,92,40,50,0,182,38,0,38,220
03/08/2015,OMA,NE,ACE,CE,Towers with Radar,113,55,16,2,186,0,9,16,0,25,113,64,32,2,211,7,0,7,218
03/09/2015,OMA,NE,ACE,CE,Towers with Radar,122,70,37,14,243,0,4,17,2,23,122,74,54,16,266,26,14,40,306
03/10/2015,OMA,NE,ACE,CE,Towers with Radar,126,65,46,4,241,0,2,17,6,25,126,67,63,10,266,22,10,32,298
03/11/2015,OMA,NE,ACE,CE,Towers with Radar,126,75,46,1,248,0,8,17,3,28,126,83,63,4,276,16,6,22,298
03/12/2015,OMA,NE,ACE,CE,Towers with Radar,133,70,54,0,257,0,6,9,0,15,133,76,63,0,272,20,0,20,292
03/13/2015,OMA,NE,ACE,CE,Towers with Radar,127,72,48,1,248,0,7,42,1,50,127,79,90,2,298,48,6,54,352
03/14/2015,OMA,NE,ACE,CE,Towers with Radar,93,39,25,2,159,0,11,22,1,34,93,50,47,3,193,64,0,64,257
03/15/2015,OMA,NE,ACE,CE,Towers with Radar,108,58,25,7,198,0,9,14,1,24,108,67,39,8,222,14,16,30,252
03/16/2015,OMA,NE,ACE,CE,Towers with Radar,124,56,36,10,226,0,4,8,0,12,124,60,44,10,238,12,2,14,252
03/17/2015,OMA,NE,ACE,CE,Towers with Radar,124,61,42,5,232,0,6,9,2,17,124,67,51,7,249,40,2,42,291
03/18/2015,OMA,NE,ACE,CE,Towers with Radar,131,66,54,27,278,0,10,12,0,22,131,76,66,27,300,2,24,26,326
03/19/2015,OMA,NE,ACE,CE,Towers with Radar,126,67,47,0,240,0,1,8,0,9,126,68,55,0,249,16,0,16,265
03/20/2015,OMA,NE,ACE,CE,Towers with Radar,133,66,64,0,263,0,3,19,0,22,133,69,83,0,285,16,0,16,301
03/21/2015,OMA,NE,ACE,CE,Towers with Radar,99,45,32,0,176,0,4,16,0,20,99,49,48,0,196,8,0,8,204
03/22/2015,OMA,NE,ACE,CE,Towers with Radar,103,62,83,0,248,0,11,27,0,38,103,73,110,0,286,44,0,44,330
03/23/2015,OMA,NE,ACE,CE,Towers with Radar,112,65,38,2,217,0,3,14,0,17,112,68,52,2,234,4,0,4,238
03/24/2015,OMA,NE,ACE,CE,Towers with Radar,127,66,43,0,236,0,0,0,0,0,127,66,43,0,236,0,0,0,236
03/25/2015,OMA,NE,ACE,CE,Towers with Radar,126,80,49,0,255,0,3,6,0,9,126,83,55,0,264,8,0,8,272
03/26/2015,OMA,NE,ACE,CE,Towers with Radar,126,76,57,2,261,0,5,18,1,24,126,81,75,3,285,32,0,32,317
03/27/2015,OMA,NE,ACE,CE,Towers with Radar,122,64,44,0,230,0,9,10,0,19,122,73,54,0,249,12,0,12,261
03/28/2015,OMA,NE,ACE,CE,Towers with Radar,95,52,24,4,175,0,14,9,0,23,95,66,33,4,198,4,4,8,206
03/29/2015,OMA,NE,ACE,CE,Towers with Radar,107,49,17,1,174,0,10,4,0,14,107,59,21,1,188,10,0,10,198
03/30/2015,OMA,NE,ACE,CE,Towers with Radar,115,78,45,4,242,0,7,16,0,23,115,85,61,4,265,16,2,18,283
03/31/2015,OMA,NE,ACE,CE,Towers with Radar,121,71,51,0,243,0,8,37,0,45,121,79,88,0,288,64,0,64,352
04/01/2015,OMA,NE,ACE,CE,Towers with Radar,111,73,48,9,241,0,5,1,0,6,111,78,49,9,247,0,12,12,259
04/02/2015,OMA,NE,ACE,CE,Towers with Radar,134,88,39,10,271,0,2,14,1,17,134,90,53,11,288,10,6,16,304
04/03/2015,OMA,NE,ACE,CE,Towers with Radar,116,65,32,4,217,0,5,7,0,12,116,70,39,4,229,18,6,24,253
04/04/2015,OMA,NE,ACE,CE,Towers with Radar,92,32,15,0,139,0,3,21,2,26,92,35,36,2,165,6,0,6,171
04/05/2015,OMA,NE,ACE,CE,Towers with Radar,104,33,17,1,155,0,4,10,0,14,104,37,27,1,169,0,4,4,173
04/06/2015,OMA,NE,ACE,CE,Towers with Radar,117,64,44,0,225,0,0,0,0,0,117,64,44,0,225,4,0,4,229
04/07/2015,OMA,NE,ACE,CE,Towers with Radar,125,73,43,0,241,0,0,0,0,0,125,73,43,0,241,4,0,4,245
04/08/2015,OMA,NE,ACE,CE,Towers with Radar,126,103,46,0,275,0,0,0,0,0,126,103,46,0,275,0,0,0,275
04/09/2015,OMA,NE,ACE,CE,Towers with Radar,116,78,42,0,236,0,0,1,0,1,116,78,43,0,237,2,0,2,239
04/10/2015,OMA,NE,ACE,CE,Towers with Radar,120,81,38,9,248,0,2,20,0,22,120,83,58,9,270,54,8,62,332
04/11/2015,OMA,NE,ACE,CE,Towers with Radar,92,40,18,9,159,0,4,18,4,26,92,44,36,13,185,22,4,26,211
04/12/2015,OMA,NE,ACE,CE,Towers with Radar,108,48,18,25,199,0,9,7,0,16,108,57,25,25,215,32,10,42,257
04/13/2015,OMA,NE,ACE,CE,Towers with Radar,119,61,26,1,207,0,3,16,1,20,119,64,42,2,227,22,0,22,249
04/14/2015,OMA,NE,ACE,CE,Towers with Radar,119,72,40,4,235,0,6,14,3,23,119,78,54,7,258,54,2,56,314
04/15/2015,OMA,NE,ACE,CE,Towers with Radar,123,86,56,2,267,0,6,2,0,8,123,92,58,2,275,6,2,8,283
04/16/2015,OMA,NE,ACE,CE,Towers with Radar,128,82,58,2,270,1,2,33,3,39,129,84,91,5,309,64,2,66,375
04/17/2015,OMA,NE,ACE,CE,Towers with Radar,129,81,39,8,257,0,7,19,0,26,129,88,58,8,283,28,12,40,323
04/18/2015,OMA,NE,ACE,CE,Towers with Radar,92,30,8,0,130,0,0,1,0,1,92,30,9,0,131,2,0,2,133
04/19/2015,OMA,NE,ACE,CE,Towers with Radar,109,59,23,1,192,0,2,0,1,3,109,61,23,2,195,4,0,4,199
04/20/2015,OMA,NE,ACE,CE,Towers with Radar,116,71,39,3,229,0,5,8,0,13,116,76,47,3,242,6,0,6,248
04/21/2015,OMA,NE,ACE,CE,Towers with Radar,123,78,61,0,262,0,1,15,4,20,123,79,76,4,282,34,0,34,316
04/22/2015,OMA,NE,ACE,CE,Towers with Radar,127,77,65,10,279,0,6,27,0,33,127,83,92,10,312,16,10,26,338
04/23/2015,OMA,NE,ACE,CE,Towers with Radar,126,79,46,5,256,0,7,13,0,20,126,86,59,5,276,16,4,20,296
04/24/2015,OMA,NE,ACE,CE,Towers with Radar,123,72,47,3,245,0,9,2,0,11,123,81,49,3,256,2,2,4,260
04/25/2015,OMA,NE,ACE,CE,Towers with Radar,92,36,26,1,155,0,0,2,0,2,92,36,28,1,157,12,0,12,169
04/26/2015,OMA,NE,ACE,CE,Towers with Radar,108,49,22,0,179,0,4,13,0,17,108,53,35,0,196,14,0,14,210
04/27/2015,OMA,NE,ACE,CE,Towers with Radar,117,71,41,0,229,0,4,8,0,12,117,75,49,0,241,18,0,18,259
04/28/2015,OMA,NE,ACE,CE,Towers with Radar,119,73,41,7,240,0,9,24,0,33,119,82,65,7,273,30,4,34,307
04/29/2015,OMA,NE,ACE,CE,Towers with Radar,128,79,62,8,277,0,4,15,0,19,128,83,77,8,296,14,2,16,312
04/30/2015,OMA,NE,ACE,CE,Towers with Radar,129,99,66,5,299,0,6,19,1,26,129,105,85,6,325,54,4,58,383
05/01/2015,OMA,NE,ACE,CE,Towers with Radar,148,143,142,0,433,0,4,6,0,10,148,147,148,0,443,2,0,2,445
05/02/2015,OMA,NE,ACE,CE,Towers with Radar,94,102,107,2,305,0,4,5,0,9,94,106,112,2,314,4,4,8,322
05/03/2015,OMA,NE,ACE,CE,Towers with Radar,139,115,82,1,337,0,5,20,0,25,139,120,102,1,362,16,0,16,378
05/04/2015,OMA,NE,ACE,CE,Towers with Radar,121,71,44,0,236,0,1,7,0,8,121,72,51,0,244,2,0,2,246
05/05/2015,OMA,NE,ACE,CE,Towers with Radar,128,76,46,0,250,0,6,6,0,12,128,82,52,0,262,20,0,20,282
05/06/2015,OMA,NE,ACE,CE,Towers with Radar,124,68,57,0,249,0,0,6,2,8,124,68,63,2,257,0,0,0,257
05/07/2015,OMA,NE,ACE,CE,Towers with Radar,127,75,72,0,274,0,3,9,4,16,127,78,81,4,290,10,0,10,300
05/08/2015,OMA,NE,ACE,CE,Towers with Radar,124,68,45,14,251,0,6,8,0,14,124,74,53,14,265,22,16,38,303
05/09/2015,OMA,NE,ACE,CE,Towers with Radar,95,33,8,0,136,0,6,10,2,18,95,39,18,2,154,22,0,22,176
05/10/2015,OMA,NE,ACE,CE,Towers with Radar,102,42,14,1,159,0,2,0,0,2,102,44,14,1,161,0,0,0,161
05/11/2015,OMA,NE,ACE,CE,Towers with Radar,119,71,59,7,256,0,4,7,0,11,119,75,66,7,267,0,6,6,273
05/12/2015,OMA,NE,ACE,CE,Towers with Radar,127,77,55,2,261,0,4,21,0,25,127,81,76,2,286,46,0,46,332
05/13/2015,OMA,NE,ACE,CE,Towers with Radar,134,72,52,2,260,0,3,6,0,9,134,75,58,2,269,8,0,8,277
05/14/2015,OMA,NE,ACE,CE,Towers with Radar,123,78,57,2,260,0,3,18,0,21,123,81,75,2,281,16,0,16,297
05/15/2015,OMA,NE,ACE,CE,Towers with Radar,131,74,41,0,246,0,3,5,0,8,131,77,46,0,254,8,0,8,262
05/16/2015,OMA,NE,ACE,CE,Towers with Radar,91,46,17,0,154,0,7,1,0,8,91,53,18,0,162,8,0,8,170
05/17/2015,OMA,NE,ACE,CE,Towers with Radar,111,40,21,0,172,0,2,5,0,7,111,42,26,0,179,20,0,20,199
05/18/2015,OMA,NE,ACE,CE,Towers with Radar,118,73,47,27,265,0,4,15,0,19,118,77,62,27,284,30,20,50,334
05/19/2015,OMA,NE,ACE,CE,Towers with Radar,130,81,64,0,275,0,9,15,0,24,130,90,79,0,299,30,0,30,329
05/20/2015,OMA,NE,ACE,CE,Towers with Radar,125,67,54,26,272,0,8,4,2,14,125,75,58,28,286,8,30,38,324
05/21/2015,OMA,NE,ACE,CE,Towers with Radar,125,85,67,3,280,0,4,31,0,35,125,89,98,3,315,88,2,90,405
05/22/2015,OMA,NE,ACE,CE,Towers with Radar,127,78,61,3,269,0,11,25,1,37,127,89,86,4,306,46,4,50,356
05/23/2015,OMA,NE,ACE,CE,Towers with Radar,94,29,17,0,140,0,0,4,0,4,94,29,21,0,144,10,0,10,154
05/24/2015,OMA,NE,ACE,CE,Towers with Radar,93,30,19,0,142,0,1,8,0,9,93,31,27,0,151,22,0,22,173
05/25/2015,OMA,NE,ACE,CE,Towers with Radar,107,42,28,0,177,0,1,11,0,12,107,43,39,0,189,10,2,12,201
05/26/2015,OMA,NE,ACE,CE,Towers with Radar,117,60,31,0,208,0,3,5,0,8,117,63,36,0,216,0,0,0,216
05/27/2015,OMA,NE,ACE,CE,Towers with Radar,129,79,46,1,255,0,12,44,1,57,129,91,90,2,312,58,0,58,370
05/28/2015,OMA,NE,ACE,CE,Towers with Radar,126,82,42,2,252,0,10,9,2,21,126,92,51,4,273,10,4,14,287
05/29/2015,OMA,NE,ACE,CE,Towers with Radar,129,63,35,61,288,0,0,16,0,16,129,63,51,61,304,8,62,70,374
05/30/2015,OMA,NE,ACE,CE,Towers with Radar,91,28,35,12,166,0,5,87,1,93,91,33,122,13,259,4,2,6,265
05/31/2015,OMA,NE,ACE,CE,Towers with Radar,111,40,20,7,178,0,3,52,3,58,111,43,72,10,236,30,0,30,266
06/01/2015,OMA,NE,ACE,CE,Towers with Radar,122,59,33,26,240,0,5,17,0,22,122,64,50,26,262,2,19,21,283
06/02/2015,OMA,NE,ACE,CE,Towers with Radar,130,63,43,12,248,0,3,20,0,23,130,66,63,12,271,12,16,28,299
06/03/2015,OMA,NE,ACE,CE,Towers with Radar,128,60,33,2,223,0,5,6,0,11,128,65,39,2,234,4,0,4,238
06/04/2015,OMA,NE,ACE,CE,Towers with Radar,137,59,55,4,255,0,1,6,0,7,137,60,61,4,262,10,0,10,272
06/05/2015,OMA,NE,ACE,CE,Towers with Radar,140,50,38,9,237,0,7,14,0,21,140,57,52,9,258,2,4,6,264
06/06/2015,OMA,NE,ACE,CE,Towers with Radar,107,35,15,9,166,0,1,9,0,10,107,36,24,9,176,10,4,14,190
06/07/2015,OMA,NE,ACE,CE,Towers with Radar,126,50,25,0,201,0,7,16,0,23,126,57,41,0,224,30,0,30,254
06/08/2015,OMA,NE,ACE,CE,Towers with Radar,130,50,37,10,227,0,6,9,0,15,130,56,46,10,242,12,8,20,262
06/09/2015,OMA,NE,ACE,CE,Towers with Radar,138,58,38,2,236,0,5,27,0,32,138,63,65,2,268,30,0,30,298
06/10/2015,OMA,NE,ACE,CE,Towers with Radar,142,66,49,0,257,0,2,7,0,9,142,68,56,0,266,12,0,12,278
06/11/2015,OMA,NE,ACE,CE,Towers with Radar,155,82,33,0,270,0,1,0,0,1,155,83,33,0,271,0,0,0,271
06/12/2015,OMA,NE,ACE,CE,Towers with Radar,142,65,48,51,306,0,1,22,0,23,142,66,70,51,329,10,48,58,387
06/13/2015,OMA,NE,ACE,CE,Towers with Radar,119,44,60,7,230,0,4,64,1,69,119,48,124,8,299,0,6,6,305
06/14/2015,OMA,NE,ACE,CE,Towers with Radar,125,58,71,12,266,0,1,73,0,74,125,59,144,12,340,12,22,34,374
06/15/2015,OMA,NE,ACE,CE,Towers with Radar,129,70,67,24,290,0,0,28,4,32,129,70,95,28,322,30,28,58,380
06/16/2015,OMA,NE,ACE,CE,Towers with Radar,137,84,72,11,304,0,5,33,4,42,137,89,105,15,346,20,12,32,378
06/17/2015,OMA,NE,ACE,CE,Towers with Radar,138,75,64,13,290,0,4,43,3,50,138,79,107,16,340,8,22,30,370
06/18/2015,OMA,NE,ACE,CE,Towers with Radar,139,77,69,4,289,0,8,21,0,29,139,85,90,4,318,30,0,30,348
06/19/2015,OMA,NE,ACE,CE,Towers with Radar,144,55,53,5,257,0,3,79,1,83,144,58,132,6,340,12,8,20,360
06/20/2015,OMA,NE,ACE,CE,Towers with Radar,111,29,32,6,178,0,12,72,0,84,111,41,104,6,262,80,6,86,348
06/21/2015,OMA,NE,ACE,CE,Towers with Radar,130,26,29,4,189,0,4,73,0,77,130,30,102,4,266,6,0,6,272
06/22/2015,OMA,NE,ACE,CE,Towers with Radar,128,51,50,5,234,0,1,19,1,21,128,52,69,6,255,2,2,4,259
06/23/2015,OMA,NE,ACE,CE,Towers with Radar,131,73,48,2,254,0,8,16,0,24,131,81,64,2,278,2,0,2,280
06/24/2015,OMA,NE,ACE,CE,Towers with Radar,145,81,73,0,299,0,4,11,0,15,145,85,84,0,314,18,0,18,332
06/25/2015,OMA,NE,ACE,CE,Towers with Radar,142,72,59,0,273,0,2,12,0,14,142,74,71,0,287,34,0,34,321
06/26/2015,OMA,NE,ACE,CE,Towers with Radar,138,69,50,29,286,0,9,11,2,22,138,78,61,31,308,12,18,30,338
06/27/2015,OMA,NE,ACE,CE,Towers with Radar,116,29,17,2,164,0,6,15,2,23,116,35,32,4,187,52,4,56,243
06/28/2015,OMA,NE,ACE,CE,Towers with Radar,123,29,27,2,181,0,3,13,0,16,123,32,40,2,197,58,0,58,255
06/29/2015,OMA,NE,ACE,CE,Towers with Radar,132,61,59,10,262,0,2,28,4,34,132,63,87,14,296,18,4,22,318
06/30/2015,OMA,NE,ACE,CE,Towers with Radar,126,56,63,2,247,0,0,7,0,7,126,56,70,2,254,10,2,12,266
07/01/2015,OMA,NE,ACE,CE,Towers with Radar,147,67,46,6,266,0,5,10,1,16,147,72,56,7,282,8,2,10,292
07/02/2015,OMA,NE,ACE,CE,Towers with Radar,127,70,29,8,234,0,9,1,0,10,127,79,30,8,244,0,8,8,252
07/03/2015,OMA,NE,ACE,CE,Towers with Radar,109,40,18,2,169,0,3,22,0,25,109,43,40,2,194,16,10,26,220
07/04/2015,OMA,NE,ACE,CE,Towers with Radar,83,14,17,0,114,0,2,29,0,31,83,16,46,0,145,64,0,64,209
07/05/2015,OMA,NE,ACE,CE,Towers with Radar,115,54,16,2,187,0,8,11,2,21,115,62,27,4,208,0,0,0,208
07/06/2015,OMA,NE,ACE,CE,Towers with Radar,126,51,39,5,221,0,0,6,0,6,126,51,45,5,227,12,4,16,243
07/07/2015,OMA,NE,ACE,CE,Towers with Radar,137,58,46,13,254,0,8,13,1,22,137,66,59,14,276,12,6,18,294
07/08/2015,OMA,NE,ACE,CE,Towers with Radar,129,66,62,18,275,0,3,20,0,23,129,69,82,18,298,16,12,28,326
07/09/2015,OMA,NE,ACE,CE,Towers with Radar,128,67,35,25,255,0,0,21,1,22,128,67,56,26,277,34,18,52,329
07/10/2015,OMA,NE,ACE,CE,Towers with Radar,139,60,37,34,270,0,12,23,0,35,139,72,60,34,305,42,36,78,383
07/11/2015,OMA,NE,ACE,CE,Towers with Radar,102,33,15,36,186,0,6,15,2,23,102,39,30,38,209,32,38,70,279
07/12/2015,OMA,NE,ACE,CE,Towers with Radar,116,55,34,8,213,0,6,17,5,28,116,61,51,13,241,10,16,26,267
07/13/2015,OMA,NE,ACE,CE,Towers with Radar,133,58,52,12,255,0,3,13,0,16,133,61,65,12,271,14,8,22,293
07/14/2015,OMA,NE,ACE,CE,Towers with Radar,129,76,50,6,261,0,0,32,0,32,129,76,82,6,293,40,4,44,337
07/15/2015,OMA,NE,ACE,CE,Towers with Radar,139,65,50,0,254,0,1,5,2,8,139,66,55,2,262,14,0,14,276
07/16/2015,OMA,NE,ACE,CE,Towers with Radar,129,73,66,11,279,0,1,14,2,17,129,74,80,13,296,18,6,24,320
07/17/2015,OMA,NE,ACE,CE,Towers with Radar,133,60,36,5,234,0,0,27,4,31,133,60,63,9,265,8,4,12,277
07/18/2015,OMA,NE,ACE,CE,Towers with Radar,100,46,24,1,171,0,0,41,2,43,100,46,65,3,214,50,0,50,264
07/19/2015,OMA,NE,ACE,CE,Towers with Radar,121,48,31,0,200,0,4,51,3,58,121,52,82,3,258,44,0,44,302
07/20/2015,OMA,NE,ACE,CE,Towers with Radar,123,69,39,0,231,0,0,20,7,27,123,69,59,7,258,16,0,16,274
07/21/2015,OMA,NE,ACE,CE,Towers with Radar,138,60,46,2,246,0,4,18,2,24,138,64,64,4,270,18,0,18,288
07/22/2015,OMA,NE,ACE,CE,Towers with Radar,134,64,45,0,243,0,0,13,4,17,134,64,58,4,260,12,0,12,272
07/23/2015,OMA,NE,ACE,CE,Towers with Radar,130,74,42,4,250,0,1,14,3,18,130,75,56,7,268,10,0,10,278
07/24/2015,OMA,NE,ACE,CE,Towers with Radar,135,56,31,0,222,0,2,12,7,21,135,58,43,7,243,26,0,26,269
07/25/2015,OMA,NE,ACE,CE,Towers with Radar,103,38,28,9,178,0,4,21,3,28,103,42,49,12,206,8,0,8,214
07/26/2015,OMA,NE,ACE,CE,Towers with Radar,120,43,27,3,193,0,0,17,6,23,120,43,44,9,216,24,0,24,240
07/27/2015,OMA,NE,ACE,CE,Towers with Radar,125,70,42,6,243,0,0,7,3,10,125,70,49,9,253,0,6,6,259
07/28/2015,OMA,NE,ACE,CE,Towers with Radar,140,61,38,1,240,0,0,2,0,2,140,61,40,1,242,4,0,4,246
07/29/2015,OMA,NE,ACE,CE,Towers with Radar,137,69,60,0,266,0,0,13,9,22,137,69,73,9,288,12,0,12,300
07/30/2015,OMA,NE,ACE,CE,Towers with Radar,121,70,65,0,256,0,0,14,11,25,121,70,79,11,281,20,2,22,303
07/31/2015,OMA,NE,ACE,CE,Towers with Radar,137,68,26,11,242,0,0,13,7,20,137,68,39,18,262,12,2,14,276
08/01/2015,OMA,NE,ACE,CE,Towers with Radar,107,42,15,23,187,0,0,28,6,34,107,42,43,29,221,26,39,65,286
08/02/2015,OMA,NE,ACE,CE,Towers with Radar,121,47,27,19,214,0,2,19,2,23,121,49,46,21,237,26,10,36,273
08/03/2015,OMA,NE,ACE,CE,Towers with Radar,129,57,29,3,218,0,2,15,1,18,129,59,44,4,236,28,4,32,268
08/04/2015,OMA,NE,ACE,CE,Towers with Radar,136,68,38,0,242,0,0,12,0,12,136,68,50,0,254,18,0,18,272
08/05/2015,OMA,NE,ACE,CE,Towers with Radar,137,70,50,2,259,0,1,15,0,16,137,71,65,2,275,10,0,10,285
08/06/2015,OMA,NE,ACE,CE,Towers with Radar,130,74,49,11,264,0,0,30,0,30,130,74,79,11,294,36,2,38,332
08/07/2015,OMA,NE,ACE,CE,Towers with Radar,128,74,44,1,247,0,4,20,3,27,128,78,64,4,274,16,0,16,290
08/08/2015,OMA,NE,ACE,CE,Towers with Radar,106,32,23,4,165,0,1,19,5,25,106,33,42,9,190,46,4,50,240
08/09/2015,OMA,NE,ACE,CE,Towers with Radar,118,58,28,6,210,0,0,8,2,10,118,58,36,8,220,40,2,42,262
08/10/2015,OMA,NE,ACE,CE,Towers with Radar,122,56,48,2,228,0,0,11,0,11,122,56,59,2,239,18,0,18,257
08/11/2015,OMA,NE,ACE,CE,Towers with Radar,128,56,69,4,257,0,1,20,4,25,128,57,89,8,282,22,6,28,310
08/12/2015,OMA,NE,ACE,CE,Towers with Radar,130,71,45,4,250,0,0,7,5,12,130,71,52,9,262,16,2,18,280
08/13/2015,OMA,NE,ACE,CE,Towers with Radar,120,57,54,9,240,0,0,18,7,25,120,57,72,16,265,12,6,18,283
08/14/2015,OMA,NE,ACE,CE,Towers with Radar,130,63,46,26,265,0,1,22,1,24,130,64,68,27,289,20,24,44,333
08/15/2015,OMA,NE,ACE,CE,Towers with Radar,99,41,36,15,191,0,1,25,7,33,99,42,61,22,224,32,14,46,270
08/16/2015,OMA,NE,ACE,CE,Towers with Radar,121,45,18,26,210,0,0,13,3,16,121,45,31,29,226,2,30,32,258
08/17/2015,OMA,NE,ACE,CE,Towers with Radar,123,57,47,3,230,0,0,2,0,2,123,57,49,3,232,0,0,0,232
08/18/2015,OMA,NE,ACE,CE,Towers with Radar,137,62,32,1,232,0,1,2,0,3,137,63,34,1,235,0,0,0,235
08/19/2015,OMA,NE,ACE,CE,Towers with Radar,130,59,43,5,237,0,1,12,7,20,130,60,55,12,257,30,2,32,289
08/20/2015,OMA,NE,ACE,CE,Towers with Radar,127,71,57,10,265,0,1,32,2,35,127,72,89,12,300,10,16,26,326
08/21/2015,OMA,NE,ACE,CE,Towers with Radar,134,61,60,23,278,0,0,23,3,26,134,61,83,26,304,16,14,30,334
08/22/2015,OMA,NE,ACE,CE,Towers with Radar,88,34,11,14,147,0,0,4,11,15,88,34,15,25,162,4,12,16,178
08/23/2015,OMA,NE,ACE,CE,Towers with Radar,111,42,36,37,226,0,2,27,5,34,111,44,63,42,260,10,40,50,310
08/24/2015,OMA,NE,ACE,CE,Towers with Radar,127,50,47,0,224,0,3,23,3,29,127,53,70,3,253,30,0,30,283
08/25/2015,OMA,NE,ACE,CE,Towers with Radar,127,66,55,2,250,0,1,22,2,25,127,67,77,4,275,12,2,14,289
08/26/2015,OMA,NE,ACE,CE,Towers with Radar,130,71,65,9,275,0,6,28,5,39,130,77,93,14,314,34,12,46,360
08/27/2015,OMA,NE,ACE,CE,Towers with Radar,126,75,57,16,274,0,0,9,12,21,126,75,66,28,295,16,16,32,327
08/28/2015,OMA,NE,ACE,CE,Towers with Radar,132,63,50,7,252,0,0,2,1,3,132,63,52,8,255,0,2,2,257
08/29/2015,OMA,NE,ACE,CE,Towers with Radar,84,40,30,8,162,0,0,8,0,8,84,40,38,8,170,4,0,4,174
08/30/2015,OMA,NE,ACE,CE,Towers with Radar,100,40,23,2,165,0,0,18,5,23,100,40,41,7,188,20,0,20,208
08/31/2015,OMA,NE,ACE,CE,Towers with Radar,126,44,35,11,216,0,0,19,8,27,126,44,54,19,243,10,8,18,261
09/01/2015,OMA,NE,ACE,CE,Towers with Radar,122,57,32,2,213,0,0,9,2,11,122,57,41,4,224,28,0,28,252
09/02/2015,OMA,NE,ACE,CE,Towers with Radar,124,74,54,0,252,0,0,28,3,31,124,74,82,3,283,8,0,8,291
09/03/2015,OMA,NE,ACE,CE,Towers with Radar,122,79,52,0,253,0,0,18,12,30,122,79,70,12,283,18,0,18,301
09/04/2015,OMA,NE,ACE,CE,Towers with Radar,129,68,34,2,233,0,2,15,4,21,129,70,49,6,254,18,0,18,272
09/05/2015,OMA,NE,ACE,CE,Towers with Radar,71,43,18,4,136,0,0,12,5,17,71,43,30,9,153,11,12,23,176
09/06/2015,OMA,NE,ACE,CE,Towers with Radar,76,21,15,2,114,0,2,13,1,16,76,23,28,3,130,6,0,6,136
09/07/2015,OMA,NE,ACE,CE,Towers with Radar,111,45,23,5,184,0,0,2,1,3,111,45,25,6,187,2,0,2,189
09/08/2015,OMA,NE,ACE,CE,Towers with Radar,119,61,47,0,227,0,0,14,0,14,119,61,61,0,241,30,0,30,271
09/09/2015,OMA,NE,ACE,CE,Towers with Radar,124,58,47,4,233,0,2,10,3,15,124,60,57,7,248,6,2,8,256
09/10/2015,OMA,NE,ACE,CE,Towers with Radar,128,58,63,6,255,0,3,16,11,30,128,61,79,17,285,14,0,14,299
09/11/2015,OMA,NE,ACE,CE,Towers with Radar,127,71,55,16,269,0,0,12,6,18,127,71,67,22,287,8,14,22,309
09/12/2015,OMA,NE,ACE,CE,Towers with Radar,80,39,24,11,154,0,2,30,4,36,80,41,54,15,190,52,16,68,258
09/13/2015,OMA,NE,ACE,CE,Towers with Radar,107,37,19,10,173,0,0,30,4,34,107,37,49,14,207,28,2,30,237
09/14/2015,OMA,NE,ACE,CE,Towers with Radar,125,59,37,0,221,0,2,11,3,16,125,61,48,3,237,22,0,22,259
09/15/2015,OMA,NE,ACE,CE,Towers with Radar,127,67,48,14,256,0,2,4,6,12,127,69,52,20,268,8,6,14,282
09/16/2015,OMA,NE,ACE,CE,Towers with Radar,128,73,49,1,251,0,1,8,2,11,128,74,57,3,262,0,0,0,262
09/17/2015,OMA,NE,ACE,CE,Towers with Radar,123,74,70,2,269,0,1,17,4,22,123,75,87,6,291,18,0,18,309
09/18/2015,OMA,NE,ACE,CE,Towers with Radar,134,66,41,17,258,0,5,9,1,15,134,71,50,18,273,14,18,32,305
09/19/2015,OMA,NE,ACE,CE,Towers with Radar,84,43,25,1,153,0,0,26,2,28,84,43,51,3,181,56,4,60,241
09/20/2015,OMA,NE,ACE,CE,Towers with Radar,110,48,18,1,177,0,1,23,6,30,110,49,41,7,207,20,0,20,227
09/21/2015,OMA,NE,ACE,CE,Towers with Radar,124,61,27,5,217,0,1,2,3,6,124,62,29,8,223,0,2,2,225
09/22/2015,OMA,NE,ACE,CE,Towers with Radar,125,75,35,0,235,0,0,8,1,9,125,75,43,1,244,0,0,0,244
09/23/2015,OMA,NE,ACE,CE,Towers with Radar,129,63,51,0,243,0,0,0,0,0,129,63,51,0,243,0,0,0,243
09/24/2015,OMA,NE,ACE,CE,Towers with Radar,129,63,47,3,242,0,0,3,2,5,129,63,50,5,247,2,0,2,249
09/25/2015,OMA,NE,ACE,CE,Towers with Radar,131,71,65,23,290,0,2,11,0,13,131,73,76,23,303,6,18,24,327
09/26/2015,OMA,NE,ACE,CE,Towers with Radar,90,36,30,5,161,0,6,29,9,44,90,42,59,14,205,19,0,19,224
09/27/2015,OMA,NE,ACE,CE,Towers with Radar,115,36,14,4,169,0,2,38,3,43,115,38,52,7,212,38,0,38,250
09/28/2015,OMA,NE,ACE,CE,Towers with Radar,128,58,32,0,218,0,0,15,6,21,128,58,47,6,239,6,0,6,245
09/29/2015,OMA,NE,ACE,CE,Towers with Radar,128,66,45,4,243,0,2,10,0,12,128,68,55,4,255,6,10,16,271
09/30/2015,OMA,NE,ACE,CE,Towers with Radar,130,71,52,0,253,0,0,20,0,20,130,71,72,0,273,10,0,10,283
10/01/2015,OMA,NE,ACE,CE,Towers with Radar,128,62,51,0,241,0,0,19,9,28,128,62,70,9,269,12,0,12,281
10/02/2015,OMA,NE,ACE,CE,Towers with Radar,129,66,37,4,236,0,1,9,6,16,129,67,46,10,252,8,6,14,266
10/03/2015,OMA,NE,ACE,CE,Towers with Radar,86,25,23,0,134,0,0,14,6,20,86,25,37,6,154,0,0,0,154
10/04/2015,OMA,NE,ACE,CE,Towers with Radar,112,37,19,1,169,0,2,27,8,37,112,39,46,9,206,16,0,16,222
10/05/2015,OMA,NE,ACE,CE,Towers with Radar,123,52,42,15,232,0,0,12,5,17,123,52,54,20,249,6,12,18,267
10/06/2015,OMA,NE,ACE,CE,Towers with Radar,130,61,45,12,248,0,0,18,1,19,130,61,63,13,267,36,12,48,315
10/07/2015,OMA,NE,ACE,CE,Towers with Radar,133,79,64,1,277,0,0,26,7,33,133,79,90,8,310,22,0,22,332
10/08/2015,OMA,NE,ACE,CE,Towers with Radar,132,58,68,0,258,0,2,20,3,25,132,60,88,3,283,32,0,32,315
10/09/2015,OMA,NE,ACE,CE,Towers with Radar,134,66,54,23,277,0,3,13,0,16,134,69,67,23,293,22,30,52,345
10/10/2015,OMA,NE,ACE,CE,Towers with Radar,82,32,25,13,152,0,2,18,0,20,82,34,43,13,172,36,12,48,220
10/11/2015,OMA,NE,ACE,CE,Towers with Radar,121,50,22,0,193,0,1,13,5,19,121,51,35,5,212,10,0,10,222
10/12/2015,OMA,NE,ACE,CE,Towers with Radar,127,59,27,0,213,0,0,5,4,9,127,59,32,4,222,4,0,4,226
10/13/2015,OMA,NE,ACE,CE,Towers with Radar,129,58,49,17,253,0,0,10,5,15,129,58,59,22,268,10,12,22,290
10/14/2015,OMA,NE,ACE,CE,Towers with Radar,135,65,57,4,261,0,0,19,6,25,135,65,76,10,286,18,4,22,308
10/15/2015,OMA,NE,ACE,CE,Towers with Radar,127,73,52,6,258,0,3,18,3,24,127,76,70,9,282,18,8,26,308
10/16/2015,OMA,NE,ACE,CE,Towers with Radar,129,74,47,2,252,0,0,15,1,16,129,74,62,3,268,4,0,4,272
10/17/2015,OMA,NE,ACE,CE,Towers with Radar,87,26,26,33,172,0,0,21,5,26,87,26,47,38,198,20,32,52,250
10/18/2015,OMA,NE,ACE,CE,Towers with Radar,122,32,29,2,185,0,2,20,6,28,122,34,49,8,213,10,0,10,223
10/19/2015,OMA,NE,ACE,CE,Towers with Radar,127,61,34,3,225,0,0,16,2,18,127,61,50,5,243,8,0,8,251
10/20/2015,OMA,NE,ACE,CE,Towers with Radar,147,74,49,1,271,0,2,14,1,17,147,76,63,2,288,12,0,12,300
10/21/2015,OMA,NE,ACE,CE,Towers with Radar,141,67,49,12,269,0,1,12,8,21,141,68,61,20,290,22,10,32,322
10/22/2015,OMA,NE,ACE,CE,Towers with Radar,129,68,46,8,251,0,0,9,6,15,129,68,55,14,266,24,6,30,296
10/23/2015,OMA,NE,ACE,CE,Towers with Radar,123,81,33,19,256,0,0,1,0,1,123,81,34,19,257,2,10,12,269
10/24/2015,OMA,NE,ACE,CE,Towers with Radar,87,37,21,7,152,0,2,11,3,16,87,39,32,10,168,10,2,12,180
10/25/2015,OMA,NE,ACE,CE,Towers with Radar,118,51,30,2,201,0,1,26,1,28,118,52,56,3,229,20,0,20,249
10/26/2015,OMA,NE,ACE,CE,Towers with Radar,128,70,39,4,241,0,5,7,3,15,128,75,46,7,256,6,2,8,264
10/27/2015,OMA,NE,ACE,CE,Towers with Radar,122,60,40,6,228,0,0,0,0,0,122,60,40,6,228,2,8,10,238
10/28/2015,OMA,NE,ACE,CE,Towers with Radar,122,74,42,0,238,0,4,5,5,14,122,78,47,5,252,14,0,14,266
10/29/2015,OMA,NE,ACE,CE,Towers with Radar,130,87,54,12,283,0,7,16,6,29,130,94,70,18,312,36,16,52,364
10/30/2015,OMA,NE,ACE,CE,Towers with Radar,125,62,46,20,253,0,0,14,2,16,125,62,60,22,269,24,24,48,317
10/31/2015,OMA,NE,ACE,CE,Towers with Radar,79,33,28,7,147,0,1,6,0,7,79,34,34,7,154,10,2,12,166
11/01/2015,OMA,NE,ACE,CE,Towers with Radar,118,40,27,1,186,0,1,14,11,26,118,41,41,12,212,14,0,14,226
11/02/2015,OMA,NE,ACE,CE,Towers with Radar,122,63,46,11,242,0,1,24,3,28,122,64,70,14,270,34,12,46,316
11/03/2015,OMA,NE,ACE,CE,Towers with Radar,127,61,71,0,259,0,2,4,4,10,127,63,75,4,269,2,0,2,271
11/04/2015,OMA,NE,ACE,CE,Towers with Radar,125,77,31,6,239,0,2,6,6,14,125,79,37,12,253,2,4,6,259
11/05/2015,OMA,NE,ACE,CE,Towers with Radar,127,81,58,10,276,0,2,12,4,18,127,83,70,14,294,24,6,30,324
11/06/2015,OMA,NE,ACE,CE,Towers with Radar,131,82,32,1,246,0,3,28,1,32,131,85,60,2,278,20,0,20,298
11/07/2015,OMA,NE,ACE,CE,Towers with Radar,87,31,10,5,133,0,2,17,0,19,87,33,27,5,152,16,8,24,176
11/08/2015,OMA,NE,ACE,CE,Towers with Radar,115,47,26,1,189,0,4,22,5,31,115,51,48,6,220,12,2,14,234
11/09/2015,OMA,NE,ACE,CE,Towers with Radar,121,74,35,0,230,0,0,18,3,21,121,74,53,3,251,14,0,14,265
11/10/2015,OMA,NE,ACE,CE,Towers with Radar,124,66,42,6,238,0,4,10,9,23,124,70,52,15,261,36,0,36,297
11/11/2015,OMA,NE,ACE,CE,Towers with Radar,129,67,33,0,229,0,0,0,0,0,129,67,33,0,229,6,0,6,235
11/12/2015,OMA,NE,ACE,CE,Towers with Radar,132,64,50,0,246,0,0,12,1,13,132,64,62,1,259,0,0,0,259
11/13/2015,OMA,NE,ACE,CE,Towers with Radar,136,69,43,1,249,0,2,16,7,25,136,71,59,8,274,34,0,34,308
11/14/2015,OMA,NE,ACE,CE,Towers with Radar,87,37,20,2,146,0,0,30,4,34,87,37,50,6,180,45,0,45,225
11/15/2015,OMA,NE,ACE,CE,Towers with Radar,121,49,20,0,190,0,0,13,4,17,121,49,33,4,207,6,0,6,213
11/16/2015,OMA,NE,ACE,CE,Towers with Radar,121,53,38,0,212,0,0,5,0,5,121,53,43,0,217,0,0,0,217
11/17/2015,OMA,NE,ACE,CE,Towers with Radar,137,75,38,0,250,0,0,0,0,0,137,75,38,0,250,0,0,0,250
11/18/2015,OMA,NE,ACE,CE,Towers with Radar,125,74,45,5,249,0,0,4,1,5,125,74,49,6,254,2,4,6,260
11/19/2015,OMA,NE,ACE,CE,Towers with Radar,136,83,47,0,266,0,0,10,4,14,136,83,57,4,280,15,0,15,295
11/20/2015,OMA,NE,ACE,CE,Towers with Radar,132,74,26,0,232,0,0,3,1,4,132,74,29,1,236,4,0,4,240
11/21/2015,OMA,NE,ACE,CE,Towers with Radar,89,33,14,0,136,0,2,13,2,17,89,35,27,2,153,10,0,10,163
11/22/2015,OMA,NE,ACE,CE,Towers with Radar,112,28,21,0,161,0,0,12,1,13,112,28,33,1,174,14,0,14,188
11/23/2015,OMA,NE,ACE,CE,Towers with Radar,107,66,31,1,205,0,3,23,3,29,107,69,54,4,234,56,0,56,290
11/24/2015,OMA,NE,ACE,CE,Towers with Radar,135,76,51,0,262,0,1,11,4,16,135,77,62,4,278,28,0,28,306
11/25/2015,OMA,NE,ACE,CE,Towers with Radar,145,71,29,0,245,0,0,6,0,6,145,71,35,0,251,26,0,26,277
11/26/2015,OMA,NE,ACE,CE,Towers with Radar,66,15,7,0,88,0,0,0,0,0,66,15,7,0,88,0,0,0,88
11/27/2015,OMA,NE,ACE,CE,Towers with Radar,95,48,11,0,154,0,1,0,0,1,95,49,11,0,155,0,0,0,155
11/28/2015,OMA,NE,ACE,CE,Towers with Radar,121,50,11,0,182,0,2,2,0,4,121,52,13,0,186,2,0,2,188
11/29/2015,OMA,NE,ACE,CE,Towers with Radar,141,49,22,0,212,0,0,1,0,1,141,49,23,0,213,0,0,0,213
11/30/2015,OMA,NE,ACE,CE,Towers with Radar,139,51,12,0,202,0,0,0,0,0,139,51,12,0,202,0,0,0,202
12/01/2015,OMA,NE,ACE,CE,Towers with Radar,133,66,51,16,266,0,0,7,0,7,133,66,58,16,273,2,18,20,293
12/02/2015,OMA,NE,ACE,CE,Towers with Radar,120,76,54,0,250,0,1,14,0,15,120,77,68,0,265,20,0,20,285
12/03/2015,OMA,NE,ACE,CE,Towers with Radar,125,66,65,0,256,0,0,18,9,27,125,66,83,9,283,32,0,32,315
12/04/2015,OMA,NE,ACE,CE,Towers with Radar,124,64,38,34,260,0,0,21,0,21,124,64,59,34,281,32,38,70,351
12/05/2015,OMA,NE,ACE,CE,Towers with Radar,85,24,13,0,122,0,1,12,2,15,85,25,25,2,137,10,0,10,147
12/06/2015,OMA,NE,ACE,CE,Towers with Radar,109,46,22,0,177,0,0,15,0,15,109,46,37,0,192,14,0,14,206
12/07/2015,OMA,NE,ACE,CE,Towers with Radar,112,59,30,0,201,0,0,14,4,18,112,59,44,4,219,18,4,22,241
12/08/2015,OMA,NE,ACE,CE,Towers with Radar,121,76,44,8,249,0,0,24,3,27,121,76,68,11,276,36,8,44,320
12/09/2015,OMA,NE,ACE,CE,Towers with Radar,124,61,38,4,227,0,1,8,2,11,124,62,46,6,238,2,4,6,244
12/10/2015,OMA,NE,ACE,CE,Towers with Radar,128,64,55,21,268,0,3,19,4,26,128,67,74,25,294,48,14,62,356
12/11/2015,OMA,NE,ACE,CE,Towers with Radar,124,73,43,4,244,0,1,10,5,16,124,74,53,9,260,22,2,24,284
12/12/2015,OMA,NE,ACE,CE,Towers with Radar,83,26,17,0,126,0,0,0,1,1,83,26,17,1,127,0,0,0,127
12/13/2015,OMA,NE,ACE,CE,Towers with Radar,111,32,19,0,162,0,0,0,0,0,111,32,19,0,162,0,0,0,162
12/14/2015,OMA,NE,ACE,CE,Towers with Radar,116,56,46,5,223,0,0,0,0,0,116,56,46,5,223,0,6,6,229
12/15/2015,OMA,NE,ACE,CE,Towers with Radar,122,62,50,2,236,0,0,0,0,0,122,62,50,2,236,0,0,0,236
12/16/2015,OMA,NE,ACE,CE,Towers with Radar,124,83,40,2,249,0,6,4,0,10,124,89,44,2,259,2,0,2,261
12/17/2015,OMA,NE,ACE,CE,Towers with Radar,128,92,44,1,265,0,1,10,1,12,128,93,54,2,277,22,0,22,299
12/18/2015,OMA,NE,ACE,CE,Towers with Radar,123,88,36,3,250,0,0,16,0,16,123,88,52,3,266,36,2,38,304
12/19/2015,OMA,NE,ACE,CE,Towers with Radar,94,66,35,0,195,0,0,24,1,25,94,66,59,1,220,58,0,58,278
12/20/2015,OMA,NE,ACE,CE,Towers with Radar,109,48,23,0,180,0,0,15,2,17,109,48,38,2,197,64,0,64,261
12/21/2015,OMA,NE,ACE,CE,Towers with Radar,116,57,34,2,209,0,0,0,0,0,116,57,34,2,209,0,0,0,209
12/22/2015,OMA,NE,ACE,CE,Towers with Radar,111,79,29,0,219,0,1,4,0,5,111,80,33,0,224,6,0,6,230
12/23/2015,OMA,NE,ACE,CE,Towers with Radar,116,77,26,0,219,0,1,2,6,9,116,78,28,6,228,0,0,0,228
12/24/2015,OMA,NE,ACE,CE,Towers with Radar,102,47,8,0,157,0,0,0,2,2,102,47,8,2,159,0,0,0,159
12/25/2015,OMA,NE,ACE,CE,Towers with Radar,78,37,3,0,118,0,0,0,0,0,78,37,3,0,118,0,0,0,118
12/26/2015,OMA,NE,ACE,CE,Towers with Radar,94,69,16,0,179,0,0,0,0,0,94,69,16,0,179,0,0,0,179
12/27/2015,OMA,NE,ACE,CE,Towers with Radar,105,61,21,0,187,0,1,3,2,6,105,62,24,2,193,4,0,4,197
12/28/2015,OMA,NE,ACE,CE,Towers with Radar,79,62,4,0,145,0,0,0,0,0,79,62,4,0,145,0,0,0,145
12/29/2015,OMA,NE,ACE,CE,Towers with Radar,104,87,30,6,227,0,0,4,2,6,104,87,34,8,233,0,6,6,239
12/30/2015,OMA,NE,ACE,CE,Towers with Radar,112,81,20,2,215,0,0,3,2,5,112,81,23,4,220,0,0,0,220
12/31/2015,OMA,NE,ACE,CE,Towers with Radar,97,56,25,0,178,0,2,9,2,13,97,58,34,2,191,22,0,22,213
01/01/2016,OMA,NE,ACE,CE,Towers with Radar,81,23,12,0,116,0,0,9,2,11,81,23,21,2,127,8,0,8,135
01/02/2016,OMA,NE,ACE,CE,Towers with Radar,103,55,27,0,185,0,0,8,3,11,103,55,35,3,196,38,0,38,234
01/03/2016,OMA,NE,ACE,CE,Towers with Radar,113,55,18,0,186,0,0,18,1,19,113,55,36,1,205,22,0,22,227
01/04/2016,OMA,NE,ACE,CE,Towers with Radar,112,65,22,0,199,0,0,2,0,2,112,65,24,0,201,0,0,0,201
01/05/2016,OMA,NE,ACE,CE,Towers with Radar,113,66,18,7,204,0,0,14,3,17,113,66,32,10,221,36,0,36,257
01/06/2016,OMA,NE,ACE,CE,Towers with Radar,111,71,21,0,203,0,0,3,1,4,111,71,24,1,207,0,0,0,207
01/07/2016,OMA,NE,ACE,CE,Towers with Radar,116,48,26,0,190,0,0,0,0,0,116,48,26,0,190,0,0,0,190
01/08/2016,OMA,NE,ACE,CE,Towers with Radar,116,61,27,0,204,0,0,0,0,0,116,61,27,0,204,0,0,0,204
01/09/2016,OMA,NE,ACE,CE,Towers with Radar,79,42,20,0,141,0,1,5,3,9,79,43,25,3,150,0,0,0,150
01/10/2016,OMA,NE,ACE,CE,Towers with Radar,99,42,16,0,157,0,3,4,3,10,99,45,20,3,167,4,0,4,171
01/11/2016,OMA,NE,ACE,CE,Towers with Radar,103,60,39,0,202,0,2,10,2,14,103,62,49,2,216,26,0,26,242
01/12/2016,OMA,NE,ACE,CE,Towers with Radar,121,71,48,0,240,0,0,10,2,12,121,71,58,2,252,14,0,14,266
01/13/2016,OMA,NE,ACE,CE,Towers with Radar,118,66,38,2,224,0,0,9,2,11,118,66,47,4,235,10,0,10,245
01/14/2016,OMA,NE,ACE,CE,Towers with Radar,116,79,57,7,259,0,2,29,1,32,116,81,86,8,291,18,6,24,315
01/15/2016,OMA,NE,ACE,CE,Towers with Radar,119,60,17,10,206,0,6,4,8,18,119,66,21,18,224,8,10,18,242
01/16/2016,OMA,NE,ACE,CE,Towers with Radar,82,40,11,0,133,0,0,6,0,6,82,40,17,0,139,18,0,18,157
01/17/2016,OMA,NE,ACE,CE,Towers with Radar,92,38,9,0,139,0,0,3,3,6,92,38,12,3,145,0,0,0,145
01/18/2016,OMA,NE,ACE,CE,Towers with Radar,105,55,49,2,211,0,2,10,4,16,105,57,59,6,227,6,0,6,233
01/19/2016,OMA,NE,ACE,CE,Towers with Radar,122,52,28,0,202,0,0,0,1,1,122,52,28,1,203,2,0,2,205
01/20/2016,OMA,NE,ACE,CE,Towers with Radar,118,70,31,4,223,0,0,5,2,7,118,70,36,6,230,4,4,8,238
01/21/2016,OMA,NE,ACE,CE,Towers with Radar,116,63,33,6,218,0,0,1,1,2,116,63,34,7,220,2,4,6,226
01/22/2016,OMA,NE,ACE,CE,Towers with Radar,108,71,30,0,209,0,0,2,0,2,108,71,32,0,211,0,0,0,211
01/23/2016,OMA,NE,ACE,CE,Towers with Radar,79,33,17,0,129,0,0,0,0,0,79,33,17,0,129,2,0,2,131
01/24/2016,OMA,NE,ACE,CE,Towers with Radar,98,41,15,0,154,0,3,9,0,12,98,44,24,0,166,60,0,60,226
01/25/2016,OMA,NE,ACE,CE,Towers with Radar,109,58,34,0,201,0,0,0,2,2,109,58,34,2,203,0,0,0,203
01/26/2016,OMA,NE,ACE,CE,Towers with Radar,111,68,50,14,243,0,1,9,1,11,111,69,59,15,254,14,16,30,284
01/27/2016,OMA,NE,ACE,CE,Towers with Radar,117,69,54,12,252,0,1,28,1,30,117,70,82,13,282,42,12,54,336
01/28/2016,OMA,NE,ACE,CE,Towers with Radar,117,63,44,0,224,0,1,29,3,33,117,64,73,3,257,30,0,30,287
01/29/2016,OMA,NE,ACE,CE,Towers with Radar,117,75,34,0,226,0,0,16,4,20,117,75,50,4,246,60,0,60,306
01/30/2016,OMA,NE,ACE,CE,Towers with Radar,81,42,22,0,145,0,0,13,4,17,81,42,35,4,162,18,0,18,180
01/31/2016,OMA,NE,ACE,CE,Towers with Radar,97,42,15,0,154,0,1,10,5,16,97,43,25,5,170,20,0,20,190
02/01/2016,OMA,NE,ACE,CE,Towers with Radar,103,56,40,0,199,0,1,7,1,9,103,57,47,1,208,12,0,12,220
02/02/2016,OMA,NE,ACE,CE,Towers with Radar,67,11,4,0,82,0,0,0,0,0,67,11,4,0,82,0,0,0,82
02/03/2016,OMA,NE,ACE,CE,Towers with Radar,119,60,26,0,205,0,0,6,0,6,119,60,32,0,211,0,0,0,211
02/04/2016,OMA,NE,ACE,CE,Towers with Radar,116,67,56,0,239,0,3,23,1,27,116,70,79,1,266,20,0,20,286
02/05/2016,OMA,NE,ACE,CE,Towers with Radar,120,67,34,1,222,0,0,10,0,10,120,67,44,1,232,12,0,12,244
02/06/2016,OMA,NE,ACE,CE,Towers with Radar,82,35,14,0,131,0,6,12,7,25,82,41,26,7,156,6,0,6,162
02/07/2016,OMA,NE,ACE,CE,Towers with Radar,92,39,9,1,141,0,1,3,0,4,92,40,12,1,145,4,0,4,149
02/08/2016,OMA,NE,ACE,CE,Towers with Radar,109,73,42,4,228,0,0,3,0,3,109,73,45,4,231,4,4,8,239
02/09/2016,OMA,NE,ACE,CE,Towers with Radar,119,74,44,3,240,0,0,14,3,17,119,74,58,6,257,22,0,22,279
02/10/2016,OMA,NE,ACE,CE,Towers with Radar,121,66,46,0,233,0,0,15,2,17,121,66,61,2,250,58,0,58,308
02/11/2016,OMA,NE,ACE,CE,Towers with Radar,120,76,36,21,253,0,0,3,0,3,120,76,39,21,256,4,20,24,280
02/12/2016,OMA,NE,ACE,CE,Towers with Radar,118,75,39,19,251,0,0,19,1,20,118,75,58,20,271,34,20,54,325
02/13/2016,OMA,NE,ACE,CE,Towers with Radar,83,24,17,0,124,0,4,11,2,17,83,28,28,2,141,18,0,18,159
02/14/2016,OMA,NE,ACE,CE,Towers with Radar,99,31,7,0,137,0,0,5,2,7,99,31,12,2,144,4,0,4,148
02/15/2016,OMA,NE,ACE,CE,Towers with Radar,104,60,31,1,196,0,7,7,1,15,104,67,38,2,211,24,0,24,235
02/16/2016,OMA,NE,ACE,CE,Towers with Radar,121,82,16,0,219,0,0,1,3,4,121,82,17,3,223,0,0,0,223
02/17/2016,OMA,NE,ACE,CE,Towers with Radar,116,73,53,2,244,0,6,20,3,29,116,79,73,5,273,34,0,34,307
02/18/2016,OMA,NE,ACE,CE,Towers with Radar,131,65,36,0,232,0,0,22,2,24,131,65,58,2,256,36,0,36,292
02/19/2016,OMA,NE,ACE,CE,Towers with Radar,120,77,22,8,227,0,5,4,4,13,120,82,26,12,240,4,0,4,244
02/20/2016,OMA,NE,ACE,CE,Towers with Radar,87,41,17,0,145,0,4,28,4,36,87,45,45,4,181,16,0,16,197
02/21/2016,OMA,NE,ACE,CE,Towers with Radar,110,54,22,2,188,0,0,8,0,8,110,54,30,2,196,50,0,50,246
02/22/2016,OMA,NE,ACE,CE,Towers with Radar,113,63,35,3,214,0,0,3,0,3,113,63,38,3,217,2,0,2,219
02/23/2016,OMA,NE,ACE,CE,Towers with Radar,124,63,61,23,271,0,0,16,1,17,124,63,77,24,288,56,16,72,360
02/24/2016,OMA,NE,ACE,CE,Towers with Radar,114,56,53,1,224,0,0,11,4,15,114,56,64,5,239,18,2,20,259
02/25/2016,OMA,NE,ACE,CE,Towers with Radar,128,64,35,0,227,1,0,5,2,8,129,64,40,2,235,2,0,2,237
02/26/2016,OMA,NE,ACE,CE,Towers with Radar,122,59,36,0,217,0,0,13,0,13,122,59,49,0,230,10,0,10,240
02/27/2016,OMA,NE,ACE,CE,Towers with Radar,89,35,21,0,145,0,0,24,4,28,89,35,45,4,173,16,0,16,189
02/28/2016,OMA,NE,ACE,CE,Towers with Radar,119,51,16,0,186,0,0,4,6,10,119,51,20,6,196,2,0,2,198
02/29/2016,OMA,NE,ACE,CE,Towers with Radar,139,51,53,13,256,0,0,12,12,24,139,51,65,25,280,16,12,28,308
03/01/2016,OMA,NE,ACE,CE,Towers with Radar,118,63,46,15,242,0,1,5,3,9,118,64,51,18,251,10,16,26,277
03/02/2016,OMA,NE,ACE,CE,Towers with Radar,124,71,52,3,250,0,2,16,6,24,124,73,68,9,274,26,0,26,300
03/03/2016,OMA,NE,ACE,CE,Towers with Radar,128,68,46,2,244,0,2,6,3,11,128,70,52,5,255,6,0,6,261
03/04/2016,OMA,NE,ACE,CE,Towers with Radar,121,66,37,6,230,0,3,19,6,28,121,69,56,12,258,26,2,28,286
03/05/2016,OMA,NE,ACE,CE,Towers with Radar,93,36,11,4,144,0,1,37,0,38,93,37,48,4,182,42,0,42,224
03/06/2016,OMA,NE,ACE,CE,Towers with Radar,105,49,15,1,170,0,1,3,3,7,105,50,18,4,177,0,0,0,177
03/07/2016,OMA,NE,ACE,CE,Towers with Radar,119,48,28,0,195,0,0,16,1,17,119,48,44,1,212,38,0,38,250
03/08/2016,OMA,NE,ACE,CE,Towers with Radar,122,76,48,14,260,0,0,18,4,22,122,76,66,18,282,42,12,54,336
03/09/2016,OMA,NE,ACE,CE,Towers with Radar,121,81,39,13,254,0,3,15,3,21,121,84,54,16,275,26,20,46,321
03/10/2016,OMA,NE,ACE,CE,Towers with Radar,139,67,51,18,275,0,1,22,3,26,139,68,73,21,301,27,18,45,346
03/11/2016,OMA,NE,ACE,CE,Towers with Radar,131,69,27,28,255,0,1,14,4,19,131,70,41,32,274,12,26,38,312
03/12/2016,OMA,NE,ACE,CE,Towers with Radar,106,44,29,15,194,0,0,2,3,5,106,44,31,18,199,12,0,12,211
03/13/2016,OMA,NE,ACE,CE,Towers with Radar,114,49,18,29,210,0,1,0,0,1,114,50,18,29,211,0,10,10,221
03/14/2016,OMA,NE,ACE,CE,Towers with Radar,129,51,39,2,221,0,0,11,2,13,129,51,50,4,234,6,2,8,242
03/15/2016,OMA,NE,ACE,CE,Towers with Radar,130,58,40,12,240,0,2,10,1,13,130,60,50,13,253,4,16,20,273
03/16/2016,OMA,NE,ACE,CE,Towers with Radar,135,69,29,2,235,0,1,14,3,18,135,70,43,5,253,10,2,12,265
03/17/2016,OMA,NE,ACE,CE,Towers with Radar,133,69,39,8,249,0,3,16,5,24,133,72,55,13,273,4,8,12,285
03/18/2016,OMA,NE,ACE,CE,Towers with Radar,130,67,31,7,235,0,1,8,0,9,130,68,39,7,244,0,4,4,248
03/19/2016,OMA,NE,ACE,CE,Towers with Radar,109,41,12,2,164,0,2,0,0,2,109,43,12,2,166,0,0,0,166
03/20/2016,OMA,NE,ACE,CE,Towers with Radar,123,47,15,1,186,0,0,16,4,20,123,47,31,5,206,36,8,44,250
03/21/2016,OMA,NE,ACE,CE,Towers with Radar,126,57,27,11,221,0,3,13,5,21,126,60,40,16,242,26,20,46,288
03/22/2016,OMA,NE,ACE,CE,Towers with Radar,138,60,43,1,242,0,0,23,7,30,138,60,66,8,272,46,0,46,318
03/23/2016,OMA,NE,ACE,CE,Towers with Radar,131,50,29,2,212,0,0,0,2,2,131,50,29,4,214,2,0,2,216
03/24/2016,OMA,NE,ACE,CE,Towers with Radar,129,70,22,0,221,0,2,7,2,11,129,72,29,2,232,18,0,18,250
03/25/2016,OMA,NE,ACE,CE,Towers with Radar,130,76,23,0,229,0,4,11,2,17,130,80,34,2,246,12,0,12,258
03/26/2016,OMA,NE,ACE,CE,Towers with Radar,97,40,9,0,146,0,0,3,1,4,97,40,12,1,150,2,0,2,152
03/27/2016,OMA,NE,ACE,CE,Towers with Radar,125,43,19,0,187,0,4,16,0,20,125,47,35,0,207,30,0,30,237
03/28/2016,OMA,NE,ACE,CE,Towers with Radar,122,50,34,10,216,0,0,22,5,27,122,50,56,15,243,28,8,36,279
03/29/2016,OMA,NE,ACE,CE,Towers with Radar,134,55,39,0,228,0,0,7,3,10,134,55,46,3,238,4,0,4,242
03/30/2016,OMA,NE,ACE,CE,Towers with Radar,129,58,38,0,225,0,0,4,2,6,129,58,42,2,231,2,0,2,233
03/31/2016,OMA,NE,ACE,CE,Towers with Radar,135,59,38,16,248,0,0,3,0,3,135,59,41,16,251,10,16,26,277
04/01/2016,OMA,NE,ACE,CE,Towers with Radar,126,57,33,0,216,0,0,6,0,6,126,57,39,0,222,10,0,10,232
04/02/2016,OMA,NE,ACE,CE,Towers with Radar,96,43,28,0,167,0,4,16,3,23,96,47,44,3,190,18,0,18,208
04/03/2016,OMA,NE,ACE,CE,Towers with Radar,118,47,26,0,191,0,1,6,4,11,118,48,32,4,202,8,0,8,210
04/04/2016,OMA,NE,ACE,CE,Towers with Radar,123,64,38,2,227,0,0,11,5,16,123,64,49,7,243,8,0,8,251
04/05/2016,OMA,NE,ACE,CE,Towers with Radar,131,66,31,14,242,0,1,10,3,14,131,67,41,17,256,10,10,20,276
04/06/2016,OMA,NE,ACE,CE,Towers with Radar,128,75,31,0,234,0,0,3,1,4,128,75,34,1,238,2,0,2,240
04/07/2016,OMA,NE,ACE,CE,Towers with Radar,141,72,44,0,257,0,0,4,4,8,141,72,48,4,265,2,0,2,267
04/08/2016,OMA,NE,ACE,CE,Towers with Radar,131,60,33,6,230,0,0,11,3,14,131,60,44,9,244,8,0,8,252
04/09/2016,OMA,NE,ACE,CE,Towers with Radar,102,33,15,1,151,0,0,18,4,22,102,33,33,5,173,40,0,40,213
04/10/2016,OMA,NE,ACE,CE,Towers with Radar,129,42,15,1,187,0,2,8,2,12,129,44,23,3,199,6,0,6,205
04/11/2016,OMA,NE,ACE,CE,Towers with Radar,129,63,42,0,234,0,2,16,5,23,129,65,58,5,257,16,0,16,273
04/12/2016,OMA,NE,ACE,CE,Towers with Radar,137,73,47,12,269,0,0,17,6,23,137,73,64,18,292,38,16,54,346
04/13/2016,OMA,NE,ACE,CE,Towers with Radar,130,64,64,6,264,0,1,18,2,21,130,65,82,8,285,20,4,24,309
04/14/2016,OMA,NE,ACE,CE,Towers with Radar,135,57,48,2,242,0,0,18,3,21,135,57,66,5,263,30,2,32,295
04/15/2016,OMA,NE,ACE,CE,Towers with Radar,133,64,39,10,246,0,0,9,6,15,133,64,48,16,261,4,8,12,273
04/16/2016,OMA,NE,ACE,CE,Towers with Radar,98,32,13,3,146,0,0,12,11,23,98,32,25,14,169,26,2,28,197
04/17/2016,OMA,NE,ACE,CE,Towers with Radar,124,28,23,1,176,0,1,5,4,10,124,29,28,5,186,2,0,2,188
04/18/2016,OMA,NE,ACE,CE,Towers with Radar,121,47,52,8,228,0,0,0,1,1,121,47,52,9,229,0,0,0,229
04/19/2016,OMA,NE,ACE,CE,Towers with Radar,131,80,60,2,273,0,0,17,4,21,131,80,77,6,294,82,0,82,376
04/20/2016,OMA,NE,ACE,CE,Towers with Radar,130,72,63,0,265,0,0,0,0,0,130,72,63,0,265,6,0,6,271
04/21/2016,OMA,NE,ACE,CE,Towers with Radar,134,64,53,3,254,0,0,9,2,11,134,64,62,5,265,18,0,18,283
04/22/2016,OMA,NE,ACE,CE,Towers with Radar,131,60,43,0,234,0,0,32,3,35,131,60,75,3,269,44,0,44,313
04/23/2016,OMA,NE,ACE,CE,Towers with Radar,101,35,18,2,156,0,2,12,2,16,101,37,30,4,172,2,0,2,174
04/24/2016,OMA,NE,ACE,CE,Towers with Radar,124,42,14,0,180,0,0,6,4,10,124,42,20,4,190,0,0,0,190
04/25/2016,OMA,NE,ACE,CE,Towers with Radar,122,72,38,4,236,0,1,29,7,37,122,73,67,11,273,14,4,18,291
04/26/2016,OMA,NE,ACE,CE,Towers with Radar,131,71,26,3,231,0,0,12,0,12,131,71,38,3,243,8,0,8,251
04/27/2016,OMA,NE,ACE,CE,Towers with Radar,133,68,34,3,238,0,0,0,0,0,133,68,34,3,238,2,2,4,242
04/28/2016,OMA,NE,ACE,CE,Towers with Radar,143,104,71,2,320,0,0,3,7,10,143,104,74,9,330,14,0,14,344
04/29/2016,OMA,NE,ACE,CE,Towers with Radar,139,95,111,0,345,0,0,0,2,2,139,95,111,2,347,0,0,0,347
04/30/2016,OMA,NE,ACE,CE,Towers with Radar,99,82,63,0,244,0,0,0,1,1,99,82,63,1,245,10,0,10,255
05/01/2016,OMA,NE,ACE,CE,Towers with Radar,141,97,73,0,311,0,0,1,1,2,141,97,74,1,313,4,0,4,317
05/02/2016,OMA,NE,ACE,CE,Towers with Radar,124,63,62,0,249,0,0,31,3,34,124,63,93,3,283,40,0,40,323
05/03/2016,OMA,NE,ACE,CE,Towers with Radar,130,65,41,2,238,0,3,8,2,13,130,68,49,4,251,4,4,8,259
05/04/2016,OMA,NE,ACE,CE,Towers with Radar,132,77,44,0,253,0,0,18,5,23,132,77,62,5,276,8,0,8,284
05/05/2016,OMA,NE,ACE,CE,Towers with Radar,136,67,63,2,268,0,8,23,3,34,136,75,86,5,302,14,0,14,316
05/06/2016,OMA,NE,ACE,CE,Towers with Radar,138,66,47,8,259,0,0,20,8,28,138,66,67,16,287,12,12,24,311
05/07/2016,OMA,NE,ACE,CE,Towers with Radar,107,41,19,9,176,0,1,7,11,19,107,42,26,20,195,8,18,26,221
05/08/2016,OMA,NE,ACE,CE,Towers with Radar,125,40,9,16,190,0,0,4,5,9,125,40,13,21,199,2,10,12,211
05/09/2016,OMA,NE,ACE,CE,Towers with Radar,128,57,45,0,230,0,1,3,2,6,128,58,48,2,236,0,0,0,236
05/10/2016,OMA,NE,ACE,CE,Towers with Radar,137,73,56,9,275,0,1,21,6,28,137,74,77,15,303,8,8,16,319
05/11/2016,OMA,NE,ACE,CE,Towers with Radar,131,66,45,7,249,0,0,13,1,14,131,66,58,8,263,16,10,26,289
05/12/2016,OMA,NE,ACE,CE,Towers with Radar,140,67,53,4,264,0,2,38,4,44,140,69,91,8,308,70,4,74,382
05/13/2016,OMA,NE,ACE,CE,Towers with Radar,139,66,51,0,256,0,3,9,1,13,139,69,60,1,269,0,0,0,269
05/14/2016,OMA,NE,ACE,CE,Towers with Radar,98,46,12,4,160,0,0,17,5,22,98,46,29,9,182,8,0,8,190
05/15/2016,OMA,NE,ACE,CE,Towers with Radar,129,41,31,0,201,0,0,34,5,39,129,41,65,5,240,40,0,40,280
05/16/2016,OMA,NE,ACE,CE,Towers with Radar,129,69,33,2,233,0,0,4,8,12,129,69,37,10,245,6,0,6,251
05/17/2016,OMA,NE,ACE,CE,Towers with Radar,135,81,37,22,275,0,4,10,4,18,135,85,47,26,293,2,30,32,325
05/18/2016,OMA,NE,ACE,CE,Towers with Radar,142,72,40,2,256,0,0,19,3,22,142,72,59,5,278,12,0,12,290
05/19/2016,OMA,NE,ACE,CE,Towers with Radar,144,72,56,0,272,0,2,10,4,16,144,74,66,4,288,2,0,2,290
05/20/2016,OMA,NE,ACE,CE,Towers with Radar,139,66,35,6,246,0,0,2,7,9,139,66,37,13,255,2,0,2,257
05/21/2016,OMA,NE,ACE,CE,Towers with Radar,104,35,17,0,156,0,0,16,0,16,104,35,33,0,172,14,0,14,186
05/22/2016,OMA,NE,ACE,CE,Towers with Radar,129,45,17,4,195,0,0,16,7,23,129,45,33,11,218,14,2,16,234
05/23/2016,OMA,NE,ACE,CE,Towers with Radar,133,71,38,0,242,0,0,0,0,0,133,71,38,0,242,0,0,0,242
05/24/2016,OMA,NE,ACE,CE,Towers with Radar,137,66,40,2,245,0,1,7,1,9,137,67,47,3,254,4,4,8,262
05/25/2016,OMA,NE,ACE,CE,Towers with Radar,134,85,43,8,270,0,3,11,5,19,134,88,54,13,289,4,8,12,301
05/26/2016,OMA,NE,ACE,CE,Towers with Radar,134,61,23,1,219,0,2,2,3,7,134,63,25,4,226,8,0,8,234
05/27/2016,OMA,NE,ACE,CE,Towers with Radar,139,56,47,0,242,0,0,6,3,9,139,56,53,3,251,8,0,8,259
05/28/2016,OMA,NE,ACE,CE,Towers with Radar,105,33,27,0,165,0,0,9,6,15,105,33,36,6,180,10,0,10,190
05/29/2016,OMA,NE,ACE,CE,Towers with Radar,108,21,16,0,145,0,1,15,5,21,108,22,31,5,166,6,0,6,172
05/30/2016,OMA,NE,ACE,CE,Towers with Radar,129,47,25,0,201,0,0,15,3,18,129,47,40,3,219,18,0,18,237
05/31/2016,OMA,NE,ACE,CE,Towers with Radar,130,61,40,14,245,0,4,6,3,13,130,65,46,17,258,18,8,26,284
06/01/2016,OMA,NE,ACE,CE,Towers with Radar,142,87,44,19,292,0,1,13,0,14,142,88,57,19,306,22,16,38,344
06/02/2016,OMA,NE,ACE,CE,Towers with Radar,139,66,52,3,260,0,1,7,7,15,139,67,59,10,275,18,6,24,299
06/03/2016,OMA,NE,ACE,CE,Towers with Radar,139,72,27,2,240,0,0,18,2,20,139,72,45,4,260,0,0,0,260
06/04/2016,OMA,NE,ACE,CE,Towers with Radar,107,29,21,0,157,0,4,86,4,94,107,33,107,4,251,20,0,20,271
06/05/2016,OMA,NE,ACE,CE,Towers with Radar,127,47,27,2,203,0,9,61,5,75,127,56,88,7,278,12,0,12,290
06/06/2016,OMA,NE,ACE,CE,Towers with Radar,154,69,59,3,285,0,2,22,2,26,154,71,81,5,311,12,0,12,323
06/07/2016,OMA,NE,ACE,CE,Towers with Radar,142,72,60,0,274,0,0,20,2,22,142,72,80,2,296,16,0,16,312
06/08/2016,OMA,NE,ACE,CE,Towers with Radar,145,69,58,0,272,0,0,13,2,15,145,69,71,2,287,6,0,6,293
06/09/2016,OMA,NE,ACE,CE,Towers with Radar,146,62,41,16,265,0,2,19,1,22,146,64,60,17,287,16,22,38,325
06/10/2016,OMA,NE,ACE,CE,Towers with Radar,152,60,29,0,241,0,7,12,1,20,152,67,41,1,261,10,0,10,271
06/11/2016,OMA,NE,ACE,CE,Towers with Radar,115,27,13,0,155,0,4,21,9,34,115,31,34,9,189,26,0,26,215
06/12/2016,OMA,NE,ACE,CE,Towers with Radar,144,35,28,2,209,0,1,16,2,19,144,36,44,4,228,24,0,24,252
06/13/2016,OMA,NE,ACE,CE,Towers with Radar,131,52,32,2,217,0,7,17,4,28,131,59,49,6,245,14,4,18,263
06/14/2016,OMA,NE,ACE,CE,Towers with Radar,155,62,38,2,257,0,7,16,2,25,155,69,54,4,282,2,2,4,286
06/15/2016,OMA,NE,ACE,CE,Towers with Radar,150,68,62,2,282,0,5,24,9,38,150,73,86,11,320,32,4,36,356
06/16/2016,OMA,NE,ACE,CE,Towers with Radar,159,56,56,1,272,0,2,26,3,31,159,58,82,4,303,8,0,8,311
06/17/2016,OMA,NE,ACE,CE,Towers with Radar,146,77,53,1,277,0,3,14,3,20,146,80,67,4,297,12,0,12,309
06/18/2016,OMA,NE,ACE,CE,Towers with Radar,118,48,27,2,195,0,3,29,2,34,118,51,56,4,229,8,0,8,237
06/19/2016,OMA,NE,ACE,CE,Towers with Radar,141,36,81,3,261,0,2,88,16,106,141,38,169,19,367,12,8,20,387
06/20/2016,OMA,NE,ACE,CE,Towers with Radar,140,62,59,2,263,0,0,15,3,18,140,62,74,5,281,4,0,4,285
06/21/2016,OMA,NE,ACE,CE,Towers with Radar,145,74,72,1,292,0,1,15,4,20,145,75,87,5,312,12,0,12,324
06/22/2016,OMA,NE,ACE,CE,Towers with Radar,148,69,72,0,289,0,1,16,2,19,148,70,88,2,308,8,0,8,316
06/23/2016,OMA,NE,ACE,CE,Towers with Radar,145,62,57,4,268,0,0,25,6,31,145,62,82,10,299,32,4,36,335
06/24/2016,OMA,NE,ACE,CE,Towers with Radar,153,60,64,12,289,0,0,68,6,74,153,60,132,18,363,38,10,48,411
06/25/2016,OMA,NE,ACE,CE,Towers with Radar,119,29,19,0,167,0,0,71,2,73,119,29,90,2,240,0,0,0,240
06/26/2016,OMA,NE,ACE,CE,Towers with Radar,143,46,32,0,221,0,0,120,6,126,143,46,152,6,347,10,0,10,357
06/27/2016,OMA,NE,ACE,CE,Towers with Radar,146,60,52,11,269,0,0,18,8,26,146,60,70,19,295,14,6,20,315
06/28/2016,OMA,NE,ACE,CE,Towers with Radar,143,56,52,0,251,0,9,26,3,38,143,65,78,3,289,32,0,32,321
06/29/2016,OMA,NE,ACE,CE,Towers with Radar,154,76,58,3,291,0,0,12,1,13,154,76,70,4,304,8,2,10,314
06/30/2016,OMA,NE,ACE,CE,Towers with Radar,148,81,54,3,286,0,0,9,3,12,148,81,63,6,298,8,2,10,308
07/01/2016,OMA,NE,ACE,CE,Towers with Radar,141,70,40,19,270,0,2,17,7,26,141,72,57,26,296,18,24,42,338
07/02/2016,OMA,NE,ACE,CE,Towers with Radar,116,42,13,0,171,0,1,1,1,3,116,43,14,1,174,0,0,0,174
07/03/2016,OMA,NE,ACE,CE,Towers with Radar,109,22,15,0,146,0,0,2,1,3,109,22,17,1,149,0,0,0,149
07/04/2016,OMA,NE,ACE,CE,Towers with Radar,108,28,14,0,150,0,0,7,0,7,108,28,21,0,157,0,0,0,157
07/05/2016,OMA,NE,ACE,CE,Towers with Radar,142,64,35,0,241,0,2,8,1,11,142,66,43,1,252,22,0,22,274
07/06/2016,OMA,NE,ACE,CE,Towers with Radar,147,62,33,0,242,0,0,10,5,15,147,62,43,5,257,0,0,0,257
07/07/2016,OMA,NE,ACE,CE,Towers with Radar,146,61,43,3,253,0,0,11,2,13,146,61,54,5,266,2,4,6,272
07/08/2016,OMA,NE,ACE,CE,Towers with Radar,142,75,27,51,295,0,2,25,15,42,142,77,52,66,337,80,10,90,427
07/09/2016,OMA,NE,ACE,CE,Towers with Radar,114,41,12,19,186,0,3,19,6,28,114,44,31,25,214,26,10,36,250
07/10/2016,OMA,NE,ACE,CE,Towers with Radar,138,41,19,1,199,0,1,8,4,13,138,42,27,5,212,8,0,8,220
07/11/2016,OMA,NE,ACE,CE,Towers with Radar,126,52,28,0,206,0,1,5,1,7,126,53,33,1,213,8,0,8,221
07/12/2016,OMA,NE,ACE,CE,Towers with Radar,153,81,27,0,261,0,5,12,2,19,153,86,39,2,280,18,0,18,298
07/13/2016,OMA,NE,ACE,CE,Towers with Radar,144,75,65,26,310,0,0,5,3,8,144,75,70,29,318,4,26,30,348
07/14/2016,OMA,NE,ACE,CE,Towers with Radar,148,69,53,4,274,0,1,21,3,25,148,70,74,7,299,26,0,26,325
07/15/2016,OMA,NE,ACE,CE,Towers with Radar,146,67,48,13,274,0,0,14,8,22,146,67,62,21,296,14,2,16,312
07/16/2016,OMA,NE,ACE,CE,Towers with Radar,117,32,21,0,170,0,0,14,5,19,117,32,35,5,189,4,0,4,193
07/17/2016,OMA,NE,ACE,CE,Towers with Radar,128,40,27,0,195,0,0,12,3,15,128,40,39,3,210,24,0,24,234
07/18/2016,OMA,NE,ACE,CE,Towers with Radar,137,60,37,0,234,0,0,16,6,22,137,60,53,6,256,6,0,6,262
07/19/2016,OMA,NE,ACE,CE,Towers with Radar,149,77,42,0,268,0,1,25,2,28,149,78,67,2,296,12,0,12,308
07/20/2016,OMA,NE,ACE,CE,Towers with Radar,141,79,37,7,264,0,1,16,1,18,141,80,53,8,282,6,8,14,296
07/21/2016,OMA,NE,ACE,CE,Towers with Radar,130,75,58,5,268,0,0,20,5,25,130,75,78,10,293,22,4,26,319
07/22/2016,OMA,NE,ACE,CE,Towers with Radar,127,82,48,2,259,0,3,28,3,34,127,85,76,5,293,18,2,20,313
07/23/2016,OMA,NE,ACE,CE,Towers with Radar,115,34,17,7,173,0,2,39,9,50,115,36,56,16,223,10,8,18,241
07/24/2016,OMA,NE,ACE,CE,Towers with Radar,123,64,25,3,215,0,0,36,8,44,123,64,61,11,259,32,4,36,295
07/25/2016,OMA,NE,ACE,CE,Towers with Radar,130,79,38,4,251,0,0,15,7,22,130,79,53,11,273,2,6,8,281
07/26/2016,OMA,NE,ACE,CE,Towers with Radar,132,79,50,10,271,0,0,20,10,30,132,79,70,20,301,12,6,18,319
07/27/2016,OMA,NE,ACE,CE,Towers with Radar,134,89,43,2,268,0,2,13,10,25,134,91,56,12,293,2,0,2,295
07/28/2016,OMA,NE,ACE,CE,Towers with Radar,129,92,55,14,290,0,2,15,5,22,129,94,70,19,312,16,0,16,328
07/29/2016,OMA,NE,ACE,CE,Towers with Radar,138,72,36,6,252,0,0,20,7,27,138,72,56,13,279,20,4,24,303
07/30/2016,OMA,NE,ACE,CE,Towers with Radar,110,35,19,0,164,0,0,23,5,28,110,35,42,5,192,20,0,20,212
07/31/2016,OMA,NE,ACE,CE,Towers with Radar,130,55,15,0,200,0,0,9,2,11,130,55,24,2,211,10,0,10,221
08/01/2016,OMA,NE,ACE,CE,Towers with Radar,128,76,40,2,246,0,0,10,7,17,128,76,50,9,263,4,2,6,269
08/02/2016,OMA,NE,ACE,CE,Towers with Radar,134,76,30,6,246,0,0,17,1,18,134,76,47,7,264,54,6,60,324
08/03/2016,OMA,NE,ACE,CE,Towers with Radar,132,74,40,6,252,0,0,14,1,15,132,74,54,7,267,6,0,6,273
08/04/2016,OMA,NE,ACE,CE,Towers with Radar,134,90,35,0,259,0,1,13,3,17,134,91,48,3,276,12,0,12,288
08/05/2016,OMA,NE,ACE,CE,Towers with Radar,141,65,30,0,236,0,0,11,6,17,141,65,41,6,253,2,0,2,255
08/06/2016,OMA,NE,ACE,CE,Towers with Radar,103,42,25,23,193,0,2,21,5,28,103,44,46,28,221,8,20,28,249
08/07/2016,OMA,NE,ACE,CE,Towers with Radar,112,63,27,23,225,0,3,31,12,46,112,66,58,35,271,24,20,44,315
08/08/2016,OMA,NE,ACE,CE,Towers with Radar,120,71,32,11,234,0,0,3,1,4,120,71,35,12,238,8,10,18,256
08/09/2016,OMA,NE,ACE,CE,Towers with Radar,120,81,39,12,252,0,0,13,5,18,120,81,52,17,270,22,10,32,302
08/10/2016,OMA,NE,ACE,CE,Towers with Radar,139,97,44,9,289,0,2,16,1,19,139,99,60,10,308,42,6,48,356
08/11/2016,OMA,NE,ACE,CE,Towers with Radar,130,70,57,4,261,0,0,4,6,10,130,70,61,10,271,2,4,6,277
08/12/2016,OMA,NE,ACE,CE,Towers with Radar,125,105,37,70,337,0,2,10,3,15,125,107,47,73,352,18,66,84,436
08/13/2016,OMA,NE,ACE,CE,Towers with Radar,96,33,32,0,161,0,0,18,7,25,96,33,50,7,186,14,0,14,200
08/14/2016,OMA,NE,ACE,CE,Towers with Radar,114,61,26,23,224,0,0,28,2,30,114,61,54,25,254,26,16,42,296
08/15/2016,OMA,NE,ACE,CE,Towers with Radar,120,85,14,0,219,0,0,9,7,16,120,85,23,7,235,0,0,0,235
08/16/2016,OMA,NE,ACE,CE,Towers with Radar,128,74,35,0,237,0,1,4,4,9,128,75,39,4,246,18,0,18,264
08/17/2016,OMA,NE,ACE,CE,Towers with Radar,130,95,50,0,275,0,2,16,3,21,130,97,66,3,296,30,0,30,326
08/18/2016,OMA,NE,ACE,CE,Towers with Radar,125,91,39,2,257,0,1,21,1,23,125,92,60,3,280,4,2,6,286
08/19/2016,OMA,NE,ACE,CE,Towers with Radar,118,82,20,0,220,0,3,13,5,21,118,85,33,5,241,16,0,16,257
08/20/2016,OMA,NE,ACE,CE,Towers with Radar,94,48,28,0,170,0,0,34,6,40,94,48,62,6,210,28,0,28,238
08/21/2016,OMA,NE,ACE,CE,Towers with Radar,115,56,33,0,204,0,1,63,17,81,115,57,96,17,285,54,0,54,339
08/22/2016,OMA,NE,ACE,CE,Towers with Radar,120,62,42,2,226,0,0,13,4,17,120,62,55,6,243,10,0,10,253
08/23/2016,OMA,NE,ACE,CE,Towers with Radar,114,65,43,15,237,0,0,3,1,4,114,65,46,16,241,4,12,16,257
08/24/2016,OMA,NE,ACE,CE,Towers with Radar,136,72,57,0,265,0,2,5,2,9,136,74,62,2,274,2,0,2,276
08/25/2016,OMA,NE,ACE,CE,Towers with Radar,132,64,32,25,253,0,1,13,0,14,132,65,45,25,267,12,26,38,305
08/26/2016,OMA,NE,ACE,CE,Towers with Radar,152,73,49,0,274,0,1,10,7,18,152,74,59,7,292,10,0,10,302
08/27/2016,OMA,NE,ACE,CE,Towers with Radar,87,42,24,2,155,0,0,8,2,10,87,42,32,4,165,20,0,20,185
08/28/2016,OMA,NE,ACE,CE,Towers with Radar,121,47,34,20,222,0,0,24,4,28,121,47,58,24,250,16,22,38,288
08/29/2016,OMA,NE,ACE,CE,Towers with Radar,122,51,33,2,208,0,0,8,1,9,122,51,41,3,217,8,0,8,225
08/30/2016,OMA,NE,ACE,CE,Towers with Radar,132,72,58,0,262,0,0,7,6,13,132,72,65,6,275,20,0,20,295
08/31/2016,OMA,NE,ACE,CE,Towers with Radar,128,82,51,21,282,0,3,9,5,17,128,85,60,26,299,0,24,24,323
09/01/2016,OMA,NE,ACE,CE,Towers with Radar,127,73,40,17,257,0,1,21,9,31,127,74,61,26,288,8,4,12,300
09/02/2016,OMA,NE,ACE,CE,Towers with Radar,133,72,40,0,245,0,2,28,7,37,133,74,68,7,282,24,0,24,306
09/03/2016,OMA,NE,ACE,CE,Towers with Radar,82,34,14,0,130,0,0,9,8,17,82,34,23,8,147,10,0,10,157
09/04/2016,OMA,NE,ACE,CE,Towers with Radar,93,26,16,0,135,0,0,7,9,16,93,26,23,9,151,16,0,16,167
09/05/2016,OMA,NE,ACE,CE,Towers with Radar,118,43,26,0,187,0,0,10,3,13,118,43,36,3,200,10,0,10,210
09/06/2016,OMA,NE,ACE,CE,Towers with Radar,120,71,43,0,234,0,0,5,0,5,120,71,48,0,239,12,0,12,251
09/07/2016,OMA,NE,ACE,CE,Towers with Radar,125,70,60,2,257,0,0,0,0,0,125,70,60,2,257,4,0,4,261
09/08/2016,OMA,NE,ACE,CE,Towers with Radar,128,90,57,0,275,0,4,14,4,22,128,94,71,4,297,28,0,28,325
09/09/2016,OMA,NE,ACE,CE,Towers with Radar,131,74,39,1,245,0,2,1,4,7,131,76,40,5,252,0,0,0,252
09/10/2016,OMA,NE,ACE,CE,Towers with Radar,92,34,12,3,141,0,1,35,5,41,92,35,47,8,182,46,4,50,232
09/11/2016,OMA,NE,ACE,CE,Towers with Radar,114,68,38,1,221,0,0,14,1,15,114,68,52,2,236,24,0,24,260
09/12/2016,OMA,NE,ACE,CE,Towers with Radar,128,69,41,3,241,0,10,7,0,17,128,79,48,3,258,8,0,8,266
09/13/2016,OMA,NE,ACE,CE,Towers with Radar,131,70,40,6,247,0,0,1,0,1,131,70,41,6,248,4,4,8,256
09/14/2016,OMA,NE,ACE,CE,Towers with Radar,132,98,37,2,269,0,0,7,0,7,132,98,44,2,276,14,0,14,290
09/15/2016,OMA,NE,ACE,CE,Towers with Radar,135,70,57,16,278,0,0,3,5,8,135,70,60,21,286,4,12,16,302
09/16/2016,OMA,NE,ACE,CE,Towers with Radar,146,66,52,20,284,0,5,8,2,15,146,71,60,22,299,30,14,44,343
09/17/2016,OMA,NE,ACE,CE,Towers with Radar,98,27,28,7,160,0,1,17,6,24,98,28,45,13,184,20,0,20,204
09/18/2016,OMA,NE,ACE,CE,Towers with Radar,128,39,39,0,206,1,0,19,6,26,129,39,58,6,232,34,0,34,266
09/19/2016,OMA,NE,ACE,CE,Towers with Radar,138,61,43,22,264,0,0,10,5,15,138,61,53,27,279,8,26,34,313
09/20/2016,OMA,NE,ACE,CE,Towers with Radar,136,62,52,6,256,0,1,15,2,18,136,63,67,8,274,34,0,34,308
09/21/2016,OMA,NE,ACE,CE,Towers with Radar,145,77,39,12,273,0,2,4,4,10,145,79,43,16,283,2,6,8,291
09/22/2016,OMA,NE,ACE,CE,Towers with Radar,148,71,53,22,294,0,0,12,1,13,148,71,65,23,307,46,24,70,377
09/23/2016,OMA,NE,ACE,CE,Towers with Radar,138,63,40,5,246,0,1,22,4,27,138,64,62,9,273,24,20,44,317
09/24/2016,OMA,NE,ACE,CE,Towers with Radar,100,28,15,4,147,0,0,1,2,3,100,28,16,6,150,2,2,4,154
09/25/2016,OMA,NE,ACE,CE,Towers with Radar,127,47,32,2,208,0,0,13,6,19,127,47,45,8,227,40,0,40,267
09/26/2016,OMA,NE,ACE,CE,Towers with Radar,140,60,29,0,229,0,3,9,0,12,140,63,38,0,241,4,0,4,245
09/27/2016,OMA,NE,ACE,CE,Towers with Radar,142,66,39,0,247,0,2,8,2,12,142,68,47,2,259,26,0,26,285
09/28/2016,OMA,NE,ACE,CE,Towers with Radar,141,71,54,1,267,0,2,20,6,28,141,73,74,7,295,16,0,16,311
09/29/2016,OMA,NE,ACE,CE,Towers with Radar,140,71,44,1,256,0,5,18,5,28,140,76,62,6,284,16,0,16,300
09/30/2016,OMA,NE,ACE,CE,Towers with Radar,141,74,48,0,263,0,8,33,2,43,141,82,81,2,306,22,0,22,328
10/01/2016,OMA,NE,ACE,CE,Towers with Radar,101,40,17,0,158,0,2,13,4,19,101,42,30,4,177,14,0,14,191
10/02/2016,OMA,NE,ACE,CE,Towers with Radar,127,45,24,2,198,0,4,13,2,19,127,49,37,4,217,8,0,8,225
10/03/2016,OMA,NE,ACE,CE,Towers with Radar,136,65,42,23,266,0,0,11,3,14,136,65,53,26,280,24,24,48,328
10/04/2016,OMA,NE,ACE,CE,Towers with Radar,135,50,30,0,215,0,0,0,0,0,135,50,30,0,215,0,0,0,215
10/05/2016,OMA,NE,ACE,CE,Towers with Radar,144,84,59,1,288,0,2,15,5,22,144,86,74,6,310,14,0,14,324
10/06/2016,OMA,NE,ACE,CE,Towers with Radar,145,58,44,0,247,0,0,0,1,1,145,58,44,1,248,4,0,4,252
10/07/2016,OMA,NE,ACE,CE,Towers with Radar,147,65,34,8,254,0,0,30,4,34,147,65,64,12,288,24,8,32,320
10/08/2016,OMA,NE,ACE,CE,Towers with Radar,100,30,14,18,162,0,1,12,6,19,100,31,26,24,181,12,26,38,219
10/09/2016,OMA,NE,ACE,CE,Towers with Radar,131,38,26,8,203,0,0,23,7,30,131,38,49,15,233,22,0,22,255
10/10/2016,OMA,NE,ACE,CE,Towers with Radar,144,63,45,0,252,0,0,2,1,3,144,63,47,1,255,10,0,10,265
10/11/2016,OMA,NE,ACE,CE,Towers with Radar,142,57,56,4,259,0,0,16,2,18,142,57,72,6,277,20,2,22,299
10/12/2016,OMA,NE,ACE,CE,Towers with Radar,142,71,61,0,274,0,0,1,4,5,142,71,62,4,279,2,0,2,281
10/13/2016,OMA,NE,ACE,CE,Towers with Radar,144,51,49,15,259,0,4,17,6,27,144,55,66,21,286,18,16,34,320
10/14/2016,OMA,NE,ACE,CE,Towers with Radar,148,54,46,24,272,0,0,6,2,8,148,54,52,26,280,2,12,14,294
10/15/2016,OMA,NE,ACE,CE,Towers with Radar,99,40,16,17,172,0,2,5,4,11,99,42,21,21,183,26,24,50,233
10/16/2016,OMA,NE,ACE,CE,Towers with Radar,124,48,15,4,191,0,1,2,4,7,124,49,17,8,198,4,0,4,202
10/17/2016,OMA,NE,ACE,CE,Towers with Radar,143,60,41,1,245,0,3,18,6,27,143,63,59,7,272,12,0,12,284
10/18/2016,OMA,NE,ACE,CE,Towers with Radar,139,56,46,0,241,0,2,21,0,23,139,58,67,0,264,8,0,8,272
10/19/2016,OMA,NE,ACE,CE,Towers with Radar,145,71,51,9,276,0,0,12,3,15,145,71,63,12,291,10,4,14,305
10/20/2016,OMA,NE,ACE,CE,Towers with Radar,148,63,43,16,270,0,0,18,14,32,148,63,61,30,302,20,14,34,336
10/21/2016,OMA,NE,ACE,CE,Towers with Radar,142,53,48,1,244,0,3,19,3,25,142,56,67,4,269,22,0,22,291
10/22/2016,OMA,NE,ACE,CE,Towers with Radar,103,28,18,10,159,0,4,27,5,36,103,32,45,15,195,22,6,28,223
10/23/2016,OMA,NE,ACE,CE,Towers with Radar,128,40,24,5,197,0,1,20,6,27,128,41,44,11,224,14,0,14,238
10/24/2016,OMA,NE,ACE,CE,Towers with Radar,137,52,44,2,235,0,1,11,4,16,137,53,55,6,251,8,0,8,259
10/25/2016,OMA,NE,ACE,CE,Towers with Radar,141,57,51,0,249,0,0,7,1,8,141,57,58,1,257,2,0,2,259
10/26/2016,OMA,NE,ACE,CE,Towers with Radar,141,69,71,2,283,0,2,2,3,7,141,71,73,5,290,6,0,6,296
10/27/2016,OMA,NE,ACE,CE,Towers with Radar,146,64,55,0,265,0,1,27,9,37,146,65,82,9,302,48,0,48,350
10/28/2016,OMA,NE,ACE,CE,Towers with Radar,146,60,33,0,239,0,4,13,12,29,146,64,46,12,268,24,0,24,292
10/29/2016,OMA,NE,ACE,CE,Towers with Radar,100,47,25,7,179,0,0,24,4,28,100,47,49,11,207,26,0,26,233
10/30/2016,OMA,NE,ACE,CE,Towers with Radar,123,48,23,5,199,0,0,6,3,9,123,48,29,8,208,2,0,2,210
10/31/2016,OMA,NE,ACE,CE,Towers with Radar,127,51,23,4,205,0,0,7,2,9,127,51,30,6,214,12,6,18,232
11/01/2016,OMA,NE,ACE,CE,Towers with Radar,136,57,38,9,240,0,2,27,5,34,136,59,65,14,274,54,0,54,328
11/02/2016,OMA,NE,ACE,CE,Towers with Radar,136,59,61,4,260,0,0,4,6,10,136,59,65,10,270,10,30,40,310
11/03/2016,OMA,NE,ACE,CE,Towers with Radar,137,61,60,15,273,0,0,15,9,24,137,61,75,24,297,20,10,30,327
11/04/2016,OMA,NE,ACE,CE,Towers with Radar,145,67,33,24,269,0,3,14,4,21,145,70,47,28,290,26,28,54,344
11/05/2016,OMA,NE,ACE,CE,Towers with Radar,99,27,32,9,167,0,2,41,11,54,99,29,73,20,221,54,8,62,283
11/06/2016,OMA,NE,ACE,CE,Towers with Radar,122,43,39,22,226,0,0,23,7,30,122,43,62,29,256,20,12,32,288
11/07/2016,OMA,NE,ACE,CE,Towers with Radar,134,48,36,12,230,0,0,4,1,5,134,48,40,13,235,2,16,18,253
11/08/2016,OMA,NE,ACE,CE,Towers with Radar,132,51,48,28,259,0,0,22,4,26,132,51,70,32,285,36,18,54,339
11/09/2016,OMA,NE,ACE,CE,Towers with Radar,144,72,48,10,274,0,1,17,15,33,144,73,65,25,307,24,24,48,355
11/10/2016,OMA,NE,ACE,CE,Towers with Radar,143,77,43,26,289,0,0,12,4,16,143,77,55,30,305,12,18,30,335
11/11/2016,OMA,NE,ACE,CE,Towers with Radar,141,68,42,1,252,0,1,29,10,40,141,69,71,11,292,52,0,52,344
11/12/2016,OMA,NE,ACE,CE,Towers with Radar,106,22,21,2,151,0,0,27,6,33,106,22,48,8,184,16,0,16,200
11/13/2016,OMA,NE,ACE,CE,Towers with Radar,128,46,16,0,190,0,0,11,4,15,128,46,27,4,205,14,0,14,219
11/14/2016,OMA,NE,ACE,CE,Towers with Radar,138,46,42,3,229,0,1,14,4,19,138,47,56,7,248,12,0,12,260
11/15/2016,OMA,NE,ACE,CE,Towers with Radar,141,55,50,0,246,0,1,14,3,18,141,56,64,3,264,14,4,18,282
11/16/2016,OMA,NE,ACE,CE,Towers with Radar,147,66,42,4,259,0,2,13,4,19,147,68,55,8,278,4,4,8,286
11/17/2016,OMA,NE,ACE,CE,Towers with Radar,137,70,55,2,264,0,0,29,4,33,137,70,84,6,297,20,2,22,319
11/18/2016,OMA,NE,ACE,CE,Towers with Radar,153,66,29,5,253,0,0,4,0,4,153,66,33,5,257,0,0,0,257
11/19/2016,OMA,NE,ACE,CE,Towers with Radar,106,37,12,20,175,0,1,16,5,22,106,38,28,25,197,32,36,68,265
11/20/2016,OMA,NE,ACE,CE,Towers with Radar,115,36,30,4,185,0,0,20,6,26,115,36,50,10,211,14,0,14,225
11/21/2016,OMA,NE,ACE,CE,Towers with Radar,125,35,36,3,199,0,0,19,2,21,125,35,55,5,220,42,0,42,262
11/22/2016,OMA,NE,ACE,CE,Towers with Radar,156,66,40,0,262,0,0,0,0,0,156,66,40,0,262,2,0,2,264
11/23/2016,OMA,NE,ACE,CE,Towers with Radar,156,63,46,2,267,0,1,1,4,6,156,64,47,6,273,0,2,2,275
11/24/2016,OMA,NE,ACE,CE,Towers with Radar,76,14,1,0,91,0,0,0,0,0,76,14,1,0,91,0,0,0,91
11/25/2016,OMA,NE,ACE,CE,Towers with Radar,113,42,7,4,166,0,0,9,2,11,113,42,16,6,177,6,0,6,183
11/26/2016,OMA,NE,ACE,CE,Towers with Radar,141,41,31,0,213,0,0,20,4,24,141,41,51,4,237,28,0,28,265
11/27/2016,OMA,NE,ACE,CE,Towers with Radar,160,51,16,0,227,0,0,0,3,3,160,51,16,3,230,0,0,0,230
11/28/2016,OMA,NE,ACE,CE,Towers with Radar,150,53,28,8,239,0,4,9,1,14,150,57,37,9,253,6,6,12,265
11/29/2016,OMA,NE,ACE,CE,Towers with Radar,136,71,50,2,259,0,0,8,10,18,136,71,58,12,277,12,0,12,289
11/30/2016,OMA,NE,ACE,CE,Towers with Radar,137,76,43,4,260,0,0,5,0,5,137,76,48,4,265,14,4,18,283
12/01/2016,OMA,NE,ACE,CE,Towers with Radar,136,73,46,6,261,0,3,18,4,25,136,76,64,10,286,20,0,20,306
12/02/2016,OMA,NE,ACE,CE,Towers with Radar,142,68,42,21,273,0,1,6,4,11,142,69,48,25,284,8,28,36,320
12/03/2016,OMA,NE,ACE,CE,Towers with Radar,91,32,11,2,136,0,0,4,2,6,91,32,15,4,142,6,2,8,150
12/04/2016,OMA,NE,ACE,CE,Towers with Radar,116,35,18,10,179,0,0,4,5,9,116,35,22,15,188,12,0,12,200
12/05/2016,OMA,NE,ACE,CE,Towers with Radar,134,51,35,4,224,0,2,18,4,24,134,53,53,8,248,28,0,28,276
12/06/2016,OMA,NE,ACE,CE,Towers with Radar,135,59,49,3,246,0,3,11,2,16,135,62,60,5,262,2,2,4,266
12/07/2016,OMA,NE,ACE,CE,Towers with Radar,135,58,37,13,243,0,2,12,1,15,135,60,49,14,258,26,12,38,296
12/08/2016,OMA,NE,ACE,CE,Towers with Radar,133,55,54,22,264,0,0,13,5,18,133,55,67,27,282,4,28,32,314
12/09/2016,OMA,NE,ACE,CE,Towers with Radar,143,57,39,2,241,0,2,14,4,20,143,59,53,6,261,39,0,39,300
12/10/2016,OMA,NE,ACE,CE,Towers with Radar,91,30,12,0,133,0,0,3,12,15,91,30,15,12,148,0,0,0,148
12/11/2016,OMA,NE,ACE,CE,Towers with Radar,100,37,22,6,165,0,0,2,3,5,100,37,24,9,170,0,2,2,172
12/12/2016,OMA,NE,ACE,CE,Towers with Radar,131,53,29,0,213,0,1,9,2,12,131,54,38,2,225,6,0,6,231
12/13/2016,OMA,NE,ACE,CE,Towers with Radar,136,76,80,4,296,0,2,15,1,18,136,78,95,5,314,18,4,22,336
12/14/2016,OMA,NE,ACE,CE,Towers with Radar,136,72,60,0,268,0,1,15,1,17,136,73,75,1,285,18,0,18,303
12/15/2016,OMA,NE,ACE,CE,Towers with Radar,139,81,65,0,285,0,1,19,2,22,139,82,84,2,307,22,0,22,329
12/16/2016,OMA,NE,ACE,CE,Towers with Radar,132,55,35,0,222,0,0,0,1,1,132,55,35,1,223,0,0,0,223
12/17/2016,OMA,NE,ACE,CE,Towers with Radar,97,47,20,0,164,0,0,0,1,1,97,47,20,1,165,0,0,0,165
12/18/2016,OMA,NE,ACE,CE,Towers with Radar,113,43,14,0,170,0,1,4,2,7,113,44,18,2,177,0,0,0,177
12/19/2016,OMA,NE,ACE,CE,Towers with Radar,123,58,32,0,213,0,3,5,3,11,123,61,37,3,224,10,0,10,234
12/20/2016,OMA,NE,ACE,CE,Towers with Radar,120,73,49,0,242,0,3,17,4,24,120,76,66,4,266,46,0,46,312
12/21/2016,OMA,NE,ACE,CE,Towers with Radar,137,80,42,0,259,0,0,7,1,8,137,80,49,1,267,26,0,26,293
12/22/2016,OMA,NE,ACE,CE,Towers with Radar,140,80,43,0,263,0,0,13,7,20,140,80,56,7,283,18,0,18,301
12/23/2016,OMA,NE,ACE,CE,Towers with Radar,140,79,20,1,240,0,1,0,6,7,140,80,20,7,247,0,0,0,247
12/24/2016,OMA,NE,ACE,CE,Towers with Radar,104,42,4,0,150,0,0,0,2,2,104,42,4,2,152,2,0,2,154
12/25/2016,OMA,NE,ACE,CE,Towers with Radar,91,25,3,0,119,0,0,0,0,0,91,25,3,0,119,0,0,0,119
12/26/2016,OMA,NE,ACE,CE,Towers with Radar,125,69,20,0,214,0,0,4,2,6,125,69,24,2,220,4,0,4,224
12/27/2016,OMA,NE,ACE,CE,Towers with Radar,135,69,38,0,242,0,0,18,2,20,135,69,56,2,262,12,0,12,274
12/28/2016,OMA,NE,ACE,CE,Towers with Radar,147,73,26,0,246,0,2,6,2,10,147,75,32,2,256,2,0,2,258
12/29/2016,OMA,NE,ACE,CE,Towers with Radar,136,62,8,0,206,0,0,1,8,9,136,62,9,8,215,2,0,2,217
12/30/2016,OMA,NE,ACE,CE,Towers with Radar,136,68,16,0,220,0,1,12,4,17,136,69,28,4,237,10,0,10,247
12/31/2016,OMA,NE,ACE,CE,Towers with Radar,103,32,15,0,150,0,3,6,4,13,103,35,21,4,163,12,0,12,175
01/01/2017,OMA,NE,ACE,CE,Towers with Radar,92,27,12,0,131,0,2,16,2,20,92,29,28,2,151,20,0,20,171
01/02/2017,OMA,NE,ACE,CE,Towers with Radar,127,50,18,0,195,0,0,0,3,3,127,50,18,3,198,8,0,8,206
01/03/2017,OMA,NE,ACE,CE,Towers with Radar,115,73,20,0,208,0,1,6,3,10,115,74,26,3,218,8,0,8,226
01/04/2017,OMA,NE,ACE,CE,Towers with Radar,118,57,24,2,201,0,1,9,5,15,118,58,33,7,216,16,2,18,234
01/05/2017,OMA,NE,ACE,CE,Towers with Radar,120,69,32,0,221,0,0,0,8,8,120,69,32,8,229,0,0,0,229
01/06/2017,OMA,NE,ACE,CE,Towers with Radar,123,75,24,15,237,0,0,2,2,4,123,75,26,17,241,6,10,16,257
01/07/2017,OMA,NE,ACE,CE,Towers with Radar,96,32,11,5,144,0,1,3,2,6,96,33,14,7,150,4,0,4,154
01/08/2017,OMA,NE,ACE,CE,Towers with Radar,129,46,14,0,189,0,1,11,5,17,129,47,25,5,206,16,0,16,222
01/09/2017,OMA,NE,ACE,CE,Towers with Radar,129,49,38,0,216,0,5,5,6,16,129,54,43,6,232,4,0,4,236
01/10/2017,OMA,NE,ACE,CE,Towers with Radar,122,43,30,10,205,0,2,4,4,10,122,45,34,14,215,8,10,18,233
01/11/2017,OMA,NE,ACE,CE,Towers with Radar,137,57,41,0,235,0,0,2,2,4,137,57,43,2,239,0,0,0,239
01/12/2017,OMA,NE,ACE,CE,Towers with Radar,126,77,41,0,244,0,1,17,6,24,126,78,58,6,268,28,0,28,296
01/13/2017,OMA,NE,ACE,CE,Towers with Radar,131,53,30,2,216,0,0,11,0,11,131,53,41,2,227,34,0,34,261
01/14/2017,OMA,NE,ACE,CE,Towers with Radar,92,30,22,0,144,0,2,11,4,17,92,32,33,4,161,40,0,40,201
01/15/2017,OMA,NE,ACE,CE,Towers with Radar,78,27,9,0,114,0,0,0,1,1,78,27,9,1,115,0,0,0,115
01/16/2017,OMA,NE,ACE,CE,Towers with Radar,93,31,9,0,133,0,0,0,0,0,93,31,9,0,133,0,0,0,133
01/17/2017,OMA,NE,ACE,CE,Towers with Radar,129,63,38,0,230,0,0,2,2,4,129,63,40,2,234,0,0,0,234
01/18/2017,OMA,NE,ACE,CE,Towers with Radar,130,62,55,6,253,0,1,16,2,19,130,63,71,8,272,18,0,18,290
01/19/2017,OMA,NE,ACE,CE,Towers with Radar,126,59,42,0,227,0,0,0,0,0,126,59,42,0,227,0,0,0,227
01/20/2017,OMA,NE,ACE,CE,Towers with Radar,133,58,12,25,228,0,0,0,0,0,133,58,12,25,228,16,10,26,254
01/21/2017,OMA,NE,ACE,CE,Towers with Radar,106,33,9,24,172,0,0,12,2,14,106,33,21,26,186,22,42,64,250
01/22/2017,OMA,NE,ACE,CE,Towers with Radar,117,39,19,4,179,0,0,0,0,0,117,39,19,4,179,0,0,0,179
01/23/2017,OMA,NE,ACE,CE,Towers with Radar,127,71,30,2,230,0,0,0,3,3,127,71,30,5,233,6,0,6,239
01/24/2017,OMA,NE,ACE,CE,Towers with Radar,129,58,26,0,213,0,0,0,0,0,129,58,26,0,213,2,0,2,215
01/25/2017,OMA,NE,ACE,CE,Towers with Radar,133,61,35,0,229,0,0,0,0,0,133,61,35,0,229,0,0,0,229
01/26/2017,OMA,NE,ACE,CE,Towers with Radar,128,71,29,8,236,0,0,2,1,3,128,71,31,9,239,20,8,28,267
01/27/2017,OMA,NE,ACE,CE,Towers with Radar,129,86,42,1,258,0,0,8,0,8,129,86,50,1,266,20,0,20,286
01/28/2017,OMA,NE,ACE,CE,Towers with Radar,96,31,17,0,144,0,2,9,1,12,96,33,26,1,156,16,0,16,172
01/29/2017,OMA,NE,ACE,CE,Towers with Radar,117,33,15,0,165,0,1,3,2,6,117,34,18,2,171,8,0,8,179
01/30/2017,OMA,NE,ACE,CE,Towers with Radar,131,54,30,0,215,0,2,8,2,12,131,56,38,2,227,18,0,18,245
01/31/2017,OMA,NE,ACE,CE,Towers with Radar,126,64,40,0,230,0,0,9,0,9,126,64,49,0,239,14,0,14,253
02/01/2017,OMA,NE,ACE,CE,Towers with Radar,131,76,46,0,253,0,2,7,2,11,131,78,53,2,264,10,0,10,274
02/02/2017,OMA,NE,ACE,CE,Towers with Radar,130,78,29,4,241,0,1,8,8,17,130,79,37,12,258,18,6,24,282
02/03/2017,OMA,NE,ACE,CE,Towers with Radar,134,56,39,0,229,0,2,4,1,7,134,58,43,1,236,12,2,14,250
02/04/2017,OMA,NE,ACE,CE,Towers with Radar,102,32,23,0,157,0,4,8,4,16,102,36,31,4,173,16,0,16,189
02/05/2017,OMA,NE,ACE,CE,Towers with Radar,103,40,19,0,162,0,2,20,0,22,103,42,39,0,184,22,0,22,206
02/06/2017,OMA,NE,ACE,CE,Towers with Radar,119,46,40,3,208,0,0,2,2,4,119,46,42,5,212,4,0,4,216
02/07/2017,OMA,NE,ACE,CE,Towers with Radar,136,62,53,0,251,0,2,0,0,2,136,64,53,0,253,2,0,2,255
02/08/2017,OMA,NE,ACE,CE,Towers with Radar,128,58,40,12,238,0,0,2,3,5,128,58,42,15,243,5,12,17,260
02/09/2017,OMA,NE,ACE,CE,Towers with Radar,125,62,46,0,233,0,1,9,3,13,125,63,55,3,246,42,0,42,288
02/10/2017,OMA,NE,ACE,CE,Towers with Radar,134,73,34,32,273,0,4,12,1,17,134,77,46,33,290,26,28,54,344
02/11/2017,OMA,NE,ACE,CE,Towers with Radar,102,35,22,5,164,0,0,25,6,31,102,35,47,11,195,30,0,30,225
02/12/2017,OMA,NE,ACE,CE,Towers with Radar,124,31,24,0,179,0,3,21,1,25,124,34,45,1,204,20,0,20,224
02/13/2017,OMA,NE,ACE,CE,Towers with Radar,124,55,31,2,212,0,0,8,3,11,124,55,39,5,223,14,0,14,237
02/14/2017,OMA,NE,ACE,CE,Towers with Radar,151,69,37,20,277,0,0,17,6,23,151,69,54,26,300,24,12,36,336
02/15/2017,OMA,NE,ACE,CE,Towers with Radar,130,87,29,14,260,0,0,5,3,8,130,87,34,17,268,8,14,22,290
02/16/2017,OMA,NE,ACE,CE,Towers with Radar,130,60,57,1,248,0,2,16,6,24,130,62,73,7,272,14,2,16,288
02/17/2017,OMA,NE,ACE,CE,Towers with Radar,133,73,37,0,243,0,1,19,7,27,133,74,56,7,270,46,0,46,316
02/18/2017,OMA,NE,ACE,CE,Towers with Radar,102,34,37,0,173,0,1,22,1,24,102,35,59,1,197,38,0,38,235
02/19/2017,OMA,NE,ACE,CE,Towers with Radar,116,34,12,0,162,0,0,10,3,13,116,34,22,3,175,16,0,16,191
02/20/2017,OMA,NE,ACE,CE,Towers with Radar,129,68,46,0,243,0,0,6,4,10,129,68,52,4,253,14,0,14,267
02/21/2017,OMA,NE,ACE,CE,Towers with Radar,137,60,43,0,240,0,0,11,5,16,137,60,54,5,256,16,0,16,272
02/22/2017,OMA,NE,ACE,CE,Towers with Radar,136,62,53,3,254,0,3,9,7,19,136,65,62,10,273,14,0,14,287
02/23/2017,OMA,NE,ACE,CE,Towers with Radar,135,63,37,1,236,0,0,0,0,0,135,63,37,1,236,0,0,0,236
02/24/2017,OMA,NE,ACE,CE,Towers with Radar,131,56,24,0,211,0,0,5,4,9,131,56,29,4,220,0,0,0,220
02/25/2017,OMA,NE,ACE,CE,Towers with Radar,103,37,24,0,164,0,3,5,3,11,103,40,29,3,175,2,2,4,179
02/26/2017,OMA,NE,ACE,CE,Towers with Radar,120,45,26,2,193,0,0,18,8,26,120,45,44,10,219,30,0,30,249
02/27/2017,OMA,NE,ACE,CE,Towers with Radar,139,66,27,3,235,0,3,8,5,16,139,69,35,8,251,32,0,32,283
02/28/2017,OMA,NE,ACE,CE,Towers with Radar,129,74,34,4,241,0,0,1,1,2,129,74,35,5,243,0,2,2,245
03/01/2017,OMA,NE,ACE,CE,Towers with Radar,138,63,41,0,242,0,4,6,4,14,138,67,47,4,256,6,2,8,264
03/02/2017,OMA,NE,ACE,CE,Towers with Radar,134,58,39,1,232,0,2,16,2,20,134,60,55,3,252,22,0,22,274
03/03/2017,OMA,NE,ACE,CE,Towers with Radar,137,65,31,0,233,0,1,24,2,27,137,66,55,2,260,26,0,26,286
03/04/2017,OMA,NE,ACE,CE,Towers with Radar,115,30,24,6,175,0,2,13,5,20,115,32,37,11,195,18,6,24,219
03/05/2017,OMA,NE,ACE,CE,Towers with Radar,121,33,20,2,176,0,0,3,5,8,121,33,23,7,184,2,0,2,186
03/06/2017,OMA,NE,ACE,CE,Towers with Radar,125,46,29,3,203,0,0,0,2,2,125,46,29,5,205,0,0,0,205
03/07/2017,OMA,NE,ACE,CE,Towers with Radar,137,62,37,3,239,0,3,0,4,7,137,65,37,7,246,2,0,2,248
03/08/2017,OMA,NE,ACE,CE,Towers with Radar,142,90,47,0,279,0,9,18,5,32,142,99,65,5,311,46,0,46,357
03/09/2017,OMA,NE,ACE,CE,Towers with Radar,143,55,43,19,260,0,3,18,7,28,143,58,61,26,288,56,14,70,358
03/10/2017,OMA,NE,ACE,CE,Towers with Radar,146,57,22,0,225,0,1,6,0,7,146,58,28,0,232,18,0,18,250
03/11/2017,OMA,NE,ACE,CE,Towers with Radar,122,43,15,0,180,0,2,9,0,11,122,45,24,0,191,12,0,12,203
03/12/2017,OMA,NE,ACE,CE,Towers with Radar,137,45,15,0,197,0,2,3,1,6,137,47,18,1,203,0,0,0,203
03/13/2017,OMA,NE,ACE,CE,Towers with Radar,133,51,35,0,219,0,1,0,0,1,133,52,35,0,220,0,0,0,220
03/14/2017,OMA,NE,ACE,CE,Towers with Radar,138,56,29,0,223,0,10,9,9,28,138,66,38,9,251,34,0,34,285
03/15/2017,OMA,NE,ACE,CE,Towers with Radar,152,57,48,0,257,0,2,5,3,10,152,59,53,3,267,20,0,20,287
03/16/2017,OMA,NE,ACE,CE,Towers with Radar,146,54,48,0,248,0,3,6,6,15,146,57,54,6,263,6,0,6,269
03/17/2017,OMA,NE,ACE,CE,Towers with Radar,147,53,29,0,229,0,0,8,3,11,147,53,37,3,240,10,0,10,250
03/18/2017,OMA,NE,ACE,CE,Towers with Radar,120,47,7,0,174,0,3,16,6,25,120,50,23,6,199,34,0,34,233
03/19/2017,OMA,NE,ACE,CE,Towers with Radar,141,36,30,0,207,0,1,29,7,37,141,37,59,7,244,48,0,48,292
03/20/2017,OMA,NE,ACE,CE,Towers with Radar,146,52,33,11,242,0,0,8,5,13,146,52,41,16,255,6,10,16,271
03/21/2017,OMA,NE,ACE,CE,Towers with Radar,147,46,28,0,221,0,2,9,7,18,147,48,37,7,239,8,0,8,247
03/22/2017,OMA,NE,ACE,CE,Towers with Radar,147,63,33,2,245,0,4,6,3,13,147,67,39,5,258,0,0,0,258
03/23/2017,OMA,NE,ACE,CE,Towers with Radar,147,56,36,0,239,0,5,2,0,7,147,61,38,0,246,8,2,10,256
03/24/2017,OMA,NE,ACE,CE,Towers with Radar,143,58,37,6,244,0,0,0,0,0,143,58,37,6,244,0,6,6,250
03/25/2017,OMA,NE,ACE,CE,Towers with Radar,125,36,16,0,177,0,0,0,0,0,125,36,16,0,177,0,0,0,177
03/26/2017,OMA,NE,ACE,CE,Towers with Radar,136,29,37,3,205,0,0,0,2,2,136,29,37,5,207,2,0,2,209
03/27/2017,OMA,NE,ACE,CE,Towers with Radar,147,54,47,5,253,0,2,2,1,5,147,56,49,6,258,8,0,8,266
03/28/2017,OMA,NE,ACE,CE,Towers with Radar,144,56,51,0,251,0,0,5,3,8,144,56,56,3,259,28,0,28,287
03/29/2017,OMA,NE,ACE,CE,Towers with Radar,149,69,41,0,259,0,0,0,1,1,149,69,41,1,260,0,0,0,260
03/30/2017,OMA,NE,ACE,CE,Towers with Radar,144,54,49,0,247,0,0,0,0,0,144,54,49,0,247,0,0,0,247
03/31/2017,OMA,NE,ACE,CE,Towers with Radar,146,60,36,0,242,0,0,4,6,10,146,60,40,6,252,0,0,0,252
04/01/2017,OMA,NE,ACE,CE,Towers with Radar,116,35,24,21,196,0,0,4,1,5,116,35,28,22,201,2,24,26,227
04/02/2017,OMA,NE,ACE,CE,Towers with Radar,140,45,17,5,207,0,0,0,0,0,140,45,17,5,207,0,0,0,207
04/03/2017,OMA,NE,ACE,CE,Towers with Radar,143,67,39,0,249,0,0,2,0,2,143,67,41,0,251,0,0,0,251
04/04/2017,OMA,NE,ACE,CE,Towers with Radar,149,62,45,10,266,0,0,7,2,9,149,62,52,12,275,2,0,2,277
04/05/2017,OMA,NE,ACE,CE,Towers with Radar,146,48,39,0,233,0,2,7,2,11,146,50,46,2,244,2,0,2,246
04/06/2017,OMA,NE,ACE,CE,Towers with Radar,135,61,49,2,247,0,2,21,1,24,135,63,70,3,271,26,2,28,299
04/07/2017,OMA,NE,ACE,CE,Towers with Radar,144,62,45,26,277,0,5,26,7,38,144,67,71,33,315,42,24,66,381
04/08/2017,OMA,NE,ACE,CE,Towers with Radar,113,38,17,0,168,0,0,11,11,22,113,38,28,11,190,6,2,8,198
04/09/2017,OMA,NE,ACE,CE,Towers with Radar,146,37,21,4,208,0,0,10,1,11,146,37,31,5,219,28,0,28,247
04/10/2017,OMA,NE,ACE,CE,Towers with Radar,148,56,48,11,263,0,0,5,2,7,148,56,53,13,270,4,20,24,294
04/11/2017,OMA,NE,ACE,CE,Towers with Radar,150,49,36,0,235,0,3,22,0,25,150,52,58,0,260,24,0,24,284
04/12/2017,OMA,NE,ACE,CE,Towers with Radar,152,55,40,0,247,0,0,12,7,19,152,55,52,7,266,2,0,2,268
04/13/2017,OMA,NE,ACE,CE,Towers with Radar,151,70,46,3,270,0,0,10,3,13,151,70,56,6,283,10,0,10,293
04/14/2017,OMA,NE,ACE,CE,Towers with Radar,154,46,23,3,226,0,0,0,0,0,154,46,23,3,226,0,0,0,226
04/15/2017,OMA,NE,ACE,CE,Towers with Radar,115,31,14,1,161,0,0,14,2,16,115,31,28,3,177,18,0,18,195
04/16/2017,OMA,NE,ACE,CE,Towers with Radar,131,33,8,1,173,0,0,13,7,20,131,33,21,8,193,4,0,4,197
04/17/2017,OMA,NE,ACE,CE,Towers with Radar,142,58,31,14,245,0,4,6,6,16,142,62,37,20,261,12,12,24,285
04/18/2017,OMA,NE,ACE,CE,Towers with Radar,157,54,39,0,250,0,0,5,0,5,157,54,44,0,255,14,0,14,269
04/19/2017,OMA,NE,ACE,CE,Towers with Radar,154,73,42,0,269,0,0,0,0,0,154,73,42,0,269,0,0,0,269
04/20/2017,OMA,NE,ACE,CE,Towers with Radar,149,58,44,17,268,0,2,5,0,7,149,60,49,17,275,26,14,40,315
04/21/2017,OMA,NE,ACE,CE,Towers with Radar,149,51,35,34,269,0,0,9,0,9,149,51,44,34,278,24,24,48,326
04/22/2017,OMA,NE,ACE,CE,Towers with Radar,113,41,21,6,181,1,1,26,0,28,114,42,47,6,209,34,0,34,243
04/23/2017,OMA,NE,ACE,CE,Towers with Radar,147,39,20,5,211,0,0,17,3,20,147,39,37,8,231,28,4,32,263
04/24/2017,OMA,NE,ACE,CE,Towers with Radar,144,53,36,4,237,0,3,2,0,5,144,56,38,4,242,8,0,8,250
04/25/2017,OMA,NE,ACE,CE,Towers with Radar,147,47,52,0,246,0,1,3,0,4,147,48,55,0,250,8,0,8,258
04/26/2017,OMA,NE,ACE,CE,Towers with Radar,148,69,47,2,266,0,0,1,0,1,148,69,48,2,267,0,0,0,267
04/27/2017,OMA,NE,ACE,CE,Towers with Radar,146,66,44,12,268,0,0,24,0,24,146,66,68,12,292,30,20,50,342
04/28/2017,OMA,NE,ACE,CE,Towers with Radar,146,47,46,2,241,0,0,0,0,0,146,47,46,2,241,0,0,0,241
04/29/2017,OMA,NE,ACE,CE,Towers with Radar,103,24,11,0,138,0,0,1,2,3,103,24,12,2,141,0,0,0,141
04/30/2017,OMA,NE,ACE,CE,Towers with Radar,132,30,9,0,171,0,0,0,0,0,132,30,9,0,171,2,0,2,173
05/01/2017,OMA,NE,ACE,CE,Towers with Radar,147,47,24,0,218,0,1,2,0,3,147,48,26,0,221,4,0,4,225
05/02/2017,OMA,NE,ACE,CE,Towers with Radar,146,62,43,6,257,0,0,7,2,9,146,62,50,8,266,18,2,20,286
05/03/2017,OMA,NE,ACE,CE,Towers with Radar,145,58,47,0,250,0,1,10,0,11,145,59,57,0,261,28,0,28,289
05/04/2017,OMA,NE,ACE,CE,Towers with Radar,157,106,83,4,350,0,4,11,2,17,157,110,94,6,367,18,2,20,387
05/05/2017,OMA,NE,ACE,CE,Towers with Radar,155,108,114,1,378,0,1,14,1,16,155,109,128,2,394,6,0,6,400
05/06/2017,OMA,NE,ACE,CE,Towers with Radar,115,78,70,0,263,1,0,34,0,35,116,78,104,0,298,28,0,28,326
05/07/2017,OMA,NE,ACE,CE,Towers with Radar,141,82,66,1,290,0,0,11,2,13,141,82,77,3,303,12,0,12,315
05/08/2017,OMA,NE,ACE,CE,Towers with Radar,139,62,44,6,251,0,0,17,0,17,139,62,61,6,268,8,6,14,282
05/09/2017,OMA,NE,ACE,CE,Towers with Radar,150,60,51,15,276,0,1,16,5,22,150,61,67,20,298,18,2,20,318
05/10/2017,OMA,NE,ACE,CE,Towers with Radar,145,66,38,0,249,0,0,0,0,0,145,66,38,0,249,0,0,0,249
05/11/2017,OMA,NE,ACE,CE,Towers with Radar,153,72,47,16,288,0,2,20,0,22,153,74,67,16,310,16,14,30,340
05/12/2017,OMA,NE,ACE,CE,Towers with Radar,146,45,40,0,231,0,3,24,2,29,146,48,64,2,260,38,0,38,298
05/13/2017,OMA,NE,ACE,CE,Towers with Radar,111,41,24,0,176,0,2,20,1,23,111,43,44,1,199,12,0,12,211
05/14/2017,OMA,NE,ACE,CE,Towers with Radar,127,39,25,0,191,0,1,19,0,20,127,40,44,0,211,30,0,30,241
05/15/2017,OMA,NE,ACE,CE,Towers with Radar,143,71,31,8,253,0,2,9,0,11,143,73,40,8,264,30,12,42,306
05/16/2017,OMA,NE,ACE,CE,Towers with Radar,146,46,43,0,235,0,0,4,0,4,146,46,47,0,239,6,0,6,245
05/17/2017,OMA,NE,ACE,CE,Towers with Radar,154,65,33,0,252,0,0,4,0,4,154,65,37,0,256,0,0,0,256
05/18/2017,OMA,NE,ACE,CE,Towers with Radar,150,68,52,4,274,0,7,3,0,10,150,75,55,4,284,10,2,12,296
05/19/2017,OMA,NE,ACE,CE,Towers with Radar,142,53,45,10,250,0,0,0,0,0,142,53,45,10,250,8,0,8,258
05/20/2017,OMA,NE,ACE,CE,Towers with Radar,119,37,10,0,166,0,0,0,0,0,119,37,10,0,166,0,0,0,166
05/21/2017,OMA,NE,ACE,CE,Towers with Radar,133,36,20,4,193,0,1,12,0,13,133,37,32,4,206,4,0,4,210
05/22/2017,OMA,NE,ACE,CE,Towers with Radar,138,64,44,10,256,0,0,14,0,14,138,64,58,10,270,6,10,16,286
05/23/2017,OMA,NE,ACE,CE,Towers with Radar,144,64,45,2,255,0,0,3,0,3,144,64,48,2,258,8,0,8,266
05/24/2017,OMA,NE,ACE,CE,Towers with Radar,149,70,46,2,267,0,1,8,2,11,149,71,54,4,278,8,0,8,286
05/25/2017,OMA,NE,ACE,CE,Towers with Radar,150,61,54,22,287,0,1,18,8,27,150,62,72,30,314,42,28,70,384
05/26/2017,OMA,NE,ACE,CE,Towers with Radar,147,50,48,0,245,0,1,13,0,14,147,51,61,0,259,10,8,18,277
05/27/2017,OMA,NE,ACE,CE,Towers with Radar,120,38,17,0,175,0,6,7,0,13,120,44,24,0,188,14,0,14,202
05/28/2017,OMA,NE,ACE,CE,Towers with Radar,118,21,23,0,162,0,0,16,0,16,118,21,39,0,178,6,0,6,184
05/29/2017,OMA,NE,ACE,CE,Towers with Radar,127,33,20,0,180,0,0,17,0,17,127,33,37,0,197,8,0,8,205
05/30/2017,OMA,NE,ACE,CE,Towers with Radar,142,50,34,2,228,0,0,15,0,15,142,50,49,2,243,20,0,20,263
05/31/2017,OMA,NE,ACE,CE,Towers with Radar,152,69,36,2,259,0,0,7,0,7,152,69,43,2,266,12,0,12,278
06/01/2017,OMA,NE,ACE,CE,Towers with Radar,150,61,50,0,261,0,1,12,0,13,150,62,62,0,274,22,0,22,296
06/02/2017,OMA,NE,ACE,CE,Towers with Radar,140,55,42,65,302,0,0,19,0,19,140,55,61,65,321,10,38,48,369
06/03/2017,OMA,NE,ACE,CE,Towers with Radar,127,34,17,65,243,0,1,23,2,26,127,35,40,67,269,12,66,78,347
06/04/2017,OMA,NE,ACE,CE,Towers with Radar,135,38,22,30,225,0,2,20,4,26,135,40,42,34,251,44,16,60,311
06/05/2017,OMA,NE,ACE,CE,Towers with Radar,147,64,41,7,259,0,2,18,2,22,147,66,59,9,281,18,2,20,301
06/06/2017,OMA,NE,ACE,CE,Towers with Radar,143,62,38,8,251,0,0,11,2,13,143,62,49,10,264,14,4,18,282
06/07/2017,OMA,NE,ACE,CE,Towers with Radar,153,73,50,3,279,0,3,23,2,28,153,76,73,5,307,12,0,12,319
06/08/2017,OMA,NE,ACE,CE,Towers with Radar,149,82,51,8,290,0,1,18,3,22,149,83,69,11,312,24,10,34,346
06/09/2017,OMA,NE,ACE,CE,Towers with Radar,146,57,47,0,250,0,2,16,0,18,146,59,63,0,268,26,0,26,294
06/10/2017,OMA,NE,ACE,CE,Towers with Radar,120,24,22,0,166,0,0,12,0,12,120,24,34,0,178,6,0,6,184
06/11/2017,OMA,NE,ACE,CE,Towers with Radar,144,37,24,0,205,0,0,7,0,7,144,37,31,0,212,12,0,12,224
06/12/2017,OMA,NE,ACE,CE,Towers with Radar,144,51,41,2,238,0,1,11,4,16,144,52,52,6,254,6,0,6,260
06/13/2017,OMA,NE,ACE,CE,Towers with Radar,150,66,63,8,287,0,1,1,0,2,150,67,64,8,289,0,0,0,289
06/14/2017,OMA,NE,ACE,CE,Towers with Radar,160,71,55,1,287,0,1,14,0,15,160,72,69,1,302,26,0,26,328
06/15/2017,OMA,NE,ACE,CE,Towers with Radar,173,70,67,1,311,0,5,14,2,21,173,75,81,3,332,18,0,18,350
06/16/2017,OMA,NE,ACE,CE,Towers with Radar,153,61,50,4,268,0,0,16,12,28,153,61,66,16,296,26,0,26,322
06/17/2017,OMA,NE,ACE,CE,Towers with Radar,137,45,49,1,232,0,1,10,2,13,137,46,59,3,245,2,0,2,247
06/18/2017,OMA,NE,ACE,CE,Towers with Radar,141,56,66,1,264,0,2,14,0,16,141,58,80,1,280,16,0,16,296
06/19/2017,OMA,NE,ACE,CE,Towers with Radar,143,54,66,7,270,0,0,7,1,8,143,54,73,8,278,6,2,8,286
06/20/2017,OMA,NE,ACE,CE,Towers with Radar,158,65,63,10,296,0,2,29,0,31,158,67,92,10,327,52,10,62,389
06/21/2017,OMA,NE,ACE,CE,Towers with Radar,163,76,55,1,295,0,1,13,0,14,163,77,68,1,309,26,0,26,335
06/22/2017,OMA,NE,ACE,CE,Towers with Radar,160,70,70,1,301,0,3,14,1,18,160,73,84,2,319,30,0,30,349
06/23/2017,OMA,NE,ACE,CE,Towers with Radar,148,64,60,8,280,0,0,14,0,14,148,64,74,8,294,10,10,20,314
06/24/2017,OMA,NE,ACE,CE,Towers with Radar,121,42,34,10,207,0,0,28,0,28,121,42,62,10,235,46,8,54,289
06/25/2017,OMA,NE,ACE,CE,Towers with Radar,151,52,50,3,256,0,3,33,0,36,151,55,83,3,292,67,0,67,359
06/26/2017,OMA,NE,ACE,CE,Towers with Radar,149,77,67,1,294,0,0,30,0,30,149,77,97,1,324,38,0,38,362
06/27/2017,OMA,NE,ACE,CE,Towers with Radar,155,79,73,4,311,0,0,17,1,18,155,79,90,5,329,0,0,0,329
06/28/2017,OMA,NE,ACE,CE,Towers with Radar,158,81,92,0,331,0,0,12,0,12,158,81,104,0,343,2,0,2,345
06/29/2017,OMA,NE,ACE,CE,Towers with Radar,161,69,57,4,291,0,3,11,0,14,161,72,68,4,305,24,14,38,343
06/30/2017,OMA,NE,ACE,CE,Towers with Radar,160,61,53,3,277,0,1,16,0,17,160,62,69,3,294,28,0,28,322
07/01/2017,OMA,NE,ACE,CE,Towers with Radar,122,42,27,0,191,0,2,23,0,25,122,44,50,0,216,22,0,22,238
07/02/2017,OMA,NE,ACE,CE,Towers with Radar,122,22,9,0,153,0,3,6,0,9,122,25,15,0,162,16,0,16,178
07/03/2017,OMA,NE,ACE,CE,Towers with Radar,123,32,13,0,168,0,0,10,0,10,123,32,23,0,178,8,0,8,186
07/04/2017,OMA,NE,ACE,CE,Towers with Radar,129,14,9,0,152,0,0,6,1,7,129,14,15,1,159,0,0,0,159
07/05/2017,OMA,NE,ACE,CE,Towers with Radar,152,60,25,0,237,0,1,13,0,14,152,61,38,0,251,10,0,10,261
07/06/2017,OMA,NE,ACE,CE,Towers with Radar,158,54,36,5,253,0,1,8,11,20,158,55,44,16,273,34,4,38,311
07/07/2017,OMA,NE,ACE,CE,Towers with Radar,151,54,36,22,263,0,1,10,3,14,151,55,46,25,277,24,14,38,315
07/08/2017,OMA,NE,ACE,CE,Towers with Radar,127,41,20,1,189,0,0,20,0,20,127,41,40,1,209,42,0,42,251
07/09/2017,OMA,NE,ACE,CE,Towers with Radar,147,42,18,2,209,0,0,25,2,27,147,42,43,4,236,36,0,36,272
07/10/2017,OMA,NE,ACE,CE,Towers with Radar,140,64,53,4,261,0,2,11,1,14,140,66,64,5,275,16,0,16,291
07/11/2017,OMA,NE,ACE,CE,Towers with Radar,159,62,52,0,273,0,0,13,0,13,159,62,65,0,286,14,0,14,300
07/12/2017,OMA,NE,ACE,CE,Towers with Radar,152,85,57,0,294,0,0,12,0,12,152,85,69,0,306,14,0,14,320
07/13/2017,OMA,NE,ACE,CE,Towers with Radar,150,62,46,0,258,0,3,12,0,15,150,65,58,0,273,24,4,28,301
07/14/2017,OMA,NE,ACE,CE,Towers with Radar,153,57,29,0,239,0,0,20,0,20,153,57,49,0,259,24,0,24,283
07/15/2017,OMA,NE,ACE,CE,Towers with Radar,127,27,25,6,185,0,0,14,6,20,127,27,39,12,205,26,60,86,291
07/16/2017,OMA,NE,ACE,CE,Towers with Radar,140,34,16,3,193,0,0,9,1,10,140,34,25,4,203,10,0,10,213
07/17/2017,OMA,NE,ACE,CE,Towers with Radar,147,59,42,3,251,0,0,9,1,10,147,59,51,4,261,14,0,14,275
07/18/2017,OMA,NE,ACE,CE,Towers with Radar,159,58,51,0,268,0,2,10,0,12,159,60,61,0,280,24,0,24,304
07/19/2017,OMA,NE,ACE,CE,Towers with Radar,163,69,43,2,277,0,1,10,0,11,163,70,53,2,288,32,0,32,320
07/20/2017,OMA,NE,ACE,CE,Towers with Radar,156,73,48,0,277,0,0,18,2,20,156,73,66,2,297,12,2,14,311
07/21/2017,OMA,NE,ACE,CE,Towers with Radar,144,54,43,9,250,0,2,27,0,29,144,56,70,9,279,42,4,46,325
07/22/2017,OMA,NE,ACE,CE,Towers with Radar,128,31,38,5,202,0,0,38,0,38,128,31,76,5,240,8,0,8,248
07/23/2017,OMA,NE,ACE,CE,Towers with Radar,147,28,42,4,221,0,0,26,2,28,147,28,68,6,249,8,2,10,259
07/24/2017,OMA,NE,ACE,CE,Towers with Radar,152,46,47,0,245,0,0,21,0,21,152,46,68,0,266,16,0,16,282
07/25/2017,OMA,NE,ACE,CE,Towers with Radar,155,71,41,2,269,0,0,13,0,13,155,71,54,2,282,4,0,4,286
07/26/2017,OMA,NE,ACE,CE,Towers with Radar,164,73,32,0,269,0,0,0,0,0,164,73,32,0,269,2,0,2,271
07/27/2017,OMA,NE,ACE,CE,Towers with Radar,158,66,51,7,282,0,0,19,0,19,158,66,70,7,301,2,0,2,303
07/28/2017,OMA,NE,ACE,CE,Towers with Radar,153,58,33,54,298,0,1,13,2,16,153,59,46,56,314,18,42,60,374
07/29/2017,OMA,NE,ACE,CE,Towers with Radar,123,29,17,20,189,0,0,21,2,23,123,29,38,22,212,20,2,22,234
07/30/2017,OMA,NE,ACE,CE,Towers with Radar,145,31,21,7,204,0,0,16,3,19,145,31,37,10,223,6,4,10,233
07/31/2017,OMA,NE,ACE,CE,Towers with Radar,148,59,31,0,238,0,0,11,0,11,148,59,42,0,249,22,0,22,271
08/01/2017,OMA,NE,ACE,CE,Towers with Radar,156,83,25,9,273,0,1,12,0,13,156,84,37,9,286,6,4,10,296
08/02/2017,OMA,NE,ACE,CE,Towers with Radar,157,68,45,8,278,0,0,22,1,23,157,68,67,9,301,40,4,44,345
08/03/2017,OMA,NE,ACE,CE,Towers with Radar,143,65,50,6,264,0,0,2,0,2,143,65,52,6,266,10,0,10,276
08/04/2017,OMA,NE,ACE,CE,Towers with Radar,148,69,46,74,337,0,1,17,7,25,148,70,63,81,362,38,68,106,468
08/05/2017,OMA,NE,ACE,CE,Towers with Radar,136,37,14,37,224,0,0,4,1,5,136,37,18,38,229,20,18,38,267
08/06/2017,OMA,NE,ACE,CE,Towers with Radar,143,48,30,10,231,0,0,11,0,11,143,48,41,10,242,6,0,6,248
08/07/2017,OMA,NE,ACE,CE,Towers with Radar,149,51,33,12,245,0,0,3,0,3,149,51,36,12,248,2,6,8,256
08/08/2017,OMA,NE,ACE,CE,Towers with Radar,164,71,56,5,296,0,1,25,0,26,164,72,81,5,322,20,2,22,344
08/09/2017,OMA,NE,ACE,CE,Towers with Radar,157,54,37,0,248,0,1,11,0,12,157,55,48,0,260,6,0,6,266
08/10/2017,OMA,NE,ACE,CE,Towers with Radar,153,61,40,1,255,0,0,7,1,8,153,61,47,2,263,4,0,4,267
08/11/2017,OMA,NE,ACE,CE,Towers with Radar,149,58,52,17,276,0,0,12,0,12,149,58,64,17,288,14,0,14,302
08/12/2017,OMA,NE,ACE,CE,Towers with Radar,126,31,13,11,181,0,1,6,1,8,126,32,19,12,189,36,6,42,231
08/13/2017,OMA,NE,ACE,CE,Towers with Radar,146,38,25,5,214,0,0,12,0,12,146,38,37,5,226,8,0,8,234
08/14/2017,OMA,NE,ACE,CE,Towers with Radar,145,66,41,16,268,0,0,8,0,8,145,66,49,16,276,32,14,46,322
08/15/2017,OMA,NE,ACE,CE,Towers with Radar,153,57,45,0,255,0,1,1,0,2,153,58,46,0,257,0,0,0,257
08/16/2017,OMA,NE,ACE,CE,Towers with Radar,155,64,44,4,267,0,0,8,0,8,155,64,52,4,275,10,2,12,287
08/17/2017,OMA,NE,ACE,CE,Towers with Radar,157,71,35,4,267,0,2,13,0,15,157,73,48,4,282,18,0,18,300
08/18/2017,OMA,NE,ACE,CE,Towers with Radar,147,60,34,0,241,0,1,8,1,10,147,61,42,1,251,0,0,0,251
08/19/2017,OMA,NE,ACE,CE,Towers with Radar,109,30,28,10,177,0,0,14,0,14,109,30,42,10,191,8,16,24,215
08/20/2017,OMA,NE,ACE,CE,Towers with Radar,137,43,32,0,212,0,0,15,4,19,137,43,47,4,231,0,0,0,231
08/21/2017,OMA,NE,ACE,CE,Towers with Radar,147,53,31,1,232,0,0,4,1,5,147,53,35,2,237,0,0,0,237
08/22/2017,OMA,NE,ACE,CE,Towers with Radar,150,65,54,9,278,0,2,20,0,22,150,67,74,9,300,30,10,40,340
08/23/2017,OMA,NE,ACE,CE,Towers with Radar,156,57,33,8,254,0,2,17,10,29,156,59,50,18,283,36,8,44,327
08/24/2017,OMA,NE,ACE,CE,Towers with Radar,158,60,60,4,282,0,0,9,0,9,158,60,69,4,291,18,0,18,309
08/25/2017,OMA,NE,ACE,CE,Towers with Radar,157,49,48,1,255,0,0,11,1,12,157,49,59,2,267,26,6,32,299
08/26/2017,OMA,NE,ACE,CE,Towers with Radar,98,17,28,0,143,0,2,21,1,24,98,19,49,1,167,10,0,10,177
08/27/2017,OMA,NE,ACE,CE,Towers with Radar,129,30,17,36,212,0,0,7,0,7,129,30,24,36,219,2,20,22,241
08/28/2017,OMA,NE,ACE,CE,Towers with Radar,139,47,37,8,231,0,1,5,1,7,139,48,42,9,238,16,0,16,254
08/29/2017,OMA,NE,ACE,CE,Towers with Radar,144,58,38,9,249,0,2,10,2,14,144,60,48,11,263,40,6,46,309
08/30/2017,OMA,NE,ACE,CE,Towers with Radar,149,61,49,8,267,0,2,13,2,17,149,63,62,10,284,12,8,20,304
08/31/2017,OMA,NE,ACE,CE,Towers with Radar,153,58,54,14,279,0,1,10,0,11,153,59,64,14,290,6,12,18,308
09/01/2017,OMA,NE,ACE,CE,Towers with Radar,147,49,53,0,249,0,1,5,0,6,147,50,58,0,255,6,0,6,261
09/02/2017,OMA,NE,ACE,CE,Towers with Radar,104,26,21,0,151,0,1,13,0,14,104,27,34,0,165,6,0,6,171
09/03/2017,OMA,NE,ACE,CE,Towers with Radar,102,10,12,0,124,0,1,7,0,8,102,11,19,0,132,6,0,6,138
09/04/2017,OMA,NE,ACE,CE,Towers with Radar,140,35,19,0,194,0,0,12,0,12,140,35,31,0,206,8,0,8,214
09/05/2017,OMA,NE,ACE,CE,Towers with Radar,141,68,41,2,252,0,1,31,0,32,141,69,72,2,284,28,0,28,312
09/06/2017,OMA,NE,ACE,CE,Towers with Radar,148,56,57,0,261,0,1,7,0,8,148,57,64,0,269,14,0,14,283
09/07/2017,OMA,NE,ACE,CE,Towers with Radar,147,53,39,16,255,0,2,8,1,11,147,55,47,17,266,38,10,48,314
09/08/2017,OMA,NE,ACE,CE,Towers with Radar,149,55,55,9,268,0,1,22,0,23,149,56,77,9,291,34,2,36,327
09/09/2017,OMA,NE,ACE,CE,Towers with Radar,104,26,21,18,169,0,0,18,6,24,104,26,39,24,193,20,24,44,237
09/10/2017,OMA,NE,ACE,CE,Towers with Radar,135,33,25,13,206,0,0,10,0,10,135,33,35,13,216,2,0,2,218
09/11/2017,OMA,NE,ACE,CE,Towers with Radar,134,61,36,4,235,0,0,5,2,7,134,61,41,6,242,2,2,4,246
09/12/2017,OMA,NE,ACE,CE,Towers with Radar,143,68,50,8,269,0,2,10,0,12,143,70,60,8,281,26,0,26,307
09/13/2017,OMA,NE,ACE,CE,Towers with Radar,154,65,47,9,275,0,0,17,1,18,154,65,64,10,293,22,4,26,319
09/14/2017,OMA,NE,ACE,CE,Towers with Radar,161,49,32,0,242,0,1,12,0,13,161,50,44,0,255,14,0,14,269
09/15/2017,OMA,NE,ACE,CE,Towers with Radar,154,57,36,39,286,0,2,10,0,12,154,59,46,39,298,6,38,44,342
09/16/2017,OMA,NE,ACE,CE,Towers with Radar,108,29,19,13,169,0,1,4,0,5,108,30,23,13,174,0,10,10,184
09/17/2017,OMA,NE,ACE,CE,Towers with Radar,137,43,34,10,224,0,1,13,2,16,137,44,47,12,240,0,12,12,252
09/18/2017,OMA,NE,ACE,CE,Towers with Radar,148,57,30,2,237,0,0,2,0,2,148,57,32,2,239,8,0,8,247
09/19/2017,OMA,NE,ACE,CE,Towers with Radar,151,63,46,0,260,0,0,1,0,1,151,63,47,0,261,4,0,4,265
09/20/2017,OMA,NE,ACE,CE,Towers with Radar,154,62,52,28,296,0,3,17,0,20,154,65,69,28,316,18,42,60,376
09/21/2017,OMA,NE,ACE,CE,Towers with Radar,156,56,48,1,261,0,2,12,1,15,156,58,60,2,276,14,0,14,290
09/22/2017,OMA,NE,ACE,CE,Towers with Radar,153,58,29,8,248,0,2,16,0,18,153,60,45,8,266,6,4,10,276
09/23/2017,OMA,NE,ACE,CE,Towers with Radar,106,26,13,3,148,0,0,8,0,8,106,26,21,3,156,4,10,14,170
09/24/2017,OMA,NE,ACE,CE,Towers with Radar,134,40,28,1,203,0,0,15,0,15,134,40,43,1,218,10,0,10,228
09/25/2017,OMA,NE,ACE,CE,Towers with Radar,155,39,30,3,227,0,0,0,0,0,155,39,30,3,227,2,0,2,229
09/26/2017,OMA,NE,ACE,CE,Towers with Radar,149,53,43,6,251,0,0,5,1,6,149,53,48,7,257,12,4,16,273
09/27/2017,OMA,NE,ACE,CE,Towers with Radar,160,51,37,0,248,0,2,21,0,23,160,53,58,0,271,22,0,22,293
09/28/2017,OMA,NE,ACE,CE,Towers with Radar,157,56,42,1,256,0,0,10,0,10,157,56,52,1,266,12,0,12,278
09/29/2017,OMA,NE,ACE,CE,Towers with Radar,153,49,47,4,253,0,2,20,0,22,153,51,67,4,275,46,0,46,321
09/30/2017,OMA,NE,ACE,CE,Towers with Radar,103,31,16,0,150,0,0,5,0,5,103,31,21,0,155,0,0,0,155
10/01/2017,OMA,NE,ACE,CE,Towers with Radar,136,42,21,0,199,0,6,4,0,10,136,48,25,0,209,0,0,0,209
10/02/2017,OMA,NE,ACE,CE,Towers with Radar,148,38,36,0,222,0,1,7,0,8,148,39,43,0,230,10,0,10,240
10/03/2017,OMA,NE,ACE,CE,Towers with Radar,149,60,47,12,268,0,0,2,0,2,149,60,49,12,270,8,12,20,290
10/04/2017,OMA,NE,ACE,CE,Towers with Radar,160,49,60,5,274,0,2,15,0,17,160,51,75,5,291,28,0,28,319
10/05/2017,OMA,NE,ACE,CE,Towers with Radar,148,70,44,0,262,0,0,0,0,0,148,70,44,0,262,0,0,0,262
10/06/2017,OMA,NE,ACE,CE,Towers with Radar,150,65,38,1,254,0,0,0,0,0,150,65,38,1,254,4,0,4,258
10/07/2017,OMA,NE,ACE,CE,Towers with Radar,107,32,24,16,179,0,0,8,0,8,107,32,32,16,187,18,4,22,209
10/08/2017,OMA,NE,ACE,CE,Towers with Radar,135,35,28,10,208,0,1,14,0,15,135,36,42,10,223,34,0,34,257
10/09/2017,OMA,NE,ACE,CE,Towers with Radar,146,44,51,0,241,0,3,9,0,12,146,47,60,0,253,4,0,4,257
10/10/2017,OMA,NE,ACE,CE,Towers with Radar,146,58,42,12,258,0,1,5,0,6,146,59,47,12,264,0,8,8,272
10/11/2017,OMA,NE,ACE,CE,Towers with Radar,151,72,36,5,264,0,2,13,3,18,151,74,49,8,282,14,2,16,298
10/12/2017,OMA,NE,ACE,CE,Towers with Radar,152,54,52,13,271,0,1,16,2,19,152,55,68,15,290,14,14,28,318
10/13/2017,OMA,NE,ACE,CE,Towers with Radar,151,76,25,0,252,0,2,5,0,7,151,78,30,0,259,22,0,22,281
10/14/2017,OMA,NE,ACE,CE,Towers with Radar,107,32,21,0,160,0,1,0,0,1,107,33,21,0,161,0,0,0,161
10/15/2017,OMA,NE,ACE,CE,Towers with Radar,138,42,31,0,211,0,1,27,0,28,138,43,58,0,239,32,0,32,271
10/16/2017,OMA,NE,ACE,CE,Towers with Radar,146,50,34,8,238,0,1,12,0,13,146,51,46,8,251,0,0,0,251
10/17/2017,OMA,NE,ACE,CE,Towers with Radar,148,51,41,7,247,0,2,16,0,18,148,53,57,7,265,16,8,24,289
10/18/2017,OMA,NE,ACE,CE,Towers with Radar,152,83,39,10,284,0,0,14,1,15,152,83,53,11,299,80,10,90,389
10/19/2017,OMA,NE,ACE,CE,Towers with Radar,156,60,54,1,271,0,2,19,0,21,156,62,73,1,292,22,0,22,314
10/20/2017,OMA,NE,ACE,CE,Towers with Radar,152,65,41,4,262,0,1,6,0,7,152,66,47,4,269,5,1,6,275
10/21/2017,OMA,NE,ACE,CE,Towers with Radar,104,39,11,2,156,0,2,4,0,6,104,41,15,2,162,12,0,12,174
10/22/2017,OMA,NE,ACE,CE,Towers with Radar,137,51,39,0,227,0,0,22,0,22,137,51,61,0,249,42,0,42,291
10/23/2017,OMA,NE,ACE,CE,Towers with Radar,147,52,37,0,236,0,0,8,1,9,147,52,45,1,245,8,0,8,253
10/24/2017,OMA,NE,ACE,CE,Towers with Radar,139,67,55,5,266,0,2,11,0,13,139,69,66,5,279,12,6,18,297
10/25/2017,OMA,NE,ACE,CE,Towers with Radar,153,72,53,3,281,0,0,17,0,17,153,72,70,3,298,12,2,14,312
10/26/2017,OMA,NE,ACE,CE,Towers with Radar,154,67,34,8,263,0,2,2,0,4,154,69,36,8,267,8,6,14,281
10/27/2017,OMA,NE,ACE,CE,Towers with Radar,156,61,42,0,259,0,0,5,0,5,156,61,47,0,264,16,0,16,280
10/28/2017,OMA,NE,ACE,CE,Towers with Radar,107,28,12,1,148,0,0,22,1,23,107,28,34,2,171,56,0,56,227
10/29/2017,OMA,NE,ACE,CE,Towers with Radar,134,42,19,0,195,0,1,19,0,20,134,43,38,0,215,60,0,60,275
10/30/2017,OMA,NE,ACE,CE,Towers with Radar,138,39,28,0,205,0,0,6,0,6,138,39,34,0,211,6,0,6,217
10/31/2017,OMA,NE,ACE,CE,Towers with Radar,138,53,35,0,226,0,0,11,0,11,138,53,46,0,237,50,0,50,287
11/01/2017,OMA,NE,ACE,CE,Towers with Radar,153,60,45,1,259,0,2,15,0,17,153,62,60,1,276,20,0,20,296
11/02/2017,OMA,NE,ACE,CE,Towers with Radar,152,62,64,3,281,0,0,16,0,16,152,62,80,3,297,24,8,32,329
11/03/2017,OMA,NE,ACE,CE,Towers with Radar,148,75,28,0,251,0,0,14,0,14,148,75,42,0,265,24,0,24,289
11/04/2017,OMA,NE,ACE,CE,Towers with Radar,107,44,23,6,180,0,0,3,0,3,107,44,26,6,183,16,2,18,201
11/05/2017,OMA,NE,ACE,CE,Towers with Radar,122,51,26,6,205,0,0,4,0,4,122,51,30,6,209,0,2,2,211
11/06/2017,OMA,NE,ACE,CE,Towers with Radar,146,62,51,7,266,0,0,17,0,17,146,62,68,7,283,46,6,52,335
11/07/2017,OMA,NE,ACE,CE,Towers with Radar,137,70,51,4,262,0,1,8,0,9,137,71,59,4,271,16,4,20,291
11/08/2017,OMA,NE,ACE,CE,Towers with Radar,154,64,47,4,269,0,0,17,2,19,154,64,64,6,288,28,4,32,320
11/09/2017,OMA,NE,ACE,CE,Towers with Radar,159,80,48,1,288,0,1,17,1,19,159,81,65,2,307,64,0,64,371
11/10/2017,OMA,NE,ACE,CE,Towers with Radar,149,61,32,0,242,0,0,12,0,12,149,61,44,0,254,54,0,54,308
11/11/2017,OMA,NE,ACE,CE,Towers with Radar,108,35,9,0,152,0,2,3,0,5,108,37,12,0,157,0,0,0,157
11/12/2017,OMA,NE,ACE,CE,Towers with Radar,130,52,12,3,197,0,0,15,0,15,130,52,27,3,212,60,0,60,272
11/13/2017,OMA,NE,ACE,CE,Towers with Radar,142,60,37,1,240,0,0,1,0,1,142,60,38,1,241,4,0,4,245
11/14/2017,OMA,NE,ACE,CE,Towers with Radar,146,71,65,0,282,0,0,0,0,0,146,71,65,0,282,2,0,2,284
11/15/2017,OMA,NE,ACE,CE,Towers with Radar,155,69,56,1,281,0,5,14,3,22,155,74,70,4,303,20,0,20,323
11/16/2017,OMA,NE,ACE,CE,Towers with Radar,154,64,61,0,279,0,0,25,0,25,154,64,86,0,304,28,0,28,332
11/17/2017,OMA,NE,ACE,CE,Towers with Radar,157,72,36,25,290,0,0,1,0,1,157,72,37,25,291,12,18,30,321
11/18/2017,OMA,NE,ACE,CE,Towers with Radar,117,35,16,35,203,0,2,5,0,7,117,37,21,35,210,4,29,33,243
11/19/2017,OMA,NE,ACE,CE,Towers with Radar,123,35,24,2,184,0,0,12,0,12,123,35,36,2,196,24,4,28,224
11/20/2017,OMA,NE,ACE,CE,Towers with Radar,132,67,32,2,233,0,2,16,0,18,132,69,48,2,251,34,0,34,285
11/21/2017,OMA,NE,ACE,CE,Towers with Radar,153,68,20,0,241,0,0,9,0,9,153,68,29,0,250,6,0,6,256
11/22/2017,OMA,NE,ACE,CE,Towers with Radar,159,62,33,0,254,0,3,12,0,15,159,65,45,0,269,6,0,6,275
11/23/2017,OMA,NE,ACE,CE,Towers with Radar,83,11,4,0,98,0,0,5,0,5,83,11,9,0,103,2,0,2,105
11/24/2017,OMA,NE,ACE,CE,Towers with Radar,104,30,7,0,141,0,0,5,0,5,104,30,12,0,146,0,0,0,146
11/25/2017,OMA,NE,ACE,CE,Towers with Radar,144,37,13,0,194,0,0,27,0,27,144,37,40,0,221,42,0,42,263
11/26/2017,OMA,NE,ACE,CE,Towers with Radar,153,44,28,0,225,0,0,21,0,21,153,44,49,0,246,46,0,46,292
11/27/2017,OMA,NE,ACE,CE,Towers with Radar,153,62,32,0,247,0,0,8,2,10,153,62,40,2,257,20,2,22,279
11/28/2017,OMA,NE,ACE,CE,Towers with Radar,140,71,29,0,240,0,1,9,0,10,140,72,38,0,250,18,0,18,268
11/29/2017,OMA,NE,ACE,CE,Towers with Radar,152,73,51,3,279,0,0,14,0,14,152,73,65,3,293,8,0,8,301
11/30/2017,OMA,NE,ACE,CE,Towers with Radar,146,64,49,0,259,0,2,20,0,22,146,66,69,0,281,38,0,38,319
12/01/2017,OMA,NE,ACE,CE,Towers with Radar,149,50,47,6,252,0,0,16,0,16,149,50,63,6,268,32,10,42,310
12/02/2017,OMA,NE,ACE,CE,Towers with Radar,100,28,18,0,146,0,0,13,0,13,100,28,31,0,159,20,0,20,179
12/03/2017,OMA,NE,ACE,CE,Towers with Radar,126,31,21,0,178,0,1,20,0,21,126,32,41,0,199,12,0,12,211
12/04/2017,OMA,NE,ACE,CE,Towers with Radar,133,50,38,2,223,0,0,3,0,3,133,50,41,2,226,0,6,6,232
12/05/2017,OMA,NE,ACE,CE,Towers with Radar,135,67,36,0,238,0,1,12,0,13,135,68,48,0,251,26,0,26,277
12/06/2017,OMA,NE,ACE,CE,Towers with Radar,144,81,37,0,262,0,0,4,0,4,144,81,41,0,266,2,0,2,268
12/07/2017,OMA,NE,ACE,CE,Towers with Radar,145,73,56,0,274,0,0,9,0,9,145,73,65,0,283,10,0,10,293
12/08/2017,OMA,NE,ACE,CE,Towers with Radar,138,56,43,0,237,0,0,2,0,2,138,56,45,0,239,4,0,4,243
12/09/2017,OMA,NE,ACE,CE,Towers with Radar,101,39,20,4,164,0,0,18,0,18,101,39,38,4,182,32,0,32,214
12/10/2017,OMA,NE,ACE,CE,Towers with Radar,124,29,20,0,173,0,2,15,0,17,124,31,35,0,190,44,0,44,234
12/11/2017,OMA,NE,ACE,CE,Towers with Radar,137,59,40,0,236,0,0,0,0,0,137,59,40,0,236,0,0,0,236
12/12/2017,OMA,NE,ACE,CE,Towers with Radar,140,69,52,0,261,0,1,15,0,16,140,70,67,0,277,24,0,24,301
12/13/2017,OMA,NE,ACE,CE,Towers with Radar,145,67,57,8,277,0,0,7,0,7,145,67,64,8,284,0,8,8,292
12/14/2017,OMA,NE,ACE,CE,Towers with Radar,144,57,41,0,242,0,0,6,0,6,144,57,47,0,248,22,0,22,270
12/15/2017,OMA,NE,ACE,CE,Towers with Radar,151,53,49,0,253,0,2,13,0,15,151,55,62,0,268,48,0,48,316
12/16/2017,OMA,NE,ACE,CE,Towers with Radar,101,46,27,5,179,0,11,23,7,41,101,57,50,12,220,72,0,72,292
12/17/2017,OMA,NE,ACE,CE,Towers with Radar,122,27,14,0,163,0,0,1,0,1,122,27,15,0,164,0,0,0,164
12/18/2017,OMA,NE,ACE,CE,Towers with Radar,149,59,45,0,253,0,0,23,0,23,149,59,68,0,276,76,0,76,352
12/19/2017,OMA,NE,ACE,CE,Towers with Radar,146,64,44,14,268,0,0,14,0,14,146,64,58,14,282,14,14,28,310
12/20/2017,OMA,NE,ACE,CE,Towers with Radar,146,79,41,8,274,0,0,15,0,15,146,79,56,8,289,30,8,38,327
12/21/2017,OMA,NE,ACE,CE,Towers with Radar,142,85,27,0,254,0,0,0,0,0,142,85,27,0,254,0,0,0,254
12/22/2017,OMA,NE,ACE,CE,Towers with Radar,137,88,24,2,251,0,0,6,0,6,137,88,30,2,257,16,0,16,273
12/23/2017,OMA,NE,ACE,CE,Towers with Radar,125,49,15,0,189,0,0,0,0,0,125,49,15,0,189,0,0,0,189
12/24/2017,OMA,NE,ACE,CE,Towers with Radar,98,27,10,0,135,0,0,5,0,5,98,27,15,0,140,0,0,0,140
12/25/2017,OMA,NE,ACE,CE,Towers with Radar,100,18,2,0,120,0,0,2,0,2,100,18,4,0,122,0,0,0,122
12/26/2017,OMA,NE,ACE,CE,Towers with Radar,125,73,14,0,212,0,0,10,0,10,125,73,24,0,222,14,0,14,236
12/27/2017,OMA,NE,ACE,CE,Towers with Radar,141,71,21,0,233,0,0,6,0,6,141,71,27,0,239,4,0,4,243
12/28/2017,OMA,NE,ACE,CE,Towers with Radar,133,69,17,0,219,0,0,4,0,4,133,69,21,0,223,2,0,2,225
12/29/2017,OMA,NE,ACE,CE,Towers with Radar,137,62,23,0,222,0,0,2,0,2,137,62,25,0,224,0,0,0,224
12/30/2017,OMA,NE,ACE,CE,Towers with Radar,124,44,16,0,184,0,0,1,0,1,124,44,17,0,185,0,0,0,185
12/31/2017,OMA,NE,ACE,CE,Towers with Radar,94,32,12,0,138,0,0,3,0,3,94,32,15,0,141,0,0,0,141
01/01/2018,OMA,NE,ACE,CE,Towers with Radar,109,27,4,0,140,0,0,4,0,4,109,27,8,0,144,0,0,0,144
01/02/2018,OMA,NE,ACE,CE,Towers with Radar,131,64,19,0,214,0,1,6,0,7,131,65,25,0,221,8,0,8,229
01/03/2018,OMA,NE,ACE,CE,Towers with Radar,139,76,41,0,256,0,0,8,0,8,139,76,49,0,264,6,0,6,270
01/04/2018,OMA,NE,ACE,CE,Towers with Radar,127,62,29,1,219,0,0,3,2,5,127,62,32,3,224,0,0,0,224
01/05/2018,OMA,NE,ACE,CE,Towers with Radar,134,62,23,0,219,0,0,7,0,7,134,62,30,0,226,10,0,10,236
01/06/2018,OMA,NE,ACE,CE,Towers with Radar,102,51,19,0,172,0,5,5,0,10,102,56,24,0,182,2,0,2,184
01/07/2018,OMA,NE,ACE,CE,Towers with Radar,116,40,10,0,166,0,0,8,0,8,116,40,18,0,174,4,0,4,178
01/08/2018,OMA,NE,ACE,CE,Towers with Radar,137,51,30,12,230,0,0,22,0,22,137,51,52,12,252,28,14,42,294
01/09/2018,OMA,NE,ACE,CE,Towers with Radar,127,68,24,0,219,0,1,12,0,13,127,69,36,0,232,14,0,14,246
01/10/2018,OMA,NE,ACE,CE,Towers with Radar,136,66,30,9,241,0,0,1,1,2,136,66,31,10,243,2,8,10,253
01/11/2018,OMA,NE,ACE,CE,Towers with Radar,134,54,27,0,215,0,0,2,0,2,134,54,29,0,217,0,0,0,217
01/12/2018,OMA,NE,ACE,CE,Towers with Radar,134,64,31,0,229,0,0,5,0,5,134,64,36,0,234,10,0,10,244
01/13/2018,OMA,NE,ACE,CE,Towers with Radar,99,40,13,2,154,0,1,4,0,5,99,41,17,2,159,14,0,14,173
01/14/2018,OMA,NE,ACE,CE,Towers with Radar,105,33,7,0,145,0,0,0,0,0,105,33,7,0,145,2,0,2,147
01/15/2018,OMA,NE,ACE,CE,Towers with Radar,122,41,33,0,196,0,0,1,0,1,122,41,34,0,197,8,0,8,205
01/16/2018,OMA,NE,ACE,CE,Towers with Radar,116,64,33,0,213,0,0,0,0,0,116,64,33,0,213,0,0,0,213
01/17/2018,OMA,NE,ACE,CE,Towers with Radar,127,60,45,0,232,0,0,12,0,12,127,60,57,0,244,8,0,8,252
01/18/2018,OMA,NE,ACE,CE,Towers with Radar,135,63,53,8,259,0,0,13,1,14,135,63,66,9,273,22,12,34,307
01/19/2018,OMA,NE,ACE,CE,Towers with Radar,140,65,19,1,225,0,0,19,0,19,140,65,38,1,244,68,0,68,312
01/20/2018,OMA,NE,ACE,CE,Towers with Radar,101,45,17,4,167,0,1,14,0,15,101,46,31,4,182,32,2,34,216
01/21/2018,OMA,NE,ACE,CE,Towers with Radar,112,33,17,0,162,0,0,0,0,0,112,33,17,0,162,0,0,0,162
01/22/2018,OMA,NE,ACE,CE,Towers with Radar,129,30,19,0,178,0,0,0,0,0,129,30,19,0,178,0,0,0,178
01/23/2018,OMA,NE,ACE,CE,Towers with Radar,130,69,39,0,238,0,0,1,0,1,130,69,40,0,239,0,0,0,239
01/24/2018,OMA,NE,ACE,CE,Towers with Radar,138,81,37,4,260,0,1,1,2,4,138,82,38,6,264,0,0,0,264
01/25/2018,OMA,NE,ACE,CE,Towers with Radar,138,54,27,0,219,0,5,16,0,21,138,59,43,0,240,26,0,26,266
01/26/2018,OMA,NE,ACE,CE,Towers with Radar,143,77,34,10,264,0,2,1,0,3,143,79,35,10,267,6,0,6,273
01/27/2018,OMA,NE,ACE,CE,Towers with Radar,106,33,16,18,173,0,0,21,6,27,106,33,37,24,200,94,18,112,312
01/28/2018,OMA,NE,ACE,CE,Towers with Radar,112,36,27,1,176,0,0,1,0,1,112,36,28,1,177,12,0,12,189
01/29/2018,OMA,NE,ACE,CE,Towers with Radar,131,54,43,0,228,0,0,13,0,13,131,54,56,0,241,30,0,30,271
01/30/2018,OMA,NE,ACE,CE,Towers with Radar,128,62,43,14,247,0,0,3,0,3,128,62,46,14,250,4,10,14,264
01/31/2018,OMA,NE,ACE,CE,Towers with Radar,136,63,43,3,245,0,0,6,3,9,136,63,49,6,254,6,6,12,266
02/01/2018,OMA,NE,ACE,CE,Towers with Radar,134,76,44,4,258,0,1,6,0,7,134,77,50,4,265,24,2,26,291
02/02/2018,OMA,NE,ACE,CE,Towers with Radar,130,69,23,0,222,0,3,8,0,11,130,72,31,0,233,40,0,40,273
02/03/2018,OMA,NE,ACE,CE,Towers with Radar,98,42,11,0,151,0,2,10,0,12,98,44,21,0,163,28,0,28,191
02/04/2018,OMA,NE,ACE,CE,Towers with Radar,96,37,17,0,150,0,2,1,0,3,96,39,18,0,153,0,0,0,153
02/05/2018,OMA,NE,ACE,CE,Towers with Radar,123,64,28,0,215,0,0,1,0,1,123,64,29,0,216,0,0,0,216
02/06/2018,OMA,NE,ACE,CE,Towers with Radar,125,61,38,0,224,0,0,1,0,1,125,61,39,0,225,6,0,6,231
02/07/2018,OMA,NE,ACE,CE,Towers with Radar,134,81,34,2,251,0,1,4,0,5,134,82,38,2,256,4,2,6,262
02/08/2018,OMA,NE,ACE,CE,Towers with Radar,134,84,43,0,261,0,0,5,2,7,134,84,48,2,268,2,0,2,270
02/09/2018,OMA,NE,ACE,CE,Towers with Radar,126,60,31,0,217,0,1,2,0,3,126,61,33,0,220,0,0,0,220
02/10/2018,OMA,NE,ACE,CE,Towers with Radar,105,38,14,1,158,0,0,10,0,10,105,38,24,1,168,8,0,8,176
02/11/2018,OMA,NE,ACE,CE,Towers with Radar,103,37,15,1,156,0,0,13,0,13,103,37,28,1,169,50,0,50,219
02/12/2018,OMA,NE,ACE,CE,Towers with Radar,131,59,31,2,223,0,0,9,1,10,131,59,40,3,233,10,0,10,243
02/13/2018,OMA,NE,ACE,CE,Towers with Radar,128,72,35,0,235,0,0,14,0,14,128,72,49,0,249,34,0,34,283
02/14/2018,OMA,NE,ACE,CE,Towers with Radar,130,68,23,4,225,0,1,9,0,10,130,69,32,4,235,14,4,18,253
02/15/2018,OMA,NE,ACE,CE,Towers with Radar,141,66,58,0,265,0,2,9,0,11,141,68,67,0,276,20,0,20,296
02/16/2018,OMA,NE,ACE,CE,Towers with Radar,142,75,33,2,252,0,0,14,0,14,142,75,47,2,266,22,0,22,288
02/17/2018,OMA,NE,ACE,CE,Towers with Radar,104,32,31,0,167,0,0,10,2,12,104,32,41,2,179,14,0,14,193
02/18/2018,OMA,NE,ACE,CE,Towers with Radar,112,36,26,0,174,0,0,3,0,3,112,36,29,0,177,0,0,0,177
02/19/2018,OMA,NE,ACE,CE,Towers with Radar,129,64,31,0,224,0,0,0,0,0,129,64,31,0,224,0,0,0,224
02/20/2018,OMA,NE,ACE,CE,Towers with Radar,135,72,48,16,271,0,0,0,0,0,135,72,48,16,271,12,16,28,299
02/21/2018,OMA,NE,ACE,CE,Towers with Radar,140,73,37,7,257,0,2,7,0,9,140,75,44,7,266,6,4,10,276
02/22/2018,OMA,NE,ACE,CE,Towers with Radar,138,58,21,1,218,0,0,0,0,0,138,58,21,1,218,0,0,0,218
02/23/2018,OMA,NE,ACE,CE,Towers with Radar,140,84,47,2,273,0,1,2,0,3,140,85,49,2,276,14,0,14,290
02/24/2018,OMA,NE,ACE,CE,Towers with Radar,100,29,11,0,140,0,0,0,0,0,100,29,11,0,140,0,0,0,140
02/25/2018,OMA,NE,ACE,CE,Towers with Radar,120,44,14,0,178,0,0,12,0,12,120,44,26,0,190,32,0,32,222
02/26/2018,OMA,NE,ACE,CE,Towers with Radar,139,69,37,1,246,0,0,21,1,22,139,69,58,2,268,28,0,28,296
02/27/2018,OMA,NE,ACE,CE,Towers with Radar,132,74,41,9,256,0,1,11,0,12,132,75,52,9,268,34,0,34,302
02/28/2018,OMA,NE,ACE,CE,Towers with Radar,138,73,43,6,260,0,0,0,0,0,138,73,43,6,260,2,2,4,264
03/01/2018,OMA,NE,ACE,CE,Towers with Radar,134,70,35,4,243,0,1,15,2,18,134,71,50,6,261,20,0,20,281
03/02/2018,OMA,NE,ACE,CE,Towers with Radar,138,83,34,4,259,0,2,8,0,10,138,85,42,4,269,22,2,24,293
03/03/2018,OMA,NE,ACE,CE,Towers with Radar,105,37,24,0,166,0,0,12,0,12,105,37,36,0,178,26,0,26,204
03/04/2018,OMA,NE,ACE,CE,Towers with Radar,119,33,15,0,167,0,0,3,0,3,119,33,18,0,170,0,0,0,170
03/05/2018,OMA,NE,ACE,CE,Towers with Radar,139,42,36,1,218,0,0,0,0,0,139,42,36,1,218,0,0,0,218
03/06/2018,OMA,NE,ACE,CE,Towers with Radar,142,59,32,1,234,0,0,0,0,0,142,59,32,1,234,0,0,0,234
03/07/2018,OMA,NE,ACE,CE,Towers with Radar,137,81,41,3,262,0,2,3,0,5,137,83,44,3,267,16,0,16,283
03/08/2018,OMA,NE,ACE,CE,Towers with Radar,144,62,46,4,256,0,0,19,1,20,144,62,65,5,276,8,0,8,284
03/09/2018,OMA,NE,ACE,CE,Towers with Radar,150,72,51,5,278,0,1,19,2,22,150,73,70,7,300,34,0,34,334
03/10/2018,OMA,NE,ACE,CE,Towers with Radar,124,40,21,0,185,0,0,14,0,14,124,40,35,0,199,32,0,32,231
03/11/2018,OMA,NE,ACE,CE,Towers with Radar,134,45,18,0,197,0,0,0,0,0,134,45,18,0,197,0,0,0,197
03/12/2018,OMA,NE,ACE,CE,Towers with Radar,141,63,39,0,243,0,0,13,1,14,141,63,52,1,257,14,0,14,271
03/13/2018,OMA,NE,ACE,CE,Towers with Radar,144,69,33,3,249,0,2,19,2,23,144,71,52,5,272,30,0,30,302
03/14/2018,OMA,NE,ACE,CE,Towers with Radar,149,66,38,1,254,0,0,14,1,15,149,66,52,2,269,6,0,6,275
03/15/2018,OMA,NE,ACE,CE,Towers with Radar,148,75,37,0,260,0,1,16,1,18,148,76,53,1,278,26,0,26,304
03/16/2018,OMA,NE,ACE,CE,Towers with Radar,145,70,26,0,241,0,0,0,0,0,145,70,26,0,241,4,0,4,245
03/17/2018,OMA,NE,ACE,CE,Towers with Radar,129,35,30,4,198,0,0,0,0,0,129,35,30,4,198,0,0,0,198
03/18/2018,OMA,NE,ACE,CE,Towers with Radar,131,30,21,2,184,0,0,1,0,1,131,30,22,2,185,0,0,0,185
03/19/2018,OMA,NE,ACE,CE,Towers with Radar,142,54,29,0,225,0,0,9,0,9,142,54,38,0,234,18,0,18,252
03/20/2018,OMA,NE,ACE,CE,Towers with Radar,143,81,37,0,261,0,0,2,0,2,143,81,39,0,263,16,0,16,279
03/21/2018,OMA,NE,ACE,CE,Towers with Radar,149,79,52,2,282,0,0,28,1,29,149,79,80,3,311,24,0,24,335
03/22/2018,OMA,NE,ACE,CE,Towers with Radar,149,72,55,2,278,0,0,30,0,30,149,72,85,2,308,34,0,34,342
03/23/2018,OMA,NE,ACE,CE,Towers with Radar,145,90,55,0,290,0,0,5,0,5,145,90,60,0,295,0,0,0,295
03/24/2018,OMA,NE,ACE,CE,Towers with Radar,123,45,23,4,195,0,0,2,0,2,123,45,25,4,197,0,0,0,197
03/25/2018,OMA,NE,ACE,CE,Towers with Radar,137,66,50,1,254,0,0,3,0,3,137,66,53,1,257,18,0,18,275
03/26/2018,OMA,NE,ACE,CE,Towers with Radar,143,51,39,1,234,0,0,0,0,0,143,51,39,1,234,0,0,0,234
03/27/2018,OMA,NE,ACE,CE,Towers with Radar,136,76,55,8,275,0,0,8,0,8,136,76,63,8,283,30,2,32,315
03/28/2018,OMA,NE,ACE,CE,Towers with Radar,144,74,53,10,281,0,0,12,2,14,144,74,65,12,295,8,4,12,307
03/29/2018,OMA,NE,ACE,CE,Towers with Radar,146,71,38,42,297,0,3,12,0,15,146,74,50,42,312,40,32,72,384
03/30/2018,OMA,NE,ACE,CE,Towers with Radar,147,66,38,16,267,0,2,23,4,29,147,68,61,20,296,28,12,40,336
03/31/2018,OMA,NE,ACE,CE,Towers with Radar,120,35,7,4,166,0,0,4,0,4,120,35,11,4,170,0,0,0,170
04/01/2018,OMA,NE,ACE,CE,Towers with Radar,128,34,13,0,175,0,0,8,0,8,128,34,21,0,183,6,0,6,189
04/02/2018,OMA,NE,ACE,CE,Towers with Radar,141,67,35,6,249,0,0,0,0,0,141,67,35,6,249,2,8,10,259
04/03/2018,OMA,NE,ACE,CE,Towers with Radar,133,61,28,4,226,0,0,2,0,2,133,61,30,4,228,0,0,0,228
04/04/2018,OMA,NE,ACE,CE,Towers with Radar,150,72,36,0,258,0,1,13,0,14,150,73,49,0,272,14,0,14,286
04/05/2018,OMA,NE,ACE,CE,Towers with Radar,145,57,40,2,244,0,0,18,0,18,145,57,58,2,262,26,2,28,290
04/06/2018,OMA,NE,ACE,CE,Towers with Radar,142,62,36,2,242,0,0,2,0,2,142,62,38,2,244,2,0,2,246
04/07/2018,OMA,NE,ACE,CE,Towers with Radar,121,33,27,0,181,0,0,21,0,21,121,33,48,0,202,42,0,42,244
04/08/2018,OMA,NE,ACE,CE,Towers with Radar,132,47,21,0,200,0,0,4,0,4,132,47,25,0,204,16,0,16,220
04/09/2018,OMA,NE,ACE,CE,Towers with Radar,145,53,33,0,231,0,0,4,0,4,145,53,37,0,235,0,0,0,235
04/10/2018,OMA,NE,ACE,CE,Towers with Radar,147,65,48,18,278,0,1,7,0,8,147,66,55,18,286,10,10,20,306
04/11/2018,OMA,NE,ACE,CE,Towers with Radar,154,79,42,0,275,0,1,18,0,19,154,80,60,0,294,28,0,28,322
04/12/2018,OMA,NE,ACE,CE,Towers with Radar,152,57,53,3,265,0,1,9,0,10,152,58,62,3,275,2,0,2,277
04/13/2018,OMA,NE,ACE,CE,Towers with Radar,156,46,41,3,246,0,0,1,0,1,156,46,42,3,247,4,0,4,251
04/14/2018,OMA,NE,ACE,CE,Towers with Radar,102,23,6,0,131,0,0,0,0,0,102,23,6,0,131,0,0,0,131
04/15/2018,OMA,NE,ACE,CE,Towers with Radar,131,28,16,4,179,0,0,1,0,1,131,28,17,4,180,0,0,0,180
04/16/2018,OMA,NE,ACE,CE,Towers with Radar,147,46,28,2,223,0,2,7,2,11,147,48,35,4,234,34,0,34,268
04/17/2018,OMA,NE,ACE,CE,Towers with Radar,145,53,61,4,263,0,0,21,0,21,145,53,82,4,284,46,0,46,330
04/18/2018,OMA,NE,ACE,CE,Towers with Radar,152,68,37,0,257,0,0,2,0,2,152,68,39,0,259,0,0,0,259
04/19/2018,OMA,NE,ACE,CE,Towers with Radar,156,52,49,0,257,0,0,14,0,14,156,52,63,0,271,34,0,34,305
04/20/2018,OMA,NE,ACE,CE,Towers with Radar,153,58,51,0,262,0,0,29,0,29,153,58,80,0,291,40,0,40,331
04/21/2018,OMA,NE,ACE,CE,Towers with Radar,114,36,21,15,186,0,0,20,0,20,114,36,41,15,206,38,0,38,244
04/22/2018,OMA,NE,ACE,CE,Towers with Radar,135,34,19,9,197,0,0,26,4,30,135,34,45,13,227,8,12,20,247
04/23/2018,OMA,NE,ACE,CE,Towers with Radar,147,52,31,6,236,0,0,15,0,15,147,52,46,6,251,44,2,46,297
04/24/2018,OMA,NE,ACE,CE,Towers with Radar,145,55,37,8,245,0,0,8,0,8,145,55,45,8,253,4,2,6,259
04/25/2018,OMA,NE,ACE,CE,Towers with Radar,149,60,51,0,260,0,0,31,14,45,149,60,82,14,305,20,0,20,325
04/26/2018,OMA,NE,ACE,CE,Towers with Radar,153,58,49,0,260,0,0,10,3,13,153,58,59,3,273,20,0,20,293
04/27/2018,OMA,NE,ACE,CE,Towers with Radar,150,50,28,6,234,0,0,14,2,16,150,50,42,8,250,22,6,28,278
04/28/2018,OMA,NE,ACE,CE,Towers with Radar,118,28,35,12,193,0,2,24,0,26,118,30,59,12,219,60,0,60,279
04/29/2018,OMA,NE,ACE,CE,Towers with Radar,133,45,18,2,198,0,0,10,1,11,133,45,28,3,209,0,0,0,209
04/30/2018,OMA,NE,ACE,CE,Towers with Radar,151,40,30,0,221,0,0,5,0,5,151,40,35,0,226,6,0,6,232
05/01/2018,OMA,NE,ACE,CE,Towers with Radar,152,56,42,8,258,0,1,0,0,1,152,57,42,8,259,14,0,14,273
05/02/2018,OMA,NE,ACE,CE,Towers with Radar,159,68,42,0,269,0,0,0,0,0,159,68,42,0,269,0,0,0,269
05/03/2018,OMA,NE,ACE,CE,Towers with Radar,159,95,75,3,332,0,0,0,0,0,159,95,75,3,332,2,0,2,334
05/04/2018,OMA,NE,ACE,CE,Towers with Radar,173,113,99,5,390,0,0,20,0,20,173,113,119,5,410,0,12,12,422
05/05/2018,OMA,NE,ACE,CE,Towers with Radar,139,86,79,2,306,0,0,27,1,28,139,86,106,3,334,50,2,52,386
05/06/2018,OMA,NE,ACE,CE,Towers with Radar,163,83,72,0,318,0,1,10,5,16,163,84,82,5,334,10,0,10,344
05/07/2018,OMA,NE,ACE,CE,Towers with Radar,167,51,56,0,274,0,0,15,0,15,167,51,71,0,289,22,0,22,311
05/08/2018,OMA,NE,ACE,CE,Towers with Radar,164,54,53,1,272,0,0,5,1,6,164,54,58,2,278,10,0,10,288
05/09/2018,OMA,NE,ACE,CE,Towers with Radar,162,65,47,8,282,0,0,11,0,11,162,65,58,8,293,26,8,34,327
05/10/2018,OMA,NE,ACE,CE,Towers with Radar,169,51,43,8,271,0,4,18,0,22,169,55,61,8,293,14,6,20,313
05/11/2018,OMA,NE,ACE,CE,Towers with Radar,173,58,25,0,256,0,0,1,0,1,173,58,26,0,257,2,0,2,259
05/12/2018,OMA,NE,ACE,CE,Towers with Radar,131,29,22,0,182,0,0,0,0,0,131,29,22,0,182,18,0,18,200
05/13/2018,OMA,NE,ACE,CE,Towers with Radar,142,23,13,0,178,0,1,4,0,5,142,24,17,0,183,2,0,2,185
05/14/2018,OMA,NE,ACE,CE,Towers with Radar,165,43,38,5,251,0,0,5,0,5,165,43,43,5,256,16,0,16,272
05/15/2018,OMA,NE,ACE,CE,Towers with Radar,157,51,55,8,271,0,0,5,0,5,157,51,60,8,276,46,6,52,328
05/16/2018,OMA,NE,ACE,CE,Towers with Radar,178,50,58,13,299,0,0,13,4,17,178,50,71,17,316,40,14,54,370
05/17/2018,OMA,NE,ACE,CE,Towers with Radar,171,49,52,0,272,0,0,30,0,30,171,49,82,0,302,12,0,12,314
05/18/2018,OMA,NE,ACE,CE,Towers with Radar,177,50,44,5,276,0,0,5,0,5,177,50,49,5,281,30,0,30,311
05/19/2018,OMA,NE,ACE,CE,Towers with Radar,136,34,27,1,198,0,0,1,1,2,136,34,28,2,200,12,0,12,212
05/20/2018,OMA,NE,ACE,CE,Towers with Radar,145,28,23,0,196,0,0,0,0,0,145,28,23,0,196,2,0,2,198
05/21/2018,OMA,NE,ACE,CE,Towers with Radar,178,46,42,4,270,0,0,9,0,9,178,46,51,4,279,6,0,6,285
05/22/2018,OMA,NE,ACE,CE,Towers with Radar,162,59,41,0,262,0,0,14,0,14,162,59,55,0,276,36,0,36,312
05/23/2018,OMA,NE,ACE,CE,Towers with Radar,176,54,53,3,286,0,0,17,0,17,176,54,70,3,303,22,2,24,327
05/24/2018,OMA,NE,ACE,CE,Towers with Radar,172,43,35,5,255,0,1,12,1,14,172,44,47,6,269,34,2,36,305
05/25/2018,OMA,NE,ACE,CE,Towers with Radar,171,62,48,0,281,0,1,17,0,18,171,63,65,0,299,10,0,10,309
05/26/2018,OMA,NE,ACE,CE,Towers with Radar,133,33,16,0,182,0,0,19,0,19,133,33,35,0,201,40,0,40,241
05/27/2018,OMA,NE,ACE,CE,Towers with Radar,125,23,15,0,163,0,0,12,0,12,125,23,27,0,175,16,0,16,191
05/28/2018,OMA,NE,ACE,CE,Towers with Radar,144,19,15,0,178,0,2,10,0,12,144,21,25,0,190,16,0,16,206
05/29/2018,OMA,NE,ACE,CE,Towers with Radar,157,42,30,0,229,0,0,7,0,7,157,42,37,0,236,4,0,4,240
05/30/2018,OMA,NE,ACE,CE,Towers with Radar,173,47,50,3,273,0,2,17,2,21,173,49,67,5,294,10,0,10,304
05/31/2018,OMA,NE,ACE,CE,Towers with Radar,171,68,32,4,275,0,1,27,0,28,171,69,59,4,303,16,2,18,321
06/01/2018,OMA,NE,ACE,CE,Towers with Radar,166,50,40,2,258,0,0,22,2,24,166,50,62,4,282,14,0,14,296
06/02/2018,OMA,NE,ACE,CE,Towers with Radar,138,37,17,2,194,0,1,6,0,7,138,38,23,2,201,0,0,0,201
06/03/2018,OMA,NE,ACE,CE,Towers with Radar,148,44,26,5,223,0,0,22,0,22,148,44,48,5,245,38,4,42,287
06/04/2018,OMA,NE,ACE,CE,Towers with Radar,169,38,41,0,248,0,0,16,0,16,169,38,57,0,264,10,0,10,274
06/05/2018,OMA,NE,ACE,CE,Towers with Radar,164,49,50,2,265,0,0,16,0,16,164,49,66,2,281,28,0,28,309
06/06/2018,OMA,NE,ACE,CE,Towers with Radar,177,45,44,2,268,0,3,12,0,15,177,48,56,2,283,30,0,30,313
06/07/2018,OMA,NE,ACE,CE,Towers with Radar,165,64,51,3,283,0,2,16,0,18,165,66,67,3,301,28,0,28,329
06/08/2018,OMA,NE,ACE,CE,Towers with Radar,179,44,35,0,258,0,2,11,3,16,179,46,46,3,274,36,0,36,310
06/09/2018,OMA,NE,ACE,CE,Towers with Radar,145,35,20,0,200,0,2,18,0,20,145,37,38,0,220,22,0,22,242
06/10/2018,OMA,NE,ACE,CE,Towers with Radar,151,39,29,3,222,0,0,19,0,19,151,39,48,3,241,12,0,12,253
06/11/2018,OMA,NE,ACE,CE,Towers with Radar,174,56,41,0,271,0,0,11,0,11,174,56,52,0,282,6,0,6,288
06/12/2018,OMA,NE,ACE,CE,Towers with Radar,175,56,53,6,290,0,0,10,0,10,175,56,63,6,300,32,0,32,332
06/13/2018,OMA,NE,ACE,CE,Towers with Radar,181,52,59,0,292,0,0,23,0,23,181,52,82,0,315,18,0,18,333
06/14/2018,OMA,NE,ACE,CE,Towers with Radar,174,56,53,8,291,0,1,28,0,29,174,57,81,8,320,38,0,38,358
06/15/2018,OMA,NE,ACE,CE,Towers with Radar,176,62,46,6,290,0,7,21,3,31,176,69,67,9,321,28,4,32,353
06/16/2018,OMA,NE,ACE,CE,Towers with Radar,148,29,37,0,214,0,0,26,0,26,148,29,63,0,240,26,0,26,266
06/17/2018,OMA,NE,ACE,CE,Towers with Radar,159,62,127,1,349,0,0,25,0,25,159,62,152,1,374,28,0,28,402
06/18/2018,OMA,NE,ACE,CE,Towers with Radar,164,63,89,0,316,0,0,9,0,9,164,63,98,0,325,12,0,12,337
06/19/2018,OMA,NE,ACE,CE,Towers with Radar,153,63,81,2,299,0,0,4,0,4,153,63,85,2,303,12,0,12,315
06/20/2018,OMA,NE,ACE,CE,Towers with Radar,180,75,94,1,350,0,0,0,1,1,180,75,94,2,351,8,0,8,359
06/21/2018,OMA,NE,ACE,CE,Towers with Radar,172,55,69,0,296,0,1,2,0,3,172,56,71,0,299,22,0,22,321
06/22/2018,OMA,NE,ACE,CE,Towers with Radar,177,76,79,20,352,0,0,2,0,2,177,76,81,20,354,34,22,56,410
06/23/2018,OMA,NE,ACE,CE,Towers with Radar,148,30,31,8,217,0,1,13,3,17,148,31,44,11,234,50,8,58,292
06/24/2018,OMA,NE,ACE,CE,Towers with Radar,155,33,33,2,223,0,0,20,10,30,155,33,53,12,253,20,0,20,273
06/25/2018,OMA,NE,ACE,CE,Towers with Radar,177,54,80,7,318,0,6,5,0,11,177,60,85,7,329,2,0,2,331
06/26/2018,OMA,NE,ACE,CE,Towers with Radar,153,57,105,2,317,0,6,17,4,27,153,63,122,6,344,4,0,4,348
06/27/2018,OMA,NE,ACE,CE,Towers with Radar,182,67,137,0,386,0,0,38,0,38,182,67,175,0,424,26,0,26,450
06/28/2018,OMA,NE,ACE,CE,Towers with Radar,171,50,130,2,353,0,0,23,0,23,171,50,153,2,376,22,0,22,398
06/29/2018,OMA,NE,ACE,CE,Towers with Radar,170,72,61,0,303,0,0,19,0,19,170,72,80,0,322,2,0,2,324
06/30/2018,OMA,NE,ACE,CE,Towers with Radar,147,44,19,0,210,0,0,35,0,35,147,44,54,0,245,24,0,24,269
07/01/2018,OMA,NE,ACE,CE,Towers with Radar,167,42,27,0,236,0,0,20,0,20,167,42,47,0,256,54,0,54,310
07/02/2018,OMA,NE,ACE,CE,Towers with Radar,148,45,24,0,217,0,0,26,0,26,148,45,50,0,243,46,0,46,289
07/03/2018,OMA,NE,ACE,CE,Towers with Radar,133,56,28,22,239,0,0,30,10,40,133,56,58,32,279,40,16,56,335
07/04/2018,OMA,NE,ACE,CE,Towers with Radar,116,19,20,0,155,0,0,22,0,22,116,19,42,0,177,40,0,40,217
07/05/2018,OMA,NE,ACE,CE,Towers with Radar,140,56,33,0,229,0,0,17,0,17,140,56,50,0,246,20,0,20,266
07/06/2018,OMA,NE,ACE,CE,Towers with Radar,158,50,23,0,231,0,2,24,0,26,158,52,47,0,257,14,0,14,271
07/07/2018,OMA,NE,ACE,CE,Towers with Radar,139,42,20,0,201,0,0,22,0,22,139,42,42,0,223,22,0,22,245
07/08/2018,OMA,NE,ACE,CE,Towers with Radar,157,38,24,0,219,0,2,25,0,27,157,40,49,0,246,28,2,30,276
07/09/2018,OMA,NE,ACE,CE,Towers with Radar,172,66,30,1,269,0,5,19,0,24,172,71,49,1,293,52,2,54,347
07/10/2018,OMA,NE,ACE,CE,Towers with Radar,162,56,36,4,258,0,2,23,1,26,162,58,59,5,284,32,2,34,318
07/11/2018,OMA,NE,ACE,CE,Towers with Radar,170,56,56,0,282,0,0,30,0,30,170,56,86,0,312,54,0,54,366
07/12/2018,OMA,NE,ACE,CE,Towers with Radar,174,69,52,0,295,0,2,25,0,27,174,71,77,0,322,34,0,34,356
07/13/2018,OMA,NE,ACE,CE,Towers with Radar,176,65,35,0,276,0,0,17,0,17,176,65,52,0,293,4,0,4,297
07/14/2018,OMA,NE,ACE,CE,Towers with Radar,141,46,27,0,214,0,0,9,0,9,141,46,36,0,223,10,0,10,233
07/15/2018,OMA,NE,ACE,CE,Towers with Radar,154,35,24,2,215,0,0,18,0,18,154,35,42,2,233,34,0,34,267
07/16/2018,OMA,NE,ACE,CE,Towers with Radar,163,48,47,2,260,0,0,18,0,18,163,48,65,2,278,12,0,12,290
07/17/2018,OMA,NE,ACE,CE,Towers with Radar,165,51,37,0,253,0,0,10,0,10,165,51,47,0,263,26,0,26,289
07/18/2018,OMA,NE,ACE,CE,Towers with Radar,175,78,44,0,297,0,0,10,0,10,175,78,54,0,307,6,0,6,313
07/19/2018,OMA,NE,ACE,CE,Towers with Radar,169,72,33,15,289,0,6,17,1,24,169,78,50,16,313,20,16,36,349
07/20/2018,OMA,NE,ACE,CE,Towers with Radar,173,51,38,4,266,0,0,18,0,18,173,51,56,4,284,46,2,48,332
07/21/2018,OMA,NE,ACE,CE,Towers with Radar,141,41,23,3,208,0,0,20,0,20,141,41,43,3,228,14,0,14,242
07/22/2018,OMA,NE,ACE,CE,Towers with Radar,150,26,23,0,199,0,1,23,2,26,150,27,46,2,225,44,0,44,269
07/23/2018,OMA,NE,ACE,CE,Towers with Radar,168,44,48,20,280,0,1,19,0,20,168,45,67,20,300,16,14,30,330
07/24/2018,OMA,NE,ACE,CE,Towers with Radar,157,62,33,8,260,0,1,9,0,10,157,63,42,8,270,18,4,22,292
07/25/2018,OMA,NE,ACE,CE,Towers with Radar,177,71,43,11,302,0,1,8,2,11,177,72,51,13,313,14,6,20,333
07/26/2018,OMA,NE,ACE,CE,Towers with Radar,170,68,46,11,295,0,0,17,1,18,170,68,63,12,313,32,10,42,355
07/27/2018,OMA,NE,ACE,CE,Towers with Radar,167,53,33,13,266,0,0,21,4,25,167,53,54,17,291,14,16,30,321
07/28/2018,OMA,NE,ACE,CE,Towers with Radar,133,36,14,1,184,0,0,3,0,3,133,36,17,1,187,0,0,0,187
07/29/2018,OMA,NE,ACE,CE,Towers with Radar,160,38,36,0,234,0,0,15,0,15,160,38,51,0,249,58,0,58,307
07/30/2018,OMA,NE,ACE,CE,Towers with Radar,171,38,40,14,263,0,2,21,0,23,171,40,61,14,286,60,12,72,358
07/31/2018,OMA,NE,ACE,CE,Towers with Radar,156,63,45,9,273,0,0,20,4,24,156,63,65,13,297,36,2,38,335
08/01/2018,OMA,NE,ACE,CE,Towers with Radar,178,55,45,11,289,0,2,14,2,18,178,57,59,13,307,24,0,24,331
08/02/2018,OMA,NE,ACE,CE,Towers with Radar,165,73,59,23,320,0,2,25,1,28,165,75,84,24,348,30,12,42,390
08/03/2018,OMA,NE,ACE,CE,Towers with Radar,171,66,36,4,277,0,4,10,1,15,171,70,46,5,292,6,0,6,298
08/04/2018,OMA,NE,ACE,CE,Towers with Radar,150,43,9,2,204,0,13,6,0,19,150,56,15,2,223,16,0,16,239
08/05/2018,OMA,NE,ACE,CE,Towers with Radar,160,36,20,0,216,0,2,12,0,14,160,38,32,0,230,2,0,2,232
08/06/2018,OMA,NE,ACE,CE,Towers with Radar,162,52,34,0,248,0,0,5,0,5,162,52,39,0,253,4,0,4,257
08/07/2018,OMA,NE,ACE,CE,Towers with Radar,157,60,52,6,275,0,0,7,0,7,157,60,59,6,282,10,6,16,298
08/08/2018,OMA,NE,ACE,CE,Towers with Radar,168,66,48,17,299,0,0,23,0,23,168,66,71,17,322,42,0,42,364
08/09/2018,OMA,NE,ACE,CE,Towers with Radar,157,63,49,34,303,0,0,22,4,26,157,63,71,38,329,26,6,32,361
08/10/2018,OMA,NE,ACE,CE,Towers with Radar,173,56,34,15,278,0,0,24,1,25,173,56,58,16,303,58,20,78,381
08/11/2018,OMA,NE,ACE,CE,Towers with Radar,132,37,20,17,206,0,1,37,1,39,132,38,57,18,245,56,4,60,305
08/12/2018,OMA,NE,ACE,CE,Towers with Radar,149,43,27,15,234,0,0,22,0,22,149,43,49,15,256,22,0,22,278
08/13/2018,OMA,NE,ACE,CE,Towers with Radar,153,52,42,3,250,0,0,19,0,19,153,52,61,3,269,38,0,38,307
08/14/2018,OMA,NE,ACE,CE,Towers with Radar,158,62,34,1,255,0,0,2,0,2,158,62,36,1,257,0,0,0,257
08/15/2018,OMA,NE,ACE,CE,Towers with Radar,167,64,57,4,292,0,0,7,0,7,167,64,64,4,299,10,0,10,309
08/16/2018,OMA,NE,ACE,CE,Towers with Radar,166,69,39,0,274,0,0,12,0,12,166,69,51,0,286,26,0,26,312
08/17/2018,OMA,NE,ACE,CE,Towers with Radar,168,57,53,2,280,0,3,17,1,21,168,60,70,3,301,16,0,16,317
08/18/2018,OMA,NE,ACE,CE,Towers with Radar,128,35,23,1,187,0,0,18,0,18,128,35,41,1,205,12,0,12,217
08/19/2018,OMA,NE,ACE,CE,Towers with Radar,154,49,14,0,217,0,0,0,0,0,154,49,14,0,217,0,0,0,217
08/20/2018,OMA,NE,ACE,CE,Towers with Radar,165,57,32,0,254,0,0,3,0,3,165,57,35,0,257,10,0,10,267
08/21/2018,OMA,NE,ACE,CE,Towers with Radar,160,52,56,2,270,0,0,24,0,24,160,52,80,2,294,24,2,26,320
08/22/2018,OMA,NE,ACE,CE,Towers with Radar,176,56,45,3,280,0,0,20,1,21,176,56,65,4,301,14,0,14,315
08/23/2018,OMA,NE,ACE,CE,Towers with Radar,168,65,52,20,305,0,0,4,0,4,168,65,56,20,309,0,0,0,309
08/24/2018,OMA,NE,ACE,CE,Towers with Radar,180,55,50,1,286,0,3,11,0,14,180,58,61,1,300,16,0,16,316
08/25/2018,OMA,NE,ACE,CE,Towers with Radar,121,32,18,1,172,0,0,28,0,28,121,32,46,1,200,80,0,80,280
08/26/2018,OMA,NE,ACE,CE,Towers with Radar,142,30,11,0,183,0,0,6,0,6,142,30,17,0,189,8,0,8,197
08/27/2018,OMA,NE,ACE,CE,Towers with Radar,162,55,44,3,264,0,0,14,0,14,162,55,58,3,278,42,0,42,320
08/28/2018,OMA,NE,ACE,CE,Towers with Radar,154,55,26,1,236,0,0,0,0,0,154,55,26,1,236,0,0,0,236
08/29/2018,OMA,NE,ACE,CE,Towers with Radar,175,52,47,11,285,0,0,27,20,47,175,52,74,31,332,18,16,34,366
08/30/2018,OMA,NE,ACE,CE,Towers with Radar,160,64,37,1,262,0,2,6,0,8,160,66,43,1,270,2,0,2,272
08/31/2018,OMA,NE,ACE,CE,Towers with Radar,181,64,25,1,271,0,0,1,0,1,181,64,26,1,272,0,0,0,272
09/01/2018,OMA,NE,ACE,CE,Towers with Radar,113,24,18,0,155,0,1,17,0,18,113,25,35,0,173,20,0,20,193
09/02/2018,OMA,NE,ACE,CE,Towers with Radar,108,23,9,0,140,0,0,1,0,1,108,23,10,0,141,6,0,6,147
09/03/2018,OMA,NE,ACE,CE,Towers with Radar,137,32,17,0,186,0,0,5,0,5,137,32,22,0,191,8,0,8,199
09/04/2018,OMA,NE,ACE,CE,Towers with Radar,155,51,28,0,234,0,0,1,0,1,155,51,29,0,235,10,0,10,245
09/05/2018,OMA,NE,ACE,CE,Towers with Radar,156,43,43,2,244,0,0,7,0,7,156,43,50,2,251,30,0,30,281
09/06/2018,OMA,NE,ACE,CE,Towers with Radar,160,66,41,54,321,0,0,13,7,20,160,66,54,61,341,60,22,82,423
09/07/2018,OMA,NE,ACE,CE,Towers with Radar,169,56,31,61,317,0,1,2,0,3,169,57,33,61,320,2,58,60,380
09/08/2018,OMA,NE,ACE,CE,Towers with Radar,120,33,15,6,174,0,0,14,2,16,120,33,29,8,190,50,6,56,246
09/09/2018,OMA,NE,ACE,CE,Towers with Radar,151,31,31,4,217,0,3,29,3,35,151,34,60,7,252,46,8,54,306
09/10/2018,OMA,NE,ACE,CE,Towers with Radar,161,42,39,29,271,0,1,20,1,22,161,43,59,30,293,24,26,50,343
09/11/2018,OMA,NE,ACE,CE,Towers with Radar,163,61,50,3,277,0,0,15,1,16,163,61,65,4,293,2,0,2,295
09/12/2018,OMA,NE,ACE,CE,Towers with Radar,174,50,65,8,297,0,0,8,0,8,174,50,73,8,305,16,8,24,329
09/13/2018,OMA,NE,ACE,CE,Towers with Radar,172,47,53,25,297,0,0,7,0,7,172,47,60,25,304,2,2,4,308
09/14/2018,OMA,NE,ACE,CE,Towers with Radar,174,50,50,61,335,0,2,32,4,38,174,52,82,65,373,30,62,92,465
09/15/2018,OMA,NE,ACE,CE,Towers with Radar,121,27,15,2,165,0,1,29,0,30,121,28,44,2,195,26,0,26,221
09/16/2018,OMA,NE,ACE,CE,Towers with Radar,146,32,24,0,202,0,0,23,0,23,146,32,47,0,225,34,0,34,259
09/17/2018,OMA,NE,ACE,CE,Towers with Radar,166,27,40,0,233,0,0,28,1,29,166,27,68,1,262,60,0,60,322
09/18/2018,OMA,NE,ACE,CE,Towers with Radar,166,59,50,0,275,0,1,17,1,19,166,60,67,1,294,80,0,80,374
09/19/2018,OMA,NE,ACE,CE,Towers with Radar,171,67,42,0,280,0,0,14,0,14,171,67,56,0,294,16,0,16,310
09/20/2018,OMA,NE,ACE,CE,Towers with Radar,175,50,31,0,256,0,0,9,0,9,175,50,40,0,265,4,0,4,269
09/21/2018,OMA,NE,ACE,CE,Towers with Radar,175,57,60,58,350,0,1,12,0,13,175,58,72,58,363,22,38,60,423
09/22/2018,OMA,NE,ACE,CE,Towers with Radar,122,35,33,11,201,0,3,24,1,28,122,38,57,12,229,20,6,26,255
09/23/2018,OMA,NE,ACE,CE,Towers with Radar,151,44,33,2,230,0,0,31,0,31,151,44,64,2,261,22,0,22,283
09/24/2018,OMA,NE,ACE,CE,Towers with Radar,171,41,36,8,256,0,3,16,0,19,171,44,52,8,275,26,0,26,301
09/25/2018,OMA,NE,ACE,CE,Towers with Radar,162,53,44,20,279,0,0,6,0,6,162,53,50,20,285,6,20,26,311
09/26/2018,OMA,NE,ACE,CE,Towers with Radar,172,59,52,4,287,0,5,33,2,40,172,64,85,6,327,16,0,16,343
09/27/2018,OMA,NE,ACE,CE,Towers with Radar,172,63,62,14,311,0,1,23,2,26,172,64,85,16,337,30,4,34,371
09/28/2018,OMA,NE,ACE,CE,Towers with Radar,178,68,30,0,276,0,2,5,0,7,178,70,35,0,283,0,0,0,283
09/29/2018,OMA,NE,ACE,CE,Towers with Radar,120,26,24,0,170,0,0,3,0,3,120,26,27,0,173,12,0,12,185
09/30/2018,OMA,NE,ACE,CE,Towers with Radar,147,48,30,0,225,0,0,0,0,0,147,48,30,0,225,0,2,2,227
10/01/2018,OMA,NE,ACE,CE,Towers with Radar,159,38,45,0,242,0,0,0,0,0,159,38,45,0,242,8,0,8,250
10/02/2018,OMA,NE,ACE,CE,Towers with Radar,166,54,53,4,277,0,0,13,0,13,166,54,66,4,290,44,2,46,336
10/03/2018,OMA,NE,ACE,CE,Towers with Radar,173,49,53,0,275,0,0,6,2,8,173,49,59,2,283,0,0,0,283
10/04/2018,OMA,NE,ACE,CE,Towers with Radar,166,61,62,3,292,0,1,19,0,20,166,62,81,3,312,28,0,28,340
10/05/2018,OMA,NE,ACE,CE,Towers with Radar,166,56,50,2,274,0,0,0,0,0,166,56,50,2,274,0,0,0,274
10/06/2018,OMA,NE,ACE,CE,Towers with Radar,122,26,33,4,185,0,0,13,1,14,122,26,46,5,199,30,0,30,229
10/07/2018,OMA,NE,ACE,CE,Towers with Radar,147,29,18,1,195,0,0,1,0,1,147,29,19,1,196,0,0,0,196
10/08/2018,OMA,NE,ACE,CE,Towers with Radar,168,48,35,1,252,0,0,0,0,0,168,48,35,1,252,0,0,0,252
10/09/2018,OMA,NE,ACE,CE,Towers with Radar,159,46,40,0,245,0,0,0,0,0,159,46,40,0,245,2,0,2,247
10/10/2018,OMA,NE,ACE,CE,Towers with Radar,168,71,42,4,285,0,2,6,0,8,168,73,48,4,293,2,0,2,295
10/11/2018,OMA,NE,ACE,CE,Towers with Radar,165,63,53,1,282,0,1,32,0,33,165,64,85,1,315,34,0,34,349
10/12/2018,OMA,NE,ACE,CE,Towers with Radar,173,70,43,4,290,0,0,2,0,2,173,70,45,4,292,0,0,0,292
10/13/2018,OMA,NE,ACE,CE,Towers with Radar,124,33,27,1,185,0,0,26,1,27,124,33,53,2,212,30,0,30,242
10/14/2018,OMA,NE,ACE,CE,Towers with Radar,149,32,21,0,202,0,0,0,0,0,149,32,21,0,202,0,0,0,202
10/15/2018,OMA,NE,ACE,CE,Towers with Radar,161,42,37,15,255,0,0,28,0,28,161,42,65,15,283,56,12,68,351
10/16/2018,OMA,NE,ACE,CE,Towers with Radar,166,60,63,4,293,0,1,20,1,22,166,61,83,5,315,40,0,40,355
10/17/2018,OMA,NE,ACE,CE,Towers with Radar,170,55,54,3,282,0,0,28,0,28,170,55,82,3,310,36,4,40,350
10/18/2018,OMA,NE,ACE,CE,Towers with Radar,168,67,46,4,285,0,1,34,0,35,168,68,80,4,320,34,0,34,354
10/19/2018,OMA,NE,ACE,CE,Towers with Radar,166,56,34,57,313,0,4,20,1,25,166,60,54,58,338,26,44,70,408
10/20/2018,OMA,NE,ACE,CE,Towers with Radar,125,29,22,8,184,0,1,21,0,22,125,30,43,8,206,24,0,24,230
10/21/2018,OMA,NE,ACE,CE,Towers with Radar,153,44,28,0,225,0,3,19,0,22,153,47,47,0,247,32,0,32,279
10/22/2018,OMA,NE,ACE,CE,Towers with Radar,165,45,50,11,271,0,0,24,2,26,165,45,74,13,297,10,0,10,307
10/23/2018,OMA,NE,ACE,CE,Towers with Radar,162,50,55,1,268,0,0,22,0,22,162,50,77,1,290,38,0,38,328
10/24/2018,OMA,NE,ACE,CE,Towers with Radar,172,63,43,3,281,0,0,12,0,12,172,63,55,3,293,20,0,20,313
10/25/2018,OMA,NE,ACE,CE,Towers with Radar,172,53,52,2,279,0,0,9,0,9,172,53,61,2,288,8,0,8,296
10/26/2018,OMA,NE,ACE,CE,Towers with Radar,174,59,56,3,292,0,1,11,2,14,174,60,67,5,306,0,0,0,306
10/27/2018,OMA,NE,ACE,CE,Towers with Radar,121,31,25,3,180,0,0,35,0,35,121,31,60,3,215,42,0,42,257
10/28/2018,OMA,NE,ACE,CE,Towers with Radar,143,34,28,2,207,0,3,15,1,19,143,37,43,3,226,4,0,4,230
10/29/2018,OMA,NE,ACE,CE,Towers with Radar,149,45,35,0,229,0,0,18,0,18,149,45,53,0,247,34,0,34,281
10/30/2018,OMA,NE,ACE,CE,Towers with Radar,147,51,46,7,251,0,2,14,0,16,147,53,60,7,267,40,0,40,307
10/31/2018,OMA,NE,ACE,CE,Towers with Radar,132,53,35,2,222,0,0,15,0,15,132,53,50,2,237,48,0,48,285
11/01/2018,OMA,NE,ACE,CE,Towers with Radar,152,70,40,7,269,0,0,17,10,27,152,70,57,17,296,30,18,48,344
11/02/2018,OMA,NE,ACE,CE,Towers with Radar,162,69,30,1,262,0,4,25,0,29,162,73,55,1,291,52,0,52,343
11/03/2018,OMA,NE,ACE,CE,Towers with Radar,112,30,15,1,158,0,0,1,0,1,112,30,16,1,159,0,0,0,159
11/04/2018,OMA,NE,ACE,CE,Towers with Radar,145,43,20,0,208,0,1,0,0,1,145,44,20,0,209,0,0,0,209
11/05/2018,OMA,NE,ACE,CE,Towers with Radar,154,52,28,5,239,0,0,3,0,3,154,52,31,5,242,0,6,6,248
11/06/2018,OMA,NE,ACE,CE,Towers with Radar,153,66,47,10,276,0,0,12,0,12,153,66,59,10,288,6,16,22,310
11/07/2018,OMA,NE,ACE,CE,Towers with Radar,162,58,60,2,282,0,5,12,0,17,162,63,72,2,299,20,0,20,319
11/08/2018,OMA,NE,ACE,CE,Towers with Radar,160,55,51,1,267,0,0,3,0,3,160,55,54,1,270,14,0,14,284
11/09/2018,OMA,NE,ACE,CE,Towers with Radar,168,61,30,0,259,0,0,6,0,6,168,61,36,0,265,0,0,0,265
11/10/2018,OMA,NE,ACE,CE,Towers with Radar,119,40,16,0,175,0,1,10,0,11,119,41,26,0,186,30,0,30,216
11/11/2018,OMA,NE,ACE,CE,Towers with Radar,145,42,21,0,208,0,0,11,0,11,145,42,32,0,219,0,0,0,219
11/12/2018,OMA,NE,ACE,CE,Towers with Radar,156,63,17,0,236,0,0,12,0,12,156,63,29,0,248,28,0,28,276
11/13/2018,OMA,NE,ACE,CE,Towers with Radar,161,69,30,0,260,0,2,19,0,21,161,71,49,0,281,52,0,52,333
11/14/2018,OMA,NE,ACE,CE,Towers with Radar,175,65,61,2,303,0,2,29,0,31,175,67,90,2,334,14,0,14,348
11/15/2018,OMA,NE,ACE,CE,Towers with Radar,157,53,38,0,248,0,1,22,0,23,157,54,60,0,271,6,0,6,277
11/16/2018,OMA,NE,ACE,CE,Towers with Radar,165,70,49,21,305,0,1,16,0,17,165,71,65,21,322,4,32,36,358
11/17/2018,OMA,NE,ACE,CE,Towers with Radar,130,49,9,0,188,0,0,0,0,0,130,49,9,0,188,0,0,0,188
11/18/2018,OMA,NE,ACE,CE,Towers with Radar,145,37,23,0,205,0,0,15,0,15,145,37,38,0,220,24,0,24,244
11/19/2018,OMA,NE,ACE,CE,Towers with Radar,142,54,28,4,228,0,1,28,2,31,142,55,56,6,259,26,0,26,285
11/20/2018,OMA,NE,ACE,CE,Towers with Radar,170,67,47,3,287,0,2,27,0,29,170,69,74,3,316,28,0,28,344
11/21/2018,OMA,NE,ACE,CE,Towers with Radar,174,67,23,0,264,0,5,21,0,26,174,72,44,0,290,50,0,50,340
11/22/2018,OMA,NE,ACE,CE,Towers with Radar,94,9,9,0,112,0,0,17,0,17,94,9,26,0,129,4,0,4,133
11/23/2018,OMA,NE,ACE,CE,Towers with Radar,111,41,17,2,171,0,3,5,0,8,111,44,22,2,179,0,0,0,179
11/24/2018,OMA,NE,ACE,CE,Towers with Radar,151,44,15,0,210,0,0,29,0,29,151,44,44,0,239,48,0,48,287
11/25/2018,OMA,NE,ACE,CE,Towers with Radar,163,45,29,0,237,0,0,1,0,1,163,45,30,0,238,0,0,0,238
11/26/2018,OMA,NE,ACE,CE,Towers with Radar,143,57,30,0,230,0,2,7,0,9,143,59,37,0,239,14,4,18,257
11/27/2018,OMA,NE,ACE,CE,Towers with Radar,160,57,41,2,260,0,4,13,0,17,160,61,54,2,277,32,0,32,309
11/28/2018,OMA,NE,ACE,CE,Towers with Radar,167,74,52,4,297,0,5,16,0,21,167,79,68,4,318,6,4,10,328
11/29/2018,OMA,NE,ACE,CE,Towers with Radar,169,67,29,0,265,0,5,5,0,10,169,72,34,0,275,0,0,0,275
11/30/2018,OMA,NE,ACE,CE,Towers with Radar,158,56,28,1,243,0,0,1,0,1,158,56,29,1,244,0,0,0,244
12/01/2018,OMA,NE,ACE,CE,Towers with Radar,110,20,19,0,149,0,0,0,0,0,110,20,19,0,149,0,0,0,149
12/02/2018,OMA,NE,ACE,CE,Towers with Radar,135,30,23,0,188,0,0,0,0,0,135,30,23,0,188,0,0,0,188
12/03/2018,OMA,NE,ACE,CE,Towers with Radar,147,61,22,0,230,0,0,2,0,2,147,61,24,0,232,0,0,0,232
12/04/2018,OMA,NE,ACE,CE,Towers with Radar,159,66,38,0,263,0,0,13,0,13,159,66,51,0,276,82,0,82,358
12/05/2018,OMA,NE,ACE,CE,Towers with Radar,168,70,29,0,267,0,3,20,0,23,168,73,49,0,290,22,0,22,312
12/06/2018,OMA,NE,ACE,CE,Towers with Radar,166,54,34,22,276,0,3,16,0,19,166,57,50,22,295,50,0,50,345
12/07/2018,OMA,NE,ACE,CE,Towers with Radar,160,62,42,33,297,0,1,16,9,26,160,63,58,42,323,14,0,14,337
12/08/2018,OMA,NE,ACE,CE,Towers with Radar,112,27,16,10,165,0,0,29,0,29,112,27,45,10,194,30,6,36,230
12/09/2018,OMA,NE,ACE,CE,Towers with Radar,131,33,21,1,186,0,1,17,1,19,131,34,38,2,205,66,0,66,271
12/10/2018,OMA,NE,ACE,CE,Towers with Radar,148,58,32,3,241,0,2,15,0,17,148,60,47,3,258,24,0,24,282
12/11/2018,OMA,NE,ACE,CE,Towers with Radar,157,67,40,2,266,0,3,22,0,25,157,70,62,2,291,60,0,60,351
12/12/2018,OMA,NE,ACE,CE,Towers with Radar,171,71,52,0,294,0,2,31,0,33,171,73,83,0,327,28,0,28,355
12/13/2018,OMA,NE,ACE,CE,Towers with Radar,167,58,57,38,320,0,0,3,0,3,167,58,60,38,323,2,8,10,333
12/14/2018,OMA,NE,ACE,CE,Towers with Radar,160,66,45,14,285,0,1,21,0,22,160,67,66,14,307,8,6,14,321
12/15/2018,OMA,NE,ACE,CE,Towers with Radar,111,37,15,20,183,0,0,22,0,22,111,37,37,20,205,20,8,28,233
12/16/2018,OMA,NE,ACE,CE,Towers with Radar,141,31,11,0,183,0,1,29,0,30,141,32,40,0,213,52,0,52,265
12/17/2018,OMA,NE,ACE,CE,Towers with Radar,149,44,46,0,239,0,1,26,1,28,149,45,72,1,267,44,0,44,311
12/18/2018,OMA,NE,ACE,CE,Towers with Radar,163,66,56,1,286,0,1,15,0,16,163,67,71,1,302,40,0,40,342
12/19/2018,OMA,NE,ACE,CE,Towers with Radar,166,79,56,28,329,0,2,14,0,16,166,81,70,28,345,34,16,50,395
12/20/2018,OMA,NE,ACE,CE,Towers with Radar,165,74,36,2,277,0,0,0,0,0,165,74,36,2,277,0,0,0,277
12/21/2018,OMA,NE,ACE,CE,Towers with Radar,166,66,27,0,259,0,0,1,0,1,166,66,28,0,260,0,0,0,260
12/22/2018,OMA,NE,ACE,CE,Towers with Radar,152,53,30,5,240,0,2,17,0,19,152,55,47,5,259,28,2,30,289
12/23/2018,OMA,NE,ACE,CE,Towers with Radar,149,40,18,0,207,0,0,32,0,32,149,40,50,0,239,44,0,44,283
12/24/2018,OMA,NE,ACE,CE,Towers with Radar,116,33,11,0,160,0,1,5,0,6,116,34,16,0,166,8,0,8,174
12/25/2018,OMA,NE,ACE,CE,Towers with Radar,111,18,12,0,141,0,0,0,0,0,111,18,12,0,141,4,0,4,145
12/26/2018,OMA,NE,ACE,CE,Towers with Radar,161,60,14,0,235,0,0,0,0,0,161,60,14,0,235,8,0,8,243
12/27/2018,OMA,NE,ACE,CE,Towers with Radar,168,42,15,0,225,0,0,0,0,0,168,42,15,0,225,0,0,0,225
12/28/2018,OMA,NE,ACE,CE,Towers with Radar,153,60,41,0,254,0,0,0,0,0,153,60,41,0,254,0,0,0,254
12/29/2018,OMA,NE,ACE,CE,Towers with Radar,148,45,17,2,212,0,0,10,0,10,148,45,27,2,222,22,0,22,244
12/30/2018,OMA,NE,ACE,CE,Towers with Radar,146,28,29,0,203,0,2,26,0,28,146,30,55,0,231,46,0,46,277
12/31/2018,OMA,NE,ACE,CE,Towers with Radar,118,37,5,0,160,0,0,2,0,2,118,37,7,0,162,0,0,0,162
01/01/2019,OMA,NE,ACE,CE,Towers with Radar,113,19,11,0,143,0,2,0,0,2,113,21,11,0,145,0,0,0,145
01/02/2019,OMA,NE,ACE,CE,Towers with Radar,170,54,43,0,267,0,2,12,0,14,170,56,55,0,281,2,0,2,283
01/03/2019,OMA,NE,ACE,CE,Towers with Radar,165,50,11,14,240,0,0,20,0,20,165,50,31,14,260,8,16,24,284
01/04/2019,OMA,NE,ACE,CE,Towers with Radar,150,54,11,3,218,0,0,26,1,27,150,54,37,4,245,30,0,30,275
01/05/2019,OMA,NE,ACE,CE,Towers with Radar,118,51,9,0,178,0,2,40,0,42,118,53,49,0,220,32,0,32,252
01/06/2019,OMA,NE,ACE,CE,Towers with Radar,135,45,19,2,201,0,4,11,0,15,135,49,30,2,216,8,0,8,224
01/07/2019,OMA,NE,ACE,CE,Towers with Radar,143,40,16,9,208,0,0,16,0,16,143,40,32,9,224,12,4,16,240
01/08/2019,OMA,NE,ACE,CE,Towers with Radar,149,55,29,0,233,0,1,17,0,18,149,56,46,0,251,18,0,18,269
01/09/2019,OMA,NE,ACE,CE,Towers with Radar,156,57,27,19,259,0,0,31,0,31,156,57,58,19,290,50,8,58,348
01/10/2019,OMA,NE,ACE,CE,Towers with Radar,160,54,29,12,255,0,1,13,1,15,160,55,42,13,270,14,0,14,284
01/11/2019,OMA,NE,ACE,CE,Towers with Radar,147,50,35,2,234,0,0,9,0,9,147,50,44,2,243,10,0,10,253
01/12/2019,OMA,NE,ACE,CE,Towers with Radar,119,27,11,0,157,0,0,0,0,0,119,27,11,0,157,0,0,0,157
01/13/2019,OMA,NE,ACE,CE,Towers with Radar,136,28,17,2,183,0,0,1,2,3,136,28,18,4,186,6,0,6,192
01/14/2019,OMA,NE,ACE,CE,Towers with Radar,148,38,28,0,214,0,0,0,0,0,148,38,28,0,214,0,0,0,214
01/15/2019,OMA,NE,ACE,CE,Towers with Radar,149,47,36,0,232,0,0,0,0,0,149,47,36,0,232,0,0,0,232
01/16/2019,OMA,NE,ACE,CE,Towers with Radar,158,51,31,1,241,0,0,13,0,13,158,51,44,1,254,16,0,16,270
01/17/2019,OMA,NE,ACE,CE,Towers with Radar,160,50,28,1,239,0,0,3,0,3,160,50,31,1,242,0,0,0,242
01/18/2019,OMA,NE,ACE,CE,Towers with Radar,122,36,10,0,168,0,0,0,0,0,122,36,10,0,168,0,0,0,168
01/19/2019,OMA,NE,ACE,CE,Towers with Radar,118,28,16,0,162,0,0,10,0,10,118,28,26,0,172,32,0,32,204
01/20/2019,OMA,NE,ACE,CE,Towers with Radar,119,36,17,0,172,0,0,5,0,5,119,36,22,0,177,14,0,14,191
01/21/2019,OMA,NE,ACE,CE,Towers with Radar,137,29,22,2,190,0,0,1,0,1,137,29,23,2,191,0,0,0,191
01/22/2019,OMA,NE,ACE,CE,Towers with Radar,140,32,18,0,190,0,0,0,0,0,140,32,18,0,190,0,0,0,190
01/23/2019,OMA,NE,ACE,CE,Towers with Radar,157,50,38,2,247,0,1,19,0,20,157,51,57,2,267,28,2,30,297
01/24/2019,OMA,NE,ACE,CE,Towers with Radar,162,43,30,0,235,0,0,2,0,2,162,43,32,0,237,0,0,0,237
01/25/2019,OMA,NE,ACE,CE,Towers with Radar,152,50,30,0,232,0,1,11,0,12,152,51,41,0,244,20,0,20,264
01/26/2019,OMA,NE,ACE,CE,Towers with Radar,120,34,10,0,164,0,0,8,0,8,120,34,18,0,172,16,0,16,188
01/27/2019,OMA,NE,ACE,CE,Towers with Radar,137,26,10,0,173,0,1,4,1,6,137,27,14,1,179,8,0,8,187
01/28/2019,OMA,NE,ACE,CE,Towers with Radar,129,37,22,0,188,0,0,3,0,3,129,37,25,0,191,0,0,0,191
01/29/2019,OMA,NE,ACE,CE,Towers with Radar,138,50,37,0,225,0,0,8,0,8,138,50,45,0,233,2,4,6,239
01/30/2019,OMA,NE,ACE,CE,Towers with Radar,123,35,53,0,211,0,0,4,0,4,123,35,57,0,215,0,0,0,215
01/31/2019,OMA,NE,ACE,CE,Towers with Radar,134,48,34,0,216,0,2,9,0,11,134,50,43,0,227,4,0,4,231
02/01/2019,OMA,NE,ACE,CE,Towers with Radar,155,35,40,2,232,0,5,26,0,31,155,40,66,2,263,30,0,30,293
02/02/2019,OMA,NE,ACE,CE,Towers with Radar,110,26,6,0,142,0,0,0,0,0,110,26,6,0,142,0,0,0,142
02/03/2019,OMA,NE,ACE,CE,Towers with Radar,127,30,8,2,167,0,0,1,0,1,127,30,9,2,168,22,0,22,190
02/04/2019,OMA,NE,ACE,CE,Towers with Radar,148,49,52,0,249,0,0,6,0,6,148,49,58,0,255,8,0,8,263
02/05/2019,OMA,NE,ACE,CE,Towers with Radar,150,48,35,10,243,0,0,1,0,1,150,48,36,10,244,0,12,12,256
02/06/2019,OMA,NE,ACE,CE,Towers with Radar,158,52,34,12,256,0,0,0,0,0,158,52,34,12,256,4,10,14,270
02/07/2019,OMA,NE,ACE,CE,Towers with Radar,166,51,39,0,256,0,1,0,0,1,166,52,39,0,257,0,0,0,257
02/08/2019,OMA,NE,ACE,CE,Towers with Radar,156,58,26,0,240,0,0,22,2,24,156,58,48,2,264,0,0,0,264
02/09/2019,OMA,NE,ACE,CE,Towers with Radar,128,37,15,0,180,0,1,21,0,22,128,38,36,0,202,10,0,10,212
02/10/2019,OMA,NE,ACE,CE,Towers with Radar,135,30,9,0,174,0,0,0,0,0,135,30,9,0,174,0,0,0,174
02/11/2019,OMA,NE,ACE,CE,Towers with Radar,148,29,22,0,199,0,0,0,0,0,148,29,22,0,199,0,0,0,199
02/12/2019,OMA,NE,ACE,CE,Towers with Radar,154,51,38,0,243,0,1,7,0,8,154,52,45,0,251,0,0,0,251
02/13/2019,OMA,NE,ACE,CE,Towers with Radar,161,56,55,0,272,0,2,21,0,23,161,58,76,0,295,26,0,26,321
02/14/2019,OMA,NE,ACE,CE,Towers with Radar,168,60,49,0,277,0,0,2,0,2,168,60,51,0,279,2,0,2,281
02/15/2019,OMA,NE,ACE,CE,Towers with Radar,157,46,25,0,228,0,0,14,0,14,157,46,39,0,242,0,0,0,242
02/16/2019,OMA,NE,ACE,CE,Towers with Radar,120,25,13,0,158,0,1,25,0,26,120,26,38,0,184,26,0,26,210
02/17/2019,OMA,NE,ACE,CE,Towers with Radar,114,33,8,0,155,0,2,0,0,2,114,35,8,0,157,0,0,0,157
02/18/2019,OMA,NE,ACE,CE,Towers with Radar,146,52,23,0,221,0,0,13,0,13,146,52,36,0,234,26,0,26,260
02/19/2019,OMA,NE,ACE,CE,Towers with Radar,157,51,31,0,239,0,0,5,0,5,157,51,36,0,244,26,0,26,270
02/20/2019,OMA,NE,ACE,CE,Towers with Radar,141,46,21,0,208,0,0,3,0,3,141,46,24,0,211,0,0,0,211
02/21/2019,OMA,NE,ACE,CE,Towers with Radar,167,51,40,0,258,0,0,9,1,10,167,51,49,1,268,8,0,8,276
02/22/2019,OMA,NE,ACE,CE,Towers with Radar,148,51,33,0,232,0,1,8,1,10,148,52,41,1,242,16,0,16,258
02/23/2019,OMA,NE,ACE,CE,Towers with Radar,77,17,6,0,100,0,0,0,0,0,77,17,6,0,100,0,0,0,100
02/24/2019,OMA,NE,ACE,CE,Towers with Radar,131,40,21,0,192,0,2,4,0,6,131,42,25,0,198,0,0,0,198
02/25/2019,OMA,NE,ACE,CE,Towers with Radar,146,45,28,0,219,0,0,15,0,15,146,45,43,0,234,16,0,16,250
02/26/2019,OMA,NE,ACE,CE,Towers with Radar,162,46,36,0,244,0,1,10,0,11,162,47,46,0,255,44,0,44,299
02/27/2019,OMA,NE,ACE,CE,Towers with Radar,165,47,39,2,253,0,0,11,0,11,165,47,50,2,264,18,0,18,282
02/28/2019,OMA,NE,ACE,CE,Towers with Radar,165,59,28,1,253,0,0,19,0,19,165,59,47,1,272,0,0,0,272
03/01/2019,OMA,NE,ACE,CE,Towers with Radar,147,58,22,0,227,0,1,10,0,11,147,59,32,0,238,0,0,0,238
03/02/2019,OMA,NE,ACE,CE,Towers with Radar,134,38,13,0,185,0,0,2,0,2,134,38,15,0,187,12,0,12,199
03/03/2019,OMA,NE,ACE,CE,Towers with Radar,140,44,15,0,199,0,0,0,0,0,140,44,15,0,199,0,0,0,199
03/04/2019,OMA,NE,ACE,CE,Towers with Radar,150,48,39,7,244,0,0,6,0,6,150,48,45,7,250,6,4,10,260
03/05/2019,OMA,NE,ACE,CE,Towers with Radar,159,35,22,21,237,0,0,14,0,14,159,35,36,21,251,20,22,42,293
03/06/2019,OMA,NE,ACE,CE,Towers with Radar,162,50,60,0,272,0,0,28,0,28,162,50,88,0,300,20,0,20,320
03/07/2019,OMA,NE,ACE,CE,Towers with Radar,172,46,26,1,245,0,0,0,0,0,172,46,26,1,245,0,0,0,245
03/08/2019,OMA,NE,ACE,CE,Towers with Radar,165,58,32,8,263,0,0,1,0,1,165,58,33,8,264,0,0,0,264
03/09/2019,OMA,NE,ACE,CE,Towers with Radar,131,27,7,1,166,0,2,0,0,2,131,29,7,1,168,0,0,0,168
03/10/2019,OMA,NE,ACE,CE,Towers with Radar,164,40,10,1,215,0,0,22,0,22,164,40,32,1,237,34,0,34,271
03/11/2019,OMA,NE,ACE,CE,Towers with Radar,162,49,37,8,256,0,2,25,0,27,162,51,62,8,283,46,10,56,339
03/12/2019,OMA,NE,ACE,CE,Towers with Radar,170,39,54,0,263,0,0,0,0,0,170,39,54,0,263,0,0,0,263
03/13/2019,OMA,NE,ACE,CE,Towers with Radar,163,36,25,0,224,0,0,0,0,0,163,36,25,0,224,0,0,0,224
03/14/2019,OMA,NE,ACE,CE,Towers with Radar,155,38,29,0,222,0,0,0,0,0,155,38,29,0,222,0,0,0,222
03/15/2019,OMA,NE,ACE,CE,Towers with Radar,167,55,22,6,250,0,0,32,0,32,167,55,54,6,282,0,0,0,282
03/16/2019,OMA,NE,ACE,CE,Towers with Radar,135,51,26,11,223,0,1,43,4,48,135,52,69,15,271,14,0,14,285
03/17/2019,OMA,NE,ACE,CE,Towers with Radar,161,59,39,14,273,0,1,49,2,52,161,60,88,16,325,57,0,57,382
03/18/2019,OMA,NE,ACE,CE,Towers with Radar,160,48,36,6,250,0,1,46,0,47,160,49,82,6,297,0,0,0,297
03/19/2019,OMA,NE,ACE,CE,Towers with Radar,167,53,44,11,275,0,0,6,4,10,167,53,50,15,285,0,0,0,285
03/20/2019,OMA,NE,ACE,CE,Towers with Radar,164,61,39,1,265,0,1,43,0,44,164,62,82,1,309,46,0,46,355
03/21/2019,OMA,NE,ACE,CE,Towers with Radar,172,64,47,28,311,0,0,55,0,55,172,64,102,28,366,0,8,8,374
03/22/2019,OMA,NE,ACE,CE,Towers with Radar,167,39,30,4,240,0,1,40,7,48,167,40,70,11,288,16,0,16,304
03/23/2019,OMA,NE,ACE,CE,Towers with Radar,133,38,29,0,200,0,1,12,0,13,133,39,41,0,213,4,0,4,217
03/24/2019,OMA,NE,ACE,CE,Towers with Radar,158,49,29,0,236,0,0,2,0,2,158,49,31,0,238,0,0,0,238
03/25/2019,OMA,NE,ACE,CE,Towers with Radar,153,60,36,2,251,0,0,13,0,13,153,60,49,2,264,26,0,26,290
03/26/2019,OMA,NE,ACE,CE,Towers with Radar,171,60,36,10,277,0,0,25,0,25,171,60,61,10,302,18,4,22,324
03/27/2019,OMA,NE,ACE,CE,Towers with Radar,162,57,38,2,259,0,0,22,0,22,162,57,60,2,281,0,0,0,281
03/28/2019,OMA,NE,ACE,CE,Towers with Radar,174,58,35,2,269,0,0,11,2,13,174,58,46,4,282,0,0,0,282
03/29/2019,OMA,NE,ACE,CE,Towers with Radar,164,45,31,1,241,0,2,8,3,13,164,47,39,4,254,14,0,14,268
03/30/2019,OMA,NE,ACE,CE,Towers with Radar,131,35,17,0,183,0,0,4,0,4,131,35,21,0,187,8,0,8,195
03/31/2019,OMA,NE,ACE,CE,Towers with Radar,159,29,18,0,206,0,2,33,0,35,159,31,51,0,241,30,0,30,271
04/01/2019,OMA,NE,ACE,CE,Towers with Radar,153,33,34,9,229,0,0,31,0,31,153,33,65,9,260,50,6,56,316
04/02/2019,OMA,NE,ACE,CE,Towers with Radar,154,59,46,0,259,0,0,33,0,33,154,59,79,0,292,46,0,46,338
04/03/2019,OMA,NE,ACE,CE,Towers with Radar,166,45,25,0,236,0,0,6,0,6,166,45,31,0,242,0,0,0,242
04/04/2019,OMA,NE,ACE,CE,Towers with Radar,172,45,49,6,272,0,0,5,0,5,172,45,54,6,277,12,0,12,289
04/05/2019,OMA,NE,ACE,CE,Towers with Radar,157,49,52,0,258,0,0,16,0,16,157,49,68,0,274,34,0,34,308
04/06/2019,OMA,NE,ACE,CE,Towers with Radar,127,30,24,0,181,0,1,18,0,19,127,31,42,0,200,28,0,28,228
04/07/2019,OMA,NE,ACE,CE,Towers with Radar,152,34,37,5,228,0,1,8,0,9,152,35,45,5,237,18,0,18,255
04/08/2019,OMA,NE,ACE,CE,Towers with Radar,158,45,44,16,263,0,1,23,1,25,158,46,67,17,288,34,6,40,328
04/09/2019,OMA,NE,ACE,CE,Towers with Radar,153,66,34,0,253,0,4,23,0,27,153,70,57,0,280,14,0,14,294
04/10/2019,OMA,NE,ACE,CE,Towers with Radar,164,56,41,0,261,0,1,1,0,2,164,57,42,0,263,0,0,0,263
04/11/2019,OMA,NE,ACE,CE,Towers with Radar,174,63,34,6,277,0,0,0,0,0,174,63,34,6,277,0,0,0,277
04/12/2019,OMA,NE,ACE,CE,Towers with Radar,163,59,46,2,270,0,0,4,0,4,163,59,50,2,274,2,0,2,276
04/13/2019,OMA,NE,ACE,CE,Towers with Radar,122,38,28,24,212,0,0,34,6,40,122,38,62,30,252,44,32,76,328
04/14/2019,OMA,NE,ACE,CE,Towers with Radar,142,37,28,6,213,0,0,29,4,33,142,37,57,10,246,52,0,52,298
04/15/2019,OMA,NE,ACE,CE,Towers with Radar,160,40,29,2,231,0,3,24,0,27,160,43,53,2,258,60,0,60,318
04/16/2019,OMA,NE,ACE,CE,Towers with Radar,157,59,39,3,258,0,0,29,1,30,157,59,68,4,288,24,0,24,312
04/17/2019,OMA,NE,ACE,CE,Towers with Radar,165,50,44,13,272,0,1,7,1,9,165,51,51,14,281,0,0,0,281
04/18/2019,OMA,NE,ACE,CE,Towers with Radar,169,72,40,17,298,0,0,2,0,2,169,72,42,17,300,0,0,0,300
04/19/2019,OMA,NE,ACE,CE,Towers with Radar,157,56,39,5,257,0,0,26,0,26,157,56,65,5,283,34,0,34,317
04/20/2019,OMA,NE,ACE,CE,Towers with Radar,115,30,20,0,165,0,0,22,2,24,115,30,42,2,189,26,0,26,215
04/21/2019,OMA,NE,ACE,CE,Towers with Radar,139,40,4,2,185,0,0,22,0,22,139,40,26,2,207,0,0,0,207
04/22/2019,OMA,NE,ACE,CE,Towers with Radar,158,50,39,0,247,0,0,0,0,0,158,50,39,0,247,6,0,6,253
04/23/2019,OMA,NE,ACE,CE,Towers with Radar,163,51,35,36,285,0,0,22,1,23,163,51,57,37,308,50,14,64,372
04/24/2019,OMA,NE,ACE,CE,Towers with Radar,168,61,36,4,269,0,1,38,2,41,168,62,74,6,310,12,0,12,322
04/25/2019,OMA,NE,ACE,CE,Towers with Radar,179,54,52,0,285,0,0,6,0,6,179,54,58,0,291,0,0,0,291
04/26/2019,OMA,NE,ACE,CE,Towers with Radar,162,65,40,0,267,0,0,17,0,17,162,65,57,0,284,16,0,16,300
04/27/2019,OMA,NE,ACE,CE,Towers with Radar,125,31,14,1,171,0,0,0,1,1,125,31,14,2,172,0,0,0,172
04/28/2019,OMA,NE,ACE,CE,Towers with Radar,156,33,24,0,213,0,0,6,0,6,156,33,30,0,219,0,0,0,219
04/29/2019,OMA,NE,ACE,CE,Towers with Radar,156,40,38,29,263,0,0,24,0,24,156,40,62,29,287,38,30,68,355
04/30/2019,OMA,NE,ACE,CE,Towers with Radar,158,55,46,2,261,0,0,0,0,0,158,55,46,2,261,2,0,2,263
05/01/2019,OMA,NE,ACE,CE,Towers with Radar,178,61,55,6,300,0,0,1,0,1,178,61,56,6,301,0,0,0,301
05/02/2019,OMA,NE,ACE,CE,Towers with Radar,181,91,94,8,374,0,2,11,0,13,181,93,105,8,387,2,6,8,395
05/03/2019,OMA,NE,ACE,CE,Towers with Radar,189,119,103,0,411,0,0,4,0,4,189,119,107,0,415,4,0,4,419
05/04/2019,OMA,NE,ACE,CE,Towers with Radar,147,78,65,9,299,0,2,17,3,22,147,80,82,12,321,24,0,24,345
05/05/2019,OMA,NE,ACE,CE,Towers with Radar,173,93,60,0,326,0,0,4,2,6,173,93,64,2,332,0,0,0,332
05/06/2019,OMA,NE,ACE,CE,Towers with Radar,173,48,38,2,261,0,0,8,1,9,173,48,46,3,270,6,0,6,276
05/07/2019,OMA,NE,ACE,CE,Towers with Radar,165,45,48,2,260,0,0,0,1,1,165,45,48,3,261,0,0,0,261
05/08/2019,OMA,NE,ACE,CE,Towers with Radar,175,51,56,2,284,0,0,0,0,0,175,51,56,2,284,0,0,0,284
05/09/2019,OMA,NE,ACE,CE,Towers with Radar,177,66,48,0,291,0,0,10,1,11,177,66,58,1,302,0,0,0,302
05/10/2019,OMA,NE,ACE,CE,Towers with Radar,171,47,27,18,263,0,1,24,0,25,171,48,51,18,288,6,0,6,294
05/11/2019,OMA,NE,ACE,CE,Towers with Radar,133,27,18,10,188,0,2,26,3,31,133,29,44,13,219,28,4,32,251
05/12/2019,OMA,NE,ACE,CE,Towers with Radar,142,32,22,2,198,0,1,4,0,5,142,33,26,2,203,0,0,0,203
05/13/2019,OMA,NE,ACE,CE,Towers with Radar,164,38,29,2,233,0,4,12,0,16,164,42,41,2,249,10,0,10,259
05/14/2019,OMA,NE,ACE,CE,Towers with Radar,165,33,53,10,261,0,0,16,0,16,165,33,69,10,277,12,0,12,289
05/15/2019,OMA,NE,ACE,CE,Towers with Radar,174,49,37,0,260,0,0,24,0,24,174,49,61,0,284,32,0,32,316
05/16/2019,OMA,NE,ACE,CE,Towers with Radar,179,61,33,0,273,0,0,23,1,24,179,61,56,1,297,28,2,30,327
05/17/2019,OMA,NE,ACE,CE,Towers with Radar,171,69,32,3,275,0,0,3,0,3,171,69,35,3,278,0,0,0,278
05/18/2019,OMA,NE,ACE,CE,Towers with Radar,148,37,16,9,210,0,0,2,0,2,148,37,18,9,212,0,0,0,212
05/19/2019,OMA,NE,ACE,CE,Towers with Radar,143,40,23,3,209,0,1,6,0,7,143,41,29,3,216,0,0,0,216
05/20/2019,OMA,NE,ACE,CE,Towers with Radar,162,53,31,1,247,0,2,7,2,11,162,55,38,3,258,2,0,2,260
05/21/2019,OMA,NE,ACE,CE,Towers with Radar,161,49,38,0,248,0,0,0,0,0,161,49,38,0,248,0,0,0,248
05/22/2019,OMA,NE,ACE,CE,Towers with Radar,181,59,50,1,291,0,3,14,3,20,181,62,64,4,311,22,0,22,333
05/23/2019,OMA,NE,ACE,CE,Towers with Radar,173,56,36,10,275,0,1,22,1,24,173,57,58,11,299,16,16,32,331
05/24/2019,OMA,NE,ACE,CE,Towers with Radar,180,51,46,0,277,0,0,8,0,8,180,51,54,0,285,14,0,14,299
05/25/2019,OMA,NE,ACE,CE,Towers with Radar,128,26,21,0,175,0,0,15,0,15,128,26,36,0,190,7,0,7,197
05/26/2019,OMA,NE,ACE,CE,Towers with Radar,125,27,11,0,163,0,1,30,0,31,125,28,41,0,194,22,0,22,216
05/27/2019,OMA,NE,ACE,CE,Towers with Radar,150,30,16,0,196,0,0,5,0,5,150,30,21,0,201,10,0,10,211
05/28/2019,OMA,NE,ACE,CE,Towers with Radar,156,39,24,0,219,0,0,0,0,0,156,39,24,0,219,0,0,0,219
05/29/2019,OMA,NE,ACE,CE,Towers with Radar,182,58,72,0,312,0,0,13,0,13,182,58,85,0,325,46,0,46,371
05/30/2019,OMA,NE,ACE,CE,Towers with Radar,175,47,42,4,268,0,0,22,0,22,175,47,64,4,290,4,0,4,294
05/31/2019,OMA,NE,ACE,CE,Towers with Radar,174,45,43,26,288,0,0,29,1,30,174,45,72,27,318,0,0,0,318
06/01/2019,OMA,NE,ACE,CE,Towers with Radar,136,31,18,26,211,0,2,26,6,34,136,33,44,32,245,32,18,50,295
06/02/2019,OMA,NE,ACE,CE,Towers with Radar,149,36,26,5,216,0,0,41,1,42,149,36,67,6,258,40,0,40,298
06/03/2019,OMA,NE,ACE,CE,Towers with Radar,169,41,27,0,237,0,0,10,0,10,169,41,37,0,247,6,0,6,253
06/04/2019,OMA,NE,ACE,CE,Towers with Radar,174,63,40,9,286,0,1,26,0,27,174,64,66,9,313,52,0,52,365
06/05/2019,OMA,NE,ACE,CE,Towers with Radar,175,46,47,18,286,0,0,35,0,35,175,46,82,18,321,46,16,62,383
06/06/2019,OMA,NE,ACE,CE,Towers with Radar,173,39,53,2,267,0,0,14,0,14,173,39,67,2,281,0,0,0,281
06/07/2019,OMA,NE,ACE,CE,Towers with Radar,170,57,34,3,264,0,2,16,0,18,170,59,50,3,282,30,0,30,312
06/08/2019,OMA,NE,ACE,CE,Towers with Radar,137,40,14,1,192,0,1,17,2,20,137,41,31,3,212,46,0,46,258
06/09/2019,OMA,NE,ACE,CE,Towers with Radar,154,42,22,7,225,0,1,5,0,6,154,43,27,7,231,0,0,0,231
06/10/2019,OMA,NE,ACE,CE,Towers with Radar,159,57,41,4,261,0,0,13,1,14,159,57,54,5,275,10,0,10,285
06/11/2019,OMA,NE,ACE,CE,Towers with Radar,165,62,45,8,280,0,0,2,0,2,165,62,47,8,282,0,0,0,282
06/12/2019,OMA,NE,ACE,CE,Towers with Radar,190,60,53,11,314,0,1,7,0,8,190,61,60,11,322,0,0,0,322
06/13/2019,OMA,NE,ACE,CE,Towers with Radar,176,66,67,9,318,0,0,20,2,22,176,66,87,11,340,18,4,22,362
06/14/2019,OMA,NE,ACE,CE,Towers with Radar,169,51,57,2,279,0,0,6,0,6,169,51,63,2,285,0,0,0,285
06/15/2019,OMA,NE,ACE,CE,Towers with Radar,131,34,79,8,252,0,0,21,0,21,131,34,100,8,273,2,0,2,275
06/16/2019,OMA,NE,ACE,CE,Towers with Radar,159,47,78,0,284,0,0,28,0,28,159,47,106,0,312,30,0,30,342
06/17/2019,OMA,NE,ACE,CE,Towers with Radar,165,43,87,0,295,0,4,10,3,17,165,47,97,3,312,2,0,2,314
06/18/2019,OMA,NE,ACE,CE,Towers with Radar,169,53,72,0,294,0,0,2,0,2,169,53,74,0,296,2,0,2,298
06/19/2019,OMA,NE,ACE,CE,Towers with Radar,181,60,76,1,318,0,0,16,1,17,181,60,92,2,335,8,0,8,343
06/20/2019,OMA,NE,ACE,CE,Towers with Radar,175,51,60,0,286,0,0,11,0,11,175,51,71,0,297,0,0,0,297
06/21/2019,OMA,NE,ACE,CE,Towers with Radar,165,63,41,1,270,0,2,13,0,15,165,65,54,1,285,0,0,0,285
06/22/2019,OMA,NE,ACE,CE,Towers with Radar,148,36,27,5,216,0,0,3,0,3,148,36,30,5,219,8,6,14,233
06/23/2019,OMA,NE,ACE,CE,Towers with Radar,161,41,19,4,225,0,0,0,0,0,161,41,19,4,225,0,0,0,225
06/24/2019,OMA,NE,ACE,CE,Towers with Radar,157,51,65,21,294,0,0,12,3,15,157,51,77,24,309,6,4,10,319
06/25/2019,OMA,NE,ACE,CE,Towers with Radar,164,67,66,3,300,0,2,40,5,47,164,69,106,8,347,24,0,24,371
06/26/2019,OMA,NE,ACE,CE,Towers with Radar,175,70,56,11,312,0,0,16,0,16,175,70,72,11,328,6,0,6,334
06/27/2019,OMA,NE,ACE,CE,Towers with Radar,177,61,63,5,306,0,3,20,2,25,177,64,83,7,331,18,0,18,349
06/28/2019,OMA,NE,ACE,CE,Towers with Radar,168,70,34,7,279,0,0,20,0,20,168,70,54,7,299,0,0,0,299
06/29/2019,OMA,NE,ACE,CE,Towers with Radar,135,34,21,8,198,0,4,22,0,26,135,38,43,8,224,0,0,0,224
06/30/2019,OMA,NE,ACE,CE,Towers with Radar,144,45,14,20,223,0,0,16,0,16,144,45,30,20,239,8,14,22,261
07/01/2019,OMA,NE,ACE,CE,Towers with Radar,135,55,35,11,236,0,0,12,0,12,135,55,47,11,248,18,0,18,266
07/02/2019,OMA,NE,ACE,CE,Towers with Radar,148,53,26,2,229,0,0,11,0,11,148,53,37,2,240,14,0,14,254
07/03/2019,OMA,NE,ACE,CE,Towers with Radar,155,52,51,0,258,0,0,5,0,5,155,52,56,0,263,0,0,0,263
07/04/2019,OMA,NE,ACE,CE,Towers with Radar,115,17,10,0,142,0,0,6,0,6,115,17,16,0,148,0,0,0,148
07/05/2019,OMA,NE,ACE,CE,Towers with Radar,132,39,10,0,181,0,0,4,0,4,132,39,14,0,185,4,0,4,189
07/06/2019,OMA,NE,ACE,CE,Towers with Radar,134,40,16,0,190,0,1,7,0,8,134,41,23,0,198,14,0,14,212
07/07/2019,OMA,NE,ACE,CE,Towers with Radar,150,53,31,0,234,0,1,14,0,15,150,54,45,0,249,0,0,0,249
07/08/2019,OMA,NE,ACE,CE,Towers with Radar,158,62,41,5,266,0,0,9,1,10,158,62,50,6,276,2,0,2,278
07/09/2019,OMA,NE,ACE,CE,Towers with Radar,165,54,31,2,252,0,0,20,0,20,165,54,51,2,272,18,0,18,290
07/10/2019,OMA,NE,ACE,CE,Towers with Radar,167,70,54,22,313,0,5,12,1,18,167,75,66,23,331,2,2,4,335
07/11/2019,OMA,NE,ACE,CE,Towers with Radar,160,68,49,8,285,0,0,41,0,41,160,68,90,8,326,2,4,6,332
07/12/2019,OMA,NE,ACE,CE,Towers with Radar,164,52,38,33,287,0,2,20,1,23,164,54,58,34,310,12,47,59,369
07/13/2019,OMA,NE,ACE,CE,Towers with Radar,134,39,15,39,227,0,0,35,14,49,134,39,50,53,276,40,10,50,326
07/14/2019,OMA,NE,ACE,CE,Towers with Radar,157,37,20,6,220,0,0,33,2,35,157,37,53,8,255,18,0,18,273
07/15/2019,OMA,NE,ACE,CE,Towers with Radar,173,66,38,0,277,0,0,17,0,17,173,66,55,0,294,28,0,28,322
07/16/2019,OMA,NE,ACE,CE,Towers with Radar,171,50,41,0,262,0,0,27,1,28,171,50,68,1,290,16,0,16,306
07/17/2019,OMA,NE,ACE,CE,Towers with Radar,166,57,37,1,261,0,1,20,0,21,166,58,57,1,282,0,0,0,282
07/18/2019,OMA,NE,ACE,CE,Towers with Radar,159,57,41,10,267,0,1,44,0,45,159,58,85,10,312,10,0,10,322
07/19/2019,OMA,NE,ACE,CE,Towers with Radar,164,46,48,0,258,0,1,49,0,50,164,47,97,0,308,21,0,21,329
07/20/2019,OMA,NE,ACE,CE,Towers with Radar,146,32,22,1,201,0,0,69,0,69,146,32,91,1,270,8,0,8,278
07/21/2019,OMA,NE,ACE,CE,Towers with Radar,152,34,19,0,205,0,0,8,0,8,152,34,27,0,213,0,0,0,213
07/22/2019,OMA,NE,ACE,CE,Towers with Radar,161,44,52,22,279,0,1,27,2,30,161,45,79,24,309,12,12,24,333
07/23/2019,OMA,NE,ACE,CE,Towers with Radar,169,48,50,8,275,0,0,24,1,25,169,48,74,9,300,6,18,24,324
07/24/2019,OMA,NE,ACE,CE,Towers with Radar,172,65,44,5,286,0,2,17,4,23,172,67,61,9,309,16,14,30,339
07/25/2019,OMA,NE,ACE,CE,Towers with Radar,170,61,38,20,289,0,0,15,1,16,170,61,53,21,305,0,0,0,305
07/26/2019,OMA,NE,ACE,CE,Towers with Radar,165,64,18,3,250,0,3,18,0,21,165,67,36,3,271,6,0,6,277
07/27/2019,OMA,NE,ACE,CE,Towers with Radar,133,40,22,6,201,0,0,38,1,39,133,40,60,7,240,0,0,0,240
07/28/2019,OMA,NE,ACE,CE,Towers with Radar,164,39,24,1,228,0,1,16,1,18,164,40,40,2,246,26,4,30,276
07/29/2019,OMA,NE,ACE,CE,Towers with Radar,156,58,35,1,250,0,0,21,1,22,156,58,56,2,272,26,0,26,298
07/30/2019,OMA,NE,ACE,CE,Towers with Radar,166,50,47,2,265,0,1,18,3,22,166,51,65,5,287,36,0,36,323
07/31/2019,OMA,NE,ACE,CE,Towers with Radar,171,57,46,2,276,0,0,16,3,19,171,57,62,5,295,14,0,14,309
08/01/2019,OMA,NE,ACE,CE,Towers with Radar,162,71,45,6,284,0,1,10,1,12,162,72,55,7,296,16,8,24,320
08/02/2019,OMA,NE,ACE,CE,Towers with Radar,168,51,33,22,274,0,1,14,3,18,168,52,47,25,292,18,2,20,312
08/03/2019,OMA,NE,ACE,CE,Towers with Radar,133,32,16,5,186,0,3,27,2,32,133,35,43,7,218,64,0,64,282
08/04/2019,OMA,NE,ACE,CE,Towers with Radar,160,47,22,1,230,0,2,20,1,23,160,49,42,2,253,4,0,4,257
08/05/2019,OMA,NE,ACE,CE,Towers with Radar,167,53,30,0,250,0,0,11,0,11,167,53,41,0,261,6,0,6,267
08/06/2019,OMA,NE,ACE,CE,Towers with Radar,169,57,42,2,270,0,0,21,0,21,169,57,63,2,291,20,0,20,311
08/07/2019,OMA,NE,ACE,CE,Towers with Radar,165,65,48,1,279,0,0,14,1,15,165,65,62,2,294,12,0,12,306
08/08/2019,OMA,NE,ACE,CE,Towers with Radar,164,62,50,9,285,0,0,14,0,14,164,62,64,9,299,6,0,6,305
08/09/2019,OMA,NE,ACE,CE,Towers with Radar,173,60,28,3,264,0,0,16,0,16,173,60,44,3,280,12,0,12,292
08/10/2019,OMA,NE,ACE,CE,Towers with Radar,129,32,16,0,177,0,1,18,0,19,129,33,34,0,196,18,0,18,214
08/11/2019,OMA,NE,ACE,CE,Towers with Radar,165,32,23,0,220,0,0,6,1,7,165,32,29,1,227,2,0,2,229
08/12/2019,OMA,NE,ACE,CE,Towers with Radar,156,60,44,0,260,0,0,2,0,2,156,60,46,0,262,14,0,14,276
08/13/2019,OMA,NE,ACE,CE,Towers with Radar,168,61,57,14,300,0,0,27,8,35,168,61,84,22,335,38,0,38,373
08/14/2019,OMA,NE,ACE,CE,Towers with Radar,162,49,38,2,251,0,2,30,3,35,162,51,68,5,286,30,0,30,316
08/15/2019,OMA,NE,ACE,CE,Towers with Radar,164,74,46,0,284,0,0,8,0,8,164,74,54,0,292,22,0,22,314
08/16/2019,OMA,NE,ACE,CE,Towers with Radar,159,60,36,26,281,0,0,25,4,29,159,60,61,30,310,12,30,42,352
08/17/2019,OMA,NE,ACE,CE,Towers with Radar,124,34,23,29,210,0,1,13,2,16,124,35,36,31,226,8,0,8,234
08/18/2019,OMA,NE,ACE,CE,Towers with Radar,148,35,19,0,202,0,0,11,0,11,148,35,30,0,213,28,0,28,241
08/19/2019,OMA,NE,ACE,CE,Towers with Radar,155,60,36,8,259,0,0,15,0,15,155,60,51,8,274,4,0,4,278
08/20/2019,OMA,NE,ACE,CE,Towers with Radar,162,68,52,2,284,0,0,16,0,16,162,68,68,2,300,14,0,14,314
08/21/2019,OMA,NE,ACE,CE,Towers with Radar,163,53,47,0,263,0,0,2,0,2,163,53,49,0,265,0,0,0,265
08/22/2019,OMA,NE,ACE,CE,Towers with Radar,161,74,45,14,294,0,1,20,0,21,161,75,65,14,315,6,4,10,325
08/23/2019,OMA,NE,ACE,CE,Towers with Radar,154,59,25,23,261,0,3,32,0,35,154,62,57,23,296,32,0,32,328
08/24/2019,OMA,NE,ACE,CE,Towers with Radar,127,45,22,5,199,0,0,16,0,16,127,45,38,5,215,6,0,6,221
08/25/2019,OMA,NE,ACE,CE,Towers with Radar,158,41,28,19,246,0,0,4,0,4,158,41,32,19,250,0,0,0,250
08/26/2019,OMA,NE,ACE,CE,Towers with Radar,153,62,35,3,253,0,0,7,1,8,153,62,42,4,261,6,0,6,267
08/27/2019,OMA,NE,ACE,CE,Towers with Radar,163,61,59,17,300,0,0,20,6,26,163,61,79,23,326,20,18,38,364
08/28/2019,OMA,NE,ACE,CE,Towers with Radar,168,63,56,18,305,0,2,20,0,22,168,65,76,18,327,6,0,6,333
08/29/2019,OMA,NE,ACE,CE,Towers with Radar,160,61,51,6,278,0,0,16,1,17,160,61,67,7,295,12,0,12,307
08/30/2019,OMA,NE,ACE,CE,Towers with Radar,155,67,28,0,250,0,0,20,0,20,155,67,48,0,270,2,0,2,272
08/31/2019,OMA,NE,ACE,CE,Towers with Radar,97,30,14,0,141,0,0,7,0,7,97,30,21,0,148,18,0,18,166
09/01/2019,OMA,NE,ACE,CE,Towers with Radar,109,21,9,0,139,0,0,12,0,12,109,21,21,0,151,22,0,22,173
09/02/2019,OMA,NE,ACE,CE,Towers with Radar,130,54,26,0,210,0,0,8,0,8,130,54,34,0,218,0,0,0,218
09/03/2019,OMA,NE,ACE,CE,Towers with Radar,144,39,35,6,224,0,2,26,0,28,144,41,61,6,252,56,0,56,308
09/04/2019,OMA,NE,ACE,CE,Towers with Radar,148,57,63,15,283,0,0,24,3,27,148,57,87,18,310,36,6,42,352
09/05/2019,OMA,NE,ACE,CE,Towers with Radar,148,66,59,16,289,0,0,9,1,10,148,66,68,17,299,28,4,32,331
09/06/2019,OMA,NE,ACE,CE,Towers with Radar,142,60,29,36,267,0,10,14,1,25,142,70,43,37,292,46,30,76,368
09/07/2019,OMA,NE,ACE,CE,Towers with Radar,110,37,11,3,161,0,0,28,5,33,110,37,39,8,194,6,2,8,202
09/08/2019,OMA,NE,ACE,CE,Towers with Radar,147,36,32,3,218,0,0,1,0,1,147,36,33,3,219,0,0,0,219
09/09/2019,OMA,NE,ACE,CE,Towers with Radar,151,52,36,3,242,0,0,8,0,8,151,52,44,3,250,0,0,0,250
09/10/2019,OMA,NE,ACE,CE,Towers with Radar,161,58,29,0,248,0,0,5,0,5,161,58,34,0,253,0,0,0,253
09/11/2019,OMA,NE,ACE,CE,Towers with Radar,160,49,46,6,261,0,0,12,0,12,160,49,58,6,273,26,0,26,299
09/12/2019,OMA,NE,ACE,CE,Towers with Radar,151,63,34,0,248,0,2,25,1,28,151,65,59,1,276,20,0,20,296
09/13/2019,OMA,NE,ACE,CE,Towers with Radar,164,57,36,11,268,0,1,20,0,21,164,58,56,11,289,26,0,26,315
09/14/2019,OMA,NE,ACE,CE,Towers with Radar,111,35,16,3,165,0,5,16,1,22,111,40,32,4,187,6,0,6,193
09/15/2019,OMA,NE,ACE,CE,Towers with Radar,149,31,26,0,206,0,0,13,0,13,149,31,39,0,219,28,0,28,247
09/16/2019,OMA,NE,ACE,CE,Towers with Radar,154,49,36,20,259,0,7,14,0,21,154,56,50,20,280,12,0,12,292
09/17/2019,OMA,NE,ACE,CE,Towers with Radar,158,51,33,2,244,0,5,12,0,17,158,56,45,2,261,16,0,16,277
09/18/2019,OMA,NE,ACE,CE,Towers with Radar,157,58,40,2,257,0,1,16,0,17,157,59,56,2,274,12,0,12,286
09/19/2019,OMA,NE,ACE,CE,Towers with Radar,155,66,39,0,260,0,0,6,0,6,155,66,45,0,266,10,0,10,276
09/20/2019,OMA,NE,ACE,CE,Towers with Radar,154,65,30,43,292,0,0,7,3,10,154,65,37,46,302,0,0,0,302
09/21/2019,OMA,NE,ACE,CE,Towers with Radar,111,35,23,7,176,0,0,7,0,7,111,35,30,7,183,0,0,0,183
09/22/2019,OMA,NE,ACE,CE,Towers with Radar,150,34,28,0,212,0,0,18,0,18,150,34,46,0,230,44,0,44,274
09/23/2019,OMA,NE,ACE,CE,Towers with Radar,149,40,32,14,235,0,1,22,1,24,149,41,54,15,259,22,4,26,285
09/24/2019,OMA,NE,ACE,CE,Towers with Radar,163,41,45,10,259,0,0,16,0,16,163,41,61,10,275,6,0,6,281
09/25/2019,OMA,NE,ACE,CE,Towers with Radar,161,58,61,10,290,0,2,25,3,30,161,60,86,13,320,36,0,36,356
09/26/2019,OMA,NE,ACE,CE,Towers with Radar,158,64,54,7,283,0,3,24,0,27,158,67,78,7,310,18,0,18,328
09/27/2019,OMA,NE,ACE,CE,Towers with Radar,162,57,56,0,275,0,0,5,0,5,162,57,61,0,280,14,0,14,294
09/28/2019,OMA,NE,ACE,CE,Towers with Radar,116,30,11,1,158,0,1,5,0,6,116,31,16,1,164,8,0,8,172
09/29/2019,OMA,NE,ACE,CE,Towers with Radar,149,58,17,1,225,0,0,2,0,2,149,58,19,1,227,0,0,0,227
09/30/2019,OMA,NE,ACE,CE,Towers with Radar,158,60,44,0,262,1,0,7,0,8,159,60,51,0,270,10,0,10,280
10/01/2019,OMA,NE,ACE,CE,Towers with Radar,164,55,38,0,257,0,0,1,0,1,164,55,39,0,258,0,0,0,258
10/02/2019,OMA,NE,ACE,CE,Towers with Radar,167,49,25,0,241,0,0,0,0,0,167,49,25,0,241,0,0,0,241
10/03/2019,OMA,NE,ACE,CE,Towers with Radar,166,65,51,0,282,0,0,17,0,17,166,65,68,0,299,24,0,24,323
10/04/2019,OMA,NE,ACE,CE,Towers with Radar,161,56,32,0,249,0,1,10,0,11,161,57,42,0,260,14,0,14,274
10/05/2019,OMA,NE,ACE,CE,Towers with Radar,111,29,16,22,178,0,0,3,0,3,111,29,19,22,181,2,18,20,201
10/06/2019,OMA,NE,ACE,CE,Towers with Radar,143,33,28,3,207,0,0,24,0,24,143,33,52,3,231,38,0,38,269
10/07/2019,OMA,NE,ACE,CE,Towers with Radar,154,51,27,4,236,0,3,28,0,31,154,54,55,4,267,4,0,4,271
10/08/2019,OMA,NE,ACE,CE,Towers with Radar,166,54,39,8,267,0,1,11,0,12,166,55,50,8,279,2,0,2,281
10/09/2019,OMA,NE,ACE,CE,Towers with Radar,165,54,45,0,264,0,5,11,0,16,165,59,56,0,280,30,0,30,310
10/10/2019,OMA,NE,ACE,CE,Towers with Radar,167,52,38,0,257,0,0,0,0,0,167,52,38,0,257,0,0,0,257
10/11/2019,OMA,NE,ACE,CE,Towers with Radar,161,53,41,10,265,0,1,6,0,7,161,54,47,10,272,4,0,4,276
10/12/2019,OMA,NE,ACE,CE,Towers with Radar,114,28,24,0,166,0,0,22,0,22,114,28,46,0,188,14,0,14,202
10/13/2019,OMA,NE,ACE,CE,Towers with Radar,144,49,26,0,219,0,0,14,0,14,144,49,40,0,233,30,0,30,263
10/14/2019,OMA,NE,ACE,CE,Towers with Radar,158,47,36,0,241,0,6,12,0,18,158,53,48,0,259,8,0,8,267
10/15/2019,OMA,NE,ACE,CE,Towers with Radar,166,44,45,4,259,0,2,4,0,6,166,46,49,4,265,0,0,0,265
10/16/2019,OMA,NE,ACE,CE,Towers with Radar,161,56,51,14,282,0,0,11,2,13,161,56,62,16,295,44,2,46,341
10/17/2019,OMA,NE,ACE,CE,Towers with Radar,173,54,37,0,264,0,1,12,0,13,173,55,49,0,277,0,0,0,277
10/18/2019,OMA,NE,ACE,CE,Towers with Radar,162,58,34,8,262,0,0,4,2,6,162,58,38,10,268,0,0,0,268
10/19/2019,OMA,NE,ACE,CE,Towers with Radar,114,31,13,14,172,0,3,24,5,32,114,34,37,19,204,12,8,20,224
10/20/2019,OMA,NE,ACE,CE,Towers with Radar,140,38,18,10,206,0,1,6,1,8,140,39,24,11,214,10,0,10,224
10/21/2019,OMA,NE,ACE,CE,Towers with Radar,161,53,28,0,242,0,0,1,0,1,161,53,29,0,243,4,0,4,247
10/22/2019,OMA,NE,ACE,CE,Towers with Radar,167,56,42,7,272,0,11,2,2,15,167,67,44,9,287,12,0,12,299
10/23/2019,OMA,NE,ACE,CE,Towers with Radar,166,53,41,2,262,0,1,11,0,12,166,54,52,2,274,8,0,8,282
10/24/2019,OMA,NE,ACE,CE,Towers with Radar,164,56,33,15,268,0,0,11,6,17,164,56,44,21,285,6,4,10,295
10/25/2019,OMA,NE,ACE,CE,Towers with Radar,163,53,48,2,266,0,0,27,0,27,163,53,75,2,293,30,0,30,323
10/26/2019,OMA,NE,ACE,CE,Towers with Radar,112,27,20,13,172,0,4,21,0,25,112,31,41,13,197,32,0,32,229
10/27/2019,OMA,NE,ACE,CE,Towers with Radar,136,42,22,5,205,0,4,3,0,7,136,46,25,5,212,28,0,28,240
10/28/2019,OMA,NE,ACE,CE,Towers with Radar,135,47,45,1,228,0,0,17,1,18,135,47,62,2,246,18,0,18,264
10/29/2019,OMA,NE,ACE,CE,Towers with Radar,145,63,51,0,259,0,0,11,0,11,145,63,62,0,270,10,0,10,280
10/30/2019,OMA,NE,ACE,CE,Towers with Radar,144,58,35,0,237,0,1,1,0,2,144,59,36,0,239,6,0,6,245
10/31/2019,OMA,NE,ACE,CE,Towers with Radar,124,50,42,12,228,0,2,16,3,21,124,52,58,15,249,10,2,12,261
11/01/2019,OMA,NE,ACE,CE,Towers with Radar,152,61,27,0,240,0,2,9,0,11,152,63,36,0,251,20,0,20,271
11/02/2019,OMA,NE,ACE,CE,Towers with Radar,104,32,17,0,153,0,0,23,0,23,104,32,40,0,176,4,0,4,180
11/03/2019,OMA,NE,ACE,CE,Towers with Radar,135,36,25,0,196,0,1,28,0,29,135,37,53,0,225,68,0,68,293
11/04/2019,OMA,NE,ACE,CE,Towers with Radar,147,50,29,4,230,0,1,19,1,21,147,51,48,5,251,12,0,12,263
11/05/2019,OMA,NE,ACE,CE,Towers with Radar,153,62,53,2,270,0,3,10,0,13,153,65,63,2,283,6,0,6,289
11/06/2019,OMA,NE,ACE,CE,Towers with Radar,148,66,55,2,271,0,0,3,0,3,148,66,58,2,274,14,0,14,288
11/07/2019,OMA,NE,ACE,CE,Towers with Radar,168,53,45,5,271,0,0,36,2,38,168,53,81,7,309,38,4,42,351
11/08/2019,OMA,NE,ACE,CE,Towers with Radar,158,54,27,0,239,0,0,15,5,20,158,54,42,5,259,28,0,28,287
11/09/2019,OMA,NE,ACE,CE,Towers with Radar,111,37,20,0,168,0,0,33,0,33,111,37,53,0,201,24,0,24,225
11/10/2019,OMA,NE,ACE,CE,Towers with Radar,137,40,23,0,200,0,0,6,0,6,137,40,29,0,206,0,0,0,206
11/11/2019,OMA,NE,ACE,CE,Towers with Radar,134,58,33,1,226,0,0,1,0,1,134,58,34,1,227,0,0,0,227
11/12/2019,OMA,NE,ACE,CE,Towers with Radar,171,56,40,3,270,0,0,9,0,9,171,56,49,3,279,16,0,16,295
11/13/2019,OMA,NE,ACE,CE,Towers with Radar,159,61,52,0,272,0,0,7,0,7,159,61,59,0,279,42,0,42,321
11/14/2019,OMA,NE,ACE,CE,Towers with Radar,162,51,38,1,252,0,0,20,1,21,162,51,58,2,273,44,0,44,317
11/15/2019,OMA,NE,ACE,CE,Towers with Radar,161,62,38,0,261,0,0,14,0,14,161,62,52,0,275,0,0,0,275
11/16/2019,OMA,NE,ACE,CE,Towers with Radar,117,25,19,4,165,0,0,15,1,16,117,25,34,5,181,22,0,22,203
11/17/2019,OMA,NE,ACE,CE,Towers with Radar,141,42,20,0,203,0,0,18,3,21,141,42,38,3,224,58,0,58,282
11/18/2019,OMA,NE,ACE,CE,Towers with Radar,155,51,24,2,232,0,0,14,0,14,155,51,38,2,246,32,0,32,278
11/19/2019,OMA,NE,ACE,CE,Towers with Radar,159,55,44,13,271,0,0,22,2,24,159,55,66,15,295,42,6,48,343
11/20/2019,OMA,NE,ACE,CE,Towers with Radar,157,78,46,6,287,0,1,10,0,11,157,79,56,6,298,8,0,8,306
11/21/2019,OMA,NE,ACE,CE,Towers with Radar,166,55,25,6,252,0,0,3,1,4,166,55,28,7,256,0,0,0,256
11/22/2019,OMA,NE,ACE,CE,Towers with Radar,173,45,32,6,256,0,0,12,1,13,173,45,44,7,269,6,0,6,275
11/23/2019,OMA,NE,ACE,CE,Towers with Radar,111,30,18,0,159,0,0,20,0,20,111,30,38,0,179,24,0,24,203
11/24/2019,OMA,NE,ACE,CE,Towers with Radar,135,30,23,0,188,0,0,28,0,28,135,30,51,0,216,76,0,76,292
11/25/2019,OMA,NE,ACE,CE,Towers with Radar,141,55,35,0,231,0,3,19,0,22,141,58,54,0,253,48,0,48,301
11/26/2019,OMA,NE,ACE,CE,Towers with Radar,157,51,26,0,234,0,0,0,0,0,157,51,26,0,234,0,0,0,234
11/27/2019,OMA,NE,ACE,CE,Towers with Radar,173,73,33,4,283,0,0,5,0,5,173,73,38,4,288,0,0,0,288
11/28/2019,OMA,NE,ACE,CE,Towers with Radar,83,17,7,3,110,0,0,0,0,0,83,17,7,3,110,0,0,0,110
11/29/2019,OMA,NE,ACE,CE,Towers with Radar,117,21,10,0,148,0,0,0,0,0,117,21,10,0,148,0,0,0,148
11/30/2019,OMA,NE,ACE,CE,Towers with Radar,151,36,15,0,202,0,0,2,0,2,151,36,17,0,204,0,0,0,204
12/01/2019,OMA,NE,ACE,CE,Towers with Radar,168,63,16,0,247,0,0,0,0,0,168,63,16,0,247,0,0,0,247
12/02/2019,OMA,NE,ACE,CE,Towers with Radar,156,53,52,10,271,0,0,15,0,15,156,53,67,10,286,38,0,38,324
12/03/2019,OMA,NE,ACE,CE,Towers with Radar,159,70,56,3,288,0,1,20,0,21,159,71,76,3,309,0,0,0,309
12/04/2019,OMA,NE,ACE,CE,Towers with Radar,158,78,40,1,277,0,2,18,3,23,158,80,58,4,300,32,0,32,332
12/05/2019,OMA,NE,ACE,CE,Towers with Radar,163,62,41,2,268,0,0,24,0,24,163,62,65,2,292,76,0,76,368
12/06/2019,OMA,NE,ACE,CE,Towers with Radar,159,56,42,2,259,0,0,20,1,21,159,56,62,3,280,32,0,32,312
12/07/2019,OMA,NE,ACE,CE,Towers with Radar,100,48,15,0,163,0,0,17,0,17,100,48,32,0,180,0,0,0,180
12/08/2019,OMA,NE,ACE,CE,Towers with Radar,135,48,25,0,208,0,0,19,0,19,135,48,44,0,227,32,0,32,259
12/09/2019,OMA,NE,ACE,CE,Towers with Radar,153,45,29,8,235,0,0,3,2,5,153,45,32,10,240,0,0,0,240
12/10/2019,OMA,NE,ACE,CE,Towers with Radar,151,53,41,23,268,0,0,7,0,7,151,53,48,23,275,0,16,16,291
12/11/2019,OMA,NE,ACE,CE,Towers with Radar,165,63,45,14,287,0,0,19,0,19,165,63,64,14,306,70,2,72,378
12/12/2019,OMA,NE,ACE,CE,Towers with Radar,158,60,46,3,267,0,0,12,0,12,158,60,58,3,279,12,0,12,291
12/13/2019,OMA,NE,ACE,CE,Towers with Radar,166,55,28,0,249,0,0,4,0,4,166,55,32,0,253,8,0,8,261
12/14/2019,OMA,NE,ACE,CE,Towers with Radar,103,36,13,0,152,0,1,5,0,6,103,37,18,0,158,0,0,0,158
12/15/2019,OMA,NE,ACE,CE,Towers with Radar,136,41,15,0,192,0,0,0,0,0,136,41,15,0,192,0,0,0,192
12/16/2019,OMA,NE,ACE,CE,Towers with Radar,151,66,38,2,257,0,0,0,0,0,151,66,38,2,257,0,0,0,257
12/17/2019,OMA,NE,ACE,CE,Towers with Radar,143,65,42,16,266,0,2,6,0,8,143,67,48,16,274,4,0,4,278
12/18/2019,OMA,NE,ACE,CE,Towers with Radar,164,57,40,0,261,0,1,18,1,20,164,58,58,1,281,12,0,12,293
12/19/2019,OMA,NE,ACE,CE,Towers with Radar,157,71,34,2,264,0,4,22,0,26,157,75,56,2,290,26,0,26,316
12/20/2019,OMA,NE,ACE,CE,Towers with Radar,161,70,40,0,271,0,2,17,1,20,161,72,57,1,291,16,0,16,307
12/21/2019,OMA,NE,ACE,CE,Towers with Radar,132,58,21,0,211,0,2,14,0,16,132,60,35,0,227,30,0,30,257
12/22/2019,OMA,NE,ACE,CE,Towers with Radar,146,46,11,0,203,0,1,7,0,8,146,47,18,0,211,8,0,8,219
12/23/2019,OMA,NE,ACE,CE,Towers with Radar,153,55,11,0,219,0,1,17,1,19,153,56,28,1,238,36,0,36,274
12/24/2019,OMA,NE,ACE,CE,Towers with Radar,119,51,15,0,185,0,0,2,1,3,119,51,17,1,188,18,0,18,206
12/25/2019,OMA,NE,ACE,CE,Towers with Radar,105,22,5,0,132,0,0,4,0,4,105,22,9,0,136,0,0,0,136
12/26/2019,OMA,NE,ACE,CE,Towers with Radar,143,64,16,0,223,0,1,1,0,2,143,65,17,0,225,0,0,0,225
12/27/2019,OMA,NE,ACE,CE,Towers with Radar,150,69,28,0,247,0,0,19,0,19,150,69,47,0,266,24,2,26,292
12/28/2019,OMA,NE,ACE,CE,Towers with Radar,124,46,9,0,179,0,0,0,0,0,124,46,9,0,179,0,0,0,179
12/29/2019,OMA,NE,ACE,CE,Towers with Radar,143,33,4,0,180,0,0,0,0,0,143,33,4,0,180,0,0,0,180
12/30/2019,OMA,NE,ACE,CE,Towers with Radar,148,45,7,0,200,0,0,2,0,2,148,45,9,0,202,0,0,0,202
12/31/2019,OMA,NE,ACE,CE,Towers with Radar,126,53,15,0,194,0,0,16,1,17,126,53,31,1,211,38,0,38,249
01/01/2020,OMA,NE,ACE,CE,Towers with Radar,117,24,9,0,150,0,0,8,0,8,117,24,17,0,158,0,0,0,158
01/02/2020,OMA,NE,ACE,CE,Towers with Radar,146,68,18,0,232,0,0,4,0,4,146,68,22,0,236,3,0,3,239
01/03/2020,OMA,NE,ACE,CE,Towers with Radar,148,61,23,0,232,0,0,4,0,4,148,61,27,0,236,2,0,2,238
01/04/2020,OMA,NE,ACE,CE,Towers with Radar,115,53,28,0,196,0,2,17,1,20,115,55,45,1,216,16,0,16,232
01/05/2020,OMA,NE,ACE,CE,Towers with Radar,131,41,11,0,183,0,2,11,0,13,131,43,22,0,196,2,0,2,198
01/06/2020,OMA,NE,ACE,CE,Towers with Radar,158,44,34,4,240,0,0,6,0,6,158,44,40,4,246,12,0,12,258
01/07/2020,OMA,NE,ACE,CE,Towers with Radar,152,62,38,26,278,0,2,17,0,19,152,64,55,26,297,6,0,6,303
01/08/2020,OMA,NE,ACE,CE,Towers with Radar,155,66,46,8,275,0,0,14,2,16,155,66,60,10,291,8,0,8,299
01/09/2020,OMA,NE,ACE,CE,Towers with Radar,154,65,28,4,251,0,0,13,0,13,154,65,41,4,264,0,0,0,264
01/10/2020,OMA,NE,ACE,CE,Towers with Radar,162,66,34,0,262,0,0,0,0,0,162,66,34,0,262,0,0,0,262
01/11/2020,OMA,NE,ACE,CE,Towers with Radar,110,25,6,0,141,0,0,3,0,3,110,25,9,0,144,0,0,0,144
01/12/2020,OMA,NE,ACE,CE,Towers with Radar,141,31,22,0,194,0,1,1,0,2,141,32,23,0,196,0,0,0,196
01/13/2020,OMA,NE,ACE,CE,Towers with Radar,147,41,38,0,226,0,0,0,0,0,147,41,38,0,226,0,0,0,226
01/14/2020,OMA,NE,ACE,CE,Towers with Radar,147,62,24,16,249,0,0,4,2,6,147,62,28,18,255,2,4,6,261
01/15/2020,OMA,NE,ACE,CE,Towers with Radar,156,49,40,4,249,0,0,4,1,5,156,49,44,5,254,2,0,2,256
01/16/2020,OMA,NE,ACE,CE,Towers with Radar,157,51,41,3,252,0,0,9,1,10,157,51,50,4,262,0,0,0,262
01/17/2020,OMA,NE,ACE,CE,Towers with Radar,146,28,6,0,180,0,0,0,0,0,146,28,6,0,180,0,0,0,180
01/18/2020,OMA,NE,ACE,CE,Towers with Radar,111,40,19,0,170,0,0,3,0,3,111,40,22,0,173,0,0,0,173
01/19/2020,OMA,NE,ACE,CE,Towers with Radar,124,33,23,19,199,0,0,7,1,8,124,33,30,20,207,2,2,4,211
01/20/2020,OMA,NE,ACE,CE,Towers with Radar,148,48,25,0,221,0,0,7,0,7,148,48,32,0,228,12,0,12,240
01/21/2020,OMA,NE,ACE,CE,Towers with Radar,149,42,35,2,228,0,0,15,1,16,149,42,50,3,244,32,0,32,276
01/22/2020,OMA,NE,ACE,CE,Towers with Radar,155,45,28,0,228,0,0,0,0,0,155,45,28,0,228,0,0,0,228
01/23/2020,OMA,NE,ACE,CE,Towers with Radar,150,43,20,0,213,0,0,0,0,0,150,43,20,0,213,0,0,0,213
01/24/2020,OMA,NE,ACE,CE,Towers with Radar,157,55,24,1,237,0,0,0,0,0,157,55,24,1,237,0,0,0,237
01/25/2020,OMA,NE,ACE,CE,Towers with Radar,118,27,11,0,156,0,0,2,0,2,118,27,13,0,158,0,0,0,158
01/26/2020,OMA,NE,ACE,CE,Towers with Radar,126,36,23,19,204,0,0,7,1,8,126,36,30,20,212,38,0,38,250
01/27/2020,OMA,NE,ACE,CE,Towers with Radar,149,51,45,6,251,0,0,0,0,0,149,51,45,6,251,0,0,0,251
01/28/2020,OMA,NE,ACE,CE,Towers with Radar,144,57,43,2,246,0,0,0,0,0,144,57,43,2,246,0,0,0,246
01/29/2020,OMA,NE,ACE,CE,Towers with Radar,154,70,32,0,256,0,0,1,0,1,154,70,33,0,257,0,0,0,257
01/30/2020,OMA,NE,ACE,CE,Towers with Radar,157,59,35,2,253,0,0,0,0,0,157,59,35,2,253,0,0,0,253
01/31/2020,OMA,NE,ACE,CE,Towers with Radar,158,58,37,4,257,0,0,0,0,0,158,58,37,4,257,0,0,0,257
02/01/2020,OMA,NE,ACE,CE,Towers with Radar,117,22,30,0,169,0,0,27,0,27,117,22,57,0,196,30,0,30,226
02/02/2020,OMA,NE,ACE,CE,Towers with Radar,122,29,11,0,162,0,1,23,0,24,122,30,34,0,186,38,0,38,224
02/03/2020,OMA,NE,ACE,CE,Towers with Radar,152,51,25,0,228,0,0,2,0,2,152,51,27,0,230,0,0,0,230
02/04/2020,OMA,NE,ACE,CE,Towers with Radar,144,53,42,0,239,0,0,7,0,7,144,53,49,0,246,0,0,0,246
02/05/2020,OMA,NE,ACE,CE,Towers with Radar,154,51,42,0,247,0,1,11,0,12,154,52,53,0,259,18,0,18,277
02/06/2020,OMA,NE,ACE,CE,Towers with Radar,154,55,45,0,254,0,0,12,0,12,154,55,57,0,266,36,0,36,302
02/07/2020,OMA,NE,ACE,CE,Towers with Radar,161,38,32,0,231,0,0,3,0,3,161,38,35,0,234,0,0,0,234
02/08/2020,OMA,NE,ACE,CE,Towers with Radar,119,38,17,4,178,0,0,18,0,18,119,38,35,4,196,6,0,6,202
02/09/2020,OMA,NE,ACE,CE,Towers with Radar,127,37,15,0,179,0,0,0,0,0,127,37,15,0,179,0,0,0,179
02/10/2020,OMA,NE,ACE,CE,Towers with Radar,151,49,41,17,258,0,0,19,0,19,151,49,60,17,277,52,0,52,329
02/11/2020,OMA,NE,ACE,CE,Towers with Radar,146,57,42,28,273,0,0,18,4,22,146,57,60,32,295,30,6,36,331
02/12/2020,OMA,NE,ACE,CE,Towers with Radar,158,54,54,16,282,0,0,58,1,59,158,54,112,17,341,34,10,44,385
02/13/2020,OMA,NE,ACE,CE,Towers with Radar,153,62,42,2,259,0,2,14,4,20,153,64,56,6,279,0,0,0,279
02/14/2020,OMA,NE,ACE,CE,Towers with Radar,159,82,25,4,270,0,3,2,0,5,159,85,27,4,275,2,0,2,277
02/15/2020,OMA,NE,ACE,CE,Towers with Radar,109,40,23,0,172,0,2,40,1,43,109,42,63,1,215,42,0,42,257
02/16/2020,OMA,NE,ACE,CE,Towers with Radar,124,36,24,7,191,0,0,16,0,16,124,36,40,7,207,26,0,26,233
02/17/2020,OMA,NE,ACE,CE,Towers with Radar,152,57,43,2,254,0,0,3,0,3,152,57,46,2,257,12,0,12,269
02/18/2020,OMA,NE,ACE,CE,Towers with Radar,159,62,46,23,290,0,0,9,4,13,159,62,55,27,303,0,0,0,303
02/19/2020,OMA,NE,ACE,CE,Towers with Radar,165,55,35,0,255,0,0,0,0,0,165,55,35,0,255,0,0,0,255
02/20/2020,OMA,NE,ACE,CE,Towers with Radar,150,50,38,18,256,0,3,16,1,20,150,53,54,19,276,16,0,16,292
02/21/2020,OMA,NE,ACE,CE,Towers with Radar,157,68,40,0,265,0,0,10,0,10,157,68,50,0,275,4,0,4,279
02/22/2020,OMA,NE,ACE,CE,Towers with Radar,116,47,28,2,193,0,0,28,2,30,116,47,56,4,223,4,0,4,227
02/23/2020,OMA,NE,ACE,CE,Towers with Radar,142,37,28,1,208,0,4,22,1,27,142,41,50,2,235,22,0,22,257
02/24/2020,OMA,NE,ACE,CE,Towers with Radar,150,61,44,0,255,0,2,5,2,9,150,63,49,2,264,36,0,36,300
02/25/2020,OMA,NE,ACE,CE,Towers with Radar,155,75,33,0,263,0,2,5,1,8,155,77,38,1,271,14,0,14,285
02/26/2020,OMA,NE,ACE,CE,Towers with Radar,159,63,36,6,264,0,4,24,0,28,159,67,60,6,292,16,0,16,308
02/27/2020,OMA,NE,ACE,CE,Towers with Radar,155,67,56,0,278,0,0,14,0,14,155,67,70,0,292,22,0,22,314
02/28/2020,OMA,NE,ACE,CE,Towers with Radar,154,51,44,4,253,0,1,15,0,16,154,52,59,4,269,50,0,50,319
02/29/2020,OMA,NE,ACE,CE,Towers with Radar,113,44,28,9,194,0,0,18,1,19,113,44,46,10,213,32,0,32,245
03/01/2020,OMA,NE,ACE,CE,Towers with Radar,137,44,21,3,205,0,2,16,1,19,137,46,37,4,224,48,0,48,272
03/02/2020,OMA,NE,ACE,CE,Towers with Radar,150,60,39,11,260,0,0,10,1,11,150,60,49,12,271,16,0,16,287
03/03/2020,OMA,NE,ACE,CE,Towers with Radar,152,65,32,1,250,0,1,3,1,5,152,66,35,2,255,0,0,0,255
03/04/2020,OMA,NE,ACE,CE,Towers with Radar,165,65,48,2,280,0,0,19,2,21,165,65,67,4,301,17,0,17,318
03/05/2020,OMA,NE,ACE,CE,Towers with Radar,156,57,31,8,252,0,0,4,0,4,156,57,35,8,256,0,0,0,256
03/06/2020,OMA,NE,ACE,CE,Towers with Radar,154,67,40,3,264,0,0,26,2,28,154,67,66,5,292,24,0,24,316
03/07/2020,OMA,NE,ACE,CE,Towers with Radar,125,47,18,1,191,0,2,7,1,10,125,49,25,2,201,10,0,10,211
03/08/2020,OMA,NE,ACE,CE,Towers with Radar,142,47,10,1,200,0,0,4,0,4,142,47,14,1,204,0,0,0,204
03/09/2020,OMA,NE,ACE,CE,Towers with Radar,152,50,34,0,236,0,0,1,0,1,152,50,35,0,237,0,0,0,237
03/10/2020,OMA,NE,ACE,CE,Towers with Radar,157,68,40,3,268,0,1,17,0,18,157,69,57,3,286,4,0,4,290
03/11/2020,OMA,NE,ACE,CE,Towers with Radar,159,80,60,1,300,0,1,10,1,12,159,81,70,2,312,0,0,0,312
03/12/2020,OMA,NE,ACE,CE,Towers with Radar,168,71,51,11,301,1,3,9,0,13,169,74,60,11,314,0,0,0,314
03/13/2020,OMA,NE,ACE,CE,Towers with Radar,160,60,47,8,275,0,0,21,1,22,160,60,68,9,297,22,0,22,319
03/14/2020,OMA,NE,ACE,CE,Towers with Radar,132,41,25,0,198,0,0,2,0,2,132,41,27,0,200,0,0,0,200
03/15/2020,OMA,NE,ACE,CE,Towers with Radar,138,45,26,0,209,0,0,5,0,5,138,45,31,0,214,10,0,10,224
03/16/2020,OMA,NE,ACE,CE,Towers with Radar,156,46,15,0,217,0,0,0,0,0,156,46,15,0,217,0,0,0,217
03/17/2020,OMA,NE,ACE,CE,Towers with Radar,155,60,27,4,246,0,0,10,0,10,155,60,37,4,256,0,0,0,256
03/18/2020,OMA,NE,ACE,CE,Towers with Radar,147,73,25,0,245,0,0,1,0,1,147,73,26,0,246,0,0,0,246
03/19/2020,OMA,NE,ACE,CE,Towers with Radar,128,41,13,0,182,0,0,0,0,0,128,41,13,0,182,0,0,0,182
03/20/2020,OMA,NE,ACE,CE,Towers with Radar,125,45,18,0,188,0,0,6,3,9,125,45,24,3,197,18,0,18,215
03/21/2020,OMA,NE,ACE,CE,Towers with Radar,104,18,19,0,141,0,0,18,0,18,104,18,37,0,159,30,0,30,189
03/22/2020,OMA,NE,ACE,CE,Towers with Radar,102,24,13,0,139,0,0,3,0,3,102,24,16,0,142,0,0,0,142
03/23/2020,OMA,NE,ACE,CE,Towers with Radar,108,36,22,4,170,0,0,0,0,0,108,36,22,4,170,0,0,0,170
03/24/2020,OMA,NE,ACE,CE,Towers with Radar,105,31,11,0,147,0,0,2,0,2,105,31,13,0,149,0,0,0,149
03/25/2020,OMA,NE,ACE,CE,Towers with Radar,98,37,15,2,152,0,0,1,0,1,98,37,16,2,153,0,0,0,153
03/26/2020,OMA,NE,ACE,CE,Towers with Radar,101,19,8,0,128,0,0,0,0,0,101,19,8,0,128,0,0,0,128
03/27/2020,OMA,NE,ACE,CE,Towers with Radar,81,35,11,0,127,0,0,0,0,0,81,35,11,0,127,0,0,0,127
03/28/2020,OMA,NE,ACE,CE,Towers with Radar,64,17,8,0,89,0,0,0,0,0,64,17,8,0,89,0,0,0,89
03/29/2020,OMA,NE,ACE,CE,Towers with Radar,78,16,13,12,119,0,1,18,0,19,78,17,31,12,138,33,0,33,171
03/30/2020,OMA,NE,ACE,CE,Towers with Radar,79,34,8,2,123,0,0,15,1,16,79,34,23,3,139,26,0,26,165
03/31/2020,OMA,NE,ACE,CE,Towers with Radar,82,33,10,0,125,0,0,18,0,18,82,33,28,0,143,17,0,17,160
04/01/2020,OMA,NE,ACE,CE,Towers with Radar,86,30,23,6,145,0,0,14,0,14,86,30,37,6,159,38,0,38,197
04/02/2020,OMA,NE,ACE,CE,Towers with Radar,82,21,10,0,113,0,0,8,0,8,82,21,18,0,121,0,0,0,121
04/03/2020,OMA,NE,ACE,CE,Towers with Radar,70,20,16,0,106,0,0,0,0,0,70,20,16,0,106,0,0,0,106
04/04/2020,OMA,NE,ACE,CE,Towers with Radar,56,14,12,0,82,0,0,30,0,30,56,14,42,0,112,66,0,66,178
04/05/2020,OMA,NE,ACE,CE,Towers with Radar,57,8,14,7,86,0,0,26,1,27,57,8,40,8,113,0,4,4,117
04/06/2020,OMA,NE,ACE,CE,Towers with Radar,64,23,30,0,117,0,0,7,1,8,64,23,37,1,125,2,0,2,127
04/07/2020,OMA,NE,ACE,CE,Towers with Radar,63,27,16,0,106,0,0,13,0,13,63,27,29,0,119,0,0,0,119
04/08/2020,OMA,NE,ACE,CE,Towers with Radar,72,31,10,0,113,1,0,6,2,9,73,31,16,2,122,0,0,0,122
04/09/2020,OMA,NE,ACE,CE,Towers with Radar,72,27,9,0,108,0,0,4,0,4,72,27,13,0,112,0,0,0,112
04/10/2020,OMA,NE,ACE,CE,Towers with Radar,68,30,13,0,111,0,0,22,0,22,68,30,35,0,133,0,0,0,133
04/11/2020,OMA,NE,ACE,CE,Towers with Radar,54,14,10,0,78,0,0,12,0,12,54,14,22,0,90,36,0,36,126
04/12/2020,OMA,NE,ACE,CE,Towers with Radar,45,3,0,0,48,0,0,1,0,1,45,3,1,0,49,0,0,0,49
04/13/2020,OMA,NE,ACE,CE,Towers with Radar,60,17,9,4,90,0,1,4,0,5,60,18,13,4,95,0,0,0,95
04/14/2020,OMA,NE,ACE,CE,Towers with Radar,55,23,20,8,106,0,1,6,6,13,55,24,26,14,119,0,0,0,119
04/15/2020,OMA,NE,ACE,CE,Towers with Radar,63,27,13,0,103,0,1,21,0,22,63,28,34,0,125,16,0,16,141
04/16/2020,OMA,NE,ACE,CE,Towers with Radar,56,16,14,0,86,0,0,0,0,0,56,16,14,0,86,0,0,0,86
04/17/2020,OMA,NE,ACE,CE,Towers with Radar,61,29,22,0,112,0,4,14,0,18,61,33,36,0,130,38,0,38,168
04/18/2020,OMA,NE,ACE,CE,Towers with Radar,39,11,12,4,66,0,0,14,0,14,39,11,26,4,80,24,0,24,104
04/19/2020,OMA,NE,ACE,CE,Towers with Radar,45,3,16,0,64,0,0,9,0,9,45,3,25,0,73,12,0,12,85
04/20/2020,OMA,NE,ACE,CE,Towers with Radar,51,20,11,0,82,0,6,12,1,19,51,26,23,1,101,26,0,26,127
04/21/2020,OMA,NE,ACE,CE,Towers with Radar,58,23,20,0,101,0,0,16,0,16,58,23,36,0,117,4,0,4,121
04/22/2020,OMA,NE,ACE,CE,Towers with Radar,54,33,13,3,103,0,2,13,1,16,54,35,26,4,119,22,0,22,141
04/23/2020,OMA,NE,ACE,CE,Towers with Radar,52,29,13,6,100,0,0,21,0,21,52,29,34,6,121,26,0,26,147
04/24/2020,OMA,NE,ACE,CE,Towers with Radar,54,28,14,0,96,0,0,5,0,5,54,28,19,0,101,0,0,0,101
04/25/2020,OMA,NE,ACE,CE,Towers with Radar,38,14,14,0,66,0,0,6,0,6,38,14,20,0,72,0,0,0,72
04/26/2020,OMA,NE,ACE,CE,Towers with Radar,43,2,8,0,53,0,1,16,0,17,43,3,24,0,70,38,0,38,108
04/27/2020,OMA,NE,ACE,CE,Towers with Radar,53,25,16,0,94,0,1,18,0,19,53,26,34,0,113,30,0,30,143
04/28/2020,OMA,NE,ACE,CE,Towers with Radar,49,24,7,0,80,0,1,1,0,2,49,25,8,0,82,0,0,0,82
04/29/2020,OMA,NE,ACE,CE,Towers with Radar,47,24,12,0,83,0,0,2,0,2,47,24,14,0,85,0,0,0,85
04/30/2020,OMA,NE,ACE,CE,Towers with Radar,48,32,24,0,104,0,0,39,24,63,48,32,63,24,167,52,0,52,219
05/01/2020,OMA,NE,ACE,CE,Towers with Radar,67,23,14,0,104,0,1,9,1,11,67,24,23,1,115,14,0,14,129
05/02/2020,OMA,NE,ACE,CE,Towers with Radar,45,11,15,0,71,0,0,18,0,18,45,11,33,0,89,46,0,46,135
05/03/2020,OMA,NE,ACE,CE,Towers with Radar,46,8,28,10,92,0,0,23,0,23,46,8,51,10,115,24,0,24,139
05/04/2020,OMA,NE,ACE,CE,Towers with Radar,55,21,14,2,92,0,0,6,0,6,55,21,20,2,98,6,0,6,104
05/05/2020,OMA,NE,ACE,CE,Towers with Radar,50,31,15,0,96,0,2,7,0,9,50,33,22,0,105,18,0,18,123
05/06/2020,OMA,NE,ACE,CE,Towers with Radar,56,37,13,0,106,0,1,29,0,30,56,38,42,0,136,66,0,66,202
05/07/2020,OMA,NE,ACE,CE,Towers with Radar,61,33,12,2,108,0,0,7,0,7,61,33,19,2,115,0,0,0,115
05/08/2020,OMA,NE,ACE,CE,Towers with Radar,65,27,27,11,130,1,0,23,6,30,66,27,50,17,160,0,10,10,170
05/09/2020,OMA,NE,ACE,CE,Towers with Radar,52,22,7,0,81,0,0,5,3,8,52,22,12,3,89,8,0,8,97
05/10/2020,OMA,NE,ACE,CE,Towers with Radar,56,4,7,0,67,0,0,2,0,2,56,4,9,0,69,0,0,0,69
05/11/2020,OMA,NE,ACE,CE,Towers with Radar,60,23,23,0,106,0,0,12,0,12,60,23,35,0,118,6,0,6,124
05/12/2020,OMA,NE,ACE,CE,Towers with Radar,54,31,18,0,103,0,2,9,0,11,54,33,27,0,114,0,0,0,114
05/13/2020,OMA,NE,ACE,CE,Towers with Radar,68,35,15,0,118,0,0,0,0,0,68,35,15,0,118,0,0,0,118
05/14/2020,OMA,NE,ACE,CE,Towers with Radar,62,40,17,0,119,0,0,1,0,1,62,40,18,0,120,0,0,0,120
05/15/2020,OMA,NE,ACE,CE,Towers with Radar,68,48,38,8,162,0,2,30,0,32,68,50,68,8,194,18,0,18,212
05/16/2020,OMA,NE,ACE,CE,Towers with Radar,50,15,3,0,68,0,0,4,0,4,50,15,7,0,72,0,0,0,72
05/17/2020,OMA,NE,ACE,CE,Towers with Radar,58,13,21,0,92,0,0,1,0,1,58,13,22,0,93,0,0,0,93
05/18/2020,OMA,NE,ACE,CE,Towers with Radar,60,32,24,0,116,0,2,9,1,12,60,34,33,1,128,32,0,32,160
05/19/2020,OMA,NE,ACE,CE,Towers with Radar,56,46,54,0,156,0,0,8,0,8,56,46,62,0,164,4,0,4,168
05/20/2020,OMA,NE,ACE,CE,Towers with Radar,67,54,33,0,154,0,2,7,0,9,67,56,40,0,163,16,0,16,179
05/21/2020,OMA,NE,ACE,CE,Towers with Radar,64,38,39,2,143,0,0,11,0,11,64,38,50,2,154,10,0,10,164
05/22/2020,OMA,NE,ACE,CE,Towers with Radar,65,36,27,0,128,0,0,0,0,0,65,36,27,0,128,0,0,0,128
05/23/2020,OMA,NE,ACE,CE,Towers with Radar,56,16,24,0,96,0,0,24,0,24,56,16,48,0,120,58,0,58,178
05/24/2020,OMA,NE,ACE,CE,Towers with Radar,58,9,15,0,82,0,0,6,0,6,58,9,21,0,88,14,0,14,102
05/25/2020,OMA,NE,ACE,CE,Towers with Radar,57,18,12,0,87,0,0,1,0,1,57,18,13,0,88,0,0,0,88
05/26/2020,OMA,NE,ACE,CE,Towers with Radar,51,32,13,0,96,0,0,1,0,1,51,32,14,0,97,0,0,0,97
05/27/2020,OMA,NE,ACE,CE,Towers with Radar,71,38,28,0,137,0,0,0,1,1,71,38,28,1,138,0,0,0,138
05/28/2020,OMA,NE,ACE,CE,Towers with Radar,64,40,31,0,135,0,2,24,0,26,64,42,55,0,161,14,0,14,175
05/29/2020,OMA,NE,ACE,CE,Towers with Radar,69,36,36,1,142,0,0,39,0,39,69,36,75,1,181,37,0,37,218
05/30/2020,OMA,NE,ACE,CE,Towers with Radar,54,18,18,0,90,0,0,7,1,8,54,18,25,1,98,32,0,32,130
05/31/2020,OMA,NE,ACE,CE,Towers with Radar,58,6,9,0,73,0,1,8,2,11,58,7,17,2,84,0,0,0,84
06/01/2020,OMA,NE,ACE,CE,Towers with Radar,62,36,16,0,114,0,4,5,4,13,62,40,21,4,127,12,0,12,139
06/02/2020,OMA,NE,ACE,CE,Towers with Radar,58,43,9,0,110,0,2,14,0,16,58,45,23,0,126,8,0,8,134
06/03/2020,OMA,NE,ACE,CE,Towers with Radar,77,30,20,0,127,0,0,31,0,31,77,30,51,0,158,30,0,30,188
06/04/2020,OMA,NE,ACE,CE,Towers with Radar,66,49,35,0,150,0,1,24,0,25,66,50,59,0,175,12,0,12,187
06/05/2020,OMA,NE,ACE,CE,Towers with Radar,66,31,31,1,129,0,1,26,4,31,66,32,57,5,160,0,0,0,160
06/06/2020,OMA,NE,ACE,CE,Towers with Radar,57,14,15,1,87,0,0,23,0,23,57,14,38,1,110,40,0,40,150
06/07/2020,OMA,NE,ACE,CE,Towers with Radar,66,20,15,0,101,0,0,13,4,17,66,20,28,4,118,0,0,0,118
06/08/2020,OMA,NE,ACE,CE,Towers with Radar,70,42,22,8,142,0,0,5,0,5,70,42,27,8,147,14,0,14,161
06/09/2020,OMA,NE,ACE,CE,Towers with Radar,74,41,24,0,139,0,0,8,0,8,74,41,32,0,147,68,0,68,215
06/10/2020,OMA,NE,ACE,CE,Towers with Radar,79,49,27,12,167,0,2,19,0,21,79,51,46,12,188,16,0,16,204
06/11/2020,OMA,NE,ACE,CE,Towers with Radar,79,37,45,0,161,0,2,39,0,41,79,39,84,0,202,78,0,78,280
06/12/2020,OMA,NE,ACE,CE,Towers with Radar,74,40,28,12,154,0,1,24,6,31,74,41,52,18,185,22,6,28,213
06/13/2020,OMA,NE,ACE,CE,Towers with Radar,66,40,24,0,130,0,1,21,1,23,66,41,45,1,153,36,0,36,189
06/14/2020,OMA,NE,ACE,CE,Towers with Radar,65,37,23,0,125,0,1,13,0,14,65,38,36,0,139,10,0,10,149
06/15/2020,OMA,NE,ACE,CE,Towers with Radar,70,37,27,13,147,0,0,11,0,11,70,37,38,13,158,6,0,6,164
06/16/2020,OMA,NE,ACE,CE,Towers with Radar,74,44,31,0,149,0,2,19,0,21,74,46,50,0,170,20,0,20,190
06/17/2020,OMA,NE,ACE,CE,Towers with Radar,78,38,32,6,154,0,1,23,0,24,78,39,55,6,178,22,0,22,200
06/18/2020,OMA,NE,ACE,CE,Towers with Radar,77,41,25,0,143,0,0,9,0,9,77,41,34,0,152,18,0,18,170
06/19/2020,OMA,NE,ACE,CE,Towers with Radar,72,37,41,0,150,0,0,7,0,7,72,37,48,0,157,38,0,38,195
06/20/2020,OMA,NE,ACE,CE,Towers with Radar,68,24,12,0,104,0,1,14,0,15,68,25,26,0,119,34,0,34,153
06/21/2020,OMA,NE,ACE,CE,Towers with Radar,65,25,14,0,104,0,0,11,0,11,65,25,25,0,115,4,0,4,119
06/22/2020,OMA,NE,ACE,CE,Towers with Radar,70,31,36,0,137,0,1,4,0,5,70,32,40,0,142,34,0,34,176
06/23/2020,OMA,NE,ACE,CE,Towers with Radar,76,51,51,1,179,0,1,20,0,21,76,52,71,1,200,32,0,32,232
06/24/2020,OMA,NE,ACE,CE,Towers with Radar,80,44,47,2,173,0,0,29,0,29,80,44,76,2,202,66,0,66,268
06/25/2020,OMA,NE,ACE,CE,Towers with Radar,79,53,60,7,199,0,0,33,2,35,79,53,93,9,234,4,0,4,238
06/26/2020,OMA,NE,ACE,CE,Towers with Radar,74,40,41,0,155,0,0,15,0,15,74,40,56,0,170,28,0,28,198
06/27/2020,OMA,NE,ACE,CE,Towers with Radar,71,25,24,0,120,0,1,18,1,20,71,26,42,1,140,10,0,10,150
06/28/2020,OMA,NE,ACE,CE,Towers with Radar,67,23,24,0,114,0,0,17,0,17,67,23,41,0,131,52,0,52,183
06/29/2020,OMA,NE,ACE,CE,Towers with Radar,72,28,33,4,137,0,0,4,0,4,72,28,37,4,141,14,0,14,155
06/30/2020,OMA,NE,ACE,CE,Towers with Radar,78,43,49,2,172,0,0,9,0,9,78,43,58,2,181,6,0,6,187
07/01/2020,OMA,NE,ACE,CE,Towers with Radar,83,50,29,0,162,0,1,23,1,25,83,51,52,1,187,26,0,26,213
07/02/2020,OMA,NE,ACE,CE,Towers with Radar,86,48,46,0,180,0,2,14,1,17,86,50,60,1,197,4,0,4,201
07/03/2020,OMA,NE,ACE,CE,Towers with Radar,85,35,35,0,155,0,0,15,0,15,85,35,50,0,170,28,0,28,198
07/04/2020,OMA,NE,ACE,CE,Towers with Radar,69,3,3,0,75,0,0,5,0,5,69,3,8,0,80,6,0,6,86
07/05/2020,OMA,NE,ACE,CE,Towers with Radar,77,24,26,0,127,0,2,18,0,20,77,26,44,0,147,8,0,8,155
07/06/2020,OMA,NE,ACE,CE,Towers with Radar,86,25,33,0,144,0,0,13,0,13,86,25,46,0,157,28,0,28,185
07/07/2020,OMA,NE,ACE,CE,Towers with Radar,98,40,35,0,173,0,0,62,0,62,98,40,97,0,235,54,0,54,289
07/08/2020,OMA,NE,ACE,CE,Towers with Radar,102,52,41,6,201,0,1,18,0,19,102,53,59,6,220,28,0,28,248
07/09/2020,OMA,NE,ACE,CE,Towers with Radar,104,41,37,6,188,0,0,24,0,24,104,41,61,6,212,36,0,36,248
07/10/2020,OMA,NE,ACE,CE,Towers with Radar,98,44,47,0,189,0,0,21,0,21,98,44,68,0,210,24,0,24,234
07/11/2020,OMA,NE,ACE,CE,Towers with Radar,93,20,19,0,132,0,3,17,0,20,93,23,36,0,152,32,0,32,184
07/12/2020,OMA,NE,ACE,CE,Towers with Radar,84,38,25,2,149,0,1,29,1,31,84,39,54,3,180,6,0,6,186
07/13/2020,OMA,NE,ACE,CE,Towers with Radar,88,26,38,13,165,0,0,11,0,11,88,26,49,13,176,8,0,8,184
07/14/2020,OMA,NE,ACE,CE,Towers with Radar,88,54,34,6,182,0,0,16,0,16,88,54,50,6,198,30,0,30,228
07/15/2020,OMA,NE,ACE,CE,Towers with Radar,99,36,57,0,192,0,0,17,0,17,99,36,74,0,209,10,0,10,219
07/16/2020,OMA,NE,ACE,CE,Towers with Radar,98,42,48,0,188,0,0,23,0,23,98,42,71,0,211,8,0,8,219
07/17/2020,OMA,NE,ACE,CE,Towers with Radar,95,36,34,12,177,0,1,17,0,18,95,37,51,12,195,40,0,40,235
07/18/2020,OMA,NE,ACE,CE,Towers with Radar,96,20,20,7,143,0,0,10,3,13,96,20,30,10,156,16,0,16,172
07/19/2020,OMA,NE,ACE,CE,Towers with Radar,84,26,24,0,134,0,0,21,0,21,84,26,45,0,155,40,0,40,195
07/20/2020,OMA,NE,ACE,CE,Towers with Radar,90,43,29,0,162,0,1,6,0,7,90,44,35,0,169,20,0,20,189
07/21/2020,OMA,NE,ACE,CE,Towers with Radar,90,51,39,16,196,0,1,18,1,20,90,52,57,17,216,30,0,30,246
07/22/2020,OMA,NE,ACE,CE,Towers with Radar,103,37,45,14,199,0,0,13,0,13,103,37,58,14,212,6,0,6,218
07/23/2020,OMA,NE,ACE,CE,Towers with Radar,101,39,22,3,165,0,0,19,1,20,101,39,41,4,185,0,0,0,185
07/24/2020,OMA,NE,ACE,CE,Towers with Radar,98,47,31,6,182,0,1,10,1,12,98,48,41,7,194,22,0,22,216
07/25/2020,OMA,NE,ACE,CE,Towers with Radar,95,35,11,0,141,0,3,16,0,19,95,38,27,0,160,10,0,10,170
07/26/2020,OMA,NE,ACE,CE,Towers with Radar,84,14,18,0,116,0,0,21,0,21,84,14,39,0,137,40,0,40,177
07/27/2020,OMA,NE,ACE,CE,Towers with Radar,92,29,30,5,156,0,3,20,0,23,92,32,50,5,179,48,0,48,227
07/28/2020,OMA,NE,ACE,CE,Towers with Radar,92,40,38,0,170,0,0,22,1,23,92,40,60,1,193,40,0,40,233
07/29/2020,OMA,NE,ACE,CE,Towers with Radar,102,51,30,0,183,0,6,9,0,15,102,57,39,0,198,28,0,28,226
07/30/2020,OMA,NE,ACE,CE,Towers with Radar,102,55,27,0,184,0,1,12,0,13,102,56,39,0,197,0,0,0,197
07/31/2020,OMA,NE,ACE,CE,Towers with Radar,97,33,44,6,180,0,8,27,0,35,97,41,71,6,215,46,0,46,261
08/01/2020,OMA,NE,ACE,CE,Towers with Radar,98,42,25,0,165,0,5,12,0,17,98,47,37,0,182,12,0,12,194
08/02/2020,OMA,NE,ACE,CE,Towers with Radar,94,18,12,0,124,0,3,9,1,13,94,21,21,1,137,8,0,8,145
08/03/2020,OMA,NE,ACE,CE,Towers with Radar,100,23,30,22,175,0,1,39,0,40,100,24,69,22,215,68,0,68,283
08/04/2020,OMA,NE,ACE,CE,Towers with Radar,98,36,28,20,182,0,1,34,2,37,98,37,62,22,219,46,10,56,275
08/05/2020,OMA,NE,ACE,CE,Towers with Radar,105,41,26,20,192,0,0,10,2,12,105,41,36,22,204,8,2,10,214
08/06/2020,OMA,NE,ACE,CE,Towers with Radar,108,42,34,0,184,0,0,20,0,20,108,42,54,0,204,18,0,18,222
08/07/2020,OMA,NE,ACE,CE,Towers with Radar,107,48,23,2,180,0,0,4,0,4,107,48,27,2,184,24,0,24,208
08/08/2020,OMA,NE,ACE,CE,Towers with Radar,98,32,29,0,159,0,0,12,0,12,98,32,41,0,171,36,0,36,207
08/09/2020,OMA,NE,ACE,CE,Towers with Radar,96,18,28,0,142,0,0,29,0,29,96,18,57,0,171,16,0,16,187
08/10/2020,OMA,NE,ACE,CE,Towers with Radar,103,44,18,0,165,0,2,15,0,17,103,46,33,0,182,58,0,58,240
08/11/2020,OMA,NE,ACE,CE,Towers with Radar,103,39,31,8,181,0,1,22,2,25,103,40,53,10,206,50,0,50,256
08/12/2020,OMA,NE,ACE,CE,Towers with Radar,109,43,26,1,179,0,1,7,1,9,109,44,33,2,188,10,0,10,198
08/13/2020,OMA,NE,ACE,CE,Towers with Radar,115,52,52,8,227,0,0,11,1,12,115,52,63,9,239,30,0,30,269
08/14/2020,OMA,NE,ACE,CE,Towers with Radar,107,37,31,19,194,0,1,9,0,10,107,38,40,19,204,4,0,4,208
08/15/2020,OMA,NE,ACE,CE,Towers with Radar,100,36,18,0,154,0,0,17,0,17,100,36,35,0,171,16,0,16,187
08/16/2020,OMA,NE,ACE,CE,Towers with Radar,97,22,21,2,142,0,0,6,1,7,97,22,27,3,149,4,0,4,153
08/17/2020,OMA,NE,ACE,CE,Towers with Radar,100,30,35,4,169,0,1,24,0,25,100,31,59,4,194,60,0,60,254
08/18/2020,OMA,NE,ACE,CE,Towers with Radar,102,34,44,0,180,0,3,25,1,29,102,37,69,1,209,30,0,30,239
08/19/2020,OMA,NE,ACE,CE,Towers with Radar,106,32,35,0,173,0,1,37,0,38,106,33,72,0,211,18,0,18,229
08/20/2020,OMA,NE,ACE,CE,Towers with Radar,110,42,39,0,191,0,0,25,0,25,110,42,64,0,216,20,0,20,236
08/21/2020,OMA,NE,ACE,CE,Towers with Radar,108,49,61,12,230,0,2,33,1,36,108,51,94,13,266,22,0,22,288
08/22/2020,OMA,NE,ACE,CE,Towers with Radar,95,23,19,0,137,1,1,27,0,29,96,24,46,0,166,8,0,8,174
08/23/2020,OMA,NE,ACE,CE,Towers with Radar,98,19,31,0,148,0,2,26,1,29,98,21,57,1,177,18,0,18,195
08/24/2020,OMA,NE,ACE,CE,Towers with Radar,99,40,19,0,158,0,4,20,0,24,99,44,39,0,182,36,0,36,218
08/25/2020,OMA,NE,ACE,CE,Towers with Radar,104,44,21,0,169,0,0,17,1,18,104,44,38,1,187,16,0,16,203
08/26/2020,OMA,NE,ACE,CE,Towers with Radar,105,44,33,8,190,0,0,16,1,17,105,44,49,9,207,16,0,16,223
08/27/2020,OMA,NE,ACE,CE,Towers with Radar,110,56,50,10,226,0,1,17,1,19,110,57,67,11,245,12,0,12,257
08/28/2020,OMA,NE,ACE,CE,Towers with Radar,107,35,38,12,192,0,0,20,3,23,107,35,58,15,215,0,0,0,215
08/29/2020,OMA,NE,ACE,CE,Towers with Radar,93,33,43,9,178,0,3,32,3,38,93,36,75,12,216,34,0,34,250
08/30/2020,OMA,NE,ACE,CE,Towers with Radar,96,31,29,1,157,0,1,18,0,19,96,32,47,1,176,28,0,28,204
08/31/2020,OMA,NE,ACE,CE,Towers with Radar,100,41,42,6,189,0,1,36,2,39,100,42,78,8,228,34,4,38,266
09/01/2020,OMA,NE,ACE,CE,Towers with Radar,94,48,28,6,176,0,0,17,0,17,94,48,45,6,193,10,0,10,203
09/02/2020,OMA,NE,ACE,CE,Towers with Radar,105,34,44,2,185,0,1,27,0,28,105,35,71,2,213,76,0,76,289
09/03/2020,OMA,NE,ACE,CE,Towers with Radar,111,57,43,6,217,0,2,12,7,21,111,59,55,13,238,0,0,0,238
09/04/2020,OMA,NE,ACE,CE,Towers with Radar,106,44,51,0,201,0,1,26,1,28,106,45,77,1,229,52,0,52,281
09/05/2020,OMA,NE,ACE,CE,Towers with Radar,86,23,15,0,124,0,1,17,4,22,86,24,32,4,146,10,0,10,156
09/06/2020,OMA,NE,ACE,CE,Towers with Radar,75,19,16,0,110,0,0,3,0,3,75,19,19,0,113,0,0,0,113
09/07/2020,OMA,NE,ACE,CE,Towers with Radar,86,29,35,0,150,0,2,12,0,14,86,31,47,0,164,6,0,6,170
09/08/2020,OMA,NE,ACE,CE,Towers with Radar,82,44,27,6,159,0,0,1,0,1,82,44,28,6,160,0,0,0,160
09/09/2020,OMA,NE,ACE,CE,Towers with Radar,95,48,20,0,163,0,0,0,0,0,95,48,20,0,163,0,0,0,163
09/10/2020,OMA,NE,ACE,CE,Towers with Radar,101,50,47,2,200,0,0,0,0,0,101,50,47,2,200,0,0,0,200
09/11/2020,OMA,NE,ACE,CE,Towers with Radar,98,48,55,0,201,0,0,1,0,1,98,48,56,0,202,0,0,0,202
09/12/2020,OMA,NE,ACE,CE,Towers with Radar,90,15,29,0,134,0,0,18,2,20,90,15,47,2,154,24,0,24,178
09/13/2020,OMA,NE,ACE,CE,Towers with Radar,88,26,32,1,147,0,0,27,1,28,88,26,59,2,175,16,0,16,191
09/14/2020,OMA,NE,ACE,CE,Towers with Radar,92,40,44,2,178,0,5,25,0,30,92,45,69,2,208,14,0,14,222
09/15/2020,OMA,NE,ACE,CE,Towers with Radar,91,48,54,1,194,0,1,21,1,23,91,49,75,2,217,28,0,28,245
09/16/2020,OMA,NE,ACE,CE,Towers with Radar,92,55,38,3,188,0,0,29,1,30,92,55,67,4,218,30,0,30,248
09/17/2020,OMA,NE,ACE,CE,Towers with Radar,99,53,28,4,184,0,1,59,0,60,99,54,87,4,244,26,0,26,270
09/18/2020,OMA,NE,ACE,CE,Towers with Radar,98,41,38,11,188,0,3,26,0,29,98,44,64,11,217,34,0,34,251
09/19/2020,OMA,NE,ACE,CE,Towers with Radar,90,24,18,1,133,0,1,5,0,6,90,25,23,1,139,0,0,0,139
09/20/2020,OMA,NE,ACE,CE,Towers with Radar,90,28,21,0,139,0,0,3,0,3,90,28,24,0,142,0,0,0,142
09/21/2020,OMA,NE,ACE,CE,Towers with Radar,89,39,42,0,170,0,4,22,0,26,89,43,64,0,196,46,0,46,242
09/22/2020,OMA,NE,ACE,CE,Towers with Radar,88,39,39,17,183,0,2,23,1,26,88,41,62,18,209,48,8,56,265
09/23/2020,OMA,NE,ACE,CE,Towers with Radar,94,39,36,9,178,0,1,15,1,17,94,40,51,10,195,18,0,18,213
09/24/2020,OMA,NE,ACE,CE,Towers with Radar,99,43,39,1,182,0,2,20,3,25,99,45,59,4,207,6,0,6,213
09/25/2020,OMA,NE,ACE,CE,Towers with Radar,100,50,42,0,192,0,0,18,1,19,100,50,60,1,211,22,0,22,233
09/26/2020,OMA,NE,ACE,CE,Towers with Radar,89,31,24,2,146,0,1,16,0,17,89,32,40,2,163,0,0,0,163
09/27/2020,OMA,NE,ACE,CE,Towers with Radar,88,20,25,0,133,0,0,6,0,6,88,20,31,0,139,4,0,4,143
09/28/2020,OMA,NE,ACE,CE,Towers with Radar,89,33,37,5,164,0,0,7,2,9,89,33,44,7,173,8,0,8,181
09/29/2020,OMA,NE,ACE,CE,Towers with Radar,88,35,35,4,162,0,2,32,2,36,88,37,67,6,198,44,0,44,242
09/30/2020,OMA,NE,ACE,CE,Towers with Radar,94,47,29,4,174,0,2,13,0,15,94,49,42,4,189,6,0,6,195
10/01/2020,OMA,NE,ACE,CE,Towers with Radar,99,59,32,5,195,0,2,5,8,15,99,61,37,13,210,0,0,0,210
10/02/2020,OMA,NE,ACE,CE,Towers with Radar,100,56,34,2,192,0,0,25,0,25,100,56,59,2,217,16,0,16,233
10/03/2020,OMA,NE,ACE,CE,Towers with Radar,91,24,13,0,128,0,1,9,0,10,91,25,22,0,138,2,0,2,140
10/04/2020,OMA,NE,ACE,CE,Towers with Radar,90,32,28,1,151,0,0,28,0,28,90,32,56,1,179,30,0,30,209
10/05/2020,OMA,NE,ACE,CE,Towers with Radar,92,36,19,20,167,0,0,4,0,4,92,36,23,20,171,0,0,0,171
10/06/2020,OMA,NE,ACE,CE,Towers with Radar,89,48,32,16,185,0,0,21,0,21,89,48,53,16,206,24,0,24,230
10/07/2020,OMA,NE,ACE,CE,Towers with Radar,95,61,51,16,223,0,0,27,0,27,95,61,78,16,250,20,0,20,270
10/08/2020,OMA,NE,ACE,CE,Towers with Radar,100,53,39,1,193,0,0,11,0,11,100,53,50,1,204,10,0,10,214
10/09/2020,OMA,NE,ACE,CE,Towers with Radar,102,62,45,6,215,0,0,15,0,15,102,62,60,6,230,12,0,12,242
10/10/2020,OMA,NE,ACE,CE,Towers with Radar,87,31,34,2,154,0,0,30,0,30,87,31,64,2,184,36,0,36,220
10/11/2020,OMA,NE,ACE,CE,Towers with Radar,93,28,19,0,140,0,0,6,4,10,93,28,25,4,150,0,0,0,150
10/12/2020,OMA,NE,ACE,CE,Towers with Radar,98,43,47,0,188,0,0,28,0,28,98,43,75,0,216,8,0,8,224
10/13/2020,OMA,NE,ACE,CE,Towers with Radar,88,33,57,0,178,0,1,24,0,25,88,34,81,0,203,28,0,28,231
10/14/2020,OMA,NE,ACE,CE,Towers with Radar,95,50,34,9,188,0,1,4,3,8,95,51,38,12,196,10,0,10,206
10/15/2020,OMA,NE,ACE,CE,Towers with Radar,102,58,60,23,243,0,0,29,1,30,102,58,89,24,273,66,6,72,345
10/16/2020,OMA,NE,ACE,CE,Towers with Radar,100,53,42,0,195,0,3,24,0,27,100,56,66,0,222,50,0,50,272
10/17/2020,OMA,NE,ACE,CE,Towers with Radar,87,26,16,0,129,0,2,11,0,13,87,28,27,0,142,8,0,8,150
10/18/2020,OMA,NE,ACE,CE,Towers with Radar,93,23,23,0,139,0,1,16,0,17,93,24,39,0,156,6,0,6,162
10/19/2020,OMA,NE,ACE,CE,Towers with Radar,95,34,35,3,167,0,0,7,1,8,95,34,42,4,175,0,0,0,175
10/20/2020,OMA,NE,ACE,CE,Towers with Radar,87,49,49,4,189,0,1,1,0,2,87,50,50,4,191,12,0,12,203
10/21/2020,OMA,NE,ACE,CE,Towers with Radar,94,45,49,10,198,0,0,13,0,13,94,45,62,10,211,42,0,42,253
10/22/2020,OMA,NE,ACE,CE,Towers with Radar,104,52,44,0,200,0,0,0,0,0,104,52,44,0,200,0,0,0,200
10/23/2020,OMA,NE,ACE,CE,Towers with Radar,103,43,35,0,181,0,0,3,0,3,103,43,38,0,184,0,0,0,184
10/24/2020,OMA,NE,ACE,CE,Towers with Radar,83,25,33,1,142,0,0,19,0,19,83,25,52,1,161,16,0,16,177
10/25/2020,OMA,NE,ACE,CE,Towers with Radar,83,22,16,1,122,0,0,2,0,2,83,22,18,1,124,0,0,0,124
10/26/2020,OMA,NE,ACE,CE,Towers with Radar,91,30,30,2,153,0,0,13,0,13,91,30,43,2,166,24,0,24,190
10/27/2020,OMA,NE,ACE,CE,Towers with Radar,85,38,34,2,159,0,0,22,0,22,85,38,56,2,181,32,0,32,213
10/28/2020,OMA,NE,ACE,CE,Towers with Radar,89,51,41,6,187,0,2,18,1,21,89,53,59,7,208,14,0,14,222
10/29/2020,OMA,NE,ACE,CE,Towers with Radar,92,53,44,14,203,0,1,27,11,39,92,54,71,25,242,26,22,48,290
10/30/2020,OMA,NE,ACE,CE,Towers with Radar,94,49,46,18,207,0,0,29,0,29,94,49,75,18,236,22,26,48,284
10/31/2020,OMA,NE,ACE,CE,Towers with Radar,65,20,9,0,94,0,0,13,0,13,65,20,22,0,107,0,0,0,107
11/01/2020,OMA,NE,ACE,CE,Towers with Radar,82,23,30,0,135,0,0,40,0,40,82,23,70,0,175,26,0,26,201
11/02/2020,OMA,NE,ACE,CE,Towers with Radar,89,46,60,0,195,0,2,24,1,27,89,48,84,1,222,36,0,36,258
11/03/2020,OMA,NE,ACE,CE,Towers with Radar,80,45,25,0,150,0,2,25,0,27,80,47,50,0,177,20,0,20,197
11/04/2020,OMA,NE,ACE,CE,Towers with Radar,85,50,47,0,182,0,1,28,0,29,85,51,75,0,211,56,0,56,267
11/05/2020,OMA,NE,ACE,CE,Towers with Radar,99,50,45,0,194,0,2,33,0,35,99,52,78,0,229,12,0,12,241
11/06/2020,OMA,NE,ACE,CE,Towers with Radar,101,48,43,15,207,0,3,29,0,32,101,51,72,15,239,50,0,50,289
11/07/2020,OMA,NE,ACE,CE,Towers with Radar,78,28,26,0,132,0,0,11,0,11,78,28,37,0,143,4,0,4,147
11/08/2020,OMA,NE,ACE,CE,Towers with Radar,92,35,26,0,153,0,2,1,0,3,92,37,27,0,156,18,0,18,174
11/09/2020,OMA,NE,ACE,CE,Towers with Radar,97,31,32,2,162,0,0,0,0,0,97,31,32,2,162,0,0,0,162
11/10/2020,OMA,NE,ACE,CE,Towers with Radar,88,30,26,2,146,0,0,1,0,1,88,30,27,2,147,0,0,0,147
11/11/2020,OMA,NE,ACE,CE,Towers with Radar,93,45,25,2,165,0,1,10,0,11,93,46,35,2,176,32,0,32,208
11/12/2020,OMA,NE,ACE,CE,Towers with Radar,103,49,42,3,197,0,1,25,2,28,103,50,67,5,225,0,0,0,225
11/13/2020,OMA,NE,ACE,CE,Towers with Radar,108,46,27,4,185,0,8,17,0,25,108,54,44,4,210,40,0,40,250
11/14/2020,OMA,NE,ACE,CE,Towers with Radar,86,22,24,1,133,0,0,11,0,11,86,22,35,1,144,18,0,18,162
11/15/2020,OMA,NE,ACE,CE,Towers with Radar,95,26,15,0,136,0,0,1,0,1,95,26,16,0,137,0,0,0,137
11/16/2020,OMA,NE,ACE,CE,Towers with Radar,94,35,20,0,149,0,7,20,0,27,94,42,40,0,176,96,0,96,272
11/17/2020,OMA,NE,ACE,CE,Towers with Radar,84,45,31,16,176,0,0,12,4,16,84,45,43,20,192,38,6,44,236
11/18/2020,OMA,NE,ACE,CE,Towers with Radar,89,60,34,0,183,0,1,12,0,13,89,61,46,0,196,0,0,0,196
11/19/2020,OMA,NE,ACE,CE,Towers with Radar,104,56,40,0,200,0,0,39,0,39,104,56,79,0,239,46,0,46,285
11/20/2020,OMA,NE,ACE,CE,Towers with Radar,105,57,46,0,208,0,0,20,2,22,105,57,66,2,230,28,0,28,258
11/21/2020,OMA,NE,ACE,CE,Towers with Radar,96,31,36,2,165,0,0,19,0,19,96,31,55,2,184,48,4,52,236
11/22/2020,OMA,NE,ACE,CE,Towers with Radar,99,30,28,2,159,0,0,22,1,23,99,30,50,3,182,44,0,44,226
11/23/2020,OMA,NE,ACE,CE,Towers with Radar,97,32,13,0,142,0,0,2,0,2,97,32,15,0,144,0,0,0,144
11/24/2020,OMA,NE,ACE,CE,Towers with Radar,111,46,17,0,174,0,0,0,0,0,111,46,17,0,174,0,0,0,174
11/25/2020,OMA,NE,ACE,CE,Towers with Radar,111,52,29,0,192,0,1,0,0,1,111,53,29,0,193,0,0,0,193
11/26/2020,OMA,NE,ACE,CE,Towers with Radar,63,6,14,0,83,0,0,11,0,11,63,6,25,0,94,0,0,0,94
11/27/2020,OMA,NE,ACE,CE,Towers with Radar,93,26,15,0,134,0,2,30,0,32,93,28,45,0,166,18,0,18,184
11/28/2020,OMA,NE,ACE,CE,Towers with Radar,103,33,20,0,156,0,0,38,0,38,103,33,58,0,194,68,0,68,262
11/29/2020,OMA,NE,ACE,CE,Towers with Radar,109,47,20,0,176,0,0,1,0,1,109,47,21,0,177,0,0,0,177
11/30/2020,OMA,NE,ACE,CE,Towers with Radar,104,40,42,2,188,0,1,20,0,21,104,41,62,2,209,10,0,10,219
12/01/2020,OMA,NE,ACE,CE,Towers with Radar,95,52,27,6,180,0,3,56,1,60,95,55,83,7,240,184,0,184,424
12/02/2020,OMA,NE,ACE,CE,Towers with Radar,84,39,38,1,162,0,2,13,3,18,84,41,51,4,180,0,0,0,180
12/03/2020,OMA,NE,ACE,CE,Towers with Radar,97,46,28,4,175,0,2,20,5,27,97,48,48,9,202,16,8,24,226
12/04/2020,OMA,NE,ACE,CE,Towers with Radar,100,40,23,1,164,0,0,31,3,34,100,40,54,4,198,16,0,16,214
12/05/2020,OMA,NE,ACE,CE,Towers with Radar,77,27,22,2,128,0,2,22,0,24,77,29,44,2,152,36,0,36,188
12/06/2020,OMA,NE,ACE,CE,Towers with Radar,86,22,15,0,123,0,0,2,0,2,86,22,17,0,125,0,0,0,125
12/07/2020,OMA,NE,ACE,CE,Towers with Radar,92,42,30,0,164,0,1,16,2,19,92,43,46,2,183,10,0,10,193
12/08/2020,OMA,NE,ACE,CE,Towers with Radar,78,52,46,4,180,0,3,22,0,25,78,55,68,4,205,26,0,26,231
12/09/2020,OMA,NE,ACE,CE,Towers with Radar,82,47,42,1,172,0,1,26,1,28,82,48,68,2,200,54,0,54,254
12/10/2020,OMA,NE,ACE,CE,Towers with Radar,96,52,47,1,196,0,3,19,2,24,96,55,66,3,220,16,0,16,236
12/11/2020,OMA,NE,ACE,CE,Towers with Radar,98,47,21,2,168,0,0,0,0,0,98,47,21,2,168,0,0,0,168
12/12/2020,OMA,NE,ACE,CE,Towers with Radar,76,42,24,0,142,0,0,5,0,5,76,42,29,0,147,0,0,0,147
12/13/2020,OMA,NE,ACE,CE,Towers with Radar,85,24,15,0,124,0,0,4,0,4,85,24,19,0,128,2,0,2,130
12/14/2020,OMA,NE,ACE,CE,Towers with Radar,92,33,41,0,166,0,0,28,0,28,92,33,69,0,194,28,0,28,222
12/15/2020,OMA,NE,ACE,CE,Towers with Radar,82,56,31,0,169,0,0,11,0,11,82,56,42,0,180,42,0,42,222
12/16/2020,OMA,NE,ACE,CE,Towers with Radar,85,55,30,0,170,0,0,0,0,0,85,55,30,0,170,0,0,0,170
12/17/2020,OMA,NE,ACE,CE,Towers with Radar,108,55,39,0,202,0,1,25,0,26,108,56,64,0,228,20,0,20,248
12/18/2020,OMA,NE,ACE,CE,Towers with Radar,119,61,47,20,247,0,0,27,0,27,119,61,74,20,274,22,4,26,300
12/19/2020,OMA,NE,ACE,CE,Towers with Radar,105,42,26,0,173,0,1,29,4,34,105,43,55,4,207,40,0,40,247
12/20/2020,OMA,NE,ACE,CE,Towers with Radar,105,38,13,0,156,0,0,23,0,23,105,38,36,0,179,10,0,10,189
12/21/2020,OMA,NE,ACE,CE,Towers with Radar,112,33,15,3,163,0,1,11,0,12,112,34,26,3,175,0,0,0,175
12/22/2020,OMA,NE,ACE,CE,Towers with Radar,113,73,30,6,222,0,3,12,1,16,113,76,42,7,238,6,0,6,244
12/23/2020,OMA,NE,ACE,CE,Towers with Radar,118,22,19,0,159,0,0,0,0,0,118,22,19,0,159,0,0,0,159
12/24/2020,OMA,NE,ACE,CE,Towers with Radar,93,46,23,0,162,0,1,7,0,8,93,47,30,0,170,0,0,0,170
12/25/2020,OMA,NE,ACE,CE,Towers with Radar,65,8,3,0,76,0,1,0,0,1,65,9,3,0,77,0,0,0,77
12/26/2020,OMA,NE,ACE,CE,Towers with Radar,102,46,27,0,175,0,0,29,0,29,102,46,56,0,204,14,0,14,218
12/27/2020,OMA,NE,ACE,CE,Towers with Radar,107,45,12,0,164,0,0,2,0,2,107,45,14,0,166,0,0,0,166
12/28/2020,OMA,NE,ACE,CE,Towers with Radar,109,40,20,0,169,0,0,9,0,9,109,40,29,0,178,36,0,36,214
12/29/2020,OMA,NE,ACE,CE,Towers with Radar,107,19,3,0,129,0,0,0,0,0,107,19,3,0,129,0,0,0,129
12/30/2020,OMA,NE,ACE,CE,Towers with Radar,110,45,29,0,184,0,2,5,0,7,110,47,34,0,191,0,0,0,191
12/31/2020,OMA,NE,ACE,CE,Towers with Radar,94,41,22,0,157,0,1,17,0,18,94,42,39,0,175,10,0,10,185
01/01/2021,OMA,NE,ACE,CE,Towers with Radar,72,15,7,0,94,0,0,5,2,7,72,15,12,2,101,0,0,0,101
01/02/2021,OMA,NE,ACE,CE,Towers with Radar,104,40,24,0,168,0,0,4,0,4,104,40,28,0,172,0,0,0,172
01/03/2021,OMA,NE,ACE,CE,Towers with Radar,109,37,24,0,170,0,0,10,0,10,109,37,34,0,180,4,0,4,184
01/04/2021,OMA,NE,ACE,CE,Towers with Radar,111,43,35,0,189,0,1,7,0,8,111,44,42,0,197,8,0,8,205
01/05/2021,OMA,NE,ACE,CE,Towers with Radar,100,45,28,2,175,0,0,20,0,20,100,45,48,2,195,14,0,14,209
01/06/2021,OMA,NE,ACE,CE,Towers with Radar,100,41,11,0,152,0,0,0,0,0,100,41,11,0,152,0,0,0,152
01/07/2021,OMA,NE,ACE,CE,Towers with Radar,99,50,33,0,182,0,1,0,2,3,99,51,33,2,185,0,0,0,185
01/08/2021,OMA,NE,ACE,CE,Towers with Radar,103,51,22,0,176,0,0,0,0,0,103,51,22,0,176,0,0,0,176
01/09/2021,OMA,NE,ACE,CE,Towers with Radar,88,34,14,0,136,0,0,0,0,0,88,34,14,0,136,0,0,0,136
01/10/2021,OMA,NE,ACE,CE,Towers with Radar,85,23,30,0,138,0,0,4,0,4,85,23,34,0,142,0,0,0,142
01/11/2021,OMA,NE,ACE,CE,Towers with Radar,92,35,35,6,168,0,3,12,4,19,92,38,47,10,187,16,20,36,223
01/12/2021,OMA,NE,ACE,CE,Towers with Radar,89,45,46,2,182,0,2,27,0,29,89,47,73,2,211,52,0,52,263
01/13/2021,OMA,NE,ACE,CE,Towers with Radar,89,40,25,13,167,0,4,11,5,20,89,44,36,18,187,0,0,0,187
01/14/2021,OMA,NE,ACE,CE,Towers with Radar,97,38,41,0,176,0,0,2,0,2,97,38,43,0,178,12,0,12,190
01/15/2021,OMA,NE,ACE,CE,Towers with Radar,99,34,16,0,149,0,0,0,0,0,99,34,16,0,149,0,0,0,149
01/16/2021,OMA,NE,ACE,CE,Towers with Radar,83,34,23,0,140,0,0,0,0,0,83,34,23,0,140,0,0,0,140
01/17/2021,OMA,NE,ACE,CE,Towers with Radar,79,17,21,0,117,0,1,17,0,18,79,18,38,0,135,10,0,10,145
01/18/2021,OMA,NE,ACE,CE,Towers with Radar,91,48,22,1,162,0,3,18,0,21,91,51,40,1,183,14,0,14,197
01/19/2021,OMA,NE,ACE,CE,Towers with Radar,88,36,23,6,153,0,2,10,5,17,88,38,33,11,170,10,0,10,180
01/20/2021,OMA,NE,ACE,CE,Towers with Radar,90,46,42,2,180,0,1,24,0,25,90,47,66,2,205,30,0,30,235
01/21/2021,OMA,NE,ACE,CE,Towers with Radar,99,47,46,12,204,0,1,18,1,20,99,48,64,13,224,0,6,6,230
01/22/2021,OMA,NE,ACE,CE,Towers with Radar,103,50,49,10,212,0,1,27,0,28,103,51,76,10,240,26,0,26,266
01/23/2021,OMA,NE,ACE,CE,Towers with Radar,86,19,13,4,122,0,0,5,1,6,86,19,18,5,128,34,0,34,162
01/24/2021,OMA,NE,ACE,CE,Towers with Radar,86,40,23,0,149,0,1,0,0,1,86,41,23,0,150,0,0,0,150
01/25/2021,OMA,NE,ACE,CE,Towers with Radar,47,3,11,0,61,0,0,0,0,0,47,3,11,0,61,0,0,0,61
01/26/2021,OMA,NE,ACE,CE,Towers with Radar,87,36,15,0,138,0,1,6,1,8,87,37,21,1,146,10,0,10,156
01/27/2021,OMA,NE,ACE,CE,Towers with Radar,88,44,31,0,163,0,0,11,0,11,88,44,42,0,174,4,0,4,178
01/28/2021,OMA,NE,ACE,CE,Towers with Radar,99,30,29,0,158,0,0,0,0,0,99,30,29,0,158,0,0,0,158
01/29/2021,OMA,NE,ACE,CE,Towers with Radar,102,52,44,0,198,0,0,16,0,16,102,52,60,0,214,0,0,0,214
01/30/2021,OMA,NE,ACE,CE,Towers with Radar,84,19,9,0,112,0,0,0,0,0,84,19,9,0,112,0,0,0,112
01/31/2021,OMA,NE,ACE,CE,Towers with Radar,85,16,13,0,114,0,0,1,0,1,85,16,14,0,115,0,0,0,115
02/01/2021,OMA,NE,ACE,CE,Towers with Radar,101,30,27,0,158,0,0,3,0,3,101,30,30,0,161,6,0,6,167
02/02/2021,OMA,NE,ACE,CE,Towers with Radar,89,40,37,0,166,0,0,4,0,4,89,40,41,0,170,0,0,0,170
02/03/2021,OMA,NE,ACE,CE,Towers with Radar,94,40,39,0,173,0,0,30,0,30,94,40,69,0,203,54,0,54,257
02/04/2021,OMA,NE,ACE,CE,Towers with Radar,96,42,23,0,161,0,1,1,0,2,96,43,24,0,163,0,0,0,163
02/05/2021,OMA,NE,ACE,CE,Towers with Radar,104,36,45,0,185,0,2,27,0,29,104,38,72,0,214,26,0,26,240
02/06/2021,OMA,NE,ACE,CE,Towers with Radar,87,23,10,0,120,0,0,0,0,0,87,23,10,0,120,0,0,0,120
02/07/2021,OMA,NE,ACE,CE,Towers with Radar,81,20,10,0,111,0,0,0,0,0,81,20,10,0,111,0,0,0,111
02/08/2021,OMA,NE,ACE,CE,Towers with Radar,95,31,24,0,150,0,0,2,0,2,95,31,26,0,152,6,0,6,158
02/09/2021,OMA,NE,ACE,CE,Towers with Radar,89,50,34,0,173,0,0,9,0,9,89,50,43,0,182,0,0,0,182
02/10/2021,OMA,NE,ACE,CE,Towers with Radar,94,43,42,6,185,0,1,17,0,18,94,44,59,6,203,20,0,20,223
02/11/2021,OMA,NE,ACE,CE,Towers with Radar,104,50,32,0,186,0,0,4,0,4,104,50,36,0,190,0,0,0,190
02/12/2021,OMA,NE,ACE,CE,Towers with Radar,107,36,32,2,177,0,0,0,0,0,107,36,32,2,177,0,0,0,177
02/13/2021,OMA,NE,ACE,CE,Towers with Radar,90,37,8,0,135,0,0,6,0,6,90,37,14,0,141,0,0,0,141
02/14/2021,OMA,NE,ACE,CE,Towers with Radar,77,16,15,0,108,0,0,0,1,1,77,16,15,1,109,0,0,0,109
02/15/2021,OMA,NE,ACE,CE,Towers with Radar,79,44,32,0,155,0,1,6,0,7,79,45,38,0,162,0,0,0,162
02/16/2021,OMA,NE,ACE,CE,Towers with Radar,74,45,22,0,141,0,0,5,0,5,74,45,27,0,146,0,0,0,146
02/17/2021,OMA,NE,ACE,CE,Towers with Radar,79,41,28,0,148,0,1,9,0,10,79,42,37,0,158,26,0,26,184
02/18/2021,OMA,NE,ACE,CE,Towers with Radar,99,39,26,2,166,0,3,19,0,22,99,42,45,2,188,60,0,60,248
02/19/2021,OMA,NE,ACE,CE,Towers with Radar,101,40,32,0,173,0,1,33,0,34,101,41,65,0,207,54,0,54,261
02/20/2021,OMA,NE,ACE,CE,Towers with Radar,86,32,14,0,132,0,0,14,2,16,86,32,28,2,148,26,0,26,174
02/21/2021,OMA,NE,ACE,CE,Towers with Radar,94,20,12,0,126,0,0,3,0,3,94,20,15,0,129,0,0,0,129
02/22/2021,OMA,NE,ACE,CE,Towers with Radar,102,35,31,0,168,0,1,21,1,23,102,36,52,1,191,32,0,32,223
02/23/2021,OMA,NE,ACE,CE,Towers with Radar,92,47,28,0,167,0,0,36,1,37,92,47,64,1,204,26,0,26,230
02/24/2021,OMA,NE,ACE,CE,Towers with Radar,100,72,36,2,210,0,1,11,0,12,100,73,47,2,222,30,0,30,252
02/25/2021,OMA,NE,ACE,CE,Towers with Radar,108,66,43,17,234,0,2,25,4,31,108,68,68,21,265,30,4,34,299
02/26/2021,OMA,NE,ACE,CE,Towers with Radar,106,50,38,22,216,0,0,24,3,27,106,50,62,25,243,54,0,54,297
02/27/2021,OMA,NE,ACE,CE,Towers with Radar,88,28,16,14,146,0,7,28,7,42,88,35,44,21,188,26,16,42,230
02/28/2021,OMA,NE,ACE,CE,Towers with Radar,91,46,20,3,160,0,0,11,0,11,91,46,31,3,171,4,0,4,175
03/01/2021,OMA,NE,ACE,CE,Towers with Radar,103,41,45,6,195,0,1,17,0,18,103,42,62,6,213,38,0,38,251
03/02/2021,OMA,NE,ACE,CE,Towers with Radar,95,53,32,1,181,0,1,10,0,11,95,54,42,1,192,34,0,34,226
03/03/2021,OMA,NE,ACE,CE,Towers with Radar,100,43,45,7,195,0,0,46,6,52,100,43,91,13,247,20,6,26,273
03/04/2021,OMA,NE,ACE,CE,Towers with Radar,114,51,47,1,213,0,3,34,0,37,114,54,81,1,250,48,0,48,298
03/05/2021,OMA,NE,ACE,CE,Towers with Radar,115,51,40,28,234,0,1,29,1,31,115,52,69,29,265,8,0,8,273
03/06/2021,OMA,NE,ACE,CE,Towers with Radar,95,29,30,9,163,0,0,38,8,46,95,29,68,17,209,34,0,34,243
03/07/2021,OMA,NE,ACE,CE,Towers with Radar,103,39,32,13,187,0,0,11,5,16,103,39,43,18,203,10,2,12,215
03/08/2021,OMA,NE,ACE,CE,Towers with Radar,112,35,32,0,179,0,1,25,0,26,112,36,57,0,205,30,0,30,235
03/09/2021,OMA,NE,ACE,CE,Towers with Radar,95,50,38,5,188,0,0,9,0,9,95,50,47,5,197,0,0,0,197
03/10/2021,OMA,NE,ACE,CE,Towers with Radar,102,49,30,3,184,0,1,1,1,3,102,50,31,4,187,0,0,0,187
03/11/2021,OMA,NE,ACE,CE,Towers with Radar,125,54,51,6,236,0,1,28,0,29,125,55,79,6,265,54,0,54,319
03/12/2021,OMA,NE,ACE,CE,Towers with Radar,125,58,44,0,227,0,0,20,0,20,125,58,64,0,247,30,0,30,277
03/13/2021,OMA,NE,ACE,CE,Towers with Radar,98,35,19,0,152,0,0,2,1,3,98,35,21,1,155,0,0,0,155
03/14/2021,OMA,NE,ACE,CE,Towers with Radar,96,33,13,2,144,0,0,1,0,1,96,33,14,2,145,0,0,0,145
03/15/2021,OMA,NE,ACE,CE,Towers with Radar,106,59,36,3,204,0,0,0,0,0,106,59,36,3,204,0,0,0,204
03/16/2021,OMA,NE,ACE,CE,Towers with Radar,112,56,31,1,200,0,0,0,0,0,112,56,31,1,200,0,0,0,200
03/17/2021,OMA,NE,ACE,CE,Towers with Radar,116,46,30,0,192,0,0,2,0,2,116,46,32,0,194,0,0,0,194
03/18/2021,OMA,NE,ACE,CE,Towers with Radar,123,51,46,11,231,0,0,15,4,19,123,51,61,15,250,10,0,10,260
03/19/2021,OMA,NE,ACE,CE,Towers with Radar,122,54,40,0,216,0,2,44,8,54,122,56,84,8,270,0,0,0,270
03/20/2021,OMA,NE,ACE,CE,Towers with Radar,99,41,17,3,160,0,0,21,6,27,99,41,38,9,187,0,0,0,187
03/21/2021,OMA,NE,ACE,CE,Towers with Radar,108,44,13,1,166,0,4,5,0,9,108,48,18,1,175,0,0,0,175
03/22/2021,OMA,NE,ACE,CE,Towers with Radar,113,60,37,6,216,0,0,4,0,4,113,60,41,6,220,0,0,0,220
03/23/2021,OMA,NE,ACE,CE,Towers with Radar,107,49,27,2,185,0,0,0,0,0,107,49,27,2,185,0,0,0,185
03/24/2021,OMA,NE,ACE,CE,Towers with Radar,114,41,41,1,197,0,0,3,0,3,114,41,44,1,200,0,0,0,200
03/25/2021,OMA,NE,ACE,CE,Towers with Radar,123,56,52,3,234,0,0,30,0,30,123,56,82,3,264,42,0,42,306
03/26/2021,OMA,NE,ACE,CE,Towers with Radar,119,63,45,2,229,0,5,23,0,28,119,68,68,2,257,22,0,22,279
03/27/2021,OMA,NE,ACE,CE,Towers with Radar,95,56,20,6,177,0,1,4,0,5,95,57,24,6,182,0,0,0,182
03/28/2021,OMA,NE,ACE,CE,Towers with Radar,119,41,31,1,192,0,0,41,1,42,119,41,72,2,234,50,0,50,284
03/29/2021,OMA,NE,ACE,CE,Towers with Radar,121,36,28,3,188,0,2,5,0,7,121,38,33,3,195,22,0,22,217
03/30/2021,OMA,NE,ACE,CE,Towers with Radar,111,39,30,8,188,0,1,3,3,7,111,40,33,11,195,0,0,0,195
03/31/2021,OMA,NE,ACE,CE,Towers with Radar,117,46,27,10,200,0,2,9,0,11,117,48,36,10,211,0,4,4,215
04/01/2021,OMA,NE,ACE,CE,Towers with Radar,128,56,45,4,233,0,2,34,0,36,128,58,79,4,269,34,0,34,303
04/02/2021,OMA,NE,ACE,CE,Towers with Radar,127,56,28,4,215,0,2,6,0,8,127,58,34,4,223,0,0,0,223
04/03/2021,OMA,NE,ACE,CE,Towers with Radar,96,39,22,0,157,0,3,47,1,51,96,42,69,1,208,38,0,38,246
04/04/2021,OMA,NE,ACE,CE,Towers with Radar,113,25,10,0,148,0,0,9,0,9,113,25,19,0,157,0,0,0,157
04/05/2021,OMA,NE,ACE,CE,Towers with Radar,122,53,35,0,210,0,1,13,0,14,122,54,48,0,224,30,0,30,254
04/06/2021,OMA,NE,ACE,CE,Towers with Radar,112,60,29,0,201,0,0,8,4,12,112,60,37,4,213,8,0,8,221
04/07/2021,OMA,NE,ACE,CE,Towers with Radar,115,61,44,0,220,0,0,0,0,0,115,61,44,0,220,0,0,0,220
04/08/2021,OMA,NE,ACE,CE,Towers with Radar,132,45,42,0,219,0,0,0,0,0,132,45,42,0,219,0,0,0,219
04/09/2021,OMA,NE,ACE,CE,Towers with Radar,130,44,42,8,224,0,0,9,0,9,130,44,51,8,233,16,0,16,249
04/10/2021,OMA,NE,ACE,CE,Towers with Radar,95,34,19,2,150,0,0,20,1,21,95,34,39,3,171,34,0,34,205
04/11/2021,OMA,NE,ACE,CE,Towers with Radar,117,54,22,0,193,0,0,22,1,23,117,54,44,1,216,16,0,16,232
04/12/2021,OMA,NE,ACE,CE,Towers with Radar,118,52,47,9,226,0,2,18,3,23,118,54,65,12,249,16,0,16,265
04/13/2021,OMA,NE,ACE,CE,Towers with Radar,106,46,38,31,221,0,3,7,2,12,106,49,45,33,233,16,4,20,253
04/14/2021,OMA,NE,ACE,CE,Towers with Radar,110,69,39,14,232,0,5,26,6,37,110,74,65,20,269,46,0,46,315
04/15/2021,OMA,NE,ACE,CE,Towers with Radar,125,69,33,21,248,0,2,15,0,17,125,71,48,21,265,2,0,2,267
04/16/2021,OMA,NE,ACE,CE,Towers with Radar,123,62,43,1,229,0,3,17,0,20,123,65,60,1,249,25,0,25,274
04/17/2021,OMA,NE,ACE,CE,Towers with Radar,91,33,14,5,143,1,2,7,0,10,92,35,21,5,153,8,0,8,161
04/18/2021,OMA,NE,ACE,CE,Towers with Radar,112,47,27,11,197,0,0,23,0,23,112,47,50,11,220,10,0,10,230
04/19/2021,OMA,NE,ACE,CE,Towers with Radar,113,53,29,1,196,0,0,4,0,4,113,53,33,1,200,0,0,0,200
04/20/2021,OMA,NE,ACE,CE,Towers with Radar,110,62,40,6,218,0,2,18,0,20,110,64,58,6,238,32,0,32,270
04/21/2021,OMA,NE,ACE,CE,Towers with Radar,108,47,39,0,194,0,0,16,2,18,108,47,55,2,212,6,0,6,218
04/22/2021,OMA,NE,ACE,CE,Towers with Radar,127,49,51,17,244,0,1,13,1,15,127,50,64,18,259,0,0,0,259
04/23/2021,OMA,NE,ACE,CE,Towers with Radar,121,49,46,47,263,0,2,11,3,16,121,51,57,50,279,36,0,36,315
04/24/2021,OMA,NE,ACE,CE,Towers with Radar,93,25,20,12,150,0,3,19,2,24,93,28,39,14,174,16,0,16,190
04/25/2021,OMA,NE,ACE,CE,Towers with Radar,117,21,19,9,166,0,1,9,2,12,117,22,28,11,178,0,0,0,178
04/26/2021,OMA,NE,ACE,CE,Towers with Radar,114,38,23,5,180,0,0,9,1,10,114,38,32,6,190,2,0,2,192
04/27/2021,OMA,NE,ACE,CE,Towers with Radar,110,63,40,4,217,0,0,14,0,14,110,63,54,4,231,0,0,0,231
04/28/2021,OMA,NE,ACE,CE,Towers with Radar,109,52,52,9,222,0,0,7,2,9,109,52,59,11,231,0,2,2,233
04/29/2021,OMA,NE,ACE,CE,Towers with Radar,125,62,57,27,271,0,3,31,6,40,125,65,88,33,311,6,0,6,317
04/30/2021,OMA,NE,ACE,CE,Towers with Radar,124,55,36,28,243,0,0,35,6,41,124,55,71,34,284,26,4,30,314
05/01/2021,OMA,NE,ACE,CE,Towers with Radar,93,48,16,21,178,0,0,12,1,13,93,48,28,22,191,2,0,2,193
05/02/2021,OMA,NE,ACE,CE,Towers with Radar,113,33,47,19,212,0,2,10,1,13,113,35,57,20,225,0,0,0,225
05/03/2021,OMA,NE,ACE,CE,Towers with Radar,111,51,28,0,190,0,0,1,0,1,111,51,29,0,191,0,0,0,191
05/04/2021,OMA,NE,ACE,CE,Towers with Radar,113,52,45,10,220,0,2,32,5,39,113,54,77,15,259,24,0,24,283
05/05/2021,OMA,NE,ACE,CE,Towers with Radar,108,65,43,1,217,0,0,36,2,38,108,65,79,3,255,38,2,40,295
05/06/2021,OMA,NE,ACE,CE,Towers with Radar,138,44,77,9,268,0,1,26,2,29,138,45,103,11,297,32,6,38,335
05/07/2021,OMA,NE,ACE,CE,Towers with Radar,136,57,43,9,245,0,1,20,0,21,136,58,63,9,266,40,0,40,306
05/08/2021,OMA,NE,ACE,CE,Towers with Radar,107,39,16,2,164,0,0,6,0,6,107,39,22,2,170,6,0,6,176
05/09/2021,OMA,NE,ACE,CE,Towers with Radar,133,24,26,1,184,0,0,7,1,8,133,24,33,2,192,10,0,10,202
05/10/2021,OMA,NE,ACE,CE,Towers with Radar,131,35,46,10,222,0,1,19,0,20,131,36,65,10,242,16,0,16,258
05/11/2021,OMA,NE,ACE,CE,Towers with Radar,126,55,60,23,264,0,1,22,5,28,126,56,82,28,292,20,12,32,324
05/12/2021,OMA,NE,ACE,CE,Towers with Radar,129,68,58,6,261,0,1,21,0,22,129,69,79,6,283,2,0,2,285
05/13/2021,OMA,NE,ACE,CE,Towers with Radar,141,45,44,2,232,0,1,23,0,24,141,46,67,2,256,26,0,26,282
05/14/2021,OMA,NE,ACE,CE,Towers with Radar,144,46,33,2,225,0,0,3,0,3,144,46,36,2,228,0,0,0,228
05/15/2021,OMA,NE,ACE,CE,Towers with Radar,115,35,20,0,170,0,2,19,0,21,115,37,39,0,191,6,0,6,197
05/16/2021,OMA,NE,ACE,CE,Towers with Radar,128,41,32,0,201,0,0,1,0,1,128,41,33,0,202,0,0,0,202
05/17/2021,OMA,NE,ACE,CE,Towers with Radar,136,50,53,23,262,0,0,5,0,5,136,50,58,23,267,6,16,22,289
05/18/2021,OMA,NE,ACE,CE,Towers with Radar,141,51,44,9,245,0,0,7,0,7,141,51,51,9,252,0,0,0,252
05/19/2021,OMA,NE,ACE,CE,Towers with Radar,136,59,46,0,241,0,0,2,1,3,136,59,48,1,244,18,0,18,262
05/20/2021,OMA,NE,ACE,CE,Towers with Radar,144,62,56,16,278,0,1,2,2,5,144,63,58,18,283,0,0,0,283
05/21/2021,OMA,NE,ACE,CE,Towers with Radar,141,80,42,28,291,0,0,9,3,12,141,80,51,31,303,2,24,26,329
05/22/2021,OMA,NE,ACE,CE,Towers with Radar,108,30,21,43,202,0,0,4,2,6,108,30,25,45,208,4,32,36,244
05/23/2021,OMA,NE,ACE,CE,Towers with Radar,130,33,18,6,187,0,0,14,0,14,130,33,32,6,201,0,0,0,201
05/24/2021,OMA,NE,ACE,CE,Towers with Radar,130,43,41,0,214,0,2,13,0,15,130,45,54,0,229,30,0,30,259
05/25/2021,OMA,NE,ACE,CE,Towers with Radar,143,55,31,18,247,0,3,6,5,14,143,58,37,23,261,18,9,27,288
05/26/2021,OMA,NE,ACE,CE,Towers with Radar,132,69,34,8,243,0,1,22,0,23,132,70,56,8,266,0,2,2,268
05/27/2021,OMA,NE,ACE,CE,Towers with Radar,144,70,43,0,257,0,0,4,0,4,144,70,47,0,261,18,0,18,279
05/28/2021,OMA,NE,ACE,CE,Towers with Radar,143,44,36,2,225,0,0,3,0,3,143,44,39,2,228,0,0,0,228
05/29/2021,OMA,NE,ACE,CE,Towers with Radar,111,27,21,0,159,0,1,36,0,37,111,28,57,0,196,26,0,26,222
05/30/2021,OMA,NE,ACE,CE,Towers with Radar,123,18,17,0,158,0,0,15,0,15,123,18,32,0,173,46,0,46,219
05/31/2021,OMA,NE,ACE,CE,Towers with Radar,132,23,27,0,182,0,0,29,0,29,132,23,56,0,211,0,0,0,211
06/01/2021,OMA,NE,ACE,CE,Towers with Radar,132,56,36,28,252,0,1,18,6,25,132,57,54,34,277,6,0,6,283
06/02/2021,OMA,NE,ACE,CE,Towers with Radar,139,48,79,37,303,0,3,40,12,55,139,51,119,49,358,46,10,56,414
06/03/2021,OMA,NE,ACE,CE,Towers with Radar,134,62,50,2,248,0,1,26,0,27,134,63,76,2,275,42,0,42,317
06/04/2021,OMA,NE,ACE,CE,Towers with Radar,139,65,42,16,262,0,2,27,6,35,139,67,69,22,297,28,0,28,325
06/05/2021,OMA,NE,ACE,CE,Towers with Radar,121,34,27,28,210,0,1,21,4,26,121,35,48,32,236,6,18,24,260
06/06/2021,OMA,NE,ACE,CE,Towers with Radar,134,40,41,4,219,0,2,22,1,25,134,42,63,5,244,10,0,10,254
06/07/2021,OMA,NE,ACE,CE,Towers with Radar,135,49,48,21,253,0,2,19,6,27,135,51,67,27,280,20,12,32,312
06/08/2021,OMA,NE,ACE,CE,Towers with Radar,148,64,65,0,277,0,1,30,0,31,148,65,95,0,308,68,0,68,376
06/09/2021,OMA,NE,ACE,CE,Towers with Radar,142,67,62,13,284,0,1,57,12,70,142,68,119,25,354,44,8,52,406
06/10/2021,OMA,NE,ACE,CE,Towers with Radar,143,81,67,4,295,0,1,40,2,43,143,82,107,6,338,48,0,48,386
06/11/2021,OMA,NE,ACE,CE,Towers with Radar,153,65,41,2,261,0,0,4,1,5,153,65,45,3,266,0,0,0,266
06/12/2021,OMA,NE,ACE,CE,Towers with Radar,126,33,28,17,204,0,2,34,4,40,126,35,62,21,244,18,0,18,262
06/13/2021,OMA,NE,ACE,CE,Towers with Radar,133,34,42,2,211,0,2,21,3,26,133,36,63,5,237,40,0,40,277
06/14/2021,OMA,NE,ACE,CE,Towers with Radar,133,51,45,4,233,0,1,21,3,25,133,52,66,7,258,14,0,14,272
06/15/2021,OMA,NE,ACE,CE,Towers with Radar,138,66,33,7,244,0,1,15,1,17,138,67,48,8,261,0,0,0,261
06/16/2021,OMA,NE,ACE,CE,Towers with Radar,162,54,50,11,277,0,1,19,7,27,162,55,69,18,304,28,2,30,334
06/17/2021,OMA,NE,ACE,CE,Towers with Radar,149,74,47,14,284,0,3,21,1,25,149,77,68,15,309,4,0,4,313
06/18/2021,OMA,NE,ACE,CE,Towers with Radar,149,59,44,0,252,0,1,24,0,25,149,60,68,0,277,0,0,0,277
06/19/2021,OMA,NE,ACE,CE,Towers with Radar,136,70,44,0,250,0,0,26,4,30,136,70,70,4,280,36,0,36,316
06/20/2021,OMA,NE,ACE,CE,Towers with Radar,134,54,85,0,273,0,1,8,0,9,134,55,93,0,282,16,0,16,298
06/21/2021,OMA,NE,ACE,CE,Towers with Radar,134,70,78,0,282,0,4,18,0,22,134,74,96,0,304,6,0,6,310
06/22/2021,OMA,NE,ACE,CE,Towers with Radar,145,75,84,8,312,0,3,26,0,29,145,78,110,8,341,26,0,26,367
06/23/2021,OMA,NE,ACE,CE,Towers with Radar,155,66,66,6,293,0,1,18,0,19,155,67,84,6,312,20,0,20,332
06/24/2021,OMA,NE,ACE,CE,Towers with Radar,141,75,50,2,268,0,0,12,0,12,141,75,62,2,280,26,0,26,306
06/25/2021,OMA,NE,ACE,CE,Towers with Radar,157,70,62,1,290,0,1,5,0,6,157,71,67,1,296,0,0,0,296
06/26/2021,OMA,NE,ACE,CE,Towers with Radar,130,54,38,1,223,0,0,6,0,6,130,54,44,1,229,26,0,26,255
06/27/2021,OMA,NE,ACE,CE,Towers with Radar,129,43,68,0,240,0,1,31,0,32,129,44,99,0,272,50,0,50,322
06/28/2021,OMA,NE,ACE,CE,Towers with Radar,144,63,113,5,325,0,7,27,1,35,144,70,140,6,360,22,20,42,402
06/29/2021,OMA,NE,ACE,CE,Towers with Radar,143,80,99,0,322,0,0,11,1,12,143,80,110,1,334,10,0,10,344
06/30/2021,OMA,NE,ACE,CE,Towers with Radar,144,80,109,0,333,0,1,14,2,17,144,81,123,2,350,10,0,10,360
07/01/2021,OMA,NE,ACE,CE,Towers with Radar,144,75,135,0,354,0,0,27,0,27,144,75,162,0,381,2,0,2,383
07/02/2021,OMA,NE,ACE,CE,Towers with Radar,152,54,44,0,250,0,2,26,1,29,152,56,70,1,279,6,0,6,285
07/03/2021,OMA,NE,ACE,CE,Towers with Radar,134,31,18,0,183,0,0,30,5,35,134,31,48,5,218,16,0,16,234
07/04/2021,OMA,NE,ACE,CE,Towers with Radar,124,25,14,0,163,0,2,12,0,14,124,27,26,0,177,20,0,20,197
07/05/2021,OMA,NE,ACE,CE,Towers with Radar,128,42,22,0,192,0,0,21,0,21,128,42,43,0,213,14,0,14,227
07/06/2021,OMA,NE,ACE,CE,Towers with Radar,132,78,38,1,249,0,3,25,3,31,132,81,63,4,280,14,0,14,294
07/07/2021,OMA,NE,ACE,CE,Towers with Radar,143,69,49,1,262,0,0,6,0,6,143,69,55,1,268,20,0,20,288
07/08/2021,OMA,NE,ACE,CE,Towers with Radar,139,69,53,20,281,0,1,19,11,31,139,70,72,31,312,18,20,38,350
07/09/2021,OMA,NE,ACE,CE,Towers with Radar,141,50,36,1,228,0,2,22,1,25,141,52,58,2,253,32,0,32,285
07/10/2021,OMA,NE,ACE,CE,Towers with Radar,133,42,29,0,204,0,0,4,0,4,133,42,33,0,208,0,0,0,208
07/11/2021,OMA,NE,ACE,CE,Towers with Radar,131,63,24,0,218,0,0,11,0,11,131,63,35,0,229,16,0,16,245
07/12/2021,OMA,NE,ACE,CE,Towers with Radar,138,58,45,34,275,0,2,28,8,38,138,60,73,42,313,0,16,16,329
07/13/2021,OMA,NE,ACE,CE,Towers with Radar,144,47,57,4,252,0,5,16,4,25,144,52,73,8,277,0,2,2,279
07/14/2021,OMA,NE,ACE,CE,Towers with Radar,143,75,43,0,261,0,0,7,1,8,143,75,50,1,269,8,0,8,277
07/15/2021,OMA,NE,ACE,CE,Towers with Radar,141,60,52,5,258,0,0,9,1,10,141,60,61,6,268,0,0,0,268
07/16/2021,OMA,NE,ACE,CE,Towers with Radar,151,72,69,28,320,0,2,24,2,28,151,74,93,30,348,52,8,60,408
07/17/2021,OMA,NE,ACE,CE,Towers with Radar,128,53,48,12,241,0,3,16,2,21,128,56,64,14,262,22,0,22,284
07/18/2021,OMA,NE,ACE,CE,Towers with Radar,135,44,36,5,220,0,3,19,0,22,135,47,55,5,242,30,0,30,272
07/19/2021,OMA,NE,ACE,CE,Towers with Radar,134,39,34,10,217,0,3,14,9,26,134,42,48,19,243,16,8,24,267
07/20/2021,OMA,NE,ACE,CE,Towers with Radar,145,72,65,7,289,1,4,26,3,34,146,76,91,10,323,26,0,26,349
07/21/2021,OMA,NE,ACE,CE,Towers with Radar,144,62,61,4,271,0,3,29,0,32,144,65,90,4,303,16,0,16,319
07/22/2021,OMA,NE,ACE,CE,Towers with Radar,144,58,57,6,265,0,2,24,0,26,144,60,81,6,291,2,0,2,293
07/23/2021,OMA,NE,ACE,CE,Towers with Radar,148,58,37,33,276,0,3,21,1,25,148,61,58,34,301,12,8,20,321
07/24/2021,OMA,NE,ACE,CE,Towers with Radar,129,34,33,18,214,0,2,26,8,36,129,36,59,26,250,82,5,87,337
07/25/2021,OMA,NE,ACE,CE,Towers with Radar,128,66,29,12,235,0,0,15,0,15,128,66,44,12,250,14,0,14,264
07/26/2021,OMA,NE,ACE,CE,Towers with Radar,137,54,30,7,228,0,1,25,1,27,137,55,55,8,255,18,0,18,273
07/27/2021,OMA,NE,ACE,CE,Towers with Radar,144,72,51,2,269,0,4,26,0,30,144,76,77,2,299,70,0,70,369
07/28/2021,OMA,NE,ACE,CE,Towers with Radar,147,66,52,7,272,0,2,16,1,19,147,68,68,8,291,24,0,24,315
07/29/2021,OMA,NE,ACE,CE,Towers with Radar,147,60,61,10,278,0,1,24,0,25,147,61,85,10,303,48,0,48,351
07/30/2021,OMA,NE,ACE,CE,Towers with Radar,145,66,72,26,309,0,0,13,1,14,145,66,85,27,323,32,20,52,375
07/31/2021,OMA,NE,ACE,CE,Towers with Radar,126,41,37,0,204,0,0,8,0,8,126,41,45,0,212,0,0,0,212
08/01/2021,OMA,NE,ACE,CE,Towers with Radar,131,40,41,7,219,0,0,12,0,12,131,40,53,7,231,0,0,0,231
08/02/2021,OMA,NE,ACE,CE,Towers with Radar,129,49,33,9,220,0,2,24,1,27,129,51,57,10,247,24,0,24,271
08/03/2021,OMA,NE,ACE,CE,Towers with Radar,136,59,47,2,244,0,2,27,0,29,136,61,74,2,273,26,0,26,299
08/04/2021,OMA,NE,ACE,CE,Towers with Radar,144,53,70,1,268,0,2,32,0,34,144,55,102,1,302,14,0,14,316
08/05/2021,OMA,NE,ACE,CE,Towers with Radar,149,57,41,32,279,0,1,15,4,20,149,58,56,36,299,16,20,36,335
08/06/2021,OMA,NE,ACE,CE,Towers with Radar,144,45,48,32,269,0,2,24,2,28,144,47,72,34,297,34,10,44,341
08/07/2021,OMA,NE,ACE,CE,Towers with Radar,124,39,14,3,180,0,0,8,1,9,124,39,22,4,189,0,0,0,189
08/08/2021,OMA,NE,ACE,CE,Towers with Radar,139,35,34,0,208,0,1,15,0,16,139,36,49,0,224,8,0,8,232
08/09/2021,OMA,NE,ACE,CE,Towers with Radar,125,33,49,14,221,0,2,18,2,22,125,35,67,16,243,2,0,2,245
08/10/2021,OMA,NE,ACE,CE,Towers with Radar,146,61,42,9,258,1,1,25,1,28,147,62,67,10,286,46,0,46,332
08/11/2021,OMA,NE,ACE,CE,Towers with Radar,152,51,43,11,257,0,1,39,2,42,152,52,82,13,299,45,0,45,344
08/12/2021,OMA,NE,ACE,CE,Towers with Radar,158,50,70,0,278,0,1,13,0,14,158,51,83,0,292,20,0,20,312
08/13/2021,OMA,NE,ACE,CE,Towers with Radar,161,53,42,42,298,0,1,22,3,26,161,54,64,45,324,50,28,78,402
08/14/2021,OMA,NE,ACE,CE,Towers with Radar,117,40,30,13,200,0,0,41,2,43,117,40,71,15,243,12,4,16,259
08/15/2021,OMA,NE,ACE,CE,Towers with Radar,132,37,28,8,205,0,1,15,4,20,132,38,43,12,225,8,0,8,233
08/16/2021,OMA,NE,ACE,CE,Towers with Radar,134,62,40,11,247,0,3,18,0,21,134,65,58,11,268,26,0,26,294
08/17/2021,OMA,NE,ACE,CE,Towers with Radar,127,57,49,6,239,0,3,6,2,11,127,60,55,8,250,8,0,8,258
08/18/2021,OMA,NE,ACE,CE,Towers with Radar,129,68,45,13,255,0,2,9,3,14,129,70,54,16,269,8,0,8,277
08/19/2021,OMA,NE,ACE,CE,Towers with Radar,142,67,54,13,276,0,2,9,0,11,142,69,63,13,287,2,0,2,289
08/20/2021,OMA,NE,ACE,CE,Towers with Radar,145,46,41,7,239,0,2,3,0,5,145,48,44,7,244,4,0,4,248
08/21/2021,OMA,NE,ACE,CE,Towers with Radar,117,29,33,2,181,0,0,32,2,34,117,29,65,4,215,24,4,28,243
08/22/2021,OMA,NE,ACE,CE,Towers with Radar,130,34,33,2,199,0,1,20,1,22,130,35,53,3,221,14,0,14,235
08/23/2021,OMA,NE,ACE,CE,Towers with Radar,129,40,35,6,210,0,1,20,1,22,129,41,55,7,232,16,0,16,248
08/24/2021,OMA,NE,ACE,CE,Towers with Radar,133,66,42,0,241,0,1,15,0,16,133,67,57,0,257,24,0,24,281
08/25/2021,OMA,NE,ACE,CE,Towers with Radar,127,71,62,2,262,0,0,27,0,27,127,71,89,2,289,52,0,52,341
08/26/2021,OMA,NE,ACE,CE,Towers with Radar,144,70,46,2,262,0,1,26,0,27,144,71,72,2,289,16,0,16,305
08/27/2021,OMA,NE,ACE,CE,Towers with Radar,144,43,41,6,234,0,0,16,0,16,144,43,57,6,250,30,0,30,280
08/28/2021,OMA,NE,ACE,CE,Towers with Radar,114,49,25,0,188,0,0,11,0,11,114,49,36,0,199,8,0,8,207
08/29/2021,OMA,NE,ACE,CE,Towers with Radar,127,25,29,0,181,0,0,24,0,24,127,25,53,0,205,36,0,36,241
08/30/2021,OMA,NE,ACE,CE,Towers with Radar,128,41,45,0,214,0,1,16,0,17,128,42,61,0,231,8,0,8,239
08/31/2021,OMA,NE,ACE,CE,Towers with Radar,137,58,47,25,267,0,1,12,2,15,137,59,59,27,282,36,0,36,318
09/01/2021,OMA,NE,ACE,CE,Towers with Radar,133,57,62,19,271,0,1,34,0,35,133,58,96,19,306,32,6,38,344
09/02/2021,OMA,NE,ACE,CE,Towers with Radar,139,65,37,4,245,0,0,9,2,11,139,65,46,6,256,18,2,20,276
09/03/2021,OMA,NE,ACE,CE,Towers with Radar,139,60,52,0,251,0,2,0,0,2,139,62,52,0,253,0,0,0,253
09/04/2021,OMA,NE,ACE,CE,Towers with Radar,115,38,29,0,182,0,0,8,0,8,115,38,37,0,190,0,0,0,190
09/05/2021,OMA,NE,ACE,CE,Towers with Radar,120,26,29,0,175,0,2,35,0,37,120,28,64,0,212,12,0,12,224
09/06/2021,OMA,NE,ACE,CE,Towers with Radar,120,42,42,0,204,0,0,39,1,40,120,42,81,1,244,34,0,34,278
09/07/2021,OMA,NE,ACE,CE,Towers with Radar,120,68,49,12,249,0,3,21,0,24,120,71,70,12,273,0,0,0,273
09/08/2021,OMA,NE,ACE,CE,Towers with Radar,126,74,53,0,253,0,1,31,2,34,126,75,84,2,287,92,0,92,379
09/09/2021,OMA,NE,ACE,CE,Towers with Radar,140,68,54,6,268,0,4,35,1,40,140,72,89,7,308,28,0,28,336
09/10/2021,OMA,NE,ACE,CE,Towers with Radar,149,63,53,10,275,0,3,19,6,28,149,66,72,16,303,44,16,60,363
09/11/2021,OMA,NE,ACE,CE,Towers with Radar,112,52,22,1,187,0,0,35,4,39,112,52,57,5,226,68,0,68,294
09/12/2021,OMA,NE,ACE,CE,Towers with Radar,138,61,29,2,230,0,0,12,0,12,138,61,41,2,242,12,0,12,254
09/13/2021,OMA,NE,ACE,CE,Towers with Radar,137,45,43,1,226,0,0,9,1,10,137,45,52,2,236,4,0,4,240
09/14/2021,OMA,NE,ACE,CE,Towers with Radar,129,45,68,5,247,0,4,23,1,28,129,49,91,6,275,8,0,8,283
09/15/2021,OMA,NE,ACE,CE,Towers with Radar,137,64,54,13,268,0,11,32,3,46,137,75,86,16,314,12,0,12,326
09/16/2021,OMA,NE,ACE,CE,Towers with Radar,146,46,51,12,255,0,3,38,7,48,146,49,89,19,303,2,8,10,313
09/17/2021,OMA,NE,ACE,CE,Towers with Radar,147,71,57,13,288,0,2,16,0,18,147,73,73,13,306,4,0,4,310
09/18/2021,OMA,NE,ACE,CE,Towers with Radar,112,49,34,3,198,0,1,32,7,40,112,50,66,10,238,12,6,18,256
09/19/2021,OMA,NE,ACE,CE,Towers with Radar,135,33,43,12,223,0,0,16,0,16,135,33,59,12,239,6,0,6,245
09/20/2021,OMA,NE,ACE,CE,Towers with Radar,133,65,51,2,251,0,0,6,2,8,133,65,57,4,259,24,0,24,283
09/21/2021,OMA,NE,ACE,CE,Towers with Radar,137,75,55,37,304,0,1,12,4,17,137,76,67,41,321,20,6,26,347
09/22/2021,OMA,NE,ACE,CE,Towers with Radar,140,52,64,7,263,0,1,34,1,36,140,53,98,8,299,26,0,26,325
09/23/2021,OMA,NE,ACE,CE,Towers with Radar,145,83,58,21,307,0,1,30,0,31,145,84,88,21,338,30,0,30,368
09/24/2021,OMA,NE,ACE,CE,Towers with Radar,149,54,49,0,252,0,3,24,0,27,149,57,73,0,279,22,0,22,301
09/25/2021,OMA,NE,ACE,CE,Towers with Radar,110,35,32,3,180,0,0,45,0,45,110,35,77,3,225,32,0,32,257
09/26/2021,OMA,NE,ACE,CE,Towers with Radar,139,49,38,6,232,0,2,21,0,23,139,51,59,6,255,68,4,72,327
09/27/2021,OMA,NE,ACE,CE,Towers with Radar,135,52,38,9,234,0,3,43,0,46,135,55,81,9,280,70,0,70,350
09/28/2021,OMA,NE,ACE,CE,Towers with Radar,131,55,50,20,256,0,1,23,2,26,131,56,73,22,282,28,0,28,310
09/29/2021,OMA,NE,ACE,CE,Towers with Radar,136,76,42,9,263,0,11,8,1,20,136,87,50,10,283,6,4,10,293
09/30/2021,OMA,NE,ACE,CE,Towers with Radar,143,74,46,6,269,0,0,11,0,11,143,74,57,6,280,26,0,26,306
10/01/2021,OMA,NE,ACE,CE,Towers with Radar,144,68,45,3,260,0,0,4,0,4,144,68,49,3,264,0,0,0,264
10/02/2021,OMA,NE,ACE,CE,Towers with Radar,112,37,27,4,180,0,0,4,0,4,112,37,31,4,184,6,0,6,190
10/03/2021,OMA,NE,ACE,CE,Towers with Radar,131,53,33,2,219,0,8,24,1,33,131,61,57,3,252,34,0,34,286
10/04/2021,OMA,NE,ACE,CE,Towers with Radar,136,62,41,2,241,0,2,21,4,27,136,64,62,6,268,10,0,10,278
10/05/2021,OMA,NE,ACE,CE,Towers with Radar,129,60,45,8,242,0,2,19,0,21,129,62,64,8,263,72,0,72,335
10/06/2021,OMA,NE,ACE,CE,Towers with Radar,129,60,47,13,249,0,2,27,10,39,129,62,74,23,288,58,8,66,354
10/07/2021,OMA,NE,ACE,CE,Towers with Radar,148,71,56,6,281,0,1,12,0,13,148,72,68,6,294,12,0,12,306
10/08/2021,OMA,NE,ACE,CE,Towers with Radar,145,81,54,12,292,0,4,35,1,40,145,85,89,13,332,58,0,58,390
10/09/2021,OMA,NE,ACE,CE,Towers with Radar,118,43,28,0,189,0,4,15,2,21,118,47,43,2,210,30,0,30,240
10/10/2021,OMA,NE,ACE,CE,Towers with Radar,126,51,40,0,217,0,0,25,1,26,126,51,65,1,243,4,0,4,247
10/11/2021,OMA,NE,ACE,CE,Towers with Radar,123,62,47,0,232,0,2,41,2,45,123,64,88,2,277,70,0,70,347
10/12/2021,OMA,NE,ACE,CE,Towers with Radar,129,69,68,2,268,0,0,28,0,28,129,69,96,2,296,34,0,34,330
10/13/2021,OMA,NE,ACE,CE,Towers with Radar,142,61,35,13,251,0,2,1,1,4,142,63,36,14,255,0,0,0,255
10/14/2021,OMA,NE,ACE,CE,Towers with Radar,145,63,39,7,254,0,2,35,5,42,145,65,74,12,296,64,4,68,364
10/15/2021,OMA,NE,ACE,CE,Towers with Radar,135,80,44,3,262,0,0,34,3,37,135,80,78,6,299,28,0,28,327
10/16/2021,OMA,NE,ACE,CE,Towers with Radar,124,27,23,1,175,0,0,14,1,15,124,27,37,2,190,14,0,14,204
10/17/2021,OMA,NE,ACE,CE,Towers with Radar,130,34,24,2,190,0,9,46,1,56,130,43,70,3,246,68,0,68,314
10/18/2021,OMA,NE,ACE,CE,Towers with Radar,130,57,34,9,230,0,0,13,11,24,130,57,47,20,254,30,30,60,314
10/19/2021,OMA,NE,ACE,CE,Towers with Radar,134,64,57,6,261,0,0,13,1,14,134,64,70,7,275,8,0,8,283
10/20/2021,OMA,NE,ACE,CE,Towers with Radar,140,64,45,5,254,0,0,3,0,3,140,64,48,5,257,0,0,0,257
10/21/2021,OMA,NE,ACE,CE,Towers with Radar,135,68,55,21,279,0,0,8,0,8,135,68,63,21,287,44,0,44,331
10/22/2021,OMA,NE,ACE,CE,Towers with Radar,126,56,26,2,210,0,3,24,0,27,126,59,50,2,237,50,0,50,287
10/23/2021,OMA,NE,ACE,CE,Towers with Radar,124,34,21,0,179,0,3,25,0,28,124,37,46,0,207,20,0,20,227
10/24/2021,OMA,NE,ACE,CE,Towers with Radar,129,54,19,3,205,0,0,0,0,0,129,54,19,3,205,0,0,0,205
10/25/2021,OMA,NE,ACE,CE,Towers with Radar,133,43,51,1,228,0,6,23,0,29,133,49,74,1,257,28,0,28,285
10/26/2021,OMA,NE,ACE,CE,Towers with Radar,130,72,49,6,257,0,1,1,0,2,130,73,50,6,259,0,0,0,259
10/27/2021,OMA,NE,ACE,CE,Towers with Radar,139,63,50,0,252,0,0,3,0,3,139,63,53,0,255,0,0,0,255
10/28/2021,OMA,NE,ACE,CE,Towers with Radar,138,47,50,0,235,0,6,6,0,12,138,53,56,0,247,14,0,14,261
10/29/2021,OMA,NE,ACE,CE,Towers with Radar,143,49,40,26,258,0,0,11,1,12,143,49,51,27,270,16,0,16,286
10/30/2021,OMA,NE,ACE,CE,Towers with Radar,112,30,24,3,169,0,1,32,0,33,112,31,56,3,202,40,0,40,242
10/31/2021,OMA,NE,ACE,CE,Towers with Radar,101,37,20,0,158,0,0,19,0,19,101,37,39,0,177,26,0,26,203
11/01/2021,OMA,NE,ACE,CE,Towers with Radar,129,48,53,0,230,0,0,7,2,9,129,48,60,2,239,34,0,34,273
11/02/2021,OMA,NE,ACE,CE,Towers with Radar,139,68,45,26,278,0,3,16,7,26,139,71,61,33,304,12,6,18,322
11/03/2021,OMA,NE,ACE,CE,Towers with Radar,131,58,50,6,245,0,5,15,1,21,131,63,65,7,266,20,0,20,286
11/04/2021,OMA,NE,ACE,CE,Towers with Radar,151,58,65,10,284,0,0,16,5,21,151,58,81,15,305,54,12,66,371
11/05/2021,OMA,NE,ACE,CE,Towers with Radar,146,47,42,10,245,0,0,12,1,13,146,47,54,11,258,2,0,2,260
11/06/2021,OMA,NE,ACE,CE,Towers with Radar,121,32,29,23,205,0,0,25,8,33,121,32,54,31,238,78,16,94,332
11/07/2021,OMA,NE,ACE,CE,Towers with Radar,135,40,48,7,230,0,3,30,0,33,135,43,78,7,263,64,0,64,327
11/08/2021,OMA,NE,ACE,CE,Towers with Radar,138,46,48,0,232,0,1,22,1,24,138,47,70,1,256,0,0,0,256
11/09/2021,OMA,NE,ACE,CE,Towers with Radar,133,57,45,4,239,0,0,20,2,22,133,57,65,6,261,52,0,52,313
11/10/2021,OMA,NE,ACE,CE,Towers with Radar,136,63,68,2,269,0,1,1,0,2,136,64,69,2,271,0,0,0,271
11/11/2021,OMA,NE,ACE,CE,Towers with Radar,150,64,51,0,265,0,0,2,0,2,150,64,53,0,267,0,0,0,267
11/12/2021,OMA,NE,ACE,CE,Towers with Radar,150,48,35,0,233,0,0,0,0,0,150,48,35,0,233,0,0,0,233
11/13/2021,OMA,NE,ACE,CE,Towers with Radar,122,25,22,0,169,0,3,18,1,22,122,28,40,1,191,38,0,38,229
11/14/2021,OMA,NE,ACE,CE,Towers with Radar,135,29,26,0,190,0,0,10,0,10,135,29,36,0,200,60,0,60,260
11/15/2021,OMA,NE,ACE,CE,Towers with Radar,135,48,44,4,231,0,1,28,0,29,135,49,72,4,260,40,0,40,300
11/16/2021,OMA,NE,ACE,CE,Towers with Radar,137,63,39,6,245,0,6,26,0,32,137,69,65,6,277,48,0,48,325
11/17/2021,OMA,NE,ACE,CE,Towers with Radar,137,68,44,16,265,0,4,10,0,14,137,72,54,16,279,0,0,0,279
11/18/2021,OMA,NE,ACE,CE,Towers with Radar,149,59,43,7,258,0,0,25,3,28,149,59,68,10,286,6,14,20,306
11/19/2021,OMA,NE,ACE,CE,Towers with Radar,149,68,46,2,265,0,2,12,1,15,149,70,58,3,280,0,0,0,280
11/20/2021,OMA,NE,ACE,CE,Towers with Radar,123,38,30,1,192,0,1,45,0,46,123,39,75,1,238,70,0,70,308
11/21/2021,OMA,NE,ACE,CE,Towers with Radar,143,40,27,1,211,0,2,21,0,23,143,42,48,1,234,0,0,0,234
11/22/2021,OMA,NE,ACE,CE,Towers with Radar,139,51,43,2,235,0,1,34,0,35,139,52,77,2,270,22,0,22,292
11/23/2021,OMA,NE,ACE,CE,Towers with Radar,162,75,48,8,293,0,1,16,1,18,162,76,64,9,311,0,0,0,311
11/24/2021,OMA,NE,ACE,CE,Towers with Radar,163,46,33,2,244,0,0,15,1,16,163,46,48,3,260,42,0,42,302
11/25/2021,OMA,NE,ACE,CE,Towers with Radar,83,11,6,0,100,1,0,6,0,7,84,11,12,0,107,0,0,0,107
11/26/2021,OMA,NE,ACE,CE,Towers with Radar,108,41,26,0,175,0,4,26,0,30,108,45,52,0,205,22,0,22,227
11/27/2021,OMA,NE,ACE,CE,Towers with Radar,137,37,36,0,210,0,1,13,0,14,137,38,49,0,224,0,0,0,224
11/28/2021,OMA,NE,ACE,CE,Towers with Radar,148,39,43,0,230,0,0,32,0,32,148,39,75,0,262,12,0,12,274
11/29/2021,OMA,NE,ACE,CE,Towers with Radar,162,61,31,4,258,0,1,21,0,22,162,62,52,4,280,2,0,2,282
11/30/2021,OMA,NE,ACE,CE,Towers with Radar,145,70,54,16,285,0,7,15,13,35,145,77,69,29,320,18,19,37,357
12/01/2021,OMA,NE,ACE,CE,Towers with Radar,130,51,48,5,234,0,1,17,6,24,130,52,65,11,258,16,6,22,280
12/02/2021,OMA,NE,ACE,CE,Towers with Radar,153,53,51,0,257,0,3,36,2,41,153,56,87,2,298,40,0,40,338
12/03/2021,OMA,NE,ACE,CE,Towers with Radar,136,66,46,7,255,0,1,28,6,35,136,67,74,13,290,62,6,68,358
12/04/2021,OMA,NE,ACE,CE,Towers with Radar,110,37,13,7,167,0,0,26,6,32,110,37,39,13,199,4,8,12,211
12/05/2021,OMA,NE,ACE,CE,Towers with Radar,137,34,11,3,185,0,0,12,0,12,137,34,23,3,197,2,0,2,199
12/06/2021,OMA,NE,ACE,CE,Towers with Radar,123,64,43,5,235,0,2,20,1,23,123,66,63,6,258,28,0,28,286
12/07/2021,OMA,NE,ACE,CE,Towers with Radar,118,80,42,11,251,0,9,14,5,28,118,89,56,16,279,16,4,20,299
12/08/2021,OMA,NE,ACE,CE,Towers with Radar,121,82,53,0,256,0,4,21,1,26,121,86,74,1,282,0,0,0,282
12/09/2021,OMA,NE,ACE,CE,Towers with Radar,136,65,75,4,280,0,0,33,1,34,136,65,108,5,314,42,0,42,356
12/10/2021,OMA,NE,ACE,CE,Towers with Radar,131,69,37,0,237,0,1,0,0,1,131,70,37,0,238,0,0,0,238
12/11/2021,OMA,NE,ACE,CE,Towers with Radar,109,32,26,11,178,0,2,24,6,32,109,34,50,17,210,38,2,40,250
12/12/2021,OMA,NE,ACE,CE,Towers with Radar,128,35,35,5,203,0,2,13,0,15,128,37,48,5,218,12,0,12,230
12/13/2021,OMA,NE,ACE,CE,Towers with Radar,124,42,39,4,209,0,0,19,0,19,124,42,58,4,228,12,0,12,240
12/14/2021,OMA,NE,ACE,CE,Towers with Radar,117,58,57,11,243,0,1,21,0,22,117,59,78,11,265,38,2,40,305
12/15/2021,OMA,NE,ACE,CE,Towers with Radar,108,33,27,1,169,0,0,1,0,1,108,33,28,1,170,0,0,0,170
12/16/2021,OMA,NE,ACE,CE,Towers with Radar,146,63,56,3,268,0,0,17,3,20,146,63,73,6,288,10,0,10,298
12/17/2021,OMA,NE,ACE,CE,Towers with Radar,137,61,49,1,248,0,2,15,1,18,137,63,64,2,266,20,0,20,286
12/18/2021,OMA,NE,ACE,CE,Towers with Radar,122,60,24,0,206,0,0,3,0,3,122,60,27,0,209,0,0,0,209
12/19/2021,OMA,NE,ACE,CE,Towers with Radar,136,31,22,0,189,0,1,4,0,5,136,32,26,0,194,6,0,6,200
12/20/2021,OMA,NE,ACE,CE,Towers with Radar,121,39,22,0,182,0,2,13,0,15,121,41,35,0,197,14,0,14,211
12/21/2021,OMA,NE,ACE,CE,Towers with Radar,137,60,33,1,231,0,0,11,3,14,137,60,44,4,245,16,0,16,261
12/22/2021,OMA,NE,ACE,CE,Towers with Radar,140,56,37,0,233,0,2,26,3,31,140,58,63,3,264,22,0,22,286
12/23/2021,OMA,NE,ACE,CE,Towers with Radar,149,46,30,0,225,1,1,22,0,24,150,47,52,0,249,8,0,8,257
12/24/2021,OMA,NE,ACE,CE,Towers with Radar,96,29,10,0,135,0,0,5,0,5,96,29,15,0,140,0,0,0,140
12/25/2021,OMA,NE,ACE,CE,Towers with Radar,85,20,8,0,113,0,0,10,0,10,85,20,18,0,123,0,0,0,123
12/26/2021,OMA,NE,ACE,CE,Towers with Radar,122,46,28,0,196,0,0,5,0,5,122,46,33,0,201,44,0,44,245
12/27/2021,OMA,NE,ACE,CE,Towers with Radar,132,56,36,0,224,0,1,12,0,13,132,57,48,0,237,10,0,10,247
12/28/2021,OMA,NE,ACE,CE,Towers with Radar,139,56,24,0,219,0,0,9,0,9,139,56,33,0,228,0,0,0,228
12/29/2021,OMA,NE,ACE,CE,Towers with Radar,139,43,26,0,208,0,1,9,0,10,139,44,35,0,218,0,0,0,218
12/30/2021,OMA,NE,ACE,CE,Towers with Radar,142,41,29,0,212,0,1,15,0,16,142,42,44,0,228,16,0,16,244
12/31/2021,OMA,NE,ACE,CE,Towers with Radar,92,27,10,0,129,0,2,1,0,3,92,29,11,0,132,0,0,0,132
01/01/2022,OMA,NE,ACE,CE,Towers with Radar,63,12,5,0,80,0,0,0,0,0,63,12,5,0,80,0,0,0,80
01/02/2022,OMA,NE,ACE,CE,Towers with Radar,118,45,30,0,193,0,2,3,0,5,118,47,33,0,198,0,0,0,198
01/03/2022,OMA,NE,ACE,CE,Towers with Radar,120,59,40,0,219,0,1,27,2,30,120,60,67,2,249,42,0,42,291
01/04/2022,OMA,NE,ACE,CE,Towers with Radar,122,53,29,0,204,0,0,7,0,7,122,53,36,0,211,12,0,12,223
01/05/2022,OMA,NE,ACE,CE,Towers with Radar,115,48,31,0,194,0,0,7,0,7,115,48,38,0,201,0,0,0,201
01/06/2022,OMA,NE,ACE,CE,Towers with Radar,125,41,42,0,208,0,0,2,0,2,125,41,44,0,210,0,0,0,210
01/07/2022,OMA,NE,ACE,CE,Towers with Radar,121,59,34,12,226,0,0,12,0,12,121,59,46,12,238,18,0,18,256
01/08/2022,OMA,NE,ACE,CE,Towers with Radar,96,31,14,24,165,0,0,1,0,1,96,31,15,24,166,0,0,0,166
01/09/2022,OMA,NE,ACE,CE,Towers with Radar,117,41,20,9,187,0,1,12,1,14,117,42,32,10,201,22,0,22,223
01/10/2022,OMA,NE,ACE,CE,Towers with Radar,118,43,48,6,215,0,2,24,0,26,118,45,72,6,241,86,0,86,327
01/11/2022,OMA,NE,ACE,CE,Towers with Radar,120,54,41,14,229,0,1,24,3,28,120,55,65,17,257,50,0,50,307
01/12/2022,OMA,NE,ACE,CE,Towers with Radar,125,41,53,7,226,0,1,26,2,29,125,42,79,9,255,48,0,48,303
01/13/2022,OMA,NE,ACE,CE,Towers with Radar,141,46,46,12,245,0,1,18,0,19,141,47,64,12,264,0,0,0,264
01/14/2022,OMA,NE,ACE,CE,Towers with Radar,131,55,16,0,202,0,0,0,1,1,131,55,16,1,203,0,0,0,203
01/15/2022,OMA,NE,ACE,CE,Towers with Radar,97,21,10,0,128,0,1,6,0,7,97,22,16,0,135,0,0,0,135
01/16/2022,OMA,NE,ACE,CE,Towers with Radar,99,24,20,0,143,0,0,13,0,13,99,24,33,0,156,10,0,10,166
01/17/2022,OMA,NE,ACE,CE,Towers with Radar,128,29,38,0,195,0,0,25,0,25,128,29,63,0,220,16,0,16,236
01/18/2022,OMA,NE,ACE,CE,Towers with Radar,135,53,58,5,251,0,1,22,0,23,135,54,80,5,274,52,0,52,326
01/19/2022,OMA,NE,ACE,CE,Towers with Radar,132,44,27,4,207,0,0,1,0,1,132,44,28,4,208,0,0,0,208
01/20/2022,OMA,NE,ACE,CE,Towers with Radar,140,55,36,1,232,0,1,14,0,15,140,56,50,1,247,28,0,28,275
01/21/2022,OMA,NE,ACE,CE,Towers with Radar,142,48,32,2,224,0,0,6,0,6,142,48,38,2,230,0,0,0,230
01/22/2022,OMA,NE,ACE,CE,Towers with Radar,96,24,26,1,147,0,1,27,0,28,96,25,53,1,175,26,0,26,201
01/23/2022,OMA,NE,ACE,CE,Towers with Radar,118,31,37,5,191,0,3,18,1,22,118,34,55,6,213,6,0,6,219
01/24/2022,OMA,NE,ACE,CE,Towers with Radar,126,35,36,2,199,0,0,14,0,14,126,35,50,2,213,6,0,6,219
01/25/2022,OMA,NE,ACE,CE,Towers with Radar,122,60,27,0,209,0,2,13,0,15,122,62,40,0,224,34,0,34,258
01/26/2022,OMA,NE,ACE,CE,Towers with Radar,131,52,54,5,242,0,2,13,1,16,131,54,67,6,258,0,0,0,258
01/27/2022,OMA,NE,ACE,CE,Towers with Radar,141,58,33,0,232,0,1,17,0,18,141,59,50,0,250,24,0,24,274
01/28/2022,OMA,NE,ACE,CE,Towers with Radar,141,56,40,1,238,0,0,33,0,33,141,56,73,1,271,30,0,30,301
01/29/2022,OMA,NE,ACE,CE,Towers with Radar,91,36,27,1,155,0,1,24,0,25,91,37,51,1,180,16,0,16,196
01/30/2022,OMA,NE,ACE,CE,Towers with Radar,114,40,26,2,182,0,0,18,0,18,114,40,44,2,200,20,0,20,220
01/31/2022,OMA,NE,ACE,CE,Towers with Radar,127,32,34,8,201,0,0,17,1,18,127,32,51,9,219,10,0,10,229
02/01/2022,OMA,NE,ACE,CE,Towers with Radar,125,66,35,0,226,0,2,32,1,35,125,68,67,1,261,4,0,4,265
02/02/2022,OMA,NE,ACE,CE,Towers with Radar,114,51,51,0,216,0,3,10,2,15,114,54,61,2,231,24,0,24,255
02/03/2022,OMA,NE,ACE,CE,Towers with Radar,119,38,35,12,204,0,2,7,0,9,119,40,42,12,213,22,0,22,235
02/04/2022,OMA,NE,ACE,CE,Towers with Radar,119,35,35,0,189,0,4,21,0,25,119,39,56,0,214,46,0,46,260
02/05/2022,OMA,NE,ACE,CE,Towers with Radar,95,23,13,0,131,0,2,14,0,16,95,25,27,0,147,20,0,20,167
02/06/2022,OMA,NE,ACE,CE,Towers with Radar,120,32,11,0,163,0,1,14,0,15,120,33,25,0,178,0,0,0,178
02/07/2022,OMA,NE,ACE,CE,Towers with Radar,130,48,42,0,220,0,11,27,2,40,130,59,69,2,260,46,0,46,306
02/08/2022,OMA,NE,ACE,CE,Towers with Radar,130,55,38,5,228,3,2,19,3,27,133,57,57,8,255,4,0,4,259
02/09/2022,OMA,NE,ACE,CE,Towers with Radar,131,49,36,4,220,0,2,14,2,18,131,51,50,6,238,0,0,0,238
02/10/2022,OMA,NE,ACE,CE,Towers with Radar,147,82,42,2,273,0,1,7,3,11,147,83,49,5,284,20,0,20,304
02/11/2022,OMA,NE,ACE,CE,Towers with Radar,148,54,29,1,232,0,1,4,1,6,148,55,33,2,238,0,0,0,238
02/12/2022,OMA,NE,ACE,CE,Towers with Radar,96,45,26,2,169,0,1,23,2,26,96,46,49,4,195,20,0,20,215
02/13/2022,OMA,NE,ACE,CE,Towers with Radar,107,35,12,0,154,0,2,13,0,15,107,37,25,0,169,18,0,18,187
02/14/2022,OMA,NE,ACE,CE,Towers with Radar,135,46,42,13,236,0,2,6,1,9,135,48,48,14,245,22,0,22,267
02/15/2022,OMA,NE,ACE,CE,Towers with Radar,130,68,51,4,253,0,1,19,0,20,130,69,70,4,273,16,0,16,289
02/16/2022,OMA,NE,ACE,CE,Towers with Radar,132,63,43,0,238,0,2,11,1,14,132,65,54,1,252,24,0,24,276
02/17/2022,OMA,NE,ACE,CE,Towers with Radar,141,75,38,2,256,0,2,21,0,23,141,77,59,2,279,86,0,86,365
02/18/2022,OMA,NE,ACE,CE,Towers with Radar,142,44,39,0,225,0,0,12,0,12,142,44,51,0,237,0,0,0,237
02/19/2022,OMA,NE,ACE,CE,Towers with Radar,101,24,23,0,148,0,0,19,0,19,101,24,42,0,167,12,0,12,179
02/20/2022,OMA,NE,ACE,CE,Towers with Radar,116,39,25,0,180,0,2,22,0,24,116,41,47,0,204,0,0,0,204
02/21/2022,OMA,NE,ACE,CE,Towers with Radar,134,46,33,0,213,0,5,10,0,15,134,51,43,0,228,2,0,2,230
02/22/2022,OMA,NE,ACE,CE,Towers with Radar,134,60,36,0,230,0,0,0,0,0,134,60,36,0,230,0,0,0,230
02/23/2022,OMA,NE,ACE,CE,Towers with Radar,131,55,40,5,231,0,3,9,0,12,131,58,49,5,243,0,0,0,243
02/24/2022,OMA,NE,ACE,CE,Towers with Radar,137,68,28,0,233,0,1,0,1,2,137,69,28,1,235,0,0,0,235
02/25/2022,OMA,NE,ACE,CE,Towers with Radar,138,68,40,17,263,1,3,7,3,14,139,71,47,20,277,0,12,12,289
02/26/2022,OMA,NE,ACE,CE,Towers with Radar,99,40,17,24,180,0,2,15,14,31,99,42,32,38,211,36,18,54,265
02/27/2022,OMA,NE,ACE,CE,Towers with Radar,123,39,24,7,193,0,0,27,1,28,123,39,51,8,221,34,0,34,255
02/28/2022,OMA,NE,ACE,CE,Towers with Radar,130,52,34,0,216,0,2,21,0,23,130,54,55,0,239,74,0,74,313
03/01/2022,OMA,NE,ACE,CE,Towers with Radar,133,61,41,5,240,0,10,19,0,29,133,71,60,5,269,40,0,40,309
03/02/2022,OMA,NE,ACE,CE,Towers with Radar,134,68,41,17,260,0,6,26,3,35,134,74,67,20,295,84,0,84,379
03/03/2022,OMA,NE,ACE,CE,Towers with Radar,144,78,45,0,267,0,0,17,0,17,144,78,62,0,284,32,0,32,316
03/04/2022,OMA,NE,ACE,CE,Towers with Radar,131,62,43,0,236,0,0,11,0,11,131,62,54,0,247,10,0,10,257
03/05/2022,OMA,NE,ACE,CE,Towers with Radar,111,45,4,0,160,0,0,0,0,0,111,45,4,0,160,0,0,0,160
03/06/2022,OMA,NE,ACE,CE,Towers with Radar,131,38,30,5,204,0,0,6,0,6,131,38,36,5,210,26,0,26,236
03/07/2022,OMA,NE,ACE,CE,Towers with Radar,124,46,56,6,232,0,0,29,1,30,124,46,85,7,262,64,0,64,326
03/08/2022,OMA,NE,ACE,CE,Towers with Radar,126,59,55,3,243,0,1,20,0,21,126,60,75,3,264,30,0,30,294
03/09/2022,OMA,NE,ACE,CE,Towers with Radar,123,63,59,2,247,0,2,15,0,17,123,65,74,2,264,72,0,72,336
03/10/2022,OMA,NE,ACE,CE,Towers with Radar,140,59,31,0,230,0,4,3,0,7,140,63,34,0,237,28,0,28,265
03/11/2022,OMA,NE,ACE,CE,Towers with Radar,133,55,41,0,229,0,4,6,0,10,133,59,47,0,239,0,0,0,239
03/12/2022,OMA,NE,ACE,CE,Towers with Radar,107,48,28,0,183,0,9,19,2,30,107,57,47,2,213,16,0,16,229
03/13/2022,OMA,NE,ACE,CE,Towers with Radar,133,49,49,0,231,0,6,23,0,29,133,55,72,0,260,45,0,45,305
03/14/2022,OMA,NE,ACE,CE,Towers with Radar,125,47,38,10,220,0,2,24,6,32,125,49,62,16,252,66,0,66,318
03/15/2022,OMA,NE,ACE,CE,Towers with Radar,128,60,29,4,221,0,1,11,0,12,128,61,40,4,233,4,0,4,237
03/16/2022,OMA,NE,ACE,CE,Towers with Radar,127,60,50,9,246,0,4,32,5,41,127,64,82,14,287,58,0,58,345
03/17/2022,OMA,NE,ACE,CE,Towers with Radar,144,77,41,5,267,0,0,8,0,8,144,77,49,5,275,10,0,10,285
03/18/2022,OMA,NE,ACE,CE,Towers with Radar,139,55,43,8,245,0,1,3,4,8,139,56,46,12,253,0,2,2,255
03/19/2022,OMA,NE,ACE,CE,Towers with Radar,113,51,28,0,192,0,0,39,0,39,113,51,67,0,231,22,0,22,253
03/20/2022,OMA,NE,ACE,CE,Towers with Radar,133,48,29,2,212,0,0,22,0,22,133,48,51,2,234,22,0,22,256
03/21/2022,OMA,NE,ACE,CE,Towers with Radar,129,50,32,0,211,0,0,8,0,8,129,50,40,0,219,6,0,6,225
03/22/2022,OMA,NE,ACE,CE,Towers with Radar,122,59,49,14,244,0,0,0,0,0,122,59,49,14,244,0,0,0,244
03/23/2022,OMA,NE,ACE,CE,Towers with Radar,140,70,44,12,266,0,0,1,0,1,140,70,45,12,267,0,0,0,267
03/24/2022,OMA,NE,ACE,CE,Towers with Radar,142,66,52,1,261,0,0,4,0,4,142,66,56,1,265,0,0,0,265
03/25/2022,OMA,NE,ACE,CE,Towers with Radar,135,61,37,1,234,0,1,7,0,8,135,62,44,1,242,2,0,2,244
03/26/2022,OMA,NE,ACE,CE,Towers with Radar,109,39,26,0,174,0,2,40,0,42,109,41,66,0,216,44,0,44,260
03/27/2022,OMA,NE,ACE,CE,Towers with Radar,128,54,24,2,208,0,2,18,1,21,128,56,42,3,229,36,0,36,265
03/28/2022,OMA,NE,ACE,CE,Towers with Radar,130,50,43,5,228,0,1,21,5,27,130,51,64,10,255,6,8,14,269
03/29/2022,OMA,NE,ACE,CE,Towers with Radar,127,63,60,0,250,0,2,3,3,8,127,65,63,3,258,4,0,4,262
03/30/2022,OMA,NE,ACE,CE,Towers with Radar,130,62,48,4,244,0,0,1,0,1,130,62,49,4,245,0,0,0,245
03/31/2022,OMA,NE,ACE,CE,Towers with Radar,140,76,42,4,262,0,3,21,0,24,140,79,63,4,286,46,0,46,332
04/01/2022,OMA,NE,ACE,CE,Towers with Radar,134,70,53,0,257,0,1,23,0,24,134,71,76,0,281,30,0,30,311
04/02/2022,OMA,NE,ACE,CE,Towers with Radar,107,47,23,3,180,0,3,36,1,40,107,50,59,4,220,47,0,47,267
04/03/2022,OMA,NE,ACE,CE,Towers with Radar,121,38,22,1,182,0,4,16,0,20,121,42,38,1,202,34,0,34,236
04/04/2022,OMA,NE,ACE,CE,Towers with Radar,123,62,45,18,248,0,5,26,0,31,123,67,71,18,279,72,0,72,351
04/05/2022,OMA,NE,ACE,CE,Towers with Radar,119,74,52,2,247,0,4,5,0,9,119,78,57,2,256,0,0,0,256
04/06/2022,OMA,NE,ACE,CE,Towers with Radar,132,63,43,14,252,0,0,3,0,3,132,63,46,14,255,0,18,18,273
04/07/2022,OMA,NE,ACE,CE,Towers with Radar,122,56,47,6,231,0,0,0,0,0,122,56,47,6,231,0,0,0,231
04/08/2022,OMA,NE,ACE,CE,Towers with Radar,139,67,46,9,261,0,0,5,0,5,139,67,51,9,266,8,0,8,274
04/09/2022,OMA,NE,ACE,CE,Towers with Radar,101,56,39,0,196,0,0,32,0,32,101,56,71,0,228,47,0,47,275
04/10/2022,OMA,NE,ACE,CE,Towers with Radar,117,36,29,0,182,0,1,14,1,16,117,37,43,1,198,22,0,22,220
04/11/2022,OMA,NE,ACE,CE,Towers with Radar,120,48,35,11,214,0,1,36,3,40,120,49,71,14,254,60,0,60,314
04/12/2022,OMA,NE,ACE,CE,Towers with Radar,127,68,37,2,234,0,1,0,0,1,127,69,37,2,235,0,0,0,235
04/13/2022,OMA,NE,ACE,CE,Towers with Radar,128,76,48,4,256,0,3,9,0,12,128,79,57,4,268,0,0,0,268
04/14/2022,OMA,NE,ACE,CE,Towers with Radar,133,76,47,2,258,0,9,6,0,15,133,85,53,2,273,0,0,0,273
04/15/2022,OMA,NE,ACE,CE,Towers with Radar,129,62,37,0,228,0,3,35,8,46,129,65,72,8,274,80,8,88,362
04/16/2022,OMA,NE,ACE,CE,Towers with Radar,100,46,17,0,163,0,6,18,2,26,100,52,35,2,189,14,0,14,203
04/17/2022,OMA,NE,ACE,CE,Towers with Radar,115,28,14,0,157,0,7,5,0,12,115,35,19,0,169,8,0,8,177
04/18/2022,OMA,NE,ACE,CE,Towers with Radar,118,70,52,11,251,0,5,14,14,33,118,75,66,25,284,24,10,34,318
04/19/2022,OMA,NE,ACE,CE,Towers with Radar,126,76,47,9,258,0,5,13,0,18,126,81,60,9,276,12,0,12,288
04/20/2022,OMA,NE,ACE,CE,Towers with Radar,130,65,45,21,261,0,5,6,0,11,130,70,51,21,272,20,0,20,292
04/21/2022,OMA,NE,ACE,CE,Towers with Radar,131,68,61,13,273,0,1,27,1,29,131,69,88,14,302,34,6,40,342
04/22/2022,OMA,NE,ACE,CE,Towers with Radar,128,62,36,5,231,0,0,3,0,3,128,62,39,5,234,0,0,0,234
04/23/2022,OMA,NE,ACE,CE,Towers with Radar,104,41,14,3,162,0,0,5,2,7,104,41,19,5,169,20,0,20,189
04/24/2022,OMA,NE,ACE,CE,Towers with Radar,117,44,19,5,185,0,1,5,0,6,117,45,24,5,191,0,0,0,191
04/25/2022,OMA,NE,ACE,CE,Towers with Radar,121,59,44,2,226,0,4,16,0,20,121,63,60,2,246,30,0,30,276
04/26/2022,OMA,NE,ACE,CE,Towers with Radar,125,71,51,29,276,0,6,27,2,35,125,77,78,31,311,46,0,46,357
04/27/2022,OMA,NE,ACE,CE,Towers with Radar,130,75,61,4,270,0,1,14,0,15,130,76,75,4,285,32,0,32,317
04/28/2022,OMA,NE,ACE,CE,Towers with Radar,130,121,62,19,332,0,0,8,1,9,130,121,70,20,341,2,4,6,347
04/29/2022,OMA,NE,ACE,CE,Towers with Radar,140,135,110,0,385,0,0,1,0,1,140,135,111,0,386,0,0,0,386
04/30/2022,OMA,NE,ACE,CE,Towers with Radar,113,112,67,0,292,0,0,0,0,0,113,112,67,0,292,0,0,0,292
05/01/2022,OMA,NE,ACE,CE,Towers with Radar,131,94,70,0,295,0,3,17,0,20,131,97,87,0,315,6,0,6,321
05/02/2022,OMA,NE,ACE,CE,Towers with Radar,123,38,24,0,185,0,4,6,0,10,123,42,30,0,195,0,0,0,195
05/03/2022,OMA,NE,ACE,CE,Towers with Radar,130,63,49,2,244,0,0,25,0,25,130,63,74,2,269,30,0,30,299
05/04/2022,OMA,NE,ACE,CE,Towers with Radar,134,68,57,2,261,0,0,1,0,1,134,68,58,2,262,30,0,30,292
05/05/2022,OMA,NE,ACE,CE,Towers with Radar,136,77,39,1,253,0,0,0,0,0,136,77,39,1,253,0,0,0,253
05/06/2022,OMA,NE,ACE,CE,Towers with Radar,138,53,47,39,277,0,1,15,3,19,138,54,62,42,296,36,16,52,348
05/07/2022,OMA,NE,ACE,CE,Towers with Radar,110,42,28,0,180,0,3,21,2,26,110,45,49,2,206,8,0,8,214
05/08/2022,OMA,NE,ACE,CE,Towers with Radar,118,38,10,2,168,0,1,1,1,3,118,39,11,3,171,0,0,0,171
05/09/2022,OMA,NE,ACE,CE,Towers with Radar,133,55,27,0,215,0,7,16,0,23,133,62,43,0,238,20,0,20,258
05/10/2022,OMA,NE,ACE,CE,Towers with Radar,138,74,59,7,278,0,2,32,0,34,138,76,91,7,312,68,4,72,384
05/11/2022,OMA,NE,ACE,CE,Towers with Radar,153,74,63,34,324,0,1,16,0,17,153,75,79,34,341,8,4,12,353
05/12/2022,OMA,NE,ACE,CE,Towers with Radar,155,71,50,2,278,0,1,18,0,19,155,72,68,2,297,8,0,8,305
05/13/2022,OMA,NE,ACE,CE,Towers with Radar,141,57,49,15,262,0,5,28,2,35,141,62,77,17,297,74,38,112,409
05/14/2022,OMA,NE,ACE,CE,Towers with Radar,108,40,31,1,180,0,4,36,3,43,108,44,67,4,223,76,0,76,299
05/15/2022,OMA,NE,ACE,CE,Towers with Radar,120,30,42,15,207,0,3,30,3,36,120,33,72,18,243,92,0,92,335
05/16/2022,OMA,NE,ACE,CE,Towers with Radar,125,52,59,10,246,0,4,42,7,53,125,56,101,17,299,71,10,81,380
05/17/2022,OMA,NE,ACE,CE,Towers with Radar,132,63,46,6,247,0,0,9,3,12,132,63,55,9,259,4,0,4,263
05/18/2022,OMA,NE,ACE,CE,Towers with Radar,144,54,75,4,277,0,1,45,0,46,144,55,120,4,323,60,0,60,383
05/19/2022,OMA,NE,ACE,CE,Towers with Radar,144,55,48,11,258,0,0,18,0,18,144,55,66,11,276,14,0,14,290
05/20/2022,OMA,NE,ACE,CE,Towers with Radar,137,58,45,18,258,0,0,30,0,30,137,58,75,18,288,21,4,25,313
05/21/2022,OMA,NE,ACE,CE,Towers with Radar,105,45,31,11,192,0,4,12,5,21,105,49,43,16,213,0,0,0,213
05/22/2022,OMA,NE,ACE,CE,Towers with Radar,122,28,48,10,208,0,1,38,0,39,122,29,86,10,247,22,0,22,269
05/23/2022,OMA,NE,ACE,CE,Towers with Radar,128,57,46,2,233,0,1,17,0,18,128,58,63,2,251,32,0,32,283
05/24/2022,OMA,NE,ACE,CE,Towers with Radar,133,59,50,0,242,0,0,6,0,6,133,59,56,0,248,0,0,0,248
05/25/2022,OMA,NE,ACE,CE,Towers with Radar,138,78,44,4,264,0,0,0,0,0,138,78,44,4,264,0,0,0,264
05/26/2022,OMA,NE,ACE,CE,Towers with Radar,141,68,64,0,273,0,3,5,1,9,141,71,69,1,282,38,0,38,320
05/27/2022,OMA,NE,ACE,CE,Towers with Radar,140,46,43,0,229,0,3,33,0,36,140,49,76,0,265,48,0,48,313
05/28/2022,OMA,NE,ACE,CE,Towers with Radar,107,37,25,0,169,0,4,29,0,33,107,41,54,0,202,16,0,16,218
05/29/2022,OMA,NE,ACE,CE,Towers with Radar,121,33,13,0,167,0,1,11,0,12,121,34,24,0,179,0,0,0,179
05/30/2022,OMA,NE,ACE,CE,Towers with Radar,131,37,5,0,173,0,3,1,0,4,131,40,6,0,177,0,0,0,177
05/31/2022,OMA,NE,ACE,CE,Towers with Radar,128,58,40,56,282,0,4,21,3,28,128,62,61,59,310,54,27,81,391
06/01/2022,OMA,NE,ACE,CE,Towers with Radar,137,59,44,54,294,0,3,36,16,55,137,62,80,70,349,46,44,90,439
06/02/2022,OMA,NE,ACE,CE,Towers with Radar,133,57,45,45,280,0,4,40,1,45,133,61,85,46,325,50,0,50,375
06/03/2022,OMA,NE,ACE,CE,Towers with Radar,148,67,40,9,264,0,1,31,0,32,148,68,71,9,296,14,0,14,310
06/04/2022,OMA,NE,ACE,CE,Towers with Radar,112,34,23,1,170,0,0,9,0,9,112,34,32,1,179,12,0,12,191
06/05/2022,OMA,NE,ACE,CE,Towers with Radar,125,39,32,0,196,0,0,12,0,12,125,39,44,0,208,12,0,12,220
06/06/2022,OMA,NE,ACE,CE,Towers with Radar,129,46,38,8,221,0,0,8,3,11,129,46,46,11,232,0,0,0,232
06/07/2022,OMA,NE,ACE,CE,Towers with Radar,134,70,58,0,262,0,0,5,0,5,134,70,63,0,267,16,0,16,283
06/08/2022,OMA,NE,ACE,CE,Towers with Radar,143,63,69,23,298,0,0,32,2,34,143,63,101,25,332,132,22,154,486
06/09/2022,OMA,NE,ACE,CE,Towers with Radar,141,58,65,0,264,0,0,19,0,19,141,58,84,0,283,58,0,58,341
06/10/2022,OMA,NE,ACE,CE,Towers with Radar,144,63,48,6,261,0,0,21,0,21,144,63,69,6,282,26,0,26,308
06/11/2022,OMA,NE,ACE,CE,Towers with Radar,104,47,33,7,191,0,2,21,10,33,104,49,54,17,224,58,12,70,294
06/12/2022,OMA,NE,ACE,CE,Towers with Radar,127,38,38,5,208,0,3,26,0,29,127,41,64,5,237,28,0,28,265
06/13/2022,OMA,NE,ACE,CE,Towers with Radar,138,55,40,15,248,0,1,13,3,17,138,56,53,18,265,0,8,8,273
06/14/2022,OMA,NE,ACE,CE,Towers with Radar,142,66,40,2,250,0,0,6,5,11,142,66,46,7,261,12,2,14,275
06/15/2022,OMA,NE,ACE,CE,Towers with Radar,158,79,56,1,294,0,1,14,1,16,158,80,70,2,310,6,0,6,316
06/16/2022,OMA,NE,ACE,CE,Towers with Radar,139,61,62,2,264,0,0,35,3,38,139,61,97,5,302,34,0,34,336
06/17/2022,OMA,NE,ACE,CE,Towers with Radar,151,85,103,4,343,0,1,39,2,42,151,86,142,6,385,75,0,75,460
06/18/2022,OMA,NE,ACE,CE,Towers with Radar,111,47,100,4,262,0,3,36,3,42,111,50,136,7,304,8,0,8,312
06/19/2022,OMA,NE,ACE,CE,Towers with Radar,120,62,80,0,262,0,0,26,1,27,120,62,106,1,289,8,0,8,297
06/20/2022,OMA,NE,ACE,CE,Towers with Radar,143,60,117,1,321,0,2,23,0,25,143,62,140,1,346,10,0,10,356
06/21/2022,OMA,NE,ACE,CE,Towers with Radar,153,79,89,2,323,0,0,49,0,49,153,79,138,2,372,42,0,42,414
06/22/2022,OMA,NE,ACE,CE,Towers with Radar,144,74,85,5,308,0,1,27,1,29,144,75,112,6,337,46,0,46,383
06/23/2022,OMA,NE,ACE,CE,Towers with Radar,144,69,94,5,312,0,2,24,0,26,144,71,118,5,338,8,0,8,346
06/24/2022,OMA,NE,ACE,CE,Towers with Radar,148,56,55,3,262,0,1,12,0,13,148,57,67,3,275,12,0,12,287
06/25/2022,OMA,NE,ACE,CE,Towers with Radar,111,71,114,0,296,0,0,17,0,17,111,71,131,0,313,26,0,26,339
06/26/2022,OMA,NE,ACE,CE,Towers with Radar,117,55,142,5,319,0,1,26,4,31,117,56,168,9,350,0,0,0,350
06/27/2022,OMA,NE,ACE,CE,Towers with Radar,136,77,110,0,323,0,1,21,2,24,136,78,131,2,347,16,0,16,363
06/28/2022,OMA,NE,ACE,CE,Towers with Radar,136,65,42,16,259,0,0,34,4,38,136,65,76,20,297,24,6,30,327
06/29/2022,OMA,NE,ACE,CE,Towers with Radar,136,67,61,10,274,0,1,9,0,10,136,68,70,10,284,12,0,12,296
06/30/2022,OMA,NE,ACE,CE,Towers with Radar,146,68,52,0,266,0,1,18,1,20,146,69,70,1,286,54,0,54,340
07/01/2022,OMA,NE,ACE,CE,Towers with Radar,147,54,38,0,239,0,0,15,0,15,147,54,53,0,254,2,0,2,256
07/02/2022,OMA,NE,ACE,CE,Towers with Radar,111,41,18,0,170,0,1,13,0,14,111,42,31,0,184,46,0,46,230
07/03/2022,OMA,NE,ACE,CE,Towers with Radar,113,19,12,0,144,0,1,16,1,18,113,20,28,1,162,12,0,12,174
07/04/2022,OMA,NE,ACE,CE,Towers with Radar,127,16,10,0,153,0,0,12,0,12,127,16,22,0,165,0,0,0,165
07/05/2022,OMA,NE,ACE,CE,Towers with Radar,132,57,34,1,224,0,0,12,3,15,132,57,46,4,239,6,0,6,245
07/06/2022,OMA,NE,ACE,CE,Towers with Radar,140,52,50,13,255,0,1,15,0,16,140,53,65,13,271,14,0,14,285
07/07/2022,OMA,NE,ACE,CE,Towers with Radar,143,63,33,1,240,0,0,16,0,16,143,63,49,1,256,0,0,0,256
07/08/2022,OMA,NE,ACE,CE,Towers with Radar,140,43,35,84,302,0,0,7,2,9,140,43,42,86,311,8,8,16,327
07/09/2022,OMA,NE,ACE,CE,Towers with Radar,110,41,18,25,194,0,2,20,1,23,110,43,38,26,217,0,10,10,227
07/10/2022,OMA,NE,ACE,CE,Towers with Radar,124,38,32,13,207,0,1,21,1,23,124,39,53,14,230,6,0,6,236
07/11/2022,OMA,NE,ACE,CE,Towers with Radar,142,45,55,8,250,0,0,18,0,18,142,45,73,8,268,36,0,36,304
07/12/2022,OMA,NE,ACE,CE,Towers with Radar,134,52,37,25,248,0,2,27,3,32,134,54,64,28,280,26,0,26,306
07/13/2022,OMA,NE,ACE,CE,Towers with Radar,143,61,54,19,277,0,5,28,9,42,143,66,82,28,319,18,0,18,337
07/14/2022,OMA,NE,ACE,CE,Towers with Radar,142,52,62,6,262,0,2,19,1,22,142,54,81,7,284,34,0,34,318
07/15/2022,OMA,NE,ACE,CE,Towers with Radar,143,57,28,18,246,0,2,26,0,28,143,59,54,18,274,4,18,22,296
07/16/2022,OMA,NE,ACE,CE,Towers with Radar,103,40,29,0,172,0,2,13,0,15,103,42,42,0,187,32,0,32,219
07/17/2022,OMA,NE,ACE,CE,Towers with Radar,124,39,50,0,213,0,2,23,0,25,124,41,73,0,238,10,0,10,248
07/18/2022,OMA,NE,ACE,CE,Towers with Radar,134,56,47,22,259,0,8,37,1,46,134,64,84,23,305,50,2,52,357
07/19/2022,OMA,NE,ACE,CE,Towers with Radar,142,61,50,6,259,0,1,23,1,25,142,62,73,7,284,28,0,28,312
07/20/2022,OMA,NE,ACE,CE,Towers with Radar,145,71,39,2,257,0,2,31,0,33,145,73,70,2,290,76,0,76,366
07/21/2022,OMA,NE,ACE,CE,Towers with Radar,143,58,44,0,245,0,7,54,0,61,143,65,98,0,306,100,0,100,406
07/22/2022,OMA,NE,ACE,CE,Towers with Radar,148,55,40,1,244,0,1,32,3,36,148,56,72,4,280,22,0,22,302
07/23/2022,OMA,NE,ACE,CE,Towers with Radar,104,53,31,0,188,0,0,22,0,22,104,53,53,0,210,12,0,12,222
07/24/2022,OMA,NE,ACE,CE,Towers with Radar,115,41,48,0,204,0,3,16,2,21,115,44,64,2,225,6,0,6,231
07/25/2022,OMA,NE,ACE,CE,Towers with Radar,131,48,47,4,230,0,0,21,0,21,131,48,68,4,251,60,0,60,311
07/26/2022,OMA,NE,ACE,CE,Towers with Radar,136,53,42,5,236,0,0,12,0,12,136,53,54,5,248,24,0,24,272
07/27/2022,OMA,NE,ACE,CE,Towers with Radar,141,52,56,4,253,0,2,23,5,30,141,54,79,9,283,34,0,34,317
07/28/2022,OMA,NE,ACE,CE,Towers with Radar,140,66,75,13,294,0,0,26,0,26,140,66,101,13,320,24,0,24,344
07/29/2022,OMA,NE,ACE,CE,Towers with Radar,149,47,49,1,246,0,6,18,1,25,149,53,67,2,271,58,0,58,329
07/30/2022,OMA,NE,ACE,CE,Towers with Radar,105,38,32,0,175,0,3,26,2,31,105,41,58,2,206,8,0,8,214
07/31/2022,OMA,NE,ACE,CE,Towers with Radar,121,48,35,0,204,0,0,15,2,17,121,48,50,2,221,2,0,2,223
08/01/2022,OMA,NE,ACE,CE,Towers with Radar,131,42,33,3,209,0,0,12,2,14,131,42,45,5,223,0,0,0,223
08/02/2022,OMA,NE,ACE,CE,Towers with Radar,144,63,46,8,261,0,0,24,0,24,144,63,70,8,285,8,0,8,293
08/03/2022,OMA,NE,ACE,CE,Towers with Radar,128,54,51,4,237,0,0,26,1,27,128,54,77,5,264,60,0,60,324
08/04/2022,OMA,NE,ACE,CE,Towers with Radar,138,72,37,8,255,0,2,26,0,28,138,74,63,8,283,44,0,44,327
08/05/2022,OMA,NE,ACE,CE,Towers with Radar,135,55,47,4,241,0,0,27,4,31,135,55,74,8,272,40,0,40,312
08/06/2022,OMA,NE,ACE,CE,Towers with Radar,103,40,17,1,161,0,0,26,0,26,103,40,43,1,187,62,0,62,249
08/07/2022,OMA,NE,ACE,CE,Towers with Radar,112,40,23,1,176,0,0,8,0,8,112,40,31,1,184,38,0,38,222
08/08/2022,OMA,NE,ACE,CE,Towers with Radar,136,45,48,10,239,0,0,13,3,16,136,45,61,13,255,24,0,24,279
08/09/2022,OMA,NE,ACE,CE,Towers with Radar,129,61,33,17,240,0,2,35,4,41,129,63,68,21,281,30,12,42,323
08/10/2022,OMA,NE,ACE,CE,Towers with Radar,137,45,58,21,261,0,3,21,0,24,137,48,79,21,285,60,0,60,345
08/11/2022,OMA,NE,ACE,CE,Towers with Radar,142,78,48,0,268,0,1,27,0,28,142,79,75,0,296,84,0,84,380
08/12/2022,OMA,NE,ACE,CE,Towers with Radar,139,49,51,48,287,0,1,19,3,23,139,50,70,51,310,40,6,46,356
08/13/2022,OMA,NE,ACE,CE,Towers with Radar,107,46,32,15,200,0,0,30,1,31,107,46,62,16,231,56,4,60,291
08/14/2022,OMA,NE,ACE,CE,Towers with Radar,117,52,34,22,225,0,0,32,0,32,117,52,66,22,257,72,0,72,329
08/15/2022,OMA,NE,ACE,CE,Towers with Radar,134,53,31,1,219,0,0,1,0,1,134,53,32,1,220,0,0,0,220
08/16/2022,OMA,NE,ACE,CE,Towers with Radar,134,82,53,4,273,0,1,10,0,11,134,83,63,4,284,8,0,8,292
08/17/2022,OMA,NE,ACE,CE,Towers with Radar,136,83,67,4,290,0,5,30,2,37,136,88,97,6,327,0,0,0,327
08/18/2022,OMA,NE,ACE,CE,Towers with Radar,138,68,42,2,250,0,1,19,0,20,138,69,61,2,270,20,0,20,290
08/19/2022,OMA,NE,ACE,CE,Towers with Radar,140,68,43,3,254,0,0,12,1,13,140,68,55,4,267,28,0,28,295
08/20/2022,OMA,NE,ACE,CE,Towers with Radar,119,30,34,0,183,0,1,26,0,27,119,31,60,0,210,54,0,54,264
08/21/2022,OMA,NE,ACE,CE,Towers with Radar,112,50,33,0,195,0,2,35,0,37,112,52,68,0,232,16,0,16,248
08/22/2022,OMA,NE,ACE,CE,Towers with Radar,135,53,39,9,236,0,0,24,1,25,135,53,63,10,261,26,0,26,287
08/23/2022,OMA,NE,ACE,CE,Towers with Radar,135,65,44,10,254,0,5,29,12,46,135,70,73,22,300,4,6,10,310
08/24/2022,OMA,NE,ACE,CE,Towers with Radar,144,58,50,2,254,0,2,35,1,38,144,60,85,3,292,46,0,46,338
08/25/2022,OMA,NE,ACE,CE,Towers with Radar,138,65,74,2,279,0,0,36,1,37,138,65,110,3,316,37,0,37,353
08/26/2022,OMA,NE,ACE,CE,Towers with Radar,139,71,31,6,247,0,1,16,6,23,139,72,47,12,270,2,8,10,280
08/27/2022,OMA,NE,ACE,CE,Towers with Radar,107,43,10,0,160,0,1,12,5,18,107,44,22,5,178,12,0,12,190
08/28/2022,OMA,NE,ACE,CE,Towers with Radar,126,32,30,5,193,0,1,16,0,17,126,33,46,5,210,4,0,4,214
08/29/2022,OMA,NE,ACE,CE,Towers with Radar,126,52,37,3,218,0,2,21,0,23,126,54,58,3,241,22,0,22,263
08/30/2022,OMA,NE,ACE,CE,Towers with Radar,135,51,46,4,236,0,4,28,3,35,135,55,74,7,271,60,0,60,331
08/31/2022,OMA,NE,ACE,CE,Towers with Radar,140,57,55,2,254,0,2,33,0,35,140,59,88,2,289,24,6,30,319
09/01/2022,OMA,NE,ACE,CE,Towers with Radar,142,67,60,0,269,0,0,33,0,33,142,67,93,0,302,42,0,42,344
09/02/2022,OMA,NE,ACE,CE,Towers with Radar,143,52,44,6,245,0,2,33,1,36,143,54,77,7,281,50,0,50,331
09/03/2022,OMA,NE,ACE,CE,Towers with Radar,103,26,15,2,146,0,2,23,1,26,103,28,38,3,172,0,0,0,172
09/04/2022,OMA,NE,ACE,CE,Towers with Radar,101,25,12,0,138,0,1,17,0,18,101,26,29,0,156,2,0,2,158
09/05/2022,OMA,NE,ACE,CE,Towers with Radar,131,31,40,0,202,0,1,12,0,13,131,32,52,0,215,6,0,6,221
09/06/2022,OMA,NE,ACE,CE,Towers with Radar,123,73,58,9,263,0,0,30,2,32,123,73,88,11,295,52,0,52,347
09/07/2022,OMA,NE,ACE,CE,Towers with Radar,132,93,60,8,293,0,4,37,0,41,132,97,97,8,334,54,2,56,390
09/08/2022,OMA,NE,ACE,CE,Towers with Radar,137,66,47,5,255,0,0,30,1,31,137,66,77,6,286,54,0,54,340
09/09/2022,OMA,NE,ACE,CE,Towers with Radar,133,96,47,3,279,0,4,21,2,27,133,100,68,5,306,34,0,34,340
09/10/2022,OMA,NE,ACE,CE,Towers with Radar,100,38,24,3,165,0,1,6,0,7,100,39,30,3,172,10,0,10,182
09/11/2022,OMA,NE,ACE,CE,Towers with Radar,118,47,26,1,192,0,4,28,1,33,118,51,54,2,225,26,0,26,251
09/12/2022,OMA,NE,ACE,CE,Towers with Radar,133,60,53,11,257,0,6,26,2,34,133,66,79,13,291,32,6,38,329
09/13/2022,OMA,NE,ACE,CE,Towers with Radar,130,73,60,2,265,0,7,32,1,40,130,80,92,3,305,72,0,72,377
09/14/2022,OMA,NE,ACE,CE,Towers with Radar,133,65,50,4,252,0,1,30,0,31,133,66,80,4,283,72,0,72,355
09/15/2022,OMA,NE,ACE,CE,Towers with Radar,138,74,57,0,269,0,2,23,2,27,138,76,80,2,296,27,0,27,323
09/16/2022,OMA,NE,ACE,CE,Towers with Radar,142,67,54,15,278,0,5,26,0,31,142,72,80,15,309,10,8,18,327
09/17/2022,OMA,NE,ACE,CE,Towers with Radar,105,50,22,0,177,0,0,13,0,13,105,50,35,0,190,4,0,4,194
09/18/2022,OMA,NE,ACE,CE,Towers with Radar,124,44,43,3,214,0,5,19,2,26,124,49,62,5,240,22,0,22,262
09/19/2022,OMA,NE,ACE,CE,Towers with Radar,129,65,49,7,250,0,5,20,3,28,129,70,69,10,278,80,0,80,358
09/20/2022,OMA,NE,ACE,CE,Towers with Radar,133,69,39,7,248,0,3,18,1,22,133,72,57,8,270,12,0,12,282
09/21/2022,OMA,NE,ACE,CE,Towers with Radar,137,63,45,14,259,0,1,17,0,18,137,64,62,14,277,28,6,34,311
09/22/2022,OMA,NE,ACE,CE,Towers with Radar,141,73,65,0,279,0,2,44,1,47,141,75,109,1,326,16,0,16,342
09/23/2022,OMA,NE,ACE,CE,Towers with Radar,136,57,77,6,276,0,1,9,0,10,136,58,86,6,286,0,0,0,286
09/24/2022,OMA,NE,ACE,CE,Towers with Radar,103,34,27,14,178,0,2,27,9,38,103,36,54,23,216,42,32,74,290
09/25/2022,OMA,NE,ACE,CE,Towers with Radar,121,49,14,4,188,0,0,11,1,12,121,49,25,5,200,22,0,22,222
09/26/2022,OMA,NE,ACE,CE,Towers with Radar,134,54,45,0,233,0,3,24,2,29,134,57,69,2,262,26,0,26,288
09/27/2022,OMA,NE,ACE,CE,Towers with Radar,136,67,54,2,259,0,1,36,1,38,136,68,90,3,297,10,0,10,307
09/28/2022,OMA,NE,ACE,CE,Towers with Radar,133,68,57,4,262,0,1,27,1,29,133,69,84,5,291,60,0,60,351
09/29/2022,OMA,NE,ACE,CE,Towers with Radar,142,66,55,20,283,0,7,23,2,32,142,73,78,22,315,42,14,56,371
09/30/2022,OMA,NE,ACE,CE,Towers with Radar,138,76,37,33,284,0,0,24,0,24,138,76,61,33,308,52,10,62,370
10/01/2022,OMA,NE,ACE,CE,Towers with Radar,105,38,21,0,164,0,4,28,1,33,105,42,49,1,197,28,0,28,225
10/02/2022,OMA,NE,ACE,CE,Towers with Radar,127,41,34,0,202,0,5,34,3,42,127,46,68,3,244,8,0,8,252
10/03/2022,OMA,NE,ACE,CE,Towers with Radar,132,46,66,0,244,0,0,25,0,25,132,46,91,0,269,44,0,44,313
10/04/2022,OMA,NE,ACE,CE,Towers with Radar,136,59,76,4,275,0,0,18,2,20,136,59,94,6,295,32,0,32,327
10/05/2022,OMA,NE,ACE,CE,Towers with Radar,135,56,64,0,255,0,0,38,1,39,135,56,102,1,294,72,0,72,366
10/06/2022,OMA,NE,ACE,CE,Towers with Radar,147,73,77,1,298,0,0,39,0,39,147,73,116,1,337,10,0,10,347
10/07/2022,OMA,NE,ACE,CE,Towers with Radar,134,75,71,1,281,0,2,24,1,27,134,77,95,2,308,62,0,62,370
10/08/2022,OMA,NE,ACE,CE,Towers with Radar,109,52,27,0,188,0,1,27,1,29,109,53,54,1,217,20,0,20,237
10/09/2022,OMA,NE,ACE,CE,Towers with Radar,121,59,22,0,202,0,2,22,2,26,121,61,44,2,228,8,0,8,236
10/10/2022,OMA,NE,ACE,CE,Towers with Radar,130,60,46,0,236,0,0,24,0,24,130,60,70,0,260,58,0,58,318
10/11/2022,OMA,NE,ACE,CE,Towers with Radar,129,52,45,2,228,0,2,16,0,18,129,54,61,2,246,8,0,8,254
10/12/2022,OMA,NE,ACE,CE,Towers with Radar,143,64,49,13,269,0,1,12,1,14,143,65,61,14,283,32,6,38,321
10/13/2022,OMA,NE,ACE,CE,Towers with Radar,139,69,43,0,251,0,1,6,0,7,139,70,49,0,258,0,0,0,258
10/14/2022,OMA,NE,ACE,CE,Towers with Radar,136,74,48,1,259,0,1,14,0,15,136,75,62,1,274,30,0,30,304
10/15/2022,OMA,NE,ACE,CE,Towers with Radar,105,35,27,7,174,0,4,23,1,28,105,39,50,8,202,10,0,10,212
10/16/2022,OMA,NE,ACE,CE,Towers with Radar,122,47,35,1,205,0,4,18,0,22,122,51,53,1,227,4,0,4,231
10/17/2022,OMA,NE,ACE,CE,Towers with Radar,128,54,39,0,221,0,2,9,0,11,128,56,48,0,232,8,0,8,240
10/18/2022,OMA,NE,ACE,CE,Towers with Radar,135,67,45,24,271,0,1,26,0,27,135,68,71,24,298,38,10,48,346
10/19/2022,OMA,NE,ACE,CE,Towers with Radar,139,66,52,20,277,0,0,32,3,35,139,66,84,23,312,46,0,46,358
10/20/2022,OMA,NE,ACE,CE,Towers with Radar,145,65,50,6,266,0,2,27,0,29,145,67,77,6,295,26,0,26,321
10/21/2022,OMA,NE,ACE,CE,Towers with Radar,137,58,50,1,246,0,1,29,0,30,137,59,79,1,276,66,0,66,342
10/22/2022,OMA,NE,ACE,CE,Towers with Radar,108,25,27,1,161,0,5,31,1,37,108,30,58,2,198,44,0,44,242
10/23/2022,OMA,NE,ACE,CE,Towers with Radar,120,45,20,2,187,0,1,3,3,7,120,46,23,5,194,0,0,0,194
10/24/2022,OMA,NE,ACE,CE,Towers with Radar,129,55,35,0,219,0,1,10,0,11,129,56,45,0,230,0,0,0,230
10/25/2022,OMA,NE,ACE,CE,Towers with Radar,131,61,46,10,248,0,2,31,0,33,131,63,77,10,281,96,0,96,377
10/26/2022,OMA,NE,ACE,CE,Towers with Radar,137,64,64,0,265,0,1,25,0,26,137,65,89,0,291,74,0,74,365
10/27/2022,OMA,NE,ACE,CE,Towers with Radar,138,52,47,4,241,0,2,37,0,39,138,54,84,4,280,52,0,52,332
10/28/2022,OMA,NE,ACE,CE,Towers with Radar,141,64,49,0,254,0,0,60,1,61,141,64,109,1,315,42,0,42,357
10/29/2022,OMA,NE,ACE,CE,Towers with Radar,102,31,22,0,155,0,1,38,0,39,102,32,60,0,194,90,0,90,284
10/30/2022,OMA,NE,ACE,CE,Towers with Radar,120,36,32,0,188,0,3,18,0,21,120,39,50,0,209,42,0,42,251
10/31/2022,OMA,NE,ACE,CE,Towers with Radar,116,48,58,4,226,0,0,28,0,28,116,48,86,4,254,54,0,54,308
11/01/2022,OMA,NE,ACE,CE,Towers with Radar,130,68,64,2,264,0,1,19,2,22,130,69,83,4,286,24,0,24,310
11/02/2022,OMA,NE,ACE,CE,Towers with Radar,139,57,37,2,235,0,2,4,1,7,139,59,41,3,242,0,0,0,242
11/03/2022,OMA,NE,ACE,CE,Towers with Radar,138,75,46,4,263,0,0,5,0,5,138,75,51,4,268,0,0,0,268
11/04/2022,OMA,NE,ACE,CE,Towers with Radar,130,62,36,0,228,0,0,2,0,2,130,62,38,0,230,0,0,0,230
11/05/2022,OMA,NE,ACE,CE,Towers with Radar,105,42,28,0,175,0,1,15,3,19,105,43,43,3,194,41,0,41,235
11/06/2022,OMA,NE,ACE,CE,Towers with Radar,116,39,27,0,182,0,2,27,0,29,116,41,54,0,211,22,0,22,233
11/07/2022,OMA,NE,ACE,CE,Towers with Radar,129,49,57,0,235,0,2,37,0,39,129,51,94,0,274,70,0,70,344
11/08/2022,OMA,NE,ACE,CE,Towers with Radar,128,66,43,0,237,0,0,8,0,8,128,66,51,0,245,11,0,11,256
11/09/2022,OMA,NE,ACE,CE,Towers with Radar,136,61,39,6,242,0,0,2,2,4,136,61,41,8,246,0,0,0,246
11/10/2022,OMA,NE,ACE,CE,Towers with Radar,137,65,41,7,250,0,2,2,0,4,137,67,43,7,254,0,8,8,262
11/11/2022,OMA,NE,ACE,CE,Towers with Radar,136,61,47,3,247,0,0,10,1,11,136,61,57,4,258,6,0,6,264
11/12/2022,OMA,NE,ACE,CE,Towers with Radar,114,42,11,0,167,0,0,9,0,9,114,42,20,0,176,0,0,0,176
11/13/2022,OMA,NE,ACE,CE,Towers with Radar,122,41,37,0,200,0,3,16,0,19,122,44,53,0,219,55,0,55,274
11/14/2022,OMA,NE,ACE,CE,Towers with Radar,131,58,54,0,243,0,0,7,0,7,131,58,61,0,250,18,0,18,268
11/15/2022,OMA,NE,ACE,CE,Towers with Radar,128,63,48,10,249,0,0,10,0,10,128,63,58,10,259,0,6,6,265
11/16/2022,OMA,NE,ACE,CE,Towers with Radar,137,65,51,6,259,0,0,16,0,16,137,65,67,6,275,46,0,46,321
11/17/2022,OMA,NE,ACE,CE,Towers with Radar,137,55,47,0,239,0,0,4,0,4,137,55,51,0,243,0,0,0,243
11/18/2022,OMA,NE,ACE,CE,Towers with Radar,142,67,39,0,248,0,1,30,2,33,142,68,69,2,281,48,0,48,329
11/19/2022,OMA,NE,ACE,CE,Towers with Radar,117,42,23,0,182,0,1,10,2,13,117,43,33,2,195,12,0,12,207
11/20/2022,OMA,NE,ACE,CE,Towers with Radar,128,35,29,0,192,0,3,26,4,33,128,38,55,4,225,38,0,38,263
11/21/2022,OMA,NE,ACE,CE,Towers with Radar,132,56,40,0,228,0,0,36,0,36,132,56,76,0,264,66,0,66,330
11/22/2022,OMA,NE,ACE,CE,Towers with Radar,150,62,33,6,251,0,0,34,4,38,150,62,67,10,289,64,4,68,357
11/23/2022,OMA,NE,ACE,CE,Towers with Radar,156,52,31,4,243,0,0,21,3,24,156,52,52,7,267,36,0,36,303
11/24/2022,OMA,NE,ACE,CE,Towers with Radar,84,8,6,0,98,0,0,8,7,15,84,8,14,7,113,0,0,0,113
11/25/2022,OMA,NE,ACE,CE,Towers with Radar,126,30,19,0,175,0,0,27,1,28,126,30,46,1,203,52,0,52,255
11/26/2022,OMA,NE,ACE,CE,Towers with Radar,123,25,21,0,169,0,0,15,1,16,123,25,36,1,185,0,0,0,185
11/27/2022,OMA,NE,ACE,CE,Towers with Radar,135,35,25,0,195,0,0,11,0,11,135,35,36,0,206,0,0,0,206
11/28/2022,OMA,NE,ACE,CE,Towers with Radar,148,48,47,10,253,0,0,24,2,26,148,48,71,12,279,30,0,30,309
11/29/2022,OMA,NE,ACE,CE,Towers with Radar,136,42,31,0,209,0,0,2,0,2,136,42,33,0,211,0,0,0,211
11/30/2022,OMA,NE,ACE,CE,Towers with Radar,137,69,38,24,268,0,3,16,4,23,137,72,54,28,291,28,12,40,331
12/01/2022,OMA,NE,ACE,CE,Towers with Radar,134,78,45,3,260,0,0,5,3,8,134,78,50,6,268,8,0,8,276
12/02/2022,OMA,NE,ACE,CE,Towers with Radar,142,59,42,6,249,0,0,25,0,25,142,59,67,6,274,0,0,0,274
12/03/2022,OMA,NE,ACE,CE,Towers with Radar,113,41,17,14,185,0,0,15,2,17,113,41,32,16,202,6,0,6,208
12/04/2022,OMA,NE,ACE,CE,Towers with Radar,130,44,26,0,200,0,2,26,0,28,130,46,52,0,228,20,0,20,248
12/05/2022,OMA,NE,ACE,CE,Towers with Radar,129,51,28,4,212,0,4,15,2,21,129,55,43,6,233,20,0,20,253
12/06/2022,OMA,NE,ACE,CE,Towers with Radar,134,74,49,3,260,0,0,26,0,26,134,74,75,3,286,58,0,58,344
12/07/2022,OMA,NE,ACE,CE,Towers with Radar,138,79,40,3,260,0,1,21,1,23,138,80,61,4,283,56,0,56,339
12/08/2022,OMA,NE,ACE,CE,Towers with Radar,140,66,33,0,239,0,0,0,0,0,140,66,33,0,239,0,0,0,239
12/09/2022,OMA,NE,ACE,CE,Towers with Radar,140,66,28,2,236,0,0,0,0,0,140,66,28,2,236,0,0,0,236
12/10/2022,OMA,NE,ACE,CE,Towers with Radar,112,44,23,0,179,0,3,16,0,19,112,47,39,0,198,10,0,10,208
12/11/2022,OMA,NE,ACE,CE,Towers with Radar,125,25,33,0,183,0,0,32,0,32,125,25,65,0,215,72,0,72,287
12/12/2022,OMA,NE,ACE,CE,Towers with Radar,128,60,53,12,253,0,0,0,0,0,128,60,53,12,253,0,0,0,253
12/13/2022,OMA,NE,ACE,CE,Towers with Radar,131,70,44,4,249,0,0,3,0,3,131,70,47,4,252,0,0,0,252
12/14/2022,OMA,NE,ACE,CE,Towers with Radar,133,55,43,12,243,0,0,4,1,5,133,55,47,13,248,0,0,0,248
12/15/2022,OMA,NE,ACE,CE,Towers with Radar,130,62,40,16,248,0,0,0,0,0,130,62,40,16,248,6,4,10,258
12/16/2022,OMA,NE,ACE,CE,Towers with Radar,137,78,59,8,282,0,0,8,0,8,137,78,67,8,290,0,0,0,290
12/17/2022,OMA,NE,ACE,CE,Towers with Radar,109,43,46,0,198,0,0,11,2,13,109,43,57,2,211,4,0,4,215
12/18/2022,OMA,NE,ACE,CE,Towers with Radar,126,32,29,0,187,0,1,28,1,30,126,33,57,1,217,22,0,22,239
12/19/2022,OMA,NE,ACE,CE,Towers with Radar,123,36,21,0,180,0,1,2,0,3,123,37,23,0,183,0,0,0,183
12/20/2022,OMA,NE,ACE,CE,Towers with Radar,125,54,56,0,235,0,0,29,2,31,125,54,85,2,266,66,0,66,332
12/21/2022,OMA,NE,ACE,CE,Towers with Radar,139,40,16,0,195,0,0,1,0,1,139,40,17,0,196,0,0,0,196
12/22/2022,OMA,NE,ACE,CE,Towers with Radar,111,37,27,0,175,0,0,0,0,0,111,37,27,0,175,0,0,0,175
12/23/2022,OMA,NE,ACE,CE,Towers with Radar,103,41,11,0,155,0,0,0,0,0,103,41,11,0,155,0,0,0,155
12/24/2022,OMA,NE,ACE,CE,Towers with Radar,84,39,18,0,141,0,1,8,0,9,84,40,26,0,150,4,0,4,154
12/25/2022,OMA,NE,ACE,CE,Towers with Radar,76,18,0,0,94,0,0,4,0,4,76,18,4,0,98,0,0,0,98
12/26/2022,OMA,NE,ACE,CE,Towers with Radar,98,39,27,0,164,0,0,13,2,15,98,39,40,2,179,4,0,4,183
12/27/2022,OMA,NE,ACE,CE,Towers with Radar,89,60,51,3,203,0,5,12,1,18,89,65,63,4,221,0,0,0,221
12/28/2022,OMA,NE,ACE,CE,Towers with Radar,113,48,43,7,211,0,0,19,7,26,113,48,62,14,237,50,12,62,299
12/29/2022,OMA,NE,ACE,CE,Towers with Radar,99,51,30,0,180,0,1,3,0,4,99,52,33,0,184,0,0,0,184
12/30/2022,OMA,NE,ACE,CE,Towers with Radar,138,55,32,0,225,0,1,25,0,26,138,56,57,0,251,22,0,22,273
12/31/2022,OMA,NE,ACE,CE,Towers with Radar,100,24,24,0,148,0,0,24,0,24,100,24,48,0,172,26,0,26,198
01/01/2023,OMA,NE,ACE,CE,Towers with Radar,103,26,13,0,142,0,0,7,1,8,103,26,20,1,150,12,0,12,162
01/02/2023,OMA,NE,ACE,CE,Towers with Radar,124,38,26,0,188,0,0,0,0,0,124,38,26,0,188,0,0,0,188
01/03/2023,OMA,NE,ACE,CE,Towers with Radar,127,60,26,0,213,0,0,0,0,0,127,60,26,0,213,0,0,0,213
01/04/2023,OMA,NE,ACE,CE,Towers with Radar,132,50,31,0,213,0,0,1,0,1,132,50,32,0,214,0,0,0,214
01/05/2023,OMA,NE,ACE,CE,Towers with Radar,126,49,34,0,209,0,0,11,0,11,126,49,45,0,220,12,0,12,232
01/06/2023,OMA,NE,ACE,CE,Towers with Radar,128,59,29,2,218,0,1,28,2,31,128,60,57,4,249,64,0,64,313
01/07/2023,OMA,NE,ACE,CE,Towers with Radar,108,52,9,0,169,0,2,14,1,17,108,54,23,1,186,20,0,20,206
01/08/2023,OMA,NE,ACE,CE,Towers with Radar,110,35,20,0,165,0,0,16,1,17,110,35,36,1,182,20,0,20,202
01/09/2023,OMA,NE,ACE,CE,Towers with Radar,126,54,25,6,211,0,1,25,0,26,126,55,50,6,237,14,0,14,251
01/10/2023,OMA,NE,ACE,CE,Towers with Radar,125,62,54,0,241,0,1,41,3,45,125,63,95,3,286,52,0,52,338
01/11/2023,OMA,NE,ACE,CE,Towers with Radar,121,53,41,0,215,0,0,0,0,0,121,53,41,0,215,0,0,0,215
01/12/2023,OMA,NE,ACE,CE,Towers with Radar,136,64,46,0,246,0,0,0,0,0,136,64,46,0,246,0,0,0,246
01/13/2023,OMA,NE,ACE,CE,Towers with Radar,137,56,34,0,227,0,0,8,0,8,137,56,42,0,235,0,0,0,235
01/14/2023,OMA,NE,ACE,CE,Towers with Radar,105,30,16,1,152,0,1,19,0,20,105,31,35,1,172,44,0,44,216
01/15/2023,OMA,NE,ACE,CE,Towers with Radar,102,30,17,0,149,0,0,14,0,14,102,30,31,0,163,24,0,24,187
01/16/2023,OMA,NE,ACE,CE,Towers with Radar,127,52,31,0,210,0,0,0,0,0,127,52,31,0,210,0,0,0,210
01/17/2023,OMA,NE,ACE,CE,Towers with Radar,123,67,54,0,244,0,0,14,0,14,123,67,68,0,258,88,0,88,346
01/18/2023,OMA,NE,ACE,CE,Towers with Radar,102,26,13,0,141,0,0,0,0,0,102,26,13,0,141,0,0,0,141
01/19/2023,OMA,NE,ACE,CE,Towers with Radar,128,53,31,0,212,0,0,0,1,1,128,53,31,1,213,0,0,0,213
01/20/2023,OMA,NE,ACE,CE,Towers with Radar,135,53,23,0,211,0,0,0,0,0,135,53,23,0,211,0,0,0,211
01/21/2023,OMA,NE,ACE,CE,Towers with Radar,111,32,22,2,167,0,0,2,0,2,111,32,24,2,169,0,0,0,169
01/22/2023,OMA,NE,ACE,CE,Towers with Radar,118,39,15,0,172,0,0,0,0,0,118,39,15,0,172,0,0,0,172
01/23/2023,OMA,NE,ACE,CE,Towers with Radar,126,62,27,0,215,0,0,2,0,2,126,62,29,0,217,0,0,0,217
01/24/2023,OMA,NE,ACE,CE,Towers with Radar,129,73,34,0,236,0,0,0,0,0,129,73,34,0,236,0,0,0,236
01/25/2023,OMA,NE,ACE,CE,Towers with Radar,123,60,46,0,229,0,0,2,1,3,123,60,48,1,232,8,0,8,240
01/26/2023,OMA,NE,ACE,CE,Towers with Radar,128,52,46,5,231,0,0,20,3,23,128,52,66,8,254,10,4,14,268
01/27/2023,OMA,NE,ACE,CE,Towers with Radar,142,59,24,2,227,0,1,13,1,15,142,60,37,3,242,28,0,28,270
01/28/2023,OMA,NE,ACE,CE,Towers with Radar,108,40,10,0,158,0,0,0,0,0,108,40,10,0,158,0,0,0,158
01/29/2023,OMA,NE,ACE,CE,Towers with Radar,110,46,21,0,177,0,1,3,0,4,110,47,24,0,181,0,0,0,181
01/30/2023,OMA,NE,ACE,CE,Towers with Radar,123,55,30,0,208,0,1,16,0,17,123,56,46,0,225,16,0,16,241
01/31/2023,OMA,NE,ACE,CE,Towers with Radar,120,69,49,13,251,0,0,23,11,34,120,69,72,24,285,0,4,4,289
02/01/2023,OMA,NE,ACE,CE,Towers with Radar,123,67,46,0,236,0,5,18,1,24,123,72,64,1,260,30,0,30,290
02/02/2023,OMA,NE,ACE,CE,Towers with Radar,122,56,58,0,236,0,0,10,2,12,122,56,68,2,248,2,0,2,250
02/03/2023,OMA,NE,ACE,CE,Towers with Radar,130,45,30,5,210,0,0,22,2,24,130,45,52,7,234,22,0,22,256
02/04/2023,OMA,NE,ACE,CE,Towers with Radar,112,41,10,2,165,0,1,35,1,37,112,42,45,3,202,44,0,44,246
02/05/2023,OMA,NE,ACE,CE,Towers with Radar,114,27,17,0,158,0,4,14,3,21,114,31,31,3,179,8,0,8,187
02/06/2023,OMA,NE,ACE,CE,Towers with Radar,127,58,34,0,219,0,1,14,0,15,127,59,48,0,234,40,0,40,274
02/07/2023,OMA,NE,ACE,CE,Towers with Radar,125,72,45,0,242,0,0,26,0,26,125,72,71,0,268,46,0,46,314
02/08/2023,OMA,NE,ACE,CE,Towers with Radar,130,70,40,18,258,0,2,23,0,25,130,72,63,18,283,31,0,31,314
02/09/2023,OMA,NE,ACE,CE,Towers with Radar,134,57,33,10,234,0,0,3,0,3,134,57,36,10,237,14,0,14,251
02/10/2023,OMA,NE,ACE,CE,Towers with Radar,135,62,37,9,243,0,1,20,2,23,135,63,57,11,266,2,0,2,268
02/11/2023,OMA,NE,ACE,CE,Towers with Radar,112,37,15,1,165,0,7,24,3,34,112,44,39,4,199,20,0,20,219
02/12/2023,OMA,NE,ACE,CE,Towers with Radar,114,20,11,0,145,0,2,18,0,20,114,22,29,0,165,10,0,10,175
02/13/2023,OMA,NE,ACE,CE,Towers with Radar,119,63,39,0,221,0,0,23,0,23,119,63,62,0,244,8,0,8,252
02/14/2023,OMA,NE,ACE,CE,Towers with Radar,120,49,33,4,206,0,0,1,2,3,120,49,34,6,209,0,0,0,209
02/15/2023,OMA,NE,ACE,CE,Towers with Radar,123,76,31,2,232,0,0,3,0,3,123,76,34,2,235,0,0,0,235
02/16/2023,OMA,NE,ACE,CE,Towers with Radar,122,43,35,4,204,0,0,0,0,0,122,43,35,4,204,0,0,0,204
02/17/2023,OMA,NE,ACE,CE,Towers with Radar,129,52,55,8,244,0,0,22,2,24,129,52,77,10,268,14,0,14,282
02/18/2023,OMA,NE,ACE,CE,Towers with Radar,116,46,8,0,170,0,2,11,3,16,116,48,19,3,186,4,0,4,190
02/19/2023,OMA,NE,ACE,CE,Towers with Radar,112,29,33,0,174,0,0,28,0,28,112,29,61,0,202,73,0,73,275
02/20/2023,OMA,NE,ACE,CE,Towers with Radar,126,48,46,0,220,0,1,28,0,29,126,49,74,0,249,32,0,32,281
02/21/2023,OMA,NE,ACE,CE,Towers with Radar,127,64,54,13,258,0,0,26,8,34,127,64,80,21,292,34,4,38,330
02/22/2023,OMA,NE,ACE,CE,Towers with Radar,128,42,21,2,193,0,0,0,2,2,128,42,21,4,195,0,0,0,195
02/23/2023,OMA,NE,ACE,CE,Towers with Radar,133,72,43,0,248,0,0,6,0,6,133,72,49,0,254,0,0,0,254
02/24/2023,OMA,NE,ACE,CE,Towers with Radar,128,54,50,6,238,0,0,20,0,20,128,54,70,6,258,40,0,40,298
02/25/2023,OMA,NE,ACE,CE,Towers with Radar,116,43,30,1,190,0,2,26,1,29,116,45,56,2,219,20,0,20,239
02/26/2023,OMA,NE,ACE,CE,Towers with Radar,116,34,29,0,179,0,0,16,0,16,116,34,45,0,195,4,0,4,199
02/27/2023,OMA,NE,ACE,CE,Towers with Radar,130,60,38,20,248,0,4,11,0,15,130,64,49,20,263,8,10,18,281
02/28/2023,OMA,NE,ACE,CE,Towers with Radar,125,59,40,4,228,0,0,19,0,19,125,59,59,4,247,44,0,44,291
03/01/2023,OMA,NE,ACE,CE,Towers with Radar,132,61,56,1,250,0,3,21,4,28,132,64,77,5,278,32,0,32,310
03/02/2023,OMA,NE,ACE,CE,Towers with Radar,131,74,47,12,264,0,0,20,0,20,131,74,67,12,284,28,4,32,316
03/03/2023,OMA,NE,ACE,CE,Towers with Radar,133,60,49,1,243,0,0,40,0,40,133,60,89,1,283,74,0,74,357
03/04/2023,OMA,NE,ACE,CE,Towers with Radar,115,34,25,4,178,0,0,41,3,44,115,34,66,7,222,72,12,84,306
03/05/2023,OMA,NE,ACE,CE,Towers with Radar,122,43,15,2,182,0,0,10,1,11,122,43,25,3,193,42,0,42,235
03/06/2023,OMA,NE,ACE,CE,Towers with Radar,130,46,47,0,223,0,0,1,0,1,130,46,48,0,224,0,0,0,224
03/07/2023,OMA,NE,ACE,CE,Towers with Radar,123,56,37,0,216,0,0,15,0,15,123,56,52,0,231,20,0,20,251
03/08/2023,OMA,NE,ACE,CE,Towers with Radar,133,66,48,0,247,0,0,0,0,0,133,66,48,0,247,0,0,0,247
03/09/2023,OMA,NE,ACE,CE,Towers with Radar,138,58,40,2,238,0,0,0,0,0,138,58,40,2,238,0,0,0,238
03/10/2023,OMA,NE,ACE,CE,Towers with Radar,136,57,41,0,234,0,1,2,0,3,136,58,43,0,237,0,0,0,237
03/11/2023,OMA,NE,ACE,CE,Towers with Radar,118,39,11,0,168,0,0,0,0,0,118,39,11,0,168,0,0,0,168
03/12/2023,OMA,NE,ACE,CE,Towers with Radar,133,53,31,0,217,0,0,6,0,6,133,53,37,0,223,12,0,12,235
03/13/2023,OMA,NE,ACE,CE,Towers with Radar,130,55,24,0,209,0,0,6,0,6,130,55,30,0,215,26,0,26,241
03/14/2023,OMA,NE,ACE,CE,Towers with Radar,129,44,46,0,219,0,0,30,0,30,129,44,76,0,249,16,0,16,265
03/15/2023,OMA,NE,ACE,CE,Towers with Radar,138,55,39,2,234,0,0,16,1,17,138,55,55,3,251,6,0,6,257
03/16/2023,OMA,NE,ACE,CE,Towers with Radar,146,35,36,0,217,0,0,2,0,2,146,35,38,0,219,0,0,0,219
03/17/2023,OMA,NE,ACE,CE,Towers with Radar,139,54,42,6,241,0,0,7,0,7,139,54,49,6,248,14,0,14,262
03/18/2023,OMA,NE,ACE,CE,Towers with Radar,119,30,15,0,164,0,0,1,1,2,119,30,16,1,166,0,0,0,166
03/19/2023,OMA,NE,ACE,CE,Towers with Radar,132,48,31,0,211,0,2,18,0,20,132,50,49,0,231,14,0,14,245
03/20/2023,OMA,NE,ACE,CE,Towers with Radar,134,41,40,0,215,0,1,39,2,42,134,42,79,2,257,6,0,6,263
03/21/2023,OMA,NE,ACE,CE,Towers with Radar,128,67,44,2,241,0,0,5,0,5,128,67,49,2,246,0,0,0,246
03/22/2023,OMA,NE,ACE,CE,Towers with Radar,138,62,52,0,252,1,0,5,0,6,139,62,57,0,258,4,0,4,262
03/23/2023,OMA,NE,ACE,CE,Towers with Radar,142,83,49,0,274,0,1,20,0,21,142,84,69,0,295,86,0,86,381
03/24/2023,OMA,NE,ACE,CE,Towers with Radar,132,70,45,8,255,0,0,25,3,28,132,70,70,11,283,41,0,41,324
03/25/2023,OMA,NE,ACE,CE,Towers with Radar,120,34,39,2,195,0,1,22,2,25,120,35,61,4,220,18,0,18,238
03/26/2023,OMA,NE,ACE,CE,Towers with Radar,122,42,35,0,199,0,0,11,0,11,122,42,46,0,210,23,0,23,233
03/27/2023,OMA,NE,ACE,CE,Towers with Radar,134,38,28,0,200,0,0,28,2,30,134,38,56,2,230,32,2,34,264
03/28/2023,OMA,NE,ACE,CE,Towers with Radar,134,59,48,0,241,0,2,39,1,42,134,61,87,1,283,86,0,86,369
03/29/2023,OMA,NE,ACE,CE,Towers with Radar,137,47,60,8,252,0,1,30,2,33,137,48,90,10,285,12,0,12,297
03/30/2023,OMA,NE,ACE,CE,Towers with Radar,138,53,33,0,224,0,0,7,1,8,138,53,40,1,232,0,0,0,232
03/31/2023,OMA,NE,ACE,CE,Towers with Radar,137,49,33,6,225,0,0,0,0,0,137,49,33,6,225,0,0,0,225
04/01/2023,OMA,NE,ACE,CE,Towers with Radar,116,53,18,0,187,0,3,25,0,28,116,56,43,0,215,0,0,0,215
04/02/2023,OMA,NE,ACE,CE,Towers with Radar,131,31,31,0,193,0,0,28,3,31,131,31,59,3,224,0,0,0,224
04/03/2023,OMA,NE,ACE,CE,Towers with Radar,127,43,32,0,202,0,0,14,0,14,127,43,46,0,216,4,0,4,220
04/04/2023,OMA,NE,ACE,CE,Towers with Radar,140,69,58,0,267,0,0,20,0,20,140,69,78,0,287,4,0,4,291
04/05/2023,OMA,NE,ACE,CE,Towers with Radar,144,53,47,0,244,0,0,9,1,10,144,53,56,1,254,0,0,0,254
04/06/2023,OMA,NE,ACE,CE,Towers with Radar,142,72,65,0,279,0,1,20,1,22,142,73,85,1,301,26,0,26,327
04/07/2023,OMA,NE,ACE,CE,Towers with Radar,136,50,53,0,239,0,0,38,0,38,136,50,91,0,277,18,0,18,295
04/08/2023,OMA,NE,ACE,CE,Towers with Radar,111,51,35,0,197,0,3,13,0,16,111,54,48,0,213,6,0,6,219
04/09/2023,OMA,NE,ACE,CE,Towers with Radar,127,33,33,0,193,0,0,11,4,15,127,33,44,4,208,18,0,18,226
04/10/2023,OMA,NE,ACE,CE,Towers with Radar,132,77,57,2,268,0,5,22,2,29,132,82,79,4,297,50,0,50,347
04/11/2023,OMA,NE,ACE,CE,Towers with Radar,133,51,56,0,240,0,2,19,0,21,133,53,75,0,261,36,0,36,297
04/12/2023,OMA,NE,ACE,CE,Towers with Radar,141,57,51,2,251,0,0,11,0,11,141,57,62,2,262,6,0,6,268
04/13/2023,OMA,NE,ACE,CE,Towers with Radar,139,64,48,4,255,0,0,2,0,2,139,64,50,4,257,0,0,0,257
04/14/2023,OMA,NE,ACE,CE,Towers with Radar,126,64,36,0,226,0,0,7,1,8,126,64,43,1,234,0,0,0,234
04/15/2023,OMA,NE,ACE,CE,Towers with Radar,119,44,18,0,181,0,0,3,1,4,119,44,21,1,185,0,0,0,185
04/16/2023,OMA,NE,ACE,CE,Towers with Radar,128,47,19,0,194,0,0,2,0,2,128,47,21,0,196,0,0,0,196
04/17/2023,OMA,NE,ACE,CE,Towers with Radar,131,71,47,2,251,0,0,35,0,35,131,71,82,2,286,70,0,70,356
04/18/2023,OMA,NE,ACE,CE,Towers with Radar,133,63,61,3,260,0,6,13,0,19,133,69,74,3,279,8,0,8,287
04/19/2023,OMA,NE,ACE,CE,Towers with Radar,146,74,46,11,277,0,0,12,1,13,146,74,58,12,290,36,12,48,338
04/20/2023,OMA,NE,ACE,CE,Towers with Radar,140,66,44,7,257,0,0,5,1,6,140,66,49,8,263,24,0,24,287
04/21/2023,OMA,NE,ACE,CE,Towers with Radar,137,60,35,3,235,0,3,10,1,14,137,63,45,4,249,0,0,0,249
04/22/2023,OMA,NE,ACE,CE,Towers with Radar,113,45,31,0,189,0,1,16,1,18,113,46,47,1,207,22,0,22,229
04/23/2023,OMA,NE,ACE,CE,Towers with Radar,132,44,31,0,207,0,5,29,2,36,132,49,60,2,243,20,0,20,263
04/24/2023,OMA,NE,ACE,CE,Towers with Radar,132,56,41,0,229,0,4,20,0,24,132,60,61,0,253,14,0,14,267
04/25/2023,OMA,NE,ACE,CE,Towers with Radar,144,54,48,2,248,0,2,19,0,21,144,56,67,2,269,34,0,34,303
04/26/2023,OMA,NE,ACE,CE,Towers with Radar,138,57,75,5,275,0,1,29,3,33,138,58,104,8,308,45,0,45,353
04/27/2023,OMA,NE,ACE,CE,Towers with Radar,137,64,57,3,261,0,3,25,4,32,137,67,82,7,293,44,0,44,337
04/28/2023,OMA,NE,ACE,CE,Towers with Radar,136,58,52,0,246,0,0,0,0,0,136,58,52,0,246,0,0,0,246
04/29/2023,OMA,NE,ACE,CE,Towers with Radar,117,27,19,8,171,0,1,15,0,16,117,28,34,8,187,12,0,12,199
04/30/2023,OMA,NE,ACE,CE,Towers with Radar,128,42,20,0,190,0,0,1,0,1,128,42,21,0,191,0,0,0,191
05/01/2023,OMA,NE,ACE,CE,Towers with Radar,134,55,26,0,215,0,3,10,0,13,134,58,36,0,228,10,0,10,238
05/02/2023,OMA,NE,ACE,CE,Towers with Radar,137,63,36,2,238,0,0,16,2,18,137,63,52,4,256,18,0,18,274
05/03/2023,OMA,NE,ACE,CE,Towers with Radar,139,84,69,4,296,0,7,49,3,59,139,91,118,7,355,22,0,22,377
05/04/2023,OMA,NE,ACE,CE,Towers with Radar,167,120,63,2,352,0,0,10,0,10,167,120,73,2,362,10,0,10,372
05/05/2023,OMA,NE,ACE,CE,Towers with Radar,165,132,90,0,387,0,0,1,0,1,165,132,91,0,388,0,0,0,388
05/06/2023,OMA,NE,ACE,CE,Towers with Radar,114,125,67,0,306,0,1,5,0,6,114,126,72,0,312,0,0,0,312
05/07/2023,OMA,NE,ACE,CE,Towers with Radar,167,120,67,0,354,0,0,7,0,7,167,120,74,0,361,0,0,0,361
05/08/2023,OMA,NE,ACE,CE,Towers with Radar,144,56,51,0,251,0,2,20,1,23,144,58,71,1,274,52,0,52,326
05/09/2023,OMA,NE,ACE,CE,Towers with Radar,133,63,54,0,250,0,0,15,1,16,133,63,69,1,266,28,0,28,294
05/10/2023,OMA,NE,ACE,CE,Towers with Radar,141,68,60,0,269,0,1,21,0,22,141,69,81,0,291,16,0,16,307
05/11/2023,OMA,NE,ACE,CE,Towers with Radar,145,63,50,0,258,0,0,9,2,11,145,63,59,2,269,12,0,12,281
05/12/2023,OMA,NE,ACE,CE,Towers with Radar,141,58,40,0,239,0,0,2,0,2,141,58,42,0,241,12,0,12,253
05/13/2023,OMA,NE,ACE,CE,Towers with Radar,112,28,26,0,166,0,0,34,0,34,112,28,60,0,200,18,0,18,218
05/14/2023,OMA,NE,ACE,CE,Towers with Radar,125,39,20,0,184,0,0,2,0,2,125,39,22,0,186,0,0,0,186
05/15/2023,OMA,NE,ACE,CE,Towers with Radar,137,46,39,0,222,0,0,6,0,6,137,46,45,0,228,0,0,0,228
05/16/2023,OMA,NE,ACE,CE,Towers with Radar,131,58,61,9,259,0,8,28,9,45,131,66,89,18,304,74,26,100,404
05/17/2023,OMA,NE,ACE,CE,Towers with Radar,142,71,56,1,270,0,0,33,1,34,142,71,89,2,304,96,0,96,400
05/18/2023,OMA,NE,ACE,CE,Towers with Radar,144,71,42,4,261,0,0,20,1,21,144,71,62,5,282,46,0,46,328
05/19/2023,OMA,NE,ACE,CE,Towers with Radar,143,64,43,2,252,0,2,17,0,19,143,66,60,2,271,8,0,8,279
05/20/2023,OMA,NE,ACE,CE,Towers with Radar,105,34,35,1,175,0,2,15,2,19,105,36,50,3,194,12,0,12,206
05/21/2023,OMA,NE,ACE,CE,Towers with Radar,135,42,37,2,216,0,0,19,1,20,135,42,56,3,236,24,0,24,260
05/22/2023,OMA,NE,ACE,CE,Towers with Radar,138,57,49,20,264,0,0,19,0,19,138,57,68,20,283,56,0,56,339
05/23/2023,OMA,NE,ACE,CE,Towers with Radar,134,69,48,2,253,0,1,23,0,24,134,70,71,2,277,68,0,68,345
05/24/2023,OMA,NE,ACE,CE,Towers with Radar,151,75,48,0,274,0,2,24,0,26,151,77,72,0,300,30,0,30,330
05/25/2023,OMA,NE,ACE,CE,Towers with Radar,139,72,40,0,251,0,0,15,0,15,139,72,55,0,266,4,0,4,270
05/26/2023,OMA,NE,ACE,CE,Towers with Radar,146,58,52,0,256,0,0,19,1,20,146,58,71,1,276,36,0,36,312
05/27/2023,OMA,NE,ACE,CE,Towers with Radar,112,45,29,0,186,0,0,33,2,35,112,45,62,2,221,8,0,8,229
05/28/2023,OMA,NE,ACE,CE,Towers with Radar,124,19,22,0,165,0,1,16,0,17,124,20,38,0,182,26,0,26,208
05/29/2023,OMA,NE,ACE,CE,Towers with Radar,137,34,23,0,194,0,2,26,0,28,137,36,49,0,222,54,0,54,276
05/30/2023,OMA,NE,ACE,CE,Towers with Radar,126,46,60,0,232,0,2,23,0,25,126,48,83,0,257,65,0,65,322
05/31/2023,OMA,NE,ACE,CE,Towers with Radar,148,45,41,3,237,0,0,27,2,29,148,45,68,5,266,72,0,72,338
06/01/2023,OMA,NE,ACE,CE,Towers with Radar,138,62,41,2,243,0,0,10,0,10,138,62,51,2,253,30,0,30,283
06/02/2023,OMA,NE,ACE,CE,Towers with Radar,146,66,33,10,255,0,0,7,0,7,146,66,40,10,262,12,0,12,274
06/03/2023,OMA,NE,ACE,CE,Towers with Radar,111,32,22,0,165,0,2,23,3,28,111,34,45,3,193,26,0,26,219
06/04/2023,OMA,NE,ACE,CE,Towers with Radar,133,37,18,0,188,0,0,12,0,12,133,37,30,0,200,0,0,0,200
06/05/2023,OMA,NE,ACE,CE,Towers with Radar,139,63,40,0,242,0,1,19,0,20,139,64,59,0,262,34,0,34,296
06/06/2023,OMA,NE,ACE,CE,Towers with Radar,136,75,59,2,272,0,3,28,1,32,136,78,87,3,304,42,0,42,346
06/07/2023,OMA,NE,ACE,CE,Towers with Radar,146,61,45,0,252,0,0,12,0,12,146,61,57,0,264,4,0,4,268
06/08/2023,OMA,NE,ACE,CE,Towers with Radar,141,71,56,0,268,0,0,28,1,29,141,71,84,1,297,110,0,110,407
06/09/2023,OMA,NE,ACE,CE,Towers with Radar,143,59,47,3,252,0,0,17,1,18,143,59,64,4,270,8,0,8,278
06/10/2023,OMA,NE,ACE,CE,Towers with Radar,109,40,16,0,165,0,1,14,0,15,109,41,30,0,180,28,0,28,208
06/11/2023,OMA,NE,ACE,CE,Towers with Radar,131,40,39,0,210,0,0,10,0,10,131,40,49,0,220,24,0,24,244
06/12/2023,OMA,NE,ACE,CE,Towers with Radar,139,48,51,0,238,0,2,26,0,28,139,50,77,0,266,10,0,10,276
06/13/2023,OMA,NE,ACE,CE,Towers with Radar,135,74,27,4,240,0,1,15,3,19,135,75,42,7,259,30,0,30,289
06/14/2023,OMA,NE,ACE,CE,Towers with Radar,160,54,62,0,276,0,2,27,0,29,160,56,89,0,305,56,0,56,361
06/15/2023,OMA,NE,ACE,CE,Towers with Radar,142,63,62,4,271,0,8,20,0,28,142,71,82,4,299,22,0,22,321
06/16/2023,OMA,NE,ACE,CE,Towers with Radar,156,75,87,2,320,0,1,27,4,32,156,76,114,6,352,16,0,16,368
06/17/2023,OMA,NE,ACE,CE,Towers with Radar,114,57,49,0,220,0,0,17,2,19,114,57,66,2,239,0,0,0,239
06/18/2023,OMA,NE,ACE,CE,Towers with Radar,137,57,78,0,272,0,0,15,1,16,137,57,93,1,288,14,0,14,302
06/19/2023,OMA,NE,ACE,CE,Towers with Radar,146,86,85,1,318,0,1,22,3,26,146,87,107,4,344,4,0,4,348
06/20/2023,OMA,NE,ACE,CE,Towers with Radar,138,72,76,7,293,0,4,17,2,23,138,76,93,9,316,0,0,0,316
06/21/2023,OMA,NE,ACE,CE,Towers with Radar,147,56,86,1,290,0,3,37,3,43,147,59,123,4,333,50,0,50,383
06/22/2023,OMA,NE,ACE,CE,Towers with Radar,150,74,73,2,299,0,2,32,0,34,150,76,105,2,333,56,0,56,389
06/23/2023,OMA,NE,ACE,CE,Towers with Radar,144,60,36,2,242,0,1,18,5,24,144,61,54,7,266,12,0,12,278
06/24/2023,OMA,NE,ACE,CE,Towers with Radar,121,52,65,0,238,0,0,14,6,20,121,52,79,6,258,4,0,4,262
06/25/2023,OMA,NE,ACE,CE,Towers with Radar,125,65,94,7,291,0,3,12,0,15,125,68,106,7,306,0,0,0,306
06/26/2023,OMA,NE,ACE,CE,Towers with Radar,141,61,103,0,305,0,0,29,0,29,141,61,132,0,334,8,0,8,342
06/27/2023,OMA,NE,ACE,CE,Towers with Radar,133,82,89,5,309,0,1,24,3,28,133,83,113,8,337,2,0,2,339
06/28/2023,OMA,NE,ACE,CE,Towers with Radar,136,68,44,3,251,0,0,20,2,22,136,68,64,5,273,0,0,0,273
06/29/2023,OMA,NE,ACE,CE,Towers with Radar,129,69,37,2,237,0,0,36,2,38,129,69,73,4,275,68,0,68,343
06/30/2023,OMA,NE,ACE,CE,Towers with Radar,145,61,51,0,257,0,0,16,0,16,145,61,67,0,273,0,0,0,273
07/01/2023,OMA,NE,ACE,CE,Towers with Radar,114,40,17,0,171,0,0,6,0,6,114,40,23,0,177,0,0,0,177
07/02/2023,OMA,NE,ACE,CE,Towers with Radar,124,31,27,0,182,0,1,45,2,48,124,32,72,2,230,18,0,18,248
07/03/2023,OMA,NE,ACE,CE,Towers with Radar,131,40,24,2,197,0,0,28,1,29,131,40,52,3,226,6,0,6,232
07/04/2023,OMA,NE,ACE,CE,Towers with Radar,100,9,10,0,119,0,0,11,0,11,100,9,21,0,130,0,0,0,130
07/05/2023,OMA,NE,ACE,CE,Towers with Radar,135,68,31,4,238,0,1,11,1,13,135,69,42,5,251,8,0,8,259
07/06/2023,OMA,NE,ACE,CE,Towers with Radar,137,58,40,2,237,0,2,29,1,32,137,60,69,3,269,30,0,30,299
07/07/2023,OMA,NE,ACE,CE,Towers with Radar,139,44,34,0,217,0,0,1,1,2,139,44,35,1,219,0,0,0,219
07/08/2023,OMA,NE,ACE,CE,Towers with Radar,112,39,38,9,198,0,2,23,1,26,112,41,61,10,224,54,10,64,288
07/09/2023,OMA,NE,ACE,CE,Towers with Radar,136,55,18,0,209,0,3,18,2,23,136,58,36,2,232,44,0,44,276
07/10/2023,OMA,NE,ACE,CE,Towers with Radar,140,57,49,0,246,0,0,19,0,19,140,57,68,0,265,52,0,52,317
07/11/2023,OMA,NE,ACE,CE,Towers with Radar,141,54,44,2,241,0,0,21,0,21,141,54,65,2,262,62,0,62,324
07/12/2023,OMA,NE,ACE,CE,Towers with Radar,147,66,31,4,248,0,1,14,0,15,147,67,45,4,263,60,0,60,323
07/13/2023,OMA,NE,ACE,CE,Towers with Radar,142,76,57,1,276,0,2,14,1,17,142,78,71,2,293,26,0,26,319
07/14/2023,OMA,NE,ACE,CE,Towers with Radar,138,54,35,8,235,0,1,13,1,15,138,55,48,9,250,20,0,20,270
07/15/2023,OMA,NE,ACE,CE,Towers with Radar,129,46,37,5,217,0,4,29,3,36,129,50,66,8,253,32,0,32,285
07/16/2023,OMA,NE,ACE,CE,Towers with Radar,136,54,35,4,229,0,1,3,1,5,136,55,38,5,234,0,0,0,234
07/17/2023,OMA,NE,ACE,CE,Towers with Radar,146,51,34,2,233,0,2,18,0,20,146,53,52,2,253,18,0,18,271
07/18/2023,OMA,NE,ACE,CE,Towers with Radar,143,43,37,8,231,0,1,15,0,16,143,44,52,8,247,14,0,14,261
07/19/2023,OMA,NE,ACE,CE,Towers with Radar,147,59,55,2,263,0,0,15,1,16,147,59,70,3,279,54,0,54,333
07/20/2023,OMA,NE,ACE,CE,Towers with Radar,137,67,56,0,260,0,1,29,0,30,137,68,85,0,290,40,0,40,330
07/21/2023,OMA,NE,ACE,CE,Towers with Radar,152,55,55,0,262,0,2,16,4,22,152,57,71,4,284,0,0,0,284
07/22/2023,OMA,NE,ACE,CE,Towers with Radar,120,35,25,2,182,0,0,30,2,32,120,35,55,4,214,52,0,52,266
07/23/2023,OMA,NE,ACE,CE,Towers with Radar,131,29,39,4,203,0,2,25,4,31,131,31,64,8,234,2,0,2,236
07/24/2023,OMA,NE,ACE,CE,Towers with Radar,147,53,46,4,250,0,0,24,2,26,147,53,70,6,276,4,0,4,280
07/25/2023,OMA,NE,ACE,CE,Towers with Radar,142,55,47,4,248,0,1,17,0,18,142,56,64,4,266,38,0,38,304
07/26/2023,OMA,NE,ACE,CE,Towers with Radar,150,54,41,4,249,0,7,12,1,20,150,61,53,5,269,0,0,0,269
07/27/2023,OMA,NE,ACE,CE,Towers with Radar,146,66,28,0,240,0,4,14,1,19,146,70,42,1,259,0,0,0,259
07/28/2023,OMA,NE,ACE,CE,Towers with Radar,143,68,39,13,263,0,3,14,2,19,143,71,53,15,282,0,0,0,282
07/29/2023,OMA,NE,ACE,CE,Towers with Radar,129,41,17,0,187,0,0,13,1,14,129,41,30,1,201,64,0,64,265
07/30/2023,OMA,NE,ACE,CE,Towers with Radar,133,71,39,3,246,0,1,24,0,25,133,72,63,3,271,0,0,0,271
07/31/2023,OMA,NE,ACE,CE,Towers with Radar,151,54,39,1,245,0,0,4,1,5,151,54,43,2,250,18,0,18,268
08/01/2023,OMA,NE,ACE,CE,Towers with Radar,140,80,64,0,284,0,2,9,0,11,140,82,73,0,295,0,0,0,295
08/02/2023,OMA,NE,ACE,CE,Towers with Radar,149,74,52,0,275,0,0,3,0,3,149,74,55,0,278,20,0,20,298
08/03/2023,OMA,NE,ACE,CE,Towers with Radar,144,51,49,0,244,0,0,11,0,11,144,51,60,0,255,40,0,40,295
08/04/2023,OMA,NE,ACE,CE,Towers with Radar,149,59,26,36,270,0,0,8,6,14,149,59,34,42,284,12,0,12,296
08/05/2023,OMA,NE,ACE,CE,Towers with Radar,116,45,25,2,188,0,1,18,0,19,116,46,43,2,207,44,0,44,251
08/06/2023,OMA,NE,ACE,CE,Towers with Radar,130,34,30,0,194,0,0,1,0,1,130,34,31,0,195,4,0,4,199
08/07/2023,OMA,NE,ACE,CE,Towers with Radar,142,55,37,0,234,0,0,29,0,29,142,55,66,0,263,14,0,14,277
08/08/2023,OMA,NE,ACE,CE,Towers with Radar,148,57,37,0,242,0,2,17,0,19,148,59,54,0,261,12,0,12,273
08/09/2023,OMA,NE,ACE,CE,Towers with Radar,149,57,59,4,269,0,0,19,0,19,149,57,78,4,288,48,4,52,340
08/10/2023,OMA,NE,ACE,CE,Towers with Radar,138,51,52,4,245,0,0,23,2,25,138,51,75,6,270,52,0,52,322
08/11/2023,OMA,NE,ACE,CE,Towers with Radar,155,60,37,1,253,0,0,26,2,28,155,60,63,3,281,26,0,26,307
08/12/2023,OMA,NE,ACE,CE,Towers with Radar,116,39,22,0,177,0,3,31,1,35,116,42,53,1,212,43,0,43,255
08/13/2023,OMA,NE,ACE,CE,Towers with Radar,133,33,34,0,200,0,0,11,0,11,133,33,45,0,211,28,0,28,239
08/14/2023,OMA,NE,ACE,CE,Towers with Radar,137,51,36,0,224,0,0,7,3,10,137,51,43,3,234,0,0,0,234
08/15/2023,OMA,NE,ACE,CE,Towers with Radar,141,56,38,0,235,0,0,19,0,19,141,56,57,0,254,0,0,0,254
08/16/2023,OMA,NE,ACE,CE,Towers with Radar,140,65,73,8,286,0,0,17,0,17,140,65,90,8,303,12,8,20,323
08/17/2023,OMA,NE,ACE,CE,Towers with Radar,144,76,31,3,254,0,1,21,1,23,144,77,52,4,277,50,0,50,327
08/18/2023,OMA,NE,ACE,CE,Towers with Radar,146,58,32,4,240,0,1,23,0,24,146,59,55,4,264,38,0,38,302
08/19/2023,OMA,NE,ACE,CE,Towers with Radar,114,39,35,0,188,0,2,17,0,19,114,41,52,0,207,12,0,12,219
08/20/2023,OMA,NE,ACE,CE,Towers with Radar,123,29,28,0,180,0,1,10,0,11,123,30,38,0,191,6,0,6,197
08/21/2023,OMA,NE,ACE,CE,Towers with Radar,135,66,28,4,233,0,1,17,0,18,135,67,45,4,251,30,0,30,281
08/22/2023,OMA,NE,ACE,CE,Towers with Radar,149,61,47,8,265,0,0,14,1,15,149,61,61,9,280,0,0,0,280
08/23/2023,OMA,NE,ACE,CE,Towers with Radar,142,56,40,7,245,0,4,23,3,30,142,60,63,10,275,8,0,8,283
08/24/2023,OMA,NE,ACE,CE,Towers with Radar,147,48,57,5,257,0,2,20,2,24,147,50,77,7,281,60,0,60,341
08/25/2023,OMA,NE,ACE,CE,Towers with Radar,144,57,35,1,237,0,0,25,5,30,144,57,60,6,267,46,6,52,319
08/26/2023,OMA,NE,ACE,CE,Towers with Radar,112,36,34,6,188,0,0,23,1,24,112,36,57,7,212,18,0,18,230
08/27/2023,OMA,NE,ACE,CE,Towers with Radar,122,29,39,0,190,0,0,15,0,15,122,29,54,0,205,6,0,6,211
08/28/2023,OMA,NE,ACE,CE,Towers with Radar,133,38,47,11,229,0,0,36,17,53,133,38,83,28,282,18,25,43,325
08/29/2023,OMA,NE,ACE,CE,Towers with Radar,139,43,59,16,257,0,2,20,0,22,139,45,79,16,279,12,0,12,291
08/30/2023,OMA,NE,ACE,CE,Towers with Radar,139,65,53,2,259,0,4,39,7,50,139,69,92,9,309,18,0,18,327
08/31/2023,OMA,NE,ACE,CE,Towers with Radar,144,69,56,15,284,0,4,28,2,34,144,73,84,17,318,62,0,62,380
