01/01/2000,ONT,CA,AWP,WE,Combined TRACON& Tower with Radar,114,17,8,0,139,16,0,22,0,38,130,17,30,0,177,18,0,18,195
01/02/2000,ONT,CA,AWP,WE,Combined TRACON& Tower with Radar,167,24,13,0,204,35,0,7,0,42,202,24,20,0,246,46,0,46,292
01/03/2000,ONT,CA,AWP,WE,Combined TRACON& Tower with Radar,243,64,19,0,326,0,5,50,0,55,243,69,69,0,381,19,0,19,400
01/04/2000,ONT,CA,AWP,WE,Combined TRACON& Tower with Radar,249,64,19,0,332,17,31,40,0,88,266,95,59,0,420,24,0,24,444
01/05/2000,ONT,CA,AWP,WE,Combined TRACON& Tower with Radar,265,68,21,0,354,6,20,14,0,40,271,88,35,0,394,4,0,4,398
01/06/2000,ONT,CA,AWP,WE,Combined TRACON& Tower with Radar,259,67,20,0,346,28,21,46,0,95,287,88,66,0,441,10,0,10,451
01/07/2000,ONT,CA,AWP,WE,Combined TRACON& Tower with Radar,234,60,19,1,314,12,16,47,3,78,246,76,66,4,392,33,0,33,425
01/08/2000,ONT,CA,AWP,WE,Combined TRACON& Tower with Radar,164,37,14,0,215,28,0,35,0,63,192,37,49,0,278,32,0,32,310
01/09/2000,ONT,CA,AWP,WE,Combined TRACON& Tower with Radar,162,20,13,0,195,28,0,20,0,48,190,20,33,0,243,30,0,30,273
01/10/2000,ONT,CA,AWP,WE,Combined TRACON& Tower with Radar,222,57,18,0,297,6,9,42,0,57,228,66,60,0,354,58,0,58,412
01/11/2000,ONT,CA,AWP,WE,Combined TRACON& Tower with Radar,280,77,25,0,382,0,48,12,0,60,280,125,37,0,442,12,0,12,454
01/12/2000,ONT,CA,AWP,WE,Combined TRACON& Tower with Radar,270,76,24,0,370,0,2,59,0,61,270,78,83,0,431,4,0,4,435
01/13/2000,ONT,CA,AWP,WE,Combined TRACON& Tower with Radar,272,70,22,0,364,5,32,61,0,98,277,102,83,0,462,13,0,13,475
01/14/2000,ONT,CA,AWP,WE,Combined TRACON& Tower with Radar,265,68,22,0,355,7,32,42,0,81,272,100,64,0,436,34,0,34,470
01/15/2000,ONT,CA,AWP,WE,Combined TRACON& Tower with Radar,188,48,15,0,251,7,14,53,0,74,195,62,68,0,325,14,0,14,339
01/16/2000,ONT,CA,AWP,WE,Combined TRACON& Tower with Radar,177,22,14,0,213,20,0,8,8,36,197,22,22,8,249,60,0,60,309
01/17/2000,ONT,CA,AWP,WE,Combined TRACON& Tower with Radar,232,58,19,0,309,5,6,13,0,24,237,64,32,0,333,12,0,12,345
01/18/2000,ONT,CA,AWP,WE,Combined TRACON& Tower with Radar,275,73,24,0,372,0,32,33,0,65,275,105,57,0,437,13,0,13,450
01/19/2000,ONT,CA,AWP,WE,Combined TRACON& Tower with Radar,273,75,24,0,372,0,46,23,0,69,273,121,47,0,441,6,0,6,447
01/20/2000,ONT,CA,AWP,WE,Combined TRACON& Tower with Radar,277,71,22,0,370,0,24,62,0,86,277,95,84,0,456,45,0,45,501
01/21/2000,ONT,CA,AWP,WE,Combined TRACON& Tower with Radar,255,70,23,0,348,0,18,61,0,79,255,88,84,0,427,56,0,56,483
01/22/2000,ONT,CA,AWP,WE,Combined TRACON& Tower with Radar,214,55,18,0,287,0,0,19,0,19,214,55,37,0,306,19,0,19,325
01/23/2000,ONT,CA,AWP,WE,Combined TRACON& Tower with Radar,201,24,16,0,241,14,0,17,0,31,215,24,33,0,272,9,0,9,281
01/24/2000,ONT,CA,AWP,WE,Combined TRACON& Tower with Radar,248,65,20,0,333,0,2,36,1,39,248,67,56,1,372,27,0,27,399
01/25/2000,ONT,CA,AWP,WE,Combined TRACON& Tower with Radar,274,82,26,0,382,0,20,12,0,32,274,102,38,0,414,0,0,0,414
01/26/2000,ONT,CA,AWP,WE,Combined TRACON& Tower with Radar,276,76,24,0,376,0,27,72,0,99,276,103,96,0,475,38,0,38,513
01/27/2000,ONT,CA,AWP,WE,Combined TRACON& Tower with Radar,266,71,22,0,359,0,24,74,0,98,266,95,96,0,457,7,0,7,464
01/28/2000,ONT,CA,AWP,WE,Combined TRACON& Tower with Radar,266,74,23,0,363,0,23,51,0,74,266,97,74,0,437,46,0,46,483
01/29/2000,ONT,CA,AWP,WE,Combined TRACON& Tower with Radar,179,46,14,0,239,28,5,38,0,71,207,51,52,0,310,30,0,30,340
01/30/2000,ONT,CA,AWP,WE,Combined TRACON& Tower with Radar,189,48,14,0,251,76,47,45,0,168,265,95,59,0,419,0,0,0,419
01/31/2000,ONT,CA,AWP,WE,Combined TRACON& Tower with Radar,239,67,20,0,326,0,3,52,5,60,239,70,72,5,386,8,48,56,442
02/01/2000,ONT,CA,AWP,WE,Combined TRACON& Tower with Radar,257,71,22,0,350,8,24,37,0,69,265,95,59,0,419,0,0,0,419
02/02/2000,ONT,CA,AWP,WE,Combined TRACON& Tower with Radar,266,75,23,0,364,0,14,53,0,67,266,89,76,0,431,12,0,12,443
02/03/2000,ONT,CA,AWP,WE,Combined TRACON& Tower with Radar,251,74,23,0,348,0,11,122,0,133,251,85,145,0,481,6,0,6,487
02/04/2000,ONT,CA,AWP,WE,Combined TRACON& Tower with Radar,265,76,24,0,365,0,19,35,0,54,265,95,59,0,419,13,0,13,432
02/05/2000,ONT,CA,AWP,WE,Combined TRACON& Tower with Radar,178,43,16,0,237,4,0,24,0,28,182,43,40,0,265,18,0,18,283
02/06/2000,ONT,CA,AWP,WE,Combined TRACON& Tower with Radar,196,21,16,0,233,18,0,10,0,28,214,21,26,0,261,23,0,23,284
02/07/2000,ONT,CA,AWP,WE,Combined TRACON& Tower with Radar,242,67,20,0,329,2,4,39,0,45,244,71,59,0,374,17,0,17,391
02/08/2000,ONT,CA,AWP,WE,Combined TRACON& Tower with Radar,274,81,24,0,379,0,35,41,0,76,274,116,65,0,455,17,0,17,472
02/09/2000,ONT,CA,AWP,WE,Combined TRACON& Tower with Radar,265,0,0,0,265,0,0,0,0,0,265,0,0,0,265,0,0,0,265
02/10/2000,ONT,CA,AWP,WE,Combined TRACON& Tower with Radar,280,83,25,0,388,0,12,20,2,34,280,95,45,2,422,4,0,4,426
02/11/2000,ONT,CA,AWP,WE,Combined TRACON& Tower with Radar,248,74,22,0,344,0,24,30,0,54,248,98,52,0,398,34,0,34,432
02/12/2000,ONT,CA,AWP,WE,Combined TRACON& Tower with Radar,188,38,15,0,241,2,0,16,0,18,190,38,31,0,259,22,0,22,281
02/13/2000,ONT,CA,AWP,WE,Combined TRACON& Tower with Radar,181,21,15,0,217,1,0,3,0,4,182,21,18,0,221,0,0,0,221
02/14/2000,ONT,CA,AWP,WE,Combined TRACON& Tower with Radar,235,66,20,0,321,0,0,25,0,25,235,66,45,0,346,0,0,0,346
02/15/2000,ONT,CA,AWP,WE,Combined TRACON& Tower with Radar,257,72,21,0,350,0,12,46,0,58,257,84,67,0,408,11,0,11,419
02/16/2000,ONT,CA,AWP,WE,Combined TRACON& Tower with Radar,274,80,24,0,378,0,3,19,0,22,274,83,43,0,400,0,0,0,400
02/17/2000,ONT,CA,AWP,WE,Combined TRACON& Tower with Radar,259,75,22,0,356,0,36,49,0,85,259,111,71,0,441,4,0,4,445
02/18/2000,ONT,CA,AWP,WE,Combined TRACON& Tower with Radar,247,70,22,0,339,0,26,61,0,87,247,96,83,0,426,68,0,68,494
02/19/2000,ONT,CA,AWP,WE,Combined TRACON& Tower with Radar,257,61,22,0,340,37,0,41,0,78,294,61,63,0,418,40,0,40,458
02/20/2000,ONT,CA,AWP,WE,Combined TRACON& Tower with Radar,156,15,12,0,183,40,0,6,0,46,196,15,18,0,229,11,0,11,240
02/21/2000,ONT,CA,AWP,WE,Combined TRACON& Tower with Radar,243,66,20,0,329,1,12,12,1,26,244,78,32,1,355,26,0,26,381
02/22/2000,ONT,CA,AWP,WE,Combined TRACON& Tower with Radar,268,69,22,0,359,8,0,46,0,54,276,69,68,0,413,0,0,0,413
02/23/2000,ONT,CA,AWP,WE,Combined TRACON& Tower with Radar,271,75,23,0,369,0,18,2,0,20,271,93,25,0,389,0,0,0,389
02/24/2000,ONT,CA,AWP,WE,Combined TRACON& Tower with Radar,268,75,23,0,366,0,24,56,0,80,268,99,79,0,446,3,0,3,449
02/25/2000,ONT,CA,AWP,WE,Combined TRACON& Tower with Radar,250,72,21,0,343,0,19,22,0,41,250,91,43,0,384,64,0,64,448
02/26/2000,ONT,CA,AWP,WE,Combined TRACON& Tower with Radar,163,41,14,0,218,19,0,7,2,28,182,41,21,2,246,44,0,44,290
02/27/2000,ONT,CA,AWP,WE,Combined TRACON& Tower with Radar,199,21,14,0,234,12,0,0,0,12,211,21,14,0,246,3,0,3,249
02/28/2000,ONT,CA,AWP,WE,Combined TRACON& Tower with Radar,248,68,20,0,336,16,0,33,1,50,264,68,53,1,386,9,0,9,395
02/29/2000,ONT,CA,AWP,WE,Combined TRACON& Tower with Radar,268,75,22,0,365,2,29,25,7,63,270,104,47,7,428,0,0,0,428
03/01/2000,ONT,CA,AWP,WE,Combined TRACON& Tower with Radar,277,81,25,0,383,0,23,36,0,59,277,104,61,0,442,4,0,4,446
03/02/2000,ONT,CA,AWP,WE,Combined TRACON& Tower with Radar,268,74,22,0,364,9,21,32,0,62,277,95,54,0,426,11,0,11,437
03/03/2000,ONT,CA,AWP,WE,Combined TRACON& Tower with Radar,263,73,22,0,358,1,13,31,0,45,264,86,53,0,403,11,0,11,414
03/04/2000,ONT,CA,AWP,WE,Combined TRACON& Tower with Radar,210,51,18,0,279,5,0,23,0,28,215,51,41,0,307,6,0,6,313
03/05/2000,ONT,CA,AWP,WE,Combined TRACON& Tower with Radar,180,30,14,0,224,17,0,7,0,24,197,30,21,0,248,17,0,17,265
03/06/2000,ONT,CA,AWP,WE,Combined TRACON& Tower with Radar,234,65,21,1,321,1,3,32,1,37,235,68,53,2,358,0,0,0,358
03/07/2000,ONT,CA,AWP,WE,Combined TRACON& Tower with Radar,269,76,24,0,369,0,31,43,0,74,269,107,67,0,443,0,0,0,443
03/08/2000,ONT,CA,AWP,WE,Combined TRACON& Tower with Radar,273,77,24,0,374,0,0,7,0,7,273,77,31,0,381,2,0,2,383
03/09/2000,ONT,CA,AWP,WE,Combined TRACON& Tower with Radar,268,76,24,1,369,0,6,55,6,67,268,82,79,7,436,19,0,19,455
03/10/2000,ONT,CA,AWP,WE,Combined TRACON& Tower with Radar,258,71,23,1,353,7,13,53,1,74,265,84,76,2,427,40,0,40,467
03/11/2000,ONT,CA,AWP,WE,Combined TRACON& Tower with Radar,189,50,17,1,257,22,0,17,3,42,211,50,34,4,299,34,0,34,333
03/12/2000,ONT,CA,AWP,WE,Combined TRACON& Tower with Radar,203,22,18,0,243,26,0,37,0,63,229,22,55,0,306,27,0,27,333
03/13/2000,ONT,CA,AWP,WE,Combined TRACON& Tower with Radar,257,72,23,0,352,0,2,30,0,32,257,74,53,0,384,47,0,47,431
03/14/2000,ONT,CA,AWP,WE,Combined TRACON& Tower with Radar,286,71,25,1,383,17,0,50,3,70,303,71,75,4,453,4,0,4,457
03/15/2000,ONT,CA,AWP,WE,Combined TRACON& Tower with Radar,283,81,26,0,390,0,8,41,0,49,283,89,67,0,439,50,0,50,489
03/16/2000,ONT,CA,AWP,WE,Combined TRACON& Tower with Radar,275,81,27,0,383,0,10,29,0,39,275,91,56,0,422,15,0,15,437
03/17/2000,ONT,CA,AWP,WE,Combined TRACON& Tower with Radar,261,72,23,0,356,0,13,39,0,52,261,85,62,0,408,9,0,9,417
03/18/2000,ONT,CA,AWP,WE,Combined TRACON& Tower with Radar,174,43,16,0,233,24,0,37,0,61,198,43,53,0,294,6,0,6,300
03/19/2000,ONT,CA,AWP,WE,Combined TRACON& Tower with Radar,194,42,17,0,253,14,0,27,0,41,208,42,44,0,294,54,0,54,348
03/20/2000,ONT,CA,AWP,WE,Combined TRACON& Tower with Radar,247,64,22,0,333,13,0,11,0,24,260,64,33,0,357,0,0,0,357
03/21/2000,ONT,CA,AWP,WE,Combined TRACON& Tower with Radar,281,78,26,0,385,0,41,24,0,65,281,119,50,0,450,58,0,58,508
03/22/2000,ONT,CA,AWP,WE,Combined TRACON& Tower with Radar,288,78,26,0,392,4,36,36,0,76,292,114,62,0,468,15,0,15,483
03/23/2000,ONT,CA,AWP,WE,Combined TRACON& Tower with Radar,283,81,26,0,390,0,57,49,18,124,283,138,75,18,514,21,0,21,535
03/24/2000,ONT,CA,AWP,WE,Combined TRACON& Tower with Radar,256,69,23,0,348,13,19,42,2,76,269,88,65,2,424,22,0,22,446
03/25/2000,ONT,CA,AWP,WE,Combined TRACON& Tower with Radar,193,58,19,0,270,0,12,35,0,47,193,70,54,0,317,5,0,5,322
03/26/2000,ONT,CA,AWP,WE,Combined TRACON& Tower with Radar,204,44,18,0,266,3,0,40,0,43,207,44,58,0,309,12,0,12,321
03/27/2000,ONT,CA,AWP,WE,Combined TRACON& Tower with Radar,244,74,23,0,341,0,33,38,0,71,244,107,61,0,412,14,0,14,426
03/28/2000,ONT,CA,AWP,WE,Combined TRACON& Tower with Radar,279,81,26,0,386,0,16,34,0,50,279,97,60,0,436,0,0,0,436
03/29/2000,ONT,CA,AWP,WE,Combined TRACON& Tower with Radar,287,82,25,0,394,0,6,33,0,39,287,88,58,0,433,0,0,0,433
03/30/2000,ONT,CA,AWP,WE,Combined TRACON& Tower with Radar,276,81,25,0,382,0,11,60,0,71,276,92,85,0,453,17,0,17,470
03/31/2000,ONT,CA,AWP,WE,Combined TRACON& Tower with Radar,246,68,20,0,334,17,19,19,0,55,263,87,39,0,389,26,0,26,415
04/01/2000,ONT,CA,AWP,WE,Combined TRACON& Tower with Radar,176,41,17,0,234,26,10,31,0,67,202,51,48,0,301,0,0,0,301
04/02/2000,ONT,CA,AWP,WE,Combined TRACON& Tower with Radar,191,21,18,1,231,29,0,35,1,65,220,21,53,2,296,68,0,68,364
04/03/2000,ONT,CA,AWP,WE,Combined TRACON& Tower with Radar,233,55,22,0,310,15,25,11,0,51,248,80,33,0,361,10,0,10,371
04/04/2000,ONT,CA,AWP,WE,Combined TRACON& Tower with Radar,284,69,28,0,381,0,32,39,0,71,284,101,67,0,452,6,0,6,458
04/05/2000,ONT,CA,AWP,WE,Combined TRACON& Tower with Radar,227,66,27,0,320,0,26,81,0,107,227,92,108,0,427,8,0,8,435
04/06/2000,ONT,CA,AWP,WE,Combined TRACON& Tower with Radar,277,72,30,1,380,0,19,41,2,62,277,91,71,3,442,0,0,0,442
04/07/2000,ONT,CA,AWP,WE,Combined TRACON& Tower with Radar,264,68,28,1,361,0,26,13,0,39,264,94,41,1,400,6,0,6,406
04/08/2000,ONT,CA,AWP,WE,Combined TRACON& Tower with Radar,203,48,20,0,271,25,3,0,0,28,228,51,20,0,299,4,0,4,303
04/09/2000,ONT,CA,AWP,WE,Combined TRACON& Tower with Radar,176,17,17,0,210,34,0,13,0,47,210,17,30,0,257,4,0,4,261
04/10/2000,ONT,CA,AWP,WE,Combined TRACON& Tower with Radar,239,57,24,0,320,10,24,11,0,45,249,81,35,0,365,16,0,16,381
04/11/2000,ONT,CA,AWP,WE,Combined TRACON& Tower with Radar,277,66,26,0,369,4,35,34,0,73,281,101,60,0,442,5,0,5,447
04/12/2000,ONT,CA,AWP,WE,Combined TRACON& Tower with Radar,280,66,27,1,374,7,25,46,0,78,287,91,73,1,452,8,0,8,460
04/13/2000,ONT,CA,AWP,WE,Combined TRACON& Tower with Radar,275,65,27,0,367,5,23,28,0,56,280,88,55,0,423,48,0,48,471
04/14/2000,ONT,CA,AWP,WE,Combined TRACON& Tower with Radar,277,70,29,0,376,0,16,30,0,46,277,86,59,0,422,49,0,49,471
04/15/2000,ONT,CA,AWP,WE,Combined TRACON& Tower with Radar,207,52,21,1,281,0,0,32,3,35,207,52,53,4,316,9,0,9,325
04/16/2000,ONT,CA,AWP,WE,Combined TRACON& Tower with Radar,172,23,17,1,213,24,0,16,3,43,196,23,33,4,256,2,0,2,258
04/17/2000,ONT,CA,AWP,WE,Combined TRACON& Tower with Radar,263,61,26,0,350,0,0,16,0,16,263,61,42,0,366,2,0,2,368
04/18/2000,ONT,CA,AWP,WE,Combined TRACON& Tower with Radar,277,64,27,0,368,4,29,14,0,47,281,93,41,0,415,44,0,44,459
04/19/2000,ONT,CA,AWP,WE,Combined TRACON& Tower with Radar,273,69,29,1,372,0,16,32,1,49,273,85,61,2,421,11,0,11,432
04/20/2000,ONT,CA,AWP,WE,Combined TRACON& Tower with Radar,257,60,25,0,342,12,49,39,0,100,269,109,64,0,442,12,0,12,454
04/21/2000,ONT,CA,AWP,WE,Combined TRACON& Tower with Radar,259,65,27,0,351,0,36,25,0,61,259,101,52,0,412,6,0,6,418
04/22/2000,ONT,CA,AWP,WE,Combined TRACON& Tower with Radar,208,40,22,0,270,0,0,17,0,17,208,40,39,0,287,45,0,45,332
04/23/2000,ONT,CA,AWP,WE,Combined TRACON& Tower with Radar,188,22,18,0,228,25,0,2,0,27,213,22,20,0,255,44,0,44,299
04/24/2000,ONT,CA,AWP,WE,Combined TRACON& Tower with Radar,259,62,26,0,347,0,11,51,0,62,259,73,77,0,409,28,0,28,437
04/25/2000,ONT,CA,AWP,WE,Combined TRACON& Tower with Radar,280,65,28,0,373,14,24,35,5,78,294,89,63,5,451,22,0,22,473
04/26/2000,ONT,CA,AWP,WE,Combined TRACON& Tower with Radar,293,68,29,0,390,1,21,34,5,61,294,89,63,5,451,22,0,22,473
04/27/2000,ONT,CA,AWP,WE,Combined TRACON& Tower with Radar,284,66,28,0,378,0,28,60,3,91,284,94,88,3,469,18,0,18,487
04/28/2000,ONT,CA,AWP,WE,Combined TRACON& Tower with Radar,271,74,31,0,376,0,22,56,0,78,271,96,87,0,454,31,0,31,485
04/29/2000,ONT,CA,AWP,WE,Combined TRACON& Tower with Radar,207,52,21,0,280,0,8,58,0,66,207,60,79,0,346,27,0,27,373
04/30/2000,ONT,CA,AWP,WE,Combined TRACON& Tower with Radar,219,19,23,0,261,0,0,152,0,152,219,19,175,0,413,107,0,107,520
05/01/2000,ONT,CA,AWP,WE,Combined TRACON& Tower with Radar,243,72,19,0,334,8,4,37,0,49,251,76,56,0,383,24,0,24,407
05/02/2000,ONT,CA,AWP,WE,Combined TRACON& Tower with Radar,285,86,25,0,396,0,63,49,0,112,285,149,74,0,508,14,0,14,522
05/03/2000,ONT,CA,AWP,WE,Combined TRACON& Tower with Radar,264,76,21,0,361,0,47,56,3,106,264,123,77,3,467,23,6,29,496
05/04/2000,ONT,CA,AWP,WE,Combined TRACON& Tower with Radar,8,3,0,0,11,279,96,72,0,447,287,99,72,0,458,0,0,0,458
05/05/2000,ONT,CA,AWP,WE,Combined TRACON& Tower with Radar,268,91,44,0,403,0,0,24,0,24,268,91,68,0,427,4,0,4,431
05/06/2000,ONT,CA,AWP,WE,Combined TRACON& Tower with Radar,212,49,17,0,278,0,0,23,0,23,212,49,40,0,301,15,0,15,316
05/07/2000,ONT,CA,AWP,WE,Combined TRACON& Tower with Radar,209,30,11,0,250,0,0,16,0,16,209,30,27,0,266,12,0,12,278
05/08/2000,ONT,CA,AWP,WE,Combined TRACON& Tower with Radar,260,74,18,3,355,0,8,15,1,24,260,82,33,4,379,36,0,36,415
05/09/2000,ONT,CA,AWP,WE,Combined TRACON& Tower with Radar,290,97,34,0,421,0,1,35,0,36,290,98,69,0,457,51,0,51,508
05/10/2000,ONT,CA,AWP,WE,Combined TRACON& Tower with Radar,287,90,16,0,393,0,11,32,0,43,287,101,48,0,436,22,0,22,458
05/11/2000,ONT,CA,AWP,WE,Combined TRACON& Tower with Radar,275,78,23,0,376,0,18,54,0,72,275,96,77,0,448,33,0,33,481
05/12/2000,ONT,CA,AWP,WE,Combined TRACON& Tower with Radar,243,65,19,0,327,0,29,59,0,88,243,94,78,0,415,29,0,29,444
05/13/2000,ONT,CA,AWP,WE,Combined TRACON& Tower with Radar,199,45,16,0,260,13,0,25,0,38,212,45,41,0,298,55,0,55,353
05/14/2000,ONT,CA,AWP,WE,Combined TRACON& Tower with Radar,206,27,8,0,241,69,50,28,0,147,275,77,36,0,388,88,0,88,476
05/15/2000,ONT,CA,AWP,WE,Combined TRACON& Tower with Radar,274,73,22,0,369,1,4,14,0,19,275,77,36,0,388,88,0,88,476
05/16/2000,ONT,CA,AWP,WE,Combined TRACON& Tower with Radar,284,101,17,0,402,0,6,19,0,25,284,107,36,0,427,18,0,18,445
05/17/2000,ONT,CA,AWP,WE,Combined TRACON& Tower with Radar,291,64,19,0,374,0,17,51,0,68,291,81,70,0,442,39,0,39,481
05/18/2000,ONT,CA,AWP,WE,Combined TRACON& Tower with Radar,272,69,21,0,362,0,34,51,0,85,272,103,72,0,447,10,0,10,457
05/19/2000,ONT,CA,AWP,WE,Combined TRACON& Tower with Radar,200,35,8,0,243,0,0,41,0,41,200,35,49,0,284,57,0,57,341
05/20/2000,ONT,CA,AWP,WE,Combined TRACON& Tower with Radar,182,35,14,0,231,18,0,35,0,53,200,35,49,0,284,51,6,57,341
05/21/2000,ONT,CA,AWP,WE,Combined TRACON& Tower with Radar,185,17,15,0,217,29,0,22,0,51,214,17,37,0,268,43,0,43,311
05/22/2000,ONT,CA,AWP,WE,Combined TRACON& Tower with Radar,259,56,15,0,330,0,16,37,0,53,259,72,52,0,383,48,0,48,431
05/23/2000,ONT,CA,AWP,WE,Combined TRACON& Tower with Radar,292,98,41,0,431,0,14,15,0,29,292,112,56,0,460,33,0,33,493
05/24/2000,ONT,CA,AWP,WE,Combined TRACON& Tower with Radar,284,97,40,0,421,0,0,19,0,19,284,97,59,0,440,3,0,3,443
05/25/2000,ONT,CA,AWP,WE,Combined TRACON& Tower with Radar,285,89,26,0,400,0,17,14,0,31,285,106,40,0,431,2,0,2,433
05/26/2000,ONT,CA,AWP,WE,Combined TRACON& Tower with Radar,262,77,22,0,361,0,19,48,0,67,262,96,70,0,428,47,0,47,475
05/27/2000,ONT,CA,AWP,WE,Combined TRACON& Tower with Radar,187,42,14,0,243,19,0,17,0,36,206,42,31,0,279,51,0,51,330
05/28/2000,ONT,CA,AWP,WE,Combined TRACON& Tower with Radar,183,18,8,0,209,0,0,16,0,16,183,18,24,0,225,27,0,27,252
05/29/2000,ONT,CA,AWP,WE,Combined TRACON& Tower with Radar,214,27,21,0,262,0,0,37,0,37,214,27,58,0,299,42,0,42,341
05/30/2000,ONT,CA,AWP,WE,Combined TRACON& Tower with Radar,261,79,17,0,357,0,11,25,0,36,261,90,42,0,393,55,0,55,448
05/31/2000,ONT,CA,AWP,WE,Combined TRACON& Tower with Radar,289,82,36,0,407,0,9,47,0,56,289,91,83,0,463,8,0,8,471
06/01/2000,ONT,CA,AWP,WE,Combined TRACON& Tower with Radar,316,76,22,0,414,0,15,43,2,60,316,91,65,2,474,26,0,26,500
06/02/2000,ONT,CA,AWP,WE,Combined TRACON& Tower with Radar,261,82,25,0,368,0,12,58,0,70,261,94,83,0,438,40,0,40,478
06/03/2000,ONT,CA,AWP,WE,Combined TRACON& Tower with Radar,211,42,15,0,268,24,0,24,0,48,235,42,39,0,316,27,0,27,343
06/04/2000,ONT,CA,AWP,WE,Combined TRACON& Tower with Radar,222,25,12,0,259,0,11,19,4,34,222,36,31,4,293,37,0,37,330
06/05/2000,ONT,CA,AWP,WE,Combined TRACON& Tower with Radar,272,67,21,0,360,0,37,30,0,67,272,104,51,0,427,92,0,92,519
06/06/2000,ONT,CA,AWP,WE,Combined TRACON& Tower with Radar,294,72,21,0,387,0,18,49,0,67,294,90,70,0,454,14,0,14,468
06/07/2000,ONT,CA,AWP,WE,Combined TRACON& Tower with Radar,288,76,14,0,378,0,26,23,0,49,288,102,37,0,427,4,0,4,431
06/08/2000,ONT,CA,AWP,WE,Combined TRACON& Tower with Radar,290,80,34,0,404,0,12,29,0,41,290,92,63,0,445,0,0,0,445
06/09/2000,ONT,CA,AWP,WE,Combined TRACON& Tower with Radar,268,70,15,0,353,0,16,48,0,64,268,86,63,0,417,0,0,0,417
06/10/2000,ONT,CA,AWP,WE,Combined TRACON& Tower with Radar,195,39,14,0,248,15,0,14,0,29,210,39,28,0,277,28,0,28,305
06/11/2000,ONT,CA,AWP,WE,Combined TRACON& Tower with Radar,220,22,17,0,259,0,28,28,0,56,220,50,45,0,315,38,0,38,353
06/12/2000,ONT,CA,AWP,WE,Combined TRACON& Tower with Radar,266,67,20,0,353,0,42,44,0,86,266,109,64,0,439,64,0,64,503
06/13/2000,ONT,CA,AWP,WE,Combined TRACON& Tower with Radar,274,72,21,0,367,0,51,19,0,70,274,123,40,0,437,47,0,47,484
06/14/2000,ONT,CA,AWP,WE,Combined TRACON& Tower with Radar,288,84,22,0,394,0,27,24,0,51,288,111,46,0,445,101,0,101,546
06/15/2000,ONT,CA,AWP,WE,Combined TRACON& Tower with Radar,285,79,14,0,378,0,17,42,0,59,285,96,56,0,437,31,0,31,468
06/16/2000,ONT,CA,AWP,WE,Combined TRACON& Tower with Radar,279,74,17,0,370,0,16,29,0,45,279,90,46,0,415,35,0,35,450
06/17/2000,ONT,CA,AWP,WE,Combined TRACON& Tower with Radar,214,44,15,0,273,0,0,16,0,16,214,44,31,0,289,13,0,13,302
06/18/2000,ONT,CA,AWP,WE,Combined TRACON& Tower with Radar,223,21,14,0,258,0,1,13,0,14,223,22,27,0,272,50,0,50,322
06/19/2000,ONT,CA,AWP,WE,Combined TRACON& Tower with Radar,265,66,20,0,351,0,3,33,0,36,265,69,53,0,387,30,0,30,417
06/20/2000,ONT,CA,AWP,WE,Combined TRACON& Tower with Radar,293,72,21,0,386,0,24,29,0,53,293,96,50,0,439,38,0,38,477
06/21/2000,ONT,CA,AWP,WE,Combined TRACON& Tower with Radar,308,68,17,1,394,0,27,39,0,66,308,95,56,1,460,19,0,19,479
06/22/2000,ONT,CA,AWP,WE,Combined TRACON& Tower with Radar,268,61,18,0,347,12,0,60,1,73,280,61,78,1,420,11,0,11,431
06/23/2000,ONT,CA,AWP,WE,Combined TRACON& Tower with Radar,267,84,21,0,372,0,15,24,0,39,267,99,45,0,411,24,0,24,435
06/24/2000,ONT,CA,AWP,WE,Combined TRACON& Tower with Radar,217,40,14,0,271,19,0,26,0,45,236,40,40,0,316,10,0,10,326
06/25/2000,ONT,CA,AWP,WE,Combined TRACON& Tower with Radar,207,21,13,0,241,0,1,19,0,20,207,22,32,0,261,27,0,27,288
06/26/2000,ONT,CA,AWP,WE,Combined TRACON& Tower with Radar,252,61,17,0,330,8,7,39,0,54,260,68,56,0,384,25,0,25,409
06/27/2000,ONT,CA,AWP,WE,Combined TRACON& Tower with Radar,280,70,20,0,370,0,34,29,0,63,280,104,49,0,433,27,0,27,460
06/28/2000,ONT,CA,AWP,WE,Combined TRACON& Tower with Radar,301,77,17,1,396,0,28,53,0,81,301,105,70,1,477,9,0,9,486
06/29/2000,ONT,CA,AWP,WE,Combined TRACON& Tower with Radar,276,87,24,0,387,0,16,32,0,48,276,103,56,0,435,38,0,38,473
06/30/2000,ONT,CA,AWP,WE,Combined TRACON& Tower with Radar,263,93,15,0,371,0,1,30,0,31,263,94,45,0,402,18,0,18,420
07/01/2000,ONT,CA,AWP,WE,Combined TRACON& Tower with Radar,223,45,14,0,282,0,0,27,0,27,223,45,41,0,309,76,0,76,385
07/02/2000,ONT,CA,AWP,WE,Combined TRACON& Tower with Radar,173,22,20,0,215,1,0,13,0,14,174,22,33,0,229,24,0,24,253
07/03/2000,ONT,CA,AWP,WE,Combined TRACON& Tower with Radar,218,54,14,0,286,0,13,26,0,39,218,67,40,0,325,81,0,81,406
07/04/2000,ONT,CA,AWP,WE,Combined TRACON& Tower with Radar,196,25,12,0,233,28,0,10,0,38,224,25,22,0,271,35,0,35,306
07/05/2000,ONT,CA,AWP,WE,Combined TRACON& Tower with Radar,277,70,14,0,361,1,9,52,0,62,278,79,66,0,423,14,0,14,437
07/06/2000,ONT,CA,AWP,WE,Combined TRACON& Tower with Radar,262,60,16,1,339,14,21,58,2,95,276,81,74,3,434,28,0,28,462
07/07/2000,ONT,CA,AWP,WE,Combined TRACON& Tower with Radar,272,83,20,2,377,0,14,26,0,40,272,97,46,2,417,36,0,36,453
07/08/2000,ONT,CA,AWP,WE,Combined TRACON& Tower with Radar,215,36,14,0,265,20,0,36,0,56,235,36,50,0,321,42,0,42,363
07/09/2000,ONT,CA,AWP,WE,Combined TRACON& Tower with Radar,222,23,14,0,259,1,0,26,0,27,223,23,40,0,286,17,0,17,303
07/10/2000,ONT,CA,AWP,WE,Combined TRACON& Tower with Radar,262,59,16,0,337,4,9,42,0,55,266,68,58,0,392,31,0,31,423
07/11/2000,ONT,CA,AWP,WE,Combined TRACON& Tower with Radar,280,72,21,0,373,0,38,39,0,77,280,110,60,0,450,48,0,48,498
07/12/2000,ONT,CA,AWP,WE,Combined TRACON& Tower with Radar,279,85,27,0,391,0,29,30,0,59,279,114,57,0,450,9,0,9,459
07/13/2000,ONT,CA,AWP,WE,Combined TRACON& Tower with Radar,283,83,24,0,390,0,23,51,0,74,283,106,75,0,464,80,0,80,544
07/14/2000,ONT,CA,AWP,WE,Combined TRACON& Tower with Radar,267,90,17,0,374,0,17,43,0,60,267,107,60,0,434,18,0,18,452
07/15/2000,ONT,CA,AWP,WE,Combined TRACON& Tower with Radar,187,39,10,0,236,26,0,22,0,48,213,39,32,0,284,49,0,49,333
07/16/2000,ONT,CA,AWP,WE,Combined TRACON& Tower with Radar,215,24,12,0,251,0,8,25,0,33,215,32,37,0,284,52,0,52,336
07/17/2000,ONT,CA,AWP,WE,Combined TRACON& Tower with Radar,273,63,17,0,353,0,55,43,4,102,273,118,60,4,455,37,0,37,492
07/18/2000,ONT,CA,AWP,WE,Combined TRACON& Tower with Radar,273,67,17,0,357,0,20,0,4,24,273,87,17,4,381,37,0,37,418
07/19/2000,ONT,CA,AWP,WE,Combined TRACON& Tower with Radar,284,77,17,4,382,0,14,65,0,79,284,91,82,4,461,38,0,38,499
07/20/2000,ONT,CA,AWP,WE,Combined TRACON& Tower with Radar,282,78,14,0,374,1,17,48,0,66,283,95,62,0,440,13,0,13,453
07/21/2000,ONT,CA,AWP,WE,Combined TRACON& Tower with Radar,289,58,13,0,360,0,12,53,5,70,289,70,66,5,430,0,0,0,430
07/22/2000,ONT,CA,AWP,WE,Combined TRACON& Tower with Radar,247,57,15,0,319,0,62,38,0,100,247,119,53,0,419,46,0,46,465
07/23/2000,ONT,CA,AWP,WE,Combined TRACON& Tower with Radar,231,25,12,0,268,0,18,25,0,43,231,43,37,0,311,59,0,59,370
07/24/2000,ONT,CA,AWP,WE,Combined TRACON& Tower with Radar,260,61,16,0,337,0,10,46,0,56,260,71,62,0,393,91,0,91,484
07/25/2000,ONT,CA,AWP,WE,Combined TRACON& Tower with Radar,289,69,17,0,375,0,38,29,0,67,289,107,46,0,442,83,0,83,525
07/26/2000,ONT,CA,AWP,WE,Combined TRACON& Tower with Radar,303,69,19,0,391,13,28,25,0,66,316,97,44,0,457,6,0,6,463
07/27/2000,ONT,CA,AWP,WE,Combined TRACON& Tower with Radar,290,68,19,0,377,0,28,26,0,54,290,96,45,0,431,47,0,47,478
07/28/2000,ONT,CA,AWP,WE,Combined TRACON& Tower with Radar,274,63,11,0,348,7,3,0,0,10,281,66,11,0,358,50,0,50,408
07/29/2000,ONT,CA,AWP,WE,Combined TRACON& Tower with Radar,207,44,13,0,264,9,0,25,0,34,216,44,38,0,298,30,0,30,328
07/30/2000,ONT,CA,AWP,WE,Combined TRACON& Tower with Radar,208,22,8,0,238,36,49,45,0,130,244,71,53,0,368,24,0,24,392
07/31/2000,ONT,CA,AWP,WE,Combined TRACON& Tower with Radar,244,55,17,0,316,0,0,0,0,0,244,55,17,0,316,24,0,24,340
08/01/2000,ONT,CA,AWP,WE,Combined TRACON& Tower with Radar,279,72,24,0,375,16,26,11,0,53,295,98,35,0,428,50,0,50,478
08/02/2000,ONT,CA,AWP,WE,Combined TRACON& Tower with Radar,288,73,15,0,376,2,19,40,0,61,290,92,55,0,437,38,0,38,475
08/03/2000,ONT,CA,AWP,WE,Combined TRACON& Tower with Radar,270,72,15,0,357,2,0,0,0,2,272,72,15,0,359,6,0,6,365
08/04/2000,ONT,CA,AWP,WE,Combined TRACON& Tower with Radar,255,74,21,0,350,2,25,39,0,66,257,99,60,0,416,57,0,57,473
08/05/2000,ONT,CA,AWP,WE,Combined TRACON& Tower with Radar,198,39,16,0,253,22,0,21,0,43,220,39,37,0,296,14,0,14,310
08/06/2000,ONT,CA,AWP,WE,Combined TRACON& Tower with Radar,222,21,22,0,265,1,1,0,0,2,223,22,22,0,267,66,0,66,333
08/07/2000,ONT,CA,AWP,WE,Combined TRACON& Tower with Radar,257,65,21,0,343,0,6,54,0,60,257,71,75,0,403,62,0,62,465
08/08/2000,ONT,CA,AWP,WE,Combined TRACON& Tower with Radar,308,81,26,0,415,0,37,41,0,78,308,118,67,0,493,25,0,25,518
08/09/2000,ONT,CA,AWP,WE,Combined TRACON& Tower with Radar,292,79,25,0,396,0,36,27,3,66,292,115,52,3,462,12,0,12,474
08/10/2000,ONT,CA,AWP,WE,Combined TRACON& Tower with Radar,292,76,20,0,388,1,24,60,0,85,293,100,80,0,473,34,0,34,507
08/11/2000,ONT,CA,AWP,WE,Combined TRACON& Tower with Radar,258,67,7,1,333,1,20,62,0,83,259,87,69,1,416,0,0,0,416
08/12/2000,ONT,CA,AWP,WE,Combined TRACON& Tower with Radar,205,53,17,0,275,33,4,43,0,80,238,57,60,0,355,11,0,11,366
08/13/2000,ONT,CA,AWP,WE,Combined TRACON& Tower with Radar,194,50,16,0,260,30,1,14,1,46,224,51,30,1,306,28,0,28,334
08/14/2000,ONT,CA,AWP,WE,Combined TRACON& Tower with Radar,274,74,23,0,371,0,52,51,0,103,274,126,74,0,474,89,0,89,563
08/15/2000,ONT,CA,AWP,WE,Combined TRACON& Tower with Radar,299,80,25,0,404,0,68,34,0,102,299,148,59,0,506,29,0,29,535
08/16/2000,ONT,CA,AWP,WE,Combined TRACON& Tower with Radar,300,107,10,0,417,1,33,56,0,90,301,140,66,0,507,24,0,24,531
08/17/2000,ONT,CA,AWP,WE,Combined TRACON& Tower with Radar,275,71,22,0,368,0,34,80,0,114,275,105,102,0,482,18,0,18,500
08/18/2000,ONT,CA,AWP,WE,Combined TRACON& Tower with Radar,283,86,26,0,395,1,17,37,0,55,284,103,63,0,450,33,0,33,483
08/19/2000,ONT,CA,AWP,WE,Combined TRACON& Tower with Radar,220,43,18,0,281,8,0,4,0,12,228,43,22,0,293,54,0,54,347
08/20/2000,ONT,CA,AWP,WE,Combined TRACON& Tower with Radar,231,26,21,1,279,1,29,41,0,71,232,55,62,1,350,61,0,61,411
08/21/2000,ONT,CA,AWP,WE,Combined TRACON& Tower with Radar,270,72,22,0,364,0,5,81,0,86,270,77,103,0,450,69,0,69,519
08/22/2000,ONT,CA,AWP,WE,Combined TRACON& Tower with Radar,293,84,26,0,403,0,26,48,0,74,293,110,74,0,477,26,0,26,503
08/23/2000,ONT,CA,AWP,WE,Combined TRACON& Tower with Radar,275,84,27,0,386,1,7,54,0,62,276,91,81,0,448,5,0,5,453
08/24/2000,ONT,CA,AWP,WE,Combined TRACON& Tower with Radar,283,73,35,0,391,1,33,62,0,96,284,106,97,0,487,15,0,15,502
08/25/2000,ONT,CA,AWP,WE,Combined TRACON& Tower with Radar,262,75,24,0,361,1,25,45,0,71,263,100,69,0,432,2,0,2,434
08/26/2000,ONT,CA,AWP,WE,Combined TRACON& Tower with Radar,222,57,18,0,297,1,8,43,0,52,223,65,61,0,349,116,0,116,465
08/27/2000,ONT,CA,AWP,WE,Combined TRACON& Tower with Radar,212,27,25,0,264,1,1,29,0,31,213,28,54,0,295,101,0,101,396
08/28/2000,ONT,CA,AWP,WE,Combined TRACON& Tower with Radar,260,65,21,0,346,5,0,46,0,51,265,65,67,0,397,78,0,78,475
08/29/2000,ONT,CA,AWP,WE,Combined TRACON& Tower with Radar,285,83,26,0,394,0,1,25,0,26,285,84,51,0,420,24,0,24,444
08/30/2000,ONT,CA,AWP,WE,Combined TRACON& Tower with Radar,311,86,23,3,423,1,7,49,0,57,312,93,72,3,480,9,0,9,489
08/31/2000,ONT,CA,AWP,WE,Combined TRACON& Tower with Radar,279,74,23,0,376,0,15,41,0,56,279,89,64,0,432,20,0,20,452
09/01/2000,ONT,CA,AWP,WE,Combined TRACON& Tower with Radar,273,66,20,0,359,0,18,52,0,70,273,84,72,0,429,35,0,35,464
09/02/2000,ONT,CA,AWP,WE,Combined TRACON& Tower with Radar,226,35,11,0,272,0,9,40,0,49,226,44,51,0,321,0,0,0,321
09/03/2000,ONT,CA,AWP,WE,Combined TRACON& Tower with Radar,167,19,11,0,197,8,0,47,0,55,175,19,58,0,252,63,0,63,315
09/04/2000,ONT,CA,AWP,WE,Combined TRACON& Tower with Radar,215,26,16,0,257,18,0,26,0,44,233,26,42,0,301,52,0,52,353
09/05/2000,ONT,CA,AWP,WE,Combined TRACON& Tower with Radar,252,56,19,0,327,6,22,26,0,54,258,78,45,0,381,72,0,72,453
09/06/2000,ONT,CA,AWP,WE,Combined TRACON& Tower with Radar,293,97,55,0,445,0,2,2,0,4,293,99,57,0,449,9,0,9,458
09/07/2000,ONT,CA,AWP,WE,Combined TRACON& Tower with Radar,287,73,18,0,378,0,43,42,0,85,287,116,60,0,463,0,0,0,463
09/08/2000,ONT,CA,AWP,WE,Combined TRACON& Tower with Radar,281,111,22,0,414,0,2,2,0,4,281,113,24,0,418,36,0,36,454
09/09/2000,ONT,CA,AWP,WE,Combined TRACON& Tower with Radar,192,43,14,0,249,27,24,26,0,77,219,67,40,0,326,40,0,40,366
09/10/2000,ONT,CA,AWP,WE,Combined TRACON& Tower with Radar,235,20,13,0,268,0,13,37,0,50,235,33,50,0,318,75,0,75,393
09/11/2000,ONT,CA,AWP,WE,Combined TRACON& Tower with Radar,270,61,21,0,352,8,9,62,0,79,278,70,83,0,431,101,0,101,532
09/12/2000,ONT,CA,AWP,WE,Combined TRACON& Tower with Radar,296,67,23,0,386,4,41,26,0,71,300,108,49,0,457,47,0,47,504
09/13/2000,ONT,CA,AWP,WE,Combined TRACON& Tower with Radar,287,97,11,0,395,0,19,34,2,55,287,116,45,2,450,15,0,15,465
09/14/2000,ONT,CA,AWP,WE,Combined TRACON& Tower with Radar,277,62,23,0,362,15,32,41,0,88,292,94,64,0,450,2,0,2,452
09/15/2000,ONT,CA,AWP,WE,Combined TRACON& Tower with Radar,272,76,11,0,359,0,28,53,0,81,272,104,64,0,440,35,0,35,475
09/16/2000,ONT,CA,AWP,WE,Combined TRACON& Tower with Radar,221,42,18,0,281,3,0,43,0,46,224,42,61,0,327,66,0,66,393
09/17/2000,ONT,CA,AWP,WE,Combined TRACON& Tower with Radar,241,17,37,0,295,0,2,30,0,32,241,19,67,0,327,26,0,26,353
09/18/2000,ONT,CA,AWP,WE,Combined TRACON& Tower with Radar,274,63,23,0,360,0,10,49,0,59,274,73,72,0,419,53,0,53,472
09/19/2000,ONT,CA,AWP,WE,Combined TRACON& Tower with Radar,317,72,27,0,416,0,7,5,0,12,317,79,32,0,428,45,0,45,473
09/20/2000,ONT,CA,AWP,WE,Combined TRACON& Tower with Radar,297,75,28,0,400,0,35,38,2,75,297,110,66,2,475,22,0,22,497
09/21/2000,ONT,CA,AWP,WE,Combined TRACON& Tower with Radar,295,73,27,0,395,0,11,31,0,42,295,84,58,0,437,12,0,12,449
09/22/2000,ONT,CA,AWP,WE,Combined TRACON& Tower with Radar,252,65,24,0,341,0,29,23,0,52,252,94,47,0,393,14,0,14,407
09/23/2000,ONT,CA,AWP,WE,Combined TRACON& Tower with Radar,226,44,19,0,289,2,0,21,0,23,228,44,40,0,312,16,0,16,328
09/24/2000,ONT,CA,AWP,WE,Combined TRACON& Tower with Radar,248,23,19,0,290,1,2,38,0,41,249,25,57,0,331,86,0,86,417
09/25/2000,ONT,CA,AWP,WE,Combined TRACON& Tower with Radar,271,61,23,0,355,5,14,71,0,90,276,75,94,0,445,29,0,29,474
09/26/2000,ONT,CA,AWP,WE,Combined TRACON& Tower with Radar,301,72,27,0,400,0,33,52,0,85,301,105,79,0,485,33,0,33,518
09/27/2000,ONT,CA,AWP,WE,Combined TRACON& Tower with Radar,295,82,30,0,407,1,1,49,2,53,296,83,79,2,460,0,0,0,460
09/28/2000,ONT,CA,AWP,WE,Combined TRACON& Tower with Radar,291,78,47,0,416,1,6,20,0,27,292,84,67,0,443,0,0,0,443
09/29/2000,ONT,CA,AWP,WE,Combined TRACON& Tower with Radar,244,56,19,0,319,22,22,40,0,84,266,78,59,0,403,28,0,28,431
09/30/2000,ONT,CA,AWP,WE,Combined TRACON& Tower with Radar,199,42,15,0,256,15,0,29,0,44,214,42,44,0,300,43,0,43,343
10/01/2000,ONT,CA,AWP,WE,Combined TRACON& Tower with Radar,241,23,17,2,283,1,0,26,0,27,242,23,43,2,310,50,0,50,360
10/02/2000,ONT,CA,AWP,WE,Combined TRACON& Tower with Radar,270,77,31,0,378,0,11,42,0,53,270,88,73,0,431,67,0,67,498
10/03/2000,ONT,CA,AWP,WE,Combined TRACON& Tower with Radar,291,85,35,0,411,0,16,15,0,31,291,101,50,0,442,52,0,52,494
10/04/2000,ONT,CA,AWP,WE,Combined TRACON& Tower with Radar,288,96,27,1,412,1,0,18,0,19,289,96,45,1,431,13,0,13,444
10/05/2000,ONT,CA,AWP,WE,Combined TRACON& Tower with Radar,271,85,28,0,384,1,0,57,0,58,272,85,85,0,442,2,0,2,444
10/06/2000,ONT,CA,AWP,WE,Combined TRACON& Tower with Radar,259,83,53,0,395,1,0,16,0,17,260,83,69,0,412,33,0,33,445
10/07/2000,ONT,CA,AWP,WE,Combined TRACON& Tower with Radar,219,59,16,2,296,1,0,22,0,23,220,59,38,2,319,14,0,14,333
10/08/2000,ONT,CA,AWP,WE,Combined TRACON& Tower with Radar,230,53,26,0,309,0,0,34,0,34,230,53,60,0,343,44,0,44,387
10/09/2000,ONT,CA,AWP,WE,Combined TRACON& Tower with Radar,264,90,37,0,391,0,28,27,0,55,264,118,64,0,446,23,0,23,469
10/10/2000,ONT,CA,AWP,WE,Combined TRACON& Tower with Radar,305,95,38,0,438,0,9,21,0,30,305,104,59,0,468,25,0,25,493
10/11/2000,ONT,CA,AWP,WE,Combined TRACON& Tower with Radar,292,103,14,0,409,0,0,38,0,38,292,103,52,0,447,6,0,6,453
10/12/2000,ONT,CA,AWP,WE,Combined TRACON& Tower with Radar,283,78,30,0,391,4,19,22,0,45,287,97,52,0,436,30,0,30,466
10/13/2000,ONT,CA,AWP,WE,Combined TRACON& Tower with Radar,268,77,27,0,372,0,14,57,0,71,268,91,84,0,443,4,0,4,447
10/14/2000,ONT,CA,AWP,WE,Combined TRACON& Tower with Radar,187,45,19,0,251,29,0,25,0,54,216,45,44,0,305,14,0,14,319
10/15/2000,ONT,CA,AWP,WE,Combined TRACON& Tower with Radar,220,24,11,0,255,0,0,45,0,45,220,24,56,0,300,44,0,44,344
10/16/2000,ONT,CA,AWP,WE,Combined TRACON& Tower with Radar,246,68,26,0,340,18,3,59,0,80,264,71,85,0,420,90,0,90,510
10/17/2000,ONT,CA,AWP,WE,Combined TRACON& Tower with Radar,305,84,33,0,422,6,21,38,0,65,311,105,71,0,487,23,0,23,510
10/18/2000,ONT,CA,AWP,WE,Combined TRACON& Tower with Radar,265,77,29,0,371,0,16,34,0,50,265,93,63,0,421,17,0,17,438
10/19/2000,ONT,CA,AWP,WE,Combined TRACON& Tower with Radar,270,78,30,0,378,0,13,35,2,50,270,91,65,2,428,5,0,5,433
10/20/2000,ONT,CA,AWP,WE,Combined TRACON& Tower with Radar,276,105,17,0,398,0,0,11,0,11,276,105,28,0,409,0,0,0,409
10/21/2000,ONT,CA,AWP,WE,Combined TRACON& Tower with Radar,233,68,17,0,318,0,0,9,0,9,233,68,26,0,327,54,0,54,381
10/22/2000,ONT,CA,AWP,WE,Combined TRACON& Tower with Radar,241,28,21,0,290,0,0,29,0,29,241,28,50,0,319,33,0,33,352
10/23/2000,ONT,CA,AWP,WE,Combined TRACON& Tower with Radar,252,65,27,0,344,23,0,41,0,64,275,65,68,0,408,39,0,39,447
10/24/2000,ONT,CA,AWP,WE,Combined TRACON& Tower with Radar,303,82,34,0,419,10,17,29,0,56,313,99,63,0,475,77,0,77,552
10/25/2000,ONT,CA,AWP,WE,Combined TRACON& Tower with Radar,291,77,21,0,389,0,12,51,0,63,291,89,72,0,452,5,0,5,457
10/26/2000,ONT,CA,AWP,WE,Combined TRACON& Tower with Radar,275,92,28,0,395,0,1,32,0,33,275,93,60,0,428,2,0,2,430
10/27/2000,ONT,CA,AWP,WE,Combined TRACON& Tower with Radar,261,80,46,0,387,0,3,33,0,36,261,83,79,0,423,11,0,11,434
10/28/2000,ONT,CA,AWP,WE,Combined TRACON& Tower with Radar,238,47,27,0,312,0,0,64,0,64,238,47,91,0,376,55,0,55,431
10/29/2000,ONT,CA,AWP,WE,Combined TRACON& Tower with Radar,243,25,97,0,365,0,0,37,0,37,243,25,134,0,402,60,0,60,462
10/30/2000,ONT,CA,AWP,WE,Combined TRACON& Tower with Radar,261,71,29,0,361,1,2,56,0,59,262,73,85,0,420,13,0,13,433
10/31/2000,ONT,CA,AWP,WE,Combined TRACON& Tower with Radar,267,73,30,0,370,15,23,49,0,87,282,96,79,0,457,23,0,23,480
11/01/2000,ONT,CA,AWP,WE,Combined TRACON& Tower with Radar,289,72,23,0,384,0,35,56,0,91,289,107,79,0,475,20,0,20,495
11/02/2000,ONT,CA,AWP,WE,Combined TRACON& Tower with Radar,277,68,21,0,366,9,18,53,0,80,286,86,74,0,446,2,0,2,448
11/03/2000,ONT,CA,AWP,WE,Combined TRACON& Tower with Radar,269,82,13,0,364,2,12,33,0,47,271,94,46,0,411,3,0,3,414
11/04/2000,ONT,CA,AWP,WE,Combined TRACON& Tower with Radar,215,47,16,0,278,9,0,22,0,31,224,47,38,0,309,53,0,53,362
11/05/2000,ONT,CA,AWP,WE,Combined TRACON& Tower with Radar,245,34,24,0,303,2,0,32,0,34,247,34,56,0,337,68,0,68,405
11/06/2000,ONT,CA,AWP,WE,Combined TRACON& Tower with Radar,289,74,23,0,386,0,13,22,0,35,289,87,45,0,421,57,0,57,478
11/07/2000,ONT,CA,AWP,WE,Combined TRACON& Tower with Radar,279,68,21,0,368,9,21,6,0,36,288,89,27,0,404,18,0,18,422
11/08/2000,ONT,CA,AWP,WE,Combined TRACON& Tower with Radar,279,66,26,0,371,2,22,57,0,81,281,88,83,0,452,20,0,20,472
11/09/2000,ONT,CA,AWP,WE,Combined TRACON& Tower with Radar,282,70,22,0,374,0,22,30,0,52,282,92,52,0,426,50,0,50,476
11/10/2000,ONT,CA,AWP,WE,Combined TRACON& Tower with Radar,295,81,10,0,386,2,9,26,0,37,297,90,36,0,423,11,0,11,434
11/11/2000,ONT,CA,AWP,WE,Combined TRACON& Tower with Radar,203,47,14,0,264,17,0,20,0,37,220,47,34,0,301,53,0,53,354
11/12/2000,ONT,CA,AWP,WE,Combined TRACON& Tower with Radar,229,22,18,0,269,1,0,25,0,26,230,22,43,0,295,68,0,68,363
11/13/2000,ONT,CA,AWP,WE,Combined TRACON& Tower with Radar,263,60,19,0,342,3,0,38,0,41,266,60,57,0,383,47,0,47,430
11/14/2000,ONT,CA,AWP,WE,Combined TRACON& Tower with Radar,289,71,21,0,381,0,19,51,0,70,289,90,72,0,451,6,0,6,457
11/15/2000,ONT,CA,AWP,WE,Combined TRACON& Tower with Radar,290,73,22,0,385,0,12,66,0,78,290,85,88,0,463,9,0,9,472
11/16/2000,ONT,CA,AWP,WE,Combined TRACON& Tower with Radar,289,72,21,0,382,0,25,35,0,60,289,97,56,0,442,75,0,75,517
11/17/2000,ONT,CA,AWP,WE,Combined TRACON& Tower with Radar,267,78,16,0,361,1,17,50,0,68,268,95,66,0,429,8,0,8,437
11/18/2000,ONT,CA,AWP,WE,Combined TRACON& Tower with Radar,190,47,14,0,251,19,1,31,0,51,209,48,45,0,302,6,0,6,308
11/19/2000,ONT,CA,AWP,WE,Combined TRACON& Tower with Radar,234,23,37,0,294,1,0,34,0,35,235,23,71,0,329,38,0,38,367
11/20/2000,ONT,CA,AWP,WE,Combined TRACON& Tower with Radar,273,67,20,0,360,0,2,62,0,64,273,69,82,0,424,78,0,78,502
11/21/2000,ONT,CA,AWP,WE,Combined TRACON& Tower with Radar,313,81,25,0,419,0,36,94,0,130,313,117,119,0,549,37,0,37,586
11/22/2000,ONT,CA,AWP,WE,Combined TRACON& Tower with Radar,300,97,30,0,427,1,5,42,0,48,301,102,72,0,475,26,0,26,501
11/23/2000,ONT,CA,AWP,WE,Combined TRACON& Tower with Radar,150,22,10,0,182,18,0,21,0,39,168,22,31,0,221,4,0,4,225
11/24/2000,ONT,CA,AWP,WE,Combined TRACON& Tower with Radar,214,54,16,0,284,0,32,14,0,46,214,86,30,0,330,24,0,24,354
11/25/2000,ONT,CA,AWP,WE,Combined TRACON& Tower with Radar,212,45,16,0,273,23,0,24,0,47,235,45,40,0,320,32,0,32,352
11/26/2000,ONT,CA,AWP,WE,Combined TRACON& Tower with Radar,236,21,19,0,276,1,0,24,0,25,237,21,43,0,301,7,0,7,308
11/27/2000,ONT,CA,AWP,WE,Combined TRACON& Tower with Radar,287,65,22,0,374,8,0,40,0,48,295,65,62,0,422,26,0,26,448
11/28/2000,ONT,CA,AWP,WE,Combined TRACON& Tower with Radar,325,81,26,0,432,0,26,59,0,85,325,107,85,0,517,33,0,33,550
11/29/2000,ONT,CA,AWP,WE,Combined TRACON& Tower with Radar,297,74,24,0,395,0,27,27,0,54,297,101,51,0,449,12,0,12,461
11/30/2000,ONT,CA,AWP,WE,Combined TRACON& Tower with Radar,333,81,25,0,439,0,12,44,0,56,333,93,69,0,495,52,0,52,547
12/01/2000,ONT,CA,AWP,WE,Combined TRACON& Tower with Radar,319,79,10,0,408,2,18,27,0,47,321,97,37,0,455,10,0,10,465
12/02/2000,ONT,CA,AWP,WE,Combined TRACON& Tower with Radar,227,71,15,0,313,1,9,39,0,49,228,80,54,0,362,36,0,36,398
12/03/2000,ONT,CA,AWP,WE,Combined TRACON& Tower with Radar,230,29,10,0,269,1,7,31,0,39,231,36,41,0,308,35,0,35,343
12/04/2000,ONT,CA,AWP,WE,Combined TRACON& Tower with Radar,249,58,14,0,321,0,50,28,0,78,249,108,42,0,399,53,0,53,452
12/05/2000,ONT,CA,AWP,WE,Combined TRACON& Tower with Radar,305,74,18,0,397,0,45,84,0,129,305,119,102,0,526,41,0,41,567
12/06/2000,ONT,CA,AWP,WE,Combined TRACON& Tower with Radar,286,74,26,0,386,1,18,57,0,76,287,92,83,0,462,18,0,18,480
12/07/2000,ONT,CA,AWP,WE,Combined TRACON& Tower with Radar,283,105,92,0,480,0,1,4,0,5,283,106,96,0,485,0,0,0,485
12/08/2000,ONT,CA,AWP,WE,Combined TRACON& Tower with Radar,280,87,24,0,391,1,4,21,1,27,281,91,45,1,418,0,0,0,418
12/09/2000,ONT,CA,AWP,WE,Combined TRACON& Tower with Radar,238,44,13,0,295,0,0,38,0,38,238,44,51,0,333,23,0,23,356
12/10/2000,ONT,CA,AWP,WE,Combined TRACON& Tower with Radar,231,20,16,0,267,0,1,25,0,26,231,21,41,0,293,29,0,29,322
12/11/2000,ONT,CA,AWP,WE,Combined TRACON& Tower with Radar,272,68,16,0,356,0,2,51,0,53,272,70,67,0,409,63,0,63,472
12/12/2000,ONT,CA,AWP,WE,Combined TRACON& Tower with Radar,359,89,23,0,471,0,41,27,0,68,359,130,50,0,539,10,0,10,549
12/13/2000,ONT,CA,AWP,WE,Combined TRACON& Tower with Radar,311,85,22,0,418,0,13,60,0,73,311,98,82,0,491,13,0,13,504
12/14/2000,ONT,CA,AWP,WE,Combined TRACON& Tower with Radar,320,124,52,0,496,0,1,3,0,4,320,125,55,0,500,0,0,0,500
12/15/2000,ONT,CA,AWP,WE,Combined TRACON& Tower with Radar,321,74,19,0,414,0,30,48,0,78,321,104,67,0,492,0,0,0,492
12/16/2000,ONT,CA,AWP,WE,Combined TRACON& Tower with Radar,262,52,15,0,329,11,0,33,0,44,273,52,48,0,373,150,0,150,523
12/17/2000,ONT,CA,AWP,WE,Combined TRACON& Tower with Radar,282,23,26,0,331,1,1,27,0,29,283,24,53,0,360,60,0,60,420
12/18/2000,ONT,CA,AWP,WE,Combined TRACON& Tower with Radar,328,75,20,0,423,3,11,63,0,77,331,86,83,0,500,77,0,77,577
12/19/2000,ONT,CA,AWP,WE,Combined TRACON& Tower with Radar,369,86,24,0,479,0,50,78,0,128,369,136,102,0,607,46,0,46,653
12/20/2000,ONT,CA,AWP,WE,Combined TRACON& Tower with Radar,364,94,14,0,472,1,55,53,0,109,365,149,67,0,581,11,0,11,592
12/21/2000,ONT,CA,AWP,WE,Combined TRACON& Tower with Radar,395,91,25,0,511,0,65,67,0,132,395,156,92,0,643,7,0,7,650
12/22/2000,ONT,CA,AWP,WE,Combined TRACON& Tower with Radar,404,93,25,0,522,9,60,47,0,116,413,153,72,0,638,50,0,50,688
12/23/2000,ONT,CA,AWP,WE,Combined TRACON& Tower with Radar,320,73,20,0,413,8,11,46,0,65,328,84,66,0,478,48,0,48,526
12/24/2000,ONT,CA,AWP,WE,Combined TRACON& Tower with Radar,242,23,6,0,271,1,1,23,0,25,243,24,29,0,296,65,0,65,361
12/25/2000,ONT,CA,AWP,WE,Combined TRACON& Tower with Radar,199,13,0,0,212,2,1,7,0,10,201,14,7,0,222,0,0,0,222
12/26/2000,ONT,CA,AWP,WE,Combined TRACON& Tower with Radar,256,59,15,0,330,9,22,36,0,67,265,81,51,0,397,27,0,27,424
12/27/2000,ONT,CA,AWP,WE,Combined TRACON& Tower with Radar,280,59,12,0,351,1,22,61,0,84,281,81,73,0,435,48,0,48,483
12/28/2000,ONT,CA,AWP,WE,Combined TRACON& Tower with Radar,280,68,9,0,357,0,19,36,0,55,280,87,45,0,412,9,0,9,421
12/29/2000,ONT,CA,AWP,WE,Combined TRACON& Tower with Radar,282,77,17,0,376,0,25,50,0,75,282,102,67,0,451,42,0,42,493
12/30/2000,ONT,CA,AWP,WE,Combined TRACON& Tower with Radar,252,35,15,0,302,30,0,43,0,73,282,35,58,0,375,36,0,36,411
12/31/2000,ONT,CA,AWP,WE,Combined TRACON& Tower with Radar,189,23,11,0,223,23,0,16,0,39,212,23,27,0,262,30,0,30,292
01/01/2001,ONT,CA,AWP,WE,Combined TRACON& Tower with Radar,179,25,14,0,218,35,0,21,0,56,214,25,35,0,274,51,0,51,325
01/02/2001,ONT,CA,AWP,WE,Combined TRACON& Tower with Radar,274,76,22,0,372,25,12,9,1,47,299,88,31,1,419,51,0,51,470
01/03/2001,ONT,CA,AWP,WE,Combined TRACON& Tower with Radar,286,75,16,0,377,5,15,42,0,62,291,90,58,0,439,16,0,16,455
01/04/2001,ONT,CA,AWP,WE,Combined TRACON& Tower with Radar,271,75,17,0,363,5,11,43,0,59,276,86,60,0,422,0,0,0,422
01/05/2001,ONT,CA,AWP,WE,Combined TRACON& Tower with Radar,273,84,15,0,372,5,6,53,0,64,278,90,68,0,436,11,0,11,447
01/06/2001,ONT,CA,AWP,WE,Combined TRACON& Tower with Radar,212,50,17,0,279,31,0,25,0,56,243,50,42,0,335,63,0,63,398
01/07/2001,ONT,CA,AWP,WE,Combined TRACON& Tower with Radar,231,22,24,0,277,5,0,21,0,26,236,22,45,0,303,68,0,68,371
01/08/2001,ONT,CA,AWP,WE,Combined TRACON& Tower with Radar,266,71,19,0,356,2,0,0,0,2,268,71,19,0,358,76,0,76,434
01/09/2001,ONT,CA,AWP,WE,Combined TRACON& Tower with Radar,289,81,22,0,392,0,17,26,0,43,289,98,48,0,435,35,0,35,470
01/10/2001,ONT,CA,AWP,WE,Combined TRACON& Tower with Radar,274,81,26,0,381,4,0,26,0,30,278,81,52,0,411,23,0,23,434
01/11/2001,ONT,CA,AWP,WE,Combined TRACON& Tower with Radar,274,76,20,0,370,1,10,34,0,45,275,86,54,0,415,0,0,0,415
01/12/2001,ONT,CA,AWP,WE,Combined TRACON& Tower with Radar,271,76,21,0,368,0,5,24,0,29,271,81,45,0,397,55,0,55,452
01/13/2001,ONT,CA,AWP,WE,Combined TRACON& Tower with Radar,222,44,17,0,283,12,0,45,0,57,234,44,62,0,340,20,0,20,360
01/14/2001,ONT,CA,AWP,WE,Combined TRACON& Tower with Radar,238,25,15,0,278,3,0,16,0,19,241,25,31,0,297,77,0,77,374
01/15/2001,ONT,CA,AWP,WE,Combined TRACON& Tower with Radar,262,72,20,0,354,4,0,20,0,24,266,72,40,0,378,41,0,41,419
01/16/2001,ONT,CA,AWP,WE,Combined TRACON& Tower with Radar,273,79,22,0,374,0,10,43,0,53,273,89,65,0,427,68,0,68,495
01/17/2001,ONT,CA,AWP,WE,Combined TRACON& Tower with Radar,314,76,17,0,407,3,23,31,1,58,317,99,48,1,465,8,0,8,473
01/18/2001,ONT,CA,AWP,WE,Combined TRACON& Tower with Radar,286,69,27,0,382,3,15,57,0,75,289,84,84,0,457,10,0,10,467
01/19/2001,ONT,CA,AWP,WE,Combined TRACON& Tower with Radar,263,73,32,0,368,3,7,16,0,26,266,80,48,0,394,10,0,10,404
01/20/2001,ONT,CA,AWP,WE,Combined TRACON& Tower with Radar,219,61,17,0,297,3,1,36,0,40,222,62,53,0,337,49,0,49,386
01/21/2001,ONT,CA,AWP,WE,Combined TRACON& Tower with Radar,214,31,21,5,271,3,38,30,0,71,217,69,51,5,342,52,0,52,394
01/22/2001,ONT,CA,AWP,WE,Combined TRACON& Tower with Radar,267,72,21,0,360,16,12,49,0,77,283,84,70,0,437,31,0,31,468
01/23/2001,ONT,CA,AWP,WE,Combined TRACON& Tower with Radar,289,90,26,0,405,0,29,60,0,89,289,119,86,0,494,57,0,57,551
01/24/2001,ONT,CA,AWP,WE,Combined TRACON& Tower with Radar,260,77,22,0,359,0,8,44,0,52,260,85,66,0,411,5,0,5,416
01/25/2001,ONT,CA,AWP,WE,Combined TRACON& Tower with Radar,291,79,24,0,394,0,8,49,0,57,291,87,73,0,451,43,0,43,494
01/26/2001,ONT,CA,AWP,WE,Combined TRACON& Tower with Radar,252,69,20,0,341,6,10,16,0,32,258,79,36,0,373,2,0,2,375
01/27/2001,ONT,CA,AWP,WE,Combined TRACON& Tower with Radar,205,44,16,0,265,0,0,46,0,46,205,44,62,0,311,82,0,82,393
01/28/2001,ONT,CA,AWP,WE,Combined TRACON& Tower with Radar,208,25,16,0,249,31,0,28,0,59,239,25,44,0,308,57,0,57,365
01/29/2001,ONT,CA,AWP,WE,Combined TRACON& Tower with Radar,276,84,24,0,384,0,17,38,0,55,276,101,62,0,439,186,0,186,625
01/30/2001,ONT,CA,AWP,WE,Combined TRACON& Tower with Radar,295,94,28,0,417,0,72,5,0,77,295,166,33,0,494,68,0,68,562
01/31/2001,ONT,CA,AWP,WE,Combined TRACON& Tower with Radar,302,91,26,0,419,0,65,11,0,76,302,156,37,0,495,36,0,36,531
02/01/2001,ONT,CA,AWP,WE,Combined TRACON& Tower with Radar,272,72,22,0,366,10,17,61,0,88,282,89,83,0,454,8,0,8,462
02/02/2001,ONT,CA,AWP,WE,Combined TRACON& Tower with Radar,268,71,22,0,361,8,15,57,0,80,276,86,79,0,441,0,14,14,455
02/03/2001,ONT,CA,AWP,WE,Combined TRACON& Tower with Radar,0,10,19,0,29,0,0,176,0,176,0,10,195,0,205,95,0,95,300
02/04/2001,ONT,CA,AWP,WE,Combined TRACON& Tower with Radar,193,36,16,0,245,18,0,20,0,38,211,36,36,0,283,44,0,44,327
02/05/2001,ONT,CA,AWP,WE,Combined TRACON& Tower with Radar,253,70,21,0,344,0,32,58,0,90,253,102,79,0,434,72,0,72,506
02/06/2001,ONT,CA,AWP,WE,Combined TRACON& Tower with Radar,282,82,26,0,390,0,48,36,0,84,282,130,62,0,474,61,0,61,535
02/07/2001,ONT,CA,AWP,WE,Combined TRACON& Tower with Radar,282,77,24,0,383,0,54,29,0,83,282,131,53,0,466,12,0,12,478
02/08/2001,ONT,CA,AWP,WE,Combined TRACON& Tower with Radar,355,84,29,0,468,32,0,71,0,103,387,84,100,0,571,34,0,34,605
02/09/2001,ONT,CA,AWP,WE,Combined TRACON& Tower with Radar,274,73,23,0,370,0,14,55,0,69,274,87,78,0,439,10,0,10,449
02/10/2001,ONT,CA,AWP,WE,Combined TRACON& Tower with Radar,0,0,17,0,17,0,0,41,0,41,0,0,58,0,58,0,0,0,58
02/11/2001,ONT,CA,AWP,WE,Combined TRACON& Tower with Radar,205,31,17,0,253,24,0,27,0,51,229,31,44,0,304,70,0,70,374
02/12/2001,ONT,CA,AWP,WE,Combined TRACON& Tower with Radar,245,87,27,0,359,0,4,1,0,5,245,91,28,0,364,4,0,4,368
02/13/2001,ONT,CA,AWP,WE,Combined TRACON& Tower with Radar,291,81,24,0,396,0,15,16,0,31,291,96,40,0,427,27,0,27,454
02/14/2001,ONT,CA,AWP,WE,Combined TRACON& Tower with Radar,298,82,22,0,402,0,2,74,0,76,298,84,96,0,478,21,0,21,499
02/15/2001,ONT,CA,AWP,WE,Combined TRACON& Tower with Radar,265,70,21,0,356,1,18,65,0,84,266,88,86,0,440,59,0,59,499
02/16/2001,ONT,CA,AWP,WE,Combined TRACON& Tower with Radar,274,75,22,0,371,0,11,74,0,85,274,86,96,0,456,52,0,52,508
02/17/2001,ONT,CA,AWP,WE,Combined TRACON& Tower with Radar,215,57,16,0,288,2,5,31,0,38,217,62,47,0,326,46,0,46,372
02/18/2001,ONT,CA,AWP,WE,Combined TRACON& Tower with Radar,239,29,24,0,292,0,12,26,0,38,239,41,50,0,330,63,0,63,393
02/19/2001,ONT,CA,AWP,WE,Combined TRACON& Tower with Radar,296,70,23,0,389,0,0,21,0,21,296,70,44,0,410,73,0,73,483
02/20/2001,ONT,CA,AWP,WE,Combined TRACON& Tower with Radar,282,79,23,0,384,0,26,21,0,47,282,105,44,0,431,26,0,26,457
02/21/2001,ONT,CA,AWP,WE,Combined TRACON& Tower with Radar,275,75,22,0,372,0,16,67,0,83,275,91,89,0,455,36,0,36,491
02/22/2001,ONT,CA,AWP,WE,Combined TRACON& Tower with Radar,265,70,35,0,370,0,15,48,0,63,265,85,83,0,433,40,0,40,473
02/23/2001,ONT,CA,AWP,WE,Combined TRACON& Tower with Radar,264,75,18,0,357,0,0,20,0,20,264,75,38,0,377,0,0,0,377
02/24/2001,ONT,CA,AWP,WE,Combined TRACON& Tower with Radar,194,36,15,0,245,8,0,8,0,16,202,36,23,0,261,22,0,22,283
02/25/2001,ONT,CA,AWP,WE,Combined TRACON& Tower with Radar,193,27,15,0,235,18,0,5,0,23,211,27,20,0,258,10,0,10,268
02/26/2001,ONT,CA,AWP,WE,Combined TRACON& Tower with Radar,262,72,21,0,355,0,3,16,0,19,262,75,37,0,374,65,0,65,439
02/27/2001,ONT,CA,AWP,WE,Combined TRACON& Tower with Radar,310,83,24,0,417,0,14,5,0,19,310,97,29,0,436,51,0,51,487
02/28/2001,ONT,CA,AWP,WE,Combined TRACON& Tower with Radar,276,80,24,0,380,0,23,42,0,65,276,103,66,0,445,4,0,4,449
03/01/2001,ONT,CA,AWP,WE,Combined TRACON& Tower with Radar,261,73,24,0,358,0,20,57,0,77,261,93,81,0,435,11,0,11,446
03/02/2001,ONT,CA,AWP,WE,Combined TRACON& Tower with Radar,264,86,18,0,368,0,4,43,0,47,264,90,61,0,415,17,0,17,432
03/03/2001,ONT,CA,AWP,WE,Combined TRACON& Tower with Radar,222,57,19,0,298,10,8,15,0,33,232,65,34,0,331,65,0,65,396
03/04/2001,ONT,CA,AWP,WE,Combined TRACON& Tower with Radar,199,18,9,0,226,0,13,18,0,31,199,31,27,0,257,13,0,13,270
03/05/2001,ONT,CA,AWP,WE,Combined TRACON& Tower with Radar,255,66,22,0,343,5,14,6,0,25,260,80,28,0,368,38,0,38,406
03/06/2001,ONT,CA,AWP,WE,Combined TRACON& Tower with Radar,290,78,26,0,394,0,25,32,0,57,290,103,58,0,451,4,0,4,455
03/07/2001,ONT,CA,AWP,WE,Combined TRACON& Tower with Radar,287,108,29,0,424,0,4,29,0,33,287,112,58,0,457,18,0,18,475
03/08/2001,ONT,CA,AWP,WE,Combined TRACON& Tower with Radar,267,90,31,4,392,0,6,53,0,59,267,96,84,4,451,0,0,0,451
03/09/2001,ONT,CA,AWP,WE,Combined TRACON& Tower with Radar,264,76,19,0,359,0,2,47,0,49,264,78,66,0,408,8,0,8,416
03/10/2001,ONT,CA,AWP,WE,Combined TRACON& Tower with Radar,206,54,19,0,279,17,4,24,0,45,223,58,43,0,324,36,0,36,360
03/11/2001,ONT,CA,AWP,WE,Combined TRACON& Tower with Radar,223,54,32,0,309,0,5,25,0,30,223,59,57,0,339,56,0,56,395
03/12/2001,ONT,CA,AWP,WE,Combined TRACON& Tower with Radar,265,69,24,0,358,7,4,26,0,37,272,73,50,0,395,42,0,42,437
03/13/2001,ONT,CA,AWP,WE,Combined TRACON& Tower with Radar,298,78,27,0,403,2,13,35,0,50,300,91,62,0,453,61,0,61,514
03/14/2001,ONT,CA,AWP,WE,Combined TRACON& Tower with Radar,302,80,28,0,410,0,23,75,2,100,302,103,103,2,510,21,0,21,531
03/15/2001,ONT,CA,AWP,WE,Combined TRACON& Tower with Radar,276,97,22,0,395,0,2,38,0,40,276,99,60,0,435,4,0,4,439
03/16/2001,ONT,CA,AWP,WE,Combined TRACON& Tower with Radar,290,78,27,0,395,0,10,74,0,84,290,88,101,0,479,6,0,6,485
03/17/2001,ONT,CA,AWP,WE,Combined TRACON& Tower with Radar,214,44,19,1,278,21,0,16,0,37,235,44,35,1,315,78,0,78,393
03/18/2001,ONT,CA,AWP,WE,Combined TRACON& Tower with Radar,215,24,23,0,262,0,1,22,0,23,215,25,45,0,285,41,0,41,326
03/19/2001,ONT,CA,AWP,WE,Combined TRACON& Tower with Radar,275,73,25,1,374,0,5,49,2,56,275,78,74,3,430,76,0,76,506
03/20/2001,ONT,CA,AWP,WE,Combined TRACON& Tower with Radar,324,85,30,0,439,5,12,71,0,88,329,97,101,0,527,42,0,42,569
03/21/2001,ONT,CA,AWP,WE,Combined TRACON& Tower with Radar,295,81,28,1,405,0,20,52,3,75,295,101,80,4,480,46,0,46,526
03/22/2001,ONT,CA,AWP,WE,Combined TRACON& Tower with Radar,287,79,27,0,393,0,3,65,0,68,287,82,92,0,461,26,0,26,487
03/23/2001,ONT,CA,AWP,WE,Combined TRACON& Tower with Radar,283,75,26,1,385,0,6,37,2,45,283,81,63,3,430,5,0,5,435
03/24/2001,ONT,CA,AWP,WE,Combined TRACON& Tower with Radar,238,53,22,1,314,0,0,31,1,32,238,53,53,2,346,47,0,47,393
03/25/2001,ONT,CA,AWP,WE,Combined TRACON& Tower with Radar,224,49,23,0,296,0,1,18,0,19,224,50,41,0,315,62,0,62,377
03/26/2001,ONT,CA,AWP,WE,Combined TRACON& Tower with Radar,246,64,23,1,334,20,15,25,8,68,266,79,48,9,402,48,0,48,450
03/27/2001,ONT,CA,AWP,WE,Combined TRACON& Tower with Radar,300,79,27,0,406,0,10,62,0,72,300,89,89,0,478,53,0,53,531
03/28/2001,ONT,CA,AWP,WE,Combined TRACON& Tower with Radar,303,84,25,1,413,0,1,37,0,38,303,85,62,1,451,3,0,3,454
03/29/2001,ONT,CA,AWP,WE,Combined TRACON& Tower with Radar,305,78,27,0,410,0,3,55,0,58,305,81,82,0,468,0,0,0,468
03/30/2001,ONT,CA,AWP,WE,Combined TRACON& Tower with Radar,282,77,26,0,385,0,1,45,0,46,282,78,71,0,431,10,0,10,441
03/31/2001,ONT,CA,AWP,WE,Combined TRACON& Tower with Radar,217,39,19,0,275,0,0,45,0,45,217,39,64,0,320,47,0,47,367
04/01/2001,ONT,CA,AWP,WE,Combined TRACON& Tower with Radar,229,24,24,0,277,0,0,16,0,16,229,24,40,0,293,20,0,20,313
04/02/2001,ONT,CA,AWP,WE,Combined TRACON& Tower with Radar,280,62,29,0,371,1,0,21,0,22,281,62,50,0,393,52,0,52,445
04/03/2001,ONT,CA,AWP,WE,Combined TRACON& Tower with Radar,300,71,32,0,403,0,13,2,0,15,300,84,34,0,418,41,0,41,459
04/04/2001,ONT,CA,AWP,WE,Combined TRACON& Tower with Radar,299,87,29,3,418,0,0,55,0,55,299,87,84,3,473,18,0,18,491
04/05/2001,ONT,CA,AWP,WE,Combined TRACON& Tower with Radar,264,63,28,0,355,0,20,66,0,86,264,83,94,0,441,0,0,0,441
04/06/2001,ONT,CA,AWP,WE,Combined TRACON& Tower with Radar,275,83,47,0,405,0,0,48,0,48,275,83,95,0,453,8,0,8,461
04/07/2001,ONT,CA,AWP,WE,Combined TRACON& Tower with Radar,220,45,22,0,287,11,0,12,0,23,231,45,34,0,310,33,0,33,343
04/08/2001,ONT,CA,AWP,WE,Combined TRACON& Tower with Radar,236,27,13,2,278,0,0,26,0,26,236,27,39,2,304,79,0,79,383
04/09/2001,ONT,CA,AWP,WE,Combined TRACON& Tower with Radar,269,61,28,0,358,7,0,5,0,12,276,61,33,0,370,47,0,47,417
04/10/2001,ONT,CA,AWP,WE,Combined TRACON& Tower with Radar,304,76,34,0,414,0,21,63,0,84,304,97,97,0,498,14,0,14,512
04/11/2001,ONT,CA,AWP,WE,Combined TRACON& Tower with Radar,293,87,32,8,420,0,0,54,0,54,293,87,86,8,474,26,0,26,500
04/12/2001,ONT,CA,AWP,WE,Combined TRACON& Tower with Radar,301,85,23,0,409,0,1,48,0,49,301,86,71,0,458,3,0,3,461
04/13/2001,ONT,CA,AWP,WE,Combined TRACON& Tower with Radar,275,66,30,0,371,8,19,47,1,75,283,85,77,1,446,22,0,22,468
04/14/2001,ONT,CA,AWP,WE,Combined TRACON& Tower with Radar,194,45,20,1,260,20,0,30,1,51,214,45,50,2,311,27,0,27,338
04/15/2001,ONT,CA,AWP,WE,Combined TRACON& Tower with Radar,181,20,19,0,220,29,0,16,0,45,210,20,35,0,265,39,0,39,304
04/16/2001,ONT,CA,AWP,WE,Combined TRACON& Tower with Radar,256,61,27,0,344,8,6,45,0,59,264,67,72,0,403,51,0,51,454
04/17/2001,ONT,CA,AWP,WE,Combined TRACON& Tower with Radar,296,70,33,0,399,0,26,19,0,45,296,96,52,0,444,37,0,37,481
04/18/2001,ONT,CA,AWP,WE,Combined TRACON& Tower with Radar,300,70,26,0,396,0,15,61,0,76,300,85,87,0,472,20,0,20,492
04/19/2001,ONT,CA,AWP,WE,Combined TRACON& Tower with Radar,274,86,15,0,375,0,1,61,0,62,274,87,76,0,437,2,0,2,439
04/20/2001,ONT,CA,AWP,WE,Combined TRACON& Tower with Radar,248,59,26,0,333,23,21,56,0,100,271,80,82,0,433,5,0,5,438
04/21/2001,ONT,CA,AWP,WE,Combined TRACON& Tower with Radar,230,38,9,0,277,0,1,22,0,23,230,39,31,0,300,104,0,104,404
04/22/2001,ONT,CA,AWP,WE,Combined TRACON& Tower with Radar,226,22,26,1,275,0,0,43,0,43,226,22,69,1,318,81,0,81,399
04/23/2001,ONT,CA,AWP,WE,Combined TRACON& Tower with Radar,266,62,29,0,357,6,0,41,5,52,272,62,70,5,409,47,0,47,456
04/24/2001,ONT,CA,AWP,WE,Combined TRACON& Tower with Radar,287,68,32,0,387,16,27,20,1,64,303,95,52,1,451,28,0,28,479
04/25/2001,ONT,CA,AWP,WE,Combined TRACON& Tower with Radar,303,68,24,0,395,0,16,48,0,64,303,84,72,0,459,20,0,20,479
04/26/2001,ONT,CA,AWP,WE,Combined TRACON& Tower with Radar,282,96,43,0,421,0,1,64,0,65,282,97,107,0,486,2,0,2,488
04/27/2001,ONT,CA,AWP,WE,Combined TRACON& Tower with Radar,270,85,50,0,405,0,4,20,0,24,270,89,70,0,429,0,0,0,429
04/28/2001,ONT,CA,AWP,WE,Combined TRACON& Tower with Radar,218,44,28,0,290,0,0,38,0,38,218,44,66,0,328,8,0,8,336
04/29/2001,ONT,CA,AWP,WE,Combined TRACON& Tower with Radar,222,30,143,3,398,0,0,76,0,76,222,30,219,3,474,4,0,4,478
04/30/2001,ONT,CA,AWP,WE,Combined TRACON& Tower with Radar,293,58,33,0,384,0,0,48,0,48,293,58,81,0,432,62,0,62,494
05/01/2001,ONT,CA,AWP,WE,Combined TRACON& Tower with Radar,303,71,27,0,401,0,27,18,0,45,303,98,45,0,446,46,0,46,492
05/02/2001,ONT,CA,AWP,WE,Combined TRACON& Tower with Radar,301,88,35,0,424,0,2,18,0,20,301,90,53,0,444,30,0,30,474
05/03/2001,ONT,CA,AWP,WE,Combined TRACON& Tower with Radar,295,76,21,0,392,0,24,36,0,60,295,100,57,0,452,17,0,17,469
05/04/2001,ONT,CA,AWP,WE,Combined TRACON& Tower with Radar,276,55,14,0,345,0,16,64,0,80,276,71,78,0,425,26,0,26,451
05/05/2001,ONT,CA,AWP,WE,Combined TRACON& Tower with Radar,216,45,19,0,280,26,0,20,0,46,242,45,39,0,326,111,0,111,437
05/06/2001,ONT,CA,AWP,WE,Combined TRACON& Tower with Radar,237,27,24,0,288,0,0,34,0,34,237,27,58,0,322,38,0,38,360
05/07/2001,ONT,CA,AWP,WE,Combined TRACON& Tower with Radar,275,64,24,0,363,1,0,46,0,47,276,64,70,0,410,40,0,40,450
05/08/2001,ONT,CA,AWP,WE,Combined TRACON& Tower with Radar,302,71,27,0,400,8,19,34,0,61,310,90,61,0,461,28,0,28,489
05/09/2001,ONT,CA,AWP,WE,Combined TRACON& Tower with Radar,307,82,23,0,412,0,16,58,0,74,307,98,81,0,486,8,0,8,494
05/10/2001,ONT,CA,AWP,WE,Combined TRACON& Tower with Radar,282,68,27,0,377,0,24,61,0,85,282,92,88,0,462,21,0,21,483
05/11/2001,ONT,CA,AWP,WE,Combined TRACON& Tower with Radar,276,95,40,0,411,0,5,48,0,53,276,100,88,0,464,19,0,19,483
05/12/2001,ONT,CA,AWP,WE,Combined TRACON& Tower with Radar,218,43,19,0,280,11,0,21,0,32,229,43,40,0,312,28,0,28,340
05/13/2001,ONT,CA,AWP,WE,Combined TRACON& Tower with Radar,229,24,35,0,288,0,0,24,0,24,229,24,59,0,312,47,0,47,359
05/14/2001,ONT,CA,AWP,WE,Combined TRACON& Tower with Radar,274,66,26,0,366,0,0,30,0,30,274,66,56,0,396,15,0,15,411
05/15/2001,ONT,CA,AWP,WE,Combined TRACON& Tower with Radar,302,76,30,0,408,0,15,26,0,41,302,91,56,0,449,23,0,23,472
05/16/2001,ONT,CA,AWP,WE,Combined TRACON& Tower with Radar,279,77,34,0,390,0,1,48,0,49,279,78,82,0,439,9,0,9,448
05/17/2001,ONT,CA,AWP,WE,Combined TRACON& Tower with Radar,292,80,18,0,390,0,6,38,0,44,292,86,56,0,434,18,0,18,452
05/18/2001,ONT,CA,AWP,WE,Combined TRACON& Tower with Radar,291,68,26,0,385,6,8,38,0,52,297,76,64,0,437,3,0,3,440
05/19/2001,ONT,CA,AWP,WE,Combined TRACON& Tower with Radar,215,41,19,0,275,11,0,29,0,40,226,41,48,0,315,44,0,44,359
05/20/2001,ONT,CA,AWP,WE,Combined TRACON& Tower with Radar,231,30,27,0,288,0,0,19,0,19,231,30,46,0,307,50,0,50,357
05/21/2001,ONT,CA,AWP,WE,Combined TRACON& Tower with Radar,287,68,26,0,381,2,4,24,0,30,289,72,50,0,411,6,0,6,417
05/22/2001,ONT,CA,AWP,WE,Combined TRACON& Tower with Radar,314,80,31,0,425,0,3,37,0,40,314,83,68,0,465,29,0,29,494
05/23/2001,ONT,CA,AWP,WE,Combined TRACON& Tower with Radar,284,66,26,0,376,12,5,46,0,63,296,71,72,0,439,35,0,35,474
05/24/2001,ONT,CA,AWP,WE,Combined TRACON& Tower with Radar,285,71,28,0,384,0,10,66,0,76,285,81,94,0,460,10,0,10,470
05/25/2001,ONT,CA,AWP,WE,Combined TRACON& Tower with Radar,287,69,27,1,384,0,18,27,1,46,287,87,54,2,430,13,0,13,443
05/26/2001,ONT,CA,AWP,WE,Combined TRACON& Tower with Radar,219,42,20,0,281,3,0,23,0,26,222,42,43,0,307,28,0,28,335
05/27/2001,ONT,CA,AWP,WE,Combined TRACON& Tower with Radar,187,18,21,0,226,0,0,4,0,4,187,18,25,0,230,6,0,6,236
05/28/2001,ONT,CA,AWP,WE,Combined TRACON& Tower with Radar,265,30,24,0,319,17,0,34,0,51,282,30,58,0,370,92,0,92,462
05/29/2001,ONT,CA,AWP,WE,Combined TRACON& Tower with Radar,274,64,25,0,363,5,6,30,0,41,279,70,55,0,404,46,0,46,450
05/30/2001,ONT,CA,AWP,WE,Combined TRACON& Tower with Radar,294,68,27,0,389,18,15,26,0,59,312,83,53,0,448,27,0,27,475
05/31/2001,ONT,CA,AWP,WE,Combined TRACON& Tower with Radar,303,74,30,0,407,0,29,37,0,66,303,103,67,0,473,10,0,10,483
06/01/2001,ONT,CA,AWP,WE,Combined TRACON& Tower with Radar,288,77,14,0,379,0,1,32,0,33,288,78,46,0,412,0,0,0,412
06/02/2001,ONT,CA,AWP,WE,Combined TRACON& Tower with Radar,263,52,20,0,335,62,0,19,0,81,325,52,39,0,416,52,0,52,468
06/03/2001,ONT,CA,AWP,WE,Combined TRACON& Tower with Radar,218,24,26,0,268,0,1,17,0,18,218,25,43,0,286,26,0,26,312
06/04/2001,ONT,CA,AWP,WE,Combined TRACON& Tower with Radar,275,51,22,0,348,0,0,21,0,21,275,51,43,0,369,64,0,64,433
06/05/2001,ONT,CA,AWP,WE,Combined TRACON& Tower with Radar,322,70,28,0,420,0,21,38,0,59,322,91,66,0,479,29,0,29,508
06/06/2001,ONT,CA,AWP,WE,Combined TRACON& Tower with Radar,316,86,30,0,432,0,10,63,0,73,316,96,93,0,505,34,0,34,539
06/07/2001,ONT,CA,AWP,WE,Combined TRACON& Tower with Radar,288,71,46,0,405,0,3,54,0,57,288,74,100,0,462,0,0,0,462
06/08/2001,ONT,CA,AWP,WE,Combined TRACON& Tower with Radar,285,58,23,0,366,0,15,33,0,48,285,73,56,0,414,32,0,32,446
06/09/2001,ONT,CA,AWP,WE,Combined TRACON& Tower with Radar,228,31,17,0,276,2,0,31,0,33,230,31,48,0,309,50,0,50,359
06/10/2001,ONT,CA,AWP,WE,Combined TRACON& Tower with Radar,213,17,16,0,246,7,0,37,0,44,220,17,53,0,290,24,0,24,314
06/11/2001,ONT,CA,AWP,WE,Combined TRACON& Tower with Radar,280,57,22,0,359,0,7,56,0,63,280,64,78,0,422,66,0,66,488
06/12/2001,ONT,CA,AWP,WE,Combined TRACON& Tower with Radar,304,66,26,0,396,0,6,40,0,46,304,72,66,0,442,18,0,18,460
06/13/2001,ONT,CA,AWP,WE,Combined TRACON& Tower with Radar,299,77,30,0,406,0,3,51,0,54,299,80,81,0,460,13,0,13,473
06/14/2001,ONT,CA,AWP,WE,Combined TRACON& Tower with Radar,296,57,17,0,370,0,20,92,0,112,296,77,109,0,482,0,0,0,482
06/15/2001,ONT,CA,AWP,WE,Combined TRACON& Tower with Radar,280,56,23,0,359,3,20,47,0,70,283,76,70,0,429,12,0,12,441
06/16/2001,ONT,CA,AWP,WE,Combined TRACON& Tower with Radar,208,36,17,0,261,20,0,28,0,48,228,36,45,0,309,32,0,32,341
06/17/2001,ONT,CA,AWP,WE,Combined TRACON& Tower with Radar,232,12,11,2,257,0,1,34,0,35,232,13,45,2,292,37,0,37,329
06/18/2001,ONT,CA,AWP,WE,Combined TRACON& Tower with Radar,260,52,21,0,333,12,1,34,0,47,272,53,55,0,380,46,0,46,426
06/19/2001,ONT,CA,AWP,WE,Combined TRACON& Tower with Radar,316,68,28,0,412,0,36,57,0,93,316,104,85,0,505,128,0,128,633
06/20/2001,ONT,CA,AWP,WE,Combined TRACON& Tower with Radar,294,100,18,0,412,0,14,41,0,55,294,114,59,0,467,8,0,8,475
06/21/2001,ONT,CA,AWP,WE,Combined TRACON& Tower with Radar,300,61,25,0,386,0,31,30,0,61,300,92,55,0,447,52,0,52,499
06/22/2001,ONT,CA,AWP,WE,Combined TRACON& Tower with Radar,280,60,21,0,361,0,11,31,0,42,280,71,52,0,403,4,0,4,407
06/23/2001,ONT,CA,AWP,WE,Combined TRACON& Tower with Radar,211,40,17,0,268,23,0,25,3,51,234,40,42,3,319,32,0,32,351
06/24/2001,ONT,CA,AWP,WE,Combined TRACON& Tower with Radar,226,15,8,1,250,0,1,38,0,39,226,16,46,1,289,2,0,2,291
06/25/2001,ONT,CA,AWP,WE,Combined TRACON& Tower with Radar,269,54,22,0,345,8,13,22,0,43,277,67,44,0,388,35,0,35,423
06/26/2001,ONT,CA,AWP,WE,Combined TRACON& Tower with Radar,295,60,24,0,379,9,14,49,1,73,304,74,73,1,452,24,0,24,476
06/27/2001,ONT,CA,AWP,WE,Combined TRACON& Tower with Radar,301,58,32,0,391,0,14,50,0,64,301,72,82,0,455,33,0,33,488
06/28/2001,ONT,CA,AWP,WE,Combined TRACON& Tower with Radar,284,63,33,0,380,0,15,45,0,60,284,78,78,0,440,4,0,4,444
06/29/2001,ONT,CA,AWP,WE,Combined TRACON& Tower with Radar,284,52,30,0,366,0,19,60,0,79,284,71,90,0,445,4,0,4,449
06/30/2001,ONT,CA,AWP,WE,Combined TRACON& Tower with Radar,188,34,14,0,236,24,0,19,0,43,212,34,33,0,279,74,0,74,353
07/01/2001,ONT,CA,AWP,WE,Combined TRACON& Tower with Radar,230,22,19,0,271,3,0,26,0,29,233,22,45,0,300,54,0,54,354
07/02/2001,ONT,CA,AWP,WE,Combined TRACON& Tower with Radar,269,53,21,0,343,5,8,47,0,60,274,61,68,0,403,45,0,45,448
07/03/2001,ONT,CA,AWP,WE,Combined TRACON& Tower with Radar,309,64,25,0,398,0,11,40,0,51,309,75,65,0,449,118,0,118,567
07/04/2001,ONT,CA,AWP,WE,Combined TRACON& Tower with Radar,216,16,10,0,242,3,0,30,0,33,219,16,40,0,275,17,0,17,292
07/05/2001,ONT,CA,AWP,WE,Combined TRACON& Tower with Radar,276,63,15,0,354,3,4,39,0,46,279,67,54,0,400,0,0,0,400
07/06/2001,ONT,CA,AWP,WE,Combined TRACON& Tower with Radar,272,63,20,0,355,3,5,36,0,44,275,68,56,0,399,0,0,0,399
07/07/2001,ONT,CA,AWP,WE,Combined TRACON& Tower with Radar,206,36,17,0,259,25,0,17,2,44,231,36,34,2,303,9,0,9,312
07/08/2001,ONT,CA,AWP,WE,Combined TRACON& Tower with Radar,226,16,21,0,263,3,0,45,0,48,229,16,66,0,311,79,0,79,390
07/09/2001,ONT,CA,AWP,WE,Combined TRACON& Tower with Radar,274,54,22,0,350,0,2,40,0,42,274,56,62,0,392,84,0,84,476
07/10/2001,ONT,CA,AWP,WE,Combined TRACON& Tower with Radar,282,57,23,0,362,0,16,46,0,62,282,73,69,0,424,63,0,63,487
07/11/2001,ONT,CA,AWP,WE,Combined TRACON& Tower with Radar,297,70,15,0,382,3,3,57,0,63,300,73,72,0,445,24,0,24,469
07/12/2001,ONT,CA,AWP,WE,Combined TRACON& Tower with Radar,277,66,15,3,361,2,14,51,0,67,279,80,66,3,428,14,0,14,442
07/13/2001,ONT,CA,AWP,WE,Combined TRACON& Tower with Radar,277,53,21,0,351,2,18,62,0,82,279,71,83,0,433,61,0,61,494
07/14/2001,ONT,CA,AWP,WE,Combined TRACON& Tower with Radar,213,25,25,0,263,2,8,34,0,44,215,33,59,0,307,14,0,14,321
07/15/2001,ONT,CA,AWP,WE,Combined TRACON& Tower with Radar,225,14,13,1,253,2,0,36,0,38,227,14,49,1,291,12,0,12,303
07/16/2001,ONT,CA,AWP,WE,Combined TRACON& Tower with Radar,265,51,20,0,336,0,13,31,0,44,265,64,51,0,380,68,0,68,448
07/17/2001,ONT,CA,AWP,WE,Combined TRACON& Tower with Radar,277,53,21,0,351,12,22,51,0,85,289,75,72,0,436,30,0,30,466
07/18/2001,ONT,CA,AWP,WE,Combined TRACON& Tower with Radar,290,73,27,0,390,2,13,47,0,62,292,86,74,0,452,25,0,25,477
07/19/2001,ONT,CA,AWP,WE,Combined TRACON& Tower with Radar,290,56,22,0,368,10,27,42,0,79,300,83,64,0,447,14,0,14,461
07/20/2001,ONT,CA,AWP,WE,Combined TRACON& Tower with Radar,262,52,20,0,334,0,22,36,0,58,262,74,56,0,392,6,0,6,398
07/21/2001,ONT,CA,AWP,WE,Combined TRACON& Tower with Radar,207,33,16,0,256,5,0,24,2,31,212,33,40,2,287,46,0,46,333
07/22/2001,ONT,CA,AWP,WE,Combined TRACON& Tower with Radar,235,19,24,2,280,2,0,27,0,29,237,19,51,2,309,37,0,37,346
07/23/2001,ONT,CA,AWP,WE,Combined TRACON& Tower with Radar,277,55,22,0,354,0,0,41,0,41,277,55,63,0,395,75,0,75,470
07/24/2001,ONT,CA,AWP,WE,Combined TRACON& Tower with Radar,310,65,25,0,400,0,13,61,3,77,310,78,86,3,477,88,0,88,565
07/25/2001,ONT,CA,AWP,WE,Combined TRACON& Tower with Radar,316,63,24,0,403,2,8,45,0,55,318,71,69,0,458,52,0,52,510
07/26/2001,ONT,CA,AWP,WE,Combined TRACON& Tower with Radar,276,64,28,0,368,2,11,50,0,63,278,75,78,0,431,6,0,6,437
07/27/2001,ONT,CA,AWP,WE,Combined TRACON& Tower with Radar,281,55,23,0,359,0,20,36,0,56,281,75,59,0,415,13,0,13,428
07/28/2001,ONT,CA,AWP,WE,Combined TRACON& Tower with Radar,197,33,15,0,245,14,0,30,0,44,211,33,45,0,289,13,0,13,302
07/29/2001,ONT,CA,AWP,WE,Combined TRACON& Tower with Radar,240,18,26,0,284,2,0,31,0,33,242,18,57,0,317,92,0,92,409
07/30/2001,ONT,CA,AWP,WE,Combined TRACON& Tower with Radar,263,43,20,0,326,11,0,51,0,62,274,43,71,0,388,43,0,43,431
07/31/2001,ONT,CA,AWP,WE,Combined TRACON& Tower with Radar,317,64,27,0,408,0,13,54,0,67,317,77,81,0,475,65,0,65,540
08/01/2001,ONT,CA,AWP,WE,Combined TRACON& Tower with Radar,305,41,27,1,374,2,9,50,1,62,307,50,77,2,436,68,0,68,504
08/02/2001,ONT,CA,AWP,WE,Combined TRACON& Tower with Radar,274,53,23,0,350,0,15,60,0,75,274,68,83,0,425,10,0,10,435
08/03/2001,ONT,CA,AWP,WE,Combined TRACON& Tower with Radar,268,52,22,0,342,2,16,59,1,78,270,68,81,1,420,6,0,6,426
08/04/2001,ONT,CA,AWP,WE,Combined TRACON& Tower with Radar,226,36,19,0,281,0,0,51,1,52,226,36,70,1,333,72,0,72,405
08/05/2001,ONT,CA,AWP,WE,Combined TRACON& Tower with Radar,242,19,33,0,294,2,0,28,0,30,244,19,61,0,324,83,0,83,407
08/06/2001,ONT,CA,AWP,WE,Combined TRACON& Tower with Radar,268,52,22,0,342,2,2,45,0,49,270,54,67,0,391,55,0,55,446
08/07/2001,ONT,CA,AWP,WE,Combined TRACON& Tower with Radar,311,63,27,0,401,0,16,46,0,62,311,79,73,0,463,78,0,78,541
08/08/2001,ONT,CA,AWP,WE,Combined TRACON& Tower with Radar,312,54,30,0,396,2,13,49,0,64,314,67,79,0,460,11,0,11,471
08/09/2001,ONT,CA,AWP,WE,Combined TRACON& Tower with Radar,289,65,41,0,395,2,9,42,0,53,291,74,83,0,448,2,0,2,450
08/10/2001,ONT,CA,AWP,WE,Combined TRACON& Tower with Radar,277,66,14,0,357,2,7,43,0,52,279,73,57,0,409,40,0,40,449
08/11/2001,ONT,CA,AWP,WE,Combined TRACON& Tower with Radar,187,37,15,0,239,12,0,43,0,55,199,37,58,0,294,58,0,58,352
08/12/2001,ONT,CA,AWP,WE,Combined TRACON& Tower with Radar,230,17,15,0,262,1,0,31,0,32,231,17,46,0,294,45,0,45,339
08/13/2001,ONT,CA,AWP,WE,Combined TRACON& Tower with Radar,281,55,23,0,359,0,3,52,0,55,281,58,75,0,414,57,0,57,471
08/14/2001,ONT,CA,AWP,WE,Combined TRACON& Tower with Radar,313,61,27,0,401,0,38,20,0,58,313,99,47,0,459,79,0,79,538
08/15/2001,ONT,CA,AWP,WE,Combined TRACON& Tower with Radar,291,61,28,0,380,1,12,61,0,74,292,73,89,0,454,60,0,60,514
08/16/2001,ONT,CA,AWP,WE,Combined TRACON& Tower with Radar,288,55,24,0,367,12,22,46,0,80,300,77,70,0,447,39,0,39,486
08/17/2001,ONT,CA,AWP,WE,Combined TRACON& Tower with Radar,282,58,15,0,355,1,14,39,0,54,283,72,54,0,409,14,0,14,423
08/18/2001,ONT,CA,AWP,WE,Combined TRACON& Tower with Radar,252,42,21,0,315,8,0,27,0,35,260,42,48,0,350,53,0,53,403
08/19/2001,ONT,CA,AWP,WE,Combined TRACON& Tower with Radar,219,14,16,0,249,1,0,36,0,37,220,14,52,0,286,64,0,64,350
08/20/2001,ONT,CA,AWP,WE,Combined TRACON& Tower with Radar,279,53,23,0,355,1,14,33,0,48,280,67,56,0,403,83,0,83,486
08/21/2001,ONT,CA,AWP,WE,Combined TRACON& Tower with Radar,316,63,27,0,406,0,14,37,0,51,316,77,64,0,457,45,0,45,502
08/22/2001,ONT,CA,AWP,WE,Combined TRACON& Tower with Radar,289,66,43,0,398,1,7,40,0,48,290,73,83,0,446,19,0,19,465
08/23/2001,ONT,CA,AWP,WE,Combined TRACON& Tower with Radar,287,59,26,0,372,0,26,28,0,54,287,85,54,0,426,12,0,12,438
08/24/2001,ONT,CA,AWP,WE,Combined TRACON& Tower with Radar,275,52,23,0,350,0,14,69,0,83,275,66,92,0,433,16,0,16,449
08/25/2001,ONT,CA,AWP,WE,Combined TRACON& Tower with Radar,199,33,17,0,249,18,0,12,0,30,217,33,29,0,279,28,0,28,307
08/26/2001,ONT,CA,AWP,WE,Combined TRACON& Tower with Radar,220,13,12,1,246,1,0,27,0,28,221,13,39,1,274,23,0,23,297
08/27/2001,ONT,CA,AWP,WE,Combined TRACON& Tower with Radar,272,52,22,0,346,9,0,30,0,39,281,52,52,0,385,70,0,70,455
08/28/2001,ONT,CA,AWP,WE,Combined TRACON& Tower with Radar,323,63,27,0,413,0,38,19,0,57,323,101,46,0,470,88,0,88,558
08/29/2001,ONT,CA,AWP,WE,Combined TRACON& Tower with Radar,312,77,18,0,407,1,3,63,0,67,313,80,81,0,474,69,0,69,543
08/30/2001,ONT,CA,AWP,WE,Combined TRACON& Tower with Radar,275,72,22,0,369,1,8,59,0,68,276,80,81,0,437,36,0,36,473
08/31/2001,ONT,CA,AWP,WE,Combined TRACON& Tower with Radar,292,59,19,0,370,1,6,63,0,70,293,65,82,0,440,7,0,7,447
09/01/2001,ONT,CA,AWP,WE,Combined TRACON& Tower with Radar,181,32,20,0,233,18,8,27,0,53,199,40,47,0,286,60,0,60,346
09/02/2001,ONT,CA,AWP,WE,Combined TRACON& Tower with Radar,193,8,18,0,219,0,3,32,0,35,193,11,50,0,254,38,0,38,292
09/03/2001,ONT,CA,AWP,WE,Combined TRACON& Tower with Radar,237,21,26,0,284,3,0,36,0,39,240,21,62,0,323,65,0,65,388
09/04/2001,ONT,CA,AWP,WE,Combined TRACON& Tower with Radar,260,47,29,0,336,4,17,10,0,31,264,64,39,0,367,31,0,31,398
09/05/2001,ONT,CA,AWP,WE,Combined TRACON& Tower with Radar,297,58,27,0,382,0,16,41,0,57,297,74,68,0,439,61,0,61,500
09/06/2001,ONT,CA,AWP,WE,Combined TRACON& Tower with Radar,293,73,36,0,402,0,8,45,0,53,293,81,81,0,455,2,0,2,457
09/07/2001,ONT,CA,AWP,WE,Combined TRACON& Tower with Radar,276,54,31,0,361,0,24,29,2,55,276,78,60,2,416,33,0,33,449
09/08/2001,ONT,CA,AWP,WE,Combined TRACON& Tower with Radar,198,34,20,0,252,15,0,33,0,48,213,34,53,0,300,32,0,32,332
09/09/2001,ONT,CA,AWP,WE,Combined TRACON& Tower with Radar,207,16,21,0,244,18,0,28,4,50,225,16,49,4,294,55,0,55,349
09/10/2001,ONT,CA,AWP,WE,Combined TRACON& Tower with Radar,325,54,35,0,414,2,0,33,0,35,327,54,68,0,449,25,0,25,474
09/11/2001,ONT,CA,AWP,WE,Combined TRACON& Tower with Radar,50,9,5,0,64,0,4,12,0,16,50,13,17,0,80,20,0,20,100
09/12/2001,ONT,CA,AWP,WE,Combined TRACON& Tower with Radar,0,0,8,0,8,0,0,21,0,21,0,0,29,0,29,0,0,0,29
09/13/2001,ONT,CA,AWP,WE,Combined TRACON& Tower with Radar,32,13,8,0,53,0,42,32,0,74,32,55,40,0,127,3,0,3,130
09/14/2001,ONT,CA,AWP,WE,Combined TRACON& Tower with Radar,195,71,16,0,282,0,3,32,0,35,195,74,48,0,317,0,0,0,317
09/15/2001,ONT,CA,AWP,WE,Combined TRACON& Tower with Radar,182,38,22,0,242,0,14,37,0,51,182,52,59,0,293,58,0,58,351
09/16/2001,ONT,CA,AWP,WE,Combined TRACON& Tower with Radar,175,21,18,0,214,18,0,26,0,44,193,21,44,0,258,28,0,28,286
09/17/2001,ONT,CA,AWP,WE,Combined TRACON& Tower with Radar,236,43,26,0,305,0,0,17,0,17,236,43,43,0,322,26,0,26,348
09/18/2001,ONT,CA,AWP,WE,Combined TRACON& Tower with Radar,272,57,34,0,363,0,15,34,0,49,272,72,68,0,412,17,0,17,429
09/19/2001,ONT,CA,AWP,WE,Combined TRACON& Tower with Radar,262,72,40,1,375,0,7,40,0,47,262,79,80,1,422,15,0,15,437
09/20/2001,ONT,CA,AWP,WE,Combined TRACON& Tower with Radar,264,48,29,0,341,17,14,17,0,48,281,62,46,0,389,28,0,28,417
09/21/2001,ONT,CA,AWP,WE,Combined TRACON& Tower with Radar,292,48,43,0,383,0,11,34,0,45,292,59,77,0,428,0,0,0,428
09/22/2001,ONT,CA,AWP,WE,Combined TRACON& Tower with Radar,182,22,19,0,223,11,0,8,0,19,193,22,27,0,242,8,0,8,250
09/23/2001,ONT,CA,AWP,WE,Combined TRACON& Tower with Radar,186,3,21,0,210,35,0,17,0,52,221,3,38,0,262,32,0,32,294
09/24/2001,ONT,CA,AWP,WE,Combined TRACON& Tower with Radar,257,32,28,0,317,4,0,35,3,42,261,32,63,3,359,49,0,49,408
09/25/2001,ONT,CA,AWP,WE,Combined TRACON& Tower with Radar,291,59,35,0,385,0,45,46,0,91,291,104,81,0,476,88,0,88,564
09/26/2001,ONT,CA,AWP,WE,Combined TRACON& Tower with Radar,297,76,27,0,400,0,19,20,0,39,297,95,47,0,439,40,0,40,479
09/27/2001,ONT,CA,AWP,WE,Combined TRACON& Tower with Radar,285,53,32,0,370,0,8,7,0,15,285,61,39,0,385,26,0,26,411
09/28/2001,ONT,CA,AWP,WE,Combined TRACON& Tower with Radar,279,52,31,1,363,18,12,19,0,49,297,64,50,1,412,4,0,4,416
09/29/2001,ONT,CA,AWP,WE,Combined TRACON& Tower with Radar,0,0,0,0,0,215,33,42,0,290,215,33,42,0,290,38,0,38,328
09/30/2001,ONT,CA,AWP,WE,Combined TRACON& Tower with Radar,258,5,18,0,281,0,1,24,0,25,258,6,42,0,306,43,0,43,349
10/01/2001,ONT,CA,AWP,WE,Combined TRACON& Tower with Radar,259,56,29,0,344,4,0,43,0,47,263,56,72,0,391,54,0,54,445
10/02/2001,ONT,CA,AWP,WE,Combined TRACON& Tower with Radar,294,65,32,0,391,18,6,44,0,68,312,71,76,0,459,74,0,74,533
10/03/2001,ONT,CA,AWP,WE,Combined TRACON& Tower with Radar,322,73,22,0,417,1,8,45,0,54,323,81,67,0,471,52,0,52,523
10/04/2001,ONT,CA,AWP,WE,Combined TRACON& Tower with Radar,266,59,29,0,354,12,16,34,0,62,278,75,63,0,416,14,0,14,430
10/05/2001,ONT,CA,AWP,WE,Combined TRACON& Tower with Radar,275,61,23,0,359,1,1,32,0,34,276,62,55,0,393,24,0,24,417
10/06/2001,ONT,CA,AWP,WE,Combined TRACON& Tower with Radar,179,40,20,0,239,4,8,59,0,71,183,48,79,0,310,24,0,24,334
10/07/2001,ONT,CA,AWP,WE,Combined TRACON& Tower with Radar,227,52,27,0,306,0,4,19,0,23,227,56,46,0,329,14,0,14,343
10/08/2001,ONT,CA,AWP,WE,Combined TRACON& Tower with Radar,278,65,33,0,376,0,28,28,0,56,278,93,61,0,432,46,0,46,478
10/09/2001,ONT,CA,AWP,WE,Combined TRACON& Tower with Radar,294,68,34,0,396,0,7,49,0,56,294,75,83,0,452,33,0,33,485
10/10/2001,ONT,CA,AWP,WE,Combined TRACON& Tower with Radar,292,74,31,0,397,1,10,31,0,42,293,84,62,0,439,26,0,26,465
10/11/2001,ONT,CA,AWP,WE,Combined TRACON& Tower with Radar,281,61,32,0,374,3,8,58,0,69,284,69,90,0,443,46,0,46,489
10/12/2001,ONT,CA,AWP,WE,Combined TRACON& Tower with Radar,273,74,16,0,363,0,10,38,0,48,273,84,54,0,411,0,0,0,411
10/13/2001,ONT,CA,AWP,WE,Combined TRACON& Tower with Radar,190,38,21,0,249,26,0,21,0,47,216,38,42,0,296,23,0,23,319
10/14/2001,ONT,CA,AWP,WE,Combined TRACON& Tower with Radar,225,19,25,0,269,13,0,18,1,32,238,19,43,1,301,40,0,40,341
10/15/2001,ONT,CA,AWP,WE,Combined TRACON& Tower with Radar,265,42,29,0,336,4,0,48,0,52,269,42,77,0,388,91,0,91,479
10/16/2001,ONT,CA,AWP,WE,Combined TRACON& Tower with Radar,311,70,34,0,415,0,5,33,0,38,311,75,67,0,453,83,0,83,536
10/17/2001,ONT,CA,AWP,WE,Combined TRACON& Tower with Radar,318,68,25,2,413,0,4,45,0,49,318,72,70,2,462,37,0,37,499
10/18/2001,ONT,CA,AWP,WE,Combined TRACON& Tower with Radar,293,61,22,0,376,0,4,47,0,51,293,65,69,0,427,0,0,0,427
10/19/2001,ONT,CA,AWP,WE,Combined TRACON& Tower with Radar,273,71,38,0,382,0,21,85,0,106,273,92,123,0,488,34,0,34,522
10/20/2001,ONT,CA,AWP,WE,Combined TRACON& Tower with Radar,196,52,25,0,273,0,17,63,0,80,196,69,88,0,353,31,0,31,384
10/21/2001,ONT,CA,AWP,WE,Combined TRACON& Tower with Radar,235,33,34,0,302,0,1,34,0,35,235,34,68,0,337,17,0,17,354
10/22/2001,ONT,CA,AWP,WE,Combined TRACON& Tower with Radar,253,53,27,0,333,6,0,39,0,45,259,53,66,0,378,12,0,12,390
10/23/2001,ONT,CA,AWP,WE,Combined TRACON& Tower with Radar,296,70,35,0,401,0,12,34,0,46,296,82,69,0,447,36,0,36,483
10/24/2001,ONT,CA,AWP,WE,Combined TRACON& Tower with Radar,283,84,40,0,407,0,1,48,0,49,283,85,88,0,456,0,0,0,456
10/25/2001,ONT,CA,AWP,WE,Combined TRACON& Tower with Radar,286,63,31,0,380,3,15,65,0,83,289,78,96,0,463,17,0,17,480
10/26/2001,ONT,CA,AWP,WE,Combined TRACON& Tower with Radar,292,64,35,0,391,0,11,46,0,57,292,75,81,0,448,0,0,0,448
10/27/2001,ONT,CA,AWP,WE,Combined TRACON& Tower with Radar,196,32,21,0,249,11,0,44,0,55,207,32,65,0,304,34,0,34,338
10/28/2001,ONT,CA,AWP,WE,Combined TRACON& Tower with Radar,215,17,38,0,270,0,1,18,0,19,215,18,56,0,289,23,0,23,312
10/29/2001,ONT,CA,AWP,WE,Combined TRACON& Tower with Radar,264,53,29,0,346,3,0,30,0,33,267,53,59,0,379,94,0,94,473
10/30/2001,ONT,CA,AWP,WE,Combined TRACON& Tower with Radar,283,64,32,0,379,0,10,30,3,43,283,74,62,3,422,45,0,45,467
10/31/2001,ONT,CA,AWP,WE,Combined TRACON& Tower with Radar,271,81,30,0,382,0,4,37,0,41,271,85,67,0,423,23,0,23,446
11/01/2001,ONT,CA,AWP,WE,Combined TRACON& Tower with Radar,255,67,33,0,355,0,34,53,2,89,255,101,86,2,444,0,0,0,444
11/02/2001,ONT,CA,AWP,WE,Combined TRACON& Tower with Radar,266,72,36,0,374,0,24,41,0,65,266,96,77,0,439,34,0,34,473
11/03/2001,ONT,CA,AWP,WE,Combined TRACON& Tower with Radar,189,46,24,0,259,0,0,47,0,47,189,46,71,0,306,51,0,51,357
11/04/2001,ONT,CA,AWP,WE,Combined TRACON& Tower with Radar,231,27,66,0,324,1,0,14,0,15,232,27,80,0,339,27,0,27,366
11/05/2001,ONT,CA,AWP,WE,Combined TRACON& Tower with Radar,231,53,27,0,311,18,0,27,0,45,249,53,54,0,356,31,0,31,387
11/06/2001,ONT,CA,AWP,WE,Combined TRACON& Tower with Radar,251,68,33,0,352,0,27,3,0,30,251,95,36,0,382,29,0,29,411
11/07/2001,ONT,CA,AWP,WE,Combined TRACON& Tower with Radar,277,80,46,0,403,1,2,22,0,25,278,82,68,0,428,12,0,12,440
11/08/2001,ONT,CA,AWP,WE,Combined TRACON& Tower with Radar,257,63,30,0,350,8,17,40,0,65,265,80,70,0,415,10,0,10,425
11/09/2001,ONT,CA,AWP,WE,Combined TRACON& Tower with Radar,264,60,40,0,364,1,12,45,0,58,265,72,85,0,422,25,0,25,447
11/10/2001,ONT,CA,AWP,WE,Combined TRACON& Tower with Radar,196,43,24,0,263,0,0,31,0,31,196,43,55,0,294,42,0,42,336
11/11/2001,ONT,CA,AWP,WE,Combined TRACON& Tower with Radar,213,23,26,0,262,1,0,10,0,11,214,23,36,0,273,10,0,10,283
11/12/2001,ONT,CA,AWP,WE,Combined TRACON& Tower with Radar,237,53,28,0,318,12,0,3,0,15,249,53,31,0,333,53,0,53,386
11/13/2001,ONT,CA,AWP,WE,Combined TRACON& Tower with Radar,280,71,35,0,386,0,16,43,0,59,280,87,78,0,445,55,0,55,500
11/14/2001,ONT,CA,AWP,WE,Combined TRACON& Tower with Radar,274,64,39,0,377,1,14,42,0,57,275,78,81,0,434,44,0,44,478
11/15/2001,ONT,CA,AWP,WE,Combined TRACON& Tower with Radar,269,66,11,0,346,1,14,66,0,81,270,80,77,0,427,20,0,20,447
11/16/2001,ONT,CA,AWP,WE,Combined TRACON& Tower with Radar,256,63,31,0,350,0,19,33,0,52,256,82,64,0,402,28,0,28,430
11/17/2001,ONT,CA,AWP,WE,Combined TRACON& Tower with Radar,194,35,24,0,253,14,0,18,0,32,208,35,42,0,285,64,0,64,349
11/18/2001,ONT,CA,AWP,WE,Combined TRACON& Tower with Radar,219,19,32,0,270,1,0,18,0,19,220,19,50,0,289,46,0,46,335
11/19/2001,ONT,CA,AWP,WE,Combined TRACON& Tower with Radar,233,53,28,0,314,13,0,21,0,34,246,53,49,0,348,20,0,20,368
11/20/2001,ONT,CA,AWP,WE,Combined TRACON& Tower with Radar,296,72,37,0,405,5,26,31,0,62,301,98,68,0,467,52,0,52,519
11/21/2001,ONT,CA,AWP,WE,Combined TRACON& Tower with Radar,306,84,42,0,432,1,16,43,0,60,307,100,85,0,492,27,0,27,519
11/22/2001,ONT,CA,AWP,WE,Combined TRACON& Tower with Radar,137,16,17,0,170,19,0,10,0,29,156,16,27,0,199,5,0,5,204
11/23/2001,ONT,CA,AWP,WE,Combined TRACON& Tower with Radar,178,61,7,0,246,0,9,39,0,48,178,70,46,0,294,0,17,17,311
11/24/2001,ONT,CA,AWP,WE,Combined TRACON& Tower with Radar,183,26,22,0,231,28,0,4,0,32,211,26,26,0,263,15,0,15,278
11/25/2001,ONT,CA,AWP,WE,Combined TRACON& Tower with Radar,217,19,27,0,263,0,0,37,0,37,217,19,64,0,300,25,0,25,325
11/26/2001,ONT,CA,AWP,WE,Combined TRACON& Tower with Radar,257,62,31,0,350,0,1,36,0,37,257,63,67,0,387,48,0,48,435
11/27/2001,ONT,CA,AWP,WE,Combined TRACON& Tower with Radar,290,68,30,0,388,0,26,19,0,45,290,94,49,0,433,22,0,22,455
11/28/2001,ONT,CA,AWP,WE,Combined TRACON& Tower with Radar,288,70,41,0,399,0,18,46,0,64,288,88,87,0,463,34,0,34,497
11/29/2001,ONT,CA,AWP,WE,Combined TRACON& Tower with Radar,273,87,14,0,374,0,0,25,0,25,273,87,39,0,399,0,0,0,399
11/30/2001,ONT,CA,AWP,WE,Combined TRACON& Tower with Radar,258,91,33,0,382,0,2,35,0,37,258,93,68,0,419,45,0,45,464
12/01/2001,ONT,CA,AWP,WE,Combined TRACON& Tower with Radar,173,30,16,0,219,17,0,12,0,29,190,30,28,0,248,34,0,34,282
12/02/2001,ONT,CA,AWP,WE,Combined TRACON& Tower with Radar,212,25,28,0,265,0,10,0,0,10,212,35,28,0,275,19,0,19,294
12/03/2001,ONT,CA,AWP,WE,Combined TRACON& Tower with Radar,257,54,23,0,334,0,8,4,0,12,257,62,27,0,346,23,0,23,369
12/04/2001,ONT,CA,AWP,WE,Combined TRACON& Tower with Radar,281,65,27,0,373,0,49,27,0,76,281,114,54,0,449,23,0,23,472
12/05/2001,ONT,CA,AWP,WE,Combined TRACON& Tower with Radar,292,76,20,0,388,0,19,47,0,66,292,95,67,0,454,15,0,15,469
12/06/2001,ONT,CA,AWP,WE,Combined TRACON& Tower with Radar,272,63,26,0,361,0,27,44,0,71,272,90,70,0,432,13,0,13,445
12/07/2001,ONT,CA,AWP,WE,Combined TRACON& Tower with Radar,273,63,27,0,363,0,24,21,0,45,273,87,48,0,408,24,0,24,432
12/08/2001,ONT,CA,AWP,WE,Combined TRACON& Tower with Radar,178,35,16,0,229,14,0,18,0,32,192,35,34,0,261,60,0,60,321
12/09/2001,ONT,CA,AWP,WE,Combined TRACON& Tower with Radar,211,16,20,0,247,0,3,20,0,23,211,19,40,0,270,41,0,41,311
12/10/2001,ONT,CA,AWP,WE,Combined TRACON& Tower with Radar,261,60,25,0,346,0,10,22,0,32,261,70,47,0,378,100,0,100,478
12/11/2001,ONT,CA,AWP,WE,Combined TRACON& Tower with Radar,314,70,29,0,413,0,44,20,0,64,314,114,49,0,477,80,0,80,557
12/12/2001,ONT,CA,AWP,WE,Combined TRACON& Tower with Radar,319,120,27,0,466,0,17,48,0,65,319,137,75,0,531,36,0,36,567
12/13/2001,ONT,CA,AWP,WE,Combined TRACON& Tower with Radar,323,73,24,0,420,0,25,47,0,72,323,98,71,0,492,4,0,4,496
12/14/2001,ONT,CA,AWP,WE,Combined TRACON& Tower with Radar,333,91,24,0,448,0,6,26,0,32,333,97,50,0,480,3,0,3,483
12/15/2001,ONT,CA,AWP,WE,Combined TRACON& Tower with Radar,226,39,20,0,285,23,0,27,0,50,249,39,47,0,335,43,0,43,378
12/16/2001,ONT,CA,AWP,WE,Combined TRACON& Tower with Radar,245,16,21,0,282,29,0,14,0,43,274,16,35,0,325,35,0,35,360
12/17/2001,ONT,CA,AWP,WE,Combined TRACON& Tower with Radar,304,65,27,0,396,0,7,32,0,39,304,72,59,0,435,26,0,26,461
12/18/2001,ONT,CA,AWP,WE,Combined TRACON& Tower with Radar,390,90,36,0,516,0,16,80,0,96,390,106,116,0,612,85,0,85,697
12/19/2001,ONT,CA,AWP,WE,Combined TRACON& Tower with Radar,372,82,32,0,486,23,21,33,0,77,395,103,65,0,563,48,0,48,611
12/20/2001,ONT,CA,AWP,WE,Combined TRACON& Tower with Radar,372,96,32,0,500,0,3,13,0,16,372,99,45,0,516,0,0,0,516
12/21/2001,ONT,CA,AWP,WE,Combined TRACON& Tower with Radar,367,125,30,0,522,0,2,16,0,18,367,127,46,0,540,12,0,12,552
12/22/2001,ONT,CA,AWP,WE,Combined TRACON& Tower with Radar,255,54,22,0,331,0,0,29,0,29,255,54,51,0,360,58,0,58,418
12/23/2001,ONT,CA,AWP,WE,Combined TRACON& Tower with Radar,217,16,19,0,252,29,0,14,0,43,246,16,33,0,295,32,0,32,327
12/24/2001,ONT,CA,AWP,WE,Combined TRACON& Tower with Radar,225,51,21,0,297,0,8,12,0,20,225,59,33,0,317,39,0,39,356
12/25/2001,ONT,CA,AWP,WE,Combined TRACON& Tower with Radar,132,13,11,0,156,21,0,4,0,25,153,13,15,0,181,32,0,32,213
12/26/2001,ONT,CA,AWP,WE,Combined TRACON& Tower with Radar,261,57,22,0,340,7,5,28,0,40,268,62,50,0,380,13,0,13,393
12/27/2001,ONT,CA,AWP,WE,Combined TRACON& Tower with Radar,265,69,23,0,357,0,2,34,0,36,265,71,57,0,393,14,0,14,407
12/28/2001,ONT,CA,AWP,WE,Combined TRACON& Tower with Radar,248,64,17,0,329,0,9,52,0,61,248,73,69,0,390,2,0,2,392
12/29/2001,ONT,CA,AWP,WE,Combined TRACON& Tower with Radar,199,35,18,0,252,0,0,31,0,31,199,35,49,0,283,44,0,44,327
12/30/2001,ONT,CA,AWP,WE,Combined TRACON& Tower with Radar,184,10,17,0,211,0,2,20,0,22,184,12,37,0,233,28,0,28,261
12/31/2001,ONT,CA,AWP,WE,Combined TRACON& Tower with Radar,187,36,16,0,239,8,0,14,0,22,195,36,30,0,261,10,0,10,271
01/01/2002,ONT,CA,AWP,WE,Combined TRACON& Tower with Radar,159,15,15,0,189,3,1,18,0,22,162,16,33,0,211,0,0,0,211
01/02/2002,ONT,CA,AWP,WE,Combined TRACON& Tower with Radar,249,75,17,0,341,0,4,25,0,29,249,79,42,0,370,14,0,14,384
01/03/2002,ONT,CA,AWP,WE,Combined TRACON& Tower with Radar,257,55,27,0,339,0,15,30,0,45,257,70,57,0,384,14,0,14,398
01/04/2002,ONT,CA,AWP,WE,Combined TRACON& Tower with Radar,258,70,24,0,352,0,5,47,0,52,258,75,71,0,404,0,0,0,404
01/05/2002,ONT,CA,AWP,WE,Combined TRACON& Tower with Radar,199,35,20,0,254,5,0,30,4,39,204,35,50,4,293,73,0,73,366
01/06/2002,ONT,CA,AWP,WE,Combined TRACON& Tower with Radar,198,16,21,0,235,0,0,46,3,49,198,16,67,3,284,41,0,41,325
01/07/2002,ONT,CA,AWP,WE,Combined TRACON& Tower with Radar,234,47,22,0,303,0,5,28,0,33,234,52,50,0,336,56,0,56,392
01/08/2002,ONT,CA,AWP,WE,Combined TRACON& Tower with Radar,276,61,29,0,366,0,13,39,0,52,276,74,68,0,418,43,0,43,461
01/09/2002,ONT,CA,AWP,WE,Combined TRACON& Tower with Radar,264,77,28,0,369,0,7,43,0,50,264,84,71,0,419,12,0,12,431
01/10/2002,ONT,CA,AWP,WE,Combined TRACON& Tower with Radar,266,59,28,0,353,0,12,56,0,68,266,71,84,0,421,0,0,0,421
01/11/2002,ONT,CA,AWP,WE,Combined TRACON& Tower with Radar,275,62,19,0,356,0,15,48,0,63,275,77,67,0,419,30,0,30,449
01/12/2002,ONT,CA,AWP,WE,Combined TRACON& Tower with Radar,186,37,18,0,241,10,1,34,0,45,196,38,52,0,286,28,0,28,314
01/13/2002,ONT,CA,AWP,WE,Combined TRACON& Tower with Radar,190,20,18,0,228,18,0,19,0,37,208,20,37,0,265,18,0,18,283
01/14/2002,ONT,CA,AWP,WE,Combined TRACON& Tower with Radar,247,48,23,0,318,0,0,16,0,16,247,48,39,0,334,50,0,50,384
01/15/2002,ONT,CA,AWP,WE,Combined TRACON& Tower with Radar,286,62,27,0,375,0,12,36,0,48,286,74,63,0,423,30,0,30,453
01/16/2002,ONT,CA,AWP,WE,Combined TRACON& Tower with Radar,292,67,21,0,380,0,10,50,0,60,292,77,71,0,440,22,0,22,462
01/17/2002,ONT,CA,AWP,WE,Combined TRACON& Tower with Radar,280,66,27,0,373,0,15,61,0,76,280,81,88,0,449,3,0,3,452
01/18/2002,ONT,CA,AWP,WE,Combined TRACON& Tower with Radar,267,58,25,0,350,0,17,81,1,99,267,75,106,1,449,22,0,22,471
01/19/2002,ONT,CA,AWP,WE,Combined TRACON& Tower with Radar,179,36,18,0,233,9,0,32,0,41,188,36,50,0,274,25,0,25,299
01/20/2002,ONT,CA,AWP,WE,Combined TRACON& Tower with Radar,189,19,18,0,226,7,0,31,0,38,196,19,49,0,264,27,0,27,291
01/21/2002,ONT,CA,AWP,WE,Combined TRACON& Tower with Radar,230,50,22,0,302,0,6,55,0,61,230,56,77,0,363,38,0,38,401
01/22/2002,ONT,CA,AWP,WE,Combined TRACON& Tower with Radar,259,58,26,0,343,0,8,65,0,73,259,66,91,0,416,44,0,44,460
01/23/2002,ONT,CA,AWP,WE,Combined TRACON& Tower with Radar,289,68,18,0,375,1,14,17,0,32,290,82,35,0,407,5,0,5,412
01/24/2002,ONT,CA,AWP,WE,Combined TRACON& Tower with Radar,267,71,19,0,357,1,11,40,0,52,268,82,59,0,409,2,0,2,411
01/25/2002,ONT,CA,AWP,WE,Combined TRACON& Tower with Radar,254,55,24,0,333,9,19,58,0,86,263,74,82,0,419,18,0,18,437
01/26/2002,ONT,CA,AWP,WE,Combined TRACON& Tower with Radar,178,35,18,0,231,7,0,32,0,39,185,35,50,0,270,32,0,32,302
01/27/2002,ONT,CA,AWP,WE,Combined TRACON& Tower with Radar,176,15,14,0,205,22,0,0,0,22,198,15,14,0,227,12,0,12,239
01/28/2002,ONT,CA,AWP,WE,Combined TRACON& Tower with Radar,229,52,18,0,299,0,19,0,0,19,229,71,18,0,318,38,0,38,356
01/29/2002,ONT,CA,AWP,WE,Combined TRACON& Tower with Radar,274,60,27,0,361,0,32,8,0,40,274,92,35,0,401,10,0,10,411
01/30/2002,ONT,CA,AWP,WE,Combined TRACON& Tower with Radar,272,60,26,0,358,0,19,45,0,64,272,79,71,0,422,13,0,13,435
01/31/2002,ONT,CA,AWP,WE,Combined TRACON& Tower with Radar,271,60,27,0,358,0,14,56,0,70,271,74,83,0,428,41,0,41,469
02/01/2002,ONT,CA,AWP,WE,Combined TRACON& Tower with Radar,267,54,24,0,345,21,16,35,0,72,288,70,59,0,417,20,0,20,437
02/02/2002,ONT,CA,AWP,WE,Combined TRACON& Tower with Radar,192,38,16,0,246,7,1,33,0,41,199,39,49,0,287,47,0,47,334
02/03/2002,ONT,CA,AWP,WE,Combined TRACON& Tower with Radar,209,26,18,0,253,0,0,34,0,34,209,26,52,0,287,88,0,88,375
02/04/2002,ONT,CA,AWP,WE,Combined TRACON& Tower with Radar,249,52,22,0,323,0,13,28,0,41,249,65,50,0,364,51,0,51,415
02/05/2002,ONT,CA,AWP,WE,Combined TRACON& Tower with Radar,274,56,25,0,355,0,18,51,0,69,274,74,76,0,424,32,0,32,456
02/06/2002,ONT,CA,AWP,WE,Combined TRACON& Tower with Radar,288,63,30,0,381,0,8,36,0,44,288,71,66,0,425,23,0,23,448
02/07/2002,ONT,CA,AWP,WE,Combined TRACON& Tower with Radar,269,68,28,0,365,0,14,42,0,56,269,82,70,0,421,3,0,3,424
02/08/2002,ONT,CA,AWP,WE,Combined TRACON& Tower with Radar,290,60,27,0,377,0,21,52,0,73,290,81,79,0,450,23,0,23,473
02/09/2002,ONT,CA,AWP,WE,Combined TRACON& Tower with Radar,171,33,14,0,218,18,4,13,0,35,189,37,27,0,253,15,0,15,268
02/10/2002,ONT,CA,AWP,WE,Combined TRACON& Tower with Radar,191,17,17,0,225,18,0,19,0,37,209,17,36,0,262,17,0,17,279
02/11/2002,ONT,CA,AWP,WE,Combined TRACON& Tower with Radar,249,54,23,0,326,0,8,49,2,59,249,62,72,2,385,64,0,64,449
02/12/2002,ONT,CA,AWP,WE,Combined TRACON& Tower with Radar,278,59,26,0,363,0,39,51,0,90,278,98,77,0,453,30,0,30,483
02/13/2002,ONT,CA,AWP,WE,Combined TRACON& Tower with Radar,268,69,25,2,364,0,16,61,0,77,268,85,86,2,441,6,0,6,447
02/14/2002,ONT,CA,AWP,WE,Combined TRACON& Tower with Radar,279,62,26,0,367,0,16,43,0,59,279,78,69,0,426,10,0,10,436
02/15/2002,ONT,CA,AWP,WE,Combined TRACON& Tower with Radar,274,73,19,0,366,0,3,32,0,35,274,76,51,0,401,19,0,19,420
02/16/2002,ONT,CA,AWP,WE,Combined TRACON& Tower with Radar,191,32,17,0,240,0,0,22,0,22,191,32,39,0,262,9,0,9,271
02/17/2002,ONT,CA,AWP,WE,Combined TRACON& Tower with Radar,209,15,19,0,243,21,0,16,0,37,230,15,35,0,280,16,0,16,296
02/18/2002,ONT,CA,AWP,WE,Combined TRACON& Tower with Radar,255,53,24,0,332,0,2,29,0,31,255,55,53,0,363,132,0,132,495
02/19/2002,ONT,CA,AWP,WE,Combined TRACON& Tower with Radar,282,57,26,0,365,2,21,21,0,44,284,78,47,0,409,65,0,65,474
02/20/2002,ONT,CA,AWP,WE,Combined TRACON& Tower with Radar,283,68,30,0,381,0,11,35,0,46,283,79,65,0,427,21,0,21,448
02/21/2002,ONT,CA,AWP,WE,Combined TRACON& Tower with Radar,267,55,25,0,347,0,19,58,0,77,267,74,83,0,424,38,0,38,462
02/22/2002,ONT,CA,AWP,WE,Combined TRACON& Tower with Radar,250,51,23,0,324,0,35,51,0,86,250,86,74,0,410,8,0,8,418
02/23/2002,ONT,CA,AWP,WE,Combined TRACON& Tower with Radar,184,37,17,0,238,4,0,22,0,26,188,37,39,0,264,60,0,60,324
02/24/2002,ONT,CA,AWP,WE,Combined TRACON& Tower with Radar,200,15,18,0,233,15,0,41,0,56,215,15,59,0,289,78,0,78,367
02/25/2002,ONT,CA,AWP,WE,Combined TRACON& Tower with Radar,245,50,23,0,318,6,11,21,0,38,251,61,44,0,356,135,0,135,491
02/26/2002,ONT,CA,AWP,WE,Combined TRACON& Tower with Radar,288,62,28,0,378,0,20,38,0,58,288,82,66,0,436,93,0,93,529
02/27/2002,ONT,CA,AWP,WE,Combined TRACON& Tower with Radar,297,60,29,0,386,0,14,43,0,57,297,74,72,0,443,22,0,22,465
02/28/2002,ONT,CA,AWP,WE,Combined TRACON& Tower with Radar,271,67,41,0,379,0,5,38,0,43,271,72,79,0,422,24,0,24,446
03/01/2002,ONT,CA,AWP,WE,Combined TRACON& Tower with Radar,283,61,22,0,366,1,9,41,0,51,284,70,63,0,417,46,0,46,463
03/02/2002,ONT,CA,AWP,WE,Combined TRACON& Tower with Radar,167,32,17,0,216,21,4,3,0,28,188,36,20,0,244,5,0,5,249
03/03/2002,ONT,CA,AWP,WE,Combined TRACON& Tower with Radar,179,12,18,0,209,34,0,24,4,62,213,12,42,4,271,85,0,85,356
03/04/2002,ONT,CA,AWP,WE,Combined TRACON& Tower with Radar,234,46,23,0,303,4,3,38,0,45,238,49,61,0,348,76,0,76,424
03/05/2002,ONT,CA,AWP,WE,Combined TRACON& Tower with Radar,275,54,27,0,356,7,40,41,0,88,282,94,68,0,444,37,0,37,481
03/06/2002,ONT,CA,AWP,WE,Combined TRACON& Tower with Radar,289,57,26,0,372,1,16,62,0,79,290,73,88,0,451,8,0,8,459
03/07/2002,ONT,CA,AWP,WE,Combined TRACON& Tower with Radar,264,70,28,0,362,1,2,0,0,3,265,72,28,0,365,4,0,4,369
03/08/2002,ONT,CA,AWP,WE,Combined TRACON& Tower with Radar,259,52,26,0,337,0,23,39,0,62,259,75,65,0,399,52,0,52,451
03/09/2002,ONT,CA,AWP,WE,Combined TRACON& Tower with Radar,189,32,19,0,240,11,0,13,1,25,200,32,32,1,265,44,0,44,309
03/10/2002,ONT,CA,AWP,WE,Combined TRACON& Tower with Radar,213,18,22,0,253,18,0,17,0,35,231,18,39,0,288,35,0,35,323
03/11/2002,ONT,CA,AWP,WE,Combined TRACON& Tower with Radar,248,48,25,0,321,0,8,27,0,35,248,56,52,0,356,48,0,48,404
03/12/2002,ONT,CA,AWP,WE,Combined TRACON& Tower with Radar,273,54,27,0,354,2,37,22,0,61,275,91,49,0,415,37,0,37,452
03/13/2002,ONT,CA,AWP,WE,Combined TRACON& Tower with Radar,287,60,20,0,367,1,12,26,0,39,288,72,46,0,406,4,0,4,410
03/14/2002,ONT,CA,AWP,WE,Combined TRACON& Tower with Radar,272,53,41,0,366,1,29,47,0,77,273,82,88,0,443,71,0,71,514
03/15/2002,ONT,CA,AWP,WE,Combined TRACON& Tower with Radar,276,60,23,0,359,1,12,60,0,73,277,72,83,0,432,0,0,0,432
03/16/2002,ONT,CA,AWP,WE,Combined TRACON& Tower with Radar,198,38,21,0,257,4,0,20,0,24,202,38,41,0,281,31,0,31,312
03/17/2002,ONT,CA,AWP,WE,Combined TRACON& Tower with Radar,222,18,22,0,262,18,0,16,0,34,240,18,38,0,296,54,0,54,350
03/18/2002,ONT,CA,AWP,WE,Combined TRACON& Tower with Radar,255,50,26,0,331,3,6,25,0,34,258,56,51,0,365,30,0,30,395
03/19/2002,ONT,CA,AWP,WE,Combined TRACON& Tower with Radar,282,56,29,0,367,0,19,19,0,38,282,75,48,0,405,36,0,36,441
03/20/2002,ONT,CA,AWP,WE,Combined TRACON& Tower with Radar,292,50,25,2,369,0,27,59,0,86,292,77,84,2,455,24,0,24,479
03/21/2002,ONT,CA,AWP,WE,Combined TRACON& Tower with Radar,285,64,23,0,372,0,5,77,0,82,285,69,100,0,454,47,0,47,501
03/22/2002,ONT,CA,AWP,WE,Combined TRACON& Tower with Radar,247,51,25,0,323,0,23,70,0,93,247,74,95,0,416,25,0,25,441
03/23/2002,ONT,CA,AWP,WE,Combined TRACON& Tower with Radar,186,34,19,0,239,0,0,27,0,27,186,34,46,0,266,10,0,10,276
03/24/2002,ONT,CA,AWP,WE,Combined TRACON& Tower with Radar,203,20,19,0,242,0,0,40,0,40,203,20,59,0,282,30,0,30,312
03/25/2002,ONT,CA,AWP,WE,Combined TRACON& Tower with Radar,240,48,24,0,312,0,1,43,0,44,240,49,67,0,356,54,0,54,410
03/26/2002,ONT,CA,AWP,WE,Combined TRACON& Tower with Radar,282,56,28,0,366,0,29,53,0,82,282,85,81,0,448,21,0,21,469
03/27/2002,ONT,CA,AWP,WE,Combined TRACON& Tower with Radar,278,59,22,3,362,0,17,52,0,69,278,76,74,3,431,0,0,0,431
03/28/2002,ONT,CA,AWP,WE,Combined TRACON& Tower with Radar,273,62,31,0,366,0,6,44,0,50,273,68,75,0,416,7,0,7,423
03/29/2002,ONT,CA,AWP,WE,Combined TRACON& Tower with Radar,259,59,28,0,346,0,16,57,0,73,259,75,85,0,419,14,0,14,433
03/30/2002,ONT,CA,AWP,WE,Combined TRACON& Tower with Radar,186,41,20,0,247,0,4,41,0,45,186,45,61,0,292,24,0,24,316
03/31/2002,ONT,CA,AWP,WE,Combined TRACON& Tower with Radar,219,22,22,0,263,0,0,20,0,20,219,22,42,0,283,32,0,32,315
04/01/2002,ONT,CA,AWP,WE,Combined TRACON& Tower with Radar,239,52,34,0,325,3,5,7,0,15,242,57,41,0,340,17,0,17,357
04/02/2002,ONT,CA,AWP,WE,Combined TRACON& Tower with Radar,280,60,40,0,380,1,13,22,0,36,281,73,62,0,416,66,0,66,482
04/03/2002,ONT,CA,AWP,WE,Combined TRACON& Tower with Radar,295,77,29,0,401,0,3,15,0,18,295,80,44,0,419,8,0,8,427
04/04/2002,ONT,CA,AWP,WE,Combined TRACON& Tower with Radar,268,68,42,0,378,0,5,46,0,51,268,73,88,0,429,47,0,47,476
04/05/2002,ONT,CA,AWP,WE,Combined TRACON& Tower with Radar,271,60,40,0,371,0,16,38,0,54,271,76,78,0,425,23,0,23,448
04/06/2002,ONT,CA,AWP,WE,Combined TRACON& Tower with Radar,200,35,28,0,263,0,0,38,0,38,200,35,66,0,301,39,0,39,340
04/07/2002,ONT,CA,AWP,WE,Combined TRACON& Tower with Radar,205,19,30,0,254,0,0,36,0,36,205,19,66,0,290,46,0,46,336
04/08/2002,ONT,CA,AWP,WE,Combined TRACON& Tower with Radar,235,50,33,0,318,14,0,5,0,19,249,50,38,0,337,106,0,106,443
04/09/2002,ONT,CA,AWP,WE,Combined TRACON& Tower with Radar,283,62,39,0,384,0,15,40,0,55,283,77,79,0,439,49,0,49,488
04/10/2002,ONT,CA,AWP,WE,Combined TRACON& Tower with Radar,283,69,33,5,390,0,6,46,0,52,283,75,79,5,442,32,0,32,474
04/11/2002,ONT,CA,AWP,WE,Combined TRACON& Tower with Radar,265,61,27,0,353,0,11,57,0,68,265,72,84,0,421,21,0,21,442
04/12/2002,ONT,CA,AWP,WE,Combined TRACON& Tower with Radar,268,61,40,0,369,0,9,38,0,47,268,70,78,0,416,20,0,20,436
04/13/2002,ONT,CA,AWP,WE,Combined TRACON& Tower with Radar,197,35,28,0,260,0,0,28,0,28,197,35,56,0,288,21,0,21,309
04/14/2002,ONT,CA,AWP,WE,Combined TRACON& Tower with Radar,183,19,25,0,227,16,0,19,0,35,199,19,44,0,262,10,0,10,272
04/15/2002,ONT,CA,AWP,WE,Combined TRACON& Tower with Radar,223,46,31,0,300,24,0,16,0,40,247,46,47,0,340,50,0,50,390
04/16/2002,ONT,CA,AWP,WE,Combined TRACON& Tower with Radar,279,62,40,0,381,0,24,32,0,56,279,86,72,0,437,42,0,42,479
04/17/2002,ONT,CA,AWP,WE,Combined TRACON& Tower with Radar,275,59,38,0,372,0,15,36,0,51,275,74,74,0,423,7,0,7,430
04/18/2002,ONT,CA,AWP,WE,Combined TRACON& Tower with Radar,272,65,37,0,374,0,9,61,0,70,272,74,98,0,444,19,0,19,463
04/19/2002,ONT,CA,AWP,WE,Combined TRACON& Tower with Radar,237,51,33,0,321,14,20,23,0,57,251,71,56,0,378,49,0,49,427
04/20/2002,ONT,CA,AWP,WE,Combined TRACON& Tower with Radar,167,35,23,0,225,23,0,10,0,33,190,35,33,0,258,7,0,7,265
04/21/2002,ONT,CA,AWP,WE,Combined TRACON& Tower with Radar,192,14,27,0,233,22,0,16,0,38,214,14,43,0,271,28,0,28,299
04/22/2002,ONT,CA,AWP,WE,Combined TRACON& Tower with Radar,244,53,34,0,331,1,0,36,0,37,245,53,70,0,368,38,0,38,406
04/23/2002,ONT,CA,AWP,WE,Combined TRACON& Tower with Radar,278,60,39,0,377,6,15,40,0,61,284,75,79,0,438,46,0,46,484
04/24/2002,ONT,CA,AWP,WE,Combined TRACON& Tower with Radar,275,65,30,0,370,0,18,52,0,70,275,83,82,0,440,11,0,11,451
04/25/2002,ONT,CA,AWP,WE,Combined TRACON& Tower with Radar,274,72,54,7,407,0,4,57,0,61,274,76,111,7,468,0,0,0,468
04/26/2002,ONT,CA,AWP,WE,Combined TRACON& Tower with Radar,269,58,37,0,364,0,10,43,0,53,269,68,80,0,417,8,0,8,425
04/27/2002,ONT,CA,AWP,WE,Combined TRACON& Tower with Radar,198,40,30,0,268,0,0,33,7,40,198,40,63,7,308,57,0,57,365
04/28/2002,ONT,CA,AWP,WE,Combined TRACON& Tower with Radar,231,45,35,0,311,0,0,139,0,139,231,45,174,0,450,49,2,51,501
04/29/2002,ONT,CA,AWP,WE,Combined TRACON& Tower with Radar,234,49,32,0,315,4,0,46,2,52,238,49,78,2,367,34,0,34,401
04/30/2002,ONT,CA,AWP,WE,Combined TRACON& Tower with Radar,278,66,42,0,386,0,41,24,0,65,278,107,66,0,451,45,0,45,496
05/01/2002,ONT,CA,AWP,WE,Combined TRACON& Tower with Radar,260,60,29,0,349,0,21,42,0,63,260,81,71,0,412,10,0,10,422
05/03/2002,ONT,CA,AWP,WE,Combined TRACON& Tower with Radar,263,60,28,0,351,0,20,20,0,40,263,80,48,0,391,20,0,20,411
05/04/2002,ONT,CA,AWP,WE,Combined TRACON& Tower with Radar,173,36,18,0,227,15,0,25,0,40,188,36,43,0,267,37,0,37,304
05/05/2002,ONT,CA,AWP,WE,Combined TRACON& Tower with Radar,207,36,23,0,266,0,0,26,0,26,207,36,49,0,292,40,0,40,332
05/06/2002,ONT,CA,AWP,WE,Combined TRACON& Tower with Radar,239,61,29,0,329,0,18,51,0,69,239,79,80,0,398,19,0,19,417
05/07/2002,ONT,CA,AWP,WE,Combined TRACON& Tower with Radar,297,74,35,0,406,0,12,35,2,49,297,86,70,2,455,18,0,18,473
05/08/2002,ONT,CA,AWP,WE,Combined TRACON& Tower with Radar,283,69,31,0,383,0,7,34,0,41,283,76,65,0,424,20,0,20,444
05/09/2002,ONT,CA,AWP,WE,Combined TRACON& Tower with Radar,279,68,26,0,373,0,13,58,3,74,279,81,84,3,447,9,0,9,456
05/10/2002,ONT,CA,AWP,WE,Combined TRACON& Tower with Radar,273,87,48,0,408,0,2,22,0,24,273,89,70,0,432,49,0,49,481
05/11/2002,ONT,CA,AWP,WE,Combined TRACON& Tower with Radar,202,36,22,0,260,3,0,26,0,29,205,36,48,0,289,59,0,59,348
05/12/2002,ONT,CA,AWP,WE,Combined TRACON& Tower with Radar,168,18,19,0,205,29,0,7,0,36,197,18,26,0,241,37,0,37,278
05/13/2002,ONT,CA,AWP,WE,Combined TRACON& Tower with Radar,239,56,26,0,321,0,15,25,0,40,239,71,51,0,361,80,0,80,441
05/14/2002,ONT,CA,AWP,WE,Combined TRACON& Tower with Radar,272,62,30,0,364,0,20,17,0,37,272,82,47,0,401,51,0,51,452
05/15/2002,ONT,CA,AWP,WE,Combined TRACON& Tower with Radar,283,68,43,0,394,0,6,50,0,56,283,74,93,0,450,5,0,5,455
05/16/2002,ONT,CA,AWP,WE,Combined TRACON& Tower with Radar,270,61,30,0,361,3,3,17,0,23,273,64,47,0,384,10,0,10,394
05/17/2002,ONT,CA,AWP,WE,Combined TRACON& Tower with Radar,263,66,31,0,360,0,11,60,0,71,263,77,91,0,431,14,0,14,445
05/18/2002,ONT,CA,AWP,WE,Combined TRACON& Tower with Radar,196,32,22,0,250,0,0,19,0,19,196,32,41,0,269,23,0,23,292
05/19/2002,ONT,CA,AWP,WE,Combined TRACON& Tower with Radar,219,20,24,0,263,0,0,33,0,33,219,20,57,0,296,42,0,42,338
05/20/2002,ONT,CA,AWP,WE,Combined TRACON& Tower with Radar,236,55,26,0,317,0,7,27,0,34,236,62,53,0,351,17,0,17,368
05/21/2002,ONT,CA,AWP,WE,Combined TRACON& Tower with Radar,289,66,31,0,386,15,6,53,0,74,304,72,84,0,460,70,0,70,530
05/22/2002,ONT,CA,AWP,WE,Combined TRACON& Tower with Radar,279,53,21,0,353,0,22,49,0,71,279,75,70,0,424,58,0,58,482
05/23/2002,ONT,CA,AWP,WE,Combined TRACON& Tower with Radar,265,60,29,0,354,13,13,42,0,68,278,73,71,0,422,36,0,36,458
05/24/2002,ONT,CA,AWP,WE,Combined TRACON& Tower with Radar,266,62,29,0,357,0,24,33,0,57,266,86,62,0,414,19,0,19,433
05/25/2002,ONT,CA,AWP,WE,Combined TRACON& Tower with Radar,184,31,20,0,235,18,0,12,0,30,202,31,32,0,265,31,0,31,296
05/26/2002,ONT,CA,AWP,WE,Combined TRACON& Tower with Radar,169,31,18,0,218,4,0,13,0,17,173,31,31,0,235,21,0,21,256
05/27/2002,ONT,CA,AWP,WE,Combined TRACON& Tower with Radar,189,22,21,0,232,12,0,36,0,48,201,22,57,0,280,39,0,39,319
05/28/2002,ONT,CA,AWP,WE,Combined TRACON& Tower with Radar,258,62,30,0,350,0,35,38,0,73,258,97,68,0,423,48,0,48,471
05/29/2002,ONT,CA,AWP,WE,Combined TRACON& Tower with Radar,286,91,29,0,406,0,20,54,0,74,286,111,83,0,480,53,0,53,533
05/31/2002,ONT,CA,AWP,WE,Combined TRACON& Tower with Radar,248,57,26,0,331,20,0,19,0,39,268,57,45,0,370,6,0,6,376
06/01/2002,ONT,CA,AWP,WE,Combined TRACON& Tower with Radar,224,36,24,0,284,7,0,10,0,17,231,36,34,0,301,78,0,78,379
06/02/2002,ONT,CA,AWP,WE,Combined TRACON& Tower with Radar,227,41,24,0,292,0,0,13,0,13,227,41,37,0,305,35,0,35,340
06/03/2002,ONT,CA,AWP,WE,Combined TRACON& Tower with Radar,247,47,27,0,321,1,6,32,0,39,248,53,59,0,360,30,0,30,390
06/04/2002,ONT,CA,AWP,WE,Combined TRACON& Tower with Radar,286,59,34,0,379,0,20,32,0,52,286,79,66,0,431,40,0,40,471
06/05/2002,ONT,CA,AWP,WE,Combined TRACON& Tower with Radar,274,64,26,2,366,0,10,54,0,64,274,74,80,2,430,88,0,88,518
06/06/2002,ONT,CA,AWP,WE,Combined TRACON& Tower with Radar,275,70,30,0,375,0,5,42,0,47,275,75,72,0,422,16,0,16,438
06/07/2002,ONT,CA,AWP,WE,Combined TRACON& Tower with Radar,281,59,33,0,373,0,13,60,0,73,281,72,93,0,446,81,0,81,527
06/08/2002,ONT,CA,AWP,WE,Combined TRACON& Tower with Radar,204,40,23,0,267,0,5,18,0,23,204,45,41,0,290,27,0,27,317
06/09/2002,ONT,CA,AWP,WE,Combined TRACON& Tower with Radar,200,16,22,0,238,29,0,7,1,37,229,16,29,1,275,80,0,80,355
06/10/2002,ONT,CA,AWP,WE,Combined TRACON& Tower with Radar,257,51,27,0,335,0,21,18,2,41,257,72,45,2,376,24,0,24,400
06/11/2002,ONT,CA,AWP,WE,Combined TRACON& Tower with Radar,281,71,40,0,392,0,7,46,0,53,281,78,86,0,445,42,0,42,487
06/12/2002,ONT,CA,AWP,WE,Combined TRACON& Tower with Radar,282,62,29,0,373,0,15,41,0,56,282,77,70,0,429,45,0,45,474
06/13/2002,ONT,CA,AWP,WE,Combined TRACON& Tower with Radar,268,53,30,0,351,3,15,67,0,85,271,68,97,0,436,0,10,10,446
06/14/2002,ONT,CA,AWP,WE,Combined TRACON& Tower with Radar,268,53,29,0,350,2,13,50,0,65,270,66,79,0,415,44,0,44,459
06/15/2002,ONT,CA,AWP,WE,Combined TRACON& Tower with Radar,216,33,24,0,273,7,0,23,0,30,223,33,47,0,303,127,0,127,430
06/16/2002,ONT,CA,AWP,WE,Combined TRACON& Tower with Radar,205,20,21,0,246,25,0,26,0,51,230,20,47,0,297,45,0,45,342
06/17/2002,ONT,CA,AWP,WE,Combined TRACON& Tower with Radar,256,51,26,0,333,16,0,40,0,56,272,51,66,0,389,64,0,64,453
06/18/2002,ONT,CA,AWP,WE,Combined TRACON& Tower with Radar,299,63,33,0,395,0,27,53,0,80,299,90,86,0,475,33,0,33,508
06/19/2002,ONT,CA,AWP,WE,Combined TRACON& Tower with Radar,292,62,28,1,383,0,17,64,0,81,292,79,92,1,464,27,0,27,491
06/20/2002,ONT,CA,AWP,WE,Combined TRACON& Tower with Radar,275,65,32,0,372,0,8,55,0,63,275,73,87,0,435,6,0,6,441
06/21/2002,ONT,CA,AWP,WE,Combined TRACON& Tower with Radar,268,62,33,0,363,0,12,26,0,38,268,74,59,0,401,13,0,13,414
06/22/2002,ONT,CA,AWP,WE,Combined TRACON& Tower with Radar,221,42,23,0,286,10,0,20,0,30,231,42,43,0,316,76,0,76,392
06/23/2002,ONT,CA,AWP,WE,Combined TRACON& Tower with Radar,203,14,22,0,239,21,0,20,0,41,224,14,42,0,280,43,0,43,323
06/24/2002,ONT,CA,AWP,WE,Combined TRACON& Tower with Radar,241,48,26,0,315,9,4,28,0,41,250,52,54,0,356,15,0,15,371
06/25/2002,ONT,CA,AWP,WE,Combined TRACON& Tower with Radar,291,61,33,0,385,0,22,51,0,73,291,83,84,0,458,39,0,39,497
06/26/2002,ONT,CA,AWP,WE,Combined TRACON& Tower with Radar,289,65,32,0,386,0,18,69,0,87,289,83,101,0,473,19,0,19,492
06/27/2002,ONT,CA,AWP,WE,Combined TRACON& Tower with Radar,268,64,34,0,366,0,7,27,0,34,268,71,61,0,400,33,0,33,433
06/28/2002,ONT,CA,AWP,WE,Combined TRACON& Tower with Radar,288,60,32,0,380,0,15,15,0,30,288,75,47,0,410,77,0,77,487
06/29/2002,ONT,CA,AWP,WE,Combined TRACON& Tower with Radar,212,43,23,0,278,0,0,8,0,8,212,43,31,0,286,41,0,41,327
06/30/2002,ONT,CA,AWP,WE,Combined TRACON& Tower with Radar,242,16,25,0,283,0,1,23,0,24,242,17,48,0,307,21,0,21,328
07/01/2002,ONT,CA,AWP,WE,Combined TRACON& Tower with Radar,259,46,25,0,330,9,0,36,0,45,268,46,61,0,375,20,0,20,395
07/02/2002,ONT,CA,AWP,WE,Combined TRACON& Tower with Radar,285,74,18,0,377,0,29,34,0,63,285,103,52,0,440,0,0,0,440
07/03/2002,ONT,CA,AWP,WE,Combined TRACON& Tower with Radar,276,70,28,0,374,0,7,33,0,40,276,77,61,0,414,30,0,30,444
07/04/2002,ONT,CA,AWP,WE,Combined TRACON& Tower with Radar,202,20,26,0,248,0,3,10,0,13,202,23,36,0,261,8,0,8,269
07/05/2002,ONT,CA,AWP,WE,Combined TRACON& Tower with Radar,217,53,37,0,307,0,3,5,0,8,217,56,42,0,315,20,0,20,335
07/06/2002,ONT,CA,AWP,WE,Combined TRACON& Tower with Radar,213,36,20,0,269,8,0,13,0,21,221,36,33,0,290,46,0,46,336
07/07/2002,ONT,CA,AWP,WE,Combined TRACON& Tower with Radar,223,22,22,0,267,0,0,13,0,13,223,22,35,0,280,46,0,46,326
07/08/2002,ONT,CA,AWP,WE,Combined TRACON& Tower with Radar,250,49,25,0,324,0,18,30,0,48,250,67,55,0,372,27,0,27,399
07/09/2002,ONT,CA,AWP,WE,Combined TRACON& Tower with Radar,279,53,27,0,359,90,29,4,0,123,369,82,31,0,482,70,0,70,552
07/10/2002,ONT,CA,AWP,WE,Combined TRACON& Tower with Radar,278,56,29,0,363,0,18,25,1,44,278,74,54,1,407,6,0,6,413
07/11/2002,ONT,CA,AWP,WE,Combined TRACON& Tower with Radar,280,53,27,0,360,133,225,47,54,459,413,278,74,54,819,1,6,7,826
07/12/2002,ONT,CA,AWP,WE,Combined TRACON& Tower with Radar,301,57,30,0,388,2,11,47,0,60,303,68,77,0,448,28,0,28,476
07/13/2002,ONT,CA,AWP,WE,Combined TRACON& Tower with Radar,192,33,18,0,243,20,0,7,0,27,212,33,25,0,270,22,0,22,292
07/14/2002,ONT,CA,AWP,WE,Combined TRACON& Tower with Radar,223,19,21,0,263,1,0,24,0,25,224,19,45,0,288,44,0,44,332
07/15/2002,ONT,CA,AWP,WE,Combined TRACON& Tower with Radar,265,50,27,0,342,0,25,1,0,26,265,75,28,0,368,69,0,69,437
07/16/2002,ONT,CA,AWP,WE,Combined TRACON& Tower with Radar,293,60,31,0,384,0,20,36,0,56,293,80,67,0,440,30,0,30,470
07/17/2002,ONT,CA,AWP,WE,Combined TRACON& Tower with Radar,283,62,32,0,377,0,16,61,0,77,283,78,93,0,454,27,0,27,481
07/18/2002,ONT,CA,AWP,WE,Combined TRACON& Tower with Radar,277,61,31,0,369,0,15,45,0,60,277,76,76,0,429,22,0,22,451
07/19/2002,ONT,CA,AWP,WE,Combined TRACON& Tower with Radar,284,56,30,0,370,0,19,13,0,32,284,75,43,0,402,14,0,14,416
07/20/2002,ONT,CA,AWP,WE,Combined TRACON& Tower with Radar,206,36,22,0,264,0,0,21,0,21,206,36,43,0,285,24,0,24,309
07/21/2002,ONT,CA,AWP,WE,Combined TRACON& Tower with Radar,206,23,20,0,249,20,0,9,0,29,226,23,29,0,278,18,0,18,296
07/22/2002,ONT,CA,AWP,WE,Combined TRACON& Tower with Radar,246,49,25,0,320,0,0,34,0,34,246,49,59,0,354,26,0,26,380
07/23/2002,ONT,CA,AWP,WE,Combined TRACON& Tower with Radar,262,49,25,0,336,27,0,25,0,52,289,49,50,0,388,16,0,16,404
07/24/2002,ONT,CA,AWP,WE,Combined TRACON& Tower with Radar,289,68,36,0,393,0,8,44,0,52,289,76,80,0,445,34,0,34,479
07/25/2002,ONT,CA,AWP,WE,Combined TRACON& Tower with Radar,279,61,39,0,379,0,15,53,0,68,279,76,92,0,447,44,0,44,491
07/26/2002,ONT,CA,AWP,WE,Combined TRACON& Tower with Radar,271,53,27,0,351,5,16,26,0,47,276,69,53,0,398,66,0,66,464
07/27/2002,ONT,CA,AWP,WE,Combined TRACON& Tower with Radar,203,34,20,0,257,0,0,12,0,12,203,34,32,0,269,58,0,58,327
07/28/2002,ONT,CA,AWP,WE,Combined TRACON& Tower with Radar,207,18,20,0,245,15,0,34,3,52,222,18,54,3,297,47,0,47,344
07/29/2002,ONT,CA,AWP,WE,Combined TRACON& Tower with Radar,247,51,25,0,323,0,16,30,0,46,247,67,55,0,369,54,0,54,423
07/30/2002,ONT,CA,AWP,WE,Combined TRACON& Tower with Radar,301,61,31,0,393,0,20,39,0,59,301,81,70,0,452,30,0,30,482
07/31/2002,ONT,CA,AWP,WE,Combined TRACON& Tower with Radar,286,59,29,0,374,0,18,58,1,77,286,77,87,1,451,21,0,21,472
08/01/2002,ONT,CA,AWP,WE,Combined TRACON& Tower with Radar,283,74,26,0,383,4,12,26,4,46,287,86,52,4,429,18,0,18,447
08/02/2002,ONT,CA,AWP,WE,Combined TRACON& Tower with Radar,273,74,32,0,379,17,0,13,0,30,290,74,45,0,409,28,0,28,437
08/03/2002,ONT,CA,AWP,WE,Combined TRACON& Tower with Radar,210,36,24,1,271,15,0,8,0,23,225,36,32,1,294,11,0,11,305
08/04/2002,ONT,CA,AWP,WE,Combined TRACON& Tower with Radar,182,24,22,0,228,43,0,3,0,46,225,24,25,0,274,53,0,53,327
08/05/2002,ONT,CA,AWP,WE,Combined TRACON& Tower with Radar,251,67,29,0,347,10,3,8,0,21,261,70,37,0,368,39,0,39,407
08/06/2002,ONT,CA,AWP,WE,Combined TRACON& Tower with Radar,262,71,31,0,364,25,11,24,0,60,287,82,55,0,424,32,0,32,456
08/07/2002,ONT,CA,AWP,WE,Combined TRACON& Tower with Radar,271,68,13,0,352,3,10,57,0,70,274,78,70,0,422,9,0,9,431
08/08/2002,ONT,CA,AWP,WE,Combined TRACON& Tower with Radar,292,65,22,0,379,3,12,61,0,76,295,77,83,0,455,45,0,45,500
08/09/2002,ONT,CA,AWP,WE,Combined TRACON& Tower with Radar,248,68,28,0,344,23,16,28,0,67,271,84,56,0,411,24,0,24,435
08/10/2002,ONT,CA,AWP,WE,Combined TRACON& Tower with Radar,211,43,23,0,277,6,0,22,0,28,217,43,45,0,305,49,0,49,354
08/11/2002,ONT,CA,AWP,WE,Combined TRACON& Tower with Radar,183,25,21,0,229,35,0,4,0,39,218,25,25,0,268,9,0,9,277
08/12/2002,ONT,CA,AWP,WE,Combined TRACON& Tower with Radar,228,61,26,0,315,33,0,26,0,59,261,61,52,0,374,18,0,18,392
08/13/2002,ONT,CA,AWP,WE,Combined TRACON& Tower with Radar,297,81,33,0,411,6,12,21,0,39,303,93,54,0,450,17,0,17,467
08/14/2002,ONT,CA,AWP,WE,Combined TRACON& Tower with Radar,298,75,39,0,412,3,7,52,0,62,301,82,91,0,474,13,0,13,487
08/15/2002,ONT,CA,AWP,WE,Combined TRACON& Tower with Radar,311,73,37,0,421,3,12,15,0,30,314,85,52,0,451,0,0,0,451
08/16/2002,ONT,CA,AWP,WE,Combined TRACON& Tower with Radar,281,78,32,1,392,0,2,25,0,27,281,80,57,1,419,49,0,49,468
08/17/2002,ONT,CA,AWP,WE,Combined TRACON& Tower with Radar,215,41,24,0,280,0,0,12,0,12,215,41,36,0,292,32,0,32,324
08/18/2002,ONT,CA,AWP,WE,Combined TRACON& Tower with Radar,218,22,24,0,264,21,0,19,0,40,239,22,43,0,304,13,0,13,317
08/19/2002,ONT,CA,AWP,WE,Combined TRACON& Tower with Radar,268,60,30,0,358,5,0,22,0,27,273,60,52,0,385,9,0,9,394
08/20/2002,ONT,CA,AWP,WE,Combined TRACON& Tower with Radar,302,82,25,0,409,12,8,0,0,20,314,90,25,0,429,0,0,0,429
08/21/2002,ONT,CA,AWP,WE,Combined TRACON& Tower with Radar,273,81,24,1,379,3,2,29,0,34,276,83,53,1,413,0,0,0,413
08/22/2002,ONT,CA,AWP,WE,Combined TRACON& Tower with Radar,273,74,29,0,376,3,0,18,0,21,276,74,47,0,397,6,0,6,403
08/23/2002,ONT,CA,AWP,WE,Combined TRACON& Tower with Radar,272,73,31,0,376,0,0,33,0,33,272,73,64,0,409,23,0,23,432
08/24/2002,ONT,CA,AWP,WE,Combined TRACON& Tower with Radar,199,40,23,0,262,10,0,24,0,34,209,40,47,0,296,44,0,44,340
08/25/2002,ONT,CA,AWP,WE,Combined TRACON& Tower with Radar,223,26,24,0,273,5,0,30,0,35,228,26,54,0,308,27,0,27,335
08/26/2002,ONT,CA,AWP,WE,Combined TRACON& Tower with Radar,246,61,27,1,335,5,0,32,0,37,251,61,59,1,372,22,0,22,394
08/27/2002,ONT,CA,AWP,WE,Combined TRACON& Tower with Radar,290,80,33,0,403,0,15,50,0,65,290,95,83,0,468,35,0,35,503
08/28/2002,ONT,CA,AWP,WE,Combined TRACON& Tower with Radar,290,81,41,0,412,3,2,40,0,45,293,83,81,0,457,2,0,2,459
08/29/2002,ONT,CA,AWP,WE,Combined TRACON& Tower with Radar,279,76,32,2,389,0,8,46,0,54,279,84,78,2,443,26,0,26,469
08/30/2002,ONT,CA,AWP,WE,Combined TRACON& Tower with Radar,270,73,30,0,373,12,23,21,0,56,282,96,51,0,429,51,0,51,480
08/31/2002,ONT,CA,AWP,WE,Combined TRACON& Tower with Radar,180,38,21,0,239,21,0,27,1,49,201,38,48,1,288,27,0,27,315
09/01/2002,ONT,CA,AWP,WE,Combined TRACON& Tower with Radar,151,17,17,0,185,33,0,9,0,42,184,17,26,0,227,29,0,29,256
09/02/2002,ONT,CA,AWP,WE,Combined TRACON& Tower with Radar,208,30,23,0,261,8,0,29,0,37,216,30,52,0,298,19,0,19,317
09/03/2002,ONT,CA,AWP,WE,Combined TRACON& Tower with Radar,240,51,26,0,317,0,27,24,0,51,240,78,50,0,368,14,0,14,382
09/04/2002,ONT,CA,AWP,WE,Combined TRACON& Tower with Radar,265,76,29,0,370,0,12,32,0,44,265,88,61,0,414,0,0,0,414
09/05/2002,ONT,CA,AWP,WE,Combined TRACON& Tower with Radar,270,74,31,0,375,0,39,19,0,58,270,113,50,0,433,8,0,8,441
09/06/2002,ONT,CA,AWP,WE,Combined TRACON& Tower with Radar,258,56,30,0,344,13,21,23,0,57,271,77,53,0,401,30,0,30,431
09/07/2002,ONT,CA,AWP,WE,Combined TRACON& Tower with Radar,194,35,22,0,251,15,0,17,0,32,209,35,39,0,283,22,0,22,305
09/08/2002,ONT,CA,AWP,WE,Combined TRACON& Tower with Radar,230,27,26,0,283,0,0,26,0,26,230,27,52,0,309,38,0,38,347
09/09/2002,ONT,CA,AWP,WE,Combined TRACON& Tower with Radar,245,56,30,0,331,0,16,34,0,50,245,72,64,0,381,68,0,68,449
09/10/2002,ONT,CA,AWP,WE,Combined TRACON& Tower with Radar,274,66,34,0,374,0,38,56,0,94,274,104,90,0,468,107,0,107,575
09/11/2002,ONT,CA,AWP,WE,Combined TRACON& Tower with Radar,286,70,33,1,390,0,18,49,0,67,286,88,82,1,457,26,0,26,483
09/12/2002,ONT,CA,AWP,WE,Combined TRACON& Tower with Radar,272,60,30,1,363,3,32,39,0,74,275,92,69,1,437,20,0,20,457
09/13/2002,ONT,CA,AWP,WE,Combined TRACON& Tower with Radar,266,64,32,0,362,0,20,39,0,59,266,84,71,0,421,22,0,22,443
09/14/2002,ONT,CA,AWP,WE,Combined TRACON& Tower with Radar,205,43,23,0,271,3,0,9,0,12,208,43,32,0,283,61,0,61,344
09/15/2002,ONT,CA,AWP,WE,Combined TRACON& Tower with Radar,201,30,22,0,253,15,0,24,0,39,216,30,46,0,292,18,0,18,310
09/16/2002,ONT,CA,AWP,WE,Combined TRACON& Tower with Radar,258,57,29,0,344,2,14,20,0,36,260,71,49,0,380,60,0,60,440
09/17/2002,ONT,CA,AWP,WE,Combined TRACON& Tower with Radar,269,64,32,0,365,0,29,39,0,68,269,93,71,0,433,32,0,32,465
09/18/2002,ONT,CA,AWP,WE,Combined TRACON& Tower with Radar,301,63,37,0,401,0,14,35,0,49,301,77,72,0,450,58,0,58,508
09/19/2002,ONT,CA,AWP,WE,Combined TRACON& Tower with Radar,254,68,29,0,351,0,2,0,0,2,254,70,29,0,353,46,0,46,399
09/20/2002,ONT,CA,AWP,WE,Combined TRACON& Tower with Radar,264,58,30,0,352,12,13,17,0,42,276,71,47,0,394,50,0,50,444
09/21/2002,ONT,CA,AWP,WE,Combined TRACON& Tower with Radar,190,40,21,0,251,16,0,2,0,18,206,40,23,0,269,36,0,36,305
09/22/2002,ONT,CA,AWP,WE,Combined TRACON& Tower with Radar,221,25,24,0,270,24,0,8,0,32,245,25,32,0,302,16,0,16,318
09/23/2002,ONT,CA,AWP,WE,Combined TRACON& Tower with Radar,246,54,27,0,327,6,10,15,6,37,252,64,42,6,364,53,0,53,417
09/24/2002,ONT,CA,AWP,WE,Combined TRACON& Tower with Radar,305,68,34,0,407,2,36,35,1,74,307,104,69,1,481,3,0,3,484
09/25/2002,ONT,CA,AWP,WE,Combined TRACON& Tower with Radar,289,66,18,2,375,0,14,62,0,76,289,80,80,2,451,4,0,4,455
09/26/2002,ONT,CA,AWP,WE,Combined TRACON& Tower with Radar,272,75,33,0,380,0,6,27,0,33,272,81,60,0,413,0,0,0,413
09/27/2002,ONT,CA,AWP,WE,Combined TRACON& Tower with Radar,274,65,33,0,372,0,16,26,0,42,274,81,59,0,414,46,0,46,460
09/28/2002,ONT,CA,AWP,WE,Combined TRACON& Tower with Radar,206,44,26,0,276,0,0,11,0,11,206,44,37,0,287,35,0,35,322
09/29/2002,ONT,CA,AWP,WE,Combined TRACON& Tower with Radar,219,26,25,0,270,0,0,11,1,12,219,26,36,1,282,35,0,35,317
09/30/2002,ONT,CA,AWP,WE,Combined TRACON& Tower with Radar,270,61,30,0,361,0,11,18,0,29,270,72,48,0,390,23,0,23,413
10/01/2002,ONT,CA,AWP,WE,Combined TRACON& Tower with Radar,287,77,33,0,397,5,11,16,0,32,292,88,49,0,429,50,0,50,479
10/02/2002,ONT,CA,AWP,WE,Combined TRACON& Tower with Radar,279,69,23,0,371,1,14,37,0,52,280,83,60,0,423,18,0,18,441
10/03/2002,ONT,CA,AWP,WE,Combined TRACON& Tower with Radar,283,66,24,0,373,1,18,41,0,60,284,84,65,0,433,12,0,12,445
10/04/2002,ONT,CA,AWP,WE,Combined TRACON& Tower with Radar,254,68,29,1,352,20,8,30,1,59,274,76,59,2,411,26,0,26,437
10/05/2002,ONT,CA,AWP,WE,Combined TRACON& Tower with Radar,193,33,14,1,241,21,0,0,0,21,214,33,14,1,262,44,0,44,306
10/06/2002,ONT,CA,AWP,WE,Combined TRACON& Tower with Radar,211,31,24,0,266,6,0,27,0,33,217,31,51,0,299,37,0,37,336
10/07/2002,ONT,CA,AWP,WE,Combined TRACON& Tower with Radar,264,68,29,0,361,6,0,48,0,54,270,68,77,0,415,21,0,21,436
10/08/2002,ONT,CA,AWP,WE,Combined TRACON& Tower with Radar,270,73,29,0,372,32,25,20,0,77,302,98,49,0,449,19,0,19,468
10/09/2002,ONT,CA,AWP,WE,Combined TRACON& Tower with Radar,296,64,26,0,386,1,16,49,0,66,297,80,75,0,452,0,0,0,452
10/10/2002,ONT,CA,AWP,WE,Combined TRACON& Tower with Radar,273,78,26,0,377,1,2,20,0,23,274,80,46,0,400,12,0,12,412
10/11/2002,ONT,CA,AWP,WE,Combined TRACON& Tower with Radar,259,70,29,0,358,8,15,10,2,35,267,85,39,2,393,23,0,23,416
10/12/2002,ONT,CA,AWP,WE,Combined TRACON& Tower with Radar,201,40,22,0,263,10,0,19,0,29,211,40,41,0,292,44,0,44,336
10/13/2002,ONT,CA,AWP,WE,Combined TRACON& Tower with Radar,198,17,30,0,245,1,1,16,0,18,199,18,46,0,263,47,0,47,310
10/14/2002,ONT,CA,AWP,WE,Combined TRACON& Tower with Radar,312,65,39,0,416,0,0,12,0,12,312,65,51,0,428,86,0,86,514
10/15/2002,ONT,CA,AWP,WE,Combined TRACON& Tower with Radar,298,80,34,0,412,3,66,15,0,84,301,146,49,0,496,6,0,6,502
10/16/2002,ONT,CA,AWP,WE,Combined TRACON& Tower with Radar,275,102,49,0,426,1,2,24,0,27,276,104,73,0,453,9,0,9,462
10/17/2002,ONT,CA,AWP,WE,Combined TRACON& Tower with Radar,277,74,31,0,382,12,12,45,0,69,289,86,76,0,451,0,0,0,451
10/18/2002,ONT,CA,AWP,WE,Combined TRACON& Tower with Radar,283,71,32,0,386,1,0,27,0,28,284,71,59,0,414,17,0,17,431
10/19/2002,ONT,CA,AWP,WE,Combined TRACON& Tower with Radar,209,28,13,0,250,1,8,10,0,19,210,36,23,0,269,0,0,0,269
10/20/2002,ONT,CA,AWP,WE,Combined TRACON& Tower with Radar,214,31,24,0,269,3,0,14,0,17,217,31,38,0,286,13,0,13,299
10/21/2002,ONT,CA,AWP,WE,Combined TRACON& Tower with Radar,252,79,33,0,364,0,44,21,0,65,252,123,54,0,429,0,0,0,429
10/22/2002,ONT,CA,AWP,WE,Combined TRACON& Tower with Radar,286,81,34,0,401,0,25,37,0,62,286,106,71,0,463,54,0,54,517
10/23/2002,ONT,CA,AWP,WE,Combined TRACON& Tower with Radar,272,73,36,0,381,1,9,56,0,66,273,82,92,0,447,18,0,18,465
10/24/2002,ONT,CA,AWP,WE,Combined TRACON& Tower with Radar,293,80,32,0,405,0,50,25,2,77,293,130,57,2,482,0,0,0,482
10/25/2002,ONT,CA,AWP,WE,Combined TRACON& Tower with Radar,287,80,33,0,400,0,3,20,2,25,287,83,53,2,425,25,0,25,450
10/26/2002,ONT,CA,AWP,WE,Combined TRACON& Tower with Radar,197,48,21,0,266,3,0,17,0,20,200,48,38,0,286,79,0,79,365
10/27/2002,ONT,CA,AWP,WE,Combined TRACON& Tower with Radar,220,24,25,0,269,0,0,49,0,49,220,24,74,0,318,51,0,51,369
10/28/2002,ONT,CA,AWP,WE,Combined TRACON& Tower with Radar,256,68,28,0,352,1,0,43,0,44,257,68,71,0,396,17,0,17,413
10/29/2002,ONT,CA,AWP,WE,Combined TRACON& Tower with Radar,273,82,34,0,389,0,20,53,0,73,273,102,87,0,462,24,0,24,486
10/30/2002,ONT,CA,AWP,WE,Combined TRACON& Tower with Radar,303,125,24,0,452,1,2,50,0,53,304,127,74,0,505,10,0,10,515
10/31/2002,ONT,CA,AWP,WE,Combined TRACON& Tower with Radar,288,104,40,0,432,0,5,41,0,46,288,109,81,0,478,0,0,0,478
11/01/2002,ONT,CA,AWP,WE,Combined TRACON& Tower with Radar,270,76,28,0,374,0,11,50,0,61,270,87,78,0,435,42,0,42,477
11/02/2002,ONT,CA,AWP,WE,Combined TRACON& Tower with Radar,208,44,21,0,273,0,0,56,0,56,208,44,77,0,329,80,0,80,409
11/03/2002,ONT,CA,AWP,WE,Combined TRACON& Tower with Radar,244,37,25,0,306,0,0,65,0,65,244,37,90,0,371,24,0,24,395
11/04/2002,ONT,CA,AWP,WE,Combined TRACON& Tower with Radar,245,62,24,0,331,0,0,47,0,47,245,62,71,0,378,25,0,25,403
11/05/2002,ONT,CA,AWP,WE,Combined TRACON& Tower with Radar,282,82,38,0,402,1,12,34,0,47,283,94,72,0,449,74,0,74,523
11/06/2002,ONT,CA,AWP,WE,Combined TRACON& Tower with Radar,275,83,24,0,382,1,25,37,0,63,276,108,61,0,445,0,0,0,445
11/07/2002,ONT,CA,AWP,WE,Combined TRACON& Tower with Radar,282,85,18,0,385,1,10,28,0,39,283,95,46,0,424,4,0,4,428
11/08/2002,ONT,CA,AWP,WE,Combined TRACON& Tower with Radar,284,69,17,0,370,1,4,0,0,5,285,73,17,0,375,0,0,0,375
11/09/2002,ONT,CA,AWP,WE,Combined TRACON& Tower with Radar,221,43,17,0,281,1,4,0,0,5,222,47,17,0,286,0,0,0,286
11/10/2002,ONT,CA,AWP,WE,Combined TRACON& Tower with Radar,189,28,19,0,236,17,0,4,0,21,206,28,23,0,257,3,0,3,260
11/11/2002,ONT,CA,AWP,WE,Combined TRACON& Tower with Radar,246,62,24,0,332,5,8,44,0,57,251,70,68,0,389,65,0,65,454
11/12/2002,ONT,CA,AWP,WE,Combined TRACON& Tower with Radar,275,110,20,0,405,1,15,44,0,60,276,125,64,0,465,19,0,19,484
11/13/2002,ONT,CA,AWP,WE,Combined TRACON& Tower with Radar,286,89,25,0,400,1,12,56,0,69,287,101,81,0,469,0,0,0,469
11/14/2002,ONT,CA,AWP,WE,Combined TRACON& Tower with Radar,286,72,26,0,384,1,26,42,0,69,287,98,68,0,453,0,0,0,453
11/15/2002,ONT,CA,AWP,WE,Combined TRACON& Tower with Radar,276,70,27,0,373,0,24,39,0,63,276,94,66,0,436,24,0,24,460
11/16/2002,ONT,CA,AWP,WE,Combined TRACON& Tower with Radar,214,53,21,0,288,5,2,15,0,22,219,55,36,0,310,84,0,84,394
11/17/2002,ONT,CA,AWP,WE,Combined TRACON& Tower with Radar,196,22,19,0,237,28,0,22,0,50,224,22,41,0,287,41,0,41,328
11/18/2002,ONT,CA,AWP,WE,Combined TRACON& Tower with Radar,238,69,27,0,334,0,45,23,0,68,238,114,50,0,402,52,0,52,454
11/19/2002,ONT,CA,AWP,WE,Combined TRACON& Tower with Radar,298,88,18,0,404,1,20,23,0,44,299,108,41,0,448,3,0,3,451
11/20/2002,ONT,CA,AWP,WE,Combined TRACON& Tower with Radar,271,59,27,0,357,1,13,36,0,50,272,72,63,0,407,0,0,0,407
11/21/2002,ONT,CA,AWP,WE,Combined TRACON& Tower with Radar,266,71,28,0,365,1,17,56,0,74,267,88,84,0,439,60,0,60,499
11/22/2002,ONT,CA,AWP,WE,Combined TRACON& Tower with Radar,277,72,28,0,377,0,21,43,0,64,277,93,71,0,441,79,0,79,520
11/23/2002,ONT,CA,AWP,WE,Combined TRACON& Tower with Radar,216,41,21,0,278,0,0,38,0,38,216,41,59,0,316,30,0,30,346
11/24/2002,ONT,CA,AWP,WE,Combined TRACON& Tower with Radar,208,21,21,0,250,22,0,23,0,45,230,21,44,0,295,32,0,32,327
11/25/2002,ONT,CA,AWP,WE,Combined TRACON& Tower with Radar,190,50,20,0,260,0,19,15,0,34,190,69,35,0,294,6,0,6,300
11/26/2002,ONT,CA,AWP,WE,Combined TRACON& Tower with Radar,312,117,17,0,446,1,10,27,1,39,313,127,44,1,485,0,0,0,485
11/27/2002,ONT,CA,AWP,WE,Combined TRACON& Tower with Radar,300,93,29,0,422,1,23,22,0,46,301,116,51,0,468,0,0,0,468
11/28/2002,ONT,CA,AWP,WE,Combined TRACON& Tower with Radar,178,17,9,0,204,1,3,7,0,11,179,20,16,0,215,0,0,0,215
11/29/2002,ONT,CA,AWP,WE,Combined TRACON& Tower with Radar,223,57,22,0,302,3,17,14,0,34,226,74,36,0,336,6,0,6,342
11/30/2002,ONT,CA,AWP,WE,Combined TRACON& Tower with Radar,194,32,24,0,250,1,3,14,0,18,195,35,38,0,268,0,0,0,268
12/01/2002,ONT,CA,AWP,WE,Combined TRACON& Tower with Radar,216,20,15,0,251,5,0,40,0,45,221,20,55,0,296,15,0,15,311
12/02/2002,ONT,CA,AWP,WE,Combined TRACON& Tower with Radar,268,65,19,0,352,0,8,44,0,52,268,73,63,0,404,22,0,22,426
12/03/2002,ONT,CA,AWP,WE,Combined TRACON& Tower with Radar,315,76,32,0,423,0,16,41,0,57,315,92,73,0,480,15,0,15,495
12/04/2002,ONT,CA,AWP,WE,Combined TRACON& Tower with Radar,286,75,21,0,382,0,16,52,0,68,286,91,73,0,450,4,0,4,454
12/05/2002,ONT,CA,AWP,WE,Combined TRACON& Tower with Radar,286,93,18,0,397,0,25,52,0,77,286,118,70,0,474,0,0,0,474
12/06/2002,ONT,CA,AWP,WE,Combined TRACON& Tower with Radar,281,72,21,0,374,0,27,43,0,70,281,99,64,0,444,45,0,45,489
12/07/2002,ONT,CA,AWP,WE,Combined TRACON& Tower with Radar,229,46,17,0,292,27,5,18,0,50,256,51,35,0,342,0,0,0,342
12/08/2002,ONT,CA,AWP,WE,Combined TRACON& Tower with Radar,215,22,14,0,251,14,0,20,0,34,229,22,34,0,285,27,0,27,312
12/09/2002,ONT,CA,AWP,WE,Combined TRACON& Tower with Radar,244,60,18,0,322,0,11,50,0,61,244,71,68,0,383,33,0,33,416
12/10/2002,ONT,CA,AWP,WE,Combined TRACON& Tower with Radar,297,84,22,0,403,0,15,28,0,43,297,99,50,0,446,23,0,23,469
12/11/2002,ONT,CA,AWP,WE,Combined TRACON& Tower with Radar,312,84,38,0,434,0,23,38,0,61,312,107,76,0,495,4,0,4,499
12/12/2002,ONT,CA,AWP,WE,Combined TRACON& Tower with Radar,311,74,21,0,406,0,4,0,0,4,311,78,21,0,410,16,0,16,426
12/13/2002,ONT,CA,AWP,WE,Combined TRACON& Tower with Radar,294,70,20,0,384,1,23,15,0,39,295,93,35,0,423,32,0,32,455
12/14/2002,ONT,CA,AWP,WE,Combined TRACON& Tower with Radar,222,54,16,0,292,0,9,10,2,21,222,63,26,2,313,14,0,14,327
12/15/2002,ONT,CA,AWP,WE,Combined TRACON& Tower with Radar,227,17,11,0,255,0,4,20,0,24,227,21,31,0,279,15,0,15,294
12/16/2002,ONT,CA,AWP,WE,Combined TRACON& Tower with Radar,287,96,22,0,405,0,3,0,0,3,287,99,22,0,408,0,0,0,408
12/17/2002,ONT,CA,AWP,WE,Combined TRACON& Tower with Radar,353,111,20,2,486,0,5,50,0,55,353,116,70,2,541,10,0,10,551
12/18/2002,ONT,CA,AWP,WE,Combined TRACON& Tower with Radar,365,88,19,0,472,0,20,52,0,72,365,108,71,0,544,10,0,10,554
12/19/2002,ONT,CA,AWP,WE,Combined TRACON& Tower with Radar,362,102,20,0,484,0,22,53,0,75,362,124,73,0,559,114,0,114,673
12/20/2002,ONT,CA,AWP,WE,Combined TRACON& Tower with Radar,346,89,25,0,460,0,28,30,0,58,346,117,55,0,518,8,0,8,526
12/21/2002,ONT,CA,AWP,WE,Combined TRACON& Tower with Radar,239,54,16,0,309,6,0,20,0,26,245,54,36,0,335,81,0,81,416
12/22/2002,ONT,CA,AWP,WE,Combined TRACON& Tower with Radar,227,26,16,0,269,28,0,4,0,32,255,26,20,0,301,9,0,9,310
12/23/2002,ONT,CA,AWP,WE,Combined TRACON& Tower with Radar,269,65,18,0,352,15,3,18,0,36,284,68,36,0,388,26,0,26,414
12/24/2002,ONT,CA,AWP,WE,Combined TRACON& Tower with Radar,266,70,8,0,344,0,38,0,0,38,266,108,8,0,382,8,0,8,390
12/25/2002,ONT,CA,AWP,WE,Combined TRACON& Tower with Radar,142,22,9,0,173,21,0,1,0,22,163,22,10,0,195,2,0,2,197
12/26/2002,ONT,CA,AWP,WE,Combined TRACON& Tower with Radar,252,75,22,0,349,0,5,29,0,34,252,80,51,0,383,8,0,8,391
12/27/2002,ONT,CA,AWP,WE,Combined TRACON& Tower with Radar,261,64,17,0,342,0,9,35,0,44,261,73,52,0,386,34,0,34,420
12/28/2002,ONT,CA,AWP,WE,Combined TRACON& Tower with Radar,191,37,12,0,240,14,0,10,0,24,205,37,22,0,264,52,0,52,316
12/29/2002,ONT,CA,AWP,WE,Combined TRACON& Tower with Radar,184,28,11,0,223,24,0,0,0,24,208,28,11,0,247,8,0,8,255
12/30/2002,ONT,CA,AWP,WE,Combined TRACON& Tower with Radar,239,58,16,0,313,6,5,8,0,19,245,63,24,0,332,40,0,40,372
12/31/2002,ONT,CA,AWP,WE,Combined TRACON& Tower with Radar,253,76,21,0,350,0,9,25,0,34,253,85,46,0,384,0,0,0,384
01/01/2003,ONT,CA,AWP,WE,Combined TRACON& Tower with Radar,179,19,13,0,211,1,0,7,0,8,180,19,20,0,219,2,0,2,221
01/02/2003,ONT,CA,AWP,WE,Combined TRACON& Tower with Radar,248,87,15,0,350,0,2,41,0,43,248,89,56,0,393,19,0,19,412
01/03/2003,ONT,CA,AWP,WE,Combined TRACON& Tower with Radar,272,73,21,0,366,0,52,45,0,97,272,125,66,0,463,20,0,20,483
01/04/2003,ONT,CA,AWP,WE,Combined TRACON& Tower with Radar,210,58,17,0,285,0,33,27,0,60,210,91,44,0,345,46,0,46,391
01/05/2003,ONT,CA,AWP,WE,Combined TRACON& Tower with Radar,216,26,13,0,255,0,1,24,0,25,216,27,37,0,280,0,0,0,280
01/06/2003,ONT,CA,AWP,WE,Combined TRACON& Tower with Radar,192,44,10,0,246,25,0,0,0,25,217,44,10,0,271,1,0,1,272
01/07/2003,ONT,CA,AWP,WE,Combined TRACON& Tower with Radar,274,69,9,0,352,15,7,0,0,22,289,76,9,0,374,10,0,10,384
01/08/2003,ONT,CA,AWP,WE,Combined TRACON& Tower with Radar,275,85,16,0,376,0,15,36,0,51,275,100,52,0,427,6,0,6,433
01/09/2003,ONT,CA,AWP,WE,Combined TRACON& Tower with Radar,264,94,41,0,399,0,1,25,0,26,264,95,66,0,425,0,0,0,425
01/10/2003,ONT,CA,AWP,WE,Combined TRACON& Tower with Radar,261,71,21,0,353,0,4,37,0,41,261,75,58,0,394,24,0,24,418
01/11/2003,ONT,CA,AWP,WE,Combined TRACON& Tower with Radar,193,32,15,0,240,8,0,27,0,35,201,32,42,0,275,20,0,20,295
01/12/2003,ONT,CA,AWP,WE,Combined TRACON& Tower with Radar,183,46,14,0,243,21,9,32,0,62,204,55,46,0,305,16,0,16,321
01/13/2003,ONT,CA,AWP,WE,Combined TRACON& Tower with Radar,245,56,19,0,320,5,0,24,0,29,250,56,43,0,349,31,0,31,380
01/14/2003,ONT,CA,AWP,WE,Combined TRACON& Tower with Radar,302,71,32,0,405,0,11,50,0,61,302,82,82,0,466,3,0,3,469
01/15/2003,ONT,CA,AWP,WE,Combined TRACON& Tower with Radar,285,69,16,0,370,0,14,41,0,55,285,83,57,0,425,8,0,8,433
01/16/2003,ONT,CA,AWP,WE,Combined TRACON& Tower with Radar,275,63,9,0,347,0,21,31,0,52,275,84,40,0,399,8,0,8,407
01/17/2003,ONT,CA,AWP,WE,Combined TRACON& Tower with Radar,269,71,22,0,362,0,21,70,0,91,269,92,92,0,453,32,0,32,485
01/18/2003,ONT,CA,AWP,WE,Combined TRACON& Tower with Radar,183,42,14,0,239,11,0,8,0,19,194,42,22,0,258,81,0,81,339
01/19/2003,ONT,CA,AWP,WE,Combined TRACON& Tower with Radar,206,27,15,0,248,12,0,30,0,42,218,27,45,0,290,18,0,18,308
01/20/2003,ONT,CA,AWP,WE,Combined TRACON& Tower with Radar,243,61,19,0,323,0,5,10,0,15,243,66,29,0,338,35,0,35,373
01/21/2003,ONT,CA,AWP,WE,Combined TRACON& Tower with Radar,278,78,25,0,381,0,18,31,0,49,278,96,56,0,430,26,0,26,456
01/22/2003,ONT,CA,AWP,WE,Combined TRACON& Tower with Radar,265,77,23,0,365,0,27,43,7,77,265,104,66,7,442,0,0,0,442
01/23/2003,ONT,CA,AWP,WE,Combined TRACON& Tower with Radar,265,68,21,0,354,0,6,46,4,56,265,74,67,4,410,10,0,10,420
01/24/2003,ONT,CA,AWP,WE,Combined TRACON& Tower with Radar,287,73,22,0,382,0,13,26,4,43,287,86,48,4,425,48,0,48,473
01/25/2003,ONT,CA,AWP,WE,Combined TRACON& Tower with Radar,165,39,13,0,217,23,0,9,0,32,188,39,22,0,249,34,0,34,283
01/26/2003,ONT,CA,AWP,WE,Combined TRACON& Tower with Radar,175,20,13,0,208,20,0,14,0,34,195,20,27,0,242,25,0,25,267
01/27/2003,ONT,CA,AWP,WE,Combined TRACON& Tower with Radar,249,63,20,0,332,4,15,20,0,39,253,78,40,0,371,18,0,18,389
01/28/2003,ONT,CA,AWP,WE,Combined TRACON& Tower with Radar,285,95,20,0,400,0,11,44,0,55,285,106,64,0,455,15,0,15,470
01/29/2003,ONT,CA,AWP,WE,Combined TRACON& Tower with Radar,275,73,29,0,377,0,19,29,0,48,275,92,58,0,425,29,0,29,454
01/30/2003,ONT,CA,AWP,WE,Combined TRACON& Tower with Radar,271,67,28,3,369,0,15,44,0,59,271,82,72,3,428,2,0,2,430
01/31/2003,ONT,CA,AWP,WE,Combined TRACON& Tower with Radar,270,69,21,0,360,0,13,60,0,73,270,82,81,0,433,70,0,70,503
02/01/2003,ONT,CA,AWP,WE,Combined TRACON& Tower with Radar,173,39,20,0,232,20,0,21,0,41,193,39,41,0,273,42,0,42,315
02/02/2003,ONT,CA,AWP,WE,Combined TRACON& Tower with Radar,184,37,19,0,240,16,0,23,0,39,200,37,42,0,279,26,0,26,305
02/03/2003,ONT,CA,AWP,WE,Combined TRACON& Tower with Radar,229,62,26,0,317,6,3,23,0,32,235,65,49,0,349,39,0,39,388
02/04/2003,ONT,CA,AWP,WE,Combined TRACON& Tower with Radar,274,106,42,0,422,0,29,48,0,77,274,135,90,0,499,19,0,19,518
02/05/2003,ONT,CA,AWP,WE,Combined TRACON& Tower with Radar,263,66,25,0,354,0,18,28,0,46,263,84,53,0,400,0,0,0,400
02/06/2003,ONT,CA,AWP,WE,Combined TRACON& Tower with Radar,271,66,26,2,365,0,23,35,0,58,271,89,61,2,423,40,0,40,463
02/07/2003,ONT,CA,AWP,WE,Combined TRACON& Tower with Radar,256,70,30,0,356,8,14,23,0,45,264,84,53,0,401,36,0,36,437
02/08/2003,ONT,CA,AWP,WE,Combined TRACON& Tower with Radar,171,45,20,0,236,14,5,35,0,54,185,50,55,0,290,18,0,18,308
02/09/2003,ONT,CA,AWP,WE,Combined TRACON& Tower with Radar,195,35,22,0,252,6,0,36,1,43,201,35,58,1,295,52,0,52,347
02/10/2003,ONT,CA,AWP,WE,Combined TRACON& Tower with Radar,246,59,37,0,342,0,9,28,0,37,246,68,65,0,379,0,0,0,379
02/11/2003,ONT,CA,AWP,WE,Combined TRACON& Tower with Radar,261,70,27,0,358,0,4,5,0,9,261,74,32,0,367,0,0,0,367
02/12/2003,ONT,CA,AWP,WE,Combined TRACON& Tower with Radar,285,87,33,0,405,0,4,3,0,7,285,91,36,0,412,0,0,0,412
02/13/2003,ONT,CA,AWP,WE,Combined TRACON& Tower with Radar,278,119,39,1,437,0,4,9,0,13,278,123,48,1,450,18,0,18,468
02/14/2003,ONT,CA,AWP,WE,Combined TRACON& Tower with Radar,273,80,31,0,384,0,19,39,0,58,273,99,70,0,442,6,0,6,448
02/15/2003,ONT,CA,AWP,WE,Combined TRACON& Tower with Radar,191,44,23,0,258,0,0,34,0,34,191,44,57,0,292,16,0,16,308
02/16/2003,ONT,CA,AWP,WE,Combined TRACON& Tower with Radar,197,17,18,0,232,0,4,18,0,22,197,21,36,0,254,51,0,51,305
02/17/2003,ONT,CA,AWP,WE,Combined TRACON& Tower with Radar,251,69,27,0,347,32,24,10,0,66,283,93,37,0,413,21,0,21,434
02/19/2003,ONT,CA,AWP,WE,Combined TRACON& Tower with Radar,264,72,29,0,365,4,16,26,0,46,268,88,55,0,411,20,0,20,431
02/20/2003,ONT,CA,AWP,WE,Combined TRACON& Tower with Radar,261,71,25,0,357,0,10,36,0,46,261,81,61,0,403,0,0,0,403
02/21/2003,ONT,CA,AWP,WE,Combined TRACON& Tower with Radar,264,80,31,0,375,0,38,29,0,67,264,118,60,0,442,45,0,45,487
02/22/2003,ONT,CA,AWP,WE,Combined TRACON& Tower with Radar,172,46,19,0,237,18,7,22,0,47,190,53,41,0,284,10,0,10,294
02/23/2003,ONT,CA,AWP,WE,Combined TRACON& Tower with Radar,168,18,18,0,204,8,0,24,0,32,176,18,42,0,236,8,0,8,244
02/24/2003,ONT,CA,AWP,WE,Combined TRACON& Tower with Radar,247,66,27,0,340,0,0,36,0,36,247,66,63,0,376,13,0,13,389
02/25/2003,ONT,CA,AWP,WE,Combined TRACON& Tower with Radar,254,100,27,0,381,0,2,18,0,20,254,102,45,0,401,0,0,0,401
02/26/2003,ONT,CA,AWP,WE,Combined TRACON& Tower with Radar,260,109,21,0,390,0,3,10,0,13,260,112,31,0,403,20,0,20,423
02/27/2003,ONT,CA,AWP,WE,Combined TRACON& Tower with Radar,280,107,31,0,418,0,12,0,0,12,280,119,31,0,430,24,1,25,455
02/28/2003,ONT,CA,AWP,WE,Combined TRACON& Tower with Radar,262,75,29,0,366,0,4,24,0,28,262,79,53,0,394,70,0,70,464
03/01/2003,ONT,CA,AWP,WE,Combined TRACON& Tower with Radar,187,38,11,0,236,10,0,0,0,10,197,38,11,0,246,23,0,23,269
03/02/2003,ONT,CA,AWP,WE,Combined TRACON& Tower with Radar,209,21,10,0,240,0,4,18,0,22,209,25,28,0,262,44,0,44,306
03/03/2003,ONT,CA,AWP,WE,Combined TRACON& Tower with Radar,242,57,24,1,324,0,10,34,0,44,242,67,58,1,368,14,0,14,382
03/04/2003,ONT,CA,AWP,WE,Combined TRACON& Tower with Radar,273,106,41,0,420,0,9,25,0,34,273,115,66,0,454,3,0,3,457
03/05/2003,ONT,CA,AWP,WE,Combined TRACON& Tower with Radar,272,81,30,0,383,0,6,24,0,30,272,87,54,0,413,10,0,10,423
03/06/2003,ONT,CA,AWP,WE,Combined TRACON& Tower with Radar,263,59,19,0,341,0,9,39,0,48,263,68,58,0,389,10,0,10,399
03/07/2003,ONT,CA,AWP,WE,Combined TRACON& Tower with Radar,248,64,27,0,339,0,18,41,0,59,248,82,68,0,398,52,0,52,450
03/08/2003,ONT,CA,AWP,WE,Combined TRACON& Tower with Radar,183,44,19,0,246,0,25,7,0,32,183,69,26,0,278,45,0,45,323
03/09/2003,ONT,CA,AWP,WE,Combined TRACON& Tower with Radar,200,36,20,0,256,12,0,12,0,24,212,36,32,0,280,19,0,19,299
03/10/2003,ONT,CA,AWP,WE,Combined TRACON& Tower with Radar,235,56,23,0,314,2,14,31,0,47,237,70,54,0,361,50,0,50,411
03/11/2003,ONT,CA,AWP,WE,Combined TRACON& Tower with Radar,296,74,30,0,400,0,16,32,0,48,296,90,62,0,448,40,0,40,488
03/12/2003,ONT,CA,AWP,WE,Combined TRACON& Tower with Radar,255,78,37,0,370,0,11,28,0,39,255,89,65,0,409,6,0,6,415
03/13/2003,ONT,CA,AWP,WE,Combined TRACON& Tower with Radar,262,74,22,0,358,0,12,23,0,35,262,86,45,0,393,2,0,2,395
03/14/2003,ONT,CA,AWP,WE,Combined TRACON& Tower with Radar,266,73,31,0,370,0,28,18,0,46,266,101,49,0,416,8,0,8,424
03/15/2003,ONT,CA,AWP,WE,Combined TRACON& Tower with Radar,183,47,12,0,242,0,4,5,0,9,183,51,17,0,251,0,0,0,251
03/16/2003,ONT,CA,AWP,WE,Combined TRACON& Tower with Radar,211,22,22,0,255,25,0,14,0,39,236,22,36,0,294,6,0,6,300
03/17/2003,ONT,CA,AWP,WE,Combined TRACON& Tower with Radar,231,56,23,0,310,0,8,15,0,23,231,64,38,0,333,12,0,12,345
03/18/2003,ONT,CA,AWP,WE,Combined TRACON& Tower with Radar,262,85,34,0,381,0,16,76,0,92,262,101,110,0,473,3,0,3,476
03/19/2003,ONT,CA,AWP,WE,Combined TRACON& Tower with Radar,258,76,41,2,377,0,20,47,0,67,258,96,88,2,444,0,0,0,444
03/20/2003,ONT,CA,AWP,WE,Combined TRACON& Tower with Radar,263,86,30,0,379,0,11,26,0,37,263,97,56,0,416,6,0,6,422
03/21/2003,ONT,CA,AWP,WE,Combined TRACON& Tower with Radar,270,70,26,0,366,0,23,58,0,81,270,93,84,0,447,44,0,44,491
03/22/2003,ONT,CA,AWP,WE,Combined TRACON& Tower with Radar,176,37,16,0,229,9,0,25,0,34,185,37,41,0,263,24,0,24,287
03/23/2003,ONT,CA,AWP,WE,Combined TRACON& Tower with Radar,196,23,18,0,237,8,0,31,0,39,204,23,49,0,276,38,0,38,314
03/24/2003,ONT,CA,AWP,WE,Combined TRACON& Tower with Radar,240,67,27,0,334,0,3,30,0,33,240,70,57,0,367,6,0,6,373
03/25/2003,ONT,CA,AWP,WE,Combined TRACON& Tower with Radar,278,71,25,0,374,0,17,70,0,87,278,88,95,0,461,4,0,4,465
03/26/2003,ONT,CA,AWP,WE,Combined TRACON& Tower with Radar,270,64,35,1,370,0,26,36,1,63,270,90,71,2,433,15,0,15,448
03/27/2003,ONT,CA,AWP,WE,Combined TRACON& Tower with Radar,281,58,27,2,368,0,15,57,0,72,281,73,84,2,440,52,0,52,492
03/28/2003,ONT,CA,AWP,WE,Combined TRACON& Tower with Radar,252,62,19,0,333,17,20,0,0,37,269,82,19,0,370,16,0,16,386
03/29/2003,ONT,CA,AWP,WE,Combined TRACON& Tower with Radar,177,35,17,0,229,19,0,30,0,49,196,35,47,0,278,19,0,19,297
03/30/2003,ONT,CA,AWP,WE,Combined TRACON& Tower with Radar,174,21,16,0,211,25,0,17,0,42,199,21,33,0,253,20,0,20,273
03/31/2003,ONT,CA,AWP,WE,Combined TRACON& Tower with Radar,233,57,23,0,313,16,7,27,5,55,249,64,50,5,368,37,0,37,405
04/01/2003,ONT,CA,AWP,WE,Combined TRACON& Tower with Radar,265,66,20,0,351,2,18,34,0,54,267,84,54,0,405,64,0,64,469
04/02/2003,ONT,CA,AWP,WE,Combined TRACON& Tower with Radar,287,81,31,0,399,0,9,37,0,46,287,90,68,0,445,0,0,0,445
04/03/2003,ONT,CA,AWP,WE,Combined TRACON& Tower with Radar,265,71,33,0,369,0,4,35,0,39,265,75,68,0,408,48,0,48,456
04/04/2003,ONT,CA,AWP,WE,Combined TRACON& Tower with Radar,260,68,39,0,367,0,18,51,0,69,260,86,90,0,436,16,0,16,452
04/05/2003,ONT,CA,AWP,WE,Combined TRACON& Tower with Radar,170,39,23,0,232,19,0,0,0,19,189,39,23,0,251,27,0,27,278
04/06/2003,ONT,CA,AWP,WE,Combined TRACON& Tower with Radar,174,21,26,0,221,17,0,24,0,41,191,21,50,0,262,41,0,41,303
04/07/2003,ONT,CA,AWP,WE,Combined TRACON& Tower with Radar,207,48,30,0,285,17,9,14,0,40,224,57,44,0,325,12,0,12,337
04/08/2003,ONT,CA,AWP,WE,Combined TRACON& Tower with Radar,277,71,29,0,377,0,48,45,0,93,277,119,74,0,470,20,0,20,490
04/09/2003,ONT,CA,AWP,WE,Combined TRACON& Tower with Radar,256,61,21,0,338,0,27,45,0,72,256,88,66,0,410,26,0,26,436
04/10/2003,ONT,CA,AWP,WE,Combined TRACON& Tower with Radar,264,69,31,0,364,0,17,47,0,64,264,86,78,0,428,0,0,0,428
04/11/2003,ONT,CA,AWP,WE,Combined TRACON& Tower with Radar,246,61,36,0,343,0,15,0,0,15,246,76,36,0,358,36,0,36,394
04/12/2003,ONT,CA,AWP,WE,Combined TRACON& Tower with Radar,173,40,26,0,239,4,2,0,0,6,177,42,26,0,245,40,0,40,285
04/13/2003,ONT,CA,AWP,WE,Combined TRACON& Tower with Radar,188,25,27,0,240,16,0,20,0,36,204,25,47,0,276,16,0,16,292
04/14/2003,ONT,CA,AWP,WE,Combined TRACON& Tower with Radar,249,60,35,0,344,5,3,2,0,10,254,63,37,0,354,6,0,6,360
04/15/2003,ONT,CA,AWP,WE,Combined TRACON& Tower with Radar,279,76,18,0,373,0,8,33,0,41,279,84,51,0,414,26,0,26,440
04/16/2003,ONT,CA,AWP,WE,Combined TRACON& Tower with Radar,275,62,37,0,374,0,12,26,3,41,275,74,63,3,415,2,0,2,417
04/17/2003,ONT,CA,AWP,WE,Combined TRACON& Tower with Radar,267,76,34,0,377,0,5,16,0,21,267,81,50,0,398,54,0,54,452
04/18/2003,ONT,CA,AWP,WE,Combined TRACON& Tower with Radar,256,66,38,0,360,0,13,26,0,39,256,79,64,0,399,64,0,64,463
04/19/2003,ONT,CA,AWP,WE,Combined TRACON& Tower with Radar,165,29,23,0,217,23,0,20,0,43,188,29,43,0,260,35,0,35,295
04/20/2003,ONT,CA,AWP,WE,Combined TRACON& Tower with Radar,185,23,27,0,235,26,0,4,0,30,211,23,31,0,265,29,0,29,294
04/21/2003,ONT,CA,AWP,WE,Combined TRACON& Tower with Radar,252,61,36,0,349,0,0,33,0,33,252,61,69,0,382,6,0,6,388
04/22/2003,ONT,CA,AWP,WE,Combined TRACON& Tower with Radar,273,77,24,0,374,1,10,34,0,45,274,87,58,0,419,29,0,29,448
04/23/2003,ONT,CA,AWP,WE,Combined TRACON& Tower with Radar,268,87,43,0,398,0,4,37,0,41,268,91,80,0,439,8,0,8,447
04/24/2003,ONT,CA,AWP,WE,Combined TRACON& Tower with Radar,267,80,71,0,418,0,6,66,0,72,267,86,137,0,490,6,0,6,496
04/25/2003,ONT,CA,AWP,WE,Combined TRACON& Tower with Radar,259,69,40,0,368,0,28,33,0,61,259,97,73,0,429,32,0,32,461
04/26/2003,ONT,CA,AWP,WE,Combined TRACON& Tower with Radar,194,49,29,0,272,0,0,58,0,58,194,49,87,0,330,14,0,14,344
04/27/2003,ONT,CA,AWP,WE,Combined TRACON& Tower with Radar,229,17,36,0,282,0,0,336,1,337,229,17,372,1,619,42,0,42,661
04/28/2003,ONT,CA,AWP,WE,Combined TRACON& Tower with Radar,245,60,34,0,339,0,10,40,0,50,245,70,74,0,389,9,0,9,398
04/29/2003,ONT,CA,AWP,WE,Combined TRACON& Tower with Radar,270,62,37,0,369,0,16,34,0,50,270,78,71,0,419,18,0,18,437
04/30/2003,ONT,CA,AWP,WE,Combined TRACON& Tower with Radar,276,74,32,0,382,0,18,59,0,77,276,92,91,0,459,4,0,4,463
05/01/2003,ONT,CA,AWP,WE,Combined TRACON& Tower with Radar,267,67,26,0,360,0,14,55,0,69,267,81,81,0,429,0,0,0,429
05/02/2003,ONT,CA,AWP,WE,Combined TRACON& Tower with Radar,268,69,32,0,369,0,33,29,0,62,268,102,61,0,431,40,0,40,471
05/03/2003,ONT,CA,AWP,WE,Combined TRACON& Tower with Radar,187,40,22,0,249,0,0,27,2,29,187,40,49,2,278,22,0,22,300
05/04/2003,ONT,CA,AWP,WE,Combined TRACON& Tower with Radar,177,24,19,0,220,0,0,12,0,12,177,24,31,0,232,20,0,20,252
05/05/2003,ONT,CA,AWP,WE,Combined TRACON& Tower with Radar,231,55,25,0,311,0,4,36,0,40,231,59,61,0,351,45,0,45,396
05/06/2003,ONT,CA,AWP,WE,Combined TRACON& Tower with Radar,270,89,28,0,387,0,4,34,0,38,270,93,62,0,425,32,0,32,457
05/07/2003,ONT,CA,AWP,WE,Combined TRACON& Tower with Radar,266,79,29,0,374,0,7,22,0,29,266,86,51,0,403,0,0,0,403
05/08/2003,ONT,CA,AWP,WE,Combined TRACON& Tower with Radar,271,74,28,0,373,0,2,27,0,29,271,76,55,0,402,0,0,0,402
05/09/2003,ONT,CA,AWP,WE,Combined TRACON& Tower with Radar,269,66,31,0,366,0,19,34,0,53,269,85,65,0,419,30,0,30,449
05/10/2003,ONT,CA,AWP,WE,Combined TRACON& Tower with Radar,170,40,18,0,228,14,1,26,0,41,184,41,44,0,269,5,0,5,274
05/11/2003,ONT,CA,AWP,WE,Combined TRACON& Tower with Radar,185,24,20,0,229,14,0,20,0,34,199,24,40,0,263,37,0,37,300
05/12/2003,ONT,CA,AWP,WE,Combined TRACON& Tower with Radar,221,52,25,0,298,16,1,44,0,61,237,53,69,0,359,9,0,9,368
05/13/2003,ONT,CA,AWP,WE,Combined TRACON& Tower with Radar,276,65,35,0,376,0,13,66,0,79,276,78,101,0,455,24,0,24,479
05/14/2003,ONT,CA,AWP,WE,Combined TRACON& Tower with Radar,271,73,50,2,396,0,7,22,0,29,271,80,72,2,425,10,0,10,435
05/15/2003,ONT,CA,AWP,WE,Combined TRACON& Tower with Radar,268,69,25,0,362,0,9,67,0,76,268,78,92,0,438,10,0,10,448
05/16/2003,ONT,CA,AWP,WE,Combined TRACON& Tower with Radar,258,61,29,0,348,7,20,44,1,72,265,81,73,1,420,118,0,118,538
05/17/2003,ONT,CA,AWP,WE,Combined TRACON& Tower with Radar,182,40,20,0,242,8,0,11,0,19,190,40,31,0,261,16,0,16,277
05/18/2003,ONT,CA,AWP,WE,Combined TRACON& Tower with Radar,191,21,21,0,233,17,0,25,0,42,208,21,46,0,275,28,0,28,303
05/19/2003,ONT,CA,AWP,WE,Combined TRACON& Tower with Radar,236,59,27,0,322,0,14,44,0,58,236,73,71,0,380,9,0,9,389
05/20/2003,ONT,CA,AWP,WE,Combined TRACON& Tower with Radar,290,59,33,0,382,0,27,26,0,53,290,86,59,0,435,10,0,10,445
05/21/2003,ONT,CA,AWP,WE,Combined TRACON& Tower with Radar,279,60,37,0,376,0,23,47,4,74,279,83,84,4,450,9,0,9,459
05/22/2003,ONT,CA,AWP,WE,Combined TRACON& Tower with Radar,276,57,28,2,363,0,21,57,0,78,276,78,85,2,441,0,0,0,441
05/23/2003,ONT,CA,AWP,WE,Combined TRACON& Tower with Radar,267,64,29,0,360,0,2,35,0,37,267,66,64,0,397,72,0,72,469
05/24/2003,ONT,CA,AWP,WE,Combined TRACON& Tower with Radar,184,36,23,0,243,0,2,14,0,16,184,38,37,0,259,0,0,0,259
05/25/2003,ONT,CA,AWP,WE,Combined TRACON& Tower with Radar,158,25,19,0,202,11,0,13,0,24,169,25,32,0,226,8,0,8,234
05/26/2003,ONT,CA,AWP,WE,Combined TRACON& Tower with Radar,202,25,23,0,250,0,2,38,0,40,202,27,61,0,290,0,0,0,290
05/27/2003,ONT,CA,AWP,WE,Combined TRACON& Tower with Radar,239,71,34,0,344,0,18,28,0,46,239,89,62,0,390,9,0,9,399
05/28/2003,ONT,CA,AWP,WE,Combined TRACON& Tower with Radar,294,74,22,0,390,0,2,35,0,37,294,76,57,0,427,49,0,49,476
05/29/2003,ONT,CA,AWP,WE,Combined TRACON& Tower with Radar,275,74,40,0,389,0,13,30,0,43,275,87,70,0,432,10,0,10,442
05/30/2003,ONT,CA,AWP,WE,Combined TRACON& Tower with Radar,279,89,34,0,402,0,5,33,0,38,279,94,67,0,440,42,0,42,482
05/31/2003,ONT,CA,AWP,WE,Combined TRACON& Tower with Radar,182,38,21,0,241,3,0,4,1,8,185,38,25,1,249,33,0,33,282
06/01/2003,ONT,CA,AWP,WE,Combined TRACON& Tower with Radar,199,23,26,0,248,9,0,25,0,34,208,23,51,0,282,19,0,19,301
06/02/2003,ONT,CA,AWP,WE,Combined TRACON& Tower with Radar,231,54,30,0,315,5,3,41,0,49,236,57,71,0,364,19,0,19,383
06/03/2003,ONT,CA,AWP,WE,Combined TRACON& Tower with Radar,283,84,48,0,415,0,7,35,0,42,283,91,83,0,457,20,0,20,477
06/04/2003,ONT,CA,AWP,WE,Combined TRACON& Tower with Radar,288,82,42,0,412,0,11,36,0,47,288,93,78,0,459,4,0,4,463
06/05/2003,ONT,CA,AWP,WE,Combined TRACON& Tower with Radar,262,73,35,0,370,0,16,14,0,30,262,89,49,0,400,0,0,0,400
06/06/2003,ONT,CA,AWP,WE,Combined TRACON& Tower with Radar,266,68,38,0,372,0,16,36,0,52,266,84,74,0,424,51,0,51,475
06/07/2003,ONT,CA,AWP,WE,Combined TRACON& Tower with Radar,201,41,29,0,271,0,0,15,0,15,201,41,44,0,286,23,0,23,309
06/08/2003,ONT,CA,AWP,WE,Combined TRACON& Tower with Radar,216,18,17,0,251,0,4,27,0,31,216,22,44,0,282,11,0,11,293
06/09/2003,ONT,CA,AWP,WE,Combined TRACON& Tower with Radar,258,61,34,0,353,2,2,7,0,11,260,63,41,0,364,6,0,6,370
06/10/2003,ONT,CA,AWP,WE,Combined TRACON& Tower with Radar,281,93,35,0,409,0,4,20,0,24,281,97,55,0,433,0,0,0,433
06/11/2003,ONT,CA,AWP,WE,Combined TRACON& Tower with Radar,275,85,35,0,395,0,11,29,0,40,275,96,64,0,435,18,0,18,453
06/12/2003,ONT,CA,AWP,WE,Combined TRACON& Tower with Radar,257,89,34,1,381,0,6,29,0,35,257,95,63,1,416,0,10,10,426
06/13/2003,ONT,CA,AWP,WE,Combined TRACON& Tower with Radar,270,66,31,0,367,0,56,0,0,56,270,122,31,0,423,24,0,24,447
06/14/2003,ONT,CA,AWP,WE,Combined TRACON& Tower with Radar,195,45,26,0,266,8,19,11,0,38,203,64,37,0,304,17,0,17,321
06/15/2003,ONT,CA,AWP,WE,Combined TRACON& Tower with Radar,176,26,23,0,225,25,0,8,0,33,201,26,31,0,258,32,0,32,290
06/16/2003,ONT,CA,AWP,WE,Combined TRACON& Tower with Radar,260,60,37,0,357,0,0,30,1,31,260,60,67,1,388,18,0,18,406
06/17/2003,ONT,CA,AWP,WE,Combined TRACON& Tower with Radar,293,63,53,0,409,0,14,27,0,41,293,77,80,0,450,9,0,9,459
06/18/2003,ONT,CA,AWP,WE,Combined TRACON& Tower with Radar,282,77,46,0,405,0,5,29,0,34,282,82,75,0,439,0,0,0,439
06/19/2003,ONT,CA,AWP,WE,Combined TRACON& Tower with Radar,270,80,34,0,384,0,4,20,0,24,270,84,54,0,408,6,0,6,414
06/20/2003,ONT,CA,AWP,WE,Combined TRACON& Tower with Radar,258,72,61,0,391,0,3,14,0,17,258,75,75,0,408,14,0,14,422
06/21/2003,ONT,CA,AWP,WE,Combined TRACON& Tower with Radar,191,43,38,0,272,0,3,8,0,11,191,46,46,0,283,0,0,0,283
06/22/2003,ONT,CA,AWP,WE,Combined TRACON& Tower with Radar,204,17,27,0,248,12,0,21,0,33,216,17,48,0,281,28,0,28,309
06/23/2003,ONT,CA,AWP,WE,Combined TRACON& Tower with Radar,251,61,33,0,345,0,13,29,0,42,251,74,62,0,387,6,0,6,393
06/24/2003,ONT,CA,AWP,WE,Combined TRACON& Tower with Radar,272,74,35,0,381,0,13,48,0,61,272,87,83,0,442,15,0,15,457
06/25/2003,ONT,CA,AWP,WE,Combined TRACON& Tower with Radar,283,64,36,0,383,0,23,54,0,77,283,87,90,0,460,8,0,8,468
06/26/2003,ONT,CA,AWP,WE,Combined TRACON& Tower with Radar,283,79,34,0,396,0,24,32,0,56,283,103,66,0,452,4,0,4,456
06/27/2003,ONT,CA,AWP,WE,Combined TRACON& Tower with Radar,283,68,37,0,388,1,23,34,0,58,284,91,71,0,446,16,0,16,462
06/28/2003,ONT,CA,AWP,WE,Combined TRACON& Tower with Radar,181,42,18,0,241,19,3,0,0,22,200,45,18,0,263,15,0,15,278
06/29/2003,ONT,CA,AWP,WE,Combined TRACON& Tower with Radar,197,25,26,0,248,26,0,21,0,47,223,25,47,0,295,2,0,2,297
06/30/2003,ONT,CA,AWP,WE,Combined TRACON& Tower with Radar,236,57,31,0,324,9,8,25,1,43,245,65,56,1,367,28,0,28,395
07/01/2003,ONT,CA,AWP,WE,Combined TRACON& Tower with Radar,275,77,37,0,389,0,23,39,0,62,275,100,76,0,451,0,0,0,451
07/02/2003,ONT,CA,AWP,WE,Combined TRACON& Tower with Radar,275,57,31,0,363,0,27,54,0,81,275,84,85,0,444,4,0,4,448
07/03/2003,ONT,CA,AWP,WE,Combined TRACON& Tower with Radar,268,63,28,0,359,0,27,45,0,72,268,90,73,0,431,16,0,16,447
07/04/2003,ONT,CA,AWP,WE,Combined TRACON& Tower with Radar,153,21,15,0,189,21,0,5,0,26,174,21,20,0,215,31,0,31,246
07/05/2003,ONT,CA,AWP,WE,Combined TRACON& Tower with Radar,183,33,14,0,230,0,16,10,0,26,183,49,24,0,256,0,0,0,256
07/06/2003,ONT,CA,AWP,WE,Combined TRACON& Tower with Radar,207,28,21,0,256,5,0,31,0,36,212,28,52,0,292,52,0,52,344
07/07/2003,ONT,CA,AWP,WE,Combined TRACON& Tower with Radar,260,62,28,0,350,0,1,39,2,42,260,63,67,2,392,38,0,38,430
07/08/2003,ONT,CA,AWP,WE,Combined TRACON& Tower with Radar,280,79,33,0,392,0,14,29,0,43,280,93,62,0,435,0,0,0,435
07/09/2003,ONT,CA,AWP,WE,Combined TRACON& Tower with Radar,274,85,31,0,390,0,18,55,0,73,274,103,86,0,463,0,0,0,463
07/10/2003,ONT,CA,AWP,WE,Combined TRACON& Tower with Radar,296,101,27,0,424,0,12,38,0,50,296,113,65,0,474,0,0,0,474
07/11/2003,ONT,CA,AWP,WE,Combined TRACON& Tower with Radar,277,67,23,0,367,0,20,0,0,20,277,87,23,0,387,44,0,44,431
07/12/2003,ONT,CA,AWP,WE,Combined TRACON& Tower with Radar,187,39,19,0,245,16,0,14,0,30,203,39,33,0,275,41,0,41,316
07/13/2003,ONT,CA,AWP,WE,Combined TRACON& Tower with Radar,200,30,20,0,250,0,0,0,0,0,200,30,20,0,250,33,0,33,283
07/14/2003,ONT,CA,AWP,WE,Combined TRACON& Tower with Radar,259,62,27,0,348,0,18,36,1,55,259,80,63,1,403,31,0,31,434
07/15/2003,ONT,CA,AWP,WE,Combined TRACON& Tower with Radar,280,87,35,0,402,0,23,25,0,48,280,110,60,0,450,18,0,18,468
07/16/2003,ONT,CA,AWP,WE,Combined TRACON& Tower with Radar,299,84,29,0,412,0,13,50,0,63,299,97,79,0,475,34,0,34,509
07/17/2003,ONT,CA,AWP,WE,Combined TRACON& Tower with Radar,273,64,27,0,364,0,17,51,0,68,273,81,78,0,432,16,0,16,448
07/18/2003,ONT,CA,AWP,WE,Combined TRACON& Tower with Radar,260,98,23,0,381,0,15,45,0,60,260,113,68,0,441,47,0,47,488
07/19/2003,ONT,CA,AWP,WE,Combined TRACON& Tower with Radar,199,49,20,0,268,0,11,36,0,47,199,60,56,0,315,24,0,24,339
07/20/2003,ONT,CA,AWP,WE,Combined TRACON& Tower with Radar,192,36,19,0,247,6,0,30,0,36,198,36,49,0,283,38,0,38,321
07/21/2003,ONT,CA,AWP,WE,Combined TRACON& Tower with Radar,258,61,27,0,346,0,10,32,0,42,258,71,59,0,388,22,0,22,410
07/22/2003,ONT,CA,AWP,WE,Combined TRACON& Tower with Radar,279,94,40,0,413,0,6,39,0,45,279,100,79,0,458,16,0,16,474
07/23/2003,ONT,CA,AWP,WE,Combined TRACON& Tower with Radar,274,70,33,0,377,0,4,1,0,5,274,74,34,0,382,0,0,0,382
07/24/2003,ONT,CA,AWP,WE,Combined TRACON& Tower with Radar,286,72,45,0,403,0,15,40,0,55,286,87,85,0,458,22,0,22,480
07/25/2003,ONT,CA,AWP,WE,Combined TRACON& Tower with Radar,271,64,27,0,362,0,9,42,0,51,271,73,69,0,413,26,0,26,439
07/26/2003,ONT,CA,AWP,WE,Combined TRACON& Tower with Radar,189,43,18,0,250,6,0,23,0,29,195,43,41,0,279,18,0,18,297
07/27/2003,ONT,CA,AWP,WE,Combined TRACON& Tower with Radar,181,20,17,0,218,17,0,26,0,43,198,20,43,0,261,6,0,6,267
07/28/2003,ONT,CA,AWP,WE,Combined TRACON& Tower with Radar,256,51,23,0,330,0,10,29,0,39,256,61,52,0,369,0,0,0,369
07/29/2003,ONT,CA,AWP,WE,Combined TRACON& Tower with Radar,277,76,20,0,373,0,13,30,0,43,277,89,50,0,416,0,0,0,416
07/30/2003,ONT,CA,AWP,WE,Combined TRACON& Tower with Radar,283,71,31,0,385,0,20,39,0,59,283,91,70,0,444,22,0,22,466
07/31/2003,ONT,CA,AWP,WE,Combined TRACON& Tower with Radar,289,65,34,0,388,0,10,50,0,60,289,75,84,0,448,16,0,16,464
08/01/2003,ONT,CA,AWP,WE,Combined TRACON& Tower with Radar,273,66,35,0,374,0,17,43,0,60,273,83,78,0,434,26,0,26,460
08/02/2003,ONT,CA,AWP,WE,Combined TRACON& Tower with Radar,192,43,17,0,252,11,0,24,0,35,203,43,41,0,287,24,0,24,311
08/03/2003,ONT,CA,AWP,WE,Combined TRACON& Tower with Radar,198,28,18,0,244,26,0,14,0,40,224,28,32,0,284,6,0,6,290
08/04/2003,ONT,CA,AWP,WE,Combined TRACON& Tower with Radar,247,59,24,0,330,0,12,34,0,46,247,71,58,0,376,39,0,39,415
08/05/2003,ONT,CA,AWP,WE,Combined TRACON& Tower with Radar,259,79,20,0,358,0,23,43,0,66,259,102,63,0,424,15,0,15,439
08/06/2003,ONT,CA,AWP,WE,Combined TRACON& Tower with Radar,271,75,27,0,373,0,26,69,0,95,271,101,96,0,468,20,0,20,488
08/07/2003,ONT,CA,AWP,WE,Combined TRACON& Tower with Radar,264,62,34,0,360,0,33,60,0,93,264,95,94,0,453,20,0,20,473
08/08/2003,ONT,CA,AWP,WE,Combined TRACON& Tower with Radar,280,69,28,0,377,0,13,37,0,50,280,82,65,0,427,34,0,34,461
08/09/2003,ONT,CA,AWP,WE,Combined TRACON& Tower with Radar,185,35,16,0,236,17,0,8,0,25,202,35,24,0,261,15,0,15,276
08/10/2003,ONT,CA,AWP,WE,Combined TRACON& Tower with Radar,185,27,17,0,229,15,0,16,0,31,200,27,33,0,260,14,0,14,274
08/11/2003,ONT,CA,AWP,WE,Combined TRACON& Tower with Radar,238,59,22,0,319,0,13,26,0,39,238,72,48,0,358,27,0,27,385
08/12/2003,ONT,CA,AWP,WE,Combined TRACON& Tower with Radar,282,80,28,0,390,0,17,53,0,70,282,97,81,0,460,4,0,4,464
08/13/2003,ONT,CA,AWP,WE,Combined TRACON& Tower with Radar,278,106,28,0,412,0,4,37,0,41,278,110,65,0,453,20,0,20,473
08/14/2003,ONT,CA,AWP,WE,Combined TRACON& Tower with Radar,289,93,20,0,402,0,16,47,0,63,289,109,67,0,465,30,0,30,495
08/15/2003,ONT,CA,AWP,WE,Combined TRACON& Tower with Radar,276,75,29,0,380,0,39,22,0,61,276,114,51,0,441,60,0,60,501
08/16/2003,ONT,CA,AWP,WE,Combined TRACON& Tower with Radar,191,40,16,0,247,9,0,11,0,20,200,40,27,0,267,52,0,52,319
08/17/2003,ONT,CA,AWP,WE,Combined TRACON& Tower with Radar,189,23,16,0,228,14,0,14,0,28,203,23,30,0,256,33,0,33,289
08/18/2003,ONT,CA,AWP,WE,Combined TRACON& Tower with Radar,264,60,13,0,337,0,9,32,0,41,264,69,45,0,378,0,0,0,378
08/19/2003,ONT,CA,AWP,WE,Combined TRACON& Tower with Radar,263,90,32,0,385,0,12,29,0,41,263,102,61,0,426,52,0,52,478
08/20/2003,ONT,CA,AWP,WE,Combined TRACON& Tower with Radar,273,68,13,0,354,0,18,57,0,75,273,86,70,0,429,14,0,14,443
08/21/2003,ONT,CA,AWP,WE,Combined TRACON& Tower with Radar,263,79,38,0,380,0,17,50,0,67,263,96,88,0,447,0,0,0,447
08/22/2003,ONT,CA,AWP,WE,Combined TRACON& Tower with Radar,268,68,26,0,362,0,18,40,0,58,268,86,66,0,420,43,0,43,463
08/23/2003,ONT,CA,AWP,WE,Combined TRACON& Tower with Radar,188,44,18,0,250,2,0,31,0,33,190,44,49,0,283,16,0,16,299
08/24/2003,ONT,CA,AWP,WE,Combined TRACON& Tower with Radar,199,20,18,0,237,25,0,15,0,40,224,20,33,0,277,14,0,14,291
08/25/2003,ONT,CA,AWP,WE,Combined TRACON& Tower with Radar,248,61,24,0,333,0,7,41,2,50,248,68,65,2,383,42,0,42,425
08/26/2003,ONT,CA,AWP,WE,Combined TRACON& Tower with Radar,267,85,20,0,372,0,13,42,0,55,267,98,62,0,427,4,0,4,431
08/27/2003,ONT,CA,AWP,WE,Combined TRACON& Tower with Radar,285,75,42,0,402,0,15,37,0,52,285,90,79,0,454,38,0,38,492
08/28/2003,ONT,CA,AWP,WE,Combined TRACON& Tower with Radar,268,75,30,0,373,0,11,38,0,49,268,86,68,0,422,61,0,61,483
08/29/2003,ONT,CA,AWP,WE,Combined TRACON& Tower with Radar,253,77,37,0,367,0,7,45,0,52,253,84,82,0,419,0,0,0,419
08/30/2003,ONT,CA,AWP,WE,Combined TRACON& Tower with Radar,171,34,16,0,221,24,0,12,0,36,195,34,28,0,257,34,0,34,291
08/31/2003,ONT,CA,AWP,WE,Combined TRACON& Tower with Radar,178,15,12,0,205,0,4,17,0,21,178,19,29,0,226,10,0,10,236
09/01/2003,ONT,CA,AWP,WE,Combined TRACON& Tower with Radar,183,27,22,0,232,18,0,27,0,45,201,27,49,0,277,26,0,26,303
09/02/2003,ONT,CA,AWP,WE,Combined TRACON& Tower with Radar,241,65,24,0,330,0,16,31,0,47,241,81,55,0,377,25,0,25,402
09/03/2003,ONT,CA,AWP,WE,Combined TRACON& Tower with Radar,257,94,26,2,379,0,18,28,0,46,257,112,54,2,425,12,0,12,437
09/04/2003,ONT,CA,AWP,WE,Combined TRACON& Tower with Radar,282,79,38,0,399,0,16,50,0,66,282,95,88,0,465,32,0,32,497
09/05/2003,ONT,CA,AWP,WE,Combined TRACON& Tower with Radar,269,66,28,0,363,0,16,29,0,45,269,82,57,0,408,23,0,23,431
09/06/2003,ONT,CA,AWP,WE,Combined TRACON& Tower with Radar,192,40,24,0,256,14,2,13,2,31,206,42,37,2,287,19,0,19,306
09/07/2003,ONT,CA,AWP,WE,Combined TRACON& Tower with Radar,170,18,20,0,208,31,0,16,0,47,201,18,36,0,255,38,0,38,293
09/08/2003,ONT,CA,AWP,WE,Combined TRACON& Tower with Radar,247,54,31,0,332,5,11,23,0,39,252,65,54,0,371,10,0,10,381
09/09/2003,ONT,CA,AWP,WE,Combined TRACON& Tower with Radar,270,104,39,0,413,0,16,51,0,67,270,120,90,0,480,28,0,28,508
09/10/2003,ONT,CA,AWP,WE,Combined TRACON& Tower with Radar,287,79,36,0,402,0,10,46,0,56,287,89,82,0,458,42,0,42,500
09/11/2003,ONT,CA,AWP,WE,Combined TRACON& Tower with Radar,269,54,31,0,354,0,26,36,0,62,269,80,67,0,416,22,0,22,438
09/12/2003,ONT,CA,AWP,WE,Combined TRACON& Tower with Radar,269,62,27,0,358,0,14,44,0,58,269,76,71,0,416,47,0,47,463
09/13/2003,ONT,CA,AWP,WE,Combined TRACON& Tower with Radar,174,35,20,0,229,11,4,9,0,24,185,39,29,0,253,10,0,10,263
09/14/2003,ONT,CA,AWP,WE,Combined TRACON& Tower with Radar,201,18,24,0,243,22,0,42,0,64,223,18,66,0,307,38,0,38,345
09/15/2003,ONT,CA,AWP,WE,Combined TRACON& Tower with Radar,244,61,33,0,338,0,22,30,0,52,244,83,63,0,390,18,0,18,408
09/16/2003,ONT,CA,AWP,WE,Combined TRACON& Tower with Radar,286,75,48,0,409,0,7,35,0,42,286,82,83,0,451,22,0,22,473
09/17/2003,ONT,CA,AWP,WE,Combined TRACON& Tower with Radar,267,75,25,4,371,0,19,37,0,56,267,94,62,4,427,0,0,0,427
09/18/2003,ONT,CA,AWP,WE,Combined TRACON& Tower with Radar,286,84,27,0,397,0,19,52,0,71,286,103,79,0,468,34,0,34,502
09/19/2003,ONT,CA,AWP,WE,Combined TRACON& Tower with Radar,269,64,33,0,366,0,24,46,0,70,269,88,79,0,436,28,0,28,464
09/20/2003,ONT,CA,AWP,WE,Combined TRACON& Tower with Radar,174,35,21,0,230,8,0,34,0,42,182,35,55,0,272,41,0,41,313
09/21/2003,ONT,CA,AWP,WE,Combined TRACON& Tower with Radar,217,23,26,0,266,5,0,68,2,75,222,23,94,2,341,77,0,77,418
09/22/2003,ONT,CA,AWP,WE,Combined TRACON& Tower with Radar,245,56,29,0,330,0,3,32,0,35,245,59,61,0,365,7,0,7,372
09/23/2003,ONT,CA,AWP,WE,Combined TRACON& Tower with Radar,298,84,26,0,408,0,14,29,0,43,298,98,55,0,451,6,0,6,457
09/24/2003,ONT,CA,AWP,WE,Combined TRACON& Tower with Radar,284,81,33,0,398,0,12,27,0,39,284,93,60,0,437,6,0,6,443
09/25/2003,ONT,CA,AWP,WE,Combined TRACON& Tower with Radar,281,78,37,0,396,0,10,38,0,48,281,88,75,0,444,18,0,18,462
09/26/2003,ONT,CA,AWP,WE,Combined TRACON& Tower with Radar,275,68,36,0,379,0,13,13,0,26,275,81,49,0,405,25,0,25,430
09/27/2003,ONT,CA,AWP,WE,Combined TRACON& Tower with Radar,185,34,23,0,242,14,0,8,0,22,199,34,31,0,264,6,0,6,270
09/28/2003,ONT,CA,AWP,WE,Combined TRACON& Tower with Radar,217,26,27,0,270,13,0,31,0,44,230,26,58,0,314,23,6,29,343
09/29/2003,ONT,CA,AWP,WE,Combined TRACON& Tower with Radar,249,55,31,0,335,3,0,39,2,44,252,55,70,2,379,26,0,26,405
09/30/2003,ONT,CA,AWP,WE,Combined TRACON& Tower with Radar,273,82,59,0,414,0,12,40,0,52,273,94,99,0,466,6,0,6,472
10/01/2003,ONT,CA,AWP,WE,Combined TRACON& Tower with Radar,269,77,34,0,380,0,16,70,0,86,269,93,104,0,466,18,0,18,484
10/02/2003,ONT,CA,AWP,WE,Combined TRACON& Tower with Radar,277,75,34,0,386,0,9,59,0,68,277,84,93,0,454,20,0,20,474
10/03/2003,ONT,CA,AWP,WE,Combined TRACON& Tower with Radar,268,76,33,0,377,0,10,31,0,41,268,86,64,0,418,49,0,49,467
10/04/2003,ONT,CA,AWP,WE,Combined TRACON& Tower with Radar,172,36,18,0,226,18,0,4,0,22,190,36,22,0,248,44,0,44,292
10/05/2003,ONT,CA,AWP,WE,Combined TRACON& Tower with Radar,193,22,22,0,237,18,0,25,0,43,211,22,47,0,280,19,0,19,299
10/06/2003,ONT,CA,AWP,WE,Combined TRACON& Tower with Radar,249,61,29,1,340,0,0,28,0,28,249,61,57,1,368,23,0,23,391
10/07/2003,ONT,CA,AWP,WE,Combined TRACON& Tower with Radar,289,82,36,0,407,0,22,32,0,54,289,104,68,0,461,0,0,0,461
10/08/2003,ONT,CA,AWP,WE,Combined TRACON& Tower with Radar,274,75,34,0,383,0,16,38,0,54,274,91,72,0,437,0,0,0,437
10/09/2003,ONT,CA,AWP,WE,Combined TRACON& Tower with Radar,274,82,36,0,392,0,20,40,0,60,274,102,76,0,452,0,0,0,452
10/10/2003,ONT,CA,AWP,WE,Combined TRACON& Tower with Radar,281,76,34,0,391,0,4,25,0,29,281,80,59,0,420,44,0,44,464
10/11/2003,ONT,CA,AWP,WE,Combined TRACON& Tower with Radar,174,37,20,0,231,10,0,14,0,24,184,37,34,0,255,8,0,8,263
10/12/2003,ONT,CA,AWP,WE,Combined TRACON& Tower with Radar,191,16,21,0,228,38,0,21,0,59,229,16,42,0,287,28,0,28,315
10/13/2003,ONT,CA,AWP,WE,Combined TRACON& Tower with Radar,241,62,28,0,331,10,0,46,0,56,251,62,74,0,387,22,0,22,409
10/14/2003,ONT,CA,AWP,WE,Combined TRACON& Tower with Radar,289,75,34,0,398,0,23,39,2,64,289,98,73,2,462,12,0,12,474
10/15/2003,ONT,CA,AWP,WE,Combined TRACON& Tower with Radar,284,80,36,0,400,0,17,27,2,46,284,97,63,2,446,0,0,0,446
10/16/2003,ONT,CA,AWP,WE,Combined TRACON& Tower with Radar,277,74,33,0,384,0,12,33,0,45,277,86,66,0,429,18,0,18,447
10/17/2003,ONT,CA,AWP,WE,Combined TRACON& Tower with Radar,270,70,31,0,371,11,18,41,0,70,281,88,72,0,441,60,0,60,501
10/18/2003,ONT,CA,AWP,WE,Combined TRACON& Tower with Radar,164,32,18,0,214,21,0,31,0,52,185,32,49,0,266,45,0,45,311
10/19/2003,ONT,CA,AWP,WE,Combined TRACON& Tower with Radar,200,24,23,0,247,29,0,32,0,61,229,24,55,0,308,34,0,34,342
10/20/2003,ONT,CA,AWP,WE,Combined TRACON& Tower with Radar,237,54,27,0,318,15,0,37,0,52,252,54,64,0,370,72,0,72,442
10/21/2003,ONT,CA,AWP,WE,Combined TRACON& Tower with Radar,279,71,32,0,382,14,23,81,0,118,293,94,113,0,500,11,0,11,511
10/22/2003,ONT,CA,AWP,WE,Combined TRACON& Tower with Radar,289,74,33,0,396,6,19,55,0,80,295,93,88,0,476,20,0,20,496
10/23/2003,ONT,CA,AWP,WE,Combined TRACON& Tower with Radar,273,69,31,0,373,4,19,61,0,84,277,88,92,0,457,36,0,36,493
10/24/2003,ONT,CA,AWP,WE,Combined TRACON& Tower with Radar,287,73,33,0,393,2,23,55,0,80,289,96,88,0,473,64,0,64,537
10/25/2003,ONT,CA,AWP,WE,Combined TRACON& Tower with Radar,191,42,22,0,255,1,0,21,0,22,192,42,43,0,277,0,0,0,277
10/26/2003,ONT,CA,AWP,WE,Combined TRACON& Tower with Radar,139,18,15,0,172,21,0,16,0,37,160,18,31,0,209,9,0,9,218
10/27/2003,ONT,CA,AWP,WE,Combined TRACON& Tower with Radar,232,59,27,0,318,18,2,21,2,43,250,61,48,2,361,6,0,6,367
10/28/2003,ONT,CA,AWP,WE,Combined TRACON& Tower with Radar,276,70,32,0,378,10,9,45,0,64,286,79,77,0,442,3,0,3,445
10/29/2003,ONT,CA,AWP,WE,Combined TRACON& Tower with Radar,280,77,35,0,392,0,21,42,0,63,280,98,77,0,455,0,0,0,455
10/30/2003,ONT,CA,AWP,WE,Combined TRACON& Tower with Radar,285,73,33,0,391,0,11,46,1,58,285,84,79,1,449,48,0,48,497
10/31/2003,ONT,CA,AWP,WE,Combined TRACON& Tower with Radar,260,68,31,0,359,0,22,29,0,51,260,90,60,0,410,10,0,10,420
11/01/2003,ONT,CA,AWP,WE,Combined TRACON& Tower with Radar,168,36,18,0,222,6,0,30,2,38,174,36,48,2,260,10,0,10,270
11/02/2003,ONT,CA,AWP,WE,Combined TRACON& Tower with Radar,199,20,20,0,239,21,0,36,0,57,220,20,56,0,296,49,0,49,345
11/03/2003,ONT,CA,AWP,WE,Combined TRACON& Tower with Radar,243,58,26,0,327,2,8,16,0,26,245,66,42,0,353,15,0,15,368
11/04/2003,ONT,CA,AWP,WE,Combined TRACON& Tower with Radar,279,70,30,0,379,0,11,47,0,58,279,81,77,0,437,47,0,47,484
11/05/2003,ONT,CA,AWP,WE,Combined TRACON& Tower with Radar,288,71,31,0,390,0,16,68,0,84,288,87,99,0,474,10,0,10,484
11/06/2003,ONT,CA,AWP,WE,Combined TRACON& Tower with Radar,269,70,30,0,369,0,22,63,0,85,269,92,93,0,454,14,0,14,468
11/07/2003,ONT,CA,AWP,WE,Combined TRACON& Tower with Radar,260,65,28,1,354,0,22,36,0,58,260,87,64,1,412,15,0,15,427
11/08/2003,ONT,CA,AWP,WE,Combined TRACON& Tower with Radar,196,42,21,1,260,2,0,51,0,53,198,42,72,1,313,82,0,82,395
11/09/2003,ONT,CA,AWP,WE,Combined TRACON& Tower with Radar,212,21,21,0,254,26,0,27,0,53,238,21,48,0,307,23,0,23,330
11/10/2003,ONT,CA,AWP,WE,Combined TRACON& Tower with Radar,241,58,25,0,324,9,5,42,0,56,250,63,67,0,380,30,0,30,410
11/11/2003,ONT,CA,AWP,WE,Combined TRACON& Tower with Radar,289,70,31,0,390,0,18,42,0,60,289,88,73,0,450,34,0,34,484
11/12/2003,ONT,CA,AWP,WE,Combined TRACON& Tower with Radar,287,71,31,0,389,0,29,0,0,29,287,100,31,0,418,6,0,6,424
11/13/2003,ONT,CA,AWP,WE,Combined TRACON& Tower with Radar,283,72,30,0,385,0,26,62,1,89,283,98,92,1,474,36,0,36,510
11/14/2003,ONT,CA,AWP,WE,Combined TRACON& Tower with Radar,270,66,28,0,364,0,18,35,0,53,270,84,63,0,417,46,0,46,463
11/15/2003,ONT,CA,AWP,WE,Combined TRACON& Tower with Radar,201,33,21,0,255,0,0,36,0,36,201,33,57,0,291,81,0,81,372
11/16/2003,ONT,CA,AWP,WE,Combined TRACON& Tower with Radar,191,31,19,0,241,10,0,26,0,36,201,31,45,0,277,41,0,41,318
11/17/2003,ONT,CA,AWP,WE,Combined TRACON& Tower with Radar,243,55,25,0,323,4,0,51,0,55,247,55,76,0,378,45,0,45,423
11/18/2003,ONT,CA,AWP,WE,Combined TRACON& Tower with Radar,286,70,31,0,387,0,13,64,0,77,286,83,95,0,464,45,0,45,509
11/19/2003,ONT,CA,AWP,WE,Combined TRACON& Tower with Radar,283,67,29,0,379,2,26,62,0,90,285,93,91,0,469,42,0,42,511
11/20/2003,ONT,CA,AWP,WE,Combined TRACON& Tower with Radar,283,68,29,0,380,0,14,60,1,75,283,82,89,1,455,24,0,24,479
11/21/2003,ONT,CA,AWP,WE,Combined TRACON& Tower with Radar,269,75,32,0,376,0,15,40,1,56,269,90,72,1,432,22,0,22,454
11/22/2003,ONT,CA,AWP,WE,Combined TRACON& Tower with Radar,180,34,18,0,232,16,0,19,0,35,196,34,37,0,267,47,0,47,314
11/23/2003,ONT,CA,AWP,WE,Combined TRACON& Tower with Radar,210,20,21,0,251,30,0,26,0,56,240,20,47,0,307,73,0,73,380
11/24/2003,ONT,CA,AWP,WE,Combined TRACON& Tower with Radar,252,59,26,0,337,9,13,31,1,54,261,72,57,1,391,11,0,11,402
11/25/2003,ONT,CA,AWP,WE,Combined TRACON& Tower with Radar,300,74,31,0,405,0,32,50,2,84,300,106,81,2,489,0,0,0,489
11/26/2003,ONT,CA,AWP,WE,Combined TRACON& Tower with Radar,305,72,31,0,408,0,23,22,0,45,305,95,53,0,453,22,0,22,475
11/27/2003,ONT,CA,AWP,WE,Combined TRACON& Tower with Radar,150,25,15,0,190,19,0,7,0,26,169,25,22,0,216,8,0,8,224
11/28/2003,ONT,CA,AWP,WE,Combined TRACON& Tower with Radar,223,53,23,0,299,0,24,16,0,40,223,77,39,0,339,82,0,82,421
11/29/2003,ONT,CA,AWP,WE,Combined TRACON& Tower with Radar,168,40,18,0,226,11,11,9,0,31,179,51,27,0,257,0,0,0,257
11/30/2003,ONT,CA,AWP,WE,Combined TRACON& Tower with Radar,203,25,20,0,248,5,0,31,0,36,208,25,51,0,284,78,0,78,362
12/01/2003,ONT,CA,AWP,WE,Combined TRACON& Tower with Radar,239,57,22,0,318,17,0,39,0,56,256,57,61,0,374,18,0,18,392
12/02/2003,ONT,CA,AWP,WE,Combined TRACON& Tower with Radar,298,83,28,0,409,0,28,55,0,83,298,111,83,0,492,15,0,15,507
12/03/2003,ONT,CA,AWP,WE,Combined TRACON& Tower with Radar,300,80,28,0,408,0,25,101,0,126,300,105,129,0,534,24,0,24,558
12/04/2003,ONT,CA,AWP,WE,Combined TRACON& Tower with Radar,286,78,27,0,391,0,10,76,0,86,286,88,103,0,477,42,0,42,519
12/05/2003,ONT,CA,AWP,WE,Combined TRACON& Tower with Radar,272,76,26,0,374,0,21,131,0,152,272,97,157,0,526,6,0,6,532
12/06/2003,ONT,CA,AWP,WE,Combined TRACON& Tower with Radar,202,41,19,0,262,2,0,11,0,13,204,41,30,0,275,15,0,15,290
12/07/2003,ONT,CA,AWP,WE,Combined TRACON& Tower with Radar,207,16,19,0,242,8,0,10,0,18,215,16,29,0,260,0,0,0,260
12/08/2003,ONT,CA,AWP,WE,Combined TRACON& Tower with Radar,255,62,23,0,340,0,0,43,0,43,255,62,66,0,383,0,0,0,383
12/09/2003,ONT,CA,AWP,WE,Combined TRACON& Tower with Radar,296,83,29,0,408,0,19,63,0,82,296,102,92,0,490,0,0,0,490
12/10/2003,ONT,CA,AWP,WE,Combined TRACON& Tower with Radar,288,84,27,0,399,0,22,51,0,73,288,106,78,0,472,19,0,19,491
12/11/2003,ONT,CA,AWP,WE,Combined TRACON& Tower with Radar,270,81,26,0,377,0,21,36,0,57,270,102,62,0,434,0,0,0,434
12/12/2003,ONT,CA,AWP,WE,Combined TRACON& Tower with Radar,278,74,24,0,376,0,13,41,0,54,278,87,65,0,430,41,0,41,471
12/13/2003,ONT,CA,AWP,WE,Combined TRACON& Tower with Radar,174,38,15,0,227,26,0,14,0,40,200,38,29,0,267,28,0,28,295
12/14/2003,ONT,CA,AWP,WE,Combined TRACON& Tower with Radar,186,15,8,0,209,28,0,0,0,28,214,15,8,0,237,0,0,0,237
12/15/2003,ONT,CA,AWP,WE,Combined TRACON& Tower with Radar,251,60,21,0,332,15,0,25,2,42,266,60,46,2,374,3,0,3,377
12/16/2003,ONT,CA,AWP,WE,Combined TRACON& Tower with Radar,349,91,30,0,470,5,28,28,0,61,354,119,58,0,531,25,0,25,556
12/17/2003,ONT,CA,AWP,WE,Combined TRACON& Tower with Radar,335,87,29,0,451,6,15,43,0,64,341,102,72,0,515,27,0,27,542
12/18/2003,ONT,CA,AWP,WE,Combined TRACON& Tower with Radar,313,82,28,0,423,0,41,52,0,93,313,123,80,0,516,0,0,0,516
12/19/2003,ONT,CA,AWP,WE,Combined TRACON& Tower with Radar,301,80,26,0,407,0,27,29,0,56,301,107,55,0,463,27,0,27,490
12/20/2003,ONT,CA,AWP,WE,Combined TRACON& Tower with Radar,188,45,17,0,250,0,0,16,0,16,188,45,33,0,266,42,0,42,308
12/21/2003,ONT,CA,AWP,WE,Combined TRACON& Tower with Radar,185,13,16,0,214,34,0,7,0,41,219,13,23,0,255,14,0,14,269
12/22/2003,ONT,CA,AWP,WE,Combined TRACON& Tower with Radar,249,63,21,0,333,6,0,27,0,33,255,63,48,0,366,24,0,24,390
12/23/2003,ONT,CA,AWP,WE,Combined TRACON& Tower with Radar,345,97,32,0,474,0,46,24,0,70,345,143,56,0,544,8,0,8,552
12/24/2003,ONT,CA,AWP,WE,Combined TRACON& Tower with Radar,261,73,11,0,345,0,43,0,0,43,261,116,11,0,388,8,0,8,396
12/25/2003,ONT,CA,AWP,WE,Combined TRACON& Tower with Radar,134,17,12,0,163,28,0,3,0,31,162,17,15,0,194,0,0,0,194
12/26/2003,ONT,CA,AWP,WE,Combined TRACON& Tower with Radar,239,65,21,0,325,0,24,39,0,63,239,89,60,0,388,30,0,30,418
12/27/2003,ONT,CA,AWP,WE,Combined TRACON& Tower with Radar,194,40,16,0,250,11,0,46,0,57,205,40,62,0,307,84,0,84,391
12/28/2003,ONT,CA,AWP,WE,Combined TRACON& Tower with Radar,182,14,16,0,212,38,0,25,0,63,220,14,41,0,275,26,0,26,301
12/29/2003,ONT,CA,AWP,WE,Combined TRACON& Tower with Radar,232,57,20,0,309,12,0,33,2,47,244,57,53,2,356,65,0,65,421
12/30/2003,ONT,CA,AWP,WE,Combined TRACON& Tower with Radar,288,79,27,0,394,0,37,21,2,60,288,116,48,2,454,46,0,46,500
12/31/2003,ONT,CA,AWP,WE,Combined TRACON& Tower with Radar,239,63,21,0,323,2,26,16,0,44,241,89,37,0,367,18,0,18,385
01/01/2004,ONT,CA,AWP,WE,Combined TRACON& Tower with Radar,136,22,15,0,173,118,0,21,0,139,254,22,36,0,312,34,0,34,346
01/02/2004,ONT,CA,AWP,WE,Combined TRACON& Tower with Radar,215,63,24,0,302,0,29,0,0,29,215,92,24,0,331,0,0,0,331
01/03/2004,ONT,CA,AWP,WE,Combined TRACON& Tower with Radar,179,42,20,0,241,1,0,7,0,8,180,42,27,0,249,52,0,52,301
01/04/2004,ONT,CA,AWP,WE,Combined TRACON& Tower with Radar,183,19,19,0,221,34,0,17,0,51,217,19,36,0,272,32,0,32,304
01/05/2004,ONT,CA,AWP,WE,Combined TRACON& Tower with Radar,233,59,25,0,317,16,1,37,0,54,249,60,62,0,371,0,0,0,371
01/06/2004,ONT,CA,AWP,WE,Combined TRACON& Tower with Radar,267,69,29,0,365,0,29,18,0,47,267,98,47,0,412,48,0,48,460
01/07/2004,ONT,CA,AWP,WE,Combined TRACON& Tower with Radar,251,67,29,0,347,0,26,33,0,59,251,93,62,0,406,6,0,6,412
01/08/2004,ONT,CA,AWP,WE,Combined TRACON& Tower with Radar,256,66,27,0,349,0,30,35,0,65,256,96,62,0,414,6,0,6,420
01/09/2004,ONT,CA,AWP,WE,Combined TRACON& Tower with Radar,271,72,29,0,372,0,23,56,0,79,271,95,85,0,451,48,0,48,499
01/10/2004,ONT,CA,AWP,WE,Combined TRACON& Tower with Radar,173,40,18,1,232,15,0,29,2,46,188,40,47,3,278,50,0,50,328
01/11/2004,ONT,CA,AWP,WE,Combined TRACON& Tower with Radar,194,18,20,0,232,35,0,17,0,52,229,18,37,0,284,29,0,29,313
01/12/2004,ONT,CA,AWP,WE,Combined TRACON& Tower with Radar,245,49,25,1,320,15,0,0,1,16,260,49,25,2,336,40,0,40,376
01/13/2004,ONT,CA,AWP,WE,Combined TRACON& Tower with Radar,279,71,29,0,379,0,22,16,0,38,279,93,45,0,417,26,0,26,443
01/14/2004,ONT,CA,AWP,WE,Combined TRACON& Tower with Radar,270,69,28,0,367,0,23,49,0,72,270,92,77,0,439,37,0,37,476
01/15/2004,ONT,CA,AWP,WE,Combined TRACON& Tower with Radar,273,71,28,0,372,0,18,50,0,68,273,89,78,0,440,36,0,36,476
01/16/2004,ONT,CA,AWP,WE,Combined TRACON& Tower with Radar,279,73,29,0,381,0,18,97,0,115,279,91,126,0,496,24,0,24,520
01/17/2004,ONT,CA,AWP,WE,Combined TRACON& Tower with Radar,182,42,19,0,243,0,0,30,0,30,182,42,49,0,273,14,0,14,287
01/18/2004,ONT,CA,AWP,WE,Combined TRACON& Tower with Radar,219,22,22,0,263,11,0,17,0,28,230,22,39,0,291,14,0,14,305
01/19/2004,ONT,CA,AWP,WE,Combined TRACON& Tower with Radar,268,61,28,0,357,0,0,0,0,0,268,61,28,0,357,30,0,30,387
01/20/2004,ONT,CA,AWP,WE,Combined TRACON& Tower with Radar,277,77,32,0,386,0,28,24,0,52,277,105,56,0,438,0,0,0,438
01/21/2004,ONT,CA,AWP,WE,Combined TRACON& Tower with Radar,300,75,31,0,406,5,21,27,0,53,305,96,58,0,459,16,0,16,475
01/22/2004,ONT,CA,AWP,WE,Combined TRACON& Tower with Radar,269,67,27,0,363,3,14,29,0,46,272,81,56,0,409,22,0,22,431
01/23/2004,ONT,CA,AWP,WE,Combined TRACON& Tower with Radar,258,64,26,0,348,17,17,30,0,64,275,81,56,0,412,15,0,15,427
01/24/2004,ONT,CA,AWP,WE,Combined TRACON& Tower with Radar,196,46,20,0,262,7,0,9,0,16,203,46,29,0,278,46,0,46,324
01/25/2004,ONT,CA,AWP,WE,Combined TRACON& Tower with Radar,210,19,22,0,251,17,0,35,0,52,227,19,57,0,303,117,0,117,420
01/26/2004,ONT,CA,AWP,WE,Combined TRACON& Tower with Radar,235,58,25,0,318,1,0,44,0,45,236,58,69,0,363,14,0,14,377
01/27/2004,ONT,CA,AWP,WE,Combined TRACON& Tower with Radar,276,70,29,0,375,0,9,62,0,71,276,79,91,0,446,59,0,59,505
01/28/2004,ONT,CA,AWP,WE,Combined TRACON& Tower with Radar,275,72,30,0,377,0,16,39,3,58,275,88,69,3,435,0,0,0,435
01/29/2004,ONT,CA,AWP,WE,Combined TRACON& Tower with Radar,290,74,30,0,394,0,6,45,0,51,290,80,75,0,445,26,0,26,471
01/30/2004,ONT,CA,AWP,WE,Combined TRACON& Tower with Radar,268,75,31,0,374,0,18,53,0,71,268,93,84,0,445,55,0,55,500
01/31/2004,ONT,CA,AWP,WE,Combined TRACON& Tower with Radar,184,41,18,0,243,14,0,13,0,27,198,41,31,0,270,11,0,11,281
02/01/2004,ONT,CA,AWP,WE,Combined TRACON& Tower with Radar,192,17,21,0,230,37,0,21,0,58,229,17,42,0,288,81,0,81,369
02/02/2004,ONT,CA,AWP,WE,Combined TRACON& Tower with Radar,244,63,27,0,334,9,3,22,0,34,253,66,49,0,368,17,0,17,385
02/03/2004,ONT,CA,AWP,WE,Combined TRACON& Tower with Radar,280,72,31,0,383,13,3,18,0,34,293,75,49,0,417,0,0,0,417
02/04/2004,ONT,CA,AWP,WE,Combined TRACON& Tower with Radar,283,73,32,0,388,3,15,37,0,55,286,88,69,0,443,26,0,26,469
02/05/2004,ONT,CA,AWP,WE,Combined TRACON& Tower with Radar,276,73,31,0,380,0,10,57,0,67,276,83,88,0,447,46,0,46,493
02/06/2004,ONT,CA,AWP,WE,Combined TRACON& Tower with Radar,278,72,31,0,381,2,16,64,0,82,280,88,95,0,463,51,0,51,514
02/07/2004,ONT,CA,AWP,WE,Combined TRACON& Tower with Radar,188,38,21,0,247,8,0,23,0,31,196,38,44,0,278,31,0,31,309
02/08/2004,ONT,CA,AWP,WE,Combined TRACON& Tower with Radar,190,21,22,0,233,29,0,19,0,48,219,21,41,0,281,53,0,53,334
02/09/2004,ONT,CA,AWP,WE,Combined TRACON& Tower with Radar,244,63,27,0,334,8,3,35,0,46,252,66,62,0,380,13,0,13,393
02/10/2004,ONT,CA,AWP,WE,Combined TRACON& Tower with Radar,260,67,28,0,355,15,17,10,9,51,275,84,38,9,406,10,0,10,416
02/11/2004,ONT,CA,AWP,WE,Combined TRACON& Tower with Radar,272,72,31,0,375,0,27,45,0,72,272,99,76,0,447,0,0,0,447
02/12/2004,ONT,CA,AWP,WE,Combined TRACON& Tower with Radar,274,75,32,0,381,0,28,50,0,78,274,103,82,0,459,0,0,0,459
02/13/2004,ONT,CA,AWP,WE,Combined TRACON& Tower with Radar,268,73,32,0,373,0,36,57,0,93,268,109,89,0,466,26,0,26,492
02/14/2004,ONT,CA,AWP,WE,Combined TRACON& Tower with Radar,196,50,21,0,267,8,7,29,0,44,204,57,50,0,311,6,0,6,317
02/15/2004,ONT,CA,AWP,WE,Combined TRACON& Tower with Radar,194,19,21,0,234,32,0,24,0,56,226,19,45,0,290,50,0,50,340
02/16/2004,ONT,CA,AWP,WE,Combined TRACON& Tower with Radar,244,66,29,0,339,0,1,49,1,51,244,67,78,1,390,12,0,12,402
02/17/2004,ONT,CA,AWP,WE,Combined TRACON& Tower with Radar,271,69,30,0,370,0,11,29,0,40,271,80,59,0,410,56,0,56,466
02/18/2004,ONT,CA,AWP,WE,Combined TRACON& Tower with Radar,279,75,32,0,386,0,11,13,1,25,279,86,45,1,411,8,0,8,419
02/19/2004,ONT,CA,AWP,WE,Combined TRACON& Tower with Radar,274,71,31,0,376,0,5,69,0,74,274,76,100,0,450,12,0,12,462
02/20/2004,ONT,CA,AWP,WE,Combined TRACON& Tower with Radar,280,75,32,0,387,0,7,29,0,36,280,82,61,0,423,24,0,24,447
02/21/2004,ONT,CA,AWP,WE,Combined TRACON& Tower with Radar,197,43,24,0,264,0,0,11,1,12,197,43,35,1,276,2,0,2,278
02/22/2004,ONT,CA,AWP,WE,Combined TRACON& Tower with Radar,179,20,19,0,218,30,0,0,0,30,209,20,19,0,248,0,0,0,248
02/23/2004,ONT,CA,AWP,WE,Combined TRACON& Tower with Radar,248,62,27,0,337,9,0,12,2,23,257,62,39,2,360,34,0,34,394
02/24/2004,ONT,CA,AWP,WE,Combined TRACON& Tower with Radar,287,79,34,0,400,0,22,45,0,67,287,101,79,0,467,20,0,20,487
02/25/2004,ONT,CA,AWP,WE,Combined TRACON& Tower with Radar,281,79,34,0,394,0,32,23,0,55,281,111,57,0,449,12,0,12,461
02/26/2004,ONT,CA,AWP,WE,Combined TRACON& Tower with Radar,276,72,32,0,380,0,12,26,0,38,276,84,58,0,418,9,0,9,427
02/27/2004,ONT,CA,AWP,WE,Combined TRACON& Tower with Radar,282,79,34,0,395,0,33,37,0,70,282,112,71,0,465,54,0,54,519
02/28/2004,ONT,CA,AWP,WE,Combined TRACON& Tower with Radar,209,25,22,0,256,7,0,7,0,14,216,25,29,0,270,37,0,37,307
02/29/2004,ONT,CA,AWP,WE,Combined TRACON& Tower with Radar,199,24,22,0,245,10,0,52,0,62,209,24,74,0,307,37,0,37,344
03/01/2004,ONT,CA,AWP,WE,Combined TRACON& Tower with Radar,238,71,31,0,340,0,18,19,0,37,238,89,50,0,377,57,0,57,434
03/02/2004,ONT,CA,AWP,WE,Combined TRACON& Tower with Radar,278,90,40,0,408,0,56,24,0,80,278,146,64,0,488,0,0,0,488
03/03/2004,ONT,CA,AWP,WE,Combined TRACON& Tower with Radar,278,83,37,0,398,0,40,25,0,65,278,123,62,0,463,6,0,6,469
03/04/2004,ONT,CA,AWP,WE,Combined TRACON& Tower with Radar,261,83,36,0,380,0,12,64,0,76,261,95,100,0,456,0,0,0,456
03/05/2004,ONT,CA,AWP,WE,Combined TRACON& Tower with Radar,262,77,33,0,372,9,1,47,0,57,271,78,80,0,429,40,0,40,469
03/06/2004,ONT,CA,AWP,WE,Combined TRACON& Tower with Radar,204,61,26,0,291,0,19,24,0,43,204,80,50,0,334,53,0,53,387
03/07/2004,ONT,CA,AWP,WE,Combined TRACON& Tower with Radar,194,23,24,0,241,31,0,48,0,79,225,23,72,0,320,23,0,23,343
03/08/2004,ONT,CA,AWP,WE,Combined TRACON& Tower with Radar,235,69,30,0,334,11,6,138,0,155,246,75,168,0,489,22,0,22,511
03/09/2004,ONT,CA,AWP,WE,Combined TRACON& Tower with Radar,280,85,36,0,401,0,19,59,0,78,280,104,95,0,479,21,0,21,500
03/10/2004,ONT,CA,AWP,WE,Combined TRACON& Tower with Radar,276,83,36,1,396,0,32,45,1,78,276,115,81,2,474,0,0,0,474
03/11/2004,ONT,CA,AWP,WE,Combined TRACON& Tower with Radar,265,81,35,0,381,0,42,43,0,85,265,123,78,0,466,60,0,60,526
03/12/2004,ONT,CA,AWP,WE,Combined TRACON& Tower with Radar,275,89,38,0,402,0,20,32,0,52,275,109,70,0,454,49,0,49,503
03/13/2004,ONT,CA,AWP,WE,Combined TRACON& Tower with Radar,211,44,26,0,281,6,0,3,0,9,217,44,29,0,290,27,1,28,318
03/14/2004,ONT,CA,AWP,WE,Combined TRACON& Tower with Radar,195,28,24,0,247,26,0,28,0,54,221,28,52,0,301,18,0,18,319
03/15/2004,ONT,CA,AWP,WE,Combined TRACON& Tower with Radar,254,79,34,0,367,0,24,27,0,51,254,103,61,0,418,38,0,38,456
03/16/2004,ONT,CA,AWP,WE,Combined TRACON& Tower with Radar,271,78,34,0,383,14,13,28,0,55,285,91,62,0,438,2,0,2,440
03/17/2004,ONT,CA,AWP,WE,Combined TRACON& Tower with Radar,289,85,37,0,411,0,7,67,0,74,289,92,104,0,485,2,0,2,487
03/18/2004,ONT,CA,AWP,WE,Combined TRACON& Tower with Radar,281,88,38,0,407,0,11,60,0,71,281,99,98,0,478,15,0,15,493
03/19/2004,ONT,CA,AWP,WE,Combined TRACON& Tower with Radar,279,89,39,0,407,0,0,35,0,35,279,89,74,0,442,15,0,15,457
03/20/2004,ONT,CA,AWP,WE,Combined TRACON& Tower with Radar,182,33,23,0,238,22,0,17,0,39,204,33,40,0,277,49,0,49,326
03/21/2004,ONT,CA,AWP,WE,Combined TRACON& Tower with Radar,192,23,24,0,239,22,0,16,0,38,214,23,40,0,277,17,0,17,294
03/22/2004,ONT,CA,AWP,WE,Combined TRACON& Tower with Radar,192,55,24,0,271,78,10,13,0,101,270,65,37,0,372,27,0,27,399
03/23/2004,ONT,CA,AWP,WE,Combined TRACON& Tower with Radar,281,85,37,0,403,0,5,31,0,36,281,90,68,0,439,0,0,0,439
03/24/2004,ONT,CA,AWP,WE,Combined TRACON& Tower with Radar,268,80,35,0,383,0,10,36,0,46,268,90,71,0,429,6,0,6,435
03/25/2004,ONT,CA,AWP,WE,Combined TRACON& Tower with Radar,280,81,36,0,397,0,6,25,3,34,280,87,61,3,431,29,0,29,460
03/26/2004,ONT,CA,AWP,WE,Combined TRACON& Tower with Radar,283,82,35,0,400,4,4,49,0,57,287,86,84,0,457,33,0,33,490
03/27/2004,ONT,CA,AWP,WE,Combined TRACON& Tower with Radar,190,39,24,0,253,16,0,11,0,27,206,39,35,0,280,68,0,68,348
03/28/2004,ONT,CA,AWP,WE,Combined TRACON& Tower with Radar,190,18,24,0,232,35,0,28,0,63,225,18,52,0,295,5,0,5,300
03/29/2004,ONT,CA,AWP,WE,Combined TRACON& Tower with Radar,261,75,33,0,369,13,5,36,0,54,274,80,69,0,423,26,0,26,449
03/30/2004,ONT,CA,AWP,WE,Combined TRACON& Tower with Radar,290,85,37,0,412,0,27,51,4,82,290,112,88,4,494,56,0,56,550
03/31/2004,ONT,CA,AWP,WE,Combined TRACON& Tower with Radar,276,80,35,0,391,8,18,54,0,80,284,98,89,0,471,12,0,12,483
04/01/2004,ONT,CA,AWP,WE,Combined TRACON& Tower with Radar,270,83,40,0,393,0,12,45,0,57,270,95,85,0,450,18,0,18,468
04/02/2004,ONT,CA,AWP,WE,Combined TRACON& Tower with Radar,269,86,42,0,397,0,35,43,0,78,269,121,85,0,475,43,0,43,518
04/03/2004,ONT,CA,AWP,WE,Combined TRACON& Tower with Radar,206,76,27,0,309,0,58,0,0,58,206,134,27,0,367,36,0,36,403
04/04/2004,ONT,CA,AWP,WE,Combined TRACON& Tower with Radar,202,34,28,0,264,14,0,17,0,31,216,34,45,0,295,20,0,20,315
04/05/2004,ONT,CA,AWP,WE,Combined TRACON& Tower with Radar,252,64,34,0,350,0,0,0,0,0,252,64,34,0,350,26,0,26,376
04/06/2004,ONT,CA,AWP,WE,Combined TRACON& Tower with Radar,282,81,38,0,401,0,5,48,0,53,282,86,86,0,454,24,0,24,478
04/07/2004,ONT,CA,AWP,WE,Combined TRACON& Tower with Radar,273,79,37,0,389,0,13,41,0,54,273,92,78,0,443,6,0,6,449
04/08/2004,ONT,CA,AWP,WE,Combined TRACON& Tower with Radar,269,85,41,0,395,0,11,17,0,28,269,96,58,0,423,34,0,34,457
04/09/2004,ONT,CA,AWP,WE,Combined TRACON& Tower with Radar,270,68,37,0,375,8,0,2,0,10,278,68,39,0,385,37,0,37,422
04/10/2004,ONT,CA,AWP,WE,Combined TRACON& Tower with Radar,201,51,31,0,283,0,0,54,0,54,201,51,85,0,337,44,0,44,381
04/11/2004,ONT,CA,AWP,WE,Combined TRACON& Tower with Radar,173,20,23,0,216,37,0,23,0,60,210,20,46,0,276,26,0,26,302
04/12/2004,ONT,CA,AWP,WE,Combined TRACON& Tower with Radar,265,68,36,0,369,13,0,3,0,16,278,68,39,0,385,37,0,37,422
04/13/2004,ONT,CA,AWP,WE,Combined TRACON& Tower with Radar,292,88,42,0,422,0,50,34,0,84,292,138,76,0,506,50,0,50,556
04/14/2004,ONT,CA,AWP,WE,Combined TRACON& Tower with Radar,285,83,40,0,408,0,19,29,0,48,285,102,69,0,456,54,0,54,510
04/15/2004,ONT,CA,AWP,WE,Combined TRACON& Tower with Radar,268,76,36,1,381,9,2,68,1,80,277,78,104,2,461,37,0,37,498
04/16/2004,ONT,CA,AWP,WE,Combined TRACON& Tower with Radar,262,74,35,0,371,6,0,40,0,46,268,74,75,0,417,59,0,59,476
04/17/2004,ONT,CA,AWP,WE,Combined TRACON& Tower with Radar,209,47,28,0,284,4,0,12,2,18,213,47,40,2,302,58,0,58,360
04/18/2004,ONT,CA,AWP,WE,Combined TRACON& Tower with Radar,182,19,25,0,226,35,0,17,0,52,217,19,42,0,278,65,0,65,343
04/19/2004,ONT,CA,AWP,WE,Combined TRACON& Tower with Radar,238,65,32,0,335,25,0,41,0,66,263,65,73,0,401,34,0,34,435
04/20/2004,ONT,CA,AWP,WE,Combined TRACON& Tower with Radar,270,76,37,0,383,19,18,60,0,97,289,94,97,0,480,0,0,0,480
04/21/2004,ONT,CA,AWP,WE,Combined TRACON& Tower with Radar,276,78,37,0,391,2,4,67,0,73,278,82,104,0,464,4,0,4,468
04/22/2004,ONT,CA,AWP,WE,Combined TRACON& Tower with Radar,275,77,37,0,389,8,16,26,0,50,283,93,63,0,439,73,0,73,512
04/23/2004,ONT,CA,AWP,WE,Combined TRACON& Tower with Radar,271,76,37,0,384,16,10,21,0,47,287,86,58,0,431,26,0,26,457
04/24/2004,ONT,CA,AWP,WE,Combined TRACON& Tower with Radar,182,49,25,0,256,14,0,50,0,64,196,49,75,0,320,30,0,30,350
04/25/2004,ONT,CA,AWP,WE,Combined TRACON& Tower with Radar,189,25,26,0,240,21,0,31,0,52,210,25,57,0,292,65,0,65,357
04/26/2004,ONT,CA,AWP,WE,Combined TRACON& Tower with Radar,239,67,33,0,339,20,4,40,3,67,259,71,73,3,406,25,0,25,431
04/27/2004,ONT,CA,AWP,WE,Combined TRACON& Tower with Radar,283,87,41,0,411,0,3,102,0,105,283,90,143,0,516,6,0,6,522
04/28/2004,ONT,CA,AWP,WE,Combined TRACON& Tower with Radar,274,77,37,0,388,9,27,50,1,87,283,104,87,1,475,14,0,14,489
04/29/2004,ONT,CA,AWP,WE,Combined TRACON& Tower with Radar,281,87,42,0,410,0,6,94,0,100,281,93,136,0,510,61,0,61,571
04/30/2004,ONT,CA,AWP,WE,Combined TRACON& Tower with Radar,284,81,39,0,404,0,8,80,4,92,284,89,119,4,496,116,0,116,612
05/01/2004,ONT,CA,AWP,WE,Combined TRACON& Tower with Radar,212,42,25,1,280,0,0,71,7,78,212,42,96,8,358,105,0,105,463
05/02/2004,ONT,CA,AWP,WE,Combined TRACON& Tower with Radar,226,31,30,1,288,0,0,304,8,312,226,31,334,9,600,27,0,27,627
05/03/2004,ONT,CA,AWP,WE,Combined TRACON& Tower with Radar,262,65,30,0,357,1,17,51,0,69,263,82,81,0,426,80,0,80,506
05/04/2004,ONT,CA,AWP,WE,Combined TRACON& Tower with Radar,258,64,30,1,353,0,22,58,3,83,258,86,88,4,436,16,0,16,452
05/05/2004,ONT,CA,AWP,WE,Combined TRACON& Tower with Radar,256,63,30,0,349,3,21,153,0,177,259,84,183,0,526,4,0,4,530
05/06/2004,ONT,CA,AWP,WE,Combined TRACON& Tower with Radar,273,69,33,0,375,0,24,66,0,90,273,93,99,0,465,39,0,39,504
05/07/2004,ONT,CA,AWP,WE,Combined TRACON& Tower with Radar,266,67,32,0,365,0,21,42,0,63,266,88,74,0,428,30,0,30,458
05/08/2004,ONT,CA,AWP,WE,Combined TRACON& Tower with Radar,197,49,23,0,269,8,23,31,0,62,205,72,54,0,331,70,0,70,401
05/09/2004,ONT,CA,AWP,WE,Combined TRACON& Tower with Radar,178,18,21,0,217,33,0,19,0,52,211,18,40,0,269,103,0,103,372
05/10/2004,ONT,CA,AWP,WE,Combined TRACON& Tower with Radar,241,60,28,0,329,10,10,41,0,61,251,70,69,0,390,60,0,60,450
05/11/2004,ONT,CA,AWP,WE,Combined TRACON& Tower with Radar,277,74,36,0,387,0,21,77,0,98,277,95,113,0,485,6,0,6,491
05/12/2004,ONT,CA,AWP,WE,Combined TRACON& Tower with Radar,267,69,34,0,370,0,37,18,0,55,267,106,52,0,425,0,0,0,425
05/13/2004,ONT,CA,AWP,WE,Combined TRACON& Tower with Radar,270,67,32,0,369,12,21,40,0,73,282,88,72,0,442,12,0,12,454
05/14/2004,ONT,CA,AWP,WE,Combined TRACON& Tower with Radar,269,66,32,0,367,6,14,49,0,69,275,80,81,0,436,34,0,34,470
05/15/2004,ONT,CA,AWP,WE,Combined TRACON& Tower with Radar,189,38,22,0,249,24,0,13,0,37,213,38,35,0,286,26,0,26,312
05/16/2004,ONT,CA,AWP,WE,Combined TRACON& Tower with Radar,187,10,23,0,220,39,0,22,0,61,226,10,45,0,281,32,0,32,313
05/17/2004,ONT,CA,AWP,WE,Combined TRACON& Tower with Radar,253,61,30,0,344,1,2,30,0,33,254,63,60,0,377,12,0,12,389
05/18/2004,ONT,CA,AWP,WE,Combined TRACON& Tower with Radar,294,75,37,0,406,0,28,46,2,76,294,103,83,2,482,0,0,0,482
05/19/2004,ONT,CA,AWP,WE,Combined TRACON& Tower with Radar,281,72,35,0,388,0,21,64,0,85,281,93,99,0,473,16,0,16,489
05/20/2004,ONT,CA,AWP,WE,Combined TRACON& Tower with Radar,282,74,37,0,393,0,23,34,0,57,282,97,71,0,450,29,0,29,479
05/21/2004,ONT,CA,AWP,WE,Combined TRACON& Tower with Radar,256,65,32,0,353,0,18,32,0,50,256,83,64,0,403,8,0,8,411
05/22/2004,ONT,CA,AWP,WE,Combined TRACON& Tower with Radar,176,35,21,0,232,16,0,22,0,38,192,35,43,0,270,28,0,28,298
05/23/2004,ONT,CA,AWP,WE,Combined TRACON& Tower with Radar,195,15,24,0,234,27,0,22,0,49,222,15,46,0,283,42,0,42,325
05/24/2004,ONT,CA,AWP,WE,Combined TRACON& Tower with Radar,237,57,28,0,322,4,1,35,0,40,241,58,63,0,362,32,0,32,394
05/25/2004,ONT,CA,AWP,WE,Combined TRACON& Tower with Radar,271,73,36,0,380,0,23,46,0,69,271,96,82,0,449,0,0,0,449
05/26/2004,ONT,CA,AWP,WE,Combined TRACON& Tower with Radar,263,66,33,0,362,0,17,32,0,49,263,83,65,0,411,7,0,7,418
05/27/2004,ONT,CA,AWP,WE,Combined TRACON& Tower with Radar,265,69,34,0,368,0,17,50,0,67,265,86,84,0,435,32,0,32,467
05/28/2004,ONT,CA,AWP,WE,Combined TRACON& Tower with Radar,258,71,34,0,363,0,18,3,0,21,258,89,37,0,384,18,0,18,402
05/29/2004,ONT,CA,AWP,WE,Combined TRACON& Tower with Radar,190,36,23,0,249,15,0,35,0,50,205,36,58,0,299,48,0,48,347
05/30/2004,ONT,CA,AWP,WE,Combined TRACON& Tower with Radar,158,15,18,0,191,32,0,10,0,42,190,15,28,0,233,38,0,38,271
05/31/2004,ONT,CA,AWP,WE,Combined TRACON& Tower with Radar,188,26,21,0,235,18,0,34,0,52,206,26,55,0,287,38,0,38,325
06/01/2004,ONT,CA,AWP,WE,Combined TRACON& Tower with Radar,256,71,34,0,361,0,13,62,4,79,256,84,96,4,440,19,0,19,459
06/02/2004,ONT,CA,AWP,WE,Combined TRACON& Tower with Radar,256,71,35,0,362,25,13,26,1,65,281,84,61,1,427,2,0,2,429
06/03/2004,ONT,CA,AWP,WE,Combined TRACON& Tower with Radar,270,79,37,0,386,0,18,38,1,57,270,97,75,1,443,68,0,68,511
06/04/2004,ONT,CA,AWP,WE,Combined TRACON& Tower with Radar,256,76,36,0,368,0,14,50,0,64,256,90,86,0,432,33,0,33,465
06/05/2004,ONT,CA,AWP,WE,Combined TRACON& Tower with Radar,206,52,18,0,276,7,0,0,0,7,213,52,18,0,283,83,0,83,366
06/06/2004,ONT,CA,AWP,WE,Combined TRACON& Tower with Radar,191,38,26,0,255,17,0,17,0,34,208,38,43,0,289,62,0,62,351
06/07/2004,ONT,CA,AWP,WE,Combined TRACON& Tower with Radar,250,77,36,0,363,0,13,28,0,41,250,90,64,0,404,1,0,1,405
06/08/2004,ONT,CA,AWP,WE,Combined TRACON& Tower with Radar,279,82,39,0,400,0,14,44,0,58,279,96,83,0,458,0,0,0,458
06/09/2004,ONT,CA,AWP,WE,Combined TRACON& Tower with Radar,272,79,37,1,389,0,14,40,1,55,272,93,77,2,444,8,0,8,452
06/10/2004,ONT,CA,AWP,WE,Combined TRACON& Tower with Radar,256,79,36,0,371,0,36,42,0,78,256,115,78,0,449,22,0,22,471
06/11/2004,ONT,CA,AWP,WE,Combined TRACON& Tower with Radar,250,74,35,0,359,0,46,21,0,67,250,120,56,0,426,10,0,10,436
06/12/2004,ONT,CA,AWP,WE,Combined TRACON& Tower with Radar,187,53,24,0,264,13,5,22,0,40,200,58,46,0,304,67,0,67,371
06/13/2004,ONT,CA,AWP,WE,Combined TRACON& Tower with Radar,200,28,26,0,254,31,0,34,0,65,231,28,60,0,319,12,0,12,331
06/14/2004,ONT,CA,AWP,WE,Combined TRACON& Tower with Radar,222,62,29,0,313,16,1,26,0,43,238,63,55,0,356,24,0,24,380
06/15/2004,ONT,CA,AWP,WE,Combined TRACON& Tower with Radar,277,80,37,0,394,0,19,51,0,70,277,99,88,0,464,0,0,0,464
06/16/2004,ONT,CA,AWP,WE,Combined TRACON& Tower with Radar,278,80,37,0,395,0,14,100,0,114,278,94,137,0,509,2,0,2,511
06/17/2004,ONT,CA,AWP,WE,Combined TRACON& Tower with Radar,259,77,36,0,372,0,13,72,0,85,259,90,108,0,457,24,0,24,481
06/18/2004,ONT,CA,AWP,WE,Combined TRACON& Tower with Radar,277,74,37,0,388,0,0,44,0,44,277,74,81,0,432,20,0,20,452
06/19/2004,ONT,CA,AWP,WE,Combined TRACON& Tower with Radar,208,40,19,0,267,10,0,0,0,10,218,40,19,0,277,29,0,29,306
06/20/2004,ONT,CA,AWP,WE,Combined TRACON& Tower with Radar,187,22,24,0,233,27,0,11,0,38,214,22,35,0,271,28,0,28,299
06/21/2004,ONT,CA,AWP,WE,Combined TRACON& Tower with Radar,239,64,32,0,335,0,0,32,0,32,239,64,64,0,367,13,0,13,380
06/22/2004,ONT,CA,AWP,WE,Combined TRACON& Tower with Radar,280,83,39,0,402,0,8,37,0,45,280,91,76,0,447,44,0,44,491
06/23/2004,ONT,CA,AWP,WE,Combined TRACON& Tower with Radar,295,83,39,0,417,0,0,38,1,39,295,83,77,1,456,0,0,0,456
06/24/2004,ONT,CA,AWP,WE,Combined TRACON& Tower with Radar,275,81,38,0,394,0,8,50,2,60,275,89,88,2,454,18,0,18,472
06/25/2004,ONT,CA,AWP,WE,Combined TRACON& Tower with Radar,270,80,38,0,388,0,8,58,0,66,270,88,96,0,454,18,0,18,472
06/26/2004,ONT,CA,AWP,WE,Combined TRACON& Tower with Radar,191,41,25,0,257,20,0,1,0,21,211,41,26,0,278,36,0,36,314
06/27/2004,ONT,CA,AWP,WE,Combined TRACON& Tower with Radar,190,30,25,0,245,24,0,19,0,43,214,30,44,0,288,45,0,45,333
06/28/2004,ONT,CA,AWP,WE,Combined TRACON& Tower with Radar,253,58,33,0,344,15,0,29,0,44,268,58,62,0,388,2,0,2,390
06/29/2004,ONT,CA,AWP,WE,Combined TRACON& Tower with Radar,281,78,36,0,395,0,6,37,0,43,281,84,73,0,438,14,0,14,452
06/30/2004,ONT,CA,AWP,WE,Combined TRACON& Tower with Radar,265,73,35,0,373,2,14,24,0,40,267,87,59,0,413,53,0,53,466
07/01/2004,ONT,CA,AWP,WE,Combined TRACON& Tower with Radar,278,69,30,0,377,0,15,40,0,55,278,84,70,0,432,47,0,47,479
07/02/2004,ONT,CA,AWP,WE,Combined TRACON& Tower with Radar,279,73,32,0,384,0,45,16,0,61,279,118,48,0,445,21,0,21,466
07/03/2004,ONT,CA,AWP,WE,Combined TRACON& Tower with Radar,210,44,22,0,276,0,0,11,1,12,210,44,33,1,288,104,0,104,392
07/04/2004,ONT,CA,AWP,WE,Combined TRACON& Tower with Radar,168,22,17,0,207,19,0,12,0,31,187,22,29,0,238,11,0,11,249
07/05/2004,ONT,CA,AWP,WE,Combined TRACON& Tower with Radar,213,29,22,0,264,14,0,30,0,44,227,29,52,0,308,0,0,0,308
07/06/2004,ONT,CA,AWP,WE,Combined TRACON& Tower with Radar,258,70,29,0,357,0,13,45,0,58,258,83,74,0,415,16,0,16,431
07/07/2004,ONT,CA,AWP,WE,Combined TRACON& Tower with Radar,279,74,30,0,383,0,24,39,0,63,279,98,69,0,446,4,0,4,450
07/08/2004,ONT,CA,AWP,WE,Combined TRACON& Tower with Radar,259,68,28,0,355,0,21,40,0,61,259,89,68,0,416,18,0,18,434
07/09/2004,ONT,CA,AWP,WE,Combined TRACON& Tower with Radar,262,68,27,0,357,0,23,44,0,67,262,91,71,0,424,26,0,26,450
07/10/2004,ONT,CA,AWP,WE,Combined TRACON& Tower with Radar,208,42,20,1,271,24,0,18,6,48,232,42,38,7,319,20,0,20,339
07/11/2004,ONT,CA,AWP,WE,Combined TRACON& Tower with Radar,192,17,19,0,228,35,0,29,0,64,227,17,48,0,292,34,0,34,326
07/12/2004,ONT,CA,AWP,WE,Combined TRACON& Tower with Radar,251,61,25,0,337,10,2,41,0,53,261,63,66,0,390,0,0,0,390
07/13/2004,ONT,CA,AWP,WE,Combined TRACON& Tower with Radar,290,72,30,0,392,0,20,51,0,71,290,92,81,0,463,30,0,30,493
07/14/2004,ONT,CA,AWP,WE,Combined TRACON& Tower with Radar,271,70,30,0,371,0,24,63,0,87,271,94,93,0,458,27,0,27,485
07/15/2004,ONT,CA,AWP,WE,Combined TRACON& Tower with Radar,269,66,27,0,362,0,20,35,0,55,269,86,62,0,417,8,0,8,425
07/16/2004,ONT,CA,AWP,WE,Combined TRACON& Tower with Radar,266,65,27,0,358,0,18,129,0,147,266,83,156,0,505,8,0,8,513
07/17/2004,ONT,CA,AWP,WE,Combined TRACON& Tower with Radar,209,31,21,0,261,34,0,96,0,130,243,31,117,0,391,54,0,54,445
07/18/2004,ONT,CA,AWP,WE,Combined TRACON& Tower with Radar,186,19,19,0,224,33,0,19,0,52,219,19,38,0,276,50,0,50,326
07/19/2004,ONT,CA,AWP,WE,Combined TRACON& Tower with Radar,239,57,23,0,319,17,6,59,0,82,256,63,82,0,401,24,0,24,425
07/20/2004,ONT,CA,AWP,WE,Combined TRACON& Tower with Radar,285,68,28,0,381,6,30,23,0,59,291,98,51,0,440,2,0,2,442
07/21/2004,ONT,CA,AWP,WE,Combined TRACON& Tower with Radar,272,65,27,0,364,4,24,41,0,69,276,89,68,0,433,24,0,24,457
07/22/2004,ONT,CA,AWP,WE,Combined TRACON& Tower with Radar,269,70,29,0,368,0,4,75,0,79,269,74,104,0,447,86,0,86,533
07/23/2004,ONT,CA,AWP,WE,Combined TRACON& Tower with Radar,280,74,31,0,385,0,25,35,0,60,280,99,66,0,445,12,0,12,457
07/24/2004,ONT,CA,AWP,WE,Combined TRACON& Tower with Radar,204,36,20,0,260,13,0,17,0,30,217,36,37,0,290,67,0,67,357
07/25/2004,ONT,CA,AWP,WE,Combined TRACON& Tower with Radar,205,20,20,0,245,26,0,33,0,59,231,20,53,0,304,51,0,51,355
07/26/2004,ONT,CA,AWP,WE,Combined TRACON& Tower with Radar,229,54,23,0,306,22,1,18,1,42,251,55,41,1,348,20,0,20,368
07/27/2004,ONT,CA,AWP,WE,Combined TRACON& Tower with Radar,282,72,30,0,384,0,27,41,4,72,282,99,71,4,456,26,0,26,482
07/28/2004,ONT,CA,AWP,WE,Combined TRACON& Tower with Radar,274,67,27,0,368,0,30,36,3,69,274,97,63,3,437,0,0,0,437
07/29/2004,ONT,CA,AWP,WE,Combined TRACON& Tower with Radar,269,70,29,0,368,0,20,46,0,66,269,90,75,0,434,2,0,2,436
07/30/2004,ONT,CA,AWP,WE,Combined TRACON& Tower with Radar,260,63,27,0,350,0,31,27,0,58,260,94,54,0,408,0,0,0,408
07/31/2004,ONT,CA,AWP,WE,Combined TRACON& Tower with Radar,218,41,22,0,281,12,0,25,0,37,230,41,47,0,318,18,0,18,336
08/01/2004,ONT,CA,AWP,WE,Combined TRACON& Tower with Radar,179,19,19,0,217,18,0,30,0,48,197,19,49,0,265,4,0,4,269
08/02/2004,ONT,CA,AWP,WE,Combined TRACON& Tower with Radar,263,59,28,0,350,0,0,53,0,53,263,59,81,0,403,34,0,34,437
08/03/2004,ONT,CA,AWP,WE,Combined TRACON& Tower with Radar,268,72,31,0,371,0,33,45,0,78,268,105,76,0,449,10,0,10,459
08/04/2004,ONT,CA,AWP,WE,Combined TRACON& Tower with Radar,276,70,29,1,376,0,15,34,4,53,276,85,63,5,429,18,0,18,447
08/05/2004,ONT,CA,AWP,WE,Combined TRACON& Tower with Radar,277,74,31,0,382,0,17,27,0,44,277,91,58,0,426,15,0,15,441
08/06/2004,ONT,CA,AWP,WE,Combined TRACON& Tower with Radar,260,65,27,0,352,4,17,29,0,50,264,82,56,0,402,18,0,18,420
08/07/2004,ONT,CA,AWP,WE,Combined TRACON& Tower with Radar,207,47,21,1,276,18,0,9,4,31,225,47,30,5,307,38,0,38,345
08/08/2004,ONT,CA,AWP,WE,Combined TRACON& Tower with Radar,203,33,21,0,257,19,0,30,0,49,222,33,51,0,306,31,0,31,337
08/09/2004,ONT,CA,AWP,WE,Combined TRACON& Tower with Radar,239,59,25,0,323,16,13,42,0,71,255,72,67,0,394,29,0,29,423
08/10/2004,ONT,CA,AWP,WE,Combined TRACON& Tower with Radar,276,69,29,1,375,11,31,25,1,68,287,100,54,2,443,6,0,6,449
08/11/2004,ONT,CA,AWP,WE,Combined TRACON& Tower with Radar,281,71,29,0,381,0,19,46,0,65,281,90,75,0,446,40,0,40,486
08/12/2004,ONT,CA,AWP,WE,Combined TRACON& Tower with Radar,291,77,32,0,400,0,4,51,0,55,291,81,83,0,455,54,0,54,509
08/13/2004,ONT,CA,AWP,WE,Combined TRACON& Tower with Radar,230,57,24,0,311,36,57,26,0,119,266,114,50,0,430,32,0,32,462
08/14/2004,ONT,CA,AWP,WE,Combined TRACON& Tower with Radar,179,41,19,0,239,20,0,12,0,32,199,41,31,0,271,8,0,8,279
08/15/2004,ONT,CA,AWP,WE,Combined TRACON& Tower with Radar,199,31,21,0,251,22,0,24,0,46,221,31,45,0,297,52,0,52,349
08/16/2004,ONT,CA,AWP,WE,Combined TRACON& Tower with Radar,265,65,28,0,358,0,16,52,0,68,265,81,80,0,426,79,0,79,505
08/17/2004,ONT,CA,AWP,WE,Combined TRACON& Tower with Radar,283,74,32,0,389,0,12,55,0,67,283,86,87,0,456,26,0,26,482
08/18/2004,ONT,CA,AWP,WE,Combined TRACON& Tower with Radar,275,71,30,0,376,0,25,19,0,44,275,96,49,0,420,0,0,0,420
08/19/2004,ONT,CA,AWP,WE,Combined TRACON& Tower with Radar,298,74,32,0,404,0,15,36,0,51,298,89,68,0,455,42,0,42,497
08/20/2004,ONT,CA,AWP,WE,Combined TRACON& Tower with Radar,268,68,30,0,366,0,29,23,0,52,268,97,53,0,418,44,0,44,462
08/21/2004,ONT,CA,AWP,WE,Combined TRACON& Tower with Radar,192,43,20,0,255,16,0,4,0,20,208,43,24,0,275,28,0,28,303
08/22/2004,ONT,CA,AWP,WE,Combined TRACON& Tower with Radar,199,20,20,0,239,15,0,22,0,37,214,20,42,0,276,24,0,24,300
08/23/2004,ONT,CA,AWP,WE,Combined TRACON& Tower with Radar,242,59,26,0,327,0,4,35,0,39,242,63,61,0,366,17,0,17,383
08/24/2004,ONT,CA,AWP,WE,Combined TRACON& Tower with Radar,276,74,31,0,381,0,14,55,0,69,276,88,86,0,450,11,0,11,461
08/25/2004,ONT,CA,AWP,WE,Combined TRACON& Tower with Radar,276,70,29,0,375,0,27,29,2,58,276,97,58,2,433,37,0,37,470
08/26/2004,ONT,CA,AWP,WE,Combined TRACON& Tower with Radar,272,70,29,0,371,0,11,47,0,58,272,81,76,0,429,12,0,12,441
08/27/2004,ONT,CA,AWP,WE,Combined TRACON& Tower with Radar,274,71,30,0,375,0,17,35,0,52,274,88,65,0,427,0,0,0,427
08/28/2004,ONT,CA,AWP,WE,Combined TRACON& Tower with Radar,186,40,20,0,246,15,0,0,0,15,201,40,20,0,261,27,0,27,288
08/29/2004,ONT,CA,AWP,WE,Combined TRACON& Tower with Radar,207,26,22,0,255,18,0,20,0,38,225,26,42,0,293,47,0,47,340
08/30/2004,ONT,CA,AWP,WE,Combined TRACON& Tower with Radar,250,63,26,0,339,0,9,33,0,42,250,72,59,0,381,6,0,6,387
08/31/2004,ONT,CA,AWP,WE,Combined TRACON& Tower with Radar,292,72,31,0,395,3,22,45,2,72,295,94,76,2,467,22,0,22,489
09/01/2004,ONT,CA,AWP,WE,Combined TRACON& Tower with Radar,281,71,40,0,392,17,17,18,0,52,298,88,58,0,444,28,0,28,472
09/02/2004,ONT,CA,AWP,WE,Combined TRACON& Tower with Radar,296,80,43,0,419,0,1,172,0,173,296,81,215,0,592,30,0,30,622
09/03/2004,ONT,CA,AWP,WE,Combined TRACON& Tower with Radar,289,76,42,0,407,0,18,50,0,68,289,94,92,0,475,0,0,0,475
09/04/2004,ONT,CA,AWP,WE,Combined TRACON& Tower with Radar,211,32,29,0,272,25,0,40,0,65,236,32,69,0,337,0,0,0,337
09/05/2004,ONT,CA,AWP,WE,Combined TRACON& Tower with Radar,172,17,25,0,214,0,0,213,0,213,172,17,238,0,427,14,0,14,441
09/06/2004,ONT,CA,AWP,WE,Combined TRACON& Tower with Radar,196,24,27,0,247,26,0,46,0,72,222,24,73,0,319,16,0,16,335
09/07/2004,ONT,CA,AWP,WE,Combined TRACON& Tower with Radar,256,65,35,0,356,6,6,33,0,45,262,71,68,0,401,5,0,5,406
09/08/2004,ONT,CA,AWP,WE,Combined TRACON& Tower with Radar,279,71,37,0,387,6,35,43,0,84,285,106,80,0,471,0,0,0,471
09/09/2004,ONT,CA,AWP,WE,Combined TRACON& Tower with Radar,287,76,41,0,404,0,30,21,0,51,287,106,62,0,455,15,0,15,470
09/10/2004,ONT,CA,AWP,WE,Combined TRACON& Tower with Radar,284,72,39,0,395,9,24,23,0,56,293,96,62,0,451,18,0,18,469
09/11/2004,ONT,CA,AWP,WE,Combined TRACON& Tower with Radar,195,28,21,0,244,22,0,0,0,22,217,28,21,0,266,28,0,28,294
09/12/2004,ONT,CA,AWP,WE,Combined TRACON& Tower with Radar,197,30,27,0,254,26,0,25,0,51,223,30,52,0,305,10,0,10,315
09/13/2004,ONT,CA,AWP,WE,Combined TRACON& Tower with Radar,251,68,36,0,355,0,45,15,0,60,251,113,51,0,415,16,0,16,431
09/14/2004,ONT,CA,AWP,WE,Combined TRACON& Tower with Radar,252,69,37,0,358,0,25,37,0,62,252,94,74,0,420,0,0,0,420
09/15/2004,ONT,CA,AWP,WE,Combined TRACON& Tower with Radar,303,80,43,0,426,0,18,28,0,46,303,98,71,0,472,12,0,12,484
09/16/2004,ONT,CA,AWP,WE,Combined TRACON& Tower with Radar,258,71,39,0,368,0,16,39,0,55,258,87,78,0,423,50,0,50,473
09/17/2004,ONT,CA,AWP,WE,Combined TRACON& Tower with Radar,261,71,39,0,371,0,6,47,0,53,261,77,86,0,424,10,0,10,434
09/18/2004,ONT,CA,AWP,WE,Combined TRACON& Tower with Radar,199,40,27,0,266,12,0,12,1,25,211,40,39,1,291,18,0,18,309
09/19/2004,ONT,CA,AWP,WE,Combined TRACON& Tower with Radar,197,24,26,0,247,24,0,2,3,29,221,24,28,3,276,83,0,83,359
09/20/2004,ONT,CA,AWP,WE,Combined TRACON& Tower with Radar,252,66,35,0,353,0,13,25,0,38,252,79,60,0,391,11,0,11,402
09/21/2004,ONT,CA,AWP,WE,Combined TRACON& Tower with Radar,271,67,37,0,375,11,18,10,0,39,282,85,47,0,414,0,0,0,414
09/22/2004,ONT,CA,AWP,WE,Combined TRACON& Tower with Radar,278,69,38,0,385,12,21,19,0,52,290,90,57,0,437,12,0,12,449
09/23/2004,ONT,CA,AWP,WE,Combined TRACON& Tower with Radar,273,69,37,0,379,0,25,38,0,63,273,94,75,0,442,30,0,30,472
09/24/2004,ONT,CA,AWP,WE,Combined TRACON& Tower with Radar,277,71,39,0,387,0,42,39,0,81,277,113,78,0,468,18,0,18,486
09/25/2004,ONT,CA,AWP,WE,Combined TRACON& Tower with Radar,185,46,25,0,256,8,24,5,0,37,193,70,30,0,293,24,0,24,317
09/26/2004,ONT,CA,AWP,WE,Combined TRACON& Tower with Radar,209,25,28,0,262,25,0,13,0,38,234,25,41,0,300,16,0,16,316
09/27/2004,ONT,CA,AWP,WE,Combined TRACON& Tower with Radar,267,58,36,0,361,20,0,19,0,39,287,58,55,0,400,14,0,14,414
09/28/2004,ONT,CA,AWP,WE,Combined TRACON& Tower with Radar,276,71,39,0,386,0,14,33,0,47,276,85,72,0,433,10,0,10,443
09/29/2004,ONT,CA,AWP,WE,Combined TRACON& Tower with Radar,298,83,44,0,425,0,18,35,2,55,298,101,79,2,480,20,0,20,500
09/30/2004,ONT,CA,AWP,WE,Combined TRACON& Tower with Radar,286,79,43,0,408,0,21,37,0,58,286,100,80,0,466,22,0,22,488
10/01/2004,ONT,CA,AWP,WE,Combined TRACON& Tower with Radar,273,77,50,2,402,0,6,52,0,58,273,83,102,2,460,4,0,4,464
10/02/2004,ONT,CA,AWP,WE,Combined TRACON& Tower with Radar,197,38,29,1,265,0,4,49,0,53,197,42,78,1,318,20,0,20,338
10/03/2004,ONT,CA,AWP,WE,Combined TRACON& Tower with Radar,225,26,43,0,294,0,0,40,0,40,225,26,83,0,334,38,0,38,372
10/04/2004,ONT,CA,AWP,WE,Combined TRACON& Tower with Radar,246,73,24,0,343,0,10,26,0,36,246,83,50,0,379,34,0,34,413
10/05/2004,ONT,CA,AWP,WE,Combined TRACON& Tower with Radar,291,95,37,0,423,0,29,22,11,62,291,124,59,11,485,4,0,4,489
10/06/2004,ONT,CA,AWP,WE,Combined TRACON& Tower with Radar,282,108,29,0,419,0,11,38,0,49,282,119,67,0,468,4,0,4,472
10/07/2004,ONT,CA,AWP,WE,Combined TRACON& Tower with Radar,305,91,56,0,452,0,7,46,0,53,305,98,102,0,505,0,0,0,505
10/08/2004,ONT,CA,AWP,WE,Combined TRACON& Tower with Radar,278,74,28,0,380,0,14,30,0,44,278,88,58,0,424,36,0,36,460
10/09/2004,ONT,CA,AWP,WE,Combined TRACON& Tower with Radar,241,49,19,0,309,0,3,14,3,20,241,52,33,3,329,27,0,27,356
10/10/2004,ONT,CA,AWP,WE,Combined TRACON& Tower with Radar,229,19,20,1,269,0,0,21,0,21,229,19,41,1,290,49,0,49,339
10/11/2004,ONT,CA,AWP,WE,Combined TRACON& Tower with Radar,256,51,25,0,332,0,7,31,0,38,256,58,56,0,370,63,0,63,433
10/12/2004,ONT,CA,AWP,WE,Combined TRACON& Tower with Radar,288,89,30,0,407,0,23,26,0,49,288,112,56,0,456,4,0,4,460
10/13/2004,ONT,CA,AWP,WE,Combined TRACON& Tower with Radar,292,85,28,0,405,0,10,36,0,46,292,95,64,0,451,2,0,2,453
10/14/2004,ONT,CA,AWP,WE,Combined TRACON& Tower with Radar,272,68,30,0,370,0,10,25,0,35,272,78,55,0,405,29,0,29,434
10/15/2004,ONT,CA,AWP,WE,Combined TRACON& Tower with Radar,262,81,36,0,379,0,4,18,0,22,262,85,54,0,401,27,0,27,428
10/16/2004,ONT,CA,AWP,WE,Combined TRACON& Tower with Radar,181,43,39,0,263,0,0,8,0,8,181,43,47,0,271,16,0,16,287
10/17/2004,ONT,CA,AWP,WE,Combined TRACON& Tower with Radar,216,25,24,0,265,0,0,11,0,11,216,25,35,0,276,11,0,11,287
10/18/2004,ONT,CA,AWP,WE,Combined TRACON& Tower with Radar,247,71,32,0,350,0,0,26,0,26,247,71,58,0,376,30,0,30,406
10/19/2004,ONT,CA,AWP,WE,Combined TRACON& Tower with Radar,276,97,42,0,415,0,1,4,0,5,276,98,46,0,420,18,0,18,438
10/20/2004,ONT,CA,AWP,WE,Combined TRACON& Tower with Radar,271,99,46,0,416,0,0,0,0,0,271,99,46,0,416,0,0,0,416
10/21/2004,ONT,CA,AWP,WE,Combined TRACON& Tower with Radar,283,108,38,0,429,0,1,19,0,20,283,109,57,0,449,2,0,2,451
10/22/2004,ONT,CA,AWP,WE,Combined TRACON& Tower with Radar,269,76,35,0,380,0,4,26,0,30,269,80,61,0,410,0,0,0,410
10/23/2004,ONT,CA,AWP,WE,Combined TRACON& Tower with Radar,196,35,12,1,244,0,7,7,0,14,196,42,19,1,258,50,0,50,308
10/24/2004,ONT,CA,AWP,WE,Combined TRACON& Tower with Radar,218,30,20,0,268,0,0,26,0,26,218,30,46,0,294,22,0,22,316
10/25/2004,ONT,CA,AWP,WE,Combined TRACON& Tower with Radar,263,71,32,1,367,0,0,19,0,19,263,71,51,1,386,16,0,16,402
10/26/2004,ONT,CA,AWP,WE,Combined TRACON& Tower with Radar,261,94,34,1,390,0,0,11,0,11,261,94,45,1,401,26,0,26,427
10/27/2004,ONT,CA,AWP,WE,Combined TRACON& Tower with Radar,278,100,35,0,413,0,0,11,0,11,278,100,46,0,424,0,0,0,424
10/28/2004,ONT,CA,AWP,WE,Combined TRACON& Tower with Radar,273,97,23,0,393,0,2,13,0,15,273,99,36,0,408,70,0,70,478
10/29/2004,ONT,CA,AWP,WE,Combined TRACON& Tower with Radar,266,77,43,0,386,0,9,54,0,63,266,86,97,0,449,60,0,60,509
10/30/2004,ONT,CA,AWP,WE,Combined TRACON& Tower with Radar,180,48,24,0,252,0,9,27,0,36,180,57,51,0,288,82,0,82,370
10/31/2004,ONT,CA,AWP,WE,Combined TRACON& Tower with Radar,250,43,27,0,320,0,2,20,0,22,250,45,47,0,342,85,0,85,427
11/01/2004,ONT,CA,AWP,WE,Towers with Radar,250,57,23,0,330,0,5,25,0,30,250,62,48,0,360,4,0,4,364
11/02/2004,ONT,CA,AWP,WE,Towers with Radar,299,93,29,0,421,0,11,45,2,58,299,104,74,2,479,0,0,0,479
11/03/2004,ONT,CA,AWP,WE,Towers with Radar,274,98,24,0,396,0,14,36,0,50,274,112,60,0,446,10,0,10,456
11/04/2004,ONT,CA,AWP,WE,Towers with Radar,268,0,32,0,300,0,90,26,0,116,268,90,58,0,416,27,0,27,443
11/05/2004,ONT,CA,AWP,WE,Towers with Radar,278,85,32,1,396,0,1,43,1,45,278,86,75,2,441,12,0,12,453
11/06/2004,ONT,CA,AWP,WE,Towers with Radar,191,40,23,0,254,0,1,20,0,21,191,41,43,0,275,18,0,18,293
11/07/2004,ONT,CA,AWP,WE,Towers with Radar,223,24,21,0,268,0,0,19,0,19,223,24,40,0,287,16,0,16,303
11/08/2004,ONT,CA,AWP,WE,Towers with Radar,252,75,42,0,369,0,2,11,0,13,252,77,53,0,382,18,0,18,400
11/09/2004,ONT,CA,AWP,WE,Towers with Radar,268,108,32,0,408,0,1,11,0,12,268,109,43,0,420,20,0,20,440
11/10/2004,ONT,CA,AWP,WE,Towers with Radar,288,103,30,0,421,0,15,38,0,53,288,118,68,0,474,10,0,10,484
11/11/2004,ONT,CA,AWP,WE,Towers with Radar,275,106,54,0,435,0,0,0,0,0,275,106,54,0,435,6,0,6,441
11/12/2004,ONT,CA,AWP,WE,Towers with Radar,273,83,28,0,384,0,2,36,0,38,273,85,64,0,422,20,0,20,442
11/13/2004,ONT,CA,AWP,WE,Towers with Radar,194,53,25,1,273,0,4,11,0,15,194,57,36,1,288,60,0,60,348
11/14/2004,ONT,CA,AWP,WE,Towers with Radar,241,26,27,0,294,0,0,19,0,19,241,26,46,0,313,3,0,3,316
11/15/2004,ONT,CA,AWP,WE,Towers with Radar,247,73,25,0,345,0,6,33,0,39,247,79,58,0,384,0,0,0,384
11/16/2004,ONT,CA,AWP,WE,Towers with Radar,274,144,19,0,437,0,17,33,0,50,274,161,52,0,487,30,0,30,517
11/17/2004,ONT,CA,AWP,WE,Towers with Radar,263,135,26,0,424,0,11,19,0,30,263,146,45,0,454,42,0,42,496
11/18/2004,ONT,CA,AWP,WE,Towers with Radar,269,92,32,0,393,0,16,31,0,47,269,108,63,0,440,0,0,0,440
11/19/2004,ONT,CA,AWP,WE,Towers with Radar,294,69,24,0,387,0,11,38,0,49,294,80,62,0,436,71,0,71,507
11/20/2004,ONT,CA,AWP,WE,Towers with Radar,204,37,29,0,270,0,0,16,0,16,204,37,45,0,286,67,0,67,353
11/21/2004,ONT,CA,AWP,WE,Towers with Radar,227,39,21,0,287,0,16,11,0,27,227,55,32,0,314,0,0,0,314
11/22/2004,ONT,CA,AWP,WE,Towers with Radar,262,102,34,0,398,0,22,27,0,49,262,124,61,0,447,28,0,28,475
11/23/2004,ONT,CA,AWP,WE,Towers with Radar,285,124,39,0,448,0,12,23,0,35,285,136,62,0,483,63,0,63,546
11/24/2004,ONT,CA,AWP,WE,Towers with Radar,291,112,31,0,434,0,4,43,0,47,291,116,74,0,481,30,0,30,511
11/25/2004,ONT,CA,AWP,WE,Towers with Radar,184,19,11,0,214,0,0,15,0,15,184,19,26,0,229,2,0,2,231
11/26/2004,ONT,CA,AWP,WE,Towers with Radar,215,107,9,0,331,0,1,19,0,20,215,108,28,0,351,6,0,6,357
11/27/2004,ONT,CA,AWP,WE,Towers with Radar,187,87,12,0,286,0,0,0,0,0,187,87,12,0,286,0,0,0,286
11/28/2004,ONT,CA,AWP,WE,Towers with Radar,228,43,20,0,291,0,2,13,0,15,228,45,33,0,306,0,0,0,306
11/29/2004,ONT,CA,AWP,WE,Towers with Radar,246,67,25,0,338,0,10,25,0,35,246,77,50,0,373,4,0,4,377
11/30/2004,ONT,CA,AWP,WE,Towers with Radar,290,82,27,0,399,0,13,52,0,65,290,95,79,0,464,32,0,32,496
12/01/2004,ONT,CA,AWP,WE,Towers with Radar,289,88,34,0,411,0,9,29,0,38,289,97,63,0,449,10,0,10,459
12/02/2004,ONT,CA,AWP,WE,Towers with Radar,290,103,17,0,410,0,12,33,0,45,290,115,50,0,455,30,0,30,485
12/03/2004,ONT,CA,AWP,WE,Towers with Radar,265,92,21,0,378,0,15,21,0,36,265,107,42,0,414,24,0,24,438
12/04/2004,ONT,CA,AWP,WE,Towers with Radar,181,34,6,0,221,0,1,14,0,15,181,35,20,0,236,77,0,77,313
12/05/2004,ONT,CA,AWP,WE,Towers with Radar,210,23,8,0,241,0,0,6,0,6,210,23,14,0,247,6,0,6,253
12/06/2004,ONT,CA,AWP,WE,Towers with Radar,233,65,25,0,323,0,2,18,0,20,233,67,43,0,343,30,0,30,373
12/07/2004,ONT,CA,AWP,WE,Towers with Radar,298,131,39,0,468,0,0,6,0,6,298,131,45,0,474,20,0,20,494
12/08/2004,ONT,CA,AWP,WE,Towers with Radar,314,114,37,0,465,0,0,10,0,10,314,114,47,0,475,10,0,10,485
12/09/2004,ONT,CA,AWP,WE,Towers with Radar,293,96,32,0,421,0,3,20,0,23,293,99,52,0,444,41,0,41,485
12/10/2004,ONT,CA,AWP,WE,Towers with Radar,275,85,38,0,398,0,11,42,0,53,275,96,80,0,451,27,0,27,478
12/11/2004,ONT,CA,AWP,WE,Towers with Radar,220,54,19,0,293,0,4,27,0,31,220,58,46,0,324,79,0,79,403
12/12/2004,ONT,CA,AWP,WE,Towers with Radar,229,28,21,0,278,0,0,10,0,10,229,28,31,0,288,34,0,34,322
12/13/2004,ONT,CA,AWP,WE,Towers with Radar,246,64,25,0,335,0,1,13,0,14,246,65,38,0,349,6,0,6,355
12/14/2004,ONT,CA,AWP,WE,Towers with Radar,323,109,36,0,468,0,0,0,0,0,323,109,36,0,468,25,0,25,493
12/15/2004,ONT,CA,AWP,WE,Towers with Radar,321,94,31,0,446,0,11,27,0,38,321,105,58,0,484,33,0,33,517
12/16/2004,ONT,CA,AWP,WE,Towers with Radar,0,0,0,0,0,0,0,0,0,0,0,0,0,0,0,0,0,0,0
12/17/2004,ONT,CA,AWP,WE,Towers with Radar,291,80,29,0,400,0,10,22,0,32,291,90,51,0,432,11,0,11,443
12/18/2004,ONT,CA,AWP,WE,Towers with Radar,197,39,15,0,251,0,9,15,0,24,197,48,30,0,275,18,0,18,293
12/19/2004,ONT,CA,AWP,WE,Towers with Radar,228,21,18,0,267,0,0,162,0,162,228,21,180,0,429,68,0,68,497
12/20/2004,ONT,CA,AWP,WE,Towers with Radar,250,71,38,0,359,0,24,34,0,58,250,95,72,0,417,18,0,18,435
12/21/2004,ONT,CA,AWP,WE,Towers with Radar,350,142,20,0,512,0,23,36,0,59,350,165,56,0,571,83,0,83,654
12/22/2004,ONT,CA,AWP,WE,Towers with Radar,338,112,18,0,468,0,31,30,0,61,338,143,48,0,529,6,0,6,535
12/23/2004,ONT,CA,AWP,WE,Towers with Radar,299,113,19,0,431,0,14,11,0,25,299,127,30,0,456,11,0,11,467
12/24/2004,ONT,CA,AWP,WE,Towers with Radar,249,66,7,0,322,0,34,11,0,45,249,100,18,0,367,5,0,5,372
12/25/2004,ONT,CA,AWP,WE,Towers with Radar,184,19,3,0,206,0,0,7,0,7,184,19,10,0,213,14,0,14,227
12/26/2004,ONT,CA,AWP,WE,Towers with Radar,222,12,19,0,253,0,0,46,0,46,222,12,65,0,299,46,0,46,345
12/27/2004,ONT,CA,AWP,WE,Towers with Radar,265,66,27,0,358,0,2,22,0,24,265,68,49,0,382,12,0,12,394
12/28/2004,ONT,CA,AWP,WE,Towers with Radar,303,99,24,0,426,0,0,4,0,4,303,99,28,0,430,0,0,0,430
12/29/2004,ONT,CA,AWP,WE,Towers with Radar,305,107,35,0,447,0,9,9,0,18,305,116,44,0,465,0,0,0,465
12/30/2004,ONT,CA,AWP,WE,Towers with Radar,282,105,22,0,409,0,2,17,0,19,282,107,39,0,428,24,0,24,452
12/31/2004,ONT,CA,AWP,WE,Towers with Radar,253,114,26,0,393,0,0,2,0,2,253,114,28,0,395,19,0,19,414
01/01/2005,ONT,CA,AWP,WE,Towers with Radar,187,17,11,0,215,0,0,19,0,19,187,17,30,0,234,61,0,61,295
01/02/2005,ONT,CA,AWP,WE,Towers with Radar,238,26,22,0,286,0,0,2,0,2,238,26,24,0,288,54,0,54,342
01/03/2005,ONT,CA,AWP,WE,Towers with Radar,234,48,19,0,301,0,0,4,0,4,234,48,23,0,305,14,0,14,319
01/04/2005,ONT,CA,AWP,WE,Towers with Radar,272,101,25,0,398,0,9,4,0,13,272,110,29,0,411,30,0,30,441
01/05/2005,ONT,CA,AWP,WE,Towers with Radar,245,126,17,0,388,0,7,41,0,48,245,133,58,0,436,14,0,14,450
01/06/2005,ONT,CA,AWP,WE,Towers with Radar,267,94,26,0,387,0,21,33,0,54,267,115,59,0,441,48,0,48,489
01/07/2005,ONT,CA,AWP,WE,Towers with Radar,280,89,28,0,397,0,0,2,0,2,280,89,30,0,399,29,0,29,428
01/08/2005,ONT,CA,AWP,WE,Towers with Radar,198,44,22,0,264,0,0,0,0,0,198,44,22,0,264,0,0,0,264
01/09/2005,ONT,CA,AWP,WE,Towers with Radar,234,23,15,0,272,0,0,0,0,0,234,23,15,0,272,0,0,0,272
01/10/2005,ONT,CA,AWP,WE,Towers with Radar,253,63,19,0,335,0,0,0,0,0,253,63,19,0,335,0,0,0,335
01/11/2005,ONT,CA,AWP,WE,Towers with Radar,270,112,26,0,408,0,7,16,0,23,270,119,42,0,431,0,0,0,431
01/12/2005,ONT,CA,AWP,WE,Towers with Radar,261,100,25,0,386,0,24,25,0,49,261,124,50,0,435,32,0,32,467
01/13/2005,ONT,CA,AWP,WE,Towers with Radar,265,79,45,0,389,0,13,30,0,43,265,92,75,0,432,43,0,43,475
01/14/2005,ONT,CA,AWP,WE,Towers with Radar,256,81,30,0,367,0,9,39,0,48,256,90,69,0,415,40,0,40,455
01/15/2005,ONT,CA,AWP,WE,Towers with Radar,189,32,18,0,239,0,0,14,0,14,189,32,32,0,253,62,0,62,315
01/16/2005,ONT,CA,AWP,WE,Towers with Radar,199,23,18,0,240,0,0,13,0,13,199,23,31,0,253,56,0,56,309
01/17/2005,ONT,CA,AWP,WE,Towers with Radar,236,60,19,0,315,0,5,26,0,31,236,65,45,0,346,15,0,15,361
01/18/2005,ONT,CA,AWP,WE,Towers with Radar,253,79,26,0,358,0,1,31,0,32,253,80,57,0,390,13,0,13,403
01/19/2005,ONT,CA,AWP,WE,Towers with Radar,265,79,37,0,381,0,13,29,0,42,265,92,66,0,423,28,0,28,451
01/20/2005,ONT,CA,AWP,WE,Towers with Radar,256,83,62,0,401,0,0,0,0,0,256,83,62,0,401,37,0,37,438
01/21/2005,ONT,CA,AWP,WE,Towers with Radar,255,71,33,0,359,0,16,34,0,50,255,87,67,0,409,46,0,46,455
01/22/2005,ONT,CA,AWP,WE,Towers with Radar,197,35,13,0,245,0,2,19,0,21,197,37,32,0,266,56,0,56,322
01/23/2005,ONT,CA,AWP,WE,Towers with Radar,197,38,20,0,255,0,0,26,0,26,197,38,46,0,281,28,0,28,309
01/24/2005,ONT,CA,AWP,WE,Towers with Radar,220,74,44,0,338,0,2,23,0,25,220,76,67,0,363,23,0,23,386
01/25/2005,ONT,CA,AWP,WE,Towers with Radar,270,117,37,0,424,0,15,29,0,44,270,132,66,0,468,0,0,0,468
01/26/2005,ONT,CA,AWP,WE,Towers with Radar,269,118,41,0,428,0,2,2,0,4,269,120,43,0,432,0,0,0,432
01/27/2005,ONT,CA,AWP,WE,Towers with Radar,256,103,54,0,413,0,0,20,0,20,256,103,74,0,433,87,0,87,520
01/28/2005,ONT,CA,AWP,WE,Towers with Radar,257,98,53,0,408,0,0,6,0,6,257,98,59,0,414,15,0,15,429
01/29/2005,ONT,CA,AWP,WE,Towers with Radar,187,38,20,0,245,0,0,17,0,17,187,38,37,0,262,51,0,51,313
01/30/2005,ONT,CA,AWP,WE,Towers with Radar,194,28,26,0,248,0,0,25,0,25,194,28,51,0,273,16,0,16,289
01/31/2005,ONT,CA,AWP,WE,Towers with Radar,240,60,31,1,332,0,1,25,0,26,240,61,56,1,358,14,0,14,372
02/01/2005,ONT,CA,AWP,WE,Towers with Radar,279,78,49,0,406,0,23,17,0,40,279,101,66,0,446,0,0,0,446
02/02/2005,ONT,CA,AWP,WE,Towers with Radar,278,124,35,0,437,0,15,11,0,26,278,139,46,0,463,0,0,0,463
02/03/2005,ONT,CA,AWP,WE,Towers with Radar,257,65,44,0,366,0,6,31,0,37,257,71,75,0,403,6,0,6,409
02/04/2005,ONT,CA,AWP,WE,Towers with Radar,253,54,23,0,330,0,20,29,0,49,253,74,52,0,379,61,0,61,440
02/05/2005,ONT,CA,AWP,WE,Towers with Radar,199,89,16,0,304,0,18,23,0,41,199,107,39,0,345,80,0,80,425
02/06/2005,ONT,CA,AWP,WE,Towers with Radar,189,55,32,0,276,0,1,6,0,7,189,56,38,0,283,26,0,26,309
02/07/2005,ONT,CA,AWP,WE,Towers with Radar,244,70,33,0,347,0,0,17,0,17,244,70,50,0,364,36,0,36,400
02/08/2005,ONT,CA,AWP,WE,Towers with Radar,233,83,24,1,341,0,6,40,0,46,233,89,64,1,387,46,0,46,433
02/09/2005,ONT,CA,AWP,WE,Towers with Radar,287,95,38,0,420,0,16,52,0,68,287,111,90,0,488,18,0,18,506
02/10/2005,ONT,CA,AWP,WE,Towers with Radar,273,109,40,0,422,0,19,40,0,59,273,128,80,0,481,86,0,86,567
02/11/2005,ONT,CA,AWP,WE,Towers with Radar,278,115,47,0,440,0,13,2,0,15,278,128,49,0,455,26,0,26,481
02/12/2005,ONT,CA,AWP,WE,Towers with Radar,222,44,23,0,289,0,1,50,0,51,222,45,73,0,340,49,0,49,389
02/13/2005,ONT,CA,AWP,WE,Towers with Radar,226,27,30,0,283,0,0,16,0,16,226,27,46,0,299,0,0,0,299
02/14/2005,ONT,CA,AWP,WE,Towers with Radar,234,54,44,0,332,0,1,19,0,20,234,55,63,0,352,10,0,10,362
02/15/2005,ONT,CA,AWP,WE,Towers with Radar,273,115,36,1,425,0,7,26,0,33,273,122,62,1,458,10,0,10,468
02/16/2005,ONT,CA,AWP,WE,Towers with Radar,262,80,29,0,371,0,6,44,0,50,262,86,73,0,421,26,0,26,447
02/17/2005,ONT,CA,AWP,WE,Towers with Radar,260,68,51,0,379,0,9,22,0,31,260,77,73,0,410,34,0,34,444
02/18/2005,ONT,CA,AWP,WE,Towers with Radar,260,79,40,0,379,0,1,4,0,5,260,80,44,0,384,9,0,9,393
02/19/2005,ONT,CA,AWP,WE,Towers with Radar,202,48,18,0,268,0,0,4,0,4,202,48,22,0,272,0,0,0,272
02/20/2005,ONT,CA,AWP,WE,Towers with Radar,204,21,10,0,235,0,0,0,0,0,204,21,10,0,235,51,0,51,286
02/21/2005,ONT,CA,AWP,WE,Towers with Radar,239,64,16,0,319,0,1,2,0,3,239,65,18,0,322,0,0,0,322
02/22/2005,ONT,CA,AWP,WE,Towers with Radar,257,88,15,1,361,0,0,7,0,7,257,88,22,1,368,480,0,480,848
02/24/2005,ONT,CA,AWP,WE,Towers with Radar,263,88,64,0,415,0,4,53,0,57,263,92,117,0,472,85,0,85,557
02/25/2005,ONT,CA,AWP,WE,Towers with Radar,256,78,64,0,398,0,0,21,0,21,256,78,85,0,419,87,0,87,506
02/26/2005,ONT,CA,AWP,WE,Towers with Radar,205,49,30,2,286,0,1,17,0,18,205,50,47,2,304,72,0,72,376
02/27/2005,ONT,CA,AWP,WE,Towers with Radar,207,30,97,0,334,0,0,0,0,0,207,30,97,0,334,122,0,122,456
02/28/2005,ONT,CA,AWP,WE,Towers with Radar,232,63,38,1,334,2,2,37,0,41,234,65,75,1,375,42,0,42,417
03/01/2005,ONT,CA,AWP,WE,Towers with Radar,263,90,39,0,392,0,2,29,0,31,263,92,68,0,423,69,0,69,492
03/02/2005,ONT,CA,AWP,WE,Towers with Radar,270,80,39,0,389,0,0,22,0,22,270,80,61,0,411,36,0,36,447
03/03/2005,ONT,CA,AWP,WE,Towers with Radar,275,77,46,0,398,0,0,19,0,19,275,77,65,0,417,55,0,55,472
03/04/2005,ONT,CA,AWP,WE,Towers with Radar,272,78,30,0,380,0,0,21,0,21,272,78,51,0,401,21,0,21,422
03/05/2005,ONT,CA,AWP,WE,Towers with Radar,194,37,13,0,244,0,0,12,0,12,194,37,25,0,256,35,0,35,291
03/06/2005,ONT,CA,AWP,WE,Towers with Radar,190,31,22,0,243,0,2,11,0,13,190,33,33,0,256,61,0,61,317
03/07/2005,ONT,CA,AWP,WE,Towers with Radar,310,87,17,0,414,0,1,13,0,14,310,88,30,0,428,22,0,22,450
03/08/2005,ONT,CA,AWP,WE,Towers with Radar,254,77,33,0,364,0,1,10,0,11,254,78,43,0,375,0,0,0,375
03/09/2005,ONT,CA,AWP,WE,Towers with Radar,292,78,31,0,401,0,0,0,0,0,292,78,31,0,401,0,0,0,401
03/10/2005,ONT,CA,AWP,WE,Towers with Radar,255,92,47,0,394,0,5,29,0,34,255,97,76,0,428,38,0,38,466
03/11/2005,ONT,CA,AWP,WE,Towers with Radar,265,91,43,0,399,0,8,26,0,34,265,99,69,0,433,41,0,41,474
03/12/2005,ONT,CA,AWP,WE,Towers with Radar,202,42,42,0,286,0,0,0,0,0,202,42,42,0,286,0,0,0,286
03/13/2005,ONT,CA,AWP,WE,Towers with Radar,224,38,40,0,302,0,0,6,0,6,224,38,46,0,308,36,0,36,344
03/14/2005,ONT,CA,AWP,WE,Towers with Radar,245,77,17,0,339,0,1,13,0,14,245,78,30,0,353,0,0,0,353
03/15/2005,ONT,CA,AWP,WE,Towers with Radar,286,69,32,0,387,0,20,63,1,84,286,89,95,1,471,12,0,12,483
03/16/2005,ONT,CA,AWP,WE,Towers with Radar,282,100,37,0,419,0,9,30,0,39,282,109,67,0,458,30,0,30,488
03/17/2005,ONT,CA,AWP,WE,Towers with Radar,282,90,32,0,404,0,13,36,0,49,282,103,68,0,453,31,0,31,484
03/18/2005,ONT,CA,AWP,WE,Towers with Radar,266,77,47,0,390,0,0,4,0,4,266,77,51,0,394,18,0,18,412
03/19/2005,ONT,CA,AWP,WE,Towers with Radar,207,48,23,0,278,0,0,9,0,9,207,48,32,0,287,21,0,21,308
03/20/2005,ONT,CA,AWP,WE,Towers with Radar,215,29,15,0,259,0,0,7,0,7,215,29,22,0,266,51,0,51,317
03/21/2005,ONT,CA,AWP,WE,Towers with Radar,257,59,29,0,345,0,16,23,0,39,257,75,52,0,384,26,0,26,410
03/22/2005,ONT,CA,AWP,WE,Towers with Radar,281,106,39,0,426,0,5,11,1,17,281,111,50,1,443,0,0,0,443
03/23/2005,ONT,CA,AWP,WE,Towers with Radar,295,83,33,0,411,0,2,20,1,23,295,85,53,1,434,18,0,18,452
03/24/2005,ONT,CA,AWP,WE,Towers with Radar,274,86,41,0,401,0,0,0,0,0,274,86,41,0,401,21,0,21,422
03/25/2005,ONT,CA,AWP,WE,Towers with Radar,259,72,23,0,354,0,7,35,0,42,259,79,58,0,396,80,0,80,476
03/26/2005,ONT,CA,AWP,WE,Towers with Radar,209,37,14,0,260,0,6,19,0,25,209,43,33,0,285,22,0,22,307
03/27/2005,ONT,CA,AWP,WE,Towers with Radar,229,29,15,0,273,0,0,0,0,0,229,29,15,0,273,0,0,0,273
03/28/2005,ONT,CA,AWP,WE,Towers with Radar,239,69,37,0,345,0,0,13,0,13,239,69,50,0,358,20,0,20,378
03/29/2005,ONT,CA,AWP,WE,Towers with Radar,288,99,28,0,415,0,8,34,0,42,288,107,62,0,457,6,0,6,463
03/30/2005,ONT,CA,AWP,WE,Towers with Radar,297,96,34,0,427,0,11,30,0,41,297,107,64,0,468,41,0,41,509
03/31/2005,ONT,CA,AWP,WE,Towers with Radar,272,79,27,0,378,0,12,18,0,30,272,91,45,0,408,16,0,16,424
04/01/2005,ONT,CA,AWP,WE,Towers with Radar,269,62,38,0,369,0,11,39,0,50,269,73,77,0,419,74,0,74,493
04/02/2005,ONT,CA,AWP,WE,Towers with Radar,215,53,26,0,294,0,16,35,0,51,215,69,61,0,345,42,0,42,387
04/03/2005,ONT,CA,AWP,WE,Towers with Radar,247,52,41,0,340,0,7,28,0,35,247,59,69,0,375,20,0,20,395
04/04/2005,ONT,CA,AWP,WE,Towers with Radar,263,48,25,0,336,0,13,18,0,31,263,61,43,0,367,24,0,24,391
04/05/2005,ONT,CA,AWP,WE,Towers with Radar,269,78,41,0,388,0,12,44,0,56,269,90,85,0,444,48,0,48,492
04/06/2005,ONT,CA,AWP,WE,Towers with Radar,314,87,28,0,429,0,15,34,0,49,314,102,62,0,478,0,0,0,478
04/07/2005,ONT,CA,AWP,WE,Towers with Radar,278,72,31,0,381,0,5,19,0,24,278,77,50,0,405,0,0,0,405
04/08/2005,ONT,CA,AWP,WE,Towers with Radar,276,72,23,0,371,0,11,32,0,43,276,83,55,0,414,44,0,44,458
04/09/2005,ONT,CA,AWP,WE,Towers with Radar,213,35,25,0,273,0,8,11,0,19,213,43,36,0,292,40,0,40,332
04/10/2005,ONT,CA,AWP,WE,Towers with Radar,258,27,19,0,304,0,0,0,0,0,258,27,19,0,304,14,0,14,318
04/11/2005,ONT,CA,AWP,WE,Towers with Radar,228,63,40,0,331,0,2,35,0,37,228,65,75,0,368,28,0,28,396
04/12/2005,ONT,CA,AWP,WE,Towers with Radar,272,68,35,0,375,0,15,38,0,53,272,83,73,0,428,0,0,0,428
04/13/2005,ONT,CA,AWP,WE,Towers with Radar,282,75,42,0,399,0,17,40,0,57,282,92,82,0,456,0,0,0,456
04/14/2005,ONT,CA,AWP,WE,Towers with Radar,268,72,35,1,376,0,13,37,1,51,268,85,72,2,427,6,0,6,433
04/15/2005,ONT,CA,AWP,WE,Towers with Radar,255,70,35,0,360,0,10,33,0,43,255,80,68,0,403,14,0,14,417
04/16/2005,ONT,CA,AWP,WE,Towers with Radar,208,26,19,0,253,0,10,34,0,44,208,36,53,0,297,0,0,0,297
04/17/2005,ONT,CA,AWP,WE,Towers with Radar,221,30,26,0,277,0,0,15,0,15,221,30,41,0,292,14,0,14,306
04/18/2005,ONT,CA,AWP,WE,Towers with Radar,261,63,33,0,357,0,0,6,0,6,261,63,39,0,363,6,0,6,369
04/19/2005,ONT,CA,AWP,WE,Towers with Radar,282,80,41,0,403,0,0,0,0,0,282,80,41,0,403,4,0,4,407
04/20/2005,ONT,CA,AWP,WE,Towers with Radar,285,84,44,0,413,0,10,15,0,25,285,94,59,0,438,18,0,18,456
04/21/2005,ONT,CA,AWP,WE,Towers with Radar,276,62,40,0,378,0,13,43,0,56,276,75,83,0,434,19,0,19,453
04/22/2005,ONT,CA,AWP,WE,Towers with Radar,272,63,43,0,378,0,7,38,0,45,272,70,81,0,423,43,0,43,466
04/23/2005,ONT,CA,AWP,WE,Towers with Radar,222,30,15,2,269,0,9,10,9,28,222,39,25,11,297,36,0,36,333
04/24/2005,ONT,CA,AWP,WE,Towers with Radar,222,19,26,0,267,0,0,6,0,6,222,19,32,0,273,9,0,9,282
04/25/2005,ONT,CA,AWP,WE,Towers with Radar,243,51,24,0,318,0,9,24,0,33,243,60,48,0,351,10,0,10,361
04/26/2005,ONT,CA,AWP,WE,Towers with Radar,283,66,25,0,374,0,13,26,0,39,283,79,51,0,413,14,0,14,427
04/27/2005,ONT,CA,AWP,WE,Towers with Radar,274,80,43,0,397,0,0,24,2,26,274,80,67,2,423,10,0,10,433
04/28/2005,ONT,CA,AWP,WE,Towers with Radar,272,74,40,0,386,0,3,15,0,18,272,77,55,0,404,9,0,9,413
04/29/2005,ONT,CA,AWP,WE,Towers with Radar,286,82,51,0,419,0,0,27,0,27,286,82,78,0,446,46,0,46,492
04/30/2005,ONT,CA,AWP,WE,Towers with Radar,219,32,18,0,269,0,7,17,0,24,219,39,35,0,293,23,0,23,316
05/01/2005,ONT,CA,AWP,WE,Towers with Radar,229,29,30,0,288,0,0,9,0,9,229,29,39,0,297,31,0,31,328
05/02/2005,ONT,CA,AWP,WE,Towers with Radar,244,60,29,1,334,0,1,18,1,20,244,61,47,2,354,10,0,10,364
05/03/2005,ONT,CA,AWP,WE,Towers with Radar,282,86,32,0,400,0,5,26,0,31,282,91,58,0,431,20,0,20,451
05/04/2005,ONT,CA,AWP,WE,Towers with Radar,294,77,50,0,421,0,1,32,0,33,294,78,82,0,454,0,0,0,454
05/05/2005,ONT,CA,AWP,WE,Towers with Radar,278,79,30,0,387,0,0,4,0,4,278,79,34,0,391,20,0,20,411
05/06/2005,ONT,CA,AWP,WE,Towers with Radar,278,90,31,0,399,0,0,21,0,21,278,90,52,0,420,8,0,8,428
05/07/2005,ONT,CA,AWP,WE,Towers with Radar,201,60,21,0,282,0,13,6,0,19,201,73,27,0,301,8,0,8,309
05/08/2005,ONT,CA,AWP,WE,Towers with Radar,209,34,20,0,263,0,12,13,0,25,209,46,33,0,288,19,0,19,307
05/09/2005,ONT,CA,AWP,WE,Towers with Radar,232,63,35,0,330,0,0,10,0,10,232,63,45,0,340,6,0,6,346
05/10/2005,ONT,CA,AWP,WE,Towers with Radar,277,83,39,0,399,0,10,31,0,41,277,93,70,0,440,12,0,12,452
05/11/2005,ONT,CA,AWP,WE,Towers with Radar,274,68,38,0,380,0,11,32,0,43,274,79,70,0,423,14,0,14,437
05/12/2005,ONT,CA,AWP,WE,Towers with Radar,274,70,40,0,384,0,0,15,0,15,274,70,55,0,399,30,0,30,429
05/13/2005,ONT,CA,AWP,WE,Towers with Radar,269,72,49,0,390,0,3,53,0,56,269,75,102,0,446,16,0,16,462
05/14/2005,ONT,CA,AWP,WE,Towers with Radar,203,28,21,0,252,0,9,24,0,33,203,37,45,0,285,16,0,16,301
05/15/2005,ONT,CA,AWP,WE,Towers with Radar,220,37,27,4,288,0,0,6,0,6,220,37,33,4,294,15,0,15,309
05/16/2005,ONT,CA,AWP,WE,Towers with Radar,246,54,28,0,328,0,0,14,0,14,246,54,42,0,342,12,0,12,354
05/17/2005,ONT,CA,AWP,WE,Towers with Radar,269,97,47,0,413,0,8,21,0,29,269,105,68,0,442,0,0,0,442
05/18/2005,ONT,CA,AWP,WE,Towers with Radar,266,84,42,0,392,0,1,31,0,32,266,85,73,0,424,4,0,4,428
05/19/2005,ONT,CA,AWP,WE,Towers with Radar,282,76,37,0,395,0,3,26,0,29,282,79,63,0,424,56,0,56,480
05/20/2005,ONT,CA,AWP,WE,Towers with Radar,268,88,21,0,377,0,13,40,0,53,268,101,61,0,430,0,0,0,430
05/21/2005,ONT,CA,AWP,WE,Towers with Radar,195,41,19,0,255,0,7,11,0,18,195,48,30,0,273,16,0,16,289
05/22/2005,ONT,CA,AWP,WE,Towers with Radar,247,20,24,3,294,0,0,0,0,0,247,20,24,3,294,38,0,38,332
05/23/2005,ONT,CA,AWP,WE,Towers with Radar,226,72,31,0,329,0,1,13,0,14,226,73,44,0,343,24,0,24,367
05/24/2005,ONT,CA,AWP,WE,Towers with Radar,260,91,36,0,387,0,0,0,0,0,260,91,36,0,387,0,0,0,387
05/25/2005,ONT,CA,AWP,WE,Towers with Radar,265,80,61,0,406,0,0,24,0,24,265,80,85,0,430,18,0,18,448
05/26/2005,ONT,CA,AWP,WE,Towers with Radar,279,74,57,0,410,0,0,18,0,18,279,74,75,0,428,62,0,62,490
05/27/2005,ONT,CA,AWP,WE,Towers with Radar,274,75,42,0,391,0,3,22,0,25,274,78,64,0,416,0,0,0,416
05/28/2005,ONT,CA,AWP,WE,Towers with Radar,216,53,24,0,293,0,0,9,0,9,216,53,33,0,302,0,0,0,302
05/29/2005,ONT,CA,AWP,WE,Towers with Radar,219,23,15,0,257,0,0,6,0,6,219,23,21,0,263,6,0,6,269
05/30/2005,ONT,CA,AWP,WE,Towers with Radar,213,27,23,0,263,0,0,40,0,40,213,27,63,0,303,3,0,3,306
05/31/2005,ONT,CA,AWP,WE,Towers with Radar,235,57,41,1,334,0,0,0,0,0,235,57,41,1,334,10,0,10,344
06/01/2005,ONT,CA,AWP,WE,Towers with Radar,282,85,53,0,420,0,1,24,0,25,282,86,77,0,445,14,0,14,459
06/02/2005,ONT,CA,AWP,WE,Towers with Radar,273,83,66,0,422,0,0,9,0,9,273,83,75,0,431,9,0,9,440
06/03/2005,ONT,CA,AWP,WE,Towers with Radar,263,89,35,0,387,0,2,23,0,25,263,91,58,0,412,9,0,9,421
06/04/2005,ONT,CA,AWP,WE,Towers with Radar,209,40,36,0,285,0,0,19,0,19,209,40,55,0,304,10,0,10,314
06/05/2005,ONT,CA,AWP,WE,Towers with Radar,230,23,36,0,289,0,0,11,0,11,230,23,47,0,300,0,0,0,300
06/06/2005,ONT,CA,AWP,WE,Towers with Radar,246,62,41,0,349,0,0,17,0,17,246,62,58,0,366,41,0,41,407
06/07/2005,ONT,CA,AWP,WE,Towers with Radar,278,97,33,0,408,0,1,58,0,59,278,98,91,0,467,19,0,19,486
06/08/2005,ONT,CA,AWP,WE,Towers with Radar,269,84,34,0,387,0,16,24,0,40,269,100,58,0,427,6,0,6,433
06/09/2005,ONT,CA,AWP,WE,Towers with Radar,274,91,36,0,401,0,8,31,0,39,274,99,67,0,440,6,0,6,446
06/10/2005,ONT,CA,AWP,WE,Towers with Radar,273,75,40,0,388,0,1,45,0,46,273,76,85,0,434,62,0,62,496
06/11/2005,ONT,CA,AWP,WE,Towers with Radar,232,51,28,0,311,0,0,12,0,12,232,51,40,0,323,0,0,0,323
06/12/2005,ONT,CA,AWP,WE,Towers with Radar,232,20,25,0,277,0,0,12,0,12,232,20,37,0,289,46,0,46,335
06/13/2005,ONT,CA,AWP,WE,Towers with Radar,228,60,48,0,336,0,3,20,0,23,228,63,68,0,359,12,0,12,371
06/14/2005,ONT,CA,AWP,WE,Towers with Radar,269,102,56,0,427,0,1,6,0,7,269,103,62,0,434,34,0,34,468
06/15/2005,ONT,CA,AWP,WE,Towers with Radar,272,85,47,0,404,0,0,14,0,14,272,85,61,0,418,18,0,18,436
06/16/2005,ONT,CA,AWP,WE,Towers with Radar,265,90,36,0,391,0,0,12,0,12,265,90,48,0,403,66,0,66,469
06/17/2005,ONT,CA,AWP,WE,Towers with Radar,271,74,48,0,393,0,0,14,0,14,271,74,62,0,407,60,0,60,467
06/18/2005,ONT,CA,AWP,WE,Towers with Radar,216,24,11,1,252,0,2,17,0,19,216,26,28,1,271,56,0,56,327
06/19/2005,ONT,CA,AWP,WE,Towers with Radar,216,31,21,0,268,0,0,23,0,23,216,31,44,0,291,8,0,8,299
06/20/2005,ONT,CA,AWP,WE,Towers with Radar,249,47,33,0,329,0,1,15,0,16,249,48,48,0,345,29,0,29,374
06/21/2005,ONT,CA,AWP,WE,Towers with Radar,275,78,37,0,390,0,13,30,0,43,275,91,67,0,433,0,0,0,433
06/22/2005,ONT,CA,AWP,WE,Towers with Radar,295,77,43,0,415,0,12,29,0,41,295,89,72,0,456,14,0,14,470
06/23/2005,ONT,CA,AWP,WE,Towers with Radar,267,74,43,0,384,0,2,60,0,62,267,76,103,0,446,34,0,34,480
06/24/2005,ONT,CA,AWP,WE,Towers with Radar,273,55,25,0,353,0,16,36,0,52,273,71,61,0,405,36,0,36,441
06/25/2005,ONT,CA,AWP,WE,Towers with Radar,222,50,32,0,304,0,2,25,0,27,222,52,57,0,331,31,0,31,362
06/26/2005,ONT,CA,AWP,WE,Towers with Radar,207,22,23,0,252,0,0,16,0,16,207,22,39,0,268,46,0,46,314
06/27/2005,ONT,CA,AWP,WE,Towers with Radar,230,57,30,0,317,0,1,14,0,15,230,58,44,0,332,6,0,6,338
06/28/2005,ONT,CA,AWP,WE,Towers with Radar,247,112,35,0,394,0,5,25,0,30,247,117,60,0,424,10,0,10,434
06/29/2005,ONT,CA,AWP,WE,Towers with Radar,273,87,30,0,390,0,16,29,0,45,273,103,59,0,435,48,0,48,483
06/30/2005,ONT,CA,AWP,WE,Towers with Radar,289,95,24,0,408,0,13,18,0,31,289,108,42,0,439,21,0,21,460
07/01/2005,ONT,CA,AWP,WE,Towers with Radar,269,84,29,0,382,0,0,20,0,20,269,84,49,0,402,0,0,0,402
07/02/2005,ONT,CA,AWP,WE,Towers with Radar,211,52,23,0,286,0,0,21,0,21,211,52,44,0,307,8,0,8,315
07/03/2005,ONT,CA,AWP,WE,Towers with Radar,208,25,28,0,261,0,0,0,0,0,208,25,28,0,261,32,0,32,293
07/04/2005,ONT,CA,AWP,WE,Towers with Radar,203,29,23,0,255,0,0,23,0,23,203,29,46,0,278,30,0,30,308
07/05/2005,ONT,CA,AWP,WE,Towers with Radar,265,80,47,0,392,0,1,30,0,31,265,81,77,0,423,5,0,5,428
07/06/2005,ONT,CA,AWP,WE,Towers with Radar,292,94,17,0,403,0,9,22,0,31,292,103,39,0,434,0,0,0,434
07/07/2005,ONT,CA,AWP,WE,Towers with Radar,278,85,37,0,400,0,1,28,0,29,278,86,65,0,429,15,0,15,444
07/08/2005,ONT,CA,AWP,WE,Towers with Radar,275,69,21,0,365,0,10,39,0,49,275,79,60,0,414,16,0,16,430
07/09/2005,ONT,CA,AWP,WE,Towers with Radar,205,40,23,0,268,0,0,6,0,6,205,40,29,0,274,7,0,7,281
07/10/2005,ONT,CA,AWP,WE,Towers with Radar,230,26,25,0,281,0,0,14,0,14,230,26,39,0,295,9,0,9,304
07/11/2005,ONT,CA,AWP,WE,Towers with Radar,259,64,20,0,343,0,4,13,0,17,259,68,33,0,360,9,0,9,369
07/12/2005,ONT,CA,AWP,WE,Towers with Radar,268,96,22,1,387,0,0,22,0,22,268,96,44,1,409,0,0,0,409
07/13/2005,ONT,CA,AWP,WE,Towers with Radar,288,86,22,0,396,0,11,28,0,39,288,97,50,0,435,14,0,14,449
07/14/2005,ONT,CA,AWP,WE,Towers with Radar,297,79,65,2,443,0,0,0,0,0,297,79,65,2,443,18,0,18,461
07/15/2005,ONT,CA,AWP,WE,Towers with Radar,256,67,31,0,354,0,4,44,0,48,256,71,75,0,402,0,0,0,402
07/16/2005,ONT,CA,AWP,WE,Towers with Radar,218,42,13,0,273,0,3,24,0,27,218,45,37,0,300,47,0,47,347
07/17/2005,ONT,CA,AWP,WE,Towers with Radar,222,19,20,0,261,0,0,0,0,0,222,19,20,0,261,0,0,0,261
07/18/2005,ONT,CA,AWP,WE,Towers with Radar,247,57,23,0,327,0,0,0,0,0,247,57,23,0,327,37,0,37,364
07/19/2005,ONT,CA,AWP,WE,Towers with Radar,301,79,18,0,398,0,0,46,0,46,301,79,64,0,444,2,0,2,446
07/20/2005,ONT,CA,AWP,WE,Towers with Radar,283,92,42,2,419,0,25,27,1,53,283,117,69,3,472,20,0,20,492
07/21/2005,ONT,CA,AWP,WE,Towers with Radar,289,75,39,0,403,0,5,51,0,56,289,80,90,0,459,38,0,38,497
07/22/2005,ONT,CA,AWP,WE,Towers with Radar,269,57,18,0,344,0,13,52,0,65,269,70,70,0,409,8,0,8,417
07/23/2005,ONT,CA,AWP,WE,Towers with Radar,216,35,18,0,269,0,9,6,0,15,216,44,24,0,284,6,0,6,290
07/24/2005,ONT,CA,AWP,WE,Towers with Radar,211,36,23,0,270,0,0,12,0,12,211,36,35,0,282,20,0,20,302
07/25/2005,ONT,CA,AWP,WE,Towers with Radar,237,60,16,0,313,0,2,26,0,28,237,62,42,0,341,14,0,14,355
07/26/2005,ONT,CA,AWP,WE,Towers with Radar,274,86,41,0,401,0,24,15,0,39,274,110,56,0,440,0,0,0,440
07/27/2005,ONT,CA,AWP,WE,Towers with Radar,278,87,25,0,390,0,7,21,0,28,278,94,46,0,418,10,0,10,428
07/28/2005,ONT,CA,AWP,WE,Towers with Radar,308,94,37,0,439,0,2,39,0,41,308,96,76,0,480,22,0,22,502
07/29/2005,ONT,CA,AWP,WE,Towers with Radar,277,76,20,0,373,0,10,44,0,54,277,86,64,0,427,18,0,18,445
07/30/2005,ONT,CA,AWP,WE,Towers with Radar,217,30,17,0,264,0,9,20,0,29,217,39,37,0,293,34,0,34,327
07/31/2005,ONT,CA,AWP,WE,Towers with Radar,215,29,13,0,257,0,0,0,0,0,215,29,13,0,257,1,0,1,258
08/01/2005,ONT,CA,AWP,WE,Towers with Radar,232,56,27,0,315,0,3,18,0,21,232,59,45,0,336,9,2,11,347
08/02/2005,ONT,CA,AWP,WE,Towers with Radar,304,79,29,0,412,0,0,35,0,35,304,79,64,0,447,32,0,32,479
08/03/2005,ONT,CA,AWP,WE,Towers with Radar,300,72,14,2,388,0,13,35,1,49,300,85,49,3,437,12,0,12,449
08/04/2005,ONT,CA,AWP,WE,Towers with Radar,287,78,35,0,400,0,8,16,0,24,287,86,51,0,424,27,0,27,451
08/05/2005,ONT,CA,AWP,WE,Towers with Radar,270,76,19,0,365,0,7,25,0,32,270,83,44,0,397,38,0,38,435
08/06/2005,ONT,CA,AWP,WE,Towers with Radar,212,46,15,0,273,0,1,6,0,7,212,47,21,0,280,33,0,33,313
08/07/2005,ONT,CA,AWP,WE,Towers with Radar,227,27,16,0,270,0,0,16,0,16,227,27,32,0,286,16,0,16,302
08/08/2005,ONT,CA,AWP,WE,Towers with Radar,261,67,22,0,350,0,6,29,0,35,261,73,51,0,385,27,0,27,412
08/09/2005,ONT,CA,AWP,WE,Towers with Radar,283,66,19,0,368,0,5,27,0,32,283,71,46,0,400,26,0,26,426
08/10/2005,ONT,CA,AWP,WE,Towers with Radar,290,71,19,0,380,0,9,34,0,43,290,80,53,0,423,10,0,10,433
08/11/2005,ONT,CA,AWP,WE,Towers with Radar,282,104,22,0,408,0,0,27,0,27,282,104,49,0,435,21,0,21,456
08/12/2005,ONT,CA,AWP,WE,Towers with Radar,274,70,24,0,368,0,1,23,0,24,274,71,47,0,392,16,0,16,408
08/13/2005,ONT,CA,AWP,WE,Towers with Radar,215,44,22,0,281,0,1,10,0,11,215,45,32,0,292,10,0,10,302
08/14/2005,ONT,CA,AWP,WE,Towers with Radar,229,32,24,0,285,0,0,14,0,14,229,32,38,0,299,14,0,14,313
08/15/2005,ONT,CA,AWP,WE,Towers with Radar,257,63,34,0,354,0,3,20,0,23,257,66,54,0,377,0,0,0,377
08/16/2005,ONT,CA,AWP,WE,Towers with Radar,282,83,33,0,398,0,8,90,0,98,282,91,123,0,496,8,0,8,504
08/17/2005,ONT,CA,AWP,WE,Towers with Radar,280,74,36,0,390,0,7,22,0,29,280,81,58,0,419,0,0,0,419
08/18/2005,ONT,CA,AWP,WE,Towers with Radar,304,88,46,0,438,0,9,15,0,24,304,97,61,0,462,3,0,3,465
08/19/2005,ONT,CA,AWP,WE,Towers with Radar,267,70,41,0,378,0,10,37,0,47,267,80,78,0,425,18,0,18,443
08/20/2005,ONT,CA,AWP,WE,Towers with Radar,214,38,14,0,266,0,7,20,0,27,214,45,34,0,293,8,0,8,301
08/21/2005,ONT,CA,AWP,WE,Towers with Radar,216,31,12,0,259,0,0,0,0,0,216,31,12,0,259,12,0,12,271
08/22/2005,ONT,CA,AWP,WE,Towers with Radar,243,70,23,0,336,0,6,17,0,23,243,76,40,0,359,14,0,14,373
08/23/2005,ONT,CA,AWP,WE,Towers with Radar,266,104,28,0,398,0,3,0,0,3,266,107,28,0,401,16,0,16,417
08/24/2005,ONT,CA,AWP,WE,Towers with Radar,283,94,60,2,439,0,6,27,0,33,283,100,87,2,472,0,0,0,472
08/25/2005,ONT,CA,AWP,WE,Towers with Radar,291,88,41,0,420,0,16,27,0,43,291,104,68,0,463,12,0,12,475
08/26/2005,ONT,CA,AWP,WE,Towers with Radar,286,72,34,0,392,1,21,17,0,39,287,93,51,0,431,5,0,5,436
08/27/2005,ONT,CA,AWP,WE,Towers with Radar,204,39,23,0,266,0,10,10,0,20,204,49,33,0,286,0,0,0,286
08/28/2005,ONT,CA,AWP,WE,Towers with Radar,198,32,24,0,254,0,0,0,0,0,198,32,24,0,254,2,0,2,256
08/29/2005,ONT,CA,AWP,WE,Towers with Radar,235,57,11,2,305,0,7,21,1,29,235,64,32,3,334,10,0,10,344
08/30/2005,ONT,CA,AWP,WE,Towers with Radar,288,77,21,1,387,0,11,14,0,25,288,88,35,1,412,0,0,0,412
08/31/2005,ONT,CA,AWP,WE,Towers with Radar,265,103,50,0,418,0,9,22,0,31,265,112,72,0,449,8,0,8,457
09/01/2005,ONT,CA,AWP,WE,Towers with Radar,288,75,50,3,416,0,15,35,1,51,288,90,85,4,467,4,0,4,471
09/02/2005,ONT,CA,AWP,WE,Towers with Radar,270,68,41,2,381,0,6,25,0,31,270,74,66,2,412,12,0,12,424
09/03/2005,ONT,CA,AWP,WE,Towers with Radar,208,40,35,0,283,0,1,48,3,52,208,41,83,3,335,4,10,14,349
09/04/2005,ONT,CA,AWP,WE,Towers with Radar,165,42,54,8,269,0,0,0,0,0,165,42,54,8,269,85,0,85,354
09/05/2005,ONT,CA,AWP,WE,Towers with Radar,204,47,33,0,284,0,0,23,3,26,204,47,56,3,310,13,0,13,323
09/06/2005,ONT,CA,AWP,WE,Towers with Radar,243,50,26,0,319,0,27,35,0,62,243,77,61,0,381,0,0,0,381
09/07/2005,ONT,CA,AWP,WE,Towers with Radar,283,76,24,0,383,0,14,20,0,34,283,90,44,0,417,15,0,15,432
09/08/2005,ONT,CA,AWP,WE,Towers with Radar,274,82,25,0,381,0,25,42,0,67,274,107,67,0,448,6,0,6,454
09/09/2005,ONT,CA,AWP,WE,Towers with Radar,274,67,32,0,373,0,5,12,0,17,274,72,44,0,390,0,0,0,390
09/10/2005,ONT,CA,AWP,WE,Towers with Radar,210,42,18,0,270,0,1,9,0,10,210,43,27,0,280,2,0,2,282
09/11/2005,ONT,CA,AWP,WE,Towers with Radar,208,37,22,0,267,0,0,0,0,0,208,37,22,0,267,2,0,2,269
09/12/2005,ONT,CA,AWP,WE,Towers with Radar,245,58,27,0,330,0,6,68,0,74,245,64,95,0,404,36,0,36,440
09/13/2005,ONT,CA,AWP,WE,Towers with Radar,279,86,27,0,392,0,4,31,0,35,279,90,58,0,427,0,0,0,427
09/14/2005,ONT,CA,AWP,WE,Towers with Radar,269,84,33,3,389,0,2,21,0,23,269,86,54,3,412,18,0,18,430
09/15/2005,ONT,CA,AWP,WE,Towers with Radar,282,81,38,0,401,0,2,25,0,27,282,83,63,0,428,10,0,10,438
09/16/2005,ONT,CA,AWP,WE,Towers with Radar,268,76,45,0,389,0,0,16,0,16,268,76,61,0,405,12,0,12,417
09/17/2005,ONT,CA,AWP,WE,Towers with Radar,187,37,13,2,239,0,0,5,0,5,187,37,18,2,244,4,0,4,248
09/18/2005,ONT,CA,AWP,WE,Towers with Radar,219,28,25,0,272,0,0,6,0,6,219,28,31,0,278,6,0,6,284
09/19/2005,ONT,CA,AWP,WE,Towers with Radar,260,60,36,0,356,0,2,27,1,30,260,62,63,1,386,5,0,5,391
09/20/2005,ONT,CA,AWP,WE,Towers with Radar,248,98,28,0,374,0,1,32,0,33,248,99,60,0,407,10,0,10,417
09/21/2005,ONT,CA,AWP,WE,Towers with Radar,275,98,33,1,407,0,14,28,0,42,275,112,61,1,449,3,0,3,452
09/22/2005,ONT,CA,AWP,WE,Towers with Radar,273,87,29,0,389,0,2,15,0,17,273,89,44,0,406,12,0,12,418
09/23/2005,ONT,CA,AWP,WE,Towers with Radar,279,74,34,0,387,0,6,5,0,11,279,80,39,0,398,4,0,4,402
09/24/2005,ONT,CA,AWP,WE,Towers with Radar,208,51,20,0,279,0,1,5,0,6,208,52,25,0,285,8,0,8,293
09/25/2005,ONT,CA,AWP,WE,Towers with Radar,222,30,20,0,272,0,0,12,0,12,222,30,32,0,284,8,0,8,292
09/26/2005,ONT,CA,AWP,WE,Towers with Radar,247,52,40,0,339,0,3,22,0,25,247,55,62,0,364,8,0,8,372
09/27/2005,ONT,CA,AWP,WE,Towers with Radar,274,93,31,0,398,0,12,33,0,45,274,105,64,0,443,0,0,0,443
09/28/2005,ONT,CA,AWP,WE,Towers with Radar,299,95,25,1,420,0,19,13,1,33,299,114,38,2,453,0,0,0,453
09/29/2005,ONT,CA,AWP,WE,Towers with Radar,311,114,25,0,450,0,8,31,0,39,311,122,56,0,489,6,0,6,495
09/30/2005,ONT,CA,AWP,WE,Towers with Radar,261,79,17,0,357,0,20,36,0,56,261,99,53,0,413,4,0,4,417
10/01/2005,ONT,CA,AWP,WE,Towers with Radar,205,42,19,0,266,0,1,12,0,13,205,43,31,0,279,4,0,4,283
10/02/2005,ONT,CA,AWP,WE,Towers with Radar,215,22,15,0,252,0,0,11,0,11,215,22,26,0,263,0,0,0,263
10/03/2005,ONT,CA,AWP,WE,Towers with Radar,230,59,30,0,319,0,3,18,0,21,230,62,48,0,340,7,0,7,347
10/04/2005,ONT,CA,AWP,WE,Towers with Radar,263,80,31,0,374,0,10,17,0,27,263,90,48,0,401,0,0,0,401
10/05/2005,ONT,CA,AWP,WE,Towers with Radar,284,76,30,0,390,0,9,22,0,31,284,85,52,0,421,2,0,2,423
10/06/2005,ONT,CA,AWP,WE,Towers with Radar,284,72,31,0,387,0,9,24,0,33,284,81,55,0,420,4,0,4,424
10/07/2005,ONT,CA,AWP,WE,Towers with Radar,271,71,31,0,373,0,8,36,0,44,271,79,67,0,417,10,0,10,427
10/08/2005,ONT,CA,AWP,WE,Towers with Radar,212,52,19,0,283,0,0,9,0,9,212,52,28,0,292,0,0,0,292
10/09/2005,ONT,CA,AWP,WE,Towers with Radar,219,23,25,0,267,0,0,22,0,22,219,23,47,0,289,0,0,0,289
10/10/2005,ONT,CA,AWP,WE,Towers with Radar,251,63,18,0,332,0,11,37,0,48,251,74,55,0,380,2,0,2,382
10/11/2005,ONT,CA,AWP,WE,Towers with Radar,284,86,21,0,391,0,9,30,0,39,284,95,51,0,430,0,0,0,430
10/12/2005,ONT,CA,AWP,WE,Towers with Radar,280,88,29,1,398,0,7,32,1,40,280,95,61,2,438,2,0,2,440
10/13/2005,ONT,CA,AWP,WE,Towers with Radar,291,81,40,1,413,0,3,17,1,21,291,84,57,2,434,0,0,0,434
10/14/2005,ONT,CA,AWP,WE,Towers with Radar,269,73,36,0,378,0,12,37,0,49,269,85,73,0,427,4,0,4,431
10/15/2005,ONT,CA,AWP,WE,Towers with Radar,198,38,23,0,259,0,3,13,0,16,198,41,36,0,275,12,0,12,287
10/16/2005,ONT,CA,AWP,WE,Towers with Radar,224,30,48,0,302,0,0,6,0,6,224,30,54,0,308,0,0,0,308
10/17/2005,ONT,CA,AWP,WE,Towers with Radar,238,51,36,1,326,0,0,0,0,0,238,51,36,1,326,10,0,10,336
10/18/2005,ONT,CA,AWP,WE,Towers with Radar,271,93,40,0,404,0,0,7,0,7,271,93,47,0,411,0,0,0,411
10/19/2005,ONT,CA,AWP,WE,Towers with Radar,275,105,36,0,416,0,7,16,0,23,275,112,52,0,439,4,0,4,443
10/20/2005,ONT,CA,AWP,WE,Towers with Radar,280,98,40,0,418,0,0,18,0,18,280,98,58,0,436,0,0,0,436
10/21/2005,ONT,CA,AWP,WE,Towers with Radar,275,77,37,0,389,0,1,6,0,7,275,78,43,0,396,0,0,0,396
10/22/2005,ONT,CA,AWP,WE,Towers with Radar,203,55,29,2,289,0,0,0,0,0,203,55,29,2,289,0,0,0,289
10/23/2005,ONT,CA,AWP,WE,Towers with Radar,217,22,23,0,262,0,0,0,0,0,217,22,23,0,262,0,0,0,262
10/24/2005,ONT,CA,AWP,WE,Towers with Radar,247,59,31,0,337,0,0,5,0,5,247,59,36,0,342,0,0,0,342
10/25/2005,ONT,CA,AWP,WE,Towers with Radar,278,107,28,0,413,0,2,22,0,24,278,109,50,0,437,8,0,8,445
10/26/2005,ONT,CA,AWP,WE,Towers with Radar,295,107,35,0,437,0,0,8,0,8,295,107,43,0,445,2,0,2,447
10/27/2005,ONT,CA,AWP,WE,Towers with Radar,285,136,50,0,471,0,0,2,0,2,285,136,52,0,473,0,0,0,473
10/28/2005,ONT,CA,AWP,WE,Towers with Radar,276,89,30,0,395,0,0,15,0,15,276,89,45,0,410,0,0,0,410
10/29/2005,ONT,CA,AWP,WE,Towers with Radar,195,46,20,0,261,0,0,7,0,7,195,46,27,0,268,26,0,26,294
10/30/2005,ONT,CA,AWP,WE,Towers with Radar,222,26,20,0,268,0,0,16,0,16,222,26,36,0,284,14,0,14,298
10/31/2005,ONT,CA,AWP,WE,Towers with Radar,250,63,20,0,333,0,3,32,0,35,250,66,52,0,368,0,0,0,368
11/01/2005,ONT,CA,AWP,WE,Towers with Radar,268,88,29,0,385,0,9,31,0,40,268,97,60,0,425,6,0,6,431
11/02/2005,ONT,CA,AWP,WE,Towers with Radar,285,89,33,0,407,0,4,23,0,27,285,93,56,0,434,9,0,9,443
11/03/2005,ONT,CA,AWP,WE,Towers with Radar,283,90,44,0,417,0,1,26,0,27,283,91,70,0,444,6,0,6,450
11/04/2005,ONT,CA,AWP,WE,Towers with Radar,275,75,52,0,402,0,3,15,0,18,275,78,67,0,420,6,0,6,426
11/05/2005,ONT,CA,AWP,WE,Towers with Radar,211,38,19,1,269,0,2,12,0,14,211,40,31,1,283,16,0,16,299
11/06/2005,ONT,CA,AWP,WE,Towers with Radar,225,42,14,0,281,0,0,8,0,8,225,42,22,0,289,0,0,0,289
11/07/2005,ONT,CA,AWP,WE,Towers with Radar,259,79,55,2,395,0,0,5,0,5,259,79,60,2,400,0,0,0,400
11/08/2005,ONT,CA,AWP,WE,Towers with Radar,281,86,36,0,403,0,0,9,0,9,281,86,45,0,412,0,0,0,412
11/09/2005,ONT,CA,AWP,WE,Towers with Radar,271,89,39,0,399,0,1,10,0,11,271,90,49,0,410,4,0,4,414
11/10/2005,ONT,CA,AWP,WE,Towers with Radar,294,106,37,0,437,0,0,12,0,12,294,106,49,0,449,0,0,0,449
11/11/2005,ONT,CA,AWP,WE,Towers with Radar,259,87,42,0,388,0,1,16,0,17,259,88,58,0,405,0,0,0,405
11/12/2005,ONT,CA,AWP,WE,Towers with Radar,213,37,19,0,269,0,2,15,0,17,213,39,34,0,286,0,0,0,286
11/13/2005,ONT,CA,AWP,WE,Towers with Radar,213,29,22,0,264,0,0,9,0,9,213,29,31,0,273,0,0,0,273
11/14/2005,ONT,CA,AWP,WE,Towers with Radar,267,57,21,4,349,0,3,13,0,16,267,60,34,4,365,2,0,2,367
11/15/2005,ONT,CA,AWP,WE,Towers with Radar,306,92,26,0,424,0,9,14,1,24,306,101,40,1,448,0,0,0,448
11/16/2005,ONT,CA,AWP,WE,Towers with Radar,284,69,17,1,371,0,12,27,1,40,284,81,44,2,411,0,0,0,411
11/17/2005,ONT,CA,AWP,WE,Towers with Radar,297,94,38,0,429,0,4,17,0,21,297,98,55,0,450,18,0,18,468
11/18/2005,ONT,CA,AWP,WE,Towers with Radar,304,101,29,0,434,0,2,25,0,27,304,103,54,0,461,16,0,16,477
11/19/2005,ONT,CA,AWP,WE,Towers with Radar,222,38,21,0,281,0,1,21,0,22,222,39,42,0,303,37,0,37,340
11/20/2005,ONT,CA,AWP,WE,Towers with Radar,224,24,18,0,266,0,0,17,0,17,224,24,35,0,283,0,0,0,283
11/21/2005,ONT,CA,AWP,WE,Towers with Radar,241,70,21,0,332,0,3,31,0,34,241,73,52,0,366,2,0,2,368
11/22/2005,ONT,CA,AWP,WE,Towers with Radar,296,94,37,0,427,0,11,15,0,26,296,105,52,0,453,4,0,4,457
11/23/2005,ONT,CA,AWP,WE,Towers with Radar,304,102,32,0,438,0,11,24,0,35,304,113,56,0,473,0,0,0,473
11/24/2005,ONT,CA,AWP,WE,Towers with Radar,177,27,9,0,213,0,0,14,0,14,177,27,23,0,227,0,0,0,227
11/25/2005,ONT,CA,AWP,WE,Towers with Radar,230,78,21,0,329,0,5,21,0,26,230,83,42,0,355,0,0,0,355
11/26/2005,ONT,CA,AWP,WE,Towers with Radar,203,43,9,0,255,0,0,4,0,4,203,43,13,0,259,0,0,0,259
11/27/2005,ONT,CA,AWP,WE,Towers with Radar,205,29,21,0,255,0,0,22,0,22,205,29,43,0,277,8,0,8,285
11/28/2005,ONT,CA,AWP,WE,Towers with Radar,262,61,25,0,348,0,5,27,0,32,262,66,52,0,380,0,0,0,380
11/29/2005,ONT,CA,AWP,WE,Towers with Radar,288,93,30,0,411,0,3,34,0,37,288,96,64,0,448,14,0,14,462
11/30/2005,ONT,CA,AWP,WE,Towers with Radar,288,83,31,0,402,0,5,18,0,23,288,88,49,0,425,0,0,0,425
12/01/2005,ONT,CA,AWP,WE,Towers with Radar,287,85,31,1,404,0,7,29,0,36,287,92,60,1,440,0,0,0,440
12/02/2005,ONT,CA,AWP,WE,Towers with Radar,263,94,30,0,387,0,0,5,0,5,263,94,35,0,392,0,0,0,392
12/03/2005,ONT,CA,AWP,WE,Towers with Radar,194,39,13,0,246,0,0,5,0,5,194,39,18,0,251,0,0,0,251
12/04/2005,ONT,CA,AWP,WE,Towers with Radar,220,19,22,0,261,0,0,21,0,21,220,19,43,0,282,12,0,12,294
12/05/2005,ONT,CA,AWP,WE,Towers with Radar,235,52,16,0,303,0,9,47,0,56,235,61,63,0,359,6,0,6,365
12/06/2005,ONT,CA,AWP,WE,Towers with Radar,282,61,44,0,387,0,23,17,0,40,282,84,61,0,427,12,0,12,439
12/07/2005,ONT,CA,AWP,WE,Towers with Radar,283,82,29,0,394,0,8,33,0,41,283,90,62,0,435,22,0,22,457
12/08/2005,ONT,CA,AWP,WE,Towers with Radar,298,78,47,3,426,0,12,19,0,31,298,90,66,3,457,0,0,0,457
12/09/2005,ONT,CA,AWP,WE,Towers with Radar,265,90,38,0,393,0,8,15,0,23,265,98,53,0,416,0,0,0,416
12/10/2005,ONT,CA,AWP,WE,Towers with Radar,216,35,16,0,267,0,7,9,0,16,216,42,25,0,283,0,0,0,283
12/11/2005,ONT,CA,AWP,WE,Towers with Radar,226,19,14,0,259,0,0,13,0,13,226,19,27,0,272,8,0,8,280
12/12/2005,ONT,CA,AWP,WE,Towers with Radar,254,49,16,0,319,0,13,42,0,55,254,62,58,0,374,12,0,12,386
12/13/2005,ONT,CA,AWP,WE,Towers with Radar,292,97,31,0,420,0,8,11,0,19,292,105,42,0,439,4,0,4,443
12/14/2005,ONT,CA,AWP,WE,Towers with Radar,296,80,29,0,405,0,12,17,0,29,296,92,46,0,434,0,0,0,434
12/15/2005,ONT,CA,AWP,WE,Towers with Radar,312,86,25,0,423,0,0,22,0,22,312,86,47,0,445,25,0,25,470
12/16/2005,ONT,CA,AWP,WE,Towers with Radar,286,91,36,2,415,0,0,6,0,6,286,91,42,2,421,0,0,0,421
12/17/2005,ONT,CA,AWP,WE,Towers with Radar,224,55,13,1,293,0,0,4,0,4,224,55,17,1,297,0,0,0,297
12/18/2005,ONT,CA,AWP,WE,Towers with Radar,250,21,6,0,277,0,0,14,0,14,250,21,20,0,291,0,0,0,291
12/19/2005,ONT,CA,AWP,WE,Towers with Radar,273,65,10,0,348,0,5,69,0,74,273,70,79,0,422,3,0,3,425
12/20/2005,ONT,CA,AWP,WE,Towers with Radar,328,105,13,0,446,0,0,18,0,18,328,105,31,0,464,6,0,6,470
12/21/2005,ONT,CA,AWP,WE,Towers with Radar,351,91,15,0,457,0,20,22,0,42,351,111,37,0,499,12,0,12,511
12/22/2005,ONT,CA,AWP,WE,Towers with Radar,342,92,33,0,467,0,23,20,0,43,342,115,53,0,510,2,0,2,512
12/23/2005,ONT,CA,AWP,WE,Towers with Radar,358,97,21,0,476,0,16,18,0,34,358,113,39,0,510,0,0,0,510
12/24/2005,ONT,CA,AWP,WE,Towers with Radar,256,73,9,0,338,0,3,5,0,8,256,76,14,0,346,4,0,4,350
12/25/2005,ONT,CA,AWP,WE,Towers with Radar,192,16,9,0,217,0,2,0,0,2,192,18,9,0,219,4,0,4,223
12/26/2005,ONT,CA,AWP,WE,Towers with Radar,226,30,38,0,294,0,0,0,0,0,226,30,38,0,294,0,0,0,294
12/27/2005,ONT,CA,AWP,WE,Towers with Radar,245,71,20,0,336,0,2,7,0,9,245,73,27,0,345,0,0,0,345
12/28/2005,ONT,CA,AWP,WE,Towers with Radar,269,74,24,2,369,0,4,73,0,77,269,78,97,2,446,4,0,4,450
12/29/2005,ONT,CA,AWP,WE,Towers with Radar,297,77,19,0,393,0,3,11,0,14,297,80,30,0,407,21,0,21,428
12/30/2005,ONT,CA,AWP,WE,Towers with Radar,285,66,12,0,363,0,3,17,0,20,285,69,29,0,383,2,0,2,385
12/31/2005,ONT,CA,AWP,WE,Towers with Radar,213,44,7,0,264,0,0,1,0,1,213,44,8,0,265,2,0,2,267
01/01/2006,ONT,CA,AWP,WE,Towers with Radar,209,27,13,0,249,0,0,0,0,0,209,27,13,0,249,0,0,0,249
01/02/2006,ONT,CA,AWP,WE,Towers with Radar,214,28,14,0,256,0,0,0,0,0,214,28,14,0,256,0,0,0,256
01/03/2006,ONT,CA,AWP,WE,Towers with Radar,262,66,26,0,354,0,3,11,0,14,262,69,37,0,368,0,0,0,368
01/04/2006,ONT,CA,AWP,WE,Towers with Radar,266,75,11,0,352,0,10,28,0,38,266,85,39,0,390,0,0,0,390
01/05/2006,ONT,CA,AWP,WE,Towers with Radar,286,76,20,0,382,0,10,18,0,28,286,86,38,0,410,0,0,0,410
01/06/2006,ONT,CA,AWP,WE,Towers with Radar,269,64,15,0,348,0,24,7,0,31,269,88,22,0,379,0,0,0,379
01/07/2006,ONT,CA,AWP,WE,Towers with Radar,195,24,6,0,225,0,9,10,0,19,195,33,16,0,244,0,0,0,244
01/08/2006,ONT,CA,AWP,WE,Towers with Radar,212,23,12,0,247,0,0,13,0,13,212,23,25,0,260,0,0,0,260
01/09/2006,ONT,CA,AWP,WE,Towers with Radar,232,51,22,0,305,0,5,26,0,31,232,56,48,0,336,12,0,12,348
01/10/2006,ONT,CA,AWP,WE,Towers with Radar,278,67,29,0,374,0,7,19,1,27,278,74,48,1,401,0,0,0,401
01/11/2006,ONT,CA,AWP,WE,Towers with Radar,294,84,35,0,413,0,2,37,0,39,294,86,72,0,452,4,0,4,456
01/12/2006,ONT,CA,AWP,WE,Towers with Radar,313,87,29,0,429,0,17,32,0,49,313,104,61,0,478,0,0,0,478
01/13/2006,ONT,CA,AWP,WE,Towers with Radar,282,91,22,0,395,0,9,25,0,34,282,100,47,0,429,4,0,4,433
01/14/2006,ONT,CA,AWP,WE,Towers with Radar,190,41,29,2,262,0,2,6,0,8,190,43,35,2,270,0,0,0,270
01/15/2006,ONT,CA,AWP,WE,Towers with Radar,210,29,24,0,263,0,0,10,0,10,210,29,34,0,273,0,0,0,273
01/16/2006,ONT,CA,AWP,WE,Towers with Radar,239,57,36,0,332,0,4,12,0,16,239,61,48,0,348,6,0,6,354
01/17/2006,ONT,CA,AWP,WE,Towers with Radar,269,67,14,0,350,0,14,15,0,29,269,81,29,0,379,0,0,0,379
01/18/2006,ONT,CA,AWP,WE,Towers with Radar,267,77,33,0,377,0,7,32,0,39,267,84,65,0,416,0,0,0,416
01/19/2006,ONT,CA,AWP,WE,Towers with Radar,274,87,40,0,401,0,2,11,0,13,274,89,51,0,414,10,0,10,424
01/20/2006,ONT,CA,AWP,WE,Towers with Radar,251,67,35,0,353,0,5,24,0,29,251,72,59,0,382,0,0,0,382
01/21/2006,ONT,CA,AWP,WE,Towers with Radar,191,34,19,0,244,0,12,14,0,26,191,46,33,0,270,0,0,0,270
01/22/2006,ONT,CA,AWP,WE,Towers with Radar,201,22,15,0,238,0,0,8,0,8,201,22,23,0,246,0,0,0,246
01/23/2006,ONT,CA,AWP,WE,Towers with Radar,244,54,21,0,319,0,9,17,0,26,244,63,38,0,345,0,0,0,345
01/24/2006,ONT,CA,AWP,WE,Towers with Radar,264,72,15,0,351,0,10,7,0,17,264,82,22,0,368,0,0,0,368
01/25/2006,ONT,CA,AWP,WE,Towers with Radar,282,83,24,0,389,0,7,21,0,28,282,90,45,0,417,4,0,4,421
01/26/2006,ONT,CA,AWP,WE,Towers with Radar,259,81,25,0,365,0,0,20,0,20,259,81,45,0,385,0,0,0,385
01/27/2006,ONT,CA,AWP,WE,Towers with Radar,258,96,34,0,388,0,0,0,0,0,258,96,34,0,388,0,0,0,388
01/28/2006,ONT,CA,AWP,WE,Towers with Radar,196,33,7,0,236,0,5,12,0,17,196,38,19,0,253,0,0,0,253
01/29/2006,ONT,CA,AWP,WE,Towers with Radar,217,22,17,0,256,0,0,7,0,7,217,22,24,0,263,14,0,14,277
01/30/2006,ONT,CA,AWP,WE,Towers with Radar,231,60,19,0,310,0,4,25,0,29,231,64,44,0,339,8,0,8,347
01/31/2006,ONT,CA,AWP,WE,Towers with Radar,267,81,39,0,387,0,0,16,0,16,267,81,55,0,403,0,0,0,403
02/01/2006,ONT,CA,AWP,WE,Towers with Radar,267,89,34,0,390,0,12,18,0,30,267,101,52,0,420,10,0,10,430
02/02/2006,ONT,CA,AWP,WE,Towers with Radar,282,89,20,0,391,0,7,17,0,24,282,96,37,0,415,0,0,0,415
02/03/2006,ONT,CA,AWP,WE,Towers with Radar,255,71,28,0,354,0,0,0,0,0,255,71,28,0,354,6,0,6,360
02/04/2006,ONT,CA,AWP,WE,Towers with Radar,187,40,11,0,238,0,3,6,0,9,187,43,17,0,247,12,0,12,259
02/05/2006,ONT,CA,AWP,WE,Towers with Radar,206,28,3,0,237,0,0,0,0,0,206,28,3,0,237,0,0,0,237
02/06/2006,ONT,CA,AWP,WE,Towers with Radar,234,54,24,0,312,0,3,40,0,43,234,57,64,0,355,0,0,0,355
02/07/2006,ONT,CA,AWP,WE,Towers with Radar,266,89,33,0,388,0,8,21,0,29,266,97,54,0,417,0,0,0,417
02/08/2006,ONT,CA,AWP,WE,Towers with Radar,275,80,34,0,389,0,11,21,0,32,275,91,55,0,421,0,0,0,421
02/09/2006,ONT,CA,AWP,WE,Towers with Radar,266,70,24,0,360,0,15,8,0,23,266,85,32,0,383,3,0,3,386
02/10/2006,ONT,CA,AWP,WE,Towers with Radar,253,76,28,0,357,0,0,0,0,0,253,76,28,0,357,8,0,8,365
02/11/2006,ONT,CA,AWP,WE,Towers with Radar,199,43,17,0,259,0,2,14,0,16,199,45,31,0,275,6,0,6,281
02/12/2006,ONT,CA,AWP,WE,Towers with Radar,204,29,22,0,255,0,0,0,0,0,204,29,22,0,255,8,0,8,263
02/13/2006,ONT,CA,AWP,WE,Towers with Radar,246,64,18,0,328,0,5,15,0,20,246,69,33,0,348,0,0,0,348
02/14/2006,ONT,CA,AWP,WE,Towers with Radar,266,70,23,0,359,0,12,26,0,38,266,82,49,0,397,4,0,4,401
02/15/2006,ONT,CA,AWP,WE,Towers with Radar,268,92,34,0,394,0,0,16,0,16,268,92,50,0,410,2,0,2,412
02/16/2006,ONT,CA,AWP,WE,Towers with Radar,272,75,28,0,375,0,11,27,0,38,272,86,55,0,413,22,0,22,435
02/17/2006,ONT,CA,AWP,WE,Towers with Radar,249,82,32,0,363,0,0,0,0,0,249,82,32,0,363,0,0,0,363
02/18/2006,ONT,CA,AWP,WE,Towers with Radar,207,47,14,0,268,0,0,6,0,6,207,47,20,0,274,8,0,8,282
02/19/2006,ONT,CA,AWP,WE,Towers with Radar,219,20,28,0,267,0,0,10,0,10,219,20,38,0,277,4,0,4,281
02/20/2006,ONT,CA,AWP,WE,Towers with Radar,241,48,41,0,330,0,4,23,0,27,241,52,64,0,357,14,0,14,371
02/21/2006,ONT,CA,AWP,WE,Towers with Radar,258,81,27,0,366,0,5,18,0,23,258,86,45,0,389,4,0,4,393
02/22/2006,ONT,CA,AWP,WE,Towers with Radar,291,76,35,0,402,0,23,27,0,50,291,99,62,0,452,7,0,7,459
02/23/2006,ONT,CA,AWP,WE,Towers with Radar,276,96,77,0,449,0,0,0,0,0,276,96,77,0,449,1,0,1,450
02/24/2006,ONT,CA,AWP,WE,Towers with Radar,258,72,29,6,365,0,0,0,0,0,258,72,29,6,365,0,0,0,365
02/25/2006,ONT,CA,AWP,WE,Towers with Radar,215,35,32,0,282,0,5,21,7,33,215,40,53,7,315,4,0,4,319
02/26/2006,ONT,CA,AWP,WE,Towers with Radar,193,21,74,0,288,0,0,126,0,126,193,21,200,0,414,0,0,0,414
02/27/2006,ONT,CA,AWP,WE,Towers with Radar,228,66,30,2,326,0,0,5,0,5,228,66,35,2,331,0,0,0,331
02/28/2006,ONT,CA,AWP,WE,Towers with Radar,262,94,19,0,375,0,0,6,0,6,262,94,25,0,381,0,0,0,381
03/01/2006,ONT,CA,AWP,WE,Towers with Radar,261,82,25,0,368,0,6,31,0,37,261,88,56,0,405,4,0,4,409
03/02/2006,ONT,CA,AWP,WE,Towers with Radar,271,99,21,0,391,0,18,26,0,44,271,117,47,0,435,0,0,0,435
03/03/2006,ONT,CA,AWP,WE,Towers with Radar,248,96,25,0,369,0,0,0,0,0,248,96,25,0,369,0,0,0,369
03/04/2006,ONT,CA,AWP,WE,Towers with Radar,193,36,19,0,248,0,9,18,0,27,193,45,37,0,275,0,0,0,275
03/05/2006,ONT,CA,AWP,WE,Towers with Radar,209,40,13,2,264,0,2,20,0,22,209,42,33,2,286,12,0,12,298
03/06/2006,ONT,CA,AWP,WE,Towers with Radar,230,68,34,0,332,0,1,53,0,54,230,69,87,0,386,0,0,0,386
03/07/2006,ONT,CA,AWP,WE,Towers with Radar,271,88,14,0,373,0,0,17,0,17,271,88,31,0,390,0,0,0,390
03/08/2006,ONT,CA,AWP,WE,Towers with Radar,284,84,34,0,402,0,16,33,0,49,284,100,67,0,451,8,0,8,459
03/09/2006,ONT,CA,AWP,WE,Towers with Radar,264,87,28,0,379,0,0,0,0,0,264,87,28,0,379,2,0,2,381
03/10/2006,ONT,CA,AWP,WE,Towers with Radar,258,79,15,0,352,0,2,9,0,11,258,81,24,0,363,2,0,2,365
03/11/2006,ONT,CA,AWP,WE,Towers with Radar,201,39,14,0,254,0,0,3,0,3,201,39,17,0,257,0,0,0,257
03/12/2006,ONT,CA,AWP,WE,Towers with Radar,196,26,19,0,241,0,0,4,0,4,196,26,23,0,245,18,0,18,263
03/13/2006,ONT,CA,AWP,WE,Towers with Radar,237,65,39,0,341,0,3,36,0,39,237,68,75,0,380,6,0,6,386
03/14/2006,ONT,CA,AWP,WE,Towers with Radar,267,74,29,2,372,0,5,27,0,32,267,79,56,2,404,2,0,2,406
03/15/2006,ONT,CA,AWP,WE,Towers with Radar,267,89,25,0,381,0,7,29,0,36,267,96,54,0,417,10,0,10,427
03/16/2006,ONT,CA,AWP,WE,Towers with Radar,260,79,34,0,373,0,1,34,0,35,260,80,68,0,408,0,0,0,408
03/17/2006,ONT,CA,AWP,WE,Towers with Radar,251,95,27,0,373,0,0,0,0,0,251,95,27,0,373,0,0,0,373
03/18/2006,ONT,CA,AWP,WE,Towers with Radar,214,34,5,0,253,0,1,0,0,1,214,35,5,0,254,0,0,0,254
03/19/2006,ONT,CA,AWP,WE,Towers with Radar,215,22,21,0,258,0,0,10,0,10,215,22,31,0,268,0,0,0,268
03/20/2006,ONT,CA,AWP,WE,Towers with Radar,227,56,26,0,309,0,0,12,0,12,227,56,38,0,321,0,0,0,321
03/21/2006,ONT,CA,AWP,WE,Towers with Radar,267,89,31,0,387,0,4,39,0,43,267,93,70,0,430,0,0,0,430
03/22/2006,ONT,CA,AWP,WE,Towers with Radar,282,86,28,0,396,0,17,29,0,46,282,103,57,0,442,8,0,8,450
03/23/2006,ONT,CA,AWP,WE,Towers with Radar,270,75,33,1,379,0,11,48,0,59,270,86,81,1,438,20,0,20,458
03/24/2006,ONT,CA,AWP,WE,Towers with Radar,254,64,19,0,337,0,13,30,0,43,254,77,49,0,380,6,0,6,386
03/25/2006,ONT,CA,AWP,WE,Towers with Radar,203,37,15,0,255,0,3,14,0,17,203,40,29,0,272,0,0,0,272
03/26/2006,ONT,CA,AWP,WE,Towers with Radar,194,23,18,0,235,0,0,17,0,17,194,23,35,0,252,0,0,0,252
03/27/2006,ONT,CA,AWP,WE,Towers with Radar,225,59,18,2,304,0,0,31,0,31,225,59,49,2,335,14,0,14,349
03/28/2006,ONT,CA,AWP,WE,Towers with Radar,290,97,25,0,412,0,0,2,0,2,290,97,27,0,414,0,0,0,414
03/29/2006,ONT,CA,AWP,WE,Towers with Radar,272,93,36,1,402,0,2,14,0,16,272,95,50,1,418,0,0,0,418
03/30/2006,ONT,CA,AWP,WE,Towers with Radar,273,94,46,0,413,0,0,0,0,0,273,94,46,0,413,4,0,4,417
03/31/2006,ONT,CA,AWP,WE,Towers with Radar,268,72,21,0,361,0,0,0,0,0,268,72,21,0,361,0,0,0,361
04/01/2006,ONT,CA,AWP,WE,Towers with Radar,207,59,24,0,290,0,0,3,0,3,207,59,27,0,293,0,0,0,293
04/02/2006,ONT,CA,AWP,WE,Towers with Radar,213,34,14,0,261,0,13,6,0,19,213,47,20,0,280,0,0,0,280
04/03/2006,ONT,CA,AWP,WE,Towers with Radar,236,72,13,1,322,0,0,18,0,18,236,72,31,1,340,0,0,0,340
04/04/2006,ONT,CA,AWP,WE,Towers with Radar,271,105,29,0,405,0,0,4,0,4,271,105,33,0,409,2,0,2,411
04/05/2006,ONT,CA,AWP,WE,Towers with Radar,276,102,27,0,405,0,1,5,0,6,276,103,32,0,411,0,0,0,411
04/06/2006,ONT,CA,AWP,WE,Towers with Radar,271,105,23,0,399,0,6,26,0,32,271,111,49,0,431,0,0,0,431
04/07/2006,ONT,CA,AWP,WE,Towers with Radar,257,71,33,0,361,0,0,0,0,0,257,71,33,0,361,8,0,8,369
04/08/2006,ONT,CA,AWP,WE,Towers with Radar,218,37,14,0,269,0,6,25,0,31,218,43,39,0,300,0,0,0,300
04/09/2006,ONT,CA,AWP,WE,Towers with Radar,216,19,20,0,255,0,0,11,0,11,216,19,31,0,266,8,0,8,274
04/10/2006,ONT,CA,AWP,WE,Towers with Radar,240,63,26,0,329,0,0,47,0,47,240,63,73,0,376,0,0,0,376
04/11/2006,ONT,CA,AWP,WE,Towers with Radar,278,83,22,0,383,0,0,24,0,24,278,83,46,0,407,6,0,6,413
04/12/2006,ONT,CA,AWP,WE,Towers with Radar,286,82,29,0,397,0,7,28,0,35,286,89,57,0,432,0,0,0,432
04/13/2006,ONT,CA,AWP,WE,Towers with Radar,266,77,25,0,368,0,7,34,0,41,266,84,59,0,409,0,0,0,409
04/14/2006,ONT,CA,AWP,WE,Towers with Radar,255,69,19,0,343,0,6,5,0,11,255,75,24,0,354,0,0,0,354
04/15/2006,ONT,CA,AWP,WE,Towers with Radar,210,50,26,0,286,0,0,5,0,5,210,50,31,0,291,0,0,0,291
04/16/2006,ONT,CA,AWP,WE,Towers with Radar,227,24,9,0,260,0,0,11,0,11,227,24,20,0,271,8,0,8,279
04/17/2006,ONT,CA,AWP,WE,Towers with Radar,256,61,38,0,355,0,4,64,0,68,256,65,102,0,423,2,0,2,425
04/18/2006,ONT,CA,AWP,WE,Towers with Radar,277,79,26,0,382,0,8,32,0,40,277,87,58,0,422,17,0,17,439
04/19/2006,ONT,CA,AWP,WE,Towers with Radar,294,85,27,0,406,0,5,24,0,29,294,90,51,0,435,0,0,0,435
04/20/2006,ONT,CA,AWP,WE,Towers with Radar,276,75,19,0,370,0,4,37,0,41,276,79,56,0,411,0,0,0,411
04/21/2006,ONT,CA,AWP,WE,Towers with Radar,261,71,39,0,371,0,0,0,0,0,261,71,39,0,371,0,0,0,371
04/22/2006,ONT,CA,AWP,WE,Towers with Radar,226,40,19,0,285,0,0,10,0,10,226,40,29,0,295,0,0,0,295
04/23/2006,ONT,CA,AWP,WE,Towers with Radar,227,22,43,0,292,0,0,16,0,16,227,22,59,0,308,14,0,14,322
04/24/2006,ONT,CA,AWP,WE,Towers with Radar,263,51,34,0,348,0,8,19,0,27,263,59,53,0,375,0,0,0,375
04/25/2006,ONT,CA,AWP,WE,Towers with Radar,287,78,19,0,384,0,11,22,0,33,287,89,41,0,417,0,0,0,417
04/26/2006,ONT,CA,AWP,WE,Towers with Radar,293,96,34,0,423,0,4,15,0,19,293,100,49,0,442,0,0,0,442
04/27/2006,ONT,CA,AWP,WE,Towers with Radar,273,99,28,0,400,0,0,6,0,6,273,99,34,0,406,0,0,0,406
04/28/2006,ONT,CA,AWP,WE,Towers with Radar,255,108,54,0,417,0,0,7,0,7,255,108,61,0,424,0,0,0,424
04/29/2006,ONT,CA,AWP,WE,Towers with Radar,227,45,18,0,290,0,0,6,0,6,227,45,24,0,296,4,0,4,300
04/30/2006,ONT,CA,AWP,WE,Towers with Radar,223,28,20,0,271,0,0,7,0,7,223,28,27,0,278,6,0,6,284
05/01/2006,ONT,CA,AWP,WE,Towers with Radar,238,57,21,2,318,0,0,16,0,16,238,57,37,2,334,0,0,0,334
05/02/2006,ONT,CA,AWP,WE,Towers with Radar,274,84,40,1,399,0,0,14,0,14,274,84,54,1,413,2,0,2,415
05/03/2006,ONT,CA,AWP,WE,Towers with Radar,281,97,46,0,424,0,0,7,0,7,281,97,53,0,431,0,0,0,431
05/04/2006,ONT,CA,AWP,WE,Towers with Radar,281,95,41,4,421,0,2,30,0,32,281,97,71,4,453,0,0,0,453
05/05/2006,ONT,CA,AWP,WE,Towers with Radar,278,99,27,0,404,0,0,0,0,0,278,99,27,0,404,0,0,0,404
05/06/2006,ONT,CA,AWP,WE,Towers with Radar,221,46,18,0,285,0,0,0,0,0,221,46,18,0,285,4,0,4,289
05/07/2006,ONT,CA,AWP,WE,Towers with Radar,217,44,39,0,300,0,0,11,0,11,217,44,50,0,311,4,0,4,315
05/08/2006,ONT,CA,AWP,WE,Towers with Radar,248,71,33,2,354,0,3,16,0,19,248,74,49,2,373,0,0,0,373
05/09/2006,ONT,CA,AWP,WE,Towers with Radar,274,81,42,0,397,0,2,12,0,14,274,83,54,0,411,10,0,10,421
05/10/2006,ONT,CA,AWP,WE,Towers with Radar,282,79,29,0,390,0,5,5,0,10,282,84,34,0,400,0,0,0,400
05/11/2006,ONT,CA,AWP,WE,Towers with Radar,277,84,38,0,399,0,0,13,0,13,277,84,51,0,412,0,0,0,412
05/12/2006,ONT,CA,AWP,WE,Towers with Radar,263,97,37,0,397,0,0,0,0,0,263,97,37,0,397,6,0,6,403
05/13/2006,ONT,CA,AWP,WE,Towers with Radar,231,46,42,0,319,0,0,9,0,9,231,46,51,0,328,0,0,0,328
05/14/2006,ONT,CA,AWP,WE,Towers with Radar,250,24,23,0,297,0,2,7,0,9,250,26,30,0,306,0,0,0,306
05/15/2006,ONT,CA,AWP,WE,Towers with Radar,246,58,33,0,337,0,1,18,0,19,246,59,51,0,356,0,0,0,356
05/16/2006,ONT,CA,AWP,WE,Towers with Radar,254,76,31,0,361,0,6,7,0,13,254,82,38,0,374,6,0,6,380
05/17/2006,ONT,CA,AWP,WE,Towers with Radar,295,80,35,0,410,0,0,13,0,13,295,80,48,0,423,16,0,16,439
05/18/2006,ONT,CA,AWP,WE,Towers with Radar,258,108,38,0,404,0,0,9,0,9,258,108,47,0,413,0,0,0,413
05/19/2006,ONT,CA,AWP,WE,Towers with Radar,261,71,25,0,357,0,0,23,0,23,261,71,48,0,380,4,0,4,384
05/20/2006,ONT,CA,AWP,WE,Towers with Radar,216,50,15,0,281,0,0,12,0,12,216,50,27,0,293,10,0,10,303
05/21/2006,ONT,CA,AWP,WE,Towers with Radar,224,25,31,0,280,0,0,0,0,0,224,25,31,0,280,14,0,14,294
05/22/2006,ONT,CA,AWP,WE,Towers with Radar,260,59,36,0,355,0,3,14,0,17,260,62,50,0,372,0,0,0,372
05/23/2006,ONT,CA,AWP,WE,Towers with Radar,275,75,25,0,375,0,2,34,0,36,275,77,59,0,411,12,0,12,423
05/24/2006,ONT,CA,AWP,WE,Towers with Radar,263,76,44,0,383,0,3,34,0,37,263,79,78,0,420,6,0,6,426
05/25/2006,ONT,CA,AWP,WE,Towers with Radar,288,70,34,1,393,0,26,24,0,50,288,96,58,1,443,12,0,12,455
05/26/2006,ONT,CA,AWP,WE,Towers with Radar,263,83,29,0,375,0,0,3,0,3,263,83,32,0,378,0,0,0,378
05/27/2006,ONT,CA,AWP,WE,Towers with Radar,206,49,22,0,277,0,0,3,0,3,206,49,25,0,280,2,0,2,282
05/28/2006,ONT,CA,AWP,WE,Towers with Radar,189,21,13,0,223,0,0,5,0,5,189,21,18,0,228,21,0,21,249
05/29/2006,ONT,CA,AWP,WE,Towers with Radar,199,25,21,0,245,0,0,19,0,19,199,25,40,0,264,0,0,0,264
05/30/2006,ONT,CA,AWP,WE,Towers with Radar,247,57,25,0,329,0,14,41,0,55,247,71,66,0,384,16,0,16,400
05/31/2006,ONT,CA,AWP,WE,Towers with Radar,267,89,26,0,382,0,10,33,0,43,267,99,59,0,425,8,0,8,433
06/01/2006,ONT,CA,AWP,WE,Towers with Radar,268,75,28,0,371,0,10,30,0,40,268,85,58,0,411,10,0,10,421
06/02/2006,ONT,CA,AWP,WE,Towers with Radar,268,66,34,1,369,0,14,12,0,26,268,80,46,1,395,6,0,6,401
06/03/2006,ONT,CA,AWP,WE,Towers with Radar,221,38,18,0,277,0,6,14,0,20,221,44,32,0,297,14,0,14,311
06/04/2006,ONT,CA,AWP,WE,Towers with Radar,221,34,32,0,287,0,0,11,0,11,221,34,43,0,298,0,0,0,298
06/05/2006,ONT,CA,AWP,WE,Towers with Radar,227,52,35,0,314,0,3,21,0,24,227,55,56,0,338,0,0,0,338
06/06/2006,ONT,CA,AWP,WE,Towers with Radar,279,85,42,0,406,0,2,17,0,19,279,87,59,0,425,0,0,0,425
06/07/2006,ONT,CA,AWP,WE,Towers with Radar,288,83,43,0,414,0,0,16,0,16,288,83,59,0,430,0,0,0,430
06/08/2006,ONT,CA,AWP,WE,Towers with Radar,281,83,33,0,397,0,0,8,0,8,281,83,41,0,405,0,0,0,405
06/09/2006,ONT,CA,AWP,WE,Towers with Radar,280,75,21,0,376,0,0,0,0,0,280,75,21,0,376,8,0,8,384
06/10/2006,ONT,CA,AWP,WE,Towers with Radar,214,40,17,0,271,0,2,3,0,5,214,42,20,0,276,4,0,4,280
06/11/2006,ONT,CA,AWP,WE,Towers with Radar,208,19,14,0,241,0,0,8,0,8,208,19,22,0,249,0,0,0,249
06/12/2006,ONT,CA,AWP,WE,Towers with Radar,245,42,23,0,310,0,13,30,0,43,245,55,53,0,353,10,0,10,363
06/13/2006,ONT,CA,AWP,WE,Towers with Radar,278,85,20,0,383,0,13,32,0,45,278,98,52,0,428,13,0,13,441
06/14/2006,ONT,CA,AWP,WE,Towers with Radar,282,73,37,0,392,0,17,26,0,43,282,90,63,0,435,0,0,0,435
06/15/2006,ONT,CA,AWP,WE,Towers with Radar,277,63,19,0,359,0,11,31,0,42,277,74,50,0,401,18,0,18,419
06/16/2006,ONT,CA,AWP,WE,Towers with Radar,269,72,27,0,368,0,0,0,0,0,269,72,27,0,368,0,0,0,368
06/17/2006,ONT,CA,AWP,WE,Towers with Radar,213,37,8,0,258,0,4,11,0,15,213,41,19,0,273,0,0,0,273
06/18/2006,ONT,CA,AWP,WE,Towers with Radar,238,36,25,0,299,0,0,10,0,10,238,36,35,0,309,30,0,30,339
06/19/2006,ONT,CA,AWP,WE,Towers with Radar,255,67,30,0,352,0,5,16,0,21,255,72,46,0,373,0,0,0,373
06/20/2006,ONT,CA,AWP,WE,Towers with Radar,292,82,33,0,407,0,11,28,0,39,292,93,61,0,446,8,0,8,454
06/21/2006,ONT,CA,AWP,WE,Towers with Radar,292,83,35,0,410,0,7,30,0,37,292,90,65,0,447,6,0,6,453
06/22/2006,ONT,CA,AWP,WE,Towers with Radar,282,80,40,0,402,0,4,29,0,33,282,84,69,0,435,28,0,28,463
06/23/2006,ONT,CA,AWP,WE,Towers with Radar,269,87,36,0,392,0,10,21,0,31,269,97,57,0,423,0,0,0,423
06/24/2006,ONT,CA,AWP,WE,Towers with Radar,201,59,19,0,279,0,20,14,0,34,201,79,33,0,313,6,0,6,319
06/25/2006,ONT,CA,AWP,WE,Towers with Radar,230,30,23,0,283,0,0,13,0,13,230,30,36,0,296,0,0,0,296
06/26/2006,ONT,CA,AWP,WE,Towers with Radar,251,62,23,0,336,0,1,15,0,16,251,63,38,0,352,16,0,16,368
06/27/2006,ONT,CA,AWP,WE,Towers with Radar,280,56,20,0,356,0,5,11,0,16,280,61,31,0,372,2,0,2,374
06/28/2006,ONT,CA,AWP,WE,Towers with Radar,290,79,22,0,391,0,11,32,0,43,290,90,54,0,434,0,0,0,434
06/29/2006,ONT,CA,AWP,WE,Towers with Radar,281,89,38,0,408,0,5,33,0,38,281,94,71,0,446,10,0,10,456
06/30/2006,ONT,CA,AWP,WE,Towers with Radar,256,71,16,0,343,0,21,27,0,48,256,92,43,0,391,4,0,4,395
07/01/2006,ONT,CA,AWP,WE,Towers with Radar,213,47,12,0,272,0,1,27,0,28,213,48,39,0,300,9,0,9,309
07/02/2006,ONT,CA,AWP,WE,Towers with Radar,229,48,16,0,293,0,0,17,4,21,229,48,33,4,314,26,0,26,340
07/03/2006,ONT,CA,AWP,WE,Towers with Radar,221,54,8,0,283,0,1,78,0,79,221,55,86,0,362,22,0,22,384
07/04/2006,ONT,CA,AWP,WE,Towers with Radar,205,22,6,0,233,0,0,5,0,5,205,22,11,0,238,20,0,20,258
07/05/2006,ONT,CA,AWP,WE,Towers with Radar,261,75,38,0,374,0,2,26,0,28,261,77,64,0,402,0,0,0,402
07/06/2006,ONT,CA,AWP,WE,Towers with Radar,285,75,5,0,365,0,8,22,0,30,285,83,27,0,395,10,0,10,405
07/07/2006,ONT,CA,AWP,WE,Towers with Radar,261,70,14,0,345,0,13,29,0,42,261,83,43,0,387,15,0,15,402
07/08/2006,ONT,CA,AWP,WE,Towers with Radar,216,35,12,0,263,0,6,13,0,19,216,41,25,0,282,12,0,12,294
07/09/2006,ONT,CA,AWP,WE,Towers with Radar,219,27,10,0,256,0,0,19,0,19,219,27,29,0,275,0,0,0,275
07/10/2006,ONT,CA,AWP,WE,Towers with Radar,263,58,14,0,335,0,12,13,0,25,263,70,27,0,360,0,0,0,360
07/11/2006,ONT,CA,AWP,WE,Towers with Radar,288,84,26,0,398,0,7,39,0,46,288,91,65,0,444,0,0,0,444
07/12/2006,ONT,CA,AWP,WE,Towers with Radar,288,85,34,0,407,0,10,46,0,56,288,95,80,0,463,0,0,0,463
07/13/2006,ONT,CA,AWP,WE,Towers with Radar,291,69,25,0,385,0,10,46,0,56,291,79,71,0,441,3,0,3,444
07/14/2006,ONT,CA,AWP,WE,Towers with Radar,262,69,22,0,353,0,10,39,0,49,262,79,61,0,402,8,0,8,410
07/15/2006,ONT,CA,AWP,WE,Towers with Radar,202,55,10,0,267,0,4,28,0,32,202,59,38,0,299,4,0,4,303
07/16/2006,ONT,CA,AWP,WE,Towers with Radar,237,29,14,0,280,0,2,17,0,19,237,31,31,0,299,7,0,7,306
07/17/2006,ONT,CA,AWP,WE,Towers with Radar,260,60,27,0,347,0,1,18,0,19,260,61,45,0,366,6,0,6,372
07/18/2006,ONT,CA,AWP,WE,Towers with Radar,263,70,29,0,362,6,20,18,0,44,269,90,47,0,406,2,0,2,408
07/19/2006,ONT,CA,AWP,WE,Towers with Radar,293,106,20,0,419,0,13,18,0,31,293,119,38,0,450,0,0,0,450
07/20/2006,ONT,CA,AWP,WE,Towers with Radar,279,90,25,0,394,0,12,26,0,38,279,102,51,0,432,2,0,2,434
07/21/2006,ONT,CA,AWP,WE,Towers with Radar,275,64,29,0,368,0,15,20,0,35,275,79,49,0,403,0,0,0,403
07/22/2006,ONT,CA,AWP,WE,Towers with Radar,211,42,17,0,270,0,5,7,0,12,211,47,24,0,282,2,0,2,284
07/23/2006,ONT,CA,AWP,WE,Towers with Radar,241,26,10,0,277,0,0,13,0,13,241,26,23,0,290,1,0,1,291
07/24/2006,ONT,CA,AWP,WE,Towers with Radar,263,56,32,0,351,0,4,30,0,34,263,60,62,0,385,6,0,6,391
07/25/2006,ONT,CA,AWP,WE,Towers with Radar,299,81,24,0,404,0,3,21,1,25,299,84,45,1,429,12,0,12,441
07/26/2006,ONT,CA,AWP,WE,Towers with Radar,290,79,33,0,402,0,5,37,0,42,290,84,70,0,444,0,0,0,444
07/27/2006,ONT,CA,AWP,WE,Towers with Radar,278,80,22,0,380,0,2,28,0,30,278,82,50,0,410,0,0,0,410
07/28/2006,ONT,CA,AWP,WE,Towers with Radar,277,79,23,0,379,0,5,20,0,25,277,84,43,0,404,0,0,0,404
07/29/2006,ONT,CA,AWP,WE,Towers with Radar,222,50,28,0,300,0,0,1,0,1,222,50,29,0,301,0,0,0,301
07/30/2006,ONT,CA,AWP,WE,Towers with Radar,241,23,21,0,285,0,0,0,0,0,241,23,21,0,285,0,0,0,285
07/31/2006,ONT,CA,AWP,WE,Towers with Radar,256,64,35,0,355,0,0,43,0,43,256,64,78,0,398,0,0,0,398
08/01/2006,ONT,CA,AWP,WE,Towers with Radar,272,107,32,1,412,0,0,13,0,13,272,107,45,1,425,12,0,12,437
08/02/2006,ONT,CA,AWP,WE,Towers with Radar,281,96,35,0,412,0,4,14,2,20,281,100,49,2,432,2,0,2,434
08/03/2006,ONT,CA,AWP,WE,Towers with Radar,270,119,34,0,423,0,2,12,0,14,270,121,46,0,437,0,0,0,437
08/04/2006,ONT,CA,AWP,WE,Towers with Radar,269,83,31,0,383,0,0,16,1,17,269,83,47,1,400,1,0,1,401
08/05/2006,ONT,CA,AWP,WE,Towers with Radar,215,41,11,0,267,0,7,22,0,29,215,48,33,0,296,2,0,2,298
08/06/2006,ONT,CA,AWP,WE,Towers with Radar,227,34,27,1,289,0,0,20,0,20,227,34,47,1,309,4,0,4,313
08/07/2006,ONT,CA,AWP,WE,Towers with Radar,263,53,16,0,332,0,4,17,0,21,263,57,33,0,353,12,0,12,365
08/08/2006,ONT,CA,AWP,WE,Towers with Radar,280,96,21,0,397,2,14,21,0,37,282,110,42,0,434,10,0,10,444
08/09/2006,ONT,CA,AWP,WE,Towers with Radar,265,103,31,2,401,0,3,24,0,27,265,106,55,2,428,4,0,4,432
08/10/2006,ONT,CA,AWP,WE,Towers with Radar,279,98,41,0,418,0,3,33,0,36,279,101,74,0,454,16,0,16,470
08/11/2006,ONT,CA,AWP,WE,Towers with Radar,260,87,17,0,364,0,9,28,0,37,260,96,45,0,401,0,0,0,401
08/12/2006,ONT,CA,AWP,WE,Towers with Radar,213,52,23,0,288,0,2,18,0,20,213,54,41,0,308,0,0,0,308
08/13/2006,ONT,CA,AWP,WE,Towers with Radar,237,33,30,0,300,0,0,9,0,9,237,33,39,0,309,0,0,0,309
08/14/2006,ONT,CA,AWP,WE,Towers with Radar,247,62,27,1,337,0,1,29,0,30,247,63,56,1,367,16,0,16,383
08/15/2006,ONT,CA,AWP,WE,Towers with Radar,282,101,23,0,406,1,0,15,0,16,283,101,38,0,422,12,0,12,434
08/16/2006,ONT,CA,AWP,WE,Towers with Radar,273,84,47,0,404,0,2,23,0,25,273,86,70,0,429,14,0,14,443
08/17/2006,ONT,CA,AWP,WE,Towers with Radar,283,75,41,0,399,0,3,22,0,25,283,78,63,0,424,4,0,4,428
08/18/2006,ONT,CA,AWP,WE,Towers with Radar,279,83,27,0,389,0,6,15,0,21,279,89,42,0,410,17,0,17,427
08/19/2006,ONT,CA,AWP,WE,Towers with Radar,209,56,16,0,281,0,4,3,0,7,209,60,19,0,288,0,0,0,288
08/20/2006,ONT,CA,AWP,WE,Towers with Radar,216,44,22,0,282,0,4,14,0,18,216,48,36,0,300,12,0,12,312
08/21/2006,ONT,CA,AWP,WE,Towers with Radar,241,67,23,0,331,0,3,19,0,22,241,70,42,0,353,0,0,0,353
08/22/2006,ONT,CA,AWP,WE,Towers with Radar,274,85,11,0,370,0,6,15,0,21,274,91,26,0,391,2,0,2,393
08/23/2006,ONT,CA,AWP,WE,Towers with Radar,294,77,25,2,398,0,7,15,1,23,294,84,40,3,421,22,0,22,443
08/24/2006,ONT,CA,AWP,WE,Towers with Radar,275,75,27,2,379,0,13,23,0,36,275,88,50,2,415,0,0,0,415
08/25/2006,ONT,CA,AWP,WE,Towers with Radar,254,87,23,0,364,0,15,29,3,47,254,102,52,3,411,4,0,4,415
08/26/2006,ONT,CA,AWP,WE,Towers with Radar,207,38,19,0,264,0,2,11,0,13,207,40,30,0,277,0,0,0,277
08/27/2006,ONT,CA,AWP,WE,Towers with Radar,228,28,20,0,276,0,0,8,1,9,228,28,28,1,285,10,0,10,295
08/28/2006,ONT,CA,AWP,WE,Towers with Radar,253,53,23,0,329,0,2,19,0,21,253,55,42,0,350,20,0,20,370
08/29/2006,ONT,CA,AWP,WE,Towers with Radar,285,33,20,0,338,0,55,13,0,68,285,88,33,0,406,25,0,25,431
08/30/2006,ONT,CA,AWP,WE,Towers with Radar,294,81,48,0,423,0,7,24,0,31,294,88,72,0,454,8,0,8,462
08/31/2006,ONT,CA,AWP,WE,Towers with Radar,272,96,62,0,430,0,7,43,0,50,272,103,105,0,480,4,0,4,484
09/01/2006,ONT,CA,AWP,WE,Towers with Radar,253,80,25,0,358,0,0,0,0,0,253,80,25,0,358,27,0,27,385
09/02/2006,ONT,CA,AWP,WE,Towers with Radar,219,59,24,3,305,0,1,54,0,55,219,60,78,3,360,0,0,0,360
09/03/2006,ONT,CA,AWP,WE,Towers with Radar,190,45,55,1,291,0,0,100,1,101,190,45,155,2,392,24,0,24,416
09/04/2006,ONT,CA,AWP,WE,Towers with Radar,216,37,22,0,275,0,0,18,0,18,216,37,40,0,293,0,0,0,293
09/05/2006,ONT,CA,AWP,WE,Towers with Radar,264,68,15,0,347,0,10,43,0,53,264,78,58,0,400,0,0,0,400
09/06/2006,ONT,CA,AWP,WE,Towers with Radar,288,78,26,0,392,0,10,28,0,38,288,88,54,0,430,0,0,0,430
09/07/2006,ONT,CA,AWP,WE,Towers with Radar,266,95,23,0,384,0,6,10,0,16,266,101,33,0,400,0,0,0,400
09/08/2006,ONT,CA,AWP,WE,Towers with Radar,262,87,27,0,376,0,2,16,0,18,262,89,43,0,394,0,0,0,394
09/09/2006,ONT,CA,AWP,WE,Towers with Radar,194,57,21,0,272,0,1,6,0,7,194,58,27,0,279,0,0,0,279
09/10/2006,ONT,CA,AWP,WE,Towers with Radar,221,34,22,0,277,0,2,20,0,22,221,36,42,0,299,2,0,2,301
09/11/2006,ONT,CA,AWP,WE,Towers with Radar,227,79,32,0,338,0,2,21,0,23,227,81,53,0,361,0,0,0,361
09/12/2006,ONT,CA,AWP,WE,Towers with Radar,286,90,40,0,416,0,9,8,0,17,286,99,48,0,433,8,0,8,441
09/13/2006,ONT,CA,AWP,WE,Towers with Radar,268,88,26,0,382,0,7,23,0,30,268,95,49,0,412,0,0,0,412
09/14/2006,ONT,CA,AWP,WE,Towers with Radar,265,97,40,0,402,0,0,0,0,0,265,97,40,0,402,2,0,2,404
09/15/2006,ONT,CA,AWP,WE,Towers with Radar,240,88,21,0,349,0,0,0,0,0,240,88,21,0,349,0,0,0,349
09/16/2006,ONT,CA,AWP,WE,Towers with Radar,190,54,27,0,271,0,8,22,0,30,190,62,49,0,301,14,0,14,315
09/17/2006,ONT,CA,AWP,WE,Towers with Radar,212,37,26,0,275,0,0,0,0,0,212,37,26,0,275,10,0,10,285
09/18/2006,ONT,CA,AWP,WE,Towers with Radar,242,61,50,0,353,0,0,50,0,50,242,61,100,0,403,9,0,9,412
09/19/2006,ONT,CA,AWP,WE,Towers with Radar,271,91,29,0,391,0,8,29,0,37,271,99,58,0,428,2,0,2,430
09/20/2006,ONT,CA,AWP,WE,Towers with Radar,285,105,34,0,424,0,14,30,0,44,285,119,64,0,468,10,0,10,478
09/21/2006,ONT,CA,AWP,WE,Towers with Radar,276,102,68,0,446,0,0,0,0,0,276,102,68,0,446,20,0,20,466
09/22/2006,ONT,CA,AWP,WE,Towers with Radar,239,99,21,0,359,50,8,19,0,77,289,107,40,0,436,0,0,0,436
09/23/2006,ONT,CA,AWP,WE,Towers with Radar,182,41,19,0,242,0,6,5,0,11,182,47,24,0,253,23,0,23,276
09/24/2006,ONT,CA,AWP,WE,Towers with Radar,199,45,21,0,265,0,0,16,0,16,199,45,37,0,281,0,0,0,281
09/25/2006,ONT,CA,AWP,WE,Towers with Radar,257,70,45,0,372,0,13,21,0,34,257,83,66,0,406,11,0,11,417
09/26/2006,ONT,CA,AWP,WE,Towers with Radar,287,102,29,0,418,0,14,29,0,43,287,116,58,0,461,6,0,6,467
09/27/2006,ONT,CA,AWP,WE,Towers with Radar,288,74,33,0,395,0,7,30,0,37,288,81,63,0,432,16,0,16,448
09/28/2006,ONT,CA,AWP,WE,Towers with Radar,285,93,38,0,416,0,8,28,0,36,285,101,66,0,452,13,0,13,465
09/29/2006,ONT,CA,AWP,WE,Towers with Radar,264,79,32,0,375,0,4,24,0,28,264,83,56,0,403,4,0,4,407
09/30/2006,ONT,CA,AWP,WE,Towers with Radar,194,48,26,0,268,0,3,15,0,18,194,51,41,0,286,4,0,4,290
10/01/2006,ONT,CA,AWP,WE,Towers with Radar,227,44,36,0,307,0,0,21,0,21,227,44,57,0,328,0,0,0,328
10/02/2006,ONT,CA,AWP,WE,Towers with Radar,229,68,23,0,320,0,0,19,1,20,229,68,42,1,340,4,0,4,344
10/03/2006,ONT,CA,AWP,WE,Towers with Radar,275,78,28,0,381,0,21,27,0,48,275,99,55,0,429,26,0,26,455
10/04/2006,ONT,CA,AWP,WE,Towers with Radar,251,84,26,0,361,0,7,22,0,29,251,91,48,0,390,16,0,16,406
10/05/2006,ONT,CA,AWP,WE,Towers with Radar,271,93,27,0,391,0,8,21,0,29,271,101,48,0,420,0,0,0,420
10/06/2006,ONT,CA,AWP,WE,Towers with Radar,260,89,25,0,374,0,1,16,0,17,260,90,41,0,391,6,0,6,397
10/07/2006,ONT,CA,AWP,WE,Towers with Radar,188,48,26,0,262,0,0,10,0,10,188,48,36,0,272,0,0,0,272
10/08/2006,ONT,CA,AWP,WE,Towers with Radar,212,43,22,0,277,0,0,20,0,20,212,43,42,0,297,2,0,2,299
10/09/2006,ONT,CA,AWP,WE,Towers with Radar,248,69,29,0,346,0,0,7,0,7,248,69,36,0,353,0,0,0,353
10/10/2006,ONT,CA,AWP,WE,Towers with Radar,260,74,32,0,366,0,7,13,0,20,260,81,45,0,386,6,0,6,392
10/11/2006,ONT,CA,AWP,WE,Towers with Radar,293,74,37,0,404,0,6,29,0,35,293,80,66,0,439,10,0,10,449
10/12/2006,ONT,CA,AWP,WE,Towers with Radar,270,86,24,0,380,0,0,13,0,13,270,86,37,0,393,22,0,22,415
10/13/2006,ONT,CA,AWP,WE,Towers with Radar,270,92,30,0,392,0,5,7,0,12,270,97,37,0,404,14,0,14,418
10/14/2006,ONT,CA,AWP,WE,Towers with Radar,199,49,25,0,273,0,1,9,6,16,199,50,34,6,289,0,0,0,289
10/15/2006,ONT,CA,AWP,WE,Towers with Radar,216,31,33,0,280,0,0,8,0,8,216,31,41,0,288,0,0,0,288
10/16/2006,ONT,CA,AWP,WE,Towers with Radar,257,62,32,0,351,0,0,49,0,49,257,62,81,0,400,0,0,0,400
10/17/2006,ONT,CA,AWP,WE,Towers with Radar,275,108,41,0,424,0,0,8,0,8,275,108,49,0,432,2,0,2,434
10/18/2006,ONT,CA,AWP,WE,Towers with Radar,282,102,28,0,412,0,9,18,0,27,282,111,46,0,439,4,0,4,443
10/19/2006,ONT,CA,AWP,WE,Towers with Radar,261,81,31,0,373,0,0,28,0,28,261,81,59,0,401,12,0,12,413
10/20/2006,ONT,CA,AWP,WE,Towers with Radar,246,71,19,0,336,0,15,39,0,54,246,86,58,0,390,6,0,6,396
10/21/2006,ONT,CA,AWP,WE,Towers with Radar,186,41,25,0,252,0,7,22,0,29,186,48,47,0,281,0,0,0,281
10/22/2006,ONT,CA,AWP,WE,Towers with Radar,219,45,15,0,279,60,0,12,0,72,279,45,27,0,351,5,0,5,356
10/23/2006,ONT,CA,AWP,WE,Towers with Radar,245,69,28,0,342,0,15,26,0,41,245,84,54,0,383,4,0,4,387
10/24/2006,ONT,CA,AWP,WE,Towers with Radar,277,86,31,0,394,0,9,25,0,34,277,95,56,0,428,16,0,16,444
10/25/2006,ONT,CA,AWP,WE,Towers with Radar,283,83,51,0,417,0,3,13,0,16,283,86,64,0,433,22,0,22,455
10/26/2006,ONT,CA,AWP,WE,Towers with Radar,270,89,18,0,377,0,9,16,0,25,270,98,34,0,402,0,0,0,402
10/27/2006,ONT,CA,AWP,WE,Towers with Radar,264,73,20,0,357,0,8,32,0,40,264,81,52,0,397,0,0,0,397
10/28/2006,ONT,CA,AWP,WE,Towers with Radar,186,43,22,0,251,0,6,16,0,22,186,49,38,0,273,12,0,12,285
10/29/2006,ONT,CA,AWP,WE,Towers with Radar,223,37,16,0,276,0,0,8,0,8,223,37,24,0,284,20,0,20,304
10/30/2006,ONT,CA,AWP,WE,Towers with Radar,250,59,23,0,332,0,1,21,0,22,250,60,44,0,354,6,0,6,360
10/31/2006,ONT,CA,AWP,WE,Towers with Radar,278,74,21,0,373,0,0,14,0,14,278,74,35,0,387,0,0,0,387
11/01/2006,ONT,CA,AWP,WE,Towers with Radar,276,95,26,0,397,0,5,16,0,21,276,100,42,0,418,0,0,0,418
11/02/2006,ONT,CA,AWP,WE,Towers with Radar,274,90,34,0,398,0,0,19,0,19,274,90,53,0,417,0,0,0,417
11/03/2006,ONT,CA,AWP,WE,Towers with Radar,262,75,25,0,362,0,5,17,0,22,262,80,42,0,384,0,0,0,384
11/04/2006,ONT,CA,AWP,WE,Towers with Radar,206,38,19,0,263,0,0,9,0,9,206,38,28,0,272,0,0,0,272
11/05/2006,ONT,CA,AWP,WE,Towers with Radar,227,40,24,0,291,0,0,17,0,17,227,40,41,0,308,0,0,0,308
11/06/2006,ONT,CA,AWP,WE,Towers with Radar,251,76,52,2,381,0,13,46,0,59,251,89,98,2,440,8,0,8,448
11/07/2006,ONT,CA,AWP,WE,Towers with Radar,267,74,29,0,370,0,7,36,0,43,267,81,65,0,413,0,0,0,413
11/08/2006,ONT,CA,AWP,WE,Towers with Radar,299,71,24,0,394,0,7,36,0,43,299,78,60,0,437,7,0,7,444
11/09/2006,ONT,CA,AWP,WE,Towers with Radar,279,86,35,4,404,0,0,13,0,13,279,86,48,4,417,0,0,0,417
11/10/2006,ONT,CA,AWP,WE,Towers with Radar,243,79,20,8,350,0,7,19,0,26,243,86,39,8,376,0,0,0,376
11/11/2006,ONT,CA,AWP,WE,Towers with Radar,200,45,14,0,259,0,3,3,0,6,200,48,17,0,265,10,0,10,275
11/12/2006,ONT,CA,AWP,WE,Towers with Radar,219,34,21,2,276,0,0,17,0,17,219,34,38,2,293,3,0,3,296
11/13/2006,ONT,CA,AWP,WE,Towers with Radar,242,71,18,0,331,0,4,14,0,18,242,75,32,0,349,0,0,0,349
11/14/2006,ONT,CA,AWP,WE,Towers with Radar,257,97,45,0,399,0,10,13,0,23,257,107,58,0,422,2,0,2,424
11/15/2006,ONT,CA,AWP,WE,Towers with Radar,272,86,47,0,405,0,9,15,0,24,272,95,62,0,429,2,0,2,431
11/16/2006,ONT,CA,AWP,WE,Towers with Radar,290,97,21,4,412,0,12,42,0,54,290,109,63,4,466,0,0,0,466
11/17/2006,ONT,CA,AWP,WE,Towers with Radar,277,85,15,0,377,0,12,25,0,37,277,97,40,0,414,0,0,0,414
11/18/2006,ONT,CA,AWP,WE,Towers with Radar,215,42,14,0,271,0,3,29,0,32,215,45,43,0,303,8,0,8,311
11/19/2006,ONT,CA,AWP,WE,Towers with Radar,229,23,19,0,271,0,0,28,0,28,229,23,47,0,299,0,0,0,299
11/20/2006,ONT,CA,AWP,WE,Towers with Radar,268,62,18,0,348,0,5,43,0,48,268,67,61,0,396,12,0,12,408
11/21/2006,ONT,CA,AWP,WE,Towers with Radar,300,101,19,0,420,0,13,11,0,24,300,114,30,0,444,0,0,0,444
11/22/2006,ONT,CA,AWP,WE,Towers with Radar,0,0,0,0,0,301,96,64,0,461,301,96,64,0,461,4,0,4,465
11/23/2006,ONT,CA,AWP,WE,Towers with Radar,192,23,4,0,219,0,0,0,0,0,192,23,4,0,219,0,0,0,219
11/24/2006,ONT,CA,AWP,WE,Towers with Radar,210,85,14,0,309,0,0,4,0,4,210,85,18,0,313,0,0,0,313
11/25/2006,ONT,CA,AWP,WE,Towers with Radar,187,54,22,0,263,0,0,10,0,10,187,54,32,0,273,0,0,0,273
11/26/2006,ONT,CA,AWP,WE,Towers with Radar,241,34,34,0,309,0,2,7,0,9,241,36,41,0,318,12,0,12,330
11/27/2006,ONT,CA,AWP,WE,Towers with Radar,244,77,31,0,352,0,2,2,0,4,244,79,33,0,356,6,0,6,362
11/28/2006,ONT,CA,AWP,WE,Towers with Radar,304,91,39,0,434,0,0,8,0,8,304,91,47,0,442,6,0,6,448
11/29/2006,ONT,CA,AWP,WE,Towers with Radar,291,106,24,0,421,0,1,15,0,16,291,107,39,0,437,0,0,0,437
11/30/2006,ONT,CA,AWP,WE,Towers with Radar,285,98,34,0,417,0,6,13,0,19,285,104,47,0,436,4,0,4,440
12/01/2006,ONT,CA,AWP,WE,Towers with Radar,268,96,24,0,388,0,13,20,0,33,268,109,44,0,421,4,0,4,425
12/02/2006,ONT,CA,AWP,WE,Towers with Radar,219,72,18,0,309,0,5,17,0,22,219,77,35,0,331,0,0,0,331
12/03/2006,ONT,CA,AWP,WE,Towers with Radar,223,48,25,0,296,0,8,12,0,20,223,56,37,0,316,0,0,0,316
12/04/2006,ONT,CA,AWP,WE,Towers with Radar,255,55,24,0,334,0,10,25,0,35,255,65,49,0,369,2,0,2,371
12/05/2006,ONT,CA,AWP,WE,Towers with Radar,288,101,39,2,430,0,11,22,1,34,288,112,61,3,464,8,0,8,472
12/06/2006,ONT,CA,AWP,WE,Towers with Radar,303,95,24,0,422,0,19,27,0,46,303,114,51,0,468,4,0,4,472
12/07/2006,ONT,CA,AWP,WE,Towers with Radar,284,85,29,2,400,0,11,16,0,27,284,96,45,2,427,12,0,12,439
12/08/2006,ONT,CA,AWP,WE,Towers with Radar,281,93,18,0,392,0,10,21,0,31,281,103,39,0,423,2,0,2,425
12/09/2006,ONT,CA,AWP,WE,Towers with Radar,197,45,13,0,255,0,1,12,0,13,197,46,25,0,268,4,0,4,272
12/10/2006,ONT,CA,AWP,WE,Towers with Radar,236,24,19,0,279,0,0,7,0,7,236,24,26,0,286,0,0,0,286
12/11/2006,ONT,CA,AWP,WE,Towers with Radar,245,66,24,1,336,0,4,35,0,39,245,70,59,1,375,0,0,0,375
12/12/2006,ONT,CA,AWP,WE,Towers with Radar,292,86,32,4,414,0,9,33,0,42,292,95,65,4,456,0,0,0,456
12/13/2006,ONT,CA,AWP,WE,Towers with Radar,285,83,25,0,393,0,11,36,0,47,285,94,61,0,440,13,0,13,453
12/14/2006,ONT,CA,AWP,WE,Towers with Radar,278,85,26,0,389,0,6,23,0,29,278,91,49,0,418,0,0,0,418
12/15/2006,ONT,CA,AWP,WE,Towers with Radar,288,87,27,0,402,0,10,15,0,25,288,97,42,0,427,2,0,2,429
12/16/2006,ONT,CA,AWP,WE,Towers with Radar,223,47,14,0,284,0,0,1,0,1,223,47,15,0,285,0,0,0,285
12/17/2006,ONT,CA,AWP,WE,Towers with Radar,235,35,9,0,279,0,0,11,0,11,235,35,20,0,290,25,0,25,315
12/18/2006,ONT,CA,AWP,WE,Towers with Radar,268,74,20,0,362,0,2,23,0,25,268,76,43,0,387,1,0,1,388
12/19/2006,ONT,CA,AWP,WE,Towers with Radar,328,107,26,0,461,0,6,19,0,25,328,113,45,0,486,0,0,0,486
12/20/2006,ONT,CA,AWP,WE,Towers with Radar,350,94,21,0,465,0,10,21,0,31,350,104,42,0,496,4,0,4,500
12/21/2006,ONT,CA,AWP,WE,Towers with Radar,320,100,33,0,453,0,10,14,0,24,320,110,47,0,477,0,0,0,477
12/22/2006,ONT,CA,AWP,WE,Towers with Radar,320,106,24,0,450,0,12,9,0,21,320,118,33,0,471,0,0,0,471
12/23/2006,ONT,CA,AWP,WE,Towers with Radar,244,64,11,0,319,0,19,13,0,32,244,83,24,0,351,14,0,14,365
12/24/2006,ONT,CA,AWP,WE,Towers with Radar,174,26,5,0,205,0,1,9,0,10,174,27,14,0,215,22,0,22,237
12/25/2006,ONT,CA,AWP,WE,Towers with Radar,166,33,19,0,218,0,0,10,0,10,166,33,29,0,228,0,0,0,228
12/26/2006,ONT,CA,AWP,WE,Towers with Radar,253,66,23,0,342,0,5,24,0,29,253,71,47,0,371,0,0,0,371
12/27/2006,ONT,CA,AWP,WE,Towers with Radar,294,79,18,1,392,0,0,9,0,9,294,79,27,1,401,0,0,0,401
12/28/2006,ONT,CA,AWP,WE,Towers with Radar,291,83,13,0,387,0,5,14,0,19,291,88,27,0,406,0,0,0,406
12/29/2006,ONT,CA,AWP,WE,Towers with Radar,269,91,15,0,375,0,15,15,0,30,269,106,30,0,405,0,0,0,405
12/30/2006,ONT,CA,AWP,WE,Towers with Radar,236,41,14,0,291,0,2,21,0,23,236,43,35,0,314,23,0,23,337
12/31/2006,ONT,CA,AWP,WE,Towers with Radar,177,34,12,0,223,0,0,5,0,5,177,34,17,0,228,0,0,0,228
01/01/2007,ONT,CA,AWP,WE,Towers with Radar,225,25,17,0,267,0,0,13,0,13,225,25,30,0,280,0,0,0,280
01/02/2007,ONT,CA,AWP,WE,Towers with Radar,245,72,25,0,342,0,5,21,0,26,245,77,46,0,368,0,0,0,368
01/03/2007,ONT,CA,AWP,WE,Towers with Radar,284,86,20,0,390,0,6,31,0,37,284,92,51,0,427,0,0,0,427
01/04/2007,ONT,CA,AWP,WE,Towers with Radar,270,89,28,0,387,0,0,0,0,0,270,89,28,0,387,0,0,0,387
01/05/2007,ONT,CA,AWP,WE,Towers with Radar,242,67,20,0,329,0,4,2,0,6,242,71,22,0,335,0,0,0,335
01/06/2007,ONT,CA,AWP,WE,Towers with Radar,203,43,26,0,272,0,6,10,0,16,203,49,36,0,288,3,0,3,291
01/07/2007,ONT,CA,AWP,WE,Towers with Radar,237,26,41,0,304,0,0,44,0,44,237,26,85,0,348,0,0,0,348
01/08/2007,ONT,CA,AWP,WE,Towers with Radar,252,60,15,0,327,0,6,18,0,24,252,66,33,0,351,0,0,0,351
01/09/2007,ONT,CA,AWP,WE,Towers with Radar,260,91,21,0,372,0,6,17,0,23,260,97,38,0,395,0,0,0,395
01/10/2007,ONT,CA,AWP,WE,Towers with Radar,262,71,30,1,364,0,10,8,0,18,262,81,38,1,382,0,0,0,382
01/11/2007,ONT,CA,AWP,WE,Towers with Radar,266,80,31,1,378,0,4,15,0,19,266,84,46,1,397,4,0,4,401
01/12/2007,ONT,CA,AWP,WE,Towers with Radar,273,69,25,0,367,0,6,23,0,29,273,75,48,0,396,0,0,0,396
01/13/2007,ONT,CA,AWP,WE,Towers with Radar,211,37,12,0,260,0,6,17,0,23,211,43,29,0,283,0,0,0,283
01/14/2007,ONT,CA,AWP,WE,Towers with Radar,225,25,14,0,264,0,0,13,0,13,225,25,27,0,277,75,0,75,352
01/15/2007,ONT,CA,AWP,WE,Towers with Radar,253,84,15,0,352,0,1,8,0,9,253,85,23,0,361,0,0,0,361
01/16/2007,ONT,CA,AWP,WE,Towers with Radar,297,68,17,0,382,0,16,22,0,38,297,84,39,0,420,3,0,3,423
01/17/2007,ONT,CA,AWP,WE,Towers with Radar,263,67,22,0,352,0,5,14,0,19,263,72,36,0,371,0,0,0,371
01/18/2007,ONT,CA,AWP,WE,Towers with Radar,269,81,24,0,374,0,2,20,0,22,269,83,44,0,396,0,0,0,396
01/19/2007,ONT,CA,AWP,WE,Towers with Radar,249,70,15,0,334,0,9,17,0,26,249,79,32,0,360,6,0,6,366
01/20/2007,ONT,CA,AWP,WE,Towers with Radar,222,34,25,1,282,0,6,20,1,27,222,40,45,2,309,0,0,0,309
01/21/2007,ONT,CA,AWP,WE,Towers with Radar,228,21,24,0,273,0,1,37,0,38,228,22,61,0,311,0,0,0,311
01/22/2007,ONT,CA,AWP,WE,Towers with Radar,244,63,29,0,336,0,1,12,0,13,244,64,41,0,349,0,0,0,349
01/23/2007,ONT,CA,AWP,WE,Towers with Radar,274,86,29,0,389,0,11,38,0,49,274,97,67,0,438,0,0,0,438
01/24/2007,ONT,CA,AWP,WE,Towers with Radar,272,100,31,0,403,0,3,38,0,41,272,103,69,0,444,0,0,0,444
01/25/2007,ONT,CA,AWP,WE,Towers with Radar,261,72,27,0,360,0,6,32,0,38,261,78,59,0,398,12,0,12,410
01/26/2007,ONT,CA,AWP,WE,Towers with Radar,254,77,30,2,363,0,9,36,0,45,254,86,66,2,408,27,0,27,435
01/27/2007,ONT,CA,AWP,WE,Towers with Radar,214,38,18,0,270,0,1,15,0,16,214,39,33,0,286,0,0,0,286
01/28/2007,ONT,CA,AWP,WE,Towers with Radar,199,15,25,0,239,0,0,73,0,73,199,15,98,0,312,2,0,2,314
01/29/2007,ONT,CA,AWP,WE,Towers with Radar,255,63,27,0,345,0,1,21,0,22,255,64,48,0,367,6,0,6,373
01/30/2007,ONT,CA,AWP,WE,Towers with Radar,276,91,33,0,400,0,3,9,0,12,276,94,42,0,412,0,0,0,412
01/31/2007,ONT,CA,AWP,WE,Towers with Radar,252,101,33,0,386,0,0,13,0,13,252,101,46,0,399,0,0,0,399
02/01/2007,ONT,CA,AWP,WE,Towers with Radar,263,90,38,0,391,0,0,0,0,0,263,90,38,0,391,10,0,10,401
02/02/2007,ONT,CA,AWP,WE,Towers with Radar,257,68,15,0,340,0,9,32,0,41,257,77,47,0,381,0,0,0,381
02/03/2007,ONT,CA,AWP,WE,Towers with Radar,226,54,42,0,322,0,13,53,0,66,226,67,95,0,388,18,0,18,406
02/04/2007,ONT,CA,AWP,WE,Towers with Radar,227,29,13,0,269,0,8,79,0,87,227,37,92,0,356,6,0,6,362
02/05/2007,ONT,CA,AWP,WE,Towers with Radar,253,57,28,0,338,0,0,113,0,113,253,57,141,0,451,2,0,2,453
02/06/2007,ONT,CA,AWP,WE,Towers with Radar,298,84,33,0,415,0,7,25,0,32,298,91,58,0,447,0,0,0,447
02/07/2007,ONT,CA,AWP,WE,Towers with Radar,299,89,20,0,408,0,0,26,0,26,299,89,46,0,434,0,0,0,434
02/08/2007,ONT,CA,AWP,WE,Towers with Radar,260,95,33,0,388,0,0,20,0,20,260,95,53,0,408,8,0,8,416
02/09/2007,ONT,CA,AWP,WE,Towers with Radar,252,67,44,0,363,0,5,23,0,28,252,72,67,0,391,4,0,4,395
02/10/2007,ONT,CA,AWP,WE,Towers with Radar,215,43,27,0,285,0,3,14,0,17,215,46,41,0,302,0,19,19,321
02/11/2007,ONT,CA,AWP,WE,Towers with Radar,220,27,21,0,268,0,0,9,0,9,220,27,30,0,277,0,0,0,277
02/12/2007,ONT,CA,AWP,WE,Towers with Radar,242,53,33,3,331,0,1,10,0,11,242,54,43,3,342,29,0,29,371
02/13/2007,ONT,CA,AWP,WE,Towers with Radar,297,86,36,0,419,0,5,21,0,26,297,91,57,0,445,5,0,5,450
02/14/2007,ONT,CA,AWP,WE,Towers with Radar,272,80,23,0,375,0,12,32,0,44,272,92,55,0,419,0,0,0,419
02/15/2007,ONT,CA,AWP,WE,Towers with Radar,250,91,35,0,376,0,5,35,0,40,250,96,70,0,416,14,0,14,430
02/16/2007,ONT,CA,AWP,WE,Towers with Radar,265,62,22,0,349,0,4,24,0,28,265,66,46,0,377,24,0,24,401
02/17/2007,ONT,CA,AWP,WE,Towers with Radar,220,31,19,0,270,0,2,34,0,36,220,33,53,0,306,0,0,0,306
02/18/2007,ONT,CA,AWP,WE,Towers with Radar,213,24,26,0,263,0,0,106,0,106,213,24,132,0,369,3,0,3,372
02/19/2007,ONT,CA,AWP,WE,Towers with Radar,256,55,37,0,348,0,1,3,0,4,256,56,40,0,352,0,0,0,352
02/20/2007,ONT,CA,AWP,WE,Towers with Radar,291,80,49,0,420,0,0,0,0,0,291,80,49,0,420,16,0,16,436
02/21/2007,ONT,CA,AWP,WE,Towers with Radar,262,73,33,0,368,0,3,20,0,23,262,76,53,0,391,0,0,0,391
02/22/2007,ONT,CA,AWP,WE,Towers with Radar,272,97,52,0,421,0,0,1,0,1,272,97,53,0,422,12,0,12,434
02/23/2007,ONT,CA,AWP,WE,Towers with Radar,250,83,30,0,363,0,7,26,0,33,250,90,56,0,396,0,0,0,396
02/24/2007,ONT,CA,AWP,WE,Towers with Radar,216,41,32,4,293,0,5,50,0,55,216,46,82,4,348,6,0,6,354
02/25/2007,ONT,CA,AWP,WE,Towers with Radar,217,29,72,0,318,0,0,163,0,163,217,29,235,0,481,30,0,30,511
02/26/2007,ONT,CA,AWP,WE,Towers with Radar,235,57,45,1,338,0,2,7,0,9,235,59,52,1,347,0,0,0,347
02/27/2007,ONT,CA,AWP,WE,Towers with Radar,263,85,29,0,377,0,1,3,0,4,263,86,32,0,381,0,0,0,381
02/28/2007,ONT,CA,AWP,WE,Towers with Radar,269,73,27,0,369,0,5,20,0,25,269,78,47,0,394,2,0,2,396
03/01/2007,ONT,CA,AWP,WE,Towers with Radar,274,77,22,0,373,0,7,28,0,35,274,84,50,0,408,16,0,16,424
03/02/2007,ONT,CA,AWP,WE,Towers with Radar,244,54,24,0,322,0,15,20,0,35,244,69,44,0,357,0,0,0,357
03/03/2007,ONT,CA,AWP,WE,Towers with Radar,215,41,15,0,271,0,6,9,0,15,215,47,24,0,286,0,0,0,286
03/04/2007,ONT,CA,AWP,WE,Towers with Radar,226,27,14,0,267,0,0,69,0,69,226,27,83,0,336,0,0,0,336
03/05/2007,ONT,CA,AWP,WE,Towers with Radar,265,52,15,0,332,0,7,28,0,35,265,59,43,0,367,0,0,0,367
03/06/2007,ONT,CA,AWP,WE,Towers with Radar,269,82,21,0,372,0,5,41,0,46,269,87,62,0,418,8,0,8,426
03/07/2007,ONT,CA,AWP,WE,Towers with Radar,259,81,21,2,363,0,8,23,0,31,259,89,44,2,394,0,0,0,394
03/08/2007,ONT,CA,AWP,WE,Towers with Radar,259,82,27,0,368,0,6,22,0,28,259,88,49,0,396,0,0,0,396
03/09/2007,ONT,CA,AWP,WE,Towers with Radar,241,73,29,0,343,0,4,29,0,33,241,77,58,0,376,6,0,6,382
03/10/2007,ONT,CA,AWP,WE,Towers with Radar,193,33,18,0,244,0,4,21,0,25,193,37,39,0,269,6,0,6,275
03/11/2007,ONT,CA,AWP,WE,Towers with Radar,205,26,20,0,251,0,0,61,0,61,205,26,81,0,312,0,0,0,312
03/12/2007,ONT,CA,AWP,WE,Towers with Radar,234,54,29,0,317,0,3,28,0,31,234,57,57,0,348,12,0,12,360
03/13/2007,ONT,CA,AWP,WE,Towers with Radar,250,79,31,0,360,0,7,27,0,34,250,86,58,0,394,0,0,0,394
03/14/2007,ONT,CA,AWP,WE,Towers with Radar,265,83,36,2,386,0,1,29,0,30,265,84,65,2,416,0,0,0,416
03/15/2007,ONT,CA,AWP,WE,Towers with Radar,271,74,30,0,375,0,4,27,0,31,271,78,57,0,406,4,0,4,410
03/16/2007,ONT,CA,AWP,WE,Towers with Radar,247,67,30,1,345,0,3,19,0,22,247,70,49,1,367,40,0,40,407
03/17/2007,ONT,CA,AWP,WE,Towers with Radar,217,42,20,0,279,0,0,20,0,20,217,42,40,0,299,0,0,0,299
03/18/2007,ONT,CA,AWP,WE,Towers with Radar,217,24,42,0,283,0,0,45,0,45,217,24,87,0,328,0,0,0,328
03/19/2007,ONT,CA,AWP,WE,Towers with Radar,229,65,51,0,345,0,0,10,0,10,229,65,61,0,355,6,0,6,361
03/20/2007,ONT,CA,AWP,WE,Towers with Radar,267,82,51,2,402,0,0,6,0,6,267,82,57,2,408,0,0,0,408
03/21/2007,ONT,CA,AWP,WE,Towers with Radar,276,80,39,2,397,0,0,9,0,9,276,80,48,2,406,0,0,0,406
03/22/2007,ONT,CA,AWP,WE,Towers with Radar,272,76,18,1,367,0,3,20,0,23,272,79,38,1,390,10,0,10,400
03/23/2007,ONT,CA,AWP,WE,Towers with Radar,260,73,26,0,359,0,16,23,0,39,260,89,49,0,398,41,0,41,439
03/24/2007,ONT,CA,AWP,WE,Towers with Radar,210,38,11,0,259,0,7,11,0,18,210,45,22,0,277,16,0,16,293
03/25/2007,ONT,CA,AWP,WE,Towers with Radar,213,17,16,0,246,0,0,59,0,59,213,17,75,0,305,0,0,0,305
03/26/2007,ONT,CA,AWP,WE,Towers with Radar,234,58,36,2,330,0,0,5,0,5,234,58,41,2,335,0,0,0,335
03/27/2007,ONT,CA,AWP,WE,Towers with Radar,259,74,24,1,358,0,0,11,0,11,259,74,35,1,369,0,0,0,369
03/28/2007,ONT,CA,AWP,WE,Towers with Radar,266,80,26,0,372,2,13,21,0,36,268,93,47,0,408,2,0,2,410
03/29/2007,ONT,CA,AWP,WE,Towers with Radar,264,70,27,0,361,0,2,23,0,25,264,72,50,0,386,2,0,2,388
03/30/2007,ONT,CA,AWP,WE,Towers with Radar,260,58,21,0,339,0,9,21,0,30,260,67,42,0,369,14,0,14,383
03/31/2007,ONT,CA,AWP,WE,Towers with Radar,198,39,16,0,253,0,3,8,0,11,198,42,24,0,264,0,0,0,264
04/01/2007,ONT,CA,AWP,WE,Towers with Radar,203,35,29,0,267,0,5,66,0,71,203,40,95,0,338,0,0,0,338
04/02/2007,ONT,CA,AWP,WE,Towers with Radar,263,69,15,2,349,0,40,19,0,59,263,109,34,2,408,0,0,0,408
04/03/2007,ONT,CA,AWP,WE,Towers with Radar,260,105,23,0,388,0,4,17,1,22,260,109,40,1,410,20,0,20,430
04/04/2007,ONT,CA,AWP,WE,Towers with Radar,278,84,34,0,396,0,4,25,0,29,278,88,59,0,425,22,0,22,447
04/05/2007,ONT,CA,AWP,WE,Towers with Radar,277,89,26,0,392,0,6,19,0,25,277,95,45,0,417,0,0,0,417
04/06/2007,ONT,CA,AWP,WE,Towers with Radar,264,101,21,0,386,0,0,4,0,4,264,101,25,0,390,0,0,0,390
04/07/2007,ONT,CA,AWP,WE,Towers with Radar,234,61,39,0,334,0,0,0,0,0,234,61,39,0,334,0,0,0,334
04/08/2007,ONT,CA,AWP,WE,Towers with Radar,242,50,15,0,307,0,6,56,0,62,242,56,71,0,369,0,0,0,369
04/09/2007,ONT,CA,AWP,WE,Towers with Radar,248,93,18,0,359,0,0,9,0,9,248,93,27,0,368,0,0,0,368
04/10/2007,ONT,CA,AWP,WE,Towers with Radar,271,95,42,0,408,0,4,18,0,22,271,99,60,0,430,0,0,0,430
04/11/2007,ONT,CA,AWP,WE,Towers with Radar,311,86,29,0,426,0,7,20,0,27,311,93,49,0,453,0,0,0,453
04/12/2007,ONT,CA,AWP,WE,Towers with Radar,274,106,32,0,412,0,1,62,0,63,274,107,94,0,475,0,0,0,475
04/13/2007,ONT,CA,AWP,WE,Towers with Radar,252,93,18,0,363,0,6,21,0,27,252,99,39,0,390,10,0,10,400
04/14/2007,ONT,CA,AWP,WE,Towers with Radar,218,58,16,0,292,0,5,14,0,19,218,63,30,0,311,0,0,0,311
04/15/2007,ONT,CA,AWP,WE,Towers with Radar,244,33,32,0,309,0,0,64,0,64,244,33,96,0,373,0,0,0,373
04/16/2007,ONT,CA,AWP,WE,Towers with Radar,267,73,28,0,368,0,0,21,1,22,267,73,49,1,390,5,0,5,395
04/17/2007,ONT,CA,AWP,WE,Towers with Radar,273,106,29,0,408,0,3,30,0,33,273,109,59,0,441,4,0,4,445
04/18/2007,ONT,CA,AWP,WE,Towers with Radar,290,114,23,0,427,0,6,6,0,12,290,120,29,0,439,0,0,0,439
04/19/2007,ONT,CA,AWP,WE,Towers with Radar,267,105,23,0,395,0,6,25,0,31,267,111,48,0,426,2,0,2,428
04/20/2007,ONT,CA,AWP,WE,Towers with Radar,260,97,37,0,394,0,0,2,0,2,260,97,39,0,396,0,0,0,396
04/21/2007,ONT,CA,AWP,WE,Towers with Radar,210,59,24,0,293,0,0,8,0,8,210,59,32,0,301,6,0,6,307
04/22/2007,ONT,CA,AWP,WE,Towers with Radar,217,54,19,0,290,0,0,10,0,10,217,54,29,0,300,12,0,12,312
04/23/2007,ONT,CA,AWP,WE,Towers with Radar,256,72,27,0,355,0,0,24,0,24,256,72,51,0,379,4,0,4,383
04/24/2007,ONT,CA,AWP,WE,Towers with Radar,274,88,17,0,379,0,16,30,0,46,274,104,47,0,425,4,0,4,429
04/25/2007,ONT,CA,AWP,WE,Towers with Radar,269,102,19,0,390,0,15,20,0,35,269,117,39,0,425,0,0,0,425
04/26/2007,ONT,CA,AWP,WE,Towers with Radar,271,107,19,0,397,0,5,33,1,39,271,112,52,1,436,62,0,62,498
04/27/2007,ONT,CA,AWP,WE,Towers with Radar,255,94,18,0,367,0,9,19,0,28,255,103,37,0,395,20,0,20,415
04/28/2007,ONT,CA,AWP,WE,Towers with Radar,195,66,20,0,281,0,4,16,0,20,195,70,36,0,301,16,0,16,317
04/29/2007,ONT,CA,AWP,WE,Towers with Radar,244,58,21,0,323,0,0,77,0,77,244,58,98,0,400,0,0,0,400
04/30/2007,ONT,CA,AWP,WE,Towers with Radar,258,89,15,0,362,0,2,12,0,14,258,91,27,0,376,22,0,22,398
05/01/2007,ONT,CA,AWP,WE,Towers with Radar,272,123,17,0,412,0,5,11,0,16,272,128,28,0,428,0,0,0,428
05/02/2007,ONT,CA,AWP,WE,Towers with Radar,270,121,13,0,404,0,0,19,0,19,270,121,32,0,423,0,0,0,423
05/03/2007,ONT,CA,AWP,WE,Towers with Radar,277,102,22,0,401,0,5,18,0,23,277,107,40,0,424,10,0,10,434
05/04/2007,ONT,CA,AWP,WE,Towers with Radar,288,80,16,0,384,0,8,14,0,22,288,88,30,0,406,20,0,20,426
05/05/2007,ONT,CA,AWP,WE,Towers with Radar,210,96,17,0,323,0,5,2,0,7,210,101,19,0,330,0,0,0,330
05/06/2007,ONT,CA,AWP,WE,Towers with Radar,228,74,18,0,320,0,2,55,0,57,228,76,73,0,377,30,0,30,407
05/07/2007,ONT,CA,AWP,WE,Towers with Radar,244,92,34,0,370,0,4,20,0,24,244,96,54,0,394,8,0,8,402
05/08/2007,ONT,CA,AWP,WE,Towers with Radar,262,121,11,0,394,0,9,27,0,36,262,130,38,0,430,0,0,0,430
05/09/2007,ONT,CA,AWP,WE,Towers with Radar,269,122,34,0,425,0,7,24,0,31,269,129,58,0,456,0,0,0,456
05/10/2007,ONT,CA,AWP,WE,Towers with Radar,270,122,26,0,418,0,0,0,0,0,270,122,26,0,418,0,0,0,418
05/11/2007,ONT,CA,AWP,WE,Towers with Radar,267,96,24,0,387,0,15,16,0,31,267,111,40,0,418,0,0,0,418
05/12/2007,ONT,CA,AWP,WE,Towers with Radar,237,73,16,0,326,0,2,18,0,20,237,75,34,0,346,23,0,23,369
05/13/2007,ONT,CA,AWP,WE,Towers with Radar,223,55,17,0,295,0,1,6,0,7,223,56,23,0,302,10,0,10,312
05/14/2007,ONT,CA,AWP,WE,Towers with Radar,254,110,28,0,392,0,3,23,0,26,254,113,51,0,418,30,0,30,448
05/15/2007,ONT,CA,AWP,WE,Towers with Radar,271,135,25,0,431,0,11,26,1,38,271,146,51,1,469,0,0,0,469
05/16/2007,ONT,CA,AWP,WE,Towers with Radar,263,159,28,0,450,0,1,15,0,16,263,160,43,0,466,8,0,8,474
05/17/2007,ONT,CA,AWP,WE,Towers with Radar,267,152,24,2,445,0,1,14,1,16,267,153,38,3,461,0,0,0,461
05/18/2007,ONT,CA,AWP,WE,Towers with Radar,271,113,38,1,423,0,0,9,0,9,271,113,47,1,432,14,0,14,446
05/19/2007,ONT,CA,AWP,WE,Towers with Radar,224,76,8,0,308,0,2,7,0,9,224,78,15,0,317,9,0,9,326
05/20/2007,ONT,CA,AWP,WE,Towers with Radar,241,64,34,0,339,0,0,69,0,69,241,64,103,0,408,0,0,0,408
05/21/2007,ONT,CA,AWP,WE,Towers with Radar,279,105,42,0,426,0,0,4,0,4,279,105,46,0,430,0,0,0,430
05/22/2007,ONT,CA,AWP,WE,Towers with Radar,264,128,36,1,429,0,3,12,0,15,264,131,48,1,444,4,0,4,448
05/23/2007,ONT,CA,AWP,WE,Towers with Radar,288,117,30,0,435,0,0,15,0,15,288,117,45,0,450,0,0,0,450
05/24/2007,ONT,CA,AWP,WE,Towers with Radar,264,131,20,0,415,0,6,23,0,29,264,137,43,0,444,16,0,16,460
05/25/2007,ONT,CA,AWP,WE,Towers with Radar,246,120,23,0,389,0,6,23,0,29,246,126,46,0,418,34,0,34,452
05/26/2007,ONT,CA,AWP,WE,Towers with Radar,223,103,18,0,344,0,0,18,0,18,223,103,36,0,362,20,0,20,382
05/27/2007,ONT,CA,AWP,WE,Towers with Radar,190,63,17,0,270,0,0,53,0,53,190,63,70,0,323,52,0,52,375
05/28/2007,ONT,CA,AWP,WE,Towers with Radar,217,72,22,0,311,0,0,12,0,12,217,72,34,0,323,0,0,0,323
05/29/2007,ONT,CA,AWP,WE,Towers with Radar,242,130,19,2,393,0,5,9,0,14,242,135,28,2,407,0,0,0,407
05/30/2007,ONT,CA,AWP,WE,Towers with Radar,268,134,23,0,425,0,9,13,0,22,268,143,36,0,447,16,0,16,463
05/31/2007,ONT,CA,AWP,WE,Towers with Radar,261,140,27,0,428,0,5,8,0,13,261,145,35,0,441,0,0,0,441
06/01/2007,ONT,CA,AWP,WE,Towers with Radar,241,129,25,0,395,0,3,15,0,18,241,132,40,0,413,0,0,0,413
06/02/2007,ONT,CA,AWP,WE,Towers with Radar,223,85,10,0,318,0,6,22,0,28,223,91,32,0,346,6,0,6,352
06/03/2007,ONT,CA,AWP,WE,Towers with Radar,257,41,6,0,304,0,0,56,0,56,257,41,62,0,360,22,0,22,382
06/04/2007,ONT,CA,AWP,WE,Towers with Radar,247,100,43,0,390,0,1,15,0,16,247,101,58,0,406,0,0,0,406
06/05/2007,ONT,CA,AWP,WE,Towers with Radar,262,148,35,0,445,0,0,2,0,2,262,148,37,0,447,0,0,0,447
06/06/2007,ONT,CA,AWP,WE,Towers with Radar,257,135,46,0,438,0,5,19,0,24,257,140,65,0,462,36,0,36,498
06/07/2007,ONT,CA,AWP,WE,Towers with Radar,257,147,40,0,444,0,7,34,0,41,257,154,74,0,485,8,0,8,493
06/08/2007,ONT,CA,AWP,WE,Towers with Radar,239,117,20,0,376,0,12,34,0,46,239,129,54,0,422,8,0,8,430
06/09/2007,ONT,CA,AWP,WE,Towers with Radar,243,84,24,0,351,0,0,21,0,21,243,84,45,0,372,19,0,19,391
06/10/2007,ONT,CA,AWP,WE,Towers with Radar,225,95,20,0,340,0,8,83,0,91,225,103,103,0,431,9,0,9,440
06/11/2007,ONT,CA,AWP,WE,Towers with Radar,265,132,26,0,423,0,6,38,0,44,265,138,64,0,467,30,0,30,497
06/12/2007,ONT,CA,AWP,WE,Towers with Radar,251,140,25,0,416,0,5,37,0,42,251,145,62,0,458,8,0,8,466
06/13/2007,ONT,CA,AWP,WE,Towers with Radar,273,136,25,0,434,0,3,38,0,41,273,139,63,0,475,20,0,20,495
06/14/2007,ONT,CA,AWP,WE,Towers with Radar,266,128,30,0,424,0,7,99,1,107,266,135,129,1,531,0,0,0,531
06/15/2007,ONT,CA,AWP,WE,Towers with Radar,253,144,16,0,413,0,13,21,0,34,253,157,37,0,447,2,0,2,449
06/16/2007,ONT,CA,AWP,WE,Towers with Radar,193,99,59,0,351,0,6,14,0,20,193,105,73,0,371,14,0,14,385
06/17/2007,ONT,CA,AWP,WE,Towers with Radar,248,69,22,0,339,0,0,78,0,78,248,69,100,0,417,24,0,24,441
06/18/2007,ONT,CA,AWP,WE,Towers with Radar,264,106,33,0,403,0,9,18,0,27,264,115,51,0,430,14,0,14,444
06/19/2007,ONT,CA,AWP,WE,Towers with Radar,262,139,25,0,426,0,6,34,0,40,262,145,59,0,466,0,0,0,466
06/20/2007,ONT,CA,AWP,WE,Towers with Radar,264,133,21,0,418,0,10,26,0,36,264,143,47,0,454,40,0,40,494
06/21/2007,ONT,CA,AWP,WE,Towers with Radar,261,146,28,0,435,0,5,91,0,96,261,151,119,0,531,6,0,6,537
06/22/2007,ONT,CA,AWP,WE,Towers with Radar,236,128,23,0,387,0,4,19,3,26,236,132,42,3,413,4,0,4,417
06/23/2007,ONT,CA,AWP,WE,Towers with Radar,213,74,21,0,308,0,2,19,0,21,213,76,40,0,329,2,0,2,331
06/24/2007,ONT,CA,AWP,WE,Towers with Radar,206,78,21,0,305,0,0,81,0,81,206,78,102,0,386,2,0,2,388
06/25/2007,ONT,CA,AWP,WE,Towers with Radar,236,107,23,0,366,0,3,21,0,24,236,110,44,0,390,0,28,28,418
06/26/2007,ONT,CA,AWP,WE,Towers with Radar,262,133,26,0,421,0,5,46,0,51,262,138,72,0,472,40,0,40,512
06/27/2007,ONT,CA,AWP,WE,Towers with Radar,252,151,15,0,418,0,17,22,0,39,252,168,37,0,457,20,0,20,477
06/28/2007,ONT,CA,AWP,WE,Towers with Radar,258,133,26,0,417,0,12,38,0,50,258,145,64,0,467,8,0,8,475
06/29/2007,ONT,CA,AWP,WE,Towers with Radar,243,131,26,3,403,0,3,34,0,37,243,134,60,3,440,6,0,6,446
06/30/2007,ONT,CA,AWP,WE,Towers with Radar,220,105,9,0,334,0,14,25,0,39,220,119,34,0,373,16,0,16,389
07/01/2007,ONT,CA,AWP,WE,Towers with Radar,210,80,11,0,301,0,0,82,0,82,210,80,93,0,383,2,0,2,385
07/02/2007,ONT,CA,AWP,WE,Towers with Radar,241,120,15,0,376,0,17,19,0,36,241,137,34,0,412,4,0,4,416
07/03/2007,ONT,CA,AWP,WE,Towers with Radar,254,126,20,1,401,0,11,35,0,46,254,137,55,1,447,4,0,4,451
07/04/2007,ONT,CA,AWP,WE,Towers with Radar,155,82,8,0,245,0,0,12,0,12,155,82,20,0,257,0,0,0,257
07/05/2007,ONT,CA,AWP,WE,Towers with Radar,237,136,32,0,405,0,8,64,0,72,237,144,96,0,477,0,0,0,477
07/06/2007,ONT,CA,AWP,WE,Towers with Radar,253,112,13,0,378,0,8,19,0,27,253,120,32,0,405,24,0,24,429
07/07/2007,ONT,CA,AWP,WE,Towers with Radar,189,98,22,0,309,0,0,18,0,18,189,98,40,0,327,0,0,0,327
07/08/2007,ONT,CA,AWP,WE,Towers with Radar,230,95,19,0,344,0,0,103,0,103,230,95,122,0,447,0,0,0,447
07/09/2007,ONT,CA,AWP,WE,Towers with Radar,227,132,22,0,381,0,2,27,0,29,227,134,49,0,410,13,0,13,423
07/10/2007,ONT,CA,AWP,WE,Towers with Radar,259,151,23,0,433,0,3,26,0,29,259,154,49,0,462,0,0,0,462
07/11/2007,ONT,CA,AWP,WE,Towers with Radar,253,139,28,0,420,0,5,28,0,33,253,144,56,0,453,4,0,4,457
07/12/2007,ONT,CA,AWP,WE,Towers with Radar,267,128,27,0,422,0,1,44,0,45,267,129,71,0,467,18,0,18,485
07/13/2007,ONT,CA,AWP,WE,Towers with Radar,248,124,19,0,391,0,9,25,0,34,248,133,44,0,425,2,0,2,427
07/14/2007,ONT,CA,AWP,WE,Towers with Radar,211,94,10,0,315,0,4,22,0,26,211,98,32,0,341,8,0,8,349
07/15/2007,ONT,CA,AWP,WE,Towers with Radar,206,78,16,0,300,0,0,70,0,70,206,78,86,0,370,4,0,4,374
07/16/2007,ONT,CA,AWP,WE,Towers with Radar,230,108,19,0,357,0,6,19,0,25,230,114,38,0,382,6,0,6,388
07/17/2007,ONT,CA,AWP,WE,Towers with Radar,268,145,44,0,457,0,0,12,2,14,268,145,56,2,471,32,0,32,503
07/18/2007,ONT,CA,AWP,WE,Towers with Radar,258,139,38,0,435,0,0,0,0,0,258,139,38,0,435,16,0,16,451
07/19/2007,ONT,CA,AWP,WE,Towers with Radar,249,138,30,0,417,0,4,100,0,104,249,142,130,0,521,0,0,0,521
07/20/2007,ONT,CA,AWP,WE,Towers with Radar,238,137,23,0,398,0,4,23,0,27,238,141,46,0,425,0,0,0,425
07/21/2007,ONT,CA,AWP,WE,Towers with Radar,206,86,25,0,317,0,0,13,0,13,206,86,38,0,330,0,0,0,330
07/22/2007,ONT,CA,AWP,WE,Towers with Radar,215,70,23,0,308,0,0,78,0,78,215,70,101,0,386,0,0,0,386
07/23/2007,ONT,CA,AWP,WE,Towers with Radar,231,109,20,0,360,0,0,13,0,13,231,109,33,0,373,10,0,10,383
07/24/2007,ONT,CA,AWP,WE,Towers with Radar,273,139,19,0,431,0,1,19,0,20,273,140,38,0,451,0,0,0,451
07/25/2007,ONT,CA,AWP,WE,Towers with Radar,257,145,33,0,435,0,4,23,0,27,257,149,56,0,462,12,0,12,474
07/26/2007,ONT,CA,AWP,WE,Towers with Radar,259,129,21,0,409,0,3,93,0,96,259,132,114,0,505,0,0,0,505
07/27/2007,ONT,CA,AWP,WE,Towers with Radar,245,117,28,0,390,0,11,26,0,37,245,128,54,0,427,8,0,8,435
07/28/2007,ONT,CA,AWP,WE,Towers with Radar,193,84,17,0,294,0,1,15,0,16,193,85,32,0,310,0,0,0,310
07/29/2007,ONT,CA,AWP,WE,Towers with Radar,199,83,18,0,300,0,0,20,0,20,199,83,38,0,320,0,0,0,320
07/30/2007,ONT,CA,AWP,WE,Towers with Radar,226,115,17,0,358,0,9,20,0,29,226,124,37,0,387,0,0,0,387
07/31/2007,ONT,CA,AWP,WE,Towers with Radar,271,149,30,0,450,0,3,20,0,23,271,152,50,0,473,2,0,2,475
08/01/2007,ONT,CA,AWP,WE,Towers with Radar,259,132,25,0,416,0,3,14,0,17,259,135,39,0,433,0,0,0,433
08/02/2007,ONT,CA,AWP,WE,Towers with Radar,248,139,25,0,412,0,4,19,0,23,248,143,44,0,435,16,0,16,451
08/03/2007,ONT,CA,AWP,WE,Towers with Radar,243,129,16,0,388,0,7,20,0,27,243,136,36,0,415,0,0,0,415
08/04/2007,ONT,CA,AWP,WE,Towers with Radar,199,79,11,0,289,0,2,10,0,12,199,81,21,0,301,0,0,0,301
08/05/2007,ONT,CA,AWP,WE,Towers with Radar,204,76,19,0,299,0,0,62,0,62,204,76,81,0,361,6,0,6,367
08/06/2007,ONT,CA,AWP,WE,Towers with Radar,230,112,23,0,365,0,11,13,0,24,230,123,36,0,389,28,0,28,417
08/07/2007,ONT,CA,AWP,WE,Towers with Radar,253,152,23,2,430,0,4,20,1,25,253,156,43,3,455,13,0,13,468
08/08/2007,ONT,CA,AWP,WE,Towers with Radar,256,154,27,0,437,0,22,27,1,50,256,176,54,1,487,6,0,6,493
08/09/2007,ONT,CA,AWP,WE,Towers with Radar,253,143,29,1,426,0,5,43,0,48,253,148,72,1,474,11,0,11,485
08/10/2007,ONT,CA,AWP,WE,Towers with Radar,245,140,29,0,414,0,1,20,0,21,245,141,49,0,435,0,0,0,435
08/11/2007,ONT,CA,AWP,WE,Towers with Radar,194,116,25,0,335,0,0,13,0,13,194,116,38,0,348,0,0,0,348
08/12/2007,ONT,CA,AWP,WE,Towers with Radar,204,87,31,0,322,0,0,21,0,21,204,87,52,0,343,0,0,0,343
08/13/2007,ONT,CA,AWP,WE,Towers with Radar,225,121,26,0,372,0,4,18,0,22,225,125,44,0,394,0,0,0,394
08/14/2007,ONT,CA,AWP,WE,Towers with Radar,262,153,25,0,440,0,7,32,0,39,262,160,57,0,479,2,0,2,481
08/15/2007,ONT,CA,AWP,WE,Towers with Radar,259,133,33,0,425,0,2,15,0,17,259,135,48,0,442,8,0,8,450
08/16/2007,ONT,CA,AWP,WE,Towers with Radar,250,140,24,0,414,0,4,28,0,32,250,144,52,0,446,4,0,4,450
08/17/2007,ONT,CA,AWP,WE,Towers with Radar,238,139,20,0,397,0,11,23,0,34,238,150,43,0,431,0,0,0,431
08/18/2007,ONT,CA,AWP,WE,Towers with Radar,208,94,9,0,311,0,9,11,0,20,208,103,20,0,331,4,0,4,335
08/19/2007,ONT,CA,AWP,WE,Towers with Radar,195,78,18,0,291,0,0,10,0,10,195,78,28,0,301,0,0,0,301
08/20/2007,ONT,CA,AWP,WE,Towers with Radar,227,113,15,0,355,0,6,21,0,27,227,119,36,0,382,0,0,0,382
08/21/2007,ONT,CA,AWP,WE,Towers with Radar,266,149,28,0,443,0,11,26,0,37,266,160,54,0,480,2,0,2,482
08/22/2007,ONT,CA,AWP,WE,Towers with Radar,255,146,37,2,440,0,8,13,0,21,255,154,50,2,461,14,0,14,475
08/23/2007,ONT,CA,AWP,WE,Towers with Radar,264,136,26,0,426,0,3,78,0,81,264,139,104,0,507,2,0,2,509
08/24/2007,ONT,CA,AWP,WE,Towers with Radar,246,130,23,0,399,0,0,0,0,0,246,130,23,0,399,22,0,22,421
08/25/2007,ONT,CA,AWP,WE,Towers with Radar,190,96,10,0,296,0,6,15,0,21,190,102,25,0,317,0,0,0,317
08/26/2007,ONT,CA,AWP,WE,Towers with Radar,206,74,31,0,311,0,1,18,0,19,206,75,49,0,330,7,0,7,337
08/27/2007,ONT,CA,AWP,WE,Towers with Radar,220,123,22,0,365,0,4,25,0,29,220,127,47,0,394,5,0,5,399
08/28/2007,ONT,CA,AWP,WE,Towers with Radar,264,140,16,0,420,0,7,22,0,29,264,147,38,0,449,3,0,3,452
08/29/2007,ONT,CA,AWP,WE,Towers with Radar,260,144,27,0,431,0,9,24,0,33,260,153,51,0,464,0,0,0,464
08/30/2007,ONT,CA,AWP,WE,Towers with Radar,262,147,50,0,459,0,10,90,0,100,262,157,140,0,559,0,0,0,559
08/31/2007,ONT,CA,AWP,WE,Towers with Radar,235,146,38,0,419,0,0,0,0,0,235,146,38,0,419,4,0,4,423
09/01/2007,ONT,CA,AWP,WE,Towers with Radar,193,108,21,4,326,0,7,18,0,25,193,115,39,4,351,0,0,0,351
09/02/2007,ONT,CA,AWP,WE,Towers with Radar,170,79,49,0,298,0,0,209,0,209,170,79,258,0,507,0,0,0,507
09/03/2007,ONT,CA,AWP,WE,Towers with Radar,192,113,32,0,337,0,0,12,0,12,192,113,44,0,349,4,0,4,353
09/04/2007,ONT,CA,AWP,WE,Towers with Radar,227,144,34,0,405,0,7,24,0,31,227,151,58,0,436,0,0,0,436
09/05/2007,ONT,CA,AWP,WE,Towers with Radar,251,151,20,0,422,0,12,28,0,40,251,163,48,0,462,2,0,2,464
09/06/2007,ONT,CA,AWP,WE,Towers with Radar,246,147,30,0,423,0,1,15,0,16,246,148,45,0,439,0,0,0,439
09/07/2007,ONT,CA,AWP,WE,Towers with Radar,247,118,17,0,382,0,0,0,0,0,247,118,17,0,382,0,0,0,382
09/08/2007,ONT,CA,AWP,WE,Towers with Radar,201,97,17,0,315,0,3,30,0,33,201,100,47,0,348,0,0,0,348
09/09/2007,ONT,CA,AWP,WE,Towers with Radar,193,95,18,0,306,0,0,84,0,84,193,95,102,0,390,6,0,6,396
09/10/2007,ONT,CA,AWP,WE,Towers with Radar,223,130,15,0,368,0,12,30,0,42,223,142,45,0,410,21,0,21,431
09/11/2007,ONT,CA,AWP,WE,Towers with Radar,244,168,24,0,436,0,13,14,0,27,244,181,38,0,463,0,0,0,463
09/12/2007,ONT,CA,AWP,WE,Towers with Radar,245,143,31,0,419,0,4,31,0,35,245,147,62,0,454,0,0,0,454
09/13/2007,ONT,CA,AWP,WE,Towers with Radar,240,150,19,1,410,0,1,19,0,20,240,151,38,1,430,0,0,0,430
09/14/2007,ONT,CA,AWP,WE,Towers with Radar,227,143,21,0,391,0,5,23,0,28,227,148,44,0,419,0,0,0,419
09/15/2007,ONT,CA,AWP,WE,Towers with Radar,199,112,19,2,332,0,9,14,0,23,199,121,33,2,355,16,0,16,371
09/16/2007,ONT,CA,AWP,WE,Towers with Radar,227,103,25,0,355,3,4,87,0,94,230,107,112,0,449,6,0,6,455
09/17/2007,ONT,CA,AWP,WE,Towers with Radar,233,104,24,0,361,0,3,25,0,28,233,107,49,0,389,2,0,2,391
09/18/2007,ONT,CA,AWP,WE,Towers with Radar,243,152,24,1,420,0,4,15,0,19,243,156,39,1,439,8,0,8,447
09/19/2007,ONT,CA,AWP,WE,Towers with Radar,246,147,44,2,439,0,0,7,0,7,246,147,51,2,446,2,0,2,448
09/20/2007,ONT,CA,AWP,WE,Towers with Radar,238,143,28,0,409,0,0,6,0,6,238,143,34,0,415,0,0,0,415
09/21/2007,ONT,CA,AWP,WE,Towers with Radar,234,129,18,0,381,0,0,21,0,21,234,129,39,0,402,0,0,0,402
09/22/2007,ONT,CA,AWP,WE,Towers with Radar,184,108,32,0,324,0,1,2,0,3,184,109,34,0,327,0,0,0,327
09/23/2007,ONT,CA,AWP,WE,Towers with Radar,205,85,23,0,313,0,0,84,0,84,205,85,107,0,397,12,0,12,409
09/24/2007,ONT,CA,AWP,WE,Towers with Radar,229,115,21,0,365,0,3,19,0,22,229,118,40,0,387,0,0,0,387
09/25/2007,ONT,CA,AWP,WE,Towers with Radar,238,135,19,2,394,0,0,0,0,0,238,135,19,2,394,28,0,28,422
09/26/2007,ONT,CA,AWP,WE,Towers with Radar,259,131,25,0,415,0,12,23,0,35,259,143,48,0,450,2,0,2,452
09/27/2007,ONT,CA,AWP,WE,Towers with Radar,248,145,14,0,407,0,10,35,0,45,248,155,49,0,452,22,0,22,474
09/28/2007,ONT,CA,AWP,WE,Towers with Radar,244,127,37,0,408,0,0,16,0,16,244,127,53,0,424,3,0,3,427
09/29/2007,ONT,CA,AWP,WE,Towers with Radar,190,100,17,0,307,0,0,8,0,8,190,100,25,0,315,2,0,2,317
09/30/2007,ONT,CA,AWP,WE,Towers with Radar,214,79,27,0,320,0,0,7,0,7,214,79,34,0,327,16,0,16,343
10/01/2007,ONT,CA,AWP,WE,Towers with Radar,227,142,36,0,405,0,10,38,0,48,227,152,74,0,453,0,12,12,515
10/02/2007,ONT,CA,AWP,WE,Towers with Radar,248,155,32,0,435,0,9,31,0,40,248,164,63,0,475,4,0,4,557
10/03/2007,ONT,CA,AWP,WE,Towers with Radar,243,153,14,0,410,0,5,21,0,26,243,158,35,0,436,11,0,11,538
10/04/2007,ONT,CA,AWP,WE,Towers with Radar,245,130,29,0,404,0,0,0,0,0,245,130,29,0,404,37,0,37,519
10/05/2007,ONT,CA,AWP,WE,Towers with Radar,252,131,35,0,418,0,0,18,0,18,252,131,53,0,436,0,0,0,436
10/06/2007,ONT,CA,AWP,WE,Towers with Radar,187,92,14,0,293,0,4,10,0,14,187,96,24,0,307,6,0,6,371
10/07/2007,ONT,CA,AWP,WE,Towers with Radar,194,94,27,0,315,0,0,44,0,44,194,94,71,0,359,0,0,0,394
10/08/2007,ONT,CA,AWP,WE,Towers with Radar,218,128,15,0,361,0,0,0,0,0,218,128,15,0,361,0,0,0,413
10/09/2007,ONT,CA,AWP,WE,Towers with Radar,247,140,15,0,402,0,0,0,0,0,247,140,15,0,402,9,0,9,473
10/10/2007,ONT,CA,AWP,WE,Towers with Radar,266,137,26,0,429,0,8,31,0,39,266,145,57,0,468,14,0,14,552
10/11/2007,ONT,CA,AWP,WE,Towers with Radar,261,135,30,0,426,0,0,15,0,15,261,135,45,0,441,0,0,0,508
10/12/2007,ONT,CA,AWP,WE,Towers with Radar,240,134,25,0,399,0,3,12,0,15,240,137,37,0,414,0,0,0,475
10/13/2007,ONT,CA,AWP,WE,Towers with Radar,182,121,21,0,324,0,6,3,0,9,182,128,24,0,334,7,0,7,387
10/14/2007,ONT,CA,AWP,WE,Towers with Radar,205,83,23,0,311,0,0,64,0,64,205,83,87,0,375,3,0,3,435
10/15/2007,ONT,CA,AWP,WE,Towers with Radar,248,123,32,0,403,0,0,2,0,2,248,123,34,0,405,0,0,0,432
10/16/2007,ONT,CA,AWP,WE,Towers with Radar,259,145,33,0,437,0,0,6,0,6,259,145,39,0,443,0,0,0,482
10/17/2007,ONT,CA,AWP,WE,Towers with Radar,261,159,34,0,454,0,1,13,0,14,261,160,47,0,468,0,0,0,527
10/18/2007,ONT,CA,AWP,WE,Towers with Radar,260,133,31,2,426,0,7,23,0,30,260,140,54,2,456,0,0,0,540
10/19/2007,ONT,CA,AWP,WE,Towers with Radar,243,115,22,0,380,0,9,24,0,33,243,124,46,0,413,0,0,0,477
10/20/2007,ONT,CA,AWP,WE,Towers with Radar,193,100,18,0,311,0,5,16,0,21,193,105,34,0,332,7,0,7,406
10/21/2007,ONT,CA,AWP,WE,Towers with Radar,225,96,23,0,344,0,0,22,0,22,225,96,45,0,366,0,0,0,382
10/22/2007,ONT,CA,AWP,WE,Towers with Radar,221,127,14,0,362,0,5,5,0,10,221,133,19,0,373,0,0,0,391
10/23/2007,ONT,CA,AWP,WE,Towers with Radar,260,144,20,0,424,0,0,0,0,0,260,144,20,0,424,4,0,4,461
10/24/2007,ONT,CA,AWP,WE,Towers with Radar,266,151,29,0,446,0,4,24,0,28,266,156,53,0,475,8,0,8,528
10/25/2007,ONT,CA,AWP,WE,Towers with Radar,278,142,24,0,444,0,7,28,0,35,278,149,52,0,479,0,0,0,546
10/26/2007,ONT,CA,AWP,WE,Towers with Radar,250,141,27,0,418,0,0,9,0,9,250,142,36,0,428,0,0,0,474
10/27/2007,ONT,CA,AWP,WE,Towers with Radar,189,112,18,0,319,0,6,10,0,16,189,118,28,0,335,14,0,14,399
10/28/2007,ONT,CA,AWP,WE,Towers with Radar,209,77,28,0,314,0,0,12,0,12,209,77,40,0,326,0,0,0,388
10/29/2007,ONT,CA,AWP,WE,Towers with Radar,233,135,21,0,389,0,10,17,0,27,233,145,38,0,416,0,0,0,471
10/30/2007,ONT,CA,AWP,WE,Towers with Radar,254,158,46,3,461,0,0,0,0,0,254,158,46,3,461,10,0,10,549
10/31/2007,ONT,CA,AWP,WE,Towers with Radar,271,135,14,0,420,0,17,20,0,37,271,152,34,0,457,42,0,42,553
11/01/2007,ONT,CA,AWP,WE,Towers with Radar,258,145,29,0,432,0,0,24,0,24,258,145,53,0,456,0,0,0,539
11/02/2007,ONT,CA,AWP,WE,Towers with Radar,237,133,29,3,402,0,3,7,0,10,237,136,36,3,412,0,0,0,469
11/03/2007,ONT,CA,AWP,WE,Towers with Radar,188,96,16,2,302,0,7,6,0,13,188,103,22,2,315,0,0,0,378
11/04/2007,ONT,CA,AWP,WE,Towers with Radar,228,98,33,0,359,0,0,64,0,64,228,98,97,0,423,3,0,3,474
11/05/2007,ONT,CA,AWP,WE,Towers with Radar,221,128,28,4,381,0,0,2,0,2,221,128,30,4,383,0,0,0,408
11/06/2007,ONT,CA,AWP,WE,Towers with Radar,281,146,39,0,466,0,0,0,0,0,281,146,39,0,466,0,0,0,505
11/07/2007,ONT,CA,AWP,WE,Towers with Radar,263,134,27,0,424,0,0,15,0,15,263,134,42,0,439,2,0,2,480
11/08/2007,ONT,CA,AWP,WE,Towers with Radar,257,141,52,0,450,0,0,5,0,5,257,141,57,0,455,0,0,0,492
11/09/2007,ONT,CA,AWP,WE,Towers with Radar,238,136,41,4,419,0,0,3,0,3,238,137,44,4,423,10,0,10,472
11/10/2007,ONT,CA,AWP,WE,Towers with Radar,200,99,31,1,331,0,2,11,1,14,200,101,42,2,345,0,0,0,418
11/11/2007,ONT,CA,AWP,WE,Towers with Radar,222,89,37,0,348,0,0,50,0,50,222,89,87,0,398,0,0,0,439
11/12/2007,ONT,CA,AWP,WE,Towers with Radar,241,109,21,0,371,0,4,17,0,21,241,113,38,0,392,2,0,2,446
11/13/2007,ONT,CA,AWP,WE,Towers with Radar,274,143,24,0,441,0,8,25,0,33,274,151,49,0,474,7,0,7,548
11/14/2007,ONT,CA,AWP,WE,Towers with Radar,251,133,25,0,409,0,2,25,0,27,251,135,50,0,436,0,0,0,511
11/15/2007,ONT,CA,AWP,WE,Towers with Radar,255,123,19,0,397,0,7,38,0,45,255,131,57,0,443,0,0,0,521
11/16/2007,ONT,CA,AWP,WE,Towers with Radar,244,132,34,0,410,0,4,35,0,39,244,136,69,0,449,0,0,0,522
11/17/2007,ONT,CA,AWP,WE,Towers with Radar,197,79,19,0,295,0,0,26,0,26,197,79,45,0,321,0,0,0,359
11/18/2007,ONT,CA,AWP,WE,Towers with Radar,211,69,18,0,298,0,0,38,0,38,211,69,56,0,336,0,0,0,366
11/19/2007,ONT,CA,AWP,WE,Towers with Radar,234,131,24,0,389,0,0,19,0,19,234,131,43,0,408,0,0,0,460
11/20/2007,ONT,CA,AWP,WE,Towers with Radar,291,154,24,3,472,0,0,0,0,0,291,154,24,3,472,0,0,0,518
11/21/2007,ONT,CA,AWP,WE,Towers with Radar,264,148,24,0,436,0,2,17,0,19,264,150,41,0,455,0,0,0,505
11/22/2007,ONT,CA,AWP,WE,Towers with Radar,154,75,11,0,240,0,0,6,0,6,154,75,17,0,246,1,0,1,268
11/23/2007,ONT,CA,AWP,WE,Towers with Radar,183,122,15,0,320,0,0,6,0,6,183,122,21,0,326,0,0,0,364
11/24/2007,ONT,CA,AWP,WE,Towers with Radar,178,96,9,0,283,0,5,8,0,13,178,101,17,0,296,8,0,8,336
11/25/2007,ONT,CA,AWP,WE,Towers with Radar,211,74,33,0,318,0,0,79,0,79,211,74,112,0,397,6,0,6,470
11/26/2007,ONT,CA,AWP,WE,Towers with Radar,233,120,19,0,372,0,3,24,0,27,233,123,43,0,399,0,0,0,457
11/27/2007,ONT,CA,AWP,WE,Towers with Radar,260,138,21,0,419,0,3,28,0,31,260,141,49,0,450,0,0,0,516
11/28/2007,ONT,CA,AWP,WE,Towers with Radar,259,149,22,0,430,0,9,8,0,17,259,158,30,0,447,20,0,20,506
11/29/2007,ONT,CA,AWP,WE,Towers with Radar,281,140,25,2,448,0,0,0,0,0,281,140,25,2,448,2,0,2,510
11/30/2007,ONT,CA,AWP,WE,Towers with Radar,246,149,30,0,425,0,0,1,0,1,246,149,31,0,426,0,0,0,452
12/01/2007,ONT,CA,AWP,WE,Towers with Radar,201,91,20,0,312,0,0,6,0,6,201,91,26,0,318,6,0,6,360
12/02/2007,ONT,CA,AWP,WE,Towers with Radar,217,76,17,0,310,0,0,71,0,71,217,76,88,0,381,0,0,0,443
12/03/2007,ONT,CA,AWP,WE,Towers with Radar,232,119,20,0,371,0,0,26,0,26,232,119,46,0,397,22,0,22,497
12/04/2007,ONT,CA,AWP,WE,Towers with Radar,288,143,36,0,467,0,0,0,0,0,288,143,36,0,467,0,0,0,520
12/05/2007,ONT,CA,AWP,WE,Towers with Radar,290,125,23,0,438,0,3,21,0,24,290,129,44,0,463,30,0,30,551
12/06/2007,ONT,CA,AWP,WE,Towers with Radar,261,138,37,0,436,0,0,13,0,13,261,141,50,0,452,0,0,0,501
12/07/2007,ONT,CA,AWP,WE,Towers with Radar,248,150,19,0,417,0,0,0,0,0,248,150,19,0,417,0,0,0,417
12/08/2007,ONT,CA,AWP,WE,Towers with Radar,217,76,12,0,305,0,0,3,0,3,217,76,15,0,308,4,0,4,345
12/09/2007,ONT,CA,AWP,WE,Towers with Radar,212,67,16,0,295,0,0,20,0,20,212,67,36,0,315,0,0,0,330
12/10/2007,ONT,CA,AWP,WE,Towers with Radar,233,117,22,0,372,0,0,29,0,29,233,117,51,0,401,0,0,0,449
12/11/2007,ONT,CA,AWP,WE,Towers with Radar,263,138,19,0,420,0,1,15,0,16,263,139,34,0,436,3,0,3,489
12/12/2007,ONT,CA,AWP,WE,Towers with Radar,280,141,33,0,454,0,0,20,0,20,280,141,53,0,474,22,0,22,556
12/13/2007,ONT,CA,AWP,WE,Towers with Radar,268,139,31,0,438,0,0,0,0,0,268,139,31,0,438,19,0,19,512
12/14/2007,ONT,CA,AWP,WE,Towers with Radar,255,126,35,0,416,0,4,13,0,17,255,130,48,0,433,12,0,12,499
12/15/2007,ONT,CA,AWP,WE,Towers with Radar,210,87,13,0,310,0,11,6,0,17,210,98,19,0,327,6,0,6,405
12/16/2007,ONT,CA,AWP,WE,Towers with Radar,220,75,13,0,308,0,0,90,0,90,220,75,103,0,398,0,0,0,488
12/17/2007,ONT,CA,AWP,WE,Towers with Radar,227,108,18,0,353,0,1,27,0,28,227,109,45,0,381,0,0,0,427
12/18/2007,ONT,CA,AWP,WE,Towers with Radar,293,147,26,0,466,0,0,2,0,2,293,147,28,0,468,0,0,0,484
12/19/2007,ONT,CA,AWP,WE,Towers with Radar,287,168,34,0,489,0,0,4,0,4,287,168,38,0,493,4,0,4,532
12/20/2007,ONT,CA,AWP,WE,Towers with Radar,288,143,24,2,457,0,0,5,0,5,288,144,29,2,463,0,0,0,495
12/21/2007,ONT,CA,AWP,WE,Towers with Radar,313,154,24,0,491,0,11,9,0,20,313,165,33,0,511,0,0,0,558
12/22/2007,ONT,CA,AWP,WE,Towers with Radar,224,124,26,0,374,0,10,10,0,20,224,134,36,0,394,10,0,10,459
12/23/2007,ONT,CA,AWP,WE,Towers with Radar,208,101,16,0,325,0,0,2,0,2,208,101,18,0,327,0,0,0,364
12/24/2007,ONT,CA,AWP,WE,Towers with Radar,178,115,13,0,306,0,1,14,0,15,178,116,27,0,321,0,0,0,367
12/25/2007,ONT,CA,AWP,WE,Towers with Radar,160,81,8,0,249,0,0,7,0,7,160,81,15,0,256,0,0,0,271
12/26/2007,ONT,CA,AWP,WE,Towers with Radar,231,125,23,0,379,0,1,17,0,18,231,126,40,0,397,8,0,8,453
12/27/2007,ONT,CA,AWP,WE,Towers with Radar,252,128,16,0,396,0,4,14,0,18,252,132,30,0,414,5,0,5,452
12/28/2007,ONT,CA,AWP,WE,Towers with Radar,240,126,32,0,398,0,11,10,0,21,240,137,42,0,419,0,0,0,419
12/29/2007,ONT,CA,AWP,WE,Towers with Radar,193,92,18,0,303,0,0,2,0,2,193,92,20,0,305,7,0,7,342
12/30/2007,ONT,CA,AWP,WE,Towers with Radar,184,76,18,2,280,0,0,56,0,56,184,76,74,2,336,4,0,4,384
12/31/2007,ONT,CA,AWP,WE,Towers with Radar,171,112,13,0,296,0,1,6,0,7,171,113,19,0,303,0,0,0,340
01/01/2008,ONT,CA,AWP,WE,Towers with Radar,161,84,15,0,260,0,0,0,0,0,161,84,15,0,260,0,0,0,278
01/02/2008,ONT,CA,AWP,WE,Towers with Radar,236,129,22,0,387,0,2,24,0,26,236,131,46,0,413,2,0,2,470
01/03/2008,ONT,CA,AWP,WE,Towers with Radar,258,121,11,0,390,0,3,11,0,14,258,125,22,0,405,0,0,0,451
01/04/2008,ONT,CA,AWP,WE,Towers with Radar,252,103,13,0,368,0,1,5,0,6,252,104,18,0,374,6,0,6,403
01/05/2008,ONT,CA,AWP,WE,Towers with Radar,194,109,17,0,320,0,0,2,0,2,194,109,19,0,322,0,0,0,333
01/06/2008,ONT,CA,AWP,WE,Towers with Radar,207,73,16,0,296,0,0,17,0,17,207,73,33,0,313,0,0,0,330
01/07/2008,ONT,CA,AWP,WE,Towers with Radar,234,108,29,0,371,0,0,0,0,0,234,108,29,0,371,5,0,5,426
01/08/2008,ONT,CA,AWP,WE,Towers with Radar,256,125,21,0,402,0,0,16,0,16,256,125,37,0,418,13,0,13,492
01/09/2008,ONT,CA,AWP,WE,Towers with Radar,246,131,34,0,411,0,0,20,0,20,246,131,54,0,431,8,0,8,482
01/10/2008,ONT,CA,AWP,WE,Towers with Radar,242,127,28,0,397,0,2,15,0,17,242,129,43,0,414,0,0,0,478
01/11/2008,ONT,CA,AWP,WE,Towers with Radar,246,130,24,0,400,0,9,16,0,25,246,139,40,0,425,0,0,0,494
01/12/2008,ONT,CA,AWP,WE,Towers with Radar,206,88,10,0,304,0,6,12,0,18,206,94,22,0,322,2,0,2,386
01/13/2008,ONT,CA,AWP,WE,Towers with Radar,201,71,13,0,285,0,0,39,2,41,201,71,52,2,326,0,0,0,362
01/14/2008,ONT,CA,AWP,WE,Towers with Radar,229,104,17,0,350,0,0,0,0,0,229,105,17,0,351,0,0,0,403
01/15/2008,ONT,CA,AWP,WE,Towers with Radar,251,117,17,0,385,0,3,29,0,32,251,120,46,0,417,12,0,12,480
01/16/2008,ONT,CA,AWP,WE,Towers with Radar,257,121,27,0,405,0,4,15,0,19,257,127,42,0,426,18,0,18,464
01/17/2008,ONT,CA,AWP,WE,Towers with Radar,227,115,10,0,352,0,5,13,0,18,227,120,23,0,370,0,0,0,402
01/18/2008,ONT,CA,AWP,WE,Towers with Radar,239,146,22,0,407,0,5,13,0,18,239,151,35,0,425,2,0,2,489
01/19/2008,ONT,CA,AWP,WE,Towers with Radar,172,82,11,0,265,0,4,15,0,19,172,86,26,0,284,16,0,16,378
01/20/2008,ONT,CA,AWP,WE,Towers with Radar,183,61,19,0,263,0,0,84,0,84,183,61,103,0,347,2,0,2,416
01/21/2008,ONT,CA,AWP,WE,Towers with Radar,233,101,30,0,364,0,0,0,0,0,233,101,30,0,364,0,0,0,417
01/22/2008,ONT,CA,AWP,WE,Towers with Radar,266,123,28,0,417,0,0,14,0,14,266,123,42,0,431,0,0,0,459
01/23/2008,ONT,CA,AWP,WE,Towers with Radar,234,140,23,0,397,0,0,8,0,8,234,140,31,0,405,12,0,12,447
01/24/2008,ONT,CA,AWP,WE,Towers with Radar,247,141,27,0,415,0,1,7,0,8,247,142,34,0,423,0,0,0,466
01/25/2008,ONT,CA,AWP,WE,Towers with Radar,223,116,27,0,366,0,0,4,0,4,223,116,31,0,370,0,0,0,400
01/26/2008,ONT,CA,AWP,WE,Towers with Radar,181,80,8,0,269,0,14,4,0,18,181,94,12,0,287,0,0,0,349
01/27/2008,ONT,CA,AWP,WE,Towers with Radar,188,73,17,0,278,0,0,7,0,7,188,73,24,0,285,0,0,0,292
01/28/2008,ONT,CA,AWP,WE,Towers with Radar,232,105,21,0,358,0,0,0,0,0,232,105,21,0,358,0,0,0,387
01/29/2008,ONT,CA,AWP,WE,Towers with Radar,251,121,30,0,402,0,1,12,0,13,251,123,42,0,416,2,0,2,485
01/30/2008,ONT,CA,AWP,WE,Towers with Radar,249,133,44,0,426,0,0,29,0,29,249,133,73,0,455,0,0,0,536
01/31/2008,ONT,CA,AWP,WE,Towers with Radar,237,134,38,0,409,0,3,40,0,43,237,137,78,0,452,0,0,0,506
02/01/2008,ONT,CA,AWP,WE,Towers with Radar,238,123,49,0,410,0,6,20,0,26,238,129,69,0,436,2,0,2,499
02/02/2008,ONT,CA,AWP,WE,Towers with Radar,166,75,20,0,261,0,0,10,0,10,166,75,30,0,271,0,0,0,326
02/03/2008,ONT,CA,AWP,WE,Towers with Radar,179,118,23,0,320,0,4,12,0,16,179,122,35,0,336,0,0,0,347
02/04/2008,ONT,CA,AWP,WE,Towers with Radar,214,119,23,0,356,0,0,0,0,0,214,119,23,0,356,10,0,10,413
02/05/2008,ONT,CA,AWP,WE,Towers with Radar,239,142,13,0,394,0,6,15,0,21,239,149,28,0,416,2,0,2,464
02/06/2008,ONT,CA,AWP,WE,Towers with Radar,237,139,27,0,403,0,3,34,0,37,237,142,61,0,440,6,0,6,502
02/07/2008,ONT,CA,AWP,WE,Towers with Radar,243,132,33,0,408,0,3,22,0,25,243,135,55,0,433,0,0,0,486
02/08/2008,ONT,CA,AWP,WE,Towers with Radar,238,142,26,0,406,0,12,49,0,61,238,154,75,0,467,0,0,0,533
02/09/2008,ONT,CA,AWP,WE,Towers with Radar,168,79,14,0,261,0,0,0,0,0,168,79,14,0,261,2,0,2,331
02/10/2008,ONT,CA,AWP,WE,Towers with Radar,185,96,29,0,310,0,9,13,0,22,185,105,42,0,332,0,0,0,405
02/11/2008,ONT,CA,AWP,WE,Towers with Radar,213,108,28,0,349,0,0,0,0,0,213,108,28,0,349,2,0,2,415
02/12/2008,ONT,CA,AWP,WE,Towers with Radar,239,123,18,0,380,0,4,24,0,28,239,127,42,0,408,8,0,8,464
02/13/2008,ONT,CA,AWP,WE,Towers with Radar,267,132,18,0,417,0,3,13,0,16,267,135,31,0,433,0,0,0,478
02/14/2008,ONT,CA,AWP,WE,Towers with Radar,255,129,23,0,407,0,4,7,0,11,255,133,30,0,418,0,0,0,450
02/15/2008,ONT,CA,AWP,WE,Towers with Radar,240,118,22,0,380,0,11,13,0,24,240,129,35,0,404,25,0,25,472
02/16/2008,ONT,CA,AWP,WE,Towers with Radar,182,82,16,0,280,0,12,15,0,27,182,94,31,0,307,8,0,8,378
02/17/2008,ONT,CA,AWP,WE,Towers with Radar,195,65,17,0,277,0,0,44,0,44,195,65,61,0,321,0,0,0,356
02/18/2008,ONT,CA,AWP,WE,Towers with Radar,237,116,24,0,377,0,0,0,0,0,237,116,24,0,377,0,0,0,430
02/19/2008,ONT,CA,AWP,WE,Towers with Radar,258,128,30,0,416,0,0,2,0,2,258,128,32,0,418,0,0,0,445
02/20/2008,ONT,CA,AWP,WE,Towers with Radar,250,128,30,0,408,0,0,1,0,1,250,129,31,0,410,0,0,0,425
02/21/2008,ONT,CA,AWP,WE,Towers with Radar,244,143,60,0,447,0,0,9,0,9,244,143,69,0,456,0,0,0,501
02/22/2008,ONT,CA,AWP,WE,Towers with Radar,235,123,31,4,393,0,1,2,0,3,235,124,33,4,396,0,0,0,433
02/23/2008,ONT,CA,AWP,WE,Towers with Radar,180,84,26,0,290,0,0,9,0,9,180,87,35,0,302,0,0,0,388
02/24/2008,ONT,CA,AWP,WE,Towers with Radar,216,68,21,0,305,0,0,52,0,52,216,68,73,0,357,0,0,0,399
02/25/2008,ONT,CA,AWP,WE,Towers with Radar,227,115,64,1,407,0,0,0,0,0,227,116,64,1,408,10,0,10,488
02/26/2008,ONT,CA,AWP,WE,Towers with Radar,239,125,25,0,389,0,7,25,0,32,239,132,50,0,421,11,0,11,498
02/27/2008,ONT,CA,AWP,WE,Towers with Radar,273,123,28,0,424,0,5,20,0,25,273,128,48,0,449,3,0,3,525
02/28/2008,ONT,CA,AWP,WE,Towers with Radar,239,133,32,0,404,0,7,23,0,30,239,140,55,0,434,9,0,9,509
02/29/2008,ONT,CA,AWP,WE,Towers with Radar,215,131,31,0,377,0,1,9,0,10,215,132,40,0,387,0,0,0,425
03/01/2008,ONT,CA,AWP,WE,Towers with Radar,171,92,16,0,279,0,0,2,0,2,171,92,18,0,281,0,0,0,305
03/02/2008,ONT,CA,AWP,WE,Towers with Radar,212,77,17,2,308,0,0,35,0,35,212,77,52,2,343,0,0,0,366
03/03/2008,ONT,CA,AWP,WE,Towers with Radar,215,111,20,0,346,0,5,23,0,28,215,116,43,0,374,0,0,0,416
03/04/2008,ONT,CA,AWP,WE,Towers with Radar,242,125,17,3,387,0,3,30,1,34,242,128,47,4,421,0,0,0,478
03/05/2008,ONT,CA,AWP,WE,Towers with Radar,253,136,25,0,414,0,3,20,0,23,253,139,45,0,437,24,0,24,524
03/06/2008,ONT,CA,AWP,WE,Towers with Radar,239,137,31,0,407,0,4,28,0,32,239,141,59,0,439,2,0,2,519
03/07/2008,ONT,CA,AWP,WE,Towers with Radar,224,130,14,0,368,0,2,13,0,15,224,132,27,0,383,0,0,0,447
03/08/2008,ONT,CA,AWP,WE,Towers with Radar,186,86,10,0,282,0,0,12,0,12,186,86,22,0,294,0,0,0,356
03/09/2008,ONT,CA,AWP,WE,Towers with Radar,207,73,14,0,294,0,0,67,0,67,207,75,81,0,363,2,0,2,423
03/10/2008,ONT,CA,AWP,WE,Towers with Radar,219,90,9,0,318,0,0,0,0,0,219,90,9,0,318,0,0,0,384
03/11/2008,ONT,CA,AWP,WE,Towers with Radar,238,135,30,2,405,0,2,39,0,41,238,137,69,2,446,0,0,0,505
03/12/2008,ONT,CA,AWP,WE,Towers with Radar,248,153,20,0,421,0,2,34,0,36,248,156,54,0,458,12,0,12,534
03/13/2008,ONT,CA,AWP,WE,Towers with Radar,243,121,22,0,386,0,7,20,0,27,243,128,42,0,413,0,0,0,466
03/14/2008,ONT,CA,AWP,WE,Towers with Radar,239,129,24,0,392,0,2,13,0,15,239,132,37,0,408,0,0,0,441
03/15/2008,ONT,CA,AWP,WE,Towers with Radar,172,78,12,0,262,0,0,8,0,8,172,78,20,0,270,0,0,0,317
03/16/2008,ONT,CA,AWP,WE,Towers with Radar,201,93,18,0,312,0,0,0,0,0,201,93,18,0,312,4,0,4,362
03/17/2008,ONT,CA,AWP,WE,Towers with Radar,243,102,13,0,358,0,0,0,0,0,243,102,13,0,358,0,0,0,406
03/18/2008,ONT,CA,AWP,WE,Towers with Radar,247,127,19,0,393,0,5,25,0,30,247,132,44,0,423,9,0,9,487
03/19/2008,ONT,CA,AWP,WE,Towers with Radar,245,134,20,0,399,0,2,23,0,25,245,192,43,0,480,0,0,0,504
03/20/2008,ONT,CA,AWP,WE,Towers with Radar,248,126,43,0,417,0,2,24,0,26,248,128,67,0,443,0,0,0,489
03/21/2008,ONT,CA,AWP,WE,Towers with Radar,242,112,21,0,375,0,10,43,0,53,242,123,64,0,429,12,0,12,509
03/22/2008,ONT,CA,AWP,WE,Towers with Radar,176,79,12,0,267,0,3,12,0,15,176,82,24,0,282,0,0,0,335
03/23/2008,ONT,CA,AWP,WE,Towers with Radar,197,81,11,0,289,0,1,45,0,46,197,83,56,0,336,22,0,22,392
03/24/2008,ONT,CA,AWP,WE,Towers with Radar,233,106,15,0,354,0,0,0,0,0,233,106,15,0,354,3,0,3,409
03/25/2008,ONT,CA,AWP,WE,Towers with Radar,248,127,19,2,396,0,4,22,0,26,248,131,41,2,422,0,0,0,481
03/26/2008,ONT,CA,AWP,WE,Towers with Radar,242,140,20,1,403,0,3,18,0,21,242,144,38,1,425,0,0,0,472
03/27/2008,ONT,CA,AWP,WE,Towers with Radar,258,113,27,0,398,0,3,11,0,14,258,116,38,0,412,15,0,15,494
03/28/2008,ONT,CA,AWP,WE,Towers with Radar,235,130,24,0,389,0,6,24,0,30,235,137,48,0,420,0,0,0,489
03/29/2008,ONT,CA,AWP,WE,Towers with Radar,176,82,16,0,274,0,0,8,0,8,176,82,24,0,282,21,0,21,345
03/30/2008,ONT,CA,AWP,WE,Towers with Radar,200,69,27,0,296,0,0,41,0,41,200,69,68,0,337,0,0,0,368
03/31/2008,ONT,CA,AWP,WE,Towers with Radar,227,98,22,0,347,0,1,20,0,21,227,99,42,0,368,0,0,0,432
04/01/2008,ONT,CA,AWP,WE,Towers with Radar,261,116,38,0,415,0,0,0,0,0,261,117,38,0,416,0,0,0,474
04/02/2008,ONT,CA,AWP,WE,Towers with Radar,249,115,12,0,376,0,1,7,0,8,249,117,19,0,385,0,0,0,426
04/03/2008,ONT,CA,AWP,WE,Towers with Radar,238,119,18,0,375,0,1,15,0,16,238,120,33,0,391,0,0,0,438
04/04/2008,ONT,CA,AWP,WE,Towers with Radar,228,121,23,0,372,0,4,29,0,33,228,126,52,0,406,0,0,0,465
04/05/2008,ONT,CA,AWP,WE,Towers with Radar,180,91,19,0,290,0,0,0,0,0,180,91,19,0,290,0,0,0,335
04/06/2008,ONT,CA,AWP,WE,Towers with Radar,191,71,20,0,282,0,0,72,0,72,191,71,92,0,354,0,0,0,421
04/07/2008,ONT,CA,AWP,WE,Towers with Radar,224,101,24,0,349,0,0,0,0,0,224,101,24,0,349,0,0,0,406
04/08/2008,ONT,CA,AWP,WE,Towers with Radar,241,114,25,0,380,0,0,12,0,12,241,114,37,0,392,0,0,0,439
04/09/2008,ONT,CA,AWP,WE,Towers with Radar,237,120,25,0,382,0,2,36,2,40,237,122,61,2,422,16,0,16,507
04/10/2008,ONT,CA,AWP,WE,Towers with Radar,233,121,33,0,387,0,2,30,0,32,233,124,63,0,420,0,0,0,492
04/11/2008,ONT,CA,AWP,WE,Towers with Radar,227,119,14,0,360,0,7,7,0,14,227,127,21,0,375,6,0,6,449
04/12/2008,ONT,CA,AWP,WE,Towers with Radar,198,75,14,0,287,0,6,16,0,22,198,81,30,0,309,0,0,0,354
04/13/2008,ONT,CA,AWP,WE,Towers with Radar,198,63,12,0,273,0,0,55,0,55,198,63,67,0,328,0,0,0,381
04/14/2008,ONT,CA,AWP,WE,Towers with Radar,227,98,30,0,355,0,3,17,0,20,227,101,47,0,375,28,0,28,477
04/15/2008,ONT,CA,AWP,WE,Towers with Radar,238,121,24,0,383,0,0,22,0,22,238,121,46,0,405,20,0,20,478
04/16/2008,ONT,CA,AWP,WE,Towers with Radar,244,127,34,0,405,0,4,37,0,41,244,132,71,0,447,13,0,13,538
04/17/2008,ONT,CA,AWP,WE,Towers with Radar,250,114,28,0,392,0,2,24,0,26,250,116,52,0,418,8,0,8,512
04/18/2008,ONT,CA,AWP,WE,Towers with Radar,240,108,18,0,366,0,9,17,0,26,240,117,35,0,392,12,0,12,490
04/19/2008,ONT,CA,AWP,WE,Towers with Radar,178,84,31,0,293,0,0,6,0,6,178,84,37,0,299,0,0,0,338
04/20/2008,ONT,CA,AWP,WE,Towers with Radar,198,63,10,0,271,0,0,61,0,61,198,63,71,0,332,0,0,0,384
04/21/2008,ONT,CA,AWP,WE,Towers with Radar,227,77,10,0,314,0,0,0,0,0,227,77,10,0,314,0,0,0,382
04/22/2008,ONT,CA,AWP,WE,Towers with Radar,245,108,15,0,368,0,5,28,0,33,245,113,43,0,401,0,0,0,462
04/23/2008,ONT,CA,AWP,WE,Towers with Radar,251,113,31,2,397,0,6,21,0,27,251,120,52,2,425,26,0,26,498
04/24/2008,ONT,CA,AWP,WE,Towers with Radar,240,119,28,0,387,0,6,22,0,28,240,127,50,0,417,2,0,2,508
04/25/2008,ONT,CA,AWP,WE,Towers with Radar,220,115,16,0,351,0,6,18,0,24,220,121,34,0,375,10,0,10,448
04/26/2008,ONT,CA,AWP,WE,Towers with Radar,167,84,22,0,273,0,8,6,0,14,167,92,28,0,287,0,0,0,347
04/27/2008,ONT,CA,AWP,WE,Towers with Radar,186,68,19,0,273,0,0,42,0,42,186,68,61,0,315,0,0,0,351
04/28/2008,ONT,CA,AWP,WE,Towers with Radar,231,92,11,0,334,0,0,0,0,0,231,93,11,0,335,0,0,0,375
04/29/2008,ONT,CA,AWP,WE,Towers with Radar,241,120,14,2,377,0,5,16,0,21,241,126,30,2,399,18,0,18,475
04/30/2008,ONT,CA,AWP,WE,Towers with Radar,242,127,37,0,406,0,0,12,0,12,242,127,49,0,418,0,0,0,467
05/01/2008,ONT,CA,AWP,WE,Towers with Radar,245,115,22,0,382,0,6,14,0,20,245,122,36,0,403,0,0,0,474
05/02/2008,ONT,CA,AWP,WE,Towers with Radar,237,114,23,0,374,0,10,14,0,24,237,124,37,0,398,6,0,6,473
05/03/2008,ONT,CA,AWP,WE,Towers with Radar,172,77,13,0,262,0,4,6,0,10,172,81,19,0,272,20,0,20,340
05/04/2008,ONT,CA,AWP,WE,Towers with Radar,187,57,18,0,262,0,0,60,0,60,187,57,78,0,322,0,0,0,370
05/05/2008,ONT,CA,AWP,WE,Towers with Radar,215,93,31,0,339,0,0,0,0,0,215,94,31,0,340,0,0,0,396
05/06/2008,ONT,CA,AWP,WE,Towers with Radar,250,121,16,0,387,0,0,9,0,9,250,121,25,0,396,0,0,0,457
05/07/2008,ONT,CA,AWP,WE,Towers with Radar,240,127,25,0,392,0,0,16,0,16,240,127,41,0,408,0,0,0,445
05/08/2008,ONT,CA,AWP,WE,Towers with Radar,247,125,22,0,394,0,2,14,0,16,247,128,36,0,411,0,0,0,472
05/09/2008,ONT,CA,AWP,WE,Towers with Radar,246,120,20,0,386,0,2,9,0,11,246,122,29,0,397,0,0,0,446
05/10/2008,ONT,CA,AWP,WE,Towers with Radar,176,77,8,0,261,0,0,16,0,16,176,77,24,0,277,6,0,6,325
05/11/2008,ONT,CA,AWP,WE,Towers with Radar,172,68,17,0,257,0,0,8,0,8,172,68,25,0,265,30,0,30,328
05/12/2008,ONT,CA,AWP,WE,Towers with Radar,202,98,21,0,321,0,0,0,0,0,202,98,21,0,321,0,0,0,363
05/13/2008,ONT,CA,AWP,WE,Towers with Radar,240,118,21,0,379,0,4,24,0,28,240,126,45,0,411,0,0,0,495
05/14/2008,ONT,CA,AWP,WE,Towers with Radar,236,113,21,0,370,0,8,14,0,22,236,122,35,0,393,0,0,0,474
05/15/2008,ONT,CA,AWP,WE,Towers with Radar,240,119,56,0,415,0,2,0,0,2,240,122,56,0,418,0,0,0,480
05/16/2008,ONT,CA,AWP,WE,Towers with Radar,230,114,28,0,372,0,8,23,0,31,230,122,51,0,403,8,0,8,457
05/17/2008,ONT,CA,AWP,WE,Towers with Radar,156,81,5,0,242,0,2,16,0,18,156,83,21,0,260,8,0,8,320
05/18/2008,ONT,CA,AWP,WE,Towers with Radar,182,78,30,0,290,0,2,58,0,60,182,80,88,0,350,10,0,10,401
05/19/2008,ONT,CA,AWP,WE,Towers with Radar,208,95,18,0,321,0,0,0,0,0,208,97,18,0,323,2,0,2,377
05/20/2008,ONT,CA,AWP,WE,Towers with Radar,232,108,15,0,355,0,5,16,0,21,232,113,31,0,376,0,0,0,458
05/21/2008,ONT,CA,AWP,WE,Towers with Radar,236,121,27,0,384,0,1,19,0,20,236,123,46,0,405,0,0,0,461
05/22/2008,ONT,CA,AWP,WE,Towers with Radar,235,134,28,0,397,0,0,13,0,13,235,134,41,0,410,0,0,0,464
05/23/2008,ONT,CA,AWP,WE,Towers with Radar,224,119,21,0,364,0,0,3,0,3,224,119,24,0,367,0,0,0,388
05/24/2008,ONT,CA,AWP,WE,Towers with Radar,169,82,9,0,260,0,0,6,0,6,169,82,15,0,266,0,0,0,295
05/25/2008,ONT,CA,AWP,WE,Towers with Radar,174,60,16,0,250,0,0,41,0,41,174,60,57,0,291,10,0,10,341
05/26/2008,ONT,CA,AWP,WE,Towers with Radar,174,61,14,0,249,0,0,0,0,0,174,61,14,0,249,0,0,0,297
05/27/2008,ONT,CA,AWP,WE,Towers with Radar,199,104,21,0,324,0,0,24,0,24,199,104,45,0,348,0,0,0,416
05/28/2008,ONT,CA,AWP,WE,Towers with Radar,231,117,22,0,370,0,3,12,0,15,231,121,34,0,386,0,0,0,449
05/29/2008,ONT,CA,AWP,WE,Towers with Radar,232,111,20,0,363,0,4,35,0,39,232,117,55,0,404,22,0,22,507
05/30/2008,ONT,CA,AWP,WE,Towers with Radar,223,112,24,0,359,0,4,15,0,19,223,116,39,0,378,0,0,0,456
05/31/2008,ONT,CA,AWP,WE,Towers with Radar,170,79,17,0,266,0,4,10,0,14,170,83,27,0,280,0,0,0,352
06/01/2008,ONT,CA,AWP,WE,Towers with Radar,179,69,11,0,259,0,0,63,0,63,179,69,74,0,322,0,0,0,377
06/02/2008,ONT,CA,AWP,WE,Towers with Radar,188,102,9,0,299,0,0,0,0,0,188,102,9,0,299,0,0,0,361
06/03/2008,ONT,CA,AWP,WE,Towers with Radar,228,104,20,0,352,0,0,9,0,9,228,104,29,0,361,8,0,8,426
06/04/2008,ONT,CA,AWP,WE,Towers with Radar,241,132,25,0,398,0,0,3,0,3,241,132,28,0,401,0,0,0,436
06/05/2008,ONT,CA,AWP,WE,Towers with Radar,216,129,20,0,365,0,4,22,0,26,216,133,42,0,391,0,0,0,445
06/06/2008,ONT,CA,AWP,WE,Towers with Radar,217,101,24,0,342,0,4,15,0,19,217,110,39,0,366,20,0,20,449
06/07/2008,ONT,CA,AWP,WE,Towers with Radar,157,74,11,0,242,0,8,8,0,16,157,82,19,0,258,2,0,2,320
06/08/2008,ONT,CA,AWP,WE,Towers with Radar,175,71,20,0,266,0,0,69,0,69,175,71,89,0,335,0,0,0,385
06/09/2008,ONT,CA,AWP,WE,Towers with Radar,205,94,17,0,316,0,5,21,0,26,205,99,38,0,342,0,0,0,393
06/10/2008,ONT,CA,AWP,WE,Towers with Radar,235,119,24,0,378,0,0,5,0,5,235,119,29,0,383,26,0,26,460
06/11/2008,ONT,CA,AWP,WE,Towers with Radar,232,118,16,0,366,0,0,15,0,15,232,118,31,0,381,4,0,4,461
06/12/2008,ONT,CA,AWP,WE,Towers with Radar,229,127,33,0,389,0,1,23,0,24,229,129,56,0,414,23,0,23,494
06/13/2008,ONT,CA,AWP,WE,Towers with Radar,218,123,23,0,364,0,4,13,0,17,218,127,36,0,381,6,0,6,457
06/14/2008,ONT,CA,AWP,WE,Towers with Radar,157,76,18,0,251,0,13,14,0,27,157,89,32,0,278,30,0,30,356
06/15/2008,ONT,CA,AWP,WE,Towers with Radar,175,71,21,0,267,0,0,78,0,78,175,71,99,0,345,10,0,10,422
06/16/2008,ONT,CA,AWP,WE,Towers with Radar,212,107,18,0,337,0,0,0,0,0,212,107,18,0,337,14,0,14,428
06/17/2008,ONT,CA,AWP,WE,Towers with Radar,225,114,15,0,354,0,5,24,0,29,225,119,39,0,383,20,0,20,465
06/18/2008,ONT,CA,AWP,WE,Towers with Radar,234,117,20,0,371,0,5,28,0,33,235,122,48,0,405,30,0,30,503
06/19/2008,ONT,CA,AWP,WE,Towers with Radar,230,120,25,0,375,0,5,26,0,31,230,125,51,0,406,26,0,26,497
06/20/2008,ONT,CA,AWP,WE,Towers with Radar,220,112,20,0,352,0,15,27,0,42,220,127,47,0,394,38,0,38,508
06/21/2008,ONT,CA,AWP,WE,Towers with Radar,162,66,7,0,235,0,6,10,0,16,162,72,17,0,251,0,0,0,307
06/22/2008,ONT,CA,AWP,WE,Towers with Radar,176,66,24,0,266,0,0,62,0,62,176,66,86,0,328,20,0,20,396
06/23/2008,ONT,CA,AWP,WE,Towers with Radar,214,92,15,0,321,0,4,21,0,25,214,96,36,0,346,23,0,23,440
06/24/2008,ONT,CA,AWP,WE,Towers with Radar,225,117,19,0,361,0,5,27,0,32,225,122,46,0,393,0,0,0,453
06/25/2008,ONT,CA,AWP,WE,Towers with Radar,237,132,14,0,383,0,0,25,0,25,237,132,39,0,408,12,0,12,476
06/26/2008,ONT,CA,AWP,WE,Towers with Radar,221,140,19,0,380,0,0,12,0,12,221,140,31,0,392,3,0,3,449
06/27/2008,ONT,CA,AWP,WE,Towers with Radar,226,115,31,0,372,0,3,10,0,13,226,118,41,0,385,20,0,20,459
06/28/2008,ONT,CA,AWP,WE,Towers with Radar,165,77,7,0,249,0,3,4,0,7,165,80,11,0,256,0,0,0,310
06/29/2008,ONT,CA,AWP,WE,Towers with Radar,184,64,23,0,271,0,0,55,0,55,184,64,78,0,326,0,0,0,374
06/30/2008,ONT,CA,AWP,WE,Towers with Radar,212,95,14,0,321,0,0,0,0,0,212,95,14,0,321,0,0,0,379
07/01/2008,ONT,CA,AWP,WE,Towers with Radar,223,106,12,0,341,2,6,11,0,19,225,112,23,0,360,0,0,0,360
07/02/2008,ONT,CA,AWP,WE,Towers with Radar,236,110,11,0,357,0,8,32,0,40,236,118,43,0,397,14,0,14,411
07/03/2008,ONT,CA,AWP,WE,Towers with Radar,203,120,28,0,351,0,3,29,0,32,203,123,57,0,383,4,0,4,387
07/04/2008,ONT,CA,AWP,WE,Towers with Radar,123,54,9,0,186,0,0,4,0,4,123,54,13,0,190,0,0,0,190
07/05/2008,ONT,CA,AWP,WE,Towers with Radar,141,60,7,0,208,0,6,7,0,13,141,66,14,0,221,0,0,0,221
07/06/2008,ONT,CA,AWP,WE,Towers with Radar,162,71,17,0,250,0,0,14,0,14,162,71,31,0,264,2,0,2,266
07/07/2008,ONT,CA,AWP,WE,Towers with Radar,201,90,19,0,310,0,8,15,0,23,201,98,34,0,333,0,0,0,333
07/08/2008,ONT,CA,AWP,WE,Towers with Radar,227,113,23,0,363,0,7,13,0,20,227,120,36,0,383,2,0,2,385
07/09/2008,ONT,CA,AWP,WE,Towers with Radar,234,112,21,0,367,0,6,19,0,25,234,118,40,0,392,2,0,2,394
07/10/2008,ONT,CA,AWP,WE,Towers with Radar,226,115,25,0,366,0,3,21,0,24,226,118,46,0,390,10,0,10,400
07/11/2008,ONT,CA,AWP,WE,Towers with Radar,231,117,16,0,364,0,2,20,0,22,231,119,36,0,386,10,0,10,396
07/12/2008,ONT,CA,AWP,WE,Towers with Radar,159,78,4,0,241,0,0,2,0,2,159,78,6,0,243,0,0,0,243
07/13/2008,ONT,CA,AWP,WE,Towers with Radar,182,64,13,0,259,0,0,14,0,14,182,64,27,0,273,0,0,0,273
07/14/2008,ONT,CA,AWP,WE,Towers with Radar,219,86,5,0,310,0,4,38,0,42,219,90,43,0,352,6,0,6,358
07/15/2008,ONT,CA,AWP,WE,Towers with Radar,225,109,17,0,351,0,0,4,0,4,225,109,21,0,355,39,0,39,394
07/16/2008,ONT,CA,AWP,WE,Towers with Radar,221,119,18,0,358,0,2,18,0,20,221,121,36,0,378,28,0,28,406
07/17/2008,ONT,CA,AWP,WE,Towers with Radar,224,130,32,0,386,0,2,20,0,22,224,132,52,0,408,18,0,18,426
07/18/2008,ONT,CA,AWP,WE,Towers with Radar,217,110,18,0,345,0,4,13,0,17,217,114,31,0,362,14,0,14,376
07/19/2008,ONT,CA,AWP,WE,Towers with Radar,162,75,8,0,245,0,0,7,0,7,162,75,15,0,252,2,0,2,254
07/20/2008,ONT,CA,AWP,WE,Towers with Radar,180,65,13,0,258,0,0,10,0,10,180,65,23,0,268,0,0,0,268
07/21/2008,ONT,CA,AWP,WE,Towers with Radar,214,88,15,0,317,0,3,14,0,17,214,91,29,0,334,0,0,0,334
07/22/2008,ONT,CA,AWP,WE,Towers with Radar,220,107,15,0,342,0,1,24,0,25,220,108,39,0,367,2,0,2,369
07/23/2008,ONT,CA,AWP,WE,Towers with Radar,220,119,32,0,371,0,5,28,1,34,220,124,60,1,405,2,0,2,407
07/24/2008,ONT,CA,AWP,WE,Towers with Radar,225,120,36,0,381,0,1,22,0,23,225,121,58,0,404,0,0,0,404
07/25/2008,ONT,CA,AWP,WE,Towers with Radar,211,112,34,0,357,0,6,29,0,35,211,118,63,0,392,8,0,8,400
07/26/2008,ONT,CA,AWP,WE,Towers with Radar,161,74,10,0,245,0,5,12,0,17,161,79,22,0,262,16,0,16,278
07/27/2008,ONT,CA,AWP,WE,Towers with Radar,183,72,15,0,270,0,0,21,0,21,183,72,36,0,291,10,0,10,301
07/28/2008,ONT,CA,AWP,WE,Towers with Radar,195,86,17,0,298,0,0,31,0,31,195,86,48,0,329,16,0,16,345
07/29/2008,ONT,CA,AWP,WE,Towers with Radar,227,111,21,0,359,0,4,28,0,32,227,115,49,0,391,0,0,0,391
07/30/2008,ONT,CA,AWP,WE,Towers with Radar,233,118,15,0,366,0,6,13,0,19,233,124,28,0,385,0,0,0,385
07/31/2008,ONT,CA,AWP,WE,Towers with Radar,225,112,29,0,366,0,5,16,0,21,225,117,45,0,387,50,0,50,437
08/01/2008,ONT,CA,AWP,WE,Towers with Radar,219,119,22,0,360,0,8,19,0,27,219,127,41,0,387,0,0,0,387
08/02/2008,ONT,CA,AWP,WE,Towers with Radar,172,69,11,0,252,0,8,5,0,13,172,77,16,0,265,0,0,0,265
08/03/2008,ONT,CA,AWP,WE,Towers with Radar,185,61,23,0,269,0,1,18,0,19,185,62,41,0,288,2,0,2,290
08/04/2008,ONT,CA,AWP,WE,Towers with Radar,194,98,18,0,310,0,3,21,0,24,194,101,39,0,334,0,0,0,334
08/05/2008,ONT,CA,AWP,WE,Towers with Radar,242,103,18,0,363,0,5,17,0,22,242,108,35,0,385,0,0,0,385
08/06/2008,ONT,CA,AWP,WE,Towers with Radar,231,118,19,0,368,0,17,26,0,43,231,135,45,0,411,10,0,10,421
08/07/2008,ONT,CA,AWP,WE,Towers with Radar,251,113,16,0,380,0,12,38,0,50,251,125,54,0,430,12,0,12,442
08/08/2008,ONT,CA,AWP,WE,Towers with Radar,217,117,15,0,349,0,2,24,0,26,217,119,39,0,375,0,6,6,381
08/09/2008,ONT,CA,AWP,WE,Towers with Radar,161,64,6,0,231,0,7,12,0,19,161,71,18,0,250,7,0,7,257
08/10/2008,ONT,CA,AWP,WE,Towers with Radar,175,66,15,0,256,0,0,2,0,2,175,66,17,0,258,3,0,3,261
08/11/2008,ONT,CA,AWP,WE,Towers with Radar,200,98,7,0,305,0,2,20,0,22,200,100,27,0,327,0,0,0,327
08/12/2008,ONT,CA,AWP,WE,Towers with Radar,228,107,11,0,346,0,4,11,0,15,228,111,22,0,361,0,0,0,361
08/13/2008,ONT,CA,AWP,WE,Towers with Radar,224,106,14,0,344,0,4,29,0,33,224,110,43,0,377,0,0,0,377
08/14/2008,ONT,CA,AWP,WE,Towers with Radar,229,114,23,0,366,0,9,20,0,29,229,123,43,0,395,4,0,4,399
08/15/2008,ONT,CA,AWP,WE,Towers with Radar,221,125,11,0,357,0,8,21,0,29,221,133,32,0,386,10,0,10,396
08/16/2008,ONT,CA,AWP,WE,Towers with Radar,170,68,12,0,250,0,3,12,0,15,170,71,24,0,265,0,0,0,265
08/17/2008,ONT,CA,AWP,WE,Towers with Radar,184,65,12,0,261,0,0,5,0,5,184,65,17,0,266,18,0,18,284
08/18/2008,ONT,CA,AWP,WE,Towers with Radar,201,100,19,0,320,0,3,22,0,25,201,103,41,0,345,4,0,4,349
08/19/2008,ONT,CA,AWP,WE,Towers with Radar,208,108,18,1,335,0,3,20,1,24,208,111,38,2,359,24,0,24,383
08/20/2008,ONT,CA,AWP,WE,Towers with Radar,214,110,17,0,341,0,5,13,0,18,214,115,30,0,359,1,0,1,360
08/21/2008,ONT,CA,AWP,WE,Towers with Radar,212,122,19,0,353,0,6,22,0,28,212,128,41,0,381,19,0,19,400
08/22/2008,ONT,CA,AWP,WE,Towers with Radar,214,109,24,0,347,0,11,17,0,28,214,120,41,0,375,10,0,10,385
08/23/2008,ONT,CA,AWP,WE,Towers with Radar,165,57,12,0,234,0,8,11,0,19,165,65,23,0,253,0,0,0,253
08/24/2008,ONT,CA,AWP,WE,Towers with Radar,169,66,15,0,250,0,1,14,0,15,169,67,29,0,265,6,0,6,271
08/25/2008,ONT,CA,AWP,WE,Towers with Radar,206,90,20,0,316,0,2,14,0,16,206,92,34,0,332,7,0,7,339
08/26/2008,ONT,CA,AWP,WE,Towers with Radar,224,91,14,2,331,0,5,12,0,17,224,96,26,2,348,14,0,14,362
08/27/2008,ONT,CA,AWP,WE,Towers with Radar,226,100,26,0,352,0,6,21,0,27,226,106,47,0,379,4,0,4,383
08/28/2008,ONT,CA,AWP,WE,Towers with Radar,216,120,59,0,395,0,6,41,0,47,216,126,100,0,442,28,0,28,470
08/29/2008,ONT,CA,AWP,WE,Towers with Radar,204,102,18,1,325,0,6,21,0,27,204,108,39,1,352,0,0,0,352
08/30/2008,ONT,CA,AWP,WE,Towers with Radar,159,60,16,0,235,0,4,18,0,22,159,64,34,0,257,24,0,24,281
08/31/2008,ONT,CA,AWP,WE,Towers with Radar,111,48,51,0,210,0,22,0,0,22,111,70,51,0,232,0,0,0,232
09/01/2008,ONT,CA,AWP,WE,Towers with Radar,158,64,36,0,258,0,0,5,0,5,158,64,41,0,263,0,0,0,263
09/02/2008,ONT,CA,AWP,WE,Towers with Radar,197,57,15,1,270,0,9,20,0,29,197,66,35,1,299,0,0,0,299
09/03/2008,ONT,CA,AWP,WE,Towers with Radar,230,65,15,0,310,0,8,14,0,22,230,73,29,0,332,2,0,2,334
09/04/2008,ONT,CA,AWP,WE,Towers with Radar,211,61,21,0,293,0,9,22,0,31,211,70,43,0,324,7,0,7,331
09/05/2008,ONT,CA,AWP,WE,Towers with Radar,197,76,31,0,304,0,5,24,0,29,197,81,55,0,333,2,0,2,335
09/06/2008,ONT,CA,AWP,WE,Towers with Radar,139,21,10,0,170,0,6,12,4,22,139,27,22,4,192,2,0,2,194
09/07/2008,ONT,CA,AWP,WE,Towers with Radar,152,27,12,0,191,0,0,16,0,16,152,27,28,0,207,0,0,0,207
09/08/2008,ONT,CA,AWP,WE,Towers with Radar,171,56,12,0,239,0,2,15,0,17,171,58,27,0,256,0,0,0,256
09/09/2008,ONT,CA,AWP,WE,Towers with Radar,214,70,16,0,300,0,13,19,0,32,214,83,35,0,332,8,0,8,340
09/10/2008,ONT,CA,AWP,WE,Towers with Radar,216,80,17,0,313,0,7,14,0,21,216,87,31,0,334,12,0,12,346
09/11/2008,ONT,CA,AWP,WE,Towers with Radar,208,70,31,0,309,0,3,21,0,24,208,73,52,0,333,6,0,6,339
09/12/2008,ONT,CA,AWP,WE,Towers with Radar,180,79,22,0,281,0,0,11,0,11,180,79,33,0,292,0,0,0,292
09/13/2008,ONT,CA,AWP,WE,Towers with Radar,124,41,11,0,176,0,0,0,0,0,124,41,11,0,176,7,0,7,183
09/14/2008,ONT,CA,AWP,WE,Towers with Radar,156,28,12,0,196,0,0,3,0,3,156,28,15,0,199,0,0,0,199
09/15/2008,ONT,CA,AWP,WE,Towers with Radar,180,56,28,0,264,0,0,14,0,14,180,56,42,0,278,0,0,0,278
09/16/2008,ONT,CA,AWP,WE,Towers with Radar,208,61,13,0,282,0,9,17,0,26,208,70,30,0,308,4,0,4,312
09/17/2008,ONT,CA,AWP,WE,Towers with Radar,210,61,18,0,289,0,7,23,0,30,210,68,41,0,319,0,0,0,319
09/18/2008,ONT,CA,AWP,WE,Towers with Radar,215,67,16,0,298,0,5,22,0,27,215,72,38,0,325,0,0,0,325
09/19/2008,ONT,CA,AWP,WE,Towers with Radar,204,61,16,0,281,0,11,13,0,24,204,72,29,0,305,3,0,3,308
09/20/2008,ONT,CA,AWP,WE,Towers with Radar,134,32,10,0,176,0,7,8,0,15,134,39,18,0,191,0,0,0,191
09/21/2008,ONT,CA,AWP,WE,Towers with Radar,159,30,17,0,206,0,0,11,0,11,159,30,28,0,217,0,0,0,217
09/22/2008,ONT,CA,AWP,WE,Towers with Radar,188,50,17,0,255,0,1,11,0,12,188,51,28,0,267,4,0,4,271
09/23/2008,ONT,CA,AWP,WE,Towers with Radar,193,74,15,0,282,0,3,8,0,11,193,77,23,0,293,0,0,0,293
09/24/2008,ONT,CA,AWP,WE,Towers with Radar,214,72,11,0,297,0,4,26,0,30,214,76,37,0,327,10,0,10,337
09/25/2008,ONT,CA,AWP,WE,Towers with Radar,230,71,17,0,318,0,13,26,0,39,230,84,43,0,357,4,0,4,361
09/26/2008,ONT,CA,AWP,WE,Towers with Radar,208,77,17,0,302,0,6,22,0,28,208,83,39,0,330,4,0,4,334
09/27/2008,ONT,CA,AWP,WE,Towers with Radar,137,34,11,0,182,0,4,5,0,9,137,38,16,0,191,25,0,25,216
09/28/2008,ONT,CA,AWP,WE,Towers with Radar,161,26,19,0,206,0,1,11,0,12,161,27,30,0,218,0,0,0,218
09/29/2008,ONT,CA,AWP,WE,Towers with Radar,184,58,20,0,262,0,2,11,0,13,184,60,31,0,275,0,0,0,275
09/30/2008,ONT,CA,AWP,WE,Towers with Radar,211,66,22,0,299,0,11,30,0,41,211,77,52,0,340,18,0,18,358
10/01/2008,ONT,CA,AWP,WE,Towers with Radar,206,69,21,0,296,0,3,16,0,19,206,72,37,0,315,0,0,0,315
10/02/2008,ONT,CA,AWP,WE,Towers with Radar,225,64,24,0,313,0,6,47,0,53,225,70,71,0,366,0,0,0,366
10/03/2008,ONT,CA,AWP,WE,Towers with Radar,201,68,11,0,280,0,4,20,0,24,201,72,31,0,304,6,0,6,310
10/04/2008,ONT,CA,AWP,WE,Towers with Radar,138,35,13,0,186,0,0,1,0,1,138,35,14,0,187,0,0,0,187
10/05/2008,ONT,CA,AWP,WE,Towers with Radar,164,27,11,0,202,0,0,11,0,11,164,27,22,0,213,0,0,0,213
10/06/2008,ONT,CA,AWP,WE,Towers with Radar,184,51,14,0,249,0,6,12,0,18,184,57,26,0,267,0,0,0,267
10/07/2008,ONT,CA,AWP,WE,Towers with Radar,215,66,12,0,293,0,6,28,0,34,215,72,40,0,327,0,0,0,327
10/08/2008,ONT,CA,AWP,WE,Towers with Radar,214,69,24,0,307,0,5,58,0,63,214,74,82,0,370,0,0,0,370
10/09/2008,ONT,CA,AWP,WE,Towers with Radar,212,70,41,0,323,0,5,26,0,31,212,75,67,0,354,2,0,2,356
10/10/2008,ONT,CA,AWP,WE,Towers with Radar,199,75,21,1,296,0,3,14,0,17,199,78,35,1,313,0,0,0,313
10/11/2008,ONT,CA,AWP,WE,Towers with Radar,130,42,11,1,184,0,3,20,0,23,130,45,31,1,207,0,0,0,207
10/12/2008,ONT,CA,AWP,WE,Towers with Radar,153,24,14,0,191,0,0,1,0,1,153,24,15,0,192,2,0,2,194
10/13/2008,ONT,CA,AWP,WE,Towers with Radar,193,51,10,0,254,0,4,4,0,8,193,55,14,0,262,0,0,0,262
10/14/2008,ONT,CA,AWP,WE,Towers with Radar,221,69,13,0,303,0,7,5,0,12,221,76,18,0,315,0,0,0,315
10/15/2008,ONT,CA,AWP,WE,Towers with Radar,214,74,7,0,295,0,5,14,0,19,214,79,21,0,314,0,0,0,314
10/16/2008,ONT,CA,AWP,WE,Towers with Radar,195,75,17,0,287,0,14,29,5,48,195,89,46,5,335,0,0,0,335
10/17/2008,ONT,CA,AWP,WE,Towers with Radar,201,71,23,0,295,0,11,21,0,32,201,82,44,0,327,0,0,0,327
10/18/2008,ONT,CA,AWP,WE,Towers with Radar,136,35,10,0,181,0,2,15,0,17,136,37,25,0,198,2,0,2,200
10/19/2008,ONT,CA,AWP,WE,Towers with Radar,157,28,12,0,197,0,2,10,0,12,157,30,22,0,209,0,0,0,209
10/20/2008,ONT,CA,AWP,WE,Towers with Radar,191,50,13,0,254,0,5,4,0,9,191,55,17,0,263,10,0,10,273
10/21/2008,ONT,CA,AWP,WE,Towers with Radar,227,76,16,0,319,0,7,16,0,23,227,83,32,0,342,0,0,0,342
10/22/2008,ONT,CA,AWP,WE,Towers with Radar,217,66,17,0,300,0,8,35,0,43,217,74,52,0,343,26,0,26,369
10/23/2008,ONT,CA,AWP,WE,Towers with Radar,201,72,25,0,298,0,8,33,0,41,201,80,58,0,339,1,0,1,340
10/24/2008,ONT,CA,AWP,WE,Towers with Radar,264,64,16,0,344,0,4,40,0,44,264,68,56,0,388,0,0,0,388
10/25/2008,ONT,CA,AWP,WE,Towers with Radar,144,32,8,0,184,0,5,10,0,15,144,37,18,0,199,4,0,4,203
10/26/2008,ONT,CA,AWP,WE,Towers with Radar,179,35,19,0,233,0,0,11,0,11,179,35,30,0,244,0,0,0,244
10/27/2008,ONT,CA,AWP,WE,Towers with Radar,215,55,15,0,285,0,1,13,0,14,215,56,28,0,299,0,0,0,299
10/28/2008,ONT,CA,AWP,WE,Towers with Radar,200,70,11,0,281,0,2,25,0,27,200,72,36,0,308,0,0,0,308
10/29/2008,ONT,CA,AWP,WE,Towers with Radar,247,70,6,0,323,0,11,13,0,24,247,81,19,0,347,11,0,11,358
10/30/2008,ONT,CA,AWP,WE,Towers with Radar,233,73,13,0,319,0,5,20,0,25,233,78,33,0,344,16,0,16,360
10/31/2008,ONT,CA,AWP,WE,Towers with Radar,197,75,9,0,281,0,2,18,0,20,197,77,27,0,301,0,0,0,301
11/01/2008,ONT,CA,AWP,WE,Towers with Radar,138,32,0,0,170,0,2,8,0,10,138,34,8,0,180,4,0,4,184
11/02/2008,ONT,CA,AWP,WE,Towers with Radar,130,29,7,0,166,0,2,3,0,5,130,31,10,0,171,0,0,0,171
11/03/2008,ONT,CA,AWP,WE,Towers with Radar,171,58,30,0,259,0,1,7,0,8,171,59,37,0,267,0,0,0,267
11/04/2008,ONT,CA,AWP,WE,Towers with Radar,200,78,29,0,307,0,0,7,0,7,200,78,36,0,314,0,0,0,314
11/05/2008,ONT,CA,AWP,WE,Towers with Radar,214,66,12,0,292,0,7,29,0,36,214,73,41,0,328,2,0,2,330
11/06/2008,ONT,CA,AWP,WE,Towers with Radar,208,69,22,0,299,0,14,33,0,47,208,83,55,0,346,0,0,0,346
11/07/2008,ONT,CA,AWP,WE,Towers with Radar,192,64,13,0,269,0,13,15,1,29,192,77,28,1,298,0,0,0,298
11/08/2008,ONT,CA,AWP,WE,Towers with Radar,140,24,12,0,176,0,6,30,0,36,140,30,42,0,212,15,0,15,227
11/09/2008,ONT,CA,AWP,WE,Towers with Radar,142,33,20,0,195,0,0,4,0,4,142,33,24,0,199,12,0,12,211
11/10/2008,ONT,CA,AWP,WE,Towers with Radar,177,51,19,0,247,0,1,30,0,31,177,52,49,0,278,4,0,4,282
11/11/2008,ONT,CA,AWP,WE,Towers with Radar,209,69,16,6,300,0,5,15,0,20,209,74,31,6,320,3,0,3,323
11/12/2008,ONT,CA,AWP,WE,Towers with Radar,225,59,26,2,312,0,8,30,0,38,225,67,56,2,350,18,0,18,368
11/13/2008,ONT,CA,AWP,WE,Towers with Radar,211,72,11,0,294,0,8,22,0,30,211,80,33,0,324,0,0,0,324
11/14/2008,ONT,CA,AWP,WE,Towers with Radar,196,64,10,0,270,0,11,11,0,22,196,75,21,0,292,11,0,11,303
11/15/2008,ONT,CA,AWP,WE,Towers with Radar,140,42,9,0,191,0,2,24,0,26,140,44,33,0,217,0,0,0,217
11/16/2008,ONT,CA,AWP,WE,Towers with Radar,163,27,11,0,201,0,0,16,0,16,163,27,27,0,217,0,0,0,217
11/17/2008,ONT,CA,AWP,WE,Towers with Radar,167,57,4,0,228,0,5,15,0,20,167,62,19,0,248,0,0,0,248
11/18/2008,ONT,CA,AWP,WE,Towers with Radar,213,67,10,0,290,0,4,22,0,26,213,71,32,0,316,0,0,0,316
11/19/2008,ONT,CA,AWP,WE,Towers with Radar,213,68,16,0,297,0,0,5,0,5,213,68,21,0,302,0,0,0,302
11/20/2008,ONT,CA,AWP,WE,Towers with Radar,204,66,55,0,325,204,61,30,0,295,408,127,85,0,620,0,0,0,620
11/21/2008,ONT,CA,AWP,WE,Towers with Radar,190,68,15,0,273,0,8,26,0,34,190,76,41,0,307,4,0,4,311
11/22/2008,ONT,CA,AWP,WE,Towers with Radar,147,36,5,0,188,0,4,11,0,15,147,40,16,0,203,0,0,0,203
11/23/2008,ONT,CA,AWP,WE,Towers with Radar,143,31,10,0,184,0,0,13,0,13,143,31,23,0,197,0,0,0,197
11/24/2008,ONT,CA,AWP,WE,Towers with Radar,190,48,16,0,254,0,2,18,0,20,190,50,34,0,274,16,0,16,290
11/25/2008,ONT,CA,AWP,WE,Towers with Radar,221,78,32,0,331,0,8,10,0,18,221,86,42,0,349,0,0,0,349
11/26/2008,ONT,CA,AWP,WE,Towers with Radar,209,91,26,0,326,0,0,8,0,8,209,91,34,0,334,0,0,0,334
11/27/2008,ONT,CA,AWP,WE,Towers with Radar,127,22,9,0,158,0,0,0,0,0,127,22,9,0,158,2,0,2,160
11/28/2008,ONT,CA,AWP,WE,Towers with Radar,148,57,16,0,221,0,3,6,0,9,148,60,22,0,230,0,0,0,230
11/29/2008,ONT,CA,AWP,WE,Towers with Radar,145,46,12,0,203,0,0,11,0,11,145,46,23,0,214,8,0,8,222
11/30/2008,ONT,CA,AWP,WE,Towers with Radar,185,34,26,0,245,0,0,8,0,8,185,34,34,0,253,0,0,0,253
12/01/2008,ONT,CA,AWP,WE,Towers with Radar,233,59,14,0,306,0,6,25,0,31,233,65,39,0,337,0,0,0,337
12/02/2008,ONT,CA,AWP,WE,Towers with Radar,231,78,24,0,333,0,0,4,0,4,231,78,28,0,337,0,0,0,337
12/03/2008,ONT,CA,AWP,WE,Towers with Radar,220,88,15,0,323,0,0,6,0,6,220,88,21,0,329,5,0,5,334
12/04/2008,ONT,CA,AWP,WE,Towers with Radar,210,88,26,0,324,0,0,15,0,15,210,88,41,0,339,15,0,15,354
12/05/2008,ONT,CA,AWP,WE,Towers with Radar,194,75,13,0,282,0,4,20,0,24,194,79,33,0,306,8,0,8,314
12/06/2008,ONT,CA,AWP,WE,Towers with Radar,133,33,9,0,175,0,4,15,0,19,133,37,24,0,194,6,0,6,200
12/07/2008,ONT,CA,AWP,WE,Towers with Radar,148,27,13,0,188,0,0,5,0,5,148,27,18,0,193,6,0,6,199
12/08/2008,ONT,CA,AWP,WE,Towers with Radar,182,58,16,0,256,0,0,12,0,12,182,58,28,0,268,0,0,0,268
12/09/2008,ONT,CA,AWP,WE,Towers with Radar,219,75,26,0,320,0,9,5,0,14,219,84,31,0,334,0,0,0,334
12/10/2008,ONT,CA,AWP,WE,Towers with Radar,213,73,17,0,303,0,13,27,0,40,213,86,44,0,343,13,0,13,356
12/11/2008,ONT,CA,AWP,WE,Towers with Radar,203,76,18,0,297,0,9,27,0,36,203,85,45,0,333,0,0,0,333
12/12/2008,ONT,CA,AWP,WE,Towers with Radar,196,73,19,0,288,0,7,10,0,17,196,80,29,0,305,14,0,14,319
12/13/2008,ONT,CA,AWP,WE,Towers with Radar,136,36,15,0,187,0,0,0,0,0,136,36,15,0,187,0,0,0,187
12/14/2008,ONT,CA,AWP,WE,Towers with Radar,146,26,21,0,193,0,0,9,0,9,146,26,30,0,202,0,0,0,202
12/15/2008,ONT,CA,AWP,WE,Towers with Radar,191,53,15,0,259,0,0,0,0,0,191,53,15,0,259,0,0,0,259
12/16/2008,ONT,CA,AWP,WE,Towers with Radar,233,73,19,0,325,0,3,20,0,23,233,76,39,0,348,6,0,6,354
12/17/2008,ONT,CA,AWP,WE,Towers with Radar,217,75,17,0,309,0,0,1,0,1,217,75,18,0,310,0,0,0,310
12/18/2008,ONT,CA,AWP,WE,Towers with Radar,240,92,26,0,358,0,0,2,0,2,240,92,28,0,360,0,0,0,360
12/19/2008,ONT,CA,AWP,WE,Towers with Radar,218,80,21,0,319,0,5,23,0,28,218,85,44,0,347,0,0,0,347
12/20/2008,ONT,CA,AWP,WE,Towers with Radar,156,46,14,0,216,0,6,10,0,16,156,52,24,0,232,3,0,3,235
12/21/2008,ONT,CA,AWP,WE,Towers with Radar,150,20,16,0,186,0,9,0,0,9,150,29,16,0,195,3,0,3,198
12/22/2008,ONT,CA,AWP,WE,Towers with Radar,181,59,22,0,262,0,0,3,0,3,181,59,25,0,265,0,0,0,265
12/23/2008,ONT,CA,AWP,WE,Towers with Radar,238,79,21,2,340,0,4,13,0,17,238,83,34,2,357,2,0,2,359
12/24/2008,ONT,CA,AWP,WE,Towers with Radar,177,105,10,0,292,0,5,9,0,14,177,110,19,0,306,2,0,2,308
12/25/2008,ONT,CA,AWP,WE,Towers with Radar,121,17,1,0,139,0,0,2,0,2,121,17,3,0,141,0,0,0,141
12/26/2008,ONT,CA,AWP,WE,Towers with Radar,167,62,12,0,241,0,6,10,0,16,167,68,22,0,257,0,0,0,257
12/27/2008,ONT,CA,AWP,WE,Towers with Radar,147,42,12,0,201,0,4,14,0,18,147,46,26,0,219,8,0,8,227
12/28/2008,ONT,CA,AWP,WE,Towers with Radar,146,29,13,0,188,0,0,9,0,9,146,29,22,0,197,6,0,6,203
12/29/2008,ONT,CA,AWP,WE,Towers with Radar,176,61,12,0,249,0,3,8,0,11,176,64,20,0,260,6,0,6,266
12/30/2008,ONT,CA,AWP,WE,Towers with Radar,233,67,16,0,316,0,9,14,0,23,233,76,30,0,339,2,0,2,341
12/31/2008,ONT,CA,AWP,WE,Towers with Radar,195,78,9,0,282,0,11,21,0,32,195,89,30,0,314,0,0,0,314
01/01/2009,ONT,CA,AWP,WE,Towers with Radar,133,25,3,0,161,0,0,1,0,1,133,25,4,0,162,2,0,2,164
01/02/2009,ONT,CA,AWP,WE,Towers with Radar,173,78,23,0,274,0,1,2,0,3,173,79,25,0,277,0,0,0,277
01/03/2009,ONT,CA,AWP,WE,Towers with Radar,162,46,12,0,220,0,0,9,0,9,162,46,21,0,229,6,0,6,235
01/04/2009,ONT,CA,AWP,WE,Towers with Radar,152,23,14,0,189,0,0,10,0,10,152,23,24,0,199,14,0,14,213
01/05/2009,ONT,CA,AWP,WE,Towers with Radar,173,55,17,0,245,0,3,14,0,17,173,58,31,0,262,9,0,9,271
01/06/2009,ONT,CA,AWP,WE,Towers with Radar,198,67,15,0,280,0,3,22,0,25,198,70,37,0,305,0,0,0,305
01/07/2009,ONT,CA,AWP,WE,Towers with Radar,199,75,17,0,291,0,5,34,0,39,199,80,51,0,330,28,0,28,358
01/08/2009,ONT,CA,AWP,WE,Towers with Radar,198,67,26,0,291,0,0,5,0,5,198,67,31,0,296,0,0,0,296
01/09/2009,ONT,CA,AWP,WE,Towers with Radar,191,76,16,0,283,0,9,8,0,17,191,85,24,0,300,0,0,0,300
01/10/2009,ONT,CA,AWP,WE,Towers with Radar,124,43,13,0,180,0,3,15,0,18,124,46,28,0,198,0,0,0,198
01/11/2009,ONT,CA,AWP,WE,Towers with Radar,138,17,15,0,170,0,0,9,0,9,138,17,24,0,179,0,0,0,179
01/12/2009,ONT,CA,AWP,WE,Towers with Radar,182,54,14,0,250,0,4,12,1,17,182,58,26,1,267,0,0,0,267
01/13/2009,ONT,CA,AWP,WE,Towers with Radar,199,70,12,0,281,0,5,7,0,12,199,75,19,0,293,0,0,0,293
01/14/2009,ONT,CA,AWP,WE,Towers with Radar,193,61,6,0,260,0,0,0,0,0,193,61,6,0,260,0,0,0,260
01/15/2009,ONT,CA,AWP,WE,Towers with Radar,191,68,19,0,278,0,2,25,0,27,191,70,44,0,305,10,0,10,315
01/16/2009,ONT,CA,AWP,WE,Towers with Radar,180,72,16,0,268,0,1,12,0,13,180,73,28,0,281,12,0,12,293
01/17/2009,ONT,CA,AWP,WE,Towers with Radar,119,35,8,0,162,0,3,11,0,14,119,38,19,0,176,16,0,16,192
01/18/2009,ONT,CA,AWP,WE,Towers with Radar,140,22,4,0,166,0,0,5,0,5,140,22,9,0,171,0,0,0,171
01/19/2009,ONT,CA,AWP,WE,Towers with Radar,166,44,22,0,232,0,8,17,0,25,166,52,39,0,257,0,0,0,257
01/20/2009,ONT,CA,AWP,WE,Towers with Radar,186,64,11,0,261,0,7,34,0,41,186,71,45,0,302,10,0,10,312
01/21/2009,ONT,CA,AWP,WE,Towers with Radar,201,65,15,0,281,0,8,12,0,20,201,73,27,0,301,12,0,12,313
01/22/2009,ONT,CA,AWP,WE,Towers with Radar,167,92,27,0,286,0,4,18,0,22,167,96,45,0,308,0,0,0,308
01/23/2009,ONT,CA,AWP,WE,Towers with Radar,181,69,16,0,266,0,0,7,0,7,181,69,23,0,273,0,0,0,273
01/24/2009,ONT,CA,AWP,WE,Towers with Radar,114,44,17,0,175,0,1,4,0,5,114,45,21,0,180,0,0,0,180
01/25/2009,ONT,CA,AWP,WE,Towers with Radar,137,26,23,0,186,0,1,10,0,11,137,27,33,0,197,15,0,15,212
01/26/2009,ONT,CA,AWP,WE,Towers with Radar,181,47,25,0,253,0,1,12,0,13,181,48,37,0,266,19,0,19,285
01/27/2009,ONT,CA,AWP,WE,Towers with Radar,194,89,52,0,335,0,11,30,0,41,194,100,82,0,376,0,0,0,376
01/28/2009,ONT,CA,AWP,WE,Towers with Radar,195,74,28,0,297,0,3,26,0,29,195,77,54,0,326,0,0,0,326
01/29/2009,ONT,CA,AWP,WE,Towers with Radar,200,63,21,0,284,0,0,1,0,1,200,63,22,0,285,0,0,0,285
01/30/2009,ONT,CA,AWP,WE,Towers with Radar,179,68,17,0,264,0,6,15,0,21,179,74,32,0,285,8,0,8,293
01/31/2009,ONT,CA,AWP,WE,Towers with Radar,130,33,10,0,173,0,7,7,0,14,130,40,17,0,187,14,0,14,201
02/01/2009,ONT,CA,AWP,WE,Towers with Radar,134,25,23,0,182,0,0,8,0,8,134,25,31,0,190,0,0,0,190
02/02/2009,ONT,CA,AWP,WE,Towers with Radar,164,50,25,1,240,0,0,10,0,10,164,50,35,1,250,0,0,0,250
02/03/2009,ONT,CA,AWP,WE,Towers with Radar,194,73,14,0,281,0,1,24,0,25,194,74,38,0,306,5,0,5,311
02/04/2009,ONT,CA,AWP,WE,Towers with Radar,186,66,11,0,263,0,5,30,0,35,186,71,41,0,298,3,0,3,301
02/05/2009,ONT,CA,AWP,WE,Towers with Radar,200,68,28,1,297,0,0,1,1,2,200,68,29,2,299,0,0,0,299
02/06/2009,ONT,CA,AWP,WE,Towers with Radar,179,74,4,0,257,0,0,1,0,1,179,74,5,0,258,1,0,1,259
02/07/2009,ONT,CA,AWP,WE,Towers with Radar,116,33,4,0,153,0,0,4,0,4,116,33,8,0,157,0,0,0,157
02/08/2009,ONT,CA,AWP,WE,Towers with Radar,142,24,39,0,205,0,0,1,0,1,142,24,40,0,206,0,0,0,206
02/09/2009,ONT,CA,AWP,WE,Towers with Radar,170,53,8,0,231,0,1,1,0,2,170,54,9,0,233,0,0,0,233
02/10/2009,ONT,CA,AWP,WE,Towers with Radar,199,79,9,0,287,0,6,19,0,25,199,85,28,0,312,49,0,49,361
02/11/2009,ONT,CA,AWP,WE,Towers with Radar,191,76,17,0,284,0,2,19,0,21,191,78,36,0,305,24,0,24,329
02/12/2009,ONT,CA,AWP,WE,Towers with Radar,197,82,21,0,300,0,0,6,0,6,197,82,27,0,306,18,0,18,324
02/13/2009,ONT,CA,AWP,WE,Towers with Radar,189,75,22,0,286,0,0,0,0,0,189,75,22,0,286,0,0,0,286
02/14/2009,ONT,CA,AWP,WE,Towers with Radar,120,40,7,0,167,0,1,13,0,14,120,41,20,0,181,0,0,0,181
02/15/2009,ONT,CA,AWP,WE,Towers with Radar,137,25,28,0,190,0,0,4,0,4,137,25,32,0,194,6,0,6,200
02/16/2009,ONT,CA,AWP,WE,Towers with Radar,158,57,15,0,230,0,0,0,0,0,158,57,15,0,230,0,0,0,230
02/17/2009,ONT,CA,AWP,WE,Towers with Radar,190,77,27,0,294,0,0,7,0,7,190,77,34,0,301,0,0,0,301
02/18/2009,ONT,CA,AWP,WE,Towers with Radar,192,67,22,0,281,0,5,26,0,31,192,72,48,0,312,8,0,8,320
02/19/2009,ONT,CA,AWP,WE,Towers with Radar,185,70,48,0,303,0,0,1,0,1,185,70,49,0,304,21,0,21,325
02/20/2009,ONT,CA,AWP,WE,Towers with Radar,169,60,22,0,251,0,5,13,0,18,169,65,35,0,269,25,0,25,294
02/21/2009,ONT,CA,AWP,WE,Towers with Radar,123,37,21,0,181,0,4,12,0,16,123,41,33,0,197,2,0,2,199
02/22/2009,ONT,CA,AWP,WE,Towers with Radar,130,33,39,0,202,0,0,44,0,44,130,33,83,0,246,0,0,0,246
02/23/2009,ONT,CA,AWP,WE,Towers with Radar,178,46,23,0,247,0,3,10,0,13,178,49,33,0,260,52,0,52,312
02/24/2009,ONT,CA,AWP,WE,Towers with Radar,191,72,19,0,282,0,0,20,0,20,191,72,39,0,302,0,0,0,302
02/25/2009,ONT,CA,AWP,WE,Towers with Radar,187,69,18,0,274,0,0,6,0,6,187,69,24,0,280,0,0,0,280
02/26/2009,ONT,CA,AWP,WE,Towers with Radar,191,65,17,0,273,0,0,8,0,8,191,65,25,0,281,64,0,64,345
02/27/2009,ONT,CA,AWP,WE,Towers with Radar,181,65,14,0,260,0,1,19,0,20,181,66,33,0,280,0,0,0,280
02/28/2009,ONT,CA,AWP,WE,Towers with Radar,136,41,9,0,186,0,1,7,3,11,136,42,16,3,197,8,0,8,205
03/01/2009,ONT,CA,AWP,WE,Towers with Radar,202,23,6,0,231,0,0,8,0,8,202,23,14,0,239,0,0,0,239
03/02/2009,ONT,CA,AWP,WE,Towers with Radar,174,57,12,0,243,0,6,23,0,29,174,63,35,0,272,2,0,2,274
03/03/2009,ONT,CA,AWP,WE,Towers with Radar,192,72,25,0,289,0,1,23,0,24,192,73,48,0,313,0,0,0,313
03/04/2009,ONT,CA,AWP,WE,Towers with Radar,195,66,13,0,274,0,1,1,0,2,195,67,14,0,276,24,0,24,300
03/05/2009,ONT,CA,AWP,WE,Towers with Radar,192,69,21,0,282,0,0,4,0,4,192,69,25,0,286,18,0,18,304
03/06/2009,ONT,CA,AWP,WE,Towers with Radar,180,68,13,0,261,0,0,5,0,5,180,68,18,0,266,0,0,0,266
03/07/2009,ONT,CA,AWP,WE,Towers with Radar,136,33,14,0,183,0,1,12,0,13,136,34,26,0,196,5,0,5,201
03/08/2009,ONT,CA,AWP,WE,Towers with Radar,152,24,16,0,192,0,0,10,0,10,152,24,26,0,202,0,0,0,202
03/09/2009,ONT,CA,AWP,WE,Towers with Radar,175,52,10,0,237,0,0,8,0,8,175,52,18,0,245,1,0,1,246
03/10/2009,ONT,CA,AWP,WE,Towers with Radar,202,65,10,0,277,0,0,23,0,23,202,65,33,0,300,0,0,0,300
03/11/2009,ONT,CA,AWP,WE,Towers with Radar,195,67,24,0,286,0,1,8,0,9,195,68,32,0,295,0,0,0,295
03/12/2009,ONT,CA,AWP,WE,Towers with Radar,191,67,17,0,275,0,0,1,0,1,191,67,18,0,276,18,0,18,294
03/13/2009,ONT,CA,AWP,WE,Towers with Radar,179,66,13,0,258,0,1,10,0,11,179,67,23,0,269,5,7,12,281
03/14/2009,ONT,CA,AWP,WE,Towers with Radar,137,44,10,0,191,0,0,7,0,7,137,44,17,0,198,0,0,0,198
03/15/2009,ONT,CA,AWP,WE,Towers with Radar,147,24,9,0,180,0,0,3,0,3,147,24,12,0,183,0,0,0,183
03/16/2009,ONT,CA,AWP,WE,Towers with Radar,177,43,14,0,234,0,15,25,0,40,177,58,39,0,274,8,0,8,282
03/17/2009,ONT,CA,AWP,WE,Towers with Radar,191,69,18,0,278,0,3,28,0,31,191,72,46,0,309,0,0,0,309
03/18/2009,ONT,CA,AWP,WE,Towers with Radar,205,63,13,0,281,0,6,21,0,27,205,69,34,0,308,0,0,0,308
03/19/2009,ONT,CA,AWP,WE,Towers with Radar,194,67,27,0,288,0,0,5,0,5,194,67,32,0,293,10,0,10,303
03/20/2009,ONT,CA,AWP,WE,Towers with Radar,193,63,17,0,273,0,0,7,0,7,193,63,24,0,280,0,0,0,280
03/21/2009,ONT,CA,AWP,WE,Towers with Radar,140,39,17,0,196,0,0,2,0,2,140,39,19,0,198,0,0,0,198
03/22/2009,ONT,CA,AWP,WE,Towers with Radar,161,33,19,0,213,0,0,6,0,6,161,33,25,0,219,0,0,0,219
03/23/2009,ONT,CA,AWP,WE,Towers with Radar,188,50,22,0,260,0,3,15,0,18,188,53,37,0,278,0,0,0,278
03/24/2009,ONT,CA,AWP,WE,Towers with Radar,201,61,17,0,279,0,7,18,0,25,201,68,35,0,304,6,0,6,310
03/25/2009,ONT,CA,AWP,WE,Towers with Radar,193,64,18,0,275,0,4,15,0,19,193,68,33,0,294,26,0,26,320
03/26/2009,ONT,CA,AWP,WE,Towers with Radar,200,68,13,0,281,0,2,23,0,25,200,70,36,0,306,6,0,6,312
03/27/2009,ONT,CA,AWP,WE,Towers with Radar,188,64,7,0,259,0,3,15,0,18,188,67,22,0,277,11,0,11,288
03/28/2009,ONT,CA,AWP,WE,Towers with Radar,135,39,9,0,183,0,3,12,0,15,135,42,21,0,198,0,0,0,198
03/29/2009,ONT,CA,AWP,WE,Towers with Radar,140,27,1,1,169,0,0,9,0,9,140,27,10,1,178,0,0,0,178
03/30/2009,ONT,CA,AWP,WE,Towers with Radar,164,56,21,0,241,0,5,13,0,18,164,61,34,0,259,8,0,8,267
03/31/2009,ONT,CA,AWP,WE,Towers with Radar,191,70,9,0,270,0,1,36,0,37,191,71,45,0,307,16,0,16,323
04/01/2009,ONT,CA,AWP,WE,Towers with Radar,192,64,13,0,269,0,9,8,0,17,192,73,21,0,286,8,0,8,294
04/02/2009,ONT,CA,AWP,WE,Towers with Radar,188,68,17,0,273,0,0,9,0,9,188,68,26,0,282,6,0,6,288
04/03/2009,ONT,CA,AWP,WE,Towers with Radar,193,73,13,0,279,0,1,4,0,5,193,74,17,0,284,38,0,38,322
04/04/2009,ONT,CA,AWP,WE,Towers with Radar,137,35,4,0,176,0,4,13,0,17,137,39,17,0,193,20,0,20,213
04/05/2009,ONT,CA,AWP,WE,Towers with Radar,149,20,10,0,179,0,0,7,0,7,149,20,17,0,186,0,0,0,186
04/06/2009,ONT,CA,AWP,WE,Towers with Radar,171,46,15,0,232,0,3,17,0,20,171,49,32,0,252,5,0,5,257
04/07/2009,ONT,CA,AWP,WE,Towers with Radar,193,67,15,0,275,0,2,18,0,20,193,69,33,0,295,36,0,36,331
04/08/2009,ONT,CA,AWP,WE,Towers with Radar,198,75,10,0,283,0,2,17,0,19,198,77,27,0,302,0,0,0,302
04/09/2009,ONT,CA,AWP,WE,Towers with Radar,192,72,9,0,273,0,0,7,0,7,192,72,16,0,280,0,0,0,280
04/10/2009,ONT,CA,AWP,WE,Towers with Radar,195,72,16,0,283,0,0,3,0,3,195,72,19,0,286,26,0,26,312
04/11/2009,ONT,CA,AWP,WE,Towers with Radar,134,40,3,0,177,0,0,11,0,11,134,40,14,0,188,18,0,18,206
04/12/2009,ONT,CA,AWP,WE,Towers with Radar,162,23,2,0,187,0,0,11,0,11,162,23,13,0,198,2,0,2,200
04/13/2009,ONT,CA,AWP,WE,Towers with Radar,178,64,12,0,254,0,4,24,0,28,178,68,36,0,282,0,0,0,282
04/14/2009,ONT,CA,AWP,WE,Towers with Radar,198,87,16,0,301,0,1,14,0,15,198,88,30,0,316,0,0,0,316
04/15/2009,ONT,CA,AWP,WE,Towers with Radar,203,76,16,0,295,0,3,5,0,8,203,79,21,0,303,1,0,1,304
04/16/2009,ONT,CA,AWP,WE,Towers with Radar,190,82,9,0,281,0,0,1,0,1,190,82,10,0,282,35,0,35,317
04/17/2009,ONT,CA,AWP,WE,Towers with Radar,186,69,14,2,271,0,0,18,0,18,186,69,32,2,289,0,22,22,311
04/18/2009,ONT,CA,AWP,WE,Towers with Radar,142,38,6,0,186,0,3,15,0,18,142,41,21,0,204,24,0,24,228
04/19/2009,ONT,CA,AWP,WE,Towers with Radar,171,41,10,0,222,0,0,16,0,16,171,41,26,0,238,0,0,0,238
04/20/2009,ONT,CA,AWP,WE,Towers with Radar,186,56,6,0,248,0,1,17,0,18,186,57,23,0,266,32,0,32,298
04/21/2009,ONT,CA,AWP,WE,Towers with Radar,195,74,6,0,275,0,2,16,0,18,195,76,22,0,293,0,0,0,293
04/22/2009,ONT,CA,AWP,WE,Towers with Radar,187,79,9,0,275,0,2,12,0,14,187,81,21,0,289,20,0,20,309
04/23/2009,ONT,CA,AWP,WE,Towers with Radar,191,74,22,0,287,0,0,9,0,9,191,74,31,0,296,20,0,20,316
04/24/2009,ONT,CA,AWP,WE,Towers with Radar,197,65,24,0,286,0,0,13,0,13,197,65,37,0,299,0,2,2,301
04/25/2009,ONT,CA,AWP,WE,Towers with Radar,142,35,13,0,190,0,2,5,0,7,142,37,18,0,197,20,0,20,217
04/26/2009,ONT,CA,AWP,WE,Towers with Radar,148,24,7,0,179,0,0,17,0,17,148,24,24,0,196,42,0,42,238
04/27/2009,ONT,CA,AWP,WE,Towers with Radar,176,63,20,0,259,14,0,0,0,14,190,63,20,0,273,10,0,10,283
04/28/2009,ONT,CA,AWP,WE,Towers with Radar,196,84,24,0,304,0,0,18,0,18,196,84,42,0,322,2,0,2,324
04/29/2009,ONT,CA,AWP,WE,Towers with Radar,178,70,20,0,268,0,3,21,1,25,178,73,41,1,293,0,0,0,293
04/30/2009,ONT,CA,AWP,WE,Towers with Radar,182,76,28,0,286,0,2,15,0,17,182,78,43,0,303,10,0,10,313
05/01/2009,ONT,CA,AWP,WE,Towers with Radar,191,74,17,0,282,0,3,11,0,14,191,77,28,0,296,26,0,26,322
05/02/2009,ONT,CA,AWP,WE,Towers with Radar,142,35,5,0,182,0,1,5,0,6,142,36,10,0,188,10,0,10,198
05/03/2009,ONT,CA,AWP,WE,Towers with Radar,142,25,13,0,180,0,0,31,0,31,142,25,44,0,211,4,0,4,215
05/04/2009,ONT,CA,AWP,WE,Towers with Radar,176,54,15,0,245,0,2,27,0,29,176,56,42,0,274,4,0,4,278
05/05/2009,ONT,CA,AWP,WE,Towers with Radar,194,78,17,0,289,0,4,19,0,23,194,82,36,0,312,0,0,0,312
05/06/2009,ONT,CA,AWP,WE,Towers with Radar,202,78,11,0,291,0,3,24,0,27,202,81,35,0,318,24,0,24,342
05/07/2009,ONT,CA,AWP,WE,Towers with Radar,200,71,24,0,295,0,0,4,0,4,200,71,28,0,299,10,0,10,309
05/08/2009,ONT,CA,AWP,WE,Towers with Radar,192,73,10,0,275,0,5,15,0,20,192,78,25,0,295,0,6,6,301
05/09/2009,ONT,CA,AWP,WE,Towers with Radar,147,46,9,0,202,0,0,10,0,10,147,46,19,0,212,6,0,6,218
05/10/2009,ONT,CA,AWP,WE,Towers with Radar,138,24,11,0,173,0,0,21,0,21,138,24,32,0,194,14,0,14,208
05/11/2009,ONT,CA,AWP,WE,Towers with Radar,174,62,15,0,251,0,0,17,0,17,174,62,32,0,268,6,0,6,274
05/12/2009,ONT,CA,AWP,WE,Towers with Radar,206,75,19,0,300,0,1,24,0,25,206,76,43,0,325,24,0,24,349
05/13/2009,ONT,CA,AWP,WE,Towers with Radar,201,71,24,0,296,0,5,26,0,31,201,76,50,0,327,0,0,0,327
05/14/2009,ONT,CA,AWP,WE,Towers with Radar,200,57,14,0,271,0,0,2,0,2,200,57,16,0,273,26,0,26,299
05/15/2009,ONT,CA,AWP,WE,Towers with Radar,203,73,15,0,291,0,6,22,0,28,203,79,37,0,319,14,0,14,333
05/16/2009,ONT,CA,AWP,WE,Towers with Radar,145,30,9,0,184,0,2,21,0,23,145,32,30,0,207,14,0,14,221
05/17/2009,ONT,CA,AWP,WE,Towers with Radar,138,22,36,0,196,0,0,15,0,15,138,22,51,0,211,0,0,0,211
05/18/2009,ONT,CA,AWP,WE,Towers with Radar,177,51,17,2,247,0,0,36,0,36,177,51,53,2,283,6,0,6,289
05/19/2009,ONT,CA,AWP,WE,Towers with Radar,207,74,17,0,298,0,2,27,0,29,207,76,44,0,327,0,0,0,327
05/20/2009,ONT,CA,AWP,WE,Towers with Radar,198,67,16,0,281,0,3,25,0,28,198,70,41,0,309,6,0,6,315
05/21/2009,ONT,CA,AWP,WE,Towers with Radar,209,63,17,0,289,0,0,1,0,1,209,63,18,0,290,2,0,2,292
05/22/2009,ONT,CA,AWP,WE,Towers with Radar,185,65,26,0,276,0,1,14,0,15,185,66,40,0,291,10,0,10,301
05/23/2009,ONT,CA,AWP,WE,Towers with Radar,139,32,11,0,182,0,1,6,0,7,139,33,17,0,189,0,0,0,189
05/24/2009,ONT,CA,AWP,WE,Towers with Radar,111,21,7,0,139,0,0,13,0,13,111,21,20,0,152,0,0,0,152
05/25/2009,ONT,CA,AWP,WE,Towers with Radar,150,30,8,0,188,0,0,5,0,5,150,30,13,0,193,2,0,2,195
05/26/2009,ONT,CA,AWP,WE,Towers with Radar,186,60,14,0,260,0,3,17,0,20,186,63,31,0,280,0,0,0,280
05/27/2009,ONT,CA,AWP,WE,Towers with Radar,200,76,21,0,297,0,2,26,0,28,200,78,47,0,325,36,0,36,361
05/28/2009,ONT,CA,AWP,WE,Towers with Radar,180,67,18,0,265,0,0,4,0,4,180,67,22,0,269,10,0,10,279
05/29/2009,ONT,CA,AWP,WE,Towers with Radar,179,80,20,0,279,0,0,12,0,12,179,80,32,0,291,0,0,0,291
05/30/2009,ONT,CA,AWP,WE,Towers with Radar,151,40,6,0,197,0,0,0,0,0,151,40,6,0,197,2,0,2,199
05/31/2009,ONT,CA,AWP,WE,Towers with Radar,150,21,9,0,180,0,0,3,0,3,150,21,12,0,183,0,0,0,183
06/01/2009,ONT,CA,AWP,WE,Towers with Radar,176,63,16,1,256,0,0,48,0,48,176,63,64,1,304,0,0,0,304
06/02/2009,ONT,CA,AWP,WE,Towers with Radar,200,67,16,0,283,0,0,13,0,13,200,67,29,0,296,6,0,6,302
06/03/2009,ONT,CA,AWP,WE,Towers with Radar,203,72,15,0,290,0,0,8,0,8,203,72,23,0,298,0,0,0,298
06/04/2009,ONT,CA,AWP,WE,Towers with Radar,193,70,22,0,285,0,0,2,0,2,193,70,24,0,287,17,0,17,304
06/05/2009,ONT,CA,AWP,WE,Towers with Radar,192,61,13,0,266,0,2,11,0,13,192,63,24,0,279,0,0,0,279
06/06/2009,ONT,CA,AWP,WE,Towers with Radar,136,39,7,0,182,0,1,3,0,4,136,40,10,0,186,0,0,0,186
06/07/2009,ONT,CA,AWP,WE,Towers with Radar,139,22,11,0,172,0,0,14,0,14,139,22,25,0,186,18,0,18,204
06/08/2009,ONT,CA,AWP,WE,Towers with Radar,173,60,19,0,252,0,2,22,0,24,173,62,41,0,276,3,0,3,279
06/09/2009,ONT,CA,AWP,WE,Towers with Radar,196,81,16,0,293,0,0,12,0,12,196,81,28,0,305,0,0,0,305
06/10/2009,ONT,CA,AWP,WE,Towers with Radar,192,68,19,0,279,0,0,16,0,16,192,68,35,0,295,10,0,10,305
06/11/2009,ONT,CA,AWP,WE,Towers with Radar,198,82,16,0,296,0,12,0,0,12,198,94,16,0,308,26,0,26,334
06/12/2009,ONT,CA,AWP,WE,Towers with Radar,170,71,26,0,267,0,0,15,0,15,170,71,41,0,282,12,0,12,294
06/13/2009,ONT,CA,AWP,WE,Towers with Radar,179,39,9,0,227,0,0,10,0,10,179,39,19,0,237,0,0,0,237
06/14/2009,ONT,CA,AWP,WE,Towers with Radar,149,22,17,0,188,0,0,6,0,6,149,22,23,0,194,0,0,0,194
06/15/2009,ONT,CA,AWP,WE,Towers with Radar,176,59,7,0,242,0,0,14,0,14,176,59,21,0,256,8,0,8,264
06/16/2009,ONT,CA,AWP,WE,Towers with Radar,200,75,15,0,290,0,0,11,0,11,200,75,26,0,301,6,0,6,307
06/17/2009,ONT,CA,AWP,WE,Towers with Radar,201,69,8,0,278,0,3,37,0,40,201,72,45,0,318,11,0,11,329
06/18/2009,ONT,CA,AWP,WE,Towers with Radar,206,66,14,0,286,0,0,1,0,1,206,66,15,0,287,15,0,15,302
06/19/2009,ONT,CA,AWP,WE,Towers with Radar,191,64,13,0,268,0,2,8,0,10,191,66,21,0,278,29,0,29,307
06/20/2009,ONT,CA,AWP,WE,Towers with Radar,133,43,14,0,190,0,0,4,0,4,133,43,18,0,194,6,0,6,200
06/21/2009,ONT,CA,AWP,WE,Towers with Radar,149,26,12,0,187,0,0,6,0,6,149,26,18,0,193,0,0,0,193
06/22/2009,ONT,CA,AWP,WE,Towers with Radar,173,57,10,0,240,0,2,13,0,15,173,59,23,0,255,54,0,54,309
06/23/2009,ONT,CA,AWP,WE,Towers with Radar,197,73,23,0,293,0,3,12,0,15,197,76,35,0,308,2,0,2,310
06/24/2009,ONT,CA,AWP,WE,Towers with Radar,205,75,17,0,297,0,0,21,0,21,205,75,38,0,318,16,0,16,334
06/25/2009,ONT,CA,AWP,WE,Towers with Radar,198,72,8,0,278,0,0,2,0,2,198,72,10,0,280,53,0,53,333
06/26/2009,ONT,CA,AWP,WE,Towers with Radar,191,70,16,0,277,0,0,31,0,31,191,70,47,0,308,6,0,6,314
06/27/2009,ONT,CA,AWP,WE,Towers with Radar,134,44,13,0,191,0,1,22,0,23,134,45,35,0,214,12,0,12,226
06/28/2009,ONT,CA,AWP,WE,Towers with Radar,202,30,11,0,243,0,0,11,0,11,202,30,22,0,254,10,0,10,264
06/29/2009,ONT,CA,AWP,WE,Towers with Radar,178,70,9,0,257,0,0,14,0,14,178,70,23,0,271,0,0,0,271
06/30/2009,ONT,CA,AWP,WE,Towers with Radar,204,71,12,0,287,0,4,30,0,34,204,75,42,0,321,5,0,5,326
07/01/2009,ONT,CA,AWP,WE,Towers with Radar,205,65,8,0,278,0,3,21,0,24,205,68,29,0,302,3,0,3,305
07/02/2009,ONT,CA,AWP,WE,Towers with Radar,209,67,10,0,286,0,1,16,0,17,209,68,26,0,303,12,0,12,315
07/03/2009,ONT,CA,AWP,WE,Towers with Radar,168,61,3,0,232,0,2,14,0,16,168,63,17,0,248,2,0,2,250
07/04/2009,ONT,CA,AWP,WE,Towers with Radar,96,27,6,0,129,0,0,5,0,5,96,27,11,0,134,2,0,2,136
07/05/2009,ONT,CA,AWP,WE,Towers with Radar,143,26,4,0,173,0,0,5,0,5,143,26,9,0,178,4,0,4,182
07/06/2009,ONT,CA,AWP,WE,Towers with Radar,174,58,10,0,242,0,0,14,0,14,174,58,24,0,256,0,0,0,256
07/07/2009,ONT,CA,AWP,WE,Towers with Radar,193,80,10,0,283,0,4,31,0,35,193,84,41,0,318,10,0,10,328
07/08/2009,ONT,CA,AWP,WE,Towers with Radar,199,75,21,0,295,0,0,9,0,9,199,75,30,0,304,8,0,8,312
07/09/2009,ONT,CA,AWP,WE,Towers with Radar,200,71,16,0,287,0,0,2,0,2,200,71,18,0,289,10,0,10,299
07/10/2009,ONT,CA,AWP,WE,Towers with Radar,186,68,13,0,267,0,9,17,0,26,186,77,30,0,293,0,0,0,293
07/11/2009,ONT,CA,AWP,WE,Towers with Radar,134,45,0,0,179,0,2,12,0,14,134,47,12,0,193,4,0,4,197
07/12/2009,ONT,CA,AWP,WE,Towers with Radar,147,26,4,0,177,0,0,4,0,4,147,26,8,0,181,2,0,2,183
07/13/2009,ONT,CA,AWP,WE,Towers with Radar,173,56,6,2,237,0,0,18,0,18,173,56,24,2,255,24,0,24,279
07/14/2009,ONT,CA,AWP,WE,Towers with Radar,194,65,15,0,274,0,2,17,0,19,194,67,32,0,293,16,0,16,309
07/15/2009,ONT,CA,AWP,WE,Towers with Radar,198,71,24,0,293,0,6,13,0,19,198,77,37,0,312,36,0,36,348
07/16/2009,ONT,CA,AWP,WE,Towers with Radar,197,70,7,0,274,0,0,3,0,3,197,70,10,0,277,3,0,3,280
07/17/2009,ONT,CA,AWP,WE,Towers with Radar,193,63,12,0,268,0,8,44,0,52,193,71,56,0,320,20,0,20,340
07/18/2009,ONT,CA,AWP,WE,Towers with Radar,145,37,2,0,184,0,6,10,0,16,145,43,12,0,200,14,0,14,214
07/19/2009,ONT,CA,AWP,WE,Towers with Radar,142,21,17,0,180,0,0,26,0,26,142,21,43,0,206,4,0,4,210
07/20/2009,ONT,CA,AWP,WE,Towers with Radar,186,45,13,0,244,0,0,5,0,5,186,45,18,0,249,8,0,8,257
07/21/2009,ONT,CA,AWP,WE,Towers with Radar,201,68,7,0,276,0,0,1,0,1,201,68,8,0,277,0,0,0,277
07/22/2009,ONT,CA,AWP,WE,Towers with Radar,201,72,21,0,294,0,4,13,0,17,201,76,34,0,311,12,0,12,323
07/23/2009,ONT,CA,AWP,WE,Towers with Radar,209,74,15,0,298,0,0,0,0,0,209,74,15,0,298,4,0,4,302
07/24/2009,ONT,CA,AWP,WE,Towers with Radar,186,67,13,0,266,0,3,11,0,14,186,70,24,0,280,0,0,0,280
07/25/2009,ONT,CA,AWP,WE,Towers with Radar,136,37,6,0,179,0,3,21,0,24,136,40,27,0,203,25,0,25,228
07/26/2009,ONT,CA,AWP,WE,Towers with Radar,146,20,15,0,181,0,0,12,0,12,146,20,27,0,193,22,0,22,215
07/27/2009,ONT,CA,AWP,WE,Towers with Radar,167,56,10,0,233,0,5,5,0,10,167,61,15,0,243,22,0,22,265
07/28/2009,ONT,CA,AWP,WE,Towers with Radar,203,62,16,0,281,0,4,25,0,29,203,66,41,0,310,16,0,16,326
07/29/2009,ONT,CA,AWP,WE,Towers with Radar,203,71,16,0,290,0,3,17,0,20,203,74,33,0,310,5,0,5,315
07/30/2009,ONT,CA,AWP,WE,Towers with Radar,200,63,21,0,284,0,0,1,0,1,200,63,22,0,285,0,0,0,285
07/31/2009,ONT,CA,AWP,WE,Towers with Radar,186,68,8,0,262,0,5,7,0,12,186,73,15,0,274,55,0,55,329
08/01/2009,ONT,CA,AWP,WE,Towers with Radar,138,43,17,0,198,0,0,5,0,5,138,43,22,0,203,18,0,18,221
08/02/2009,ONT,CA,AWP,WE,Towers with Radar,142,32,14,0,188,0,2,18,0,20,142,34,32,0,208,0,0,0,208
08/03/2009,ONT,CA,AWP,WE,Towers with Radar,176,58,11,0,245,0,3,49,0,52,176,61,60,0,297,0,0,0,297
08/04/2009,ONT,CA,AWP,WE,Towers with Radar,202,76,13,0,291,0,3,31,0,34,202,79,44,0,325,22,0,22,347
08/05/2009,ONT,CA,AWP,WE,Towers with Radar,205,73,4,0,282,0,4,24,0,28,205,77,28,0,310,14,0,14,324
08/06/2009,ONT,CA,AWP,WE,Towers with Radar,205,64,15,0,284,0,7,29,0,36,205,71,44,0,320,4,0,4,324
08/07/2009,ONT,CA,AWP,WE,Towers with Radar,184,64,5,0,253,0,0,0,0,0,184,64,5,0,253,18,0,18,271
08/08/2009,ONT,CA,AWP,WE,Towers with Radar,132,35,6,0,173,0,5,8,0,13,132,40,14,0,186,4,0,4,190
08/09/2009,ONT,CA,AWP,WE,Towers with Radar,146,26,8,0,180,0,0,5,0,5,146,26,13,0,185,0,0,0,185
08/10/2009,ONT,CA,AWP,WE,Towers with Radar,172,51,14,0,237,0,8,13,0,21,172,59,27,0,258,6,0,6,264
08/11/2009,ONT,CA,AWP,WE,Towers with Radar,195,72,14,0,281,0,4,17,0,21,195,76,31,0,302,22,0,22,324
08/12/2009,ONT,CA,AWP,WE,Towers with Radar,216,78,25,0,319,0,7,9,0,16,216,85,34,0,335,27,0,27,362
08/13/2009,ONT,CA,AWP,WE,Towers with Radar,196,67,12,0,275,0,0,2,0,2,196,67,14,0,277,14,0,14,291
08/14/2009,ONT,CA,AWP,WE,Towers with Radar,176,60,10,0,246,0,3,8,0,11,176,63,18,0,257,8,0,8,265
08/15/2009,ONT,CA,AWP,WE,Towers with Radar,126,41,3,0,170,0,0,6,0,6,126,41,9,0,176,4,0,4,180
08/16/2009,ONT,CA,AWP,WE,Towers with Radar,144,26,8,0,178,0,0,6,0,6,144,26,14,0,184,0,0,0,184
08/17/2009,ONT,CA,AWP,WE,Towers with Radar,167,59,21,0,247,0,0,32,0,32,167,59,53,0,279,0,0,0,279
08/18/2009,ONT,CA,AWP,WE,Towers with Radar,199,66,16,0,281,0,4,13,0,17,199,70,29,0,298,34,0,34,332
08/19/2009,ONT,CA,AWP,WE,Towers with Radar,191,70,15,0,276,0,1,16,0,17,191,71,31,0,293,12,0,12,305
08/20/2009,ONT,CA,AWP,WE,Towers with Radar,198,63,16,0,277,0,0,4,0,4,198,63,20,0,281,16,0,16,297
08/21/2009,ONT,CA,AWP,WE,Towers with Radar,170,64,21,0,255,0,5,19,0,24,170,69,40,0,279,2,0,2,281
08/22/2009,ONT,CA,AWP,WE,Towers with Radar,133,41,14,0,188,0,3,12,0,15,133,44,26,0,203,8,0,8,211
08/23/2009,ONT,CA,AWP,WE,Towers with Radar,142,25,19,11,197,0,0,14,0,14,142,25,33,11,211,0,0,0,211
08/24/2009,ONT,CA,AWP,WE,Towers with Radar,184,57,9,10,260,0,6,25,0,31,184,63,34,10,291,2,0,2,293
08/25/2009,ONT,CA,AWP,WE,Towers with Radar,199,72,16,14,301,0,4,27,0,31,199,76,43,14,332,19,0,19,351
08/26/2009,ONT,CA,AWP,WE,Towers with Radar,207,67,13,0,287,0,1,22,0,23,207,68,35,0,310,0,0,0,310
08/27/2009,ONT,CA,AWP,WE,Towers with Radar,189,74,24,0,287,0,0,1,0,1,189,74,25,0,288,8,0,8,296
08/28/2009,ONT,CA,AWP,WE,Towers with Radar,172,65,19,0,256,0,5,21,0,26,172,70,40,0,282,16,0,16,298
08/29/2009,ONT,CA,AWP,WE,Towers with Radar,128,43,6,0,177,0,2,10,0,12,128,45,16,0,189,42,0,42,231
08/30/2009,ONT,CA,AWP,WE,Towers with Radar,134,21,12,0,167,0,0,16,0,16,134,21,28,0,183,0,0,0,183
08/31/2009,ONT,CA,AWP,WE,Towers with Radar,171,56,15,0,242,0,1,41,0,42,171,57,56,0,284,0,0,0,284
09/01/2009,ONT,CA,AWP,WE,Towers with Radar,196,71,17,0,284,0,2,22,0,24,196,73,39,0,308,3,0,3,311
09/02/2009,ONT,CA,AWP,WE,Towers with Radar,176,69,16,0,261,0,5,20,0,25,176,74,36,0,286,40,0,40,326
09/03/2009,ONT,CA,AWP,WE,Towers with Radar,193,69,10,0,272,0,0,0,0,0,193,69,10,0,272,34,0,34,306
09/04/2009,ONT,CA,AWP,WE,Towers with Radar,182,65,9,0,256,2,5,11,0,18,184,70,20,0,274,0,0,0,274
09/05/2009,ONT,CA,AWP,WE,Towers with Radar,121,31,12,0,164,0,3,6,0,9,121,34,18,0,173,0,0,0,173
09/06/2009,ONT,CA,AWP,WE,Towers with Radar,97,21,5,0,123,0,0,9,0,9,97,21,14,0,132,0,0,0,132
09/07/2009,ONT,CA,AWP,WE,Towers with Radar,138,38,8,0,184,0,1,17,0,18,138,39,25,0,202,10,0,10,212
09/08/2009,ONT,CA,AWP,WE,Towers with Radar,178,65,17,0,260,0,4,12,0,16,178,69,29,0,276,14,0,14,290
09/09/2009,ONT,CA,AWP,WE,Towers with Radar,202,78,9,0,289,0,5,36,0,41,202,83,45,0,330,20,0,20,350
09/10/2009,ONT,CA,AWP,WE,Towers with Radar,198,56,20,0,274,0,9,31,0,40,198,65,51,0,314,16,0,16,330
09/11/2009,ONT,CA,AWP,WE,Towers with Radar,184,65,17,0,266,0,4,32,1,37,184,69,49,1,303,0,0,0,303
09/12/2009,ONT,CA,AWP,WE,Towers with Radar,125,37,11,0,173,0,2,14,0,16,125,39,25,0,189,0,0,0,189
09/13/2009,ONT,CA,AWP,WE,Towers with Radar,140,26,11,0,177,0,0,21,0,21,140,26,32,0,198,0,0,0,198
09/14/2009,ONT,CA,AWP,WE,Towers with Radar,171,57,14,0,242,1,0,17,1,19,172,57,31,1,261,0,0,0,261
09/15/2009,ONT,CA,AWP,WE,Towers with Radar,182,66,25,0,273,0,3,7,0,10,182,69,32,0,283,30,0,30,313
09/16/2009,ONT,CA,AWP,WE,Towers with Radar,192,56,19,0,267,0,5,21,0,26,192,61,40,0,293,12,0,12,305
09/17/2009,ONT,CA,AWP,WE,Towers with Radar,199,62,14,0,275,0,8,21,0,29,199,70,35,0,304,24,0,24,328
09/18/2009,ONT,CA,AWP,WE,Towers with Radar,175,63,13,0,251,0,9,31,0,40,175,72,44,0,291,12,0,12,303
09/19/2009,ONT,CA,AWP,WE,Towers with Radar,123,42,8,0,173,0,3,17,0,20,123,45,25,0,193,4,0,4,197
09/20/2009,ONT,CA,AWP,WE,Towers with Radar,147,23,16,0,186,0,3,49,0,52,147,26,65,0,238,6,0,6,244
09/21/2009,ONT,CA,AWP,WE,Towers with Radar,173,41,11,0,225,0,7,9,0,16,173,48,20,0,241,0,0,0,241
09/22/2009,ONT,CA,AWP,WE,Towers with Radar,205,57,15,0,277,0,4,25,0,29,205,61,40,0,306,3,0,3,309
09/23/2009,ONT,CA,AWP,WE,Towers with Radar,205,63,5,0,273,0,4,39,0,43,205,67,44,0,316,16,0,16,332
09/24/2009,ONT,CA,AWP,WE,Towers with Radar,204,65,14,0,283,0,3,22,0,25,204,68,36,0,308,70,0,70,378
09/25/2009,ONT,CA,AWP,WE,Towers with Radar,178,66,14,0,258,0,3,32,0,35,178,69,46,0,293,18,0,18,311
09/26/2009,ONT,CA,AWP,WE,Towers with Radar,123,32,6,0,161,0,3,14,0,17,123,35,20,0,178,4,0,4,182
09/27/2009,ONT,CA,AWP,WE,Towers with Radar,144,29,17,0,190,0,0,12,0,12,144,29,29,0,202,0,0,0,202
09/28/2009,ONT,CA,AWP,WE,Towers with Radar,176,58,18,0,252,0,0,14,0,14,176,58,32,0,266,6,0,6,272
09/29/2009,ONT,CA,AWP,WE,Towers with Radar,197,70,17,0,284,0,1,13,0,14,197,71,30,0,298,0,0,0,298
09/30/2009,ONT,CA,AWP,WE,Towers with Radar,203,64,18,0,285,0,3,15,0,18,203,67,33,0,303,6,0,6,309
10/01/2009,ONT,CA,AWP,WE,Towers with Radar,189,65,19,0,273,0,0,0,0,0,189,65,19,0,273,19,0,19,292
10/02/2009,ONT,CA,AWP,WE,Towers with Radar,174,64,16,0,254,0,10,10,0,20,174,74,26,0,274,0,0,0,274
10/03/2009,ONT,CA,AWP,WE,Towers with Radar,115,39,7,0,161,0,4,10,0,14,115,43,17,0,175,6,0,6,181
10/04/2009,ONT,CA,AWP,WE,Towers with Radar,138,30,18,0,186,0,0,16,0,16,138,30,34,0,202,0,0,0,202
10/05/2009,ONT,CA,AWP,WE,Towers with Radar,166,55,14,0,235,0,3,30,0,33,166,58,44,0,268,9,0,9,277
10/06/2009,ONT,CA,AWP,WE,Towers with Radar,204,73,14,0,291,0,3,26,0,29,204,76,40,0,320,0,0,0,320
10/07/2009,ONT,CA,AWP,WE,Towers with Radar,209,68,22,0,299,0,2,21,0,23,209,70,43,0,322,20,0,20,342
10/08/2009,ONT,CA,AWP,WE,Towers with Radar,200,72,57,0,329,0,12,17,0,29,200,84,74,0,358,6,0,6,364
10/09/2009,ONT,CA,AWP,WE,Towers with Radar,170,76,27,0,273,0,2,12,4,18,170,78,39,4,291,2,0,2,293
10/10/2009,ONT,CA,AWP,WE,Towers with Radar,134,44,20,0,198,0,0,6,4,10,134,44,26,4,208,12,0,12,220
10/11/2009,ONT,CA,AWP,WE,Towers with Radar,142,49,36,0,227,0,0,77,0,77,142,49,113,0,304,0,0,0,304
10/12/2009,ONT,CA,AWP,WE,Towers with Radar,160,62,11,0,233,0,0,5,0,5,160,62,16,0,238,20,0,20,258
10/13/2009,ONT,CA,AWP,WE,Towers with Radar,198,71,21,1,291,0,0,4,0,4,198,71,25,1,295,8,0,8,303
10/14/2009,ONT,CA,AWP,WE,Towers with Radar,192,78,20,0,290,0,0,2,0,2,192,78,22,0,292,16,0,16,308
10/15/2009,ONT,CA,AWP,WE,Towers with Radar,195,68,7,2,272,0,0,3,0,3,195,68,10,2,275,4,0,4,279
10/16/2009,ONT,CA,AWP,WE,Towers with Radar,167,73,14,0,254,0,5,13,0,18,167,78,27,0,272,67,0,67,339
10/17/2009,ONT,CA,AWP,WE,Towers with Radar,124,37,8,0,169,0,2,8,0,10,124,39,16,0,179,8,0,8,187
10/18/2009,ONT,CA,AWP,WE,Towers with Radar,144,29,11,0,184,0,0,25,0,25,144,29,36,0,209,3,0,3,212
10/19/2009,ONT,CA,AWP,WE,Towers with Radar,171,56,37,0,264,0,0,16,0,16,171,56,53,0,280,12,0,12,292
10/20/2009,ONT,CA,AWP,WE,Towers with Radar,189,74,18,0,281,0,5,22,0,27,189,79,40,0,308,87,0,87,395
10/21/2009,ONT,CA,AWP,WE,Towers with Radar,191,73,18,0,282,0,9,19,0,28,191,82,37,0,310,11,0,11,321
10/22/2009,ONT,CA,AWP,WE,Towers with Radar,194,68,18,0,280,0,5,23,0,28,194,73,41,0,308,13,0,13,321
10/23/2009,ONT,CA,AWP,WE,Towers with Radar,174,70,15,0,259,0,3,33,0,36,174,73,48,0,295,38,0,38,333
10/24/2009,ONT,CA,AWP,WE,Towers with Radar,122,42,17,0,181,0,6,18,0,24,122,48,35,0,205,14,0,14,219
10/25/2009,ONT,CA,AWP,WE,Towers with Radar,150,26,7,0,183,0,0,8,0,8,150,26,15,0,191,0,0,0,191
10/26/2009,ONT,CA,AWP,WE,Towers with Radar,169,54,16,0,239,0,5,13,0,18,169,59,29,0,257,0,0,0,257
10/27/2009,ONT,CA,AWP,WE,Towers with Radar,200,62,12,0,274,0,4,3,0,7,200,66,15,0,281,3,0,3,284
10/28/2009,ONT,CA,AWP,WE,Towers with Radar,186,70,8,0,264,0,9,15,0,24,186,79,23,0,288,2,0,2,290
10/29/2009,ONT,CA,AWP,WE,Towers with Radar,178,60,18,0,256,0,0,0,0,0,178,60,18,0,256,16,0,16,272
10/30/2009,ONT,CA,AWP,WE,Towers with Radar,171,65,9,0,245,0,5,15,0,20,171,70,24,0,265,36,0,36,301
10/31/2009,ONT,CA,AWP,WE,Towers with Radar,122,39,14,0,175,0,1,15,0,16,122,40,29,0,191,0,0,0,191
11/01/2009,ONT,CA,AWP,WE,Towers with Radar,134,24,6,0,164,0,0,8,0,8,134,24,14,0,172,0,0,0,172
11/02/2009,ONT,CA,AWP,WE,Towers with Radar,172,58,14,0,244,0,2,24,0,26,172,60,38,0,270,0,0,0,270
11/03/2009,ONT,CA,AWP,WE,Towers with Radar,208,75,17,0,300,0,7,54,0,61,208,82,71,0,361,0,0,0,361
11/04/2009,ONT,CA,AWP,WE,Towers with Radar,202,68,11,0,281,0,2,26,0,28,202,70,37,0,309,46,0,46,355
11/05/2009,ONT,CA,AWP,WE,Towers with Radar,187,75,31,0,293,0,1,28,0,29,187,76,59,0,322,38,0,38,360
11/06/2009,ONT,CA,AWP,WE,Towers with Radar,165,67,11,0,243,0,0,20,0,20,165,67,31,0,263,10,0,10,273
11/07/2009,ONT,CA,AWP,WE,Towers with Radar,118,43,12,1,174,0,2,15,0,17,118,45,27,1,191,21,0,21,212
11/08/2009,ONT,CA,AWP,WE,Towers with Radar,133,26,21,0,180,0,0,16,0,16,133,26,37,0,196,0,0,0,196
11/09/2009,ONT,CA,AWP,WE,Towers with Radar,175,67,15,11,268,0,1,21,0,22,175,68,36,11,290,19,0,19,309
11/10/2009,ONT,CA,AWP,WE,Towers with Radar,194,75,25,7,301,0,0,8,0,8,194,75,33,7,309,0,0,0,309
11/11/2009,ONT,CA,AWP,WE,Towers with Radar,192,75,21,17,305,0,6,18,0,24,192,81,39,17,329,6,0,6,335
11/12/2009,ONT,CA,AWP,WE,Towers with Radar,185,76,10,4,275,0,4,24,0,28,185,80,34,4,303,5,0,5,308
11/13/2009,ONT,CA,AWP,WE,Towers with Radar,177,73,30,0,280,0,0,15,0,15,177,73,45,0,295,24,0,24,319
11/14/2009,ONT,CA,AWP,WE,Towers with Radar,123,36,5,10,174,0,3,18,0,21,123,39,23,10,195,20,0,20,215
11/15/2009,ONT,CA,AWP,WE,Towers with Radar,143,30,18,10,201,0,0,9,0,9,143,30,27,10,210,4,0,4,214
11/16/2009,ONT,CA,AWP,WE,Towers with Radar,165,56,9,0,230,0,1,16,0,17,165,57,25,0,247,0,0,0,247
11/17/2009,ONT,CA,AWP,WE,Towers with Radar,193,79,33,0,305,0,0,30,2,32,193,79,63,2,337,0,0,0,337
11/18/2009,ONT,CA,AWP,WE,Towers with Radar,225,74,14,10,323,0,4,28,0,32,225,78,42,10,355,10,0,10,365
11/19/2009,ONT,CA,AWP,WE,Towers with Radar,188,59,21,0,268,0,10,29,0,39,188,69,50,0,307,8,0,8,315
11/20/2009,ONT,CA,AWP,WE,Towers with Radar,192,73,22,4,291,0,6,14,0,20,192,79,36,4,311,14,0,14,325
11/21/2009,ONT,CA,AWP,WE,Towers with Radar,129,30,14,0,173,0,0,7,0,7,129,30,21,0,180,2,0,2,182
11/22/2009,ONT,CA,AWP,WE,Towers with Radar,133,27,20,0,180,0,0,10,0,10,133,27,30,0,190,0,0,0,190
11/23/2009,ONT,CA,AWP,WE,Towers with Radar,174,45,10,0,229,0,3,24,0,27,174,48,34,0,256,14,0,14,270
11/24/2009,ONT,CA,AWP,WE,Towers with Radar,213,68,10,0,291,6,9,24,0,39,219,77,34,0,330,0,0,0,330
11/25/2009,ONT,CA,AWP,WE,Towers with Radar,188,75,10,0,273,0,18,28,0,46,188,93,38,0,319,0,0,0,319
11/26/2009,ONT,CA,AWP,WE,Towers with Radar,90,30,70,0,190,0,0,1,0,1,90,30,71,0,191,8,0,8,199
11/27/2009,ONT,CA,AWP,WE,Towers with Radar,128,59,4,0,191,0,4,11,0,15,128,63,15,0,206,14,0,14,220
11/28/2009,ONT,CA,AWP,WE,Towers with Radar,128,50,12,0,190,0,1,4,0,5,128,51,16,0,195,0,0,0,195
11/29/2009,ONT,CA,AWP,WE,Towers with Radar,149,31,8,0,188,0,0,17,0,17,149,31,25,0,205,0,0,0,205
11/30/2009,ONT,CA,AWP,WE,Towers with Radar,171,57,5,0,233,0,5,13,0,18,171,62,18,0,251,0,0,0,251
12/01/2009,ONT,CA,AWP,WE,Towers with Radar,198,77,17,0,292,0,11,9,0,20,198,88,26,0,312,0,0,0,312
12/02/2009,ONT,CA,AWP,WE,Towers with Radar,197,76,23,0,296,0,4,24,0,28,197,80,47,0,324,6,0,6,330
12/03/2009,ONT,CA,AWP,WE,Towers with Radar,194,76,20,0,290,0,4,31,0,35,194,80,51,0,325,6,0,6,331
12/04/2009,ONT,CA,AWP,WE,Towers with Radar,168,82,12,0,262,0,11,22,0,33,168,93,34,0,295,4,0,4,299
12/05/2009,ONT,CA,AWP,WE,Towers with Radar,130,34,4,0,168,0,1,6,0,7,130,35,10,0,175,0,0,0,175
12/06/2009,ONT,CA,AWP,WE,Towers with Radar,138,18,10,0,166,0,0,1,1,2,138,18,11,1,168,0,0,0,168
12/07/2009,ONT,CA,AWP,WE,Towers with Radar,174,45,14,0,233,0,0,2,0,2,174,45,16,0,235,0,0,0,235
12/08/2009,ONT,CA,AWP,WE,Towers with Radar,181,75,29,0,285,0,4,14,0,18,181,79,43,0,303,21,0,21,324
12/09/2009,ONT,CA,AWP,WE,Towers with Radar,186,66,18,0,270,0,20,21,0,41,186,86,39,0,311,6,0,6,317
12/10/2009,ONT,CA,AWP,WE,Towers with Radar,196,74,21,0,291,0,0,3,0,3,196,74,24,0,294,12,0,12,306
12/11/2009,ONT,CA,AWP,WE,Towers with Radar,191,74,26,0,291,0,0,0,0,0,191,74,26,0,291,0,0,0,291
12/12/2009,ONT,CA,AWP,WE,Towers with Radar,122,41,9,0,172,0,0,0,0,0,122,41,9,0,172,0,0,0,172
12/13/2009,ONT,CA,AWP,WE,Towers with Radar,143,23,14,0,180,0,0,0,0,0,143,23,14,0,180,0,0,0,180
12/14/2009,ONT,CA,AWP,WE,Towers with Radar,157,72,22,0,251,0,11,4,0,15,157,83,26,0,266,3,0,3,269
12/15/2009,ONT,CA,AWP,WE,Towers with Radar,203,79,12,0,294,0,5,22,0,27,203,84,34,0,321,7,0,7,328
12/16/2009,ONT,CA,AWP,WE,Towers with Radar,205,71,14,0,290,5,10,36,0,51,210,81,50,0,341,13,0,13,354
12/17/2009,ONT,CA,AWP,WE,Towers with Radar,207,82,18,0,307,0,0,2,0,2,207,82,20,0,309,18,0,18,327
12/18/2009,ONT,CA,AWP,WE,Towers with Radar,182,88,22,0,292,0,6,15,0,21,182,94,37,0,313,2,0,2,315
12/19/2009,ONT,CA,AWP,WE,Towers with Radar,137,49,5,0,191,0,7,5,0,12,137,56,10,0,203,2,0,2,205
12/20/2009,ONT,CA,AWP,WE,Towers with Radar,156,22,10,0,188,0,0,5,0,5,156,22,15,0,193,3,0,3,196
12/21/2009,ONT,CA,AWP,WE,Towers with Radar,175,65,13,0,253,0,3,19,0,22,175,68,32,0,275,0,0,0,275
12/22/2009,ONT,CA,AWP,WE,Towers with Radar,233,87,12,0,332,0,11,10,0,21,233,98,22,0,353,0,0,0,353
12/23/2009,ONT,CA,AWP,WE,Towers with Radar,236,70,3,0,309,0,25,20,0,45,236,95,23,0,354,7,0,7,361
12/24/2009,ONT,CA,AWP,WE,Towers with Radar,162,75,6,0,243,0,21,12,0,33,162,96,18,0,276,0,0,0,276
12/25/2009,ONT,CA,AWP,WE,Towers with Radar,98,32,2,0,132,0,0,6,0,6,98,32,8,0,138,14,0,14,152
12/26/2009,ONT,CA,AWP,WE,Towers with Radar,124,44,8,0,176,0,4,8,0,12,124,48,16,0,188,38,0,38,226
12/27/2009,ONT,CA,AWP,WE,Towers with Radar,136,21,7,0,164,0,1,8,0,9,136,22,15,0,173,0,0,0,173
12/28/2009,ONT,CA,AWP,WE,Towers with Radar,162,59,14,0,235,0,4,8,0,12,162,63,22,0,247,0,0,0,247
12/29/2009,ONT,CA,AWP,WE,Towers with Radar,179,79,11,0,269,0,6,15,0,21,179,85,26,0,290,2,0,2,292
12/30/2009,ONT,CA,AWP,WE,Towers with Radar,189,77,10,0,276,0,0,1,0,1,189,77,11,0,277,1,0,1,278
12/31/2009,ONT,CA,AWP,WE,Towers with Radar,136,71,9,0,216,0,3,13,0,16,136,74,22,0,232,0,0,0,232
01/01/2010,ONT,CA,AWP,WE,Towers with Radar,99,31,5,0,135,0,0,3,0,3,99,31,8,0,138,0,0,0,138
01/02/2010,ONT,CA,AWP,WE,Towers with Radar,131,40,8,0,179,0,2,10,0,12,131,42,18,0,191,4,0,4,195
01/03/2010,ONT,CA,AWP,WE,Towers with Radar,158,26,18,0,202,0,0,12,0,12,158,26,30,0,214,0,0,0,214
01/04/2010,ONT,CA,AWP,WE,Towers with Radar,180,42,8,0,230,0,6,24,0,30,180,48,32,0,260,0,0,0,260
01/05/2010,ONT,CA,AWP,WE,Towers with Radar,208,65,10,0,283,0,8,25,0,33,208,73,35,0,316,5,0,5,321
01/06/2010,ONT,CA,AWP,WE,Towers with Radar,187,67,20,0,274,0,5,27,0,32,187,72,47,0,306,0,0,0,306
01/07/2010,ONT,CA,AWP,WE,Towers with Radar,173,65,8,0,246,0,10,33,0,43,173,75,41,0,289,0,0,0,289
01/08/2010,ONT,CA,AWP,WE,Towers with Radar,174,54,16,0,244,0,5,29,0,34,174,59,45,0,278,0,0,0,278
01/09/2010,ONT,CA,AWP,WE,Towers with Radar,113,34,7,0,154,0,5,28,0,33,113,39,35,0,187,2,0,2,189
01/10/2010,ONT,CA,AWP,WE,Towers with Radar,127,25,7,0,159,0,0,14,0,14,127,25,21,0,173,6,0,6,179
01/11/2010,ONT,CA,AWP,WE,Towers with Radar,166,45,5,0,216,0,1,54,0,55,166,46,59,0,271,0,0,0,271
01/12/2010,ONT,CA,AWP,WE,Towers with Radar,181,50,6,0,237,0,7,28,0,35,181,57,34,0,272,2,0,2,274
01/13/2010,ONT,CA,AWP,WE,Towers with Radar,195,60,8,0,263,0,2,5,0,7,195,62,13,0,270,0,0,0,270
01/14/2010,ONT,CA,AWP,WE,Towers with Radar,203,55,19,0,277,0,7,20,0,27,203,62,39,0,304,2,0,2,306
01/15/2010,ONT,CA,AWP,WE,Towers with Radar,158,55,9,0,222,0,4,23,0,27,158,59,32,0,249,0,0,0,249
01/16/2010,ONT,CA,AWP,WE,Towers with Radar,115,31,10,1,157,0,2,15,0,17,115,33,25,1,174,0,0,0,174
01/17/2010,ONT,CA,AWP,WE,Towers with Radar,128,20,8,0,156,0,0,7,0,7,128,20,15,0,163,0,0,0,163
01/18/2010,ONT,CA,AWP,WE,Towers with Radar,179,54,8,0,241,0,0,0,0,0,179,54,8,0,241,0,0,0,241
01/19/2010,ONT,CA,AWP,WE,Towers with Radar,197,62,17,0,276,0,3,4,0,7,197,65,21,0,283,21,0,21,304
01/20/2010,ONT,CA,AWP,WE,Towers with Radar,191,58,11,0,260,0,0,3,0,3,191,58,14,0,263,3,0,3,266
01/21/2010,ONT,CA,AWP,WE,Towers with Radar,166,49,13,0,228,0,0,3,0,3,166,49,16,0,231,0,0,0,231
01/22/2010,ONT,CA,AWP,WE,Towers with Radar,161,55,15,0,231,0,0,2,0,2,161,55,17,0,233,0,0,0,233
01/23/2010,ONT,CA,AWP,WE,Towers with Radar,117,34,12,0,163,0,4,19,0,23,117,38,31,0,186,0,0,0,186
01/24/2010,ONT,CA,AWP,WE,Towers with Radar,123,26,16,0,165,0,0,13,0,13,123,26,29,0,178,12,0,12,190
01/25/2010,ONT,CA,AWP,WE,Towers with Radar,166,52,26,0,244,0,0,26,0,26,166,52,52,0,270,0,0,0,270
01/26/2010,ONT,CA,AWP,WE,Towers with Radar,183,65,21,0,269,0,1,8,0,9,183,66,29,0,278,0,0,0,278
01/27/2010,ONT,CA,AWP,WE,Towers with Radar,180,115,13,0,308,0,4,29,0,33,180,119,42,0,341,25,0,25,366
01/28/2010,ONT,CA,AWP,WE,Towers with Radar,179,66,22,0,267,0,6,16,0,22,179,72,38,0,289,6,0,6,295
01/29/2010,ONT,CA,AWP,WE,Towers with Radar,164,60,14,0,238,0,0,29,0,29,164,60,43,0,267,2,0,2,269
01/30/2010,ONT,CA,AWP,WE,Towers with Radar,123,43,12,0,178,0,1,5,0,6,123,44,17,0,184,2,0,2,186
01/31/2010,ONT,CA,AWP,WE,Towers with Radar,134,26,14,0,174,0,0,12,0,12,134,26,26,0,186,0,0,0,186
02/01/2010,ONT,CA,AWP,WE,Towers with Radar,139,45,15,0,199,0,1,29,0,30,139,46,44,0,229,4,0,4,233
02/02/2010,ONT,CA,AWP,WE,Towers with Radar,175,59,23,0,257,0,3,11,0,14,175,62,34,0,271,32,0,32,303
02/03/2010,ONT,CA,AWP,WE,Towers with Radar,179,96,29,0,304,0,3,23,1,27,179,99,52,1,331,8,0,8,339
02/04/2010,ONT,CA,AWP,WE,Towers with Radar,180,63,18,0,261,0,2,8,0,10,180,65,26,0,271,1,0,1,272
02/05/2010,ONT,CA,AWP,WE,Towers with Radar,160,68,14,0,242,0,0,2,0,2,160,68,16,0,244,2,0,2,246
02/06/2010,ONT,CA,AWP,WE,Towers with Radar,118,44,7,0,169,0,0,0,0,0,118,44,7,0,169,0,0,0,169
02/07/2010,ONT,CA,AWP,WE,Towers with Radar,124,25,8,0,157,0,0,8,0,8,124,25,16,0,165,9,0,9,174
02/08/2010,ONT,CA,AWP,WE,Towers with Radar,155,45,9,0,209,0,2,27,0,29,155,47,36,0,238,59,0,59,297
02/09/2010,ONT,CA,AWP,WE,Towers with Radar,175,73,29,0,277,0,0,13,0,13,175,73,42,0,290,1,0,1,291
02/10/2010,ONT,CA,AWP,WE,Towers with Radar,188,57,17,0,262,0,5,21,0,26,188,62,38,0,288,30,0,30,318
02/11/2010,ONT,CA,AWP,WE,Towers with Radar,177,66,18,0,261,0,4,31,0,35,177,70,49,0,296,0,0,0,296
02/12/2010,ONT,CA,AWP,WE,Towers with Radar,167,63,21,0,251,0,3,11,0,14,167,66,32,0,265,12,0,12,277
02/13/2010,ONT,CA,AWP,WE,Towers with Radar,120,45,10,0,175,0,2,8,0,10,120,47,18,0,185,6,0,6,191
02/14/2010,ONT,CA,AWP,WE,Towers with Radar,134,29,9,0,172,0,0,4,0,4,134,29,13,0,176,4,0,4,180
02/15/2010,ONT,CA,AWP,WE,Towers with Radar,165,44,14,0,223,0,1,18,0,19,165,45,32,0,242,28,0,28,270
02/16/2010,ONT,CA,AWP,WE,Towers with Radar,195,67,7,0,269,0,1,15,0,16,195,68,22,0,285,6,0,6,291
02/17/2010,ONT,CA,AWP,WE,Towers with Radar,184,68,9,0,261,0,1,35,0,36,184,69,44,0,297,12,0,12,309
02/18/2010,ONT,CA,AWP,WE,Towers with Radar,187,66,38,0,291,0,2,20,0,22,187,68,58,0,313,0,0,0,313
02/19/2010,ONT,CA,AWP,WE,Towers with Radar,164,63,21,2,250,0,2,12,0,14,164,65,33,2,264,10,0,10,274
02/20/2010,ONT,CA,AWP,WE,Towers with Radar,124,50,20,3,197,0,3,10,0,13,124,53,30,3,210,10,0,10,220
02/21/2010,ONT,CA,AWP,WE,Towers with Radar,123,37,44,0,204,0,0,42,0,42,123,37,86,0,246,51,0,51,297
02/22/2010,ONT,CA,AWP,WE,Towers with Radar,153,62,20,0,235,0,1,12,0,13,153,63,32,0,248,0,0,0,248
02/23/2010,ONT,CA,AWP,WE,Towers with Radar,180,50,13,0,243,0,7,38,0,45,180,57,51,0,288,0,0,0,288
02/24/2010,ONT,CA,AWP,WE,Towers with Radar,186,53,23,0,262,0,0,13,0,13,186,53,36,0,275,0,0,0,275
02/25/2010,ONT,CA,AWP,WE,Towers with Radar,190,62,14,0,266,0,1,22,0,23,190,63,36,0,289,2,0,2,291
02/26/2010,ONT,CA,AWP,WE,Towers with Radar,158,56,11,0,225,0,2,15,0,17,158,58,26,0,242,18,0,18,260
02/27/2010,ONT,CA,AWP,WE,Towers with Radar,116,43,9,0,168,0,0,2,0,2,116,43,11,0,170,10,0,10,180
02/28/2010,ONT,CA,AWP,WE,Towers with Radar,132,28,12,0,172,0,0,25,0,25,132,28,37,0,197,0,0,0,197
03/01/2010,ONT,CA,AWP,WE,Towers with Radar,148,50,10,0,208,0,0,19,0,19,148,50,29,0,227,0,0,0,227
03/02/2010,ONT,CA,AWP,WE,Towers with Radar,184,61,17,1,263,0,4,17,0,21,184,65,34,1,284,14,0,14,298
03/03/2010,ONT,CA,AWP,WE,Towers with Radar,192,68,18,0,278,0,1,31,0,32,192,69,49,0,310,34,0,34,344
03/04/2010,ONT,CA,AWP,WE,Towers with Radar,184,63,22,0,269,0,8,20,2,30,184,71,42,2,299,6,0,6,305
03/05/2010,ONT,CA,AWP,WE,Towers with Radar,161,54,15,0,230,0,5,17,0,22,161,59,32,0,252,34,0,34,286
03/06/2010,ONT,CA,AWP,WE,Towers with Radar,110,50,6,0,166,0,0,2,0,2,110,50,8,0,168,0,0,0,168
03/07/2010,ONT,CA,AWP,WE,Towers with Radar,133,27,6,0,166,0,0,10,0,10,133,27,16,0,176,28,0,28,204
03/08/2010,ONT,CA,AWP,WE,Towers with Radar,161,51,19,0,231,0,2,15,0,17,161,53,34,0,248,6,0,6,254
03/09/2010,ONT,CA,AWP,WE,Towers with Radar,193,66,11,0,270,0,1,15,0,16,193,67,26,0,286,10,0,10,296
03/10/2010,ONT,CA,AWP,WE,Towers with Radar,189,61,15,0,265,0,4,21,0,25,189,65,36,0,290,3,0,3,293
03/11/2010,ONT,CA,AWP,WE,Towers with Radar,184,57,13,0,254,0,4,37,0,41,184,61,50,0,295,20,0,20,315
03/12/2010,ONT,CA,AWP,WE,Towers with Radar,161,56,12,0,229,0,3,29,0,32,161,59,41,0,261,27,0,27,288
03/13/2010,ONT,CA,AWP,WE,Towers with Radar,132,45,10,0,187,0,2,14,0,16,132,47,24,0,203,20,0,20,223
03/14/2010,ONT,CA,AWP,WE,Towers with Radar,128,28,11,0,167,0,0,19,0,19,128,28,30,0,186,0,0,0,186
03/15/2010,ONT,CA,AWP,WE,Towers with Radar,164,44,10,2,220,0,3,14,0,17,164,47,24,2,237,0,0,0,237
03/16/2010,ONT,CA,AWP,WE,Towers with Radar,185,61,10,0,256,0,2,25,0,27,185,63,35,0,283,20,0,20,303
03/17/2010,ONT,CA,AWP,WE,Towers with Radar,183,54,13,0,250,0,8,36,0,44,183,62,49,0,294,22,0,22,316
03/18/2010,ONT,CA,AWP,WE,Towers with Radar,193,54,15,0,262,0,6,29,0,35,193,60,44,0,297,0,0,0,297
03/19/2010,ONT,CA,AWP,WE,Towers with Radar,172,60,8,0,240,0,5,17,0,22,172,65,25,0,262,8,0,8,270
03/20/2010,ONT,CA,AWP,WE,Towers with Radar,141,35,7,0,183,0,5,14,0,19,141,40,21,0,202,0,0,0,202
03/21/2010,ONT,CA,AWP,WE,Towers with Radar,141,28,17,0,186,0,0,25,0,25,141,28,42,0,211,0,0,0,211
03/22/2010,ONT,CA,AWP,WE,Towers with Radar,168,49,5,0,222,0,5,16,0,21,168,54,21,0,243,0,0,0,243
03/23/2010,ONT,CA,AWP,WE,Towers with Radar,180,62,4,0,246,0,0,13,0,13,180,62,17,0,259,6,0,6,265
03/24/2010,ONT,CA,AWP,WE,Towers with Radar,176,55,5,0,236,0,5,24,0,29,176,60,29,0,265,6,0,6,271
03/25/2010,ONT,CA,AWP,WE,Towers with Radar,187,65,17,0,269,0,4,15,0,19,187,69,32,0,288,18,0,18,306
03/26/2010,ONT,CA,AWP,WE,Towers with Radar,167,60,10,0,237,0,3,22,0,25,167,63,32,0,262,88,0,88,350
03/27/2010,ONT,CA,AWP,WE,Towers with Radar,131,40,5,0,176,0,3,8,0,11,131,43,13,0,187,0,0,0,187
03/28/2010,ONT,CA,AWP,WE,Towers with Radar,135,31,7,0,173,0,0,15,0,15,135,31,22,0,188,8,0,8,196
03/29/2010,ONT,CA,AWP,WE,Towers with Radar,157,45,11,0,213,0,4,23,0,27,157,49,34,0,240,8,0,8,248
03/30/2010,ONT,CA,AWP,WE,Towers with Radar,184,69,27,0,280,0,0,21,0,21,184,69,48,0,301,0,0,0,301
03/31/2010,ONT,CA,AWP,WE,Towers with Radar,166,63,26,0,255,0,5,6,0,11,166,68,32,0,266,32,0,32,298
04/01/2010,ONT,CA,AWP,WE,Towers with Radar,177,67,19,0,263,0,3,11,0,14,177,70,30,0,277,32,0,32,309
04/02/2010,ONT,CA,AWP,WE,Towers with Radar,161,58,9,0,228,0,3,18,0,21,161,61,27,0,249,8,0,8,257
04/03/2010,ONT,CA,AWP,WE,Towers with Radar,135,51,2,0,188,0,4,7,0,11,135,55,9,0,199,4,0,4,203
04/04/2010,ONT,CA,AWP,WE,Towers with Radar,131,33,6,0,170,0,0,3,0,3,131,33,9,0,173,0,0,0,173
04/05/2010,ONT,CA,AWP,WE,Towers with Radar,165,54,20,0,239,0,1,2,0,3,165,55,22,0,242,0,0,0,242
04/06/2010,ONT,CA,AWP,WE,Towers with Radar,191,49,10,0,250,0,5,24,0,29,191,54,34,0,279,0,0,0,279
04/07/2010,ONT,CA,AWP,WE,Towers with Radar,187,48,9,0,244,0,1,10,0,11,187,49,19,0,255,72,0,72,327
04/08/2010,ONT,CA,AWP,WE,Towers with Radar,191,45,18,0,254,0,3,24,0,27,191,48,42,0,281,28,0,28,309
04/09/2010,ONT,CA,AWP,WE,Towers with Radar,167,37,11,0,215,0,0,41,0,41,167,37,52,0,256,52,0,52,308
04/10/2010,ONT,CA,AWP,WE,Towers with Radar,134,37,7,0,178,0,0,22,0,22,134,37,29,0,200,0,0,0,200
04/11/2010,ONT,CA,AWP,WE,Towers with Radar,158,18,14,0,190,0,0,9,0,9,158,18,23,0,199,25,0,25,224
04/12/2010,ONT,CA,AWP,WE,Towers with Radar,172,45,4,0,221,0,0,4,0,4,172,45,8,0,225,76,0,76,301
04/13/2010,ONT,CA,AWP,WE,Towers with Radar,198,51,12,0,261,0,5,26,0,31,198,56,38,0,292,32,0,32,324
04/14/2010,ONT,CA,AWP,WE,Towers with Radar,182,59,25,0,266,0,3,24,0,27,182,62,49,0,293,12,0,12,305
04/15/2010,ONT,CA,AWP,WE,Towers with Radar,202,43,11,0,256,0,1,15,0,16,202,44,26,0,272,36,0,36,308
04/16/2010,ONT,CA,AWP,WE,Towers with Radar,177,58,25,0,260,0,1,13,0,14,177,59,38,0,274,22,0,22,296
04/17/2010,ONT,CA,AWP,WE,Towers with Radar,136,31,7,0,174,0,2,6,0,8,136,33,13,0,182,2,0,2,184
04/18/2010,ONT,CA,AWP,WE,Towers with Radar,147,30,1,0,178,0,0,3,0,3,147,30,4,0,181,0,0,0,181
04/19/2010,ONT,CA,AWP,WE,Towers with Radar,166,38,8,0,212,0,3,17,0,20,166,41,25,0,232,0,0,0,232
04/20/2010,ONT,CA,AWP,WE,Towers with Radar,192,45,20,0,257,0,0,3,0,3,192,45,23,0,260,8,0,8,268
04/21/2010,ONT,CA,AWP,WE,Towers with Radar,184,51,11,0,246,0,0,4,0,4,184,51,15,0,250,0,0,0,250
04/22/2010,ONT,CA,AWP,WE,Towers with Radar,186,55,12,0,253,0,0,11,0,11,186,55,23,0,264,20,0,20,284
04/23/2010,ONT,CA,AWP,WE,Towers with Radar,181,51,19,0,251,0,3,10,0,13,181,54,29,0,264,10,0,10,274
04/24/2010,ONT,CA,AWP,WE,Towers with Radar,144,32,9,4,189,0,0,12,0,12,144,32,21,4,201,2,0,2,203
04/25/2010,ONT,CA,AWP,WE,Towers with Radar,145,22,12,0,179,0,0,2,0,2,145,22,14,0,181,0,0,0,181
04/26/2010,ONT,CA,AWP,WE,Towers with Radar,176,34,8,0,218,0,4,29,0,33,176,38,37,0,251,40,0,40,291
04/27/2010,ONT,CA,AWP,WE,Towers with Radar,202,58,16,0,276,0,0,16,0,16,202,58,32,0,292,0,0,0,292
04/28/2010,ONT,CA,AWP,WE,Towers with Radar,205,60,11,0,276,0,2,14,0,16,205,62,25,0,292,18,0,18,310
04/29/2010,ONT,CA,AWP,WE,Towers with Radar,180,69,11,0,260,0,1,16,0,17,180,70,27,0,277,38,0,38,315
04/30/2010,ONT,CA,AWP,WE,Towers with Radar,187,46,19,0,252,0,6,11,0,17,187,52,30,0,269,0,0,0,269
05/01/2010,ONT,CA,AWP,WE,Towers with Radar,133,31,3,0,167,0,0,17,0,17,133,31,20,0,184,0,0,0,184
05/02/2010,ONT,CA,AWP,WE,Towers with Radar,142,21,11,0,174,0,0,6,0,6,142,21,17,0,180,2,0,2,182
05/03/2010,ONT,CA,AWP,WE,Towers with Radar,180,42,9,0,231,0,2,41,0,43,180,44,50,0,274,40,0,40,314
05/04/2010,ONT,CA,AWP,WE,Towers with Radar,204,54,11,0,269,0,4,25,2,31,204,58,36,2,300,16,0,16,316
05/05/2010,ONT,CA,AWP,WE,Towers with Radar,199,51,20,0,270,0,4,15,0,19,199,55,35,0,289,22,0,22,311
05/06/2010,ONT,CA,AWP,WE,Towers with Radar,200,51,26,0,277,0,1,15,0,16,200,52,41,0,293,55,0,55,348
05/07/2010,ONT,CA,AWP,WE,Towers with Radar,181,57,16,0,254,0,4,20,0,24,181,61,36,0,278,14,0,14,292
05/08/2010,ONT,CA,AWP,WE,Towers with Radar,135,28,13,0,176,0,4,9,0,13,135,32,22,0,189,0,0,0,189
05/09/2010,ONT,CA,AWP,WE,Towers with Radar,145,19,9,0,173,0,0,3,0,3,145,19,12,0,176,0,0,0,176
05/10/2010,ONT,CA,AWP,WE,Towers with Radar,166,41,13,0,220,0,1,29,1,31,166,42,42,1,251,0,0,0,251
05/11/2010,ONT,CA,AWP,WE,Towers with Radar,203,48,13,0,264,0,4,13,0,17,203,52,26,0,281,2,0,2,283
05/12/2010,ONT,CA,AWP,WE,Towers with Radar,196,51,22,0,269,0,4,44,0,48,196,55,66,0,317,4,0,4,321
05/13/2010,ONT,CA,AWP,WE,Towers with Radar,198,43,17,2,260,0,3,30,1,34,198,46,47,3,294,5,0,5,299
05/14/2010,ONT,CA,AWP,WE,Towers with Radar,176,52,39,0,267,0,4,17,1,22,176,56,56,1,289,0,0,0,289
05/15/2010,ONT,CA,AWP,WE,Towers with Radar,160,32,9,0,201,0,1,19,1,21,160,33,28,1,222,0,0,0,222
05/16/2010,ONT,CA,AWP,WE,Towers with Radar,147,23,22,0,192,0,0,15,0,15,147,23,37,0,207,4,0,4,211
05/17/2010,ONT,CA,AWP,WE,Towers with Radar,168,40,20,3,231,0,0,2,1,3,168,40,22,4,234,0,0,0,234
05/18/2010,ONT,CA,AWP,WE,Towers with Radar,203,57,23,5,288,0,0,11,0,11,203,57,34,5,299,6,0,6,305
05/19/2010,ONT,CA,AWP,WE,Towers with Radar,197,54,16,0,267,0,5,33,0,38,197,59,49,0,305,0,0,0,305
05/20/2010,ONT,CA,AWP,WE,Towers with Radar,193,52,11,0,256,0,5,39,1,45,193,57,50,1,301,39,0,39,340
05/21/2010,ONT,CA,AWP,WE,Towers with Radar,161,45,16,2,224,0,3,20,1,24,161,48,36,3,248,45,0,45,293
05/22/2010,ONT,CA,AWP,WE,Towers with Radar,125,38,12,0,175,0,8,1,0,9,125,46,13,0,184,6,0,6,190
05/23/2010,ONT,CA,AWP,WE,Towers with Radar,158,23,15,0,196,0,0,4,0,4,158,23,19,0,200,0,0,0,200
05/24/2010,ONT,CA,AWP,WE,Towers with Radar,162,39,18,0,219,0,4,26,3,33,162,43,44,3,252,0,0,0,252
05/25/2010,ONT,CA,AWP,WE,Towers with Radar,207,43,21,0,271,0,6,36,0,42,207,49,57,0,313,48,0,48,361
05/26/2010,ONT,CA,AWP,WE,Towers with Radar,192,50,16,0,258,0,2,14,0,16,192,52,30,0,274,17,0,17,291
05/27/2010,ONT,CA,AWP,WE,Towers with Radar,195,51,19,0,265,0,0,24,2,26,195,51,43,2,291,7,0,7,298
05/28/2010,ONT,CA,AWP,WE,Towers with Radar,179,46,12,0,237,0,6,11,0,17,179,52,23,0,254,4,0,4,258
05/29/2010,ONT,CA,AWP,WE,Towers with Radar,125,36,9,1,171,0,2,16,0,18,125,38,25,1,189,0,0,0,189
05/30/2010,ONT,CA,AWP,WE,Towers with Radar,219,17,7,0,243,0,0,15,0,15,219,17,22,0,258,8,0,8,266
05/31/2010,ONT,CA,AWP,WE,Towers with Radar,142,20,12,0,174,0,0,22,0,22,142,20,34,0,196,9,0,9,205
06/01/2010,ONT,CA,AWP,WE,Towers with Radar,164,44,15,0,223,0,0,22,0,22,164,44,37,0,245,6,0,6,251
06/02/2010,ONT,CA,AWP,WE,Towers with Radar,195,56,19,0,270,0,1,16,0,17,195,57,35,0,287,110,0,110,397
06/03/2010,ONT,CA,AWP,WE,Towers with Radar,190,51,18,2,261,0,1,20,0,21,190,52,38,2,282,0,8,8,290
06/04/2010,ONT,CA,AWP,WE,Towers with Radar,172,47,19,0,238,0,6,4,0,10,172,53,23,0,248,52,0,52,300
06/05/2010,ONT,CA,AWP,WE,Towers with Radar,123,28,11,0,162,0,3,13,0,16,123,31,24,0,178,0,0,0,178
06/06/2010,ONT,CA,AWP,WE,Towers with Radar,148,19,11,0,178,0,0,4,0,4,148,19,15,0,182,0,0,0,182
06/07/2010,ONT,CA,AWP,WE,Towers with Radar,178,36,21,0,235,0,3,21,0,24,178,39,42,0,259,6,0,6,265
06/08/2010,ONT,CA,AWP,WE,Towers with Radar,198,51,24,0,273,0,1,9,0,10,198,52,33,0,283,26,0,26,309
06/09/2010,ONT,CA,AWP,WE,Towers with Radar,206,49,18,0,273,0,2,11,0,13,206,51,29,0,286,24,0,24,310
06/10/2010,ONT,CA,AWP,WE,Towers with Radar,189,62,20,2,273,0,0,11,0,11,189,62,31,2,284,22,0,22,306
06/11/2010,ONT,CA,AWP,WE,Towers with Radar,168,61,16,2,247,0,1,8,0,9,168,62,24,2,256,6,0,6,262
06/12/2010,ONT,CA,AWP,WE,Towers with Radar,117,41,16,0,174,0,0,10,0,10,117,41,26,0,184,36,0,36,220
06/13/2010,ONT,CA,AWP,WE,Towers with Radar,152,18,5,0,175,0,0,13,0,13,152,18,18,0,188,0,0,0,188
06/14/2010,ONT,CA,AWP,WE,Towers with Radar,172,41,8,0,221,0,0,11,0,11,172,41,19,0,232,0,0,0,232
06/15/2010,ONT,CA,AWP,WE,Towers with Radar,195,46,14,0,255,0,9,31,0,40,195,55,45,0,295,6,0,6,301
06/16/2010,ONT,CA,AWP,WE,Towers with Radar,199,53,17,0,269,0,3,14,0,17,199,56,31,0,286,3,0,3,289
06/17/2010,ONT,CA,AWP,WE,Towers with Radar,198,45,18,0,261,0,1,20,0,21,198,46,38,0,282,0,0,0,282
06/18/2010,ONT,CA,AWP,WE,Towers with Radar,172,60,18,0,250,0,0,17,0,17,172,60,35,0,267,2,0,2,269
06/19/2010,ONT,CA,AWP,WE,Towers with Radar,163,41,4,0,208,0,3,7,0,10,163,44,11,0,218,0,0,0,218
06/20/2010,ONT,CA,AWP,WE,Towers with Radar,148,20,12,0,180,0,0,12,0,12,148,20,24,0,192,0,0,0,192
06/21/2010,ONT,CA,AWP,WE,Towers with Radar,163,44,21,0,228,0,2,10,0,12,163,46,31,0,240,1,0,1,241
06/22/2010,ONT,CA,AWP,WE,Towers with Radar,203,54,14,2,273,0,0,6,0,6,203,54,20,2,279,13,0,13,292
06/23/2010,ONT,CA,AWP,WE,Towers with Radar,199,64,20,0,283,0,1,18,0,19,199,65,38,0,302,6,0,6,308
06/24/2010,ONT,CA,AWP,WE,Towers with Radar,191,50,10,0,251,0,5,42,0,47,191,55,52,0,298,61,0,61,359
06/25/2010,ONT,CA,AWP,WE,Towers with Radar,176,52,16,0,244,0,6,18,0,24,176,58,34,0,268,18,0,18,286
06/26/2010,ONT,CA,AWP,WE,Towers with Radar,127,40,16,0,183,0,0,8,0,8,127,40,24,0,191,8,0,8,199
06/27/2010,ONT,CA,AWP,WE,Towers with Radar,151,28,13,0,192,0,0,9,0,9,151,28,22,0,201,0,0,0,201
06/28/2010,ONT,CA,AWP,WE,Towers with Radar,170,35,19,0,224,0,8,13,0,21,170,43,32,0,245,24,0,24,269
06/29/2010,ONT,CA,AWP,WE,Towers with Radar,202,51,19,0,272,0,9,15,2,26,202,60,34,2,298,14,0,14,312
06/30/2010,ONT,CA,AWP,WE,Towers with Radar,201,47,17,0,265,0,2,39,0,41,201,49,56,0,306,31,0,31,337
07/01/2010,ONT,CA,AWP,WE,Towers with Radar,204,48,16,0,268,0,6,14,0,20,204,54,30,0,288,2,0,2,290
07/02/2010,ONT,CA,AWP,WE,Towers with Radar,174,63,11,0,248,0,2,8,0,10,174,65,19,0,258,2,0,2,260
07/03/2010,ONT,CA,AWP,WE,Towers with Radar,129,38,6,0,173,0,0,12,0,12,129,38,18,0,185,12,0,12,197
07/04/2010,ONT,CA,AWP,WE,Towers with Radar,111,16,6,0,133,0,0,8,0,8,111,16,14,0,141,0,0,0,141
07/05/2010,ONT,CA,AWP,WE,Towers with Radar,160,23,13,0,196,0,1,11,0,12,160,24,24,0,208,0,0,0,208
07/06/2010,ONT,CA,AWP,WE,Towers with Radar,169,42,19,0,230,0,3,14,0,17,169,45,33,0,247,0,0,0,247
07/07/2010,ONT,CA,AWP,WE,Towers with Radar,195,59,10,0,264,0,3,11,0,14,195,62,21,0,278,8,0,8,286
07/08/2010,ONT,CA,AWP,WE,Towers with Radar,189,55,15,0,259,0,3,8,0,11,189,58,23,0,270,2,0,2,272
07/09/2010,ONT,CA,AWP,WE,Towers with Radar,184,50,17,0,251,0,0,14,0,14,184,50,31,0,265,0,0,0,265
07/10/2010,ONT,CA,AWP,WE,Towers with Radar,134,42,4,0,180,0,3,9,0,12,134,45,13,0,192,0,0,0,192
07/11/2010,ONT,CA,AWP,WE,Towers with Radar,157,19,7,2,185,0,0,5,0,5,157,19,12,2,190,0,0,0,190
07/12/2010,ONT,CA,AWP,WE,Towers with Radar,158,33,14,0,205,0,9,21,0,30,158,42,35,0,235,9,0,9,244
07/13/2010,ONT,CA,AWP,WE,Towers with Radar,192,63,19,0,274,0,4,23,2,29,192,67,42,2,303,8,0,8,311
07/14/2010,ONT,CA,AWP,WE,Towers with Radar,194,49,11,0,254,0,8,32,0,40,194,57,43,0,294,18,0,18,312
07/15/2010,ONT,CA,AWP,WE,Towers with Radar,197,54,22,0,273,0,6,24,0,30,197,60,46,0,303,0,0,0,303
07/16/2010,ONT,CA,AWP,WE,Towers with Radar,173,49,9,0,231,0,6,24,0,30,173,55,33,0,261,42,1,43,304
07/17/2010,ONT,CA,AWP,WE,Towers with Radar,133,37,5,0,175,0,5,7,0,12,133,42,12,0,187,4,0,4,191
07/18/2010,ONT,CA,AWP,WE,Towers with Radar,152,23,11,0,186,0,0,14,0,14,152,23,25,0,200,8,0,8,208
07/19/2010,ONT,CA,AWP,WE,Towers with Radar,160,30,12,0,202,0,8,17,0,25,160,38,29,0,227,0,0,0,227
07/20/2010,ONT,CA,AWP,WE,Towers with Radar,211,51,16,3,281,0,8,24,1,33,211,59,40,4,314,21,0,21,335
07/21/2010,ONT,CA,AWP,WE,Towers with Radar,210,43,21,2,276,0,3,14,2,19,210,46,35,4,295,28,0,28,323
07/22/2010,ONT,CA,AWP,WE,Towers with Radar,191,47,15,2,255,0,4,25,0,29,191,51,40,2,284,0,0,0,284
07/23/2010,ONT,CA,AWP,WE,Towers with Radar,170,55,18,0,243,0,8,4,0,12,170,63,22,0,255,16,0,16,271
07/24/2010,ONT,CA,AWP,WE,Towers with Radar,131,32,9,0,172,0,4,6,0,10,131,36,15,0,182,0,0,0,182
07/25/2010,ONT,CA,AWP,WE,Towers with Radar,157,26,11,0,194,0,0,16,0,16,157,26,27,0,210,10,0,10,220
07/26/2010,ONT,CA,AWP,WE,Towers with Radar,163,40,18,0,221,0,5,28,0,33,163,45,46,0,254,0,0,0,254
07/27/2010,ONT,CA,AWP,WE,Towers with Radar,206,56,20,0,282,0,5,12,0,17,206,61,32,0,299,0,0,0,299
07/28/2010,ONT,CA,AWP,WE,Towers with Radar,195,61,15,0,271,0,4,40,0,44,195,65,55,0,315,4,0,4,319
07/29/2010,ONT,CA,AWP,WE,Towers with Radar,213,50,15,0,278,0,6,22,0,28,213,56,37,0,306,2,0,2,308
07/30/2010,ONT,CA,AWP,WE,Towers with Radar,179,53,9,0,241,0,3,21,0,24,179,56,30,0,265,0,0,0,265
07/31/2010,ONT,CA,AWP,WE,Towers with Radar,126,38,9,0,173,0,2,9,0,11,126,40,18,0,184,8,0,8,192
08/01/2010,ONT,CA,AWP,WE,Towers with Radar,154,25,3,0,182,10,0,0,0,10,164,25,3,0,192,14,0,14,206
08/02/2010,ONT,CA,AWP,WE,Towers with Radar,170,42,8,2,222,0,4,13,0,17,170,46,21,2,239,16,0,16,255
08/03/2010,ONT,CA,AWP,WE,Towers with Radar,203,58,14,0,275,0,4,43,0,47,203,62,57,0,322,0,0,0,322
08/04/2010,ONT,CA,AWP,WE,Towers with Radar,197,51,18,0,266,0,3,20,0,23,197,54,38,0,289,6,0,6,295
08/05/2010,ONT,CA,AWP,WE,Towers with Radar,197,47,15,0,259,0,3,20,0,23,197,50,35,0,282,11,0,11,293
08/06/2010,ONT,CA,AWP,WE,Towers with Radar,174,63,14,0,251,0,7,16,0,23,174,70,30,0,274,10,0,10,284
08/07/2010,ONT,CA,AWP,WE,Towers with Radar,129,38,13,0,180,0,0,13,0,13,129,38,26,0,193,24,0,24,217
08/08/2010,ONT,CA,AWP,WE,Towers with Radar,155,22,21,0,198,0,0,5,0,5,155,22,26,0,203,8,0,8,211
08/09/2010,ONT,CA,AWP,WE,Towers with Radar,171,45,11,1,228,0,1,16,0,17,171,46,27,1,245,20,0,20,265
08/10/2010,ONT,CA,AWP,WE,Towers with Radar,197,69,15,1,282,0,3,18,0,21,197,72,33,1,303,2,0,2,305
08/11/2010,ONT,CA,AWP,WE,Towers with Radar,178,48,17,0,243,0,3,14,0,17,178,51,31,0,260,2,0,2,262
08/12/2010,ONT,CA,AWP,WE,Towers with Radar,188,54,30,0,272,0,5,26,0,31,188,59,56,0,303,42,0,42,345
08/13/2010,ONT,CA,AWP,WE,Towers with Radar,172,49,20,0,241,0,5,19,0,24,172,54,39,0,265,15,0,15,280
08/14/2010,ONT,CA,AWP,WE,Towers with Radar,131,39,2,0,172,0,1,7,0,8,131,40,9,0,180,0,0,0,180
08/15/2010,ONT,CA,AWP,WE,Towers with Radar,125,28,12,0,165,0,0,5,0,5,125,28,17,0,170,6,0,6,176
08/16/2010,ONT,CA,AWP,WE,Towers with Radar,168,43,18,0,229,0,3,16,0,19,168,46,34,0,248,4,0,4,252
08/17/2010,ONT,CA,AWP,WE,Towers with Radar,186,48,24,0,258,0,8,29,0,37,186,56,53,0,295,16,0,16,311
08/18/2010,ONT,CA,AWP,WE,Towers with Radar,183,51,13,0,247,0,6,19,0,25,183,57,32,0,272,14,0,14,286
08/19/2010,ONT,CA,AWP,WE,Towers with Radar,186,46,20,0,252,0,3,33,3,39,186,49,53,3,291,10,0,10,301
08/20/2010,ONT,CA,AWP,WE,Towers with Radar,163,46,21,0,230,0,7,19,0,26,163,53,40,0,256,5,0,5,261
08/21/2010,ONT,CA,AWP,WE,Towers with Radar,128,37,12,0,177,0,0,6,0,6,128,37,18,0,183,24,0,24,207
08/22/2010,ONT,CA,AWP,WE,Towers with Radar,130,21,12,0,163,0,0,9,0,9,130,21,21,0,172,0,0,0,172
08/23/2010,ONT,CA,AWP,WE,Towers with Radar,172,45,14,0,231,0,5,28,0,33,172,50,42,0,264,2,0,2,266
08/24/2010,ONT,CA,AWP,WE,Towers with Radar,190,55,8,0,253,0,0,15,0,15,190,55,23,0,268,20,0,20,288
08/25/2010,ONT,CA,AWP,WE,Towers with Radar,177,56,11,0,244,0,3,30,0,33,177,59,41,0,277,14,0,14,291
08/26/2010,ONT,CA,AWP,WE,Towers with Radar,174,60,11,5,250,0,2,17,1,20,174,62,28,6,270,1,0,1,271
08/27/2010,ONT,CA,AWP,WE,Towers with Radar,138,48,48,11,245,0,5,15,0,20,138,53,63,11,265,0,0,0,265
08/28/2010,ONT,CA,AWP,WE,Towers with Radar,123,43,6,9,181,0,0,10,0,10,123,43,16,9,191,0,0,0,191
08/29/2010,ONT,CA,AWP,WE,Towers with Radar,133,20,8,0,161,0,0,10,0,10,133,20,18,0,171,0,0,0,171
08/30/2010,ONT,CA,AWP,WE,Towers with Radar,157,39,14,0,210,0,7,27,0,34,157,46,41,0,244,32,0,32,276
08/31/2010,ONT,CA,AWP,WE,Towers with Radar,187,46,11,4,248,0,10,36,4,50,187,56,47,8,298,2,0,2,300
09/01/2010,ONT,CA,AWP,WE,Towers with Radar,184,49,25,15,273,0,5,37,1,43,184,54,62,16,316,4,0,4,320
09/02/2010,ONT,CA,AWP,WE,Towers with Radar,192,54,12,0,258,0,3,48,0,51,192,57,60,0,309,32,0,32,341
09/03/2010,ONT,CA,AWP,WE,Towers with Radar,163,58,12,11,244,0,3,30,0,33,163,61,42,11,277,30,0,30,307
09/04/2010,ONT,CA,AWP,WE,Towers with Radar,121,37,7,0,165,0,3,14,0,17,121,40,21,0,182,18,0,18,200
09/05/2010,ONT,CA,AWP,WE,Towers with Radar,89,21,5,0,115,0,0,3,0,3,89,21,8,0,118,0,0,0,118
09/06/2010,ONT,CA,AWP,WE,Towers with Radar,125,24,12,0,161,0,0,26,0,26,125,24,38,0,187,14,0,14,201
09/07/2010,ONT,CA,AWP,WE,Towers with Radar,167,41,12,0,220,0,5,4,0,9,167,46,16,0,229,2,0,2,231
09/08/2010,ONT,CA,AWP,WE,Towers with Radar,190,61,21,0,272,0,0,0,0,0,190,61,21,0,272,20,0,20,292
09/09/2010,ONT,CA,AWP,WE,Towers with Radar,200,54,17,0,271,0,1,7,0,8,200,55,24,0,279,8,0,8,287
09/10/2010,ONT,CA,AWP,WE,Towers with Radar,167,53,7,0,227,0,9,16,0,25,167,62,23,0,252,14,0,14,266
09/11/2010,ONT,CA,AWP,WE,Towers with Radar,115,32,8,0,155,0,3,14,0,17,115,35,22,0,172,2,0,2,174
09/12/2010,ONT,CA,AWP,WE,Towers with Radar,127,15,7,0,149,0,0,5,0,5,127,15,12,0,154,0,0,0,154
09/13/2010,ONT,CA,AWP,WE,Towers with Radar,167,47,17,0,231,0,2,16,0,18,167,49,33,0,249,4,0,4,253
09/14/2010,ONT,CA,AWP,WE,Towers with Radar,186,47,5,0,238,0,4,20,0,24,186,51,25,0,262,18,0,18,280
09/15/2010,ONT,CA,AWP,WE,Towers with Radar,184,48,12,0,244,0,6,14,0,20,184,54,26,0,264,0,0,0,264
09/16/2010,ONT,CA,AWP,WE,Towers with Radar,190,47,16,0,253,0,3,15,0,18,190,50,31,0,271,8,0,8,279
09/17/2010,ONT,CA,AWP,WE,Towers with Radar,178,58,12,0,248,0,6,22,0,28,178,64,34,0,276,18,0,18,294
09/18/2010,ONT,CA,AWP,WE,Towers with Radar,113,35,5,0,153,0,3,37,0,40,113,38,42,0,193,8,0,8,201
09/19/2010,ONT,CA,AWP,WE,Towers with Radar,132,23,12,0,167,0,0,13,0,13,132,23,25,0,180,14,0,14,194
09/20/2010,ONT,CA,AWP,WE,Towers with Radar,164,44,19,0,227,0,0,19,0,19,164,44,38,0,246,20,0,20,266
09/21/2010,ONT,CA,AWP,WE,Towers with Radar,187,54,21,0,262,0,2,23,0,25,187,56,44,0,287,0,0,0,287
09/22/2010,ONT,CA,AWP,WE,Towers with Radar,191,53,20,0,264,0,0,20,0,20,191,53,40,0,284,26,0,26,310
09/23/2010,ONT,CA,AWP,WE,Towers with Radar,190,49,12,0,251,0,3,32,0,35,190,52,44,0,286,8,0,8,294
09/24/2010,ONT,CA,AWP,WE,Towers with Radar,165,44,16,0,225,0,6,27,0,33,165,50,43,0,258,1,0,1,259
09/25/2010,ONT,CA,AWP,WE,Towers with Radar,121,32,14,0,167,0,3,17,0,20,121,35,31,0,187,0,0,0,187
09/26/2010,ONT,CA,AWP,WE,Towers with Radar,138,19,13,0,170,0,0,11,0,11,138,19,24,0,181,0,0,0,181
09/27/2010,ONT,CA,AWP,WE,Towers with Radar,161,37,10,0,208,0,1,21,0,22,161,38,31,0,230,8,0,8,238
09/28/2010,ONT,CA,AWP,WE,Towers with Radar,187,47,21,0,255,0,7,38,0,45,187,54,59,0,300,4,0,4,304
09/29/2010,ONT,CA,AWP,WE,Towers with Radar,184,54,15,0,253,0,8,31,0,39,184,62,46,0,292,0,10,10,302
09/30/2010,ONT,CA,AWP,WE,Towers with Radar,192,52,11,0,255,0,2,11,0,13,192,54,22,0,268,24,0,24,292
10/01/2010,ONT,CA,AWP,WE,Towers with Radar,165,51,10,0,226,0,5,5,0,10,165,56,15,0,236,40,0,40,276
10/02/2010,ONT,CA,AWP,WE,Towers with Radar,124,32,11,0,167,0,0,10,0,10,124,32,21,0,177,6,0,6,183
10/03/2010,ONT,CA,AWP,WE,Towers with Radar,144,21,12,0,177,0,0,2,0,2,144,21,14,0,179,0,0,0,179
10/04/2010,ONT,CA,AWP,WE,Towers with Radar,168,38,36,0,242,0,0,1,0,1,168,38,37,0,243,0,0,0,243
10/05/2010,ONT,CA,AWP,WE,Towers with Radar,185,52,19,0,256,0,3,21,0,24,185,55,40,0,280,0,0,0,280
10/06/2010,ONT,CA,AWP,WE,Towers with Radar,186,48,24,0,258,0,1,0,0,1,186,49,24,0,259,0,0,0,259
10/07/2010,ONT,CA,AWP,WE,Towers with Radar,182,60,49,2,293,0,0,25,0,25,182,60,74,2,318,1,0,1,319
10/08/2010,ONT,CA,AWP,WE,Towers with Radar,145,69,21,0,235,0,1,14,0,15,145,70,35,0,250,0,0,0,250
10/09/2010,ONT,CA,AWP,WE,Towers with Radar,111,35,23,8,177,0,3,12,4,19,111,38,35,12,196,0,0,0,196
10/10/2010,ONT,CA,AWP,WE,Towers with Radar,136,24,63,11,234,0,0,24,0,24,136,24,87,11,258,18,0,18,276
10/11/2010,ONT,CA,AWP,WE,Towers with Radar,173,43,13,0,229,0,4,37,1,42,173,47,50,1,271,13,0,13,284
10/12/2010,ONT,CA,AWP,WE,Towers with Radar,194,43,20,4,261,0,6,19,0,25,194,49,39,4,286,32,0,32,318
10/13/2010,ONT,CA,AWP,WE,Towers with Radar,193,48,16,0,257,0,5,29,0,34,193,53,45,0,291,2,0,2,293
10/14/2010,ONT,CA,AWP,WE,Towers with Radar,174,52,13,1,240,0,0,12,1,13,174,52,25,2,253,42,0,42,295
10/15/2010,ONT,CA,AWP,WE,Towers with Radar,168,52,14,0,234,0,0,6,0,6,168,52,20,0,240,0,0,0,240
10/16/2010,ONT,CA,AWP,WE,Towers with Radar,122,26,12,0,160,0,0,1,0,1,122,26,13,0,161,0,0,0,161
10/17/2010,ONT,CA,AWP,WE,Towers with Radar,145,15,20,0,180,0,0,0,0,0,145,15,20,0,180,0,0,0,180
10/18/2010,ONT,CA,AWP,WE,Towers with Radar,167,42,19,0,228,0,0,2,0,2,167,42,21,0,230,26,0,26,256
10/19/2010,ONT,CA,AWP,WE,Towers with Radar,186,47,11,0,244,0,0,4,0,4,186,47,15,0,248,0,0,0,248
10/20/2010,ONT,CA,AWP,WE,Towers with Radar,186,56,21,0,263,0,0,10,0,10,186,56,31,0,273,0,0,0,273
10/21/2010,ONT,CA,AWP,WE,Towers with Radar,183,50,32,0,265,0,0,4,0,4,183,50,36,0,269,0,0,0,269
10/22/2010,ONT,CA,AWP,WE,Towers with Radar,169,55,16,0,240,0,0,8,0,8,169,55,24,0,248,2,0,2,250
10/23/2010,ONT,CA,AWP,WE,Towers with Radar,118,37,11,2,168,0,0,8,0,8,118,37,19,2,176,24,0,24,200
10/24/2010,ONT,CA,AWP,WE,Towers with Radar,130,17,13,1,161,0,0,5,0,5,130,17,18,1,166,16,0,16,182
10/25/2010,ONT,CA,AWP,WE,Towers with Radar,168,50,11,0,229,0,0,11,0,11,168,50,22,0,240,0,0,0,240
10/26/2010,ONT,CA,AWP,WE,Towers with Radar,190,49,12,0,251,0,2,13,0,15,190,51,25,0,266,21,0,21,287
10/27/2010,ONT,CA,AWP,WE,Towers with Radar,186,43,6,0,235,0,3,17,0,20,186,46,23,0,255,1,0,1,256
10/28/2010,ONT,CA,AWP,WE,Towers with Radar,189,46,12,0,247,0,3,34,0,37,189,49,46,0,284,6,0,6,290
10/29/2010,ONT,CA,AWP,WE,Towers with Radar,174,50,13,0,237,0,4,12,0,16,174,54,25,0,253,14,0,14,267
10/30/2010,ONT,CA,AWP,WE,Towers with Radar,112,33,5,0,150,0,0,3,0,3,112,33,8,0,153,0,0,0,153
10/31/2010,ONT,CA,AWP,WE,Towers with Radar,128,23,14,0,165,0,0,4,0,4,128,23,18,0,169,8,0,8,177
11/01/2010,ONT,CA,AWP,WE,Towers with Radar,179,39,6,0,224,0,1,31,0,32,179,40,37,0,256,0,0,0,256
11/02/2010,ONT,CA,AWP,WE,Towers with Radar,180,51,22,0,253,5,0,21,0,26,185,51,43,0,279,0,0,0,279
11/03/2010,ONT,CA,AWP,WE,Towers with Radar,164,49,11,0,224,0,3,21,1,25,164,52,32,1,249,18,0,18,267
11/04/2010,ONT,CA,AWP,WE,Towers with Radar,180,50,22,0,252,0,4,35,0,39,180,54,57,0,291,10,0,10,301
11/05/2010,ONT,CA,AWP,WE,Towers with Radar,155,48,13,0,216,0,3,29,0,32,155,51,42,0,248,12,0,12,260
11/06/2010,ONT,CA,AWP,WE,Towers with Radar,119,36,13,0,168,0,0,8,0,8,119,36,21,0,176,16,0,16,192
11/07/2010,ONT,CA,AWP,WE,Towers with Radar,128,28,12,1,169,0,0,2,1,3,128,28,14,2,172,2,0,2,174
11/08/2010,ONT,CA,AWP,WE,Towers with Radar,156,48,16,0,220,0,0,21,0,21,156,48,37,0,241,0,0,0,241
11/09/2010,ONT,CA,AWP,WE,Towers with Radar,177,55,23,0,255,0,1,33,0,34,177,56,56,0,289,75,0,75,364
11/10/2010,ONT,CA,AWP,WE,Towers with Radar,174,54,15,0,243,0,3,16,0,19,174,57,31,0,262,36,0,36,298
11/11/2010,ONT,CA,AWP,WE,Towers with Radar,186,53,14,0,253,0,1,10,0,11,186,54,24,0,264,0,0,0,264
11/12/2010,ONT,CA,AWP,WE,Towers with Radar,157,63,26,0,246,0,1,21,0,22,157,64,47,0,268,0,0,0,268
11/13/2010,ONT,CA,AWP,WE,Towers with Radar,120,35,11,0,166,0,7,8,0,15,120,42,19,0,181,0,0,0,181
11/14/2010,ONT,CA,AWP,WE,Towers with Radar,145,30,24,0,199,0,0,7,0,7,145,30,31,0,206,0,0,0,206
11/15/2010,ONT,CA,AWP,WE,Towers with Radar,179,46,16,0,241,0,5,24,0,29,179,51,40,0,270,0,0,0,270
11/16/2010,ONT,CA,AWP,WE,Towers with Radar,187,60,18,0,265,68,0,0,2,70,255,60,18,2,335,6,0,6,341
11/17/2010,ONT,CA,AWP,WE,Towers with Radar,187,60,25,0,272,0,1,24,0,25,187,61,49,0,297,17,0,17,314
11/18/2010,ONT,CA,AWP,WE,Towers with Radar,185,57,17,0,259,0,3,27,0,30,185,60,44,0,289,2,0,2,291
11/19/2010,ONT,CA,AWP,WE,Towers with Radar,154,59,22,1,236,0,0,4,0,4,154,59,26,1,240,0,0,0,240
11/20/2010,ONT,CA,AWP,WE,Towers with Radar,135,42,9,0,186,0,0,0,0,0,135,42,9,0,186,0,0,0,186
11/21/2010,ONT,CA,AWP,WE,Towers with Radar,130,24,13,0,167,0,0,9,0,9,130,24,22,0,176,0,0,0,176
11/22/2010,ONT,CA,AWP,WE,Towers with Radar,151,51,16,0,218,0,2,17,0,19,151,53,33,0,237,2,0,2,239
11/23/2010,ONT,CA,AWP,WE,Towers with Radar,218,66,21,0,305,0,0,6,0,6,218,66,27,0,311,42,0,42,353
11/24/2010,ONT,CA,AWP,WE,Towers with Radar,186,77,17,0,280,0,0,12,0,12,186,77,29,0,292,0,0,0,292
11/25/2010,ONT,CA,AWP,WE,Towers with Radar,101,15,5,0,121,0,0,11,0,11,101,15,16,0,132,24,0,24,156
11/26/2010,ONT,CA,AWP,WE,Towers with Radar,127,61,15,0,203,0,7,11,0,18,127,68,26,0,221,14,0,14,235
11/27/2010,ONT,CA,AWP,WE,Towers with Radar,138,35,10,0,183,0,6,9,0,15,138,41,19,0,198,0,0,0,198
11/28/2010,ONT,CA,AWP,WE,Towers with Radar,151,29,23,0,203,0,0,6,0,6,151,29,29,0,209,12,0,12,221
11/29/2010,ONT,CA,AWP,WE,Towers with Radar,161,42,15,0,218,0,2,13,0,15,161,44,28,0,233,0,0,0,233
11/30/2010,ONT,CA,AWP,WE,Towers with Radar,189,60,11,0,260,0,0,34,0,34,189,60,45,0,294,12,0,12,306
12/01/2010,ONT,CA,AWP,WE,Towers with Radar,185,54,15,0,254,0,2,20,0,22,185,56,35,0,276,49,0,49,325
12/02/2010,ONT,CA,AWP,WE,Towers with Radar,188,66,15,0,269,0,1,47,0,48,188,67,62,0,317,14,0,14,331
12/03/2010,ONT,CA,AWP,WE,Towers with Radar,170,57,17,0,244,0,2,34,0,36,170,59,51,0,280,20,0,20,300
12/04/2010,ONT,CA,AWP,WE,Towers with Radar,135,32,4,0,171,0,1,15,0,16,135,33,19,0,187,18,0,18,205
12/05/2010,ONT,CA,AWP,WE,Towers with Radar,131,16,12,0,159,0,0,12,0,12,131,16,24,0,171,0,0,0,171
12/06/2010,ONT,CA,AWP,WE,Towers with Radar,201,43,17,0,261,0,0,12,0,12,201,43,29,0,273,0,0,0,273
12/07/2010,ONT,CA,AWP,WE,Towers with Radar,203,66,9,0,278,0,2,27,0,29,203,68,36,0,307,0,0,0,307
12/08/2010,ONT,CA,AWP,WE,Towers with Radar,194,58,13,0,265,0,8,19,0,27,194,66,32,0,292,30,0,30,322
12/09/2010,ONT,CA,AWP,WE,Towers with Radar,199,64,18,0,281,0,3,24,0,27,199,67,42,0,308,21,0,21,329
12/10/2010,ONT,CA,AWP,WE,Towers with Radar,197,52,17,0,266,0,2,22,0,24,197,54,39,0,290,6,0,6,296
12/11/2010,ONT,CA,AWP,WE,Towers with Radar,123,34,25,0,182,0,0,0,0,0,123,34,25,0,182,6,0,6,188
12/12/2010,ONT,CA,AWP,WE,Towers with Radar,133,23,17,0,173,0,0,6,0,6,133,23,23,0,179,2,0,2,181
12/13/2010,ONT,CA,AWP,WE,Towers with Radar,157,44,17,0,218,0,3,40,0,43,157,47,57,0,261,12,0,12,273
12/14/2010,ONT,CA,AWP,WE,Towers with Radar,217,58,14,3,292,0,0,25,0,25,217,58,39,3,317,0,0,0,317
12/15/2010,ONT,CA,AWP,WE,Towers with Radar,211,70,35,0,316,0,0,1,0,1,211,70,36,0,317,4,0,4,321
12/16/2010,ONT,CA,AWP,WE,Towers with Radar,207,71,31,0,309,0,1,17,0,18,207,72,48,0,327,20,0,20,347
12/17/2010,ONT,CA,AWP,WE,Towers with Radar,197,64,21,0,282,0,0,0,0,0,197,64,21,0,282,0,0,0,282
12/18/2010,ONT,CA,AWP,WE,Towers with Radar,138,41,15,0,194,0,0,2,0,2,138,41,17,0,196,0,0,0,196
12/19/2010,ONT,CA,AWP,WE,Towers with Radar,152,22,8,0,182,0,0,0,0,0,152,22,8,0,182,0,0,0,182
12/20/2010,ONT,CA,AWP,WE,Towers with Radar,175,42,15,0,232,0,1,0,0,1,175,43,15,0,233,0,0,0,233
12/21/2010,ONT,CA,AWP,WE,Towers with Radar,226,67,9,0,302,0,0,0,0,0,226,67,9,0,302,0,0,0,302
12/22/2010,ONT,CA,AWP,WE,Towers with Radar,239,56,5,0,300,0,0,5,0,5,239,56,10,0,305,0,0,0,305
12/23/2010,ONT,CA,AWP,WE,Towers with Radar,231,72,31,0,334,0,1,22,0,23,231,73,53,0,357,6,0,6,363
12/24/2010,ONT,CA,AWP,WE,Towers with Radar,140,53,9,0,202,0,4,10,0,14,140,57,19,0,216,12,0,12,228
12/25/2010,ONT,CA,AWP,WE,Towers with Radar,101,19,3,0,123,0,0,2,0,2,101,19,5,0,125,2,0,2,127
12/26/2010,ONT,CA,AWP,WE,Towers with Radar,146,18,18,0,182,0,0,0,0,0,146,18,18,0,182,0,0,0,182
12/27/2010,ONT,CA,AWP,WE,Towers with Radar,158,40,11,0,209,0,2,19,0,21,158,42,30,0,230,0,0,0,230
12/28/2010,ONT,CA,AWP,WE,Towers with Radar,183,48,21,0,252,0,0,15,0,15,183,48,36,0,267,8,0,8,275
12/29/2010,ONT,CA,AWP,WE,Towers with Radar,244,57,5,0,306,0,0,0,0,0,244,57,5,0,306,0,0,0,306
12/30/2010,ONT,CA,AWP,WE,Towers with Radar,195,50,6,0,251,0,3,31,0,34,195,53,37,0,285,2,0,2,287
12/31/2010,ONT,CA,AWP,WE,Towers with Radar,124,42,5,0,171,0,4,15,0,19,124,46,20,0,190,10,0,10,200
01/01/2011,ONT,CA,AWP,WE,Towers with Radar,103,18,13,0,134,0,0,1,0,1,103,18,14,0,135,0,0,0,135
01/02/2011,ONT,CA,AWP,WE,Towers with Radar,144,25,12,0,181,0,0,0,0,0,144,25,12,0,181,8,0,8,189
01/03/2011,ONT,CA,AWP,WE,Towers with Radar,152,49,18,0,219,0,0,6,0,6,152,49,24,0,225,0,0,0,225
01/04/2011,ONT,CA,AWP,WE,Towers with Radar,173,52,16,0,241,0,2,18,0,20,173,54,34,0,261,0,0,0,261
01/05/2011,ONT,CA,AWP,WE,Towers with Radar,174,47,12,0,233,0,4,28,0,32,174,51,40,0,265,7,0,7,272
01/06/2011,ONT,CA,AWP,WE,Towers with Radar,174,52,23,0,249,0,3,28,0,31,174,55,51,0,280,6,0,6,286
01/07/2011,ONT,CA,AWP,WE,Towers with Radar,153,48,15,0,216,0,2,25,0,27,153,50,40,0,243,25,0,25,268
01/08/2011,ONT,CA,AWP,WE,Towers with Radar,130,40,14,0,184,0,0,13,0,13,130,40,27,0,197,0,0,0,197
01/09/2011,ONT,CA,AWP,WE,Towers with Radar,111,28,15,0,154,0,0,12,0,12,111,28,27,0,166,2,0,2,168
01/10/2011,ONT,CA,AWP,WE,Towers with Radar,149,44,20,0,213,0,1,16,0,17,149,45,36,0,230,4,0,4,234
01/11/2011,ONT,CA,AWP,WE,Towers with Radar,175,53,8,0,236,0,0,3,0,3,175,53,11,0,239,0,0,0,239
01/12/2011,ONT,CA,AWP,WE,Towers with Radar,184,53,17,0,254,0,3,23,0,26,184,56,40,0,280,97,0,97,377
01/13/2011,ONT,CA,AWP,WE,Towers with Radar,182,57,20,0,259,0,2,26,0,28,182,59,46,0,287,4,0,4,291
01/14/2011,ONT,CA,AWP,WE,Towers with Radar,170,51,10,0,231,0,2,10,0,12,170,53,20,0,243,10,0,10,253
01/15/2011,ONT,CA,AWP,WE,Towers with Radar,113,40,14,0,167,0,2,11,0,13,113,42,25,0,180,8,0,8,188
01/16/2011,ONT,CA,AWP,WE,Towers with Radar,118,26,21,0,165,0,0,19,0,19,118,26,40,0,184,2,0,2,186
01/17/2011,ONT,CA,AWP,WE,Towers with Radar,153,42,6,0,201,0,2,16,0,18,153,44,22,0,219,45,0,45,264
01/18/2011,ONT,CA,AWP,WE,Towers with Radar,174,54,13,0,241,0,6,16,0,22,174,60,29,0,263,10,0,10,273
01/19/2011,ONT,CA,AWP,WE,Towers with Radar,194,53,18,0,265,0,0,3,0,3,194,53,21,0,268,51,0,51,319
01/20/2011,ONT,CA,AWP,WE,Towers with Radar,187,52,17,0,256,0,3,8,0,11,187,55,25,0,267,6,0,6,273
01/21/2011,ONT,CA,AWP,WE,Towers with Radar,159,50,15,0,224,0,4,21,0,25,159,54,36,0,249,12,0,12,261
01/22/2011,ONT,CA,AWP,WE,Towers with Radar,122,33,14,0,169,0,1,7,0,8,122,34,21,0,177,4,0,4,181
01/23/2011,ONT,CA,AWP,WE,Towers with Radar,128,23,8,0,159,0,0,11,0,11,128,23,19,0,170,0,0,0,170
01/24/2011,ONT,CA,AWP,WE,Towers with Radar,158,41,15,0,214,0,0,22,0,22,158,41,37,0,236,8,0,8,244
01/25/2011,ONT,CA,AWP,WE,Towers with Radar,173,51,23,0,247,0,6,16,0,22,173,57,39,0,269,0,0,0,269
01/26/2011,ONT,CA,AWP,WE,Towers with Radar,170,49,16,0,235,0,0,0,0,0,170,49,16,0,235,6,0,6,241
01/27/2011,ONT,CA,AWP,WE,Towers with Radar,179,55,10,0,244,0,1,39,0,40,179,56,49,0,284,9,0,9,293
01/28/2011,ONT,CA,AWP,WE,Towers with Radar,160,46,13,0,219,0,8,31,0,39,160,54,44,0,258,21,0,21,279
01/29/2011,ONT,CA,AWP,WE,Towers with Radar,121,39,13,0,173,0,2,14,0,16,121,41,27,0,189,22,0,22,211
01/30/2011,ONT,CA,AWP,WE,Towers with Radar,119,22,14,0,155,0,0,1,0,1,119,22,15,0,156,0,0,0,156
01/31/2011,ONT,CA,AWP,WE,Towers with Radar,149,48,19,0,216,0,0,8,0,8,149,48,27,0,224,8,0,8,232
02/01/2011,ONT,CA,AWP,WE,Towers with Radar,170,64,29,0,263,0,0,4,0,4,170,64,33,0,267,14,0,14,281
02/02/2011,ONT,CA,AWP,WE,Towers with Radar,171,53,5,0,229,0,0,0,0,0,171,53,5,0,229,0,0,0,229
02/03/2011,ONT,CA,AWP,WE,Towers with Radar,173,59,20,0,252,0,4,20,0,24,173,63,40,0,276,4,0,4,280
02/04/2011,ONT,CA,AWP,WE,Towers with Radar,150,60,26,0,236,0,2,14,0,16,150,62,40,0,252,6,0,6,258
02/05/2011,ONT,CA,AWP,WE,Towers with Radar,111,30,17,0,158,0,13,15,0,28,111,43,32,0,186,0,0,0,186
02/06/2011,ONT,CA,AWP,WE,Towers with Radar,132,21,15,0,168,0,0,16,0,16,132,21,31,0,184,0,0,0,184
02/07/2011,ONT,CA,AWP,WE,Towers with Radar,147,42,18,0,207,0,0,20,0,20,147,42,38,0,227,0,0,0,227
02/08/2011,ONT,CA,AWP,WE,Towers with Radar,172,53,33,0,258,0,1,16,0,17,172,54,49,0,275,0,0,0,275
02/09/2011,ONT,CA,AWP,WE,Towers with Radar,180,67,22,0,269,0,0,2,0,2,180,67,24,0,271,4,0,4,275
02/10/2011,ONT,CA,AWP,WE,Towers with Radar,185,57,12,0,254,0,6,30,0,36,185,63,42,0,290,16,0,16,306
02/11/2011,ONT,CA,AWP,WE,Towers with Radar,166,51,13,0,230,0,7,15,0,22,166,58,28,0,252,26,0,26,278
02/12/2011,ONT,CA,AWP,WE,Towers with Radar,115,34,15,0,164,0,7,9,0,16,115,41,24,0,180,0,0,0,180
02/13/2011,ONT,CA,AWP,WE,Towers with Radar,122,22,18,0,162,0,0,15,0,15,122,22,33,0,177,2,0,2,179
02/14/2011,ONT,CA,AWP,WE,Towers with Radar,144,42,14,0,200,0,0,24,0,24,144,42,38,0,224,0,0,0,224
02/15/2011,ONT,CA,AWP,WE,Towers with Radar,183,55,16,0,254,0,0,10,0,10,183,55,26,0,264,8,0,8,272
02/16/2011,ONT,CA,AWP,WE,Towers with Radar,179,58,21,0,258,0,0,3,0,3,179,58,24,0,261,4,0,4,265
02/17/2011,ONT,CA,AWP,WE,Towers with Radar,174,52,20,0,246,0,1,16,0,17,174,53,36,0,263,18,0,18,281
02/18/2011,ONT,CA,AWP,WE,Towers with Radar,162,57,21,0,240,0,2,6,0,8,162,59,27,0,248,0,0,0,248
02/19/2011,ONT,CA,AWP,WE,Towers with Radar,116,38,13,0,167,0,3,1,0,4,116,41,14,0,171,0,0,0,171
02/20/2011,ONT,CA,AWP,WE,Towers with Radar,127,24,12,0,163,0,0,5,0,5,127,24,17,0,168,6,0,6,174
02/21/2011,ONT,CA,AWP,WE,Towers with Radar,156,40,20,0,216,0,0,31,0,31,156,40,51,0,247,4,0,4,251
02/22/2011,ONT,CA,AWP,WE,Towers with Radar,182,61,21,0,264,0,3,13,0,16,182,64,34,0,280,0,0,0,280
02/23/2011,ONT,CA,AWP,WE,Towers with Radar,175,59,29,0,263,0,4,15,0,19,175,63,44,0,282,83,0,83,365
02/24/2011,ONT,CA,AWP,WE,Towers with Radar,184,55,24,0,263,0,4,11,0,15,184,59,35,0,278,23,0,23,301
02/25/2011,ONT,CA,AWP,WE,Towers with Radar,160,60,23,0,243,0,0,2,0,2,160,60,25,0,245,0,0,0,245
02/26/2011,ONT,CA,AWP,WE,Towers with Radar,119,48,11,0,178,0,0,0,0,0,119,48,11,0,178,0,0,0,178
02/27/2011,ONT,CA,AWP,WE,Towers with Radar,129,21,18,0,168,0,0,6,0,6,129,21,24,0,174,6,0,6,180
02/28/2011,ONT,CA,AWP,WE,Towers with Radar,150,45,14,0,209,0,1,27,0,28,150,46,41,0,237,54,0,54,291
03/01/2011,ONT,CA,AWP,WE,Towers with Radar,181,61,16,0,258,0,0,27,0,27,181,61,43,0,285,35,0,35,320
03/02/2011,ONT,CA,AWP,WE,Towers with Radar,175,54,7,0,236,0,2,9,0,11,175,56,16,0,247,10,0,10,257
03/03/2011,ONT,CA,AWP,WE,Towers with Radar,180,60,22,0,262,0,0,16,0,16,180,60,38,0,278,0,0,0,278
03/04/2011,ONT,CA,AWP,WE,Towers with Radar,144,54,18,0,216,0,0,11,0,11,144,54,29,0,227,0,0,0,227
03/05/2011,ONT,CA,AWP,WE,Towers with Radar,121,30,10,0,161,0,6,17,0,23,121,36,27,0,184,0,0,0,184
03/06/2011,ONT,CA,AWP,WE,Towers with Radar,130,26,15,0,171,0,0,8,0,8,130,26,23,0,179,0,0,0,179
03/07/2011,ONT,CA,AWP,WE,Towers with Radar,155,46,10,0,211,0,0,1,0,1,155,46,11,0,212,28,0,28,240
03/08/2011,ONT,CA,AWP,WE,Towers with Radar,189,61,14,0,264,0,2,20,0,22,189,63,34,0,286,0,0,0,286
03/09/2011,ONT,CA,AWP,WE,Towers with Radar,180,55,11,0,246,0,3,26,0,29,180,58,37,0,275,78,0,78,353
03/10/2011,ONT,CA,AWP,WE,Towers with Radar,183,53,20,0,256,0,2,23,0,25,183,55,43,0,281,8,0,8,289
03/11/2011,ONT,CA,AWP,WE,Towers with Radar,166,53,18,0,237,0,6,19,0,25,166,59,37,0,262,10,0,10,272
03/12/2011,ONT,CA,AWP,WE,Towers with Radar,118,39,11,0,168,0,0,5,0,5,118,39,16,0,173,18,0,18,191
03/13/2011,ONT,CA,AWP,WE,Towers with Radar,129,26,16,0,171,0,0,18,0,18,129,26,34,0,189,0,0,0,189
03/14/2011,ONT,CA,AWP,WE,Towers with Radar,155,43,12,0,210,0,3,30,0,33,155,46,42,0,243,0,0,0,243
03/15/2011,ONT,CA,AWP,WE,Towers with Radar,176,58,14,0,248,0,1,28,0,29,176,59,42,0,277,18,0,18,295
03/16/2011,ONT,CA,AWP,WE,Towers with Radar,183,50,18,0,251,0,3,24,0,27,183,53,42,0,278,66,0,66,344
03/17/2011,ONT,CA,AWP,WE,Towers with Radar,190,51,21,0,262,0,2,20,0,22,190,53,41,0,284,16,0,16,300
03/18/2011,ONT,CA,AWP,WE,Towers with Radar,159,55,27,0,241,0,3,18,0,21,159,58,45,0,262,14,0,14,276
03/19/2011,ONT,CA,AWP,WE,Towers with Radar,127,37,6,0,170,0,0,1,0,1,127,37,7,0,171,24,0,24,195
03/20/2011,ONT,CA,AWP,WE,Towers with Radar,138,28,21,0,187,0,0,0,0,0,138,28,21,0,187,16,0,16,203
03/21/2011,ONT,CA,AWP,WE,Towers with Radar,164,45,15,0,224,0,0,7,0,7,164,45,22,0,231,0,0,0,231
03/22/2011,ONT,CA,AWP,WE,Towers with Radar,175,60,17,0,252,0,0,20,0,20,175,60,37,0,272,28,0,28,300
03/23/2011,ONT,CA,AWP,WE,Towers with Radar,180,62,14,0,256,0,1,27,0,28,180,63,41,0,284,0,0,0,284
03/24/2011,ONT,CA,AWP,WE,Towers with Radar,189,66,37,0,292,0,1,7,0,8,189,67,44,0,300,2,0,2,302
03/25/2011,ONT,CA,AWP,WE,Towers with Radar,163,66,28,0,257,0,0,6,0,6,163,66,34,0,263,30,0,30,293
03/26/2011,ONT,CA,AWP,WE,Towers with Radar,130,36,8,0,174,0,0,20,1,21,130,36,28,1,195,0,0,0,195
03/27/2011,ONT,CA,AWP,WE,Towers with Radar,133,31,43,0,207,0,0,57,0,57,133,31,100,0,264,4,0,4,268
03/28/2011,ONT,CA,AWP,WE,Towers with Radar,163,44,35,0,242,0,0,0,0,0,163,44,35,0,242,0,0,0,242
03/29/2011,ONT,CA,AWP,WE,Towers with Radar,181,58,9,0,248,0,2,14,0,16,181,60,23,0,264,16,0,16,280
03/30/2011,ONT,CA,AWP,WE,Towers with Radar,195,55,17,0,267,0,2,20,0,22,195,57,37,0,289,12,0,12,301
03/31/2011,ONT,CA,AWP,WE,Towers with Radar,167,59,10,0,236,0,3,18,0,21,167,62,28,0,257,26,0,26,283
04/01/2011,ONT,CA,AWP,WE,Towers with Radar,158,47,17,0,222,0,2,15,0,17,158,49,32,0,239,0,0,0,239
04/02/2011,ONT,CA,AWP,WE,Towers with Radar,120,32,14,0,166,0,0,3,0,3,120,32,17,0,169,0,0,0,169
04/03/2011,ONT,CA,AWP,WE,Towers with Radar,135,21,12,0,168,0,0,6,0,6,135,21,18,0,174,18,0,18,192
04/04/2011,ONT,CA,AWP,WE,Towers with Radar,158,38,18,0,214,0,5,24,0,29,158,43,42,0,243,4,0,4,247
04/05/2011,ONT,CA,AWP,WE,Towers with Radar,180,55,21,0,256,0,3,40,0,43,180,58,61,0,299,122,0,122,421
04/06/2011,ONT,CA,AWP,WE,Towers with Radar,187,51,15,0,253,0,3,22,0,25,187,54,37,0,278,22,0,22,300
04/07/2011,ONT,CA,AWP,WE,Towers with Radar,190,60,22,0,272,0,0,7,0,7,190,60,29,0,279,21,0,21,300
04/08/2011,ONT,CA,AWP,WE,Towers with Radar,164,52,20,0,236,0,4,8,0,12,164,56,28,0,248,0,0,0,248
04/09/2011,ONT,CA,AWP,WE,Towers with Radar,127,32,5,0,164,0,3,2,0,5,127,35,7,0,169,6,0,6,175
04/10/2011,ONT,CA,AWP,WE,Towers with Radar,135,18,13,0,166,0,0,9,0,9,135,18,22,0,175,4,0,4,179
04/11/2011,ONT,CA,AWP,WE,Towers with Radar,158,37,11,0,206,0,6,27,0,33,158,43,38,0,239,4,0,4,243
04/12/2011,ONT,CA,AWP,WE,Towers with Radar,179,44,27,0,250,0,6,25,0,31,179,50,52,0,281,6,0,6,287
04/13/2011,ONT,CA,AWP,WE,Towers with Radar,178,54,18,0,250,0,3,21,0,24,178,57,39,0,274,28,0,28,302
04/14/2011,ONT,CA,AWP,WE,Towers with Radar,186,54,24,1,265,0,1,19,0,20,186,55,43,1,285,0,0,0,285
04/15/2011,ONT,CA,AWP,WE,Towers with Radar,169,52,17,0,238,0,4,28,0,32,169,56,45,0,270,6,0,6,276
04/16/2011,ONT,CA,AWP,WE,Towers with Radar,125,29,8,1,163,0,1,15,0,16,125,30,23,1,179,6,0,6,185
04/17/2011,ONT,CA,AWP,WE,Towers with Radar,137,16,14,0,167,0,0,8,0,8,137,16,22,0,175,2,0,2,177
04/18/2011,ONT,CA,AWP,WE,Towers with Radar,174,42,23,0,239,0,0,4,0,4,174,42,27,0,243,0,0,0,243
04/19/2011,ONT,CA,AWP,WE,Towers with Radar,176,54,22,8,260,0,0,12,0,12,176,54,34,8,272,6,0,6,278
04/20/2011,ONT,CA,AWP,WE,Towers with Radar,181,49,28,0,258,0,0,14,0,14,181,49,42,0,272,16,0,16,288
04/21/2011,ONT,CA,AWP,WE,Towers with Radar,188,61,32,0,281,0,0,13,0,13,188,61,45,0,294,22,0,22,316
04/22/2011,ONT,CA,AWP,WE,Towers with Radar,163,55,15,0,233,0,0,10,0,10,163,55,25,0,243,14,0,14,257
04/23/2011,ONT,CA,AWP,WE,Towers with Radar,127,41,13,0,181,0,0,4,0,4,127,41,17,0,185,18,0,18,203
04/24/2011,ONT,CA,AWP,WE,Towers with Radar,133,21,17,0,171,0,1,0,0,1,133,22,17,0,172,0,0,0,172
04/25/2011,ONT,CA,AWP,WE,Towers with Radar,158,37,16,0,211,0,2,21,0,23,158,39,37,0,234,17,0,17,251
04/26/2011,ONT,CA,AWP,WE,Towers with Radar,183,50,35,0,268,0,2,56,0,58,183,52,91,0,326,9,0,9,335
04/27/2011,ONT,CA,AWP,WE,Towers with Radar,189,46,13,0,248,0,6,31,0,37,189,52,44,0,285,0,0,0,285
04/28/2011,ONT,CA,AWP,WE,Towers with Radar,181,46,57,0,284,0,3,27,0,30,181,49,84,0,314,12,0,12,326
04/29/2011,ONT,CA,AWP,WE,Towers with Radar,186,41,21,0,248,0,10,10,0,20,186,51,31,0,268,20,0,20,288
04/30/2011,ONT,CA,AWP,WE,Towers with Radar,124,29,6,0,159,0,6,7,0,13,124,35,13,0,172,4,0,4,176
05/01/2011,ONT,CA,AWP,WE,Towers with Radar,141,20,8,0,169,0,0,3,0,3,141,20,11,0,172,22,0,22,194
05/02/2011,ONT,CA,AWP,WE,Towers with Radar,167,36,10,0,213,0,5,9,0,14,167,41,19,0,227,2,0,2,229
05/03/2011,ONT,CA,AWP,WE,Towers with Radar,180,53,28,0,261,0,6,35,0,41,180,59,63,0,302,0,0,0,302
05/04/2011,ONT,CA,AWP,WE,Towers with Radar,181,62,9,0,252,0,4,20,0,24,181,66,29,0,276,34,0,34,310
05/05/2011,ONT,CA,AWP,WE,Towers with Radar,192,62,13,0,267,0,4,29,0,33,192,66,42,0,300,12,0,12,312
05/06/2011,ONT,CA,AWP,WE,Towers with Radar,173,77,21,0,271,0,2,5,0,7,173,79,26,0,278,26,0,26,304
05/07/2011,ONT,CA,AWP,WE,Towers with Radar,131,52,11,0,194,0,0,6,0,6,131,52,17,0,200,0,0,0,200
05/08/2011,ONT,CA,AWP,WE,Towers with Radar,147,22,11,0,180,0,0,0,0,0,147,22,11,0,180,11,0,11,191
05/09/2011,ONT,CA,AWP,WE,Towers with Radar,160,41,12,0,213,0,3,7,0,10,160,44,19,0,223,40,0,40,263
05/10/2011,ONT,CA,AWP,WE,Towers with Radar,325,45,21,0,391,0,5,20,0,25,325,50,41,0,416,28,0,28,444
05/11/2011,ONT,CA,AWP,WE,Towers with Radar,172,46,16,0,234,0,6,23,0,29,172,52,39,0,263,24,0,24,287
05/12/2011,ONT,CA,AWP,WE,Towers with Radar,188,47,16,0,251,0,5,23,0,28,188,52,39,0,279,22,0,22,301
05/13/2011,ONT,CA,AWP,WE,Towers with Radar,162,50,26,0,238,0,2,26,0,28,162,52,52,0,266,21,0,21,287
05/14/2011,ONT,CA,AWP,WE,Towers with Radar,121,50,14,0,185,0,0,2,0,2,121,50,16,0,187,0,0,0,187
05/15/2011,ONT,CA,AWP,WE,Towers with Radar,128,29,14,0,171,0,0,10,0,10,128,29,24,0,181,0,0,0,181
05/16/2011,ONT,CA,AWP,WE,Towers with Radar,157,37,17,0,211,0,0,11,0,11,157,37,28,0,222,4,0,4,226
05/17/2011,ONT,CA,AWP,WE,Towers with Radar,186,46,18,0,250,0,0,2,0,2,186,46,20,0,252,0,0,0,252
05/18/2011,ONT,CA,AWP,WE,Towers with Radar,172,52,14,0,238,0,0,8,0,8,172,52,22,0,246,10,0,10,256
05/19/2011,ONT,CA,AWP,WE,Towers with Radar,185,50,30,0,265,0,2,18,0,20,185,52,48,0,285,2,0,2,287
05/20/2011,ONT,CA,AWP,WE,Towers with Radar,156,45,31,0,232,0,0,19,0,19,156,45,50,0,251,35,0,35,286
05/21/2011,ONT,CA,AWP,WE,Towers with Radar,124,39,10,0,173,0,0,15,0,15,124,39,25,0,188,6,0,6,194
05/22/2011,ONT,CA,AWP,WE,Towers with Radar,135,20,29,0,184,0,0,5,0,5,135,20,34,0,189,0,0,0,189
05/23/2011,ONT,CA,AWP,WE,Towers with Radar,149,47,19,0,215,0,2,8,0,10,149,49,27,0,225,14,0,14,239
05/24/2011,ONT,CA,AWP,WE,Towers with Radar,170,45,15,0,230,0,4,13,0,17,170,49,28,0,247,14,0,14,261
05/25/2011,ONT,CA,AWP,WE,Towers with Radar,170,45,12,0,227,0,5,24,0,29,170,50,36,0,256,8,0,8,264
05/26/2011,ONT,CA,AWP,WE,Towers with Radar,180,51,16,0,247,0,0,22,0,22,180,51,38,0,269,4,0,4,273
05/27/2011,ONT,CA,AWP,WE,Towers with Radar,149,53,12,0,214,0,8,10,0,18,149,61,22,0,232,40,0,40,272
05/28/2011,ONT,CA,AWP,WE,Towers with Radar,109,35,7,0,151,0,2,3,0,5,109,37,10,0,156,20,0,20,176
05/29/2011,ONT,CA,AWP,WE,Towers with Radar,97,11,4,0,112,0,0,2,0,2,97,11,6,0,114,12,0,12,126
05/30/2011,ONT,CA,AWP,WE,Towers with Radar,126,21,7,0,154,0,0,11,0,11,126,21,18,0,165,0,0,0,165
05/31/2011,ONT,CA,AWP,WE,Towers with Radar,149,45,16,0,210,0,2,18,0,20,149,47,34,0,230,3,0,3,233
06/01/2011,ONT,CA,AWP,WE,Towers with Radar,173,55,10,0,238,0,3,15,0,18,173,58,25,0,256,42,0,42,298
06/02/2011,ONT,CA,AWP,WE,Towers with Radar,186,59,17,0,262,0,2,23,0,25,186,61,40,0,287,12,0,12,299
06/03/2011,ONT,CA,AWP,WE,Towers with Radar,159,52,13,0,224,0,5,40,0,45,159,57,53,0,269,2,0,2,271
06/04/2011,ONT,CA,AWP,WE,Towers with Radar,116,32,6,0,154,0,2,9,0,11,116,34,15,0,165,12,0,12,177
06/05/2011,ONT,CA,AWP,WE,Towers with Radar,125,18,4,0,147,0,0,10,0,10,125,18,14,0,157,20,0,20,177
06/06/2011,ONT,CA,AWP,WE,Towers with Radar,148,42,18,0,208,7,7,31,0,45,155,49,49,0,253,16,0,16,269
06/07/2011,ONT,CA,AWP,WE,Towers with Radar,177,63,12,0,252,0,0,2,0,2,177,63,14,0,254,30,0,30,284
06/08/2011,ONT,CA,AWP,WE,Towers with Radar,178,58,34,0,270,0,1,12,0,13,178,59,46,0,283,14,0,14,297
06/09/2011,ONT,CA,AWP,WE,Towers with Radar,177,55,26,0,258,0,0,12,0,12,177,55,38,0,270,1,0,1,271
06/10/2011,ONT,CA,AWP,WE,Towers with Radar,168,37,15,0,220,0,2,14,0,16,168,39,29,0,236,2,0,2,238
06/11/2011,ONT,CA,AWP,WE,Towers with Radar,112,38,17,0,167,0,0,3,0,3,112,38,20,0,170,10,0,10,180
06/12/2011,ONT,CA,AWP,WE,Towers with Radar,123,19,13,0,155,0,0,5,0,5,123,19,18,0,160,24,0,24,184
06/13/2011,ONT,CA,AWP,WE,Towers with Radar,150,43,18,0,211,0,0,12,0,12,150,43,30,0,223,12,0,12,235
06/14/2011,ONT,CA,AWP,WE,Towers with Radar,171,56,19,0,246,0,0,1,0,1,171,56,20,0,247,3,0,3,250
06/15/2011,ONT,CA,AWP,WE,Towers with Radar,176,53,16,0,245,0,5,19,0,24,176,58,35,0,269,6,0,6,275
06/16/2011,ONT,CA,AWP,WE,Towers with Radar,187,52,19,0,258,0,1,7,0,8,187,53,26,0,266,23,0,23,289
06/17/2011,ONT,CA,AWP,WE,Towers with Radar,167,50,28,0,245,0,4,16,0,20,167,54,44,0,265,2,0,2,267
06/18/2011,ONT,CA,AWP,WE,Towers with Radar,123,32,12,0,167,0,0,12,0,12,123,32,24,0,179,36,0,36,215
06/19/2011,ONT,CA,AWP,WE,Towers with Radar,130,15,16,0,161,0,0,3,0,3,130,15,19,0,164,12,0,12,176
06/20/2011,ONT,CA,AWP,WE,Towers with Radar,152,37,49,0,238,0,0,17,0,17,152,37,66,0,255,28,0,28,283
06/21/2011,ONT,CA,AWP,WE,Towers with Radar,178,49,17,0,244,0,0,4,0,4,178,49,21,0,248,12,0,12,260
06/22/2011,ONT,CA,AWP,WE,Towers with Radar,178,48,16,0,242,0,1,13,0,14,178,49,29,0,256,2,0,2,258
06/23/2011,ONT,CA,AWP,WE,Towers with Radar,186,46,12,0,244,0,3,14,0,17,186,49,26,0,261,15,0,15,276
06/24/2011,ONT,CA,AWP,WE,Towers with Radar,163,56,11,0,230,0,0,12,0,12,163,56,23,0,242,64,0,64,306
06/25/2011,ONT,CA,AWP,WE,Towers with Radar,132,34,12,0,178,0,0,0,0,0,132,34,12,0,178,0,0,0,178
06/26/2011,ONT,CA,AWP,WE,Towers with Radar,143,18,14,0,175,0,0,8,0,8,143,18,22,0,183,33,0,33,216
06/27/2011,ONT,CA,AWP,WE,Towers with Radar,158,45,8,0,211,0,4,31,0,35,158,49,39,0,246,16,0,16,262
06/28/2011,ONT,CA,AWP,WE,Towers with Radar,177,46,21,0,244,0,0,0,0,0,177,46,21,0,244,11,0,11,255
06/29/2011,ONT,CA,AWP,WE,Towers with Radar,172,55,18,0,245,0,4,12,0,16,172,59,30,0,261,14,0,14,275
06/30/2011,ONT,CA,AWP,WE,Towers with Radar,182,49,12,0,243,0,10,24,0,34,182,59,36,0,277,12,0,12,289
07/01/2011,ONT,CA,AWP,WE,Towers with Radar,182,48,16,0,246,0,3,7,0,10,182,51,23,0,256,57,1,58,314
07/02/2011,ONT,CA,AWP,WE,Towers with Radar,120,31,9,0,160,0,7,13,0,20,120,38,22,0,180,9,0,9,189
07/03/2011,ONT,CA,AWP,WE,Towers with Radar,131,14,3,0,148,0,0,2,0,2,131,14,5,0,150,2,0,2,152
07/04/2011,ONT,CA,AWP,WE,Towers with Radar,128,22,4,0,154,0,0,2,0,2,128,22,6,0,156,22,0,22,178
07/05/2011,ONT,CA,AWP,WE,Towers with Radar,159,39,17,0,215,0,0,44,0,44,159,39,61,0,259,0,0,0,259
07/06/2011,ONT,CA,AWP,WE,Towers with Radar,175,51,14,0,240,0,7,22,0,29,175,58,36,0,269,5,0,5,274
07/07/2011,ONT,CA,AWP,WE,Towers with Radar,171,46,12,0,229,0,9,10,0,19,171,55,22,0,248,0,0,0,248
07/08/2011,ONT,CA,AWP,WE,Towers with Radar,166,46,5,0,217,0,1,17,0,18,166,47,22,0,235,26,0,26,261
07/09/2011,ONT,CA,AWP,WE,Towers with Radar,123,41,13,0,177,0,4,2,0,6,123,45,15,0,183,14,0,14,197
07/10/2011,ONT,CA,AWP,WE,Towers with Radar,138,15,20,0,173,0,0,4,0,4,138,15,24,0,177,0,0,0,177
07/11/2011,ONT,CA,AWP,WE,Towers with Radar,165,37,24,0,226,0,2,15,0,17,165,39,39,0,243,36,0,36,279
07/12/2011,ONT,CA,AWP,WE,Towers with Radar,187,47,21,0,255,0,0,1,0,1,187,47,22,0,256,62,0,62,318
07/13/2011,ONT,CA,AWP,WE,Towers with Radar,188,43,11,0,242,0,3,11,0,14,188,46,22,0,256,84,0,84,340
07/14/2011,ONT,CA,AWP,WE,Towers with Radar,185,57,15,0,257,0,2,18,0,20,185,59,33,0,277,42,0,42,319
07/15/2011,ONT,CA,AWP,WE,Towers with Radar,203,40,8,0,251,0,2,9,0,11,203,42,17,0,262,6,0,6,268
07/16/2011,ONT,CA,AWP,WE,Towers with Radar,118,40,15,3,176,0,0,8,0,8,118,40,23,3,184,16,0,16,200
07/17/2011,ONT,CA,AWP,WE,Towers with Radar,138,17,10,0,165,0,0,10,0,10,138,17,20,0,175,58,0,58,233
07/18/2011,ONT,CA,AWP,WE,Towers with Radar,155,37,16,0,208,0,1,29,0,30,155,38,45,0,238,7,0,7,245
07/19/2011,ONT,CA,AWP,WE,Towers with Radar,179,48,13,0,240,0,1,23,0,24,179,49,36,0,264,0,0,0,264
07/20/2011,ONT,CA,AWP,WE,Towers with Radar,139,53,16,0,208,0,2,17,0,19,139,55,33,0,227,8,0,8,235
07/21/2011,ONT,CA,AWP,WE,Towers with Radar,187,39,17,0,243,0,5,19,0,24,187,44,36,0,267,19,0,19,286
07/22/2011,ONT,CA,AWP,WE,Towers with Radar,160,54,12,0,226,0,4,10,0,14,160,58,22,0,240,18,0,18,258
07/23/2011,ONT,CA,AWP,WE,Towers with Radar,122,41,8,0,171,0,0,10,0,10,122,41,18,0,181,2,0,2,183
07/24/2011,ONT,CA,AWP,WE,Towers with Radar,132,26,9,0,167,0,0,7,0,7,132,26,16,0,174,47,0,47,221
07/25/2011,ONT,CA,AWP,WE,Towers with Radar,153,46,13,0,212,0,0,26,0,26,153,46,39,0,238,41,0,41,279
07/26/2011,ONT,CA,AWP,WE,Towers with Radar,188,44,7,0,239,0,0,0,0,0,188,44,7,0,239,16,0,16,255
07/27/2011,ONT,CA,AWP,WE,Towers with Radar,168,53,7,0,228,0,1,3,0,4,168,54,10,0,232,18,0,18,250
07/28/2011,ONT,CA,AWP,WE,Towers with Radar,196,45,15,0,256,0,5,13,0,18,196,50,28,0,274,18,0,18,292
07/29/2011,ONT,CA,AWP,WE,Towers with Radar,165,46,22,0,233,0,0,10,0,10,165,46,32,0,243,64,0,64,307
07/30/2011,ONT,CA,AWP,WE,Towers with Radar,129,32,8,0,169,0,1,4,0,5,129,33,12,0,174,18,0,18,192
07/31/2011,ONT,CA,AWP,WE,Towers with Radar,141,15,14,0,170,0,0,1,0,1,141,15,15,0,171,8,0,8,179
08/01/2011,ONT,CA,AWP,WE,Towers with Radar,162,39,15,0,216,0,2,17,0,19,162,41,32,0,235,18,0,18,253
08/02/2011,ONT,CA,AWP,WE,Towers with Radar,191,51,15,0,257,0,1,28,0,29,191,52,43,0,286,6,0,6,292
08/03/2011,ONT,CA,AWP,WE,Towers with Radar,179,43,16,0,238,0,10,6,0,16,179,53,22,0,254,28,0,28,282
08/04/2011,ONT,CA,AWP,WE,Towers with Radar,196,44,19,0,259,0,27,4,0,31,196,71,23,0,290,50,0,50,340
08/05/2011,ONT,CA,AWP,WE,Towers with Radar,163,50,19,0,232,0,4,14,0,18,163,54,33,0,250,8,0,8,258
08/06/2011,ONT,CA,AWP,WE,Towers with Radar,121,31,14,0,166,0,1,5,0,6,121,32,19,0,172,40,0,40,212
08/07/2011,ONT,CA,AWP,WE,Towers with Radar,151,11,10,0,172,0,0,6,0,6,151,11,16,0,178,4,0,4,182
08/08/2011,ONT,CA,AWP,WE,Towers with Radar,157,33,17,2,209,0,4,10,0,14,157,37,27,2,223,0,0,0,223
08/09/2011,ONT,CA,AWP,WE,Towers with Radar,187,50,26,0,263,0,0,4,0,4,187,50,30,0,267,17,0,17,284
08/10/2011,ONT,CA,AWP,WE,Towers with Radar,180,50,20,0,250,0,4,7,0,11,180,54,27,0,261,12,0,12,273
08/11/2011,ONT,CA,AWP,WE,Towers with Radar,186,65,8,0,259,0,0,21,0,21,186,65,29,0,280,61,0,61,341
08/12/2011,ONT,CA,AWP,WE,Towers with Radar,168,45,20,0,233,0,5,15,0,20,168,50,35,0,253,8,0,8,261
08/13/2011,ONT,CA,AWP,WE,Towers with Radar,120,33,10,0,163,0,0,7,0,7,120,33,17,0,170,6,0,6,176
08/14/2011,ONT,CA,AWP,WE,Towers with Radar,124,18,9,0,151,0,0,10,0,10,124,18,19,0,161,26,0,26,187
08/15/2011,ONT,CA,AWP,WE,Towers with Radar,156,34,15,0,205,0,2,20,0,22,156,36,35,0,227,8,0,8,235
08/16/2011,ONT,CA,AWP,WE,Towers with Radar,172,46,22,0,240,0,0,19,0,19,172,46,41,0,259,108,0,108,367
08/17/2011,ONT,CA,AWP,WE,Towers with Radar,190,30,18,0,238,0,2,14,0,16,190,32,32,0,254,41,0,41,295
08/18/2011,ONT,CA,AWP,WE,Towers with Radar,181,44,14,0,239,0,5,9,0,14,181,49,23,0,253,2,0,2,255
08/19/2011,ONT,CA,AWP,WE,Towers with Radar,164,43,13,0,220,0,1,6,0,7,164,44,19,0,227,26,0,26,253
08/20/2011,ONT,CA,AWP,WE,Towers with Radar,117,29,16,0,162,0,0,12,0,12,117,29,28,0,174,19,0,19,193
08/21/2011,ONT,CA,AWP,WE,Towers with Radar,124,8,9,0,141,0,0,10,0,10,124,8,19,0,151,22,0,22,173
08/22/2011,ONT,CA,AWP,WE,Towers with Radar,153,36,11,0,200,0,5,12,0,17,153,41,23,0,217,22,0,22,239
08/23/2011,ONT,CA,AWP,WE,Towers with Radar,185,51,11,1,248,0,1,17,0,18,185,52,28,1,266,33,0,33,299
08/24/2011,ONT,CA,AWP,WE,Towers with Radar,182,47,23,0,252,0,1,14,0,15,182,48,37,0,267,12,0,12,279
08/25/2011,ONT,CA,AWP,WE,Towers with Radar,181,40,26,0,247,0,4,18,0,22,181,44,44,0,269,22,0,22,291
08/26/2011,ONT,CA,AWP,WE,Towers with Radar,160,42,14,0,216,0,5,7,0,12,160,47,21,0,228,62,0,62,290
08/27/2011,ONT,CA,AWP,WE,Towers with Radar,118,25,8,0,151,0,2,5,0,7,118,27,13,0,158,12,0,12,170
08/28/2011,ONT,CA,AWP,WE,Towers with Radar,125,13,10,0,148,0,0,4,0,4,125,13,14,0,152,2,0,2,154
08/29/2011,ONT,CA,AWP,WE,Towers with Radar,151,31,15,0,197,0,4,19,0,23,151,35,34,0,220,42,0,42,262
08/30/2011,ONT,CA,AWP,WE,Towers with Radar,175,51,10,0,236,0,4,11,0,15,175,55,21,0,251,0,0,0,251
08/31/2011,ONT,CA,AWP,WE,Towers with Radar,179,45,10,0,234,0,2,23,0,25,179,47,33,0,259,22,0,22,281
09/01/2011,ONT,CA,AWP,WE,Towers with Radar,182,40,9,1,232,0,8,32,1,41,182,48,41,2,273,12,0,12,285
09/02/2011,ONT,CA,AWP,WE,Towers with Radar,150,39,15,0,204,0,8,26,0,34,150,47,41,0,238,0,0,0,238
09/03/2011,ONT,CA,AWP,WE,Towers with Radar,105,30,9,0,144,0,7,22,0,29,105,37,31,0,173,32,0,32,205
09/04/2011,ONT,CA,AWP,WE,Towers with Radar,92,16,10,0,118,0,0,13,0,13,92,16,23,0,131,4,0,4,135
09/05/2011,ONT,CA,AWP,WE,Towers with Radar,118,19,11,0,148,0,0,3,0,3,118,19,14,0,151,6,0,6,157
09/06/2011,ONT,CA,AWP,WE,Towers with Radar,169,31,8,1,209,0,11,14,0,25,169,42,22,1,234,2,0,2,236
09/07/2011,ONT,CA,AWP,WE,Towers with Radar,182,52,4,0,238,0,6,22,0,28,182,58,26,0,266,12,0,12,278
09/08/2011,ONT,CA,AWP,WE,Towers with Radar,202,41,20,0,263,0,10,13,1,24,202,51,33,1,287,6,0,6,293
09/09/2011,ONT,CA,AWP,WE,Towers with Radar,159,40,18,0,217,0,6,16,0,22,159,46,34,0,239,0,0,0,239
09/10/2011,ONT,CA,AWP,WE,Towers with Radar,113,28,21,0,162,0,0,5,0,5,113,28,26,0,167,0,0,0,167
09/11/2011,ONT,CA,AWP,WE,Towers with Radar,118,12,13,0,143,0,0,24,0,24,118,12,37,0,167,20,0,20,187
09/12/2011,ONT,CA,AWP,WE,Towers with Radar,154,32,12,0,198,0,3,14,0,17,154,35,26,0,215,4,0,4,219
09/13/2011,ONT,CA,AWP,WE,Towers with Radar,181,48,13,0,242,0,6,19,0,25,181,54,32,0,267,0,0,0,267
09/14/2011,ONT,CA,AWP,WE,Towers with Radar,177,45,9,0,231,0,5,6,0,11,177,50,15,0,242,22,0,22,264
09/15/2011,ONT,CA,AWP,WE,Towers with Radar,177,47,20,0,244,0,6,10,2,18,177,53,30,2,262,18,0,18,280
09/16/2011,ONT,CA,AWP,WE,Towers with Radar,152,44,28,0,224,0,3,11,0,14,152,47,39,0,238,4,0,4,242
09/17/2011,ONT,CA,AWP,WE,Towers with Radar,108,37,13,0,158,0,0,4,0,4,108,37,17,0,162,6,0,6,168
09/18/2011,ONT,CA,AWP,WE,Towers with Radar,111,16,7,0,134,0,0,28,0,28,111,16,35,0,162,6,0,6,168
09/19/2011,ONT,CA,AWP,WE,Towers with Radar,155,34,15,0,204,0,3,18,0,21,155,37,33,0,225,36,0,36,261
09/20/2011,ONT,CA,AWP,WE,Towers with Radar,235,62,22,1,320,0,8,27,0,35,235,70,49,1,355,10,0,10,365
09/21/2011,ONT,CA,AWP,WE,Towers with Radar,204,53,23,0,280,0,5,22,0,27,204,58,45,0,307,6,0,6,313
09/22/2011,ONT,CA,AWP,WE,Towers with Radar,186,44,15,0,245,0,6,4,0,10,186,50,19,0,255,0,0,0,255
09/23/2011,ONT,CA,AWP,WE,Towers with Radar,157,43,24,0,224,0,6,20,0,26,157,49,44,0,250,16,0,16,266
09/24/2011,ONT,CA,AWP,WE,Towers with Radar,142,40,9,0,191,0,0,5,0,5,142,40,14,0,196,0,0,0,196
09/25/2011,ONT,CA,AWP,WE,Towers with Radar,190,36,22,0,248,0,2,5,0,7,190,38,27,0,255,0,0,0,255
09/26/2011,ONT,CA,AWP,WE,Towers with Radar,157,41,13,0,211,0,3,5,0,8,157,44,18,0,219,4,0,4,223
09/27/2011,ONT,CA,AWP,WE,Towers with Radar,346,86,12,0,444,0,12,43,0,55,346,98,55,0,499,16,0,16,515
09/28/2011,ONT,CA,AWP,WE,Towers with Radar,179,46,12,0,237,0,4,11,0,15,179,50,23,0,252,0,0,0,252
09/29/2011,ONT,CA,AWP,WE,Towers with Radar,178,45,22,1,246,0,0,15,0,15,178,45,37,1,261,28,0,28,289
09/30/2011,ONT,CA,AWP,WE,Towers with Radar,157,51,13,4,225,0,7,20,0,27,157,58,33,4,252,26,0,26,278
10/01/2011,ONT,CA,AWP,WE,Towers with Radar,112,27,9,0,148,0,3,14,0,17,112,30,23,0,165,37,0,37,202
10/02/2011,ONT,CA,AWP,WE,Towers with Radar,121,13,15,0,149,0,0,11,0,11,121,13,26,0,160,6,0,6,166
10/03/2011,ONT,CA,AWP,WE,Towers with Radar,157,35,15,0,207,0,1,18,0,19,157,36,33,0,226,4,0,4,230
10/04/2011,ONT,CA,AWP,WE,Towers with Radar,178,49,24,0,251,0,3,29,0,32,178,52,53,0,283,0,0,0,283
10/05/2011,ONT,CA,AWP,WE,Towers with Radar,182,46,10,0,238,0,0,2,0,2,182,46,12,0,240,0,0,0,240
10/06/2011,ONT,CA,AWP,WE,Towers with Radar,176,45,18,0,239,0,1,18,0,19,176,46,36,0,258,10,0,10,268
10/07/2011,ONT,CA,AWP,WE,Towers with Radar,154,45,13,0,212,0,9,10,0,19,154,54,23,0,231,2,0,2,233
10/08/2011,ONT,CA,AWP,WE,Towers with Radar,125,21,7,0,153,0,7,20,0,27,125,28,27,0,180,3,0,3,183
10/09/2011,ONT,CA,AWP,WE,Towers with Radar,119,14,5,0,138,0,0,7,0,7,119,14,12,0,145,4,0,4,149
10/10/2011,ONT,CA,AWP,WE,Towers with Radar,163,34,14,0,211,0,7,18,0,25,163,41,32,0,236,28,0,28,264
10/11/2011,ONT,CA,AWP,WE,Towers with Radar,180,46,11,0,237,0,12,39,0,51,180,58,50,0,288,18,0,18,306
10/12/2011,ONT,CA,AWP,WE,Towers with Radar,167,46,8,0,221,0,9,25,0,34,167,55,33,0,255,36,0,36,291
10/13/2011,ONT,CA,AWP,WE,Towers with Radar,177,43,19,0,239,0,5,35,0,40,177,48,54,0,279,4,0,4,283
10/14/2011,ONT,CA,AWP,WE,Towers with Radar,151,41,15,0,207,0,11,30,1,42,151,52,45,1,249,14,0,14,263
10/15/2011,ONT,CA,AWP,WE,Towers with Radar,115,31,10,0,156,0,1,6,1,8,115,32,16,1,164,22,0,22,186
10/16/2011,ONT,CA,AWP,WE,Towers with Radar,122,16,8,0,146,0,0,8,0,8,122,16,16,0,154,0,0,0,154
10/17/2011,ONT,CA,AWP,WE,Towers with Radar,155,36,17,0,208,0,7,39,0,46,155,43,56,0,254,0,0,0,254
10/18/2011,ONT,CA,AWP,WE,Towers with Radar,190,53,18,0,261,0,4,40,0,44,190,57,58,0,305,44,0,44,349
10/19/2011,ONT,CA,AWP,WE,Towers with Radar,174,50,16,0,240,0,0,11,0,11,174,50,27,0,251,6,0,6,257
10/20/2011,ONT,CA,AWP,WE,Towers with Radar,183,48,20,3,254,0,3,7,0,10,183,51,27,3,264,6,0,6,270
10/21/2011,ONT,CA,AWP,WE,Towers with Radar,155,47,14,0,216,0,3,5,0,8,155,50,19,0,224,0,0,0,224
10/22/2011,ONT,CA,AWP,WE,Towers with Radar,125,31,8,0,164,0,3,14,1,18,125,34,22,1,182,10,0,10,192
10/23/2011,ONT,CA,AWP,WE,Towers with Radar,118,14,6,1,139,0,0,4,0,4,118,14,10,1,143,4,0,4,147
10/24/2011,ONT,CA,AWP,WE,Towers with Radar,155,41,16,2,214,0,0,4,0,4,155,41,20,2,218,16,0,16,234
10/25/2011,ONT,CA,AWP,WE,Towers with Radar,183,55,26,0,264,0,0,9,0,9,183,55,35,0,273,0,0,0,273
10/26/2011,ONT,CA,AWP,WE,Towers with Radar,173,43,14,0,230,0,6,21,0,27,173,49,35,0,257,16,0,16,273
10/27/2011,ONT,CA,AWP,WE,Towers with Radar,173,43,10,0,226,0,6,19,0,25,173,49,29,0,251,2,0,2,253
10/28/2011,ONT,CA,AWP,WE,Towers with Radar,167,49,9,1,226,0,6,34,0,40,167,55,43,1,266,14,0,14,280
10/29/2011,ONT,CA,AWP,WE,Towers with Radar,118,26,8,0,152,0,5,25,1,31,118,31,33,1,183,20,0,20,203
10/30/2011,ONT,CA,AWP,WE,Towers with Radar,120,16,10,0,146,0,1,9,0,10,120,17,19,0,156,2,0,2,158
10/31/2011,ONT,CA,AWP,WE,Towers with Radar,146,35,12,0,193,0,5,18,0,23,146,40,30,0,216,8,0,8,224
11/01/2011,ONT,CA,AWP,WE,Towers with Radar,200,45,23,3,271,0,3,14,0,17,200,48,37,3,288,20,0,20,308
11/02/2011,ONT,CA,AWP,WE,Towers with Radar,194,42,16,0,252,0,4,8,0,12,194,46,24,0,264,26,0,26,290
11/03/2011,ONT,CA,AWP,WE,Towers with Radar,181,42,8,1,232,0,5,17,0,22,181,47,25,1,254,4,0,4,258
11/04/2011,ONT,CA,AWP,WE,Towers with Radar,151,50,18,0,219,0,1,0,1,2,151,51,18,1,221,0,0,0,221
11/05/2011,ONT,CA,AWP,WE,Towers with Radar,111,25,5,0,141,0,6,14,0,20,111,31,19,0,161,10,0,10,171
11/06/2011,ONT,CA,AWP,WE,Towers with Radar,122,13,9,0,144,0,0,1,0,1,122,13,10,0,145,0,0,0,145
11/07/2011,ONT,CA,AWP,WE,Towers with Radar,176,42,6,0,224,0,1,14,0,15,176,43,20,0,239,8,0,8,247
11/08/2011,ONT,CA,AWP,WE,Towers with Radar,182,47,17,0,246,0,4,32,0,36,182,51,49,0,282,47,0,47,329
11/09/2011,ONT,CA,AWP,WE,Towers with Radar,186,40,14,0,240,0,3,28,0,31,186,43,42,0,271,23,0,23,294
11/10/2011,ONT,CA,AWP,WE,Towers with Radar,179,46,22,0,247,0,5,33,1,39,179,51,55,1,286,64,0,64,350
11/11/2011,ONT,CA,AWP,WE,Towers with Radar,159,46,15,0,220,0,0,22,0,22,159,46,37,0,242,24,0,24,266
11/12/2011,ONT,CA,AWP,WE,Towers with Radar,110,34,9,0,153,0,0,2,0,2,110,34,11,0,155,16,0,16,171
11/13/2011,ONT,CA,AWP,WE,Towers with Radar,128,19,11,0,158,0,0,3,0,3,128,19,14,0,161,6,0,6,167
11/14/2011,ONT,CA,AWP,WE,Towers with Radar,152,38,21,0,211,0,1,17,0,18,152,39,38,0,229,0,0,0,229
11/15/2011,ONT,CA,AWP,WE,Towers with Radar,177,52,21,0,250,0,1,27,0,28,177,53,48,0,278,12,0,12,290
11/16/2011,ONT,CA,AWP,WE,Towers with Radar,195,54,16,0,265,0,4,19,0,23,195,58,35,0,288,18,0,18,306
11/17/2011,ONT,CA,AWP,WE,Towers with Radar,193,47,8,0,248,0,8,19,4,31,193,55,27,4,279,20,0,20,299
11/18/2011,ONT,CA,AWP,WE,Towers with Radar,180,54,33,2,269,0,0,2,0,2,180,54,35,2,271,3,0,3,274
11/19/2011,ONT,CA,AWP,WE,Towers with Radar,119,38,15,0,172,0,2,12,0,14,119,40,27,0,186,2,0,2,188
11/20/2011,ONT,CA,AWP,WE,Towers with Radar,125,17,6,0,148,1,0,2,0,3,126,17,8,0,151,0,0,0,151
11/21/2011,ONT,CA,AWP,WE,Towers with Radar,160,36,4,0,200,0,0,8,0,8,160,36,12,0,208,30,0,30,238
11/22/2011,ONT,CA,AWP,WE,Towers with Radar,196,56,12,0,264,0,6,20,0,26,196,62,32,0,290,22,0,22,312
11/23/2011,ONT,CA,AWP,WE,Towers with Radar,193,54,23,0,270,0,6,24,0,30,193,60,47,0,300,0,0,0,300
11/24/2011,ONT,CA,AWP,WE,Towers with Radar,96,9,5,0,110,0,0,14,0,14,96,9,19,0,124,0,0,0,124
11/25/2011,ONT,CA,AWP,WE,Towers with Radar,119,40,10,0,169,0,5,5,0,10,119,45,15,0,179,10,0,10,189
11/26/2011,ONT,CA,AWP,WE,Towers with Radar,125,29,5,0,159,0,5,19,0,24,125,34,24,0,183,0,0,0,183
11/27/2011,ONT,CA,AWP,WE,Towers with Radar,137,17,14,0,168,0,4,22,0,26,137,21,36,0,194,0,0,0,194
11/28/2011,ONT,CA,AWP,WE,Towers with Radar,170,42,9,1,222,0,3,42,1,46,170,45,51,2,268,4,0,4,272
11/29/2011,ONT,CA,AWP,WE,Towers with Radar,196,64,12,0,272,0,5,20,0,25,196,69,32,0,297,2,0,2,299
11/30/2011,ONT,CA,AWP,WE,Towers with Radar,249,52,16,0,317,0,6,19,0,25,249,58,35,0,342,0,0,0,342
12/01/2011,ONT,CA,AWP,WE,Towers with Radar,187,50,2,0,239,0,4,5,0,9,187,54,7,0,248,0,0,0,248
12/02/2011,ONT,CA,AWP,WE,Towers with Radar,163,46,13,0,222,0,9,14,0,23,163,55,27,0,245,0,0,0,245
12/03/2011,ONT,CA,AWP,WE,Towers with Radar,103,25,7,1,136,0,6,7,0,13,103,31,14,1,149,0,0,0,149
12/04/2011,ONT,CA,AWP,WE,Towers with Radar,120,13,12,0,145,0,0,9,0,9,120,13,21,0,154,0,0,0,154
12/05/2011,ONT,CA,AWP,WE,Towers with Radar,160,32,8,0,200,0,9,3,0,12,160,41,11,0,212,0,0,0,212
12/06/2011,ONT,CA,AWP,WE,Towers with Radar,195,46,13,0,254,0,4,28,0,32,195,50,41,0,286,30,0,30,316
12/07/2011,ONT,CA,AWP,WE,Towers with Radar,198,49,18,0,265,0,6,13,0,19,198,55,31,0,284,24,0,24,308
12/08/2011,ONT,CA,AWP,WE,Towers with Radar,204,49,19,0,272,0,7,31,0,38,204,56,50,0,310,14,0,14,324
12/09/2011,ONT,CA,AWP,WE,Towers with Radar,172,46,17,0,235,0,9,20,0,29,172,55,37,0,264,4,0,4,268
12/10/2011,ONT,CA,AWP,WE,Towers with Radar,112,28,6,0,146,0,5,23,0,28,112,33,29,0,174,14,0,14,188
12/11/2011,ONT,CA,AWP,WE,Towers with Radar,123,13,12,0,148,0,1,11,0,12,123,14,23,0,160,22,0,22,182
12/12/2011,ONT,CA,AWP,WE,Towers with Radar,159,42,26,0,227,0,0,6,0,6,159,42,32,0,233,0,0,0,233
12/13/2011,ONT,CA,AWP,WE,Towers with Radar,197,58,12,0,267,0,0,17,0,17,197,58,29,0,284,10,0,10,294
12/14/2011,ONT,CA,AWP,WE,Towers with Radar,197,53,14,0,264,0,4,17,0,21,197,57,31,0,285,2,0,2,287
12/15/2011,ONT,CA,AWP,WE,Towers with Radar,198,54,15,0,267,0,2,19,0,21,198,56,34,0,288,0,0,0,288
12/16/2011,ONT,CA,AWP,WE,Towers with Radar,175,56,6,0,237,0,8,17,0,25,175,64,23,0,262,0,0,0,262
12/17/2011,ONT,CA,AWP,WE,Towers with Radar,127,33,18,0,178,0,5,8,0,13,127,38,26,0,191,20,0,20,211
12/18/2011,ONT,CA,AWP,WE,Towers with Radar,134,11,6,0,151,0,0,3,0,3,134,11,9,0,154,34,0,34,188
12/19/2011,ONT,CA,AWP,WE,Towers with Radar,180,34,19,2,235,0,2,2,2,6,180,36,21,4,241,0,0,0,241
12/20/2011,ONT,CA,AWP,WE,Towers with Radar,234,53,6,0,293,0,6,12,0,18,234,59,18,0,311,8,0,8,319
12/21/2011,ONT,CA,AWP,WE,Towers with Radar,233,55,9,0,297,0,6,32,0,38,233,61,41,0,335,96,0,96,431
12/22/2011,ONT,CA,AWP,WE,Towers with Radar,231,47,4,0,282,0,14,7,0,21,231,61,11,0,303,0,0,0,303
12/23/2011,ONT,CA,AWP,WE,Towers with Radar,210,50,18,0,278,0,21,18,0,39,210,71,36,0,317,18,0,18,335
12/24/2011,ONT,CA,AWP,WE,Towers with Radar,112,28,8,1,149,0,11,16,0,27,112,39,24,1,176,9,0,9,185
12/25/2011,ONT,CA,AWP,WE,Towers with Radar,91,10,1,0,102,0,0,11,0,11,91,10,12,0,113,0,0,0,113
12/26/2011,ONT,CA,AWP,WE,Towers with Radar,133,17,11,0,161,0,1,31,0,32,133,18,42,0,193,8,0,8,201
12/27/2011,ONT,CA,AWP,WE,Towers with Radar,166,32,9,0,207,0,6,21,0,27,166,38,30,0,234,36,0,36,270
12/28/2011,ONT,CA,AWP,WE,Towers with Radar,180,45,14,0,239,0,5,17,0,22,180,50,31,0,261,10,0,10,271
12/29/2011,ONT,CA,AWP,WE,Towers with Radar,181,35,16,0,232,0,2,29,0,31,181,37,45,0,263,0,0,0,263
12/30/2011,ONT,CA,AWP,WE,Towers with Radar,215,48,11,0,274,0,8,22,0,30,215,56,33,0,304,30,0,30,334
12/31/2011,ONT,CA,AWP,WE,Towers with Radar,146,22,3,0,171,0,6,12,0,18,146,28,15,0,189,0,0,0,189
01/01/2012,ONT,CA,AWP,WE,Towers with Radar,122,15,9,0,146,0,0,4,0,4,122,15,13,0,150,4,0,4,154
01/02/2012,ONT,CA,AWP,WE,Towers with Radar,141,20,17,1,179,0,0,10,0,10,141,20,27,1,189,8,0,8,197
01/03/2012,ONT,CA,AWP,WE,Towers with Radar,163,41,5,0,209,0,3,17,0,20,163,44,22,0,229,12,0,12,241
01/04/2012,ONT,CA,AWP,WE,Towers with Radar,204,46,16,1,267,0,3,16,0,19,204,49,32,1,286,54,0,54,340
01/05/2012,ONT,CA,AWP,WE,Towers with Radar,179,43,19,0,241,0,2,42,0,44,179,45,61,0,285,6,0,6,291
01/06/2012,ONT,CA,AWP,WE,Towers with Radar,153,41,13,1,208,0,6,22,0,28,153,47,35,1,236,24,0,24,260
01/07/2012,ONT,CA,AWP,WE,Towers with Radar,120,22,8,1,151,0,4,14,0,18,120,26,22,1,169,0,0,0,169
01/08/2012,ONT,CA,AWP,WE,Towers with Radar,125,16,9,0,150,0,1,11,0,12,125,17,20,0,162,0,0,0,162
01/09/2012,ONT,CA,AWP,WE,Towers with Radar,148,34,8,0,190,0,4,28,0,32,148,38,36,0,222,20,0,20,242
01/10/2012,ONT,CA,AWP,WE,Towers with Radar,169,44,16,0,229,0,4,34,0,38,169,48,50,0,267,10,0,10,277
01/11/2012,ONT,CA,AWP,WE,Towers with Radar,173,41,13,2,229,0,5,31,1,37,173,46,44,3,266,16,0,16,282
01/12/2012,ONT,CA,AWP,WE,Towers with Radar,175,44,18,0,237,0,2,27,0,29,175,46,45,0,266,24,0,24,290
01/13/2012,ONT,CA,AWP,WE,Towers with Radar,141,43,7,2,193,0,3,32,0,35,141,46,39,2,228,4,0,4,232
01/14/2012,ONT,CA,AWP,WE,Towers with Radar,104,27,7,0,138,0,4,8,0,12,104,31,15,0,150,0,0,0,150
01/15/2012,ONT,CA,AWP,WE,Towers with Radar,118,12,11,0,141,0,1,18,0,19,118,13,29,0,160,12,0,12,172
01/16/2012,ONT,CA,AWP,WE,Towers with Radar,152,34,16,0,202,0,1,5,0,6,152,35,21,0,208,18,0,18,226
01/17/2012,ONT,CA,AWP,WE,Towers with Radar,171,42,15,0,228,0,1,19,0,20,171,43,34,0,248,24,0,24,272
01/18/2012,ONT,CA,AWP,WE,Towers with Radar,170,43,20,0,233,0,4,18,0,22,170,47,38,0,255,12,0,12,267
01/19/2012,ONT,CA,AWP,WE,Towers with Radar,162,46,10,0,218,0,3,32,0,35,162,49,42,0,253,0,0,0,253
01/20/2012,ONT,CA,AWP,WE,Towers with Radar,140,41,16,0,197,0,6,17,0,23,140,47,33,0,220,10,0,10,230
01/21/2012,ONT,CA,AWP,WE,Towers with Radar,111,41,14,0,166,0,1,2,0,3,111,42,16,0,169,4,0,4,173
01/22/2012,ONT,CA,AWP,WE,Towers with Radar,125,9,14,0,148,0,1,8,0,9,125,10,22,0,157,0,0,0,157
01/23/2012,ONT,CA,AWP,WE,Towers with Radar,150,32,12,0,194,0,1,2,0,3,150,33,14,0,197,0,0,0,197
01/24/2012,ONT,CA,AWP,WE,Towers with Radar,172,42,14,0,228,0,2,11,0,13,172,44,25,0,241,46,0,46,287
01/25/2012,ONT,CA,AWP,WE,Towers with Radar,168,42,18,0,228,0,4,16,0,20,168,46,34,0,248,6,0,6,254
01/26/2012,ONT,CA,AWP,WE,Towers with Radar,179,46,15,0,240,0,4,25,0,29,179,50,40,0,269,4,0,4,273
01/27/2012,ONT,CA,AWP,WE,Towers with Radar,165,46,11,0,222,1,3,10,0,14,166,49,21,0,236,0,0,0,236
01/28/2012,ONT,CA,AWP,WE,Towers with Radar,95,21,11,0,127,0,1,15,0,16,95,22,26,0,143,0,0,0,143
01/29/2012,ONT,CA,AWP,WE,Towers with Radar,123,11,14,1,149,0,0,15,0,15,123,11,29,1,164,0,0,0,164
01/30/2012,ONT,CA,AWP,WE,Towers with Radar,150,30,5,1,186,0,3,17,0,20,150,33,22,1,206,2,0,2,208
01/31/2012,ONT,CA,AWP,WE,Towers with Radar,162,44,10,1,217,0,3,15,3,21,162,47,25,4,238,14,0,14,252
02/01/2012,ONT,CA,AWP,WE,Towers with Radar,162,47,11,0,220,0,3,24,0,27,162,50,35,0,247,12,0,12,259
02/02/2012,ONT,CA,AWP,WE,Towers with Radar,172,42,7,0,221,0,3,14,0,17,172,45,21,0,238,6,0,6,244
02/03/2012,ONT,CA,AWP,WE,Towers with Radar,112,35,10,0,157,0,4,24,0,28,112,39,34,0,185,0,0,0,185
02/04/2012,ONT,CA,AWP,WE,Towers with Radar,106,21,7,0,134,0,5,15,0,20,106,26,22,0,154,0,0,0,154
02/05/2012,ONT,CA,AWP,WE,Towers with Radar,111,13,6,0,130,0,1,6,0,7,111,14,12,0,137,0,0,0,137
02/06/2012,ONT,CA,AWP,WE,Towers with Radar,112,28,7,0,147,0,5,16,0,21,112,33,23,0,168,0,0,0,168
02/07/2012,ONT,CA,AWP,WE,Towers with Radar,156,50,6,2,214,0,2,5,0,7,156,52,11,2,221,12,0,12,233
02/08/2012,ONT,CA,AWP,WE,Towers with Radar,159,39,14,0,212,0,6,24,0,30,159,45,38,0,242,2,0,2,244
02/09/2012,ONT,CA,AWP,WE,Towers with Radar,253,50,3,0,306,0,7,21,0,28,253,57,24,0,334,4,0,4,338
02/10/2012,ONT,CA,AWP,WE,Towers with Radar,146,41,8,0,195,0,7,12,1,20,146,48,20,1,215,5,0,5,220
02/11/2012,ONT,CA,AWP,WE,Towers with Radar,112,30,14,0,156,0,0,4,0,4,112,30,18,0,160,0,0,0,160
02/12/2012,ONT,CA,AWP,WE,Towers with Radar,120,10,18,0,148,0,0,2,0,2,120,10,20,0,150,0,0,0,150
02/13/2012,ONT,CA,AWP,WE,Towers with Radar,147,35,7,1,190,0,1,4,1,6,147,36,11,2,196,0,0,0,196
02/14/2012,ONT,CA,AWP,WE,Towers with Radar,165,39,7,0,211,0,5,15,0,20,165,44,22,0,231,28,0,28,259
02/15/2012,ONT,CA,AWP,WE,Towers with Radar,173,48,20,0,241,0,1,10,0,11,173,49,30,0,252,3,0,3,255
02/16/2012,ONT,CA,AWP,WE,Towers with Radar,147,37,15,0,199,0,2,17,0,19,147,39,32,0,218,0,0,0,218
02/17/2012,ONT,CA,AWP,WE,Towers with Radar,138,42,22,0,202,0,6,20,0,26,138,48,42,0,228,4,0,4,232
02/18/2012,ONT,CA,AWP,WE,Towers with Radar,117,24,13,0,154,1,5,9,0,15,118,29,22,0,169,35,0,35,204
02/19/2012,ONT,CA,AWP,WE,Towers with Radar,121,15,13,0,149,0,0,16,0,16,121,15,29,0,165,14,0,14,179
02/20/2012,ONT,CA,AWP,WE,Towers with Radar,139,29,20,0,188,0,4,23,0,27,139,33,43,0,215,10,0,10,225
02/21/2012,ONT,CA,AWP,WE,Towers with Radar,168,43,12,0,223,0,6,14,0,20,168,49,26,0,243,38,0,38,281
02/22/2012,ONT,CA,AWP,WE,Towers with Radar,171,39,13,0,223,0,3,28,0,31,171,42,41,0,254,26,0,26,280
02/23/2012,ONT,CA,AWP,WE,Towers with Radar,170,53,10,0,233,0,5,19,2,26,170,58,29,2,259,14,0,14,273
02/24/2012,ONT,CA,AWP,WE,Towers with Radar,148,59,13,0,220,0,3,10,0,13,148,62,23,0,233,50,0,50,283
02/25/2012,ONT,CA,AWP,WE,Towers with Radar,104,34,15,0,153,0,0,6,0,6,104,34,21,0,159,12,0,12,171
02/26/2012,ONT,CA,AWP,WE,Towers with Radar,113,18,7,0,138,0,0,3,0,3,113,18,10,0,141,0,0,0,141
02/27/2012,ONT,CA,AWP,WE,Towers with Radar,154,29,9,0,192,0,1,6,0,7,154,30,15,0,199,0,0,0,199
02/28/2012,ONT,CA,AWP,WE,Towers with Radar,159,51,12,0,222,0,0,10,0,10,159,51,22,0,232,0,0,0,232
02/29/2012,ONT,CA,AWP,WE,Towers with Radar,176,44,14,0,234,0,6,23,0,29,176,50,37,0,263,12,0,12,275
03/01/2012,ONT,CA,AWP,WE,Towers with Radar,189,46,7,0,242,0,1,14,0,15,189,47,21,0,257,0,0,0,257
03/02/2012,ONT,CA,AWP,WE,Towers with Radar,146,41,10,0,197,0,4,13,0,17,146,45,23,0,214,2,0,2,216
03/03/2012,ONT,CA,AWP,WE,Towers with Radar,116,18,11,0,145,0,6,15,0,21,116,24,26,0,166,8,0,8,174
03/04/2012,ONT,CA,AWP,WE,Towers with Radar,126,11,8,0,145,0,0,8,0,8,126,11,16,0,153,6,0,6,159
03/05/2012,ONT,CA,AWP,WE,Towers with Radar,145,25,8,0,178,0,4,21,0,25,145,29,29,0,203,12,0,12,215
03/06/2012,ONT,CA,AWP,WE,Towers with Radar,176,46,19,0,241,0,2,7,0,9,176,48,26,0,250,0,0,0,250
03/07/2012,ONT,CA,AWP,WE,Towers with Radar,164,37,16,0,217,0,5,18,0,23,164,42,34,0,240,24,0,24,264
03/08/2012,ONT,CA,AWP,WE,Towers with Radar,173,46,7,0,226,0,2,25,1,28,173,48,32,1,254,2,0,2,256
03/09/2012,ONT,CA,AWP,WE,Towers with Radar,148,42,12,2,204,0,6,17,0,23,148,48,29,2,227,16,0,16,243
03/10/2012,ONT,CA,AWP,WE,Towers with Radar,114,24,7,0,145,0,4,16,0,20,114,28,23,0,165,10,0,10,175
03/11/2012,ONT,CA,AWP,WE,Towers with Radar,126,15,10,0,151,0,0,4,0,4,126,15,14,0,155,8,0,8,163
03/12/2012,ONT,CA,AWP,WE,Towers with Radar,153,30,9,0,192,0,5,19,0,24,153,35,28,0,216,11,0,11,227
03/13/2012,ONT,CA,AWP,WE,Towers with Radar,180,38,11,0,229,0,2,9,0,11,180,40,20,0,240,20,0,20,260
03/14/2012,ONT,CA,AWP,WE,Towers with Radar,160,39,22,0,221,0,5,20,1,26,160,44,42,1,247,44,0,44,291
03/15/2012,ONT,CA,AWP,WE,Towers with Radar,178,43,16,1,238,0,0,8,0,8,178,43,24,1,246,72,0,72,318
03/16/2012,ONT,CA,AWP,WE,Towers with Radar,162,42,13,0,217,0,1,8,0,9,162,43,21,0,226,0,0,0,226
03/17/2012,ONT,CA,AWP,WE,Towers with Radar,128,32,4,0,164,0,0,1,0,1,128,32,5,0,165,0,0,0,165
03/18/2012,ONT,CA,AWP,WE,Towers with Radar,116,9,9,0,134,0,0,5,0,5,116,9,14,0,139,0,0,0,139
03/19/2012,ONT,CA,AWP,WE,Towers with Radar,149,26,12,0,187,0,4,16,0,20,149,30,28,0,207,12,0,12,219
03/20/2012,ONT,CA,AWP,WE,Towers with Radar,171,44,12,1,228,0,6,25,0,31,171,50,37,1,259,40,0,40,299
03/21/2012,ONT,CA,AWP,WE,Towers with Radar,165,47,23,0,235,0,6,23,2,31,165,53,46,2,266,2,0,2,268
03/22/2012,ONT,CA,AWP,WE,Towers with Radar,170,41,28,0,239,0,3,15,3,21,170,44,43,3,260,46,0,46,306
03/23/2012,ONT,CA,AWP,WE,Towers with Radar,143,49,12,0,204,0,4,33,0,37,143,53,45,0,241,0,0,0,241
03/24/2012,ONT,CA,AWP,WE,Towers with Radar,119,32,12,0,163,0,0,18,0,18,119,32,30,0,181,2,0,2,183
03/25/2012,ONT,CA,AWP,WE,Towers with Radar,127,15,57,1,200,0,0,37,2,39,127,15,94,3,239,2,0,2,241
03/26/2012,ONT,CA,AWP,WE,Towers with Radar,153,30,11,1,195,0,2,15,0,17,153,32,26,1,212,0,0,0,212
03/27/2012,ONT,CA,AWP,WE,Towers with Radar,169,36,3,0,208,0,4,23,0,27,169,40,26,0,235,2,0,2,237
03/28/2012,ONT,CA,AWP,WE,Towers with Radar,171,43,12,0,226,0,4,22,0,26,171,47,34,0,252,0,0,0,252
03/29/2012,ONT,CA,AWP,WE,Towers with Radar,187,42,23,0,252,0,1,18,0,19,187,43,41,0,271,1,0,1,272
03/30/2012,ONT,CA,AWP,WE,Towers with Radar,153,41,11,0,205,0,5,6,0,11,153,46,17,0,216,14,0,14,230
03/31/2012,ONT,CA,AWP,WE,Towers with Radar,133,25,11,0,169,0,1,5,0,6,133,26,16,0,175,12,0,12,187
04/01/2012,ONT,CA,AWP,WE,Towers with Radar,124,11,7,0,142,0,1,7,0,8,124,12,14,0,150,10,0,10,160
04/02/2012,ONT,CA,AWP,WE,Towers with Radar,147,26,11,0,184,0,5,16,0,21,147,31,27,0,205,0,0,0,205
04/03/2012,ONT,CA,AWP,WE,Towers with Radar,157,41,13,0,211,0,4,17,0,21,157,45,30,0,232,0,0,0,232
04/04/2012,ONT,CA,AWP,WE,Towers with Radar,172,41,13,0,226,9,5,23,0,37,181,46,36,0,263,35,0,35,298
04/05/2012,ONT,CA,AWP,WE,Towers with Radar,165,46,16,0,227,0,7,15,0,22,165,53,31,0,249,8,0,8,257
04/06/2012,ONT,CA,AWP,WE,Towers with Radar,153,32,10,0,195,0,11,29,1,41,153,43,39,1,236,16,0,16,252
04/07/2012,ONT,CA,AWP,WE,Towers with Radar,112,20,6,0,138,0,4,11,1,16,112,24,17,1,154,2,0,2,156
04/08/2012,ONT,CA,AWP,WE,Towers with Radar,144,12,9,0,165,0,0,9,0,9,144,12,18,0,174,0,0,0,174
04/09/2012,ONT,CA,AWP,WE,Towers with Radar,153,30,5,0,188,0,6,14,0,20,153,36,19,0,208,0,0,0,208
04/10/2012,ONT,CA,AWP,WE,Towers with Radar,171,39,14,0,224,0,6,22,0,28,171,45,36,0,252,0,0,0,252
04/11/2012,ONT,CA,AWP,WE,Towers with Radar,153,40,16,0,209,0,1,3,0,4,153,41,19,0,213,0,0,0,213
04/12/2012,ONT,CA,AWP,WE,Towers with Radar,173,40,13,0,226,0,5,18,0,23,173,45,31,0,249,2,0,2,251
04/13/2012,ONT,CA,AWP,WE,Towers with Radar,129,46,9,0,184,0,1,3,0,4,129,47,12,0,188,0,0,0,188
04/14/2012,ONT,CA,AWP,WE,Towers with Radar,108,26,6,0,140,0,3,17,2,22,108,29,23,2,162,32,0,32,194
04/15/2012,ONT,CA,AWP,WE,Towers with Radar,132,18,7,0,157,0,0,19,0,19,132,18,26,0,176,6,0,6,182
04/16/2012,ONT,CA,AWP,WE,Towers with Radar,148,34,14,0,196,0,10,21,0,31,148,44,35,0,227,16,0,16,243
04/17/2012,ONT,CA,AWP,WE,Towers with Radar,166,41,13,0,220,0,8,31,0,39,166,49,44,0,259,0,0,0,259
04/18/2012,ONT,CA,AWP,WE,Towers with Radar,175,41,8,0,224,0,9,37,0,46,175,50,45,0,270,30,0,30,300
04/19/2012,ONT,CA,AWP,WE,Towers with Radar,173,50,23,0,246,0,7,49,0,56,173,57,72,0,302,22,0,22,324
04/20/2012,ONT,CA,AWP,WE,Towers with Radar,142,40,12,0,194,0,9,39,1,49,142,49,51,1,243,0,0,0,243
04/21/2012,ONT,CA,AWP,WE,Towers with Radar,117,24,7,0,148,0,5,7,2,14,117,29,14,2,162,0,0,0,162
04/22/2012,ONT,CA,AWP,WE,Towers with Radar,124,14,10,0,148,0,0,2,0,2,124,14,12,0,150,20,0,20,170
04/23/2012,ONT,CA,AWP,WE,Towers with Radar,170,35,20,2,227,0,0,5,0,5,170,35,25,2,232,0,0,0,232
04/24/2012,ONT,CA,AWP,WE,Towers with Radar,165,37,12,0,214,0,4,17,0,21,165,41,29,0,235,8,0,8,243
04/25/2012,ONT,CA,AWP,WE,Towers with Radar,170,43,19,1,233,0,3,21,1,25,170,46,40,2,258,0,0,0,258
04/26/2012,ONT,CA,AWP,WE,Towers with Radar,206,50,16,0,272,0,3,17,0,20,206,53,33,0,292,10,0,10,302
04/27/2012,ONT,CA,AWP,WE,Towers with Radar,146,38,15,0,199,0,6,12,0,18,146,44,27,0,217,0,0,0,217
04/28/2012,ONT,CA,AWP,WE,Towers with Radar,120,31,6,0,157,0,2,11,2,15,120,33,17,2,172,16,0,16,188
04/29/2012,ONT,CA,AWP,WE,Towers with Radar,122,24,11,0,157,0,1,15,0,16,122,25,26,0,173,0,0,0,173
04/30/2012,ONT,CA,AWP,WE,Towers with Radar,150,30,16,2,198,0,6,14,2,22,150,36,30,4,220,0,0,0,220
05/01/2012,ONT,CA,AWP,WE,Towers with Radar,162,48,23,0,233,0,1,11,0,12,162,49,34,0,245,0,0,0,245
05/02/2012,ONT,CA,AWP,WE,Towers with Radar,172,50,23,0,245,0,1,7,0,8,172,51,30,0,253,2,0,2,255
05/03/2012,ONT,CA,AWP,WE,Towers with Radar,164,46,20,0,230,0,0,18,3,21,164,46,38,3,251,0,0,0,251
05/04/2012,ONT,CA,AWP,WE,Towers with Radar,140,43,23,0,206,0,6,36,0,42,140,49,59,0,248,2,0,2,250
05/05/2012,ONT,CA,AWP,WE,Towers with Radar,114,26,9,0,149,0,6,15,0,21,114,32,24,0,170,14,0,14,184
05/06/2012,ONT,CA,AWP,WE,Towers with Radar,121,15,8,2,146,0,2,14,0,16,121,17,22,2,162,5,0,5,167
05/07/2012,ONT,CA,AWP,WE,Towers with Radar,150,32,9,0,191,0,9,11,1,21,150,41,20,1,212,2,0,2,214
05/08/2012,ONT,CA,AWP,WE,Towers with Radar,181,47,11,0,239,0,5,27,0,32,181,52,38,0,271,24,0,24,295
05/09/2012,ONT,CA,AWP,WE,Towers with Radar,188,45,10,0,243,0,7,10,1,18,188,52,20,1,261,7,0,7,268
05/10/2012,ONT,CA,AWP,WE,Towers with Radar,184,52,28,0,264,0,2,7,0,9,184,54,35,0,273,0,0,0,273
05/11/2012,ONT,CA,AWP,WE,Towers with Radar,157,44,23,0,224,0,3,35,0,38,157,47,58,0,262,38,0,38,300
05/12/2012,ONT,CA,AWP,WE,Towers with Radar,125,38,11,0,174,0,0,12,0,12,125,38,23,0,186,4,0,4,190
05/13/2012,ONT,CA,AWP,WE,Towers with Radar,124,14,9,0,147,0,0,8,0,8,124,14,17,0,155,2,0,2,157
05/14/2012,ONT,CA,AWP,WE,Towers with Radar,150,44,14,0,208,0,1,13,2,16,150,45,27,2,224,19,0,19,243
05/15/2012,ONT,CA,AWP,WE,Towers with Radar,166,41,13,0,220,0,4,16,0,20,166,45,29,0,240,2,0,2,242
05/16/2012,ONT,CA,AWP,WE,Towers with Radar,168,40,24,0,232,0,7,24,0,31,168,47,48,0,263,14,0,14,277
05/17/2012,ONT,CA,AWP,WE,Towers with Radar,187,40,7,0,234,0,4,17,1,22,187,44,24,1,256,20,0,20,276
05/18/2012,ONT,CA,AWP,WE,Towers with Radar,147,46,20,0,213,0,5,11,0,16,147,51,31,0,229,10,0,10,239
05/19/2012,ONT,CA,AWP,WE,Towers with Radar,120,23,10,0,153,0,2,15,0,17,120,25,25,0,170,16,0,16,186
05/20/2012,ONT,CA,AWP,WE,Towers with Radar,126,12,9,0,147,0,0,12,0,12,126,12,21,0,159,12,0,12,171
05/21/2012,ONT,CA,AWP,WE,Towers with Radar,144,31,19,0,194,0,5,18,0,23,144,36,37,0,217,24,0,24,241
05/22/2012,ONT,CA,AWP,WE,Towers with Radar,177,43,10,0,230,0,7,16,0,23,177,50,26,0,253,16,0,16,269
05/23/2012,ONT,CA,AWP,WE,Towers with Radar,160,39,13,0,212,0,3,17,0,20,160,42,30,0,232,2,0,2,234
05/24/2012,ONT,CA,AWP,WE,Towers with Radar,185,47,19,0,251,0,5,20,0,25,185,52,39,0,276,12,0,12,288
05/25/2012,ONT,CA,AWP,WE,Towers with Radar,154,41,27,2,224,0,4,12,0,16,154,45,39,2,240,0,0,0,240
05/26/2012,ONT,CA,AWP,WE,Towers with Radar,112,27,6,2,147,0,2,5,0,7,112,29,11,2,154,14,0,14,168
05/27/2012,ONT,CA,AWP,WE,Towers with Radar,89,7,14,0,110,0,0,9,0,9,89,7,23,0,119,6,0,6,125
05/28/2012,ONT,CA,AWP,WE,Towers with Radar,116,22,12,0,150,0,1,9,0,10,116,23,21,0,160,30,0,30,190
05/29/2012,ONT,CA,AWP,WE,Towers with Radar,143,31,11,0,185,0,13,18,0,31,143,44,29,0,216,0,0,0,216
05/30/2012,ONT,CA,AWP,WE,Towers with Radar,169,39,13,0,221,0,9,11,0,20,169,48,24,0,241,24,0,24,265
05/31/2012,ONT,CA,AWP,WE,Towers with Radar,168,39,19,0,226,0,10,23,2,35,168,49,42,2,261,6,0,6,267
06/01/2012,ONT,CA,AWP,WE,Towers with Radar,133,37,17,2,189,0,11,17,0,28,133,48,34,2,217,12,0,12,229
06/02/2012,ONT,CA,AWP,WE,Towers with Radar,115,24,10,0,149,0,0,14,0,14,115,24,24,0,163,2,0,2,165
06/03/2012,ONT,CA,AWP,WE,Towers with Radar,126,10,8,0,144,0,0,21,0,21,126,10,29,0,165,14,0,14,179
06/04/2012,ONT,CA,AWP,WE,Towers with Radar,152,32,14,0,198,0,3,20,0,23,152,35,34,0,221,0,0,0,221
06/05/2012,ONT,CA,AWP,WE,Towers with Radar,173,41,9,0,223,0,6,20,0,26,173,47,29,0,249,2,0,2,251
06/06/2012,ONT,CA,AWP,WE,Towers with Radar,183,40,21,1,245,0,11,31,0,42,183,51,52,1,287,18,0,18,305
06/07/2012,ONT,CA,AWP,WE,Towers with Radar,197,35,13,2,247,0,8,23,0,31,197,43,36,2,278,0,0,0,278
06/08/2012,ONT,CA,AWP,WE,Towers with Radar,155,37,7,0,199,0,8,17,0,25,155,45,24,0,224,12,0,12,236
06/09/2012,ONT,CA,AWP,WE,Towers with Radar,119,27,8,0,154,0,0,3,0,3,119,27,11,0,157,12,0,12,169
06/10/2012,ONT,CA,AWP,WE,Towers with Radar,127,14,11,0,152,0,0,9,1,10,127,14,20,1,162,24,0,24,186
06/11/2012,ONT,CA,AWP,WE,Towers with Radar,147,31,6,0,184,0,4,18,0,22,147,35,24,0,206,24,0,24,230
06/12/2012,ONT,CA,AWP,WE,Towers with Radar,168,47,23,0,238,0,5,14,0,19,168,52,37,0,257,14,0,14,271
06/13/2012,ONT,CA,AWP,WE,Towers with Radar,170,41,12,0,223,0,5,24,0,29,170,46,36,0,252,13,0,13,265
06/14/2012,ONT,CA,AWP,WE,Towers with Radar,203,40,12,0,255,0,6,29,0,35,203,46,41,0,290,0,0,0,290
06/15/2012,ONT,CA,AWP,WE,Towers with Radar,132,38,6,0,176,0,5,10,0,15,132,43,16,0,191,0,0,0,191
06/16/2012,ONT,CA,AWP,WE,Towers with Radar,120,27,7,0,154,0,3,18,0,21,120,30,25,0,175,0,0,0,175
06/17/2012,ONT,CA,AWP,WE,Towers with Radar,288,13,8,0,309,0,0,14,0,14,288,13,22,0,323,3,0,3,326
06/18/2012,ONT,CA,AWP,WE,Towers with Radar,252,41,14,0,307,0,8,28,0,36,252,49,42,0,343,23,0,23,366
06/19/2012,ONT,CA,AWP,WE,Towers with Radar,250,64,22,1,337,0,5,23,0,28,250,69,45,1,365,2,0,2,367
06/20/2012,ONT,CA,AWP,WE,Towers with Radar,178,40,18,3,239,0,5,12,2,19,178,45,30,5,258,30,0,30,288
06/21/2012,ONT,CA,AWP,WE,Towers with Radar,173,46,20,0,239,0,4,34,0,38,173,50,54,0,277,0,0,0,277
06/22/2012,ONT,CA,AWP,WE,Towers with Radar,142,33,9,0,184,0,5,24,0,29,142,38,33,0,213,16,0,16,229
06/23/2012,ONT,CA,AWP,WE,Towers with Radar,113,27,5,2,147,0,2,7,0,9,113,29,12,2,156,17,0,17,173
06/24/2012,ONT,CA,AWP,WE,Towers with Radar,115,11,8,0,134,0,0,17,0,17,115,11,25,0,151,6,0,6,157
06/25/2012,ONT,CA,AWP,WE,Towers with Radar,141,26,9,0,176,0,5,17,0,22,141,31,26,0,198,0,0,0,198
06/26/2012,ONT,CA,AWP,WE,Towers with Radar,172,40,11,0,223,0,9,28,0,37,172,49,39,0,260,22,2,24,284
06/27/2012,ONT,CA,AWP,WE,Towers with Radar,166,40,7,2,215,0,10,28,0,38,166,50,35,2,253,38,0,38,291
06/28/2012,ONT,CA,AWP,WE,Towers with Radar,176,40,6,0,222,0,7,18,2,27,176,47,24,2,249,8,0,8,257
06/29/2012,ONT,CA,AWP,WE,Towers with Radar,140,34,19,0,193,0,8,19,0,27,140,42,38,0,220,14,0,14,234
06/30/2012,ONT,CA,AWP,WE,Towers with Radar,126,20,11,0,157,0,5,8,0,13,126,25,19,0,170,10,0,10,180
07/01/2012,ONT,CA,AWP,WE,Towers with Radar,124,10,8,2,144,0,0,11,0,11,124,10,19,2,155,2,0,2,157
07/02/2012,ONT,CA,AWP,WE,Towers with Radar,155,30,14,0,199,0,4,15,0,19,155,34,29,0,218,8,0,8,226
07/03/2012,ONT,CA,AWP,WE,Towers with Radar,166,54,9,2,231,0,5,16,0,21,166,59,25,2,252,0,0,0,252
07/04/2012,ONT,CA,AWP,WE,Towers with Radar,122,16,2,0,140,0,2,17,0,19,122,18,19,0,159,0,0,0,159
07/05/2012,ONT,CA,AWP,WE,Towers with Radar,168,46,9,0,223,0,4,25,0,29,168,50,34,0,252,0,0,0,252
07/06/2012,ONT,CA,AWP,WE,Towers with Radar,143,39,11,0,193,0,9,14,0,23,143,48,25,0,216,12,0,12,228
07/07/2012,ONT,CA,AWP,WE,Towers with Radar,122,24,7,0,153,0,6,4,1,11,122,30,11,1,164,28,0,28,192
07/08/2012,ONT,CA,AWP,WE,Towers with Radar,129,9,6,0,144,0,1,20,0,21,129,10,26,0,165,0,0,0,165
07/09/2012,ONT,CA,AWP,WE,Towers with Radar,173,38,18,0,229,0,3,19,0,22,173,41,37,0,251,2,0,2,253
07/10/2012,ONT,CA,AWP,WE,Towers with Radar,214,31,14,0,259,0,17,25,0,42,214,48,39,0,301,8,0,8,309
07/11/2012,ONT,CA,AWP,WE,Towers with Radar,192,38,14,0,244,0,8,30,0,38,192,46,44,0,282,32,0,32,314
07/12/2012,ONT,CA,AWP,WE,Towers with Radar,202,38,17,2,259,0,7,26,0,33,202,45,43,2,292,11,0,11,303
07/13/2012,ONT,CA,AWP,WE,Towers with Radar,161,35,12,2,210,5,10,17,0,32,166,45,29,2,242,12,0,12,254
07/14/2012,ONT,CA,AWP,WE,Towers with Radar,129,27,6,0,162,0,4,11,0,15,129,31,17,0,177,18,0,18,195
07/15/2012,ONT,CA,AWP,WE,Towers with Radar,134,15,6,2,157,0,0,14,0,14,134,15,20,2,171,14,0,14,185
07/16/2012,ONT,CA,AWP,WE,Towers with Radar,155,33,11,0,199,0,2,11,0,13,155,35,22,0,212,22,0,22,234
07/17/2012,ONT,CA,AWP,WE,Towers with Radar,174,46,9,2,231,0,5,23,1,29,174,51,32,3,260,14,0,14,274
07/18/2012,ONT,CA,AWP,WE,Towers with Radar,187,43,17,1,248,0,13,24,0,37,187,56,41,1,285,10,0,10,295
07/19/2012,ONT,CA,AWP,WE,Towers with Radar,167,41,17,0,225,0,7,44,0,51,167,48,61,0,276,5,0,5,281
07/20/2012,ONT,CA,AWP,WE,Towers with Radar,148,43,11,0,202,0,7,17,0,24,148,50,28,0,226,0,0,0,226
07/21/2012,ONT,CA,AWP,WE,Towers with Radar,137,25,6,0,168,0,3,9,0,12,137,28,15,0,180,12,0,12,192
07/22/2012,ONT,CA,AWP,WE,Towers with Radar,133,18,7,0,158,0,0,23,0,23,133,18,30,0,181,22,0,22,203
07/23/2012,ONT,CA,AWP,WE,Towers with Radar,154,30,14,1,199,0,5,41,0,46,154,35,55,1,245,40,0,40,285
07/24/2012,ONT,CA,AWP,WE,Towers with Radar,182,37,7,0,226,0,10,29,2,41,182,47,36,2,267,0,0,0,267
07/25/2012,ONT,CA,AWP,WE,Towers with Radar,165,44,7,0,216,0,8,32,0,40,165,52,39,0,256,18,0,18,274
07/26/2012,ONT,CA,AWP,WE,Towers with Radar,186,44,27,1,258,0,3,25,1,29,186,47,52,2,287,14,0,14,301
07/27/2012,ONT,CA,AWP,WE,Towers with Radar,156,41,4,0,201,0,9,26,0,35,156,50,30,0,236,17,0,17,253
07/28/2012,ONT,CA,AWP,WE,Towers with Radar,117,25,10,0,152,0,5,11,0,16,117,30,21,0,168,22,0,22,190
07/29/2012,ONT,CA,AWP,WE,Towers with Radar,124,12,9,0,145,0,0,33,0,33,124,12,42,0,178,18,0,18,196
07/30/2012,ONT,CA,AWP,WE,Towers with Radar,159,28,18,0,205,0,2,18,0,20,159,30,36,0,225,6,0,6,231
07/31/2012,ONT,CA,AWP,WE,Towers with Radar,172,37,14,0,223,0,10,22,0,32,172,47,36,0,255,14,0,14,269
08/01/2012,ONT,CA,AWP,WE,Towers with Radar,169,55,16,0,240,0,7,24,0,31,169,62,40,0,271,4,0,4,275
08/02/2012,ONT,CA,AWP,WE,Towers with Radar,166,40,10,0,216,0,10,34,0,44,166,50,44,0,260,54,0,54,314
08/03/2012,ONT,CA,AWP,WE,Towers with Radar,147,37,13,0,197,1,10,29,0,40,148,47,42,0,237,0,0,0,237
08/04/2012,ONT,CA,AWP,WE,Towers with Radar,118,24,14,2,158,0,2,29,0,31,118,26,43,2,189,24,0,24,213
08/05/2012,ONT,CA,AWP,WE,Towers with Radar,121,11,2,0,134,0,0,18,0,18,121,11,20,0,152,0,0,0,152
08/06/2012,ONT,CA,AWP,WE,Towers with Radar,142,30,9,0,181,0,6,31,0,37,142,36,40,0,218,18,0,18,236
08/07/2012,ONT,CA,AWP,WE,Towers with Radar,169,38,10,1,218,0,10,18,0,28,169,48,28,1,246,0,0,0,246
08/08/2012,ONT,CA,AWP,WE,Towers with Radar,171,33,7,0,211,0,7,23,0,30,171,40,30,0,241,16,0,16,257
08/09/2012,ONT,CA,AWP,WE,Towers with Radar,174,36,8,0,218,0,5,24,0,29,174,41,32,0,247,10,0,10,257
08/10/2012,ONT,CA,AWP,WE,Towers with Radar,160,33,6,2,201,0,10,20,0,30,160,43,26,2,231,14,0,14,245
08/11/2012,ONT,CA,AWP,WE,Towers with Radar,120,24,4,0,148,0,6,7,0,13,120,30,11,0,161,12,0,12,173
08/12/2012,ONT,CA,AWP,WE,Towers with Radar,125,13,10,0,148,0,2,10,0,12,125,15,20,0,160,0,0,0,160
08/13/2012,ONT,CA,AWP,WE,Towers with Radar,148,31,6,0,185,0,3,10,0,13,148,34,16,0,198,16,0,16,214
08/14/2012,ONT,CA,AWP,WE,Towers with Radar,165,35,17,1,218,0,8,18,1,27,165,43,35,2,245,22,0,22,267
08/15/2012,ONT,CA,AWP,WE,Towers with Radar,182,41,16,0,239,0,9,29,0,38,182,50,45,0,277,18,0,18,295
08/16/2012,ONT,CA,AWP,WE,Towers with Radar,197,38,7,3,245,0,8,34,0,42,197,46,41,3,287,52,0,52,339
08/17/2012,ONT,CA,AWP,WE,Towers with Radar,144,36,13,0,193,0,7,21,0,28,144,43,34,0,221,10,0,10,231
08/18/2012,ONT,CA,AWP,WE,Towers with Radar,111,24,9,0,144,0,4,15,0,19,111,28,24,0,163,16,0,16,179
08/19/2012,ONT,CA,AWP,WE,Towers with Radar,118,13,14,0,145,0,0,11,0,11,118,13,25,0,156,12,0,12,168
08/20/2012,ONT,CA,AWP,WE,Towers with Radar,145,29,12,0,186,0,5,26,2,33,145,34,38,2,219,8,0,8,227
08/21/2012,ONT,CA,AWP,WE,Towers with Radar,165,48,13,0,226,0,6,24,0,30,165,54,37,0,256,36,0,36,292
08/22/2012,ONT,CA,AWP,WE,Towers with Radar,177,38,8,0,223,0,5,14,0,19,177,43,22,0,242,16,0,16,258
08/23/2012,ONT,CA,AWP,WE,Towers with Radar,164,41,15,0,220,0,5,38,0,43,164,46,53,0,263,16,0,16,279
08/24/2012,ONT,CA,AWP,WE,Towers with Radar,145,43,12,0,200,0,6,18,0,24,145,49,30,0,224,10,0,10,234
08/25/2012,ONT,CA,AWP,WE,Towers with Radar,104,30,9,0,143,0,0,11,0,11,104,30,20,0,154,12,0,12,166
08/26/2012,ONT,CA,AWP,WE,Towers with Radar,114,12,7,0,133,0,0,7,0,7,114,12,14,0,140,1,0,1,141
08/27/2012,ONT,CA,AWP,WE,Towers with Radar,141,34,9,0,184,0,4,14,0,18,141,38,23,0,202,4,0,4,206
08/28/2012,ONT,CA,AWP,WE,Towers with Radar,167,41,11,0,219,0,8,18,0,26,167,49,29,0,245,4,0,4,249
08/29/2012,ONT,CA,AWP,WE,Towers with Radar,188,43,11,0,242,0,5,42,0,47,188,48,53,0,289,0,0,0,289
08/30/2012,ONT,CA,AWP,WE,Towers with Radar,164,39,12,0,215,0,7,26,0,33,164,46,38,0,248,0,0,0,248
08/31/2012,ONT,CA,AWP,WE,Towers with Radar,133,38,10,0,181,0,7,16,0,23,133,45,26,0,204,6,0,6,210
09/01/2012,ONT,CA,AWP,WE,Towers with Radar,93,22,5,0,120,0,4,15,0,19,93,26,20,0,139,4,0,4,143
09/02/2012,ONT,CA,AWP,WE,Towers with Radar,91,16,5,0,112,0,0,11,0,11,91,16,16,0,123,0,0,0,123
09/03/2012,ONT,CA,AWP,WE,Towers with Radar,113,16,12,0,141,0,1,8,0,9,113,17,20,0,150,4,0,4,154
09/04/2012,ONT,CA,AWP,WE,Towers with Radar,142,34,13,0,189,0,4,19,2,25,142,38,32,2,214,0,0,0,214
09/05/2012,ONT,CA,AWP,WE,Towers with Radar,171,42,10,0,223,0,4,11,0,15,171,46,21,0,238,0,0,0,238
09/06/2012,ONT,CA,AWP,WE,Towers with Radar,161,40,5,0,206,0,7,31,2,40,161,47,36,2,246,0,0,0,246
09/07/2012,ONT,CA,AWP,WE,Towers with Radar,152,40,10,2,204,0,6,18,1,25,152,46,28,3,229,6,0,6,235
09/08/2012,ONT,CA,AWP,WE,Towers with Radar,108,22,12,0,142,0,4,27,0,31,108,26,39,0,173,30,0,30,203
09/09/2012,ONT,CA,AWP,WE,Towers with Radar,125,12,8,0,145,0,0,28,0,28,125,12,36,0,173,14,0,14,187
09/10/2012,ONT,CA,AWP,WE,Towers with Radar,142,30,6,0,178,0,3,14,0,17,142,33,20,0,195,0,0,0,195
09/11/2012,ONT,CA,AWP,WE,Towers with Radar,165,44,18,0,227,0,4,13,1,18,165,48,31,1,245,0,0,0,245
09/12/2012,ONT,CA,AWP,WE,Towers with Radar,149,45,11,0,205,0,2,33,0,35,149,47,44,0,240,0,0,0,240
09/13/2012,ONT,CA,AWP,WE,Towers with Radar,165,42,13,0,220,0,6,42,0,48,165,48,55,0,268,18,0,18,286
09/14/2012,ONT,CA,AWP,WE,Towers with Radar,131,45,18,0,194,0,7,13,1,21,131,52,31,1,215,2,0,2,217
09/15/2012,ONT,CA,AWP,WE,Towers with Radar,100,23,24,4,151,0,4,21,1,26,100,27,45,5,177,0,0,0,177
09/16/2012,ONT,CA,AWP,WE,Towers with Radar,109,13,21,2,145,0,0,26,0,26,109,13,47,2,171,0,0,0,171
09/17/2012,ONT,CA,AWP,WE,Towers with Radar,133,30,7,0,170,0,2,18,0,20,133,32,25,0,190,0,0,0,190
09/18/2012,ONT,CA,AWP,WE,Towers with Radar,151,46,7,0,204,0,4,10,2,16,151,50,17,2,220,0,0,0,220
09/19/2012,ONT,CA,AWP,WE,Towers with Radar,154,42,14,0,210,0,5,51,2,58,154,47,65,2,268,0,0,0,268
09/20/2012,ONT,CA,AWP,WE,Towers with Radar,147,42,13,0,202,0,6,36,0,42,147,48,49,0,244,0,0,0,244
09/21/2012,ONT,CA,AWP,WE,Towers with Radar,142,48,18,0,208,0,4,31,0,35,142,52,49,0,243,30,0,30,273
09/22/2012,ONT,CA,AWP,WE,Towers with Radar,115,22,6,0,143,0,3,20,0,23,115,25,26,0,166,24,0,24,190
09/23/2012,ONT,CA,AWP,WE,Towers with Radar,110,10,1,0,121,0,0,11,0,11,110,10,12,0,132,6,0,6,138
09/24/2012,ONT,CA,AWP,WE,Towers with Radar,141,31,5,0,177,0,4,13,0,17,141,35,18,0,194,8,0,8,202
09/25/2012,ONT,CA,AWP,WE,Towers with Radar,162,46,7,0,215,0,6,32,0,38,162,52,39,0,253,6,0,6,259
09/26/2012,ONT,CA,AWP,WE,Towers with Radar,164,45,16,0,225,0,8,13,1,22,164,53,29,1,247,28,0,28,275
09/27/2012,ONT,CA,AWP,WE,Towers with Radar,169,34,13,0,216,0,7,15,0,22,169,41,28,0,238,0,0,0,238
09/28/2012,ONT,CA,AWP,WE,Towers with Radar,135,39,13,0,187,0,8,18,1,27,135,47,31,1,214,0,0,0,214
09/29/2012,ONT,CA,AWP,WE,Towers with Radar,105,23,4,0,132,0,8,32,0,40,105,31,36,0,172,0,0,0,172
09/30/2012,ONT,CA,AWP,WE,Towers with Radar,119,12,8,0,139,0,0,23,0,23,119,12,31,0,162,0,0,0,162
10/01/2012,ONT,CA,AWP,WE,Towers with Radar,153,34,14,0,201,0,1,12,0,13,153,35,26,0,214,24,0,24,238
10/02/2012,ONT,CA,AWP,WE,Towers with Radar,168,42,11,0,221,0,9,21,0,30,168,51,32,0,251,0,0,0,251
10/03/2012,ONT,CA,AWP,WE,Towers with Radar,175,39,24,0,238,0,6,24,0,30,175,45,48,0,268,0,0,0,268
10/04/2012,ONT,CA,AWP,WE,Towers with Radar,153,53,12,0,218,0,4,41,0,45,153,57,53,0,263,0,0,0,263
10/05/2012,ONT,CA,AWP,WE,Towers with Radar,126,49,25,0,200,0,2,37,0,39,126,51,62,0,239,0,0,0,239
10/06/2012,ONT,CA,AWP,WE,Towers with Radar,99,22,5,0,126,0,4,24,2,30,99,26,29,2,156,0,0,0,156
10/07/2012,ONT,CA,AWP,WE,Towers with Radar,118,10,12,0,140,0,0,3,0,3,118,10,15,0,143,0,0,0,143
10/08/2012,ONT,CA,AWP,WE,Towers with Radar,152,27,10,0,189,0,6,21,0,27,152,33,31,0,216,6,0,6,222
10/09/2012,ONT,CA,AWP,WE,Towers with Radar,153,43,12,0,208,0,2,21,0,23,153,45,33,0,231,0,0,0,231
10/10/2012,ONT,CA,AWP,WE,Towers with Radar,162,39,11,2,214,0,0,17,1,18,162,39,28,3,232,20,0,20,252
10/11/2012,ONT,CA,AWP,WE,Towers with Radar,150,37,6,4,197,0,5,29,0,34,150,42,35,4,231,0,0,0,231
10/12/2012,ONT,CA,AWP,WE,Towers with Radar,132,47,11,0,190,0,2,13,0,15,132,49,24,0,205,0,0,0,205
10/13/2012,ONT,CA,AWP,WE,Towers with Radar,110,22,15,0,147,0,3,16,0,19,110,25,31,0,166,24,0,24,190
10/14/2012,ONT,CA,AWP,WE,Towers with Radar,109,12,19,1,141,0,3,11,0,14,109,15,30,1,155,0,0,0,155
10/15/2012,ONT,CA,AWP,WE,Towers with Radar,146,30,15,2,193,0,2,14,0,16,146,32,29,2,209,0,0,0,209
10/16/2012,ONT,CA,AWP,WE,Towers with Radar,170,46,16,2,234,0,3,39,0,42,170,49,55,2,276,0,0,0,276
10/17/2012,ONT,CA,AWP,WE,Towers with Radar,164,43,13,0,220,0,3,22,0,25,164,46,35,0,245,0,0,0,245
10/18/2012,ONT,CA,AWP,WE,Towers with Radar,161,41,13,0,215,0,5,23,0,28,161,46,36,0,243,0,0,0,243
10/19/2012,ONT,CA,AWP,WE,Towers with Radar,135,39,13,0,187,0,3,28,1,32,135,42,41,1,219,2,0,2,221
10/20/2012,ONT,CA,AWP,WE,Towers with Radar,97,26,10,0,133,0,0,8,1,9,97,26,18,1,142,0,0,0,142
10/21/2012,ONT,CA,AWP,WE,Towers with Radar,121,8,6,0,135,0,0,6,0,6,121,8,12,0,141,0,0,0,141
10/22/2012,ONT,CA,AWP,WE,Towers with Radar,133,30,10,0,173,0,1,9,0,10,133,31,19,0,183,0,0,0,183
10/23/2012,ONT,CA,AWP,WE,Towers with Radar,159,47,12,0,218,0,2,25,1,28,159,49,37,1,246,0,0,0,246
10/24/2012,ONT,CA,AWP,WE,Towers with Radar,159,40,9,0,208,0,0,19,0,19,159,40,28,0,227,20,0,20,247
10/25/2012,ONT,CA,AWP,WE,Towers with Radar,165,34,5,0,204,0,5,43,2,50,165,39,48,2,254,8,0,8,262
10/26/2012,ONT,CA,AWP,WE,Towers with Radar,124,41,10,0,175,0,4,27,0,31,124,45,37,0,206,52,0,52,258
10/27/2012,ONT,CA,AWP,WE,Towers with Radar,108,24,9,0,141,0,3,26,0,29,108,27,35,0,170,22,0,22,192
10/28/2012,ONT,CA,AWP,WE,Towers with Radar,113,11,15,0,139,0,0,21,0,21,113,11,36,0,160,24,0,24,184
10/29/2012,ONT,CA,AWP,WE,Towers with Radar,162,37,17,0,216,0,1,22,0,23,162,38,39,0,239,4,0,4,243
10/30/2012,ONT,CA,AWP,WE,Towers with Radar,165,44,22,1,232,0,5,51,0,56,165,49,73,1,288,100,0,100,388
10/31/2012,ONT,CA,AWP,WE,Towers with Radar,146,36,6,0,188,0,0,25,0,25,146,36,31,0,213,15,0,15,228
11/01/2012,ONT,CA,AWP,WE,Towers with Radar,181,51,32,0,264,0,2,31,0,33,181,53,63,0,297,0,0,0,297
11/02/2012,ONT,CA,AWP,WE,Towers with Radar,136,45,22,0,203,0,2,16,0,18,136,47,38,0,221,0,0,0,221
11/03/2012,ONT,CA,AWP,WE,Towers with Radar,110,23,7,0,140,0,4,12,2,18,110,27,19,2,158,0,0,0,158
11/04/2012,ONT,CA,AWP,WE,Towers with Radar,125,16,7,1,149,0,0,8,1,9,125,16,15,2,158,0,0,0,158
11/05/2012,ONT,CA,AWP,WE,Towers with Radar,140,37,4,0,181,0,0,20,0,20,140,37,24,0,201,0,0,0,201
11/06/2012,ONT,CA,AWP,WE,Towers with Radar,170,43,14,0,227,0,4,18,3,25,170,47,32,3,252,2,0,2,254
11/07/2012,ONT,CA,AWP,WE,Towers with Radar,170,56,10,0,236,0,2,16,0,18,170,58,26,0,254,22,0,22,276
11/08/2012,ONT,CA,AWP,WE,Towers with Radar,160,50,22,3,235,0,0,13,0,13,160,50,35,3,248,0,0,0,248
11/09/2012,ONT,CA,AWP,WE,Towers with Radar,135,51,7,2,195,0,5,34,0,39,135,56,41,2,234,45,0,45,279
11/10/2012,ONT,CA,AWP,WE,Towers with Radar,104,27,10,1,142,0,3,2,0,5,104,30,12,1,147,0,0,0,147
11/11/2012,ONT,CA,AWP,WE,Towers with Radar,102,20,8,0,130,0,3,11,0,14,102,23,19,0,144,14,0,14,158
11/12/2012,ONT,CA,AWP,WE,Towers with Radar,142,34,21,0,197,0,2,10,0,12,142,36,31,0,209,8,0,8,217
11/13/2012,ONT,CA,AWP,WE,Towers with Radar,159,43,20,0,222,0,2,28,0,30,159,45,48,0,252,12,0,12,264
11/14/2012,ONT,CA,AWP,WE,Towers with Radar,159,43,24,0,226,0,5,24,0,29,159,48,48,0,255,0,0,0,255
11/15/2012,ONT,CA,AWP,WE,Towers with Radar,152,43,21,0,216,0,2,31,0,33,152,45,52,0,249,2,0,2,251
11/16/2012,ONT,CA,AWP,WE,Towers with Radar,137,55,14,2,208,0,7,16,0,23,137,62,30,2,231,20,0,20,251
11/17/2012,ONT,CA,AWP,WE,Towers with Radar,107,33,11,0,151,0,0,11,0,11,107,33,22,0,162,0,0,0,162
11/18/2012,ONT,CA,AWP,WE,Towers with Radar,116,14,19,0,149,0,0,10,1,11,116,14,29,1,160,0,0,0,160
11/19/2012,ONT,CA,AWP,WE,Towers with Radar,141,31,9,0,181,0,3,24,1,28,141,34,33,1,209,10,0,10,219
11/20/2012,ONT,CA,AWP,WE,Towers with Radar,185,50,14,0,249,0,2,27,0,29,185,52,41,0,278,16,0,16,294
11/21/2012,ONT,CA,AWP,WE,Towers with Radar,172,50,11,0,233,0,2,25,0,27,172,52,36,0,260,62,0,62,322
11/22/2012,ONT,CA,AWP,WE,Towers with Radar,90,10,5,0,105,0,4,14,0,18,90,14,19,0,123,10,0,10,133
11/23/2012,ONT,CA,AWP,WE,Towers with Radar,133,47,7,0,187,0,5,19,0,24,133,52,26,0,211,0,0,0,211
11/24/2012,ONT,CA,AWP,WE,Towers with Radar,116,29,6,2,153,0,6,21,0,27,116,35,27,2,180,16,0,16,196
11/25/2012,ONT,CA,AWP,WE,Towers with Radar,136,15,6,0,157,0,2,5,0,7,136,17,11,0,164,2,0,2,166
11/26/2012,ONT,CA,AWP,WE,Towers with Radar,152,36,14,0,202,0,0,17,0,17,152,36,31,0,219,76,0,76,295
11/27/2012,ONT,CA,AWP,WE,Towers with Radar,181,58,8,0,247,0,9,19,0,28,181,67,27,0,275,2,0,2,277
11/28/2012,ONT,CA,AWP,WE,Towers with Radar,164,46,17,0,227,0,0,21,2,23,164,46,38,2,250,0,0,0,250
11/29/2012,ONT,CA,AWP,WE,Towers with Radar,175,49,16,2,242,0,0,9,0,9,175,49,25,2,251,0,0,0,251
11/30/2012,ONT,CA,AWP,WE,Towers with Radar,142,49,7,0,198,0,0,1,0,1,142,49,8,0,199,0,0,0,199
12/01/2012,ONT,CA,AWP,WE,Towers with Radar,100,29,11,1,141,0,0,9,0,9,100,29,20,1,150,20,0,20,170
12/02/2012,ONT,CA,AWP,WE,Towers with Radar,121,11,15,0,147,0,0,4,0,4,121,11,19,0,151,0,0,0,151
12/03/2012,ONT,CA,AWP,WE,Towers with Radar,145,42,17,4,208,0,1,10,0,11,145,43,27,4,219,0,0,0,219
12/04/2012,ONT,CA,AWP,WE,Towers with Radar,182,51,17,2,252,0,10,35,0,45,182,61,52,2,297,12,0,12,309
12/05/2012,ONT,CA,AWP,WE,Towers with Radar,175,51,19,0,245,0,4,37,0,41,175,55,56,0,286,14,0,14,300
12/06/2012,ONT,CA,AWP,WE,Towers with Radar,172,50,24,0,246,0,3,20,0,23,172,53,44,0,269,6,0,6,275
12/07/2012,ONT,CA,AWP,WE,Towers with Radar,149,53,18,0,220,0,4,32,0,36,149,57,50,0,256,0,0,0,256
12/08/2012,ONT,CA,AWP,WE,Towers with Radar,106,30,6,0,142,0,6,13,0,19,106,36,19,0,161,27,0,27,188
12/09/2012,ONT,CA,AWP,WE,Towers with Radar,119,13,9,0,141,0,5,22,0,27,119,18,31,0,168,10,0,10,178
12/10/2012,ONT,CA,AWP,WE,Towers with Radar,145,37,10,1,193,0,0,22,0,22,145,37,32,1,215,10,0,10,225
12/11/2012,ONT,CA,AWP,WE,Towers with Radar,181,45,22,2,250,0,11,16,0,27,181,56,38,2,277,12,0,12,289
12/12/2012,ONT,CA,AWP,WE,Towers with Radar,178,51,16,0,245,0,2,9,0,11,178,53,25,0,256,0,0,0,256
12/13/2012,ONT,CA,AWP,WE,Towers with Radar,159,49,11,2,221,0,1,8,0,9,159,50,19,2,230,30,0,30,260
12/14/2012,ONT,CA,AWP,WE,Towers with Radar,135,49,10,0,194,0,4,18,0,22,135,53,28,0,216,0,0,0,216
12/15/2012,ONT,CA,AWP,WE,Towers with Radar,114,25,8,0,147,0,4,9,0,13,114,29,17,0,160,2,0,2,162
12/16/2012,ONT,CA,AWP,WE,Towers with Radar,120,10,10,0,140,0,0,2,1,3,120,10,12,1,143,0,0,0,143
12/17/2012,ONT,CA,AWP,WE,Towers with Radar,149,53,15,0,217,0,0,4,0,4,149,53,19,0,221,0,0,0,221
12/18/2012,ONT,CA,AWP,WE,Towers with Radar,206,51,13,0,270,0,1,4,0,5,206,52,17,0,275,4,0,4,279
12/19/2012,ONT,CA,AWP,WE,Towers with Radar,203,46,8,0,257,0,6,21,1,28,203,52,29,1,285,32,0,32,317
12/20/2012,ONT,CA,AWP,WE,Towers with Radar,187,51,4,1,243,0,9,24,2,35,187,60,28,3,278,20,0,20,298
12/21/2012,ONT,CA,AWP,WE,Towers with Radar,160,56,15,0,231,0,14,26,2,42,160,70,41,2,273,0,0,0,273
12/22/2012,ONT,CA,AWP,WE,Towers with Radar,160,37,10,6,213,0,8,21,1,30,160,45,31,7,243,18,0,18,261
12/23/2012,ONT,CA,AWP,WE,Towers with Radar,146,11,8,0,165,0,0,5,0,5,146,11,13,0,170,0,0,0,170
12/24/2012,ONT,CA,AWP,WE,Towers with Radar,101,42,11,2,156,0,1,0,0,1,101,43,11,2,157,0,0,0,157
12/25/2012,ONT,CA,AWP,WE,Towers with Radar,83,12,5,0,100,0,0,6,3,9,83,12,11,3,109,0,0,0,109
12/26/2012,ONT,CA,AWP,WE,Towers with Radar,139,49,14,0,202,0,1,4,0,5,139,50,18,0,207,0,0,0,207
12/27/2012,ONT,CA,AWP,WE,Towers with Radar,165,51,8,0,224,0,0,19,2,21,165,51,27,2,245,8,0,8,253
12/28/2012,ONT,CA,AWP,WE,Towers with Radar,130,50,12,0,192,0,4,13,1,18,130,54,25,1,210,7,0,7,217
12/29/2012,ONT,CA,AWP,WE,Towers with Radar,103,27,3,1,134,0,2,6,1,9,103,29,9,2,143,0,0,0,143
12/30/2012,ONT,CA,AWP,WE,Towers with Radar,128,16,12,1,157,0,2,12,1,15,128,18,24,2,172,0,0,0,172
12/31/2012,ONT,CA,AWP,WE,Towers with Radar,116,29,2,1,148,0,2,12,0,14,116,31,14,1,162,2,0,2,164
01/01/2013,ONT,CA,AWP,WE,Towers with Radar,88,14,10,0,112,0,0,11,1,12,88,14,21,1,124,6,0,6,130
01/02/2013,ONT,CA,AWP,WE,Towers with Radar,133,40,12,2,187,0,6,11,0,17,133,46,23,2,204,20,0,20,224
01/03/2013,ONT,CA,AWP,WE,Towers with Radar,165,47,11,0,223,0,10,19,1,30,165,57,30,1,253,0,0,0,253
01/04/2013,ONT,CA,AWP,WE,Towers with Radar,120,40,9,0,169,0,6,9,3,18,120,46,18,3,187,0,0,0,187
01/05/2013,ONT,CA,AWP,WE,Towers with Radar,99,23,16,0,138,0,6,24,2,32,99,29,40,2,170,0,0,0,170
01/06/2013,ONT,CA,AWP,WE,Towers with Radar,114,17,5,0,136,0,0,4,2,6,114,17,9,2,142,0,0,0,142
01/07/2013,ONT,CA,AWP,WE,Towers with Radar,137,35,10,1,183,0,3,5,3,11,137,38,15,4,194,10,0,10,204
01/08/2013,ONT,CA,AWP,WE,Towers with Radar,151,41,15,0,207,0,4,25,2,31,151,45,40,2,238,4,0,4,242
01/09/2013,ONT,CA,AWP,WE,Towers with Radar,144,53,14,0,211,0,9,13,0,22,144,62,27,0,233,8,0,8,241
01/10/2013,ONT,CA,AWP,WE,Towers with Radar,151,48,13,0,212,0,1,11,0,12,151,49,24,0,224,0,0,0,224
01/11/2013,ONT,CA,AWP,WE,Towers with Radar,143,41,10,0,194,0,6,13,0,19,143,47,23,0,213,0,0,0,213
01/12/2013,ONT,CA,AWP,WE,Towers with Radar,98,23,4,0,125,0,10,19,0,29,98,33,23,0,154,0,0,0,154
01/13/2013,ONT,CA,AWP,WE,Towers with Radar,106,20,1,0,127,0,3,22,3,28,106,23,23,3,155,0,0,0,155
01/14/2013,ONT,CA,AWP,WE,Towers with Radar,145,34,7,0,186,0,0,9,1,10,145,34,16,1,196,32,0,32,228
01/15/2013,ONT,CA,AWP,WE,Towers with Radar,160,43,6,0,209,0,11,10,1,22,160,54,16,1,231,0,0,0,231
01/16/2013,ONT,CA,AWP,WE,Towers with Radar,160,39,17,0,216,0,4,12,1,17,160,43,29,1,233,0,0,0,233
01/17/2013,ONT,CA,AWP,WE,Towers with Radar,160,46,10,2,218,0,3,20,2,25,160,49,30,4,243,10,0,10,253
01/18/2013,ONT,CA,AWP,WE,Towers with Radar,153,42,10,1,206,0,8,19,0,27,153,50,29,1,233,4,0,4,237
01/19/2013,ONT,CA,AWP,WE,Towers with Radar,95,19,8,0,122,0,8,18,0,26,95,27,26,0,148,10,0,10,158
01/20/2013,ONT,CA,AWP,WE,Towers with Radar,102,11,5,0,118,0,2,10,0,12,102,13,15,0,130,8,0,8,138
01/21/2013,ONT,CA,AWP,WE,Towers with Radar,141,35,10,0,186,0,4,15,2,21,141,39,25,2,207,18,0,18,225
01/22/2013,ONT,CA,AWP,WE,Towers with Radar,156,45,7,0,208,0,6,20,2,28,156,51,27,2,236,4,0,4,240
01/23/2013,ONT,CA,AWP,WE,Towers with Radar,174,50,18,0,242,0,9,20,0,29,174,59,38,0,271,1,0,1,272
01/24/2013,ONT,CA,AWP,WE,Towers with Radar,150,45,22,0,217,0,0,7,0,7,150,45,29,0,224,18,0,18,242
01/25/2013,ONT,CA,AWP,WE,Towers with Radar,132,45,13,0,190,0,5,6,1,12,132,50,19,1,202,0,0,0,202
01/26/2013,ONT,CA,AWP,WE,Towers with Radar,102,42,6,0,150,0,0,4,0,4,102,42,10,0,154,0,0,0,154
01/27/2013,ONT,CA,AWP,WE,Towers with Radar,122,21,9,0,152,0,0,3,0,3,122,21,12,0,155,0,0,0,155
01/28/2013,ONT,CA,AWP,WE,Towers with Radar,151,37,6,0,194,0,2,10,1,13,151,39,16,1,207,12,0,12,219
01/29/2013,ONT,CA,AWP,WE,Towers with Radar,172,54,7,0,233,0,6,5,0,11,172,60,12,0,244,2,0,2,246
01/30/2013,ONT,CA,AWP,WE,Towers with Radar,155,52,13,0,220,0,6,29,6,41,155,58,42,6,261,0,0,0,261
01/31/2013,ONT,CA,AWP,WE,Towers with Radar,159,42,7,0,208,0,11,37,0,48,159,53,44,0,256,0,0,0,256
02/01/2013,ONT,CA,AWP,WE,Towers with Radar,140,44,10,2,196,0,6,26,0,32,140,50,36,2,228,6,0,6,234
02/02/2013,ONT,CA,AWP,WE,Towers with Radar,94,23,10,3,130,0,5,13,1,19,94,28,23,4,149,0,0,0,149
02/03/2013,ONT,CA,AWP,WE,Towers with Radar,100,12,9,0,121,0,2,20,2,24,100,14,29,2,145,0,0,0,145
02/04/2013,ONT,CA,AWP,WE,Towers with Radar,150,48,11,0,209,0,6,22,2,30,150,54,33,2,239,9,0,9,248
02/05/2013,ONT,CA,AWP,WE,Towers with Radar,161,45,12,2,220,0,2,3,0,5,161,47,15,2,225,0,0,0,225
02/06/2013,ONT,CA,AWP,WE,Towers with Radar,153,52,9,0,214,0,1,20,0,21,153,53,29,0,235,22,0,22,257
02/07/2013,ONT,CA,AWP,WE,Towers with Radar,160,46,31,2,239,0,2,46,3,51,160,48,77,5,290,0,0,0,290
02/08/2013,ONT,CA,AWP,WE,Towers with Radar,141,48,15,0,204,0,1,9,0,10,141,49,24,0,214,0,0,0,214
02/09/2013,ONT,CA,AWP,WE,Towers with Radar,100,26,17,0,143,0,7,26,0,33,100,33,43,0,176,18,0,18,194
02/10/2013,ONT,CA,AWP,WE,Towers with Radar,105,16,14,0,135,0,3,22,0,25,105,19,36,0,160,0,0,0,160
02/11/2013,ONT,CA,AWP,WE,Towers with Radar,145,34,11,0,190,0,4,11,0,15,145,38,22,0,205,0,0,0,205
02/12/2013,ONT,CA,AWP,WE,Towers with Radar,164,46,20,2,232,0,9,29,0,38,164,55,49,2,270,40,2,42,312
02/13/2013,ONT,CA,AWP,WE,Towers with Radar,176,44,12,0,232,0,1,16,0,17,176,45,28,0,249,0,0,0,249
02/14/2013,ONT,CA,AWP,WE,Towers with Radar,152,44,18,1,215,0,6,17,0,23,152,50,35,1,238,6,0,6,244
02/15/2013,ONT,CA,AWP,WE,Towers with Radar,133,43,15,0,191,0,10,15,1,26,133,53,30,1,217,0,0,0,217
02/16/2013,ONT,CA,AWP,WE,Towers with Radar,116,28,16,1,161,0,16,22,1,39,116,44,38,2,200,0,0,0,200
02/17/2013,ONT,CA,AWP,WE,Towers with Radar,112,16,8,1,137,0,4,13,1,18,112,20,21,2,155,16,0,16,171
02/18/2013,ONT,CA,AWP,WE,Towers with Radar,150,42,22,0,214,0,0,11,0,11,150,42,33,0,225,6,0,6,231
02/19/2013,ONT,CA,AWP,WE,Towers with Radar,177,47,18,2,244,0,1,9,0,10,177,48,27,2,254,6,0,6,260
02/20/2013,ONT,CA,AWP,WE,Towers with Radar,171,43,13,0,227,0,1,16,0,17,171,44,29,0,244,8,0,8,252
02/21/2013,ONT,CA,AWP,WE,Towers with Radar,154,44,18,2,218,0,6,17,0,23,154,50,35,2,241,0,0,0,241
02/22/2013,ONT,CA,AWP,WE,Towers with Radar,141,41,4,2,188,0,9,34,0,43,141,50,38,2,231,0,0,0,231
02/23/2013,ONT,CA,AWP,WE,Towers with Radar,103,22,9,0,134,0,10,20,3,33,103,32,29,3,167,6,0,6,173
02/24/2013,ONT,CA,AWP,WE,Towers with Radar,108,18,5,1,132,0,1,5,0,6,108,19,10,1,138,0,0,0,138
02/25/2013,ONT,CA,AWP,WE,Towers with Radar,136,36,10,2,184,0,2,16,1,19,136,38,26,3,203,0,0,0,203
02/26/2013,ONT,CA,AWP,WE,Towers with Radar,160,50,16,0,226,0,4,34,2,40,160,54,50,2,266,18,2,20,286
02/27/2013,ONT,CA,AWP,WE,Towers with Radar,154,38,9,0,201,0,4,14,2,20,154,42,23,2,221,12,0,12,233
02/28/2013,ONT,CA,AWP,WE,Towers with Radar,186,41,18,0,245,0,8,44,0,52,186,49,62,0,297,12,0,12,309
03/01/2013,ONT,CA,AWP,WE,Towers with Radar,146,43,18,0,207,0,11,28,0,39,146,54,46,0,246,8,0,8,254
03/02/2013,ONT,CA,AWP,WE,Towers with Radar,121,27,2,0,150,0,15,7,2,24,121,42,9,2,174,10,0,10,184
03/03/2013,ONT,CA,AWP,WE,Towers with Radar,118,19,7,0,144,0,0,11,0,11,118,19,18,0,155,0,0,0,155
03/04/2013,ONT,CA,AWP,WE,Towers with Radar,131,42,21,0,194,0,4,8,0,12,131,46,29,0,206,2,0,2,208
03/05/2013,ONT,CA,AWP,WE,Towers with Radar,155,55,14,2,226,0,3,14,0,17,155,58,28,2,243,0,0,0,243
03/06/2013,ONT,CA,AWP,WE,Towers with Radar,190,50,17,4,261,0,1,19,0,20,190,51,36,4,281,30,0,30,311
03/07/2013,ONT,CA,AWP,WE,Towers with Radar,164,50,19,0,233,0,1,27,0,28,164,51,46,0,261,30,0,30,291
03/08/2013,ONT,CA,AWP,WE,Towers with Radar,200,57,18,0,275,0,1,3,0,4,200,58,21,0,279,0,0,0,279
03/09/2013,ONT,CA,AWP,WE,Towers with Radar,106,38,10,0,154,0,3,14,0,17,106,41,24,0,171,0,0,0,171
03/10/2013,ONT,CA,AWP,WE,Towers with Radar,107,22,13,0,142,0,2,20,0,22,107,24,33,0,164,0,0,0,164
03/11/2013,ONT,CA,AWP,WE,Towers with Radar,134,36,8,0,178,0,7,23,0,30,134,43,31,0,208,8,0,8,216
03/12/2013,ONT,CA,AWP,WE,Towers with Radar,173,41,16,0,230,0,9,52,0,61,173,50,68,0,291,10,0,10,301
03/13/2013,ONT,CA,AWP,WE,Towers with Radar,182,44,19,0,245,1,8,42,0,51,183,52,61,0,296,32,0,32,328
03/14/2013,ONT,CA,AWP,WE,Towers with Radar,172,44,18,0,234,0,9,29,0,38,172,53,47,0,272,8,0,8,280
03/15/2013,ONT,CA,AWP,WE,Towers with Radar,146,51,16,1,214,0,9,41,1,51,146,60,57,2,265,1,0,1,266
03/16/2013,ONT,CA,AWP,WE,Towers with Radar,116,40,7,0,163,0,0,20,0,20,116,40,27,0,183,0,0,0,183
03/17/2013,ONT,CA,AWP,WE,Towers with Radar,123,11,8,0,142,0,4,16,0,20,123,15,24,0,162,24,0,24,186
03/18/2013,ONT,CA,AWP,WE,Towers with Radar,134,39,15,0,188,0,3,10,0,13,134,42,25,0,201,18,0,18,219
03/19/2013,ONT,CA,AWP,WE,Towers with Radar,156,48,30,0,234,0,1,6,0,7,156,49,36,0,241,0,0,0,241
03/20/2013,ONT,CA,AWP,WE,Towers with Radar,162,41,22,0,225,0,5,7,0,12,162,46,29,0,237,0,0,0,237
03/21/2013,ONT,CA,AWP,WE,Towers with Radar,166,44,40,0,250,0,9,27,0,36,166,53,67,0,286,0,0,0,286
03/22/2013,ONT,CA,AWP,WE,Towers with Radar,146,47,29,3,225,0,4,7,0,11,146,51,36,3,236,6,0,6,242
03/23/2013,ONT,CA,AWP,WE,Towers with Radar,111,28,15,0,154,0,13,16,0,29,111,41,31,0,183,6,0,6,189
03/24/2013,ONT,CA,AWP,WE,Towers with Radar,116,15,53,1,185,0,2,49,0,51,116,17,102,1,236,26,0,26,262
03/25/2013,ONT,CA,AWP,WE,Towers with Radar,148,47,13,0,208,0,4,22,0,26,148,51,35,0,234,0,0,0,234
03/26/2013,ONT,CA,AWP,WE,Towers with Radar,162,45,16,2,225,0,2,26,0,28,162,47,42,2,253,12,0,12,265
03/27/2013,ONT,CA,AWP,WE,Towers with Radar,162,43,23,0,228,0,4,8,0,12,162,47,31,0,240,44,0,44,284
03/28/2013,ONT,CA,AWP,WE,Towers with Radar,162,50,17,0,229,0,3,12,0,15,162,53,29,0,244,0,0,0,244
03/29/2013,ONT,CA,AWP,WE,Towers with Radar,145,40,12,0,197,0,4,26,0,30,145,44,38,0,227,6,0,6,233
03/30/2013,ONT,CA,AWP,WE,Towers with Radar,110,31,6,0,147,0,2,20,0,22,110,33,26,0,169,8,0,8,177
03/31/2013,ONT,CA,AWP,WE,Towers with Radar,118,15,7,2,142,0,1,10,0,11,118,16,17,2,153,0,0,0,153
04/01/2013,ONT,CA,AWP,WE,Towers with Radar,135,37,16,0,188,0,1,12,0,13,135,38,28,0,201,54,0,54,255
04/02/2013,ONT,CA,AWP,WE,Towers with Radar,168,44,9,1,222,0,5,13,0,18,168,49,22,1,240,35,0,35,275
04/03/2013,ONT,CA,AWP,WE,Towers with Radar,162,42,13,0,217,0,3,34,0,37,162,45,47,0,254,82,0,82,336
04/04/2013,ONT,CA,AWP,WE,Towers with Radar,166,47,16,0,229,0,5,24,0,29,166,52,40,0,258,14,0,14,272
04/05/2013,ONT,CA,AWP,WE,Towers with Radar,149,52,12,0,213,0,4,5,0,9,149,56,17,0,222,2,0,2,224
04/06/2013,ONT,CA,AWP,WE,Towers with Radar,108,32,8,0,148,0,0,11,0,11,108,32,19,0,159,20,0,20,179
04/07/2013,ONT,CA,AWP,WE,Towers with Radar,116,22,11,0,149,0,1,6,0,7,116,23,17,0,156,38,0,38,194
04/08/2013,ONT,CA,AWP,WE,Towers with Radar,131,41,11,0,183,0,1,2,0,3,131,42,13,0,186,2,0,2,188
04/09/2013,ONT,CA,AWP,WE,Towers with Radar,160,45,10,0,215,0,6,24,2,32,160,51,34,2,247,18,0,18,265
04/10/2013,ONT,CA,AWP,WE,Towers with Radar,156,44,17,0,217,0,2,26,0,28,156,46,43,0,245,76,0,76,321
04/11/2013,ONT,CA,AWP,WE,Towers with Radar,160,50,13,0,223,0,4,33,0,37,160,54,46,0,260,0,0,0,260
04/12/2013,ONT,CA,AWP,WE,Towers with Radar,138,49,20,0,207,0,5,21,0,26,138,54,41,0,233,10,0,10,243
04/13/2013,ONT,CA,AWP,WE,Towers with Radar,104,30,7,0,141,0,0,5,0,5,104,30,12,0,146,0,0,0,146
04/14/2013,ONT,CA,AWP,WE,Towers with Radar,113,22,16,0,151,0,0,9,0,9,113,22,25,0,160,6,0,6,166
04/15/2013,ONT,CA,AWP,WE,Towers with Radar,137,40,14,0,191,0,0,8,0,8,137,40,22,0,199,30,0,30,229
04/16/2013,ONT,CA,AWP,WE,Towers with Radar,158,49,15,0,222,0,3,13,0,16,158,52,28,0,238,10,0,10,248
04/17/2013,ONT,CA,AWP,WE,Towers with Radar,156,45,12,2,215,0,2,13,1,16,156,47,25,3,231,6,0,6,237
04/18/2013,ONT,CA,AWP,WE,Towers with Radar,169,46,10,0,225,0,3,18,0,21,169,49,28,0,246,2,0,2,248
04/19/2013,ONT,CA,AWP,WE,Towers with Radar,144,43,23,0,210,0,7,19,0,26,144,50,42,0,236,22,0,22,258
04/20/2013,ONT,CA,AWP,WE,Towers with Radar,93,25,3,0,121,0,5,17,0,22,93,30,20,0,143,2,0,2,145
04/21/2013,ONT,CA,AWP,WE,Towers with Radar,113,21,8,0,142,0,0,10,0,10,113,21,18,0,152,8,0,8,160
04/22/2013,ONT,CA,AWP,WE,Towers with Radar,135,37,10,0,182,0,2,10,0,12,135,39,20,0,194,10,0,10,204
04/23/2013,ONT,CA,AWP,WE,Towers with Radar,159,50,15,0,224,0,3,15,0,18,159,53,30,0,242,6,0,6,248
04/24/2013,ONT,CA,AWP,WE,Towers with Radar,166,45,13,0,224,0,0,6,0,6,166,45,19,0,230,12,0,12,242
04/25/2013,ONT,CA,AWP,WE,Towers with Radar,162,44,14,0,220,0,3,17,0,20,162,47,31,0,240,17,0,17,257
04/26/2013,ONT,CA,AWP,WE,Towers with Radar,136,44,12,0,192,0,3,21,0,24,136,47,33,0,216,10,0,10,226
04/27/2013,ONT,CA,AWP,WE,Towers with Radar,105,27,6,0,138,0,6,10,0,16,105,33,16,0,154,0,0,0,154
04/28/2013,ONT,CA,AWP,WE,Towers with Radar,117,15,7,0,139,0,0,8,0,8,117,15,15,0,147,0,0,0,147
04/29/2013,ONT,CA,AWP,WE,Towers with Radar,144,39,17,0,200,0,2,13,0,15,144,41,30,0,215,30,0,30,245
04/30/2013,ONT,CA,AWP,WE,Towers with Radar,160,48,21,0,229,0,1,16,2,19,160,49,37,2,248,14,0,14,262
05/01/2013,ONT,CA,AWP,WE,Towers with Radar,159,43,17,0,219,0,7,7,0,14,159,50,24,0,233,0,0,0,233
05/02/2013,ONT,CA,AWP,WE,Towers with Radar,153,42,6,0,201,0,3,25,0,28,153,45,31,0,229,24,0,24,253
05/03/2013,ONT,CA,AWP,WE,Towers with Radar,142,45,9,0,196,0,4,34,0,38,142,49,43,0,234,0,0,0,234
05/04/2013,ONT,CA,AWP,WE,Towers with Radar,94,25,9,0,128,0,5,16,0,21,94,30,25,0,149,6,0,6,155
05/05/2013,ONT,CA,AWP,WE,Towers with Radar,114,22,11,0,147,0,0,5,0,5,114,22,16,0,152,4,0,4,156
05/06/2013,ONT,CA,AWP,WE,Towers with Radar,140,42,18,0,200,0,2,4,0,6,140,44,22,0,206,0,0,0,206
05/07/2013,ONT,CA,AWP,WE,Towers with Radar,154,51,13,0,218,0,1,7,0,8,154,52,20,0,226,2,0,2,228
05/08/2013,ONT,CA,AWP,WE,Towers with Radar,159,46,15,2,222,0,5,10,1,16,159,51,25,3,238,16,0,16,254
05/09/2013,ONT,CA,AWP,WE,Towers with Radar,162,56,24,0,242,0,3,17,0,20,162,59,41,0,262,0,0,0,262
05/10/2013,ONT,CA,AWP,WE,Towers with Radar,146,50,11,0,207,0,5,25,0,30,146,55,36,0,237,28,0,28,265
05/11/2013,ONT,CA,AWP,WE,Towers with Radar,99,30,8,0,137,0,7,22,0,29,99,37,30,0,166,16,0,16,182
05/12/2013,ONT,CA,AWP,WE,Towers with Radar,105,22,8,0,135,0,4,8,0,12,105,26,16,0,147,0,0,0,147
05/13/2013,ONT,CA,AWP,WE,Towers with Radar,134,39,18,0,191,0,8,18,0,26,134,47,36,0,217,2,0,2,219
05/14/2013,ONT,CA,AWP,WE,Towers with Radar,156,54,11,0,221,0,6,26,0,32,156,60,37,0,253,24,0,24,277
05/15/2013,ONT,CA,AWP,WE,Towers with Radar,158,49,18,0,225,0,5,40,0,45,158,54,58,0,270,10,0,10,280
05/16/2013,ONT,CA,AWP,WE,Towers with Radar,246,59,26,2,333,0,3,17,0,20,246,62,43,2,353,0,0,0,353
05/17/2013,ONT,CA,AWP,WE,Towers with Radar,142,58,29,0,229,0,0,15,2,17,142,58,44,2,246,8,0,8,254
05/18/2013,ONT,CA,AWP,WE,Towers with Radar,94,33,8,0,135,0,1,22,0,23,94,34,30,0,158,4,0,4,162
05/19/2013,ONT,CA,AWP,WE,Towers with Radar,111,17,11,0,139,0,0,11,0,11,111,17,22,0,150,4,0,4,154
05/20/2013,ONT,CA,AWP,WE,Towers with Radar,138,34,21,0,193,0,8,19,0,27,138,42,40,0,220,10,0,10,230
05/21/2013,ONT,CA,AWP,WE,Towers with Radar,154,44,13,0,211,0,3,25,0,28,154,47,38,0,239,30,0,30,269
05/22/2013,ONT,CA,AWP,WE,Towers with Radar,165,52,15,2,234,0,2,21,0,23,165,54,36,2,257,22,0,22,279
05/23/2013,ONT,CA,AWP,WE,Towers with Radar,164,48,18,0,230,0,2,16,0,18,164,50,34,0,248,7,0,7,255
05/24/2013,ONT,CA,AWP,WE,Towers with Radar,141,47,21,0,209,0,2,30,0,32,141,49,51,0,241,10,0,10,251
05/25/2013,ONT,CA,AWP,WE,Towers with Radar,88,31,8,0,127,0,2,11,0,13,88,33,19,0,140,0,0,0,140
05/26/2013,ONT,CA,AWP,WE,Towers with Radar,82,20,8,0,110,0,0,4,0,4,82,20,12,0,114,6,0,6,120
05/27/2013,ONT,CA,AWP,WE,Towers with Radar,107,21,21,0,149,0,1,6,0,7,107,22,27,0,156,8,0,8,164
05/28/2013,ONT,CA,AWP,WE,Towers with Radar,138,35,16,0,189,0,4,13,0,17,138,39,29,0,206,10,0,10,216
05/29/2013,ONT,CA,AWP,WE,Towers with Radar,161,49,21,0,231,0,4,21,0,25,161,53,42,0,256,7,0,7,263
05/30/2013,ONT,CA,AWP,WE,Towers with Radar,162,51,11,0,224,0,2,29,0,31,162,53,40,0,255,0,0,0,255
05/31/2013,ONT,CA,AWP,WE,Towers with Radar,136,47,4,2,189,0,1,18,0,19,136,48,22,2,208,19,0,19,227
06/01/2013,ONT,CA,AWP,WE,Towers with Radar,98,29,4,0,131,0,4,7,0,11,98,33,11,0,142,6,0,6,148
06/02/2013,ONT,CA,AWP,WE,Towers with Radar,109,21,7,0,137,1,0,5,0,6,110,21,12,0,143,14,0,14,157
06/03/2013,ONT,CA,AWP,WE,Towers with Radar,144,41,17,2,204,0,3,14,0,17,144,44,31,2,221,0,0,0,221
06/04/2013,ONT,CA,AWP,WE,Towers with Radar,158,44,18,0,220,0,2,9,0,11,158,46,27,0,231,5,0,5,236
06/05/2013,ONT,CA,AWP,WE,Towers with Radar,163,56,23,0,242,0,2,18,0,20,163,58,41,0,262,84,0,84,346
06/06/2013,ONT,CA,AWP,WE,Towers with Radar,172,49,18,0,239,0,2,37,1,40,172,51,55,1,279,0,0,0,279
06/07/2013,ONT,CA,AWP,WE,Towers with Radar,154,51,19,0,224,0,1,37,0,38,154,52,56,0,262,42,0,42,304
06/08/2013,ONT,CA,AWP,WE,Towers with Radar,109,36,7,0,152,0,0,11,0,11,109,36,18,0,163,8,0,8,171
06/09/2013,ONT,CA,AWP,WE,Towers with Radar,118,14,8,0,140,0,0,12,0,12,118,14,20,0,152,40,0,40,192
06/10/2013,ONT,CA,AWP,WE,Towers with Radar,146,37,20,0,203,0,1,15,0,16,146,38,35,0,219,22,0,22,241
06/11/2013,ONT,CA,AWP,WE,Towers with Radar,177,42,7,3,229,0,8,19,1,28,177,50,26,4,257,0,0,0,257
06/12/2013,ONT,CA,AWP,WE,Towers with Radar,169,49,12,4,234,0,2,14,0,16,169,51,26,4,250,0,0,0,250
06/13/2013,ONT,CA,AWP,WE,Towers with Radar,191,49,22,0,262,0,2,18,0,20,191,51,40,0,282,0,0,0,282
06/14/2013,ONT,CA,AWP,WE,Towers with Radar,156,44,14,2,216,0,5,20,2,27,156,49,34,4,243,2,0,2,245
06/15/2013,ONT,CA,AWP,WE,Towers with Radar,110,32,11,2,155,0,2,6,0,8,110,34,17,2,163,6,0,6,169
06/16/2013,ONT,CA,AWP,WE,Towers with Radar,119,15,9,0,143,0,4,6,0,10,119,19,15,0,153,0,0,0,153
06/17/2013,ONT,CA,AWP,WE,Towers with Radar,144,36,13,0,193,0,3,15,0,18,144,39,28,0,211,0,0,0,211
06/18/2013,ONT,CA,AWP,WE,Towers with Radar,160,46,16,1,223,0,10,17,0,27,160,56,33,1,250,16,0,16,266
06/19/2013,ONT,CA,AWP,WE,Towers with Radar,180,48,10,0,238,0,9,19,1,29,180,57,29,1,267,25,0,25,292
06/20/2013,ONT,CA,AWP,WE,Towers with Radar,171,40,19,0,230,0,6,63,0,69,171,46,82,0,299,4,0,4,303
06/21/2013,ONT,CA,AWP,WE,Towers with Radar,133,49,15,1,198,0,7,20,0,27,133,56,35,1,225,0,0,0,225
06/22/2013,ONT,CA,AWP,WE,Towers with Radar,108,23,4,0,135,0,8,4,0,12,108,31,8,0,147,0,0,0,147
06/23/2013,ONT,CA,AWP,WE,Towers with Radar,115,15,10,0,140,0,0,6,0,6,115,15,16,0,146,2,0,2,148
06/24/2013,ONT,CA,AWP,WE,Towers with Radar,144,39,14,1,198,0,1,12,0,13,144,40,26,1,211,66,0,66,277
06/25/2013,ONT,CA,AWP,WE,Towers with Radar,168,44,13,2,227,0,2,10,0,12,168,46,23,2,239,24,0,24,263
06/26/2013,ONT,CA,AWP,WE,Towers with Radar,165,41,18,0,224,0,4,17,0,21,165,45,35,0,245,0,0,0,245
06/27/2013,ONT,CA,AWP,WE,Towers with Radar,171,40,19,0,230,0,8,22,0,30,171,48,41,0,260,7,0,7,267
06/28/2013,ONT,CA,AWP,WE,Towers with Radar,158,40,19,1,218,0,9,23,0,32,158,49,42,1,250,18,0,18,268
06/29/2013,ONT,CA,AWP,WE,Towers with Radar,135,27,5,0,167,0,7,8,0,15,135,34,13,0,182,0,0,0,182
06/30/2013,ONT,CA,AWP,WE,Towers with Radar,120,15,5,0,140,0,2,11,0,13,120,17,16,0,153,2,0,2,155
07/01/2013,ONT,CA,AWP,WE,Towers with Radar,136,33,14,1,184,0,7,22,1,30,136,40,36,2,214,14,0,14,228
07/02/2013,ONT,CA,AWP,WE,Towers with Radar,174,48,16,0,238,0,7,16,0,23,174,55,32,0,261,40,0,40,301
07/03/2013,ONT,CA,AWP,WE,Towers with Radar,167,44,17,1,229,0,11,17,0,28,167,55,34,1,257,0,0,0,257
07/04/2013,ONT,CA,AWP,WE,Towers with Radar,92,16,3,0,111,0,2,23,0,25,92,18,26,0,136,0,0,0,136
07/05/2013,ONT,CA,AWP,WE,Towers with Radar,111,49,6,0,166,0,1,12,0,13,111,50,18,0,179,26,0,26,205
07/06/2013,ONT,CA,AWP,WE,Towers with Radar,114,31,6,0,151,0,8,15,0,23,114,39,21,0,174,17,0,17,191
07/07/2013,ONT,CA,AWP,WE,Towers with Radar,109,16,9,0,134,0,2,20,0,22,109,18,29,0,156,5,0,5,161
07/08/2013,ONT,CA,AWP,WE,Towers with Radar,149,35,15,0,199,0,6,24,0,30,149,41,39,0,229,2,0,2,231
07/09/2013,ONT,CA,AWP,WE,Towers with Radar,168,46,15,0,229,0,10,20,0,30,168,56,35,0,259,0,0,0,259
07/10/2013,ONT,CA,AWP,WE,Towers with Radar,171,47,9,0,227,3,4,14,0,21,174,51,23,0,248,14,0,14,262
07/11/2013,ONT,CA,AWP,WE,Towers with Radar,170,45,22,0,237,0,5,12,0,17,170,50,34,0,254,2,0,2,256
07/12/2013,ONT,CA,AWP,WE,Towers with Radar,142,44,9,0,195,0,5,19,0,24,142,49,28,0,219,2,0,2,221
07/13/2013,ONT,CA,AWP,WE,Towers with Radar,105,31,3,0,139,0,7,18,0,25,105,38,21,0,164,2,0,2,166
07/14/2013,ONT,CA,AWP,WE,Towers with Radar,113,16,6,0,135,0,2,13,0,15,113,18,19,0,150,14,0,14,164
07/15/2013,ONT,CA,AWP,WE,Towers with Radar,145,33,13,0,191,0,4,33,0,37,145,37,46,0,228,28,0,28,256
07/16/2013,ONT,CA,AWP,WE,Towers with Radar,164,51,11,0,226,0,3,14,0,17,164,54,25,0,243,22,0,22,265
07/17/2013,ONT,CA,AWP,WE,Towers with Radar,168,45,4,0,217,0,4,8,0,12,168,49,12,0,229,2,0,2,231
07/18/2013,ONT,CA,AWP,WE,Towers with Radar,169,44,11,0,224,0,7,37,0,44,169,51,48,0,268,12,0,12,280
07/19/2013,ONT,CA,AWP,WE,Towers with Radar,160,43,12,0,215,0,6,30,0,36,160,49,42,0,251,20,0,20,271
07/20/2013,ONT,CA,AWP,WE,Towers with Radar,107,31,6,0,144,0,1,6,0,7,107,32,12,0,151,36,0,36,187
07/21/2013,ONT,CA,AWP,WE,Towers with Radar,113,19,11,0,143,0,0,19,0,19,113,19,30,0,162,2,0,2,164
07/22/2013,ONT,CA,AWP,WE,Towers with Radar,143,36,12,1,192,0,4,14,0,18,143,40,26,1,210,40,0,40,250
07/23/2013,ONT,CA,AWP,WE,Towers with Radar,170,48,16,0,234,0,3,18,0,21,170,51,34,0,255,34,0,34,289
07/24/2013,ONT,CA,AWP,WE,Towers with Radar,172,44,11,0,227,0,2,21,0,23,172,46,32,0,250,0,0,0,250
07/25/2013,ONT,CA,AWP,WE,Towers with Radar,161,48,21,0,230,0,7,18,0,25,161,55,39,0,255,2,0,2,257
07/26/2013,ONT,CA,AWP,WE,Towers with Radar,148,40,11,0,199,0,6,14,0,20,148,46,25,0,219,29,0,29,248
07/27/2013,ONT,CA,AWP,WE,Towers with Radar,107,30,4,1,142,0,2,19,0,21,107,32,23,1,163,5,0,5,168
07/28/2013,ONT,CA,AWP,WE,Towers with Radar,109,18,13,0,140,0,2,11,0,13,109,20,24,0,153,2,0,2,155
07/29/2013,ONT,CA,AWP,WE,Towers with Radar,147,35,10,0,192,0,5,14,0,19,147,40,24,0,211,9,0,9,220
07/30/2013,ONT,CA,AWP,WE,Towers with Radar,161,47,15,2,225,0,7,23,1,31,161,54,38,3,256,0,0,0,256
07/31/2013,ONT,CA,AWP,WE,Towers with Radar,166,43,17,2,228,0,5,26,1,32,166,48,43,3,260,11,0,11,271
08/01/2013,ONT,CA,AWP,WE,Towers with Radar,165,48,19,0,232,0,6,32,0,38,165,54,51,0,270,14,0,14,284
08/02/2013,ONT,CA,AWP,WE,Towers with Radar,147,40,13,0,200,0,10,23,0,33,147,50,36,0,233,10,0,10,243
08/03/2013,ONT,CA,AWP,WE,Towers with Radar,104,31,6,0,141,0,4,1,0,5,104,35,7,0,146,14,0,14,160
08/04/2013,ONT,CA,AWP,WE,Towers with Radar,118,12,12,0,142,0,2,15,0,17,118,14,27,0,159,4,0,4,163
08/05/2013,ONT,CA,AWP,WE,Towers with Radar,141,37,7,0,185,0,4,14,0,18,141,41,21,0,203,14,0,14,217
08/06/2013,ONT,CA,AWP,WE,Towers with Radar,170,41,16,0,227,0,2,16,0,18,170,43,32,0,245,2,0,2,247
08/07/2013,ONT,CA,AWP,WE,Towers with Radar,173,47,13,0,233,0,2,23,0,25,173,49,36,0,258,6,0,6,264
08/08/2013,ONT,CA,AWP,WE,Towers with Radar,168,45,14,0,227,0,4,27,0,31,168,49,41,0,258,2,0,2,260
08/09/2013,ONT,CA,AWP,WE,Towers with Radar,150,45,15,1,211,0,4,16,1,21,150,49,31,2,232,0,0,0,232
08/10/2013,ONT,CA,AWP,WE,Towers with Radar,107,32,13,0,152,0,1,5,0,6,107,33,18,0,158,0,0,0,158
08/11/2013,ONT,CA,AWP,WE,Towers with Radar,109,24,3,0,136,0,0,7,0,7,109,24,10,0,143,2,0,2,145
08/12/2013,ONT,CA,AWP,WE,Towers with Radar,141,38,15,0,194,0,3,8,0,11,141,41,23,0,205,16,0,16,221
08/13/2013,ONT,CA,AWP,WE,Towers with Radar,160,49,13,0,222,0,6,19,0,25,160,55,32,0,247,2,0,2,249
08/14/2013,ONT,CA,AWP,WE,Towers with Radar,162,44,29,0,235,0,4,17,0,21,162,48,46,0,256,12,0,12,268
08/15/2013,ONT,CA,AWP,WE,Towers with Radar,156,50,10,0,216,0,5,28,0,33,156,55,38,0,249,6,0,6,255
08/16/2013,ONT,CA,AWP,WE,Towers with Radar,145,42,9,0,196,0,5,25,0,30,145,47,34,0,226,16,0,16,242
08/17/2013,ONT,CA,AWP,WE,Towers with Radar,108,23,6,0,137,0,6,15,0,21,108,29,21,0,158,2,0,2,160
08/18/2013,ONT,CA,AWP,WE,Towers with Radar,108,17,13,0,138,0,0,10,0,10,108,17,23,0,148,0,0,0,148
08/19/2013,ONT,CA,AWP,WE,Towers with Radar,140,33,13,0,186,0,4,15,0,19,140,37,28,0,205,12,0,12,217
08/20/2013,ONT,CA,AWP,WE,Towers with Radar,163,52,11,0,226,0,7,9,0,16,163,59,20,0,242,0,0,0,242
08/21/2013,ONT,CA,AWP,WE,Towers with Radar,162,49,27,0,238,0,7,19,0,26,162,56,46,0,264,12,0,12,276
08/22/2013,ONT,CA,AWP,WE,Towers with Radar,162,46,10,0,218,0,8,15,0,23,162,54,25,0,241,2,0,2,243
08/23/2013,ONT,CA,AWP,WE,Towers with Radar,141,39,6,0,186,0,6,21,2,29,141,45,27,2,215,0,0,0,215
08/24/2013,ONT,CA,AWP,WE,Towers with Radar,109,34,3,0,146,0,4,4,0,8,109,38,7,0,154,10,0,10,164
08/25/2013,ONT,CA,AWP,WE,Towers with Radar,107,20,9,0,136,0,2,6,0,8,107,22,15,0,144,2,0,2,146
08/26/2013,ONT,CA,AWP,WE,Towers with Radar,134,40,6,0,180,0,3,12,0,15,134,43,18,0,195,4,0,4,199
08/27/2013,ONT,CA,AWP,WE,Towers with Radar,156,48,15,0,219,0,3,16,0,19,156,51,31,0,238,12,0,12,250
08/28/2013,ONT,CA,AWP,WE,Towers with Radar,157,47,32,1,237,0,9,20,0,29,157,56,52,1,266,22,0,22,288
08/29/2013,ONT,CA,AWP,WE,Towers with Radar,166,43,25,0,234,0,11,27,0,38,166,54,52,0,272,22,0,22,294
08/30/2013,ONT,CA,AWP,WE,Towers with Radar,138,46,21,1,206,0,6,22,0,28,138,52,43,1,234,22,0,22,256
08/31/2013,ONT,CA,AWP,WE,Towers with Radar,88,30,15,0,133,0,7,9,0,16,88,37,24,0,149,5,0,5,154
09/01/2013,ONT,CA,AWP,WE,Towers with Radar,76,20,9,0,105,0,7,18,0,25,76,27,27,0,130,10,0,10,140
09/02/2013,ONT,CA,AWP,WE,Towers with Radar,99,18,5,0,122,0,3,17,0,20,99,21,22,0,142,28,0,28,170
09/03/2013,ONT,CA,AWP,WE,Towers with Radar,133,32,9,0,174,0,9,19,0,28,133,41,28,0,202,36,0,36,238
09/04/2013,ONT,CA,AWP,WE,Towers with Radar,169,49,11,0,229,2,7,27,0,36,171,56,38,0,265,40,0,40,305
09/05/2013,ONT,CA,AWP,WE,Towers with Radar,169,52,31,0,252,0,9,13,0,22,169,61,44,0,274,28,0,28,302
09/06/2013,ONT,CA,AWP,WE,Towers with Radar,152,48,10,2,212,0,8,16,0,24,152,56,26,2,236,0,0,0,236
09/07/2013,ONT,CA,AWP,WE,Towers with Radar,97,28,10,0,135,0,5,11,0,16,97,33,21,0,151,11,0,11,162
09/08/2013,ONT,CA,AWP,WE,Towers with Radar,109,12,11,0,132,0,2,5,0,7,109,14,16,0,139,0,0,0,139
09/09/2013,ONT,CA,AWP,WE,Towers with Radar,149,33,10,0,192,0,4,12,0,16,149,37,22,0,208,8,0,8,216
09/10/2013,ONT,CA,AWP,WE,Towers with Radar,151,45,8,1,205,0,8,20,1,29,151,53,28,2,234,14,0,14,248
09/11/2013,ONT,CA,AWP,WE,Towers with Radar,159,45,15,0,219,0,5,23,0,28,159,50,38,0,247,49,0,49,296
09/12/2013,ONT,CA,AWP,WE,Towers with Radar,169,44,16,0,229,0,6,34,0,40,169,50,50,0,269,4,0,4,273
09/13/2013,ONT,CA,AWP,WE,Towers with Radar,145,48,13,0,206,0,4,23,2,29,145,52,36,2,235,32,0,32,267
09/14/2013,ONT,CA,AWP,WE,Towers with Radar,95,26,14,0,135,0,5,12,0,17,95,31,26,0,152,14,0,14,166
09/15/2013,ONT,CA,AWP,WE,Towers with Radar,105,17,10,0,132,0,0,10,0,10,105,17,20,0,142,1,0,1,143
09/16/2013,ONT,CA,AWP,WE,Towers with Radar,136,34,4,1,175,0,6,16,1,23,136,40,20,2,198,10,0,10,208
09/17/2013,ONT,CA,AWP,WE,Towers with Radar,154,47,8,0,209,0,7,24,0,31,154,54,32,0,240,17,0,17,257
09/18/2013,ONT,CA,AWP,WE,Towers with Radar,160,45,11,0,216,0,7,11,0,18,160,52,22,0,234,4,0,4,238
09/19/2013,ONT,CA,AWP,WE,Towers with Radar,166,36,10,1,213,0,5,40,1,46,166,41,50,2,259,0,0,0,259
09/20/2013,ONT,CA,AWP,WE,Towers with Radar,154,53,9,1,217,0,5,20,0,25,154,58,29,1,242,0,0,0,242
09/21/2013,ONT,CA,AWP,WE,Towers with Radar,98,30,10,1,139,0,0,5,0,5,98,30,15,1,144,2,0,2,146
09/22/2013,ONT,CA,AWP,WE,Towers with Radar,107,21,11,0,139,0,0,9,0,9,107,21,20,0,148,10,0,10,158
09/23/2013,ONT,CA,AWP,WE,Towers with Radar,138,26,4,0,168,0,7,10,0,17,138,33,14,0,185,26,0,26,211
09/24/2013,ONT,CA,AWP,WE,Towers with Radar,158,41,12,0,211,0,8,15,0,23,158,49,27,0,234,0,0,0,234
09/25/2013,ONT,CA,AWP,WE,Towers with Radar,157,41,15,0,213,0,9,15,0,24,157,50,30,0,237,12,0,12,249
09/26/2013,ONT,CA,AWP,WE,Towers with Radar,169,47,18,1,235,0,14,45,0,59,169,61,63,1,294,0,0,0,294
09/27/2013,ONT,CA,AWP,WE,Towers with Radar,143,45,14,1,203,0,9,10,0,19,143,54,24,1,222,0,0,0,222
09/28/2013,ONT,CA,AWP,WE,Towers with Radar,102,20,10,0,132,0,8,21,0,29,102,28,31,0,161,6,0,6,167
09/29/2013,ONT,CA,AWP,WE,Towers with Radar,111,16,3,0,130,0,5,3,0,8,111,21,6,0,138,0,0,0,138
09/30/2013,ONT,CA,AWP,WE,Towers with Radar,191,47,18,0,256,0,11,21,1,33,191,58,39,1,289,10,0,10,299
10/01/2013,ONT,CA,AWP,WE,Towers with Radar,170,41,8,0,219,0,6,30,0,36,170,47,38,0,255,26,0,26,281
10/02/2013,ONT,CA,AWP,WE,Towers with Radar,161,47,23,0,231,0,4,5,0,9,161,51,28,0,240,26,0,26,266
10/03/2013,ONT,CA,AWP,WE,Towers with Radar,163,49,28,0,240,0,14,19,0,33,163,63,47,0,273,2,0,2,275
10/04/2013,ONT,CA,AWP,WE,Towers with Radar,136,42,15,3,196,0,4,10,0,14,136,46,25,3,210,0,0,0,210
10/05/2013,ONT,CA,AWP,WE,Towers with Radar,99,27,6,19,151,0,11,9,0,20,99,38,15,19,171,2,0,2,173
10/06/2013,ONT,CA,AWP,WE,Towers with Radar,108,12,10,14,144,0,3,9,0,12,108,15,19,14,156,20,0,20,176
10/07/2013,ONT,CA,AWP,WE,Towers with Radar,137,31,11,11,190,0,6,20,1,27,137,37,31,12,217,12,0,12,229
10/08/2013,ONT,CA,AWP,WE,Towers with Radar,162,54,12,8,236,0,6,19,2,27,162,60,31,10,263,8,0,8,271
10/09/2013,ONT,CA,AWP,WE,Towers with Radar,162,45,18,7,232,0,0,1,0,1,162,45,19,7,233,6,0,6,239
10/10/2013,ONT,CA,AWP,WE,Towers with Radar,203,46,22,8,279,0,6,42,2,50,203,52,64,10,329,62,0,62,391
10/11/2013,ONT,CA,AWP,WE,Towers with Radar,139,43,17,1,200,0,7,16,0,23,139,50,33,1,223,37,0,37,260
10/12/2013,ONT,CA,AWP,WE,Towers with Radar,91,29,6,0,126,0,9,8,0,17,91,38,14,0,143,0,0,0,143
10/13/2013,ONT,CA,AWP,WE,Towers with Radar,104,15,7,0,126,0,0,5,0,5,104,15,12,0,131,0,0,0,131
10/14/2013,ONT,CA,AWP,WE,Towers with Radar,145,30,11,1,187,0,9,2,0,11,145,39,13,1,198,18,0,18,216
10/15/2013,ONT,CA,AWP,WE,Towers with Radar,177,42,13,0,232,0,4,21,0,25,177,46,34,0,257,0,0,0,257
10/16/2013,ONT,CA,AWP,WE,Towers with Radar,183,58,11,0,252,0,7,28,0,35,183,65,39,0,287,0,0,0,287
10/17/2013,ONT,CA,AWP,WE,Towers with Radar,179,51,22,0,252,0,8,33,3,44,179,59,55,3,296,0,0,0,296
10/18/2013,ONT,CA,AWP,WE,Towers with Radar,153,54,25,0,232,0,6,21,0,27,153,60,46,0,259,8,0,8,267
10/19/2013,ONT,CA,AWP,WE,Towers with Radar,121,29,20,0,170,0,7,27,0,34,121,36,47,0,204,16,0,16,220
10/20/2013,ONT,CA,AWP,WE,Towers with Radar,210,37,24,0,271,0,6,22,0,28,210,43,46,0,299,6,0,6,305
10/21/2013,ONT,CA,AWP,WE,Towers with Radar,138,34,3,0,175,0,5,15,0,20,138,39,18,0,195,16,0,16,211
10/22/2013,ONT,CA,AWP,WE,Towers with Radar,167,45,14,0,226,0,5,18,0,23,167,50,32,0,249,0,0,0,249
10/23/2013,ONT,CA,AWP,WE,Towers with Radar,159,44,23,0,226,0,2,6,0,8,159,46,29,0,234,0,0,0,234
10/24/2013,ONT,CA,AWP,WE,Towers with Radar,182,50,31,0,263,0,3,10,0,13,182,53,41,0,276,0,0,0,276
10/25/2013,ONT,CA,AWP,WE,Towers with Radar,137,47,18,0,202,0,1,8,1,10,137,48,26,1,212,0,0,0,212
10/26/2013,ONT,CA,AWP,WE,Towers with Radar,101,25,5,0,131,0,7,10,0,17,101,32,15,0,148,0,0,0,148
10/27/2013,ONT,CA,AWP,WE,Towers with Radar,112,14,7,0,133,0,4,4,0,8,112,18,11,0,141,17,0,17,158
10/28/2013,ONT,CA,AWP,WE,Towers with Radar,143,39,15,0,197,0,0,8,0,8,143,39,23,0,205,6,0,6,211
10/29/2013,ONT,CA,AWP,WE,Towers with Radar,160,48,25,0,233,0,3,31,0,34,160,51,56,0,267,90,0,90,357
10/30/2013,ONT,CA,AWP,WE,Towers with Radar,169,56,13,0,238,0,9,35,0,44,169,65,48,0,282,6,0,6,288
10/31/2013,ONT,CA,AWP,WE,Towers with Radar,167,51,11,0,229,0,3,35,0,38,167,54,46,0,267,2,0,2,269
11/01/2013,ONT,CA,AWP,WE,Towers with Radar,147,45,13,0,205,0,8,20,0,28,147,53,33,0,233,66,0,66,299
11/02/2013,ONT,CA,AWP,WE,Towers with Radar,102,27,6,0,135,0,7,15,0,22,102,34,21,0,157,34,0,34,191
11/03/2013,ONT,CA,AWP,WE,Towers with Radar,110,19,8,0,137,0,2,18,0,20,110,21,26,0,157,31,0,31,188
11/04/2013,ONT,CA,AWP,WE,Towers with Radar,137,39,20,0,196,0,0,17,0,17,137,39,37,0,213,28,0,28,241
11/05/2013,ONT,CA,AWP,WE,Towers with Radar,160,49,18,0,227,1,3,19,6,29,161,52,37,6,256,24,0,24,280
11/06/2013,ONT,CA,AWP,WE,Towers with Radar,172,49,26,0,247,0,7,22,0,29,172,56,48,0,276,0,0,0,276
11/07/2013,ONT,CA,AWP,WE,Towers with Radar,169,50,22,1,242,0,7,51,0,58,169,57,73,1,300,0,0,0,300
11/08/2013,ONT,CA,AWP,WE,Towers with Radar,177,51,26,0,254,0,7,41,0,48,177,58,67,0,302,10,0,10,312
11/09/2013,ONT,CA,AWP,WE,Towers with Radar,102,25,16,0,143,0,7,12,0,19,102,32,28,0,162,6,0,6,168
11/10/2013,ONT,CA,AWP,WE,Towers with Radar,107,17,12,0,136,0,0,4,0,4,107,17,16,0,140,0,0,0,140
11/11/2013,ONT,CA,AWP,WE,Towers with Radar,135,34,16,0,185,0,3,11,0,14,135,37,27,0,199,6,0,6,205
11/12/2013,ONT,CA,AWP,WE,Towers with Radar,167,51,33,0,251,0,3,37,0,40,167,54,70,0,291,7,0,7,298
11/13/2013,ONT,CA,AWP,WE,Towers with Radar,184,53,26,0,263,0,4,37,0,41,184,57,63,0,304,2,0,2,306
11/14/2013,ONT,CA,AWP,WE,Towers with Radar,174,47,12,2,235,0,7,34,0,41,174,54,46,2,276,14,0,14,290
11/15/2013,ONT,CA,AWP,WE,Towers with Radar,159,61,23,0,243,0,0,13,0,13,159,61,36,0,256,8,0,8,264
11/16/2013,ONT,CA,AWP,WE,Towers with Radar,107,29,10,0,146,0,0,13,0,13,107,29,23,0,159,8,0,8,167
11/17/2013,ONT,CA,AWP,WE,Towers with Radar,106,13,11,0,130,0,2,3,0,5,106,15,14,0,135,0,0,0,135
11/18/2013,ONT,CA,AWP,WE,Towers with Radar,135,32,12,0,179,0,1,18,0,19,135,33,30,0,198,2,0,2,200
11/19/2013,ONT,CA,AWP,WE,Towers with Radar,159,46,10,1,216,0,0,15,0,15,159,46,25,1,231,38,2,40,271
11/20/2013,ONT,CA,AWP,WE,Towers with Radar,163,51,17,0,231,0,0,10,0,10,163,51,27,0,241,0,0,0,241
11/21/2013,ONT,CA,AWP,WE,Towers with Radar,162,51,24,0,237,0,0,13,0,13,162,51,37,0,250,16,0,16,266
11/22/2013,ONT,CA,AWP,WE,Towers with Radar,140,53,18,0,211,0,1,19,0,20,140,54,37,0,231,0,0,0,231
11/23/2013,ONT,CA,AWP,WE,Towers with Radar,135,34,10,0,179,0,2,11,0,13,135,36,21,0,192,0,0,0,192
11/24/2013,ONT,CA,AWP,WE,Towers with Radar,100,14,12,0,126,0,0,5,0,5,100,14,17,0,131,8,0,8,139
11/25/2013,ONT,CA,AWP,WE,Towers with Radar,138,41,14,0,193,0,0,23,0,23,138,41,37,0,216,6,0,6,222
11/26/2013,ONT,CA,AWP,WE,Towers with Radar,177,54,12,0,243,0,4,40,0,44,177,58,52,0,287,6,0,6,293
11/27/2013,ONT,CA,AWP,WE,Towers with Radar,161,60,17,0,238,0,5,24,0,29,161,65,41,0,267,8,0,8,275
11/28/2013,ONT,CA,AWP,WE,Towers with Radar,91,13,4,0,108,0,0,4,0,4,91,13,8,0,112,0,0,0,112
11/29/2013,ONT,CA,AWP,WE,Towers with Radar,113,45,2,0,160,0,3,17,0,20,113,48,19,0,180,0,0,0,180
11/30/2013,ONT,CA,AWP,WE,Towers with Radar,137,29,12,0,178,0,6,14,0,20,137,35,26,0,198,0,0,0,198
12/01/2013,ONT,CA,AWP,WE,Towers with Radar,139,13,23,5,180,0,1,9,0,10,139,14,32,5,190,6,0,6,196
12/02/2013,ONT,CA,AWP,WE,Towers with Radar,132,38,20,2,192,0,3,28,0,31,132,41,48,2,223,5,0,5,228
12/03/2013,ONT,CA,AWP,WE,Towers with Radar,182,50,23,6,261,0,5,9,0,14,182,55,32,6,275,0,0,0,275
12/04/2013,ONT,CA,AWP,WE,Towers with Radar,190,51,30,0,271,0,8,18,0,26,190,59,48,0,297,18,0,18,315
12/05/2013,ONT,CA,AWP,WE,Towers with Radar,165,55,22,0,242,0,7,25,1,33,165,62,47,1,275,12,0,12,287
12/06/2013,ONT,CA,AWP,WE,Towers with Radar,135,52,10,1,198,0,7,16,0,23,135,59,26,1,221,24,0,24,245
12/07/2013,ONT,CA,AWP,WE,Towers with Radar,112,30,12,4,158,0,1,7,0,8,112,31,19,4,166,8,0,8,174
12/08/2013,ONT,CA,AWP,WE,Towers with Radar,99,16,13,8,136,0,2,11,0,13,99,18,24,8,149,6,0,6,155
12/09/2013,ONT,CA,AWP,WE,Towers with Radar,127,58,17,7,209,0,5,8,1,14,127,63,25,8,223,0,0,0,223
12/10/2013,ONT,CA,AWP,WE,Towers with Radar,173,53,11,7,244,1,6,16,0,23,174,59,27,7,267,48,0,48,315
12/11/2013,ONT,CA,AWP,WE,Towers with Radar,197,51,16,4,268,0,9,12,0,21,197,60,28,4,289,8,0,8,297
12/12/2013,ONT,CA,AWP,WE,Towers with Radar,173,51,19,1,244,0,5,13,1,19,173,56,32,2,263,0,0,0,263
12/13/2013,ONT,CA,AWP,WE,Towers with Radar,153,51,17,0,221,0,5,27,0,32,153,56,44,0,253,6,0,6,259
12/14/2013,ONT,CA,AWP,WE,Towers with Radar,108,32,7,0,147,0,5,9,0,14,108,37,16,0,161,0,0,0,161
12/15/2013,ONT,CA,AWP,WE,Towers with Radar,109,13,6,0,128,0,2,10,0,12,109,15,16,0,140,12,0,12,152
12/16/2013,ONT,CA,AWP,WE,Towers with Radar,145,44,25,0,214,0,3,16,1,20,145,47,41,1,234,40,0,40,274
12/17/2013,ONT,CA,AWP,WE,Towers with Radar,200,63,17,0,280,0,5,21,2,28,200,68,38,2,308,8,0,8,316
12/18/2013,ONT,CA,AWP,WE,Towers with Radar,209,62,13,2,286,0,5,18,1,24,209,67,31,3,310,0,0,0,310
12/19/2013,ONT,CA,AWP,WE,Towers with Radar,209,60,26,0,295,0,0,9,0,9,209,60,35,0,304,0,0,0,304
12/20/2013,ONT,CA,AWP,WE,Towers with Radar,185,62,24,0,271,0,7,12,2,21,185,69,36,2,292,54,0,54,346
12/21/2013,ONT,CA,AWP,WE,Towers with Radar,141,45,21,0,207,0,4,22,0,26,141,49,43,0,233,0,0,0,233
12/22/2013,ONT,CA,AWP,WE,Towers with Radar,130,20,7,0,157,0,0,16,0,16,130,20,23,0,173,10,0,10,183
12/23/2013,ONT,CA,AWP,WE,Towers with Radar,176,42,14,0,232,0,5,13,0,18,176,47,27,0,250,2,0,2,252
12/24/2013,ONT,CA,AWP,WE,Towers with Radar,159,43,21,0,223,0,12,6,0,18,159,55,27,0,241,2,0,2,243
12/25/2013,ONT,CA,AWP,WE,Towers with Radar,86,15,11,0,112,0,0,0,0,0,86,15,11,0,112,0,0,0,112
12/26/2013,ONT,CA,AWP,WE,Towers with Radar,154,47,18,0,219,0,13,15,0,28,154,60,33,0,247,0,0,0,247
12/27/2013,ONT,CA,AWP,WE,Towers with Radar,175,54,11,0,240,0,6,20,0,26,175,60,31,0,266,20,0,20,286
12/28/2013,ONT,CA,AWP,WE,Towers with Radar,114,36,6,0,156,0,6,7,0,13,114,42,13,0,169,21,0,21,190
12/29/2013,ONT,CA,AWP,WE,Towers with Radar,115,21,3,0,139,0,2,6,0,8,115,23,9,0,147,4,0,4,151
12/30/2013,ONT,CA,AWP,WE,Towers with Radar,147,35,9,0,191,0,4,20,0,24,147,39,29,0,215,8,0,8,223
12/31/2013,ONT,CA,AWP,WE,Towers with Radar,148,42,8,0,198,0,5,7,0,12,148,47,15,0,210,14,0,14,224
01/01/2014,ONT,CA,AWP,WE,Towers with Radar,93,18,8,0,119,0,0,2,0,2,93,18,10,0,121,0,0,0,121
01/02/2014,ONT,CA,AWP,WE,Towers with Radar,159,44,8,0,211,0,3,25,0,28,159,47,33,0,239,0,0,0,239
01/03/2014,ONT,CA,AWP,WE,Towers with Radar,156,58,10,0,224,0,13,18,0,31,156,71,28,0,255,0,0,0,255
01/04/2014,ONT,CA,AWP,WE,Towers with Radar,122,27,15,0,164,0,3,10,0,13,122,30,25,0,177,0,0,0,177
01/05/2014,ONT,CA,AWP,WE,Towers with Radar,108,16,9,0,133,0,0,9,0,9,108,16,18,0,142,0,0,0,142
01/06/2014,ONT,CA,AWP,WE,Towers with Radar,139,42,7,0,188,0,4,10,0,14,139,46,17,0,202,34,0,34,236
01/07/2014,ONT,CA,AWP,WE,Towers with Radar,122,49,14,0,185,0,6,24,0,30,122,55,38,0,215,0,0,0,215
01/08/2014,ONT,CA,AWP,WE,Towers with Radar,168,54,15,1,238,0,9,28,0,37,168,63,43,1,275,0,0,0,275
01/09/2014,ONT,CA,AWP,WE,Towers with Radar,156,53,22,0,231,0,0,20,0,20,156,53,42,0,251,0,0,0,251
01/10/2014,ONT,CA,AWP,WE,Towers with Radar,135,49,11,3,198,0,5,27,4,36,135,54,38,7,234,4,0,4,238
01/11/2014,ONT,CA,AWP,WE,Towers with Radar,97,30,15,2,144,0,7,25,1,33,97,37,40,3,177,6,2,8,185
01/12/2014,ONT,CA,AWP,WE,Towers with Radar,101,23,7,2,133,0,1,4,0,5,101,24,11,2,138,0,0,0,138
01/13/2014,ONT,CA,AWP,WE,Towers with Radar,128,42,4,0,174,0,1,8,0,9,128,43,12,0,183,0,0,0,183
01/14/2014,ONT,CA,AWP,WE,Towers with Radar,150,45,8,0,203,0,3,4,2,9,150,48,12,2,212,0,0,0,212
01/15/2014,ONT,CA,AWP,WE,Towers with Radar,158,47,16,0,221,0,4,21,0,25,158,51,37,0,246,0,0,0,246
01/16/2014,ONT,CA,AWP,WE,Towers with Radar,233,50,15,0,298,0,7,24,0,31,233,57,39,0,329,0,0,0,329
01/17/2014,ONT,CA,AWP,WE,Towers with Radar,133,56,12,0,201,0,8,31,0,39,133,64,43,0,240,12,0,12,252
01/18/2014,ONT,CA,AWP,WE,Towers with Radar,83,33,10,0,126,0,11,20,0,31,83,44,30,0,157,3,0,3,160
01/19/2014,ONT,CA,AWP,WE,Towers with Radar,107,20,12,0,139,0,4,15,0,19,107,24,27,0,158,24,0,24,182
01/20/2014,ONT,CA,AWP,WE,Towers with Radar,128,43,10,0,181,0,3,29,0,32,128,46,39,0,213,32,0,32,245
01/21/2014,ONT,CA,AWP,WE,Towers with Radar,153,47,15,0,215,0,5,18,0,23,153,52,33,0,238,26,0,26,264
01/22/2014,ONT,CA,AWP,WE,Towers with Radar,155,45,22,0,222,0,8,7,1,16,155,53,29,1,238,72,0,72,310
01/23/2014,ONT,CA,AWP,WE,Towers with Radar,156,47,20,0,223,0,6,29,1,36,156,53,49,1,259,0,0,0,259
01/24/2014,ONT,CA,AWP,WE,Towers with Radar,140,43,17,0,200,0,5,22,0,27,140,48,39,0,227,9,0,9,236
01/25/2014,ONT,CA,AWP,WE,Towers with Radar,87,29,7,0,123,0,7,17,0,24,87,36,24,0,147,0,0,0,147
01/26/2014,ONT,CA,AWP,WE,Towers with Radar,107,21,15,0,143,0,0,21,1,22,107,21,36,1,165,28,0,28,193
01/27/2014,ONT,CA,AWP,WE,Towers with Radar,126,36,14,0,176,0,3,18,0,21,126,39,32,0,197,2,0,2,199
01/28/2014,ONT,CA,AWP,WE,Towers with Radar,157,48,21,0,226,0,3,23,0,26,157,51,44,0,252,6,0,6,258
01/29/2014,ONT,CA,AWP,WE,Towers with Radar,161,55,33,2,251,0,10,12,0,22,161,65,45,2,273,4,0,4,277
01/30/2014,ONT,CA,AWP,WE,Towers with Radar,158,46,17,0,221,0,4,2,0,6,158,50,19,0,227,0,0,0,227
01/31/2014,ONT,CA,AWP,WE,Towers with Radar,139,47,15,0,201,0,2,9,0,11,139,49,24,0,212,60,0,60,272
02/01/2014,ONT,CA,AWP,WE,Towers with Radar,85,27,13,0,125,0,9,14,0,23,85,36,27,0,148,14,0,14,162
02/02/2014,ONT,CA,AWP,WE,Towers with Radar,92,12,9,0,113,0,2,5,0,7,92,14,14,0,120,10,0,10,130
02/03/2014,ONT,CA,AWP,WE,Towers with Radar,129,33,6,1,169,0,0,26,0,26,129,33,32,1,195,20,0,20,215
02/04/2014,ONT,CA,AWP,WE,Towers with Radar,153,43,16,1,213,0,1,14,0,15,153,44,30,1,228,4,0,4,232
02/05/2014,ONT,CA,AWP,WE,Towers with Radar,155,45,19,2,221,0,2,8,0,10,155,47,27,2,231,6,0,6,237
02/06/2014,ONT,CA,AWP,WE,Towers with Radar,150,55,32,1,238,0,0,9,0,9,150,55,41,1,247,0,0,0,247
02/07/2014,ONT,CA,AWP,WE,Towers with Radar,130,45,23,1,199,0,0,29,0,29,130,45,52,1,228,0,0,0,228
02/08/2014,ONT,CA,AWP,WE,Towers with Radar,91,26,7,2,126,0,3,21,0,24,91,29,28,2,150,16,0,16,166
02/09/2014,ONT,CA,AWP,WE,Towers with Radar,95,14,18,3,130,0,0,3,1,4,95,14,21,4,134,0,0,0,134
02/10/2014,ONT,CA,AWP,WE,Towers with Radar,131,34,18,0,183,0,2,30,0,32,131,36,48,0,215,4,0,4,219
02/11/2014,ONT,CA,AWP,WE,Towers with Radar,168,56,26,0,250,0,4,29,0,33,168,60,55,0,283,12,0,12,295
02/12/2014,ONT,CA,AWP,WE,Towers with Radar,161,52,11,0,224,0,5,10,0,15,161,57,21,0,239,0,0,0,239
02/13/2014,ONT,CA,AWP,WE,Towers with Radar,165,44,21,1,231,0,2,41,1,44,165,46,62,2,275,4,0,4,279
02/14/2014,ONT,CA,AWP,WE,Towers with Radar,143,51,16,0,210,0,2,42,0,44,143,53,58,0,254,0,0,0,254
02/15/2014,ONT,CA,AWP,WE,Towers with Radar,95,30,14,0,139,0,6,23,0,29,95,36,37,0,168,4,0,4,172
02/16/2014,ONT,CA,AWP,WE,Towers with Radar,99,23,20,0,142,0,4,26,0,30,99,27,46,0,172,29,0,29,201
02/17/2014,ONT,CA,AWP,WE,Towers with Radar,149,42,18,0,209,0,6,16,0,22,149,48,34,0,231,0,0,0,231
02/18/2014,ONT,CA,AWP,WE,Towers with Radar,166,55,20,0,241,0,3,14,0,17,166,58,34,0,258,4,0,4,262
02/19/2014,ONT,CA,AWP,WE,Towers with Radar,155,50,18,0,223,0,0,11,0,11,155,50,29,0,234,2,0,2,236
02/20/2014,ONT,CA,AWP,WE,Towers with Radar,154,45,8,0,207,0,4,24,0,28,154,49,32,0,235,9,0,9,244
02/21/2014,ONT,CA,AWP,WE,Towers with Radar,130,46,13,0,189,0,4,14,0,18,130,50,27,0,207,0,0,0,207
02/22/2014,ONT,CA,AWP,WE,Towers with Radar,99,26,17,0,142,0,9,21,0,30,99,35,38,0,172,2,0,2,174
02/23/2014,ONT,CA,AWP,WE,Towers with Radar,104,18,14,0,136,0,4,6,0,10,104,22,20,0,146,4,0,4,150
02/24/2014,ONT,CA,AWP,WE,Towers with Radar,129,35,15,0,179,0,1,20,0,21,129,36,35,0,200,12,0,12,212
02/25/2014,ONT,CA,AWP,WE,Towers with Radar,150,53,19,0,222,0,1,16,0,17,150,54,35,0,239,14,0,14,253
02/26/2014,ONT,CA,AWP,WE,Towers with Radar,150,52,13,0,215,0,0,11,0,11,150,52,24,0,226,0,0,0,226
02/27/2014,ONT,CA,AWP,WE,Towers with Radar,155,55,24,0,234,0,10,15,0,25,155,65,39,0,259,10,0,10,269
02/28/2014,ONT,CA,AWP,WE,Towers with Radar,150,50,15,0,215,0,2,0,0,2,150,52,15,0,217,0,0,0,217
03/01/2014,ONT,CA,AWP,WE,Towers with Radar,95,33,5,0,133,0,0,4,0,4,95,33,9,0,137,0,0,0,137
03/02/2014,ONT,CA,AWP,WE,Towers with Radar,100,16,7,0,123,0,0,8,0,8,100,16,15,0,131,14,0,14,145
03/03/2014,ONT,CA,AWP,WE,Towers with Radar,127,42,27,0,196,0,4,19,0,23,127,46,46,0,219,10,0,10,229
03/04/2014,ONT,CA,AWP,WE,Towers with Radar,154,64,21,0,239,0,4,11,0,15,154,68,32,0,254,0,0,0,254
03/05/2014,ONT,CA,AWP,WE,Towers with Radar,155,51,17,0,223,0,6,21,0,27,155,57,38,0,250,24,0,24,274
03/06/2014,ONT,CA,AWP,WE,Towers with Radar,160,54,21,0,235,0,2,19,0,21,160,56,40,0,256,5,0,5,261
03/07/2014,ONT,CA,AWP,WE,Towers with Radar,134,64,24,0,222,0,1,7,0,8,134,65,31,0,230,2,0,2,232
03/08/2014,ONT,CA,AWP,WE,Towers with Radar,100,46,2,0,148,0,5,27,1,33,100,51,29,1,181,10,0,10,191
03/09/2014,ONT,CA,AWP,WE,Towers with Radar,118,18,12,0,148,0,4,15,0,19,118,22,27,0,167,2,0,2,169
03/10/2014,ONT,CA,AWP,WE,Towers with Radar,135,40,12,1,188,0,5,18,0,23,135,45,30,1,211,2,0,2,213
03/11/2014,ONT,CA,AWP,WE,Towers with Radar,158,51,16,4,229,0,6,21,1,28,158,57,37,5,257,16,0,16,273
03/12/2014,ONT,CA,AWP,WE,Towers with Radar,152,46,10,1,209,0,8,12,1,21,152,54,22,2,230,0,0,0,230
03/13/2014,ONT,CA,AWP,WE,Towers with Radar,163,57,15,0,235,0,3,23,0,26,163,60,38,0,261,6,0,6,267
03/14/2014,ONT,CA,AWP,WE,Towers with Radar,134,51,11,2,198,0,7,32,0,39,134,58,43,2,237,14,0,14,251
03/15/2014,ONT,CA,AWP,WE,Towers with Radar,101,34,4,0,139,0,8,15,0,23,101,42,19,0,162,10,0,10,172
03/16/2014,ONT,CA,AWP,WE,Towers with Radar,113,16,9,0,138,0,6,19,1,26,113,22,28,1,164,12,0,12,176
03/17/2014,ONT,CA,AWP,WE,Towers with Radar,135,32,10,2,179,0,5,16,0,21,135,37,26,2,200,84,0,84,284
03/18/2014,ONT,CA,AWP,WE,Towers with Radar,160,49,16,0,225,0,4,21,0,25,160,53,37,0,250,46,0,46,296
03/19/2014,ONT,CA,AWP,WE,Towers with Radar,166,50,12,0,228,0,6,31,0,37,166,56,43,0,265,20,0,20,285
03/20/2014,ONT,CA,AWP,WE,Towers with Radar,157,44,26,0,227,0,5,23,2,30,157,49,49,2,257,0,0,0,257
03/21/2014,ONT,CA,AWP,WE,Towers with Radar,136,47,16,0,199,0,3,19,0,22,136,50,35,0,221,0,0,0,221
03/22/2014,ONT,CA,AWP,WE,Towers with Radar,101,41,11,0,153,0,1,5,0,6,101,42,16,0,159,0,0,0,159
03/23/2014,ONT,CA,AWP,WE,Towers with Radar,115,22,44,1,182,0,1,37,2,40,115,23,81,3,222,6,0,6,228
03/24/2014,ONT,CA,AWP,WE,Towers with Radar,131,35,19,1,186,0,5,27,0,32,131,40,46,1,218,0,0,0,218
03/25/2014,ONT,CA,AWP,WE,Towers with Radar,151,51,16,1,219,0,0,4,0,4,151,51,20,1,223,0,0,0,223
03/26/2014,ONT,CA,AWP,WE,Towers with Radar,167,55,10,0,232,0,2,26,0,28,167,57,36,0,260,0,0,0,260
03/27/2014,ONT,CA,AWP,WE,Towers with Radar,159,51,18,0,228,0,1,22,1,24,159,52,40,1,252,16,0,16,268
03/28/2014,ONT,CA,AWP,WE,Towers with Radar,156,45,9,0,210,0,4,17,0,21,156,49,26,0,231,2,0,2,233
03/29/2014,ONT,CA,AWP,WE,Towers with Radar,99,44,11,0,154,0,9,18,0,27,99,53,29,0,181,43,0,43,224
03/30/2014,ONT,CA,AWP,WE,Towers with Radar,119,16,3,0,138,0,8,14,0,22,119,24,17,0,160,22,0,22,182
03/31/2014,ONT,CA,AWP,WE,Towers with Radar,143,30,19,0,192,0,8,18,0,26,143,38,37,0,218,15,0,15,233
04/01/2014,ONT,CA,AWP,WE,Towers with Radar,159,56,8,1,224,0,2,18,1,21,159,58,26,2,245,4,0,4,249
04/02/2014,ONT,CA,AWP,WE,Towers with Radar,152,46,11,0,209,0,4,14,0,18,152,50,25,0,227,4,0,4,231
04/03/2014,ONT,CA,AWP,WE,Towers with Radar,158,45,12,0,215,0,13,30,0,43,158,58,42,0,258,30,0,30,288
04/04/2014,ONT,CA,AWP,WE,Towers with Radar,133,49,10,0,192,0,8,20,0,28,133,57,30,0,220,22,0,22,242
04/05/2014,ONT,CA,AWP,WE,Towers with Radar,103,35,15,0,153,0,6,36,0,42,103,41,51,0,195,8,0,8,203
04/06/2014,ONT,CA,AWP,WE,Towers with Radar,112,19,16,0,147,0,5,13,0,18,112,24,29,0,165,21,0,21,186
04/07/2014,ONT,CA,AWP,WE,Towers with Radar,135,33,10,0,178,0,6,22,0,28,135,39,32,0,206,6,0,6,212
04/08/2014,ONT,CA,AWP,WE,Towers with Radar,160,45,9,2,216,0,7,25,0,32,160,52,34,2,248,18,0,18,266
04/09/2014,ONT,CA,AWP,WE,Towers with Radar,158,45,14,0,217,0,9,22,0,31,158,54,36,0,248,0,0,0,248
04/10/2014,ONT,CA,AWP,WE,Towers with Radar,158,52,15,0,225,0,11,34,0,45,158,63,49,0,270,22,0,22,292
04/11/2014,ONT,CA,AWP,WE,Towers with Radar,148,51,9,0,208,0,14,35,0,49,148,65,44,0,257,10,0,10,267
04/12/2014,ONT,CA,AWP,WE,Towers with Radar,94,41,10,0,145,0,1,14,0,15,94,42,24,0,160,0,0,0,160
04/13/2014,ONT,CA,AWP,WE,Towers with Radar,111,20,11,0,142,0,2,10,1,13,111,22,21,1,155,6,0,6,161
04/14/2014,ONT,CA,AWP,WE,Towers with Radar,136,36,11,0,183,0,8,9,1,18,136,44,20,1,201,0,0,0,201
04/15/2014,ONT,CA,AWP,WE,Towers with Radar,158,48,8,0,214,0,8,14,0,22,158,56,22,0,236,0,0,0,236
04/16/2014,ONT,CA,AWP,WE,Towers with Radar,168,48,11,0,227,0,6,22,0,28,168,54,33,0,255,26,0,26,281
04/17/2014,ONT,CA,AWP,WE,Towers with Radar,166,48,11,2,227,0,4,18,3,25,166,52,29,5,252,73,2,75,327
04/18/2014,ONT,CA,AWP,WE,Towers with Radar,139,57,16,1,213,0,7,30,0,37,139,64,46,1,250,4,0,4,254
04/19/2014,ONT,CA,AWP,WE,Towers with Radar,99,43,8,0,150,0,7,21,0,28,99,50,29,0,178,0,0,0,178
04/20/2014,ONT,CA,AWP,WE,Towers with Radar,104,19,8,0,131,0,1,16,1,18,104,20,24,1,149,0,0,0,149
04/21/2014,ONT,CA,AWP,WE,Towers with Radar,130,38,26,0,194,0,7,31,0,38,130,45,57,0,232,4,0,4,236
04/22/2014,ONT,CA,AWP,WE,Towers with Radar,161,54,15,0,230,0,5,20,0,25,161,59,35,0,255,42,0,42,297
04/23/2014,ONT,CA,AWP,WE,Towers with Radar,158,49,13,0,220,0,8,34,0,42,158,57,47,0,262,0,0,0,262
04/24/2014,ONT,CA,AWP,WE,Towers with Radar,161,49,15,0,225,0,16,27,2,45,161,65,42,2,270,6,0,6,276
04/25/2014,ONT,CA,AWP,WE,Towers with Radar,134,48,12,0,194,0,9,14,0,23,134,57,26,0,217,0,0,0,217
04/26/2014,ONT,CA,AWP,WE,Towers with Radar,95,39,10,0,144,0,6,11,0,17,95,45,21,0,161,0,0,0,161
04/27/2014,ONT,CA,AWP,WE,Towers with Radar,105,18,14,0,137,0,4,11,0,15,105,22,25,0,152,7,0,7,159
04/28/2014,ONT,CA,AWP,WE,Towers with Radar,134,37,20,0,191,0,5,27,0,32,134,42,47,0,223,118,0,118,341
04/29/2014,ONT,CA,AWP,WE,Towers with Radar,145,50,14,0,209,0,2,9,0,11,145,52,23,0,220,0,0,0,220
04/30/2014,ONT,CA,AWP,WE,Towers with Radar,139,43,9,0,191,0,6,32,1,39,139,49,41,1,230,0,0,0,230
05/01/2014,ONT,CA,AWP,WE,Towers with Radar,171,49,14,0,234,0,6,17,0,23,171,55,31,0,257,2,0,2,259
05/02/2014,ONT,CA,AWP,WE,Towers with Radar,135,44,17,0,196,0,8,35,0,43,135,52,52,0,239,0,0,0,239
05/03/2014,ONT,CA,AWP,WE,Towers with Radar,90,30,11,0,131,0,7,13,0,20,90,37,24,0,151,0,0,0,151
05/04/2014,ONT,CA,AWP,WE,Towers with Radar,111,16,14,0,141,0,4,20,1,25,111,20,34,1,166,18,0,18,184
05/05/2014,ONT,CA,AWP,WE,Towers with Radar,131,31,17,0,179,0,9,37,0,46,131,40,54,0,225,24,0,24,249
05/06/2014,ONT,CA,AWP,WE,Towers with Radar,157,54,11,0,222,0,3,10,1,14,157,57,21,1,236,19,0,19,255
05/07/2014,ONT,CA,AWP,WE,Towers with Radar,159,53,28,0,240,0,3,31,0,34,159,56,59,0,274,21,0,21,295
05/08/2014,ONT,CA,AWP,WE,Towers with Radar,160,47,17,0,224,0,6,21,1,28,160,53,38,1,252,2,0,2,254
05/09/2014,ONT,CA,AWP,WE,Towers with Radar,144,50,15,0,209,0,7,37,2,46,144,57,52,2,255,26,0,26,281
05/10/2014,ONT,CA,AWP,WE,Towers with Radar,96,48,8,0,152,0,3,18,0,21,96,51,26,0,173,0,0,0,173
05/11/2014,ONT,CA,AWP,WE,Towers with Radar,115,15,12,0,142,0,2,5,0,7,115,17,17,0,149,0,0,0,149
05/12/2014,ONT,CA,AWP,WE,Towers with Radar,126,32,17,0,175,0,6,9,0,15,126,38,26,0,190,4,0,4,194
05/13/2014,ONT,CA,AWP,WE,Towers with Radar,151,52,14,0,217,0,3,5,0,8,151,55,19,0,225,0,0,0,225
05/14/2014,ONT,CA,AWP,WE,Towers with Radar,171,54,11,0,236,0,4,15,0,19,171,58,26,0,255,0,0,0,255
05/15/2014,ONT,CA,AWP,WE,Towers with Radar,160,43,11,0,214,0,11,20,1,32,160,54,31,1,246,2,0,2,248
05/16/2014,ONT,CA,AWP,WE,Towers with Radar,138,44,25,0,207,0,6,40,0,46,138,50,65,0,253,18,0,18,271
05/17/2014,ONT,CA,AWP,WE,Towers with Radar,95,31,18,0,144,0,8,15,0,23,95,39,33,0,167,4,0,4,171
05/18/2014,ONT,CA,AWP,WE,Towers with Radar,109,18,19,0,146,0,3,11,0,14,109,21,30,0,160,2,0,2,162
05/19/2014,ONT,CA,AWP,WE,Towers with Radar,134,31,23,0,188,0,8,32,0,40,134,39,55,0,228,4,0,4,232
05/20/2014,ONT,CA,AWP,WE,Towers with Radar,144,54,8,0,206,0,3,23,0,26,144,57,31,0,232,6,0,6,238
05/21/2014,ONT,CA,AWP,WE,Towers with Radar,161,51,13,0,225,0,4,16,2,22,161,55,29,2,247,6,0,6,253
05/22/2014,ONT,CA,AWP,WE,Towers with Radar,171,47,23,0,241,0,3,5,0,8,171,50,28,0,249,16,0,16,265
05/23/2014,ONT,CA,AWP,WE,Towers with Radar,142,47,16,0,205,0,6,17,2,25,142,53,33,2,230,28,0,28,258
05/24/2014,ONT,CA,AWP,WE,Towers with Radar,85,30,8,0,123,0,0,0,0,0,85,30,8,0,123,0,0,0,123
05/25/2014,ONT,CA,AWP,WE,Towers with Radar,90,18,9,0,117,0,5,16,0,21,90,23,25,0,138,0,0,0,138
05/26/2014,ONT,CA,AWP,WE,Towers with Radar,104,15,6,0,125,0,4,16,0,20,104,19,22,0,145,2,0,2,147
05/27/2014,ONT,CA,AWP,WE,Towers with Radar,139,38,15,0,192,0,6,29,0,35,139,44,44,0,227,42,0,42,269
05/28/2014,ONT,CA,AWP,WE,Towers with Radar,178,51,15,0,244,0,7,18,1,26,178,58,33,1,270,4,0,4,274
05/29/2014,ONT,CA,AWP,WE,Towers with Radar,167,50,16,0,233,0,4,10,0,14,167,54,26,0,247,48,0,48,295
05/30/2014,ONT,CA,AWP,WE,Towers with Radar,143,42,16,0,201,0,8,25,2,35,143,50,41,2,236,18,0,18,254
05/31/2014,ONT,CA,AWP,WE,Towers with Radar,91,33,8,0,132,0,5,27,0,32,91,38,35,0,164,0,0,0,164
06/01/2014,ONT,CA,AWP,WE,Towers with Radar,111,15,10,0,136,0,2,1,1,4,111,17,11,1,140,2,0,2,142
06/02/2014,ONT,CA,AWP,WE,Towers with Radar,135,35,8,0,178,0,8,12,0,20,135,43,20,0,198,48,0,48,246
06/03/2014,ONT,CA,AWP,WE,Towers with Radar,162,42,20,2,226,0,10,26,0,36,162,52,46,2,262,8,0,8,270
06/04/2014,ONT,CA,AWP,WE,Towers with Radar,177,47,11,0,235,0,8,34,15,57,177,55,45,15,292,0,0,0,292
06/05/2014,ONT,CA,AWP,WE,Towers with Radar,248,45,9,1,303,1,7,25,2,35,249,52,34,3,338,4,0,4,342
06/06/2014,ONT,CA,AWP,WE,Towers with Radar,155,40,10,0,205,0,11,25,0,36,155,51,35,0,241,6,0,6,247
06/07/2014,ONT,CA,AWP,WE,Towers with Radar,98,41,4,0,143,0,4,30,0,34,98,45,34,0,177,0,0,0,177
06/08/2014,ONT,CA,AWP,WE,Towers with Radar,113,16,9,0,138,0,0,19,0,19,113,16,28,0,157,5,0,5,162
06/09/2014,ONT,CA,AWP,WE,Towers with Radar,136,35,7,0,178,0,8,26,0,34,136,43,33,0,212,0,0,0,212
06/10/2014,ONT,CA,AWP,WE,Towers with Radar,161,56,16,0,233,0,4,24,1,29,161,60,40,1,262,0,0,0,262
06/11/2014,ONT,CA,AWP,WE,Towers with Radar,159,46,23,0,228,0,6,14,0,20,159,52,37,0,248,2,0,2,250
06/12/2014,ONT,CA,AWP,WE,Towers with Radar,159,45,23,1,228,0,8,21,2,31,159,53,44,3,259,36,0,36,295
06/13/2014,ONT,CA,AWP,WE,Towers with Radar,143,51,14,0,208,0,4,32,0,36,143,55,46,0,244,10,0,10,254
06/14/2014,ONT,CA,AWP,WE,Towers with Radar,100,38,13,0,151,0,2,16,0,18,100,40,29,0,169,30,0,30,199
06/15/2014,ONT,CA,AWP,WE,Towers with Radar,117,15,10,1,143,0,2,9,0,11,117,17,19,1,154,18,0,18,172
06/16/2014,ONT,CA,AWP,WE,Towers with Radar,131,38,15,3,187,0,6,31,0,37,131,44,46,3,224,7,0,7,231
06/17/2014,ONT,CA,AWP,WE,Towers with Radar,168,41,9,0,218,0,6,15,0,21,168,47,24,0,239,24,0,24,263
06/18/2014,ONT,CA,AWP,WE,Towers with Radar,174,44,14,0,232,0,5,15,0,20,174,49,29,0,252,0,0,0,252
06/19/2014,ONT,CA,AWP,WE,Towers with Radar,170,47,17,4,238,0,7,37,0,44,170,54,54,4,282,38,0,38,320
06/20/2014,ONT,CA,AWP,WE,Towers with Radar,148,51,10,4,213,0,8,28,2,38,148,59,38,6,251,8,0,8,259
06/21/2014,ONT,CA,AWP,WE,Towers with Radar,103,31,8,0,142,2,5,21,0,28,105,36,29,0,170,0,0,0,170
06/22/2014,ONT,CA,AWP,WE,Towers with Radar,119,20,12,0,151,0,1,10,0,11,119,21,22,0,162,0,0,0,162
06/23/2014,ONT,CA,AWP,WE,Towers with Radar,131,33,7,0,171,0,6,26,1,33,131,39,33,1,204,0,0,0,204
06/24/2014,ONT,CA,AWP,WE,Towers with Radar,165,50,24,0,239,0,3,20,0,23,165,53,44,0,262,4,0,4,266
06/25/2014,ONT,CA,AWP,WE,Towers with Radar,160,50,21,0,231,0,4,14,0,18,160,54,35,0,249,2,0,2,251
06/26/2014,ONT,CA,AWP,WE,Towers with Radar,160,42,20,0,222,0,5,15,0,20,160,47,35,0,242,20,0,20,262
06/27/2014,ONT,CA,AWP,WE,Towers with Radar,139,56,11,0,206,0,3,9,0,12,139,59,20,0,218,0,0,0,218
06/28/2014,ONT,CA,AWP,WE,Towers with Radar,100,41,6,0,147,0,5,16,2,23,100,46,22,2,170,14,0,14,184
06/29/2014,ONT,CA,AWP,WE,Towers with Radar,115,17,13,0,145,0,1,10,0,11,115,18,23,0,156,4,0,4,160
06/30/2014,ONT,CA,AWP,WE,Towers with Radar,135,37,14,1,187,0,3,19,0,22,135,40,33,1,209,30,0,30,239
07/01/2014,ONT,CA,AWP,WE,Towers with Radar,158,44,9,0,211,0,5,21,1,27,158,49,30,1,238,14,0,14,252
07/02/2014,ONT,CA,AWP,WE,Towers with Radar,166,46,15,1,228,0,5,8,1,14,166,51,23,2,242,32,0,32,274
07/03/2014,ONT,CA,AWP,WE,Towers with Radar,156,44,12,0,212,0,7,36,2,45,156,51,48,2,257,37,0,37,294
07/04/2014,ONT,CA,AWP,WE,Towers with Radar,73,12,4,1,90,0,0,18,0,18,73,12,22,1,108,14,0,14,122
07/05/2014,ONT,CA,AWP,WE,Towers with Radar,90,32,7,0,129,0,3,14,0,17,90,35,21,0,146,6,0,6,152
07/06/2014,ONT,CA,AWP,WE,Towers with Radar,115,20,8,2,145,0,4,15,0,19,115,24,23,2,164,12,0,12,176
07/07/2014,ONT,CA,AWP,WE,Towers with Radar,139,28,12,0,179,0,7,33,2,42,139,35,45,2,221,0,0,0,221
07/08/2014,ONT,CA,AWP,WE,Towers with Radar,154,52,9,0,215,0,8,22,0,30,154,60,31,0,245,12,0,12,257
07/09/2014,ONT,CA,AWP,WE,Towers with Radar,173,45,16,0,234,0,8,15,0,23,173,53,31,0,257,14,0,14,271
07/10/2014,ONT,CA,AWP,WE,Towers with Radar,162,49,14,1,226,0,5,30,1,36,162,54,44,2,262,2,0,2,264
07/11/2014,ONT,CA,AWP,WE,Towers with Radar,134,40,21,2,197,0,8,35,0,43,134,48,56,2,240,0,0,0,240
07/12/2014,ONT,CA,AWP,WE,Towers with Radar,105,30,6,0,141,0,4,34,1,39,105,34,40,1,180,6,0,6,186
07/13/2014,ONT,CA,AWP,WE,Towers with Radar,113,17,11,0,141,0,0,17,0,17,113,17,28,0,158,62,0,62,220
07/14/2014,ONT,CA,AWP,WE,Towers with Radar,140,30,13,0,183,0,6,29,0,35,140,36,42,0,218,10,0,10,228
07/15/2014,ONT,CA,AWP,WE,Towers with Radar,162,54,17,0,233,0,4,22,1,27,162,58,39,1,260,0,0,0,260
07/16/2014,ONT,CA,AWP,WE,Towers with Radar,161,54,18,0,233,0,4,27,1,32,161,58,45,1,265,4,0,4,269
07/17/2014,ONT,CA,AWP,WE,Towers with Radar,158,47,12,0,217,0,4,16,0,20,158,51,28,0,237,0,0,0,237
07/18/2014,ONT,CA,AWP,WE,Towers with Radar,139,48,11,0,198,0,5,20,0,25,139,53,31,0,223,0,0,0,223
07/19/2014,ONT,CA,AWP,WE,Towers with Radar,101,34,9,0,144,0,4,29,0,33,101,38,38,0,177,4,0,4,181
07/20/2014,ONT,CA,AWP,WE,Towers with Radar,111,18,9,0,138,0,0,14,0,14,111,18,23,0,152,0,0,0,152
07/21/2014,ONT,CA,AWP,WE,Towers with Radar,133,34,11,0,178,0,4,19,0,23,133,38,30,0,201,38,0,38,239
07/22/2014,ONT,CA,AWP,WE,Towers with Radar,164,42,8,0,214,0,5,38,0,43,164,47,46,0,257,0,0,0,257
07/23/2014,ONT,CA,AWP,WE,Towers with Radar,157,45,19,0,221,0,5,16,0,21,157,50,35,0,242,0,0,0,242
07/24/2014,ONT,CA,AWP,WE,Towers with Radar,164,47,16,0,227,0,7,42,1,50,164,54,58,1,277,14,0,14,291
07/25/2014,ONT,CA,AWP,WE,Towers with Radar,135,42,18,1,196,0,10,31,0,41,135,52,49,1,237,4,0,4,241
07/26/2014,ONT,CA,AWP,WE,Towers with Radar,103,31,6,0,140,0,7,11,0,18,103,38,17,0,158,0,0,0,158
07/27/2014,ONT,CA,AWP,WE,Towers with Radar,115,18,12,2,147,0,0,12,0,12,115,18,24,2,159,14,0,14,173
07/28/2014,ONT,CA,AWP,WE,Towers with Radar,132,33,8,0,173,0,4,20,0,24,132,37,28,0,197,6,0,6,203
07/29/2014,ONT,CA,AWP,WE,Towers with Radar,160,53,10,1,224,0,3,24,0,27,160,56,34,1,251,34,0,34,285
07/30/2014,ONT,CA,AWP,WE,Towers with Radar,174,47,20,0,241,0,5,34,0,39,174,52,54,0,280,26,0,26,306
07/31/2014,ONT,CA,AWP,WE,Towers with Radar,162,44,16,0,222,0,4,34,0,38,162,48,50,0,260,65,0,65,325
08/01/2014,ONT,CA,AWP,WE,Towers with Radar,147,44,6,1,198,0,5,40,0,45,147,49,46,1,243,6,0,6,249
08/02/2014,ONT,CA,AWP,WE,Towers with Radar,112,34,8,0,154,0,2,8,0,10,112,36,16,0,164,0,0,0,164
08/03/2014,ONT,CA,AWP,WE,Towers with Radar,113,17,11,0,141,0,0,25,0,25,113,17,36,0,166,0,0,0,166
08/04/2014,ONT,CA,AWP,WE,Towers with Radar,141,32,15,0,188,0,2,21,0,23,141,34,36,0,211,14,0,14,225
08/05/2014,ONT,CA,AWP,WE,Towers with Radar,158,48,12,0,218,0,6,18,0,24,158,54,30,0,242,0,0,0,242
08/06/2014,ONT,CA,AWP,WE,Towers with Radar,161,47,10,0,218,0,7,32,1,40,161,54,42,1,258,23,0,23,281
08/07/2014,ONT,CA,AWP,WE,Towers with Radar,160,43,13,0,216,0,3,21,1,25,160,46,34,1,241,0,0,0,241
08/08/2014,ONT,CA,AWP,WE,Towers with Radar,140,46,12,2,200,0,5,9,0,14,140,51,21,2,214,0,0,0,214
08/09/2014,ONT,CA,AWP,WE,Towers with Radar,104,32,9,0,145,0,5,10,1,16,104,37,19,1,161,18,0,18,179
08/10/2014,ONT,CA,AWP,WE,Towers with Radar,106,19,18,0,143,0,0,13,0,13,106,19,31,0,156,0,0,0,156
08/11/2014,ONT,CA,AWP,WE,Towers with Radar,134,38,9,0,181,0,4,15,0,19,134,42,24,0,200,0,0,0,200
08/12/2014,ONT,CA,AWP,WE,Towers with Radar,161,49,9,0,219,0,4,24,0,28,161,53,33,0,247,2,0,2,249
08/13/2014,ONT,CA,AWP,WE,Towers with Radar,179,52,16,0,247,0,6,14,0,20,179,58,30,0,267,2,0,2,269
08/14/2014,ONT,CA,AWP,WE,Towers with Radar,163,49,18,0,230,0,7,36,0,43,163,56,54,0,273,14,0,14,287
08/15/2014,ONT,CA,AWP,WE,Towers with Radar,135,42,9,0,186,0,6,21,0,27,135,48,30,0,213,2,0,2,215
08/16/2014,ONT,CA,AWP,WE,Towers with Radar,102,32,9,0,143,0,3,6,0,9,102,35,15,0,152,0,0,0,152
08/17/2014,ONT,CA,AWP,WE,Towers with Radar,144,20,8,0,172,0,0,16,0,16,144,20,24,0,188,20,0,20,208
08/18/2014,ONT,CA,AWP,WE,Towers with Radar,137,32,12,0,181,0,6,18,0,24,137,38,30,0,205,0,0,0,205
08/19/2014,ONT,CA,AWP,WE,Towers with Radar,157,48,12,1,218,0,6,14,0,20,157,54,26,1,238,2,0,2,240
08/20/2014,ONT,CA,AWP,WE,Towers with Radar,158,47,11,1,217,0,5,26,1,32,158,52,37,2,249,16,0,16,265
08/21/2014,ONT,CA,AWP,WE,Towers with Radar,161,45,19,0,225,0,7,24,0,31,161,52,43,0,256,2,0,2,258
08/22/2014,ONT,CA,AWP,WE,Towers with Radar,135,50,18,0,203,0,11,22,0,33,135,61,40,0,236,20,0,20,256
08/23/2014,ONT,CA,AWP,WE,Towers with Radar,102,31,13,0,146,0,2,17,1,20,102,33,30,1,166,12,0,12,178
08/24/2014,ONT,CA,AWP,WE,Towers with Radar,104,19,17,0,140,0,0,3,0,3,104,19,20,0,143,0,0,0,143
08/25/2014,ONT,CA,AWP,WE,Towers with Radar,135,37,21,0,193,0,4,25,0,29,135,41,46,0,222,0,0,0,222
08/26/2014,ONT,CA,AWP,WE,Towers with Radar,153,50,12,0,215,0,4,22,0,26,153,54,34,0,241,0,0,0,241
08/27/2014,ONT,CA,AWP,WE,Towers with Radar,217,48,11,1,277,0,8,31,1,40,217,56,42,2,317,16,0,16,333
08/28/2014,ONT,CA,AWP,WE,Towers with Radar,168,47,19,0,234,0,8,19,1,28,168,55,38,1,262,20,0,20,282
08/29/2014,ONT,CA,AWP,WE,Towers with Radar,139,43,21,1,204,0,5,29,0,34,139,48,50,1,238,12,0,12,250
08/30/2014,ONT,CA,AWP,WE,Towers with Radar,84,26,10,0,120,0,5,24,5,34,84,31,34,5,154,28,0,28,182
08/31/2014,ONT,CA,AWP,WE,Towers with Radar,81,12,18,0,111,0,0,21,0,21,81,12,39,0,132,10,0,10,142
09/01/2014,ONT,CA,AWP,WE,Towers with Radar,106,16,11,1,134,0,0,14,0,14,106,16,25,1,148,10,0,10,158
09/02/2014,ONT,CA,AWP,WE,Towers with Radar,130,38,23,0,191,0,6,11,1,18,130,44,34,1,209,6,0,6,215
09/03/2014,ONT,CA,AWP,WE,Towers with Radar,172,59,12,0,243,0,3,14,6,23,172,62,26,6,266,12,0,12,278
09/04/2014,ONT,CA,AWP,WE,Towers with Radar,166,51,20,0,237,0,5,24,5,34,166,56,44,5,271,0,0,0,271
09/05/2014,ONT,CA,AWP,WE,Towers with Radar,143,44,8,0,195,0,12,24,2,38,143,56,32,2,233,26,0,26,259
09/06/2014,ONT,CA,AWP,WE,Towers with Radar,95,30,7,0,132,0,7,20,1,28,95,37,27,1,160,0,0,0,160
09/07/2014,ONT,CA,AWP,WE,Towers with Radar,108,16,9,0,133,0,3,10,5,18,108,19,19,5,151,0,0,0,151
09/08/2014,ONT,CA,AWP,WE,Towers with Radar,135,37,12,0,184,0,1,20,0,21,135,38,32,0,205,0,0,0,205
09/09/2014,ONT,CA,AWP,WE,Towers with Radar,155,47,26,0,228,0,7,29,1,37,155,54,55,1,265,2,0,2,267
09/10/2014,ONT,CA,AWP,WE,Towers with Radar,162,43,13,0,218,0,9,21,5,35,162,52,34,5,253,10,0,10,263
09/11/2014,ONT,CA,AWP,WE,Towers with Radar,158,55,9,0,222,0,7,13,6,26,158,62,22,6,248,6,0,6,254
09/12/2014,ONT,CA,AWP,WE,Towers with Radar,140,44,24,0,208,0,10,11,1,22,140,54,35,1,230,0,0,0,230
09/13/2014,ONT,CA,AWP,WE,Towers with Radar,95,33,9,0,137,0,8,27,2,37,95,41,36,2,174,0,0,0,174
09/14/2014,ONT,CA,AWP,WE,Towers with Radar,108,18,14,0,140,0,1,8,8,17,108,19,22,8,157,18,0,18,175
09/15/2014,ONT,CA,AWP,WE,Towers with Radar,134,30,14,0,178,0,5,18,2,25,134,35,32,2,203,2,0,2,205
09/16/2014,ONT,CA,AWP,WE,Towers with Radar,156,41,12,0,209,0,6,22,0,28,156,47,34,0,237,10,0,10,247
09/17/2014,ONT,CA,AWP,WE,Towers with Radar,155,53,12,0,220,0,5,21,3,29,155,58,33,3,249,12,0,12,261
09/18/2014,ONT,CA,AWP,WE,Towers with Radar,160,40,20,0,220,0,11,20,4,35,160,51,40,4,255,2,0,2,257
09/19/2014,ONT,CA,AWP,WE,Towers with Radar,150,52,18,0,220,0,5,21,3,29,150,57,39,3,249,0,0,0,249
09/20/2014,ONT,CA,AWP,WE,Towers with Radar,93,32,11,0,136,0,1,13,4,18,93,33,24,4,154,0,0,0,154
09/21/2014,ONT,CA,AWP,WE,Towers with Radar,109,14,11,0,134,0,0,14,6,20,109,14,25,6,154,14,0,14,168
09/22/2014,ONT,CA,AWP,WE,Towers with Radar,140,29,7,0,176,0,5,30,0,35,140,34,37,0,211,5,0,5,216
09/23/2014,ONT,CA,AWP,WE,Towers with Radar,159,41,10,0,210,0,3,24,0,27,159,44,34,0,237,14,0,14,251
09/24/2014,ONT,CA,AWP,WE,Towers with Radar,158,44,14,0,216,0,6,15,3,24,158,50,29,3,240,27,0,27,267
09/25/2014,ONT,CA,AWP,WE,Towers with Radar,165,38,27,0,230,0,5,28,2,35,165,43,55,2,265,2,0,2,267
09/26/2014,ONT,CA,AWP,WE,Towers with Radar,151,48,18,0,217,0,8,32,4,44,151,56,50,4,261,16,0,16,277
09/27/2014,ONT,CA,AWP,WE,Towers with Radar,92,26,5,1,124,2,8,7,3,20,94,34,12,4,144,2,0,2,146
09/28/2014,ONT,CA,AWP,WE,Towers with Radar,117,14,13,2,146,0,1,13,2,16,117,15,26,4,162,10,0,10,172
09/29/2014,ONT,CA,AWP,WE,Towers with Radar,138,36,14,0,188,0,6,13,0,19,138,42,27,0,207,0,0,0,207
09/30/2014,ONT,CA,AWP,WE,Towers with Radar,160,49,10,1,220,0,7,12,1,20,160,56,22,2,240,6,0,6,246
10/01/2014,ONT,CA,AWP,WE,Towers with Radar,166,50,13,0,229,0,6,23,4,33,166,56,36,4,262,0,0,0,262
10/02/2014,ONT,CA,AWP,WE,Towers with Radar,160,43,14,0,217,0,7,9,1,17,160,50,23,1,234,0,0,0,234
10/03/2014,ONT,CA,AWP,WE,Towers with Radar,142,42,6,0,190,0,8,21,1,30,142,50,27,1,220,0,0,0,220
10/04/2014,ONT,CA,AWP,WE,Towers with Radar,96,34,15,0,145,0,6,17,1,24,96,40,32,1,169,0,0,0,169
10/05/2014,ONT,CA,AWP,WE,Towers with Radar,115,19,15,0,149,0,2,29,7,38,115,21,44,7,187,0,0,0,187
10/06/2014,ONT,CA,AWP,WE,Towers with Radar,134,37,9,0,180,0,3,21,1,25,134,40,30,1,205,16,0,16,221
10/07/2014,ONT,CA,AWP,WE,Towers with Radar,159,44,14,0,217,0,4,16,0,20,159,48,30,0,237,6,0,6,243
10/08/2014,ONT,CA,AWP,WE,Towers with Radar,156,50,10,0,216,0,4,19,3,26,156,54,29,3,242,2,0,2,244
10/09/2014,ONT,CA,AWP,WE,Towers with Radar,165,51,20,0,236,0,2,20,3,25,165,53,40,3,261,0,0,0,261
10/10/2014,ONT,CA,AWP,WE,Towers with Radar,135,53,14,0,202,0,3,25,3,31,135,56,39,3,233,2,0,2,235
10/11/2014,ONT,CA,AWP,WE,Towers with Radar,101,31,10,1,143,0,1,26,2,29,101,32,36,3,172,0,0,0,172
10/12/2014,ONT,CA,AWP,WE,Towers with Radar,110,15,13,0,138,0,0,20,5,25,110,15,33,5,163,6,0,6,169
10/13/2014,ONT,CA,AWP,WE,Towers with Radar,151,34,8,0,193,0,3,15,0,18,151,37,23,0,211,4,0,4,215
10/14/2014,ONT,CA,AWP,WE,Towers with Radar,155,51,21,0,227,0,0,22,0,22,155,51,43,0,249,4,0,4,253
10/15/2014,ONT,CA,AWP,WE,Towers with Radar,155,58,24,1,238,0,2,19,3,24,155,60,43,4,262,2,0,2,264
10/16/2014,ONT,CA,AWP,WE,Towers with Radar,163,51,21,0,235,0,3,28,2,33,163,54,49,2,268,10,0,10,278
10/17/2014,ONT,CA,AWP,WE,Towers with Radar,136,53,18,0,207,0,0,26,5,31,136,53,44,5,238,0,0,0,238
10/18/2014,ONT,CA,AWP,WE,Towers with Radar,96,34,12,3,145,0,1,51,0,52,96,35,63,3,197,2,0,2,199
10/19/2014,ONT,CA,AWP,WE,Towers with Radar,107,18,12,0,137,0,0,9,2,11,107,18,21,2,148,12,0,12,160
10/20/2014,ONT,CA,AWP,WE,Towers with Radar,140,32,11,6,189,0,1,13,1,15,140,33,24,7,204,16,0,16,220
10/21/2014,ONT,CA,AWP,WE,Towers with Radar,163,54,28,15,260,0,2,52,2,56,163,56,80,17,316,98,0,98,414
10/22/2014,ONT,CA,AWP,WE,Towers with Radar,161,53,13,15,242,0,3,36,1,40,161,56,49,16,282,14,0,14,296
10/23/2014,ONT,CA,AWP,WE,Towers with Radar,164,61,15,23,263,0,6,37,4,47,164,67,52,27,310,0,0,0,310
10/24/2014,ONT,CA,AWP,WE,Towers with Radar,138,53,14,12,217,0,5,20,0,25,138,58,34,12,242,8,0,8,250
10/25/2014,ONT,CA,AWP,WE,Towers with Radar,95,33,7,12,147,0,4,23,3,30,95,37,30,15,177,4,0,4,181
10/26/2014,ONT,CA,AWP,WE,Towers with Radar,115,19,17,14,165,0,0,12,3,15,115,19,29,17,180,4,0,4,184
10/27/2014,ONT,CA,AWP,WE,Towers with Radar,139,33,10,4,186,0,3,11,0,14,139,36,21,4,200,16,0,16,216
10/28/2014,ONT,CA,AWP,WE,Towers with Radar,165,51,18,9,243,1,1,24,0,26,166,52,42,9,269,4,0,4,273
10/29/2014,ONT,CA,AWP,WE,Towers with Radar,162,52,15,6,235,0,2,21,4,27,162,54,36,10,262,24,0,24,286
10/30/2014,ONT,CA,AWP,WE,Towers with Radar,166,48,27,14,255,0,0,18,2,20,166,48,45,16,275,12,0,12,287
10/31/2014,ONT,CA,AWP,WE,Towers with Radar,128,47,13,4,192,0,2,8,0,10,128,49,21,4,202,0,0,0,202
11/01/2014,ONT,CA,AWP,WE,Towers with Radar,92,35,14,0,141,0,1,8,0,9,92,36,22,0,150,8,0,8,158
11/02/2014,ONT,CA,AWP,WE,Towers with Radar,116,18,10,0,144,0,0,8,3,11,116,18,18,3,155,34,0,34,189
11/03/2014,ONT,CA,AWP,WE,Towers with Radar,153,41,15,0,209,0,1,19,0,20,153,42,34,0,229,18,0,18,247
11/04/2014,ONT,CA,AWP,WE,Towers with Radar,169,49,15,1,234,0,2,16,0,18,169,51,31,1,252,0,0,0,252
11/05/2014,ONT,CA,AWP,WE,Towers with Radar,171,57,8,1,237,0,5,15,2,22,171,62,23,3,259,30,0,30,289
11/06/2014,ONT,CA,AWP,WE,Towers with Radar,168,52,15,0,235,0,3,44,6,53,168,55,59,6,288,0,0,0,288
11/07/2014,ONT,CA,AWP,WE,Towers with Radar,135,48,17,0,200,0,7,25,0,32,135,55,42,0,232,16,0,16,248
11/08/2014,ONT,CA,AWP,WE,Towers with Radar,100,26,9,0,135,0,6,40,1,47,100,32,49,1,182,12,0,12,194
11/09/2014,ONT,CA,AWP,WE,Towers with Radar,107,21,15,0,143,0,0,16,3,19,107,21,31,3,162,20,0,20,182
11/10/2014,ONT,CA,AWP,WE,Towers with Radar,136,35,12,2,185,0,0,13,3,16,136,35,25,5,201,22,0,22,223
11/11/2014,ONT,CA,AWP,WE,Towers with Radar,160,49,16,0,225,0,0,26,0,26,160,49,42,0,251,28,0,28,279
11/12/2014,ONT,CA,AWP,WE,Towers with Radar,160,42,23,0,225,0,2,30,3,35,160,44,53,3,260,28,0,28,288
11/13/2014,ONT,CA,AWP,WE,Towers with Radar,156,51,11,0,218,0,2,21,3,26,156,53,32,3,244,0,0,0,244
11/14/2014,ONT,CA,AWP,WE,Towers with Radar,138,49,15,0,202,0,3,13,1,17,138,52,28,1,219,28,0,28,247
11/15/2014,ONT,CA,AWP,WE,Towers with Radar,125,51,20,2,198,0,2,6,1,9,125,53,26,3,207,6,0,6,213
11/16/2014,ONT,CA,AWP,WE,Towers with Radar,100,16,11,0,127,0,0,6,1,7,100,16,17,1,134,0,0,0,134
11/17/2014,ONT,CA,AWP,WE,Towers with Radar,142,40,16,0,198,0,3,14,0,17,142,43,30,0,215,34,0,34,249
11/18/2014,ONT,CA,AWP,WE,Towers with Radar,163,49,27,0,239,0,3,28,0,31,163,52,55,0,270,12,0,12,282
11/19/2014,ONT,CA,AWP,WE,Towers with Radar,166,49,19,4,238,0,3,28,6,37,166,52,47,10,275,6,0,6,281
11/20/2014,ONT,CA,AWP,WE,Towers with Radar,163,45,17,1,226,0,3,43,3,49,163,48,60,4,275,8,0,8,283
11/21/2014,ONT,CA,AWP,WE,Towers with Radar,147,55,19,0,221,0,5,32,4,41,147,60,51,4,262,44,0,44,306
11/22/2014,ONT,CA,AWP,WE,Towers with Radar,103,32,6,0,141,0,9,17,1,27,103,41,23,1,168,16,0,16,184
11/23/2014,ONT,CA,AWP,WE,Towers with Radar,109,18,3,0,130,0,0,6,4,10,109,18,9,4,140,0,0,0,140
11/24/2014,ONT,CA,AWP,WE,Towers with Radar,148,43,11,0,202,0,3,8,0,11,148,46,19,0,213,20,0,20,233
11/25/2014,ONT,CA,AWP,WE,Towers with Radar,183,59,13,0,255,0,3,13,0,16,183,62,26,0,271,10,0,10,281
11/26/2014,ONT,CA,AWP,WE,Towers with Radar,156,57,15,0,228,0,3,19,3,25,156,60,34,3,253,0,0,0,253
11/27/2014,ONT,CA,AWP,WE,Towers with Radar,76,11,8,0,95,0,3,5,0,8,76,14,13,0,103,0,0,0,103
11/28/2014,ONT,CA,AWP,WE,Towers with Radar,116,42,2,0,160,0,5,14,2,21,116,47,16,2,181,10,0,10,191
11/29/2014,ONT,CA,AWP,WE,Towers with Radar,108,30,5,0,143,0,6,24,0,30,108,36,29,0,173,6,0,6,179
11/30/2014,ONT,CA,AWP,WE,Towers with Radar,134,19,16,1,170,0,2,0,2,4,134,21,16,3,174,0,0,0,174
12/01/2014,ONT,CA,AWP,WE,Towers with Radar,149,52,12,0,213,0,14,12,0,26,149,66,24,0,239,37,0,37,276
12/02/2014,ONT,CA,AWP,WE,Towers with Radar,182,59,16,0,257,0,0,0,0,0,182,59,16,0,257,0,0,0,257
12/03/2014,ONT,CA,AWP,WE,Towers with Radar,184,55,9,0,248,0,1,5,0,6,184,56,14,0,254,6,0,6,260
12/04/2014,ONT,CA,AWP,WE,Towers with Radar,184,61,20,0,265,0,5,20,3,28,184,66,40,3,293,20,0,20,313
12/05/2014,ONT,CA,AWP,WE,Towers with Radar,154,54,21,0,229,0,4,22,0,26,154,58,43,0,255,7,0,7,262
12/06/2014,ONT,CA,AWP,WE,Towers with Radar,97,35,15,0,147,0,3,22,1,26,97,38,37,1,173,31,0,31,204
12/07/2014,ONT,CA,AWP,WE,Towers with Radar,113,13,15,0,141,0,3,23,5,31,113,16,38,5,172,6,0,6,178
12/08/2014,ONT,CA,AWP,WE,Towers with Radar,138,47,9,0,194,0,7,9,1,17,138,54,18,1,211,48,14,62,273
12/09/2014,ONT,CA,AWP,WE,Towers with Radar,199,51,17,0,267,0,5,17,0,22,199,56,34,0,289,2,0,2,291
12/10/2014,ONT,CA,AWP,WE,Towers with Radar,203,60,17,0,280,0,4,24,3,31,203,64,41,3,311,10,0,10,321
12/11/2014,ONT,CA,AWP,WE,Towers with Radar,176,53,15,0,244,0,3,7,3,13,176,56,22,3,257,0,0,0,257
12/12/2014,ONT,CA,AWP,WE,Towers with Radar,160,56,16,0,232,0,0,7,0,7,160,56,23,0,239,0,0,0,239
12/13/2014,ONT,CA,AWP,WE,Towers with Radar,107,35,10,0,152,0,7,20,0,27,107,42,30,0,179,5,0,5,184
12/14/2014,ONT,CA,AWP,WE,Towers with Radar,115,14,10,0,139,0,1,12,4,17,115,15,22,4,156,6,0,6,162
12/15/2014,ONT,CA,AWP,WE,Towers with Radar,144,43,15,0,202,0,1,18,2,21,144,44,33,2,223,10,28,38,261
12/16/2014,ONT,CA,AWP,WE,Towers with Radar,204,60,23,0,287,0,1,6,3,10,204,61,29,3,297,0,16,16,313
12/17/2014,ONT,CA,AWP,WE,Towers with Radar,203,65,16,0,284,0,0,9,6,15,203,65,25,6,299,26,0,26,325
12/18/2014,ONT,CA,AWP,WE,Towers with Radar,213,65,19,0,297,0,0,22,11,33,213,65,41,11,330,46,0,46,376
12/19/2014,ONT,CA,AWP,WE,Towers with Radar,200,61,11,0,272,0,3,21,0,24,200,64,32,0,296,42,0,42,338
12/20/2014,ONT,CA,AWP,WE,Towers with Radar,159,34,10,0,203,0,6,16,3,25,159,40,26,3,228,4,0,4,232
12/21/2014,ONT,CA,AWP,WE,Towers with Radar,171,17,11,0,199,0,0,2,2,4,171,17,13,2,203,26,0,26,229
12/22/2014,ONT,CA,AWP,WE,Towers with Radar,187,39,11,0,237,0,11,30,1,42,187,50,41,1,279,42,14,56,335
12/23/2014,ONT,CA,AWP,WE,Towers with Radar,238,64,15,0,317,0,8,17,0,25,238,72,32,0,342,8,0,8,350
12/24/2014,ONT,CA,AWP,WE,Towers with Radar,154,52,8,0,214,0,11,12,3,26,154,63,20,3,240,14,0,14,254
12/25/2014,ONT,CA,AWP,WE,Towers with Radar,86,13,3,0,102,0,3,3,1,7,86,16,6,1,109,0,0,0,109
12/26/2014,ONT,CA,AWP,WE,Towers with Radar,134,44,14,0,192,0,6,9,0,15,134,50,23,0,207,6,0,6,213
12/27/2014,ONT,CA,AWP,WE,Towers with Radar,127,49,16,0,192,0,9,13,0,22,127,58,29,0,214,12,0,12,226
12/28/2014,ONT,CA,AWP,WE,Towers with Radar,114,19,6,0,139,0,0,13,2,15,114,19,19,2,154,10,0,10,164
12/29/2014,ONT,CA,AWP,WE,Towers with Radar,137,36,10,0,183,0,1,10,0,11,137,37,20,0,194,32,0,32,226
12/30/2014,ONT,CA,AWP,WE,Towers with Radar,186,48,5,1,240,0,0,4,0,4,186,48,9,1,244,0,0,0,244
12/31/2014,ONT,CA,AWP,WE,Towers with Radar,135,52,5,0,192,0,5,14,2,21,135,57,19,2,213,4,0,4,217
01/01/2015,ONT,CA,AWP,WE,Towers with Radar,80,17,6,0,103,0,0,6,6,12,80,17,12,6,115,4,0,4,119
01/02/2015,ONT,CA,AWP,WE,Towers with Radar,132,45,13,0,190,0,6,20,7,33,132,51,33,7,223,48,0,48,271
01/03/2015,ONT,CA,AWP,WE,Towers with Radar,114,28,19,0,161,0,6,8,1,15,114,34,27,1,176,0,0,0,176
01/04/2015,ONT,CA,AWP,WE,Towers with Radar,118,17,7,0,142,0,1,11,4,16,118,18,18,4,158,0,0,0,158
01/05/2015,ONT,CA,AWP,WE,Towers with Radar,143,40,13,0,196,0,4,13,0,17,143,44,26,0,213,2,0,2,215
01/06/2015,ONT,CA,AWP,WE,Towers with Radar,154,56,9,0,219,0,3,16,0,19,154,59,25,0,238,24,0,24,262
01/07/2015,ONT,CA,AWP,WE,Towers with Radar,151,48,17,0,216,0,5,14,6,25,151,53,31,6,241,15,0,15,256
01/08/2015,ONT,CA,AWP,WE,Towers with Radar,152,50,20,0,222,0,5,23,6,34,152,55,43,6,256,12,0,12,268
01/09/2015,ONT,CA,AWP,WE,Towers with Radar,133,51,19,0,203,0,6,24,3,33,133,57,43,3,236,0,0,0,236
01/10/2015,ONT,CA,AWP,WE,Towers with Radar,80,43,12,0,135,0,3,10,3,16,80,46,22,3,151,20,0,20,171
01/11/2015,ONT,CA,AWP,WE,Towers with Radar,98,19,12,0,129,0,1,3,3,7,98,20,15,3,136,0,0,0,136
01/12/2015,ONT,CA,AWP,WE,Towers with Radar,155,55,21,0,231,0,1,10,0,11,155,56,31,0,242,0,0,0,242
01/13/2015,ONT,CA,AWP,WE,Towers with Radar,166,55,14,0,235,0,2,19,0,21,166,57,33,0,256,8,0,8,264
01/14/2015,ONT,CA,AWP,WE,Towers with Radar,148,52,16,0,216,0,3,25,4,32,148,55,41,4,248,28,0,28,276
01/15/2015,ONT,CA,AWP,WE,Towers with Radar,155,49,22,0,226,0,4,19,1,24,155,53,41,1,250,0,0,0,250
01/16/2015,ONT,CA,AWP,WE,Towers with Radar,124,46,10,0,180,0,3,17,3,23,124,49,27,3,203,14,0,14,217
01/17/2015,ONT,CA,AWP,WE,Towers with Radar,85,28,10,0,123,0,6,26,1,33,85,34,36,1,156,8,0,8,164
01/18/2015,ONT,CA,AWP,WE,Towers with Radar,98,16,14,0,128,0,0,23,5,28,98,16,37,5,156,4,0,4,160
01/19/2015,ONT,CA,AWP,WE,Towers with Radar,123,39,18,0,180,0,2,23,0,25,123,41,41,0,205,36,0,36,241
01/20/2015,ONT,CA,AWP,WE,Towers with Radar,162,53,19,0,234,0,1,11,0,12,162,54,30,0,246,0,0,0,246
01/21/2015,ONT,CA,AWP,WE,Towers with Radar,149,46,21,0,216,0,1,3,2,6,149,47,24,2,222,6,0,6,228
01/22/2015,ONT,CA,AWP,WE,Towers with Radar,151,54,22,0,227,0,4,25,5,34,151,58,47,5,261,6,0,6,267
01/23/2015,ONT,CA,AWP,WE,Towers with Radar,136,61,19,0,216,0,5,18,2,25,136,66,37,2,241,0,0,0,241
01/24/2015,ONT,CA,AWP,WE,Towers with Radar,79,29,8,0,116,0,6,5,0,11,79,35,13,0,127,0,0,0,127
01/25/2015,ONT,CA,AWP,WE,Towers with Radar,94,21,8,0,123,0,0,18,1,19,94,21,26,1,142,24,0,24,166
01/26/2015,ONT,CA,AWP,WE,Towers with Radar,126,39,9,0,174,0,0,7,0,7,126,39,16,0,181,0,0,0,181
01/27/2015,ONT,CA,AWP,WE,Towers with Radar,149,47,11,0,207,0,1,31,0,32,149,48,42,0,239,33,6,39,278
01/28/2015,ONT,CA,AWP,WE,Towers with Radar,149,51,10,0,210,0,3,22,4,29,149,54,32,4,239,52,0,52,291
01/29/2015,ONT,CA,AWP,WE,Towers with Radar,158,46,16,0,220,0,2,34,2,38,158,48,50,2,258,2,0,2,260
01/30/2015,ONT,CA,AWP,WE,Towers with Radar,129,55,9,0,193,0,3,10,2,15,129,58,19,2,208,62,0,62,270
01/31/2015,ONT,CA,AWP,WE,Towers with Radar,90,36,12,0,138,0,0,24,3,27,90,36,36,3,165,26,0,26,191
02/01/2015,ONT,CA,AWP,WE,Towers with Radar,91,20,7,0,118,0,1,7,1,9,91,21,14,1,127,6,0,6,133
02/02/2015,ONT,CA,AWP,WE,Towers with Radar,124,39,12,0,175,0,1,21,0,22,124,40,33,0,197,40,0,40,237
02/03/2015,ONT,CA,AWP,WE,Towers with Radar,190,73,25,0,288,0,4,25,0,29,190,77,50,0,317,2,0,2,319
02/04/2015,ONT,CA,AWP,WE,Towers with Radar,147,54,18,0,219,0,5,12,5,22,147,59,30,5,241,20,0,20,261
02/05/2015,ONT,CA,AWP,WE,Towers with Radar,172,63,28,0,263,0,10,19,2,31,172,73,47,2,294,0,0,0,294
02/06/2015,ONT,CA,AWP,WE,Towers with Radar,127,47,14,0,188,0,0,27,6,33,127,47,41,6,221,2,0,2,223
02/07/2015,ONT,CA,AWP,WE,Towers with Radar,86,32,13,0,131,0,5,14,1,20,86,37,27,1,151,10,0,10,161
02/08/2015,ONT,CA,AWP,WE,Towers with Radar,90,28,11,0,129,0,0,14,4,18,90,28,25,4,147,21,0,21,168
02/09/2015,ONT,CA,AWP,WE,Towers with Radar,127,47,12,0,186,0,4,17,0,21,127,51,29,0,207,13,0,13,220
02/10/2015,ONT,CA,AWP,WE,Towers with Radar,146,57,17,0,220,0,4,18,0,22,146,61,35,0,242,22,0,22,264
02/11/2015,ONT,CA,AWP,WE,Towers with Radar,156,49,9,1,215,0,3,12,3,18,156,52,21,4,233,0,0,0,233
02/12/2015,ONT,CA,AWP,WE,Towers with Radar,158,56,21,2,237,0,12,24,7,43,158,68,45,9,280,0,0,0,280
02/13/2015,ONT,CA,AWP,WE,Towers with Radar,136,56,18,0,210,0,5,24,3,32,136,61,42,3,242,6,0,6,248
02/14/2015,ONT,CA,AWP,WE,Towers with Radar,91,37,7,0,135,0,7,20,4,31,91,44,27,4,166,11,0,11,177
02/15/2015,ONT,CA,AWP,WE,Towers with Radar,97,32,14,0,143,0,1,12,3,16,97,33,26,3,159,12,0,12,171
02/16/2015,ONT,CA,AWP,WE,Towers with Radar,125,46,20,0,191,0,1,15,1,17,125,47,35,1,208,4,0,4,212
02/17/2015,ONT,CA,AWP,WE,Towers with Radar,149,61,20,0,230,0,9,8,0,17,149,70,28,0,247,28,0,28,275
02/18/2015,ONT,CA,AWP,WE,Towers with Radar,160,49,30,0,239,0,2,17,6,25,160,51,47,6,264,52,0,52,316
02/19/2015,ONT,CA,AWP,WE,Towers with Radar,158,57,29,0,244,0,10,17,2,29,158,67,46,2,273,0,0,0,273
02/20/2015,ONT,CA,AWP,WE,Towers with Radar,132,56,24,0,212,0,3,14,0,17,132,59,38,0,229,12,0,12,241
02/21/2015,ONT,CA,AWP,WE,Towers with Radar,88,37,5,0,130,0,1,3,3,7,88,38,8,3,137,32,0,32,169
02/22/2015,ONT,CA,AWP,WE,Towers with Radar,89,21,7,2,119,0,0,1,2,3,89,21,8,4,122,0,0,0,122
02/23/2015,ONT,CA,AWP,WE,Towers with Radar,113,49,26,0,188,0,0,9,0,9,113,49,35,0,197,22,0,22,219
02/24/2015,ONT,CA,AWP,WE,Towers with Radar,153,53,14,0,220,0,4,23,4,31,153,57,37,4,251,0,0,0,251
02/25/2015,ONT,CA,AWP,WE,Towers with Radar,154,57,10,0,221,0,5,34,6,45,154,62,44,6,266,8,0,8,274
02/26/2015,ONT,CA,AWP,WE,Towers with Radar,159,52,15,0,226,0,4,32,3,39,159,56,47,3,265,3,0,3,268
02/27/2015,ONT,CA,AWP,WE,Towers with Radar,122,61,26,1,210,0,0,18,2,20,122,61,44,3,230,19,0,19,249
02/28/2015,ONT,CA,AWP,WE,Towers with Radar,82,30,13,0,125,0,1,7,1,9,82,31,20,1,134,0,0,0,134
03/01/2015,ONT,CA,AWP,WE,Towers with Radar,100,11,15,0,126,0,0,4,3,7,100,11,19,3,133,25,0,25,158
03/02/2015,ONT,CA,AWP,WE,Towers with Radar,126,35,21,0,182,0,0,5,1,6,126,35,26,1,188,0,0,0,188
03/03/2015,ONT,CA,AWP,WE,Towers with Radar,151,42,15,0,208,0,5,23,1,29,151,47,38,1,237,24,0,24,261
03/04/2015,ONT,CA,AWP,WE,Towers with Radar,151,53,11,0,215,0,8,18,2,28,151,61,29,2,243,36,0,36,279
03/05/2015,ONT,CA,AWP,WE,Towers with Radar,147,53,23,0,223,0,5,39,3,47,147,58,62,3,270,10,0,10,280
03/06/2015,ONT,CA,AWP,WE,Towers with Radar,132,55,9,1,197,0,5,25,0,30,132,60,34,1,227,10,0,10,237
03/07/2015,ONT,CA,AWP,WE,Towers with Radar,94,34,5,0,133,0,2,30,1,33,94,36,35,1,166,12,0,12,178
03/08/2015,ONT,CA,AWP,WE,Towers with Radar,103,15,14,0,132,0,1,18,3,22,103,16,32,3,154,14,0,14,168
03/09/2015,ONT,CA,AWP,WE,Towers with Radar,126,34,20,0,180,0,3,25,0,28,126,37,45,0,208,18,0,18,226
03/10/2015,ONT,CA,AWP,WE,Towers with Radar,160,49,14,0,223,0,5,38,3,46,160,54,52,3,269,0,0,0,269
03/11/2015,ONT,CA,AWP,WE,Towers with Radar,184,70,29,0,283,0,3,29,6,38,184,73,58,6,321,8,0,8,329
03/12/2015,ONT,CA,AWP,WE,Towers with Radar,175,45,18,1,239,0,3,24,5,32,175,48,42,6,271,20,0,20,291
03/13/2015,ONT,CA,AWP,WE,Towers with Radar,137,51,13,0,201,0,2,29,0,31,137,53,42,0,232,4,0,4,236
03/14/2015,ONT,CA,AWP,WE,Towers with Radar,102,38,13,0,153,0,5,14,3,22,102,43,27,3,175,0,0,0,175
03/15/2015,ONT,CA,AWP,WE,Towers with Radar,111,16,5,1,133,0,0,8,2,10,111,16,13,3,143,6,0,6,149
03/16/2015,ONT,CA,AWP,WE,Towers with Radar,129,34,9,0,172,0,2,37,2,41,129,36,46,2,213,20,0,20,233
03/17/2015,ONT,CA,AWP,WE,Towers with Radar,170,49,17,0,236,0,5,17,0,22,170,54,34,0,258,8,0,8,266
03/18/2015,ONT,CA,AWP,WE,Towers with Radar,146,58,21,0,225,0,3,24,5,32,146,61,45,5,257,36,0,36,293
03/19/2015,ONT,CA,AWP,WE,Towers with Radar,165,44,32,0,241,0,2,26,4,32,165,46,58,4,273,4,0,4,277
03/20/2015,ONT,CA,AWP,WE,Towers with Radar,130,44,25,2,201,0,5,13,8,26,130,49,38,10,227,0,0,0,227
03/21/2015,ONT,CA,AWP,WE,Towers with Radar,101,37,16,0,154,0,1,32,5,38,101,38,48,5,192,40,0,40,232
03/22/2015,ONT,CA,AWP,WE,Towers with Radar,111,18,46,0,175,0,0,31,5,36,111,18,77,5,211,0,0,0,211
03/23/2015,ONT,CA,AWP,WE,Towers with Radar,118,33,15,0,166,0,2,19,0,21,118,35,34,0,187,2,0,2,189
03/24/2015,ONT,CA,AWP,WE,Towers with Radar,173,54,22,0,249,0,2,13,1,16,173,56,35,1,265,4,0,4,269
03/25/2015,ONT,CA,AWP,WE,Towers with Radar,156,45,19,0,220,0,3,16,4,23,156,48,35,4,243,16,0,16,259
03/26/2015,ONT,CA,AWP,WE,Towers with Radar,161,42,14,0,217,0,3,19,3,25,161,45,33,3,242,2,0,2,244
03/27/2015,ONT,CA,AWP,WE,Towers with Radar,139,46,32,0,217,0,4,31,2,37,139,50,63,2,254,20,0,20,274
03/28/2015,ONT,CA,AWP,WE,Towers with Radar,99,37,8,0,144,0,7,30,1,38,99,44,38,1,182,22,0,22,204
03/29/2015,ONT,CA,AWP,WE,Towers with Radar,106,13,9,0,128,0,0,21,6,27,106,13,30,6,155,6,0,6,161
03/30/2015,ONT,CA,AWP,WE,Towers with Radar,132,30,5,0,167,0,2,27,0,29,132,32,32,0,196,28,0,28,224
03/31/2015,ONT,CA,AWP,WE,Towers with Radar,155,46,15,0,216,0,3,6,0,9,155,49,21,0,225,28,0,28,253
04/01/2015,ONT,CA,AWP,WE,Towers with Radar,149,52,19,0,220,0,2,12,6,20,149,54,31,6,240,2,0,2,242
04/02/2015,ONT,CA,AWP,WE,Towers with Radar,145,45,13,0,203,0,5,33,3,41,145,50,46,3,244,0,0,0,244
04/03/2015,ONT,CA,AWP,WE,Towers with Radar,137,42,16,0,195,0,6,26,3,35,137,48,42,3,230,0,0,0,230
04/04/2015,ONT,CA,AWP,WE,Towers with Radar,97,39,8,0,144,0,8,11,6,25,97,47,19,6,169,14,0,14,183
04/05/2015,ONT,CA,AWP,WE,Towers with Radar,102,21,11,0,134,0,0,3,5,8,102,21,14,5,142,4,0,4,146
04/06/2015,ONT,CA,AWP,WE,Towers with Radar,126,38,7,0,171,0,2,10,0,12,126,40,17,0,183,14,0,14,197
04/07/2015,ONT,CA,AWP,WE,Towers with Radar,152,54,15,0,221,0,1,11,0,12,152,55,26,0,233,4,0,4,237
04/08/2015,ONT,CA,AWP,WE,Towers with Radar,160,48,18,0,226,0,7,16,1,24,160,55,34,1,250,6,0,6,256
04/09/2015,ONT,CA,AWP,WE,Towers with Radar,159,52,14,0,225,0,9,29,3,41,159,61,43,3,266,28,0,28,294
04/10/2015,ONT,CA,AWP,WE,Towers with Radar,139,52,11,0,202,0,7,24,2,33,139,59,35,2,235,6,0,6,241
04/11/2015,ONT,CA,AWP,WE,Towers with Radar,96,32,4,0,132,0,8,33,1,42,96,40,37,1,174,8,0,8,182
04/12/2015,ONT,CA,AWP,WE,Towers with Radar,108,20,8,0,136,0,1,12,5,18,108,21,20,5,154,2,0,2,156
04/13/2015,ONT,CA,AWP,WE,Towers with Radar,130,40,7,0,177,0,3,28,0,31,130,43,35,0,208,27,0,27,235
04/14/2015,ONT,CA,AWP,WE,Towers with Radar,172,57,19,0,248,0,2,10,0,12,172,59,29,0,260,2,0,2,262
04/15/2015,ONT,CA,AWP,WE,Towers with Radar,162,57,12,0,231,0,8,16,4,28,162,65,28,4,259,22,0,22,281
04/16/2015,ONT,CA,AWP,WE,Towers with Radar,190,59,20,0,269,1,7,31,1,40,191,66,51,1,309,0,0,0,309
04/17/2015,ONT,CA,AWP,WE,Towers with Radar,146,62,25,0,233,0,7,33,3,43,146,69,58,3,276,2,0,2,278
04/18/2015,ONT,CA,AWP,WE,Towers with Radar,97,32,10,0,139,0,8,18,2,28,97,40,28,2,167,16,0,16,183
04/19/2015,ONT,CA,AWP,WE,Towers with Radar,107,19,15,0,141,0,1,11,3,15,107,20,26,3,156,4,0,4,160
04/20/2015,ONT,CA,AWP,WE,Towers with Radar,133,48,13,0,194,0,3,22,0,25,133,51,35,0,219,2,0,2,221
04/21/2015,ONT,CA,AWP,WE,Towers with Radar,154,54,19,0,227,0,0,6,0,6,154,54,25,0,233,24,0,24,257
04/22/2015,ONT,CA,AWP,WE,Towers with Radar,162,63,13,0,238,0,3,13,2,18,162,66,26,2,256,4,0,4,260
04/23/2015,ONT,CA,AWP,WE,Towers with Radar,164,56,13,0,233,0,1,15,7,23,164,57,28,7,256,24,0,24,280
04/24/2015,ONT,CA,AWP,WE,Towers with Radar,137,57,15,1,210,0,1,0,2,3,137,58,15,3,213,24,0,24,237
04/25/2015,ONT,CA,AWP,WE,Towers with Radar,99,34,9,0,142,0,0,4,0,4,99,34,13,0,146,0,0,0,146
04/26/2015,ONT,CA,AWP,WE,Towers with Radar,111,21,13,0,145,0,2,19,3,24,111,23,32,3,169,56,0,56,225
04/27/2015,ONT,CA,AWP,WE,Towers with Radar,140,44,9,1,194,0,3,28,0,31,140,47,37,1,225,26,0,26,251
04/28/2015,ONT,CA,AWP,WE,Towers with Radar,160,53,11,1,225,0,7,17,0,24,160,60,28,1,249,10,0,10,259
04/29/2015,ONT,CA,AWP,WE,Towers with Radar,163,57,15,0,235,0,6,29,2,37,163,63,44,2,272,12,0,12,284
04/30/2015,ONT,CA,AWP,WE,Towers with Radar,245,94,57,0,396,0,14,97,4,115,245,108,154,4,511,11,0,11,522
05/01/2015,ONT,CA,AWP,WE,Towers with Radar,143,42,16,0,201,0,11,29,0,40,143,53,45,0,241,18,0,18,259
05/02/2015,ONT,CA,AWP,WE,Towers with Radar,99,30,9,0,138,0,4,24,1,29,99,34,33,1,167,8,0,8,175
05/03/2015,ONT,CA,AWP,WE,Towers with Radar,102,24,10,0,136,0,0,13,3,16,102,24,23,3,152,0,0,0,152
05/04/2015,ONT,CA,AWP,WE,Towers with Radar,137,42,12,0,191,0,6,27,0,33,137,48,39,0,224,43,0,43,267
05/05/2015,ONT,CA,AWP,WE,Towers with Radar,168,65,15,0,248,0,5,10,0,15,168,70,25,0,263,13,0,13,276
05/06/2015,ONT,CA,AWP,WE,Towers with Radar,226,91,30,0,347,0,1,23,5,29,226,92,53,5,376,80,0,80,456
05/07/2015,ONT,CA,AWP,WE,Towers with Radar,177,65,16,0,258,0,0,10,3,13,177,65,26,3,271,0,0,0,271
05/08/2015,ONT,CA,AWP,WE,Towers with Radar,191,80,21,0,292,0,2,10,1,13,191,82,31,1,305,0,0,0,305
05/09/2015,ONT,CA,AWP,WE,Towers with Radar,148,52,7,0,207,0,1,18,5,24,148,53,25,5,231,20,0,20,251
05/10/2015,ONT,CA,AWP,WE,Towers with Radar,134,23,10,0,167,0,1,21,3,25,134,24,31,3,192,26,0,26,218
05/11/2015,ONT,CA,AWP,WE,Towers with Radar,132,49,12,0,193,0,4,18,0,22,132,53,30,0,215,0,0,0,215
05/12/2015,ONT,CA,AWP,WE,Towers with Radar,170,56,14,0,240,0,3,12,1,16,170,59,26,1,256,8,0,8,264
05/13/2015,ONT,CA,AWP,WE,Towers with Radar,165,53,22,3,243,0,3,17,14,34,165,56,39,17,277,12,0,12,289
05/14/2015,ONT,CA,AWP,WE,Towers with Radar,162,57,13,0,232,0,0,14,2,16,162,57,27,2,248,0,0,0,248
05/15/2015,ONT,CA,AWP,WE,Towers with Radar,140,58,31,0,229,0,1,10,2,13,140,59,41,2,242,0,0,0,242
05/16/2015,ONT,CA,AWP,WE,Towers with Radar,97,44,24,1,166,0,1,19,1,21,97,45,43,2,187,34,0,34,221
05/17/2015,ONT,CA,AWP,WE,Towers with Radar,104,23,17,0,144,0,0,8,3,11,104,23,25,3,155,38,0,38,193
05/18/2015,ONT,CA,AWP,WE,Towers with Radar,134,49,16,0,199,0,0,10,0,10,134,49,26,0,209,8,0,8,217
05/19/2015,ONT,CA,AWP,WE,Towers with Radar,165,59,12,0,236,0,2,12,1,15,165,61,24,1,251,8,0,8,259
05/20/2015,ONT,CA,AWP,WE,Towers with Radar,160,52,15,0,227,0,3,11,2,16,160,55,26,2,243,0,0,0,243
05/21/2015,ONT,CA,AWP,WE,Towers with Radar,169,60,24,0,253,0,8,24,0,32,169,68,48,0,285,29,0,29,314
05/22/2015,ONT,CA,AWP,WE,Towers with Radar,143,54,15,0,212,0,2,10,0,12,143,56,25,0,224,8,0,8,232
05/23/2015,ONT,CA,AWP,WE,Towers with Radar,85,49,17,0,151,0,0,14,0,14,85,49,31,0,165,16,0,16,181
05/24/2015,ONT,CA,AWP,WE,Towers with Radar,84,22,7,0,113,0,2,6,1,9,84,24,13,1,122,6,0,6,128
05/25/2015,ONT,CA,AWP,WE,Towers with Radar,97,28,12,0,137,0,5,16,0,21,97,33,28,0,158,62,0,62,220
05/26/2015,ONT,CA,AWP,WE,Towers with Radar,129,48,19,0,196,0,2,12,0,14,129,50,31,0,210,28,0,28,238
05/27/2015,ONT,CA,AWP,WE,Towers with Radar,182,65,14,0,261,0,6,14,0,20,182,71,28,0,281,0,0,0,281
05/28/2015,ONT,CA,AWP,WE,Towers with Radar,163,62,18,0,243,0,3,16,4,23,163,65,34,4,266,10,0,10,276
05/29/2015,ONT,CA,AWP,WE,Towers with Radar,136,58,12,0,206,0,7,24,0,31,136,65,36,0,237,8,0,8,245
05/30/2015,ONT,CA,AWP,WE,Towers with Radar,95,37,13,0,145,0,7,19,1,27,95,44,32,1,172,12,0,12,184
05/31/2015,ONT,CA,AWP,WE,Towers with Radar,105,22,8,0,135,0,1,22,0,23,105,23,30,0,158,2,0,2,160
06/01/2015,ONT,CA,AWP,WE,Towers with Radar,124,45,17,0,186,0,2,10,0,12,124,47,27,0,198,76,0,76,274
06/02/2015,ONT,CA,AWP,WE,Towers with Radar,181,52,10,2,245,0,6,16,0,22,181,58,26,2,267,10,0,10,277
06/03/2015,ONT,CA,AWP,WE,Towers with Radar,167,48,13,0,228,0,3,14,0,17,167,51,27,0,245,6,0,6,251
06/04/2015,ONT,CA,AWP,WE,Towers with Radar,163,51,19,0,233,0,3,17,1,21,163,54,36,1,254,38,0,38,292
06/05/2015,ONT,CA,AWP,WE,Towers with Radar,147,47,18,0,212,0,2,17,0,19,147,49,35,0,231,4,0,4,235
06/06/2015,ONT,CA,AWP,WE,Towers with Radar,103,32,11,0,146,0,1,18,0,19,103,33,29,0,165,6,0,6,171
06/07/2015,ONT,CA,AWP,WE,Towers with Radar,119,18,6,0,143,0,1,32,0,33,119,19,38,0,176,2,0,2,178
06/08/2015,ONT,CA,AWP,WE,Towers with Radar,138,35,8,1,182,0,5,11,0,16,138,40,19,1,198,2,0,2,200
06/09/2015,ONT,CA,AWP,WE,Towers with Radar,170,44,18,1,233,0,3,5,0,8,170,47,23,1,241,4,0,4,245
06/10/2015,ONT,CA,AWP,WE,Towers with Radar,175,49,14,0,238,0,2,27,1,30,175,51,41,1,268,34,0,34,302
06/11/2015,ONT,CA,AWP,WE,Towers with Radar,168,56,10,0,234,0,4,13,0,17,168,60,23,0,251,52,0,52,303
06/12/2015,ONT,CA,AWP,WE,Towers with Radar,142,46,10,0,198,0,3,14,0,17,142,49,24,0,215,0,0,0,215
06/13/2015,ONT,CA,AWP,WE,Towers with Radar,146,34,17,0,197,0,1,29,0,30,146,35,46,0,227,12,0,12,239
06/14/2015,ONT,CA,AWP,WE,Towers with Radar,136,23,6,0,165,0,2,13,1,16,136,25,19,1,181,2,0,2,183
06/15/2015,ONT,CA,AWP,WE,Towers with Radar,139,33,12,0,184,0,7,21,0,28,139,40,33,0,212,60,0,60,272
06/16/2015,ONT,CA,AWP,WE,Towers with Radar,181,40,18,0,239,0,6,18,0,24,181,46,36,0,263,6,0,6,269
06/17/2015,ONT,CA,AWP,WE,Towers with Radar,164,59,13,1,237,0,5,28,0,33,164,64,41,1,270,23,0,23,293
06/18/2015,ONT,CA,AWP,WE,Towers with Radar,168,49,26,0,243,0,4,31,0,35,168,53,57,0,278,6,0,6,284
06/19/2015,ONT,CA,AWP,WE,Towers with Radar,156,50,8,0,214,0,4,32,0,36,156,54,40,0,250,10,0,10,260
06/20/2015,ONT,CA,AWP,WE,Towers with Radar,125,36,2,0,163,0,5,17,0,22,125,41,19,0,185,2,0,2,187
06/21/2015,ONT,CA,AWP,WE,Towers with Radar,113,24,6,1,144,0,0,12,0,12,113,24,18,1,156,2,0,2,158
06/22/2015,ONT,CA,AWP,WE,Towers with Radar,138,34,6,0,178,0,4,23,0,27,138,38,29,0,205,27,0,27,232
06/23/2015,ONT,CA,AWP,WE,Towers with Radar,176,44,16,0,236,0,5,20,0,25,176,49,36,0,261,32,0,32,293
06/24/2015,ONT,CA,AWP,WE,Towers with Radar,177,46,17,0,240,0,7,39,0,46,177,53,56,0,286,6,0,6,292
06/25/2015,ONT,CA,AWP,WE,Towers with Radar,166,51,21,0,238,0,8,19,0,27,166,59,40,0,265,0,0,0,265
06/26/2015,ONT,CA,AWP,WE,Towers with Radar,152,60,12,0,224,0,13,26,0,39,152,73,38,0,263,9,10,19,282
06/27/2015,ONT,CA,AWP,WE,Towers with Radar,99,30,12,0,141,0,5,10,0,15,99,35,22,0,156,32,0,32,188
06/28/2015,ONT,CA,AWP,WE,Towers with Radar,105,25,11,0,141,0,0,6,0,6,105,25,17,0,147,2,0,2,149
06/29/2015,ONT,CA,AWP,WE,Towers with Radar,136,36,13,0,185,0,4,14,0,18,136,40,27,0,203,30,0,30,233
06/30/2015,ONT,CA,AWP,WE,Towers with Radar,171,47,17,0,235,0,8,15,1,24,171,55,32,1,259,38,0,38,297
07/01/2015,ONT,CA,AWP,WE,Towers with Radar,165,46,9,0,220,0,7,33,0,40,165,53,42,0,260,64,0,64,324
07/02/2015,ONT,CA,AWP,WE,Towers with Radar,167,51,19,0,237,0,8,41,0,49,167,59,60,0,286,55,0,55,341
07/03/2015,ONT,CA,AWP,WE,Towers with Radar,134,30,9,0,173,0,8,24,0,32,134,38,33,0,205,18,0,18,223
07/04/2015,ONT,CA,AWP,WE,Towers with Radar,74,14,4,0,92,0,0,8,0,8,74,14,12,0,100,18,0,18,118
07/05/2015,ONT,CA,AWP,WE,Towers with Radar,105,20,14,1,140,0,0,10,0,10,105,20,24,1,150,24,0,24,174
07/06/2015,ONT,CA,AWP,WE,Towers with Radar,140,43,9,0,192,0,3,12,0,15,140,46,21,0,207,60,0,60,267
07/07/2015,ONT,CA,AWP,WE,Towers with Radar,177,55,20,0,252,0,5,21,0,26,177,60,41,0,278,8,0,8,286
07/08/2015,ONT,CA,AWP,WE,Towers with Radar,163,46,14,0,223,0,7,21,1,29,163,53,35,1,252,39,0,39,291
07/09/2015,ONT,CA,AWP,WE,Towers with Radar,172,46,16,2,236,0,4,20,1,25,172,50,36,3,261,32,0,32,293
07/10/2015,ONT,CA,AWP,WE,Towers with Radar,147,49,16,0,212,0,6,12,0,18,147,55,28,0,230,16,0,16,246
07/11/2015,ONT,CA,AWP,WE,Towers with Radar,103,31,10,0,144,0,5,17,0,22,103,36,27,0,166,46,0,46,212
07/12/2015,ONT,CA,AWP,WE,Towers with Radar,110,16,6,0,132,0,0,12,1,13,110,16,18,1,145,22,0,22,167
07/13/2015,ONT,CA,AWP,WE,Towers with Radar,131,31,9,0,171,0,7,20,0,27,131,38,29,0,198,31,0,31,229
07/14/2015,ONT,CA,AWP,WE,Towers with Radar,164,50,19,0,233,0,6,27,0,33,164,56,46,0,266,12,0,12,278
07/15/2015,ONT,CA,AWP,WE,Towers with Radar,165,46,18,0,229,0,9,32,0,41,165,55,50,0,270,4,0,4,274
07/16/2015,ONT,CA,AWP,WE,Towers with Radar,177,42,19,0,238,0,6,26,0,32,177,48,45,0,270,0,0,0,270
07/17/2015,ONT,CA,AWP,WE,Towers with Radar,147,46,17,0,210,0,11,34,1,46,147,57,51,1,256,24,0,24,280
07/18/2015,ONT,CA,AWP,WE,Towers with Radar,116,37,5,0,158,0,3,7,0,10,116,40,12,0,168,0,0,0,168
07/19/2015,ONT,CA,AWP,WE,Towers with Radar,109,17,6,0,132,0,0,13,0,13,109,17,19,0,145,0,0,0,145
07/20/2015,ONT,CA,AWP,WE,Towers with Radar,160,31,10,0,201,0,4,9,0,13,160,35,19,0,214,22,0,22,236
07/21/2015,ONT,CA,AWP,WE,Towers with Radar,175,51,22,1,249,0,3,14,1,18,175,54,36,2,267,4,0,4,271
07/22/2015,ONT,CA,AWP,WE,Towers with Radar,168,44,25,0,237,0,4,14,0,18,168,48,39,0,255,0,0,0,255
07/23/2015,ONT,CA,AWP,WE,Towers with Radar,166,47,20,0,233,0,4,31,0,35,166,51,51,0,268,4,0,4,272
07/24/2015,ONT,CA,AWP,WE,Towers with Radar,146,51,14,0,211,0,8,50,2,60,146,59,64,2,271,73,0,73,344
07/25/2015,ONT,CA,AWP,WE,Towers with Radar,101,32,8,0,141,0,3,26,0,29,101,35,34,0,170,2,0,2,172
07/26/2015,ONT,CA,AWP,WE,Towers with Radar,109,13,10,0,132,0,0,22,0,22,109,13,32,0,154,2,0,2,156
07/27/2015,ONT,CA,AWP,WE,Towers with Radar,137,37,20,0,194,0,9,7,0,16,137,46,27,0,210,14,0,14,224
07/28/2015,ONT,CA,AWP,WE,Towers with Radar,166,49,17,0,232,0,8,25,0,33,166,57,42,0,265,4,0,4,269
07/29/2015,ONT,CA,AWP,WE,Towers with Radar,163,53,18,0,234,0,11,19,0,30,163,64,37,0,264,4,0,4,268
07/30/2015,ONT,CA,AWP,WE,Towers with Radar,172,50,9,0,231,0,4,16,0,20,172,54,25,0,251,4,0,4,255
07/31/2015,ONT,CA,AWP,WE,Towers with Radar,136,49,12,0,197,0,4,18,1,23,136,53,30,1,220,32,0,32,252
08/01/2015,ONT,CA,AWP,WE,Towers with Radar,154,39,10,0,203,0,3,25,5,33,154,42,35,5,236,4,0,4,240
08/02/2015,ONT,CA,AWP,WE,Towers with Radar,231,22,14,0,267,0,0,30,1,31,231,22,44,1,298,70,0,70,368
08/03/2015,ONT,CA,AWP,WE,Towers with Radar,195,53,29,1,278,0,11,17,2,30,195,64,46,3,308,26,0,26,334
08/04/2015,ONT,CA,AWP,WE,Towers with Radar,169,51,12,0,232,0,6,31,0,37,169,57,43,0,269,32,0,32,301
08/05/2015,ONT,CA,AWP,WE,Towers with Radar,162,47,8,0,217,0,6,17,3,26,162,53,25,3,243,16,0,16,259
08/06/2015,ONT,CA,AWP,WE,Towers with Radar,181,51,26,0,258,0,7,37,7,51,181,58,63,7,309,22,0,22,331
08/07/2015,ONT,CA,AWP,WE,Towers with Radar,147,53,9,0,209,0,4,14,2,20,147,57,23,2,229,0,0,0,229
08/08/2015,ONT,CA,AWP,WE,Towers with Radar,107,33,12,0,152,0,1,10,5,16,107,34,22,5,168,6,0,6,174
08/09/2015,ONT,CA,AWP,WE,Towers with Radar,115,16,7,0,138,0,1,9,3,13,115,17,16,3,151,26,0,26,177
08/10/2015,ONT,CA,AWP,WE,Towers with Radar,135,35,5,0,175,0,4,9,0,13,135,39,14,0,188,0,0,0,188
08/11/2015,ONT,CA,AWP,WE,Towers with Radar,174,50,9,0,233,0,10,28,4,42,174,60,37,4,275,0,0,0,275
08/12/2015,ONT,CA,AWP,WE,Towers with Radar,167,52,21,0,240,0,14,11,4,29,167,66,32,4,269,12,0,12,281
08/13/2015,ONT,CA,AWP,WE,Towers with Radar,179,49,17,0,245,0,7,19,4,30,179,56,36,4,275,26,0,26,301
08/14/2015,ONT,CA,AWP,WE,Towers with Radar,151,43,13,0,207,0,3,17,1,21,151,46,30,1,228,12,0,12,240
08/15/2015,ONT,CA,AWP,WE,Towers with Radar,106,26,9,0,141,0,6,22,2,30,106,32,31,2,171,10,0,10,181
08/16/2015,ONT,CA,AWP,WE,Towers with Radar,110,18,11,0,139,0,1,6,1,8,110,19,17,1,147,20,0,20,167
08/17/2015,ONT,CA,AWP,WE,Towers with Radar,134,36,6,0,176,0,4,9,0,13,134,40,15,0,189,23,0,23,212
08/18/2015,ONT,CA,AWP,WE,Towers with Radar,168,54,11,0,233,0,6,15,0,21,168,60,26,0,254,66,0,66,320
08/19/2015,ONT,CA,AWP,WE,Towers with Radar,165,40,8,0,213,0,3,24,0,27,165,43,32,0,240,28,0,28,268
08/20/2015,ONT,CA,AWP,WE,Towers with Radar,173,60,12,0,245,0,4,8,6,18,173,64,20,6,263,2,0,2,265
08/21/2015,ONT,CA,AWP,WE,Towers with Radar,146,47,15,0,208,0,4,20,1,25,146,51,35,1,233,16,0,16,249
08/22/2015,ONT,CA,AWP,WE,Towers with Radar,100,33,12,0,145,0,0,3,2,5,100,33,15,2,150,42,0,42,192
08/23/2015,ONT,CA,AWP,WE,Towers with Radar,105,21,7,0,133,0,0,8,0,8,105,21,15,0,141,4,0,4,145
08/24/2015,ONT,CA,AWP,WE,Towers with Radar,136,36,8,0,180,0,4,24,0,28,136,40,32,0,208,10,0,10,218
08/25/2015,ONT,CA,AWP,WE,Towers with Radar,175,49,14,0,238,0,8,14,2,24,175,57,28,2,262,40,0,40,302
08/26/2015,ONT,CA,AWP,WE,Towers with Radar,166,56,5,0,227,0,13,20,11,44,166,69,25,11,271,12,0,12,283
08/27/2015,ONT,CA,AWP,WE,Towers with Radar,181,51,17,4,253,0,5,47,1,53,181,56,64,5,306,28,0,28,334
08/28/2015,ONT,CA,AWP,WE,Towers with Radar,146,43,9,0,198,0,6,16,4,26,146,49,25,4,224,20,0,20,244
08/29/2015,ONT,CA,AWP,WE,Towers with Radar,103,30,6,0,139,0,3,8,2,13,103,33,14,2,152,24,0,24,176
08/30/2015,ONT,CA,AWP,WE,Towers with Radar,112,21,5,1,139,0,0,33,0,33,112,21,38,1,172,14,0,14,186
08/31/2015,ONT,CA,AWP,WE,Towers with Radar,149,34,11,1,195,0,5,15,0,20,149,39,26,1,215,4,0,4,219
09/01/2015,ONT,CA,AWP,WE,Towers with Radar,174,53,12,0,239,0,6,15,0,21,174,59,27,0,260,26,0,26,286
09/02/2015,ONT,CA,AWP,WE,Towers with Radar,177,53,20,0,250,0,7,3,2,12,177,60,23,2,262,16,0,16,278
09/03/2015,ONT,CA,AWP,WE,Towers with Radar,188,53,20,0,261,0,3,20,4,27,188,56,40,4,288,14,0,14,302
09/04/2015,ONT,CA,AWP,WE,Towers with Radar,150,52,19,1,222,0,6,19,1,26,150,58,38,2,248,34,0,34,282
09/05/2015,ONT,CA,AWP,WE,Towers with Radar,88,26,6,1,121,0,4,19,2,25,88,30,25,3,146,18,0,18,164
09/06/2015,ONT,CA,AWP,WE,Towers with Radar,81,20,8,0,109,0,3,8,2,13,81,23,16,2,122,2,0,2,124
09/07/2015,ONT,CA,AWP,WE,Towers with Radar,101,20,9,0,130,0,0,6,0,6,101,20,15,0,136,6,0,6,142
09/08/2015,ONT,CA,AWP,WE,Towers with Radar,137,47,5,0,189,0,4,15,0,19,137,51,20,0,208,12,0,12,220
09/09/2015,ONT,CA,AWP,WE,Towers with Radar,186,63,11,0,260,0,8,19,3,30,186,71,30,3,290,2,0,2,292
09/10/2015,ONT,CA,AWP,WE,Towers with Radar,180,49,8,0,237,0,6,16,1,23,180,55,24,1,260,0,0,0,260
09/11/2015,ONT,CA,AWP,WE,Towers with Radar,143,52,15,0,210,0,3,16,2,21,143,55,31,2,231,16,0,16,247
09/12/2015,ONT,CA,AWP,WE,Towers with Radar,100,32,7,0,139,0,4,12,5,21,100,36,19,5,160,14,0,14,174
09/13/2015,ONT,CA,AWP,WE,Towers with Radar,111,20,17,0,148,0,2,12,0,14,111,22,29,0,162,24,0,24,186
09/14/2015,ONT,CA,AWP,WE,Towers with Radar,145,43,11,1,200,0,5,11,3,19,145,48,22,4,219,0,2,2,221
09/15/2015,ONT,CA,AWP,WE,Towers with Radar,185,58,9,0,252,0,5,4,2,11,185,63,13,2,263,0,0,0,263
09/16/2015,ONT,CA,AWP,WE,Towers with Radar,161,49,10,0,220,0,4,17,4,25,161,53,27,4,245,16,0,16,261
09/17/2015,ONT,CA,AWP,WE,Towers with Radar,174,58,18,0,250,0,9,43,8,60,174,67,61,8,310,30,0,30,340
09/18/2015,ONT,CA,AWP,WE,Towers with Radar,150,50,16,1,217,0,6,29,6,41,150,56,45,7,258,16,0,16,274
09/19/2015,ONT,CA,AWP,WE,Towers with Radar,98,34,15,0,147,0,4,10,4,18,98,38,25,4,165,10,0,10,175
09/20/2015,ONT,CA,AWP,WE,Towers with Radar,108,17,4,0,129,0,2,8,0,10,108,19,12,0,139,36,0,36,175
09/21/2015,ONT,CA,AWP,WE,Towers with Radar,140,41,7,1,189,0,2,11,1,14,140,43,18,2,203,10,0,10,213
09/22/2015,ONT,CA,AWP,WE,Towers with Radar,181,54,13,0,248,0,3,23,4,30,181,57,36,4,278,20,0,20,298
09/23/2015,ONT,CA,AWP,WE,Towers with Radar,167,53,13,0,233,0,5,16,1,22,167,58,29,1,255,0,0,0,255
09/24/2015,ONT,CA,AWP,WE,Towers with Radar,181,51,23,0,255,0,6,14,4,24,181,57,37,4,279,2,0,2,281
09/25/2015,ONT,CA,AWP,WE,Towers with Radar,144,55,18,0,217,0,2,22,1,25,144,57,40,1,242,8,0,8,250
09/26/2015,ONT,CA,AWP,WE,Towers with Radar,100,30,8,0,138,0,3,26,7,36,100,33,34,7,174,0,0,0,174
09/27/2015,ONT,CA,AWP,WE,Towers with Radar,117,23,10,0,150,0,0,13,0,13,117,23,23,0,163,14,0,14,177
09/28/2015,ONT,CA,AWP,WE,Towers with Radar,143,41,9,0,193,0,2,19,0,21,143,43,28,0,214,49,0,49,263
09/29/2015,ONT,CA,AWP,WE,Towers with Radar,178,49,20,0,247,0,5,24,0,29,178,54,44,0,276,47,0,47,323
09/30/2015,ONT,CA,AWP,WE,Towers with Radar,174,47,11,0,232,0,10,14,0,24,174,57,25,0,256,8,0,8,264
10/01/2015,ONT,CA,AWP,WE,Towers with Radar,179,56,16,0,251,0,4,16,3,23,179,60,32,3,274,0,0,0,274
10/02/2015,ONT,CA,AWP,WE,Towers with Radar,148,60,10,0,218,0,4,22,0,26,148,64,32,0,244,10,0,10,254
10/03/2015,ONT,CA,AWP,WE,Towers with Radar,96,38,4,0,138,0,0,16,6,22,96,38,20,6,160,25,0,25,185
10/04/2015,ONT,CA,AWP,WE,Towers with Radar,113,23,7,0,143,0,0,0,0,0,113,23,7,0,143,0,0,0,143
10/05/2015,ONT,CA,AWP,WE,Towers with Radar,147,38,10,0,195,0,1,6,0,7,147,39,16,0,202,8,0,8,210
10/06/2015,ONT,CA,AWP,WE,Towers with Radar,188,52,23,1,264,0,3,26,0,29,188,55,49,1,293,40,0,40,333
10/07/2015,ONT,CA,AWP,WE,Towers with Radar,180,53,19,0,252,0,6,14,1,21,180,59,33,1,273,10,0,10,283
10/08/2015,ONT,CA,AWP,WE,Towers with Radar,181,46,22,0,249,0,5,36,1,42,181,51,58,1,291,22,0,22,313
10/09/2015,ONT,CA,AWP,WE,Towers with Radar,146,50,11,0,207,0,4,15,0,19,146,54,26,0,226,2,0,2,228
10/10/2015,ONT,CA,AWP,WE,Towers with Radar,98,34,4,0,136,0,3,10,1,14,98,37,14,1,150,0,0,0,150
10/11/2015,ONT,CA,AWP,WE,Towers with Radar,112,17,7,0,136,0,0,11,0,11,112,17,18,0,147,2,0,2,149
10/12/2015,ONT,CA,AWP,WE,Towers with Radar,148,33,11,0,192,0,4,28,0,32,148,37,39,0,224,20,0,20,244
10/13/2015,ONT,CA,AWP,WE,Towers with Radar,176,58,19,0,253,0,5,11,1,17,176,63,30,1,270,14,0,14,284
10/14/2015,ONT,CA,AWP,WE,Towers with Radar,177,54,16,0,247,0,3,33,0,36,177,57,49,0,283,34,0,34,317
10/15/2015,ONT,CA,AWP,WE,Towers with Radar,177,58,12,0,247,0,2,8,3,13,177,60,20,3,260,0,0,0,260
10/16/2015,ONT,CA,AWP,WE,Towers with Radar,151,65,26,0,242,0,3,10,4,17,151,68,36,4,259,0,0,0,259
10/17/2015,ONT,CA,AWP,WE,Towers with Radar,103,38,13,0,154,0,1,7,5,13,103,39,20,5,167,8,0,8,175
10/18/2015,ONT,CA,AWP,WE,Towers with Radar,119,19,14,0,152,0,0,5,1,6,119,19,19,1,158,12,0,12,170
10/19/2015,ONT,CA,AWP,WE,Towers with Radar,143,41,14,0,198,0,2,17,0,19,143,43,31,0,217,48,0,48,265
10/20/2015,ONT,CA,AWP,WE,Towers with Radar,179,50,25,0,254,0,2,13,0,15,179,52,38,0,269,42,0,42,311
10/21/2015,ONT,CA,AWP,WE,Towers with Radar,174,54,16,0,244,0,7,15,2,24,174,61,31,2,268,66,0,66,334
10/22/2015,ONT,CA,AWP,WE,Towers with Radar,170,59,7,0,236,0,6,32,1,39,170,65,39,1,275,0,0,0,275
10/23/2015,ONT,CA,AWP,WE,Towers with Radar,148,54,9,0,211,0,10,18,6,34,148,64,27,6,245,34,0,34,279
10/24/2015,ONT,CA,AWP,WE,Towers with Radar,99,31,12,0,142,0,3,31,1,35,99,34,43,1,177,24,0,24,201
10/25/2015,ONT,CA,AWP,WE,Towers with Radar,116,23,7,0,146,0,0,9,0,9,116,23,16,0,155,16,0,16,171
10/26/2015,ONT,CA,AWP,WE,Towers with Radar,188,64,11,0,263,0,3,10,0,13,188,67,21,0,276,4,0,4,280
10/27/2015,ONT,CA,AWP,WE,Towers with Radar,184,62,16,0,262,0,7,17,0,24,184,69,33,0,286,16,0,16,302
10/28/2015,ONT,CA,AWP,WE,Towers with Radar,181,53,12,0,246,0,3,13,3,19,181,56,25,3,265,2,0,2,267
10/29/2015,ONT,CA,AWP,WE,Towers with Radar,177,52,11,0,240,0,7,18,3,28,177,59,29,3,268,36,0,36,304
10/30/2015,ONT,CA,AWP,WE,Towers with Radar,144,52,12,0,208,0,3,7,0,10,144,55,19,0,218,2,0,2,220
10/31/2015,ONT,CA,AWP,WE,Towers with Radar,98,32,10,0,140,0,7,16,0,23,98,39,26,0,163,6,0,6,169
11/01/2015,ONT,CA,AWP,WE,Towers with Radar,121,19,20,0,160,0,3,15,0,18,121,22,35,0,178,34,0,34,212
11/02/2015,ONT,CA,AWP,WE,Towers with Radar,148,40,11,0,199,0,3,9,0,12,148,43,20,0,211,2,0,2,213
11/03/2015,ONT,CA,AWP,WE,Towers with Radar,181,59,11,0,251,0,2,11,1,14,181,61,22,1,265,0,0,0,265
11/04/2015,ONT,CA,AWP,WE,Towers with Radar,184,58,11,0,253,0,3,17,3,23,184,61,28,3,276,16,0,16,292
11/05/2015,ONT,CA,AWP,WE,Towers with Radar,175,65,10,0,250,0,2,31,0,33,175,67,41,0,283,2,0,2,285
11/06/2015,ONT,CA,AWP,WE,Towers with Radar,153,57,17,0,227,0,4,13,3,20,153,61,30,3,247,12,0,12,259
11/07/2015,ONT,CA,AWP,WE,Towers with Radar,105,39,9,0,153,0,5,6,1,12,105,44,15,1,165,64,0,64,229
11/08/2015,ONT,CA,AWP,WE,Towers with Radar,114,20,15,0,149,0,3,13,0,16,114,23,28,0,165,48,0,48,213
11/09/2015,ONT,CA,AWP,WE,Towers with Radar,144,38,5,0,187,0,0,2,0,2,144,38,7,0,189,64,0,64,253
11/10/2015,ONT,CA,AWP,WE,Towers with Radar,177,58,14,0,249,0,7,8,0,15,177,65,22,0,264,48,0,48,312
11/11/2015,ONT,CA,AWP,WE,Towers with Radar,187,53,13,0,253,0,5,18,1,24,187,58,31,1,277,22,0,22,299
11/12/2015,ONT,CA,AWP,WE,Towers with Radar,169,62,15,0,246,0,4,24,1,29,169,66,39,1,275,12,0,12,287
11/13/2015,ONT,CA,AWP,WE,Towers with Radar,150,52,10,0,212,0,7,22,2,31,150,59,32,2,243,0,0,0,243
11/14/2015,ONT,CA,AWP,WE,Towers with Radar,111,37,16,0,164,0,4,17,2,23,111,41,33,2,187,12,0,12,199
11/15/2015,ONT,CA,AWP,WE,Towers with Radar,116,22,14,0,152,0,0,3,1,4,116,22,17,1,156,2,0,2,158
11/16/2015,ONT,CA,AWP,WE,Towers with Radar,139,34,14,0,187,0,1,8,0,9,139,35,22,0,196,34,0,34,230
11/17/2015,ONT,CA,AWP,WE,Towers with Radar,189,63,19,0,271,0,6,10,1,17,189,69,29,1,288,22,0,22,310
11/18/2015,ONT,CA,AWP,WE,Towers with Radar,176,58,12,0,246,0,2,16,3,21,176,60,28,3,267,2,0,2,269
11/19/2015,ONT,CA,AWP,WE,Towers with Radar,182,60,12,0,254,0,3,16,4,23,182,63,28,4,277,0,0,0,277
11/20/2015,ONT,CA,AWP,WE,Towers with Radar,147,52,12,0,211,0,1,37,2,40,147,53,49,2,251,35,0,35,286
11/21/2015,ONT,CA,AWP,WE,Towers with Radar,118,34,7,0,159,0,3,13,2,18,118,37,20,2,177,18,0,18,195
11/22/2015,ONT,CA,AWP,WE,Towers with Radar,117,17,11,0,145,0,0,8,0,8,117,17,19,0,153,16,0,16,169
11/23/2015,ONT,CA,AWP,WE,Towers with Radar,164,56,16,0,236,0,4,7,0,11,164,60,23,0,247,17,0,17,264
11/24/2015,ONT,CA,AWP,WE,Towers with Radar,215,60,20,0,295,0,1,15,0,16,215,61,35,0,311,20,0,20,331
11/25/2015,ONT,CA,AWP,WE,Towers with Radar,177,61,20,0,258,0,1,23,1,25,177,62,43,1,283,32,0,32,315
11/26/2015,ONT,CA,AWP,WE,Towers with Radar,86,16,4,0,106,0,2,1,0,3,86,18,5,0,109,0,0,0,109
11/27/2015,ONT,CA,AWP,WE,Towers with Radar,110,46,11,0,167,0,5,19,2,26,110,51,30,2,193,2,0,2,195
11/28/2015,ONT,CA,AWP,WE,Towers with Radar,135,29,7,0,171,0,3,10,2,15,135,32,17,2,186,10,0,10,196
11/29/2015,ONT,CA,AWP,WE,Towers with Radar,142,19,22,0,183,0,0,9,0,9,142,19,31,0,192,6,0,6,198
11/30/2015,ONT,CA,AWP,WE,Towers with Radar,162,45,13,0,220,0,2,11,0,13,162,47,24,0,233,35,0,35,268
12/01/2015,ONT,CA,AWP,WE,Towers with Radar,199,55,9,0,263,0,1,15,0,16,199,56,24,0,279,0,0,0,279
12/02/2015,ONT,CA,AWP,WE,Towers with Radar,198,61,9,0,268,0,4,27,4,35,198,65,36,4,303,65,0,65,368
12/03/2015,ONT,CA,AWP,WE,Towers with Radar,193,59,14,0,266,0,8,25,1,34,193,67,39,1,300,2,0,2,302
12/04/2015,ONT,CA,AWP,WE,Towers with Radar,164,59,13,0,236,0,4,17,2,23,164,63,30,2,259,0,0,0,259
12/05/2015,ONT,CA,AWP,WE,Towers with Radar,112,28,11,0,151,0,4,25,3,32,112,32,36,3,183,12,0,12,195
12/06/2015,ONT,CA,AWP,WE,Towers with Radar,126,8,6,0,140,0,1,9,0,10,126,9,15,0,150,6,0,6,156
12/07/2015,ONT,CA,AWP,WE,Towers with Radar,157,36,24,3,220,0,3,29,0,32,157,39,53,3,252,50,0,50,302
12/08/2015,ONT,CA,AWP,WE,Towers with Radar,200,58,10,0,268,0,4,22,1,27,200,62,32,1,295,12,0,12,307
12/09/2015,ONT,CA,AWP,WE,Towers with Radar,244,59,15,0,318,0,3,13,2,18,244,62,28,2,336,12,0,12,348
12/10/2015,ONT,CA,AWP,WE,Towers with Radar,214,51,23,0,288,0,3,10,4,17,214,54,33,4,305,12,0,12,317
12/11/2015,ONT,CA,AWP,WE,Towers with Radar,167,49,17,0,233,0,6,8,2,16,167,55,25,2,249,12,0,12,261
12/12/2015,ONT,CA,AWP,WE,Towers with Radar,113,30,13,0,156,0,4,21,2,27,113,34,34,2,183,16,0,16,199
12/13/2015,ONT,CA,AWP,WE,Towers with Radar,126,16,14,0,156,0,3,9,1,13,126,19,23,1,169,20,0,20,189
12/14/2015,ONT,CA,AWP,WE,Towers with Radar,158,41,21,0,220,0,7,12,0,19,158,48,33,0,239,11,0,11,250
12/15/2015,ONT,CA,AWP,WE,Towers with Radar,226,58,11,0,295,0,7,31,0,38,226,65,42,0,333,23,0,23,356
12/16/2015,ONT,CA,AWP,WE,Towers with Radar,222,60,14,0,296,0,5,21,2,28,222,65,35,2,324,12,0,12,336
12/17/2015,ONT,CA,AWP,WE,Towers with Radar,220,51,17,0,288,0,5,20,2,27,220,56,37,2,315,0,0,0,315
12/18/2015,ONT,CA,AWP,WE,Towers with Radar,179,50,19,0,248,0,4,26,1,31,179,54,45,1,279,22,0,22,301
12/19/2015,ONT,CA,AWP,WE,Towers with Radar,153,46,11,0,210,0,2,25,0,27,153,48,36,0,237,8,0,8,245
12/20/2015,ONT,CA,AWP,WE,Towers with Radar,170,12,7,0,189,0,0,11,0,11,170,12,18,0,200,2,0,2,202
12/21/2015,ONT,CA,AWP,WE,Towers with Radar,189,36,10,0,235,0,7,13,0,20,189,43,23,0,255,28,0,28,283
12/22/2015,ONT,CA,AWP,WE,Towers with Radar,253,65,9,0,327,0,0,0,0,0,253,65,9,0,327,0,0,0,327
12/23/2015,ONT,CA,AWP,WE,Towers with Radar,243,67,12,0,322,0,6,12,3,21,243,73,24,3,343,16,0,16,359
12/24/2015,ONT,CA,AWP,WE,Towers with Radar,153,48,10,0,211,0,7,9,1,17,153,55,19,1,228,0,0,0,228
12/25/2015,ONT,CA,AWP,WE,Towers with Radar,79,11,5,0,95,0,0,1,1,2,79,11,6,1,97,0,0,0,97
12/26/2015,ONT,CA,AWP,WE,Towers with Radar,120,32,11,0,163,0,3,7,0,10,120,35,18,0,173,0,0,0,173
12/27/2015,ONT,CA,AWP,WE,Towers with Radar,114,13,8,0,135,0,1,6,0,7,114,14,14,0,142,4,0,4,146
12/28/2015,ONT,CA,AWP,WE,Towers with Radar,140,35,10,0,185,0,1,2,0,3,140,36,12,0,188,0,0,0,188
12/29/2015,ONT,CA,AWP,WE,Towers with Radar,192,53,16,0,261,0,2,14,3,19,192,55,30,3,280,26,0,26,306
12/30/2015,ONT,CA,AWP,WE,Towers with Radar,199,51,14,0,264,0,4,25,1,30,199,55,39,1,294,18,0,18,312
12/31/2015,ONT,CA,AWP,WE,Towers with Radar,129,45,6,0,180,0,2,11,2,15,129,47,17,2,195,13,0,13,208
01/01/2016,ONT,CA,AWP,WE,Towers with Radar,79,17,10,0,106,0,0,4,0,4,79,17,14,0,110,6,0,6,116
01/02/2016,ONT,CA,AWP,WE,Towers with Radar,118,34,13,0,165,0,4,13,1,18,118,38,26,1,183,0,0,0,183
01/03/2016,ONT,CA,AWP,WE,Towers with Radar,127,18,16,0,161,0,0,17,0,17,127,18,33,0,178,2,0,2,180
01/04/2016,ONT,CA,AWP,WE,Towers with Radar,149,42,7,0,198,0,2,6,0,8,149,44,13,0,206,6,0,6,212
01/05/2016,ONT,CA,AWP,WE,Towers with Radar,191,67,5,0,263,0,1,0,0,1,191,68,5,0,264,0,0,0,264
01/06/2016,ONT,CA,AWP,WE,Towers with Radar,200,62,10,0,272,0,0,2,0,2,200,62,12,0,274,6,0,6,280
01/07/2016,ONT,CA,AWP,WE,Towers with Radar,175,63,10,0,248,0,7,4,4,15,175,70,14,4,263,0,0,0,263
01/08/2016,ONT,CA,AWP,WE,Towers with Radar,149,52,17,0,218,0,3,21,3,27,149,55,38,3,245,2,0,2,247
01/09/2016,ONT,CA,AWP,WE,Towers with Radar,96,36,17,0,149,0,3,21,0,24,96,39,38,0,173,16,0,16,189
01/10/2016,ONT,CA,AWP,WE,Towers with Radar,107,19,20,0,146,0,1,1,0,2,107,20,21,0,148,0,0,0,148
01/11/2016,ONT,CA,AWP,WE,Towers with Radar,135,40,7,0,182,0,1,10,1,12,135,41,17,1,194,20,0,20,214
01/12/2016,ONT,CA,AWP,WE,Towers with Radar,180,60,21,0,261,0,7,21,1,29,180,67,42,1,290,44,0,44,334
01/13/2016,ONT,CA,AWP,WE,Towers with Radar,178,53,15,0,246,0,5,15,0,20,178,58,30,0,266,28,0,28,294
01/14/2016,ONT,CA,AWP,WE,Towers with Radar,184,53,20,0,257,0,0,19,1,20,184,53,39,1,277,8,0,8,285
01/15/2016,ONT,CA,AWP,WE,Towers with Radar,148,50,12,0,210,0,2,5,0,7,148,52,17,0,217,61,0,61,278
01/16/2016,ONT,CA,AWP,WE,Towers with Radar,93,33,4,0,130,0,3,17,2,22,93,36,21,2,152,24,0,24,176
01/17/2016,ONT,CA,AWP,WE,Towers with Radar,109,19,5,0,133,0,3,4,1,8,109,22,9,1,141,0,0,0,141
01/18/2016,ONT,CA,AWP,WE,Towers with Radar,144,48,16,0,208,0,0,3,0,3,144,48,19,0,211,0,0,0,211
01/19/2016,ONT,CA,AWP,WE,Towers with Radar,172,49,18,0,239,0,3,17,0,20,172,52,35,0,259,8,0,8,267
01/20/2016,ONT,CA,AWP,WE,Towers with Radar,183,58,14,2,257,0,1,19,2,22,183,59,33,4,279,14,0,14,293
01/21/2016,ONT,CA,AWP,WE,Towers with Radar,176,63,17,0,256,0,2,22,0,24,176,65,39,0,280,2,0,2,282
01/22/2016,ONT,CA,AWP,WE,Towers with Radar,141,41,16,0,198,0,2,14,4,20,141,43,30,4,218,2,0,2,220
01/23/2016,ONT,CA,AWP,WE,Towers with Radar,94,35,5,0,134,0,3,5,4,12,94,38,10,4,146,20,0,20,166
01/24/2016,ONT,CA,AWP,WE,Towers with Radar,109,19,6,0,134,0,3,3,0,6,109,22,9,0,140,0,0,0,140
01/25/2016,ONT,CA,AWP,WE,Towers with Radar,136,43,18,0,197,0,2,17,3,22,136,45,35,3,219,38,0,38,257
01/26/2016,ONT,CA,AWP,WE,Towers with Radar,238,73,22,0,333,0,6,26,3,35,238,79,48,3,368,4,0,4,372
01/27/2016,ONT,CA,AWP,WE,Towers with Radar,186,52,15,0,253,0,4,19,7,30,186,56,34,7,283,65,0,65,348
01/28/2016,ONT,CA,AWP,WE,Towers with Radar,176,48,14,0,238,0,4,24,3,31,176,52,38,3,269,20,0,20,289
01/29/2016,ONT,CA,AWP,WE,Towers with Radar,150,66,10,0,226,0,11,20,1,32,150,77,30,1,258,30,0,30,288
01/30/2016,ONT,CA,AWP,WE,Towers with Radar,97,34,16,0,147,0,0,9,1,10,97,34,25,1,157,4,0,4,161
01/31/2016,ONT,CA,AWP,WE,Towers with Radar,111,19,15,0,145,0,0,0,0,0,111,19,15,0,145,0,0,0,145
02/01/2016,ONT,CA,AWP,WE,Towers with Radar,131,37,16,0,184,0,1,3,0,4,131,38,19,0,188,8,0,8,196
02/02/2016,ONT,CA,AWP,WE,Towers with Radar,170,49,22,0,241,0,1,16,4,21,170,50,38,4,262,50,0,50,312
02/03/2016,ONT,CA,AWP,WE,Towers with Radar,173,51,15,0,239,0,2,38,3,43,173,53,53,3,282,56,0,56,338
02/04/2016,ONT,CA,AWP,WE,Towers with Radar,179,48,23,0,250,0,9,20,0,29,179,57,43,0,279,13,0,13,292
02/05/2016,ONT,CA,AWP,WE,Towers with Radar,147,49,19,0,215,0,10,11,0,21,147,59,30,0,236,4,0,4,240
02/06/2016,ONT,CA,AWP,WE,Towers with Radar,92,36,19,0,147,0,9,11,0,20,92,45,30,0,167,28,0,28,195
02/07/2016,ONT,CA,AWP,WE,Towers with Radar,103,17,11,0,131,0,4,9,0,13,103,21,20,0,144,0,0,0,144
02/08/2016,ONT,CA,AWP,WE,Towers with Radar,135,40,17,0,192,0,7,8,0,15,135,47,25,0,207,0,0,0,207
02/09/2016,ONT,CA,AWP,WE,Towers with Radar,176,57,15,0,248,0,6,26,3,35,176,63,41,3,283,0,0,0,283
02/10/2016,ONT,CA,AWP,WE,Towers with Radar,176,53,11,0,240,0,7,19,2,28,176,60,30,2,268,71,0,71,339
02/11/2016,ONT,CA,AWP,WE,Towers with Radar,184,56,29,0,269,0,8,22,6,36,184,64,51,6,305,4,0,4,309
02/12/2016,ONT,CA,AWP,WE,Towers with Radar,160,53,15,0,228,0,9,26,0,35,160,62,41,0,263,18,0,18,281
02/13/2016,ONT,CA,AWP,WE,Towers with Radar,102,47,18,0,167,0,7,21,2,30,102,54,39,2,197,19,0,19,216
02/14/2016,ONT,CA,AWP,WE,Towers with Radar,123,26,19,0,168,0,1,15,0,16,123,27,34,0,184,6,0,6,190
02/15/2016,ONT,CA,AWP,WE,Towers with Radar,134,46,24,0,204,0,4,15,1,20,134,50,39,1,224,14,0,14,238
02/16/2016,ONT,CA,AWP,WE,Towers with Radar,177,54,22,0,253,0,10,16,1,27,177,64,38,1,280,4,0,4,284
02/17/2016,ONT,CA,AWP,WE,Towers with Radar,175,58,23,2,258,0,5,19,0,24,175,63,42,2,282,34,0,34,316
02/18/2016,ONT,CA,AWP,WE,Towers with Radar,177,58,7,0,242,0,5,7,1,13,177,63,14,1,255,37,0,37,292
02/19/2016,ONT,CA,AWP,WE,Towers with Radar,142,51,15,0,208,0,9,27,2,38,142,60,42,2,246,28,0,28,274
02/20/2016,ONT,CA,AWP,WE,Towers with Radar,94,37,9,0,140,0,7,13,1,21,94,44,22,1,161,16,0,16,177
02/21/2016,ONT,CA,AWP,WE,Towers with Radar,111,17,8,0,136,0,7,21,0,28,111,24,29,0,164,12,0,12,176
02/22/2016,ONT,CA,AWP,WE,Towers with Radar,147,38,19,0,204,0,3,10,0,13,147,41,29,0,217,6,0,6,223
02/23/2016,ONT,CA,AWP,WE,Towers with Radar,171,59,14,0,244,0,6,26,1,33,171,65,40,1,277,3,0,3,280
02/24/2016,ONT,CA,AWP,WE,Towers with Radar,172,56,14,0,242,0,11,19,0,30,172,67,33,0,272,8,0,8,280
02/25/2016,ONT,CA,AWP,WE,Towers with Radar,170,54,19,0,243,0,8,46,3,57,170,62,65,3,300,50,0,50,350
02/26/2016,ONT,CA,AWP,WE,Towers with Radar,146,56,20,0,222,0,8,11,2,21,146,64,31,2,243,18,0,18,261
02/27/2016,ONT,CA,AWP,WE,Towers with Radar,118,38,9,0,165,0,4,10,0,14,118,42,19,0,179,2,0,2,181
02/28/2016,ONT,CA,AWP,WE,Towers with Radar,108,24,11,0,143,0,0,10,0,10,108,24,21,0,153,10,0,10,163
02/29/2016,ONT,CA,AWP,WE,Towers with Radar,135,44,16,0,195,0,2,14,0,16,135,46,30,0,211,29,0,29,240
03/01/2016,ONT,CA,AWP,WE,Towers with Radar,174,55,13,0,242,0,4,9,0,13,174,59,22,0,255,62,0,62,317
03/02/2016,ONT,CA,AWP,WE,Towers with Radar,179,51,8,0,238,0,5,19,0,24,179,56,27,0,262,8,0,8,270
03/03/2016,ONT,CA,AWP,WE,Towers with Radar,168,49,27,0,244,0,6,17,4,27,168,55,44,4,271,12,0,12,283
03/04/2016,ONT,CA,AWP,WE,Towers with Radar,146,47,18,0,211,0,3,16,1,20,146,50,34,1,231,34,0,34,265
03/05/2016,ONT,CA,AWP,WE,Towers with Radar,93,38,8,0,139,0,2,8,0,10,93,40,16,0,149,31,0,31,180
03/06/2016,ONT,CA,AWP,WE,Towers with Radar,111,21,19,0,151,0,0,0,0,0,111,21,19,0,151,3,0,3,154
03/07/2016,ONT,CA,AWP,WE,Towers with Radar,136,46,13,0,195,0,0,3,0,3,136,46,16,0,198,4,0,4,202
03/08/2016,ONT,CA,AWP,WE,Towers with Radar,171,62,15,0,248,0,6,25,1,32,171,68,40,1,280,16,0,16,296
03/09/2016,ONT,CA,AWP,WE,Towers with Radar,172,48,11,0,231,0,11,34,2,47,172,59,45,2,278,53,0,53,331
03/10/2016,ONT,CA,AWP,WE,Towers with Radar,176,52,23,0,251,0,8,10,1,19,176,60,33,1,270,2,0,2,272
03/11/2016,ONT,CA,AWP,WE,Towers with Radar,147,54,11,2,214,0,3,8,0,11,147,57,19,2,225,14,0,14,239
03/12/2016,ONT,CA,AWP,WE,Towers with Radar,102,35,11,0,148,0,4,14,5,23,102,39,25,5,171,32,0,32,203
03/13/2016,ONT,CA,AWP,WE,Towers with Radar,106,20,14,0,140,0,0,15,0,15,106,20,29,0,155,16,0,16,171
03/14/2016,ONT,CA,AWP,WE,Towers with Radar,134,42,18,0,194,0,1,3,0,4,134,43,21,0,198,14,0,14,212
03/15/2016,ONT,CA,AWP,WE,Towers with Radar,169,54,22,0,245,0,7,20,3,30,169,61,42,3,275,10,0,10,285
03/16/2016,ONT,CA,AWP,WE,Towers with Radar,176,59,18,0,253,0,6,28,3,37,176,65,46,3,290,29,0,29,319
03/17/2016,ONT,CA,AWP,WE,Towers with Radar,179,58,33,0,270,0,2,28,3,33,179,60,61,3,303,36,0,36,339
03/18/2016,ONT,CA,AWP,WE,Towers with Radar,149,55,30,0,234,0,2,26,0,28,149,57,56,0,262,8,0,8,270
03/19/2016,ONT,CA,AWP,WE,Towers with Radar,116,40,23,0,179,0,4,9,1,14,116,44,32,1,193,2,0,2,195
03/20/2016,ONT,CA,AWP,WE,Towers with Radar,116,22,56,0,194,0,0,31,0,31,116,22,87,0,225,0,0,0,225
03/21/2016,ONT,CA,AWP,WE,Towers with Radar,136,38,9,0,183,0,1,1,0,2,136,39,10,0,185,0,0,0,185
03/22/2016,ONT,CA,AWP,WE,Towers with Radar,174,57,21,0,252,0,10,25,3,38,174,67,46,3,290,14,0,14,304
03/23/2016,ONT,CA,AWP,WE,Towers with Radar,174,51,18,0,243,0,6,12,0,18,174,57,30,0,261,32,0,32,293
03/24/2016,ONT,CA,AWP,WE,Towers with Radar,170,52,11,0,233,0,5,34,1,40,170,57,45,1,273,0,0,0,273
03/25/2016,ONT,CA,AWP,WE,Towers with Radar,147,49,15,0,211,0,7,14,1,22,147,56,29,1,233,36,0,36,269
03/26/2016,ONT,CA,AWP,WE,Towers with Radar,102,37,11,0,150,0,5,11,2,18,102,42,22,2,168,20,0,20,188
03/27/2016,ONT,CA,AWP,WE,Towers with Radar,110,21,11,0,142,0,0,6,2,8,110,21,17,2,150,0,0,0,150
03/28/2016,ONT,CA,AWP,WE,Towers with Radar,136,45,15,0,196,0,2,1,0,3,136,47,16,0,199,0,0,0,199
03/29/2016,ONT,CA,AWP,WE,Towers with Radar,177,53,14,0,244,0,6,26,1,33,177,59,40,1,277,4,0,4,281
03/30/2016,ONT,CA,AWP,WE,Towers with Radar,173,51,22,1,247,0,8,22,6,36,173,59,44,7,283,5,0,5,288
03/31/2016,ONT,CA,AWP,WE,Towers with Radar,176,49,15,1,241,0,13,61,2,76,176,62,76,3,317,40,6,46,363
04/01/2016,ONT,CA,AWP,WE,Towers with Radar,141,51,20,0,212,0,5,9,1,15,141,56,29,1,227,16,0,16,243
04/02/2016,ONT,CA,AWP,WE,Towers with Radar,107,34,13,0,154,0,2,28,5,35,107,36,41,5,189,46,0,46,235
04/03/2016,ONT,CA,AWP,WE,Towers with Radar,111,23,11,0,145,0,0,16,0,16,111,23,27,0,161,18,0,18,179
04/04/2016,ONT,CA,AWP,WE,Towers with Radar,133,36,18,0,187,0,5,31,0,36,133,41,49,0,223,114,0,114,337
04/05/2016,ONT,CA,AWP,WE,Towers with Radar,187,55,15,0,257,0,7,20,0,27,187,62,35,0,284,52,0,52,336
04/06/2016,ONT,CA,AWP,WE,Towers with Radar,180,53,11,0,244,0,4,3,0,7,180,57,14,0,251,6,0,6,257
04/07/2016,ONT,CA,AWP,WE,Towers with Radar,181,48,21,0,250,0,9,9,1,19,181,57,30,1,269,24,0,24,293
04/08/2016,ONT,CA,AWP,WE,Towers with Radar,144,50,26,0,220,0,0,0,0,0,144,50,26,0,220,0,0,0,220
04/09/2016,ONT,CA,AWP,WE,Towers with Radar,126,33,8,2,169,0,0,15,6,21,126,33,23,8,190,22,0,22,212
04/10/2016,ONT,CA,AWP,WE,Towers with Radar,114,15,12,0,141,0,0,2,0,2,114,15,14,0,143,16,0,16,159
04/11/2016,ONT,CA,AWP,WE,Towers with Radar,140,42,10,0,192,0,0,13,0,13,140,42,23,0,205,14,0,14,219
04/12/2016,ONT,CA,AWP,WE,Towers with Radar,178,60,8,0,246,0,6,11,0,17,178,66,19,0,263,0,0,0,263
04/13/2016,ONT,CA,AWP,WE,Towers with Radar,181,51,25,0,257,0,9,10,3,22,181,60,35,3,279,12,0,12,291
04/14/2016,ONT,CA,AWP,WE,Towers with Radar,181,59,16,0,256,0,7,21,0,28,181,66,37,0,284,0,0,0,284
04/15/2016,ONT,CA,AWP,WE,Towers with Radar,162,51,12,0,225,0,3,7,0,10,162,54,19,0,235,6,0,6,241
04/16/2016,ONT,CA,AWP,WE,Towers with Radar,109,35,6,0,150,0,5,15,3,23,109,40,21,3,173,0,0,0,173
04/17/2016,ONT,CA,AWP,WE,Towers with Radar,116,23,9,0,148,0,0,22,0,22,116,23,31,0,170,8,0,8,178
04/18/2016,ONT,CA,AWP,WE,Towers with Radar,145,43,5,0,193,0,5,13,0,18,145,48,18,0,211,76,0,76,287
04/19/2016,ONT,CA,AWP,WE,Towers with Radar,178,55,19,0,252,0,6,15,3,24,178,61,34,3,276,12,0,12,288
04/20/2016,ONT,CA,AWP,WE,Towers with Radar,176,55,11,0,242,0,5,9,0,14,176,60,20,0,256,26,0,26,282
04/21/2016,ONT,CA,AWP,WE,Towers with Radar,180,48,7,0,235,0,10,19,1,30,180,58,26,1,265,44,0,44,309
04/22/2016,ONT,CA,AWP,WE,Towers with Radar,149,55,13,0,217,0,3,14,1,18,149,58,27,1,235,16,0,16,251
04/23/2016,ONT,CA,AWP,WE,Towers with Radar,104,30,8,0,142,0,5,15,1,21,104,35,23,1,163,14,0,14,177
04/24/2016,ONT,CA,AWP,WE,Towers with Radar,115,18,11,0,144,0,0,4,2,6,115,18,15,2,150,8,0,8,158
04/25/2016,ONT,CA,AWP,WE,Towers with Radar,138,46,7,0,191,0,0,9,0,9,138,46,16,0,200,16,0,16,216
04/26/2016,ONT,CA,AWP,WE,Towers with Radar,174,59,9,0,242,0,9,14,1,24,174,68,23,1,266,49,0,49,315
04/27/2016,ONT,CA,AWP,WE,Towers with Radar,181,67,19,0,267,0,4,28,0,32,181,71,47,0,299,52,0,52,351
04/28/2016,ONT,CA,AWP,WE,Towers with Radar,188,52,22,0,262,0,6,11,1,18,188,58,33,1,280,4,0,4,284
04/29/2016,ONT,CA,AWP,WE,Towers with Radar,144,53,17,2,216,0,0,22,3,25,144,53,39,5,241,6,0,6,247
04/30/2016,ONT,CA,AWP,WE,Towers with Radar,165,50,38,0,253,0,0,17,0,17,165,50,55,0,270,28,0,28,298
05/01/2016,ONT,CA,AWP,WE,Towers with Radar,201,33,20,0,254,0,0,36,0,36,201,33,56,0,290,0,0,0,290
05/02/2016,ONT,CA,AWP,WE,Towers with Radar,144,44,10,0,198,0,1,23,0,24,144,45,33,0,222,68,0,68,290
05/03/2016,ONT,CA,AWP,WE,Towers with Radar,188,50,7,0,245,0,5,25,2,32,188,55,32,2,277,20,0,20,297
05/04/2016,ONT,CA,AWP,WE,Towers with Radar,177,61,16,0,254,0,6,9,3,18,177,67,25,3,272,0,0,0,272
05/05/2016,ONT,CA,AWP,WE,Towers with Radar,193,57,20,0,270,0,2,20,0,22,193,59,40,0,292,8,0,8,300
05/06/2016,ONT,CA,AWP,WE,Towers with Radar,175,64,20,1,260,0,3,12,1,16,175,67,32,2,276,0,0,0,276
05/07/2016,ONT,CA,AWP,WE,Towers with Radar,99,39,5,0,143,0,1,12,2,15,99,40,17,2,158,28,0,28,186
05/08/2016,ONT,CA,AWP,WE,Towers with Radar,120,19,7,0,146,0,2,6,0,8,120,21,13,0,154,16,0,16,170
05/09/2016,ONT,CA,AWP,WE,Towers with Radar,142,43,12,0,197,0,3,24,0,27,142,46,36,0,224,22,0,22,246
05/10/2016,ONT,CA,AWP,WE,Towers with Radar,178,58,19,0,255,0,2,18,1,21,178,60,37,1,276,14,0,14,290
05/11/2016,ONT,CA,AWP,WE,Towers with Radar,180,65,16,1,262,0,5,22,1,28,180,70,38,2,290,12,0,12,302
05/12/2016,ONT,CA,AWP,WE,Towers with Radar,185,51,16,1,253,0,10,35,2,47,185,61,51,3,300,39,0,39,339
05/13/2016,ONT,CA,AWP,WE,Towers with Radar,148,52,14,0,214,0,14,28,1,43,148,66,42,1,257,36,0,36,293
05/14/2016,ONT,CA,AWP,WE,Towers with Radar,100,39,9,0,148,0,1,9,1,11,100,40,18,1,159,8,0,8,167
05/15/2016,ONT,CA,AWP,WE,Towers with Radar,118,23,20,0,161,0,0,5,0,5,118,23,25,0,166,0,0,0,166
05/16/2016,ONT,CA,AWP,WE,Towers with Radar,138,43,19,0,200,0,0,13,0,13,138,43,32,0,213,16,0,16,229
05/17/2016,ONT,CA,AWP,WE,Towers with Radar,183,55,20,0,258,0,8,28,2,38,183,63,48,2,296,28,0,28,324
05/18/2016,ONT,CA,AWP,WE,Towers with Radar,184,61,16,0,261,0,7,48,0,55,184,68,64,0,316,0,0,0,316
05/19/2016,ONT,CA,AWP,WE,Towers with Radar,176,48,23,0,247,0,4,23,3,30,176,52,46,3,277,14,0,14,291
05/20/2016,ONT,CA,AWP,WE,Towers with Radar,150,58,17,0,225,0,2,17,0,19,150,60,34,0,244,14,0,14,258
05/21/2016,ONT,CA,AWP,WE,Towers with Radar,96,33,8,0,137,0,4,16,1,21,96,37,24,1,158,0,0,0,158
05/22/2016,ONT,CA,AWP,WE,Towers with Radar,114,25,12,0,151,0,1,17,0,18,114,26,29,0,169,2,0,2,171
05/23/2016,ONT,CA,AWP,WE,Towers with Radar,147,35,26,5,213,0,3,13,1,17,147,38,39,6,230,6,0,6,236
05/24/2016,ONT,CA,AWP,WE,Towers with Radar,178,57,20,0,255,0,2,15,2,19,178,59,35,2,274,8,0,8,282
05/25/2016,ONT,CA,AWP,WE,Towers with Radar,197,55,11,0,263,0,5,22,3,30,197,60,33,3,293,4,0,4,297
05/26/2016,ONT,CA,AWP,WE,Towers with Radar,198,53,8,1,260,0,12,28,2,42,198,65,36,3,302,10,0,10,312
05/27/2016,ONT,CA,AWP,WE,Towers with Radar,155,44,16,0,215,0,7,14,2,23,155,51,30,2,238,2,0,2,240
05/28/2016,ONT,CA,AWP,WE,Towers with Radar,98,31,5,0,134,0,0,14,2,16,98,31,19,2,150,24,0,24,174
05/29/2016,ONT,CA,AWP,WE,Towers with Radar,96,13,5,0,114,0,0,11,0,11,96,13,16,0,125,0,0,0,125
05/30/2016,ONT,CA,AWP,WE,Towers with Radar,107,19,10,0,136,0,0,15,0,15,107,19,25,0,151,36,0,36,187
05/31/2016,ONT,CA,AWP,WE,Towers with Radar,136,41,18,0,195,0,8,13,1,22,136,49,31,1,217,2,0,2,219
06/01/2016,ONT,CA,AWP,WE,Towers with Radar,184,57,19,0,260,0,3,17,2,22,184,60,36,2,282,16,0,16,298
06/02/2016,ONT,CA,AWP,WE,Towers with Radar,195,52,24,0,271,0,12,10,0,22,195,64,34,0,293,2,0,2,295
06/03/2016,ONT,CA,AWP,WE,Towers with Radar,165,50,16,0,231,0,6,14,3,23,165,56,30,3,254,10,0,10,264
06/04/2016,ONT,CA,AWP,WE,Towers with Radar,117,37,7,0,161,0,1,13,3,17,117,38,20,3,178,2,0,2,180
06/05/2016,ONT,CA,AWP,WE,Towers with Radar,113,17,4,1,135,0,1,17,1,19,113,18,21,2,154,6,0,6,160
06/06/2016,ONT,CA,AWP,WE,Towers with Radar,131,43,16,0,190,0,6,18,0,24,131,49,34,0,214,24,0,24,238
06/07/2016,ONT,CA,AWP,WE,Towers with Radar,183,56,28,0,267,0,7,38,0,45,183,63,66,0,312,13,0,13,325
06/08/2016,ONT,CA,AWP,WE,Towers with Radar,199,68,28,0,295,0,9,33,1,43,199,77,61,1,338,26,0,26,364
06/09/2016,ONT,CA,AWP,WE,Towers with Radar,184,53,16,0,253,0,2,23,2,27,184,55,39,2,280,14,0,14,294
06/10/2016,ONT,CA,AWP,WE,Towers with Radar,152,47,20,0,219,0,3,17,2,22,152,50,37,2,241,10,0,10,251
06/11/2016,ONT,CA,AWP,WE,Towers with Radar,109,33,10,0,152,0,0,9,2,11,109,33,19,2,163,4,0,4,167
06/12/2016,ONT,CA,AWP,WE,Towers with Radar,114,21,9,0,144,0,0,9,0,9,114,21,18,0,153,36,0,36,189
06/13/2016,ONT,CA,AWP,WE,Towers with Radar,137,37,11,0,185,0,4,9,0,13,137,41,20,0,198,14,0,14,212
06/14/2016,ONT,CA,AWP,WE,Towers with Radar,180,46,14,0,240,0,8,11,0,19,180,54,25,0,259,6,0,6,265
06/15/2016,ONT,CA,AWP,WE,Towers with Radar,178,50,18,0,246,0,9,23,1,33,178,59,41,1,279,18,0,18,297
06/16/2016,ONT,CA,AWP,WE,Towers with Radar,184,51,17,0,252,0,5,22,2,29,184,56,39,2,281,18,0,18,299
06/17/2016,ONT,CA,AWP,WE,Towers with Radar,147,52,19,0,218,0,8,21,3,32,147,60,40,3,250,14,0,14,264
06/18/2016,ONT,CA,AWP,WE,Towers with Radar,112,29,10,0,151,0,6,10,2,18,112,35,20,2,169,8,0,8,177
06/19/2016,ONT,CA,AWP,WE,Towers with Radar,113,18,12,0,143,0,0,9,0,9,113,18,21,0,152,0,0,0,152
06/20/2016,ONT,CA,AWP,WE,Towers with Radar,139,43,25,0,207,0,7,11,0,18,139,50,36,0,225,8,0,8,233
06/21/2016,ONT,CA,AWP,WE,Towers with Radar,178,59,31,0,268,0,7,36,1,44,178,66,67,1,312,50,0,50,362
06/22/2016,ONT,CA,AWP,WE,Towers with Radar,184,53,24,0,261,0,6,17,2,25,184,59,41,2,286,30,0,30,316
06/23/2016,ONT,CA,AWP,WE,Towers with Radar,197,46,14,0,257,0,6,11,3,20,197,52,25,3,277,20,0,20,297
06/24/2016,ONT,CA,AWP,WE,Towers with Radar,156,51,11,0,218,0,7,30,0,37,156,58,41,0,255,30,10,40,295
06/25/2016,ONT,CA,AWP,WE,Towers with Radar,107,36,10,0,153,0,2,31,3,36,107,38,41,3,189,32,0,32,221
06/26/2016,ONT,CA,AWP,WE,Towers with Radar,117,19,7,0,143,0,0,25,1,26,117,19,32,1,169,14,0,14,183
06/27/2016,ONT,CA,AWP,WE,Towers with Radar,141,33,11,0,185,0,5,15,1,21,141,38,26,1,206,0,0,0,206
06/28/2016,ONT,CA,AWP,WE,Towers with Radar,192,54,4,0,250,0,7,25,0,32,192,61,29,0,282,8,0,8,290
06/29/2016,ONT,CA,AWP,WE,Towers with Radar,188,54,15,0,257,0,7,26,1,34,188,61,41,1,291,64,0,64,355
06/30/2016,ONT,CA,AWP,WE,Towers with Radar,206,47,20,0,273,0,4,39,0,43,206,51,59,0,316,24,0,24,340
07/01/2016,ONT,CA,AWP,WE,Towers with Radar,147,50,14,1,212,0,7,30,4,41,147,57,44,5,253,44,0,44,297
07/02/2016,ONT,CA,AWP,WE,Towers with Radar,107,35,10,0,152,0,3,21,1,25,107,38,31,1,177,18,0,18,195
07/03/2016,ONT,CA,AWP,WE,Towers with Radar,91,16,10,0,117,0,1,22,0,23,91,17,32,0,140,0,0,0,140
07/04/2016,ONT,CA,AWP,WE,Towers with Radar,104,16,8,0,128,0,1,11,0,12,104,17,19,0,140,10,0,10,150
07/05/2016,ONT,CA,AWP,WE,Towers with Radar,135,44,12,0,191,0,2,13,0,15,135,46,25,0,206,40,0,40,246
07/06/2016,ONT,CA,AWP,WE,Towers with Radar,182,57,15,1,255,0,5,19,3,27,182,62,34,4,282,6,0,6,288
07/07/2016,ONT,CA,AWP,WE,Towers with Radar,183,58,21,0,262,0,13,28,0,41,183,71,49,0,303,8,0,8,311
07/08/2016,ONT,CA,AWP,WE,Towers with Radar,148,53,15,1,217,0,8,26,3,37,148,61,41,4,254,8,0,8,262
07/09/2016,ONT,CA,AWP,WE,Towers with Radar,104,28,7,0,139,0,5,24,2,31,104,33,31,2,170,8,0,8,178
07/10/2016,ONT,CA,AWP,WE,Towers with Radar,115,22,19,1,157,0,0,30,3,33,115,22,49,4,190,2,0,2,192
07/11/2016,ONT,CA,AWP,WE,Towers with Radar,132,49,22,0,203,0,7,21,0,28,132,56,43,0,231,16,0,16,247
07/12/2016,ONT,CA,AWP,WE,Towers with Radar,185,58,17,2,262,0,5,13,0,18,185,63,30,2,280,0,0,0,280
07/13/2016,ONT,CA,AWP,WE,Towers with Radar,196,47,22,1,266,0,8,32,3,43,196,55,54,4,309,32,0,32,341
07/14/2016,ONT,CA,AWP,WE,Towers with Radar,202,56,8,0,266,0,8,35,2,45,202,64,43,2,311,31,0,31,342
07/15/2016,ONT,CA,AWP,WE,Towers with Radar,151,49,7,0,207,0,6,31,5,42,151,55,38,5,249,32,0,32,281
07/16/2016,ONT,CA,AWP,WE,Towers with Radar,106,35,12,0,153,0,5,24,5,34,106,40,36,5,187,12,0,12,199
07/17/2016,ONT,CA,AWP,WE,Towers with Radar,112,18,19,0,149,0,0,32,2,34,112,18,51,2,183,18,0,18,201
07/18/2016,ONT,CA,AWP,WE,Towers with Radar,144,43,12,0,199,0,4,31,2,37,144,47,43,2,236,44,0,44,280
07/19/2016,ONT,CA,AWP,WE,Towers with Radar,178,66,9,0,253,0,2,37,2,41,178,68,46,2,294,26,0,26,320
07/20/2016,ONT,CA,AWP,WE,Towers with Radar,162,54,16,0,232,0,1,15,2,18,162,55,31,2,250,4,0,4,254
07/21/2016,ONT,CA,AWP,WE,Towers with Radar,161,63,8,0,232,0,8,60,0,68,161,71,68,0,300,46,0,46,346
07/22/2016,ONT,CA,AWP,WE,Towers with Radar,139,55,8,0,202,0,5,45,1,51,139,60,53,1,253,42,0,42,295
07/23/2016,ONT,CA,AWP,WE,Towers with Radar,109,42,9,0,160,0,4,26,0,30,109,46,35,0,190,18,0,18,208
07/24/2016,ONT,CA,AWP,WE,Towers with Radar,112,24,14,0,150,0,0,29,2,31,112,24,43,2,181,14,0,14,195
07/25/2016,ONT,CA,AWP,WE,Towers with Radar,137,43,16,0,196,0,7,23,2,32,137,50,39,2,228,24,0,24,252
07/26/2016,ONT,CA,AWP,WE,Towers with Radar,177,61,19,1,258,0,2,30,0,32,177,63,49,1,290,8,0,8,298
07/27/2016,ONT,CA,AWP,WE,Towers with Radar,175,54,16,0,245,0,10,25,1,36,175,64,41,1,281,38,0,38,319
07/28/2016,ONT,CA,AWP,WE,Towers with Radar,173,63,9,0,245,0,5,30,2,37,173,68,39,2,282,10,0,10,292
07/29/2016,ONT,CA,AWP,WE,Towers with Radar,158,56,24,0,238,0,4,22,4,30,158,60,46,4,268,24,0,24,292
07/30/2016,ONT,CA,AWP,WE,Towers with Radar,107,41,10,0,158,0,0,12,4,16,107,41,22,4,174,2,0,2,176
07/31/2016,ONT,CA,AWP,WE,Towers with Radar,113,22,11,0,146,0,0,18,1,19,113,22,29,1,165,2,0,2,167
08/01/2016,ONT,CA,AWP,WE,Towers with Radar,136,45,16,0,197,0,6,28,2,36,136,51,44,2,233,6,0,6,239
08/02/2016,ONT,CA,AWP,WE,Towers with Radar,179,54,16,0,249,0,4,21,2,27,179,58,37,2,276,6,0,6,282
08/03/2016,ONT,CA,AWP,WE,Towers with Radar,174,54,13,0,241,0,9,28,1,38,174,63,41,1,279,2,0,2,281
08/04/2016,ONT,CA,AWP,WE,Towers with Radar,206,61,18,0,285,0,6,33,2,41,206,67,51,2,326,6,0,6,332
08/05/2016,ONT,CA,AWP,WE,Towers with Radar,143,47,14,0,204,0,3,11,1,15,143,50,25,1,219,2,0,2,221
08/06/2016,ONT,CA,AWP,WE,Towers with Radar,106,34,10,2,152,0,6,27,2,35,106,40,37,4,187,4,0,4,191
08/07/2016,ONT,CA,AWP,WE,Towers with Radar,112,26,8,0,146,0,2,10,2,14,112,28,18,2,160,6,0,6,166
08/08/2016,ONT,CA,AWP,WE,Towers with Radar,135,53,14,0,202,0,4,22,6,32,135,57,36,6,234,41,0,41,275
08/09/2016,ONT,CA,AWP,WE,Towers with Radar,168,60,14,1,243,0,4,9,1,14,168,64,23,2,257,0,0,0,257
08/10/2016,ONT,CA,AWP,WE,Towers with Radar,174,53,11,0,238,0,9,12,1,22,174,62,23,1,260,6,0,6,266
08/11/2016,ONT,CA,AWP,WE,Towers with Radar,177,51,14,0,242,0,4,22,1,27,177,55,36,1,269,18,0,18,287
08/12/2016,ONT,CA,AWP,WE,Towers with Radar,140,49,8,0,197,0,6,17,3,26,140,55,25,3,223,8,0,8,231
08/13/2016,ONT,CA,AWP,WE,Towers with Radar,101,31,10,0,142,0,3,14,1,18,101,34,24,1,160,10,0,10,170
08/14/2016,ONT,CA,AWP,WE,Towers with Radar,112,28,13,0,153,0,1,4,0,5,112,29,17,0,158,0,0,0,158
08/15/2016,ONT,CA,AWP,WE,Towers with Radar,136,41,15,0,192,0,6,11,0,17,136,47,26,0,209,6,0,6,215
08/16/2016,ONT,CA,AWP,WE,Towers with Radar,180,55,12,0,247,0,6,25,1,32,180,61,37,1,279,20,0,20,299
08/17/2016,ONT,CA,AWP,WE,Towers with Radar,180,55,15,0,250,0,6,43,3,52,180,61,58,3,302,6,0,6,308
08/18/2016,ONT,CA,AWP,WE,Towers with Radar,176,54,14,0,244,0,5,34,1,40,176,59,48,1,284,0,0,0,284
08/19/2016,ONT,CA,AWP,WE,Towers with Radar,150,60,12,0,222,0,7,19,6,32,150,67,31,6,254,4,0,4,258
08/20/2016,ONT,CA,AWP,WE,Towers with Radar,102,35,8,0,145,0,4,16,1,21,102,39,24,1,166,8,0,8,174
08/21/2016,ONT,CA,AWP,WE,Towers with Radar,121,26,10,1,158,0,4,2,0,6,121,30,12,1,164,0,0,0,164
08/22/2016,ONT,CA,AWP,WE,Towers with Radar,138,41,17,0,196,0,5,19,0,24,138,46,36,0,220,4,0,4,224
08/23/2016,ONT,CA,AWP,WE,Towers with Radar,170,57,15,0,242,0,4,17,0,21,170,61,32,0,263,18,0,18,281
08/24/2016,ONT,CA,AWP,WE,Towers with Radar,178,60,17,1,256,0,7,25,1,33,178,67,42,2,289,22,0,22,311
08/25/2016,ONT,CA,AWP,WE,Towers with Radar,174,59,10,0,243,0,10,19,0,29,174,69,29,0,272,4,0,4,276
08/26/2016,ONT,CA,AWP,WE,Towers with Radar,146,61,15,0,222,0,2,6,0,8,146,63,21,0,230,3,0,3,233
08/27/2016,ONT,CA,AWP,WE,Towers with Radar,105,32,7,0,144,0,0,25,0,25,105,32,32,0,169,16,0,16,185
08/28/2016,ONT,CA,AWP,WE,Towers with Radar,127,26,5,0,158,0,2,9,0,11,127,28,14,0,169,13,0,13,182
08/29/2016,ONT,CA,AWP,WE,Towers with Radar,145,49,13,0,207,0,8,10,0,18,145,57,23,0,225,22,0,22,247
08/30/2016,ONT,CA,AWP,WE,Towers with Radar,170,64,7,0,241,0,1,22,0,23,170,65,29,0,264,9,0,9,273
08/31/2016,ONT,CA,AWP,WE,Towers with Radar,175,56,13,0,244,0,5,25,2,32,175,61,38,2,276,11,0,11,287
09/01/2016,ONT,CA,AWP,WE,Towers with Radar,193,62,18,0,273,0,4,18,0,22,193,66,36,0,295,12,0,12,307
09/02/2016,ONT,CA,AWP,WE,Towers with Radar,154,53,16,1,224,0,4,16,0,20,154,57,32,1,244,6,0,6,250
09/03/2016,ONT,CA,AWP,WE,Towers with Radar,91,34,6,0,131,0,2,10,3,15,91,36,16,3,146,2,0,2,148
09/04/2016,ONT,CA,AWP,WE,Towers with Radar,91,17,11,0,119,0,1,19,0,20,91,18,30,0,139,13,0,13,152
09/05/2016,ONT,CA,AWP,WE,Towers with Radar,105,18,11,0,134,0,0,8,2,10,105,18,19,2,144,2,0,2,146
09/06/2016,ONT,CA,AWP,WE,Towers with Radar,136,39,17,0,192,0,3,26,1,30,136,42,43,1,222,18,0,18,240
09/07/2016,ONT,CA,AWP,WE,Towers with Radar,192,54,16,0,262,0,5,18,0,23,192,59,34,0,285,40,0,40,325
09/08/2016,ONT,CA,AWP,WE,Towers with Radar,195,52,17,0,264,0,9,22,0,31,195,61,39,0,295,35,0,35,330
09/09/2016,ONT,CA,AWP,WE,Towers with Radar,152,49,18,2,221,0,8,24,1,33,152,57,42,3,254,12,0,12,266
09/10/2016,ONT,CA,AWP,WE,Towers with Radar,102,34,5,0,141,0,7,23,0,30,102,41,28,0,171,2,0,2,173
09/11/2016,ONT,CA,AWP,WE,Towers with Radar,121,22,4,0,147,0,0,22,1,23,121,22,26,1,170,4,0,4,174
09/12/2016,ONT,CA,AWP,WE,Towers with Radar,142,34,13,0,189,0,2,11,0,13,142,36,24,0,202,16,0,16,218
09/13/2016,ONT,CA,AWP,WE,Towers with Radar,183,48,13,0,244,0,1,12,1,14,183,49,25,1,258,20,0,20,278
09/14/2016,ONT,CA,AWP,WE,Towers with Radar,181,50,15,0,246,0,6,14,0,20,181,56,29,0,266,6,0,6,272
09/15/2016,ONT,CA,AWP,WE,Towers with Radar,184,51,15,0,250,0,5,38,0,43,184,56,53,0,293,8,0,8,301
09/16/2016,ONT,CA,AWP,WE,Towers with Radar,149,49,20,0,218,0,7,16,0,23,149,56,36,0,241,2,0,2,243
09/17/2016,ONT,CA,AWP,WE,Towers with Radar,105,28,1,0,134,0,4,7,1,12,105,32,8,1,146,2,0,2,148
09/18/2016,ONT,CA,AWP,WE,Towers with Radar,123,19,11,0,153,0,0,8,1,9,123,19,19,1,162,9,0,9,171
09/19/2016,ONT,CA,AWP,WE,Towers with Radar,145,44,16,0,205,0,2,14,0,16,145,46,30,0,221,6,0,6,227
09/20/2016,ONT,CA,AWP,WE,Towers with Radar,180,55,22,0,257,0,1,10,0,11,180,56,32,0,268,0,0,0,268
09/21/2016,ONT,CA,AWP,WE,Towers with Radar,186,48,10,0,244,0,6,27,0,33,186,54,37,0,277,6,0,6,283
09/22/2016,ONT,CA,AWP,WE,Towers with Radar,184,53,26,1,264,0,3,15,1,19,184,56,41,2,283,6,2,8,291
09/23/2016,ONT,CA,AWP,WE,Towers with Radar,149,50,24,0,223,0,3,22,1,26,149,53,46,1,249,10,0,10,259
09/24/2016,ONT,CA,AWP,WE,Towers with Radar,101,30,2,0,133,0,5,9,0,14,101,35,11,0,147,0,0,0,147
09/25/2016,ONT,CA,AWP,WE,Towers with Radar,115,19,12,0,146,0,2,7,2,11,115,21,19,2,157,2,0,2,159
09/26/2016,ONT,CA,AWP,WE,Towers with Radar,148,40,14,0,202,0,1,16,0,17,148,41,30,0,219,0,0,0,219
09/27/2016,ONT,CA,AWP,WE,Towers with Radar,181,53,19,0,253,0,1,18,0,19,181,54,37,0,272,0,0,0,272
09/28/2016,ONT,CA,AWP,WE,Towers with Radar,182,56,16,0,254,0,4,33,0,37,182,60,49,0,291,14,0,14,305
09/29/2016,ONT,CA,AWP,WE,Towers with Radar,177,50,22,0,249,0,5,12,0,17,177,55,34,0,266,0,0,0,266
09/30/2016,ONT,CA,AWP,WE,Towers with Radar,156,53,30,0,239,0,4,19,0,23,156,57,49,0,262,4,0,4,266
10/01/2016,ONT,CA,AWP,WE,Towers with Radar,110,38,5,0,153,0,5,9,0,14,110,43,14,0,167,10,0,10,177
10/02/2016,ONT,CA,AWP,WE,Towers with Radar,121,22,9,0,152,0,1,11,0,12,121,23,20,0,164,6,0,6,170
10/03/2016,ONT,CA,AWP,WE,Towers with Radar,145,36,17,0,198,0,6,15,0,21,145,42,32,0,219,6,0,6,225
10/04/2016,ONT,CA,AWP,WE,Towers with Radar,186,49,21,0,256,0,5,24,0,29,186,54,45,0,285,18,0,18,303
10/05/2016,ONT,CA,AWP,WE,Towers with Radar,180,49,10,0,239,0,7,28,0,35,180,56,38,0,274,8,0,8,282
10/06/2016,ONT,CA,AWP,WE,Towers with Radar,186,50,7,0,243,0,5,20,0,25,186,55,27,0,268,0,0,0,268
10/07/2016,ONT,CA,AWP,WE,Towers with Radar,150,43,28,0,221,0,5,20,0,25,150,48,48,0,246,8,0,8,254
10/08/2016,ONT,CA,AWP,WE,Towers with Radar,117,29,5,0,151,0,6,19,1,26,117,35,24,1,177,14,0,14,191
10/09/2016,ONT,CA,AWP,WE,Towers with Radar,128,14,12,0,154,0,2,19,0,21,128,16,31,0,175,10,0,10,185
10/10/2016,ONT,CA,AWP,WE,Towers with Radar,141,39,18,0,198,0,4,30,0,34,141,43,48,0,232,18,0,18,250
10/11/2016,ONT,CA,AWP,WE,Towers with Radar,184,49,17,0,250,0,6,21,0,27,184,55,38,0,277,16,0,16,293
10/12/2016,ONT,CA,AWP,WE,Towers with Radar,187,54,16,0,257,0,4,19,0,23,187,58,35,0,280,0,0,0,280
10/13/2016,ONT,CA,AWP,WE,Towers with Radar,175,47,21,0,243,0,4,43,0,47,175,51,64,0,290,2,0,2,292
10/14/2016,ONT,CA,AWP,WE,Towers with Radar,153,46,20,0,219,0,4,23,0,27,153,50,43,0,246,10,0,10,256
10/15/2016,ONT,CA,AWP,WE,Towers with Radar,109,28,11,0,148,0,1,14,1,16,109,29,25,1,164,4,0,4,168
10/16/2016,ONT,CA,AWP,WE,Towers with Radar,124,14,13,0,151,0,2,12,0,14,124,16,25,0,165,12,0,12,177
10/17/2016,ONT,CA,AWP,WE,Towers with Radar,144,37,21,0,202,0,0,8,1,9,144,37,29,1,211,2,0,2,213
10/18/2016,ONT,CA,AWP,WE,Towers with Radar,183,53,17,2,255,0,5,19,1,25,183,58,36,3,280,10,0,10,290
10/19/2016,ONT,CA,AWP,WE,Towers with Radar,182,51,20,0,253,0,4,13,0,17,182,55,33,0,270,2,0,2,272
10/20/2016,ONT,CA,AWP,WE,Towers with Radar,185,52,10,0,247,0,5,29,0,34,185,57,39,0,281,18,0,18,299
10/21/2016,ONT,CA,AWP,WE,Towers with Radar,156,47,19,0,222,0,5,40,2,47,156,52,59,2,269,10,0,10,279
10/22/2016,ONT,CA,AWP,WE,Towers with Radar,109,33,6,0,148,0,5,17,0,22,109,38,23,0,170,8,0,8,178
10/23/2016,ONT,CA,AWP,WE,Towers with Radar,128,17,11,0,156,0,0,11,1,12,128,17,22,1,168,0,0,0,168
10/24/2016,ONT,CA,AWP,WE,Towers with Radar,152,28,16,0,196,0,0,15,0,15,152,28,31,0,211,0,0,0,211
10/25/2016,ONT,CA,AWP,WE,Towers with Radar,187,53,9,0,249,0,2,28,0,30,187,55,37,0,279,8,0,8,287
10/26/2016,ONT,CA,AWP,WE,Towers with Radar,183,48,13,0,244,0,5,19,3,27,183,53,32,3,271,2,0,2,273
10/27/2016,ONT,CA,AWP,WE,Towers with Radar,176,49,19,1,245,0,6,18,1,25,176,55,37,2,270,0,0,0,270
10/28/2016,ONT,CA,AWP,WE,Towers with Radar,151,48,19,0,218,0,5,19,0,24,151,53,38,0,242,30,0,30,272
10/29/2016,ONT,CA,AWP,WE,Towers with Radar,112,32,8,0,152,0,2,22,0,24,112,34,30,0,176,6,0,6,182
10/30/2016,ONT,CA,AWP,WE,Towers with Radar,121,10,11,1,143,0,0,8,0,8,121,10,19,1,151,0,0,0,151
10/31/2016,ONT,CA,AWP,WE,Towers with Radar,137,41,9,1,188,0,2,7,0,9,137,43,16,1,197,0,0,0,197
11/01/2016,ONT,CA,AWP,WE,Towers with Radar,186,54,25,0,265,0,1,10,2,13,186,55,35,2,278,10,0,10,288
11/02/2016,ONT,CA,AWP,WE,Towers with Radar,182,50,22,0,254,0,7,9,1,17,182,57,31,1,271,12,0,12,283
11/03/2016,ONT,CA,AWP,WE,Towers with Radar,186,45,23,0,254,0,5,33,2,40,186,50,56,2,294,0,0,0,294
11/04/2016,ONT,CA,AWP,WE,Towers with Radar,160,52,10,0,222,0,2,13,0,15,160,54,23,0,237,4,0,4,241
11/05/2016,ONT,CA,AWP,WE,Towers with Radar,123,33,16,0,172,0,2,14,1,17,123,35,30,1,189,30,0,30,219
11/06/2016,ONT,CA,AWP,WE,Towers with Radar,145,19,13,0,177,0,1,11,1,13,145,20,24,1,190,10,0,10,200
11/07/2016,ONT,CA,AWP,WE,Towers with Radar,140,37,17,0,194,0,4,11,0,15,140,41,28,0,209,4,0,4,213
11/08/2016,ONT,CA,AWP,WE,Towers with Radar,170,58,11,0,239,0,8,20,4,32,170,66,31,4,271,14,0,14,285
11/09/2016,ONT,CA,AWP,WE,Towers with Radar,183,53,16,0,252,0,4,24,0,28,183,57,40,0,280,90,0,90,370
11/10/2016,ONT,CA,AWP,WE,Towers with Radar,178,49,11,0,238,0,7,42,4,53,178,56,53,4,291,26,0,26,317
11/11/2016,ONT,CA,AWP,WE,Towers with Radar,156,46,18,0,220,0,4,15,0,19,156,50,33,0,239,6,0,6,245
11/12/2016,ONT,CA,AWP,WE,Towers with Radar,112,29,4,0,145,0,1,15,0,16,112,30,19,0,161,64,0,64,225
11/13/2016,ONT,CA,AWP,WE,Towers with Radar,125,23,13,0,161,0,0,14,0,14,125,23,27,0,175,8,0,8,183
11/14/2016,ONT,CA,AWP,WE,Towers with Radar,144,42,14,0,200,0,3,14,1,18,144,45,28,1,218,6,0,6,224
11/15/2016,ONT,CA,AWP,WE,Towers with Radar,192,52,21,0,265,0,4,17,0,21,192,56,38,0,286,4,0,4,290
11/16/2016,ONT,CA,AWP,WE,Towers with Radar,180,52,18,1,251,0,2,18,1,21,180,54,36,2,272,0,0,0,272
11/17/2016,ONT,CA,AWP,WE,Towers with Radar,191,53,19,0,263,0,1,13,0,14,191,54,32,0,277,2,0,2,279
11/18/2016,ONT,CA,AWP,WE,Towers with Radar,165,46,14,0,225,0,5,35,0,40,165,51,49,0,265,40,0,40,305
11/19/2016,ONT,CA,AWP,WE,Towers with Radar,127,31,19,2,179,0,4,22,0,26,127,35,41,2,205,32,0,32,237
11/20/2016,ONT,CA,AWP,WE,Towers with Radar,122,20,13,0,155,0,0,4,1,5,122,20,17,1,160,4,0,4,164
11/21/2016,ONT,CA,AWP,WE,Towers with Radar,156,41,9,0,206,0,0,12,0,12,156,41,21,0,218,18,0,18,236
11/22/2016,ONT,CA,AWP,WE,Towers with Radar,221,51,9,1,282,0,6,21,1,28,221,57,30,2,310,46,0,46,356
11/23/2016,ONT,CA,AWP,WE,Towers with Radar,193,58,14,0,265,0,5,17,0,22,193,63,31,0,287,60,0,60,347
11/24/2016,ONT,CA,AWP,WE,Towers with Radar,92,12,4,1,109,0,0,3,1,4,92,12,7,2,113,8,0,8,121
11/25/2016,ONT,CA,AWP,WE,Towers with Radar,120,37,11,0,168,0,3,16,0,19,120,40,27,0,187,18,0,18,205
11/26/2016,ONT,CA,AWP,WE,Towers with Radar,126,37,9,0,172,0,1,0,0,1,126,38,9,0,173,0,0,0,173
11/27/2016,ONT,CA,AWP,WE,Towers with Radar,155,21,11,0,187,0,0,2,0,2,155,21,13,0,189,0,0,0,189
11/28/2016,ONT,CA,AWP,WE,Towers with Radar,169,39,13,0,221,0,2,18,0,20,169,41,31,0,241,12,0,12,253
11/29/2016,ONT,CA,AWP,WE,Towers with Radar,222,59,14,0,295,0,2,16,0,18,222,61,30,0,313,22,0,22,335
11/30/2016,ONT,CA,AWP,WE,Towers with Radar,209,58,20,0,287,0,5,34,3,42,209,63,54,3,329,56,0,56,385
12/01/2016,ONT,CA,AWP,WE,Towers with Radar,207,58,18,0,283,0,3,17,1,21,207,61,35,1,304,14,0,14,318
12/02/2016,ONT,CA,AWP,WE,Towers with Radar,149,51,8,0,208,0,1,5,0,6,149,52,13,0,214,0,0,0,214
12/03/2016,ONT,CA,AWP,WE,Towers with Radar,124,34,12,1,171,0,3,9,0,12,124,37,21,1,183,14,0,14,197
12/04/2016,ONT,CA,AWP,WE,Towers with Radar,126,20,15,1,162,0,0,13,0,13,126,20,28,1,175,2,0,2,177
12/05/2016,ONT,CA,AWP,WE,Towers with Radar,156,44,18,0,218,0,1,37,0,38,156,45,55,0,256,40,0,40,296
12/06/2016,ONT,CA,AWP,WE,Towers with Radar,221,58,20,0,299,0,3,6,1,10,221,61,26,1,309,4,0,4,313
12/07/2016,ONT,CA,AWP,WE,Towers with Radar,218,55,33,0,306,0,1,20,0,21,218,56,53,0,327,34,0,34,361
12/08/2016,ONT,CA,AWP,WE,Towers with Radar,207,55,21,0,283,0,1,19,1,21,207,56,40,1,304,10,0,10,314
12/09/2016,ONT,CA,AWP,WE,Towers with Radar,153,60,23,0,236,0,5,24,2,31,153,65,47,2,267,33,0,33,300
12/10/2016,ONT,CA,AWP,WE,Towers with Radar,109,34,20,0,163,0,0,12,1,13,109,34,32,1,176,6,0,6,182
12/11/2016,ONT,CA,AWP,WE,Towers with Radar,125,23,20,0,168,0,0,3,0,3,125,23,23,0,171,0,0,0,171
12/12/2016,ONT,CA,AWP,WE,Towers with Radar,167,43,11,0,221,0,1,13,0,14,167,44,24,0,235,16,0,16,251
12/13/2016,ONT,CA,AWP,WE,Towers with Radar,228,58,24,1,311,0,2,25,1,28,228,60,49,2,339,18,0,18,357
12/14/2016,ONT,CA,AWP,WE,Towers with Radar,235,60,10,2,307,0,5,34,0,39,235,65,44,2,346,10,2,12,358
12/15/2016,ONT,CA,AWP,WE,Towers with Radar,234,52,23,2,311,0,3,21,0,24,234,55,44,2,335,32,0,32,367
12/16/2016,ONT,CA,AWP,WE,Towers with Radar,222,74,23,0,319,0,0,3,0,3,222,74,26,0,322,0,0,0,322
12/17/2016,ONT,CA,AWP,WE,Towers with Radar,143,42,15,0,200,0,5,39,1,45,143,47,54,1,245,18,0,18,263
12/18/2016,ONT,CA,AWP,WE,Towers with Radar,178,16,8,0,202,0,0,8,0,8,178,16,16,0,210,14,0,14,224
12/19/2016,ONT,CA,AWP,WE,Towers with Radar,203,42,19,0,264,0,4,13,0,17,203,46,32,0,281,22,0,22,303
12/20/2016,ONT,CA,AWP,WE,Towers with Radar,259,62,18,0,339,0,10,33,1,44,259,72,51,1,383,18,0,18,401
12/21/2016,ONT,CA,AWP,WE,Towers with Radar,276,70,18,0,364,0,3,6,0,9,276,73,24,0,373,2,0,2,375
12/22/2016,ONT,CA,AWP,WE,Towers with Radar,291,69,11,0,371,0,1,10,0,11,291,70,21,0,382,8,0,8,390
12/23/2016,ONT,CA,AWP,WE,Towers with Radar,230,72,11,0,313,0,2,0,0,2,230,74,11,0,315,0,0,0,315
12/24/2016,ONT,CA,AWP,WE,Towers with Radar,148,44,2,0,194,0,2,2,0,4,148,46,4,0,198,0,0,0,198
12/25/2016,ONT,CA,AWP,WE,Towers with Radar,82,13,1,0,96,0,1,7,0,8,82,14,8,0,104,4,0,4,108
12/26/2016,ONT,CA,AWP,WE,Towers with Radar,133,19,16,0,168,0,0,16,0,16,133,19,32,0,184,18,0,18,202
12/27/2016,ONT,CA,AWP,WE,Towers with Radar,177,42,19,0,238,0,1,25,0,26,177,43,44,0,264,14,0,14,278
12/28/2016,ONT,CA,AWP,WE,Towers with Radar,224,58,8,0,290,0,2,43,1,46,224,60,51,1,336,50,0,50,386
12/29/2016,ONT,CA,AWP,WE,Towers with Radar,228,54,15,0,297,0,3,23,0,26,228,57,38,0,323,17,0,17,340
12/30/2016,ONT,CA,AWP,WE,Towers with Radar,180,47,17,0,244,0,3,14,1,18,180,50,31,1,262,10,0,10,272
12/31/2016,ONT,CA,AWP,WE,Towers with Radar,111,31,8,0,150,0,0,0,0,0,111,31,8,0,150,0,0,0,150
01/01/2017,ONT,CA,AWP,WE,Towers with Radar,112,17,11,0,140,0,2,4,0,6,112,19,15,0,146,0,0,0,146
01/02/2017,ONT,CA,AWP,WE,Towers with Radar,133,15,23,0,171,0,0,3,1,4,133,15,26,1,175,6,0,6,181
01/03/2017,ONT,CA,AWP,WE,Towers with Radar,165,35,16,0,216,0,3,20,0,23,165,38,36,0,239,29,0,29,268
01/04/2017,ONT,CA,AWP,WE,Towers with Radar,191,66,10,0,267,0,1,7,0,8,191,67,17,0,275,10,0,10,285
01/05/2017,ONT,CA,AWP,WE,Towers with Radar,204,57,25,0,286,0,0,0,0,0,204,57,25,0,286,0,0,0,286
01/06/2017,ONT,CA,AWP,WE,Towers with Radar,156,56,24,0,236,0,3,17,0,20,156,59,41,0,256,18,0,18,274
01/07/2017,ONT,CA,AWP,WE,Towers with Radar,97,33,10,0,140,0,3,13,1,17,97,36,23,1,157,12,0,12,169
01/08/2017,ONT,CA,AWP,WE,Towers with Radar,114,18,13,0,145,0,1,14,0,15,114,19,27,0,160,2,0,2,162
01/09/2017,ONT,CA,AWP,WE,Towers with Radar,147,39,7,0,193,0,0,4,0,4,147,39,11,0,197,2,0,2,199
01/10/2017,ONT,CA,AWP,WE,Towers with Radar,183,49,18,0,250,0,0,8,0,8,183,49,26,0,258,4,0,4,262
01/11/2017,ONT,CA,AWP,WE,Towers with Radar,183,63,11,0,257,0,0,6,0,6,183,63,17,0,263,0,0,0,263
01/12/2017,ONT,CA,AWP,WE,Towers with Radar,179,57,15,0,251,0,0,1,0,1,179,57,16,0,252,0,0,0,252
01/13/2017,ONT,CA,AWP,WE,Towers with Radar,155,48,17,0,220,0,2,23,0,25,155,50,40,0,245,6,0,6,251
01/14/2017,ONT,CA,AWP,WE,Towers with Radar,100,35,12,0,147,0,5,12,0,17,100,40,24,0,164,26,0,26,190
01/15/2017,ONT,CA,AWP,WE,Towers with Radar,116,19,11,0,146,0,0,16,0,16,116,19,27,0,162,16,0,16,178
01/16/2017,ONT,CA,AWP,WE,Towers with Radar,140,45,17,0,202,0,2,14,0,16,140,47,31,0,218,4,0,4,222
01/17/2017,ONT,CA,AWP,WE,Towers with Radar,177,50,8,0,235,0,5,23,0,28,177,55,31,0,263,24,0,24,287
01/18/2017,ONT,CA,AWP,WE,Towers with Radar,179,51,23,0,253,0,2,24,2,28,179,53,47,2,281,57,0,57,338
01/19/2017,ONT,CA,AWP,WE,Towers with Radar,189,51,23,1,264,0,1,6,1,8,189,52,29,2,272,8,0,8,280
01/20/2017,ONT,CA,AWP,WE,Towers with Radar,157,56,18,0,231,0,2,2,0,4,157,58,20,0,235,0,0,0,235
01/21/2017,ONT,CA,AWP,WE,Towers with Radar,106,31,9,0,146,0,4,23,1,28,106,35,32,1,174,36,0,36,210
01/22/2017,ONT,CA,AWP,WE,Towers with Radar,123,20,10,0,153,0,0,0,0,0,123,20,10,0,153,0,0,0,153
01/23/2017,ONT,CA,AWP,WE,Towers with Radar,146,51,11,0,208,0,0,2,0,2,146,51,13,0,210,0,0,0,210
01/24/2017,ONT,CA,AWP,WE,Towers with Radar,184,50,15,0,249,0,2,44,0,46,184,52,59,0,295,60,0,60,355
01/25/2017,ONT,CA,AWP,WE,Towers with Radar,183,56,21,2,262,0,3,33,2,38,183,59,54,4,300,16,0,16,316
01/26/2017,ONT,CA,AWP,WE,Towers with Radar,180,53,23,0,256,0,3,16,2,21,180,56,39,2,277,26,0,26,303
01/27/2017,ONT,CA,AWP,WE,Towers with Radar,163,40,29,0,232,0,1,4,0,5,163,41,33,0,237,2,0,2,239
01/28/2017,ONT,CA,AWP,WE,Towers with Radar,106,37,8,1,152,0,3,13,1,17,106,40,21,2,169,8,0,8,177
01/29/2017,ONT,CA,AWP,WE,Towers with Radar,126,21,12,0,159,0,2,28,0,30,126,23,40,0,189,20,0,20,209
01/30/2017,ONT,CA,AWP,WE,Towers with Radar,145,47,12,0,204,0,3,22,0,25,145,50,34,0,229,8,0,8,237
01/31/2017,ONT,CA,AWP,WE,Towers with Radar,203,60,11,0,274,0,6,24,0,30,203,66,35,0,304,14,0,14,318
02/01/2017,ONT,CA,AWP,WE,Towers with Radar,241,71,32,0,344,0,5,41,3,49,241,76,73,3,393,52,0,52,445
02/02/2017,ONT,CA,AWP,WE,Towers with Radar,178,58,15,0,251,0,3,40,3,46,178,61,55,3,297,52,0,52,349
02/03/2017,ONT,CA,AWP,WE,Towers with Radar,159,62,28,0,249,0,0,2,0,2,159,62,30,0,251,8,0,8,259
02/04/2017,ONT,CA,AWP,WE,Towers with Radar,102,36,22,0,160,0,0,16,0,16,102,36,38,0,176,56,0,56,232
02/05/2017,ONT,CA,AWP,WE,Towers with Radar,110,18,15,0,143,0,1,2,0,3,110,19,17,0,146,0,0,0,146
02/06/2017,ONT,CA,AWP,WE,Towers with Radar,148,44,20,0,212,0,0,1,0,1,148,44,21,0,213,0,0,0,213
02/07/2017,ONT,CA,AWP,WE,Towers with Radar,184,57,29,1,271,0,0,2,0,2,184,57,31,1,273,1,0,1,274
02/08/2017,ONT,CA,AWP,WE,Towers with Radar,188,56,25,0,269,0,1,25,0,26,188,57,50,0,295,30,0,30,325
02/09/2017,ONT,CA,AWP,WE,Towers with Radar,194,66,24,1,285,0,6,21,1,28,194,72,45,2,313,34,0,34,347
02/10/2017,ONT,CA,AWP,WE,Towers with Radar,168,55,24,4,251,0,0,9,0,9,168,55,33,4,260,4,0,4,264
02/11/2017,ONT,CA,AWP,WE,Towers with Radar,110,35,8,0,153,0,1,12,0,13,110,36,20,0,166,28,0,28,194
02/12/2017,ONT,CA,AWP,WE,Towers with Radar,122,21,23,0,166,0,0,10,1,11,122,21,33,1,177,0,0,0,177
02/13/2017,ONT,CA,AWP,WE,Towers with Radar,151,42,21,0,214,0,2,21,0,23,151,44,42,0,237,56,0,56,293
02/14/2017,ONT,CA,AWP,WE,Towers with Radar,184,49,7,0,240,0,5,22,1,28,184,54,29,1,268,0,0,0,268
02/15/2017,ONT,CA,AWP,WE,Towers with Radar,187,55,28,1,271,0,3,18,2,23,187,58,46,3,294,10,0,10,304
02/16/2017,ONT,CA,AWP,WE,Towers with Radar,176,51,15,1,243,0,6,24,4,34,176,57,39,5,277,51,0,51,328
02/17/2017,ONT,CA,AWP,WE,Towers with Radar,160,44,21,0,225,0,0,0,0,0,160,44,21,0,225,0,0,0,225
02/18/2017,ONT,CA,AWP,WE,Towers with Radar,116,40,13,0,169,0,1,7,0,8,116,41,20,0,177,0,0,0,177
02/19/2017,ONT,CA,AWP,WE,Towers with Radar,120,28,5,0,153,0,2,7,0,9,120,30,12,0,162,12,0,12,174
02/20/2017,ONT,CA,AWP,WE,Towers with Radar,145,28,24,0,197,0,0,7,0,7,145,28,31,0,204,14,0,14,218
02/21/2017,ONT,CA,AWP,WE,Towers with Radar,183,51,21,0,255,0,2,26,0,28,183,53,47,0,283,10,0,10,293
02/22/2017,ONT,CA,AWP,WE,Towers with Radar,186,63,15,0,264,0,3,9,2,14,186,66,24,2,278,8,0,8,286
02/23/2017,ONT,CA,AWP,WE,Towers with Radar,181,56,25,0,262,0,5,19,0,24,181,61,44,0,286,2,0,2,288
02/24/2017,ONT,CA,AWP,WE,Towers with Radar,169,63,20,0,252,0,3,22,0,25,169,66,42,0,277,22,0,22,299
02/25/2017,ONT,CA,AWP,WE,Towers with Radar,114,33,16,0,163,0,4,20,0,24,114,37,36,0,187,20,0,20,207
02/26/2017,ONT,CA,AWP,WE,Towers with Radar,126,20,18,0,164,0,0,7,0,7,126,20,25,0,171,6,0,6,177
02/27/2017,ONT,CA,AWP,WE,Towers with Radar,149,58,9,0,216,0,0,9,0,9,149,58,18,0,225,2,0,2,227
02/28/2017,ONT,CA,AWP,WE,Towers with Radar,192,66,15,0,273,0,3,12,0,15,192,69,27,0,288,6,0,6,294
03/01/2017,ONT,CA,AWP,WE,Towers with Radar,199,69,9,0,277,0,4,9,0,13,199,73,18,0,290,2,0,2,292
03/02/2017,ONT,CA,AWP,WE,Towers with Radar,184,57,16,0,257,0,5,20,2,27,184,62,36,2,284,21,0,21,305
03/03/2017,ONT,CA,AWP,WE,Towers with Radar,157,54,10,0,221,0,5,26,3,34,157,59,36,3,255,24,0,24,279
03/04/2017,ONT,CA,AWP,WE,Towers with Radar,114,39,8,0,161,0,2,20,0,22,114,41,28,0,183,23,0,23,206
03/05/2017,ONT,CA,AWP,WE,Towers with Radar,137,19,21,0,177,0,2,5,0,7,137,21,26,0,184,0,0,0,184
03/06/2017,ONT,CA,AWP,WE,Towers with Radar,151,39,12,0,202,0,1,24,0,25,151,40,36,0,227,28,0,28,255
03/07/2017,ONT,CA,AWP,WE,Towers with Radar,201,70,10,0,281,0,1,17,3,21,201,71,27,3,302,6,0,6,308
03/08/2017,ONT,CA,AWP,WE,Towers with Radar,188,55,15,0,258,0,3,35,0,38,188,58,50,0,296,14,0,14,310
03/09/2017,ONT,CA,AWP,WE,Towers with Radar,176,56,24,0,256,0,4,13,0,17,176,60,37,0,273,12,0,12,285
03/10/2017,ONT,CA,AWP,WE,Towers with Radar,153,52,9,0,214,0,5,23,2,30,153,57,32,2,244,8,0,8,252
03/11/2017,ONT,CA,AWP,WE,Towers with Radar,114,33,14,0,161,0,8,18,2,28,114,41,32,2,189,0,0,0,189
03/12/2017,ONT,CA,AWP,WE,Towers with Radar,135,21,9,0,165,0,2,3,0,5,135,23,12,0,170,0,0,0,170
03/13/2017,ONT,CA,AWP,WE,Towers with Radar,162,40,10,0,212,0,8,10,0,18,162,48,20,0,230,0,0,0,230
03/14/2017,ONT,CA,AWP,WE,Towers with Radar,204,54,13,0,271,0,5,25,0,30,204,59,38,0,301,4,0,4,305
03/15/2017,ONT,CA,AWP,WE,Towers with Radar,188,56,24,0,268,0,5,24,4,33,188,61,48,4,301,8,0,8,309
03/16/2017,ONT,CA,AWP,WE,Towers with Radar,186,56,19,0,261,0,11,16,2,29,186,67,35,2,290,24,0,24,314
03/17/2017,ONT,CA,AWP,WE,Towers with Radar,166,53,23,0,242,1,7,22,1,31,167,60,45,1,273,2,0,2,275
03/18/2017,ONT,CA,AWP,WE,Towers with Radar,117,33,12,0,162,0,7,23,0,30,117,40,35,0,192,26,0,26,218
03/19/2017,ONT,CA,AWP,WE,Towers with Radar,119,19,15,0,153,0,2,22,0,24,119,21,37,0,177,22,0,22,199
03/20/2017,ONT,CA,AWP,WE,Towers with Radar,145,42,17,0,204,0,4,17,0,21,145,46,34,0,225,20,0,20,245
03/21/2017,ONT,CA,AWP,WE,Towers with Radar,181,66,22,0,269,0,0,16,0,16,181,66,38,0,285,12,0,12,297
03/22/2017,ONT,CA,AWP,WE,Towers with Radar,188,62,18,0,268,0,3,8,5,16,188,65,26,5,284,0,0,0,284
03/23/2017,ONT,CA,AWP,WE,Towers with Radar,193,54,47,0,294,0,6,27,3,36,193,60,74,3,330,14,0,14,344
03/24/2017,ONT,CA,AWP,WE,Towers with Radar,149,45,29,1,224,0,6,21,1,28,149,51,50,2,252,36,0,36,288
03/25/2017,ONT,CA,AWP,WE,Towers with Radar,123,42,27,0,192,0,1,12,1,14,123,43,39,1,206,0,0,0,206
03/26/2017,ONT,CA,AWP,WE,Towers with Radar,122,24,56,0,202,0,4,55,2,61,122,28,111,2,263,24,0,24,287
03/27/2017,ONT,CA,AWP,WE,Towers with Radar,142,44,8,1,195,0,8,17,0,25,142,52,25,1,220,2,0,2,222
03/28/2017,ONT,CA,AWP,WE,Towers with Radar,185,53,15,0,253,0,10,23,0,33,185,63,38,0,286,8,0,8,294
03/29/2017,ONT,CA,AWP,WE,Towers with Radar,183,49,11,0,243,0,14,19,1,34,183,63,30,1,277,24,0,24,301
03/30/2017,ONT,CA,AWP,WE,Towers with Radar,194,55,28,0,277,0,6,22,0,28,194,61,50,0,305,0,0,0,305
03/31/2017,ONT,CA,AWP,WE,Towers with Radar,155,48,17,0,220,0,12,17,2,31,155,60,34,2,251,28,0,28,279
04/01/2017,ONT,CA,AWP,WE,Towers with Radar,114,28,12,0,154,0,11,16,0,27,114,39,28,0,181,8,0,8,189
04/02/2017,ONT,CA,AWP,WE,Towers with Radar,118,16,15,0,149,0,2,9,0,11,118,18,24,0,160,0,0,0,160
04/03/2017,ONT,CA,AWP,WE,Towers with Radar,147,42,15,0,204,0,9,15,0,24,147,51,30,0,228,20,0,20,248
04/04/2017,ONT,CA,AWP,WE,Towers with Radar,183,50,18,0,251,0,11,10,0,21,183,61,28,0,272,16,0,16,288
04/05/2017,ONT,CA,AWP,WE,Towers with Radar,184,56,16,0,256,0,10,30,1,41,184,66,46,1,297,44,0,44,341
04/06/2017,ONT,CA,AWP,WE,Towers with Radar,175,49,10,0,234,0,9,19,0,28,175,58,29,0,262,18,0,18,280
04/07/2017,ONT,CA,AWP,WE,Towers with Radar,163,48,22,0,233,0,5,16,0,21,163,53,38,0,254,9,0,9,263
04/08/2017,ONT,CA,AWP,WE,Towers with Radar,113,37,7,0,157,0,1,7,1,9,113,38,14,1,166,8,0,8,174
04/09/2017,ONT,CA,AWP,WE,Towers with Radar,112,22,12,0,146,0,2,14,0,16,112,24,26,0,162,46,0,46,208
04/10/2017,ONT,CA,AWP,WE,Towers with Radar,145,41,14,0,200,0,8,21,1,30,145,49,35,1,230,64,0,64,294
04/11/2017,ONT,CA,AWP,WE,Towers with Radar,190,48,21,0,259,0,7,20,3,30,190,55,41,3,289,20,2,22,311
04/12/2017,ONT,CA,AWP,WE,Towers with Radar,187,51,21,2,261,0,7,8,0,15,187,58,29,2,276,24,0,24,300
04/13/2017,ONT,CA,AWP,WE,Towers with Radar,182,59,10,0,251,0,6,16,1,23,182,65,26,1,274,26,0,26,300
04/14/2017,ONT,CA,AWP,WE,Towers with Radar,154,56,11,0,221,0,12,20,0,32,154,68,31,0,253,18,0,18,271
04/15/2017,ONT,CA,AWP,WE,Towers with Radar,112,34,17,0,163,0,7,16,1,24,112,41,33,1,187,8,0,8,195
04/16/2017,ONT,CA,AWP,WE,Towers with Radar,117,18,11,0,146,0,2,22,0,24,117,20,33,0,170,20,0,20,190
04/17/2017,ONT,CA,AWP,WE,Towers with Radar,139,42,21,0,202,0,5,11,2,18,139,47,32,2,220,10,0,10,230
04/18/2017,ONT,CA,AWP,WE,Towers with Radar,188,64,17,0,269,0,4,15,0,19,188,68,32,0,288,4,0,4,292
04/19/2017,ONT,CA,AWP,WE,Towers with Radar,183,53,18,0,254,0,4,29,0,33,183,57,47,0,287,48,0,48,335
04/20/2017,ONT,CA,AWP,WE,Towers with Radar,177,59,30,0,266,0,7,22,1,30,177,66,52,1,296,4,0,4,300
04/21/2017,ONT,CA,AWP,WE,Towers with Radar,159,58,25,0,242,0,14,18,2,34,159,72,43,2,276,12,0,12,288
04/22/2017,ONT,CA,AWP,WE,Towers with Radar,114,28,10,0,152,0,7,17,0,24,114,35,27,0,176,7,0,7,183
04/23/2017,ONT,CA,AWP,WE,Towers with Radar,120,12,16,1,149,0,1,13,0,14,120,13,29,1,163,4,0,4,167
04/24/2017,ONT,CA,AWP,WE,Towers with Radar,146,38,12,0,196,0,1,19,0,20,146,39,31,0,216,14,0,14,230
04/25/2017,ONT,CA,AWP,WE,Towers with Radar,191,56,25,0,272,0,4,20,1,25,191,60,45,1,297,8,0,8,305
04/26/2017,ONT,CA,AWP,WE,Towers with Radar,198,43,30,0,271,0,7,24,4,35,198,50,54,4,306,36,0,36,342
04/27/2017,ONT,CA,AWP,WE,Towers with Radar,190,53,27,1,271,0,8,39,3,50,190,61,66,4,321,14,0,14,335
04/28/2017,ONT,CA,AWP,WE,Towers with Radar,169,49,18,0,236,0,9,17,1,27,169,58,35,1,263,6,0,6,269
04/29/2017,ONT,CA,AWP,WE,Towers with Radar,114,34,7,0,155,0,4,9,0,13,114,38,16,0,168,0,0,0,168
04/30/2017,ONT,CA,AWP,WE,Towers with Radar,131,23,6,0,160,0,1,14,1,16,131,24,20,1,176,16,0,16,192
05/01/2017,ONT,CA,AWP,WE,Towers with Radar,151,37,16,0,204,0,4,21,1,26,151,41,37,1,230,14,0,14,244
05/02/2017,ONT,CA,AWP,WE,Towers with Radar,209,55,10,1,275,0,3,30,0,33,209,58,40,1,308,26,0,26,334
05/03/2017,ONT,CA,AWP,WE,Towers with Radar,185,66,17,0,268,0,6,29,0,35,185,72,46,0,303,6,0,6,309
05/04/2017,ONT,CA,AWP,WE,Towers with Radar,179,51,27,0,257,0,5,30,0,35,179,56,57,0,292,38,0,38,330
05/05/2017,ONT,CA,AWP,WE,Towers with Radar,158,56,13,0,227,0,7,22,0,29,158,63,35,0,256,41,0,41,297
05/06/2017,ONT,CA,AWP,WE,Towers with Radar,112,35,17,0,164,0,2,5,0,7,112,37,22,0,171,0,0,0,171
05/07/2017,ONT,CA,AWP,WE,Towers with Radar,133,19,15,6,173,0,0,4,1,5,133,19,19,7,178,0,0,0,178
05/08/2017,ONT,CA,AWP,WE,Towers with Radar,151,34,6,0,191,0,4,19,3,26,151,38,25,3,217,6,0,6,223
05/09/2017,ONT,CA,AWP,WE,Towers with Radar,205,56,17,0,278,0,2,18,0,20,205,58,35,0,298,27,0,27,325
05/10/2017,ONT,CA,AWP,WE,Towers with Radar,190,61,21,1,273,0,1,18,0,19,190,62,39,1,292,36,0,36,328
05/11/2017,ONT,CA,AWP,WE,Towers with Radar,195,61,27,1,284,0,4,25,4,33,195,65,52,5,317,6,0,6,323
05/12/2017,ONT,CA,AWP,WE,Towers with Radar,172,63,13,0,248,0,7,10,0,17,172,70,23,0,265,2,0,2,267
05/13/2017,ONT,CA,AWP,WE,Towers with Radar,117,44,8,0,169,0,2,12,0,14,117,46,20,0,183,0,0,0,183
05/14/2017,ONT,CA,AWP,WE,Towers with Radar,129,21,13,0,163,0,2,14,0,16,129,23,27,0,179,0,0,0,179
05/15/2017,ONT,CA,AWP,WE,Towers with Radar,147,39,16,0,202,0,5,18,1,24,147,44,34,1,226,2,0,2,228
05/16/2017,ONT,CA,AWP,WE,Towers with Radar,192,49,19,0,260,0,2,8,0,10,192,51,27,0,270,0,0,0,270
05/17/2017,ONT,CA,AWP,WE,Towers with Radar,192,55,18,0,265,0,4,5,1,10,192,59,23,1,275,0,0,0,275
05/18/2017,ONT,CA,AWP,WE,Towers with Radar,184,51,24,1,260,0,7,24,1,32,184,58,48,2,292,14,0,14,306
05/19/2017,ONT,CA,AWP,WE,Towers with Radar,158,54,15,1,228,0,10,28,1,39,158,64,43,2,267,10,0,10,277
05/20/2017,ONT,CA,AWP,WE,Towers with Radar,115,32,9,2,158,0,9,11,0,20,115,41,20,2,178,40,0,40,218
05/21/2017,ONT,CA,AWP,WE,Towers with Radar,131,12,10,0,153,0,0,8,0,8,131,12,18,0,161,0,0,0,161
05/22/2017,ONT,CA,AWP,WE,Towers with Radar,149,41,14,2,206,0,7,34,2,43,149,48,48,4,249,46,0,46,295
05/23/2017,ONT,CA,AWP,WE,Towers with Radar,194,51,20,0,265,0,9,26,0,35,194,60,46,0,300,28,0,28,328
05/24/2017,ONT,CA,AWP,WE,Towers with Radar,193,53,11,0,257,0,4,23,1,28,193,57,34,1,285,4,0,4,289
05/25/2017,ONT,CA,AWP,WE,Towers with Radar,189,64,23,0,276,0,3,8,0,11,189,67,31,0,287,0,0,0,287
05/26/2017,ONT,CA,AWP,WE,Towers with Radar,169,58,17,0,244,0,6,25,0,31,169,64,42,0,275,28,0,28,303
05/27/2017,ONT,CA,AWP,WE,Towers with Radar,113,37,8,0,158,0,4,23,1,28,113,41,31,1,186,50,0,50,236
05/28/2017,ONT,CA,AWP,WE,Towers with Radar,109,13,12,0,134,0,3,8,0,11,109,16,20,0,145,10,0,10,155
05/29/2017,ONT,CA,AWP,WE,Towers with Radar,140,24,12,0,176,0,3,13,0,16,140,27,25,0,192,24,0,24,216
05/30/2017,ONT,CA,AWP,WE,Towers with Radar,166,45,14,1,226,0,7,10,0,17,166,52,24,1,243,16,0,16,259
05/31/2017,ONT,CA,AWP,WE,Towers with Radar,195,67,20,0,282,0,2,7,1,10,195,69,27,1,292,14,0,14,306
06/01/2017,ONT,CA,AWP,WE,Towers with Radar,199,63,16,0,278,0,4,10,1,15,199,67,26,1,293,18,0,18,311
06/02/2017,ONT,CA,AWP,WE,Towers with Radar,158,57,18,0,233,0,8,30,0,38,158,65,48,0,271,36,0,36,307
06/03/2017,ONT,CA,AWP,WE,Towers with Radar,117,34,4,0,155,0,7,23,0,30,117,41,27,0,185,24,0,24,209
06/04/2017,ONT,CA,AWP,WE,Towers with Radar,130,16,12,0,158,0,2,20,0,22,130,18,32,0,180,12,0,12,192
06/05/2017,ONT,CA,AWP,WE,Towers with Radar,143,44,15,1,203,0,3,16,0,19,143,47,31,1,222,4,0,4,226
06/06/2017,ONT,CA,AWP,WE,Towers with Radar,199,63,18,0,280,0,1,12,0,13,199,64,30,0,293,10,0,10,303
06/07/2017,ONT,CA,AWP,WE,Towers with Radar,187,68,29,1,285,0,2,12,2,16,187,70,41,3,301,4,0,4,305
06/08/2017,ONT,CA,AWP,WE,Towers with Radar,180,56,26,0,262,0,2,33,0,35,180,58,59,0,297,87,0,87,384
06/09/2017,ONT,CA,AWP,WE,Towers with Radar,162,52,9,0,223,0,6,16,1,23,162,58,25,1,246,38,0,38,284
06/10/2017,ONT,CA,AWP,WE,Towers with Radar,113,34,11,0,158,0,0,36,1,37,113,34,47,1,195,54,0,54,249
06/11/2017,ONT,CA,AWP,WE,Towers with Radar,128,30,16,0,174,0,1,18,0,19,128,31,34,0,193,4,0,4,197
06/12/2017,ONT,CA,AWP,WE,Towers with Radar,146,45,14,0,205,0,0,49,0,49,146,45,63,0,254,74,0,74,328
06/13/2017,ONT,CA,AWP,WE,Towers with Radar,192,56,13,0,261,0,2,14,0,16,192,58,27,0,277,28,0,28,305
06/14/2017,ONT,CA,AWP,WE,Towers with Radar,185,58,8,0,251,0,4,31,0,35,185,62,39,0,286,40,0,40,326
06/15/2017,ONT,CA,AWP,WE,Towers with Radar,186,50,19,0,255,0,7,20,0,27,186,57,39,0,282,3,0,3,285
06/16/2017,ONT,CA,AWP,WE,Towers with Radar,163,56,20,1,240,0,7,18,4,29,163,63,38,5,269,17,0,17,286
06/17/2017,ONT,CA,AWP,WE,Towers with Radar,111,31,9,0,151,0,5,21,0,26,111,36,30,0,177,16,0,16,193
06/18/2017,ONT,CA,AWP,WE,Towers with Radar,124,26,8,1,159,0,1,13,0,14,124,27,21,1,173,18,0,18,191
06/19/2017,ONT,CA,AWP,WE,Towers with Radar,142,49,14,0,205,0,2,22,0,24,142,51,36,0,229,4,0,4,233
06/20/2017,ONT,CA,AWP,WE,Towers with Radar,194,53,14,2,263,0,2,16,0,18,194,55,30,2,281,22,0,22,303
06/21/2017,ONT,CA,AWP,WE,Towers with Radar,192,59,13,0,264,0,5,29,2,36,192,64,42,2,300,0,0,0,300
06/22/2017,ONT,CA,AWP,WE,Towers with Radar,177,56,16,0,249,0,9,15,1,25,177,65,31,1,274,0,0,0,274
06/23/2017,ONT,CA,AWP,WE,Towers with Radar,162,53,21,0,236,0,10,24,1,35,162,63,45,1,271,20,0,20,291
06/24/2017,ONT,CA,AWP,WE,Towers with Radar,107,35,6,0,148,0,2,13,0,15,107,37,19,0,163,8,0,8,171
06/25/2017,ONT,CA,AWP,WE,Towers with Radar,124,28,7,1,160,0,0,10,2,12,124,28,17,3,172,2,0,2,174
06/26/2017,ONT,CA,AWP,WE,Towers with Radar,163,38,7,0,208,0,5,20,0,25,163,43,27,0,233,0,0,0,233
06/27/2017,ONT,CA,AWP,WE,Towers with Radar,190,46,10,0,246,0,6,24,0,30,190,52,34,0,276,2,0,2,278
06/28/2017,ONT,CA,AWP,WE,Towers with Radar,181,62,24,0,267,0,5,33,4,42,181,67,57,4,309,28,0,28,337
06/29/2017,ONT,CA,AWP,WE,Towers with Radar,182,52,18,0,252,0,6,30,1,37,182,58,48,1,289,28,0,28,317
06/30/2017,ONT,CA,AWP,WE,Towers with Radar,178,58,11,1,248,0,4,12,3,19,178,62,23,4,267,0,0,0,267
07/01/2017,ONT,CA,AWP,WE,Towers with Radar,115,37,8,0,160,0,2,18,1,21,115,39,26,1,181,49,0,49,230
07/02/2017,ONT,CA,AWP,WE,Towers with Radar,124,19,4,0,147,0,0,10,0,10,124,19,14,0,157,0,0,0,157
07/03/2017,ONT,CA,AWP,WE,Towers with Radar,127,30,8,0,165,0,4,18,0,22,127,34,26,0,187,2,0,2,189
07/04/2017,ONT,CA,AWP,WE,Towers with Radar,112,16,5,0,133,0,1,11,0,12,112,17,16,0,145,6,0,6,151
07/05/2017,ONT,CA,AWP,WE,Towers with Radar,175,48,9,0,232,0,4,26,2,32,175,52,35,2,264,11,0,11,275
07/06/2017,ONT,CA,AWP,WE,Towers with Radar,196,51,12,0,259,0,6,30,2,38,196,57,42,2,297,24,0,24,321
07/07/2017,ONT,CA,AWP,WE,Towers with Radar,176,48,15,0,239,0,4,38,0,42,176,52,53,0,281,24,0,24,305
07/08/2017,ONT,CA,AWP,WE,Towers with Radar,113,31,10,0,154,0,5,19,3,27,113,36,29,3,181,14,0,14,195
07/09/2017,ONT,CA,AWP,WE,Towers with Radar,127,22,12,0,161,0,0,20,0,20,127,22,32,0,181,26,0,26,207
07/10/2017,ONT,CA,AWP,WE,Towers with Radar,150,40,8,0,198,0,3,25,0,28,150,43,33,0,226,14,0,14,240
07/11/2017,ONT,CA,AWP,WE,Towers with Radar,197,49,13,2,261,0,5,49,1,55,197,54,62,3,316,22,0,22,338
07/12/2017,ONT,CA,AWP,WE,Towers with Radar,198,55,10,0,263,0,6,17,0,23,198,61,27,0,286,17,0,17,303
07/13/2017,ONT,CA,AWP,WE,Towers with Radar,201,60,11,0,272,0,3,29,3,35,201,63,40,3,307,20,0,20,327
07/14/2017,ONT,CA,AWP,WE,Towers with Radar,165,51,18,0,234,0,5,18,0,23,165,56,36,0,257,32,0,32,289
07/15/2017,ONT,CA,AWP,WE,Towers with Radar,112,36,12,0,160,0,2,13,0,15,112,38,25,0,175,22,0,22,197
07/16/2017,ONT,CA,AWP,WE,Towers with Radar,131,25,15,0,171,0,0,14,0,14,131,25,29,0,185,34,0,34,219
07/17/2017,ONT,CA,AWP,WE,Towers with Radar,157,40,9,0,206,0,7,15,1,23,157,47,24,1,229,10,0,10,239
07/18/2017,ONT,CA,AWP,WE,Towers with Radar,203,50,14,0,267,0,6,19,0,25,203,56,33,0,292,2,0,2,294
07/19/2017,ONT,CA,AWP,WE,Towers with Radar,196,56,20,1,273,0,7,28,2,37,196,63,48,3,310,20,0,20,330
07/20/2017,ONT,CA,AWP,WE,Towers with Radar,195,51,27,0,273,1,5,14,2,22,196,56,41,2,295,12,0,12,307
07/21/2017,ONT,CA,AWP,WE,Towers with Radar,159,50,15,0,224,0,4,25,0,29,159,54,40,0,253,26,0,26,279
07/22/2017,ONT,CA,AWP,WE,Towers with Radar,115,30,9,0,154,0,2,17,0,19,115,32,26,0,173,21,0,21,194
07/23/2017,ONT,CA,AWP,WE,Towers with Radar,124,21,19,2,166,0,0,9,0,9,124,21,28,2,175,6,0,6,181
07/24/2017,ONT,CA,AWP,WE,Towers with Radar,150,40,11,0,201,0,2,21,0,23,150,42,32,0,224,8,0,8,232
07/25/2017,ONT,CA,AWP,WE,Towers with Radar,196,57,11,0,264,0,2,25,0,27,196,59,36,0,291,4,0,4,295
07/26/2017,ONT,CA,AWP,WE,Towers with Radar,210,55,15,0,280,0,5,19,2,26,210,60,34,2,306,20,0,20,326
07/27/2017,ONT,CA,AWP,WE,Towers with Radar,190,65,13,0,268,0,4,23,0,27,190,69,36,0,295,0,0,0,295
07/28/2017,ONT,CA,AWP,WE,Towers with Radar,173,49,18,0,240,0,4,31,0,35,173,53,49,0,275,16,0,16,291
07/29/2017,ONT,CA,AWP,WE,Towers with Radar,116,30,9,0,155,0,1,22,0,23,116,31,31,0,178,28,0,28,206
07/30/2017,ONT,CA,AWP,WE,Towers with Radar,123,25,11,0,159,0,0,8,0,8,123,25,19,0,167,0,0,0,167
07/31/2017,ONT,CA,AWP,WE,Towers with Radar,151,42,11,0,204,0,2,24,0,26,151,44,35,0,230,29,0,29,259
08/01/2017,ONT,CA,AWP,WE,Towers with Radar,203,51,6,0,260,0,1,23,1,25,203,52,29,1,285,26,0,26,311
08/02/2017,ONT,CA,AWP,WE,Towers with Radar,190,56,10,0,256,0,2,9,0,11,190,58,19,0,267,10,0,10,277
08/03/2017,ONT,CA,AWP,WE,Towers with Radar,184,53,6,0,243,0,1,34,1,36,184,54,40,1,279,40,0,40,319
08/04/2017,ONT,CA,AWP,WE,Towers with Radar,158,50,19,0,227,0,3,33,0,36,158,53,52,0,263,20,0,20,283
08/05/2017,ONT,CA,AWP,WE,Towers with Radar,118,32,8,0,158,2,2,21,2,27,120,34,29,2,185,6,0,6,191
08/06/2017,ONT,CA,AWP,WE,Towers with Radar,128,25,16,0,169,0,0,16,0,16,128,25,32,0,185,0,0,0,185
08/07/2017,ONT,CA,AWP,WE,Towers with Radar,157,41,13,0,211,0,3,41,3,47,157,44,54,3,258,44,0,44,302
08/08/2017,ONT,CA,AWP,WE,Towers with Radar,194,48,21,0,263,0,7,47,1,55,194,55,68,1,318,100,0,100,418
08/09/2017,ONT,CA,AWP,WE,Towers with Radar,204,46,15,0,265,0,6,26,1,33,204,52,41,1,298,32,0,32,330
08/10/2017,ONT,CA,AWP,WE,Towers with Radar,191,61,24,0,276,0,6,36,0,42,191,67,60,0,318,18,0,18,336
08/11/2017,ONT,CA,AWP,WE,Towers with Radar,161,54,14,0,229,0,7,12,0,19,161,61,26,0,248,8,0,8,256
08/12/2017,ONT,CA,AWP,WE,Towers with Radar,116,33,5,0,154,0,2,18,1,21,116,35,23,1,175,22,0,22,197
08/13/2017,ONT,CA,AWP,WE,Towers with Radar,131,26,12,0,169,0,0,19,0,19,131,26,31,0,188,4,0,4,192
08/14/2017,ONT,CA,AWP,WE,Towers with Radar,155,33,17,0,205,0,4,14,0,18,155,37,31,0,223,15,0,15,238
08/15/2017,ONT,CA,AWP,WE,Towers with Radar,209,56,18,2,285,0,4,21,3,28,209,60,39,5,313,44,0,44,357
08/16/2017,ONT,CA,AWP,WE,Towers with Radar,199,69,16,1,285,0,6,19,2,27,199,75,35,3,312,46,0,46,358
08/17/2017,ONT,CA,AWP,WE,Towers with Radar,198,62,9,0,269,0,7,36,1,44,198,69,45,1,313,22,0,22,335
08/18/2017,ONT,CA,AWP,WE,Towers with Radar,169,51,13,0,233,0,4,37,1,42,169,55,50,1,275,66,0,66,341
08/19/2017,ONT,CA,AWP,WE,Towers with Radar,119,37,10,0,166,0,1,10,1,12,119,38,20,1,178,6,0,6,184
08/20/2017,ONT,CA,AWP,WE,Towers with Radar,139,17,14,0,170,0,1,13,0,14,139,18,27,0,184,8,0,8,192
08/21/2017,ONT,CA,AWP,WE,Towers with Radar,160,37,13,0,210,0,5,29,1,35,160,42,42,1,245,16,0,16,261
08/22/2017,ONT,CA,AWP,WE,Towers with Radar,202,46,11,2,261,0,9,22,0,31,202,55,33,2,292,12,0,12,304
08/23/2017,ONT,CA,AWP,WE,Towers with Radar,195,48,13,0,256,0,5,15,0,20,195,53,28,0,276,32,0,32,308
08/24/2017,ONT,CA,AWP,WE,Towers with Radar,194,60,25,0,279,0,4,8,0,12,194,64,33,0,291,4,0,4,295
08/25/2017,ONT,CA,AWP,WE,Towers with Radar,169,53,30,0,252,0,2,21,0,23,169,55,51,0,275,16,0,16,291
08/26/2017,ONT,CA,AWP,WE,Towers with Radar,107,35,9,0,151,0,1,14,1,16,107,36,23,1,167,30,0,30,197
08/27/2017,ONT,CA,AWP,WE,Towers with Radar,122,20,14,0,156,0,0,17,0,17,122,20,31,0,173,16,0,16,189
08/28/2017,ONT,CA,AWP,WE,Towers with Radar,156,39,13,0,208,0,2,11,0,13,156,41,24,0,221,46,0,46,267
08/29/2017,ONT,CA,AWP,WE,Towers with Radar,200,47,17,0,264,0,3,21,0,24,200,50,38,0,288,6,0,6,294
08/30/2017,ONT,CA,AWP,WE,Towers with Radar,197,55,17,0,269,0,2,15,0,17,197,57,32,0,286,4,0,4,290
08/31/2017,ONT,CA,AWP,WE,Towers with Radar,205,48,13,0,266,0,6,15,2,23,205,54,28,2,289,0,0,0,289
09/01/2017,ONT,CA,AWP,WE,Towers with Radar,171,49,12,0,232,0,7,6,4,17,171,56,18,4,249,13,0,13,262
09/02/2017,ONT,CA,AWP,WE,Towers with Radar,105,36,3,0,144,0,1,15,0,16,105,37,18,0,160,10,0,10,170
09/03/2017,ONT,CA,AWP,WE,Towers with Radar,102,14,4,0,120,0,1,6,2,9,102,15,10,2,129,11,0,11,140
09/04/2017,ONT,CA,AWP,WE,Towers with Radar,120,21,7,0,148,0,0,6,0,6,120,21,13,0,154,12,0,12,166
09/05/2017,ONT,CA,AWP,WE,Towers with Radar,156,39,19,1,215,0,1,32,1,34,156,40,51,2,249,30,0,30,279
09/06/2017,ONT,CA,AWP,WE,Towers with Radar,215,56,19,0,290,0,3,17,0,20,215,59,36,0,310,14,0,14,324
09/07/2017,ONT,CA,AWP,WE,Towers with Radar,222,57,15,0,294,0,1,22,0,23,222,58,37,0,317,2,0,2,319
09/08/2017,ONT,CA,AWP,WE,Towers with Radar,185,62,27,0,274,0,3,22,0,25,185,65,49,0,299,4,0,4,303
09/09/2017,ONT,CA,AWP,WE,Towers with Radar,119,35,10,0,164,0,1,11,2,14,119,36,21,2,178,28,0,28,206
09/10/2017,ONT,CA,AWP,WE,Towers with Radar,134,21,13,0,168,0,1,4,0,5,134,22,17,0,173,14,0,14,187
09/11/2017,ONT,CA,AWP,WE,Towers with Radar,160,42,13,0,215,0,0,19,0,19,160,42,32,0,234,38,0,38,272
09/12/2017,ONT,CA,AWP,WE,Towers with Radar,209,55,15,1,280,0,1,19,1,21,209,56,34,2,301,2,0,2,303
09/13/2017,ONT,CA,AWP,WE,Towers with Radar,209,51,20,0,280,0,4,19,0,23,209,55,39,0,303,6,0,6,309
09/14/2017,ONT,CA,AWP,WE,Towers with Radar,220,60,21,1,302,0,1,11,1,13,220,61,32,2,315,10,0,10,325
09/15/2017,ONT,CA,AWP,WE,Towers with Radar,173,61,21,0,255,0,0,8,2,10,173,61,29,2,265,0,0,0,265
09/16/2017,ONT,CA,AWP,WE,Towers with Radar,112,41,18,0,171,0,0,8,0,8,112,41,26,0,179,4,0,4,183
09/17/2017,ONT,CA,AWP,WE,Towers with Radar,136,22,19,0,177,0,0,8,3,11,136,22,27,3,188,24,0,24,212
09/18/2017,ONT,CA,AWP,WE,Towers with Radar,158,41,14,0,213,0,0,20,0,20,158,41,34,0,233,0,0,0,233
09/19/2017,ONT,CA,AWP,WE,Towers with Radar,213,65,19,0,297,0,1,7,0,8,213,66,26,0,305,0,0,0,305
09/20/2017,ONT,CA,AWP,WE,Towers with Radar,207,58,16,0,281,0,4,13,0,17,207,62,29,0,298,9,0,9,307
09/21/2017,ONT,CA,AWP,WE,Towers with Radar,213,61,29,0,303,0,3,7,0,10,213,64,36,0,313,0,0,0,313
09/22/2017,ONT,CA,AWP,WE,Towers with Radar,174,53,16,0,243,0,4,22,0,26,174,57,38,0,269,40,0,40,309
09/23/2017,ONT,CA,AWP,WE,Towers with Radar,111,35,6,0,152,0,4,20,0,24,111,39,26,0,176,9,0,9,185
09/24/2017,ONT,CA,AWP,WE,Towers with Radar,138,26,20,2,186,0,0,28,0,28,138,26,48,2,214,28,0,28,242
09/25/2017,ONT,CA,AWP,WE,Towers with Radar,157,45,18,0,220,0,1,20,0,21,157,46,38,0,241,18,0,18,259
09/26/2017,ONT,CA,AWP,WE,Towers with Radar,214,58,12,0,284,0,2,39,0,41,214,60,51,0,325,20,0,20,345
09/27/2017,ONT,CA,AWP,WE,Towers with Radar,218,57,20,0,295,0,3,23,1,27,218,60,43,1,322,27,0,27,349
09/28/2017,ONT,CA,AWP,WE,Towers with Radar,202,56,15,1,274,0,3,36,0,39,202,59,51,1,313,35,0,35,348
09/29/2017,ONT,CA,AWP,WE,Towers with Radar,182,66,17,0,265,0,4,37,1,42,182,70,54,1,307,7,0,7,314
09/30/2017,ONT,CA,AWP,WE,Towers with Radar,109,39,6,0,154,0,5,19,0,24,109,44,25,0,178,32,0,32,210
10/01/2017,ONT,CA,AWP,WE,Towers with Radar,134,26,17,0,177,0,0,9,0,9,134,26,26,0,186,12,0,12,198
10/02/2017,ONT,CA,AWP,WE,Towers with Radar,163,44,15,0,222,0,0,18,0,18,163,44,33,0,240,14,0,14,254
10/03/2017,ONT,CA,AWP,WE,Towers with Radar,216,58,20,1,295,0,2,9,1,12,216,60,29,2,307,0,0,0,307
10/04/2017,ONT,CA,AWP,WE,Towers with Radar,208,62,25,2,297,0,3,22,1,26,208,65,47,3,323,0,0,0,323
10/05/2017,ONT,CA,AWP,WE,Towers with Radar,213,56,18,1,288,0,4,30,1,35,213,60,48,2,323,22,0,22,345
10/06/2017,ONT,CA,AWP,WE,Towers with Radar,184,45,19,0,248,1,3,24,3,31,185,48,43,3,279,0,0,0,279
10/07/2017,ONT,CA,AWP,WE,Towers with Radar,116,34,6,0,156,0,1,10,3,14,116,35,16,3,170,14,0,14,184
10/08/2017,ONT,CA,AWP,WE,Towers with Radar,142,21,11,0,174,0,1,6,0,7,142,22,17,0,181,4,0,4,185
10/09/2017,ONT,CA,AWP,WE,Towers with Radar,158,35,7,0,200,0,1,14,0,15,158,36,21,0,215,10,0,10,225
10/10/2017,ONT,CA,AWP,WE,Towers with Radar,226,54,16,0,296,0,3,28,0,31,226,57,44,0,327,14,0,14,341
10/11/2017,ONT,CA,AWP,WE,Towers with Radar,210,49,20,1,280,0,2,40,0,42,210,51,60,1,322,50,0,50,372
10/12/2017,ONT,CA,AWP,WE,Towers with Radar,227,65,19,0,311,0,2,11,0,13,227,67,30,0,324,39,0,39,363
10/13/2017,ONT,CA,AWP,WE,Towers with Radar,182,42,14,1,239,0,3,7,0,10,182,45,21,1,249,11,0,11,260
10/14/2017,ONT,CA,AWP,WE,Towers with Radar,123,35,4,0,162,0,0,32,0,32,123,35,36,0,194,18,0,18,212
10/15/2017,ONT,CA,AWP,WE,Towers with Radar,147,18,15,1,181,0,0,10,0,10,147,18,25,1,191,20,0,20,211
10/16/2017,ONT,CA,AWP,WE,Towers with Radar,161,38,16,1,216,0,4,13,0,17,161,42,29,1,233,4,0,4,237
10/17/2017,ONT,CA,AWP,WE,Towers with Radar,215,50,24,2,291,0,2,24,1,27,215,52,48,3,318,22,0,22,340
10/18/2017,ONT,CA,AWP,WE,Towers with Radar,213,53,14,0,280,0,1,31,0,32,213,54,45,0,312,45,0,45,357
10/19/2017,ONT,CA,AWP,WE,Towers with Radar,212,48,19,0,279,0,2,14,1,17,212,50,33,1,296,4,0,4,300
10/20/2017,ONT,CA,AWP,WE,Towers with Radar,182,54,18,0,254,0,1,24,0,25,182,55,42,0,279,20,0,20,299
10/21/2017,ONT,CA,AWP,WE,Towers with Radar,119,32,9,0,160,0,2,11,2,15,119,34,20,2,175,2,0,2,177
10/22/2017,ONT,CA,AWP,WE,Towers with Radar,142,20,15,0,177,0,0,13,0,13,142,20,28,0,190,23,0,23,213
10/23/2017,ONT,CA,AWP,WE,Towers with Radar,158,42,21,0,221,0,2,16,0,18,158,44,37,0,239,20,0,20,259
10/24/2017,ONT,CA,AWP,WE,Towers with Radar,219,51,8,0,278,0,4,18,0,22,219,55,26,0,300,8,0,8,308
10/25/2017,ONT,CA,AWP,WE,Towers with Radar,218,53,11,0,282,0,2,29,0,31,218,55,40,0,313,48,0,48,361
10/26/2017,ONT,CA,AWP,WE,Towers with Radar,217,53,14,0,284,0,4,41,1,46,217,57,55,1,330,51,0,51,381
10/27/2017,ONT,CA,AWP,WE,Towers with Radar,186,56,19,0,261,0,3,27,0,30,186,59,46,0,291,60,0,60,351
10/28/2017,ONT,CA,AWP,WE,Towers with Radar,125,31,10,0,166,0,3,12,0,15,125,34,22,0,181,2,0,2,183
10/29/2017,ONT,CA,AWP,WE,Towers with Radar,143,14,17,0,174,0,0,5,0,5,143,14,22,0,179,0,0,0,179
10/30/2017,ONT,CA,AWP,WE,Towers with Radar,164,39,19,1,223,0,2,7,1,10,164,41,26,2,233,18,0,18,251
10/31/2017,ONT,CA,AWP,WE,Towers with Radar,219,53,20,3,295,0,0,10,0,10,219,53,30,3,305,10,0,10,315
11/01/2017,ONT,CA,AWP,WE,Towers with Radar,211,53,22,4,290,0,0,8,0,8,211,53,30,4,298,20,0,20,318
11/02/2017,ONT,CA,AWP,WE,Towers with Radar,209,56,14,0,279,0,2,21,0,23,209,58,35,0,302,24,0,24,326
11/03/2017,ONT,CA,AWP,WE,Towers with Radar,173,55,15,0,243,0,1,10,1,12,173,56,25,1,255,4,0,4,259
11/04/2017,ONT,CA,AWP,WE,Towers with Radar,125,35,3,0,163,0,0,10,0,10,125,35,13,0,173,2,0,2,175
11/05/2017,ONT,CA,AWP,WE,Towers with Radar,138,13,11,0,162,0,0,5,0,5,138,13,16,0,167,6,0,6,173
11/06/2017,ONT,CA,AWP,WE,Towers with Radar,171,39,11,2,223,0,2,15,0,17,171,41,26,2,240,68,0,68,308
11/07/2017,ONT,CA,AWP,WE,Towers with Radar,221,50,15,1,287,0,2,18,1,21,221,52,33,2,308,45,0,45,353
11/08/2017,ONT,CA,AWP,WE,Towers with Radar,209,55,15,0,279,0,2,29,0,31,209,57,44,0,310,96,0,96,406
11/09/2017,ONT,CA,AWP,WE,Towers with Radar,233,61,22,0,316,0,2,33,6,41,233,63,55,6,357,51,0,51,408
11/10/2017,ONT,CA,AWP,WE,Towers with Radar,188,52,25,0,265,0,1,26,2,29,188,53,51,2,294,18,0,18,312
11/11/2017,ONT,CA,AWP,WE,Towers with Radar,132,37,12,0,181,0,0,23,0,23,132,37,35,0,204,40,0,40,244
11/12/2017,ONT,CA,AWP,WE,Towers with Radar,139,22,19,0,180,0,1,12,0,13,139,23,31,0,193,14,0,14,207
11/13/2017,ONT,CA,AWP,WE,Towers with Radar,166,43,12,0,221,0,1,16,0,17,166,44,28,0,238,22,0,22,260
11/14/2017,ONT,CA,AWP,WE,Towers with Radar,229,55,6,0,290,0,2,25,2,29,229,57,31,2,319,10,0,10,329
11/15/2017,ONT,CA,AWP,WE,Towers with Radar,217,50,12,2,281,0,3,30,2,35,217,53,42,4,316,36,0,36,352
11/16/2017,ONT,CA,AWP,WE,Towers with Radar,218,57,16,0,291,0,4,16,1,21,218,61,32,1,312,9,0,9,321
11/17/2017,ONT,CA,AWP,WE,Towers with Radar,191,54,22,1,268,0,1,19,0,20,191,55,41,1,288,23,0,23,311
11/18/2017,ONT,CA,AWP,WE,Towers with Radar,147,38,6,0,191,0,0,27,0,27,147,38,33,0,218,13,0,13,231
11/19/2017,ONT,CA,AWP,WE,Towers with Radar,147,17,16,1,181,0,1,17,0,18,147,18,33,1,199,16,0,16,215
11/20/2017,ONT,CA,AWP,WE,Towers with Radar,175,43,8,0,226,0,1,16,2,19,175,44,24,2,245,38,0,38,283
11/21/2017,ONT,CA,AWP,WE,Towers with Radar,247,51,18,0,316,0,5,9,3,17,247,56,27,3,333,6,0,6,339
11/22/2017,ONT,CA,AWP,WE,Towers with Radar,239,56,15,0,310,0,4,16,1,21,239,60,31,1,331,14,0,14,345
11/23/2017,ONT,CA,AWP,WE,Towers with Radar,108,19,0,0,127,0,0,6,0,6,108,19,6,0,133,0,0,0,133
11/24/2017,ONT,CA,AWP,WE,Towers with Radar,135,42,10,0,187,0,3,18,2,23,135,45,28,2,210,10,0,10,220
11/25/2017,ONT,CA,AWP,WE,Towers with Radar,152,24,9,2,187,0,2,31,0,33,152,26,40,2,220,34,0,34,254
11/26/2017,ONT,CA,AWP,WE,Towers with Radar,174,11,15,1,201,0,1,24,1,26,174,12,39,2,227,3,0,3,230
11/27/2017,ONT,CA,AWP,WE,Towers with Radar,198,43,5,2,248,0,2,8,0,10,198,45,13,2,258,12,0,12,270
11/28/2017,ONT,CA,AWP,WE,Towers with Radar,269,57,9,0,335,0,4,20,0,24,269,61,29,0,359,36,0,36,395
11/29/2017,ONT,CA,AWP,WE,Towers with Radar,258,54,12,0,324,0,2,14,1,17,258,56,26,1,341,34,0,34,375
11/30/2017,ONT,CA,AWP,WE,Towers with Radar,248,57,10,0,315,0,6,12,3,21,248,63,22,3,336,20,0,20,356
12/01/2017,ONT,CA,AWP,WE,Towers with Radar,211,59,16,0,286,0,3,14,0,17,211,62,30,0,303,14,0,14,317
12/02/2017,ONT,CA,AWP,WE,Towers with Radar,134,36,4,0,174,0,3,13,0,16,134,39,17,0,190,11,0,11,201
12/03/2017,ONT,CA,AWP,WE,Towers with Radar,150,17,8,0,175,0,0,11,0,11,150,17,19,0,186,6,0,6,192
12/04/2017,ONT,CA,AWP,WE,Towers with Radar,186,44,9,0,239,0,1,7,0,8,186,45,16,0,247,4,0,4,251
12/05/2017,ONT,CA,AWP,WE,Towers with Radar,252,50,11,0,313,0,3,4,2,9,252,53,15,2,322,4,0,4,326
12/06/2017,ONT,CA,AWP,WE,Towers with Radar,260,60,11,0,331,0,3,9,0,12,260,63,20,0,343,14,0,14,357
12/07/2017,ONT,CA,AWP,WE,Towers with Radar,256,20,9,0,285,0,0,8,1,9,256,20,17,1,294,0,0,0,294
12/08/2017,ONT,CA,AWP,WE,Towers with Radar,207,56,15,0,278,0,4,18,1,23,207,60,33,1,301,18,0,18,319
12/09/2017,ONT,CA,AWP,WE,Towers with Radar,140,28,9,0,177,0,6,16,0,22,140,34,25,0,199,14,0,14,213
12/10/2017,ONT,CA,AWP,WE,Towers with Radar,158,22,18,0,198,0,2,11,0,13,158,24,29,0,211,4,0,4,215
12/11/2017,ONT,CA,AWP,WE,Towers with Radar,196,41,10,0,247,0,1,30,0,31,196,42,40,0,278,24,0,24,302
12/12/2017,ONT,CA,AWP,WE,Towers with Radar,267,59,19,0,345,0,3,8,0,11,267,62,27,0,356,12,0,12,368
12/13/2017,ONT,CA,AWP,WE,Towers with Radar,272,58,16,0,346,0,4,10,0,14,272,62,26,0,360,8,0,8,368
12/14/2017,ONT,CA,AWP,WE,Towers with Radar,260,51,5,0,316,0,0,2,0,2,260,51,7,0,318,5,0,5,323
12/15/2017,ONT,CA,AWP,WE,Towers with Radar,213,56,15,0,284,0,2,14,2,18,213,58,29,2,302,18,0,18,320
12/16/2017,ONT,CA,AWP,WE,Towers with Radar,158,37,8,0,203,0,2,24,0,26,158,39,32,0,229,14,0,14,243
12/17/2017,ONT,CA,AWP,WE,Towers with Radar,193,17,9,0,219,0,2,0,0,2,193,19,9,0,221,2,0,2,223
12/18/2017,ONT,CA,AWP,WE,Towers with Radar,227,39,16,0,282,0,2,7,0,9,227,41,23,0,291,28,0,28,319
12/19/2017,ONT,CA,AWP,WE,Towers with Radar,288,64,9,1,362,0,2,23,0,25,288,66,32,1,387,6,0,6,393
12/20/2017,ONT,CA,AWP,WE,Towers with Radar,314,62,14,0,390,0,1,19,0,20,314,63,33,0,410,41,0,41,451
12/21/2017,ONT,CA,AWP,WE,Towers with Radar,303,54,11,0,368,0,5,6,0,11,303,59,17,0,379,3,0,3,382
12/22/2017,ONT,CA,AWP,WE,Towers with Radar,244,59,12,0,315,0,4,16,2,22,244,63,28,2,337,8,0,8,345
12/23/2017,ONT,CA,AWP,WE,Towers with Radar,185,40,13,0,238,0,4,32,0,36,185,44,45,0,274,20,0,20,294
12/24/2017,ONT,CA,AWP,WE,Towers with Radar,108,7,8,0,123,0,0,5,0,5,108,7,13,0,128,0,0,0,128
12/25/2017,ONT,CA,AWP,WE,Towers with Radar,122,9,3,0,134,0,0,4,0,4,122,9,7,0,138,34,0,34,172
12/26/2017,ONT,CA,AWP,WE,Towers with Radar,185,37,13,1,236,0,1,21,0,22,185,38,34,1,258,9,0,9,267
12/27/2017,ONT,CA,AWP,WE,Towers with Radar,243,46,10,0,299,0,2,17,0,19,243,48,27,0,318,4,0,4,322
12/28/2017,ONT,CA,AWP,WE,Towers with Radar,243,49,4,0,296,0,1,15,2,18,243,50,19,2,314,24,0,24,338
12/29/2017,ONT,CA,AWP,WE,Towers with Radar,207,48,14,0,269,0,1,12,2,15,207,49,26,2,284,16,0,16,300
12/30/2017,ONT,CA,AWP,WE,Towers with Radar,169,26,10,0,205,0,3,15,0,18,169,29,25,0,223,4,0,4,227
12/31/2017,ONT,CA,AWP,WE,Towers with Radar,138,7,3,1,149,0,0,13,0,13,138,7,16,1,162,19,0,19,181
01/01/2018,ONT,CA,AWP,WE,Towers with Radar,148,8,9,0,165,0,0,6,0,6,148,8,15,0,171,4,0,4,175
01/02/2018,ONT,CA,AWP,WE,Towers with Radar,188,37,13,2,240,0,1,23,2,26,188,38,36,4,266,13,0,13,279
01/03/2018,ONT,CA,AWP,WE,Towers with Radar,226,48,8,0,282,0,3,17,0,20,226,51,25,0,302,16,0,16,318
01/04/2018,ONT,CA,AWP,WE,Towers with Radar,225,48,16,1,290,0,4,35,2,41,225,52,51,3,331,3,0,3,334
01/05/2018,ONT,CA,AWP,WE,Towers with Radar,195,44,9,0,248,0,2,19,2,23,195,46,28,2,271,8,0,8,279
01/06/2018,ONT,CA,AWP,WE,Towers with Radar,141,27,10,1,179,0,1,10,2,13,141,28,20,3,192,0,0,0,192
01/07/2018,ONT,CA,AWP,WE,Towers with Radar,160,15,14,1,190,0,0,40,2,42,160,15,54,3,232,6,0,6,238
01/08/2018,ONT,CA,AWP,WE,Towers with Radar,167,36,10,3,216,0,1,4,2,7,167,37,14,5,223,2,0,2,225
01/09/2018,ONT,CA,AWP,WE,Towers with Radar,222,58,10,0,290,0,0,0,0,0,222,58,10,0,290,0,0,0,290
01/10/2018,ONT,CA,AWP,WE,Towers with Radar,217,55,16,2,290,0,3,3,5,11,217,58,19,7,301,2,0,2,303
01/11/2018,ONT,CA,AWP,WE,Towers with Radar,221,52,16,1,290,0,2,13,2,17,221,54,29,3,307,10,0,10,317
01/12/2018,ONT,CA,AWP,WE,Towers with Radar,184,43,16,0,243,0,3,12,0,15,184,46,28,0,258,18,0,18,276
01/13/2018,ONT,CA,AWP,WE,Towers with Radar,126,26,12,0,164,0,3,8,0,11,126,29,20,0,175,2,0,2,177
01/14/2018,ONT,CA,AWP,WE,Towers with Radar,145,10,15,0,170,0,0,22,0,22,145,10,37,0,192,4,0,4,196
01/15/2018,ONT,CA,AWP,WE,Towers with Radar,170,34,16,0,220,0,1,23,1,25,170,35,39,1,245,26,0,26,271
01/16/2018,ONT,CA,AWP,WE,Towers with Radar,220,43,14,0,277,0,3,31,0,34,220,46,45,0,311,62,0,62,373
01/17/2018,ONT,CA,AWP,WE,Towers with Radar,224,52,12,0,288,0,4,26,2,32,224,56,38,2,320,26,0,26,346
01/18/2018,ONT,CA,AWP,WE,Towers with Radar,218,42,16,3,279,0,2,20,1,23,218,44,36,4,302,15,0,15,317
01/19/2018,ONT,CA,AWP,WE,Towers with Radar,173,52,12,0,237,0,0,7,0,7,173,52,19,0,244,14,0,14,258
01/20/2018,ONT,CA,AWP,WE,Towers with Radar,127,30,10,0,167,0,2,19,1,22,127,32,29,1,189,22,0,22,211
01/21/2018,ONT,CA,AWP,WE,Towers with Radar,135,7,9,0,151,0,0,15,0,15,135,7,24,0,166,9,0,9,175
01/22/2018,ONT,CA,AWP,WE,Towers with Radar,163,34,10,0,207,0,1,27,0,28,163,35,37,0,235,9,0,9,244
01/23/2018,ONT,CA,AWP,WE,Towers with Radar,215,43,9,0,267,0,3,57,0,60,215,46,66,0,327,50,0,50,377
01/24/2018,ONT,CA,AWP,WE,Towers with Radar,208,46,8,0,262,0,2,19,0,21,208,48,27,0,283,0,0,0,283
01/25/2018,ONT,CA,AWP,WE,Towers with Radar,211,49,21,4,285,0,1,20,0,21,211,50,41,4,306,8,0,8,314
01/26/2018,ONT,CA,AWP,WE,Towers with Radar,175,38,5,0,218,0,3,18,0,21,175,41,23,0,239,24,0,24,263
01/27/2018,ONT,CA,AWP,WE,Towers with Radar,125,29,3,0,157,0,4,11,0,15,125,33,14,0,172,0,0,0,172
01/28/2018,ONT,CA,AWP,WE,Towers with Radar,130,12,4,0,146,0,2,5,1,8,130,14,9,1,154,4,0,4,158
01/29/2018,ONT,CA,AWP,WE,Towers with Radar,165,36,7,1,209,0,3,8,2,13,165,39,15,3,222,8,0,8,230
01/30/2018,ONT,CA,AWP,WE,Towers with Radar,217,59,11,1,288,0,1,35,2,38,217,60,46,3,326,35,0,35,361
01/31/2018,ONT,CA,AWP,WE,Towers with Radar,209,41,12,0,262,0,4,36,0,40,209,45,48,0,302,34,0,34,336
02/01/2018,ONT,CA,AWP,WE,Towers with Radar,213,43,12,0,268,0,5,33,0,38,213,48,45,0,306,8,0,8,314
02/02/2018,ONT,CA,AWP,WE,Towers with Radar,176,54,17,1,248,0,4,27,3,34,176,58,44,4,282,40,0,40,322
02/03/2018,ONT,CA,AWP,WE,Towers with Radar,126,27,10,0,163,0,2,14,0,16,126,29,24,0,179,0,0,0,179
02/04/2018,ONT,CA,AWP,WE,Towers with Radar,132,9,5,0,146,0,0,15,0,15,132,9,20,0,161,34,0,34,195
02/05/2018,ONT,CA,AWP,WE,Towers with Radar,168,28,4,2,202,0,2,19,1,22,168,30,23,3,224,32,0,32,256
02/06/2018,ONT,CA,AWP,WE,Towers with Radar,244,52,21,3,320,0,2,24,0,26,244,54,45,3,346,8,0,8,354
02/07/2018,ONT,CA,AWP,WE,Towers with Radar,218,54,19,1,292,0,1,32,1,34,218,55,51,2,326,16,0,16,342
02/08/2018,ONT,CA,AWP,WE,Towers with Radar,222,45,11,0,278,0,4,16,4,24,222,49,27,4,302,0,0,0,302
02/09/2018,ONT,CA,AWP,WE,Towers with Radar,205,53,13,0,271,0,2,40,1,43,205,55,53,1,314,54,0,54,368
02/10/2018,ONT,CA,AWP,WE,Towers with Radar,127,30,4,0,161,0,0,4,0,4,127,30,8,0,165,4,0,4,169
02/11/2018,ONT,CA,AWP,WE,Towers with Radar,134,13,9,0,156,0,0,13,0,13,134,13,22,0,169,6,0,6,175
02/12/2018,ONT,CA,AWP,WE,Towers with Radar,163,36,15,0,214,0,1,16,0,17,163,37,31,0,231,14,0,14,245
02/13/2018,ONT,CA,AWP,WE,Towers with Radar,225,51,15,0,291,0,1,24,0,25,225,52,39,0,316,34,0,34,350
02/14/2018,ONT,CA,AWP,WE,Towers with Radar,213,49,13,0,275,0,2,31,1,34,213,51,44,1,309,10,0,10,319
02/15/2018,ONT,CA,AWP,WE,Towers with Radar,216,49,15,1,281,0,3,14,1,18,216,52,29,2,299,2,0,2,301
02/16/2018,ONT,CA,AWP,WE,Towers with Radar,177,53,27,0,257,0,5,32,0,37,177,58,59,0,294,6,0,6,300
02/17/2018,ONT,CA,AWP,WE,Towers with Radar,123,25,5,0,153,0,8,35,1,44,123,33,40,1,197,26,0,26,223
02/18/2018,ONT,CA,AWP,WE,Towers with Radar,125,12,7,0,144,0,0,25,0,25,125,12,32,0,169,12,0,12,181
02/19/2018,ONT,CA,AWP,WE,Towers with Radar,159,33,20,0,212,0,2,3,0,5,159,35,23,0,217,0,0,0,217
02/20/2018,ONT,CA,AWP,WE,Towers with Radar,213,48,13,0,274,0,4,23,0,27,213,52,36,0,301,9,0,9,310
02/21/2018,ONT,CA,AWP,WE,Towers with Radar,214,42,11,0,267,0,5,35,1,41,214,47,46,1,308,52,0,52,360
02/22/2018,ONT,CA,AWP,WE,Towers with Radar,206,45,20,1,272,0,3,20,0,23,206,48,40,1,295,12,0,12,307
02/23/2018,ONT,CA,AWP,WE,Towers with Radar,176,41,14,0,231,0,2,23,0,25,176,43,37,0,256,0,0,0,256
02/24/2018,ONT,CA,AWP,WE,Towers with Radar,124,28,10,0,162,0,2,14,0,16,124,30,24,0,178,16,0,16,194
02/25/2018,ONT,CA,AWP,WE,Towers with Radar,136,7,15,0,158,0,2,6,0,8,136,9,21,0,166,2,0,2,168
02/26/2018,ONT,CA,AWP,WE,Towers with Radar,159,31,16,2,208,0,1,20,0,21,159,32,36,2,229,20,2,22,251
02/27/2018,ONT,CA,AWP,WE,Towers with Radar,223,55,19,0,297,0,2,6,2,10,223,57,25,2,307,16,0,16,323
02/28/2018,ONT,CA,AWP,WE,Towers with Radar,247,48,10,2,307,0,4,18,2,24,247,52,28,4,331,18,0,18,349
03/01/2018,ONT,CA,AWP,WE,Towers with Radar,217,41,20,0,278,0,2,24,4,30,217,43,44,4,308,10,0,10,318
03/02/2018,ONT,CA,AWP,WE,Towers with Radar,173,45,19,1,238,0,0,0,0,0,173,45,19,1,238,0,0,0,238
03/03/2018,ONT,CA,AWP,WE,Towers with Radar,124,28,8,0,160,0,0,0,0,0,124,28,8,0,160,0,0,0,160
03/04/2018,ONT,CA,AWP,WE,Towers with Radar,137,8,6,0,151,0,0,15,0,15,137,8,21,0,166,10,0,10,176
03/05/2018,ONT,CA,AWP,WE,Towers with Radar,171,29,20,0,220,0,1,17,2,20,171,30,37,2,240,18,0,18,258
03/06/2018,ONT,CA,AWP,WE,Towers with Radar,226,44,8,1,279,0,2,15,2,19,226,46,23,3,298,15,0,15,313
03/07/2018,ONT,CA,AWP,WE,Towers with Radar,212,48,17,0,277,0,3,22,1,26,212,51,39,1,303,4,0,4,307
03/08/2018,ONT,CA,AWP,WE,Towers with Radar,202,46,13,0,261,0,3,37,1,41,202,49,50,1,302,12,0,12,314
03/09/2018,ONT,CA,AWP,WE,Towers with Radar,184,44,15,0,243,0,2,19,0,21,184,46,34,0,264,16,0,16,280
03/10/2018,ONT,CA,AWP,WE,Towers with Radar,127,28,11,0,166,0,0,0,0,0,127,28,11,0,166,0,0,0,166
03/11/2018,ONT,CA,AWP,WE,Towers with Radar,124,6,14,0,144,0,0,15,0,15,124,6,29,0,159,10,0,10,169
03/12/2018,ONT,CA,AWP,WE,Towers with Radar,161,29,9,0,199,0,0,11,0,11,161,29,20,0,210,10,0,10,220
03/13/2018,ONT,CA,AWP,WE,Towers with Radar,216,47,20,0,283,0,0,11,0,11,216,47,31,0,294,0,0,0,294
03/14/2018,ONT,CA,AWP,WE,Towers with Radar,222,46,15,0,283,0,0,16,0,16,222,46,31,0,299,18,0,18,317
03/15/2018,ONT,CA,AWP,WE,Towers with Radar,215,40,38,0,293,0,4,22,2,28,215,44,60,2,321,16,0,16,337
03/16/2018,ONT,CA,AWP,WE,Towers with Radar,183,37,17,0,237,0,0,9,3,12,183,37,26,3,249,2,0,2,251
03/17/2018,ONT,CA,AWP,WE,Towers with Radar,130,28,29,0,187,0,3,17,1,21,130,31,46,1,208,10,0,10,218
03/18/2018,ONT,CA,AWP,WE,Towers with Radar,126,16,56,0,198,0,3,25,2,30,126,19,81,2,228,8,0,8,236
03/19/2018,ONT,CA,AWP,WE,Towers with Radar,160,29,9,0,198,0,5,19,1,25,160,34,28,1,223,12,0,12,235
03/20/2018,ONT,CA,AWP,WE,Towers with Radar,218,46,8,0,272,0,5,32,0,37,218,51,40,0,309,20,0,20,329
03/21/2018,ONT,CA,AWP,WE,Towers with Radar,211,53,7,0,271,0,0,9,0,9,211,53,16,0,280,0,0,0,280
03/22/2018,ONT,CA,AWP,WE,Towers with Radar,227,55,10,0,292,0,0,16,0,16,227,55,26,0,308,24,0,24,332
03/23/2018,ONT,CA,AWP,WE,Towers with Radar,178,43,13,0,234,0,26,13,0,39,178,69,26,0,273,32,0,32,305
03/24/2018,ONT,CA,AWP,WE,Towers with Radar,127,36,10,0,173,0,3,21,3,27,127,39,31,3,200,30,0,30,230
03/25/2018,ONT,CA,AWP,WE,Towers with Radar,133,11,9,0,153,0,2,19,0,21,133,13,28,0,174,24,0,24,198
03/26/2018,ONT,CA,AWP,WE,Towers with Radar,158,37,17,5,217,0,6,44,0,50,158,43,61,5,267,38,0,38,305
03/27/2018,ONT,CA,AWP,WE,Towers with Radar,220,51,11,0,282,0,4,26,0,30,220,55,37,0,312,66,0,66,378
03/28/2018,ONT,CA,AWP,WE,Towers with Radar,217,51,23,0,291,0,5,38,0,43,217,56,61,0,334,56,0,56,390
03/29/2018,ONT,CA,AWP,WE,Towers with Radar,220,39,10,0,269,0,4,37,0,41,220,43,47,0,310,107,0,107,417
03/30/2018,ONT,CA,AWP,WE,Towers with Radar,188,34,11,0,233,0,7,22,1,30,188,41,33,1,263,14,0,14,277
03/31/2018,ONT,CA,AWP,WE,Towers with Radar,127,23,9,0,159,0,7,20,0,27,127,30,29,0,186,28,0,28,214
04/01/2018,ONT,CA,AWP,WE,Towers with Radar,127,6,2,0,135,0,5,14,1,20,127,11,16,1,155,2,0,2,157
04/02/2018,ONT,CA,AWP,WE,Towers with Radar,165,30,14,0,209,0,0,18,1,19,165,30,32,1,228,6,0,6,234
04/03/2018,ONT,CA,AWP,WE,Towers with Radar,222,41,9,0,272,0,5,12,0,17,222,46,21,0,289,4,0,4,293
04/04/2018,ONT,CA,AWP,WE,Towers with Radar,225,51,19,0,295,0,4,15,0,19,225,55,34,0,314,2,0,2,316
04/05/2018,ONT,CA,AWP,WE,Towers with Radar,215,48,11,1,275,0,8,13,0,21,215,56,24,1,296,18,0,18,314
04/06/2018,ONT,CA,AWP,WE,Towers with Radar,174,44,8,0,226,0,2,16,0,18,174,46,24,0,244,52,0,52,296
04/07/2018,ONT,CA,AWP,WE,Towers with Radar,133,31,13,0,177,0,5,14,1,20,133,36,27,1,197,20,0,20,217
04/08/2018,ONT,CA,AWP,WE,Towers with Radar,143,14,11,0,168,0,5,15,2,22,143,19,26,2,190,28,0,28,218
04/09/2018,ONT,CA,AWP,WE,Towers with Radar,172,35,10,0,217,0,4,18,0,22,172,39,28,0,239,6,0,6,245
04/10/2018,ONT,CA,AWP,WE,Towers with Radar,229,43,13,0,285,0,3,41,2,46,229,46,54,2,331,18,0,18,349
04/11/2018,ONT,CA,AWP,WE,Towers with Radar,226,45,28,0,299,0,3,11,0,14,226,48,39,0,313,4,0,4,317
04/12/2018,ONT,CA,AWP,WE,Towers with Radar,230,46,17,0,293,0,6,11,5,22,230,52,28,5,315,17,0,17,332
04/13/2018,ONT,CA,AWP,WE,Towers with Radar,208,44,14,0,266,0,4,35,0,39,208,48,49,0,305,52,0,52,357
04/14/2018,ONT,CA,AWP,WE,Towers with Radar,134,27,5,0,166,0,8,29,1,38,134,35,34,1,204,28,0,28,232
04/15/2018,ONT,CA,AWP,WE,Towers with Radar,137,16,13,0,166,0,2,18,0,20,137,18,31,0,186,0,0,0,186
04/16/2018,ONT,CA,AWP,WE,Towers with Radar,181,42,11,0,234,0,4,6,1,11,181,46,17,1,245,0,0,0,245
04/17/2018,ONT,CA,AWP,WE,Towers with Radar,232,47,3,0,282,0,11,7,1,19,232,58,10,1,301,20,0,20,321
04/18/2018,ONT,CA,AWP,WE,Towers with Radar,236,46,16,2,300,0,4,29,2,35,236,50,45,4,335,30,0,30,365
04/19/2018,ONT,CA,AWP,WE,Towers with Radar,220,48,22,0,290,0,2,18,1,21,220,50,40,1,311,18,0,18,329
04/20/2018,ONT,CA,AWP,WE,Towers with Radar,186,48,22,4,260,0,8,23,0,31,186,56,45,4,291,38,0,38,329
04/21/2018,ONT,CA,AWP,WE,Towers with Radar,134,28,4,0,166,0,4,19,2,25,134,32,23,2,191,10,0,10,201
04/22/2018,ONT,CA,AWP,WE,Towers with Radar,141,13,8,0,162,0,10,9,0,19,141,23,17,0,181,17,0,17,198
04/23/2018,ONT,CA,AWP,WE,Towers with Radar,184,30,7,0,221,0,4,28,3,35,184,34,35,3,256,54,0,54,310
04/24/2018,ONT,CA,AWP,WE,Towers with Radar,236,45,17,2,300,0,4,46,0,50,236,49,63,2,350,46,0,46,396
04/25/2018,ONT,CA,AWP,WE,Towers with Radar,229,46,13,0,288,0,3,34,1,38,229,49,47,1,326,20,0,20,346
04/26/2018,ONT,CA,AWP,WE,Towers with Radar,229,42,25,0,296,0,4,40,1,45,229,46,65,1,341,20,0,20,361
04/27/2018,ONT,CA,AWP,WE,Towers with Radar,199,37,11,1,248,0,3,10,0,13,199,40,21,1,261,10,0,10,271
04/28/2018,ONT,CA,AWP,WE,Towers with Radar,143,23,1,1,168,0,6,18,1,25,143,29,19,2,193,52,0,52,245
04/29/2018,ONT,CA,AWP,WE,Towers with Radar,146,9,11,1,167,0,2,8,0,10,146,11,19,1,177,14,0,14,191
04/30/2018,ONT,CA,AWP,WE,Towers with Radar,178,31,22,0,231,0,1,15,0,16,178,32,37,0,247,6,0,6,253
05/01/2018,ONT,CA,AWP,WE,Towers with Radar,242,47,16,0,305,0,0,9,0,9,242,47,25,0,314,4,0,4,318
05/02/2018,ONT,CA,AWP,WE,Towers with Radar,226,50,16,0,292,0,0,7,0,7,226,50,23,0,299,8,0,8,307
05/03/2018,ONT,CA,AWP,WE,Towers with Radar,232,39,9,2,282,0,4,46,1,51,232,43,55,3,333,20,0,20,353
05/04/2018,ONT,CA,AWP,WE,Towers with Radar,192,41,12,0,245,0,6,34,0,40,192,47,46,0,285,4,0,4,289
05/05/2018,ONT,CA,AWP,WE,Towers with Radar,133,21,4,1,159,0,5,21,2,28,133,26,25,3,187,12,0,12,199
05/06/2018,ONT,CA,AWP,WE,Towers with Radar,149,6,10,1,166,0,2,20,0,22,149,8,30,1,188,10,0,10,198
05/07/2018,ONT,CA,AWP,WE,Towers with Radar,174,27,2,0,203,0,3,35,2,40,174,30,37,2,243,24,0,24,267
05/08/2018,ONT,CA,AWP,WE,Towers with Radar,235,37,4,0,276,0,4,14,0,18,235,41,18,0,294,8,0,8,302
05/09/2018,ONT,CA,AWP,WE,Towers with Radar,228,43,11,0,282,0,4,22,4,30,228,47,33,4,312,15,0,15,327
05/10/2018,ONT,CA,AWP,WE,Towers with Radar,229,45,15,0,289,0,7,29,0,36,229,52,44,0,325,12,0,12,337
05/11/2018,ONT,CA,AWP,WE,Towers with Radar,194,45,21,2,262,0,1,2,1,4,194,46,23,3,266,0,0,0,266
05/12/2018,ONT,CA,AWP,WE,Towers with Radar,138,31,8,0,177,0,0,0,0,0,138,31,8,0,177,0,0,0,177
05/13/2018,ONT,CA,AWP,WE,Towers with Radar,145,11,15,0,171,0,2,13,0,15,145,13,28,0,186,10,0,10,196
05/14/2018,ONT,CA,AWP,WE,Towers with Radar,178,36,10,0,224,0,4,20,1,25,178,40,30,1,249,12,0,12,261
05/15/2018,ONT,CA,AWP,WE,Towers with Radar,233,46,15,0,294,0,4,17,0,21,233,50,32,0,315,0,0,0,315
05/16/2018,ONT,CA,AWP,WE,Towers with Radar,228,44,13,0,285,0,6,13,7,26,228,50,26,7,311,0,0,0,311
05/17/2018,ONT,CA,AWP,WE,Towers with Radar,226,38,6,2,272,0,2,30,1,33,226,40,36,3,305,34,0,34,339
05/18/2018,ONT,CA,AWP,WE,Towers with Radar,194,39,10,0,243,0,2,19,0,21,194,41,29,0,264,27,0,27,291
05/19/2018,ONT,CA,AWP,WE,Towers with Radar,160,23,9,0,192,0,1,5,0,6,160,24,14,0,198,2,0,2,200
05/20/2018,ONT,CA,AWP,WE,Towers with Radar,142,11,14,0,167,0,2,17,4,23,142,13,31,4,190,38,0,38,228
05/21/2018,ONT,CA,AWP,WE,Towers with Radar,183,31,10,1,225,0,0,8,1,9,183,31,18,2,234,29,0,29,263
05/22/2018,ONT,CA,AWP,WE,Towers with Radar,237,44,10,0,291,0,0,17,0,17,237,44,27,0,308,36,0,36,344
05/23/2018,ONT,CA,AWP,WE,Towers with Radar,237,48,12,0,297,0,0,12,0,12,237,48,24,0,309,5,0,5,314
05/24/2018,ONT,CA,AWP,WE,Towers with Radar,250,38,18,0,306,0,0,15,3,18,250,38,33,3,324,0,0,0,324
05/25/2018,ONT,CA,AWP,WE,Towers with Radar,205,37,10,0,252,0,2,37,0,39,205,39,47,0,291,47,0,47,338
05/26/2018,ONT,CA,AWP,WE,Towers with Radar,145,26,9,0,180,0,0,27,3,30,145,26,36,3,210,40,0,40,250
05/27/2018,ONT,CA,AWP,WE,Towers with Radar,122,8,3,0,133,0,0,13,0,13,122,8,16,0,146,26,0,26,172
05/28/2018,ONT,CA,AWP,WE,Towers with Radar,144,9,3,0,156,0,0,34,0,34,144,9,37,0,190,32,0,32,222
05/29/2018,ONT,CA,AWP,WE,Towers with Radar,192,32,8,0,232,0,4,14,0,18,192,36,22,0,250,0,0,0,250
05/30/2018,ONT,CA,AWP,WE,Towers with Radar,239,48,13,0,300,0,1,17,0,18,239,49,30,0,318,0,0,0,318
05/31/2018,ONT,CA,AWP,WE,Towers with Radar,245,48,8,0,301,0,1,4,2,7,245,49,12,2,308,0,0,0,308
06/01/2018,ONT,CA,AWP,WE,Towers with Radar,197,36,7,0,240,0,4,19,0,23,197,40,26,0,263,43,0,43,306
06/02/2018,ONT,CA,AWP,WE,Towers with Radar,134,21,7,0,162,0,6,22,0,28,134,27,29,0,190,10,0,10,200
06/03/2018,ONT,CA,AWP,WE,Towers with Radar,149,6,4,1,160,0,0,23,0,23,149,6,27,1,183,28,0,28,211
06/04/2018,ONT,CA,AWP,WE,Towers with Radar,186,28,4,0,218,0,3,23,0,26,186,31,27,0,244,33,0,33,277
06/05/2018,ONT,CA,AWP,WE,Towers with Radar,232,49,16,2,299,0,4,14,0,18,232,53,30,2,317,15,0,15,332
06/06/2018,ONT,CA,AWP,WE,Towers with Radar,235,38,15,0,288,0,1,25,4,30,235,39,40,4,318,28,0,28,346
06/07/2018,ONT,CA,AWP,WE,Towers with Radar,240,44,20,0,304,0,1,38,0,39,240,45,58,0,343,32,0,32,375
06/08/2018,ONT,CA,AWP,WE,Towers with Radar,188,41,18,0,247,0,9,31,0,40,188,50,49,0,287,10,0,10,297
06/09/2018,ONT,CA,AWP,WE,Towers with Radar,138,21,11,0,170,0,7,34,0,41,138,28,45,0,211,66,0,66,277
06/10/2018,ONT,CA,AWP,WE,Towers with Radar,143,4,8,0,155,0,2,14,0,16,143,6,22,0,171,31,0,31,202
06/11/2018,ONT,CA,AWP,WE,Towers with Radar,179,25,10,0,214,0,5,17,2,24,179,30,27,2,238,3,0,3,241
06/12/2018,ONT,CA,AWP,WE,Towers with Radar,241,36,17,0,294,0,5,24,0,29,241,41,41,0,323,16,0,16,339
06/13/2018,ONT,CA,AWP,WE,Towers with Radar,230,34,16,0,280,0,5,32,0,37,230,39,48,0,317,35,0,35,352
06/14/2018,ONT,CA,AWP,WE,Towers with Radar,233,40,15,1,289,0,4,21,3,28,233,44,36,4,317,13,0,13,330
06/15/2018,ONT,CA,AWP,WE,Towers with Radar,192,38,14,0,244,0,5,44,0,49,192,43,58,0,293,23,0,23,316
06/16/2018,ONT,CA,AWP,WE,Towers with Radar,140,28,3,0,171,0,1,16,0,17,140,29,19,0,188,0,0,0,188
06/17/2018,ONT,CA,AWP,WE,Towers with Radar,151,8,12,0,171,0,0,16,0,16,151,8,28,0,187,24,0,24,211
06/18/2018,ONT,CA,AWP,WE,Towers with Radar,183,30,14,1,228,0,4,18,1,23,183,34,32,2,251,24,0,24,275
06/19/2018,ONT,CA,AWP,WE,Towers with Radar,248,43,16,0,307,0,3,20,0,23,248,46,36,0,330,0,0,0,330
06/20/2018,ONT,CA,AWP,WE,Towers with Radar,235,36,19,0,290,0,3,12,0,15,235,39,31,0,305,8,0,8,313
06/21/2018,ONT,CA,AWP,WE,Towers with Radar,230,34,8,0,272,0,2,24,0,26,230,36,32,0,298,41,0,41,339
06/22/2018,ONT,CA,AWP,WE,Towers with Radar,196,45,16,0,257,0,5,22,0,27,196,50,38,0,284,34,0,34,318
06/23/2018,ONT,CA,AWP,WE,Towers with Radar,137,27,9,0,173,0,0,6,0,6,137,27,15,0,179,6,0,6,185
06/24/2018,ONT,CA,AWP,WE,Towers with Radar,146,6,8,0,160,0,0,16,0,16,146,6,24,0,176,26,0,26,202
06/25/2018,ONT,CA,AWP,WE,Towers with Radar,175,30,16,0,221,0,5,20,2,27,175,35,36,2,248,4,0,4,252
06/26/2018,ONT,CA,AWP,WE,Towers with Radar,229,40,14,0,283,0,4,60,1,65,229,44,74,1,348,78,0,78,426
06/27/2018,ONT,CA,AWP,WE,Towers with Radar,230,40,16,1,287,0,7,15,0,22,230,47,31,1,309,28,0,28,337
06/28/2018,ONT,CA,AWP,WE,Towers with Radar,238,37,11,0,286,0,4,18,2,24,238,41,29,2,310,21,0,21,331
06/29/2018,ONT,CA,AWP,WE,Towers with Radar,194,43,18,0,255,0,7,32,1,40,194,50,50,1,295,44,0,44,339
06/30/2018,ONT,CA,AWP,WE,Towers with Radar,144,31,10,0,185,0,1,9,0,10,144,32,19,0,195,0,0,0,195
07/01/2018,ONT,CA,AWP,WE,Towers with Radar,144,12,10,0,166,0,2,8,0,10,144,14,18,0,176,6,0,6,182
07/02/2018,ONT,CA,AWP,WE,Towers with Radar,173,20,3,0,196,0,3,25,2,30,173,23,28,2,226,16,0,16,242
07/03/2018,ONT,CA,AWP,WE,Towers with Radar,208,32,12,0,252,0,8,16,0,24,208,40,28,0,276,18,0,18,294
07/04/2018,ONT,CA,AWP,WE,Towers with Radar,133,8,3,0,144,0,2,12,0,14,133,10,15,0,158,4,0,4,162
07/05/2018,ONT,CA,AWP,WE,Towers with Radar,268,43,13,0,324,0,6,35,1,42,268,49,48,1,366,48,0,48,414
07/06/2018,ONT,CA,AWP,WE,Towers with Radar,217,34,9,0,260,0,5,21,1,27,217,39,30,1,287,0,0,0,287
07/07/2018,ONT,CA,AWP,WE,Towers with Radar,144,19,2,0,165,0,5,15,0,20,144,24,17,0,185,6,0,6,191
07/08/2018,ONT,CA,AWP,WE,Towers with Radar,150,9,9,0,168,0,0,6,0,6,150,9,15,0,174,0,0,0,174
07/09/2018,ONT,CA,AWP,WE,Towers with Radar,194,26,15,0,235,0,2,9,2,13,194,28,24,2,248,2,0,2,250
07/10/2018,ONT,CA,AWP,WE,Towers with Radar,250,39,11,0,300,0,4,16,2,22,250,43,27,2,322,0,0,0,322
07/11/2018,ONT,CA,AWP,WE,Towers with Radar,233,35,7,0,275,0,4,26,0,30,233,39,33,0,305,32,0,32,337
07/12/2018,ONT,CA,AWP,WE,Towers with Radar,231,43,22,0,296,0,3,38,2,43,231,46,60,2,339,54,0,54,393
07/13/2018,ONT,CA,AWP,WE,Towers with Radar,197,35,4,0,236,0,4,26,1,31,197,39,30,1,267,0,0,0,267
07/14/2018,ONT,CA,AWP,WE,Towers with Radar,147,21,2,0,170,0,6,5,2,13,147,27,7,2,183,18,0,18,201
07/15/2018,ONT,CA,AWP,WE,Towers with Radar,153,4,14,0,171,0,0,8,0,8,153,4,22,0,179,15,0,15,194
07/16/2018,ONT,CA,AWP,WE,Towers with Radar,172,27,9,0,208,0,6,15,0,21,172,33,24,0,229,0,0,0,229
07/17/2018,ONT,CA,AWP,WE,Towers with Radar,245,37,6,0,288,0,5,23,0,28,245,42,29,0,316,25,0,25,341
07/18/2018,ONT,CA,AWP,WE,Towers with Radar,244,39,18,0,301,0,5,37,1,43,244,44,55,1,344,20,0,20,364
07/19/2018,ONT,CA,AWP,WE,Towers with Radar,248,32,9,0,289,0,3,32,0,35,248,35,41,0,324,26,0,26,350
07/20/2018,ONT,CA,AWP,WE,Towers with Radar,211,32,9,0,252,0,9,49,0,58,211,41,58,0,310,2,0,2,312
07/21/2018,ONT,CA,AWP,WE,Towers with Radar,163,20,8,0,191,0,1,17,0,18,163,21,25,0,209,34,0,34,243
07/22/2018,ONT,CA,AWP,WE,Towers with Radar,148,9,6,0,163,0,0,7,0,7,148,9,13,0,170,13,0,13,183
07/23/2018,ONT,CA,AWP,WE,Towers with Radar,173,26,9,0,208,0,4,14,3,21,173,30,23,3,229,20,0,20,249
07/24/2018,ONT,CA,AWP,WE,Towers with Radar,233,44,9,0,286,0,12,11,0,23,233,56,20,0,309,19,0,19,328
07/25/2018,ONT,CA,AWP,WE,Towers with Radar,227,37,10,0,274,0,5,20,0,25,227,42,30,0,299,7,0,7,306
07/26/2018,ONT,CA,AWP,WE,Towers with Radar,234,40,6,1,281,0,6,32,1,39,234,46,38,2,320,17,0,17,337
07/27/2018,ONT,CA,AWP,WE,Towers with Radar,203,40,5,1,249,0,7,17,2,26,203,47,22,3,275,16,0,16,291
07/28/2018,ONT,CA,AWP,WE,Towers with Radar,151,28,12,0,191,0,3,18,0,21,151,31,30,0,212,20,0,20,232
07/29/2018,ONT,CA,AWP,WE,Towers with Radar,168,9,8,0,185,0,1,6,2,9,168,10,14,2,194,12,0,12,206
07/30/2018,ONT,CA,AWP,WE,Towers with Radar,189,33,6,0,228,0,2,18,2,22,189,35,24,2,250,19,0,19,269
07/31/2018,ONT,CA,AWP,WE,Towers with Radar,235,32,7,0,274,0,4,16,0,20,235,36,23,0,294,2,0,2,296
08/01/2018,ONT,CA,AWP,WE,Towers with Radar,237,42,12,1,292,0,8,23,1,32,237,50,35,2,324,5,0,5,329
08/02/2018,ONT,CA,AWP,WE,Towers with Radar,235,37,12,0,284,0,5,33,0,38,235,42,45,0,322,14,0,14,336
08/03/2018,ONT,CA,AWP,WE,Towers with Radar,196,31,15,0,242,0,7,27,1,35,196,38,42,1,277,17,0,17,294
08/04/2018,ONT,CA,AWP,WE,Towers with Radar,136,22,4,0,162,0,3,19,0,22,136,25,23,0,184,20,0,20,204
08/05/2018,ONT,CA,AWP,WE,Towers with Radar,153,11,10,0,174,0,0,6,0,6,153,11,16,0,180,1,0,1,181
08/06/2018,ONT,CA,AWP,WE,Towers with Radar,177,25,8,0,210,0,3,27,2,32,177,28,35,2,242,34,0,34,276
08/07/2018,ONT,CA,AWP,WE,Towers with Radar,243,35,25,1,304,0,3,29,2,34,243,38,54,3,338,19,0,19,357
08/08/2018,ONT,CA,AWP,WE,Towers with Radar,233,39,12,1,285,0,4,16,1,21,233,43,28,2,306,4,0,4,310
08/09/2018,ONT,CA,AWP,WE,Towers with Radar,237,43,9,0,289,0,4,11,0,15,237,47,20,0,304,6,0,6,310
08/10/2018,ONT,CA,AWP,WE,Towers with Radar,199,42,3,1,245,0,3,20,1,24,199,45,23,2,269,6,0,6,275
08/11/2018,ONT,CA,AWP,WE,Towers with Radar,163,23,3,0,189,0,4,32,2,38,163,27,35,2,227,18,0,18,245
08/12/2018,ONT,CA,AWP,WE,Towers with Radar,159,10,6,0,175,0,0,16,0,16,159,10,22,0,191,2,0,2,193
08/13/2018,ONT,CA,AWP,WE,Towers with Radar,181,32,9,0,222,0,5,25,0,30,181,37,34,0,252,22,0,22,274
08/14/2018,ONT,CA,AWP,WE,Towers with Radar,238,38,9,0,285,0,4,36,0,40,238,42,45,0,325,5,0,5,330
08/15/2018,ONT,CA,AWP,WE,Towers with Radar,235,39,10,0,284,0,4,16,3,23,235,43,26,3,307,10,0,10,317
08/16/2018,ONT,CA,AWP,WE,Towers with Radar,239,37,10,0,286,0,8,27,0,35,239,45,37,0,321,53,0,53,374
08/17/2018,ONT,CA,AWP,WE,Towers with Radar,196,32,11,0,239,0,5,9,0,14,196,37,20,0,253,2,0,2,255
08/18/2018,ONT,CA,AWP,WE,Towers with Radar,139,21,18,0,178,0,6,13,0,19,139,27,31,0,197,4,0,4,201
08/19/2018,ONT,CA,AWP,WE,Towers with Radar,146,8,13,0,167,0,0,18,0,18,146,8,31,0,185,24,0,24,209
08/20/2018,ONT,CA,AWP,WE,Towers with Radar,181,26,7,0,214,0,2,22,0,24,181,28,29,0,238,11,0,11,249
08/21/2018,ONT,CA,AWP,WE,Towers with Radar,236,41,6,0,283,0,4,12,0,16,236,45,18,0,299,22,0,22,321
08/22/2018,ONT,CA,AWP,WE,Towers with Radar,238,44,10,0,292,0,5,16,0,21,238,49,26,0,313,34,0,34,347
08/23/2018,ONT,CA,AWP,WE,Towers with Radar,241,43,9,0,293,0,3,20,0,23,241,46,29,0,316,10,0,10,326
08/24/2018,ONT,CA,AWP,WE,Towers with Radar,198,36,8,1,243,0,2,9,1,12,198,38,17,2,255,0,0,0,255
08/25/2018,ONT,CA,AWP,WE,Towers with Radar,141,24,4,0,169,0,0,2,0,2,141,24,6,0,171,2,0,2,173
08/26/2018,ONT,CA,AWP,WE,Towers with Radar,173,5,11,0,189,0,0,10,0,10,173,5,21,0,199,48,0,48,247
08/27/2018,ONT,CA,AWP,WE,Towers with Radar,188,31,4,0,223,0,2,15,2,19,188,33,19,2,242,26,0,26,268
08/28/2018,ONT,CA,AWP,WE,Towers with Radar,234,39,15,0,288,0,6,19,0,25,234,45,34,0,313,14,0,14,327
08/29/2018,ONT,CA,AWP,WE,Towers with Radar,231,44,8,0,283,0,6,24,0,30,231,50,32,0,313,14,0,14,327
08/30/2018,ONT,CA,AWP,WE,Towers with Radar,234,36,8,0,278,0,5,24,2,31,234,41,32,2,309,8,0,8,317
08/31/2018,ONT,CA,AWP,WE,Towers with Radar,196,39,5,0,240,0,5,12,0,17,196,44,17,0,257,0,0,0,257
09/01/2018,ONT,CA,AWP,WE,Towers with Radar,130,21,6,0,157,0,3,6,0,9,130,24,12,0,166,2,0,2,168
09/02/2018,ONT,CA,AWP,WE,Towers with Radar,119,8,5,0,132,0,0,9,0,9,119,8,14,0,141,13,0,13,154
09/03/2018,ONT,CA,AWP,WE,Towers with Radar,154,8,8,0,170,0,0,9,0,9,154,8,17,0,179,6,0,6,185
09/04/2018,ONT,CA,AWP,WE,Towers with Radar,183,31,12,0,226,0,5,19,2,26,183,36,31,2,252,18,0,18,270
09/05/2018,ONT,CA,AWP,WE,Towers with Radar,238,41,13,0,292,0,5,15,0,20,238,46,28,0,312,2,0,2,314
09/06/2018,ONT,CA,AWP,WE,Towers with Radar,239,34,14,0,287,0,5,21,0,26,239,39,35,0,313,16,0,16,329
09/07/2018,ONT,CA,AWP,WE,Towers with Radar,199,36,8,0,243,0,4,9,0,13,199,40,17,0,256,10,0,10,266
09/08/2018,ONT,CA,AWP,WE,Towers with Radar,139,29,6,0,174,0,5,18,0,23,139,34,24,0,197,8,0,8,205
09/09/2018,ONT,CA,AWP,WE,Towers with Radar,146,12,9,0,167,0,1,9,2,12,146,13,18,2,179,17,0,17,196
09/10/2018,ONT,CA,AWP,WE,Towers with Radar,187,29,10,0,226,0,6,34,0,40,187,35,44,0,266,14,0,14,280
09/11/2018,ONT,CA,AWP,WE,Towers with Radar,236,34,10,0,280,0,7,26,0,33,236,41,36,0,313,55,0,55,368
09/12/2018,ONT,CA,AWP,WE,Towers with Radar,230,40,15,0,285,0,5,35,0,40,230,45,50,0,325,18,0,18,343
09/13/2018,ONT,CA,AWP,WE,Towers with Radar,229,38,4,0,271,0,8,24,2,34,229,46,28,2,305,12,0,12,317
09/14/2018,ONT,CA,AWP,WE,Towers with Radar,195,34,10,0,239,0,8,31,4,43,195,42,41,4,282,24,0,24,306
09/15/2018,ONT,CA,AWP,WE,Towers with Radar,131,21,3,0,155,0,2,20,0,22,131,23,23,0,177,2,0,2,179
09/16/2018,ONT,CA,AWP,WE,Towers with Radar,140,14,11,0,165,5,0,8,4,17,145,14,19,4,182,5,0,5,187
09/17/2018,ONT,CA,AWP,WE,Towers with Radar,181,25,13,0,219,0,4,24,2,30,181,29,37,2,249,24,0,24,273
09/18/2018,ONT,CA,AWP,WE,Towers with Radar,236,39,5,0,280,0,7,23,0,30,236,46,28,0,310,22,0,22,332
09/19/2018,ONT,CA,AWP,WE,Towers with Radar,232,40,9,0,281,0,7,6,0,13,232,47,15,0,294,1,0,1,295
09/20/2018,ONT,CA,AWP,WE,Towers with Radar,229,31,12,2,274,0,7,13,1,21,229,38,25,3,295,0,0,0,295
09/21/2018,ONT,CA,AWP,WE,Towers with Radar,200,38,14,0,252,0,5,24,2,31,200,43,38,2,283,16,0,16,299
09/22/2018,ONT,CA,AWP,WE,Towers with Radar,140,24,5,1,170,0,5,21,0,26,140,29,26,1,196,14,0,14,210
09/23/2018,ONT,CA,AWP,WE,Towers with Radar,151,8,9,0,168,0,0,24,0,24,151,8,33,0,192,33,0,33,225
09/24/2018,ONT,CA,AWP,WE,Towers with Radar,185,25,9,0,219,0,4,25,0,29,185,29,34,0,248,12,0,12,260
09/25/2018,ONT,CA,AWP,WE,Towers with Radar,248,32,12,0,292,0,3,11,0,14,248,35,23,0,306,8,0,8,314
09/26/2018,ONT,CA,AWP,WE,Towers with Radar,233,44,13,0,290,0,5,20,0,25,233,49,33,0,315,0,0,0,315
09/27/2018,ONT,CA,AWP,WE,Towers with Radar,236,36,17,0,289,0,5,44,1,50,236,41,61,1,339,30,0,30,369
09/28/2018,ONT,CA,AWP,WE,Towers with Radar,204,38,20,0,262,0,4,23,1,28,204,42,43,1,290,2,0,2,292
09/29/2018,ONT,CA,AWP,WE,Towers with Radar,134,25,11,0,170,0,4,22,0,26,134,29,33,0,196,22,0,22,218
09/30/2018,ONT,CA,AWP,WE,Towers with Radar,146,14,7,0,167,0,0,22,0,22,146,14,29,0,189,7,0,7,196
10/01/2018,ONT,CA,AWP,WE,Towers with Radar,182,29,14,0,225,0,3,41,0,44,182,32,55,0,269,33,0,33,302
10/02/2018,ONT,CA,AWP,WE,Towers with Radar,235,42,13,0,290,0,2,20,0,22,235,44,33,0,312,8,0,8,320
10/03/2018,ONT,CA,AWP,WE,Towers with Radar,231,38,14,0,283,0,2,12,0,14,231,40,26,0,297,0,0,0,297
10/04/2018,ONT,CA,AWP,WE,Towers with Radar,220,56,21,0,297,0,3,13,2,18,220,59,34,2,315,0,0,0,315
10/05/2018,ONT,CA,AWP,WE,Towers with Radar,190,40,12,0,242,0,2,8,0,10,190,42,20,0,252,0,0,0,252
10/06/2018,ONT,CA,AWP,WE,Towers with Radar,131,28,11,0,170,0,0,6,2,8,131,28,17,2,178,0,0,0,178
10/07/2018,ONT,CA,AWP,WE,Towers with Radar,140,7,10,0,157,0,0,3,0,3,140,7,13,0,160,8,0,8,168
10/08/2018,ONT,CA,AWP,WE,Towers with Radar,180,27,13,0,220,0,2,25,0,27,180,29,38,0,247,0,0,0,247
10/09/2018,ONT,CA,AWP,WE,Towers with Radar,237,34,10,0,281,0,3,36,2,41,237,37,46,2,322,56,0,56,378
10/10/2018,ONT,CA,AWP,WE,Towers with Radar,231,36,13,0,280,0,3,26,0,29,231,39,39,0,309,5,0,5,314
10/11/2018,ONT,CA,AWP,WE,Towers with Radar,226,38,8,0,272,0,3,34,0,37,226,41,42,0,309,51,0,51,360
10/12/2018,ONT,CA,AWP,WE,Towers with Radar,201,42,5,0,248,0,4,17,0,21,201,46,22,0,269,2,0,2,271
10/13/2018,ONT,CA,AWP,WE,Towers with Radar,132,32,8,0,172,0,0,7,0,7,132,32,15,0,179,0,0,0,179
10/14/2018,ONT,CA,AWP,WE,Towers with Radar,143,8,6,0,157,0,0,13,0,13,143,8,19,0,170,2,0,2,172
10/15/2018,ONT,CA,AWP,WE,Towers with Radar,189,39,5,2,235,0,3,6,0,9,189,42,11,2,244,1,0,1,245
10/16/2018,ONT,CA,AWP,WE,Towers with Radar,242,41,8,0,291,0,4,6,1,11,242,45,14,1,302,1,0,1,303
10/17/2018,ONT,CA,AWP,WE,Towers with Radar,227,43,8,0,278,0,2,18,0,20,227,45,26,0,298,6,0,6,304
10/18/2018,ONT,CA,AWP,WE,Towers with Radar,232,43,13,0,288,0,3,47,1,51,232,46,60,1,339,18,0,18,357
10/19/2018,ONT,CA,AWP,WE,Towers with Radar,192,48,6,0,246,0,3,12,0,15,192,51,18,0,261,0,0,0,261
10/20/2018,ONT,CA,AWP,WE,Towers with Radar,136,29,7,0,172,0,3,12,0,15,136,32,19,0,187,0,0,0,187
10/21/2018,ONT,CA,AWP,WE,Towers with Radar,143,13,5,0,161,0,0,7,0,7,143,13,12,0,168,0,0,0,168
10/22/2018,ONT,CA,AWP,WE,Towers with Radar,182,28,10,0,220,0,2,17,0,19,182,30,27,0,239,4,0,4,243
10/23/2018,ONT,CA,AWP,WE,Towers with Radar,241,38,5,0,284,0,4,28,0,32,241,42,33,0,316,22,0,22,338
10/24/2018,ONT,CA,AWP,WE,Towers with Radar,239,45,9,0,293,0,5,21,0,26,239,50,30,0,319,5,0,5,324
10/25/2018,ONT,CA,AWP,WE,Towers with Radar,246,42,12,0,300,0,6,17,0,23,246,48,29,0,323,0,0,0,323
10/26/2018,ONT,CA,AWP,WE,Towers with Radar,208,40,11,0,259,0,6,32,0,38,208,46,43,0,297,36,0,36,333
10/27/2018,ONT,CA,AWP,WE,Towers with Radar,159,30,12,0,201,0,3,20,0,23,159,33,32,0,224,16,0,16,240
10/28/2018,ONT,CA,AWP,WE,Towers with Radar,146,15,9,0,170,0,0,9,0,9,146,15,18,0,179,0,0,0,179
10/29/2018,ONT,CA,AWP,WE,Towers with Radar,186,29,13,0,228,0,4,34,0,38,186,33,47,0,266,50,0,50,316
10/30/2018,ONT,CA,AWP,WE,Towers with Radar,235,41,11,0,287,0,5,13,1,19,235,46,24,1,306,20,0,20,326
10/31/2018,ONT,CA,AWP,WE,Towers with Radar,230,37,8,0,275,0,3,15,0,18,230,40,23,0,293,8,0,8,301
11/01/2018,ONT,CA,AWP,WE,Towers with Radar,237,41,11,0,289,0,4,22,0,26,237,45,33,0,315,4,0,4,319
11/02/2018,ONT,CA,AWP,WE,Towers with Radar,194,42,6,0,242,0,4,19,1,24,194,46,25,1,266,4,0,4,270
11/03/2018,ONT,CA,AWP,WE,Towers with Radar,137,24,12,0,173,0,1,14,0,15,137,25,26,0,188,28,0,28,216
11/04/2018,ONT,CA,AWP,WE,Towers with Radar,149,12,11,0,172,0,2,28,2,32,149,14,39,2,204,28,0,28,232
11/05/2018,ONT,CA,AWP,WE,Towers with Radar,184,32,12,0,228,0,1,39,0,40,184,33,51,0,268,16,0,16,284
11/06/2018,ONT,CA,AWP,WE,Towers with Radar,242,47,15,0,304,0,5,22,1,28,242,52,37,1,332,63,0,63,395
11/07/2018,ONT,CA,AWP,WE,Towers with Radar,228,46,11,0,285,0,1,17,0,18,228,47,28,0,303,6,0,6,309
11/08/2018,ONT,CA,AWP,WE,Towers with Radar,228,44,8,0,280,0,3,18,1,22,228,47,26,1,302,0,0,0,302
11/09/2018,ONT,CA,AWP,WE,Towers with Radar,192,43,10,0,245,0,2,21,4,27,192,45,31,4,272,2,0,2,274
11/10/2018,ONT,CA,AWP,WE,Towers with Radar,130,26,3,0,159,0,4,22,0,26,130,30,25,0,185,6,0,6,191
11/11/2018,ONT,CA,AWP,WE,Towers with Radar,142,13,6,0,161,0,1,12,0,13,142,14,18,0,174,14,0,14,188
11/12/2018,ONT,CA,AWP,WE,Towers with Radar,179,38,10,0,227,0,1,8,0,9,179,39,18,0,236,0,0,0,236
11/13/2018,ONT,CA,AWP,WE,Towers with Radar,245,46,3,0,294,0,2,22,2,26,245,48,25,2,320,6,0,6,326
11/14/2018,ONT,CA,AWP,WE,Towers with Radar,234,47,12,1,294,0,2,28,2,32,234,49,40,3,326,10,0,10,336
11/15/2018,ONT,CA,AWP,WE,Towers with Radar,231,51,15,0,297,0,3,17,2,22,231,54,32,2,319,24,0,24,343
11/16/2018,ONT,CA,AWP,WE,Towers with Radar,195,46,11,0,252,0,2,48,2,52,195,48,59,2,304,32,0,32,336
11/17/2018,ONT,CA,AWP,WE,Towers with Radar,157,23,9,0,189,0,5,12,0,17,157,28,21,0,206,0,0,0,206
11/18/2018,ONT,CA,AWP,WE,Towers with Radar,150,9,7,0,166,0,0,6,0,6,150,9,13,0,172,0,0,0,172
11/19/2018,ONT,CA,AWP,WE,Towers with Radar,186,32,10,0,228,0,2,15,2,19,186,34,25,2,247,12,0,12,259
11/20/2018,ONT,CA,AWP,WE,Towers with Radar,269,46,15,0,330,0,3,21,1,25,269,49,36,1,355,0,0,0,355
11/21/2018,ONT,CA,AWP,WE,Towers with Radar,241,46,19,0,306,0,1,23,0,24,241,47,42,0,330,8,0,8,338
11/22/2018,ONT,CA,AWP,WE,Towers with Radar,118,10,1,0,129,0,0,1,0,1,118,10,2,0,130,0,0,0,130
11/23/2018,ONT,CA,AWP,WE,Towers with Radar,139,42,6,0,187,0,2,4,0,6,139,44,10,0,193,22,0,22,215
11/24/2018,ONT,CA,AWP,WE,Towers with Radar,158,27,10,0,195,0,2,9,0,11,158,29,19,0,206,4,0,4,210
11/25/2018,ONT,CA,AWP,WE,Towers with Radar,170,8,19,0,197,0,2,14,0,16,170,10,33,0,213,0,0,0,213
11/26/2018,ONT,CA,AWP,WE,Towers with Radar,188,34,13,0,235,0,0,40,0,40,188,34,53,0,275,52,0,52,327
11/27/2018,ONT,CA,AWP,WE,Towers with Radar,277,43,13,0,333,0,2,19,0,21,277,45,32,0,354,9,0,9,363
11/28/2018,ONT,CA,AWP,WE,Towers with Radar,256,45,10,0,311,1,3,10,0,14,257,48,20,0,325,0,0,0,325
11/29/2018,ONT,CA,AWP,WE,Towers with Radar,258,47,10,0,315,0,2,0,0,2,258,49,10,0,317,0,0,0,317
11/30/2018,ONT,CA,AWP,WE,Towers with Radar,211,48,9,0,268,0,7,20,2,29,211,55,29,2,297,12,0,12,309
12/01/2018,ONT,CA,AWP,WE,Towers with Radar,130,30,9,0,169,0,3,11,2,16,130,33,20,2,185,0,0,0,185
12/02/2018,ONT,CA,AWP,WE,Towers with Radar,154,15,12,0,181,0,4,17,0,21,154,19,29,0,202,8,0,8,210
12/03/2018,ONT,CA,AWP,WE,Towers with Radar,190,36,7,0,233,0,0,19,1,20,190,36,26,1,253,0,0,0,253
12/04/2018,ONT,CA,AWP,WE,Towers with Radar,261,47,10,0,318,0,2,16,0,18,261,49,26,0,336,0,0,0,336
12/05/2018,ONT,CA,AWP,WE,Towers with Radar,260,51,11,2,324,0,0,9,0,9,260,51,20,2,333,0,0,0,333
12/06/2018,ONT,CA,AWP,WE,Towers with Radar,271,61,9,0,341,0,0,6,0,6,271,61,15,0,347,0,0,0,347
12/07/2018,ONT,CA,AWP,WE,Towers with Radar,205,53,19,1,278,0,2,14,0,16,205,55,33,1,294,18,0,18,312
12/08/2018,ONT,CA,AWP,WE,Towers with Radar,133,24,10,0,167,0,1,12,0,13,133,25,22,0,180,0,0,0,180
12/09/2018,ONT,CA,AWP,WE,Towers with Radar,151,13,10,0,174,0,0,15,0,15,151,13,25,0,189,0,0,0,189
12/10/2018,ONT,CA,AWP,WE,Towers with Radar,193,39,9,0,241,0,0,31,1,32,193,39,40,1,273,28,0,28,301
12/11/2018,ONT,CA,AWP,WE,Towers with Radar,283,44,11,0,338,0,2,14,0,16,283,46,25,0,354,0,0,0,354
12/12/2018,ONT,CA,AWP,WE,Towers with Radar,280,52,9,0,341,0,3,17,0,20,280,55,26,0,361,12,0,12,373
12/13/2018,ONT,CA,AWP,WE,Towers with Radar,286,63,12,0,361,0,2,31,0,33,286,65,43,0,394,0,0,0,394
12/14/2018,ONT,CA,AWP,WE,Towers with Radar,214,47,11,0,272,0,3,23,0,26,214,50,34,0,298,10,0,10,308
12/15/2018,ONT,CA,AWP,WE,Towers with Radar,155,37,6,0,198,0,6,15,0,21,155,43,21,0,219,4,0,4,223
12/16/2018,ONT,CA,AWP,WE,Towers with Radar,177,13,11,0,201,0,0,6,0,6,177,13,17,0,207,10,0,10,217
12/17/2018,ONT,CA,AWP,WE,Towers with Radar,215,44,12,0,271,0,0,12,0,12,215,44,24,0,283,0,0,0,283
12/18/2018,ONT,CA,AWP,WE,Towers with Radar,315,48,15,0,378,0,1,14,0,15,315,49,29,0,393,8,0,8,401
12/19/2018,ONT,CA,AWP,WE,Towers with Radar,298,44,5,0,347,0,2,30,0,32,298,46,35,0,379,8,0,8,387
12/20/2018,ONT,CA,AWP,WE,Towers with Radar,297,47,9,2,355,0,5,27,2,34,297,52,36,4,389,2,0,2,391
12/21/2018,ONT,CA,AWP,WE,Towers with Radar,297,47,13,0,357,0,1,9,0,10,297,48,22,0,367,15,0,15,382
12/22/2018,ONT,CA,AWP,WE,Towers with Radar,212,33,11,0,256,0,3,14,0,17,212,36,25,0,273,16,0,16,289
12/23/2018,ONT,CA,AWP,WE,Towers with Radar,180,5,4,0,189,0,0,15,0,15,180,5,19,0,204,8,0,8,212
12/24/2018,ONT,CA,AWP,WE,Towers with Radar,130,29,5,0,164,0,4,10,2,16,130,33,15,2,180,2,0,2,182
12/25/2018,ONT,CA,AWP,WE,Towers with Radar,105,6,2,0,113,0,1,10,0,11,105,7,12,0,124,0,0,0,124
12/26/2018,ONT,CA,AWP,WE,Towers with Radar,183,40,13,0,236,0,2,1,2,5,183,42,14,2,241,0,0,0,241
12/27/2018,ONT,CA,AWP,WE,Towers with Radar,237,41,12,0,290,0,1,10,1,12,237,42,22,1,302,12,0,12,314
12/28/2018,ONT,CA,AWP,WE,Towers with Radar,209,39,4,0,252,0,2,2,0,4,209,41,6,0,256,0,0,0,256
12/29/2018,ONT,CA,AWP,WE,Towers with Radar,153,28,2,0,183,0,4,1,0,5,153,32,3,0,188,0,0,0,188
12/30/2018,ONT,CA,AWP,WE,Towers with Radar,161,8,7,0,176,0,0,11,0,11,161,8,18,0,187,0,0,0,187
12/31/2018,ONT,CA,AWP,WE,Towers with Radar,143,25,2,0,170,0,0,8,0,8,143,25,10,0,178,7,0,7,185
01/01/2019,ONT,CA,AWP,WE,Towers with Radar,135,12,7,0,154,0,0,1,0,1,135,12,8,0,155,0,0,0,155
01/02/2019,ONT,CA,AWP,WE,Towers with Radar,200,40,5,0,245,0,2,13,0,15,200,42,18,0,260,0,0,0,260
01/03/2019,ONT,CA,AWP,WE,Towers with Radar,239,43,9,0,291,0,3,14,0,17,239,46,23,0,308,6,0,6,314
01/04/2019,ONT,CA,AWP,WE,Towers with Radar,193,48,11,0,252,0,2,22,0,24,193,50,33,0,276,2,0,2,278
01/05/2019,ONT,CA,AWP,WE,Towers with Radar,149,19,4,0,172,0,2,14,0,16,149,21,18,0,188,8,0,8,196
01/06/2019,ONT,CA,AWP,WE,Towers with Radar,145,5,8,0,158,0,0,8,0,8,145,5,16,0,166,2,0,2,168
01/07/2019,ONT,CA,AWP,WE,Towers with Radar,166,39,4,0,209,0,0,33,0,33,166,39,37,0,242,10,0,10,252
01/08/2019,ONT,CA,AWP,WE,Towers with Radar,219,48,11,0,278,0,3,38,1,42,219,51,49,1,320,28,0,28,348
01/09/2019,ONT,CA,AWP,WE,Towers with Radar,220,46,6,0,272,0,3,35,2,40,220,49,41,2,312,8,0,8,320
01/10/2019,ONT,CA,AWP,WE,Towers with Radar,215,45,12,0,272,0,3,9,3,15,215,48,21,3,287,0,0,0,287
01/11/2019,ONT,CA,AWP,WE,Towers with Radar,170,46,4,1,221,0,2,21,3,26,170,48,25,4,247,0,0,0,247
01/12/2019,ONT,CA,AWP,WE,Towers with Radar,124,33,15,0,172,0,0,4,0,4,124,33,19,0,176,0,0,0,176
01/13/2019,ONT,CA,AWP,WE,Towers with Radar,134,10,2,0,146,0,0,15,3,18,134,10,17,3,164,4,0,4,168
01/14/2019,ONT,CA,AWP,WE,Towers with Radar,167,34,8,0,209,0,0,16,0,16,167,34,24,0,225,10,0,10,235
01/15/2019,ONT,CA,AWP,WE,Towers with Radar,217,43,12,0,272,0,0,5,0,5,217,43,17,0,277,0,0,0,277
01/16/2019,ONT,CA,AWP,WE,Towers with Radar,210,45,7,0,262,0,0,3,0,3,210,45,10,0,265,0,0,0,265
01/17/2019,ONT,CA,AWP,WE,Towers with Radar,213,46,3,0,262,0,0,4,0,4,213,46,7,0,266,0,0,0,266
01/18/2019,ONT,CA,AWP,WE,Towers with Radar,176,34,8,0,218,0,1,37,1,39,176,35,45,1,257,76,0,76,333
01/19/2019,ONT,CA,AWP,WE,Towers with Radar,116,21,2,0,139,0,9,22,2,33,116,30,24,2,172,12,0,12,184
01/20/2019,ONT,CA,AWP,WE,Towers with Radar,131,14,3,0,148,0,0,22,0,22,131,14,25,0,170,2,0,2,172
01/21/2019,ONT,CA,AWP,WE,Towers with Radar,166,36,11,0,213,0,2,14,0,16,166,38,25,0,229,0,0,0,229
01/22/2019,ONT,CA,AWP,WE,Towers with Radar,223,46,22,0,291,0,3,20,0,23,223,49,42,0,314,0,0,0,314
01/23/2019,ONT,CA,AWP,WE,Towers with Radar,211,50,10,0,271,0,3,23,2,28,211,53,33,2,299,4,0,4,303
01/24/2019,ONT,CA,AWP,WE,Towers with Radar,211,45,16,0,272,0,2,11,0,13,211,47,27,0,285,16,0,16,301
01/25/2019,ONT,CA,AWP,WE,Towers with Radar,168,40,5,2,215,0,2,20,0,22,168,42,25,2,237,8,0,8,245
01/26/2019,ONT,CA,AWP,WE,Towers with Radar,119,25,1,0,145,0,1,6,0,7,119,26,7,0,152,0,0,0,152
01/27/2019,ONT,CA,AWP,WE,Towers with Radar,132,10,8,0,150,0,2,20,0,22,132,12,28,0,172,5,0,5,177
01/28/2019,ONT,CA,AWP,WE,Towers with Radar,158,34,7,0,199,0,0,31,0,31,158,34,38,0,230,14,0,14,244
01/29/2019,ONT,CA,AWP,WE,Towers with Radar,220,46,12,0,278,0,4,21,0,25,220,50,33,0,303,10,0,10,313
01/30/2019,ONT,CA,AWP,WE,Towers with Radar,211,51,11,2,275,0,3,11,1,15,211,54,22,3,290,0,0,0,290
01/31/2019,ONT,CA,AWP,WE,Towers with Radar,221,45,13,0,279,0,1,0,0,1,221,46,13,0,280,0,0,0,280
02/01/2019,ONT,CA,AWP,WE,Towers with Radar,176,40,11,0,227,0,2,26,4,32,176,42,37,4,259,38,0,38,297
02/02/2019,ONT,CA,AWP,WE,Towers with Radar,138,28,13,0,179,0,0,3,0,3,138,28,16,0,182,0,0,0,182
02/03/2019,ONT,CA,AWP,WE,Towers with Radar,132,15,14,0,161,0,0,0,0,0,132,15,14,0,161,0,0,0,161
02/04/2019,ONT,CA,AWP,WE,Towers with Radar,171,30,21,1,223,0,1,10,0,11,171,31,31,1,234,0,0,0,234
02/05/2019,ONT,CA,AWP,WE,Towers with Radar,222,44,11,0,277,0,1,2,0,3,222,45,13,0,280,0,0,0,280
02/06/2019,ONT,CA,AWP,WE,Towers with Radar,212,46,17,0,275,0,3,33,0,36,212,49,50,0,311,4,0,4,315
02/07/2019,ONT,CA,AWP,WE,Towers with Radar,208,43,15,0,266,0,3,21,1,25,208,46,36,1,291,0,0,0,291
02/08/2019,ONT,CA,AWP,WE,Towers with Radar,166,45,21,0,232,0,3,27,1,31,166,48,48,1,263,34,0,34,297
02/09/2019,ONT,CA,AWP,WE,Towers with Radar,125,27,2,0,154,0,1,16,0,17,125,28,18,0,171,37,0,37,208
02/10/2019,ONT,CA,AWP,WE,Towers with Radar,129,10,13,0,152,0,1,4,0,5,129,11,17,0,157,0,0,0,157
02/11/2019,ONT,CA,AWP,WE,Towers with Radar,161,33,11,0,205,0,3,14,0,17,161,36,25,0,222,16,0,16,238
02/12/2019,ONT,CA,AWP,WE,Towers with Radar,212,46,14,1,273,0,2,31,1,34,212,48,45,2,307,6,0,6,313
02/13/2019,ONT,CA,AWP,WE,Towers with Radar,218,42,13,0,273,0,1,8,0,9,218,43,21,0,282,0,0,0,282
02/14/2019,ONT,CA,AWP,WE,Towers with Radar,222,44,11,2,279,0,0,3,0,3,222,44,14,2,282,0,0,0,282
02/15/2019,ONT,CA,AWP,WE,Towers with Radar,171,39,18,0,228,0,1,22,0,23,171,40,40,0,251,0,0,0,251
02/16/2019,ONT,CA,AWP,WE,Towers with Radar,128,27,9,0,164,0,3,11,0,14,128,30,20,0,178,14,0,14,192
02/17/2019,ONT,CA,AWP,WE,Towers with Radar,131,9,4,0,144,0,0,6,0,6,131,9,10,0,150,2,0,2,152
02/18/2019,ONT,CA,AWP,WE,Towers with Radar,156,38,10,0,204,0,3,28,2,33,156,41,38,2,237,10,0,10,247
02/19/2019,ONT,CA,AWP,WE,Towers with Radar,213,42,2,0,257,0,2,28,2,32,213,44,30,2,289,0,0,0,289
02/20/2019,ONT,CA,AWP,WE,Towers with Radar,211,43,8,0,262,0,1,1,0,2,211,44,9,0,264,0,0,0,264
02/21/2019,ONT,CA,AWP,WE,Towers with Radar,203,40,8,0,251,0,6,3,0,9,203,46,11,0,260,0,0,0,260
02/22/2019,ONT,CA,AWP,WE,Towers with Radar,174,45,13,0,232,0,3,27,1,31,174,48,40,1,263,8,0,8,271
02/23/2019,ONT,CA,AWP,WE,Towers with Radar,121,24,11,0,156,0,4,13,0,17,121,28,24,0,173,14,0,14,187
02/24/2019,ONT,CA,AWP,WE,Towers with Radar,145,18,12,0,175,0,1,8,0,9,145,19,20,0,184,0,0,0,184
02/25/2019,ONT,CA,AWP,WE,Towers with Radar,163,32,4,2,201,0,0,27,0,27,163,32,31,2,228,36,0,36,264
02/26/2019,ONT,CA,AWP,WE,Towers with Radar,214,46,15,0,275,0,5,23,1,29,214,51,38,1,304,26,0,26,330
02/27/2019,ONT,CA,AWP,WE,Towers with Radar,211,50,8,0,269,0,3,14,0,17,211,53,22,0,286,0,0,0,286
02/28/2019,ONT,CA,AWP,WE,Towers with Radar,211,44,13,4,272,0,0,5,1,6,211,44,18,5,278,0,0,0,278
03/01/2019,ONT,CA,AWP,WE,Towers with Radar,184,44,16,0,244,0,0,15,1,16,184,44,31,1,260,6,0,6,266
03/02/2019,ONT,CA,AWP,WE,Towers with Radar,125,29,4,0,158,0,0,4,0,4,125,29,8,0,162,0,0,0,162
03/03/2019,ONT,CA,AWP,WE,Towers with Radar,143,7,7,0,157,0,0,3,2,5,143,7,10,2,162,0,0,0,162
03/04/2019,ONT,CA,AWP,WE,Towers with Radar,161,39,11,0,211,0,0,20,0,20,161,39,31,0,231,20,0,20,251
03/05/2019,ONT,CA,AWP,WE,Towers with Radar,215,39,8,0,262,0,3,17,0,20,215,42,25,0,282,0,0,0,282
03/06/2019,ONT,CA,AWP,WE,Towers with Radar,208,42,6,0,256,0,0,0,0,0,208,42,6,0,256,0,0,0,256
03/07/2019,ONT,CA,AWP,WE,Towers with Radar,210,40,14,0,264,0,3,4,0,7,210,43,18,0,271,0,0,0,271
03/08/2019,ONT,CA,AWP,WE,Towers with Radar,194,48,12,0,254,0,4,24,0,28,194,52,36,0,282,6,0,6,288
03/09/2019,ONT,CA,AWP,WE,Towers with Radar,127,29,5,0,161,0,1,20,0,21,127,30,25,0,182,18,0,18,200
03/10/2019,ONT,CA,AWP,WE,Towers with Radar,139,9,10,0,158,0,1,11,0,12,139,10,21,0,170,0,0,0,170
03/11/2019,ONT,CA,AWP,WE,Towers with Radar,165,29,15,1,210,0,0,6,0,6,165,29,21,1,216,0,0,0,216
03/12/2019,ONT,CA,AWP,WE,Towers with Radar,222,45,12,1,280,0,4,39,0,43,222,49,51,1,323,0,0,0,323
03/13/2019,ONT,CA,AWP,WE,Towers with Radar,201,36,14,0,251,0,4,21,2,27,201,40,35,2,278,10,0,10,288
03/14/2019,ONT,CA,AWP,WE,Towers with Radar,205,46,35,0,286,0,7,24,0,31,205,53,59,0,317,0,0,0,317
03/15/2019,ONT,CA,AWP,WE,Towers with Radar,174,38,21,2,235,0,5,9,1,15,174,43,30,3,250,0,0,0,250
03/16/2019,ONT,CA,AWP,WE,Towers with Radar,125,30,20,0,175,0,1,18,0,19,125,31,38,0,194,2,0,2,196
03/17/2019,ONT,CA,AWP,WE,Towers with Radar,141,14,45,0,200,0,0,38,2,40,141,14,83,2,240,0,0,0,240
03/18/2019,ONT,CA,AWP,WE,Towers with Radar,159,30,15,0,204,0,7,29,1,37,159,37,44,1,241,28,0,28,269
03/19/2019,ONT,CA,AWP,WE,Towers with Radar,220,39,16,1,276,0,4,26,1,31,220,43,42,2,307,46,0,46,353
03/20/2019,ONT,CA,AWP,WE,Towers with Radar,217,44,15,2,278,0,2,19,0,21,217,46,34,2,299,0,0,0,299
03/21/2019,ONT,CA,AWP,WE,Towers with Radar,215,50,14,2,281,0,1,9,2,12,215,51,23,4,293,0,0,0,293
03/22/2019,ONT,CA,AWP,WE,Towers with Radar,177,44,13,0,234,0,5,48,0,53,177,49,61,0,287,44,0,44,331
03/23/2019,ONT,CA,AWP,WE,Towers with Radar,128,28,4,0,160,0,1,15,0,16,128,29,19,0,176,22,0,22,198
03/24/2019,ONT,CA,AWP,WE,Towers with Radar,145,13,15,0,173,0,1,17,0,18,145,14,32,0,191,4,0,4,195
03/25/2019,ONT,CA,AWP,WE,Towers with Radar,163,31,7,1,202,0,1,43,0,44,163,32,50,1,246,0,0,0,246
03/26/2019,ONT,CA,AWP,WE,Towers with Radar,223,44,4,0,271,0,3,43,0,46,223,47,47,0,317,8,0,8,325
03/27/2019,ONT,CA,AWP,WE,Towers with Radar,206,47,9,0,262,0,2,20,2,24,206,49,29,2,286,18,0,18,304
03/28/2019,ONT,CA,AWP,WE,Towers with Radar,210,41,10,0,261,1,4,16,2,23,211,45,26,2,284,6,0,6,290
03/29/2019,ONT,CA,AWP,WE,Towers with Radar,175,42,2,2,221,0,4,18,0,22,175,46,20,2,243,24,0,24,267
03/30/2019,ONT,CA,AWP,WE,Towers with Radar,131,31,6,1,169,0,3,11,1,15,131,34,17,2,184,2,0,2,186
03/31/2019,ONT,CA,AWP,WE,Towers with Radar,153,12,8,0,173,0,0,12,0,12,153,12,20,0,185,0,0,0,185
04/01/2019,ONT,CA,AWP,WE,Towers with Radar,165,32,3,0,200,0,1,14,0,15,165,33,17,0,215,0,0,0,215
04/02/2019,ONT,CA,AWP,WE,Towers with Radar,222,42,9,0,273,0,5,22,0,27,222,47,31,0,300,6,0,6,306
04/03/2019,ONT,CA,AWP,WE,Towers with Radar,217,41,11,0,269,0,1,18,1,20,217,42,29,1,289,27,0,27,316
04/04/2019,ONT,CA,AWP,WE,Towers with Radar,219,48,23,0,290,0,1,22,0,23,219,49,45,0,313,14,0,14,327
04/05/2019,ONT,CA,AWP,WE,Towers with Radar,177,50,18,0,245,0,1,29,0,30,177,51,47,0,275,42,0,42,317
04/06/2019,ONT,CA,AWP,WE,Towers with Radar,134,28,5,0,167,0,0,15,0,15,134,28,20,0,182,2,0,2,184
04/07/2019,ONT,CA,AWP,WE,Towers with Radar,147,8,8,0,163,0,0,11,0,11,147,8,19,0,174,14,0,14,188
04/08/2019,ONT,CA,AWP,WE,Towers with Radar,177,31,10,1,219,0,1,10,1,12,177,32,20,2,231,0,0,0,231
04/09/2019,ONT,CA,AWP,WE,Towers with Radar,239,48,10,2,299,0,5,28,0,33,239,53,38,2,332,0,0,0,332
04/10/2019,ONT,CA,AWP,WE,Towers with Radar,228,38,11,2,279,0,3,21,1,25,228,41,32,3,304,27,0,27,331
04/11/2019,ONT,CA,AWP,WE,Towers with Radar,219,46,5,0,270,0,3,20,0,23,219,49,25,0,293,26,0,26,319
04/12/2019,ONT,CA,AWP,WE,Towers with Radar,190,39,11,0,240,0,5,15,0,20,190,44,26,0,260,0,0,0,260
04/13/2019,ONT,CA,AWP,WE,Towers with Radar,123,27,6,0,156,0,5,22,0,27,123,32,28,0,183,45,0,45,228
04/14/2019,ONT,CA,AWP,WE,Towers with Radar,154,13,11,0,178,0,4,12,0,16,154,17,23,0,194,0,0,0,194
04/15/2019,ONT,CA,AWP,WE,Towers with Radar,172,37,9,0,218,0,9,23,0,32,172,46,32,0,250,18,0,18,268
04/16/2019,ONT,CA,AWP,WE,Towers with Radar,229,48,19,0,296,0,0,14,0,14,229,48,33,0,310,18,0,18,328
04/17/2019,ONT,CA,AWP,WE,Towers with Radar,226,58,18,0,302,0,7,7,0,14,226,65,25,0,316,14,0,14,330
04/18/2019,ONT,CA,AWP,WE,Towers with Radar,225,41,7,0,273,0,7,22,0,29,225,48,29,0,302,2,0,2,304
04/19/2019,ONT,CA,AWP,WE,Towers with Radar,184,33,5,0,222,0,6,17,1,24,184,39,22,1,246,32,0,32,278
04/20/2019,ONT,CA,AWP,WE,Towers with Radar,128,25,1,0,154,0,1,4,1,6,128,26,5,1,160,0,0,0,160
04/21/2019,ONT,CA,AWP,WE,Towers with Radar,152,4,0,0,156,0,1,3,0,4,152,5,3,0,160,0,0,0,160
04/22/2019,ONT,CA,AWP,WE,Towers with Radar,178,30,10,0,218,0,4,15,0,19,178,34,25,0,237,12,0,12,249
04/23/2019,ONT,CA,AWP,WE,Towers with Radar,233,42,3,0,278,0,5,28,0,33,233,47,31,0,311,0,0,0,311
04/24/2019,ONT,CA,AWP,WE,Towers with Radar,230,45,7,2,284,0,6,17,0,23,230,51,24,2,307,13,0,13,320
04/25/2019,ONT,CA,AWP,WE,Towers with Radar,230,48,22,2,302,0,5,15,0,20,230,53,37,2,322,22,0,22,344
04/26/2019,ONT,CA,AWP,WE,Towers with Radar,189,41,9,0,239,0,7,19,1,27,189,48,28,1,266,8,0,8,274
04/27/2019,ONT,CA,AWP,WE,Towers with Radar,135,28,10,0,173,0,0,13,0,13,135,28,23,0,186,6,0,6,192
04/28/2019,ONT,CA,AWP,WE,Towers with Radar,166,11,13,0,190,0,2,13,0,15,166,13,26,0,205,4,0,4,209
04/29/2019,ONT,CA,AWP,WE,Towers with Radar,186,29,10,0,225,0,0,12,0,12,186,29,22,0,237,0,0,0,237
04/30/2019,ONT,CA,AWP,WE,Towers with Radar,231,51,18,0,300,0,2,21,0,23,231,53,39,0,323,28,0,28,351
05/01/2019,ONT,CA,AWP,WE,Towers with Radar,231,52,6,0,289,0,3,16,1,20,231,55,22,1,309,0,0,0,309
05/02/2019,ONT,CA,AWP,WE,Towers with Radar,224,50,11,2,287,0,5,21,1,27,224,55,32,3,314,8,0,8,322
05/03/2019,ONT,CA,AWP,WE,Towers with Radar,194,47,22,0,263,0,7,22,1,30,194,54,44,1,293,0,0,0,293
05/04/2019,ONT,CA,AWP,WE,Towers with Radar,130,29,7,0,166,0,4,12,2,18,130,33,19,2,184,0,0,0,184
05/05/2019,ONT,CA,AWP,WE,Towers with Radar,162,9,6,0,177,0,0,1,0,1,162,9,7,0,178,0,0,0,178
05/06/2019,ONT,CA,AWP,WE,Towers with Radar,184,30,6,0,220,0,1,15,0,16,184,31,21,0,236,0,0,0,236
05/07/2019,ONT,CA,AWP,WE,Towers with Radar,229,46,16,0,291,0,0,18,0,18,229,46,34,0,309,0,0,0,309
05/08/2019,ONT,CA,AWP,WE,Towers with Radar,220,44,13,0,277,0,1,9,1,11,220,45,22,1,288,8,0,8,296
05/09/2019,ONT,CA,AWP,WE,Towers with Radar,233,44,11,5,293,0,0,15,0,15,233,44,26,5,308,10,0,10,318
05/10/2019,ONT,CA,AWP,WE,Towers with Radar,197,40,15,2,254,0,0,1,0,1,197,40,16,2,255,11,0,11,266
05/11/2019,ONT,CA,AWP,WE,Towers with Radar,136,34,6,0,176,0,2,16,0,18,136,36,22,0,194,26,0,26,220
05/12/2019,ONT,CA,AWP,WE,Towers with Radar,164,8,7,0,179,0,1,27,0,28,164,9,34,0,207,16,0,16,223
05/13/2019,ONT,CA,AWP,WE,Towers with Radar,187,38,8,0,233,0,3,18,0,21,187,41,26,0,254,25,0,25,279
05/14/2019,ONT,CA,AWP,WE,Towers with Radar,234,49,9,0,292,0,5,22,0,27,234,54,31,0,319,18,0,18,337
05/15/2019,ONT,CA,AWP,WE,Towers with Radar,226,54,11,0,291,0,4,8,2,14,226,58,19,2,305,22,0,22,327
05/16/2019,ONT,CA,AWP,WE,Towers with Radar,233,43,9,0,285,0,1,7,2,10,233,44,16,2,295,22,0,22,317
05/17/2019,ONT,CA,AWP,WE,Towers with Radar,198,43,11,4,256,0,11,23,1,35,198,54,34,5,291,10,0,10,301
05/18/2019,ONT,CA,AWP,WE,Towers with Radar,126,24,11,0,161,0,9,16,0,25,126,33,27,0,186,40,0,40,226
05/19/2019,ONT,CA,AWP,WE,Towers with Radar,157,9,9,0,175,0,0,10,0,10,157,9,19,0,185,0,0,0,185
05/20/2019,ONT,CA,AWP,WE,Towers with Radar,174,35,14,2,225,0,7,16,0,23,174,42,30,2,248,55,0,55,303
05/21/2019,ONT,CA,AWP,WE,Towers with Radar,230,45,12,0,287,0,2,13,0,15,230,47,25,0,302,0,0,0,302
05/22/2019,ONT,CA,AWP,WE,Towers with Radar,225,43,12,0,280,0,6,9,0,15,225,49,21,0,295,0,0,0,295
05/23/2019,ONT,CA,AWP,WE,Towers with Radar,229,43,16,0,288,0,0,7,0,7,229,43,23,0,295,18,0,18,313
05/24/2019,ONT,CA,AWP,WE,Towers with Radar,202,39,11,0,252,0,5,37,0,42,202,44,48,0,294,44,0,44,338
05/25/2019,ONT,CA,AWP,WE,Towers with Radar,139,26,1,0,166,0,3,12,0,15,139,29,13,0,181,24,0,24,205
05/26/2019,ONT,CA,AWP,WE,Towers with Radar,137,6,11,0,154,0,0,4,0,4,137,6,15,0,158,0,0,0,158
05/27/2019,ONT,CA,AWP,WE,Towers with Radar,153,8,6,0,167,0,1,10,0,11,153,9,16,0,178,14,0,14,192
05/28/2019,ONT,CA,AWP,WE,Towers with Radar,177,29,5,0,211,0,2,22,0,24,177,31,27,0,235,88,0,88,323
05/29/2019,ONT,CA,AWP,WE,Towers with Radar,231,39,14,2,286,0,5,23,2,30,231,44,37,4,316,8,0,8,324
05/30/2019,ONT,CA,AWP,WE,Towers with Radar,239,42,6,0,287,0,7,15,3,25,239,49,21,3,312,0,0,0,312
05/31/2019,ONT,CA,AWP,WE,Towers with Radar,199,43,4,0,246,0,7,6,0,13,199,50,10,0,259,18,0,18,277
06/01/2019,ONT,CA,AWP,WE,Towers with Radar,140,29,6,0,175,0,1,8,0,9,140,30,14,0,184,16,0,16,200
06/02/2019,ONT,CA,AWP,WE,Towers with Radar,155,11,15,0,181,0,0,5,0,5,155,11,20,0,186,10,0,10,196
06/03/2019,ONT,CA,AWP,WE,Towers with Radar,188,30,19,0,237,0,5,10,0,15,188,35,29,0,252,15,0,15,267
06/04/2019,ONT,CA,AWP,WE,Towers with Radar,230,38,12,0,280,0,7,12,0,19,230,45,24,0,299,38,0,38,337
06/05/2019,ONT,CA,AWP,WE,Towers with Radar,226,43,10,0,279,0,9,14,1,24,226,52,24,1,303,34,0,34,337
06/06/2019,ONT,CA,AWP,WE,Towers with Radar,230,43,32,6,311,0,6,16,0,22,230,49,48,6,333,24,0,24,357
06/07/2019,ONT,CA,AWP,WE,Towers with Radar,194,46,16,0,256,0,5,10,0,15,194,51,26,0,271,36,0,36,307
06/08/2019,ONT,CA,AWP,WE,Towers with Radar,139,29,5,0,173,0,0,9,0,9,139,29,14,0,182,0,0,0,182
06/09/2019,ONT,CA,AWP,WE,Towers with Radar,156,14,6,0,176,0,0,10,0,10,156,14,16,0,186,22,0,22,208
06/10/2019,ONT,CA,AWP,WE,Towers with Radar,196,39,19,0,254,0,3,22,0,25,196,42,41,0,279,4,0,4,283
06/11/2019,ONT,CA,AWP,WE,Towers with Radar,244,48,6,0,298,0,10,12,0,22,244,58,18,0,320,16,0,16,336
06/12/2019,ONT,CA,AWP,WE,Towers with Radar,243,44,11,0,298,0,7,12,1,20,243,51,23,1,318,8,0,8,326
06/13/2019,ONT,CA,AWP,WE,Towers with Radar,239,38,13,1,291,0,6,24,0,30,239,44,37,1,321,34,0,34,355
06/14/2019,ONT,CA,AWP,WE,Towers with Radar,208,42,10,0,260,0,5,16,0,21,208,47,26,0,281,80,0,80,361
06/15/2019,ONT,CA,AWP,WE,Towers with Radar,149,34,4,0,187,0,4,9,0,13,149,38,13,0,200,2,0,2,202
06/16/2019,ONT,CA,AWP,WE,Towers with Radar,158,11,9,0,178,0,3,1,0,4,158,14,10,0,182,13,0,13,195
06/17/2019,ONT,CA,AWP,WE,Towers with Radar,195,29,15,1,240,0,4,9,0,13,195,33,24,1,253,38,0,38,291
06/18/2019,ONT,CA,AWP,WE,Towers with Radar,247,40,18,2,307,1,7,5,0,13,248,47,23,2,320,0,0,0,320
06/19/2019,ONT,CA,AWP,WE,Towers with Radar,242,35,8,1,286,0,7,31,1,39,242,42,39,2,325,64,0,64,389
06/20/2019,ONT,CA,AWP,WE,Towers with Radar,243,44,15,0,302,0,3,10,1,14,243,47,25,1,316,2,0,2,318
06/21/2019,ONT,CA,AWP,WE,Towers with Radar,206,41,19,1,267,0,0,17,0,17,206,41,36,1,284,38,0,38,322
06/22/2019,ONT,CA,AWP,WE,Towers with Radar,152,34,4,0,190,0,0,9,0,9,152,34,13,0,199,6,0,6,205
06/23/2019,ONT,CA,AWP,WE,Towers with Radar,155,12,9,0,176,0,0,11,0,11,155,12,20,0,187,4,0,4,191
06/24/2019,ONT,CA,AWP,WE,Towers with Radar,192,31,18,0,241,0,2,26,0,28,192,33,44,0,269,0,0,0,269
06/25/2019,ONT,CA,AWP,WE,Towers with Radar,240,39,24,0,303,0,3,20,0,23,240,42,44,0,326,12,0,12,338
06/26/2019,ONT,CA,AWP,WE,Towers with Radar,242,45,20,0,307,0,4,7,1,12,242,49,27,1,319,0,0,0,319
06/27/2019,ONT,CA,AWP,WE,Towers with Radar,242,42,11,2,297,0,3,18,0,21,242,45,29,2,318,25,0,25,343
06/28/2019,ONT,CA,AWP,WE,Towers with Radar,208,41,8,0,257,0,4,22,1,27,208,45,30,1,284,26,0,26,310
06/29/2019,ONT,CA,AWP,WE,Towers with Radar,160,32,3,0,195,0,3,12,0,15,160,35,15,0,210,48,0,48,258
06/30/2019,ONT,CA,AWP,WE,Towers with Radar,163,18,7,0,188,0,2,26,0,28,163,20,33,0,216,10,0,10,226
07/01/2019,ONT,CA,AWP,WE,Towers with Radar,185,33,13,0,231,0,4,12,0,16,185,37,25,0,247,2,0,2,249
07/02/2019,ONT,CA,AWP,WE,Towers with Radar,236,38,4,0,278,0,6,13,1,20,236,44,17,1,298,12,0,12,310
07/03/2019,ONT,CA,AWP,WE,Towers with Radar,220,37,20,2,279,0,10,17,0,27,220,47,37,2,306,20,0,20,326
07/04/2019,ONT,CA,AWP,WE,Towers with Radar,114,11,5,0,130,0,2,14,0,16,114,13,19,0,146,4,0,4,150
07/05/2019,ONT,CA,AWP,WE,Towers with Radar,153,42,5,0,200,0,5,4,1,10,153,47,9,1,210,6,0,6,216
07/06/2019,ONT,CA,AWP,WE,Towers with Radar,144,29,6,0,179,0,2,12,2,16,144,31,18,2,195,14,0,14,209
07/07/2019,ONT,CA,AWP,WE,Towers with Radar,168,7,9,0,184,0,0,12,0,12,168,7,21,0,196,18,0,18,214
07/08/2019,ONT,CA,AWP,WE,Towers with Radar,195,32,6,0,233,0,2,19,0,21,195,34,25,0,254,14,0,14,268
07/09/2019,ONT,CA,AWP,WE,Towers with Radar,245,42,5,4,296,0,7,15,0,22,245,49,20,4,318,2,0,2,320
07/10/2019,ONT,CA,AWP,WE,Towers with Radar,247,45,14,0,306,0,4,11,1,16,247,49,25,1,322,10,0,10,332
07/11/2019,ONT,CA,AWP,WE,Towers with Radar,247,41,10,1,299,0,6,22,0,28,247,47,32,1,327,44,0,44,371
07/12/2019,ONT,CA,AWP,WE,Towers with Radar,212,45,8,0,265,0,6,26,2,34,212,51,34,2,299,22,0,22,321
07/13/2019,ONT,CA,AWP,WE,Towers with Radar,153,42,6,0,201,0,4,16,1,21,153,46,22,1,222,31,0,31,253
07/14/2019,ONT,CA,AWP,WE,Towers with Radar,169,9,3,0,181,0,0,6,0,6,169,9,9,0,187,0,0,0,187
07/15/2019,ONT,CA,AWP,WE,Towers with Radar,195,36,7,0,238,0,11,14,0,25,195,47,21,0,263,20,0,20,283
07/16/2019,ONT,CA,AWP,WE,Towers with Radar,251,38,8,0,297,0,8,22,0,30,251,46,30,0,327,18,0,18,345
07/17/2019,ONT,CA,AWP,WE,Towers with Radar,248,45,9,1,303,0,6,18,1,25,248,51,27,2,328,24,0,24,352
07/18/2019,ONT,CA,AWP,WE,Towers with Radar,258,39,6,0,303,0,6,11,0,17,258,45,17,0,320,0,0,0,320
07/19/2019,ONT,CA,AWP,WE,Towers with Radar,213,38,3,0,254,0,4,9,0,13,213,42,12,0,267,0,0,0,267
07/20/2019,ONT,CA,AWP,WE,Towers with Radar,153,34,5,0,192,0,5,11,0,16,153,39,16,0,208,0,0,0,208
07/21/2019,ONT,CA,AWP,WE,Towers with Radar,162,8,9,0,179,0,3,8,0,11,162,11,17,0,190,8,0,8,198
07/22/2019,ONT,CA,AWP,WE,Towers with Radar,197,38,5,0,240,0,2,8,0,10,197,40,13,0,250,0,0,0,250
07/23/2019,ONT,CA,AWP,WE,Towers with Radar,251,47,7,2,307,0,5,22,0,27,251,52,29,2,334,14,0,14,348
07/24/2019,ONT,CA,AWP,WE,Towers with Radar,244,41,7,0,292,0,7,12,0,19,244,48,19,0,311,27,0,27,338
07/25/2019,ONT,CA,AWP,WE,Towers with Radar,245,40,9,0,294,0,6,9,0,15,245,46,18,0,309,10,0,10,319
07/26/2019,ONT,CA,AWP,WE,Towers with Radar,205,40,9,0,254,0,8,9,0,17,205,48,18,0,271,8,0,8,279
07/27/2019,ONT,CA,AWP,WE,Towers with Radar,147,25,3,3,178,0,5,12,1,18,147,30,15,4,196,28,0,28,224
07/28/2019,ONT,CA,AWP,WE,Towers with Radar,168,12,5,0,185,0,0,8,0,8,168,12,13,0,193,0,0,0,193
07/29/2019,ONT,CA,AWP,WE,Towers with Radar,188,27,10,1,226,0,3,20,0,23,188,30,30,1,249,3,0,3,252
07/30/2019,ONT,CA,AWP,WE,Towers with Radar,248,39,11,0,298,0,5,15,0,20,248,44,26,0,318,8,0,8,326
07/31/2019,ONT,CA,AWP,WE,Towers with Radar,250,43,13,0,306,0,5,26,1,32,250,48,39,1,338,16,0,16,354
08/01/2019,ONT,CA,AWP,WE,Towers with Radar,238,44,5,0,287,0,5,31,0,36,238,49,36,0,323,55,0,55,378
08/02/2019,ONT,CA,AWP,WE,Towers with Radar,219,35,17,0,271,0,8,14,0,22,219,43,31,0,293,8,0,8,301
08/03/2019,ONT,CA,AWP,WE,Towers with Radar,155,32,6,0,193,0,3,16,0,19,155,35,22,0,212,20,0,20,232
08/04/2019,ONT,CA,AWP,WE,Towers with Radar,165,11,5,1,182,0,1,5,0,6,165,12,10,1,188,2,0,2,190
08/05/2019,ONT,CA,AWP,WE,Towers with Radar,195,32,7,2,236,0,1,8,0,9,195,33,15,2,245,0,0,0,245
08/06/2019,ONT,CA,AWP,WE,Towers with Radar,264,42,8,1,315,0,8,14,0,22,264,50,22,1,337,0,0,0,337
08/07/2019,ONT,CA,AWP,WE,Towers with Radar,250,44,7,1,302,0,6,12,0,18,250,50,19,1,320,14,0,14,334
08/08/2019,ONT,CA,AWP,WE,Towers with Radar,250,42,10,5,307,0,5,15,0,20,250,47,25,5,327,0,0,0,327
08/09/2019,ONT,CA,AWP,WE,Towers with Radar,226,46,9,2,283,0,5,22,1,28,226,51,31,3,311,23,0,23,334
08/10/2019,ONT,CA,AWP,WE,Towers with Radar,150,25,5,1,181,0,3,17,0,20,150,28,22,1,201,56,0,56,257
08/11/2019,ONT,CA,AWP,WE,Towers with Radar,165,14,5,0,184,0,0,18,0,18,165,14,23,0,202,22,0,22,224
08/12/2019,ONT,CA,AWP,WE,Towers with Radar,204,34,9,2,249,0,2,13,0,15,204,36,22,2,264,2,0,2,266
08/13/2019,ONT,CA,AWP,WE,Towers with Radar,253,46,12,2,313,0,7,24,0,31,253,53,36,2,344,35,0,35,379
08/14/2019,ONT,CA,AWP,WE,Towers with Radar,247,42,11,0,300,0,7,31,0,38,247,49,42,0,338,14,0,14,352
08/15/2019,ONT,CA,AWP,WE,Towers with Radar,247,48,7,0,302,0,9,18,1,28,247,57,25,1,330,0,0,0,330
08/16/2019,ONT,CA,AWP,WE,Towers with Radar,218,43,5,1,267,0,7,11,0,18,218,50,16,1,285,0,0,0,285
08/17/2019,ONT,CA,AWP,WE,Towers with Radar,140,28,2,2,172,0,1,12,2,15,140,29,14,4,187,4,0,4,191
08/18/2019,ONT,CA,AWP,WE,Towers with Radar,172,9,4,0,185,1,1,16,0,18,173,10,20,0,203,25,0,25,228
08/19/2019,ONT,CA,AWP,WE,Towers with Radar,198,30,9,3,240,0,3,13,2,18,198,33,22,5,258,10,0,10,268
08/20/2019,ONT,CA,AWP,WE,Towers with Radar,249,40,11,0,300,0,7,21,0,28,249,47,32,0,328,8,0,8,336
08/21/2019,ONT,CA,AWP,WE,Towers with Radar,254,41,12,0,307,0,6,22,0,28,254,47,34,0,335,14,0,14,349
08/22/2019,ONT,CA,AWP,WE,Towers with Radar,248,47,4,4,303,0,5,17,0,22,248,52,21,4,325,52,0,52,377
08/23/2019,ONT,CA,AWP,WE,Towers with Radar,212,43,10,0,265,0,3,12,0,15,212,46,22,0,280,0,0,0,280
08/24/2019,ONT,CA,AWP,WE,Towers with Radar,141,25,7,0,173,0,6,4,0,10,141,31,11,0,183,6,0,6,189
08/25/2019,ONT,CA,AWP,WE,Towers with Radar,160,13,6,0,179,0,0,8,0,8,160,13,14,0,187,7,0,7,194
08/26/2019,ONT,CA,AWP,WE,Towers with Radar,193,32,13,1,239,0,1,26,0,27,193,33,39,1,266,83,0,83,349
08/27/2019,ONT,CA,AWP,WE,Towers with Radar,241,47,14,0,302,0,9,25,0,34,241,56,39,0,336,38,0,38,374
08/28/2019,ONT,CA,AWP,WE,Towers with Radar,241,40,16,0,297,0,6,26,0,32,241,46,42,0,329,16,0,16,345
08/29/2019,ONT,CA,AWP,WE,Towers with Radar,236,43,13,0,292,0,8,14,2,24,236,51,27,2,316,23,0,23,339
08/30/2019,ONT,CA,AWP,WE,Towers with Radar,205,41,16,1,263,0,5,19,0,24,205,46,35,1,287,3,0,3,290
08/31/2019,ONT,CA,AWP,WE,Towers with Radar,137,26,6,0,169,0,4,19,0,23,137,30,25,0,192,0,0,0,192
09/01/2019,ONT,CA,AWP,WE,Towers with Radar,148,8,10,1,167,0,0,13,0,13,148,8,23,1,180,6,0,6,186
09/02/2019,ONT,CA,AWP,WE,Towers with Radar,153,12,6,0,171,0,0,21,0,21,153,12,27,0,192,28,0,28,220
09/03/2019,ONT,CA,AWP,WE,Towers with Radar,194,29,0,0,223,0,2,20,0,22,194,31,20,0,245,48,0,48,293
09/04/2019,ONT,CA,AWP,WE,Towers with Radar,252,35,5,1,293,1,7,17,2,27,253,42,22,3,320,10,0,10,330
09/05/2019,ONT,CA,AWP,WE,Towers with Radar,246,42,10,2,300,0,6,14,0,20,246,48,24,2,320,0,0,0,320
09/06/2019,ONT,CA,AWP,WE,Towers with Radar,209,38,4,0,251,0,5,22,2,29,209,43,26,2,280,0,0,0,280
09/07/2019,ONT,CA,AWP,WE,Towers with Radar,140,21,6,0,167,0,4,7,0,11,140,25,13,0,178,16,0,16,194
09/08/2019,ONT,CA,AWP,WE,Towers with Radar,165,1,3,0,169,0,0,10,0,10,165,1,13,0,179,0,0,0,179
09/09/2019,ONT,CA,AWP,WE,Towers with Radar,209,25,9,2,245,0,3,22,0,25,209,28,31,2,270,18,0,18,288
09/10/2019,ONT,CA,AWP,WE,Towers with Radar,259,43,8,2,312,0,5,12,0,17,259,48,20,2,329,26,0,26,355
09/11/2019,ONT,CA,AWP,WE,Towers with Radar,252,37,7,1,297,0,6,11,1,18,252,43,18,2,315,8,0,8,323
09/12/2019,ONT,CA,AWP,WE,Towers with Radar,252,38,6,4,300,0,4,20,1,25,252,42,26,5,325,0,0,0,325
09/13/2019,ONT,CA,AWP,WE,Towers with Radar,226,42,10,1,279,0,7,19,1,27,226,49,29,2,306,0,0,0,306
09/14/2019,ONT,CA,AWP,WE,Towers with Radar,155,28,8,0,191,0,4,13,1,18,155,32,21,1,209,7,0,7,216
09/15/2019,ONT,CA,AWP,WE,Towers with Radar,169,9,6,0,184,0,0,19,0,19,169,9,25,0,203,2,0,2,205
09/16/2019,ONT,CA,AWP,WE,Towers with Radar,204,31,8,0,243,0,4,12,2,18,204,35,20,2,261,18,0,18,279
09/17/2019,ONT,CA,AWP,WE,Towers with Radar,267,43,11,2,323,0,4,13,0,17,267,47,24,2,340,18,0,18,358
09/18/2019,ONT,CA,AWP,WE,Towers with Radar,253,40,7,0,300,0,6,25,1,32,253,46,32,1,332,0,0,0,332
09/19/2019,ONT,CA,AWP,WE,Towers with Radar,250,41,10,2,303,0,5,11,0,16,250,46,21,2,319,0,0,0,319
09/20/2019,ONT,CA,AWP,WE,Towers with Radar,210,47,12,0,269,0,3,17,1,21,210,50,29,1,290,0,0,0,290
09/21/2019,ONT,CA,AWP,WE,Towers with Radar,152,29,7,0,188,0,3,13,1,17,152,32,20,1,205,10,0,10,215
09/22/2019,ONT,CA,AWP,WE,Towers with Radar,167,13,4,0,184,0,0,12,0,12,167,13,16,0,196,16,0,16,212
09/23/2019,ONT,CA,AWP,WE,Towers with Radar,194,28,4,0,226,1,5,32,0,38,195,33,36,0,264,95,0,95,359
09/24/2019,ONT,CA,AWP,WE,Towers with Radar,269,39,6,0,314,0,4,22,1,27,269,43,28,1,341,13,0,13,354
09/25/2019,ONT,CA,AWP,WE,Towers with Radar,250,41,8,2,301,0,8,29,0,37,250,49,37,2,338,8,0,8,346
09/26/2019,ONT,CA,AWP,WE,Towers with Radar,249,47,11,0,307,0,1,9,0,10,249,48,20,0,317,0,0,0,317
09/27/2019,ONT,CA,AWP,WE,Towers with Radar,210,51,18,0,279,0,2,11,0,13,210,53,29,0,292,5,0,5,297
09/28/2019,ONT,CA,AWP,WE,Towers with Radar,142,30,6,0,178,0,0,5,0,5,142,30,11,0,183,4,0,4,187
09/29/2019,ONT,CA,AWP,WE,Towers with Radar,169,8,8,0,185,0,0,9,0,9,169,8,17,0,194,34,0,34,228
09/30/2019,ONT,CA,AWP,WE,Towers with Radar,201,35,8,0,244,0,5,21,0,26,201,40,29,0,270,32,0,32,302
10/01/2019,ONT,CA,AWP,WE,Towers with Radar,253,45,8,0,306,0,4,20,0,24,253,49,28,0,330,38,0,38,368
10/02/2019,ONT,CA,AWP,WE,Towers with Radar,247,42,13,0,302,0,6,25,0,31,247,48,38,0,333,0,0,0,333
10/03/2019,ONT,CA,AWP,WE,Towers with Radar,246,38,19,0,303,0,4,33,0,37,246,42,52,0,340,10,0,10,350
10/04/2019,ONT,CA,AWP,WE,Towers with Radar,215,40,19,2,276,0,8,29,2,39,215,48,48,4,315,8,0,8,323
10/05/2019,ONT,CA,AWP,WE,Towers with Radar,144,25,8,0,177,0,5,10,0,15,144,30,18,0,192,0,0,0,192
10/06/2019,ONT,CA,AWP,WE,Towers with Radar,172,8,11,0,191,0,2,11,0,13,172,10,22,0,204,12,0,12,216
10/07/2019,ONT,CA,AWP,WE,Towers with Radar,200,25,7,1,233,0,2,23,1,26,200,27,30,2,259,50,0,50,309
10/08/2019,ONT,CA,AWP,WE,Towers with Radar,260,39,6,0,305,0,4,36,2,42,260,43,42,2,347,50,0,50,397
10/09/2019,ONT,CA,AWP,WE,Towers with Radar,260,43,12,0,315,0,3,10,0,13,260,46,22,0,328,4,0,4,332
10/10/2019,ONT,CA,AWP,WE,Towers with Radar,254,35,3,2,294,0,3,8,0,11,254,38,11,2,305,0,0,0,305
10/11/2019,ONT,CA,AWP,WE,Towers with Radar,221,34,11,1,267,0,6,8,0,14,221,40,19,1,281,18,0,18,299
10/12/2019,ONT,CA,AWP,WE,Towers with Radar,147,24,8,0,179,0,7,12,1,20,147,31,20,1,199,8,0,8,207
10/13/2019,ONT,CA,AWP,WE,Towers with Radar,173,9,6,0,188,0,4,4,0,8,173,13,10,0,196,0,0,0,196
10/14/2019,ONT,CA,AWP,WE,Towers with Radar,207,24,5,0,236,0,6,16,0,22,207,30,21,0,258,44,0,44,302
10/15/2019,ONT,CA,AWP,WE,Towers with Radar,267,36,5,0,308,0,5,24,0,29,267,41,29,0,337,30,0,30,367
10/16/2019,ONT,CA,AWP,WE,Towers with Radar,254,43,14,0,311,0,8,22,0,30,254,51,36,0,341,2,0,2,343
10/17/2019,ONT,CA,AWP,WE,Towers with Radar,255,39,12,0,306,0,3,8,2,13,255,42,20,2,319,2,0,2,321
10/18/2019,ONT,CA,AWP,WE,Towers with Radar,220,38,12,0,270,0,5,20,0,25,220,43,32,0,295,0,0,0,295
10/19/2019,ONT,CA,AWP,WE,Towers with Radar,154,22,5,0,181,0,3,14,0,17,154,25,19,0,198,12,0,12,210
10/20/2019,ONT,CA,AWP,WE,Towers with Radar,171,15,9,0,195,0,0,9,0,9,171,15,18,0,204,15,0,15,219
10/21/2019,ONT,CA,AWP,WE,Towers with Radar,210,25,10,2,247,0,2,20,0,22,210,27,30,2,269,5,0,5,274
10/22/2019,ONT,CA,AWP,WE,Towers with Radar,261,38,10,0,309,0,10,17,0,27,261,48,27,0,336,3,0,3,339
10/23/2019,ONT,CA,AWP,WE,Towers with Radar,266,37,8,0,311,0,7,11,1,19,266,44,19,1,330,0,0,0,330
10/24/2019,ONT,CA,AWP,WE,Towers with Radar,254,40,4,0,298,0,5,16,0,21,254,45,20,0,319,0,0,0,319
10/25/2019,ONT,CA,AWP,WE,Towers with Radar,224,38,10,0,272,0,4,12,0,16,224,42,22,0,288,20,0,20,308
10/26/2019,ONT,CA,AWP,WE,Towers with Radar,153,22,4,0,179,0,4,8,0,12,153,26,12,0,191,2,0,2,193
10/27/2019,ONT,CA,AWP,WE,Towers with Radar,184,13,1,0,198,0,0,7,0,7,184,13,8,0,205,26,0,26,231
10/28/2019,ONT,CA,AWP,WE,Towers with Radar,205,28,4,0,237,0,3,12,0,15,205,31,16,0,252,22,0,22,274
10/29/2019,ONT,CA,AWP,WE,Towers with Radar,246,41,9,0,296,0,6,8,0,14,246,47,17,0,310,0,0,0,310
10/30/2019,ONT,CA,AWP,WE,Towers with Radar,249,42,5,0,296,0,4,9,1,14,249,46,14,1,310,0,0,0,310
10/31/2019,ONT,CA,AWP,WE,Towers with Radar,241,41,7,0,289,0,5,21,0,26,241,46,28,0,315,8,0,8,323
11/01/2019,ONT,CA,AWP,WE,Towers with Radar,207,43,11,0,261,0,4,13,0,17,207,47,24,0,278,10,0,10,288
11/02/2019,ONT,CA,AWP,WE,Towers with Radar,144,29,13,0,186,0,2,20,0,22,144,31,33,0,208,56,0,56,264
11/03/2019,ONT,CA,AWP,WE,Towers with Radar,174,14,17,0,205,0,0,13,0,13,174,14,30,0,218,0,0,0,218
11/04/2019,ONT,CA,AWP,WE,Towers with Radar,208,42,4,0,254,0,0,13,0,13,208,42,17,0,267,0,0,0,267
11/05/2019,ONT,CA,AWP,WE,Towers with Radar,263,45,6,0,314,0,5,7,1,13,263,50,13,1,327,2,0,2,329
11/06/2019,ONT,CA,AWP,WE,Towers with Radar,253,51,8,0,312,0,4,9,2,15,253,55,17,2,327,0,0,0,327
11/07/2019,ONT,CA,AWP,WE,Towers with Radar,256,60,18,3,337,0,4,26,0,30,256,64,44,3,367,20,0,20,387
11/08/2019,ONT,CA,AWP,WE,Towers with Radar,213,41,16,2,272,0,5,11,1,17,213,46,27,3,289,24,0,24,313
11/09/2019,ONT,CA,AWP,WE,Towers with Radar,156,32,6,0,194,0,6,18,0,24,156,38,24,0,218,14,0,14,232
11/10/2019,ONT,CA,AWP,WE,Towers with Radar,171,10,8,0,189,0,0,10,0,10,171,10,18,0,199,28,0,28,227
11/11/2019,ONT,CA,AWP,WE,Towers with Radar,194,29,8,0,231,0,1,16,0,17,194,30,24,0,248,15,0,15,263
11/12/2019,ONT,CA,AWP,WE,Towers with Radar,263,43,7,0,313,0,2,20,0,22,263,45,27,0,335,2,0,2,337
11/13/2019,ONT,CA,AWP,WE,Towers with Radar,256,54,7,0,317,0,4,22,1,27,256,58,29,1,344,32,0,32,376
11/14/2019,ONT,CA,AWP,WE,Towers with Radar,258,53,14,0,325,0,2,7,2,11,258,55,21,2,336,0,0,0,336
11/15/2019,ONT,CA,AWP,WE,Towers with Radar,203,50,6,0,259,0,1,10,0,11,203,51,16,0,270,10,0,10,280
11/16/2019,ONT,CA,AWP,WE,Towers with Radar,149,28,2,0,179,0,5,21,0,26,149,33,23,0,205,10,0,10,215
11/17/2019,ONT,CA,AWP,WE,Towers with Radar,171,11,6,0,188,0,2,15,0,17,171,13,21,0,205,4,0,4,209
11/18/2019,ONT,CA,AWP,WE,Towers with Radar,187,29,5,2,223,0,2,13,0,15,187,31,18,2,238,4,0,4,242
11/19/2019,ONT,CA,AWP,WE,Towers with Radar,255,40,14,2,311,0,3,29,0,32,255,43,43,2,343,12,0,12,355
11/20/2019,ONT,CA,AWP,WE,Towers with Radar,269,46,5,0,320,0,1,4,0,5,269,47,9,0,325,0,0,0,325
11/21/2019,ONT,CA,AWP,WE,Towers with Radar,245,42,16,0,303,0,3,17,0,20,245,45,33,0,323,18,0,18,341
11/22/2019,ONT,CA,AWP,WE,Towers with Radar,223,43,12,0,278,0,3,25,0,28,223,46,37,0,306,41,0,41,347
11/23/2019,ONT,CA,AWP,WE,Towers with Radar,161,25,1,2,189,0,5,20,1,26,161,30,21,3,215,38,0,38,253
11/24/2019,ONT,CA,AWP,WE,Towers with Radar,177,10,11,0,198,0,2,10,1,13,177,12,21,1,211,26,0,26,237
11/25/2019,ONT,CA,AWP,WE,Towers with Radar,210,31,8,2,251,0,1,14,0,15,210,32,22,2,266,16,0,16,282
11/26/2019,ONT,CA,AWP,WE,Towers with Radar,273,43,11,0,327,0,5,10,0,15,273,48,21,0,342,14,0,14,356
11/27/2019,ONT,CA,AWP,WE,Towers with Radar,299,44,3,0,346,0,1,0,0,1,299,45,3,0,347,0,0,0,347
11/28/2019,ONT,CA,AWP,WE,Towers with Radar,133,7,0,0,140,0,0,1,0,1,133,7,1,0,141,1,0,1,142
11/29/2019,ONT,CA,AWP,WE,Towers with Radar,139,43,3,0,185,0,1,2,0,3,139,44,5,0,188,0,0,0,188
11/30/2019,ONT,CA,AWP,WE,Towers with Radar,165,22,4,0,191,0,3,12,0,15,165,25,16,0,206,8,0,8,214
12/01/2019,ONT,CA,AWP,WE,Towers with Radar,178,7,9,0,194,0,0,9,0,9,178,7,18,0,203,24,0,24,227
12/02/2019,ONT,CA,AWP,WE,Towers with Radar,219,33,7,0,259,0,2,18,0,20,219,35,25,0,279,50,0,50,329
12/03/2019,ONT,CA,AWP,WE,Towers with Radar,295,50,6,0,351,0,2,19,0,21,295,52,25,0,372,0,0,0,372
12/04/2019,ONT,CA,AWP,WE,Towers with Radar,280,53,9,0,342,0,0,2,0,2,280,53,11,0,344,0,0,0,344
12/05/2019,ONT,CA,AWP,WE,Towers with Radar,294,42,9,0,345,0,3,15,0,18,294,45,24,0,363,16,0,16,379
12/06/2019,ONT,CA,AWP,WE,Towers with Radar,232,53,3,0,288,0,4,11,1,16,232,57,14,1,304,0,0,0,304
12/07/2019,ONT,CA,AWP,WE,Towers with Radar,165,24,10,0,199,0,0,1,0,1,165,24,11,0,200,0,0,0,200
12/08/2019,ONT,CA,AWP,WE,Towers with Radar,196,11,14,0,221,0,0,0,0,0,196,11,14,0,221,0,0,0,221
12/09/2019,ONT,CA,AWP,WE,Towers with Radar,218,42,10,0,270,0,3,9,0,12,218,45,19,0,282,16,0,16,298
12/10/2019,ONT,CA,AWP,WE,Towers with Radar,302,46,3,0,351,0,3,18,0,21,302,49,21,0,372,26,0,26,398
12/11/2019,ONT,CA,AWP,WE,Towers with Radar,299,44,12,2,357,0,3,28,1,32,299,47,40,3,389,40,0,40,429
12/12/2019,ONT,CA,AWP,WE,Towers with Radar,300,52,16,0,368,0,4,15,3,22,300,56,31,3,390,0,0,0,390
12/13/2019,ONT,CA,AWP,WE,Towers with Radar,255,46,14,0,315,0,7,23,0,30,255,53,37,0,345,32,0,32,377
12/14/2019,ONT,CA,AWP,WE,Towers with Radar,160,35,12,0,207,0,0,0,0,0,160,35,12,0,207,0,0,0,207
12/15/2019,ONT,CA,AWP,WE,Towers with Radar,192,12,7,0,211,0,2,17,0,19,192,14,24,0,230,16,0,16,246
12/16/2019,ONT,CA,AWP,WE,Towers with Radar,225,34,6,1,266,0,0,5,0,5,225,34,11,1,271,0,0,0,271
12/17/2019,ONT,CA,AWP,WE,Towers with Radar,311,41,15,1,368,0,3,19,0,22,311,44,34,1,390,16,0,16,406
12/18/2019,ONT,CA,AWP,WE,Towers with Radar,312,52,4,0,368,0,4,19,0,23,312,56,23,0,391,6,0,6,397
12/19/2019,ONT,CA,AWP,WE,Towers with Radar,324,49,7,0,380,0,5,18,2,25,324,54,25,2,405,0,0,0,405
12/20/2019,ONT,CA,AWP,WE,Towers with Radar,328,57,7,0,392,0,7,21,0,28,328,64,28,0,420,26,0,26,446
12/21/2019,ONT,CA,AWP,WE,Towers with Radar,378,34,4,0,416,0,9,10,0,19,378,43,14,0,435,3,0,3,438
12/22/2019,ONT,CA,AWP,WE,Towers with Radar,280,9,3,0,292,0,0,6,0,6,280,9,9,0,298,15,0,15,313
12/23/2019,ONT,CA,AWP,WE,Towers with Radar,273,37,3,0,313,0,0,0,0,0,273,37,3,0,313,0,0,0,313
12/24/2019,ONT,CA,AWP,WE,Towers with Radar,230,48,2,0,280,0,1,6,0,7,230,49,8,0,287,13,0,13,300
12/25/2019,ONT,CA,AWP,WE,Towers with Radar,127,8,1,0,136,0,0,1,0,1,127,8,2,0,137,0,0,0,137
12/26/2019,ONT,CA,AWP,WE,Towers with Radar,203,39,11,0,253,0,3,2,0,5,203,42,13,0,258,0,0,0,258
12/27/2019,ONT,CA,AWP,WE,Towers with Radar,225,49,7,0,281,0,5,9,1,15,225,54,16,1,296,2,0,2,298
12/28/2019,ONT,CA,AWP,WE,Towers with Radar,170,24,1,12,207,0,5,21,2,28,170,29,22,14,235,33,0,33,268
12/29/2019,ONT,CA,AWP,WE,Towers with Radar,196,10,12,0,218,0,0,17,0,17,196,10,29,0,235,17,0,17,252
12/30/2019,ONT,CA,AWP,WE,Towers with Radar,215,35,12,0,262,0,2,5,0,7,215,37,17,0,269,6,0,6,275
12/31/2019,ONT,CA,AWP,WE,Towers with Radar,226,38,3,0,267,0,2,8,0,10,226,40,11,0,277,0,0,0,277
01/01/2020,ONT,CA,AWP,WE,Towers with Radar,133,11,6,0,150,0,0,10,0,10,133,11,16,0,160,25,0,25,185
01/02/2020,ONT,CA,AWP,WE,Towers with Radar,224,44,8,0,276,0,2,11,0,13,224,46,19,0,289,0,0,0,289
01/03/2020,ONT,CA,AWP,WE,Towers with Radar,220,41,4,0,265,0,2,13,0,15,220,43,17,0,280,0,0,0,280
01/04/2020,ONT,CA,AWP,WE,Towers with Radar,161,27,3,0,191,0,3,8,0,11,161,30,11,0,202,16,0,16,218
01/05/2020,ONT,CA,AWP,WE,Towers with Radar,183,10,9,0,202,2,0,6,0,8,185,10,15,0,210,0,0,0,210
01/06/2020,ONT,CA,AWP,WE,Towers with Radar,191,35,4,0,230,0,0,7,1,8,191,35,11,1,238,14,0,14,252
01/07/2020,ONT,CA,AWP,WE,Towers with Radar,249,41,7,4,301,0,4,11,1,16,249,45,18,5,317,10,0,10,327
01/08/2020,ONT,CA,AWP,WE,Towers with Radar,243,50,12,0,305,0,3,16,0,19,243,53,28,0,324,8,0,8,332
01/09/2020,ONT,CA,AWP,WE,Towers with Radar,251,45,8,0,304,0,1,1,0,2,251,46,9,0,306,8,0,8,314
01/10/2020,ONT,CA,AWP,WE,Towers with Radar,203,43,10,0,256,0,8,23,0,31,203,51,33,0,287,4,0,4,291
01/11/2020,ONT,CA,AWP,WE,Towers with Radar,123,24,8,0,155,0,4,11,1,16,123,28,19,1,171,6,0,6,177
01/12/2020,ONT,CA,AWP,WE,Towers with Radar,173,9,2,0,184,0,0,13,0,13,173,9,15,0,197,50,0,50,247
01/13/2020,ONT,CA,AWP,WE,Towers with Radar,183,32,9,2,226,0,0,13,0,13,183,32,22,2,239,28,0,28,267
01/14/2020,ONT,CA,AWP,WE,Towers with Radar,243,46,5,0,294,0,2,10,0,12,243,48,15,0,306,20,0,20,326
01/15/2020,ONT,CA,AWP,WE,Towers with Radar,252,50,9,0,311,0,5,16,0,21,252,55,25,0,332,40,0,40,372
01/16/2020,ONT,CA,AWP,WE,Towers with Radar,238,40,11,0,289,0,1,7,0,8,238,41,18,0,297,10,0,10,307
01/17/2020,ONT,CA,AWP,WE,Towers with Radar,203,44,10,2,259,0,3,11,1,15,203,47,21,3,274,5,0,5,279
01/18/2020,ONT,CA,AWP,WE,Towers with Radar,125,31,12,2,170,0,3,17,0,20,125,34,29,2,190,34,0,34,224
01/19/2020,ONT,CA,AWP,WE,Towers with Radar,162,12,5,0,179,0,0,8,0,8,162,12,13,0,187,14,0,14,201
01/20/2020,ONT,CA,AWP,WE,Towers with Radar,194,33,9,0,236,0,0,24,0,24,194,33,33,0,260,50,0,50,310
01/21/2020,ONT,CA,AWP,WE,Towers with Radar,235,42,17,2,296,0,2,5,2,9,235,44,22,4,305,0,0,0,305
01/22/2020,ONT,CA,AWP,WE,Towers with Radar,241,44,16,0,301,0,2,11,0,13,241,46,27,0,314,25,0,25,339
01/23/2020,ONT,CA,AWP,WE,Towers with Radar,244,50,25,0,319,0,2,23,1,26,244,52,48,1,345,10,0,10,355
01/24/2020,ONT,CA,AWP,WE,Towers with Radar,206,45,13,2,266,0,4,17,0,21,206,49,30,2,287,0,0,0,287
01/25/2020,ONT,CA,AWP,WE,Towers with Radar,124,36,5,0,165,0,8,19,1,28,124,44,24,1,193,58,0,58,251
01/26/2020,ONT,CA,AWP,WE,Towers with Radar,171,13,14,1,199,0,0,1,0,1,171,13,15,1,200,0,0,0,200
01/27/2020,ONT,CA,AWP,WE,Towers with Radar,190,32,15,0,237,0,1,14,0,15,190,33,29,0,252,11,0,11,263
01/28/2020,ONT,CA,AWP,WE,Towers with Radar,242,47,16,0,305,0,3,22,0,25,242,50,38,0,330,30,0,30,360
01/29/2020,ONT,CA,AWP,WE,Towers with Radar,271,44,11,0,326,0,3,8,0,11,271,47,19,0,337,0,0,0,337
01/30/2020,ONT,CA,AWP,WE,Towers with Radar,272,51,11,0,334,0,3,14,0,17,272,54,25,0,351,12,0,12,363
01/31/2020,ONT,CA,AWP,WE,Towers with Radar,219,41,10,1,271,0,3,12,0,15,219,44,22,1,286,26,0,26,312
02/01/2020,ONT,CA,AWP,WE,Towers with Radar,131,29,10,0,170,0,5,12,0,17,131,34,22,0,187,20,0,20,207
02/02/2020,ONT,CA,AWP,WE,Towers with Radar,165,13,3,0,181,0,0,6,0,6,165,13,9,0,187,23,0,23,210
02/03/2020,ONT,CA,AWP,WE,Towers with Radar,197,39,9,1,246,0,1,3,0,4,197,40,12,1,250,0,0,0,250
02/04/2020,ONT,CA,AWP,WE,Towers with Radar,234,39,15,1,289,0,3,8,0,11,234,42,23,1,300,10,0,10,310
02/05/2020,ONT,CA,AWP,WE,Towers with Radar,240,43,15,2,300,0,3,20,0,23,240,46,35,2,323,24,0,24,347
02/06/2020,ONT,CA,AWP,WE,Towers with Radar,261,44,10,2,317,0,6,15,0,21,261,50,25,2,338,0,0,0,338
02/07/2020,ONT,CA,AWP,WE,Towers with Radar,207,46,15,0,268,0,6,10,0,16,207,52,25,0,284,33,0,33,317
02/08/2020,ONT,CA,AWP,WE,Towers with Radar,141,33,4,0,178,0,2,10,0,12,141,35,14,0,190,21,0,21,211
02/09/2020,ONT,CA,AWP,WE,Towers with Radar,163,15,10,0,188,0,1,2,0,3,163,16,12,0,191,0,0,0,191
02/10/2020,ONT,CA,AWP,WE,Towers with Radar,193,34,14,0,241,0,0,2,0,2,193,34,16,0,243,0,0,0,243
02/11/2020,ONT,CA,AWP,WE,Towers with Radar,208,34,11,0,253,0,5,7,0,12,208,39,18,0,265,2,0,2,267
02/12/2020,ONT,CA,AWP,WE,Towers with Radar,247,49,12,0,308,0,5,16,2,23,247,54,28,2,331,42,0,42,373
02/13/2020,ONT,CA,AWP,WE,Towers with Radar,254,37,10,0,301,0,6,17,0,23,254,43,27,0,324,14,0,14,338
02/14/2020,ONT,CA,AWP,WE,Towers with Radar,213,42,9,2,266,0,5,22,1,28,213,47,31,3,294,16,0,16,310
02/15/2020,ONT,CA,AWP,WE,Towers with Radar,140,26,4,0,170,0,0,20,0,20,140,26,24,0,190,32,0,32,222
02/16/2020,ONT,CA,AWP,WE,Towers with Radar,171,10,2,0,183,0,0,15,0,15,171,10,17,0,198,30,0,30,228
02/17/2020,ONT,CA,AWP,WE,Towers with Radar,203,31,11,1,246,0,1,19,0,20,203,32,30,1,266,54,0,54,320
02/18/2020,ONT,CA,AWP,WE,Towers with Radar,257,45,6,5,313,0,2,14,3,19,257,47,20,8,332,16,0,16,348
02/19/2020,ONT,CA,AWP,WE,Towers with Radar,254,39,8,1,302,0,3,16,0,19,254,42,24,1,321,26,0,26,347
02/20/2020,ONT,CA,AWP,WE,Towers with Radar,253,41,20,0,314,0,7,18,1,26,253,48,38,1,340,28,0,28,368
02/21/2020,ONT,CA,AWP,WE,Towers with Radar,203,39,11,1,254,0,4,5,1,10,203,43,16,2,264,0,0,0,264
02/22/2020,ONT,CA,AWP,WE,Towers with Radar,137,22,4,0,163,0,1,5,0,6,137,23,9,0,169,0,0,0,169
02/23/2020,ONT,CA,AWP,WE,Towers with Radar,169,11,14,0,194,0,2,7,0,9,169,13,21,0,203,64,0,64,267
02/24/2020,ONT,CA,AWP,WE,Towers with Radar,194,27,16,1,238,0,2,11,0,13,194,29,27,1,251,18,0,18,269
02/25/2020,ONT,CA,AWP,WE,Towers with Radar,252,37,8,2,299,0,4,10,0,14,252,41,18,2,313,0,0,0,313
02/26/2020,ONT,CA,AWP,WE,Towers with Radar,260,43,7,0,310,0,4,16,0,20,260,47,23,0,330,21,0,21,351
02/27/2020,ONT,CA,AWP,WE,Towers with Radar,251,41,21,0,313,0,3,23,1,27,251,44,44,1,340,48,0,48,388
02/28/2020,ONT,CA,AWP,WE,Towers with Radar,207,47,18,2,274,0,2,14,0,16,207,49,32,2,290,34,0,34,324
02/29/2020,ONT,CA,AWP,WE,Towers with Radar,134,35,14,0,183,0,4,13,1,18,134,39,27,1,201,28,0,28,229
03/01/2020,ONT,CA,AWP,WE,Towers with Radar,169,13,38,0,220,0,0,8,2,10,169,13,46,2,230,22,0,22,252
03/02/2020,ONT,CA,AWP,WE,Towers with Radar,201,27,5,0,233,0,1,6,0,7,201,28,11,0,240,0,0,0,240
03/03/2020,ONT,CA,AWP,WE,Towers with Radar,250,38,14,0,302,0,5,13,1,19,250,43,27,1,321,6,0,6,327
03/04/2020,ONT,CA,AWP,WE,Towers with Radar,244,40,14,0,298,1,5,18,0,24,245,45,32,0,322,60,0,60,382
03/05/2020,ONT,CA,AWP,WE,Towers with Radar,252,39,16,0,307,0,2,23,0,25,252,41,39,0,332,54,0,54,386
03/06/2020,ONT,CA,AWP,WE,Towers with Radar,206,46,11,0,263,0,4,21,0,25,206,50,32,0,288,44,0,44,332
03/07/2020,ONT,CA,AWP,WE,Towers with Radar,139,27,2,0,168,0,3,0,0,3,139,30,2,0,171,0,0,0,171
03/08/2020,ONT,CA,AWP,WE,Towers with Radar,163,11,7,0,181,0,0,8,1,9,163,11,15,1,190,14,0,14,204
03/09/2020,ONT,CA,AWP,WE,Towers with Radar,189,30,7,2,228,0,2,6,0,8,189,32,13,2,236,22,0,22,258
03/10/2020,ONT,CA,AWP,WE,Towers with Radar,248,48,12,2,310,0,0,6,0,6,248,48,18,2,316,44,0,44,360
03/11/2020,ONT,CA,AWP,WE,Towers with Radar,240,44,15,2,301,0,0,14,2,16,240,44,29,4,317,6,0,6,323
03/12/2020,ONT,CA,AWP,WE,Towers with Radar,248,42,14,0,304,0,2,0,0,2,248,44,14,0,306,0,0,0,306
03/13/2020,ONT,CA,AWP,WE,Towers with Radar,203,48,8,2,261,0,0,4,0,4,203,48,12,2,265,0,0,0,265
03/14/2020,ONT,CA,AWP,WE,Towers with Radar,134,35,10,0,179,0,1,7,0,8,134,36,17,0,187,26,0,26,213
03/15/2020,ONT,CA,AWP,WE,Towers with Radar,166,13,3,0,182,0,0,10,0,10,166,13,13,0,192,82,0,82,274
03/16/2020,ONT,CA,AWP,WE,Towers with Radar,186,28,3,0,217,0,0,11,0,11,186,28,14,0,228,84,0,84,312
03/17/2020,ONT,CA,AWP,WE,Towers with Radar,236,39,4,2,281,0,2,21,0,23,236,41,25,2,304,54,0,54,358
03/18/2020,ONT,CA,AWP,WE,Towers with Radar,236,41,3,0,280,0,3,6,0,9,236,44,9,0,289,0,0,0,289
03/19/2020,ONT,CA,AWP,WE,Towers with Radar,224,45,5,2,276,0,0,26,0,26,224,45,31,2,302,0,0,0,302
03/20/2020,ONT,CA,AWP,WE,Towers with Radar,190,45,6,2,243,0,1,7,0,8,190,46,13,2,251,0,0,0,251
03/21/2020,ONT,CA,AWP,WE,Towers with Radar,134,26,1,0,161,0,3,8,0,11,134,29,9,0,172,52,0,52,224
03/22/2020,ONT,CA,AWP,WE,Towers with Radar,135,8,3,0,146,0,0,3,0,3,135,8,6,0,149,6,0,6,155
03/23/2020,ONT,CA,AWP,WE,Towers with Radar,152,25,7,0,184,0,0,2,0,2,152,25,9,0,186,16,0,16,202
03/24/2020,ONT,CA,AWP,WE,Towers with Radar,206,30,3,0,239,0,5,1,0,6,206,35,4,0,245,0,0,0,245
03/25/2020,ONT,CA,AWP,WE,Towers with Radar,188,39,2,2,231,0,4,6,0,10,188,43,8,2,241,0,0,0,241
03/26/2020,ONT,CA,AWP,WE,Towers with Radar,196,36,2,0,234,0,4,12,0,16,196,40,14,0,250,3,0,3,253
03/27/2020,ONT,CA,AWP,WE,Towers with Radar,136,34,1,0,171,0,4,9,1,14,136,38,10,1,185,2,0,2,187
03/28/2020,ONT,CA,AWP,WE,Towers with Radar,87,18,0,0,105,0,4,6,1,11,87,22,6,1,116,0,0,0,116
03/29/2020,ONT,CA,AWP,WE,Towers with Radar,108,5,1,0,114,0,1,4,1,6,108,6,5,1,120,0,0,0,120
03/30/2020,ONT,CA,AWP,WE,Towers with Radar,130,22,1,2,155,0,4,1,0,5,130,26,2,2,160,0,0,0,160
03/31/2020,ONT,CA,AWP,WE,Towers with Radar,165,39,3,4,211,0,6,15,0,21,165,45,18,4,232,12,0,12,244
04/01/2020,ONT,CA,AWP,WE,Towers with Radar,174,35,5,0,214,0,4,11,0,15,174,39,16,0,229,55,0,55,284
04/02/2020,ONT,CA,AWP,WE,Towers with Radar,169,33,2,0,204,0,1,3,0,4,169,34,5,0,208,0,0,0,208
04/03/2020,ONT,CA,AWP,WE,Towers with Radar,123,32,1,2,158,0,5,13,0,18,123,37,14,2,176,2,0,2,178
04/04/2020,ONT,CA,AWP,WE,Towers with Radar,93,16,2,0,111,0,2,7,0,9,93,18,9,0,120,40,0,40,160
04/05/2020,ONT,CA,AWP,WE,Towers with Radar,96,3,2,0,101,0,0,5,0,5,96,3,7,0,106,0,0,0,106
04/06/2020,ONT,CA,AWP,WE,Towers with Radar,110,24,7,0,141,0,0,0,0,0,110,24,7,0,141,0,0,0,141
04/07/2020,ONT,CA,AWP,WE,Towers with Radar,158,32,10,0,200,0,1,2,0,3,158,33,12,0,203,0,0,0,203
04/08/2020,ONT,CA,AWP,WE,Towers with Radar,164,33,4,0,201,0,2,4,0,6,164,35,8,0,207,0,0,0,207
04/09/2020,ONT,CA,AWP,WE,Towers with Radar,159,32,3,0,194,0,0,0,0,0,159,32,3,0,194,0,0,0,194
04/10/2020,ONT,CA,AWP,WE,Towers with Radar,126,34,2,0,162,0,0,6,0,6,126,34,8,0,168,8,0,8,176
04/11/2020,ONT,CA,AWP,WE,Towers with Radar,83,20,2,0,105,0,1,25,0,26,83,21,27,0,131,18,0,18,149
04/12/2020,ONT,CA,AWP,WE,Towers with Radar,92,1,2,0,95,0,0,3,0,3,92,1,5,0,98,0,0,0,98
04/13/2020,ONT,CA,AWP,WE,Towers with Radar,110,23,5,0,138,0,0,20,1,21,110,23,25,1,159,18,0,18,177
04/14/2020,ONT,CA,AWP,WE,Towers with Radar,151,28,5,0,184,0,4,12,0,16,151,32,17,0,200,5,0,5,205
04/15/2020,ONT,CA,AWP,WE,Towers with Radar,149,31,2,0,182,0,1,11,0,12,149,32,13,0,194,4,0,4,198
04/16/2020,ONT,CA,AWP,WE,Towers with Radar,143,33,0,0,176,0,5,10,1,16,143,38,10,1,192,30,0,30,222
04/17/2020,ONT,CA,AWP,WE,Towers with Radar,116,32,7,0,155,0,2,8,0,10,116,34,15,0,165,2,0,2,167
04/18/2020,ONT,CA,AWP,WE,Towers with Radar,82,15,0,2,99,0,0,3,0,3,82,15,3,2,102,0,0,0,102
04/19/2020,ONT,CA,AWP,WE,Towers with Radar,91,1,2,0,94,0,0,6,0,6,91,1,8,0,100,2,0,2,102
04/20/2020,ONT,CA,AWP,WE,Towers with Radar,106,22,2,0,130,0,3,7,0,10,106,25,9,0,140,0,0,0,140
04/21/2020,ONT,CA,AWP,WE,Towers with Radar,158,28,1,0,187,0,2,9,0,11,158,30,10,0,198,0,0,0,198
04/22/2020,ONT,CA,AWP,WE,Towers with Radar,154,29,3,2,188,0,3,16,3,22,154,32,19,5,210,10,0,10,220
04/23/2020,ONT,CA,AWP,WE,Towers with Radar,149,27,3,0,179,0,7,8,1,16,149,34,11,1,195,48,0,48,243
04/24/2020,ONT,CA,AWP,WE,Towers with Radar,116,36,4,2,158,0,3,3,2,8,116,39,7,4,166,10,0,10,176
04/25/2020,ONT,CA,AWP,WE,Towers with Radar,78,14,2,0,94,0,4,5,0,9,78,18,7,0,103,8,0,8,111
04/26/2020,ONT,CA,AWP,WE,Towers with Radar,96,2,4,0,102,0,0,8,0,8,96,2,12,0,110,2,0,2,112
04/27/2020,ONT,CA,AWP,WE,Towers with Radar,105,22,4,0,131,0,4,9,0,13,105,26,13,0,144,19,0,19,163
04/28/2020,ONT,CA,AWP,WE,Towers with Radar,163,29,11,2,205,0,3,21,0,24,163,32,32,2,229,14,0,14,243
04/29/2020,ONT,CA,AWP,WE,Towers with Radar,160,33,7,2,202,0,3,13,3,19,160,36,20,5,221,18,10,28,249
04/30/2020,ONT,CA,AWP,WE,Towers with Radar,157,28,7,0,192,0,3,5,0,8,157,31,12,0,200,0,0,0,200
05/01/2020,ONT,CA,AWP,WE,Towers with Radar,113,28,10,0,151,0,3,12,4,19,113,31,22,4,170,8,0,8,178
05/02/2020,ONT,CA,AWP,WE,Towers with Radar,87,13,4,0,104,0,4,9,0,13,87,17,13,0,117,14,0,14,131
05/03/2020,ONT,CA,AWP,WE,Towers with Radar,92,0,0,0,92,0,3,11,0,14,92,3,11,0,106,10,0,10,116
05/04/2020,ONT,CA,AWP,WE,Towers with Radar,104,23,10,0,137,0,4,14,0,18,104,27,24,0,155,2,0,2,157
05/05/2020,ONT,CA,AWP,WE,Towers with Radar,167,32,4,0,203,0,4,11,1,16,167,36,15,1,219,16,0,16,235
05/06/2020,ONT,CA,AWP,WE,Towers with Radar,164,39,3,0,206,0,4,10,4,18,164,43,13,4,224,2,0,2,226
05/07/2020,ONT,CA,AWP,WE,Towers with Radar,161,35,3,0,199,0,10,15,0,25,161,45,18,0,224,15,0,15,239
05/08/2020,ONT,CA,AWP,WE,Towers with Radar,129,34,6,0,169,0,5,18,0,23,129,39,24,0,192,27,0,27,219
05/09/2020,ONT,CA,AWP,WE,Towers with Radar,85,16,6,0,107,0,5,11,0,16,85,21,17,0,123,30,0,30,153
05/10/2020,ONT,CA,AWP,WE,Towers with Radar,93,2,2,0,97,0,0,4,0,4,93,2,6,0,101,6,0,6,107
05/11/2020,ONT,CA,AWP,WE,Towers with Radar,108,26,8,0,142,0,5,9,0,14,108,31,17,0,156,0,0,0,156
05/12/2020,ONT,CA,AWP,WE,Towers with Radar,159,32,6,0,197,0,1,5,0,6,159,33,11,0,203,14,0,14,217
05/13/2020,ONT,CA,AWP,WE,Towers with Radar,157,35,5,0,197,0,3,16,0,19,157,38,21,0,216,0,0,0,216
05/14/2020,ONT,CA,AWP,WE,Towers with Radar,157,35,4,0,196,0,5,13,1,19,157,40,17,1,215,22,0,22,237
05/15/2020,ONT,CA,AWP,WE,Towers with Radar,122,34,4,1,161,0,3,25,0,28,122,37,29,1,189,30,0,30,219
05/16/2020,ONT,CA,AWP,WE,Towers with Radar,90,14,7,0,111,0,3,17,2,22,90,17,24,2,133,12,0,12,145
05/17/2020,ONT,CA,AWP,WE,Towers with Radar,92,4,6,0,102,0,0,9,0,9,92,4,15,0,111,0,0,0,111
05/18/2020,ONT,CA,AWP,WE,Towers with Radar,109,24,5,0,138,0,0,11,0,11,109,24,16,0,149,6,0,6,155
05/19/2020,ONT,CA,AWP,WE,Towers with Radar,164,33,11,0,208,0,2,6,2,10,164,35,17,2,218,14,12,26,244
05/20/2020,ONT,CA,AWP,WE,Towers with Radar,162,35,5,2,204,0,2,28,0,30,162,37,33,2,234,26,0,26,260
05/21/2020,ONT,CA,AWP,WE,Towers with Radar,158,33,14,0,205,0,5,26,0,31,158,38,40,0,236,142,0,142,378
05/22/2020,ONT,CA,AWP,WE,Towers with Radar,124,30,11,0,165,0,5,10,0,15,124,35,21,0,180,8,0,8,188
05/23/2020,ONT,CA,AWP,WE,Towers with Radar,87,18,7,0,112,0,1,8,0,9,87,19,15,0,121,0,0,0,121
05/24/2020,ONT,CA,AWP,WE,Towers with Radar,88,2,2,0,92,0,0,10,0,10,88,2,12,0,102,19,0,19,121
05/25/2020,ONT,CA,AWP,WE,Towers with Radar,76,4,2,0,82,0,2,3,0,5,76,6,5,0,87,0,0,0,87
05/26/2020,ONT,CA,AWP,WE,Towers with Radar,114,22,7,0,143,0,3,19,4,26,114,25,26,4,169,88,0,88,257
05/27/2020,ONT,CA,AWP,WE,Towers with Radar,168,32,10,0,210,0,4,11,0,15,168,36,21,0,225,20,0,20,245
05/28/2020,ONT,CA,AWP,WE,Towers with Radar,170,30,5,0,205,0,6,33,0,39,170,36,38,0,244,28,0,28,272
05/29/2020,ONT,CA,AWP,WE,Towers with Radar,127,35,13,0,175,0,1,12,0,13,127,36,25,0,188,38,0,38,226
05/30/2020,ONT,CA,AWP,WE,Towers with Radar,88,16,3,0,107,0,2,15,1,18,88,18,18,1,125,28,0,28,153
05/31/2020,ONT,CA,AWP,WE,Towers with Radar,88,2,1,0,91,0,0,9,0,9,88,2,10,0,100,10,0,10,110
06/01/2020,ONT,CA,AWP,WE,Towers with Radar,107,21,4,0,132,0,3,19,0,22,107,24,23,0,154,6,0,6,160
06/02/2020,ONT,CA,AWP,WE,Towers with Radar,163,35,9,2,209,0,6,8,0,14,163,41,17,2,223,4,0,4,227
06/03/2020,ONT,CA,AWP,WE,Towers with Radar,169,32,7,0,208,0,7,15,0,22,169,39,22,0,230,52,0,52,282
06/04/2020,ONT,CA,AWP,WE,Towers with Radar,159,31,5,0,195,0,7,9,0,16,159,38,14,0,211,18,0,18,229
06/05/2020,ONT,CA,AWP,WE,Towers with Radar,117,34,10,0,161,0,0,11,0,11,117,34,21,0,172,0,0,0,172
06/06/2020,ONT,CA,AWP,WE,Towers with Radar,101,20,7,0,128,0,3,10,0,13,101,23,17,0,141,21,0,21,162
06/07/2020,ONT,CA,AWP,WE,Towers with Radar,126,6,9,0,141,0,0,9,0,9,126,6,18,0,150,0,0,0,150
06/08/2020,ONT,CA,AWP,WE,Towers with Radar,146,23,3,0,172,0,4,4,0,8,146,27,7,0,180,10,0,10,190
06/09/2020,ONT,CA,AWP,WE,Towers with Radar,188,32,9,0,229,0,5,21,0,26,188,37,30,0,255,25,0,25,280
06/10/2020,ONT,CA,AWP,WE,Towers with Radar,190,35,26,0,251,0,4,19,2,25,190,39,45,2,276,27,0,27,303
06/11/2020,ONT,CA,AWP,WE,Towers with Radar,188,33,9,0,230,0,8,17,0,25,188,41,26,0,255,7,0,7,262
06/12/2020,ONT,CA,AWP,WE,Towers with Radar,159,32,2,0,193,0,5,12,1,18,159,37,14,1,211,16,0,16,227
06/13/2020,ONT,CA,AWP,WE,Towers with Radar,117,17,4,0,138,0,4,5,1,10,117,21,9,1,148,4,0,4,152
06/14/2020,ONT,CA,AWP,WE,Towers with Radar,124,10,10,0,144,0,0,9,0,9,124,10,19,0,153,32,0,32,185
06/15/2020,ONT,CA,AWP,WE,Towers with Radar,142,20,14,0,176,0,4,10,1,15,142,24,24,1,191,4,0,4,195
06/16/2020,ONT,CA,AWP,WE,Towers with Radar,192,30,13,1,236,0,4,16,1,21,192,34,29,2,257,0,0,0,257
06/17/2020,ONT,CA,AWP,WE,Towers with Radar,193,33,12,0,238,0,3,24,0,27,193,36,36,0,265,72,0,72,337
06/18/2020,ONT,CA,AWP,WE,Towers with Radar,201,36,12,2,251,0,3,13,0,16,201,39,25,2,267,5,0,5,272
06/19/2020,ONT,CA,AWP,WE,Towers with Radar,155,33,18,0,206,0,3,17,0,20,155,36,35,0,226,74,0,74,300
06/20/2020,ONT,CA,AWP,WE,Towers with Radar,122,19,12,0,153,0,0,15,0,15,122,19,27,0,168,90,0,90,258
06/21/2020,ONT,CA,AWP,WE,Towers with Radar,127,10,11,0,148,0,0,4,0,4,127,10,15,0,152,8,0,8,160
06/22/2020,ONT,CA,AWP,WE,Towers with Radar,141,25,7,0,173,0,2,7,0,9,141,27,14,0,182,0,0,0,182
06/23/2020,ONT,CA,AWP,WE,Towers with Radar,198,34,12,0,244,0,5,10,0,15,198,39,22,0,259,18,0,18,277
06/24/2020,ONT,CA,AWP,WE,Towers with Radar,194,40,7,0,241,0,3,16,0,19,194,43,23,0,260,28,0,28,288
06/25/2020,ONT,CA,AWP,WE,Towers with Radar,205,35,10,4,254,0,4,5,0,9,205,39,15,4,263,8,0,8,271
06/26/2020,ONT,CA,AWP,WE,Towers with Radar,165,35,8,0,208,0,4,10,1,15,165,39,18,1,223,34,0,34,257
06/27/2020,ONT,CA,AWP,WE,Towers with Radar,126,18,4,0,148,0,2,17,0,19,126,20,21,0,167,6,0,6,173
06/28/2020,ONT,CA,AWP,WE,Towers with Radar,125,11,4,0,140,0,0,4,0,4,125,11,8,0,144,0,0,0,144
06/29/2020,ONT,CA,AWP,WE,Towers with Radar,138,23,7,0,168,0,2,5,0,7,138,25,12,0,175,0,0,0,175
06/30/2020,ONT,CA,AWP,WE,Towers with Radar,199,34,11,0,244,0,5,9,0,14,199,39,20,0,258,29,0,29,287
07/01/2020,ONT,CA,AWP,WE,Towers with Radar,199,27,11,0,237,0,4,9,1,14,199,31,20,1,251,14,0,14,265
07/02/2020,ONT,CA,AWP,WE,Towers with Radar,196,38,12,0,246,0,4,25,0,29,196,42,37,0,275,5,0,5,280
07/03/2020,ONT,CA,AWP,WE,Towers with Radar,150,23,14,0,187,0,6,19,0,25,150,29,33,0,212,32,0,32,244
07/04/2020,ONT,CA,AWP,WE,Towers with Radar,70,4,3,0,77,0,0,6,0,6,70,4,9,0,83,12,0,12,95
07/05/2020,ONT,CA,AWP,WE,Towers with Radar,110,7,7,0,124,0,1,10,0,11,110,8,17,0,135,10,0,10,145
07/06/2020,ONT,CA,AWP,WE,Towers with Radar,149,22,16,0,187,0,2,18,0,20,149,24,34,0,207,45,0,45,252
07/07/2020,ONT,CA,AWP,WE,Towers with Radar,207,33,5,0,245,0,6,23,2,31,207,39,28,2,276,54,0,54,330
07/08/2020,ONT,CA,AWP,WE,Towers with Radar,211,29,5,0,245,0,5,17,0,22,211,34,22,0,267,15,0,15,282
07/09/2020,ONT,CA,AWP,WE,Towers with Radar,200,33,16,0,249,0,5,22,0,27,200,38,38,0,276,35,0,35,311
07/10/2020,ONT,CA,AWP,WE,Towers with Radar,168,32,11,0,211,0,6,9,2,17,168,38,20,2,228,6,0,6,234
07/11/2020,ONT,CA,AWP,WE,Towers with Radar,131,12,7,0,150,0,3,14,0,17,131,15,21,0,167,16,0,16,183
07/12/2020,ONT,CA,AWP,WE,Towers with Radar,136,6,7,0,149,0,0,7,1,8,136,6,14,1,157,8,0,8,165
07/13/2020,ONT,CA,AWP,WE,Towers with Radar,153,22,4,0,179,0,4,10,0,14,153,26,14,0,193,8,0,8,201
07/14/2020,ONT,CA,AWP,WE,Towers with Radar,208,32,3,2,245,0,7,20,4,31,208,39,23,6,276,14,0,14,290
07/15/2020,ONT,CA,AWP,WE,Towers with Radar,214,35,7,0,256,0,4,18,1,23,214,39,25,1,279,43,0,43,322
07/16/2020,ONT,CA,AWP,WE,Towers with Radar,211,33,8,0,252,0,6,15,0,21,211,39,23,0,273,32,0,32,305
07/17/2020,ONT,CA,AWP,WE,Towers with Radar,167,32,12,2,213,0,7,27,0,34,167,39,39,2,247,28,0,28,275
07/18/2020,ONT,CA,AWP,WE,Towers with Radar,135,16,3,0,154,0,5,11,1,17,135,21,14,1,171,10,0,10,181
07/19/2020,ONT,CA,AWP,WE,Towers with Radar,133,3,1,0,137,0,0,14,0,14,133,3,15,0,151,36,0,36,187
07/20/2020,ONT,CA,AWP,WE,Towers with Radar,144,20,7,0,171,0,3,24,0,27,144,23,31,0,198,33,0,33,231
07/21/2020,ONT,CA,AWP,WE,Towers with Radar,216,34,3,0,253,0,6,15,0,21,216,40,18,0,274,10,0,10,284
07/22/2020,ONT,CA,AWP,WE,Towers with Radar,205,27,7,0,239,0,6,22,0,28,205,33,29,0,267,58,0,58,325
07/23/2020,ONT,CA,AWP,WE,Towers with Radar,208,34,10,2,254,0,3,26,0,29,208,37,36,2,283,18,0,18,301
07/24/2020,ONT,CA,AWP,WE,Towers with Radar,165,37,1,0,203,0,3,18,1,22,165,40,19,1,225,22,0,22,247
07/25/2020,ONT,CA,AWP,WE,Towers with Radar,138,13,3,0,154,0,3,14,0,17,138,16,17,0,171,38,0,38,209
07/26/2020,ONT,CA,AWP,WE,Towers with Radar,135,6,8,0,149,0,3,15,0,18,135,9,23,0,167,50,0,50,217
07/27/2020,ONT,CA,AWP,WE,Towers with Radar,156,22,10,4,192,0,4,20,0,24,156,26,30,4,216,2,0,2,218
07/28/2020,ONT,CA,AWP,WE,Towers with Radar,208,30,10,0,248,0,5,23,0,28,208,35,33,0,276,18,0,18,294
07/29/2020,ONT,CA,AWP,WE,Towers with Radar,203,29,4,0,236,0,5,16,1,22,203,34,20,1,258,28,0,28,286
07/30/2020,ONT,CA,AWP,WE,Towers with Radar,205,29,3,0,237,0,6,12,0,18,205,35,15,0,255,0,0,0,255
07/31/2020,ONT,CA,AWP,WE,Towers with Radar,167,34,11,0,212,0,7,8,0,15,167,41,19,0,227,18,0,18,245
08/01/2020,ONT,CA,AWP,WE,Towers with Radar,123,16,4,0,143,0,2,10,0,12,123,18,14,0,155,12,0,12,167
08/02/2020,ONT,CA,AWP,WE,Towers with Radar,133,2,8,0,143,0,1,20,0,21,133,3,28,0,164,0,0,0,164
08/03/2020,ONT,CA,AWP,WE,Towers with Radar,144,22,6,0,172,0,5,16,1,22,144,27,22,1,194,18,0,18,212
08/04/2020,ONT,CA,AWP,WE,Towers with Radar,199,34,6,0,239,0,4,26,0,30,199,38,32,0,269,18,0,18,287
08/05/2020,ONT,CA,AWP,WE,Towers with Radar,199,39,11,0,249,0,5,29,0,34,199,44,40,0,283,56,0,56,339
08/06/2020,ONT,CA,AWP,WE,Towers with Radar,202,39,6,0,247,0,4,13,2,19,202,43,19,2,266,30,0,30,296
08/07/2020,ONT,CA,AWP,WE,Towers with Radar,167,35,12,0,214,0,6,13,0,19,167,41,25,0,233,8,0,8,241
08/08/2020,ONT,CA,AWP,WE,Towers with Radar,129,21,5,0,155,0,4,16,0,20,129,25,21,0,175,26,0,26,201
08/09/2020,ONT,CA,AWP,WE,Towers with Radar,140,14,5,2,161,0,0,10,0,10,140,14,15,2,171,40,0,40,211
08/10/2020,ONT,CA,AWP,WE,Towers with Radar,148,33,12,0,193,0,5,14,0,19,148,38,26,0,212,26,0,26,238
08/11/2020,ONT,CA,AWP,WE,Towers with Radar,200,36,7,2,245,0,5,26,0,31,200,41,33,2,276,46,0,46,322
08/12/2020,ONT,CA,AWP,WE,Towers with Radar,201,34,12,0,247,0,5,28,1,34,201,39,40,1,281,86,0,86,367
08/13/2020,ONT,CA,AWP,WE,Towers with Radar,206,44,8,0,258,0,6,25,0,31,206,50,33,0,289,54,0,54,343
08/14/2020,ONT,CA,AWP,WE,Towers with Radar,160,44,7,0,211,0,4,16,0,20,160,48,23,0,231,22,0,22,253
08/15/2020,ONT,CA,AWP,WE,Towers with Radar,131,16,8,0,155,0,4,7,0,11,131,20,15,0,166,35,0,35,201
08/16/2020,ONT,CA,AWP,WE,Towers with Radar,134,9,12,2,157,0,0,12,0,12,134,9,24,2,169,30,0,30,199
08/17/2020,ONT,CA,AWP,WE,Towers with Radar,143,29,10,0,182,0,17,11,0,28,143,46,21,0,210,80,0,80,290
08/18/2020,ONT,CA,AWP,WE,Towers with Radar,200,42,3,0,245,0,5,12,0,17,200,47,15,0,262,44,0,44,306
08/19/2020,ONT,CA,AWP,WE,Towers with Radar,202,42,8,2,254,0,5,18,1,24,202,47,26,3,278,75,0,75,353
08/20/2020,ONT,CA,AWP,WE,Towers with Radar,204,40,11,0,255,0,6,24,2,32,204,46,35,2,287,60,0,60,347
08/21/2020,ONT,CA,AWP,WE,Towers with Radar,163,36,6,0,205,0,4,25,0,29,163,40,31,0,234,76,0,76,310
08/22/2020,ONT,CA,AWP,WE,Towers with Radar,129,20,6,0,155,0,3,12,0,15,129,23,18,0,170,18,0,18,188
08/23/2020,ONT,CA,AWP,WE,Towers with Radar,137,9,10,0,156,0,2,7,0,9,137,11,17,0,165,50,0,50,215
08/24/2020,ONT,CA,AWP,WE,Towers with Radar,150,34,8,0,192,0,9,24,1,34,150,43,32,1,226,62,0,62,288
08/25/2020,ONT,CA,AWP,WE,Towers with Radar,201,35,5,0,241,0,5,8,0,13,201,40,13,0,254,0,0,0,254
08/26/2020,ONT,CA,AWP,WE,Towers with Radar,200,41,7,2,250,0,5,17,0,22,200,46,24,2,272,70,0,70,342
08/27/2020,ONT,CA,AWP,WE,Towers with Radar,203,37,8,0,248,0,5,22,0,27,203,42,30,0,275,13,0,13,288
08/28/2020,ONT,CA,AWP,WE,Towers with Radar,167,43,8,0,218,0,5,10,0,15,167,48,18,0,233,30,0,30,263
08/29/2020,ONT,CA,AWP,WE,Towers with Radar,134,19,10,0,163,0,3,9,0,12,134,22,19,0,175,32,0,32,207
08/30/2020,ONT,CA,AWP,WE,Towers with Radar,140,6,7,0,153,0,2,10,0,12,140,8,17,0,165,18,0,18,183
08/31/2020,ONT,CA,AWP,WE,Towers with Radar,150,21,10,0,181,0,4,8,2,14,150,25,18,2,195,20,0,20,215
09/01/2020,ONT,CA,AWP,WE,Towers with Radar,202,37,4,0,243,0,2,12,0,14,202,39,16,0,257,36,0,36,293
09/02/2020,ONT,CA,AWP,WE,Towers with Radar,211,38,14,0,263,0,2,15,0,17,211,40,29,0,280,30,0,30,310
09/03/2020,ONT,CA,AWP,WE,Towers with Radar,208,32,17,2,259,0,3,15,0,18,208,35,32,2,277,20,0,20,297
09/04/2020,ONT,CA,AWP,WE,Towers with Radar,174,34,9,0,217,0,3,18,0,21,174,37,27,0,238,34,0,34,272
09/05/2020,ONT,CA,AWP,WE,Towers with Radar,128,16,8,0,152,0,4,3,0,7,128,20,11,0,159,6,0,6,165
09/06/2020,ONT,CA,AWP,WE,Towers with Radar,128,3,2,0,133,0,0,5,0,5,128,3,7,0,138,6,0,6,144
09/07/2020,ONT,CA,AWP,WE,Towers with Radar,118,6,5,0,129,0,0,9,0,9,118,6,14,0,138,18,0,18,156
09/08/2020,ONT,CA,AWP,WE,Towers with Radar,151,29,14,0,194,0,0,11,0,11,151,29,25,0,205,54,0,54,259
09/09/2020,ONT,CA,AWP,WE,Towers with Radar,223,30,8,0,261,0,2,14,1,17,223,32,22,1,278,30,0,30,308
09/10/2020,ONT,CA,AWP,WE,Towers with Radar,212,34,6,0,252,0,2,20,0,22,212,36,26,0,274,36,0,36,310
09/11/2020,ONT,CA,AWP,WE,Towers with Radar,161,35,9,0,205,0,5,4,0,9,161,40,13,0,214,14,0,14,228
09/12/2020,ONT,CA,AWP,WE,Towers with Radar,130,16,7,0,153,0,2,2,0,4,130,18,9,0,157,0,0,0,157
09/13/2020,ONT,CA,AWP,WE,Towers with Radar,129,3,5,0,137,0,0,9,0,9,129,3,14,0,146,40,0,40,186
09/14/2020,ONT,CA,AWP,WE,Towers with Radar,135,23,9,0,167,0,2,3,0,5,135,25,12,0,172,16,0,16,188
09/15/2020,ONT,CA,AWP,WE,Towers with Radar,211,34,11,1,257,0,2,11,0,13,211,36,22,1,270,32,0,32,302
09/16/2020,ONT,CA,AWP,WE,Towers with Radar,212,33,8,0,253,0,2,15,0,17,212,35,23,0,270,21,0,21,291
09/17/2020,ONT,CA,AWP,WE,Towers with Radar,212,32,6,0,250,0,4,19,1,24,212,36,25,1,274,54,0,54,328
09/18/2020,ONT,CA,AWP,WE,Towers with Radar,165,33,10,0,208,0,6,37,3,46,165,39,47,3,254,80,0,80,334
09/19/2020,ONT,CA,AWP,WE,Towers with Radar,130,13,8,0,151,0,7,15,0,22,130,20,23,0,173,32,0,32,205
09/20/2020,ONT,CA,AWP,WE,Towers with Radar,133,1,7,0,141,0,0,10,0,10,133,1,17,0,151,26,0,26,177
09/21/2020,ONT,CA,AWP,WE,Towers with Radar,135,21,6,0,162,0,3,27,2,32,135,24,33,2,194,71,0,71,265
09/22/2020,ONT,CA,AWP,WE,Towers with Radar,213,32,5,0,250,0,6,17,0,23,213,38,22,0,273,40,0,40,313
09/23/2020,ONT,CA,AWP,WE,Towers with Radar,212,34,9,0,255,0,5,26,1,32,212,39,35,1,287,84,0,84,371
09/24/2020,ONT,CA,AWP,WE,Towers with Radar,214,38,9,0,261,0,7,28,0,35,214,45,37,0,296,54,0,54,350
09/25/2020,ONT,CA,AWP,WE,Towers with Radar,158,30,8,0,196,0,5,22,1,28,158,35,30,1,224,92,0,92,316
09/26/2020,ONT,CA,AWP,WE,Towers with Radar,130,17,9,4,160,0,7,11,0,18,130,24,20,4,178,24,0,24,202
09/27/2020,ONT,CA,AWP,WE,Towers with Radar,129,1,7,0,137,0,0,17,0,17,129,1,24,0,154,54,0,54,208
09/28/2020,ONT,CA,AWP,WE,Towers with Radar,140,23,7,0,170,0,3,24,0,27,140,26,31,0,197,34,0,34,231
09/29/2020,ONT,CA,AWP,WE,Towers with Radar,211,32,7,0,250,0,3,25,0,28,211,35,32,0,278,16,0,16,294
09/30/2020,ONT,CA,AWP,WE,Towers with Radar,219,31,17,0,267,0,2,15,0,17,219,33,32,0,284,50,0,50,334
10/01/2020,ONT,CA,AWP,WE,Towers with Radar,215,30,7,0,252,0,3,22,1,26,215,33,29,1,278,44,0,44,322
10/02/2020,ONT,CA,AWP,WE,Towers with Radar,174,30,12,0,216,0,7,18,0,25,174,37,30,0,241,42,0,42,283
10/03/2020,ONT,CA,AWP,WE,Towers with Radar,135,14,4,0,153,0,3,9,1,13,135,17,13,1,166,46,0,46,212
10/04/2020,ONT,CA,AWP,WE,Towers with Radar,136,2,2,0,140,0,2,11,0,13,136,4,13,0,153,40,0,40,193
10/05/2020,ONT,CA,AWP,WE,Towers with Radar,149,19,7,0,175,0,2,15,0,17,149,21,22,0,192,58,0,58,250
10/06/2020,ONT,CA,AWP,WE,Towers with Radar,216,32,9,2,259,0,2,25,0,27,216,34,34,2,286,94,0,94,380
10/07/2020,ONT,CA,AWP,WE,Towers with Radar,220,33,12,0,265,0,1,13,0,14,220,34,25,0,279,42,0,42,321
10/08/2020,ONT,CA,AWP,WE,Towers with Radar,219,37,5,0,261,0,2,16,0,18,219,39,21,0,279,34,0,34,313
10/09/2020,ONT,CA,AWP,WE,Towers with Radar,178,36,7,0,221,0,2,14,1,17,178,38,21,1,238,16,12,28,266
10/10/2020,ONT,CA,AWP,WE,Towers with Radar,139,19,6,0,164,0,0,13,0,13,139,19,19,0,177,17,0,17,194
10/11/2020,ONT,CA,AWP,WE,Towers with Radar,146,4,3,0,153,0,0,11,0,11,146,4,14,0,164,0,0,0,164
10/12/2020,ONT,CA,AWP,WE,Towers with Radar,155,26,9,0,190,0,1,18,0,19,155,27,27,0,209,58,0,58,267
10/13/2020,ONT,CA,AWP,WE,Towers with Radar,219,31,7,0,257,0,3,21,0,24,219,34,28,0,281,74,0,74,355
10/14/2020,ONT,CA,AWP,WE,Towers with Radar,236,33,8,0,277,0,5,27,0,32,236,38,35,0,309,32,0,32,341
10/15/2020,ONT,CA,AWP,WE,Towers with Radar,228,32,11,0,271,0,5,26,0,31,228,37,37,0,302,46,0,46,348
10/16/2020,ONT,CA,AWP,WE,Towers with Radar,184,31,13,0,228,0,5,17,0,22,184,36,30,0,250,14,0,14,264
10/17/2020,ONT,CA,AWP,WE,Towers with Radar,150,18,6,0,174,0,4,20,0,24,150,22,26,0,198,42,0,42,240
10/18/2020,ONT,CA,AWP,WE,Towers with Radar,141,4,7,0,152,0,2,8,0,10,141,6,15,0,162,20,0,20,182
10/19/2020,ONT,CA,AWP,WE,Towers with Radar,149,23,7,2,181,0,2,24,0,26,149,25,31,2,207,26,0,26,233
10/20/2020,ONT,CA,AWP,WE,Towers with Radar,225,39,15,0,279,0,2,4,0,6,225,41,19,0,285,6,0,6,291
10/21/2020,ONT,CA,AWP,WE,Towers with Radar,232,30,25,0,287,0,3,16,0,19,232,33,41,0,306,32,0,32,338
10/22/2020,ONT,CA,AWP,WE,Towers with Radar,224,36,15,2,277,0,2,10,0,12,224,38,25,2,289,6,0,6,295
10/23/2020,ONT,CA,AWP,WE,Towers with Radar,169,39,15,0,223,0,4,7,0,11,169,43,22,0,234,12,0,12,246
10/24/2020,ONT,CA,AWP,WE,Towers with Radar,139,19,4,0,162,0,1,22,0,23,139,20,26,0,185,68,0,68,253
10/25/2020,ONT,CA,AWP,WE,Towers with Radar,140,1,11,0,152,0,3,12,0,15,140,4,23,0,167,14,0,14,181
10/26/2020,ONT,CA,AWP,WE,Towers with Radar,136,20,8,1,165,0,2,3,0,5,136,22,11,1,170,0,0,0,170
10/27/2020,ONT,CA,AWP,WE,Towers with Radar,227,31,8,1,267,0,5,12,0,17,227,36,20,1,284,2,0,2,286
10/28/2020,ONT,CA,AWP,WE,Towers with Radar,224,38,14,0,276,0,4,18,3,25,224,42,32,3,301,16,0,16,317
10/29/2020,ONT,CA,AWP,WE,Towers with Radar,216,36,12,0,264,0,4,20,2,26,216,40,32,2,290,46,0,46,336
10/30/2020,ONT,CA,AWP,WE,Towers with Radar,175,31,11,0,217,0,4,12,0,16,175,35,23,0,233,54,0,54,287
10/31/2020,ONT,CA,AWP,WE,Towers with Radar,129,20,5,0,154,0,10,8,0,18,129,30,13,0,172,0,0,0,172
11/01/2020,ONT,CA,AWP,WE,Towers with Radar,145,2,4,0,151,0,0,13,0,13,145,2,17,0,164,28,0,28,192
11/02/2020,ONT,CA,AWP,WE,Towers with Radar,160,29,13,0,202,0,1,20,1,22,160,30,33,1,224,6,0,6,230
11/03/2020,ONT,CA,AWP,WE,Towers with Radar,223,38,12,2,275,0,0,21,0,21,223,38,33,2,296,14,0,14,310
11/04/2020,ONT,CA,AWP,WE,Towers with Radar,221,39,14,0,274,0,1,25,0,26,221,40,39,0,300,18,0,18,318
11/05/2020,ONT,CA,AWP,WE,Towers with Radar,236,39,10,0,285,0,2,25,1,28,236,41,35,1,313,32,0,32,345
11/06/2020,ONT,CA,AWP,WE,Towers with Radar,179,33,7,2,221,0,2,22,0,24,179,35,29,2,245,16,0,16,261
11/07/2020,ONT,CA,AWP,WE,Towers with Radar,126,18,11,0,155,0,1,1,1,3,126,19,12,1,158,0,0,0,158
11/08/2020,ONT,CA,AWP,WE,Towers with Radar,149,3,5,0,157,0,0,5,0,5,149,3,10,0,162,8,0,8,170
11/09/2020,ONT,CA,AWP,WE,Towers with Radar,162,21,9,2,194,0,1,14,0,15,162,22,23,2,209,6,0,6,215
11/10/2020,ONT,CA,AWP,WE,Towers with Radar,225,37,11,0,273,0,2,12,0,14,225,39,23,0,287,46,0,46,333
11/11/2020,ONT,CA,AWP,WE,Towers with Radar,230,34,13,0,277,0,1,28,0,29,230,35,41,0,306,146,0,146,452
11/12/2020,ONT,CA,AWP,WE,Towers with Radar,236,34,17,2,289,0,3,9,2,14,236,37,26,4,303,0,0,0,303
11/13/2020,ONT,CA,AWP,WE,Towers with Radar,189,32,6,0,227,0,4,11,1,16,189,36,17,1,243,28,0,28,271
11/14/2020,ONT,CA,AWP,WE,Towers with Radar,132,20,5,0,157,0,2,21,0,23,132,22,26,0,180,26,0,26,206
11/15/2020,ONT,CA,AWP,WE,Towers with Radar,154,2,5,0,161,0,0,8,0,8,154,2,13,0,169,0,0,0,169
11/16/2020,ONT,CA,AWP,WE,Towers with Radar,159,25,12,1,197,0,0,12,1,13,159,25,24,2,210,38,0,38,248
11/17/2020,ONT,CA,AWP,WE,Towers with Radar,224,36,10,0,270,0,1,27,0,28,224,37,37,0,298,114,0,114,412
11/18/2020,ONT,CA,AWP,WE,Towers with Radar,227,34,12,0,273,0,1,10,3,14,227,35,22,3,287,26,0,26,313
11/19/2020,ONT,CA,AWP,WE,Towers with Radar,241,48,15,2,306,0,11,10,0,21,241,59,25,2,327,24,0,24,351
11/20/2020,ONT,CA,AWP,WE,Towers with Radar,198,40,16,0,254,0,3,15,1,19,198,43,31,1,273,24,0,24,297
11/21/2020,ONT,CA,AWP,WE,Towers with Radar,150,21,6,0,177,0,4,10,0,14,150,25,16,0,191,28,0,28,219
11/22/2020,ONT,CA,AWP,WE,Towers with Radar,160,3,7,0,170,0,0,2,0,2,160,3,9,0,172,0,0,0,172
11/23/2020,ONT,CA,AWP,WE,Towers with Radar,191,24,10,0,225,0,2,18,0,20,191,26,28,0,245,8,0,8,253
11/24/2020,ONT,CA,AWP,WE,Towers with Radar,278,36,9,0,323,0,1,26,0,27,278,37,35,0,350,62,0,62,412
11/25/2020,ONT,CA,AWP,WE,Towers with Radar,282,36,13,0,331,0,1,14,1,16,282,37,27,1,347,32,0,32,379
11/26/2020,ONT,CA,AWP,WE,Towers with Radar,120,5,7,0,132,0,0,3,0,3,120,5,10,0,135,4,0,4,139
11/27/2020,ONT,CA,AWP,WE,Towers with Radar,145,39,3,0,187,0,3,9,0,12,145,42,12,0,199,12,0,12,211
11/28/2020,ONT,CA,AWP,WE,Towers with Radar,166,15,8,0,189,0,2,9,0,11,166,17,17,0,200,14,0,14,214
11/29/2020,ONT,CA,AWP,WE,Towers with Radar,169,9,10,0,188,0,0,16,0,16,169,9,26,0,204,14,0,14,218
11/30/2020,ONT,CA,AWP,WE,Towers with Radar,213,28,3,0,244,0,0,11,0,11,213,28,14,0,255,60,0,60,315
12/01/2020,ONT,CA,AWP,WE,Towers with Radar,298,41,1,0,340,0,3,12,0,15,298,44,13,0,355,22,0,22,377
12/02/2020,ONT,CA,AWP,WE,Towers with Radar,275,37,10,0,322,0,2,30,2,34,275,39,40,2,356,0,0,0,356
12/03/2020,ONT,CA,AWP,WE,Towers with Radar,274,40,6,0,320,0,4,14,0,18,274,44,20,0,338,16,0,16,354
12/04/2020,ONT,CA,AWP,WE,Towers with Radar,216,34,4,0,254,0,4,9,0,13,216,38,13,0,267,32,0,32,299
12/05/2020,ONT,CA,AWP,WE,Towers with Radar,144,15,8,0,167,0,4,9,0,13,144,19,17,0,180,32,0,32,212
12/06/2020,ONT,CA,AWP,WE,Towers with Radar,152,2,3,0,157,0,0,5,0,5,152,2,8,0,162,6,0,6,168
12/07/2020,ONT,CA,AWP,WE,Towers with Radar,188,31,9,0,228,0,1,7,0,8,188,32,16,0,236,6,0,6,242
12/08/2020,ONT,CA,AWP,WE,Towers with Radar,263,44,4,0,311,0,6,4,0,10,263,50,8,0,321,14,0,14,335
12/09/2020,ONT,CA,AWP,WE,Towers with Radar,276,37,10,0,323,0,5,6,2,13,276,42,16,2,336,14,0,14,350
12/10/2020,ONT,CA,AWP,WE,Towers with Radar,277,39,10,0,326,0,4,17,0,21,277,43,27,0,347,14,0,14,361
12/11/2020,ONT,CA,AWP,WE,Towers with Radar,199,36,12,0,247,0,2,14,0,16,199,38,26,0,263,52,0,52,315
12/12/2020,ONT,CA,AWP,WE,Towers with Radar,142,15,8,0,165,0,1,3,1,5,142,16,11,1,170,8,0,8,178
12/13/2020,ONT,CA,AWP,WE,Towers with Radar,157,1,3,0,161,0,0,16,0,16,157,1,19,0,177,22,0,22,199
12/14/2020,ONT,CA,AWP,WE,Towers with Radar,183,28,8,0,219,0,3,11,0,14,183,31,19,0,233,24,0,24,257
12/15/2020,ONT,CA,AWP,WE,Towers with Radar,287,41,6,0,334,0,5,8,1,14,287,46,14,1,348,0,0,0,348
12/16/2020,ONT,CA,AWP,WE,Towers with Radar,287,37,3,0,327,0,1,9,2,12,287,38,12,2,339,8,0,8,347
12/17/2020,ONT,CA,AWP,WE,Towers with Radar,295,44,5,0,344,0,0,10,1,11,295,44,15,1,355,14,0,14,369
12/18/2020,ONT,CA,AWP,WE,Towers with Radar,300,41,5,0,346,0,1,2,0,3,300,42,7,0,349,0,0,0,349
12/19/2020,ONT,CA,AWP,WE,Towers with Radar,283,21,5,0,309,0,2,19,0,21,283,23,24,0,330,36,0,36,366
12/20/2020,ONT,CA,AWP,WE,Towers with Radar,239,6,9,0,254,0,0,12,0,12,239,6,21,0,266,12,0,12,278
12/21/2020,ONT,CA,AWP,WE,Towers with Radar,259,33,4,0,296,0,2,7,0,9,259,35,11,0,305,34,0,34,339
12/22/2020,ONT,CA,AWP,WE,Towers with Radar,316,42,12,0,370,0,3,9,0,12,316,45,21,0,382,0,0,0,382
12/23/2020,ONT,CA,AWP,WE,Towers with Radar,330,41,9,0,380,0,3,11,0,14,330,44,20,0,394,0,0,0,394
12/24/2020,ONT,CA,AWP,WE,Towers with Radar,187,38,3,0,228,0,0,2,0,2,187,38,5,0,230,0,0,0,230
12/25/2020,ONT,CA,AWP,WE,Towers with Radar,63,2,1,0,66,0,2,10,0,12,63,4,11,0,78,12,0,12,90
12/26/2020,ONT,CA,AWP,WE,Towers with Radar,123,26,5,0,154,0,3,11,0,14,123,29,16,0,168,0,0,0,168
12/27/2020,ONT,CA,AWP,WE,Towers with Radar,159,11,13,0,183,0,0,4,0,4,159,11,17,0,187,0,0,0,187
12/28/2020,ONT,CA,AWP,WE,Towers with Radar,180,27,6,0,213,0,0,3,0,3,180,27,9,0,216,0,0,0,216
12/29/2020,ONT,CA,AWP,WE,Towers with Radar,279,45,8,0,332,0,2,14,0,16,279,47,22,0,348,70,0,70,418
12/30/2020,ONT,CA,AWP,WE,Towers with Radar,275,40,7,0,322,0,4,23,2,29,275,44,30,2,351,58,0,58,409
12/31/2020,ONT,CA,AWP,WE,Towers with Radar,194,36,3,0,233,0,4,1,0,5,194,40,4,0,238,2,0,2,240
01/01/2021,ONT,CA,AWP,WE,Towers with Radar,79,8,4,0,91,0,1,9,0,10,79,9,13,0,101,18,0,18,119
01/02/2021,ONT,CA,AWP,WE,Towers with Radar,129,27,3,0,159,0,4,17,0,21,129,31,20,0,180,46,0,46,226
01/03/2021,ONT,CA,AWP,WE,Towers with Radar,164,9,13,0,186,0,0,18,0,18,164,9,31,0,204,22,0,22,226
01/04/2021,ONT,CA,AWP,WE,Towers with Radar,180,35,7,0,222,0,1,16,0,17,180,36,23,0,239,6,0,6,245
01/05/2021,ONT,CA,AWP,WE,Towers with Radar,229,39,3,0,271,0,6,10,0,16,229,45,13,0,287,26,0,26,313
01/06/2021,ONT,CA,AWP,WE,Towers with Radar,238,39,9,0,286,0,4,10,0,14,238,43,19,0,300,56,0,56,356
01/07/2021,ONT,CA,AWP,WE,Towers with Radar,228,38,6,0,272,0,4,4,1,9,228,42,10,1,281,34,0,34,315
01/08/2021,ONT,CA,AWP,WE,Towers with Radar,178,39,10,0,227,0,3,16,0,19,178,42,26,0,246,26,0,26,272
01/09/2021,ONT,CA,AWP,WE,Towers with Radar,132,25,4,0,161,0,4,4,0,8,132,29,8,0,169,26,0,26,195
01/10/2021,ONT,CA,AWP,WE,Towers with Radar,129,8,7,2,146,0,0,8,0,8,129,8,15,2,154,6,0,6,160
01/11/2021,ONT,CA,AWP,WE,Towers with Radar,136,28,7,0,171,0,0,11,0,11,136,28,18,0,182,20,0,20,202
01/12/2021,ONT,CA,AWP,WE,Towers with Radar,217,38,11,0,266,0,1,16,0,17,217,39,27,0,283,24,0,24,307
01/13/2021,ONT,CA,AWP,WE,Towers with Radar,213,29,6,0,248,3,11,20,0,34,216,40,26,0,282,28,0,28,310
01/14/2021,ONT,CA,AWP,WE,Towers with Radar,220,40,7,0,267,0,1,5,1,7,220,41,12,1,274,26,0,26,300
01/15/2021,ONT,CA,AWP,WE,Towers with Radar,177,40,9,0,226,0,3,12,1,16,177,43,21,1,242,20,0,20,262
01/16/2021,ONT,CA,AWP,WE,Towers with Radar,123,26,3,0,152,0,0,11,0,11,123,26,14,0,163,7,0,7,170
01/17/2021,ONT,CA,AWP,WE,Towers with Radar,120,7,1,0,128,0,8,13,0,21,120,15,14,0,149,4,0,4,153
01/18/2021,ONT,CA,AWP,WE,Towers with Radar,142,30,6,0,178,0,0,11,1,12,142,30,17,1,190,4,0,4,194
01/19/2021,ONT,CA,AWP,WE,Towers with Radar,212,33,2,0,247,0,2,4,0,6,212,35,6,0,253,0,0,0,253
01/20/2021,ONT,CA,AWP,WE,Towers with Radar,224,43,5,0,272,0,2,5,0,7,224,45,10,0,279,2,0,2,281
01/21/2021,ONT,CA,AWP,WE,Towers with Radar,214,42,19,0,275,0,3,13,3,19,214,45,32,3,294,36,0,36,330
01/22/2021,ONT,CA,AWP,WE,Towers with Radar,169,41,3,0,213,0,2,14,0,16,169,43,17,0,229,18,0,18,247
01/23/2021,ONT,CA,AWP,WE,Towers with Radar,122,23,1,0,146,0,0,0,0,0,122,23,1,0,146,0,0,0,146
01/24/2021,ONT,CA,AWP,WE,Towers with Radar,126,14,12,0,152,0,0,7,0,7,126,14,19,0,159,13,0,13,172
01/25/2021,ONT,CA,AWP,WE,Towers with Radar,141,28,3,0,172,0,0,2,0,2,141,28,5,0,174,0,0,0,174
01/26/2021,ONT,CA,AWP,WE,Towers with Radar,214,40,10,0,264,0,6,10,1,17,214,46,20,1,281,26,0,26,307
01/27/2021,ONT,CA,AWP,WE,Towers with Radar,212,34,3,0,249,0,2,15,0,17,212,36,18,0,266,22,0,22,288
01/28/2021,ONT,CA,AWP,WE,Towers with Radar,218,37,4,0,259,0,3,9,2,14,218,40,13,2,273,2,0,2,275
01/29/2021,ONT,CA,AWP,WE,Towers with Radar,170,46,2,0,218,0,2,2,0,4,170,48,4,0,222,0,0,0,222
01/30/2021,ONT,CA,AWP,WE,Towers with Radar,123,19,3,0,145,0,3,23,0,26,123,22,26,0,171,115,0,115,286
01/31/2021,ONT,CA,AWP,WE,Towers with Radar,130,7,2,0,139,0,1,15,0,16,130,8,17,0,155,32,0,32,187
02/01/2021,ONT,CA,AWP,WE,Towers with Radar,140,26,8,0,174,0,0,8,0,8,140,26,16,0,182,40,0,40,222
02/02/2021,ONT,CA,AWP,WE,Towers with Radar,208,40,7,0,255,0,5,13,1,19,208,45,20,1,274,2,0,2,276
02/03/2021,ONT,CA,AWP,WE,Towers with Radar,215,40,14,0,269,0,3,22,0,25,215,43,36,0,294,34,0,34,328
02/04/2021,ONT,CA,AWP,WE,Towers with Radar,220,40,9,0,269,0,1,16,0,17,220,41,25,0,286,14,0,14,300
02/05/2021,ONT,CA,AWP,WE,Towers with Radar,167,43,7,0,217,0,4,48,1,53,167,47,55,1,270,102,0,102,372
02/06/2021,ONT,CA,AWP,WE,Towers with Radar,121,21,9,0,151,0,5,19,1,25,121,26,28,1,176,40,0,40,216
02/07/2021,ONT,CA,AWP,WE,Towers with Radar,134,8,8,0,150,0,0,10,0,10,134,8,18,0,160,36,0,36,196
02/08/2021,ONT,CA,AWP,WE,Towers with Radar,136,29,5,0,170,0,0,8,0,8,136,29,13,0,178,8,0,8,186
02/09/2021,ONT,CA,AWP,WE,Towers with Radar,219,42,9,0,270,0,1,2,0,3,219,43,11,0,273,0,0,0,273
02/10/2021,ONT,CA,AWP,WE,Towers with Radar,214,40,17,0,271,0,4,18,0,22,214,44,35,0,293,34,0,34,327
02/11/2021,ONT,CA,AWP,WE,Towers with Radar,204,39,16,0,259,0,3,25,0,28,204,42,41,0,287,46,0,46,333
02/12/2021,ONT,CA,AWP,WE,Towers with Radar,175,42,9,0,226,0,3,8,0,11,175,45,17,0,237,8,0,8,245
02/13/2021,ONT,CA,AWP,WE,Towers with Radar,122,28,6,0,156,0,0,19,0,19,122,28,25,0,175,52,0,52,227
02/14/2021,ONT,CA,AWP,WE,Towers with Radar,120,8,5,0,133,0,0,18,0,18,120,8,23,0,151,24,0,24,175
02/15/2021,ONT,CA,AWP,WE,Towers with Radar,124,32,8,0,164,0,0,15,0,15,124,32,23,0,179,44,0,44,223
02/16/2021,ONT,CA,AWP,WE,Towers with Radar,162,36,6,0,204,0,3,8,0,11,162,39,14,0,215,30,0,30,245
02/17/2021,ONT,CA,AWP,WE,Towers with Radar,191,37,9,0,237,0,2,16,3,21,191,39,25,3,258,32,0,32,290
02/18/2021,ONT,CA,AWP,WE,Towers with Radar,198,39,7,0,244,1,4,14,0,19,199,43,21,0,263,4,0,4,267
02/19/2021,ONT,CA,AWP,WE,Towers with Radar,171,38,2,0,211,0,3,19,0,22,171,41,21,0,233,10,0,10,243
02/20/2021,ONT,CA,AWP,WE,Towers with Radar,119,22,5,0,146,0,5,11,0,16,119,27,16,0,162,44,0,44,206
02/21/2021,ONT,CA,AWP,WE,Towers with Radar,136,13,9,2,160,0,2,12,0,14,136,15,21,2,174,0,0,0,174
02/22/2021,ONT,CA,AWP,WE,Towers with Radar,141,35,13,0,189,0,1,14,0,15,141,36,27,0,204,16,0,16,220
02/23/2021,ONT,CA,AWP,WE,Towers with Radar,207,44,7,0,258,0,3,13,0,16,207,47,20,0,274,14,0,14,288
02/24/2021,ONT,CA,AWP,WE,Towers with Radar,211,41,16,0,268,0,2,16,0,18,211,43,32,0,286,34,0,34,320
02/25/2021,ONT,CA,AWP,WE,Towers with Radar,218,41,3,2,264,0,4,10,0,14,218,45,13,2,278,0,0,0,278
02/26/2021,ONT,CA,AWP,WE,Towers with Radar,170,40,12,2,224,0,5,15,1,21,170,45,27,3,245,36,0,36,281
02/27/2021,ONT,CA,AWP,WE,Towers with Radar,119,22,8,0,149,0,8,25,0,33,119,30,33,0,182,106,0,106,288
02/28/2021,ONT,CA,AWP,WE,Towers with Radar,135,12,5,2,154,0,4,12,0,16,135,16,17,2,170,10,0,10,180
03/01/2021,ONT,CA,AWP,WE,Towers with Radar,143,35,8,0,186,0,4,11,0,15,143,39,19,0,201,14,0,14,215
03/02/2021,ONT,CA,AWP,WE,Towers with Radar,213,35,6,4,258,0,8,15,0,23,213,43,21,4,281,34,0,34,315
03/03/2021,ONT,CA,AWP,WE,Towers with Radar,213,43,15,0,271,0,4,4,1,9,213,47,19,1,280,2,0,2,282
03/04/2021,ONT,CA,AWP,WE,Towers with Radar,225,38,6,0,269,0,7,12,0,19,225,45,18,0,288,34,0,34,322
03/05/2021,ONT,CA,AWP,WE,Towers with Radar,176,35,3,0,214,0,5,11,2,18,176,40,14,2,232,42,0,42,274
03/06/2021,ONT,CA,AWP,WE,Towers with Radar,129,19,1,0,149,0,9,11,0,20,129,28,12,0,169,6,0,6,175
03/07/2021,ONT,CA,AWP,WE,Towers with Radar,153,4,3,0,160,0,2,9,0,11,153,6,12,0,171,28,0,28,199
03/08/2021,ONT,CA,AWP,WE,Towers with Radar,162,30,18,0,210,0,0,4,0,4,162,30,22,0,214,14,0,14,228
03/09/2021,ONT,CA,AWP,WE,Towers with Radar,225,39,8,0,272,0,3,11,0,14,225,42,19,0,286,22,0,22,308
03/10/2021,ONT,CA,AWP,WE,Towers with Radar,226,46,11,0,283,0,2,2,2,6,226,48,13,2,289,0,0,0,289
03/11/2021,ONT,CA,AWP,WE,Towers with Radar,247,39,15,0,301,0,2,5,1,8,247,41,20,1,309,18,0,18,327
03/12/2021,ONT,CA,AWP,WE,Towers with Radar,191,35,5,0,231,0,3,13,2,18,191,38,18,2,249,44,0,44,293
03/13/2021,ONT,CA,AWP,WE,Towers with Radar,139,20,0,0,159,0,3,11,0,14,139,23,11,0,173,30,0,30,203
03/14/2021,ONT,CA,AWP,WE,Towers with Radar,144,5,14,0,163,0,2,6,0,8,144,7,20,0,171,42,0,42,213
03/15/2021,ONT,CA,AWP,WE,Towers with Radar,162,26,17,0,205,0,0,9,0,9,162,26,26,0,214,38,0,38,252
03/16/2021,ONT,CA,AWP,WE,Towers with Radar,234,49,12,0,295,0,6,22,1,29,234,55,34,1,324,6,0,6,330
03/17/2021,ONT,CA,AWP,WE,Towers with Radar,230,42,14,0,286,0,7,17,0,24,230,49,31,0,310,32,0,32,342
03/18/2021,ONT,CA,AWP,WE,Towers with Radar,235,45,15,0,295,0,6,20,1,27,235,51,35,1,322,2,0,2,324
03/19/2021,ONT,CA,AWP,WE,Towers with Radar,192,40,10,2,244,0,5,18,0,23,192,45,28,2,267,18,0,18,285
03/20/2021,ONT,CA,AWP,WE,Towers with Radar,133,18,5,0,156,0,1,5,0,6,133,19,10,0,162,10,0,10,172
03/21/2021,ONT,CA,AWP,WE,Towers with Radar,156,4,11,0,171,0,2,4,0,6,156,6,15,0,177,0,0,0,177
03/22/2021,ONT,CA,AWP,WE,Towers with Radar,160,25,4,0,189,0,3,14,0,17,160,28,18,0,206,20,0,20,226
03/23/2021,ONT,CA,AWP,WE,Towers with Radar,242,40,13,0,295,0,4,12,2,18,242,44,25,2,313,24,0,24,337
03/24/2021,ONT,CA,AWP,WE,Towers with Radar,241,32,11,0,284,0,3,9,0,12,241,35,20,0,296,10,0,10,306
03/25/2021,ONT,CA,AWP,WE,Towers with Radar,242,38,19,4,303,0,2,3,0,5,242,40,22,4,308,12,0,12,320
03/26/2021,ONT,CA,AWP,WE,Towers with Radar,187,43,10,0,240,0,9,10,0,19,187,52,20,0,259,8,0,8,267
03/27/2021,ONT,CA,AWP,WE,Towers with Radar,135,17,5,0,157,0,7,13,0,20,135,24,18,0,177,38,0,38,215
03/28/2021,ONT,CA,AWP,WE,Towers with Radar,154,3,6,0,163,0,0,13,0,13,154,3,19,0,176,10,0,10,186
03/29/2021,ONT,CA,AWP,WE,Towers with Radar,162,28,15,0,205,0,2,11,0,13,162,30,26,0,218,6,0,6,224
03/30/2021,ONT,CA,AWP,WE,Towers with Radar,229,34,8,2,273,0,2,14,0,16,229,36,22,2,289,22,0,22,311
03/31/2021,ONT,CA,AWP,WE,Towers with Radar,242,39,12,0,293,0,4,8,2,14,242,43,20,2,307,0,0,0,307
04/01/2021,ONT,CA,AWP,WE,Towers with Radar,235,40,2,0,277,0,2,4,0,6,235,42,6,0,283,2,0,2,285
04/02/2021,ONT,CA,AWP,WE,Towers with Radar,185,40,3,0,228,0,3,15,0,18,185,43,18,0,246,30,0,30,276
04/03/2021,ONT,CA,AWP,WE,Towers with Radar,130,25,2,0,157,0,2,7,0,9,130,27,9,0,166,86,0,86,252
04/04/2021,ONT,CA,AWP,WE,Towers with Radar,147,9,1,0,157,0,0,5,0,5,147,9,6,0,162,0,0,0,162
04/05/2021,ONT,CA,AWP,WE,Towers with Radar,158,29,8,2,197,0,1,19,0,20,158,30,27,2,217,8,0,8,225
04/06/2021,ONT,CA,AWP,WE,Towers with Radar,227,35,12,0,274,0,3,19,0,22,227,38,31,0,296,78,0,78,374
04/07/2021,ONT,CA,AWP,WE,Towers with Radar,233,36,8,0,277,0,4,11,0,15,233,40,19,0,292,20,0,20,312
04/08/2021,ONT,CA,AWP,WE,Towers with Radar,235,47,13,2,297,0,6,19,0,25,235,53,32,2,322,42,0,42,364
04/09/2021,ONT,CA,AWP,WE,Towers with Radar,183,38,6,0,227,0,3,9,1,13,183,41,15,1,240,43,0,43,283
04/10/2021,ONT,CA,AWP,WE,Towers with Radar,133,19,9,0,161,0,3,11,0,14,133,22,20,0,175,12,0,12,187
04/11/2021,ONT,CA,AWP,WE,Towers with Radar,155,11,7,0,173,0,3,5,0,8,155,14,12,0,181,66,0,66,247
04/12/2021,ONT,CA,AWP,WE,Towers with Radar,156,29,12,0,197,0,1,6,1,8,156,30,18,1,205,0,0,0,205
04/13/2021,ONT,CA,AWP,WE,Towers with Radar,216,38,6,0,260,0,0,12,0,12,216,38,18,0,272,16,0,16,288
04/14/2021,ONT,CA,AWP,WE,Towers with Radar,220,36,25,0,281,0,2,12,0,14,220,38,37,0,295,20,0,20,315
04/15/2021,ONT,CA,AWP,WE,Towers with Radar,226,40,12,1,279,0,3,13,1,17,226,43,25,2,296,0,0,0,296
04/16/2021,ONT,CA,AWP,WE,Towers with Radar,179,42,8,0,229,0,5,15,0,20,179,47,23,0,249,0,0,0,249
04/17/2021,ONT,CA,AWP,WE,Towers with Radar,133,25,7,0,165,0,0,7,0,7,133,25,14,0,172,36,0,36,208
04/18/2021,ONT,CA,AWP,WE,Towers with Radar,144,7,6,0,157,0,0,4,0,4,144,7,10,0,161,0,0,0,161
04/19/2021,ONT,CA,AWP,WE,Towers with Radar,151,27,7,0,185,0,2,14,0,16,151,29,21,0,201,6,0,6,207
04/20/2021,ONT,CA,AWP,WE,Towers with Radar,216,37,12,2,267,0,3,16,0,19,216,40,28,2,286,10,0,10,296
04/21/2021,ONT,CA,AWP,WE,Towers with Radar,219,41,23,0,283,0,0,1,1,2,219,41,24,1,285,8,0,8,293
04/22/2021,ONT,CA,AWP,WE,Towers with Radar,225,48,9,0,282,0,0,11,1,12,225,48,20,1,294,16,0,16,310
04/23/2021,ONT,CA,AWP,WE,Towers with Radar,170,43,10,0,223,0,1,13,0,14,170,44,23,0,237,44,0,44,281
04/24/2021,ONT,CA,AWP,WE,Towers with Radar,129,29,12,0,170,0,0,8,0,8,129,29,20,0,178,42,0,42,220
04/25/2021,ONT,CA,AWP,WE,Towers with Radar,140,6,8,0,154,0,0,8,0,8,140,6,16,0,162,20,0,20,182
04/26/2021,ONT,CA,AWP,WE,Towers with Radar,148,28,7,0,183,0,0,15,0,15,148,28,22,0,198,0,0,0,198
04/27/2021,ONT,CA,AWP,WE,Towers with Radar,213,39,16,0,268,0,2,11,2,15,213,41,27,2,283,0,0,0,283
04/28/2021,ONT,CA,AWP,WE,Towers with Radar,226,39,14,0,279,0,5,8,0,13,226,44,22,0,292,22,0,22,314
04/29/2021,ONT,CA,AWP,WE,Towers with Radar,226,50,11,0,287,0,23,10,0,33,226,73,21,0,320,34,0,34,354
04/30/2021,ONT,CA,AWP,WE,Towers with Radar,176,37,11,2,226,0,6,7,2,15,176,43,18,4,241,6,0,6,247
05/01/2021,ONT,CA,AWP,WE,Towers with Radar,131,24,3,1,159,0,6,7,2,15,131,30,10,3,174,32,0,32,206
05/02/2021,ONT,CA,AWP,WE,Towers with Radar,138,10,13,0,161,0,0,15,0,15,138,10,28,0,176,12,0,12,188
05/03/2021,ONT,CA,AWP,WE,Towers with Radar,164,27,11,0,202,0,3,12,0,15,164,30,23,0,217,48,0,48,265
05/04/2021,ONT,CA,AWP,WE,Towers with Radar,217,42,9,0,268,0,2,22,0,24,217,44,31,0,292,44,0,44,336
05/05/2021,ONT,CA,AWP,WE,Towers with Radar,231,42,11,0,284,0,2,15,0,17,231,44,26,0,301,18,0,18,319
05/06/2021,ONT,CA,AWP,WE,Towers with Radar,236,44,14,0,294,0,3,11,0,14,236,47,25,0,308,22,0,22,330
05/07/2021,ONT,CA,AWP,WE,Towers with Radar,184,41,11,0,236,0,6,5,0,11,184,47,16,0,247,34,0,34,281
05/08/2021,ONT,CA,AWP,WE,Towers with Radar,140,24,6,0,170,0,4,7,0,11,140,28,13,0,181,0,0,0,181
05/09/2021,ONT,CA,AWP,WE,Towers with Radar,153,11,7,0,171,0,0,3,0,3,153,11,10,0,174,12,0,12,186
05/10/2021,ONT,CA,AWP,WE,Towers with Radar,161,28,4,0,193,0,3,7,0,10,161,31,11,0,203,24,0,24,227
05/11/2021,ONT,CA,AWP,WE,Towers with Radar,225,39,10,0,274,0,9,7,0,16,225,48,17,0,290,40,0,40,330
05/12/2021,ONT,CA,AWP,WE,Towers with Radar,238,45,10,0,293,0,2,10,0,12,238,47,20,0,305,18,0,18,323
05/13/2021,ONT,CA,AWP,WE,Towers with Radar,244,39,16,0,299,0,2,9,0,11,244,41,25,0,310,0,0,0,310
05/14/2021,ONT,CA,AWP,WE,Towers with Radar,182,40,9,0,231,0,1,11,0,12,182,41,20,0,243,24,0,24,267
05/15/2021,ONT,CA,AWP,WE,Towers with Radar,136,27,7,2,172,0,3,15,0,18,136,30,22,2,190,74,0,74,264
05/16/2021,ONT,CA,AWP,WE,Towers with Radar,154,9,6,1,170,0,0,5,1,6,154,9,11,2,176,0,0,0,176
05/17/2021,ONT,CA,AWP,WE,Towers with Radar,167,27,10,0,204,0,0,14,1,15,167,27,24,1,219,14,0,14,233
05/18/2021,ONT,CA,AWP,WE,Towers with Radar,225,35,18,0,278,0,2,27,0,29,225,37,45,0,307,22,0,22,329
05/19/2021,ONT,CA,AWP,WE,Towers with Radar,232,46,19,0,297,0,2,11,3,16,232,48,30,3,313,0,0,0,313
05/20/2021,ONT,CA,AWP,WE,Towers with Radar,239,37,20,0,296,1,1,8,0,10,240,38,28,0,306,2,0,2,308
05/21/2021,ONT,CA,AWP,WE,Towers with Radar,192,38,17,0,247,0,4,4,0,8,192,42,21,0,255,4,0,4,259
05/22/2021,ONT,CA,AWP,WE,Towers with Radar,136,25,7,0,168,0,3,15,0,18,136,28,22,0,186,56,0,56,242
05/23/2021,ONT,CA,AWP,WE,Towers with Radar,150,10,6,0,166,0,3,16,0,19,150,13,22,0,185,48,0,48,233
05/24/2021,ONT,CA,AWP,WE,Towers with Radar,174,29,11,0,214,0,1,6,0,7,174,30,17,0,221,16,0,16,237
05/25/2021,ONT,CA,AWP,WE,Towers with Radar,228,37,13,0,278,0,8,13,0,21,228,45,26,0,299,8,0,8,307
05/26/2021,ONT,CA,AWP,WE,Towers with Radar,226,44,13,0,283,0,6,11,0,17,226,50,24,0,300,22,0,22,322
05/27/2021,ONT,CA,AWP,WE,Towers with Radar,245,37,14,0,296,0,9,21,0,30,245,46,35,0,326,58,0,58,384
05/28/2021,ONT,CA,AWP,WE,Towers with Radar,185,41,7,0,233,0,5,14,0,19,185,46,21,0,252,44,0,44,296
05/29/2021,ONT,CA,AWP,WE,Towers with Radar,128,28,2,0,158,0,4,14,0,18,128,32,16,0,176,0,0,0,176
05/30/2021,ONT,CA,AWP,WE,Towers with Radar,150,6,5,0,161,0,3,6,0,9,150,9,11,0,170,0,0,0,170
05/31/2021,ONT,CA,AWP,WE,Towers with Radar,139,8,9,0,156,0,2,15,0,17,139,10,24,0,173,44,0,44,217
06/01/2021,ONT,CA,AWP,WE,Towers with Radar,168,25,11,0,204,0,3,21,1,25,168,28,32,1,229,36,0,36,265
06/02/2021,ONT,CA,AWP,WE,Towers with Radar,247,40,7,0,294,0,1,13,0,14,247,41,20,0,308,26,0,26,334
06/03/2021,ONT,CA,AWP,WE,Towers with Radar,244,42,13,0,299,1,6,15,1,23,245,48,28,1,322,26,0,26,348
06/04/2021,ONT,CA,AWP,WE,Towers with Radar,188,45,10,1,244,0,4,14,0,18,188,49,24,1,262,40,0,40,302
06/05/2021,ONT,CA,AWP,WE,Towers with Radar,138,20,8,0,166,0,3,21,0,24,138,23,29,0,190,56,0,56,246
06/06/2021,ONT,CA,AWP,WE,Towers with Radar,139,6,6,0,151,0,0,7,0,7,139,6,13,0,158,4,0,4,162
06/07/2021,ONT,CA,AWP,WE,Towers with Radar,172,25,8,0,205,0,1,18,0,19,172,26,26,0,224,18,0,18,242
06/08/2021,ONT,CA,AWP,WE,Towers with Radar,253,36,15,0,304,0,5,11,0,16,253,41,26,0,320,24,0,24,344
06/09/2021,ONT,CA,AWP,WE,Towers with Radar,250,40,7,0,297,0,3,15,0,18,250,43,22,0,315,18,0,18,333
06/10/2021,ONT,CA,AWP,WE,Towers with Radar,255,42,9,2,308,0,3,25,0,28,255,45,34,2,336,56,0,56,392
06/11/2021,ONT,CA,AWP,WE,Towers with Radar,201,42,11,0,254,0,3,16,3,22,201,45,27,3,276,96,0,96,372
06/12/2021,ONT,CA,AWP,WE,Towers with Radar,137,19,4,0,160,0,5,7,1,13,137,24,11,1,173,8,0,8,181
06/13/2021,ONT,CA,AWP,WE,Towers with Radar,148,6,0,0,154,0,0,16,0,16,148,6,16,0,170,60,0,60,230
06/14/2021,ONT,CA,AWP,WE,Towers with Radar,181,31,17,0,229,0,1,18,0,19,181,32,35,0,248,135,0,135,383
06/15/2021,ONT,CA,AWP,WE,Towers with Radar,247,43,8,2,300,0,5,23,0,28,247,48,31,2,328,62,0,62,390
06/16/2021,ONT,CA,AWP,WE,Towers with Radar,242,43,11,0,296,0,3,7,0,10,242,46,18,0,306,10,0,10,316
06/17/2021,ONT,CA,AWP,WE,Towers with Radar,255,41,15,0,311,0,3,29,0,32,255,44,44,0,343,62,0,62,405
06/18/2021,ONT,CA,AWP,WE,Towers with Radar,209,40,10,0,259,0,9,12,0,21,209,49,22,0,280,40,0,40,320
06/19/2021,ONT,CA,AWP,WE,Towers with Radar,141,20,6,0,167,0,4,28,2,34,141,24,34,2,201,84,0,84,285
06/20/2021,ONT,CA,AWP,WE,Towers with Radar,154,10,8,0,172,0,0,9,0,9,154,10,17,0,181,14,0,14,195
06/21/2021,ONT,CA,AWP,WE,Towers with Radar,184,31,9,0,224,0,1,15,0,16,184,32,24,0,240,22,0,22,262
06/22/2021,ONT,CA,AWP,WE,Towers with Radar,252,44,15,0,311,1,2,6,0,9,253,46,21,0,320,12,0,12,332
06/23/2021,ONT,CA,AWP,WE,Towers with Radar,244,42,16,2,304,0,4,26,0,30,244,46,42,2,334,82,0,82,416
06/24/2021,ONT,CA,AWP,WE,Towers with Radar,258,44,11,0,313,0,2,20,2,24,258,46,31,2,337,46,0,46,383
06/25/2021,ONT,CA,AWP,WE,Towers with Radar,204,41,19,0,264,0,5,12,0,17,204,46,31,0,281,78,0,78,359
06/26/2021,ONT,CA,AWP,WE,Towers with Radar,138,22,2,0,162,0,5,16,0,21,138,27,18,0,183,8,0,8,191
06/27/2021,ONT,CA,AWP,WE,Towers with Radar,147,8,14,0,169,0,0,8,0,8,147,8,22,0,177,50,0,50,227
06/28/2021,ONT,CA,AWP,WE,Towers with Radar,185,26,14,0,225,0,5,18,0,23,185,31,32,0,248,22,0,22,270
06/29/2021,ONT,CA,AWP,WE,Towers with Radar,248,34,15,0,297,0,5,27,1,33,248,39,42,1,330,58,0,58,388
06/30/2021,ONT,CA,AWP,WE,Towers with Radar,250,40,16,0,306,0,5,24,0,29,250,45,40,0,335,94,0,94,429
07/01/2021,ONT,CA,AWP,WE,Towers with Radar,257,37,13,0,307,0,3,18,0,21,257,40,31,0,328,66,0,66,394
07/02/2021,ONT,CA,AWP,WE,Towers with Radar,195,39,9,0,243,0,4,15,0,19,195,43,24,0,262,40,0,40,302
07/03/2021,ONT,CA,AWP,WE,Towers with Radar,134,25,7,0,166,0,3,15,0,18,134,28,22,0,184,36,0,36,220
07/04/2021,ONT,CA,AWP,WE,Towers with Radar,121,6,4,0,131,0,0,12,0,12,121,6,16,0,143,0,0,0,143
07/05/2021,ONT,CA,AWP,WE,Towers with Radar,144,19,15,0,178,0,0,12,0,12,144,19,27,0,190,46,0,46,236
07/06/2021,ONT,CA,AWP,WE,Towers with Radar,183,28,4,0,215,0,4,21,0,25,183,32,25,0,240,46,0,46,286
07/07/2021,ONT,CA,AWP,WE,Towers with Radar,260,43,9,0,312,0,4,21,1,26,260,47,30,1,338,46,0,46,384
07/08/2021,ONT,CA,AWP,WE,Towers with Radar,258,37,15,0,310,0,4,23,0,27,258,41,38,0,337,32,0,32,369
07/09/2021,ONT,CA,AWP,WE,Towers with Radar,209,37,16,0,262,0,7,27,0,34,209,44,43,0,296,88,0,88,384
07/10/2021,ONT,CA,AWP,WE,Towers with Radar,148,22,12,0,182,0,11,12,0,23,148,33,24,0,205,44,0,44,249
07/11/2021,ONT,CA,AWP,WE,Towers with Radar,148,4,10,0,162,0,0,5,0,5,148,4,15,0,167,14,0,14,181
07/12/2021,ONT,CA,AWP,WE,Towers with Radar,182,23,8,0,213,0,2,20,0,22,182,25,28,0,235,42,0,42,277
07/13/2021,ONT,CA,AWP,WE,Towers with Radar,250,35,16,0,301,0,6,17,0,23,250,41,33,0,324,50,0,50,374
07/14/2021,ONT,CA,AWP,WE,Towers with Radar,248,42,6,0,296,0,3,12,0,15,248,45,18,0,311,34,0,34,345
07/15/2021,ONT,CA,AWP,WE,Towers with Radar,271,39,16,0,326,0,4,29,0,33,271,43,45,0,359,38,0,38,397
07/16/2021,ONT,CA,AWP,WE,Towers with Radar,211,43,6,0,260,0,3,25,0,28,211,46,31,0,288,14,0,14,302
07/17/2021,ONT,CA,AWP,WE,Towers with Radar,150,30,4,0,184,0,4,7,0,11,150,34,11,0,195,32,0,32,227
07/18/2021,ONT,CA,AWP,WE,Towers with Radar,155,12,2,0,169,0,0,13,0,13,155,12,15,0,182,20,0,20,202
07/19/2021,ONT,CA,AWP,WE,Towers with Radar,181,24,9,0,214,0,3,12,0,15,181,27,21,0,229,40,0,40,269
07/20/2021,ONT,CA,AWP,WE,Towers with Radar,250,35,10,0,295,0,5,25,0,30,250,40,35,0,325,10,0,10,335
07/21/2021,ONT,CA,AWP,WE,Towers with Radar,251,34,9,0,294,0,5,20,1,26,251,39,29,1,320,24,0,24,344
07/22/2021,ONT,CA,AWP,WE,Towers with Radar,255,34,13,0,302,0,3,14,1,18,255,37,27,1,320,12,0,12,332
07/23/2021,ONT,CA,AWP,WE,Towers with Radar,209,35,10,0,254,0,4,28,0,32,209,39,38,0,286,56,0,56,342
07/24/2021,ONT,CA,AWP,WE,Towers with Radar,151,22,7,0,180,0,2,15,0,17,151,24,22,0,197,26,0,26,223
07/25/2021,ONT,CA,AWP,WE,Towers with Radar,153,4,4,0,161,0,0,10,0,10,153,4,14,0,171,0,0,0,171
07/26/2021,ONT,CA,AWP,WE,Towers with Radar,181,27,8,0,216,0,2,6,0,8,181,29,14,0,224,6,0,6,230
07/27/2021,ONT,CA,AWP,WE,Towers with Radar,248,36,6,0,290,1,4,23,0,28,249,40,29,0,318,4,0,4,322
07/28/2021,ONT,CA,AWP,WE,Towers with Radar,256,43,13,0,312,0,3,13,1,17,256,46,26,1,329,2,0,2,331
07/29/2021,ONT,CA,AWP,WE,Towers with Radar,266,35,13,2,316,0,3,22,0,25,266,38,35,2,341,20,0,20,361
07/30/2021,ONT,CA,AWP,WE,Towers with Radar,208,41,10,2,261,0,5,31,0,36,208,46,41,2,297,48,0,48,345
07/31/2021,ONT,CA,AWP,WE,Towers with Radar,161,18,6,0,185,0,3,12,0,15,161,21,18,0,200,18,0,18,218
08/01/2021,ONT,CA,AWP,WE,Towers with Radar,140,13,10,0,163,0,1,13,0,14,140,14,23,0,177,6,0,6,183
08/02/2021,ONT,CA,AWP,WE,Towers with Radar,184,28,13,0,225,0,3,16,0,19,184,31,29,0,244,14,0,14,258
08/03/2021,ONT,CA,AWP,WE,Towers with Radar,251,37,8,0,296,0,2,22,0,24,251,39,30,0,320,72,0,72,392
08/04/2021,ONT,CA,AWP,WE,Towers with Radar,262,34,10,0,306,0,2,21,0,23,262,36,31,0,329,42,0,42,371
08/05/2021,ONT,CA,AWP,WE,Towers with Radar,265,37,18,0,320,0,3,12,0,15,265,40,30,0,335,16,0,16,351
08/06/2021,ONT,CA,AWP,WE,Towers with Radar,211,36,17,0,264,0,4,17,1,22,211,40,34,1,286,16,0,16,302
08/07/2021,ONT,CA,AWP,WE,Towers with Radar,153,19,9,0,181,0,2,14,0,16,153,21,23,0,197,0,0,0,197
08/08/2021,ONT,CA,AWP,WE,Towers with Radar,154,4,6,0,164,0,3,11,0,14,154,7,17,0,178,0,0,0,178
08/09/2021,ONT,CA,AWP,WE,Towers with Radar,195,28,7,2,232,0,4,17,0,21,195,32,24,2,253,17,0,17,270
08/10/2021,ONT,CA,AWP,WE,Towers with Radar,260,33,12,0,305,0,4,15,0,19,260,37,27,0,324,36,0,36,360
08/11/2021,ONT,CA,AWP,WE,Towers with Radar,263,33,6,0,302,0,3,14,0,17,263,36,20,0,319,4,0,4,323
08/12/2021,ONT,CA,AWP,WE,Towers with Radar,264,35,12,0,311,0,6,19,1,26,264,41,31,1,337,14,0,14,351
08/13/2021,ONT,CA,AWP,WE,Towers with Radar,213,38,15,2,268,0,5,17,1,23,213,43,32,3,291,36,0,36,327
08/14/2021,ONT,CA,AWP,WE,Towers with Radar,139,27,3,0,169,0,3,19,0,22,139,30,22,0,191,8,0,8,199
08/15/2021,ONT,CA,AWP,WE,Towers with Radar,149,10,6,0,165,0,2,13,0,15,149,12,19,0,180,42,0,42,222
08/16/2021,ONT,CA,AWP,WE,Towers with Radar,186,33,10,0,229,0,1,18,0,19,186,34,28,0,248,28,0,28,276
08/17/2021,ONT,CA,AWP,WE,Towers with Radar,252,42,9,0,303,0,4,15,0,19,252,46,24,0,322,10,0,10,332
08/18/2021,ONT,CA,AWP,WE,Towers with Radar,264,43,11,2,320,0,3,9,0,12,264,46,20,2,332,6,0,6,338
08/19/2021,ONT,CA,AWP,WE,Towers with Radar,263,32,13,0,308,0,3,18,0,21,263,35,31,0,329,4,0,4,333
08/20/2021,ONT,CA,AWP,WE,Towers with Radar,221,41,11,0,273,0,2,8,0,10,221,43,19,0,283,18,0,18,301
08/21/2021,ONT,CA,AWP,WE,Towers with Radar,149,25,2,1,177,0,0,5,0,5,149,25,7,1,182,8,0,8,190
08/22/2021,ONT,CA,AWP,WE,Towers with Radar,153,7,13,0,173,0,0,9,0,9,153,7,22,0,182,0,0,0,182
08/23/2021,ONT,CA,AWP,WE,Towers with Radar,184,31,8,0,223,0,3,9,1,13,184,34,17,1,236,12,0,12,248
08/24/2021,ONT,CA,AWP,WE,Towers with Radar,252,40,5,0,297,0,4,12,0,16,252,44,17,0,313,2,0,2,315
08/25/2021,ONT,CA,AWP,WE,Towers with Radar,252,36,11,0,299,0,4,13,0,17,252,40,24,0,316,43,0,43,359
08/26/2021,ONT,CA,AWP,WE,Towers with Radar,260,40,15,2,317,0,4,13,0,17,260,44,28,2,334,6,0,6,340
08/27/2021,ONT,CA,AWP,WE,Towers with Radar,213,39,5,2,259,0,5,16,0,21,213,44,21,2,280,18,0,18,298
08/28/2021,ONT,CA,AWP,WE,Towers with Radar,148,22,8,0,178,0,6,9,0,15,148,28,17,0,193,0,0,0,193
08/29/2021,ONT,CA,AWP,WE,Towers with Radar,143,7,4,0,154,0,0,11,0,11,143,7,15,0,165,32,0,32,197
08/30/2021,ONT,CA,AWP,WE,Towers with Radar,185,31,2,1,219,1,2,10,0,13,186,33,12,1,232,6,0,6,238
08/31/2021,ONT,CA,AWP,WE,Towers with Radar,251,38,10,0,299,0,4,7,0,11,251,42,17,0,310,12,0,12,322
09/01/2021,ONT,CA,AWP,WE,Towers with Radar,258,50,16,0,324,0,2,13,1,16,258,52,29,1,340,46,0,46,386
09/02/2021,ONT,CA,AWP,WE,Towers with Radar,264,38,11,0,313,0,4,12,0,16,264,42,23,0,329,34,0,34,363
09/03/2021,ONT,CA,AWP,WE,Towers with Radar,222,46,13,0,281,0,6,6,0,12,222,52,19,0,293,4,0,4,297
09/04/2021,ONT,CA,AWP,WE,Towers with Radar,141,20,7,0,168,0,4,18,0,22,141,24,25,0,190,10,0,10,200
09/05/2021,ONT,CA,AWP,WE,Towers with Radar,139,5,3,0,147,0,2,11,0,13,139,7,14,0,160,10,0,10,170
09/06/2021,ONT,CA,AWP,WE,Towers with Radar,156,11,7,0,174,0,1,3,0,4,156,12,10,0,178,6,0,6,184
09/07/2021,ONT,CA,AWP,WE,Towers with Radar,172,28,12,0,212,1,4,14,0,19,173,32,26,0,231,6,0,6,237
09/08/2021,ONT,CA,AWP,WE,Towers with Radar,248,43,11,0,302,0,3,9,0,12,248,46,20,0,314,2,0,2,316
09/09/2021,ONT,CA,AWP,WE,Towers with Radar,276,47,11,0,334,0,3,40,0,43,276,50,51,0,377,18,0,18,395
09/10/2021,ONT,CA,AWP,WE,Towers with Radar,231,44,9,0,284,0,1,20,0,21,231,45,29,0,305,8,0,8,313
09/11/2021,ONT,CA,AWP,WE,Towers with Radar,157,36,4,0,197,0,2,12,0,14,157,38,16,0,211,0,0,0,211
09/12/2021,ONT,CA,AWP,WE,Towers with Radar,171,17,12,0,200,0,2,11,0,13,171,19,23,0,213,20,0,20,233
09/13/2021,ONT,CA,AWP,WE,Towers with Radar,187,32,13,0,232,0,0,15,0,15,187,32,28,0,247,4,0,4,251
09/14/2021,ONT,CA,AWP,WE,Towers with Radar,239,39,13,0,291,0,2,18,1,21,239,41,31,1,312,6,0,6,318
09/15/2021,ONT,CA,AWP,WE,Towers with Radar,253,39,10,0,302,0,5,28,1,34,253,44,38,1,336,14,0,14,350
09/16/2021,ONT,CA,AWP,WE,Towers with Radar,276,41,9,2,328,0,4,17,1,22,276,45,26,3,350,18,0,18,368
09/17/2021,ONT,CA,AWP,WE,Towers with Radar,225,43,13,0,281,0,2,8,0,10,225,45,21,0,291,2,0,2,293
09/18/2021,ONT,CA,AWP,WE,Towers with Radar,164,26,4,0,194,0,4,16,0,20,164,30,20,0,214,28,0,28,242
09/19/2021,ONT,CA,AWP,WE,Towers with Radar,176,12,9,0,197,0,0,8,0,8,176,12,17,0,205,22,0,22,227
09/20/2021,ONT,CA,AWP,WE,Towers with Radar,193,19,7,0,219,0,7,10,0,17,193,26,17,0,236,22,0,22,258
09/21/2021,ONT,CA,AWP,WE,Towers with Radar,243,47,7,0,297,0,4,16,0,20,243,51,23,0,317,8,0,8,325
09/22/2021,ONT,CA,AWP,WE,Towers with Radar,256,47,13,0,316,0,5,9,0,14,256,52,22,0,330,0,0,0,330
09/23/2021,ONT,CA,AWP,WE,Towers with Radar,272,48,14,0,334,0,2,19,0,21,272,50,33,0,355,16,0,16,371
09/24/2021,ONT,CA,AWP,WE,Towers with Radar,232,56,24,0,312,0,4,16,0,20,232,60,40,0,332,36,0,36,368
09/25/2021,ONT,CA,AWP,WE,Towers with Radar,157,27,4,0,188,0,5,15,0,20,157,32,19,0,208,20,0,20,228
09/26/2021,ONT,CA,AWP,WE,Towers with Radar,170,10,18,0,198,0,1,6,0,7,170,11,24,0,205,0,0,0,205
09/27/2021,ONT,CA,AWP,WE,Towers with Radar,194,34,13,2,243,0,1,9,0,10,194,35,22,2,253,14,0,14,267
09/28/2021,ONT,CA,AWP,WE,Towers with Radar,234,49,13,0,296,0,0,3,0,3,234,49,16,0,299,0,0,0,299
09/29/2021,ONT,CA,AWP,WE,Towers with Radar,252,48,8,0,308,0,1,20,0,21,252,49,28,0,329,10,0,10,339
09/30/2021,ONT,CA,AWP,WE,Towers with Radar,273,49,17,0,339,0,5,12,0,17,273,54,29,0,356,8,0,8,364
10/01/2021,ONT,CA,AWP,WE,Towers with Radar,219,48,16,0,283,0,7,11,1,19,219,55,27,1,302,10,0,10,312
10/02/2021,ONT,CA,AWP,WE,Towers with Radar,172,30,5,0,207,0,5,11,0,16,172,35,16,0,223,0,0,0,223
10/03/2021,ONT,CA,AWP,WE,Towers with Radar,180,7,5,0,192,0,2,16,0,18,180,9,21,0,210,0,0,0,210
10/04/2021,ONT,CA,AWP,WE,Towers with Radar,213,33,7,0,253,0,0,16,0,16,213,33,23,0,269,42,0,42,311
10/05/2021,ONT,CA,AWP,WE,Towers with Radar,254,43,12,0,309,0,4,17,1,22,254,47,29,1,331,62,0,62,393
10/06/2021,ONT,CA,AWP,WE,Towers with Radar,251,57,12,0,320,0,2,7,1,10,251,59,19,1,330,30,0,30,360
10/07/2021,ONT,CA,AWP,WE,Towers with Radar,270,44,18,0,332,0,0,11,0,11,270,44,29,0,343,0,0,0,343
10/08/2021,ONT,CA,AWP,WE,Towers with Radar,211,45,14,0,270,0,0,10,0,10,211,45,24,0,280,16,0,16,296
10/09/2021,ONT,CA,AWP,WE,Towers with Radar,146,31,8,0,185,0,1,18,0,19,146,32,26,0,204,44,0,44,248
10/10/2021,ONT,CA,AWP,WE,Towers with Radar,142,11,14,0,167,0,0,18,0,18,142,11,32,0,185,28,0,28,213
10/11/2021,ONT,CA,AWP,WE,Towers with Radar,203,32,13,0,248,0,0,16,0,16,203,32,29,0,264,0,0,0,264
10/12/2021,ONT,CA,AWP,WE,Towers with Radar,244,42,14,0,300,1,3,13,0,17,245,45,27,0,317,6,0,6,323
10/13/2021,ONT,CA,AWP,WE,Towers with Radar,250,46,12,2,310,0,3,29,0,32,250,49,41,2,342,4,0,4,346
10/14/2021,ONT,CA,AWP,WE,Towers with Radar,265,45,13,0,323,0,4,9,0,13,265,49,22,0,336,16,0,16,352
10/15/2021,ONT,CA,AWP,WE,Towers with Radar,222,46,14,0,282,0,4,11,0,15,222,50,25,0,297,4,0,4,301
10/16/2021,ONT,CA,AWP,WE,Towers with Radar,158,33,7,0,198,0,2,13,0,15,158,35,20,0,213,0,0,0,213
10/17/2021,ONT,CA,AWP,WE,Towers with Radar,166,6,8,0,180,0,0,12,0,12,166,6,20,0,192,12,0,12,204
10/18/2021,ONT,CA,AWP,WE,Towers with Radar,197,33,9,0,239,0,1,7,0,8,197,34,16,0,247,0,0,0,247
10/19/2021,ONT,CA,AWP,WE,Towers with Radar,250,49,10,0,309,0,5,6,0,11,250,54,16,0,320,0,0,0,320
10/20/2021,ONT,CA,AWP,WE,Towers with Radar,255,41,13,1,310,0,3,30,1,34,255,44,43,2,344,8,0,8,352
10/21/2021,ONT,CA,AWP,WE,Towers with Radar,265,41,12,2,320,0,4,13,0,17,265,45,25,2,337,24,0,24,361
10/22/2021,ONT,CA,AWP,WE,Towers with Radar,212,36,14,0,262,1,3,10,0,14,213,39,24,0,276,10,0,10,286
10/23/2021,ONT,CA,AWP,WE,Towers with Radar,166,33,7,0,206,0,0,5,0,5,166,33,12,0,211,8,0,8,219
10/24/2021,ONT,CA,AWP,WE,Towers with Radar,161,10,7,0,178,0,0,2,0,2,161,10,9,0,180,30,0,30,210
10/25/2021,ONT,CA,AWP,WE,Towers with Radar,200,33,7,0,240,0,2,1,0,3,200,35,8,0,243,0,0,0,243
10/26/2021,ONT,CA,AWP,WE,Towers with Radar,262,42,9,2,315,0,4,20,2,26,262,46,29,4,341,55,0,55,396
10/27/2021,ONT,CA,AWP,WE,Towers with Radar,258,45,12,0,315,0,5,23,1,29,258,50,35,1,344,20,0,20,364
10/28/2021,ONT,CA,AWP,WE,Towers with Radar,265,39,11,0,315,0,3,30,0,33,265,42,41,0,348,70,0,70,418
10/29/2021,ONT,CA,AWP,WE,Towers with Radar,223,38,9,0,270,0,6,11,0,17,223,44,20,0,287,6,0,6,293
10/30/2021,ONT,CA,AWP,WE,Towers with Radar,148,27,15,0,190,0,3,13,0,16,148,30,28,0,206,20,0,20,226
10/31/2021,ONT,CA,AWP,WE,Towers with Radar,151,9,6,0,166,0,0,6,0,6,151,9,12,0,172,24,0,24,196
11/01/2021,ONT,CA,AWP,WE,Towers with Radar,185,28,9,0,222,0,0,6,0,6,185,28,15,0,228,0,0,0,228
11/02/2021,ONT,CA,AWP,WE,Towers with Radar,260,45,10,0,315,0,2,19,0,21,260,47,29,0,336,8,0,8,344
11/03/2021,ONT,CA,AWP,WE,Towers with Radar,276,44,16,2,338,0,4,17,1,22,276,48,33,3,360,6,0,6,366
11/04/2021,ONT,CA,AWP,WE,Towers with Radar,279,57,17,0,353,0,2,12,0,14,279,59,29,0,367,32,0,32,399
11/05/2021,ONT,CA,AWP,WE,Towers with Radar,230,52,15,0,297,0,1,19,0,20,230,53,34,0,317,66,0,66,383
11/06/2021,ONT,CA,AWP,WE,Towers with Radar,174,29,11,0,214,0,1,8,0,9,174,30,19,0,223,14,0,14,237
11/07/2021,ONT,CA,AWP,WE,Towers with Radar,179,12,7,0,198,0,0,7,0,7,179,12,14,0,205,52,0,52,257
11/08/2021,ONT,CA,AWP,WE,Towers with Radar,179,39,13,2,233,0,0,18,1,19,179,39,31,3,252,56,0,56,308
11/09/2021,ONT,CA,AWP,WE,Towers with Radar,243,48,14,0,305,0,1,18,0,19,243,49,32,0,324,6,0,6,330
11/10/2021,ONT,CA,AWP,WE,Towers with Radar,243,43,21,2,309,0,2,22,0,24,243,45,43,2,333,38,0,38,371
11/11/2021,ONT,CA,AWP,WE,Towers with Radar,263,47,14,0,324,0,2,14,1,17,263,49,28,1,341,12,0,12,353
11/12/2021,ONT,CA,AWP,WE,Towers with Radar,211,43,10,0,264,0,1,6,0,7,211,44,16,0,271,20,0,20,291
11/13/2021,ONT,CA,AWP,WE,Towers with Radar,165,22,6,0,193,0,7,13,2,22,165,29,19,2,215,24,0,24,239
11/14/2021,ONT,CA,AWP,WE,Towers with Radar,170,13,11,0,194,0,2,8,0,10,170,15,19,0,204,16,0,16,220
11/15/2021,ONT,CA,AWP,WE,Towers with Radar,199,28,22,0,249,0,0,16,0,16,199,28,38,0,265,13,0,13,278
11/16/2021,ONT,CA,AWP,WE,Towers with Radar,255,33,15,4,307,0,2,25,1,28,255,35,40,5,335,8,0,8,343
11/17/2021,ONT,CA,AWP,WE,Towers with Radar,255,43,16,0,314,0,0,22,0,22,255,43,38,0,336,10,0,10,346
11/18/2021,ONT,CA,AWP,WE,Towers with Radar,262,46,20,0,328,0,1,21,1,23,262,47,41,1,351,56,0,56,407
11/19/2021,ONT,CA,AWP,WE,Towers with Radar,214,40,17,0,271,0,4,3,1,8,214,44,20,1,279,0,0,0,279
11/20/2021,ONT,CA,AWP,WE,Towers with Radar,160,26,14,0,200,0,3,7,0,10,160,29,21,0,210,34,0,34,244
11/21/2021,ONT,CA,AWP,WE,Towers with Radar,173,14,10,0,197,0,0,6,0,6,173,14,16,0,203,0,0,0,203
11/22/2021,ONT,CA,AWP,WE,Towers with Radar,205,31,18,0,254,0,1,17,0,18,205,32,35,0,272,14,0,14,286
11/23/2021,ONT,CA,AWP,WE,Towers with Radar,302,45,23,0,370,0,6,23,0,29,302,51,46,0,399,2,0,2,401
11/24/2021,ONT,CA,AWP,WE,Towers with Radar,314,45,14,0,373,0,3,9,0,12,314,48,23,0,385,0,0,0,385
11/25/2021,ONT,CA,AWP,WE,Towers with Radar,151,15,4,0,170,0,0,1,0,1,151,15,5,0,171,0,0,0,171
11/26/2021,ONT,CA,AWP,WE,Towers with Radar,177,48,7,0,232,0,1,19,1,21,177,49,26,1,253,12,0,12,265
11/27/2021,ONT,CA,AWP,WE,Towers with Radar,171,20,16,0,207,0,2,14,0,16,171,22,30,0,223,2,0,2,225
11/28/2021,ONT,CA,AWP,WE,Towers with Radar,187,14,9,0,210,0,2,10,0,12,187,16,19,0,222,38,0,38,260
11/29/2021,ONT,CA,AWP,WE,Towers with Radar,245,26,12,2,285,0,2,12,0,14,245,28,24,2,299,0,0,0,299
11/30/2021,ONT,CA,AWP,WE,Towers with Radar,342,49,11,0,402,0,5,15,0,20,342,54,26,0,422,10,0,10,432
12/01/2021,ONT,CA,AWP,WE,Towers with Radar,342,41,15,0,398,0,1,27,0,28,342,42,42,0,426,96,0,96,522
12/02/2021,ONT,CA,AWP,WE,Towers with Radar,329,42,19,0,390,0,3,23,0,26,329,45,42,0,416,102,0,102,518
12/03/2021,ONT,CA,AWP,WE,Towers with Radar,253,42,17,2,314,0,3,3,0,6,253,45,20,2,320,0,0,0,320
12/04/2021,ONT,CA,AWP,WE,Towers with Radar,173,25,9,0,207,0,0,1,0,1,173,25,10,0,208,0,0,0,208
12/05/2021,ONT,CA,AWP,WE,Towers with Radar,190,10,6,0,206,0,0,1,0,1,190,10,7,0,207,2,0,2,209
12/06/2021,ONT,CA,AWP,WE,Towers with Radar,220,32,9,2,263,0,0,9,0,9,220,32,18,2,272,9,0,9,281
12/07/2021,ONT,CA,AWP,WE,Towers with Radar,308,51,16,0,375,0,0,9,0,9,308,51,25,0,384,16,0,16,400
12/08/2021,ONT,CA,AWP,WE,Towers with Radar,304,55,11,0,370,0,0,17,0,17,304,55,28,0,387,26,0,26,413
12/09/2021,ONT,CA,AWP,WE,Towers with Radar,313,50,9,0,372,0,1,0,0,1,313,51,9,0,373,0,0,0,373
12/10/2021,ONT,CA,AWP,WE,Towers with Radar,235,46,7,0,288,0,2,11,1,14,235,48,18,1,302,4,0,4,306
12/11/2021,ONT,CA,AWP,WE,Towers with Radar,183,20,11,0,214,0,3,11,0,14,183,23,22,0,228,12,0,12,240
12/12/2021,ONT,CA,AWP,WE,Towers with Radar,191,16,10,0,217,0,0,13,0,13,191,16,23,0,230,26,0,26,256
12/13/2021,ONT,CA,AWP,WE,Towers with Radar,213,31,16,0,260,0,0,14,0,14,213,31,30,0,274,2,0,2,276
12/14/2021,ONT,CA,AWP,WE,Towers with Radar,321,40,14,0,375,0,0,1,0,1,321,40,15,0,376,0,0,0,376
12/15/2021,ONT,CA,AWP,WE,Towers with Radar,310,41,15,0,366,0,0,19,0,19,310,41,34,0,385,22,0,22,407
12/16/2021,ONT,CA,AWP,WE,Towers with Radar,318,39,9,0,366,0,2,16,0,18,318,41,25,0,384,26,0,26,410
12/17/2021,ONT,CA,AWP,WE,Towers with Radar,340,44,13,0,397,0,2,10,0,12,340,46,23,0,409,5,0,5,414
12/18/2021,ONT,CA,AWP,WE,Towers with Radar,280,26,14,0,320,0,7,14,0,21,280,33,28,0,341,20,0,20,361
12/19/2021,ONT,CA,AWP,WE,Towers with Radar,239,10,8,0,257,0,0,18,0,18,239,10,26,0,275,8,0,8,283
12/20/2021,ONT,CA,AWP,WE,Towers with Radar,273,30,10,2,315,0,0,25,0,25,273,30,35,2,340,20,0,20,360
12/21/2021,ONT,CA,AWP,WE,Towers with Radar,331,54,8,0,393,0,3,14,0,17,331,57,22,0,410,2,0,2,412
12/22/2021,ONT,CA,AWP,WE,Towers with Radar,322,41,6,0,369,0,0,12,2,14,322,41,18,2,383,0,0,0,383
12/23/2021,ONT,CA,AWP,WE,Towers with Radar,321,43,13,0,377,0,0,2,0,2,321,43,15,0,379,0,0,0,379
12/24/2021,ONT,CA,AWP,WE,Towers with Radar,217,33,6,0,256,0,0,7,0,7,217,33,13,0,263,4,0,4,267
12/25/2021,ONT,CA,AWP,WE,Towers with Radar,89,8,2,0,99,0,0,0,0,0,89,8,2,0,99,0,0,0,99
12/26/2021,ONT,CA,AWP,WE,Towers with Radar,121,8,10,0,139,0,0,9,0,9,121,8,19,0,148,10,0,10,158
12/27/2021,ONT,CA,AWP,WE,Towers with Radar,167,31,8,0,206,0,0,5,0,5,167,31,13,0,211,2,0,2,213
12/28/2021,ONT,CA,AWP,WE,Towers with Radar,272,40,8,0,320,0,1,12,1,14,272,41,20,1,334,0,0,0,334
12/29/2021,ONT,CA,AWP,WE,Towers with Radar,281,42,3,0,326,1,0,7,0,8,282,42,10,0,334,0,0,0,334
12/30/2021,ONT,CA,AWP,WE,Towers with Radar,283,50,13,0,346,0,0,8,0,8,283,50,21,0,354,16,0,16,370
12/31/2021,ONT,CA,AWP,WE,Towers with Radar,182,31,5,0,218,0,1,11,0,12,182,32,16,0,230,26,0,26,256
01/01/2022,ONT,CA,AWP,WE,Towers with Radar,90,9,4,0,103,0,0,7,0,7,90,9,11,0,110,18,0,18,128
01/02/2022,ONT,CA,AWP,WE,Towers with Radar,142,5,16,0,163,0,0,7,0,7,142,5,23,0,170,18,0,18,188
01/03/2022,ONT,CA,AWP,WE,Towers with Radar,159,25,9,0,193,0,1,24,0,25,159,26,33,0,218,23,0,23,241
01/04/2022,ONT,CA,AWP,WE,Towers with Radar,233,40,9,0,282,0,3,10,0,13,233,43,19,0,295,14,0,14,309
01/05/2022,ONT,CA,AWP,WE,Towers with Radar,230,42,8,0,280,0,2,8,1,11,230,44,16,1,291,58,0,58,349
01/06/2022,ONT,CA,AWP,WE,Towers with Radar,230,44,7,0,281,0,1,19,0,20,230,45,26,0,301,6,0,6,307
01/07/2022,ONT,CA,AWP,WE,Towers with Radar,181,38,5,0,224,0,2,13,0,15,181,40,18,0,239,28,0,28,267
01/08/2022,ONT,CA,AWP,WE,Towers with Radar,149,24,3,0,176,0,1,8,0,9,149,25,11,0,185,6,0,6,191
01/09/2022,ONT,CA,AWP,WE,Towers with Radar,148,12,10,0,170,0,0,11,0,11,148,12,21,0,181,8,0,8,189
01/10/2022,ONT,CA,AWP,WE,Towers with Radar,169,27,12,0,208,0,1,16,0,17,169,28,28,0,225,6,0,6,231
01/11/2022,ONT,CA,AWP,WE,Towers with Radar,232,41,13,1,287,1,2,16,1,20,233,43,29,2,307,0,0,0,307
01/12/2022,ONT,CA,AWP,WE,Towers with Radar,230,36,10,0,276,0,3,22,1,26,230,39,32,1,302,2,0,2,304
01/13/2022,ONT,CA,AWP,WE,Towers with Radar,228,45,18,0,291,0,2,16,1,19,228,47,34,1,310,0,0,0,310
01/14/2022,ONT,CA,AWP,WE,Towers with Radar,189,35,9,0,233,0,1,18,0,19,189,36,27,0,252,2,0,2,254
01/15/2022,ONT,CA,AWP,WE,Towers with Radar,132,20,4,0,156,0,2,20,1,23,132,22,24,1,179,32,0,32,211
01/16/2022,ONT,CA,AWP,WE,Towers with Radar,130,9,8,0,147,0,0,11,3,14,130,9,19,3,161,40,0,40,201
01/17/2022,ONT,CA,AWP,WE,Towers with Radar,176,28,4,0,208,1,2,11,0,14,177,30,15,0,222,22,0,22,244
01/18/2022,ONT,CA,AWP,WE,Towers with Radar,222,42,12,0,276,0,0,5,0,5,222,42,17,0,281,2,0,2,283
01/19/2022,ONT,CA,AWP,WE,Towers with Radar,235,46,4,0,285,0,1,11,0,12,235,47,15,0,297,8,0,8,305
01/20/2022,ONT,CA,AWP,WE,Towers with Radar,254,40,10,0,304,0,1,20,1,22,254,41,30,1,326,48,0,48,374
01/21/2022,ONT,CA,AWP,WE,Towers with Radar,197,39,7,0,243,0,2,11,0,13,197,41,18,0,256,6,0,6,262
01/22/2022,ONT,CA,AWP,WE,Towers with Radar,152,19,4,0,175,0,2,7,0,9,152,21,11,0,184,4,0,4,188
01/23/2022,ONT,CA,AWP,WE,Towers with Radar,159,14,2,0,175,0,1,7,0,8,159,15,9,0,183,12,0,12,195
01/24/2022,ONT,CA,AWP,WE,Towers with Radar,175,31,10,0,216,0,1,24,0,25,175,32,34,0,241,6,0,6,247
01/25/2022,ONT,CA,AWP,WE,Towers with Radar,243,48,11,0,302,1,1,19,0,21,244,49,30,0,323,0,0,0,323
01/26/2022,ONT,CA,AWP,WE,Towers with Radar,233,41,6,0,280,0,4,19,2,25,233,45,25,2,305,0,0,0,305
01/27/2022,ONT,CA,AWP,WE,Towers with Radar,249,47,4,0,300,0,6,14,2,22,249,53,18,2,322,22,0,22,344
01/28/2022,ONT,CA,AWP,WE,Towers with Radar,189,37,13,0,239,0,1,10,0,11,189,38,23,0,250,8,0,8,258
01/29/2022,ONT,CA,AWP,WE,Towers with Radar,135,29,5,0,169,0,3,17,0,20,135,32,22,0,189,51,0,51,240
01/30/2022,ONT,CA,AWP,WE,Towers with Radar,160,13,6,0,179,0,0,15,0,15,160,13,21,0,194,24,0,24,218
01/31/2022,ONT,CA,AWP,WE,Towers with Radar,173,29,17,0,219,0,0,17,0,17,173,29,34,0,236,24,0,24,260
02/01/2022,ONT,CA,AWP,WE,Towers with Radar,233,43,7,0,283,0,0,17,0,17,233,43,24,0,300,0,0,0,300
02/02/2022,ONT,CA,AWP,WE,Towers with Radar,246,40,8,0,294,0,1,7,0,8,246,41,15,0,302,0,0,0,302
02/03/2022,ONT,CA,AWP,WE,Towers with Radar,218,41,9,0,268,0,0,18,0,18,218,41,27,0,286,2,0,2,288
02/04/2022,ONT,CA,AWP,WE,Towers with Radar,182,44,9,2,237,0,1,19,0,20,182,45,28,2,257,0,0,0,257
02/05/2022,ONT,CA,AWP,WE,Towers with Radar,137,26,2,0,165,0,0,12,0,12,137,26,14,0,177,18,0,18,195
02/06/2022,ONT,CA,AWP,WE,Towers with Radar,172,17,8,0,197,0,0,8,0,8,172,17,16,0,205,0,0,0,205
02/07/2022,ONT,CA,AWP,WE,Towers with Radar,170,26,6,1,203,0,0,11,1,12,170,26,17,2,215,12,0,12,227
02/08/2022,ONT,CA,AWP,WE,Towers with Radar,248,48,15,2,313,0,1,11,0,12,248,49,26,2,325,18,0,18,343
02/09/2022,ONT,CA,AWP,WE,Towers with Radar,243,43,8,0,294,0,2,12,0,14,243,45,20,0,308,0,0,0,308
02/10/2022,ONT,CA,AWP,WE,Towers with Radar,279,42,4,0,325,1,1,12,0,14,280,43,16,0,339,18,0,18,357
02/11/2022,ONT,CA,AWP,WE,Towers with Radar,206,47,17,1,271,0,2,17,1,20,206,49,34,2,291,46,0,46,337
02/12/2022,ONT,CA,AWP,WE,Towers with Radar,142,21,15,0,178,0,4,7,0,11,142,25,22,0,189,4,0,4,193
02/13/2022,ONT,CA,AWP,WE,Towers with Radar,154,18,1,0,173,0,1,20,0,21,154,19,21,0,194,8,0,8,202
02/14/2022,ONT,CA,AWP,WE,Towers with Radar,182,42,14,0,238,0,2,20,3,25,182,44,34,3,263,22,0,22,285
02/15/2022,ONT,CA,AWP,WE,Towers with Radar,238,41,12,3,294,0,3,6,0,9,238,44,18,3,303,0,0,0,303
02/16/2022,ONT,CA,AWP,WE,Towers with Radar,230,40,14,3,287,0,2,18,0,20,230,42,32,3,307,0,0,0,307
02/17/2022,ONT,CA,AWP,WE,Towers with Radar,270,38,13,2,323,0,2,9,1,12,270,40,22,3,335,0,0,0,335
02/18/2022,ONT,CA,AWP,WE,Towers with Radar,195,41,17,0,253,0,2,19,6,27,195,43,36,6,280,44,0,44,324
02/19/2022,ONT,CA,AWP,WE,Towers with Radar,142,25,3,0,170,0,4,14,0,18,142,29,17,0,188,66,0,66,254
02/20/2022,ONT,CA,AWP,WE,Towers with Radar,154,9,10,0,173,0,0,14,0,14,154,9,24,0,187,10,0,10,197
02/21/2022,ONT,CA,AWP,WE,Towers with Radar,186,34,9,0,229,0,0,6,0,6,186,34,15,0,235,6,0,6,241
02/22/2022,ONT,CA,AWP,WE,Towers with Radar,230,44,5,0,279,0,0,21,0,21,230,44,26,0,300,102,0,102,402
02/23/2022,ONT,CA,AWP,WE,Towers with Radar,233,37,22,0,292,0,3,16,0,19,233,40,38,0,311,82,0,82,393
02/24/2022,ONT,CA,AWP,WE,Towers with Radar,241,44,21,0,306,0,1,24,0,25,241,45,45,0,331,70,0,70,401
02/25/2022,ONT,CA,AWP,WE,Towers with Radar,193,52,31,0,276,0,2,9,1,12,193,54,40,1,288,0,0,0,288
02/26/2022,ONT,CA,AWP,WE,Towers with Radar,145,30,22,0,197,0,3,14,0,17,145,33,36,0,214,0,0,0,214
02/27/2022,ONT,CA,AWP,WE,Towers with Radar,162,15,32,0,209,0,0,10,2,12,162,15,42,2,221,10,0,10,231
02/28/2022,ONT,CA,AWP,WE,Towers with Radar,179,25,7,0,211,0,1,8,0,9,179,26,15,0,220,6,0,6,226
03/01/2022,ONT,CA,AWP,WE,Towers with Radar,232,42,3,0,277,0,1,8,0,9,232,43,11,0,286,4,0,4,290
03/02/2022,ONT,CA,AWP,WE,Towers with Radar,237,39,25,0,301,0,1,24,0,25,237,40,49,0,326,24,0,24,350
03/03/2022,ONT,CA,AWP,WE,Towers with Radar,252,39,21,0,312,0,1,14,0,15,252,40,35,0,327,20,0,20,347
03/04/2022,ONT,CA,AWP,WE,Towers with Radar,186,40,15,0,241,0,1,8,1,10,186,41,23,1,251,4,0,4,255
03/05/2022,ONT,CA,AWP,WE,Towers with Radar,132,29,8,0,169,0,0,14,0,14,132,29,22,0,183,30,0,30,213
03/06/2022,ONT,CA,AWP,WE,Towers with Radar,156,12,12,0,180,0,0,19,0,19,156,12,31,0,199,22,0,22,221
03/07/2022,ONT,CA,AWP,WE,Towers with Radar,170,31,8,0,209,0,1,4,0,5,170,32,12,0,214,0,0,0,214
03/08/2022,ONT,CA,AWP,WE,Towers with Radar,222,44,10,0,276,0,2,17,1,20,222,46,27,1,296,8,0,8,304
03/09/2022,ONT,CA,AWP,WE,Towers with Radar,222,44,14,0,280,0,1,22,1,24,222,45,36,1,304,24,0,24,328
03/10/2022,ONT,CA,AWP,WE,Towers with Radar,245,40,9,0,294,0,1,20,2,23,245,41,29,2,317,38,0,38,355
03/11/2022,ONT,CA,AWP,WE,Towers with Radar,200,40,21,0,261,0,2,10,1,13,200,42,31,1,274,0,0,0,274
03/12/2022,ONT,CA,AWP,WE,Towers with Radar,140,28,9,0,177,0,6,27,0,33,140,34,36,0,210,40,0,40,250
03/13/2022,ONT,CA,AWP,WE,Towers with Radar,146,13,7,0,166,0,0,6,0,6,146,13,13,0,172,6,0,6,178
03/14/2022,ONT,CA,AWP,WE,Towers with Radar,168,31,2,0,201,0,1,22,0,23,168,32,24,0,224,34,0,34,258
03/15/2022,ONT,CA,AWP,WE,Towers with Radar,246,42,9,2,299,0,5,19,0,24,246,47,28,2,323,2,0,2,325
03/16/2022,ONT,CA,AWP,WE,Towers with Radar,244,46,8,0,298,0,2,17,2,21,244,48,25,2,319,12,0,12,331
03/17/2022,ONT,CA,AWP,WE,Towers with Radar,241,48,13,0,302,0,1,25,0,26,241,49,38,0,328,24,0,24,352
03/18/2022,ONT,CA,AWP,WE,Towers with Radar,194,41,13,0,248,0,2,17,0,19,194,43,30,0,267,32,0,32,299
03/19/2022,ONT,CA,AWP,WE,Towers with Radar,145,21,2,0,168,0,5,13,2,20,145,26,15,2,188,16,0,16,204
03/20/2022,ONT,CA,AWP,WE,Towers with Radar,167,15,10,0,192,0,0,15,0,15,167,15,25,0,207,20,0,20,227
03/21/2022,ONT,CA,AWP,WE,Towers with Radar,163,27,9,0,199,0,1,20,4,25,163,28,29,4,224,36,0,36,260
03/22/2022,ONT,CA,AWP,WE,Towers with Radar,247,42,23,0,312,0,1,15,0,16,247,43,38,0,328,2,0,2,330
03/23/2022,ONT,CA,AWP,WE,Towers with Radar,250,45,12,0,307,0,2,19,0,21,250,47,31,0,328,20,0,20,348
03/24/2022,ONT,CA,AWP,WE,Towers with Radar,252,43,7,0,302,0,3,27,0,30,252,46,34,0,332,64,0,64,396
03/25/2022,ONT,CA,AWP,WE,Towers with Radar,197,40,10,0,247,0,3,15,3,21,197,43,25,3,268,14,0,14,282
03/26/2022,ONT,CA,AWP,WE,Towers with Radar,140,21,9,0,170,0,3,21,0,24,140,24,30,0,194,28,0,28,222
03/27/2022,ONT,CA,AWP,WE,Towers with Radar,160,11,7,0,178,0,0,7,0,7,160,11,14,0,185,0,0,0,185
03/28/2022,ONT,CA,AWP,WE,Towers with Radar,169,31,13,0,213,0,0,4,0,4,169,31,17,0,217,0,0,0,217
03/29/2022,ONT,CA,AWP,WE,Towers with Radar,243,48,5,0,296,0,2,6,0,8,243,50,11,0,304,0,0,0,304
03/30/2022,ONT,CA,AWP,WE,Towers with Radar,242,42,3,0,287,0,1,19,0,20,242,43,22,0,307,56,0,56,363
03/31/2022,ONT,CA,AWP,WE,Towers with Radar,242,45,13,0,300,0,0,13,0,13,242,45,26,0,313,38,0,38,351
04/01/2022,ONT,CA,AWP,WE,Towers with Radar,194,42,19,0,255,0,1,13,0,14,194,43,32,0,269,24,0,24,293
04/02/2022,ONT,CA,AWP,WE,Towers with Radar,133,30,3,0,166,0,3,6,0,9,133,33,9,0,175,12,0,12,187
04/03/2022,ONT,CA,AWP,WE,Towers with Radar,167,14,5,0,186,0,1,15,0,16,167,15,20,0,202,24,0,24,226
04/04/2022,ONT,CA,AWP,WE,Towers with Radar,188,32,20,0,240,0,3,19,3,25,188,35,39,3,265,40,0,40,305
04/05/2022,ONT,CA,AWP,WE,Towers with Radar,246,45,10,0,301,0,1,29,0,30,246,46,39,0,331,8,0,8,339
04/06/2022,ONT,CA,AWP,WE,Towers with Radar,252,41,15,2,310,0,1,18,2,21,252,42,33,4,331,50,0,50,381
04/07/2022,ONT,CA,AWP,WE,Towers with Radar,264,40,12,2,318,0,0,15,0,15,264,40,27,2,333,0,0,0,333
04/08/2022,ONT,CA,AWP,WE,Towers with Radar,215,38,10,6,269,0,2,13,1,16,215,40,23,7,285,52,0,52,337
04/09/2022,ONT,CA,AWP,WE,Towers with Radar,150,28,5,0,183,0,4,22,0,26,150,32,27,0,209,60,0,60,269
04/10/2022,ONT,CA,AWP,WE,Towers with Radar,166,9,9,0,184,0,0,16,0,16,166,9,25,0,200,26,0,26,226
04/11/2022,ONT,CA,AWP,WE,Towers with Radar,193,31,7,3,234,0,1,16,5,22,193,32,23,8,256,46,0,46,302
04/12/2022,ONT,CA,AWP,WE,Towers with Radar,255,37,10,0,302,0,2,37,5,44,255,39,47,5,346,40,0,40,386
04/13/2022,ONT,CA,AWP,WE,Towers with Radar,247,54,7,0,308,0,1,19,7,27,247,55,26,7,335,60,0,60,395
04/14/2022,ONT,CA,AWP,WE,Towers with Radar,264,39,10,0,313,0,1,15,0,16,264,40,25,0,329,42,0,42,371
04/15/2022,ONT,CA,AWP,WE,Towers with Radar,208,42,2,2,254,0,3,17,1,21,208,45,19,3,275,16,0,16,291
04/16/2022,ONT,CA,AWP,WE,Towers with Radar,143,31,8,0,182,0,0,13,0,13,143,31,21,0,195,29,0,29,224
04/17/2022,ONT,CA,AWP,WE,Towers with Radar,162,8,3,0,173,0,0,14,0,14,162,8,17,0,187,24,0,24,211
04/18/2022,ONT,CA,AWP,WE,Towers with Radar,188,28,6,1,223,0,1,13,0,14,188,29,19,1,237,34,0,34,271
04/19/2022,ONT,CA,AWP,WE,Towers with Radar,251,36,9,2,298,0,1,18,0,19,251,37,27,2,317,26,0,26,343
04/20/2022,ONT,CA,AWP,WE,Towers with Radar,252,46,27,2,327,0,0,15,0,15,252,46,42,2,342,0,0,0,342
04/21/2022,ONT,CA,AWP,WE,Towers with Radar,261,42,25,0,328,0,1,25,6,32,261,43,50,6,360,48,0,48,408
04/22/2022,ONT,CA,AWP,WE,Towers with Radar,211,45,11,1,268,0,0,8,0,8,211,45,19,1,276,18,0,18,294
04/23/2022,ONT,CA,AWP,WE,Towers with Radar,144,30,4,0,178,0,2,21,0,23,144,32,25,0,201,56,0,56,257
04/24/2022,ONT,CA,AWP,WE,Towers with Radar,166,9,10,0,185,0,0,10,0,10,166,9,20,0,195,0,0,0,195
04/25/2022,ONT,CA,AWP,WE,Towers with Radar,197,26,5,0,228,0,1,21,6,28,197,27,26,6,256,41,0,41,297
04/26/2022,ONT,CA,AWP,WE,Towers with Radar,244,44,12,0,300,0,3,22,6,31,244,47,34,6,331,47,0,47,378
04/27/2022,ONT,CA,AWP,WE,Towers with Radar,254,45,14,0,313,0,1,21,1,23,254,46,35,1,336,46,0,46,382
04/28/2022,ONT,CA,AWP,WE,Towers with Radar,272,43,25,0,340,0,0,17,3,20,272,43,42,3,360,56,0,56,416
04/29/2022,ONT,CA,AWP,WE,Towers with Radar,215,42,14,0,271,0,3,25,7,35,215,45,39,7,306,102,0,102,408
04/30/2022,ONT,CA,AWP,WE,Towers with Radar,149,30,3,0,182,0,3,20,1,24,149,33,23,1,206,45,0,45,251
05/01/2022,ONT,CA,AWP,WE,Towers with Radar,175,11,2,0,188,0,0,15,0,15,175,11,17,0,203,6,0,6,209
05/02/2022,ONT,CA,AWP,WE,Towers with Radar,191,27,15,0,233,0,3,15,0,18,191,30,30,0,251,20,0,20,271
05/03/2022,ONT,CA,AWP,WE,Towers with Radar,258,43,13,0,314,0,0,13,0,13,258,43,26,0,327,0,0,0,327
05/04/2022,ONT,CA,AWP,WE,Towers with Radar,260,44,11,0,315,0,2,14,4,20,260,46,25,4,335,16,0,16,351
05/05/2022,ONT,CA,AWP,WE,Towers with Radar,262,43,4,0,309,0,1,20,0,21,262,44,24,0,330,0,0,0,330
05/06/2022,ONT,CA,AWP,WE,Towers with Radar,212,42,11,2,267,0,5,36,1,42,212,47,47,3,309,42,0,42,351
05/07/2022,ONT,CA,AWP,WE,Towers with Radar,154,22,6,0,182,0,3,24,0,27,154,25,30,0,209,52,0,52,261
05/08/2022,ONT,CA,AWP,WE,Towers with Radar,171,2,5,0,178,0,0,1,0,1,171,2,6,0,179,0,0,0,179
05/09/2022,ONT,CA,AWP,WE,Towers with Radar,201,32,7,0,240,0,1,18,0,19,201,33,25,0,259,42,0,42,301
05/10/2022,ONT,CA,AWP,WE,Towers with Radar,268,40,8,0,316,0,2,19,3,24,268,42,27,3,340,42,0,42,382
05/11/2022,ONT,CA,AWP,WE,Towers with Radar,263,49,12,0,324,0,2,17,0,19,263,51,29,0,343,8,0,8,351
05/12/2022,ONT,CA,AWP,WE,Towers with Radar,273,36,16,0,325,0,5,26,3,34,273,41,42,3,359,28,0,28,387
05/13/2022,ONT,CA,AWP,WE,Towers with Radar,216,46,18,0,280,0,2,19,1,22,216,48,37,1,302,8,0,8,310
05/14/2022,ONT,CA,AWP,WE,Towers with Radar,152,27,10,0,189,0,2,14,0,16,152,29,24,0,205,18,0,18,223
05/15/2022,ONT,CA,AWP,WE,Towers with Radar,178,12,14,1,205,0,2,12,0,14,178,14,26,1,219,26,0,26,245
05/16/2022,ONT,CA,AWP,WE,Towers with Radar,192,33,10,0,235,0,2,12,5,19,192,35,22,5,254,22,0,22,276
05/17/2022,ONT,CA,AWP,WE,Towers with Radar,264,40,13,0,317,0,2,26,0,28,264,42,39,0,345,29,0,29,374
05/18/2022,ONT,CA,AWP,WE,Towers with Radar,265,42,14,0,321,0,2,24,0,26,265,44,38,0,347,40,0,40,387
05/19/2022,ONT,CA,AWP,WE,Towers with Radar,276,35,11,0,322,0,3,8,4,15,276,38,19,4,337,14,0,14,351
05/20/2022,ONT,CA,AWP,WE,Towers with Radar,211,52,12,1,276,0,0,7,8,15,211,52,19,9,291,86,0,86,377
05/21/2022,ONT,CA,AWP,WE,Towers with Radar,155,23,7,0,185,0,3,15,2,20,155,26,22,2,205,48,2,50,255
05/22/2022,ONT,CA,AWP,WE,Towers with Radar,177,9,8,0,194,0,0,19,0,19,177,9,27,0,213,14,0,14,227
05/23/2022,ONT,CA,AWP,WE,Towers with Radar,192,28,3,0,223,0,3,11,0,14,192,31,14,0,237,2,0,2,239
05/24/2022,ONT,CA,AWP,WE,Towers with Radar,257,38,8,0,303,0,3,11,0,14,257,41,19,0,317,8,0,8,325
05/25/2022,ONT,CA,AWP,WE,Towers with Radar,266,44,20,2,332,0,7,19,2,28,266,51,39,4,360,20,0,20,380
05/26/2022,ONT,CA,AWP,WE,Towers with Radar,279,52,10,0,341,0,2,23,0,25,279,54,33,0,366,52,0,52,418
05/27/2022,ONT,CA,AWP,WE,Towers with Radar,218,41,6,0,265,0,2,10,0,12,218,43,16,0,277,0,0,0,277
05/28/2022,ONT,CA,AWP,WE,Towers with Radar,148,21,9,0,178,0,0,12,0,12,148,21,21,0,190,12,0,12,202
05/29/2022,ONT,CA,AWP,WE,Towers with Radar,155,4,2,0,161,0,0,11,0,11,155,4,13,0,172,20,0,20,192
05/30/2022,ONT,CA,AWP,WE,Towers with Radar,164,13,6,1,184,0,0,1,1,2,164,13,7,2,186,0,0,0,186
05/31/2022,ONT,CA,AWP,WE,Towers with Radar,193,27,12,0,232,0,2,23,0,25,193,29,35,0,257,16,0,16,273
06/01/2022,ONT,CA,AWP,WE,Towers with Radar,269,45,7,0,321,0,3,18,0,21,269,48,25,0,342,6,0,6,348
06/02/2022,ONT,CA,AWP,WE,Towers with Radar,264,41,6,0,311,0,2,17,0,19,264,43,23,0,330,24,0,24,354
06/03/2022,ONT,CA,AWP,WE,Towers with Radar,206,44,14,0,264,0,1,10,0,11,206,45,24,0,275,24,0,24,299
06/04/2022,ONT,CA,AWP,WE,Towers with Radar,150,22,5,1,178,0,2,14,1,17,150,24,19,2,195,58,0,58,253
06/05/2022,ONT,CA,AWP,WE,Towers with Radar,175,8,4,0,187,1,0,10,1,12,176,8,14,1,199,0,0,0,199
06/06/2022,ONT,CA,AWP,WE,Towers with Radar,191,28,5,0,224,0,2,29,2,33,191,30,34,2,257,45,0,45,302
06/07/2022,ONT,CA,AWP,WE,Towers with Radar,269,40,10,0,319,0,3,29,0,32,269,43,39,0,351,52,0,52,403
06/08/2022,ONT,CA,AWP,WE,Towers with Radar,274,44,11,1,330,0,2,20,1,23,274,46,31,2,353,36,0,36,389
06/09/2022,ONT,CA,AWP,WE,Towers with Radar,272,42,14,0,328,0,3,18,0,21,272,45,32,0,349,32,0,32,381
06/10/2022,ONT,CA,AWP,WE,Towers with Radar,219,51,23,0,293,0,2,10,0,12,219,53,33,0,305,18,0,18,323
06/11/2022,ONT,CA,AWP,WE,Towers with Radar,160,22,14,0,196,0,3,20,0,23,160,25,34,0,219,14,0,14,233
06/12/2022,ONT,CA,AWP,WE,Towers with Radar,179,9,13,0,201,0,0,15,0,15,179,9,28,0,216,14,0,14,230
06/13/2022,ONT,CA,AWP,WE,Towers with Radar,201,38,7,0,246,0,1,16,4,21,201,39,23,4,267,62,0,62,329
06/14/2022,ONT,CA,AWP,WE,Towers with Radar,273,39,13,0,325,0,1,21,0,22,273,40,34,0,347,24,0,24,371
06/15/2022,ONT,CA,AWP,WE,Towers with Radar,276,37,9,0,322,0,1,20,2,23,276,38,29,2,345,52,0,52,397
06/16/2022,ONT,CA,AWP,WE,Towers with Radar,262,49,3,0,314,0,3,16,4,23,262,52,19,4,337,40,0,40,377
06/17/2022,ONT,CA,AWP,WE,Towers with Radar,217,49,11,0,277,0,0,11,0,11,217,49,22,0,288,2,0,2,290
06/18/2022,ONT,CA,AWP,WE,Towers with Radar,166,21,7,0,194,0,3,16,0,19,166,24,23,0,213,36,0,36,249
06/19/2022,ONT,CA,AWP,WE,Towers with Radar,177,5,7,1,190,0,0,7,0,7,177,5,14,1,197,6,0,6,203
06/20/2022,ONT,CA,AWP,WE,Towers with Radar,202,26,8,0,236,0,2,26,0,28,202,28,34,0,264,34,0,34,298
06/21/2022,ONT,CA,AWP,WE,Towers with Radar,268,41,11,0,320,0,4,22,0,26,268,45,33,0,346,18,0,18,364
06/22/2022,ONT,CA,AWP,WE,Towers with Radar,271,40,24,0,335,0,1,25,0,26,271,41,49,0,361,16,0,16,377
06/23/2022,ONT,CA,AWP,WE,Towers with Radar,275,43,17,0,335,0,2,30,0,32,275,45,47,0,367,14,0,14,381
06/24/2022,ONT,CA,AWP,WE,Towers with Radar,217,45,10,0,272,0,1,22,5,28,217,46,32,5,300,52,0,52,352
06/25/2022,ONT,CA,AWP,WE,Towers with Radar,161,19,6,0,186,0,4,21,1,26,161,23,27,1,212,30,0,30,242
06/26/2022,ONT,CA,AWP,WE,Towers with Radar,177,10,11,0,198,0,0,5,0,5,177,10,16,0,203,0,0,0,203
06/27/2022,ONT,CA,AWP,WE,Towers with Radar,188,34,7,0,229,0,3,16,0,19,188,37,23,0,248,19,0,19,267
06/28/2022,ONT,CA,AWP,WE,Towers with Radar,277,39,5,0,321,0,3,7,0,10,277,42,12,0,331,0,0,0,331
06/29/2022,ONT,CA,AWP,WE,Towers with Radar,267,44,11,0,322,0,1,19,0,20,267,45,30,0,342,30,0,30,372
06/30/2022,ONT,CA,AWP,WE,Towers with Radar,267,39,13,1,320,0,2,25,2,29,267,41,38,3,349,50,0,50,399
07/01/2022,ONT,CA,AWP,WE,Towers with Radar,216,43,5,0,264,0,2,17,0,19,216,45,22,0,283,30,0,30,313
07/02/2022,ONT,CA,AWP,WE,Towers with Radar,156,21,8,0,185,0,3,7,1,11,156,24,15,1,196,2,0,2,198
07/03/2022,ONT,CA,AWP,WE,Towers with Radar,159,5,4,1,169,0,0,20,1,21,159,5,24,2,190,18,0,18,208
07/04/2022,ONT,CA,AWP,WE,Towers with Radar,132,13,4,0,149,0,0,26,0,26,132,13,30,0,175,120,0,120,295
07/05/2022,ONT,CA,AWP,WE,Towers with Radar,184,28,12,0,224,0,0,24,1,25,184,28,36,1,249,94,0,94,343
07/06/2022,ONT,CA,AWP,WE,Towers with Radar,262,50,6,0,318,0,2,23,2,27,262,52,29,2,345,78,0,78,423
07/07/2022,ONT,CA,AWP,WE,Towers with Radar,267,38,10,0,315,0,6,22,0,28,267,44,32,0,343,32,0,32,375
07/08/2022,ONT,CA,AWP,WE,Towers with Radar,212,50,11,1,274,0,3,21,1,25,212,53,32,2,299,12,0,12,311
07/09/2022,ONT,CA,AWP,WE,Towers with Radar,162,23,7,0,192,0,1,16,0,17,162,24,23,0,209,53,0,53,262
07/10/2022,ONT,CA,AWP,WE,Towers with Radar,171,5,5,0,181,0,0,9,0,9,171,5,14,0,190,16,0,16,206
07/11/2022,ONT,CA,AWP,WE,Towers with Radar,192,29,8,0,229,0,2,19,0,21,192,31,27,0,250,14,0,14,264
07/12/2022,ONT,CA,AWP,WE,Towers with Radar,268,42,5,0,315,0,4,14,0,18,268,46,19,0,333,0,0,0,333
07/13/2022,ONT,CA,AWP,WE,Towers with Radar,270,42,7,0,319,0,4,14,0,18,270,46,21,0,337,20,0,20,357
07/14/2022,ONT,CA,AWP,WE,Towers with Radar,270,41,12,0,323,0,5,15,3,23,270,46,27,3,346,40,0,40,386
07/15/2022,ONT,CA,AWP,WE,Towers with Radar,216,41,2,0,259,0,3,13,0,16,216,44,15,0,275,24,0,24,299
07/16/2022,ONT,CA,AWP,WE,Towers with Radar,165,19,2,0,186,0,2,13,1,16,165,21,15,1,202,4,0,4,206
07/17/2022,ONT,CA,AWP,WE,Towers with Radar,174,7,6,0,187,0,0,12,0,12,174,7,18,0,199,12,0,12,211
07/18/2022,ONT,CA,AWP,WE,Towers with Radar,184,28,6,0,218,0,2,31,0,33,184,30,37,0,251,26,0,26,277
07/19/2022,ONT,CA,AWP,WE,Towers with Radar,275,34,10,0,319,0,5,22,0,27,275,39,32,0,346,34,0,34,380
07/20/2022,ONT,CA,AWP,WE,Towers with Radar,260,39,3,2,304,0,3,32,1,36,260,42,35,3,340,58,0,58,398
07/21/2022,ONT,CA,AWP,WE,Towers with Radar,275,57,5,0,337,0,2,12,0,14,275,59,17,0,351,12,0,12,363
07/22/2022,ONT,CA,AWP,WE,Towers with Radar,214,41,5,0,260,0,3,15,1,19,214,44,20,1,279,20,0,20,299
07/23/2022,ONT,CA,AWP,WE,Towers with Radar,156,19,9,0,184,0,1,18,2,21,156,20,27,2,205,2,0,2,207
07/24/2022,ONT,CA,AWP,WE,Towers with Radar,167,9,6,0,182,0,1,7,0,8,167,10,13,0,190,0,0,0,190
07/25/2022,ONT,CA,AWP,WE,Towers with Radar,199,30,10,0,239,0,4,25,0,29,199,34,35,0,268,22,0,22,290
07/26/2022,ONT,CA,AWP,WE,Towers with Radar,300,45,4,0,349,0,10,38,2,50,300,55,42,2,399,80,0,80,479
07/27/2022,ONT,CA,AWP,WE,Towers with Radar,265,46,14,0,325,0,5,9,1,15,265,51,23,1,340,28,0,28,368
07/28/2022,ONT,CA,AWP,WE,Towers with Radar,277,36,10,0,323,0,4,16,2,22,277,40,26,2,345,18,0,18,363
07/29/2022,ONT,CA,AWP,WE,Towers with Radar,227,48,4,0,279,0,7,17,0,24,227,55,21,0,303,26,0,26,329
07/30/2022,ONT,CA,AWP,WE,Towers with Radar,169,20,9,0,198,1,2,10,0,13,170,22,19,0,211,16,0,16,227
07/31/2022,ONT,CA,AWP,WE,Towers with Radar,167,13,10,0,190,0,1,18,0,19,167,14,28,0,209,36,0,36,245
08/01/2022,ONT,CA,AWP,WE,Towers with Radar,190,31,2,0,223,0,3,16,0,19,190,34,18,0,242,2,0,2,244
08/02/2022,ONT,CA,AWP,WE,Towers with Radar,273,44,17,0,334,0,2,37,1,40,273,46,54,1,374,28,0,28,402
08/03/2022,ONT,CA,AWP,WE,Towers with Radar,268,43,11,0,322,0,3,15,0,18,268,46,26,0,340,0,0,0,340
08/04/2022,ONT,CA,AWP,WE,Towers with Radar,261,42,12,0,315,0,1,18,3,22,261,43,30,3,337,16,0,16,353
08/05/2022,ONT,CA,AWP,WE,Towers with Radar,208,45,8,0,261,0,2,16,1,19,208,47,24,1,280,24,0,24,304
08/06/2022,ONT,CA,AWP,WE,Towers with Radar,156,20,7,0,183,0,5,11,1,17,156,25,18,1,200,4,0,4,204
08/07/2022,ONT,CA,AWP,WE,Towers with Radar,169,9,10,0,188,0,2,15,0,17,169,11,25,0,205,30,0,30,235
08/08/2022,ONT,CA,AWP,WE,Towers with Radar,190,30,8,0,228,0,1,19,1,21,190,31,27,1,249,40,0,40,289
08/09/2022,ONT,CA,AWP,WE,Towers with Radar,274,38,17,0,329,0,3,18,0,21,274,41,35,0,350,20,0,20,370
08/10/2022,ONT,CA,AWP,WE,Towers with Radar,266,43,15,0,324,0,2,18,1,21,266,45,33,1,345,4,0,4,349
08/11/2022,ONT,CA,AWP,WE,Towers with Radar,282,42,10,0,334,0,4,24,0,28,282,46,34,0,362,48,0,48,410
08/12/2022,ONT,CA,AWP,WE,Towers with Radar,225,45,10,0,280,0,3,12,0,15,225,48,22,0,295,8,0,8,303
08/13/2022,ONT,CA,AWP,WE,Towers with Radar,157,22,2,0,181,0,2,10,0,12,157,24,12,0,193,16,0,16,209
08/14/2022,ONT,CA,AWP,WE,Towers with Radar,168,9,8,0,185,0,0,5,0,5,168,9,13,0,190,0,0,0,190
08/15/2022,ONT,CA,AWP,WE,Towers with Radar,183,27,9,1,220,0,2,18,2,22,183,29,27,3,242,22,0,22,264
08/16/2022,ONT,CA,AWP,WE,Towers with Radar,272,44,14,0,330,0,1,27,0,28,272,45,41,0,358,36,0,36,394
08/17/2022,ONT,CA,AWP,WE,Towers with Radar,265,45,13,0,323,0,4,17,0,21,265,49,30,0,344,16,0,16,360
08/18/2022,ONT,CA,AWP,WE,Towers with Radar,265,44,6,0,315,0,3,11,2,16,265,47,17,2,331,16,0,16,347
08/19/2022,ONT,CA,AWP,WE,Towers with Radar,209,46,10,0,265,0,2,16,1,19,209,48,26,1,284,16,0,16,300
08/20/2022,ONT,CA,AWP,WE,Towers with Radar,164,26,12,0,202,0,3,11,1,15,164,29,23,1,217,24,0,24,241
08/21/2022,ONT,CA,AWP,WE,Towers with Radar,165,15,8,0,188,0,0,26,0,26,165,15,34,0,214,26,0,26,240
08/22/2022,ONT,CA,AWP,WE,Towers with Radar,185,35,12,2,234,0,2,16,5,23,185,37,28,7,257,36,0,36,293
08/23/2022,ONT,CA,AWP,WE,Towers with Radar,262,44,15,0,321,0,2,16,2,20,262,46,31,2,341,2,0,2,343
08/24/2022,ONT,CA,AWP,WE,Towers with Radar,264,39,8,1,312,0,7,9,2,18,264,46,17,3,330,24,0,24,354
08/25/2022,ONT,CA,AWP,WE,Towers with Radar,267,54,9,0,330,0,4,15,0,19,267,58,24,0,349,16,0,16,365
08/26/2022,ONT,CA,AWP,WE,Towers with Radar,214,47,9,0,270,0,4,21,0,25,214,51,30,0,295,54,0,54,349
08/27/2022,ONT,CA,AWP,WE,Towers with Radar,160,26,9,0,195,0,3,12,1,16,160,29,21,1,211,14,0,14,225
08/28/2022,ONT,CA,AWP,WE,Towers with Radar,167,11,7,0,185,0,0,17,0,17,167,11,24,0,202,34,0,34,236
08/29/2022,ONT,CA,AWP,WE,Towers with Radar,189,29,7,1,226,0,3,20,0,23,189,32,27,1,249,24,0,24,273
08/30/2022,ONT,CA,AWP,WE,Towers with Radar,267,41,3,1,312,0,5,24,1,30,267,46,27,2,342,59,0,59,401
08/31/2022,ONT,CA,AWP,WE,Towers with Radar,262,39,6,0,307,0,4,26,1,31,262,43,32,1,338,30,0,30,368
09/01/2022,ONT,CA,AWP,WE,Towers with Radar,273,43,6,0,322,0,4,21,0,25,273,47,27,0,347,12,0,12,359
09/02/2022,ONT,CA,AWP,WE,Towers with Radar,208,41,5,2,256,0,3,17,0,20,208,44,22,2,276,38,0,38,314
09/03/2022,ONT,CA,AWP,WE,Towers with Radar,161,26,4,0,191,0,5,7,0,12,161,31,11,0,203,28,0,28,231
09/04/2022,ONT,CA,AWP,WE,Towers with Radar,144,5,2,0,151,0,1,8,0,9,144,6,10,0,160,0,0,0,160
09/05/2022,ONT,CA,AWP,WE,Towers with Radar,150,11,6,0,167,0,0,17,0,17,150,11,23,0,184,30,0,30,214
09/06/2022,ONT,CA,AWP,WE,Towers with Radar,196,29,4,0,229,0,4,11,0,15,196,33,15,0,244,6,0,6,250
09/07/2022,ONT,CA,AWP,WE,Towers with Radar,261,39,15,0,315,0,4,34,0,38,261,43,49,0,353,54,0,54,407
09/08/2022,ONT,CA,AWP,WE,Towers with Radar,276,43,4,0,323,0,2,16,2,20,276,45,20,2,343,0,0,0,343
09/09/2022,ONT,CA,AWP,WE,Towers with Radar,218,42,10,0,270,0,3,7,4,14,218,45,17,4,284,12,0,12,296
09/10/2022,ONT,CA,AWP,WE,Towers with Radar,165,27,3,0,195,0,2,3,0,5,165,29,6,0,200,0,0,0,200
09/11/2022,ONT,CA,AWP,WE,Towers with Radar,177,7,8,0,192,0,0,2,0,2,177,7,10,0,194,0,0,0,194
09/12/2022,ONT,CA,AWP,WE,Towers with Radar,201,35,14,0,250,0,2,19,1,22,201,37,33,1,272,32,0,32,304
09/13/2022,ONT,CA,AWP,WE,Towers with Radar,265,37,13,0,315,0,4,11,4,19,265,41,24,4,334,27,0,27,361
09/14/2022,ONT,CA,AWP,WE,Towers with Radar,259,42,5,0,306,0,2,17,0,19,259,44,22,0,325,34,0,34,359
09/15/2022,ONT,CA,AWP,WE,Towers with Radar,273,44,18,0,335,0,5,14,2,21,273,49,32,2,356,16,0,16,372
09/16/2022,ONT,CA,AWP,WE,Towers with Radar,221,37,11,0,269,0,2,17,0,19,221,39,28,0,288,36,0,36,324
09/17/2022,ONT,CA,AWP,WE,Towers with Radar,163,27,7,0,197,0,0,20,1,21,163,27,27,1,218,5,0,5,223
09/18/2022,ONT,CA,AWP,WE,Towers with Radar,162,4,14,0,180,0,2,17,0,19,162,6,31,0,199,0,0,0,199
09/19/2022,ONT,CA,AWP,WE,Towers with Radar,192,27,5,0,224,0,7,17,3,27,192,34,22,3,251,10,0,10,261
09/20/2022,ONT,CA,AWP,WE,Towers with Radar,267,42,15,0,324,0,10,20,0,30,267,52,35,0,354,8,0,8,362
09/21/2022,ONT,CA,AWP,WE,Towers with Radar,267,46,12,0,325,0,7,25,0,32,267,53,37,0,357,44,0,44,401
09/22/2022,ONT,CA,AWP,WE,Towers with Radar,277,41,9,0,327,0,5,17,0,22,277,46,26,0,349,14,0,14,363
09/23/2022,ONT,CA,AWP,WE,Towers with Radar,216,44,6,0,266,0,4,11,11,26,216,48,17,11,292,12,0,12,304
09/24/2022,ONT,CA,AWP,WE,Towers with Radar,167,22,3,0,192,0,4,7,0,11,167,26,10,0,203,0,0,0,203
09/25/2022,ONT,CA,AWP,WE,Towers with Radar,166,5,5,0,176,0,2,5,0,7,166,7,10,0,183,6,0,6,189
09/26/2022,ONT,CA,AWP,WE,Towers with Radar,197,30,8,0,235,0,5,23,0,28,197,35,31,0,263,20,0,20,283
09/27/2022,ONT,CA,AWP,WE,Towers with Radar,269,39,10,0,318,0,6,21,1,28,269,45,31,1,346,54,0,54,400
09/28/2022,ONT,CA,AWP,WE,Towers with Radar,273,38,12,0,323,0,2,14,0,16,273,40,26,0,339,12,0,12,351
09/29/2022,ONT,CA,AWP,WE,Towers with Radar,274,41,12,0,327,0,4,19,3,26,274,45,31,3,353,34,0,34,387
09/30/2022,ONT,CA,AWP,WE,Towers with Radar,217,46,18,1,282,0,1,12,3,16,217,47,30,4,298,10,0,10,308
10/01/2022,ONT,CA,AWP,WE,Towers with Radar,169,29,5,0,203,0,0,16,0,16,169,29,21,0,219,24,0,24,243
10/02/2022,ONT,CA,AWP,WE,Towers with Radar,161,6,10,0,177,0,0,17,0,17,161,6,27,0,194,30,0,30,224
10/03/2022,ONT,CA,AWP,WE,Towers with Radar,205,28,5,0,238,0,2,19,0,21,205,30,24,0,259,36,0,36,295
10/04/2022,ONT,CA,AWP,WE,Towers with Radar,259,36,10,0,305,0,2,14,3,19,259,38,24,3,324,8,0,8,332
10/05/2022,ONT,CA,AWP,WE,Towers with Radar,262,42,4,1,309,0,3,10,0,13,262,45,14,1,322,2,0,2,324
10/06/2022,ONT,CA,AWP,WE,Towers with Radar,273,40,22,4,339,0,1,15,2,18,273,41,37,6,357,36,0,36,393
10/07/2022,ONT,CA,AWP,WE,Towers with Radar,216,46,11,0,273,0,2,13,2,17,216,48,24,2,290,30,0,30,320
10/08/2022,ONT,CA,AWP,WE,Towers with Radar,163,26,4,0,193,0,3,21,0,24,163,29,25,0,217,2,0,2,219
10/09/2022,ONT,CA,AWP,WE,Towers with Radar,170,8,3,0,181,0,0,5,0,5,170,8,8,0,186,8,0,8,194
10/10/2022,ONT,CA,AWP,WE,Towers with Radar,194,32,10,0,236,0,2,7,0,9,194,34,17,0,245,40,0,40,285
10/11/2022,ONT,CA,AWP,WE,Towers with Radar,257,48,8,0,313,0,1,8,0,9,257,49,16,0,322,0,0,0,322
10/12/2022,ONT,CA,AWP,WE,Towers with Radar,272,49,14,2,337,0,1,10,1,12,272,50,24,3,349,6,0,6,355
10/13/2022,ONT,CA,AWP,WE,Towers with Radar,269,44,20,2,335,0,5,7,0,12,269,49,27,2,347,22,0,22,369
10/14/2022,ONT,CA,AWP,WE,Towers with Radar,219,51,8,0,278,0,0,0,0,0,219,51,8,0,278,0,0,0,278
10/15/2022,ONT,CA,AWP,WE,Towers with Radar,162,31,4,0,197,0,0,0,0,0,162,31,4,0,197,0,0,0,197
10/16/2022,ONT,CA,AWP,WE,Towers with Radar,166,6,10,0,182,0,0,8,0,8,166,6,18,0,190,6,0,6,196
10/17/2022,ONT,CA,AWP,WE,Towers with Radar,190,25,5,0,220,0,2,20,9,31,190,27,25,9,251,46,0,46,297
10/18/2022,ONT,CA,AWP,WE,Towers with Radar,261,42,11,2,316,0,3,14,0,17,261,45,25,2,333,4,0,4,337
10/19/2022,ONT,CA,AWP,WE,Towers with Radar,267,42,11,0,320,0,6,11,0,17,267,48,22,0,337,14,0,14,351
10/20/2022,ONT,CA,AWP,WE,Towers with Radar,269,36,15,0,320,0,4,16,0,20,269,40,31,0,340,18,0,18,358
10/21/2022,ONT,CA,AWP,WE,Towers with Radar,211,45,13,0,269,0,7,25,0,32,211,52,38,0,301,24,0,24,325
10/22/2022,ONT,CA,AWP,WE,Towers with Radar,168,31,4,0,203,0,0,5,0,5,168,31,9,0,208,0,0,0,208
10/23/2022,ONT,CA,AWP,WE,Towers with Radar,168,5,8,1,182,0,2,16,0,18,168,7,24,1,200,36,0,36,236
10/24/2022,ONT,CA,AWP,WE,Towers with Radar,190,24,9,1,224,0,2,31,3,36,190,26,40,4,260,60,0,60,320
10/25/2022,ONT,CA,AWP,WE,Towers with Radar,261,41,16,0,318,0,3,17,0,20,261,44,33,0,338,0,0,0,338
10/26/2022,ONT,CA,AWP,WE,Towers with Radar,261,51,11,2,325,0,4,21,0,25,261,55,32,2,350,24,0,24,374
10/27/2022,ONT,CA,AWP,WE,Towers with Radar,259,42,12,2,315,0,1,16,0,17,259,43,28,2,332,2,0,2,334
10/28/2022,ONT,CA,AWP,WE,Towers with Radar,213,42,9,0,264,0,3,14,2,19,213,45,23,2,283,6,0,6,289
10/29/2022,ONT,CA,AWP,WE,Towers with Radar,162,19,8,0,189,0,5,11,0,16,162,24,19,0,205,14,0,14,219
10/30/2022,ONT,CA,AWP,WE,Towers with Radar,170,6,2,0,178,0,0,14,0,14,170,6,16,0,192,2,0,2,194
10/31/2022,ONT,CA,AWP,WE,Towers with Radar,187,27,2,0,216,0,3,28,3,34,187,30,30,3,250,34,0,34,284
11/01/2022,ONT,CA,AWP,WE,Towers with Radar,269,36,15,0,320,0,4,12,6,22,269,40,27,6,342,42,0,42,384
11/02/2022,ONT,CA,AWP,WE,Towers with Radar,267,43,9,0,319,0,1,7,4,12,267,44,16,4,331,36,0,36,367
11/03/2022,ONT,CA,AWP,WE,Towers with Radar,275,39,12,0,326,0,3,13,10,26,275,42,25,10,352,68,0,68,420
11/04/2022,ONT,CA,AWP,WE,Towers with Radar,217,36,9,0,262,0,4,19,3,26,217,40,28,3,288,22,0,22,310
11/05/2022,ONT,CA,AWP,WE,Towers with Radar,168,18,5,0,191,0,7,13,7,27,168,25,18,7,218,118,0,118,336
11/06/2022,ONT,CA,AWP,WE,Towers with Radar,176,12,4,0,192,0,2,15,2,19,176,14,19,2,211,8,0,8,219
11/07/2022,ONT,CA,AWP,WE,Towers with Radar,189,38,3,0,230,0,1,1,2,4,189,39,4,2,234,0,0,0,234
11/08/2022,ONT,CA,AWP,WE,Towers with Radar,282,35,6,0,323,0,0,3,2,5,282,35,9,2,328,0,0,0,328
11/09/2022,ONT,CA,AWP,WE,Towers with Radar,263,38,7,0,308,0,3,12,2,17,263,41,19,2,325,34,0,34,359
11/10/2022,ONT,CA,AWP,WE,Towers with Radar,270,36,16,0,322,0,6,25,10,41,270,42,41,10,363,144,0,144,507
11/11/2022,ONT,CA,AWP,WE,Towers with Radar,211,39,9,0,259,0,4,32,0,36,211,43,41,0,295,32,0,32,327
11/12/2022,ONT,CA,AWP,WE,Towers with Radar,165,26,2,0,193,0,3,24,8,35,165,29,26,8,228,46,0,46,274
11/13/2022,ONT,CA,AWP,WE,Towers with Radar,175,9,12,0,196,0,0,12,0,12,175,9,24,0,208,2,0,2,210
11/14/2022,ONT,CA,AWP,WE,Towers with Radar,194,28,9,0,231,0,4,20,2,26,194,32,29,2,257,24,0,24,281
11/15/2022,ONT,CA,AWP,WE,Towers with Radar,262,40,12,0,314,0,1,17,0,18,262,41,29,0,332,16,0,16,348
11/16/2022,ONT,CA,AWP,WE,Towers with Radar,277,40,3,0,320,0,1,4,0,5,277,41,7,0,325,0,0,0,325
11/17/2022,ONT,CA,AWP,WE,Towers with Radar,275,40,6,0,321,0,5,28,2,35,275,45,34,2,356,64,0,64,420
11/18/2022,ONT,CA,AWP,WE,Towers with Radar,225,44,12,0,281,0,6,38,2,46,225,50,50,2,327,34,0,34,361
11/19/2022,ONT,CA,AWP,WE,Towers with Radar,177,21,5,0,203,0,0,15,2,17,177,21,20,2,220,16,0,16,236
11/20/2022,ONT,CA,AWP,WE,Towers with Radar,184,6,4,0,194,0,1,13,0,14,184,7,17,0,208,22,0,22,230
11/21/2022,ONT,CA,AWP,WE,Towers with Radar,212,26,7,0,245,0,4,28,3,35,212,30,35,3,280,98,0,98,378
11/22/2022,ONT,CA,AWP,WE,Towers with Radar,306,37,12,0,355,0,4,23,0,27,306,41,35,0,382,14,0,14,396
11/23/2022,ONT,CA,AWP,WE,Towers with Radar,305,40,6,0,351,0,2,15,0,17,305,42,21,0,368,0,0,0,368
11/24/2022,ONT,CA,AWP,WE,Towers with Radar,129,5,3,0,137,0,0,2,0,2,129,5,5,0,139,0,0,0,139
11/25/2022,ONT,CA,AWP,WE,Towers with Radar,173,38,4,0,215,0,4,17,0,21,173,42,21,0,236,46,0,46,282
11/26/2022,ONT,CA,AWP,WE,Towers with Radar,176,22,11,0,209,0,5,17,1,23,176,27,28,1,232,12,0,12,244
11/27/2022,ONT,CA,AWP,WE,Towers with Radar,179,7,7,0,193,0,5,10,2,17,179,12,17,2,210,10,0,10,220
11/28/2022,ONT,CA,AWP,WE,Towers with Radar,220,34,11,0,265,0,2,10,11,23,220,36,21,11,288,40,0,40,328
11/29/2022,ONT,CA,AWP,WE,Towers with Radar,315,42,5,0,362,0,1,15,2,18,315,43,20,2,380,12,0,12,392
11/30/2022,ONT,CA,AWP,WE,Towers with Radar,295,40,4,0,339,0,3,16,2,21,295,43,20,2,360,20,0,20,380
12/01/2022,ONT,CA,AWP,WE,Towers with Radar,307,40,14,0,361,0,0,15,4,19,307,40,29,4,380,24,0,24,404
12/02/2022,ONT,CA,AWP,WE,Towers with Radar,227,44,6,2,279,0,0,11,2,13,227,44,17,4,292,18,0,18,310
12/03/2022,ONT,CA,AWP,WE,Towers with Radar,177,18,5,0,200,0,1,19,1,21,177,19,24,1,221,10,0,10,231
12/04/2022,ONT,CA,AWP,WE,Towers with Radar,193,8,7,0,208,0,0,5,1,6,193,8,12,1,214,0,0,0,214
12/05/2022,ONT,CA,AWP,WE,Towers with Radar,215,27,18,1,261,0,0,14,10,24,215,27,32,11,285,90,0,90,375
12/06/2022,ONT,CA,AWP,WE,Towers with Radar,300,43,9,0,352,0,0,22,5,27,300,43,31,5,379,26,0,26,405
12/07/2022,ONT,CA,AWP,WE,Towers with Radar,306,44,7,0,357,0,0,37,0,37,306,44,44,0,394,26,0,26,420
12/08/2022,ONT,CA,AWP,WE,Towers with Radar,299,39,10,0,348,0,0,27,4,31,299,39,37,4,379,14,0,14,393
12/09/2022,ONT,CA,AWP,WE,Towers with Radar,232,39,4,1,276,0,5,21,1,27,232,44,25,2,303,50,0,50,353
12/10/2022,ONT,CA,AWP,WE,Towers with Radar,176,15,11,0,202,0,0,8,4,12,176,15,19,4,214,36,0,36,250
12/11/2022,ONT,CA,AWP,WE,Towers with Radar,199,2,5,0,206,0,0,2,0,2,199,2,7,0,208,0,0,0,208
12/12/2022,ONT,CA,AWP,WE,Towers with Radar,224,39,0,0,263,0,0,0,0,0,224,39,0,0,263,0,0,0,263
12/13/2022,ONT,CA,AWP,WE,Towers with Radar,310,36,8,0,354,0,1,20,6,27,310,37,28,6,381,52,0,52,433
12/14/2022,ONT,CA,AWP,WE,Towers with Radar,312,44,4,0,360,0,1,15,3,19,312,45,19,3,379,10,0,10,389
12/15/2022,ONT,CA,AWP,WE,Towers with Radar,317,42,8,0,367,0,3,14,5,22,317,45,22,5,389,38,0,38,427
12/16/2022,ONT,CA,AWP,WE,Towers with Radar,323,37,8,0,368,0,2,20,2,24,323,39,28,2,392,16,0,16,408
12/17/2022,ONT,CA,AWP,WE,Towers with Radar,282,19,6,0,307,0,3,10,0,13,282,22,16,0,320,30,0,30,350
12/18/2022,ONT,CA,AWP,WE,Towers with Radar,239,2,13,0,254,0,0,18,0,18,239,2,31,0,272,17,0,17,289
12/19/2022,ONT,CA,AWP,WE,Towers with Radar,289,25,10,0,324,0,1,21,0,22,289,26,31,0,346,36,0,36,382
12/20/2022,ONT,CA,AWP,WE,Towers with Radar,326,46,4,0,376,0,0,29,0,29,326,46,33,0,405,24,0,24,429
12/21/2022,ONT,CA,AWP,WE,Towers with Radar,318,46,7,0,371,0,0,16,1,17,318,46,23,1,388,22,0,22,410
12/22/2022,ONT,CA,AWP,WE,Towers with Radar,309,40,9,0,358,0,2,7,0,9,309,42,16,0,367,10,0,10,377
12/23/2022,ONT,CA,AWP,WE,Towers with Radar,199,37,11,0,247,0,1,12,1,14,199,38,23,1,261,12,0,12,273
12/24/2022,ONT,CA,AWP,WE,Towers with Radar,124,16,1,0,141,0,3,10,1,14,124,19,11,1,155,2,0,2,157
12/25/2022,ONT,CA,AWP,WE,Towers with Radar,76,3,3,0,82,0,0,3,0,3,76,3,6,0,85,2,0,2,87
12/26/2022,ONT,CA,AWP,WE,Towers with Radar,105,12,3,0,120,0,0,7,1,8,105,12,10,1,128,0,0,0,128
12/27/2022,ONT,CA,AWP,WE,Towers with Radar,152,33,14,0,199,0,0,13,0,13,152,33,27,0,212,16,0,16,228
12/28/2022,ONT,CA,AWP,WE,Towers with Radar,257,55,5,0,317,0,0,2,0,2,257,55,7,0,319,0,0,0,319
12/29/2022,ONT,CA,AWP,WE,Towers with Radar,254,44,7,0,305,0,0,12,0,12,254,44,19,0,317,12,0,12,329
12/30/2022,ONT,CA,AWP,WE,Towers with Radar,221,41,8,0,270,0,0,1,0,1,221,41,9,0,271,0,0,0,271
12/31/2022,ONT,CA,AWP,WE,Towers with Radar,148,18,9,0,175,0,0,0,0,0,148,18,9,0,175,0,0,0,175
01/01/2023,ONT,CA,AWP,WE,Towers with Radar,150,3,6,0,159,0,0,2,0,2,150,3,8,0,161,0,0,0,161
01/02/2023,ONT,CA,AWP,WE,Towers with Radar,173,9,16,0,198,0,0,8,0,8,173,9,24,0,206,10,0,10,216
01/03/2023,ONT,CA,AWP,WE,Towers with Radar,210,26,2,0,238,0,0,4,0,4,210,26,6,0,242,0,0,0,242
01/04/2023,ONT,CA,AWP,WE,Towers with Radar,249,44,9,0,302,0,0,2,0,2,249,44,11,0,304,0,0,0,304
01/05/2023,ONT,CA,AWP,WE,Towers with Radar,263,41,5,0,309,0,0,0,0,0,263,41,5,0,309,0,0,0,309
01/06/2023,ONT,CA,AWP,WE,Towers with Radar,205,30,6,0,241,0,3,12,0,15,205,33,18,0,256,42,0,42,298
01/07/2023,ONT,CA,AWP,WE,Towers with Radar,160,15,10,0,185,0,5,9,0,14,160,20,19,0,199,34,0,34,233
01/08/2023,ONT,CA,AWP,WE,Towers with Radar,152,7,10,0,169,0,0,12,1,13,152,7,22,1,182,12,0,12,194
01/09/2023,ONT,CA,AWP,WE,Towers with Radar,210,24,8,0,242,0,0,1,0,1,210,24,9,0,243,0,0,0,243
01/10/2023,ONT,CA,AWP,WE,Towers with Radar,261,35,7,0,303,0,0,1,0,1,261,35,8,0,304,0,0,0,304
01/11/2023,ONT,CA,AWP,WE,Towers with Radar,236,41,10,0,287,0,1,24,0,25,236,42,34,0,312,10,0,10,322
01/12/2023,ONT,CA,AWP,WE,Towers with Radar,259,38,19,2,318,0,1,35,0,36,259,39,54,2,354,58,0,58,412
01/13/2023,ONT,CA,AWP,WE,Towers with Radar,200,35,11,0,246,0,3,11,2,16,200,38,22,2,262,5,0,5,267
01/14/2023,ONT,CA,AWP,WE,Towers with Radar,147,23,3,0,173,0,0,1,0,1,147,23,4,0,174,0,0,0,174
01/15/2023,ONT,CA,AWP,WE,Towers with Radar,146,1,1,0,148,0,0,0,0,0,146,1,1,0,148,0,0,0,148
01/16/2023,ONT,CA,AWP,WE,Towers with Radar,193,28,5,0,226,0,0,4,0,4,193,28,9,0,230,2,0,2,232
01/17/2023,ONT,CA,AWP,WE,Towers with Radar,250,40,9,0,299,0,0,24,5,29,250,40,33,5,328,40,0,40,368
01/18/2023,ONT,CA,AWP,WE,Towers with Radar,237,38,14,0,289,0,3,24,4,31,237,41,38,4,320,24,0,24,344
01/19/2023,ONT,CA,AWP,WE,Towers with Radar,252,33,7,0,292,0,2,18,6,26,252,35,25,6,318,18,0,18,336
01/20/2023,ONT,CA,AWP,WE,Towers with Radar,206,35,4,0,245,0,3,5,2,10,206,38,9,2,255,0,0,0,255
01/21/2023,ONT,CA,AWP,WE,Towers with Radar,152,14,4,0,170,0,4,18,3,25,152,18,22,3,195,18,0,18,213
01/22/2023,ONT,CA,AWP,WE,Towers with Radar,154,0,3,0,157,0,0,16,0,16,154,0,19,0,173,42,0,42,215
01/23/2023,ONT,CA,AWP,WE,Towers with Radar,185,23,2,0,210,0,0,6,0,6,185,23,8,0,216,15,0,15,231
01/24/2023,ONT,CA,AWP,WE,Towers with Radar,255,35,7,0,297,0,1,15,2,18,255,36,22,2,315,10,0,10,325
01/25/2023,ONT,CA,AWP,WE,Towers with Radar,248,36,3,0,287,0,1,12,0,13,248,37,15,0,300,2,0,2,302
01/26/2023,ONT,CA,AWP,WE,Towers with Radar,223,27,14,0,264,0,2,6,0,8,223,29,20,0,272,0,0,0,272
01/27/2023,ONT,CA,AWP,WE,Towers with Radar,203,40,5,0,248,0,1,29,1,31,203,41,34,1,279,10,0,10,289
01/28/2023,ONT,CA,AWP,WE,Towers with Radar,144,21,8,0,173,0,2,6,0,8,144,23,14,0,181,56,0,56,237
01/29/2023,ONT,CA,AWP,WE,Towers with Radar,151,3,0,0,154,0,0,3,0,3,151,3,3,0,157,0,0,0,157
01/30/2023,ONT,CA,AWP,WE,Towers with Radar,183,25,7,0,215,0,0,18,5,23,183,25,25,5,238,84,0,84,322
01/31/2023,ONT,CA,AWP,WE,Towers with Radar,227,32,13,0,272,0,1,11,0,12,227,33,24,0,284,0,0,0,284
02/01/2023,ONT,CA,AWP,WE,Towers with Radar,211,39,6,0,256,0,1,15,1,17,211,40,21,1,273,48,0,48,321
02/02/2023,ONT,CA,AWP,WE,Towers with Radar,237,32,4,0,273,0,2,27,6,35,237,34,31,6,308,138,0,138,446
02/03/2023,ONT,CA,AWP,WE,Towers with Radar,196,36,8,0,240,0,3,27,4,34,196,39,35,4,274,32,0,32,306
02/04/2023,ONT,CA,AWP,WE,Towers with Radar,141,16,6,0,163,0,4,25,6,35,141,20,31,6,198,114,0,114,312
02/05/2023,ONT,CA,AWP,WE,Towers with Radar,152,5,6,0,163,0,0,9,2,11,152,5,15,2,174,42,0,42,216
02/06/2023,ONT,CA,AWP,WE,Towers with Radar,192,25,9,0,226,0,1,12,0,13,192,26,21,0,239,26,0,26,265
02/07/2023,ONT,CA,AWP,WE,Towers with Radar,245,33,15,0,293,0,1,24,1,26,245,34,39,1,319,76,0,76,395
02/08/2023,ONT,CA,AWP,WE,Towers with Radar,241,35,22,0,298,0,1,28,4,33,241,36,50,4,331,36,0,36,367
02/09/2023,ONT,CA,AWP,WE,Towers with Radar,249,36,5,0,290,0,1,15,0,16,249,37,20,0,306,20,0,20,326
02/10/2023,ONT,CA,AWP,WE,Towers with Radar,192,44,7,0,243,0,2,20,0,22,192,46,27,0,265,4,0,4,269
02/11/2023,ONT,CA,AWP,WE,Towers with Radar,139,20,4,0,163,0,1,14,1,16,139,21,18,1,179,28,0,28,207
02/12/2023,ONT,CA,AWP,WE,Towers with Radar,149,10,5,0,164,0,2,5,0,7,149,12,10,0,171,0,0,0,171
02/13/2023,ONT,CA,AWP,WE,Towers with Radar,177,35,10,0,222,0,1,5,5,11,177,36,15,5,233,12,0,12,245
02/14/2023,ONT,CA,AWP,WE,Towers with Radar,259,40,14,2,315,0,0,8,0,8,259,40,22,2,323,0,0,0,323
02/15/2023,ONT,CA,AWP,WE,Towers with Radar,243,38,6,0,287,0,4,15,2,21,243,42,21,2,308,22,0,22,330
02/16/2023,ONT,CA,AWP,WE,Towers with Radar,251,39,9,2,301,1,3,17,7,28,252,42,26,9,329,46,0,46,375
02/17/2023,ONT,CA,AWP,WE,Towers with Radar,202,42,11,0,255,0,2,17,3,22,202,44,28,3,277,28,0,28,305
02/18/2023,ONT,CA,AWP,WE,Towers with Radar,141,22,8,0,171,0,3,19,2,24,141,25,27,2,195,26,0,26,221
02/19/2023,ONT,CA,AWP,WE,Towers with Radar,150,8,7,0,165,0,2,17,0,19,150,10,24,0,184,8,0,8,192
02/20/2023,ONT,CA,AWP,WE,Towers with Radar,185,29,12,0,226,0,0,23,0,23,185,29,35,0,249,32,0,32,281
02/21/2023,ONT,CA,AWP,WE,Towers with Radar,241,35,10,1,287,0,1,23,2,26,241,36,33,3,313,26,0,26,339
02/22/2023,ONT,CA,AWP,WE,Towers with Radar,234,40,16,4,294,0,1,5,0,6,234,41,21,4,300,0,0,0,300
02/23/2023,ONT,CA,AWP,WE,Towers with Radar,239,34,15,4,292,0,0,1,0,1,239,34,16,4,293,0,0,0,293
02/24/2023,ONT,CA,AWP,WE,Towers with Radar,216,53,19,0,288,0,0,0,0,0,216,53,19,0,288,0,0,0,288
02/25/2023,ONT,CA,AWP,WE,Towers with Radar,174,27,6,0,207,0,0,0,1,1,174,27,6,1,208,0,0,0,208
02/26/2023,ONT,CA,AWP,WE,Towers with Radar,155,21,23,1,200,0,0,1,2,3,155,21,24,3,203,8,0,8,211
02/27/2023,ONT,CA,AWP,WE,Towers with Radar,183,29,10,1,223,0,0,2,0,2,183,29,12,1,225,0,0,0,225
02/28/2023,ONT,CA,AWP,WE,Towers with Radar,235,43,12,0,290,0,0,12,2,14,235,43,24,2,304,22,0,22,326
03/01/2023,ONT,CA,AWP,WE,Towers with Radar,253,40,11,0,304,0,1,4,2,7,253,41,15,2,311,12,0,12,323
03/02/2023,ONT,CA,AWP,WE,Towers with Radar,250,39,12,0,301,0,4,16,4,24,250,43,28,4,325,22,0,22,347
03/03/2023,ONT,CA,AWP,WE,Towers with Radar,199,42,23,0,264,0,2,20,6,28,199,44,43,6,292,32,0,32,324
03/04/2023,ONT,CA,AWP,WE,Towers with Radar,148,27,7,0,182,0,0,11,5,16,148,27,18,5,198,82,0,82,280
03/05/2023,ONT,CA,AWP,WE,Towers with Radar,151,6,11,0,168,0,0,3,0,3,151,6,14,0,171,0,0,0,171
03/06/2023,ONT,CA,AWP,WE,Towers with Radar,180,30,5,0,215,0,0,9,0,9,180,30,14,0,224,4,0,4,228
03/07/2023,ONT,CA,AWP,WE,Towers with Radar,239,42,2,0,283,0,1,34,4,39,239,43,36,4,322,16,0,16,338
03/08/2023,ONT,CA,AWP,WE,Towers with Radar,241,35,6,0,282,0,1,34,7,42,241,36,40,7,324,114,0,114,438
03/09/2023,ONT,CA,AWP,WE,Towers with Radar,254,36,6,1,297,0,1,21,11,33,254,37,27,12,330,22,0,22,352
03/10/2023,ONT,CA,AWP,WE,Towers with Radar,206,40,5,0,251,0,0,1,0,1,206,40,6,0,252,0,0,0,252
03/11/2023,ONT,CA,AWP,WE,Towers with Radar,152,20,2,0,174,0,0,0,0,0,152,20,2,0,174,0,0,0,174
03/12/2023,ONT,CA,AWP,WE,Towers with Radar,142,4,5,0,151,0,0,8,0,8,142,4,13,0,159,6,0,6,165
03/13/2023,ONT,CA,AWP,WE,Towers with Radar,189,23,3,0,215,0,3,14,4,21,189,26,17,4,236,52,0,52,288
03/14/2023,ONT,CA,AWP,WE,Towers with Radar,256,64,11,0,331,0,0,2,0,2,256,64,13,0,333,0,0,0,333
03/15/2023,ONT,CA,AWP,WE,Towers with Radar,252,52,15,0,319,0,0,0,0,0,252,52,15,0,319,0,0,0,319
03/16/2023,ONT,CA,AWP,WE,Towers with Radar,251,40,10,0,301,0,0,9,2,11,251,40,19,2,312,20,0,20,332
03/17/2023,ONT,CA,AWP,WE,Towers with Radar,208,44,4,0,256,0,0,10,9,19,208,44,14,9,275,58,0,58,333
03/18/2023,ONT,CA,AWP,WE,Towers with Radar,148,21,7,0,176,0,5,12,0,17,148,26,19,0,193,6,0,6,199
03/19/2023,ONT,CA,AWP,WE,Towers with Radar,156,4,2,0,162,0,0,6,0,6,156,4,8,0,168,14,0,14,182
03/20/2023,ONT,CA,AWP,WE,Towers with Radar,185,23,5,1,214,0,0,5,0,5,185,23,10,1,219,0,0,0,219
03/21/2023,ONT,CA,AWP,WE,Towers with Radar,256,41,13,0,310,0,0,2,0,2,256,41,15,0,312,0,0,0,312
03/22/2023,ONT,CA,AWP,WE,Towers with Radar,250,40,6,0,296,0,0,1,0,1,250,40,7,0,297,0,0,0,297
03/23/2023,ONT,CA,AWP,WE,Towers with Radar,245,38,11,1,295,0,0,11,9,20,245,38,22,10,315,30,0,30,345
03/24/2023,ONT,CA,AWP,WE,Towers with Radar,206,43,12,0,261,0,4,20,2,26,206,47,32,2,287,26,0,26,313
03/25/2023,ONT,CA,AWP,WE,Towers with Radar,148,25,2,0,175,0,1,25,3,29,148,26,27,3,204,50,0,50,254
03/26/2023,ONT,CA,AWP,WE,Towers with Radar,152,12,9,0,173,0,2,12,1,15,152,14,21,1,188,28,0,28,216
03/27/2023,ONT,CA,AWP,WE,Towers with Radar,182,27,7,0,216,0,2,23,1,26,182,29,30,1,242,28,0,28,270
03/28/2023,ONT,CA,AWP,WE,Towers with Radar,244,41,13,0,298,0,3,19,2,24,244,44,32,2,322,8,0,8,330
03/29/2023,ONT,CA,AWP,WE,Towers with Radar,254,44,9,0,307,0,0,7,1,8,254,44,16,1,315,10,0,10,325
03/30/2023,ONT,CA,AWP,WE,Towers with Radar,252,41,6,0,299,0,0,10,0,10,252,41,16,0,309,0,0,0,309
03/31/2023,ONT,CA,AWP,WE,Towers with Radar,207,41,5,0,253,0,2,16,2,20,207,43,21,2,273,42,0,42,315
04/01/2023,ONT,CA,AWP,WE,Towers with Radar,143,22,5,0,170,0,2,8,0,10,143,24,13,0,180,4,0,4,184
04/02/2023,ONT,CA,AWP,WE,Towers with Radar,141,7,4,0,152,0,2,10,0,12,141,9,14,0,164,4,0,4,168
04/03/2023,ONT,CA,AWP,WE,Towers with Radar,194,31,14,0,239,0,1,6,0,7,194,32,20,0,246,0,0,0,246
04/04/2023,ONT,CA,AWP,WE,Towers with Radar,257,46,6,0,309,0,6,22,10,38,257,52,28,10,347,56,0,56,403
04/05/2023,ONT,CA,AWP,WE,Towers with Radar,250,41,13,0,304,0,2,14,0,16,250,43,27,0,320,8,0,8,328
04/06/2023,ONT,CA,AWP,WE,Towers with Radar,261,45,7,0,313,0,0,5,0,5,261,45,12,0,318,0,0,0,318
04/07/2023,ONT,CA,AWP,WE,Towers with Radar,208,37,1,0,246,0,2,21,1,24,208,39,22,1,270,8,0,8,278
04/08/2023,ONT,CA,AWP,WE,Towers with Radar,157,23,3,0,183,0,2,18,0,20,157,25,21,0,203,33,0,33,236
04/09/2023,ONT,CA,AWP,WE,Towers with Radar,158,6,3,0,167,0,0,4,0,4,158,6,7,0,171,6,0,6,177
04/10/2023,ONT,CA,AWP,WE,Towers with Radar,207,33,8,0,248,0,2,15,0,17,207,35,23,0,265,28,0,28,293
04/11/2023,ONT,CA,AWP,WE,Towers with Radar,257,39,6,0,302,0,1,14,0,15,257,40,20,0,317,2,0,2,319
04/12/2023,ONT,CA,AWP,WE,Towers with Radar,254,40,11,0,305,0,0,4,0,4,254,40,15,0,309,0,0,0,309
04/13/2023,ONT,CA,AWP,WE,Towers with Radar,252,44,19,0,315,0,0,3,0,3,252,44,22,0,318,0,0,0,318
04/14/2023,ONT,CA,AWP,WE,Towers with Radar,204,39,13,2,258,0,0,18,0,18,204,39,31,2,276,34,0,34,310
04/15/2023,ONT,CA,AWP,WE,Towers with Radar,161,19,6,0,186,0,1,27,0,28,161,20,33,0,214,20,0,20,234
04/16/2023,ONT,CA,AWP,WE,Towers with Radar,156,9,4,0,169,0,0,10,0,10,156,9,14,0,179,6,0,6,185
04/17/2023,ONT,CA,AWP,WE,Towers with Radar,188,31,11,0,230,0,2,4,2,8,188,33,15,2,238,6,0,6,244
04/18/2023,ONT,CA,AWP,WE,Towers with Radar,259,43,18,0,320,0,0,11,0,11,259,43,29,0,331,6,0,6,337
04/19/2023,ONT,CA,AWP,WE,Towers with Radar,250,45,8,0,303,0,3,25,2,30,250,48,33,2,333,18,0,18,351
04/20/2023,ONT,CA,AWP,WE,Towers with Radar,249,47,7,2,305,0,1,32,0,33,249,48,39,2,338,8,0,8,346
04/21/2023,ONT,CA,AWP,WE,Towers with Radar,215,56,8,2,281,0,4,17,1,22,215,60,25,3,303,8,0,8,311
04/22/2023,ONT,CA,AWP,WE,Towers with Radar,164,20,7,0,191,0,1,21,3,25,164,21,28,3,216,18,0,18,234
04/23/2023,ONT,CA,AWP,WE,Towers with Radar,149,11,10,1,171,0,0,10,0,10,149,11,20,1,181,0,0,0,181
04/24/2023,ONT,CA,AWP,WE,Towers with Radar,201,29,4,0,234,0,3,15,2,20,201,32,19,2,254,40,0,40,294
04/25/2023,ONT,CA,AWP,WE,Towers with Radar,242,46,13,0,301,0,0,13,0,13,242,46,26,0,314,0,0,0,314
04/26/2023,ONT,CA,AWP,WE,Towers with Radar,250,44,15,0,309,0,1,16,0,17,250,45,31,0,326,8,0,8,334
04/27/2023,ONT,CA,AWP,WE,Towers with Radar,257,49,13,0,319,0,1,35,0,36,257,50,48,0,355,18,0,18,373
04/28/2023,ONT,CA,AWP,WE,Towers with Radar,211,44,8,2,265,0,2,18,1,21,211,46,26,3,286,8,0,8,294
04/29/2023,ONT,CA,AWP,WE,Towers with Radar,169,24,6,0,199,0,0,12,2,14,169,24,18,2,213,8,0,8,221
04/30/2023,ONT,CA,AWP,WE,Towers with Radar,152,13,6,2,173,0,0,8,0,8,152,13,14,2,181,2,0,2,183
05/01/2023,ONT,CA,AWP,WE,Towers with Radar,191,25,8,0,224,0,0,12,0,12,191,25,20,0,236,32,0,32,268
05/02/2023,ONT,CA,AWP,WE,Towers with Radar,254,41,9,1,305,0,0,15,3,18,254,41,24,4,323,6,0,6,329
05/03/2023,ONT,CA,AWP,WE,Towers with Radar,250,45,14,2,311,0,1,16,7,24,250,46,30,9,335,28,0,28,363
05/04/2023,ONT,CA,AWP,WE,Towers with Radar,248,40,6,1,295,0,0,3,0,3,248,40,9,1,298,0,0,0,298
05/05/2023,ONT,CA,AWP,WE,Towers with Radar,205,42,5,0,252,0,0,14,0,14,205,42,19,0,266,22,0,22,288
05/06/2023,ONT,CA,AWP,WE,Towers with Radar,158,24,5,0,187,0,4,10,1,15,158,28,15,1,202,8,0,8,210
05/07/2023,ONT,CA,AWP,WE,Towers with Radar,146,7,3,0,156,0,0,7,0,7,146,7,10,0,163,0,0,0,163
05/08/2023,ONT,CA,AWP,WE,Towers with Radar,198,23,6,0,227,0,2,28,0,30,198,25,34,0,257,60,0,60,317
05/09/2023,ONT,CA,AWP,WE,Towers with Radar,256,41,15,0,312,0,0,15,0,15,256,41,30,0,327,14,0,14,341
05/10/2023,ONT,CA,AWP,WE,Towers with Radar,251,45,7,0,303,0,0,4,7,11,251,45,11,7,314,22,0,22,336
05/11/2023,ONT,CA,AWP,WE,Towers with Radar,260,37,11,2,310,0,0,15,0,15,260,37,26,2,325,22,0,22,347
05/12/2023,ONT,CA,AWP,WE,Towers with Radar,207,47,12,0,266,0,3,20,0,23,207,50,32,0,289,36,0,36,325
05/13/2023,ONT,CA,AWP,WE,Towers with Radar,182,23,5,0,210,0,6,13,1,20,182,29,18,1,230,16,0,16,246
05/14/2023,ONT,CA,AWP,WE,Towers with Radar,153,12,7,0,172,0,2,11,0,13,153,14,18,0,185,0,0,0,185
05/15/2023,ONT,CA,AWP,WE,Towers with Radar,190,27,3,0,220,0,3,25,1,29,190,30,28,1,249,40,0,40,289
05/16/2023,ONT,CA,AWP,WE,Towers with Radar,261,37,3,0,301,0,3,20,2,25,261,40,23,2,326,26,0,26,352
05/17/2023,ONT,CA,AWP,WE,Towers with Radar,257,43,8,0,308,0,3,26,2,31,257,46,34,2,339,72,0,72,411
05/18/2023,ONT,CA,AWP,WE,Towers with Radar,272,44,12,1,329,0,5,26,2,33,272,49,38,3,362,54,0,54,416
05/19/2023,ONT,CA,AWP,WE,Towers with Radar,207,39,11,0,257,0,4,14,4,22,207,43,25,4,279,42,0,42,321
05/20/2023,ONT,CA,AWP,WE,Towers with Radar,169,20,6,0,195,0,2,6,0,8,169,22,12,0,203,8,0,8,211
05/21/2023,ONT,CA,AWP,WE,Towers with Radar,153,0,12,0,165,0,2,7,0,9,153,2,19,0,174,28,0,28,202
05/22/2023,ONT,CA,AWP,WE,Towers with Radar,193,28,16,0,237,0,1,15,0,16,193,29,31,0,253,30,0,30,283
05/23/2023,ONT,CA,AWP,WE,Towers with Radar,257,41,13,0,311,0,0,2,0,2,257,41,15,0,313,0,0,0,313
05/24/2023,ONT,CA,AWP,WE,Towers with Radar,257,38,21,0,316,0,1,4,0,5,257,39,25,0,321,0,0,0,321
05/25/2023,ONT,CA,AWP,WE,Towers with Radar,256,45,10,0,311,0,2,18,7,27,256,47,28,7,338,30,0,30,368
05/26/2023,ONT,CA,AWP,WE,Towers with Radar,214,40,7,0,261,0,2,7,2,11,214,42,14,2,272,46,0,46,318
05/27/2023,ONT,CA,AWP,WE,Towers with Radar,161,18,4,0,183,0,3,7,0,10,161,21,11,0,193,0,0,0,193
05/28/2023,ONT,CA,AWP,WE,Towers with Radar,140,3,3,0,146,0,0,3,0,3,140,3,6,0,149,0,0,0,149
05/29/2023,ONT,CA,AWP,WE,Towers with Radar,164,12,8,0,184,0,0,9,0,9,164,12,17,0,193,0,0,0,193
05/30/2023,ONT,CA,AWP,WE,Towers with Radar,195,31,15,0,241,0,2,12,0,14,195,33,27,0,255,8,0,8,263
05/31/2023,ONT,CA,AWP,WE,Towers with Radar,255,43,11,0,309,0,0,9,0,9,255,43,20,0,318,0,0,0,318
06/01/2023,ONT,CA,AWP,WE,Towers with Radar,262,42,14,0,318,0,2,4,0,6,262,44,18,0,324,18,0,18,342
06/02/2023,ONT,CA,AWP,WE,Towers with Radar,211,34,10,0,255,0,1,8,3,12,211,35,18,3,267,40,0,40,307
06/03/2023,ONT,CA,AWP,WE,Towers with Radar,171,16,5,0,192,0,6,11,0,17,171,22,16,0,209,14,0,14,223
06/04/2023,ONT,CA,AWP,WE,Towers with Radar,173,5,2,0,180,0,2,12,0,14,173,7,14,0,194,0,0,0,194
06/05/2023,ONT,CA,AWP,WE,Towers with Radar,188,30,12,3,233,0,0,11,0,11,188,30,23,3,244,14,0,14,258
06/06/2023,ONT,CA,AWP,WE,Towers with Radar,249,44,9,4,306,0,1,20,0,21,249,45,29,4,327,10,0,10,337
06/07/2023,ONT,CA,AWP,WE,Towers with Radar,255,48,17,3,323,0,1,17,5,23,255,49,34,8,346,16,0,16,362
06/08/2023,ONT,CA,AWP,WE,Towers with Radar,254,44,9,0,307,0,1,16,0,17,254,45,25,0,324,34,0,34,358
06/09/2023,ONT,CA,AWP,WE,Towers with Radar,214,37,17,0,268,0,2,13,0,15,214,39,30,0,283,16,0,16,299
06/10/2023,ONT,CA,AWP,WE,Towers with Radar,165,19,6,0,190,0,0,2,1,3,165,19,8,1,193,0,0,0,193
06/11/2023,ONT,CA,AWP,WE,Towers with Radar,155,5,11,0,171,0,0,2,0,2,155,5,13,0,173,6,0,6,179
06/12/2023,ONT,CA,AWP,WE,Towers with Radar,187,32,3,0,222,0,2,8,0,10,187,34,11,0,232,4,0,4,236
06/13/2023,ONT,CA,AWP,WE,Towers with Radar,251,44,18,0,313,0,0,11,0,11,251,44,29,0,324,20,0,20,344
06/14/2023,ONT,CA,AWP,WE,Towers with Radar,254,40,8,2,304,0,2,6,0,8,254,42,14,2,312,0,0,0,312
06/15/2023,ONT,CA,AWP,WE,Towers with Radar,255,41,20,0,316,0,1,10,0,11,255,42,30,0,327,18,0,18,345
06/16/2023,ONT,CA,AWP,WE,Towers with Radar,213,42,9,2,266,0,1,17,0,18,213,43,26,2,284,26,0,26,310
06/17/2023,ONT,CA,AWP,WE,Towers with Radar,163,18,3,0,184,0,2,14,0,16,163,20,17,0,200,8,0,8,208
06/18/2023,ONT,CA,AWP,WE,Towers with Radar,152,6,5,0,163,0,0,8,0,8,152,6,13,0,171,10,0,10,181
06/19/2023,ONT,CA,AWP,WE,Towers with Radar,191,28,7,2,228,0,2,17,0,19,191,30,24,2,247,8,0,8,255
06/20/2023,ONT,CA,AWP,WE,Towers with Radar,244,38,13,2,297,0,2,21,0,23,244,40,34,2,320,50,0,50,370
06/21/2023,ONT,CA,AWP,WE,Towers with Radar,261,40,11,0,312,0,2,44,2,48,261,42,55,2,360,65,0,65,425
06/22/2023,ONT,CA,AWP,WE,Towers with Radar,255,42,2,0,299,0,5,23,0,28,255,47,25,0,327,20,0,20,347
06/23/2023,ONT,CA,AWP,WE,Towers with Radar,215,45,3,0,263,0,3,19,1,23,215,48,22,1,286,18,0,18,304
06/24/2023,ONT,CA,AWP,WE,Towers with Radar,163,19,5,0,187,0,2,8,4,14,163,21,13,4,201,8,0,8,209
06/25/2023,ONT,CA,AWP,WE,Towers with Radar,148,8,6,0,162,0,0,12,0,12,148,8,18,0,174,20,0,20,194
06/26/2023,ONT,CA,AWP,WE,Towers with Radar,197,27,8,0,232,0,1,13,2,16,197,28,21,2,248,16,0,16,264
06/27/2023,ONT,CA,AWP,WE,Towers with Radar,252,38,8,0,298,0,4,52,2,58,252,42,60,2,356,10,0,10,366
06/28/2023,ONT,CA,AWP,WE,Towers with Radar,265,42,21,0,328,0,1,15,0,16,265,43,36,0,344,4,0,4,348
06/29/2023,ONT,CA,AWP,WE,Towers with Radar,259,38,16,4,317,0,3,22,0,25,259,41,38,4,342,2,0,2,344
06/30/2023,ONT,CA,AWP,WE,Towers with Radar,219,31,7,0,257,0,5,16,0,21,219,36,23,0,278,20,0,20,298
07/01/2023,ONT,CA,AWP,WE,Towers with Radar,173,19,5,0,197,0,7,11,0,18,173,26,16,0,215,8,0,8,223
07/02/2023,ONT,CA,AWP,WE,Towers with Radar,157,5,4,0,166,0,0,9,0,9,157,5,13,0,175,22,0,22,197
07/03/2023,ONT,CA,AWP,WE,Towers with Radar,184,27,4,0,215,0,2,13,0,15,184,29,17,0,230,8,0,8,238
07/04/2023,ONT,CA,AWP,WE,Towers with Radar,159,4,5,0,168,0,0,11,0,11,159,4,16,0,179,0,0,0,179
07/05/2023,ONT,CA,AWP,WE,Towers with Radar,232,40,6,1,279,0,1,25,1,27,232,41,31,2,306,6,0,6,312
07/06/2023,ONT,CA,AWP,WE,Towers with Radar,267,41,2,2,312,0,2,17,1,20,267,43,19,3,332,18,0,18,350
07/07/2023,ONT,CA,AWP,WE,Towers with Radar,234,35,6,0,275,0,3,16,1,20,234,38,22,1,295,2,0,2,297
07/08/2023,ONT,CA,AWP,WE,Towers with Radar,169,19,5,2,195,0,0,9,1,10,169,19,14,3,205,24,0,24,229
07/09/2023,ONT,CA,AWP,WE,Towers with Radar,153,1,9,0,163,0,0,10,0,10,153,1,19,0,173,24,0,24,197
07/10/2023,ONT,CA,AWP,WE,Towers with Radar,197,26,7,0,230,0,2,21,0,23,197,28,28,0,253,24,0,24,277
07/11/2023,ONT,CA,AWP,WE,Towers with Radar,273,36,4,0,313,0,4,25,0,29,273,40,29,0,342,12,0,12,354
07/12/2023,ONT,CA,AWP,WE,Towers with Radar,265,39,11,0,315,0,3,18,2,23,265,42,29,2,338,16,0,16,354
07/13/2023,ONT,CA,AWP,WE,Towers with Radar,264,46,8,0,318,0,2,12,0,14,264,48,20,0,332,2,0,2,334
07/14/2023,ONT,CA,AWP,WE,Towers with Radar,234,36,6,0,276,0,5,16,8,29,234,41,22,8,305,28,0,28,333
07/15/2023,ONT,CA,AWP,WE,Towers with Radar,172,18,5,0,195,0,3,13,0,16,172,21,18,0,211,52,0,52,263
07/16/2023,ONT,CA,AWP,WE,Towers with Radar,158,3,9,0,170,0,0,13,0,13,158,3,22,0,183,2,0,2,185
07/17/2023,ONT,CA,AWP,WE,Towers with Radar,194,26,3,1,224,0,1,11,0,12,194,27,14,1,236,10,0,10,246
07/18/2023,ONT,CA,AWP,WE,Towers with Radar,255,46,6,1,308,0,1,15,2,18,255,47,21,3,326,26,0,26,352
07/19/2023,ONT,CA,AWP,WE,Towers with Radar,252,35,6,1,294,0,2,23,0,25,252,37,29,1,319,0,0,0,319
07/20/2023,ONT,CA,AWP,WE,Towers with Radar,254,52,17,0,323,0,4,13,2,19,254,56,30,2,342,22,0,22,364
07/21/2023,ONT,CA,AWP,WE,Towers with Radar,222,37,11,1,271,0,5,10,1,16,222,42,21,2,287,12,0,12,299
07/22/2023,ONT,CA,AWP,WE,Towers with Radar,168,19,6,0,193,0,4,10,0,14,168,23,16,0,207,30,0,30,237
07/23/2023,ONT,CA,AWP,WE,Towers with Radar,158,4,6,2,170,0,0,8,0,8,158,4,14,2,178,14,0,14,192
07/24/2023,ONT,CA,AWP,WE,Towers with Radar,196,36,5,0,237,0,1,15,3,19,196,37,20,3,256,26,0,26,282
07/25/2023,ONT,CA,AWP,WE,Towers with Radar,253,46,3,0,302,0,3,16,2,21,253,49,19,2,323,38,0,38,361
07/26/2023,ONT,CA,AWP,WE,Towers with Radar,240,42,8,0,290,0,2,17,2,21,240,44,25,2,311,0,0,0,311
07/27/2023,ONT,CA,AWP,WE,Towers with Radar,258,43,7,0,308,0,4,17,1,22,258,47,24,1,330,8,0,8,338
07/28/2023,ONT,CA,AWP,WE,Towers with Radar,224,34,3,0,261,0,4,29,1,34,224,38,32,1,295,41,0,41,336
07/29/2023,ONT,CA,AWP,WE,Towers with Radar,170,19,5,0,194,0,2,12,0,14,170,21,17,0,208,14,0,14,222
07/30/2023,ONT,CA,AWP,WE,Towers with Radar,154,6,4,0,164,0,0,12,0,12,154,6,16,0,176,24,0,24,200
07/31/2023,ONT,CA,AWP,WE,Towers with Radar,195,27,3,0,225,0,2,9,0,11,195,29,12,0,236,10,0,10,246
08/01/2023,ONT,CA,AWP,WE,Towers with Radar,251,36,6,0,293,0,2,18,0,20,251,38,24,0,313,20,0,20,333
08/02/2023,ONT,CA,AWP,WE,Towers with Radar,248,40,6,0,294,0,2,25,0,27,248,42,31,0,321,6,0,6,327
08/03/2023,ONT,CA,AWP,WE,Towers with Radar,251,39,7,0,297,0,2,23,0,25,251,41,30,0,322,16,0,16,338
08/04/2023,ONT,CA,AWP,WE,Towers with Radar,222,34,3,2,261,0,3,13,0,16,222,37,16,2,277,26,0,26,303
08/05/2023,ONT,CA,AWP,WE,Towers with Radar,169,21,4,0,194,0,2,15,0,17,169,23,19,0,211,30,0,30,241
08/06/2023,ONT,CA,AWP,WE,Towers with Radar,154,3,7,0,164,0,0,12,1,13,154,3,19,1,177,30,0,30,207
08/07/2023,ONT,CA,AWP,WE,Towers with Radar,189,30,3,0,222,0,2,21,0,23,189,32,24,0,245,22,0,22,267
08/08/2023,ONT,CA,AWP,WE,Towers with Radar,249,42,2,0,293,0,2,19,1,22,249,44,21,1,315,0,0,0,315
08/09/2023,ONT,CA,AWP,WE,Towers with Radar,251,44,11,0,306,0,2,37,2,41,251,46,48,2,347,48,0,48,395
08/10/2023,ONT,CA,AWP,WE,Towers with Radar,255,43,10,0,308,0,0,2,0,2,255,43,12,0,310,0,0,0,310
08/11/2023,ONT,CA,AWP,WE,Towers with Radar,227,43,10,0,280,0,1,16,0,17,227,44,26,0,297,10,0,10,307
08/12/2023,ONT,CA,AWP,WE,Towers with Radar,164,16,3,0,183,0,3,17,0,20,164,19,20,0,203,24,0,24,227
08/13/2023,ONT,CA,AWP,WE,Towers with Radar,160,11,4,1,176,0,0,11,0,11,160,11,15,1,187,18,0,18,205
08/14/2023,ONT,CA,AWP,WE,Towers with Radar,195,35,6,1,237,0,0,33,3,36,195,35,39,4,273,30,0,30,303
08/15/2023,ONT,CA,AWP,WE,Towers with Radar,255,43,3,0,301,0,2,32,0,34,255,45,35,0,335,0,0,0,335
08/16/2023,ONT,CA,AWP,WE,Towers with Radar,256,41,6,0,303,0,3,19,0,22,256,44,25,0,325,4,0,4,329
08/17/2023,ONT,CA,AWP,WE,Towers with Radar,258,45,13,0,316,0,3,29,2,34,258,48,42,2,350,6,0,6,356
08/18/2023,ONT,CA,AWP,WE,Towers with Radar,224,40,14,0,278,0,6,17,3,26,224,46,31,3,304,8,0,8,312
08/19/2023,ONT,CA,AWP,WE,Towers with Radar,171,14,10,0,195,0,3,5,2,10,171,17,15,2,205,2,0,2,207
08/20/2023,ONT,CA,AWP,WE,Towers with Radar,127,9,4,0,140,0,0,0,0,0,127,9,4,0,140,0,0,0,140
08/21/2023,ONT,CA,AWP,WE,Towers with Radar,161,31,6,0,198,0,0,14,3,17,161,31,20,3,215,2,0,2,217
08/22/2023,ONT,CA,AWP,WE,Towers with Radar,252,52,13,0,317,0,2,35,0,37,252,54,48,0,354,24,0,24,378
08/23/2023,ONT,CA,AWP,WE,Towers with Radar,257,40,12,0,309,0,2,24,0,26,257,42,36,0,335,10,0,10,345
08/24/2023,ONT,CA,AWP,WE,Towers with Radar,253,45,14,0,312,0,4,18,1,23,253,49,32,1,335,6,0,6,341
08/25/2023,ONT,CA,AWP,WE,Towers with Radar,223,37,13,0,273,0,6,26,1,33,223,43,39,1,306,6,0,6,312
08/26/2023,ONT,CA,AWP,WE,Towers with Radar,173,18,2,0,193,0,9,21,0,30,173,27,23,0,223,54,0,54,277
08/27/2023,ONT,CA,AWP,WE,Towers with Radar,181,9,5,0,195,0,0,11,0,11,181,9,16,0,206,8,0,8,214
08/28/2023,ONT,CA,AWP,WE,Towers with Radar,204,29,5,2,240,0,2,18,2,22,204,31,23,4,262,6,0,6,268
08/29/2023,ONT,CA,AWP,WE,Towers with Radar,258,42,13,2,315,0,3,26,3,32,258,45,39,5,347,22,0,22,369
08/30/2023,ONT,CA,AWP,WE,Towers with Radar,276,42,10,2,330,0,3,19,0,22,276,45,29,2,352,18,0,18,370
08/31/2023,ONT,CA,AWP,WE,Towers with Radar,268,40,5,0,313,0,5,15,1,21,268,45,20,1,334,2,0,2,336
